timestamp,ueImsi,sliceId,dTxBytes,dRxBytes,plr,resourceSharePct,dLostPackets,throughputMbps,bufferBytes
560,1,0,24448,1528,93.75,32.64,15,1.2224,136575
560,2,0,24448,1528,93.75,32.64,15,1.2224,136590
560,3,0,24448,1528,93.75,32.64,15,1.2224,136630
560,4,0,24448,1528,93.75,32.64,15,1.2224,136539
560,5,0,24448,1528,93.75,32.64,15,1.2224,136532
560,6,1,780,624,20.00,34.17,2,0.4992,87
560,7,1,780,624,20.00,34.17,2,0.4992,126
560,8,1,780,624,20.00,34.17,2,0.4992,126
560,9,1,780,624,20.00,34.17,2,0.4992,87
560,10,1,780,624,20.00,34.17,2,0.4992,87
560,11,2,16000,640,96.00,33.19,120,0.5120,91441
560,12,2,16000,768,95.20,33.19,119,0.6144,91451
560,13,2,16000,640,96.00,33.19,120,0.5120,91451
560,14,2,16000,640,96.00,33.19,120,0.5120,91452
560,15,2,16000,768,95.20,33.19,119,0.6144,91522
560,16,2,16000,768,95.20,33.19,119,0.6144,91508
560,17,2,16000,768,95.20,33.19,119,0.6144,91507
560,18,2,16000,896,94.40,33.19,118,0.7168,91523
560,19,2,16000,896,94.40,33.19,118,0.7168,91520
560,20,2,16000,896,94.40,33.19,118,0.7168,91409
