timestamp,ueImsi,sliceId,dTxBytes,dRxBytes,plr,resourceSharePct,dLostPackets,throughputMbps,bufferBytes
920,1,0,16808,3056,81.82,22.79,9,2.4448,643917
920,2,0,16808,3056,81.82,22.79,9,2.4448,643842
920,3,0,16808,1528,90.91,22.79,10,1.2224,643971
920,4,0,16808,1528,90.91,22.79,10,1.2224,643953
920,5,0,16808,3056,81.82,22.79,9,2.4448,643946
920,6,1,390,468,0.00,49.66,0,0.3744,87
920,7,1,390,468,0.00,49.66,0,0.3744,87
920,8,1,390,468,0.00,49.66,0,0.3744,87
920,9,1,390,468,0.00,49.66,0,0.3744,87
920,10,1,390,468,0.00,49.66,0,0.3744,87
920,11,2,256,384,0.00,27.55,0,0.3072,137
920,12,2,256,384,0.00,27.55,0,0.3072,137
920,13,2,256,384,0.00,27.55,0,0.3072,137
920,14,2,256,384,0.00,27.55,0,0.3072,137
920,15,2,256,384,0.00,27.55,0,0.3072,137
920,16,2,256,384,0.00,27.55,0,0.3072,137
920,17,2,256,384,0.00,27.55,0,0.3072,137
920,18,2,256,384,0.00,27.55,0,0.3072,137
920,19,2,256,384,0.00,27.55,0,0.3072,137
920,20,2,256,384,0.00,27.55,0,0.3072,137
