timestamp,ueImsi,sliceId,dTxBytes,dRxBytes,plr,resourceSharePct,dLostPackets,throughputMbps,bufferBytes
640,1,0,25976,1528,94.12,21.18,16,1.2224,320288
640,2,0,25976,1528,94.12,21.18,16,1.2224,320216
640,3,0,25976,1528,94.12,21.18,16,1.2224,320204
640,4,0,25976,1528,94.12,21.18,16,1.2224,320283
640,5,0,25976,1528,94.12,21.18,16,1.2224,320280
640,6,1,390,468,0.00,41.93,0,0.3744,87
640,7,1,390,468,0.00,41.93,0,0.3744,87
640,8,1,390,468,0.00,41.93,0,0.3744,87
640,9,1,390,468,0.00,41.93,0,0.3744,87
640,10,1,390,468,0.00,41.93,0,0.3744,87
640,11,2,16000,1024,93.60,36.89,117,0.8192,213823
640,12,2,16000,1152,92.80,36.89,116,0.9216,213820
640,13,2,16000,1024,93.60,36.89,117,0.8192,213827
640,14,2,16000,1024,93.60,36.89,117,0.8192,213840
640,15,2,16000,1024,93.60,36.89,117,0.8192,213910
640,16,2,16000,896,94.40,36.89,118,0.7168,213882
640,17,2,16000,1024,93.60,36.89,117,0.8192,213840
640,18,2,16000,1024,93.60,36.89,117,0.8192,213889
640,19,2,16000,1024,93.60,36.89,117,0.8192,213801
640,20,2,16000,1024,93.60,36.89,117,0.8192,213992
