timestamp,ueImsi,sliceId,dTxBytes,dRxBytes,plr,resourceSharePct,dLostPackets,throughputMbps,bufferBytes
780,1,0,25976,1528,94.12,25.97,16,1.2224,649192
780,2,0,25976,1528,94.12,25.97,16,1.2224,649049
780,3,0,25976,1528,94.12,25.97,16,1.2224,649070
780,4,0,25976,1528,94.12,25.97,16,1.2224,649084
780,5,0,25976,1528,94.12,25.97,16,1.2224,649067
780,6,1,390,468,0.00,51.89,0,0.3744,87
780,7,1,390,468,0.00,51.89,0,0.3744,87
780,8,1,390,468,0.00,51.89,0,0.3744,87
780,9,1,390,468,0.00,51.89,0,0.3744,87
780,10,1,390,468,0.00,51.89,0,0.3744,87
780,11,2,16000,896,94.40,22.14,118,0.7168,427042
780,12,2,16000,896,94.40,22.14,118,0.7168,427015
780,13,2,16000,896,94.40,22.14,118,0.7168,427007
780,14,2,16000,1024,93.60,22.14,117,0.8192,426960
780,15,2,16000,1024,93.60,22.14,117,0.8192,427037
780,16,2,16000,1024,93.60,22.14,117,0.8192,427031
780,17,2,16000,1152,92.80,22.14,116,0.9216,427058
780,18,2,16000,1024,93.60,22.14,117,0.8192,427042
780,19,2,16000,1024,93.60,22.14,117,0.8192,427016
780,20,2,16000,1152,92.80,22.14,116,0.9216,427039
