timestamp,ueImsi,sliceId,dTxBytes,dRxBytes,plr,resourceSharePct,dLostPackets,throughputMbps,bufferBytes
1510,1,0,18336,0,100.00,45.61,12,0.0000,1678738
1510,2,0,18336,3056,83.33,45.61,10,2.4448,1482050
1510,3,0,18336,4584,75.00,45.61,9,3.6672,1181072
1510,4,0,18336,1528,91.67,45.61,11,1.2224,1348464
1510,5,0,18336,0,100.00,45.61,12,0.0000,1728851
1510,6,1,390,390,0.00,24.44,0,0.3120,87
1510,7,1,390,0,100.00,24.44,5,0.0000,2536
1510,8,1,390,390,0.00,24.44,0,0.3120,87
1510,9,1,390,234,40.00,24.44,2,0.1872,169
1510,10,1,390,312,20.00,24.44,1,0.2496,907
1510,11,2,384,256,33.33,29.95,1,0.2048,137
1510,12,2,384,256,33.33,29.95,1,0.2048,137
1510,13,2,384,256,33.33,29.95,1,0.2048,137
1510,14,2,384,256,33.33,29.95,1,0.2048,137
1510,15,2,384,256,33.33,29.95,1,0.2048,85
1510,16,2,384,0,100.00,29.95,3,0.0000,797
1510,17,2,384,256,33.33,29.95,1,0.2048,137
1510,18,2,384,0,100.00,29.95,3,0.0000,856
1510,19,2,384,256,33.33,29.95,1,0.2048,137
1510,20,2,384,256,33.33,29.95,1,0.2048,137
