timestamp,ueImsi,sliceId,dTxBytes,dRxBytes,plr,resourceSharePct,dLostPackets,throughputMbps,bufferBytes
670,1,0,18336,4584,75.00,24.75,9,3.6672,248395
670,2,0,18336,4584,75.00,24.75,9,3.6672,248370
670,3,0,18336,4584,75.00,24.75,9,3.6672,248448
670,4,0,18336,3056,83.33,24.75,10,2.4448,248366
670,5,0,18336,3056,83.33,24.75,10,2.4448,248376
670,6,1,390,390,0.00,29.76,0,0.3120,87
670,7,1,390,390,0.00,29.76,0,0.3120,87
670,8,1,390,390,0.00,29.76,0,0.3120,87
670,9,1,390,390,0.00,29.76,0,0.3120,87
670,10,1,390,390,0.00,29.76,0,0.3120,87
670,11,2,384,512,0.00,45.50,0,0.4096,137
670,12,2,384,512,0.00,45.50,0,0.4096,137
670,13,2,384,384,0.00,45.50,0,0.3072,137
670,14,2,384,384,0.00,45.50,0,0.3072,137
670,15,2,384,384,0.00,45.50,0,0.3072,137
670,16,2,384,512,0.00,45.50,0,0.4096,137
670,17,2,384,384,0.00,45.50,0,0.3072,137
670,18,2,384,384,0.00,45.50,0,0.3072,137
670,19,2,384,384,0.00,45.50,0,0.3072,137
670,20,2,384,512,0.00,45.50,0,0.4096,137
