timestamp,ueImsi,sliceId,dTxBytes,dRxBytes,plr,resourceSharePct,dLostPackets,throughputMbps,bufferBytes
560,1,0,24448,1528,93.75,21.66,15,1.2224,135693
560,2,0,24448,1528,93.75,21.66,15,1.2224,135702
560,3,0,24448,1528,93.75,21.66,15,1.2224,135665
560,4,0,24448,1528,93.75,21.66,15,1.2224,135673
560,5,0,24448,1528,93.75,21.66,15,1.2224,135658
560,6,1,780,624,20.00,60.00,2,0.4992,87
560,7,1,780,624,20.00,60.00,2,0.4992,87
560,8,1,780,624,20.00,60.00,2,0.4992,87
560,9,1,780,624,20.00,60.00,2,0.4992,87
560,10,1,780,624,20.00,60.00,2,0.4992,87
560,11,2,16000,512,96.80,18.34,121,0.4096,91539
560,12,2,16000,512,96.80,18.34,121,0.4096,91538
560,13,2,16000,384,97.60,18.34,122,0.3072,91532
560,14,2,16000,384,97.60,18.34,122,0.3072,91540
560,15,2,16000,384,97.60,18.34,122,0.3072,91605
560,16,2,16000,384,97.60,18.34,122,0.3072,91323
560,17,2,16000,384,97.60,18.34,122,0.3072,91324
560,18,2,16000,384,97.60,18.34,122,0.3072,91324
560,19,2,16000,384,97.60,18.34,122,0.3072,91321
560,20,2,16000,384,97.60,18.34,122,0.3072,91321
