timestamp,ueImsi,sliceId,dTxBytes,dRxBytes,plr,resourceSharePct,dLostPackets,throughputMbps,bufferBytes
560,1,0,24448,1528,93.75,36.67,15,1.2224,136373
560,2,0,24448,1528,93.75,36.67,15,1.2224,135133
560,3,0,24448,1528,93.75,36.67,15,1.2224,134852
560,4,0,24448,1528,93.75,36.67,15,1.2224,134457
560,5,0,24448,1528,93.75,36.67,15,1.2224,134453
560,6,1,390,312,20.00,45.00,1,0.2496,169
560,7,1,390,312,20.00,45.00,1,0.2496,169
560,8,1,390,312,20.00,45.00,1,0.2496,169
560,9,1,390,312,20.00,45.00,1,0.2496,169
560,10,1,390,312,20.00,45.00,1,0.2496,169
560,11,2,16000,512,96.80,18.34,121,0.4096,91094
560,12,2,16000,512,96.80,18.34,121,0.4096,91385
560,13,2,16000,640,96.00,18.34,120,0.5120,90994
560,14,2,16000,640,96.00,18.34,120,0.5120,90904
560,15,2,16000,640,96.00,18.34,120,0.5120,90965
560,16,2,16000,640,96.00,18.34,120,0.5120,90477
560,17,2,16000,768,95.20,18.34,119,0.6144,90467
560,18,2,16000,640,96.00,18.34,120,0.5120,90376
560,19,2,16000,640,96.00,18.34,120,0.5120,89691
560,20,2,16000,640,96.00,18.34,120,0.5120,89691
