timestamp,ueImsi,sliceId,dTxBytes,dRxBytes,plr,resourceSharePct,dLostPackets,throughputMbps,bufferBytes,dlBufferBytes,ulBufferBytes,macBufferBytes,congestionPct,lastDrlActionStatus
9900,1,0,128736,0,100.00,32.18,112,0.0000,1199906,79205,1199906,1279111,12.20,applied
9900,2,0,128736,55260,59.82,32.18,67,4.4208,1199932,79205,1199932,1279137,12.20,applied
9900,3,0,128736,25788,81.25,32.18,91,2.0630,1199799,79205,1199799,1279004,12.20,applied
9900,4,0,128736,0,100.00,32.18,112,0.0000,34,79205,34,79239,0.76,applied
9900,5,0,128736,126484,8.04,32.18,9,10.1187,34,79205,34,79239,0.76,applied
9900,6,1,0,0,0.00,40.74,0,0.0000,34,0,34,34,0.00,applied
9900,7,1,0,0,0.00,40.74,0,0.0000,34,0,34,34,0.00,applied
9900,8,1,0,0,0.00,40.74,0,0.0000,34,0,34,34,0.00,applied
9900,9,1,0,0,0.00,40.74,0,0.0000,34,0,34,34,0.00,applied
9900,10,1,0,0,0.00,40.74,0,0.0000,34,0,34,34,0.00,applied
9900,11,1,0,0,0.00,40.74,0,0.0000,34,0,34,34,0.00,applied
9900,12,1,0,0,0.00,40.74,0,0.0000,34,0,34,34,0.00,applied
9900,13,1,0,0,0.00,40.74,0,0.0000,34,0,34,34,0.00,applied
9900,14,2,65200,940,90.00,27.08,45,0.0752,4792909,4792909,51,4792960,45.71,applied
9900,15,2,65200,0,100.00,27.08,50,0.0000,4792909,4792909,51,4792960,45.71,applied
9900,16,2,65200,940,90.00,27.08,45,0.0752,4792909,4792909,51,4792960,45.71,applied
9900,17,2,65200,0,100.00,27.08,50,0.0000,4794077,4794077,51,4794128,45.72,applied
9900,18,2,65200,0,100.00,27.08,50,0.0000,4792909,4792909,51,4792960,45.71,applied
