timestamp,sliceId,dedicatedPRB,minPRB,maxPRB
510,0,41.02789698630901,41.02789698630901,100.0
510,1,34.99158446653705,34.99158446653705,100.0
510,2,23.980518547153945,23.980518547153945,100.0
520,0,28.483116431448625,28.483116431448625,100.0
520,1,38.773070045748675,38.773070045748675,100.0
520,2,32.743813522802704,32.743813522802704,100.0
530,0,33.10624090343796,33.10624090343796,100.0
530,1,34.31521028064491,34.31521028064491,100.0
530,2,32.578548815917145,32.578548815917145,100.0
540,0,41.000989214558956,41.000989214558956,100.0
540,1,27.42969288876641,27.42969288876641,100.0
540,2,31.569317896674637,31.569317896674637,100.0
550,0,35.41203273160865,35.41203273160865,100.0
550,1,29.53570658583473,29.53570658583473,100.0
550,2,35.05226068255662,35.05226068255662,100.0
