callId,timeMs,scenario,slot,bwpId,beamId,sliceId,rnti,bufQueueSize,dlTbSizeBefore,hasDemand,demandPassed,rbgAllocated,uniqueRbgs,tbSizeBytes,mcs,rank,numRbPerRbg,reason
1,504,greenran_normal,0,0,65535_65535,2,64,1437,0,1,1,0,0,0,15,1,1,pre_allocation
1,504,greenran_normal,0,0,65535_65535,2,64,1437,32,1,1,1,1,32,15,1,1,allocated
1,504,greenran_normal,0,0,65535_65535,2,63,1437,0,1,1,0,0,0,15,1,1,pre_allocation
1,504,greenran_normal,0,0,65535_65535,2,63,1437,32,1,1,1,1,32,15,1,1,allocated
1,504,greenran_normal,0,0,65535_65535,2,62,1437,0,1,1,0,0,0,15,1,1,pre_allocation
1,504,greenran_normal,0,0,65535_65535,2,62,1437,32,1,1,1,1,32,15,1,1,allocated
1,504,greenran_normal,0,0,65535_65535,2,61,1437,0,1,1,0,0,0,15,1,1,pre_allocation
1,504,greenran_normal,0,0,65535_65535,2,61,1437,32,1,1,1,1,32,15,1,1,allocated
1,504,greenran_normal,0,0,65535_65535,2,60,1437,0,1,1,0,0,0,15,1,1,pre_allocation
1,504,greenran_normal,0,0,65535_65535,2,60,1437,32,1,1,1,1,32,15,1,1,allocated
1,504,greenran_normal,0,0,65535_65535,2,35,1437,0,1,1,0,0,0,15,1,1,pre_allocation
1,504,greenran_normal,0,0,65535_65535,2,35,1437,32,1,1,1,1,32,15,1,1,allocated
1,504,greenran_normal,0,0,65535_65535,2,36,1437,0,1,1,0,0,0,15,1,1,pre_allocation
1,504,greenran_normal,0,0,65535_65535,2,36,1437,32,1,1,1,1,32,15,1,1,allocated
1,504,greenran_normal,0,0,65535_65535,2,37,1437,0,1,1,0,0,0,15,1,1,pre_allocation
1,504,greenran_normal,0,0,65535_65535,2,37,1437,32,1,1,1,1,32,15,1,1,allocated
1,504,greenran_normal,0,0,65535_65535,2,38,1437,0,1,1,0,0,0,15,1,1,pre_allocation
1,504,greenran_normal,0,0,65535_65535,2,38,1437,32,1,1,1,1,32,15,1,1,allocated
1,504,greenran_normal,0,0,65535_65535,2,39,1437,0,1,1,0,0,0,15,1,1,pre_allocation
1,504,greenran_normal,0,0,65535_65535,2,39,1437,32,1,1,1,1,32,15,1,1,allocated
1,504,greenran_normal,0,0,65535_65535,2,40,1437,0,1,1,0,0,0,15,1,1,pre_allocation
1,504,greenran_normal,0,0,65535_65535,2,40,1437,32,1,1,1,1,32,15,1,1,allocated
1,504,greenran_normal,0,0,65535_65535,2,41,1437,0,1,1,0,0,0,15,1,1,pre_allocation
1,504,greenran_normal,0,0,65535_65535,2,41,1437,32,1,1,1,1,32,15,1,1,allocated
1,504,greenran_normal,0,0,65535_65535,2,42,1437,0,1,1,0,0,0,15,1,1,pre_allocation
1,504,greenran_normal,0,0,65535_65535,2,42,1437,32,1,1,1,1,32,15,1,1,allocated
1,504,greenran_normal,0,0,65535_65535,2,43,1437,0,1,1,0,0,0,15,1,1,pre_allocation
1,504,greenran_normal,0,0,65535_65535,2,43,1437,32,1,1,1,1,32,15,1,1,allocated
1,504,greenran_normal,0,0,65535_65535,2,44,1437,0,1,1,0,0,0,15,1,1,pre_allocation
1,504,greenran_normal,0,0,65535_65535,2,44,1437,32,1,1,1,1,32,15,1,1,allocated
1,504,greenran_normal,0,0,65535_65535,2,55,1437,0,1,1,0,0,0,15,1,1,pre_allocation
1,504,greenran_normal,0,0,65535_65535,2,55,1437,32,1,1,1,1,32,15,1,1,allocated
1,504,greenran_normal,0,0,65535_65535,2,56,1437,0,1,1,0,0,0,15,1,1,pre_allocation
1,504,greenran_normal,0,0,65535_65535,2,56,1437,32,1,1,1,1,32,15,1,1,allocated
1,504,greenran_normal,0,0,65535_65535,2,57,1437,0,1,1,0,0,0,15,1,1,pre_allocation
1,504,greenran_normal,0,0,65535_65535,2,57,1437,32,1,1,1,1,32,15,1,1,allocated
1,504,greenran_normal,0,0,65535_65535,2,58,1437,0,1,1,0,0,0,15,1,1,pre_allocation
1,504,greenran_normal,0,0,65535_65535,2,58,1437,32,1,1,1,1,32,15,1,1,allocated
1,504,greenran_normal,0,0,65535_65535,2,59,1437,0,1,1,0,0,0,15,1,1,pre_allocation
1,504,greenran_normal,0,0,65535_65535,2,59,1437,32,1,1,1,1,32,15,1,1,allocated
1,504,greenran_normal,0,0,65535_65535,2,64,1437,32,1,1,0,1,0,15,1,1,pre_allocation
1,504,greenran_normal,0,0,65535_65535,2,64,1437,68,1,1,1,2,68,15,1,1,allocated
1,504,greenran_normal,0,0,65535_65535,2,63,1437,32,1,1,0,1,0,15,1,1,pre_allocation
1,504,greenran_normal,0,0,65535_65535,2,63,1437,68,1,1,1,2,68,15,1,1,allocated
1,504,greenran_normal,0,0,65535_65535,2,62,1437,32,1,1,0,1,0,15,1,1,pre_allocation
1,504,greenran_normal,0,0,65535_65535,2,62,1437,68,1,1,1,2,68,15,1,1,allocated
1,504,greenran_normal,0,0,65535_65535,2,61,1437,32,1,1,0,1,0,15,1,1,pre_allocation
1,504,greenran_normal,0,0,65535_65535,2,61,1437,68,1,1,1,2,68,15,1,1,allocated
1,504,greenran_normal,0,0,65535_65535,2,60,1437,32,1,1,0,1,0,15,1,1,pre_allocation
1,504,greenran_normal,0,0,65535_65535,2,60,1437,68,1,1,1,2,68,15,1,1,allocated
1,504,greenran_normal,0,0,65535_65535,2,35,1437,32,1,1,0,1,0,15,1,1,pre_allocation
1,504,greenran_normal,0,0,65535_65535,2,35,1437,68,1,1,1,2,68,15,1,1,allocated
1,504,greenran_normal,0,0,65535_65535,2,36,1437,32,1,1,0,1,0,15,1,1,pre_allocation
1,504,greenran_normal,0,0,65535_65535,2,36,1437,68,1,1,1,2,68,15,1,1,allocated
1,504,greenran_normal,0,0,65535_65535,2,37,1437,32,1,1,0,1,0,15,1,1,pre_allocation
1,504,greenran_normal,0,0,65535_65535,2,37,1437,68,1,1,1,2,68,15,1,1,allocated
1,504,greenran_normal,0,0,65535_65535,2,38,1437,32,1,1,0,1,0,15,1,1,pre_allocation
1,504,greenran_normal,0,0,65535_65535,2,38,1437,68,1,1,1,2,68,15,1,1,allocated
1,504,greenran_normal,0,0,65535_65535,2,39,1437,32,1,1,0,1,0,15,1,1,pre_allocation
1,504,greenran_normal,0,0,65535_65535,2,39,1437,68,1,1,1,2,68,15,1,1,allocated
1,504,greenran_normal,0,0,65535_65535,2,40,1437,32,1,1,0,1,0,15,1,1,pre_allocation
1,504,greenran_normal,0,0,65535_65535,2,40,1437,68,1,1,1,2,68,15,1,1,allocated
1,504,greenran_normal,0,0,65535_65535,2,41,1437,32,1,1,0,1,0,15,1,1,pre_allocation
1,504,greenran_normal,0,0,65535_65535,2,41,1437,68,1,1,1,2,68,15,1,1,allocated
1,504,greenran_normal,0,0,65535_65535,2,42,1437,32,1,1,0,1,0,15,1,1,pre_allocation
1,504,greenran_normal,0,0,65535_65535,2,42,1437,68,1,1,1,2,68,15,1,1,allocated
1,504,greenran_normal,0,0,65535_65535,2,43,1437,32,1,1,0,1,0,15,1,1,pre_allocation
1,504,greenran_normal,0,0,65535_65535,2,43,1437,68,1,1,1,2,68,15,1,1,allocated
1,504,greenran_normal,0,0,65535_65535,2,44,1437,32,1,1,0,1,0,15,1,1,pre_allocation
1,504,greenran_normal,0,0,65535_65535,2,44,1437,68,1,1,1,2,68,15,1,1,allocated
1,504,greenran_normal,0,0,65535_65535,2,55,1437,32,1,1,0,1,0,15,1,1,pre_allocation
1,504,greenran_normal,0,0,65535_65535,2,55,1437,68,1,1,1,2,68,15,1,1,allocated
1,504,greenran_normal,0,0,65535_65535,2,56,1437,32,1,1,0,1,0,15,1,1,pre_allocation
1,504,greenran_normal,0,0,65535_65535,2,56,1437,68,1,1,1,2,68,15,1,1,allocated
1,504,greenran_normal,0,0,65535_65535,2,57,1437,32,1,1,0,1,0,15,1,1,pre_allocation
1,504,greenran_normal,0,0,65535_65535,2,57,1437,68,1,1,1,2,68,15,1,1,allocated
1,504,greenran_normal,0,0,65535_65535,2,58,1437,32,1,1,0,1,0,15,1,1,pre_allocation
1,504,greenran_normal,0,0,65535_65535,2,58,1437,68,1,1,1,2,68,15,1,1,allocated
1,504,greenran_normal,0,0,65535_65535,2,59,1437,32,1,1,0,1,0,15,1,1,pre_allocation
1,504,greenran_normal,0,0,65535_65535,2,59,1437,68,1,1,1,2,68,15,1,1,allocated
1,504,greenran_normal,0,0,65535_65535,2,64,1437,68,1,1,0,2,0,15,1,1,pre_allocation
1,504,greenran_normal,0,0,65535_65535,2,64,1437,103,1,1,1,3,103,15,1,1,allocated
1,504,greenran_normal,0,0,65535_65535,2,63,1437,68,1,1,0,2,0,15,1,1,pre_allocation
1,504,greenran_normal,0,0,65535_65535,2,63,1437,103,1,1,1,3,103,15,1,1,allocated
1,504,greenran_normal,0,0,65535_65535,2,62,1437,68,1,1,0,2,0,15,1,1,pre_allocation
1,504,greenran_normal,0,0,65535_65535,2,62,1437,103,1,1,1,3,103,15,1,1,allocated
1,504,greenran_normal,0,0,65535_65535,2,61,1437,68,1,1,0,2,0,15,1,1,pre_allocation
1,504,greenran_normal,0,0,65535_65535,2,61,1437,103,1,1,1,3,103,15,1,1,allocated
1,504,greenran_normal,0,0,65535_65535,2,60,1437,68,1,1,0,2,0,15,1,1,pre_allocation
1,504,greenran_normal,0,0,65535_65535,2,60,1437,103,1,1,1,3,103,15,1,1,allocated
1,504,greenran_normal,0,0,65535_65535,2,35,1437,68,1,1,0,2,0,15,1,1,pre_allocation
1,504,greenran_normal,0,0,65535_65535,2,35,1437,103,1,1,1,3,103,15,1,1,allocated
1,504,greenran_normal,0,0,65535_65535,2,36,1437,68,1,1,0,2,0,15,1,1,pre_allocation
1,504,greenran_normal,0,0,65535_65535,2,36,1437,103,1,1,1,3,103,15,1,1,allocated
1,504,greenran_normal,0,0,65535_65535,2,37,1437,68,1,1,0,2,0,15,1,1,pre_allocation
1,504,greenran_normal,0,0,65535_65535,2,37,1437,103,1,1,1,3,103,15,1,1,allocated
1,504,greenran_normal,0,0,65535_65535,2,38,1437,68,1,1,0,2,0,15,1,1,pre_allocation
1,504,greenran_normal,0,0,65535_65535,2,38,1437,103,1,1,1,3,103,15,1,1,allocated
1,504,greenran_normal,0,0,65535_65535,2,39,1437,68,1,1,0,2,0,15,1,1,pre_allocation
1,504,greenran_normal,0,0,65535_65535,2,39,1437,103,1,1,1,3,103,15,1,1,allocated
1,504,greenran_normal,0,0,65535_65535,2,40,1437,68,1,1,0,2,0,15,1,1,pre_allocation
1,504,greenran_normal,0,0,65535_65535,2,40,1437,103,1,1,1,3,103,15,1,1,allocated
1,504,greenran_normal,0,0,65535_65535,2,41,1437,68,1,1,0,2,0,15,1,1,pre_allocation
1,504,greenran_normal,0,0,65535_65535,2,41,1437,103,1,1,1,3,103,15,1,1,allocated
1,504,greenran_normal,0,0,65535_65535,2,42,1437,68,1,1,0,2,0,15,1,1,pre_allocation
1,504,greenran_normal,0,0,65535_65535,2,42,1437,103,1,1,1,3,103,15,1,1,allocated
1,504,greenran_normal,0,0,65535_65535,2,43,1437,68,1,1,0,2,0,15,1,1,pre_allocation
1,504,greenran_normal,0,0,65535_65535,2,43,1437,103,1,1,1,3,103,15,1,1,allocated
1,504,greenran_normal,0,0,65535_65535,2,44,1437,68,1,1,0,2,0,15,1,1,pre_allocation
1,504,greenran_normal,0,0,65535_65535,2,44,1437,103,1,1,1,3,103,15,1,1,allocated
1,504,greenran_normal,0,0,65535_65535,2,55,1437,68,1,1,0,2,0,15,1,1,pre_allocation
1,504,greenran_normal,0,0,65535_65535,2,55,1437,103,1,1,1,3,103,15,1,1,allocated
1,504,greenran_normal,0,0,65535_65535,2,56,1437,68,1,1,0,2,0,15,1,1,pre_allocation
1,504,greenran_normal,0,0,65535_65535,2,56,1437,103,1,1,1,3,103,15,1,1,allocated
1,504,greenran_normal,0,0,65535_65535,2,57,1437,68,1,1,0,2,0,15,1,1,pre_allocation
1,504,greenran_normal,0,0,65535_65535,2,57,1437,103,1,1,1,3,103,15,1,1,allocated
1,504,greenran_normal,0,0,65535_65535,2,58,1437,68,1,1,0,2,0,15,1,1,pre_allocation
1,504,greenran_normal,0,0,65535_65535,2,58,1437,103,1,1,1,3,103,15,1,1,allocated
1,504,greenran_normal,0,0,65535_65535,2,59,1437,68,1,1,0,2,0,15,1,1,pre_allocation
1,504,greenran_normal,0,0,65535_65535,2,59,1437,103,1,1,1,3,103,15,1,1,allocated
1,504,greenran_normal,0,0,65535_65535,2,64,1437,103,1,1,0,3,0,15,1,1,pre_allocation
1,504,greenran_normal,0,0,65535_65535,2,64,1437,139,1,1,1,4,139,15,1,1,allocated
1,504,greenran_normal,0,0,65535_65535,2,63,1437,103,1,1,0,3,0,15,1,1,pre_allocation
1,504,greenran_normal,0,0,65535_65535,2,63,1437,139,1,1,1,4,139,15,1,1,allocated
1,504,greenran_normal,0,0,65535_65535,2,62,1437,103,1,1,0,3,0,15,1,1,pre_allocation
1,504,greenran_normal,0,0,65535_65535,2,62,1437,139,1,1,1,4,139,15,1,1,allocated
1,504,greenran_normal,0,0,65535_65535,2,61,1437,103,1,1,0,3,0,15,1,1,pre_allocation
1,504,greenran_normal,0,0,65535_65535,2,61,1437,139,1,1,1,4,139,15,1,1,allocated
1,504,greenran_normal,0,0,65535_65535,2,60,1437,103,1,1,0,3,0,15,1,1,pre_allocation
1,504,greenran_normal,0,0,65535_65535,2,60,1437,139,1,1,1,4,139,15,1,1,allocated
1,504,greenran_normal,0,0,65535_65535,2,35,1437,103,1,1,0,3,0,15,1,1,pre_allocation
1,504,greenran_normal,0,0,65535_65535,2,35,1437,139,1,1,1,4,139,15,1,1,allocated
1,504,greenran_normal,0,0,65535_65535,2,36,1437,103,1,1,0,3,0,15,1,1,pre_allocation
1,504,greenran_normal,0,0,65535_65535,2,36,1437,139,1,1,1,4,139,15,1,1,allocated
1,504,greenran_normal,0,0,65535_65535,2,37,1437,103,1,1,0,3,0,15,1,1,pre_allocation
1,504,greenran_normal,0,0,65535_65535,2,37,1437,139,1,1,1,4,139,15,1,1,allocated
1,504,greenran_normal,0,0,65535_65535,2,38,1437,103,1,1,0,3,0,15,1,1,pre_allocation
1,504,greenran_normal,0,0,65535_65535,2,38,1437,139,1,1,1,4,139,15,1,1,allocated
1,504,greenran_normal,0,0,65535_65535,2,39,1437,103,1,1,0,3,0,15,1,1,pre_allocation
1,504,greenran_normal,0,0,65535_65535,2,39,1437,139,1,1,1,4,139,15,1,1,allocated
1,504,greenran_normal,0,0,65535_65535,2,40,1437,103,1,1,0,3,0,15,1,1,pre_allocation
1,504,greenran_normal,0,0,65535_65535,2,40,1437,139,1,1,1,4,139,15,1,1,allocated
1,504,greenran_normal,0,0,65535_65535,2,41,1437,103,1,1,0,3,0,15,1,1,pre_allocation
1,504,greenran_normal,0,0,65535_65535,2,41,1437,139,1,1,1,4,139,15,1,1,allocated
1,504,greenran_normal,0,0,65535_65535,2,42,1437,103,1,1,0,3,0,15,1,1,pre_allocation
1,504,greenran_normal,0,0,65535_65535,2,42,1437,139,1,1,1,4,139,15,1,1,allocated
1,504,greenran_normal,0,0,65535_65535,2,43,1437,103,1,1,0,3,0,15,1,1,pre_allocation
1,504,greenran_normal,0,0,65535_65535,2,43,1437,139,1,1,1,4,139,15,1,1,allocated
1,504,greenran_normal,0,0,65535_65535,2,44,1437,103,1,1,0,3,0,15,1,1,pre_allocation
1,504,greenran_normal,0,0,65535_65535,2,44,1437,139,1,1,1,4,139,15,1,1,allocated
1,504,greenran_normal,0,0,65535_65535,2,55,1437,103,1,1,0,3,0,15,1,1,pre_allocation
1,504,greenran_normal,0,0,65535_65535,2,55,1437,139,1,1,1,4,139,15,1,1,allocated
1,504,greenran_normal,0,0,65535_65535,2,56,1437,103,1,1,0,3,0,15,1,1,pre_allocation
1,504,greenran_normal,0,0,65535_65535,2,56,1437,139,1,1,1,4,139,15,1,1,allocated
1,504,greenran_normal,0,0,65535_65535,2,57,1437,103,1,1,0,3,0,15,1,1,pre_allocation
1,504,greenran_normal,0,0,65535_65535,2,57,1437,139,1,1,1,4,139,15,1,1,allocated
1,504,greenran_normal,0,0,65535_65535,2,58,1437,103,1,1,0,3,0,15,1,1,pre_allocation
1,504,greenran_normal,0,0,65535_65535,2,58,1437,139,1,1,1,4,139,15,1,1,allocated
1,504,greenran_normal,0,0,65535_65535,2,59,1437,103,1,1,0,3,0,15,1,1,pre_allocation
1,504,greenran_normal,0,0,65535_65535,2,59,1437,139,1,1,1,4,139,15,1,1,allocated
1,504,greenran_normal,0,0,65535_65535,2,64,1437,139,1,1,0,4,0,15,1,1,pre_allocation
1,504,greenran_normal,0,0,65535_65535,2,64,1437,175,1,1,1,5,175,15,1,1,allocated
1,504,greenran_normal,0,0,65535_65535,2,63,1437,139,1,1,0,4,0,15,1,1,pre_allocation
1,504,greenran_normal,0,0,65535_65535,2,63,1437,175,1,1,1,5,175,15,1,1,allocated
1,504,greenran_normal,0,0,65535_65535,2,62,1437,139,1,1,0,4,0,15,1,1,pre_allocation
1,504,greenran_normal,0,0,65535_65535,2,62,1437,175,1,1,1,5,175,15,1,1,allocated
1,504,greenran_normal,0,0,65535_65535,2,61,1437,139,1,1,0,4,0,15,1,1,pre_allocation
1,504,greenran_normal,0,0,65535_65535,2,61,1437,175,1,1,1,5,175,15,1,1,allocated
1,504,greenran_normal,0,0,65535_65535,2,60,1437,139,1,1,0,4,0,15,1,1,pre_allocation
1,504,greenran_normal,0,0,65535_65535,2,60,1437,175,1,1,1,5,175,15,1,1,allocated
1,504,greenran_normal,0,0,65535_65535,2,35,1437,139,1,1,0,4,0,15,1,1,pre_allocation
1,504,greenran_normal,0,0,65535_65535,2,35,1437,175,1,1,1,5,175,15,1,1,allocated
1,504,greenran_normal,0,0,65535_65535,2,36,1437,139,1,1,0,4,0,15,1,1,pre_allocation
1,504,greenran_normal,0,0,65535_65535,2,36,1437,175,1,1,1,5,175,15,1,1,allocated
1,504,greenran_normal,0,0,65535_65535,2,37,1437,139,1,1,0,4,0,15,1,1,pre_allocation
1,504,greenran_normal,0,0,65535_65535,2,37,1437,175,1,1,1,5,175,15,1,1,allocated
1,504,greenran_normal,0,0,65535_65535,2,38,1437,139,1,1,0,4,0,15,1,1,pre_allocation
1,504,greenran_normal,0,0,65535_65535,2,38,1437,175,1,1,1,5,175,15,1,1,allocated
1,504,greenran_normal,0,0,65535_65535,2,39,1437,139,1,1,0,4,0,15,1,1,pre_allocation
1,504,greenran_normal,0,0,65535_65535,2,39,1437,175,1,1,1,5,175,15,1,1,allocated
1,504,greenran_normal,0,0,65535_65535,2,40,1437,139,1,1,0,4,0,15,1,1,pre_allocation
1,504,greenran_normal,0,0,65535_65535,2,40,1437,175,1,1,1,5,175,15,1,1,allocated
1,504,greenran_normal,0,0,65535_65535,2,41,1437,139,1,1,0,4,0,15,1,1,pre_allocation
1,504,greenran_normal,0,0,65535_65535,2,41,1437,175,1,1,1,5,175,15,1,1,allocated
1,504,greenran_normal,0,0,65535_65535,2,42,1437,139,1,1,0,4,0,15,1,1,pre_allocation
1,504,greenran_normal,0,0,65535_65535,2,42,1437,175,1,1,1,5,175,15,1,1,allocated
1,504,greenran_normal,0,0,65535_65535,2,43,1437,139,1,1,0,4,0,15,1,1,pre_allocation
1,504,greenran_normal,0,0,65535_65535,2,43,1437,175,1,1,1,5,175,15,1,1,allocated
1,504,greenran_normal,0,0,65535_65535,2,44,1437,139,1,1,0,4,0,15,1,1,pre_allocation
1,504,greenran_normal,0,0,65535_65535,2,44,1437,175,1,1,1,5,175,15,1,1,allocated
1,504,greenran_normal,0,0,65535_65535,2,55,1437,139,1,1,0,4,0,15,1,1,pre_allocation
1,504,greenran_normal,0,0,65535_65535,2,55,1437,175,1,1,1,5,175,15,1,1,allocated
1,504,greenran_normal,0,0,65535_65535,2,56,1437,139,1,1,0,4,0,15,1,1,pre_allocation
1,504,greenran_normal,0,0,65535_65535,2,56,1437,175,1,1,1,5,175,15,1,1,allocated
1,504,greenran_normal,0,0,65535_65535,2,57,1437,139,1,1,0,4,0,15,1,1,pre_allocation
1,504,greenran_normal,0,0,65535_65535,2,57,1437,175,1,1,1,5,175,15,1,1,allocated
1,504,greenran_normal,0,0,65535_65535,2,58,1437,139,1,1,0,4,0,15,1,1,pre_allocation
1,504,greenran_normal,0,0,65535_65535,2,58,1437,175,1,1,1,5,175,15,1,1,allocated
1,504,greenran_normal,0,0,65535_65535,2,59,1437,139,1,1,0,4,0,15,1,1,pre_allocation
1,504,greenran_normal,0,0,65535_65535,2,59,1437,175,1,1,1,5,175,15,1,1,allocated
1,504,greenran_normal,0,0,65535_65535,2,64,1437,175,1,1,0,5,0,15,1,1,pre_allocation
1,504,greenran_normal,0,0,65535_65535,2,64,1437,210,1,1,1,6,210,15,1,1,allocated
1,504,greenran_normal,0,0,65535_65535,2,63,1437,175,1,1,0,5,0,15,1,1,pre_allocation
1,504,greenran_normal,0,0,65535_65535,2,63,1437,210,1,1,1,6,210,15,1,1,allocated
1,504,greenran_normal,0,0,65535_65535,2,62,1437,175,1,1,0,5,0,15,1,1,pre_allocation
1,504,greenran_normal,0,0,65535_65535,2,62,1437,210,1,1,1,6,210,15,1,1,allocated
1,504,greenran_normal,0,0,65535_65535,2,61,1437,175,1,1,0,5,0,15,1,1,pre_allocation
1,504,greenran_normal,0,0,65535_65535,2,61,1437,210,1,1,1,6,210,15,1,1,allocated
1,504,greenran_normal,0,0,65535_65535,2,60,1437,175,1,1,0,5,0,15,1,1,pre_allocation
1,504,greenran_normal,0,0,65535_65535,2,60,1437,210,1,1,1,6,210,15,1,1,allocated
1,504,greenran_normal,0,0,65535_65535,2,35,1437,175,1,1,0,5,0,15,1,1,pre_allocation
1,504,greenran_normal,0,0,65535_65535,2,35,1437,210,1,1,1,6,210,15,1,1,allocated
1,504,greenran_normal,0,0,65535_65535,2,36,1437,175,1,1,0,5,0,15,1,1,pre_allocation
1,504,greenran_normal,0,0,65535_65535,2,36,1437,210,1,1,1,6,210,15,1,1,allocated
1,504,greenran_normal,0,0,65535_65535,2,37,1437,175,1,1,0,5,0,15,1,1,pre_allocation
1,504,greenran_normal,0,0,65535_65535,2,37,1437,210,1,1,1,6,210,15,1,1,allocated
1,504,greenran_normal,0,0,65535_65535,2,38,1437,175,1,1,0,5,0,15,1,1,pre_allocation
1,504,greenran_normal,0,0,65535_65535,2,38,1437,210,1,1,1,6,210,15,1,1,allocated
1,504,greenran_normal,0,0,65535_65535,2,39,1437,175,1,1,0,5,0,15,1,1,pre_allocation
1,504,greenran_normal,0,0,65535_65535,2,39,1437,210,1,1,1,6,210,15,1,1,allocated
1,504,greenran_normal,0,0,65535_65535,2,40,1437,175,1,1,0,5,0,15,1,1,pre_allocation
1,504,greenran_normal,0,0,65535_65535,2,40,1437,210,1,1,1,6,210,15,1,1,allocated
1,504,greenran_normal,0,0,65535_65535,2,41,1437,175,1,1,0,5,0,15,1,1,pre_allocation
1,504,greenran_normal,0,0,65535_65535,2,41,1437,210,1,1,1,6,210,15,1,1,allocated
1,504,greenran_normal,0,0,65535_65535,2,42,1437,175,1,1,0,5,0,15,1,1,pre_allocation
1,504,greenran_normal,0,0,65535_65535,2,42,1437,210,1,1,1,6,210,15,1,1,allocated
1,504,greenran_normal,0,0,65535_65535,2,43,1437,175,1,1,0,5,0,15,1,1,pre_allocation
1,504,greenran_normal,0,0,65535_65535,2,43,1437,210,1,1,1,6,210,15,1,1,allocated
1,504,greenran_normal,0,0,65535_65535,2,44,1437,175,1,1,0,5,0,15,1,1,pre_allocation
1,504,greenran_normal,0,0,65535_65535,2,44,1437,210,1,1,1,6,210,15,1,1,allocated
1,504,greenran_normal,0,0,65535_65535,2,55,1437,175,1,1,0,5,0,15,1,1,pre_allocation
1,504,greenran_normal,0,0,65535_65535,2,55,1437,210,1,1,1,6,210,15,1,1,allocated
1,504,greenran_normal,0,0,65535_65535,2,56,1437,175,1,1,0,5,0,15,1,1,pre_allocation
1,504,greenran_normal,0,0,65535_65535,2,56,1437,210,1,1,1,6,210,15,1,1,allocated
1,504,greenran_normal,0,0,65535_65535,2,57,1437,175,1,1,0,5,0,15,1,1,pre_allocation
1,504,greenran_normal,0,0,65535_65535,2,57,1437,210,1,1,1,6,210,15,1,1,allocated
1,504,greenran_normal,0,0,65535_65535,2,58,1437,175,1,1,0,5,0,15,1,1,pre_allocation
1,504,greenran_normal,0,0,65535_65535,2,58,1437,210,1,1,1,6,210,15,1,1,allocated
1,504,greenran_normal,0,0,65535_65535,2,59,1437,175,1,1,0,5,0,15,1,1,pre_allocation
1,504,greenran_normal,0,0,65535_65535,2,59,1437,210,1,1,1,6,210,15,1,1,allocated
1,504,greenran_normal,0,0,65535_65535,2,64,1437,210,1,1,0,6,0,15,1,1,pre_allocation
1,504,greenran_normal,0,0,65535_65535,2,64,1437,246,1,1,1,7,246,15,1,1,allocated
1,504,greenran_normal,0,0,65535_65535,2,63,1437,210,1,1,0,6,0,15,1,1,pre_allocation
1,504,greenran_normal,0,0,65535_65535,2,63,1437,246,1,1,1,7,246,15,1,1,allocated
1,504,greenran_normal,0,0,65535_65535,2,62,1437,210,1,1,0,6,0,15,1,1,pre_allocation
1,504,greenran_normal,0,0,65535_65535,2,62,1437,246,1,1,1,7,246,15,1,1,allocated
1,504,greenran_normal,0,0,65535_65535,2,61,1437,210,1,1,0,6,0,15,1,1,pre_allocation
1,504,greenran_normal,0,0,65535_65535,2,61,1437,246,1,1,1,7,246,15,1,1,allocated
1,504,greenran_normal,0,0,65535_65535,2,60,1437,210,1,1,0,6,0,15,1,1,pre_allocation
1,504,greenran_normal,0,0,65535_65535,2,60,1437,246,1,1,1,7,246,15,1,1,allocated
1,504,greenran_normal,0,0,65535_65535,2,35,1437,210,1,1,0,6,0,15,1,1,pre_allocation
1,504,greenran_normal,0,0,65535_65535,2,35,1437,246,1,1,1,7,246,15,1,1,allocated
1,504,greenran_normal,0,0,65535_65535,2,36,1437,210,1,1,0,6,0,15,1,1,pre_allocation
1,504,greenran_normal,0,0,65535_65535,2,36,1437,246,1,1,1,7,246,15,1,1,allocated
1,504,greenran_normal,0,0,65535_65535,2,37,1437,210,1,1,0,6,0,15,1,1,pre_allocation
1,504,greenran_normal,0,0,65535_65535,2,37,1437,246,1,1,1,7,246,15,1,1,allocated
1,504,greenran_normal,0,0,65535_65535,2,38,1437,210,1,1,0,6,0,15,1,1,pre_allocation
1,504,greenran_normal,0,0,65535_65535,2,38,1437,246,1,1,1,7,246,15,1,1,allocated
1,504,greenran_normal,0,0,65535_65535,2,39,1437,210,1,1,0,6,0,15,1,1,pre_allocation
1,504,greenran_normal,0,0,65535_65535,2,39,1437,246,1,1,1,7,246,15,1,1,allocated
1,504,greenran_normal,0,0,65535_65535,2,40,1437,210,1,1,0,6,0,15,1,1,pre_allocation
1,504,greenran_normal,0,0,65535_65535,2,40,1437,246,1,1,1,7,246,15,1,1,allocated
1,504,greenran_normal,0,0,65535_65535,2,41,1437,210,1,1,0,6,0,15,1,1,pre_allocation
1,504,greenran_normal,0,0,65535_65535,2,41,1437,246,1,1,1,7,246,15,1,1,allocated
1,504,greenran_normal,0,0,65535_65535,2,42,1437,210,1,1,0,6,0,15,1,1,pre_allocation
1,504,greenran_normal,0,0,65535_65535,2,42,1437,246,1,1,1,7,246,15,1,1,allocated
1,504,greenran_normal,0,0,65535_65535,2,43,1437,210,1,1,0,6,0,15,1,1,pre_allocation
1,504,greenran_normal,0,0,65535_65535,2,43,1437,246,1,1,1,7,246,15,1,1,allocated
1,504,greenran_normal,0,0,65535_65535,2,44,1437,210,1,1,0,6,0,15,1,1,pre_allocation
1,504,greenran_normal,0,0,65535_65535,2,44,1437,246,1,1,1,7,246,15,1,1,allocated
1,504,greenran_normal,0,0,65535_65535,2,55,1437,210,1,1,0,6,0,15,1,1,pre_allocation
1,504,greenran_normal,0,0,65535_65535,2,55,1437,246,1,1,1,7,246,15,1,1,allocated
1,504,greenran_normal,0,0,65535_65535,2,56,1437,210,1,1,0,6,0,15,1,1,pre_allocation
1,504,greenran_normal,0,0,65535_65535,2,56,1437,246,1,1,1,7,246,15,1,1,allocated
1,504,greenran_normal,0,0,65535_65535,2,57,1437,210,1,1,0,6,0,15,1,1,pre_allocation
1,504,greenran_normal,0,0,65535_65535,2,57,1437,246,1,1,1,7,246,15,1,1,allocated
1,504,greenran_normal,0,0,65535_65535,2,58,1437,210,1,1,0,6,0,15,1,1,pre_allocation
1,504,greenran_normal,0,0,65535_65535,2,58,1437,246,1,1,1,7,246,15,1,1,allocated
1,504,greenran_normal,0,0,65535_65535,2,59,1437,210,1,1,0,6,0,15,1,1,pre_allocation
1,504,greenran_normal,0,0,65535_65535,2,59,1437,246,1,1,1,7,246,15,1,1,allocated
1,504,greenran_normal,0,0,65535_65535,2,64,1437,246,1,1,0,7,0,15,1,1,pre_allocation
1,504,greenran_normal,0,0,65535_65535,2,64,1437,282,1,1,1,8,282,15,1,1,allocated
1,504,greenran_normal,0,0,65535_65535,2,63,1437,246,1,1,0,7,0,15,1,1,pre_allocation
1,504,greenran_normal,0,0,65535_65535,2,63,1437,282,1,1,1,8,282,15,1,1,allocated
1,504,greenran_normal,0,0,65535_65535,2,62,1437,246,1,1,0,7,0,15,1,1,pre_allocation
1,504,greenran_normal,0,0,65535_65535,2,62,1437,282,1,1,1,8,282,15,1,1,allocated
1,504,greenran_normal,0,0,65535_65535,2,61,1437,246,1,1,0,7,0,15,1,1,pre_allocation
1,504,greenran_normal,0,0,65535_65535,2,61,1437,282,1,1,1,8,282,15,1,1,allocated
1,504,greenran_normal,0,0,65535_65535,2,60,1437,246,1,1,0,7,0,15,1,1,pre_allocation
1,504,greenran_normal,0,0,65535_65535,2,60,1437,282,1,1,1,8,282,15,1,1,allocated
1,504,greenran_normal,0,0,65535_65535,2,35,1437,246,1,1,0,7,0,15,1,1,pre_allocation
1,504,greenran_normal,0,0,65535_65535,2,35,1437,282,1,1,1,8,282,15,1,1,allocated
1,504,greenran_normal,0,0,65535_65535,2,36,1437,246,1,1,0,7,0,15,1,1,pre_allocation
1,504,greenran_normal,0,0,65535_65535,2,36,1437,282,1,1,1,8,282,15,1,1,allocated
1,504,greenran_normal,0,0,65535_65535,2,37,1437,246,1,1,0,7,0,15,1,1,pre_allocation
1,504,greenran_normal,0,0,65535_65535,2,37,1437,282,1,1,1,8,282,15,1,1,allocated
1,504,greenran_normal,0,0,65535_65535,2,38,1437,246,1,1,0,7,0,15,1,1,pre_allocation
1,504,greenran_normal,0,0,65535_65535,2,38,1437,282,1,1,1,8,282,15,1,1,allocated
1,504,greenran_normal,0,0,65535_65535,2,39,1437,246,1,1,0,7,0,15,1,1,pre_allocation
1,504,greenran_normal,0,0,65535_65535,2,39,1437,282,1,1,1,8,282,15,1,1,allocated
1,504,greenran_normal,0,0,65535_65535,2,40,1437,246,1,1,0,7,0,15,1,1,pre_allocation
1,504,greenran_normal,0,0,65535_65535,2,40,1437,282,1,1,1,8,282,15,1,1,allocated
1,504,greenran_normal,0,0,65535_65535,2,41,1437,246,1,1,0,7,0,15,1,1,pre_allocation
1,504,greenran_normal,0,0,65535_65535,2,41,1437,282,1,1,1,8,282,15,1,1,allocated
1,504,greenran_normal,0,0,65535_65535,2,42,1437,246,1,1,0,7,0,15,1,1,pre_allocation
1,504,greenran_normal,0,0,65535_65535,2,42,1437,282,1,1,1,8,282,15,1,1,allocated
1,504,greenran_normal,0,0,65535_65535,2,43,1437,246,1,1,0,7,0,15,1,1,pre_allocation
1,504,greenran_normal,0,0,65535_65535,2,43,1437,282,1,1,1,8,282,15,1,1,allocated
1,504,greenran_normal,0,0,65535_65535,2,44,1437,246,1,1,0,7,0,15,1,1,pre_allocation
1,504,greenran_normal,0,0,65535_65535,2,44,1437,282,1,1,1,8,282,15,1,1,allocated
1,504,greenran_normal,0,0,65535_65535,2,55,1437,246,1,1,0,7,0,15,1,1,pre_allocation
1,504,greenran_normal,0,0,65535_65535,2,55,1437,282,1,1,1,8,282,15,1,1,allocated
1,504,greenran_normal,0,0,65535_65535,2,56,1437,246,1,1,0,7,0,15,1,1,pre_allocation
1,504,greenran_normal,0,0,65535_65535,2,56,1437,282,1,1,1,8,282,15,1,1,allocated
1,504,greenran_normal,0,0,65535_65535,2,57,1437,246,1,1,0,7,0,15,1,1,pre_allocation
1,504,greenran_normal,0,0,65535_65535,2,57,1437,282,1,1,1,8,282,15,1,1,allocated
1,504,greenran_normal,0,0,65535_65535,2,58,1437,246,1,1,0,7,0,15,1,1,pre_allocation
1,504,greenran_normal,0,0,65535_65535,2,58,1437,282,1,1,1,8,282,15,1,1,allocated
1,504,greenran_normal,0,0,65535_65535,2,59,1437,246,1,1,0,7,0,15,1,1,pre_allocation
1,504,greenran_normal,0,0,65535_65535,2,59,1437,282,1,1,1,8,282,15,1,1,allocated
1,504,greenran_normal,0,0,65535_65535,2,64,1437,282,1,1,0,8,0,15,1,1,pre_allocation
1,504,greenran_normal,0,0,65535_65535,2,64,1437,317,1,1,1,9,317,15,1,1,allocated
1,504,greenran_normal,0,0,65535_65535,2,63,1437,282,1,1,0,8,0,15,1,1,pre_allocation
1,504,greenran_normal,0,0,65535_65535,2,63,1437,317,1,1,1,9,317,15,1,1,allocated
1,504,greenran_normal,0,0,65535_65535,2,62,1437,282,1,1,0,8,0,15,1,1,pre_allocation
1,504,greenran_normal,0,0,65535_65535,2,62,1437,317,1,1,1,9,317,15,1,1,allocated
1,504,greenran_normal,0,0,65535_65535,2,61,1437,282,1,1,0,8,0,15,1,1,pre_allocation
1,504,greenran_normal,0,0,65535_65535,2,61,1437,317,1,1,1,9,317,15,1,1,allocated
1,504,greenran_normal,0,0,65535_65535,2,60,1437,282,1,1,0,8,0,15,1,1,pre_allocation
1,504,greenran_normal,0,0,65535_65535,2,60,1437,317,1,1,1,9,317,15,1,1,allocated
1,504,greenran_normal,0,0,65535_65535,2,35,1437,282,1,1,0,8,0,15,1,1,pre_allocation
1,504,greenran_normal,0,0,65535_65535,2,35,1437,317,1,1,1,9,317,15,1,1,allocated
1,504,greenran_normal,0,0,65535_65535,2,36,1437,282,1,1,0,8,0,15,1,1,pre_allocation
1,504,greenran_normal,0,0,65535_65535,2,36,1437,317,1,1,1,9,317,15,1,1,allocated
1,504,greenran_normal,0,0,65535_65535,2,37,1437,282,1,1,0,8,0,15,1,1,pre_allocation
1,504,greenran_normal,0,0,65535_65535,2,37,1437,317,1,1,1,9,317,15,1,1,allocated
1,504,greenran_normal,0,0,65535_65535,2,38,1437,282,1,1,0,8,0,15,1,1,pre_allocation
1,504,greenran_normal,0,0,65535_65535,2,38,1437,317,1,1,1,9,317,15,1,1,allocated
1,504,greenran_normal,0,0,65535_65535,2,39,1437,282,1,1,0,8,0,15,1,1,pre_allocation
1,504,greenran_normal,0,0,65535_65535,2,39,1437,317,1,1,1,9,317,15,1,1,allocated
1,504,greenran_normal,0,0,65535_65535,2,40,1437,282,1,1,0,8,0,15,1,1,pre_allocation
1,504,greenran_normal,0,0,65535_65535,2,40,1437,317,1,1,1,9,317,15,1,1,allocated
1,504,greenran_normal,0,0,65535_65535,2,41,1437,282,1,1,0,8,0,15,1,1,pre_allocation
1,504,greenran_normal,0,0,65535_65535,2,41,1437,317,1,1,1,9,317,15,1,1,allocated
1,504,greenran_normal,0,0,65535_65535,2,42,1437,282,1,1,0,8,0,15,1,1,pre_allocation
1,504,greenran_normal,0,0,65535_65535,2,42,1437,317,1,1,1,9,317,15,1,1,allocated
1,504,greenran_normal,0,0,65535_65535,2,43,1437,282,1,1,0,8,0,15,1,1,pre_allocation
1,504,greenran_normal,0,0,65535_65535,2,43,1437,317,1,1,1,9,317,15,1,1,allocated
1,504,greenran_normal,0,0,65535_65535,2,44,1437,282,1,1,0,8,0,15,1,1,pre_allocation
1,504,greenran_normal,0,0,65535_65535,2,44,1437,317,1,1,1,9,317,15,1,1,allocated
1,504,greenran_normal,0,0,65535_65535,2,55,1437,282,1,1,0,8,0,15,1,1,pre_allocation
1,504,greenran_normal,0,0,65535_65535,2,55,1437,317,1,1,1,9,317,15,1,1,allocated
1,504,greenran_normal,0,0,65535_65535,2,56,1437,282,1,1,0,8,0,15,1,1,pre_allocation
1,504,greenran_normal,0,0,65535_65535,2,56,1437,317,1,1,1,9,317,15,1,1,allocated
1,504,greenran_normal,0,0,65535_65535,2,57,1437,282,1,1,0,8,0,15,1,1,pre_allocation
1,504,greenran_normal,0,0,65535_65535,2,57,1437,317,1,1,1,9,317,15,1,1,allocated
1,504,greenran_normal,0,0,65535_65535,2,58,1437,282,1,1,0,8,0,15,1,1,pre_allocation
1,504,greenran_normal,0,0,65535_65535,2,58,1437,317,1,1,1,9,317,15,1,1,allocated
1,504,greenran_normal,0,0,65535_65535,2,59,1437,282,1,1,0,8,0,15,1,1,pre_allocation
1,504,greenran_normal,0,0,65535_65535,2,59,1437,317,1,1,1,9,317,15,1,1,allocated
1,504,greenran_normal,0,0,65535_65535,2,64,1437,317,1,1,0,9,0,15,1,1,pre_allocation
1,504,greenran_normal,0,0,65535_65535,2,64,1437,353,1,1,1,10,353,15,1,1,allocated
1,504,greenran_normal,0,0,65535_65535,2,63,1437,317,1,1,0,9,0,15,1,1,pre_allocation
1,504,greenran_normal,0,0,65535_65535,2,63,1437,353,1,1,1,10,353,15,1,1,allocated
1,504,greenran_normal,0,0,65535_65535,2,62,1437,317,1,1,0,9,0,15,1,1,pre_allocation
1,504,greenran_normal,0,0,65535_65535,2,62,1437,353,1,1,1,10,353,15,1,1,allocated
1,504,greenran_normal,0,0,65535_65535,2,61,1437,317,1,1,0,9,0,15,1,1,pre_allocation
1,504,greenran_normal,0,0,65535_65535,2,61,1437,353,1,1,1,10,353,15,1,1,allocated
1,504,greenran_normal,0,0,65535_65535,2,60,1437,317,1,1,0,9,0,15,1,1,pre_allocation
1,504,greenran_normal,0,0,65535_65535,2,60,1437,353,1,1,1,10,353,15,1,1,allocated
1,504,greenran_normal,0,0,65535_65535,2,35,1437,317,1,1,0,9,0,15,1,1,pre_allocation
1,504,greenran_normal,0,0,65535_65535,2,35,1437,353,1,1,1,10,353,15,1,1,allocated
1,504,greenran_normal,0,0,65535_65535,2,36,1437,317,1,1,0,9,0,15,1,1,pre_allocation
1,504,greenran_normal,0,0,65535_65535,2,36,1437,353,1,1,1,10,353,15,1,1,allocated
1,504,greenran_normal,0,0,65535_65535,2,37,1437,317,1,1,0,9,0,15,1,1,pre_allocation
1,504,greenran_normal,0,0,65535_65535,2,37,1437,353,1,1,1,10,353,15,1,1,allocated
1,504,greenran_normal,0,0,65535_65535,2,38,1437,317,1,1,0,9,0,15,1,1,pre_allocation
1,504,greenran_normal,0,0,65535_65535,2,38,1437,353,1,1,1,10,353,15,1,1,allocated
1,504,greenran_normal,0,0,65535_65535,2,39,1437,317,1,1,0,9,0,15,1,1,pre_allocation
1,504,greenran_normal,0,0,65535_65535,2,39,1437,353,1,1,1,10,353,15,1,1,allocated
1,504,greenran_normal,0,0,65535_65535,2,40,1437,317,1,1,0,9,0,15,1,1,pre_allocation
1,504,greenran_normal,0,0,65535_65535,2,40,1437,353,1,1,1,10,353,15,1,1,allocated
1,504,greenran_normal,0,0,65535_65535,2,41,1437,317,1,1,0,9,0,15,1,1,pre_allocation
1,504,greenran_normal,0,0,65535_65535,2,41,1437,353,1,1,1,10,353,15,1,1,allocated
1,504,greenran_normal,0,0,65535_65535,2,42,1437,317,1,1,0,9,0,15,1,1,pre_allocation
1,504,greenran_normal,0,0,65535_65535,2,42,1437,353,1,1,1,10,353,15,1,1,allocated
1,504,greenran_normal,0,0,65535_65535,2,43,1437,317,1,1,0,9,0,15,1,1,pre_allocation
1,504,greenran_normal,0,0,65535_65535,2,43,1437,353,1,1,1,10,353,15,1,1,allocated
1,504,greenran_normal,0,0,65535_65535,2,44,1437,317,1,1,0,9,0,15,1,1,pre_allocation
1,504,greenran_normal,0,0,65535_65535,2,44,1437,353,1,1,1,10,353,15,1,1,allocated
1,504,greenran_normal,0,0,65535_65535,2,55,1437,317,1,1,0,9,0,15,1,1,pre_allocation
1,504,greenran_normal,0,0,65535_65535,2,55,1437,353,1,1,1,10,353,15,1,1,allocated
1,504,greenran_normal,0,0,65535_65535,2,56,1437,317,1,1,0,9,0,15,1,1,pre_allocation
1,504,greenran_normal,0,0,65535_65535,2,56,1437,353,1,1,1,10,353,15,1,1,allocated
1,504,greenran_normal,0,0,65535_65535,2,57,1437,317,1,1,0,9,0,15,1,1,pre_allocation
1,504,greenran_normal,0,0,65535_65535,2,57,1437,353,1,1,1,10,353,15,1,1,allocated
1,504,greenran_normal,0,0,65535_65535,2,58,1437,317,1,1,0,9,0,15,1,1,pre_allocation
1,504,greenran_normal,0,0,65535_65535,2,58,1437,353,1,1,1,10,353,15,1,1,allocated
1,504,greenran_normal,0,0,65535_65535,2,59,1437,317,1,1,0,9,0,15,1,1,pre_allocation
1,504,greenran_normal,0,0,65535_65535,2,59,1437,353,1,1,1,10,353,15,1,1,allocated
1,504,greenran_normal,0,0,65535_65535,2,64,1437,353,1,1,0,10,0,15,1,1,pre_allocation
1,504,greenran_normal,0,0,65535_65535,2,64,1437,389,1,1,1,11,389,15,1,1,allocated
1,504,greenran_normal,0,0,65535_65535,2,63,1437,353,1,1,0,10,0,15,1,1,pre_allocation
1,504,greenran_normal,0,0,65535_65535,2,63,1437,389,1,1,1,11,389,15,1,1,allocated
1,504,greenran_normal,0,0,65535_65535,2,62,1437,353,1,1,0,10,0,15,1,1,pre_allocation
1,504,greenran_normal,0,0,65535_65535,2,62,1437,389,1,1,1,11,389,15,1,1,allocated
1,504,greenran_normal,0,0,65535_65535,2,61,1437,353,1,1,0,10,0,15,1,1,pre_allocation
1,504,greenran_normal,0,0,65535_65535,2,61,1437,389,1,1,1,11,389,15,1,1,allocated
1,504,greenran_normal,0,0,65535_65535,2,60,1437,353,1,1,0,10,0,15,1,1,pre_allocation
1,504,greenran_normal,0,0,65535_65535,2,60,1437,389,1,1,1,11,389,15,1,1,allocated
1,504,greenran_normal,0,0,65535_65535,2,35,1437,353,1,1,0,10,0,15,1,1,pre_allocation
1,504,greenran_normal,0,0,65535_65535,2,35,1437,389,1,1,1,11,389,15,1,1,allocated
1,504,greenran_normal,0,0,65535_65535,2,36,1437,353,1,1,0,10,0,15,1,1,pre_allocation
1,504,greenran_normal,0,0,65535_65535,2,36,1437,389,1,1,1,11,389,15,1,1,allocated
1,504,greenran_normal,0,0,65535_65535,2,37,1437,353,1,1,0,10,0,15,1,1,pre_allocation
1,504,greenran_normal,0,0,65535_65535,2,37,1437,389,1,1,1,11,389,15,1,1,allocated
1,504,greenran_normal,0,0,65535_65535,2,38,1437,353,1,1,0,10,0,15,1,1,pre_allocation
1,504,greenran_normal,0,0,65535_65535,2,38,1437,389,1,1,1,11,389,15,1,1,allocated
1,504,greenran_normal,0,0,65535_65535,2,39,1437,353,1,1,0,10,0,15,1,1,pre_allocation
1,504,greenran_normal,0,0,65535_65535,2,39,1437,389,1,1,1,11,389,15,1,1,allocated
1,504,greenran_normal,0,0,65535_65535,2,40,1437,353,1,1,0,10,0,15,1,1,pre_allocation
1,504,greenran_normal,0,0,65535_65535,2,40,1437,389,1,1,1,11,389,15,1,1,allocated
1,504,greenran_normal,0,0,65535_65535,2,41,1437,353,1,1,0,10,0,15,1,1,pre_allocation
1,504,greenran_normal,0,0,65535_65535,2,41,1437,389,1,1,1,11,389,15,1,1,allocated
1,504,greenran_normal,0,0,65535_65535,2,42,1437,353,1,1,0,10,0,15,1,1,pre_allocation
1,504,greenran_normal,0,0,65535_65535,2,42,1437,389,1,1,1,11,389,15,1,1,allocated
1,504,greenran_normal,0,0,65535_65535,2,43,1437,353,1,1,0,10,0,15,1,1,pre_allocation
1,504,greenran_normal,0,0,65535_65535,2,43,1437,389,1,1,1,11,389,15,1,1,allocated
1,504,greenran_normal,0,0,65535_65535,2,44,1437,353,1,1,0,10,0,15,1,1,pre_allocation
1,504,greenran_normal,0,0,65535_65535,2,44,1437,389,1,1,1,11,389,15,1,1,allocated
1,504,greenran_normal,0,0,65535_65535,2,55,1437,353,1,1,0,10,0,15,1,1,pre_allocation
1,504,greenran_normal,0,0,65535_65535,2,55,1437,389,1,1,1,11,389,15,1,1,allocated
1,504,greenran_normal,0,0,65535_65535,2,56,1437,353,1,1,0,10,0,15,1,1,pre_allocation
1,504,greenran_normal,0,0,65535_65535,2,56,1437,389,1,1,1,11,389,15,1,1,allocated
1,504,greenran_normal,0,0,65535_65535,2,57,1437,353,1,1,0,10,0,15,1,1,pre_allocation
1,504,greenran_normal,0,0,65535_65535,2,57,1437,389,1,1,1,11,389,15,1,1,allocated
1,504,greenran_normal,0,0,65535_65535,2,58,1437,353,1,1,0,10,0,15,1,1,pre_allocation
1,504,greenran_normal,0,0,65535_65535,2,58,1437,389,1,1,1,11,389,15,1,1,allocated
1,504,greenran_normal,0,0,65535_65535,2,59,1437,353,1,1,0,10,0,15,1,1,pre_allocation
1,504,greenran_normal,0,0,65535_65535,2,59,1437,389,1,1,1,11,389,15,1,1,allocated
1,504,greenran_normal,0,0,65535_65535,2,64,1437,389,1,1,0,11,0,15,1,1,pre_allocation
1,504,greenran_normal,0,0,65535_65535,2,64,1437,424,1,1,1,12,424,15,1,1,allocated
1,504,greenran_normal,0,0,65535_65535,2,63,1437,389,1,1,0,11,0,15,1,1,pre_allocation
1,504,greenran_normal,0,0,65535_65535,2,63,1437,424,1,1,1,12,424,15,1,1,allocated
1,504,greenran_normal,0,0,65535_65535,2,62,1437,389,1,1,0,11,0,15,1,1,pre_allocation
1,504,greenran_normal,0,0,65535_65535,2,62,1437,424,1,1,1,12,424,15,1,1,allocated
1,504,greenran_normal,0,0,65535_65535,2,61,1437,389,1,1,0,11,0,15,1,1,pre_allocation
1,504,greenran_normal,0,0,65535_65535,2,61,1437,424,1,1,1,12,424,15,1,1,allocated
1,504,greenran_normal,0,0,65535_65535,2,60,1437,389,1,1,0,11,0,15,1,1,pre_allocation
1,504,greenran_normal,0,0,65535_65535,2,60,1437,424,1,1,1,12,424,15,1,1,allocated
1,504,greenran_normal,0,0,65535_65535,2,35,1437,389,1,1,0,11,0,15,1,1,pre_allocation
1,504,greenran_normal,0,0,65535_65535,2,35,1437,424,1,1,1,12,424,15,1,1,allocated
1,504,greenran_normal,0,0,65535_65535,2,36,1437,389,1,1,0,11,0,15,1,1,pre_allocation
1,504,greenran_normal,0,0,65535_65535,2,36,1437,424,1,1,1,12,424,15,1,1,allocated
1,504,greenran_normal,0,0,65535_65535,2,37,1437,389,1,1,0,11,0,15,1,1,pre_allocation
1,504,greenran_normal,0,0,65535_65535,2,37,1437,424,1,1,1,12,424,15,1,1,allocated
1,504,greenran_normal,0,0,65535_65535,2,38,1437,389,1,1,0,11,0,15,1,1,pre_allocation
1,504,greenran_normal,0,0,65535_65535,2,38,1437,424,1,1,1,12,424,15,1,1,allocated
1,504,greenran_normal,0,0,65535_65535,2,39,1437,389,1,1,0,11,0,15,1,1,pre_allocation
1,504,greenran_normal,0,0,65535_65535,2,39,1437,424,1,1,1,12,424,15,1,1,allocated
1,504,greenran_normal,0,0,65535_65535,2,40,1437,389,1,1,0,11,0,15,1,1,pre_allocation
1,504,greenran_normal,0,0,65535_65535,2,40,1437,424,1,1,1,12,424,15,1,1,allocated
1,504,greenran_normal,0,0,65535_65535,2,41,1437,389,1,1,0,11,0,15,1,1,pre_allocation
1,504,greenran_normal,0,0,65535_65535,2,41,1437,424,1,1,1,12,424,15,1,1,allocated
1,504,greenran_normal,0,0,65535_65535,2,42,1437,389,1,1,0,11,0,15,1,1,pre_allocation
1,504,greenran_normal,0,0,65535_65535,2,42,1437,424,1,1,1,12,424,15,1,1,allocated
1,504,greenran_normal,0,0,65535_65535,2,43,1437,389,1,1,0,11,0,15,1,1,pre_allocation
1,504,greenran_normal,0,0,65535_65535,2,43,1437,424,1,1,1,12,424,15,1,1,allocated
1,504,greenran_normal,0,0,65535_65535,2,44,1437,389,1,1,0,11,0,15,1,1,pre_allocation
1,504,greenran_normal,0,0,65535_65535,2,44,1437,424,1,1,1,12,424,15,1,1,allocated
1,504,greenran_normal,0,0,65535_65535,2,55,1437,389,1,1,0,11,0,15,1,1,pre_allocation
1,504,greenran_normal,0,0,65535_65535,2,55,1437,424,1,1,1,12,424,15,1,1,allocated
1,504,greenran_normal,0,0,65535_65535,2,56,1437,389,1,1,0,11,0,15,1,1,pre_allocation
1,504,greenran_normal,0,0,65535_65535,2,56,1437,424,1,1,1,12,424,15,1,1,allocated
1,504,greenran_normal,0,0,65535_65535,2,57,1437,389,1,1,0,11,0,15,1,1,pre_allocation
1,504,greenran_normal,0,0,65535_65535,2,57,1437,424,1,1,1,12,424,15,1,1,allocated
1,504,greenran_normal,0,0,65535_65535,2,58,1437,389,1,1,0,11,0,15,1,1,pre_allocation
1,504,greenran_normal,0,0,65535_65535,2,58,1437,424,1,1,1,12,424,15,1,1,allocated
1,504,greenran_normal,0,0,65535_65535,2,59,1437,389,1,1,0,11,0,15,1,1,pre_allocation
1,504,greenran_normal,0,0,65535_65535,2,59,1437,424,1,1,1,12,424,15,1,1,allocated
1,504,greenran_normal,0,0,65535_65535,2,64,1437,424,1,1,0,12,0,15,1,1,pre_allocation
1,504,greenran_normal,0,0,65535_65535,2,64,1437,460,1,1,1,13,460,15,1,1,allocated
1,504,greenran_normal,0,0,65535_65535,2,63,1437,424,1,1,0,12,0,15,1,1,pre_allocation
1,504,greenran_normal,0,0,65535_65535,2,63,1437,460,1,1,1,13,460,15,1,1,allocated
1,504,greenran_normal,0,0,65535_65535,2,62,1437,424,1,1,0,12,0,15,1,1,pre_allocation
1,504,greenran_normal,0,0,65535_65535,2,62,1437,460,1,1,1,13,460,15,1,1,allocated
1,504,greenran_normal,0,0,65535_65535,2,61,1437,424,1,1,0,12,0,15,1,1,pre_allocation
1,504,greenran_normal,0,0,65535_65535,2,61,1437,460,1,1,1,13,460,15,1,1,allocated
1,504,greenran_normal,0,0,65535_65535,2,60,1437,424,1,1,0,12,0,15,1,1,pre_allocation
1,504,greenran_normal,0,0,65535_65535,2,60,1437,460,1,1,1,13,460,15,1,1,allocated
1,504,greenran_normal,0,0,65535_65535,2,35,1437,424,1,1,0,12,0,15,1,1,pre_allocation
1,504,greenran_normal,0,0,65535_65535,2,35,1437,460,1,1,1,13,460,15,1,1,allocated
1,504,greenran_normal,0,0,65535_65535,2,36,1437,424,1,1,0,12,0,15,1,1,pre_allocation
1,504,greenran_normal,0,0,65535_65535,2,36,1437,460,1,1,1,13,460,15,1,1,allocated
1,504,greenran_normal,0,0,65535_65535,2,37,1437,424,1,1,0,12,0,15,1,1,pre_allocation
1,504,greenran_normal,0,0,65535_65535,2,37,1437,460,1,1,1,13,460,15,1,1,allocated
1,504,greenran_normal,0,0,65535_65535,2,38,1437,424,1,1,0,12,0,15,1,1,pre_allocation
1,504,greenran_normal,0,0,65535_65535,2,38,1437,460,1,1,1,13,460,15,1,1,allocated
1,504,greenran_normal,0,0,65535_65535,2,39,1437,424,1,1,0,12,0,15,1,1,pre_allocation
1,504,greenran_normal,0,0,65535_65535,2,39,1437,460,1,1,1,13,460,15,1,1,allocated
1,504,greenran_normal,0,0,65535_65535,2,40,1437,424,1,1,0,12,0,15,1,1,pre_allocation
1,504,greenran_normal,0,0,65535_65535,2,40,1437,460,1,1,1,13,460,15,1,1,allocated
1,504,greenran_normal,0,0,65535_65535,2,41,1437,424,1,1,0,12,0,15,1,1,pre_allocation
1,504,greenran_normal,0,0,65535_65535,2,41,1437,460,1,1,1,13,460,15,1,1,allocated
1,504,greenran_normal,0,0,65535_65535,2,42,1437,424,1,1,0,12,0,15,1,1,pre_allocation
1,504,greenran_normal,0,0,65535_65535,2,42,1437,460,1,1,1,13,460,15,1,1,allocated
1,504,greenran_normal,0,0,65535_65535,2,43,1437,424,1,1,0,12,0,15,1,1,pre_allocation
1,504,greenran_normal,0,0,65535_65535,2,43,1437,460,1,1,1,13,460,15,1,1,allocated
1,504,greenran_normal,0,0,65535_65535,2,44,1437,424,1,1,0,12,0,15,1,1,pre_allocation
1,504,greenran_normal,0,0,65535_65535,2,44,1437,460,1,1,1,13,460,15,1,1,allocated
1,504,greenran_normal,0,0,65535_65535,2,55,1437,424,1,1,0,12,0,15,1,1,pre_allocation
1,504,greenran_normal,0,0,65535_65535,2,55,1437,460,1,1,1,13,460,15,1,1,allocated
1,504,greenran_normal,0,0,65535_65535,2,56,1437,424,1,1,0,12,0,15,1,1,pre_allocation
1,504,greenran_normal,0,0,65535_65535,2,56,1437,460,1,1,1,13,460,15,1,1,allocated
1,504,greenran_normal,0,0,65535_65535,2,57,1437,424,1,1,0,12,0,15,1,1,pre_allocation
1,504,greenran_normal,0,0,65535_65535,2,57,1437,460,1,1,1,13,460,15,1,1,allocated
1,504,greenran_normal,0,0,65535_65535,2,58,1437,424,1,1,0,12,0,15,1,1,pre_allocation
1,504,greenran_normal,0,0,65535_65535,2,58,1437,460,1,1,1,13,460,15,1,1,allocated
1,504,greenran_normal,0,0,65535_65535,2,59,1437,424,1,1,0,12,0,15,1,1,pre_allocation
1,504,greenran_normal,0,0,65535_65535,2,59,1437,460,1,1,1,13,460,15,1,1,allocated
1,504,greenran_normal,0,0,65535_65535,2,64,1437,460,1,1,0,13,0,15,1,1,pre_allocation
1,504,greenran_normal,0,0,65535_65535,2,64,1437,495,1,1,1,14,495,15,1,1,allocated
1,504,greenran_normal,0,0,65535_65535,2,63,1437,460,1,1,0,13,0,15,1,1,pre_allocation
1,504,greenran_normal,0,0,65535_65535,2,63,1437,495,1,1,1,14,495,15,1,1,allocated
1,504,greenran_normal,0,0,65535_65535,2,62,1437,460,1,1,0,13,0,15,1,1,pre_allocation
1,504,greenran_normal,0,0,65535_65535,2,62,1437,495,1,1,1,14,495,15,1,1,allocated
1,504,greenran_normal,0,0,65535_65535,2,61,1437,460,1,1,0,13,0,15,1,1,pre_allocation
1,504,greenran_normal,0,0,65535_65535,2,61,1437,495,1,1,1,14,495,15,1,1,allocated
1,504,greenran_normal,0,0,65535_65535,2,60,1437,460,1,1,0,13,0,15,1,1,pre_allocation
1,504,greenran_normal,0,0,65535_65535,2,60,1437,495,1,1,1,14,495,15,1,1,allocated
1,504,greenran_normal,0,0,65535_65535,2,35,1437,460,1,1,0,13,0,15,1,1,pre_allocation
1,504,greenran_normal,0,0,65535_65535,2,35,1437,495,1,1,1,14,495,15,1,1,allocated
6,1036,greenran_normal,0,0,65535_65535,0,1,11093,0,1,1,0,0,0,28,1,1,pre_allocation
6,1036,greenran_normal,0,0,65535_65535,0,1,11093,4,1,1,1,1,4,28,1,1,allocated
6,1036,greenran_normal,0,0,65535_65535,0,2,11093,0,1,1,0,0,0,28,1,1,pre_allocation
6,1036,greenran_normal,0,0,65535_65535,0,2,11093,4,1,1,1,1,4,28,1,1,allocated
6,1036,greenran_normal,0,0,65535_65535,0,3,11093,0,1,1,0,0,0,28,1,1,pre_allocation
6,1036,greenran_normal,0,0,65535_65535,0,3,11093,4,1,1,1,1,4,28,1,1,allocated
6,1036,greenran_normal,0,0,65535_65535,0,4,11093,0,1,1,0,0,0,22,1,1,pre_allocation
6,1036,greenran_normal,0,0,65535_65535,0,4,11093,2,1,1,1,1,2,22,1,1,allocated
6,1036,greenran_normal,0,0,65535_65535,0,5,11093,0,1,1,0,0,0,28,1,1,pre_allocation
6,1036,greenran_normal,0,0,65535_65535,0,5,11093,4,1,1,1,1,4,28,1,1,allocated
6,1036,greenran_normal,0,0,65535_65535,0,1,11093,4,1,1,0,1,0,28,1,1,pre_allocation
6,1036,greenran_normal,0,0,65535_65535,0,1,11093,12,1,1,1,2,12,28,1,1,allocated
6,1036,greenran_normal,0,0,65535_65535,0,2,11093,4,1,1,0,1,0,28,1,1,pre_allocation
6,1036,greenran_normal,0,0,65535_65535,0,2,11093,12,1,1,1,2,12,28,1,1,allocated
6,1036,greenran_normal,0,0,65535_65535,0,3,11093,4,1,1,0,1,0,28,1,1,pre_allocation
6,1036,greenran_normal,0,0,65535_65535,0,3,11093,12,1,1,1,2,12,28,1,1,allocated
6,1036,greenran_normal,0,0,65535_65535,0,4,11093,2,1,1,0,1,0,22,1,1,pre_allocation
6,1036,greenran_normal,0,0,65535_65535,0,4,11093,7,1,1,1,2,7,22,1,1,allocated
6,1036,greenran_normal,0,0,65535_65535,0,5,11093,4,1,1,0,1,0,28,1,1,pre_allocation
6,1036,greenran_normal,0,0,65535_65535,0,5,11093,12,1,1,1,2,12,28,1,1,allocated
6,1036,greenran_normal,0,0,65535_65535,0,1,11093,12,1,1,0,2,0,28,1,1,pre_allocation
6,1036,greenran_normal,0,0,65535_65535,0,1,11093,19,1,1,1,3,19,28,1,1,allocated
6,1036,greenran_normal,0,0,65535_65535,0,2,11093,12,1,1,0,2,0,28,1,1,pre_allocation
6,1036,greenran_normal,0,0,65535_65535,0,2,11093,19,1,1,1,3,19,28,1,1,allocated
6,1036,greenran_normal,0,0,65535_65535,0,3,11093,12,1,1,0,2,0,28,1,1,pre_allocation
6,1036,greenran_normal,0,0,65535_65535,0,3,11093,19,1,1,1,3,19,28,1,1,allocated
6,1036,greenran_normal,0,0,65535_65535,0,4,11093,7,1,1,0,2,0,22,1,1,pre_allocation
6,1036,greenran_normal,0,0,65535_65535,0,4,11093,13,1,1,1,3,13,22,1,1,allocated
6,1036,greenran_normal,0,0,65535_65535,0,5,11093,12,1,1,0,2,0,28,1,1,pre_allocation
6,1036,greenran_normal,0,0,65535_65535,0,5,11093,19,1,1,1,3,19,28,1,1,allocated
6,1036,greenran_normal,0,0,65535_65535,0,1,11093,19,1,1,0,3,0,28,1,1,pre_allocation
6,1036,greenran_normal,0,0,65535_65535,0,1,11093,27,1,1,1,4,27,28,1,1,allocated
6,1036,greenran_normal,0,0,65535_65535,0,2,11093,19,1,1,0,3,0,28,1,1,pre_allocation
6,1036,greenran_normal,0,0,65535_65535,0,2,11093,27,1,1,1,4,27,28,1,1,allocated
6,1036,greenran_normal,0,0,65535_65535,0,3,11093,19,1,1,0,3,0,28,1,1,pre_allocation
6,1036,greenran_normal,0,0,65535_65535,0,3,11093,27,1,1,1,4,27,28,1,1,allocated
6,1036,greenran_normal,0,0,65535_65535,0,4,11093,13,1,1,0,3,0,22,1,1,pre_allocation
6,1036,greenran_normal,0,0,65535_65535,0,4,11093,18,1,1,1,4,18,22,1,1,allocated
6,1036,greenran_normal,0,0,65535_65535,0,5,11093,19,1,1,0,3,0,28,1,1,pre_allocation
6,1036,greenran_normal,0,0,65535_65535,0,5,11093,27,1,1,1,4,27,28,1,1,allocated
6,1036,greenran_normal,0,0,65535_65535,0,1,11093,27,1,1,0,4,0,28,1,1,pre_allocation
6,1036,greenran_normal,0,0,65535_65535,0,1,11093,34,1,1,1,5,34,28,1,1,allocated
6,1036,greenran_normal,0,0,65535_65535,0,2,11093,27,1,1,0,4,0,28,1,1,pre_allocation
6,1036,greenran_normal,0,0,65535_65535,0,2,11093,34,1,1,1,5,34,28,1,1,allocated
6,1036,greenran_normal,0,0,65535_65535,0,3,11093,27,1,1,0,4,0,28,1,1,pre_allocation
6,1036,greenran_normal,0,0,65535_65535,0,3,11093,34,1,1,1,5,34,28,1,1,allocated
6,1036,greenran_normal,0,0,65535_65535,0,4,11093,18,1,1,0,4,0,22,1,1,pre_allocation
6,1036,greenran_normal,0,0,65535_65535,0,4,11093,23,1,1,1,5,23,22,1,1,allocated
6,1036,greenran_normal,0,0,65535_65535,0,5,11093,27,1,1,0,4,0,28,1,1,pre_allocation
6,1036,greenran_normal,0,0,65535_65535,0,5,11093,34,1,1,1,5,34,28,1,1,allocated
6,1036,greenran_normal,0,0,65535_65535,0,1,11093,34,1,1,0,5,0,28,1,1,pre_allocation
6,1036,greenran_normal,0,0,65535_65535,0,1,11093,42,1,1,1,6,42,28,1,1,allocated
6,1036,greenran_normal,0,0,65535_65535,0,2,11093,34,1,1,0,5,0,28,1,1,pre_allocation
6,1036,greenran_normal,0,0,65535_65535,0,2,11093,42,1,1,1,6,42,28,1,1,allocated
6,1036,greenran_normal,0,0,65535_65535,0,3,11093,34,1,1,0,5,0,28,1,1,pre_allocation
6,1036,greenran_normal,0,0,65535_65535,0,3,11093,42,1,1,1,6,42,28,1,1,allocated
6,1036,greenran_normal,0,0,65535_65535,0,4,11093,23,1,1,0,5,0,22,1,1,pre_allocation
6,1036,greenran_normal,0,0,65535_65535,0,4,11093,29,1,1,1,6,29,22,1,1,allocated
6,1036,greenran_normal,0,0,65535_65535,0,5,11093,34,1,1,0,5,0,28,1,1,pre_allocation
6,1036,greenran_normal,0,0,65535_65535,0,5,11093,42,1,1,1,6,42,28,1,1,allocated
6,1036,greenran_normal,0,0,65535_65535,0,1,11093,42,1,1,0,6,0,28,1,1,pre_allocation
6,1036,greenran_normal,0,0,65535_65535,0,1,11093,50,1,1,1,7,50,28,1,1,allocated
6,1036,greenran_normal,0,0,65535_65535,0,2,11093,42,1,1,0,6,0,28,1,1,pre_allocation
6,1036,greenran_normal,0,0,65535_65535,0,2,11093,50,1,1,1,7,50,28,1,1,allocated
6,1036,greenran_normal,0,0,65535_65535,0,3,11093,42,1,1,0,6,0,28,1,1,pre_allocation
6,1036,greenran_normal,0,0,65535_65535,0,3,11093,50,1,1,1,7,50,28,1,1,allocated
6,1036,greenran_normal,0,0,65535_65535,0,4,11093,29,1,1,0,6,0,22,1,1,pre_allocation
6,1036,greenran_normal,0,0,65535_65535,0,4,11093,34,1,1,1,7,34,22,1,1,allocated
6,1036,greenran_normal,0,0,65535_65535,0,5,11093,42,1,1,0,6,0,28,1,1,pre_allocation
6,1036,greenran_normal,0,0,65535_65535,0,5,11093,50,1,1,1,7,50,28,1,1,allocated
6,1036,greenran_normal,0,0,65535_65535,0,1,11093,50,1,1,0,7,0,28,1,1,pre_allocation
6,1036,greenran_normal,0,0,65535_65535,0,1,11093,57,1,1,1,8,57,28,1,1,allocated
6,1036,greenran_normal,0,0,65535_65535,0,2,11093,50,1,1,0,7,0,28,1,1,pre_allocation
6,1036,greenran_normal,0,0,65535_65535,0,2,11093,57,1,1,1,8,57,28,1,1,allocated
6,1036,greenran_normal,0,0,65535_65535,0,3,11093,50,1,1,0,7,0,28,1,1,pre_allocation
6,1036,greenran_normal,0,0,65535_65535,0,3,11093,57,1,1,1,8,57,28,1,1,allocated
6,1036,greenran_normal,0,0,65535_65535,0,4,11093,34,1,1,0,7,0,22,1,1,pre_allocation
6,1036,greenran_normal,0,0,65535_65535,0,4,11093,39,1,1,1,8,39,22,1,1,allocated
6,1036,greenran_normal,0,0,65535_65535,0,5,11093,50,1,1,0,7,0,28,1,1,pre_allocation
6,1036,greenran_normal,0,0,65535_65535,0,5,11093,57,1,1,1,8,57,28,1,1,allocated
6,1036,greenran_normal,0,0,65535_65535,0,1,11093,57,1,1,0,8,0,28,1,1,pre_allocation
6,1036,greenran_normal,0,0,65535_65535,0,1,11093,65,1,1,1,9,65,28,1,1,allocated
6,1036,greenran_normal,0,0,65535_65535,0,2,11093,57,1,1,0,8,0,28,1,1,pre_allocation
6,1036,greenran_normal,0,0,65535_65535,0,2,11093,65,1,1,1,9,65,28,1,1,allocated
6,1036,greenran_normal,0,0,65535_65535,0,3,11093,57,1,1,0,8,0,28,1,1,pre_allocation
6,1036,greenran_normal,0,0,65535_65535,0,3,11093,65,1,1,1,9,65,28,1,1,allocated
6,1036,greenran_normal,0,0,65535_65535,0,4,11093,39,1,1,0,8,0,22,1,1,pre_allocation
6,1036,greenran_normal,0,0,65535_65535,0,4,11093,45,1,1,1,9,45,22,1,1,allocated
6,1036,greenran_normal,0,0,65535_65535,0,5,11093,57,1,1,0,8,0,28,1,1,pre_allocation
6,1036,greenran_normal,0,0,65535_65535,0,5,11093,65,1,1,1,9,65,28,1,1,allocated
6,1036,greenran_normal,0,0,65535_65535,0,1,11093,65,1,1,0,9,0,28,1,1,pre_allocation
6,1036,greenran_normal,0,0,65535_65535,0,1,11093,72,1,1,1,10,72,28,1,1,allocated
6,1036,greenran_normal,0,0,65535_65535,0,2,11093,65,1,1,0,9,0,28,1,1,pre_allocation
6,1036,greenran_normal,0,0,65535_65535,0,2,11093,72,1,1,1,10,72,28,1,1,allocated
6,1036,greenran_normal,0,0,65535_65535,0,3,11093,65,1,1,0,9,0,28,1,1,pre_allocation
6,1036,greenran_normal,0,0,65535_65535,0,3,11093,72,1,1,1,10,72,28,1,1,allocated
6,1036,greenran_normal,0,0,65535_65535,0,4,11093,45,1,1,0,9,0,22,1,1,pre_allocation
6,1036,greenran_normal,0,0,65535_65535,0,4,11093,50,1,1,1,10,50,22,1,1,allocated
6,1036,greenran_normal,0,0,65535_65535,0,5,11093,65,1,1,0,9,0,28,1,1,pre_allocation
6,1036,greenran_normal,0,0,65535_65535,0,5,11093,72,1,1,1,10,72,28,1,1,allocated
6,1036,greenran_normal,0,0,65535_65535,0,1,11093,72,1,1,0,10,0,28,1,1,pre_allocation
6,1036,greenran_normal,0,0,65535_65535,0,1,11093,80,1,1,1,11,80,28,1,1,allocated
6,1036,greenran_normal,0,0,65535_65535,0,2,11093,72,1,1,0,10,0,28,1,1,pre_allocation
6,1036,greenran_normal,0,0,65535_65535,0,2,11093,80,1,1,1,11,80,28,1,1,allocated
6,1036,greenran_normal,0,0,65535_65535,0,3,11093,72,1,1,0,10,0,28,1,1,pre_allocation
6,1036,greenran_normal,0,0,65535_65535,0,3,11093,80,1,1,1,11,80,28,1,1,allocated
6,1036,greenran_normal,0,0,65535_65535,0,4,11093,50,1,1,0,10,0,22,1,1,pre_allocation
6,1036,greenran_normal,0,0,65535_65535,0,4,11093,55,1,1,1,11,55,22,1,1,allocated
6,1036,greenran_normal,0,0,65535_65535,0,5,11093,72,1,1,0,10,0,28,1,1,pre_allocation
6,1036,greenran_normal,0,0,65535_65535,0,5,11093,80,1,1,1,11,80,28,1,1,allocated
6,1036,greenran_normal,0,0,65535_65535,0,1,11093,80,1,1,0,11,0,28,1,1,pre_allocation
6,1036,greenran_normal,0,0,65535_65535,0,1,11093,88,1,1,1,12,88,28,1,1,allocated
6,1036,greenran_normal,0,0,65535_65535,0,2,11093,80,1,1,0,11,0,28,1,1,pre_allocation
6,1036,greenran_normal,0,0,65535_65535,0,2,11093,88,1,1,1,12,88,28,1,1,allocated
6,1036,greenran_normal,0,0,65535_65535,0,3,11093,80,1,1,0,11,0,28,1,1,pre_allocation
6,1036,greenran_normal,0,0,65535_65535,0,3,11093,88,1,1,1,12,88,28,1,1,allocated
6,1036,greenran_normal,0,0,65535_65535,0,4,11093,55,1,1,0,11,0,22,1,1,pre_allocation
6,1036,greenran_normal,0,0,65535_65535,0,4,11093,61,1,1,1,12,61,22,1,1,allocated
6,1036,greenran_normal,0,0,65535_65535,0,5,11093,80,1,1,0,11,0,28,1,1,pre_allocation
6,1036,greenran_normal,0,0,65535_65535,0,5,11093,88,1,1,1,12,88,28,1,1,allocated
6,1036,greenran_normal,0,0,65535_65535,0,1,11093,88,1,1,0,12,0,28,1,1,pre_allocation
6,1036,greenran_normal,0,0,65535_65535,0,1,11093,95,1,1,1,13,95,28,1,1,allocated
6,1036,greenran_normal,0,0,65535_65535,0,2,11093,88,1,1,0,12,0,28,1,1,pre_allocation
6,1036,greenran_normal,0,0,65535_65535,0,2,11093,95,1,1,1,13,95,28,1,1,allocated
6,1036,greenran_normal,0,0,65535_65535,0,3,11093,88,1,1,0,12,0,28,1,1,pre_allocation
6,1036,greenran_normal,0,0,65535_65535,0,3,11093,95,1,1,1,13,95,28,1,1,allocated
6,1036,greenran_normal,0,0,65535_65535,0,4,11093,61,1,1,0,12,0,22,1,1,pre_allocation
6,1036,greenran_normal,0,0,65535_65535,0,4,11093,66,1,1,1,13,66,22,1,1,allocated
6,1036,greenran_normal,0,0,65535_65535,0,5,11093,88,1,1,0,12,0,28,1,1,pre_allocation
6,1036,greenran_normal,0,0,65535_65535,0,5,11093,95,1,1,1,13,95,28,1,1,allocated
6,1036,greenran_normal,0,0,65535_65535,0,1,11093,95,1,1,0,13,0,28,1,1,pre_allocation
6,1036,greenran_normal,0,0,65535_65535,0,1,11093,103,1,1,1,14,103,28,1,1,allocated
6,1036,greenran_normal,0,0,65535_65535,0,2,11093,95,1,1,0,13,0,28,1,1,pre_allocation
6,1036,greenran_normal,0,0,65535_65535,0,2,11093,103,1,1,1,14,103,28,1,1,allocated
6,1036,greenran_normal,0,0,65535_65535,0,3,11093,95,1,1,0,13,0,28,1,1,pre_allocation
6,1036,greenran_normal,0,0,65535_65535,0,3,11093,103,1,1,1,14,103,28,1,1,allocated
6,1036,greenran_normal,0,0,65535_65535,0,4,11093,66,1,1,0,13,0,22,1,1,pre_allocation
6,1036,greenran_normal,0,0,65535_65535,0,4,11093,72,1,1,1,14,72,22,1,1,allocated
6,1036,greenran_normal,0,0,65535_65535,0,5,11093,95,1,1,0,13,0,28,1,1,pre_allocation
6,1036,greenran_normal,0,0,65535_65535,0,5,11093,103,1,1,1,14,103,28,1,1,allocated
6,1036,greenran_normal,0,0,65535_65535,0,1,11093,103,1,1,0,14,0,28,1,1,pre_allocation
6,1036,greenran_normal,0,0,65535_65535,0,1,11093,110,1,1,1,15,110,28,1,1,allocated
6,1036,greenran_normal,0,0,65535_65535,0,2,11093,103,1,1,0,14,0,28,1,1,pre_allocation
6,1036,greenran_normal,0,0,65535_65535,0,2,11093,110,1,1,1,15,110,28,1,1,allocated
6,1036,greenran_normal,0,0,65535_65535,0,3,11093,103,1,1,0,14,0,28,1,1,pre_allocation
6,1036,greenran_normal,0,0,65535_65535,0,3,11093,110,1,1,1,15,110,28,1,1,allocated
6,1036,greenran_normal,0,0,65535_65535,0,4,11093,72,1,1,0,14,0,22,1,1,pre_allocation
6,1036,greenran_normal,0,0,65535_65535,0,4,11093,77,1,1,1,15,77,22,1,1,allocated
6,1036,greenran_normal,0,0,65535_65535,0,5,11093,103,1,1,0,14,0,28,1,1,pre_allocation
6,1036,greenran_normal,0,0,65535_65535,0,5,11093,110,1,1,1,15,110,28,1,1,allocated
6,1036,greenran_normal,0,0,65535_65535,0,1,11093,110,1,1,0,15,0,28,1,1,pre_allocation
6,1036,greenran_normal,0,0,65535_65535,0,1,11093,118,1,1,1,16,118,28,1,1,allocated
6,1036,greenran_normal,0,0,65535_65535,0,2,11093,110,1,1,0,15,0,28,1,1,pre_allocation
6,1036,greenran_normal,0,0,65535_65535,0,2,11093,118,1,1,1,16,118,28,1,1,allocated
6,1036,greenran_normal,0,0,65535_65535,0,3,11093,110,1,1,0,15,0,28,1,1,pre_allocation
6,1036,greenran_normal,0,0,65535_65535,0,3,11093,118,1,1,1,16,118,28,1,1,allocated
6,1036,greenran_normal,0,0,65535_65535,0,4,11093,77,1,1,0,15,0,22,1,1,pre_allocation
6,1036,greenran_normal,0,0,65535_65535,0,4,11093,82,1,1,1,16,82,22,1,1,allocated
6,1036,greenran_normal,0,0,65535_65535,0,5,11093,110,1,1,0,15,0,28,1,1,pre_allocation
6,1036,greenran_normal,0,0,65535_65535,0,5,11093,118,1,1,1,16,118,28,1,1,allocated
6,1036,greenran_normal,0,0,65535_65535,0,1,11093,118,1,1,0,16,0,28,1,1,pre_allocation
6,1036,greenran_normal,0,0,65535_65535,0,1,11093,126,1,1,1,17,126,28,1,1,allocated
6,1036,greenran_normal,0,0,65535_65535,0,2,11093,118,1,1,0,16,0,28,1,1,pre_allocation
6,1036,greenran_normal,0,0,65535_65535,0,2,11093,126,1,1,1,17,126,28,1,1,allocated
6,1036,greenran_normal,0,0,65535_65535,0,3,11093,118,1,1,0,16,0,28,1,1,pre_allocation
6,1036,greenran_normal,0,0,65535_65535,0,3,11093,126,1,1,1,17,126,28,1,1,allocated
6,1036,greenran_normal,0,0,65535_65535,0,4,11093,82,1,1,0,16,0,22,1,1,pre_allocation
6,1036,greenran_normal,0,0,65535_65535,0,4,11093,88,1,1,1,17,88,22,1,1,allocated
6,1036,greenran_normal,0,0,65535_65535,0,5,11093,118,1,1,0,16,0,28,1,1,pre_allocation
6,1036,greenran_normal,0,0,65535_65535,0,5,11093,126,1,1,1,17,126,28,1,1,allocated
6,1036,greenran_normal,0,0,65535_65535,0,1,11093,126,1,1,0,17,0,28,1,1,pre_allocation
6,1036,greenran_normal,0,0,65535_65535,0,1,11093,133,1,1,1,18,133,28,1,1,allocated
6,1036,greenran_normal,0,0,65535_65535,0,2,11093,126,1,1,0,17,0,28,1,1,pre_allocation
6,1036,greenran_normal,0,0,65535_65535,0,2,11093,133,1,1,1,18,133,28,1,1,allocated
6,1036,greenran_normal,0,0,65535_65535,0,3,11093,126,1,1,0,17,0,28,1,1,pre_allocation
6,1036,greenran_normal,0,0,65535_65535,0,3,11093,133,1,1,1,18,133,28,1,1,allocated
6,1036,greenran_normal,0,0,65535_65535,0,4,11093,88,1,1,0,17,0,22,1,1,pre_allocation
6,1036,greenran_normal,0,0,65535_65535,0,4,11093,93,1,1,1,18,93,22,1,1,allocated
6,1036,greenran_normal,0,0,65535_65535,0,5,11093,126,1,1,0,17,0,28,1,1,pre_allocation
6,1036,greenran_normal,0,0,65535_65535,0,5,11093,133,1,1,1,18,133,28,1,1,allocated
6,1036,greenran_normal,0,0,65535_65535,0,1,11093,133,1,1,0,18,0,28,1,1,pre_allocation
6,1036,greenran_normal,0,0,65535_65535,0,1,11093,141,1,1,1,19,141,28,1,1,allocated
6,1036,greenran_normal,0,0,65535_65535,0,2,11093,133,1,1,0,18,0,28,1,1,pre_allocation
6,1036,greenran_normal,0,0,65535_65535,0,2,11093,141,1,1,1,19,141,28,1,1,allocated
6,1036,greenran_normal,0,0,65535_65535,0,3,11093,133,1,1,0,18,0,28,1,1,pre_allocation
6,1036,greenran_normal,0,0,65535_65535,0,3,11093,141,1,1,1,19,141,28,1,1,allocated
6,1036,greenran_normal,0,0,65535_65535,0,4,11093,93,1,1,0,18,0,22,1,1,pre_allocation
6,1036,greenran_normal,0,0,65535_65535,0,4,11093,98,1,1,1,19,98,22,1,1,allocated
6,1036,greenran_normal,0,0,65535_65535,2,38,339421,0,1,1,0,0,0,15,1,1,pre_allocation
6,1036,greenran_normal,0,0,65535_65535,2,38,339421,2,1,1,1,1,2,15,1,1,allocated
6,1036,greenran_normal,0,0,65535_65535,2,60,339248,0,1,1,0,0,0,14,1,1,pre_allocation
6,1036,greenran_normal,0,0,65535_65535,2,60,339248,2,1,1,1,1,2,14,1,1,allocated
6,1036,greenran_normal,0,0,65535_65535,2,43,339205,0,1,1,0,0,0,18,1,1,pre_allocation
6,1036,greenran_normal,0,0,65535_65535,2,43,339205,0,1,1,1,1,0,18,1,1,allocated
6,1036,greenran_normal,0,0,65535_65535,2,64,339228,0,1,1,0,0,0,18,1,1,pre_allocation
6,1036,greenran_normal,0,0,65535_65535,2,64,339228,0,1,1,1,1,0,18,1,1,allocated
6,1036,greenran_normal,0,0,65535_65535,2,42,339049,0,1,1,0,0,0,24,1,1,pre_allocation
6,1036,greenran_normal,0,0,65535_65535,2,42,339049,3,1,1,1,1,3,24,1,1,allocated
6,1036,greenran_normal,0,0,65535_65535,2,36,338999,0,1,1,0,0,0,28,1,1,pre_allocation
6,1036,greenran_normal,0,0,65535_65535,2,36,338999,4,1,1,1,1,4,28,1,1,allocated
6,1036,greenran_normal,0,0,65535_65535,2,58,339029,0,1,1,0,0,0,26,1,1,pre_allocation
6,1036,greenran_normal,0,0,65535_65535,2,58,339029,4,1,1,1,1,4,26,1,1,allocated
6,1036,greenran_normal,0,0,65535_65535,2,35,338960,0,1,1,0,0,0,28,1,1,pre_allocation
6,1036,greenran_normal,0,0,65535_65535,2,35,338960,4,1,1,1,1,4,28,1,1,allocated
6,1036,greenran_normal,0,0,65535_65535,2,44,338960,0,1,1,0,0,0,28,1,1,pre_allocation
6,1036,greenran_normal,0,0,65535_65535,2,44,338960,4,1,1,1,1,4,28,1,1,allocated
6,1036,greenran_normal,0,0,65535_65535,2,55,338960,0,1,1,0,0,0,28,1,1,pre_allocation
6,1036,greenran_normal,0,0,65535_65535,2,55,338960,4,1,1,1,1,4,28,1,1,allocated
6,1036,greenran_normal,0,0,65535_65535,2,56,338960,0,1,1,0,0,0,28,1,1,pre_allocation
6,1036,greenran_normal,0,0,65535_65535,2,56,338960,4,1,1,1,1,4,28,1,1,allocated
6,1036,greenran_normal,0,0,65535_65535,2,57,338960,0,1,1,0,0,0,28,1,1,pre_allocation
6,1036,greenran_normal,0,0,65535_65535,2,57,338960,4,1,1,1,1,4,28,1,1,allocated
6,1036,greenran_normal,0,0,65535_65535,2,37,338962,0,1,1,0,0,0,28,1,1,pre_allocation
6,1036,greenran_normal,0,0,65535_65535,2,37,338962,4,1,1,1,1,4,28,1,1,allocated
6,1036,greenran_normal,0,0,65535_65535,2,39,338962,0,1,1,0,0,0,28,1,1,pre_allocation
6,1036,greenran_normal,0,0,65535_65535,2,39,338962,4,1,1,1,1,4,28,1,1,allocated
6,1036,greenran_normal,0,0,65535_65535,2,40,338962,0,1,1,0,0,0,28,1,1,pre_allocation
6,1036,greenran_normal,0,0,65535_65535,2,40,338962,4,1,1,1,1,4,28,1,1,allocated
6,1036,greenran_normal,0,0,65535_65535,2,41,338962,0,1,1,0,0,0,28,1,1,pre_allocation
6,1036,greenran_normal,0,0,65535_65535,2,41,338962,4,1,1,1,1,4,28,1,1,allocated
6,1036,greenran_normal,0,0,65535_65535,2,59,338992,0,1,1,0,0,0,28,1,1,pre_allocation
6,1036,greenran_normal,0,0,65535_65535,2,59,338992,4,1,1,1,1,4,28,1,1,allocated
6,1036,greenran_normal,0,0,65535_65535,2,63,338957,0,1,1,0,0,0,28,1,1,pre_allocation
6,1036,greenran_normal,0,0,65535_65535,2,63,338957,4,1,1,1,1,4,28,1,1,allocated
6,1036,greenran_normal,0,0,65535_65535,2,62,338957,0,1,1,0,0,0,28,1,1,pre_allocation
6,1036,greenran_normal,0,0,65535_65535,2,62,338957,4,1,1,1,1,4,28,1,1,allocated
6,1036,greenran_normal,0,0,65535_65535,2,61,338957,0,1,1,0,0,0,28,1,1,pre_allocation
6,1036,greenran_normal,0,0,65535_65535,2,61,338957,4,1,1,1,1,4,28,1,1,allocated
6,1036,greenran_normal,0,0,65535_65535,2,38,339421,2,1,1,0,1,0,15,1,1,pre_allocation
6,1036,greenran_normal,0,0,65535_65535,2,38,339421,2,1,1,1,2,2,15,1,1,allocated
6,1036,greenran_normal,0,0,65535_65535,2,60,339248,2,1,1,0,1,0,14,1,1,pre_allocation
6,1036,greenran_normal,0,0,65535_65535,2,60,339248,2,1,1,1,2,2,14,1,1,allocated
6,1036,greenran_normal,0,0,65535_65535,2,43,339205,0,1,1,0,1,0,18,1,1,pre_allocation
6,1036,greenran_normal,0,0,65535_65535,2,43,339205,4,1,1,1,2,4,18,1,1,allocated
6,1036,greenran_normal,0,0,65535_65535,2,64,339228,0,1,1,0,1,0,18,1,1,pre_allocation
6,1036,greenran_normal,0,0,65535_65535,2,64,339228,4,1,1,1,2,4,18,1,1,allocated
6,1036,greenran_normal,0,0,65535_65535,2,42,339049,3,1,1,0,1,0,24,1,1,pre_allocation
6,1036,greenran_normal,0,0,65535_65535,2,42,339049,9,1,1,1,2,9,24,1,1,allocated
6,1036,greenran_normal,0,0,65535_65535,2,36,338999,4,1,1,0,1,0,28,1,1,pre_allocation
6,1036,greenran_normal,0,0,65535_65535,2,36,338999,12,1,1,1,2,12,28,1,1,allocated
6,1036,greenran_normal,0,0,65535_65535,2,58,339029,4,1,1,0,1,0,26,1,1,pre_allocation
6,1036,greenran_normal,0,0,65535_65535,2,58,339029,11,1,1,1,2,11,26,1,1,allocated
6,1036,greenran_normal,0,0,65535_65535,2,35,338960,4,1,1,0,1,0,28,1,1,pre_allocation
6,1036,greenran_normal,0,0,65535_65535,2,35,338960,12,1,1,1,2,12,28,1,1,allocated
6,1036,greenran_normal,0,0,65535_65535,2,44,338960,4,1,1,0,1,0,28,1,1,pre_allocation
6,1036,greenran_normal,0,0,65535_65535,2,44,338960,12,1,1,1,2,12,28,1,1,allocated
6,1036,greenran_normal,0,0,65535_65535,2,55,338960,4,1,1,0,1,0,28,1,1,pre_allocation
6,1036,greenran_normal,0,0,65535_65535,2,55,338960,12,1,1,1,2,12,28,1,1,allocated
6,1036,greenran_normal,0,0,65535_65535,2,56,338960,4,1,1,0,1,0,28,1,1,pre_allocation
6,1036,greenran_normal,0,0,65535_65535,2,56,338960,12,1,1,1,2,12,28,1,1,allocated
6,1036,greenran_normal,0,0,65535_65535,2,57,338960,4,1,1,0,1,0,28,1,1,pre_allocation
6,1036,greenran_normal,0,0,65535_65535,2,57,338960,12,1,1,1,2,12,28,1,1,allocated
6,1036,greenran_normal,0,0,65535_65535,2,37,338962,4,1,1,0,1,0,28,1,1,pre_allocation
6,1036,greenran_normal,0,0,65535_65535,2,37,338962,12,1,1,1,2,12,28,1,1,allocated
6,1036,greenran_normal,0,0,65535_65535,2,39,338962,4,1,1,0,1,0,28,1,1,pre_allocation
6,1036,greenran_normal,0,0,65535_65535,2,39,338962,12,1,1,1,2,12,28,1,1,allocated
6,1036,greenran_normal,0,0,65535_65535,2,40,338962,4,1,1,0,1,0,28,1,1,pre_allocation
6,1036,greenran_normal,0,0,65535_65535,2,40,338962,12,1,1,1,2,12,28,1,1,allocated
6,1036,greenran_normal,0,0,65535_65535,2,41,338962,4,1,1,0,1,0,28,1,1,pre_allocation
6,1036,greenran_normal,0,0,65535_65535,2,41,338962,12,1,1,1,2,12,28,1,1,allocated
6,1036,greenran_normal,0,0,65535_65535,2,59,338992,4,1,1,0,1,0,28,1,1,pre_allocation
6,1036,greenran_normal,0,0,65535_65535,2,59,338992,12,1,1,1,2,12,28,1,1,allocated
6,1036,greenran_normal,0,0,65535_65535,2,63,338957,4,1,1,0,1,0,28,1,1,pre_allocation
6,1036,greenran_normal,0,0,65535_65535,2,63,338957,12,1,1,1,2,12,28,1,1,allocated
6,1036,greenran_normal,0,0,65535_65535,2,62,338957,4,1,1,0,1,0,28,1,1,pre_allocation
6,1036,greenran_normal,0,0,65535_65535,2,62,338957,12,1,1,1,2,12,28,1,1,allocated
6,1036,greenran_normal,0,0,65535_65535,2,61,338957,4,1,1,0,1,0,28,1,1,pre_allocation
6,1036,greenran_normal,0,0,65535_65535,2,61,338957,12,1,1,1,2,12,28,1,1,allocated
6,1036,greenran_normal,0,0,65535_65535,2,38,339421,2,1,1,0,2,0,15,1,1,pre_allocation
6,1036,greenran_normal,0,0,65535_65535,2,38,339421,5,1,1,1,3,5,15,1,1,allocated
6,1036,greenran_normal,0,0,65535_65535,2,60,339248,2,1,1,0,2,0,14,1,1,pre_allocation
6,1036,greenran_normal,0,0,65535_65535,2,60,339248,4,1,1,1,3,4,14,1,1,allocated
6,1036,greenran_normal,0,0,65535_65535,2,43,339205,4,1,1,0,2,0,18,1,1,pre_allocation
6,1036,greenran_normal,0,0,65535_65535,2,43,339205,8,1,1,1,3,8,18,1,1,allocated
6,1036,greenran_normal,0,0,65535_65535,2,64,339228,4,1,1,0,2,0,18,1,1,pre_allocation
6,1036,greenran_normal,0,0,65535_65535,2,64,339228,8,1,1,1,3,8,18,1,1,allocated
6,1036,greenran_normal,0,0,65535_65535,2,42,339049,9,1,1,0,2,0,24,1,1,pre_allocation
6,1036,greenran_normal,0,0,65535_65535,2,42,339049,15,1,1,1,3,15,24,1,1,allocated
6,1036,greenran_normal,0,0,65535_65535,2,36,338999,12,1,1,0,2,0,28,1,1,pre_allocation
6,1036,greenran_normal,0,0,65535_65535,2,36,338999,19,1,1,1,3,19,28,1,1,allocated
6,1036,greenran_normal,0,0,65535_65535,2,58,339029,11,1,1,0,2,0,26,1,1,pre_allocation
6,1036,greenran_normal,0,0,65535_65535,2,58,339029,18,1,1,1,3,18,26,1,1,allocated
6,1036,greenran_normal,0,0,65535_65535,2,35,338960,12,1,1,0,2,0,28,1,1,pre_allocation
6,1036,greenran_normal,0,0,65535_65535,2,35,338960,19,1,1,1,3,19,28,1,1,allocated
6,1036,greenran_normal,0,0,65535_65535,2,44,338960,12,1,1,0,2,0,28,1,1,pre_allocation
6,1036,greenran_normal,0,0,65535_65535,2,44,338960,19,1,1,1,3,19,28,1,1,allocated
6,1036,greenran_normal,0,0,65535_65535,2,55,338960,12,1,1,0,2,0,28,1,1,pre_allocation
6,1036,greenran_normal,0,0,65535_65535,2,55,338960,19,1,1,1,3,19,28,1,1,allocated
6,1036,greenran_normal,0,0,65535_65535,2,56,338960,12,1,1,0,2,0,28,1,1,pre_allocation
6,1036,greenran_normal,0,0,65535_65535,2,56,338960,19,1,1,1,3,19,28,1,1,allocated
6,1036,greenran_normal,0,0,65535_65535,2,57,338960,12,1,1,0,2,0,28,1,1,pre_allocation
6,1036,greenran_normal,0,0,65535_65535,2,57,338960,19,1,1,1,3,19,28,1,1,allocated
6,1036,greenran_normal,0,0,65535_65535,2,37,338962,12,1,1,0,2,0,28,1,1,pre_allocation
6,1036,greenran_normal,0,0,65535_65535,2,37,338962,19,1,1,1,3,19,28,1,1,allocated
6,1036,greenran_normal,0,0,65535_65535,2,39,338962,12,1,1,0,2,0,28,1,1,pre_allocation
6,1036,greenran_normal,0,0,65535_65535,2,39,338962,19,1,1,1,3,19,28,1,1,allocated
6,1036,greenran_normal,0,0,65535_65535,2,40,338962,12,1,1,0,2,0,28,1,1,pre_allocation
6,1036,greenran_normal,0,0,65535_65535,2,40,338962,19,1,1,1,3,19,28,1,1,allocated
6,1036,greenran_normal,0,0,65535_65535,2,41,338962,12,1,1,0,2,0,28,1,1,pre_allocation
6,1036,greenran_normal,0,0,65535_65535,2,41,338962,19,1,1,1,3,19,28,1,1,allocated
6,1036,greenran_normal,0,0,65535_65535,2,59,338992,12,1,1,0,2,0,28,1,1,pre_allocation
6,1036,greenran_normal,0,0,65535_65535,2,59,338992,19,1,1,1,3,19,28,1,1,allocated
6,1036,greenran_normal,0,0,65535_65535,2,63,338957,12,1,1,0,2,0,28,1,1,pre_allocation
6,1036,greenran_normal,0,0,65535_65535,2,63,338957,19,1,1,1,3,19,28,1,1,allocated
6,1036,greenran_normal,0,0,65535_65535,2,62,338957,12,1,1,0,2,0,28,1,1,pre_allocation
6,1036,greenran_normal,0,0,65535_65535,2,62,338957,19,1,1,1,3,19,28,1,1,allocated
6,1036,greenran_normal,0,0,65535_65535,2,61,338957,12,1,1,0,2,0,28,1,1,pre_allocation
6,1036,greenran_normal,0,0,65535_65535,2,61,338957,19,1,1,1,3,19,28,1,1,allocated
6,1036,greenran_normal,0,0,65535_65535,2,38,339421,5,1,1,0,3,0,15,1,1,pre_allocation
6,1036,greenran_normal,0,0,65535_65535,2,38,339421,8,1,1,1,4,8,15,1,1,allocated
6,1036,greenran_normal,0,0,65535_65535,2,60,339248,4,1,1,0,3,0,14,1,1,pre_allocation
6,1036,greenran_normal,0,0,65535_65535,2,60,339248,7,1,1,1,4,7,14,1,1,allocated
6,1036,greenran_normal,0,0,65535_65535,2,43,339205,8,1,1,0,3,0,18,1,1,pre_allocation
6,1036,greenran_normal,0,0,65535_65535,2,43,339205,11,1,1,1,4,11,18,1,1,allocated
6,1036,greenran_normal,0,0,65535_65535,2,64,339228,8,1,1,0,3,0,18,1,1,pre_allocation
6,1036,greenran_normal,0,0,65535_65535,2,64,339228,11,1,1,1,4,11,18,1,1,allocated
6,1036,greenran_normal,0,0,65535_65535,2,42,339049,15,1,1,0,3,0,24,1,1,pre_allocation
6,1036,greenran_normal,0,0,65535_65535,2,42,339049,21,1,1,1,4,21,24,1,1,allocated
6,1036,greenran_normal,0,0,65535_65535,2,36,338999,19,1,1,0,3,0,28,1,1,pre_allocation
6,1036,greenran_normal,0,0,65535_65535,2,36,338999,27,1,1,1,4,27,28,1,1,allocated
6,1036,greenran_normal,0,0,65535_65535,2,58,339029,18,1,1,0,3,0,26,1,1,pre_allocation
6,1036,greenran_normal,0,0,65535_65535,2,58,339029,25,1,1,1,4,25,26,1,1,allocated
6,1036,greenran_normal,0,0,65535_65535,2,35,338960,19,1,1,0,3,0,28,1,1,pre_allocation
6,1036,greenran_normal,0,0,65535_65535,2,35,338960,27,1,1,1,4,27,28,1,1,allocated
6,1036,greenran_normal,0,0,65535_65535,2,44,338960,19,1,1,0,3,0,28,1,1,pre_allocation
6,1036,greenran_normal,0,0,65535_65535,2,44,338960,27,1,1,1,4,27,28,1,1,allocated
6,1036,greenran_normal,0,0,65535_65535,2,55,338960,19,1,1,0,3,0,28,1,1,pre_allocation
6,1036,greenran_normal,0,0,65535_65535,2,55,338960,27,1,1,1,4,27,28,1,1,allocated
6,1036,greenran_normal,0,0,65535_65535,2,56,338960,19,1,1,0,3,0,28,1,1,pre_allocation
6,1036,greenran_normal,0,0,65535_65535,2,56,338960,27,1,1,1,4,27,28,1,1,allocated
6,1036,greenran_normal,0,0,65535_65535,2,57,338960,19,1,1,0,3,0,28,1,1,pre_allocation
6,1036,greenran_normal,0,0,65535_65535,2,57,338960,27,1,1,1,4,27,28,1,1,allocated
6,1036,greenran_normal,0,0,65535_65535,2,37,338962,19,1,1,0,3,0,28,1,1,pre_allocation
6,1036,greenran_normal,0,0,65535_65535,2,37,338962,27,1,1,1,4,27,28,1,1,allocated
6,1036,greenran_normal,0,0,65535_65535,2,39,338962,19,1,1,0,3,0,28,1,1,pre_allocation
6,1036,greenran_normal,0,0,65535_65535,2,39,338962,27,1,1,1,4,27,28,1,1,allocated
6,1036,greenran_normal,0,0,65535_65535,2,40,338962,19,1,1,0,3,0,28,1,1,pre_allocation
6,1036,greenran_normal,0,0,65535_65535,2,40,338962,27,1,1,1,4,27,28,1,1,allocated
6,1036,greenran_normal,0,0,65535_65535,2,41,338962,19,1,1,0,3,0,28,1,1,pre_allocation
6,1036,greenran_normal,0,0,65535_65535,2,41,338962,27,1,1,1,4,27,28,1,1,allocated
6,1036,greenran_normal,0,0,65535_65535,2,59,338992,19,1,1,0,3,0,28,1,1,pre_allocation
6,1036,greenran_normal,0,0,65535_65535,2,59,338992,27,1,1,1,4,27,28,1,1,allocated
6,1036,greenran_normal,0,0,65535_65535,2,63,338957,19,1,1,0,3,0,28,1,1,pre_allocation
6,1036,greenran_normal,0,0,65535_65535,2,63,338957,27,1,1,1,4,27,28,1,1,allocated
6,1036,greenran_normal,0,0,65535_65535,2,62,338957,19,1,1,0,3,0,28,1,1,pre_allocation
6,1036,greenran_normal,0,0,65535_65535,2,62,338957,27,1,1,1,4,27,28,1,1,allocated
6,1036,greenran_normal,0,0,65535_65535,2,61,338957,19,1,1,0,3,0,28,1,1,pre_allocation
6,1036,greenran_normal,0,0,65535_65535,2,61,338957,27,1,1,1,4,27,28,1,1,allocated
6,1036,greenran_normal,0,0,65535_65535,2,38,339421,8,1,1,0,4,0,15,1,1,pre_allocation
6,1036,greenran_normal,0,0,65535_65535,2,38,339421,11,1,1,1,5,11,15,1,1,allocated
6,1036,greenran_normal,0,0,65535_65535,2,60,339248,7,1,1,0,4,0,14,1,1,pre_allocation
6,1036,greenran_normal,0,0,65535_65535,2,60,339248,10,1,1,1,5,10,14,1,1,allocated
6,1036,greenran_normal,0,0,65535_65535,2,43,339205,11,1,1,0,4,0,18,1,1,pre_allocation
6,1036,greenran_normal,0,0,65535_65535,2,43,339205,15,1,1,1,5,15,18,1,1,allocated
6,1036,greenran_normal,0,0,65535_65535,2,64,339228,11,1,1,0,4,0,18,1,1,pre_allocation
6,1036,greenran_normal,0,0,65535_65535,2,64,339228,15,1,1,1,5,15,18,1,1,allocated
6,1036,greenran_normal,0,0,65535_65535,2,42,339049,21,1,1,0,4,0,24,1,1,pre_allocation
6,1036,greenran_normal,0,0,65535_65535,2,42,339049,27,1,1,1,5,27,24,1,1,allocated
6,1036,greenran_normal,0,0,65535_65535,2,36,338999,27,1,1,0,4,0,28,1,1,pre_allocation
6,1036,greenran_normal,0,0,65535_65535,2,36,338999,34,1,1,1,5,34,28,1,1,allocated
6,1036,greenran_normal,0,0,65535_65535,2,58,339029,25,1,1,0,4,0,26,1,1,pre_allocation
6,1036,greenran_normal,0,0,65535_65535,2,58,339029,32,1,1,1,5,32,26,1,1,allocated
6,1036,greenran_normal,0,0,65535_65535,2,35,338960,27,1,1,0,4,0,28,1,1,pre_allocation
6,1036,greenran_normal,0,0,65535_65535,2,35,338960,34,1,1,1,5,34,28,1,1,allocated
6,1036,greenran_normal,0,0,65535_65535,2,44,338960,27,1,1,0,4,0,28,1,1,pre_allocation
6,1036,greenran_normal,0,0,65535_65535,2,44,338960,34,1,1,1,5,34,28,1,1,allocated
6,1036,greenran_normal,0,0,65535_65535,2,55,338960,27,1,1,0,4,0,28,1,1,pre_allocation
6,1036,greenran_normal,0,0,65535_65535,2,55,338960,34,1,1,1,5,34,28,1,1,allocated
6,1036,greenran_normal,0,0,65535_65535,2,56,338960,27,1,1,0,4,0,28,1,1,pre_allocation
6,1036,greenran_normal,0,0,65535_65535,2,56,338960,34,1,1,1,5,34,28,1,1,allocated
6,1036,greenran_normal,0,0,65535_65535,2,57,338960,27,1,1,0,4,0,28,1,1,pre_allocation
6,1036,greenran_normal,0,0,65535_65535,2,57,338960,34,1,1,1,5,34,28,1,1,allocated
6,1036,greenran_normal,0,0,65535_65535,2,37,338962,27,1,1,0,4,0,28,1,1,pre_allocation
6,1036,greenran_normal,0,0,65535_65535,2,37,338962,34,1,1,1,5,34,28,1,1,allocated
6,1036,greenran_normal,0,0,65535_65535,2,39,338962,27,1,1,0,4,0,28,1,1,pre_allocation
6,1036,greenran_normal,0,0,65535_65535,2,39,338962,34,1,1,1,5,34,28,1,1,allocated
6,1036,greenran_normal,0,0,65535_65535,2,40,338962,27,1,1,0,4,0,28,1,1,pre_allocation
6,1036,greenran_normal,0,0,65535_65535,2,40,338962,34,1,1,1,5,34,28,1,1,allocated
6,1036,greenran_normal,0,0,65535_65535,2,41,338962,27,1,1,0,4,0,28,1,1,pre_allocation
6,1036,greenran_normal,0,0,65535_65535,2,41,338962,34,1,1,1,5,34,28,1,1,allocated
6,1036,greenran_normal,0,0,65535_65535,2,59,338992,27,1,1,0,4,0,28,1,1,pre_allocation
6,1036,greenran_normal,0,0,65535_65535,2,59,338992,34,1,1,1,5,34,28,1,1,allocated
6,1036,greenran_normal,0,0,65535_65535,2,63,338957,27,1,1,0,4,0,28,1,1,pre_allocation
6,1036,greenran_normal,0,0,65535_65535,2,63,338957,34,1,1,1,5,34,28,1,1,allocated
6,1036,greenran_normal,0,0,65535_65535,2,62,338957,27,1,1,0,4,0,28,1,1,pre_allocation
6,1036,greenran_normal,0,0,65535_65535,2,62,338957,34,1,1,1,5,34,28,1,1,allocated
6,1036,greenran_normal,0,0,65535_65535,2,61,338957,27,1,1,0,4,0,28,1,1,pre_allocation
6,1036,greenran_normal,0,0,65535_65535,2,61,338957,34,1,1,1,5,34,28,1,1,allocated
6,1036,greenran_normal,0,0,65535_65535,2,38,339421,11,1,1,0,5,0,15,1,1,pre_allocation
6,1036,greenran_normal,0,0,65535_65535,2,38,339421,14,1,1,1,6,14,15,1,1,allocated
6,1036,greenran_normal,0,0,65535_65535,2,60,339248,10,1,1,0,5,0,14,1,1,pre_allocation
6,1036,greenran_normal,0,0,65535_65535,2,60,339248,12,1,1,1,6,12,14,1,1,allocated
6,1036,greenran_normal,0,0,65535_65535,2,43,339205,15,1,1,0,5,0,18,1,1,pre_allocation
6,1036,greenran_normal,0,0,65535_65535,2,43,339205,19,1,1,1,6,19,18,1,1,allocated
6,1036,greenran_normal,0,0,65535_65535,2,64,339228,15,1,1,0,5,0,18,1,1,pre_allocation
6,1036,greenran_normal,0,0,65535_65535,2,64,339228,19,1,1,1,6,19,18,1,1,allocated
6,1036,greenran_normal,0,0,65535_65535,2,42,339049,27,1,1,0,5,0,24,1,1,pre_allocation
6,1036,greenran_normal,0,0,65535_65535,2,42,339049,34,1,1,1,6,34,24,1,1,allocated
6,1036,greenran_normal,0,0,65535_65535,2,36,338999,34,1,1,0,5,0,28,1,1,pre_allocation
6,1036,greenran_normal,0,0,65535_65535,2,36,338999,42,1,1,1,6,42,28,1,1,allocated
6,1036,greenran_normal,0,0,65535_65535,2,58,339029,32,1,1,0,5,0,26,1,1,pre_allocation
6,1036,greenran_normal,0,0,65535_65535,2,58,339029,39,1,1,1,6,39,26,1,1,allocated
6,1036,greenran_normal,0,0,65535_65535,2,35,338960,34,1,1,0,5,0,28,1,1,pre_allocation
6,1036,greenran_normal,0,0,65535_65535,2,35,338960,42,1,1,1,6,42,28,1,1,allocated
6,1036,greenran_normal,0,0,65535_65535,2,44,338960,34,1,1,0,5,0,28,1,1,pre_allocation
6,1036,greenran_normal,0,0,65535_65535,2,44,338960,42,1,1,1,6,42,28,1,1,allocated
6,1036,greenran_normal,0,0,65535_65535,2,55,338960,34,1,1,0,5,0,28,1,1,pre_allocation
6,1036,greenran_normal,0,0,65535_65535,2,55,338960,42,1,1,1,6,42,28,1,1,allocated
6,1036,greenran_normal,0,0,65535_65535,2,56,338960,34,1,1,0,5,0,28,1,1,pre_allocation
6,1036,greenran_normal,0,0,65535_65535,2,56,338960,42,1,1,1,6,42,28,1,1,allocated
6,1036,greenran_normal,0,0,65535_65535,2,57,338960,34,1,1,0,5,0,28,1,1,pre_allocation
6,1036,greenran_normal,0,0,65535_65535,2,57,338960,42,1,1,1,6,42,28,1,1,allocated
6,1036,greenran_normal,0,0,65535_65535,2,37,338962,34,1,1,0,5,0,28,1,1,pre_allocation
6,1036,greenran_normal,0,0,65535_65535,2,37,338962,42,1,1,1,6,42,28,1,1,allocated
6,1036,greenran_normal,0,0,65535_65535,2,39,338962,34,1,1,0,5,0,28,1,1,pre_allocation
6,1036,greenran_normal,0,0,65535_65535,2,39,338962,42,1,1,1,6,42,28,1,1,allocated
6,1036,greenran_normal,0,0,65535_65535,2,40,338962,34,1,1,0,5,0,28,1,1,pre_allocation
6,1036,greenran_normal,0,0,65535_65535,2,40,338962,42,1,1,1,6,42,28,1,1,allocated
6,1036,greenran_normal,0,0,65535_65535,2,41,338962,34,1,1,0,5,0,28,1,1,pre_allocation
6,1036,greenran_normal,0,0,65535_65535,2,41,338962,42,1,1,1,6,42,28,1,1,allocated
6,1036,greenran_normal,0,0,65535_65535,2,59,338992,34,1,1,0,5,0,28,1,1,pre_allocation
6,1036,greenran_normal,0,0,65535_65535,2,59,338992,42,1,1,1,6,42,28,1,1,allocated
6,1036,greenran_normal,0,0,65535_65535,2,63,338957,34,1,1,0,5,0,28,1,1,pre_allocation
6,1036,greenran_normal,0,0,65535_65535,2,63,338957,42,1,1,1,6,42,28,1,1,allocated
6,1036,greenran_normal,0,0,65535_65535,2,62,338957,34,1,1,0,5,0,28,1,1,pre_allocation
6,1036,greenran_normal,0,0,65535_65535,2,62,338957,42,1,1,1,6,42,28,1,1,allocated
6,1036,greenran_normal,0,0,65535_65535,2,61,338957,34,1,1,0,5,0,28,1,1,pre_allocation
6,1036,greenran_normal,0,0,65535_65535,2,61,338957,42,1,1,1,6,42,28,1,1,allocated
6,1036,greenran_normal,0,0,65535_65535,2,38,339421,14,1,1,0,6,0,15,1,1,pre_allocation
6,1036,greenran_normal,0,0,65535_65535,2,38,339421,17,1,1,1,7,17,15,1,1,allocated
6,1036,greenran_normal,0,0,65535_65535,2,60,339248,12,1,1,0,6,0,14,1,1,pre_allocation
6,1036,greenran_normal,0,0,65535_65535,2,60,339248,15,1,1,1,7,15,14,1,1,allocated
6,1036,greenran_normal,0,0,65535_65535,2,43,339205,19,1,1,0,6,0,18,1,1,pre_allocation
6,1036,greenran_normal,0,0,65535_65535,2,43,339205,22,1,1,1,7,22,18,1,1,allocated
6,1036,greenran_normal,0,0,65535_65535,2,64,339228,19,1,1,0,6,0,18,1,1,pre_allocation
6,1036,greenran_normal,0,0,65535_65535,2,64,339228,22,1,1,1,7,22,18,1,1,allocated
6,1036,greenran_normal,0,0,65535_65535,2,42,339049,34,1,1,0,6,0,24,1,1,pre_allocation
6,1036,greenran_normal,0,0,65535_65535,2,42,339049,40,1,1,1,7,40,24,1,1,allocated
6,1036,greenran_normal,0,0,65535_65535,2,36,338999,42,1,1,0,6,0,28,1,1,pre_allocation
6,1036,greenran_normal,0,0,65535_65535,2,36,338999,50,1,1,1,7,50,28,1,1,allocated
6,1036,greenran_normal,0,0,65535_65535,2,58,339029,39,1,1,0,6,0,26,1,1,pre_allocation
6,1036,greenran_normal,0,0,65535_65535,2,58,339029,46,1,1,1,7,46,26,1,1,allocated
6,1036,greenran_normal,0,0,65535_65535,2,35,338960,42,1,1,0,6,0,28,1,1,pre_allocation
6,1036,greenran_normal,0,0,65535_65535,2,35,338960,50,1,1,1,7,50,28,1,1,allocated
6,1036,greenran_normal,0,0,65535_65535,2,44,338960,42,1,1,0,6,0,28,1,1,pre_allocation
6,1036,greenran_normal,0,0,65535_65535,2,44,338960,50,1,1,1,7,50,28,1,1,allocated
6,1036,greenran_normal,0,0,65535_65535,2,55,338960,42,1,1,0,6,0,28,1,1,pre_allocation
6,1036,greenran_normal,0,0,65535_65535,2,55,338960,50,1,1,1,7,50,28,1,1,allocated
6,1036,greenran_normal,0,0,65535_65535,2,56,338960,42,1,1,0,6,0,28,1,1,pre_allocation
6,1036,greenran_normal,0,0,65535_65535,2,56,338960,50,1,1,1,7,50,28,1,1,allocated
6,1036,greenran_normal,0,0,65535_65535,2,57,338960,42,1,1,0,6,0,28,1,1,pre_allocation
6,1036,greenran_normal,0,0,65535_65535,2,57,338960,50,1,1,1,7,50,28,1,1,allocated
6,1036,greenran_normal,0,0,65535_65535,2,37,338962,42,1,1,0,6,0,28,1,1,pre_allocation
6,1036,greenran_normal,0,0,65535_65535,2,37,338962,50,1,1,1,7,50,28,1,1,allocated
6,1036,greenran_normal,0,0,65535_65535,2,39,338962,42,1,1,0,6,0,28,1,1,pre_allocation
6,1036,greenran_normal,0,0,65535_65535,2,39,338962,50,1,1,1,7,50,28,1,1,allocated
6,1036,greenran_normal,0,0,65535_65535,2,40,338962,42,1,1,0,6,0,28,1,1,pre_allocation
6,1036,greenran_normal,0,0,65535_65535,2,40,338962,50,1,1,1,7,50,28,1,1,allocated
6,1036,greenran_normal,0,0,65535_65535,2,41,338962,42,1,1,0,6,0,28,1,1,pre_allocation
6,1036,greenran_normal,0,0,65535_65535,2,41,338962,50,1,1,1,7,50,28,1,1,allocated
6,1036,greenran_normal,0,0,65535_65535,2,59,338992,42,1,1,0,6,0,28,1,1,pre_allocation
6,1036,greenran_normal,0,0,65535_65535,2,59,338992,50,1,1,1,7,50,28,1,1,allocated
6,1036,greenran_normal,0,0,65535_65535,2,63,338957,42,1,1,0,6,0,28,1,1,pre_allocation
6,1036,greenran_normal,0,0,65535_65535,2,63,338957,50,1,1,1,7,50,28,1,1,allocated
6,1036,greenran_normal,0,0,65535_65535,2,62,338957,42,1,1,0,6,0,28,1,1,pre_allocation
6,1036,greenran_normal,0,0,65535_65535,2,62,338957,50,1,1,1,7,50,28,1,1,allocated
6,1036,greenran_normal,0,0,65535_65535,2,61,338957,42,1,1,0,6,0,28,1,1,pre_allocation
6,1036,greenran_normal,0,0,65535_65535,2,61,338957,50,1,1,1,7,50,28,1,1,allocated
6,1036,greenran_normal,0,0,65535_65535,2,38,339421,17,1,1,0,7,0,15,1,1,pre_allocation
6,1036,greenran_normal,0,0,65535_65535,2,38,339421,20,1,1,1,8,20,15,1,1,allocated
6,1036,greenran_normal,0,0,65535_65535,2,60,339248,15,1,1,0,7,0,14,1,1,pre_allocation
6,1036,greenran_normal,0,0,65535_65535,2,60,339248,18,1,1,1,8,18,14,1,1,allocated
6,1036,greenran_normal,0,0,65535_65535,2,43,339205,22,1,1,0,7,0,18,1,1,pre_allocation
6,1036,greenran_normal,0,0,65535_65535,2,43,339205,26,1,1,1,8,26,18,1,1,allocated
6,1036,greenran_normal,0,0,65535_65535,2,64,339228,22,1,1,0,7,0,18,1,1,pre_allocation
6,1036,greenran_normal,0,0,65535_65535,2,64,339228,26,1,1,1,8,26,18,1,1,allocated
6,1036,greenran_normal,0,0,65535_65535,2,42,339049,40,1,1,0,7,0,24,1,1,pre_allocation
6,1036,greenran_normal,0,0,65535_65535,2,42,339049,46,1,1,1,8,46,24,1,1,allocated
6,1036,greenran_normal,0,0,65535_65535,2,36,338999,50,1,1,0,7,0,28,1,1,pre_allocation
6,1036,greenran_normal,0,0,65535_65535,2,36,338999,57,1,1,1,8,57,28,1,1,allocated
6,1036,greenran_normal,0,0,65535_65535,2,58,339029,46,1,1,0,7,0,26,1,1,pre_allocation
6,1036,greenran_normal,0,0,65535_65535,2,58,339029,53,1,1,1,8,53,26,1,1,allocated
6,1036,greenran_normal,0,0,65535_65535,2,35,338960,50,1,1,0,7,0,28,1,1,pre_allocation
6,1036,greenran_normal,0,0,65535_65535,2,35,338960,57,1,1,1,8,57,28,1,1,allocated
6,1036,greenran_normal,0,0,65535_65535,2,44,338960,50,1,1,0,7,0,28,1,1,pre_allocation
6,1036,greenran_normal,0,0,65535_65535,2,44,338960,57,1,1,1,8,57,28,1,1,allocated
6,1036,greenran_normal,0,0,65535_65535,2,55,338960,50,1,1,0,7,0,28,1,1,pre_allocation
6,1036,greenran_normal,0,0,65535_65535,2,55,338960,57,1,1,1,8,57,28,1,1,allocated
6,1036,greenran_normal,0,0,65535_65535,2,56,338960,50,1,1,0,7,0,28,1,1,pre_allocation
6,1036,greenran_normal,0,0,65535_65535,2,56,338960,57,1,1,1,8,57,28,1,1,allocated
6,1036,greenran_normal,0,0,65535_65535,2,57,338960,50,1,1,0,7,0,28,1,1,pre_allocation
6,1036,greenran_normal,0,0,65535_65535,2,57,338960,57,1,1,1,8,57,28,1,1,allocated
6,1036,greenran_normal,0,0,65535_65535,2,37,338962,50,1,1,0,7,0,28,1,1,pre_allocation
6,1036,greenran_normal,0,0,65535_65535,2,37,338962,57,1,1,1,8,57,28,1,1,allocated
6,1036,greenran_normal,0,0,65535_65535,2,39,338962,50,1,1,0,7,0,28,1,1,pre_allocation
6,1036,greenran_normal,0,0,65535_65535,2,39,338962,57,1,1,1,8,57,28,1,1,allocated
6,1036,greenran_normal,0,0,65535_65535,2,40,338962,50,1,1,0,7,0,28,1,1,pre_allocation
6,1036,greenran_normal,0,0,65535_65535,2,40,338962,57,1,1,1,8,57,28,1,1,allocated
6,1036,greenran_normal,0,0,65535_65535,2,41,338962,50,1,1,0,7,0,28,1,1,pre_allocation
6,1036,greenran_normal,0,0,65535_65535,2,41,338962,57,1,1,1,8,57,28,1,1,allocated
6,1036,greenran_normal,0,0,65535_65535,2,59,338992,50,1,1,0,7,0,28,1,1,pre_allocation
6,1036,greenran_normal,0,0,65535_65535,2,59,338992,57,1,1,1,8,57,28,1,1,allocated
6,1036,greenran_normal,0,0,65535_65535,2,63,338957,50,1,1,0,7,0,28,1,1,pre_allocation
6,1036,greenran_normal,0,0,65535_65535,2,63,338957,57,1,1,1,8,57,28,1,1,allocated
6,1036,greenran_normal,0,0,65535_65535,2,62,338957,50,1,1,0,7,0,28,1,1,pre_allocation
6,1036,greenran_normal,0,0,65535_65535,2,62,338957,57,1,1,1,8,57,28,1,1,allocated
6,1036,greenran_normal,0,0,65535_65535,2,61,338957,50,1,1,0,7,0,28,1,1,pre_allocation
6,1036,greenran_normal,0,0,65535_65535,2,61,338957,57,1,1,1,8,57,28,1,1,allocated
6,1036,greenran_normal,0,0,65535_65535,2,38,339421,20,1,1,0,8,0,15,1,1,pre_allocation
6,1036,greenran_normal,0,0,65535_65535,2,38,339421,23,1,1,1,9,23,15,1,1,allocated
6,1036,greenran_normal,0,0,65535_65535,2,60,339248,18,1,1,0,8,0,14,1,1,pre_allocation
6,1036,greenran_normal,0,0,65535_65535,2,60,339248,20,1,1,1,9,20,14,1,1,allocated
6,1036,greenran_normal,0,0,65535_65535,2,43,339205,26,1,1,0,8,0,18,1,1,pre_allocation
6,1036,greenran_normal,0,0,65535_65535,2,43,339205,30,1,1,1,9,30,18,1,1,allocated
6,1036,greenran_normal,0,0,65535_65535,2,64,339228,26,1,1,0,8,0,18,1,1,pre_allocation
6,1036,greenran_normal,0,0,65535_65535,2,64,339228,30,1,1,1,9,30,18,1,1,allocated
6,1036,greenran_normal,0,0,65535_65535,2,42,339049,46,1,1,0,8,0,24,1,1,pre_allocation
6,1036,greenran_normal,0,0,65535_65535,2,42,339049,52,1,1,1,9,52,24,1,1,allocated
6,1036,greenran_normal,0,0,65535_65535,2,36,338999,57,1,1,0,8,0,28,1,1,pre_allocation
6,1036,greenran_normal,0,0,65535_65535,2,36,338999,65,1,1,1,9,65,28,1,1,allocated
6,1036,greenran_normal,0,0,65535_65535,2,58,339029,53,1,1,0,8,0,26,1,1,pre_allocation
6,1036,greenran_normal,0,0,65535_65535,2,58,339029,60,1,1,1,9,60,26,1,1,allocated
6,1036,greenran_normal,0,0,65535_65535,2,35,338960,57,1,1,0,8,0,28,1,1,pre_allocation
6,1036,greenran_normal,0,0,65535_65535,2,35,338960,65,1,1,1,9,65,28,1,1,allocated
6,1036,greenran_normal,0,0,65535_65535,2,44,338960,57,1,1,0,8,0,28,1,1,pre_allocation
6,1036,greenran_normal,0,0,65535_65535,2,44,338960,65,1,1,1,9,65,28,1,1,allocated
6,1036,greenran_normal,0,0,65535_65535,2,55,338960,57,1,1,0,8,0,28,1,1,pre_allocation
6,1036,greenran_normal,0,0,65535_65535,2,55,338960,65,1,1,1,9,65,28,1,1,allocated
6,1036,greenran_normal,0,0,65535_65535,2,56,338960,57,1,1,0,8,0,28,1,1,pre_allocation
6,1036,greenran_normal,0,0,65535_65535,2,56,338960,65,1,1,1,9,65,28,1,1,allocated
6,1036,greenran_normal,0,0,65535_65535,2,57,338960,57,1,1,0,8,0,28,1,1,pre_allocation
6,1036,greenran_normal,0,0,65535_65535,2,57,338960,65,1,1,1,9,65,28,1,1,allocated
8,1316,greenran_normal,0,0,65535_65535,0,4,16809,0,1,1,0,0,0,24,1,1,pre_allocation
8,1316,greenran_normal,0,0,65535_65535,0,4,16809,3,1,1,1,1,3,24,1,1,allocated
8,1316,greenran_normal,0,0,65535_65535,0,3,16716,0,1,1,0,0,0,28,1,1,pre_allocation
8,1316,greenran_normal,0,0,65535_65535,0,3,16716,4,1,1,1,1,4,28,1,1,allocated
8,1316,greenran_normal,0,0,65535_65535,0,5,16715,0,1,1,0,0,0,28,1,1,pre_allocation
8,1316,greenran_normal,0,0,65535_65535,0,5,16715,4,1,1,1,1,4,28,1,1,allocated
8,1316,greenran_normal,0,0,65535_65535,0,1,16708,0,1,1,0,0,0,28,1,1,pre_allocation
8,1316,greenran_normal,0,0,65535_65535,0,1,16708,4,1,1,1,1,4,28,1,1,allocated
8,1316,greenran_normal,0,0,65535_65535,0,2,16708,0,1,1,0,0,0,28,1,1,pre_allocation
8,1316,greenran_normal,0,0,65535_65535,0,2,16708,4,1,1,1,1,4,28,1,1,allocated
8,1316,greenran_normal,0,0,65535_65535,0,4,16809,3,1,1,0,1,0,24,1,1,pre_allocation
8,1316,greenran_normal,0,0,65535_65535,0,4,16809,9,1,1,1,2,9,24,1,1,allocated
8,1316,greenran_normal,0,0,65535_65535,0,3,16716,4,1,1,0,1,0,28,1,1,pre_allocation
8,1316,greenran_normal,0,0,65535_65535,0,3,16716,12,1,1,1,2,12,28,1,1,allocated
8,1316,greenran_normal,0,0,65535_65535,0,5,16715,4,1,1,0,1,0,28,1,1,pre_allocation
8,1316,greenran_normal,0,0,65535_65535,0,5,16715,12,1,1,1,2,12,28,1,1,allocated
8,1316,greenran_normal,0,0,65535_65535,0,1,16708,4,1,1,0,1,0,28,1,1,pre_allocation
8,1316,greenran_normal,0,0,65535_65535,0,1,16708,12,1,1,1,2,12,28,1,1,allocated
8,1316,greenran_normal,0,0,65535_65535,0,2,16708,4,1,1,0,1,0,28,1,1,pre_allocation
8,1316,greenran_normal,0,0,65535_65535,0,2,16708,12,1,1,1,2,12,28,1,1,allocated
8,1316,greenran_normal,0,0,65535_65535,0,4,16809,9,1,1,0,2,0,24,1,1,pre_allocation
8,1316,greenran_normal,0,0,65535_65535,0,4,16809,15,1,1,1,3,15,24,1,1,allocated
8,1316,greenran_normal,0,0,65535_65535,0,3,16716,12,1,1,0,2,0,28,1,1,pre_allocation
8,1316,greenran_normal,0,0,65535_65535,0,3,16716,19,1,1,1,3,19,28,1,1,allocated
8,1316,greenran_normal,0,0,65535_65535,0,5,16715,12,1,1,0,2,0,28,1,1,pre_allocation
8,1316,greenran_normal,0,0,65535_65535,0,5,16715,19,1,1,1,3,19,28,1,1,allocated
8,1316,greenran_normal,0,0,65535_65535,0,1,16708,12,1,1,0,2,0,28,1,1,pre_allocation
8,1316,greenran_normal,0,0,65535_65535,0,1,16708,19,1,1,1,3,19,28,1,1,allocated
8,1316,greenran_normal,0,0,65535_65535,0,2,16708,12,1,1,0,2,0,28,1,1,pre_allocation
8,1316,greenran_normal,0,0,65535_65535,0,2,16708,19,1,1,1,3,19,28,1,1,allocated
8,1316,greenran_normal,0,0,65535_65535,0,4,16809,15,1,1,0,3,0,24,1,1,pre_allocation
8,1316,greenran_normal,0,0,65535_65535,0,4,16809,21,1,1,1,4,21,24,1,1,allocated
8,1316,greenran_normal,0,0,65535_65535,0,3,16716,19,1,1,0,3,0,28,1,1,pre_allocation
8,1316,greenran_normal,0,0,65535_65535,0,3,16716,27,1,1,1,4,27,28,1,1,allocated
8,1316,greenran_normal,0,0,65535_65535,0,5,16715,19,1,1,0,3,0,28,1,1,pre_allocation
8,1316,greenran_normal,0,0,65535_65535,0,5,16715,27,1,1,1,4,27,28,1,1,allocated
8,1316,greenran_normal,0,0,65535_65535,0,1,16708,19,1,1,0,3,0,28,1,1,pre_allocation
8,1316,greenran_normal,0,0,65535_65535,0,1,16708,27,1,1,1,4,27,28,1,1,allocated
8,1316,greenran_normal,0,0,65535_65535,0,2,16708,19,1,1,0,3,0,28,1,1,pre_allocation
8,1316,greenran_normal,0,0,65535_65535,0,2,16708,27,1,1,1,4,27,28,1,1,allocated
8,1316,greenran_normal,0,0,65535_65535,0,4,16809,21,1,1,0,4,0,24,1,1,pre_allocation
8,1316,greenran_normal,0,0,65535_65535,0,4,16809,27,1,1,1,5,27,24,1,1,allocated
8,1316,greenran_normal,0,0,65535_65535,0,3,16716,27,1,1,0,4,0,28,1,1,pre_allocation
8,1316,greenran_normal,0,0,65535_65535,0,3,16716,34,1,1,1,5,34,28,1,1,allocated
8,1316,greenran_normal,0,0,65535_65535,0,5,16715,27,1,1,0,4,0,28,1,1,pre_allocation
8,1316,greenran_normal,0,0,65535_65535,0,5,16715,34,1,1,1,5,34,28,1,1,allocated
8,1316,greenran_normal,0,0,65535_65535,0,1,16708,27,1,1,0,4,0,28,1,1,pre_allocation
8,1316,greenran_normal,0,0,65535_65535,0,1,16708,34,1,1,1,5,34,28,1,1,allocated
8,1316,greenran_normal,0,0,65535_65535,0,2,16708,27,1,1,0,4,0,28,1,1,pre_allocation
8,1316,greenran_normal,0,0,65535_65535,0,2,16708,34,1,1,1,5,34,28,1,1,allocated
8,1316,greenran_normal,0,0,65535_65535,0,4,16809,27,1,1,0,5,0,24,1,1,pre_allocation
8,1316,greenran_normal,0,0,65535_65535,0,4,16809,34,1,1,1,6,34,24,1,1,allocated
8,1316,greenran_normal,0,0,65535_65535,0,3,16716,34,1,1,0,5,0,28,1,1,pre_allocation
8,1316,greenran_normal,0,0,65535_65535,0,3,16716,42,1,1,1,6,42,28,1,1,allocated
8,1316,greenran_normal,0,0,65535_65535,0,5,16715,34,1,1,0,5,0,28,1,1,pre_allocation
8,1316,greenran_normal,0,0,65535_65535,0,5,16715,42,1,1,1,6,42,28,1,1,allocated
8,1316,greenran_normal,0,0,65535_65535,0,1,16708,34,1,1,0,5,0,28,1,1,pre_allocation
8,1316,greenran_normal,0,0,65535_65535,0,1,16708,42,1,1,1,6,42,28,1,1,allocated
8,1316,greenran_normal,0,0,65535_65535,0,2,16708,34,1,1,0,5,0,28,1,1,pre_allocation
8,1316,greenran_normal,0,0,65535_65535,0,2,16708,42,1,1,1,6,42,28,1,1,allocated
8,1316,greenran_normal,0,0,65535_65535,0,4,16809,34,1,1,0,6,0,24,1,1,pre_allocation
8,1316,greenran_normal,0,0,65535_65535,0,4,16809,40,1,1,1,7,40,24,1,1,allocated
8,1316,greenran_normal,0,0,65535_65535,0,3,16716,42,1,1,0,6,0,28,1,1,pre_allocation
8,1316,greenran_normal,0,0,65535_65535,0,3,16716,50,1,1,1,7,50,28,1,1,allocated
8,1316,greenran_normal,0,0,65535_65535,0,5,16715,42,1,1,0,6,0,28,1,1,pre_allocation
8,1316,greenran_normal,0,0,65535_65535,0,5,16715,50,1,1,1,7,50,28,1,1,allocated
8,1316,greenran_normal,0,0,65535_65535,0,1,16708,42,1,1,0,6,0,28,1,1,pre_allocation
8,1316,greenran_normal,0,0,65535_65535,0,1,16708,50,1,1,1,7,50,28,1,1,allocated
8,1316,greenran_normal,0,0,65535_65535,0,2,16708,42,1,1,0,6,0,28,1,1,pre_allocation
8,1316,greenran_normal,0,0,65535_65535,0,2,16708,50,1,1,1,7,50,28,1,1,allocated
8,1316,greenran_normal,0,0,65535_65535,0,4,16809,40,1,1,0,7,0,24,1,1,pre_allocation
8,1316,greenran_normal,0,0,65535_65535,0,4,16809,46,1,1,1,8,46,24,1,1,allocated
8,1316,greenran_normal,0,0,65535_65535,0,3,16716,50,1,1,0,7,0,28,1,1,pre_allocation
8,1316,greenran_normal,0,0,65535_65535,0,3,16716,57,1,1,1,8,57,28,1,1,allocated
8,1316,greenran_normal,0,0,65535_65535,0,5,16715,50,1,1,0,7,0,28,1,1,pre_allocation
8,1316,greenran_normal,0,0,65535_65535,0,5,16715,57,1,1,1,8,57,28,1,1,allocated
8,1316,greenran_normal,0,0,65535_65535,0,1,16708,50,1,1,0,7,0,28,1,1,pre_allocation
8,1316,greenran_normal,0,0,65535_65535,0,1,16708,57,1,1,1,8,57,28,1,1,allocated
8,1316,greenran_normal,0,0,65535_65535,0,2,16708,50,1,1,0,7,0,28,1,1,pre_allocation
8,1316,greenran_normal,0,0,65535_65535,0,2,16708,57,1,1,1,8,57,28,1,1,allocated
8,1316,greenran_normal,0,0,65535_65535,0,4,16809,46,1,1,0,8,0,24,1,1,pre_allocation
8,1316,greenran_normal,0,0,65535_65535,0,4,16809,52,1,1,1,9,52,24,1,1,allocated
8,1316,greenran_normal,0,0,65535_65535,0,3,16716,57,1,1,0,8,0,28,1,1,pre_allocation
8,1316,greenran_normal,0,0,65535_65535,0,3,16716,65,1,1,1,9,65,28,1,1,allocated
8,1316,greenran_normal,0,0,65535_65535,0,5,16715,57,1,1,0,8,0,28,1,1,pre_allocation
8,1316,greenran_normal,0,0,65535_65535,0,5,16715,65,1,1,1,9,65,28,1,1,allocated
8,1316,greenran_normal,0,0,65535_65535,0,1,16708,57,1,1,0,8,0,28,1,1,pre_allocation
8,1316,greenran_normal,0,0,65535_65535,0,1,16708,65,1,1,1,9,65,28,1,1,allocated
8,1316,greenran_normal,0,0,65535_65535,0,2,16708,57,1,1,0,8,0,28,1,1,pre_allocation
8,1316,greenran_normal,0,0,65535_65535,0,2,16708,65,1,1,1,9,65,28,1,1,allocated
8,1316,greenran_normal,0,0,65535_65535,0,4,16809,52,1,1,0,9,0,24,1,1,pre_allocation
8,1316,greenran_normal,0,0,65535_65535,0,4,16809,58,1,1,1,10,58,24,1,1,allocated
8,1316,greenran_normal,0,0,65535_65535,0,3,16716,65,1,1,0,9,0,28,1,1,pre_allocation
8,1316,greenran_normal,0,0,65535_65535,0,3,16716,72,1,1,1,10,72,28,1,1,allocated
8,1316,greenran_normal,0,0,65535_65535,0,5,16715,65,1,1,0,9,0,28,1,1,pre_allocation
8,1316,greenran_normal,0,0,65535_65535,0,5,16715,72,1,1,1,10,72,28,1,1,allocated
8,1316,greenran_normal,0,0,65535_65535,0,1,16708,65,1,1,0,9,0,28,1,1,pre_allocation
8,1316,greenran_normal,0,0,65535_65535,0,1,16708,72,1,1,1,10,72,28,1,1,allocated
8,1316,greenran_normal,0,0,65535_65535,0,2,16708,65,1,1,0,9,0,28,1,1,pre_allocation
8,1316,greenran_normal,0,0,65535_65535,0,2,16708,72,1,1,1,10,72,28,1,1,allocated
8,1316,greenran_normal,0,0,65535_65535,0,4,16809,58,1,1,0,10,0,24,1,1,pre_allocation
8,1316,greenran_normal,0,0,65535_65535,0,4,16809,65,1,1,1,11,65,24,1,1,allocated
8,1316,greenran_normal,0,0,65535_65535,0,3,16716,72,1,1,0,10,0,28,1,1,pre_allocation
8,1316,greenran_normal,0,0,65535_65535,0,3,16716,80,1,1,1,11,80,28,1,1,allocated
8,1316,greenran_normal,0,0,65535_65535,0,5,16715,72,1,1,0,10,0,28,1,1,pre_allocation
8,1316,greenran_normal,0,0,65535_65535,0,5,16715,80,1,1,1,11,80,28,1,1,allocated
8,1316,greenran_normal,0,0,65535_65535,0,1,16708,72,1,1,0,10,0,28,1,1,pre_allocation
8,1316,greenran_normal,0,0,65535_65535,0,1,16708,80,1,1,1,11,80,28,1,1,allocated
8,1316,greenran_normal,0,0,65535_65535,0,2,16708,72,1,1,0,10,0,28,1,1,pre_allocation
8,1316,greenran_normal,0,0,65535_65535,0,2,16708,80,1,1,1,11,80,28,1,1,allocated
8,1316,greenran_normal,0,0,65535_65535,0,4,16809,65,1,1,0,11,0,24,1,1,pre_allocation
8,1316,greenran_normal,0,0,65535_65535,0,4,16809,71,1,1,1,12,71,24,1,1,allocated
8,1316,greenran_normal,0,0,65535_65535,0,3,16716,80,1,1,0,11,0,28,1,1,pre_allocation
8,1316,greenran_normal,0,0,65535_65535,0,3,16716,88,1,1,1,12,88,28,1,1,allocated
8,1316,greenran_normal,0,0,65535_65535,0,5,16715,80,1,1,0,11,0,28,1,1,pre_allocation
8,1316,greenran_normal,0,0,65535_65535,0,5,16715,88,1,1,1,12,88,28,1,1,allocated
8,1316,greenran_normal,0,0,65535_65535,0,1,16708,80,1,1,0,11,0,28,1,1,pre_allocation
8,1316,greenran_normal,0,0,65535_65535,0,1,16708,88,1,1,1,12,88,28,1,1,allocated
8,1316,greenran_normal,0,0,65535_65535,0,2,16708,80,1,1,0,11,0,28,1,1,pre_allocation
8,1316,greenran_normal,0,0,65535_65535,0,2,16708,88,1,1,1,12,88,28,1,1,allocated
8,1316,greenran_normal,0,0,65535_65535,0,4,16809,71,1,1,0,12,0,24,1,1,pre_allocation
8,1316,greenran_normal,0,0,65535_65535,0,4,16809,77,1,1,1,13,77,24,1,1,allocated
8,1316,greenran_normal,0,0,65535_65535,0,3,16716,88,1,1,0,12,0,28,1,1,pre_allocation
8,1316,greenran_normal,0,0,65535_65535,0,3,16716,95,1,1,1,13,95,28,1,1,allocated
8,1316,greenran_normal,0,0,65535_65535,0,5,16715,88,1,1,0,12,0,28,1,1,pre_allocation
8,1316,greenran_normal,0,0,65535_65535,0,5,16715,95,1,1,1,13,95,28,1,1,allocated
8,1316,greenran_normal,0,0,65535_65535,0,1,16708,88,1,1,0,12,0,28,1,1,pre_allocation
8,1316,greenran_normal,0,0,65535_65535,0,1,16708,95,1,1,1,13,95,28,1,1,allocated
8,1316,greenran_normal,0,0,65535_65535,0,2,16708,88,1,1,0,12,0,28,1,1,pre_allocation
8,1316,greenran_normal,0,0,65535_65535,0,2,16708,95,1,1,1,13,95,28,1,1,allocated
8,1316,greenran_normal,0,0,65535_65535,0,4,16809,77,1,1,0,13,0,24,1,1,pre_allocation
8,1316,greenran_normal,0,0,65535_65535,0,4,16809,83,1,1,1,14,83,24,1,1,allocated
8,1316,greenran_normal,0,0,65535_65535,0,3,16716,95,1,1,0,13,0,28,1,1,pre_allocation
8,1316,greenran_normal,0,0,65535_65535,0,3,16716,103,1,1,1,14,103,28,1,1,allocated
8,1316,greenran_normal,0,0,65535_65535,0,5,16715,95,1,1,0,13,0,28,1,1,pre_allocation
8,1316,greenran_normal,0,0,65535_65535,0,5,16715,103,1,1,1,14,103,28,1,1,allocated
8,1316,greenran_normal,0,0,65535_65535,0,1,16708,95,1,1,0,13,0,28,1,1,pre_allocation
8,1316,greenran_normal,0,0,65535_65535,0,1,16708,103,1,1,1,14,103,28,1,1,allocated
8,1316,greenran_normal,0,0,65535_65535,0,2,16708,95,1,1,0,13,0,28,1,1,pre_allocation
8,1316,greenran_normal,0,0,65535_65535,0,2,16708,103,1,1,1,14,103,28,1,1,allocated
8,1316,greenran_normal,0,0,65535_65535,0,4,16809,83,1,1,0,14,0,24,1,1,pre_allocation
8,1316,greenran_normal,0,0,65535_65535,0,4,16809,89,1,1,1,15,89,24,1,1,allocated
8,1316,greenran_normal,0,0,65535_65535,0,3,16716,103,1,1,0,14,0,28,1,1,pre_allocation
8,1316,greenran_normal,0,0,65535_65535,0,3,16716,110,1,1,1,15,110,28,1,1,allocated
8,1316,greenran_normal,0,0,65535_65535,0,5,16715,103,1,1,0,14,0,28,1,1,pre_allocation
8,1316,greenran_normal,0,0,65535_65535,0,5,16715,110,1,1,1,15,110,28,1,1,allocated
8,1316,greenran_normal,0,0,65535_65535,0,1,16708,103,1,1,0,14,0,28,1,1,pre_allocation
8,1316,greenran_normal,0,0,65535_65535,0,1,16708,110,1,1,1,15,110,28,1,1,allocated
8,1316,greenran_normal,0,0,65535_65535,0,2,16708,103,1,1,0,14,0,28,1,1,pre_allocation
8,1316,greenran_normal,0,0,65535_65535,0,2,16708,110,1,1,1,15,110,28,1,1,allocated
8,1316,greenran_normal,0,0,65535_65535,0,4,16809,89,1,1,0,15,0,24,1,1,pre_allocation
8,1316,greenran_normal,0,0,65535_65535,0,4,16809,96,1,1,1,16,96,24,1,1,allocated
8,1316,greenran_normal,0,0,65535_65535,0,3,16716,110,1,1,0,15,0,28,1,1,pre_allocation
8,1316,greenran_normal,0,0,65535_65535,0,3,16716,118,1,1,1,16,118,28,1,1,allocated
8,1316,greenran_normal,0,0,65535_65535,0,5,16715,110,1,1,0,15,0,28,1,1,pre_allocation
8,1316,greenran_normal,0,0,65535_65535,0,5,16715,118,1,1,1,16,118,28,1,1,allocated
8,1316,greenran_normal,0,0,65535_65535,0,1,16708,110,1,1,0,15,0,28,1,1,pre_allocation
8,1316,greenran_normal,0,0,65535_65535,0,1,16708,118,1,1,1,16,118,28,1,1,allocated
8,1316,greenran_normal,0,0,65535_65535,0,2,16708,110,1,1,0,15,0,28,1,1,pre_allocation
8,1316,greenran_normal,0,0,65535_65535,0,2,16708,118,1,1,1,16,118,28,1,1,allocated
8,1316,greenran_normal,0,0,65535_65535,0,4,16809,96,1,1,0,16,0,24,1,1,pre_allocation
8,1316,greenran_normal,0,0,65535_65535,0,4,16809,102,1,1,1,17,102,24,1,1,allocated
8,1316,greenran_normal,0,0,65535_65535,0,3,16716,118,1,1,0,16,0,28,1,1,pre_allocation
8,1316,greenran_normal,0,0,65535_65535,0,3,16716,126,1,1,1,17,126,28,1,1,allocated
8,1316,greenran_normal,0,0,65535_65535,0,5,16715,118,1,1,0,16,0,28,1,1,pre_allocation
8,1316,greenran_normal,0,0,65535_65535,0,5,16715,126,1,1,1,17,126,28,1,1,allocated
8,1316,greenran_normal,0,0,65535_65535,0,1,16708,118,1,1,0,16,0,28,1,1,pre_allocation
8,1316,greenran_normal,0,0,65535_65535,0,1,16708,126,1,1,1,17,126,28,1,1,allocated
8,1316,greenran_normal,0,0,65535_65535,0,2,16708,118,1,1,0,16,0,28,1,1,pre_allocation
8,1316,greenran_normal,0,0,65535_65535,0,2,16708,126,1,1,1,17,126,28,1,1,allocated
8,1316,greenran_normal,0,0,65535_65535,0,4,16809,102,1,1,0,17,0,24,1,1,pre_allocation
8,1316,greenran_normal,0,0,65535_65535,0,4,16809,108,1,1,1,18,108,24,1,1,allocated
8,1316,greenran_normal,0,0,65535_65535,0,3,16716,126,1,1,0,17,0,28,1,1,pre_allocation
8,1316,greenran_normal,0,0,65535_65535,0,3,16716,133,1,1,1,18,133,28,1,1,allocated
8,1316,greenran_normal,0,0,65535_65535,0,5,16715,126,1,1,0,17,0,28,1,1,pre_allocation
8,1316,greenran_normal,0,0,65535_65535,0,5,16715,133,1,1,1,18,133,28,1,1,allocated
8,1316,greenran_normal,0,0,65535_65535,0,1,16708,126,1,1,0,17,0,28,1,1,pre_allocation
8,1316,greenran_normal,0,0,65535_65535,0,1,16708,133,1,1,1,18,133,28,1,1,allocated
8,1316,greenran_normal,0,0,65535_65535,0,2,16708,126,1,1,0,17,0,28,1,1,pre_allocation
8,1316,greenran_normal,0,0,65535_65535,0,2,16708,133,1,1,1,18,133,28,1,1,allocated
8,1316,greenran_normal,0,0,65535_65535,0,4,16809,108,1,1,0,18,0,24,1,1,pre_allocation
8,1316,greenran_normal,0,0,65535_65535,0,4,16809,114,1,1,1,19,114,24,1,1,allocated
8,1316,greenran_normal,0,0,65535_65535,0,3,16716,133,1,1,0,18,0,28,1,1,pre_allocation
8,1316,greenran_normal,0,0,65535_65535,0,3,16716,141,1,1,1,19,141,28,1,1,allocated
8,1316,greenran_normal,0,0,65535_65535,0,5,16715,133,1,1,0,18,0,28,1,1,pre_allocation
8,1316,greenran_normal,0,0,65535_65535,0,5,16715,141,1,1,1,19,141,28,1,1,allocated
8,1316,greenran_normal,0,0,65535_65535,0,1,16708,133,1,1,0,18,0,28,1,1,pre_allocation
8,1316,greenran_normal,0,0,65535_65535,0,1,16708,141,1,1,1,19,141,28,1,1,allocated
8,1316,greenran_normal,0,0,65535_65535,0,2,16708,133,1,1,0,18,0,28,1,1,pre_allocation
8,1316,greenran_normal,0,0,65535_65535,0,2,16708,141,1,1,1,19,141,28,1,1,allocated
8,1316,greenran_normal,0,0,65535_65535,0,4,16809,114,1,1,0,19,0,24,1,1,pre_allocation
8,1316,greenran_normal,0,0,65535_65535,0,4,16809,120,1,1,1,20,120,24,1,1,allocated
8,1316,greenran_normal,0,0,65535_65535,0,3,16716,141,1,1,0,19,0,28,1,1,pre_allocation
8,1316,greenran_normal,0,0,65535_65535,0,3,16716,148,1,1,1,20,148,28,1,1,allocated
8,1316,greenran_normal,0,0,65535_65535,0,5,16715,141,1,1,0,19,0,28,1,1,pre_allocation
8,1316,greenran_normal,0,0,65535_65535,0,5,16715,148,1,1,1,20,148,28,1,1,allocated
8,1316,greenran_normal,0,0,65535_65535,0,1,16708,141,1,1,0,19,0,28,1,1,pre_allocation
8,1316,greenran_normal,0,0,65535_65535,0,1,16708,148,1,1,1,20,148,28,1,1,allocated
8,1316,greenran_normal,0,0,65535_65535,0,2,16708,141,1,1,0,19,0,28,1,1,pre_allocation
8,1316,greenran_normal,0,0,65535_65535,0,2,16708,148,1,1,1,20,148,28,1,1,allocated
8,1316,greenran_normal,0,0,65535_65535,0,4,16809,120,1,1,0,20,0,24,1,1,pre_allocation
8,1316,greenran_normal,0,0,65535_65535,0,4,16809,126,1,1,1,21,126,24,1,1,allocated
8,1316,greenran_normal,0,0,65535_65535,0,3,16716,148,1,1,0,20,0,28,1,1,pre_allocation
8,1316,greenran_normal,0,0,65535_65535,0,3,16716,156,1,1,1,21,156,28,1,1,allocated
8,1316,greenran_normal,0,0,65535_65535,0,5,16715,148,1,1,0,20,0,28,1,1,pre_allocation
8,1316,greenran_normal,0,0,65535_65535,0,5,16715,156,1,1,1,21,156,28,1,1,allocated
8,1316,greenran_normal,0,0,65535_65535,0,1,16708,148,1,1,0,20,0,28,1,1,pre_allocation
8,1316,greenran_normal,0,0,65535_65535,0,1,16708,156,1,1,1,21,156,28,1,1,allocated
8,1316,greenran_normal,0,0,65535_65535,0,2,16708,148,1,1,0,20,0,28,1,1,pre_allocation
8,1316,greenran_normal,0,0,65535_65535,0,2,16708,156,1,1,1,21,156,28,1,1,allocated
8,1316,greenran_normal,0,0,65535_65535,0,4,16809,126,1,1,0,21,0,24,1,1,pre_allocation
8,1316,greenran_normal,0,0,65535_65535,0,4,16809,133,1,1,1,22,133,24,1,1,allocated
8,1316,greenran_normal,0,0,65535_65535,0,3,16716,156,1,1,0,21,0,28,1,1,pre_allocation
8,1316,greenran_normal,0,0,65535_65535,0,3,16716,163,1,1,1,22,163,28,1,1,allocated
8,1316,greenran_normal,0,0,65535_65535,0,5,16715,156,1,1,0,21,0,28,1,1,pre_allocation
8,1316,greenran_normal,0,0,65535_65535,0,5,16715,163,1,1,1,22,163,28,1,1,allocated
8,1316,greenran_normal,0,0,65535_65535,0,1,16708,156,1,1,0,21,0,28,1,1,pre_allocation
8,1316,greenran_normal,0,0,65535_65535,0,1,16708,163,1,1,1,22,163,28,1,1,allocated
8,1316,greenran_normal,0,0,65535_65535,0,2,16708,156,1,1,0,21,0,28,1,1,pre_allocation
8,1316,greenran_normal,0,0,65535_65535,0,2,16708,163,1,1,1,22,163,28,1,1,allocated
8,1316,greenran_normal,0,0,65535_65535,0,4,16809,133,1,1,0,22,0,24,1,1,pre_allocation
8,1316,greenran_normal,0,0,65535_65535,0,4,16809,139,1,1,1,23,139,24,1,1,allocated
8,1316,greenran_normal,0,0,65535_65535,0,3,16716,163,1,1,0,22,0,28,1,1,pre_allocation
8,1316,greenran_normal,0,0,65535_65535,0,3,16716,171,1,1,1,23,171,28,1,1,allocated
8,1316,greenran_normal,0,0,65535_65535,0,5,16715,163,1,1,0,22,0,28,1,1,pre_allocation
8,1316,greenran_normal,0,0,65535_65535,0,5,16715,171,1,1,1,23,171,28,1,1,allocated
8,1316,greenran_normal,0,0,65535_65535,0,1,16708,163,1,1,0,22,0,28,1,1,pre_allocation
8,1316,greenran_normal,0,0,65535_65535,0,1,16708,171,1,1,1,23,171,28,1,1,allocated
8,1316,greenran_normal,0,0,65535_65535,0,2,16708,163,1,1,0,22,0,28,1,1,pre_allocation
8,1316,greenran_normal,0,0,65535_65535,0,2,16708,171,1,1,1,23,171,28,1,1,allocated
8,1316,greenran_normal,0,0,65535_65535,0,4,16809,139,1,1,0,23,0,24,1,1,pre_allocation
8,1316,greenran_normal,0,0,65535_65535,0,4,16809,145,1,1,1,24,145,24,1,1,allocated
8,1316,greenran_normal,0,0,65535_65535,0,3,16716,171,1,1,0,23,0,28,1,1,pre_allocation
8,1316,greenran_normal,0,0,65535_65535,0,3,16716,179,1,1,1,24,179,28,1,1,allocated
8,1316,greenran_normal,0,0,65535_65535,0,5,16715,171,1,1,0,23,0,28,1,1,pre_allocation
8,1316,greenran_normal,0,0,65535_65535,0,5,16715,179,1,1,1,24,179,28,1,1,allocated
8,1316,greenran_normal,0,0,65535_65535,0,1,16708,171,1,1,0,23,0,28,1,1,pre_allocation
8,1316,greenran_normal,0,0,65535_65535,0,1,16708,179,1,1,1,24,179,28,1,1,allocated
8,1316,greenran_normal,0,0,65535_65535,0,2,16708,171,1,1,0,23,0,28,1,1,pre_allocation
8,1316,greenran_normal,0,0,65535_65535,0,2,16708,179,1,1,1,24,179,28,1,1,allocated
8,1316,greenran_normal,0,0,65535_65535,0,4,16809,145,1,1,0,24,0,24,1,1,pre_allocation
8,1316,greenran_normal,0,0,65535_65535,0,4,16809,151,1,1,1,25,151,24,1,1,allocated
8,1316,greenran_normal,0,0,65535_65535,0,3,16716,179,1,1,0,24,0,28,1,1,pre_allocation
8,1316,greenran_normal,0,0,65535_65535,0,3,16716,186,1,1,1,25,186,28,1,1,allocated
8,1316,greenran_normal,0,0,65535_65535,0,5,16715,179,1,1,0,24,0,28,1,1,pre_allocation
8,1316,greenran_normal,0,0,65535_65535,0,5,16715,186,1,1,1,25,186,28,1,1,allocated
8,1316,greenran_normal,0,0,65535_65535,0,1,16708,179,1,1,0,24,0,28,1,1,pre_allocation
8,1316,greenran_normal,0,0,65535_65535,0,1,16708,186,1,1,1,25,186,28,1,1,allocated
8,1316,greenran_normal,0,0,65535_65535,0,2,16708,179,1,1,0,24,0,28,1,1,pre_allocation
8,1316,greenran_normal,0,0,65535_65535,0,2,16708,186,1,1,1,25,186,28,1,1,allocated
8,1316,greenran_normal,0,0,65535_65535,0,4,16809,151,1,1,0,25,0,24,1,1,pre_allocation
8,1316,greenran_normal,0,0,65535_65535,0,4,16809,157,1,1,1,26,157,24,1,1,allocated
8,1316,greenran_normal,0,0,65535_65535,0,3,16716,186,1,1,0,25,0,28,1,1,pre_allocation
8,1316,greenran_normal,0,0,65535_65535,0,3,16716,194,1,1,1,26,194,28,1,1,allocated
8,1316,greenran_normal,0,0,65535_65535,0,5,16715,186,1,1,0,25,0,28,1,1,pre_allocation
8,1316,greenran_normal,0,0,65535_65535,0,5,16715,194,1,1,1,26,194,28,1,1,allocated
8,1316,greenran_normal,0,0,65535_65535,0,1,16708,186,1,1,0,25,0,28,1,1,pre_allocation
8,1316,greenran_normal,0,0,65535_65535,0,1,16708,194,1,1,1,26,194,28,1,1,allocated
8,1316,greenran_normal,0,0,65535_65535,0,2,16708,186,1,1,0,25,0,28,1,1,pre_allocation
8,1316,greenran_normal,0,0,65535_65535,0,2,16708,194,1,1,1,26,194,28,1,1,allocated
8,1316,greenran_normal,0,0,65535_65535,0,4,16809,157,1,1,0,26,0,24,1,1,pre_allocation
8,1316,greenran_normal,0,0,65535_65535,0,4,16809,164,1,1,1,27,164,24,1,1,allocated
8,1316,greenran_normal,0,0,65535_65535,0,3,16716,194,1,1,0,26,0,28,1,1,pre_allocation
8,1316,greenran_normal,0,0,65535_65535,0,3,16716,201,1,1,1,27,201,28,1,1,allocated
8,1316,greenran_normal,0,0,65535_65535,0,5,16715,194,1,1,0,26,0,28,1,1,pre_allocation
8,1316,greenran_normal,0,0,65535_65535,0,5,16715,201,1,1,1,27,201,28,1,1,allocated
8,1316,greenran_normal,0,0,65535_65535,0,1,16708,194,1,1,0,26,0,28,1,1,pre_allocation
8,1316,greenran_normal,0,0,65535_65535,0,1,16708,201,1,1,1,27,201,28,1,1,allocated
8,1316,greenran_normal,0,0,65535_65535,0,2,16708,194,1,1,0,26,0,28,1,1,pre_allocation
8,1316,greenran_normal,0,0,65535_65535,0,2,16708,201,1,1,1,27,201,28,1,1,allocated
8,1316,greenran_normal,0,0,65535_65535,0,4,16809,164,1,1,0,27,0,24,1,1,pre_allocation
8,1316,greenran_normal,0,0,65535_65535,0,4,16809,170,1,1,1,28,170,24,1,1,allocated
8,1316,greenran_normal,0,0,65535_65535,0,3,16716,201,1,1,0,27,0,28,1,1,pre_allocation
8,1316,greenran_normal,0,0,65535_65535,0,3,16716,209,1,1,1,28,209,28,1,1,allocated
8,1316,greenran_normal,0,0,65535_65535,0,5,16715,201,1,1,0,27,0,28,1,1,pre_allocation
8,1316,greenran_normal,0,0,65535_65535,0,5,16715,209,1,1,1,28,209,28,1,1,allocated
8,1316,greenran_normal,0,0,65535_65535,0,1,16708,201,1,1,0,27,0,28,1,1,pre_allocation
8,1316,greenran_normal,0,0,65535_65535,0,1,16708,209,1,1,1,28,209,28,1,1,allocated
8,1316,greenran_normal,0,0,65535_65535,0,2,16708,201,1,1,0,27,0,28,1,1,pre_allocation
8,1316,greenran_normal,0,0,65535_65535,0,2,16708,209,1,1,1,28,209,28,1,1,allocated
8,1316,greenran_normal,0,0,65535_65535,0,4,16809,170,1,1,0,28,0,24,1,1,pre_allocation
8,1316,greenran_normal,0,0,65535_65535,0,4,16809,176,1,1,1,29,176,24,1,1,allocated
8,1316,greenran_normal,0,0,65535_65535,0,3,16716,209,1,1,0,28,0,28,1,1,pre_allocation
8,1316,greenran_normal,0,0,65535_65535,0,3,16716,217,1,1,1,29,217,28,1,1,allocated
8,1316,greenran_normal,0,0,65535_65535,0,5,16715,209,1,1,0,28,0,28,1,1,pre_allocation
8,1316,greenran_normal,0,0,65535_65535,0,5,16715,217,1,1,1,29,217,28,1,1,allocated
8,1316,greenran_normal,0,0,65535_65535,0,1,16708,209,1,1,0,28,0,28,1,1,pre_allocation
8,1316,greenran_normal,0,0,65535_65535,0,1,16708,217,1,1,1,29,217,28,1,1,allocated
8,1316,greenran_normal,0,0,65535_65535,0,2,16708,209,1,1,0,28,0,28,1,1,pre_allocation
8,1316,greenran_normal,0,0,65535_65535,0,2,16708,217,1,1,1,29,217,28,1,1,allocated
8,1316,greenran_normal,0,0,65535_65535,0,4,16809,176,1,1,0,29,0,24,1,1,pre_allocation
8,1316,greenran_normal,0,0,65535_65535,0,4,16809,182,1,1,1,30,182,24,1,1,allocated
8,1316,greenran_normal,0,0,65535_65535,0,3,16716,217,1,1,0,29,0,28,1,1,pre_allocation
8,1316,greenran_normal,0,0,65535_65535,0,3,16716,224,1,1,1,30,224,28,1,1,allocated
8,1316,greenran_normal,0,0,65535_65535,0,5,16715,217,1,1,0,29,0,28,1,1,pre_allocation
8,1316,greenran_normal,0,0,65535_65535,0,5,16715,224,1,1,1,30,224,28,1,1,allocated
8,1316,greenran_normal,0,0,65535_65535,0,1,16708,217,1,1,0,29,0,28,1,1,pre_allocation
8,1316,greenran_normal,0,0,65535_65535,0,1,16708,224,1,1,1,30,224,28,1,1,allocated
8,1316,greenran_normal,0,0,65535_65535,0,2,16708,217,1,1,0,29,0,28,1,1,pre_allocation
8,1316,greenran_normal,0,0,65535_65535,0,2,16708,224,1,1,1,30,224,28,1,1,allocated
8,1316,greenran_normal,0,0,65535_65535,0,4,16809,182,1,1,0,30,0,24,1,1,pre_allocation
8,1316,greenran_normal,0,0,65535_65535,0,4,16809,188,1,1,1,31,188,24,1,1,allocated
8,1316,greenran_normal,0,0,65535_65535,0,3,16716,224,1,1,0,30,0,28,1,1,pre_allocation
8,1316,greenran_normal,0,0,65535_65535,0,3,16716,232,1,1,1,31,232,28,1,1,allocated
8,1316,greenran_normal,0,0,65535_65535,0,5,16715,224,1,1,0,30,0,28,1,1,pre_allocation
8,1316,greenran_normal,0,0,65535_65535,0,5,16715,232,1,1,1,31,232,28,1,1,allocated
8,1316,greenran_normal,0,0,65535_65535,0,1,16708,224,1,1,0,30,0,28,1,1,pre_allocation
8,1316,greenran_normal,0,0,65535_65535,0,1,16708,232,1,1,1,31,232,28,1,1,allocated
8,1316,greenran_normal,0,0,65535_65535,0,2,16708,224,1,1,0,30,0,28,1,1,pre_allocation
8,1316,greenran_normal,0,0,65535_65535,0,2,16708,232,1,1,1,31,232,28,1,1,allocated
8,1316,greenran_normal,0,0,65535_65535,0,4,16809,188,1,1,0,31,0,24,1,1,pre_allocation
8,1316,greenran_normal,0,0,65535_65535,0,4,16809,195,1,1,1,32,195,24,1,1,allocated
8,1316,greenran_normal,0,0,65535_65535,0,3,16716,232,1,1,0,31,0,28,1,1,pre_allocation
8,1316,greenran_normal,0,0,65535_65535,0,3,16716,239,1,1,1,32,239,28,1,1,allocated
8,1316,greenran_normal,0,0,65535_65535,0,5,16715,232,1,1,0,31,0,28,1,1,pre_allocation
8,1316,greenran_normal,0,0,65535_65535,0,5,16715,239,1,1,1,32,239,28,1,1,allocated
8,1316,greenran_normal,0,0,65535_65535,0,1,16708,232,1,1,0,31,0,28,1,1,pre_allocation
8,1316,greenran_normal,0,0,65535_65535,0,1,16708,239,1,1,1,32,239,28,1,1,allocated
8,1316,greenran_normal,0,0,65535_65535,0,2,16708,232,1,1,0,31,0,28,1,1,pre_allocation
8,1316,greenran_normal,0,0,65535_65535,0,2,16708,239,1,1,1,32,239,28,1,1,allocated
8,1316,greenran_normal,0,0,65535_65535,0,4,16809,195,1,1,0,32,0,24,1,1,pre_allocation
8,1316,greenran_normal,0,0,65535_65535,0,4,16809,201,1,1,1,33,201,24,1,1,allocated
8,1316,greenran_normal,0,0,65535_65535,0,3,16716,239,1,1,0,32,0,28,1,1,pre_allocation
8,1316,greenran_normal,0,0,65535_65535,0,3,16716,247,1,1,1,33,247,28,1,1,allocated
8,1316,greenran_normal,0,0,65535_65535,0,5,16715,239,1,1,0,32,0,28,1,1,pre_allocation
8,1316,greenran_normal,0,0,65535_65535,0,5,16715,247,1,1,1,33,247,28,1,1,allocated
8,1316,greenran_normal,0,0,65535_65535,0,1,16708,239,1,1,0,32,0,28,1,1,pre_allocation
8,1316,greenran_normal,0,0,65535_65535,0,1,16708,247,1,1,1,33,247,28,1,1,allocated
8,1316,greenran_normal,0,0,65535_65535,0,2,16708,239,1,1,0,32,0,28,1,1,pre_allocation
8,1316,greenran_normal,0,0,65535_65535,0,2,16708,247,1,1,1,33,247,28,1,1,allocated
8,1316,greenran_normal,0,0,65535_65535,0,4,16809,201,1,1,0,33,0,24,1,1,pre_allocation
8,1316,greenran_normal,0,0,65535_65535,0,4,16809,207,1,1,1,34,207,24,1,1,allocated
8,1316,greenran_normal,0,0,65535_65535,2,38,518403,0,1,1,0,0,0,2,1,1,pre_allocation
8,1316,greenran_normal,0,0,65535_65535,2,38,518403,0,1,1,1,1,0,2,1,1,allocated
8,1316,greenran_normal,0,0,65535_65535,2,60,518227,0,1,1,0,0,0,12,1,1,pre_allocation
8,1316,greenran_normal,0,0,65535_65535,2,60,518227,2,1,1,1,1,2,12,1,1,allocated
8,1316,greenran_normal,0,0,65535_65535,2,64,518186,0,1,1,0,0,0,16,1,1,pre_allocation
8,1316,greenran_normal,0,0,65535_65535,2,64,518186,0,1,1,1,1,0,16,1,1,allocated
8,1316,greenran_normal,0,0,65535_65535,2,43,518145,0,1,1,0,0,0,14,1,1,pre_allocation
8,1316,greenran_normal,0,0,65535_65535,2,43,518145,2,1,1,1,1,2,14,1,1,allocated
8,1316,greenran_normal,0,0,65535_65535,2,42,517985,0,1,1,0,0,0,22,1,1,pre_allocation
8,1316,greenran_normal,0,0,65535_65535,2,42,517985,2,1,1,1,1,2,22,1,1,allocated
8,1316,greenran_normal,0,0,65535_65535,2,36,517904,0,1,1,0,0,0,26,1,1,pre_allocation
8,1316,greenran_normal,0,0,65535_65535,2,36,517904,4,1,1,1,1,4,26,1,1,allocated
8,1316,greenran_normal,0,0,65535_65535,2,58,517933,0,1,1,0,0,0,26,1,1,pre_allocation
8,1316,greenran_normal,0,0,65535_65535,2,58,517933,4,1,1,1,1,4,26,1,1,allocated
8,1316,greenran_normal,0,0,65535_65535,2,59,517899,0,1,1,0,0,0,28,1,1,pre_allocation
8,1316,greenran_normal,0,0,65535_65535,2,59,517899,4,1,1,1,1,4,28,1,1,allocated
8,1316,greenran_normal,0,0,65535_65535,2,55,517863,0,1,1,0,0,0,28,1,1,pre_allocation
8,1316,greenran_normal,0,0,65535_65535,2,55,517863,4,1,1,1,1,4,28,1,1,allocated
8,1316,greenran_normal,0,0,65535_65535,2,56,517863,0,1,1,0,0,0,28,1,1,pre_allocation
8,1316,greenran_normal,0,0,65535_65535,2,56,517863,4,1,1,1,1,4,28,1,1,allocated
8,1316,greenran_normal,0,0,65535_65535,2,57,517863,0,1,1,0,0,0,28,1,1,pre_allocation
8,1316,greenran_normal,0,0,65535_65535,2,57,517863,4,1,1,1,1,4,28,1,1,allocated
8,1316,greenran_normal,0,0,65535_65535,2,37,517865,0,1,1,0,0,0,28,1,1,pre_allocation
8,1316,greenran_normal,0,0,65535_65535,2,37,517865,4,1,1,1,1,4,28,1,1,allocated
8,1316,greenran_normal,0,0,65535_65535,2,39,517865,0,1,1,0,0,0,28,1,1,pre_allocation
8,1316,greenran_normal,0,0,65535_65535,2,39,517865,4,1,1,1,1,4,28,1,1,allocated
8,1316,greenran_normal,0,0,65535_65535,2,40,517865,0,1,1,0,0,0,28,1,1,pre_allocation
8,1316,greenran_normal,0,0,65535_65535,2,40,517865,4,1,1,1,1,4,28,1,1,allocated
8,1316,greenran_normal,0,0,65535_65535,2,41,517865,0,1,1,0,0,0,28,1,1,pre_allocation
8,1316,greenran_normal,0,0,65535_65535,2,41,517865,4,1,1,1,1,4,28,1,1,allocated
8,1316,greenran_normal,0,0,65535_65535,2,63,517860,0,1,1,0,0,0,28,1,1,pre_allocation
8,1316,greenran_normal,0,0,65535_65535,2,63,517860,4,1,1,1,1,4,28,1,1,allocated
8,1316,greenran_normal,0,0,65535_65535,2,62,517860,0,1,1,0,0,0,28,1,1,pre_allocation
8,1316,greenran_normal,0,0,65535_65535,2,62,517860,4,1,1,1,1,4,28,1,1,allocated
8,1316,greenran_normal,0,0,65535_65535,2,61,517860,0,1,1,0,0,0,28,1,1,pre_allocation
8,1316,greenran_normal,0,0,65535_65535,2,61,517860,4,1,1,1,1,4,28,1,1,allocated
8,1316,greenran_normal,0,0,65535_65535,2,35,517855,0,1,1,0,0,0,28,1,1,pre_allocation
8,1316,greenran_normal,0,0,65535_65535,2,35,517855,4,1,1,1,1,4,28,1,1,allocated
8,1316,greenran_normal,0,0,65535_65535,2,44,517855,0,1,1,0,0,0,28,1,1,pre_allocation
8,1316,greenran_normal,0,0,65535_65535,2,44,517855,4,1,1,1,1,4,28,1,1,allocated
8,1316,greenran_normal,0,0,65535_65535,2,38,518403,0,1,1,0,1,0,2,1,1,pre_allocation
8,1316,greenran_normal,0,0,65535_65535,2,38,518403,0,1,1,1,2,0,2,1,1,allocated
8,1316,greenran_normal,0,0,65535_65535,2,60,518227,2,1,1,0,1,0,12,1,1,pre_allocation
8,1316,greenran_normal,0,0,65535_65535,2,60,518227,1,1,1,1,2,1,12,1,1,allocated
8,1316,greenran_normal,0,0,65535_65535,2,64,518186,0,1,1,0,1,0,16,1,1,pre_allocation
8,1316,greenran_normal,0,0,65535_65535,2,64,518186,3,1,1,1,2,3,16,1,1,allocated
8,1316,greenran_normal,0,0,65535_65535,2,43,518145,2,1,1,0,1,0,14,1,1,pre_allocation
8,1316,greenran_normal,0,0,65535_65535,2,43,518145,2,1,1,1,2,2,14,1,1,allocated
8,1316,greenran_normal,0,0,65535_65535,2,42,517985,2,1,1,0,1,0,22,1,1,pre_allocation
8,1316,greenran_normal,0,0,65535_65535,2,42,517985,7,1,1,1,2,7,22,1,1,allocated
8,1316,greenran_normal,0,0,65535_65535,2,36,517904,4,1,1,0,1,0,26,1,1,pre_allocation
8,1316,greenran_normal,0,0,65535_65535,2,36,517904,11,1,1,1,2,11,26,1,1,allocated
8,1316,greenran_normal,0,0,65535_65535,2,58,517933,4,1,1,0,1,0,26,1,1,pre_allocation
8,1316,greenran_normal,0,0,65535_65535,2,58,517933,11,1,1,1,2,11,26,1,1,allocated
8,1316,greenran_normal,0,0,65535_65535,2,59,517899,4,1,1,0,1,0,28,1,1,pre_allocation
8,1316,greenran_normal,0,0,65535_65535,2,59,517899,12,1,1,1,2,12,28,1,1,allocated
8,1316,greenran_normal,0,0,65535_65535,2,55,517863,4,1,1,0,1,0,28,1,1,pre_allocation
8,1316,greenran_normal,0,0,65535_65535,2,55,517863,12,1,1,1,2,12,28,1,1,allocated
8,1316,greenran_normal,0,0,65535_65535,2,56,517863,4,1,1,0,1,0,28,1,1,pre_allocation
8,1316,greenran_normal,0,0,65535_65535,2,56,517863,12,1,1,1,2,12,28,1,1,allocated
8,1316,greenran_normal,0,0,65535_65535,2,57,517863,4,1,1,0,1,0,28,1,1,pre_allocation
8,1316,greenran_normal,0,0,65535_65535,2,57,517863,12,1,1,1,2,12,28,1,1,allocated
8,1316,greenran_normal,0,0,65535_65535,2,37,517865,4,1,1,0,1,0,28,1,1,pre_allocation
8,1316,greenran_normal,0,0,65535_65535,2,37,517865,12,1,1,1,2,12,28,1,1,allocated
8,1316,greenran_normal,0,0,65535_65535,2,39,517865,4,1,1,0,1,0,28,1,1,pre_allocation
8,1316,greenran_normal,0,0,65535_65535,2,39,517865,12,1,1,1,2,12,28,1,1,allocated
8,1316,greenran_normal,0,0,65535_65535,2,40,517865,4,1,1,0,1,0,28,1,1,pre_allocation
8,1316,greenran_normal,0,0,65535_65535,2,40,517865,12,1,1,1,2,12,28,1,1,allocated
8,1316,greenran_normal,0,0,65535_65535,2,41,517865,4,1,1,0,1,0,28,1,1,pre_allocation
8,1316,greenran_normal,0,0,65535_65535,2,41,517865,12,1,1,1,2,12,28,1,1,allocated
8,1316,greenran_normal,0,0,65535_65535,2,63,517860,4,1,1,0,1,0,28,1,1,pre_allocation
8,1316,greenran_normal,0,0,65535_65535,2,63,517860,12,1,1,1,2,12,28,1,1,allocated
8,1316,greenran_normal,0,0,65535_65535,2,62,517860,4,1,1,0,1,0,28,1,1,pre_allocation
8,1316,greenran_normal,0,0,65535_65535,2,62,517860,12,1,1,1,2,12,28,1,1,allocated
8,1316,greenran_normal,0,0,65535_65535,2,61,517860,4,1,1,0,1,0,28,1,1,pre_allocation
8,1316,greenran_normal,0,0,65535_65535,2,61,517860,12,1,1,1,2,12,28,1,1,allocated
8,1316,greenran_normal,0,0,65535_65535,2,35,517855,4,1,1,0,1,0,28,1,1,pre_allocation
8,1316,greenran_normal,0,0,65535_65535,2,35,517855,12,1,1,1,2,12,28,1,1,allocated
8,1316,greenran_normal,0,0,65535_65535,2,44,517855,4,1,1,0,1,0,28,1,1,pre_allocation
8,1316,greenran_normal,0,0,65535_65535,2,44,517855,12,1,1,1,2,12,28,1,1,allocated
8,1316,greenran_normal,0,0,65535_65535,2,38,518403,0,1,1,0,2,0,2,1,1,pre_allocation
8,1316,greenran_normal,0,0,65535_65535,2,38,518403,0,1,1,1,3,0,2,1,1,allocated
8,1316,greenran_normal,0,0,65535_65535,2,60,518227,1,1,1,0,2,0,12,1,1,pre_allocation
8,1316,greenran_normal,0,0,65535_65535,2,60,518227,3,1,1,1,3,3,12,1,1,allocated
8,1316,greenran_normal,0,0,65535_65535,2,64,518186,3,1,1,0,2,0,16,1,1,pre_allocation
8,1316,greenran_normal,0,0,65535_65535,2,64,518186,6,1,1,1,3,6,16,1,1,allocated
8,1316,greenran_normal,0,0,65535_65535,2,43,518145,2,1,1,0,2,0,14,1,1,pre_allocation
8,1316,greenran_normal,0,0,65535_65535,2,43,518145,4,1,1,1,3,4,14,1,1,allocated
8,1316,greenran_normal,0,0,65535_65535,2,42,517985,7,1,1,0,2,0,22,1,1,pre_allocation
8,1316,greenran_normal,0,0,65535_65535,2,42,517985,13,1,1,1,3,13,22,1,1,allocated
8,1316,greenran_normal,0,0,65535_65535,2,36,517904,11,1,1,0,2,0,26,1,1,pre_allocation
8,1316,greenran_normal,0,0,65535_65535,2,36,517904,18,1,1,1,3,18,26,1,1,allocated
8,1316,greenran_normal,0,0,65535_65535,2,58,517933,11,1,1,0,2,0,26,1,1,pre_allocation
8,1316,greenran_normal,0,0,65535_65535,2,58,517933,18,1,1,1,3,18,26,1,1,allocated
8,1316,greenran_normal,0,0,65535_65535,2,59,517899,12,1,1,0,2,0,28,1,1,pre_allocation
8,1316,greenran_normal,0,0,65535_65535,2,59,517899,19,1,1,1,3,19,28,1,1,allocated
8,1316,greenran_normal,0,0,65535_65535,2,55,517863,12,1,1,0,2,0,28,1,1,pre_allocation
8,1316,greenran_normal,0,0,65535_65535,2,55,517863,19,1,1,1,3,19,28,1,1,allocated
8,1316,greenran_normal,0,0,65535_65535,2,56,517863,12,1,1,0,2,0,28,1,1,pre_allocation
8,1316,greenran_normal,0,0,65535_65535,2,56,517863,19,1,1,1,3,19,28,1,1,allocated
8,1316,greenran_normal,0,0,65535_65535,2,57,517863,12,1,1,0,2,0,28,1,1,pre_allocation
8,1316,greenran_normal,0,0,65535_65535,2,57,517863,19,1,1,1,3,19,28,1,1,allocated
8,1316,greenran_normal,0,0,65535_65535,2,37,517865,12,1,1,0,2,0,28,1,1,pre_allocation
8,1316,greenran_normal,0,0,65535_65535,2,37,517865,19,1,1,1,3,19,28,1,1,allocated
8,1316,greenran_normal,0,0,65535_65535,2,39,517865,12,1,1,0,2,0,28,1,1,pre_allocation
8,1316,greenran_normal,0,0,65535_65535,2,39,517865,19,1,1,1,3,19,28,1,1,allocated
8,1316,greenran_normal,0,0,65535_65535,2,40,517865,12,1,1,0,2,0,28,1,1,pre_allocation
8,1316,greenran_normal,0,0,65535_65535,2,40,517865,19,1,1,1,3,19,28,1,1,allocated
8,1316,greenran_normal,0,0,65535_65535,2,41,517865,12,1,1,0,2,0,28,1,1,pre_allocation
8,1316,greenran_normal,0,0,65535_65535,2,41,517865,19,1,1,1,3,19,28,1,1,allocated
8,1316,greenran_normal,0,0,65535_65535,2,63,517860,12,1,1,0,2,0,28,1,1,pre_allocation
8,1316,greenran_normal,0,0,65535_65535,2,63,517860,19,1,1,1,3,19,28,1,1,allocated
8,1316,greenran_normal,0,0,65535_65535,2,62,517860,12,1,1,0,2,0,28,1,1,pre_allocation
8,1316,greenran_normal,0,0,65535_65535,2,62,517860,19,1,1,1,3,19,28,1,1,allocated
8,1316,greenran_normal,0,0,65535_65535,2,61,517860,12,1,1,0,2,0,28,1,1,pre_allocation
8,1316,greenran_normal,0,0,65535_65535,2,61,517860,19,1,1,1,3,19,28,1,1,allocated
8,1316,greenran_normal,0,0,65535_65535,2,35,517855,12,1,1,0,2,0,28,1,1,pre_allocation
8,1316,greenran_normal,0,0,65535_65535,2,35,517855,19,1,1,1,3,19,28,1,1,allocated
8,1316,greenran_normal,0,0,65535_65535,2,44,517855,12,1,1,0,2,0,28,1,1,pre_allocation
8,1316,greenran_normal,0,0,65535_65535,2,44,517855,19,1,1,1,3,19,28,1,1,allocated
8,1316,greenran_normal,0,0,65535_65535,2,38,518403,0,1,1,0,3,0,2,1,1,pre_allocation
8,1316,greenran_normal,0,0,65535_65535,2,38,518403,1,1,1,1,4,1,2,1,1,allocated
8,1316,greenran_normal,0,0,65535_65535,2,60,518227,3,1,1,0,3,0,12,1,1,pre_allocation
8,1316,greenran_normal,0,0,65535_65535,2,60,518227,5,1,1,1,4,5,12,1,1,allocated
8,1316,greenran_normal,0,0,65535_65535,2,64,518186,6,1,1,0,3,0,16,1,1,pre_allocation
8,1316,greenran_normal,0,0,65535_65535,2,64,518186,10,1,1,1,4,10,16,1,1,allocated
8,1316,greenran_normal,0,0,65535_65535,2,43,518145,4,1,1,0,3,0,14,1,1,pre_allocation
8,1316,greenran_normal,0,0,65535_65535,2,43,518145,7,1,1,1,4,7,14,1,1,allocated
8,1316,greenran_normal,0,0,65535_65535,2,42,517985,13,1,1,0,3,0,22,1,1,pre_allocation
8,1316,greenran_normal,0,0,65535_65535,2,42,517985,18,1,1,1,4,18,22,1,1,allocated
8,1316,greenran_normal,0,0,65535_65535,2,36,517904,18,1,1,0,3,0,26,1,1,pre_allocation
8,1316,greenran_normal,0,0,65535_65535,2,36,517904,25,1,1,1,4,25,26,1,1,allocated
8,1316,greenran_normal,0,0,65535_65535,2,58,517933,18,1,1,0,3,0,26,1,1,pre_allocation
8,1316,greenran_normal,0,0,65535_65535,2,58,517933,25,1,1,1,4,25,26,1,1,allocated
8,1316,greenran_normal,0,0,65535_65535,2,59,517899,19,1,1,0,3,0,28,1,1,pre_allocation
8,1316,greenran_normal,0,0,65535_65535,2,59,517899,27,1,1,1,4,27,28,1,1,allocated
8,1316,greenran_normal,0,0,65535_65535,2,55,517863,19,1,1,0,3,0,28,1,1,pre_allocation
8,1316,greenran_normal,0,0,65535_65535,2,55,517863,27,1,1,1,4,27,28,1,1,allocated
8,1316,greenran_normal,0,0,65535_65535,2,56,517863,19,1,1,0,3,0,28,1,1,pre_allocation
8,1316,greenran_normal,0,0,65535_65535,2,56,517863,27,1,1,1,4,27,28,1,1,allocated
8,1316,greenran_normal,0,0,65535_65535,2,57,517863,19,1,1,0,3,0,28,1,1,pre_allocation
8,1316,greenran_normal,0,0,65535_65535,2,57,517863,27,1,1,1,4,27,28,1,1,allocated
8,1316,greenran_normal,0,0,65535_65535,2,37,517865,19,1,1,0,3,0,28,1,1,pre_allocation
8,1316,greenran_normal,0,0,65535_65535,2,37,517865,27,1,1,1,4,27,28,1,1,allocated
8,1316,greenran_normal,0,0,65535_65535,2,39,517865,19,1,1,0,3,0,28,1,1,pre_allocation
8,1316,greenran_normal,0,0,65535_65535,2,39,517865,27,1,1,1,4,27,28,1,1,allocated
8,1316,greenran_normal,0,0,65535_65535,2,40,517865,19,1,1,0,3,0,28,1,1,pre_allocation
8,1316,greenran_normal,0,0,65535_65535,2,40,517865,27,1,1,1,4,27,28,1,1,allocated
8,1316,greenran_normal,0,0,65535_65535,2,41,517865,19,1,1,0,3,0,28,1,1,pre_allocation
8,1316,greenran_normal,0,0,65535_65535,2,41,517865,27,1,1,1,4,27,28,1,1,allocated
8,1316,greenran_normal,0,0,65535_65535,2,63,517860,19,1,1,0,3,0,28,1,1,pre_allocation
8,1316,greenran_normal,0,0,65535_65535,2,63,517860,27,1,1,1,4,27,28,1,1,allocated
8,1316,greenran_normal,0,0,65535_65535,2,62,517860,19,1,1,0,3,0,28,1,1,pre_allocation
8,1316,greenran_normal,0,0,65535_65535,2,62,517860,27,1,1,1,4,27,28,1,1,allocated
8,1316,greenran_normal,0,0,65535_65535,2,61,517860,19,1,1,0,3,0,28,1,1,pre_allocation
8,1316,greenran_normal,0,0,65535_65535,2,61,517860,27,1,1,1,4,27,28,1,1,allocated
8,1316,greenran_normal,0,0,65535_65535,2,35,517855,19,1,1,0,3,0,28,1,1,pre_allocation
8,1316,greenran_normal,0,0,65535_65535,2,35,517855,27,1,1,1,4,27,28,1,1,allocated
8,1316,greenran_normal,0,0,65535_65535,2,44,517855,19,1,1,0,3,0,28,1,1,pre_allocation
8,1316,greenran_normal,0,0,65535_65535,2,44,517855,27,1,1,1,4,27,28,1,1,allocated
8,1316,greenran_normal,0,0,65535_65535,2,38,518403,1,1,1,0,4,0,2,1,1,pre_allocation
8,1316,greenran_normal,0,0,65535_65535,2,38,518403,1,1,1,1,5,1,2,1,1,allocated
8,1316,greenran_normal,0,0,65535_65535,2,60,518227,5,1,1,0,4,0,12,1,1,pre_allocation
8,1316,greenran_normal,0,0,65535_65535,2,60,518227,7,1,1,1,5,7,12,1,1,allocated
8,1316,greenran_normal,0,0,65535_65535,2,64,518186,10,1,1,0,4,0,16,1,1,pre_allocation
8,1316,greenran_normal,0,0,65535_65535,2,64,518186,13,1,1,1,5,13,16,1,1,allocated
8,1316,greenran_normal,0,0,65535_65535,2,43,518145,7,1,1,0,4,0,14,1,1,pre_allocation
8,1316,greenran_normal,0,0,65535_65535,2,43,518145,10,1,1,1,5,10,14,1,1,allocated
8,1316,greenran_normal,0,0,65535_65535,2,42,517985,18,1,1,0,4,0,22,1,1,pre_allocation
8,1316,greenran_normal,0,0,65535_65535,2,42,517985,23,1,1,1,5,23,22,1,1,allocated
8,1316,greenran_normal,0,0,65535_65535,2,36,517904,25,1,1,0,4,0,26,1,1,pre_allocation
8,1316,greenran_normal,0,0,65535_65535,2,36,517904,32,1,1,1,5,32,26,1,1,allocated
8,1316,greenran_normal,0,0,65535_65535,2,58,517933,25,1,1,0,4,0,26,1,1,pre_allocation
8,1316,greenran_normal,0,0,65535_65535,2,58,517933,32,1,1,1,5,32,26,1,1,allocated
8,1316,greenran_normal,0,0,65535_65535,2,59,517899,27,1,1,0,4,0,28,1,1,pre_allocation
8,1316,greenran_normal,0,0,65535_65535,2,59,517899,34,1,1,1,5,34,28,1,1,allocated
8,1316,greenran_normal,0,0,65535_65535,2,55,517863,27,1,1,0,4,0,28,1,1,pre_allocation
8,1316,greenran_normal,0,0,65535_65535,2,55,517863,34,1,1,1,5,34,28,1,1,allocated
8,1316,greenran_normal,0,0,65535_65535,2,56,517863,27,1,1,0,4,0,28,1,1,pre_allocation
8,1316,greenran_normal,0,0,65535_65535,2,56,517863,34,1,1,1,5,34,28,1,1,allocated
8,1316,greenran_normal,0,0,65535_65535,2,57,517863,27,1,1,0,4,0,28,1,1,pre_allocation
8,1316,greenran_normal,0,0,65535_65535,2,57,517863,34,1,1,1,5,34,28,1,1,allocated
8,1316,greenran_normal,0,0,65535_65535,2,37,517865,27,1,1,0,4,0,28,1,1,pre_allocation
8,1316,greenran_normal,0,0,65535_65535,2,37,517865,34,1,1,1,5,34,28,1,1,allocated
8,1316,greenran_normal,0,0,65535_65535,2,39,517865,27,1,1,0,4,0,28,1,1,pre_allocation
8,1316,greenran_normal,0,0,65535_65535,2,39,517865,34,1,1,1,5,34,28,1,1,allocated
8,1316,greenran_normal,0,0,65535_65535,2,40,517865,27,1,1,0,4,0,28,1,1,pre_allocation
8,1316,greenran_normal,0,0,65535_65535,2,40,517865,34,1,1,1,5,34,28,1,1,allocated
8,1316,greenran_normal,0,0,65535_65535,2,41,517865,27,1,1,0,4,0,28,1,1,pre_allocation
8,1316,greenran_normal,0,0,65535_65535,2,41,517865,34,1,1,1,5,34,28,1,1,allocated
8,1316,greenran_normal,0,0,65535_65535,2,63,517860,27,1,1,0,4,0,28,1,1,pre_allocation
8,1316,greenran_normal,0,0,65535_65535,2,63,517860,34,1,1,1,5,34,28,1,1,allocated
8,1316,greenran_normal,0,0,65535_65535,2,62,517860,27,1,1,0,4,0,28,1,1,pre_allocation
8,1316,greenran_normal,0,0,65535_65535,2,62,517860,34,1,1,1,5,34,28,1,1,allocated
8,1316,greenran_normal,0,0,65535_65535,2,61,517860,27,1,1,0,4,0,28,1,1,pre_allocation
8,1316,greenran_normal,0,0,65535_65535,2,61,517860,34,1,1,1,5,34,28,1,1,allocated
8,1316,greenran_normal,0,0,65535_65535,2,35,517855,27,1,1,0,4,0,28,1,1,pre_allocation
8,1316,greenran_normal,0,0,65535_65535,2,35,517855,34,1,1,1,5,34,28,1,1,allocated
8,1316,greenran_normal,0,0,65535_65535,2,44,517855,27,1,1,0,4,0,28,1,1,pre_allocation
8,1316,greenran_normal,0,0,65535_65535,2,44,517855,34,1,1,1,5,34,28,1,1,allocated
10,1662,greenran_normal,0,0,65535_65535,0,4,23692,0,1,1,0,0,0,24,1,1,pre_allocation
10,1662,greenran_normal,0,0,65535_65535,0,4,23692,3,1,1,1,1,3,24,1,1,allocated
10,1662,greenran_normal,0,0,65535_65535,0,3,23490,0,1,1,0,0,0,28,1,1,pre_allocation
10,1662,greenran_normal,0,0,65535_65535,0,3,23490,4,1,1,1,1,4,28,1,1,allocated
10,1662,greenran_normal,0,0,65535_65535,0,5,23489,0,1,1,0,0,0,28,1,1,pre_allocation
10,1662,greenran_normal,0,0,65535_65535,0,5,23489,4,1,1,1,1,4,28,1,1,allocated
10,1662,greenran_normal,0,0,65535_65535,0,1,23482,0,1,1,0,0,0,28,1,1,pre_allocation
10,1662,greenran_normal,0,0,65535_65535,0,1,23482,4,1,1,1,1,4,28,1,1,allocated
10,1662,greenran_normal,0,0,65535_65535,0,2,23482,0,1,1,0,0,0,28,1,1,pre_allocation
10,1662,greenran_normal,0,0,65535_65535,0,2,23482,4,1,1,1,1,4,28,1,1,allocated
10,1662,greenran_normal,0,0,65535_65535,0,4,23692,3,1,1,0,1,0,24,1,1,pre_allocation
10,1662,greenran_normal,0,0,65535_65535,0,4,23692,9,1,1,1,2,9,24,1,1,allocated
10,1662,greenran_normal,0,0,65535_65535,0,3,23490,4,1,1,0,1,0,28,1,1,pre_allocation
10,1662,greenran_normal,0,0,65535_65535,0,3,23490,12,1,1,1,2,12,28,1,1,allocated
10,1662,greenran_normal,0,0,65535_65535,0,5,23489,4,1,1,0,1,0,28,1,1,pre_allocation
10,1662,greenran_normal,0,0,65535_65535,0,5,23489,12,1,1,1,2,12,28,1,1,allocated
10,1662,greenran_normal,0,0,65535_65535,0,1,23482,4,1,1,0,1,0,28,1,1,pre_allocation
10,1662,greenran_normal,0,0,65535_65535,0,1,23482,12,1,1,1,2,12,28,1,1,allocated
10,1662,greenran_normal,0,0,65535_65535,0,2,23482,4,1,1,0,1,0,28,1,1,pre_allocation
10,1662,greenran_normal,0,0,65535_65535,0,2,23482,12,1,1,1,2,12,28,1,1,allocated
10,1662,greenran_normal,0,0,65535_65535,0,4,23692,9,1,1,0,2,0,24,1,1,pre_allocation
10,1662,greenran_normal,0,0,65535_65535,0,4,23692,15,1,1,1,3,15,24,1,1,allocated
10,1662,greenran_normal,0,0,65535_65535,0,3,23490,12,1,1,0,2,0,28,1,1,pre_allocation
10,1662,greenran_normal,0,0,65535_65535,0,3,23490,19,1,1,1,3,19,28,1,1,allocated
10,1662,greenran_normal,0,0,65535_65535,0,5,23489,12,1,1,0,2,0,28,1,1,pre_allocation
10,1662,greenran_normal,0,0,65535_65535,0,5,23489,19,1,1,1,3,19,28,1,1,allocated
10,1662,greenran_normal,0,0,65535_65535,0,1,23482,12,1,1,0,2,0,28,1,1,pre_allocation
10,1662,greenran_normal,0,0,65535_65535,0,1,23482,19,1,1,1,3,19,28,1,1,allocated
10,1662,greenran_normal,0,0,65535_65535,0,2,23482,12,1,1,0,2,0,28,1,1,pre_allocation
10,1662,greenran_normal,0,0,65535_65535,0,2,23482,19,1,1,1,3,19,28,1,1,allocated
10,1662,greenran_normal,0,0,65535_65535,0,4,23692,15,1,1,0,3,0,24,1,1,pre_allocation
10,1662,greenran_normal,0,0,65535_65535,0,4,23692,21,1,1,1,4,21,24,1,1,allocated
10,1662,greenran_normal,0,0,65535_65535,0,3,23490,19,1,1,0,3,0,28,1,1,pre_allocation
10,1662,greenran_normal,0,0,65535_65535,0,3,23490,27,1,1,1,4,27,28,1,1,allocated
10,1662,greenran_normal,0,0,65535_65535,0,5,23489,19,1,1,0,3,0,28,1,1,pre_allocation
10,1662,greenran_normal,0,0,65535_65535,0,5,23489,27,1,1,1,4,27,28,1,1,allocated
10,1662,greenran_normal,0,0,65535_65535,0,1,23482,19,1,1,0,3,0,28,1,1,pre_allocation
10,1662,greenran_normal,0,0,65535_65535,0,1,23482,27,1,1,1,4,27,28,1,1,allocated
10,1662,greenran_normal,0,0,65535_65535,0,2,23482,19,1,1,0,3,0,28,1,1,pre_allocation
10,1662,greenran_normal,0,0,65535_65535,0,2,23482,27,1,1,1,4,27,28,1,1,allocated
10,1662,greenran_normal,0,0,65535_65535,0,4,23692,21,1,1,0,4,0,24,1,1,pre_allocation
10,1662,greenran_normal,0,0,65535_65535,0,4,23692,27,1,1,1,5,27,24,1,1,allocated
10,1662,greenran_normal,0,0,65535_65535,0,3,23490,27,1,1,0,4,0,28,1,1,pre_allocation
10,1662,greenran_normal,0,0,65535_65535,0,3,23490,34,1,1,1,5,34,28,1,1,allocated
10,1662,greenran_normal,0,0,65535_65535,0,5,23489,27,1,1,0,4,0,28,1,1,pre_allocation
10,1662,greenran_normal,0,0,65535_65535,0,5,23489,34,1,1,1,5,34,28,1,1,allocated
10,1662,greenran_normal,0,0,65535_65535,0,1,23482,27,1,1,0,4,0,28,1,1,pre_allocation
10,1662,greenran_normal,0,0,65535_65535,0,1,23482,34,1,1,1,5,34,28,1,1,allocated
10,1662,greenran_normal,0,0,65535_65535,0,2,23482,27,1,1,0,4,0,28,1,1,pre_allocation
10,1662,greenran_normal,0,0,65535_65535,0,2,23482,34,1,1,1,5,34,28,1,1,allocated
10,1662,greenran_normal,0,0,65535_65535,0,4,23692,27,1,1,0,5,0,24,1,1,pre_allocation
10,1662,greenran_normal,0,0,65535_65535,0,4,23692,34,1,1,1,6,34,24,1,1,allocated
10,1662,greenran_normal,0,0,65535_65535,0,3,23490,34,1,1,0,5,0,28,1,1,pre_allocation
10,1662,greenran_normal,0,0,65535_65535,0,3,23490,42,1,1,1,6,42,28,1,1,allocated
10,1662,greenran_normal,0,0,65535_65535,0,5,23489,34,1,1,0,5,0,28,1,1,pre_allocation
10,1662,greenran_normal,0,0,65535_65535,0,5,23489,42,1,1,1,6,42,28,1,1,allocated
10,1662,greenran_normal,0,0,65535_65535,0,1,23482,34,1,1,0,5,0,28,1,1,pre_allocation
10,1662,greenran_normal,0,0,65535_65535,0,1,23482,42,1,1,1,6,42,28,1,1,allocated
10,1662,greenran_normal,0,0,65535_65535,0,2,23482,34,1,1,0,5,0,28,1,1,pre_allocation
10,1662,greenran_normal,0,0,65535_65535,0,2,23482,42,1,1,1,6,42,28,1,1,allocated
10,1662,greenran_normal,0,0,65535_65535,0,4,23692,34,1,1,0,6,0,24,1,1,pre_allocation
10,1662,greenran_normal,0,0,65535_65535,0,4,23692,40,1,1,1,7,40,24,1,1,allocated
10,1662,greenran_normal,0,0,65535_65535,0,3,23490,42,1,1,0,6,0,28,1,1,pre_allocation
10,1662,greenran_normal,0,0,65535_65535,0,3,23490,50,1,1,1,7,50,28,1,1,allocated
10,1662,greenran_normal,0,0,65535_65535,0,5,23489,42,1,1,0,6,0,28,1,1,pre_allocation
10,1662,greenran_normal,0,0,65535_65535,0,5,23489,50,1,1,1,7,50,28,1,1,allocated
10,1662,greenran_normal,0,0,65535_65535,0,1,23482,42,1,1,0,6,0,28,1,1,pre_allocation
10,1662,greenran_normal,0,0,65535_65535,0,1,23482,50,1,1,1,7,50,28,1,1,allocated
10,1662,greenran_normal,0,0,65535_65535,0,2,23482,42,1,1,0,6,0,28,1,1,pre_allocation
10,1662,greenran_normal,0,0,65535_65535,0,2,23482,50,1,1,1,7,50,28,1,1,allocated
10,1662,greenran_normal,0,0,65535_65535,0,4,23692,40,1,1,0,7,0,24,1,1,pre_allocation
10,1662,greenran_normal,0,0,65535_65535,0,4,23692,46,1,1,1,8,46,24,1,1,allocated
10,1662,greenran_normal,0,0,65535_65535,0,3,23490,50,1,1,0,7,0,28,1,1,pre_allocation
10,1662,greenran_normal,0,0,65535_65535,0,3,23490,57,1,1,1,8,57,28,1,1,allocated
10,1662,greenran_normal,0,0,65535_65535,0,5,23489,50,1,1,0,7,0,28,1,1,pre_allocation
10,1662,greenran_normal,0,0,65535_65535,0,5,23489,57,1,1,1,8,57,28,1,1,allocated
10,1662,greenran_normal,0,0,65535_65535,0,1,23482,50,1,1,0,7,0,28,1,1,pre_allocation
10,1662,greenran_normal,0,0,65535_65535,0,1,23482,57,1,1,1,8,57,28,1,1,allocated
10,1662,greenran_normal,0,0,65535_65535,0,2,23482,50,1,1,0,7,0,28,1,1,pre_allocation
10,1662,greenran_normal,0,0,65535_65535,0,2,23482,57,1,1,1,8,57,28,1,1,allocated
10,1662,greenran_normal,0,0,65535_65535,0,4,23692,46,1,1,0,8,0,24,1,1,pre_allocation
10,1662,greenran_normal,0,0,65535_65535,0,4,23692,52,1,1,1,9,52,24,1,1,allocated
10,1662,greenran_normal,0,0,65535_65535,0,3,23490,57,1,1,0,8,0,28,1,1,pre_allocation
10,1662,greenran_normal,0,0,65535_65535,0,3,23490,65,1,1,1,9,65,28,1,1,allocated
10,1662,greenran_normal,0,0,65535_65535,0,5,23489,57,1,1,0,8,0,28,1,1,pre_allocation
10,1662,greenran_normal,0,0,65535_65535,0,5,23489,65,1,1,1,9,65,28,1,1,allocated
10,1662,greenran_normal,0,0,65535_65535,0,1,23482,57,1,1,0,8,0,28,1,1,pre_allocation
10,1662,greenran_normal,0,0,65535_65535,0,1,23482,65,1,1,1,9,65,28,1,1,allocated
10,1662,greenran_normal,0,0,65535_65535,0,2,23482,57,1,1,0,8,0,28,1,1,pre_allocation
10,1662,greenran_normal,0,0,65535_65535,0,2,23482,65,1,1,1,9,65,28,1,1,allocated
10,1662,greenran_normal,0,0,65535_65535,0,4,23692,52,1,1,0,9,0,24,1,1,pre_allocation
10,1662,greenran_normal,0,0,65535_65535,0,4,23692,58,1,1,1,10,58,24,1,1,allocated
10,1662,greenran_normal,0,0,65535_65535,0,3,23490,65,1,1,0,9,0,28,1,1,pre_allocation
10,1662,greenran_normal,0,0,65535_65535,0,3,23490,72,1,1,1,10,72,28,1,1,allocated
10,1662,greenran_normal,0,0,65535_65535,0,5,23489,65,1,1,0,9,0,28,1,1,pre_allocation
10,1662,greenran_normal,0,0,65535_65535,0,5,23489,72,1,1,1,10,72,28,1,1,allocated
10,1662,greenran_normal,0,0,65535_65535,0,1,23482,65,1,1,0,9,0,28,1,1,pre_allocation
10,1662,greenran_normal,0,0,65535_65535,0,1,23482,72,1,1,1,10,72,28,1,1,allocated
10,1662,greenran_normal,0,0,65535_65535,0,2,23482,65,1,1,0,9,0,28,1,1,pre_allocation
10,1662,greenran_normal,0,0,65535_65535,0,2,23482,72,1,1,1,10,72,28,1,1,allocated
10,1662,greenran_normal,0,0,65535_65535,0,4,23692,58,1,1,0,10,0,24,1,1,pre_allocation
10,1662,greenran_normal,0,0,65535_65535,0,4,23692,65,1,1,1,11,65,24,1,1,allocated
10,1662,greenran_normal,0,0,65535_65535,0,3,23490,72,1,1,0,10,0,28,1,1,pre_allocation
10,1662,greenran_normal,0,0,65535_65535,0,3,23490,80,1,1,1,11,80,28,1,1,allocated
10,1662,greenran_normal,0,0,65535_65535,0,5,23489,72,1,1,0,10,0,28,1,1,pre_allocation
10,1662,greenran_normal,0,0,65535_65535,0,5,23489,80,1,1,1,11,80,28,1,1,allocated
10,1662,greenran_normal,0,0,65535_65535,0,1,23482,72,1,1,0,10,0,28,1,1,pre_allocation
10,1662,greenran_normal,0,0,65535_65535,0,1,23482,80,1,1,1,11,80,28,1,1,allocated
10,1662,greenran_normal,0,0,65535_65535,0,2,23482,72,1,1,0,10,0,28,1,1,pre_allocation
10,1662,greenran_normal,0,0,65535_65535,0,2,23482,80,1,1,1,11,80,28,1,1,allocated
10,1662,greenran_normal,0,0,65535_65535,0,4,23692,65,1,1,0,11,0,24,1,1,pre_allocation
10,1662,greenran_normal,0,0,65535_65535,0,4,23692,71,1,1,1,12,71,24,1,1,allocated
10,1662,greenran_normal,0,0,65535_65535,0,3,23490,80,1,1,0,11,0,28,1,1,pre_allocation
10,1662,greenran_normal,0,0,65535_65535,0,3,23490,88,1,1,1,12,88,28,1,1,allocated
10,1662,greenran_normal,0,0,65535_65535,0,5,23489,80,1,1,0,11,0,28,1,1,pre_allocation
10,1662,greenran_normal,0,0,65535_65535,0,5,23489,88,1,1,1,12,88,28,1,1,allocated
10,1662,greenran_normal,0,0,65535_65535,0,1,23482,80,1,1,0,11,0,28,1,1,pre_allocation
10,1662,greenran_normal,0,0,65535_65535,0,1,23482,88,1,1,1,12,88,28,1,1,allocated
10,1662,greenran_normal,0,0,65535_65535,0,2,23482,80,1,1,0,11,0,28,1,1,pre_allocation
10,1662,greenran_normal,0,0,65535_65535,0,2,23482,88,1,1,1,12,88,28,1,1,allocated
10,1662,greenran_normal,0,0,65535_65535,0,4,23692,71,1,1,0,12,0,24,1,1,pre_allocation
10,1662,greenran_normal,0,0,65535_65535,0,4,23692,77,1,1,1,13,77,24,1,1,allocated
10,1662,greenran_normal,0,0,65535_65535,0,3,23490,88,1,1,0,12,0,28,1,1,pre_allocation
10,1662,greenran_normal,0,0,65535_65535,0,3,23490,95,1,1,1,13,95,28,1,1,allocated
10,1662,greenran_normal,0,0,65535_65535,0,5,23489,88,1,1,0,12,0,28,1,1,pre_allocation
10,1662,greenran_normal,0,0,65535_65535,0,5,23489,95,1,1,1,13,95,28,1,1,allocated
10,1662,greenran_normal,0,0,65535_65535,0,1,23482,88,1,1,0,12,0,28,1,1,pre_allocation
10,1662,greenran_normal,0,0,65535_65535,0,1,23482,95,1,1,1,13,95,28,1,1,allocated
10,1662,greenran_normal,0,0,65535_65535,0,2,23482,88,1,1,0,12,0,28,1,1,pre_allocation
10,1662,greenran_normal,0,0,65535_65535,0,2,23482,95,1,1,1,13,95,28,1,1,allocated
10,1662,greenran_normal,0,0,65535_65535,0,4,23692,77,1,1,0,13,0,24,1,1,pre_allocation
10,1662,greenran_normal,0,0,65535_65535,0,4,23692,83,1,1,1,14,83,24,1,1,allocated
10,1662,greenran_normal,0,0,65535_65535,0,3,23490,95,1,1,0,13,0,28,1,1,pre_allocation
10,1662,greenran_normal,0,0,65535_65535,0,3,23490,103,1,1,1,14,103,28,1,1,allocated
10,1662,greenran_normal,0,0,65535_65535,0,5,23489,95,1,1,0,13,0,28,1,1,pre_allocation
10,1662,greenran_normal,0,0,65535_65535,0,5,23489,103,1,1,1,14,103,28,1,1,allocated
10,1662,greenran_normal,0,0,65535_65535,0,1,23482,95,1,1,0,13,0,28,1,1,pre_allocation
10,1662,greenran_normal,0,0,65535_65535,0,1,23482,103,1,1,1,14,103,28,1,1,allocated
10,1662,greenran_normal,0,0,65535_65535,0,2,23482,95,1,1,0,13,0,28,1,1,pre_allocation
10,1662,greenran_normal,0,0,65535_65535,0,2,23482,103,1,1,1,14,103,28,1,1,allocated
10,1662,greenran_normal,0,0,65535_65535,0,4,23692,83,1,1,0,14,0,24,1,1,pre_allocation
10,1662,greenran_normal,0,0,65535_65535,0,4,23692,89,1,1,1,15,89,24,1,1,allocated
10,1662,greenran_normal,0,0,65535_65535,0,3,23490,103,1,1,0,14,0,28,1,1,pre_allocation
10,1662,greenran_normal,0,0,65535_65535,0,3,23490,110,1,1,1,15,110,28,1,1,allocated
10,1662,greenran_normal,0,0,65535_65535,0,5,23489,103,1,1,0,14,0,28,1,1,pre_allocation
10,1662,greenran_normal,0,0,65535_65535,0,5,23489,110,1,1,1,15,110,28,1,1,allocated
10,1662,greenran_normal,0,0,65535_65535,0,1,23482,103,1,1,0,14,0,28,1,1,pre_allocation
10,1662,greenran_normal,0,0,65535_65535,0,1,23482,110,1,1,1,15,110,28,1,1,allocated
10,1662,greenran_normal,0,0,65535_65535,0,2,23482,103,1,1,0,14,0,28,1,1,pre_allocation
10,1662,greenran_normal,0,0,65535_65535,0,2,23482,110,1,1,1,15,110,28,1,1,allocated
10,1662,greenran_normal,0,0,65535_65535,0,4,23692,89,1,1,0,15,0,24,1,1,pre_allocation
10,1662,greenran_normal,0,0,65535_65535,0,4,23692,96,1,1,1,16,96,24,1,1,allocated
10,1662,greenran_normal,0,0,65535_65535,0,3,23490,110,1,1,0,15,0,28,1,1,pre_allocation
10,1662,greenran_normal,0,0,65535_65535,0,3,23490,118,1,1,1,16,118,28,1,1,allocated
10,1662,greenran_normal,0,0,65535_65535,0,5,23489,110,1,1,0,15,0,28,1,1,pre_allocation
10,1662,greenran_normal,0,0,65535_65535,0,5,23489,118,1,1,1,16,118,28,1,1,allocated
10,1662,greenran_normal,0,0,65535_65535,0,1,23482,110,1,1,0,15,0,28,1,1,pre_allocation
10,1662,greenran_normal,0,0,65535_65535,0,1,23482,118,1,1,1,16,118,28,1,1,allocated
10,1662,greenran_normal,0,0,65535_65535,0,2,23482,110,1,1,0,15,0,28,1,1,pre_allocation
10,1662,greenran_normal,0,0,65535_65535,0,2,23482,118,1,1,1,16,118,28,1,1,allocated
10,1662,greenran_normal,0,0,65535_65535,0,4,23692,96,1,1,0,16,0,24,1,1,pre_allocation
10,1662,greenran_normal,0,0,65535_65535,0,4,23692,102,1,1,1,17,102,24,1,1,allocated
10,1662,greenran_normal,0,0,65535_65535,0,3,23490,118,1,1,0,16,0,28,1,1,pre_allocation
10,1662,greenran_normal,0,0,65535_65535,0,3,23490,126,1,1,1,17,126,28,1,1,allocated
10,1662,greenran_normal,0,0,65535_65535,0,5,23489,118,1,1,0,16,0,28,1,1,pre_allocation
10,1662,greenran_normal,0,0,65535_65535,0,5,23489,126,1,1,1,17,126,28,1,1,allocated
10,1662,greenran_normal,0,0,65535_65535,0,1,23482,118,1,1,0,16,0,28,1,1,pre_allocation
10,1662,greenran_normal,0,0,65535_65535,0,1,23482,126,1,1,1,17,126,28,1,1,allocated
10,1662,greenran_normal,0,0,65535_65535,0,2,23482,118,1,1,0,16,0,28,1,1,pre_allocation
10,1662,greenran_normal,0,0,65535_65535,0,2,23482,126,1,1,1,17,126,28,1,1,allocated
10,1662,greenran_normal,0,0,65535_65535,0,4,23692,102,1,1,0,17,0,24,1,1,pre_allocation
10,1662,greenran_normal,0,0,65535_65535,0,4,23692,108,1,1,1,18,108,24,1,1,allocated
10,1662,greenran_normal,0,0,65535_65535,0,3,23490,126,1,1,0,17,0,28,1,1,pre_allocation
10,1662,greenran_normal,0,0,65535_65535,0,3,23490,133,1,1,1,18,133,28,1,1,allocated
10,1662,greenran_normal,0,0,65535_65535,0,5,23489,126,1,1,0,17,0,28,1,1,pre_allocation
10,1662,greenran_normal,0,0,65535_65535,0,5,23489,133,1,1,1,18,133,28,1,1,allocated
10,1662,greenran_normal,0,0,65535_65535,0,1,23482,126,1,1,0,17,0,28,1,1,pre_allocation
10,1662,greenran_normal,0,0,65535_65535,0,1,23482,133,1,1,1,18,133,28,1,1,allocated
10,1662,greenran_normal,0,0,65535_65535,0,2,23482,126,1,1,0,17,0,28,1,1,pre_allocation
10,1662,greenran_normal,0,0,65535_65535,0,2,23482,133,1,1,1,18,133,28,1,1,allocated
10,1662,greenran_normal,0,0,65535_65535,0,4,23692,108,1,1,0,18,0,24,1,1,pre_allocation
10,1662,greenran_normal,0,0,65535_65535,0,4,23692,114,1,1,1,19,114,24,1,1,allocated
10,1662,greenran_normal,0,0,65535_65535,0,3,23490,133,1,1,0,18,0,28,1,1,pre_allocation
10,1662,greenran_normal,0,0,65535_65535,0,3,23490,141,1,1,1,19,141,28,1,1,allocated
10,1662,greenran_normal,0,0,65535_65535,0,5,23489,133,1,1,0,18,0,28,1,1,pre_allocation
10,1662,greenran_normal,0,0,65535_65535,0,5,23489,141,1,1,1,19,141,28,1,1,allocated
10,1662,greenran_normal,0,0,65535_65535,0,1,23482,133,1,1,0,18,0,28,1,1,pre_allocation
10,1662,greenran_normal,0,0,65535_65535,0,1,23482,141,1,1,1,19,141,28,1,1,allocated
10,1662,greenran_normal,0,0,65535_65535,0,2,23482,133,1,1,0,18,0,28,1,1,pre_allocation
10,1662,greenran_normal,0,0,65535_65535,0,2,23482,141,1,1,1,19,141,28,1,1,allocated
10,1662,greenran_normal,0,0,65535_65535,0,4,23692,114,1,1,0,19,0,24,1,1,pre_allocation
10,1662,greenran_normal,0,0,65535_65535,0,4,23692,120,1,1,1,20,120,24,1,1,allocated
10,1662,greenran_normal,0,0,65535_65535,0,3,23490,141,1,1,0,19,0,28,1,1,pre_allocation
10,1662,greenran_normal,0,0,65535_65535,0,3,23490,148,1,1,1,20,148,28,1,1,allocated
10,1662,greenran_normal,0,0,65535_65535,0,5,23489,141,1,1,0,19,0,28,1,1,pre_allocation
10,1662,greenran_normal,0,0,65535_65535,0,5,23489,148,1,1,1,20,148,28,1,1,allocated
10,1662,greenran_normal,0,0,65535_65535,0,1,23482,141,1,1,0,19,0,28,1,1,pre_allocation
10,1662,greenran_normal,0,0,65535_65535,0,1,23482,148,1,1,1,20,148,28,1,1,allocated
10,1662,greenran_normal,0,0,65535_65535,0,2,23482,141,1,1,0,19,0,28,1,1,pre_allocation
10,1662,greenran_normal,0,0,65535_65535,0,2,23482,148,1,1,1,20,148,28,1,1,allocated
10,1662,greenran_normal,0,0,65535_65535,0,4,23692,120,1,1,0,20,0,24,1,1,pre_allocation
10,1662,greenran_normal,0,0,65535_65535,0,4,23692,126,1,1,1,21,126,24,1,1,allocated
10,1662,greenran_normal,0,0,65535_65535,0,3,23490,148,1,1,0,20,0,28,1,1,pre_allocation
10,1662,greenran_normal,0,0,65535_65535,0,3,23490,156,1,1,1,21,156,28,1,1,allocated
10,1662,greenran_normal,0,0,65535_65535,0,5,23489,148,1,1,0,20,0,28,1,1,pre_allocation
10,1662,greenran_normal,0,0,65535_65535,0,5,23489,156,1,1,1,21,156,28,1,1,allocated
10,1662,greenran_normal,0,0,65535_65535,0,1,23482,148,1,1,0,20,0,28,1,1,pre_allocation
10,1662,greenran_normal,0,0,65535_65535,0,1,23482,156,1,1,1,21,156,28,1,1,allocated
10,1662,greenran_normal,0,0,65535_65535,0,2,23482,148,1,1,0,20,0,28,1,1,pre_allocation
10,1662,greenran_normal,0,0,65535_65535,0,2,23482,156,1,1,1,21,156,28,1,1,allocated
10,1662,greenran_normal,0,0,65535_65535,0,4,23692,126,1,1,0,21,0,24,1,1,pre_allocation
10,1662,greenran_normal,0,0,65535_65535,0,4,23692,133,1,1,1,22,133,24,1,1,allocated
10,1662,greenran_normal,0,0,65535_65535,0,3,23490,156,1,1,0,21,0,28,1,1,pre_allocation
10,1662,greenran_normal,0,0,65535_65535,0,3,23490,163,1,1,1,22,163,28,1,1,allocated
10,1662,greenran_normal,0,0,65535_65535,0,5,23489,156,1,1,0,21,0,28,1,1,pre_allocation
10,1662,greenran_normal,0,0,65535_65535,0,5,23489,163,1,1,1,22,163,28,1,1,allocated
10,1662,greenran_normal,0,0,65535_65535,0,1,23482,156,1,1,0,21,0,28,1,1,pre_allocation
10,1662,greenran_normal,0,0,65535_65535,0,1,23482,163,1,1,1,22,163,28,1,1,allocated
10,1662,greenran_normal,0,0,65535_65535,0,2,23482,156,1,1,0,21,0,28,1,1,pre_allocation
10,1662,greenran_normal,0,0,65535_65535,0,2,23482,163,1,1,1,22,163,28,1,1,allocated
10,1662,greenran_normal,0,0,65535_65535,0,4,23692,133,1,1,0,22,0,24,1,1,pre_allocation
10,1662,greenran_normal,0,0,65535_65535,0,4,23692,139,1,1,1,23,139,24,1,1,allocated
10,1662,greenran_normal,0,0,65535_65535,0,3,23490,163,1,1,0,22,0,28,1,1,pre_allocation
10,1662,greenran_normal,0,0,65535_65535,0,3,23490,171,1,1,1,23,171,28,1,1,allocated
10,1662,greenran_normal,0,0,65535_65535,0,5,23489,163,1,1,0,22,0,28,1,1,pre_allocation
10,1662,greenran_normal,0,0,65535_65535,0,5,23489,171,1,1,1,23,171,28,1,1,allocated
10,1662,greenran_normal,0,0,65535_65535,0,1,23482,163,1,1,0,22,0,28,1,1,pre_allocation
10,1662,greenran_normal,0,0,65535_65535,0,1,23482,171,1,1,1,23,171,28,1,1,allocated
10,1662,greenran_normal,0,0,65535_65535,0,2,23482,163,1,1,0,22,0,28,1,1,pre_allocation
10,1662,greenran_normal,0,0,65535_65535,0,2,23482,171,1,1,1,23,171,28,1,1,allocated
10,1662,greenran_normal,0,0,65535_65535,0,4,23692,139,1,1,0,23,0,24,1,1,pre_allocation
10,1662,greenran_normal,0,0,65535_65535,0,4,23692,145,1,1,1,24,145,24,1,1,allocated
10,1662,greenran_normal,0,0,65535_65535,0,3,23490,171,1,1,0,23,0,28,1,1,pre_allocation
10,1662,greenran_normal,0,0,65535_65535,0,3,23490,179,1,1,1,24,179,28,1,1,allocated
10,1662,greenran_normal,0,0,65535_65535,0,5,23489,171,1,1,0,23,0,28,1,1,pre_allocation
10,1662,greenran_normal,0,0,65535_65535,0,5,23489,179,1,1,1,24,179,28,1,1,allocated
10,1662,greenran_normal,0,0,65535_65535,0,1,23482,171,1,1,0,23,0,28,1,1,pre_allocation
10,1662,greenran_normal,0,0,65535_65535,0,1,23482,179,1,1,1,24,179,28,1,1,allocated
10,1662,greenran_normal,0,0,65535_65535,0,2,23482,171,1,1,0,23,0,28,1,1,pre_allocation
10,1662,greenran_normal,0,0,65535_65535,0,2,23482,179,1,1,1,24,179,28,1,1,allocated
10,1662,greenran_normal,0,0,65535_65535,0,4,23692,145,1,1,0,24,0,24,1,1,pre_allocation
10,1662,greenran_normal,0,0,65535_65535,0,4,23692,151,1,1,1,25,151,24,1,1,allocated
10,1662,greenran_normal,0,0,65535_65535,0,3,23490,179,1,1,0,24,0,28,1,1,pre_allocation
10,1662,greenran_normal,0,0,65535_65535,0,3,23490,186,1,1,1,25,186,28,1,1,allocated
10,1662,greenran_normal,0,0,65535_65535,0,5,23489,179,1,1,0,24,0,28,1,1,pre_allocation
10,1662,greenran_normal,0,0,65535_65535,0,5,23489,186,1,1,1,25,186,28,1,1,allocated
10,1662,greenran_normal,0,0,65535_65535,0,1,23482,179,1,1,0,24,0,28,1,1,pre_allocation
10,1662,greenran_normal,0,0,65535_65535,0,1,23482,186,1,1,1,25,186,28,1,1,allocated
10,1662,greenran_normal,0,0,65535_65535,0,2,23482,179,1,1,0,24,0,28,1,1,pre_allocation
10,1662,greenran_normal,0,0,65535_65535,0,2,23482,186,1,1,1,25,186,28,1,1,allocated
10,1662,greenran_normal,0,0,65535_65535,0,4,23692,151,1,1,0,25,0,24,1,1,pre_allocation
10,1662,greenran_normal,0,0,65535_65535,0,4,23692,157,1,1,1,26,157,24,1,1,allocated
10,1662,greenran_normal,0,0,65535_65535,0,3,23490,186,1,1,0,25,0,28,1,1,pre_allocation
10,1662,greenran_normal,0,0,65535_65535,0,3,23490,194,1,1,1,26,194,28,1,1,allocated
10,1662,greenran_normal,0,0,65535_65535,0,5,23489,186,1,1,0,25,0,28,1,1,pre_allocation
10,1662,greenran_normal,0,0,65535_65535,0,5,23489,194,1,1,1,26,194,28,1,1,allocated
10,1662,greenran_normal,0,0,65535_65535,0,1,23482,186,1,1,0,25,0,28,1,1,pre_allocation
10,1662,greenran_normal,0,0,65535_65535,0,1,23482,194,1,1,1,26,194,28,1,1,allocated
10,1662,greenran_normal,0,0,65535_65535,0,2,23482,186,1,1,0,25,0,28,1,1,pre_allocation
10,1662,greenran_normal,0,0,65535_65535,0,2,23482,194,1,1,1,26,194,28,1,1,allocated
10,1662,greenran_normal,0,0,65535_65535,2,38,740363,0,1,1,0,0,0,2,1,1,pre_allocation
10,1662,greenran_normal,0,0,65535_65535,2,38,740363,0,1,1,1,1,0,2,1,1,allocated
10,1662,greenran_normal,0,0,65535_65535,2,60,740187,0,1,1,0,0,0,12,1,1,pre_allocation
10,1662,greenran_normal,0,0,65535_65535,2,60,740187,2,1,1,1,1,2,12,1,1,allocated
10,1662,greenran_normal,0,0,65535_65535,2,64,740138,0,1,1,0,0,0,10,1,1,pre_allocation
10,1662,greenran_normal,0,0,65535_65535,2,64,740138,1,1,1,1,1,1,10,1,1,allocated
10,1662,greenran_normal,0,0,65535_65535,2,43,740090,0,1,1,0,0,0,18,1,1,pre_allocation
10,1662,greenran_normal,0,0,65535_65535,2,43,740090,0,1,1,1,1,0,18,1,1,allocated
10,1662,greenran_normal,0,0,65535_65535,2,42,739905,0,1,1,0,0,0,24,1,1,pre_allocation
10,1662,greenran_normal,0,0,65535_65535,2,42,739905,3,1,1,1,1,3,24,1,1,allocated
10,1662,greenran_normal,0,0,65535_65535,2,58,739844,0,1,1,0,0,0,24,1,1,pre_allocation
10,1662,greenran_normal,0,0,65535_65535,2,58,739844,3,1,1,1,1,3,24,1,1,allocated
10,1662,greenran_normal,0,0,65535_65535,2,59,739808,0,1,1,0,0,0,24,1,1,pre_allocation
10,1662,greenran_normal,0,0,65535_65535,2,59,739808,3,1,1,1,1,3,24,1,1,allocated
10,1662,greenran_normal,0,0,65535_65535,2,36,739810,0,1,1,0,0,0,26,1,1,pre_allocation
10,1662,greenran_normal,0,0,65535_65535,2,36,739810,4,1,1,1,1,4,26,1,1,allocated
10,1662,greenran_normal,0,0,65535_65535,2,55,739765,0,1,1,0,0,0,28,1,1,pre_allocation
10,1662,greenran_normal,0,0,65535_65535,2,55,739765,4,1,1,1,1,4,28,1,1,allocated
10,1662,greenran_normal,0,0,65535_65535,2,56,739765,0,1,1,0,0,0,28,1,1,pre_allocation
10,1662,greenran_normal,0,0,65535_65535,2,56,739765,4,1,1,1,1,4,28,1,1,allocated
10,1662,greenran_normal,0,0,65535_65535,2,57,739765,0,1,1,0,0,0,28,1,1,pre_allocation
10,1662,greenran_normal,0,0,65535_65535,2,57,739765,4,1,1,1,1,4,28,1,1,allocated
10,1662,greenran_normal,0,0,65535_65535,2,37,739767,0,1,1,0,0,0,28,1,1,pre_allocation
10,1662,greenran_normal,0,0,65535_65535,2,37,739767,4,1,1,1,1,4,28,1,1,allocated
10,1662,greenran_normal,0,0,65535_65535,2,39,739767,0,1,1,0,0,0,28,1,1,pre_allocation
10,1662,greenran_normal,0,0,65535_65535,2,39,739767,4,1,1,1,1,4,28,1,1,allocated
10,1662,greenran_normal,0,0,65535_65535,2,40,739767,0,1,1,0,0,0,28,1,1,pre_allocation
10,1662,greenran_normal,0,0,65535_65535,2,40,739767,4,1,1,1,1,4,28,1,1,allocated
10,1662,greenran_normal,0,0,65535_65535,2,41,739767,0,1,1,0,0,0,28,1,1,pre_allocation
10,1662,greenran_normal,0,0,65535_65535,2,41,739767,4,1,1,1,1,4,28,1,1,allocated
10,1662,greenran_normal,0,0,65535_65535,2,63,739762,0,1,1,0,0,0,28,1,1,pre_allocation
10,1662,greenran_normal,0,0,65535_65535,2,63,739762,4,1,1,1,1,4,28,1,1,allocated
10,1662,greenran_normal,0,0,65535_65535,2,62,739762,0,1,1,0,0,0,28,1,1,pre_allocation
10,1662,greenran_normal,0,0,65535_65535,2,62,739762,4,1,1,1,1,4,28,1,1,allocated
10,1662,greenran_normal,0,0,65535_65535,2,61,739762,0,1,1,0,0,0,28,1,1,pre_allocation
10,1662,greenran_normal,0,0,65535_65535,2,61,739762,4,1,1,1,1,4,28,1,1,allocated
10,1662,greenran_normal,0,0,65535_65535,2,35,739757,0,1,1,0,0,0,28,1,1,pre_allocation
10,1662,greenran_normal,0,0,65535_65535,2,35,739757,4,1,1,1,1,4,28,1,1,allocated
10,1662,greenran_normal,0,0,65535_65535,2,44,739757,0,1,1,0,0,0,28,1,1,pre_allocation
10,1662,greenran_normal,0,0,65535_65535,2,44,739757,4,1,1,1,1,4,28,1,1,allocated
10,1662,greenran_normal,0,0,65535_65535,2,38,740363,0,1,1,0,1,0,2,1,1,pre_allocation
10,1662,greenran_normal,0,0,65535_65535,2,38,740363,0,1,1,1,2,0,2,1,1,allocated
10,1662,greenran_normal,0,0,65535_65535,2,60,740187,2,1,1,0,1,0,12,1,1,pre_allocation
10,1662,greenran_normal,0,0,65535_65535,2,60,740187,1,1,1,1,2,1,12,1,1,allocated
10,1662,greenran_normal,0,0,65535_65535,2,64,740138,1,1,1,0,1,0,10,1,1,pre_allocation
10,1662,greenran_normal,0,0,65535_65535,2,64,740138,0,1,1,1,2,0,10,1,1,allocated
10,1662,greenran_normal,0,0,65535_65535,2,43,740090,0,1,1,0,1,0,18,1,1,pre_allocation
10,1662,greenran_normal,0,0,65535_65535,2,43,740090,4,1,1,1,2,4,18,1,1,allocated
10,1662,greenran_normal,0,0,65535_65535,2,42,739905,3,1,1,0,1,0,24,1,1,pre_allocation
10,1662,greenran_normal,0,0,65535_65535,2,42,739905,9,1,1,1,2,9,24,1,1,allocated
10,1662,greenran_normal,0,0,65535_65535,2,58,739844,3,1,1,0,1,0,24,1,1,pre_allocation
10,1662,greenran_normal,0,0,65535_65535,2,58,739844,9,1,1,1,2,9,24,1,1,allocated
10,1662,greenran_normal,0,0,65535_65535,2,59,739808,3,1,1,0,1,0,24,1,1,pre_allocation
10,1662,greenran_normal,0,0,65535_65535,2,59,739808,9,1,1,1,2,9,24,1,1,allocated
10,1662,greenran_normal,0,0,65535_65535,2,36,739810,4,1,1,0,1,0,26,1,1,pre_allocation
10,1662,greenran_normal,0,0,65535_65535,2,36,739810,11,1,1,1,2,11,26,1,1,allocated
10,1662,greenran_normal,0,0,65535_65535,2,55,739765,4,1,1,0,1,0,28,1,1,pre_allocation
10,1662,greenran_normal,0,0,65535_65535,2,55,739765,12,1,1,1,2,12,28,1,1,allocated
10,1662,greenran_normal,0,0,65535_65535,2,56,739765,4,1,1,0,1,0,28,1,1,pre_allocation
10,1662,greenran_normal,0,0,65535_65535,2,56,739765,12,1,1,1,2,12,28,1,1,allocated
10,1662,greenran_normal,0,0,65535_65535,2,57,739765,4,1,1,0,1,0,28,1,1,pre_allocation
10,1662,greenran_normal,0,0,65535_65535,2,57,739765,12,1,1,1,2,12,28,1,1,allocated
10,1662,greenran_normal,0,0,65535_65535,2,37,739767,4,1,1,0,1,0,28,1,1,pre_allocation
10,1662,greenran_normal,0,0,65535_65535,2,37,739767,12,1,1,1,2,12,28,1,1,allocated
10,1662,greenran_normal,0,0,65535_65535,2,39,739767,4,1,1,0,1,0,28,1,1,pre_allocation
10,1662,greenran_normal,0,0,65535_65535,2,39,739767,12,1,1,1,2,12,28,1,1,allocated
10,1662,greenran_normal,0,0,65535_65535,2,40,739767,4,1,1,0,1,0,28,1,1,pre_allocation
10,1662,greenran_normal,0,0,65535_65535,2,40,739767,12,1,1,1,2,12,28,1,1,allocated
10,1662,greenran_normal,0,0,65535_65535,2,41,739767,4,1,1,0,1,0,28,1,1,pre_allocation
10,1662,greenran_normal,0,0,65535_65535,2,41,739767,12,1,1,1,2,12,28,1,1,allocated
10,1662,greenran_normal,0,0,65535_65535,2,63,739762,4,1,1,0,1,0,28,1,1,pre_allocation
10,1662,greenran_normal,0,0,65535_65535,2,63,739762,12,1,1,1,2,12,28,1,1,allocated
10,1662,greenran_normal,0,0,65535_65535,2,62,739762,4,1,1,0,1,0,28,1,1,pre_allocation
10,1662,greenran_normal,0,0,65535_65535,2,62,739762,12,1,1,1,2,12,28,1,1,allocated
10,1662,greenran_normal,0,0,65535_65535,2,61,739762,4,1,1,0,1,0,28,1,1,pre_allocation
10,1662,greenran_normal,0,0,65535_65535,2,61,739762,12,1,1,1,2,12,28,1,1,allocated
10,1662,greenran_normal,0,0,65535_65535,2,35,739757,4,1,1,0,1,0,28,1,1,pre_allocation
10,1662,greenran_normal,0,0,65535_65535,2,35,739757,12,1,1,1,2,12,28,1,1,allocated
10,1662,greenran_normal,0,0,65535_65535,2,44,739757,4,1,1,0,1,0,28,1,1,pre_allocation
10,1662,greenran_normal,0,0,65535_65535,2,44,739757,12,1,1,1,2,12,28,1,1,allocated
10,1662,greenran_normal,0,0,65535_65535,2,38,740363,0,1,1,0,2,0,2,1,1,pre_allocation
10,1662,greenran_normal,0,0,65535_65535,2,38,740363,0,1,1,1,3,0,2,1,1,allocated
10,1662,greenran_normal,0,0,65535_65535,2,60,740187,1,1,1,0,2,0,12,1,1,pre_allocation
10,1662,greenran_normal,0,0,65535_65535,2,60,740187,3,1,1,1,3,3,12,1,1,allocated
10,1662,greenran_normal,0,0,65535_65535,2,64,740138,0,1,1,0,2,0,10,1,1,pre_allocation
10,1662,greenran_normal,0,0,65535_65535,2,64,740138,1,1,1,1,3,1,10,1,1,allocated
10,1662,greenran_normal,0,0,65535_65535,2,43,740090,4,1,1,0,2,0,18,1,1,pre_allocation
10,1662,greenran_normal,0,0,65535_65535,2,43,740090,8,1,1,1,3,8,18,1,1,allocated
10,1662,greenran_normal,0,0,65535_65535,2,42,739905,9,1,1,0,2,0,24,1,1,pre_allocation
10,1662,greenran_normal,0,0,65535_65535,2,42,739905,15,1,1,1,3,15,24,1,1,allocated
10,1662,greenran_normal,0,0,65535_65535,2,58,739844,9,1,1,0,2,0,24,1,1,pre_allocation
10,1662,greenran_normal,0,0,65535_65535,2,58,739844,15,1,1,1,3,15,24,1,1,allocated
10,1662,greenran_normal,0,0,65535_65535,2,59,739808,9,1,1,0,2,0,24,1,1,pre_allocation
10,1662,greenran_normal,0,0,65535_65535,2,59,739808,15,1,1,1,3,15,24,1,1,allocated
10,1662,greenran_normal,0,0,65535_65535,2,36,739810,11,1,1,0,2,0,26,1,1,pre_allocation
10,1662,greenran_normal,0,0,65535_65535,2,36,739810,18,1,1,1,3,18,26,1,1,allocated
10,1662,greenran_normal,0,0,65535_65535,2,55,739765,12,1,1,0,2,0,28,1,1,pre_allocation
10,1662,greenran_normal,0,0,65535_65535,2,55,739765,19,1,1,1,3,19,28,1,1,allocated
10,1662,greenran_normal,0,0,65535_65535,2,56,739765,12,1,1,0,2,0,28,1,1,pre_allocation
10,1662,greenran_normal,0,0,65535_65535,2,56,739765,19,1,1,1,3,19,28,1,1,allocated
10,1662,greenran_normal,0,0,65535_65535,2,57,739765,12,1,1,0,2,0,28,1,1,pre_allocation
10,1662,greenran_normal,0,0,65535_65535,2,57,739765,19,1,1,1,3,19,28,1,1,allocated
10,1662,greenran_normal,0,0,65535_65535,2,37,739767,12,1,1,0,2,0,28,1,1,pre_allocation
10,1662,greenran_normal,0,0,65535_65535,2,37,739767,19,1,1,1,3,19,28,1,1,allocated
10,1662,greenran_normal,0,0,65535_65535,2,39,739767,12,1,1,0,2,0,28,1,1,pre_allocation
10,1662,greenran_normal,0,0,65535_65535,2,39,739767,19,1,1,1,3,19,28,1,1,allocated
10,1662,greenran_normal,0,0,65535_65535,2,40,739767,12,1,1,0,2,0,28,1,1,pre_allocation
10,1662,greenran_normal,0,0,65535_65535,2,40,739767,19,1,1,1,3,19,28,1,1,allocated
10,1662,greenran_normal,0,0,65535_65535,2,41,739767,12,1,1,0,2,0,28,1,1,pre_allocation
10,1662,greenran_normal,0,0,65535_65535,2,41,739767,19,1,1,1,3,19,28,1,1,allocated
10,1662,greenran_normal,0,0,65535_65535,2,63,739762,12,1,1,0,2,0,28,1,1,pre_allocation
10,1662,greenran_normal,0,0,65535_65535,2,63,739762,19,1,1,1,3,19,28,1,1,allocated
10,1662,greenran_normal,0,0,65535_65535,2,62,739762,12,1,1,0,2,0,28,1,1,pre_allocation
10,1662,greenran_normal,0,0,65535_65535,2,62,739762,19,1,1,1,3,19,28,1,1,allocated
10,1662,greenran_normal,0,0,65535_65535,2,61,739762,12,1,1,0,2,0,28,1,1,pre_allocation
10,1662,greenran_normal,0,0,65535_65535,2,61,739762,19,1,1,1,3,19,28,1,1,allocated
10,1662,greenran_normal,0,0,65535_65535,2,35,739757,12,1,1,0,2,0,28,1,1,pre_allocation
10,1662,greenran_normal,0,0,65535_65535,2,35,739757,19,1,1,1,3,19,28,1,1,allocated
10,1662,greenran_normal,0,0,65535_65535,2,44,739757,12,1,1,0,2,0,28,1,1,pre_allocation
10,1662,greenran_normal,0,0,65535_65535,2,44,739757,19,1,1,1,3,19,28,1,1,allocated
10,1662,greenran_normal,0,0,65535_65535,2,38,740363,0,1,1,0,3,0,2,1,1,pre_allocation
10,1662,greenran_normal,0,0,65535_65535,2,38,740363,1,1,1,1,4,1,2,1,1,allocated
10,1662,greenran_normal,0,0,65535_65535,2,60,740187,3,1,1,0,3,0,12,1,1,pre_allocation
10,1662,greenran_normal,0,0,65535_65535,2,60,740187,5,1,1,1,4,5,12,1,1,allocated
10,1662,greenran_normal,0,0,65535_65535,2,64,740138,1,1,1,0,3,0,10,1,1,pre_allocation
10,1662,greenran_normal,0,0,65535_65535,2,64,740138,3,1,1,1,4,3,10,1,1,allocated
10,1662,greenran_normal,0,0,65535_65535,2,43,740090,8,1,1,0,3,0,18,1,1,pre_allocation
10,1662,greenran_normal,0,0,65535_65535,2,43,740090,11,1,1,1,4,11,18,1,1,allocated
10,1662,greenran_normal,0,0,65535_65535,2,42,739905,15,1,1,0,3,0,24,1,1,pre_allocation
10,1662,greenran_normal,0,0,65535_65535,2,42,739905,21,1,1,1,4,21,24,1,1,allocated
10,1662,greenran_normal,0,0,65535_65535,2,58,739844,15,1,1,0,3,0,24,1,1,pre_allocation
10,1662,greenran_normal,0,0,65535_65535,2,58,739844,21,1,1,1,4,21,24,1,1,allocated
10,1662,greenran_normal,0,0,65535_65535,2,59,739808,15,1,1,0,3,0,24,1,1,pre_allocation
10,1662,greenran_normal,0,0,65535_65535,2,59,739808,21,1,1,1,4,21,24,1,1,allocated
10,1662,greenran_normal,0,0,65535_65535,2,36,739810,18,1,1,0,3,0,26,1,1,pre_allocation
10,1662,greenran_normal,0,0,65535_65535,2,36,739810,25,1,1,1,4,25,26,1,1,allocated
10,1662,greenran_normal,0,0,65535_65535,2,55,739765,19,1,1,0,3,0,28,1,1,pre_allocation
10,1662,greenran_normal,0,0,65535_65535,2,55,739765,27,1,1,1,4,27,28,1,1,allocated
10,1662,greenran_normal,0,0,65535_65535,2,56,739765,19,1,1,0,3,0,28,1,1,pre_allocation
10,1662,greenran_normal,0,0,65535_65535,2,56,739765,27,1,1,1,4,27,28,1,1,allocated
10,1662,greenran_normal,0,0,65535_65535,2,57,739765,19,1,1,0,3,0,28,1,1,pre_allocation
10,1662,greenran_normal,0,0,65535_65535,2,57,739765,27,1,1,1,4,27,28,1,1,allocated
10,1662,greenran_normal,0,0,65535_65535,2,37,739767,19,1,1,0,3,0,28,1,1,pre_allocation
10,1662,greenran_normal,0,0,65535_65535,2,37,739767,27,1,1,1,4,27,28,1,1,allocated
10,1662,greenran_normal,0,0,65535_65535,2,39,739767,19,1,1,0,3,0,28,1,1,pre_allocation
10,1662,greenran_normal,0,0,65535_65535,2,39,739767,27,1,1,1,4,27,28,1,1,allocated
10,1662,greenran_normal,0,0,65535_65535,2,40,739767,19,1,1,0,3,0,28,1,1,pre_allocation
10,1662,greenran_normal,0,0,65535_65535,2,40,739767,27,1,1,1,4,27,28,1,1,allocated
10,1662,greenran_normal,0,0,65535_65535,2,41,739767,19,1,1,0,3,0,28,1,1,pre_allocation
10,1662,greenran_normal,0,0,65535_65535,2,41,739767,27,1,1,1,4,27,28,1,1,allocated
10,1662,greenran_normal,0,0,65535_65535,2,63,739762,19,1,1,0,3,0,28,1,1,pre_allocation
10,1662,greenran_normal,0,0,65535_65535,2,63,739762,27,1,1,1,4,27,28,1,1,allocated
10,1662,greenran_normal,0,0,65535_65535,2,62,739762,19,1,1,0,3,0,28,1,1,pre_allocation
10,1662,greenran_normal,0,0,65535_65535,2,62,739762,27,1,1,1,4,27,28,1,1,allocated
10,1662,greenran_normal,0,0,65535_65535,2,61,739762,19,1,1,0,3,0,28,1,1,pre_allocation
10,1662,greenran_normal,0,0,65535_65535,2,61,739762,27,1,1,1,4,27,28,1,1,allocated
10,1662,greenran_normal,0,0,65535_65535,2,35,739757,19,1,1,0,3,0,28,1,1,pre_allocation
10,1662,greenran_normal,0,0,65535_65535,2,35,739757,27,1,1,1,4,27,28,1,1,allocated
10,1662,greenran_normal,0,0,65535_65535,2,44,739757,19,1,1,0,3,0,28,1,1,pre_allocation
10,1662,greenran_normal,0,0,65535_65535,2,44,739757,27,1,1,1,4,27,28,1,1,allocated
10,1662,greenran_normal,0,0,65535_65535,2,38,740363,1,1,1,0,4,0,2,1,1,pre_allocation
10,1662,greenran_normal,0,0,65535_65535,2,38,740363,1,1,1,1,5,1,2,1,1,allocated
10,1662,greenran_normal,0,0,65535_65535,2,60,740187,5,1,1,0,4,0,12,1,1,pre_allocation
10,1662,greenran_normal,0,0,65535_65535,2,60,740187,7,1,1,1,5,7,12,1,1,allocated
10,1662,greenran_normal,0,0,65535_65535,2,64,740138,3,1,1,0,4,0,10,1,1,pre_allocation
10,1662,greenran_normal,0,0,65535_65535,2,64,740138,5,1,1,1,5,5,10,1,1,allocated
10,1662,greenran_normal,0,0,65535_65535,2,43,740090,11,1,1,0,4,0,18,1,1,pre_allocation
10,1662,greenran_normal,0,0,65535_65535,2,43,740090,15,1,1,1,5,15,18,1,1,allocated
10,1662,greenran_normal,0,0,65535_65535,2,42,739905,21,1,1,0,4,0,24,1,1,pre_allocation
10,1662,greenran_normal,0,0,65535_65535,2,42,739905,27,1,1,1,5,27,24,1,1,allocated
10,1662,greenran_normal,0,0,65535_65535,2,58,739844,21,1,1,0,4,0,24,1,1,pre_allocation
10,1662,greenran_normal,0,0,65535_65535,2,58,739844,27,1,1,1,5,27,24,1,1,allocated
10,1662,greenran_normal,0,0,65535_65535,2,59,739808,21,1,1,0,4,0,24,1,1,pre_allocation
10,1662,greenran_normal,0,0,65535_65535,2,59,739808,27,1,1,1,5,27,24,1,1,allocated
10,1662,greenran_normal,0,0,65535_65535,2,36,739810,25,1,1,0,4,0,26,1,1,pre_allocation
10,1662,greenran_normal,0,0,65535_65535,2,36,739810,32,1,1,1,5,32,26,1,1,allocated
10,1662,greenran_normal,0,0,65535_65535,2,55,739765,27,1,1,0,4,0,28,1,1,pre_allocation
10,1662,greenran_normal,0,0,65535_65535,2,55,739765,34,1,1,1,5,34,28,1,1,allocated
10,1662,greenran_normal,0,0,65535_65535,2,56,739765,27,1,1,0,4,0,28,1,1,pre_allocation
10,1662,greenran_normal,0,0,65535_65535,2,56,739765,34,1,1,1,5,34,28,1,1,allocated
10,1662,greenran_normal,0,0,65535_65535,2,57,739765,27,1,1,0,4,0,28,1,1,pre_allocation
10,1662,greenran_normal,0,0,65535_65535,2,57,739765,34,1,1,1,5,34,28,1,1,allocated
10,1662,greenran_normal,0,0,65535_65535,2,37,739767,27,1,1,0,4,0,28,1,1,pre_allocation
10,1662,greenran_normal,0,0,65535_65535,2,37,739767,34,1,1,1,5,34,28,1,1,allocated
10,1662,greenran_normal,0,0,65535_65535,2,39,739767,27,1,1,0,4,0,28,1,1,pre_allocation
10,1662,greenran_normal,0,0,65535_65535,2,39,739767,34,1,1,1,5,34,28,1,1,allocated
10,1662,greenran_normal,0,0,65535_65535,2,40,739767,27,1,1,0,4,0,28,1,1,pre_allocation
10,1662,greenran_normal,0,0,65535_65535,2,40,739767,34,1,1,1,5,34,28,1,1,allocated
10,1662,greenran_normal,0,0,65535_65535,2,41,739767,27,1,1,0,4,0,28,1,1,pre_allocation
10,1662,greenran_normal,0,0,65535_65535,2,41,739767,34,1,1,1,5,34,28,1,1,allocated
10,1662,greenran_normal,0,0,65535_65535,2,63,739762,27,1,1,0,4,0,28,1,1,pre_allocation
10,1662,greenran_normal,0,0,65535_65535,2,63,739762,34,1,1,1,5,34,28,1,1,allocated
10,1662,greenran_normal,0,0,65535_65535,2,62,739762,27,1,1,0,4,0,28,1,1,pre_allocation
10,1662,greenran_normal,0,0,65535_65535,2,62,739762,34,1,1,1,5,34,28,1,1,allocated
10,1662,greenran_normal,0,0,65535_65535,2,61,739762,27,1,1,0,4,0,28,1,1,pre_allocation
10,1662,greenran_normal,0,0,65535_65535,2,61,739762,34,1,1,1,5,34,28,1,1,allocated
10,1662,greenran_normal,0,0,65535_65535,2,35,739757,27,1,1,0,4,0,28,1,1,pre_allocation
10,1662,greenran_normal,0,0,65535_65535,2,35,739757,34,1,1,1,5,34,28,1,1,allocated
10,1662,greenran_normal,0,0,65535_65535,2,44,739757,27,1,1,0,4,0,28,1,1,pre_allocation
10,1662,greenran_normal,0,0,65535_65535,2,44,739757,34,1,1,1,5,34,28,1,1,allocated
10,1662,greenran_normal,0,0,65535_65535,2,38,740363,1,1,1,0,5,0,2,1,1,pre_allocation
10,1662,greenran_normal,0,0,65535_65535,2,38,740363,1,1,1,1,6,1,2,1,1,allocated
10,1662,greenran_normal,0,0,65535_65535,2,60,740187,7,1,1,0,5,0,12,1,1,pre_allocation
10,1662,greenran_normal,0,0,65535_65535,2,60,740187,9,1,1,1,6,9,12,1,1,allocated
10,1662,greenran_normal,0,0,65535_65535,2,64,740138,5,1,1,0,5,0,10,1,1,pre_allocation
10,1662,greenran_normal,0,0,65535_65535,2,64,740138,6,1,1,1,6,6,10,1,1,allocated
10,1662,greenran_normal,0,0,65535_65535,2,43,740090,15,1,1,0,5,0,18,1,1,pre_allocation
10,1662,greenran_normal,0,0,65535_65535,2,43,740090,19,1,1,1,6,19,18,1,1,allocated
10,1662,greenran_normal,0,0,65535_65535,2,42,739905,27,1,1,0,5,0,24,1,1,pre_allocation
10,1662,greenran_normal,0,0,65535_65535,2,42,739905,34,1,1,1,6,34,24,1,1,allocated
10,1662,greenran_normal,0,0,65535_65535,2,58,739844,27,1,1,0,5,0,24,1,1,pre_allocation
10,1662,greenran_normal,0,0,65535_65535,2,58,739844,34,1,1,1,6,34,24,1,1,allocated
10,1662,greenran_normal,0,0,65535_65535,2,59,739808,27,1,1,0,5,0,24,1,1,pre_allocation
10,1662,greenran_normal,0,0,65535_65535,2,59,739808,34,1,1,1,6,34,24,1,1,allocated
10,1662,greenran_normal,0,0,65535_65535,2,36,739810,32,1,1,0,5,0,26,1,1,pre_allocation
10,1662,greenran_normal,0,0,65535_65535,2,36,739810,39,1,1,1,6,39,26,1,1,allocated
10,1662,greenran_normal,0,0,65535_65535,2,55,739765,34,1,1,0,5,0,28,1,1,pre_allocation
10,1662,greenran_normal,0,0,65535_65535,2,55,739765,42,1,1,1,6,42,28,1,1,allocated
10,1662,greenran_normal,0,0,65535_65535,2,56,739765,34,1,1,0,5,0,28,1,1,pre_allocation
10,1662,greenran_normal,0,0,65535_65535,2,56,739765,42,1,1,1,6,42,28,1,1,allocated
10,1662,greenran_normal,0,0,65535_65535,2,57,739765,34,1,1,0,5,0,28,1,1,pre_allocation
10,1662,greenran_normal,0,0,65535_65535,2,57,739765,42,1,1,1,6,42,28,1,1,allocated
10,1662,greenran_normal,0,0,65535_65535,2,37,739767,34,1,1,0,5,0,28,1,1,pre_allocation
10,1662,greenran_normal,0,0,65535_65535,2,37,739767,42,1,1,1,6,42,28,1,1,allocated
10,1662,greenran_normal,0,0,65535_65535,2,39,739767,34,1,1,0,5,0,28,1,1,pre_allocation
10,1662,greenran_normal,0,0,65535_65535,2,39,739767,42,1,1,1,6,42,28,1,1,allocated
10,1662,greenran_normal,0,0,65535_65535,2,40,739767,34,1,1,0,5,0,28,1,1,pre_allocation
10,1662,greenran_normal,0,0,65535_65535,2,40,739767,42,1,1,1,6,42,28,1,1,allocated
10,1662,greenran_normal,0,0,65535_65535,2,41,739767,34,1,1,0,5,0,28,1,1,pre_allocation
10,1662,greenran_normal,0,0,65535_65535,2,41,739767,42,1,1,1,6,42,28,1,1,allocated
10,1662,greenran_normal,0,0,65535_65535,2,63,739762,34,1,1,0,5,0,28,1,1,pre_allocation
10,1662,greenran_normal,0,0,65535_65535,2,63,739762,42,1,1,1,6,42,28,1,1,allocated
10,1662,greenran_normal,0,0,65535_65535,2,62,739762,34,1,1,0,5,0,28,1,1,pre_allocation
10,1662,greenran_normal,0,0,65535_65535,2,62,739762,42,1,1,1,6,42,28,1,1,allocated
10,1662,greenran_normal,0,0,65535_65535,2,61,739762,34,1,1,0,5,0,28,1,1,pre_allocation
10,1662,greenran_normal,0,0,65535_65535,2,61,739762,42,1,1,1,6,42,28,1,1,allocated
10,1662,greenran_normal,0,0,65535_65535,2,35,739757,34,1,1,0,5,0,28,1,1,pre_allocation
10,1662,greenran_normal,0,0,65535_65535,2,35,739757,42,1,1,1,6,42,28,1,1,allocated
10,1662,greenran_normal,0,0,65535_65535,2,44,739757,34,1,1,0,5,0,28,1,1,pre_allocation
10,1662,greenran_normal,0,0,65535_65535,2,44,739757,42,1,1,1,6,42,28,1,1,allocated
10,1662,greenran_normal,0,0,65535_65535,2,38,740363,1,1,1,0,6,0,2,1,1,pre_allocation
10,1662,greenran_normal,0,0,65535_65535,2,38,740363,2,1,1,1,7,2,2,1,1,allocated
10,1662,greenran_normal,0,0,65535_65535,2,60,740187,9,1,1,0,6,0,12,1,1,pre_allocation
10,1662,greenran_normal,0,0,65535_65535,2,60,740187,11,1,1,1,7,11,12,1,1,allocated
10,1662,greenran_normal,0,0,65535_65535,2,64,740138,6,1,1,0,6,0,10,1,1,pre_allocation
10,1662,greenran_normal,0,0,65535_65535,2,64,740138,8,1,1,1,7,8,10,1,1,allocated
10,1662,greenran_normal,0,0,65535_65535,2,43,740090,19,1,1,0,6,0,18,1,1,pre_allocation
10,1662,greenran_normal,0,0,65535_65535,2,43,740090,22,1,1,1,7,22,18,1,1,allocated
10,1662,greenran_normal,0,0,65535_65535,2,42,739905,34,1,1,0,6,0,24,1,1,pre_allocation
10,1662,greenran_normal,0,0,65535_65535,2,42,739905,40,1,1,1,7,40,24,1,1,allocated
10,1662,greenran_normal,0,0,65535_65535,2,58,739844,34,1,1,0,6,0,24,1,1,pre_allocation
10,1662,greenran_normal,0,0,65535_65535,2,58,739844,40,1,1,1,7,40,24,1,1,allocated
10,1662,greenran_normal,0,0,65535_65535,2,59,739808,34,1,1,0,6,0,24,1,1,pre_allocation
10,1662,greenran_normal,0,0,65535_65535,2,59,739808,40,1,1,1,7,40,24,1,1,allocated
10,1662,greenran_normal,0,0,65535_65535,2,36,739810,39,1,1,0,6,0,26,1,1,pre_allocation
10,1662,greenran_normal,0,0,65535_65535,2,36,739810,46,1,1,1,7,46,26,1,1,allocated
10,1662,greenran_normal,0,0,65535_65535,2,55,739765,42,1,1,0,6,0,28,1,1,pre_allocation
10,1662,greenran_normal,0,0,65535_65535,2,55,739765,50,1,1,1,7,50,28,1,1,allocated
10,1662,greenran_normal,0,0,65535_65535,2,56,739765,42,1,1,0,6,0,28,1,1,pre_allocation
10,1662,greenran_normal,0,0,65535_65535,2,56,739765,50,1,1,1,7,50,28,1,1,allocated
10,1662,greenran_normal,0,0,65535_65535,2,57,739765,42,1,1,0,6,0,28,1,1,pre_allocation
10,1662,greenran_normal,0,0,65535_65535,2,57,739765,50,1,1,1,7,50,28,1,1,allocated
10,1662,greenran_normal,0,0,65535_65535,2,37,739767,42,1,1,0,6,0,28,1,1,pre_allocation
10,1662,greenran_normal,0,0,65535_65535,2,37,739767,50,1,1,1,7,50,28,1,1,allocated
10,1662,greenran_normal,0,0,65535_65535,2,39,739767,42,1,1,0,6,0,28,1,1,pre_allocation
10,1662,greenran_normal,0,0,65535_65535,2,39,739767,50,1,1,1,7,50,28,1,1,allocated
10,1662,greenran_normal,0,0,65535_65535,2,40,739767,42,1,1,0,6,0,28,1,1,pre_allocation
10,1662,greenran_normal,0,0,65535_65535,2,40,739767,50,1,1,1,7,50,28,1,1,allocated
10,1662,greenran_normal,0,0,65535_65535,2,41,739767,42,1,1,0,6,0,28,1,1,pre_allocation
10,1662,greenran_normal,0,0,65535_65535,2,41,739767,50,1,1,1,7,50,28,1,1,allocated
10,1662,greenran_normal,0,0,65535_65535,2,63,739762,42,1,1,0,6,0,28,1,1,pre_allocation
10,1662,greenran_normal,0,0,65535_65535,2,63,739762,50,1,1,1,7,50,28,1,1,allocated
11,2088,greenran_normal,0,0,65535_65535,0,4,32516,0,1,1,0,0,0,24,1,1,pre_allocation
11,2088,greenran_normal,0,0,65535_65535,0,4,32516,3,1,1,1,1,3,24,1,1,allocated
11,2088,greenran_normal,0,0,65535_65535,0,3,32277,0,1,1,0,0,0,28,1,1,pre_allocation
11,2088,greenran_normal,0,0,65535_65535,0,3,32277,4,1,1,1,1,4,28,1,1,allocated
11,2088,greenran_normal,0,0,65535_65535,0,5,32276,0,1,1,0,0,0,28,1,1,pre_allocation
11,2088,greenran_normal,0,0,65535_65535,0,5,32276,4,1,1,1,1,4,28,1,1,allocated
11,2088,greenran_normal,0,0,65535_65535,0,1,32269,0,1,1,0,0,0,28,1,1,pre_allocation
11,2088,greenran_normal,0,0,65535_65535,0,1,32269,4,1,1,1,1,4,28,1,1,allocated
11,2088,greenran_normal,0,0,65535_65535,0,2,32269,0,1,1,0,0,0,28,1,1,pre_allocation
11,2088,greenran_normal,0,0,65535_65535,0,2,32269,4,1,1,1,1,4,28,1,1,allocated
11,2088,greenran_normal,0,0,65535_65535,0,4,32516,3,1,1,0,1,0,24,1,1,pre_allocation
11,2088,greenran_normal,0,0,65535_65535,0,4,32516,9,1,1,1,2,9,24,1,1,allocated
11,2088,greenran_normal,0,0,65535_65535,0,3,32277,4,1,1,0,1,0,28,1,1,pre_allocation
11,2088,greenran_normal,0,0,65535_65535,0,3,32277,12,1,1,1,2,12,28,1,1,allocated
11,2088,greenran_normal,0,0,65535_65535,0,5,32276,4,1,1,0,1,0,28,1,1,pre_allocation
11,2088,greenran_normal,0,0,65535_65535,0,5,32276,12,1,1,1,2,12,28,1,1,allocated
11,2088,greenran_normal,0,0,65535_65535,0,1,32269,4,1,1,0,1,0,28,1,1,pre_allocation
11,2088,greenran_normal,0,0,65535_65535,0,1,32269,12,1,1,1,2,12,28,1,1,allocated
11,2088,greenran_normal,0,0,65535_65535,0,2,32269,4,1,1,0,1,0,28,1,1,pre_allocation
11,2088,greenran_normal,0,0,65535_65535,0,2,32269,12,1,1,1,2,12,28,1,1,allocated
11,2088,greenran_normal,0,0,65535_65535,0,4,32516,9,1,1,0,2,0,24,1,1,pre_allocation
11,2088,greenran_normal,0,0,65535_65535,0,4,32516,15,1,1,1,3,15,24,1,1,allocated
11,2088,greenran_normal,0,0,65535_65535,0,3,32277,12,1,1,0,2,0,28,1,1,pre_allocation
11,2088,greenran_normal,0,0,65535_65535,0,3,32277,19,1,1,1,3,19,28,1,1,allocated
11,2088,greenran_normal,0,0,65535_65535,0,5,32276,12,1,1,0,2,0,28,1,1,pre_allocation
11,2088,greenran_normal,0,0,65535_65535,0,5,32276,19,1,1,1,3,19,28,1,1,allocated
11,2088,greenran_normal,0,0,65535_65535,0,1,32269,12,1,1,0,2,0,28,1,1,pre_allocation
11,2088,greenran_normal,0,0,65535_65535,0,1,32269,19,1,1,1,3,19,28,1,1,allocated
11,2088,greenran_normal,0,0,65535_65535,0,2,32269,12,1,1,0,2,0,28,1,1,pre_allocation
11,2088,greenran_normal,0,0,65535_65535,0,2,32269,19,1,1,1,3,19,28,1,1,allocated
11,2088,greenran_normal,0,0,65535_65535,0,4,32516,15,1,1,0,3,0,24,1,1,pre_allocation
11,2088,greenran_normal,0,0,65535_65535,0,4,32516,21,1,1,1,4,21,24,1,1,allocated
11,2088,greenran_normal,0,0,65535_65535,0,3,32277,19,1,1,0,3,0,28,1,1,pre_allocation
11,2088,greenran_normal,0,0,65535_65535,0,3,32277,27,1,1,1,4,27,28,1,1,allocated
11,2088,greenran_normal,0,0,65535_65535,0,5,32276,19,1,1,0,3,0,28,1,1,pre_allocation
11,2088,greenran_normal,0,0,65535_65535,0,5,32276,27,1,1,1,4,27,28,1,1,allocated
11,2088,greenran_normal,0,0,65535_65535,0,1,32269,19,1,1,0,3,0,28,1,1,pre_allocation
11,2088,greenran_normal,0,0,65535_65535,0,1,32269,27,1,1,1,4,27,28,1,1,allocated
11,2088,greenran_normal,0,0,65535_65535,0,2,32269,19,1,1,0,3,0,28,1,1,pre_allocation
11,2088,greenran_normal,0,0,65535_65535,0,2,32269,27,1,1,1,4,27,28,1,1,allocated
11,2088,greenran_normal,0,0,65535_65535,0,4,32516,21,1,1,0,4,0,24,1,1,pre_allocation
11,2088,greenran_normal,0,0,65535_65535,0,4,32516,27,1,1,1,5,27,24,1,1,allocated
11,2088,greenran_normal,0,0,65535_65535,0,3,32277,27,1,1,0,4,0,28,1,1,pre_allocation
11,2088,greenran_normal,0,0,65535_65535,0,3,32277,34,1,1,1,5,34,28,1,1,allocated
11,2088,greenran_normal,0,0,65535_65535,0,5,32276,27,1,1,0,4,0,28,1,1,pre_allocation
11,2088,greenran_normal,0,0,65535_65535,0,5,32276,34,1,1,1,5,34,28,1,1,allocated
11,2088,greenran_normal,0,0,65535_65535,0,1,32269,27,1,1,0,4,0,28,1,1,pre_allocation
11,2088,greenran_normal,0,0,65535_65535,0,1,32269,34,1,1,1,5,34,28,1,1,allocated
11,2088,greenran_normal,0,0,65535_65535,0,2,32269,27,1,1,0,4,0,28,1,1,pre_allocation
11,2088,greenran_normal,0,0,65535_65535,0,2,32269,34,1,1,1,5,34,28,1,1,allocated
11,2088,greenran_normal,0,0,65535_65535,0,4,32516,27,1,1,0,5,0,24,1,1,pre_allocation
11,2088,greenran_normal,0,0,65535_65535,0,4,32516,34,1,1,1,6,34,24,1,1,allocated
11,2088,greenran_normal,0,0,65535_65535,0,3,32277,34,1,1,0,5,0,28,1,1,pre_allocation
11,2088,greenran_normal,0,0,65535_65535,0,3,32277,42,1,1,1,6,42,28,1,1,allocated
11,2088,greenran_normal,0,0,65535_65535,0,5,32276,34,1,1,0,5,0,28,1,1,pre_allocation
11,2088,greenran_normal,0,0,65535_65535,0,5,32276,42,1,1,1,6,42,28,1,1,allocated
11,2088,greenran_normal,0,0,65535_65535,0,1,32269,34,1,1,0,5,0,28,1,1,pre_allocation
11,2088,greenran_normal,0,0,65535_65535,0,1,32269,42,1,1,1,6,42,28,1,1,allocated
11,2088,greenran_normal,0,0,65535_65535,0,2,32269,34,1,1,0,5,0,28,1,1,pre_allocation
11,2088,greenran_normal,0,0,65535_65535,0,2,32269,42,1,1,1,6,42,28,1,1,allocated
11,2088,greenran_normal,0,0,65535_65535,0,4,32516,34,1,1,0,6,0,24,1,1,pre_allocation
11,2088,greenran_normal,0,0,65535_65535,0,4,32516,40,1,1,1,7,40,24,1,1,allocated
11,2088,greenran_normal,0,0,65535_65535,0,3,32277,42,1,1,0,6,0,28,1,1,pre_allocation
11,2088,greenran_normal,0,0,65535_65535,0,3,32277,50,1,1,1,7,50,28,1,1,allocated
11,2088,greenran_normal,0,0,65535_65535,0,5,32276,42,1,1,0,6,0,28,1,1,pre_allocation
11,2088,greenran_normal,0,0,65535_65535,0,5,32276,50,1,1,1,7,50,28,1,1,allocated
11,2088,greenran_normal,0,0,65535_65535,0,1,32269,42,1,1,0,6,0,28,1,1,pre_allocation
11,2088,greenran_normal,0,0,65535_65535,0,1,32269,50,1,1,1,7,50,28,1,1,allocated
11,2088,greenran_normal,0,0,65535_65535,0,2,32269,42,1,1,0,6,0,28,1,1,pre_allocation
11,2088,greenran_normal,0,0,65535_65535,0,2,32269,50,1,1,1,7,50,28,1,1,allocated
11,2088,greenran_normal,0,0,65535_65535,0,4,32516,40,1,1,0,7,0,24,1,1,pre_allocation
11,2088,greenran_normal,0,0,65535_65535,0,4,32516,46,1,1,1,8,46,24,1,1,allocated
11,2088,greenran_normal,0,0,65535_65535,0,3,32277,50,1,1,0,7,0,28,1,1,pre_allocation
11,2088,greenran_normal,0,0,65535_65535,0,3,32277,57,1,1,1,8,57,28,1,1,allocated
11,2088,greenran_normal,0,0,65535_65535,0,5,32276,50,1,1,0,7,0,28,1,1,pre_allocation
11,2088,greenran_normal,0,0,65535_65535,0,5,32276,57,1,1,1,8,57,28,1,1,allocated
11,2088,greenran_normal,0,0,65535_65535,0,1,32269,50,1,1,0,7,0,28,1,1,pre_allocation
11,2088,greenran_normal,0,0,65535_65535,0,1,32269,57,1,1,1,8,57,28,1,1,allocated
11,2088,greenran_normal,0,0,65535_65535,0,2,32269,50,1,1,0,7,0,28,1,1,pre_allocation
11,2088,greenran_normal,0,0,65535_65535,0,2,32269,57,1,1,1,8,57,28,1,1,allocated
11,2088,greenran_normal,0,0,65535_65535,0,4,32516,46,1,1,0,8,0,24,1,1,pre_allocation
11,2088,greenran_normal,0,0,65535_65535,0,4,32516,52,1,1,1,9,52,24,1,1,allocated
11,2088,greenran_normal,0,0,65535_65535,0,3,32277,57,1,1,0,8,0,28,1,1,pre_allocation
11,2088,greenran_normal,0,0,65535_65535,0,3,32277,65,1,1,1,9,65,28,1,1,allocated
11,2088,greenran_normal,0,0,65535_65535,0,5,32276,57,1,1,0,8,0,28,1,1,pre_allocation
11,2088,greenran_normal,0,0,65535_65535,0,5,32276,65,1,1,1,9,65,28,1,1,allocated
11,2088,greenran_normal,0,0,65535_65535,0,1,32269,57,1,1,0,8,0,28,1,1,pre_allocation
11,2088,greenran_normal,0,0,65535_65535,0,1,32269,65,1,1,1,9,65,28,1,1,allocated
11,2088,greenran_normal,0,0,65535_65535,0,2,32269,57,1,1,0,8,0,28,1,1,pre_allocation
11,2088,greenran_normal,0,0,65535_65535,0,2,32269,65,1,1,1,9,65,28,1,1,allocated
11,2088,greenran_normal,0,0,65535_65535,0,4,32516,52,1,1,0,9,0,24,1,1,pre_allocation
11,2088,greenran_normal,0,0,65535_65535,0,4,32516,58,1,1,1,10,58,24,1,1,allocated
11,2088,greenran_normal,0,0,65535_65535,0,3,32277,65,1,1,0,9,0,28,1,1,pre_allocation
11,2088,greenran_normal,0,0,65535_65535,0,3,32277,72,1,1,1,10,72,28,1,1,allocated
11,2088,greenran_normal,0,0,65535_65535,0,5,32276,65,1,1,0,9,0,28,1,1,pre_allocation
11,2088,greenran_normal,0,0,65535_65535,0,5,32276,72,1,1,1,10,72,28,1,1,allocated
11,2088,greenran_normal,0,0,65535_65535,0,1,32269,65,1,1,0,9,0,28,1,1,pre_allocation
11,2088,greenran_normal,0,0,65535_65535,0,1,32269,72,1,1,1,10,72,28,1,1,allocated
11,2088,greenran_normal,0,0,65535_65535,0,2,32269,65,1,1,0,9,0,28,1,1,pre_allocation
11,2088,greenran_normal,0,0,65535_65535,0,2,32269,72,1,1,1,10,72,28,1,1,allocated
11,2088,greenran_normal,0,0,65535_65535,0,4,32516,58,1,1,0,10,0,24,1,1,pre_allocation
11,2088,greenran_normal,0,0,65535_65535,0,4,32516,65,1,1,1,11,65,24,1,1,allocated
11,2088,greenran_normal,0,0,65535_65535,0,3,32277,72,1,1,0,10,0,28,1,1,pre_allocation
11,2088,greenran_normal,0,0,65535_65535,0,3,32277,80,1,1,1,11,80,28,1,1,allocated
11,2088,greenran_normal,0,0,65535_65535,0,5,32276,72,1,1,0,10,0,28,1,1,pre_allocation
11,2088,greenran_normal,0,0,65535_65535,0,5,32276,80,1,1,1,11,80,28,1,1,allocated
11,2088,greenran_normal,0,0,65535_65535,0,1,32269,72,1,1,0,10,0,28,1,1,pre_allocation
11,2088,greenran_normal,0,0,65535_65535,0,1,32269,80,1,1,1,11,80,28,1,1,allocated
11,2088,greenran_normal,0,0,65535_65535,0,2,32269,72,1,1,0,10,0,28,1,1,pre_allocation
11,2088,greenran_normal,0,0,65535_65535,0,2,32269,80,1,1,1,11,80,28,1,1,allocated
11,2088,greenran_normal,0,0,65535_65535,0,4,32516,65,1,1,0,11,0,24,1,1,pre_allocation
11,2088,greenran_normal,0,0,65535_65535,0,4,32516,71,1,1,1,12,71,24,1,1,allocated
11,2088,greenran_normal,0,0,65535_65535,0,3,32277,80,1,1,0,11,0,28,1,1,pre_allocation
11,2088,greenran_normal,0,0,65535_65535,0,3,32277,88,1,1,1,12,88,28,1,1,allocated
11,2088,greenran_normal,0,0,65535_65535,0,5,32276,80,1,1,0,11,0,28,1,1,pre_allocation
11,2088,greenran_normal,0,0,65535_65535,0,5,32276,88,1,1,1,12,88,28,1,1,allocated
11,2088,greenran_normal,0,0,65535_65535,0,1,32269,80,1,1,0,11,0,28,1,1,pre_allocation
11,2088,greenran_normal,0,0,65535_65535,0,1,32269,88,1,1,1,12,88,28,1,1,allocated
11,2088,greenran_normal,0,0,65535_65535,0,2,32269,80,1,1,0,11,0,28,1,1,pre_allocation
11,2088,greenran_normal,0,0,65535_65535,0,2,32269,88,1,1,1,12,88,28,1,1,allocated
11,2088,greenran_normal,0,0,65535_65535,0,4,32516,71,1,1,0,12,0,24,1,1,pre_allocation
11,2088,greenran_normal,0,0,65535_65535,0,4,32516,77,1,1,1,13,77,24,1,1,allocated
11,2088,greenran_normal,0,0,65535_65535,0,3,32277,88,1,1,0,12,0,28,1,1,pre_allocation
11,2088,greenran_normal,0,0,65535_65535,0,3,32277,95,1,1,1,13,95,28,1,1,allocated
11,2088,greenran_normal,0,0,65535_65535,0,5,32276,88,1,1,0,12,0,28,1,1,pre_allocation
11,2088,greenran_normal,0,0,65535_65535,0,5,32276,95,1,1,1,13,95,28,1,1,allocated
11,2088,greenran_normal,0,0,65535_65535,0,1,32269,88,1,1,0,12,0,28,1,1,pre_allocation
11,2088,greenran_normal,0,0,65535_65535,0,1,32269,95,1,1,1,13,95,28,1,1,allocated
11,2088,greenran_normal,0,0,65535_65535,0,2,32269,88,1,1,0,12,0,28,1,1,pre_allocation
11,2088,greenran_normal,0,0,65535_65535,0,2,32269,95,1,1,1,13,95,28,1,1,allocated
11,2088,greenran_normal,0,0,65535_65535,0,4,32516,77,1,1,0,13,0,24,1,1,pre_allocation
11,2088,greenran_normal,0,0,65535_65535,0,4,32516,83,1,1,1,14,83,24,1,1,allocated
11,2088,greenran_normal,0,0,65535_65535,0,3,32277,95,1,1,0,13,0,28,1,1,pre_allocation
11,2088,greenran_normal,0,0,65535_65535,0,3,32277,103,1,1,1,14,103,28,1,1,allocated
11,2088,greenran_normal,0,0,65535_65535,0,5,32276,95,1,1,0,13,0,28,1,1,pre_allocation
11,2088,greenran_normal,0,0,65535_65535,0,5,32276,103,1,1,1,14,103,28,1,1,allocated
11,2088,greenran_normal,0,0,65535_65535,0,1,32269,95,1,1,0,13,0,28,1,1,pre_allocation
11,2088,greenran_normal,0,0,65535_65535,0,1,32269,103,1,1,1,14,103,28,1,1,allocated
11,2088,greenran_normal,0,0,65535_65535,0,2,32269,95,1,1,0,13,0,28,1,1,pre_allocation
11,2088,greenran_normal,0,0,65535_65535,0,2,32269,103,1,1,1,14,103,28,1,1,allocated
11,2088,greenran_normal,0,0,65535_65535,0,4,32516,83,1,1,0,14,0,24,1,1,pre_allocation
11,2088,greenran_normal,0,0,65535_65535,0,4,32516,89,1,1,1,15,89,24,1,1,allocated
11,2088,greenran_normal,0,0,65535_65535,0,3,32277,103,1,1,0,14,0,28,1,1,pre_allocation
11,2088,greenran_normal,0,0,65535_65535,0,3,32277,110,1,1,1,15,110,28,1,1,allocated
11,2088,greenran_normal,0,0,65535_65535,2,38,1012443,0,1,1,0,0,0,15,1,1,pre_allocation
11,2088,greenran_normal,0,0,65535_65535,2,38,1012443,2,1,1,1,1,2,15,1,1,allocated
11,2088,greenran_normal,0,0,65535_65535,2,60,1012261,0,1,1,0,0,0,12,1,1,pre_allocation
11,2088,greenran_normal,0,0,65535_65535,2,60,1012261,2,1,1,1,1,2,12,1,1,allocated
11,2088,greenran_normal,0,0,65535_65535,2,64,1012218,0,1,1,0,0,0,10,1,1,pre_allocation
11,2088,greenran_normal,0,0,65535_65535,2,64,1012218,1,1,1,1,1,1,10,1,1,allocated
11,2088,greenran_normal,0,0,65535_65535,2,43,1012153,0,1,1,0,0,0,20,1,1,pre_allocation
11,2088,greenran_normal,0,0,65535_65535,2,43,1012153,1,1,1,1,1,1,20,1,1,allocated
11,2088,greenran_normal,0,0,65535_65535,2,42,1011950,0,1,1,0,0,0,22,1,1,pre_allocation
11,2088,greenran_normal,0,0,65535_65535,2,42,1011950,2,1,1,1,1,2,22,1,1,allocated
11,2088,greenran_normal,0,0,65535_65535,2,58,1011889,0,1,1,0,0,0,26,1,1,pre_allocation
11,2088,greenran_normal,0,0,65535_65535,2,58,1011889,4,1,1,1,1,4,26,1,1,allocated
11,2088,greenran_normal,0,0,65535_65535,2,59,1011853,0,1,1,0,0,0,26,1,1,pre_allocation
11,2088,greenran_normal,0,0,65535_65535,2,59,1011853,4,1,1,1,1,4,26,1,1,allocated
11,2088,greenran_normal,0,0,65535_65535,2,36,1011849,0,1,1,0,0,0,24,1,1,pre_allocation
11,2088,greenran_normal,0,0,65535_65535,2,36,1011849,3,1,1,1,1,3,24,1,1,allocated
11,2088,greenran_normal,0,0,65535_65535,2,62,1011805,0,1,1,0,0,0,28,1,1,pre_allocation
11,2088,greenran_normal,0,0,65535_65535,2,62,1011805,4,1,1,1,1,4,28,1,1,allocated
11,2088,greenran_normal,0,0,65535_65535,2,61,1011805,0,1,1,0,0,0,28,1,1,pre_allocation
11,2088,greenran_normal,0,0,65535_65535,2,61,1011805,4,1,1,1,1,4,28,1,1,allocated
11,2088,greenran_normal,0,0,65535_65535,2,35,1011800,0,1,1,0,0,0,28,1,1,pre_allocation
11,2088,greenran_normal,0,0,65535_65535,2,35,1011800,4,1,1,1,1,4,28,1,1,allocated
11,2088,greenran_normal,0,0,65535_65535,2,44,1011800,0,1,1,0,0,0,28,1,1,pre_allocation
11,2088,greenran_normal,0,0,65535_65535,2,44,1011800,4,1,1,1,1,4,28,1,1,allocated
11,2088,greenran_normal,0,0,65535_65535,2,55,1011800,0,1,1,0,0,0,28,1,1,pre_allocation
11,2088,greenran_normal,0,0,65535_65535,2,55,1011800,4,1,1,1,1,4,28,1,1,allocated
11,2088,greenran_normal,0,0,65535_65535,2,56,1011800,0,1,1,0,0,0,28,1,1,pre_allocation
11,2088,greenran_normal,0,0,65535_65535,2,56,1011800,4,1,1,1,1,4,28,1,1,allocated
11,2088,greenran_normal,0,0,65535_65535,2,57,1011800,0,1,1,0,0,0,28,1,1,pre_allocation
11,2088,greenran_normal,0,0,65535_65535,2,57,1011800,4,1,1,1,1,4,28,1,1,allocated
11,2088,greenran_normal,0,0,65535_65535,2,37,1011802,0,1,1,0,0,0,28,1,1,pre_allocation
11,2088,greenran_normal,0,0,65535_65535,2,37,1011802,4,1,1,1,1,4,28,1,1,allocated
11,2088,greenran_normal,0,0,65535_65535,2,39,1011802,0,1,1,0,0,0,28,1,1,pre_allocation
11,2088,greenran_normal,0,0,65535_65535,2,39,1011802,4,1,1,1,1,4,28,1,1,allocated
11,2088,greenran_normal,0,0,65535_65535,2,40,1011802,0,1,1,0,0,0,28,1,1,pre_allocation
11,2088,greenran_normal,0,0,65535_65535,2,40,1011802,4,1,1,1,1,4,28,1,1,allocated
11,2088,greenran_normal,0,0,65535_65535,2,41,1011802,0,1,1,0,0,0,28,1,1,pre_allocation
11,2088,greenran_normal,0,0,65535_65535,2,41,1011802,4,1,1,1,1,4,28,1,1,allocated
11,2088,greenran_normal,0,0,65535_65535,2,63,1011797,0,1,1,0,0,0,28,1,1,pre_allocation
11,2088,greenran_normal,0,0,65535_65535,2,63,1011797,4,1,1,1,1,4,28,1,1,allocated
11,2088,greenran_normal,0,0,65535_65535,2,38,1012443,2,1,1,0,1,0,15,1,1,pre_allocation
11,2088,greenran_normal,0,0,65535_65535,2,38,1012443,2,1,1,1,2,2,15,1,1,allocated
11,2088,greenran_normal,0,0,65535_65535,2,60,1012261,2,1,1,0,1,0,12,1,1,pre_allocation
11,2088,greenran_normal,0,0,65535_65535,2,60,1012261,1,1,1,1,2,1,12,1,1,allocated
11,2088,greenran_normal,0,0,65535_65535,2,64,1012218,1,1,1,0,1,0,10,1,1,pre_allocation
11,2088,greenran_normal,0,0,65535_65535,2,64,1012218,0,1,1,1,2,0,10,1,1,allocated
11,2088,greenran_normal,0,0,65535_65535,2,43,1012153,1,1,1,0,1,0,20,1,1,pre_allocation
11,2088,greenran_normal,0,0,65535_65535,2,43,1012153,6,1,1,1,2,6,20,1,1,allocated
11,2088,greenran_normal,0,0,65535_65535,2,42,1011950,2,1,1,0,1,0,22,1,1,pre_allocation
11,2088,greenran_normal,0,0,65535_65535,2,42,1011950,7,1,1,1,2,7,22,1,1,allocated
11,2088,greenran_normal,0,0,65535_65535,2,58,1011889,4,1,1,0,1,0,26,1,1,pre_allocation
11,2088,greenran_normal,0,0,65535_65535,2,58,1011889,11,1,1,1,2,11,26,1,1,allocated
11,2088,greenran_normal,0,0,65535_65535,2,59,1011853,4,1,1,0,1,0,26,1,1,pre_allocation
11,2088,greenran_normal,0,0,65535_65535,2,59,1011853,11,1,1,1,2,11,26,1,1,allocated
11,2088,greenran_normal,0,0,65535_65535,2,36,1011849,3,1,1,0,1,0,24,1,1,pre_allocation
11,2088,greenran_normal,0,0,65535_65535,2,36,1011849,9,1,1,1,2,9,24,1,1,allocated
11,2088,greenran_normal,0,0,65535_65535,2,62,1011805,4,1,1,0,1,0,28,1,1,pre_allocation
11,2088,greenran_normal,0,0,65535_65535,2,62,1011805,12,1,1,1,2,12,28,1,1,allocated
11,2088,greenran_normal,0,0,65535_65535,2,61,1011805,4,1,1,0,1,0,28,1,1,pre_allocation
11,2088,greenran_normal,0,0,65535_65535,2,61,1011805,12,1,1,1,2,12,28,1,1,allocated
11,2088,greenran_normal,0,0,65535_65535,2,35,1011800,4,1,1,0,1,0,28,1,1,pre_allocation
11,2088,greenran_normal,0,0,65535_65535,2,35,1011800,12,1,1,1,2,12,28,1,1,allocated
11,2088,greenran_normal,0,0,65535_65535,2,44,1011800,4,1,1,0,1,0,28,1,1,pre_allocation
11,2088,greenran_normal,0,0,65535_65535,2,44,1011800,12,1,1,1,2,12,28,1,1,allocated
11,2088,greenran_normal,0,0,65535_65535,2,55,1011800,4,1,1,0,1,0,28,1,1,pre_allocation
11,2088,greenran_normal,0,0,65535_65535,2,55,1011800,12,1,1,1,2,12,28,1,1,allocated
11,2088,greenran_normal,0,0,65535_65535,2,56,1011800,4,1,1,0,1,0,28,1,1,pre_allocation
11,2088,greenran_normal,0,0,65535_65535,2,56,1011800,12,1,1,1,2,12,28,1,1,allocated
11,2088,greenran_normal,0,0,65535_65535,2,57,1011800,4,1,1,0,1,0,28,1,1,pre_allocation
11,2088,greenran_normal,0,0,65535_65535,2,57,1011800,12,1,1,1,2,12,28,1,1,allocated
11,2088,greenran_normal,0,0,65535_65535,2,37,1011802,4,1,1,0,1,0,28,1,1,pre_allocation
11,2088,greenran_normal,0,0,65535_65535,2,37,1011802,12,1,1,1,2,12,28,1,1,allocated
11,2088,greenran_normal,0,0,65535_65535,2,39,1011802,4,1,1,0,1,0,28,1,1,pre_allocation
11,2088,greenran_normal,0,0,65535_65535,2,39,1011802,12,1,1,1,2,12,28,1,1,allocated
11,2088,greenran_normal,0,0,65535_65535,2,40,1011802,4,1,1,0,1,0,28,1,1,pre_allocation
11,2088,greenran_normal,0,0,65535_65535,2,40,1011802,12,1,1,1,2,12,28,1,1,allocated
11,2088,greenran_normal,0,0,65535_65535,2,41,1011802,4,1,1,0,1,0,28,1,1,pre_allocation
11,2088,greenran_normal,0,0,65535_65535,2,41,1011802,12,1,1,1,2,12,28,1,1,allocated
11,2088,greenran_normal,0,0,65535_65535,2,63,1011797,4,1,1,0,1,0,28,1,1,pre_allocation
11,2088,greenran_normal,0,0,65535_65535,2,63,1011797,12,1,1,1,2,12,28,1,1,allocated
11,2088,greenran_normal,0,0,65535_65535,2,38,1012443,2,1,1,0,2,0,15,1,1,pre_allocation
11,2088,greenran_normal,0,0,65535_65535,2,38,1012443,5,1,1,1,3,5,15,1,1,allocated
11,2088,greenran_normal,0,0,65535_65535,2,60,1012261,1,1,1,0,2,0,12,1,1,pre_allocation
11,2088,greenran_normal,0,0,65535_65535,2,60,1012261,3,1,1,1,3,3,12,1,1,allocated
11,2088,greenran_normal,0,0,65535_65535,2,64,1012218,0,1,1,0,2,0,10,1,1,pre_allocation
11,2088,greenran_normal,0,0,65535_65535,2,64,1012218,1,1,1,1,3,1,10,1,1,allocated
11,2088,greenran_normal,0,0,65535_65535,2,43,1012153,6,1,1,0,2,0,20,1,1,pre_allocation
11,2088,greenran_normal,0,0,65535_65535,2,43,1012153,10,1,1,1,3,10,20,1,1,allocated
11,2088,greenran_normal,0,0,65535_65535,2,42,1011950,7,1,1,0,2,0,22,1,1,pre_allocation
11,2088,greenran_normal,0,0,65535_65535,2,42,1011950,13,1,1,1,3,13,22,1,1,allocated
11,2088,greenran_normal,0,0,65535_65535,2,58,1011889,11,1,1,0,2,0,26,1,1,pre_allocation
11,2088,greenran_normal,0,0,65535_65535,2,58,1011889,18,1,1,1,3,18,26,1,1,allocated
11,2088,greenran_normal,0,0,65535_65535,2,59,1011853,11,1,1,0,2,0,26,1,1,pre_allocation
11,2088,greenran_normal,0,0,65535_65535,2,59,1011853,18,1,1,1,3,18,26,1,1,allocated
11,2088,greenran_normal,0,0,65535_65535,2,36,1011849,9,1,1,0,2,0,24,1,1,pre_allocation
11,2088,greenran_normal,0,0,65535_65535,2,36,1011849,15,1,1,1,3,15,24,1,1,allocated
11,2088,greenran_normal,0,0,65535_65535,2,62,1011805,12,1,1,0,2,0,28,1,1,pre_allocation
11,2088,greenran_normal,0,0,65535_65535,2,62,1011805,19,1,1,1,3,19,28,1,1,allocated
11,2088,greenran_normal,0,0,65535_65535,2,61,1011805,12,1,1,0,2,0,28,1,1,pre_allocation
11,2088,greenran_normal,0,0,65535_65535,2,61,1011805,19,1,1,1,3,19,28,1,1,allocated
11,2088,greenran_normal,0,0,65535_65535,2,35,1011800,12,1,1,0,2,0,28,1,1,pre_allocation
11,2088,greenran_normal,0,0,65535_65535,2,35,1011800,19,1,1,1,3,19,28,1,1,allocated
11,2088,greenran_normal,0,0,65535_65535,2,44,1011800,12,1,1,0,2,0,28,1,1,pre_allocation
11,2088,greenran_normal,0,0,65535_65535,2,44,1011800,19,1,1,1,3,19,28,1,1,allocated
11,2088,greenran_normal,0,0,65535_65535,2,55,1011800,12,1,1,0,2,0,28,1,1,pre_allocation
11,2088,greenran_normal,0,0,65535_65535,2,55,1011800,19,1,1,1,3,19,28,1,1,allocated
11,2088,greenran_normal,0,0,65535_65535,2,56,1011800,12,1,1,0,2,0,28,1,1,pre_allocation
11,2088,greenran_normal,0,0,65535_65535,2,56,1011800,19,1,1,1,3,19,28,1,1,allocated
11,2088,greenran_normal,0,0,65535_65535,2,57,1011800,12,1,1,0,2,0,28,1,1,pre_allocation
11,2088,greenran_normal,0,0,65535_65535,2,57,1011800,19,1,1,1,3,19,28,1,1,allocated
11,2088,greenran_normal,0,0,65535_65535,2,37,1011802,12,1,1,0,2,0,28,1,1,pre_allocation
11,2088,greenran_normal,0,0,65535_65535,2,37,1011802,19,1,1,1,3,19,28,1,1,allocated
11,2088,greenran_normal,0,0,65535_65535,2,39,1011802,12,1,1,0,2,0,28,1,1,pre_allocation
11,2088,greenran_normal,0,0,65535_65535,2,39,1011802,19,1,1,1,3,19,28,1,1,allocated
11,2088,greenran_normal,0,0,65535_65535,2,40,1011802,12,1,1,0,2,0,28,1,1,pre_allocation
11,2088,greenran_normal,0,0,65535_65535,2,40,1011802,19,1,1,1,3,19,28,1,1,allocated
11,2088,greenran_normal,0,0,65535_65535,2,41,1011802,12,1,1,0,2,0,28,1,1,pre_allocation
11,2088,greenran_normal,0,0,65535_65535,2,41,1011802,19,1,1,1,3,19,28,1,1,allocated
11,2088,greenran_normal,0,0,65535_65535,2,63,1011797,12,1,1,0,2,0,28,1,1,pre_allocation
11,2088,greenran_normal,0,0,65535_65535,2,63,1011797,19,1,1,1,3,19,28,1,1,allocated
11,2088,greenran_normal,0,0,65535_65535,2,38,1012443,5,1,1,0,3,0,15,1,1,pre_allocation
11,2088,greenran_normal,0,0,65535_65535,2,38,1012443,8,1,1,1,4,8,15,1,1,allocated
11,2088,greenran_normal,0,0,65535_65535,2,60,1012261,3,1,1,0,3,0,12,1,1,pre_allocation
11,2088,greenran_normal,0,0,65535_65535,2,60,1012261,5,1,1,1,4,5,12,1,1,allocated
11,2088,greenran_normal,0,0,65535_65535,2,64,1012218,1,1,1,0,3,0,10,1,1,pre_allocation
11,2088,greenran_normal,0,0,65535_65535,2,64,1012218,3,1,1,1,4,3,10,1,1,allocated
11,2088,greenran_normal,0,0,65535_65535,2,43,1012153,10,1,1,0,3,0,20,1,1,pre_allocation
11,2088,greenran_normal,0,0,65535_65535,2,43,1012153,15,1,1,1,4,15,20,1,1,allocated
11,2088,greenran_normal,0,0,65535_65535,2,42,1011950,13,1,1,0,3,0,22,1,1,pre_allocation
11,2088,greenran_normal,0,0,65535_65535,2,42,1011950,18,1,1,1,4,18,22,1,1,allocated
11,2088,greenran_normal,0,0,65535_65535,2,58,1011889,18,1,1,0,3,0,26,1,1,pre_allocation
11,2088,greenran_normal,0,0,65535_65535,2,58,1011889,25,1,1,1,4,25,26,1,1,allocated
11,2088,greenran_normal,0,0,65535_65535,2,59,1011853,18,1,1,0,3,0,26,1,1,pre_allocation
11,2088,greenran_normal,0,0,65535_65535,2,59,1011853,25,1,1,1,4,25,26,1,1,allocated
11,2088,greenran_normal,0,0,65535_65535,2,36,1011849,15,1,1,0,3,0,24,1,1,pre_allocation
11,2088,greenran_normal,0,0,65535_65535,2,36,1011849,21,1,1,1,4,21,24,1,1,allocated
11,2088,greenran_normal,0,0,65535_65535,2,62,1011805,19,1,1,0,3,0,28,1,1,pre_allocation
11,2088,greenran_normal,0,0,65535_65535,2,62,1011805,27,1,1,1,4,27,28,1,1,allocated
11,2088,greenran_normal,0,0,65535_65535,2,61,1011805,19,1,1,0,3,0,28,1,1,pre_allocation
11,2088,greenran_normal,0,0,65535_65535,2,61,1011805,27,1,1,1,4,27,28,1,1,allocated
11,2088,greenran_normal,0,0,65535_65535,2,35,1011800,19,1,1,0,3,0,28,1,1,pre_allocation
11,2088,greenran_normal,0,0,65535_65535,2,35,1011800,27,1,1,1,4,27,28,1,1,allocated
11,2088,greenran_normal,0,0,65535_65535,2,44,1011800,19,1,1,0,3,0,28,1,1,pre_allocation
11,2088,greenran_normal,0,0,65535_65535,2,44,1011800,27,1,1,1,4,27,28,1,1,allocated
11,2088,greenran_normal,0,0,65535_65535,2,55,1011800,19,1,1,0,3,0,28,1,1,pre_allocation
11,2088,greenran_normal,0,0,65535_65535,2,55,1011800,27,1,1,1,4,27,28,1,1,allocated
11,2088,greenran_normal,0,0,65535_65535,2,56,1011800,19,1,1,0,3,0,28,1,1,pre_allocation
11,2088,greenran_normal,0,0,65535_65535,2,56,1011800,27,1,1,1,4,27,28,1,1,allocated
11,2088,greenran_normal,0,0,65535_65535,2,57,1011800,19,1,1,0,3,0,28,1,1,pre_allocation
11,2088,greenran_normal,0,0,65535_65535,2,57,1011800,27,1,1,1,4,27,28,1,1,allocated
11,2088,greenran_normal,0,0,65535_65535,2,37,1011802,19,1,1,0,3,0,28,1,1,pre_allocation
11,2088,greenran_normal,0,0,65535_65535,2,37,1011802,27,1,1,1,4,27,28,1,1,allocated
11,2088,greenran_normal,0,0,65535_65535,2,39,1011802,19,1,1,0,3,0,28,1,1,pre_allocation
11,2088,greenran_normal,0,0,65535_65535,2,39,1011802,27,1,1,1,4,27,28,1,1,allocated
11,2088,greenran_normal,0,0,65535_65535,2,40,1011802,19,1,1,0,3,0,28,1,1,pre_allocation
11,2088,greenran_normal,0,0,65535_65535,2,40,1011802,27,1,1,1,4,27,28,1,1,allocated
11,2088,greenran_normal,0,0,65535_65535,2,41,1011802,19,1,1,0,3,0,28,1,1,pre_allocation
11,2088,greenran_normal,0,0,65535_65535,2,41,1011802,27,1,1,1,4,27,28,1,1,allocated
11,2088,greenran_normal,0,0,65535_65535,2,63,1011797,19,1,1,0,3,0,28,1,1,pre_allocation
11,2088,greenran_normal,0,0,65535_65535,2,63,1011797,27,1,1,1,4,27,28,1,1,allocated
11,2088,greenran_normal,0,0,65535_65535,2,38,1012443,8,1,1,0,4,0,15,1,1,pre_allocation
11,2088,greenran_normal,0,0,65535_65535,2,38,1012443,11,1,1,1,5,11,15,1,1,allocated
11,2088,greenran_normal,0,0,65535_65535,2,60,1012261,5,1,1,0,4,0,12,1,1,pre_allocation
11,2088,greenran_normal,0,0,65535_65535,2,60,1012261,7,1,1,1,5,7,12,1,1,allocated
11,2088,greenran_normal,0,0,65535_65535,2,64,1012218,3,1,1,0,4,0,10,1,1,pre_allocation
11,2088,greenran_normal,0,0,65535_65535,2,64,1012218,5,1,1,1,5,5,10,1,1,allocated
11,2088,greenran_normal,0,0,65535_65535,2,43,1012153,15,1,1,0,4,0,20,1,1,pre_allocation
11,2088,greenran_normal,0,0,65535_65535,2,43,1012153,19,1,1,1,5,19,20,1,1,allocated
11,2088,greenran_normal,0,0,65535_65535,2,42,1011950,18,1,1,0,4,0,22,1,1,pre_allocation
11,2088,greenran_normal,0,0,65535_65535,2,42,1011950,23,1,1,1,5,23,22,1,1,allocated
11,2088,greenran_normal,0,0,65535_65535,2,58,1011889,25,1,1,0,4,0,26,1,1,pre_allocation
11,2088,greenran_normal,0,0,65535_65535,2,58,1011889,32,1,1,1,5,32,26,1,1,allocated
11,2088,greenran_normal,0,0,65535_65535,2,59,1011853,25,1,1,0,4,0,26,1,1,pre_allocation
11,2088,greenran_normal,0,0,65535_65535,2,59,1011853,32,1,1,1,5,32,26,1,1,allocated
11,2088,greenran_normal,0,0,65535_65535,2,36,1011849,21,1,1,0,4,0,24,1,1,pre_allocation
11,2088,greenran_normal,0,0,65535_65535,2,36,1011849,27,1,1,1,5,27,24,1,1,allocated
11,2088,greenran_normal,0,0,65535_65535,2,62,1011805,27,1,1,0,4,0,28,1,1,pre_allocation
11,2088,greenran_normal,0,0,65535_65535,2,62,1011805,34,1,1,1,5,34,28,1,1,allocated
11,2088,greenran_normal,0,0,65535_65535,2,61,1011805,27,1,1,0,4,0,28,1,1,pre_allocation
11,2088,greenran_normal,0,0,65535_65535,2,61,1011805,34,1,1,1,5,34,28,1,1,allocated
11,2088,greenran_normal,0,0,65535_65535,2,35,1011800,27,1,1,0,4,0,28,1,1,pre_allocation
11,2088,greenran_normal,0,0,65535_65535,2,35,1011800,34,1,1,1,5,34,28,1,1,allocated
11,2088,greenran_normal,0,0,65535_65535,2,44,1011800,27,1,1,0,4,0,28,1,1,pre_allocation
11,2088,greenran_normal,0,0,65535_65535,2,44,1011800,34,1,1,1,5,34,28,1,1,allocated
11,2088,greenran_normal,0,0,65535_65535,2,55,1011800,27,1,1,0,4,0,28,1,1,pre_allocation
11,2088,greenran_normal,0,0,65535_65535,2,55,1011800,34,1,1,1,5,34,28,1,1,allocated
11,2088,greenran_normal,0,0,65535_65535,2,56,1011800,27,1,1,0,4,0,28,1,1,pre_allocation
11,2088,greenran_normal,0,0,65535_65535,2,56,1011800,34,1,1,1,5,34,28,1,1,allocated
11,2088,greenran_normal,0,0,65535_65535,2,57,1011800,27,1,1,0,4,0,28,1,1,pre_allocation
11,2088,greenran_normal,0,0,65535_65535,2,57,1011800,34,1,1,1,5,34,28,1,1,allocated
11,2088,greenran_normal,0,0,65535_65535,2,37,1011802,27,1,1,0,4,0,28,1,1,pre_allocation
11,2088,greenran_normal,0,0,65535_65535,2,37,1011802,34,1,1,1,5,34,28,1,1,allocated
11,2088,greenran_normal,0,0,65535_65535,2,39,1011802,27,1,1,0,4,0,28,1,1,pre_allocation
11,2088,greenran_normal,0,0,65535_65535,2,39,1011802,34,1,1,1,5,34,28,1,1,allocated
11,2088,greenran_normal,0,0,65535_65535,2,40,1011802,27,1,1,0,4,0,28,1,1,pre_allocation
11,2088,greenran_normal,0,0,65535_65535,2,40,1011802,34,1,1,1,5,34,28,1,1,allocated
11,2088,greenran_normal,0,0,65535_65535,2,41,1011802,27,1,1,0,4,0,28,1,1,pre_allocation
11,2088,greenran_normal,0,0,65535_65535,2,41,1011802,34,1,1,1,5,34,28,1,1,allocated
11,2088,greenran_normal,0,0,65535_65535,2,63,1011797,27,1,1,0,4,0,28,1,1,pre_allocation
11,2088,greenran_normal,0,0,65535_65535,2,63,1011797,34,1,1,1,5,34,28,1,1,allocated
11,2088,greenran_normal,0,0,65535_65535,2,38,1012443,11,1,1,0,5,0,15,1,1,pre_allocation
11,2088,greenran_normal,0,0,65535_65535,2,38,1012443,14,1,1,1,6,14,15,1,1,allocated
11,2088,greenran_normal,0,0,65535_65535,2,60,1012261,7,1,1,0,5,0,12,1,1,pre_allocation
11,2088,greenran_normal,0,0,65535_65535,2,60,1012261,9,1,1,1,6,9,12,1,1,allocated
11,2088,greenran_normal,0,0,65535_65535,2,64,1012218,5,1,1,0,5,0,10,1,1,pre_allocation
11,2088,greenran_normal,0,0,65535_65535,2,64,1012218,6,1,1,1,6,6,10,1,1,allocated
11,2088,greenran_normal,0,0,65535_65535,2,43,1012153,19,1,1,0,5,0,20,1,1,pre_allocation
11,2088,greenran_normal,0,0,65535_65535,2,43,1012153,24,1,1,1,6,24,20,1,1,allocated
11,2088,greenran_normal,0,0,65535_65535,2,42,1011950,23,1,1,0,5,0,22,1,1,pre_allocation
11,2088,greenran_normal,0,0,65535_65535,2,42,1011950,29,1,1,1,6,29,22,1,1,allocated
11,2088,greenran_normal,0,0,65535_65535,2,58,1011889,32,1,1,0,5,0,26,1,1,pre_allocation
11,2088,greenran_normal,0,0,65535_65535,2,58,1011889,39,1,1,1,6,39,26,1,1,allocated
11,2088,greenran_normal,0,0,65535_65535,2,59,1011853,32,1,1,0,5,0,26,1,1,pre_allocation
11,2088,greenran_normal,0,0,65535_65535,2,59,1011853,39,1,1,1,6,39,26,1,1,allocated
11,2088,greenran_normal,0,0,65535_65535,2,36,1011849,27,1,1,0,5,0,24,1,1,pre_allocation
11,2088,greenran_normal,0,0,65535_65535,2,36,1011849,34,1,1,1,6,34,24,1,1,allocated
11,2088,greenran_normal,0,0,65535_65535,2,62,1011805,34,1,1,0,5,0,28,1,1,pre_allocation
11,2088,greenran_normal,0,0,65535_65535,2,62,1011805,42,1,1,1,6,42,28,1,1,allocated
11,2088,greenran_normal,0,0,65535_65535,2,61,1011805,34,1,1,0,5,0,28,1,1,pre_allocation
11,2088,greenran_normal,0,0,65535_65535,2,61,1011805,42,1,1,1,6,42,28,1,1,allocated
11,2088,greenran_normal,0,0,65535_65535,2,35,1011800,34,1,1,0,5,0,28,1,1,pre_allocation
11,2088,greenran_normal,0,0,65535_65535,2,35,1011800,42,1,1,1,6,42,28,1,1,allocated
11,2088,greenran_normal,0,0,65535_65535,2,44,1011800,34,1,1,0,5,0,28,1,1,pre_allocation
11,2088,greenran_normal,0,0,65535_65535,2,44,1011800,42,1,1,1,6,42,28,1,1,allocated
11,2088,greenran_normal,0,0,65535_65535,2,55,1011800,34,1,1,0,5,0,28,1,1,pre_allocation
11,2088,greenran_normal,0,0,65535_65535,2,55,1011800,42,1,1,1,6,42,28,1,1,allocated
11,2088,greenran_normal,0,0,65535_65535,2,56,1011800,34,1,1,0,5,0,28,1,1,pre_allocation
11,2088,greenran_normal,0,0,65535_65535,2,56,1011800,42,1,1,1,6,42,28,1,1,allocated
11,2088,greenran_normal,0,0,65535_65535,2,57,1011800,34,1,1,0,5,0,28,1,1,pre_allocation
11,2088,greenran_normal,0,0,65535_65535,2,57,1011800,42,1,1,1,6,42,28,1,1,allocated
11,2088,greenran_normal,0,0,65535_65535,2,37,1011802,34,1,1,0,5,0,28,1,1,pre_allocation
11,2088,greenran_normal,0,0,65535_65535,2,37,1011802,42,1,1,1,6,42,28,1,1,allocated
11,2088,greenran_normal,0,0,65535_65535,2,39,1011802,34,1,1,0,5,0,28,1,1,pre_allocation
11,2088,greenran_normal,0,0,65535_65535,2,39,1011802,42,1,1,1,6,42,28,1,1,allocated
11,2088,greenran_normal,0,0,65535_65535,2,40,1011802,34,1,1,0,5,0,28,1,1,pre_allocation
11,2088,greenran_normal,0,0,65535_65535,2,40,1011802,42,1,1,1,6,42,28,1,1,allocated
11,2088,greenran_normal,0,0,65535_65535,2,41,1011802,34,1,1,0,5,0,28,1,1,pre_allocation
11,2088,greenran_normal,0,0,65535_65535,2,41,1011802,42,1,1,1,6,42,28,1,1,allocated
11,2088,greenran_normal,0,0,65535_65535,2,63,1011797,34,1,1,0,5,0,28,1,1,pre_allocation
11,2088,greenran_normal,0,0,65535_65535,2,63,1011797,42,1,1,1,6,42,28,1,1,allocated
11,2088,greenran_normal,0,0,65535_65535,2,38,1012443,14,1,1,0,6,0,15,1,1,pre_allocation
11,2088,greenran_normal,0,0,65535_65535,2,38,1012443,17,1,1,1,7,17,15,1,1,allocated
11,2088,greenran_normal,0,0,65535_65535,2,60,1012261,9,1,1,0,6,0,12,1,1,pre_allocation
11,2088,greenran_normal,0,0,65535_65535,2,60,1012261,11,1,1,1,7,11,12,1,1,allocated
11,2088,greenran_normal,0,0,65535_65535,2,64,1012218,6,1,1,0,6,0,10,1,1,pre_allocation
11,2088,greenran_normal,0,0,65535_65535,2,64,1012218,8,1,1,1,7,8,10,1,1,allocated
11,2088,greenran_normal,0,0,65535_65535,2,43,1012153,24,1,1,0,6,0,20,1,1,pre_allocation
11,2088,greenran_normal,0,0,65535_65535,2,43,1012153,28,1,1,1,7,28,20,1,1,allocated
11,2088,greenran_normal,0,0,65535_65535,2,42,1011950,29,1,1,0,6,0,22,1,1,pre_allocation
11,2088,greenran_normal,0,0,65535_65535,2,42,1011950,34,1,1,1,7,34,22,1,1,allocated
11,2088,greenran_normal,0,0,65535_65535,2,58,1011889,39,1,1,0,6,0,26,1,1,pre_allocation
11,2088,greenran_normal,0,0,65535_65535,2,58,1011889,46,1,1,1,7,46,26,1,1,allocated
11,2088,greenran_normal,0,0,65535_65535,2,59,1011853,39,1,1,0,6,0,26,1,1,pre_allocation
11,2088,greenran_normal,0,0,65535_65535,2,59,1011853,46,1,1,1,7,46,26,1,1,allocated
11,2088,greenran_normal,0,0,65535_65535,2,36,1011849,34,1,1,0,6,0,24,1,1,pre_allocation
11,2088,greenran_normal,0,0,65535_65535,2,36,1011849,40,1,1,1,7,40,24,1,1,allocated
11,2088,greenran_normal,0,0,65535_65535,2,62,1011805,42,1,1,0,6,0,28,1,1,pre_allocation
11,2088,greenran_normal,0,0,65535_65535,2,62,1011805,50,1,1,1,7,50,28,1,1,allocated
11,2088,greenran_normal,0,0,65535_65535,2,61,1011805,42,1,1,0,6,0,28,1,1,pre_allocation
11,2088,greenran_normal,0,0,65535_65535,2,61,1011805,50,1,1,1,7,50,28,1,1,allocated
11,2088,greenran_normal,0,0,65535_65535,2,35,1011800,42,1,1,0,6,0,28,1,1,pre_allocation
11,2088,greenran_normal,0,0,65535_65535,2,35,1011800,50,1,1,1,7,50,28,1,1,allocated
11,2088,greenran_normal,0,0,65535_65535,2,44,1011800,42,1,1,0,6,0,28,1,1,pre_allocation
11,2088,greenran_normal,0,0,65535_65535,2,44,1011800,50,1,1,1,7,50,28,1,1,allocated
11,2088,greenran_normal,0,0,65535_65535,2,55,1011800,42,1,1,0,6,0,28,1,1,pre_allocation
11,2088,greenran_normal,0,0,65535_65535,2,55,1011800,50,1,1,1,7,50,28,1,1,allocated
11,2088,greenran_normal,0,0,65535_65535,2,56,1011800,42,1,1,0,6,0,28,1,1,pre_allocation
11,2088,greenran_normal,0,0,65535_65535,2,56,1011800,50,1,1,1,7,50,28,1,1,allocated
11,2088,greenran_normal,0,0,65535_65535,2,57,1011800,42,1,1,0,6,0,28,1,1,pre_allocation
11,2088,greenran_normal,0,0,65535_65535,2,57,1011800,50,1,1,1,7,50,28,1,1,allocated
11,2088,greenran_normal,0,0,65535_65535,2,37,1011802,42,1,1,0,6,0,28,1,1,pre_allocation
11,2088,greenran_normal,0,0,65535_65535,2,37,1011802,50,1,1,1,7,50,28,1,1,allocated
11,2088,greenran_normal,0,0,65535_65535,2,39,1011802,42,1,1,0,6,0,28,1,1,pre_allocation
11,2088,greenran_normal,0,0,65535_65535,2,39,1011802,50,1,1,1,7,50,28,1,1,allocated
11,2088,greenran_normal,0,0,65535_65535,2,40,1011802,42,1,1,0,6,0,28,1,1,pre_allocation
11,2088,greenran_normal,0,0,65535_65535,2,40,1011802,50,1,1,1,7,50,28,1,1,allocated
11,2088,greenran_normal,0,0,65535_65535,2,41,1011802,42,1,1,0,6,0,28,1,1,pre_allocation
11,2088,greenran_normal,0,0,65535_65535,2,41,1011802,50,1,1,1,7,50,28,1,1,allocated
11,2088,greenran_normal,0,0,65535_65535,2,63,1011797,42,1,1,0,6,0,28,1,1,pre_allocation
11,2088,greenran_normal,0,0,65535_65535,2,63,1011797,50,1,1,1,7,50,28,1,1,allocated
11,2088,greenran_normal,0,0,65535_65535,2,38,1012443,17,1,1,0,7,0,15,1,1,pre_allocation
11,2088,greenran_normal,0,0,65535_65535,2,38,1012443,20,1,1,1,8,20,15,1,1,allocated
11,2088,greenran_normal,0,0,65535_65535,2,60,1012261,11,1,1,0,7,0,12,1,1,pre_allocation
11,2088,greenran_normal,0,0,65535_65535,2,60,1012261,13,1,1,1,8,13,12,1,1,allocated
11,2088,greenran_normal,0,0,65535_65535,2,64,1012218,8,1,1,0,7,0,10,1,1,pre_allocation
11,2088,greenran_normal,0,0,65535_65535,2,64,1012218,10,1,1,1,8,10,10,1,1,allocated
11,2088,greenran_normal,0,0,65535_65535,2,43,1012153,28,1,1,0,7,0,20,1,1,pre_allocation
11,2088,greenran_normal,0,0,65535_65535,2,43,1012153,33,1,1,1,8,33,20,1,1,allocated
11,2088,greenran_normal,0,0,65535_65535,2,42,1011950,34,1,1,0,7,0,22,1,1,pre_allocation
11,2088,greenran_normal,0,0,65535_65535,2,42,1011950,39,1,1,1,8,39,22,1,1,allocated
11,2088,greenran_normal,0,0,65535_65535,2,58,1011889,46,1,1,0,7,0,26,1,1,pre_allocation
11,2088,greenran_normal,0,0,65535_65535,2,58,1011889,53,1,1,1,8,53,26,1,1,allocated
11,2088,greenran_normal,0,0,65535_65535,2,59,1011853,46,1,1,0,7,0,26,1,1,pre_allocation
11,2088,greenran_normal,0,0,65535_65535,2,59,1011853,53,1,1,1,8,53,26,1,1,allocated
11,2088,greenran_normal,0,0,65535_65535,2,36,1011849,40,1,1,0,7,0,24,1,1,pre_allocation
11,2088,greenran_normal,0,0,65535_65535,2,36,1011849,46,1,1,1,8,46,24,1,1,allocated
11,2088,greenran_normal,0,0,65535_65535,2,62,1011805,50,1,1,0,7,0,28,1,1,pre_allocation
11,2088,greenran_normal,0,0,65535_65535,2,62,1011805,57,1,1,1,8,57,28,1,1,allocated
11,2088,greenran_normal,0,0,65535_65535,2,61,1011805,50,1,1,0,7,0,28,1,1,pre_allocation
11,2088,greenran_normal,0,0,65535_65535,2,61,1011805,57,1,1,1,8,57,28,1,1,allocated
11,2088,greenran_normal,0,0,65535_65535,2,35,1011800,50,1,1,0,7,0,28,1,1,pre_allocation
11,2088,greenran_normal,0,0,65535_65535,2,35,1011800,57,1,1,1,8,57,28,1,1,allocated
11,2088,greenran_normal,0,0,65535_65535,2,44,1011800,50,1,1,0,7,0,28,1,1,pre_allocation
11,2088,greenran_normal,0,0,65535_65535,2,44,1011800,57,1,1,1,8,57,28,1,1,allocated
11,2088,greenran_normal,0,0,65535_65535,2,55,1011800,50,1,1,0,7,0,28,1,1,pre_allocation
11,2088,greenran_normal,0,0,65535_65535,2,55,1011800,57,1,1,1,8,57,28,1,1,allocated
11,2088,greenran_normal,0,0,65535_65535,2,56,1011800,50,1,1,0,7,0,28,1,1,pre_allocation
11,2088,greenran_normal,0,0,65535_65535,2,56,1011800,57,1,1,1,8,57,28,1,1,allocated
11,2088,greenran_normal,0,0,65535_65535,2,57,1011800,50,1,1,0,7,0,28,1,1,pre_allocation
11,2088,greenran_normal,0,0,65535_65535,2,57,1011800,57,1,1,1,8,57,28,1,1,allocated
11,2088,greenran_normal,0,0,65535_65535,2,37,1011802,50,1,1,0,7,0,28,1,1,pre_allocation
11,2088,greenran_normal,0,0,65535_65535,2,37,1011802,57,1,1,1,8,57,28,1,1,allocated
11,2088,greenran_normal,0,0,65535_65535,2,39,1011802,50,1,1,0,7,0,28,1,1,pre_allocation
11,2088,greenran_normal,0,0,65535_65535,2,39,1011802,57,1,1,1,8,57,28,1,1,allocated
11,2088,greenran_normal,0,0,65535_65535,2,40,1011802,50,1,1,0,7,0,28,1,1,pre_allocation
11,2088,greenran_normal,0,0,65535_65535,2,40,1011802,57,1,1,1,8,57,28,1,1,allocated
11,2088,greenran_normal,0,0,65535_65535,2,41,1011802,50,1,1,0,7,0,28,1,1,pre_allocation
11,2088,greenran_normal,0,0,65535_65535,2,41,1011802,57,1,1,1,8,57,28,1,1,allocated
11,2088,greenran_normal,0,0,65535_65535,2,63,1011797,50,1,1,0,7,0,28,1,1,pre_allocation
11,2088,greenran_normal,0,0,65535_65535,2,63,1011797,57,1,1,1,8,57,28,1,1,allocated
11,2088,greenran_normal,0,0,65535_65535,2,38,1012443,20,1,1,0,8,0,15,1,1,pre_allocation
11,2088,greenran_normal,0,0,65535_65535,2,38,1012443,23,1,1,1,9,23,15,1,1,allocated
11,2088,greenran_normal,0,0,65535_65535,2,60,1012261,13,1,1,0,8,0,12,1,1,pre_allocation
11,2088,greenran_normal,0,0,65535_65535,2,60,1012261,15,1,1,1,9,15,12,1,1,allocated
11,2088,greenran_normal,0,0,65535_65535,2,64,1012218,10,1,1,0,8,0,10,1,1,pre_allocation
11,2088,greenran_normal,0,0,65535_65535,2,64,1012218,11,1,1,1,9,11,10,1,1,allocated
11,2088,greenran_normal,0,0,65535_65535,2,43,1012153,33,1,1,0,8,0,20,1,1,pre_allocation
11,2088,greenran_normal,0,0,65535_65535,2,43,1012153,37,1,1,1,9,37,20,1,1,allocated
11,2088,greenran_normal,0,0,65535_65535,2,42,1011950,39,1,1,0,8,0,22,1,1,pre_allocation
11,2088,greenran_normal,0,0,65535_65535,2,42,1011950,45,1,1,1,9,45,22,1,1,allocated
11,2088,greenran_normal,0,0,65535_65535,2,58,1011889,53,1,1,0,8,0,26,1,1,pre_allocation
11,2088,greenran_normal,0,0,65535_65535,2,58,1011889,60,1,1,1,9,60,26,1,1,allocated
11,2088,greenran_normal,0,0,65535_65535,2,59,1011853,53,1,1,0,8,0,26,1,1,pre_allocation
11,2088,greenran_normal,0,0,65535_65535,2,59,1011853,60,1,1,1,9,60,26,1,1,allocated
11,2088,greenran_normal,0,0,65535_65535,2,36,1011849,46,1,1,0,8,0,24,1,1,pre_allocation
11,2088,greenran_normal,0,0,65535_65535,2,36,1011849,52,1,1,1,9,52,24,1,1,allocated
11,2088,greenran_normal,0,0,65535_65535,2,62,1011805,57,1,1,0,8,0,28,1,1,pre_allocation
11,2088,greenran_normal,0,0,65535_65535,2,62,1011805,65,1,1,1,9,65,28,1,1,allocated
11,2088,greenran_normal,0,0,65535_65535,2,61,1011805,57,1,1,0,8,0,28,1,1,pre_allocation
11,2088,greenran_normal,0,0,65535_65535,2,61,1011805,65,1,1,1,9,65,28,1,1,allocated
11,2088,greenran_normal,0,0,65535_65535,2,35,1011800,57,1,1,0,8,0,28,1,1,pre_allocation
11,2088,greenran_normal,0,0,65535_65535,2,35,1011800,65,1,1,1,9,65,28,1,1,allocated
11,2088,greenran_normal,0,0,65535_65535,2,44,1011800,57,1,1,0,8,0,28,1,1,pre_allocation
11,2088,greenran_normal,0,0,65535_65535,2,44,1011800,65,1,1,1,9,65,28,1,1,allocated
11,2088,greenran_normal,0,0,65535_65535,2,55,1011800,57,1,1,0,8,0,28,1,1,pre_allocation
11,2088,greenran_normal,0,0,65535_65535,2,55,1011800,65,1,1,1,9,65,28,1,1,allocated
11,2088,greenran_normal,0,0,65535_65535,2,56,1011800,57,1,1,0,8,0,28,1,1,pre_allocation
11,2088,greenran_normal,0,0,65535_65535,2,56,1011800,65,1,1,1,9,65,28,1,1,allocated
11,2088,greenran_normal,0,0,65535_65535,2,57,1011800,57,1,1,0,8,0,28,1,1,pre_allocation
11,2088,greenran_normal,0,0,65535_65535,2,57,1011800,65,1,1,1,9,65,28,1,1,allocated
11,2088,greenran_normal,0,0,65535_65535,2,37,1011802,57,1,1,0,8,0,28,1,1,pre_allocation
11,2088,greenran_normal,0,0,65535_65535,2,37,1011802,65,1,1,1,9,65,28,1,1,allocated
11,2088,greenran_normal,0,0,65535_65535,2,39,1011802,57,1,1,0,8,0,28,1,1,pre_allocation
11,2088,greenran_normal,0,0,65535_65535,2,39,1011802,65,1,1,1,9,65,28,1,1,allocated
11,2088,greenran_normal,0,0,65535_65535,2,40,1011802,57,1,1,0,8,0,28,1,1,pre_allocation
11,2088,greenran_normal,0,0,65535_65535,2,40,1011802,65,1,1,1,9,65,28,1,1,allocated
11,2088,greenran_normal,0,0,65535_65535,2,41,1011802,57,1,1,0,8,0,28,1,1,pre_allocation
11,2088,greenran_normal,0,0,65535_65535,2,41,1011802,65,1,1,1,9,65,28,1,1,allocated
11,2088,greenran_normal,0,0,65535_65535,2,63,1011797,57,1,1,0,8,0,28,1,1,pre_allocation
11,2088,greenran_normal,0,0,65535_65535,2,63,1011797,65,1,1,1,9,65,28,1,1,allocated
11,2088,greenran_normal,0,0,65535_65535,2,38,1012443,23,1,1,0,9,0,15,1,1,pre_allocation
11,2088,greenran_normal,0,0,65535_65535,2,38,1012443,26,1,1,1,10,26,15,1,1,allocated
11,2088,greenran_normal,0,0,65535_65535,2,60,1012261,15,1,1,0,9,0,12,1,1,pre_allocation
11,2088,greenran_normal,0,0,65535_65535,2,60,1012261,17,1,1,1,10,17,12,1,1,allocated
11,2088,greenran_normal,0,0,65535_65535,2,64,1012218,11,1,1,0,9,0,10,1,1,pre_allocation
11,2088,greenran_normal,0,0,65535_65535,2,64,1012218,13,1,1,1,10,13,10,1,1,allocated
11,2088,greenran_normal,0,0,65535_65535,2,43,1012153,37,1,1,0,9,0,20,1,1,pre_allocation
11,2088,greenran_normal,0,0,65535_65535,2,43,1012153,42,1,1,1,10,42,20,1,1,allocated
11,2088,greenran_normal,0,0,65535_65535,2,42,1011950,45,1,1,0,9,0,22,1,1,pre_allocation
11,2088,greenran_normal,0,0,65535_65535,2,42,1011950,50,1,1,1,10,50,22,1,1,allocated
11,2088,greenran_normal,0,0,65535_65535,2,58,1011889,60,1,1,0,9,0,26,1,1,pre_allocation
11,2088,greenran_normal,0,0,65535_65535,2,58,1011889,67,1,1,1,10,67,26,1,1,allocated
11,2088,greenran_normal,0,0,65535_65535,2,59,1011853,60,1,1,0,9,0,26,1,1,pre_allocation
11,2088,greenran_normal,0,0,65535_65535,2,59,1011853,67,1,1,1,10,67,26,1,1,allocated
11,2088,greenran_normal,0,0,65535_65535,2,36,1011849,52,1,1,0,9,0,24,1,1,pre_allocation
11,2088,greenran_normal,0,0,65535_65535,2,36,1011849,58,1,1,1,10,58,24,1,1,allocated
11,2088,greenran_normal,0,0,65535_65535,2,62,1011805,65,1,1,0,9,0,28,1,1,pre_allocation
11,2088,greenran_normal,0,0,65535_65535,2,62,1011805,72,1,1,1,10,72,28,1,1,allocated
11,2088,greenran_normal,0,0,65535_65535,2,61,1011805,65,1,1,0,9,0,28,1,1,pre_allocation
11,2088,greenran_normal,0,0,65535_65535,2,61,1011805,72,1,1,1,10,72,28,1,1,allocated
11,2088,greenran_normal,0,0,65535_65535,2,35,1011800,65,1,1,0,9,0,28,1,1,pre_allocation
11,2088,greenran_normal,0,0,65535_65535,2,35,1011800,72,1,1,1,10,72,28,1,1,allocated
11,2088,greenran_normal,0,0,65535_65535,2,44,1011800,65,1,1,0,9,0,28,1,1,pre_allocation
11,2088,greenran_normal,0,0,65535_65535,2,44,1011800,72,1,1,1,10,72,28,1,1,allocated
11,2088,greenran_normal,0,0,65535_65535,2,55,1011800,65,1,1,0,9,0,28,1,1,pre_allocation
11,2088,greenran_normal,0,0,65535_65535,2,55,1011800,72,1,1,1,10,72,28,1,1,allocated
11,2088,greenran_normal,0,0,65535_65535,2,56,1011800,65,1,1,0,9,0,28,1,1,pre_allocation
11,2088,greenran_normal,0,0,65535_65535,2,56,1011800,72,1,1,1,10,72,28,1,1,allocated
12,2374,greenran_normal,0,0,65535_65535,0,4,38504,0,1,1,0,0,0,22,1,1,pre_allocation
12,2374,greenran_normal,0,0,65535_65535,0,4,38504,2,1,1,1,1,2,22,1,1,allocated
12,2374,greenran_normal,0,0,65535_65535,0,5,38250,0,1,1,0,0,0,28,1,1,pre_allocation
12,2374,greenran_normal,0,0,65535_65535,0,5,38250,4,1,1,1,1,4,28,1,1,allocated
12,2374,greenran_normal,0,0,65535_65535,0,3,38244,0,1,1,0,0,0,28,1,1,pre_allocation
12,2374,greenran_normal,0,0,65535_65535,0,3,38244,4,1,1,1,1,4,28,1,1,allocated
12,2374,greenran_normal,0,0,65535_65535,0,1,38243,0,1,1,0,0,0,26,1,1,pre_allocation
12,2374,greenran_normal,0,0,65535_65535,0,1,38243,4,1,1,1,1,4,26,1,1,allocated
12,2374,greenran_normal,0,0,65535_65535,0,2,38243,0,1,1,0,0,0,28,1,1,pre_allocation
12,2374,greenran_normal,0,0,65535_65535,0,2,38243,4,1,1,1,1,4,28,1,1,allocated
12,2374,greenran_normal,0,0,65535_65535,0,4,38504,2,1,1,0,1,0,22,1,1,pre_allocation
12,2374,greenran_normal,0,0,65535_65535,0,4,38504,7,1,1,1,2,7,22,1,1,allocated
12,2374,greenran_normal,0,0,65535_65535,0,5,38250,4,1,1,0,1,0,28,1,1,pre_allocation
12,2374,greenran_normal,0,0,65535_65535,0,5,38250,12,1,1,1,2,12,28,1,1,allocated
12,2374,greenran_normal,0,0,65535_65535,0,3,38244,4,1,1,0,1,0,28,1,1,pre_allocation
12,2374,greenran_normal,0,0,65535_65535,0,3,38244,12,1,1,1,2,12,28,1,1,allocated
12,2374,greenran_normal,0,0,65535_65535,0,1,38243,4,1,1,0,1,0,26,1,1,pre_allocation
12,2374,greenran_normal,0,0,65535_65535,0,1,38243,11,1,1,1,2,11,26,1,1,allocated
12,2374,greenran_normal,0,0,65535_65535,0,2,38243,4,1,1,0,1,0,28,1,1,pre_allocation
12,2374,greenran_normal,0,0,65535_65535,0,2,38243,12,1,1,1,2,12,28,1,1,allocated
12,2374,greenran_normal,0,0,65535_65535,0,4,38504,7,1,1,0,2,0,22,1,1,pre_allocation
12,2374,greenran_normal,0,0,65535_65535,0,4,38504,13,1,1,1,3,13,22,1,1,allocated
12,2374,greenran_normal,0,0,65535_65535,0,5,38250,12,1,1,0,2,0,28,1,1,pre_allocation
12,2374,greenran_normal,0,0,65535_65535,0,5,38250,19,1,1,1,3,19,28,1,1,allocated
12,2374,greenran_normal,0,0,65535_65535,0,3,38244,12,1,1,0,2,0,28,1,1,pre_allocation
12,2374,greenran_normal,0,0,65535_65535,0,3,38244,19,1,1,1,3,19,28,1,1,allocated
12,2374,greenran_normal,0,0,65535_65535,0,1,38243,11,1,1,0,2,0,26,1,1,pre_allocation
12,2374,greenran_normal,0,0,65535_65535,0,1,38243,18,1,1,1,3,18,26,1,1,allocated
12,2374,greenran_normal,0,0,65535_65535,0,2,38243,12,1,1,0,2,0,28,1,1,pre_allocation
12,2374,greenran_normal,0,0,65535_65535,0,2,38243,19,1,1,1,3,19,28,1,1,allocated
12,2374,greenran_normal,0,0,65535_65535,0,4,38504,13,1,1,0,3,0,22,1,1,pre_allocation
12,2374,greenran_normal,0,0,65535_65535,0,4,38504,18,1,1,1,4,18,22,1,1,allocated
12,2374,greenran_normal,0,0,65535_65535,0,5,38250,19,1,1,0,3,0,28,1,1,pre_allocation
12,2374,greenran_normal,0,0,65535_65535,0,5,38250,27,1,1,1,4,27,28,1,1,allocated
12,2374,greenran_normal,0,0,65535_65535,0,3,38244,19,1,1,0,3,0,28,1,1,pre_allocation
12,2374,greenran_normal,0,0,65535_65535,0,3,38244,27,1,1,1,4,27,28,1,1,allocated
12,2374,greenran_normal,0,0,65535_65535,0,1,38243,18,1,1,0,3,0,26,1,1,pre_allocation
12,2374,greenran_normal,0,0,65535_65535,0,1,38243,25,1,1,1,4,25,26,1,1,allocated
12,2374,greenran_normal,0,0,65535_65535,0,2,38243,19,1,1,0,3,0,28,1,1,pre_allocation
12,2374,greenran_normal,0,0,65535_65535,0,2,38243,27,1,1,1,4,27,28,1,1,allocated
12,2374,greenran_normal,0,0,65535_65535,0,4,38504,18,1,1,0,4,0,22,1,1,pre_allocation
12,2374,greenran_normal,0,0,65535_65535,0,4,38504,23,1,1,1,5,23,22,1,1,allocated
12,2374,greenran_normal,0,0,65535_65535,0,5,38250,27,1,1,0,4,0,28,1,1,pre_allocation
12,2374,greenran_normal,0,0,65535_65535,0,5,38250,34,1,1,1,5,34,28,1,1,allocated
12,2374,greenran_normal,0,0,65535_65535,0,3,38244,27,1,1,0,4,0,28,1,1,pre_allocation
12,2374,greenran_normal,0,0,65535_65535,0,3,38244,34,1,1,1,5,34,28,1,1,allocated
12,2374,greenran_normal,0,0,65535_65535,0,1,38243,25,1,1,0,4,0,26,1,1,pre_allocation
12,2374,greenran_normal,0,0,65535_65535,0,1,38243,32,1,1,1,5,32,26,1,1,allocated
12,2374,greenran_normal,0,0,65535_65535,0,2,38243,27,1,1,0,4,0,28,1,1,pre_allocation
12,2374,greenran_normal,0,0,65535_65535,0,2,38243,34,1,1,1,5,34,28,1,1,allocated
12,2374,greenran_normal,0,0,65535_65535,0,4,38504,23,1,1,0,5,0,22,1,1,pre_allocation
12,2374,greenran_normal,0,0,65535_65535,0,4,38504,29,1,1,1,6,29,22,1,1,allocated
12,2374,greenran_normal,0,0,65535_65535,0,5,38250,34,1,1,0,5,0,28,1,1,pre_allocation
12,2374,greenran_normal,0,0,65535_65535,0,5,38250,42,1,1,1,6,42,28,1,1,allocated
12,2374,greenran_normal,0,0,65535_65535,0,3,38244,34,1,1,0,5,0,28,1,1,pre_allocation
12,2374,greenran_normal,0,0,65535_65535,0,3,38244,42,1,1,1,6,42,28,1,1,allocated
12,2374,greenran_normal,0,0,65535_65535,0,1,38243,32,1,1,0,5,0,26,1,1,pre_allocation
12,2374,greenran_normal,0,0,65535_65535,0,1,38243,39,1,1,1,6,39,26,1,1,allocated
12,2374,greenran_normal,0,0,65535_65535,0,2,38243,34,1,1,0,5,0,28,1,1,pre_allocation
12,2374,greenran_normal,0,0,65535_65535,0,2,38243,42,1,1,1,6,42,28,1,1,allocated
12,2374,greenran_normal,0,0,65535_65535,0,4,38504,29,1,1,0,6,0,22,1,1,pre_allocation
12,2374,greenran_normal,0,0,65535_65535,0,4,38504,34,1,1,1,7,34,22,1,1,allocated
12,2374,greenran_normal,0,0,65535_65535,0,5,38250,42,1,1,0,6,0,28,1,1,pre_allocation
12,2374,greenran_normal,0,0,65535_65535,0,5,38250,50,1,1,1,7,50,28,1,1,allocated
12,2374,greenran_normal,0,0,65535_65535,0,3,38244,42,1,1,0,6,0,28,1,1,pre_allocation
12,2374,greenran_normal,0,0,65535_65535,0,3,38244,50,1,1,1,7,50,28,1,1,allocated
12,2374,greenran_normal,0,0,65535_65535,0,1,38243,39,1,1,0,6,0,26,1,1,pre_allocation
12,2374,greenran_normal,0,0,65535_65535,0,1,38243,46,1,1,1,7,46,26,1,1,allocated
12,2374,greenran_normal,0,0,65535_65535,0,2,38243,42,1,1,0,6,0,28,1,1,pre_allocation
12,2374,greenran_normal,0,0,65535_65535,0,2,38243,50,1,1,1,7,50,28,1,1,allocated
12,2374,greenran_normal,0,0,65535_65535,0,4,38504,34,1,1,0,7,0,22,1,1,pre_allocation
12,2374,greenran_normal,0,0,65535_65535,0,4,38504,39,1,1,1,8,39,22,1,1,allocated
12,2374,greenran_normal,0,0,65535_65535,0,5,38250,50,1,1,0,7,0,28,1,1,pre_allocation
12,2374,greenran_normal,0,0,65535_65535,0,5,38250,57,1,1,1,8,57,28,1,1,allocated
12,2374,greenran_normal,0,0,65535_65535,0,3,38244,50,1,1,0,7,0,28,1,1,pre_allocation
12,2374,greenran_normal,0,0,65535_65535,0,3,38244,57,1,1,1,8,57,28,1,1,allocated
12,2374,greenran_normal,0,0,65535_65535,0,1,38243,46,1,1,0,7,0,26,1,1,pre_allocation
12,2374,greenran_normal,0,0,65535_65535,0,1,38243,53,1,1,1,8,53,26,1,1,allocated
12,2374,greenran_normal,0,0,65535_65535,0,2,38243,50,1,1,0,7,0,28,1,1,pre_allocation
12,2374,greenran_normal,0,0,65535_65535,0,2,38243,57,1,1,1,8,57,28,1,1,allocated
12,2374,greenran_normal,0,0,65535_65535,0,4,38504,39,1,1,0,8,0,22,1,1,pre_allocation
12,2374,greenran_normal,0,0,65535_65535,0,4,38504,45,1,1,1,9,45,22,1,1,allocated
12,2374,greenran_normal,0,0,65535_65535,0,5,38250,57,1,1,0,8,0,28,1,1,pre_allocation
12,2374,greenran_normal,0,0,65535_65535,0,5,38250,65,1,1,1,9,65,28,1,1,allocated
12,2374,greenran_normal,0,0,65535_65535,0,3,38244,57,1,1,0,8,0,28,1,1,pre_allocation
12,2374,greenran_normal,0,0,65535_65535,0,3,38244,65,1,1,1,9,65,28,1,1,allocated
12,2374,greenran_normal,0,0,65535_65535,0,1,38243,53,1,1,0,8,0,26,1,1,pre_allocation
12,2374,greenran_normal,0,0,65535_65535,0,1,38243,60,1,1,1,9,60,26,1,1,allocated
12,2374,greenran_normal,0,0,65535_65535,0,2,38243,57,1,1,0,8,0,28,1,1,pre_allocation
12,2374,greenran_normal,0,0,65535_65535,0,2,38243,65,1,1,1,9,65,28,1,1,allocated
12,2374,greenran_normal,0,0,65535_65535,0,4,38504,45,1,1,0,9,0,22,1,1,pre_allocation
12,2374,greenran_normal,0,0,65535_65535,0,4,38504,50,1,1,1,10,50,22,1,1,allocated
12,2374,greenran_normal,0,0,65535_65535,0,5,38250,65,1,1,0,9,0,28,1,1,pre_allocation
12,2374,greenran_normal,0,0,65535_65535,0,5,38250,72,1,1,1,10,72,28,1,1,allocated
12,2374,greenran_normal,0,0,65535_65535,0,3,38244,65,1,1,0,9,0,28,1,1,pre_allocation
12,2374,greenran_normal,0,0,65535_65535,0,3,38244,72,1,1,1,10,72,28,1,1,allocated
12,2374,greenran_normal,0,0,65535_65535,0,1,38243,60,1,1,0,9,0,26,1,1,pre_allocation
12,2374,greenran_normal,0,0,65535_65535,0,1,38243,67,1,1,1,10,67,26,1,1,allocated
12,2374,greenran_normal,0,0,65535_65535,0,2,38243,65,1,1,0,9,0,28,1,1,pre_allocation
12,2374,greenran_normal,0,0,65535_65535,0,2,38243,72,1,1,1,10,72,28,1,1,allocated
12,2374,greenran_normal,0,0,65535_65535,0,4,38504,50,1,1,0,10,0,22,1,1,pre_allocation
12,2374,greenran_normal,0,0,65535_65535,0,4,38504,55,1,1,1,11,55,22,1,1,allocated
12,2374,greenran_normal,0,0,65535_65535,0,5,38250,72,1,1,0,10,0,28,1,1,pre_allocation
12,2374,greenran_normal,0,0,65535_65535,0,5,38250,80,1,1,1,11,80,28,1,1,allocated
12,2374,greenran_normal,0,0,65535_65535,0,3,38244,72,1,1,0,10,0,28,1,1,pre_allocation
12,2374,greenran_normal,0,0,65535_65535,0,3,38244,80,1,1,1,11,80,28,1,1,allocated
12,2374,greenran_normal,0,0,65535_65535,0,1,38243,67,1,1,0,10,0,26,1,1,pre_allocation
12,2374,greenran_normal,0,0,65535_65535,0,1,38243,74,1,1,1,11,74,26,1,1,allocated
12,2374,greenran_normal,0,0,65535_65535,0,2,38243,72,1,1,0,10,0,28,1,1,pre_allocation
12,2374,greenran_normal,0,0,65535_65535,0,2,38243,80,1,1,1,11,80,28,1,1,allocated
12,2374,greenran_normal,0,0,65535_65535,0,4,38504,55,1,1,0,11,0,22,1,1,pre_allocation
12,2374,greenran_normal,0,0,65535_65535,0,4,38504,61,1,1,1,12,61,22,1,1,allocated
12,2374,greenran_normal,0,0,65535_65535,0,5,38250,80,1,1,0,11,0,28,1,1,pre_allocation
12,2374,greenran_normal,0,0,65535_65535,0,5,38250,88,1,1,1,12,88,28,1,1,allocated
12,2374,greenran_normal,0,0,65535_65535,0,3,38244,80,1,1,0,11,0,28,1,1,pre_allocation
12,2374,greenran_normal,0,0,65535_65535,0,3,38244,88,1,1,1,12,88,28,1,1,allocated
12,2374,greenran_normal,0,0,65535_65535,0,1,38243,74,1,1,0,11,0,26,1,1,pre_allocation
12,2374,greenran_normal,0,0,65535_65535,0,1,38243,81,1,1,1,12,81,26,1,1,allocated
12,2374,greenran_normal,0,0,65535_65535,0,2,38243,80,1,1,0,11,0,28,1,1,pre_allocation
12,2374,greenran_normal,0,0,65535_65535,0,2,38243,88,1,1,1,12,88,28,1,1,allocated
12,2374,greenran_normal,0,0,65535_65535,0,4,38504,61,1,1,0,12,0,22,1,1,pre_allocation
12,2374,greenran_normal,0,0,65535_65535,0,4,38504,66,1,1,1,13,66,22,1,1,allocated
12,2374,greenran_normal,0,0,65535_65535,0,5,38250,88,1,1,0,12,0,28,1,1,pre_allocation
12,2374,greenran_normal,0,0,65535_65535,0,5,38250,95,1,1,1,13,95,28,1,1,allocated
12,2374,greenran_normal,0,0,65535_65535,0,3,38244,88,1,1,0,12,0,28,1,1,pre_allocation
12,2374,greenran_normal,0,0,65535_65535,0,3,38244,95,1,1,1,13,95,28,1,1,allocated
12,2374,greenran_normal,0,0,65535_65535,0,1,38243,81,1,1,0,12,0,26,1,1,pre_allocation
12,2374,greenran_normal,0,0,65535_65535,0,1,38243,88,1,1,1,13,88,26,1,1,allocated
12,2374,greenran_normal,0,0,65535_65535,0,2,38243,88,1,1,0,12,0,28,1,1,pre_allocation
12,2374,greenran_normal,0,0,65535_65535,0,2,38243,95,1,1,1,13,95,28,1,1,allocated
12,2374,greenran_normal,0,0,65535_65535,0,4,38504,66,1,1,0,13,0,22,1,1,pre_allocation
12,2374,greenran_normal,0,0,65535_65535,0,4,38504,72,1,1,1,14,72,22,1,1,allocated
12,2374,greenran_normal,0,0,65535_65535,0,5,38250,95,1,1,0,13,0,28,1,1,pre_allocation
12,2374,greenran_normal,0,0,65535_65535,0,5,38250,103,1,1,1,14,103,28,1,1,allocated
12,2374,greenran_normal,0,0,65535_65535,0,3,38244,95,1,1,0,13,0,28,1,1,pre_allocation
12,2374,greenran_normal,0,0,65535_65535,0,3,38244,103,1,1,1,14,103,28,1,1,allocated
12,2374,greenran_normal,0,0,65535_65535,0,1,38243,88,1,1,0,13,0,26,1,1,pre_allocation
12,2374,greenran_normal,0,0,65535_65535,0,1,38243,95,1,1,1,14,95,26,1,1,allocated
12,2374,greenran_normal,0,0,65535_65535,0,2,38243,95,1,1,0,13,0,28,1,1,pre_allocation
12,2374,greenran_normal,0,0,65535_65535,0,2,38243,103,1,1,1,14,103,28,1,1,allocated
12,2374,greenran_normal,0,0,65535_65535,0,4,38504,72,1,1,0,14,0,22,1,1,pre_allocation
12,2374,greenran_normal,0,0,65535_65535,0,4,38504,77,1,1,1,15,77,22,1,1,allocated
12,2374,greenran_normal,0,0,65535_65535,0,5,38250,103,1,1,0,14,0,28,1,1,pre_allocation
12,2374,greenran_normal,0,0,65535_65535,0,5,38250,110,1,1,1,15,110,28,1,1,allocated
12,2374,greenran_normal,0,0,65535_65535,0,3,38244,103,1,1,0,14,0,28,1,1,pre_allocation
12,2374,greenran_normal,0,0,65535_65535,0,3,38244,110,1,1,1,15,110,28,1,1,allocated
12,2374,greenran_normal,0,0,65535_65535,0,1,38243,95,1,1,0,14,0,26,1,1,pre_allocation
12,2374,greenran_normal,0,0,65535_65535,0,1,38243,102,1,1,1,15,102,26,1,1,allocated
12,2374,greenran_normal,0,0,65535_65535,0,2,38243,103,1,1,0,14,0,28,1,1,pre_allocation
12,2374,greenran_normal,0,0,65535_65535,0,2,38243,110,1,1,1,15,110,28,1,1,allocated
12,2374,greenran_normal,0,0,65535_65535,0,4,38504,77,1,1,0,15,0,22,1,1,pre_allocation
12,2374,greenran_normal,0,0,65535_65535,0,4,38504,82,1,1,1,16,82,22,1,1,allocated
12,2374,greenran_normal,0,0,65535_65535,0,5,38250,110,1,1,0,15,0,28,1,1,pre_allocation
12,2374,greenran_normal,0,0,65535_65535,0,5,38250,118,1,1,1,16,118,28,1,1,allocated
12,2374,greenran_normal,0,0,65535_65535,0,3,38244,110,1,1,0,15,0,28,1,1,pre_allocation
12,2374,greenran_normal,0,0,65535_65535,0,3,38244,118,1,1,1,16,118,28,1,1,allocated
12,2374,greenran_normal,0,0,65535_65535,0,1,38243,102,1,1,0,15,0,26,1,1,pre_allocation
12,2374,greenran_normal,0,0,65535_65535,0,1,38243,109,1,1,1,16,109,26,1,1,allocated
12,2374,greenran_normal,0,0,65535_65535,0,2,38243,110,1,1,0,15,0,28,1,1,pre_allocation
12,2374,greenran_normal,0,0,65535_65535,0,2,38243,118,1,1,1,16,118,28,1,1,allocated
12,2374,greenran_normal,0,0,65535_65535,0,4,38504,82,1,1,0,16,0,22,1,1,pre_allocation
12,2374,greenran_normal,0,0,65535_65535,0,4,38504,88,1,1,1,17,88,22,1,1,allocated
12,2374,greenran_normal,0,0,65535_65535,0,5,38250,118,1,1,0,16,0,28,1,1,pre_allocation
12,2374,greenran_normal,0,0,65535_65535,0,5,38250,126,1,1,1,17,126,28,1,1,allocated
12,2374,greenran_normal,0,0,65535_65535,0,3,38244,118,1,1,0,16,0,28,1,1,pre_allocation
12,2374,greenran_normal,0,0,65535_65535,0,3,38244,126,1,1,1,17,126,28,1,1,allocated
12,2374,greenran_normal,0,0,65535_65535,0,1,38243,109,1,1,0,16,0,26,1,1,pre_allocation
12,2374,greenran_normal,0,0,65535_65535,0,1,38243,116,1,1,1,17,116,26,1,1,allocated
12,2374,greenran_normal,0,0,65535_65535,0,2,38243,118,1,1,0,16,0,28,1,1,pre_allocation
12,2374,greenran_normal,0,0,65535_65535,0,2,38243,126,1,1,1,17,126,28,1,1,allocated
12,2374,greenran_normal,0,0,65535_65535,0,4,38504,88,1,1,0,17,0,22,1,1,pre_allocation
12,2374,greenran_normal,0,0,65535_65535,0,4,38504,93,1,1,1,18,93,22,1,1,allocated
12,2374,greenran_normal,0,0,65535_65535,0,5,38250,126,1,1,0,17,0,28,1,1,pre_allocation
12,2374,greenran_normal,0,0,65535_65535,0,5,38250,133,1,1,1,18,133,28,1,1,allocated
12,2374,greenran_normal,0,0,65535_65535,0,3,38244,126,1,1,0,17,0,28,1,1,pre_allocation
12,2374,greenran_normal,0,0,65535_65535,0,3,38244,133,1,1,1,18,133,28,1,1,allocated
12,2374,greenran_normal,0,0,65535_65535,0,1,38243,116,1,1,0,17,0,26,1,1,pre_allocation
12,2374,greenran_normal,0,0,65535_65535,0,1,38243,123,1,1,1,18,123,26,1,1,allocated
12,2374,greenran_normal,0,0,65535_65535,0,2,38243,126,1,1,0,17,0,28,1,1,pre_allocation
12,2374,greenran_normal,0,0,65535_65535,0,2,38243,133,1,1,1,18,133,28,1,1,allocated
12,2374,greenran_normal,0,0,65535_65535,0,4,38504,93,1,1,0,18,0,22,1,1,pre_allocation
12,2374,greenran_normal,0,0,65535_65535,0,4,38504,98,1,1,1,19,98,22,1,1,allocated
12,2374,greenran_normal,0,0,65535_65535,0,5,38250,133,1,1,0,18,0,28,1,1,pre_allocation
12,2374,greenran_normal,0,0,65535_65535,0,5,38250,141,1,1,1,19,141,28,1,1,allocated
12,2374,greenran_normal,0,0,65535_65535,0,3,38244,133,1,1,0,18,0,28,1,1,pre_allocation
12,2374,greenran_normal,0,0,65535_65535,0,3,38244,141,1,1,1,19,141,28,1,1,allocated
12,2374,greenran_normal,0,0,65535_65535,0,1,38243,123,1,1,0,18,0,26,1,1,pre_allocation
12,2374,greenran_normal,0,0,65535_65535,0,1,38243,130,1,1,1,19,130,26,1,1,allocated
12,2374,greenran_normal,0,0,65535_65535,0,2,38243,133,1,1,0,18,0,28,1,1,pre_allocation
12,2374,greenran_normal,0,0,65535_65535,0,2,38243,141,1,1,1,19,141,28,1,1,allocated
12,2374,greenran_normal,0,0,65535_65535,0,4,38504,98,1,1,0,19,0,22,1,1,pre_allocation
12,2374,greenran_normal,0,0,65535_65535,0,4,38504,104,1,1,1,20,104,22,1,1,allocated
12,2374,greenran_normal,0,0,65535_65535,0,5,38250,141,1,1,0,19,0,28,1,1,pre_allocation
12,2374,greenran_normal,0,0,65535_65535,0,5,38250,148,1,1,1,20,148,28,1,1,allocated
12,2374,greenran_normal,0,0,65535_65535,0,3,38244,141,1,1,0,19,0,28,1,1,pre_allocation
12,2374,greenran_normal,0,0,65535_65535,0,3,38244,148,1,1,1,20,148,28,1,1,allocated
12,2374,greenran_normal,0,0,65535_65535,2,38,1195718,0,1,1,0,0,0,2,1,1,pre_allocation
12,2374,greenran_normal,0,0,65535_65535,2,38,1195718,0,1,1,1,1,0,2,1,1,allocated
12,2374,greenran_normal,0,0,65535_65535,2,60,1195545,0,1,1,0,0,0,12,1,1,pre_allocation
12,2374,greenran_normal,0,0,65535_65535,2,60,1195545,2,1,1,1,1,2,12,1,1,allocated
12,2374,greenran_normal,0,0,65535_65535,2,64,1195506,0,1,1,0,0,0,16,1,1,pre_allocation
12,2374,greenran_normal,0,0,65535_65535,2,64,1195506,0,1,1,1,1,0,16,1,1,allocated
12,2374,greenran_normal,0,0,65535_65535,2,43,1195412,0,1,1,0,0,0,22,1,1,pre_allocation
12,2374,greenran_normal,0,0,65535_65535,2,43,1195412,2,1,1,1,1,2,22,1,1,allocated
12,2374,greenran_normal,0,0,65535_65535,2,42,1195201,0,1,1,0,0,0,20,1,1,pre_allocation
12,2374,greenran_normal,0,0,65535_65535,2,42,1195201,1,1,1,1,1,1,20,1,1,allocated
12,2374,greenran_normal,0,0,65535_65535,2,58,1195123,0,1,1,0,0,0,26,1,1,pre_allocation
12,2374,greenran_normal,0,0,65535_65535,2,58,1195123,4,1,1,1,1,4,26,1,1,allocated
12,2374,greenran_normal,0,0,65535_65535,2,36,1195092,0,1,1,0,0,0,24,1,1,pre_allocation
12,2374,greenran_normal,0,0,65535_65535,2,36,1195092,3,1,1,1,1,3,24,1,1,allocated
12,2374,greenran_normal,0,0,65535_65535,2,59,1195087,0,1,1,0,0,0,28,1,1,pre_allocation
12,2374,greenran_normal,0,0,65535_65535,2,59,1195087,4,1,1,1,1,4,28,1,1,allocated
12,2374,greenran_normal,0,0,65535_65535,2,57,1195036,0,1,1,0,0,0,28,1,1,pre_allocation
12,2374,greenran_normal,0,0,65535_65535,2,57,1195036,4,1,1,1,1,4,28,1,1,allocated
12,2374,greenran_normal,0,0,65535_65535,2,37,1195038,0,1,1,0,0,0,28,1,1,pre_allocation
12,2374,greenran_normal,0,0,65535_65535,2,37,1195038,4,1,1,1,1,4,28,1,1,allocated
12,2374,greenran_normal,0,0,65535_65535,2,39,1195038,0,1,1,0,0,0,28,1,1,pre_allocation
12,2374,greenran_normal,0,0,65535_65535,2,39,1195038,4,1,1,1,1,4,28,1,1,allocated
12,2374,greenran_normal,0,0,65535_65535,2,40,1195038,0,1,1,0,0,0,28,1,1,pre_allocation
12,2374,greenran_normal,0,0,65535_65535,2,40,1195038,4,1,1,1,1,4,28,1,1,allocated
12,2374,greenran_normal,0,0,65535_65535,2,41,1195038,0,1,1,0,0,0,28,1,1,pre_allocation
12,2374,greenran_normal,0,0,65535_65535,2,41,1195038,4,1,1,1,1,4,28,1,1,allocated
12,2374,greenran_normal,0,0,65535_65535,2,62,1195034,0,1,1,0,0,0,28,1,1,pre_allocation
12,2374,greenran_normal,0,0,65535_65535,2,62,1195034,4,1,1,1,1,4,28,1,1,allocated
12,2374,greenran_normal,0,0,65535_65535,2,61,1195034,0,1,1,0,0,0,28,1,1,pre_allocation
12,2374,greenran_normal,0,0,65535_65535,2,61,1195034,4,1,1,1,1,4,28,1,1,allocated
12,2374,greenran_normal,0,0,65535_65535,2,63,1195033,0,1,1,0,0,0,28,1,1,pre_allocation
12,2374,greenran_normal,0,0,65535_65535,2,63,1195033,4,1,1,1,1,4,28,1,1,allocated
12,2374,greenran_normal,0,0,65535_65535,2,35,1195029,0,1,1,0,0,0,28,1,1,pre_allocation
12,2374,greenran_normal,0,0,65535_65535,2,35,1195029,4,1,1,1,1,4,28,1,1,allocated
12,2374,greenran_normal,0,0,65535_65535,2,44,1195029,0,1,1,0,0,0,28,1,1,pre_allocation
12,2374,greenran_normal,0,0,65535_65535,2,44,1195029,4,1,1,1,1,4,28,1,1,allocated
12,2374,greenran_normal,0,0,65535_65535,2,55,1195029,0,1,1,0,0,0,28,1,1,pre_allocation
12,2374,greenran_normal,0,0,65535_65535,2,55,1195029,4,1,1,1,1,4,28,1,1,allocated
12,2374,greenran_normal,0,0,65535_65535,2,56,1195029,0,1,1,0,0,0,28,1,1,pre_allocation
12,2374,greenran_normal,0,0,65535_65535,2,56,1195029,4,1,1,1,1,4,28,1,1,allocated
12,2374,greenran_normal,0,0,65535_65535,2,38,1195718,0,1,1,0,1,0,2,1,1,pre_allocation
12,2374,greenran_normal,0,0,65535_65535,2,38,1195718,0,1,1,1,2,0,2,1,1,allocated
12,2374,greenran_normal,0,0,65535_65535,2,60,1195545,2,1,1,0,1,0,12,1,1,pre_allocation
12,2374,greenran_normal,0,0,65535_65535,2,60,1195545,1,1,1,1,2,1,12,1,1,allocated
12,2374,greenran_normal,0,0,65535_65535,2,64,1195506,0,1,1,0,1,0,16,1,1,pre_allocation
12,2374,greenran_normal,0,0,65535_65535,2,64,1195506,3,1,1,1,2,3,16,1,1,allocated
12,2374,greenran_normal,0,0,65535_65535,2,43,1195412,2,1,1,0,1,0,22,1,1,pre_allocation
12,2374,greenran_normal,0,0,65535_65535,2,43,1195412,7,1,1,1,2,7,22,1,1,allocated
12,2374,greenran_normal,0,0,65535_65535,2,42,1195201,1,1,1,0,1,0,20,1,1,pre_allocation
12,2374,greenran_normal,0,0,65535_65535,2,42,1195201,6,1,1,1,2,6,20,1,1,allocated
12,2374,greenran_normal,0,0,65535_65535,2,58,1195123,4,1,1,0,1,0,26,1,1,pre_allocation
12,2374,greenran_normal,0,0,65535_65535,2,58,1195123,11,1,1,1,2,11,26,1,1,allocated
12,2374,greenran_normal,0,0,65535_65535,2,36,1195092,3,1,1,0,1,0,24,1,1,pre_allocation
12,2374,greenran_normal,0,0,65535_65535,2,36,1195092,9,1,1,1,2,9,24,1,1,allocated
12,2374,greenran_normal,0,0,65535_65535,2,59,1195087,4,1,1,0,1,0,28,1,1,pre_allocation
12,2374,greenran_normal,0,0,65535_65535,2,59,1195087,12,1,1,1,2,12,28,1,1,allocated
12,2374,greenran_normal,0,0,65535_65535,2,57,1195036,4,1,1,0,1,0,28,1,1,pre_allocation
12,2374,greenran_normal,0,0,65535_65535,2,57,1195036,12,1,1,1,2,12,28,1,1,allocated
12,2374,greenran_normal,0,0,65535_65535,2,37,1195038,4,1,1,0,1,0,28,1,1,pre_allocation
12,2374,greenran_normal,0,0,65535_65535,2,37,1195038,12,1,1,1,2,12,28,1,1,allocated
12,2374,greenran_normal,0,0,65535_65535,2,39,1195038,4,1,1,0,1,0,28,1,1,pre_allocation
12,2374,greenran_normal,0,0,65535_65535,2,39,1195038,12,1,1,1,2,12,28,1,1,allocated
12,2374,greenran_normal,0,0,65535_65535,2,40,1195038,4,1,1,0,1,0,28,1,1,pre_allocation
12,2374,greenran_normal,0,0,65535_65535,2,40,1195038,12,1,1,1,2,12,28,1,1,allocated
12,2374,greenran_normal,0,0,65535_65535,2,41,1195038,4,1,1,0,1,0,28,1,1,pre_allocation
12,2374,greenran_normal,0,0,65535_65535,2,41,1195038,12,1,1,1,2,12,28,1,1,allocated
12,2374,greenran_normal,0,0,65535_65535,2,62,1195034,4,1,1,0,1,0,28,1,1,pre_allocation
12,2374,greenran_normal,0,0,65535_65535,2,62,1195034,12,1,1,1,2,12,28,1,1,allocated
12,2374,greenran_normal,0,0,65535_65535,2,61,1195034,4,1,1,0,1,0,28,1,1,pre_allocation
12,2374,greenran_normal,0,0,65535_65535,2,61,1195034,12,1,1,1,2,12,28,1,1,allocated
12,2374,greenran_normal,0,0,65535_65535,2,63,1195033,4,1,1,0,1,0,28,1,1,pre_allocation
12,2374,greenran_normal,0,0,65535_65535,2,63,1195033,12,1,1,1,2,12,28,1,1,allocated
12,2374,greenran_normal,0,0,65535_65535,2,35,1195029,4,1,1,0,1,0,28,1,1,pre_allocation
12,2374,greenran_normal,0,0,65535_65535,2,35,1195029,12,1,1,1,2,12,28,1,1,allocated
12,2374,greenran_normal,0,0,65535_65535,2,44,1195029,4,1,1,0,1,0,28,1,1,pre_allocation
12,2374,greenran_normal,0,0,65535_65535,2,44,1195029,12,1,1,1,2,12,28,1,1,allocated
12,2374,greenran_normal,0,0,65535_65535,2,55,1195029,4,1,1,0,1,0,28,1,1,pre_allocation
12,2374,greenran_normal,0,0,65535_65535,2,55,1195029,12,1,1,1,2,12,28,1,1,allocated
12,2374,greenran_normal,0,0,65535_65535,2,56,1195029,4,1,1,0,1,0,28,1,1,pre_allocation
12,2374,greenran_normal,0,0,65535_65535,2,56,1195029,12,1,1,1,2,12,28,1,1,allocated
12,2374,greenran_normal,0,0,65535_65535,2,38,1195718,0,1,1,0,2,0,2,1,1,pre_allocation
12,2374,greenran_normal,0,0,65535_65535,2,38,1195718,0,1,1,1,3,0,2,1,1,allocated
12,2374,greenran_normal,0,0,65535_65535,2,60,1195545,1,1,1,0,2,0,12,1,1,pre_allocation
12,2374,greenran_normal,0,0,65535_65535,2,60,1195545,3,1,1,1,3,3,12,1,1,allocated
12,2374,greenran_normal,0,0,65535_65535,2,64,1195506,3,1,1,0,2,0,16,1,1,pre_allocation
12,2374,greenran_normal,0,0,65535_65535,2,64,1195506,6,1,1,1,3,6,16,1,1,allocated
12,2374,greenran_normal,0,0,65535_65535,2,43,1195412,7,1,1,0,2,0,22,1,1,pre_allocation
12,2374,greenran_normal,0,0,65535_65535,2,43,1195412,13,1,1,1,3,13,22,1,1,allocated
12,2374,greenran_normal,0,0,65535_65535,2,42,1195201,6,1,1,0,2,0,20,1,1,pre_allocation
12,2374,greenran_normal,0,0,65535_65535,2,42,1195201,10,1,1,1,3,10,20,1,1,allocated
12,2374,greenran_normal,0,0,65535_65535,2,58,1195123,11,1,1,0,2,0,26,1,1,pre_allocation
12,2374,greenran_normal,0,0,65535_65535,2,58,1195123,18,1,1,1,3,18,26,1,1,allocated
12,2374,greenran_normal,0,0,65535_65535,2,36,1195092,9,1,1,0,2,0,24,1,1,pre_allocation
12,2374,greenran_normal,0,0,65535_65535,2,36,1195092,15,1,1,1,3,15,24,1,1,allocated
12,2374,greenran_normal,0,0,65535_65535,2,59,1195087,12,1,1,0,2,0,28,1,1,pre_allocation
12,2374,greenran_normal,0,0,65535_65535,2,59,1195087,19,1,1,1,3,19,28,1,1,allocated
12,2374,greenran_normal,0,0,65535_65535,2,57,1195036,12,1,1,0,2,0,28,1,1,pre_allocation
12,2374,greenran_normal,0,0,65535_65535,2,57,1195036,19,1,1,1,3,19,28,1,1,allocated
12,2374,greenran_normal,0,0,65535_65535,2,37,1195038,12,1,1,0,2,0,28,1,1,pre_allocation
12,2374,greenran_normal,0,0,65535_65535,2,37,1195038,19,1,1,1,3,19,28,1,1,allocated
12,2374,greenran_normal,0,0,65535_65535,2,39,1195038,12,1,1,0,2,0,28,1,1,pre_allocation
12,2374,greenran_normal,0,0,65535_65535,2,39,1195038,19,1,1,1,3,19,28,1,1,allocated
12,2374,greenran_normal,0,0,65535_65535,2,40,1195038,12,1,1,0,2,0,28,1,1,pre_allocation
12,2374,greenran_normal,0,0,65535_65535,2,40,1195038,19,1,1,1,3,19,28,1,1,allocated
12,2374,greenran_normal,0,0,65535_65535,2,41,1195038,12,1,1,0,2,0,28,1,1,pre_allocation
12,2374,greenran_normal,0,0,65535_65535,2,41,1195038,19,1,1,1,3,19,28,1,1,allocated
12,2374,greenran_normal,0,0,65535_65535,2,62,1195034,12,1,1,0,2,0,28,1,1,pre_allocation
12,2374,greenran_normal,0,0,65535_65535,2,62,1195034,19,1,1,1,3,19,28,1,1,allocated
12,2374,greenran_normal,0,0,65535_65535,2,61,1195034,12,1,1,0,2,0,28,1,1,pre_allocation
12,2374,greenran_normal,0,0,65535_65535,2,61,1195034,19,1,1,1,3,19,28,1,1,allocated
12,2374,greenran_normal,0,0,65535_65535,2,63,1195033,12,1,1,0,2,0,28,1,1,pre_allocation
12,2374,greenran_normal,0,0,65535_65535,2,63,1195033,19,1,1,1,3,19,28,1,1,allocated
12,2374,greenran_normal,0,0,65535_65535,2,35,1195029,12,1,1,0,2,0,28,1,1,pre_allocation
12,2374,greenran_normal,0,0,65535_65535,2,35,1195029,19,1,1,1,3,19,28,1,1,allocated
12,2374,greenran_normal,0,0,65535_65535,2,44,1195029,12,1,1,0,2,0,28,1,1,pre_allocation
12,2374,greenran_normal,0,0,65535_65535,2,44,1195029,19,1,1,1,3,19,28,1,1,allocated
12,2374,greenran_normal,0,0,65535_65535,2,55,1195029,12,1,1,0,2,0,28,1,1,pre_allocation
12,2374,greenran_normal,0,0,65535_65535,2,55,1195029,19,1,1,1,3,19,28,1,1,allocated
12,2374,greenran_normal,0,0,65535_65535,2,56,1195029,12,1,1,0,2,0,28,1,1,pre_allocation
12,2374,greenran_normal,0,0,65535_65535,2,56,1195029,19,1,1,1,3,19,28,1,1,allocated
12,2374,greenran_normal,0,0,65535_65535,2,38,1195718,0,1,1,0,3,0,2,1,1,pre_allocation
12,2374,greenran_normal,0,0,65535_65535,2,38,1195718,1,1,1,1,4,1,2,1,1,allocated
12,2374,greenran_normal,0,0,65535_65535,2,60,1195545,3,1,1,0,3,0,12,1,1,pre_allocation
12,2374,greenran_normal,0,0,65535_65535,2,60,1195545,5,1,1,1,4,5,12,1,1,allocated
12,2374,greenran_normal,0,0,65535_65535,2,64,1195506,6,1,1,0,3,0,16,1,1,pre_allocation
12,2374,greenran_normal,0,0,65535_65535,2,64,1195506,10,1,1,1,4,10,16,1,1,allocated
12,2374,greenran_normal,0,0,65535_65535,2,43,1195412,13,1,1,0,3,0,22,1,1,pre_allocation
12,2374,greenran_normal,0,0,65535_65535,2,43,1195412,18,1,1,1,4,18,22,1,1,allocated
12,2374,greenran_normal,0,0,65535_65535,2,42,1195201,10,1,1,0,3,0,20,1,1,pre_allocation
12,2374,greenran_normal,0,0,65535_65535,2,42,1195201,15,1,1,1,4,15,20,1,1,allocated
12,2374,greenran_normal,0,0,65535_65535,2,58,1195123,18,1,1,0,3,0,26,1,1,pre_allocation
12,2374,greenran_normal,0,0,65535_65535,2,58,1195123,25,1,1,1,4,25,26,1,1,allocated
12,2374,greenran_normal,0,0,65535_65535,2,36,1195092,15,1,1,0,3,0,24,1,1,pre_allocation
12,2374,greenran_normal,0,0,65535_65535,2,36,1195092,21,1,1,1,4,21,24,1,1,allocated
12,2374,greenran_normal,0,0,65535_65535,2,59,1195087,19,1,1,0,3,0,28,1,1,pre_allocation
12,2374,greenran_normal,0,0,65535_65535,2,59,1195087,27,1,1,1,4,27,28,1,1,allocated
12,2374,greenran_normal,0,0,65535_65535,2,57,1195036,19,1,1,0,3,0,28,1,1,pre_allocation
12,2374,greenran_normal,0,0,65535_65535,2,57,1195036,27,1,1,1,4,27,28,1,1,allocated
12,2374,greenran_normal,0,0,65535_65535,2,37,1195038,19,1,1,0,3,0,28,1,1,pre_allocation
12,2374,greenran_normal,0,0,65535_65535,2,37,1195038,27,1,1,1,4,27,28,1,1,allocated
12,2374,greenran_normal,0,0,65535_65535,2,39,1195038,19,1,1,0,3,0,28,1,1,pre_allocation
12,2374,greenran_normal,0,0,65535_65535,2,39,1195038,27,1,1,1,4,27,28,1,1,allocated
12,2374,greenran_normal,0,0,65535_65535,2,40,1195038,19,1,1,0,3,0,28,1,1,pre_allocation
12,2374,greenran_normal,0,0,65535_65535,2,40,1195038,27,1,1,1,4,27,28,1,1,allocated
12,2374,greenran_normal,0,0,65535_65535,2,41,1195038,19,1,1,0,3,0,28,1,1,pre_allocation
12,2374,greenran_normal,0,0,65535_65535,2,41,1195038,27,1,1,1,4,27,28,1,1,allocated
12,2374,greenran_normal,0,0,65535_65535,2,62,1195034,19,1,1,0,3,0,28,1,1,pre_allocation
12,2374,greenran_normal,0,0,65535_65535,2,62,1195034,27,1,1,1,4,27,28,1,1,allocated
12,2374,greenran_normal,0,0,65535_65535,2,61,1195034,19,1,1,0,3,0,28,1,1,pre_allocation
12,2374,greenran_normal,0,0,65535_65535,2,61,1195034,27,1,1,1,4,27,28,1,1,allocated
12,2374,greenran_normal,0,0,65535_65535,2,63,1195033,19,1,1,0,3,0,28,1,1,pre_allocation
12,2374,greenran_normal,0,0,65535_65535,2,63,1195033,27,1,1,1,4,27,28,1,1,allocated
12,2374,greenran_normal,0,0,65535_65535,2,35,1195029,19,1,1,0,3,0,28,1,1,pre_allocation
12,2374,greenran_normal,0,0,65535_65535,2,35,1195029,27,1,1,1,4,27,28,1,1,allocated
12,2374,greenran_normal,0,0,65535_65535,2,44,1195029,19,1,1,0,3,0,28,1,1,pre_allocation
12,2374,greenran_normal,0,0,65535_65535,2,44,1195029,27,1,1,1,4,27,28,1,1,allocated
12,2374,greenran_normal,0,0,65535_65535,2,55,1195029,19,1,1,0,3,0,28,1,1,pre_allocation
12,2374,greenran_normal,0,0,65535_65535,2,55,1195029,27,1,1,1,4,27,28,1,1,allocated
12,2374,greenran_normal,0,0,65535_65535,2,56,1195029,19,1,1,0,3,0,28,1,1,pre_allocation
12,2374,greenran_normal,0,0,65535_65535,2,56,1195029,27,1,1,1,4,27,28,1,1,allocated
12,2374,greenran_normal,0,0,65535_65535,2,38,1195718,1,1,1,0,4,0,2,1,1,pre_allocation
12,2374,greenran_normal,0,0,65535_65535,2,38,1195718,1,1,1,1,5,1,2,1,1,allocated
12,2374,greenran_normal,0,0,65535_65535,2,60,1195545,5,1,1,0,4,0,12,1,1,pre_allocation
12,2374,greenran_normal,0,0,65535_65535,2,60,1195545,7,1,1,1,5,7,12,1,1,allocated
12,2374,greenran_normal,0,0,65535_65535,2,64,1195506,10,1,1,0,4,0,16,1,1,pre_allocation
12,2374,greenran_normal,0,0,65535_65535,2,64,1195506,13,1,1,1,5,13,16,1,1,allocated
12,2374,greenran_normal,0,0,65535_65535,2,43,1195412,18,1,1,0,4,0,22,1,1,pre_allocation
12,2374,greenran_normal,0,0,65535_65535,2,43,1195412,23,1,1,1,5,23,22,1,1,allocated
12,2374,greenran_normal,0,0,65535_65535,2,42,1195201,15,1,1,0,4,0,20,1,1,pre_allocation
12,2374,greenran_normal,0,0,65535_65535,2,42,1195201,19,1,1,1,5,19,20,1,1,allocated
12,2374,greenran_normal,0,0,65535_65535,2,58,1195123,25,1,1,0,4,0,26,1,1,pre_allocation
12,2374,greenran_normal,0,0,65535_65535,2,58,1195123,32,1,1,1,5,32,26,1,1,allocated
12,2374,greenran_normal,0,0,65535_65535,2,36,1195092,21,1,1,0,4,0,24,1,1,pre_allocation
12,2374,greenran_normal,0,0,65535_65535,2,36,1195092,27,1,1,1,5,27,24,1,1,allocated
12,2374,greenran_normal,0,0,65535_65535,2,59,1195087,27,1,1,0,4,0,28,1,1,pre_allocation
12,2374,greenran_normal,0,0,65535_65535,2,59,1195087,34,1,1,1,5,34,28,1,1,allocated
12,2374,greenran_normal,0,0,65535_65535,2,57,1195036,27,1,1,0,4,0,28,1,1,pre_allocation
12,2374,greenran_normal,0,0,65535_65535,2,57,1195036,34,1,1,1,5,34,28,1,1,allocated
12,2374,greenran_normal,0,0,65535_65535,2,37,1195038,27,1,1,0,4,0,28,1,1,pre_allocation
12,2374,greenran_normal,0,0,65535_65535,2,37,1195038,34,1,1,1,5,34,28,1,1,allocated
12,2374,greenran_normal,0,0,65535_65535,2,39,1195038,27,1,1,0,4,0,28,1,1,pre_allocation
12,2374,greenran_normal,0,0,65535_65535,2,39,1195038,34,1,1,1,5,34,28,1,1,allocated
12,2374,greenran_normal,0,0,65535_65535,2,40,1195038,27,1,1,0,4,0,28,1,1,pre_allocation
12,2374,greenran_normal,0,0,65535_65535,2,40,1195038,34,1,1,1,5,34,28,1,1,allocated
12,2374,greenran_normal,0,0,65535_65535,2,41,1195038,27,1,1,0,4,0,28,1,1,pre_allocation
12,2374,greenran_normal,0,0,65535_65535,2,41,1195038,34,1,1,1,5,34,28,1,1,allocated
12,2374,greenran_normal,0,0,65535_65535,2,62,1195034,27,1,1,0,4,0,28,1,1,pre_allocation
12,2374,greenran_normal,0,0,65535_65535,2,62,1195034,34,1,1,1,5,34,28,1,1,allocated
12,2374,greenran_normal,0,0,65535_65535,2,61,1195034,27,1,1,0,4,0,28,1,1,pre_allocation
12,2374,greenran_normal,0,0,65535_65535,2,61,1195034,34,1,1,1,5,34,28,1,1,allocated
12,2374,greenran_normal,0,0,65535_65535,2,63,1195033,27,1,1,0,4,0,28,1,1,pre_allocation
12,2374,greenran_normal,0,0,65535_65535,2,63,1195033,34,1,1,1,5,34,28,1,1,allocated
12,2374,greenran_normal,0,0,65535_65535,2,35,1195029,27,1,1,0,4,0,28,1,1,pre_allocation
12,2374,greenran_normal,0,0,65535_65535,2,35,1195029,34,1,1,1,5,34,28,1,1,allocated
12,2374,greenran_normal,0,0,65535_65535,2,44,1195029,27,1,1,0,4,0,28,1,1,pre_allocation
12,2374,greenran_normal,0,0,65535_65535,2,44,1195029,34,1,1,1,5,34,28,1,1,allocated
12,2374,greenran_normal,0,0,65535_65535,2,55,1195029,27,1,1,0,4,0,28,1,1,pre_allocation
12,2374,greenran_normal,0,0,65535_65535,2,55,1195029,34,1,1,1,5,34,28,1,1,allocated
12,2374,greenran_normal,0,0,65535_65535,2,56,1195029,27,1,1,0,4,0,28,1,1,pre_allocation
12,2374,greenran_normal,0,0,65535_65535,2,56,1195029,34,1,1,1,5,34,28,1,1,allocated
12,2374,greenran_normal,0,0,65535_65535,2,38,1195718,1,1,1,0,5,0,2,1,1,pre_allocation
12,2374,greenran_normal,0,0,65535_65535,2,38,1195718,1,1,1,1,6,1,2,1,1,allocated
12,2374,greenran_normal,0,0,65535_65535,2,60,1195545,7,1,1,0,5,0,12,1,1,pre_allocation
12,2374,greenran_normal,0,0,65535_65535,2,60,1195545,9,1,1,1,6,9,12,1,1,allocated
12,2374,greenran_normal,0,0,65535_65535,2,64,1195506,13,1,1,0,5,0,16,1,1,pre_allocation
12,2374,greenran_normal,0,0,65535_65535,2,64,1195506,16,1,1,1,6,16,16,1,1,allocated
12,2374,greenran_normal,0,0,65535_65535,2,43,1195412,23,1,1,0,5,0,22,1,1,pre_allocation
12,2374,greenran_normal,0,0,65535_65535,2,43,1195412,29,1,1,1,6,29,22,1,1,allocated
12,2374,greenran_normal,0,0,65535_65535,2,42,1195201,19,1,1,0,5,0,20,1,1,pre_allocation
12,2374,greenran_normal,0,0,65535_65535,2,42,1195201,24,1,1,1,6,24,20,1,1,allocated
12,2374,greenran_normal,0,0,65535_65535,2,58,1195123,32,1,1,0,5,0,26,1,1,pre_allocation
12,2374,greenran_normal,0,0,65535_65535,2,58,1195123,39,1,1,1,6,39,26,1,1,allocated
12,2374,greenran_normal,0,0,65535_65535,2,36,1195092,27,1,1,0,5,0,24,1,1,pre_allocation
12,2374,greenran_normal,0,0,65535_65535,2,36,1195092,34,1,1,1,6,34,24,1,1,allocated
12,2374,greenran_normal,0,0,65535_65535,2,59,1195087,34,1,1,0,5,0,28,1,1,pre_allocation
12,2374,greenran_normal,0,0,65535_65535,2,59,1195087,42,1,1,1,6,42,28,1,1,allocated
12,2374,greenran_normal,0,0,65535_65535,2,57,1195036,34,1,1,0,5,0,28,1,1,pre_allocation
12,2374,greenran_normal,0,0,65535_65535,2,57,1195036,42,1,1,1,6,42,28,1,1,allocated
12,2374,greenran_normal,0,0,65535_65535,2,37,1195038,34,1,1,0,5,0,28,1,1,pre_allocation
12,2374,greenran_normal,0,0,65535_65535,2,37,1195038,42,1,1,1,6,42,28,1,1,allocated
12,2374,greenran_normal,0,0,65535_65535,2,39,1195038,34,1,1,0,5,0,28,1,1,pre_allocation
12,2374,greenran_normal,0,0,65535_65535,2,39,1195038,42,1,1,1,6,42,28,1,1,allocated
12,2374,greenran_normal,0,0,65535_65535,2,40,1195038,34,1,1,0,5,0,28,1,1,pre_allocation
12,2374,greenran_normal,0,0,65535_65535,2,40,1195038,42,1,1,1,6,42,28,1,1,allocated
12,2374,greenran_normal,0,0,65535_65535,2,41,1195038,34,1,1,0,5,0,28,1,1,pre_allocation
12,2374,greenran_normal,0,0,65535_65535,2,41,1195038,42,1,1,1,6,42,28,1,1,allocated
12,2374,greenran_normal,0,0,65535_65535,2,62,1195034,34,1,1,0,5,0,28,1,1,pre_allocation
12,2374,greenran_normal,0,0,65535_65535,2,62,1195034,42,1,1,1,6,42,28,1,1,allocated
12,2374,greenran_normal,0,0,65535_65535,2,61,1195034,34,1,1,0,5,0,28,1,1,pre_allocation
12,2374,greenran_normal,0,0,65535_65535,2,61,1195034,42,1,1,1,6,42,28,1,1,allocated
12,2374,greenran_normal,0,0,65535_65535,2,63,1195033,34,1,1,0,5,0,28,1,1,pre_allocation
12,2374,greenran_normal,0,0,65535_65535,2,63,1195033,42,1,1,1,6,42,28,1,1,allocated
12,2374,greenran_normal,0,0,65535_65535,2,35,1195029,34,1,1,0,5,0,28,1,1,pre_allocation
12,2374,greenran_normal,0,0,65535_65535,2,35,1195029,42,1,1,1,6,42,28,1,1,allocated
12,2374,greenran_normal,0,0,65535_65535,2,44,1195029,34,1,1,0,5,0,28,1,1,pre_allocation
12,2374,greenran_normal,0,0,65535_65535,2,44,1195029,42,1,1,1,6,42,28,1,1,allocated
12,2374,greenran_normal,0,0,65535_65535,2,55,1195029,34,1,1,0,5,0,28,1,1,pre_allocation
12,2374,greenran_normal,0,0,65535_65535,2,55,1195029,42,1,1,1,6,42,28,1,1,allocated
12,2374,greenran_normal,0,0,65535_65535,2,56,1195029,34,1,1,0,5,0,28,1,1,pre_allocation
12,2374,greenran_normal,0,0,65535_65535,2,56,1195029,42,1,1,1,6,42,28,1,1,allocated
12,2374,greenran_normal,0,0,65535_65535,2,38,1195718,1,1,1,0,6,0,2,1,1,pre_allocation
12,2374,greenran_normal,0,0,65535_65535,2,38,1195718,2,1,1,1,7,2,2,1,1,allocated
12,2374,greenran_normal,0,0,65535_65535,2,60,1195545,9,1,1,0,6,0,12,1,1,pre_allocation
12,2374,greenran_normal,0,0,65535_65535,2,60,1195545,11,1,1,1,7,11,12,1,1,allocated
12,2374,greenran_normal,0,0,65535_65535,2,64,1195506,16,1,1,0,6,0,16,1,1,pre_allocation
12,2374,greenran_normal,0,0,65535_65535,2,64,1195506,20,1,1,1,7,20,16,1,1,allocated
12,2374,greenran_normal,0,0,65535_65535,2,43,1195412,29,1,1,0,6,0,22,1,1,pre_allocation
12,2374,greenran_normal,0,0,65535_65535,2,43,1195412,34,1,1,1,7,34,22,1,1,allocated
12,2374,greenran_normal,0,0,65535_65535,2,42,1195201,24,1,1,0,6,0,20,1,1,pre_allocation
12,2374,greenran_normal,0,0,65535_65535,2,42,1195201,28,1,1,1,7,28,20,1,1,allocated
12,2374,greenran_normal,0,0,65535_65535,2,58,1195123,39,1,1,0,6,0,26,1,1,pre_allocation
12,2374,greenran_normal,0,0,65535_65535,2,58,1195123,46,1,1,1,7,46,26,1,1,allocated
12,2374,greenran_normal,0,0,65535_65535,2,36,1195092,34,1,1,0,6,0,24,1,1,pre_allocation
12,2374,greenran_normal,0,0,65535_65535,2,36,1195092,40,1,1,1,7,40,24,1,1,allocated
12,2374,greenran_normal,0,0,65535_65535,2,59,1195087,42,1,1,0,6,0,28,1,1,pre_allocation
12,2374,greenran_normal,0,0,65535_65535,2,59,1195087,50,1,1,1,7,50,28,1,1,allocated
12,2374,greenran_normal,0,0,65535_65535,2,57,1195036,42,1,1,0,6,0,28,1,1,pre_allocation
12,2374,greenran_normal,0,0,65535_65535,2,57,1195036,50,1,1,1,7,50,28,1,1,allocated
12,2374,greenran_normal,0,0,65535_65535,2,37,1195038,42,1,1,0,6,0,28,1,1,pre_allocation
12,2374,greenran_normal,0,0,65535_65535,2,37,1195038,50,1,1,1,7,50,28,1,1,allocated
12,2374,greenran_normal,0,0,65535_65535,2,39,1195038,42,1,1,0,6,0,28,1,1,pre_allocation
12,2374,greenran_normal,0,0,65535_65535,2,39,1195038,50,1,1,1,7,50,28,1,1,allocated
12,2374,greenran_normal,0,0,65535_65535,2,40,1195038,42,1,1,0,6,0,28,1,1,pre_allocation
12,2374,greenran_normal,0,0,65535_65535,2,40,1195038,50,1,1,1,7,50,28,1,1,allocated
12,2374,greenran_normal,0,0,65535_65535,2,41,1195038,42,1,1,0,6,0,28,1,1,pre_allocation
12,2374,greenran_normal,0,0,65535_65535,2,41,1195038,50,1,1,1,7,50,28,1,1,allocated
12,2374,greenran_normal,0,0,65535_65535,2,62,1195034,42,1,1,0,6,0,28,1,1,pre_allocation
12,2374,greenran_normal,0,0,65535_65535,2,62,1195034,50,1,1,1,7,50,28,1,1,allocated
12,2374,greenran_normal,0,0,65535_65535,2,61,1195034,42,1,1,0,6,0,28,1,1,pre_allocation
12,2374,greenran_normal,0,0,65535_65535,2,61,1195034,50,1,1,1,7,50,28,1,1,allocated
12,2374,greenran_normal,0,0,65535_65535,2,63,1195033,42,1,1,0,6,0,28,1,1,pre_allocation
12,2374,greenran_normal,0,0,65535_65535,2,63,1195033,50,1,1,1,7,50,28,1,1,allocated
12,2374,greenran_normal,0,0,65535_65535,2,35,1195029,42,1,1,0,6,0,28,1,1,pre_allocation
12,2374,greenran_normal,0,0,65535_65535,2,35,1195029,50,1,1,1,7,50,28,1,1,allocated
12,2374,greenran_normal,0,0,65535_65535,2,44,1195029,42,1,1,0,6,0,28,1,1,pre_allocation
12,2374,greenran_normal,0,0,65535_65535,2,44,1195029,50,1,1,1,7,50,28,1,1,allocated
12,2374,greenran_normal,0,0,65535_65535,2,55,1195029,42,1,1,0,6,0,28,1,1,pre_allocation
12,2374,greenran_normal,0,0,65535_65535,2,55,1195029,50,1,1,1,7,50,28,1,1,allocated
12,2374,greenran_normal,0,0,65535_65535,2,56,1195029,42,1,1,0,6,0,28,1,1,pre_allocation
12,2374,greenran_normal,0,0,65535_65535,2,56,1195029,50,1,1,1,7,50,28,1,1,allocated
12,2374,greenran_normal,0,0,65535_65535,2,38,1195718,2,1,1,0,7,0,2,1,1,pre_allocation
12,2374,greenran_normal,0,0,65535_65535,2,38,1195718,2,1,1,1,8,2,2,1,1,allocated
12,2374,greenran_normal,0,0,65535_65535,2,60,1195545,11,1,1,0,7,0,12,1,1,pre_allocation
12,2374,greenran_normal,0,0,65535_65535,2,60,1195545,13,1,1,1,8,13,12,1,1,allocated
12,2374,greenran_normal,0,0,65535_65535,2,64,1195506,20,1,1,0,7,0,16,1,1,pre_allocation
12,2374,greenran_normal,0,0,65535_65535,2,64,1195506,23,1,1,1,8,23,16,1,1,allocated
12,2374,greenran_normal,0,0,65535_65535,2,43,1195412,34,1,1,0,7,0,22,1,1,pre_allocation
12,2374,greenran_normal,0,0,65535_65535,2,43,1195412,39,1,1,1,8,39,22,1,1,allocated
12,2374,greenran_normal,0,0,65535_65535,2,42,1195201,28,1,1,0,7,0,20,1,1,pre_allocation
12,2374,greenran_normal,0,0,65535_65535,2,42,1195201,33,1,1,1,8,33,20,1,1,allocated
12,2374,greenran_normal,0,0,65535_65535,2,58,1195123,46,1,1,0,7,0,26,1,1,pre_allocation
12,2374,greenran_normal,0,0,65535_65535,2,58,1195123,53,1,1,1,8,53,26,1,1,allocated
12,2374,greenran_normal,0,0,65535_65535,2,36,1195092,40,1,1,0,7,0,24,1,1,pre_allocation
12,2374,greenran_normal,0,0,65535_65535,2,36,1195092,46,1,1,1,8,46,24,1,1,allocated
12,2374,greenran_normal,0,0,65535_65535,2,59,1195087,50,1,1,0,7,0,28,1,1,pre_allocation
12,2374,greenran_normal,0,0,65535_65535,2,59,1195087,57,1,1,1,8,57,28,1,1,allocated
12,2374,greenran_normal,0,0,65535_65535,2,57,1195036,50,1,1,0,7,0,28,1,1,pre_allocation
12,2374,greenran_normal,0,0,65535_65535,2,57,1195036,57,1,1,1,8,57,28,1,1,allocated
12,2374,greenran_normal,0,0,65535_65535,2,37,1195038,50,1,1,0,7,0,28,1,1,pre_allocation
12,2374,greenran_normal,0,0,65535_65535,2,37,1195038,57,1,1,1,8,57,28,1,1,allocated
12,2374,greenran_normal,0,0,65535_65535,2,39,1195038,50,1,1,0,7,0,28,1,1,pre_allocation
12,2374,greenran_normal,0,0,65535_65535,2,39,1195038,57,1,1,1,8,57,28,1,1,allocated
12,2374,greenran_normal,0,0,65535_65535,2,40,1195038,50,1,1,0,7,0,28,1,1,pre_allocation
12,2374,greenran_normal,0,0,65535_65535,2,40,1195038,57,1,1,1,8,57,28,1,1,allocated
12,2374,greenran_normal,0,0,65535_65535,2,41,1195038,50,1,1,0,7,0,28,1,1,pre_allocation
12,2374,greenran_normal,0,0,65535_65535,2,41,1195038,57,1,1,1,8,57,28,1,1,allocated
12,2374,greenran_normal,0,0,65535_65535,2,62,1195034,50,1,1,0,7,0,28,1,1,pre_allocation
12,2374,greenran_normal,0,0,65535_65535,2,62,1195034,57,1,1,1,8,57,28,1,1,allocated
12,2374,greenran_normal,0,0,65535_65535,2,61,1195034,50,1,1,0,7,0,28,1,1,pre_allocation
12,2374,greenran_normal,0,0,65535_65535,2,61,1195034,57,1,1,1,8,57,28,1,1,allocated
12,2374,greenran_normal,0,0,65535_65535,2,63,1195033,50,1,1,0,7,0,28,1,1,pre_allocation
12,2374,greenran_normal,0,0,65535_65535,2,63,1195033,57,1,1,1,8,57,28,1,1,allocated
12,2374,greenran_normal,0,0,65535_65535,2,35,1195029,50,1,1,0,7,0,28,1,1,pre_allocation
12,2374,greenran_normal,0,0,65535_65535,2,35,1195029,57,1,1,1,8,57,28,1,1,allocated
12,2374,greenran_normal,0,0,65535_65535,2,44,1195029,50,1,1,0,7,0,28,1,1,pre_allocation
12,2374,greenran_normal,0,0,65535_65535,2,44,1195029,57,1,1,1,8,57,28,1,1,allocated
12,2374,greenran_normal,0,0,65535_65535,2,55,1195029,50,1,1,0,7,0,28,1,1,pre_allocation
12,2374,greenran_normal,0,0,65535_65535,2,55,1195029,57,1,1,1,8,57,28,1,1,allocated
12,2374,greenran_normal,0,0,65535_65535,2,56,1195029,50,1,1,0,7,0,28,1,1,pre_allocation
12,2374,greenran_normal,0,0,65535_65535,2,56,1195029,57,1,1,1,8,57,28,1,1,allocated
12,2374,greenran_normal,0,0,65535_65535,2,38,1195718,2,1,1,0,8,0,2,1,1,pre_allocation
12,2374,greenran_normal,0,0,65535_65535,2,38,1195718,2,1,1,1,9,2,2,1,1,allocated
12,2374,greenran_normal,0,0,65535_65535,2,60,1195545,13,1,1,0,8,0,12,1,1,pre_allocation
12,2374,greenran_normal,0,0,65535_65535,2,60,1195545,15,1,1,1,9,15,12,1,1,allocated
12,2374,greenran_normal,0,0,65535_65535,2,64,1195506,23,1,1,0,8,0,16,1,1,pre_allocation
12,2374,greenran_normal,0,0,65535_65535,2,64,1195506,26,1,1,1,9,26,16,1,1,allocated
12,2374,greenran_normal,0,0,65535_65535,2,43,1195412,39,1,1,0,8,0,22,1,1,pre_allocation
12,2374,greenran_normal,0,0,65535_65535,2,43,1195412,45,1,1,1,9,45,22,1,1,allocated
12,2374,greenran_normal,0,0,65535_65535,2,42,1195201,33,1,1,0,8,0,20,1,1,pre_allocation
12,2374,greenran_normal,0,0,65535_65535,2,42,1195201,37,1,1,1,9,37,20,1,1,allocated
12,2374,greenran_normal,0,0,65535_65535,2,58,1195123,53,1,1,0,8,0,26,1,1,pre_allocation
12,2374,greenran_normal,0,0,65535_65535,2,58,1195123,60,1,1,1,9,60,26,1,1,allocated
12,2374,greenran_normal,0,0,65535_65535,2,36,1195092,46,1,1,0,8,0,24,1,1,pre_allocation
12,2374,greenran_normal,0,0,65535_65535,2,36,1195092,52,1,1,1,9,52,24,1,1,allocated
12,2374,greenran_normal,0,0,65535_65535,2,59,1195087,57,1,1,0,8,0,28,1,1,pre_allocation
12,2374,greenran_normal,0,0,65535_65535,2,59,1195087,65,1,1,1,9,65,28,1,1,allocated
14,2727,greenran_normal,0,0,65535_65535,0,4,45862,0,1,1,0,0,0,22,1,1,pre_allocation
14,2727,greenran_normal,0,0,65535_65535,0,4,45862,2,1,1,1,1,2,22,1,1,allocated
14,2727,greenran_normal,0,0,65535_65535,0,1,45544,0,1,1,0,0,0,28,1,1,pre_allocation
14,2727,greenran_normal,0,0,65535_65535,0,1,45544,4,1,1,1,1,4,28,1,1,allocated
14,2727,greenran_normal,0,0,65535_65535,0,2,45541,0,1,1,0,0,0,28,1,1,pre_allocation
14,2727,greenran_normal,0,0,65535_65535,0,2,45541,4,1,1,1,1,4,28,1,1,allocated
14,2727,greenran_normal,0,0,65535_65535,0,3,45535,0,1,1,0,0,0,28,1,1,pre_allocation
14,2727,greenran_normal,0,0,65535_65535,0,3,45535,4,1,1,1,1,4,28,1,1,allocated
14,2727,greenran_normal,0,0,65535_65535,0,5,45533,0,1,1,0,0,0,28,1,1,pre_allocation
14,2727,greenran_normal,0,0,65535_65535,0,5,45533,4,1,1,1,1,4,28,1,1,allocated
14,2727,greenran_normal,0,0,65535_65535,0,4,45862,2,1,1,0,1,0,22,1,1,pre_allocation
14,2727,greenran_normal,0,0,65535_65535,0,4,45862,7,1,1,1,2,7,22,1,1,allocated
14,2727,greenran_normal,0,0,65535_65535,0,1,45544,4,1,1,0,1,0,28,1,1,pre_allocation
14,2727,greenran_normal,0,0,65535_65535,0,1,45544,12,1,1,1,2,12,28,1,1,allocated
14,2727,greenran_normal,0,0,65535_65535,0,2,45541,4,1,1,0,1,0,28,1,1,pre_allocation
14,2727,greenran_normal,0,0,65535_65535,0,2,45541,12,1,1,1,2,12,28,1,1,allocated
14,2727,greenran_normal,0,0,65535_65535,0,3,45535,4,1,1,0,1,0,28,1,1,pre_allocation
14,2727,greenran_normal,0,0,65535_65535,0,3,45535,12,1,1,1,2,12,28,1,1,allocated
14,2727,greenran_normal,0,0,65535_65535,0,5,45533,4,1,1,0,1,0,28,1,1,pre_allocation
14,2727,greenran_normal,0,0,65535_65535,0,5,45533,12,1,1,1,2,12,28,1,1,allocated
14,2727,greenran_normal,0,0,65535_65535,0,4,45862,7,1,1,0,2,0,22,1,1,pre_allocation
14,2727,greenran_normal,0,0,65535_65535,0,4,45862,13,1,1,1,3,13,22,1,1,allocated
14,2727,greenran_normal,0,0,65535_65535,0,1,45544,12,1,1,0,2,0,28,1,1,pre_allocation
14,2727,greenran_normal,0,0,65535_65535,0,1,45544,19,1,1,1,3,19,28,1,1,allocated
14,2727,greenran_normal,0,0,65535_65535,0,2,45541,12,1,1,0,2,0,28,1,1,pre_allocation
14,2727,greenran_normal,0,0,65535_65535,0,2,45541,19,1,1,1,3,19,28,1,1,allocated
14,2727,greenran_normal,0,0,65535_65535,0,3,45535,12,1,1,0,2,0,28,1,1,pre_allocation
14,2727,greenran_normal,0,0,65535_65535,0,3,45535,19,1,1,1,3,19,28,1,1,allocated
14,2727,greenran_normal,0,0,65535_65535,0,5,45533,12,1,1,0,2,0,28,1,1,pre_allocation
14,2727,greenran_normal,0,0,65535_65535,0,5,45533,19,1,1,1,3,19,28,1,1,allocated
14,2727,greenran_normal,0,0,65535_65535,0,4,45862,13,1,1,0,3,0,22,1,1,pre_allocation
14,2727,greenran_normal,0,0,65535_65535,0,4,45862,18,1,1,1,4,18,22,1,1,allocated
14,2727,greenran_normal,0,0,65535_65535,0,1,45544,19,1,1,0,3,0,28,1,1,pre_allocation
14,2727,greenran_normal,0,0,65535_65535,0,1,45544,27,1,1,1,4,27,28,1,1,allocated
14,2727,greenran_normal,0,0,65535_65535,0,2,45541,19,1,1,0,3,0,28,1,1,pre_allocation
14,2727,greenran_normal,0,0,65535_65535,0,2,45541,27,1,1,1,4,27,28,1,1,allocated
14,2727,greenran_normal,0,0,65535_65535,0,3,45535,19,1,1,0,3,0,28,1,1,pre_allocation
14,2727,greenran_normal,0,0,65535_65535,0,3,45535,27,1,1,1,4,27,28,1,1,allocated
14,2727,greenran_normal,0,0,65535_65535,0,5,45533,19,1,1,0,3,0,28,1,1,pre_allocation
14,2727,greenran_normal,0,0,65535_65535,0,5,45533,27,1,1,1,4,27,28,1,1,allocated
14,2727,greenran_normal,0,0,65535_65535,0,4,45862,18,1,1,0,4,0,22,1,1,pre_allocation
14,2727,greenran_normal,0,0,65535_65535,0,4,45862,23,1,1,1,5,23,22,1,1,allocated
14,2727,greenran_normal,0,0,65535_65535,0,1,45544,27,1,1,0,4,0,28,1,1,pre_allocation
14,2727,greenran_normal,0,0,65535_65535,0,1,45544,34,1,1,1,5,34,28,1,1,allocated
14,2727,greenran_normal,0,0,65535_65535,0,2,45541,27,1,1,0,4,0,28,1,1,pre_allocation
14,2727,greenran_normal,0,0,65535_65535,0,2,45541,34,1,1,1,5,34,28,1,1,allocated
14,2727,greenran_normal,0,0,65535_65535,0,3,45535,27,1,1,0,4,0,28,1,1,pre_allocation
14,2727,greenran_normal,0,0,65535_65535,0,3,45535,34,1,1,1,5,34,28,1,1,allocated
14,2727,greenran_normal,0,0,65535_65535,0,5,45533,27,1,1,0,4,0,28,1,1,pre_allocation
14,2727,greenran_normal,0,0,65535_65535,0,5,45533,34,1,1,1,5,34,28,1,1,allocated
14,2727,greenran_normal,0,0,65535_65535,0,4,45862,23,1,1,0,5,0,22,1,1,pre_allocation
14,2727,greenran_normal,0,0,65535_65535,0,4,45862,29,1,1,1,6,29,22,1,1,allocated
14,2727,greenran_normal,0,0,65535_65535,0,1,45544,34,1,1,0,5,0,28,1,1,pre_allocation
14,2727,greenran_normal,0,0,65535_65535,0,1,45544,42,1,1,1,6,42,28,1,1,allocated
14,2727,greenran_normal,0,0,65535_65535,0,2,45541,34,1,1,0,5,0,28,1,1,pre_allocation
14,2727,greenran_normal,0,0,65535_65535,0,2,45541,42,1,1,1,6,42,28,1,1,allocated
14,2727,greenran_normal,0,0,65535_65535,0,3,45535,34,1,1,0,5,0,28,1,1,pre_allocation
14,2727,greenran_normal,0,0,65535_65535,0,3,45535,42,1,1,1,6,42,28,1,1,allocated
14,2727,greenran_normal,0,0,65535_65535,0,5,45533,34,1,1,0,5,0,28,1,1,pre_allocation
14,2727,greenran_normal,0,0,65535_65535,0,5,45533,42,1,1,1,6,42,28,1,1,allocated
14,2727,greenran_normal,0,0,65535_65535,0,4,45862,29,1,1,0,6,0,22,1,1,pre_allocation
14,2727,greenran_normal,0,0,65535_65535,0,4,45862,34,1,1,1,7,34,22,1,1,allocated
14,2727,greenran_normal,0,0,65535_65535,0,1,45544,42,1,1,0,6,0,28,1,1,pre_allocation
14,2727,greenran_normal,0,0,65535_65535,0,1,45544,50,1,1,1,7,50,28,1,1,allocated
14,2727,greenran_normal,0,0,65535_65535,0,2,45541,42,1,1,0,6,0,28,1,1,pre_allocation
14,2727,greenran_normal,0,0,65535_65535,0,2,45541,50,1,1,1,7,50,28,1,1,allocated
14,2727,greenran_normal,0,0,65535_65535,0,3,45535,42,1,1,0,6,0,28,1,1,pre_allocation
14,2727,greenran_normal,0,0,65535_65535,0,3,45535,50,1,1,1,7,50,28,1,1,allocated
14,2727,greenran_normal,0,0,65535_65535,0,5,45533,42,1,1,0,6,0,28,1,1,pre_allocation
14,2727,greenran_normal,0,0,65535_65535,0,5,45533,50,1,1,1,7,50,28,1,1,allocated
14,2727,greenran_normal,0,0,65535_65535,0,4,45862,34,1,1,0,7,0,22,1,1,pre_allocation
14,2727,greenran_normal,0,0,65535_65535,0,4,45862,39,1,1,1,8,39,22,1,1,allocated
14,2727,greenran_normal,0,0,65535_65535,0,1,45544,50,1,1,0,7,0,28,1,1,pre_allocation
14,2727,greenran_normal,0,0,65535_65535,0,1,45544,57,1,1,1,8,57,28,1,1,allocated
14,2727,greenran_normal,0,0,65535_65535,0,2,45541,50,1,1,0,7,0,28,1,1,pre_allocation
14,2727,greenran_normal,0,0,65535_65535,0,2,45541,57,1,1,1,8,57,28,1,1,allocated
14,2727,greenran_normal,0,0,65535_65535,0,3,45535,50,1,1,0,7,0,28,1,1,pre_allocation
14,2727,greenran_normal,0,0,65535_65535,0,3,45535,57,1,1,1,8,57,28,1,1,allocated
14,2727,greenran_normal,0,0,65535_65535,0,5,45533,50,1,1,0,7,0,28,1,1,pre_allocation
14,2727,greenran_normal,0,0,65535_65535,0,5,45533,57,1,1,1,8,57,28,1,1,allocated
14,2727,greenran_normal,0,0,65535_65535,0,4,45862,39,1,1,0,8,0,22,1,1,pre_allocation
14,2727,greenran_normal,0,0,65535_65535,0,4,45862,45,1,1,1,9,45,22,1,1,allocated
14,2727,greenran_normal,0,0,65535_65535,0,1,45544,57,1,1,0,8,0,28,1,1,pre_allocation
14,2727,greenran_normal,0,0,65535_65535,0,1,45544,65,1,1,1,9,65,28,1,1,allocated
14,2727,greenran_normal,0,0,65535_65535,0,2,45541,57,1,1,0,8,0,28,1,1,pre_allocation
14,2727,greenran_normal,0,0,65535_65535,0,2,45541,65,1,1,1,9,65,28,1,1,allocated
14,2727,greenran_normal,0,0,65535_65535,0,3,45535,57,1,1,0,8,0,28,1,1,pre_allocation
14,2727,greenran_normal,0,0,65535_65535,0,3,45535,65,1,1,1,9,65,28,1,1,allocated
14,2727,greenran_normal,0,0,65535_65535,0,5,45533,57,1,1,0,8,0,28,1,1,pre_allocation
14,2727,greenran_normal,0,0,65535_65535,0,5,45533,65,1,1,1,9,65,28,1,1,allocated
14,2727,greenran_normal,0,0,65535_65535,0,4,45862,45,1,1,0,9,0,22,1,1,pre_allocation
14,2727,greenran_normal,0,0,65535_65535,0,4,45862,50,1,1,1,10,50,22,1,1,allocated
14,2727,greenran_normal,0,0,65535_65535,0,1,45544,65,1,1,0,9,0,28,1,1,pre_allocation
14,2727,greenran_normal,0,0,65535_65535,0,1,45544,72,1,1,1,10,72,28,1,1,allocated
14,2727,greenran_normal,0,0,65535_65535,0,2,45541,65,1,1,0,9,0,28,1,1,pre_allocation
14,2727,greenran_normal,0,0,65535_65535,0,2,45541,72,1,1,1,10,72,28,1,1,allocated
14,2727,greenran_normal,0,0,65535_65535,0,3,45535,65,1,1,0,9,0,28,1,1,pre_allocation
14,2727,greenran_normal,0,0,65535_65535,0,3,45535,72,1,1,1,10,72,28,1,1,allocated
14,2727,greenran_normal,0,0,65535_65535,0,5,45533,65,1,1,0,9,0,28,1,1,pre_allocation
14,2727,greenran_normal,0,0,65535_65535,0,5,45533,72,1,1,1,10,72,28,1,1,allocated
14,2727,greenran_normal,0,0,65535_65535,0,4,45862,50,1,1,0,10,0,22,1,1,pre_allocation
14,2727,greenran_normal,0,0,65535_65535,0,4,45862,55,1,1,1,11,55,22,1,1,allocated
14,2727,greenran_normal,0,0,65535_65535,0,1,45544,72,1,1,0,10,0,28,1,1,pre_allocation
14,2727,greenran_normal,0,0,65535_65535,0,1,45544,80,1,1,1,11,80,28,1,1,allocated
14,2727,greenran_normal,0,0,65535_65535,0,2,45541,72,1,1,0,10,0,28,1,1,pre_allocation
14,2727,greenran_normal,0,0,65535_65535,0,2,45541,80,1,1,1,11,80,28,1,1,allocated
14,2727,greenran_normal,0,0,65535_65535,0,3,45535,72,1,1,0,10,0,28,1,1,pre_allocation
14,2727,greenran_normal,0,0,65535_65535,0,3,45535,80,1,1,1,11,80,28,1,1,allocated
14,2727,greenran_normal,0,0,65535_65535,0,5,45533,72,1,1,0,10,0,28,1,1,pre_allocation
14,2727,greenran_normal,0,0,65535_65535,0,5,45533,80,1,1,1,11,80,28,1,1,allocated
14,2727,greenran_normal,0,0,65535_65535,0,4,45862,55,1,1,0,11,0,22,1,1,pre_allocation
14,2727,greenran_normal,0,0,65535_65535,0,4,45862,61,1,1,1,12,61,22,1,1,allocated
14,2727,greenran_normal,0,0,65535_65535,0,1,45544,80,1,1,0,11,0,28,1,1,pre_allocation
14,2727,greenran_normal,0,0,65535_65535,0,1,45544,88,1,1,1,12,88,28,1,1,allocated
14,2727,greenran_normal,0,0,65535_65535,0,2,45541,80,1,1,0,11,0,28,1,1,pre_allocation
14,2727,greenran_normal,0,0,65535_65535,0,2,45541,88,1,1,1,12,88,28,1,1,allocated
14,2727,greenran_normal,0,0,65535_65535,0,3,45535,80,1,1,0,11,0,28,1,1,pre_allocation
14,2727,greenran_normal,0,0,65535_65535,0,3,45535,88,1,1,1,12,88,28,1,1,allocated
14,2727,greenran_normal,0,0,65535_65535,0,5,45533,80,1,1,0,11,0,28,1,1,pre_allocation
14,2727,greenran_normal,0,0,65535_65535,0,5,45533,88,1,1,1,12,88,28,1,1,allocated
14,2727,greenran_normal,0,0,65535_65535,0,4,45862,61,1,1,0,12,0,22,1,1,pre_allocation
14,2727,greenran_normal,0,0,65535_65535,0,4,45862,66,1,1,1,13,66,22,1,1,allocated
14,2727,greenran_normal,0,0,65535_65535,0,1,45544,88,1,1,0,12,0,28,1,1,pre_allocation
14,2727,greenran_normal,0,0,65535_65535,0,1,45544,95,1,1,1,13,95,28,1,1,allocated
14,2727,greenran_normal,0,0,65535_65535,0,2,45541,88,1,1,0,12,0,28,1,1,pre_allocation
14,2727,greenran_normal,0,0,65535_65535,0,2,45541,95,1,1,1,13,95,28,1,1,allocated
14,2727,greenran_normal,0,0,65535_65535,0,3,45535,88,1,1,0,12,0,28,1,1,pre_allocation
14,2727,greenran_normal,0,0,65535_65535,0,3,45535,95,1,1,1,13,95,28,1,1,allocated
14,2727,greenran_normal,0,0,65535_65535,0,5,45533,88,1,1,0,12,0,28,1,1,pre_allocation
14,2727,greenran_normal,0,0,65535_65535,0,5,45533,95,1,1,1,13,95,28,1,1,allocated
14,2727,greenran_normal,0,0,65535_65535,0,4,45862,66,1,1,0,13,0,22,1,1,pre_allocation
14,2727,greenran_normal,0,0,65535_65535,0,4,45862,72,1,1,1,14,72,22,1,1,allocated
14,2727,greenran_normal,0,0,65535_65535,0,1,45544,95,1,1,0,13,0,28,1,1,pre_allocation
14,2727,greenran_normal,0,0,65535_65535,0,1,45544,103,1,1,1,14,103,28,1,1,allocated
14,2727,greenran_normal,0,0,65535_65535,0,2,45541,95,1,1,0,13,0,28,1,1,pre_allocation
14,2727,greenran_normal,0,0,65535_65535,0,2,45541,103,1,1,1,14,103,28,1,1,allocated
14,2727,greenran_normal,0,0,65535_65535,0,3,45535,95,1,1,0,13,0,28,1,1,pre_allocation
14,2727,greenran_normal,0,0,65535_65535,0,3,45535,103,1,1,1,14,103,28,1,1,allocated
14,2727,greenran_normal,0,0,65535_65535,0,5,45533,95,1,1,0,13,0,28,1,1,pre_allocation
14,2727,greenran_normal,0,0,65535_65535,0,5,45533,103,1,1,1,14,103,28,1,1,allocated
14,2727,greenran_normal,0,0,65535_65535,0,4,45862,72,1,1,0,14,0,22,1,1,pre_allocation
14,2727,greenran_normal,0,0,65535_65535,0,4,45862,77,1,1,1,15,77,22,1,1,allocated
14,2727,greenran_normal,0,0,65535_65535,0,1,45544,103,1,1,0,14,0,28,1,1,pre_allocation
14,2727,greenran_normal,0,0,65535_65535,0,1,45544,110,1,1,1,15,110,28,1,1,allocated
14,2727,greenran_normal,0,0,65535_65535,0,2,45541,103,1,1,0,14,0,28,1,1,pre_allocation
14,2727,greenran_normal,0,0,65535_65535,0,2,45541,110,1,1,1,15,110,28,1,1,allocated
14,2727,greenran_normal,0,0,65535_65535,0,3,45535,103,1,1,0,14,0,28,1,1,pre_allocation
14,2727,greenran_normal,0,0,65535_65535,0,3,45535,110,1,1,1,15,110,28,1,1,allocated
14,2727,greenran_normal,0,0,65535_65535,0,5,45533,103,1,1,0,14,0,28,1,1,pre_allocation
14,2727,greenran_normal,0,0,65535_65535,0,5,45533,110,1,1,1,15,110,28,1,1,allocated
14,2727,greenran_normal,0,0,65535_65535,0,4,45862,77,1,1,0,15,0,22,1,1,pre_allocation
14,2727,greenran_normal,0,0,65535_65535,0,4,45862,82,1,1,1,16,82,22,1,1,allocated
14,2727,greenran_normal,0,0,65535_65535,0,1,45544,110,1,1,0,15,0,28,1,1,pre_allocation
14,2727,greenran_normal,0,0,65535_65535,0,1,45544,118,1,1,1,16,118,28,1,1,allocated
14,2727,greenran_normal,0,0,65535_65535,0,2,45541,110,1,1,0,15,0,28,1,1,pre_allocation
14,2727,greenran_normal,0,0,65535_65535,0,2,45541,118,1,1,1,16,118,28,1,1,allocated
14,2727,greenran_normal,0,0,65535_65535,0,3,45535,110,1,1,0,15,0,28,1,1,pre_allocation
14,2727,greenran_normal,0,0,65535_65535,0,3,45535,118,1,1,1,16,118,28,1,1,allocated
14,2727,greenran_normal,0,0,65535_65535,0,5,45533,110,1,1,0,15,0,28,1,1,pre_allocation
14,2727,greenran_normal,0,0,65535_65535,0,5,45533,118,1,1,1,16,118,28,1,1,allocated
14,2727,greenran_normal,0,0,65535_65535,0,4,45862,82,1,1,0,16,0,22,1,1,pre_allocation
14,2727,greenran_normal,0,0,65535_65535,0,4,45862,88,1,1,1,17,88,22,1,1,allocated
14,2727,greenran_normal,0,0,65535_65535,0,1,45544,118,1,1,0,16,0,28,1,1,pre_allocation
14,2727,greenran_normal,0,0,65535_65535,0,1,45544,126,1,1,1,17,126,28,1,1,allocated
14,2727,greenran_normal,0,0,65535_65535,0,2,45541,118,1,1,0,16,0,28,1,1,pre_allocation
14,2727,greenran_normal,0,0,65535_65535,0,2,45541,126,1,1,1,17,126,28,1,1,allocated
14,2727,greenran_normal,0,0,65535_65535,0,3,45535,118,1,1,0,16,0,28,1,1,pre_allocation
14,2727,greenran_normal,0,0,65535_65535,0,3,45535,126,1,1,1,17,126,28,1,1,allocated
14,2727,greenran_normal,0,0,65535_65535,0,5,45533,118,1,1,0,16,0,28,1,1,pre_allocation
14,2727,greenran_normal,0,0,65535_65535,0,5,45533,126,1,1,1,17,126,28,1,1,allocated
14,2727,greenran_normal,0,0,65535_65535,0,4,45862,88,1,1,0,17,0,22,1,1,pre_allocation
14,2727,greenran_normal,0,0,65535_65535,0,4,45862,93,1,1,1,18,93,22,1,1,allocated
14,2727,greenran_normal,0,0,65535_65535,0,1,45544,126,1,1,0,17,0,28,1,1,pre_allocation
14,2727,greenran_normal,0,0,65535_65535,0,1,45544,133,1,1,1,18,133,28,1,1,allocated
14,2727,greenran_normal,0,0,65535_65535,0,2,45541,126,1,1,0,17,0,28,1,1,pre_allocation
14,2727,greenran_normal,0,0,65535_65535,0,2,45541,133,1,1,1,18,133,28,1,1,allocated
14,2727,greenran_normal,0,0,65535_65535,0,3,45535,126,1,1,0,17,0,28,1,1,pre_allocation
14,2727,greenran_normal,0,0,65535_65535,0,3,45535,133,1,1,1,18,133,28,1,1,allocated
14,2727,greenran_normal,0,0,65535_65535,0,5,45533,126,1,1,0,17,0,28,1,1,pre_allocation
14,2727,greenran_normal,0,0,65535_65535,0,5,45533,133,1,1,1,18,133,28,1,1,allocated
14,2727,greenran_normal,0,0,65535_65535,0,4,45862,93,1,1,0,18,0,22,1,1,pre_allocation
14,2727,greenran_normal,0,0,65535_65535,0,4,45862,98,1,1,1,19,98,22,1,1,allocated
14,2727,greenran_normal,0,0,65535_65535,0,1,45544,133,1,1,0,18,0,28,1,1,pre_allocation
14,2727,greenran_normal,0,0,65535_65535,0,1,45544,141,1,1,1,19,141,28,1,1,allocated
14,2727,greenran_normal,0,0,65535_65535,0,2,45541,133,1,1,0,18,0,28,1,1,pre_allocation
14,2727,greenran_normal,0,0,65535_65535,0,2,45541,141,1,1,1,19,141,28,1,1,allocated
14,2727,greenran_normal,0,0,65535_65535,0,3,45535,133,1,1,0,18,0,28,1,1,pre_allocation
14,2727,greenran_normal,0,0,65535_65535,0,3,45535,141,1,1,1,19,141,28,1,1,allocated
14,2727,greenran_normal,0,0,65535_65535,0,5,45533,133,1,1,0,18,0,28,1,1,pre_allocation
14,2727,greenran_normal,0,0,65535_65535,0,5,45533,141,1,1,1,19,141,28,1,1,allocated
14,2727,greenran_normal,0,0,65535_65535,0,4,45862,98,1,1,0,19,0,22,1,1,pre_allocation
14,2727,greenran_normal,0,0,65535_65535,0,4,45862,104,1,1,1,20,104,22,1,1,allocated
14,2727,greenran_normal,0,0,65535_65535,0,1,45544,141,1,1,0,19,0,28,1,1,pre_allocation
14,2727,greenran_normal,0,0,65535_65535,0,1,45544,148,1,1,1,20,148,28,1,1,allocated
14,2727,greenran_normal,0,0,65535_65535,0,2,45541,141,1,1,0,19,0,28,1,1,pre_allocation
14,2727,greenran_normal,0,0,65535_65535,0,2,45541,148,1,1,1,20,148,28,1,1,allocated
14,2727,greenran_normal,0,0,65535_65535,0,3,45535,141,1,1,0,19,0,28,1,1,pre_allocation
14,2727,greenran_normal,0,0,65535_65535,0,3,45535,148,1,1,1,20,148,28,1,1,allocated
14,2727,greenran_normal,0,0,65535_65535,0,5,45533,141,1,1,0,19,0,28,1,1,pre_allocation
14,2727,greenran_normal,0,0,65535_65535,0,5,45533,148,1,1,1,20,148,28,1,1,allocated
14,2727,greenran_normal,0,0,65535_65535,0,4,45862,104,1,1,0,20,0,22,1,1,pre_allocation
14,2727,greenran_normal,0,0,65535_65535,0,4,45862,109,1,1,1,21,109,22,1,1,allocated
14,2727,greenran_normal,0,0,65535_65535,0,1,45544,148,1,1,0,20,0,28,1,1,pre_allocation
14,2727,greenran_normal,0,0,65535_65535,0,1,45544,156,1,1,1,21,156,28,1,1,allocated
14,2727,greenran_normal,0,0,65535_65535,0,2,45541,148,1,1,0,20,0,28,1,1,pre_allocation
14,2727,greenran_normal,0,0,65535_65535,0,2,45541,156,1,1,1,21,156,28,1,1,allocated
14,2727,greenran_normal,0,0,65535_65535,0,3,45535,148,1,1,0,20,0,28,1,1,pre_allocation
14,2727,greenran_normal,0,0,65535_65535,0,3,45535,156,1,1,1,21,156,28,1,1,allocated
14,2727,greenran_normal,0,0,65535_65535,0,5,45533,148,1,1,0,20,0,28,1,1,pre_allocation
14,2727,greenran_normal,0,0,65535_65535,0,5,45533,156,1,1,1,21,156,28,1,1,allocated
14,2727,greenran_normal,0,0,65535_65535,0,4,45862,109,1,1,0,21,0,22,1,1,pre_allocation
14,2727,greenran_normal,0,0,65535_65535,0,4,45862,114,1,1,1,22,114,22,1,1,allocated
14,2727,greenran_normal,0,0,65535_65535,0,1,45544,156,1,1,0,21,0,28,1,1,pre_allocation
14,2727,greenran_normal,0,0,65535_65535,0,1,45544,163,1,1,1,22,163,28,1,1,allocated
14,2727,greenran_normal,0,0,65535_65535,0,2,45541,156,1,1,0,21,0,28,1,1,pre_allocation
14,2727,greenran_normal,0,0,65535_65535,0,2,45541,163,1,1,1,22,163,28,1,1,allocated
14,2727,greenran_normal,0,0,65535_65535,0,3,45535,156,1,1,0,21,0,28,1,1,pre_allocation
14,2727,greenran_normal,0,0,65535_65535,0,3,45535,163,1,1,1,22,163,28,1,1,allocated
14,2727,greenran_normal,0,0,65535_65535,0,5,45533,156,1,1,0,21,0,28,1,1,pre_allocation
14,2727,greenran_normal,0,0,65535_65535,0,5,45533,163,1,1,1,22,163,28,1,1,allocated
14,2727,greenran_normal,0,0,65535_65535,0,4,45862,114,1,1,0,22,0,22,1,1,pre_allocation
14,2727,greenran_normal,0,0,65535_65535,0,4,45862,120,1,1,1,23,120,22,1,1,allocated
14,2727,greenran_normal,0,0,65535_65535,0,1,45544,163,1,1,0,22,0,28,1,1,pre_allocation
14,2727,greenran_normal,0,0,65535_65535,0,1,45544,171,1,1,1,23,171,28,1,1,allocated
14,2727,greenran_normal,0,0,65535_65535,0,2,45541,163,1,1,0,22,0,28,1,1,pre_allocation
14,2727,greenran_normal,0,0,65535_65535,0,2,45541,171,1,1,1,23,171,28,1,1,allocated
14,2727,greenran_normal,0,0,65535_65535,0,3,45535,163,1,1,0,22,0,28,1,1,pre_allocation
14,2727,greenran_normal,0,0,65535_65535,0,3,45535,171,1,1,1,23,171,28,1,1,allocated
14,2727,greenran_normal,0,0,65535_65535,0,5,45533,163,1,1,0,22,0,28,1,1,pre_allocation
14,2727,greenran_normal,0,0,65535_65535,0,5,45533,171,1,1,1,23,171,28,1,1,allocated
14,2727,greenran_normal,0,0,65535_65535,0,4,45862,120,1,1,0,23,0,22,1,1,pre_allocation
14,2727,greenran_normal,0,0,65535_65535,0,4,45862,125,1,1,1,24,125,22,1,1,allocated
14,2727,greenran_normal,0,0,65535_65535,0,1,45544,171,1,1,0,23,0,28,1,1,pre_allocation
14,2727,greenran_normal,0,0,65535_65535,0,1,45544,179,1,1,1,24,179,28,1,1,allocated
14,2727,greenran_normal,0,0,65535_65535,0,2,45541,171,1,1,0,23,0,28,1,1,pre_allocation
14,2727,greenran_normal,0,0,65535_65535,0,2,45541,179,1,1,1,24,179,28,1,1,allocated
14,2727,greenran_normal,0,0,65535_65535,0,3,45535,171,1,1,0,23,0,28,1,1,pre_allocation
14,2727,greenran_normal,0,0,65535_65535,0,3,45535,179,1,1,1,24,179,28,1,1,allocated
14,2727,greenran_normal,0,0,65535_65535,0,5,45533,171,1,1,0,23,0,28,1,1,pre_allocation
14,2727,greenran_normal,0,0,65535_65535,0,5,45533,179,1,1,1,24,179,28,1,1,allocated
14,2727,greenran_normal,0,0,65535_65535,0,4,45862,125,1,1,0,24,0,22,1,1,pre_allocation
14,2727,greenran_normal,0,0,65535_65535,0,4,45862,131,1,1,1,25,131,22,1,1,allocated
14,2727,greenran_normal,0,0,65535_65535,0,1,45544,179,1,1,0,24,0,28,1,1,pre_allocation
14,2727,greenran_normal,0,0,65535_65535,0,1,45544,186,1,1,1,25,186,28,1,1,allocated
14,2727,greenran_normal,0,0,65535_65535,0,2,45541,179,1,1,0,24,0,28,1,1,pre_allocation
14,2727,greenran_normal,0,0,65535_65535,0,2,45541,186,1,1,1,25,186,28,1,1,allocated
14,2727,greenran_normal,0,0,65535_65535,0,3,45535,179,1,1,0,24,0,28,1,1,pre_allocation
14,2727,greenran_normal,0,0,65535_65535,0,3,45535,186,1,1,1,25,186,28,1,1,allocated
14,2727,greenran_normal,0,0,65535_65535,0,5,45533,179,1,1,0,24,0,28,1,1,pre_allocation
14,2727,greenran_normal,0,0,65535_65535,0,5,45533,186,1,1,1,25,186,28,1,1,allocated
14,2727,greenran_normal,0,0,65535_65535,0,4,45862,131,1,1,0,25,0,22,1,1,pre_allocation
14,2727,greenran_normal,0,0,65535_65535,0,4,45862,136,1,1,1,26,136,22,1,1,allocated
14,2727,greenran_normal,0,0,65535_65535,0,1,45544,186,1,1,0,25,0,28,1,1,pre_allocation
14,2727,greenran_normal,0,0,65535_65535,0,1,45544,194,1,1,1,26,194,28,1,1,allocated
14,2727,greenran_normal,0,0,65535_65535,0,2,45541,186,1,1,0,25,0,28,1,1,pre_allocation
14,2727,greenran_normal,0,0,65535_65535,0,2,45541,194,1,1,1,26,194,28,1,1,allocated
14,2727,greenran_normal,0,0,65535_65535,0,3,45535,186,1,1,0,25,0,28,1,1,pre_allocation
14,2727,greenran_normal,0,0,65535_65535,0,3,45535,194,1,1,1,26,194,28,1,1,allocated
14,2727,greenran_normal,0,0,65535_65535,0,5,45533,186,1,1,0,25,0,28,1,1,pre_allocation
14,2727,greenran_normal,0,0,65535_65535,0,5,45533,194,1,1,1,26,194,28,1,1,allocated
14,2727,greenran_normal,0,0,65535_65535,0,4,45862,136,1,1,0,26,0,22,1,1,pre_allocation
14,2727,greenran_normal,0,0,65535_65535,0,4,45862,141,1,1,1,27,141,22,1,1,allocated
14,2727,greenran_normal,0,0,65535_65535,0,1,45544,194,1,1,0,26,0,28,1,1,pre_allocation
14,2727,greenran_normal,0,0,65535_65535,0,1,45544,201,1,1,1,27,201,28,1,1,allocated
14,2727,greenran_normal,0,0,65535_65535,0,2,45541,194,1,1,0,26,0,28,1,1,pre_allocation
14,2727,greenran_normal,0,0,65535_65535,0,2,45541,201,1,1,1,27,201,28,1,1,allocated
14,2727,greenran_normal,0,0,65535_65535,0,3,45535,194,1,1,0,26,0,28,1,1,pre_allocation
14,2727,greenran_normal,0,0,65535_65535,0,3,45535,201,1,1,1,27,201,28,1,1,allocated
14,2727,greenran_normal,0,0,65535_65535,0,5,45533,194,1,1,0,26,0,28,1,1,pre_allocation
14,2727,greenran_normal,0,0,65535_65535,0,5,45533,201,1,1,1,27,201,28,1,1,allocated
14,2727,greenran_normal,0,0,65535_65535,0,4,45862,141,1,1,0,27,0,22,1,1,pre_allocation
14,2727,greenran_normal,0,0,65535_65535,0,4,45862,147,1,1,1,28,147,22,1,1,allocated
14,2727,greenran_normal,0,0,65535_65535,0,1,45544,201,1,1,0,27,0,28,1,1,pre_allocation
14,2727,greenran_normal,0,0,65535_65535,0,1,45544,209,1,1,1,28,209,28,1,1,allocated
14,2727,greenran_normal,0,0,65535_65535,0,2,45541,201,1,1,0,27,0,28,1,1,pre_allocation
14,2727,greenran_normal,0,0,65535_65535,0,2,45541,209,1,1,1,28,209,28,1,1,allocated
14,2727,greenran_normal,0,0,65535_65535,0,3,45535,201,1,1,0,27,0,28,1,1,pre_allocation
14,2727,greenran_normal,0,0,65535_65535,0,3,45535,209,1,1,1,28,209,28,1,1,allocated
14,2727,greenran_normal,0,0,65535_65535,0,5,45533,201,1,1,0,27,0,28,1,1,pre_allocation
14,2727,greenran_normal,0,0,65535_65535,0,5,45533,209,1,1,1,28,209,28,1,1,allocated
14,2727,greenran_normal,0,0,65535_65535,0,4,45862,147,1,1,0,28,0,22,1,1,pre_allocation
14,2727,greenran_normal,0,0,65535_65535,0,4,45862,152,1,1,1,29,152,22,1,1,allocated
14,2727,greenran_normal,0,0,65535_65535,0,1,45544,209,1,1,0,28,0,28,1,1,pre_allocation
14,2727,greenran_normal,0,0,65535_65535,0,1,45544,217,1,1,1,29,217,28,1,1,allocated
14,2727,greenran_normal,0,0,65535_65535,0,2,45541,209,1,1,0,28,0,28,1,1,pre_allocation
14,2727,greenran_normal,0,0,65535_65535,0,2,45541,217,1,1,1,29,217,28,1,1,allocated
14,2727,greenran_normal,0,0,65535_65535,0,3,45535,209,1,1,0,28,0,28,1,1,pre_allocation
14,2727,greenran_normal,0,0,65535_65535,0,3,45535,217,1,1,1,29,217,28,1,1,allocated
14,2727,greenran_normal,0,0,65535_65535,0,5,45533,209,1,1,0,28,0,28,1,1,pre_allocation
14,2727,greenran_normal,0,0,65535_65535,0,5,45533,217,1,1,1,29,217,28,1,1,allocated
14,2727,greenran_normal,0,0,65535_65535,0,4,45862,152,1,1,0,29,0,22,1,1,pre_allocation
14,2727,greenran_normal,0,0,65535_65535,0,4,45862,157,1,1,1,30,157,22,1,1,allocated
14,2727,greenran_normal,0,0,65535_65535,0,1,45544,217,1,1,0,29,0,28,1,1,pre_allocation
14,2727,greenran_normal,0,0,65535_65535,0,1,45544,224,1,1,1,30,224,28,1,1,allocated
14,2727,greenran_normal,0,0,65535_65535,0,2,45541,217,1,1,0,29,0,28,1,1,pre_allocation
14,2727,greenran_normal,0,0,65535_65535,0,2,45541,224,1,1,1,30,224,28,1,1,allocated
14,2727,greenran_normal,0,0,65535_65535,0,3,45535,217,1,1,0,29,0,28,1,1,pre_allocation
14,2727,greenran_normal,0,0,65535_65535,0,3,45535,224,1,1,1,30,224,28,1,1,allocated
14,2727,greenran_normal,0,0,65535_65535,0,5,45533,217,1,1,0,29,0,28,1,1,pre_allocation
14,2727,greenran_normal,0,0,65535_65535,0,5,45533,224,1,1,1,30,224,28,1,1,allocated
14,2727,greenran_normal,0,0,65535_65535,0,4,45862,157,1,1,0,30,0,22,1,1,pre_allocation
14,2727,greenran_normal,0,0,65535_65535,0,4,45862,163,1,1,1,31,163,22,1,1,allocated
14,2727,greenran_normal,0,0,65535_65535,0,1,45544,224,1,1,0,30,0,28,1,1,pre_allocation
14,2727,greenran_normal,0,0,65535_65535,0,1,45544,232,1,1,1,31,232,28,1,1,allocated
14,2727,greenran_normal,0,0,65535_65535,0,2,45541,224,1,1,0,30,0,28,1,1,pre_allocation
14,2727,greenran_normal,0,0,65535_65535,0,2,45541,232,1,1,1,31,232,28,1,1,allocated
14,2727,greenran_normal,0,0,65535_65535,0,3,45535,224,1,1,0,30,0,28,1,1,pre_allocation
14,2727,greenran_normal,0,0,65535_65535,0,3,45535,232,1,1,1,31,232,28,1,1,allocated
14,2727,greenran_normal,0,0,65535_65535,0,5,45533,224,1,1,0,30,0,28,1,1,pre_allocation
14,2727,greenran_normal,0,0,65535_65535,0,5,45533,232,1,1,1,31,232,28,1,1,allocated
14,2727,greenran_normal,0,0,65535_65535,0,4,45862,163,1,1,0,31,0,22,1,1,pre_allocation
14,2727,greenran_normal,0,0,65535_65535,0,4,45862,168,1,1,1,32,168,22,1,1,allocated
14,2727,greenran_normal,0,0,65535_65535,0,1,45544,232,1,1,0,31,0,28,1,1,pre_allocation
14,2727,greenran_normal,0,0,65535_65535,0,1,45544,239,1,1,1,32,239,28,1,1,allocated
14,2727,greenran_normal,0,0,65535_65535,0,2,45541,232,1,1,0,31,0,28,1,1,pre_allocation
14,2727,greenran_normal,0,0,65535_65535,0,2,45541,239,1,1,1,32,239,28,1,1,allocated
14,2727,greenran_normal,0,0,65535_65535,0,3,45535,232,1,1,0,31,0,28,1,1,pre_allocation
14,2727,greenran_normal,0,0,65535_65535,0,3,45535,239,1,1,1,32,239,28,1,1,allocated
14,2727,greenran_normal,0,0,65535_65535,0,5,45533,232,1,1,0,31,0,28,1,1,pre_allocation
14,2727,greenran_normal,0,0,65535_65535,0,5,45533,239,1,1,1,32,239,28,1,1,allocated
14,2727,greenran_normal,0,0,65535_65535,0,4,45862,168,1,1,0,32,0,22,1,1,pre_allocation
14,2727,greenran_normal,0,0,65535_65535,0,4,45862,173,1,1,1,33,173,22,1,1,allocated
14,2727,greenran_normal,0,0,65535_65535,0,1,45544,239,1,1,0,32,0,28,1,1,pre_allocation
14,2727,greenran_normal,0,0,65535_65535,0,1,45544,247,1,1,1,33,247,28,1,1,allocated
14,2727,greenran_normal,0,0,65535_65535,0,2,45541,239,1,1,0,32,0,28,1,1,pre_allocation
14,2727,greenran_normal,0,0,65535_65535,0,2,45541,247,1,1,1,33,247,28,1,1,allocated
14,2727,greenran_normal,0,0,65535_65535,0,3,45535,239,1,1,0,32,0,28,1,1,pre_allocation
14,2727,greenran_normal,0,0,65535_65535,0,3,45535,247,1,1,1,33,247,28,1,1,allocated
14,2727,greenran_normal,0,0,65535_65535,0,5,45533,239,1,1,0,32,0,28,1,1,pre_allocation
14,2727,greenran_normal,0,0,65535_65535,0,5,45533,247,1,1,1,33,247,28,1,1,allocated
14,2727,greenran_normal,0,0,65535_65535,0,4,45862,173,1,1,0,33,0,22,1,1,pre_allocation
14,2727,greenran_normal,0,0,65535_65535,0,4,45862,179,1,1,1,34,179,22,1,1,allocated
14,2727,greenran_normal,0,0,65535_65535,0,1,45544,247,1,1,0,33,0,28,1,1,pre_allocation
14,2727,greenran_normal,0,0,65535_65535,0,1,45544,255,1,1,1,34,255,28,1,1,allocated
14,2727,greenran_normal,0,0,65535_65535,0,2,45541,247,1,1,0,33,0,28,1,1,pre_allocation
14,2727,greenran_normal,0,0,65535_65535,0,2,45541,255,1,1,1,34,255,28,1,1,allocated
14,2727,greenran_normal,0,0,65535_65535,0,3,45535,247,1,1,0,33,0,28,1,1,pre_allocation
14,2727,greenran_normal,0,0,65535_65535,0,3,45535,255,1,1,1,34,255,28,1,1,allocated
14,2727,greenran_normal,0,0,65535_65535,0,5,45533,247,1,1,0,33,0,28,1,1,pre_allocation
14,2727,greenran_normal,0,0,65535_65535,0,5,45533,255,1,1,1,34,255,28,1,1,allocated
14,2727,greenran_normal,0,0,65535_65535,0,4,45862,179,1,1,0,34,0,22,1,1,pre_allocation
14,2727,greenran_normal,0,0,65535_65535,0,4,45862,184,1,1,1,35,184,22,1,1,allocated
14,2727,greenran_normal,0,0,65535_65535,2,38,1420542,0,1,1,0,0,0,2,1,1,pre_allocation
14,2727,greenran_normal,0,0,65535_65535,2,38,1420542,0,1,1,1,1,0,2,1,1,allocated
14,2727,greenran_normal,0,0,65535_65535,2,60,1420347,0,1,1,0,0,0,12,1,1,pre_allocation
14,2727,greenran_normal,0,0,65535_65535,2,60,1420347,2,1,1,1,1,2,12,1,1,allocated
14,2727,greenran_normal,0,0,65535_65535,2,64,1420284,0,1,1,0,0,0,18,1,1,pre_allocation
14,2727,greenran_normal,0,0,65535_65535,2,64,1420284,0,1,1,1,1,0,18,1,1,allocated
14,2727,greenran_normal,0,0,65535_65535,2,43,1420159,0,1,1,0,0,0,16,1,1,pre_allocation
14,2727,greenran_normal,0,0,65535_65535,2,43,1420159,0,1,1,1,1,0,16,1,1,allocated
14,2727,greenran_normal,0,0,65535_65535,2,42,1419940,0,1,1,0,0,0,22,1,1,pre_allocation
14,2727,greenran_normal,0,0,65535_65535,2,42,1419940,2,1,1,1,1,2,22,1,1,allocated
14,2727,greenran_normal,0,0,65535_65535,2,36,1419807,0,1,1,0,0,0,26,1,1,pre_allocation
14,2727,greenran_normal,0,0,65535_65535,2,36,1419807,4,1,1,1,1,4,26,1,1,allocated
14,2727,greenran_normal,0,0,65535_65535,2,59,1419798,0,1,1,0,0,0,26,1,1,pre_allocation
14,2727,greenran_normal,0,0,65535_65535,2,59,1419798,4,1,1,1,1,4,26,1,1,allocated
14,2727,greenran_normal,0,0,65535_65535,2,58,1419825,0,1,1,0,0,0,26,1,1,pre_allocation
14,2727,greenran_normal,0,0,65535_65535,2,58,1419825,4,1,1,1,1,4,26,1,1,allocated
14,2727,greenran_normal,0,0,65535_65535,2,55,1419741,0,1,1,0,0,0,28,1,1,pre_allocation
14,2727,greenran_normal,0,0,65535_65535,2,55,1419741,4,1,1,1,1,4,28,1,1,allocated
14,2727,greenran_normal,0,0,65535_65535,2,56,1419741,0,1,1,0,0,0,28,1,1,pre_allocation
14,2727,greenran_normal,0,0,65535_65535,2,56,1419741,4,1,1,1,1,4,28,1,1,allocated
14,2727,greenran_normal,0,0,65535_65535,2,57,1419741,0,1,1,0,0,0,28,1,1,pre_allocation
14,2727,greenran_normal,0,0,65535_65535,2,57,1419741,4,1,1,1,1,4,28,1,1,allocated
14,2727,greenran_normal,0,0,65535_65535,2,37,1419743,0,1,1,0,0,0,28,1,1,pre_allocation
14,2727,greenran_normal,0,0,65535_65535,2,37,1419743,4,1,1,1,1,4,28,1,1,allocated
14,2727,greenran_normal,0,0,65535_65535,2,39,1419743,0,1,1,0,0,0,28,1,1,pre_allocation
14,2727,greenran_normal,0,0,65535_65535,2,39,1419743,4,1,1,1,1,4,28,1,1,allocated
14,2727,greenran_normal,0,0,65535_65535,2,40,1419743,0,1,1,0,0,0,28,1,1,pre_allocation
14,2727,greenran_normal,0,0,65535_65535,2,40,1419743,4,1,1,1,1,4,28,1,1,allocated
14,2727,greenran_normal,0,0,65535_65535,2,41,1419743,0,1,1,0,0,0,28,1,1,pre_allocation
14,2727,greenran_normal,0,0,65535_65535,2,41,1419743,4,1,1,1,1,4,28,1,1,allocated
14,2727,greenran_normal,0,0,65535_65535,2,62,1419739,0,1,1,0,0,0,28,1,1,pre_allocation
14,2727,greenran_normal,0,0,65535_65535,2,62,1419739,4,1,1,1,1,4,28,1,1,allocated
14,2727,greenran_normal,0,0,65535_65535,2,61,1419739,0,1,1,0,0,0,28,1,1,pre_allocation
14,2727,greenran_normal,0,0,65535_65535,2,61,1419739,4,1,1,1,1,4,28,1,1,allocated
14,2727,greenran_normal,0,0,65535_65535,2,63,1419738,0,1,1,0,0,0,28,1,1,pre_allocation
14,2727,greenran_normal,0,0,65535_65535,2,63,1419738,4,1,1,1,1,4,28,1,1,allocated
14,2727,greenran_normal,0,0,65535_65535,2,35,1419734,0,1,1,0,0,0,28,1,1,pre_allocation
14,2727,greenran_normal,0,0,65535_65535,2,35,1419734,4,1,1,1,1,4,28,1,1,allocated
14,2727,greenran_normal,0,0,65535_65535,2,44,1419734,0,1,1,0,0,0,28,1,1,pre_allocation
14,2727,greenran_normal,0,0,65535_65535,2,44,1419734,4,1,1,1,1,4,28,1,1,allocated
14,2727,greenran_normal,0,0,65535_65535,2,38,1420542,0,1,1,0,1,0,2,1,1,pre_allocation
14,2727,greenran_normal,0,0,65535_65535,2,38,1420542,0,1,1,1,2,0,2,1,1,allocated
14,2727,greenran_normal,0,0,65535_65535,2,60,1420347,2,1,1,0,1,0,12,1,1,pre_allocation
14,2727,greenran_normal,0,0,65535_65535,2,60,1420347,1,1,1,1,2,1,12,1,1,allocated
14,2727,greenran_normal,0,0,65535_65535,2,64,1420284,0,1,1,0,1,0,18,1,1,pre_allocation
14,2727,greenran_normal,0,0,65535_65535,2,64,1420284,4,1,1,1,2,4,18,1,1,allocated
14,2727,greenran_normal,0,0,65535_65535,2,43,1420159,0,1,1,0,1,0,16,1,1,pre_allocation
14,2727,greenran_normal,0,0,65535_65535,2,43,1420159,3,1,1,1,2,3,16,1,1,allocated
14,2727,greenran_normal,0,0,65535_65535,2,42,1419940,2,1,1,0,1,0,22,1,1,pre_allocation
14,2727,greenran_normal,0,0,65535_65535,2,42,1419940,7,1,1,1,2,7,22,1,1,allocated
14,2727,greenran_normal,0,0,65535_65535,2,36,1419807,4,1,1,0,1,0,26,1,1,pre_allocation
14,2727,greenran_normal,0,0,65535_65535,2,36,1419807,11,1,1,1,2,11,26,1,1,allocated
14,2727,greenran_normal,0,0,65535_65535,2,59,1419798,4,1,1,0,1,0,26,1,1,pre_allocation
14,2727,greenran_normal,0,0,65535_65535,2,59,1419798,11,1,1,1,2,11,26,1,1,allocated
14,2727,greenran_normal,0,0,65535_65535,2,58,1419825,4,1,1,0,1,0,26,1,1,pre_allocation
14,2727,greenran_normal,0,0,65535_65535,2,58,1419825,11,1,1,1,2,11,26,1,1,allocated
14,2727,greenran_normal,0,0,65535_65535,2,55,1419741,4,1,1,0,1,0,28,1,1,pre_allocation
14,2727,greenran_normal,0,0,65535_65535,2,55,1419741,12,1,1,1,2,12,28,1,1,allocated
14,2727,greenran_normal,0,0,65535_65535,2,56,1419741,4,1,1,0,1,0,28,1,1,pre_allocation
14,2727,greenran_normal,0,0,65535_65535,2,56,1419741,12,1,1,1,2,12,28,1,1,allocated
14,2727,greenran_normal,0,0,65535_65535,2,57,1419741,4,1,1,0,1,0,28,1,1,pre_allocation
14,2727,greenran_normal,0,0,65535_65535,2,57,1419741,12,1,1,1,2,12,28,1,1,allocated
14,2727,greenran_normal,0,0,65535_65535,2,37,1419743,4,1,1,0,1,0,28,1,1,pre_allocation
14,2727,greenran_normal,0,0,65535_65535,2,37,1419743,12,1,1,1,2,12,28,1,1,allocated
14,2727,greenran_normal,0,0,65535_65535,2,39,1419743,4,1,1,0,1,0,28,1,1,pre_allocation
14,2727,greenran_normal,0,0,65535_65535,2,39,1419743,12,1,1,1,2,12,28,1,1,allocated
14,2727,greenran_normal,0,0,65535_65535,2,40,1419743,4,1,1,0,1,0,28,1,1,pre_allocation
14,2727,greenran_normal,0,0,65535_65535,2,40,1419743,12,1,1,1,2,12,28,1,1,allocated
14,2727,greenran_normal,0,0,65535_65535,2,41,1419743,4,1,1,0,1,0,28,1,1,pre_allocation
14,2727,greenran_normal,0,0,65535_65535,2,41,1419743,12,1,1,1,2,12,28,1,1,allocated
14,2727,greenran_normal,0,0,65535_65535,2,62,1419739,4,1,1,0,1,0,28,1,1,pre_allocation
14,2727,greenran_normal,0,0,65535_65535,2,62,1419739,12,1,1,1,2,12,28,1,1,allocated
14,2727,greenran_normal,0,0,65535_65535,2,61,1419739,4,1,1,0,1,0,28,1,1,pre_allocation
14,2727,greenran_normal,0,0,65535_65535,2,61,1419739,12,1,1,1,2,12,28,1,1,allocated
14,2727,greenran_normal,0,0,65535_65535,2,63,1419738,4,1,1,0,1,0,28,1,1,pre_allocation
14,2727,greenran_normal,0,0,65535_65535,2,63,1419738,12,1,1,1,2,12,28,1,1,allocated
14,2727,greenran_normal,0,0,65535_65535,2,35,1419734,4,1,1,0,1,0,28,1,1,pre_allocation
14,2727,greenran_normal,0,0,65535_65535,2,35,1419734,12,1,1,1,2,12,28,1,1,allocated
14,2727,greenran_normal,0,0,65535_65535,2,44,1419734,4,1,1,0,1,0,28,1,1,pre_allocation
14,2727,greenran_normal,0,0,65535_65535,2,44,1419734,12,1,1,1,2,12,28,1,1,allocated
14,2727,greenran_normal,0,0,65535_65535,2,38,1420542,0,1,1,0,2,0,2,1,1,pre_allocation
14,2727,greenran_normal,0,0,65535_65535,2,38,1420542,0,1,1,1,3,0,2,1,1,allocated
14,2727,greenran_normal,0,0,65535_65535,2,60,1420347,1,1,1,0,2,0,12,1,1,pre_allocation
14,2727,greenran_normal,0,0,65535_65535,2,60,1420347,3,1,1,1,3,3,12,1,1,allocated
14,2727,greenran_normal,0,0,65535_65535,2,64,1420284,4,1,1,0,2,0,18,1,1,pre_allocation
14,2727,greenran_normal,0,0,65535_65535,2,64,1420284,8,1,1,1,3,8,18,1,1,allocated
14,2727,greenran_normal,0,0,65535_65535,2,43,1420159,3,1,1,0,2,0,16,1,1,pre_allocation
14,2727,greenran_normal,0,0,65535_65535,2,43,1420159,6,1,1,1,3,6,16,1,1,allocated
14,2727,greenran_normal,0,0,65535_65535,2,42,1419940,7,1,1,0,2,0,22,1,1,pre_allocation
14,2727,greenran_normal,0,0,65535_65535,2,42,1419940,13,1,1,1,3,13,22,1,1,allocated
14,2727,greenran_normal,0,0,65535_65535,2,36,1419807,11,1,1,0,2,0,26,1,1,pre_allocation
14,2727,greenran_normal,0,0,65535_65535,2,36,1419807,18,1,1,1,3,18,26,1,1,allocated
14,2727,greenran_normal,0,0,65535_65535,2,59,1419798,11,1,1,0,2,0,26,1,1,pre_allocation
14,2727,greenran_normal,0,0,65535_65535,2,59,1419798,18,1,1,1,3,18,26,1,1,allocated
14,2727,greenran_normal,0,0,65535_65535,2,58,1419825,11,1,1,0,2,0,26,1,1,pre_allocation
14,2727,greenran_normal,0,0,65535_65535,2,58,1419825,18,1,1,1,3,18,26,1,1,allocated
14,2727,greenran_normal,0,0,65535_65535,2,55,1419741,12,1,1,0,2,0,28,1,1,pre_allocation
14,2727,greenran_normal,0,0,65535_65535,2,55,1419741,19,1,1,1,3,19,28,1,1,allocated
14,2727,greenran_normal,0,0,65535_65535,2,56,1419741,12,1,1,0,2,0,28,1,1,pre_allocation
14,2727,greenran_normal,0,0,65535_65535,2,56,1419741,19,1,1,1,3,19,28,1,1,allocated
14,2727,greenran_normal,0,0,65535_65535,2,57,1419741,12,1,1,0,2,0,28,1,1,pre_allocation
14,2727,greenran_normal,0,0,65535_65535,2,57,1419741,19,1,1,1,3,19,28,1,1,allocated
14,2727,greenran_normal,0,0,65535_65535,2,37,1419743,12,1,1,0,2,0,28,1,1,pre_allocation
14,2727,greenran_normal,0,0,65535_65535,2,37,1419743,19,1,1,1,3,19,28,1,1,allocated
14,2727,greenran_normal,0,0,65535_65535,2,39,1419743,12,1,1,0,2,0,28,1,1,pre_allocation
14,2727,greenran_normal,0,0,65535_65535,2,39,1419743,19,1,1,1,3,19,28,1,1,allocated
14,2727,greenran_normal,0,0,65535_65535,2,40,1419743,12,1,1,0,2,0,28,1,1,pre_allocation
14,2727,greenran_normal,0,0,65535_65535,2,40,1419743,19,1,1,1,3,19,28,1,1,allocated
14,2727,greenran_normal,0,0,65535_65535,2,41,1419743,12,1,1,0,2,0,28,1,1,pre_allocation
14,2727,greenran_normal,0,0,65535_65535,2,41,1419743,19,1,1,1,3,19,28,1,1,allocated
14,2727,greenran_normal,0,0,65535_65535,2,62,1419739,12,1,1,0,2,0,28,1,1,pre_allocation
14,2727,greenran_normal,0,0,65535_65535,2,62,1419739,19,1,1,1,3,19,28,1,1,allocated
14,2727,greenran_normal,0,0,65535_65535,2,61,1419739,12,1,1,0,2,0,28,1,1,pre_allocation
14,2727,greenran_normal,0,0,65535_65535,2,61,1419739,19,1,1,1,3,19,28,1,1,allocated
14,2727,greenran_normal,0,0,65535_65535,2,63,1419738,12,1,1,0,2,0,28,1,1,pre_allocation
14,2727,greenran_normal,0,0,65535_65535,2,63,1419738,19,1,1,1,3,19,28,1,1,allocated
14,2727,greenran_normal,0,0,65535_65535,2,35,1419734,12,1,1,0,2,0,28,1,1,pre_allocation
14,2727,greenran_normal,0,0,65535_65535,2,35,1419734,19,1,1,1,3,19,28,1,1,allocated
14,2727,greenran_normal,0,0,65535_65535,2,44,1419734,12,1,1,0,2,0,28,1,1,pre_allocation
14,2727,greenran_normal,0,0,65535_65535,2,44,1419734,19,1,1,1,3,19,28,1,1,allocated
14,2727,greenran_normal,0,0,65535_65535,2,38,1420542,0,1,1,0,3,0,2,1,1,pre_allocation
14,2727,greenran_normal,0,0,65535_65535,2,38,1420542,1,1,1,1,4,1,2,1,1,allocated
14,2727,greenran_normal,0,0,65535_65535,2,60,1420347,3,1,1,0,3,0,12,1,1,pre_allocation
14,2727,greenran_normal,0,0,65535_65535,2,60,1420347,5,1,1,1,4,5,12,1,1,allocated
14,2727,greenran_normal,0,0,65535_65535,2,64,1420284,8,1,1,0,3,0,18,1,1,pre_allocation
14,2727,greenran_normal,0,0,65535_65535,2,64,1420284,11,1,1,1,4,11,18,1,1,allocated
14,2727,greenran_normal,0,0,65535_65535,2,43,1420159,6,1,1,0,3,0,16,1,1,pre_allocation
14,2727,greenran_normal,0,0,65535_65535,2,43,1420159,10,1,1,1,4,10,16,1,1,allocated
14,2727,greenran_normal,0,0,65535_65535,2,42,1419940,13,1,1,0,3,0,22,1,1,pre_allocation
14,2727,greenran_normal,0,0,65535_65535,2,42,1419940,18,1,1,1,4,18,22,1,1,allocated
14,2727,greenran_normal,0,0,65535_65535,2,36,1419807,18,1,1,0,3,0,26,1,1,pre_allocation
14,2727,greenran_normal,0,0,65535_65535,2,36,1419807,25,1,1,1,4,25,26,1,1,allocated
14,2727,greenran_normal,0,0,65535_65535,2,59,1419798,18,1,1,0,3,0,26,1,1,pre_allocation
14,2727,greenran_normal,0,0,65535_65535,2,59,1419798,25,1,1,1,4,25,26,1,1,allocated
14,2727,greenran_normal,0,0,65535_65535,2,58,1419825,18,1,1,0,3,0,26,1,1,pre_allocation
14,2727,greenran_normal,0,0,65535_65535,2,58,1419825,25,1,1,1,4,25,26,1,1,allocated
14,2727,greenran_normal,0,0,65535_65535,2,55,1419741,19,1,1,0,3,0,28,1,1,pre_allocation
14,2727,greenran_normal,0,0,65535_65535,2,55,1419741,27,1,1,1,4,27,28,1,1,allocated
14,2727,greenran_normal,0,0,65535_65535,2,56,1419741,19,1,1,0,3,0,28,1,1,pre_allocation
14,2727,greenran_normal,0,0,65535_65535,2,56,1419741,27,1,1,1,4,27,28,1,1,allocated
14,2727,greenran_normal,0,0,65535_65535,2,57,1419741,19,1,1,0,3,0,28,1,1,pre_allocation
14,2727,greenran_normal,0,0,65535_65535,2,57,1419741,27,1,1,1,4,27,28,1,1,allocated
14,2727,greenran_normal,0,0,65535_65535,2,37,1419743,19,1,1,0,3,0,28,1,1,pre_allocation
14,2727,greenran_normal,0,0,65535_65535,2,37,1419743,27,1,1,1,4,27,28,1,1,allocated
14,2727,greenran_normal,0,0,65535_65535,2,39,1419743,19,1,1,0,3,0,28,1,1,pre_allocation
14,2727,greenran_normal,0,0,65535_65535,2,39,1419743,27,1,1,1,4,27,28,1,1,allocated
14,2727,greenran_normal,0,0,65535_65535,2,40,1419743,19,1,1,0,3,0,28,1,1,pre_allocation
14,2727,greenran_normal,0,0,65535_65535,2,40,1419743,27,1,1,1,4,27,28,1,1,allocated
14,2727,greenran_normal,0,0,65535_65535,2,41,1419743,19,1,1,0,3,0,28,1,1,pre_allocation
14,2727,greenran_normal,0,0,65535_65535,2,41,1419743,27,1,1,1,4,27,28,1,1,allocated
14,2727,greenran_normal,0,0,65535_65535,2,62,1419739,19,1,1,0,3,0,28,1,1,pre_allocation
14,2727,greenran_normal,0,0,65535_65535,2,62,1419739,27,1,1,1,4,27,28,1,1,allocated
14,2727,greenran_normal,0,0,65535_65535,2,61,1419739,19,1,1,0,3,0,28,1,1,pre_allocation
14,2727,greenran_normal,0,0,65535_65535,2,61,1419739,27,1,1,1,4,27,28,1,1,allocated
14,2727,greenran_normal,0,0,65535_65535,2,63,1419738,19,1,1,0,3,0,28,1,1,pre_allocation
14,2727,greenran_normal,0,0,65535_65535,2,63,1419738,27,1,1,1,4,27,28,1,1,allocated
14,2727,greenran_normal,0,0,65535_65535,2,35,1419734,19,1,1,0,3,0,28,1,1,pre_allocation
14,2727,greenran_normal,0,0,65535_65535,2,35,1419734,27,1,1,1,4,27,28,1,1,allocated
14,2727,greenran_normal,0,0,65535_65535,2,44,1419734,19,1,1,0,3,0,28,1,1,pre_allocation
14,2727,greenran_normal,0,0,65535_65535,2,44,1419734,27,1,1,1,4,27,28,1,1,allocated
14,2727,greenran_normal,0,0,65535_65535,2,38,1420542,1,1,1,0,4,0,2,1,1,pre_allocation
14,2727,greenran_normal,0,0,65535_65535,2,38,1420542,1,1,1,1,5,1,2,1,1,allocated
14,2727,greenran_normal,0,0,65535_65535,2,60,1420347,5,1,1,0,4,0,12,1,1,pre_allocation
14,2727,greenran_normal,0,0,65535_65535,2,60,1420347,7,1,1,1,5,7,12,1,1,allocated
14,2727,greenran_normal,0,0,65535_65535,2,64,1420284,11,1,1,0,4,0,18,1,1,pre_allocation
14,2727,greenran_normal,0,0,65535_65535,2,64,1420284,15,1,1,1,5,15,18,1,1,allocated
14,2727,greenran_normal,0,0,65535_65535,2,43,1420159,10,1,1,0,4,0,16,1,1,pre_allocation
14,2727,greenran_normal,0,0,65535_65535,2,43,1420159,13,1,1,1,5,13,16,1,1,allocated
14,2727,greenran_normal,0,0,65535_65535,2,42,1419940,18,1,1,0,4,0,22,1,1,pre_allocation
14,2727,greenran_normal,0,0,65535_65535,2,42,1419940,23,1,1,1,5,23,22,1,1,allocated
14,2727,greenran_normal,0,0,65535_65535,2,36,1419807,25,1,1,0,4,0,26,1,1,pre_allocation
14,2727,greenran_normal,0,0,65535_65535,2,36,1419807,32,1,1,1,5,32,26,1,1,allocated
14,2727,greenran_normal,0,0,65535_65535,2,59,1419798,25,1,1,0,4,0,26,1,1,pre_allocation
14,2727,greenran_normal,0,0,65535_65535,2,59,1419798,32,1,1,1,5,32,26,1,1,allocated
14,2727,greenran_normal,0,0,65535_65535,2,58,1419825,25,1,1,0,4,0,26,1,1,pre_allocation
14,2727,greenran_normal,0,0,65535_65535,2,58,1419825,32,1,1,1,5,32,26,1,1,allocated
14,2727,greenran_normal,0,0,65535_65535,2,55,1419741,27,1,1,0,4,0,28,1,1,pre_allocation
14,2727,greenran_normal,0,0,65535_65535,2,55,1419741,34,1,1,1,5,34,28,1,1,allocated
14,2727,greenran_normal,0,0,65535_65535,2,56,1419741,27,1,1,0,4,0,28,1,1,pre_allocation
14,2727,greenran_normal,0,0,65535_65535,2,56,1419741,34,1,1,1,5,34,28,1,1,allocated
14,2727,greenran_normal,0,0,65535_65535,2,57,1419741,27,1,1,0,4,0,28,1,1,pre_allocation
14,2727,greenran_normal,0,0,65535_65535,2,57,1419741,34,1,1,1,5,34,28,1,1,allocated
14,2727,greenran_normal,0,0,65535_65535,2,37,1419743,27,1,1,0,4,0,28,1,1,pre_allocation
14,2727,greenran_normal,0,0,65535_65535,2,37,1419743,34,1,1,1,5,34,28,1,1,allocated
14,2727,greenran_normal,0,0,65535_65535,2,39,1419743,27,1,1,0,4,0,28,1,1,pre_allocation
14,2727,greenran_normal,0,0,65535_65535,2,39,1419743,34,1,1,1,5,34,28,1,1,allocated
14,2727,greenran_normal,0,0,65535_65535,2,40,1419743,27,1,1,0,4,0,28,1,1,pre_allocation
14,2727,greenran_normal,0,0,65535_65535,2,40,1419743,34,1,1,1,5,34,28,1,1,allocated
14,2727,greenran_normal,0,0,65535_65535,2,41,1419743,27,1,1,0,4,0,28,1,1,pre_allocation
14,2727,greenran_normal,0,0,65535_65535,2,41,1419743,34,1,1,1,5,34,28,1,1,allocated
15,3008,greenran_normal,0,0,65535_65535,0,4,51623,0,1,1,0,0,0,22,1,1,pre_allocation
15,3008,greenran_normal,0,0,65535_65535,0,4,51623,2,1,1,1,1,2,22,1,1,allocated
15,3008,greenran_normal,0,0,65535_65535,0,1,51234,0,1,1,0,0,0,28,1,1,pre_allocation
15,3008,greenran_normal,0,0,65535_65535,0,1,51234,4,1,1,1,1,4,28,1,1,allocated
15,3008,greenran_normal,0,0,65535_65535,0,2,51231,0,1,1,0,0,0,28,1,1,pre_allocation
15,3008,greenran_normal,0,0,65535_65535,0,2,51231,4,1,1,1,1,4,28,1,1,allocated
15,3008,greenran_normal,0,0,65535_65535,0,3,51225,0,1,1,0,0,0,28,1,1,pre_allocation
15,3008,greenran_normal,0,0,65535_65535,0,3,51225,4,1,1,1,1,4,28,1,1,allocated
15,3008,greenran_normal,0,0,65535_65535,0,5,51221,0,1,1,0,0,0,28,1,1,pre_allocation
15,3008,greenran_normal,0,0,65535_65535,0,5,51221,4,1,1,1,1,4,28,1,1,allocated
15,3008,greenran_normal,0,0,65535_65535,0,4,51623,2,1,1,0,1,0,22,1,1,pre_allocation
15,3008,greenran_normal,0,0,65535_65535,0,4,51623,7,1,1,1,2,7,22,1,1,allocated
15,3008,greenran_normal,0,0,65535_65535,0,1,51234,4,1,1,0,1,0,28,1,1,pre_allocation
15,3008,greenran_normal,0,0,65535_65535,0,1,51234,12,1,1,1,2,12,28,1,1,allocated
15,3008,greenran_normal,0,0,65535_65535,0,2,51231,4,1,1,0,1,0,28,1,1,pre_allocation
15,3008,greenran_normal,0,0,65535_65535,0,2,51231,12,1,1,1,2,12,28,1,1,allocated
15,3008,greenran_normal,0,0,65535_65535,0,3,51225,4,1,1,0,1,0,28,1,1,pre_allocation
15,3008,greenran_normal,0,0,65535_65535,0,3,51225,12,1,1,1,2,12,28,1,1,allocated
15,3008,greenran_normal,0,0,65535_65535,0,5,51221,4,1,1,0,1,0,28,1,1,pre_allocation
15,3008,greenran_normal,0,0,65535_65535,0,5,51221,12,1,1,1,2,12,28,1,1,allocated
15,3008,greenran_normal,0,0,65535_65535,0,4,51623,7,1,1,0,2,0,22,1,1,pre_allocation
15,3008,greenran_normal,0,0,65535_65535,0,4,51623,13,1,1,1,3,13,22,1,1,allocated
15,3008,greenran_normal,0,0,65535_65535,0,1,51234,12,1,1,0,2,0,28,1,1,pre_allocation
15,3008,greenran_normal,0,0,65535_65535,0,1,51234,19,1,1,1,3,19,28,1,1,allocated
15,3008,greenran_normal,0,0,65535_65535,0,2,51231,12,1,1,0,2,0,28,1,1,pre_allocation
15,3008,greenran_normal,0,0,65535_65535,0,2,51231,19,1,1,1,3,19,28,1,1,allocated
15,3008,greenran_normal,0,0,65535_65535,0,3,51225,12,1,1,0,2,0,28,1,1,pre_allocation
15,3008,greenran_normal,0,0,65535_65535,0,3,51225,19,1,1,1,3,19,28,1,1,allocated
15,3008,greenran_normal,0,0,65535_65535,0,5,51221,12,1,1,0,2,0,28,1,1,pre_allocation
15,3008,greenran_normal,0,0,65535_65535,0,5,51221,19,1,1,1,3,19,28,1,1,allocated
15,3008,greenran_normal,0,0,65535_65535,0,4,51623,13,1,1,0,3,0,22,1,1,pre_allocation
15,3008,greenran_normal,0,0,65535_65535,0,4,51623,18,1,1,1,4,18,22,1,1,allocated
15,3008,greenran_normal,0,0,65535_65535,0,1,51234,19,1,1,0,3,0,28,1,1,pre_allocation
15,3008,greenran_normal,0,0,65535_65535,0,1,51234,27,1,1,1,4,27,28,1,1,allocated
15,3008,greenran_normal,0,0,65535_65535,0,2,51231,19,1,1,0,3,0,28,1,1,pre_allocation
15,3008,greenran_normal,0,0,65535_65535,0,2,51231,27,1,1,1,4,27,28,1,1,allocated
15,3008,greenran_normal,0,0,65535_65535,0,3,51225,19,1,1,0,3,0,28,1,1,pre_allocation
15,3008,greenran_normal,0,0,65535_65535,0,3,51225,27,1,1,1,4,27,28,1,1,allocated
15,3008,greenran_normal,0,0,65535_65535,0,5,51221,19,1,1,0,3,0,28,1,1,pre_allocation
15,3008,greenran_normal,0,0,65535_65535,0,5,51221,27,1,1,1,4,27,28,1,1,allocated
15,3008,greenran_normal,0,0,65535_65535,0,4,51623,18,1,1,0,4,0,22,1,1,pre_allocation
15,3008,greenran_normal,0,0,65535_65535,0,4,51623,23,1,1,1,5,23,22,1,1,allocated
15,3008,greenran_normal,0,0,65535_65535,0,1,51234,27,1,1,0,4,0,28,1,1,pre_allocation
15,3008,greenran_normal,0,0,65535_65535,0,1,51234,34,1,1,1,5,34,28,1,1,allocated
15,3008,greenran_normal,0,0,65535_65535,0,2,51231,27,1,1,0,4,0,28,1,1,pre_allocation
15,3008,greenran_normal,0,0,65535_65535,0,2,51231,34,1,1,1,5,34,28,1,1,allocated
15,3008,greenran_normal,0,0,65535_65535,0,3,51225,27,1,1,0,4,0,28,1,1,pre_allocation
15,3008,greenran_normal,0,0,65535_65535,0,3,51225,34,1,1,1,5,34,28,1,1,allocated
15,3008,greenran_normal,0,0,65535_65535,0,5,51221,27,1,1,0,4,0,28,1,1,pre_allocation
15,3008,greenran_normal,0,0,65535_65535,0,5,51221,34,1,1,1,5,34,28,1,1,allocated
15,3008,greenran_normal,0,0,65535_65535,0,4,51623,23,1,1,0,5,0,22,1,1,pre_allocation
15,3008,greenran_normal,0,0,65535_65535,0,4,51623,29,1,1,1,6,29,22,1,1,allocated
15,3008,greenran_normal,0,0,65535_65535,0,1,51234,34,1,1,0,5,0,28,1,1,pre_allocation
15,3008,greenran_normal,0,0,65535_65535,0,1,51234,42,1,1,1,6,42,28,1,1,allocated
15,3008,greenran_normal,0,0,65535_65535,0,2,51231,34,1,1,0,5,0,28,1,1,pre_allocation
15,3008,greenran_normal,0,0,65535_65535,0,2,51231,42,1,1,1,6,42,28,1,1,allocated
15,3008,greenran_normal,0,0,65535_65535,0,3,51225,34,1,1,0,5,0,28,1,1,pre_allocation
15,3008,greenran_normal,0,0,65535_65535,0,3,51225,42,1,1,1,6,42,28,1,1,allocated
15,3008,greenran_normal,0,0,65535_65535,0,5,51221,34,1,1,0,5,0,28,1,1,pre_allocation
15,3008,greenran_normal,0,0,65535_65535,0,5,51221,42,1,1,1,6,42,28,1,1,allocated
15,3008,greenran_normal,0,0,65535_65535,0,4,51623,29,1,1,0,6,0,22,1,1,pre_allocation
15,3008,greenran_normal,0,0,65535_65535,0,4,51623,34,1,1,1,7,34,22,1,1,allocated
15,3008,greenran_normal,0,0,65535_65535,0,1,51234,42,1,1,0,6,0,28,1,1,pre_allocation
15,3008,greenran_normal,0,0,65535_65535,0,1,51234,50,1,1,1,7,50,28,1,1,allocated
15,3008,greenran_normal,0,0,65535_65535,0,2,51231,42,1,1,0,6,0,28,1,1,pre_allocation
15,3008,greenran_normal,0,0,65535_65535,0,2,51231,50,1,1,1,7,50,28,1,1,allocated
15,3008,greenran_normal,0,0,65535_65535,0,3,51225,42,1,1,0,6,0,28,1,1,pre_allocation
15,3008,greenran_normal,0,0,65535_65535,0,3,51225,50,1,1,1,7,50,28,1,1,allocated
15,3008,greenran_normal,0,0,65535_65535,0,5,51221,42,1,1,0,6,0,28,1,1,pre_allocation
15,3008,greenran_normal,0,0,65535_65535,0,5,51221,50,1,1,1,7,50,28,1,1,allocated
15,3008,greenran_normal,0,0,65535_65535,0,4,51623,34,1,1,0,7,0,22,1,1,pre_allocation
15,3008,greenran_normal,0,0,65535_65535,0,4,51623,39,1,1,1,8,39,22,1,1,allocated
15,3008,greenran_normal,0,0,65535_65535,0,1,51234,50,1,1,0,7,0,28,1,1,pre_allocation
15,3008,greenran_normal,0,0,65535_65535,0,1,51234,57,1,1,1,8,57,28,1,1,allocated
15,3008,greenran_normal,0,0,65535_65535,0,2,51231,50,1,1,0,7,0,28,1,1,pre_allocation
15,3008,greenran_normal,0,0,65535_65535,0,2,51231,57,1,1,1,8,57,28,1,1,allocated
15,3008,greenran_normal,0,0,65535_65535,0,3,51225,50,1,1,0,7,0,28,1,1,pre_allocation
15,3008,greenran_normal,0,0,65535_65535,0,3,51225,57,1,1,1,8,57,28,1,1,allocated
15,3008,greenran_normal,0,0,65535_65535,0,5,51221,50,1,1,0,7,0,28,1,1,pre_allocation
15,3008,greenran_normal,0,0,65535_65535,0,5,51221,57,1,1,1,8,57,28,1,1,allocated
15,3008,greenran_normal,0,0,65535_65535,0,4,51623,39,1,1,0,8,0,22,1,1,pre_allocation
15,3008,greenran_normal,0,0,65535_65535,0,4,51623,45,1,1,1,9,45,22,1,1,allocated
15,3008,greenran_normal,0,0,65535_65535,0,1,51234,57,1,1,0,8,0,28,1,1,pre_allocation
15,3008,greenran_normal,0,0,65535_65535,0,1,51234,65,1,1,1,9,65,28,1,1,allocated
15,3008,greenran_normal,0,0,65535_65535,0,2,51231,57,1,1,0,8,0,28,1,1,pre_allocation
15,3008,greenran_normal,0,0,65535_65535,0,2,51231,65,1,1,1,9,65,28,1,1,allocated
15,3008,greenran_normal,0,0,65535_65535,0,3,51225,57,1,1,0,8,0,28,1,1,pre_allocation
15,3008,greenran_normal,0,0,65535_65535,0,3,51225,65,1,1,1,9,65,28,1,1,allocated
15,3008,greenran_normal,0,0,65535_65535,0,5,51221,57,1,1,0,8,0,28,1,1,pre_allocation
15,3008,greenran_normal,0,0,65535_65535,0,5,51221,65,1,1,1,9,65,28,1,1,allocated
15,3008,greenran_normal,0,0,65535_65535,0,4,51623,45,1,1,0,9,0,22,1,1,pre_allocation
15,3008,greenran_normal,0,0,65535_65535,0,4,51623,50,1,1,1,10,50,22,1,1,allocated
15,3008,greenran_normal,0,0,65535_65535,0,1,51234,65,1,1,0,9,0,28,1,1,pre_allocation
15,3008,greenran_normal,0,0,65535_65535,0,1,51234,72,1,1,1,10,72,28,1,1,allocated
15,3008,greenran_normal,0,0,65535_65535,0,2,51231,65,1,1,0,9,0,28,1,1,pre_allocation
15,3008,greenran_normal,0,0,65535_65535,0,2,51231,72,1,1,1,10,72,28,1,1,allocated
15,3008,greenran_normal,0,0,65535_65535,0,3,51225,65,1,1,0,9,0,28,1,1,pre_allocation
15,3008,greenran_normal,0,0,65535_65535,0,3,51225,72,1,1,1,10,72,28,1,1,allocated
15,3008,greenran_normal,0,0,65535_65535,0,5,51221,65,1,1,0,9,0,28,1,1,pre_allocation
15,3008,greenran_normal,0,0,65535_65535,0,5,51221,72,1,1,1,10,72,28,1,1,allocated
15,3008,greenran_normal,0,0,65535_65535,0,4,51623,50,1,1,0,10,0,22,1,1,pre_allocation
15,3008,greenran_normal,0,0,65535_65535,0,4,51623,55,1,1,1,11,55,22,1,1,allocated
15,3008,greenran_normal,0,0,65535_65535,0,1,51234,72,1,1,0,10,0,28,1,1,pre_allocation
15,3008,greenran_normal,0,0,65535_65535,0,1,51234,80,1,1,1,11,80,28,1,1,allocated
15,3008,greenran_normal,0,0,65535_65535,0,2,51231,72,1,1,0,10,0,28,1,1,pre_allocation
15,3008,greenran_normal,0,0,65535_65535,0,2,51231,80,1,1,1,11,80,28,1,1,allocated
15,3008,greenran_normal,0,0,65535_65535,0,3,51225,72,1,1,0,10,0,28,1,1,pre_allocation
15,3008,greenran_normal,0,0,65535_65535,0,3,51225,80,1,1,1,11,80,28,1,1,allocated
15,3008,greenran_normal,0,0,65535_65535,0,5,51221,72,1,1,0,10,0,28,1,1,pre_allocation
15,3008,greenran_normal,0,0,65535_65535,0,5,51221,80,1,1,1,11,80,28,1,1,allocated
15,3008,greenran_normal,0,0,65535_65535,0,4,51623,55,1,1,0,11,0,22,1,1,pre_allocation
15,3008,greenran_normal,0,0,65535_65535,0,4,51623,61,1,1,1,12,61,22,1,1,allocated
15,3008,greenran_normal,0,0,65535_65535,0,1,51234,80,1,1,0,11,0,28,1,1,pre_allocation
15,3008,greenran_normal,0,0,65535_65535,0,1,51234,88,1,1,1,12,88,28,1,1,allocated
15,3008,greenran_normal,0,0,65535_65535,0,2,51231,80,1,1,0,11,0,28,1,1,pre_allocation
15,3008,greenran_normal,0,0,65535_65535,0,2,51231,88,1,1,1,12,88,28,1,1,allocated
15,3008,greenran_normal,0,0,65535_65535,0,3,51225,80,1,1,0,11,0,28,1,1,pre_allocation
15,3008,greenran_normal,0,0,65535_65535,0,3,51225,88,1,1,1,12,88,28,1,1,allocated
15,3008,greenran_normal,0,0,65535_65535,0,5,51221,80,1,1,0,11,0,28,1,1,pre_allocation
15,3008,greenran_normal,0,0,65535_65535,0,5,51221,88,1,1,1,12,88,28,1,1,allocated
15,3008,greenran_normal,0,0,65535_65535,0,4,51623,61,1,1,0,12,0,22,1,1,pre_allocation
15,3008,greenran_normal,0,0,65535_65535,0,4,51623,66,1,1,1,13,66,22,1,1,allocated
15,3008,greenran_normal,0,0,65535_65535,0,1,51234,88,1,1,0,12,0,28,1,1,pre_allocation
15,3008,greenran_normal,0,0,65535_65535,0,1,51234,95,1,1,1,13,95,28,1,1,allocated
15,3008,greenran_normal,0,0,65535_65535,0,2,51231,88,1,1,0,12,0,28,1,1,pre_allocation
15,3008,greenran_normal,0,0,65535_65535,0,2,51231,95,1,1,1,13,95,28,1,1,allocated
15,3008,greenran_normal,0,0,65535_65535,0,3,51225,88,1,1,0,12,0,28,1,1,pre_allocation
15,3008,greenran_normal,0,0,65535_65535,0,3,51225,95,1,1,1,13,95,28,1,1,allocated
15,3008,greenran_normal,0,0,65535_65535,0,5,51221,88,1,1,0,12,0,28,1,1,pre_allocation
15,3008,greenran_normal,0,0,65535_65535,0,5,51221,95,1,1,1,13,95,28,1,1,allocated
15,3008,greenran_normal,0,0,65535_65535,0,4,51623,66,1,1,0,13,0,22,1,1,pre_allocation
15,3008,greenran_normal,0,0,65535_65535,0,4,51623,72,1,1,1,14,72,22,1,1,allocated
15,3008,greenran_normal,0,0,65535_65535,0,1,51234,95,1,1,0,13,0,28,1,1,pre_allocation
15,3008,greenran_normal,0,0,65535_65535,0,1,51234,103,1,1,1,14,103,28,1,1,allocated
15,3008,greenran_normal,0,0,65535_65535,0,2,51231,95,1,1,0,13,0,28,1,1,pre_allocation
15,3008,greenran_normal,0,0,65535_65535,0,2,51231,103,1,1,1,14,103,28,1,1,allocated
15,3008,greenran_normal,0,0,65535_65535,0,3,51225,95,1,1,0,13,0,28,1,1,pre_allocation
15,3008,greenran_normal,0,0,65535_65535,0,3,51225,103,1,1,1,14,103,28,1,1,allocated
15,3008,greenran_normal,0,0,65535_65535,0,5,51221,95,1,1,0,13,0,28,1,1,pre_allocation
15,3008,greenran_normal,0,0,65535_65535,0,5,51221,103,1,1,1,14,103,28,1,1,allocated
15,3008,greenran_normal,0,0,65535_65535,0,4,51623,72,1,1,0,14,0,22,1,1,pre_allocation
15,3008,greenran_normal,0,0,65535_65535,0,4,51623,77,1,1,1,15,77,22,1,1,allocated
15,3008,greenran_normal,0,0,65535_65535,0,1,51234,103,1,1,0,14,0,28,1,1,pre_allocation
15,3008,greenran_normal,0,0,65535_65535,0,1,51234,110,1,1,1,15,110,28,1,1,allocated
15,3008,greenran_normal,0,0,65535_65535,0,2,51231,103,1,1,0,14,0,28,1,1,pre_allocation
15,3008,greenran_normal,0,0,65535_65535,0,2,51231,110,1,1,1,15,110,28,1,1,allocated
15,3008,greenran_normal,0,0,65535_65535,0,3,51225,103,1,1,0,14,0,28,1,1,pre_allocation
15,3008,greenran_normal,0,0,65535_65535,0,3,51225,110,1,1,1,15,110,28,1,1,allocated
15,3008,greenran_normal,0,0,65535_65535,0,5,51221,103,1,1,0,14,0,28,1,1,pre_allocation
15,3008,greenran_normal,0,0,65535_65535,0,5,51221,110,1,1,1,15,110,28,1,1,allocated
15,3008,greenran_normal,0,0,65535_65535,0,4,51623,77,1,1,0,15,0,22,1,1,pre_allocation
15,3008,greenran_normal,0,0,65535_65535,0,4,51623,82,1,1,1,16,82,22,1,1,allocated
15,3008,greenran_normal,0,0,65535_65535,0,1,51234,110,1,1,0,15,0,28,1,1,pre_allocation
15,3008,greenran_normal,0,0,65535_65535,0,1,51234,118,1,1,1,16,118,28,1,1,allocated
15,3008,greenran_normal,0,0,65535_65535,0,2,51231,110,1,1,0,15,0,28,1,1,pre_allocation
15,3008,greenran_normal,0,0,65535_65535,0,2,51231,118,1,1,1,16,118,28,1,1,allocated
15,3008,greenran_normal,0,0,65535_65535,0,3,51225,110,1,1,0,15,0,28,1,1,pre_allocation
15,3008,greenran_normal,0,0,65535_65535,0,3,51225,118,1,1,1,16,118,28,1,1,allocated
15,3008,greenran_normal,0,0,65535_65535,0,5,51221,110,1,1,0,15,0,28,1,1,pre_allocation
15,3008,greenran_normal,0,0,65535_65535,0,5,51221,118,1,1,1,16,118,28,1,1,allocated
15,3008,greenran_normal,0,0,65535_65535,0,4,51623,82,1,1,0,16,0,22,1,1,pre_allocation
15,3008,greenran_normal,0,0,65535_65535,0,4,51623,88,1,1,1,17,88,22,1,1,allocated
15,3008,greenran_normal,0,0,65535_65535,0,1,51234,118,1,1,0,16,0,28,1,1,pre_allocation
15,3008,greenran_normal,0,0,65535_65535,0,1,51234,126,1,1,1,17,126,28,1,1,allocated
15,3008,greenran_normal,0,0,65535_65535,0,2,51231,118,1,1,0,16,0,28,1,1,pre_allocation
15,3008,greenran_normal,0,0,65535_65535,0,2,51231,126,1,1,1,17,126,28,1,1,allocated
15,3008,greenran_normal,0,0,65535_65535,0,3,51225,118,1,1,0,16,0,28,1,1,pre_allocation
15,3008,greenran_normal,0,0,65535_65535,0,3,51225,126,1,1,1,17,126,28,1,1,allocated
15,3008,greenran_normal,0,0,65535_65535,0,5,51221,118,1,1,0,16,0,28,1,1,pre_allocation
15,3008,greenran_normal,0,0,65535_65535,0,5,51221,126,1,1,1,17,126,28,1,1,allocated
15,3008,greenran_normal,0,0,65535_65535,0,4,51623,88,1,1,0,17,0,22,1,1,pre_allocation
15,3008,greenran_normal,0,0,65535_65535,0,4,51623,93,1,1,1,18,93,22,1,1,allocated
15,3008,greenran_normal,0,0,65535_65535,0,1,51234,126,1,1,0,17,0,28,1,1,pre_allocation
15,3008,greenran_normal,0,0,65535_65535,0,1,51234,133,1,1,1,18,133,28,1,1,allocated
15,3008,greenran_normal,0,0,65535_65535,0,2,51231,126,1,1,0,17,0,28,1,1,pre_allocation
15,3008,greenran_normal,0,0,65535_65535,0,2,51231,133,1,1,1,18,133,28,1,1,allocated
15,3008,greenran_normal,0,0,65535_65535,0,3,51225,126,1,1,0,17,0,28,1,1,pre_allocation
15,3008,greenran_normal,0,0,65535_65535,0,3,51225,133,1,1,1,18,133,28,1,1,allocated
15,3008,greenran_normal,0,0,65535_65535,0,5,51221,126,1,1,0,17,0,28,1,1,pre_allocation
15,3008,greenran_normal,0,0,65535_65535,0,5,51221,133,1,1,1,18,133,28,1,1,allocated
15,3008,greenran_normal,0,0,65535_65535,0,4,51623,93,1,1,0,18,0,22,1,1,pre_allocation
15,3008,greenran_normal,0,0,65535_65535,0,4,51623,98,1,1,1,19,98,22,1,1,allocated
15,3008,greenran_normal,0,0,65535_65535,0,1,51234,133,1,1,0,18,0,28,1,1,pre_allocation
15,3008,greenran_normal,0,0,65535_65535,0,1,51234,141,1,1,1,19,141,28,1,1,allocated
15,3008,greenran_normal,0,0,65535_65535,0,2,51231,133,1,1,0,18,0,28,1,1,pre_allocation
15,3008,greenran_normal,0,0,65535_65535,0,2,51231,141,1,1,1,19,141,28,1,1,allocated
15,3008,greenran_normal,0,0,65535_65535,0,3,51225,133,1,1,0,18,0,28,1,1,pre_allocation
15,3008,greenran_normal,0,0,65535_65535,0,3,51225,141,1,1,1,19,141,28,1,1,allocated
15,3008,greenran_normal,0,0,65535_65535,0,5,51221,133,1,1,0,18,0,28,1,1,pre_allocation
15,3008,greenran_normal,0,0,65535_65535,0,5,51221,141,1,1,1,19,141,28,1,1,allocated
15,3008,greenran_normal,0,0,65535_65535,0,4,51623,98,1,1,0,19,0,22,1,1,pre_allocation
15,3008,greenran_normal,0,0,65535_65535,0,4,51623,104,1,1,1,20,104,22,1,1,allocated
15,3008,greenran_normal,0,0,65535_65535,0,1,51234,141,1,1,0,19,0,28,1,1,pre_allocation
15,3008,greenran_normal,0,0,65535_65535,0,1,51234,148,1,1,1,20,148,28,1,1,allocated
15,3008,greenran_normal,0,0,65535_65535,0,2,51231,141,1,1,0,19,0,28,1,1,pre_allocation
15,3008,greenran_normal,0,0,65535_65535,0,2,51231,148,1,1,1,20,148,28,1,1,allocated
15,3008,greenran_normal,0,0,65535_65535,0,3,51225,141,1,1,0,19,0,28,1,1,pre_allocation
15,3008,greenran_normal,0,0,65535_65535,0,3,51225,148,1,1,1,20,148,28,1,1,allocated
15,3008,greenran_normal,0,0,65535_65535,0,5,51221,141,1,1,0,19,0,28,1,1,pre_allocation
15,3008,greenran_normal,0,0,65535_65535,0,5,51221,148,1,1,1,20,148,28,1,1,allocated
15,3008,greenran_normal,0,0,65535_65535,0,4,51623,104,1,1,0,20,0,22,1,1,pre_allocation
15,3008,greenran_normal,0,0,65535_65535,0,4,51623,109,1,1,1,21,109,22,1,1,allocated
15,3008,greenran_normal,0,0,65535_65535,0,1,51234,148,1,1,0,20,0,28,1,1,pre_allocation
15,3008,greenran_normal,0,0,65535_65535,0,1,51234,156,1,1,1,21,156,28,1,1,allocated
15,3008,greenran_normal,0,0,65535_65535,0,2,51231,148,1,1,0,20,0,28,1,1,pre_allocation
15,3008,greenran_normal,0,0,65535_65535,0,2,51231,156,1,1,1,21,156,28,1,1,allocated
15,3008,greenran_normal,0,0,65535_65535,0,3,51225,148,1,1,0,20,0,28,1,1,pre_allocation
15,3008,greenran_normal,0,0,65535_65535,0,3,51225,156,1,1,1,21,156,28,1,1,allocated
15,3008,greenran_normal,0,0,65535_65535,0,5,51221,148,1,1,0,20,0,28,1,1,pre_allocation
15,3008,greenran_normal,0,0,65535_65535,0,5,51221,156,1,1,1,21,156,28,1,1,allocated
15,3008,greenran_normal,0,0,65535_65535,0,4,51623,109,1,1,0,21,0,22,1,1,pre_allocation
15,3008,greenran_normal,0,0,65535_65535,0,4,51623,114,1,1,1,22,114,22,1,1,allocated
15,3008,greenran_normal,0,0,65535_65535,0,1,51234,156,1,1,0,21,0,28,1,1,pre_allocation
15,3008,greenran_normal,0,0,65535_65535,0,1,51234,163,1,1,1,22,163,28,1,1,allocated
15,3008,greenran_normal,0,0,65535_65535,0,2,51231,156,1,1,0,21,0,28,1,1,pre_allocation
15,3008,greenran_normal,0,0,65535_65535,0,2,51231,163,1,1,1,22,163,28,1,1,allocated
15,3008,greenran_normal,0,0,65535_65535,0,3,51225,156,1,1,0,21,0,28,1,1,pre_allocation
15,3008,greenran_normal,0,0,65535_65535,0,3,51225,163,1,1,1,22,163,28,1,1,allocated
15,3008,greenran_normal,0,0,65535_65535,0,5,51221,156,1,1,0,21,0,28,1,1,pre_allocation
15,3008,greenran_normal,0,0,65535_65535,0,5,51221,163,1,1,1,22,163,28,1,1,allocated
15,3008,greenran_normal,0,0,65535_65535,0,4,51623,114,1,1,0,22,0,22,1,1,pre_allocation
15,3008,greenran_normal,0,0,65535_65535,0,4,51623,120,1,1,1,23,120,22,1,1,allocated
15,3008,greenran_normal,0,0,65535_65535,0,1,51234,163,1,1,0,22,0,28,1,1,pre_allocation
15,3008,greenran_normal,0,0,65535_65535,0,1,51234,171,1,1,1,23,171,28,1,1,allocated
15,3008,greenran_normal,0,0,65535_65535,0,2,51231,163,1,1,0,22,0,28,1,1,pre_allocation
15,3008,greenran_normal,0,0,65535_65535,0,2,51231,171,1,1,1,23,171,28,1,1,allocated
15,3008,greenran_normal,0,0,65535_65535,0,3,51225,163,1,1,0,22,0,28,1,1,pre_allocation
15,3008,greenran_normal,0,0,65535_65535,0,3,51225,171,1,1,1,23,171,28,1,1,allocated
15,3008,greenran_normal,0,0,65535_65535,0,5,51221,163,1,1,0,22,0,28,1,1,pre_allocation
15,3008,greenran_normal,0,0,65535_65535,0,5,51221,171,1,1,1,23,171,28,1,1,allocated
15,3008,greenran_normal,0,0,65535_65535,0,4,51623,120,1,1,0,23,0,22,1,1,pre_allocation
15,3008,greenran_normal,0,0,65535_65535,0,4,51623,125,1,1,1,24,125,22,1,1,allocated
15,3008,greenran_normal,0,0,65535_65535,0,1,51234,171,1,1,0,23,0,28,1,1,pre_allocation
15,3008,greenran_normal,0,0,65535_65535,0,1,51234,179,1,1,1,24,179,28,1,1,allocated
15,3008,greenran_normal,0,0,65535_65535,0,2,51231,171,1,1,0,23,0,28,1,1,pre_allocation
15,3008,greenran_normal,0,0,65535_65535,0,2,51231,179,1,1,1,24,179,28,1,1,allocated
15,3008,greenran_normal,0,0,65535_65535,0,3,51225,171,1,1,0,23,0,28,1,1,pre_allocation
15,3008,greenran_normal,0,0,65535_65535,0,3,51225,179,1,1,1,24,179,28,1,1,allocated
15,3008,greenran_normal,0,0,65535_65535,0,5,51221,171,1,1,0,23,0,28,1,1,pre_allocation
15,3008,greenran_normal,0,0,65535_65535,0,5,51221,179,1,1,1,24,179,28,1,1,allocated
15,3008,greenran_normal,0,0,65535_65535,0,4,51623,125,1,1,0,24,0,22,1,1,pre_allocation
15,3008,greenran_normal,0,0,65535_65535,0,4,51623,131,1,1,1,25,131,22,1,1,allocated
15,3008,greenran_normal,0,0,65535_65535,0,1,51234,179,1,1,0,24,0,28,1,1,pre_allocation
15,3008,greenran_normal,0,0,65535_65535,0,1,51234,186,1,1,1,25,186,28,1,1,allocated
15,3008,greenran_normal,0,0,65535_65535,0,2,51231,179,1,1,0,24,0,28,1,1,pre_allocation
15,3008,greenran_normal,0,0,65535_65535,0,2,51231,186,1,1,1,25,186,28,1,1,allocated
15,3008,greenran_normal,0,0,65535_65535,0,3,51225,179,1,1,0,24,0,28,1,1,pre_allocation
15,3008,greenran_normal,0,0,65535_65535,0,3,51225,186,1,1,1,25,186,28,1,1,allocated
15,3008,greenran_normal,0,0,65535_65535,0,5,51221,179,1,1,0,24,0,28,1,1,pre_allocation
15,3008,greenran_normal,0,0,65535_65535,0,5,51221,186,1,1,1,25,186,28,1,1,allocated
15,3008,greenran_normal,0,0,65535_65535,0,4,51623,131,1,1,0,25,0,22,1,1,pre_allocation
15,3008,greenran_normal,0,0,65535_65535,0,4,51623,136,1,1,1,26,136,22,1,1,allocated
15,3008,greenran_normal,0,0,65535_65535,0,1,51234,186,1,1,0,25,0,28,1,1,pre_allocation
15,3008,greenran_normal,0,0,65535_65535,0,1,51234,194,1,1,1,26,194,28,1,1,allocated
15,3008,greenran_normal,0,0,65535_65535,0,2,51231,186,1,1,0,25,0,28,1,1,pre_allocation
15,3008,greenran_normal,0,0,65535_65535,0,2,51231,194,1,1,1,26,194,28,1,1,allocated
15,3008,greenran_normal,0,0,65535_65535,0,3,51225,186,1,1,0,25,0,28,1,1,pre_allocation
15,3008,greenran_normal,0,0,65535_65535,0,3,51225,194,1,1,1,26,194,28,1,1,allocated
15,3008,greenran_normal,0,0,65535_65535,0,5,51221,186,1,1,0,25,0,28,1,1,pre_allocation
15,3008,greenran_normal,0,0,65535_65535,0,5,51221,194,1,1,1,26,194,28,1,1,allocated
15,3008,greenran_normal,0,0,65535_65535,0,4,51623,136,1,1,0,26,0,22,1,1,pre_allocation
15,3008,greenran_normal,0,0,65535_65535,0,4,51623,141,1,1,1,27,141,22,1,1,allocated
15,3008,greenran_normal,0,0,65535_65535,0,1,51234,194,1,1,0,26,0,28,1,1,pre_allocation
15,3008,greenran_normal,0,0,65535_65535,0,1,51234,201,1,1,1,27,201,28,1,1,allocated
15,3008,greenran_normal,0,0,65535_65535,0,2,51231,194,1,1,0,26,0,28,1,1,pre_allocation
15,3008,greenran_normal,0,0,65535_65535,0,2,51231,201,1,1,1,27,201,28,1,1,allocated
15,3008,greenran_normal,0,0,65535_65535,0,3,51225,194,1,1,0,26,0,28,1,1,pre_allocation
15,3008,greenran_normal,0,0,65535_65535,0,3,51225,201,1,1,1,27,201,28,1,1,allocated
15,3008,greenran_normal,0,0,65535_65535,0,5,51221,194,1,1,0,26,0,28,1,1,pre_allocation
15,3008,greenran_normal,0,0,65535_65535,0,5,51221,201,1,1,1,27,201,28,1,1,allocated
15,3008,greenran_normal,0,0,65535_65535,0,4,51623,141,1,1,0,27,0,22,1,1,pre_allocation
15,3008,greenran_normal,0,0,65535_65535,0,4,51623,147,1,1,1,28,147,22,1,1,allocated
15,3008,greenran_normal,0,0,65535_65535,0,1,51234,201,1,1,0,27,0,28,1,1,pre_allocation
15,3008,greenran_normal,0,0,65535_65535,0,1,51234,209,1,1,1,28,209,28,1,1,allocated
15,3008,greenran_normal,0,0,65535_65535,0,2,51231,201,1,1,0,27,0,28,1,1,pre_allocation
15,3008,greenran_normal,0,0,65535_65535,0,2,51231,209,1,1,1,28,209,28,1,1,allocated
15,3008,greenran_normal,0,0,65535_65535,0,3,51225,201,1,1,0,27,0,28,1,1,pre_allocation
15,3008,greenran_normal,0,0,65535_65535,0,3,51225,209,1,1,1,28,209,28,1,1,allocated
15,3008,greenran_normal,0,0,65535_65535,0,5,51221,201,1,1,0,27,0,28,1,1,pre_allocation
15,3008,greenran_normal,0,0,65535_65535,0,5,51221,209,1,1,1,28,209,28,1,1,allocated
15,3008,greenran_normal,0,0,65535_65535,0,4,51623,147,1,1,0,28,0,22,1,1,pre_allocation
15,3008,greenran_normal,0,0,65535_65535,0,4,51623,152,1,1,1,29,152,22,1,1,allocated
15,3008,greenran_normal,0,0,65535_65535,0,1,51234,209,1,1,0,28,0,28,1,1,pre_allocation
15,3008,greenran_normal,0,0,65535_65535,0,1,51234,217,1,1,1,29,217,28,1,1,allocated
15,3008,greenran_normal,0,0,65535_65535,0,2,51231,209,1,1,0,28,0,28,1,1,pre_allocation
15,3008,greenran_normal,0,0,65535_65535,0,2,51231,217,1,1,1,29,217,28,1,1,allocated
15,3008,greenran_normal,0,0,65535_65535,0,3,51225,209,1,1,0,28,0,28,1,1,pre_allocation
15,3008,greenran_normal,0,0,65535_65535,0,3,51225,217,1,1,1,29,217,28,1,1,allocated
15,3008,greenran_normal,0,0,65535_65535,0,5,51221,209,1,1,0,28,0,28,1,1,pre_allocation
15,3008,greenran_normal,0,0,65535_65535,0,5,51221,217,1,1,1,29,217,28,1,1,allocated
15,3008,greenran_normal,0,0,65535_65535,0,4,51623,152,1,1,0,29,0,22,1,1,pre_allocation
15,3008,greenran_normal,0,0,65535_65535,0,4,51623,157,1,1,1,30,157,22,1,1,allocated
15,3008,greenran_normal,0,0,65535_65535,0,1,51234,217,1,1,0,29,0,28,1,1,pre_allocation
15,3008,greenran_normal,0,0,65535_65535,0,1,51234,224,1,1,1,30,224,28,1,1,allocated
15,3008,greenran_normal,0,0,65535_65535,0,2,51231,217,1,1,0,29,0,28,1,1,pre_allocation
15,3008,greenran_normal,0,0,65535_65535,0,2,51231,224,1,1,1,30,224,28,1,1,allocated
15,3008,greenran_normal,0,0,65535_65535,0,3,51225,217,1,1,0,29,0,28,1,1,pre_allocation
15,3008,greenran_normal,0,0,65535_65535,0,3,51225,224,1,1,1,30,224,28,1,1,allocated
15,3008,greenran_normal,0,0,65535_65535,0,5,51221,217,1,1,0,29,0,28,1,1,pre_allocation
15,3008,greenran_normal,0,0,65535_65535,0,5,51221,224,1,1,1,30,224,28,1,1,allocated
15,3008,greenran_normal,0,0,65535_65535,0,4,51623,157,1,1,0,30,0,22,1,1,pre_allocation
15,3008,greenran_normal,0,0,65535_65535,0,4,51623,163,1,1,1,31,163,22,1,1,allocated
15,3008,greenran_normal,0,0,65535_65535,0,1,51234,224,1,1,0,30,0,28,1,1,pre_allocation
15,3008,greenran_normal,0,0,65535_65535,0,1,51234,232,1,1,1,31,232,28,1,1,allocated
15,3008,greenran_normal,0,0,65535_65535,0,2,51231,224,1,1,0,30,0,28,1,1,pre_allocation
15,3008,greenran_normal,0,0,65535_65535,0,2,51231,232,1,1,1,31,232,28,1,1,allocated
15,3008,greenran_normal,0,0,65535_65535,0,3,51225,224,1,1,0,30,0,28,1,1,pre_allocation
15,3008,greenran_normal,0,0,65535_65535,0,3,51225,232,1,1,1,31,232,28,1,1,allocated
15,3008,greenran_normal,0,0,65535_65535,0,5,51221,224,1,1,0,30,0,28,1,1,pre_allocation
15,3008,greenran_normal,0,0,65535_65535,0,5,51221,232,1,1,1,31,232,28,1,1,allocated
15,3008,greenran_normal,0,0,65535_65535,0,4,51623,163,1,1,0,31,0,22,1,1,pre_allocation
15,3008,greenran_normal,0,0,65535_65535,0,4,51623,168,1,1,1,32,168,22,1,1,allocated
15,3008,greenran_normal,0,0,65535_65535,0,1,51234,232,1,1,0,31,0,28,1,1,pre_allocation
15,3008,greenran_normal,0,0,65535_65535,0,1,51234,239,1,1,1,32,239,28,1,1,allocated
15,3008,greenran_normal,0,0,65535_65535,0,2,51231,232,1,1,0,31,0,28,1,1,pre_allocation
15,3008,greenran_normal,0,0,65535_65535,0,2,51231,239,1,1,1,32,239,28,1,1,allocated
15,3008,greenran_normal,0,0,65535_65535,0,3,51225,232,1,1,0,31,0,28,1,1,pre_allocation
15,3008,greenran_normal,0,0,65535_65535,0,3,51225,239,1,1,1,32,239,28,1,1,allocated
15,3008,greenran_normal,0,0,65535_65535,0,5,51221,232,1,1,0,31,0,28,1,1,pre_allocation
15,3008,greenran_normal,0,0,65535_65535,0,5,51221,239,1,1,1,32,239,28,1,1,allocated
15,3008,greenran_normal,0,0,65535_65535,0,4,51623,168,1,1,0,32,0,22,1,1,pre_allocation
15,3008,greenran_normal,0,0,65535_65535,0,4,51623,173,1,1,1,33,173,22,1,1,allocated
15,3008,greenran_normal,0,0,65535_65535,0,1,51234,239,1,1,0,32,0,28,1,1,pre_allocation
15,3008,greenran_normal,0,0,65535_65535,0,1,51234,247,1,1,1,33,247,28,1,1,allocated
15,3008,greenran_normal,0,0,65535_65535,0,2,51231,239,1,1,0,32,0,28,1,1,pre_allocation
15,3008,greenran_normal,0,0,65535_65535,0,2,51231,247,1,1,1,33,247,28,1,1,allocated
15,3008,greenran_normal,0,0,65535_65535,0,3,51225,239,1,1,0,32,0,28,1,1,pre_allocation
15,3008,greenran_normal,0,0,65535_65535,0,3,51225,247,1,1,1,33,247,28,1,1,allocated
15,3008,greenran_normal,0,0,65535_65535,0,5,51221,239,1,1,0,32,0,28,1,1,pre_allocation
15,3008,greenran_normal,0,0,65535_65535,0,5,51221,247,1,1,1,33,247,28,1,1,allocated
15,3008,greenran_normal,0,0,65535_65535,0,4,51623,173,1,1,0,33,0,22,1,1,pre_allocation
15,3008,greenran_normal,0,0,65535_65535,0,4,51623,179,1,1,1,34,179,22,1,1,allocated
15,3008,greenran_normal,0,0,65535_65535,0,1,51234,247,1,1,0,33,0,28,1,1,pre_allocation
15,3008,greenran_normal,0,0,65535_65535,0,1,51234,255,1,1,1,34,255,28,1,1,allocated
15,3008,greenran_normal,0,0,65535_65535,0,2,51231,247,1,1,0,33,0,28,1,1,pre_allocation
15,3008,greenran_normal,0,0,65535_65535,0,2,51231,255,1,1,1,34,255,28,1,1,allocated
15,3008,greenran_normal,0,0,65535_65535,0,3,51225,247,1,1,0,33,0,28,1,1,pre_allocation
15,3008,greenran_normal,0,0,65535_65535,0,3,51225,255,1,1,1,34,255,28,1,1,allocated
15,3008,greenran_normal,0,0,65535_65535,0,5,51221,247,1,1,0,33,0,28,1,1,pre_allocation
15,3008,greenran_normal,0,0,65535_65535,0,5,51221,255,1,1,1,34,255,28,1,1,allocated
15,3008,greenran_normal,0,0,65535_65535,0,4,51623,179,1,1,0,34,0,22,1,1,pre_allocation
15,3008,greenran_normal,0,0,65535_65535,0,4,51623,184,1,1,1,35,184,22,1,1,allocated
15,3008,greenran_normal,0,0,65535_65535,0,1,51234,255,1,1,0,34,0,28,1,1,pre_allocation
15,3008,greenran_normal,0,0,65535_65535,0,1,51234,262,1,1,1,35,262,28,1,1,allocated
15,3008,greenran_normal,0,0,65535_65535,0,2,51231,255,1,1,0,34,0,28,1,1,pre_allocation
15,3008,greenran_normal,0,0,65535_65535,0,2,51231,262,1,1,1,35,262,28,1,1,allocated
15,3008,greenran_normal,0,0,65535_65535,0,3,51225,255,1,1,0,34,0,28,1,1,pre_allocation
15,3008,greenran_normal,0,0,65535_65535,0,3,51225,262,1,1,1,35,262,28,1,1,allocated
15,3008,greenran_normal,0,0,65535_65535,0,5,51221,255,1,1,0,34,0,28,1,1,pre_allocation
15,3008,greenran_normal,0,0,65535_65535,0,5,51221,262,1,1,1,35,262,28,1,1,allocated
15,3008,greenran_normal,0,0,65535_65535,0,4,51623,184,1,1,0,35,0,22,1,1,pre_allocation
15,3008,greenran_normal,0,0,65535_65535,0,4,51623,190,1,1,1,36,190,22,1,1,allocated
15,3008,greenran_normal,0,0,65535_65535,0,1,51234,262,1,1,0,35,0,28,1,1,pre_allocation
15,3008,greenran_normal,0,0,65535_65535,0,1,51234,270,1,1,1,36,270,28,1,1,allocated
15,3008,greenran_normal,0,0,65535_65535,0,2,51231,262,1,1,0,35,0,28,1,1,pre_allocation
15,3008,greenran_normal,0,0,65535_65535,0,2,51231,270,1,1,1,36,270,28,1,1,allocated
15,3008,greenran_normal,0,0,65535_65535,0,3,51225,262,1,1,0,35,0,28,1,1,pre_allocation
15,3008,greenran_normal,0,0,65535_65535,0,3,51225,270,1,1,1,36,270,28,1,1,allocated
15,3008,greenran_normal,0,0,65535_65535,0,5,51221,262,1,1,0,35,0,28,1,1,pre_allocation
15,3008,greenran_normal,0,0,65535_65535,0,5,51221,270,1,1,1,36,270,28,1,1,allocated
15,3008,greenran_normal,0,0,65535_65535,0,4,51623,190,1,1,0,36,0,22,1,1,pre_allocation
15,3008,greenran_normal,0,0,65535_65535,0,4,51623,195,1,1,1,37,195,22,1,1,allocated
15,3008,greenran_normal,0,0,65535_65535,0,1,51234,270,1,1,0,36,0,28,1,1,pre_allocation
15,3008,greenran_normal,0,0,65535_65535,0,1,51234,277,1,1,1,37,277,28,1,1,allocated
15,3008,greenran_normal,0,0,65535_65535,0,2,51231,270,1,1,0,36,0,28,1,1,pre_allocation
15,3008,greenran_normal,0,0,65535_65535,0,2,51231,277,1,1,1,37,277,28,1,1,allocated
15,3008,greenran_normal,0,0,65535_65535,0,3,51225,270,1,1,0,36,0,28,1,1,pre_allocation
15,3008,greenran_normal,0,0,65535_65535,0,3,51225,277,1,1,1,37,277,28,1,1,allocated
15,3008,greenran_normal,0,0,65535_65535,0,5,51221,270,1,1,0,36,0,28,1,1,pre_allocation
15,3008,greenran_normal,0,0,65535_65535,0,5,51221,277,1,1,1,37,277,28,1,1,allocated
15,3008,greenran_normal,0,0,65535_65535,0,4,51623,195,1,1,0,37,0,22,1,1,pre_allocation
15,3008,greenran_normal,0,0,65535_65535,0,4,51623,200,1,1,1,38,200,22,1,1,allocated
15,3008,greenran_normal,0,0,65535_65535,0,1,51234,277,1,1,0,37,0,28,1,1,pre_allocation
15,3008,greenran_normal,0,0,65535_65535,0,1,51234,285,1,1,1,38,285,28,1,1,allocated
15,3008,greenran_normal,0,0,65535_65535,0,2,51231,277,1,1,0,37,0,28,1,1,pre_allocation
15,3008,greenran_normal,0,0,65535_65535,0,2,51231,285,1,1,1,38,285,28,1,1,allocated
15,3008,greenran_normal,0,0,65535_65535,0,3,51225,277,1,1,0,37,0,28,1,1,pre_allocation
15,3008,greenran_normal,0,0,65535_65535,0,3,51225,285,1,1,1,38,285,28,1,1,allocated
15,3008,greenran_normal,0,0,65535_65535,0,5,51221,277,1,1,0,37,0,28,1,1,pre_allocation
15,3008,greenran_normal,0,0,65535_65535,0,5,51221,285,1,1,1,38,285,28,1,1,allocated
15,3008,greenran_normal,0,0,65535_65535,0,4,51623,200,1,1,0,38,0,22,1,1,pre_allocation
15,3008,greenran_normal,0,0,65535_65535,0,4,51623,206,1,1,1,39,206,22,1,1,allocated
15,3008,greenran_normal,0,0,65535_65535,0,1,51234,285,1,1,0,38,0,28,1,1,pre_allocation
15,3008,greenran_normal,0,0,65535_65535,0,1,51234,293,1,1,1,39,293,28,1,1,allocated
15,3008,greenran_normal,0,0,65535_65535,0,2,51231,285,1,1,0,38,0,28,1,1,pre_allocation
15,3008,greenran_normal,0,0,65535_65535,0,2,51231,293,1,1,1,39,293,28,1,1,allocated
15,3008,greenran_normal,0,0,65535_65535,0,3,51225,285,1,1,0,38,0,28,1,1,pre_allocation
15,3008,greenran_normal,0,0,65535_65535,0,3,51225,293,1,1,1,39,293,28,1,1,allocated
15,3008,greenran_normal,0,0,65535_65535,0,5,51221,285,1,1,0,38,0,28,1,1,pre_allocation
15,3008,greenran_normal,0,0,65535_65535,0,5,51221,293,1,1,1,39,293,28,1,1,allocated
15,3008,greenran_normal,0,0,65535_65535,0,4,51623,206,1,1,0,39,0,22,1,1,pre_allocation
15,3008,greenran_normal,0,0,65535_65535,0,4,51623,211,1,1,1,40,211,22,1,1,allocated
15,3008,greenran_normal,0,0,65535_65535,0,1,51234,293,1,1,0,39,0,28,1,1,pre_allocation
15,3008,greenran_normal,0,0,65535_65535,0,1,51234,300,1,1,1,40,300,28,1,1,allocated
15,3008,greenran_normal,0,0,65535_65535,0,2,51231,293,1,1,0,39,0,28,1,1,pre_allocation
15,3008,greenran_normal,0,0,65535_65535,0,2,51231,300,1,1,1,40,300,28,1,1,allocated
15,3008,greenran_normal,0,0,65535_65535,0,3,51225,293,1,1,0,39,0,28,1,1,pre_allocation
15,3008,greenran_normal,0,0,65535_65535,0,3,51225,300,1,1,1,40,300,28,1,1,allocated
15,3008,greenran_normal,0,0,65535_65535,0,5,51221,293,1,1,0,39,0,28,1,1,pre_allocation
15,3008,greenran_normal,0,0,65535_65535,0,5,51221,300,1,1,1,40,300,28,1,1,allocated
15,3008,greenran_normal,0,0,65535_65535,0,4,51623,211,1,1,0,40,0,22,1,1,pre_allocation
15,3008,greenran_normal,0,0,65535_65535,0,4,51623,216,1,1,1,41,216,22,1,1,allocated
15,3008,greenran_normal,0,0,65535_65535,0,1,51234,300,1,1,0,40,0,28,1,1,pre_allocation
15,3008,greenran_normal,0,0,65535_65535,0,1,51234,308,1,1,1,41,308,28,1,1,allocated
15,3008,greenran_normal,0,0,65535_65535,0,2,51231,300,1,1,0,40,0,28,1,1,pre_allocation
15,3008,greenran_normal,0,0,65535_65535,0,2,51231,308,1,1,1,41,308,28,1,1,allocated
15,3008,greenran_normal,0,0,65535_65535,0,3,51225,300,1,1,0,40,0,28,1,1,pre_allocation
15,3008,greenran_normal,0,0,65535_65535,0,3,51225,308,1,1,1,41,308,28,1,1,allocated
15,3008,greenran_normal,0,0,65535_65535,0,5,51221,300,1,1,0,40,0,28,1,1,pre_allocation
15,3008,greenran_normal,0,0,65535_65535,0,5,51221,308,1,1,1,41,308,28,1,1,allocated
15,3008,greenran_normal,0,0,65535_65535,0,4,51623,216,1,1,0,41,0,22,1,1,pre_allocation
15,3008,greenran_normal,0,0,65535_65535,0,4,51623,222,1,1,1,42,222,22,1,1,allocated
15,3008,greenran_normal,0,0,65535_65535,0,1,51234,308,1,1,0,41,0,28,1,1,pre_allocation
15,3008,greenran_normal,0,0,65535_65535,0,1,51234,315,1,1,1,42,315,28,1,1,allocated
15,3008,greenran_normal,0,0,65535_65535,0,2,51231,308,1,1,0,41,0,28,1,1,pre_allocation
15,3008,greenran_normal,0,0,65535_65535,0,2,51231,315,1,1,1,42,315,28,1,1,allocated
15,3008,greenran_normal,0,0,65535_65535,0,3,51225,308,1,1,0,41,0,28,1,1,pre_allocation
15,3008,greenran_normal,0,0,65535_65535,0,3,51225,315,1,1,1,42,315,28,1,1,allocated
15,3008,greenran_normal,0,0,65535_65535,0,5,51221,308,1,1,0,41,0,28,1,1,pre_allocation
15,3008,greenran_normal,0,0,65535_65535,0,5,51221,315,1,1,1,42,315,28,1,1,allocated
15,3008,greenran_normal,0,0,65535_65535,0,4,51623,222,1,1,0,42,0,22,1,1,pre_allocation
15,3008,greenran_normal,0,0,65535_65535,0,4,51623,227,1,1,1,43,227,22,1,1,allocated
15,3008,greenran_normal,0,0,65535_65535,2,38,1600974,0,1,1,0,0,0,2,1,1,pre_allocation
15,3008,greenran_normal,0,0,65535_65535,2,38,1600974,0,1,1,1,1,0,2,1,1,allocated
15,3008,greenran_normal,0,0,65535_65535,2,60,1600779,0,1,1,0,0,0,12,1,1,pre_allocation
15,3008,greenran_normal,0,0,65535_65535,2,60,1600779,2,1,1,1,1,2,12,1,1,allocated
15,3008,greenran_normal,0,0,65535_65535,2,64,1600706,0,1,1,0,0,0,18,1,1,pre_allocation
15,3008,greenran_normal,0,0,65535_65535,2,64,1600706,0,1,1,1,1,0,18,1,1,allocated
15,3008,greenran_normal,0,0,65535_65535,2,43,1600583,0,1,1,0,0,0,26,1,1,pre_allocation
15,3008,greenran_normal,0,0,65535_65535,2,43,1600583,4,1,1,1,1,4,26,1,1,allocated
15,3008,greenran_normal,0,0,65535_65535,2,42,1600354,0,1,1,0,0,0,24,1,1,pre_allocation
15,3008,greenran_normal,0,0,65535_65535,2,42,1600354,3,1,1,1,1,3,24,1,1,allocated
15,3008,greenran_normal,0,0,65535_65535,2,36,1600212,0,1,1,0,0,0,28,1,1,pre_allocation
15,3008,greenran_normal,0,0,65535_65535,2,36,1600212,4,1,1,1,1,4,28,1,1,allocated
15,3008,greenran_normal,0,0,65535_65535,2,59,1600203,0,1,1,0,0,0,26,1,1,pre_allocation
15,3008,greenran_normal,0,0,65535_65535,2,59,1600203,4,1,1,1,1,4,26,1,1,allocated
15,3008,greenran_normal,0,0,65535_65535,2,58,1600230,0,1,1,0,0,0,26,1,1,pre_allocation
15,3008,greenran_normal,0,0,65535_65535,2,58,1600230,4,1,1,1,1,4,26,1,1,allocated
15,3008,greenran_normal,0,0,65535_65535,2,62,1600149,0,1,1,0,0,0,28,1,1,pre_allocation
15,3008,greenran_normal,0,0,65535_65535,2,62,1600149,4,1,1,1,1,4,28,1,1,allocated
15,3008,greenran_normal,0,0,65535_65535,2,61,1600149,0,1,1,0,0,0,28,1,1,pre_allocation
15,3008,greenran_normal,0,0,65535_65535,2,61,1600149,4,1,1,1,1,4,28,1,1,allocated
15,3008,greenran_normal,0,0,65535_65535,2,63,1600148,0,1,1,0,0,0,28,1,1,pre_allocation
15,3008,greenran_normal,0,0,65535_65535,2,63,1600148,4,1,1,1,1,4,28,1,1,allocated
15,3008,greenran_normal,0,0,65535_65535,2,35,1600144,0,1,1,0,0,0,28,1,1,pre_allocation
15,3008,greenran_normal,0,0,65535_65535,2,35,1600144,4,1,1,1,1,4,28,1,1,allocated
15,3008,greenran_normal,0,0,65535_65535,2,44,1600144,0,1,1,0,0,0,28,1,1,pre_allocation
15,3008,greenran_normal,0,0,65535_65535,2,44,1600144,4,1,1,1,1,4,28,1,1,allocated
15,3008,greenran_normal,0,0,65535_65535,2,55,1600144,0,1,1,0,0,0,28,1,1,pre_allocation
15,3008,greenran_normal,0,0,65535_65535,2,55,1600144,4,1,1,1,1,4,28,1,1,allocated
15,3008,greenran_normal,0,0,65535_65535,2,56,1600144,0,1,1,0,0,0,28,1,1,pre_allocation
15,3008,greenran_normal,0,0,65535_65535,2,56,1600144,4,1,1,1,1,4,28,1,1,allocated
15,3008,greenran_normal,0,0,65535_65535,2,57,1600144,0,1,1,0,0,0,28,1,1,pre_allocation
15,3008,greenran_normal,0,0,65535_65535,2,57,1600144,4,1,1,1,1,4,28,1,1,allocated
15,3008,greenran_normal,0,0,65535_65535,2,37,1600146,0,1,1,0,0,0,26,1,1,pre_allocation
15,3008,greenran_normal,0,0,65535_65535,2,37,1600146,4,1,1,1,1,4,26,1,1,allocated
15,3008,greenran_normal,0,0,65535_65535,2,39,1600146,0,1,1,0,0,0,28,1,1,pre_allocation
15,3008,greenran_normal,0,0,65535_65535,2,39,1600146,4,1,1,1,1,4,28,1,1,allocated
15,3008,greenran_normal,0,0,65535_65535,2,40,1600146,0,1,1,0,0,0,28,1,1,pre_allocation
15,3008,greenran_normal,0,0,65535_65535,2,40,1600146,4,1,1,1,1,4,28,1,1,allocated
15,3008,greenran_normal,0,0,65535_65535,2,41,1600146,0,1,1,0,0,0,28,1,1,pre_allocation
15,3008,greenran_normal,0,0,65535_65535,2,41,1600146,4,1,1,1,1,4,28,1,1,allocated
15,3008,greenran_normal,0,0,65535_65535,2,38,1600974,0,1,1,0,1,0,2,1,1,pre_allocation
15,3008,greenran_normal,0,0,65535_65535,2,38,1600974,0,1,1,1,2,0,2,1,1,allocated
15,3008,greenran_normal,0,0,65535_65535,2,60,1600779,2,1,1,0,1,0,12,1,1,pre_allocation
15,3008,greenran_normal,0,0,65535_65535,2,60,1600779,1,1,1,1,2,1,12,1,1,allocated
15,3008,greenran_normal,0,0,65535_65535,2,64,1600706,0,1,1,0,1,0,18,1,1,pre_allocation
15,3008,greenran_normal,0,0,65535_65535,2,64,1600706,4,1,1,1,2,4,18,1,1,allocated
15,3008,greenran_normal,0,0,65535_65535,2,43,1600583,4,1,1,0,1,0,26,1,1,pre_allocation
15,3008,greenran_normal,0,0,65535_65535,2,43,1600583,11,1,1,1,2,11,26,1,1,allocated
15,3008,greenran_normal,0,0,65535_65535,2,42,1600354,3,1,1,0,1,0,24,1,1,pre_allocation
15,3008,greenran_normal,0,0,65535_65535,2,42,1600354,9,1,1,1,2,9,24,1,1,allocated
15,3008,greenran_normal,0,0,65535_65535,2,36,1600212,4,1,1,0,1,0,28,1,1,pre_allocation
15,3008,greenran_normal,0,0,65535_65535,2,36,1600212,12,1,1,1,2,12,28,1,1,allocated
15,3008,greenran_normal,0,0,65535_65535,2,59,1600203,4,1,1,0,1,0,26,1,1,pre_allocation
15,3008,greenran_normal,0,0,65535_65535,2,59,1600203,11,1,1,1,2,11,26,1,1,allocated
15,3008,greenran_normal,0,0,65535_65535,2,58,1600230,4,1,1,0,1,0,26,1,1,pre_allocation
15,3008,greenran_normal,0,0,65535_65535,2,58,1600230,11,1,1,1,2,11,26,1,1,allocated
15,3008,greenran_normal,0,0,65535_65535,2,62,1600149,4,1,1,0,1,0,28,1,1,pre_allocation
15,3008,greenran_normal,0,0,65535_65535,2,62,1600149,12,1,1,1,2,12,28,1,1,allocated
15,3008,greenran_normal,0,0,65535_65535,2,61,1600149,4,1,1,0,1,0,28,1,1,pre_allocation
15,3008,greenran_normal,0,0,65535_65535,2,61,1600149,12,1,1,1,2,12,28,1,1,allocated
15,3008,greenran_normal,0,0,65535_65535,2,63,1600148,4,1,1,0,1,0,28,1,1,pre_allocation
15,3008,greenran_normal,0,0,65535_65535,2,63,1600148,12,1,1,1,2,12,28,1,1,allocated
15,3008,greenran_normal,0,0,65535_65535,2,35,1600144,4,1,1,0,1,0,28,1,1,pre_allocation
15,3008,greenran_normal,0,0,65535_65535,2,35,1600144,12,1,1,1,2,12,28,1,1,allocated
15,3008,greenran_normal,0,0,65535_65535,2,44,1600144,4,1,1,0,1,0,28,1,1,pre_allocation
15,3008,greenran_normal,0,0,65535_65535,2,44,1600144,12,1,1,1,2,12,28,1,1,allocated
15,3008,greenran_normal,0,0,65535_65535,2,55,1600144,4,1,1,0,1,0,28,1,1,pre_allocation
15,3008,greenran_normal,0,0,65535_65535,2,55,1600144,12,1,1,1,2,12,28,1,1,allocated
15,3008,greenran_normal,0,0,65535_65535,2,56,1600144,4,1,1,0,1,0,28,1,1,pre_allocation
15,3008,greenran_normal,0,0,65535_65535,2,56,1600144,12,1,1,1,2,12,28,1,1,allocated
15,3008,greenran_normal,0,0,65535_65535,2,57,1600144,4,1,1,0,1,0,28,1,1,pre_allocation
15,3008,greenran_normal,0,0,65535_65535,2,57,1600144,12,1,1,1,2,12,28,1,1,allocated
15,3008,greenran_normal,0,0,65535_65535,2,37,1600146,4,1,1,0,1,0,26,1,1,pre_allocation
15,3008,greenran_normal,0,0,65535_65535,2,37,1600146,11,1,1,1,2,11,26,1,1,allocated
15,3008,greenran_normal,0,0,65535_65535,2,39,1600146,4,1,1,0,1,0,28,1,1,pre_allocation
15,3008,greenran_normal,0,0,65535_65535,2,39,1600146,12,1,1,1,2,12,28,1,1,allocated
15,3008,greenran_normal,0,0,65535_65535,2,40,1600146,4,1,1,0,1,0,28,1,1,pre_allocation
15,3008,greenran_normal,0,0,65535_65535,2,40,1600146,12,1,1,1,2,12,28,1,1,allocated
15,3008,greenran_normal,0,0,65535_65535,2,41,1600146,4,1,1,0,1,0,28,1,1,pre_allocation
15,3008,greenran_normal,0,0,65535_65535,2,41,1600146,12,1,1,1,2,12,28,1,1,allocated
15,3008,greenran_normal,0,0,65535_65535,2,38,1600974,0,1,1,0,2,0,2,1,1,pre_allocation
15,3008,greenran_normal,0,0,65535_65535,2,38,1600974,0,1,1,1,3,0,2,1,1,allocated
15,3008,greenran_normal,0,0,65535_65535,2,60,1600779,1,1,1,0,2,0,12,1,1,pre_allocation
15,3008,greenran_normal,0,0,65535_65535,2,60,1600779,3,1,1,1,3,3,12,1,1,allocated
15,3008,greenran_normal,0,0,65535_65535,2,64,1600706,4,1,1,0,2,0,18,1,1,pre_allocation
15,3008,greenran_normal,0,0,65535_65535,2,64,1600706,8,1,1,1,3,8,18,1,1,allocated
15,3008,greenran_normal,0,0,65535_65535,2,43,1600583,11,1,1,0,2,0,26,1,1,pre_allocation
15,3008,greenran_normal,0,0,65535_65535,2,43,1600583,18,1,1,1,3,18,26,1,1,allocated
15,3008,greenran_normal,0,0,65535_65535,2,42,1600354,9,1,1,0,2,0,24,1,1,pre_allocation
15,3008,greenran_normal,0,0,65535_65535,2,42,1600354,15,1,1,1,3,15,24,1,1,allocated
15,3008,greenran_normal,0,0,65535_65535,2,36,1600212,12,1,1,0,2,0,28,1,1,pre_allocation
15,3008,greenran_normal,0,0,65535_65535,2,36,1600212,19,1,1,1,3,19,28,1,1,allocated
15,3008,greenran_normal,0,0,65535_65535,2,59,1600203,11,1,1,0,2,0,26,1,1,pre_allocation
15,3008,greenran_normal,0,0,65535_65535,2,59,1600203,18,1,1,1,3,18,26,1,1,allocated
15,3008,greenran_normal,0,0,65535_65535,2,58,1600230,11,1,1,0,2,0,26,1,1,pre_allocation
15,3008,greenran_normal,0,0,65535_65535,2,58,1600230,18,1,1,1,3,18,26,1,1,allocated
15,3008,greenran_normal,0,0,65535_65535,2,62,1600149,12,1,1,0,2,0,28,1,1,pre_allocation
15,3008,greenran_normal,0,0,65535_65535,2,62,1600149,19,1,1,1,3,19,28,1,1,allocated
15,3008,greenran_normal,0,0,65535_65535,2,61,1600149,12,1,1,0,2,0,28,1,1,pre_allocation
15,3008,greenran_normal,0,0,65535_65535,2,61,1600149,19,1,1,1,3,19,28,1,1,allocated
15,3008,greenran_normal,0,0,65535_65535,2,63,1600148,12,1,1,0,2,0,28,1,1,pre_allocation
15,3008,greenran_normal,0,0,65535_65535,2,63,1600148,19,1,1,1,3,19,28,1,1,allocated
15,3008,greenran_normal,0,0,65535_65535,2,35,1600144,12,1,1,0,2,0,28,1,1,pre_allocation
15,3008,greenran_normal,0,0,65535_65535,2,35,1600144,19,1,1,1,3,19,28,1,1,allocated
15,3008,greenran_normal,0,0,65535_65535,2,44,1600144,12,1,1,0,2,0,28,1,1,pre_allocation
15,3008,greenran_normal,0,0,65535_65535,2,44,1600144,19,1,1,1,3,19,28,1,1,allocated
15,3008,greenran_normal,0,0,65535_65535,2,55,1600144,12,1,1,0,2,0,28,1,1,pre_allocation
15,3008,greenran_normal,0,0,65535_65535,2,55,1600144,19,1,1,1,3,19,28,1,1,allocated
15,3008,greenran_normal,0,0,65535_65535,2,56,1600144,12,1,1,0,2,0,28,1,1,pre_allocation
15,3008,greenran_normal,0,0,65535_65535,2,56,1600144,19,1,1,1,3,19,28,1,1,allocated
17,3476,greenran_normal,0,0,65535_65535,0,4,60945,0,1,1,0,0,0,22,1,1,pre_allocation
17,3476,greenran_normal,0,0,65535_65535,0,4,60945,2,1,1,1,1,2,22,1,1,allocated
17,3476,greenran_normal,0,0,65535_65535,0,1,60380,0,1,1,0,0,0,28,1,1,pre_allocation
17,3476,greenran_normal,0,0,65535_65535,0,1,60380,4,1,1,1,1,4,28,1,1,allocated
17,3476,greenran_normal,0,0,65535_65535,0,2,60377,0,1,1,0,0,0,28,1,1,pre_allocation
17,3476,greenran_normal,0,0,65535_65535,0,2,60377,4,1,1,1,1,4,28,1,1,allocated
17,3476,greenran_normal,0,0,65535_65535,0,3,60371,0,1,1,0,0,0,28,1,1,pre_allocation
17,3476,greenran_normal,0,0,65535_65535,0,3,60371,4,1,1,1,1,4,28,1,1,allocated
17,3476,greenran_normal,0,0,65535_65535,0,5,60367,0,1,1,0,0,0,28,1,1,pre_allocation
17,3476,greenran_normal,0,0,65535_65535,0,5,60367,4,1,1,1,1,4,28,1,1,allocated
17,3476,greenran_normal,0,0,65535_65535,0,4,60945,2,1,1,0,1,0,22,1,1,pre_allocation
17,3476,greenran_normal,0,0,65535_65535,0,4,60945,7,1,1,1,2,7,22,1,1,allocated
17,3476,greenran_normal,0,0,65535_65535,0,1,60380,4,1,1,0,1,0,28,1,1,pre_allocation
17,3476,greenran_normal,0,0,65535_65535,0,1,60380,12,1,1,1,2,12,28,1,1,allocated
17,3476,greenran_normal,0,0,65535_65535,0,2,60377,4,1,1,0,1,0,28,1,1,pre_allocation
17,3476,greenran_normal,0,0,65535_65535,0,2,60377,12,1,1,1,2,12,28,1,1,allocated
17,3476,greenran_normal,0,0,65535_65535,0,3,60371,4,1,1,0,1,0,28,1,1,pre_allocation
17,3476,greenran_normal,0,0,65535_65535,0,3,60371,12,1,1,1,2,12,28,1,1,allocated
17,3476,greenran_normal,0,0,65535_65535,0,5,60367,4,1,1,0,1,0,28,1,1,pre_allocation
17,3476,greenran_normal,0,0,65535_65535,0,5,60367,12,1,1,1,2,12,28,1,1,allocated
17,3476,greenran_normal,0,0,65535_65535,0,4,60945,7,1,1,0,2,0,22,1,1,pre_allocation
17,3476,greenran_normal,0,0,65535_65535,0,4,60945,13,1,1,1,3,13,22,1,1,allocated
17,3476,greenran_normal,0,0,65535_65535,0,1,60380,12,1,1,0,2,0,28,1,1,pre_allocation
17,3476,greenran_normal,0,0,65535_65535,0,1,60380,19,1,1,1,3,19,28,1,1,allocated
17,3476,greenran_normal,0,0,65535_65535,0,2,60377,12,1,1,0,2,0,28,1,1,pre_allocation
17,3476,greenran_normal,0,0,65535_65535,0,2,60377,19,1,1,1,3,19,28,1,1,allocated
17,3476,greenran_normal,0,0,65535_65535,0,3,60371,12,1,1,0,2,0,28,1,1,pre_allocation
17,3476,greenran_normal,0,0,65535_65535,0,3,60371,19,1,1,1,3,19,28,1,1,allocated
17,3476,greenran_normal,0,0,65535_65535,0,5,60367,12,1,1,0,2,0,28,1,1,pre_allocation
17,3476,greenran_normal,0,0,65535_65535,0,5,60367,19,1,1,1,3,19,28,1,1,allocated
17,3476,greenran_normal,0,0,65535_65535,0,4,60945,13,1,1,0,3,0,22,1,1,pre_allocation
17,3476,greenran_normal,0,0,65535_65535,0,4,60945,18,1,1,1,4,18,22,1,1,allocated
17,3476,greenran_normal,0,0,65535_65535,0,1,60380,19,1,1,0,3,0,28,1,1,pre_allocation
17,3476,greenran_normal,0,0,65535_65535,0,1,60380,27,1,1,1,4,27,28,1,1,allocated
17,3476,greenran_normal,0,0,65535_65535,0,2,60377,19,1,1,0,3,0,28,1,1,pre_allocation
17,3476,greenran_normal,0,0,65535_65535,0,2,60377,27,1,1,1,4,27,28,1,1,allocated
17,3476,greenran_normal,0,0,65535_65535,0,3,60371,19,1,1,0,3,0,28,1,1,pre_allocation
17,3476,greenran_normal,0,0,65535_65535,0,3,60371,27,1,1,1,4,27,28,1,1,allocated
17,3476,greenran_normal,0,0,65535_65535,0,5,60367,19,1,1,0,3,0,28,1,1,pre_allocation
17,3476,greenran_normal,0,0,65535_65535,0,5,60367,27,1,1,1,4,27,28,1,1,allocated
17,3476,greenran_normal,0,0,65535_65535,0,4,60945,18,1,1,0,4,0,22,1,1,pre_allocation
17,3476,greenran_normal,0,0,65535_65535,0,4,60945,23,1,1,1,5,23,22,1,1,allocated
17,3476,greenran_normal,0,0,65535_65535,0,1,60380,27,1,1,0,4,0,28,1,1,pre_allocation
17,3476,greenran_normal,0,0,65535_65535,0,1,60380,34,1,1,1,5,34,28,1,1,allocated
17,3476,greenran_normal,0,0,65535_65535,0,2,60377,27,1,1,0,4,0,28,1,1,pre_allocation
17,3476,greenran_normal,0,0,65535_65535,0,2,60377,34,1,1,1,5,34,28,1,1,allocated
17,3476,greenran_normal,0,0,65535_65535,0,3,60371,27,1,1,0,4,0,28,1,1,pre_allocation
17,3476,greenran_normal,0,0,65535_65535,0,3,60371,34,1,1,1,5,34,28,1,1,allocated
17,3476,greenran_normal,0,0,65535_65535,0,5,60367,27,1,1,0,4,0,28,1,1,pre_allocation
17,3476,greenran_normal,0,0,65535_65535,0,5,60367,34,1,1,1,5,34,28,1,1,allocated
17,3476,greenran_normal,0,0,65535_65535,0,4,60945,23,1,1,0,5,0,22,1,1,pre_allocation
17,3476,greenran_normal,0,0,65535_65535,0,4,60945,29,1,1,1,6,29,22,1,1,allocated
17,3476,greenran_normal,0,0,65535_65535,0,1,60380,34,1,1,0,5,0,28,1,1,pre_allocation
17,3476,greenran_normal,0,0,65535_65535,0,1,60380,42,1,1,1,6,42,28,1,1,allocated
17,3476,greenran_normal,0,0,65535_65535,0,2,60377,34,1,1,0,5,0,28,1,1,pre_allocation
17,3476,greenran_normal,0,0,65535_65535,0,2,60377,42,1,1,1,6,42,28,1,1,allocated
17,3476,greenran_normal,0,0,65535_65535,0,3,60371,34,1,1,0,5,0,28,1,1,pre_allocation
17,3476,greenran_normal,0,0,65535_65535,0,3,60371,42,1,1,1,6,42,28,1,1,allocated
17,3476,greenran_normal,0,0,65535_65535,0,5,60367,34,1,1,0,5,0,28,1,1,pre_allocation
17,3476,greenran_normal,0,0,65535_65535,0,5,60367,42,1,1,1,6,42,28,1,1,allocated
17,3476,greenran_normal,0,0,65535_65535,0,4,60945,29,1,1,0,6,0,22,1,1,pre_allocation
17,3476,greenran_normal,0,0,65535_65535,0,4,60945,34,1,1,1,7,34,22,1,1,allocated
17,3476,greenran_normal,0,0,65535_65535,0,1,60380,42,1,1,0,6,0,28,1,1,pre_allocation
17,3476,greenran_normal,0,0,65535_65535,0,1,60380,50,1,1,1,7,50,28,1,1,allocated
17,3476,greenran_normal,0,0,65535_65535,0,2,60377,42,1,1,0,6,0,28,1,1,pre_allocation
17,3476,greenran_normal,0,0,65535_65535,0,2,60377,50,1,1,1,7,50,28,1,1,allocated
17,3476,greenran_normal,0,0,65535_65535,0,3,60371,42,1,1,0,6,0,28,1,1,pre_allocation
17,3476,greenran_normal,0,0,65535_65535,0,3,60371,50,1,1,1,7,50,28,1,1,allocated
17,3476,greenran_normal,0,0,65535_65535,0,5,60367,42,1,1,0,6,0,28,1,1,pre_allocation
17,3476,greenran_normal,0,0,65535_65535,0,5,60367,50,1,1,1,7,50,28,1,1,allocated
17,3476,greenran_normal,0,0,65535_65535,0,4,60945,34,1,1,0,7,0,22,1,1,pre_allocation
17,3476,greenran_normal,0,0,65535_65535,0,4,60945,39,1,1,1,8,39,22,1,1,allocated
17,3476,greenran_normal,0,0,65535_65535,0,1,60380,50,1,1,0,7,0,28,1,1,pre_allocation
17,3476,greenran_normal,0,0,65535_65535,0,1,60380,57,1,1,1,8,57,28,1,1,allocated
17,3476,greenran_normal,0,0,65535_65535,0,2,60377,50,1,1,0,7,0,28,1,1,pre_allocation
17,3476,greenran_normal,0,0,65535_65535,0,2,60377,57,1,1,1,8,57,28,1,1,allocated
17,3476,greenran_normal,0,0,65535_65535,0,3,60371,50,1,1,0,7,0,28,1,1,pre_allocation
17,3476,greenran_normal,0,0,65535_65535,0,3,60371,57,1,1,1,8,57,28,1,1,allocated
17,3476,greenran_normal,0,0,65535_65535,0,5,60367,50,1,1,0,7,0,28,1,1,pre_allocation
17,3476,greenran_normal,0,0,65535_65535,0,5,60367,57,1,1,1,8,57,28,1,1,allocated
17,3476,greenran_normal,0,0,65535_65535,0,4,60945,39,1,1,0,8,0,22,1,1,pre_allocation
17,3476,greenran_normal,0,0,65535_65535,0,4,60945,45,1,1,1,9,45,22,1,1,allocated
17,3476,greenran_normal,0,0,65535_65535,0,1,60380,57,1,1,0,8,0,28,1,1,pre_allocation
17,3476,greenran_normal,0,0,65535_65535,0,1,60380,65,1,1,1,9,65,28,1,1,allocated
17,3476,greenran_normal,0,0,65535_65535,0,2,60377,57,1,1,0,8,0,28,1,1,pre_allocation
17,3476,greenran_normal,0,0,65535_65535,0,2,60377,65,1,1,1,9,65,28,1,1,allocated
17,3476,greenran_normal,0,0,65535_65535,0,3,60371,57,1,1,0,8,0,28,1,1,pre_allocation
17,3476,greenran_normal,0,0,65535_65535,0,3,60371,65,1,1,1,9,65,28,1,1,allocated
17,3476,greenran_normal,0,0,65535_65535,0,5,60367,57,1,1,0,8,0,28,1,1,pre_allocation
17,3476,greenran_normal,0,0,65535_65535,0,5,60367,65,1,1,1,9,65,28,1,1,allocated
17,3476,greenran_normal,0,0,65535_65535,0,4,60945,45,1,1,0,9,0,22,1,1,pre_allocation
17,3476,greenran_normal,0,0,65535_65535,0,4,60945,50,1,1,1,10,50,22,1,1,allocated
17,3476,greenran_normal,0,0,65535_65535,0,1,60380,65,1,1,0,9,0,28,1,1,pre_allocation
17,3476,greenran_normal,0,0,65535_65535,0,1,60380,72,1,1,1,10,72,28,1,1,allocated
17,3476,greenran_normal,0,0,65535_65535,0,2,60377,65,1,1,0,9,0,28,1,1,pre_allocation
17,3476,greenran_normal,0,0,65535_65535,0,2,60377,72,1,1,1,10,72,28,1,1,allocated
17,3476,greenran_normal,0,0,65535_65535,0,3,60371,65,1,1,0,9,0,28,1,1,pre_allocation
17,3476,greenran_normal,0,0,65535_65535,0,3,60371,72,1,1,1,10,72,28,1,1,allocated
17,3476,greenran_normal,0,0,65535_65535,0,5,60367,65,1,1,0,9,0,28,1,1,pre_allocation
17,3476,greenran_normal,0,0,65535_65535,0,5,60367,72,1,1,1,10,72,28,1,1,allocated
17,3476,greenran_normal,0,0,65535_65535,0,4,60945,50,1,1,0,10,0,22,1,1,pre_allocation
17,3476,greenran_normal,0,0,65535_65535,0,4,60945,55,1,1,1,11,55,22,1,1,allocated
17,3476,greenran_normal,0,0,65535_65535,0,1,60380,72,1,1,0,10,0,28,1,1,pre_allocation
17,3476,greenran_normal,0,0,65535_65535,0,1,60380,80,1,1,1,11,80,28,1,1,allocated
17,3476,greenran_normal,0,0,65535_65535,0,2,60377,72,1,1,0,10,0,28,1,1,pre_allocation
17,3476,greenran_normal,0,0,65535_65535,0,2,60377,80,1,1,1,11,80,28,1,1,allocated
17,3476,greenran_normal,0,0,65535_65535,0,3,60371,72,1,1,0,10,0,28,1,1,pre_allocation
17,3476,greenran_normal,0,0,65535_65535,0,3,60371,80,1,1,1,11,80,28,1,1,allocated
17,3476,greenran_normal,0,0,65535_65535,0,5,60367,72,1,1,0,10,0,28,1,1,pre_allocation
17,3476,greenran_normal,0,0,65535_65535,0,5,60367,80,1,1,1,11,80,28,1,1,allocated
17,3476,greenran_normal,0,0,65535_65535,0,4,60945,55,1,1,0,11,0,22,1,1,pre_allocation
17,3476,greenran_normal,0,0,65535_65535,0,4,60945,61,1,1,1,12,61,22,1,1,allocated
17,3476,greenran_normal,0,0,65535_65535,0,1,60380,80,1,1,0,11,0,28,1,1,pre_allocation
17,3476,greenran_normal,0,0,65535_65535,0,1,60380,88,1,1,1,12,88,28,1,1,allocated
17,3476,greenran_normal,0,0,65535_65535,0,2,60377,80,1,1,0,11,0,28,1,1,pre_allocation
17,3476,greenran_normal,0,0,65535_65535,0,2,60377,88,1,1,1,12,88,28,1,1,allocated
17,3476,greenran_normal,0,0,65535_65535,0,3,60371,80,1,1,0,11,0,28,1,1,pre_allocation
17,3476,greenran_normal,0,0,65535_65535,0,3,60371,88,1,1,1,12,88,28,1,1,allocated
17,3476,greenran_normal,0,0,65535_65535,0,5,60367,80,1,1,0,11,0,28,1,1,pre_allocation
17,3476,greenran_normal,0,0,65535_65535,0,5,60367,88,1,1,1,12,88,28,1,1,allocated
17,3476,greenran_normal,0,0,65535_65535,0,4,60945,61,1,1,0,12,0,22,1,1,pre_allocation
17,3476,greenran_normal,0,0,65535_65535,0,4,60945,66,1,1,1,13,66,22,1,1,allocated
17,3476,greenran_normal,0,0,65535_65535,0,1,60380,88,1,1,0,12,0,28,1,1,pre_allocation
17,3476,greenran_normal,0,0,65535_65535,0,1,60380,95,1,1,1,13,95,28,1,1,allocated
17,3476,greenran_normal,0,0,65535_65535,0,2,60377,88,1,1,0,12,0,28,1,1,pre_allocation
17,3476,greenran_normal,0,0,65535_65535,0,2,60377,95,1,1,1,13,95,28,1,1,allocated
17,3476,greenran_normal,0,0,65535_65535,0,3,60371,88,1,1,0,12,0,28,1,1,pre_allocation
17,3476,greenran_normal,0,0,65535_65535,0,3,60371,95,1,1,1,13,95,28,1,1,allocated
17,3476,greenran_normal,0,0,65535_65535,0,5,60367,88,1,1,0,12,0,28,1,1,pre_allocation
17,3476,greenran_normal,0,0,65535_65535,0,5,60367,95,1,1,1,13,95,28,1,1,allocated
17,3476,greenran_normal,0,0,65535_65535,0,4,60945,66,1,1,0,13,0,22,1,1,pre_allocation
17,3476,greenran_normal,0,0,65535_65535,0,4,60945,72,1,1,1,14,72,22,1,1,allocated
17,3476,greenran_normal,0,0,65535_65535,0,1,60380,95,1,1,0,13,0,28,1,1,pre_allocation
17,3476,greenran_normal,0,0,65535_65535,0,1,60380,103,1,1,1,14,103,28,1,1,allocated
17,3476,greenran_normal,0,0,65535_65535,0,2,60377,95,1,1,0,13,0,28,1,1,pre_allocation
17,3476,greenran_normal,0,0,65535_65535,0,2,60377,103,1,1,1,14,103,28,1,1,allocated
17,3476,greenran_normal,0,0,65535_65535,0,3,60371,95,1,1,0,13,0,28,1,1,pre_allocation
17,3476,greenran_normal,0,0,65535_65535,0,3,60371,103,1,1,1,14,103,28,1,1,allocated
17,3476,greenran_normal,0,0,65535_65535,0,5,60367,95,1,1,0,13,0,28,1,1,pre_allocation
17,3476,greenran_normal,0,0,65535_65535,0,5,60367,103,1,1,1,14,103,28,1,1,allocated
17,3476,greenran_normal,0,0,65535_65535,0,4,60945,72,1,1,0,14,0,22,1,1,pre_allocation
17,3476,greenran_normal,0,0,65535_65535,0,4,60945,77,1,1,1,15,77,22,1,1,allocated
17,3476,greenran_normal,0,0,65535_65535,0,1,60380,103,1,1,0,14,0,28,1,1,pre_allocation
17,3476,greenran_normal,0,0,65535_65535,0,1,60380,110,1,1,1,15,110,28,1,1,allocated
17,3476,greenran_normal,0,0,65535_65535,0,2,60377,103,1,1,0,14,0,28,1,1,pre_allocation
17,3476,greenran_normal,0,0,65535_65535,0,2,60377,110,1,1,1,15,110,28,1,1,allocated
17,3476,greenran_normal,0,0,65535_65535,0,3,60371,103,1,1,0,14,0,28,1,1,pre_allocation
17,3476,greenran_normal,0,0,65535_65535,0,3,60371,110,1,1,1,15,110,28,1,1,allocated
17,3476,greenran_normal,0,0,65535_65535,0,5,60367,103,1,1,0,14,0,28,1,1,pre_allocation
17,3476,greenran_normal,0,0,65535_65535,0,5,60367,110,1,1,1,15,110,28,1,1,allocated
17,3476,greenran_normal,0,0,65535_65535,0,4,60945,77,1,1,0,15,0,22,1,1,pre_allocation
17,3476,greenran_normal,0,0,65535_65535,0,4,60945,82,1,1,1,16,82,22,1,1,allocated
17,3476,greenran_normal,0,0,65535_65535,0,1,60380,110,1,1,0,15,0,28,1,1,pre_allocation
17,3476,greenran_normal,0,0,65535_65535,0,1,60380,118,1,1,1,16,118,28,1,1,allocated
17,3476,greenran_normal,0,0,65535_65535,0,2,60377,110,1,1,0,15,0,28,1,1,pre_allocation
17,3476,greenran_normal,0,0,65535_65535,0,2,60377,118,1,1,1,16,118,28,1,1,allocated
17,3476,greenran_normal,0,0,65535_65535,0,3,60371,110,1,1,0,15,0,28,1,1,pre_allocation
17,3476,greenran_normal,0,0,65535_65535,0,3,60371,118,1,1,1,16,118,28,1,1,allocated
17,3476,greenran_normal,0,0,65535_65535,0,5,60367,110,1,1,0,15,0,28,1,1,pre_allocation
17,3476,greenran_normal,0,0,65535_65535,0,5,60367,118,1,1,1,16,118,28,1,1,allocated
17,3476,greenran_normal,0,0,65535_65535,0,4,60945,82,1,1,0,16,0,22,1,1,pre_allocation
17,3476,greenran_normal,0,0,65535_65535,0,4,60945,88,1,1,1,17,88,22,1,1,allocated
17,3476,greenran_normal,0,0,65535_65535,0,1,60380,118,1,1,0,16,0,28,1,1,pre_allocation
17,3476,greenran_normal,0,0,65535_65535,0,1,60380,126,1,1,1,17,126,28,1,1,allocated
17,3476,greenran_normal,0,0,65535_65535,0,2,60377,118,1,1,0,16,0,28,1,1,pre_allocation
17,3476,greenran_normal,0,0,65535_65535,0,2,60377,126,1,1,1,17,126,28,1,1,allocated
17,3476,greenran_normal,0,0,65535_65535,0,3,60371,118,1,1,0,16,0,28,1,1,pre_allocation
17,3476,greenran_normal,0,0,65535_65535,0,3,60371,126,1,1,1,17,126,28,1,1,allocated
17,3476,greenran_normal,0,0,65535_65535,0,5,60367,118,1,1,0,16,0,28,1,1,pre_allocation
17,3476,greenran_normal,0,0,65535_65535,0,5,60367,126,1,1,1,17,126,28,1,1,allocated
17,3476,greenran_normal,0,0,65535_65535,0,4,60945,88,1,1,0,17,0,22,1,1,pre_allocation
17,3476,greenran_normal,0,0,65535_65535,0,4,60945,93,1,1,1,18,93,22,1,1,allocated
17,3476,greenran_normal,0,0,65535_65535,0,1,60380,126,1,1,0,17,0,28,1,1,pre_allocation
17,3476,greenran_normal,0,0,65535_65535,0,1,60380,133,1,1,1,18,133,28,1,1,allocated
17,3476,greenran_normal,0,0,65535_65535,0,2,60377,126,1,1,0,17,0,28,1,1,pre_allocation
17,3476,greenran_normal,0,0,65535_65535,0,2,60377,133,1,1,1,18,133,28,1,1,allocated
17,3476,greenran_normal,0,0,65535_65535,0,3,60371,126,1,1,0,17,0,28,1,1,pre_allocation
17,3476,greenran_normal,0,0,65535_65535,0,3,60371,133,1,1,1,18,133,28,1,1,allocated
17,3476,greenran_normal,0,0,65535_65535,0,5,60367,126,1,1,0,17,0,28,1,1,pre_allocation
17,3476,greenran_normal,0,0,65535_65535,0,5,60367,133,1,1,1,18,133,28,1,1,allocated
17,3476,greenran_normal,0,0,65535_65535,0,4,60945,93,1,1,0,18,0,22,1,1,pre_allocation
17,3476,greenran_normal,0,0,65535_65535,0,4,60945,98,1,1,1,19,98,22,1,1,allocated
17,3476,greenran_normal,0,0,65535_65535,0,1,60380,133,1,1,0,18,0,28,1,1,pre_allocation
17,3476,greenran_normal,0,0,65535_65535,0,1,60380,141,1,1,1,19,141,28,1,1,allocated
17,3476,greenran_normal,0,0,65535_65535,0,2,60377,133,1,1,0,18,0,28,1,1,pre_allocation
17,3476,greenran_normal,0,0,65535_65535,0,2,60377,141,1,1,1,19,141,28,1,1,allocated
17,3476,greenran_normal,0,0,65535_65535,0,3,60371,133,1,1,0,18,0,28,1,1,pre_allocation
17,3476,greenran_normal,0,0,65535_65535,0,3,60371,141,1,1,1,19,141,28,1,1,allocated
17,3476,greenran_normal,0,0,65535_65535,0,5,60367,133,1,1,0,18,0,28,1,1,pre_allocation
17,3476,greenran_normal,0,0,65535_65535,0,5,60367,141,1,1,1,19,141,28,1,1,allocated
17,3476,greenran_normal,0,0,65535_65535,0,4,60945,98,1,1,0,19,0,22,1,1,pre_allocation
17,3476,greenran_normal,0,0,65535_65535,0,4,60945,104,1,1,1,20,104,22,1,1,allocated
17,3476,greenran_normal,0,0,65535_65535,0,1,60380,141,1,1,0,19,0,28,1,1,pre_allocation
17,3476,greenran_normal,0,0,65535_65535,0,1,60380,148,1,1,1,20,148,28,1,1,allocated
17,3476,greenran_normal,0,0,65535_65535,0,2,60377,141,1,1,0,19,0,28,1,1,pre_allocation
17,3476,greenran_normal,0,0,65535_65535,0,2,60377,148,1,1,1,20,148,28,1,1,allocated
17,3476,greenran_normal,0,0,65535_65535,0,3,60371,141,1,1,0,19,0,28,1,1,pre_allocation
17,3476,greenran_normal,0,0,65535_65535,0,3,60371,148,1,1,1,20,148,28,1,1,allocated
17,3476,greenran_normal,0,0,65535_65535,0,5,60367,141,1,1,0,19,0,28,1,1,pre_allocation
17,3476,greenran_normal,0,0,65535_65535,0,5,60367,148,1,1,1,20,148,28,1,1,allocated
17,3476,greenran_normal,0,0,65535_65535,0,4,60945,104,1,1,0,20,0,22,1,1,pre_allocation
17,3476,greenran_normal,0,0,65535_65535,0,4,60945,109,1,1,1,21,109,22,1,1,allocated
17,3476,greenran_normal,0,0,65535_65535,0,1,60380,148,1,1,0,20,0,28,1,1,pre_allocation
17,3476,greenran_normal,0,0,65535_65535,0,1,60380,156,1,1,1,21,156,28,1,1,allocated
17,3476,greenran_normal,0,0,65535_65535,0,2,60377,148,1,1,0,20,0,28,1,1,pre_allocation
17,3476,greenran_normal,0,0,65535_65535,0,2,60377,156,1,1,1,21,156,28,1,1,allocated
17,3476,greenran_normal,0,0,65535_65535,0,3,60371,148,1,1,0,20,0,28,1,1,pre_allocation
17,3476,greenran_normal,0,0,65535_65535,0,3,60371,156,1,1,1,21,156,28,1,1,allocated
17,3476,greenran_normal,0,0,65535_65535,0,5,60367,148,1,1,0,20,0,28,1,1,pre_allocation
17,3476,greenran_normal,0,0,65535_65535,0,5,60367,156,1,1,1,21,156,28,1,1,allocated
17,3476,greenran_normal,0,0,65535_65535,0,4,60945,109,1,1,0,21,0,22,1,1,pre_allocation
17,3476,greenran_normal,0,0,65535_65535,0,4,60945,114,1,1,1,22,114,22,1,1,allocated
17,3476,greenran_normal,0,0,65535_65535,0,1,60380,156,1,1,0,21,0,28,1,1,pre_allocation
17,3476,greenran_normal,0,0,65535_65535,0,1,60380,163,1,1,1,22,163,28,1,1,allocated
17,3476,greenran_normal,0,0,65535_65535,0,2,60377,156,1,1,0,21,0,28,1,1,pre_allocation
17,3476,greenran_normal,0,0,65535_65535,0,2,60377,163,1,1,1,22,163,28,1,1,allocated
17,3476,greenran_normal,0,0,65535_65535,0,3,60371,156,1,1,0,21,0,28,1,1,pre_allocation
17,3476,greenran_normal,0,0,65535_65535,0,3,60371,163,1,1,1,22,163,28,1,1,allocated
17,3476,greenran_normal,0,0,65535_65535,0,5,60367,156,1,1,0,21,0,28,1,1,pre_allocation
17,3476,greenran_normal,0,0,65535_65535,0,5,60367,163,1,1,1,22,163,28,1,1,allocated
17,3476,greenran_normal,0,0,65535_65535,0,4,60945,114,1,1,0,22,0,22,1,1,pre_allocation
17,3476,greenran_normal,0,0,65535_65535,0,4,60945,120,1,1,1,23,120,22,1,1,allocated
17,3476,greenran_normal,0,0,65535_65535,0,1,60380,163,1,1,0,22,0,28,1,1,pre_allocation
17,3476,greenran_normal,0,0,65535_65535,0,1,60380,171,1,1,1,23,171,28,1,1,allocated
17,3476,greenran_normal,0,0,65535_65535,0,2,60377,163,1,1,0,22,0,28,1,1,pre_allocation
17,3476,greenran_normal,0,0,65535_65535,0,2,60377,171,1,1,1,23,171,28,1,1,allocated
17,3476,greenran_normal,0,0,65535_65535,0,3,60371,163,1,1,0,22,0,28,1,1,pre_allocation
17,3476,greenran_normal,0,0,65535_65535,0,3,60371,171,1,1,1,23,171,28,1,1,allocated
17,3476,greenran_normal,0,0,65535_65535,0,5,60367,163,1,1,0,22,0,28,1,1,pre_allocation
17,3476,greenran_normal,0,0,65535_65535,0,5,60367,171,1,1,1,23,171,28,1,1,allocated
17,3476,greenran_normal,0,0,65535_65535,0,4,60945,120,1,1,0,23,0,22,1,1,pre_allocation
17,3476,greenran_normal,0,0,65535_65535,0,4,60945,125,1,1,1,24,125,22,1,1,allocated
17,3476,greenran_normal,0,0,65535_65535,0,1,60380,171,1,1,0,23,0,28,1,1,pre_allocation
17,3476,greenran_normal,0,0,65535_65535,0,1,60380,179,1,1,1,24,179,28,1,1,allocated
17,3476,greenran_normal,0,0,65535_65535,0,2,60377,171,1,1,0,23,0,28,1,1,pre_allocation
17,3476,greenran_normal,0,0,65535_65535,0,2,60377,179,1,1,1,24,179,28,1,1,allocated
17,3476,greenran_normal,0,0,65535_65535,0,3,60371,171,1,1,0,23,0,28,1,1,pre_allocation
17,3476,greenran_normal,0,0,65535_65535,0,3,60371,179,1,1,1,24,179,28,1,1,allocated
17,3476,greenran_normal,0,0,65535_65535,0,5,60367,171,1,1,0,23,0,28,1,1,pre_allocation
17,3476,greenran_normal,0,0,65535_65535,0,5,60367,179,1,1,1,24,179,28,1,1,allocated
17,3476,greenran_normal,0,0,65535_65535,0,4,60945,125,1,1,0,24,0,22,1,1,pre_allocation
17,3476,greenran_normal,0,0,65535_65535,0,4,60945,131,1,1,1,25,131,22,1,1,allocated
17,3476,greenran_normal,0,0,65535_65535,0,1,60380,179,1,1,0,24,0,28,1,1,pre_allocation
17,3476,greenran_normal,0,0,65535_65535,0,1,60380,186,1,1,1,25,186,28,1,1,allocated
17,3476,greenran_normal,0,0,65535_65535,0,2,60377,179,1,1,0,24,0,28,1,1,pre_allocation
17,3476,greenran_normal,0,0,65535_65535,0,2,60377,186,1,1,1,25,186,28,1,1,allocated
17,3476,greenran_normal,0,0,65535_65535,0,3,60371,179,1,1,0,24,0,28,1,1,pre_allocation
17,3476,greenran_normal,0,0,65535_65535,0,3,60371,186,1,1,1,25,186,28,1,1,allocated
17,3476,greenran_normal,0,0,65535_65535,0,5,60367,179,1,1,0,24,0,28,1,1,pre_allocation
17,3476,greenran_normal,0,0,65535_65535,0,5,60367,186,1,1,1,25,186,28,1,1,allocated
17,3476,greenran_normal,0,0,65535_65535,0,4,60945,131,1,1,0,25,0,22,1,1,pre_allocation
17,3476,greenran_normal,0,0,65535_65535,0,4,60945,136,1,1,1,26,136,22,1,1,allocated
17,3476,greenran_normal,0,0,65535_65535,0,1,60380,186,1,1,0,25,0,28,1,1,pre_allocation
17,3476,greenran_normal,0,0,65535_65535,0,1,60380,194,1,1,1,26,194,28,1,1,allocated
17,3476,greenran_normal,0,0,65535_65535,0,2,60377,186,1,1,0,25,0,28,1,1,pre_allocation
17,3476,greenran_normal,0,0,65535_65535,0,2,60377,194,1,1,1,26,194,28,1,1,allocated
17,3476,greenran_normal,0,0,65535_65535,0,3,60371,186,1,1,0,25,0,28,1,1,pre_allocation
17,3476,greenran_normal,0,0,65535_65535,0,3,60371,194,1,1,1,26,194,28,1,1,allocated
17,3476,greenran_normal,0,0,65535_65535,0,5,60367,186,1,1,0,25,0,28,1,1,pre_allocation
17,3476,greenran_normal,0,0,65535_65535,0,5,60367,194,1,1,1,26,194,28,1,1,allocated
17,3476,greenran_normal,0,0,65535_65535,0,4,60945,136,1,1,0,26,0,22,1,1,pre_allocation
17,3476,greenran_normal,0,0,65535_65535,0,4,60945,141,1,1,1,27,141,22,1,1,allocated
17,3476,greenran_normal,0,0,65535_65535,0,1,60380,194,1,1,0,26,0,28,1,1,pre_allocation
17,3476,greenran_normal,0,0,65535_65535,0,1,60380,201,1,1,1,27,201,28,1,1,allocated
17,3476,greenran_normal,0,0,65535_65535,0,2,60377,194,1,1,0,26,0,28,1,1,pre_allocation
17,3476,greenran_normal,0,0,65535_65535,0,2,60377,201,1,1,1,27,201,28,1,1,allocated
17,3476,greenran_normal,0,0,65535_65535,0,3,60371,194,1,1,0,26,0,28,1,1,pre_allocation
17,3476,greenran_normal,0,0,65535_65535,0,3,60371,201,1,1,1,27,201,28,1,1,allocated
17,3476,greenran_normal,0,0,65535_65535,0,5,60367,194,1,1,0,26,0,28,1,1,pre_allocation
17,3476,greenran_normal,0,0,65535_65535,0,5,60367,201,1,1,1,27,201,28,1,1,allocated
17,3476,greenran_normal,0,0,65535_65535,0,4,60945,141,1,1,0,27,0,22,1,1,pre_allocation
17,3476,greenran_normal,0,0,65535_65535,0,4,60945,147,1,1,1,28,147,22,1,1,allocated
17,3476,greenran_normal,0,0,65535_65535,0,1,60380,201,1,1,0,27,0,28,1,1,pre_allocation
17,3476,greenran_normal,0,0,65535_65535,0,1,60380,209,1,1,1,28,209,28,1,1,allocated
17,3476,greenran_normal,0,0,65535_65535,0,2,60377,201,1,1,0,27,0,28,1,1,pre_allocation
17,3476,greenran_normal,0,0,65535_65535,0,2,60377,209,1,1,1,28,209,28,1,1,allocated
17,3476,greenran_normal,0,0,65535_65535,0,3,60371,201,1,1,0,27,0,28,1,1,pre_allocation
17,3476,greenran_normal,0,0,65535_65535,0,3,60371,209,1,1,1,28,209,28,1,1,allocated
17,3476,greenran_normal,0,0,65535_65535,0,5,60367,201,1,1,0,27,0,28,1,1,pre_allocation
17,3476,greenran_normal,0,0,65535_65535,0,5,60367,209,1,1,1,28,209,28,1,1,allocated
17,3476,greenran_normal,0,0,65535_65535,0,4,60945,147,1,1,0,28,0,22,1,1,pre_allocation
17,3476,greenran_normal,0,0,65535_65535,0,4,60945,152,1,1,1,29,152,22,1,1,allocated
17,3476,greenran_normal,0,0,65535_65535,0,1,60380,209,1,1,0,28,0,28,1,1,pre_allocation
17,3476,greenran_normal,0,0,65535_65535,0,1,60380,217,1,1,1,29,217,28,1,1,allocated
17,3476,greenran_normal,0,0,65535_65535,0,2,60377,209,1,1,0,28,0,28,1,1,pre_allocation
17,3476,greenran_normal,0,0,65535_65535,0,2,60377,217,1,1,1,29,217,28,1,1,allocated
17,3476,greenran_normal,0,0,65535_65535,0,3,60371,209,1,1,0,28,0,28,1,1,pre_allocation
17,3476,greenran_normal,0,0,65535_65535,0,3,60371,217,1,1,1,29,217,28,1,1,allocated
17,3476,greenran_normal,0,0,65535_65535,0,5,60367,209,1,1,0,28,0,28,1,1,pre_allocation
17,3476,greenran_normal,0,0,65535_65535,0,5,60367,217,1,1,1,29,217,28,1,1,allocated
17,3476,greenran_normal,0,0,65535_65535,0,4,60945,152,1,1,0,29,0,22,1,1,pre_allocation
17,3476,greenran_normal,0,0,65535_65535,0,4,60945,157,1,1,1,30,157,22,1,1,allocated
17,3476,greenran_normal,0,0,65535_65535,0,1,60380,217,1,1,0,29,0,28,1,1,pre_allocation
17,3476,greenran_normal,0,0,65535_65535,0,1,60380,224,1,1,1,30,224,28,1,1,allocated
17,3476,greenran_normal,0,0,65535_65535,0,2,60377,217,1,1,0,29,0,28,1,1,pre_allocation
17,3476,greenran_normal,0,0,65535_65535,0,2,60377,224,1,1,1,30,224,28,1,1,allocated
17,3476,greenran_normal,0,0,65535_65535,0,3,60371,217,1,1,0,29,0,28,1,1,pre_allocation
17,3476,greenran_normal,0,0,65535_65535,0,3,60371,224,1,1,1,30,224,28,1,1,allocated
17,3476,greenran_normal,0,0,65535_65535,0,5,60367,217,1,1,0,29,0,28,1,1,pre_allocation
17,3476,greenran_normal,0,0,65535_65535,0,5,60367,224,1,1,1,30,224,28,1,1,allocated
17,3476,greenran_normal,0,0,65535_65535,0,4,60945,157,1,1,0,30,0,22,1,1,pre_allocation
17,3476,greenran_normal,0,0,65535_65535,0,4,60945,163,1,1,1,31,163,22,1,1,allocated
17,3476,greenran_normal,0,0,65535_65535,0,1,60380,224,1,1,0,30,0,28,1,1,pre_allocation
17,3476,greenran_normal,0,0,65535_65535,0,1,60380,232,1,1,1,31,232,28,1,1,allocated
17,3476,greenran_normal,0,0,65535_65535,0,2,60377,224,1,1,0,30,0,28,1,1,pre_allocation
17,3476,greenran_normal,0,0,65535_65535,0,2,60377,232,1,1,1,31,232,28,1,1,allocated
17,3476,greenran_normal,0,0,65535_65535,0,3,60371,224,1,1,0,30,0,28,1,1,pre_allocation
17,3476,greenran_normal,0,0,65535_65535,0,3,60371,232,1,1,1,31,232,28,1,1,allocated
17,3476,greenran_normal,0,0,65535_65535,0,5,60367,224,1,1,0,30,0,28,1,1,pre_allocation
17,3476,greenran_normal,0,0,65535_65535,0,5,60367,232,1,1,1,31,232,28,1,1,allocated
17,3476,greenran_normal,0,0,65535_65535,0,4,60945,163,1,1,0,31,0,22,1,1,pre_allocation
17,3476,greenran_normal,0,0,65535_65535,0,4,60945,168,1,1,1,32,168,22,1,1,allocated
17,3476,greenran_normal,0,0,65535_65535,0,1,60380,232,1,1,0,31,0,28,1,1,pre_allocation
17,3476,greenran_normal,0,0,65535_65535,0,1,60380,239,1,1,1,32,239,28,1,1,allocated
17,3476,greenran_normal,0,0,65535_65535,0,2,60377,232,1,1,0,31,0,28,1,1,pre_allocation
17,3476,greenran_normal,0,0,65535_65535,0,2,60377,239,1,1,1,32,239,28,1,1,allocated
17,3476,greenran_normal,0,0,65535_65535,0,3,60371,232,1,1,0,31,0,28,1,1,pre_allocation
17,3476,greenran_normal,0,0,65535_65535,0,3,60371,239,1,1,1,32,239,28,1,1,allocated
17,3476,greenran_normal,0,0,65535_65535,0,5,60367,232,1,1,0,31,0,28,1,1,pre_allocation
17,3476,greenran_normal,0,0,65535_65535,0,5,60367,239,1,1,1,32,239,28,1,1,allocated
17,3476,greenran_normal,0,0,65535_65535,0,4,60945,168,1,1,0,32,0,22,1,1,pre_allocation
17,3476,greenran_normal,0,0,65535_65535,0,4,60945,173,1,1,1,33,173,22,1,1,allocated
17,3476,greenran_normal,0,0,65535_65535,0,1,60380,239,1,1,0,32,0,28,1,1,pre_allocation
17,3476,greenran_normal,0,0,65535_65535,0,1,60380,247,1,1,1,33,247,28,1,1,allocated
17,3476,greenran_normal,0,0,65535_65535,0,2,60377,239,1,1,0,32,0,28,1,1,pre_allocation
17,3476,greenran_normal,0,0,65535_65535,0,2,60377,247,1,1,1,33,247,28,1,1,allocated
17,3476,greenran_normal,0,0,65535_65535,2,38,1900262,0,1,1,0,0,0,15,1,1,pre_allocation
17,3476,greenran_normal,0,0,65535_65535,2,38,1900262,2,1,1,1,1,2,15,1,1,allocated
17,3476,greenran_normal,0,0,65535_65535,2,60,1900067,0,1,1,0,0,0,15,1,1,pre_allocation
17,3476,greenran_normal,0,0,65535_65535,2,60,1900067,2,1,1,1,1,2,15,1,1,allocated
17,3476,greenran_normal,0,0,65535_65535,2,64,1899994,0,1,1,0,0,0,18,1,1,pre_allocation
17,3476,greenran_normal,0,0,65535_65535,2,64,1899994,0,1,1,1,1,0,18,1,1,allocated
17,3476,greenran_normal,0,0,65535_65535,2,43,1899845,0,1,1,0,0,0,26,1,1,pre_allocation
17,3476,greenran_normal,0,0,65535_65535,2,43,1899845,4,1,1,1,1,4,26,1,1,allocated
17,3476,greenran_normal,0,0,65535_65535,2,42,1899622,0,1,1,0,0,0,24,1,1,pre_allocation
17,3476,greenran_normal,0,0,65535_65535,2,42,1899622,3,1,1,1,1,3,24,1,1,allocated
17,3476,greenran_normal,0,0,65535_65535,2,36,1899473,0,1,1,0,0,0,26,1,1,pre_allocation
17,3476,greenran_normal,0,0,65535_65535,2,36,1899473,4,1,1,1,1,4,26,1,1,allocated
17,3476,greenran_normal,0,0,65535_65535,2,59,1899464,0,1,1,0,0,0,28,1,1,pre_allocation
17,3476,greenran_normal,0,0,65535_65535,2,59,1899464,4,1,1,1,1,4,28,1,1,allocated
17,3476,greenran_normal,0,0,65535_65535,2,58,1899492,0,1,1,0,0,0,26,1,1,pre_allocation
17,3476,greenran_normal,0,0,65535_65535,2,58,1899492,4,1,1,1,1,4,26,1,1,allocated
17,3476,greenran_normal,0,0,65535_65535,2,63,1899415,0,1,1,0,0,0,28,1,1,pre_allocation
17,3476,greenran_normal,0,0,65535_65535,2,63,1899415,4,1,1,1,1,4,28,1,1,allocated
17,3476,greenran_normal,0,0,65535_65535,2,37,1899414,0,1,1,0,0,0,28,1,1,pre_allocation
17,3476,greenran_normal,0,0,65535_65535,2,37,1899414,4,1,1,1,1,4,28,1,1,allocated
17,3476,greenran_normal,0,0,65535_65535,2,35,1899411,0,1,1,0,0,0,28,1,1,pre_allocation
17,3476,greenran_normal,0,0,65535_65535,2,35,1899411,4,1,1,1,1,4,28,1,1,allocated
17,3476,greenran_normal,0,0,65535_65535,2,44,1899411,0,1,1,0,0,0,28,1,1,pre_allocation
17,3476,greenran_normal,0,0,65535_65535,2,44,1899411,4,1,1,1,1,4,28,1,1,allocated
17,3476,greenran_normal,0,0,65535_65535,2,55,1899411,0,1,1,0,0,0,28,1,1,pre_allocation
17,3476,greenran_normal,0,0,65535_65535,2,55,1899411,4,1,1,1,1,4,28,1,1,allocated
17,3476,greenran_normal,0,0,65535_65535,2,56,1899411,0,1,1,0,0,0,28,1,1,pre_allocation
17,3476,greenran_normal,0,0,65535_65535,2,56,1899411,4,1,1,1,1,4,28,1,1,allocated
17,3476,greenran_normal,0,0,65535_65535,2,57,1899411,0,1,1,0,0,0,28,1,1,pre_allocation
17,3476,greenran_normal,0,0,65535_65535,2,57,1899411,4,1,1,1,1,4,28,1,1,allocated
17,3476,greenran_normal,0,0,65535_65535,2,39,1899413,0,1,1,0,0,0,28,1,1,pre_allocation
17,3476,greenran_normal,0,0,65535_65535,2,39,1899413,4,1,1,1,1,4,28,1,1,allocated
17,3476,greenran_normal,0,0,65535_65535,2,40,1899413,0,1,1,0,0,0,28,1,1,pre_allocation
17,3476,greenran_normal,0,0,65535_65535,2,40,1899413,4,1,1,1,1,4,28,1,1,allocated
17,3476,greenran_normal,0,0,65535_65535,2,41,1899413,0,1,1,0,0,0,28,1,1,pre_allocation
17,3476,greenran_normal,0,0,65535_65535,2,41,1899413,4,1,1,1,1,4,28,1,1,allocated
17,3476,greenran_normal,0,0,65535_65535,2,62,1899409,0,1,1,0,0,0,28,1,1,pre_allocation
17,3476,greenran_normal,0,0,65535_65535,2,62,1899409,4,1,1,1,1,4,28,1,1,allocated
17,3476,greenran_normal,0,0,65535_65535,2,61,1899409,0,1,1,0,0,0,28,1,1,pre_allocation
17,3476,greenran_normal,0,0,65535_65535,2,61,1899409,4,1,1,1,1,4,28,1,1,allocated
17,3476,greenran_normal,0,0,65535_65535,2,38,1900262,2,1,1,0,1,0,15,1,1,pre_allocation
17,3476,greenran_normal,0,0,65535_65535,2,38,1900262,2,1,1,1,2,2,15,1,1,allocated
17,3476,greenran_normal,0,0,65535_65535,2,60,1900067,2,1,1,0,1,0,15,1,1,pre_allocation
17,3476,greenran_normal,0,0,65535_65535,2,60,1900067,2,1,1,1,2,2,15,1,1,allocated
17,3476,greenran_normal,0,0,65535_65535,2,64,1899994,0,1,1,0,1,0,18,1,1,pre_allocation
17,3476,greenran_normal,0,0,65535_65535,2,64,1899994,4,1,1,1,2,4,18,1,1,allocated
17,3476,greenran_normal,0,0,65535_65535,2,43,1899845,4,1,1,0,1,0,26,1,1,pre_allocation
17,3476,greenran_normal,0,0,65535_65535,2,43,1899845,11,1,1,1,2,11,26,1,1,allocated
17,3476,greenran_normal,0,0,65535_65535,2,42,1899622,3,1,1,0,1,0,24,1,1,pre_allocation
17,3476,greenran_normal,0,0,65535_65535,2,42,1899622,9,1,1,1,2,9,24,1,1,allocated
17,3476,greenran_normal,0,0,65535_65535,2,36,1899473,4,1,1,0,1,0,26,1,1,pre_allocation
17,3476,greenran_normal,0,0,65535_65535,2,36,1899473,11,1,1,1,2,11,26,1,1,allocated
17,3476,greenran_normal,0,0,65535_65535,2,59,1899464,4,1,1,0,1,0,28,1,1,pre_allocation
17,3476,greenran_normal,0,0,65535_65535,2,59,1899464,12,1,1,1,2,12,28,1,1,allocated
17,3476,greenran_normal,0,0,65535_65535,2,58,1899492,4,1,1,0,1,0,26,1,1,pre_allocation
17,3476,greenran_normal,0,0,65535_65535,2,58,1899492,11,1,1,1,2,11,26,1,1,allocated
17,3476,greenran_normal,0,0,65535_65535,2,63,1899415,4,1,1,0,1,0,28,1,1,pre_allocation
17,3476,greenran_normal,0,0,65535_65535,2,63,1899415,12,1,1,1,2,12,28,1,1,allocated
17,3476,greenran_normal,0,0,65535_65535,2,37,1899414,4,1,1,0,1,0,28,1,1,pre_allocation
17,3476,greenran_normal,0,0,65535_65535,2,37,1899414,12,1,1,1,2,12,28,1,1,allocated
17,3476,greenran_normal,0,0,65535_65535,2,35,1899411,4,1,1,0,1,0,28,1,1,pre_allocation
17,3476,greenran_normal,0,0,65535_65535,2,35,1899411,12,1,1,1,2,12,28,1,1,allocated
17,3476,greenran_normal,0,0,65535_65535,2,44,1899411,4,1,1,0,1,0,28,1,1,pre_allocation
17,3476,greenran_normal,0,0,65535_65535,2,44,1899411,12,1,1,1,2,12,28,1,1,allocated
17,3476,greenran_normal,0,0,65535_65535,2,55,1899411,4,1,1,0,1,0,28,1,1,pre_allocation
17,3476,greenran_normal,0,0,65535_65535,2,55,1899411,12,1,1,1,2,12,28,1,1,allocated
17,3476,greenran_normal,0,0,65535_65535,2,56,1899411,4,1,1,0,1,0,28,1,1,pre_allocation
17,3476,greenran_normal,0,0,65535_65535,2,56,1899411,12,1,1,1,2,12,28,1,1,allocated
17,3476,greenran_normal,0,0,65535_65535,2,57,1899411,4,1,1,0,1,0,28,1,1,pre_allocation
17,3476,greenran_normal,0,0,65535_65535,2,57,1899411,12,1,1,1,2,12,28,1,1,allocated
17,3476,greenran_normal,0,0,65535_65535,2,39,1899413,4,1,1,0,1,0,28,1,1,pre_allocation
17,3476,greenran_normal,0,0,65535_65535,2,39,1899413,12,1,1,1,2,12,28,1,1,allocated
17,3476,greenran_normal,0,0,65535_65535,2,40,1899413,4,1,1,0,1,0,28,1,1,pre_allocation
17,3476,greenran_normal,0,0,65535_65535,2,40,1899413,12,1,1,1,2,12,28,1,1,allocated
17,3476,greenran_normal,0,0,65535_65535,2,41,1899413,4,1,1,0,1,0,28,1,1,pre_allocation
17,3476,greenran_normal,0,0,65535_65535,2,41,1899413,12,1,1,1,2,12,28,1,1,allocated
17,3476,greenran_normal,0,0,65535_65535,2,62,1899409,4,1,1,0,1,0,28,1,1,pre_allocation
17,3476,greenran_normal,0,0,65535_65535,2,62,1899409,12,1,1,1,2,12,28,1,1,allocated
17,3476,greenran_normal,0,0,65535_65535,2,61,1899409,4,1,1,0,1,0,28,1,1,pre_allocation
17,3476,greenran_normal,0,0,65535_65535,2,61,1899409,12,1,1,1,2,12,28,1,1,allocated
17,3476,greenran_normal,0,0,65535_65535,2,38,1900262,2,1,1,0,2,0,15,1,1,pre_allocation
17,3476,greenran_normal,0,0,65535_65535,2,38,1900262,5,1,1,1,3,5,15,1,1,allocated
17,3476,greenran_normal,0,0,65535_65535,2,60,1900067,2,1,1,0,2,0,15,1,1,pre_allocation
17,3476,greenran_normal,0,0,65535_65535,2,60,1900067,5,1,1,1,3,5,15,1,1,allocated
17,3476,greenran_normal,0,0,65535_65535,2,64,1899994,4,1,1,0,2,0,18,1,1,pre_allocation
17,3476,greenran_normal,0,0,65535_65535,2,64,1899994,8,1,1,1,3,8,18,1,1,allocated
17,3476,greenran_normal,0,0,65535_65535,2,43,1899845,11,1,1,0,2,0,26,1,1,pre_allocation
17,3476,greenran_normal,0,0,65535_65535,2,43,1899845,18,1,1,1,3,18,26,1,1,allocated
17,3476,greenran_normal,0,0,65535_65535,2,42,1899622,9,1,1,0,2,0,24,1,1,pre_allocation
17,3476,greenran_normal,0,0,65535_65535,2,42,1899622,15,1,1,1,3,15,24,1,1,allocated
17,3476,greenran_normal,0,0,65535_65535,2,36,1899473,11,1,1,0,2,0,26,1,1,pre_allocation
17,3476,greenran_normal,0,0,65535_65535,2,36,1899473,18,1,1,1,3,18,26,1,1,allocated
17,3476,greenran_normal,0,0,65535_65535,2,59,1899464,12,1,1,0,2,0,28,1,1,pre_allocation
17,3476,greenran_normal,0,0,65535_65535,2,59,1899464,19,1,1,1,3,19,28,1,1,allocated
17,3476,greenran_normal,0,0,65535_65535,2,58,1899492,11,1,1,0,2,0,26,1,1,pre_allocation
17,3476,greenran_normal,0,0,65535_65535,2,58,1899492,18,1,1,1,3,18,26,1,1,allocated
17,3476,greenran_normal,0,0,65535_65535,2,63,1899415,12,1,1,0,2,0,28,1,1,pre_allocation
17,3476,greenran_normal,0,0,65535_65535,2,63,1899415,19,1,1,1,3,19,28,1,1,allocated
17,3476,greenran_normal,0,0,65535_65535,2,37,1899414,12,1,1,0,2,0,28,1,1,pre_allocation
17,3476,greenran_normal,0,0,65535_65535,2,37,1899414,19,1,1,1,3,19,28,1,1,allocated
17,3476,greenran_normal,0,0,65535_65535,2,35,1899411,12,1,1,0,2,0,28,1,1,pre_allocation
17,3476,greenran_normal,0,0,65535_65535,2,35,1899411,19,1,1,1,3,19,28,1,1,allocated
17,3476,greenran_normal,0,0,65535_65535,2,44,1899411,12,1,1,0,2,0,28,1,1,pre_allocation
17,3476,greenran_normal,0,0,65535_65535,2,44,1899411,19,1,1,1,3,19,28,1,1,allocated
17,3476,greenran_normal,0,0,65535_65535,2,55,1899411,12,1,1,0,2,0,28,1,1,pre_allocation
17,3476,greenran_normal,0,0,65535_65535,2,55,1899411,19,1,1,1,3,19,28,1,1,allocated
17,3476,greenran_normal,0,0,65535_65535,2,56,1899411,12,1,1,0,2,0,28,1,1,pre_allocation
17,3476,greenran_normal,0,0,65535_65535,2,56,1899411,19,1,1,1,3,19,28,1,1,allocated
17,3476,greenran_normal,0,0,65535_65535,2,57,1899411,12,1,1,0,2,0,28,1,1,pre_allocation
17,3476,greenran_normal,0,0,65535_65535,2,57,1899411,19,1,1,1,3,19,28,1,1,allocated
17,3476,greenran_normal,0,0,65535_65535,2,39,1899413,12,1,1,0,2,0,28,1,1,pre_allocation
17,3476,greenran_normal,0,0,65535_65535,2,39,1899413,19,1,1,1,3,19,28,1,1,allocated
17,3476,greenran_normal,0,0,65535_65535,2,40,1899413,12,1,1,0,2,0,28,1,1,pre_allocation
17,3476,greenran_normal,0,0,65535_65535,2,40,1899413,19,1,1,1,3,19,28,1,1,allocated
17,3476,greenran_normal,0,0,65535_65535,2,41,1899413,12,1,1,0,2,0,28,1,1,pre_allocation
17,3476,greenran_normal,0,0,65535_65535,2,41,1899413,19,1,1,1,3,19,28,1,1,allocated
17,3476,greenran_normal,0,0,65535_65535,2,62,1899409,12,1,1,0,2,0,28,1,1,pre_allocation
17,3476,greenran_normal,0,0,65535_65535,2,62,1899409,19,1,1,1,3,19,28,1,1,allocated
17,3476,greenran_normal,0,0,65535_65535,2,61,1899409,12,1,1,0,2,0,28,1,1,pre_allocation
17,3476,greenran_normal,0,0,65535_65535,2,61,1899409,19,1,1,1,3,19,28,1,1,allocated
17,3476,greenran_normal,0,0,65535_65535,2,38,1900262,5,1,1,0,3,0,15,1,1,pre_allocation
17,3476,greenran_normal,0,0,65535_65535,2,38,1900262,8,1,1,1,4,8,15,1,1,allocated
17,3476,greenran_normal,0,0,65535_65535,2,60,1900067,5,1,1,0,3,0,15,1,1,pre_allocation
17,3476,greenran_normal,0,0,65535_65535,2,60,1900067,8,1,1,1,4,8,15,1,1,allocated
17,3476,greenran_normal,0,0,65535_65535,2,64,1899994,8,1,1,0,3,0,18,1,1,pre_allocation
17,3476,greenran_normal,0,0,65535_65535,2,64,1899994,11,1,1,1,4,11,18,1,1,allocated
17,3476,greenran_normal,0,0,65535_65535,2,43,1899845,18,1,1,0,3,0,26,1,1,pre_allocation
17,3476,greenran_normal,0,0,65535_65535,2,43,1899845,25,1,1,1,4,25,26,1,1,allocated
17,3476,greenran_normal,0,0,65535_65535,2,42,1899622,15,1,1,0,3,0,24,1,1,pre_allocation
17,3476,greenran_normal,0,0,65535_65535,2,42,1899622,21,1,1,1,4,21,24,1,1,allocated
17,3476,greenran_normal,0,0,65535_65535,2,36,1899473,18,1,1,0,3,0,26,1,1,pre_allocation
17,3476,greenran_normal,0,0,65535_65535,2,36,1899473,25,1,1,1,4,25,26,1,1,allocated
17,3476,greenran_normal,0,0,65535_65535,2,59,1899464,19,1,1,0,3,0,28,1,1,pre_allocation
17,3476,greenran_normal,0,0,65535_65535,2,59,1899464,27,1,1,1,4,27,28,1,1,allocated
17,3476,greenran_normal,0,0,65535_65535,2,58,1899492,18,1,1,0,3,0,26,1,1,pre_allocation
17,3476,greenran_normal,0,0,65535_65535,2,58,1899492,25,1,1,1,4,25,26,1,1,allocated
17,3476,greenran_normal,0,0,65535_65535,2,63,1899415,19,1,1,0,3,0,28,1,1,pre_allocation
17,3476,greenran_normal,0,0,65535_65535,2,63,1899415,27,1,1,1,4,27,28,1,1,allocated
17,3476,greenran_normal,0,0,65535_65535,2,37,1899414,19,1,1,0,3,0,28,1,1,pre_allocation
17,3476,greenran_normal,0,0,65535_65535,2,37,1899414,27,1,1,1,4,27,28,1,1,allocated
17,3476,greenran_normal,0,0,65535_65535,2,35,1899411,19,1,1,0,3,0,28,1,1,pre_allocation
17,3476,greenran_normal,0,0,65535_65535,2,35,1899411,27,1,1,1,4,27,28,1,1,allocated
17,3476,greenran_normal,0,0,65535_65535,2,44,1899411,19,1,1,0,3,0,28,1,1,pre_allocation
17,3476,greenran_normal,0,0,65535_65535,2,44,1899411,27,1,1,1,4,27,28,1,1,allocated
17,3476,greenran_normal,0,0,65535_65535,2,55,1899411,19,1,1,0,3,0,28,1,1,pre_allocation
17,3476,greenran_normal,0,0,65535_65535,2,55,1899411,27,1,1,1,4,27,28,1,1,allocated
17,3476,greenran_normal,0,0,65535_65535,2,56,1899411,19,1,1,0,3,0,28,1,1,pre_allocation
17,3476,greenran_normal,0,0,65535_65535,2,56,1899411,27,1,1,1,4,27,28,1,1,allocated
17,3476,greenran_normal,0,0,65535_65535,2,57,1899411,19,1,1,0,3,0,28,1,1,pre_allocation
17,3476,greenran_normal,0,0,65535_65535,2,57,1899411,27,1,1,1,4,27,28,1,1,allocated
17,3476,greenran_normal,0,0,65535_65535,2,39,1899413,19,1,1,0,3,0,28,1,1,pre_allocation
17,3476,greenran_normal,0,0,65535_65535,2,39,1899413,27,1,1,1,4,27,28,1,1,allocated
17,3476,greenran_normal,0,0,65535_65535,2,40,1899413,19,1,1,0,3,0,28,1,1,pre_allocation
17,3476,greenran_normal,0,0,65535_65535,2,40,1899413,27,1,1,1,4,27,28,1,1,allocated
17,3476,greenran_normal,0,0,65535_65535,2,41,1899413,19,1,1,0,3,0,28,1,1,pre_allocation
17,3476,greenran_normal,0,0,65535_65535,2,41,1899413,27,1,1,1,4,27,28,1,1,allocated
17,3476,greenran_normal,0,0,65535_65535,2,62,1899409,19,1,1,0,3,0,28,1,1,pre_allocation
17,3476,greenran_normal,0,0,65535_65535,2,62,1899409,27,1,1,1,4,27,28,1,1,allocated
17,3476,greenran_normal,0,0,65535_65535,2,61,1899409,19,1,1,0,3,0,28,1,1,pre_allocation
17,3476,greenran_normal,0,0,65535_65535,2,61,1899409,27,1,1,1,4,27,28,1,1,allocated
17,3476,greenran_normal,0,0,65535_65535,2,38,1900262,8,1,1,0,4,0,15,1,1,pre_allocation
17,3476,greenran_normal,0,0,65535_65535,2,38,1900262,11,1,1,1,5,11,15,1,1,allocated
17,3476,greenran_normal,0,0,65535_65535,2,60,1900067,8,1,1,0,4,0,15,1,1,pre_allocation
17,3476,greenran_normal,0,0,65535_65535,2,60,1900067,11,1,1,1,5,11,15,1,1,allocated
17,3476,greenran_normal,0,0,65535_65535,2,64,1899994,11,1,1,0,4,0,18,1,1,pre_allocation
17,3476,greenran_normal,0,0,65535_65535,2,64,1899994,15,1,1,1,5,15,18,1,1,allocated
17,3476,greenran_normal,0,0,65535_65535,2,43,1899845,25,1,1,0,4,0,26,1,1,pre_allocation
17,3476,greenran_normal,0,0,65535_65535,2,43,1899845,32,1,1,1,5,32,26,1,1,allocated
17,3476,greenran_normal,0,0,65535_65535,2,42,1899622,21,1,1,0,4,0,24,1,1,pre_allocation
17,3476,greenran_normal,0,0,65535_65535,2,42,1899622,27,1,1,1,5,27,24,1,1,allocated
17,3476,greenran_normal,0,0,65535_65535,2,36,1899473,25,1,1,0,4,0,26,1,1,pre_allocation
17,3476,greenran_normal,0,0,65535_65535,2,36,1899473,32,1,1,1,5,32,26,1,1,allocated
17,3476,greenran_normal,0,0,65535_65535,2,59,1899464,27,1,1,0,4,0,28,1,1,pre_allocation
17,3476,greenran_normal,0,0,65535_65535,2,59,1899464,34,1,1,1,5,34,28,1,1,allocated
17,3476,greenran_normal,0,0,65535_65535,2,58,1899492,25,1,1,0,4,0,26,1,1,pre_allocation
17,3476,greenran_normal,0,0,65535_65535,2,58,1899492,32,1,1,1,5,32,26,1,1,allocated
17,3476,greenran_normal,0,0,65535_65535,2,63,1899415,27,1,1,0,4,0,28,1,1,pre_allocation
17,3476,greenran_normal,0,0,65535_65535,2,63,1899415,34,1,1,1,5,34,28,1,1,allocated
17,3476,greenran_normal,0,0,65535_65535,2,37,1899414,27,1,1,0,4,0,28,1,1,pre_allocation
17,3476,greenran_normal,0,0,65535_65535,2,37,1899414,34,1,1,1,5,34,28,1,1,allocated
17,3476,greenran_normal,0,0,65535_65535,2,35,1899411,27,1,1,0,4,0,28,1,1,pre_allocation
17,3476,greenran_normal,0,0,65535_65535,2,35,1899411,34,1,1,1,5,34,28,1,1,allocated
17,3476,greenran_normal,0,0,65535_65535,2,44,1899411,27,1,1,0,4,0,28,1,1,pre_allocation
17,3476,greenran_normal,0,0,65535_65535,2,44,1899411,34,1,1,1,5,34,28,1,1,allocated
17,3476,greenran_normal,0,0,65535_65535,2,55,1899411,27,1,1,0,4,0,28,1,1,pre_allocation
17,3476,greenran_normal,0,0,65535_65535,2,55,1899411,34,1,1,1,5,34,28,1,1,allocated
17,3476,greenran_normal,0,0,65535_65535,2,56,1899411,27,1,1,0,4,0,28,1,1,pre_allocation
17,3476,greenran_normal,0,0,65535_65535,2,56,1899411,34,1,1,1,5,34,28,1,1,allocated
17,3476,greenran_normal,0,0,65535_65535,2,57,1899411,27,1,1,0,4,0,28,1,1,pre_allocation
17,3476,greenran_normal,0,0,65535_65535,2,57,1899411,34,1,1,1,5,34,28,1,1,allocated
17,3476,greenran_normal,0,0,65535_65535,2,39,1899413,27,1,1,0,4,0,28,1,1,pre_allocation
17,3476,greenran_normal,0,0,65535_65535,2,39,1899413,34,1,1,1,5,34,28,1,1,allocated
17,3476,greenran_normal,0,0,65535_65535,2,40,1899413,27,1,1,0,4,0,28,1,1,pre_allocation
17,3476,greenran_normal,0,0,65535_65535,2,40,1899413,34,1,1,1,5,34,28,1,1,allocated
17,3476,greenran_normal,0,0,65535_65535,2,41,1899413,27,1,1,0,4,0,28,1,1,pre_allocation
17,3476,greenran_normal,0,0,65535_65535,2,41,1899413,34,1,1,1,5,34,28,1,1,allocated
17,3476,greenran_normal,0,0,65535_65535,2,62,1899409,27,1,1,0,4,0,28,1,1,pre_allocation
17,3476,greenran_normal,0,0,65535_65535,2,62,1899409,34,1,1,1,5,34,28,1,1,allocated
17,3476,greenran_normal,0,0,65535_65535,2,61,1899409,27,1,1,0,4,0,28,1,1,pre_allocation
17,3476,greenran_normal,0,0,65535_65535,2,61,1899409,34,1,1,1,5,34,28,1,1,allocated
17,3476,greenran_normal,0,0,65535_65535,2,38,1900262,11,1,1,0,5,0,15,1,1,pre_allocation
17,3476,greenran_normal,0,0,65535_65535,2,38,1900262,14,1,1,1,6,14,15,1,1,allocated
17,3476,greenran_normal,0,0,65535_65535,2,60,1900067,11,1,1,0,5,0,15,1,1,pre_allocation
17,3476,greenran_normal,0,0,65535_65535,2,60,1900067,14,1,1,1,6,14,15,1,1,allocated
17,3476,greenran_normal,0,0,65535_65535,2,64,1899994,15,1,1,0,5,0,18,1,1,pre_allocation
17,3476,greenran_normal,0,0,65535_65535,2,64,1899994,19,1,1,1,6,19,18,1,1,allocated
18,3876,greenran_normal,0,0,65535_65535,0,4,69357,0,1,1,0,0,0,24,1,1,pre_allocation
18,3876,greenran_normal,0,0,65535_65535,0,4,69357,3,1,1,1,1,3,24,1,1,allocated
18,3876,greenran_normal,0,0,65535_65535,0,1,68717,0,1,1,0,0,0,28,1,1,pre_allocation
18,3876,greenran_normal,0,0,65535_65535,0,1,68717,4,1,1,1,1,4,28,1,1,allocated
18,3876,greenran_normal,0,0,65535_65535,0,3,68716,0,1,1,0,0,0,28,1,1,pre_allocation
18,3876,greenran_normal,0,0,65535_65535,0,3,68716,4,1,1,1,1,4,28,1,1,allocated
18,3876,greenran_normal,0,0,65535_65535,0,5,68712,0,1,1,0,0,0,28,1,1,pre_allocation
18,3876,greenran_normal,0,0,65535_65535,0,5,68712,4,1,1,1,1,4,28,1,1,allocated
18,3876,greenran_normal,0,0,65535_65535,0,2,68714,0,1,1,0,0,0,28,1,1,pre_allocation
18,3876,greenran_normal,0,0,65535_65535,0,2,68714,4,1,1,1,1,4,28,1,1,allocated
18,3876,greenran_normal,0,0,65535_65535,0,4,69357,3,1,1,0,1,0,24,1,1,pre_allocation
18,3876,greenran_normal,0,0,65535_65535,0,4,69357,9,1,1,1,2,9,24,1,1,allocated
18,3876,greenran_normal,0,0,65535_65535,0,1,68717,4,1,1,0,1,0,28,1,1,pre_allocation
18,3876,greenran_normal,0,0,65535_65535,0,1,68717,12,1,1,1,2,12,28,1,1,allocated
18,3876,greenran_normal,0,0,65535_65535,0,3,68716,4,1,1,0,1,0,28,1,1,pre_allocation
18,3876,greenran_normal,0,0,65535_65535,0,3,68716,12,1,1,1,2,12,28,1,1,allocated
18,3876,greenran_normal,0,0,65535_65535,0,5,68712,4,1,1,0,1,0,28,1,1,pre_allocation
18,3876,greenran_normal,0,0,65535_65535,0,5,68712,12,1,1,1,2,12,28,1,1,allocated
18,3876,greenran_normal,0,0,65535_65535,0,2,68714,4,1,1,0,1,0,28,1,1,pre_allocation
18,3876,greenran_normal,0,0,65535_65535,0,2,68714,12,1,1,1,2,12,28,1,1,allocated
18,3876,greenran_normal,0,0,65535_65535,0,4,69357,9,1,1,0,2,0,24,1,1,pre_allocation
18,3876,greenran_normal,0,0,65535_65535,0,4,69357,15,1,1,1,3,15,24,1,1,allocated
18,3876,greenran_normal,0,0,65535_65535,0,1,68717,12,1,1,0,2,0,28,1,1,pre_allocation
18,3876,greenran_normal,0,0,65535_65535,0,1,68717,19,1,1,1,3,19,28,1,1,allocated
18,3876,greenran_normal,0,0,65535_65535,0,3,68716,12,1,1,0,2,0,28,1,1,pre_allocation
18,3876,greenran_normal,0,0,65535_65535,0,3,68716,19,1,1,1,3,19,28,1,1,allocated
18,3876,greenran_normal,0,0,65535_65535,0,5,68712,12,1,1,0,2,0,28,1,1,pre_allocation
18,3876,greenran_normal,0,0,65535_65535,0,5,68712,19,1,1,1,3,19,28,1,1,allocated
18,3876,greenran_normal,0,0,65535_65535,0,2,68714,12,1,1,0,2,0,28,1,1,pre_allocation
18,3876,greenran_normal,0,0,65535_65535,0,2,68714,19,1,1,1,3,19,28,1,1,allocated
18,3876,greenran_normal,0,0,65535_65535,0,4,69357,15,1,1,0,3,0,24,1,1,pre_allocation
18,3876,greenran_normal,0,0,65535_65535,0,4,69357,21,1,1,1,4,21,24,1,1,allocated
18,3876,greenran_normal,0,0,65535_65535,0,1,68717,19,1,1,0,3,0,28,1,1,pre_allocation
18,3876,greenran_normal,0,0,65535_65535,0,1,68717,27,1,1,1,4,27,28,1,1,allocated
18,3876,greenran_normal,0,0,65535_65535,0,3,68716,19,1,1,0,3,0,28,1,1,pre_allocation
18,3876,greenran_normal,0,0,65535_65535,0,3,68716,27,1,1,1,4,27,28,1,1,allocated
18,3876,greenran_normal,0,0,65535_65535,0,5,68712,19,1,1,0,3,0,28,1,1,pre_allocation
18,3876,greenran_normal,0,0,65535_65535,0,5,68712,27,1,1,1,4,27,28,1,1,allocated
18,3876,greenran_normal,0,0,65535_65535,0,2,68714,19,1,1,0,3,0,28,1,1,pre_allocation
18,3876,greenran_normal,0,0,65535_65535,0,2,68714,27,1,1,1,4,27,28,1,1,allocated
18,3876,greenran_normal,0,0,65535_65535,0,4,69357,21,1,1,0,4,0,24,1,1,pre_allocation
18,3876,greenran_normal,0,0,65535_65535,0,4,69357,27,1,1,1,5,27,24,1,1,allocated
18,3876,greenran_normal,0,0,65535_65535,0,1,68717,27,1,1,0,4,0,28,1,1,pre_allocation
18,3876,greenran_normal,0,0,65535_65535,0,1,68717,34,1,1,1,5,34,28,1,1,allocated
18,3876,greenran_normal,0,0,65535_65535,0,3,68716,27,1,1,0,4,0,28,1,1,pre_allocation
18,3876,greenran_normal,0,0,65535_65535,0,3,68716,34,1,1,1,5,34,28,1,1,allocated
18,3876,greenran_normal,0,0,65535_65535,0,5,68712,27,1,1,0,4,0,28,1,1,pre_allocation
18,3876,greenran_normal,0,0,65535_65535,0,5,68712,34,1,1,1,5,34,28,1,1,allocated
18,3876,greenran_normal,0,0,65535_65535,0,2,68714,27,1,1,0,4,0,28,1,1,pre_allocation
18,3876,greenran_normal,0,0,65535_65535,0,2,68714,34,1,1,1,5,34,28,1,1,allocated
18,3876,greenran_normal,0,0,65535_65535,0,4,69357,27,1,1,0,5,0,24,1,1,pre_allocation
18,3876,greenran_normal,0,0,65535_65535,0,4,69357,34,1,1,1,6,34,24,1,1,allocated
18,3876,greenran_normal,0,0,65535_65535,0,1,68717,34,1,1,0,5,0,28,1,1,pre_allocation
18,3876,greenran_normal,0,0,65535_65535,0,1,68717,42,1,1,1,6,42,28,1,1,allocated
18,3876,greenran_normal,0,0,65535_65535,0,3,68716,34,1,1,0,5,0,28,1,1,pre_allocation
18,3876,greenran_normal,0,0,65535_65535,0,3,68716,42,1,1,1,6,42,28,1,1,allocated
18,3876,greenran_normal,0,0,65535_65535,0,5,68712,34,1,1,0,5,0,28,1,1,pre_allocation
18,3876,greenran_normal,0,0,65535_65535,0,5,68712,42,1,1,1,6,42,28,1,1,allocated
18,3876,greenran_normal,0,0,65535_65535,0,2,68714,34,1,1,0,5,0,28,1,1,pre_allocation
18,3876,greenran_normal,0,0,65535_65535,0,2,68714,42,1,1,1,6,42,28,1,1,allocated
18,3876,greenran_normal,0,0,65535_65535,0,4,69357,34,1,1,0,6,0,24,1,1,pre_allocation
18,3876,greenran_normal,0,0,65535_65535,0,4,69357,40,1,1,1,7,40,24,1,1,allocated
18,3876,greenran_normal,0,0,65535_65535,0,1,68717,42,1,1,0,6,0,28,1,1,pre_allocation
18,3876,greenran_normal,0,0,65535_65535,0,1,68717,50,1,1,1,7,50,28,1,1,allocated
18,3876,greenran_normal,0,0,65535_65535,0,3,68716,42,1,1,0,6,0,28,1,1,pre_allocation
18,3876,greenran_normal,0,0,65535_65535,0,3,68716,50,1,1,1,7,50,28,1,1,allocated
18,3876,greenran_normal,0,0,65535_65535,0,5,68712,42,1,1,0,6,0,28,1,1,pre_allocation
18,3876,greenran_normal,0,0,65535_65535,0,5,68712,50,1,1,1,7,50,28,1,1,allocated
18,3876,greenran_normal,0,0,65535_65535,0,2,68714,42,1,1,0,6,0,28,1,1,pre_allocation
18,3876,greenran_normal,0,0,65535_65535,0,2,68714,50,1,1,1,7,50,28,1,1,allocated
18,3876,greenran_normal,0,0,65535_65535,0,4,69357,40,1,1,0,7,0,24,1,1,pre_allocation
18,3876,greenran_normal,0,0,65535_65535,0,4,69357,46,1,1,1,8,46,24,1,1,allocated
18,3876,greenran_normal,0,0,65535_65535,0,1,68717,50,1,1,0,7,0,28,1,1,pre_allocation
18,3876,greenran_normal,0,0,65535_65535,0,1,68717,57,1,1,1,8,57,28,1,1,allocated
18,3876,greenran_normal,0,0,65535_65535,0,3,68716,50,1,1,0,7,0,28,1,1,pre_allocation
18,3876,greenran_normal,0,0,65535_65535,0,3,68716,57,1,1,1,8,57,28,1,1,allocated
18,3876,greenran_normal,0,0,65535_65535,0,5,68712,50,1,1,0,7,0,28,1,1,pre_allocation
18,3876,greenran_normal,0,0,65535_65535,0,5,68712,57,1,1,1,8,57,28,1,1,allocated
18,3876,greenran_normal,0,0,65535_65535,0,2,68714,50,1,1,0,7,0,28,1,1,pre_allocation
18,3876,greenran_normal,0,0,65535_65535,0,2,68714,57,1,1,1,8,57,28,1,1,allocated
18,3876,greenran_normal,0,0,65535_65535,0,4,69357,46,1,1,0,8,0,24,1,1,pre_allocation
18,3876,greenran_normal,0,0,65535_65535,0,4,69357,52,1,1,1,9,52,24,1,1,allocated
18,3876,greenran_normal,0,0,65535_65535,0,1,68717,57,1,1,0,8,0,28,1,1,pre_allocation
18,3876,greenran_normal,0,0,65535_65535,0,1,68717,65,1,1,1,9,65,28,1,1,allocated
18,3876,greenran_normal,0,0,65535_65535,0,3,68716,57,1,1,0,8,0,28,1,1,pre_allocation
18,3876,greenran_normal,0,0,65535_65535,0,3,68716,65,1,1,1,9,65,28,1,1,allocated
18,3876,greenran_normal,0,0,65535_65535,0,5,68712,57,1,1,0,8,0,28,1,1,pre_allocation
18,3876,greenran_normal,0,0,65535_65535,0,5,68712,65,1,1,1,9,65,28,1,1,allocated
18,3876,greenran_normal,0,0,65535_65535,0,2,68714,57,1,1,0,8,0,28,1,1,pre_allocation
18,3876,greenran_normal,0,0,65535_65535,0,2,68714,65,1,1,1,9,65,28,1,1,allocated
18,3876,greenran_normal,0,0,65535_65535,0,4,69357,52,1,1,0,9,0,24,1,1,pre_allocation
18,3876,greenran_normal,0,0,65535_65535,0,4,69357,58,1,1,1,10,58,24,1,1,allocated
18,3876,greenran_normal,0,0,65535_65535,0,1,68717,65,1,1,0,9,0,28,1,1,pre_allocation
18,3876,greenran_normal,0,0,65535_65535,0,1,68717,72,1,1,1,10,72,28,1,1,allocated
18,3876,greenran_normal,0,0,65535_65535,0,3,68716,65,1,1,0,9,0,28,1,1,pre_allocation
18,3876,greenran_normal,0,0,65535_65535,0,3,68716,72,1,1,1,10,72,28,1,1,allocated
18,3876,greenran_normal,0,0,65535_65535,0,5,68712,65,1,1,0,9,0,28,1,1,pre_allocation
18,3876,greenran_normal,0,0,65535_65535,0,5,68712,72,1,1,1,10,72,28,1,1,allocated
18,3876,greenran_normal,0,0,65535_65535,0,2,68714,65,1,1,0,9,0,28,1,1,pre_allocation
18,3876,greenran_normal,0,0,65535_65535,0,2,68714,72,1,1,1,10,72,28,1,1,allocated
18,3876,greenran_normal,0,0,65535_65535,0,4,69357,58,1,1,0,10,0,24,1,1,pre_allocation
18,3876,greenran_normal,0,0,65535_65535,0,4,69357,65,1,1,1,11,65,24,1,1,allocated
18,3876,greenran_normal,0,0,65535_65535,0,1,68717,72,1,1,0,10,0,28,1,1,pre_allocation
18,3876,greenran_normal,0,0,65535_65535,0,1,68717,80,1,1,1,11,80,28,1,1,allocated
18,3876,greenran_normal,0,0,65535_65535,0,3,68716,72,1,1,0,10,0,28,1,1,pre_allocation
18,3876,greenran_normal,0,0,65535_65535,0,3,68716,80,1,1,1,11,80,28,1,1,allocated
18,3876,greenran_normal,0,0,65535_65535,0,5,68712,72,1,1,0,10,0,28,1,1,pre_allocation
18,3876,greenran_normal,0,0,65535_65535,0,5,68712,80,1,1,1,11,80,28,1,1,allocated
18,3876,greenran_normal,0,0,65535_65535,0,2,68714,72,1,1,0,10,0,28,1,1,pre_allocation
18,3876,greenran_normal,0,0,65535_65535,0,2,68714,80,1,1,1,11,80,28,1,1,allocated
18,3876,greenran_normal,0,0,65535_65535,0,4,69357,65,1,1,0,11,0,24,1,1,pre_allocation
18,3876,greenran_normal,0,0,65535_65535,0,4,69357,71,1,1,1,12,71,24,1,1,allocated
18,3876,greenran_normal,0,0,65535_65535,0,1,68717,80,1,1,0,11,0,28,1,1,pre_allocation
18,3876,greenran_normal,0,0,65535_65535,0,1,68717,88,1,1,1,12,88,28,1,1,allocated
18,3876,greenran_normal,0,0,65535_65535,0,3,68716,80,1,1,0,11,0,28,1,1,pre_allocation
18,3876,greenran_normal,0,0,65535_65535,0,3,68716,88,1,1,1,12,88,28,1,1,allocated
18,3876,greenran_normal,0,0,65535_65535,0,5,68712,80,1,1,0,11,0,28,1,1,pre_allocation
18,3876,greenran_normal,0,0,65535_65535,0,5,68712,88,1,1,1,12,88,28,1,1,allocated
18,3876,greenran_normal,0,0,65535_65535,0,2,68714,80,1,1,0,11,0,28,1,1,pre_allocation
18,3876,greenran_normal,0,0,65535_65535,0,2,68714,88,1,1,1,12,88,28,1,1,allocated
18,3876,greenran_normal,0,0,65535_65535,0,4,69357,71,1,1,0,12,0,24,1,1,pre_allocation
18,3876,greenran_normal,0,0,65535_65535,0,4,69357,77,1,1,1,13,77,24,1,1,allocated
18,3876,greenran_normal,0,0,65535_65535,0,1,68717,88,1,1,0,12,0,28,1,1,pre_allocation
18,3876,greenran_normal,0,0,65535_65535,0,1,68717,95,1,1,1,13,95,28,1,1,allocated
18,3876,greenran_normal,0,0,65535_65535,0,3,68716,88,1,1,0,12,0,28,1,1,pre_allocation
18,3876,greenran_normal,0,0,65535_65535,0,3,68716,95,1,1,1,13,95,28,1,1,allocated
18,3876,greenran_normal,0,0,65535_65535,0,5,68712,88,1,1,0,12,0,28,1,1,pre_allocation
18,3876,greenran_normal,0,0,65535_65535,0,5,68712,95,1,1,1,13,95,28,1,1,allocated
18,3876,greenran_normal,0,0,65535_65535,0,2,68714,88,1,1,0,12,0,28,1,1,pre_allocation
18,3876,greenran_normal,0,0,65535_65535,0,2,68714,95,1,1,1,13,95,28,1,1,allocated
18,3876,greenran_normal,0,0,65535_65535,0,4,69357,77,1,1,0,13,0,24,1,1,pre_allocation
18,3876,greenran_normal,0,0,65535_65535,0,4,69357,83,1,1,1,14,83,24,1,1,allocated
18,3876,greenran_normal,0,0,65535_65535,0,1,68717,95,1,1,0,13,0,28,1,1,pre_allocation
18,3876,greenran_normal,0,0,65535_65535,0,1,68717,103,1,1,1,14,103,28,1,1,allocated
18,3876,greenran_normal,0,0,65535_65535,0,3,68716,95,1,1,0,13,0,28,1,1,pre_allocation
18,3876,greenran_normal,0,0,65535_65535,0,3,68716,103,1,1,1,14,103,28,1,1,allocated
18,3876,greenran_normal,0,0,65535_65535,0,5,68712,95,1,1,0,13,0,28,1,1,pre_allocation
18,3876,greenran_normal,0,0,65535_65535,0,5,68712,103,1,1,1,14,103,28,1,1,allocated
18,3876,greenran_normal,0,0,65535_65535,0,2,68714,95,1,1,0,13,0,28,1,1,pre_allocation
18,3876,greenran_normal,0,0,65535_65535,0,2,68714,103,1,1,1,14,103,28,1,1,allocated
18,3876,greenran_normal,0,0,65535_65535,0,4,69357,83,1,1,0,14,0,24,1,1,pre_allocation
18,3876,greenran_normal,0,0,65535_65535,0,4,69357,89,1,1,1,15,89,24,1,1,allocated
18,3876,greenran_normal,0,0,65535_65535,0,1,68717,103,1,1,0,14,0,28,1,1,pre_allocation
18,3876,greenran_normal,0,0,65535_65535,0,1,68717,110,1,1,1,15,110,28,1,1,allocated
18,3876,greenran_normal,0,0,65535_65535,0,3,68716,103,1,1,0,14,0,28,1,1,pre_allocation
18,3876,greenran_normal,0,0,65535_65535,0,3,68716,110,1,1,1,15,110,28,1,1,allocated
18,3876,greenran_normal,0,0,65535_65535,0,5,68712,103,1,1,0,14,0,28,1,1,pre_allocation
18,3876,greenran_normal,0,0,65535_65535,0,5,68712,110,1,1,1,15,110,28,1,1,allocated
18,3876,greenran_normal,0,0,65535_65535,0,2,68714,103,1,1,0,14,0,28,1,1,pre_allocation
18,3876,greenran_normal,0,0,65535_65535,0,2,68714,110,1,1,1,15,110,28,1,1,allocated
18,3876,greenran_normal,0,0,65535_65535,0,4,69357,89,1,1,0,15,0,24,1,1,pre_allocation
18,3876,greenran_normal,0,0,65535_65535,0,4,69357,96,1,1,1,16,96,24,1,1,allocated
18,3876,greenran_normal,0,0,65535_65535,0,1,68717,110,1,1,0,15,0,28,1,1,pre_allocation
18,3876,greenran_normal,0,0,65535_65535,0,1,68717,118,1,1,1,16,118,28,1,1,allocated
18,3876,greenran_normal,0,0,65535_65535,0,3,68716,110,1,1,0,15,0,28,1,1,pre_allocation
18,3876,greenran_normal,0,0,65535_65535,0,3,68716,118,1,1,1,16,118,28,1,1,allocated
18,3876,greenran_normal,0,0,65535_65535,0,5,68712,110,1,1,0,15,0,28,1,1,pre_allocation
18,3876,greenran_normal,0,0,65535_65535,0,5,68712,118,1,1,1,16,118,28,1,1,allocated
18,3876,greenran_normal,0,0,65535_65535,0,2,68714,110,1,1,0,15,0,28,1,1,pre_allocation
18,3876,greenran_normal,0,0,65535_65535,0,2,68714,118,1,1,1,16,118,28,1,1,allocated
18,3876,greenran_normal,0,0,65535_65535,0,4,69357,96,1,1,0,16,0,24,1,1,pre_allocation
18,3876,greenran_normal,0,0,65535_65535,0,4,69357,102,1,1,1,17,102,24,1,1,allocated
18,3876,greenran_normal,0,0,65535_65535,0,1,68717,118,1,1,0,16,0,28,1,1,pre_allocation
18,3876,greenran_normal,0,0,65535_65535,0,1,68717,126,1,1,1,17,126,28,1,1,allocated
18,3876,greenran_normal,0,0,65535_65535,0,3,68716,118,1,1,0,16,0,28,1,1,pre_allocation
18,3876,greenran_normal,0,0,65535_65535,0,3,68716,126,1,1,1,17,126,28,1,1,allocated
18,3876,greenran_normal,0,0,65535_65535,0,5,68712,118,1,1,0,16,0,28,1,1,pre_allocation
18,3876,greenran_normal,0,0,65535_65535,0,5,68712,126,1,1,1,17,126,28,1,1,allocated
18,3876,greenran_normal,0,0,65535_65535,0,2,68714,118,1,1,0,16,0,28,1,1,pre_allocation
18,3876,greenran_normal,0,0,65535_65535,0,2,68714,126,1,1,1,17,126,28,1,1,allocated
18,3876,greenran_normal,0,0,65535_65535,0,4,69357,102,1,1,0,17,0,24,1,1,pre_allocation
18,3876,greenran_normal,0,0,65535_65535,0,4,69357,108,1,1,1,18,108,24,1,1,allocated
18,3876,greenran_normal,0,0,65535_65535,0,1,68717,126,1,1,0,17,0,28,1,1,pre_allocation
18,3876,greenran_normal,0,0,65535_65535,0,1,68717,133,1,1,1,18,133,28,1,1,allocated
18,3876,greenran_normal,0,0,65535_65535,0,3,68716,126,1,1,0,17,0,28,1,1,pre_allocation
18,3876,greenran_normal,0,0,65535_65535,0,3,68716,133,1,1,1,18,133,28,1,1,allocated
18,3876,greenran_normal,0,0,65535_65535,0,5,68712,126,1,1,0,17,0,28,1,1,pre_allocation
18,3876,greenran_normal,0,0,65535_65535,0,5,68712,133,1,1,1,18,133,28,1,1,allocated
18,3876,greenran_normal,0,0,65535_65535,0,2,68714,126,1,1,0,17,0,28,1,1,pre_allocation
18,3876,greenran_normal,0,0,65535_65535,0,2,68714,133,1,1,1,18,133,28,1,1,allocated
18,3876,greenran_normal,0,0,65535_65535,0,4,69357,108,1,1,0,18,0,24,1,1,pre_allocation
18,3876,greenran_normal,0,0,65535_65535,0,4,69357,114,1,1,1,19,114,24,1,1,allocated
18,3876,greenran_normal,0,0,65535_65535,0,1,68717,133,1,1,0,18,0,28,1,1,pre_allocation
18,3876,greenran_normal,0,0,65535_65535,0,1,68717,141,1,1,1,19,141,28,1,1,allocated
18,3876,greenran_normal,0,0,65535_65535,0,3,68716,133,1,1,0,18,0,28,1,1,pre_allocation
18,3876,greenran_normal,0,0,65535_65535,0,3,68716,141,1,1,1,19,141,28,1,1,allocated
18,3876,greenran_normal,0,0,65535_65535,0,5,68712,133,1,1,0,18,0,28,1,1,pre_allocation
18,3876,greenran_normal,0,0,65535_65535,0,5,68712,141,1,1,1,19,141,28,1,1,allocated
18,3876,greenran_normal,0,0,65535_65535,0,2,68714,133,1,1,0,18,0,28,1,1,pre_allocation
18,3876,greenran_normal,0,0,65535_65535,0,2,68714,141,1,1,1,19,141,28,1,1,allocated
18,3876,greenran_normal,0,0,65535_65535,0,4,69357,114,1,1,0,19,0,24,1,1,pre_allocation
18,3876,greenran_normal,0,0,65535_65535,0,4,69357,120,1,1,1,20,120,24,1,1,allocated
18,3876,greenran_normal,0,0,65535_65535,0,1,68717,141,1,1,0,19,0,28,1,1,pre_allocation
18,3876,greenran_normal,0,0,65535_65535,0,1,68717,148,1,1,1,20,148,28,1,1,allocated
18,3876,greenran_normal,0,0,65535_65535,0,3,68716,141,1,1,0,19,0,28,1,1,pre_allocation
18,3876,greenran_normal,0,0,65535_65535,0,3,68716,148,1,1,1,20,148,28,1,1,allocated
18,3876,greenran_normal,0,0,65535_65535,0,5,68712,141,1,1,0,19,0,28,1,1,pre_allocation
18,3876,greenran_normal,0,0,65535_65535,0,5,68712,148,1,1,1,20,148,28,1,1,allocated
18,3876,greenran_normal,0,0,65535_65535,0,2,68714,141,1,1,0,19,0,28,1,1,pre_allocation
18,3876,greenran_normal,0,0,65535_65535,0,2,68714,148,1,1,1,20,148,28,1,1,allocated
18,3876,greenran_normal,0,0,65535_65535,0,4,69357,120,1,1,0,20,0,24,1,1,pre_allocation
18,3876,greenran_normal,0,0,65535_65535,0,4,69357,126,1,1,1,21,126,24,1,1,allocated
18,3876,greenran_normal,0,0,65535_65535,0,1,68717,148,1,1,0,20,0,28,1,1,pre_allocation
18,3876,greenran_normal,0,0,65535_65535,0,1,68717,156,1,1,1,21,156,28,1,1,allocated
18,3876,greenran_normal,0,0,65535_65535,0,3,68716,148,1,1,0,20,0,28,1,1,pre_allocation
18,3876,greenran_normal,0,0,65535_65535,0,3,68716,156,1,1,1,21,156,28,1,1,allocated
18,3876,greenran_normal,0,0,65535_65535,0,5,68712,148,1,1,0,20,0,28,1,1,pre_allocation
18,3876,greenran_normal,0,0,65535_65535,0,5,68712,156,1,1,1,21,156,28,1,1,allocated
18,3876,greenran_normal,0,0,65535_65535,0,2,68714,148,1,1,0,20,0,28,1,1,pre_allocation
18,3876,greenran_normal,0,0,65535_65535,0,2,68714,156,1,1,1,21,156,28,1,1,allocated
18,3876,greenran_normal,0,0,65535_65535,0,4,69357,126,1,1,0,21,0,24,1,1,pre_allocation
18,3876,greenran_normal,0,0,65535_65535,0,4,69357,133,1,1,1,22,133,24,1,1,allocated
18,3876,greenran_normal,0,0,65535_65535,0,1,68717,156,1,1,0,21,0,28,1,1,pre_allocation
18,3876,greenran_normal,0,0,65535_65535,0,1,68717,163,1,1,1,22,163,28,1,1,allocated
18,3876,greenran_normal,0,0,65535_65535,0,3,68716,156,1,1,0,21,0,28,1,1,pre_allocation
18,3876,greenran_normal,0,0,65535_65535,0,3,68716,163,1,1,1,22,163,28,1,1,allocated
18,3876,greenran_normal,0,0,65535_65535,0,5,68712,156,1,1,0,21,0,28,1,1,pre_allocation
18,3876,greenran_normal,0,0,65535_65535,0,5,68712,163,1,1,1,22,163,28,1,1,allocated
18,3876,greenran_normal,0,0,65535_65535,0,2,68714,156,1,1,0,21,0,28,1,1,pre_allocation
18,3876,greenran_normal,0,0,65535_65535,0,2,68714,163,1,1,1,22,163,28,1,1,allocated
18,3876,greenran_normal,0,0,65535_65535,0,4,69357,133,1,1,0,22,0,24,1,1,pre_allocation
18,3876,greenran_normal,0,0,65535_65535,0,4,69357,139,1,1,1,23,139,24,1,1,allocated
18,3876,greenran_normal,0,0,65535_65535,0,1,68717,163,1,1,0,22,0,28,1,1,pre_allocation
18,3876,greenran_normal,0,0,65535_65535,0,1,68717,171,1,1,1,23,171,28,1,1,allocated
18,3876,greenran_normal,0,0,65535_65535,0,3,68716,163,1,1,0,22,0,28,1,1,pre_allocation
18,3876,greenran_normal,0,0,65535_65535,0,3,68716,171,1,1,1,23,171,28,1,1,allocated
18,3876,greenran_normal,0,0,65535_65535,0,5,68712,163,1,1,0,22,0,28,1,1,pre_allocation
18,3876,greenran_normal,0,0,65535_65535,0,5,68712,171,1,1,1,23,171,28,1,1,allocated
18,3876,greenran_normal,0,0,65535_65535,0,2,68714,163,1,1,0,22,0,28,1,1,pre_allocation
18,3876,greenran_normal,0,0,65535_65535,0,2,68714,171,1,1,1,23,171,28,1,1,allocated
18,3876,greenran_normal,0,0,65535_65535,0,4,69357,139,1,1,0,23,0,24,1,1,pre_allocation
18,3876,greenran_normal,0,0,65535_65535,0,4,69357,145,1,1,1,24,145,24,1,1,allocated
18,3876,greenran_normal,0,0,65535_65535,0,1,68717,171,1,1,0,23,0,28,1,1,pre_allocation
18,3876,greenran_normal,0,0,65535_65535,0,1,68717,179,1,1,1,24,179,28,1,1,allocated
18,3876,greenran_normal,0,0,65535_65535,0,3,68716,171,1,1,0,23,0,28,1,1,pre_allocation
18,3876,greenran_normal,0,0,65535_65535,0,3,68716,179,1,1,1,24,179,28,1,1,allocated
18,3876,greenran_normal,0,0,65535_65535,0,5,68712,171,1,1,0,23,0,28,1,1,pre_allocation
18,3876,greenran_normal,0,0,65535_65535,0,5,68712,179,1,1,1,24,179,28,1,1,allocated
18,3876,greenran_normal,0,0,65535_65535,0,2,68714,171,1,1,0,23,0,28,1,1,pre_allocation
18,3876,greenran_normal,0,0,65535_65535,0,2,68714,179,1,1,1,24,179,28,1,1,allocated
18,3876,greenran_normal,0,0,65535_65535,0,4,69357,145,1,1,0,24,0,24,1,1,pre_allocation
18,3876,greenran_normal,0,0,65535_65535,0,4,69357,151,1,1,1,25,151,24,1,1,allocated
18,3876,greenran_normal,0,0,65535_65535,0,1,68717,179,1,1,0,24,0,28,1,1,pre_allocation
18,3876,greenran_normal,0,0,65535_65535,0,1,68717,186,1,1,1,25,186,28,1,1,allocated
18,3876,greenran_normal,0,0,65535_65535,0,3,68716,179,1,1,0,24,0,28,1,1,pre_allocation
18,3876,greenran_normal,0,0,65535_65535,0,3,68716,186,1,1,1,25,186,28,1,1,allocated
18,3876,greenran_normal,0,0,65535_65535,0,5,68712,179,1,1,0,24,0,28,1,1,pre_allocation
18,3876,greenran_normal,0,0,65535_65535,0,5,68712,186,1,1,1,25,186,28,1,1,allocated
18,3876,greenran_normal,0,0,65535_65535,0,2,68714,179,1,1,0,24,0,28,1,1,pre_allocation
18,3876,greenran_normal,0,0,65535_65535,0,2,68714,186,1,1,1,25,186,28,1,1,allocated
18,3876,greenran_normal,0,0,65535_65535,0,4,69357,151,1,1,0,25,0,24,1,1,pre_allocation
18,3876,greenran_normal,0,0,65535_65535,0,4,69357,157,1,1,1,26,157,24,1,1,allocated
18,3876,greenran_normal,0,0,65535_65535,0,1,68717,186,1,1,0,25,0,28,1,1,pre_allocation
18,3876,greenran_normal,0,0,65535_65535,0,1,68717,194,1,1,1,26,194,28,1,1,allocated
18,3876,greenran_normal,0,0,65535_65535,0,3,68716,186,1,1,0,25,0,28,1,1,pre_allocation
18,3876,greenran_normal,0,0,65535_65535,0,3,68716,194,1,1,1,26,194,28,1,1,allocated
18,3876,greenran_normal,0,0,65535_65535,0,5,68712,186,1,1,0,25,0,28,1,1,pre_allocation
18,3876,greenran_normal,0,0,65535_65535,0,5,68712,194,1,1,1,26,194,28,1,1,allocated
18,3876,greenran_normal,0,0,65535_65535,0,2,68714,186,1,1,0,25,0,28,1,1,pre_allocation
18,3876,greenran_normal,0,0,65535_65535,0,2,68714,194,1,1,1,26,194,28,1,1,allocated
18,3876,greenran_normal,0,0,65535_65535,0,4,69357,157,1,1,0,26,0,24,1,1,pre_allocation
18,3876,greenran_normal,0,0,65535_65535,0,4,69357,164,1,1,1,27,164,24,1,1,allocated
18,3876,greenran_normal,0,0,65535_65535,0,1,68717,194,1,1,0,26,0,28,1,1,pre_allocation
18,3876,greenran_normal,0,0,65535_65535,0,1,68717,201,1,1,1,27,201,28,1,1,allocated
18,3876,greenran_normal,0,0,65535_65535,0,3,68716,194,1,1,0,26,0,28,1,1,pre_allocation
18,3876,greenran_normal,0,0,65535_65535,0,3,68716,201,1,1,1,27,201,28,1,1,allocated
18,3876,greenran_normal,0,0,65535_65535,0,5,68712,194,1,1,0,26,0,28,1,1,pre_allocation
18,3876,greenran_normal,0,0,65535_65535,0,5,68712,201,1,1,1,27,201,28,1,1,allocated
18,3876,greenran_normal,0,0,65535_65535,0,2,68714,194,1,1,0,26,0,28,1,1,pre_allocation
18,3876,greenran_normal,0,0,65535_65535,0,2,68714,201,1,1,1,27,201,28,1,1,allocated
18,3876,greenran_normal,0,0,65535_65535,0,4,69357,164,1,1,0,27,0,24,1,1,pre_allocation
18,3876,greenran_normal,0,0,65535_65535,0,4,69357,170,1,1,1,28,170,24,1,1,allocated
18,3876,greenran_normal,0,0,65535_65535,0,1,68717,201,1,1,0,27,0,28,1,1,pre_allocation
18,3876,greenran_normal,0,0,65535_65535,0,1,68717,209,1,1,1,28,209,28,1,1,allocated
18,3876,greenran_normal,0,0,65535_65535,0,3,68716,201,1,1,0,27,0,28,1,1,pre_allocation
18,3876,greenran_normal,0,0,65535_65535,0,3,68716,209,1,1,1,28,209,28,1,1,allocated
18,3876,greenran_normal,0,0,65535_65535,0,5,68712,201,1,1,0,27,0,28,1,1,pre_allocation
18,3876,greenran_normal,0,0,65535_65535,0,5,68712,209,1,1,1,28,209,28,1,1,allocated
18,3876,greenran_normal,0,0,65535_65535,0,2,68714,201,1,1,0,27,0,28,1,1,pre_allocation
18,3876,greenran_normal,0,0,65535_65535,0,2,68714,209,1,1,1,28,209,28,1,1,allocated
18,3876,greenran_normal,0,0,65535_65535,2,38,2155149,0,1,1,0,0,0,15,1,1,pre_allocation
18,3876,greenran_normal,0,0,65535_65535,2,38,2155149,2,1,1,1,1,2,15,1,1,allocated
18,3876,greenran_normal,0,0,65535_65535,2,60,2154954,0,1,1,0,0,0,12,1,1,pre_allocation
18,3876,greenran_normal,0,0,65535_65535,2,60,2154954,2,1,1,1,1,2,12,1,1,allocated
18,3876,greenran_normal,0,0,65535_65535,2,64,2154876,0,1,1,0,0,0,18,1,1,pre_allocation
18,3876,greenran_normal,0,0,65535_65535,2,64,2154876,0,1,1,1,1,0,18,1,1,allocated
18,3876,greenran_normal,0,0,65535_65535,2,43,2154714,0,1,1,0,0,0,16,1,1,pre_allocation
18,3876,greenran_normal,0,0,65535_65535,2,43,2154714,0,1,1,1,1,0,16,1,1,allocated
18,3876,greenran_normal,0,0,65535_65535,2,42,2154496,0,1,1,0,0,0,24,1,1,pre_allocation
18,3876,greenran_normal,0,0,65535_65535,2,42,2154496,3,1,1,1,1,3,24,1,1,allocated
18,3876,greenran_normal,0,0,65535_65535,2,36,2154342,0,1,1,0,0,0,24,1,1,pre_allocation
18,3876,greenran_normal,0,0,65535_65535,2,36,2154342,3,1,1,1,1,3,24,1,1,allocated
18,3876,greenran_normal,0,0,65535_65535,2,59,2154331,0,1,1,0,0,0,26,1,1,pre_allocation
18,3876,greenran_normal,0,0,65535_65535,2,59,2154331,4,1,1,1,1,4,26,1,1,allocated
18,3876,greenran_normal,0,0,65535_65535,2,58,2154361,0,1,1,0,0,0,26,1,1,pre_allocation
18,3876,greenran_normal,0,0,65535_65535,2,58,2154361,4,1,1,1,1,4,26,1,1,allocated
18,3876,greenran_normal,0,0,65535_65535,2,63,2154282,0,1,1,0,0,0,28,1,1,pre_allocation
18,3876,greenran_normal,0,0,65535_65535,2,63,2154282,4,1,1,1,1,4,28,1,1,allocated
18,3876,greenran_normal,0,0,65535_65535,2,37,2154281,0,1,1,0,0,0,28,1,1,pre_allocation
18,3876,greenran_normal,0,0,65535_65535,2,37,2154281,4,1,1,1,1,4,28,1,1,allocated
18,3876,greenran_normal,0,0,65535_65535,2,35,2154278,0,1,1,0,0,0,28,1,1,pre_allocation
18,3876,greenran_normal,0,0,65535_65535,2,35,2154278,4,1,1,1,1,4,28,1,1,allocated
18,3876,greenran_normal,0,0,65535_65535,2,44,2154278,0,1,1,0,0,0,28,1,1,pre_allocation
18,3876,greenran_normal,0,0,65535_65535,2,44,2154278,4,1,1,1,1,4,28,1,1,allocated
18,3876,greenran_normal,0,0,65535_65535,2,55,2154278,0,1,1,0,0,0,28,1,1,pre_allocation
18,3876,greenran_normal,0,0,65535_65535,2,55,2154278,4,1,1,1,1,4,28,1,1,allocated
18,3876,greenran_normal,0,0,65535_65535,2,56,2154278,0,1,1,0,0,0,28,1,1,pre_allocation
18,3876,greenran_normal,0,0,65535_65535,2,56,2154278,4,1,1,1,1,4,28,1,1,allocated
18,3876,greenran_normal,0,0,65535_65535,2,57,2154278,0,1,1,0,0,0,28,1,1,pre_allocation
18,3876,greenran_normal,0,0,65535_65535,2,57,2154278,4,1,1,1,1,4,28,1,1,allocated
18,3876,greenran_normal,0,0,65535_65535,2,39,2154280,0,1,1,0,0,0,28,1,1,pre_allocation
18,3876,greenran_normal,0,0,65535_65535,2,39,2154280,4,1,1,1,1,4,28,1,1,allocated
18,3876,greenran_normal,0,0,65535_65535,2,40,2154280,0,1,1,0,0,0,28,1,1,pre_allocation
18,3876,greenran_normal,0,0,65535_65535,2,40,2154280,4,1,1,1,1,4,28,1,1,allocated
18,3876,greenran_normal,0,0,65535_65535,2,41,2154280,0,1,1,0,0,0,28,1,1,pre_allocation
18,3876,greenran_normal,0,0,65535_65535,2,41,2154280,4,1,1,1,1,4,28,1,1,allocated
18,3876,greenran_normal,0,0,65535_65535,2,62,2154276,0,1,1,0,0,0,28,1,1,pre_allocation
18,3876,greenran_normal,0,0,65535_65535,2,62,2154276,4,1,1,1,1,4,28,1,1,allocated
18,3876,greenran_normal,0,0,65535_65535,2,61,2154276,0,1,1,0,0,0,28,1,1,pre_allocation
18,3876,greenran_normal,0,0,65535_65535,2,61,2154276,4,1,1,1,1,4,28,1,1,allocated
18,3876,greenran_normal,0,0,65535_65535,2,38,2155149,2,1,1,0,1,0,15,1,1,pre_allocation
18,3876,greenran_normal,0,0,65535_65535,2,38,2155149,2,1,1,1,2,2,15,1,1,allocated
18,3876,greenran_normal,0,0,65535_65535,2,60,2154954,2,1,1,0,1,0,12,1,1,pre_allocation
18,3876,greenran_normal,0,0,65535_65535,2,60,2154954,1,1,1,1,2,1,12,1,1,allocated
18,3876,greenran_normal,0,0,65535_65535,2,64,2154876,0,1,1,0,1,0,18,1,1,pre_allocation
18,3876,greenran_normal,0,0,65535_65535,2,64,2154876,4,1,1,1,2,4,18,1,1,allocated
18,3876,greenran_normal,0,0,65535_65535,2,43,2154714,0,1,1,0,1,0,16,1,1,pre_allocation
18,3876,greenran_normal,0,0,65535_65535,2,43,2154714,3,1,1,1,2,3,16,1,1,allocated
18,3876,greenran_normal,0,0,65535_65535,2,42,2154496,3,1,1,0,1,0,24,1,1,pre_allocation
18,3876,greenran_normal,0,0,65535_65535,2,42,2154496,9,1,1,1,2,9,24,1,1,allocated
18,3876,greenran_normal,0,0,65535_65535,2,36,2154342,3,1,1,0,1,0,24,1,1,pre_allocation
18,3876,greenran_normal,0,0,65535_65535,2,36,2154342,9,1,1,1,2,9,24,1,1,allocated
18,3876,greenran_normal,0,0,65535_65535,2,59,2154331,4,1,1,0,1,0,26,1,1,pre_allocation
18,3876,greenran_normal,0,0,65535_65535,2,59,2154331,11,1,1,1,2,11,26,1,1,allocated
18,3876,greenran_normal,0,0,65535_65535,2,58,2154361,4,1,1,0,1,0,26,1,1,pre_allocation
18,3876,greenran_normal,0,0,65535_65535,2,58,2154361,11,1,1,1,2,11,26,1,1,allocated
18,3876,greenran_normal,0,0,65535_65535,2,63,2154282,4,1,1,0,1,0,28,1,1,pre_allocation
18,3876,greenran_normal,0,0,65535_65535,2,63,2154282,12,1,1,1,2,12,28,1,1,allocated
18,3876,greenran_normal,0,0,65535_65535,2,37,2154281,4,1,1,0,1,0,28,1,1,pre_allocation
18,3876,greenran_normal,0,0,65535_65535,2,37,2154281,12,1,1,1,2,12,28,1,1,allocated
18,3876,greenran_normal,0,0,65535_65535,2,35,2154278,4,1,1,0,1,0,28,1,1,pre_allocation
18,3876,greenran_normal,0,0,65535_65535,2,35,2154278,12,1,1,1,2,12,28,1,1,allocated
18,3876,greenran_normal,0,0,65535_65535,2,44,2154278,4,1,1,0,1,0,28,1,1,pre_allocation
18,3876,greenran_normal,0,0,65535_65535,2,44,2154278,12,1,1,1,2,12,28,1,1,allocated
18,3876,greenran_normal,0,0,65535_65535,2,55,2154278,4,1,1,0,1,0,28,1,1,pre_allocation
18,3876,greenran_normal,0,0,65535_65535,2,55,2154278,12,1,1,1,2,12,28,1,1,allocated
18,3876,greenran_normal,0,0,65535_65535,2,56,2154278,4,1,1,0,1,0,28,1,1,pre_allocation
18,3876,greenran_normal,0,0,65535_65535,2,56,2154278,12,1,1,1,2,12,28,1,1,allocated
18,3876,greenran_normal,0,0,65535_65535,2,57,2154278,4,1,1,0,1,0,28,1,1,pre_allocation
18,3876,greenran_normal,0,0,65535_65535,2,57,2154278,12,1,1,1,2,12,28,1,1,allocated
18,3876,greenran_normal,0,0,65535_65535,2,39,2154280,4,1,1,0,1,0,28,1,1,pre_allocation
18,3876,greenran_normal,0,0,65535_65535,2,39,2154280,12,1,1,1,2,12,28,1,1,allocated
18,3876,greenran_normal,0,0,65535_65535,2,40,2154280,4,1,1,0,1,0,28,1,1,pre_allocation
18,3876,greenran_normal,0,0,65535_65535,2,40,2154280,12,1,1,1,2,12,28,1,1,allocated
18,3876,greenran_normal,0,0,65535_65535,2,41,2154280,4,1,1,0,1,0,28,1,1,pre_allocation
18,3876,greenran_normal,0,0,65535_65535,2,41,2154280,12,1,1,1,2,12,28,1,1,allocated
18,3876,greenran_normal,0,0,65535_65535,2,62,2154276,4,1,1,0,1,0,28,1,1,pre_allocation
18,3876,greenran_normal,0,0,65535_65535,2,62,2154276,12,1,1,1,2,12,28,1,1,allocated
18,3876,greenran_normal,0,0,65535_65535,2,61,2154276,4,1,1,0,1,0,28,1,1,pre_allocation
18,3876,greenran_normal,0,0,65535_65535,2,61,2154276,12,1,1,1,2,12,28,1,1,allocated
18,3876,greenran_normal,0,0,65535_65535,2,38,2155149,2,1,1,0,2,0,15,1,1,pre_allocation
18,3876,greenran_normal,0,0,65535_65535,2,38,2155149,5,1,1,1,3,5,15,1,1,allocated
18,3876,greenran_normal,0,0,65535_65535,2,60,2154954,1,1,1,0,2,0,12,1,1,pre_allocation
18,3876,greenran_normal,0,0,65535_65535,2,60,2154954,3,1,1,1,3,3,12,1,1,allocated
18,3876,greenran_normal,0,0,65535_65535,2,64,2154876,4,1,1,0,2,0,18,1,1,pre_allocation
18,3876,greenran_normal,0,0,65535_65535,2,64,2154876,8,1,1,1,3,8,18,1,1,allocated
18,3876,greenran_normal,0,0,65535_65535,2,43,2154714,3,1,1,0,2,0,16,1,1,pre_allocation
18,3876,greenran_normal,0,0,65535_65535,2,43,2154714,6,1,1,1,3,6,16,1,1,allocated
18,3876,greenran_normal,0,0,65535_65535,2,42,2154496,9,1,1,0,2,0,24,1,1,pre_allocation
18,3876,greenran_normal,0,0,65535_65535,2,42,2154496,15,1,1,1,3,15,24,1,1,allocated
18,3876,greenran_normal,0,0,65535_65535,2,36,2154342,9,1,1,0,2,0,24,1,1,pre_allocation
18,3876,greenran_normal,0,0,65535_65535,2,36,2154342,15,1,1,1,3,15,24,1,1,allocated
18,3876,greenran_normal,0,0,65535_65535,2,59,2154331,11,1,1,0,2,0,26,1,1,pre_allocation
18,3876,greenran_normal,0,0,65535_65535,2,59,2154331,18,1,1,1,3,18,26,1,1,allocated
18,3876,greenran_normal,0,0,65535_65535,2,58,2154361,11,1,1,0,2,0,26,1,1,pre_allocation
18,3876,greenran_normal,0,0,65535_65535,2,58,2154361,18,1,1,1,3,18,26,1,1,allocated
18,3876,greenran_normal,0,0,65535_65535,2,63,2154282,12,1,1,0,2,0,28,1,1,pre_allocation
18,3876,greenran_normal,0,0,65535_65535,2,63,2154282,19,1,1,1,3,19,28,1,1,allocated
18,3876,greenran_normal,0,0,65535_65535,2,37,2154281,12,1,1,0,2,0,28,1,1,pre_allocation
18,3876,greenran_normal,0,0,65535_65535,2,37,2154281,19,1,1,1,3,19,28,1,1,allocated
18,3876,greenran_normal,0,0,65535_65535,2,35,2154278,12,1,1,0,2,0,28,1,1,pre_allocation
18,3876,greenran_normal,0,0,65535_65535,2,35,2154278,19,1,1,1,3,19,28,1,1,allocated
18,3876,greenran_normal,0,0,65535_65535,2,44,2154278,12,1,1,0,2,0,28,1,1,pre_allocation
18,3876,greenran_normal,0,0,65535_65535,2,44,2154278,19,1,1,1,3,19,28,1,1,allocated
18,3876,greenran_normal,0,0,65535_65535,2,55,2154278,12,1,1,0,2,0,28,1,1,pre_allocation
18,3876,greenran_normal,0,0,65535_65535,2,55,2154278,19,1,1,1,3,19,28,1,1,allocated
18,3876,greenran_normal,0,0,65535_65535,2,56,2154278,12,1,1,0,2,0,28,1,1,pre_allocation
18,3876,greenran_normal,0,0,65535_65535,2,56,2154278,19,1,1,1,3,19,28,1,1,allocated
18,3876,greenran_normal,0,0,65535_65535,2,57,2154278,12,1,1,0,2,0,28,1,1,pre_allocation
18,3876,greenran_normal,0,0,65535_65535,2,57,2154278,19,1,1,1,3,19,28,1,1,allocated
18,3876,greenran_normal,0,0,65535_65535,2,39,2154280,12,1,1,0,2,0,28,1,1,pre_allocation
18,3876,greenran_normal,0,0,65535_65535,2,39,2154280,19,1,1,1,3,19,28,1,1,allocated
18,3876,greenran_normal,0,0,65535_65535,2,40,2154280,12,1,1,0,2,0,28,1,1,pre_allocation
18,3876,greenran_normal,0,0,65535_65535,2,40,2154280,19,1,1,1,3,19,28,1,1,allocated
18,3876,greenran_normal,0,0,65535_65535,2,41,2154280,12,1,1,0,2,0,28,1,1,pre_allocation
18,3876,greenran_normal,0,0,65535_65535,2,41,2154280,19,1,1,1,3,19,28,1,1,allocated
18,3876,greenran_normal,0,0,65535_65535,2,62,2154276,12,1,1,0,2,0,28,1,1,pre_allocation
18,3876,greenran_normal,0,0,65535_65535,2,62,2154276,19,1,1,1,3,19,28,1,1,allocated
18,3876,greenran_normal,0,0,65535_65535,2,61,2154276,12,1,1,0,2,0,28,1,1,pre_allocation
18,3876,greenran_normal,0,0,65535_65535,2,61,2154276,19,1,1,1,3,19,28,1,1,allocated
18,3876,greenran_normal,0,0,65535_65535,2,38,2155149,5,1,1,0,3,0,15,1,1,pre_allocation
18,3876,greenran_normal,0,0,65535_65535,2,38,2155149,8,1,1,1,4,8,15,1,1,allocated
18,3876,greenran_normal,0,0,65535_65535,2,60,2154954,3,1,1,0,3,0,12,1,1,pre_allocation
18,3876,greenran_normal,0,0,65535_65535,2,60,2154954,5,1,1,1,4,5,12,1,1,allocated
18,3876,greenran_normal,0,0,65535_65535,2,64,2154876,8,1,1,0,3,0,18,1,1,pre_allocation
18,3876,greenran_normal,0,0,65535_65535,2,64,2154876,11,1,1,1,4,11,18,1,1,allocated
18,3876,greenran_normal,0,0,65535_65535,2,43,2154714,6,1,1,0,3,0,16,1,1,pre_allocation
18,3876,greenran_normal,0,0,65535_65535,2,43,2154714,10,1,1,1,4,10,16,1,1,allocated
18,3876,greenran_normal,0,0,65535_65535,2,42,2154496,15,1,1,0,3,0,24,1,1,pre_allocation
18,3876,greenran_normal,0,0,65535_65535,2,42,2154496,21,1,1,1,4,21,24,1,1,allocated
18,3876,greenran_normal,0,0,65535_65535,2,36,2154342,15,1,1,0,3,0,24,1,1,pre_allocation
18,3876,greenran_normal,0,0,65535_65535,2,36,2154342,21,1,1,1,4,21,24,1,1,allocated
18,3876,greenran_normal,0,0,65535_65535,2,59,2154331,18,1,1,0,3,0,26,1,1,pre_allocation
18,3876,greenran_normal,0,0,65535_65535,2,59,2154331,25,1,1,1,4,25,26,1,1,allocated
18,3876,greenran_normal,0,0,65535_65535,2,58,2154361,18,1,1,0,3,0,26,1,1,pre_allocation
18,3876,greenran_normal,0,0,65535_65535,2,58,2154361,25,1,1,1,4,25,26,1,1,allocated
18,3876,greenran_normal,0,0,65535_65535,2,63,2154282,19,1,1,0,3,0,28,1,1,pre_allocation
18,3876,greenran_normal,0,0,65535_65535,2,63,2154282,27,1,1,1,4,27,28,1,1,allocated
18,3876,greenran_normal,0,0,65535_65535,2,37,2154281,19,1,1,0,3,0,28,1,1,pre_allocation
18,3876,greenran_normal,0,0,65535_65535,2,37,2154281,27,1,1,1,4,27,28,1,1,allocated
18,3876,greenran_normal,0,0,65535_65535,2,35,2154278,19,1,1,0,3,0,28,1,1,pre_allocation
18,3876,greenran_normal,0,0,65535_65535,2,35,2154278,27,1,1,1,4,27,28,1,1,allocated
18,3876,greenran_normal,0,0,65535_65535,2,44,2154278,19,1,1,0,3,0,28,1,1,pre_allocation
18,3876,greenran_normal,0,0,65535_65535,2,44,2154278,27,1,1,1,4,27,28,1,1,allocated
18,3876,greenran_normal,0,0,65535_65535,2,55,2154278,19,1,1,0,3,0,28,1,1,pre_allocation
18,3876,greenran_normal,0,0,65535_65535,2,55,2154278,27,1,1,1,4,27,28,1,1,allocated
18,3876,greenran_normal,0,0,65535_65535,2,56,2154278,19,1,1,0,3,0,28,1,1,pre_allocation
18,3876,greenran_normal,0,0,65535_65535,2,56,2154278,27,1,1,1,4,27,28,1,1,allocated
18,3876,greenran_normal,0,0,65535_65535,2,57,2154278,19,1,1,0,3,0,28,1,1,pre_allocation
18,3876,greenran_normal,0,0,65535_65535,2,57,2154278,27,1,1,1,4,27,28,1,1,allocated
18,3876,greenran_normal,0,0,65535_65535,2,39,2154280,19,1,1,0,3,0,28,1,1,pre_allocation
18,3876,greenran_normal,0,0,65535_65535,2,39,2154280,27,1,1,1,4,27,28,1,1,allocated
18,3876,greenran_normal,0,0,65535_65535,2,40,2154280,19,1,1,0,3,0,28,1,1,pre_allocation
18,3876,greenran_normal,0,0,65535_65535,2,40,2154280,27,1,1,1,4,27,28,1,1,allocated
18,3876,greenran_normal,0,0,65535_65535,2,41,2154280,19,1,1,0,3,0,28,1,1,pre_allocation
18,3876,greenran_normal,0,0,65535_65535,2,41,2154280,27,1,1,1,4,27,28,1,1,allocated
18,3876,greenran_normal,0,0,65535_65535,2,62,2154276,19,1,1,0,3,0,28,1,1,pre_allocation
18,3876,greenran_normal,0,0,65535_65535,2,62,2154276,27,1,1,1,4,27,28,1,1,allocated
18,3876,greenran_normal,0,0,65535_65535,2,61,2154276,19,1,1,0,3,0,28,1,1,pre_allocation
18,3876,greenran_normal,0,0,65535_65535,2,61,2154276,27,1,1,1,4,27,28,1,1,allocated
18,3876,greenran_normal,0,0,65535_65535,2,38,2155149,8,1,1,0,4,0,15,1,1,pre_allocation
18,3876,greenran_normal,0,0,65535_65535,2,38,2155149,11,1,1,1,5,11,15,1,1,allocated
18,3876,greenran_normal,0,0,65535_65535,2,60,2154954,5,1,1,0,4,0,12,1,1,pre_allocation
18,3876,greenran_normal,0,0,65535_65535,2,60,2154954,7,1,1,1,5,7,12,1,1,allocated
18,3876,greenran_normal,0,0,65535_65535,2,64,2154876,11,1,1,0,4,0,18,1,1,pre_allocation
18,3876,greenran_normal,0,0,65535_65535,2,64,2154876,15,1,1,1,5,15,18,1,1,allocated
18,3876,greenran_normal,0,0,65535_65535,2,43,2154714,10,1,1,0,4,0,16,1,1,pre_allocation
18,3876,greenran_normal,0,0,65535_65535,2,43,2154714,13,1,1,1,5,13,16,1,1,allocated
18,3876,greenran_normal,0,0,65535_65535,2,42,2154496,21,1,1,0,4,0,24,1,1,pre_allocation
18,3876,greenran_normal,0,0,65535_65535,2,42,2154496,27,1,1,1,5,27,24,1,1,allocated
18,3876,greenran_normal,0,0,65535_65535,2,36,2154342,21,1,1,0,4,0,24,1,1,pre_allocation
18,3876,greenran_normal,0,0,65535_65535,2,36,2154342,27,1,1,1,5,27,24,1,1,allocated
18,3876,greenran_normal,0,0,65535_65535,2,59,2154331,25,1,1,0,4,0,26,1,1,pre_allocation
18,3876,greenran_normal,0,0,65535_65535,2,59,2154331,32,1,1,1,5,32,26,1,1,allocated
18,3876,greenran_normal,0,0,65535_65535,2,58,2154361,25,1,1,0,4,0,26,1,1,pre_allocation
18,3876,greenran_normal,0,0,65535_65535,2,58,2154361,32,1,1,1,5,32,26,1,1,allocated
18,3876,greenran_normal,0,0,65535_65535,2,63,2154282,27,1,1,0,4,0,28,1,1,pre_allocation
18,3876,greenran_normal,0,0,65535_65535,2,63,2154282,34,1,1,1,5,34,28,1,1,allocated
18,3876,greenran_normal,0,0,65535_65535,2,37,2154281,27,1,1,0,4,0,28,1,1,pre_allocation
18,3876,greenran_normal,0,0,65535_65535,2,37,2154281,34,1,1,1,5,34,28,1,1,allocated
18,3876,greenran_normal,0,0,65535_65535,2,35,2154278,27,1,1,0,4,0,28,1,1,pre_allocation
18,3876,greenran_normal,0,0,65535_65535,2,35,2154278,34,1,1,1,5,34,28,1,1,allocated
18,3876,greenran_normal,0,0,65535_65535,2,44,2154278,27,1,1,0,4,0,28,1,1,pre_allocation
18,3876,greenran_normal,0,0,65535_65535,2,44,2154278,34,1,1,1,5,34,28,1,1,allocated
18,3876,greenran_normal,0,0,65535_65535,2,55,2154278,27,1,1,0,4,0,28,1,1,pre_allocation
18,3876,greenran_normal,0,0,65535_65535,2,55,2154278,34,1,1,1,5,34,28,1,1,allocated
18,3876,greenran_normal,0,0,65535_65535,2,56,2154278,27,1,1,0,4,0,28,1,1,pre_allocation
18,3876,greenran_normal,0,0,65535_65535,2,56,2154278,34,1,1,1,5,34,28,1,1,allocated
18,3876,greenran_normal,0,0,65535_65535,2,57,2154278,27,1,1,0,4,0,28,1,1,pre_allocation
18,3876,greenran_normal,0,0,65535_65535,2,57,2154278,34,1,1,1,5,34,28,1,1,allocated
18,3876,greenran_normal,0,0,65535_65535,2,39,2154280,27,1,1,0,4,0,28,1,1,pre_allocation
18,3876,greenran_normal,0,0,65535_65535,2,39,2154280,34,1,1,1,5,34,28,1,1,allocated
18,3876,greenran_normal,0,0,65535_65535,2,40,2154280,27,1,1,0,4,0,28,1,1,pre_allocation
18,3876,greenran_normal,0,0,65535_65535,2,40,2154280,34,1,1,1,5,34,28,1,1,allocated
18,3876,greenran_normal,0,0,65535_65535,2,41,2154280,27,1,1,0,4,0,28,1,1,pre_allocation
18,3876,greenran_normal,0,0,65535_65535,2,41,2154280,34,1,1,1,5,34,28,1,1,allocated
18,3876,greenran_normal,0,0,65535_65535,2,62,2154276,27,1,1,0,4,0,28,1,1,pre_allocation
18,3876,greenran_normal,0,0,65535_65535,2,62,2154276,34,1,1,1,5,34,28,1,1,allocated
18,3876,greenran_normal,0,0,65535_65535,2,61,2154276,27,1,1,0,4,0,28,1,1,pre_allocation
18,3876,greenran_normal,0,0,65535_65535,2,61,2154276,34,1,1,1,5,34,28,1,1,allocated
18,3876,greenran_normal,0,0,65535_65535,2,38,2155149,11,1,1,0,5,0,15,1,1,pre_allocation
18,3876,greenran_normal,0,0,65535_65535,2,38,2155149,14,1,1,1,6,14,15,1,1,allocated
18,3876,greenran_normal,0,0,65535_65535,2,60,2154954,7,1,1,0,5,0,12,1,1,pre_allocation
18,3876,greenran_normal,0,0,65535_65535,2,60,2154954,9,1,1,1,6,9,12,1,1,allocated
18,3876,greenran_normal,0,0,65535_65535,2,64,2154876,15,1,1,0,5,0,18,1,1,pre_allocation
18,3876,greenran_normal,0,0,65535_65535,2,64,2154876,19,1,1,1,6,19,18,1,1,allocated
18,3876,greenran_normal,0,0,65535_65535,2,43,2154714,13,1,1,0,5,0,16,1,1,pre_allocation
18,3876,greenran_normal,0,0,65535_65535,2,43,2154714,16,1,1,1,6,16,16,1,1,allocated
18,3876,greenran_normal,0,0,65535_65535,2,42,2154496,27,1,1,0,5,0,24,1,1,pre_allocation
18,3876,greenran_normal,0,0,65535_65535,2,42,2154496,34,1,1,1,6,34,24,1,1,allocated
18,3876,greenran_normal,0,0,65535_65535,2,36,2154342,27,1,1,0,5,0,24,1,1,pre_allocation
18,3876,greenran_normal,0,0,65535_65535,2,36,2154342,34,1,1,1,6,34,24,1,1,allocated
18,3876,greenran_normal,0,0,65535_65535,2,59,2154331,32,1,1,0,5,0,26,1,1,pre_allocation
18,3876,greenran_normal,0,0,65535_65535,2,59,2154331,39,1,1,1,6,39,26,1,1,allocated
18,3876,greenran_normal,0,0,65535_65535,2,58,2154361,32,1,1,0,5,0,26,1,1,pre_allocation
18,3876,greenran_normal,0,0,65535_65535,2,58,2154361,39,1,1,1,6,39,26,1,1,allocated
18,3876,greenran_normal,0,0,65535_65535,2,63,2154282,34,1,1,0,5,0,28,1,1,pre_allocation
18,3876,greenran_normal,0,0,65535_65535,2,63,2154282,42,1,1,1,6,42,28,1,1,allocated
18,3876,greenran_normal,0,0,65535_65535,2,37,2154281,34,1,1,0,5,0,28,1,1,pre_allocation
18,3876,greenran_normal,0,0,65535_65535,2,37,2154281,42,1,1,1,6,42,28,1,1,allocated
18,3876,greenran_normal,0,0,65535_65535,2,35,2154278,34,1,1,0,5,0,28,1,1,pre_allocation
18,3876,greenran_normal,0,0,65535_65535,2,35,2154278,42,1,1,1,6,42,28,1,1,allocated
18,3876,greenran_normal,0,0,65535_65535,2,44,2154278,34,1,1,0,5,0,28,1,1,pre_allocation
18,3876,greenran_normal,0,0,65535_65535,2,44,2154278,42,1,1,1,6,42,28,1,1,allocated
18,3876,greenran_normal,0,0,65535_65535,2,55,2154278,34,1,1,0,5,0,28,1,1,pre_allocation
18,3876,greenran_normal,0,0,65535_65535,2,55,2154278,42,1,1,1,6,42,28,1,1,allocated
18,3876,greenran_normal,0,0,65535_65535,2,56,2154278,34,1,1,0,5,0,28,1,1,pre_allocation
18,3876,greenran_normal,0,0,65535_65535,2,56,2154278,42,1,1,1,6,42,28,1,1,allocated
18,3876,greenran_normal,0,0,65535_65535,2,57,2154278,34,1,1,0,5,0,28,1,1,pre_allocation
18,3876,greenran_normal,0,0,65535_65535,2,57,2154278,42,1,1,1,6,42,28,1,1,allocated
18,3876,greenran_normal,0,0,65535_65535,2,39,2154280,34,1,1,0,5,0,28,1,1,pre_allocation
18,3876,greenran_normal,0,0,65535_65535,2,39,2154280,42,1,1,1,6,42,28,1,1,allocated
18,3876,greenran_normal,0,0,65535_65535,2,40,2154280,34,1,1,0,5,0,28,1,1,pre_allocation
18,3876,greenran_normal,0,0,65535_65535,2,40,2154280,42,1,1,1,6,42,28,1,1,allocated
18,3876,greenran_normal,0,0,65535_65535,2,41,2154280,34,1,1,0,5,0,28,1,1,pre_allocation
18,3876,greenran_normal,0,0,65535_65535,2,41,2154280,42,1,1,1,6,42,28,1,1,allocated
18,3876,greenran_normal,0,0,65535_65535,2,62,2154276,34,1,1,0,5,0,28,1,1,pre_allocation
18,3876,greenran_normal,0,0,65535_65535,2,62,2154276,42,1,1,1,6,42,28,1,1,allocated
18,3876,greenran_normal,0,0,65535_65535,2,61,2154276,34,1,1,0,5,0,28,1,1,pre_allocation
18,3876,greenran_normal,0,0,65535_65535,2,61,2154276,42,1,1,1,6,42,28,1,1,allocated
18,3876,greenran_normal,0,0,65535_65535,2,38,2155149,14,1,1,0,6,0,15,1,1,pre_allocation
18,3876,greenran_normal,0,0,65535_65535,2,38,2155149,17,1,1,1,7,17,15,1,1,allocated
18,3876,greenran_normal,0,0,65535_65535,2,60,2154954,9,1,1,0,6,0,12,1,1,pre_allocation
18,3876,greenran_normal,0,0,65535_65535,2,60,2154954,11,1,1,1,7,11,12,1,1,allocated
18,3876,greenran_normal,0,0,65535_65535,2,64,2154876,19,1,1,0,6,0,18,1,1,pre_allocation
18,3876,greenran_normal,0,0,65535_65535,2,64,2154876,22,1,1,1,7,22,18,1,1,allocated
18,3876,greenran_normal,0,0,65535_65535,2,43,2154714,16,1,1,0,6,0,16,1,1,pre_allocation
18,3876,greenran_normal,0,0,65535_65535,2,43,2154714,20,1,1,1,7,20,16,1,1,allocated
18,3876,greenran_normal,0,0,65535_65535,2,42,2154496,34,1,1,0,6,0,24,1,1,pre_allocation
18,3876,greenran_normal,0,0,65535_65535,2,42,2154496,40,1,1,1,7,40,24,1,1,allocated
18,3876,greenran_normal,0,0,65535_65535,2,36,2154342,34,1,1,0,6,0,24,1,1,pre_allocation
18,3876,greenran_normal,0,0,65535_65535,2,36,2154342,40,1,1,1,7,40,24,1,1,allocated
19,4407,greenran_normal,0,0,65535_65535,0,4,80412,0,1,1,0,0,0,24,1,1,pre_allocation
19,4407,greenran_normal,0,0,65535_65535,0,4,80412,3,1,1,1,1,3,24,1,1,allocated
19,4407,greenran_normal,0,0,65535_65535,0,1,79733,0,1,1,0,0,0,28,1,1,pre_allocation
19,4407,greenran_normal,0,0,65535_65535,0,1,79733,4,1,1,1,1,4,28,1,1,allocated
19,4407,greenran_normal,0,0,65535_65535,0,3,79731,0,1,1,0,0,0,28,1,1,pre_allocation
19,4407,greenran_normal,0,0,65535_65535,0,3,79731,4,1,1,1,1,4,28,1,1,allocated
19,4407,greenran_normal,0,0,65535_65535,0,5,79727,0,1,1,0,0,0,28,1,1,pre_allocation
19,4407,greenran_normal,0,0,65535_65535,0,5,79727,4,1,1,1,1,4,28,1,1,allocated
19,4407,greenran_normal,0,0,65535_65535,0,2,79729,0,1,1,0,0,0,28,1,1,pre_allocation
19,4407,greenran_normal,0,0,65535_65535,0,2,79729,4,1,1,1,1,4,28,1,1,allocated
19,4407,greenran_normal,0,0,65535_65535,0,4,80412,3,1,1,0,1,0,24,1,1,pre_allocation
19,4407,greenran_normal,0,0,65535_65535,0,4,80412,9,1,1,1,2,9,24,1,1,allocated
19,4407,greenran_normal,0,0,65535_65535,0,1,79733,4,1,1,0,1,0,28,1,1,pre_allocation
19,4407,greenran_normal,0,0,65535_65535,0,1,79733,12,1,1,1,2,12,28,1,1,allocated
19,4407,greenran_normal,0,0,65535_65535,0,3,79731,4,1,1,0,1,0,28,1,1,pre_allocation
19,4407,greenran_normal,0,0,65535_65535,0,3,79731,12,1,1,1,2,12,28,1,1,allocated
19,4407,greenran_normal,0,0,65535_65535,0,5,79727,4,1,1,0,1,0,28,1,1,pre_allocation
19,4407,greenran_normal,0,0,65535_65535,0,5,79727,12,1,1,1,2,12,28,1,1,allocated
19,4407,greenran_normal,0,0,65535_65535,0,2,79729,4,1,1,0,1,0,28,1,1,pre_allocation
19,4407,greenran_normal,0,0,65535_65535,0,2,79729,12,1,1,1,2,12,28,1,1,allocated
19,4407,greenran_normal,0,0,65535_65535,0,4,80412,9,1,1,0,2,0,24,1,1,pre_allocation
19,4407,greenran_normal,0,0,65535_65535,0,4,80412,15,1,1,1,3,15,24,1,1,allocated
19,4407,greenran_normal,0,0,65535_65535,0,1,79733,12,1,1,0,2,0,28,1,1,pre_allocation
19,4407,greenran_normal,0,0,65535_65535,0,1,79733,19,1,1,1,3,19,28,1,1,allocated
19,4407,greenran_normal,0,0,65535_65535,0,3,79731,12,1,1,0,2,0,28,1,1,pre_allocation
19,4407,greenran_normal,0,0,65535_65535,0,3,79731,19,1,1,1,3,19,28,1,1,allocated
19,4407,greenran_normal,0,0,65535_65535,0,5,79727,12,1,1,0,2,0,28,1,1,pre_allocation
19,4407,greenran_normal,0,0,65535_65535,0,5,79727,19,1,1,1,3,19,28,1,1,allocated
19,4407,greenran_normal,0,0,65535_65535,0,2,79729,12,1,1,0,2,0,28,1,1,pre_allocation
19,4407,greenran_normal,0,0,65535_65535,0,2,79729,19,1,1,1,3,19,28,1,1,allocated
19,4407,greenran_normal,0,0,65535_65535,0,4,80412,15,1,1,0,3,0,24,1,1,pre_allocation
19,4407,greenran_normal,0,0,65535_65535,0,4,80412,21,1,1,1,4,21,24,1,1,allocated
19,4407,greenran_normal,0,0,65535_65535,0,1,79733,19,1,1,0,3,0,28,1,1,pre_allocation
19,4407,greenran_normal,0,0,65535_65535,0,1,79733,27,1,1,1,4,27,28,1,1,allocated
19,4407,greenran_normal,0,0,65535_65535,0,3,79731,19,1,1,0,3,0,28,1,1,pre_allocation
19,4407,greenran_normal,0,0,65535_65535,0,3,79731,27,1,1,1,4,27,28,1,1,allocated
19,4407,greenran_normal,0,0,65535_65535,0,5,79727,19,1,1,0,3,0,28,1,1,pre_allocation
19,4407,greenran_normal,0,0,65535_65535,0,5,79727,27,1,1,1,4,27,28,1,1,allocated
19,4407,greenran_normal,0,0,65535_65535,0,2,79729,19,1,1,0,3,0,28,1,1,pre_allocation
19,4407,greenran_normal,0,0,65535_65535,0,2,79729,27,1,1,1,4,27,28,1,1,allocated
19,4407,greenran_normal,0,0,65535_65535,0,4,80412,21,1,1,0,4,0,24,1,1,pre_allocation
19,4407,greenran_normal,0,0,65535_65535,0,4,80412,27,1,1,1,5,27,24,1,1,allocated
19,4407,greenran_normal,0,0,65535_65535,0,1,79733,27,1,1,0,4,0,28,1,1,pre_allocation
19,4407,greenran_normal,0,0,65535_65535,0,1,79733,34,1,1,1,5,34,28,1,1,allocated
19,4407,greenran_normal,0,0,65535_65535,0,3,79731,27,1,1,0,4,0,28,1,1,pre_allocation
19,4407,greenran_normal,0,0,65535_65535,0,3,79731,34,1,1,1,5,34,28,1,1,allocated
19,4407,greenran_normal,0,0,65535_65535,0,5,79727,27,1,1,0,4,0,28,1,1,pre_allocation
19,4407,greenran_normal,0,0,65535_65535,0,5,79727,34,1,1,1,5,34,28,1,1,allocated
19,4407,greenran_normal,0,0,65535_65535,0,2,79729,27,1,1,0,4,0,28,1,1,pre_allocation
19,4407,greenran_normal,0,0,65535_65535,0,2,79729,34,1,1,1,5,34,28,1,1,allocated
19,4407,greenran_normal,0,0,65535_65535,0,4,80412,27,1,1,0,5,0,24,1,1,pre_allocation
19,4407,greenran_normal,0,0,65535_65535,0,4,80412,34,1,1,1,6,34,24,1,1,allocated
19,4407,greenran_normal,0,0,65535_65535,0,1,79733,34,1,1,0,5,0,28,1,1,pre_allocation
19,4407,greenran_normal,0,0,65535_65535,0,1,79733,42,1,1,1,6,42,28,1,1,allocated
19,4407,greenran_normal,0,0,65535_65535,0,3,79731,34,1,1,0,5,0,28,1,1,pre_allocation
19,4407,greenran_normal,0,0,65535_65535,0,3,79731,42,1,1,1,6,42,28,1,1,allocated
19,4407,greenran_normal,0,0,65535_65535,0,5,79727,34,1,1,0,5,0,28,1,1,pre_allocation
19,4407,greenran_normal,0,0,65535_65535,0,5,79727,42,1,1,1,6,42,28,1,1,allocated
19,4407,greenran_normal,0,0,65535_65535,0,2,79729,34,1,1,0,5,0,28,1,1,pre_allocation
19,4407,greenran_normal,0,0,65535_65535,0,2,79729,42,1,1,1,6,42,28,1,1,allocated
19,4407,greenran_normal,0,0,65535_65535,0,4,80412,34,1,1,0,6,0,24,1,1,pre_allocation
19,4407,greenran_normal,0,0,65535_65535,0,4,80412,40,1,1,1,7,40,24,1,1,allocated
19,4407,greenran_normal,0,0,65535_65535,0,1,79733,42,1,1,0,6,0,28,1,1,pre_allocation
19,4407,greenran_normal,0,0,65535_65535,0,1,79733,50,1,1,1,7,50,28,1,1,allocated
19,4407,greenran_normal,0,0,65535_65535,0,3,79731,42,1,1,0,6,0,28,1,1,pre_allocation
19,4407,greenran_normal,0,0,65535_65535,0,3,79731,50,1,1,1,7,50,28,1,1,allocated
19,4407,greenran_normal,0,0,65535_65535,0,5,79727,42,1,1,0,6,0,28,1,1,pre_allocation
19,4407,greenran_normal,0,0,65535_65535,0,5,79727,50,1,1,1,7,50,28,1,1,allocated
19,4407,greenran_normal,0,0,65535_65535,0,2,79729,42,1,1,0,6,0,28,1,1,pre_allocation
19,4407,greenran_normal,0,0,65535_65535,0,2,79729,50,1,1,1,7,50,28,1,1,allocated
19,4407,greenran_normal,0,0,65535_65535,0,4,80412,40,1,1,0,7,0,24,1,1,pre_allocation
19,4407,greenran_normal,0,0,65535_65535,0,4,80412,46,1,1,1,8,46,24,1,1,allocated
19,4407,greenran_normal,0,0,65535_65535,0,1,79733,50,1,1,0,7,0,28,1,1,pre_allocation
19,4407,greenran_normal,0,0,65535_65535,0,1,79733,57,1,1,1,8,57,28,1,1,allocated
19,4407,greenran_normal,0,0,65535_65535,0,3,79731,50,1,1,0,7,0,28,1,1,pre_allocation
19,4407,greenran_normal,0,0,65535_65535,0,3,79731,57,1,1,1,8,57,28,1,1,allocated
19,4407,greenran_normal,0,0,65535_65535,0,5,79727,50,1,1,0,7,0,28,1,1,pre_allocation
19,4407,greenran_normal,0,0,65535_65535,0,5,79727,57,1,1,1,8,57,28,1,1,allocated
19,4407,greenran_normal,0,0,65535_65535,0,2,79729,50,1,1,0,7,0,28,1,1,pre_allocation
19,4407,greenran_normal,0,0,65535_65535,0,2,79729,57,1,1,1,8,57,28,1,1,allocated
19,4407,greenran_normal,0,0,65535_65535,0,4,80412,46,1,1,0,8,0,24,1,1,pre_allocation
19,4407,greenran_normal,0,0,65535_65535,0,4,80412,52,1,1,1,9,52,24,1,1,allocated
19,4407,greenran_normal,0,0,65535_65535,0,1,79733,57,1,1,0,8,0,28,1,1,pre_allocation
19,4407,greenran_normal,0,0,65535_65535,0,1,79733,65,1,1,1,9,65,28,1,1,allocated
19,4407,greenran_normal,0,0,65535_65535,0,3,79731,57,1,1,0,8,0,28,1,1,pre_allocation
19,4407,greenran_normal,0,0,65535_65535,0,3,79731,65,1,1,1,9,65,28,1,1,allocated
19,4407,greenran_normal,0,0,65535_65535,0,5,79727,57,1,1,0,8,0,28,1,1,pre_allocation
19,4407,greenran_normal,0,0,65535_65535,0,5,79727,65,1,1,1,9,65,28,1,1,allocated
19,4407,greenran_normal,0,0,65535_65535,0,2,79729,57,1,1,0,8,0,28,1,1,pre_allocation
19,4407,greenran_normal,0,0,65535_65535,0,2,79729,65,1,1,1,9,65,28,1,1,allocated
19,4407,greenran_normal,0,0,65535_65535,0,4,80412,52,1,1,0,9,0,24,1,1,pre_allocation
19,4407,greenran_normal,0,0,65535_65535,0,4,80412,58,1,1,1,10,58,24,1,1,allocated
19,4407,greenran_normal,0,0,65535_65535,0,1,79733,65,1,1,0,9,0,28,1,1,pre_allocation
19,4407,greenran_normal,0,0,65535_65535,0,1,79733,72,1,1,1,10,72,28,1,1,allocated
19,4407,greenran_normal,0,0,65535_65535,0,3,79731,65,1,1,0,9,0,28,1,1,pre_allocation
19,4407,greenran_normal,0,0,65535_65535,0,3,79731,72,1,1,1,10,72,28,1,1,allocated
19,4407,greenran_normal,0,0,65535_65535,0,5,79727,65,1,1,0,9,0,28,1,1,pre_allocation
19,4407,greenran_normal,0,0,65535_65535,0,5,79727,72,1,1,1,10,72,28,1,1,allocated
19,4407,greenran_normal,0,0,65535_65535,0,2,79729,65,1,1,0,9,0,28,1,1,pre_allocation
19,4407,greenran_normal,0,0,65535_65535,0,2,79729,72,1,1,1,10,72,28,1,1,allocated
19,4407,greenran_normal,0,0,65535_65535,0,4,80412,58,1,1,0,10,0,24,1,1,pre_allocation
19,4407,greenran_normal,0,0,65535_65535,0,4,80412,65,1,1,1,11,65,24,1,1,allocated
19,4407,greenran_normal,0,0,65535_65535,0,1,79733,72,1,1,0,10,0,28,1,1,pre_allocation
19,4407,greenran_normal,0,0,65535_65535,0,1,79733,80,1,1,1,11,80,28,1,1,allocated
19,4407,greenran_normal,0,0,65535_65535,0,3,79731,72,1,1,0,10,0,28,1,1,pre_allocation
19,4407,greenran_normal,0,0,65535_65535,0,3,79731,80,1,1,1,11,80,28,1,1,allocated
19,4407,greenran_normal,0,0,65535_65535,0,5,79727,72,1,1,0,10,0,28,1,1,pre_allocation
19,4407,greenran_normal,0,0,65535_65535,0,5,79727,80,1,1,1,11,80,28,1,1,allocated
19,4407,greenran_normal,0,0,65535_65535,0,2,79729,72,1,1,0,10,0,28,1,1,pre_allocation
19,4407,greenran_normal,0,0,65535_65535,0,2,79729,80,1,1,1,11,80,28,1,1,allocated
19,4407,greenran_normal,0,0,65535_65535,0,4,80412,65,1,1,0,11,0,24,1,1,pre_allocation
19,4407,greenran_normal,0,0,65535_65535,0,4,80412,71,1,1,1,12,71,24,1,1,allocated
19,4407,greenran_normal,0,0,65535_65535,0,1,79733,80,1,1,0,11,0,28,1,1,pre_allocation
19,4407,greenran_normal,0,0,65535_65535,0,1,79733,88,1,1,1,12,88,28,1,1,allocated
19,4407,greenran_normal,0,0,65535_65535,0,3,79731,80,1,1,0,11,0,28,1,1,pre_allocation
19,4407,greenran_normal,0,0,65535_65535,0,3,79731,88,1,1,1,12,88,28,1,1,allocated
19,4407,greenran_normal,0,0,65535_65535,0,5,79727,80,1,1,0,11,0,28,1,1,pre_allocation
19,4407,greenran_normal,0,0,65535_65535,0,5,79727,88,1,1,1,12,88,28,1,1,allocated
19,4407,greenran_normal,0,0,65535_65535,0,2,79729,80,1,1,0,11,0,28,1,1,pre_allocation
19,4407,greenran_normal,0,0,65535_65535,0,2,79729,88,1,1,1,12,88,28,1,1,allocated
19,4407,greenran_normal,0,0,65535_65535,0,4,80412,71,1,1,0,12,0,24,1,1,pre_allocation
19,4407,greenran_normal,0,0,65535_65535,0,4,80412,77,1,1,1,13,77,24,1,1,allocated
19,4407,greenran_normal,0,0,65535_65535,0,1,79733,88,1,1,0,12,0,28,1,1,pre_allocation
19,4407,greenran_normal,0,0,65535_65535,0,1,79733,95,1,1,1,13,95,28,1,1,allocated
19,4407,greenran_normal,0,0,65535_65535,0,3,79731,88,1,1,0,12,0,28,1,1,pre_allocation
19,4407,greenran_normal,0,0,65535_65535,0,3,79731,95,1,1,1,13,95,28,1,1,allocated
19,4407,greenran_normal,0,0,65535_65535,0,5,79727,88,1,1,0,12,0,28,1,1,pre_allocation
19,4407,greenran_normal,0,0,65535_65535,0,5,79727,95,1,1,1,13,95,28,1,1,allocated
19,4407,greenran_normal,0,0,65535_65535,0,2,79729,88,1,1,0,12,0,28,1,1,pre_allocation
19,4407,greenran_normal,0,0,65535_65535,0,2,79729,95,1,1,1,13,95,28,1,1,allocated
19,4407,greenran_normal,0,0,65535_65535,0,4,80412,77,1,1,0,13,0,24,1,1,pre_allocation
19,4407,greenran_normal,0,0,65535_65535,0,4,80412,83,1,1,1,14,83,24,1,1,allocated
19,4407,greenran_normal,0,0,65535_65535,0,1,79733,95,1,1,0,13,0,28,1,1,pre_allocation
19,4407,greenran_normal,0,0,65535_65535,0,1,79733,103,1,1,1,14,103,28,1,1,allocated
19,4407,greenran_normal,0,0,65535_65535,0,3,79731,95,1,1,0,13,0,28,1,1,pre_allocation
19,4407,greenran_normal,0,0,65535_65535,0,3,79731,103,1,1,1,14,103,28,1,1,allocated
19,4407,greenran_normal,0,0,65535_65535,0,5,79727,95,1,1,0,13,0,28,1,1,pre_allocation
19,4407,greenran_normal,0,0,65535_65535,0,5,79727,103,1,1,1,14,103,28,1,1,allocated
19,4407,greenran_normal,0,0,65535_65535,0,2,79729,95,1,1,0,13,0,28,1,1,pre_allocation
19,4407,greenran_normal,0,0,65535_65535,0,2,79729,103,1,1,1,14,103,28,1,1,allocated
19,4407,greenran_normal,0,0,65535_65535,0,4,80412,83,1,1,0,14,0,24,1,1,pre_allocation
19,4407,greenran_normal,0,0,65535_65535,0,4,80412,89,1,1,1,15,89,24,1,1,allocated
19,4407,greenran_normal,0,0,65535_65535,0,1,79733,103,1,1,0,14,0,28,1,1,pre_allocation
19,4407,greenran_normal,0,0,65535_65535,0,1,79733,110,1,1,1,15,110,28,1,1,allocated
19,4407,greenran_normal,0,0,65535_65535,0,3,79731,103,1,1,0,14,0,28,1,1,pre_allocation
19,4407,greenran_normal,0,0,65535_65535,0,3,79731,110,1,1,1,15,110,28,1,1,allocated
19,4407,greenran_normal,0,0,65535_65535,0,5,79727,103,1,1,0,14,0,28,1,1,pre_allocation
19,4407,greenran_normal,0,0,65535_65535,0,5,79727,110,1,1,1,15,110,28,1,1,allocated
19,4407,greenran_normal,0,0,65535_65535,0,2,79729,103,1,1,0,14,0,28,1,1,pre_allocation
19,4407,greenran_normal,0,0,65535_65535,0,2,79729,110,1,1,1,15,110,28,1,1,allocated
19,4407,greenran_normal,0,0,65535_65535,0,4,80412,89,1,1,0,15,0,24,1,1,pre_allocation
19,4407,greenran_normal,0,0,65535_65535,0,4,80412,96,1,1,1,16,96,24,1,1,allocated
19,4407,greenran_normal,0,0,65535_65535,0,1,79733,110,1,1,0,15,0,28,1,1,pre_allocation
19,4407,greenran_normal,0,0,65535_65535,0,1,79733,118,1,1,1,16,118,28,1,1,allocated
19,4407,greenran_normal,0,0,65535_65535,0,3,79731,110,1,1,0,15,0,28,1,1,pre_allocation
19,4407,greenran_normal,0,0,65535_65535,0,3,79731,118,1,1,1,16,118,28,1,1,allocated
19,4407,greenran_normal,0,0,65535_65535,0,5,79727,110,1,1,0,15,0,28,1,1,pre_allocation
19,4407,greenran_normal,0,0,65535_65535,0,5,79727,118,1,1,1,16,118,28,1,1,allocated
19,4407,greenran_normal,0,0,65535_65535,0,2,79729,110,1,1,0,15,0,28,1,1,pre_allocation
19,4407,greenran_normal,0,0,65535_65535,0,2,79729,118,1,1,1,16,118,28,1,1,allocated
19,4407,greenran_normal,0,0,65535_65535,0,4,80412,96,1,1,0,16,0,24,1,1,pre_allocation
19,4407,greenran_normal,0,0,65535_65535,0,4,80412,102,1,1,1,17,102,24,1,1,allocated
19,4407,greenran_normal,0,0,65535_65535,0,1,79733,118,1,1,0,16,0,28,1,1,pre_allocation
19,4407,greenran_normal,0,0,65535_65535,0,1,79733,126,1,1,1,17,126,28,1,1,allocated
19,4407,greenran_normal,0,0,65535_65535,0,3,79731,118,1,1,0,16,0,28,1,1,pre_allocation
19,4407,greenran_normal,0,0,65535_65535,0,3,79731,126,1,1,1,17,126,28,1,1,allocated
19,4407,greenran_normal,0,0,65535_65535,0,5,79727,118,1,1,0,16,0,28,1,1,pre_allocation
19,4407,greenran_normal,0,0,65535_65535,0,5,79727,126,1,1,1,17,126,28,1,1,allocated
19,4407,greenran_normal,0,0,65535_65535,0,2,79729,118,1,1,0,16,0,28,1,1,pre_allocation
19,4407,greenran_normal,0,0,65535_65535,0,2,79729,126,1,1,1,17,126,28,1,1,allocated
19,4407,greenran_normal,0,0,65535_65535,0,4,80412,102,1,1,0,17,0,24,1,1,pre_allocation
19,4407,greenran_normal,0,0,65535_65535,0,4,80412,108,1,1,1,18,108,24,1,1,allocated
19,4407,greenran_normal,0,0,65535_65535,0,1,79733,126,1,1,0,17,0,28,1,1,pre_allocation
19,4407,greenran_normal,0,0,65535_65535,0,1,79733,133,1,1,1,18,133,28,1,1,allocated
19,4407,greenran_normal,0,0,65535_65535,0,3,79731,126,1,1,0,17,0,28,1,1,pre_allocation
19,4407,greenran_normal,0,0,65535_65535,0,3,79731,133,1,1,1,18,133,28,1,1,allocated
19,4407,greenran_normal,0,0,65535_65535,0,5,79727,126,1,1,0,17,0,28,1,1,pre_allocation
19,4407,greenran_normal,0,0,65535_65535,0,5,79727,133,1,1,1,18,133,28,1,1,allocated
19,4407,greenran_normal,0,0,65535_65535,0,2,79729,126,1,1,0,17,0,28,1,1,pre_allocation
19,4407,greenran_normal,0,0,65535_65535,0,2,79729,133,1,1,1,18,133,28,1,1,allocated
19,4407,greenran_normal,0,0,65535_65535,0,4,80412,108,1,1,0,18,0,24,1,1,pre_allocation
19,4407,greenran_normal,0,0,65535_65535,0,4,80412,114,1,1,1,19,114,24,1,1,allocated
19,4407,greenran_normal,0,0,65535_65535,0,1,79733,133,1,1,0,18,0,28,1,1,pre_allocation
19,4407,greenran_normal,0,0,65535_65535,0,1,79733,141,1,1,1,19,141,28,1,1,allocated
19,4407,greenran_normal,0,0,65535_65535,0,3,79731,133,1,1,0,18,0,28,1,1,pre_allocation
19,4407,greenran_normal,0,0,65535_65535,0,3,79731,141,1,1,1,19,141,28,1,1,allocated
19,4407,greenran_normal,0,0,65535_65535,0,5,79727,133,1,1,0,18,0,28,1,1,pre_allocation
19,4407,greenran_normal,0,0,65535_65535,0,5,79727,141,1,1,1,19,141,28,1,1,allocated
19,4407,greenran_normal,0,0,65535_65535,0,2,79729,133,1,1,0,18,0,28,1,1,pre_allocation
19,4407,greenran_normal,0,0,65535_65535,0,2,79729,141,1,1,1,19,141,28,1,1,allocated
19,4407,greenran_normal,0,0,65535_65535,0,4,80412,114,1,1,0,19,0,24,1,1,pre_allocation
19,4407,greenran_normal,0,0,65535_65535,0,4,80412,120,1,1,1,20,120,24,1,1,allocated
19,4407,greenran_normal,0,0,65535_65535,0,1,79733,141,1,1,0,19,0,28,1,1,pre_allocation
19,4407,greenran_normal,0,0,65535_65535,0,1,79733,148,1,1,1,20,148,28,1,1,allocated
19,4407,greenran_normal,0,0,65535_65535,0,3,79731,141,1,1,0,19,0,28,1,1,pre_allocation
19,4407,greenran_normal,0,0,65535_65535,0,3,79731,148,1,1,1,20,148,28,1,1,allocated
19,4407,greenran_normal,0,0,65535_65535,0,5,79727,141,1,1,0,19,0,28,1,1,pre_allocation
19,4407,greenran_normal,0,0,65535_65535,0,5,79727,148,1,1,1,20,148,28,1,1,allocated
19,4407,greenran_normal,0,0,65535_65535,0,2,79729,141,1,1,0,19,0,28,1,1,pre_allocation
19,4407,greenran_normal,0,0,65535_65535,0,2,79729,148,1,1,1,20,148,28,1,1,allocated
19,4407,greenran_normal,0,0,65535_65535,0,4,80412,120,1,1,0,20,0,24,1,1,pre_allocation
19,4407,greenran_normal,0,0,65535_65535,0,4,80412,126,1,1,1,21,126,24,1,1,allocated
19,4407,greenran_normal,0,0,65535_65535,0,1,79733,148,1,1,0,20,0,28,1,1,pre_allocation
19,4407,greenran_normal,0,0,65535_65535,0,1,79733,156,1,1,1,21,156,28,1,1,allocated
19,4407,greenran_normal,0,0,65535_65535,0,3,79731,148,1,1,0,20,0,28,1,1,pre_allocation
19,4407,greenran_normal,0,0,65535_65535,0,3,79731,156,1,1,1,21,156,28,1,1,allocated
19,4407,greenran_normal,0,0,65535_65535,0,5,79727,148,1,1,0,20,0,28,1,1,pre_allocation
19,4407,greenran_normal,0,0,65535_65535,0,5,79727,156,1,1,1,21,156,28,1,1,allocated
19,4407,greenran_normal,0,0,65535_65535,0,2,79729,148,1,1,0,20,0,28,1,1,pre_allocation
19,4407,greenran_normal,0,0,65535_65535,0,2,79729,156,1,1,1,21,156,28,1,1,allocated
19,4407,greenran_normal,0,0,65535_65535,0,4,80412,126,1,1,0,21,0,24,1,1,pre_allocation
19,4407,greenran_normal,0,0,65535_65535,0,4,80412,133,1,1,1,22,133,24,1,1,allocated
19,4407,greenran_normal,0,0,65535_65535,0,1,79733,156,1,1,0,21,0,28,1,1,pre_allocation
19,4407,greenran_normal,0,0,65535_65535,0,1,79733,163,1,1,1,22,163,28,1,1,allocated
19,4407,greenran_normal,0,0,65535_65535,0,3,79731,156,1,1,0,21,0,28,1,1,pre_allocation
19,4407,greenran_normal,0,0,65535_65535,0,3,79731,163,1,1,1,22,163,28,1,1,allocated
19,4407,greenran_normal,0,0,65535_65535,0,5,79727,156,1,1,0,21,0,28,1,1,pre_allocation
19,4407,greenran_normal,0,0,65535_65535,0,5,79727,163,1,1,1,22,163,28,1,1,allocated
19,4407,greenran_normal,0,0,65535_65535,0,2,79729,156,1,1,0,21,0,28,1,1,pre_allocation
19,4407,greenran_normal,0,0,65535_65535,0,2,79729,163,1,1,1,22,163,28,1,1,allocated
19,4407,greenran_normal,0,0,65535_65535,0,4,80412,133,1,1,0,22,0,24,1,1,pre_allocation
19,4407,greenran_normal,0,0,65535_65535,0,4,80412,139,1,1,1,23,139,24,1,1,allocated
19,4407,greenran_normal,0,0,65535_65535,0,1,79733,163,1,1,0,22,0,28,1,1,pre_allocation
19,4407,greenran_normal,0,0,65535_65535,0,1,79733,171,1,1,1,23,171,28,1,1,allocated
19,4407,greenran_normal,0,0,65535_65535,0,3,79731,163,1,1,0,22,0,28,1,1,pre_allocation
19,4407,greenran_normal,0,0,65535_65535,0,3,79731,171,1,1,1,23,171,28,1,1,allocated
19,4407,greenran_normal,0,0,65535_65535,0,5,79727,163,1,1,0,22,0,28,1,1,pre_allocation
19,4407,greenran_normal,0,0,65535_65535,0,5,79727,171,1,1,1,23,171,28,1,1,allocated
19,4407,greenran_normal,0,0,65535_65535,0,2,79729,163,1,1,0,22,0,28,1,1,pre_allocation
19,4407,greenran_normal,0,0,65535_65535,0,2,79729,171,1,1,1,23,171,28,1,1,allocated
19,4407,greenran_normal,0,0,65535_65535,0,4,80412,139,1,1,0,23,0,24,1,1,pre_allocation
19,4407,greenran_normal,0,0,65535_65535,0,4,80412,145,1,1,1,24,145,24,1,1,allocated
19,4407,greenran_normal,0,0,65535_65535,0,1,79733,171,1,1,0,23,0,28,1,1,pre_allocation
19,4407,greenran_normal,0,0,65535_65535,0,1,79733,179,1,1,1,24,179,28,1,1,allocated
19,4407,greenran_normal,0,0,65535_65535,0,3,79731,171,1,1,0,23,0,28,1,1,pre_allocation
19,4407,greenran_normal,0,0,65535_65535,0,3,79731,179,1,1,1,24,179,28,1,1,allocated
19,4407,greenran_normal,0,0,65535_65535,0,5,79727,171,1,1,0,23,0,28,1,1,pre_allocation
19,4407,greenran_normal,0,0,65535_65535,0,5,79727,179,1,1,1,24,179,28,1,1,allocated
19,4407,greenran_normal,0,0,65535_65535,0,2,79729,171,1,1,0,23,0,28,1,1,pre_allocation
19,4407,greenran_normal,0,0,65535_65535,0,2,79729,179,1,1,1,24,179,28,1,1,allocated
19,4407,greenran_normal,0,0,65535_65535,0,4,80412,145,1,1,0,24,0,24,1,1,pre_allocation
19,4407,greenran_normal,0,0,65535_65535,0,4,80412,151,1,1,1,25,151,24,1,1,allocated
19,4407,greenran_normal,0,0,65535_65535,0,1,79733,179,1,1,0,24,0,28,1,1,pre_allocation
19,4407,greenran_normal,0,0,65535_65535,0,1,79733,186,1,1,1,25,186,28,1,1,allocated
19,4407,greenran_normal,0,0,65535_65535,0,3,79731,179,1,1,0,24,0,28,1,1,pre_allocation
19,4407,greenran_normal,0,0,65535_65535,0,3,79731,186,1,1,1,25,186,28,1,1,allocated
19,4407,greenran_normal,0,0,65535_65535,0,5,79727,179,1,1,0,24,0,28,1,1,pre_allocation
19,4407,greenran_normal,0,0,65535_65535,0,5,79727,186,1,1,1,25,186,28,1,1,allocated
19,4407,greenran_normal,0,0,65535_65535,0,2,79729,179,1,1,0,24,0,28,1,1,pre_allocation
19,4407,greenran_normal,0,0,65535_65535,0,2,79729,186,1,1,1,25,186,28,1,1,allocated
19,4407,greenran_normal,0,0,65535_65535,0,4,80412,151,1,1,0,25,0,24,1,1,pre_allocation
19,4407,greenran_normal,0,0,65535_65535,0,4,80412,157,1,1,1,26,157,24,1,1,allocated
19,4407,greenran_normal,0,0,65535_65535,0,1,79733,186,1,1,0,25,0,28,1,1,pre_allocation
19,4407,greenran_normal,0,0,65535_65535,0,1,79733,194,1,1,1,26,194,28,1,1,allocated
19,4407,greenran_normal,0,0,65535_65535,0,3,79731,186,1,1,0,25,0,28,1,1,pre_allocation
19,4407,greenran_normal,0,0,65535_65535,0,3,79731,194,1,1,1,26,194,28,1,1,allocated
19,4407,greenran_normal,0,0,65535_65535,0,5,79727,186,1,1,0,25,0,28,1,1,pre_allocation
19,4407,greenran_normal,0,0,65535_65535,0,5,79727,194,1,1,1,26,194,28,1,1,allocated
19,4407,greenran_normal,0,0,65535_65535,0,2,79729,186,1,1,0,25,0,28,1,1,pre_allocation
19,4407,greenran_normal,0,0,65535_65535,0,2,79729,194,1,1,1,26,194,28,1,1,allocated
19,4407,greenran_normal,0,0,65535_65535,0,4,80412,157,1,1,0,26,0,24,1,1,pre_allocation
19,4407,greenran_normal,0,0,65535_65535,0,4,80412,164,1,1,1,27,164,24,1,1,allocated
19,4407,greenran_normal,0,0,65535_65535,0,1,79733,194,1,1,0,26,0,28,1,1,pre_allocation
19,4407,greenran_normal,0,0,65535_65535,0,1,79733,201,1,1,1,27,201,28,1,1,allocated
19,4407,greenran_normal,0,0,65535_65535,0,3,79731,194,1,1,0,26,0,28,1,1,pre_allocation
19,4407,greenran_normal,0,0,65535_65535,0,3,79731,201,1,1,1,27,201,28,1,1,allocated
19,4407,greenran_normal,0,0,65535_65535,0,5,79727,194,1,1,0,26,0,28,1,1,pre_allocation
19,4407,greenran_normal,0,0,65535_65535,0,5,79727,201,1,1,1,27,201,28,1,1,allocated
19,4407,greenran_normal,0,0,65535_65535,0,2,79729,194,1,1,0,26,0,28,1,1,pre_allocation
19,4407,greenran_normal,0,0,65535_65535,0,2,79729,201,1,1,1,27,201,28,1,1,allocated
19,4407,greenran_normal,0,0,65535_65535,0,4,80412,164,1,1,0,27,0,24,1,1,pre_allocation
19,4407,greenran_normal,0,0,65535_65535,0,4,80412,170,1,1,1,28,170,24,1,1,allocated
19,4407,greenran_normal,0,0,65535_65535,0,1,79733,201,1,1,0,27,0,28,1,1,pre_allocation
19,4407,greenran_normal,0,0,65535_65535,0,1,79733,209,1,1,1,28,209,28,1,1,allocated
19,4407,greenran_normal,0,0,65535_65535,0,3,79731,201,1,1,0,27,0,28,1,1,pre_allocation
19,4407,greenran_normal,0,0,65535_65535,0,3,79731,209,1,1,1,28,209,28,1,1,allocated
19,4407,greenran_normal,0,0,65535_65535,0,5,79727,201,1,1,0,27,0,28,1,1,pre_allocation
19,4407,greenran_normal,0,0,65535_65535,0,5,79727,209,1,1,1,28,209,28,1,1,allocated
19,4407,greenran_normal,0,0,65535_65535,2,38,2494521,0,1,1,0,0,0,15,1,1,pre_allocation
19,4407,greenran_normal,0,0,65535_65535,2,38,2494521,2,1,1,1,1,2,15,1,1,allocated
19,4407,greenran_normal,0,0,65535_65535,2,60,2494332,0,1,1,0,0,0,12,1,1,pre_allocation
19,4407,greenran_normal,0,0,65535_65535,2,60,2494332,2,1,1,1,1,2,12,1,1,allocated
19,4407,greenran_normal,0,0,65535_65535,2,64,2494243,0,1,1,0,0,0,14,1,1,pre_allocation
19,4407,greenran_normal,0,0,65535_65535,2,64,2494243,2,1,1,1,1,2,14,1,1,allocated
19,4407,greenran_normal,0,0,65535_65535,2,43,2494083,0,1,1,0,0,0,20,1,1,pre_allocation
19,4407,greenran_normal,0,0,65535_65535,2,43,2494083,1,1,1,1,1,1,20,1,1,allocated
19,4407,greenran_normal,0,0,65535_65535,2,42,2493845,0,1,1,0,0,0,24,1,1,pre_allocation
19,4407,greenran_normal,0,0,65535_65535,2,42,2493845,3,1,1,1,1,3,24,1,1,allocated
19,4407,greenran_normal,0,0,65535_65535,2,36,2493691,0,1,1,0,0,0,24,1,1,pre_allocation
19,4407,greenran_normal,0,0,65535_65535,2,36,2493691,3,1,1,1,1,3,24,1,1,allocated
19,4407,greenran_normal,0,0,65535_65535,2,59,2493681,0,1,1,0,0,0,24,1,1,pre_allocation
19,4407,greenran_normal,0,0,65535_65535,2,59,2493681,3,1,1,1,1,3,24,1,1,allocated
19,4407,greenran_normal,0,0,65535_65535,2,58,2493711,0,1,1,0,0,0,26,1,1,pre_allocation
19,4407,greenran_normal,0,0,65535_65535,2,58,2493711,4,1,1,1,1,4,26,1,1,allocated
19,4407,greenran_normal,0,0,65535_65535,2,63,2493629,0,1,1,0,0,0,28,1,1,pre_allocation
19,4407,greenran_normal,0,0,65535_65535,2,63,2493629,4,1,1,1,1,4,28,1,1,allocated
19,4407,greenran_normal,0,0,65535_65535,2,37,2493628,0,1,1,0,0,0,28,1,1,pre_allocation
19,4407,greenran_normal,0,0,65535_65535,2,37,2493628,4,1,1,1,1,4,28,1,1,allocated
19,4407,greenran_normal,0,0,65535_65535,2,35,2493625,0,1,1,0,0,0,28,1,1,pre_allocation
19,4407,greenran_normal,0,0,65535_65535,2,35,2493625,4,1,1,1,1,4,28,1,1,allocated
19,4407,greenran_normal,0,0,65535_65535,2,44,2493625,0,1,1,0,0,0,28,1,1,pre_allocation
19,4407,greenran_normal,0,0,65535_65535,2,44,2493625,4,1,1,1,1,4,28,1,1,allocated
19,4407,greenran_normal,0,0,65535_65535,2,55,2493625,0,1,1,0,0,0,28,1,1,pre_allocation
19,4407,greenran_normal,0,0,65535_65535,2,55,2493625,4,1,1,1,1,4,28,1,1,allocated
19,4407,greenran_normal,0,0,65535_65535,2,56,2493625,0,1,1,0,0,0,28,1,1,pre_allocation
19,4407,greenran_normal,0,0,65535_65535,2,56,2493625,4,1,1,1,1,4,28,1,1,allocated
19,4407,greenran_normal,0,0,65535_65535,2,57,2493625,0,1,1,0,0,0,28,1,1,pre_allocation
19,4407,greenran_normal,0,0,65535_65535,2,57,2493625,4,1,1,1,1,4,28,1,1,allocated
19,4407,greenran_normal,0,0,65535_65535,2,39,2493627,0,1,1,0,0,0,28,1,1,pre_allocation
19,4407,greenran_normal,0,0,65535_65535,2,39,2493627,4,1,1,1,1,4,28,1,1,allocated
19,4407,greenran_normal,0,0,65535_65535,2,40,2493627,0,1,1,0,0,0,28,1,1,pre_allocation
19,4407,greenran_normal,0,0,65535_65535,2,40,2493627,4,1,1,1,1,4,28,1,1,allocated
19,4407,greenran_normal,0,0,65535_65535,2,41,2493627,0,1,1,0,0,0,28,1,1,pre_allocation
19,4407,greenran_normal,0,0,65535_65535,2,41,2493627,4,1,1,1,1,4,28,1,1,allocated
19,4407,greenran_normal,0,0,65535_65535,2,62,2493623,0,1,1,0,0,0,28,1,1,pre_allocation
19,4407,greenran_normal,0,0,65535_65535,2,62,2493623,4,1,1,1,1,4,28,1,1,allocated
19,4407,greenran_normal,0,0,65535_65535,2,61,2493623,0,1,1,0,0,0,28,1,1,pre_allocation
19,4407,greenran_normal,0,0,65535_65535,2,61,2493623,4,1,1,1,1,4,28,1,1,allocated
19,4407,greenran_normal,0,0,65535_65535,2,38,2494521,2,1,1,0,1,0,15,1,1,pre_allocation
19,4407,greenran_normal,0,0,65535_65535,2,38,2494521,2,1,1,1,2,2,15,1,1,allocated
19,4407,greenran_normal,0,0,65535_65535,2,60,2494332,2,1,1,0,1,0,12,1,1,pre_allocation
19,4407,greenran_normal,0,0,65535_65535,2,60,2494332,1,1,1,1,2,1,12,1,1,allocated
19,4407,greenran_normal,0,0,65535_65535,2,64,2494243,2,1,1,0,1,0,14,1,1,pre_allocation
19,4407,greenran_normal,0,0,65535_65535,2,64,2494243,2,1,1,1,2,2,14,1,1,allocated
19,4407,greenran_normal,0,0,65535_65535,2,43,2494083,1,1,1,0,1,0,20,1,1,pre_allocation
19,4407,greenran_normal,0,0,65535_65535,2,43,2494083,6,1,1,1,2,6,20,1,1,allocated
19,4407,greenran_normal,0,0,65535_65535,2,42,2493845,3,1,1,0,1,0,24,1,1,pre_allocation
19,4407,greenran_normal,0,0,65535_65535,2,42,2493845,9,1,1,1,2,9,24,1,1,allocated
19,4407,greenran_normal,0,0,65535_65535,2,36,2493691,3,1,1,0,1,0,24,1,1,pre_allocation
19,4407,greenran_normal,0,0,65535_65535,2,36,2493691,9,1,1,1,2,9,24,1,1,allocated
19,4407,greenran_normal,0,0,65535_65535,2,59,2493681,3,1,1,0,1,0,24,1,1,pre_allocation
19,4407,greenran_normal,0,0,65535_65535,2,59,2493681,9,1,1,1,2,9,24,1,1,allocated
19,4407,greenran_normal,0,0,65535_65535,2,58,2493711,4,1,1,0,1,0,26,1,1,pre_allocation
19,4407,greenran_normal,0,0,65535_65535,2,58,2493711,11,1,1,1,2,11,26,1,1,allocated
19,4407,greenran_normal,0,0,65535_65535,2,63,2493629,4,1,1,0,1,0,28,1,1,pre_allocation
19,4407,greenran_normal,0,0,65535_65535,2,63,2493629,12,1,1,1,2,12,28,1,1,allocated
19,4407,greenran_normal,0,0,65535_65535,2,37,2493628,4,1,1,0,1,0,28,1,1,pre_allocation
19,4407,greenran_normal,0,0,65535_65535,2,37,2493628,12,1,1,1,2,12,28,1,1,allocated
19,4407,greenran_normal,0,0,65535_65535,2,35,2493625,4,1,1,0,1,0,28,1,1,pre_allocation
19,4407,greenran_normal,0,0,65535_65535,2,35,2493625,12,1,1,1,2,12,28,1,1,allocated
19,4407,greenran_normal,0,0,65535_65535,2,44,2493625,4,1,1,0,1,0,28,1,1,pre_allocation
19,4407,greenran_normal,0,0,65535_65535,2,44,2493625,12,1,1,1,2,12,28,1,1,allocated
19,4407,greenran_normal,0,0,65535_65535,2,55,2493625,4,1,1,0,1,0,28,1,1,pre_allocation
19,4407,greenran_normal,0,0,65535_65535,2,55,2493625,12,1,1,1,2,12,28,1,1,allocated
19,4407,greenran_normal,0,0,65535_65535,2,56,2493625,4,1,1,0,1,0,28,1,1,pre_allocation
19,4407,greenran_normal,0,0,65535_65535,2,56,2493625,12,1,1,1,2,12,28,1,1,allocated
19,4407,greenran_normal,0,0,65535_65535,2,57,2493625,4,1,1,0,1,0,28,1,1,pre_allocation
19,4407,greenran_normal,0,0,65535_65535,2,57,2493625,12,1,1,1,2,12,28,1,1,allocated
19,4407,greenran_normal,0,0,65535_65535,2,39,2493627,4,1,1,0,1,0,28,1,1,pre_allocation
19,4407,greenran_normal,0,0,65535_65535,2,39,2493627,12,1,1,1,2,12,28,1,1,allocated
19,4407,greenran_normal,0,0,65535_65535,2,40,2493627,4,1,1,0,1,0,28,1,1,pre_allocation
19,4407,greenran_normal,0,0,65535_65535,2,40,2493627,12,1,1,1,2,12,28,1,1,allocated
19,4407,greenran_normal,0,0,65535_65535,2,41,2493627,4,1,1,0,1,0,28,1,1,pre_allocation
19,4407,greenran_normal,0,0,65535_65535,2,41,2493627,12,1,1,1,2,12,28,1,1,allocated
19,4407,greenran_normal,0,0,65535_65535,2,62,2493623,4,1,1,0,1,0,28,1,1,pre_allocation
19,4407,greenran_normal,0,0,65535_65535,2,62,2493623,12,1,1,1,2,12,28,1,1,allocated
19,4407,greenran_normal,0,0,65535_65535,2,61,2493623,4,1,1,0,1,0,28,1,1,pre_allocation
19,4407,greenran_normal,0,0,65535_65535,2,61,2493623,12,1,1,1,2,12,28,1,1,allocated
19,4407,greenran_normal,0,0,65535_65535,2,38,2494521,2,1,1,0,2,0,15,1,1,pre_allocation
19,4407,greenran_normal,0,0,65535_65535,2,38,2494521,5,1,1,1,3,5,15,1,1,allocated
19,4407,greenran_normal,0,0,65535_65535,2,60,2494332,1,1,1,0,2,0,12,1,1,pre_allocation
19,4407,greenran_normal,0,0,65535_65535,2,60,2494332,3,1,1,1,3,3,12,1,1,allocated
19,4407,greenran_normal,0,0,65535_65535,2,64,2494243,2,1,1,0,2,0,14,1,1,pre_allocation
19,4407,greenran_normal,0,0,65535_65535,2,64,2494243,4,1,1,1,3,4,14,1,1,allocated
19,4407,greenran_normal,0,0,65535_65535,2,43,2494083,6,1,1,0,2,0,20,1,1,pre_allocation
19,4407,greenran_normal,0,0,65535_65535,2,43,2494083,10,1,1,1,3,10,20,1,1,allocated
19,4407,greenran_normal,0,0,65535_65535,2,42,2493845,9,1,1,0,2,0,24,1,1,pre_allocation
19,4407,greenran_normal,0,0,65535_65535,2,42,2493845,15,1,1,1,3,15,24,1,1,allocated
19,4407,greenran_normal,0,0,65535_65535,2,36,2493691,9,1,1,0,2,0,24,1,1,pre_allocation
19,4407,greenran_normal,0,0,65535_65535,2,36,2493691,15,1,1,1,3,15,24,1,1,allocated
19,4407,greenran_normal,0,0,65535_65535,2,59,2493681,9,1,1,0,2,0,24,1,1,pre_allocation
19,4407,greenran_normal,0,0,65535_65535,2,59,2493681,15,1,1,1,3,15,24,1,1,allocated
19,4407,greenran_normal,0,0,65535_65535,2,58,2493711,11,1,1,0,2,0,26,1,1,pre_allocation
19,4407,greenran_normal,0,0,65535_65535,2,58,2493711,18,1,1,1,3,18,26,1,1,allocated
19,4407,greenran_normal,0,0,65535_65535,2,63,2493629,12,1,1,0,2,0,28,1,1,pre_allocation
19,4407,greenran_normal,0,0,65535_65535,2,63,2493629,19,1,1,1,3,19,28,1,1,allocated
19,4407,greenran_normal,0,0,65535_65535,2,37,2493628,12,1,1,0,2,0,28,1,1,pre_allocation
19,4407,greenran_normal,0,0,65535_65535,2,37,2493628,19,1,1,1,3,19,28,1,1,allocated
19,4407,greenran_normal,0,0,65535_65535,2,35,2493625,12,1,1,0,2,0,28,1,1,pre_allocation
19,4407,greenran_normal,0,0,65535_65535,2,35,2493625,19,1,1,1,3,19,28,1,1,allocated
19,4407,greenran_normal,0,0,65535_65535,2,44,2493625,12,1,1,0,2,0,28,1,1,pre_allocation
19,4407,greenran_normal,0,0,65535_65535,2,44,2493625,19,1,1,1,3,19,28,1,1,allocated
19,4407,greenran_normal,0,0,65535_65535,2,55,2493625,12,1,1,0,2,0,28,1,1,pre_allocation
19,4407,greenran_normal,0,0,65535_65535,2,55,2493625,19,1,1,1,3,19,28,1,1,allocated
19,4407,greenran_normal,0,0,65535_65535,2,56,2493625,12,1,1,0,2,0,28,1,1,pre_allocation
19,4407,greenran_normal,0,0,65535_65535,2,56,2493625,19,1,1,1,3,19,28,1,1,allocated
19,4407,greenran_normal,0,0,65535_65535,2,57,2493625,12,1,1,0,2,0,28,1,1,pre_allocation
19,4407,greenran_normal,0,0,65535_65535,2,57,2493625,19,1,1,1,3,19,28,1,1,allocated
19,4407,greenran_normal,0,0,65535_65535,2,39,2493627,12,1,1,0,2,0,28,1,1,pre_allocation
19,4407,greenran_normal,0,0,65535_65535,2,39,2493627,19,1,1,1,3,19,28,1,1,allocated
19,4407,greenran_normal,0,0,65535_65535,2,40,2493627,12,1,1,0,2,0,28,1,1,pre_allocation
19,4407,greenran_normal,0,0,65535_65535,2,40,2493627,19,1,1,1,3,19,28,1,1,allocated
19,4407,greenran_normal,0,0,65535_65535,2,41,2493627,12,1,1,0,2,0,28,1,1,pre_allocation
19,4407,greenran_normal,0,0,65535_65535,2,41,2493627,19,1,1,1,3,19,28,1,1,allocated
19,4407,greenran_normal,0,0,65535_65535,2,62,2493623,12,1,1,0,2,0,28,1,1,pre_allocation
19,4407,greenran_normal,0,0,65535_65535,2,62,2493623,19,1,1,1,3,19,28,1,1,allocated
19,4407,greenran_normal,0,0,65535_65535,2,61,2493623,12,1,1,0,2,0,28,1,1,pre_allocation
19,4407,greenran_normal,0,0,65535_65535,2,61,2493623,19,1,1,1,3,19,28,1,1,allocated
19,4407,greenran_normal,0,0,65535_65535,2,38,2494521,5,1,1,0,3,0,15,1,1,pre_allocation
19,4407,greenran_normal,0,0,65535_65535,2,38,2494521,8,1,1,1,4,8,15,1,1,allocated
19,4407,greenran_normal,0,0,65535_65535,2,60,2494332,3,1,1,0,3,0,12,1,1,pre_allocation
19,4407,greenran_normal,0,0,65535_65535,2,60,2494332,5,1,1,1,4,5,12,1,1,allocated
19,4407,greenran_normal,0,0,65535_65535,2,64,2494243,4,1,1,0,3,0,14,1,1,pre_allocation
19,4407,greenran_normal,0,0,65535_65535,2,64,2494243,7,1,1,1,4,7,14,1,1,allocated
19,4407,greenran_normal,0,0,65535_65535,2,43,2494083,10,1,1,0,3,0,20,1,1,pre_allocation
19,4407,greenran_normal,0,0,65535_65535,2,43,2494083,15,1,1,1,4,15,20,1,1,allocated
19,4407,greenran_normal,0,0,65535_65535,2,42,2493845,15,1,1,0,3,0,24,1,1,pre_allocation
19,4407,greenran_normal,0,0,65535_65535,2,42,2493845,21,1,1,1,4,21,24,1,1,allocated
19,4407,greenran_normal,0,0,65535_65535,2,36,2493691,15,1,1,0,3,0,24,1,1,pre_allocation
19,4407,greenran_normal,0,0,65535_65535,2,36,2493691,21,1,1,1,4,21,24,1,1,allocated
19,4407,greenran_normal,0,0,65535_65535,2,59,2493681,15,1,1,0,3,0,24,1,1,pre_allocation
19,4407,greenran_normal,0,0,65535_65535,2,59,2493681,21,1,1,1,4,21,24,1,1,allocated
19,4407,greenran_normal,0,0,65535_65535,2,58,2493711,18,1,1,0,3,0,26,1,1,pre_allocation
19,4407,greenran_normal,0,0,65535_65535,2,58,2493711,25,1,1,1,4,25,26,1,1,allocated
19,4407,greenran_normal,0,0,65535_65535,2,63,2493629,19,1,1,0,3,0,28,1,1,pre_allocation
19,4407,greenran_normal,0,0,65535_65535,2,63,2493629,27,1,1,1,4,27,28,1,1,allocated
19,4407,greenran_normal,0,0,65535_65535,2,37,2493628,19,1,1,0,3,0,28,1,1,pre_allocation
19,4407,greenran_normal,0,0,65535_65535,2,37,2493628,27,1,1,1,4,27,28,1,1,allocated
19,4407,greenran_normal,0,0,65535_65535,2,35,2493625,19,1,1,0,3,0,28,1,1,pre_allocation
19,4407,greenran_normal,0,0,65535_65535,2,35,2493625,27,1,1,1,4,27,28,1,1,allocated
19,4407,greenran_normal,0,0,65535_65535,2,44,2493625,19,1,1,0,3,0,28,1,1,pre_allocation
19,4407,greenran_normal,0,0,65535_65535,2,44,2493625,27,1,1,1,4,27,28,1,1,allocated
19,4407,greenran_normal,0,0,65535_65535,2,55,2493625,19,1,1,0,3,0,28,1,1,pre_allocation
19,4407,greenran_normal,0,0,65535_65535,2,55,2493625,27,1,1,1,4,27,28,1,1,allocated
19,4407,greenran_normal,0,0,65535_65535,2,56,2493625,19,1,1,0,3,0,28,1,1,pre_allocation
19,4407,greenran_normal,0,0,65535_65535,2,56,2493625,27,1,1,1,4,27,28,1,1,allocated
19,4407,greenran_normal,0,0,65535_65535,2,57,2493625,19,1,1,0,3,0,28,1,1,pre_allocation
19,4407,greenran_normal,0,0,65535_65535,2,57,2493625,27,1,1,1,4,27,28,1,1,allocated
19,4407,greenran_normal,0,0,65535_65535,2,39,2493627,19,1,1,0,3,0,28,1,1,pre_allocation
19,4407,greenran_normal,0,0,65535_65535,2,39,2493627,27,1,1,1,4,27,28,1,1,allocated
19,4407,greenran_normal,0,0,65535_65535,2,40,2493627,19,1,1,0,3,0,28,1,1,pre_allocation
19,4407,greenran_normal,0,0,65535_65535,2,40,2493627,27,1,1,1,4,27,28,1,1,allocated
19,4407,greenran_normal,0,0,65535_65535,2,41,2493627,19,1,1,0,3,0,28,1,1,pre_allocation
19,4407,greenran_normal,0,0,65535_65535,2,41,2493627,27,1,1,1,4,27,28,1,1,allocated
19,4407,greenran_normal,0,0,65535_65535,2,62,2493623,19,1,1,0,3,0,28,1,1,pre_allocation
19,4407,greenran_normal,0,0,65535_65535,2,62,2493623,27,1,1,1,4,27,28,1,1,allocated
19,4407,greenran_normal,0,0,65535_65535,2,61,2493623,19,1,1,0,3,0,28,1,1,pre_allocation
19,4407,greenran_normal,0,0,65535_65535,2,61,2493623,27,1,1,1,4,27,28,1,1,allocated
19,4407,greenran_normal,0,0,65535_65535,2,38,2494521,8,1,1,0,4,0,15,1,1,pre_allocation
19,4407,greenran_normal,0,0,65535_65535,2,38,2494521,11,1,1,1,5,11,15,1,1,allocated
19,4407,greenran_normal,0,0,65535_65535,2,60,2494332,5,1,1,0,4,0,12,1,1,pre_allocation
19,4407,greenran_normal,0,0,65535_65535,2,60,2494332,7,1,1,1,5,7,12,1,1,allocated
19,4407,greenran_normal,0,0,65535_65535,2,64,2494243,7,1,1,0,4,0,14,1,1,pre_allocation
19,4407,greenran_normal,0,0,65535_65535,2,64,2494243,10,1,1,1,5,10,14,1,1,allocated
19,4407,greenran_normal,0,0,65535_65535,2,43,2494083,15,1,1,0,4,0,20,1,1,pre_allocation
19,4407,greenran_normal,0,0,65535_65535,2,43,2494083,19,1,1,1,5,19,20,1,1,allocated
19,4407,greenran_normal,0,0,65535_65535,2,42,2493845,21,1,1,0,4,0,24,1,1,pre_allocation
19,4407,greenran_normal,0,0,65535_65535,2,42,2493845,27,1,1,1,5,27,24,1,1,allocated
19,4407,greenran_normal,0,0,65535_65535,2,36,2493691,21,1,1,0,4,0,24,1,1,pre_allocation
19,4407,greenran_normal,0,0,65535_65535,2,36,2493691,27,1,1,1,5,27,24,1,1,allocated
19,4407,greenran_normal,0,0,65535_65535,2,59,2493681,21,1,1,0,4,0,24,1,1,pre_allocation
19,4407,greenran_normal,0,0,65535_65535,2,59,2493681,27,1,1,1,5,27,24,1,1,allocated
19,4407,greenran_normal,0,0,65535_65535,2,58,2493711,25,1,1,0,4,0,26,1,1,pre_allocation
19,4407,greenran_normal,0,0,65535_65535,2,58,2493711,32,1,1,1,5,32,26,1,1,allocated
19,4407,greenran_normal,0,0,65535_65535,2,63,2493629,27,1,1,0,4,0,28,1,1,pre_allocation
19,4407,greenran_normal,0,0,65535_65535,2,63,2493629,34,1,1,1,5,34,28,1,1,allocated
19,4407,greenran_normal,0,0,65535_65535,2,37,2493628,27,1,1,0,4,0,28,1,1,pre_allocation
19,4407,greenran_normal,0,0,65535_65535,2,37,2493628,34,1,1,1,5,34,28,1,1,allocated
19,4407,greenran_normal,0,0,65535_65535,2,35,2493625,27,1,1,0,4,0,28,1,1,pre_allocation
19,4407,greenran_normal,0,0,65535_65535,2,35,2493625,34,1,1,1,5,34,28,1,1,allocated
19,4407,greenran_normal,0,0,65535_65535,2,44,2493625,27,1,1,0,4,0,28,1,1,pre_allocation
19,4407,greenran_normal,0,0,65535_65535,2,44,2493625,34,1,1,1,5,34,28,1,1,allocated
19,4407,greenran_normal,0,0,65535_65535,2,55,2493625,27,1,1,0,4,0,28,1,1,pre_allocation
19,4407,greenran_normal,0,0,65535_65535,2,55,2493625,34,1,1,1,5,34,28,1,1,allocated
19,4407,greenran_normal,0,0,65535_65535,2,56,2493625,27,1,1,0,4,0,28,1,1,pre_allocation
19,4407,greenran_normal,0,0,65535_65535,2,56,2493625,34,1,1,1,5,34,28,1,1,allocated
19,4407,greenran_normal,0,0,65535_65535,2,57,2493625,27,1,1,0,4,0,28,1,1,pre_allocation
19,4407,greenran_normal,0,0,65535_65535,2,57,2493625,34,1,1,1,5,34,28,1,1,allocated
19,4407,greenran_normal,0,0,65535_65535,2,39,2493627,27,1,1,0,4,0,28,1,1,pre_allocation
19,4407,greenran_normal,0,0,65535_65535,2,39,2493627,34,1,1,1,5,34,28,1,1,allocated
19,4407,greenran_normal,0,0,65535_65535,2,40,2493627,27,1,1,0,4,0,28,1,1,pre_allocation
19,4407,greenran_normal,0,0,65535_65535,2,40,2493627,34,1,1,1,5,34,28,1,1,allocated
19,4407,greenran_normal,0,0,65535_65535,2,41,2493627,27,1,1,0,4,0,28,1,1,pre_allocation
19,4407,greenran_normal,0,0,65535_65535,2,41,2493627,34,1,1,1,5,34,28,1,1,allocated
19,4407,greenran_normal,0,0,65535_65535,2,62,2493623,27,1,1,0,4,0,28,1,1,pre_allocation
19,4407,greenran_normal,0,0,65535_65535,2,62,2493623,34,1,1,1,5,34,28,1,1,allocated
19,4407,greenran_normal,0,0,65535_65535,2,61,2493623,27,1,1,0,4,0,28,1,1,pre_allocation
19,4407,greenran_normal,0,0,65535_65535,2,61,2493623,34,1,1,1,5,34,28,1,1,allocated
19,4407,greenran_normal,0,0,65535_65535,2,38,2494521,11,1,1,0,5,0,15,1,1,pre_allocation
19,4407,greenran_normal,0,0,65535_65535,2,38,2494521,14,1,1,1,6,14,15,1,1,allocated
19,4407,greenran_normal,0,0,65535_65535,2,60,2494332,7,1,1,0,5,0,12,1,1,pre_allocation
19,4407,greenran_normal,0,0,65535_65535,2,60,2494332,9,1,1,1,6,9,12,1,1,allocated
19,4407,greenran_normal,0,0,65535_65535,2,64,2494243,10,1,1,0,5,0,14,1,1,pre_allocation
19,4407,greenran_normal,0,0,65535_65535,2,64,2494243,12,1,1,1,6,12,14,1,1,allocated
19,4407,greenran_normal,0,0,65535_65535,2,43,2494083,19,1,1,0,5,0,20,1,1,pre_allocation
19,4407,greenran_normal,0,0,65535_65535,2,43,2494083,24,1,1,1,6,24,20,1,1,allocated
19,4407,greenran_normal,0,0,65535_65535,2,42,2493845,27,1,1,0,5,0,24,1,1,pre_allocation
19,4407,greenran_normal,0,0,65535_65535,2,42,2493845,34,1,1,1,6,34,24,1,1,allocated
19,4407,greenran_normal,0,0,65535_65535,2,36,2493691,27,1,1,0,5,0,24,1,1,pre_allocation
19,4407,greenran_normal,0,0,65535_65535,2,36,2493691,34,1,1,1,6,34,24,1,1,allocated
19,4407,greenran_normal,0,0,65535_65535,2,59,2493681,27,1,1,0,5,0,24,1,1,pre_allocation
19,4407,greenran_normal,0,0,65535_65535,2,59,2493681,34,1,1,1,6,34,24,1,1,allocated
19,4407,greenran_normal,0,0,65535_65535,2,58,2493711,32,1,1,0,5,0,26,1,1,pre_allocation
19,4407,greenran_normal,0,0,65535_65535,2,58,2493711,39,1,1,1,6,39,26,1,1,allocated
19,4407,greenran_normal,0,0,65535_65535,2,63,2493629,34,1,1,0,5,0,28,1,1,pre_allocation
19,4407,greenran_normal,0,0,65535_65535,2,63,2493629,42,1,1,1,6,42,28,1,1,allocated
19,4407,greenran_normal,0,0,65535_65535,2,37,2493628,34,1,1,0,5,0,28,1,1,pre_allocation
19,4407,greenran_normal,0,0,65535_65535,2,37,2493628,42,1,1,1,6,42,28,1,1,allocated
19,4407,greenran_normal,0,0,65535_65535,2,35,2493625,34,1,1,0,5,0,28,1,1,pre_allocation
19,4407,greenran_normal,0,0,65535_65535,2,35,2493625,42,1,1,1,6,42,28,1,1,allocated
19,4407,greenran_normal,0,0,65535_65535,2,44,2493625,34,1,1,0,5,0,28,1,1,pre_allocation
19,4407,greenran_normal,0,0,65535_65535,2,44,2493625,42,1,1,1,6,42,28,1,1,allocated
19,4407,greenran_normal,0,0,65535_65535,2,55,2493625,34,1,1,0,5,0,28,1,1,pre_allocation
19,4407,greenran_normal,0,0,65535_65535,2,55,2493625,42,1,1,1,6,42,28,1,1,allocated
19,4407,greenran_normal,0,0,65535_65535,2,56,2493625,34,1,1,0,5,0,28,1,1,pre_allocation
19,4407,greenran_normal,0,0,65535_65535,2,56,2493625,42,1,1,1,6,42,28,1,1,allocated
19,4407,greenran_normal,0,0,65535_65535,2,57,2493625,34,1,1,0,5,0,28,1,1,pre_allocation
19,4407,greenran_normal,0,0,65535_65535,2,57,2493625,42,1,1,1,6,42,28,1,1,allocated
19,4407,greenran_normal,0,0,65535_65535,2,39,2493627,34,1,1,0,5,0,28,1,1,pre_allocation
19,4407,greenran_normal,0,0,65535_65535,2,39,2493627,42,1,1,1,6,42,28,1,1,allocated
19,4407,greenran_normal,0,0,65535_65535,2,40,2493627,34,1,1,0,5,0,28,1,1,pre_allocation
19,4407,greenran_normal,0,0,65535_65535,2,40,2493627,42,1,1,1,6,42,28,1,1,allocated
19,4407,greenran_normal,0,0,65535_65535,2,41,2493627,34,1,1,0,5,0,28,1,1,pre_allocation
19,4407,greenran_normal,0,0,65535_65535,2,41,2493627,42,1,1,1,6,42,28,1,1,allocated
19,4407,greenran_normal,0,0,65535_65535,2,62,2493623,34,1,1,0,5,0,28,1,1,pre_allocation
19,4407,greenran_normal,0,0,65535_65535,2,62,2493623,42,1,1,1,6,42,28,1,1,allocated
19,4407,greenran_normal,0,0,65535_65535,2,61,2493623,34,1,1,0,5,0,28,1,1,pre_allocation
19,4407,greenran_normal,0,0,65535_65535,2,61,2493623,42,1,1,1,6,42,28,1,1,allocated
19,4407,greenran_normal,0,0,65535_65535,2,38,2494521,14,1,1,0,6,0,15,1,1,pre_allocation
19,4407,greenran_normal,0,0,65535_65535,2,38,2494521,17,1,1,1,7,17,15,1,1,allocated
19,4407,greenran_normal,0,0,65535_65535,2,60,2494332,9,1,1,0,6,0,12,1,1,pre_allocation
19,4407,greenran_normal,0,0,65535_65535,2,60,2494332,11,1,1,1,7,11,12,1,1,allocated
19,4407,greenran_normal,0,0,65535_65535,2,64,2494243,12,1,1,0,6,0,14,1,1,pre_allocation
19,4407,greenran_normal,0,0,65535_65535,2,64,2494243,15,1,1,1,7,15,14,1,1,allocated
19,4407,greenran_normal,0,0,65535_65535,2,43,2494083,24,1,1,0,6,0,20,1,1,pre_allocation
19,4407,greenran_normal,0,0,65535_65535,2,43,2494083,28,1,1,1,7,28,20,1,1,allocated
19,4407,greenran_normal,0,0,65535_65535,2,42,2493845,34,1,1,0,6,0,24,1,1,pre_allocation
19,4407,greenran_normal,0,0,65535_65535,2,42,2493845,40,1,1,1,7,40,24,1,1,allocated
19,4407,greenran_normal,0,0,65535_65535,2,36,2493691,34,1,1,0,6,0,24,1,1,pre_allocation
19,4407,greenran_normal,0,0,65535_65535,2,36,2493691,40,1,1,1,7,40,24,1,1,allocated
19,4407,greenran_normal,0,0,65535_65535,2,59,2493681,34,1,1,0,6,0,24,1,1,pre_allocation
19,4407,greenran_normal,0,0,65535_65535,2,59,2493681,40,1,1,1,7,40,24,1,1,allocated
23,4556,greenran_normal,0,0,65535_65535,0,4,82724,0,1,1,0,0,0,22,1,1,pre_allocation
23,4556,greenran_normal,0,0,65535_65535,0,4,82724,2,1,1,1,1,2,22,1,1,allocated
23,4556,greenran_normal,0,0,65535_65535,0,5,81885,0,1,1,0,0,0,28,1,1,pre_allocation
23,4556,greenran_normal,0,0,65535_65535,0,5,81885,4,1,1,1,1,4,28,1,1,allocated
23,4556,greenran_normal,0,0,65535_65535,0,2,81887,0,1,1,0,0,0,28,1,1,pre_allocation
23,4556,greenran_normal,0,0,65535_65535,0,2,81887,4,1,1,1,1,4,28,1,1,allocated
23,4556,greenran_normal,0,0,65535_65535,0,1,81883,0,1,1,0,0,0,28,1,1,pre_allocation
23,4556,greenran_normal,0,0,65535_65535,0,1,81883,4,1,1,1,1,4,28,1,1,allocated
23,4556,greenran_normal,0,0,65535_65535,0,3,81881,0,1,1,0,0,0,28,1,1,pre_allocation
23,4556,greenran_normal,0,0,65535_65535,0,3,81881,4,1,1,1,1,4,28,1,1,allocated
23,4556,greenran_normal,0,0,65535_65535,0,4,82724,2,1,1,0,1,0,22,1,1,pre_allocation
23,4556,greenran_normal,0,0,65535_65535,0,4,82724,7,1,1,1,2,7,22,1,1,allocated
23,4556,greenran_normal,0,0,65535_65535,0,5,81885,4,1,1,0,1,0,28,1,1,pre_allocation
23,4556,greenran_normal,0,0,65535_65535,0,5,81885,12,1,1,1,2,12,28,1,1,allocated
23,4556,greenran_normal,0,0,65535_65535,0,2,81887,4,1,1,0,1,0,28,1,1,pre_allocation
23,4556,greenran_normal,0,0,65535_65535,0,2,81887,12,1,1,1,2,12,28,1,1,allocated
23,4556,greenran_normal,0,0,65535_65535,0,1,81883,4,1,1,0,1,0,28,1,1,pre_allocation
23,4556,greenran_normal,0,0,65535_65535,0,1,81883,12,1,1,1,2,12,28,1,1,allocated
23,4556,greenran_normal,0,0,65535_65535,0,3,81881,4,1,1,0,1,0,28,1,1,pre_allocation
23,4556,greenran_normal,0,0,65535_65535,0,3,81881,12,1,1,1,2,12,28,1,1,allocated
23,4556,greenran_normal,0,0,65535_65535,0,4,82724,7,1,1,0,2,0,22,1,1,pre_allocation
23,4556,greenran_normal,0,0,65535_65535,0,4,82724,13,1,1,1,3,13,22,1,1,allocated
23,4556,greenran_normal,0,0,65535_65535,0,5,81885,12,1,1,0,2,0,28,1,1,pre_allocation
23,4556,greenran_normal,0,0,65535_65535,0,5,81885,19,1,1,1,3,19,28,1,1,allocated
23,4556,greenran_normal,0,0,65535_65535,0,2,81887,12,1,1,0,2,0,28,1,1,pre_allocation
23,4556,greenran_normal,0,0,65535_65535,0,2,81887,19,1,1,1,3,19,28,1,1,allocated
23,4556,greenran_normal,0,0,65535_65535,0,1,81883,12,1,1,0,2,0,28,1,1,pre_allocation
23,4556,greenran_normal,0,0,65535_65535,0,1,81883,19,1,1,1,3,19,28,1,1,allocated
23,4556,greenran_normal,0,0,65535_65535,0,3,81881,12,1,1,0,2,0,28,1,1,pre_allocation
23,4556,greenran_normal,0,0,65535_65535,0,3,81881,19,1,1,1,3,19,28,1,1,allocated
23,4556,greenran_normal,0,0,65535_65535,0,4,82724,13,1,1,0,3,0,22,1,1,pre_allocation
23,4556,greenran_normal,0,0,65535_65535,0,4,82724,18,1,1,1,4,18,22,1,1,allocated
23,4556,greenran_normal,0,0,65535_65535,0,5,81885,19,1,1,0,3,0,28,1,1,pre_allocation
23,4556,greenran_normal,0,0,65535_65535,0,5,81885,27,1,1,1,4,27,28,1,1,allocated
23,4556,greenran_normal,0,0,65535_65535,0,2,81887,19,1,1,0,3,0,28,1,1,pre_allocation
23,4556,greenran_normal,0,0,65535_65535,0,2,81887,27,1,1,1,4,27,28,1,1,allocated
23,4556,greenran_normal,0,0,65535_65535,0,1,81883,19,1,1,0,3,0,28,1,1,pre_allocation
23,4556,greenran_normal,0,0,65535_65535,0,1,81883,27,1,1,1,4,27,28,1,1,allocated
23,4556,greenran_normal,0,0,65535_65535,0,3,81881,19,1,1,0,3,0,28,1,1,pre_allocation
23,4556,greenran_normal,0,0,65535_65535,0,3,81881,27,1,1,1,4,27,28,1,1,allocated
23,4556,greenran_normal,0,0,65535_65535,0,4,82724,18,1,1,0,4,0,22,1,1,pre_allocation
23,4556,greenran_normal,0,0,65535_65535,0,4,82724,23,1,1,1,5,23,22,1,1,allocated
23,4556,greenran_normal,0,0,65535_65535,0,5,81885,27,1,1,0,4,0,28,1,1,pre_allocation
23,4556,greenran_normal,0,0,65535_65535,0,5,81885,34,1,1,1,5,34,28,1,1,allocated
23,4556,greenran_normal,0,0,65535_65535,0,2,81887,27,1,1,0,4,0,28,1,1,pre_allocation
23,4556,greenran_normal,0,0,65535_65535,0,2,81887,34,1,1,1,5,34,28,1,1,allocated
23,4556,greenran_normal,0,0,65535_65535,0,1,81883,27,1,1,0,4,0,28,1,1,pre_allocation
23,4556,greenran_normal,0,0,65535_65535,0,1,81883,34,1,1,1,5,34,28,1,1,allocated
23,4556,greenran_normal,0,0,65535_65535,0,3,81881,27,1,1,0,4,0,28,1,1,pre_allocation
23,4556,greenran_normal,0,0,65535_65535,0,3,81881,34,1,1,1,5,34,28,1,1,allocated
23,4556,greenran_normal,0,0,65535_65535,0,4,82724,23,1,1,0,5,0,22,1,1,pre_allocation
23,4556,greenran_normal,0,0,65535_65535,0,4,82724,29,1,1,1,6,29,22,1,1,allocated
23,4556,greenran_normal,0,0,65535_65535,0,5,81885,34,1,1,0,5,0,28,1,1,pre_allocation
23,4556,greenran_normal,0,0,65535_65535,0,5,81885,42,1,1,1,6,42,28,1,1,allocated
23,4556,greenran_normal,0,0,65535_65535,0,2,81887,34,1,1,0,5,0,28,1,1,pre_allocation
23,4556,greenran_normal,0,0,65535_65535,0,2,81887,42,1,1,1,6,42,28,1,1,allocated
23,4556,greenran_normal,0,0,65535_65535,0,1,81883,34,1,1,0,5,0,28,1,1,pre_allocation
23,4556,greenran_normal,0,0,65535_65535,0,1,81883,42,1,1,1,6,42,28,1,1,allocated
23,4556,greenran_normal,0,0,65535_65535,0,3,81881,34,1,1,0,5,0,28,1,1,pre_allocation
23,4556,greenran_normal,0,0,65535_65535,0,3,81881,42,1,1,1,6,42,28,1,1,allocated
23,4556,greenran_normal,0,0,65535_65535,0,4,82724,29,1,1,0,6,0,22,1,1,pre_allocation
23,4556,greenran_normal,0,0,65535_65535,0,4,82724,34,1,1,1,7,34,22,1,1,allocated
23,4556,greenran_normal,0,0,65535_65535,0,5,81885,42,1,1,0,6,0,28,1,1,pre_allocation
23,4556,greenran_normal,0,0,65535_65535,0,5,81885,50,1,1,1,7,50,28,1,1,allocated
23,4556,greenran_normal,0,0,65535_65535,0,2,81887,42,1,1,0,6,0,28,1,1,pre_allocation
23,4556,greenran_normal,0,0,65535_65535,0,2,81887,50,1,1,1,7,50,28,1,1,allocated
23,4556,greenran_normal,0,0,65535_65535,0,1,81883,42,1,1,0,6,0,28,1,1,pre_allocation
23,4556,greenran_normal,0,0,65535_65535,0,1,81883,50,1,1,1,7,50,28,1,1,allocated
23,4556,greenran_normal,0,0,65535_65535,0,3,81881,42,1,1,0,6,0,28,1,1,pre_allocation
23,4556,greenran_normal,0,0,65535_65535,0,3,81881,50,1,1,1,7,50,28,1,1,allocated
23,4556,greenran_normal,0,0,65535_65535,0,4,82724,34,1,1,0,7,0,22,1,1,pre_allocation
23,4556,greenran_normal,0,0,65535_65535,0,4,82724,39,1,1,1,8,39,22,1,1,allocated
23,4556,greenran_normal,0,0,65535_65535,0,5,81885,50,1,1,0,7,0,28,1,1,pre_allocation
23,4556,greenran_normal,0,0,65535_65535,0,5,81885,57,1,1,1,8,57,28,1,1,allocated
23,4556,greenran_normal,0,0,65535_65535,0,2,81887,50,1,1,0,7,0,28,1,1,pre_allocation
23,4556,greenran_normal,0,0,65535_65535,0,2,81887,57,1,1,1,8,57,28,1,1,allocated
23,4556,greenran_normal,0,0,65535_65535,0,1,81883,50,1,1,0,7,0,28,1,1,pre_allocation
23,4556,greenran_normal,0,0,65535_65535,0,1,81883,57,1,1,1,8,57,28,1,1,allocated
23,4556,greenran_normal,0,0,65535_65535,0,3,81881,50,1,1,0,7,0,28,1,1,pre_allocation
23,4556,greenran_normal,0,0,65535_65535,0,3,81881,57,1,1,1,8,57,28,1,1,allocated
23,4556,greenran_normal,0,0,65535_65535,0,4,82724,39,1,1,0,8,0,22,1,1,pre_allocation
23,4556,greenran_normal,0,0,65535_65535,0,4,82724,45,1,1,1,9,45,22,1,1,allocated
23,4556,greenran_normal,0,0,65535_65535,0,5,81885,57,1,1,0,8,0,28,1,1,pre_allocation
23,4556,greenran_normal,0,0,65535_65535,0,5,81885,65,1,1,1,9,65,28,1,1,allocated
23,4556,greenran_normal,0,0,65535_65535,0,2,81887,57,1,1,0,8,0,28,1,1,pre_allocation
23,4556,greenran_normal,0,0,65535_65535,0,2,81887,65,1,1,1,9,65,28,1,1,allocated
23,4556,greenran_normal,0,0,65535_65535,0,1,81883,57,1,1,0,8,0,28,1,1,pre_allocation
23,4556,greenran_normal,0,0,65535_65535,0,1,81883,65,1,1,1,9,65,28,1,1,allocated
23,4556,greenran_normal,0,0,65535_65535,0,3,81881,57,1,1,0,8,0,28,1,1,pre_allocation
23,4556,greenran_normal,0,0,65535_65535,0,3,81881,65,1,1,1,9,65,28,1,1,allocated
23,4556,greenran_normal,0,0,65535_65535,0,4,82724,45,1,1,0,9,0,22,1,1,pre_allocation
23,4556,greenran_normal,0,0,65535_65535,0,4,82724,50,1,1,1,10,50,22,1,1,allocated
23,4556,greenran_normal,0,0,65535_65535,0,5,81885,65,1,1,0,9,0,28,1,1,pre_allocation
23,4556,greenran_normal,0,0,65535_65535,0,5,81885,72,1,1,1,10,72,28,1,1,allocated
23,4556,greenran_normal,0,0,65535_65535,0,2,81887,65,1,1,0,9,0,28,1,1,pre_allocation
23,4556,greenran_normal,0,0,65535_65535,0,2,81887,72,1,1,1,10,72,28,1,1,allocated
23,4556,greenran_normal,0,0,65535_65535,0,1,81883,65,1,1,0,9,0,28,1,1,pre_allocation
23,4556,greenran_normal,0,0,65535_65535,0,1,81883,72,1,1,1,10,72,28,1,1,allocated
23,4556,greenran_normal,0,0,65535_65535,0,3,81881,65,1,1,0,9,0,28,1,1,pre_allocation
23,4556,greenran_normal,0,0,65535_65535,0,3,81881,72,1,1,1,10,72,28,1,1,allocated
23,4556,greenran_normal,0,0,65535_65535,0,4,82724,50,1,1,0,10,0,22,1,1,pre_allocation
23,4556,greenran_normal,0,0,65535_65535,0,4,82724,55,1,1,1,11,55,22,1,1,allocated
23,4556,greenran_normal,0,0,65535_65535,0,5,81885,72,1,1,0,10,0,28,1,1,pre_allocation
23,4556,greenran_normal,0,0,65535_65535,0,5,81885,80,1,1,1,11,80,28,1,1,allocated
23,4556,greenran_normal,0,0,65535_65535,0,2,81887,72,1,1,0,10,0,28,1,1,pre_allocation
23,4556,greenran_normal,0,0,65535_65535,0,2,81887,80,1,1,1,11,80,28,1,1,allocated
23,4556,greenran_normal,0,0,65535_65535,0,1,81883,72,1,1,0,10,0,28,1,1,pre_allocation
23,4556,greenran_normal,0,0,65535_65535,0,1,81883,80,1,1,1,11,80,28,1,1,allocated
23,4556,greenran_normal,0,0,65535_65535,0,3,81881,72,1,1,0,10,0,28,1,1,pre_allocation
23,4556,greenran_normal,0,0,65535_65535,0,3,81881,80,1,1,1,11,80,28,1,1,allocated
23,4556,greenran_normal,0,0,65535_65535,0,4,82724,55,1,1,0,11,0,22,1,1,pre_allocation
23,4556,greenran_normal,0,0,65535_65535,0,4,82724,61,1,1,1,12,61,22,1,1,allocated
23,4556,greenran_normal,0,0,65535_65535,0,5,81885,80,1,1,0,11,0,28,1,1,pre_allocation
23,4556,greenran_normal,0,0,65535_65535,0,5,81885,88,1,1,1,12,88,28,1,1,allocated
23,4556,greenran_normal,0,0,65535_65535,0,2,81887,80,1,1,0,11,0,28,1,1,pre_allocation
23,4556,greenran_normal,0,0,65535_65535,0,2,81887,88,1,1,1,12,88,28,1,1,allocated
23,4556,greenran_normal,0,0,65535_65535,0,1,81883,80,1,1,0,11,0,28,1,1,pre_allocation
23,4556,greenran_normal,0,0,65535_65535,0,1,81883,88,1,1,1,12,88,28,1,1,allocated
23,4556,greenran_normal,0,0,65535_65535,0,3,81881,80,1,1,0,11,0,28,1,1,pre_allocation
23,4556,greenran_normal,0,0,65535_65535,0,3,81881,88,1,1,1,12,88,28,1,1,allocated
23,4556,greenran_normal,0,0,65535_65535,0,4,82724,61,1,1,0,12,0,22,1,1,pre_allocation
23,4556,greenran_normal,0,0,65535_65535,0,4,82724,66,1,1,1,13,66,22,1,1,allocated
23,4556,greenran_normal,0,0,65535_65535,0,5,81885,88,1,1,0,12,0,28,1,1,pre_allocation
23,4556,greenran_normal,0,0,65535_65535,0,5,81885,95,1,1,1,13,95,28,1,1,allocated
23,4556,greenran_normal,0,0,65535_65535,0,2,81887,88,1,1,0,12,0,28,1,1,pre_allocation
23,4556,greenran_normal,0,0,65535_65535,0,2,81887,95,1,1,1,13,95,28,1,1,allocated
23,4556,greenran_normal,0,0,65535_65535,0,1,81883,88,1,1,0,12,0,28,1,1,pre_allocation
23,4556,greenran_normal,0,0,65535_65535,0,1,81883,95,1,1,1,13,95,28,1,1,allocated
23,4556,greenran_normal,0,0,65535_65535,0,3,81881,88,1,1,0,12,0,28,1,1,pre_allocation
23,4556,greenran_normal,0,0,65535_65535,0,3,81881,95,1,1,1,13,95,28,1,1,allocated
23,4556,greenran_normal,0,0,65535_65535,0,4,82724,66,1,1,0,13,0,22,1,1,pre_allocation
23,4556,greenran_normal,0,0,65535_65535,0,4,82724,72,1,1,1,14,72,22,1,1,allocated
23,4556,greenran_normal,0,0,65535_65535,0,5,81885,95,1,1,0,13,0,28,1,1,pre_allocation
23,4556,greenran_normal,0,0,65535_65535,0,5,81885,103,1,1,1,14,103,28,1,1,allocated
23,4556,greenran_normal,0,0,65535_65535,0,2,81887,95,1,1,0,13,0,28,1,1,pre_allocation
23,4556,greenran_normal,0,0,65535_65535,0,2,81887,103,1,1,1,14,103,28,1,1,allocated
23,4556,greenran_normal,0,0,65535_65535,0,1,81883,95,1,1,0,13,0,28,1,1,pre_allocation
23,4556,greenran_normal,0,0,65535_65535,0,1,81883,103,1,1,1,14,103,28,1,1,allocated
23,4556,greenran_normal,0,0,65535_65535,0,3,81881,95,1,1,0,13,0,28,1,1,pre_allocation
23,4556,greenran_normal,0,0,65535_65535,0,3,81881,103,1,1,1,14,103,28,1,1,allocated
23,4556,greenran_normal,0,0,65535_65535,0,4,82724,72,1,1,0,14,0,22,1,1,pre_allocation
23,4556,greenran_normal,0,0,65535_65535,0,4,82724,77,1,1,1,15,77,22,1,1,allocated
23,4556,greenran_normal,0,0,65535_65535,0,5,81885,103,1,1,0,14,0,28,1,1,pre_allocation
23,4556,greenran_normal,0,0,65535_65535,0,5,81885,110,1,1,1,15,110,28,1,1,allocated
23,4556,greenran_normal,0,0,65535_65535,0,2,81887,103,1,1,0,14,0,28,1,1,pre_allocation
23,4556,greenran_normal,0,0,65535_65535,0,2,81887,110,1,1,1,15,110,28,1,1,allocated
23,4556,greenran_normal,0,0,65535_65535,0,1,81883,103,1,1,0,14,0,28,1,1,pre_allocation
23,4556,greenran_normal,0,0,65535_65535,0,1,81883,110,1,1,1,15,110,28,1,1,allocated
23,4556,greenran_normal,0,0,65535_65535,0,3,81881,103,1,1,0,14,0,28,1,1,pre_allocation
23,4556,greenran_normal,0,0,65535_65535,0,3,81881,110,1,1,1,15,110,28,1,1,allocated
23,4556,greenran_normal,0,0,65535_65535,0,4,82724,77,1,1,0,15,0,22,1,1,pre_allocation
23,4556,greenran_normal,0,0,65535_65535,0,4,82724,82,1,1,1,16,82,22,1,1,allocated
23,4556,greenran_normal,0,0,65535_65535,0,5,81885,110,1,1,0,15,0,28,1,1,pre_allocation
23,4556,greenran_normal,0,0,65535_65535,0,5,81885,118,1,1,1,16,118,28,1,1,allocated
23,4556,greenran_normal,0,0,65535_65535,0,2,81887,110,1,1,0,15,0,28,1,1,pre_allocation
23,4556,greenran_normal,0,0,65535_65535,0,2,81887,118,1,1,1,16,118,28,1,1,allocated
23,4556,greenran_normal,0,0,65535_65535,0,1,81883,110,1,1,0,15,0,28,1,1,pre_allocation
23,4556,greenran_normal,0,0,65535_65535,0,1,81883,118,1,1,1,16,118,28,1,1,allocated
23,4556,greenran_normal,0,0,65535_65535,0,3,81881,110,1,1,0,15,0,28,1,1,pre_allocation
23,4556,greenran_normal,0,0,65535_65535,0,3,81881,118,1,1,1,16,118,28,1,1,allocated
23,4556,greenran_normal,0,0,65535_65535,0,4,82724,82,1,1,0,16,0,22,1,1,pre_allocation
23,4556,greenran_normal,0,0,65535_65535,0,4,82724,88,1,1,1,17,88,22,1,1,allocated
23,4556,greenran_normal,0,0,65535_65535,0,5,81885,118,1,1,0,16,0,28,1,1,pre_allocation
23,4556,greenran_normal,0,0,65535_65535,0,5,81885,126,1,1,1,17,126,28,1,1,allocated
23,4556,greenran_normal,0,0,65535_65535,0,2,81887,118,1,1,0,16,0,28,1,1,pre_allocation
23,4556,greenran_normal,0,0,65535_65535,0,2,81887,126,1,1,1,17,126,28,1,1,allocated
23,4556,greenran_normal,0,0,65535_65535,0,1,81883,118,1,1,0,16,0,28,1,1,pre_allocation
23,4556,greenran_normal,0,0,65535_65535,0,1,81883,126,1,1,1,17,126,28,1,1,allocated
23,4556,greenran_normal,0,0,65535_65535,0,3,81881,118,1,1,0,16,0,28,1,1,pre_allocation
23,4556,greenran_normal,0,0,65535_65535,0,3,81881,126,1,1,1,17,126,28,1,1,allocated
23,4556,greenran_normal,0,0,65535_65535,0,4,82724,88,1,1,0,17,0,22,1,1,pre_allocation
23,4556,greenran_normal,0,0,65535_65535,0,4,82724,93,1,1,1,18,93,22,1,1,allocated
23,4556,greenran_normal,0,0,65535_65535,0,5,81885,126,1,1,0,17,0,28,1,1,pre_allocation
23,4556,greenran_normal,0,0,65535_65535,0,5,81885,133,1,1,1,18,133,28,1,1,allocated
23,4556,greenran_normal,0,0,65535_65535,0,2,81887,126,1,1,0,17,0,28,1,1,pre_allocation
23,4556,greenran_normal,0,0,65535_65535,0,2,81887,133,1,1,1,18,133,28,1,1,allocated
23,4556,greenran_normal,0,0,65535_65535,0,1,81883,126,1,1,0,17,0,28,1,1,pre_allocation
23,4556,greenran_normal,0,0,65535_65535,0,1,81883,133,1,1,1,18,133,28,1,1,allocated
23,4556,greenran_normal,0,0,65535_65535,0,3,81881,126,1,1,0,17,0,28,1,1,pre_allocation
23,4556,greenran_normal,0,0,65535_65535,0,3,81881,133,1,1,1,18,133,28,1,1,allocated
23,4556,greenran_normal,0,0,65535_65535,0,4,82724,93,1,1,0,18,0,22,1,1,pre_allocation
23,4556,greenran_normal,0,0,65535_65535,0,4,82724,98,1,1,1,19,98,22,1,1,allocated
23,4556,greenran_normal,0,0,65535_65535,0,5,81885,133,1,1,0,18,0,28,1,1,pre_allocation
23,4556,greenran_normal,0,0,65535_65535,0,5,81885,141,1,1,1,19,141,28,1,1,allocated
23,4556,greenran_normal,0,0,65535_65535,0,2,81887,133,1,1,0,18,0,28,1,1,pre_allocation
23,4556,greenran_normal,0,0,65535_65535,0,2,81887,141,1,1,1,19,141,28,1,1,allocated
23,4556,greenran_normal,0,0,65535_65535,0,1,81883,133,1,1,0,18,0,28,1,1,pre_allocation
23,4556,greenran_normal,0,0,65535_65535,0,1,81883,141,1,1,1,19,141,28,1,1,allocated
23,4556,greenran_normal,0,0,65535_65535,0,3,81881,133,1,1,0,18,0,28,1,1,pre_allocation
23,4556,greenran_normal,0,0,65535_65535,0,3,81881,141,1,1,1,19,141,28,1,1,allocated
23,4556,greenran_normal,0,0,65535_65535,0,4,82724,98,1,1,0,19,0,22,1,1,pre_allocation
23,4556,greenran_normal,0,0,65535_65535,0,4,82724,104,1,1,1,20,104,22,1,1,allocated
23,4556,greenran_normal,0,0,65535_65535,0,5,81885,141,1,1,0,19,0,28,1,1,pre_allocation
23,4556,greenran_normal,0,0,65535_65535,0,5,81885,148,1,1,1,20,148,28,1,1,allocated
23,4556,greenran_normal,0,0,65535_65535,0,2,81887,141,1,1,0,19,0,28,1,1,pre_allocation
23,4556,greenran_normal,0,0,65535_65535,0,2,81887,148,1,1,1,20,148,28,1,1,allocated
23,4556,greenran_normal,0,0,65535_65535,0,1,81883,141,1,1,0,19,0,28,1,1,pre_allocation
23,4556,greenran_normal,0,0,65535_65535,0,1,81883,148,1,1,1,20,148,28,1,1,allocated
23,4556,greenran_normal,0,0,65535_65535,0,3,81881,141,1,1,0,19,0,28,1,1,pre_allocation
23,4556,greenran_normal,0,0,65535_65535,0,3,81881,148,1,1,1,20,148,28,1,1,allocated
23,4556,greenran_normal,0,0,65535_65535,0,4,82724,104,1,1,0,20,0,22,1,1,pre_allocation
23,4556,greenran_normal,0,0,65535_65535,0,4,82724,109,1,1,1,21,109,22,1,1,allocated
23,4556,greenran_normal,0,0,65535_65535,0,5,81885,148,1,1,0,20,0,28,1,1,pre_allocation
23,4556,greenran_normal,0,0,65535_65535,0,5,81885,156,1,1,1,21,156,28,1,1,allocated
23,4556,greenran_normal,0,0,65535_65535,0,2,81887,148,1,1,0,20,0,28,1,1,pre_allocation
23,4556,greenran_normal,0,0,65535_65535,0,2,81887,156,1,1,1,21,156,28,1,1,allocated
23,4556,greenran_normal,0,0,65535_65535,0,1,81883,148,1,1,0,20,0,28,1,1,pre_allocation
23,4556,greenran_normal,0,0,65535_65535,0,1,81883,156,1,1,1,21,156,28,1,1,allocated
23,4556,greenran_normal,0,0,65535_65535,0,3,81881,148,1,1,0,20,0,28,1,1,pre_allocation
23,4556,greenran_normal,0,0,65535_65535,0,3,81881,156,1,1,1,21,156,28,1,1,allocated
23,4556,greenran_normal,0,0,65535_65535,0,4,82724,109,1,1,0,21,0,22,1,1,pre_allocation
23,4556,greenran_normal,0,0,65535_65535,0,4,82724,114,1,1,1,22,114,22,1,1,allocated
23,4556,greenran_normal,0,0,65535_65535,0,5,81885,156,1,1,0,21,0,28,1,1,pre_allocation
23,4556,greenran_normal,0,0,65535_65535,0,5,81885,163,1,1,1,22,163,28,1,1,allocated
23,4556,greenran_normal,0,0,65535_65535,0,2,81887,156,1,1,0,21,0,28,1,1,pre_allocation
23,4556,greenran_normal,0,0,65535_65535,0,2,81887,163,1,1,1,22,163,28,1,1,allocated
23,4556,greenran_normal,0,0,65535_65535,0,1,81883,156,1,1,0,21,0,28,1,1,pre_allocation
23,4556,greenran_normal,0,0,65535_65535,0,1,81883,163,1,1,1,22,163,28,1,1,allocated
23,4556,greenran_normal,0,0,65535_65535,0,3,81881,156,1,1,0,21,0,28,1,1,pre_allocation
23,4556,greenran_normal,0,0,65535_65535,0,3,81881,163,1,1,1,22,163,28,1,1,allocated
23,4556,greenran_normal,0,0,65535_65535,0,4,82724,114,1,1,0,22,0,22,1,1,pre_allocation
23,4556,greenran_normal,0,0,65535_65535,0,4,82724,120,1,1,1,23,120,22,1,1,allocated
23,4556,greenran_normal,0,0,65535_65535,0,5,81885,163,1,1,0,22,0,28,1,1,pre_allocation
23,4556,greenran_normal,0,0,65535_65535,0,5,81885,171,1,1,1,23,171,28,1,1,allocated
23,4556,greenran_normal,0,0,65535_65535,0,2,81887,163,1,1,0,22,0,28,1,1,pre_allocation
23,4556,greenran_normal,0,0,65535_65535,0,2,81887,171,1,1,1,23,171,28,1,1,allocated
23,4556,greenran_normal,0,0,65535_65535,0,1,81883,163,1,1,0,22,0,28,1,1,pre_allocation
23,4556,greenran_normal,0,0,65535_65535,0,1,81883,171,1,1,1,23,171,28,1,1,allocated
23,4556,greenran_normal,0,0,65535_65535,0,3,81881,163,1,1,0,22,0,28,1,1,pre_allocation
23,4556,greenran_normal,0,0,65535_65535,0,3,81881,171,1,1,1,23,171,28,1,1,allocated
23,4556,greenran_normal,0,0,65535_65535,0,4,82724,120,1,1,0,23,0,22,1,1,pre_allocation
23,4556,greenran_normal,0,0,65535_65535,0,4,82724,125,1,1,1,24,125,22,1,1,allocated
23,4556,greenran_normal,0,0,65535_65535,0,5,81885,171,1,1,0,23,0,28,1,1,pre_allocation
23,4556,greenran_normal,0,0,65535_65535,0,5,81885,179,1,1,1,24,179,28,1,1,allocated
23,4556,greenran_normal,0,0,65535_65535,0,2,81887,171,1,1,0,23,0,28,1,1,pre_allocation
23,4556,greenran_normal,0,0,65535_65535,0,2,81887,179,1,1,1,24,179,28,1,1,allocated
23,4556,greenran_normal,0,0,65535_65535,0,1,81883,171,1,1,0,23,0,28,1,1,pre_allocation
23,4556,greenran_normal,0,0,65535_65535,0,1,81883,179,1,1,1,24,179,28,1,1,allocated
23,4556,greenran_normal,0,0,65535_65535,0,3,81881,171,1,1,0,23,0,28,1,1,pre_allocation
23,4556,greenran_normal,0,0,65535_65535,0,3,81881,179,1,1,1,24,179,28,1,1,allocated
23,4556,greenran_normal,0,0,65535_65535,0,4,82724,125,1,1,0,24,0,22,1,1,pre_allocation
23,4556,greenran_normal,0,0,65535_65535,0,4,82724,131,1,1,1,25,131,22,1,1,allocated
23,4556,greenran_normal,0,0,65535_65535,0,5,81885,179,1,1,0,24,0,28,1,1,pre_allocation
23,4556,greenran_normal,0,0,65535_65535,0,5,81885,186,1,1,1,25,186,28,1,1,allocated
23,4556,greenran_normal,0,0,65535_65535,0,2,81887,179,1,1,0,24,0,28,1,1,pre_allocation
23,4556,greenran_normal,0,0,65535_65535,0,2,81887,186,1,1,1,25,186,28,1,1,allocated
23,4556,greenran_normal,0,0,65535_65535,0,1,81883,179,1,1,0,24,0,28,1,1,pre_allocation
23,4556,greenran_normal,0,0,65535_65535,0,1,81883,186,1,1,1,25,186,28,1,1,allocated
23,4556,greenran_normal,0,0,65535_65535,0,3,81881,179,1,1,0,24,0,28,1,1,pre_allocation
23,4556,greenran_normal,0,0,65535_65535,0,3,81881,186,1,1,1,25,186,28,1,1,allocated
23,4556,greenran_normal,0,0,65535_65535,0,4,82724,131,1,1,0,25,0,22,1,1,pre_allocation
23,4556,greenran_normal,0,0,65535_65535,0,4,82724,136,1,1,1,26,136,22,1,1,allocated
23,4556,greenran_normal,0,0,65535_65535,0,5,81885,186,1,1,0,25,0,28,1,1,pre_allocation
23,4556,greenran_normal,0,0,65535_65535,0,5,81885,194,1,1,1,26,194,28,1,1,allocated
23,4556,greenran_normal,0,0,65535_65535,0,2,81887,186,1,1,0,25,0,28,1,1,pre_allocation
23,4556,greenran_normal,0,0,65535_65535,0,2,81887,194,1,1,1,26,194,28,1,1,allocated
23,4556,greenran_normal,0,0,65535_65535,0,1,81883,186,1,1,0,25,0,28,1,1,pre_allocation
23,4556,greenran_normal,0,0,65535_65535,0,1,81883,194,1,1,1,26,194,28,1,1,allocated
23,4556,greenran_normal,0,0,65535_65535,0,3,81881,186,1,1,0,25,0,28,1,1,pre_allocation
23,4556,greenran_normal,0,0,65535_65535,0,3,81881,194,1,1,1,26,194,28,1,1,allocated
23,4556,greenran_normal,0,0,65535_65535,0,4,82724,136,1,1,0,26,0,22,1,1,pre_allocation
23,4556,greenran_normal,0,0,65535_65535,0,4,82724,141,1,1,1,27,141,22,1,1,allocated
23,4556,greenran_normal,0,0,65535_65535,0,5,81885,194,1,1,0,26,0,28,1,1,pre_allocation
23,4556,greenran_normal,0,0,65535_65535,0,5,81885,201,1,1,1,27,201,28,1,1,allocated
23,4556,greenran_normal,0,0,65535_65535,0,2,81887,194,1,1,0,26,0,28,1,1,pre_allocation
23,4556,greenran_normal,0,0,65535_65535,0,2,81887,201,1,1,1,27,201,28,1,1,allocated
23,4556,greenran_normal,0,0,65535_65535,0,1,81883,194,1,1,0,26,0,28,1,1,pre_allocation
23,4556,greenran_normal,0,0,65535_65535,0,1,81883,201,1,1,1,27,201,28,1,1,allocated
23,4556,greenran_normal,0,0,65535_65535,0,3,81881,194,1,1,0,26,0,28,1,1,pre_allocation
23,4556,greenran_normal,0,0,65535_65535,0,3,81881,201,1,1,1,27,201,28,1,1,allocated
23,4556,greenran_normal,0,0,65535_65535,0,4,82724,141,1,1,0,27,0,22,1,1,pre_allocation
23,4556,greenran_normal,0,0,65535_65535,0,4,82724,147,1,1,1,28,147,22,1,1,allocated
23,4556,greenran_normal,0,0,65535_65535,0,5,81885,201,1,1,0,27,0,28,1,1,pre_allocation
23,4556,greenran_normal,0,0,65535_65535,0,5,81885,209,1,1,1,28,209,28,1,1,allocated
23,4556,greenran_normal,0,0,65535_65535,0,2,81887,201,1,1,0,27,0,28,1,1,pre_allocation
23,4556,greenran_normal,0,0,65535_65535,0,2,81887,209,1,1,1,28,209,28,1,1,allocated
23,4556,greenran_normal,0,0,65535_65535,0,1,81883,201,1,1,0,27,0,28,1,1,pre_allocation
23,4556,greenran_normal,0,0,65535_65535,0,1,81883,209,1,1,1,28,209,28,1,1,allocated
23,4556,greenran_normal,0,0,65535_65535,0,3,81881,201,1,1,0,27,0,28,1,1,pre_allocation
23,4556,greenran_normal,0,0,65535_65535,0,3,81881,209,1,1,1,28,209,28,1,1,allocated
23,4556,greenran_normal,0,0,65535_65535,0,4,82724,147,1,1,0,28,0,22,1,1,pre_allocation
23,4556,greenran_normal,0,0,65535_65535,0,4,82724,152,1,1,1,29,152,22,1,1,allocated
23,4556,greenran_normal,0,0,65535_65535,0,5,81885,209,1,1,0,28,0,28,1,1,pre_allocation
23,4556,greenran_normal,0,0,65535_65535,0,5,81885,217,1,1,1,29,217,28,1,1,allocated
23,4556,greenran_normal,0,0,65535_65535,0,2,81887,209,1,1,0,28,0,28,1,1,pre_allocation
23,4556,greenran_normal,0,0,65535_65535,0,2,81887,217,1,1,1,29,217,28,1,1,allocated
23,4556,greenran_normal,0,0,65535_65535,0,1,81883,209,1,1,0,28,0,28,1,1,pre_allocation
23,4556,greenran_normal,0,0,65535_65535,0,1,81883,217,1,1,1,29,217,28,1,1,allocated
23,4556,greenran_normal,0,0,65535_65535,0,3,81881,209,1,1,0,28,0,28,1,1,pre_allocation
23,4556,greenran_normal,0,0,65535_65535,0,3,81881,217,1,1,1,29,217,28,1,1,allocated
23,4556,greenran_normal,0,0,65535_65535,0,4,82724,152,1,1,0,29,0,22,1,1,pre_allocation
23,4556,greenran_normal,0,0,65535_65535,0,4,82724,157,1,1,1,30,157,22,1,1,allocated
23,4556,greenran_normal,0,0,65535_65535,0,5,81885,217,1,1,0,29,0,28,1,1,pre_allocation
23,4556,greenran_normal,0,0,65535_65535,0,5,81885,224,1,1,1,30,224,28,1,1,allocated
23,4556,greenran_normal,0,0,65535_65535,0,2,81887,217,1,1,0,29,0,28,1,1,pre_allocation
23,4556,greenran_normal,0,0,65535_65535,0,2,81887,224,1,1,1,30,224,28,1,1,allocated
23,4556,greenran_normal,0,0,65535_65535,0,1,81883,217,1,1,0,29,0,28,1,1,pre_allocation
23,4556,greenran_normal,0,0,65535_65535,0,1,81883,224,1,1,1,30,224,28,1,1,allocated
23,4556,greenran_normal,0,0,65535_65535,0,3,81881,217,1,1,0,29,0,28,1,1,pre_allocation
23,4556,greenran_normal,0,0,65535_65535,0,3,81881,224,1,1,1,30,224,28,1,1,allocated
23,4556,greenran_normal,0,0,65535_65535,0,4,82724,157,1,1,0,30,0,22,1,1,pre_allocation
23,4556,greenran_normal,0,0,65535_65535,0,4,82724,163,1,1,1,31,163,22,1,1,allocated
23,4556,greenran_normal,0,0,65535_65535,0,5,81885,224,1,1,0,30,0,28,1,1,pre_allocation
23,4556,greenran_normal,0,0,65535_65535,0,5,81885,232,1,1,1,31,232,28,1,1,allocated
23,4556,greenran_normal,0,0,65535_65535,0,2,81887,224,1,1,0,30,0,28,1,1,pre_allocation
23,4556,greenran_normal,0,0,65535_65535,0,2,81887,232,1,1,1,31,232,28,1,1,allocated
23,4556,greenran_normal,0,0,65535_65535,0,1,81883,224,1,1,0,30,0,28,1,1,pre_allocation
23,4556,greenran_normal,0,0,65535_65535,0,1,81883,232,1,1,1,31,232,28,1,1,allocated
23,4556,greenran_normal,0,0,65535_65535,0,3,81881,224,1,1,0,30,0,28,1,1,pre_allocation
23,4556,greenran_normal,0,0,65535_65535,0,3,81881,232,1,1,1,31,232,28,1,1,allocated
23,4556,greenran_normal,0,0,65535_65535,0,4,82724,163,1,1,0,31,0,22,1,1,pre_allocation
23,4556,greenran_normal,0,0,65535_65535,0,4,82724,168,1,1,1,32,168,22,1,1,allocated
23,4556,greenran_normal,0,0,65535_65535,0,5,81885,232,1,1,0,31,0,28,1,1,pre_allocation
23,4556,greenran_normal,0,0,65535_65535,0,5,81885,239,1,1,1,32,239,28,1,1,allocated
23,4556,greenran_normal,0,0,65535_65535,0,2,81887,232,1,1,0,31,0,28,1,1,pre_allocation
23,4556,greenran_normal,0,0,65535_65535,0,2,81887,239,1,1,1,32,239,28,1,1,allocated
23,4556,greenran_normal,0,0,65535_65535,0,1,81883,232,1,1,0,31,0,28,1,1,pre_allocation
23,4556,greenran_normal,0,0,65535_65535,0,1,81883,239,1,1,1,32,239,28,1,1,allocated
23,4556,greenran_normal,0,0,65535_65535,0,3,81881,232,1,1,0,31,0,28,1,1,pre_allocation
23,4556,greenran_normal,0,0,65535_65535,0,3,81881,239,1,1,1,32,239,28,1,1,allocated
23,4556,greenran_normal,0,0,65535_65535,0,4,82724,168,1,1,0,32,0,22,1,1,pre_allocation
23,4556,greenran_normal,0,0,65535_65535,0,4,82724,173,1,1,1,33,173,22,1,1,allocated
23,4556,greenran_normal,0,0,65535_65535,0,5,81885,239,1,1,0,32,0,28,1,1,pre_allocation
23,4556,greenran_normal,0,0,65535_65535,0,5,81885,247,1,1,1,33,247,28,1,1,allocated
23,4556,greenran_normal,0,0,65535_65535,0,2,81887,239,1,1,0,32,0,28,1,1,pre_allocation
23,4556,greenran_normal,0,0,65535_65535,0,2,81887,247,1,1,1,33,247,28,1,1,allocated
23,4556,greenran_normal,0,0,65535_65535,0,1,81883,239,1,1,0,32,0,28,1,1,pre_allocation
23,4556,greenran_normal,0,0,65535_65535,0,1,81883,247,1,1,1,33,247,28,1,1,allocated
23,4556,greenran_normal,0,0,65535_65535,0,3,81881,239,1,1,0,32,0,28,1,1,pre_allocation
23,4556,greenran_normal,0,0,65535_65535,0,3,81881,247,1,1,1,33,247,28,1,1,allocated
23,4556,greenran_normal,0,0,65535_65535,0,4,82724,173,1,1,0,33,0,22,1,1,pre_allocation
23,4556,greenran_normal,0,0,65535_65535,0,4,82724,179,1,1,1,34,179,22,1,1,allocated
23,4556,greenran_normal,0,0,65535_65535,0,5,81885,247,1,1,0,33,0,28,1,1,pre_allocation
23,4556,greenran_normal,0,0,65535_65535,0,5,81885,255,1,1,1,34,255,28,1,1,allocated
23,4556,greenran_normal,0,0,65535_65535,0,2,81887,247,1,1,0,33,0,28,1,1,pre_allocation
23,4556,greenran_normal,0,0,65535_65535,0,2,81887,255,1,1,1,34,255,28,1,1,allocated
23,4556,greenran_normal,0,0,65535_65535,0,1,81883,247,1,1,0,33,0,28,1,1,pre_allocation
23,4556,greenran_normal,0,0,65535_65535,0,1,81883,255,1,1,1,34,255,28,1,1,allocated
23,4556,greenran_normal,0,0,65535_65535,0,3,81881,247,1,1,0,33,0,28,1,1,pre_allocation
23,4556,greenran_normal,0,0,65535_65535,0,3,81881,255,1,1,1,34,255,28,1,1,allocated
23,4556,greenran_normal,0,0,65535_65535,0,4,82724,179,1,1,0,34,0,22,1,1,pre_allocation
23,4556,greenran_normal,0,0,65535_65535,0,4,82724,184,1,1,1,35,184,22,1,1,allocated
23,4556,greenran_normal,0,0,65535_65535,0,5,81885,255,1,1,0,34,0,28,1,1,pre_allocation
23,4556,greenran_normal,0,0,65535_65535,0,5,81885,262,1,1,1,35,262,28,1,1,allocated
23,4556,greenran_normal,0,0,65535_65535,0,2,81887,255,1,1,0,34,0,28,1,1,pre_allocation
23,4556,greenran_normal,0,0,65535_65535,0,2,81887,262,1,1,1,35,262,28,1,1,allocated
23,4556,greenran_normal,0,0,65535_65535,0,1,81883,255,1,1,0,34,0,28,1,1,pre_allocation
23,4556,greenran_normal,0,0,65535_65535,0,1,81883,262,1,1,1,35,262,28,1,1,allocated
23,4556,greenran_normal,0,0,65535_65535,0,3,81881,255,1,1,0,34,0,28,1,1,pre_allocation
23,4556,greenran_normal,0,0,65535_65535,0,3,81881,262,1,1,1,35,262,28,1,1,allocated
23,4556,greenran_normal,0,0,65535_65535,0,4,82724,184,1,1,0,35,0,22,1,1,pre_allocation
23,4556,greenran_normal,0,0,65535_65535,0,4,82724,190,1,1,1,36,190,22,1,1,allocated
23,4556,greenran_normal,0,0,65535_65535,0,5,81885,262,1,1,0,35,0,28,1,1,pre_allocation
23,4556,greenran_normal,0,0,65535_65535,0,5,81885,270,1,1,1,36,270,28,1,1,allocated
23,4556,greenran_normal,0,0,65535_65535,0,2,81887,262,1,1,0,35,0,28,1,1,pre_allocation
23,4556,greenran_normal,0,0,65535_65535,0,2,81887,270,1,1,1,36,270,28,1,1,allocated
23,4556,greenran_normal,0,0,65535_65535,0,1,81883,262,1,1,0,35,0,28,1,1,pre_allocation
23,4556,greenran_normal,0,0,65535_65535,0,1,81883,270,1,1,1,36,270,28,1,1,allocated
23,4556,greenran_normal,0,0,65535_65535,0,3,81881,262,1,1,0,35,0,28,1,1,pre_allocation
23,4556,greenran_normal,0,0,65535_65535,0,3,81881,270,1,1,1,36,270,28,1,1,allocated
23,4556,greenran_normal,0,0,65535_65535,0,4,82724,190,1,1,0,36,0,22,1,1,pre_allocation
23,4556,greenran_normal,0,0,65535_65535,0,4,82724,195,1,1,1,37,195,22,1,1,allocated
23,4556,greenran_normal,0,0,65535_65535,0,5,81885,270,1,1,0,36,0,28,1,1,pre_allocation
23,4556,greenran_normal,0,0,65535_65535,0,5,81885,277,1,1,1,37,277,28,1,1,allocated
23,4556,greenran_normal,0,0,65535_65535,0,2,81887,270,1,1,0,36,0,28,1,1,pre_allocation
23,4556,greenran_normal,0,0,65535_65535,0,2,81887,277,1,1,1,37,277,28,1,1,allocated
23,4556,greenran_normal,0,0,65535_65535,0,1,81883,270,1,1,0,36,0,28,1,1,pre_allocation
23,4556,greenran_normal,0,0,65535_65535,0,1,81883,277,1,1,1,37,277,28,1,1,allocated
23,4556,greenran_normal,0,0,65535_65535,0,3,81881,270,1,1,0,36,0,28,1,1,pre_allocation
23,4556,greenran_normal,0,0,65535_65535,0,3,81881,277,1,1,1,37,277,28,1,1,allocated
23,4556,greenran_normal,0,0,65535_65535,0,4,82724,195,1,1,0,37,0,22,1,1,pre_allocation
23,4556,greenran_normal,0,0,65535_65535,0,4,82724,200,1,1,1,38,200,22,1,1,allocated
23,4556,greenran_normal,0,0,65535_65535,0,5,81885,277,1,1,0,37,0,28,1,1,pre_allocation
23,4556,greenran_normal,0,0,65535_65535,0,5,81885,285,1,1,1,38,285,28,1,1,allocated
23,4556,greenran_normal,0,0,65535_65535,2,38,2590429,0,1,1,0,0,0,15,1,1,pre_allocation
23,4556,greenran_normal,0,0,65535_65535,2,38,2590429,2,1,1,1,1,2,15,1,1,allocated
23,4556,greenran_normal,0,0,65535_65535,2,60,2590258,0,1,1,0,0,0,12,1,1,pre_allocation
23,4556,greenran_normal,0,0,65535_65535,2,60,2590258,2,1,1,1,1,2,12,1,1,allocated
23,4556,greenran_normal,0,0,65535_65535,2,64,2590137,0,1,1,0,0,0,16,1,1,pre_allocation
23,4556,greenran_normal,0,0,65535_65535,2,64,2590137,0,1,1,1,1,0,16,1,1,allocated
23,4556,greenran_normal,0,0,65535_65535,2,43,2589969,0,1,1,0,0,0,18,1,1,pre_allocation
23,4556,greenran_normal,0,0,65535_65535,2,43,2589969,0,1,1,1,1,0,18,1,1,allocated
23,4556,greenran_normal,0,0,65535_65535,2,42,2589668,0,1,1,0,0,0,24,1,1,pre_allocation
23,4556,greenran_normal,0,0,65535_65535,2,42,2589668,3,1,1,1,1,3,24,1,1,allocated
23,4556,greenran_normal,0,0,65535_65535,2,59,2589504,0,1,1,0,0,0,22,1,1,pre_allocation
23,4556,greenran_normal,0,0,65535_65535,2,59,2589504,2,1,1,1,1,2,22,1,1,allocated
23,4556,greenran_normal,0,0,65535_65535,2,36,2589498,0,1,1,0,0,0,26,1,1,pre_allocation
23,4556,greenran_normal,0,0,65535_65535,2,36,2589498,4,1,1,1,1,4,26,1,1,allocated
23,4556,greenran_normal,0,0,65535_65535,2,58,2589525,0,1,1,0,0,0,26,1,1,pre_allocation
23,4556,greenran_normal,0,0,65535_65535,2,58,2589525,4,1,1,1,1,4,26,1,1,allocated
23,4556,greenran_normal,0,0,65535_65535,2,61,2589442,0,1,1,0,0,0,28,1,1,pre_allocation
23,4556,greenran_normal,0,0,65535_65535,2,61,2589442,4,1,1,1,1,4,28,1,1,allocated
23,4556,greenran_normal,0,0,65535_65535,2,63,2589440,0,1,1,0,0,0,28,1,1,pre_allocation
23,4556,greenran_normal,0,0,65535_65535,2,63,2589440,4,1,1,1,1,4,28,1,1,allocated
23,4556,greenran_normal,0,0,65535_65535,2,37,2589439,0,1,1,0,0,0,28,1,1,pre_allocation
23,4556,greenran_normal,0,0,65535_65535,2,37,2589439,4,1,1,1,1,4,28,1,1,allocated
23,4556,greenran_normal,0,0,65535_65535,2,35,2589436,0,1,1,0,0,0,28,1,1,pre_allocation
23,4556,greenran_normal,0,0,65535_65535,2,35,2589436,4,1,1,1,1,4,28,1,1,allocated
23,4556,greenran_normal,0,0,65535_65535,2,44,2589436,0,1,1,0,0,0,28,1,1,pre_allocation
23,4556,greenran_normal,0,0,65535_65535,2,44,2589436,4,1,1,1,1,4,28,1,1,allocated
23,4556,greenran_normal,0,0,65535_65535,2,55,2589436,0,1,1,0,0,0,28,1,1,pre_allocation
23,4556,greenran_normal,0,0,65535_65535,2,55,2589436,4,1,1,1,1,4,28,1,1,allocated
23,4556,greenran_normal,0,0,65535_65535,2,56,2589436,0,1,1,0,0,0,28,1,1,pre_allocation
23,4556,greenran_normal,0,0,65535_65535,2,56,2589436,4,1,1,1,1,4,28,1,1,allocated
23,4556,greenran_normal,0,0,65535_65535,2,57,2589436,0,1,1,0,0,0,28,1,1,pre_allocation
23,4556,greenran_normal,0,0,65535_65535,2,57,2589436,4,1,1,1,1,4,28,1,1,allocated
23,4556,greenran_normal,0,0,65535_65535,2,39,2589438,0,1,1,0,0,0,28,1,1,pre_allocation
23,4556,greenran_normal,0,0,65535_65535,2,39,2589438,4,1,1,1,1,4,28,1,1,allocated
23,4556,greenran_normal,0,0,65535_65535,2,40,2589438,0,1,1,0,0,0,28,1,1,pre_allocation
23,4556,greenran_normal,0,0,65535_65535,2,40,2589438,4,1,1,1,1,4,28,1,1,allocated
23,4556,greenran_normal,0,0,65535_65535,2,41,2589438,0,1,1,0,0,0,28,1,1,pre_allocation
23,4556,greenran_normal,0,0,65535_65535,2,41,2589438,4,1,1,1,1,4,28,1,1,allocated
23,4556,greenran_normal,0,0,65535_65535,2,62,2589434,0,1,1,0,0,0,28,1,1,pre_allocation
23,4556,greenran_normal,0,0,65535_65535,2,62,2589434,4,1,1,1,1,4,28,1,1,allocated
23,4556,greenran_normal,0,0,65535_65535,2,38,2590429,2,1,1,0,1,0,15,1,1,pre_allocation
23,4556,greenran_normal,0,0,65535_65535,2,38,2590429,2,1,1,1,2,2,15,1,1,allocated
23,4556,greenran_normal,0,0,65535_65535,2,60,2590258,2,1,1,0,1,0,12,1,1,pre_allocation
23,4556,greenran_normal,0,0,65535_65535,2,60,2590258,1,1,1,1,2,1,12,1,1,allocated
23,4556,greenran_normal,0,0,65535_65535,2,64,2590137,0,1,1,0,1,0,16,1,1,pre_allocation
23,4556,greenran_normal,0,0,65535_65535,2,64,2590137,3,1,1,1,2,3,16,1,1,allocated
23,4556,greenran_normal,0,0,65535_65535,2,43,2589969,0,1,1,0,1,0,18,1,1,pre_allocation
23,4556,greenran_normal,0,0,65535_65535,2,43,2589969,4,1,1,1,2,4,18,1,1,allocated
23,4556,greenran_normal,0,0,65535_65535,2,42,2589668,3,1,1,0,1,0,24,1,1,pre_allocation
23,4556,greenran_normal,0,0,65535_65535,2,42,2589668,9,1,1,1,2,9,24,1,1,allocated
23,4556,greenran_normal,0,0,65535_65535,2,59,2589504,2,1,1,0,1,0,22,1,1,pre_allocation
23,4556,greenran_normal,0,0,65535_65535,2,59,2589504,7,1,1,1,2,7,22,1,1,allocated
23,4556,greenran_normal,0,0,65535_65535,2,36,2589498,4,1,1,0,1,0,26,1,1,pre_allocation
23,4556,greenran_normal,0,0,65535_65535,2,36,2589498,11,1,1,1,2,11,26,1,1,allocated
23,4556,greenran_normal,0,0,65535_65535,2,58,2589525,4,1,1,0,1,0,26,1,1,pre_allocation
23,4556,greenran_normal,0,0,65535_65535,2,58,2589525,11,1,1,1,2,11,26,1,1,allocated
23,4556,greenran_normal,0,0,65535_65535,2,61,2589442,4,1,1,0,1,0,28,1,1,pre_allocation
23,4556,greenran_normal,0,0,65535_65535,2,61,2589442,12,1,1,1,2,12,28,1,1,allocated
23,4556,greenran_normal,0,0,65535_65535,2,63,2589440,4,1,1,0,1,0,28,1,1,pre_allocation
23,4556,greenran_normal,0,0,65535_65535,2,63,2589440,12,1,1,1,2,12,28,1,1,allocated
23,4556,greenran_normal,0,0,65535_65535,2,37,2589439,4,1,1,0,1,0,28,1,1,pre_allocation
23,4556,greenran_normal,0,0,65535_65535,2,37,2589439,12,1,1,1,2,12,28,1,1,allocated
23,4556,greenran_normal,0,0,65535_65535,2,35,2589436,4,1,1,0,1,0,28,1,1,pre_allocation
23,4556,greenran_normal,0,0,65535_65535,2,35,2589436,12,1,1,1,2,12,28,1,1,allocated
23,4556,greenran_normal,0,0,65535_65535,2,44,2589436,4,1,1,0,1,0,28,1,1,pre_allocation
23,4556,greenran_normal,0,0,65535_65535,2,44,2589436,12,1,1,1,2,12,28,1,1,allocated
23,4556,greenran_normal,0,0,65535_65535,2,55,2589436,4,1,1,0,1,0,28,1,1,pre_allocation
23,4556,greenran_normal,0,0,65535_65535,2,55,2589436,12,1,1,1,2,12,28,1,1,allocated
23,4556,greenran_normal,0,0,65535_65535,2,56,2589436,4,1,1,0,1,0,28,1,1,pre_allocation
23,4556,greenran_normal,0,0,65535_65535,2,56,2589436,12,1,1,1,2,12,28,1,1,allocated
23,4556,greenran_normal,0,0,65535_65535,2,57,2589436,4,1,1,0,1,0,28,1,1,pre_allocation
23,4556,greenran_normal,0,0,65535_65535,2,57,2589436,12,1,1,1,2,12,28,1,1,allocated
23,4556,greenran_normal,0,0,65535_65535,2,39,2589438,4,1,1,0,1,0,28,1,1,pre_allocation
23,4556,greenran_normal,0,0,65535_65535,2,39,2589438,12,1,1,1,2,12,28,1,1,allocated
23,4556,greenran_normal,0,0,65535_65535,2,40,2589438,4,1,1,0,1,0,28,1,1,pre_allocation
23,4556,greenran_normal,0,0,65535_65535,2,40,2589438,12,1,1,1,2,12,28,1,1,allocated
23,4556,greenran_normal,0,0,65535_65535,2,41,2589438,4,1,1,0,1,0,28,1,1,pre_allocation
23,4556,greenran_normal,0,0,65535_65535,2,41,2589438,12,1,1,1,2,12,28,1,1,allocated
23,4556,greenran_normal,0,0,65535_65535,2,62,2589434,4,1,1,0,1,0,28,1,1,pre_allocation
23,4556,greenran_normal,0,0,65535_65535,2,62,2589434,12,1,1,1,2,12,28,1,1,allocated
23,4556,greenran_normal,0,0,65535_65535,2,38,2590429,2,1,1,0,2,0,15,1,1,pre_allocation
23,4556,greenran_normal,0,0,65535_65535,2,38,2590429,5,1,1,1,3,5,15,1,1,allocated
23,4556,greenran_normal,0,0,65535_65535,2,60,2590258,1,1,1,0,2,0,12,1,1,pre_allocation
23,4556,greenran_normal,0,0,65535_65535,2,60,2590258,3,1,1,1,3,3,12,1,1,allocated
23,4556,greenran_normal,0,0,65535_65535,2,64,2590137,3,1,1,0,2,0,16,1,1,pre_allocation
23,4556,greenran_normal,0,0,65535_65535,2,64,2590137,6,1,1,1,3,6,16,1,1,allocated
23,4556,greenran_normal,0,0,65535_65535,2,43,2589969,4,1,1,0,2,0,18,1,1,pre_allocation
23,4556,greenran_normal,0,0,65535_65535,2,43,2589969,8,1,1,1,3,8,18,1,1,allocated
23,4556,greenran_normal,0,0,65535_65535,2,42,2589668,9,1,1,0,2,0,24,1,1,pre_allocation
23,4556,greenran_normal,0,0,65535_65535,2,42,2589668,15,1,1,1,3,15,24,1,1,allocated
23,4556,greenran_normal,0,0,65535_65535,2,59,2589504,7,1,1,0,2,0,22,1,1,pre_allocation
23,4556,greenran_normal,0,0,65535_65535,2,59,2589504,13,1,1,1,3,13,22,1,1,allocated
23,4556,greenran_normal,0,0,65535_65535,2,36,2589498,11,1,1,0,2,0,26,1,1,pre_allocation
23,4556,greenran_normal,0,0,65535_65535,2,36,2589498,18,1,1,1,3,18,26,1,1,allocated
23,4556,greenran_normal,0,0,65535_65535,2,58,2589525,11,1,1,0,2,0,26,1,1,pre_allocation
23,4556,greenran_normal,0,0,65535_65535,2,58,2589525,18,1,1,1,3,18,26,1,1,allocated
23,4556,greenran_normal,0,0,65535_65535,2,61,2589442,12,1,1,0,2,0,28,1,1,pre_allocation
23,4556,greenran_normal,0,0,65535_65535,2,61,2589442,19,1,1,1,3,19,28,1,1,allocated
23,4556,greenran_normal,0,0,65535_65535,2,63,2589440,12,1,1,0,2,0,28,1,1,pre_allocation
23,4556,greenran_normal,0,0,65535_65535,2,63,2589440,19,1,1,1,3,19,28,1,1,allocated
23,4556,greenran_normal,0,0,65535_65535,2,37,2589439,12,1,1,0,2,0,28,1,1,pre_allocation
23,4556,greenran_normal,0,0,65535_65535,2,37,2589439,19,1,1,1,3,19,28,1,1,allocated
23,4556,greenran_normal,0,0,65535_65535,2,35,2589436,12,1,1,0,2,0,28,1,1,pre_allocation
23,4556,greenran_normal,0,0,65535_65535,2,35,2589436,19,1,1,1,3,19,28,1,1,allocated
23,4556,greenran_normal,0,0,65535_65535,2,44,2589436,12,1,1,0,2,0,28,1,1,pre_allocation
23,4556,greenran_normal,0,0,65535_65535,2,44,2589436,19,1,1,1,3,19,28,1,1,allocated
23,4556,greenran_normal,0,0,65535_65535,2,55,2589436,12,1,1,0,2,0,28,1,1,pre_allocation
23,4556,greenran_normal,0,0,65535_65535,2,55,2589436,19,1,1,1,3,19,28,1,1,allocated
23,4556,greenran_normal,0,0,65535_65535,2,56,2589436,12,1,1,0,2,0,28,1,1,pre_allocation
23,4556,greenran_normal,0,0,65535_65535,2,56,2589436,19,1,1,1,3,19,28,1,1,allocated
23,4556,greenran_normal,0,0,65535_65535,2,57,2589436,12,1,1,0,2,0,28,1,1,pre_allocation
23,4556,greenran_normal,0,0,65535_65535,2,57,2589436,19,1,1,1,3,19,28,1,1,allocated
23,4556,greenran_normal,0,0,65535_65535,2,39,2589438,12,1,1,0,2,0,28,1,1,pre_allocation
23,4556,greenran_normal,0,0,65535_65535,2,39,2589438,19,1,1,1,3,19,28,1,1,allocated
23,4556,greenran_normal,0,0,65535_65535,2,40,2589438,12,1,1,0,2,0,28,1,1,pre_allocation
23,4556,greenran_normal,0,0,65535_65535,2,40,2589438,19,1,1,1,3,19,28,1,1,allocated
23,4556,greenran_normal,0,0,65535_65535,2,41,2589438,12,1,1,0,2,0,28,1,1,pre_allocation
23,4556,greenran_normal,0,0,65535_65535,2,41,2589438,19,1,1,1,3,19,28,1,1,allocated
23,4556,greenran_normal,0,0,65535_65535,2,62,2589434,12,1,1,0,2,0,28,1,1,pre_allocation
23,4556,greenran_normal,0,0,65535_65535,2,62,2589434,19,1,1,1,3,19,28,1,1,allocated
23,4556,greenran_normal,0,0,65535_65535,2,38,2590429,5,1,1,0,3,0,15,1,1,pre_allocation
23,4556,greenran_normal,0,0,65535_65535,2,38,2590429,8,1,1,1,4,8,15,1,1,allocated
23,4556,greenran_normal,0,0,65535_65535,2,60,2590258,3,1,1,0,3,0,12,1,1,pre_allocation
23,4556,greenran_normal,0,0,65535_65535,2,60,2590258,5,1,1,1,4,5,12,1,1,allocated
23,4556,greenran_normal,0,0,65535_65535,2,64,2590137,6,1,1,0,3,0,16,1,1,pre_allocation
23,4556,greenran_normal,0,0,65535_65535,2,64,2590137,10,1,1,1,4,10,16,1,1,allocated
23,4556,greenran_normal,0,0,65535_65535,2,43,2589969,8,1,1,0,3,0,18,1,1,pre_allocation
23,4556,greenran_normal,0,0,65535_65535,2,43,2589969,11,1,1,1,4,11,18,1,1,allocated
23,4556,greenran_normal,0,0,65535_65535,2,42,2589668,15,1,1,0,3,0,24,1,1,pre_allocation
23,4556,greenran_normal,0,0,65535_65535,2,42,2589668,21,1,1,1,4,21,24,1,1,allocated
23,4556,greenran_normal,0,0,65535_65535,2,59,2589504,13,1,1,0,3,0,22,1,1,pre_allocation
23,4556,greenran_normal,0,0,65535_65535,2,59,2589504,18,1,1,1,4,18,22,1,1,allocated
23,4556,greenran_normal,0,0,65535_65535,2,36,2589498,18,1,1,0,3,0,26,1,1,pre_allocation
23,4556,greenran_normal,0,0,65535_65535,2,36,2589498,25,1,1,1,4,25,26,1,1,allocated
23,4556,greenran_normal,0,0,65535_65535,2,58,2589525,18,1,1,0,3,0,26,1,1,pre_allocation
23,4556,greenran_normal,0,0,65535_65535,2,58,2589525,25,1,1,1,4,25,26,1,1,allocated
23,4556,greenran_normal,0,0,65535_65535,2,61,2589442,19,1,1,0,3,0,28,1,1,pre_allocation
23,4556,greenran_normal,0,0,65535_65535,2,61,2589442,27,1,1,1,4,27,28,1,1,allocated
23,4556,greenran_normal,0,0,65535_65535,2,63,2589440,19,1,1,0,3,0,28,1,1,pre_allocation
23,4556,greenran_normal,0,0,65535_65535,2,63,2589440,27,1,1,1,4,27,28,1,1,allocated
23,4556,greenran_normal,0,0,65535_65535,2,37,2589439,19,1,1,0,3,0,28,1,1,pre_allocation
23,4556,greenran_normal,0,0,65535_65535,2,37,2589439,27,1,1,1,4,27,28,1,1,allocated
23,4556,greenran_normal,0,0,65535_65535,2,35,2589436,19,1,1,0,3,0,28,1,1,pre_allocation
23,4556,greenran_normal,0,0,65535_65535,2,35,2589436,27,1,1,1,4,27,28,1,1,allocated
23,4556,greenran_normal,0,0,65535_65535,2,44,2589436,19,1,1,0,3,0,28,1,1,pre_allocation
23,4556,greenran_normal,0,0,65535_65535,2,44,2589436,27,1,1,1,4,27,28,1,1,allocated
23,4556,greenran_normal,0,0,65535_65535,2,55,2589436,19,1,1,0,3,0,28,1,1,pre_allocation
23,4556,greenran_normal,0,0,65535_65535,2,55,2589436,27,1,1,1,4,27,28,1,1,allocated
23,4556,greenran_normal,0,0,65535_65535,2,56,2589436,19,1,1,0,3,0,28,1,1,pre_allocation
23,4556,greenran_normal,0,0,65535_65535,2,56,2589436,27,1,1,1,4,27,28,1,1,allocated
23,4556,greenran_normal,0,0,65535_65535,2,57,2589436,19,1,1,0,3,0,28,1,1,pre_allocation
23,4556,greenran_normal,0,0,65535_65535,2,57,2589436,27,1,1,1,4,27,28,1,1,allocated
23,4556,greenran_normal,0,0,65535_65535,2,39,2589438,19,1,1,0,3,0,28,1,1,pre_allocation
23,4556,greenran_normal,0,0,65535_65535,2,39,2589438,27,1,1,1,4,27,28,1,1,allocated
23,4556,greenran_normal,0,0,65535_65535,2,40,2589438,19,1,1,0,3,0,28,1,1,pre_allocation
23,4556,greenran_normal,0,0,65535_65535,2,40,2589438,27,1,1,1,4,27,28,1,1,allocated
23,4556,greenran_normal,0,0,65535_65535,2,41,2589438,19,1,1,0,3,0,28,1,1,pre_allocation
23,4556,greenran_normal,0,0,65535_65535,2,41,2589438,27,1,1,1,4,27,28,1,1,allocated
24,4885,greenran_normal,0,0,65535_65535,0,4,89525,0,1,1,0,0,0,22,1,1,pre_allocation
24,4885,greenran_normal,0,0,65535_65535,0,4,89525,2,1,1,1,1,2,22,1,1,allocated
24,4885,greenran_normal,0,0,65535_65535,0,2,88610,0,1,1,0,0,0,28,1,1,pre_allocation
24,4885,greenran_normal,0,0,65535_65535,0,2,88610,4,1,1,1,1,4,28,1,1,allocated
24,4885,greenran_normal,0,0,65535_65535,0,1,88606,0,1,1,0,0,0,28,1,1,pre_allocation
24,4885,greenran_normal,0,0,65535_65535,0,1,88606,4,1,1,1,1,4,28,1,1,allocated
24,4885,greenran_normal,0,0,65535_65535,0,3,88604,0,1,1,0,0,0,28,1,1,pre_allocation
24,4885,greenran_normal,0,0,65535_65535,0,3,88604,4,1,1,1,1,4,28,1,1,allocated
24,4885,greenran_normal,0,0,65535_65535,0,5,88600,0,1,1,0,0,0,28,1,1,pre_allocation
24,4885,greenran_normal,0,0,65535_65535,0,5,88600,4,1,1,1,1,4,28,1,1,allocated
24,4885,greenran_normal,0,0,65535_65535,0,4,89525,2,1,1,0,1,0,22,1,1,pre_allocation
24,4885,greenran_normal,0,0,65535_65535,0,4,89525,7,1,1,1,2,7,22,1,1,allocated
24,4885,greenran_normal,0,0,65535_65535,0,2,88610,4,1,1,0,1,0,28,1,1,pre_allocation
24,4885,greenran_normal,0,0,65535_65535,0,2,88610,12,1,1,1,2,12,28,1,1,allocated
24,4885,greenran_normal,0,0,65535_65535,0,1,88606,4,1,1,0,1,0,28,1,1,pre_allocation
24,4885,greenran_normal,0,0,65535_65535,0,1,88606,12,1,1,1,2,12,28,1,1,allocated
24,4885,greenran_normal,0,0,65535_65535,0,3,88604,4,1,1,0,1,0,28,1,1,pre_allocation
24,4885,greenran_normal,0,0,65535_65535,0,3,88604,12,1,1,1,2,12,28,1,1,allocated
24,4885,greenran_normal,0,0,65535_65535,0,5,88600,4,1,1,0,1,0,28,1,1,pre_allocation
24,4885,greenran_normal,0,0,65535_65535,0,5,88600,12,1,1,1,2,12,28,1,1,allocated
24,4885,greenran_normal,0,0,65535_65535,0,4,89525,7,1,1,0,2,0,22,1,1,pre_allocation
24,4885,greenran_normal,0,0,65535_65535,0,4,89525,13,1,1,1,3,13,22,1,1,allocated
24,4885,greenran_normal,0,0,65535_65535,0,2,88610,12,1,1,0,2,0,28,1,1,pre_allocation
24,4885,greenran_normal,0,0,65535_65535,0,2,88610,19,1,1,1,3,19,28,1,1,allocated
24,4885,greenran_normal,0,0,65535_65535,0,1,88606,12,1,1,0,2,0,28,1,1,pre_allocation
24,4885,greenran_normal,0,0,65535_65535,0,1,88606,19,1,1,1,3,19,28,1,1,allocated
24,4885,greenran_normal,0,0,65535_65535,0,3,88604,12,1,1,0,2,0,28,1,1,pre_allocation
24,4885,greenran_normal,0,0,65535_65535,0,3,88604,19,1,1,1,3,19,28,1,1,allocated
24,4885,greenran_normal,0,0,65535_65535,0,5,88600,12,1,1,0,2,0,28,1,1,pre_allocation
24,4885,greenran_normal,0,0,65535_65535,0,5,88600,19,1,1,1,3,19,28,1,1,allocated
24,4885,greenran_normal,0,0,65535_65535,0,4,89525,13,1,1,0,3,0,22,1,1,pre_allocation
24,4885,greenran_normal,0,0,65535_65535,0,4,89525,18,1,1,1,4,18,22,1,1,allocated
24,4885,greenran_normal,0,0,65535_65535,0,2,88610,19,1,1,0,3,0,28,1,1,pre_allocation
24,4885,greenran_normal,0,0,65535_65535,0,2,88610,27,1,1,1,4,27,28,1,1,allocated
24,4885,greenran_normal,0,0,65535_65535,0,1,88606,19,1,1,0,3,0,28,1,1,pre_allocation
24,4885,greenran_normal,0,0,65535_65535,0,1,88606,27,1,1,1,4,27,28,1,1,allocated
24,4885,greenran_normal,0,0,65535_65535,0,3,88604,19,1,1,0,3,0,28,1,1,pre_allocation
24,4885,greenran_normal,0,0,65535_65535,0,3,88604,27,1,1,1,4,27,28,1,1,allocated
24,4885,greenran_normal,0,0,65535_65535,0,5,88600,19,1,1,0,3,0,28,1,1,pre_allocation
24,4885,greenran_normal,0,0,65535_65535,0,5,88600,27,1,1,1,4,27,28,1,1,allocated
24,4885,greenran_normal,0,0,65535_65535,0,4,89525,18,1,1,0,4,0,22,1,1,pre_allocation
24,4885,greenran_normal,0,0,65535_65535,0,4,89525,23,1,1,1,5,23,22,1,1,allocated
24,4885,greenran_normal,0,0,65535_65535,0,2,88610,27,1,1,0,4,0,28,1,1,pre_allocation
24,4885,greenran_normal,0,0,65535_65535,0,2,88610,34,1,1,1,5,34,28,1,1,allocated
24,4885,greenran_normal,0,0,65535_65535,0,1,88606,27,1,1,0,4,0,28,1,1,pre_allocation
24,4885,greenran_normal,0,0,65535_65535,0,1,88606,34,1,1,1,5,34,28,1,1,allocated
24,4885,greenran_normal,0,0,65535_65535,0,3,88604,27,1,1,0,4,0,28,1,1,pre_allocation
24,4885,greenran_normal,0,0,65535_65535,0,3,88604,34,1,1,1,5,34,28,1,1,allocated
24,4885,greenran_normal,0,0,65535_65535,0,5,88600,27,1,1,0,4,0,28,1,1,pre_allocation
24,4885,greenran_normal,0,0,65535_65535,0,5,88600,34,1,1,1,5,34,28,1,1,allocated
24,4885,greenran_normal,0,0,65535_65535,0,4,89525,23,1,1,0,5,0,22,1,1,pre_allocation
24,4885,greenran_normal,0,0,65535_65535,0,4,89525,29,1,1,1,6,29,22,1,1,allocated
24,4885,greenran_normal,0,0,65535_65535,0,2,88610,34,1,1,0,5,0,28,1,1,pre_allocation
24,4885,greenran_normal,0,0,65535_65535,0,2,88610,42,1,1,1,6,42,28,1,1,allocated
24,4885,greenran_normal,0,0,65535_65535,0,1,88606,34,1,1,0,5,0,28,1,1,pre_allocation
24,4885,greenran_normal,0,0,65535_65535,0,1,88606,42,1,1,1,6,42,28,1,1,allocated
24,4885,greenran_normal,0,0,65535_65535,0,3,88604,34,1,1,0,5,0,28,1,1,pre_allocation
24,4885,greenran_normal,0,0,65535_65535,0,3,88604,42,1,1,1,6,42,28,1,1,allocated
24,4885,greenran_normal,0,0,65535_65535,0,5,88600,34,1,1,0,5,0,28,1,1,pre_allocation
24,4885,greenran_normal,0,0,65535_65535,0,5,88600,42,1,1,1,6,42,28,1,1,allocated
24,4885,greenran_normal,0,0,65535_65535,0,4,89525,29,1,1,0,6,0,22,1,1,pre_allocation
24,4885,greenran_normal,0,0,65535_65535,0,4,89525,34,1,1,1,7,34,22,1,1,allocated
24,4885,greenran_normal,0,0,65535_65535,0,2,88610,42,1,1,0,6,0,28,1,1,pre_allocation
24,4885,greenran_normal,0,0,65535_65535,0,2,88610,50,1,1,1,7,50,28,1,1,allocated
24,4885,greenran_normal,0,0,65535_65535,0,1,88606,42,1,1,0,6,0,28,1,1,pre_allocation
24,4885,greenran_normal,0,0,65535_65535,0,1,88606,50,1,1,1,7,50,28,1,1,allocated
24,4885,greenran_normal,0,0,65535_65535,0,3,88604,42,1,1,0,6,0,28,1,1,pre_allocation
24,4885,greenran_normal,0,0,65535_65535,0,3,88604,50,1,1,1,7,50,28,1,1,allocated
24,4885,greenran_normal,0,0,65535_65535,0,5,88600,42,1,1,0,6,0,28,1,1,pre_allocation
24,4885,greenran_normal,0,0,65535_65535,0,5,88600,50,1,1,1,7,50,28,1,1,allocated
24,4885,greenran_normal,0,0,65535_65535,0,4,89525,34,1,1,0,7,0,22,1,1,pre_allocation
24,4885,greenran_normal,0,0,65535_65535,0,4,89525,39,1,1,1,8,39,22,1,1,allocated
24,4885,greenran_normal,0,0,65535_65535,0,2,88610,50,1,1,0,7,0,28,1,1,pre_allocation
24,4885,greenran_normal,0,0,65535_65535,0,2,88610,57,1,1,1,8,57,28,1,1,allocated
24,4885,greenran_normal,0,0,65535_65535,0,1,88606,50,1,1,0,7,0,28,1,1,pre_allocation
24,4885,greenran_normal,0,0,65535_65535,0,1,88606,57,1,1,1,8,57,28,1,1,allocated
24,4885,greenran_normal,0,0,65535_65535,0,3,88604,50,1,1,0,7,0,28,1,1,pre_allocation
24,4885,greenran_normal,0,0,65535_65535,0,3,88604,57,1,1,1,8,57,28,1,1,allocated
24,4885,greenran_normal,0,0,65535_65535,0,5,88600,50,1,1,0,7,0,28,1,1,pre_allocation
24,4885,greenran_normal,0,0,65535_65535,0,5,88600,57,1,1,1,8,57,28,1,1,allocated
24,4885,greenran_normal,0,0,65535_65535,0,4,89525,39,1,1,0,8,0,22,1,1,pre_allocation
24,4885,greenran_normal,0,0,65535_65535,0,4,89525,45,1,1,1,9,45,22,1,1,allocated
24,4885,greenran_normal,0,0,65535_65535,0,2,88610,57,1,1,0,8,0,28,1,1,pre_allocation
24,4885,greenran_normal,0,0,65535_65535,0,2,88610,65,1,1,1,9,65,28,1,1,allocated
24,4885,greenran_normal,0,0,65535_65535,0,1,88606,57,1,1,0,8,0,28,1,1,pre_allocation
24,4885,greenran_normal,0,0,65535_65535,0,1,88606,65,1,1,1,9,65,28,1,1,allocated
24,4885,greenran_normal,0,0,65535_65535,0,3,88604,57,1,1,0,8,0,28,1,1,pre_allocation
24,4885,greenran_normal,0,0,65535_65535,0,3,88604,65,1,1,1,9,65,28,1,1,allocated
24,4885,greenran_normal,0,0,65535_65535,0,5,88600,57,1,1,0,8,0,28,1,1,pre_allocation
24,4885,greenran_normal,0,0,65535_65535,0,5,88600,65,1,1,1,9,65,28,1,1,allocated
24,4885,greenran_normal,0,0,65535_65535,0,4,89525,45,1,1,0,9,0,22,1,1,pre_allocation
24,4885,greenran_normal,0,0,65535_65535,0,4,89525,50,1,1,1,10,50,22,1,1,allocated
24,4885,greenran_normal,0,0,65535_65535,0,2,88610,65,1,1,0,9,0,28,1,1,pre_allocation
24,4885,greenran_normal,0,0,65535_65535,0,2,88610,72,1,1,1,10,72,28,1,1,allocated
24,4885,greenran_normal,0,0,65535_65535,0,1,88606,65,1,1,0,9,0,28,1,1,pre_allocation
24,4885,greenran_normal,0,0,65535_65535,0,1,88606,72,1,1,1,10,72,28,1,1,allocated
24,4885,greenran_normal,0,0,65535_65535,0,3,88604,65,1,1,0,9,0,28,1,1,pre_allocation
24,4885,greenran_normal,0,0,65535_65535,0,3,88604,72,1,1,1,10,72,28,1,1,allocated
24,4885,greenran_normal,0,0,65535_65535,0,5,88600,65,1,1,0,9,0,28,1,1,pre_allocation
24,4885,greenran_normal,0,0,65535_65535,0,5,88600,72,1,1,1,10,72,28,1,1,allocated
24,4885,greenran_normal,0,0,65535_65535,0,4,89525,50,1,1,0,10,0,22,1,1,pre_allocation
24,4885,greenran_normal,0,0,65535_65535,0,4,89525,55,1,1,1,11,55,22,1,1,allocated
24,4885,greenran_normal,0,0,65535_65535,0,2,88610,72,1,1,0,10,0,28,1,1,pre_allocation
24,4885,greenran_normal,0,0,65535_65535,0,2,88610,80,1,1,1,11,80,28,1,1,allocated
24,4885,greenran_normal,0,0,65535_65535,0,1,88606,72,1,1,0,10,0,28,1,1,pre_allocation
24,4885,greenran_normal,0,0,65535_65535,0,1,88606,80,1,1,1,11,80,28,1,1,allocated
24,4885,greenran_normal,0,0,65535_65535,0,3,88604,72,1,1,0,10,0,28,1,1,pre_allocation
24,4885,greenran_normal,0,0,65535_65535,0,3,88604,80,1,1,1,11,80,28,1,1,allocated
24,4885,greenran_normal,0,0,65535_65535,0,5,88600,72,1,1,0,10,0,28,1,1,pre_allocation
24,4885,greenran_normal,0,0,65535_65535,0,5,88600,80,1,1,1,11,80,28,1,1,allocated
24,4885,greenran_normal,0,0,65535_65535,0,4,89525,55,1,1,0,11,0,22,1,1,pre_allocation
24,4885,greenran_normal,0,0,65535_65535,0,4,89525,61,1,1,1,12,61,22,1,1,allocated
24,4885,greenran_normal,0,0,65535_65535,0,2,88610,80,1,1,0,11,0,28,1,1,pre_allocation
24,4885,greenran_normal,0,0,65535_65535,0,2,88610,88,1,1,1,12,88,28,1,1,allocated
24,4885,greenran_normal,0,0,65535_65535,0,1,88606,80,1,1,0,11,0,28,1,1,pre_allocation
24,4885,greenran_normal,0,0,65535_65535,0,1,88606,88,1,1,1,12,88,28,1,1,allocated
24,4885,greenran_normal,0,0,65535_65535,0,3,88604,80,1,1,0,11,0,28,1,1,pre_allocation
24,4885,greenran_normal,0,0,65535_65535,0,3,88604,88,1,1,1,12,88,28,1,1,allocated
24,4885,greenran_normal,0,0,65535_65535,0,5,88600,80,1,1,0,11,0,28,1,1,pre_allocation
24,4885,greenran_normal,0,0,65535_65535,0,5,88600,88,1,1,1,12,88,28,1,1,allocated
24,4885,greenran_normal,0,0,65535_65535,0,4,89525,61,1,1,0,12,0,22,1,1,pre_allocation
24,4885,greenran_normal,0,0,65535_65535,0,4,89525,66,1,1,1,13,66,22,1,1,allocated
24,4885,greenran_normal,0,0,65535_65535,0,2,88610,88,1,1,0,12,0,28,1,1,pre_allocation
24,4885,greenran_normal,0,0,65535_65535,0,2,88610,95,1,1,1,13,95,28,1,1,allocated
24,4885,greenran_normal,0,0,65535_65535,0,1,88606,88,1,1,0,12,0,28,1,1,pre_allocation
24,4885,greenran_normal,0,0,65535_65535,0,1,88606,95,1,1,1,13,95,28,1,1,allocated
24,4885,greenran_normal,0,0,65535_65535,0,3,88604,88,1,1,0,12,0,28,1,1,pre_allocation
24,4885,greenran_normal,0,0,65535_65535,0,3,88604,95,1,1,1,13,95,28,1,1,allocated
24,4885,greenran_normal,0,0,65535_65535,0,5,88600,88,1,1,0,12,0,28,1,1,pre_allocation
24,4885,greenran_normal,0,0,65535_65535,0,5,88600,95,1,1,1,13,95,28,1,1,allocated
24,4885,greenran_normal,0,0,65535_65535,0,4,89525,66,1,1,0,13,0,22,1,1,pre_allocation
24,4885,greenran_normal,0,0,65535_65535,0,4,89525,72,1,1,1,14,72,22,1,1,allocated
24,4885,greenran_normal,0,0,65535_65535,0,2,88610,95,1,1,0,13,0,28,1,1,pre_allocation
24,4885,greenran_normal,0,0,65535_65535,0,2,88610,103,1,1,1,14,103,28,1,1,allocated
24,4885,greenran_normal,0,0,65535_65535,0,1,88606,95,1,1,0,13,0,28,1,1,pre_allocation
24,4885,greenran_normal,0,0,65535_65535,0,1,88606,103,1,1,1,14,103,28,1,1,allocated
24,4885,greenran_normal,0,0,65535_65535,0,3,88604,95,1,1,0,13,0,28,1,1,pre_allocation
24,4885,greenran_normal,0,0,65535_65535,0,3,88604,103,1,1,1,14,103,28,1,1,allocated
24,4885,greenran_normal,0,0,65535_65535,0,5,88600,95,1,1,0,13,0,28,1,1,pre_allocation
24,4885,greenran_normal,0,0,65535_65535,0,5,88600,103,1,1,1,14,103,28,1,1,allocated
24,4885,greenran_normal,0,0,65535_65535,0,4,89525,72,1,1,0,14,0,22,1,1,pre_allocation
24,4885,greenran_normal,0,0,65535_65535,0,4,89525,77,1,1,1,15,77,22,1,1,allocated
24,4885,greenran_normal,0,0,65535_65535,0,2,88610,103,1,1,0,14,0,28,1,1,pre_allocation
24,4885,greenran_normal,0,0,65535_65535,0,2,88610,110,1,1,1,15,110,28,1,1,allocated
24,4885,greenran_normal,0,0,65535_65535,0,1,88606,103,1,1,0,14,0,28,1,1,pre_allocation
24,4885,greenran_normal,0,0,65535_65535,0,1,88606,110,1,1,1,15,110,28,1,1,allocated
24,4885,greenran_normal,0,0,65535_65535,0,3,88604,103,1,1,0,14,0,28,1,1,pre_allocation
24,4885,greenran_normal,0,0,65535_65535,0,3,88604,110,1,1,1,15,110,28,1,1,allocated
24,4885,greenran_normal,0,0,65535_65535,0,5,88600,103,1,1,0,14,0,28,1,1,pre_allocation
24,4885,greenran_normal,0,0,65535_65535,0,5,88600,110,1,1,1,15,110,28,1,1,allocated
24,4885,greenran_normal,0,0,65535_65535,0,4,89525,77,1,1,0,15,0,22,1,1,pre_allocation
24,4885,greenran_normal,0,0,65535_65535,0,4,89525,82,1,1,1,16,82,22,1,1,allocated
24,4885,greenran_normal,0,0,65535_65535,0,2,88610,110,1,1,0,15,0,28,1,1,pre_allocation
24,4885,greenran_normal,0,0,65535_65535,0,2,88610,118,1,1,1,16,118,28,1,1,allocated
24,4885,greenran_normal,0,0,65535_65535,0,1,88606,110,1,1,0,15,0,28,1,1,pre_allocation
24,4885,greenran_normal,0,0,65535_65535,0,1,88606,118,1,1,1,16,118,28,1,1,allocated
24,4885,greenran_normal,0,0,65535_65535,0,3,88604,110,1,1,0,15,0,28,1,1,pre_allocation
24,4885,greenran_normal,0,0,65535_65535,0,3,88604,118,1,1,1,16,118,28,1,1,allocated
24,4885,greenran_normal,0,0,65535_65535,0,5,88600,110,1,1,0,15,0,28,1,1,pre_allocation
24,4885,greenran_normal,0,0,65535_65535,0,5,88600,118,1,1,1,16,118,28,1,1,allocated
24,4885,greenran_normal,0,0,65535_65535,0,4,89525,82,1,1,0,16,0,22,1,1,pre_allocation
24,4885,greenran_normal,0,0,65535_65535,0,4,89525,88,1,1,1,17,88,22,1,1,allocated
24,4885,greenran_normal,0,0,65535_65535,0,2,88610,118,1,1,0,16,0,28,1,1,pre_allocation
24,4885,greenran_normal,0,0,65535_65535,0,2,88610,126,1,1,1,17,126,28,1,1,allocated
24,4885,greenran_normal,0,0,65535_65535,0,1,88606,118,1,1,0,16,0,28,1,1,pre_allocation
24,4885,greenran_normal,0,0,65535_65535,0,1,88606,126,1,1,1,17,126,28,1,1,allocated
24,4885,greenran_normal,0,0,65535_65535,0,3,88604,118,1,1,0,16,0,28,1,1,pre_allocation
24,4885,greenran_normal,0,0,65535_65535,0,3,88604,126,1,1,1,17,126,28,1,1,allocated
24,4885,greenran_normal,0,0,65535_65535,0,5,88600,118,1,1,0,16,0,28,1,1,pre_allocation
24,4885,greenran_normal,0,0,65535_65535,0,5,88600,126,1,1,1,17,126,28,1,1,allocated
24,4885,greenran_normal,0,0,65535_65535,0,4,89525,88,1,1,0,17,0,22,1,1,pre_allocation
24,4885,greenran_normal,0,0,65535_65535,0,4,89525,93,1,1,1,18,93,22,1,1,allocated
24,4885,greenran_normal,0,0,65535_65535,0,2,88610,126,1,1,0,17,0,28,1,1,pre_allocation
24,4885,greenran_normal,0,0,65535_65535,0,2,88610,133,1,1,1,18,133,28,1,1,allocated
24,4885,greenran_normal,0,0,65535_65535,0,1,88606,126,1,1,0,17,0,28,1,1,pre_allocation
24,4885,greenran_normal,0,0,65535_65535,0,1,88606,133,1,1,1,18,133,28,1,1,allocated
24,4885,greenran_normal,0,0,65535_65535,0,3,88604,126,1,1,0,17,0,28,1,1,pre_allocation
24,4885,greenran_normal,0,0,65535_65535,0,3,88604,133,1,1,1,18,133,28,1,1,allocated
24,4885,greenran_normal,0,0,65535_65535,0,5,88600,126,1,1,0,17,0,28,1,1,pre_allocation
24,4885,greenran_normal,0,0,65535_65535,0,5,88600,133,1,1,1,18,133,28,1,1,allocated
24,4885,greenran_normal,0,0,65535_65535,0,4,89525,93,1,1,0,18,0,22,1,1,pre_allocation
24,4885,greenran_normal,0,0,65535_65535,0,4,89525,98,1,1,1,19,98,22,1,1,allocated
24,4885,greenran_normal,0,0,65535_65535,0,2,88610,133,1,1,0,18,0,28,1,1,pre_allocation
24,4885,greenran_normal,0,0,65535_65535,0,2,88610,141,1,1,1,19,141,28,1,1,allocated
24,4885,greenran_normal,0,0,65535_65535,0,1,88606,133,1,1,0,18,0,28,1,1,pre_allocation
24,4885,greenran_normal,0,0,65535_65535,0,1,88606,141,1,1,1,19,141,28,1,1,allocated
24,4885,greenran_normal,0,0,65535_65535,0,3,88604,133,1,1,0,18,0,28,1,1,pre_allocation
24,4885,greenran_normal,0,0,65535_65535,0,3,88604,141,1,1,1,19,141,28,1,1,allocated
24,4885,greenran_normal,0,0,65535_65535,0,5,88600,133,1,1,0,18,0,28,1,1,pre_allocation
24,4885,greenran_normal,0,0,65535_65535,0,5,88600,141,1,1,1,19,141,28,1,1,allocated
24,4885,greenran_normal,0,0,65535_65535,0,4,89525,98,1,1,0,19,0,22,1,1,pre_allocation
24,4885,greenran_normal,0,0,65535_65535,0,4,89525,104,1,1,1,20,104,22,1,1,allocated
24,4885,greenran_normal,0,0,65535_65535,0,2,88610,141,1,1,0,19,0,28,1,1,pre_allocation
24,4885,greenran_normal,0,0,65535_65535,0,2,88610,148,1,1,1,20,148,28,1,1,allocated
24,4885,greenran_normal,0,0,65535_65535,0,1,88606,141,1,1,0,19,0,28,1,1,pre_allocation
24,4885,greenran_normal,0,0,65535_65535,0,1,88606,148,1,1,1,20,148,28,1,1,allocated
24,4885,greenran_normal,0,0,65535_65535,0,3,88604,141,1,1,0,19,0,28,1,1,pre_allocation
24,4885,greenran_normal,0,0,65535_65535,0,3,88604,148,1,1,1,20,148,28,1,1,allocated
24,4885,greenran_normal,0,0,65535_65535,0,5,88600,141,1,1,0,19,0,28,1,1,pre_allocation
24,4885,greenran_normal,0,0,65535_65535,0,5,88600,148,1,1,1,20,148,28,1,1,allocated
24,4885,greenran_normal,0,0,65535_65535,0,4,89525,104,1,1,0,20,0,22,1,1,pre_allocation
24,4885,greenran_normal,0,0,65535_65535,0,4,89525,109,1,1,1,21,109,22,1,1,allocated
24,4885,greenran_normal,0,0,65535_65535,0,2,88610,148,1,1,0,20,0,28,1,1,pre_allocation
24,4885,greenran_normal,0,0,65535_65535,0,2,88610,156,1,1,1,21,156,28,1,1,allocated
24,4885,greenran_normal,0,0,65535_65535,0,1,88606,148,1,1,0,20,0,28,1,1,pre_allocation
24,4885,greenran_normal,0,0,65535_65535,0,1,88606,156,1,1,1,21,156,28,1,1,allocated
24,4885,greenran_normal,0,0,65535_65535,0,3,88604,148,1,1,0,20,0,28,1,1,pre_allocation
24,4885,greenran_normal,0,0,65535_65535,0,3,88604,156,1,1,1,21,156,28,1,1,allocated
24,4885,greenran_normal,0,0,65535_65535,0,5,88600,148,1,1,0,20,0,28,1,1,pre_allocation
24,4885,greenran_normal,0,0,65535_65535,0,5,88600,156,1,1,1,21,156,28,1,1,allocated
24,4885,greenran_normal,0,0,65535_65535,0,4,89525,109,1,1,0,21,0,22,1,1,pre_allocation
24,4885,greenran_normal,0,0,65535_65535,0,4,89525,114,1,1,1,22,114,22,1,1,allocated
24,4885,greenran_normal,0,0,65535_65535,0,2,88610,156,1,1,0,21,0,28,1,1,pre_allocation
24,4885,greenran_normal,0,0,65535_65535,0,2,88610,163,1,1,1,22,163,28,1,1,allocated
24,4885,greenran_normal,0,0,65535_65535,0,1,88606,156,1,1,0,21,0,28,1,1,pre_allocation
24,4885,greenran_normal,0,0,65535_65535,0,1,88606,163,1,1,1,22,163,28,1,1,allocated
24,4885,greenran_normal,0,0,65535_65535,0,3,88604,156,1,1,0,21,0,28,1,1,pre_allocation
24,4885,greenran_normal,0,0,65535_65535,0,3,88604,163,1,1,1,22,163,28,1,1,allocated
24,4885,greenran_normal,0,0,65535_65535,0,5,88600,156,1,1,0,21,0,28,1,1,pre_allocation
24,4885,greenran_normal,0,0,65535_65535,0,5,88600,163,1,1,1,22,163,28,1,1,allocated
24,4885,greenran_normal,0,0,65535_65535,0,4,89525,114,1,1,0,22,0,22,1,1,pre_allocation
24,4885,greenran_normal,0,0,65535_65535,0,4,89525,120,1,1,1,23,120,22,1,1,allocated
24,4885,greenran_normal,0,0,65535_65535,0,2,88610,163,1,1,0,22,0,28,1,1,pre_allocation
24,4885,greenran_normal,0,0,65535_65535,0,2,88610,171,1,1,1,23,171,28,1,1,allocated
24,4885,greenran_normal,0,0,65535_65535,0,1,88606,163,1,1,0,22,0,28,1,1,pre_allocation
24,4885,greenran_normal,0,0,65535_65535,0,1,88606,171,1,1,1,23,171,28,1,1,allocated
24,4885,greenran_normal,0,0,65535_65535,0,3,88604,163,1,1,0,22,0,28,1,1,pre_allocation
24,4885,greenran_normal,0,0,65535_65535,0,3,88604,171,1,1,1,23,171,28,1,1,allocated
24,4885,greenran_normal,0,0,65535_65535,0,5,88600,163,1,1,0,22,0,28,1,1,pre_allocation
24,4885,greenran_normal,0,0,65535_65535,0,5,88600,171,1,1,1,23,171,28,1,1,allocated
24,4885,greenran_normal,0,0,65535_65535,0,4,89525,120,1,1,0,23,0,22,1,1,pre_allocation
24,4885,greenran_normal,0,0,65535_65535,0,4,89525,125,1,1,1,24,125,22,1,1,allocated
24,4885,greenran_normal,0,0,65535_65535,0,2,88610,171,1,1,0,23,0,28,1,1,pre_allocation
24,4885,greenran_normal,0,0,65535_65535,0,2,88610,179,1,1,1,24,179,28,1,1,allocated
24,4885,greenran_normal,0,0,65535_65535,0,1,88606,171,1,1,0,23,0,28,1,1,pre_allocation
24,4885,greenran_normal,0,0,65535_65535,0,1,88606,179,1,1,1,24,179,28,1,1,allocated
24,4885,greenran_normal,0,0,65535_65535,0,3,88604,171,1,1,0,23,0,28,1,1,pre_allocation
24,4885,greenran_normal,0,0,65535_65535,0,3,88604,179,1,1,1,24,179,28,1,1,allocated
24,4885,greenran_normal,0,0,65535_65535,0,5,88600,171,1,1,0,23,0,28,1,1,pre_allocation
24,4885,greenran_normal,0,0,65535_65535,0,5,88600,179,1,1,1,24,179,28,1,1,allocated
24,4885,greenran_normal,0,0,65535_65535,0,4,89525,125,1,1,0,24,0,22,1,1,pre_allocation
24,4885,greenran_normal,0,0,65535_65535,0,4,89525,131,1,1,1,25,131,22,1,1,allocated
24,4885,greenran_normal,0,0,65535_65535,0,2,88610,179,1,1,0,24,0,28,1,1,pre_allocation
24,4885,greenran_normal,0,0,65535_65535,0,2,88610,186,1,1,1,25,186,28,1,1,allocated
24,4885,greenran_normal,0,0,65535_65535,0,1,88606,179,1,1,0,24,0,28,1,1,pre_allocation
24,4885,greenran_normal,0,0,65535_65535,0,1,88606,186,1,1,1,25,186,28,1,1,allocated
24,4885,greenran_normal,0,0,65535_65535,0,3,88604,179,1,1,0,24,0,28,1,1,pre_allocation
24,4885,greenran_normal,0,0,65535_65535,0,3,88604,186,1,1,1,25,186,28,1,1,allocated
24,4885,greenran_normal,0,0,65535_65535,0,5,88600,179,1,1,0,24,0,28,1,1,pre_allocation
24,4885,greenran_normal,0,0,65535_65535,0,5,88600,186,1,1,1,25,186,28,1,1,allocated
24,4885,greenran_normal,0,0,65535_65535,0,4,89525,131,1,1,0,25,0,22,1,1,pre_allocation
24,4885,greenran_normal,0,0,65535_65535,0,4,89525,136,1,1,1,26,136,22,1,1,allocated
24,4885,greenran_normal,0,0,65535_65535,0,2,88610,186,1,1,0,25,0,28,1,1,pre_allocation
24,4885,greenran_normal,0,0,65535_65535,0,2,88610,194,1,1,1,26,194,28,1,1,allocated
24,4885,greenran_normal,0,0,65535_65535,0,1,88606,186,1,1,0,25,0,28,1,1,pre_allocation
24,4885,greenran_normal,0,0,65535_65535,0,1,88606,194,1,1,1,26,194,28,1,1,allocated
24,4885,greenran_normal,0,0,65535_65535,0,3,88604,186,1,1,0,25,0,28,1,1,pre_allocation
24,4885,greenran_normal,0,0,65535_65535,0,3,88604,194,1,1,1,26,194,28,1,1,allocated
24,4885,greenran_normal,0,0,65535_65535,0,5,88600,186,1,1,0,25,0,28,1,1,pre_allocation
24,4885,greenran_normal,0,0,65535_65535,0,5,88600,194,1,1,1,26,194,28,1,1,allocated
24,4885,greenran_normal,0,0,65535_65535,0,4,89525,136,1,1,0,26,0,22,1,1,pre_allocation
24,4885,greenran_normal,0,0,65535_65535,0,4,89525,141,1,1,1,27,141,22,1,1,allocated
24,4885,greenran_normal,0,0,65535_65535,0,2,88610,194,1,1,0,26,0,28,1,1,pre_allocation
24,4885,greenran_normal,0,0,65535_65535,0,2,88610,201,1,1,1,27,201,28,1,1,allocated
24,4885,greenran_normal,0,0,65535_65535,0,1,88606,194,1,1,0,26,0,28,1,1,pre_allocation
24,4885,greenran_normal,0,0,65535_65535,0,1,88606,201,1,1,1,27,201,28,1,1,allocated
24,4885,greenran_normal,0,0,65535_65535,0,3,88604,194,1,1,0,26,0,28,1,1,pre_allocation
24,4885,greenran_normal,0,0,65535_65535,0,3,88604,201,1,1,1,27,201,28,1,1,allocated
24,4885,greenran_normal,0,0,65535_65535,0,5,88600,194,1,1,0,26,0,28,1,1,pre_allocation
24,4885,greenran_normal,0,0,65535_65535,0,5,88600,201,1,1,1,27,201,28,1,1,allocated
24,4885,greenran_normal,0,0,65535_65535,0,4,89525,141,1,1,0,27,0,22,1,1,pre_allocation
24,4885,greenran_normal,0,0,65535_65535,0,4,89525,147,1,1,1,28,147,22,1,1,allocated
24,4885,greenran_normal,0,0,65535_65535,0,2,88610,201,1,1,0,27,0,28,1,1,pre_allocation
24,4885,greenran_normal,0,0,65535_65535,0,2,88610,209,1,1,1,28,209,28,1,1,allocated
24,4885,greenran_normal,0,0,65535_65535,0,1,88606,201,1,1,0,27,0,28,1,1,pre_allocation
24,4885,greenran_normal,0,0,65535_65535,0,1,88606,209,1,1,1,28,209,28,1,1,allocated
24,4885,greenran_normal,0,0,65535_65535,0,3,88604,201,1,1,0,27,0,28,1,1,pre_allocation
24,4885,greenran_normal,0,0,65535_65535,0,3,88604,209,1,1,1,28,209,28,1,1,allocated
24,4885,greenran_normal,0,0,65535_65535,0,5,88600,201,1,1,0,27,0,28,1,1,pre_allocation
24,4885,greenran_normal,0,0,65535_65535,0,5,88600,209,1,1,1,28,209,28,1,1,allocated
24,4885,greenran_normal,0,0,65535_65535,0,4,89525,147,1,1,0,28,0,22,1,1,pre_allocation
24,4885,greenran_normal,0,0,65535_65535,0,4,89525,152,1,1,1,29,152,22,1,1,allocated
24,4885,greenran_normal,0,0,65535_65535,0,2,88610,209,1,1,0,28,0,28,1,1,pre_allocation
24,4885,greenran_normal,0,0,65535_65535,0,2,88610,217,1,1,1,29,217,28,1,1,allocated
24,4885,greenran_normal,0,0,65535_65535,0,1,88606,209,1,1,0,28,0,28,1,1,pre_allocation
24,4885,greenran_normal,0,0,65535_65535,0,1,88606,217,1,1,1,29,217,28,1,1,allocated
24,4885,greenran_normal,0,0,65535_65535,0,3,88604,209,1,1,0,28,0,28,1,1,pre_allocation
24,4885,greenran_normal,0,0,65535_65535,0,3,88604,217,1,1,1,29,217,28,1,1,allocated
24,4885,greenran_normal,0,0,65535_65535,0,5,88600,209,1,1,0,28,0,28,1,1,pre_allocation
24,4885,greenran_normal,0,0,65535_65535,0,5,88600,217,1,1,1,29,217,28,1,1,allocated
24,4885,greenran_normal,0,0,65535_65535,0,4,89525,152,1,1,0,29,0,22,1,1,pre_allocation
24,4885,greenran_normal,0,0,65535_65535,0,4,89525,157,1,1,1,30,157,22,1,1,allocated
24,4885,greenran_normal,0,0,65535_65535,0,2,88610,217,1,1,0,29,0,28,1,1,pre_allocation
24,4885,greenran_normal,0,0,65535_65535,0,2,88610,224,1,1,1,30,224,28,1,1,allocated
24,4885,greenran_normal,0,0,65535_65535,0,1,88606,217,1,1,0,29,0,28,1,1,pre_allocation
24,4885,greenran_normal,0,0,65535_65535,0,1,88606,224,1,1,1,30,224,28,1,1,allocated
24,4885,greenran_normal,0,0,65535_65535,0,3,88604,217,1,1,0,29,0,28,1,1,pre_allocation
24,4885,greenran_normal,0,0,65535_65535,0,3,88604,224,1,1,1,30,224,28,1,1,allocated
24,4885,greenran_normal,0,0,65535_65535,0,5,88600,217,1,1,0,29,0,28,1,1,pre_allocation
24,4885,greenran_normal,0,0,65535_65535,0,5,88600,224,1,1,1,30,224,28,1,1,allocated
24,4885,greenran_normal,0,0,65535_65535,0,4,89525,157,1,1,0,30,0,22,1,1,pre_allocation
24,4885,greenran_normal,0,0,65535_65535,0,4,89525,163,1,1,1,31,163,22,1,1,allocated
24,4885,greenran_normal,0,0,65535_65535,0,2,88610,224,1,1,0,30,0,28,1,1,pre_allocation
24,4885,greenran_normal,0,0,65535_65535,0,2,88610,232,1,1,1,31,232,28,1,1,allocated
24,4885,greenran_normal,0,0,65535_65535,0,1,88606,224,1,1,0,30,0,28,1,1,pre_allocation
24,4885,greenran_normal,0,0,65535_65535,0,1,88606,232,1,1,1,31,232,28,1,1,allocated
24,4885,greenran_normal,0,0,65535_65535,0,3,88604,224,1,1,0,30,0,28,1,1,pre_allocation
24,4885,greenran_normal,0,0,65535_65535,0,3,88604,232,1,1,1,31,232,28,1,1,allocated
24,4885,greenran_normal,0,0,65535_65535,0,5,88600,224,1,1,0,30,0,28,1,1,pre_allocation
24,4885,greenran_normal,0,0,65535_65535,0,5,88600,232,1,1,1,31,232,28,1,1,allocated
24,4885,greenran_normal,0,0,65535_65535,0,4,89525,163,1,1,0,31,0,22,1,1,pre_allocation
24,4885,greenran_normal,0,0,65535_65535,0,4,89525,168,1,1,1,32,168,22,1,1,allocated
24,4885,greenran_normal,0,0,65535_65535,0,2,88610,232,1,1,0,31,0,28,1,1,pre_allocation
24,4885,greenran_normal,0,0,65535_65535,0,2,88610,239,1,1,1,32,239,28,1,1,allocated
24,4885,greenran_normal,0,0,65535_65535,0,1,88606,232,1,1,0,31,0,28,1,1,pre_allocation
24,4885,greenran_normal,0,0,65535_65535,0,1,88606,239,1,1,1,32,239,28,1,1,allocated
24,4885,greenran_normal,0,0,65535_65535,0,3,88604,232,1,1,0,31,0,28,1,1,pre_allocation
24,4885,greenran_normal,0,0,65535_65535,0,3,88604,239,1,1,1,32,239,28,1,1,allocated
24,4885,greenran_normal,0,0,65535_65535,0,5,88600,232,1,1,0,31,0,28,1,1,pre_allocation
24,4885,greenran_normal,0,0,65535_65535,0,5,88600,239,1,1,1,32,239,28,1,1,allocated
24,4885,greenran_normal,0,0,65535_65535,0,4,89525,168,1,1,0,32,0,22,1,1,pre_allocation
24,4885,greenran_normal,0,0,65535_65535,0,4,89525,173,1,1,1,33,173,22,1,1,allocated
24,4885,greenran_normal,0,0,65535_65535,0,2,88610,239,1,1,0,32,0,28,1,1,pre_allocation
24,4885,greenran_normal,0,0,65535_65535,0,2,88610,247,1,1,1,33,247,28,1,1,allocated
24,4885,greenran_normal,0,0,65535_65535,0,1,88606,239,1,1,0,32,0,28,1,1,pre_allocation
24,4885,greenran_normal,0,0,65535_65535,0,1,88606,247,1,1,1,33,247,28,1,1,allocated
24,4885,greenran_normal,0,0,65535_65535,0,3,88604,239,1,1,0,32,0,28,1,1,pre_allocation
24,4885,greenran_normal,0,0,65535_65535,0,3,88604,247,1,1,1,33,247,28,1,1,allocated
24,4885,greenran_normal,0,0,65535_65535,0,5,88600,239,1,1,0,32,0,28,1,1,pre_allocation
24,4885,greenran_normal,0,0,65535_65535,0,5,88600,247,1,1,1,33,247,28,1,1,allocated
24,4885,greenran_normal,0,0,65535_65535,0,4,89525,173,1,1,0,33,0,22,1,1,pre_allocation
24,4885,greenran_normal,0,0,65535_65535,0,4,89525,179,1,1,1,34,179,22,1,1,allocated
24,4885,greenran_normal,0,0,65535_65535,0,2,88610,247,1,1,0,33,0,28,1,1,pre_allocation
24,4885,greenran_normal,0,0,65535_65535,0,2,88610,255,1,1,1,34,255,28,1,1,allocated
24,4885,greenran_normal,0,0,65535_65535,0,1,88606,247,1,1,0,33,0,28,1,1,pre_allocation
24,4885,greenran_normal,0,0,65535_65535,0,1,88606,255,1,1,1,34,255,28,1,1,allocated
24,4885,greenran_normal,0,0,65535_65535,0,3,88604,247,1,1,0,33,0,28,1,1,pre_allocation
24,4885,greenran_normal,0,0,65535_65535,0,3,88604,255,1,1,1,34,255,28,1,1,allocated
24,4885,greenran_normal,0,0,65535_65535,0,5,88600,247,1,1,0,33,0,28,1,1,pre_allocation
24,4885,greenran_normal,0,0,65535_65535,0,5,88600,255,1,1,1,34,255,28,1,1,allocated
24,4885,greenran_normal,0,0,65535_65535,0,4,89525,179,1,1,0,34,0,22,1,1,pre_allocation
24,4885,greenran_normal,0,0,65535_65535,0,4,89525,184,1,1,1,35,184,22,1,1,allocated
24,4885,greenran_normal,0,0,65535_65535,0,2,88610,255,1,1,0,34,0,28,1,1,pre_allocation
24,4885,greenran_normal,0,0,65535_65535,0,2,88610,262,1,1,1,35,262,28,1,1,allocated
24,4885,greenran_normal,0,0,65535_65535,0,1,88606,255,1,1,0,34,0,28,1,1,pre_allocation
24,4885,greenran_normal,0,0,65535_65535,0,1,88606,262,1,1,1,35,262,28,1,1,allocated
24,4885,greenran_normal,0,0,65535_65535,0,3,88604,255,1,1,0,34,0,28,1,1,pre_allocation
24,4885,greenran_normal,0,0,65535_65535,0,3,88604,262,1,1,1,35,262,28,1,1,allocated
24,4885,greenran_normal,0,0,65535_65535,0,5,88600,255,1,1,0,34,0,28,1,1,pre_allocation
24,4885,greenran_normal,0,0,65535_65535,0,5,88600,262,1,1,1,35,262,28,1,1,allocated
24,4885,greenran_normal,0,0,65535_65535,0,4,89525,184,1,1,0,35,0,22,1,1,pre_allocation
24,4885,greenran_normal,0,0,65535_65535,0,4,89525,190,1,1,1,36,190,22,1,1,allocated
24,4885,greenran_normal,0,0,65535_65535,0,2,88610,262,1,1,0,35,0,28,1,1,pre_allocation
24,4885,greenran_normal,0,0,65535_65535,0,2,88610,270,1,1,1,36,270,28,1,1,allocated
24,4885,greenran_normal,0,0,65535_65535,0,1,88606,262,1,1,0,35,0,28,1,1,pre_allocation
24,4885,greenran_normal,0,0,65535_65535,0,1,88606,270,1,1,1,36,270,28,1,1,allocated
24,4885,greenran_normal,0,0,65535_65535,0,3,88604,262,1,1,0,35,0,28,1,1,pre_allocation
24,4885,greenran_normal,0,0,65535_65535,0,3,88604,270,1,1,1,36,270,28,1,1,allocated
24,4885,greenran_normal,0,0,65535_65535,0,5,88600,262,1,1,0,35,0,28,1,1,pre_allocation
24,4885,greenran_normal,0,0,65535_65535,0,5,88600,270,1,1,1,36,270,28,1,1,allocated
24,4885,greenran_normal,0,0,65535_65535,0,4,89525,190,1,1,0,36,0,22,1,1,pre_allocation
24,4885,greenran_normal,0,0,65535_65535,0,4,89525,195,1,1,1,37,195,22,1,1,allocated
24,4885,greenran_normal,0,0,65535_65535,0,2,88610,270,1,1,0,36,0,28,1,1,pre_allocation
24,4885,greenran_normal,0,0,65535_65535,0,2,88610,277,1,1,1,37,277,28,1,1,allocated
24,4885,greenran_normal,0,0,65535_65535,0,1,88606,270,1,1,0,36,0,28,1,1,pre_allocation
24,4885,greenran_normal,0,0,65535_65535,0,1,88606,277,1,1,1,37,277,28,1,1,allocated
24,4885,greenran_normal,0,0,65535_65535,0,3,88604,270,1,1,0,36,0,28,1,1,pre_allocation
24,4885,greenran_normal,0,0,65535_65535,0,3,88604,277,1,1,1,37,277,28,1,1,allocated
24,4885,greenran_normal,0,0,65535_65535,0,5,88600,270,1,1,0,36,0,28,1,1,pre_allocation
24,4885,greenran_normal,0,0,65535_65535,0,5,88600,277,1,1,1,37,277,28,1,1,allocated
24,4885,greenran_normal,0,0,65535_65535,2,38,2800933,0,1,1,0,0,0,15,1,1,pre_allocation
24,4885,greenran_normal,0,0,65535_65535,2,38,2800933,2,1,1,1,1,2,15,1,1,allocated
24,4885,greenran_normal,0,0,65535_65535,2,60,2800762,0,1,1,0,0,0,12,1,1,pre_allocation
24,4885,greenran_normal,0,0,65535_65535,2,60,2800762,2,1,1,1,1,2,12,1,1,allocated
24,4885,greenran_normal,0,0,65535_65535,2,64,2800636,0,1,1,0,0,0,16,1,1,pre_allocation
24,4885,greenran_normal,0,0,65535_65535,2,64,2800636,0,1,1,1,1,0,16,1,1,allocated
24,4885,greenran_normal,0,0,65535_65535,2,43,2800467,0,1,1,0,0,0,18,1,1,pre_allocation
24,4885,greenran_normal,0,0,65535_65535,2,43,2800467,0,1,1,1,1,0,18,1,1,allocated
24,4885,greenran_normal,0,0,65535_65535,2,42,2800156,0,1,1,0,0,0,24,1,1,pre_allocation
24,4885,greenran_normal,0,0,65535_65535,2,42,2800156,3,1,1,1,1,3,24,1,1,allocated
24,4885,greenran_normal,0,0,65535_65535,2,59,2799995,0,1,1,0,0,0,22,1,1,pre_allocation
24,4885,greenran_normal,0,0,65535_65535,2,59,2799995,2,1,1,1,1,2,22,1,1,allocated
24,4885,greenran_normal,0,0,65535_65535,2,36,2799982,0,1,1,0,0,0,26,1,1,pre_allocation
24,4885,greenran_normal,0,0,65535_65535,2,36,2799982,4,1,1,1,1,4,26,1,1,allocated
24,4885,greenran_normal,0,0,65535_65535,2,58,2800009,0,1,1,0,0,0,26,1,1,pre_allocation
24,4885,greenran_normal,0,0,65535_65535,2,58,2800009,4,1,1,1,1,4,26,1,1,allocated
24,4885,greenran_normal,0,0,65535_65535,2,62,2799924,0,1,1,0,0,0,28,1,1,pre_allocation
24,4885,greenran_normal,0,0,65535_65535,2,62,2799924,4,1,1,1,1,4,28,1,1,allocated
24,4885,greenran_normal,0,0,65535_65535,2,61,2799924,0,1,1,0,0,0,28,1,1,pre_allocation
24,4885,greenran_normal,0,0,65535_65535,2,61,2799924,4,1,1,1,1,4,28,1,1,allocated
24,4885,greenran_normal,0,0,65535_65535,2,63,2799922,0,1,1,0,0,0,28,1,1,pre_allocation
24,4885,greenran_normal,0,0,65535_65535,2,63,2799922,4,1,1,1,1,4,28,1,1,allocated
24,4885,greenran_normal,0,0,65535_65535,2,37,2799921,0,1,1,0,0,0,28,1,1,pre_allocation
24,4885,greenran_normal,0,0,65535_65535,2,37,2799921,4,1,1,1,1,4,28,1,1,allocated
24,4885,greenran_normal,0,0,65535_65535,2,35,2799918,0,1,1,0,0,0,28,1,1,pre_allocation
24,4885,greenran_normal,0,0,65535_65535,2,35,2799918,4,1,1,1,1,4,28,1,1,allocated
24,4885,greenran_normal,0,0,65535_65535,2,44,2799918,0,1,1,0,0,0,28,1,1,pre_allocation
24,4885,greenran_normal,0,0,65535_65535,2,44,2799918,4,1,1,1,1,4,28,1,1,allocated
24,4885,greenran_normal,0,0,65535_65535,2,55,2799918,0,1,1,0,0,0,28,1,1,pre_allocation
24,4885,greenran_normal,0,0,65535_65535,2,55,2799918,4,1,1,1,1,4,28,1,1,allocated
24,4885,greenran_normal,0,0,65535_65535,2,56,2799918,0,1,1,0,0,0,28,1,1,pre_allocation
24,4885,greenran_normal,0,0,65535_65535,2,56,2799918,4,1,1,1,1,4,28,1,1,allocated
24,4885,greenran_normal,0,0,65535_65535,2,57,2799918,0,1,1,0,0,0,28,1,1,pre_allocation
24,4885,greenran_normal,0,0,65535_65535,2,57,2799918,4,1,1,1,1,4,28,1,1,allocated
24,4885,greenran_normal,0,0,65535_65535,2,39,2799920,0,1,1,0,0,0,28,1,1,pre_allocation
24,4885,greenran_normal,0,0,65535_65535,2,39,2799920,4,1,1,1,1,4,28,1,1,allocated
24,4885,greenran_normal,0,0,65535_65535,2,40,2799920,0,1,1,0,0,0,28,1,1,pre_allocation
24,4885,greenran_normal,0,0,65535_65535,2,40,2799920,4,1,1,1,1,4,28,1,1,allocated
24,4885,greenran_normal,0,0,65535_65535,2,41,2799920,0,1,1,0,0,0,28,1,1,pre_allocation
24,4885,greenran_normal,0,0,65535_65535,2,41,2799920,4,1,1,1,1,4,28,1,1,allocated
24,4885,greenran_normal,0,0,65535_65535,2,38,2800933,2,1,1,0,1,0,15,1,1,pre_allocation
24,4885,greenran_normal,0,0,65535_65535,2,38,2800933,2,1,1,1,2,2,15,1,1,allocated
24,4885,greenran_normal,0,0,65535_65535,2,60,2800762,2,1,1,0,1,0,12,1,1,pre_allocation
24,4885,greenran_normal,0,0,65535_65535,2,60,2800762,1,1,1,1,2,1,12,1,1,allocated
24,4885,greenran_normal,0,0,65535_65535,2,64,2800636,0,1,1,0,1,0,16,1,1,pre_allocation
24,4885,greenran_normal,0,0,65535_65535,2,64,2800636,3,1,1,1,2,3,16,1,1,allocated
24,4885,greenran_normal,0,0,65535_65535,2,43,2800467,0,1,1,0,1,0,18,1,1,pre_allocation
24,4885,greenran_normal,0,0,65535_65535,2,43,2800467,4,1,1,1,2,4,18,1,1,allocated
24,4885,greenran_normal,0,0,65535_65535,2,42,2800156,3,1,1,0,1,0,24,1,1,pre_allocation
24,4885,greenran_normal,0,0,65535_65535,2,42,2800156,9,1,1,1,2,9,24,1,1,allocated
24,4885,greenran_normal,0,0,65535_65535,2,59,2799995,2,1,1,0,1,0,22,1,1,pre_allocation
24,4885,greenran_normal,0,0,65535_65535,2,59,2799995,7,1,1,1,2,7,22,1,1,allocated
24,4885,greenran_normal,0,0,65535_65535,2,36,2799982,4,1,1,0,1,0,26,1,1,pre_allocation
24,4885,greenran_normal,0,0,65535_65535,2,36,2799982,11,1,1,1,2,11,26,1,1,allocated
24,4885,greenran_normal,0,0,65535_65535,2,58,2800009,4,1,1,0,1,0,26,1,1,pre_allocation
24,4885,greenran_normal,0,0,65535_65535,2,58,2800009,11,1,1,1,2,11,26,1,1,allocated
24,4885,greenran_normal,0,0,65535_65535,2,62,2799924,4,1,1,0,1,0,28,1,1,pre_allocation
24,4885,greenran_normal,0,0,65535_65535,2,62,2799924,12,1,1,1,2,12,28,1,1,allocated
24,4885,greenran_normal,0,0,65535_65535,2,61,2799924,4,1,1,0,1,0,28,1,1,pre_allocation
24,4885,greenran_normal,0,0,65535_65535,2,61,2799924,12,1,1,1,2,12,28,1,1,allocated
24,4885,greenran_normal,0,0,65535_65535,2,63,2799922,4,1,1,0,1,0,28,1,1,pre_allocation
24,4885,greenran_normal,0,0,65535_65535,2,63,2799922,12,1,1,1,2,12,28,1,1,allocated
24,4885,greenran_normal,0,0,65535_65535,2,37,2799921,4,1,1,0,1,0,28,1,1,pre_allocation
24,4885,greenran_normal,0,0,65535_65535,2,37,2799921,12,1,1,1,2,12,28,1,1,allocated
24,4885,greenran_normal,0,0,65535_65535,2,35,2799918,4,1,1,0,1,0,28,1,1,pre_allocation
24,4885,greenran_normal,0,0,65535_65535,2,35,2799918,12,1,1,1,2,12,28,1,1,allocated
24,4885,greenran_normal,0,0,65535_65535,2,44,2799918,4,1,1,0,1,0,28,1,1,pre_allocation
24,4885,greenran_normal,0,0,65535_65535,2,44,2799918,12,1,1,1,2,12,28,1,1,allocated
24,4885,greenran_normal,0,0,65535_65535,2,55,2799918,4,1,1,0,1,0,28,1,1,pre_allocation
24,4885,greenran_normal,0,0,65535_65535,2,55,2799918,12,1,1,1,2,12,28,1,1,allocated
24,4885,greenran_normal,0,0,65535_65535,2,56,2799918,4,1,1,0,1,0,28,1,1,pre_allocation
24,4885,greenran_normal,0,0,65535_65535,2,56,2799918,12,1,1,1,2,12,28,1,1,allocated
24,4885,greenran_normal,0,0,65535_65535,2,57,2799918,4,1,1,0,1,0,28,1,1,pre_allocation
24,4885,greenran_normal,0,0,65535_65535,2,57,2799918,12,1,1,1,2,12,28,1,1,allocated
24,4885,greenran_normal,0,0,65535_65535,2,39,2799920,4,1,1,0,1,0,28,1,1,pre_allocation
24,4885,greenran_normal,0,0,65535_65535,2,39,2799920,12,1,1,1,2,12,28,1,1,allocated
24,4885,greenran_normal,0,0,65535_65535,2,40,2799920,4,1,1,0,1,0,28,1,1,pre_allocation
24,4885,greenran_normal,0,0,65535_65535,2,40,2799920,12,1,1,1,2,12,28,1,1,allocated
24,4885,greenran_normal,0,0,65535_65535,2,41,2799920,4,1,1,0,1,0,28,1,1,pre_allocation
24,4885,greenran_normal,0,0,65535_65535,2,41,2799920,12,1,1,1,2,12,28,1,1,allocated
24,4885,greenran_normal,0,0,65535_65535,2,38,2800933,2,1,1,0,2,0,15,1,1,pre_allocation
24,4885,greenran_normal,0,0,65535_65535,2,38,2800933,5,1,1,1,3,5,15,1,1,allocated
24,4885,greenran_normal,0,0,65535_65535,2,60,2800762,1,1,1,0,2,0,12,1,1,pre_allocation
24,4885,greenran_normal,0,0,65535_65535,2,60,2800762,3,1,1,1,3,3,12,1,1,allocated
24,4885,greenran_normal,0,0,65535_65535,2,64,2800636,3,1,1,0,2,0,16,1,1,pre_allocation
24,4885,greenran_normal,0,0,65535_65535,2,64,2800636,6,1,1,1,3,6,16,1,1,allocated
24,4885,greenran_normal,0,0,65535_65535,2,43,2800467,4,1,1,0,2,0,18,1,1,pre_allocation
24,4885,greenran_normal,0,0,65535_65535,2,43,2800467,8,1,1,1,3,8,18,1,1,allocated
24,4885,greenran_normal,0,0,65535_65535,2,42,2800156,9,1,1,0,2,0,24,1,1,pre_allocation
24,4885,greenran_normal,0,0,65535_65535,2,42,2800156,15,1,1,1,3,15,24,1,1,allocated
24,4885,greenran_normal,0,0,65535_65535,2,59,2799995,7,1,1,0,2,0,22,1,1,pre_allocation
24,4885,greenran_normal,0,0,65535_65535,2,59,2799995,13,1,1,1,3,13,22,1,1,allocated
24,4885,greenran_normal,0,0,65535_65535,2,36,2799982,11,1,1,0,2,0,26,1,1,pre_allocation
24,4885,greenran_normal,0,0,65535_65535,2,36,2799982,18,1,1,1,3,18,26,1,1,allocated
24,4885,greenran_normal,0,0,65535_65535,2,58,2800009,11,1,1,0,2,0,26,1,1,pre_allocation
24,4885,greenran_normal,0,0,65535_65535,2,58,2800009,18,1,1,1,3,18,26,1,1,allocated
24,4885,greenran_normal,0,0,65535_65535,2,62,2799924,12,1,1,0,2,0,28,1,1,pre_allocation
24,4885,greenran_normal,0,0,65535_65535,2,62,2799924,19,1,1,1,3,19,28,1,1,allocated
24,4885,greenran_normal,0,0,65535_65535,2,61,2799924,12,1,1,0,2,0,28,1,1,pre_allocation
24,4885,greenran_normal,0,0,65535_65535,2,61,2799924,19,1,1,1,3,19,28,1,1,allocated
24,4885,greenran_normal,0,0,65535_65535,2,63,2799922,12,1,1,0,2,0,28,1,1,pre_allocation
24,4885,greenran_normal,0,0,65535_65535,2,63,2799922,19,1,1,1,3,19,28,1,1,allocated
24,4885,greenran_normal,0,0,65535_65535,2,37,2799921,12,1,1,0,2,0,28,1,1,pre_allocation
24,4885,greenran_normal,0,0,65535_65535,2,37,2799921,19,1,1,1,3,19,28,1,1,allocated
24,4885,greenran_normal,0,0,65535_65535,2,35,2799918,12,1,1,0,2,0,28,1,1,pre_allocation
24,4885,greenran_normal,0,0,65535_65535,2,35,2799918,19,1,1,1,3,19,28,1,1,allocated
24,4885,greenran_normal,0,0,65535_65535,2,44,2799918,12,1,1,0,2,0,28,1,1,pre_allocation
24,4885,greenran_normal,0,0,65535_65535,2,44,2799918,19,1,1,1,3,19,28,1,1,allocated
24,4885,greenran_normal,0,0,65535_65535,2,55,2799918,12,1,1,0,2,0,28,1,1,pre_allocation
24,4885,greenran_normal,0,0,65535_65535,2,55,2799918,19,1,1,1,3,19,28,1,1,allocated
24,4885,greenran_normal,0,0,65535_65535,2,56,2799918,12,1,1,0,2,0,28,1,1,pre_allocation
24,4885,greenran_normal,0,0,65535_65535,2,56,2799918,19,1,1,1,3,19,28,1,1,allocated
24,4885,greenran_normal,0,0,65535_65535,2,57,2799918,12,1,1,0,2,0,28,1,1,pre_allocation
24,4885,greenran_normal,0,0,65535_65535,2,57,2799918,19,1,1,1,3,19,28,1,1,allocated
24,4885,greenran_normal,0,0,65535_65535,2,39,2799920,12,1,1,0,2,0,28,1,1,pre_allocation
24,4885,greenran_normal,0,0,65535_65535,2,39,2799920,19,1,1,1,3,19,28,1,1,allocated
24,4885,greenran_normal,0,0,65535_65535,2,40,2799920,12,1,1,0,2,0,28,1,1,pre_allocation
24,4885,greenran_normal,0,0,65535_65535,2,40,2799920,19,1,1,1,3,19,28,1,1,allocated
24,4885,greenran_normal,0,0,65535_65535,2,41,2799920,12,1,1,0,2,0,28,1,1,pre_allocation
24,4885,greenran_normal,0,0,65535_65535,2,41,2799920,19,1,1,1,3,19,28,1,1,allocated
24,4885,greenran_normal,0,0,65535_65535,2,38,2800933,5,1,1,0,3,0,15,1,1,pre_allocation
24,4885,greenran_normal,0,0,65535_65535,2,38,2800933,8,1,1,1,4,8,15,1,1,allocated
24,4885,greenran_normal,0,0,65535_65535,2,60,2800762,3,1,1,0,3,0,12,1,1,pre_allocation
24,4885,greenran_normal,0,0,65535_65535,2,60,2800762,5,1,1,1,4,5,12,1,1,allocated
24,4885,greenran_normal,0,0,65535_65535,2,64,2800636,6,1,1,0,3,0,16,1,1,pre_allocation
24,4885,greenran_normal,0,0,65535_65535,2,64,2800636,10,1,1,1,4,10,16,1,1,allocated
24,4885,greenran_normal,0,0,65535_65535,2,43,2800467,8,1,1,0,3,0,18,1,1,pre_allocation
24,4885,greenran_normal,0,0,65535_65535,2,43,2800467,11,1,1,1,4,11,18,1,1,allocated
24,4885,greenran_normal,0,0,65535_65535,2,42,2800156,15,1,1,0,3,0,24,1,1,pre_allocation
24,4885,greenran_normal,0,0,65535_65535,2,42,2800156,21,1,1,1,4,21,24,1,1,allocated
24,4885,greenran_normal,0,0,65535_65535,2,59,2799995,13,1,1,0,3,0,22,1,1,pre_allocation
24,4885,greenran_normal,0,0,65535_65535,2,59,2799995,18,1,1,1,4,18,22,1,1,allocated
24,4885,greenran_normal,0,0,65535_65535,2,36,2799982,18,1,1,0,3,0,26,1,1,pre_allocation
24,4885,greenran_normal,0,0,65535_65535,2,36,2799982,25,1,1,1,4,25,26,1,1,allocated
24,4885,greenran_normal,0,0,65535_65535,2,58,2800009,18,1,1,0,3,0,26,1,1,pre_allocation
24,4885,greenran_normal,0,0,65535_65535,2,58,2800009,25,1,1,1,4,25,26,1,1,allocated
24,4885,greenran_normal,0,0,65535_65535,2,62,2799924,19,1,1,0,3,0,28,1,1,pre_allocation
24,4885,greenran_normal,0,0,65535_65535,2,62,2799924,27,1,1,1,4,27,28,1,1,allocated
24,4885,greenran_normal,0,0,65535_65535,2,61,2799924,19,1,1,0,3,0,28,1,1,pre_allocation
24,4885,greenran_normal,0,0,65535_65535,2,61,2799924,27,1,1,1,4,27,28,1,1,allocated
24,4885,greenran_normal,0,0,65535_65535,2,63,2799922,19,1,1,0,3,0,28,1,1,pre_allocation
24,4885,greenran_normal,0,0,65535_65535,2,63,2799922,27,1,1,1,4,27,28,1,1,allocated
24,4885,greenran_normal,0,0,65535_65535,2,37,2799921,19,1,1,0,3,0,28,1,1,pre_allocation
24,4885,greenran_normal,0,0,65535_65535,2,37,2799921,27,1,1,1,4,27,28,1,1,allocated
24,4885,greenran_normal,0,0,65535_65535,2,35,2799918,19,1,1,0,3,0,28,1,1,pre_allocation
24,4885,greenran_normal,0,0,65535_65535,2,35,2799918,27,1,1,1,4,27,28,1,1,allocated
24,4885,greenran_normal,0,0,65535_65535,2,44,2799918,19,1,1,0,3,0,28,1,1,pre_allocation
24,4885,greenran_normal,0,0,65535_65535,2,44,2799918,27,1,1,1,4,27,28,1,1,allocated
24,4885,greenran_normal,0,0,65535_65535,2,55,2799918,19,1,1,0,3,0,28,1,1,pre_allocation
24,4885,greenran_normal,0,0,65535_65535,2,55,2799918,27,1,1,1,4,27,28,1,1,allocated
24,4885,greenran_normal,0,0,65535_65535,2,56,2799918,19,1,1,0,3,0,28,1,1,pre_allocation
24,4885,greenran_normal,0,0,65535_65535,2,56,2799918,27,1,1,1,4,27,28,1,1,allocated
24,4885,greenran_normal,0,0,65535_65535,2,57,2799918,19,1,1,0,3,0,28,1,1,pre_allocation
24,4885,greenran_normal,0,0,65535_65535,2,57,2799918,27,1,1,1,4,27,28,1,1,allocated
24,4885,greenran_normal,0,0,65535_65535,2,39,2799920,19,1,1,0,3,0,28,1,1,pre_allocation
24,4885,greenran_normal,0,0,65535_65535,2,39,2799920,27,1,1,1,4,27,28,1,1,allocated
24,4885,greenran_normal,0,0,65535_65535,2,40,2799920,19,1,1,0,3,0,28,1,1,pre_allocation
24,4885,greenran_normal,0,0,65535_65535,2,40,2799920,27,1,1,1,4,27,28,1,1,allocated
24,4885,greenran_normal,0,0,65535_65535,2,41,2799920,19,1,1,0,3,0,28,1,1,pre_allocation
24,4885,greenran_normal,0,0,65535_65535,2,41,2799920,27,1,1,1,4,27,28,1,1,allocated
24,4885,greenran_normal,0,0,65535_65535,2,38,2800933,8,1,1,0,4,0,15,1,1,pre_allocation
24,4885,greenran_normal,0,0,65535_65535,2,38,2800933,11,1,1,1,5,11,15,1,1,allocated
26,4996,greenran_normal,0,0,65535_65535,0,4,91611,0,1,1,0,0,0,22,1,1,pre_allocation
26,4996,greenran_normal,0,0,65535_65535,0,4,91611,2,1,1,1,1,2,22,1,1,allocated
26,4996,greenran_normal,0,0,65535_65535,0,3,90571,0,1,1,0,0,0,28,1,1,pre_allocation
26,4996,greenran_normal,0,0,65535_65535,0,3,90571,4,1,1,1,1,4,28,1,1,allocated
26,4996,greenran_normal,0,0,65535_65535,0,2,90570,0,1,1,0,0,0,28,1,1,pre_allocation
26,4996,greenran_normal,0,0,65535_65535,0,2,90570,4,1,1,1,1,4,28,1,1,allocated
26,4996,greenran_normal,0,0,65535_65535,0,5,90567,0,1,1,0,0,0,28,1,1,pre_allocation
26,4996,greenran_normal,0,0,65535_65535,0,5,90567,4,1,1,1,1,4,28,1,1,allocated
26,4996,greenran_normal,0,0,65535_65535,0,1,90566,0,1,1,0,0,0,28,1,1,pre_allocation
26,4996,greenran_normal,0,0,65535_65535,0,1,90566,4,1,1,1,1,4,28,1,1,allocated
26,4996,greenran_normal,0,0,65535_65535,0,4,91611,2,1,1,0,1,0,22,1,1,pre_allocation
26,4996,greenran_normal,0,0,65535_65535,0,4,91611,7,1,1,1,2,7,22,1,1,allocated
26,4996,greenran_normal,0,0,65535_65535,0,3,90571,4,1,1,0,1,0,28,1,1,pre_allocation
26,4996,greenran_normal,0,0,65535_65535,0,3,90571,12,1,1,1,2,12,28,1,1,allocated
26,4996,greenran_normal,0,0,65535_65535,0,2,90570,4,1,1,0,1,0,28,1,1,pre_allocation
26,4996,greenran_normal,0,0,65535_65535,0,2,90570,12,1,1,1,2,12,28,1,1,allocated
26,4996,greenran_normal,0,0,65535_65535,0,5,90567,4,1,1,0,1,0,28,1,1,pre_allocation
26,4996,greenran_normal,0,0,65535_65535,0,5,90567,12,1,1,1,2,12,28,1,1,allocated
26,4996,greenran_normal,0,0,65535_65535,0,1,90566,4,1,1,0,1,0,28,1,1,pre_allocation
26,4996,greenran_normal,0,0,65535_65535,0,1,90566,12,1,1,1,2,12,28,1,1,allocated
26,4996,greenran_normal,0,0,65535_65535,0,4,91611,7,1,1,0,2,0,22,1,1,pre_allocation
26,4996,greenran_normal,0,0,65535_65535,0,4,91611,13,1,1,1,3,13,22,1,1,allocated
26,4996,greenran_normal,0,0,65535_65535,0,3,90571,12,1,1,0,2,0,28,1,1,pre_allocation
26,4996,greenran_normal,0,0,65535_65535,0,3,90571,19,1,1,1,3,19,28,1,1,allocated
26,4996,greenran_normal,0,0,65535_65535,0,2,90570,12,1,1,0,2,0,28,1,1,pre_allocation
26,4996,greenran_normal,0,0,65535_65535,0,2,90570,19,1,1,1,3,19,28,1,1,allocated
26,4996,greenran_normal,0,0,65535_65535,0,5,90567,12,1,1,0,2,0,28,1,1,pre_allocation
26,4996,greenran_normal,0,0,65535_65535,0,5,90567,19,1,1,1,3,19,28,1,1,allocated
26,4996,greenran_normal,0,0,65535_65535,0,1,90566,12,1,1,0,2,0,28,1,1,pre_allocation
26,4996,greenran_normal,0,0,65535_65535,0,1,90566,19,1,1,1,3,19,28,1,1,allocated
26,4996,greenran_normal,0,0,65535_65535,0,4,91611,13,1,1,0,3,0,22,1,1,pre_allocation
26,4996,greenran_normal,0,0,65535_65535,0,4,91611,18,1,1,1,4,18,22,1,1,allocated
26,4996,greenran_normal,0,0,65535_65535,0,3,90571,19,1,1,0,3,0,28,1,1,pre_allocation
26,4996,greenran_normal,0,0,65535_65535,0,3,90571,27,1,1,1,4,27,28,1,1,allocated
26,4996,greenran_normal,0,0,65535_65535,0,2,90570,19,1,1,0,3,0,28,1,1,pre_allocation
26,4996,greenran_normal,0,0,65535_65535,0,2,90570,27,1,1,1,4,27,28,1,1,allocated
26,4996,greenran_normal,0,0,65535_65535,0,5,90567,19,1,1,0,3,0,28,1,1,pre_allocation
26,4996,greenran_normal,0,0,65535_65535,0,5,90567,27,1,1,1,4,27,28,1,1,allocated
26,4996,greenran_normal,0,0,65535_65535,0,1,90566,19,1,1,0,3,0,28,1,1,pre_allocation
26,4996,greenran_normal,0,0,65535_65535,0,1,90566,27,1,1,1,4,27,28,1,1,allocated
26,4996,greenran_normal,0,0,65535_65535,0,4,91611,18,1,1,0,4,0,22,1,1,pre_allocation
26,4996,greenran_normal,0,0,65535_65535,0,4,91611,23,1,1,1,5,23,22,1,1,allocated
26,4996,greenran_normal,0,0,65535_65535,0,3,90571,27,1,1,0,4,0,28,1,1,pre_allocation
26,4996,greenran_normal,0,0,65535_65535,0,3,90571,34,1,1,1,5,34,28,1,1,allocated
26,4996,greenran_normal,0,0,65535_65535,0,2,90570,27,1,1,0,4,0,28,1,1,pre_allocation
26,4996,greenran_normal,0,0,65535_65535,0,2,90570,34,1,1,1,5,34,28,1,1,allocated
26,4996,greenran_normal,0,0,65535_65535,0,5,90567,27,1,1,0,4,0,28,1,1,pre_allocation
26,4996,greenran_normal,0,0,65535_65535,0,5,90567,34,1,1,1,5,34,28,1,1,allocated
26,4996,greenran_normal,0,0,65535_65535,0,1,90566,27,1,1,0,4,0,28,1,1,pre_allocation
26,4996,greenran_normal,0,0,65535_65535,0,1,90566,34,1,1,1,5,34,28,1,1,allocated
26,4996,greenran_normal,0,0,65535_65535,0,4,91611,23,1,1,0,5,0,22,1,1,pre_allocation
26,4996,greenran_normal,0,0,65535_65535,0,4,91611,29,1,1,1,6,29,22,1,1,allocated
26,4996,greenran_normal,0,0,65535_65535,0,3,90571,34,1,1,0,5,0,28,1,1,pre_allocation
26,4996,greenran_normal,0,0,65535_65535,0,3,90571,42,1,1,1,6,42,28,1,1,allocated
26,4996,greenran_normal,0,0,65535_65535,0,2,90570,34,1,1,0,5,0,28,1,1,pre_allocation
26,4996,greenran_normal,0,0,65535_65535,0,2,90570,42,1,1,1,6,42,28,1,1,allocated
26,4996,greenran_normal,0,0,65535_65535,0,5,90567,34,1,1,0,5,0,28,1,1,pre_allocation
26,4996,greenran_normal,0,0,65535_65535,0,5,90567,42,1,1,1,6,42,28,1,1,allocated
26,4996,greenran_normal,0,0,65535_65535,0,1,90566,34,1,1,0,5,0,28,1,1,pre_allocation
26,4996,greenran_normal,0,0,65535_65535,0,1,90566,42,1,1,1,6,42,28,1,1,allocated
26,4996,greenran_normal,0,0,65535_65535,0,4,91611,29,1,1,0,6,0,22,1,1,pre_allocation
26,4996,greenran_normal,0,0,65535_65535,0,4,91611,34,1,1,1,7,34,22,1,1,allocated
26,4996,greenran_normal,0,0,65535_65535,0,3,90571,42,1,1,0,6,0,28,1,1,pre_allocation
26,4996,greenran_normal,0,0,65535_65535,0,3,90571,50,1,1,1,7,50,28,1,1,allocated
26,4996,greenran_normal,0,0,65535_65535,0,2,90570,42,1,1,0,6,0,28,1,1,pre_allocation
26,4996,greenran_normal,0,0,65535_65535,0,2,90570,50,1,1,1,7,50,28,1,1,allocated
26,4996,greenran_normal,0,0,65535_65535,0,5,90567,42,1,1,0,6,0,28,1,1,pre_allocation
26,4996,greenran_normal,0,0,65535_65535,0,5,90567,50,1,1,1,7,50,28,1,1,allocated
26,4996,greenran_normal,0,0,65535_65535,0,1,90566,42,1,1,0,6,0,28,1,1,pre_allocation
26,4996,greenran_normal,0,0,65535_65535,0,1,90566,50,1,1,1,7,50,28,1,1,allocated
26,4996,greenran_normal,0,0,65535_65535,0,4,91611,34,1,1,0,7,0,22,1,1,pre_allocation
26,4996,greenran_normal,0,0,65535_65535,0,4,91611,39,1,1,1,8,39,22,1,1,allocated
26,4996,greenran_normal,0,0,65535_65535,0,3,90571,50,1,1,0,7,0,28,1,1,pre_allocation
26,4996,greenran_normal,0,0,65535_65535,0,3,90571,57,1,1,1,8,57,28,1,1,allocated
26,4996,greenran_normal,0,0,65535_65535,0,2,90570,50,1,1,0,7,0,28,1,1,pre_allocation
26,4996,greenran_normal,0,0,65535_65535,0,2,90570,57,1,1,1,8,57,28,1,1,allocated
26,4996,greenran_normal,0,0,65535_65535,0,5,90567,50,1,1,0,7,0,28,1,1,pre_allocation
26,4996,greenran_normal,0,0,65535_65535,0,5,90567,57,1,1,1,8,57,28,1,1,allocated
26,4996,greenran_normal,0,0,65535_65535,0,1,90566,50,1,1,0,7,0,28,1,1,pre_allocation
26,4996,greenran_normal,0,0,65535_65535,0,1,90566,57,1,1,1,8,57,28,1,1,allocated
26,4996,greenran_normal,0,0,65535_65535,0,4,91611,39,1,1,0,8,0,22,1,1,pre_allocation
26,4996,greenran_normal,0,0,65535_65535,0,4,91611,45,1,1,1,9,45,22,1,1,allocated
26,4996,greenran_normal,0,0,65535_65535,0,3,90571,57,1,1,0,8,0,28,1,1,pre_allocation
26,4996,greenran_normal,0,0,65535_65535,0,3,90571,65,1,1,1,9,65,28,1,1,allocated
26,4996,greenran_normal,0,0,65535_65535,0,2,90570,57,1,1,0,8,0,28,1,1,pre_allocation
26,4996,greenran_normal,0,0,65535_65535,0,2,90570,65,1,1,1,9,65,28,1,1,allocated
26,4996,greenran_normal,0,0,65535_65535,0,5,90567,57,1,1,0,8,0,28,1,1,pre_allocation
26,4996,greenran_normal,0,0,65535_65535,0,5,90567,65,1,1,1,9,65,28,1,1,allocated
26,4996,greenran_normal,0,0,65535_65535,0,1,90566,57,1,1,0,8,0,28,1,1,pre_allocation
26,4996,greenran_normal,0,0,65535_65535,0,1,90566,65,1,1,1,9,65,28,1,1,allocated
26,4996,greenran_normal,0,0,65535_65535,0,4,91611,45,1,1,0,9,0,22,1,1,pre_allocation
26,4996,greenran_normal,0,0,65535_65535,0,4,91611,50,1,1,1,10,50,22,1,1,allocated
26,4996,greenran_normal,0,0,65535_65535,0,3,90571,65,1,1,0,9,0,28,1,1,pre_allocation
26,4996,greenran_normal,0,0,65535_65535,0,3,90571,72,1,1,1,10,72,28,1,1,allocated
26,4996,greenran_normal,0,0,65535_65535,0,2,90570,65,1,1,0,9,0,28,1,1,pre_allocation
26,4996,greenran_normal,0,0,65535_65535,0,2,90570,72,1,1,1,10,72,28,1,1,allocated
26,4996,greenran_normal,0,0,65535_65535,0,5,90567,65,1,1,0,9,0,28,1,1,pre_allocation
26,4996,greenran_normal,0,0,65535_65535,0,5,90567,72,1,1,1,10,72,28,1,1,allocated
26,4996,greenran_normal,0,0,65535_65535,0,1,90566,65,1,1,0,9,0,28,1,1,pre_allocation
26,4996,greenran_normal,0,0,65535_65535,0,1,90566,72,1,1,1,10,72,28,1,1,allocated
26,4996,greenran_normal,0,0,65535_65535,0,4,91611,50,1,1,0,10,0,22,1,1,pre_allocation
26,4996,greenran_normal,0,0,65535_65535,0,4,91611,55,1,1,1,11,55,22,1,1,allocated
26,4996,greenran_normal,0,0,65535_65535,0,3,90571,72,1,1,0,10,0,28,1,1,pre_allocation
26,4996,greenran_normal,0,0,65535_65535,0,3,90571,80,1,1,1,11,80,28,1,1,allocated
26,4996,greenran_normal,0,0,65535_65535,0,2,90570,72,1,1,0,10,0,28,1,1,pre_allocation
26,4996,greenran_normal,0,0,65535_65535,0,2,90570,80,1,1,1,11,80,28,1,1,allocated
26,4996,greenran_normal,0,0,65535_65535,0,5,90567,72,1,1,0,10,0,28,1,1,pre_allocation
26,4996,greenran_normal,0,0,65535_65535,0,5,90567,80,1,1,1,11,80,28,1,1,allocated
26,4996,greenran_normal,0,0,65535_65535,0,1,90566,72,1,1,0,10,0,28,1,1,pre_allocation
26,4996,greenran_normal,0,0,65535_65535,0,1,90566,80,1,1,1,11,80,28,1,1,allocated
26,4996,greenran_normal,0,0,65535_65535,0,4,91611,55,1,1,0,11,0,22,1,1,pre_allocation
26,4996,greenran_normal,0,0,65535_65535,0,4,91611,61,1,1,1,12,61,22,1,1,allocated
26,4996,greenran_normal,0,0,65535_65535,0,3,90571,80,1,1,0,11,0,28,1,1,pre_allocation
26,4996,greenran_normal,0,0,65535_65535,0,3,90571,88,1,1,1,12,88,28,1,1,allocated
26,4996,greenran_normal,0,0,65535_65535,0,2,90570,80,1,1,0,11,0,28,1,1,pre_allocation
26,4996,greenran_normal,0,0,65535_65535,0,2,90570,88,1,1,1,12,88,28,1,1,allocated
26,4996,greenran_normal,0,0,65535_65535,0,5,90567,80,1,1,0,11,0,28,1,1,pre_allocation
26,4996,greenran_normal,0,0,65535_65535,0,5,90567,88,1,1,1,12,88,28,1,1,allocated
26,4996,greenran_normal,0,0,65535_65535,0,1,90566,80,1,1,0,11,0,28,1,1,pre_allocation
26,4996,greenran_normal,0,0,65535_65535,0,1,90566,88,1,1,1,12,88,28,1,1,allocated
26,4996,greenran_normal,0,0,65535_65535,0,4,91611,61,1,1,0,12,0,22,1,1,pre_allocation
26,4996,greenran_normal,0,0,65535_65535,0,4,91611,66,1,1,1,13,66,22,1,1,allocated
26,4996,greenran_normal,0,0,65535_65535,0,3,90571,88,1,1,0,12,0,28,1,1,pre_allocation
26,4996,greenran_normal,0,0,65535_65535,0,3,90571,95,1,1,1,13,95,28,1,1,allocated
26,4996,greenran_normal,0,0,65535_65535,0,2,90570,88,1,1,0,12,0,28,1,1,pre_allocation
26,4996,greenran_normal,0,0,65535_65535,0,2,90570,95,1,1,1,13,95,28,1,1,allocated
26,4996,greenran_normal,0,0,65535_65535,0,5,90567,88,1,1,0,12,0,28,1,1,pre_allocation
26,4996,greenran_normal,0,0,65535_65535,0,5,90567,95,1,1,1,13,95,28,1,1,allocated
26,4996,greenran_normal,0,0,65535_65535,0,1,90566,88,1,1,0,12,0,28,1,1,pre_allocation
26,4996,greenran_normal,0,0,65535_65535,0,1,90566,95,1,1,1,13,95,28,1,1,allocated
26,4996,greenran_normal,0,0,65535_65535,0,4,91611,66,1,1,0,13,0,22,1,1,pre_allocation
26,4996,greenran_normal,0,0,65535_65535,0,4,91611,72,1,1,1,14,72,22,1,1,allocated
26,4996,greenran_normal,0,0,65535_65535,0,3,90571,95,1,1,0,13,0,28,1,1,pre_allocation
26,4996,greenran_normal,0,0,65535_65535,0,3,90571,103,1,1,1,14,103,28,1,1,allocated
26,4996,greenran_normal,0,0,65535_65535,0,2,90570,95,1,1,0,13,0,28,1,1,pre_allocation
26,4996,greenran_normal,0,0,65535_65535,0,2,90570,103,1,1,1,14,103,28,1,1,allocated
26,4996,greenran_normal,0,0,65535_65535,0,5,90567,95,1,1,0,13,0,28,1,1,pre_allocation
26,4996,greenran_normal,0,0,65535_65535,0,5,90567,103,1,1,1,14,103,28,1,1,allocated
26,4996,greenran_normal,0,0,65535_65535,0,1,90566,95,1,1,0,13,0,28,1,1,pre_allocation
26,4996,greenran_normal,0,0,65535_65535,0,1,90566,103,1,1,1,14,103,28,1,1,allocated
26,4996,greenran_normal,0,0,65535_65535,0,4,91611,72,1,1,0,14,0,22,1,1,pre_allocation
26,4996,greenran_normal,0,0,65535_65535,0,4,91611,77,1,1,1,15,77,22,1,1,allocated
26,4996,greenran_normal,0,0,65535_65535,0,3,90571,103,1,1,0,14,0,28,1,1,pre_allocation
26,4996,greenran_normal,0,0,65535_65535,0,3,90571,110,1,1,1,15,110,28,1,1,allocated
26,4996,greenran_normal,0,0,65535_65535,0,2,90570,103,1,1,0,14,0,28,1,1,pre_allocation
26,4996,greenran_normal,0,0,65535_65535,0,2,90570,110,1,1,1,15,110,28,1,1,allocated
26,4996,greenran_normal,0,0,65535_65535,0,5,90567,103,1,1,0,14,0,28,1,1,pre_allocation
26,4996,greenran_normal,0,0,65535_65535,0,5,90567,110,1,1,1,15,110,28,1,1,allocated
26,4996,greenran_normal,0,0,65535_65535,0,1,90566,103,1,1,0,14,0,28,1,1,pre_allocation
26,4996,greenran_normal,0,0,65535_65535,0,1,90566,110,1,1,1,15,110,28,1,1,allocated
26,4996,greenran_normal,0,0,65535_65535,0,4,91611,77,1,1,0,15,0,22,1,1,pre_allocation
26,4996,greenran_normal,0,0,65535_65535,0,4,91611,82,1,1,1,16,82,22,1,1,allocated
26,4996,greenran_normal,0,0,65535_65535,0,3,90571,110,1,1,0,15,0,28,1,1,pre_allocation
26,4996,greenran_normal,0,0,65535_65535,0,3,90571,118,1,1,1,16,118,28,1,1,allocated
26,4996,greenran_normal,0,0,65535_65535,0,2,90570,110,1,1,0,15,0,28,1,1,pre_allocation
26,4996,greenran_normal,0,0,65535_65535,0,2,90570,118,1,1,1,16,118,28,1,1,allocated
26,4996,greenran_normal,0,0,65535_65535,0,5,90567,110,1,1,0,15,0,28,1,1,pre_allocation
26,4996,greenran_normal,0,0,65535_65535,0,5,90567,118,1,1,1,16,118,28,1,1,allocated
26,4996,greenran_normal,0,0,65535_65535,0,1,90566,110,1,1,0,15,0,28,1,1,pre_allocation
26,4996,greenran_normal,0,0,65535_65535,0,1,90566,118,1,1,1,16,118,28,1,1,allocated
26,4996,greenran_normal,0,0,65535_65535,0,4,91611,82,1,1,0,16,0,22,1,1,pre_allocation
26,4996,greenran_normal,0,0,65535_65535,0,4,91611,88,1,1,1,17,88,22,1,1,allocated
26,4996,greenran_normal,0,0,65535_65535,0,3,90571,118,1,1,0,16,0,28,1,1,pre_allocation
26,4996,greenran_normal,0,0,65535_65535,0,3,90571,126,1,1,1,17,126,28,1,1,allocated
26,4996,greenran_normal,0,0,65535_65535,0,2,90570,118,1,1,0,16,0,28,1,1,pre_allocation
26,4996,greenran_normal,0,0,65535_65535,0,2,90570,126,1,1,1,17,126,28,1,1,allocated
26,4996,greenran_normal,0,0,65535_65535,0,5,90567,118,1,1,0,16,0,28,1,1,pre_allocation
26,4996,greenran_normal,0,0,65535_65535,0,5,90567,126,1,1,1,17,126,28,1,1,allocated
26,4996,greenran_normal,0,0,65535_65535,0,1,90566,118,1,1,0,16,0,28,1,1,pre_allocation
26,4996,greenran_normal,0,0,65535_65535,0,1,90566,126,1,1,1,17,126,28,1,1,allocated
26,4996,greenran_normal,0,0,65535_65535,0,4,91611,88,1,1,0,17,0,22,1,1,pre_allocation
26,4996,greenran_normal,0,0,65535_65535,0,4,91611,93,1,1,1,18,93,22,1,1,allocated
26,4996,greenran_normal,0,0,65535_65535,0,3,90571,126,1,1,0,17,0,28,1,1,pre_allocation
26,4996,greenran_normal,0,0,65535_65535,0,3,90571,133,1,1,1,18,133,28,1,1,allocated
26,4996,greenran_normal,0,0,65535_65535,0,2,90570,126,1,1,0,17,0,28,1,1,pre_allocation
26,4996,greenran_normal,0,0,65535_65535,0,2,90570,133,1,1,1,18,133,28,1,1,allocated
26,4996,greenran_normal,0,0,65535_65535,0,5,90567,126,1,1,0,17,0,28,1,1,pre_allocation
26,4996,greenran_normal,0,0,65535_65535,0,5,90567,133,1,1,1,18,133,28,1,1,allocated
26,4996,greenran_normal,0,0,65535_65535,0,1,90566,126,1,1,0,17,0,28,1,1,pre_allocation
26,4996,greenran_normal,0,0,65535_65535,0,1,90566,133,1,1,1,18,133,28,1,1,allocated
26,4996,greenran_normal,0,0,65535_65535,0,4,91611,93,1,1,0,18,0,22,1,1,pre_allocation
26,4996,greenran_normal,0,0,65535_65535,0,4,91611,98,1,1,1,19,98,22,1,1,allocated
26,4996,greenran_normal,0,0,65535_65535,0,3,90571,133,1,1,0,18,0,28,1,1,pre_allocation
26,4996,greenran_normal,0,0,65535_65535,0,3,90571,141,1,1,1,19,141,28,1,1,allocated
26,4996,greenran_normal,0,0,65535_65535,0,2,90570,133,1,1,0,18,0,28,1,1,pre_allocation
26,4996,greenran_normal,0,0,65535_65535,0,2,90570,141,1,1,1,19,141,28,1,1,allocated
26,4996,greenran_normal,0,0,65535_65535,0,5,90567,133,1,1,0,18,0,28,1,1,pre_allocation
26,4996,greenran_normal,0,0,65535_65535,0,5,90567,141,1,1,1,19,141,28,1,1,allocated
26,4996,greenran_normal,0,0,65535_65535,0,1,90566,133,1,1,0,18,0,28,1,1,pre_allocation
26,4996,greenran_normal,0,0,65535_65535,0,1,90566,141,1,1,1,19,141,28,1,1,allocated
26,4996,greenran_normal,0,0,65535_65535,0,4,91611,98,1,1,0,19,0,22,1,1,pre_allocation
26,4996,greenran_normal,0,0,65535_65535,0,4,91611,104,1,1,1,20,104,22,1,1,allocated
26,4996,greenran_normal,0,0,65535_65535,0,3,90571,141,1,1,0,19,0,28,1,1,pre_allocation
26,4996,greenran_normal,0,0,65535_65535,0,3,90571,148,1,1,1,20,148,28,1,1,allocated
26,4996,greenran_normal,0,0,65535_65535,0,2,90570,141,1,1,0,19,0,28,1,1,pre_allocation
26,4996,greenran_normal,0,0,65535_65535,0,2,90570,148,1,1,1,20,148,28,1,1,allocated
26,4996,greenran_normal,0,0,65535_65535,2,38,2871077,0,1,1,0,0,0,15,1,1,pre_allocation
26,4996,greenran_normal,0,0,65535_65535,2,38,2871077,2,1,1,1,1,2,15,1,1,allocated
26,4996,greenran_normal,0,0,65535_65535,2,60,2870920,0,1,1,0,0,0,12,1,1,pre_allocation
26,4996,greenran_normal,0,0,65535_65535,2,60,2870920,2,1,1,1,1,2,12,1,1,allocated
26,4996,greenran_normal,0,0,65535_65535,2,64,2870799,0,1,1,0,0,0,8,1,1,pre_allocation
26,4996,greenran_normal,0,0,65535_65535,2,64,2870799,1,1,1,1,1,1,8,1,1,allocated
26,4996,greenran_normal,0,0,65535_65535,2,43,2870604,0,1,1,0,0,0,20,1,1,pre_allocation
26,4996,greenran_normal,0,0,65535_65535,2,43,2870604,1,1,1,1,1,1,20,1,1,allocated
26,4996,greenran_normal,0,0,65535_65535,2,42,2870261,0,1,1,0,0,0,24,1,1,pre_allocation
26,4996,greenran_normal,0,0,65535_65535,2,42,2870261,3,1,1,1,1,3,24,1,1,allocated
26,4996,greenran_normal,0,0,65535_65535,2,59,2870095,0,1,1,0,0,0,28,1,1,pre_allocation
26,4996,greenran_normal,0,0,65535_65535,2,59,2870095,4,1,1,1,1,4,28,1,1,allocated
26,4996,greenran_normal,0,0,65535_65535,2,58,2870110,0,1,1,0,0,0,28,1,1,pre_allocation
26,4996,greenran_normal,0,0,65535_65535,2,58,2870110,4,1,1,1,1,4,28,1,1,allocated
26,4996,greenran_normal,0,0,65535_65535,2,36,2870070,0,1,1,0,0,0,26,1,1,pre_allocation
26,4996,greenran_normal,0,0,65535_65535,2,36,2870070,4,1,1,1,1,4,26,1,1,allocated
26,4996,greenran_normal,0,0,65535_65535,2,62,2870018,0,1,1,0,0,0,28,1,1,pre_allocation
26,4996,greenran_normal,0,0,65535_65535,2,62,2870018,4,1,1,1,1,4,28,1,1,allocated
26,4996,greenran_normal,0,0,65535_65535,2,61,2870018,0,1,1,0,0,0,28,1,1,pre_allocation
26,4996,greenran_normal,0,0,65535_65535,2,61,2870018,4,1,1,1,1,4,28,1,1,allocated
26,4996,greenran_normal,0,0,65535_65535,2,63,2870016,0,1,1,0,0,0,28,1,1,pre_allocation
26,4996,greenran_normal,0,0,65535_65535,2,63,2870016,4,1,1,1,1,4,28,1,1,allocated
26,4996,greenran_normal,0,0,65535_65535,2,37,2870015,0,1,1,0,0,0,28,1,1,pre_allocation
26,4996,greenran_normal,0,0,65535_65535,2,37,2870015,4,1,1,1,1,4,28,1,1,allocated
26,4996,greenran_normal,0,0,65535_65535,2,35,2870012,0,1,1,0,0,0,28,1,1,pre_allocation
26,4996,greenran_normal,0,0,65535_65535,2,35,2870012,4,1,1,1,1,4,28,1,1,allocated
26,4996,greenran_normal,0,0,65535_65535,2,44,2870012,0,1,1,0,0,0,28,1,1,pre_allocation
26,4996,greenran_normal,0,0,65535_65535,2,44,2870012,4,1,1,1,1,4,28,1,1,allocated
26,4996,greenran_normal,0,0,65535_65535,2,55,2870012,0,1,1,0,0,0,28,1,1,pre_allocation
26,4996,greenran_normal,0,0,65535_65535,2,55,2870012,4,1,1,1,1,4,28,1,1,allocated
26,4996,greenran_normal,0,0,65535_65535,2,56,2870012,0,1,1,0,0,0,28,1,1,pre_allocation
26,4996,greenran_normal,0,0,65535_65535,2,56,2870012,4,1,1,1,1,4,28,1,1,allocated
26,4996,greenran_normal,0,0,65535_65535,2,57,2870012,0,1,1,0,0,0,28,1,1,pre_allocation
26,4996,greenran_normal,0,0,65535_65535,2,57,2870012,4,1,1,1,1,4,28,1,1,allocated
26,4996,greenran_normal,0,0,65535_65535,2,39,2870014,0,1,1,0,0,0,26,1,1,pre_allocation
26,4996,greenran_normal,0,0,65535_65535,2,39,2870014,4,1,1,1,1,4,26,1,1,allocated
26,4996,greenran_normal,0,0,65535_65535,2,40,2870014,0,1,1,0,0,0,28,1,1,pre_allocation
26,4996,greenran_normal,0,0,65535_65535,2,40,2870014,4,1,1,1,1,4,28,1,1,allocated
26,4996,greenran_normal,0,0,65535_65535,2,41,2870014,0,1,1,0,0,0,28,1,1,pre_allocation
26,4996,greenran_normal,0,0,65535_65535,2,41,2870014,4,1,1,1,1,4,28,1,1,allocated
26,4996,greenran_normal,0,0,65535_65535,2,38,2871077,2,1,1,0,1,0,15,1,1,pre_allocation
26,4996,greenran_normal,0,0,65535_65535,2,38,2871077,2,1,1,1,2,2,15,1,1,allocated
26,4996,greenran_normal,0,0,65535_65535,2,60,2870920,2,1,1,0,1,0,12,1,1,pre_allocation
26,4996,greenran_normal,0,0,65535_65535,2,60,2870920,1,1,1,1,2,1,12,1,1,allocated
26,4996,greenran_normal,0,0,65535_65535,2,64,2870799,1,1,1,0,1,0,8,1,1,pre_allocation
26,4996,greenran_normal,0,0,65535_65535,2,64,2870799,2,1,1,1,2,2,8,1,1,allocated
26,4996,greenran_normal,0,0,65535_65535,2,43,2870604,1,1,1,0,1,0,20,1,1,pre_allocation
26,4996,greenran_normal,0,0,65535_65535,2,43,2870604,6,1,1,1,2,6,20,1,1,allocated
26,4996,greenran_normal,0,0,65535_65535,2,42,2870261,3,1,1,0,1,0,24,1,1,pre_allocation
26,4996,greenran_normal,0,0,65535_65535,2,42,2870261,9,1,1,1,2,9,24,1,1,allocated
26,4996,greenran_normal,0,0,65535_65535,2,59,2870095,4,1,1,0,1,0,28,1,1,pre_allocation
26,4996,greenran_normal,0,0,65535_65535,2,59,2870095,12,1,1,1,2,12,28,1,1,allocated
26,4996,greenran_normal,0,0,65535_65535,2,58,2870110,4,1,1,0,1,0,28,1,1,pre_allocation
26,4996,greenran_normal,0,0,65535_65535,2,58,2870110,12,1,1,1,2,12,28,1,1,allocated
26,4996,greenran_normal,0,0,65535_65535,2,36,2870070,4,1,1,0,1,0,26,1,1,pre_allocation
26,4996,greenran_normal,0,0,65535_65535,2,36,2870070,11,1,1,1,2,11,26,1,1,allocated
26,4996,greenran_normal,0,0,65535_65535,2,62,2870018,4,1,1,0,1,0,28,1,1,pre_allocation
26,4996,greenran_normal,0,0,65535_65535,2,62,2870018,12,1,1,1,2,12,28,1,1,allocated
26,4996,greenran_normal,0,0,65535_65535,2,61,2870018,4,1,1,0,1,0,28,1,1,pre_allocation
26,4996,greenran_normal,0,0,65535_65535,2,61,2870018,12,1,1,1,2,12,28,1,1,allocated
26,4996,greenran_normal,0,0,65535_65535,2,63,2870016,4,1,1,0,1,0,28,1,1,pre_allocation
26,4996,greenran_normal,0,0,65535_65535,2,63,2870016,12,1,1,1,2,12,28,1,1,allocated
26,4996,greenran_normal,0,0,65535_65535,2,37,2870015,4,1,1,0,1,0,28,1,1,pre_allocation
26,4996,greenran_normal,0,0,65535_65535,2,37,2870015,12,1,1,1,2,12,28,1,1,allocated
26,4996,greenran_normal,0,0,65535_65535,2,35,2870012,4,1,1,0,1,0,28,1,1,pre_allocation
26,4996,greenran_normal,0,0,65535_65535,2,35,2870012,12,1,1,1,2,12,28,1,1,allocated
26,4996,greenran_normal,0,0,65535_65535,2,44,2870012,4,1,1,0,1,0,28,1,1,pre_allocation
26,4996,greenran_normal,0,0,65535_65535,2,44,2870012,12,1,1,1,2,12,28,1,1,allocated
26,4996,greenran_normal,0,0,65535_65535,2,55,2870012,4,1,1,0,1,0,28,1,1,pre_allocation
26,4996,greenran_normal,0,0,65535_65535,2,55,2870012,12,1,1,1,2,12,28,1,1,allocated
26,4996,greenran_normal,0,0,65535_65535,2,56,2870012,4,1,1,0,1,0,28,1,1,pre_allocation
26,4996,greenran_normal,0,0,65535_65535,2,56,2870012,12,1,1,1,2,12,28,1,1,allocated
26,4996,greenran_normal,0,0,65535_65535,2,57,2870012,4,1,1,0,1,0,28,1,1,pre_allocation
26,4996,greenran_normal,0,0,65535_65535,2,57,2870012,12,1,1,1,2,12,28,1,1,allocated
26,4996,greenran_normal,0,0,65535_65535,2,39,2870014,4,1,1,0,1,0,26,1,1,pre_allocation
26,4996,greenran_normal,0,0,65535_65535,2,39,2870014,11,1,1,1,2,11,26,1,1,allocated
26,4996,greenran_normal,0,0,65535_65535,2,40,2870014,4,1,1,0,1,0,28,1,1,pre_allocation
26,4996,greenran_normal,0,0,65535_65535,2,40,2870014,12,1,1,1,2,12,28,1,1,allocated
26,4996,greenran_normal,0,0,65535_65535,2,41,2870014,4,1,1,0,1,0,28,1,1,pre_allocation
26,4996,greenran_normal,0,0,65535_65535,2,41,2870014,12,1,1,1,2,12,28,1,1,allocated
26,4996,greenran_normal,0,0,65535_65535,2,38,2871077,2,1,1,0,2,0,15,1,1,pre_allocation
26,4996,greenran_normal,0,0,65535_65535,2,38,2871077,5,1,1,1,3,5,15,1,1,allocated
26,4996,greenran_normal,0,0,65535_65535,2,60,2870920,1,1,1,0,2,0,12,1,1,pre_allocation
26,4996,greenran_normal,0,0,65535_65535,2,60,2870920,3,1,1,1,3,3,12,1,1,allocated
26,4996,greenran_normal,0,0,65535_65535,2,64,2870799,2,1,1,0,2,0,8,1,1,pre_allocation
26,4996,greenran_normal,0,0,65535_65535,2,64,2870799,0,1,1,1,3,0,8,1,1,allocated
26,4996,greenran_normal,0,0,65535_65535,2,43,2870604,6,1,1,0,2,0,20,1,1,pre_allocation
26,4996,greenran_normal,0,0,65535_65535,2,43,2870604,10,1,1,1,3,10,20,1,1,allocated
26,4996,greenran_normal,0,0,65535_65535,2,42,2870261,9,1,1,0,2,0,24,1,1,pre_allocation
26,4996,greenran_normal,0,0,65535_65535,2,42,2870261,15,1,1,1,3,15,24,1,1,allocated
26,4996,greenran_normal,0,0,65535_65535,2,59,2870095,12,1,1,0,2,0,28,1,1,pre_allocation
26,4996,greenran_normal,0,0,65535_65535,2,59,2870095,19,1,1,1,3,19,28,1,1,allocated
26,4996,greenran_normal,0,0,65535_65535,2,58,2870110,12,1,1,0,2,0,28,1,1,pre_allocation
26,4996,greenran_normal,0,0,65535_65535,2,58,2870110,19,1,1,1,3,19,28,1,1,allocated
26,4996,greenran_normal,0,0,65535_65535,2,36,2870070,11,1,1,0,2,0,26,1,1,pre_allocation
26,4996,greenran_normal,0,0,65535_65535,2,36,2870070,18,1,1,1,3,18,26,1,1,allocated
26,4996,greenran_normal,0,0,65535_65535,2,62,2870018,12,1,1,0,2,0,28,1,1,pre_allocation
26,4996,greenran_normal,0,0,65535_65535,2,62,2870018,19,1,1,1,3,19,28,1,1,allocated
26,4996,greenran_normal,0,0,65535_65535,2,61,2870018,12,1,1,0,2,0,28,1,1,pre_allocation
26,4996,greenran_normal,0,0,65535_65535,2,61,2870018,19,1,1,1,3,19,28,1,1,allocated
26,4996,greenran_normal,0,0,65535_65535,2,63,2870016,12,1,1,0,2,0,28,1,1,pre_allocation
26,4996,greenran_normal,0,0,65535_65535,2,63,2870016,19,1,1,1,3,19,28,1,1,allocated
26,4996,greenran_normal,0,0,65535_65535,2,37,2870015,12,1,1,0,2,0,28,1,1,pre_allocation
26,4996,greenran_normal,0,0,65535_65535,2,37,2870015,19,1,1,1,3,19,28,1,1,allocated
26,4996,greenran_normal,0,0,65535_65535,2,35,2870012,12,1,1,0,2,0,28,1,1,pre_allocation
26,4996,greenran_normal,0,0,65535_65535,2,35,2870012,19,1,1,1,3,19,28,1,1,allocated
26,4996,greenran_normal,0,0,65535_65535,2,44,2870012,12,1,1,0,2,0,28,1,1,pre_allocation
26,4996,greenran_normal,0,0,65535_65535,2,44,2870012,19,1,1,1,3,19,28,1,1,allocated
26,4996,greenran_normal,0,0,65535_65535,2,55,2870012,12,1,1,0,2,0,28,1,1,pre_allocation
26,4996,greenran_normal,0,0,65535_65535,2,55,2870012,19,1,1,1,3,19,28,1,1,allocated
26,4996,greenran_normal,0,0,65535_65535,2,56,2870012,12,1,1,0,2,0,28,1,1,pre_allocation
26,4996,greenran_normal,0,0,65535_65535,2,56,2870012,19,1,1,1,3,19,28,1,1,allocated
26,4996,greenran_normal,0,0,65535_65535,2,57,2870012,12,1,1,0,2,0,28,1,1,pre_allocation
26,4996,greenran_normal,0,0,65535_65535,2,57,2870012,19,1,1,1,3,19,28,1,1,allocated
26,4996,greenran_normal,0,0,65535_65535,2,39,2870014,11,1,1,0,2,0,26,1,1,pre_allocation
26,4996,greenran_normal,0,0,65535_65535,2,39,2870014,18,1,1,1,3,18,26,1,1,allocated
26,4996,greenran_normal,0,0,65535_65535,2,40,2870014,12,1,1,0,2,0,28,1,1,pre_allocation
26,4996,greenran_normal,0,0,65535_65535,2,40,2870014,19,1,1,1,3,19,28,1,1,allocated
26,4996,greenran_normal,0,0,65535_65535,2,41,2870014,12,1,1,0,2,0,28,1,1,pre_allocation
26,4996,greenran_normal,0,0,65535_65535,2,41,2870014,19,1,1,1,3,19,28,1,1,allocated
26,4996,greenran_normal,0,0,65535_65535,2,38,2871077,5,1,1,0,3,0,15,1,1,pre_allocation
26,4996,greenran_normal,0,0,65535_65535,2,38,2871077,8,1,1,1,4,8,15,1,1,allocated
26,4996,greenran_normal,0,0,65535_65535,2,60,2870920,3,1,1,0,3,0,12,1,1,pre_allocation
26,4996,greenran_normal,0,0,65535_65535,2,60,2870920,5,1,1,1,4,5,12,1,1,allocated
26,4996,greenran_normal,0,0,65535_65535,2,64,2870799,0,1,1,0,3,0,8,1,1,pre_allocation
26,4996,greenran_normal,0,0,65535_65535,2,64,2870799,1,1,1,1,4,1,8,1,1,allocated
26,4996,greenran_normal,0,0,65535_65535,2,43,2870604,10,1,1,0,3,0,20,1,1,pre_allocation
26,4996,greenran_normal,0,0,65535_65535,2,43,2870604,15,1,1,1,4,15,20,1,1,allocated
26,4996,greenran_normal,0,0,65535_65535,2,42,2870261,15,1,1,0,3,0,24,1,1,pre_allocation
26,4996,greenran_normal,0,0,65535_65535,2,42,2870261,21,1,1,1,4,21,24,1,1,allocated
26,4996,greenran_normal,0,0,65535_65535,2,59,2870095,19,1,1,0,3,0,28,1,1,pre_allocation
26,4996,greenran_normal,0,0,65535_65535,2,59,2870095,27,1,1,1,4,27,28,1,1,allocated
26,4996,greenran_normal,0,0,65535_65535,2,58,2870110,19,1,1,0,3,0,28,1,1,pre_allocation
26,4996,greenran_normal,0,0,65535_65535,2,58,2870110,27,1,1,1,4,27,28,1,1,allocated
26,4996,greenran_normal,0,0,65535_65535,2,36,2870070,18,1,1,0,3,0,26,1,1,pre_allocation
26,4996,greenran_normal,0,0,65535_65535,2,36,2870070,25,1,1,1,4,25,26,1,1,allocated
26,4996,greenran_normal,0,0,65535_65535,2,62,2870018,19,1,1,0,3,0,28,1,1,pre_allocation
26,4996,greenran_normal,0,0,65535_65535,2,62,2870018,27,1,1,1,4,27,28,1,1,allocated
26,4996,greenran_normal,0,0,65535_65535,2,61,2870018,19,1,1,0,3,0,28,1,1,pre_allocation
26,4996,greenran_normal,0,0,65535_65535,2,61,2870018,27,1,1,1,4,27,28,1,1,allocated
26,4996,greenran_normal,0,0,65535_65535,2,63,2870016,19,1,1,0,3,0,28,1,1,pre_allocation
26,4996,greenran_normal,0,0,65535_65535,2,63,2870016,27,1,1,1,4,27,28,1,1,allocated
26,4996,greenran_normal,0,0,65535_65535,2,37,2870015,19,1,1,0,3,0,28,1,1,pre_allocation
26,4996,greenran_normal,0,0,65535_65535,2,37,2870015,27,1,1,1,4,27,28,1,1,allocated
26,4996,greenran_normal,0,0,65535_65535,2,35,2870012,19,1,1,0,3,0,28,1,1,pre_allocation
26,4996,greenran_normal,0,0,65535_65535,2,35,2870012,27,1,1,1,4,27,28,1,1,allocated
26,4996,greenran_normal,0,0,65535_65535,2,44,2870012,19,1,1,0,3,0,28,1,1,pre_allocation
26,4996,greenran_normal,0,0,65535_65535,2,44,2870012,27,1,1,1,4,27,28,1,1,allocated
26,4996,greenran_normal,0,0,65535_65535,2,55,2870012,19,1,1,0,3,0,28,1,1,pre_allocation
26,4996,greenran_normal,0,0,65535_65535,2,55,2870012,27,1,1,1,4,27,28,1,1,allocated
26,4996,greenran_normal,0,0,65535_65535,2,56,2870012,19,1,1,0,3,0,28,1,1,pre_allocation
26,4996,greenran_normal,0,0,65535_65535,2,56,2870012,27,1,1,1,4,27,28,1,1,allocated
26,4996,greenran_normal,0,0,65535_65535,2,57,2870012,19,1,1,0,3,0,28,1,1,pre_allocation
26,4996,greenran_normal,0,0,65535_65535,2,57,2870012,27,1,1,1,4,27,28,1,1,allocated
26,4996,greenran_normal,0,0,65535_65535,2,39,2870014,18,1,1,0,3,0,26,1,1,pre_allocation
26,4996,greenran_normal,0,0,65535_65535,2,39,2870014,25,1,1,1,4,25,26,1,1,allocated
26,4996,greenran_normal,0,0,65535_65535,2,40,2870014,19,1,1,0,3,0,28,1,1,pre_allocation
26,4996,greenran_normal,0,0,65535_65535,2,40,2870014,27,1,1,1,4,27,28,1,1,allocated
26,4996,greenran_normal,0,0,65535_65535,2,41,2870014,19,1,1,0,3,0,28,1,1,pre_allocation
26,4996,greenran_normal,0,0,65535_65535,2,41,2870014,27,1,1,1,4,27,28,1,1,allocated
26,4996,greenran_normal,0,0,65535_65535,2,38,2871077,8,1,1,0,4,0,15,1,1,pre_allocation
26,4996,greenran_normal,0,0,65535_65535,2,38,2871077,11,1,1,1,5,11,15,1,1,allocated
26,4996,greenran_normal,0,0,65535_65535,2,60,2870920,5,1,1,0,4,0,12,1,1,pre_allocation
26,4996,greenran_normal,0,0,65535_65535,2,60,2870920,7,1,1,1,5,7,12,1,1,allocated
26,4996,greenran_normal,0,0,65535_65535,2,64,2870799,1,1,1,0,4,0,8,1,1,pre_allocation
26,4996,greenran_normal,0,0,65535_65535,2,64,2870799,3,1,1,1,5,3,8,1,1,allocated
26,4996,greenran_normal,0,0,65535_65535,2,43,2870604,15,1,1,0,4,0,20,1,1,pre_allocation
26,4996,greenran_normal,0,0,65535_65535,2,43,2870604,19,1,1,1,5,19,20,1,1,allocated
26,4996,greenran_normal,0,0,65535_65535,2,42,2870261,21,1,1,0,4,0,24,1,1,pre_allocation
26,4996,greenran_normal,0,0,65535_65535,2,42,2870261,27,1,1,1,5,27,24,1,1,allocated
26,4996,greenran_normal,0,0,65535_65535,2,59,2870095,27,1,1,0,4,0,28,1,1,pre_allocation
26,4996,greenran_normal,0,0,65535_65535,2,59,2870095,34,1,1,1,5,34,28,1,1,allocated
26,4996,greenran_normal,0,0,65535_65535,2,58,2870110,27,1,1,0,4,0,28,1,1,pre_allocation
26,4996,greenran_normal,0,0,65535_65535,2,58,2870110,34,1,1,1,5,34,28,1,1,allocated
26,4996,greenran_normal,0,0,65535_65535,2,36,2870070,25,1,1,0,4,0,26,1,1,pre_allocation
26,4996,greenran_normal,0,0,65535_65535,2,36,2870070,32,1,1,1,5,32,26,1,1,allocated
26,4996,greenran_normal,0,0,65535_65535,2,62,2870018,27,1,1,0,4,0,28,1,1,pre_allocation
26,4996,greenran_normal,0,0,65535_65535,2,62,2870018,34,1,1,1,5,34,28,1,1,allocated
26,4996,greenran_normal,0,0,65535_65535,2,61,2870018,27,1,1,0,4,0,28,1,1,pre_allocation
26,4996,greenran_normal,0,0,65535_65535,2,61,2870018,34,1,1,1,5,34,28,1,1,allocated
26,4996,greenran_normal,0,0,65535_65535,2,63,2870016,27,1,1,0,4,0,28,1,1,pre_allocation
26,4996,greenran_normal,0,0,65535_65535,2,63,2870016,34,1,1,1,5,34,28,1,1,allocated
26,4996,greenran_normal,0,0,65535_65535,2,37,2870015,27,1,1,0,4,0,28,1,1,pre_allocation
26,4996,greenran_normal,0,0,65535_65535,2,37,2870015,34,1,1,1,5,34,28,1,1,allocated
26,4996,greenran_normal,0,0,65535_65535,2,35,2870012,27,1,1,0,4,0,28,1,1,pre_allocation
26,4996,greenran_normal,0,0,65535_65535,2,35,2870012,34,1,1,1,5,34,28,1,1,allocated
26,4996,greenran_normal,0,0,65535_65535,2,44,2870012,27,1,1,0,4,0,28,1,1,pre_allocation
26,4996,greenran_normal,0,0,65535_65535,2,44,2870012,34,1,1,1,5,34,28,1,1,allocated
26,4996,greenran_normal,0,0,65535_65535,2,55,2870012,27,1,1,0,4,0,28,1,1,pre_allocation
26,4996,greenran_normal,0,0,65535_65535,2,55,2870012,34,1,1,1,5,34,28,1,1,allocated
26,4996,greenran_normal,0,0,65535_65535,2,56,2870012,27,1,1,0,4,0,28,1,1,pre_allocation
26,4996,greenran_normal,0,0,65535_65535,2,56,2870012,34,1,1,1,5,34,28,1,1,allocated
26,4996,greenran_normal,0,0,65535_65535,2,57,2870012,27,1,1,0,4,0,28,1,1,pre_allocation
26,4996,greenran_normal,0,0,65535_65535,2,57,2870012,34,1,1,1,5,34,28,1,1,allocated
26,4996,greenran_normal,0,0,65535_65535,2,39,2870014,25,1,1,0,4,0,26,1,1,pre_allocation
26,4996,greenran_normal,0,0,65535_65535,2,39,2870014,32,1,1,1,5,32,26,1,1,allocated
26,4996,greenran_normal,0,0,65535_65535,2,40,2870014,27,1,1,0,4,0,28,1,1,pre_allocation
26,4996,greenran_normal,0,0,65535_65535,2,40,2870014,34,1,1,1,5,34,28,1,1,allocated
26,4996,greenran_normal,0,0,65535_65535,2,41,2870014,27,1,1,0,4,0,28,1,1,pre_allocation
26,4996,greenran_normal,0,0,65535_65535,2,41,2870014,34,1,1,1,5,34,28,1,1,allocated
26,4996,greenran_normal,0,0,65535_65535,2,38,2871077,11,1,1,0,5,0,15,1,1,pre_allocation
26,4996,greenran_normal,0,0,65535_65535,2,38,2871077,14,1,1,1,6,14,15,1,1,allocated
26,4996,greenran_normal,0,0,65535_65535,2,60,2870920,7,1,1,0,5,0,12,1,1,pre_allocation
26,4996,greenran_normal,0,0,65535_65535,2,60,2870920,9,1,1,1,6,9,12,1,1,allocated
26,4996,greenran_normal,0,0,65535_65535,2,64,2870799,3,1,1,0,5,0,8,1,1,pre_allocation
26,4996,greenran_normal,0,0,65535_65535,2,64,2870799,4,1,1,1,6,4,8,1,1,allocated
26,4996,greenran_normal,0,0,65535_65535,2,43,2870604,19,1,1,0,5,0,20,1,1,pre_allocation
26,4996,greenran_normal,0,0,65535_65535,2,43,2870604,24,1,1,1,6,24,20,1,1,allocated
26,4996,greenran_normal,0,0,65535_65535,2,42,2870261,27,1,1,0,5,0,24,1,1,pre_allocation
26,4996,greenran_normal,0,0,65535_65535,2,42,2870261,34,1,1,1,6,34,24,1,1,allocated
26,4996,greenran_normal,0,0,65535_65535,2,59,2870095,34,1,1,0,5,0,28,1,1,pre_allocation
26,4996,greenran_normal,0,0,65535_65535,2,59,2870095,42,1,1,1,6,42,28,1,1,allocated
26,4996,greenran_normal,0,0,65535_65535,2,58,2870110,34,1,1,0,5,0,28,1,1,pre_allocation
26,4996,greenran_normal,0,0,65535_65535,2,58,2870110,42,1,1,1,6,42,28,1,1,allocated
26,4996,greenran_normal,0,0,65535_65535,2,36,2870070,32,1,1,0,5,0,26,1,1,pre_allocation
26,4996,greenran_normal,0,0,65535_65535,2,36,2870070,39,1,1,1,6,39,26,1,1,allocated
26,4996,greenran_normal,0,0,65535_65535,2,62,2870018,34,1,1,0,5,0,28,1,1,pre_allocation
26,4996,greenran_normal,0,0,65535_65535,2,62,2870018,42,1,1,1,6,42,28,1,1,allocated
26,4996,greenran_normal,0,0,65535_65535,2,61,2870018,34,1,1,0,5,0,28,1,1,pre_allocation
26,4996,greenran_normal,0,0,65535_65535,2,61,2870018,42,1,1,1,6,42,28,1,1,allocated
26,4996,greenran_normal,0,0,65535_65535,2,63,2870016,34,1,1,0,5,0,28,1,1,pre_allocation
26,4996,greenran_normal,0,0,65535_65535,2,63,2870016,42,1,1,1,6,42,28,1,1,allocated
26,4996,greenran_normal,0,0,65535_65535,2,37,2870015,34,1,1,0,5,0,28,1,1,pre_allocation
26,4996,greenran_normal,0,0,65535_65535,2,37,2870015,42,1,1,1,6,42,28,1,1,allocated
26,4996,greenran_normal,0,0,65535_65535,2,35,2870012,34,1,1,0,5,0,28,1,1,pre_allocation
26,4996,greenran_normal,0,0,65535_65535,2,35,2870012,42,1,1,1,6,42,28,1,1,allocated
26,4996,greenran_normal,0,0,65535_65535,2,44,2870012,34,1,1,0,5,0,28,1,1,pre_allocation
26,4996,greenran_normal,0,0,65535_65535,2,44,2870012,42,1,1,1,6,42,28,1,1,allocated
26,4996,greenran_normal,0,0,65535_65535,2,55,2870012,34,1,1,0,5,0,28,1,1,pre_allocation
26,4996,greenran_normal,0,0,65535_65535,2,55,2870012,42,1,1,1,6,42,28,1,1,allocated
26,4996,greenran_normal,0,0,65535_65535,2,56,2870012,34,1,1,0,5,0,28,1,1,pre_allocation
26,4996,greenran_normal,0,0,65535_65535,2,56,2870012,42,1,1,1,6,42,28,1,1,allocated
26,4996,greenran_normal,0,0,65535_65535,2,57,2870012,34,1,1,0,5,0,28,1,1,pre_allocation
26,4996,greenran_normal,0,0,65535_65535,2,57,2870012,42,1,1,1,6,42,28,1,1,allocated
26,4996,greenran_normal,0,0,65535_65535,2,39,2870014,32,1,1,0,5,0,26,1,1,pre_allocation
26,4996,greenran_normal,0,0,65535_65535,2,39,2870014,39,1,1,1,6,39,26,1,1,allocated
26,4996,greenran_normal,0,0,65535_65535,2,40,2870014,34,1,1,0,5,0,28,1,1,pre_allocation
26,4996,greenran_normal,0,0,65535_65535,2,40,2870014,42,1,1,1,6,42,28,1,1,allocated
26,4996,greenran_normal,0,0,65535_65535,2,41,2870014,34,1,1,0,5,0,28,1,1,pre_allocation
26,4996,greenran_normal,0,0,65535_65535,2,41,2870014,42,1,1,1,6,42,28,1,1,allocated
26,4996,greenran_normal,0,0,65535_65535,2,38,2871077,14,1,1,0,6,0,15,1,1,pre_allocation
26,4996,greenran_normal,0,0,65535_65535,2,38,2871077,17,1,1,1,7,17,15,1,1,allocated
26,4996,greenran_normal,0,0,65535_65535,2,60,2870920,9,1,1,0,6,0,12,1,1,pre_allocation
26,4996,greenran_normal,0,0,65535_65535,2,60,2870920,11,1,1,1,7,11,12,1,1,allocated
26,4996,greenran_normal,0,0,65535_65535,2,64,2870799,4,1,1,0,6,0,8,1,1,pre_allocation
26,4996,greenran_normal,0,0,65535_65535,2,64,2870799,5,1,1,1,7,5,8,1,1,allocated
26,4996,greenran_normal,0,0,65535_65535,2,43,2870604,24,1,1,0,6,0,20,1,1,pre_allocation
26,4996,greenran_normal,0,0,65535_65535,2,43,2870604,28,1,1,1,7,28,20,1,1,allocated
26,4996,greenran_normal,0,0,65535_65535,2,42,2870261,34,1,1,0,6,0,24,1,1,pre_allocation
26,4996,greenran_normal,0,0,65535_65535,2,42,2870261,40,1,1,1,7,40,24,1,1,allocated
26,4996,greenran_normal,0,0,65535_65535,2,59,2870095,42,1,1,0,6,0,28,1,1,pre_allocation
26,4996,greenran_normal,0,0,65535_65535,2,59,2870095,50,1,1,1,7,50,28,1,1,allocated
26,4996,greenran_normal,0,0,65535_65535,2,58,2870110,42,1,1,0,6,0,28,1,1,pre_allocation
26,4996,greenran_normal,0,0,65535_65535,2,58,2870110,50,1,1,1,7,50,28,1,1,allocated
26,4996,greenran_normal,0,0,65535_65535,2,36,2870070,39,1,1,0,6,0,26,1,1,pre_allocation
26,4996,greenran_normal,0,0,65535_65535,2,36,2870070,46,1,1,1,7,46,26,1,1,allocated
26,4996,greenran_normal,0,0,65535_65535,2,62,2870018,42,1,1,0,6,0,28,1,1,pre_allocation
26,4996,greenran_normal,0,0,65535_65535,2,62,2870018,50,1,1,1,7,50,28,1,1,allocated
26,4996,greenran_normal,0,0,65535_65535,2,61,2870018,42,1,1,0,6,0,28,1,1,pre_allocation
26,4996,greenran_normal,0,0,65535_65535,2,61,2870018,50,1,1,1,7,50,28,1,1,allocated
26,4996,greenran_normal,0,0,65535_65535,2,63,2870016,42,1,1,0,6,0,28,1,1,pre_allocation
26,4996,greenran_normal,0,0,65535_65535,2,63,2870016,50,1,1,1,7,50,28,1,1,allocated
26,4996,greenran_normal,0,0,65535_65535,2,37,2870015,42,1,1,0,6,0,28,1,1,pre_allocation
26,4996,greenran_normal,0,0,65535_65535,2,37,2870015,50,1,1,1,7,50,28,1,1,allocated
26,4996,greenran_normal,0,0,65535_65535,2,35,2870012,42,1,1,0,6,0,28,1,1,pre_allocation
26,4996,greenran_normal,0,0,65535_65535,2,35,2870012,50,1,1,1,7,50,28,1,1,allocated
26,4996,greenran_normal,0,0,65535_65535,2,44,2870012,42,1,1,0,6,0,28,1,1,pre_allocation
26,4996,greenran_normal,0,0,65535_65535,2,44,2870012,50,1,1,1,7,50,28,1,1,allocated
26,4996,greenran_normal,0,0,65535_65535,2,55,2870012,42,1,1,0,6,0,28,1,1,pre_allocation
26,4996,greenran_normal,0,0,65535_65535,2,55,2870012,50,1,1,1,7,50,28,1,1,allocated
26,4996,greenran_normal,0,0,65535_65535,2,56,2870012,42,1,1,0,6,0,28,1,1,pre_allocation
26,4996,greenran_normal,0,0,65535_65535,2,56,2870012,50,1,1,1,7,50,28,1,1,allocated
26,4996,greenran_normal,0,0,65535_65535,2,57,2870012,42,1,1,0,6,0,28,1,1,pre_allocation
26,4996,greenran_normal,0,0,65535_65535,2,57,2870012,50,1,1,1,7,50,28,1,1,allocated
26,4996,greenran_normal,0,0,65535_65535,2,39,2870014,39,1,1,0,6,0,26,1,1,pre_allocation
26,4996,greenran_normal,0,0,65535_65535,2,39,2870014,46,1,1,1,7,46,26,1,1,allocated
26,4996,greenran_normal,0,0,65535_65535,2,40,2870014,42,1,1,0,6,0,28,1,1,pre_allocation
26,4996,greenran_normal,0,0,65535_65535,2,40,2870014,50,1,1,1,7,50,28,1,1,allocated
26,4996,greenran_normal,0,0,65535_65535,2,41,2870014,42,1,1,0,6,0,28,1,1,pre_allocation
26,4996,greenran_normal,0,0,65535_65535,2,41,2870014,50,1,1,1,7,50,28,1,1,allocated
26,4996,greenran_normal,0,0,65535_65535,2,38,2871077,17,1,1,0,7,0,15,1,1,pre_allocation
26,4996,greenran_normal,0,0,65535_65535,2,38,2871077,20,1,1,1,8,20,15,1,1,allocated
26,4996,greenran_normal,0,0,65535_65535,2,60,2870920,11,1,1,0,7,0,12,1,1,pre_allocation
26,4996,greenran_normal,0,0,65535_65535,2,60,2870920,13,1,1,1,8,13,12,1,1,allocated
26,4996,greenran_normal,0,0,65535_65535,2,64,2870799,5,1,1,0,7,0,8,1,1,pre_allocation
26,4996,greenran_normal,0,0,65535_65535,2,64,2870799,6,1,1,1,8,6,8,1,1,allocated
26,4996,greenran_normal,0,0,65535_65535,2,43,2870604,28,1,1,0,7,0,20,1,1,pre_allocation
26,4996,greenran_normal,0,0,65535_65535,2,43,2870604,33,1,1,1,8,33,20,1,1,allocated
26,4996,greenran_normal,0,0,65535_65535,2,42,2870261,40,1,1,0,7,0,24,1,1,pre_allocation
26,4996,greenran_normal,0,0,65535_65535,2,42,2870261,46,1,1,1,8,46,24,1,1,allocated
26,4996,greenran_normal,0,0,65535_65535,2,59,2870095,50,1,1,0,7,0,28,1,1,pre_allocation
26,4996,greenran_normal,0,0,65535_65535,2,59,2870095,57,1,1,1,8,57,28,1,1,allocated
26,4996,greenran_normal,0,0,65535_65535,2,58,2870110,50,1,1,0,7,0,28,1,1,pre_allocation
26,4996,greenran_normal,0,0,65535_65535,2,58,2870110,57,1,1,1,8,57,28,1,1,allocated
26,4996,greenran_normal,0,0,65535_65535,2,36,2870070,46,1,1,0,7,0,26,1,1,pre_allocation
26,4996,greenran_normal,0,0,65535_65535,2,36,2870070,53,1,1,1,8,53,26,1,1,allocated
26,4996,greenran_normal,0,0,65535_65535,2,62,2870018,50,1,1,0,7,0,28,1,1,pre_allocation
26,4996,greenran_normal,0,0,65535_65535,2,62,2870018,57,1,1,1,8,57,28,1,1,allocated
26,4996,greenran_normal,0,0,65535_65535,2,61,2870018,50,1,1,0,7,0,28,1,1,pre_allocation
26,4996,greenran_normal,0,0,65535_65535,2,61,2870018,57,1,1,1,8,57,28,1,1,allocated
26,4996,greenran_normal,0,0,65535_65535,2,63,2870016,50,1,1,0,7,0,28,1,1,pre_allocation
26,4996,greenran_normal,0,0,65535_65535,2,63,2870016,57,1,1,1,8,57,28,1,1,allocated
26,4996,greenran_normal,0,0,65535_65535,2,37,2870015,50,1,1,0,7,0,28,1,1,pre_allocation
26,4996,greenran_normal,0,0,65535_65535,2,37,2870015,57,1,1,1,8,57,28,1,1,allocated
26,4996,greenran_normal,0,0,65535_65535,2,35,2870012,50,1,1,0,7,0,28,1,1,pre_allocation
26,4996,greenran_normal,0,0,65535_65535,2,35,2870012,57,1,1,1,8,57,28,1,1,allocated
26,4996,greenran_normal,0,0,65535_65535,2,44,2870012,50,1,1,0,7,0,28,1,1,pre_allocation
26,4996,greenran_normal,0,0,65535_65535,2,44,2870012,57,1,1,1,8,57,28,1,1,allocated
26,4996,greenran_normal,0,0,65535_65535,2,55,2870012,50,1,1,0,7,0,28,1,1,pre_allocation
26,4996,greenran_normal,0,0,65535_65535,2,55,2870012,57,1,1,1,8,57,28,1,1,allocated
26,4996,greenran_normal,0,0,65535_65535,2,56,2870012,50,1,1,0,7,0,28,1,1,pre_allocation
26,4996,greenran_normal,0,0,65535_65535,2,56,2870012,57,1,1,1,8,57,28,1,1,allocated
26,4996,greenran_normal,0,0,65535_65535,2,57,2870012,50,1,1,0,7,0,28,1,1,pre_allocation
26,4996,greenran_normal,0,0,65535_65535,2,57,2870012,57,1,1,1,8,57,28,1,1,allocated
26,4996,greenran_normal,0,0,65535_65535,2,39,2870014,46,1,1,0,7,0,26,1,1,pre_allocation
26,4996,greenran_normal,0,0,65535_65535,2,39,2870014,53,1,1,1,8,53,26,1,1,allocated
26,4996,greenran_normal,0,0,65535_65535,2,40,2870014,50,1,1,0,7,0,28,1,1,pre_allocation
26,4996,greenran_normal,0,0,65535_65535,2,40,2870014,57,1,1,1,8,57,28,1,1,allocated
26,4996,greenran_normal,0,0,65535_65535,2,41,2870014,50,1,1,0,7,0,28,1,1,pre_allocation
26,4996,greenran_normal,0,0,65535_65535,2,41,2870014,57,1,1,1,8,57,28,1,1,allocated
26,4996,greenran_normal,0,0,65535_65535,2,38,2871077,20,1,1,0,8,0,15,1,1,pre_allocation
26,4996,greenran_normal,0,0,65535_65535,2,38,2871077,23,1,1,1,9,23,15,1,1,allocated
26,4996,greenran_normal,0,0,65535_65535,2,60,2870920,13,1,1,0,8,0,12,1,1,pre_allocation
26,4996,greenran_normal,0,0,65535_65535,2,60,2870920,15,1,1,1,9,15,12,1,1,allocated
26,4996,greenran_normal,0,0,65535_65535,2,64,2870799,6,1,1,0,8,0,8,1,1,pre_allocation
26,4996,greenran_normal,0,0,65535_65535,2,64,2870799,7,1,1,1,9,7,8,1,1,allocated
26,4996,greenran_normal,0,0,65535_65535,2,43,2870604,33,1,1,0,8,0,20,1,1,pre_allocation
26,4996,greenran_normal,0,0,65535_65535,2,43,2870604,37,1,1,1,9,37,20,1,1,allocated
26,4996,greenran_normal,0,0,65535_65535,2,42,2870261,46,1,1,0,8,0,24,1,1,pre_allocation
26,4996,greenran_normal,0,0,65535_65535,2,42,2870261,52,1,1,1,9,52,24,1,1,allocated
26,4996,greenran_normal,0,0,65535_65535,2,59,2870095,57,1,1,0,8,0,28,1,1,pre_allocation
26,4996,greenran_normal,0,0,65535_65535,2,59,2870095,65,1,1,1,9,65,28,1,1,allocated
26,4996,greenran_normal,0,0,65535_65535,2,58,2870110,57,1,1,0,8,0,28,1,1,pre_allocation
26,4996,greenran_normal,0,0,65535_65535,2,58,2870110,65,1,1,1,9,65,28,1,1,allocated
26,4996,greenran_normal,0,0,65535_65535,2,36,2870070,53,1,1,0,8,0,26,1,1,pre_allocation
26,4996,greenran_normal,0,0,65535_65535,2,36,2870070,60,1,1,1,9,60,26,1,1,allocated
28,5156,greenran_normal,0,0,65535_65535,0,4,94654,0,1,1,0,0,0,24,1,1,pre_allocation
28,5156,greenran_normal,0,0,65535_65535,0,4,94654,3,1,1,1,1,3,24,1,1,allocated
28,5156,greenran_normal,0,0,65535_65535,0,3,93508,0,1,1,0,0,0,28,1,1,pre_allocation
28,5156,greenran_normal,0,0,65535_65535,0,3,93508,4,1,1,1,1,4,28,1,1,allocated
28,5156,greenran_normal,0,0,65535_65535,0,2,93506,0,1,1,0,0,0,28,1,1,pre_allocation
28,5156,greenran_normal,0,0,65535_65535,0,2,93506,4,1,1,1,1,4,28,1,1,allocated
28,5156,greenran_normal,0,0,65535_65535,0,5,93503,0,1,1,0,0,0,28,1,1,pre_allocation
28,5156,greenran_normal,0,0,65535_65535,0,5,93503,4,1,1,1,1,4,28,1,1,allocated
28,5156,greenran_normal,0,0,65535_65535,0,1,93502,0,1,1,0,0,0,28,1,1,pre_allocation
28,5156,greenran_normal,0,0,65535_65535,0,1,93502,4,1,1,1,1,4,28,1,1,allocated
28,5156,greenran_normal,0,0,65535_65535,0,4,94654,3,1,1,0,1,0,24,1,1,pre_allocation
28,5156,greenran_normal,0,0,65535_65535,0,4,94654,9,1,1,1,2,9,24,1,1,allocated
28,5156,greenran_normal,0,0,65535_65535,0,3,93508,4,1,1,0,1,0,28,1,1,pre_allocation
28,5156,greenran_normal,0,0,65535_65535,0,3,93508,12,1,1,1,2,12,28,1,1,allocated
28,5156,greenran_normal,0,0,65535_65535,0,2,93506,4,1,1,0,1,0,28,1,1,pre_allocation
28,5156,greenran_normal,0,0,65535_65535,0,2,93506,12,1,1,1,2,12,28,1,1,allocated
28,5156,greenran_normal,0,0,65535_65535,0,5,93503,4,1,1,0,1,0,28,1,1,pre_allocation
28,5156,greenran_normal,0,0,65535_65535,0,5,93503,12,1,1,1,2,12,28,1,1,allocated
28,5156,greenran_normal,0,0,65535_65535,0,1,93502,4,1,1,0,1,0,28,1,1,pre_allocation
28,5156,greenran_normal,0,0,65535_65535,0,1,93502,12,1,1,1,2,12,28,1,1,allocated
28,5156,greenran_normal,0,0,65535_65535,0,4,94654,9,1,1,0,2,0,24,1,1,pre_allocation
28,5156,greenran_normal,0,0,65535_65535,0,4,94654,15,1,1,1,3,15,24,1,1,allocated
28,5156,greenran_normal,0,0,65535_65535,0,3,93508,12,1,1,0,2,0,28,1,1,pre_allocation
28,5156,greenran_normal,0,0,65535_65535,0,3,93508,19,1,1,1,3,19,28,1,1,allocated
28,5156,greenran_normal,0,0,65535_65535,0,2,93506,12,1,1,0,2,0,28,1,1,pre_allocation
28,5156,greenran_normal,0,0,65535_65535,0,2,93506,19,1,1,1,3,19,28,1,1,allocated
28,5156,greenran_normal,0,0,65535_65535,0,5,93503,12,1,1,0,2,0,28,1,1,pre_allocation
28,5156,greenran_normal,0,0,65535_65535,0,5,93503,19,1,1,1,3,19,28,1,1,allocated
28,5156,greenran_normal,0,0,65535_65535,0,1,93502,12,1,1,0,2,0,28,1,1,pre_allocation
28,5156,greenran_normal,0,0,65535_65535,0,1,93502,19,1,1,1,3,19,28,1,1,allocated
28,5156,greenran_normal,0,0,65535_65535,0,4,94654,15,1,1,0,3,0,24,1,1,pre_allocation
28,5156,greenran_normal,0,0,65535_65535,0,4,94654,21,1,1,1,4,21,24,1,1,allocated
28,5156,greenran_normal,0,0,65535_65535,0,3,93508,19,1,1,0,3,0,28,1,1,pre_allocation
28,5156,greenran_normal,0,0,65535_65535,0,3,93508,27,1,1,1,4,27,28,1,1,allocated
28,5156,greenran_normal,0,0,65535_65535,0,2,93506,19,1,1,0,3,0,28,1,1,pre_allocation
28,5156,greenran_normal,0,0,65535_65535,0,2,93506,27,1,1,1,4,27,28,1,1,allocated
28,5156,greenran_normal,0,0,65535_65535,0,5,93503,19,1,1,0,3,0,28,1,1,pre_allocation
28,5156,greenran_normal,0,0,65535_65535,0,5,93503,27,1,1,1,4,27,28,1,1,allocated
28,5156,greenran_normal,0,0,65535_65535,0,1,93502,19,1,1,0,3,0,28,1,1,pre_allocation
28,5156,greenran_normal,0,0,65535_65535,0,1,93502,27,1,1,1,4,27,28,1,1,allocated
28,5156,greenran_normal,0,0,65535_65535,0,4,94654,21,1,1,0,4,0,24,1,1,pre_allocation
28,5156,greenran_normal,0,0,65535_65535,0,4,94654,27,1,1,1,5,27,24,1,1,allocated
28,5156,greenran_normal,0,0,65535_65535,0,3,93508,27,1,1,0,4,0,28,1,1,pre_allocation
28,5156,greenran_normal,0,0,65535_65535,0,3,93508,34,1,1,1,5,34,28,1,1,allocated
28,5156,greenran_normal,0,0,65535_65535,0,2,93506,27,1,1,0,4,0,28,1,1,pre_allocation
28,5156,greenran_normal,0,0,65535_65535,0,2,93506,34,1,1,1,5,34,28,1,1,allocated
28,5156,greenran_normal,0,0,65535_65535,0,5,93503,27,1,1,0,4,0,28,1,1,pre_allocation
28,5156,greenran_normal,0,0,65535_65535,0,5,93503,34,1,1,1,5,34,28,1,1,allocated
28,5156,greenran_normal,0,0,65535_65535,0,1,93502,27,1,1,0,4,0,28,1,1,pre_allocation
28,5156,greenran_normal,0,0,65535_65535,0,1,93502,34,1,1,1,5,34,28,1,1,allocated
28,5156,greenran_normal,0,0,65535_65535,0,4,94654,27,1,1,0,5,0,24,1,1,pre_allocation
28,5156,greenran_normal,0,0,65535_65535,0,4,94654,34,1,1,1,6,34,24,1,1,allocated
28,5156,greenran_normal,0,0,65535_65535,0,3,93508,34,1,1,0,5,0,28,1,1,pre_allocation
28,5156,greenran_normal,0,0,65535_65535,0,3,93508,42,1,1,1,6,42,28,1,1,allocated
28,5156,greenran_normal,0,0,65535_65535,0,2,93506,34,1,1,0,5,0,28,1,1,pre_allocation
28,5156,greenran_normal,0,0,65535_65535,0,2,93506,42,1,1,1,6,42,28,1,1,allocated
28,5156,greenran_normal,0,0,65535_65535,0,5,93503,34,1,1,0,5,0,28,1,1,pre_allocation
28,5156,greenran_normal,0,0,65535_65535,0,5,93503,42,1,1,1,6,42,28,1,1,allocated
28,5156,greenran_normal,0,0,65535_65535,0,1,93502,34,1,1,0,5,0,28,1,1,pre_allocation
28,5156,greenran_normal,0,0,65535_65535,0,1,93502,42,1,1,1,6,42,28,1,1,allocated
28,5156,greenran_normal,0,0,65535_65535,0,4,94654,34,1,1,0,6,0,24,1,1,pre_allocation
28,5156,greenran_normal,0,0,65535_65535,0,4,94654,40,1,1,1,7,40,24,1,1,allocated
28,5156,greenran_normal,0,0,65535_65535,0,3,93508,42,1,1,0,6,0,28,1,1,pre_allocation
28,5156,greenran_normal,0,0,65535_65535,0,3,93508,50,1,1,1,7,50,28,1,1,allocated
28,5156,greenran_normal,0,0,65535_65535,0,2,93506,42,1,1,0,6,0,28,1,1,pre_allocation
28,5156,greenran_normal,0,0,65535_65535,0,2,93506,50,1,1,1,7,50,28,1,1,allocated
28,5156,greenran_normal,0,0,65535_65535,0,5,93503,42,1,1,0,6,0,28,1,1,pre_allocation
28,5156,greenran_normal,0,0,65535_65535,0,5,93503,50,1,1,1,7,50,28,1,1,allocated
28,5156,greenran_normal,0,0,65535_65535,0,1,93502,42,1,1,0,6,0,28,1,1,pre_allocation
28,5156,greenran_normal,0,0,65535_65535,0,1,93502,50,1,1,1,7,50,28,1,1,allocated
28,5156,greenran_normal,0,0,65535_65535,0,4,94654,40,1,1,0,7,0,24,1,1,pre_allocation
28,5156,greenran_normal,0,0,65535_65535,0,4,94654,46,1,1,1,8,46,24,1,1,allocated
28,5156,greenran_normal,0,0,65535_65535,0,3,93508,50,1,1,0,7,0,28,1,1,pre_allocation
28,5156,greenran_normal,0,0,65535_65535,0,3,93508,57,1,1,1,8,57,28,1,1,allocated
28,5156,greenran_normal,0,0,65535_65535,0,2,93506,50,1,1,0,7,0,28,1,1,pre_allocation
28,5156,greenran_normal,0,0,65535_65535,0,2,93506,57,1,1,1,8,57,28,1,1,allocated
28,5156,greenran_normal,0,0,65535_65535,0,5,93503,50,1,1,0,7,0,28,1,1,pre_allocation
28,5156,greenran_normal,0,0,65535_65535,0,5,93503,57,1,1,1,8,57,28,1,1,allocated
28,5156,greenran_normal,0,0,65535_65535,0,1,93502,50,1,1,0,7,0,28,1,1,pre_allocation
28,5156,greenran_normal,0,0,65535_65535,0,1,93502,57,1,1,1,8,57,28,1,1,allocated
28,5156,greenran_normal,0,0,65535_65535,0,4,94654,46,1,1,0,8,0,24,1,1,pre_allocation
28,5156,greenran_normal,0,0,65535_65535,0,4,94654,52,1,1,1,9,52,24,1,1,allocated
28,5156,greenran_normal,0,0,65535_65535,0,3,93508,57,1,1,0,8,0,28,1,1,pre_allocation
28,5156,greenran_normal,0,0,65535_65535,0,3,93508,65,1,1,1,9,65,28,1,1,allocated
28,5156,greenran_normal,0,0,65535_65535,0,2,93506,57,1,1,0,8,0,28,1,1,pre_allocation
28,5156,greenran_normal,0,0,65535_65535,0,2,93506,65,1,1,1,9,65,28,1,1,allocated
28,5156,greenran_normal,0,0,65535_65535,0,5,93503,57,1,1,0,8,0,28,1,1,pre_allocation
28,5156,greenran_normal,0,0,65535_65535,0,5,93503,65,1,1,1,9,65,28,1,1,allocated
28,5156,greenran_normal,0,0,65535_65535,0,1,93502,57,1,1,0,8,0,28,1,1,pre_allocation
28,5156,greenran_normal,0,0,65535_65535,0,1,93502,65,1,1,1,9,65,28,1,1,allocated
28,5156,greenran_normal,0,0,65535_65535,0,4,94654,52,1,1,0,9,0,24,1,1,pre_allocation
28,5156,greenran_normal,0,0,65535_65535,0,4,94654,58,1,1,1,10,58,24,1,1,allocated
28,5156,greenran_normal,0,0,65535_65535,0,3,93508,65,1,1,0,9,0,28,1,1,pre_allocation
28,5156,greenran_normal,0,0,65535_65535,0,3,93508,72,1,1,1,10,72,28,1,1,allocated
28,5156,greenran_normal,0,0,65535_65535,0,2,93506,65,1,1,0,9,0,28,1,1,pre_allocation
28,5156,greenran_normal,0,0,65535_65535,0,2,93506,72,1,1,1,10,72,28,1,1,allocated
28,5156,greenran_normal,0,0,65535_65535,0,5,93503,65,1,1,0,9,0,28,1,1,pre_allocation
28,5156,greenran_normal,0,0,65535_65535,0,5,93503,72,1,1,1,10,72,28,1,1,allocated
28,5156,greenran_normal,0,0,65535_65535,0,1,93502,65,1,1,0,9,0,28,1,1,pre_allocation
28,5156,greenran_normal,0,0,65535_65535,0,1,93502,72,1,1,1,10,72,28,1,1,allocated
28,5156,greenran_normal,0,0,65535_65535,0,4,94654,58,1,1,0,10,0,24,1,1,pre_allocation
28,5156,greenran_normal,0,0,65535_65535,0,4,94654,65,1,1,1,11,65,24,1,1,allocated
28,5156,greenran_normal,0,0,65535_65535,0,3,93508,72,1,1,0,10,0,28,1,1,pre_allocation
28,5156,greenran_normal,0,0,65535_65535,0,3,93508,80,1,1,1,11,80,28,1,1,allocated
28,5156,greenran_normal,0,0,65535_65535,0,2,93506,72,1,1,0,10,0,28,1,1,pre_allocation
28,5156,greenran_normal,0,0,65535_65535,0,2,93506,80,1,1,1,11,80,28,1,1,allocated
28,5156,greenran_normal,0,0,65535_65535,0,5,93503,72,1,1,0,10,0,28,1,1,pre_allocation
28,5156,greenran_normal,0,0,65535_65535,0,5,93503,80,1,1,1,11,80,28,1,1,allocated
28,5156,greenran_normal,0,0,65535_65535,0,1,93502,72,1,1,0,10,0,28,1,1,pre_allocation
28,5156,greenran_normal,0,0,65535_65535,0,1,93502,80,1,1,1,11,80,28,1,1,allocated
28,5156,greenran_normal,0,0,65535_65535,0,4,94654,65,1,1,0,11,0,24,1,1,pre_allocation
28,5156,greenran_normal,0,0,65535_65535,0,4,94654,71,1,1,1,12,71,24,1,1,allocated
28,5156,greenran_normal,0,0,65535_65535,0,3,93508,80,1,1,0,11,0,28,1,1,pre_allocation
28,5156,greenran_normal,0,0,65535_65535,0,3,93508,88,1,1,1,12,88,28,1,1,allocated
28,5156,greenran_normal,0,0,65535_65535,0,2,93506,80,1,1,0,11,0,28,1,1,pre_allocation
28,5156,greenran_normal,0,0,65535_65535,0,2,93506,88,1,1,1,12,88,28,1,1,allocated
28,5156,greenran_normal,0,0,65535_65535,0,5,93503,80,1,1,0,11,0,28,1,1,pre_allocation
28,5156,greenran_normal,0,0,65535_65535,0,5,93503,88,1,1,1,12,88,28,1,1,allocated
28,5156,greenran_normal,0,0,65535_65535,0,1,93502,80,1,1,0,11,0,28,1,1,pre_allocation
28,5156,greenran_normal,0,0,65535_65535,0,1,93502,88,1,1,1,12,88,28,1,1,allocated
28,5156,greenran_normal,0,0,65535_65535,0,4,94654,71,1,1,0,12,0,24,1,1,pre_allocation
28,5156,greenran_normal,0,0,65535_65535,0,4,94654,77,1,1,1,13,77,24,1,1,allocated
28,5156,greenran_normal,0,0,65535_65535,0,3,93508,88,1,1,0,12,0,28,1,1,pre_allocation
28,5156,greenran_normal,0,0,65535_65535,0,3,93508,95,1,1,1,13,95,28,1,1,allocated
28,5156,greenran_normal,0,0,65535_65535,0,2,93506,88,1,1,0,12,0,28,1,1,pre_allocation
28,5156,greenran_normal,0,0,65535_65535,0,2,93506,95,1,1,1,13,95,28,1,1,allocated
28,5156,greenran_normal,0,0,65535_65535,0,5,93503,88,1,1,0,12,0,28,1,1,pre_allocation
28,5156,greenran_normal,0,0,65535_65535,0,5,93503,95,1,1,1,13,95,28,1,1,allocated
28,5156,greenran_normal,0,0,65535_65535,0,1,93502,88,1,1,0,12,0,28,1,1,pre_allocation
28,5156,greenran_normal,0,0,65535_65535,0,1,93502,95,1,1,1,13,95,28,1,1,allocated
28,5156,greenran_normal,0,0,65535_65535,0,4,94654,77,1,1,0,13,0,24,1,1,pre_allocation
28,5156,greenran_normal,0,0,65535_65535,0,4,94654,83,1,1,1,14,83,24,1,1,allocated
28,5156,greenran_normal,0,0,65535_65535,0,3,93508,95,1,1,0,13,0,28,1,1,pre_allocation
28,5156,greenran_normal,0,0,65535_65535,0,3,93508,103,1,1,1,14,103,28,1,1,allocated
28,5156,greenran_normal,0,0,65535_65535,0,2,93506,95,1,1,0,13,0,28,1,1,pre_allocation
28,5156,greenran_normal,0,0,65535_65535,0,2,93506,103,1,1,1,14,103,28,1,1,allocated
28,5156,greenran_normal,0,0,65535_65535,0,5,93503,95,1,1,0,13,0,28,1,1,pre_allocation
28,5156,greenran_normal,0,0,65535_65535,0,5,93503,103,1,1,1,14,103,28,1,1,allocated
28,5156,greenran_normal,0,0,65535_65535,0,1,93502,95,1,1,0,13,0,28,1,1,pre_allocation
28,5156,greenran_normal,0,0,65535_65535,0,1,93502,103,1,1,1,14,103,28,1,1,allocated
28,5156,greenran_normal,0,0,65535_65535,0,4,94654,83,1,1,0,14,0,24,1,1,pre_allocation
28,5156,greenran_normal,0,0,65535_65535,0,4,94654,89,1,1,1,15,89,24,1,1,allocated
28,5156,greenran_normal,0,0,65535_65535,0,3,93508,103,1,1,0,14,0,28,1,1,pre_allocation
28,5156,greenran_normal,0,0,65535_65535,0,3,93508,110,1,1,1,15,110,28,1,1,allocated
28,5156,greenran_normal,0,0,65535_65535,0,2,93506,103,1,1,0,14,0,28,1,1,pre_allocation
28,5156,greenran_normal,0,0,65535_65535,0,2,93506,110,1,1,1,15,110,28,1,1,allocated
28,5156,greenran_normal,0,0,65535_65535,0,5,93503,103,1,1,0,14,0,28,1,1,pre_allocation
28,5156,greenran_normal,0,0,65535_65535,0,5,93503,110,1,1,1,15,110,28,1,1,allocated
28,5156,greenran_normal,0,0,65535_65535,0,1,93502,103,1,1,0,14,0,28,1,1,pre_allocation
28,5156,greenran_normal,0,0,65535_65535,0,1,93502,110,1,1,1,15,110,28,1,1,allocated
28,5156,greenran_normal,0,0,65535_65535,0,4,94654,89,1,1,0,15,0,24,1,1,pre_allocation
28,5156,greenran_normal,0,0,65535_65535,0,4,94654,96,1,1,1,16,96,24,1,1,allocated
28,5156,greenran_normal,0,0,65535_65535,0,3,93508,110,1,1,0,15,0,28,1,1,pre_allocation
28,5156,greenran_normal,0,0,65535_65535,0,3,93508,118,1,1,1,16,118,28,1,1,allocated
28,5156,greenran_normal,0,0,65535_65535,0,2,93506,110,1,1,0,15,0,28,1,1,pre_allocation
28,5156,greenran_normal,0,0,65535_65535,0,2,93506,118,1,1,1,16,118,28,1,1,allocated
28,5156,greenran_normal,0,0,65535_65535,0,5,93503,110,1,1,0,15,0,28,1,1,pre_allocation
28,5156,greenran_normal,0,0,65535_65535,0,5,93503,118,1,1,1,16,118,28,1,1,allocated
28,5156,greenran_normal,0,0,65535_65535,0,1,93502,110,1,1,0,15,0,28,1,1,pre_allocation
28,5156,greenran_normal,0,0,65535_65535,0,1,93502,118,1,1,1,16,118,28,1,1,allocated
28,5156,greenran_normal,0,0,65535_65535,0,4,94654,96,1,1,0,16,0,24,1,1,pre_allocation
28,5156,greenran_normal,0,0,65535_65535,0,4,94654,102,1,1,1,17,102,24,1,1,allocated
28,5156,greenran_normal,0,0,65535_65535,0,3,93508,118,1,1,0,16,0,28,1,1,pre_allocation
28,5156,greenran_normal,0,0,65535_65535,0,3,93508,126,1,1,1,17,126,28,1,1,allocated
28,5156,greenran_normal,0,0,65535_65535,0,2,93506,118,1,1,0,16,0,28,1,1,pre_allocation
28,5156,greenran_normal,0,0,65535_65535,0,2,93506,126,1,1,1,17,126,28,1,1,allocated
28,5156,greenran_normal,0,0,65535_65535,0,5,93503,118,1,1,0,16,0,28,1,1,pre_allocation
28,5156,greenran_normal,0,0,65535_65535,0,5,93503,126,1,1,1,17,126,28,1,1,allocated
28,5156,greenran_normal,0,0,65535_65535,0,1,93502,118,1,1,0,16,0,28,1,1,pre_allocation
28,5156,greenran_normal,0,0,65535_65535,0,1,93502,126,1,1,1,17,126,28,1,1,allocated
28,5156,greenran_normal,0,0,65535_65535,0,4,94654,102,1,1,0,17,0,24,1,1,pre_allocation
28,5156,greenran_normal,0,0,65535_65535,0,4,94654,108,1,1,1,18,108,24,1,1,allocated
28,5156,greenran_normal,0,0,65535_65535,0,3,93508,126,1,1,0,17,0,28,1,1,pre_allocation
28,5156,greenran_normal,0,0,65535_65535,0,3,93508,133,1,1,1,18,133,28,1,1,allocated
28,5156,greenran_normal,0,0,65535_65535,0,2,93506,126,1,1,0,17,0,28,1,1,pre_allocation
28,5156,greenran_normal,0,0,65535_65535,0,2,93506,133,1,1,1,18,133,28,1,1,allocated
28,5156,greenran_normal,0,0,65535_65535,0,5,93503,126,1,1,0,17,0,28,1,1,pre_allocation
28,5156,greenran_normal,0,0,65535_65535,0,5,93503,133,1,1,1,18,133,28,1,1,allocated
28,5156,greenran_normal,0,0,65535_65535,0,1,93502,126,1,1,0,17,0,28,1,1,pre_allocation
28,5156,greenran_normal,0,0,65535_65535,0,1,93502,133,1,1,1,18,133,28,1,1,allocated
28,5156,greenran_normal,0,0,65535_65535,0,4,94654,108,1,1,0,18,0,24,1,1,pre_allocation
28,5156,greenran_normal,0,0,65535_65535,0,4,94654,114,1,1,1,19,114,24,1,1,allocated
28,5156,greenran_normal,0,0,65535_65535,0,3,93508,133,1,1,0,18,0,28,1,1,pre_allocation
28,5156,greenran_normal,0,0,65535_65535,0,3,93508,141,1,1,1,19,141,28,1,1,allocated
28,5156,greenran_normal,0,0,65535_65535,0,2,93506,133,1,1,0,18,0,28,1,1,pre_allocation
28,5156,greenran_normal,0,0,65535_65535,0,2,93506,141,1,1,1,19,141,28,1,1,allocated
28,5156,greenran_normal,0,0,65535_65535,0,5,93503,133,1,1,0,18,0,28,1,1,pre_allocation
28,5156,greenran_normal,0,0,65535_65535,0,5,93503,141,1,1,1,19,141,28,1,1,allocated
28,5156,greenran_normal,0,0,65535_65535,0,1,93502,133,1,1,0,18,0,28,1,1,pre_allocation
28,5156,greenran_normal,0,0,65535_65535,0,1,93502,141,1,1,1,19,141,28,1,1,allocated
28,5156,greenran_normal,0,0,65535_65535,0,4,94654,114,1,1,0,19,0,24,1,1,pre_allocation
28,5156,greenran_normal,0,0,65535_65535,0,4,94654,120,1,1,1,20,120,24,1,1,allocated
28,5156,greenran_normal,0,0,65535_65535,0,3,93508,141,1,1,0,19,0,28,1,1,pre_allocation
28,5156,greenran_normal,0,0,65535_65535,0,3,93508,148,1,1,1,20,148,28,1,1,allocated
28,5156,greenran_normal,0,0,65535_65535,0,2,93506,141,1,1,0,19,0,28,1,1,pre_allocation
28,5156,greenran_normal,0,0,65535_65535,0,2,93506,148,1,1,1,20,148,28,1,1,allocated
28,5156,greenran_normal,0,0,65535_65535,0,5,93503,141,1,1,0,19,0,28,1,1,pre_allocation
28,5156,greenran_normal,0,0,65535_65535,0,5,93503,148,1,1,1,20,148,28,1,1,allocated
28,5156,greenran_normal,0,0,65535_65535,0,1,93502,141,1,1,0,19,0,28,1,1,pre_allocation
28,5156,greenran_normal,0,0,65535_65535,0,1,93502,148,1,1,1,20,148,28,1,1,allocated
28,5156,greenran_normal,0,0,65535_65535,0,4,94654,120,1,1,0,20,0,24,1,1,pre_allocation
28,5156,greenran_normal,0,0,65535_65535,0,4,94654,126,1,1,1,21,126,24,1,1,allocated
28,5156,greenran_normal,0,0,65535_65535,0,3,93508,148,1,1,0,20,0,28,1,1,pre_allocation
28,5156,greenran_normal,0,0,65535_65535,0,3,93508,156,1,1,1,21,156,28,1,1,allocated
28,5156,greenran_normal,0,0,65535_65535,0,2,93506,148,1,1,0,20,0,28,1,1,pre_allocation
28,5156,greenran_normal,0,0,65535_65535,0,2,93506,156,1,1,1,21,156,28,1,1,allocated
28,5156,greenran_normal,0,0,65535_65535,0,5,93503,148,1,1,0,20,0,28,1,1,pre_allocation
28,5156,greenran_normal,0,0,65535_65535,0,5,93503,156,1,1,1,21,156,28,1,1,allocated
28,5156,greenran_normal,0,0,65535_65535,0,1,93502,148,1,1,0,20,0,28,1,1,pre_allocation
28,5156,greenran_normal,0,0,65535_65535,0,1,93502,156,1,1,1,21,156,28,1,1,allocated
28,5156,greenran_normal,0,0,65535_65535,0,4,94654,126,1,1,0,21,0,24,1,1,pre_allocation
28,5156,greenran_normal,0,0,65535_65535,0,4,94654,133,1,1,1,22,133,24,1,1,allocated
28,5156,greenran_normal,0,0,65535_65535,0,3,93508,156,1,1,0,21,0,28,1,1,pre_allocation
28,5156,greenran_normal,0,0,65535_65535,0,3,93508,163,1,1,1,22,163,28,1,1,allocated
28,5156,greenran_normal,0,0,65535_65535,0,2,93506,156,1,1,0,21,0,28,1,1,pre_allocation
28,5156,greenran_normal,0,0,65535_65535,0,2,93506,163,1,1,1,22,163,28,1,1,allocated
28,5156,greenran_normal,0,0,65535_65535,0,5,93503,156,1,1,0,21,0,28,1,1,pre_allocation
28,5156,greenran_normal,0,0,65535_65535,0,5,93503,163,1,1,1,22,163,28,1,1,allocated
28,5156,greenran_normal,0,0,65535_65535,0,1,93502,156,1,1,0,21,0,28,1,1,pre_allocation
28,5156,greenran_normal,0,0,65535_65535,0,1,93502,163,1,1,1,22,163,28,1,1,allocated
28,5156,greenran_normal,0,0,65535_65535,0,4,94654,133,1,1,0,22,0,24,1,1,pre_allocation
28,5156,greenran_normal,0,0,65535_65535,0,4,94654,139,1,1,1,23,139,24,1,1,allocated
28,5156,greenran_normal,0,0,65535_65535,0,3,93508,163,1,1,0,22,0,28,1,1,pre_allocation
28,5156,greenran_normal,0,0,65535_65535,0,3,93508,171,1,1,1,23,171,28,1,1,allocated
28,5156,greenran_normal,0,0,65535_65535,0,2,93506,163,1,1,0,22,0,28,1,1,pre_allocation
28,5156,greenran_normal,0,0,65535_65535,0,2,93506,171,1,1,1,23,171,28,1,1,allocated
28,5156,greenran_normal,0,0,65535_65535,0,5,93503,163,1,1,0,22,0,28,1,1,pre_allocation
28,5156,greenran_normal,0,0,65535_65535,0,5,93503,171,1,1,1,23,171,28,1,1,allocated
28,5156,greenran_normal,0,0,65535_65535,0,1,93502,163,1,1,0,22,0,28,1,1,pre_allocation
28,5156,greenran_normal,0,0,65535_65535,0,1,93502,171,1,1,1,23,171,28,1,1,allocated
28,5156,greenran_normal,0,0,65535_65535,0,4,94654,139,1,1,0,23,0,24,1,1,pre_allocation
28,5156,greenran_normal,0,0,65535_65535,0,4,94654,145,1,1,1,24,145,24,1,1,allocated
28,5156,greenran_normal,0,0,65535_65535,0,3,93508,171,1,1,0,23,0,28,1,1,pre_allocation
28,5156,greenran_normal,0,0,65535_65535,0,3,93508,179,1,1,1,24,179,28,1,1,allocated
28,5156,greenran_normal,0,0,65535_65535,0,2,93506,171,1,1,0,23,0,28,1,1,pre_allocation
28,5156,greenran_normal,0,0,65535_65535,0,2,93506,179,1,1,1,24,179,28,1,1,allocated
28,5156,greenran_normal,0,0,65535_65535,0,5,93503,171,1,1,0,23,0,28,1,1,pre_allocation
28,5156,greenran_normal,0,0,65535_65535,0,5,93503,179,1,1,1,24,179,28,1,1,allocated
28,5156,greenran_normal,0,0,65535_65535,0,1,93502,171,1,1,0,23,0,28,1,1,pre_allocation
28,5156,greenran_normal,0,0,65535_65535,0,1,93502,179,1,1,1,24,179,28,1,1,allocated
28,5156,greenran_normal,0,0,65535_65535,0,4,94654,145,1,1,0,24,0,24,1,1,pre_allocation
28,5156,greenran_normal,0,0,65535_65535,0,4,94654,151,1,1,1,25,151,24,1,1,allocated
28,5156,greenran_normal,0,0,65535_65535,0,3,93508,179,1,1,0,24,0,28,1,1,pre_allocation
28,5156,greenran_normal,0,0,65535_65535,0,3,93508,186,1,1,1,25,186,28,1,1,allocated
28,5156,greenran_normal,0,0,65535_65535,0,2,93506,179,1,1,0,24,0,28,1,1,pre_allocation
28,5156,greenran_normal,0,0,65535_65535,0,2,93506,186,1,1,1,25,186,28,1,1,allocated
28,5156,greenran_normal,0,0,65535_65535,0,5,93503,179,1,1,0,24,0,28,1,1,pre_allocation
28,5156,greenran_normal,0,0,65535_65535,0,5,93503,186,1,1,1,25,186,28,1,1,allocated
28,5156,greenran_normal,0,0,65535_65535,0,1,93502,179,1,1,0,24,0,28,1,1,pre_allocation
28,5156,greenran_normal,0,0,65535_65535,0,1,93502,186,1,1,1,25,186,28,1,1,allocated
28,5156,greenran_normal,0,0,65535_65535,0,4,94654,151,1,1,0,25,0,24,1,1,pre_allocation
28,5156,greenran_normal,0,0,65535_65535,0,4,94654,157,1,1,1,26,157,24,1,1,allocated
28,5156,greenran_normal,0,0,65535_65535,0,3,93508,186,1,1,0,25,0,28,1,1,pre_allocation
28,5156,greenran_normal,0,0,65535_65535,0,3,93508,194,1,1,1,26,194,28,1,1,allocated
28,5156,greenran_normal,0,0,65535_65535,0,2,93506,186,1,1,0,25,0,28,1,1,pre_allocation
28,5156,greenran_normal,0,0,65535_65535,0,2,93506,194,1,1,1,26,194,28,1,1,allocated
28,5156,greenran_normal,0,0,65535_65535,0,5,93503,186,1,1,0,25,0,28,1,1,pre_allocation
28,5156,greenran_normal,0,0,65535_65535,0,5,93503,194,1,1,1,26,194,28,1,1,allocated
28,5156,greenran_normal,0,0,65535_65535,0,1,93502,186,1,1,0,25,0,28,1,1,pre_allocation
28,5156,greenran_normal,0,0,65535_65535,0,1,93502,194,1,1,1,26,194,28,1,1,allocated
28,5156,greenran_normal,0,0,65535_65535,0,4,94654,157,1,1,0,26,0,24,1,1,pre_allocation
28,5156,greenran_normal,0,0,65535_65535,0,4,94654,164,1,1,1,27,164,24,1,1,allocated
28,5156,greenran_normal,0,0,65535_65535,0,3,93508,194,1,1,0,26,0,28,1,1,pre_allocation
28,5156,greenran_normal,0,0,65535_65535,0,3,93508,201,1,1,1,27,201,28,1,1,allocated
28,5156,greenran_normal,0,0,65535_65535,0,2,93506,194,1,1,0,26,0,28,1,1,pre_allocation
28,5156,greenran_normal,0,0,65535_65535,0,2,93506,201,1,1,1,27,201,28,1,1,allocated
28,5156,greenran_normal,0,0,65535_65535,0,5,93503,194,1,1,0,26,0,28,1,1,pre_allocation
28,5156,greenran_normal,0,0,65535_65535,0,5,93503,201,1,1,1,27,201,28,1,1,allocated
28,5156,greenran_normal,0,0,65535_65535,0,1,93502,194,1,1,0,26,0,28,1,1,pre_allocation
28,5156,greenran_normal,0,0,65535_65535,0,1,93502,201,1,1,1,27,201,28,1,1,allocated
28,5156,greenran_normal,0,0,65535_65535,0,4,94654,164,1,1,0,27,0,24,1,1,pre_allocation
28,5156,greenran_normal,0,0,65535_65535,0,4,94654,170,1,1,1,28,170,24,1,1,allocated
28,5156,greenran_normal,0,0,65535_65535,0,3,93508,201,1,1,0,27,0,28,1,1,pre_allocation
28,5156,greenran_normal,0,0,65535_65535,0,3,93508,209,1,1,1,28,209,28,1,1,allocated
28,5156,greenran_normal,0,0,65535_65535,0,2,93506,201,1,1,0,27,0,28,1,1,pre_allocation
28,5156,greenran_normal,0,0,65535_65535,0,2,93506,209,1,1,1,28,209,28,1,1,allocated
28,5156,greenran_normal,0,0,65535_65535,0,5,93503,201,1,1,0,27,0,28,1,1,pre_allocation
28,5156,greenran_normal,0,0,65535_65535,0,5,93503,209,1,1,1,28,209,28,1,1,allocated
28,5156,greenran_normal,0,0,65535_65535,0,1,93502,201,1,1,0,27,0,28,1,1,pre_allocation
28,5156,greenran_normal,0,0,65535_65535,0,1,93502,209,1,1,1,28,209,28,1,1,allocated
28,5156,greenran_normal,0,0,65535_65535,2,60,2974014,0,1,1,0,0,0,12,1,1,pre_allocation
28,5156,greenran_normal,0,0,65535_65535,2,60,2974014,2,1,1,1,1,2,12,1,1,allocated
28,5156,greenran_normal,0,0,65535_65535,2,38,2974154,0,1,1,0,0,0,2,1,1,pre_allocation
28,5156,greenran_normal,0,0,65535_65535,2,38,2974154,0,1,1,1,1,0,2,1,1,allocated
28,5156,greenran_normal,0,0,65535_65535,2,64,2973903,0,1,1,0,0,0,8,1,1,pre_allocation
28,5156,greenran_normal,0,0,65535_65535,2,64,2973903,1,1,1,1,1,1,8,1,1,allocated
28,5156,greenran_normal,0,0,65535_65535,2,43,2973657,0,1,1,0,0,0,26,1,1,pre_allocation
28,5156,greenran_normal,0,0,65535_65535,2,43,2973657,4,1,1,1,1,4,26,1,1,allocated
28,5156,greenran_normal,0,0,65535_65535,2,42,2973289,0,1,1,0,0,0,22,1,1,pre_allocation
28,5156,greenran_normal,0,0,65535_65535,2,42,2973289,2,1,1,1,1,2,22,1,1,allocated
28,5156,greenran_normal,0,0,65535_65535,2,59,2973102,0,1,1,0,0,0,26,1,1,pre_allocation
28,5156,greenran_normal,0,0,65535_65535,2,59,2973102,4,1,1,1,1,4,26,1,1,allocated
28,5156,greenran_normal,0,0,65535_65535,2,58,2973117,0,1,1,0,0,0,26,1,1,pre_allocation
28,5156,greenran_normal,0,0,65535_65535,2,58,2973117,4,1,1,1,1,4,26,1,1,allocated
28,5156,greenran_normal,0,0,65535_65535,2,36,2973085,0,1,1,0,0,0,24,1,1,pre_allocation
28,5156,greenran_normal,0,0,65535_65535,2,36,2973085,3,1,1,1,1,3,24,1,1,allocated
28,5156,greenran_normal,0,0,65535_65535,2,35,2973035,0,1,1,0,0,0,28,1,1,pre_allocation
28,5156,greenran_normal,0,0,65535_65535,2,35,2973035,4,1,1,1,1,4,28,1,1,allocated
28,5156,greenran_normal,0,0,65535_65535,2,44,2973035,0,1,1,0,0,0,28,1,1,pre_allocation
28,5156,greenran_normal,0,0,65535_65535,2,44,2973035,4,1,1,1,1,4,28,1,1,allocated
28,5156,greenran_normal,0,0,65535_65535,2,55,2973035,0,1,1,0,0,0,28,1,1,pre_allocation
28,5156,greenran_normal,0,0,65535_65535,2,55,2973035,4,1,1,1,1,4,28,1,1,allocated
28,5156,greenran_normal,0,0,65535_65535,2,56,2973035,0,1,1,0,0,0,28,1,1,pre_allocation
28,5156,greenran_normal,0,0,65535_65535,2,56,2973035,4,1,1,1,1,4,28,1,1,allocated
28,5156,greenran_normal,0,0,65535_65535,2,57,2973035,0,1,1,0,0,0,28,1,1,pre_allocation
28,5156,greenran_normal,0,0,65535_65535,2,57,2973035,4,1,1,1,1,4,28,1,1,allocated
28,5156,greenran_normal,0,0,65535_65535,2,40,2973037,0,1,1,0,0,0,28,1,1,pre_allocation
28,5156,greenran_normal,0,0,65535_65535,2,40,2973037,4,1,1,1,1,4,28,1,1,allocated
28,5156,greenran_normal,0,0,65535_65535,2,41,2973037,0,1,1,0,0,0,28,1,1,pre_allocation
28,5156,greenran_normal,0,0,65535_65535,2,41,2973037,4,1,1,1,1,4,28,1,1,allocated
28,5156,greenran_normal,0,0,65535_65535,2,39,2973036,0,1,1,0,0,0,24,1,1,pre_allocation
28,5156,greenran_normal,0,0,65535_65535,2,39,2973036,3,1,1,1,1,3,24,1,1,allocated
28,5156,greenran_normal,0,0,65535_65535,2,62,2973033,0,1,1,0,0,0,28,1,1,pre_allocation
28,5156,greenran_normal,0,0,65535_65535,2,62,2973033,4,1,1,1,1,4,28,1,1,allocated
28,5156,greenran_normal,0,0,65535_65535,2,61,2973033,0,1,1,0,0,0,28,1,1,pre_allocation
28,5156,greenran_normal,0,0,65535_65535,2,61,2973033,4,1,1,1,1,4,28,1,1,allocated
28,5156,greenran_normal,0,0,65535_65535,2,63,2973031,0,1,1,0,0,0,28,1,1,pre_allocation
28,5156,greenran_normal,0,0,65535_65535,2,63,2973031,4,1,1,1,1,4,28,1,1,allocated
28,5156,greenran_normal,0,0,65535_65535,2,37,2973030,0,1,1,0,0,0,28,1,1,pre_allocation
28,5156,greenran_normal,0,0,65535_65535,2,37,2973030,4,1,1,1,1,4,28,1,1,allocated
28,5156,greenran_normal,0,0,65535_65535,2,60,2974014,2,1,1,0,1,0,12,1,1,pre_allocation
28,5156,greenran_normal,0,0,65535_65535,2,60,2974014,1,1,1,1,2,1,12,1,1,allocated
28,5156,greenran_normal,0,0,65535_65535,2,38,2974154,0,1,1,0,1,0,2,1,1,pre_allocation
28,5156,greenran_normal,0,0,65535_65535,2,38,2974154,0,1,1,1,2,0,2,1,1,allocated
28,5156,greenran_normal,0,0,65535_65535,2,64,2973903,1,1,1,0,1,0,8,1,1,pre_allocation
28,5156,greenran_normal,0,0,65535_65535,2,64,2973903,2,1,1,1,2,2,8,1,1,allocated
28,5156,greenran_normal,0,0,65535_65535,2,43,2973657,4,1,1,0,1,0,26,1,1,pre_allocation
28,5156,greenran_normal,0,0,65535_65535,2,43,2973657,11,1,1,1,2,11,26,1,1,allocated
28,5156,greenran_normal,0,0,65535_65535,2,42,2973289,2,1,1,0,1,0,22,1,1,pre_allocation
28,5156,greenran_normal,0,0,65535_65535,2,42,2973289,7,1,1,1,2,7,22,1,1,allocated
28,5156,greenran_normal,0,0,65535_65535,2,59,2973102,4,1,1,0,1,0,26,1,1,pre_allocation
28,5156,greenran_normal,0,0,65535_65535,2,59,2973102,11,1,1,1,2,11,26,1,1,allocated
28,5156,greenran_normal,0,0,65535_65535,2,58,2973117,4,1,1,0,1,0,26,1,1,pre_allocation
28,5156,greenran_normal,0,0,65535_65535,2,58,2973117,11,1,1,1,2,11,26,1,1,allocated
28,5156,greenran_normal,0,0,65535_65535,2,36,2973085,3,1,1,0,1,0,24,1,1,pre_allocation
28,5156,greenran_normal,0,0,65535_65535,2,36,2973085,9,1,1,1,2,9,24,1,1,allocated
28,5156,greenran_normal,0,0,65535_65535,2,35,2973035,4,1,1,0,1,0,28,1,1,pre_allocation
28,5156,greenran_normal,0,0,65535_65535,2,35,2973035,12,1,1,1,2,12,28,1,1,allocated
28,5156,greenran_normal,0,0,65535_65535,2,44,2973035,4,1,1,0,1,0,28,1,1,pre_allocation
28,5156,greenran_normal,0,0,65535_65535,2,44,2973035,12,1,1,1,2,12,28,1,1,allocated
28,5156,greenran_normal,0,0,65535_65535,2,55,2973035,4,1,1,0,1,0,28,1,1,pre_allocation
28,5156,greenran_normal,0,0,65535_65535,2,55,2973035,12,1,1,1,2,12,28,1,1,allocated
28,5156,greenran_normal,0,0,65535_65535,2,56,2973035,4,1,1,0,1,0,28,1,1,pre_allocation
28,5156,greenran_normal,0,0,65535_65535,2,56,2973035,12,1,1,1,2,12,28,1,1,allocated
28,5156,greenran_normal,0,0,65535_65535,2,57,2973035,4,1,1,0,1,0,28,1,1,pre_allocation
28,5156,greenran_normal,0,0,65535_65535,2,57,2973035,12,1,1,1,2,12,28,1,1,allocated
28,5156,greenran_normal,0,0,65535_65535,2,40,2973037,4,1,1,0,1,0,28,1,1,pre_allocation
28,5156,greenran_normal,0,0,65535_65535,2,40,2973037,12,1,1,1,2,12,28,1,1,allocated
28,5156,greenran_normal,0,0,65535_65535,2,41,2973037,4,1,1,0,1,0,28,1,1,pre_allocation
28,5156,greenran_normal,0,0,65535_65535,2,41,2973037,12,1,1,1,2,12,28,1,1,allocated
28,5156,greenran_normal,0,0,65535_65535,2,39,2973036,3,1,1,0,1,0,24,1,1,pre_allocation
28,5156,greenran_normal,0,0,65535_65535,2,39,2973036,9,1,1,1,2,9,24,1,1,allocated
28,5156,greenran_normal,0,0,65535_65535,2,62,2973033,4,1,1,0,1,0,28,1,1,pre_allocation
28,5156,greenran_normal,0,0,65535_65535,2,62,2973033,12,1,1,1,2,12,28,1,1,allocated
28,5156,greenran_normal,0,0,65535_65535,2,61,2973033,4,1,1,0,1,0,28,1,1,pre_allocation
28,5156,greenran_normal,0,0,65535_65535,2,61,2973033,12,1,1,1,2,12,28,1,1,allocated
28,5156,greenran_normal,0,0,65535_65535,2,63,2973031,4,1,1,0,1,0,28,1,1,pre_allocation
28,5156,greenran_normal,0,0,65535_65535,2,63,2973031,12,1,1,1,2,12,28,1,1,allocated
28,5156,greenran_normal,0,0,65535_65535,2,37,2973030,4,1,1,0,1,0,28,1,1,pre_allocation
28,5156,greenran_normal,0,0,65535_65535,2,37,2973030,12,1,1,1,2,12,28,1,1,allocated
28,5156,greenran_normal,0,0,65535_65535,2,60,2974014,1,1,1,0,2,0,12,1,1,pre_allocation
28,5156,greenran_normal,0,0,65535_65535,2,60,2974014,3,1,1,1,3,3,12,1,1,allocated
28,5156,greenran_normal,0,0,65535_65535,2,38,2974154,0,1,1,0,2,0,2,1,1,pre_allocation
28,5156,greenran_normal,0,0,65535_65535,2,38,2974154,0,1,1,1,3,0,2,1,1,allocated
28,5156,greenran_normal,0,0,65535_65535,2,64,2973903,2,1,1,0,2,0,8,1,1,pre_allocation
28,5156,greenran_normal,0,0,65535_65535,2,64,2973903,0,1,1,1,3,0,8,1,1,allocated
28,5156,greenran_normal,0,0,65535_65535,2,43,2973657,11,1,1,0,2,0,26,1,1,pre_allocation
28,5156,greenran_normal,0,0,65535_65535,2,43,2973657,18,1,1,1,3,18,26,1,1,allocated
28,5156,greenran_normal,0,0,65535_65535,2,42,2973289,7,1,1,0,2,0,22,1,1,pre_allocation
28,5156,greenran_normal,0,0,65535_65535,2,42,2973289,13,1,1,1,3,13,22,1,1,allocated
28,5156,greenran_normal,0,0,65535_65535,2,59,2973102,11,1,1,0,2,0,26,1,1,pre_allocation
28,5156,greenran_normal,0,0,65535_65535,2,59,2973102,18,1,1,1,3,18,26,1,1,allocated
28,5156,greenran_normal,0,0,65535_65535,2,58,2973117,11,1,1,0,2,0,26,1,1,pre_allocation
28,5156,greenran_normal,0,0,65535_65535,2,58,2973117,18,1,1,1,3,18,26,1,1,allocated
28,5156,greenran_normal,0,0,65535_65535,2,36,2973085,9,1,1,0,2,0,24,1,1,pre_allocation
28,5156,greenran_normal,0,0,65535_65535,2,36,2973085,15,1,1,1,3,15,24,1,1,allocated
28,5156,greenran_normal,0,0,65535_65535,2,35,2973035,12,1,1,0,2,0,28,1,1,pre_allocation
28,5156,greenran_normal,0,0,65535_65535,2,35,2973035,19,1,1,1,3,19,28,1,1,allocated
28,5156,greenran_normal,0,0,65535_65535,2,44,2973035,12,1,1,0,2,0,28,1,1,pre_allocation
28,5156,greenran_normal,0,0,65535_65535,2,44,2973035,19,1,1,1,3,19,28,1,1,allocated
28,5156,greenran_normal,0,0,65535_65535,2,55,2973035,12,1,1,0,2,0,28,1,1,pre_allocation
28,5156,greenran_normal,0,0,65535_65535,2,55,2973035,19,1,1,1,3,19,28,1,1,allocated
28,5156,greenran_normal,0,0,65535_65535,2,56,2973035,12,1,1,0,2,0,28,1,1,pre_allocation
28,5156,greenran_normal,0,0,65535_65535,2,56,2973035,19,1,1,1,3,19,28,1,1,allocated
28,5156,greenran_normal,0,0,65535_65535,2,57,2973035,12,1,1,0,2,0,28,1,1,pre_allocation
28,5156,greenran_normal,0,0,65535_65535,2,57,2973035,19,1,1,1,3,19,28,1,1,allocated
28,5156,greenran_normal,0,0,65535_65535,2,40,2973037,12,1,1,0,2,0,28,1,1,pre_allocation
28,5156,greenran_normal,0,0,65535_65535,2,40,2973037,19,1,1,1,3,19,28,1,1,allocated
28,5156,greenran_normal,0,0,65535_65535,2,41,2973037,12,1,1,0,2,0,28,1,1,pre_allocation
28,5156,greenran_normal,0,0,65535_65535,2,41,2973037,19,1,1,1,3,19,28,1,1,allocated
28,5156,greenran_normal,0,0,65535_65535,2,39,2973036,9,1,1,0,2,0,24,1,1,pre_allocation
28,5156,greenran_normal,0,0,65535_65535,2,39,2973036,15,1,1,1,3,15,24,1,1,allocated
28,5156,greenran_normal,0,0,65535_65535,2,62,2973033,12,1,1,0,2,0,28,1,1,pre_allocation
28,5156,greenran_normal,0,0,65535_65535,2,62,2973033,19,1,1,1,3,19,28,1,1,allocated
28,5156,greenran_normal,0,0,65535_65535,2,61,2973033,12,1,1,0,2,0,28,1,1,pre_allocation
28,5156,greenran_normal,0,0,65535_65535,2,61,2973033,19,1,1,1,3,19,28,1,1,allocated
28,5156,greenran_normal,0,0,65535_65535,2,63,2973031,12,1,1,0,2,0,28,1,1,pre_allocation
28,5156,greenran_normal,0,0,65535_65535,2,63,2973031,19,1,1,1,3,19,28,1,1,allocated
28,5156,greenran_normal,0,0,65535_65535,2,37,2973030,12,1,1,0,2,0,28,1,1,pre_allocation
28,5156,greenran_normal,0,0,65535_65535,2,37,2973030,19,1,1,1,3,19,28,1,1,allocated
28,5156,greenran_normal,0,0,65535_65535,2,60,2974014,3,1,1,0,3,0,12,1,1,pre_allocation
28,5156,greenran_normal,0,0,65535_65535,2,60,2974014,5,1,1,1,4,5,12,1,1,allocated
28,5156,greenran_normal,0,0,65535_65535,2,38,2974154,0,1,1,0,3,0,2,1,1,pre_allocation
28,5156,greenran_normal,0,0,65535_65535,2,38,2974154,1,1,1,1,4,1,2,1,1,allocated
28,5156,greenran_normal,0,0,65535_65535,2,64,2973903,0,1,1,0,3,0,8,1,1,pre_allocation
28,5156,greenran_normal,0,0,65535_65535,2,64,2973903,1,1,1,1,4,1,8,1,1,allocated
28,5156,greenran_normal,0,0,65535_65535,2,43,2973657,18,1,1,0,3,0,26,1,1,pre_allocation
28,5156,greenran_normal,0,0,65535_65535,2,43,2973657,25,1,1,1,4,25,26,1,1,allocated
28,5156,greenran_normal,0,0,65535_65535,2,42,2973289,13,1,1,0,3,0,22,1,1,pre_allocation
28,5156,greenran_normal,0,0,65535_65535,2,42,2973289,18,1,1,1,4,18,22,1,1,allocated
28,5156,greenran_normal,0,0,65535_65535,2,59,2973102,18,1,1,0,3,0,26,1,1,pre_allocation
28,5156,greenran_normal,0,0,65535_65535,2,59,2973102,25,1,1,1,4,25,26,1,1,allocated
28,5156,greenran_normal,0,0,65535_65535,2,58,2973117,18,1,1,0,3,0,26,1,1,pre_allocation
28,5156,greenran_normal,0,0,65535_65535,2,58,2973117,25,1,1,1,4,25,26,1,1,allocated
28,5156,greenran_normal,0,0,65535_65535,2,36,2973085,15,1,1,0,3,0,24,1,1,pre_allocation
28,5156,greenran_normal,0,0,65535_65535,2,36,2973085,21,1,1,1,4,21,24,1,1,allocated
28,5156,greenran_normal,0,0,65535_65535,2,35,2973035,19,1,1,0,3,0,28,1,1,pre_allocation
28,5156,greenran_normal,0,0,65535_65535,2,35,2973035,27,1,1,1,4,27,28,1,1,allocated
28,5156,greenran_normal,0,0,65535_65535,2,44,2973035,19,1,1,0,3,0,28,1,1,pre_allocation
28,5156,greenran_normal,0,0,65535_65535,2,44,2973035,27,1,1,1,4,27,28,1,1,allocated
28,5156,greenran_normal,0,0,65535_65535,2,55,2973035,19,1,1,0,3,0,28,1,1,pre_allocation
28,5156,greenran_normal,0,0,65535_65535,2,55,2973035,27,1,1,1,4,27,28,1,1,allocated
28,5156,greenran_normal,0,0,65535_65535,2,56,2973035,19,1,1,0,3,0,28,1,1,pre_allocation
28,5156,greenran_normal,0,0,65535_65535,2,56,2973035,27,1,1,1,4,27,28,1,1,allocated
28,5156,greenran_normal,0,0,65535_65535,2,57,2973035,19,1,1,0,3,0,28,1,1,pre_allocation
28,5156,greenran_normal,0,0,65535_65535,2,57,2973035,27,1,1,1,4,27,28,1,1,allocated
28,5156,greenran_normal,0,0,65535_65535,2,40,2973037,19,1,1,0,3,0,28,1,1,pre_allocation
28,5156,greenran_normal,0,0,65535_65535,2,40,2973037,27,1,1,1,4,27,28,1,1,allocated
28,5156,greenran_normal,0,0,65535_65535,2,41,2973037,19,1,1,0,3,0,28,1,1,pre_allocation
28,5156,greenran_normal,0,0,65535_65535,2,41,2973037,27,1,1,1,4,27,28,1,1,allocated
28,5156,greenran_normal,0,0,65535_65535,2,39,2973036,15,1,1,0,3,0,24,1,1,pre_allocation
28,5156,greenran_normal,0,0,65535_65535,2,39,2973036,21,1,1,1,4,21,24,1,1,allocated
28,5156,greenran_normal,0,0,65535_65535,2,62,2973033,19,1,1,0,3,0,28,1,1,pre_allocation
28,5156,greenran_normal,0,0,65535_65535,2,62,2973033,27,1,1,1,4,27,28,1,1,allocated
28,5156,greenran_normal,0,0,65535_65535,2,61,2973033,19,1,1,0,3,0,28,1,1,pre_allocation
28,5156,greenran_normal,0,0,65535_65535,2,61,2973033,27,1,1,1,4,27,28,1,1,allocated
28,5156,greenran_normal,0,0,65535_65535,2,63,2973031,19,1,1,0,3,0,28,1,1,pre_allocation
28,5156,greenran_normal,0,0,65535_65535,2,63,2973031,27,1,1,1,4,27,28,1,1,allocated
28,5156,greenran_normal,0,0,65535_65535,2,37,2973030,19,1,1,0,3,0,28,1,1,pre_allocation
28,5156,greenran_normal,0,0,65535_65535,2,37,2973030,27,1,1,1,4,27,28,1,1,allocated
28,5156,greenran_normal,0,0,65535_65535,2,60,2974014,5,1,1,0,4,0,12,1,1,pre_allocation
28,5156,greenran_normal,0,0,65535_65535,2,60,2974014,7,1,1,1,5,7,12,1,1,allocated
28,5156,greenran_normal,0,0,65535_65535,2,38,2974154,1,1,1,0,4,0,2,1,1,pre_allocation
28,5156,greenran_normal,0,0,65535_65535,2,38,2974154,1,1,1,1,5,1,2,1,1,allocated
28,5156,greenran_normal,0,0,65535_65535,2,64,2973903,1,1,1,0,4,0,8,1,1,pre_allocation
28,5156,greenran_normal,0,0,65535_65535,2,64,2973903,3,1,1,1,5,3,8,1,1,allocated
28,5156,greenran_normal,0,0,65535_65535,2,43,2973657,25,1,1,0,4,0,26,1,1,pre_allocation
28,5156,greenran_normal,0,0,65535_65535,2,43,2973657,32,1,1,1,5,32,26,1,1,allocated
28,5156,greenran_normal,0,0,65535_65535,2,42,2973289,18,1,1,0,4,0,22,1,1,pre_allocation
28,5156,greenran_normal,0,0,65535_65535,2,42,2973289,23,1,1,1,5,23,22,1,1,allocated
28,5156,greenran_normal,0,0,65535_65535,2,59,2973102,25,1,1,0,4,0,26,1,1,pre_allocation
28,5156,greenran_normal,0,0,65535_65535,2,59,2973102,32,1,1,1,5,32,26,1,1,allocated
28,5156,greenran_normal,0,0,65535_65535,2,58,2973117,25,1,1,0,4,0,26,1,1,pre_allocation
28,5156,greenran_normal,0,0,65535_65535,2,58,2973117,32,1,1,1,5,32,26,1,1,allocated
28,5156,greenran_normal,0,0,65535_65535,2,36,2973085,21,1,1,0,4,0,24,1,1,pre_allocation
28,5156,greenran_normal,0,0,65535_65535,2,36,2973085,27,1,1,1,5,27,24,1,1,allocated
28,5156,greenran_normal,0,0,65535_65535,2,35,2973035,27,1,1,0,4,0,28,1,1,pre_allocation
28,5156,greenran_normal,0,0,65535_65535,2,35,2973035,34,1,1,1,5,34,28,1,1,allocated
28,5156,greenran_normal,0,0,65535_65535,2,44,2973035,27,1,1,0,4,0,28,1,1,pre_allocation
28,5156,greenran_normal,0,0,65535_65535,2,44,2973035,34,1,1,1,5,34,28,1,1,allocated
28,5156,greenran_normal,0,0,65535_65535,2,55,2973035,27,1,1,0,4,0,28,1,1,pre_allocation
28,5156,greenran_normal,0,0,65535_65535,2,55,2973035,34,1,1,1,5,34,28,1,1,allocated
28,5156,greenran_normal,0,0,65535_65535,2,56,2973035,27,1,1,0,4,0,28,1,1,pre_allocation
28,5156,greenran_normal,0,0,65535_65535,2,56,2973035,34,1,1,1,5,34,28,1,1,allocated
28,5156,greenran_normal,0,0,65535_65535,2,57,2973035,27,1,1,0,4,0,28,1,1,pre_allocation
28,5156,greenran_normal,0,0,65535_65535,2,57,2973035,34,1,1,1,5,34,28,1,1,allocated
28,5156,greenran_normal,0,0,65535_65535,2,40,2973037,27,1,1,0,4,0,28,1,1,pre_allocation
28,5156,greenran_normal,0,0,65535_65535,2,40,2973037,34,1,1,1,5,34,28,1,1,allocated
28,5156,greenran_normal,0,0,65535_65535,2,41,2973037,27,1,1,0,4,0,28,1,1,pre_allocation
28,5156,greenran_normal,0,0,65535_65535,2,41,2973037,34,1,1,1,5,34,28,1,1,allocated
28,5156,greenran_normal,0,0,65535_65535,2,39,2973036,21,1,1,0,4,0,24,1,1,pre_allocation
28,5156,greenran_normal,0,0,65535_65535,2,39,2973036,27,1,1,1,5,27,24,1,1,allocated
28,5156,greenran_normal,0,0,65535_65535,2,62,2973033,27,1,1,0,4,0,28,1,1,pre_allocation
28,5156,greenran_normal,0,0,65535_65535,2,62,2973033,34,1,1,1,5,34,28,1,1,allocated
28,5156,greenran_normal,0,0,65535_65535,2,61,2973033,27,1,1,0,4,0,28,1,1,pre_allocation
28,5156,greenran_normal,0,0,65535_65535,2,61,2973033,34,1,1,1,5,34,28,1,1,allocated
28,5156,greenran_normal,0,0,65535_65535,2,63,2973031,27,1,1,0,4,0,28,1,1,pre_allocation
28,5156,greenran_normal,0,0,65535_65535,2,63,2973031,34,1,1,1,5,34,28,1,1,allocated
28,5156,greenran_normal,0,0,65535_65535,2,37,2973030,27,1,1,0,4,0,28,1,1,pre_allocation
28,5156,greenran_normal,0,0,65535_65535,2,37,2973030,34,1,1,1,5,34,28,1,1,allocated
28,5156,greenran_normal,0,0,65535_65535,2,60,2974014,7,1,1,0,5,0,12,1,1,pre_allocation
28,5156,greenran_normal,0,0,65535_65535,2,60,2974014,9,1,1,1,6,9,12,1,1,allocated
28,5156,greenran_normal,0,0,65535_65535,2,38,2974154,1,1,1,0,5,0,2,1,1,pre_allocation
28,5156,greenran_normal,0,0,65535_65535,2,38,2974154,1,1,1,1,6,1,2,1,1,allocated
28,5156,greenran_normal,0,0,65535_65535,2,64,2973903,3,1,1,0,5,0,8,1,1,pre_allocation
28,5156,greenran_normal,0,0,65535_65535,2,64,2973903,4,1,1,1,6,4,8,1,1,allocated
28,5156,greenran_normal,0,0,65535_65535,2,43,2973657,32,1,1,0,5,0,26,1,1,pre_allocation
28,5156,greenran_normal,0,0,65535_65535,2,43,2973657,39,1,1,1,6,39,26,1,1,allocated
28,5156,greenran_normal,0,0,65535_65535,2,42,2973289,23,1,1,0,5,0,22,1,1,pre_allocation
28,5156,greenran_normal,0,0,65535_65535,2,42,2973289,29,1,1,1,6,29,22,1,1,allocated
28,5156,greenran_normal,0,0,65535_65535,2,59,2973102,32,1,1,0,5,0,26,1,1,pre_allocation
28,5156,greenran_normal,0,0,65535_65535,2,59,2973102,39,1,1,1,6,39,26,1,1,allocated
28,5156,greenran_normal,0,0,65535_65535,2,58,2973117,32,1,1,0,5,0,26,1,1,pre_allocation
28,5156,greenran_normal,0,0,65535_65535,2,58,2973117,39,1,1,1,6,39,26,1,1,allocated
28,5156,greenran_normal,0,0,65535_65535,2,36,2973085,27,1,1,0,5,0,24,1,1,pre_allocation
28,5156,greenran_normal,0,0,65535_65535,2,36,2973085,34,1,1,1,6,34,24,1,1,allocated
28,5156,greenran_normal,0,0,65535_65535,2,35,2973035,34,1,1,0,5,0,28,1,1,pre_allocation
28,5156,greenran_normal,0,0,65535_65535,2,35,2973035,42,1,1,1,6,42,28,1,1,allocated
28,5156,greenran_normal,0,0,65535_65535,2,44,2973035,34,1,1,0,5,0,28,1,1,pre_allocation
28,5156,greenran_normal,0,0,65535_65535,2,44,2973035,42,1,1,1,6,42,28,1,1,allocated
28,5156,greenran_normal,0,0,65535_65535,2,55,2973035,34,1,1,0,5,0,28,1,1,pre_allocation
28,5156,greenran_normal,0,0,65535_65535,2,55,2973035,42,1,1,1,6,42,28,1,1,allocated
28,5156,greenran_normal,0,0,65535_65535,2,56,2973035,34,1,1,0,5,0,28,1,1,pre_allocation
28,5156,greenran_normal,0,0,65535_65535,2,56,2973035,42,1,1,1,6,42,28,1,1,allocated
28,5156,greenran_normal,0,0,65535_65535,2,57,2973035,34,1,1,0,5,0,28,1,1,pre_allocation
28,5156,greenran_normal,0,0,65535_65535,2,57,2973035,42,1,1,1,6,42,28,1,1,allocated
28,5156,greenran_normal,0,0,65535_65535,2,40,2973037,34,1,1,0,5,0,28,1,1,pre_allocation
28,5156,greenran_normal,0,0,65535_65535,2,40,2973037,42,1,1,1,6,42,28,1,1,allocated
28,5156,greenran_normal,0,0,65535_65535,2,41,2973037,34,1,1,0,5,0,28,1,1,pre_allocation
28,5156,greenran_normal,0,0,65535_65535,2,41,2973037,42,1,1,1,6,42,28,1,1,allocated
28,5156,greenran_normal,0,0,65535_65535,2,39,2973036,27,1,1,0,5,0,24,1,1,pre_allocation
28,5156,greenran_normal,0,0,65535_65535,2,39,2973036,34,1,1,1,6,34,24,1,1,allocated
28,5156,greenran_normal,0,0,65535_65535,2,62,2973033,34,1,1,0,5,0,28,1,1,pre_allocation
28,5156,greenran_normal,0,0,65535_65535,2,62,2973033,42,1,1,1,6,42,28,1,1,allocated
28,5156,greenran_normal,0,0,65535_65535,2,61,2973033,34,1,1,0,5,0,28,1,1,pre_allocation
28,5156,greenran_normal,0,0,65535_65535,2,61,2973033,42,1,1,1,6,42,28,1,1,allocated
28,5156,greenran_normal,0,0,65535_65535,2,63,2973031,34,1,1,0,5,0,28,1,1,pre_allocation
28,5156,greenran_normal,0,0,65535_65535,2,63,2973031,42,1,1,1,6,42,28,1,1,allocated
28,5156,greenran_normal,0,0,65535_65535,2,37,2973030,34,1,1,0,5,0,28,1,1,pre_allocation
28,5156,greenran_normal,0,0,65535_65535,2,37,2973030,42,1,1,1,6,42,28,1,1,allocated
28,5156,greenran_normal,0,0,65535_65535,2,60,2974014,9,1,1,0,6,0,12,1,1,pre_allocation
28,5156,greenran_normal,0,0,65535_65535,2,60,2974014,11,1,1,1,7,11,12,1,1,allocated
28,5156,greenran_normal,0,0,65535_65535,2,38,2974154,1,1,1,0,6,0,2,1,1,pre_allocation
28,5156,greenran_normal,0,0,65535_65535,2,38,2974154,2,1,1,1,7,2,2,1,1,allocated
28,5156,greenran_normal,0,0,65535_65535,2,64,2973903,4,1,1,0,6,0,8,1,1,pre_allocation
28,5156,greenran_normal,0,0,65535_65535,2,64,2973903,5,1,1,1,7,5,8,1,1,allocated
28,5156,greenran_normal,0,0,65535_65535,2,43,2973657,39,1,1,0,6,0,26,1,1,pre_allocation
28,5156,greenran_normal,0,0,65535_65535,2,43,2973657,46,1,1,1,7,46,26,1,1,allocated
28,5156,greenran_normal,0,0,65535_65535,2,42,2973289,29,1,1,0,6,0,22,1,1,pre_allocation
28,5156,greenran_normal,0,0,65535_65535,2,42,2973289,34,1,1,1,7,34,22,1,1,allocated
28,5156,greenran_normal,0,0,65535_65535,2,59,2973102,39,1,1,0,6,0,26,1,1,pre_allocation
28,5156,greenran_normal,0,0,65535_65535,2,59,2973102,46,1,1,1,7,46,26,1,1,allocated
30,5345,greenran_normal,0,0,65535_65535,0,4,98415,0,1,1,0,0,0,24,1,1,pre_allocation
30,5345,greenran_normal,0,0,65535_65535,0,4,98415,3,1,1,1,1,3,24,1,1,allocated
30,5345,greenran_normal,0,0,65535_65535,0,3,97191,0,1,1,0,0,0,28,1,1,pre_allocation
30,5345,greenran_normal,0,0,65535_65535,0,3,97191,4,1,1,1,1,4,28,1,1,allocated
30,5345,greenran_normal,0,0,65535_65535,0,2,97189,0,1,1,0,0,0,28,1,1,pre_allocation
30,5345,greenran_normal,0,0,65535_65535,0,2,97189,4,1,1,1,1,4,28,1,1,allocated
30,5345,greenran_normal,0,0,65535_65535,0,5,97186,0,1,1,0,0,0,28,1,1,pre_allocation
30,5345,greenran_normal,0,0,65535_65535,0,5,97186,4,1,1,1,1,4,28,1,1,allocated
30,5345,greenran_normal,0,0,65535_65535,0,1,97185,0,1,1,0,0,0,28,1,1,pre_allocation
30,5345,greenran_normal,0,0,65535_65535,0,1,97185,4,1,1,1,1,4,28,1,1,allocated
30,5345,greenran_normal,0,0,65535_65535,0,4,98415,3,1,1,0,1,0,24,1,1,pre_allocation
30,5345,greenran_normal,0,0,65535_65535,0,4,98415,9,1,1,1,2,9,24,1,1,allocated
30,5345,greenran_normal,0,0,65535_65535,0,3,97191,4,1,1,0,1,0,28,1,1,pre_allocation
30,5345,greenran_normal,0,0,65535_65535,0,3,97191,12,1,1,1,2,12,28,1,1,allocated
30,5345,greenran_normal,0,0,65535_65535,0,2,97189,4,1,1,0,1,0,28,1,1,pre_allocation
30,5345,greenran_normal,0,0,65535_65535,0,2,97189,12,1,1,1,2,12,28,1,1,allocated
30,5345,greenran_normal,0,0,65535_65535,0,5,97186,4,1,1,0,1,0,28,1,1,pre_allocation
30,5345,greenran_normal,0,0,65535_65535,0,5,97186,12,1,1,1,2,12,28,1,1,allocated
30,5345,greenran_normal,0,0,65535_65535,0,1,97185,4,1,1,0,1,0,28,1,1,pre_allocation
30,5345,greenran_normal,0,0,65535_65535,0,1,97185,12,1,1,1,2,12,28,1,1,allocated
30,5345,greenran_normal,0,0,65535_65535,0,4,98415,9,1,1,0,2,0,24,1,1,pre_allocation
30,5345,greenran_normal,0,0,65535_65535,0,4,98415,15,1,1,1,3,15,24,1,1,allocated
30,5345,greenran_normal,0,0,65535_65535,0,3,97191,12,1,1,0,2,0,28,1,1,pre_allocation
30,5345,greenran_normal,0,0,65535_65535,0,3,97191,19,1,1,1,3,19,28,1,1,allocated
30,5345,greenran_normal,0,0,65535_65535,0,2,97189,12,1,1,0,2,0,28,1,1,pre_allocation
30,5345,greenran_normal,0,0,65535_65535,0,2,97189,19,1,1,1,3,19,28,1,1,allocated
30,5345,greenran_normal,0,0,65535_65535,0,5,97186,12,1,1,0,2,0,28,1,1,pre_allocation
30,5345,greenran_normal,0,0,65535_65535,0,5,97186,19,1,1,1,3,19,28,1,1,allocated
30,5345,greenran_normal,0,0,65535_65535,0,1,97185,12,1,1,0,2,0,28,1,1,pre_allocation
30,5345,greenran_normal,0,0,65535_65535,0,1,97185,19,1,1,1,3,19,28,1,1,allocated
30,5345,greenran_normal,0,0,65535_65535,0,4,98415,15,1,1,0,3,0,24,1,1,pre_allocation
30,5345,greenran_normal,0,0,65535_65535,0,4,98415,21,1,1,1,4,21,24,1,1,allocated
30,5345,greenran_normal,0,0,65535_65535,0,3,97191,19,1,1,0,3,0,28,1,1,pre_allocation
30,5345,greenran_normal,0,0,65535_65535,0,3,97191,27,1,1,1,4,27,28,1,1,allocated
30,5345,greenran_normal,0,0,65535_65535,0,2,97189,19,1,1,0,3,0,28,1,1,pre_allocation
30,5345,greenran_normal,0,0,65535_65535,0,2,97189,27,1,1,1,4,27,28,1,1,allocated
30,5345,greenran_normal,0,0,65535_65535,0,5,97186,19,1,1,0,3,0,28,1,1,pre_allocation
30,5345,greenran_normal,0,0,65535_65535,0,5,97186,27,1,1,1,4,27,28,1,1,allocated
30,5345,greenran_normal,0,0,65535_65535,0,1,97185,19,1,1,0,3,0,28,1,1,pre_allocation
30,5345,greenran_normal,0,0,65535_65535,0,1,97185,27,1,1,1,4,27,28,1,1,allocated
30,5345,greenran_normal,0,0,65535_65535,0,4,98415,21,1,1,0,4,0,24,1,1,pre_allocation
30,5345,greenran_normal,0,0,65535_65535,0,4,98415,27,1,1,1,5,27,24,1,1,allocated
30,5345,greenran_normal,0,0,65535_65535,0,3,97191,27,1,1,0,4,0,28,1,1,pre_allocation
30,5345,greenran_normal,0,0,65535_65535,0,3,97191,34,1,1,1,5,34,28,1,1,allocated
30,5345,greenran_normal,0,0,65535_65535,0,2,97189,27,1,1,0,4,0,28,1,1,pre_allocation
30,5345,greenran_normal,0,0,65535_65535,0,2,97189,34,1,1,1,5,34,28,1,1,allocated
30,5345,greenran_normal,0,0,65535_65535,0,5,97186,27,1,1,0,4,0,28,1,1,pre_allocation
30,5345,greenran_normal,0,0,65535_65535,0,5,97186,34,1,1,1,5,34,28,1,1,allocated
30,5345,greenran_normal,0,0,65535_65535,0,1,97185,27,1,1,0,4,0,28,1,1,pre_allocation
30,5345,greenran_normal,0,0,65535_65535,0,1,97185,34,1,1,1,5,34,28,1,1,allocated
30,5345,greenran_normal,0,0,65535_65535,0,4,98415,27,1,1,0,5,0,24,1,1,pre_allocation
30,5345,greenran_normal,0,0,65535_65535,0,4,98415,34,1,1,1,6,34,24,1,1,allocated
30,5345,greenran_normal,0,0,65535_65535,0,3,97191,34,1,1,0,5,0,28,1,1,pre_allocation
30,5345,greenran_normal,0,0,65535_65535,0,3,97191,42,1,1,1,6,42,28,1,1,allocated
30,5345,greenran_normal,0,0,65535_65535,0,2,97189,34,1,1,0,5,0,28,1,1,pre_allocation
30,5345,greenran_normal,0,0,65535_65535,0,2,97189,42,1,1,1,6,42,28,1,1,allocated
30,5345,greenran_normal,0,0,65535_65535,0,5,97186,34,1,1,0,5,0,28,1,1,pre_allocation
30,5345,greenran_normal,0,0,65535_65535,0,5,97186,42,1,1,1,6,42,28,1,1,allocated
30,5345,greenran_normal,0,0,65535_65535,0,1,97185,34,1,1,0,5,0,28,1,1,pre_allocation
30,5345,greenran_normal,0,0,65535_65535,0,1,97185,42,1,1,1,6,42,28,1,1,allocated
30,5345,greenran_normal,0,0,65535_65535,0,4,98415,34,1,1,0,6,0,24,1,1,pre_allocation
30,5345,greenran_normal,0,0,65535_65535,0,4,98415,40,1,1,1,7,40,24,1,1,allocated
30,5345,greenran_normal,0,0,65535_65535,0,3,97191,42,1,1,0,6,0,28,1,1,pre_allocation
30,5345,greenran_normal,0,0,65535_65535,0,3,97191,50,1,1,1,7,50,28,1,1,allocated
30,5345,greenran_normal,0,0,65535_65535,0,2,97189,42,1,1,0,6,0,28,1,1,pre_allocation
30,5345,greenran_normal,0,0,65535_65535,0,2,97189,50,1,1,1,7,50,28,1,1,allocated
30,5345,greenran_normal,0,0,65535_65535,0,5,97186,42,1,1,0,6,0,28,1,1,pre_allocation
30,5345,greenran_normal,0,0,65535_65535,0,5,97186,50,1,1,1,7,50,28,1,1,allocated
30,5345,greenran_normal,0,0,65535_65535,0,1,97185,42,1,1,0,6,0,28,1,1,pre_allocation
30,5345,greenran_normal,0,0,65535_65535,0,1,97185,50,1,1,1,7,50,28,1,1,allocated
30,5345,greenran_normal,0,0,65535_65535,0,4,98415,40,1,1,0,7,0,24,1,1,pre_allocation
30,5345,greenran_normal,0,0,65535_65535,0,4,98415,46,1,1,1,8,46,24,1,1,allocated
30,5345,greenran_normal,0,0,65535_65535,0,3,97191,50,1,1,0,7,0,28,1,1,pre_allocation
30,5345,greenran_normal,0,0,65535_65535,0,3,97191,57,1,1,1,8,57,28,1,1,allocated
30,5345,greenran_normal,0,0,65535_65535,0,2,97189,50,1,1,0,7,0,28,1,1,pre_allocation
30,5345,greenran_normal,0,0,65535_65535,0,2,97189,57,1,1,1,8,57,28,1,1,allocated
30,5345,greenran_normal,0,0,65535_65535,0,5,97186,50,1,1,0,7,0,28,1,1,pre_allocation
30,5345,greenran_normal,0,0,65535_65535,0,5,97186,57,1,1,1,8,57,28,1,1,allocated
30,5345,greenran_normal,0,0,65535_65535,0,1,97185,50,1,1,0,7,0,28,1,1,pre_allocation
30,5345,greenran_normal,0,0,65535_65535,0,1,97185,57,1,1,1,8,57,28,1,1,allocated
30,5345,greenran_normal,0,0,65535_65535,0,4,98415,46,1,1,0,8,0,24,1,1,pre_allocation
30,5345,greenran_normal,0,0,65535_65535,0,4,98415,52,1,1,1,9,52,24,1,1,allocated
30,5345,greenran_normal,0,0,65535_65535,0,3,97191,57,1,1,0,8,0,28,1,1,pre_allocation
30,5345,greenran_normal,0,0,65535_65535,0,3,97191,65,1,1,1,9,65,28,1,1,allocated
30,5345,greenran_normal,0,0,65535_65535,0,2,97189,57,1,1,0,8,0,28,1,1,pre_allocation
30,5345,greenran_normal,0,0,65535_65535,0,2,97189,65,1,1,1,9,65,28,1,1,allocated
30,5345,greenran_normal,0,0,65535_65535,0,5,97186,57,1,1,0,8,0,28,1,1,pre_allocation
30,5345,greenran_normal,0,0,65535_65535,0,5,97186,65,1,1,1,9,65,28,1,1,allocated
30,5345,greenran_normal,0,0,65535_65535,0,1,97185,57,1,1,0,8,0,28,1,1,pre_allocation
30,5345,greenran_normal,0,0,65535_65535,0,1,97185,65,1,1,1,9,65,28,1,1,allocated
30,5345,greenran_normal,0,0,65535_65535,0,4,98415,52,1,1,0,9,0,24,1,1,pre_allocation
30,5345,greenran_normal,0,0,65535_65535,0,4,98415,58,1,1,1,10,58,24,1,1,allocated
30,5345,greenran_normal,0,0,65535_65535,0,3,97191,65,1,1,0,9,0,28,1,1,pre_allocation
30,5345,greenran_normal,0,0,65535_65535,0,3,97191,72,1,1,1,10,72,28,1,1,allocated
30,5345,greenran_normal,0,0,65535_65535,0,2,97189,65,1,1,0,9,0,28,1,1,pre_allocation
30,5345,greenran_normal,0,0,65535_65535,0,2,97189,72,1,1,1,10,72,28,1,1,allocated
30,5345,greenran_normal,0,0,65535_65535,0,5,97186,65,1,1,0,9,0,28,1,1,pre_allocation
30,5345,greenran_normal,0,0,65535_65535,0,5,97186,72,1,1,1,10,72,28,1,1,allocated
30,5345,greenran_normal,0,0,65535_65535,0,1,97185,65,1,1,0,9,0,28,1,1,pre_allocation
30,5345,greenran_normal,0,0,65535_65535,0,1,97185,72,1,1,1,10,72,28,1,1,allocated
30,5345,greenran_normal,0,0,65535_65535,0,4,98415,58,1,1,0,10,0,24,1,1,pre_allocation
30,5345,greenran_normal,0,0,65535_65535,0,4,98415,65,1,1,1,11,65,24,1,1,allocated
30,5345,greenran_normal,0,0,65535_65535,0,3,97191,72,1,1,0,10,0,28,1,1,pre_allocation
30,5345,greenran_normal,0,0,65535_65535,0,3,97191,80,1,1,1,11,80,28,1,1,allocated
30,5345,greenran_normal,0,0,65535_65535,0,2,97189,72,1,1,0,10,0,28,1,1,pre_allocation
30,5345,greenran_normal,0,0,65535_65535,0,2,97189,80,1,1,1,11,80,28,1,1,allocated
30,5345,greenran_normal,0,0,65535_65535,0,5,97186,72,1,1,0,10,0,28,1,1,pre_allocation
30,5345,greenran_normal,0,0,65535_65535,0,5,97186,80,1,1,1,11,80,28,1,1,allocated
30,5345,greenran_normal,0,0,65535_65535,0,1,97185,72,1,1,0,10,0,28,1,1,pre_allocation
30,5345,greenran_normal,0,0,65535_65535,0,1,97185,80,1,1,1,11,80,28,1,1,allocated
30,5345,greenran_normal,0,0,65535_65535,0,4,98415,65,1,1,0,11,0,24,1,1,pre_allocation
30,5345,greenran_normal,0,0,65535_65535,0,4,98415,71,1,1,1,12,71,24,1,1,allocated
30,5345,greenran_normal,0,0,65535_65535,0,3,97191,80,1,1,0,11,0,28,1,1,pre_allocation
30,5345,greenran_normal,0,0,65535_65535,0,3,97191,88,1,1,1,12,88,28,1,1,allocated
30,5345,greenran_normal,0,0,65535_65535,0,2,97189,80,1,1,0,11,0,28,1,1,pre_allocation
30,5345,greenran_normal,0,0,65535_65535,0,2,97189,88,1,1,1,12,88,28,1,1,allocated
30,5345,greenran_normal,0,0,65535_65535,0,5,97186,80,1,1,0,11,0,28,1,1,pre_allocation
30,5345,greenran_normal,0,0,65535_65535,0,5,97186,88,1,1,1,12,88,28,1,1,allocated
30,5345,greenran_normal,0,0,65535_65535,0,1,97185,80,1,1,0,11,0,28,1,1,pre_allocation
30,5345,greenran_normal,0,0,65535_65535,0,1,97185,88,1,1,1,12,88,28,1,1,allocated
30,5345,greenran_normal,0,0,65535_65535,0,4,98415,71,1,1,0,12,0,24,1,1,pre_allocation
30,5345,greenran_normal,0,0,65535_65535,0,4,98415,77,1,1,1,13,77,24,1,1,allocated
30,5345,greenran_normal,0,0,65535_65535,0,3,97191,88,1,1,0,12,0,28,1,1,pre_allocation
30,5345,greenran_normal,0,0,65535_65535,0,3,97191,95,1,1,1,13,95,28,1,1,allocated
30,5345,greenran_normal,0,0,65535_65535,0,2,97189,88,1,1,0,12,0,28,1,1,pre_allocation
30,5345,greenran_normal,0,0,65535_65535,0,2,97189,95,1,1,1,13,95,28,1,1,allocated
30,5345,greenran_normal,0,0,65535_65535,0,5,97186,88,1,1,0,12,0,28,1,1,pre_allocation
30,5345,greenran_normal,0,0,65535_65535,0,5,97186,95,1,1,1,13,95,28,1,1,allocated
30,5345,greenran_normal,0,0,65535_65535,0,1,97185,88,1,1,0,12,0,28,1,1,pre_allocation
30,5345,greenran_normal,0,0,65535_65535,0,1,97185,95,1,1,1,13,95,28,1,1,allocated
30,5345,greenran_normal,0,0,65535_65535,0,4,98415,77,1,1,0,13,0,24,1,1,pre_allocation
30,5345,greenran_normal,0,0,65535_65535,0,4,98415,83,1,1,1,14,83,24,1,1,allocated
30,5345,greenran_normal,0,0,65535_65535,0,3,97191,95,1,1,0,13,0,28,1,1,pre_allocation
30,5345,greenran_normal,0,0,65535_65535,0,3,97191,103,1,1,1,14,103,28,1,1,allocated
30,5345,greenran_normal,0,0,65535_65535,0,2,97189,95,1,1,0,13,0,28,1,1,pre_allocation
30,5345,greenran_normal,0,0,65535_65535,0,2,97189,103,1,1,1,14,103,28,1,1,allocated
30,5345,greenran_normal,0,0,65535_65535,0,5,97186,95,1,1,0,13,0,28,1,1,pre_allocation
30,5345,greenran_normal,0,0,65535_65535,0,5,97186,103,1,1,1,14,103,28,1,1,allocated
30,5345,greenran_normal,0,0,65535_65535,0,1,97185,95,1,1,0,13,0,28,1,1,pre_allocation
30,5345,greenran_normal,0,0,65535_65535,0,1,97185,103,1,1,1,14,103,28,1,1,allocated
30,5345,greenran_normal,0,0,65535_65535,0,4,98415,83,1,1,0,14,0,24,1,1,pre_allocation
30,5345,greenran_normal,0,0,65535_65535,0,4,98415,89,1,1,1,15,89,24,1,1,allocated
30,5345,greenran_normal,0,0,65535_65535,0,3,97191,103,1,1,0,14,0,28,1,1,pre_allocation
30,5345,greenran_normal,0,0,65535_65535,0,3,97191,110,1,1,1,15,110,28,1,1,allocated
30,5345,greenran_normal,0,0,65535_65535,0,2,97189,103,1,1,0,14,0,28,1,1,pre_allocation
30,5345,greenran_normal,0,0,65535_65535,0,2,97189,110,1,1,1,15,110,28,1,1,allocated
30,5345,greenran_normal,0,0,65535_65535,0,5,97186,103,1,1,0,14,0,28,1,1,pre_allocation
30,5345,greenran_normal,0,0,65535_65535,0,5,97186,110,1,1,1,15,110,28,1,1,allocated
30,5345,greenran_normal,0,0,65535_65535,0,1,97185,103,1,1,0,14,0,28,1,1,pre_allocation
30,5345,greenran_normal,0,0,65535_65535,0,1,97185,110,1,1,1,15,110,28,1,1,allocated
30,5345,greenran_normal,0,0,65535_65535,0,4,98415,89,1,1,0,15,0,24,1,1,pre_allocation
30,5345,greenran_normal,0,0,65535_65535,0,4,98415,96,1,1,1,16,96,24,1,1,allocated
30,5345,greenran_normal,0,0,65535_65535,0,3,97191,110,1,1,0,15,0,28,1,1,pre_allocation
30,5345,greenran_normal,0,0,65535_65535,0,3,97191,118,1,1,1,16,118,28,1,1,allocated
30,5345,greenran_normal,0,0,65535_65535,0,2,97189,110,1,1,0,15,0,28,1,1,pre_allocation
30,5345,greenran_normal,0,0,65535_65535,0,2,97189,118,1,1,1,16,118,28,1,1,allocated
30,5345,greenran_normal,0,0,65535_65535,0,5,97186,110,1,1,0,15,0,28,1,1,pre_allocation
30,5345,greenran_normal,0,0,65535_65535,0,5,97186,118,1,1,1,16,118,28,1,1,allocated
30,5345,greenran_normal,0,0,65535_65535,0,1,97185,110,1,1,0,15,0,28,1,1,pre_allocation
30,5345,greenran_normal,0,0,65535_65535,0,1,97185,118,1,1,1,16,118,28,1,1,allocated
30,5345,greenran_normal,0,0,65535_65535,0,4,98415,96,1,1,0,16,0,24,1,1,pre_allocation
30,5345,greenran_normal,0,0,65535_65535,0,4,98415,102,1,1,1,17,102,24,1,1,allocated
30,5345,greenran_normal,0,0,65535_65535,0,3,97191,118,1,1,0,16,0,28,1,1,pre_allocation
30,5345,greenran_normal,0,0,65535_65535,0,3,97191,126,1,1,1,17,126,28,1,1,allocated
30,5345,greenran_normal,0,0,65535_65535,0,2,97189,118,1,1,0,16,0,28,1,1,pre_allocation
30,5345,greenran_normal,0,0,65535_65535,0,2,97189,126,1,1,1,17,126,28,1,1,allocated
30,5345,greenran_normal,0,0,65535_65535,0,5,97186,118,1,1,0,16,0,28,1,1,pre_allocation
30,5345,greenran_normal,0,0,65535_65535,0,5,97186,126,1,1,1,17,126,28,1,1,allocated
30,5345,greenran_normal,0,0,65535_65535,0,1,97185,118,1,1,0,16,0,28,1,1,pre_allocation
30,5345,greenran_normal,0,0,65535_65535,0,1,97185,126,1,1,1,17,126,28,1,1,allocated
30,5345,greenran_normal,0,0,65535_65535,0,4,98415,102,1,1,0,17,0,24,1,1,pre_allocation
30,5345,greenran_normal,0,0,65535_65535,0,4,98415,108,1,1,1,18,108,24,1,1,allocated
30,5345,greenran_normal,0,0,65535_65535,0,3,97191,126,1,1,0,17,0,28,1,1,pre_allocation
30,5345,greenran_normal,0,0,65535_65535,0,3,97191,133,1,1,1,18,133,28,1,1,allocated
30,5345,greenran_normal,0,0,65535_65535,0,2,97189,126,1,1,0,17,0,28,1,1,pre_allocation
30,5345,greenran_normal,0,0,65535_65535,0,2,97189,133,1,1,1,18,133,28,1,1,allocated
30,5345,greenran_normal,0,0,65535_65535,0,5,97186,126,1,1,0,17,0,28,1,1,pre_allocation
30,5345,greenran_normal,0,0,65535_65535,0,5,97186,133,1,1,1,18,133,28,1,1,allocated
30,5345,greenran_normal,0,0,65535_65535,0,1,97185,126,1,1,0,17,0,28,1,1,pre_allocation
30,5345,greenran_normal,0,0,65535_65535,0,1,97185,133,1,1,1,18,133,28,1,1,allocated
30,5345,greenran_normal,0,0,65535_65535,0,4,98415,108,1,1,0,18,0,24,1,1,pre_allocation
30,5345,greenran_normal,0,0,65535_65535,0,4,98415,114,1,1,1,19,114,24,1,1,allocated
30,5345,greenran_normal,0,0,65535_65535,0,3,97191,133,1,1,0,18,0,28,1,1,pre_allocation
30,5345,greenran_normal,0,0,65535_65535,0,3,97191,141,1,1,1,19,141,28,1,1,allocated
30,5345,greenran_normal,0,0,65535_65535,0,2,97189,133,1,1,0,18,0,28,1,1,pre_allocation
30,5345,greenran_normal,0,0,65535_65535,0,2,97189,141,1,1,1,19,141,28,1,1,allocated
30,5345,greenran_normal,0,0,65535_65535,0,5,97186,133,1,1,0,18,0,28,1,1,pre_allocation
30,5345,greenran_normal,0,0,65535_65535,0,5,97186,141,1,1,1,19,141,28,1,1,allocated
30,5345,greenran_normal,0,0,65535_65535,0,1,97185,133,1,1,0,18,0,28,1,1,pre_allocation
30,5345,greenran_normal,0,0,65535_65535,0,1,97185,141,1,1,1,19,141,28,1,1,allocated
30,5345,greenran_normal,0,0,65535_65535,0,4,98415,114,1,1,0,19,0,24,1,1,pre_allocation
30,5345,greenran_normal,0,0,65535_65535,0,4,98415,120,1,1,1,20,120,24,1,1,allocated
30,5345,greenran_normal,0,0,65535_65535,0,3,97191,141,1,1,0,19,0,28,1,1,pre_allocation
30,5345,greenran_normal,0,0,65535_65535,0,3,97191,148,1,1,1,20,148,28,1,1,allocated
30,5345,greenran_normal,0,0,65535_65535,0,2,97189,141,1,1,0,19,0,28,1,1,pre_allocation
30,5345,greenran_normal,0,0,65535_65535,0,2,97189,148,1,1,1,20,148,28,1,1,allocated
30,5345,greenran_normal,0,0,65535_65535,0,5,97186,141,1,1,0,19,0,28,1,1,pre_allocation
30,5345,greenran_normal,0,0,65535_65535,0,5,97186,148,1,1,1,20,148,28,1,1,allocated
30,5345,greenran_normal,0,0,65535_65535,0,1,97185,141,1,1,0,19,0,28,1,1,pre_allocation
30,5345,greenran_normal,0,0,65535_65535,0,1,97185,148,1,1,1,20,148,28,1,1,allocated
30,5345,greenran_normal,0,0,65535_65535,0,4,98415,120,1,1,0,20,0,24,1,1,pre_allocation
30,5345,greenran_normal,0,0,65535_65535,0,4,98415,126,1,1,1,21,126,24,1,1,allocated
30,5345,greenran_normal,0,0,65535_65535,0,3,97191,148,1,1,0,20,0,28,1,1,pre_allocation
30,5345,greenran_normal,0,0,65535_65535,0,3,97191,156,1,1,1,21,156,28,1,1,allocated
30,5345,greenran_normal,0,0,65535_65535,0,2,97189,148,1,1,0,20,0,28,1,1,pre_allocation
30,5345,greenran_normal,0,0,65535_65535,0,2,97189,156,1,1,1,21,156,28,1,1,allocated
30,5345,greenran_normal,0,0,65535_65535,0,5,97186,148,1,1,0,20,0,28,1,1,pre_allocation
30,5345,greenran_normal,0,0,65535_65535,0,5,97186,156,1,1,1,21,156,28,1,1,allocated
30,5345,greenran_normal,0,0,65535_65535,0,1,97185,148,1,1,0,20,0,28,1,1,pre_allocation
30,5345,greenran_normal,0,0,65535_65535,0,1,97185,156,1,1,1,21,156,28,1,1,allocated
30,5345,greenran_normal,0,0,65535_65535,0,4,98415,126,1,1,0,21,0,24,1,1,pre_allocation
30,5345,greenran_normal,0,0,65535_65535,0,4,98415,133,1,1,1,22,133,24,1,1,allocated
30,5345,greenran_normal,0,0,65535_65535,0,3,97191,156,1,1,0,21,0,28,1,1,pre_allocation
30,5345,greenran_normal,0,0,65535_65535,0,3,97191,163,1,1,1,22,163,28,1,1,allocated
30,5345,greenran_normal,0,0,65535_65535,0,2,97189,156,1,1,0,21,0,28,1,1,pre_allocation
30,5345,greenran_normal,0,0,65535_65535,0,2,97189,163,1,1,1,22,163,28,1,1,allocated
30,5345,greenran_normal,0,0,65535_65535,0,5,97186,156,1,1,0,21,0,28,1,1,pre_allocation
30,5345,greenran_normal,0,0,65535_65535,0,5,97186,163,1,1,1,22,163,28,1,1,allocated
30,5345,greenran_normal,0,0,65535_65535,0,1,97185,156,1,1,0,21,0,28,1,1,pre_allocation
30,5345,greenran_normal,0,0,65535_65535,0,1,97185,163,1,1,1,22,163,28,1,1,allocated
30,5345,greenran_normal,0,0,65535_65535,0,4,98415,133,1,1,0,22,0,24,1,1,pre_allocation
30,5345,greenran_normal,0,0,65535_65535,0,4,98415,139,1,1,1,23,139,24,1,1,allocated
30,5345,greenran_normal,0,0,65535_65535,0,3,97191,163,1,1,0,22,0,28,1,1,pre_allocation
30,5345,greenran_normal,0,0,65535_65535,0,3,97191,171,1,1,1,23,171,28,1,1,allocated
30,5345,greenran_normal,0,0,65535_65535,0,2,97189,163,1,1,0,22,0,28,1,1,pre_allocation
30,5345,greenran_normal,0,0,65535_65535,0,2,97189,171,1,1,1,23,171,28,1,1,allocated
30,5345,greenran_normal,0,0,65535_65535,0,5,97186,163,1,1,0,22,0,28,1,1,pre_allocation
30,5345,greenran_normal,0,0,65535_65535,0,5,97186,171,1,1,1,23,171,28,1,1,allocated
30,5345,greenran_normal,0,0,65535_65535,0,1,97185,163,1,1,0,22,0,28,1,1,pre_allocation
30,5345,greenran_normal,0,0,65535_65535,0,1,97185,171,1,1,1,23,171,28,1,1,allocated
30,5345,greenran_normal,0,0,65535_65535,0,4,98415,139,1,1,0,23,0,24,1,1,pre_allocation
30,5345,greenran_normal,0,0,65535_65535,0,4,98415,145,1,1,1,24,145,24,1,1,allocated
30,5345,greenran_normal,0,0,65535_65535,0,3,97191,171,1,1,0,23,0,28,1,1,pre_allocation
30,5345,greenran_normal,0,0,65535_65535,0,3,97191,179,1,1,1,24,179,28,1,1,allocated
30,5345,greenran_normal,0,0,65535_65535,0,2,97189,171,1,1,0,23,0,28,1,1,pre_allocation
30,5345,greenran_normal,0,0,65535_65535,0,2,97189,179,1,1,1,24,179,28,1,1,allocated
30,5345,greenran_normal,0,0,65535_65535,0,5,97186,171,1,1,0,23,0,28,1,1,pre_allocation
30,5345,greenran_normal,0,0,65535_65535,0,5,97186,179,1,1,1,24,179,28,1,1,allocated
30,5345,greenran_normal,0,0,65535_65535,0,1,97185,171,1,1,0,23,0,28,1,1,pre_allocation
30,5345,greenran_normal,0,0,65535_65535,0,1,97185,179,1,1,1,24,179,28,1,1,allocated
30,5345,greenran_normal,0,0,65535_65535,0,4,98415,145,1,1,0,24,0,24,1,1,pre_allocation
30,5345,greenran_normal,0,0,65535_65535,0,4,98415,151,1,1,1,25,151,24,1,1,allocated
30,5345,greenran_normal,0,0,65535_65535,0,3,97191,179,1,1,0,24,0,28,1,1,pre_allocation
30,5345,greenran_normal,0,0,65535_65535,0,3,97191,186,1,1,1,25,186,28,1,1,allocated
30,5345,greenran_normal,0,0,65535_65535,0,2,97189,179,1,1,0,24,0,28,1,1,pre_allocation
30,5345,greenran_normal,0,0,65535_65535,0,2,97189,186,1,1,1,25,186,28,1,1,allocated
30,5345,greenran_normal,0,0,65535_65535,0,5,97186,179,1,1,0,24,0,28,1,1,pre_allocation
30,5345,greenran_normal,0,0,65535_65535,0,5,97186,186,1,1,1,25,186,28,1,1,allocated
30,5345,greenran_normal,0,0,65535_65535,0,1,97185,179,1,1,0,24,0,28,1,1,pre_allocation
30,5345,greenran_normal,0,0,65535_65535,0,1,97185,186,1,1,1,25,186,28,1,1,allocated
30,5345,greenran_normal,0,0,65535_65535,0,4,98415,151,1,1,0,25,0,24,1,1,pre_allocation
30,5345,greenran_normal,0,0,65535_65535,0,4,98415,157,1,1,1,26,157,24,1,1,allocated
30,5345,greenran_normal,0,0,65535_65535,0,3,97191,186,1,1,0,25,0,28,1,1,pre_allocation
30,5345,greenran_normal,0,0,65535_65535,0,3,97191,194,1,1,1,26,194,28,1,1,allocated
30,5345,greenran_normal,0,0,65535_65535,0,2,97189,186,1,1,0,25,0,28,1,1,pre_allocation
30,5345,greenran_normal,0,0,65535_65535,0,2,97189,194,1,1,1,26,194,28,1,1,allocated
30,5345,greenran_normal,0,0,65535_65535,0,5,97186,186,1,1,0,25,0,28,1,1,pre_allocation
30,5345,greenran_normal,0,0,65535_65535,0,5,97186,194,1,1,1,26,194,28,1,1,allocated
30,5345,greenran_normal,0,0,65535_65535,0,1,97185,186,1,1,0,25,0,28,1,1,pre_allocation
30,5345,greenran_normal,0,0,65535_65535,0,1,97185,194,1,1,1,26,194,28,1,1,allocated
30,5345,greenran_normal,0,0,65535_65535,0,4,98415,157,1,1,0,26,0,24,1,1,pre_allocation
30,5345,greenran_normal,0,0,65535_65535,0,4,98415,164,1,1,1,27,164,24,1,1,allocated
30,5345,greenran_normal,0,0,65535_65535,0,3,97191,194,1,1,0,26,0,28,1,1,pre_allocation
30,5345,greenran_normal,0,0,65535_65535,0,3,97191,201,1,1,1,27,201,28,1,1,allocated
30,5345,greenran_normal,0,0,65535_65535,0,2,97189,194,1,1,0,26,0,28,1,1,pre_allocation
30,5345,greenran_normal,0,0,65535_65535,0,2,97189,201,1,1,1,27,201,28,1,1,allocated
30,5345,greenran_normal,0,0,65535_65535,0,5,97186,194,1,1,0,26,0,28,1,1,pre_allocation
30,5345,greenran_normal,0,0,65535_65535,0,5,97186,201,1,1,1,27,201,28,1,1,allocated
30,5345,greenran_normal,0,0,65535_65535,0,1,97185,194,1,1,0,26,0,28,1,1,pre_allocation
30,5345,greenran_normal,0,0,65535_65535,0,1,97185,201,1,1,1,27,201,28,1,1,allocated
30,5345,greenran_normal,0,0,65535_65535,0,4,98415,164,1,1,0,27,0,24,1,1,pre_allocation
30,5345,greenran_normal,0,0,65535_65535,0,4,98415,170,1,1,1,28,170,24,1,1,allocated
30,5345,greenran_normal,0,0,65535_65535,0,3,97191,201,1,1,0,27,0,28,1,1,pre_allocation
30,5345,greenran_normal,0,0,65535_65535,0,3,97191,209,1,1,1,28,209,28,1,1,allocated
30,5345,greenran_normal,0,0,65535_65535,0,2,97189,201,1,1,0,27,0,28,1,1,pre_allocation
30,5345,greenran_normal,0,0,65535_65535,0,2,97189,209,1,1,1,28,209,28,1,1,allocated
30,5345,greenran_normal,0,0,65535_65535,0,5,97186,201,1,1,0,27,0,28,1,1,pre_allocation
30,5345,greenran_normal,0,0,65535_65535,0,5,97186,209,1,1,1,28,209,28,1,1,allocated
30,5345,greenran_normal,0,0,65535_65535,0,1,97185,201,1,1,0,27,0,28,1,1,pre_allocation
30,5345,greenran_normal,0,0,65535_65535,0,1,97185,209,1,1,1,28,209,28,1,1,allocated
30,5345,greenran_normal,0,0,65535_65535,0,4,98415,170,1,1,0,28,0,24,1,1,pre_allocation
30,5345,greenran_normal,0,0,65535_65535,0,4,98415,176,1,1,1,29,176,24,1,1,allocated
30,5345,greenran_normal,0,0,65535_65535,0,3,97191,209,1,1,0,28,0,28,1,1,pre_allocation
30,5345,greenran_normal,0,0,65535_65535,0,3,97191,217,1,1,1,29,217,28,1,1,allocated
30,5345,greenran_normal,0,0,65535_65535,0,2,97189,209,1,1,0,28,0,28,1,1,pre_allocation
30,5345,greenran_normal,0,0,65535_65535,0,2,97189,217,1,1,1,29,217,28,1,1,allocated
30,5345,greenran_normal,0,0,65535_65535,0,5,97186,209,1,1,0,28,0,28,1,1,pre_allocation
30,5345,greenran_normal,0,0,65535_65535,0,5,97186,217,1,1,1,29,217,28,1,1,allocated
30,5345,greenran_normal,0,0,65535_65535,0,1,97185,209,1,1,0,28,0,28,1,1,pre_allocation
30,5345,greenran_normal,0,0,65535_65535,0,1,97185,217,1,1,1,29,217,28,1,1,allocated
30,5345,greenran_normal,0,0,65535_65535,0,4,98415,176,1,1,0,29,0,24,1,1,pre_allocation
30,5345,greenran_normal,0,0,65535_65535,0,4,98415,182,1,1,1,30,182,24,1,1,allocated
30,5345,greenran_normal,0,0,65535_65535,0,3,97191,217,1,1,0,29,0,28,1,1,pre_allocation
30,5345,greenran_normal,0,0,65535_65535,0,3,97191,224,1,1,1,30,224,28,1,1,allocated
30,5345,greenran_normal,0,0,65535_65535,0,2,97189,217,1,1,0,29,0,28,1,1,pre_allocation
30,5345,greenran_normal,0,0,65535_65535,0,2,97189,224,1,1,1,30,224,28,1,1,allocated
30,5345,greenran_normal,0,0,65535_65535,0,5,97186,217,1,1,0,29,0,28,1,1,pre_allocation
30,5345,greenran_normal,0,0,65535_65535,0,5,97186,224,1,1,1,30,224,28,1,1,allocated
30,5345,greenran_normal,0,0,65535_65535,0,1,97185,217,1,1,0,29,0,28,1,1,pre_allocation
30,5345,greenran_normal,0,0,65535_65535,0,1,97185,224,1,1,1,30,224,28,1,1,allocated
30,5345,greenran_normal,0,0,65535_65535,0,4,98415,182,1,1,0,30,0,24,1,1,pre_allocation
30,5345,greenran_normal,0,0,65535_65535,0,4,98415,188,1,1,1,31,188,24,1,1,allocated
30,5345,greenran_normal,0,0,65535_65535,0,3,97191,224,1,1,0,30,0,28,1,1,pre_allocation
30,5345,greenran_normal,0,0,65535_65535,0,3,97191,232,1,1,1,31,232,28,1,1,allocated
30,5345,greenran_normal,0,0,65535_65535,0,2,97189,224,1,1,0,30,0,28,1,1,pre_allocation
30,5345,greenran_normal,0,0,65535_65535,0,2,97189,232,1,1,1,31,232,28,1,1,allocated
30,5345,greenran_normal,0,0,65535_65535,0,5,97186,224,1,1,0,30,0,28,1,1,pre_allocation
30,5345,greenran_normal,0,0,65535_65535,0,5,97186,232,1,1,1,31,232,28,1,1,allocated
30,5345,greenran_normal,0,0,65535_65535,0,1,97185,224,1,1,0,30,0,28,1,1,pre_allocation
30,5345,greenran_normal,0,0,65535_65535,0,1,97185,232,1,1,1,31,232,28,1,1,allocated
30,5345,greenran_normal,0,0,65535_65535,0,4,98415,188,1,1,0,31,0,24,1,1,pre_allocation
30,5345,greenran_normal,0,0,65535_65535,0,4,98415,195,1,1,1,32,195,24,1,1,allocated
30,5345,greenran_normal,0,0,65535_65535,0,3,97191,232,1,1,0,31,0,28,1,1,pre_allocation
30,5345,greenran_normal,0,0,65535_65535,0,3,97191,239,1,1,1,32,239,28,1,1,allocated
30,5345,greenran_normal,0,0,65535_65535,0,2,97189,232,1,1,0,31,0,28,1,1,pre_allocation
30,5345,greenran_normal,0,0,65535_65535,0,2,97189,239,1,1,1,32,239,28,1,1,allocated
30,5345,greenran_normal,0,0,65535_65535,0,5,97186,232,1,1,0,31,0,28,1,1,pre_allocation
30,5345,greenran_normal,0,0,65535_65535,0,5,97186,239,1,1,1,32,239,28,1,1,allocated
30,5345,greenran_normal,0,0,65535_65535,2,38,3094442,0,1,1,0,0,0,2,1,1,pre_allocation
30,5345,greenran_normal,0,0,65535_65535,2,38,3094442,0,1,1,1,1,0,2,1,1,allocated
30,5345,greenran_normal,0,0,65535_65535,2,60,3094290,0,1,1,0,0,0,12,1,1,pre_allocation
30,5345,greenran_normal,0,0,65535_65535,2,60,3094290,2,1,1,1,1,2,12,1,1,allocated
30,5345,greenran_normal,0,0,65535_65535,2,64,3094191,0,1,1,0,0,0,8,1,1,pre_allocation
30,5345,greenran_normal,0,0,65535_65535,2,64,3094191,1,1,1,1,1,1,8,1,1,allocated
30,5345,greenran_normal,0,0,65535_65535,2,43,3093881,0,1,1,0,0,0,20,1,1,pre_allocation
30,5345,greenran_normal,0,0,65535_65535,2,43,3093881,1,1,1,1,1,1,20,1,1,allocated
30,5345,greenran_normal,0,0,65535_65535,2,42,3093513,0,1,1,0,0,0,24,1,1,pre_allocation
30,5345,greenran_normal,0,0,65535_65535,2,42,3093513,3,1,1,1,1,3,24,1,1,allocated
30,5345,greenran_normal,0,0,65535_65535,2,59,3093314,0,1,1,0,0,0,24,1,1,pre_allocation
30,5345,greenran_normal,0,0,65535_65535,2,59,3093314,3,1,1,1,1,3,24,1,1,allocated
30,5345,greenran_normal,0,0,65535_65535,2,36,3093310,0,1,1,0,0,0,24,1,1,pre_allocation
30,5345,greenran_normal,0,0,65535_65535,2,36,3093310,3,1,1,1,1,3,24,1,1,allocated
30,5345,greenran_normal,0,0,65535_65535,2,58,3093334,0,1,1,0,0,0,28,1,1,pre_allocation
30,5345,greenran_normal,0,0,65535_65535,2,58,3093334,4,1,1,1,1,4,28,1,1,allocated
30,5345,greenran_normal,0,0,65535_65535,2,39,3093258,0,1,1,0,0,0,28,1,1,pre_allocation
30,5345,greenran_normal,0,0,65535_65535,2,39,3093258,4,1,1,1,1,4,28,1,1,allocated
30,5345,greenran_normal,0,0,65535_65535,2,35,3093249,0,1,1,0,0,0,28,1,1,pre_allocation
30,5345,greenran_normal,0,0,65535_65535,2,35,3093249,4,1,1,1,1,4,28,1,1,allocated
30,5345,greenran_normal,0,0,65535_65535,2,44,3093249,0,1,1,0,0,0,28,1,1,pre_allocation
30,5345,greenran_normal,0,0,65535_65535,2,44,3093249,4,1,1,1,1,4,28,1,1,allocated
30,5345,greenran_normal,0,0,65535_65535,2,55,3093249,0,1,1,0,0,0,28,1,1,pre_allocation
30,5345,greenran_normal,0,0,65535_65535,2,55,3093249,4,1,1,1,1,4,28,1,1,allocated
30,5345,greenran_normal,0,0,65535_65535,2,56,3093249,0,1,1,0,0,0,28,1,1,pre_allocation
30,5345,greenran_normal,0,0,65535_65535,2,56,3093249,4,1,1,1,1,4,28,1,1,allocated
30,5345,greenran_normal,0,0,65535_65535,2,57,3093249,0,1,1,0,0,0,28,1,1,pre_allocation
30,5345,greenran_normal,0,0,65535_65535,2,57,3093249,4,1,1,1,1,4,28,1,1,allocated
30,5345,greenran_normal,0,0,65535_65535,2,40,3093251,0,1,1,0,0,0,28,1,1,pre_allocation
30,5345,greenran_normal,0,0,65535_65535,2,40,3093251,4,1,1,1,1,4,28,1,1,allocated
30,5345,greenran_normal,0,0,65535_65535,2,41,3093251,0,1,1,0,0,0,28,1,1,pre_allocation
30,5345,greenran_normal,0,0,65535_65535,2,41,3093251,4,1,1,1,1,4,28,1,1,allocated
30,5345,greenran_normal,0,0,65535_65535,2,62,3093247,0,1,1,0,0,0,28,1,1,pre_allocation
30,5345,greenran_normal,0,0,65535_65535,2,62,3093247,4,1,1,1,1,4,28,1,1,allocated
30,5345,greenran_normal,0,0,65535_65535,2,61,3093247,0,1,1,0,0,0,28,1,1,pre_allocation
30,5345,greenran_normal,0,0,65535_65535,2,61,3093247,4,1,1,1,1,4,28,1,1,allocated
30,5345,greenran_normal,0,0,65535_65535,2,63,3093245,0,1,1,0,0,0,28,1,1,pre_allocation
30,5345,greenran_normal,0,0,65535_65535,2,63,3093245,4,1,1,1,1,4,28,1,1,allocated
30,5345,greenran_normal,0,0,65535_65535,2,37,3093244,0,1,1,0,0,0,28,1,1,pre_allocation
30,5345,greenran_normal,0,0,65535_65535,2,37,3093244,4,1,1,1,1,4,28,1,1,allocated
30,5345,greenran_normal,0,0,65535_65535,2,38,3094442,0,1,1,0,1,0,2,1,1,pre_allocation
30,5345,greenran_normal,0,0,65535_65535,2,38,3094442,0,1,1,1,2,0,2,1,1,allocated
30,5345,greenran_normal,0,0,65535_65535,2,60,3094290,2,1,1,0,1,0,12,1,1,pre_allocation
30,5345,greenran_normal,0,0,65535_65535,2,60,3094290,1,1,1,1,2,1,12,1,1,allocated
30,5345,greenran_normal,0,0,65535_65535,2,64,3094191,1,1,1,0,1,0,8,1,1,pre_allocation
30,5345,greenran_normal,0,0,65535_65535,2,64,3094191,2,1,1,1,2,2,8,1,1,allocated
30,5345,greenran_normal,0,0,65535_65535,2,43,3093881,1,1,1,0,1,0,20,1,1,pre_allocation
30,5345,greenran_normal,0,0,65535_65535,2,43,3093881,6,1,1,1,2,6,20,1,1,allocated
30,5345,greenran_normal,0,0,65535_65535,2,42,3093513,3,1,1,0,1,0,24,1,1,pre_allocation
30,5345,greenran_normal,0,0,65535_65535,2,42,3093513,9,1,1,1,2,9,24,1,1,allocated
30,5345,greenran_normal,0,0,65535_65535,2,59,3093314,3,1,1,0,1,0,24,1,1,pre_allocation
30,5345,greenran_normal,0,0,65535_65535,2,59,3093314,9,1,1,1,2,9,24,1,1,allocated
30,5345,greenran_normal,0,0,65535_65535,2,36,3093310,3,1,1,0,1,0,24,1,1,pre_allocation
30,5345,greenran_normal,0,0,65535_65535,2,36,3093310,9,1,1,1,2,9,24,1,1,allocated
30,5345,greenran_normal,0,0,65535_65535,2,58,3093334,4,1,1,0,1,0,28,1,1,pre_allocation
30,5345,greenran_normal,0,0,65535_65535,2,58,3093334,12,1,1,1,2,12,28,1,1,allocated
30,5345,greenran_normal,0,0,65535_65535,2,39,3093258,4,1,1,0,1,0,28,1,1,pre_allocation
30,5345,greenran_normal,0,0,65535_65535,2,39,3093258,12,1,1,1,2,12,28,1,1,allocated
30,5345,greenran_normal,0,0,65535_65535,2,35,3093249,4,1,1,0,1,0,28,1,1,pre_allocation
30,5345,greenran_normal,0,0,65535_65535,2,35,3093249,12,1,1,1,2,12,28,1,1,allocated
30,5345,greenran_normal,0,0,65535_65535,2,44,3093249,4,1,1,0,1,0,28,1,1,pre_allocation
30,5345,greenran_normal,0,0,65535_65535,2,44,3093249,12,1,1,1,2,12,28,1,1,allocated
30,5345,greenran_normal,0,0,65535_65535,2,55,3093249,4,1,1,0,1,0,28,1,1,pre_allocation
30,5345,greenran_normal,0,0,65535_65535,2,55,3093249,12,1,1,1,2,12,28,1,1,allocated
30,5345,greenran_normal,0,0,65535_65535,2,56,3093249,4,1,1,0,1,0,28,1,1,pre_allocation
30,5345,greenran_normal,0,0,65535_65535,2,56,3093249,12,1,1,1,2,12,28,1,1,allocated
30,5345,greenran_normal,0,0,65535_65535,2,57,3093249,4,1,1,0,1,0,28,1,1,pre_allocation
30,5345,greenran_normal,0,0,65535_65535,2,57,3093249,12,1,1,1,2,12,28,1,1,allocated
30,5345,greenran_normal,0,0,65535_65535,2,40,3093251,4,1,1,0,1,0,28,1,1,pre_allocation
30,5345,greenran_normal,0,0,65535_65535,2,40,3093251,12,1,1,1,2,12,28,1,1,allocated
30,5345,greenran_normal,0,0,65535_65535,2,41,3093251,4,1,1,0,1,0,28,1,1,pre_allocation
30,5345,greenran_normal,0,0,65535_65535,2,41,3093251,12,1,1,1,2,12,28,1,1,allocated
30,5345,greenran_normal,0,0,65535_65535,2,62,3093247,4,1,1,0,1,0,28,1,1,pre_allocation
30,5345,greenran_normal,0,0,65535_65535,2,62,3093247,12,1,1,1,2,12,28,1,1,allocated
30,5345,greenran_normal,0,0,65535_65535,2,61,3093247,4,1,1,0,1,0,28,1,1,pre_allocation
30,5345,greenran_normal,0,0,65535_65535,2,61,3093247,12,1,1,1,2,12,28,1,1,allocated
30,5345,greenran_normal,0,0,65535_65535,2,63,3093245,4,1,1,0,1,0,28,1,1,pre_allocation
30,5345,greenran_normal,0,0,65535_65535,2,63,3093245,12,1,1,1,2,12,28,1,1,allocated
30,5345,greenran_normal,0,0,65535_65535,2,37,3093244,4,1,1,0,1,0,28,1,1,pre_allocation
30,5345,greenran_normal,0,0,65535_65535,2,37,3093244,12,1,1,1,2,12,28,1,1,allocated
30,5345,greenran_normal,0,0,65535_65535,2,38,3094442,0,1,1,0,2,0,2,1,1,pre_allocation
30,5345,greenran_normal,0,0,65535_65535,2,38,3094442,0,1,1,1,3,0,2,1,1,allocated
30,5345,greenran_normal,0,0,65535_65535,2,60,3094290,1,1,1,0,2,0,12,1,1,pre_allocation
30,5345,greenran_normal,0,0,65535_65535,2,60,3094290,3,1,1,1,3,3,12,1,1,allocated
30,5345,greenran_normal,0,0,65535_65535,2,64,3094191,2,1,1,0,2,0,8,1,1,pre_allocation
30,5345,greenran_normal,0,0,65535_65535,2,64,3094191,0,1,1,1,3,0,8,1,1,allocated
30,5345,greenran_normal,0,0,65535_65535,2,43,3093881,6,1,1,0,2,0,20,1,1,pre_allocation
30,5345,greenran_normal,0,0,65535_65535,2,43,3093881,10,1,1,1,3,10,20,1,1,allocated
30,5345,greenran_normal,0,0,65535_65535,2,42,3093513,9,1,1,0,2,0,24,1,1,pre_allocation
30,5345,greenran_normal,0,0,65535_65535,2,42,3093513,15,1,1,1,3,15,24,1,1,allocated
30,5345,greenran_normal,0,0,65535_65535,2,59,3093314,9,1,1,0,2,0,24,1,1,pre_allocation
30,5345,greenran_normal,0,0,65535_65535,2,59,3093314,15,1,1,1,3,15,24,1,1,allocated
30,5345,greenran_normal,0,0,65535_65535,2,36,3093310,9,1,1,0,2,0,24,1,1,pre_allocation
30,5345,greenran_normal,0,0,65535_65535,2,36,3093310,15,1,1,1,3,15,24,1,1,allocated
30,5345,greenran_normal,0,0,65535_65535,2,58,3093334,12,1,1,0,2,0,28,1,1,pre_allocation
30,5345,greenran_normal,0,0,65535_65535,2,58,3093334,19,1,1,1,3,19,28,1,1,allocated
30,5345,greenran_normal,0,0,65535_65535,2,39,3093258,12,1,1,0,2,0,28,1,1,pre_allocation
30,5345,greenran_normal,0,0,65535_65535,2,39,3093258,19,1,1,1,3,19,28,1,1,allocated
30,5345,greenran_normal,0,0,65535_65535,2,35,3093249,12,1,1,0,2,0,28,1,1,pre_allocation
30,5345,greenran_normal,0,0,65535_65535,2,35,3093249,19,1,1,1,3,19,28,1,1,allocated
30,5345,greenran_normal,0,0,65535_65535,2,44,3093249,12,1,1,0,2,0,28,1,1,pre_allocation
30,5345,greenran_normal,0,0,65535_65535,2,44,3093249,19,1,1,1,3,19,28,1,1,allocated
30,5345,greenran_normal,0,0,65535_65535,2,55,3093249,12,1,1,0,2,0,28,1,1,pre_allocation
30,5345,greenran_normal,0,0,65535_65535,2,55,3093249,19,1,1,1,3,19,28,1,1,allocated
30,5345,greenran_normal,0,0,65535_65535,2,56,3093249,12,1,1,0,2,0,28,1,1,pre_allocation
30,5345,greenran_normal,0,0,65535_65535,2,56,3093249,19,1,1,1,3,19,28,1,1,allocated
30,5345,greenran_normal,0,0,65535_65535,2,57,3093249,12,1,1,0,2,0,28,1,1,pre_allocation
30,5345,greenran_normal,0,0,65535_65535,2,57,3093249,19,1,1,1,3,19,28,1,1,allocated
30,5345,greenran_normal,0,0,65535_65535,2,40,3093251,12,1,1,0,2,0,28,1,1,pre_allocation
30,5345,greenran_normal,0,0,65535_65535,2,40,3093251,19,1,1,1,3,19,28,1,1,allocated
30,5345,greenran_normal,0,0,65535_65535,2,41,3093251,12,1,1,0,2,0,28,1,1,pre_allocation
30,5345,greenran_normal,0,0,65535_65535,2,41,3093251,19,1,1,1,3,19,28,1,1,allocated
30,5345,greenran_normal,0,0,65535_65535,2,62,3093247,12,1,1,0,2,0,28,1,1,pre_allocation
30,5345,greenran_normal,0,0,65535_65535,2,62,3093247,19,1,1,1,3,19,28,1,1,allocated
30,5345,greenran_normal,0,0,65535_65535,2,61,3093247,12,1,1,0,2,0,28,1,1,pre_allocation
30,5345,greenran_normal,0,0,65535_65535,2,61,3093247,19,1,1,1,3,19,28,1,1,allocated
30,5345,greenran_normal,0,0,65535_65535,2,63,3093245,12,1,1,0,2,0,28,1,1,pre_allocation
30,5345,greenran_normal,0,0,65535_65535,2,63,3093245,19,1,1,1,3,19,28,1,1,allocated
30,5345,greenran_normal,0,0,65535_65535,2,37,3093244,12,1,1,0,2,0,28,1,1,pre_allocation
30,5345,greenran_normal,0,0,65535_65535,2,37,3093244,19,1,1,1,3,19,28,1,1,allocated
30,5345,greenran_normal,0,0,65535_65535,2,38,3094442,0,1,1,0,3,0,2,1,1,pre_allocation
30,5345,greenran_normal,0,0,65535_65535,2,38,3094442,1,1,1,1,4,1,2,1,1,allocated
30,5345,greenran_normal,0,0,65535_65535,2,60,3094290,3,1,1,0,3,0,12,1,1,pre_allocation
30,5345,greenran_normal,0,0,65535_65535,2,60,3094290,5,1,1,1,4,5,12,1,1,allocated
30,5345,greenran_normal,0,0,65535_65535,2,64,3094191,0,1,1,0,3,0,8,1,1,pre_allocation
30,5345,greenran_normal,0,0,65535_65535,2,64,3094191,1,1,1,1,4,1,8,1,1,allocated
30,5345,greenran_normal,0,0,65535_65535,2,43,3093881,10,1,1,0,3,0,20,1,1,pre_allocation
30,5345,greenran_normal,0,0,65535_65535,2,43,3093881,15,1,1,1,4,15,20,1,1,allocated
30,5345,greenran_normal,0,0,65535_65535,2,42,3093513,15,1,1,0,3,0,24,1,1,pre_allocation
30,5345,greenran_normal,0,0,65535_65535,2,42,3093513,21,1,1,1,4,21,24,1,1,allocated
30,5345,greenran_normal,0,0,65535_65535,2,59,3093314,15,1,1,0,3,0,24,1,1,pre_allocation
30,5345,greenran_normal,0,0,65535_65535,2,59,3093314,21,1,1,1,4,21,24,1,1,allocated
30,5345,greenran_normal,0,0,65535_65535,2,36,3093310,15,1,1,0,3,0,24,1,1,pre_allocation
30,5345,greenran_normal,0,0,65535_65535,2,36,3093310,21,1,1,1,4,21,24,1,1,allocated
30,5345,greenran_normal,0,0,65535_65535,2,58,3093334,19,1,1,0,3,0,28,1,1,pre_allocation
30,5345,greenran_normal,0,0,65535_65535,2,58,3093334,27,1,1,1,4,27,28,1,1,allocated
30,5345,greenran_normal,0,0,65535_65535,2,39,3093258,19,1,1,0,3,0,28,1,1,pre_allocation
30,5345,greenran_normal,0,0,65535_65535,2,39,3093258,27,1,1,1,4,27,28,1,1,allocated
30,5345,greenran_normal,0,0,65535_65535,2,35,3093249,19,1,1,0,3,0,28,1,1,pre_allocation
30,5345,greenran_normal,0,0,65535_65535,2,35,3093249,27,1,1,1,4,27,28,1,1,allocated
30,5345,greenran_normal,0,0,65535_65535,2,44,3093249,19,1,1,0,3,0,28,1,1,pre_allocation
30,5345,greenran_normal,0,0,65535_65535,2,44,3093249,27,1,1,1,4,27,28,1,1,allocated
30,5345,greenran_normal,0,0,65535_65535,2,55,3093249,19,1,1,0,3,0,28,1,1,pre_allocation
30,5345,greenran_normal,0,0,65535_65535,2,55,3093249,27,1,1,1,4,27,28,1,1,allocated
30,5345,greenran_normal,0,0,65535_65535,2,56,3093249,19,1,1,0,3,0,28,1,1,pre_allocation
30,5345,greenran_normal,0,0,65535_65535,2,56,3093249,27,1,1,1,4,27,28,1,1,allocated
30,5345,greenran_normal,0,0,65535_65535,2,57,3093249,19,1,1,0,3,0,28,1,1,pre_allocation
30,5345,greenran_normal,0,0,65535_65535,2,57,3093249,27,1,1,1,4,27,28,1,1,allocated
30,5345,greenran_normal,0,0,65535_65535,2,40,3093251,19,1,1,0,3,0,28,1,1,pre_allocation
30,5345,greenran_normal,0,0,65535_65535,2,40,3093251,27,1,1,1,4,27,28,1,1,allocated
30,5345,greenran_normal,0,0,65535_65535,2,41,3093251,19,1,1,0,3,0,28,1,1,pre_allocation
30,5345,greenran_normal,0,0,65535_65535,2,41,3093251,27,1,1,1,4,27,28,1,1,allocated
30,5345,greenran_normal,0,0,65535_65535,2,62,3093247,19,1,1,0,3,0,28,1,1,pre_allocation
30,5345,greenran_normal,0,0,65535_65535,2,62,3093247,27,1,1,1,4,27,28,1,1,allocated
30,5345,greenran_normal,0,0,65535_65535,2,61,3093247,19,1,1,0,3,0,28,1,1,pre_allocation
30,5345,greenran_normal,0,0,65535_65535,2,61,3093247,27,1,1,1,4,27,28,1,1,allocated
30,5345,greenran_normal,0,0,65535_65535,2,63,3093245,19,1,1,0,3,0,28,1,1,pre_allocation
30,5345,greenran_normal,0,0,65535_65535,2,63,3093245,27,1,1,1,4,27,28,1,1,allocated
30,5345,greenran_normal,0,0,65535_65535,2,37,3093244,19,1,1,0,3,0,28,1,1,pre_allocation
30,5345,greenran_normal,0,0,65535_65535,2,37,3093244,27,1,1,1,4,27,28,1,1,allocated
30,5345,greenran_normal,0,0,65535_65535,2,38,3094442,1,1,1,0,4,0,2,1,1,pre_allocation
30,5345,greenran_normal,0,0,65535_65535,2,38,3094442,1,1,1,1,5,1,2,1,1,allocated
30,5345,greenran_normal,0,0,65535_65535,2,60,3094290,5,1,1,0,4,0,12,1,1,pre_allocation
30,5345,greenran_normal,0,0,65535_65535,2,60,3094290,7,1,1,1,5,7,12,1,1,allocated
30,5345,greenran_normal,0,0,65535_65535,2,64,3094191,1,1,1,0,4,0,8,1,1,pre_allocation
30,5345,greenran_normal,0,0,65535_65535,2,64,3094191,3,1,1,1,5,3,8,1,1,allocated
30,5345,greenran_normal,0,0,65535_65535,2,43,3093881,15,1,1,0,4,0,20,1,1,pre_allocation
30,5345,greenran_normal,0,0,65535_65535,2,43,3093881,19,1,1,1,5,19,20,1,1,allocated
30,5345,greenran_normal,0,0,65535_65535,2,42,3093513,21,1,1,0,4,0,24,1,1,pre_allocation
30,5345,greenran_normal,0,0,65535_65535,2,42,3093513,27,1,1,1,5,27,24,1,1,allocated
30,5345,greenran_normal,0,0,65535_65535,2,59,3093314,21,1,1,0,4,0,24,1,1,pre_allocation
30,5345,greenran_normal,0,0,65535_65535,2,59,3093314,27,1,1,1,5,27,24,1,1,allocated
30,5345,greenran_normal,0,0,65535_65535,2,36,3093310,21,1,1,0,4,0,24,1,1,pre_allocation
30,5345,greenran_normal,0,0,65535_65535,2,36,3093310,27,1,1,1,5,27,24,1,1,allocated
30,5345,greenran_normal,0,0,65535_65535,2,58,3093334,27,1,1,0,4,0,28,1,1,pre_allocation
30,5345,greenran_normal,0,0,65535_65535,2,58,3093334,34,1,1,1,5,34,28,1,1,allocated
30,5345,greenran_normal,0,0,65535_65535,2,39,3093258,27,1,1,0,4,0,28,1,1,pre_allocation
30,5345,greenran_normal,0,0,65535_65535,2,39,3093258,34,1,1,1,5,34,28,1,1,allocated
30,5345,greenran_normal,0,0,65535_65535,2,35,3093249,27,1,1,0,4,0,28,1,1,pre_allocation
30,5345,greenran_normal,0,0,65535_65535,2,35,3093249,34,1,1,1,5,34,28,1,1,allocated
30,5345,greenran_normal,0,0,65535_65535,2,44,3093249,27,1,1,0,4,0,28,1,1,pre_allocation
30,5345,greenran_normal,0,0,65535_65535,2,44,3093249,34,1,1,1,5,34,28,1,1,allocated
30,5345,greenran_normal,0,0,65535_65535,2,55,3093249,27,1,1,0,4,0,28,1,1,pre_allocation
30,5345,greenran_normal,0,0,65535_65535,2,55,3093249,34,1,1,1,5,34,28,1,1,allocated
30,5345,greenran_normal,0,0,65535_65535,2,56,3093249,27,1,1,0,4,0,28,1,1,pre_allocation
30,5345,greenran_normal,0,0,65535_65535,2,56,3093249,34,1,1,1,5,34,28,1,1,allocated
30,5345,greenran_normal,0,0,65535_65535,2,57,3093249,27,1,1,0,4,0,28,1,1,pre_allocation
30,5345,greenran_normal,0,0,65535_65535,2,57,3093249,34,1,1,1,5,34,28,1,1,allocated
30,5345,greenran_normal,0,0,65535_65535,2,40,3093251,27,1,1,0,4,0,28,1,1,pre_allocation
30,5345,greenran_normal,0,0,65535_65535,2,40,3093251,34,1,1,1,5,34,28,1,1,allocated
30,5345,greenran_normal,0,0,65535_65535,2,41,3093251,27,1,1,0,4,0,28,1,1,pre_allocation
30,5345,greenran_normal,0,0,65535_65535,2,41,3093251,34,1,1,1,5,34,28,1,1,allocated
30,5345,greenran_normal,0,0,65535_65535,2,62,3093247,27,1,1,0,4,0,28,1,1,pre_allocation
30,5345,greenran_normal,0,0,65535_65535,2,62,3093247,34,1,1,1,5,34,28,1,1,allocated
30,5345,greenran_normal,0,0,65535_65535,2,61,3093247,27,1,1,0,4,0,28,1,1,pre_allocation
30,5345,greenran_normal,0,0,65535_65535,2,61,3093247,34,1,1,1,5,34,28,1,1,allocated
30,5345,greenran_normal,0,0,65535_65535,2,63,3093245,27,1,1,0,4,0,28,1,1,pre_allocation
30,5345,greenran_normal,0,0,65535_65535,2,63,3093245,34,1,1,1,5,34,28,1,1,allocated
30,5345,greenran_normal,0,0,65535_65535,2,37,3093244,27,1,1,0,4,0,28,1,1,pre_allocation
30,5345,greenran_normal,0,0,65535_65535,2,37,3093244,34,1,1,1,5,34,28,1,1,allocated
30,5345,greenran_normal,0,0,65535_65535,2,38,3094442,1,1,1,0,5,0,2,1,1,pre_allocation
30,5345,greenran_normal,0,0,65535_65535,2,38,3094442,1,1,1,1,6,1,2,1,1,allocated
30,5345,greenran_normal,0,0,65535_65535,2,60,3094290,7,1,1,0,5,0,12,1,1,pre_allocation
30,5345,greenran_normal,0,0,65535_65535,2,60,3094290,9,1,1,1,6,9,12,1,1,allocated
30,5345,greenran_normal,0,0,65535_65535,2,64,3094191,3,1,1,0,5,0,8,1,1,pre_allocation
30,5345,greenran_normal,0,0,65535_65535,2,64,3094191,4,1,1,1,6,4,8,1,1,allocated
30,5345,greenran_normal,0,0,65535_65535,2,43,3093881,19,1,1,0,5,0,20,1,1,pre_allocation
30,5345,greenran_normal,0,0,65535_65535,2,43,3093881,24,1,1,1,6,24,20,1,1,allocated
30,5345,greenran_normal,0,0,65535_65535,2,42,3093513,27,1,1,0,5,0,24,1,1,pre_allocation
30,5345,greenran_normal,0,0,65535_65535,2,42,3093513,34,1,1,1,6,34,24,1,1,allocated
30,5345,greenran_normal,0,0,65535_65535,2,59,3093314,27,1,1,0,5,0,24,1,1,pre_allocation
30,5345,greenran_normal,0,0,65535_65535,2,59,3093314,34,1,1,1,6,34,24,1,1,allocated
30,5345,greenran_normal,0,0,65535_65535,2,36,3093310,27,1,1,0,5,0,24,1,1,pre_allocation
30,5345,greenran_normal,0,0,65535_65535,2,36,3093310,34,1,1,1,6,34,24,1,1,allocated
32,5607,greenran_normal,0,0,65535_65535,0,4,103578,0,1,1,0,0,0,24,1,1,pre_allocation
32,5607,greenran_normal,0,0,65535_65535,0,4,103578,3,1,1,1,1,3,24,1,1,allocated
32,5607,greenran_normal,0,0,65535_65535,0,5,102267,0,1,1,0,0,0,28,1,1,pre_allocation
32,5607,greenran_normal,0,0,65535_65535,0,5,102267,4,1,1,1,1,4,28,1,1,allocated
32,5607,greenran_normal,0,0,65535_65535,0,1,102266,0,1,1,0,0,0,28,1,1,pre_allocation
32,5607,greenran_normal,0,0,65535_65535,0,1,102266,4,1,1,1,1,4,28,1,1,allocated
32,5607,greenran_normal,0,0,65535_65535,0,3,102265,0,1,1,0,0,0,28,1,1,pre_allocation
32,5607,greenran_normal,0,0,65535_65535,0,3,102265,4,1,1,1,1,4,28,1,1,allocated
32,5607,greenran_normal,0,0,65535_65535,0,2,102263,0,1,1,0,0,0,28,1,1,pre_allocation
32,5607,greenran_normal,0,0,65535_65535,0,2,102263,4,1,1,1,1,4,28,1,1,allocated
32,5607,greenran_normal,0,0,65535_65535,0,4,103578,3,1,1,0,1,0,24,1,1,pre_allocation
32,5607,greenran_normal,0,0,65535_65535,0,4,103578,9,1,1,1,2,9,24,1,1,allocated
32,5607,greenran_normal,0,0,65535_65535,0,5,102267,4,1,1,0,1,0,28,1,1,pre_allocation
32,5607,greenran_normal,0,0,65535_65535,0,5,102267,12,1,1,1,2,12,28,1,1,allocated
32,5607,greenran_normal,0,0,65535_65535,0,1,102266,4,1,1,0,1,0,28,1,1,pre_allocation
32,5607,greenran_normal,0,0,65535_65535,0,1,102266,12,1,1,1,2,12,28,1,1,allocated
32,5607,greenran_normal,0,0,65535_65535,0,3,102265,4,1,1,0,1,0,28,1,1,pre_allocation
32,5607,greenran_normal,0,0,65535_65535,0,3,102265,12,1,1,1,2,12,28,1,1,allocated
32,5607,greenran_normal,0,0,65535_65535,0,2,102263,4,1,1,0,1,0,28,1,1,pre_allocation
32,5607,greenran_normal,0,0,65535_65535,0,2,102263,12,1,1,1,2,12,28,1,1,allocated
32,5607,greenran_normal,0,0,65535_65535,0,4,103578,9,1,1,0,2,0,24,1,1,pre_allocation
32,5607,greenran_normal,0,0,65535_65535,0,4,103578,15,1,1,1,3,15,24,1,1,allocated
32,5607,greenran_normal,0,0,65535_65535,0,5,102267,12,1,1,0,2,0,28,1,1,pre_allocation
32,5607,greenran_normal,0,0,65535_65535,0,5,102267,19,1,1,1,3,19,28,1,1,allocated
32,5607,greenran_normal,0,0,65535_65535,0,1,102266,12,1,1,0,2,0,28,1,1,pre_allocation
32,5607,greenran_normal,0,0,65535_65535,0,1,102266,19,1,1,1,3,19,28,1,1,allocated
32,5607,greenran_normal,0,0,65535_65535,0,3,102265,12,1,1,0,2,0,28,1,1,pre_allocation
32,5607,greenran_normal,0,0,65535_65535,0,3,102265,19,1,1,1,3,19,28,1,1,allocated
32,5607,greenran_normal,0,0,65535_65535,0,2,102263,12,1,1,0,2,0,28,1,1,pre_allocation
32,5607,greenran_normal,0,0,65535_65535,0,2,102263,19,1,1,1,3,19,28,1,1,allocated
32,5607,greenran_normal,0,0,65535_65535,0,4,103578,15,1,1,0,3,0,24,1,1,pre_allocation
32,5607,greenran_normal,0,0,65535_65535,0,4,103578,21,1,1,1,4,21,24,1,1,allocated
32,5607,greenran_normal,0,0,65535_65535,0,5,102267,19,1,1,0,3,0,28,1,1,pre_allocation
32,5607,greenran_normal,0,0,65535_65535,0,5,102267,27,1,1,1,4,27,28,1,1,allocated
32,5607,greenran_normal,0,0,65535_65535,0,1,102266,19,1,1,0,3,0,28,1,1,pre_allocation
32,5607,greenran_normal,0,0,65535_65535,0,1,102266,27,1,1,1,4,27,28,1,1,allocated
32,5607,greenran_normal,0,0,65535_65535,0,3,102265,19,1,1,0,3,0,28,1,1,pre_allocation
32,5607,greenran_normal,0,0,65535_65535,0,3,102265,27,1,1,1,4,27,28,1,1,allocated
32,5607,greenran_normal,0,0,65535_65535,0,2,102263,19,1,1,0,3,0,28,1,1,pre_allocation
32,5607,greenran_normal,0,0,65535_65535,0,2,102263,27,1,1,1,4,27,28,1,1,allocated
32,5607,greenran_normal,0,0,65535_65535,0,4,103578,21,1,1,0,4,0,24,1,1,pre_allocation
32,5607,greenran_normal,0,0,65535_65535,0,4,103578,27,1,1,1,5,27,24,1,1,allocated
32,5607,greenran_normal,0,0,65535_65535,0,5,102267,27,1,1,0,4,0,28,1,1,pre_allocation
32,5607,greenran_normal,0,0,65535_65535,0,5,102267,34,1,1,1,5,34,28,1,1,allocated
32,5607,greenran_normal,0,0,65535_65535,0,1,102266,27,1,1,0,4,0,28,1,1,pre_allocation
32,5607,greenran_normal,0,0,65535_65535,0,1,102266,34,1,1,1,5,34,28,1,1,allocated
32,5607,greenran_normal,0,0,65535_65535,0,3,102265,27,1,1,0,4,0,28,1,1,pre_allocation
32,5607,greenran_normal,0,0,65535_65535,0,3,102265,34,1,1,1,5,34,28,1,1,allocated
32,5607,greenran_normal,0,0,65535_65535,0,2,102263,27,1,1,0,4,0,28,1,1,pre_allocation
32,5607,greenran_normal,0,0,65535_65535,0,2,102263,34,1,1,1,5,34,28,1,1,allocated
32,5607,greenran_normal,0,0,65535_65535,0,4,103578,27,1,1,0,5,0,24,1,1,pre_allocation
32,5607,greenran_normal,0,0,65535_65535,0,4,103578,34,1,1,1,6,34,24,1,1,allocated
32,5607,greenran_normal,0,0,65535_65535,0,5,102267,34,1,1,0,5,0,28,1,1,pre_allocation
32,5607,greenran_normal,0,0,65535_65535,0,5,102267,42,1,1,1,6,42,28,1,1,allocated
32,5607,greenran_normal,0,0,65535_65535,0,1,102266,34,1,1,0,5,0,28,1,1,pre_allocation
32,5607,greenran_normal,0,0,65535_65535,0,1,102266,42,1,1,1,6,42,28,1,1,allocated
32,5607,greenran_normal,0,0,65535_65535,0,3,102265,34,1,1,0,5,0,28,1,1,pre_allocation
32,5607,greenran_normal,0,0,65535_65535,0,3,102265,42,1,1,1,6,42,28,1,1,allocated
32,5607,greenran_normal,0,0,65535_65535,0,2,102263,34,1,1,0,5,0,28,1,1,pre_allocation
32,5607,greenran_normal,0,0,65535_65535,0,2,102263,42,1,1,1,6,42,28,1,1,allocated
32,5607,greenran_normal,0,0,65535_65535,0,4,103578,34,1,1,0,6,0,24,1,1,pre_allocation
32,5607,greenran_normal,0,0,65535_65535,0,4,103578,40,1,1,1,7,40,24,1,1,allocated
32,5607,greenran_normal,0,0,65535_65535,0,5,102267,42,1,1,0,6,0,28,1,1,pre_allocation
32,5607,greenran_normal,0,0,65535_65535,0,5,102267,50,1,1,1,7,50,28,1,1,allocated
32,5607,greenran_normal,0,0,65535_65535,0,1,102266,42,1,1,0,6,0,28,1,1,pre_allocation
32,5607,greenran_normal,0,0,65535_65535,0,1,102266,50,1,1,1,7,50,28,1,1,allocated
32,5607,greenran_normal,0,0,65535_65535,0,3,102265,42,1,1,0,6,0,28,1,1,pre_allocation
32,5607,greenran_normal,0,0,65535_65535,0,3,102265,50,1,1,1,7,50,28,1,1,allocated
32,5607,greenran_normal,0,0,65535_65535,0,2,102263,42,1,1,0,6,0,28,1,1,pre_allocation
32,5607,greenran_normal,0,0,65535_65535,0,2,102263,50,1,1,1,7,50,28,1,1,allocated
32,5607,greenran_normal,0,0,65535_65535,0,4,103578,40,1,1,0,7,0,24,1,1,pre_allocation
32,5607,greenran_normal,0,0,65535_65535,0,4,103578,46,1,1,1,8,46,24,1,1,allocated
32,5607,greenran_normal,0,0,65535_65535,0,5,102267,50,1,1,0,7,0,28,1,1,pre_allocation
32,5607,greenran_normal,0,0,65535_65535,0,5,102267,57,1,1,1,8,57,28,1,1,allocated
32,5607,greenran_normal,0,0,65535_65535,0,1,102266,50,1,1,0,7,0,28,1,1,pre_allocation
32,5607,greenran_normal,0,0,65535_65535,0,1,102266,57,1,1,1,8,57,28,1,1,allocated
32,5607,greenran_normal,0,0,65535_65535,0,3,102265,50,1,1,0,7,0,28,1,1,pre_allocation
32,5607,greenran_normal,0,0,65535_65535,0,3,102265,57,1,1,1,8,57,28,1,1,allocated
32,5607,greenran_normal,0,0,65535_65535,0,2,102263,50,1,1,0,7,0,28,1,1,pre_allocation
32,5607,greenran_normal,0,0,65535_65535,0,2,102263,57,1,1,1,8,57,28,1,1,allocated
32,5607,greenran_normal,0,0,65535_65535,0,4,103578,46,1,1,0,8,0,24,1,1,pre_allocation
32,5607,greenran_normal,0,0,65535_65535,0,4,103578,52,1,1,1,9,52,24,1,1,allocated
32,5607,greenran_normal,0,0,65535_65535,0,5,102267,57,1,1,0,8,0,28,1,1,pre_allocation
32,5607,greenran_normal,0,0,65535_65535,0,5,102267,65,1,1,1,9,65,28,1,1,allocated
32,5607,greenran_normal,0,0,65535_65535,0,1,102266,57,1,1,0,8,0,28,1,1,pre_allocation
32,5607,greenran_normal,0,0,65535_65535,0,1,102266,65,1,1,1,9,65,28,1,1,allocated
32,5607,greenran_normal,0,0,65535_65535,0,3,102265,57,1,1,0,8,0,28,1,1,pre_allocation
32,5607,greenran_normal,0,0,65535_65535,0,3,102265,65,1,1,1,9,65,28,1,1,allocated
32,5607,greenran_normal,0,0,65535_65535,0,2,102263,57,1,1,0,8,0,28,1,1,pre_allocation
32,5607,greenran_normal,0,0,65535_65535,0,2,102263,65,1,1,1,9,65,28,1,1,allocated
32,5607,greenran_normal,0,0,65535_65535,0,4,103578,52,1,1,0,9,0,24,1,1,pre_allocation
32,5607,greenran_normal,0,0,65535_65535,0,4,103578,58,1,1,1,10,58,24,1,1,allocated
32,5607,greenran_normal,0,0,65535_65535,0,5,102267,65,1,1,0,9,0,28,1,1,pre_allocation
32,5607,greenran_normal,0,0,65535_65535,0,5,102267,72,1,1,1,10,72,28,1,1,allocated
32,5607,greenran_normal,0,0,65535_65535,0,1,102266,65,1,1,0,9,0,28,1,1,pre_allocation
32,5607,greenran_normal,0,0,65535_65535,0,1,102266,72,1,1,1,10,72,28,1,1,allocated
32,5607,greenran_normal,0,0,65535_65535,0,3,102265,65,1,1,0,9,0,28,1,1,pre_allocation
32,5607,greenran_normal,0,0,65535_65535,0,3,102265,72,1,1,1,10,72,28,1,1,allocated
32,5607,greenran_normal,0,0,65535_65535,0,2,102263,65,1,1,0,9,0,28,1,1,pre_allocation
32,5607,greenran_normal,0,0,65535_65535,0,2,102263,72,1,1,1,10,72,28,1,1,allocated
32,5607,greenran_normal,0,0,65535_65535,0,4,103578,58,1,1,0,10,0,24,1,1,pre_allocation
32,5607,greenran_normal,0,0,65535_65535,0,4,103578,65,1,1,1,11,65,24,1,1,allocated
32,5607,greenran_normal,0,0,65535_65535,0,5,102267,72,1,1,0,10,0,28,1,1,pre_allocation
32,5607,greenran_normal,0,0,65535_65535,0,5,102267,80,1,1,1,11,80,28,1,1,allocated
32,5607,greenran_normal,0,0,65535_65535,0,1,102266,72,1,1,0,10,0,28,1,1,pre_allocation
32,5607,greenran_normal,0,0,65535_65535,0,1,102266,80,1,1,1,11,80,28,1,1,allocated
32,5607,greenran_normal,0,0,65535_65535,0,3,102265,72,1,1,0,10,0,28,1,1,pre_allocation
32,5607,greenran_normal,0,0,65535_65535,0,3,102265,80,1,1,1,11,80,28,1,1,allocated
32,5607,greenran_normal,0,0,65535_65535,0,2,102263,72,1,1,0,10,0,28,1,1,pre_allocation
32,5607,greenran_normal,0,0,65535_65535,0,2,102263,80,1,1,1,11,80,28,1,1,allocated
32,5607,greenran_normal,0,0,65535_65535,0,4,103578,65,1,1,0,11,0,24,1,1,pre_allocation
32,5607,greenran_normal,0,0,65535_65535,0,4,103578,71,1,1,1,12,71,24,1,1,allocated
32,5607,greenran_normal,0,0,65535_65535,0,5,102267,80,1,1,0,11,0,28,1,1,pre_allocation
32,5607,greenran_normal,0,0,65535_65535,0,5,102267,88,1,1,1,12,88,28,1,1,allocated
32,5607,greenran_normal,0,0,65535_65535,0,1,102266,80,1,1,0,11,0,28,1,1,pre_allocation
32,5607,greenran_normal,0,0,65535_65535,0,1,102266,88,1,1,1,12,88,28,1,1,allocated
32,5607,greenran_normal,0,0,65535_65535,0,3,102265,80,1,1,0,11,0,28,1,1,pre_allocation
32,5607,greenran_normal,0,0,65535_65535,0,3,102265,88,1,1,1,12,88,28,1,1,allocated
32,5607,greenran_normal,0,0,65535_65535,0,2,102263,80,1,1,0,11,0,28,1,1,pre_allocation
32,5607,greenran_normal,0,0,65535_65535,0,2,102263,88,1,1,1,12,88,28,1,1,allocated
32,5607,greenran_normal,0,0,65535_65535,0,4,103578,71,1,1,0,12,0,24,1,1,pre_allocation
32,5607,greenran_normal,0,0,65535_65535,0,4,103578,77,1,1,1,13,77,24,1,1,allocated
32,5607,greenran_normal,0,0,65535_65535,0,5,102267,88,1,1,0,12,0,28,1,1,pre_allocation
32,5607,greenran_normal,0,0,65535_65535,0,5,102267,95,1,1,1,13,95,28,1,1,allocated
32,5607,greenran_normal,0,0,65535_65535,0,1,102266,88,1,1,0,12,0,28,1,1,pre_allocation
32,5607,greenran_normal,0,0,65535_65535,0,1,102266,95,1,1,1,13,95,28,1,1,allocated
32,5607,greenran_normal,0,0,65535_65535,0,3,102265,88,1,1,0,12,0,28,1,1,pre_allocation
32,5607,greenran_normal,0,0,65535_65535,0,3,102265,95,1,1,1,13,95,28,1,1,allocated
32,5607,greenran_normal,0,0,65535_65535,0,2,102263,88,1,1,0,12,0,28,1,1,pre_allocation
32,5607,greenran_normal,0,0,65535_65535,0,2,102263,95,1,1,1,13,95,28,1,1,allocated
32,5607,greenran_normal,0,0,65535_65535,0,4,103578,77,1,1,0,13,0,24,1,1,pre_allocation
32,5607,greenran_normal,0,0,65535_65535,0,4,103578,83,1,1,1,14,83,24,1,1,allocated
32,5607,greenran_normal,0,0,65535_65535,0,5,102267,95,1,1,0,13,0,28,1,1,pre_allocation
32,5607,greenran_normal,0,0,65535_65535,0,5,102267,103,1,1,1,14,103,28,1,1,allocated
32,5607,greenran_normal,0,0,65535_65535,0,1,102266,95,1,1,0,13,0,28,1,1,pre_allocation
32,5607,greenran_normal,0,0,65535_65535,0,1,102266,103,1,1,1,14,103,28,1,1,allocated
32,5607,greenran_normal,0,0,65535_65535,0,3,102265,95,1,1,0,13,0,28,1,1,pre_allocation
32,5607,greenran_normal,0,0,65535_65535,0,3,102265,103,1,1,1,14,103,28,1,1,allocated
32,5607,greenran_normal,0,0,65535_65535,0,2,102263,95,1,1,0,13,0,28,1,1,pre_allocation
32,5607,greenran_normal,0,0,65535_65535,0,2,102263,103,1,1,1,14,103,28,1,1,allocated
32,5607,greenran_normal,0,0,65535_65535,0,4,103578,83,1,1,0,14,0,24,1,1,pre_allocation
32,5607,greenran_normal,0,0,65535_65535,0,4,103578,89,1,1,1,15,89,24,1,1,allocated
32,5607,greenran_normal,0,0,65535_65535,0,5,102267,103,1,1,0,14,0,28,1,1,pre_allocation
32,5607,greenran_normal,0,0,65535_65535,0,5,102267,110,1,1,1,15,110,28,1,1,allocated
32,5607,greenran_normal,0,0,65535_65535,0,1,102266,103,1,1,0,14,0,28,1,1,pre_allocation
32,5607,greenran_normal,0,0,65535_65535,0,1,102266,110,1,1,1,15,110,28,1,1,allocated
32,5607,greenran_normal,0,0,65535_65535,0,3,102265,103,1,1,0,14,0,28,1,1,pre_allocation
32,5607,greenran_normal,0,0,65535_65535,0,3,102265,110,1,1,1,15,110,28,1,1,allocated
32,5607,greenran_normal,0,0,65535_65535,0,2,102263,103,1,1,0,14,0,28,1,1,pre_allocation
32,5607,greenran_normal,0,0,65535_65535,0,2,102263,110,1,1,1,15,110,28,1,1,allocated
32,5607,greenran_normal,0,0,65535_65535,0,4,103578,89,1,1,0,15,0,24,1,1,pre_allocation
32,5607,greenran_normal,0,0,65535_65535,0,4,103578,96,1,1,1,16,96,24,1,1,allocated
32,5607,greenran_normal,0,0,65535_65535,0,5,102267,110,1,1,0,15,0,28,1,1,pre_allocation
32,5607,greenran_normal,0,0,65535_65535,0,5,102267,118,1,1,1,16,118,28,1,1,allocated
32,5607,greenran_normal,0,0,65535_65535,0,1,102266,110,1,1,0,15,0,28,1,1,pre_allocation
32,5607,greenran_normal,0,0,65535_65535,0,1,102266,118,1,1,1,16,118,28,1,1,allocated
32,5607,greenran_normal,0,0,65535_65535,0,3,102265,110,1,1,0,15,0,28,1,1,pre_allocation
32,5607,greenran_normal,0,0,65535_65535,0,3,102265,118,1,1,1,16,118,28,1,1,allocated
32,5607,greenran_normal,0,0,65535_65535,0,2,102263,110,1,1,0,15,0,28,1,1,pre_allocation
32,5607,greenran_normal,0,0,65535_65535,0,2,102263,118,1,1,1,16,118,28,1,1,allocated
32,5607,greenran_normal,0,0,65535_65535,0,4,103578,96,1,1,0,16,0,24,1,1,pre_allocation
32,5607,greenran_normal,0,0,65535_65535,0,4,103578,102,1,1,1,17,102,24,1,1,allocated
32,5607,greenran_normal,0,0,65535_65535,0,5,102267,118,1,1,0,16,0,28,1,1,pre_allocation
32,5607,greenran_normal,0,0,65535_65535,0,5,102267,126,1,1,1,17,126,28,1,1,allocated
32,5607,greenran_normal,0,0,65535_65535,0,1,102266,118,1,1,0,16,0,28,1,1,pre_allocation
32,5607,greenran_normal,0,0,65535_65535,0,1,102266,126,1,1,1,17,126,28,1,1,allocated
32,5607,greenran_normal,0,0,65535_65535,0,3,102265,118,1,1,0,16,0,28,1,1,pre_allocation
32,5607,greenran_normal,0,0,65535_65535,0,3,102265,126,1,1,1,17,126,28,1,1,allocated
32,5607,greenran_normal,0,0,65535_65535,0,2,102263,118,1,1,0,16,0,28,1,1,pre_allocation
32,5607,greenran_normal,0,0,65535_65535,0,2,102263,126,1,1,1,17,126,28,1,1,allocated
32,5607,greenran_normal,0,0,65535_65535,0,4,103578,102,1,1,0,17,0,24,1,1,pre_allocation
32,5607,greenran_normal,0,0,65535_65535,0,4,103578,108,1,1,1,18,108,24,1,1,allocated
32,5607,greenran_normal,0,0,65535_65535,0,5,102267,126,1,1,0,17,0,28,1,1,pre_allocation
32,5607,greenran_normal,0,0,65535_65535,0,5,102267,133,1,1,1,18,133,28,1,1,allocated
32,5607,greenran_normal,0,0,65535_65535,0,1,102266,126,1,1,0,17,0,28,1,1,pre_allocation
32,5607,greenran_normal,0,0,65535_65535,0,1,102266,133,1,1,1,18,133,28,1,1,allocated
32,5607,greenran_normal,0,0,65535_65535,0,3,102265,126,1,1,0,17,0,28,1,1,pre_allocation
32,5607,greenran_normal,0,0,65535_65535,0,3,102265,133,1,1,1,18,133,28,1,1,allocated
32,5607,greenran_normal,0,0,65535_65535,0,2,102263,126,1,1,0,17,0,28,1,1,pre_allocation
32,5607,greenran_normal,0,0,65535_65535,0,2,102263,133,1,1,1,18,133,28,1,1,allocated
32,5607,greenran_normal,0,0,65535_65535,0,4,103578,108,1,1,0,18,0,24,1,1,pre_allocation
32,5607,greenran_normal,0,0,65535_65535,0,4,103578,114,1,1,1,19,114,24,1,1,allocated
32,5607,greenran_normal,0,0,65535_65535,0,5,102267,133,1,1,0,18,0,28,1,1,pre_allocation
32,5607,greenran_normal,0,0,65535_65535,0,5,102267,141,1,1,1,19,141,28,1,1,allocated
32,5607,greenran_normal,0,0,65535_65535,0,1,102266,133,1,1,0,18,0,28,1,1,pre_allocation
32,5607,greenran_normal,0,0,65535_65535,0,1,102266,141,1,1,1,19,141,28,1,1,allocated
32,5607,greenran_normal,0,0,65535_65535,0,3,102265,133,1,1,0,18,0,28,1,1,pre_allocation
32,5607,greenran_normal,0,0,65535_65535,0,3,102265,141,1,1,1,19,141,28,1,1,allocated
32,5607,greenran_normal,0,0,65535_65535,0,2,102263,133,1,1,0,18,0,28,1,1,pre_allocation
32,5607,greenran_normal,0,0,65535_65535,0,2,102263,141,1,1,1,19,141,28,1,1,allocated
32,5607,greenran_normal,0,0,65535_65535,0,4,103578,114,1,1,0,19,0,24,1,1,pre_allocation
32,5607,greenran_normal,0,0,65535_65535,0,4,103578,120,1,1,1,20,120,24,1,1,allocated
32,5607,greenran_normal,0,0,65535_65535,0,5,102267,141,1,1,0,19,0,28,1,1,pre_allocation
32,5607,greenran_normal,0,0,65535_65535,0,5,102267,148,1,1,1,20,148,28,1,1,allocated
32,5607,greenran_normal,0,0,65535_65535,0,1,102266,141,1,1,0,19,0,28,1,1,pre_allocation
32,5607,greenran_normal,0,0,65535_65535,0,1,102266,148,1,1,1,20,148,28,1,1,allocated
32,5607,greenran_normal,0,0,65535_65535,0,3,102265,141,1,1,0,19,0,28,1,1,pre_allocation
32,5607,greenran_normal,0,0,65535_65535,0,3,102265,148,1,1,1,20,148,28,1,1,allocated
32,5607,greenran_normal,0,0,65535_65535,0,2,102263,141,1,1,0,19,0,28,1,1,pre_allocation
32,5607,greenran_normal,0,0,65535_65535,0,2,102263,148,1,1,1,20,148,28,1,1,allocated
32,5607,greenran_normal,0,0,65535_65535,0,4,103578,120,1,1,0,20,0,24,1,1,pre_allocation
32,5607,greenran_normal,0,0,65535_65535,0,4,103578,126,1,1,1,21,126,24,1,1,allocated
32,5607,greenran_normal,0,0,65535_65535,0,5,102267,148,1,1,0,20,0,28,1,1,pre_allocation
32,5607,greenran_normal,0,0,65535_65535,0,5,102267,156,1,1,1,21,156,28,1,1,allocated
32,5607,greenran_normal,0,0,65535_65535,0,1,102266,148,1,1,0,20,0,28,1,1,pre_allocation
32,5607,greenran_normal,0,0,65535_65535,0,1,102266,156,1,1,1,21,156,28,1,1,allocated
32,5607,greenran_normal,0,0,65535_65535,0,3,102265,148,1,1,0,20,0,28,1,1,pre_allocation
32,5607,greenran_normal,0,0,65535_65535,0,3,102265,156,1,1,1,21,156,28,1,1,allocated
32,5607,greenran_normal,0,0,65535_65535,0,2,102263,148,1,1,0,20,0,28,1,1,pre_allocation
32,5607,greenran_normal,0,0,65535_65535,0,2,102263,156,1,1,1,21,156,28,1,1,allocated
32,5607,greenran_normal,0,0,65535_65535,0,4,103578,126,1,1,0,21,0,24,1,1,pre_allocation
32,5607,greenran_normal,0,0,65535_65535,0,4,103578,133,1,1,1,22,133,24,1,1,allocated
32,5607,greenran_normal,0,0,65535_65535,0,5,102267,156,1,1,0,21,0,28,1,1,pre_allocation
32,5607,greenran_normal,0,0,65535_65535,0,5,102267,163,1,1,1,22,163,28,1,1,allocated
32,5607,greenran_normal,0,0,65535_65535,0,1,102266,156,1,1,0,21,0,28,1,1,pre_allocation
32,5607,greenran_normal,0,0,65535_65535,0,1,102266,163,1,1,1,22,163,28,1,1,allocated
32,5607,greenran_normal,0,0,65535_65535,0,3,102265,156,1,1,0,21,0,28,1,1,pre_allocation
32,5607,greenran_normal,0,0,65535_65535,0,3,102265,163,1,1,1,22,163,28,1,1,allocated
32,5607,greenran_normal,0,0,65535_65535,0,2,102263,156,1,1,0,21,0,28,1,1,pre_allocation
32,5607,greenran_normal,0,0,65535_65535,0,2,102263,163,1,1,1,22,163,28,1,1,allocated
32,5607,greenran_normal,0,0,65535_65535,0,4,103578,133,1,1,0,22,0,24,1,1,pre_allocation
32,5607,greenran_normal,0,0,65535_65535,0,4,103578,139,1,1,1,23,139,24,1,1,allocated
32,5607,greenran_normal,0,0,65535_65535,0,5,102267,163,1,1,0,22,0,28,1,1,pre_allocation
32,5607,greenran_normal,0,0,65535_65535,0,5,102267,171,1,1,1,23,171,28,1,1,allocated
32,5607,greenran_normal,0,0,65535_65535,0,1,102266,163,1,1,0,22,0,28,1,1,pre_allocation
32,5607,greenran_normal,0,0,65535_65535,0,1,102266,171,1,1,1,23,171,28,1,1,allocated
32,5607,greenran_normal,0,0,65535_65535,0,3,102265,163,1,1,0,22,0,28,1,1,pre_allocation
32,5607,greenran_normal,0,0,65535_65535,0,3,102265,171,1,1,1,23,171,28,1,1,allocated
32,5607,greenran_normal,0,0,65535_65535,0,2,102263,163,1,1,0,22,0,28,1,1,pre_allocation
32,5607,greenran_normal,0,0,65535_65535,0,2,102263,171,1,1,1,23,171,28,1,1,allocated
32,5607,greenran_normal,0,0,65535_65535,0,4,103578,139,1,1,0,23,0,24,1,1,pre_allocation
32,5607,greenran_normal,0,0,65535_65535,0,4,103578,145,1,1,1,24,145,24,1,1,allocated
32,5607,greenran_normal,0,0,65535_65535,0,5,102267,171,1,1,0,23,0,28,1,1,pre_allocation
32,5607,greenran_normal,0,0,65535_65535,0,5,102267,179,1,1,1,24,179,28,1,1,allocated
32,5607,greenran_normal,0,0,65535_65535,0,1,102266,171,1,1,0,23,0,28,1,1,pre_allocation
32,5607,greenran_normal,0,0,65535_65535,0,1,102266,179,1,1,1,24,179,28,1,1,allocated
32,5607,greenran_normal,0,0,65535_65535,0,3,102265,171,1,1,0,23,0,28,1,1,pre_allocation
32,5607,greenran_normal,0,0,65535_65535,0,3,102265,179,1,1,1,24,179,28,1,1,allocated
32,5607,greenran_normal,0,0,65535_65535,0,2,102263,171,1,1,0,23,0,28,1,1,pre_allocation
32,5607,greenran_normal,0,0,65535_65535,0,2,102263,179,1,1,1,24,179,28,1,1,allocated
32,5607,greenran_normal,0,0,65535_65535,0,4,103578,145,1,1,0,24,0,24,1,1,pre_allocation
32,5607,greenran_normal,0,0,65535_65535,0,4,103578,151,1,1,1,25,151,24,1,1,allocated
32,5607,greenran_normal,0,0,65535_65535,0,5,102267,179,1,1,0,24,0,28,1,1,pre_allocation
32,5607,greenran_normal,0,0,65535_65535,0,5,102267,186,1,1,1,25,186,28,1,1,allocated
32,5607,greenran_normal,0,0,65535_65535,0,1,102266,179,1,1,0,24,0,28,1,1,pre_allocation
32,5607,greenran_normal,0,0,65535_65535,0,1,102266,186,1,1,1,25,186,28,1,1,allocated
32,5607,greenran_normal,0,0,65535_65535,0,3,102265,179,1,1,0,24,0,28,1,1,pre_allocation
32,5607,greenran_normal,0,0,65535_65535,0,3,102265,186,1,1,1,25,186,28,1,1,allocated
32,5607,greenran_normal,0,0,65535_65535,0,2,102263,179,1,1,0,24,0,28,1,1,pre_allocation
32,5607,greenran_normal,0,0,65535_65535,0,2,102263,186,1,1,1,25,186,28,1,1,allocated
32,5607,greenran_normal,0,0,65535_65535,0,4,103578,151,1,1,0,25,0,24,1,1,pre_allocation
32,5607,greenran_normal,0,0,65535_65535,0,4,103578,157,1,1,1,26,157,24,1,1,allocated
32,5607,greenran_normal,0,0,65535_65535,0,5,102267,186,1,1,0,25,0,28,1,1,pre_allocation
32,5607,greenran_normal,0,0,65535_65535,0,5,102267,194,1,1,1,26,194,28,1,1,allocated
32,5607,greenran_normal,0,0,65535_65535,0,1,102266,186,1,1,0,25,0,28,1,1,pre_allocation
32,5607,greenran_normal,0,0,65535_65535,0,1,102266,194,1,1,1,26,194,28,1,1,allocated
32,5607,greenran_normal,0,0,65535_65535,0,3,102265,186,1,1,0,25,0,28,1,1,pre_allocation
32,5607,greenran_normal,0,0,65535_65535,0,3,102265,194,1,1,1,26,194,28,1,1,allocated
32,5607,greenran_normal,0,0,65535_65535,0,2,102263,186,1,1,0,25,0,28,1,1,pre_allocation
32,5607,greenran_normal,0,0,65535_65535,0,2,102263,194,1,1,1,26,194,28,1,1,allocated
32,5607,greenran_normal,0,0,65535_65535,0,4,103578,157,1,1,0,26,0,24,1,1,pre_allocation
32,5607,greenran_normal,0,0,65535_65535,0,4,103578,164,1,1,1,27,164,24,1,1,allocated
32,5607,greenran_normal,0,0,65535_65535,0,5,102267,194,1,1,0,26,0,28,1,1,pre_allocation
32,5607,greenran_normal,0,0,65535_65535,0,5,102267,201,1,1,1,27,201,28,1,1,allocated
32,5607,greenran_normal,0,0,65535_65535,0,1,102266,194,1,1,0,26,0,28,1,1,pre_allocation
32,5607,greenran_normal,0,0,65535_65535,0,1,102266,201,1,1,1,27,201,28,1,1,allocated
32,5607,greenran_normal,0,0,65535_65535,0,3,102265,194,1,1,0,26,0,28,1,1,pre_allocation
32,5607,greenran_normal,0,0,65535_65535,0,3,102265,201,1,1,1,27,201,28,1,1,allocated
32,5607,greenran_normal,0,0,65535_65535,0,2,102263,194,1,1,0,26,0,28,1,1,pre_allocation
32,5607,greenran_normal,0,0,65535_65535,0,2,102263,201,1,1,1,27,201,28,1,1,allocated
32,5607,greenran_normal,0,0,65535_65535,0,4,103578,164,1,1,0,27,0,24,1,1,pre_allocation
32,5607,greenran_normal,0,0,65535_65535,0,4,103578,170,1,1,1,28,170,24,1,1,allocated
32,5607,greenran_normal,0,0,65535_65535,0,5,102267,201,1,1,0,27,0,28,1,1,pre_allocation
32,5607,greenran_normal,0,0,65535_65535,0,5,102267,209,1,1,1,28,209,28,1,1,allocated
32,5607,greenran_normal,0,0,65535_65535,0,1,102266,201,1,1,0,27,0,28,1,1,pre_allocation
32,5607,greenran_normal,0,0,65535_65535,0,1,102266,209,1,1,1,28,209,28,1,1,allocated
32,5607,greenran_normal,0,0,65535_65535,0,3,102265,201,1,1,0,27,0,28,1,1,pre_allocation
32,5607,greenran_normal,0,0,65535_65535,0,3,102265,209,1,1,1,28,209,28,1,1,allocated
32,5607,greenran_normal,0,0,65535_65535,0,2,102263,201,1,1,0,27,0,28,1,1,pre_allocation
32,5607,greenran_normal,0,0,65535_65535,0,2,102263,209,1,1,1,28,209,28,1,1,allocated
32,5607,greenran_normal,0,0,65535_65535,0,4,103578,170,1,1,0,28,0,24,1,1,pre_allocation
32,5607,greenran_normal,0,0,65535_65535,0,4,103578,176,1,1,1,29,176,24,1,1,allocated
32,5607,greenran_normal,0,0,65535_65535,0,5,102267,209,1,1,0,28,0,28,1,1,pre_allocation
32,5607,greenran_normal,0,0,65535_65535,0,5,102267,217,1,1,1,29,217,28,1,1,allocated
32,5607,greenran_normal,0,0,65535_65535,0,1,102266,209,1,1,0,28,0,28,1,1,pre_allocation
32,5607,greenran_normal,0,0,65535_65535,0,1,102266,217,1,1,1,29,217,28,1,1,allocated
32,5607,greenran_normal,0,0,65535_65535,0,3,102265,209,1,1,0,28,0,28,1,1,pre_allocation
32,5607,greenran_normal,0,0,65535_65535,0,3,102265,217,1,1,1,29,217,28,1,1,allocated
32,5607,greenran_normal,0,0,65535_65535,0,2,102263,209,1,1,0,28,0,28,1,1,pre_allocation
32,5607,greenran_normal,0,0,65535_65535,0,2,102263,217,1,1,1,29,217,28,1,1,allocated
32,5607,greenran_normal,0,0,65535_65535,0,4,103578,176,1,1,0,29,0,24,1,1,pre_allocation
32,5607,greenran_normal,0,0,65535_65535,0,4,103578,182,1,1,1,30,182,24,1,1,allocated
32,5607,greenran_normal,0,0,65535_65535,0,5,102267,217,1,1,0,29,0,28,1,1,pre_allocation
32,5607,greenran_normal,0,0,65535_65535,0,5,102267,224,1,1,1,30,224,28,1,1,allocated
32,5607,greenran_normal,0,0,65535_65535,0,1,102266,217,1,1,0,29,0,28,1,1,pre_allocation
32,5607,greenran_normal,0,0,65535_65535,0,1,102266,224,1,1,1,30,224,28,1,1,allocated
32,5607,greenran_normal,0,0,65535_65535,0,3,102265,217,1,1,0,29,0,28,1,1,pre_allocation
32,5607,greenran_normal,0,0,65535_65535,0,3,102265,224,1,1,1,30,224,28,1,1,allocated
32,5607,greenran_normal,0,0,65535_65535,0,2,102263,217,1,1,0,29,0,28,1,1,pre_allocation
32,5607,greenran_normal,0,0,65535_65535,0,2,102263,224,1,1,1,30,224,28,1,1,allocated
32,5607,greenran_normal,0,0,65535_65535,0,4,103578,182,1,1,0,30,0,24,1,1,pre_allocation
32,5607,greenran_normal,0,0,65535_65535,0,4,103578,188,1,1,1,31,188,24,1,1,allocated
32,5607,greenran_normal,0,0,65535_65535,0,5,102267,224,1,1,0,30,0,28,1,1,pre_allocation
32,5607,greenran_normal,0,0,65535_65535,0,5,102267,232,1,1,1,31,232,28,1,1,allocated
32,5607,greenran_normal,0,0,65535_65535,0,1,102266,224,1,1,0,30,0,28,1,1,pre_allocation
32,5607,greenran_normal,0,0,65535_65535,0,1,102266,232,1,1,1,31,232,28,1,1,allocated
32,5607,greenran_normal,0,0,65535_65535,0,3,102265,224,1,1,0,30,0,28,1,1,pre_allocation
32,5607,greenran_normal,0,0,65535_65535,0,3,102265,232,1,1,1,31,232,28,1,1,allocated
32,5607,greenran_normal,0,0,65535_65535,0,2,102263,224,1,1,0,30,0,28,1,1,pre_allocation
32,5607,greenran_normal,0,0,65535_65535,0,2,102263,232,1,1,1,31,232,28,1,1,allocated
32,5607,greenran_normal,0,0,65535_65535,2,38,3261986,0,1,1,0,0,0,2,1,1,pre_allocation
32,5607,greenran_normal,0,0,65535_65535,2,38,3261986,0,1,1,1,1,0,2,1,1,allocated
32,5607,greenran_normal,0,0,65535_65535,2,60,3261834,0,1,1,0,0,0,12,1,1,pre_allocation
32,5607,greenran_normal,0,0,65535_65535,2,60,3261834,2,1,1,1,1,2,12,1,1,allocated
32,5607,greenran_normal,0,0,65535_65535,2,64,3261735,0,1,1,0,0,0,8,1,1,pre_allocation
32,5607,greenran_normal,0,0,65535_65535,2,64,3261735,1,1,1,1,1,1,8,1,1,allocated
32,5607,greenran_normal,0,0,65535_65535,2,43,3261395,0,1,1,0,0,0,16,1,1,pre_allocation
32,5607,greenran_normal,0,0,65535_65535,2,43,3261395,0,1,1,1,1,0,16,1,1,allocated
32,5607,greenran_normal,0,0,65535_65535,2,42,3260999,0,1,1,0,0,0,24,1,1,pre_allocation
32,5607,greenran_normal,0,0,65535_65535,2,42,3260999,3,1,1,1,1,3,24,1,1,allocated
32,5607,greenran_normal,0,0,65535_65535,2,36,3260796,0,1,1,0,0,0,24,1,1,pre_allocation
32,5607,greenran_normal,0,0,65535_65535,2,36,3260796,3,1,1,1,1,3,24,1,1,allocated
32,5607,greenran_normal,0,0,65535_65535,2,59,3260792,0,1,1,0,0,0,28,1,1,pre_allocation
32,5607,greenran_normal,0,0,65535_65535,2,59,3260792,4,1,1,1,1,4,28,1,1,allocated
32,5607,greenran_normal,0,0,65535_65535,2,58,3260822,0,1,1,0,0,0,26,1,1,pre_allocation
32,5607,greenran_normal,0,0,65535_65535,2,58,3260822,4,1,1,1,1,4,26,1,1,allocated
32,5607,greenran_normal,0,0,65535_65535,2,39,3260746,0,1,1,0,0,0,26,1,1,pre_allocation
32,5607,greenran_normal,0,0,65535_65535,2,39,3260746,4,1,1,1,1,4,26,1,1,allocated
32,5607,greenran_normal,0,0,65535_65535,2,35,3260735,0,1,1,0,0,0,28,1,1,pre_allocation
32,5607,greenran_normal,0,0,65535_65535,2,35,3260735,4,1,1,1,1,4,28,1,1,allocated
32,5607,greenran_normal,0,0,65535_65535,2,44,3260735,0,1,1,0,0,0,28,1,1,pre_allocation
32,5607,greenran_normal,0,0,65535_65535,2,44,3260735,4,1,1,1,1,4,28,1,1,allocated
32,5607,greenran_normal,0,0,65535_65535,2,55,3260735,0,1,1,0,0,0,28,1,1,pre_allocation
32,5607,greenran_normal,0,0,65535_65535,2,55,3260735,4,1,1,1,1,4,28,1,1,allocated
32,5607,greenran_normal,0,0,65535_65535,2,56,3260735,0,1,1,0,0,0,28,1,1,pre_allocation
32,5607,greenran_normal,0,0,65535_65535,2,56,3260735,4,1,1,1,1,4,28,1,1,allocated
32,5607,greenran_normal,0,0,65535_65535,2,57,3260735,0,1,1,0,0,0,28,1,1,pre_allocation
32,5607,greenran_normal,0,0,65535_65535,2,57,3260735,4,1,1,1,1,4,28,1,1,allocated
32,5607,greenran_normal,0,0,65535_65535,2,40,3260737,0,1,1,0,0,0,28,1,1,pre_allocation
32,5607,greenran_normal,0,0,65535_65535,2,40,3260737,4,1,1,1,1,4,28,1,1,allocated
32,5607,greenran_normal,0,0,65535_65535,2,41,3260737,0,1,1,0,0,0,28,1,1,pre_allocation
32,5607,greenran_normal,0,0,65535_65535,2,41,3260737,4,1,1,1,1,4,28,1,1,allocated
32,5607,greenran_normal,0,0,65535_65535,2,62,3260733,0,1,1,0,0,0,28,1,1,pre_allocation
32,5607,greenran_normal,0,0,65535_65535,2,62,3260733,4,1,1,1,1,4,28,1,1,allocated
32,5607,greenran_normal,0,0,65535_65535,2,61,3260733,0,1,1,0,0,0,28,1,1,pre_allocation
32,5607,greenran_normal,0,0,65535_65535,2,61,3260733,4,1,1,1,1,4,28,1,1,allocated
32,5607,greenran_normal,0,0,65535_65535,2,63,3260731,0,1,1,0,0,0,28,1,1,pre_allocation
32,5607,greenran_normal,0,0,65535_65535,2,63,3260731,4,1,1,1,1,4,28,1,1,allocated
32,5607,greenran_normal,0,0,65535_65535,2,37,3260730,0,1,1,0,0,0,28,1,1,pre_allocation
32,5607,greenran_normal,0,0,65535_65535,2,37,3260730,4,1,1,1,1,4,28,1,1,allocated
32,5607,greenran_normal,0,0,65535_65535,2,38,3261986,0,1,1,0,1,0,2,1,1,pre_allocation
32,5607,greenran_normal,0,0,65535_65535,2,38,3261986,0,1,1,1,2,0,2,1,1,allocated
32,5607,greenran_normal,0,0,65535_65535,2,60,3261834,2,1,1,0,1,0,12,1,1,pre_allocation
32,5607,greenran_normal,0,0,65535_65535,2,60,3261834,1,1,1,1,2,1,12,1,1,allocated
32,5607,greenran_normal,0,0,65535_65535,2,64,3261735,1,1,1,0,1,0,8,1,1,pre_allocation
32,5607,greenran_normal,0,0,65535_65535,2,64,3261735,2,1,1,1,2,2,8,1,1,allocated
32,5607,greenran_normal,0,0,65535_65535,2,43,3261395,0,1,1,0,1,0,16,1,1,pre_allocation
32,5607,greenran_normal,0,0,65535_65535,2,43,3261395,3,1,1,1,2,3,16,1,1,allocated
32,5607,greenran_normal,0,0,65535_65535,2,42,3260999,3,1,1,0,1,0,24,1,1,pre_allocation
32,5607,greenran_normal,0,0,65535_65535,2,42,3260999,9,1,1,1,2,9,24,1,1,allocated
32,5607,greenran_normal,0,0,65535_65535,2,36,3260796,3,1,1,0,1,0,24,1,1,pre_allocation
32,5607,greenran_normal,0,0,65535_65535,2,36,3260796,9,1,1,1,2,9,24,1,1,allocated
32,5607,greenran_normal,0,0,65535_65535,2,59,3260792,4,1,1,0,1,0,28,1,1,pre_allocation
32,5607,greenran_normal,0,0,65535_65535,2,59,3260792,12,1,1,1,2,12,28,1,1,allocated
32,5607,greenran_normal,0,0,65535_65535,2,58,3260822,4,1,1,0,1,0,26,1,1,pre_allocation
32,5607,greenran_normal,0,0,65535_65535,2,58,3260822,11,1,1,1,2,11,26,1,1,allocated
32,5607,greenran_normal,0,0,65535_65535,2,39,3260746,4,1,1,0,1,0,26,1,1,pre_allocation
32,5607,greenran_normal,0,0,65535_65535,2,39,3260746,11,1,1,1,2,11,26,1,1,allocated
32,5607,greenran_normal,0,0,65535_65535,2,35,3260735,4,1,1,0,1,0,28,1,1,pre_allocation
32,5607,greenran_normal,0,0,65535_65535,2,35,3260735,12,1,1,1,2,12,28,1,1,allocated
32,5607,greenran_normal,0,0,65535_65535,2,44,3260735,4,1,1,0,1,0,28,1,1,pre_allocation
32,5607,greenran_normal,0,0,65535_65535,2,44,3260735,12,1,1,1,2,12,28,1,1,allocated
32,5607,greenran_normal,0,0,65535_65535,2,55,3260735,4,1,1,0,1,0,28,1,1,pre_allocation
32,5607,greenran_normal,0,0,65535_65535,2,55,3260735,12,1,1,1,2,12,28,1,1,allocated
32,5607,greenran_normal,0,0,65535_65535,2,56,3260735,4,1,1,0,1,0,28,1,1,pre_allocation
32,5607,greenran_normal,0,0,65535_65535,2,56,3260735,12,1,1,1,2,12,28,1,1,allocated
32,5607,greenran_normal,0,0,65535_65535,2,57,3260735,4,1,1,0,1,0,28,1,1,pre_allocation
32,5607,greenran_normal,0,0,65535_65535,2,57,3260735,12,1,1,1,2,12,28,1,1,allocated
32,5607,greenran_normal,0,0,65535_65535,2,40,3260737,4,1,1,0,1,0,28,1,1,pre_allocation
32,5607,greenran_normal,0,0,65535_65535,2,40,3260737,12,1,1,1,2,12,28,1,1,allocated
32,5607,greenran_normal,0,0,65535_65535,2,41,3260737,4,1,1,0,1,0,28,1,1,pre_allocation
32,5607,greenran_normal,0,0,65535_65535,2,41,3260737,12,1,1,1,2,12,28,1,1,allocated
32,5607,greenran_normal,0,0,65535_65535,2,62,3260733,4,1,1,0,1,0,28,1,1,pre_allocation
32,5607,greenran_normal,0,0,65535_65535,2,62,3260733,12,1,1,1,2,12,28,1,1,allocated
32,5607,greenran_normal,0,0,65535_65535,2,61,3260733,4,1,1,0,1,0,28,1,1,pre_allocation
32,5607,greenran_normal,0,0,65535_65535,2,61,3260733,12,1,1,1,2,12,28,1,1,allocated
32,5607,greenran_normal,0,0,65535_65535,2,63,3260731,4,1,1,0,1,0,28,1,1,pre_allocation
32,5607,greenran_normal,0,0,65535_65535,2,63,3260731,12,1,1,1,2,12,28,1,1,allocated
32,5607,greenran_normal,0,0,65535_65535,2,37,3260730,4,1,1,0,1,0,28,1,1,pre_allocation
32,5607,greenran_normal,0,0,65535_65535,2,37,3260730,12,1,1,1,2,12,28,1,1,allocated
32,5607,greenran_normal,0,0,65535_65535,2,38,3261986,0,1,1,0,2,0,2,1,1,pre_allocation
32,5607,greenran_normal,0,0,65535_65535,2,38,3261986,0,1,1,1,3,0,2,1,1,allocated
32,5607,greenran_normal,0,0,65535_65535,2,60,3261834,1,1,1,0,2,0,12,1,1,pre_allocation
32,5607,greenran_normal,0,0,65535_65535,2,60,3261834,3,1,1,1,3,3,12,1,1,allocated
32,5607,greenran_normal,0,0,65535_65535,2,64,3261735,2,1,1,0,2,0,8,1,1,pre_allocation
32,5607,greenran_normal,0,0,65535_65535,2,64,3261735,0,1,1,1,3,0,8,1,1,allocated
32,5607,greenran_normal,0,0,65535_65535,2,43,3261395,3,1,1,0,2,0,16,1,1,pre_allocation
32,5607,greenran_normal,0,0,65535_65535,2,43,3261395,6,1,1,1,3,6,16,1,1,allocated
32,5607,greenran_normal,0,0,65535_65535,2,42,3260999,9,1,1,0,2,0,24,1,1,pre_allocation
32,5607,greenran_normal,0,0,65535_65535,2,42,3260999,15,1,1,1,3,15,24,1,1,allocated
32,5607,greenran_normal,0,0,65535_65535,2,36,3260796,9,1,1,0,2,0,24,1,1,pre_allocation
32,5607,greenran_normal,0,0,65535_65535,2,36,3260796,15,1,1,1,3,15,24,1,1,allocated
32,5607,greenran_normal,0,0,65535_65535,2,59,3260792,12,1,1,0,2,0,28,1,1,pre_allocation
32,5607,greenran_normal,0,0,65535_65535,2,59,3260792,19,1,1,1,3,19,28,1,1,allocated
32,5607,greenran_normal,0,0,65535_65535,2,58,3260822,11,1,1,0,2,0,26,1,1,pre_allocation
32,5607,greenran_normal,0,0,65535_65535,2,58,3260822,18,1,1,1,3,18,26,1,1,allocated
32,5607,greenran_normal,0,0,65535_65535,2,39,3260746,11,1,1,0,2,0,26,1,1,pre_allocation
32,5607,greenran_normal,0,0,65535_65535,2,39,3260746,18,1,1,1,3,18,26,1,1,allocated
32,5607,greenran_normal,0,0,65535_65535,2,35,3260735,12,1,1,0,2,0,28,1,1,pre_allocation
32,5607,greenran_normal,0,0,65535_65535,2,35,3260735,19,1,1,1,3,19,28,1,1,allocated
32,5607,greenran_normal,0,0,65535_65535,2,44,3260735,12,1,1,0,2,0,28,1,1,pre_allocation
32,5607,greenran_normal,0,0,65535_65535,2,44,3260735,19,1,1,1,3,19,28,1,1,allocated
32,5607,greenran_normal,0,0,65535_65535,2,55,3260735,12,1,1,0,2,0,28,1,1,pre_allocation
32,5607,greenran_normal,0,0,65535_65535,2,55,3260735,19,1,1,1,3,19,28,1,1,allocated
32,5607,greenran_normal,0,0,65535_65535,2,56,3260735,12,1,1,0,2,0,28,1,1,pre_allocation
32,5607,greenran_normal,0,0,65535_65535,2,56,3260735,19,1,1,1,3,19,28,1,1,allocated
32,5607,greenran_normal,0,0,65535_65535,2,57,3260735,12,1,1,0,2,0,28,1,1,pre_allocation
32,5607,greenran_normal,0,0,65535_65535,2,57,3260735,19,1,1,1,3,19,28,1,1,allocated
32,5607,greenran_normal,0,0,65535_65535,2,40,3260737,12,1,1,0,2,0,28,1,1,pre_allocation
32,5607,greenran_normal,0,0,65535_65535,2,40,3260737,19,1,1,1,3,19,28,1,1,allocated
32,5607,greenran_normal,0,0,65535_65535,2,41,3260737,12,1,1,0,2,0,28,1,1,pre_allocation
32,5607,greenran_normal,0,0,65535_65535,2,41,3260737,19,1,1,1,3,19,28,1,1,allocated
32,5607,greenran_normal,0,0,65535_65535,2,62,3260733,12,1,1,0,2,0,28,1,1,pre_allocation
32,5607,greenran_normal,0,0,65535_65535,2,62,3260733,19,1,1,1,3,19,28,1,1,allocated
32,5607,greenran_normal,0,0,65535_65535,2,61,3260733,12,1,1,0,2,0,28,1,1,pre_allocation
32,5607,greenran_normal,0,0,65535_65535,2,61,3260733,19,1,1,1,3,19,28,1,1,allocated
32,5607,greenran_normal,0,0,65535_65535,2,63,3260731,12,1,1,0,2,0,28,1,1,pre_allocation
32,5607,greenran_normal,0,0,65535_65535,2,63,3260731,19,1,1,1,3,19,28,1,1,allocated
32,5607,greenran_normal,0,0,65535_65535,2,37,3260730,12,1,1,0,2,0,28,1,1,pre_allocation
32,5607,greenran_normal,0,0,65535_65535,2,37,3260730,19,1,1,1,3,19,28,1,1,allocated
32,5607,greenran_normal,0,0,65535_65535,2,38,3261986,0,1,1,0,3,0,2,1,1,pre_allocation
32,5607,greenran_normal,0,0,65535_65535,2,38,3261986,1,1,1,1,4,1,2,1,1,allocated
32,5607,greenran_normal,0,0,65535_65535,2,60,3261834,3,1,1,0,3,0,12,1,1,pre_allocation
32,5607,greenran_normal,0,0,65535_65535,2,60,3261834,5,1,1,1,4,5,12,1,1,allocated
32,5607,greenran_normal,0,0,65535_65535,2,64,3261735,0,1,1,0,3,0,8,1,1,pre_allocation
32,5607,greenran_normal,0,0,65535_65535,2,64,3261735,1,1,1,1,4,1,8,1,1,allocated
32,5607,greenran_normal,0,0,65535_65535,2,43,3261395,6,1,1,0,3,0,16,1,1,pre_allocation
32,5607,greenran_normal,0,0,65535_65535,2,43,3261395,10,1,1,1,4,10,16,1,1,allocated
32,5607,greenran_normal,0,0,65535_65535,2,42,3260999,15,1,1,0,3,0,24,1,1,pre_allocation
32,5607,greenran_normal,0,0,65535_65535,2,42,3260999,21,1,1,1,4,21,24,1,1,allocated
32,5607,greenran_normal,0,0,65535_65535,2,36,3260796,15,1,1,0,3,0,24,1,1,pre_allocation
32,5607,greenran_normal,0,0,65535_65535,2,36,3260796,21,1,1,1,4,21,24,1,1,allocated
32,5607,greenran_normal,0,0,65535_65535,2,59,3260792,19,1,1,0,3,0,28,1,1,pre_allocation
32,5607,greenran_normal,0,0,65535_65535,2,59,3260792,27,1,1,1,4,27,28,1,1,allocated
32,5607,greenran_normal,0,0,65535_65535,2,58,3260822,18,1,1,0,3,0,26,1,1,pre_allocation
32,5607,greenran_normal,0,0,65535_65535,2,58,3260822,25,1,1,1,4,25,26,1,1,allocated
32,5607,greenran_normal,0,0,65535_65535,2,39,3260746,18,1,1,0,3,0,26,1,1,pre_allocation
32,5607,greenran_normal,0,0,65535_65535,2,39,3260746,25,1,1,1,4,25,26,1,1,allocated
32,5607,greenran_normal,0,0,65535_65535,2,35,3260735,19,1,1,0,3,0,28,1,1,pre_allocation
32,5607,greenran_normal,0,0,65535_65535,2,35,3260735,27,1,1,1,4,27,28,1,1,allocated
32,5607,greenran_normal,0,0,65535_65535,2,44,3260735,19,1,1,0,3,0,28,1,1,pre_allocation
32,5607,greenran_normal,0,0,65535_65535,2,44,3260735,27,1,1,1,4,27,28,1,1,allocated
32,5607,greenran_normal,0,0,65535_65535,2,55,3260735,19,1,1,0,3,0,28,1,1,pre_allocation
32,5607,greenran_normal,0,0,65535_65535,2,55,3260735,27,1,1,1,4,27,28,1,1,allocated
32,5607,greenran_normal,0,0,65535_65535,2,56,3260735,19,1,1,0,3,0,28,1,1,pre_allocation
32,5607,greenran_normal,0,0,65535_65535,2,56,3260735,27,1,1,1,4,27,28,1,1,allocated
32,5607,greenran_normal,0,0,65535_65535,2,57,3260735,19,1,1,0,3,0,28,1,1,pre_allocation
32,5607,greenran_normal,0,0,65535_65535,2,57,3260735,27,1,1,1,4,27,28,1,1,allocated
32,5607,greenran_normal,0,0,65535_65535,2,40,3260737,19,1,1,0,3,0,28,1,1,pre_allocation
32,5607,greenran_normal,0,0,65535_65535,2,40,3260737,27,1,1,1,4,27,28,1,1,allocated
32,5607,greenran_normal,0,0,65535_65535,2,41,3260737,19,1,1,0,3,0,28,1,1,pre_allocation
32,5607,greenran_normal,0,0,65535_65535,2,41,3260737,27,1,1,1,4,27,28,1,1,allocated
32,5607,greenran_normal,0,0,65535_65535,2,62,3260733,19,1,1,0,3,0,28,1,1,pre_allocation
32,5607,greenran_normal,0,0,65535_65535,2,62,3260733,27,1,1,1,4,27,28,1,1,allocated
32,5607,greenran_normal,0,0,65535_65535,2,61,3260733,19,1,1,0,3,0,28,1,1,pre_allocation
32,5607,greenran_normal,0,0,65535_65535,2,61,3260733,27,1,1,1,4,27,28,1,1,allocated
32,5607,greenran_normal,0,0,65535_65535,2,63,3260731,19,1,1,0,3,0,28,1,1,pre_allocation
32,5607,greenran_normal,0,0,65535_65535,2,63,3260731,27,1,1,1,4,27,28,1,1,allocated
32,5607,greenran_normal,0,0,65535_65535,2,37,3260730,19,1,1,0,3,0,28,1,1,pre_allocation
32,5607,greenran_normal,0,0,65535_65535,2,37,3260730,27,1,1,1,4,27,28,1,1,allocated
32,5607,greenran_normal,0,0,65535_65535,2,38,3261986,1,1,1,0,4,0,2,1,1,pre_allocation
32,5607,greenran_normal,0,0,65535_65535,2,38,3261986,1,1,1,1,5,1,2,1,1,allocated
32,5607,greenran_normal,0,0,65535_65535,2,60,3261834,5,1,1,0,4,0,12,1,1,pre_allocation
32,5607,greenran_normal,0,0,65535_65535,2,60,3261834,7,1,1,1,5,7,12,1,1,allocated
32,5607,greenran_normal,0,0,65535_65535,2,64,3261735,1,1,1,0,4,0,8,1,1,pre_allocation
32,5607,greenran_normal,0,0,65535_65535,2,64,3261735,3,1,1,1,5,3,8,1,1,allocated
32,5607,greenran_normal,0,0,65535_65535,2,43,3261395,10,1,1,0,4,0,16,1,1,pre_allocation
32,5607,greenran_normal,0,0,65535_65535,2,43,3261395,13,1,1,1,5,13,16,1,1,allocated
32,5607,greenran_normal,0,0,65535_65535,2,42,3260999,21,1,1,0,4,0,24,1,1,pre_allocation
32,5607,greenran_normal,0,0,65535_65535,2,42,3260999,27,1,1,1,5,27,24,1,1,allocated
32,5607,greenran_normal,0,0,65535_65535,2,36,3260796,21,1,1,0,4,0,24,1,1,pre_allocation
32,5607,greenran_normal,0,0,65535_65535,2,36,3260796,27,1,1,1,5,27,24,1,1,allocated
32,5607,greenran_normal,0,0,65535_65535,2,59,3260792,27,1,1,0,4,0,28,1,1,pre_allocation
32,5607,greenran_normal,0,0,65535_65535,2,59,3260792,34,1,1,1,5,34,28,1,1,allocated
32,5607,greenran_normal,0,0,65535_65535,2,58,3260822,25,1,1,0,4,0,26,1,1,pre_allocation
32,5607,greenran_normal,0,0,65535_65535,2,58,3260822,32,1,1,1,5,32,26,1,1,allocated
32,5607,greenran_normal,0,0,65535_65535,2,39,3260746,25,1,1,0,4,0,26,1,1,pre_allocation
32,5607,greenran_normal,0,0,65535_65535,2,39,3260746,32,1,1,1,5,32,26,1,1,allocated
32,5607,greenran_normal,0,0,65535_65535,2,35,3260735,27,1,1,0,4,0,28,1,1,pre_allocation
32,5607,greenran_normal,0,0,65535_65535,2,35,3260735,34,1,1,1,5,34,28,1,1,allocated
32,5607,greenran_normal,0,0,65535_65535,2,44,3260735,27,1,1,0,4,0,28,1,1,pre_allocation
32,5607,greenran_normal,0,0,65535_65535,2,44,3260735,34,1,1,1,5,34,28,1,1,allocated
32,5607,greenran_normal,0,0,65535_65535,2,55,3260735,27,1,1,0,4,0,28,1,1,pre_allocation
32,5607,greenran_normal,0,0,65535_65535,2,55,3260735,34,1,1,1,5,34,28,1,1,allocated
32,5607,greenran_normal,0,0,65535_65535,2,56,3260735,27,1,1,0,4,0,28,1,1,pre_allocation
32,5607,greenran_normal,0,0,65535_65535,2,56,3260735,34,1,1,1,5,34,28,1,1,allocated
32,5607,greenran_normal,0,0,65535_65535,2,57,3260735,27,1,1,0,4,0,28,1,1,pre_allocation
32,5607,greenran_normal,0,0,65535_65535,2,57,3260735,34,1,1,1,5,34,28,1,1,allocated
32,5607,greenran_normal,0,0,65535_65535,2,40,3260737,27,1,1,0,4,0,28,1,1,pre_allocation
32,5607,greenran_normal,0,0,65535_65535,2,40,3260737,34,1,1,1,5,34,28,1,1,allocated
32,5607,greenran_normal,0,0,65535_65535,2,41,3260737,27,1,1,0,4,0,28,1,1,pre_allocation
32,5607,greenran_normal,0,0,65535_65535,2,41,3260737,34,1,1,1,5,34,28,1,1,allocated
32,5607,greenran_normal,0,0,65535_65535,2,62,3260733,27,1,1,0,4,0,28,1,1,pre_allocation
32,5607,greenran_normal,0,0,65535_65535,2,62,3260733,34,1,1,1,5,34,28,1,1,allocated
32,5607,greenran_normal,0,0,65535_65535,2,61,3260733,27,1,1,0,4,0,28,1,1,pre_allocation
32,5607,greenran_normal,0,0,65535_65535,2,61,3260733,34,1,1,1,5,34,28,1,1,allocated
32,5607,greenran_normal,0,0,65535_65535,2,63,3260731,27,1,1,0,4,0,28,1,1,pre_allocation
32,5607,greenran_normal,0,0,65535_65535,2,63,3260731,34,1,1,1,5,34,28,1,1,allocated
32,5607,greenran_normal,0,0,65535_65535,2,37,3260730,27,1,1,0,4,0,28,1,1,pre_allocation
32,5607,greenran_normal,0,0,65535_65535,2,37,3260730,34,1,1,1,5,34,28,1,1,allocated
32,5607,greenran_normal,0,0,65535_65535,2,38,3261986,1,1,1,0,5,0,2,1,1,pre_allocation
32,5607,greenran_normal,0,0,65535_65535,2,38,3261986,1,1,1,1,6,1,2,1,1,allocated
32,5607,greenran_normal,0,0,65535_65535,2,60,3261834,7,1,1,0,5,0,12,1,1,pre_allocation
32,5607,greenran_normal,0,0,65535_65535,2,60,3261834,9,1,1,1,6,9,12,1,1,allocated
32,5607,greenran_normal,0,0,65535_65535,2,64,3261735,3,1,1,0,5,0,8,1,1,pre_allocation
32,5607,greenran_normal,0,0,65535_65535,2,64,3261735,4,1,1,1,6,4,8,1,1,allocated
32,5607,greenran_normal,0,0,65535_65535,2,43,3261395,13,1,1,0,5,0,16,1,1,pre_allocation
32,5607,greenran_normal,0,0,65535_65535,2,43,3261395,16,1,1,1,6,16,16,1,1,allocated
32,5607,greenran_normal,0,0,65535_65535,2,42,3260999,27,1,1,0,5,0,24,1,1,pre_allocation
32,5607,greenran_normal,0,0,65535_65535,2,42,3260999,34,1,1,1,6,34,24,1,1,allocated
32,5607,greenran_normal,0,0,65535_65535,2,36,3260796,27,1,1,0,5,0,24,1,1,pre_allocation
32,5607,greenran_normal,0,0,65535_65535,2,36,3260796,34,1,1,1,6,34,24,1,1,allocated
32,5607,greenran_normal,0,0,65535_65535,2,59,3260792,34,1,1,0,5,0,28,1,1,pre_allocation
32,5607,greenran_normal,0,0,65535_65535,2,59,3260792,42,1,1,1,6,42,28,1,1,allocated
32,5607,greenran_normal,0,0,65535_65535,2,58,3260822,32,1,1,0,5,0,26,1,1,pre_allocation
32,5607,greenran_normal,0,0,65535_65535,2,58,3260822,39,1,1,1,6,39,26,1,1,allocated
32,5607,greenran_normal,0,0,65535_65535,2,39,3260746,32,1,1,0,5,0,26,1,1,pre_allocation
32,5607,greenran_normal,0,0,65535_65535,2,39,3260746,39,1,1,1,6,39,26,1,1,allocated
32,5607,greenran_normal,0,0,65535_65535,2,35,3260735,34,1,1,0,5,0,28,1,1,pre_allocation
32,5607,greenran_normal,0,0,65535_65535,2,35,3260735,42,1,1,1,6,42,28,1,1,allocated
32,5607,greenran_normal,0,0,65535_65535,2,44,3260735,34,1,1,0,5,0,28,1,1,pre_allocation
32,5607,greenran_normal,0,0,65535_65535,2,44,3260735,42,1,1,1,6,42,28,1,1,allocated
34,5727,greenran_normal,0,0,65535_65535,0,4,105719,0,1,1,0,0,0,24,1,1,pre_allocation
34,5727,greenran_normal,0,0,65535_65535,0,4,105719,3,1,1,1,1,3,24,1,1,allocated
34,5727,greenran_normal,0,0,65535_65535,0,5,104320,0,1,1,0,0,0,28,1,1,pre_allocation
34,5727,greenran_normal,0,0,65535_65535,0,5,104320,4,1,1,1,1,4,28,1,1,allocated
34,5727,greenran_normal,0,0,65535_65535,0,1,104319,0,1,1,0,0,0,28,1,1,pre_allocation
34,5727,greenran_normal,0,0,65535_65535,0,1,104319,4,1,1,1,1,4,28,1,1,allocated
34,5727,greenran_normal,0,0,65535_65535,0,3,104318,0,1,1,0,0,0,28,1,1,pre_allocation
34,5727,greenran_normal,0,0,65535_65535,0,3,104318,4,1,1,1,1,4,28,1,1,allocated
34,5727,greenran_normal,0,0,65535_65535,0,2,104316,0,1,1,0,0,0,28,1,1,pre_allocation
34,5727,greenran_normal,0,0,65535_65535,0,2,104316,4,1,1,1,1,4,28,1,1,allocated
34,5727,greenran_normal,0,0,65535_65535,0,4,105719,3,1,1,0,1,0,24,1,1,pre_allocation
34,5727,greenran_normal,0,0,65535_65535,0,4,105719,9,1,1,1,2,9,24,1,1,allocated
34,5727,greenran_normal,0,0,65535_65535,0,5,104320,4,1,1,0,1,0,28,1,1,pre_allocation
34,5727,greenran_normal,0,0,65535_65535,0,5,104320,12,1,1,1,2,12,28,1,1,allocated
34,5727,greenran_normal,0,0,65535_65535,0,1,104319,4,1,1,0,1,0,28,1,1,pre_allocation
34,5727,greenran_normal,0,0,65535_65535,0,1,104319,12,1,1,1,2,12,28,1,1,allocated
34,5727,greenran_normal,0,0,65535_65535,0,3,104318,4,1,1,0,1,0,28,1,1,pre_allocation
34,5727,greenran_normal,0,0,65535_65535,0,3,104318,12,1,1,1,2,12,28,1,1,allocated
34,5727,greenran_normal,0,0,65535_65535,0,2,104316,4,1,1,0,1,0,28,1,1,pre_allocation
34,5727,greenran_normal,0,0,65535_65535,0,2,104316,12,1,1,1,2,12,28,1,1,allocated
34,5727,greenran_normal,0,0,65535_65535,0,4,105719,9,1,1,0,2,0,24,1,1,pre_allocation
34,5727,greenran_normal,0,0,65535_65535,0,4,105719,15,1,1,1,3,15,24,1,1,allocated
34,5727,greenran_normal,0,0,65535_65535,0,5,104320,12,1,1,0,2,0,28,1,1,pre_allocation
34,5727,greenran_normal,0,0,65535_65535,0,5,104320,19,1,1,1,3,19,28,1,1,allocated
34,5727,greenran_normal,0,0,65535_65535,0,1,104319,12,1,1,0,2,0,28,1,1,pre_allocation
34,5727,greenran_normal,0,0,65535_65535,0,1,104319,19,1,1,1,3,19,28,1,1,allocated
34,5727,greenran_normal,0,0,65535_65535,0,3,104318,12,1,1,0,2,0,28,1,1,pre_allocation
34,5727,greenran_normal,0,0,65535_65535,0,3,104318,19,1,1,1,3,19,28,1,1,allocated
34,5727,greenran_normal,0,0,65535_65535,0,2,104316,12,1,1,0,2,0,28,1,1,pre_allocation
34,5727,greenran_normal,0,0,65535_65535,0,2,104316,19,1,1,1,3,19,28,1,1,allocated
34,5727,greenran_normal,0,0,65535_65535,0,4,105719,15,1,1,0,3,0,24,1,1,pre_allocation
34,5727,greenran_normal,0,0,65535_65535,0,4,105719,21,1,1,1,4,21,24,1,1,allocated
34,5727,greenran_normal,0,0,65535_65535,0,5,104320,19,1,1,0,3,0,28,1,1,pre_allocation
34,5727,greenran_normal,0,0,65535_65535,0,5,104320,27,1,1,1,4,27,28,1,1,allocated
34,5727,greenran_normal,0,0,65535_65535,0,1,104319,19,1,1,0,3,0,28,1,1,pre_allocation
34,5727,greenran_normal,0,0,65535_65535,0,1,104319,27,1,1,1,4,27,28,1,1,allocated
34,5727,greenran_normal,0,0,65535_65535,0,3,104318,19,1,1,0,3,0,28,1,1,pre_allocation
34,5727,greenran_normal,0,0,65535_65535,0,3,104318,27,1,1,1,4,27,28,1,1,allocated
34,5727,greenran_normal,0,0,65535_65535,0,2,104316,19,1,1,0,3,0,28,1,1,pre_allocation
34,5727,greenran_normal,0,0,65535_65535,0,2,104316,27,1,1,1,4,27,28,1,1,allocated
34,5727,greenran_normal,0,0,65535_65535,0,4,105719,21,1,1,0,4,0,24,1,1,pre_allocation
34,5727,greenran_normal,0,0,65535_65535,0,4,105719,27,1,1,1,5,27,24,1,1,allocated
34,5727,greenran_normal,0,0,65535_65535,0,5,104320,27,1,1,0,4,0,28,1,1,pre_allocation
34,5727,greenran_normal,0,0,65535_65535,0,5,104320,34,1,1,1,5,34,28,1,1,allocated
34,5727,greenran_normal,0,0,65535_65535,0,1,104319,27,1,1,0,4,0,28,1,1,pre_allocation
34,5727,greenran_normal,0,0,65535_65535,0,1,104319,34,1,1,1,5,34,28,1,1,allocated
34,5727,greenran_normal,0,0,65535_65535,0,3,104318,27,1,1,0,4,0,28,1,1,pre_allocation
34,5727,greenran_normal,0,0,65535_65535,0,3,104318,34,1,1,1,5,34,28,1,1,allocated
34,5727,greenran_normal,0,0,65535_65535,0,2,104316,27,1,1,0,4,0,28,1,1,pre_allocation
34,5727,greenran_normal,0,0,65535_65535,0,2,104316,34,1,1,1,5,34,28,1,1,allocated
34,5727,greenran_normal,0,0,65535_65535,0,4,105719,27,1,1,0,5,0,24,1,1,pre_allocation
34,5727,greenran_normal,0,0,65535_65535,0,4,105719,34,1,1,1,6,34,24,1,1,allocated
34,5727,greenran_normal,0,0,65535_65535,0,5,104320,34,1,1,0,5,0,28,1,1,pre_allocation
34,5727,greenran_normal,0,0,65535_65535,0,5,104320,42,1,1,1,6,42,28,1,1,allocated
34,5727,greenran_normal,0,0,65535_65535,0,1,104319,34,1,1,0,5,0,28,1,1,pre_allocation
34,5727,greenran_normal,0,0,65535_65535,0,1,104319,42,1,1,1,6,42,28,1,1,allocated
34,5727,greenran_normal,0,0,65535_65535,0,3,104318,34,1,1,0,5,0,28,1,1,pre_allocation
34,5727,greenran_normal,0,0,65535_65535,0,3,104318,42,1,1,1,6,42,28,1,1,allocated
34,5727,greenran_normal,0,0,65535_65535,0,2,104316,34,1,1,0,5,0,28,1,1,pre_allocation
34,5727,greenran_normal,0,0,65535_65535,0,2,104316,42,1,1,1,6,42,28,1,1,allocated
34,5727,greenran_normal,0,0,65535_65535,0,4,105719,34,1,1,0,6,0,24,1,1,pre_allocation
34,5727,greenran_normal,0,0,65535_65535,0,4,105719,40,1,1,1,7,40,24,1,1,allocated
34,5727,greenran_normal,0,0,65535_65535,0,5,104320,42,1,1,0,6,0,28,1,1,pre_allocation
34,5727,greenran_normal,0,0,65535_65535,0,5,104320,50,1,1,1,7,50,28,1,1,allocated
34,5727,greenran_normal,0,0,65535_65535,0,1,104319,42,1,1,0,6,0,28,1,1,pre_allocation
34,5727,greenran_normal,0,0,65535_65535,0,1,104319,50,1,1,1,7,50,28,1,1,allocated
34,5727,greenran_normal,0,0,65535_65535,0,3,104318,42,1,1,0,6,0,28,1,1,pre_allocation
34,5727,greenran_normal,0,0,65535_65535,0,3,104318,50,1,1,1,7,50,28,1,1,allocated
34,5727,greenran_normal,0,0,65535_65535,0,2,104316,42,1,1,0,6,0,28,1,1,pre_allocation
34,5727,greenran_normal,0,0,65535_65535,0,2,104316,50,1,1,1,7,50,28,1,1,allocated
34,5727,greenran_normal,0,0,65535_65535,0,4,105719,40,1,1,0,7,0,24,1,1,pre_allocation
34,5727,greenran_normal,0,0,65535_65535,0,4,105719,46,1,1,1,8,46,24,1,1,allocated
34,5727,greenran_normal,0,0,65535_65535,0,5,104320,50,1,1,0,7,0,28,1,1,pre_allocation
34,5727,greenran_normal,0,0,65535_65535,0,5,104320,57,1,1,1,8,57,28,1,1,allocated
34,5727,greenran_normal,0,0,65535_65535,0,1,104319,50,1,1,0,7,0,28,1,1,pre_allocation
34,5727,greenran_normal,0,0,65535_65535,0,1,104319,57,1,1,1,8,57,28,1,1,allocated
34,5727,greenran_normal,0,0,65535_65535,0,3,104318,50,1,1,0,7,0,28,1,1,pre_allocation
34,5727,greenran_normal,0,0,65535_65535,0,3,104318,57,1,1,1,8,57,28,1,1,allocated
34,5727,greenran_normal,0,0,65535_65535,0,2,104316,50,1,1,0,7,0,28,1,1,pre_allocation
34,5727,greenran_normal,0,0,65535_65535,0,2,104316,57,1,1,1,8,57,28,1,1,allocated
34,5727,greenran_normal,0,0,65535_65535,0,4,105719,46,1,1,0,8,0,24,1,1,pre_allocation
34,5727,greenran_normal,0,0,65535_65535,0,4,105719,52,1,1,1,9,52,24,1,1,allocated
34,5727,greenran_normal,0,0,65535_65535,0,5,104320,57,1,1,0,8,0,28,1,1,pre_allocation
34,5727,greenran_normal,0,0,65535_65535,0,5,104320,65,1,1,1,9,65,28,1,1,allocated
34,5727,greenran_normal,0,0,65535_65535,0,1,104319,57,1,1,0,8,0,28,1,1,pre_allocation
34,5727,greenran_normal,0,0,65535_65535,0,1,104319,65,1,1,1,9,65,28,1,1,allocated
34,5727,greenran_normal,0,0,65535_65535,0,3,104318,57,1,1,0,8,0,28,1,1,pre_allocation
34,5727,greenran_normal,0,0,65535_65535,0,3,104318,65,1,1,1,9,65,28,1,1,allocated
34,5727,greenran_normal,0,0,65535_65535,0,2,104316,57,1,1,0,8,0,28,1,1,pre_allocation
34,5727,greenran_normal,0,0,65535_65535,0,2,104316,65,1,1,1,9,65,28,1,1,allocated
34,5727,greenran_normal,0,0,65535_65535,0,4,105719,52,1,1,0,9,0,24,1,1,pre_allocation
34,5727,greenran_normal,0,0,65535_65535,0,4,105719,58,1,1,1,10,58,24,1,1,allocated
34,5727,greenran_normal,0,0,65535_65535,0,5,104320,65,1,1,0,9,0,28,1,1,pre_allocation
34,5727,greenran_normal,0,0,65535_65535,0,5,104320,72,1,1,1,10,72,28,1,1,allocated
34,5727,greenran_normal,0,0,65535_65535,0,1,104319,65,1,1,0,9,0,28,1,1,pre_allocation
34,5727,greenran_normal,0,0,65535_65535,0,1,104319,72,1,1,1,10,72,28,1,1,allocated
34,5727,greenran_normal,0,0,65535_65535,0,3,104318,65,1,1,0,9,0,28,1,1,pre_allocation
34,5727,greenran_normal,0,0,65535_65535,0,3,104318,72,1,1,1,10,72,28,1,1,allocated
34,5727,greenran_normal,0,0,65535_65535,0,2,104316,65,1,1,0,9,0,28,1,1,pre_allocation
34,5727,greenran_normal,0,0,65535_65535,0,2,104316,72,1,1,1,10,72,28,1,1,allocated
34,5727,greenran_normal,0,0,65535_65535,0,4,105719,58,1,1,0,10,0,24,1,1,pre_allocation
34,5727,greenran_normal,0,0,65535_65535,0,4,105719,65,1,1,1,11,65,24,1,1,allocated
34,5727,greenran_normal,0,0,65535_65535,0,5,104320,72,1,1,0,10,0,28,1,1,pre_allocation
34,5727,greenran_normal,0,0,65535_65535,0,5,104320,80,1,1,1,11,80,28,1,1,allocated
34,5727,greenran_normal,0,0,65535_65535,0,1,104319,72,1,1,0,10,0,28,1,1,pre_allocation
34,5727,greenran_normal,0,0,65535_65535,0,1,104319,80,1,1,1,11,80,28,1,1,allocated
34,5727,greenran_normal,0,0,65535_65535,0,3,104318,72,1,1,0,10,0,28,1,1,pre_allocation
34,5727,greenran_normal,0,0,65535_65535,0,3,104318,80,1,1,1,11,80,28,1,1,allocated
34,5727,greenran_normal,0,0,65535_65535,0,2,104316,72,1,1,0,10,0,28,1,1,pre_allocation
34,5727,greenran_normal,0,0,65535_65535,0,2,104316,80,1,1,1,11,80,28,1,1,allocated
34,5727,greenran_normal,0,0,65535_65535,2,38,3339314,0,1,1,0,0,0,2,1,1,pre_allocation
34,5727,greenran_normal,0,0,65535_65535,2,38,3339314,0,1,1,1,1,0,2,1,1,allocated
34,5727,greenran_normal,0,0,65535_65535,2,60,3339162,0,1,1,0,0,0,12,1,1,pre_allocation
34,5727,greenran_normal,0,0,65535_65535,2,60,3339162,2,1,1,1,1,2,12,1,1,allocated
34,5727,greenran_normal,0,0,65535_65535,2,64,3339063,0,1,1,0,0,0,8,1,1,pre_allocation
34,5727,greenran_normal,0,0,65535_65535,2,64,3339063,1,1,1,1,1,1,8,1,1,allocated
34,5727,greenran_normal,0,0,65535_65535,2,43,3338693,0,1,1,0,0,0,20,1,1,pre_allocation
34,5727,greenran_normal,0,0,65535_65535,2,43,3338693,1,1,1,1,1,1,20,1,1,allocated
34,5727,greenran_normal,0,0,65535_65535,2,42,3338279,0,1,1,0,0,0,20,1,1,pre_allocation
34,5727,greenran_normal,0,0,65535_65535,2,42,3338279,1,1,1,1,1,1,20,1,1,allocated
34,5727,greenran_normal,0,0,65535_65535,2,36,3338066,0,1,1,0,0,0,24,1,1,pre_allocation
34,5727,greenran_normal,0,0,65535_65535,2,36,3338066,3,1,1,1,1,3,24,1,1,allocated
34,5727,greenran_normal,0,0,65535_65535,2,58,3338082,0,1,1,0,0,0,26,1,1,pre_allocation
34,5727,greenran_normal,0,0,65535_65535,2,58,3338082,4,1,1,1,1,4,26,1,1,allocated
34,5727,greenran_normal,0,0,65535_65535,2,39,3338011,0,1,1,0,0,0,24,1,1,pre_allocation
34,5727,greenran_normal,0,0,65535_65535,2,39,3338011,3,1,1,1,1,3,24,1,1,allocated
34,5727,greenran_normal,0,0,65535_65535,2,59,3338046,0,1,1,0,0,0,28,1,1,pre_allocation
34,5727,greenran_normal,0,0,65535_65535,2,59,3338046,4,1,1,1,1,4,28,1,1,allocated
34,5727,greenran_normal,0,0,65535_65535,2,57,3338005,0,1,1,0,0,0,28,1,1,pre_allocation
34,5727,greenran_normal,0,0,65535_65535,2,57,3338005,4,1,1,1,1,4,28,1,1,allocated
34,5727,greenran_normal,0,0,65535_65535,2,40,3338007,0,1,1,0,0,0,28,1,1,pre_allocation
34,5727,greenran_normal,0,0,65535_65535,2,40,3338007,4,1,1,1,1,4,28,1,1,allocated
34,5727,greenran_normal,0,0,65535_65535,2,41,3338007,0,1,1,0,0,0,28,1,1,pre_allocation
34,5727,greenran_normal,0,0,65535_65535,2,41,3338007,4,1,1,1,1,4,28,1,1,allocated
34,5727,greenran_normal,0,0,65535_65535,2,62,3338003,0,1,1,0,0,0,28,1,1,pre_allocation
34,5727,greenran_normal,0,0,65535_65535,2,62,3338003,4,1,1,1,1,4,28,1,1,allocated
34,5727,greenran_normal,0,0,65535_65535,2,61,3338003,0,1,1,0,0,0,28,1,1,pre_allocation
34,5727,greenran_normal,0,0,65535_65535,2,61,3338003,4,1,1,1,1,4,28,1,1,allocated
34,5727,greenran_normal,0,0,65535_65535,2,63,3338001,0,1,1,0,0,0,28,1,1,pre_allocation
34,5727,greenran_normal,0,0,65535_65535,2,63,3338001,4,1,1,1,1,4,28,1,1,allocated
34,5727,greenran_normal,0,0,65535_65535,2,37,3338000,0,1,1,0,0,0,28,1,1,pre_allocation
34,5727,greenran_normal,0,0,65535_65535,2,37,3338000,4,1,1,1,1,4,28,1,1,allocated
34,5727,greenran_normal,0,0,65535_65535,2,35,3337997,0,1,1,0,0,0,28,1,1,pre_allocation
34,5727,greenran_normal,0,0,65535_65535,2,35,3337997,4,1,1,1,1,4,28,1,1,allocated
34,5727,greenran_normal,0,0,65535_65535,2,44,3337997,0,1,1,0,0,0,28,1,1,pre_allocation
34,5727,greenran_normal,0,0,65535_65535,2,44,3337997,4,1,1,1,1,4,28,1,1,allocated
34,5727,greenran_normal,0,0,65535_65535,2,55,3337997,0,1,1,0,0,0,28,1,1,pre_allocation
34,5727,greenran_normal,0,0,65535_65535,2,55,3337997,4,1,1,1,1,4,28,1,1,allocated
34,5727,greenran_normal,0,0,65535_65535,2,56,3337997,0,1,1,0,0,0,28,1,1,pre_allocation
34,5727,greenran_normal,0,0,65535_65535,2,56,3337997,4,1,1,1,1,4,28,1,1,allocated
34,5727,greenran_normal,0,0,65535_65535,2,38,3339314,0,1,1,0,1,0,2,1,1,pre_allocation
34,5727,greenran_normal,0,0,65535_65535,2,38,3339314,0,1,1,1,2,0,2,1,1,allocated
34,5727,greenran_normal,0,0,65535_65535,2,60,3339162,2,1,1,0,1,0,12,1,1,pre_allocation
34,5727,greenran_normal,0,0,65535_65535,2,60,3339162,1,1,1,1,2,1,12,1,1,allocated
34,5727,greenran_normal,0,0,65535_65535,2,64,3339063,1,1,1,0,1,0,8,1,1,pre_allocation
34,5727,greenran_normal,0,0,65535_65535,2,64,3339063,2,1,1,1,2,2,8,1,1,allocated
34,5727,greenran_normal,0,0,65535_65535,2,43,3338693,1,1,1,0,1,0,20,1,1,pre_allocation
34,5727,greenran_normal,0,0,65535_65535,2,43,3338693,6,1,1,1,2,6,20,1,1,allocated
34,5727,greenran_normal,0,0,65535_65535,2,42,3338279,1,1,1,0,1,0,20,1,1,pre_allocation
34,5727,greenran_normal,0,0,65535_65535,2,42,3338279,6,1,1,1,2,6,20,1,1,allocated
34,5727,greenran_normal,0,0,65535_65535,2,36,3338066,3,1,1,0,1,0,24,1,1,pre_allocation
34,5727,greenran_normal,0,0,65535_65535,2,36,3338066,9,1,1,1,2,9,24,1,1,allocated
34,5727,greenran_normal,0,0,65535_65535,2,58,3338082,4,1,1,0,1,0,26,1,1,pre_allocation
34,5727,greenran_normal,0,0,65535_65535,2,58,3338082,11,1,1,1,2,11,26,1,1,allocated
34,5727,greenran_normal,0,0,65535_65535,2,39,3338011,3,1,1,0,1,0,24,1,1,pre_allocation
34,5727,greenran_normal,0,0,65535_65535,2,39,3338011,9,1,1,1,2,9,24,1,1,allocated
34,5727,greenran_normal,0,0,65535_65535,2,59,3338046,4,1,1,0,1,0,28,1,1,pre_allocation
34,5727,greenran_normal,0,0,65535_65535,2,59,3338046,12,1,1,1,2,12,28,1,1,allocated
34,5727,greenran_normal,0,0,65535_65535,2,57,3338005,4,1,1,0,1,0,28,1,1,pre_allocation
34,5727,greenran_normal,0,0,65535_65535,2,57,3338005,12,1,1,1,2,12,28,1,1,allocated
34,5727,greenran_normal,0,0,65535_65535,2,40,3338007,4,1,1,0,1,0,28,1,1,pre_allocation
34,5727,greenran_normal,0,0,65535_65535,2,40,3338007,12,1,1,1,2,12,28,1,1,allocated
34,5727,greenran_normal,0,0,65535_65535,2,41,3338007,4,1,1,0,1,0,28,1,1,pre_allocation
34,5727,greenran_normal,0,0,65535_65535,2,41,3338007,12,1,1,1,2,12,28,1,1,allocated
34,5727,greenran_normal,0,0,65535_65535,2,62,3338003,4,1,1,0,1,0,28,1,1,pre_allocation
34,5727,greenran_normal,0,0,65535_65535,2,62,3338003,12,1,1,1,2,12,28,1,1,allocated
34,5727,greenran_normal,0,0,65535_65535,2,61,3338003,4,1,1,0,1,0,28,1,1,pre_allocation
34,5727,greenran_normal,0,0,65535_65535,2,61,3338003,12,1,1,1,2,12,28,1,1,allocated
34,5727,greenran_normal,0,0,65535_65535,2,63,3338001,4,1,1,0,1,0,28,1,1,pre_allocation
34,5727,greenran_normal,0,0,65535_65535,2,63,3338001,12,1,1,1,2,12,28,1,1,allocated
34,5727,greenran_normal,0,0,65535_65535,2,37,3338000,4,1,1,0,1,0,28,1,1,pre_allocation
34,5727,greenran_normal,0,0,65535_65535,2,37,3338000,12,1,1,1,2,12,28,1,1,allocated
34,5727,greenran_normal,0,0,65535_65535,2,35,3337997,4,1,1,0,1,0,28,1,1,pre_allocation
34,5727,greenran_normal,0,0,65535_65535,2,35,3337997,12,1,1,1,2,12,28,1,1,allocated
34,5727,greenran_normal,0,0,65535_65535,2,44,3337997,4,1,1,0,1,0,28,1,1,pre_allocation
34,5727,greenran_normal,0,0,65535_65535,2,44,3337997,12,1,1,1,2,12,28,1,1,allocated
34,5727,greenran_normal,0,0,65535_65535,2,55,3337997,4,1,1,0,1,0,28,1,1,pre_allocation
34,5727,greenran_normal,0,0,65535_65535,2,55,3337997,12,1,1,1,2,12,28,1,1,allocated
34,5727,greenran_normal,0,0,65535_65535,2,56,3337997,4,1,1,0,1,0,28,1,1,pre_allocation
34,5727,greenran_normal,0,0,65535_65535,2,56,3337997,12,1,1,1,2,12,28,1,1,allocated
34,5727,greenran_normal,0,0,65535_65535,2,38,3339314,0,1,1,0,2,0,2,1,1,pre_allocation
34,5727,greenran_normal,0,0,65535_65535,2,38,3339314,0,1,1,1,3,0,2,1,1,allocated
34,5727,greenran_normal,0,0,65535_65535,2,60,3339162,1,1,1,0,2,0,12,1,1,pre_allocation
34,5727,greenran_normal,0,0,65535_65535,2,60,3339162,3,1,1,1,3,3,12,1,1,allocated
34,5727,greenran_normal,0,0,65535_65535,2,64,3339063,2,1,1,0,2,0,8,1,1,pre_allocation
34,5727,greenran_normal,0,0,65535_65535,2,64,3339063,0,1,1,1,3,0,8,1,1,allocated
34,5727,greenran_normal,0,0,65535_65535,2,43,3338693,6,1,1,0,2,0,20,1,1,pre_allocation
34,5727,greenran_normal,0,0,65535_65535,2,43,3338693,10,1,1,1,3,10,20,1,1,allocated
34,5727,greenran_normal,0,0,65535_65535,2,42,3338279,6,1,1,0,2,0,20,1,1,pre_allocation
34,5727,greenran_normal,0,0,65535_65535,2,42,3338279,10,1,1,1,3,10,20,1,1,allocated
34,5727,greenran_normal,0,0,65535_65535,2,36,3338066,9,1,1,0,2,0,24,1,1,pre_allocation
34,5727,greenran_normal,0,0,65535_65535,2,36,3338066,15,1,1,1,3,15,24,1,1,allocated
34,5727,greenran_normal,0,0,65535_65535,2,58,3338082,11,1,1,0,2,0,26,1,1,pre_allocation
34,5727,greenran_normal,0,0,65535_65535,2,58,3338082,18,1,1,1,3,18,26,1,1,allocated
34,5727,greenran_normal,0,0,65535_65535,2,39,3338011,9,1,1,0,2,0,24,1,1,pre_allocation
34,5727,greenran_normal,0,0,65535_65535,2,39,3338011,15,1,1,1,3,15,24,1,1,allocated
34,5727,greenran_normal,0,0,65535_65535,2,59,3338046,12,1,1,0,2,0,28,1,1,pre_allocation
34,5727,greenran_normal,0,0,65535_65535,2,59,3338046,19,1,1,1,3,19,28,1,1,allocated
34,5727,greenran_normal,0,0,65535_65535,2,57,3338005,12,1,1,0,2,0,28,1,1,pre_allocation
34,5727,greenran_normal,0,0,65535_65535,2,57,3338005,19,1,1,1,3,19,28,1,1,allocated
34,5727,greenran_normal,0,0,65535_65535,2,40,3338007,12,1,1,0,2,0,28,1,1,pre_allocation
34,5727,greenran_normal,0,0,65535_65535,2,40,3338007,19,1,1,1,3,19,28,1,1,allocated
34,5727,greenran_normal,0,0,65535_65535,2,41,3338007,12,1,1,0,2,0,28,1,1,pre_allocation
34,5727,greenran_normal,0,0,65535_65535,2,41,3338007,19,1,1,1,3,19,28,1,1,allocated
34,5727,greenran_normal,0,0,65535_65535,2,62,3338003,12,1,1,0,2,0,28,1,1,pre_allocation
34,5727,greenran_normal,0,0,65535_65535,2,62,3338003,19,1,1,1,3,19,28,1,1,allocated
34,5727,greenran_normal,0,0,65535_65535,2,61,3338003,12,1,1,0,2,0,28,1,1,pre_allocation
34,5727,greenran_normal,0,0,65535_65535,2,61,3338003,19,1,1,1,3,19,28,1,1,allocated
34,5727,greenran_normal,0,0,65535_65535,2,63,3338001,12,1,1,0,2,0,28,1,1,pre_allocation
34,5727,greenran_normal,0,0,65535_65535,2,63,3338001,19,1,1,1,3,19,28,1,1,allocated
34,5727,greenran_normal,0,0,65535_65535,2,37,3338000,12,1,1,0,2,0,28,1,1,pre_allocation
34,5727,greenran_normal,0,0,65535_65535,2,37,3338000,19,1,1,1,3,19,28,1,1,allocated
34,5727,greenran_normal,0,0,65535_65535,2,35,3337997,12,1,1,0,2,0,28,1,1,pre_allocation
34,5727,greenran_normal,0,0,65535_65535,2,35,3337997,19,1,1,1,3,19,28,1,1,allocated
34,5727,greenran_normal,0,0,65535_65535,2,44,3337997,12,1,1,0,2,0,28,1,1,pre_allocation
34,5727,greenran_normal,0,0,65535_65535,2,44,3337997,19,1,1,1,3,19,28,1,1,allocated
34,5727,greenran_normal,0,0,65535_65535,2,55,3337997,12,1,1,0,2,0,28,1,1,pre_allocation
34,5727,greenran_normal,0,0,65535_65535,2,55,3337997,19,1,1,1,3,19,28,1,1,allocated
34,5727,greenran_normal,0,0,65535_65535,2,56,3337997,12,1,1,0,2,0,28,1,1,pre_allocation
34,5727,greenran_normal,0,0,65535_65535,2,56,3337997,19,1,1,1,3,19,28,1,1,allocated
34,5727,greenran_normal,0,0,65535_65535,2,38,3339314,0,1,1,0,3,0,2,1,1,pre_allocation
34,5727,greenran_normal,0,0,65535_65535,2,38,3339314,1,1,1,1,4,1,2,1,1,allocated
34,5727,greenran_normal,0,0,65535_65535,2,60,3339162,3,1,1,0,3,0,12,1,1,pre_allocation
34,5727,greenran_normal,0,0,65535_65535,2,60,3339162,5,1,1,1,4,5,12,1,1,allocated
34,5727,greenran_normal,0,0,65535_65535,2,64,3339063,0,1,1,0,3,0,8,1,1,pre_allocation
34,5727,greenran_normal,0,0,65535_65535,2,64,3339063,1,1,1,1,4,1,8,1,1,allocated
34,5727,greenran_normal,0,0,65535_65535,2,43,3338693,10,1,1,0,3,0,20,1,1,pre_allocation
34,5727,greenran_normal,0,0,65535_65535,2,43,3338693,15,1,1,1,4,15,20,1,1,allocated
34,5727,greenran_normal,0,0,65535_65535,2,42,3338279,10,1,1,0,3,0,20,1,1,pre_allocation
34,5727,greenran_normal,0,0,65535_65535,2,42,3338279,15,1,1,1,4,15,20,1,1,allocated
34,5727,greenran_normal,0,0,65535_65535,2,36,3338066,15,1,1,0,3,0,24,1,1,pre_allocation
34,5727,greenran_normal,0,0,65535_65535,2,36,3338066,21,1,1,1,4,21,24,1,1,allocated
34,5727,greenran_normal,0,0,65535_65535,2,58,3338082,18,1,1,0,3,0,26,1,1,pre_allocation
34,5727,greenran_normal,0,0,65535_65535,2,58,3338082,25,1,1,1,4,25,26,1,1,allocated
34,5727,greenran_normal,0,0,65535_65535,2,39,3338011,15,1,1,0,3,0,24,1,1,pre_allocation
34,5727,greenran_normal,0,0,65535_65535,2,39,3338011,21,1,1,1,4,21,24,1,1,allocated
34,5727,greenran_normal,0,0,65535_65535,2,59,3338046,19,1,1,0,3,0,28,1,1,pre_allocation
34,5727,greenran_normal,0,0,65535_65535,2,59,3338046,27,1,1,1,4,27,28,1,1,allocated
34,5727,greenran_normal,0,0,65535_65535,2,57,3338005,19,1,1,0,3,0,28,1,1,pre_allocation
34,5727,greenran_normal,0,0,65535_65535,2,57,3338005,27,1,1,1,4,27,28,1,1,allocated
34,5727,greenran_normal,0,0,65535_65535,2,40,3338007,19,1,1,0,3,0,28,1,1,pre_allocation
34,5727,greenran_normal,0,0,65535_65535,2,40,3338007,27,1,1,1,4,27,28,1,1,allocated
34,5727,greenran_normal,0,0,65535_65535,2,41,3338007,19,1,1,0,3,0,28,1,1,pre_allocation
34,5727,greenran_normal,0,0,65535_65535,2,41,3338007,27,1,1,1,4,27,28,1,1,allocated
34,5727,greenran_normal,0,0,65535_65535,2,62,3338003,19,1,1,0,3,0,28,1,1,pre_allocation
34,5727,greenran_normal,0,0,65535_65535,2,62,3338003,27,1,1,1,4,27,28,1,1,allocated
34,5727,greenran_normal,0,0,65535_65535,2,61,3338003,19,1,1,0,3,0,28,1,1,pre_allocation
34,5727,greenran_normal,0,0,65535_65535,2,61,3338003,27,1,1,1,4,27,28,1,1,allocated
34,5727,greenran_normal,0,0,65535_65535,2,63,3338001,19,1,1,0,3,0,28,1,1,pre_allocation
34,5727,greenran_normal,0,0,65535_65535,2,63,3338001,27,1,1,1,4,27,28,1,1,allocated
34,5727,greenran_normal,0,0,65535_65535,2,37,3338000,19,1,1,0,3,0,28,1,1,pre_allocation
34,5727,greenran_normal,0,0,65535_65535,2,37,3338000,27,1,1,1,4,27,28,1,1,allocated
34,5727,greenran_normal,0,0,65535_65535,2,35,3337997,19,1,1,0,3,0,28,1,1,pre_allocation
34,5727,greenran_normal,0,0,65535_65535,2,35,3337997,27,1,1,1,4,27,28,1,1,allocated
34,5727,greenran_normal,0,0,65535_65535,2,44,3337997,19,1,1,0,3,0,28,1,1,pre_allocation
34,5727,greenran_normal,0,0,65535_65535,2,44,3337997,27,1,1,1,4,27,28,1,1,allocated
34,5727,greenran_normal,0,0,65535_65535,2,55,3337997,19,1,1,0,3,0,28,1,1,pre_allocation
34,5727,greenran_normal,0,0,65535_65535,2,55,3337997,27,1,1,1,4,27,28,1,1,allocated
34,5727,greenran_normal,0,0,65535_65535,2,56,3337997,19,1,1,0,3,0,28,1,1,pre_allocation
34,5727,greenran_normal,0,0,65535_65535,2,56,3337997,27,1,1,1,4,27,28,1,1,allocated
34,5727,greenran_normal,0,0,65535_65535,2,38,3339314,1,1,1,0,4,0,2,1,1,pre_allocation
34,5727,greenran_normal,0,0,65535_65535,2,38,3339314,1,1,1,1,5,1,2,1,1,allocated
34,5727,greenran_normal,0,0,65535_65535,2,60,3339162,5,1,1,0,4,0,12,1,1,pre_allocation
34,5727,greenran_normal,0,0,65535_65535,2,60,3339162,7,1,1,1,5,7,12,1,1,allocated
34,5727,greenran_normal,0,0,65535_65535,2,64,3339063,1,1,1,0,4,0,8,1,1,pre_allocation
34,5727,greenran_normal,0,0,65535_65535,2,64,3339063,3,1,1,1,5,3,8,1,1,allocated
34,5727,greenran_normal,0,0,65535_65535,2,43,3338693,15,1,1,0,4,0,20,1,1,pre_allocation
34,5727,greenran_normal,0,0,65535_65535,2,43,3338693,19,1,1,1,5,19,20,1,1,allocated
34,5727,greenran_normal,0,0,65535_65535,2,42,3338279,15,1,1,0,4,0,20,1,1,pre_allocation
34,5727,greenran_normal,0,0,65535_65535,2,42,3338279,19,1,1,1,5,19,20,1,1,allocated
34,5727,greenran_normal,0,0,65535_65535,2,36,3338066,21,1,1,0,4,0,24,1,1,pre_allocation
34,5727,greenran_normal,0,0,65535_65535,2,36,3338066,27,1,1,1,5,27,24,1,1,allocated
34,5727,greenran_normal,0,0,65535_65535,2,58,3338082,25,1,1,0,4,0,26,1,1,pre_allocation
34,5727,greenran_normal,0,0,65535_65535,2,58,3338082,32,1,1,1,5,32,26,1,1,allocated
34,5727,greenran_normal,0,0,65535_65535,2,39,3338011,21,1,1,0,4,0,24,1,1,pre_allocation
34,5727,greenran_normal,0,0,65535_65535,2,39,3338011,27,1,1,1,5,27,24,1,1,allocated
34,5727,greenran_normal,0,0,65535_65535,2,59,3338046,27,1,1,0,4,0,28,1,1,pre_allocation
34,5727,greenran_normal,0,0,65535_65535,2,59,3338046,34,1,1,1,5,34,28,1,1,allocated
34,5727,greenran_normal,0,0,65535_65535,2,57,3338005,27,1,1,0,4,0,28,1,1,pre_allocation
34,5727,greenran_normal,0,0,65535_65535,2,57,3338005,34,1,1,1,5,34,28,1,1,allocated
34,5727,greenran_normal,0,0,65535_65535,2,40,3338007,27,1,1,0,4,0,28,1,1,pre_allocation
34,5727,greenran_normal,0,0,65535_65535,2,40,3338007,34,1,1,1,5,34,28,1,1,allocated
34,5727,greenran_normal,0,0,65535_65535,2,41,3338007,27,1,1,0,4,0,28,1,1,pre_allocation
34,5727,greenran_normal,0,0,65535_65535,2,41,3338007,34,1,1,1,5,34,28,1,1,allocated
34,5727,greenran_normal,0,0,65535_65535,2,62,3338003,27,1,1,0,4,0,28,1,1,pre_allocation
34,5727,greenran_normal,0,0,65535_65535,2,62,3338003,34,1,1,1,5,34,28,1,1,allocated
34,5727,greenran_normal,0,0,65535_65535,2,61,3338003,27,1,1,0,4,0,28,1,1,pre_allocation
34,5727,greenran_normal,0,0,65535_65535,2,61,3338003,34,1,1,1,5,34,28,1,1,allocated
34,5727,greenran_normal,0,0,65535_65535,2,63,3338001,27,1,1,0,4,0,28,1,1,pre_allocation
34,5727,greenran_normal,0,0,65535_65535,2,63,3338001,34,1,1,1,5,34,28,1,1,allocated
34,5727,greenran_normal,0,0,65535_65535,2,37,3338000,27,1,1,0,4,0,28,1,1,pre_allocation
34,5727,greenran_normal,0,0,65535_65535,2,37,3338000,34,1,1,1,5,34,28,1,1,allocated
34,5727,greenran_normal,0,0,65535_65535,2,35,3337997,27,1,1,0,4,0,28,1,1,pre_allocation
34,5727,greenran_normal,0,0,65535_65535,2,35,3337997,34,1,1,1,5,34,28,1,1,allocated
34,5727,greenran_normal,0,0,65535_65535,2,44,3337997,27,1,1,0,4,0,28,1,1,pre_allocation
34,5727,greenran_normal,0,0,65535_65535,2,44,3337997,34,1,1,1,5,34,28,1,1,allocated
34,5727,greenran_normal,0,0,65535_65535,2,55,3337997,27,1,1,0,4,0,28,1,1,pre_allocation
34,5727,greenran_normal,0,0,65535_65535,2,55,3337997,34,1,1,1,5,34,28,1,1,allocated
34,5727,greenran_normal,0,0,65535_65535,2,56,3337997,27,1,1,0,4,0,28,1,1,pre_allocation
34,5727,greenran_normal,0,0,65535_65535,2,56,3337997,34,1,1,1,5,34,28,1,1,allocated
34,5727,greenran_normal,0,0,65535_65535,2,38,3339314,1,1,1,0,5,0,2,1,1,pre_allocation
34,5727,greenran_normal,0,0,65535_65535,2,38,3339314,1,1,1,1,6,1,2,1,1,allocated
34,5727,greenran_normal,0,0,65535_65535,2,60,3339162,7,1,1,0,5,0,12,1,1,pre_allocation
34,5727,greenran_normal,0,0,65535_65535,2,60,3339162,9,1,1,1,6,9,12,1,1,allocated
34,5727,greenran_normal,0,0,65535_65535,2,64,3339063,3,1,1,0,5,0,8,1,1,pre_allocation
34,5727,greenran_normal,0,0,65535_65535,2,64,3339063,4,1,1,1,6,4,8,1,1,allocated
34,5727,greenran_normal,0,0,65535_65535,2,43,3338693,19,1,1,0,5,0,20,1,1,pre_allocation
34,5727,greenran_normal,0,0,65535_65535,2,43,3338693,24,1,1,1,6,24,20,1,1,allocated
34,5727,greenran_normal,0,0,65535_65535,2,42,3338279,19,1,1,0,5,0,20,1,1,pre_allocation
34,5727,greenran_normal,0,0,65535_65535,2,42,3338279,24,1,1,1,6,24,20,1,1,allocated
34,5727,greenran_normal,0,0,65535_65535,2,36,3338066,27,1,1,0,5,0,24,1,1,pre_allocation
34,5727,greenran_normal,0,0,65535_65535,2,36,3338066,34,1,1,1,6,34,24,1,1,allocated
34,5727,greenran_normal,0,0,65535_65535,2,58,3338082,32,1,1,0,5,0,26,1,1,pre_allocation
34,5727,greenran_normal,0,0,65535_65535,2,58,3338082,39,1,1,1,6,39,26,1,1,allocated
34,5727,greenran_normal,0,0,65535_65535,2,39,3338011,27,1,1,0,5,0,24,1,1,pre_allocation
34,5727,greenran_normal,0,0,65535_65535,2,39,3338011,34,1,1,1,6,34,24,1,1,allocated
34,5727,greenran_normal,0,0,65535_65535,2,59,3338046,34,1,1,0,5,0,28,1,1,pre_allocation
34,5727,greenran_normal,0,0,65535_65535,2,59,3338046,42,1,1,1,6,42,28,1,1,allocated
34,5727,greenran_normal,0,0,65535_65535,2,57,3338005,34,1,1,0,5,0,28,1,1,pre_allocation
34,5727,greenran_normal,0,0,65535_65535,2,57,3338005,42,1,1,1,6,42,28,1,1,allocated
34,5727,greenran_normal,0,0,65535_65535,2,40,3338007,34,1,1,0,5,0,28,1,1,pre_allocation
34,5727,greenran_normal,0,0,65535_65535,2,40,3338007,42,1,1,1,6,42,28,1,1,allocated
34,5727,greenran_normal,0,0,65535_65535,2,41,3338007,34,1,1,0,5,0,28,1,1,pre_allocation
34,5727,greenran_normal,0,0,65535_65535,2,41,3338007,42,1,1,1,6,42,28,1,1,allocated
34,5727,greenran_normal,0,0,65535_65535,2,62,3338003,34,1,1,0,5,0,28,1,1,pre_allocation
34,5727,greenran_normal,0,0,65535_65535,2,62,3338003,42,1,1,1,6,42,28,1,1,allocated
34,5727,greenran_normal,0,0,65535_65535,2,61,3338003,34,1,1,0,5,0,28,1,1,pre_allocation
34,5727,greenran_normal,0,0,65535_65535,2,61,3338003,42,1,1,1,6,42,28,1,1,allocated
34,5727,greenran_normal,0,0,65535_65535,2,63,3338001,34,1,1,0,5,0,28,1,1,pre_allocation
34,5727,greenran_normal,0,0,65535_65535,2,63,3338001,42,1,1,1,6,42,28,1,1,allocated
34,5727,greenran_normal,0,0,65535_65535,2,37,3338000,34,1,1,0,5,0,28,1,1,pre_allocation
34,5727,greenran_normal,0,0,65535_65535,2,37,3338000,42,1,1,1,6,42,28,1,1,allocated
34,5727,greenran_normal,0,0,65535_65535,2,35,3337997,34,1,1,0,5,0,28,1,1,pre_allocation
34,5727,greenran_normal,0,0,65535_65535,2,35,3337997,42,1,1,1,6,42,28,1,1,allocated
34,5727,greenran_normal,0,0,65535_65535,2,44,3337997,34,1,1,0,5,0,28,1,1,pre_allocation
34,5727,greenran_normal,0,0,65535_65535,2,44,3337997,42,1,1,1,6,42,28,1,1,allocated
34,5727,greenran_normal,0,0,65535_65535,2,55,3337997,34,1,1,0,5,0,28,1,1,pre_allocation
34,5727,greenran_normal,0,0,65535_65535,2,55,3337997,42,1,1,1,6,42,28,1,1,allocated
34,5727,greenran_normal,0,0,65535_65535,2,56,3337997,34,1,1,0,5,0,28,1,1,pre_allocation
34,5727,greenran_normal,0,0,65535_65535,2,56,3337997,42,1,1,1,6,42,28,1,1,allocated
34,5727,greenran_normal,0,0,65535_65535,2,38,3339314,1,1,1,0,6,0,2,1,1,pre_allocation
34,5727,greenran_normal,0,0,65535_65535,2,38,3339314,2,1,1,1,7,2,2,1,1,allocated
34,5727,greenran_normal,0,0,65535_65535,2,60,3339162,9,1,1,0,6,0,12,1,1,pre_allocation
34,5727,greenran_normal,0,0,65535_65535,2,60,3339162,11,1,1,1,7,11,12,1,1,allocated
34,5727,greenran_normal,0,0,65535_65535,2,64,3339063,4,1,1,0,6,0,8,1,1,pre_allocation
34,5727,greenran_normal,0,0,65535_65535,2,64,3339063,5,1,1,1,7,5,8,1,1,allocated
34,5727,greenran_normal,0,0,65535_65535,2,43,3338693,24,1,1,0,6,0,20,1,1,pre_allocation
34,5727,greenran_normal,0,0,65535_65535,2,43,3338693,28,1,1,1,7,28,20,1,1,allocated
34,5727,greenran_normal,0,0,65535_65535,2,42,3338279,24,1,1,0,6,0,20,1,1,pre_allocation
34,5727,greenran_normal,0,0,65535_65535,2,42,3338279,28,1,1,1,7,28,20,1,1,allocated
34,5727,greenran_normal,0,0,65535_65535,2,36,3338066,34,1,1,0,6,0,24,1,1,pre_allocation
34,5727,greenran_normal,0,0,65535_65535,2,36,3338066,40,1,1,1,7,40,24,1,1,allocated
34,5727,greenran_normal,0,0,65535_65535,2,58,3338082,39,1,1,0,6,0,26,1,1,pre_allocation
34,5727,greenran_normal,0,0,65535_65535,2,58,3338082,46,1,1,1,7,46,26,1,1,allocated
34,5727,greenran_normal,0,0,65535_65535,2,39,3338011,34,1,1,0,6,0,24,1,1,pre_allocation
34,5727,greenran_normal,0,0,65535_65535,2,39,3338011,40,1,1,1,7,40,24,1,1,allocated
34,5727,greenran_normal,0,0,65535_65535,2,59,3338046,42,1,1,0,6,0,28,1,1,pre_allocation
34,5727,greenran_normal,0,0,65535_65535,2,59,3338046,50,1,1,1,7,50,28,1,1,allocated
34,5727,greenran_normal,0,0,65535_65535,2,57,3338005,42,1,1,0,6,0,28,1,1,pre_allocation
34,5727,greenran_normal,0,0,65535_65535,2,57,3338005,50,1,1,1,7,50,28,1,1,allocated
34,5727,greenran_normal,0,0,65535_65535,2,40,3338007,42,1,1,0,6,0,28,1,1,pre_allocation
34,5727,greenran_normal,0,0,65535_65535,2,40,3338007,50,1,1,1,7,50,28,1,1,allocated
34,5727,greenran_normal,0,0,65535_65535,2,41,3338007,42,1,1,0,6,0,28,1,1,pre_allocation
34,5727,greenran_normal,0,0,65535_65535,2,41,3338007,50,1,1,1,7,50,28,1,1,allocated
34,5727,greenran_normal,0,0,65535_65535,2,62,3338003,42,1,1,0,6,0,28,1,1,pre_allocation
34,5727,greenran_normal,0,0,65535_65535,2,62,3338003,50,1,1,1,7,50,28,1,1,allocated
34,5727,greenran_normal,0,0,65535_65535,2,61,3338003,42,1,1,0,6,0,28,1,1,pre_allocation
34,5727,greenran_normal,0,0,65535_65535,2,61,3338003,50,1,1,1,7,50,28,1,1,allocated
34,5727,greenran_normal,0,0,65535_65535,2,63,3338001,42,1,1,0,6,0,28,1,1,pre_allocation
34,5727,greenran_normal,0,0,65535_65535,2,63,3338001,50,1,1,1,7,50,28,1,1,allocated
34,5727,greenran_normal,0,0,65535_65535,2,37,3338000,42,1,1,0,6,0,28,1,1,pre_allocation
34,5727,greenran_normal,0,0,65535_65535,2,37,3338000,50,1,1,1,7,50,28,1,1,allocated
34,5727,greenran_normal,0,0,65535_65535,2,35,3337997,42,1,1,0,6,0,28,1,1,pre_allocation
34,5727,greenran_normal,0,0,65535_65535,2,35,3337997,50,1,1,1,7,50,28,1,1,allocated
34,5727,greenran_normal,0,0,65535_65535,2,44,3337997,42,1,1,0,6,0,28,1,1,pre_allocation
34,5727,greenran_normal,0,0,65535_65535,2,44,3337997,50,1,1,1,7,50,28,1,1,allocated
34,5727,greenran_normal,0,0,65535_65535,2,55,3337997,42,1,1,0,6,0,28,1,1,pre_allocation
34,5727,greenran_normal,0,0,65535_65535,2,55,3337997,50,1,1,1,7,50,28,1,1,allocated
34,5727,greenran_normal,0,0,65535_65535,2,56,3337997,42,1,1,0,6,0,28,1,1,pre_allocation
34,5727,greenran_normal,0,0,65535_65535,2,56,3337997,50,1,1,1,7,50,28,1,1,allocated
34,5727,greenran_normal,0,0,65535_65535,2,38,3339314,2,1,1,0,7,0,2,1,1,pre_allocation
34,5727,greenran_normal,0,0,65535_65535,2,38,3339314,2,1,1,1,8,2,2,1,1,allocated
34,5727,greenran_normal,0,0,65535_65535,2,60,3339162,11,1,1,0,7,0,12,1,1,pre_allocation
34,5727,greenran_normal,0,0,65535_65535,2,60,3339162,13,1,1,1,8,13,12,1,1,allocated
34,5727,greenran_normal,0,0,65535_65535,2,64,3339063,5,1,1,0,7,0,8,1,1,pre_allocation
34,5727,greenran_normal,0,0,65535_65535,2,64,3339063,6,1,1,1,8,6,8,1,1,allocated
34,5727,greenran_normal,0,0,65535_65535,2,43,3338693,28,1,1,0,7,0,20,1,1,pre_allocation
34,5727,greenran_normal,0,0,65535_65535,2,43,3338693,33,1,1,1,8,33,20,1,1,allocated
34,5727,greenran_normal,0,0,65535_65535,2,42,3338279,28,1,1,0,7,0,20,1,1,pre_allocation
34,5727,greenran_normal,0,0,65535_65535,2,42,3338279,33,1,1,1,8,33,20,1,1,allocated
34,5727,greenran_normal,0,0,65535_65535,2,36,3338066,40,1,1,0,7,0,24,1,1,pre_allocation
34,5727,greenran_normal,0,0,65535_65535,2,36,3338066,46,1,1,1,8,46,24,1,1,allocated
34,5727,greenran_normal,0,0,65535_65535,2,58,3338082,46,1,1,0,7,0,26,1,1,pre_allocation
34,5727,greenran_normal,0,0,65535_65535,2,58,3338082,53,1,1,1,8,53,26,1,1,allocated
34,5727,greenran_normal,0,0,65535_65535,2,39,3338011,40,1,1,0,7,0,24,1,1,pre_allocation
34,5727,greenran_normal,0,0,65535_65535,2,39,3338011,46,1,1,1,8,46,24,1,1,allocated
34,5727,greenran_normal,0,0,65535_65535,2,59,3338046,50,1,1,0,7,0,28,1,1,pre_allocation
34,5727,greenran_normal,0,0,65535_65535,2,59,3338046,57,1,1,1,8,57,28,1,1,allocated
34,5727,greenran_normal,0,0,65535_65535,2,57,3338005,50,1,1,0,7,0,28,1,1,pre_allocation
34,5727,greenran_normal,0,0,65535_65535,2,57,3338005,57,1,1,1,8,57,28,1,1,allocated
34,5727,greenran_normal,0,0,65535_65535,2,40,3338007,50,1,1,0,7,0,28,1,1,pre_allocation
34,5727,greenran_normal,0,0,65535_65535,2,40,3338007,57,1,1,1,8,57,28,1,1,allocated
34,5727,greenran_normal,0,0,65535_65535,2,41,3338007,50,1,1,0,7,0,28,1,1,pre_allocation
34,5727,greenran_normal,0,0,65535_65535,2,41,3338007,57,1,1,1,8,57,28,1,1,allocated
34,5727,greenran_normal,0,0,65535_65535,2,62,3338003,50,1,1,0,7,0,28,1,1,pre_allocation
34,5727,greenran_normal,0,0,65535_65535,2,62,3338003,57,1,1,1,8,57,28,1,1,allocated
34,5727,greenran_normal,0,0,65535_65535,2,61,3338003,50,1,1,0,7,0,28,1,1,pre_allocation
34,5727,greenran_normal,0,0,65535_65535,2,61,3338003,57,1,1,1,8,57,28,1,1,allocated
34,5727,greenran_normal,0,0,65535_65535,2,63,3338001,50,1,1,0,7,0,28,1,1,pre_allocation
34,5727,greenran_normal,0,0,65535_65535,2,63,3338001,57,1,1,1,8,57,28,1,1,allocated
34,5727,greenran_normal,0,0,65535_65535,2,37,3338000,50,1,1,0,7,0,28,1,1,pre_allocation
34,5727,greenran_normal,0,0,65535_65535,2,37,3338000,57,1,1,1,8,57,28,1,1,allocated
34,5727,greenran_normal,0,0,65535_65535,2,35,3337997,50,1,1,0,7,0,28,1,1,pre_allocation
34,5727,greenran_normal,0,0,65535_65535,2,35,3337997,57,1,1,1,8,57,28,1,1,allocated
34,5727,greenran_normal,0,0,65535_65535,2,44,3337997,50,1,1,0,7,0,28,1,1,pre_allocation
34,5727,greenran_normal,0,0,65535_65535,2,44,3337997,57,1,1,1,8,57,28,1,1,allocated
34,5727,greenran_normal,0,0,65535_65535,2,55,3337997,50,1,1,0,7,0,28,1,1,pre_allocation
34,5727,greenran_normal,0,0,65535_65535,2,55,3337997,57,1,1,1,8,57,28,1,1,allocated
34,5727,greenran_normal,0,0,65535_65535,2,56,3337997,50,1,1,0,7,0,28,1,1,pre_allocation
34,5727,greenran_normal,0,0,65535_65535,2,56,3337997,57,1,1,1,8,57,28,1,1,allocated
34,5727,greenran_normal,0,0,65535_65535,2,38,3339314,2,1,1,0,8,0,2,1,1,pre_allocation
34,5727,greenran_normal,0,0,65535_65535,2,38,3339314,2,1,1,1,9,2,2,1,1,allocated
34,5727,greenran_normal,0,0,65535_65535,2,60,3339162,13,1,1,0,8,0,12,1,1,pre_allocation
34,5727,greenran_normal,0,0,65535_65535,2,60,3339162,15,1,1,1,9,15,12,1,1,allocated
34,5727,greenran_normal,0,0,65535_65535,2,64,3339063,6,1,1,0,8,0,8,1,1,pre_allocation
34,5727,greenran_normal,0,0,65535_65535,2,64,3339063,7,1,1,1,9,7,8,1,1,allocated
34,5727,greenran_normal,0,0,65535_65535,2,43,3338693,33,1,1,0,8,0,20,1,1,pre_allocation
34,5727,greenran_normal,0,0,65535_65535,2,43,3338693,37,1,1,1,9,37,20,1,1,allocated
34,5727,greenran_normal,0,0,65535_65535,2,42,3338279,33,1,1,0,8,0,20,1,1,pre_allocation
34,5727,greenran_normal,0,0,65535_65535,2,42,3338279,37,1,1,1,9,37,20,1,1,allocated
34,5727,greenran_normal,0,0,65535_65535,2,36,3338066,46,1,1,0,8,0,24,1,1,pre_allocation
34,5727,greenran_normal,0,0,65535_65535,2,36,3338066,52,1,1,1,9,52,24,1,1,allocated
34,5727,greenran_normal,0,0,65535_65535,2,58,3338082,53,1,1,0,8,0,26,1,1,pre_allocation
34,5727,greenran_normal,0,0,65535_65535,2,58,3338082,60,1,1,1,9,60,26,1,1,allocated
34,5727,greenran_normal,0,0,65535_65535,2,39,3338011,46,1,1,0,8,0,24,1,1,pre_allocation
34,5727,greenran_normal,0,0,65535_65535,2,39,3338011,52,1,1,1,9,52,24,1,1,allocated
34,5727,greenran_normal,0,0,65535_65535,2,59,3338046,57,1,1,0,8,0,28,1,1,pre_allocation
34,5727,greenran_normal,0,0,65535_65535,2,59,3338046,65,1,1,1,9,65,28,1,1,allocated
34,5727,greenran_normal,0,0,65535_65535,2,57,3338005,57,1,1,0,8,0,28,1,1,pre_allocation
34,5727,greenran_normal,0,0,65535_65535,2,57,3338005,65,1,1,1,9,65,28,1,1,allocated
34,5727,greenran_normal,0,0,65535_65535,2,40,3338007,57,1,1,0,8,0,28,1,1,pre_allocation
34,5727,greenran_normal,0,0,65535_65535,2,40,3338007,65,1,1,1,9,65,28,1,1,allocated
34,5727,greenran_normal,0,0,65535_65535,2,41,3338007,57,1,1,0,8,0,28,1,1,pre_allocation
34,5727,greenran_normal,0,0,65535_65535,2,41,3338007,65,1,1,1,9,65,28,1,1,allocated
34,5727,greenran_normal,0,0,65535_65535,2,62,3338003,57,1,1,0,8,0,28,1,1,pre_allocation
34,5727,greenran_normal,0,0,65535_65535,2,62,3338003,65,1,1,1,9,65,28,1,1,allocated
34,5727,greenran_normal,0,0,65535_65535,2,61,3338003,57,1,1,0,8,0,28,1,1,pre_allocation
34,5727,greenran_normal,0,0,65535_65535,2,61,3338003,65,1,1,1,9,65,28,1,1,allocated
34,5727,greenran_normal,0,0,65535_65535,2,63,3338001,57,1,1,0,8,0,28,1,1,pre_allocation
34,5727,greenran_normal,0,0,65535_65535,2,63,3338001,65,1,1,1,9,65,28,1,1,allocated
34,5727,greenran_normal,0,0,65535_65535,2,37,3338000,57,1,1,0,8,0,28,1,1,pre_allocation
34,5727,greenran_normal,0,0,65535_65535,2,37,3338000,65,1,1,1,9,65,28,1,1,allocated
34,5727,greenran_normal,0,0,65535_65535,2,35,3337997,57,1,1,0,8,0,28,1,1,pre_allocation
34,5727,greenran_normal,0,0,65535_65535,2,35,3337997,65,1,1,1,9,65,28,1,1,allocated
34,5727,greenran_normal,0,0,65535_65535,2,44,3337997,57,1,1,0,8,0,28,1,1,pre_allocation
34,5727,greenran_normal,0,0,65535_65535,2,44,3337997,65,1,1,1,9,65,28,1,1,allocated
34,5727,greenran_normal,0,0,65535_65535,2,55,3337997,57,1,1,0,8,0,28,1,1,pre_allocation
34,5727,greenran_normal,0,0,65535_65535,2,55,3337997,65,1,1,1,9,65,28,1,1,allocated
34,5727,greenran_normal,0,0,65535_65535,2,56,3337997,57,1,1,0,8,0,28,1,1,pre_allocation
34,5727,greenran_normal,0,0,65535_65535,2,56,3337997,65,1,1,1,9,65,28,1,1,allocated
34,5727,greenran_normal,0,0,65535_65535,2,38,3339314,2,1,1,0,9,0,2,1,1,pre_allocation
34,5727,greenran_normal,0,0,65535_65535,2,38,3339314,0,1,1,1,10,0,2,1,1,allocated
34,5727,greenran_normal,0,0,65535_65535,2,60,3339162,15,1,1,0,9,0,12,1,1,pre_allocation
34,5727,greenran_normal,0,0,65535_65535,2,60,3339162,17,1,1,1,10,17,12,1,1,allocated
34,5727,greenran_normal,0,0,65535_65535,2,64,3339063,7,1,1,0,9,0,8,1,1,pre_allocation
34,5727,greenran_normal,0,0,65535_65535,2,64,3339063,9,1,1,1,10,9,8,1,1,allocated
34,5727,greenran_normal,0,0,65535_65535,2,43,3338693,37,1,1,0,9,0,20,1,1,pre_allocation
34,5727,greenran_normal,0,0,65535_65535,2,43,3338693,42,1,1,1,10,42,20,1,1,allocated
34,5727,greenran_normal,0,0,65535_65535,2,42,3338279,37,1,1,0,9,0,20,1,1,pre_allocation
34,5727,greenran_normal,0,0,65535_65535,2,42,3338279,42,1,1,1,10,42,20,1,1,allocated
34,5727,greenran_normal,0,0,65535_65535,2,36,3338066,52,1,1,0,9,0,24,1,1,pre_allocation
34,5727,greenran_normal,0,0,65535_65535,2,36,3338066,58,1,1,1,10,58,24,1,1,allocated
34,5727,greenran_normal,0,0,65535_65535,2,58,3338082,60,1,1,0,9,0,26,1,1,pre_allocation
34,5727,greenran_normal,0,0,65535_65535,2,58,3338082,67,1,1,1,10,67,26,1,1,allocated
34,5727,greenran_normal,0,0,65535_65535,2,39,3338011,52,1,1,0,9,0,24,1,1,pre_allocation
34,5727,greenran_normal,0,0,65535_65535,2,39,3338011,58,1,1,1,10,58,24,1,1,allocated
34,5727,greenran_normal,0,0,65535_65535,2,59,3338046,65,1,1,0,9,0,28,1,1,pre_allocation
34,5727,greenran_normal,0,0,65535_65535,2,59,3338046,72,1,1,1,10,72,28,1,1,allocated
34,5727,greenran_normal,0,0,65535_65535,2,57,3338005,65,1,1,0,9,0,28,1,1,pre_allocation
34,5727,greenran_normal,0,0,65535_65535,2,57,3338005,72,1,1,1,10,72,28,1,1,allocated
34,5727,greenran_normal,0,0,65535_65535,2,40,3338007,65,1,1,0,9,0,28,1,1,pre_allocation
34,5727,greenran_normal,0,0,65535_65535,2,40,3338007,72,1,1,1,10,72,28,1,1,allocated
34,5727,greenran_normal,0,0,65535_65535,2,41,3338007,65,1,1,0,9,0,28,1,1,pre_allocation
34,5727,greenran_normal,0,0,65535_65535,2,41,3338007,72,1,1,1,10,72,28,1,1,allocated
34,5727,greenran_normal,0,0,65535_65535,2,62,3338003,65,1,1,0,9,0,28,1,1,pre_allocation
34,5727,greenran_normal,0,0,65535_65535,2,62,3338003,72,1,1,1,10,72,28,1,1,allocated
34,5727,greenran_normal,0,0,65535_65535,2,61,3338003,65,1,1,0,9,0,28,1,1,pre_allocation
34,5727,greenran_normal,0,0,65535_65535,2,61,3338003,72,1,1,1,10,72,28,1,1,allocated
34,5727,greenran_normal,0,0,65535_65535,2,63,3338001,65,1,1,0,9,0,28,1,1,pre_allocation
34,5727,greenran_normal,0,0,65535_65535,2,63,3338001,72,1,1,1,10,72,28,1,1,allocated
34,5727,greenran_normal,0,0,65535_65535,2,37,3338000,65,1,1,0,9,0,28,1,1,pre_allocation
34,5727,greenran_normal,0,0,65535_65535,2,37,3338000,72,1,1,1,10,72,28,1,1,allocated
34,5727,greenran_normal,0,0,65535_65535,2,35,3337997,65,1,1,0,9,0,28,1,1,pre_allocation
34,5727,greenran_normal,0,0,65535_65535,2,35,3337997,72,1,1,1,10,72,28,1,1,allocated
34,5727,greenran_normal,0,0,65535_65535,2,44,3337997,65,1,1,0,9,0,28,1,1,pre_allocation
34,5727,greenran_normal,0,0,65535_65535,2,44,3337997,72,1,1,1,10,72,28,1,1,allocated
34,5727,greenran_normal,0,0,65535_65535,2,55,3337997,65,1,1,0,9,0,28,1,1,pre_allocation
34,5727,greenran_normal,0,0,65535_65535,2,55,3337997,72,1,1,1,10,72,28,1,1,allocated
34,5727,greenran_normal,0,0,65535_65535,2,56,3337997,65,1,1,0,9,0,28,1,1,pre_allocation
34,5727,greenran_normal,0,0,65535_65535,2,56,3337997,72,1,1,1,10,72,28,1,1,allocated
34,5727,greenran_normal,0,0,65535_65535,2,38,3339314,0,1,1,0,10,0,2,1,1,pre_allocation
34,5727,greenran_normal,0,0,65535_65535,2,38,3339314,0,1,1,1,11,0,2,1,1,allocated
34,5727,greenran_normal,0,0,65535_65535,2,60,3339162,17,1,1,0,10,0,12,1,1,pre_allocation
34,5727,greenran_normal,0,0,65535_65535,2,60,3339162,19,1,1,1,11,19,12,1,1,allocated
34,5727,greenran_normal,0,0,65535_65535,2,64,3339063,9,1,1,0,10,0,8,1,1,pre_allocation
34,5727,greenran_normal,0,0,65535_65535,2,64,3339063,10,1,1,1,11,10,8,1,1,allocated
34,5727,greenran_normal,0,0,65535_65535,2,43,3338693,42,1,1,0,10,0,20,1,1,pre_allocation
34,5727,greenran_normal,0,0,65535_65535,2,43,3338693,46,1,1,1,11,46,20,1,1,allocated
34,5727,greenran_normal,0,0,65535_65535,2,42,3338279,42,1,1,0,10,0,20,1,1,pre_allocation
34,5727,greenran_normal,0,0,65535_65535,2,42,3338279,46,1,1,1,11,46,20,1,1,allocated
34,5727,greenran_normal,0,0,65535_65535,2,36,3338066,58,1,1,0,10,0,24,1,1,pre_allocation
34,5727,greenran_normal,0,0,65535_65535,2,36,3338066,65,1,1,1,11,65,24,1,1,allocated
34,5727,greenran_normal,0,0,65535_65535,2,58,3338082,67,1,1,0,10,0,26,1,1,pre_allocation
34,5727,greenran_normal,0,0,65535_65535,2,58,3338082,74,1,1,1,11,74,26,1,1,allocated
34,5727,greenran_normal,0,0,65535_65535,2,39,3338011,58,1,1,0,10,0,24,1,1,pre_allocation
34,5727,greenran_normal,0,0,65535_65535,2,39,3338011,65,1,1,1,11,65,24,1,1,allocated
34,5727,greenran_normal,0,0,65535_65535,2,59,3338046,72,1,1,0,10,0,28,1,1,pre_allocation
34,5727,greenran_normal,0,0,65535_65535,2,59,3338046,80,1,1,1,11,80,28,1,1,allocated
34,5727,greenran_normal,0,0,65535_65535,2,57,3338005,72,1,1,0,10,0,28,1,1,pre_allocation
34,5727,greenran_normal,0,0,65535_65535,2,57,3338005,80,1,1,1,11,80,28,1,1,allocated
34,5727,greenran_normal,0,0,65535_65535,2,40,3338007,72,1,1,0,10,0,28,1,1,pre_allocation
34,5727,greenran_normal,0,0,65535_65535,2,40,3338007,80,1,1,1,11,80,28,1,1,allocated
37,5876,greenran_normal,0,0,65535_65535,0,4,108589,0,1,1,0,0,0,22,1,1,pre_allocation
37,5876,greenran_normal,0,0,65535_65535,0,4,108589,2,1,1,1,1,2,22,1,1,allocated
37,5876,greenran_normal,0,0,65535_65535,0,1,107135,0,1,1,0,0,0,26,1,1,pre_allocation
37,5876,greenran_normal,0,0,65535_65535,0,1,107135,4,1,1,1,1,4,26,1,1,allocated
37,5876,greenran_normal,0,0,65535_65535,0,2,107127,0,1,1,0,0,0,28,1,1,pre_allocation
37,5876,greenran_normal,0,0,65535_65535,0,2,107127,4,1,1,1,1,4,28,1,1,allocated
37,5876,greenran_normal,0,0,65535_65535,0,5,107123,0,1,1,0,0,0,28,1,1,pre_allocation
37,5876,greenran_normal,0,0,65535_65535,0,5,107123,4,1,1,1,1,4,28,1,1,allocated
37,5876,greenran_normal,0,0,65535_65535,0,3,107121,0,1,1,0,0,0,28,1,1,pre_allocation
37,5876,greenran_normal,0,0,65535_65535,0,3,107121,4,1,1,1,1,4,28,1,1,allocated
37,5876,greenran_normal,0,0,65535_65535,0,4,108589,2,1,1,0,1,0,22,1,1,pre_allocation
37,5876,greenran_normal,0,0,65535_65535,0,4,108589,7,1,1,1,2,7,22,1,1,allocated
37,5876,greenran_normal,0,0,65535_65535,0,1,107135,4,1,1,0,1,0,26,1,1,pre_allocation
37,5876,greenran_normal,0,0,65535_65535,0,1,107135,11,1,1,1,2,11,26,1,1,allocated
37,5876,greenran_normal,0,0,65535_65535,0,2,107127,4,1,1,0,1,0,28,1,1,pre_allocation
37,5876,greenran_normal,0,0,65535_65535,0,2,107127,12,1,1,1,2,12,28,1,1,allocated
37,5876,greenran_normal,0,0,65535_65535,0,5,107123,4,1,1,0,1,0,28,1,1,pre_allocation
37,5876,greenran_normal,0,0,65535_65535,0,5,107123,12,1,1,1,2,12,28,1,1,allocated
37,5876,greenran_normal,0,0,65535_65535,0,3,107121,4,1,1,0,1,0,28,1,1,pre_allocation
37,5876,greenran_normal,0,0,65535_65535,0,3,107121,12,1,1,1,2,12,28,1,1,allocated
37,5876,greenran_normal,0,0,65535_65535,0,4,108589,7,1,1,0,2,0,22,1,1,pre_allocation
37,5876,greenran_normal,0,0,65535_65535,0,4,108589,13,1,1,1,3,13,22,1,1,allocated
37,5876,greenran_normal,0,0,65535_65535,0,1,107135,11,1,1,0,2,0,26,1,1,pre_allocation
37,5876,greenran_normal,0,0,65535_65535,0,1,107135,18,1,1,1,3,18,26,1,1,allocated
37,5876,greenran_normal,0,0,65535_65535,0,2,107127,12,1,1,0,2,0,28,1,1,pre_allocation
37,5876,greenran_normal,0,0,65535_65535,0,2,107127,19,1,1,1,3,19,28,1,1,allocated
37,5876,greenran_normal,0,0,65535_65535,0,5,107123,12,1,1,0,2,0,28,1,1,pre_allocation
37,5876,greenran_normal,0,0,65535_65535,0,5,107123,19,1,1,1,3,19,28,1,1,allocated
37,5876,greenran_normal,0,0,65535_65535,0,3,107121,12,1,1,0,2,0,28,1,1,pre_allocation
37,5876,greenran_normal,0,0,65535_65535,0,3,107121,19,1,1,1,3,19,28,1,1,allocated
37,5876,greenran_normal,0,0,65535_65535,0,4,108589,13,1,1,0,3,0,22,1,1,pre_allocation
37,5876,greenran_normal,0,0,65535_65535,0,4,108589,18,1,1,1,4,18,22,1,1,allocated
37,5876,greenran_normal,0,0,65535_65535,0,1,107135,18,1,1,0,3,0,26,1,1,pre_allocation
37,5876,greenran_normal,0,0,65535_65535,0,1,107135,25,1,1,1,4,25,26,1,1,allocated
37,5876,greenran_normal,0,0,65535_65535,0,2,107127,19,1,1,0,3,0,28,1,1,pre_allocation
37,5876,greenran_normal,0,0,65535_65535,0,2,107127,27,1,1,1,4,27,28,1,1,allocated
37,5876,greenran_normal,0,0,65535_65535,0,5,107123,19,1,1,0,3,0,28,1,1,pre_allocation
37,5876,greenran_normal,0,0,65535_65535,0,5,107123,27,1,1,1,4,27,28,1,1,allocated
37,5876,greenran_normal,0,0,65535_65535,0,3,107121,19,1,1,0,3,0,28,1,1,pre_allocation
37,5876,greenran_normal,0,0,65535_65535,0,3,107121,27,1,1,1,4,27,28,1,1,allocated
37,5876,greenran_normal,0,0,65535_65535,0,4,108589,18,1,1,0,4,0,22,1,1,pre_allocation
37,5876,greenran_normal,0,0,65535_65535,0,4,108589,23,1,1,1,5,23,22,1,1,allocated
37,5876,greenran_normal,0,0,65535_65535,0,1,107135,25,1,1,0,4,0,26,1,1,pre_allocation
37,5876,greenran_normal,0,0,65535_65535,0,1,107135,32,1,1,1,5,32,26,1,1,allocated
37,5876,greenran_normal,0,0,65535_65535,0,2,107127,27,1,1,0,4,0,28,1,1,pre_allocation
37,5876,greenran_normal,0,0,65535_65535,0,2,107127,34,1,1,1,5,34,28,1,1,allocated
37,5876,greenran_normal,0,0,65535_65535,0,5,107123,27,1,1,0,4,0,28,1,1,pre_allocation
37,5876,greenran_normal,0,0,65535_65535,0,5,107123,34,1,1,1,5,34,28,1,1,allocated
37,5876,greenran_normal,0,0,65535_65535,0,3,107121,27,1,1,0,4,0,28,1,1,pre_allocation
37,5876,greenran_normal,0,0,65535_65535,0,3,107121,34,1,1,1,5,34,28,1,1,allocated
37,5876,greenran_normal,0,0,65535_65535,0,4,108589,23,1,1,0,5,0,22,1,1,pre_allocation
37,5876,greenran_normal,0,0,65535_65535,0,4,108589,29,1,1,1,6,29,22,1,1,allocated
37,5876,greenran_normal,0,0,65535_65535,0,1,107135,32,1,1,0,5,0,26,1,1,pre_allocation
37,5876,greenran_normal,0,0,65535_65535,0,1,107135,39,1,1,1,6,39,26,1,1,allocated
37,5876,greenran_normal,0,0,65535_65535,0,2,107127,34,1,1,0,5,0,28,1,1,pre_allocation
37,5876,greenran_normal,0,0,65535_65535,0,2,107127,42,1,1,1,6,42,28,1,1,allocated
37,5876,greenran_normal,0,0,65535_65535,0,5,107123,34,1,1,0,5,0,28,1,1,pre_allocation
37,5876,greenran_normal,0,0,65535_65535,0,5,107123,42,1,1,1,6,42,28,1,1,allocated
37,5876,greenran_normal,0,0,65535_65535,0,3,107121,34,1,1,0,5,0,28,1,1,pre_allocation
37,5876,greenran_normal,0,0,65535_65535,0,3,107121,42,1,1,1,6,42,28,1,1,allocated
37,5876,greenran_normal,0,0,65535_65535,0,4,108589,29,1,1,0,6,0,22,1,1,pre_allocation
37,5876,greenran_normal,0,0,65535_65535,0,4,108589,34,1,1,1,7,34,22,1,1,allocated
37,5876,greenran_normal,0,0,65535_65535,0,1,107135,39,1,1,0,6,0,26,1,1,pre_allocation
37,5876,greenran_normal,0,0,65535_65535,0,1,107135,46,1,1,1,7,46,26,1,1,allocated
37,5876,greenran_normal,0,0,65535_65535,0,2,107127,42,1,1,0,6,0,28,1,1,pre_allocation
37,5876,greenran_normal,0,0,65535_65535,0,2,107127,50,1,1,1,7,50,28,1,1,allocated
37,5876,greenran_normal,0,0,65535_65535,0,5,107123,42,1,1,0,6,0,28,1,1,pre_allocation
37,5876,greenran_normal,0,0,65535_65535,0,5,107123,50,1,1,1,7,50,28,1,1,allocated
37,5876,greenran_normal,0,0,65535_65535,0,3,107121,42,1,1,0,6,0,28,1,1,pre_allocation
37,5876,greenran_normal,0,0,65535_65535,0,3,107121,50,1,1,1,7,50,28,1,1,allocated
37,5876,greenran_normal,0,0,65535_65535,0,4,108589,34,1,1,0,7,0,22,1,1,pre_allocation
37,5876,greenran_normal,0,0,65535_65535,0,4,108589,39,1,1,1,8,39,22,1,1,allocated
37,5876,greenran_normal,0,0,65535_65535,0,1,107135,46,1,1,0,7,0,26,1,1,pre_allocation
37,5876,greenran_normal,0,0,65535_65535,0,1,107135,53,1,1,1,8,53,26,1,1,allocated
37,5876,greenran_normal,0,0,65535_65535,0,2,107127,50,1,1,0,7,0,28,1,1,pre_allocation
37,5876,greenran_normal,0,0,65535_65535,0,2,107127,57,1,1,1,8,57,28,1,1,allocated
37,5876,greenran_normal,0,0,65535_65535,0,5,107123,50,1,1,0,7,0,28,1,1,pre_allocation
37,5876,greenran_normal,0,0,65535_65535,0,5,107123,57,1,1,1,8,57,28,1,1,allocated
37,5876,greenran_normal,0,0,65535_65535,0,3,107121,50,1,1,0,7,0,28,1,1,pre_allocation
37,5876,greenran_normal,0,0,65535_65535,0,3,107121,57,1,1,1,8,57,28,1,1,allocated
37,5876,greenran_normal,0,0,65535_65535,0,4,108589,39,1,1,0,8,0,22,1,1,pre_allocation
37,5876,greenran_normal,0,0,65535_65535,0,4,108589,45,1,1,1,9,45,22,1,1,allocated
37,5876,greenran_normal,0,0,65535_65535,0,1,107135,53,1,1,0,8,0,26,1,1,pre_allocation
37,5876,greenran_normal,0,0,65535_65535,0,1,107135,60,1,1,1,9,60,26,1,1,allocated
37,5876,greenran_normal,0,0,65535_65535,0,2,107127,57,1,1,0,8,0,28,1,1,pre_allocation
37,5876,greenran_normal,0,0,65535_65535,0,2,107127,65,1,1,1,9,65,28,1,1,allocated
37,5876,greenran_normal,0,0,65535_65535,0,5,107123,57,1,1,0,8,0,28,1,1,pre_allocation
37,5876,greenran_normal,0,0,65535_65535,0,5,107123,65,1,1,1,9,65,28,1,1,allocated
37,5876,greenran_normal,0,0,65535_65535,0,3,107121,57,1,1,0,8,0,28,1,1,pre_allocation
37,5876,greenran_normal,0,0,65535_65535,0,3,107121,65,1,1,1,9,65,28,1,1,allocated
37,5876,greenran_normal,0,0,65535_65535,0,4,108589,45,1,1,0,9,0,22,1,1,pre_allocation
37,5876,greenran_normal,0,0,65535_65535,0,4,108589,50,1,1,1,10,50,22,1,1,allocated
37,5876,greenran_normal,0,0,65535_65535,0,1,107135,60,1,1,0,9,0,26,1,1,pre_allocation
37,5876,greenran_normal,0,0,65535_65535,0,1,107135,67,1,1,1,10,67,26,1,1,allocated
37,5876,greenran_normal,0,0,65535_65535,0,2,107127,65,1,1,0,9,0,28,1,1,pre_allocation
37,5876,greenran_normal,0,0,65535_65535,0,2,107127,72,1,1,1,10,72,28,1,1,allocated
37,5876,greenran_normal,0,0,65535_65535,0,5,107123,65,1,1,0,9,0,28,1,1,pre_allocation
37,5876,greenran_normal,0,0,65535_65535,0,5,107123,72,1,1,1,10,72,28,1,1,allocated
37,5876,greenran_normal,0,0,65535_65535,0,3,107121,65,1,1,0,9,0,28,1,1,pre_allocation
37,5876,greenran_normal,0,0,65535_65535,0,3,107121,72,1,1,1,10,72,28,1,1,allocated
37,5876,greenran_normal,0,0,65535_65535,0,4,108589,50,1,1,0,10,0,22,1,1,pre_allocation
37,5876,greenran_normal,0,0,65535_65535,0,4,108589,55,1,1,1,11,55,22,1,1,allocated
37,5876,greenran_normal,0,0,65535_65535,0,1,107135,67,1,1,0,10,0,26,1,1,pre_allocation
37,5876,greenran_normal,0,0,65535_65535,0,1,107135,74,1,1,1,11,74,26,1,1,allocated
37,5876,greenran_normal,0,0,65535_65535,0,2,107127,72,1,1,0,10,0,28,1,1,pre_allocation
37,5876,greenran_normal,0,0,65535_65535,0,2,107127,80,1,1,1,11,80,28,1,1,allocated
37,5876,greenran_normal,0,0,65535_65535,0,5,107123,72,1,1,0,10,0,28,1,1,pre_allocation
37,5876,greenran_normal,0,0,65535_65535,0,5,107123,80,1,1,1,11,80,28,1,1,allocated
37,5876,greenran_normal,0,0,65535_65535,0,3,107121,72,1,1,0,10,0,28,1,1,pre_allocation
37,5876,greenran_normal,0,0,65535_65535,0,3,107121,80,1,1,1,11,80,28,1,1,allocated
37,5876,greenran_normal,0,0,65535_65535,0,4,108589,55,1,1,0,11,0,22,1,1,pre_allocation
37,5876,greenran_normal,0,0,65535_65535,0,4,108589,61,1,1,1,12,61,22,1,1,allocated
37,5876,greenran_normal,0,0,65535_65535,0,1,107135,74,1,1,0,11,0,26,1,1,pre_allocation
37,5876,greenran_normal,0,0,65535_65535,0,1,107135,81,1,1,1,12,81,26,1,1,allocated
37,5876,greenran_normal,0,0,65535_65535,0,2,107127,80,1,1,0,11,0,28,1,1,pre_allocation
37,5876,greenran_normal,0,0,65535_65535,0,2,107127,88,1,1,1,12,88,28,1,1,allocated
37,5876,greenran_normal,0,0,65535_65535,0,5,107123,80,1,1,0,11,0,28,1,1,pre_allocation
37,5876,greenran_normal,0,0,65535_65535,0,5,107123,88,1,1,1,12,88,28,1,1,allocated
37,5876,greenran_normal,0,0,65535_65535,2,38,3433826,0,1,1,0,0,0,2,1,1,pre_allocation
37,5876,greenran_normal,0,0,65535_65535,2,38,3433826,0,1,1,1,1,0,2,1,1,allocated
37,5876,greenran_normal,0,0,65535_65535,2,60,3433632,0,1,1,0,0,0,14,1,1,pre_allocation
37,5876,greenran_normal,0,0,65535_65535,2,60,3433632,2,1,1,1,1,2,14,1,1,allocated
37,5876,greenran_normal,0,0,65535_65535,2,64,3433506,0,1,1,0,0,0,18,1,1,pre_allocation
37,5876,greenran_normal,0,0,65535_65535,2,64,3433506,0,1,1,1,1,0,18,1,1,allocated
37,5876,greenran_normal,0,0,65535_65535,2,43,3433082,0,1,1,0,0,0,16,1,1,pre_allocation
37,5876,greenran_normal,0,0,65535_65535,2,43,3433082,0,1,1,1,1,0,16,1,1,allocated
37,5876,greenran_normal,0,0,65535_65535,2,42,3432686,0,1,1,0,0,0,22,1,1,pre_allocation
37,5876,greenran_normal,0,0,65535_65535,2,42,3432686,2,1,1,1,1,2,22,1,1,allocated
37,5876,greenran_normal,0,0,65535_65535,2,36,3432380,0,1,1,0,0,0,26,1,1,pre_allocation
37,5876,greenran_normal,0,0,65535_65535,2,36,3432380,4,1,1,1,1,4,26,1,1,allocated
37,5876,greenran_normal,0,0,65535_65535,2,59,3432371,0,1,1,0,0,0,24,1,1,pre_allocation
37,5876,greenran_normal,0,0,65535_65535,2,59,3432371,3,1,1,1,1,3,24,1,1,allocated
37,5876,greenran_normal,0,0,65535_65535,2,39,3432326,0,1,1,0,0,0,28,1,1,pre_allocation
37,5876,greenran_normal,0,0,65535_65535,2,39,3432326,4,1,1,1,1,4,28,1,1,allocated
37,5876,greenran_normal,0,0,65535_65535,2,58,3432387,0,1,1,0,0,0,28,1,1,pre_allocation
37,5876,greenran_normal,0,0,65535_65535,2,58,3432387,4,1,1,1,1,4,28,1,1,allocated
37,5876,greenran_normal,0,0,65535_65535,2,63,3432312,0,1,1,0,0,0,28,1,1,pre_allocation
37,5876,greenran_normal,0,0,65535_65535,2,63,3432312,4,1,1,1,1,4,28,1,1,allocated
37,5876,greenran_normal,0,0,65535_65535,2,37,3432311,0,1,1,0,0,0,28,1,1,pre_allocation
37,5876,greenran_normal,0,0,65535_65535,2,37,3432311,4,1,1,1,1,4,28,1,1,allocated
37,5876,greenran_normal,0,0,65535_65535,2,35,3432308,0,1,1,0,0,0,28,1,1,pre_allocation
37,5876,greenran_normal,0,0,65535_65535,2,35,3432308,4,1,1,1,1,4,28,1,1,allocated
37,5876,greenran_normal,0,0,65535_65535,2,44,3432308,0,1,1,0,0,0,28,1,1,pre_allocation
37,5876,greenran_normal,0,0,65535_65535,2,44,3432308,4,1,1,1,1,4,28,1,1,allocated
37,5876,greenran_normal,0,0,65535_65535,2,55,3432308,0,1,1,0,0,0,28,1,1,pre_allocation
37,5876,greenran_normal,0,0,65535_65535,2,55,3432308,4,1,1,1,1,4,28,1,1,allocated
37,5876,greenran_normal,0,0,65535_65535,2,56,3432308,0,1,1,0,0,0,28,1,1,pre_allocation
37,5876,greenran_normal,0,0,65535_65535,2,56,3432308,4,1,1,1,1,4,28,1,1,allocated
37,5876,greenran_normal,0,0,65535_65535,2,57,3432308,0,1,1,0,0,0,28,1,1,pre_allocation
37,5876,greenran_normal,0,0,65535_65535,2,57,3432308,4,1,1,1,1,4,28,1,1,allocated
37,5876,greenran_normal,0,0,65535_65535,2,40,3432310,0,1,1,0,0,0,28,1,1,pre_allocation
37,5876,greenran_normal,0,0,65535_65535,2,40,3432310,4,1,1,1,1,4,28,1,1,allocated
37,5876,greenran_normal,0,0,65535_65535,2,41,3432310,0,1,1,0,0,0,28,1,1,pre_allocation
37,5876,greenran_normal,0,0,65535_65535,2,41,3432310,4,1,1,1,1,4,28,1,1,allocated
37,5876,greenran_normal,0,0,65535_65535,2,62,3432306,0,1,1,0,0,0,28,1,1,pre_allocation
37,5876,greenran_normal,0,0,65535_65535,2,62,3432306,4,1,1,1,1,4,28,1,1,allocated
37,5876,greenran_normal,0,0,65535_65535,2,61,3432306,0,1,1,0,0,0,28,1,1,pre_allocation
37,5876,greenran_normal,0,0,65535_65535,2,61,3432306,4,1,1,1,1,4,28,1,1,allocated
37,5876,greenran_normal,0,0,65535_65535,2,38,3433826,0,1,1,0,1,0,2,1,1,pre_allocation
37,5876,greenran_normal,0,0,65535_65535,2,38,3433826,0,1,1,1,2,0,2,1,1,allocated
37,5876,greenran_normal,0,0,65535_65535,2,60,3433632,2,1,1,0,1,0,14,1,1,pre_allocation
37,5876,greenran_normal,0,0,65535_65535,2,60,3433632,2,1,1,1,2,2,14,1,1,allocated
37,5876,greenran_normal,0,0,65535_65535,2,64,3433506,0,1,1,0,1,0,18,1,1,pre_allocation
37,5876,greenran_normal,0,0,65535_65535,2,64,3433506,4,1,1,1,2,4,18,1,1,allocated
37,5876,greenran_normal,0,0,65535_65535,2,43,3433082,0,1,1,0,1,0,16,1,1,pre_allocation
37,5876,greenran_normal,0,0,65535_65535,2,43,3433082,3,1,1,1,2,3,16,1,1,allocated
37,5876,greenran_normal,0,0,65535_65535,2,42,3432686,2,1,1,0,1,0,22,1,1,pre_allocation
37,5876,greenran_normal,0,0,65535_65535,2,42,3432686,7,1,1,1,2,7,22,1,1,allocated
37,5876,greenran_normal,0,0,65535_65535,2,36,3432380,4,1,1,0,1,0,26,1,1,pre_allocation
37,5876,greenran_normal,0,0,65535_65535,2,36,3432380,11,1,1,1,2,11,26,1,1,allocated
37,5876,greenran_normal,0,0,65535_65535,2,59,3432371,3,1,1,0,1,0,24,1,1,pre_allocation
37,5876,greenran_normal,0,0,65535_65535,2,59,3432371,9,1,1,1,2,9,24,1,1,allocated
37,5876,greenran_normal,0,0,65535_65535,2,39,3432326,4,1,1,0,1,0,28,1,1,pre_allocation
37,5876,greenran_normal,0,0,65535_65535,2,39,3432326,12,1,1,1,2,12,28,1,1,allocated
37,5876,greenran_normal,0,0,65535_65535,2,58,3432387,4,1,1,0,1,0,28,1,1,pre_allocation
37,5876,greenran_normal,0,0,65535_65535,2,58,3432387,12,1,1,1,2,12,28,1,1,allocated
37,5876,greenran_normal,0,0,65535_65535,2,63,3432312,4,1,1,0,1,0,28,1,1,pre_allocation
37,5876,greenran_normal,0,0,65535_65535,2,63,3432312,12,1,1,1,2,12,28,1,1,allocated
37,5876,greenran_normal,0,0,65535_65535,2,37,3432311,4,1,1,0,1,0,28,1,1,pre_allocation
37,5876,greenran_normal,0,0,65535_65535,2,37,3432311,12,1,1,1,2,12,28,1,1,allocated
37,5876,greenran_normal,0,0,65535_65535,2,35,3432308,4,1,1,0,1,0,28,1,1,pre_allocation
37,5876,greenran_normal,0,0,65535_65535,2,35,3432308,12,1,1,1,2,12,28,1,1,allocated
37,5876,greenran_normal,0,0,65535_65535,2,44,3432308,4,1,1,0,1,0,28,1,1,pre_allocation
37,5876,greenran_normal,0,0,65535_65535,2,44,3432308,12,1,1,1,2,12,28,1,1,allocated
37,5876,greenran_normal,0,0,65535_65535,2,55,3432308,4,1,1,0,1,0,28,1,1,pre_allocation
37,5876,greenran_normal,0,0,65535_65535,2,55,3432308,12,1,1,1,2,12,28,1,1,allocated
37,5876,greenran_normal,0,0,65535_65535,2,56,3432308,4,1,1,0,1,0,28,1,1,pre_allocation
37,5876,greenran_normal,0,0,65535_65535,2,56,3432308,12,1,1,1,2,12,28,1,1,allocated
37,5876,greenran_normal,0,0,65535_65535,2,57,3432308,4,1,1,0,1,0,28,1,1,pre_allocation
37,5876,greenran_normal,0,0,65535_65535,2,57,3432308,12,1,1,1,2,12,28,1,1,allocated
37,5876,greenran_normal,0,0,65535_65535,2,40,3432310,4,1,1,0,1,0,28,1,1,pre_allocation
37,5876,greenran_normal,0,0,65535_65535,2,40,3432310,12,1,1,1,2,12,28,1,1,allocated
37,5876,greenran_normal,0,0,65535_65535,2,41,3432310,4,1,1,0,1,0,28,1,1,pre_allocation
37,5876,greenran_normal,0,0,65535_65535,2,41,3432310,12,1,1,1,2,12,28,1,1,allocated
37,5876,greenran_normal,0,0,65535_65535,2,62,3432306,4,1,1,0,1,0,28,1,1,pre_allocation
37,5876,greenran_normal,0,0,65535_65535,2,62,3432306,12,1,1,1,2,12,28,1,1,allocated
37,5876,greenran_normal,0,0,65535_65535,2,61,3432306,4,1,1,0,1,0,28,1,1,pre_allocation
37,5876,greenran_normal,0,0,65535_65535,2,61,3432306,12,1,1,1,2,12,28,1,1,allocated
37,5876,greenran_normal,0,0,65535_65535,2,38,3433826,0,1,1,0,2,0,2,1,1,pre_allocation
37,5876,greenran_normal,0,0,65535_65535,2,38,3433826,0,1,1,1,3,0,2,1,1,allocated
37,5876,greenran_normal,0,0,65535_65535,2,60,3433632,2,1,1,0,2,0,14,1,1,pre_allocation
37,5876,greenran_normal,0,0,65535_65535,2,60,3433632,4,1,1,1,3,4,14,1,1,allocated
37,5876,greenran_normal,0,0,65535_65535,2,64,3433506,4,1,1,0,2,0,18,1,1,pre_allocation
37,5876,greenran_normal,0,0,65535_65535,2,64,3433506,8,1,1,1,3,8,18,1,1,allocated
37,5876,greenran_normal,0,0,65535_65535,2,43,3433082,3,1,1,0,2,0,16,1,1,pre_allocation
37,5876,greenran_normal,0,0,65535_65535,2,43,3433082,6,1,1,1,3,6,16,1,1,allocated
37,5876,greenran_normal,0,0,65535_65535,2,42,3432686,7,1,1,0,2,0,22,1,1,pre_allocation
37,5876,greenran_normal,0,0,65535_65535,2,42,3432686,13,1,1,1,3,13,22,1,1,allocated
37,5876,greenran_normal,0,0,65535_65535,2,36,3432380,11,1,1,0,2,0,26,1,1,pre_allocation
37,5876,greenran_normal,0,0,65535_65535,2,36,3432380,18,1,1,1,3,18,26,1,1,allocated
37,5876,greenran_normal,0,0,65535_65535,2,59,3432371,9,1,1,0,2,0,24,1,1,pre_allocation
37,5876,greenran_normal,0,0,65535_65535,2,59,3432371,15,1,1,1,3,15,24,1,1,allocated
37,5876,greenran_normal,0,0,65535_65535,2,39,3432326,12,1,1,0,2,0,28,1,1,pre_allocation
37,5876,greenran_normal,0,0,65535_65535,2,39,3432326,19,1,1,1,3,19,28,1,1,allocated
37,5876,greenran_normal,0,0,65535_65535,2,58,3432387,12,1,1,0,2,0,28,1,1,pre_allocation
37,5876,greenran_normal,0,0,65535_65535,2,58,3432387,19,1,1,1,3,19,28,1,1,allocated
37,5876,greenran_normal,0,0,65535_65535,2,63,3432312,12,1,1,0,2,0,28,1,1,pre_allocation
37,5876,greenran_normal,0,0,65535_65535,2,63,3432312,19,1,1,1,3,19,28,1,1,allocated
37,5876,greenran_normal,0,0,65535_65535,2,37,3432311,12,1,1,0,2,0,28,1,1,pre_allocation
37,5876,greenran_normal,0,0,65535_65535,2,37,3432311,19,1,1,1,3,19,28,1,1,allocated
37,5876,greenran_normal,0,0,65535_65535,2,35,3432308,12,1,1,0,2,0,28,1,1,pre_allocation
37,5876,greenran_normal,0,0,65535_65535,2,35,3432308,19,1,1,1,3,19,28,1,1,allocated
37,5876,greenran_normal,0,0,65535_65535,2,44,3432308,12,1,1,0,2,0,28,1,1,pre_allocation
37,5876,greenran_normal,0,0,65535_65535,2,44,3432308,19,1,1,1,3,19,28,1,1,allocated
37,5876,greenran_normal,0,0,65535_65535,2,55,3432308,12,1,1,0,2,0,28,1,1,pre_allocation
37,5876,greenran_normal,0,0,65535_65535,2,55,3432308,19,1,1,1,3,19,28,1,1,allocated
37,5876,greenran_normal,0,0,65535_65535,2,56,3432308,12,1,1,0,2,0,28,1,1,pre_allocation
37,5876,greenran_normal,0,0,65535_65535,2,56,3432308,19,1,1,1,3,19,28,1,1,allocated
37,5876,greenran_normal,0,0,65535_65535,2,57,3432308,12,1,1,0,2,0,28,1,1,pre_allocation
37,5876,greenran_normal,0,0,65535_65535,2,57,3432308,19,1,1,1,3,19,28,1,1,allocated
37,5876,greenran_normal,0,0,65535_65535,2,40,3432310,12,1,1,0,2,0,28,1,1,pre_allocation
37,5876,greenran_normal,0,0,65535_65535,2,40,3432310,19,1,1,1,3,19,28,1,1,allocated
37,5876,greenran_normal,0,0,65535_65535,2,41,3432310,12,1,1,0,2,0,28,1,1,pre_allocation
37,5876,greenran_normal,0,0,65535_65535,2,41,3432310,19,1,1,1,3,19,28,1,1,allocated
37,5876,greenran_normal,0,0,65535_65535,2,62,3432306,12,1,1,0,2,0,28,1,1,pre_allocation
37,5876,greenran_normal,0,0,65535_65535,2,62,3432306,19,1,1,1,3,19,28,1,1,allocated
37,5876,greenran_normal,0,0,65535_65535,2,61,3432306,12,1,1,0,2,0,28,1,1,pre_allocation
37,5876,greenran_normal,0,0,65535_65535,2,61,3432306,19,1,1,1,3,19,28,1,1,allocated
37,5876,greenran_normal,0,0,65535_65535,2,38,3433826,0,1,1,0,3,0,2,1,1,pre_allocation
37,5876,greenran_normal,0,0,65535_65535,2,38,3433826,1,1,1,1,4,1,2,1,1,allocated
37,5876,greenran_normal,0,0,65535_65535,2,60,3433632,4,1,1,0,3,0,14,1,1,pre_allocation
37,5876,greenran_normal,0,0,65535_65535,2,60,3433632,7,1,1,1,4,7,14,1,1,allocated
37,5876,greenran_normal,0,0,65535_65535,2,64,3433506,8,1,1,0,3,0,18,1,1,pre_allocation
37,5876,greenran_normal,0,0,65535_65535,2,64,3433506,11,1,1,1,4,11,18,1,1,allocated
37,5876,greenran_normal,0,0,65535_65535,2,43,3433082,6,1,1,0,3,0,16,1,1,pre_allocation
37,5876,greenran_normal,0,0,65535_65535,2,43,3433082,10,1,1,1,4,10,16,1,1,allocated
37,5876,greenran_normal,0,0,65535_65535,2,42,3432686,13,1,1,0,3,0,22,1,1,pre_allocation
37,5876,greenran_normal,0,0,65535_65535,2,42,3432686,18,1,1,1,4,18,22,1,1,allocated
37,5876,greenran_normal,0,0,65535_65535,2,36,3432380,18,1,1,0,3,0,26,1,1,pre_allocation
37,5876,greenran_normal,0,0,65535_65535,2,36,3432380,25,1,1,1,4,25,26,1,1,allocated
37,5876,greenran_normal,0,0,65535_65535,2,59,3432371,15,1,1,0,3,0,24,1,1,pre_allocation
37,5876,greenran_normal,0,0,65535_65535,2,59,3432371,21,1,1,1,4,21,24,1,1,allocated
37,5876,greenran_normal,0,0,65535_65535,2,39,3432326,19,1,1,0,3,0,28,1,1,pre_allocation
37,5876,greenran_normal,0,0,65535_65535,2,39,3432326,27,1,1,1,4,27,28,1,1,allocated
37,5876,greenran_normal,0,0,65535_65535,2,58,3432387,19,1,1,0,3,0,28,1,1,pre_allocation
37,5876,greenran_normal,0,0,65535_65535,2,58,3432387,27,1,1,1,4,27,28,1,1,allocated
37,5876,greenran_normal,0,0,65535_65535,2,63,3432312,19,1,1,0,3,0,28,1,1,pre_allocation
37,5876,greenran_normal,0,0,65535_65535,2,63,3432312,27,1,1,1,4,27,28,1,1,allocated
37,5876,greenran_normal,0,0,65535_65535,2,37,3432311,19,1,1,0,3,0,28,1,1,pre_allocation
37,5876,greenran_normal,0,0,65535_65535,2,37,3432311,27,1,1,1,4,27,28,1,1,allocated
37,5876,greenran_normal,0,0,65535_65535,2,35,3432308,19,1,1,0,3,0,28,1,1,pre_allocation
37,5876,greenran_normal,0,0,65535_65535,2,35,3432308,27,1,1,1,4,27,28,1,1,allocated
37,5876,greenran_normal,0,0,65535_65535,2,44,3432308,19,1,1,0,3,0,28,1,1,pre_allocation
37,5876,greenran_normal,0,0,65535_65535,2,44,3432308,27,1,1,1,4,27,28,1,1,allocated
37,5876,greenran_normal,0,0,65535_65535,2,55,3432308,19,1,1,0,3,0,28,1,1,pre_allocation
37,5876,greenran_normal,0,0,65535_65535,2,55,3432308,27,1,1,1,4,27,28,1,1,allocated
37,5876,greenran_normal,0,0,65535_65535,2,56,3432308,19,1,1,0,3,0,28,1,1,pre_allocation
37,5876,greenran_normal,0,0,65535_65535,2,56,3432308,27,1,1,1,4,27,28,1,1,allocated
37,5876,greenran_normal,0,0,65535_65535,2,57,3432308,19,1,1,0,3,0,28,1,1,pre_allocation
37,5876,greenran_normal,0,0,65535_65535,2,57,3432308,27,1,1,1,4,27,28,1,1,allocated
37,5876,greenran_normal,0,0,65535_65535,2,40,3432310,19,1,1,0,3,0,28,1,1,pre_allocation
37,5876,greenran_normal,0,0,65535_65535,2,40,3432310,27,1,1,1,4,27,28,1,1,allocated
37,5876,greenran_normal,0,0,65535_65535,2,41,3432310,19,1,1,0,3,0,28,1,1,pre_allocation
37,5876,greenran_normal,0,0,65535_65535,2,41,3432310,27,1,1,1,4,27,28,1,1,allocated
37,5876,greenran_normal,0,0,65535_65535,2,62,3432306,19,1,1,0,3,0,28,1,1,pre_allocation
37,5876,greenran_normal,0,0,65535_65535,2,62,3432306,27,1,1,1,4,27,28,1,1,allocated
37,5876,greenran_normal,0,0,65535_65535,2,61,3432306,19,1,1,0,3,0,28,1,1,pre_allocation
37,5876,greenran_normal,0,0,65535_65535,2,61,3432306,27,1,1,1,4,27,28,1,1,allocated
37,5876,greenran_normal,0,0,65535_65535,2,38,3433826,1,1,1,0,4,0,2,1,1,pre_allocation
37,5876,greenran_normal,0,0,65535_65535,2,38,3433826,1,1,1,1,5,1,2,1,1,allocated
37,5876,greenran_normal,0,0,65535_65535,2,60,3433632,7,1,1,0,4,0,14,1,1,pre_allocation
37,5876,greenran_normal,0,0,65535_65535,2,60,3433632,10,1,1,1,5,10,14,1,1,allocated
37,5876,greenran_normal,0,0,65535_65535,2,64,3433506,11,1,1,0,4,0,18,1,1,pre_allocation
37,5876,greenran_normal,0,0,65535_65535,2,64,3433506,15,1,1,1,5,15,18,1,1,allocated
37,5876,greenran_normal,0,0,65535_65535,2,43,3433082,10,1,1,0,4,0,16,1,1,pre_allocation
37,5876,greenran_normal,0,0,65535_65535,2,43,3433082,13,1,1,1,5,13,16,1,1,allocated
37,5876,greenran_normal,0,0,65535_65535,2,42,3432686,18,1,1,0,4,0,22,1,1,pre_allocation
37,5876,greenran_normal,0,0,65535_65535,2,42,3432686,23,1,1,1,5,23,22,1,1,allocated
37,5876,greenran_normal,0,0,65535_65535,2,36,3432380,25,1,1,0,4,0,26,1,1,pre_allocation
37,5876,greenran_normal,0,0,65535_65535,2,36,3432380,32,1,1,1,5,32,26,1,1,allocated
37,5876,greenran_normal,0,0,65535_65535,2,59,3432371,21,1,1,0,4,0,24,1,1,pre_allocation
37,5876,greenran_normal,0,0,65535_65535,2,59,3432371,27,1,1,1,5,27,24,1,1,allocated
37,5876,greenran_normal,0,0,65535_65535,2,39,3432326,27,1,1,0,4,0,28,1,1,pre_allocation
37,5876,greenran_normal,0,0,65535_65535,2,39,3432326,34,1,1,1,5,34,28,1,1,allocated
37,5876,greenran_normal,0,0,65535_65535,2,58,3432387,27,1,1,0,4,0,28,1,1,pre_allocation
37,5876,greenran_normal,0,0,65535_65535,2,58,3432387,34,1,1,1,5,34,28,1,1,allocated
37,5876,greenran_normal,0,0,65535_65535,2,63,3432312,27,1,1,0,4,0,28,1,1,pre_allocation
37,5876,greenran_normal,0,0,65535_65535,2,63,3432312,34,1,1,1,5,34,28,1,1,allocated
37,5876,greenran_normal,0,0,65535_65535,2,37,3432311,27,1,1,0,4,0,28,1,1,pre_allocation
37,5876,greenran_normal,0,0,65535_65535,2,37,3432311,34,1,1,1,5,34,28,1,1,allocated
37,5876,greenran_normal,0,0,65535_65535,2,35,3432308,27,1,1,0,4,0,28,1,1,pre_allocation
37,5876,greenran_normal,0,0,65535_65535,2,35,3432308,34,1,1,1,5,34,28,1,1,allocated
37,5876,greenran_normal,0,0,65535_65535,2,44,3432308,27,1,1,0,4,0,28,1,1,pre_allocation
37,5876,greenran_normal,0,0,65535_65535,2,44,3432308,34,1,1,1,5,34,28,1,1,allocated
37,5876,greenran_normal,0,0,65535_65535,2,55,3432308,27,1,1,0,4,0,28,1,1,pre_allocation
37,5876,greenran_normal,0,0,65535_65535,2,55,3432308,34,1,1,1,5,34,28,1,1,allocated
37,5876,greenran_normal,0,0,65535_65535,2,56,3432308,27,1,1,0,4,0,28,1,1,pre_allocation
37,5876,greenran_normal,0,0,65535_65535,2,56,3432308,34,1,1,1,5,34,28,1,1,allocated
37,5876,greenran_normal,0,0,65535_65535,2,57,3432308,27,1,1,0,4,0,28,1,1,pre_allocation
37,5876,greenran_normal,0,0,65535_65535,2,57,3432308,34,1,1,1,5,34,28,1,1,allocated
37,5876,greenran_normal,0,0,65535_65535,2,40,3432310,27,1,1,0,4,0,28,1,1,pre_allocation
37,5876,greenran_normal,0,0,65535_65535,2,40,3432310,34,1,1,1,5,34,28,1,1,allocated
37,5876,greenran_normal,0,0,65535_65535,2,41,3432310,27,1,1,0,4,0,28,1,1,pre_allocation
37,5876,greenran_normal,0,0,65535_65535,2,41,3432310,34,1,1,1,5,34,28,1,1,allocated
37,5876,greenran_normal,0,0,65535_65535,2,62,3432306,27,1,1,0,4,0,28,1,1,pre_allocation
37,5876,greenran_normal,0,0,65535_65535,2,62,3432306,34,1,1,1,5,34,28,1,1,allocated
37,5876,greenran_normal,0,0,65535_65535,2,61,3432306,27,1,1,0,4,0,28,1,1,pre_allocation
37,5876,greenran_normal,0,0,65535_65535,2,61,3432306,34,1,1,1,5,34,28,1,1,allocated
37,5876,greenran_normal,0,0,65535_65535,2,38,3433826,1,1,1,0,5,0,2,1,1,pre_allocation
37,5876,greenran_normal,0,0,65535_65535,2,38,3433826,1,1,1,1,6,1,2,1,1,allocated
37,5876,greenran_normal,0,0,65535_65535,2,60,3433632,10,1,1,0,5,0,14,1,1,pre_allocation
37,5876,greenran_normal,0,0,65535_65535,2,60,3433632,12,1,1,1,6,12,14,1,1,allocated
37,5876,greenran_normal,0,0,65535_65535,2,64,3433506,15,1,1,0,5,0,18,1,1,pre_allocation
37,5876,greenran_normal,0,0,65535_65535,2,64,3433506,19,1,1,1,6,19,18,1,1,allocated
37,5876,greenran_normal,0,0,65535_65535,2,43,3433082,13,1,1,0,5,0,16,1,1,pre_allocation
37,5876,greenran_normal,0,0,65535_65535,2,43,3433082,16,1,1,1,6,16,16,1,1,allocated
37,5876,greenran_normal,0,0,65535_65535,2,42,3432686,23,1,1,0,5,0,22,1,1,pre_allocation
37,5876,greenran_normal,0,0,65535_65535,2,42,3432686,29,1,1,1,6,29,22,1,1,allocated
37,5876,greenran_normal,0,0,65535_65535,2,36,3432380,32,1,1,0,5,0,26,1,1,pre_allocation
37,5876,greenran_normal,0,0,65535_65535,2,36,3432380,39,1,1,1,6,39,26,1,1,allocated
37,5876,greenran_normal,0,0,65535_65535,2,59,3432371,27,1,1,0,5,0,24,1,1,pre_allocation
37,5876,greenran_normal,0,0,65535_65535,2,59,3432371,34,1,1,1,6,34,24,1,1,allocated
37,5876,greenran_normal,0,0,65535_65535,2,39,3432326,34,1,1,0,5,0,28,1,1,pre_allocation
37,5876,greenran_normal,0,0,65535_65535,2,39,3432326,42,1,1,1,6,42,28,1,1,allocated
37,5876,greenran_normal,0,0,65535_65535,2,58,3432387,34,1,1,0,5,0,28,1,1,pre_allocation
37,5876,greenran_normal,0,0,65535_65535,2,58,3432387,42,1,1,1,6,42,28,1,1,allocated
37,5876,greenran_normal,0,0,65535_65535,2,63,3432312,34,1,1,0,5,0,28,1,1,pre_allocation
37,5876,greenran_normal,0,0,65535_65535,2,63,3432312,42,1,1,1,6,42,28,1,1,allocated
37,5876,greenran_normal,0,0,65535_65535,2,37,3432311,34,1,1,0,5,0,28,1,1,pre_allocation
37,5876,greenran_normal,0,0,65535_65535,2,37,3432311,42,1,1,1,6,42,28,1,1,allocated
37,5876,greenran_normal,0,0,65535_65535,2,35,3432308,34,1,1,0,5,0,28,1,1,pre_allocation
37,5876,greenran_normal,0,0,65535_65535,2,35,3432308,42,1,1,1,6,42,28,1,1,allocated
37,5876,greenran_normal,0,0,65535_65535,2,44,3432308,34,1,1,0,5,0,28,1,1,pre_allocation
37,5876,greenran_normal,0,0,65535_65535,2,44,3432308,42,1,1,1,6,42,28,1,1,allocated
37,5876,greenran_normal,0,0,65535_65535,2,55,3432308,34,1,1,0,5,0,28,1,1,pre_allocation
37,5876,greenran_normal,0,0,65535_65535,2,55,3432308,42,1,1,1,6,42,28,1,1,allocated
37,5876,greenran_normal,0,0,65535_65535,2,56,3432308,34,1,1,0,5,0,28,1,1,pre_allocation
37,5876,greenran_normal,0,0,65535_65535,2,56,3432308,42,1,1,1,6,42,28,1,1,allocated
37,5876,greenran_normal,0,0,65535_65535,2,57,3432308,34,1,1,0,5,0,28,1,1,pre_allocation
37,5876,greenran_normal,0,0,65535_65535,2,57,3432308,42,1,1,1,6,42,28,1,1,allocated
37,5876,greenran_normal,0,0,65535_65535,2,40,3432310,34,1,1,0,5,0,28,1,1,pre_allocation
37,5876,greenran_normal,0,0,65535_65535,2,40,3432310,42,1,1,1,6,42,28,1,1,allocated
37,5876,greenran_normal,0,0,65535_65535,2,41,3432310,34,1,1,0,5,0,28,1,1,pre_allocation
37,5876,greenran_normal,0,0,65535_65535,2,41,3432310,42,1,1,1,6,42,28,1,1,allocated
37,5876,greenran_normal,0,0,65535_65535,2,62,3432306,34,1,1,0,5,0,28,1,1,pre_allocation
37,5876,greenran_normal,0,0,65535_65535,2,62,3432306,42,1,1,1,6,42,28,1,1,allocated
37,5876,greenran_normal,0,0,65535_65535,2,61,3432306,34,1,1,0,5,0,28,1,1,pre_allocation
37,5876,greenran_normal,0,0,65535_65535,2,61,3432306,42,1,1,1,6,42,28,1,1,allocated
37,5876,greenran_normal,0,0,65535_65535,2,38,3433826,1,1,1,0,6,0,2,1,1,pre_allocation
37,5876,greenran_normal,0,0,65535_65535,2,38,3433826,2,1,1,1,7,2,2,1,1,allocated
37,5876,greenran_normal,0,0,65535_65535,2,60,3433632,12,1,1,0,6,0,14,1,1,pre_allocation
37,5876,greenran_normal,0,0,65535_65535,2,60,3433632,15,1,1,1,7,15,14,1,1,allocated
37,5876,greenran_normal,0,0,65535_65535,2,64,3433506,19,1,1,0,6,0,18,1,1,pre_allocation
37,5876,greenran_normal,0,0,65535_65535,2,64,3433506,22,1,1,1,7,22,18,1,1,allocated
37,5876,greenran_normal,0,0,65535_65535,2,43,3433082,16,1,1,0,6,0,16,1,1,pre_allocation
37,5876,greenran_normal,0,0,65535_65535,2,43,3433082,20,1,1,1,7,20,16,1,1,allocated
37,5876,greenran_normal,0,0,65535_65535,2,42,3432686,29,1,1,0,6,0,22,1,1,pre_allocation
37,5876,greenran_normal,0,0,65535_65535,2,42,3432686,34,1,1,1,7,34,22,1,1,allocated
37,5876,greenran_normal,0,0,65535_65535,2,36,3432380,39,1,1,0,6,0,26,1,1,pre_allocation
37,5876,greenran_normal,0,0,65535_65535,2,36,3432380,46,1,1,1,7,46,26,1,1,allocated
37,5876,greenran_normal,0,0,65535_65535,2,59,3432371,34,1,1,0,6,0,24,1,1,pre_allocation
37,5876,greenran_normal,0,0,65535_65535,2,59,3432371,40,1,1,1,7,40,24,1,1,allocated
37,5876,greenran_normal,0,0,65535_65535,2,39,3432326,42,1,1,0,6,0,28,1,1,pre_allocation
37,5876,greenran_normal,0,0,65535_65535,2,39,3432326,50,1,1,1,7,50,28,1,1,allocated
37,5876,greenran_normal,0,0,65535_65535,2,58,3432387,42,1,1,0,6,0,28,1,1,pre_allocation
37,5876,greenran_normal,0,0,65535_65535,2,58,3432387,50,1,1,1,7,50,28,1,1,allocated
37,5876,greenran_normal,0,0,65535_65535,2,63,3432312,42,1,1,0,6,0,28,1,1,pre_allocation
37,5876,greenran_normal,0,0,65535_65535,2,63,3432312,50,1,1,1,7,50,28,1,1,allocated
37,5876,greenran_normal,0,0,65535_65535,2,37,3432311,42,1,1,0,6,0,28,1,1,pre_allocation
37,5876,greenran_normal,0,0,65535_65535,2,37,3432311,50,1,1,1,7,50,28,1,1,allocated
37,5876,greenran_normal,0,0,65535_65535,2,35,3432308,42,1,1,0,6,0,28,1,1,pre_allocation
37,5876,greenran_normal,0,0,65535_65535,2,35,3432308,50,1,1,1,7,50,28,1,1,allocated
37,5876,greenran_normal,0,0,65535_65535,2,44,3432308,42,1,1,0,6,0,28,1,1,pre_allocation
37,5876,greenran_normal,0,0,65535_65535,2,44,3432308,50,1,1,1,7,50,28,1,1,allocated
37,5876,greenran_normal,0,0,65535_65535,2,55,3432308,42,1,1,0,6,0,28,1,1,pre_allocation
37,5876,greenran_normal,0,0,65535_65535,2,55,3432308,50,1,1,1,7,50,28,1,1,allocated
37,5876,greenran_normal,0,0,65535_65535,2,56,3432308,42,1,1,0,6,0,28,1,1,pre_allocation
37,5876,greenran_normal,0,0,65535_65535,2,56,3432308,50,1,1,1,7,50,28,1,1,allocated
37,5876,greenran_normal,0,0,65535_65535,2,57,3432308,42,1,1,0,6,0,28,1,1,pre_allocation
37,5876,greenran_normal,0,0,65535_65535,2,57,3432308,50,1,1,1,7,50,28,1,1,allocated
37,5876,greenran_normal,0,0,65535_65535,2,40,3432310,42,1,1,0,6,0,28,1,1,pre_allocation
37,5876,greenran_normal,0,0,65535_65535,2,40,3432310,50,1,1,1,7,50,28,1,1,allocated
37,5876,greenran_normal,0,0,65535_65535,2,41,3432310,42,1,1,0,6,0,28,1,1,pre_allocation
37,5876,greenran_normal,0,0,65535_65535,2,41,3432310,50,1,1,1,7,50,28,1,1,allocated
37,5876,greenran_normal,0,0,65535_65535,2,62,3432306,42,1,1,0,6,0,28,1,1,pre_allocation
37,5876,greenran_normal,0,0,65535_65535,2,62,3432306,50,1,1,1,7,50,28,1,1,allocated
37,5876,greenran_normal,0,0,65535_65535,2,61,3432306,42,1,1,0,6,0,28,1,1,pre_allocation
37,5876,greenran_normal,0,0,65535_65535,2,61,3432306,50,1,1,1,7,50,28,1,1,allocated
37,5876,greenran_normal,0,0,65535_65535,2,38,3433826,2,1,1,0,7,0,2,1,1,pre_allocation
37,5876,greenran_normal,0,0,65535_65535,2,38,3433826,2,1,1,1,8,2,2,1,1,allocated
37,5876,greenran_normal,0,0,65535_65535,2,60,3433632,15,1,1,0,7,0,14,1,1,pre_allocation
37,5876,greenran_normal,0,0,65535_65535,2,60,3433632,18,1,1,1,8,18,14,1,1,allocated
37,5876,greenran_normal,0,0,65535_65535,2,64,3433506,22,1,1,0,7,0,18,1,1,pre_allocation
37,5876,greenran_normal,0,0,65535_65535,2,64,3433506,26,1,1,1,8,26,18,1,1,allocated
37,5876,greenran_normal,0,0,65535_65535,2,43,3433082,20,1,1,0,7,0,16,1,1,pre_allocation
37,5876,greenran_normal,0,0,65535_65535,2,43,3433082,23,1,1,1,8,23,16,1,1,allocated
37,5876,greenran_normal,0,0,65535_65535,2,42,3432686,34,1,1,0,7,0,22,1,1,pre_allocation
37,5876,greenran_normal,0,0,65535_65535,2,42,3432686,39,1,1,1,8,39,22,1,1,allocated
37,5876,greenran_normal,0,0,65535_65535,2,36,3432380,46,1,1,0,7,0,26,1,1,pre_allocation
37,5876,greenran_normal,0,0,65535_65535,2,36,3432380,53,1,1,1,8,53,26,1,1,allocated
37,5876,greenran_normal,0,0,65535_65535,2,59,3432371,40,1,1,0,7,0,24,1,1,pre_allocation
37,5876,greenran_normal,0,0,65535_65535,2,59,3432371,46,1,1,1,8,46,24,1,1,allocated
37,5876,greenran_normal,0,0,65535_65535,2,39,3432326,50,1,1,0,7,0,28,1,1,pre_allocation
37,5876,greenran_normal,0,0,65535_65535,2,39,3432326,57,1,1,1,8,57,28,1,1,allocated
37,5876,greenran_normal,0,0,65535_65535,2,58,3432387,50,1,1,0,7,0,28,1,1,pre_allocation
37,5876,greenran_normal,0,0,65535_65535,2,58,3432387,57,1,1,1,8,57,28,1,1,allocated
37,5876,greenran_normal,0,0,65535_65535,2,63,3432312,50,1,1,0,7,0,28,1,1,pre_allocation
37,5876,greenran_normal,0,0,65535_65535,2,63,3432312,57,1,1,1,8,57,28,1,1,allocated
37,5876,greenran_normal,0,0,65535_65535,2,37,3432311,50,1,1,0,7,0,28,1,1,pre_allocation
37,5876,greenran_normal,0,0,65535_65535,2,37,3432311,57,1,1,1,8,57,28,1,1,allocated
37,5876,greenran_normal,0,0,65535_65535,2,35,3432308,50,1,1,0,7,0,28,1,1,pre_allocation
37,5876,greenran_normal,0,0,65535_65535,2,35,3432308,57,1,1,1,8,57,28,1,1,allocated
37,5876,greenran_normal,0,0,65535_65535,2,44,3432308,50,1,1,0,7,0,28,1,1,pre_allocation
37,5876,greenran_normal,0,0,65535_65535,2,44,3432308,57,1,1,1,8,57,28,1,1,allocated
37,5876,greenran_normal,0,0,65535_65535,2,55,3432308,50,1,1,0,7,0,28,1,1,pre_allocation
37,5876,greenran_normal,0,0,65535_65535,2,55,3432308,57,1,1,1,8,57,28,1,1,allocated
37,5876,greenran_normal,0,0,65535_65535,2,56,3432308,50,1,1,0,7,0,28,1,1,pre_allocation
37,5876,greenran_normal,0,0,65535_65535,2,56,3432308,57,1,1,1,8,57,28,1,1,allocated
37,5876,greenran_normal,0,0,65535_65535,2,57,3432308,50,1,1,0,7,0,28,1,1,pre_allocation
37,5876,greenran_normal,0,0,65535_65535,2,57,3432308,57,1,1,1,8,57,28,1,1,allocated
37,5876,greenran_normal,0,0,65535_65535,2,40,3432310,50,1,1,0,7,0,28,1,1,pre_allocation
37,5876,greenran_normal,0,0,65535_65535,2,40,3432310,57,1,1,1,8,57,28,1,1,allocated
37,5876,greenran_normal,0,0,65535_65535,2,41,3432310,50,1,1,0,7,0,28,1,1,pre_allocation
37,5876,greenran_normal,0,0,65535_65535,2,41,3432310,57,1,1,1,8,57,28,1,1,allocated
37,5876,greenran_normal,0,0,65535_65535,2,62,3432306,50,1,1,0,7,0,28,1,1,pre_allocation
37,5876,greenran_normal,0,0,65535_65535,2,62,3432306,57,1,1,1,8,57,28,1,1,allocated
37,5876,greenran_normal,0,0,65535_65535,2,61,3432306,50,1,1,0,7,0,28,1,1,pre_allocation
37,5876,greenran_normal,0,0,65535_65535,2,61,3432306,57,1,1,1,8,57,28,1,1,allocated
37,5876,greenran_normal,0,0,65535_65535,2,38,3433826,2,1,1,0,8,0,2,1,1,pre_allocation
37,5876,greenran_normal,0,0,65535_65535,2,38,3433826,2,1,1,1,9,2,2,1,1,allocated
37,5876,greenran_normal,0,0,65535_65535,2,60,3433632,18,1,1,0,8,0,14,1,1,pre_allocation
37,5876,greenran_normal,0,0,65535_65535,2,60,3433632,20,1,1,1,9,20,14,1,1,allocated
37,5876,greenran_normal,0,0,65535_65535,2,64,3433506,26,1,1,0,8,0,18,1,1,pre_allocation
37,5876,greenran_normal,0,0,65535_65535,2,64,3433506,30,1,1,1,9,30,18,1,1,allocated
37,5876,greenran_normal,0,0,65535_65535,2,43,3433082,23,1,1,0,8,0,16,1,1,pre_allocation
37,5876,greenran_normal,0,0,65535_65535,2,43,3433082,26,1,1,1,9,26,16,1,1,allocated
37,5876,greenran_normal,0,0,65535_65535,2,42,3432686,39,1,1,0,8,0,22,1,1,pre_allocation
37,5876,greenran_normal,0,0,65535_65535,2,42,3432686,45,1,1,1,9,45,22,1,1,allocated
37,5876,greenran_normal,0,0,65535_65535,2,36,3432380,53,1,1,0,8,0,26,1,1,pre_allocation
37,5876,greenran_normal,0,0,65535_65535,2,36,3432380,60,1,1,1,9,60,26,1,1,allocated
37,5876,greenran_normal,0,0,65535_65535,2,59,3432371,46,1,1,0,8,0,24,1,1,pre_allocation
37,5876,greenran_normal,0,0,65535_65535,2,59,3432371,52,1,1,1,9,52,24,1,1,allocated
37,5876,greenran_normal,0,0,65535_65535,2,39,3432326,57,1,1,0,8,0,28,1,1,pre_allocation
37,5876,greenran_normal,0,0,65535_65535,2,39,3432326,65,1,1,1,9,65,28,1,1,allocated
37,5876,greenran_normal,0,0,65535_65535,2,58,3432387,57,1,1,0,8,0,28,1,1,pre_allocation
37,5876,greenran_normal,0,0,65535_65535,2,58,3432387,65,1,1,1,9,65,28,1,1,allocated
37,5876,greenran_normal,0,0,65535_65535,2,63,3432312,57,1,1,0,8,0,28,1,1,pre_allocation
37,5876,greenran_normal,0,0,65535_65535,2,63,3432312,65,1,1,1,9,65,28,1,1,allocated
37,5876,greenran_normal,0,0,65535_65535,2,37,3432311,57,1,1,0,8,0,28,1,1,pre_allocation
37,5876,greenran_normal,0,0,65535_65535,2,37,3432311,65,1,1,1,9,65,28,1,1,allocated
37,5876,greenran_normal,0,0,65535_65535,2,35,3432308,57,1,1,0,8,0,28,1,1,pre_allocation
37,5876,greenran_normal,0,0,65535_65535,2,35,3432308,65,1,1,1,9,65,28,1,1,allocated
37,5876,greenran_normal,0,0,65535_65535,2,44,3432308,57,1,1,0,8,0,28,1,1,pre_allocation
37,5876,greenran_normal,0,0,65535_65535,2,44,3432308,65,1,1,1,9,65,28,1,1,allocated
37,5876,greenran_normal,0,0,65535_65535,2,55,3432308,57,1,1,0,8,0,28,1,1,pre_allocation
37,5876,greenran_normal,0,0,65535_65535,2,55,3432308,65,1,1,1,9,65,28,1,1,allocated
37,5876,greenran_normal,0,0,65535_65535,2,56,3432308,57,1,1,0,8,0,28,1,1,pre_allocation
37,5876,greenran_normal,0,0,65535_65535,2,56,3432308,65,1,1,1,9,65,28,1,1,allocated
37,5876,greenran_normal,0,0,65535_65535,2,57,3432308,57,1,1,0,8,0,28,1,1,pre_allocation
37,5876,greenran_normal,0,0,65535_65535,2,57,3432308,65,1,1,1,9,65,28,1,1,allocated
37,5876,greenran_normal,0,0,65535_65535,2,40,3432310,57,1,1,0,8,0,28,1,1,pre_allocation
37,5876,greenran_normal,0,0,65535_65535,2,40,3432310,65,1,1,1,9,65,28,1,1,allocated
37,5876,greenran_normal,0,0,65535_65535,2,41,3432310,57,1,1,0,8,0,28,1,1,pre_allocation
37,5876,greenran_normal,0,0,65535_65535,2,41,3432310,65,1,1,1,9,65,28,1,1,allocated
37,5876,greenran_normal,0,0,65535_65535,2,62,3432306,57,1,1,0,8,0,28,1,1,pre_allocation
37,5876,greenran_normal,0,0,65535_65535,2,62,3432306,65,1,1,1,9,65,28,1,1,allocated
37,5876,greenran_normal,0,0,65535_65535,2,61,3432306,57,1,1,0,8,0,28,1,1,pre_allocation
37,5876,greenran_normal,0,0,65535_65535,2,61,3432306,65,1,1,1,9,65,28,1,1,allocated
37,5876,greenran_normal,0,0,65535_65535,2,38,3433826,2,1,1,0,9,0,2,1,1,pre_allocation
37,5876,greenran_normal,0,0,65535_65535,2,38,3433826,0,1,1,1,10,0,2,1,1,allocated
37,5876,greenran_normal,0,0,65535_65535,2,60,3433632,20,1,1,0,9,0,14,1,1,pre_allocation
37,5876,greenran_normal,0,0,65535_65535,2,60,3433632,23,1,1,1,10,23,14,1,1,allocated
37,5876,greenran_normal,0,0,65535_65535,2,64,3433506,30,1,1,0,9,0,18,1,1,pre_allocation
37,5876,greenran_normal,0,0,65535_65535,2,64,3433506,34,1,1,1,10,34,18,1,1,allocated
37,5876,greenran_normal,0,0,65535_65535,2,43,3433082,26,1,1,0,9,0,16,1,1,pre_allocation
37,5876,greenran_normal,0,0,65535_65535,2,43,3433082,30,1,1,1,10,30,16,1,1,allocated
37,5876,greenran_normal,0,0,65535_65535,2,42,3432686,45,1,1,0,9,0,22,1,1,pre_allocation
37,5876,greenran_normal,0,0,65535_65535,2,42,3432686,50,1,1,1,10,50,22,1,1,allocated
37,5876,greenran_normal,0,0,65535_65535,2,36,3432380,60,1,1,0,9,0,26,1,1,pre_allocation
37,5876,greenran_normal,0,0,65535_65535,2,36,3432380,67,1,1,1,10,67,26,1,1,allocated
37,5876,greenran_normal,0,0,65535_65535,2,59,3432371,52,1,1,0,9,0,24,1,1,pre_allocation
37,5876,greenran_normal,0,0,65535_65535,2,59,3432371,58,1,1,1,10,58,24,1,1,allocated
37,5876,greenran_normal,0,0,65535_65535,2,39,3432326,65,1,1,0,9,0,28,1,1,pre_allocation
37,5876,greenran_normal,0,0,65535_65535,2,39,3432326,72,1,1,1,10,72,28,1,1,allocated
37,5876,greenran_normal,0,0,65535_65535,2,58,3432387,65,1,1,0,9,0,28,1,1,pre_allocation
37,5876,greenran_normal,0,0,65535_65535,2,58,3432387,72,1,1,1,10,72,28,1,1,allocated
37,5876,greenran_normal,0,0,65535_65535,2,63,3432312,65,1,1,0,9,0,28,1,1,pre_allocation
37,5876,greenran_normal,0,0,65535_65535,2,63,3432312,72,1,1,1,10,72,28,1,1,allocated
37,5876,greenran_normal,0,0,65535_65535,2,37,3432311,65,1,1,0,9,0,28,1,1,pre_allocation
37,5876,greenran_normal,0,0,65535_65535,2,37,3432311,72,1,1,1,10,72,28,1,1,allocated
37,5876,greenran_normal,0,0,65535_65535,2,35,3432308,65,1,1,0,9,0,28,1,1,pre_allocation
37,5876,greenran_normal,0,0,65535_65535,2,35,3432308,72,1,1,1,10,72,28,1,1,allocated
37,5876,greenran_normal,0,0,65535_65535,2,44,3432308,65,1,1,0,9,0,28,1,1,pre_allocation
37,5876,greenran_normal,0,0,65535_65535,2,44,3432308,72,1,1,1,10,72,28,1,1,allocated
37,5876,greenran_normal,0,0,65535_65535,2,55,3432308,65,1,1,0,9,0,28,1,1,pre_allocation
37,5876,greenran_normal,0,0,65535_65535,2,55,3432308,72,1,1,1,10,72,28,1,1,allocated
37,5876,greenran_normal,0,0,65535_65535,2,56,3432308,65,1,1,0,9,0,28,1,1,pre_allocation
37,5876,greenran_normal,0,0,65535_65535,2,56,3432308,72,1,1,1,10,72,28,1,1,allocated
37,5876,greenran_normal,0,0,65535_65535,2,57,3432308,65,1,1,0,9,0,28,1,1,pre_allocation
37,5876,greenran_normal,0,0,65535_65535,2,57,3432308,72,1,1,1,10,72,28,1,1,allocated
37,5876,greenran_normal,0,0,65535_65535,2,40,3432310,65,1,1,0,9,0,28,1,1,pre_allocation
37,5876,greenran_normal,0,0,65535_65535,2,40,3432310,72,1,1,1,10,72,28,1,1,allocated
37,5876,greenran_normal,0,0,65535_65535,2,41,3432310,65,1,1,0,9,0,28,1,1,pre_allocation
37,5876,greenran_normal,0,0,65535_65535,2,41,3432310,72,1,1,1,10,72,28,1,1,allocated
37,5876,greenran_normal,0,0,65535_65535,2,62,3432306,65,1,1,0,9,0,28,1,1,pre_allocation
37,5876,greenran_normal,0,0,65535_65535,2,62,3432306,72,1,1,1,10,72,28,1,1,allocated
37,5876,greenran_normal,0,0,65535_65535,2,61,3432306,65,1,1,0,9,0,28,1,1,pre_allocation
37,5876,greenran_normal,0,0,65535_65535,2,61,3432306,72,1,1,1,10,72,28,1,1,allocated
37,5876,greenran_normal,0,0,65535_65535,2,38,3433826,0,1,1,0,10,0,2,1,1,pre_allocation
37,5876,greenran_normal,0,0,65535_65535,2,38,3433826,0,1,1,1,11,0,2,1,1,allocated
37,5876,greenran_normal,0,0,65535_65535,2,60,3433632,23,1,1,0,10,0,14,1,1,pre_allocation
37,5876,greenran_normal,0,0,65535_65535,2,60,3433632,26,1,1,1,11,26,14,1,1,allocated
37,5876,greenran_normal,0,0,65535_65535,2,64,3433506,34,1,1,0,10,0,18,1,1,pre_allocation
37,5876,greenran_normal,0,0,65535_65535,2,64,3433506,37,1,1,1,11,37,18,1,1,allocated
37,5876,greenran_normal,0,0,65535_65535,2,43,3433082,30,1,1,0,10,0,16,1,1,pre_allocation
37,5876,greenran_normal,0,0,65535_65535,2,43,3433082,33,1,1,1,11,33,16,1,1,allocated
37,5876,greenran_normal,0,0,65535_65535,2,42,3432686,50,1,1,0,10,0,22,1,1,pre_allocation
37,5876,greenran_normal,0,0,65535_65535,2,42,3432686,55,1,1,1,11,55,22,1,1,allocated
37,5876,greenran_normal,0,0,65535_65535,2,36,3432380,67,1,1,0,10,0,26,1,1,pre_allocation
37,5876,greenran_normal,0,0,65535_65535,2,36,3432380,74,1,1,1,11,74,26,1,1,allocated
37,5876,greenran_normal,0,0,65535_65535,2,59,3432371,58,1,1,0,10,0,24,1,1,pre_allocation
37,5876,greenran_normal,0,0,65535_65535,2,59,3432371,65,1,1,1,11,65,24,1,1,allocated
40,6063,greenran_normal,0,0,65535_65535,0,4,112381,0,1,1,0,0,0,22,1,1,pre_allocation
40,6063,greenran_normal,0,0,65535_65535,0,4,112381,2,1,1,1,1,2,22,1,1,allocated
40,6063,greenran_normal,0,0,65535_65535,0,1,110865,0,1,1,0,0,0,26,1,1,pre_allocation
40,6063,greenran_normal,0,0,65535_65535,0,1,110865,4,1,1,1,1,4,26,1,1,allocated
40,6063,greenran_normal,0,0,65535_65535,0,2,110846,0,1,1,0,0,0,28,1,1,pre_allocation
40,6063,greenran_normal,0,0,65535_65535,0,2,110846,4,1,1,1,1,4,28,1,1,allocated
40,6063,greenran_normal,0,0,65535_65535,0,5,110842,0,1,1,0,0,0,28,1,1,pre_allocation
40,6063,greenran_normal,0,0,65535_65535,0,5,110842,4,1,1,1,1,4,28,1,1,allocated
40,6063,greenran_normal,0,0,65535_65535,0,3,110840,0,1,1,0,0,0,28,1,1,pre_allocation
40,6063,greenran_normal,0,0,65535_65535,0,3,110840,4,1,1,1,1,4,28,1,1,allocated
40,6063,greenran_normal,0,0,65535_65535,0,4,112381,2,1,1,0,1,0,22,1,1,pre_allocation
40,6063,greenran_normal,0,0,65535_65535,0,4,112381,7,1,1,1,2,7,22,1,1,allocated
40,6063,greenran_normal,0,0,65535_65535,0,1,110865,4,1,1,0,1,0,26,1,1,pre_allocation
40,6063,greenran_normal,0,0,65535_65535,0,1,110865,11,1,1,1,2,11,26,1,1,allocated
40,6063,greenran_normal,0,0,65535_65535,0,2,110846,4,1,1,0,1,0,28,1,1,pre_allocation
40,6063,greenran_normal,0,0,65535_65535,0,2,110846,12,1,1,1,2,12,28,1,1,allocated
40,6063,greenran_normal,0,0,65535_65535,0,5,110842,4,1,1,0,1,0,28,1,1,pre_allocation
40,6063,greenran_normal,0,0,65535_65535,0,5,110842,12,1,1,1,2,12,28,1,1,allocated
40,6063,greenran_normal,0,0,65535_65535,0,3,110840,4,1,1,0,1,0,28,1,1,pre_allocation
40,6063,greenran_normal,0,0,65535_65535,0,3,110840,12,1,1,1,2,12,28,1,1,allocated
40,6063,greenran_normal,0,0,65535_65535,0,4,112381,7,1,1,0,2,0,22,1,1,pre_allocation
40,6063,greenran_normal,0,0,65535_65535,0,4,112381,13,1,1,1,3,13,22,1,1,allocated
40,6063,greenran_normal,0,0,65535_65535,0,1,110865,11,1,1,0,2,0,26,1,1,pre_allocation
40,6063,greenran_normal,0,0,65535_65535,0,1,110865,18,1,1,1,3,18,26,1,1,allocated
40,6063,greenran_normal,0,0,65535_65535,0,2,110846,12,1,1,0,2,0,28,1,1,pre_allocation
40,6063,greenran_normal,0,0,65535_65535,0,2,110846,19,1,1,1,3,19,28,1,1,allocated
40,6063,greenran_normal,0,0,65535_65535,0,5,110842,12,1,1,0,2,0,28,1,1,pre_allocation
40,6063,greenran_normal,0,0,65535_65535,0,5,110842,19,1,1,1,3,19,28,1,1,allocated
40,6063,greenran_normal,0,0,65535_65535,0,3,110840,12,1,1,0,2,0,28,1,1,pre_allocation
40,6063,greenran_normal,0,0,65535_65535,0,3,110840,19,1,1,1,3,19,28,1,1,allocated
40,6063,greenran_normal,0,0,65535_65535,0,4,112381,13,1,1,0,3,0,22,1,1,pre_allocation
40,6063,greenran_normal,0,0,65535_65535,0,4,112381,18,1,1,1,4,18,22,1,1,allocated
40,6063,greenran_normal,0,0,65535_65535,0,1,110865,18,1,1,0,3,0,26,1,1,pre_allocation
40,6063,greenran_normal,0,0,65535_65535,0,1,110865,25,1,1,1,4,25,26,1,1,allocated
40,6063,greenran_normal,0,0,65535_65535,0,2,110846,19,1,1,0,3,0,28,1,1,pre_allocation
40,6063,greenran_normal,0,0,65535_65535,0,2,110846,27,1,1,1,4,27,28,1,1,allocated
40,6063,greenran_normal,0,0,65535_65535,0,5,110842,19,1,1,0,3,0,28,1,1,pre_allocation
40,6063,greenran_normal,0,0,65535_65535,0,5,110842,27,1,1,1,4,27,28,1,1,allocated
40,6063,greenran_normal,0,0,65535_65535,0,3,110840,19,1,1,0,3,0,28,1,1,pre_allocation
40,6063,greenran_normal,0,0,65535_65535,0,3,110840,27,1,1,1,4,27,28,1,1,allocated
40,6063,greenran_normal,0,0,65535_65535,0,4,112381,18,1,1,0,4,0,22,1,1,pre_allocation
40,6063,greenran_normal,0,0,65535_65535,0,4,112381,23,1,1,1,5,23,22,1,1,allocated
40,6063,greenran_normal,0,0,65535_65535,0,1,110865,25,1,1,0,4,0,26,1,1,pre_allocation
40,6063,greenran_normal,0,0,65535_65535,0,1,110865,32,1,1,1,5,32,26,1,1,allocated
40,6063,greenran_normal,0,0,65535_65535,0,2,110846,27,1,1,0,4,0,28,1,1,pre_allocation
40,6063,greenran_normal,0,0,65535_65535,0,2,110846,34,1,1,1,5,34,28,1,1,allocated
40,6063,greenran_normal,0,0,65535_65535,0,5,110842,27,1,1,0,4,0,28,1,1,pre_allocation
40,6063,greenran_normal,0,0,65535_65535,0,5,110842,34,1,1,1,5,34,28,1,1,allocated
40,6063,greenran_normal,0,0,65535_65535,0,3,110840,27,1,1,0,4,0,28,1,1,pre_allocation
40,6063,greenran_normal,0,0,65535_65535,0,3,110840,34,1,1,1,5,34,28,1,1,allocated
40,6063,greenran_normal,0,0,65535_65535,0,4,112381,23,1,1,0,5,0,22,1,1,pre_allocation
40,6063,greenran_normal,0,0,65535_65535,0,4,112381,29,1,1,1,6,29,22,1,1,allocated
40,6063,greenran_normal,0,0,65535_65535,0,1,110865,32,1,1,0,5,0,26,1,1,pre_allocation
40,6063,greenran_normal,0,0,65535_65535,0,1,110865,39,1,1,1,6,39,26,1,1,allocated
40,6063,greenran_normal,0,0,65535_65535,0,2,110846,34,1,1,0,5,0,28,1,1,pre_allocation
40,6063,greenran_normal,0,0,65535_65535,0,2,110846,42,1,1,1,6,42,28,1,1,allocated
40,6063,greenran_normal,0,0,65535_65535,0,5,110842,34,1,1,0,5,0,28,1,1,pre_allocation
40,6063,greenran_normal,0,0,65535_65535,0,5,110842,42,1,1,1,6,42,28,1,1,allocated
40,6063,greenran_normal,0,0,65535_65535,0,3,110840,34,1,1,0,5,0,28,1,1,pre_allocation
40,6063,greenran_normal,0,0,65535_65535,0,3,110840,42,1,1,1,6,42,28,1,1,allocated
40,6063,greenran_normal,0,0,65535_65535,0,4,112381,29,1,1,0,6,0,22,1,1,pre_allocation
40,6063,greenran_normal,0,0,65535_65535,0,4,112381,34,1,1,1,7,34,22,1,1,allocated
40,6063,greenran_normal,0,0,65535_65535,0,1,110865,39,1,1,0,6,0,26,1,1,pre_allocation
40,6063,greenran_normal,0,0,65535_65535,0,1,110865,46,1,1,1,7,46,26,1,1,allocated
40,6063,greenran_normal,0,0,65535_65535,0,2,110846,42,1,1,0,6,0,28,1,1,pre_allocation
40,6063,greenran_normal,0,0,65535_65535,0,2,110846,50,1,1,1,7,50,28,1,1,allocated
40,6063,greenran_normal,0,0,65535_65535,0,5,110842,42,1,1,0,6,0,28,1,1,pre_allocation
40,6063,greenran_normal,0,0,65535_65535,0,5,110842,50,1,1,1,7,50,28,1,1,allocated
40,6063,greenran_normal,0,0,65535_65535,0,3,110840,42,1,1,0,6,0,28,1,1,pre_allocation
40,6063,greenran_normal,0,0,65535_65535,0,3,110840,50,1,1,1,7,50,28,1,1,allocated
40,6063,greenran_normal,0,0,65535_65535,0,4,112381,34,1,1,0,7,0,22,1,1,pre_allocation
40,6063,greenran_normal,0,0,65535_65535,0,4,112381,39,1,1,1,8,39,22,1,1,allocated
40,6063,greenran_normal,0,0,65535_65535,0,1,110865,46,1,1,0,7,0,26,1,1,pre_allocation
40,6063,greenran_normal,0,0,65535_65535,0,1,110865,53,1,1,1,8,53,26,1,1,allocated
40,6063,greenran_normal,0,0,65535_65535,0,2,110846,50,1,1,0,7,0,28,1,1,pre_allocation
40,6063,greenran_normal,0,0,65535_65535,0,2,110846,57,1,1,1,8,57,28,1,1,allocated
40,6063,greenran_normal,0,0,65535_65535,0,5,110842,50,1,1,0,7,0,28,1,1,pre_allocation
40,6063,greenran_normal,0,0,65535_65535,0,5,110842,57,1,1,1,8,57,28,1,1,allocated
40,6063,greenran_normal,0,0,65535_65535,0,3,110840,50,1,1,0,7,0,28,1,1,pre_allocation
40,6063,greenran_normal,0,0,65535_65535,0,3,110840,57,1,1,1,8,57,28,1,1,allocated
40,6063,greenran_normal,0,0,65535_65535,0,4,112381,39,1,1,0,8,0,22,1,1,pre_allocation
40,6063,greenran_normal,0,0,65535_65535,0,4,112381,45,1,1,1,9,45,22,1,1,allocated
40,6063,greenran_normal,0,0,65535_65535,0,1,110865,53,1,1,0,8,0,26,1,1,pre_allocation
40,6063,greenran_normal,0,0,65535_65535,0,1,110865,60,1,1,1,9,60,26,1,1,allocated
40,6063,greenran_normal,0,0,65535_65535,0,2,110846,57,1,1,0,8,0,28,1,1,pre_allocation
40,6063,greenran_normal,0,0,65535_65535,0,2,110846,65,1,1,1,9,65,28,1,1,allocated
40,6063,greenran_normal,0,0,65535_65535,0,5,110842,57,1,1,0,8,0,28,1,1,pre_allocation
40,6063,greenran_normal,0,0,65535_65535,0,5,110842,65,1,1,1,9,65,28,1,1,allocated
40,6063,greenran_normal,0,0,65535_65535,0,3,110840,57,1,1,0,8,0,28,1,1,pre_allocation
40,6063,greenran_normal,0,0,65535_65535,0,3,110840,65,1,1,1,9,65,28,1,1,allocated
40,6063,greenran_normal,0,0,65535_65535,0,4,112381,45,1,1,0,9,0,22,1,1,pre_allocation
40,6063,greenran_normal,0,0,65535_65535,0,4,112381,50,1,1,1,10,50,22,1,1,allocated
40,6063,greenran_normal,0,0,65535_65535,0,1,110865,60,1,1,0,9,0,26,1,1,pre_allocation
40,6063,greenran_normal,0,0,65535_65535,0,1,110865,67,1,1,1,10,67,26,1,1,allocated
40,6063,greenran_normal,0,0,65535_65535,0,2,110846,65,1,1,0,9,0,28,1,1,pre_allocation
40,6063,greenran_normal,0,0,65535_65535,0,2,110846,72,1,1,1,10,72,28,1,1,allocated
40,6063,greenran_normal,0,0,65535_65535,0,5,110842,65,1,1,0,9,0,28,1,1,pre_allocation
40,6063,greenran_normal,0,0,65535_65535,0,5,110842,72,1,1,1,10,72,28,1,1,allocated
40,6063,greenran_normal,0,0,65535_65535,0,3,110840,65,1,1,0,9,0,28,1,1,pre_allocation
40,6063,greenran_normal,0,0,65535_65535,0,3,110840,72,1,1,1,10,72,28,1,1,allocated
40,6063,greenran_normal,0,0,65535_65535,0,4,112381,50,1,1,0,10,0,22,1,1,pre_allocation
40,6063,greenran_normal,0,0,65535_65535,0,4,112381,55,1,1,1,11,55,22,1,1,allocated
40,6063,greenran_normal,0,0,65535_65535,0,1,110865,67,1,1,0,10,0,26,1,1,pre_allocation
40,6063,greenran_normal,0,0,65535_65535,0,1,110865,74,1,1,1,11,74,26,1,1,allocated
40,6063,greenran_normal,0,0,65535_65535,0,2,110846,72,1,1,0,10,0,28,1,1,pre_allocation
40,6063,greenran_normal,0,0,65535_65535,0,2,110846,80,1,1,1,11,80,28,1,1,allocated
40,6063,greenran_normal,0,0,65535_65535,0,5,110842,72,1,1,0,10,0,28,1,1,pre_allocation
40,6063,greenran_normal,0,0,65535_65535,0,5,110842,80,1,1,1,11,80,28,1,1,allocated
40,6063,greenran_normal,0,0,65535_65535,0,3,110840,72,1,1,0,10,0,28,1,1,pre_allocation
40,6063,greenran_normal,0,0,65535_65535,0,3,110840,80,1,1,1,11,80,28,1,1,allocated
40,6063,greenran_normal,0,0,65535_65535,0,4,112381,55,1,1,0,11,0,22,1,1,pre_allocation
40,6063,greenran_normal,0,0,65535_65535,0,4,112381,61,1,1,1,12,61,22,1,1,allocated
40,6063,greenran_normal,0,0,65535_65535,0,1,110865,74,1,1,0,11,0,26,1,1,pre_allocation
40,6063,greenran_normal,0,0,65535_65535,0,1,110865,81,1,1,1,12,81,26,1,1,allocated
40,6063,greenran_normal,0,0,65535_65535,0,2,110846,80,1,1,0,11,0,28,1,1,pre_allocation
40,6063,greenran_normal,0,0,65535_65535,0,2,110846,88,1,1,1,12,88,28,1,1,allocated
40,6063,greenran_normal,0,0,65535_65535,0,5,110842,80,1,1,0,11,0,28,1,1,pre_allocation
40,6063,greenran_normal,0,0,65535_65535,0,5,110842,88,1,1,1,12,88,28,1,1,allocated
40,6063,greenran_normal,0,0,65535_65535,0,3,110840,80,1,1,0,11,0,28,1,1,pre_allocation
40,6063,greenran_normal,0,0,65535_65535,0,3,110840,88,1,1,1,12,88,28,1,1,allocated
40,6063,greenran_normal,0,0,65535_65535,0,4,112381,61,1,1,0,12,0,22,1,1,pre_allocation
40,6063,greenran_normal,0,0,65535_65535,0,4,112381,66,1,1,1,13,66,22,1,1,allocated
40,6063,greenran_normal,0,0,65535_65535,0,1,110865,81,1,1,0,12,0,26,1,1,pre_allocation
40,6063,greenran_normal,0,0,65535_65535,0,1,110865,88,1,1,1,13,88,26,1,1,allocated
40,6063,greenran_normal,0,0,65535_65535,0,2,110846,88,1,1,0,12,0,28,1,1,pre_allocation
40,6063,greenran_normal,0,0,65535_65535,0,2,110846,95,1,1,1,13,95,28,1,1,allocated
40,6063,greenran_normal,0,0,65535_65535,0,5,110842,88,1,1,0,12,0,28,1,1,pre_allocation
40,6063,greenran_normal,0,0,65535_65535,0,5,110842,95,1,1,1,13,95,28,1,1,allocated
40,6063,greenran_normal,0,0,65535_65535,0,3,110840,88,1,1,0,12,0,28,1,1,pre_allocation
40,6063,greenran_normal,0,0,65535_65535,0,3,110840,95,1,1,1,13,95,28,1,1,allocated
40,6063,greenran_normal,0,0,65535_65535,0,4,112381,66,1,1,0,13,0,22,1,1,pre_allocation
40,6063,greenran_normal,0,0,65535_65535,0,4,112381,72,1,1,1,14,72,22,1,1,allocated
40,6063,greenran_normal,0,0,65535_65535,0,1,110865,88,1,1,0,13,0,26,1,1,pre_allocation
40,6063,greenran_normal,0,0,65535_65535,0,1,110865,95,1,1,1,14,95,26,1,1,allocated
40,6063,greenran_normal,0,0,65535_65535,0,2,110846,95,1,1,0,13,0,28,1,1,pre_allocation
40,6063,greenran_normal,0,0,65535_65535,0,2,110846,103,1,1,1,14,103,28,1,1,allocated
40,6063,greenran_normal,0,0,65535_65535,0,5,110842,95,1,1,0,13,0,28,1,1,pre_allocation
40,6063,greenran_normal,0,0,65535_65535,0,5,110842,103,1,1,1,14,103,28,1,1,allocated
40,6063,greenran_normal,0,0,65535_65535,0,3,110840,95,1,1,0,13,0,28,1,1,pre_allocation
40,6063,greenran_normal,0,0,65535_65535,0,3,110840,103,1,1,1,14,103,28,1,1,allocated
40,6063,greenran_normal,0,0,65535_65535,0,4,112381,72,1,1,0,14,0,22,1,1,pre_allocation
40,6063,greenran_normal,0,0,65535_65535,0,4,112381,77,1,1,1,15,77,22,1,1,allocated
40,6063,greenran_normal,0,0,65535_65535,0,1,110865,95,1,1,0,14,0,26,1,1,pre_allocation
40,6063,greenran_normal,0,0,65535_65535,0,1,110865,102,1,1,1,15,102,26,1,1,allocated
40,6063,greenran_normal,0,0,65535_65535,0,2,110846,103,1,1,0,14,0,28,1,1,pre_allocation
40,6063,greenran_normal,0,0,65535_65535,0,2,110846,110,1,1,1,15,110,28,1,1,allocated
40,6063,greenran_normal,0,0,65535_65535,0,5,110842,103,1,1,0,14,0,28,1,1,pre_allocation
40,6063,greenran_normal,0,0,65535_65535,0,5,110842,110,1,1,1,15,110,28,1,1,allocated
40,6063,greenran_normal,0,0,65535_65535,0,3,110840,103,1,1,0,14,0,28,1,1,pre_allocation
40,6063,greenran_normal,0,0,65535_65535,0,3,110840,110,1,1,1,15,110,28,1,1,allocated
40,6063,greenran_normal,0,0,65535_65535,0,4,112381,77,1,1,0,15,0,22,1,1,pre_allocation
40,6063,greenran_normal,0,0,65535_65535,0,4,112381,82,1,1,1,16,82,22,1,1,allocated
40,6063,greenran_normal,0,0,65535_65535,0,1,110865,102,1,1,0,15,0,26,1,1,pre_allocation
40,6063,greenran_normal,0,0,65535_65535,0,1,110865,109,1,1,1,16,109,26,1,1,allocated
40,6063,greenran_normal,0,0,65535_65535,0,2,110846,110,1,1,0,15,0,28,1,1,pre_allocation
40,6063,greenran_normal,0,0,65535_65535,0,2,110846,118,1,1,1,16,118,28,1,1,allocated
40,6063,greenran_normal,0,0,65535_65535,0,5,110842,110,1,1,0,15,0,28,1,1,pre_allocation
40,6063,greenran_normal,0,0,65535_65535,0,5,110842,118,1,1,1,16,118,28,1,1,allocated
40,6063,greenran_normal,0,0,65535_65535,0,3,110840,110,1,1,0,15,0,28,1,1,pre_allocation
40,6063,greenran_normal,0,0,65535_65535,0,3,110840,118,1,1,1,16,118,28,1,1,allocated
40,6063,greenran_normal,0,0,65535_65535,0,4,112381,82,1,1,0,16,0,22,1,1,pre_allocation
40,6063,greenran_normal,0,0,65535_65535,0,4,112381,88,1,1,1,17,88,22,1,1,allocated
40,6063,greenran_normal,0,0,65535_65535,0,1,110865,109,1,1,0,16,0,26,1,1,pre_allocation
40,6063,greenran_normal,0,0,65535_65535,0,1,110865,116,1,1,1,17,116,26,1,1,allocated
40,6063,greenran_normal,0,0,65535_65535,0,2,110846,118,1,1,0,16,0,28,1,1,pre_allocation
40,6063,greenran_normal,0,0,65535_65535,0,2,110846,126,1,1,1,17,126,28,1,1,allocated
40,6063,greenran_normal,0,0,65535_65535,0,5,110842,118,1,1,0,16,0,28,1,1,pre_allocation
40,6063,greenran_normal,0,0,65535_65535,0,5,110842,126,1,1,1,17,126,28,1,1,allocated
40,6063,greenran_normal,0,0,65535_65535,0,3,110840,118,1,1,0,16,0,28,1,1,pre_allocation
40,6063,greenran_normal,0,0,65535_65535,0,3,110840,126,1,1,1,17,126,28,1,1,allocated
40,6063,greenran_normal,0,0,65535_65535,0,4,112381,88,1,1,0,17,0,22,1,1,pre_allocation
40,6063,greenran_normal,0,0,65535_65535,0,4,112381,93,1,1,1,18,93,22,1,1,allocated
40,6063,greenran_normal,0,0,65535_65535,0,1,110865,116,1,1,0,17,0,26,1,1,pre_allocation
40,6063,greenran_normal,0,0,65535_65535,0,1,110865,123,1,1,1,18,123,26,1,1,allocated
40,6063,greenran_normal,0,0,65535_65535,0,2,110846,126,1,1,0,17,0,28,1,1,pre_allocation
40,6063,greenran_normal,0,0,65535_65535,0,2,110846,133,1,1,1,18,133,28,1,1,allocated
40,6063,greenran_normal,0,0,65535_65535,0,5,110842,126,1,1,0,17,0,28,1,1,pre_allocation
40,6063,greenran_normal,0,0,65535_65535,0,5,110842,133,1,1,1,18,133,28,1,1,allocated
40,6063,greenran_normal,0,0,65535_65535,0,3,110840,126,1,1,0,17,0,28,1,1,pre_allocation
40,6063,greenran_normal,0,0,65535_65535,0,3,110840,133,1,1,1,18,133,28,1,1,allocated
40,6063,greenran_normal,0,0,65535_65535,0,4,112381,93,1,1,0,18,0,22,1,1,pre_allocation
40,6063,greenran_normal,0,0,65535_65535,0,4,112381,98,1,1,1,19,98,22,1,1,allocated
40,6063,greenran_normal,0,0,65535_65535,0,1,110865,123,1,1,0,18,0,26,1,1,pre_allocation
40,6063,greenran_normal,0,0,65535_65535,0,1,110865,130,1,1,1,19,130,26,1,1,allocated
40,6063,greenran_normal,0,0,65535_65535,0,2,110846,133,1,1,0,18,0,28,1,1,pre_allocation
40,6063,greenran_normal,0,0,65535_65535,0,2,110846,141,1,1,1,19,141,28,1,1,allocated
40,6063,greenran_normal,0,0,65535_65535,0,5,110842,133,1,1,0,18,0,28,1,1,pre_allocation
40,6063,greenran_normal,0,0,65535_65535,0,5,110842,141,1,1,1,19,141,28,1,1,allocated
40,6063,greenran_normal,0,0,65535_65535,0,3,110840,133,1,1,0,18,0,28,1,1,pre_allocation
40,6063,greenran_normal,0,0,65535_65535,0,3,110840,141,1,1,1,19,141,28,1,1,allocated
40,6063,greenran_normal,0,0,65535_65535,0,4,112381,98,1,1,0,19,0,22,1,1,pre_allocation
40,6063,greenran_normal,0,0,65535_65535,0,4,112381,104,1,1,1,20,104,22,1,1,allocated
40,6063,greenran_normal,0,0,65535_65535,0,1,110865,130,1,1,0,19,0,26,1,1,pre_allocation
40,6063,greenran_normal,0,0,65535_65535,0,1,110865,137,1,1,1,20,137,26,1,1,allocated
40,6063,greenran_normal,0,0,65535_65535,0,2,110846,141,1,1,0,19,0,28,1,1,pre_allocation
40,6063,greenran_normal,0,0,65535_65535,0,2,110846,148,1,1,1,20,148,28,1,1,allocated
40,6063,greenran_normal,0,0,65535_65535,0,5,110842,141,1,1,0,19,0,28,1,1,pre_allocation
40,6063,greenran_normal,0,0,65535_65535,0,5,110842,148,1,1,1,20,148,28,1,1,allocated
40,6063,greenran_normal,0,0,65535_65535,0,3,110840,141,1,1,0,19,0,28,1,1,pre_allocation
40,6063,greenran_normal,0,0,65535_65535,0,3,110840,148,1,1,1,20,148,28,1,1,allocated
40,6063,greenran_normal,0,0,65535_65535,0,4,112381,104,1,1,0,20,0,22,1,1,pre_allocation
40,6063,greenran_normal,0,0,65535_65535,0,4,112381,109,1,1,1,21,109,22,1,1,allocated
40,6063,greenran_normal,0,0,65535_65535,0,1,110865,137,1,1,0,20,0,26,1,1,pre_allocation
40,6063,greenran_normal,0,0,65535_65535,0,1,110865,144,1,1,1,21,144,26,1,1,allocated
40,6063,greenran_normal,0,0,65535_65535,0,2,110846,148,1,1,0,20,0,28,1,1,pre_allocation
40,6063,greenran_normal,0,0,65535_65535,0,2,110846,156,1,1,1,21,156,28,1,1,allocated
40,6063,greenran_normal,0,0,65535_65535,0,5,110842,148,1,1,0,20,0,28,1,1,pre_allocation
40,6063,greenran_normal,0,0,65535_65535,0,5,110842,156,1,1,1,21,156,28,1,1,allocated
40,6063,greenran_normal,0,0,65535_65535,0,3,110840,148,1,1,0,20,0,28,1,1,pre_allocation
40,6063,greenran_normal,0,0,65535_65535,0,3,110840,156,1,1,1,21,156,28,1,1,allocated
40,6063,greenran_normal,0,0,65535_65535,0,4,112381,109,1,1,0,21,0,22,1,1,pre_allocation
40,6063,greenran_normal,0,0,65535_65535,0,4,112381,114,1,1,1,22,114,22,1,1,allocated
40,6063,greenran_normal,0,0,65535_65535,0,1,110865,144,1,1,0,21,0,26,1,1,pre_allocation
40,6063,greenran_normal,0,0,65535_65535,0,1,110865,151,1,1,1,22,151,26,1,1,allocated
40,6063,greenran_normal,0,0,65535_65535,0,2,110846,156,1,1,0,21,0,28,1,1,pre_allocation
40,6063,greenran_normal,0,0,65535_65535,0,2,110846,163,1,1,1,22,163,28,1,1,allocated
40,6063,greenran_normal,0,0,65535_65535,0,5,110842,156,1,1,0,21,0,28,1,1,pre_allocation
40,6063,greenran_normal,0,0,65535_65535,0,5,110842,163,1,1,1,22,163,28,1,1,allocated
40,6063,greenran_normal,0,0,65535_65535,0,3,110840,156,1,1,0,21,0,28,1,1,pre_allocation
40,6063,greenran_normal,0,0,65535_65535,0,3,110840,163,1,1,1,22,163,28,1,1,allocated
40,6063,greenran_normal,0,0,65535_65535,0,4,112381,114,1,1,0,22,0,22,1,1,pre_allocation
40,6063,greenran_normal,0,0,65535_65535,0,4,112381,120,1,1,1,23,120,22,1,1,allocated
40,6063,greenran_normal,0,0,65535_65535,0,1,110865,151,1,1,0,22,0,26,1,1,pre_allocation
40,6063,greenran_normal,0,0,65535_65535,0,1,110865,158,1,1,1,23,158,26,1,1,allocated
40,6063,greenran_normal,0,0,65535_65535,0,2,110846,163,1,1,0,22,0,28,1,1,pre_allocation
40,6063,greenran_normal,0,0,65535_65535,0,2,110846,171,1,1,1,23,171,28,1,1,allocated
40,6063,greenran_normal,0,0,65535_65535,0,5,110842,163,1,1,0,22,0,28,1,1,pre_allocation
40,6063,greenran_normal,0,0,65535_65535,0,5,110842,171,1,1,1,23,171,28,1,1,allocated
40,6063,greenran_normal,0,0,65535_65535,0,3,110840,163,1,1,0,22,0,28,1,1,pre_allocation
40,6063,greenran_normal,0,0,65535_65535,0,3,110840,171,1,1,1,23,171,28,1,1,allocated
40,6063,greenran_normal,0,0,65535_65535,0,4,112381,120,1,1,0,23,0,22,1,1,pre_allocation
40,6063,greenran_normal,0,0,65535_65535,0,4,112381,125,1,1,1,24,125,22,1,1,allocated
40,6063,greenran_normal,0,0,65535_65535,0,1,110865,158,1,1,0,23,0,26,1,1,pre_allocation
40,6063,greenran_normal,0,0,65535_65535,0,1,110865,165,1,1,1,24,165,26,1,1,allocated
40,6063,greenran_normal,0,0,65535_65535,0,2,110846,171,1,1,0,23,0,28,1,1,pre_allocation
40,6063,greenran_normal,0,0,65535_65535,0,2,110846,179,1,1,1,24,179,28,1,1,allocated
40,6063,greenran_normal,0,0,65535_65535,0,5,110842,171,1,1,0,23,0,28,1,1,pre_allocation
40,6063,greenran_normal,0,0,65535_65535,0,5,110842,179,1,1,1,24,179,28,1,1,allocated
40,6063,greenran_normal,0,0,65535_65535,0,3,110840,171,1,1,0,23,0,28,1,1,pre_allocation
40,6063,greenran_normal,0,0,65535_65535,0,3,110840,179,1,1,1,24,179,28,1,1,allocated
40,6063,greenran_normal,0,0,65535_65535,0,4,112381,125,1,1,0,24,0,22,1,1,pre_allocation
40,6063,greenran_normal,0,0,65535_65535,0,4,112381,131,1,1,1,25,131,22,1,1,allocated
40,6063,greenran_normal,0,0,65535_65535,0,1,110865,165,1,1,0,24,0,26,1,1,pre_allocation
40,6063,greenran_normal,0,0,65535_65535,0,1,110865,172,1,1,1,25,172,26,1,1,allocated
40,6063,greenran_normal,0,0,65535_65535,0,2,110846,179,1,1,0,24,0,28,1,1,pre_allocation
40,6063,greenran_normal,0,0,65535_65535,0,2,110846,186,1,1,1,25,186,28,1,1,allocated
40,6063,greenran_normal,0,0,65535_65535,0,5,110842,179,1,1,0,24,0,28,1,1,pre_allocation
40,6063,greenran_normal,0,0,65535_65535,0,5,110842,186,1,1,1,25,186,28,1,1,allocated
40,6063,greenran_normal,0,0,65535_65535,0,3,110840,179,1,1,0,24,0,28,1,1,pre_allocation
40,6063,greenran_normal,0,0,65535_65535,0,3,110840,186,1,1,1,25,186,28,1,1,allocated
40,6063,greenran_normal,0,0,65535_65535,0,4,112381,131,1,1,0,25,0,22,1,1,pre_allocation
40,6063,greenran_normal,0,0,65535_65535,0,4,112381,136,1,1,1,26,136,22,1,1,allocated
40,6063,greenran_normal,0,0,65535_65535,0,1,110865,172,1,1,0,25,0,26,1,1,pre_allocation
40,6063,greenran_normal,0,0,65535_65535,0,1,110865,179,1,1,1,26,179,26,1,1,allocated
40,6063,greenran_normal,0,0,65535_65535,0,2,110846,186,1,1,0,25,0,28,1,1,pre_allocation
40,6063,greenran_normal,0,0,65535_65535,0,2,110846,194,1,1,1,26,194,28,1,1,allocated
40,6063,greenran_normal,0,0,65535_65535,0,5,110842,186,1,1,0,25,0,28,1,1,pre_allocation
40,6063,greenran_normal,0,0,65535_65535,0,5,110842,194,1,1,1,26,194,28,1,1,allocated
40,6063,greenran_normal,0,0,65535_65535,0,3,110840,186,1,1,0,25,0,28,1,1,pre_allocation
40,6063,greenran_normal,0,0,65535_65535,0,3,110840,194,1,1,1,26,194,28,1,1,allocated
40,6063,greenran_normal,0,0,65535_65535,0,4,112381,136,1,1,0,26,0,22,1,1,pre_allocation
40,6063,greenran_normal,0,0,65535_65535,0,4,112381,141,1,1,1,27,141,22,1,1,allocated
40,6063,greenran_normal,0,0,65535_65535,0,1,110865,179,1,1,0,26,0,26,1,1,pre_allocation
40,6063,greenran_normal,0,0,65535_65535,0,1,110865,186,1,1,1,27,186,26,1,1,allocated
40,6063,greenran_normal,0,0,65535_65535,0,2,110846,194,1,1,0,26,0,28,1,1,pre_allocation
40,6063,greenran_normal,0,0,65535_65535,0,2,110846,201,1,1,1,27,201,28,1,1,allocated
40,6063,greenran_normal,0,0,65535_65535,0,5,110842,194,1,1,0,26,0,28,1,1,pre_allocation
40,6063,greenran_normal,0,0,65535_65535,0,5,110842,201,1,1,1,27,201,28,1,1,allocated
40,6063,greenran_normal,0,0,65535_65535,0,3,110840,194,1,1,0,26,0,28,1,1,pre_allocation
40,6063,greenran_normal,0,0,65535_65535,0,3,110840,201,1,1,1,27,201,28,1,1,allocated
40,6063,greenran_normal,0,0,65535_65535,0,4,112381,141,1,1,0,27,0,22,1,1,pre_allocation
40,6063,greenran_normal,0,0,65535_65535,0,4,112381,147,1,1,1,28,147,22,1,1,allocated
40,6063,greenran_normal,0,0,65535_65535,0,1,110865,186,1,1,0,27,0,26,1,1,pre_allocation
40,6063,greenran_normal,0,0,65535_65535,0,1,110865,193,1,1,1,28,193,26,1,1,allocated
40,6063,greenran_normal,0,0,65535_65535,0,2,110846,201,1,1,0,27,0,28,1,1,pre_allocation
40,6063,greenran_normal,0,0,65535_65535,0,2,110846,209,1,1,1,28,209,28,1,1,allocated
40,6063,greenran_normal,0,0,65535_65535,0,5,110842,201,1,1,0,27,0,28,1,1,pre_allocation
40,6063,greenran_normal,0,0,65535_65535,0,5,110842,209,1,1,1,28,209,28,1,1,allocated
40,6063,greenran_normal,0,0,65535_65535,0,3,110840,201,1,1,0,27,0,28,1,1,pre_allocation
40,6063,greenran_normal,0,0,65535_65535,0,3,110840,209,1,1,1,28,209,28,1,1,allocated
40,6063,greenran_normal,0,0,65535_65535,0,4,112381,147,1,1,0,28,0,22,1,1,pre_allocation
40,6063,greenran_normal,0,0,65535_65535,0,4,112381,152,1,1,1,29,152,22,1,1,allocated
40,6063,greenran_normal,0,0,65535_65535,0,1,110865,193,1,1,0,28,0,26,1,1,pre_allocation
40,6063,greenran_normal,0,0,65535_65535,0,1,110865,200,1,1,1,29,200,26,1,1,allocated
40,6063,greenran_normal,0,0,65535_65535,0,2,110846,209,1,1,0,28,0,28,1,1,pre_allocation
40,6063,greenran_normal,0,0,65535_65535,0,2,110846,217,1,1,1,29,217,28,1,1,allocated
40,6063,greenran_normal,0,0,65535_65535,0,5,110842,209,1,1,0,28,0,28,1,1,pre_allocation
40,6063,greenran_normal,0,0,65535_65535,0,5,110842,217,1,1,1,29,217,28,1,1,allocated
40,6063,greenran_normal,0,0,65535_65535,0,3,110840,209,1,1,0,28,0,28,1,1,pre_allocation
40,6063,greenran_normal,0,0,65535_65535,0,3,110840,217,1,1,1,29,217,28,1,1,allocated
40,6063,greenran_normal,0,0,65535_65535,0,4,112381,152,1,1,0,29,0,22,1,1,pre_allocation
40,6063,greenran_normal,0,0,65535_65535,0,4,112381,157,1,1,1,30,157,22,1,1,allocated
40,6063,greenran_normal,0,0,65535_65535,0,1,110865,200,1,1,0,29,0,26,1,1,pre_allocation
40,6063,greenran_normal,0,0,65535_65535,0,1,110865,207,1,1,1,30,207,26,1,1,allocated
40,6063,greenran_normal,0,0,65535_65535,0,2,110846,217,1,1,0,29,0,28,1,1,pre_allocation
40,6063,greenran_normal,0,0,65535_65535,0,2,110846,224,1,1,1,30,224,28,1,1,allocated
40,6063,greenran_normal,0,0,65535_65535,0,5,110842,217,1,1,0,29,0,28,1,1,pre_allocation
40,6063,greenran_normal,0,0,65535_65535,0,5,110842,224,1,1,1,30,224,28,1,1,allocated
40,6063,greenran_normal,0,0,65535_65535,0,3,110840,217,1,1,0,29,0,28,1,1,pre_allocation
40,6063,greenran_normal,0,0,65535_65535,0,3,110840,224,1,1,1,30,224,28,1,1,allocated
40,6063,greenran_normal,0,0,65535_65535,0,4,112381,157,1,1,0,30,0,22,1,1,pre_allocation
40,6063,greenran_normal,0,0,65535_65535,0,4,112381,163,1,1,1,31,163,22,1,1,allocated
40,6063,greenran_normal,0,0,65535_65535,0,1,110865,207,1,1,0,30,0,26,1,1,pre_allocation
40,6063,greenran_normal,0,0,65535_65535,0,1,110865,214,1,1,1,31,214,26,1,1,allocated
40,6063,greenran_normal,0,0,65535_65535,0,2,110846,224,1,1,0,30,0,28,1,1,pre_allocation
40,6063,greenran_normal,0,0,65535_65535,0,2,110846,232,1,1,1,31,232,28,1,1,allocated
40,6063,greenran_normal,0,0,65535_65535,0,5,110842,224,1,1,0,30,0,28,1,1,pre_allocation
40,6063,greenran_normal,0,0,65535_65535,0,5,110842,232,1,1,1,31,232,28,1,1,allocated
40,6063,greenran_normal,0,0,65535_65535,0,3,110840,224,1,1,0,30,0,28,1,1,pre_allocation
40,6063,greenran_normal,0,0,65535_65535,0,3,110840,232,1,1,1,31,232,28,1,1,allocated
40,6063,greenran_normal,0,0,65535_65535,0,4,112381,163,1,1,0,31,0,22,1,1,pre_allocation
40,6063,greenran_normal,0,0,65535_65535,0,4,112381,168,1,1,1,32,168,22,1,1,allocated
40,6063,greenran_normal,0,0,65535_65535,0,1,110865,214,1,1,0,31,0,26,1,1,pre_allocation
40,6063,greenran_normal,0,0,65535_65535,0,1,110865,221,1,1,1,32,221,26,1,1,allocated
40,6063,greenran_normal,0,0,65535_65535,0,2,110846,232,1,1,0,31,0,28,1,1,pre_allocation
40,6063,greenran_normal,0,0,65535_65535,0,2,110846,239,1,1,1,32,239,28,1,1,allocated
40,6063,greenran_normal,0,0,65535_65535,0,5,110842,232,1,1,0,31,0,28,1,1,pre_allocation
40,6063,greenran_normal,0,0,65535_65535,0,5,110842,239,1,1,1,32,239,28,1,1,allocated
40,6063,greenran_normal,0,0,65535_65535,0,3,110840,232,1,1,0,31,0,28,1,1,pre_allocation
40,6063,greenran_normal,0,0,65535_65535,0,3,110840,239,1,1,1,32,239,28,1,1,allocated
40,6063,greenran_normal,0,0,65535_65535,0,4,112381,168,1,1,0,32,0,22,1,1,pre_allocation
40,6063,greenran_normal,0,0,65535_65535,0,4,112381,173,1,1,1,33,173,22,1,1,allocated
40,6063,greenran_normal,0,0,65535_65535,0,1,110865,221,1,1,0,32,0,26,1,1,pre_allocation
40,6063,greenran_normal,0,0,65535_65535,0,1,110865,228,1,1,1,33,228,26,1,1,allocated
40,6063,greenran_normal,0,0,65535_65535,0,2,110846,239,1,1,0,32,0,28,1,1,pre_allocation
40,6063,greenran_normal,0,0,65535_65535,0,2,110846,247,1,1,1,33,247,28,1,1,allocated
40,6063,greenran_normal,0,0,65535_65535,0,5,110842,239,1,1,0,32,0,28,1,1,pre_allocation
40,6063,greenran_normal,0,0,65535_65535,0,5,110842,247,1,1,1,33,247,28,1,1,allocated
40,6063,greenran_normal,0,0,65535_65535,0,3,110840,239,1,1,0,32,0,28,1,1,pre_allocation
40,6063,greenran_normal,0,0,65535_65535,0,3,110840,247,1,1,1,33,247,28,1,1,allocated
40,6063,greenran_normal,0,0,65535_65535,0,4,112381,173,1,1,0,33,0,22,1,1,pre_allocation
40,6063,greenran_normal,0,0,65535_65535,0,4,112381,179,1,1,1,34,179,22,1,1,allocated
40,6063,greenran_normal,0,0,65535_65535,0,1,110865,228,1,1,0,33,0,26,1,1,pre_allocation
40,6063,greenran_normal,0,0,65535_65535,0,1,110865,235,1,1,1,34,235,26,1,1,allocated
40,6063,greenran_normal,0,0,65535_65535,0,2,110846,247,1,1,0,33,0,28,1,1,pre_allocation
40,6063,greenran_normal,0,0,65535_65535,0,2,110846,255,1,1,1,34,255,28,1,1,allocated
40,6063,greenran_normal,0,0,65535_65535,0,5,110842,247,1,1,0,33,0,28,1,1,pre_allocation
40,6063,greenran_normal,0,0,65535_65535,0,5,110842,255,1,1,1,34,255,28,1,1,allocated
40,6063,greenran_normal,0,0,65535_65535,0,3,110840,247,1,1,0,33,0,28,1,1,pre_allocation
40,6063,greenran_normal,0,0,65535_65535,0,3,110840,255,1,1,1,34,255,28,1,1,allocated
40,6063,greenran_normal,0,0,65535_65535,0,4,112381,179,1,1,0,34,0,22,1,1,pre_allocation
40,6063,greenran_normal,0,0,65535_65535,0,4,112381,184,1,1,1,35,184,22,1,1,allocated
40,6063,greenran_normal,0,0,65535_65535,0,1,110865,235,1,1,0,34,0,26,1,1,pre_allocation
40,6063,greenran_normal,0,0,65535_65535,0,1,110865,242,1,1,1,35,242,26,1,1,allocated
40,6063,greenran_normal,0,0,65535_65535,0,2,110846,255,1,1,0,34,0,28,1,1,pre_allocation
40,6063,greenran_normal,0,0,65535_65535,0,2,110846,262,1,1,1,35,262,28,1,1,allocated
40,6063,greenran_normal,0,0,65535_65535,0,5,110842,255,1,1,0,34,0,28,1,1,pre_allocation
40,6063,greenran_normal,0,0,65535_65535,0,5,110842,262,1,1,1,35,262,28,1,1,allocated
40,6063,greenran_normal,0,0,65535_65535,0,3,110840,255,1,1,0,34,0,28,1,1,pre_allocation
40,6063,greenran_normal,0,0,65535_65535,0,3,110840,262,1,1,1,35,262,28,1,1,allocated
40,6063,greenran_normal,0,0,65535_65535,0,4,112381,184,1,1,0,35,0,22,1,1,pre_allocation
40,6063,greenran_normal,0,0,65535_65535,0,4,112381,190,1,1,1,36,190,22,1,1,allocated
40,6063,greenran_normal,0,0,65535_65535,0,1,110865,242,1,1,0,35,0,26,1,1,pre_allocation
40,6063,greenran_normal,0,0,65535_65535,0,1,110865,249,1,1,1,36,249,26,1,1,allocated
40,6063,greenran_normal,0,0,65535_65535,2,38,3554114,0,1,1,0,0,0,15,1,1,pre_allocation
40,6063,greenran_normal,0,0,65535_65535,2,38,3554114,2,1,1,1,1,2,15,1,1,allocated
40,6063,greenran_normal,0,0,65535_65535,2,60,3553857,0,1,1,0,0,0,14,1,1,pre_allocation
40,6063,greenran_normal,0,0,65535_65535,2,60,3553857,2,1,1,1,1,2,14,1,1,allocated
40,6063,greenran_normal,0,0,65535_65535,2,64,3553698,0,1,1,0,0,0,18,1,1,pre_allocation
40,6063,greenran_normal,0,0,65535_65535,2,64,3553698,0,1,1,1,1,0,18,1,1,allocated
40,6063,greenran_normal,0,0,65535_65535,2,43,3553286,0,1,1,0,0,0,16,1,1,pre_allocation
40,6063,greenran_normal,0,0,65535_65535,2,43,3553286,0,1,1,1,1,0,16,1,1,allocated
40,6063,greenran_normal,0,0,65535_65535,2,42,3552824,0,1,1,0,0,0,22,1,1,pre_allocation
40,6063,greenran_normal,0,0,65535_65535,2,42,3552824,2,1,1,1,1,2,22,1,1,allocated
40,6063,greenran_normal,0,0,65535_65535,2,59,3552470,0,1,1,0,0,0,26,1,1,pre_allocation
40,6063,greenran_normal,0,0,65535_65535,2,59,3552470,4,1,1,1,1,4,26,1,1,allocated
40,6063,greenran_normal,0,0,65535_65535,2,36,3552461,0,1,1,0,0,0,26,1,1,pre_allocation
40,6063,greenran_normal,0,0,65535_65535,2,36,3552461,4,1,1,1,1,4,26,1,1,allocated
40,6063,greenran_normal,0,0,65535_65535,2,39,3552413,0,1,1,0,0,0,28,1,1,pre_allocation
40,6063,greenran_normal,0,0,65535_65535,2,39,3552413,4,1,1,1,1,4,28,1,1,allocated
40,6063,greenran_normal,0,0,65535_65535,2,58,3552474,0,1,1,0,0,0,28,1,1,pre_allocation
40,6063,greenran_normal,0,0,65535_65535,2,58,3552474,4,1,1,1,1,4,28,1,1,allocated
40,6063,greenran_normal,0,0,65535_65535,2,63,3552399,0,1,1,0,0,0,28,1,1,pre_allocation
40,6063,greenran_normal,0,0,65535_65535,2,63,3552399,4,1,1,1,1,4,28,1,1,allocated
40,6063,greenran_normal,0,0,65535_65535,2,37,3552398,0,1,1,0,0,0,28,1,1,pre_allocation
40,6063,greenran_normal,0,0,65535_65535,2,37,3552398,4,1,1,1,1,4,28,1,1,allocated
40,6063,greenran_normal,0,0,65535_65535,2,35,3552395,0,1,1,0,0,0,28,1,1,pre_allocation
40,6063,greenran_normal,0,0,65535_65535,2,35,3552395,4,1,1,1,1,4,28,1,1,allocated
40,6063,greenran_normal,0,0,65535_65535,2,44,3552395,0,1,1,0,0,0,28,1,1,pre_allocation
40,6063,greenran_normal,0,0,65535_65535,2,44,3552395,4,1,1,1,1,4,28,1,1,allocated
40,6063,greenran_normal,0,0,65535_65535,2,55,3552395,0,1,1,0,0,0,28,1,1,pre_allocation
40,6063,greenran_normal,0,0,65535_65535,2,55,3552395,4,1,1,1,1,4,28,1,1,allocated
40,6063,greenran_normal,0,0,65535_65535,2,56,3552395,0,1,1,0,0,0,28,1,1,pre_allocation
40,6063,greenran_normal,0,0,65535_65535,2,56,3552395,4,1,1,1,1,4,28,1,1,allocated
40,6063,greenran_normal,0,0,65535_65535,2,57,3552395,0,1,1,0,0,0,28,1,1,pre_allocation
40,6063,greenran_normal,0,0,65535_65535,2,57,3552395,4,1,1,1,1,4,28,1,1,allocated
40,6063,greenran_normal,0,0,65535_65535,2,40,3552397,0,1,1,0,0,0,28,1,1,pre_allocation
40,6063,greenran_normal,0,0,65535_65535,2,40,3552397,4,1,1,1,1,4,28,1,1,allocated
40,6063,greenran_normal,0,0,65535_65535,2,41,3552397,0,1,1,0,0,0,28,1,1,pre_allocation
40,6063,greenran_normal,0,0,65535_65535,2,41,3552397,4,1,1,1,1,4,28,1,1,allocated
40,6063,greenran_normal,0,0,65535_65535,2,62,3552393,0,1,1,0,0,0,28,1,1,pre_allocation
40,6063,greenran_normal,0,0,65535_65535,2,62,3552393,4,1,1,1,1,4,28,1,1,allocated
40,6063,greenran_normal,0,0,65535_65535,2,61,3552393,0,1,1,0,0,0,28,1,1,pre_allocation
40,6063,greenran_normal,0,0,65535_65535,2,61,3552393,4,1,1,1,1,4,28,1,1,allocated
40,6063,greenran_normal,0,0,65535_65535,2,38,3554114,2,1,1,0,1,0,15,1,1,pre_allocation
40,6063,greenran_normal,0,0,65535_65535,2,38,3554114,2,1,1,1,2,2,15,1,1,allocated
40,6063,greenran_normal,0,0,65535_65535,2,60,3553857,2,1,1,0,1,0,14,1,1,pre_allocation
40,6063,greenran_normal,0,0,65535_65535,2,60,3553857,2,1,1,1,2,2,14,1,1,allocated
40,6063,greenran_normal,0,0,65535_65535,2,64,3553698,0,1,1,0,1,0,18,1,1,pre_allocation
40,6063,greenran_normal,0,0,65535_65535,2,64,3553698,4,1,1,1,2,4,18,1,1,allocated
40,6063,greenran_normal,0,0,65535_65535,2,43,3553286,0,1,1,0,1,0,16,1,1,pre_allocation
40,6063,greenran_normal,0,0,65535_65535,2,43,3553286,3,1,1,1,2,3,16,1,1,allocated
40,6063,greenran_normal,0,0,65535_65535,2,42,3552824,2,1,1,0,1,0,22,1,1,pre_allocation
40,6063,greenran_normal,0,0,65535_65535,2,42,3552824,7,1,1,1,2,7,22,1,1,allocated
40,6063,greenran_normal,0,0,65535_65535,2,59,3552470,4,1,1,0,1,0,26,1,1,pre_allocation
40,6063,greenran_normal,0,0,65535_65535,2,59,3552470,11,1,1,1,2,11,26,1,1,allocated
40,6063,greenran_normal,0,0,65535_65535,2,36,3552461,4,1,1,0,1,0,26,1,1,pre_allocation
40,6063,greenran_normal,0,0,65535_65535,2,36,3552461,11,1,1,1,2,11,26,1,1,allocated
40,6063,greenran_normal,0,0,65535_65535,2,39,3552413,4,1,1,0,1,0,28,1,1,pre_allocation
40,6063,greenran_normal,0,0,65535_65535,2,39,3552413,12,1,1,1,2,12,28,1,1,allocated
40,6063,greenran_normal,0,0,65535_65535,2,58,3552474,4,1,1,0,1,0,28,1,1,pre_allocation
40,6063,greenran_normal,0,0,65535_65535,2,58,3552474,12,1,1,1,2,12,28,1,1,allocated
40,6063,greenran_normal,0,0,65535_65535,2,63,3552399,4,1,1,0,1,0,28,1,1,pre_allocation
40,6063,greenran_normal,0,0,65535_65535,2,63,3552399,12,1,1,1,2,12,28,1,1,allocated
40,6063,greenran_normal,0,0,65535_65535,2,37,3552398,4,1,1,0,1,0,28,1,1,pre_allocation
40,6063,greenran_normal,0,0,65535_65535,2,37,3552398,12,1,1,1,2,12,28,1,1,allocated
40,6063,greenran_normal,0,0,65535_65535,2,35,3552395,4,1,1,0,1,0,28,1,1,pre_allocation
40,6063,greenran_normal,0,0,65535_65535,2,35,3552395,12,1,1,1,2,12,28,1,1,allocated
40,6063,greenran_normal,0,0,65535_65535,2,44,3552395,4,1,1,0,1,0,28,1,1,pre_allocation
40,6063,greenran_normal,0,0,65535_65535,2,44,3552395,12,1,1,1,2,12,28,1,1,allocated
40,6063,greenran_normal,0,0,65535_65535,2,55,3552395,4,1,1,0,1,0,28,1,1,pre_allocation
40,6063,greenran_normal,0,0,65535_65535,2,55,3552395,12,1,1,1,2,12,28,1,1,allocated
40,6063,greenran_normal,0,0,65535_65535,2,56,3552395,4,1,1,0,1,0,28,1,1,pre_allocation
40,6063,greenran_normal,0,0,65535_65535,2,56,3552395,12,1,1,1,2,12,28,1,1,allocated
40,6063,greenran_normal,0,0,65535_65535,2,57,3552395,4,1,1,0,1,0,28,1,1,pre_allocation
40,6063,greenran_normal,0,0,65535_65535,2,57,3552395,12,1,1,1,2,12,28,1,1,allocated
40,6063,greenran_normal,0,0,65535_65535,2,40,3552397,4,1,1,0,1,0,28,1,1,pre_allocation
40,6063,greenran_normal,0,0,65535_65535,2,40,3552397,12,1,1,1,2,12,28,1,1,allocated
40,6063,greenran_normal,0,0,65535_65535,2,41,3552397,4,1,1,0,1,0,28,1,1,pre_allocation
40,6063,greenran_normal,0,0,65535_65535,2,41,3552397,12,1,1,1,2,12,28,1,1,allocated
40,6063,greenran_normal,0,0,65535_65535,2,62,3552393,4,1,1,0,1,0,28,1,1,pre_allocation
40,6063,greenran_normal,0,0,65535_65535,2,62,3552393,12,1,1,1,2,12,28,1,1,allocated
40,6063,greenran_normal,0,0,65535_65535,2,61,3552393,4,1,1,0,1,0,28,1,1,pre_allocation
40,6063,greenran_normal,0,0,65535_65535,2,61,3552393,12,1,1,1,2,12,28,1,1,allocated
40,6063,greenran_normal,0,0,65535_65535,2,38,3554114,2,1,1,0,2,0,15,1,1,pre_allocation
40,6063,greenran_normal,0,0,65535_65535,2,38,3554114,5,1,1,1,3,5,15,1,1,allocated
40,6063,greenran_normal,0,0,65535_65535,2,60,3553857,2,1,1,0,2,0,14,1,1,pre_allocation
40,6063,greenran_normal,0,0,65535_65535,2,60,3553857,4,1,1,1,3,4,14,1,1,allocated
40,6063,greenran_normal,0,0,65535_65535,2,64,3553698,4,1,1,0,2,0,18,1,1,pre_allocation
40,6063,greenran_normal,0,0,65535_65535,2,64,3553698,8,1,1,1,3,8,18,1,1,allocated
40,6063,greenran_normal,0,0,65535_65535,2,43,3553286,3,1,1,0,2,0,16,1,1,pre_allocation
40,6063,greenran_normal,0,0,65535_65535,2,43,3553286,6,1,1,1,3,6,16,1,1,allocated
40,6063,greenran_normal,0,0,65535_65535,2,42,3552824,7,1,1,0,2,0,22,1,1,pre_allocation
40,6063,greenran_normal,0,0,65535_65535,2,42,3552824,13,1,1,1,3,13,22,1,1,allocated
40,6063,greenran_normal,0,0,65535_65535,2,59,3552470,11,1,1,0,2,0,26,1,1,pre_allocation
40,6063,greenran_normal,0,0,65535_65535,2,59,3552470,18,1,1,1,3,18,26,1,1,allocated
40,6063,greenran_normal,0,0,65535_65535,2,36,3552461,11,1,1,0,2,0,26,1,1,pre_allocation
40,6063,greenran_normal,0,0,65535_65535,2,36,3552461,18,1,1,1,3,18,26,1,1,allocated
40,6063,greenran_normal,0,0,65535_65535,2,39,3552413,12,1,1,0,2,0,28,1,1,pre_allocation
40,6063,greenran_normal,0,0,65535_65535,2,39,3552413,19,1,1,1,3,19,28,1,1,allocated
40,6063,greenran_normal,0,0,65535_65535,2,58,3552474,12,1,1,0,2,0,28,1,1,pre_allocation
40,6063,greenran_normal,0,0,65535_65535,2,58,3552474,19,1,1,1,3,19,28,1,1,allocated
40,6063,greenran_normal,0,0,65535_65535,2,63,3552399,12,1,1,0,2,0,28,1,1,pre_allocation
40,6063,greenran_normal,0,0,65535_65535,2,63,3552399,19,1,1,1,3,19,28,1,1,allocated
40,6063,greenran_normal,0,0,65535_65535,2,37,3552398,12,1,1,0,2,0,28,1,1,pre_allocation
40,6063,greenran_normal,0,0,65535_65535,2,37,3552398,19,1,1,1,3,19,28,1,1,allocated
40,6063,greenran_normal,0,0,65535_65535,2,35,3552395,12,1,1,0,2,0,28,1,1,pre_allocation
40,6063,greenran_normal,0,0,65535_65535,2,35,3552395,19,1,1,1,3,19,28,1,1,allocated
40,6063,greenran_normal,0,0,65535_65535,2,44,3552395,12,1,1,0,2,0,28,1,1,pre_allocation
40,6063,greenran_normal,0,0,65535_65535,2,44,3552395,19,1,1,1,3,19,28,1,1,allocated
40,6063,greenran_normal,0,0,65535_65535,2,55,3552395,12,1,1,0,2,0,28,1,1,pre_allocation
40,6063,greenran_normal,0,0,65535_65535,2,55,3552395,19,1,1,1,3,19,28,1,1,allocated
40,6063,greenran_normal,0,0,65535_65535,2,56,3552395,12,1,1,0,2,0,28,1,1,pre_allocation
40,6063,greenran_normal,0,0,65535_65535,2,56,3552395,19,1,1,1,3,19,28,1,1,allocated
40,6063,greenran_normal,0,0,65535_65535,2,57,3552395,12,1,1,0,2,0,28,1,1,pre_allocation
40,6063,greenran_normal,0,0,65535_65535,2,57,3552395,19,1,1,1,3,19,28,1,1,allocated
40,6063,greenran_normal,0,0,65535_65535,2,40,3552397,12,1,1,0,2,0,28,1,1,pre_allocation
40,6063,greenran_normal,0,0,65535_65535,2,40,3552397,19,1,1,1,3,19,28,1,1,allocated
40,6063,greenran_normal,0,0,65535_65535,2,41,3552397,12,1,1,0,2,0,28,1,1,pre_allocation
40,6063,greenran_normal,0,0,65535_65535,2,41,3552397,19,1,1,1,3,19,28,1,1,allocated
40,6063,greenran_normal,0,0,65535_65535,2,62,3552393,12,1,1,0,2,0,28,1,1,pre_allocation
40,6063,greenran_normal,0,0,65535_65535,2,62,3552393,19,1,1,1,3,19,28,1,1,allocated
40,6063,greenran_normal,0,0,65535_65535,2,61,3552393,12,1,1,0,2,0,28,1,1,pre_allocation
40,6063,greenran_normal,0,0,65535_65535,2,61,3552393,19,1,1,1,3,19,28,1,1,allocated
40,6063,greenran_normal,0,0,65535_65535,2,38,3554114,5,1,1,0,3,0,15,1,1,pre_allocation
40,6063,greenran_normal,0,0,65535_65535,2,38,3554114,8,1,1,1,4,8,15,1,1,allocated
40,6063,greenran_normal,0,0,65535_65535,2,60,3553857,4,1,1,0,3,0,14,1,1,pre_allocation
40,6063,greenran_normal,0,0,65535_65535,2,60,3553857,7,1,1,1,4,7,14,1,1,allocated
40,6063,greenran_normal,0,0,65535_65535,2,64,3553698,8,1,1,0,3,0,18,1,1,pre_allocation
40,6063,greenran_normal,0,0,65535_65535,2,64,3553698,11,1,1,1,4,11,18,1,1,allocated
40,6063,greenran_normal,0,0,65535_65535,2,43,3553286,6,1,1,0,3,0,16,1,1,pre_allocation
40,6063,greenran_normal,0,0,65535_65535,2,43,3553286,10,1,1,1,4,10,16,1,1,allocated
40,6063,greenran_normal,0,0,65535_65535,2,42,3552824,13,1,1,0,3,0,22,1,1,pre_allocation
40,6063,greenran_normal,0,0,65535_65535,2,42,3552824,18,1,1,1,4,18,22,1,1,allocated
40,6063,greenran_normal,0,0,65535_65535,2,59,3552470,18,1,1,0,3,0,26,1,1,pre_allocation
40,6063,greenran_normal,0,0,65535_65535,2,59,3552470,25,1,1,1,4,25,26,1,1,allocated
40,6063,greenran_normal,0,0,65535_65535,2,36,3552461,18,1,1,0,3,0,26,1,1,pre_allocation
40,6063,greenran_normal,0,0,65535_65535,2,36,3552461,25,1,1,1,4,25,26,1,1,allocated
40,6063,greenran_normal,0,0,65535_65535,2,39,3552413,19,1,1,0,3,0,28,1,1,pre_allocation
40,6063,greenran_normal,0,0,65535_65535,2,39,3552413,27,1,1,1,4,27,28,1,1,allocated
40,6063,greenran_normal,0,0,65535_65535,2,58,3552474,19,1,1,0,3,0,28,1,1,pre_allocation
40,6063,greenran_normal,0,0,65535_65535,2,58,3552474,27,1,1,1,4,27,28,1,1,allocated
40,6063,greenran_normal,0,0,65535_65535,2,63,3552399,19,1,1,0,3,0,28,1,1,pre_allocation
40,6063,greenran_normal,0,0,65535_65535,2,63,3552399,27,1,1,1,4,27,28,1,1,allocated
40,6063,greenran_normal,0,0,65535_65535,2,37,3552398,19,1,1,0,3,0,28,1,1,pre_allocation
40,6063,greenran_normal,0,0,65535_65535,2,37,3552398,27,1,1,1,4,27,28,1,1,allocated
40,6063,greenran_normal,0,0,65535_65535,2,35,3552395,19,1,1,0,3,0,28,1,1,pre_allocation
40,6063,greenran_normal,0,0,65535_65535,2,35,3552395,27,1,1,1,4,27,28,1,1,allocated
40,6063,greenran_normal,0,0,65535_65535,2,44,3552395,19,1,1,0,3,0,28,1,1,pre_allocation
40,6063,greenran_normal,0,0,65535_65535,2,44,3552395,27,1,1,1,4,27,28,1,1,allocated
40,6063,greenran_normal,0,0,65535_65535,2,55,3552395,19,1,1,0,3,0,28,1,1,pre_allocation
40,6063,greenran_normal,0,0,65535_65535,2,55,3552395,27,1,1,1,4,27,28,1,1,allocated
40,6063,greenran_normal,0,0,65535_65535,2,56,3552395,19,1,1,0,3,0,28,1,1,pre_allocation
40,6063,greenran_normal,0,0,65535_65535,2,56,3552395,27,1,1,1,4,27,28,1,1,allocated
40,6063,greenran_normal,0,0,65535_65535,2,57,3552395,19,1,1,0,3,0,28,1,1,pre_allocation
40,6063,greenran_normal,0,0,65535_65535,2,57,3552395,27,1,1,1,4,27,28,1,1,allocated
40,6063,greenran_normal,0,0,65535_65535,2,40,3552397,19,1,1,0,3,0,28,1,1,pre_allocation
40,6063,greenran_normal,0,0,65535_65535,2,40,3552397,27,1,1,1,4,27,28,1,1,allocated
40,6063,greenran_normal,0,0,65535_65535,2,41,3552397,19,1,1,0,3,0,28,1,1,pre_allocation
40,6063,greenran_normal,0,0,65535_65535,2,41,3552397,27,1,1,1,4,27,28,1,1,allocated
40,6063,greenran_normal,0,0,65535_65535,2,62,3552393,19,1,1,0,3,0,28,1,1,pre_allocation
40,6063,greenran_normal,0,0,65535_65535,2,62,3552393,27,1,1,1,4,27,28,1,1,allocated
40,6063,greenran_normal,0,0,65535_65535,2,61,3552393,19,1,1,0,3,0,28,1,1,pre_allocation
40,6063,greenran_normal,0,0,65535_65535,2,61,3552393,27,1,1,1,4,27,28,1,1,allocated
40,6063,greenran_normal,0,0,65535_65535,2,38,3554114,8,1,1,0,4,0,15,1,1,pre_allocation
40,6063,greenran_normal,0,0,65535_65535,2,38,3554114,11,1,1,1,5,11,15,1,1,allocated
40,6063,greenran_normal,0,0,65535_65535,2,60,3553857,7,1,1,0,4,0,14,1,1,pre_allocation
40,6063,greenran_normal,0,0,65535_65535,2,60,3553857,10,1,1,1,5,10,14,1,1,allocated
40,6063,greenran_normal,0,0,65535_65535,2,64,3553698,11,1,1,0,4,0,18,1,1,pre_allocation
40,6063,greenran_normal,0,0,65535_65535,2,64,3553698,15,1,1,1,5,15,18,1,1,allocated
40,6063,greenran_normal,0,0,65535_65535,2,43,3553286,10,1,1,0,4,0,16,1,1,pre_allocation
40,6063,greenran_normal,0,0,65535_65535,2,43,3553286,13,1,1,1,5,13,16,1,1,allocated
40,6063,greenran_normal,0,0,65535_65535,2,42,3552824,18,1,1,0,4,0,22,1,1,pre_allocation
40,6063,greenran_normal,0,0,65535_65535,2,42,3552824,23,1,1,1,5,23,22,1,1,allocated
40,6063,greenran_normal,0,0,65535_65535,2,59,3552470,25,1,1,0,4,0,26,1,1,pre_allocation
40,6063,greenran_normal,0,0,65535_65535,2,59,3552470,32,1,1,1,5,32,26,1,1,allocated
40,6063,greenran_normal,0,0,65535_65535,2,36,3552461,25,1,1,0,4,0,26,1,1,pre_allocation
40,6063,greenran_normal,0,0,65535_65535,2,36,3552461,32,1,1,1,5,32,26,1,1,allocated
40,6063,greenran_normal,0,0,65535_65535,2,39,3552413,27,1,1,0,4,0,28,1,1,pre_allocation
40,6063,greenran_normal,0,0,65535_65535,2,39,3552413,34,1,1,1,5,34,28,1,1,allocated
40,6063,greenran_normal,0,0,65535_65535,2,58,3552474,27,1,1,0,4,0,28,1,1,pre_allocation
40,6063,greenran_normal,0,0,65535_65535,2,58,3552474,34,1,1,1,5,34,28,1,1,allocated
43,6196,greenran_normal,0,0,65535_65535,0,4,114756,0,1,1,0,0,0,24,1,1,pre_allocation
43,6196,greenran_normal,0,0,65535_65535,0,4,114756,3,1,1,1,1,3,24,1,1,allocated
43,6196,greenran_normal,0,0,65535_65535,0,1,113032,0,1,1,0,0,0,28,1,1,pre_allocation
43,6196,greenran_normal,0,0,65535_65535,0,1,113032,4,1,1,1,1,4,28,1,1,allocated
43,6196,greenran_normal,0,0,65535_65535,0,5,113011,0,1,1,0,0,0,28,1,1,pre_allocation
43,6196,greenran_normal,0,0,65535_65535,0,5,113011,4,1,1,1,1,4,28,1,1,allocated
43,6196,greenran_normal,0,0,65535_65535,0,3,113009,0,1,1,0,0,0,28,1,1,pre_allocation
43,6196,greenran_normal,0,0,65535_65535,0,3,113009,4,1,1,1,1,4,28,1,1,allocated
43,6196,greenran_normal,0,0,65535_65535,0,2,113007,0,1,1,0,0,0,28,1,1,pre_allocation
43,6196,greenran_normal,0,0,65535_65535,0,2,113007,4,1,1,1,1,4,28,1,1,allocated
43,6196,greenran_normal,0,0,65535_65535,0,4,114756,3,1,1,0,1,0,24,1,1,pre_allocation
43,6196,greenran_normal,0,0,65535_65535,0,4,114756,9,1,1,1,2,9,24,1,1,allocated
43,6196,greenran_normal,0,0,65535_65535,0,1,113032,4,1,1,0,1,0,28,1,1,pre_allocation
43,6196,greenran_normal,0,0,65535_65535,0,1,113032,12,1,1,1,2,12,28,1,1,allocated
43,6196,greenran_normal,0,0,65535_65535,0,5,113011,4,1,1,0,1,0,28,1,1,pre_allocation
43,6196,greenran_normal,0,0,65535_65535,0,5,113011,12,1,1,1,2,12,28,1,1,allocated
43,6196,greenran_normal,0,0,65535_65535,0,3,113009,4,1,1,0,1,0,28,1,1,pre_allocation
43,6196,greenran_normal,0,0,65535_65535,0,3,113009,12,1,1,1,2,12,28,1,1,allocated
43,6196,greenran_normal,0,0,65535_65535,0,2,113007,4,1,1,0,1,0,28,1,1,pre_allocation
43,6196,greenran_normal,0,0,65535_65535,0,2,113007,12,1,1,1,2,12,28,1,1,allocated
43,6196,greenran_normal,0,0,65535_65535,0,4,114756,9,1,1,0,2,0,24,1,1,pre_allocation
43,6196,greenran_normal,0,0,65535_65535,0,4,114756,15,1,1,1,3,15,24,1,1,allocated
43,6196,greenran_normal,0,0,65535_65535,0,1,113032,12,1,1,0,2,0,28,1,1,pre_allocation
43,6196,greenran_normal,0,0,65535_65535,0,1,113032,19,1,1,1,3,19,28,1,1,allocated
43,6196,greenran_normal,0,0,65535_65535,0,5,113011,12,1,1,0,2,0,28,1,1,pre_allocation
43,6196,greenran_normal,0,0,65535_65535,0,5,113011,19,1,1,1,3,19,28,1,1,allocated
43,6196,greenran_normal,0,0,65535_65535,0,3,113009,12,1,1,0,2,0,28,1,1,pre_allocation
43,6196,greenran_normal,0,0,65535_65535,0,3,113009,19,1,1,1,3,19,28,1,1,allocated
43,6196,greenran_normal,0,0,65535_65535,0,2,113007,12,1,1,0,2,0,28,1,1,pre_allocation
43,6196,greenran_normal,0,0,65535_65535,0,2,113007,19,1,1,1,3,19,28,1,1,allocated
43,6196,greenran_normal,0,0,65535_65535,0,4,114756,15,1,1,0,3,0,24,1,1,pre_allocation
43,6196,greenran_normal,0,0,65535_65535,0,4,114756,21,1,1,1,4,21,24,1,1,allocated
43,6196,greenran_normal,0,0,65535_65535,0,1,113032,19,1,1,0,3,0,28,1,1,pre_allocation
43,6196,greenran_normal,0,0,65535_65535,0,1,113032,27,1,1,1,4,27,28,1,1,allocated
43,6196,greenran_normal,0,0,65535_65535,0,5,113011,19,1,1,0,3,0,28,1,1,pre_allocation
43,6196,greenran_normal,0,0,65535_65535,0,5,113011,27,1,1,1,4,27,28,1,1,allocated
43,6196,greenran_normal,0,0,65535_65535,0,3,113009,19,1,1,0,3,0,28,1,1,pre_allocation
43,6196,greenran_normal,0,0,65535_65535,0,3,113009,27,1,1,1,4,27,28,1,1,allocated
43,6196,greenran_normal,0,0,65535_65535,0,2,113007,19,1,1,0,3,0,28,1,1,pre_allocation
43,6196,greenran_normal,0,0,65535_65535,0,2,113007,27,1,1,1,4,27,28,1,1,allocated
43,6196,greenran_normal,0,0,65535_65535,0,4,114756,21,1,1,0,4,0,24,1,1,pre_allocation
43,6196,greenran_normal,0,0,65535_65535,0,4,114756,27,1,1,1,5,27,24,1,1,allocated
43,6196,greenran_normal,0,0,65535_65535,0,1,113032,27,1,1,0,4,0,28,1,1,pre_allocation
43,6196,greenran_normal,0,0,65535_65535,0,1,113032,34,1,1,1,5,34,28,1,1,allocated
43,6196,greenran_normal,0,0,65535_65535,0,5,113011,27,1,1,0,4,0,28,1,1,pre_allocation
43,6196,greenran_normal,0,0,65535_65535,0,5,113011,34,1,1,1,5,34,28,1,1,allocated
43,6196,greenran_normal,0,0,65535_65535,0,3,113009,27,1,1,0,4,0,28,1,1,pre_allocation
43,6196,greenran_normal,0,0,65535_65535,0,3,113009,34,1,1,1,5,34,28,1,1,allocated
43,6196,greenran_normal,0,0,65535_65535,0,2,113007,27,1,1,0,4,0,28,1,1,pre_allocation
43,6196,greenran_normal,0,0,65535_65535,0,2,113007,34,1,1,1,5,34,28,1,1,allocated
43,6196,greenran_normal,0,0,65535_65535,0,4,114756,27,1,1,0,5,0,24,1,1,pre_allocation
43,6196,greenran_normal,0,0,65535_65535,0,4,114756,34,1,1,1,6,34,24,1,1,allocated
43,6196,greenran_normal,0,0,65535_65535,0,1,113032,34,1,1,0,5,0,28,1,1,pre_allocation
43,6196,greenran_normal,0,0,65535_65535,0,1,113032,42,1,1,1,6,42,28,1,1,allocated
43,6196,greenran_normal,0,0,65535_65535,0,5,113011,34,1,1,0,5,0,28,1,1,pre_allocation
43,6196,greenran_normal,0,0,65535_65535,0,5,113011,42,1,1,1,6,42,28,1,1,allocated
43,6196,greenran_normal,0,0,65535_65535,0,3,113009,34,1,1,0,5,0,28,1,1,pre_allocation
43,6196,greenran_normal,0,0,65535_65535,0,3,113009,42,1,1,1,6,42,28,1,1,allocated
43,6196,greenran_normal,0,0,65535_65535,0,2,113007,34,1,1,0,5,0,28,1,1,pre_allocation
43,6196,greenran_normal,0,0,65535_65535,0,2,113007,42,1,1,1,6,42,28,1,1,allocated
43,6196,greenran_normal,0,0,65535_65535,0,4,114756,34,1,1,0,6,0,24,1,1,pre_allocation
43,6196,greenran_normal,0,0,65535_65535,0,4,114756,40,1,1,1,7,40,24,1,1,allocated
43,6196,greenran_normal,0,0,65535_65535,0,1,113032,42,1,1,0,6,0,28,1,1,pre_allocation
43,6196,greenran_normal,0,0,65535_65535,0,1,113032,50,1,1,1,7,50,28,1,1,allocated
43,6196,greenran_normal,0,0,65535_65535,0,5,113011,42,1,1,0,6,0,28,1,1,pre_allocation
43,6196,greenran_normal,0,0,65535_65535,0,5,113011,50,1,1,1,7,50,28,1,1,allocated
43,6196,greenran_normal,0,0,65535_65535,0,3,113009,42,1,1,0,6,0,28,1,1,pre_allocation
43,6196,greenran_normal,0,0,65535_65535,0,3,113009,50,1,1,1,7,50,28,1,1,allocated
43,6196,greenran_normal,0,0,65535_65535,0,2,113007,42,1,1,0,6,0,28,1,1,pre_allocation
43,6196,greenran_normal,0,0,65535_65535,0,2,113007,50,1,1,1,7,50,28,1,1,allocated
43,6196,greenran_normal,0,0,65535_65535,0,4,114756,40,1,1,0,7,0,24,1,1,pre_allocation
43,6196,greenran_normal,0,0,65535_65535,0,4,114756,46,1,1,1,8,46,24,1,1,allocated
43,6196,greenran_normal,0,0,65535_65535,0,1,113032,50,1,1,0,7,0,28,1,1,pre_allocation
43,6196,greenran_normal,0,0,65535_65535,0,1,113032,57,1,1,1,8,57,28,1,1,allocated
43,6196,greenran_normal,0,0,65535_65535,0,5,113011,50,1,1,0,7,0,28,1,1,pre_allocation
43,6196,greenran_normal,0,0,65535_65535,0,5,113011,57,1,1,1,8,57,28,1,1,allocated
43,6196,greenran_normal,0,0,65535_65535,0,3,113009,50,1,1,0,7,0,28,1,1,pre_allocation
43,6196,greenran_normal,0,0,65535_65535,0,3,113009,57,1,1,1,8,57,28,1,1,allocated
43,6196,greenran_normal,0,0,65535_65535,0,2,113007,50,1,1,0,7,0,28,1,1,pre_allocation
43,6196,greenran_normal,0,0,65535_65535,0,2,113007,57,1,1,1,8,57,28,1,1,allocated
43,6196,greenran_normal,0,0,65535_65535,0,4,114756,46,1,1,0,8,0,24,1,1,pre_allocation
43,6196,greenran_normal,0,0,65535_65535,0,4,114756,52,1,1,1,9,52,24,1,1,allocated
43,6196,greenran_normal,0,0,65535_65535,0,1,113032,57,1,1,0,8,0,28,1,1,pre_allocation
43,6196,greenran_normal,0,0,65535_65535,0,1,113032,65,1,1,1,9,65,28,1,1,allocated
43,6196,greenran_normal,0,0,65535_65535,0,5,113011,57,1,1,0,8,0,28,1,1,pre_allocation
43,6196,greenran_normal,0,0,65535_65535,0,5,113011,65,1,1,1,9,65,28,1,1,allocated
43,6196,greenran_normal,0,0,65535_65535,0,3,113009,57,1,1,0,8,0,28,1,1,pre_allocation
43,6196,greenran_normal,0,0,65535_65535,0,3,113009,65,1,1,1,9,65,28,1,1,allocated
43,6196,greenran_normal,0,0,65535_65535,0,2,113007,57,1,1,0,8,0,28,1,1,pre_allocation
43,6196,greenran_normal,0,0,65535_65535,0,2,113007,65,1,1,1,9,65,28,1,1,allocated
43,6196,greenran_normal,0,0,65535_65535,0,4,114756,52,1,1,0,9,0,24,1,1,pre_allocation
43,6196,greenran_normal,0,0,65535_65535,0,4,114756,58,1,1,1,10,58,24,1,1,allocated
43,6196,greenran_normal,0,0,65535_65535,0,1,113032,65,1,1,0,9,0,28,1,1,pre_allocation
43,6196,greenran_normal,0,0,65535_65535,0,1,113032,72,1,1,1,10,72,28,1,1,allocated
43,6196,greenran_normal,0,0,65535_65535,0,5,113011,65,1,1,0,9,0,28,1,1,pre_allocation
43,6196,greenran_normal,0,0,65535_65535,0,5,113011,72,1,1,1,10,72,28,1,1,allocated
43,6196,greenran_normal,0,0,65535_65535,0,3,113009,65,1,1,0,9,0,28,1,1,pre_allocation
43,6196,greenran_normal,0,0,65535_65535,0,3,113009,72,1,1,1,10,72,28,1,1,allocated
43,6196,greenran_normal,0,0,65535_65535,0,2,113007,65,1,1,0,9,0,28,1,1,pre_allocation
43,6196,greenran_normal,0,0,65535_65535,0,2,113007,72,1,1,1,10,72,28,1,1,allocated
43,6196,greenran_normal,0,0,65535_65535,0,4,114756,58,1,1,0,10,0,24,1,1,pre_allocation
43,6196,greenran_normal,0,0,65535_65535,0,4,114756,65,1,1,1,11,65,24,1,1,allocated
43,6196,greenran_normal,0,0,65535_65535,0,1,113032,72,1,1,0,10,0,28,1,1,pre_allocation
43,6196,greenran_normal,0,0,65535_65535,0,1,113032,80,1,1,1,11,80,28,1,1,allocated
43,6196,greenran_normal,0,0,65535_65535,0,5,113011,72,1,1,0,10,0,28,1,1,pre_allocation
43,6196,greenran_normal,0,0,65535_65535,0,5,113011,80,1,1,1,11,80,28,1,1,allocated
43,6196,greenran_normal,0,0,65535_65535,0,3,113009,72,1,1,0,10,0,28,1,1,pre_allocation
43,6196,greenran_normal,0,0,65535_65535,0,3,113009,80,1,1,1,11,80,28,1,1,allocated
43,6196,greenran_normal,0,0,65535_65535,0,2,113007,72,1,1,0,10,0,28,1,1,pre_allocation
43,6196,greenran_normal,0,0,65535_65535,0,2,113007,80,1,1,1,11,80,28,1,1,allocated
43,6196,greenran_normal,0,0,65535_65535,0,4,114756,65,1,1,0,11,0,24,1,1,pre_allocation
43,6196,greenran_normal,0,0,65535_65535,0,4,114756,71,1,1,1,12,71,24,1,1,allocated
43,6196,greenran_normal,0,0,65535_65535,0,1,113032,80,1,1,0,11,0,28,1,1,pre_allocation
43,6196,greenran_normal,0,0,65535_65535,0,1,113032,88,1,1,1,12,88,28,1,1,allocated
43,6196,greenran_normal,0,0,65535_65535,0,5,113011,80,1,1,0,11,0,28,1,1,pre_allocation
43,6196,greenran_normal,0,0,65535_65535,0,5,113011,88,1,1,1,12,88,28,1,1,allocated
43,6196,greenran_normal,0,0,65535_65535,0,3,113009,80,1,1,0,11,0,28,1,1,pre_allocation
43,6196,greenran_normal,0,0,65535_65535,0,3,113009,88,1,1,1,12,88,28,1,1,allocated
43,6196,greenran_normal,0,0,65535_65535,0,2,113007,80,1,1,0,11,0,28,1,1,pre_allocation
43,6196,greenran_normal,0,0,65535_65535,0,2,113007,88,1,1,1,12,88,28,1,1,allocated
43,6196,greenran_normal,0,0,65535_65535,0,4,114756,71,1,1,0,12,0,24,1,1,pre_allocation
43,6196,greenran_normal,0,0,65535_65535,0,4,114756,77,1,1,1,13,77,24,1,1,allocated
43,6196,greenran_normal,0,0,65535_65535,0,1,113032,88,1,1,0,12,0,28,1,1,pre_allocation
43,6196,greenran_normal,0,0,65535_65535,0,1,113032,95,1,1,1,13,95,28,1,1,allocated
43,6196,greenran_normal,0,0,65535_65535,0,5,113011,88,1,1,0,12,0,28,1,1,pre_allocation
43,6196,greenran_normal,0,0,65535_65535,0,5,113011,95,1,1,1,13,95,28,1,1,allocated
43,6196,greenran_normal,0,0,65535_65535,0,3,113009,88,1,1,0,12,0,28,1,1,pre_allocation
43,6196,greenran_normal,0,0,65535_65535,0,3,113009,95,1,1,1,13,95,28,1,1,allocated
43,6196,greenran_normal,0,0,65535_65535,0,2,113007,88,1,1,0,12,0,28,1,1,pre_allocation
43,6196,greenran_normal,0,0,65535_65535,0,2,113007,95,1,1,1,13,95,28,1,1,allocated
43,6196,greenran_normal,0,0,65535_65535,0,4,114756,77,1,1,0,13,0,24,1,1,pre_allocation
43,6196,greenran_normal,0,0,65535_65535,0,4,114756,83,1,1,1,14,83,24,1,1,allocated
43,6196,greenran_normal,0,0,65535_65535,0,1,113032,95,1,1,0,13,0,28,1,1,pre_allocation
43,6196,greenran_normal,0,0,65535_65535,0,1,113032,103,1,1,1,14,103,28,1,1,allocated
43,6196,greenran_normal,0,0,65535_65535,0,5,113011,95,1,1,0,13,0,28,1,1,pre_allocation
43,6196,greenran_normal,0,0,65535_65535,0,5,113011,103,1,1,1,14,103,28,1,1,allocated
43,6196,greenran_normal,0,0,65535_65535,0,3,113009,95,1,1,0,13,0,28,1,1,pre_allocation
43,6196,greenran_normal,0,0,65535_65535,0,3,113009,103,1,1,1,14,103,28,1,1,allocated
43,6196,greenran_normal,0,0,65535_65535,0,2,113007,95,1,1,0,13,0,28,1,1,pre_allocation
43,6196,greenran_normal,0,0,65535_65535,0,2,113007,103,1,1,1,14,103,28,1,1,allocated
43,6196,greenran_normal,0,0,65535_65535,0,4,114756,83,1,1,0,14,0,24,1,1,pre_allocation
43,6196,greenran_normal,0,0,65535_65535,0,4,114756,89,1,1,1,15,89,24,1,1,allocated
43,6196,greenran_normal,0,0,65535_65535,0,1,113032,103,1,1,0,14,0,28,1,1,pre_allocation
43,6196,greenran_normal,0,0,65535_65535,0,1,113032,110,1,1,1,15,110,28,1,1,allocated
43,6196,greenran_normal,0,0,65535_65535,0,5,113011,103,1,1,0,14,0,28,1,1,pre_allocation
43,6196,greenran_normal,0,0,65535_65535,0,5,113011,110,1,1,1,15,110,28,1,1,allocated
43,6196,greenran_normal,0,0,65535_65535,0,3,113009,103,1,1,0,14,0,28,1,1,pre_allocation
43,6196,greenran_normal,0,0,65535_65535,0,3,113009,110,1,1,1,15,110,28,1,1,allocated
43,6196,greenran_normal,0,0,65535_65535,0,2,113007,103,1,1,0,14,0,28,1,1,pre_allocation
43,6196,greenran_normal,0,0,65535_65535,0,2,113007,110,1,1,1,15,110,28,1,1,allocated
43,6196,greenran_normal,0,0,65535_65535,0,4,114756,89,1,1,0,15,0,24,1,1,pre_allocation
43,6196,greenran_normal,0,0,65535_65535,0,4,114756,96,1,1,1,16,96,24,1,1,allocated
43,6196,greenran_normal,0,0,65535_65535,0,1,113032,110,1,1,0,15,0,28,1,1,pre_allocation
43,6196,greenran_normal,0,0,65535_65535,0,1,113032,118,1,1,1,16,118,28,1,1,allocated
43,6196,greenran_normal,0,0,65535_65535,0,5,113011,110,1,1,0,15,0,28,1,1,pre_allocation
43,6196,greenran_normal,0,0,65535_65535,0,5,113011,118,1,1,1,16,118,28,1,1,allocated
43,6196,greenran_normal,0,0,65535_65535,0,3,113009,110,1,1,0,15,0,28,1,1,pre_allocation
43,6196,greenran_normal,0,0,65535_65535,0,3,113009,118,1,1,1,16,118,28,1,1,allocated
43,6196,greenran_normal,0,0,65535_65535,0,2,113007,110,1,1,0,15,0,28,1,1,pre_allocation
43,6196,greenran_normal,0,0,65535_65535,0,2,113007,118,1,1,1,16,118,28,1,1,allocated
43,6196,greenran_normal,0,0,65535_65535,0,4,114756,96,1,1,0,16,0,24,1,1,pre_allocation
43,6196,greenran_normal,0,0,65535_65535,0,4,114756,102,1,1,1,17,102,24,1,1,allocated
43,6196,greenran_normal,0,0,65535_65535,0,1,113032,118,1,1,0,16,0,28,1,1,pre_allocation
43,6196,greenran_normal,0,0,65535_65535,0,1,113032,126,1,1,1,17,126,28,1,1,allocated
43,6196,greenran_normal,0,0,65535_65535,0,5,113011,118,1,1,0,16,0,28,1,1,pre_allocation
43,6196,greenran_normal,0,0,65535_65535,0,5,113011,126,1,1,1,17,126,28,1,1,allocated
43,6196,greenran_normal,0,0,65535_65535,0,3,113009,118,1,1,0,16,0,28,1,1,pre_allocation
43,6196,greenran_normal,0,0,65535_65535,0,3,113009,126,1,1,1,17,126,28,1,1,allocated
43,6196,greenran_normal,0,0,65535_65535,0,2,113007,118,1,1,0,16,0,28,1,1,pre_allocation
43,6196,greenran_normal,0,0,65535_65535,0,2,113007,126,1,1,1,17,126,28,1,1,allocated
43,6196,greenran_normal,0,0,65535_65535,0,4,114756,102,1,1,0,17,0,24,1,1,pre_allocation
43,6196,greenran_normal,0,0,65535_65535,0,4,114756,108,1,1,1,18,108,24,1,1,allocated
43,6196,greenran_normal,0,0,65535_65535,0,1,113032,126,1,1,0,17,0,28,1,1,pre_allocation
43,6196,greenran_normal,0,0,65535_65535,0,1,113032,133,1,1,1,18,133,28,1,1,allocated
43,6196,greenran_normal,0,0,65535_65535,0,5,113011,126,1,1,0,17,0,28,1,1,pre_allocation
43,6196,greenran_normal,0,0,65535_65535,0,5,113011,133,1,1,1,18,133,28,1,1,allocated
43,6196,greenran_normal,0,0,65535_65535,0,3,113009,126,1,1,0,17,0,28,1,1,pre_allocation
43,6196,greenran_normal,0,0,65535_65535,0,3,113009,133,1,1,1,18,133,28,1,1,allocated
43,6196,greenran_normal,0,0,65535_65535,0,2,113007,126,1,1,0,17,0,28,1,1,pre_allocation
43,6196,greenran_normal,0,0,65535_65535,0,2,113007,133,1,1,1,18,133,28,1,1,allocated
43,6196,greenran_normal,0,0,65535_65535,0,4,114756,108,1,1,0,18,0,24,1,1,pre_allocation
43,6196,greenran_normal,0,0,65535_65535,0,4,114756,114,1,1,1,19,114,24,1,1,allocated
43,6196,greenran_normal,0,0,65535_65535,0,1,113032,133,1,1,0,18,0,28,1,1,pre_allocation
43,6196,greenran_normal,0,0,65535_65535,0,1,113032,141,1,1,1,19,141,28,1,1,allocated
43,6196,greenran_normal,0,0,65535_65535,0,5,113011,133,1,1,0,18,0,28,1,1,pre_allocation
43,6196,greenran_normal,0,0,65535_65535,0,5,113011,141,1,1,1,19,141,28,1,1,allocated
43,6196,greenran_normal,0,0,65535_65535,0,3,113009,133,1,1,0,18,0,28,1,1,pre_allocation
43,6196,greenran_normal,0,0,65535_65535,0,3,113009,141,1,1,1,19,141,28,1,1,allocated
43,6196,greenran_normal,0,0,65535_65535,0,2,113007,133,1,1,0,18,0,28,1,1,pre_allocation
43,6196,greenran_normal,0,0,65535_65535,0,2,113007,141,1,1,1,19,141,28,1,1,allocated
43,6196,greenran_normal,0,0,65535_65535,0,4,114756,114,1,1,0,19,0,24,1,1,pre_allocation
43,6196,greenran_normal,0,0,65535_65535,0,4,114756,120,1,1,1,20,120,24,1,1,allocated
43,6196,greenran_normal,0,0,65535_65535,0,1,113032,141,1,1,0,19,0,28,1,1,pre_allocation
43,6196,greenran_normal,0,0,65535_65535,0,1,113032,148,1,1,1,20,148,28,1,1,allocated
43,6196,greenran_normal,0,0,65535_65535,0,5,113011,141,1,1,0,19,0,28,1,1,pre_allocation
43,6196,greenran_normal,0,0,65535_65535,0,5,113011,148,1,1,1,20,148,28,1,1,allocated
43,6196,greenran_normal,0,0,65535_65535,0,3,113009,141,1,1,0,19,0,28,1,1,pre_allocation
43,6196,greenran_normal,0,0,65535_65535,0,3,113009,148,1,1,1,20,148,28,1,1,allocated
43,6196,greenran_normal,0,0,65535_65535,0,2,113007,141,1,1,0,19,0,28,1,1,pre_allocation
43,6196,greenran_normal,0,0,65535_65535,0,2,113007,148,1,1,1,20,148,28,1,1,allocated
43,6196,greenran_normal,0,0,65535_65535,0,4,114756,120,1,1,0,20,0,24,1,1,pre_allocation
43,6196,greenran_normal,0,0,65535_65535,0,4,114756,126,1,1,1,21,126,24,1,1,allocated
43,6196,greenran_normal,0,0,65535_65535,0,1,113032,148,1,1,0,20,0,28,1,1,pre_allocation
43,6196,greenran_normal,0,0,65535_65535,0,1,113032,156,1,1,1,21,156,28,1,1,allocated
43,6196,greenran_normal,0,0,65535_65535,0,5,113011,148,1,1,0,20,0,28,1,1,pre_allocation
43,6196,greenran_normal,0,0,65535_65535,0,5,113011,156,1,1,1,21,156,28,1,1,allocated
43,6196,greenran_normal,0,0,65535_65535,0,3,113009,148,1,1,0,20,0,28,1,1,pre_allocation
43,6196,greenran_normal,0,0,65535_65535,0,3,113009,156,1,1,1,21,156,28,1,1,allocated
43,6196,greenran_normal,0,0,65535_65535,0,2,113007,148,1,1,0,20,0,28,1,1,pre_allocation
43,6196,greenran_normal,0,0,65535_65535,0,2,113007,156,1,1,1,21,156,28,1,1,allocated
43,6196,greenran_normal,0,0,65535_65535,0,4,114756,126,1,1,0,21,0,24,1,1,pre_allocation
43,6196,greenran_normal,0,0,65535_65535,0,4,114756,133,1,1,1,22,133,24,1,1,allocated
43,6196,greenran_normal,0,0,65535_65535,0,1,113032,156,1,1,0,21,0,28,1,1,pre_allocation
43,6196,greenran_normal,0,0,65535_65535,0,1,113032,163,1,1,1,22,163,28,1,1,allocated
43,6196,greenran_normal,0,0,65535_65535,0,5,113011,156,1,1,0,21,0,28,1,1,pre_allocation
43,6196,greenran_normal,0,0,65535_65535,0,5,113011,163,1,1,1,22,163,28,1,1,allocated
43,6196,greenran_normal,0,0,65535_65535,0,3,113009,156,1,1,0,21,0,28,1,1,pre_allocation
43,6196,greenran_normal,0,0,65535_65535,0,3,113009,163,1,1,1,22,163,28,1,1,allocated
43,6196,greenran_normal,0,0,65535_65535,0,2,113007,156,1,1,0,21,0,28,1,1,pre_allocation
43,6196,greenran_normal,0,0,65535_65535,0,2,113007,163,1,1,1,22,163,28,1,1,allocated
43,6196,greenran_normal,0,0,65535_65535,0,4,114756,133,1,1,0,22,0,24,1,1,pre_allocation
43,6196,greenran_normal,0,0,65535_65535,0,4,114756,139,1,1,1,23,139,24,1,1,allocated
43,6196,greenran_normal,0,0,65535_65535,0,1,113032,163,1,1,0,22,0,28,1,1,pre_allocation
43,6196,greenran_normal,0,0,65535_65535,0,1,113032,171,1,1,1,23,171,28,1,1,allocated
43,6196,greenran_normal,0,0,65535_65535,0,5,113011,163,1,1,0,22,0,28,1,1,pre_allocation
43,6196,greenran_normal,0,0,65535_65535,0,5,113011,171,1,1,1,23,171,28,1,1,allocated
43,6196,greenran_normal,0,0,65535_65535,0,3,113009,163,1,1,0,22,0,28,1,1,pre_allocation
43,6196,greenran_normal,0,0,65535_65535,0,3,113009,171,1,1,1,23,171,28,1,1,allocated
43,6196,greenran_normal,0,0,65535_65535,0,2,113007,163,1,1,0,22,0,28,1,1,pre_allocation
43,6196,greenran_normal,0,0,65535_65535,0,2,113007,171,1,1,1,23,171,28,1,1,allocated
43,6196,greenran_normal,0,0,65535_65535,0,4,114756,139,1,1,0,23,0,24,1,1,pre_allocation
43,6196,greenran_normal,0,0,65535_65535,0,4,114756,145,1,1,1,24,145,24,1,1,allocated
43,6196,greenran_normal,0,0,65535_65535,0,1,113032,171,1,1,0,23,0,28,1,1,pre_allocation
43,6196,greenran_normal,0,0,65535_65535,0,1,113032,179,1,1,1,24,179,28,1,1,allocated
43,6196,greenran_normal,0,0,65535_65535,0,5,113011,171,1,1,0,23,0,28,1,1,pre_allocation
43,6196,greenran_normal,0,0,65535_65535,0,5,113011,179,1,1,1,24,179,28,1,1,allocated
43,6196,greenran_normal,0,0,65535_65535,0,3,113009,171,1,1,0,23,0,28,1,1,pre_allocation
43,6196,greenran_normal,0,0,65535_65535,0,3,113009,179,1,1,1,24,179,28,1,1,allocated
43,6196,greenran_normal,0,0,65535_65535,0,2,113007,171,1,1,0,23,0,28,1,1,pre_allocation
43,6196,greenran_normal,0,0,65535_65535,0,2,113007,179,1,1,1,24,179,28,1,1,allocated
43,6196,greenran_normal,0,0,65535_65535,0,4,114756,145,1,1,0,24,0,24,1,1,pre_allocation
43,6196,greenran_normal,0,0,65535_65535,0,4,114756,151,1,1,1,25,151,24,1,1,allocated
43,6196,greenran_normal,0,0,65535_65535,0,1,113032,179,1,1,0,24,0,28,1,1,pre_allocation
43,6196,greenran_normal,0,0,65535_65535,0,1,113032,186,1,1,1,25,186,28,1,1,allocated
43,6196,greenran_normal,0,0,65535_65535,0,5,113011,179,1,1,0,24,0,28,1,1,pre_allocation
43,6196,greenran_normal,0,0,65535_65535,0,5,113011,186,1,1,1,25,186,28,1,1,allocated
43,6196,greenran_normal,0,0,65535_65535,0,3,113009,179,1,1,0,24,0,28,1,1,pre_allocation
43,6196,greenran_normal,0,0,65535_65535,0,3,113009,186,1,1,1,25,186,28,1,1,allocated
43,6196,greenran_normal,0,0,65535_65535,0,2,113007,179,1,1,0,24,0,28,1,1,pre_allocation
43,6196,greenran_normal,0,0,65535_65535,0,2,113007,186,1,1,1,25,186,28,1,1,allocated
43,6196,greenran_normal,0,0,65535_65535,0,4,114756,151,1,1,0,25,0,24,1,1,pre_allocation
43,6196,greenran_normal,0,0,65535_65535,0,4,114756,157,1,1,1,26,157,24,1,1,allocated
43,6196,greenran_normal,0,0,65535_65535,0,1,113032,186,1,1,0,25,0,28,1,1,pre_allocation
43,6196,greenran_normal,0,0,65535_65535,0,1,113032,194,1,1,1,26,194,28,1,1,allocated
43,6196,greenran_normal,0,0,65535_65535,0,5,113011,186,1,1,0,25,0,28,1,1,pre_allocation
43,6196,greenran_normal,0,0,65535_65535,0,5,113011,194,1,1,1,26,194,28,1,1,allocated
43,6196,greenran_normal,0,0,65535_65535,0,3,113009,186,1,1,0,25,0,28,1,1,pre_allocation
43,6196,greenran_normal,0,0,65535_65535,0,3,113009,194,1,1,1,26,194,28,1,1,allocated
43,6196,greenran_normal,0,0,65535_65535,0,2,113007,186,1,1,0,25,0,28,1,1,pre_allocation
43,6196,greenran_normal,0,0,65535_65535,0,2,113007,194,1,1,1,26,194,28,1,1,allocated
43,6196,greenran_normal,0,0,65535_65535,0,4,114756,157,1,1,0,26,0,24,1,1,pre_allocation
43,6196,greenran_normal,0,0,65535_65535,0,4,114756,164,1,1,1,27,164,24,1,1,allocated
43,6196,greenran_normal,0,0,65535_65535,0,1,113032,194,1,1,0,26,0,28,1,1,pre_allocation
43,6196,greenran_normal,0,0,65535_65535,0,1,113032,201,1,1,1,27,201,28,1,1,allocated
43,6196,greenran_normal,0,0,65535_65535,0,5,113011,194,1,1,0,26,0,28,1,1,pre_allocation
43,6196,greenran_normal,0,0,65535_65535,0,5,113011,201,1,1,1,27,201,28,1,1,allocated
43,6196,greenran_normal,0,0,65535_65535,0,3,113009,194,1,1,0,26,0,28,1,1,pre_allocation
43,6196,greenran_normal,0,0,65535_65535,0,3,113009,201,1,1,1,27,201,28,1,1,allocated
43,6196,greenran_normal,0,0,65535_65535,0,2,113007,194,1,1,0,26,0,28,1,1,pre_allocation
43,6196,greenran_normal,0,0,65535_65535,0,2,113007,201,1,1,1,27,201,28,1,1,allocated
43,6196,greenran_normal,0,0,65535_65535,0,4,114756,164,1,1,0,27,0,24,1,1,pre_allocation
43,6196,greenran_normal,0,0,65535_65535,0,4,114756,170,1,1,1,28,170,24,1,1,allocated
43,6196,greenran_normal,0,0,65535_65535,0,1,113032,201,1,1,0,27,0,28,1,1,pre_allocation
43,6196,greenran_normal,0,0,65535_65535,0,1,113032,209,1,1,1,28,209,28,1,1,allocated
43,6196,greenran_normal,0,0,65535_65535,0,5,113011,201,1,1,0,27,0,28,1,1,pre_allocation
43,6196,greenran_normal,0,0,65535_65535,0,5,113011,209,1,1,1,28,209,28,1,1,allocated
43,6196,greenran_normal,0,0,65535_65535,0,3,113009,201,1,1,0,27,0,28,1,1,pre_allocation
43,6196,greenran_normal,0,0,65535_65535,0,3,113009,209,1,1,1,28,209,28,1,1,allocated
43,6196,greenran_normal,0,0,65535_65535,0,2,113007,201,1,1,0,27,0,28,1,1,pre_allocation
43,6196,greenran_normal,0,0,65535_65535,0,2,113007,209,1,1,1,28,209,28,1,1,allocated
43,6196,greenran_normal,0,0,65535_65535,0,4,114756,170,1,1,0,28,0,24,1,1,pre_allocation
43,6196,greenran_normal,0,0,65535_65535,0,4,114756,176,1,1,1,29,176,24,1,1,allocated
43,6196,greenran_normal,0,0,65535_65535,0,1,113032,209,1,1,0,28,0,28,1,1,pre_allocation
43,6196,greenran_normal,0,0,65535_65535,0,1,113032,217,1,1,1,29,217,28,1,1,allocated
43,6196,greenran_normal,0,0,65535_65535,0,5,113011,209,1,1,0,28,0,28,1,1,pre_allocation
43,6196,greenran_normal,0,0,65535_65535,0,5,113011,217,1,1,1,29,217,28,1,1,allocated
43,6196,greenran_normal,0,0,65535_65535,0,3,113009,209,1,1,0,28,0,28,1,1,pre_allocation
43,6196,greenran_normal,0,0,65535_65535,0,3,113009,217,1,1,1,29,217,28,1,1,allocated
43,6196,greenran_normal,0,0,65535_65535,0,2,113007,209,1,1,0,28,0,28,1,1,pre_allocation
43,6196,greenran_normal,0,0,65535_65535,0,2,113007,217,1,1,1,29,217,28,1,1,allocated
43,6196,greenran_normal,0,0,65535_65535,0,4,114756,176,1,1,0,29,0,24,1,1,pre_allocation
43,6196,greenran_normal,0,0,65535_65535,0,4,114756,182,1,1,1,30,182,24,1,1,allocated
43,6196,greenran_normal,0,0,65535_65535,0,1,113032,217,1,1,0,29,0,28,1,1,pre_allocation
43,6196,greenran_normal,0,0,65535_65535,0,1,113032,224,1,1,1,30,224,28,1,1,allocated
43,6196,greenran_normal,0,0,65535_65535,0,5,113011,217,1,1,0,29,0,28,1,1,pre_allocation
43,6196,greenran_normal,0,0,65535_65535,0,5,113011,224,1,1,1,30,224,28,1,1,allocated
43,6196,greenran_normal,0,0,65535_65535,0,3,113009,217,1,1,0,29,0,28,1,1,pre_allocation
43,6196,greenran_normal,0,0,65535_65535,0,3,113009,224,1,1,1,30,224,28,1,1,allocated
43,6196,greenran_normal,0,0,65535_65535,0,2,113007,217,1,1,0,29,0,28,1,1,pre_allocation
43,6196,greenran_normal,0,0,65535_65535,0,2,113007,224,1,1,1,30,224,28,1,1,allocated
43,6196,greenran_normal,0,0,65535_65535,0,4,114756,182,1,1,0,30,0,24,1,1,pre_allocation
43,6196,greenran_normal,0,0,65535_65535,0,4,114756,188,1,1,1,31,188,24,1,1,allocated
43,6196,greenran_normal,0,0,65535_65535,0,1,113032,224,1,1,0,30,0,28,1,1,pre_allocation
43,6196,greenran_normal,0,0,65535_65535,0,1,113032,232,1,1,1,31,232,28,1,1,allocated
43,6196,greenran_normal,0,0,65535_65535,0,5,113011,224,1,1,0,30,0,28,1,1,pre_allocation
43,6196,greenran_normal,0,0,65535_65535,0,5,113011,232,1,1,1,31,232,28,1,1,allocated
43,6196,greenran_normal,0,0,65535_65535,2,38,3638596,0,1,1,0,0,0,2,1,1,pre_allocation
43,6196,greenran_normal,0,0,65535_65535,2,38,3638596,0,1,1,1,1,0,2,1,1,allocated
43,6196,greenran_normal,0,0,65535_65535,2,60,3638340,0,1,1,0,0,0,10,1,1,pre_allocation
43,6196,greenran_normal,0,0,65535_65535,2,60,3638340,1,1,1,1,1,1,10,1,1,allocated
43,6196,greenran_normal,0,0,65535_65535,2,64,3638164,0,1,1,0,0,0,14,1,1,pre_allocation
43,6196,greenran_normal,0,0,65535_65535,2,64,3638164,2,1,1,1,1,2,14,1,1,allocated
43,6196,greenran_normal,0,0,65535_65535,2,43,3637742,0,1,1,0,0,0,26,1,1,pre_allocation
43,6196,greenran_normal,0,0,65535_65535,2,43,3637742,4,1,1,1,1,4,26,1,1,allocated
43,6196,greenran_normal,0,0,65535_65535,2,42,3637243,0,1,1,0,0,0,22,1,1,pre_allocation
43,6196,greenran_normal,0,0,65535_65535,2,42,3637243,2,1,1,1,1,2,22,1,1,allocated
43,6196,greenran_normal,0,0,65535_65535,2,36,3636871,0,1,1,0,0,0,22,1,1,pre_allocation
43,6196,greenran_normal,0,0,65535_65535,2,36,3636871,2,1,1,1,1,2,22,1,1,allocated
43,6196,greenran_normal,0,0,65535_65535,2,59,3636865,0,1,1,0,0,0,26,1,1,pre_allocation
43,6196,greenran_normal,0,0,65535_65535,2,59,3636865,4,1,1,1,1,4,26,1,1,allocated
43,6196,greenran_normal,0,0,65535_65535,2,56,3636810,0,1,1,0,0,0,28,1,1,pre_allocation
43,6196,greenran_normal,0,0,65535_65535,2,56,3636810,4,1,1,1,1,4,28,1,1,allocated
43,6196,greenran_normal,0,0,65535_65535,2,57,3636810,0,1,1,0,0,0,28,1,1,pre_allocation
43,6196,greenran_normal,0,0,65535_65535,2,57,3636810,4,1,1,1,1,4,28,1,1,allocated
43,6196,greenran_normal,0,0,65535_65535,2,40,3636812,0,1,1,0,0,0,28,1,1,pre_allocation
43,6196,greenran_normal,0,0,65535_65535,2,40,3636812,4,1,1,1,1,4,28,1,1,allocated
43,6196,greenran_normal,0,0,65535_65535,2,41,3636812,0,1,1,0,0,0,28,1,1,pre_allocation
43,6196,greenran_normal,0,0,65535_65535,2,41,3636812,4,1,1,1,1,4,28,1,1,allocated
43,6196,greenran_normal,0,0,65535_65535,2,58,3636879,0,1,1,0,0,0,26,1,1,pre_allocation
43,6196,greenran_normal,0,0,65535_65535,2,58,3636879,4,1,1,1,1,4,26,1,1,allocated
43,6196,greenran_normal,0,0,65535_65535,2,62,3636808,0,1,1,0,0,0,28,1,1,pre_allocation
43,6196,greenran_normal,0,0,65535_65535,2,62,3636808,4,1,1,1,1,4,28,1,1,allocated
43,6196,greenran_normal,0,0,65535_65535,2,61,3636808,0,1,1,0,0,0,28,1,1,pre_allocation
43,6196,greenran_normal,0,0,65535_65535,2,61,3636808,4,1,1,1,1,4,28,1,1,allocated
43,6196,greenran_normal,0,0,65535_65535,2,63,3636807,0,1,1,0,0,0,28,1,1,pre_allocation
43,6196,greenran_normal,0,0,65535_65535,2,63,3636807,4,1,1,1,1,4,28,1,1,allocated
43,6196,greenran_normal,0,0,65535_65535,2,37,3636805,0,1,1,0,0,0,28,1,1,pre_allocation
43,6196,greenran_normal,0,0,65535_65535,2,37,3636805,4,1,1,1,1,4,28,1,1,allocated
43,6196,greenran_normal,0,0,65535_65535,2,35,3636802,0,1,1,0,0,0,28,1,1,pre_allocation
43,6196,greenran_normal,0,0,65535_65535,2,35,3636802,4,1,1,1,1,4,28,1,1,allocated
43,6196,greenran_normal,0,0,65535_65535,2,44,3636802,0,1,1,0,0,0,28,1,1,pre_allocation
43,6196,greenran_normal,0,0,65535_65535,2,44,3636802,4,1,1,1,1,4,28,1,1,allocated
43,6196,greenran_normal,0,0,65535_65535,2,39,3636806,0,1,1,0,0,0,28,1,1,pre_allocation
43,6196,greenran_normal,0,0,65535_65535,2,39,3636806,4,1,1,1,1,4,28,1,1,allocated
43,6196,greenran_normal,0,0,65535_65535,2,55,3636802,0,1,1,0,0,0,28,1,1,pre_allocation
43,6196,greenran_normal,0,0,65535_65535,2,55,3636802,4,1,1,1,1,4,28,1,1,allocated
43,6196,greenran_normal,0,0,65535_65535,2,38,3638596,0,1,1,0,1,0,2,1,1,pre_allocation
43,6196,greenran_normal,0,0,65535_65535,2,38,3638596,0,1,1,1,2,0,2,1,1,allocated
43,6196,greenran_normal,0,0,65535_65535,2,60,3638340,1,1,1,0,1,0,10,1,1,pre_allocation
43,6196,greenran_normal,0,0,65535_65535,2,60,3638340,0,1,1,1,2,0,10,1,1,allocated
43,6196,greenran_normal,0,0,65535_65535,2,64,3638164,2,1,1,0,1,0,14,1,1,pre_allocation
43,6196,greenran_normal,0,0,65535_65535,2,64,3638164,2,1,1,1,2,2,14,1,1,allocated
43,6196,greenran_normal,0,0,65535_65535,2,43,3637742,4,1,1,0,1,0,26,1,1,pre_allocation
43,6196,greenran_normal,0,0,65535_65535,2,43,3637742,11,1,1,1,2,11,26,1,1,allocated
43,6196,greenran_normal,0,0,65535_65535,2,42,3637243,2,1,1,0,1,0,22,1,1,pre_allocation
43,6196,greenran_normal,0,0,65535_65535,2,42,3637243,7,1,1,1,2,7,22,1,1,allocated
43,6196,greenran_normal,0,0,65535_65535,2,36,3636871,2,1,1,0,1,0,22,1,1,pre_allocation
43,6196,greenran_normal,0,0,65535_65535,2,36,3636871,7,1,1,1,2,7,22,1,1,allocated
43,6196,greenran_normal,0,0,65535_65535,2,59,3636865,4,1,1,0,1,0,26,1,1,pre_allocation
43,6196,greenran_normal,0,0,65535_65535,2,59,3636865,11,1,1,1,2,11,26,1,1,allocated
43,6196,greenran_normal,0,0,65535_65535,2,56,3636810,4,1,1,0,1,0,28,1,1,pre_allocation
43,6196,greenran_normal,0,0,65535_65535,2,56,3636810,12,1,1,1,2,12,28,1,1,allocated
43,6196,greenran_normal,0,0,65535_65535,2,57,3636810,4,1,1,0,1,0,28,1,1,pre_allocation
43,6196,greenran_normal,0,0,65535_65535,2,57,3636810,12,1,1,1,2,12,28,1,1,allocated
43,6196,greenran_normal,0,0,65535_65535,2,40,3636812,4,1,1,0,1,0,28,1,1,pre_allocation
43,6196,greenran_normal,0,0,65535_65535,2,40,3636812,12,1,1,1,2,12,28,1,1,allocated
43,6196,greenran_normal,0,0,65535_65535,2,41,3636812,4,1,1,0,1,0,28,1,1,pre_allocation
43,6196,greenran_normal,0,0,65535_65535,2,41,3636812,12,1,1,1,2,12,28,1,1,allocated
43,6196,greenran_normal,0,0,65535_65535,2,58,3636879,4,1,1,0,1,0,26,1,1,pre_allocation
43,6196,greenran_normal,0,0,65535_65535,2,58,3636879,11,1,1,1,2,11,26,1,1,allocated
43,6196,greenran_normal,0,0,65535_65535,2,62,3636808,4,1,1,0,1,0,28,1,1,pre_allocation
43,6196,greenran_normal,0,0,65535_65535,2,62,3636808,12,1,1,1,2,12,28,1,1,allocated
43,6196,greenran_normal,0,0,65535_65535,2,61,3636808,4,1,1,0,1,0,28,1,1,pre_allocation
43,6196,greenran_normal,0,0,65535_65535,2,61,3636808,12,1,1,1,2,12,28,1,1,allocated
43,6196,greenran_normal,0,0,65535_65535,2,63,3636807,4,1,1,0,1,0,28,1,1,pre_allocation
43,6196,greenran_normal,0,0,65535_65535,2,63,3636807,12,1,1,1,2,12,28,1,1,allocated
43,6196,greenran_normal,0,0,65535_65535,2,37,3636805,4,1,1,0,1,0,28,1,1,pre_allocation
43,6196,greenran_normal,0,0,65535_65535,2,37,3636805,12,1,1,1,2,12,28,1,1,allocated
43,6196,greenran_normal,0,0,65535_65535,2,35,3636802,4,1,1,0,1,0,28,1,1,pre_allocation
43,6196,greenran_normal,0,0,65535_65535,2,35,3636802,12,1,1,1,2,12,28,1,1,allocated
43,6196,greenran_normal,0,0,65535_65535,2,44,3636802,4,1,1,0,1,0,28,1,1,pre_allocation
43,6196,greenran_normal,0,0,65535_65535,2,44,3636802,12,1,1,1,2,12,28,1,1,allocated
43,6196,greenran_normal,0,0,65535_65535,2,39,3636806,4,1,1,0,1,0,28,1,1,pre_allocation
43,6196,greenran_normal,0,0,65535_65535,2,39,3636806,12,1,1,1,2,12,28,1,1,allocated
43,6196,greenran_normal,0,0,65535_65535,2,55,3636802,4,1,1,0,1,0,28,1,1,pre_allocation
43,6196,greenran_normal,0,0,65535_65535,2,55,3636802,12,1,1,1,2,12,28,1,1,allocated
43,6196,greenran_normal,0,0,65535_65535,2,38,3638596,0,1,1,0,2,0,2,1,1,pre_allocation
43,6196,greenran_normal,0,0,65535_65535,2,38,3638596,0,1,1,1,3,0,2,1,1,allocated
43,6196,greenran_normal,0,0,65535_65535,2,60,3638340,0,1,1,0,2,0,10,1,1,pre_allocation
43,6196,greenran_normal,0,0,65535_65535,2,60,3638340,1,1,1,1,3,1,10,1,1,allocated
43,6196,greenran_normal,0,0,65535_65535,2,64,3638164,2,1,1,0,2,0,14,1,1,pre_allocation
43,6196,greenran_normal,0,0,65535_65535,2,64,3638164,4,1,1,1,3,4,14,1,1,allocated
43,6196,greenran_normal,0,0,65535_65535,2,43,3637742,11,1,1,0,2,0,26,1,1,pre_allocation
43,6196,greenran_normal,0,0,65535_65535,2,43,3637742,18,1,1,1,3,18,26,1,1,allocated
43,6196,greenran_normal,0,0,65535_65535,2,42,3637243,7,1,1,0,2,0,22,1,1,pre_allocation
43,6196,greenran_normal,0,0,65535_65535,2,42,3637243,13,1,1,1,3,13,22,1,1,allocated
43,6196,greenran_normal,0,0,65535_65535,2,36,3636871,7,1,1,0,2,0,22,1,1,pre_allocation
43,6196,greenran_normal,0,0,65535_65535,2,36,3636871,13,1,1,1,3,13,22,1,1,allocated
43,6196,greenran_normal,0,0,65535_65535,2,59,3636865,11,1,1,0,2,0,26,1,1,pre_allocation
43,6196,greenran_normal,0,0,65535_65535,2,59,3636865,18,1,1,1,3,18,26,1,1,allocated
43,6196,greenran_normal,0,0,65535_65535,2,56,3636810,12,1,1,0,2,0,28,1,1,pre_allocation
43,6196,greenran_normal,0,0,65535_65535,2,56,3636810,19,1,1,1,3,19,28,1,1,allocated
43,6196,greenran_normal,0,0,65535_65535,2,57,3636810,12,1,1,0,2,0,28,1,1,pre_allocation
43,6196,greenran_normal,0,0,65535_65535,2,57,3636810,19,1,1,1,3,19,28,1,1,allocated
43,6196,greenran_normal,0,0,65535_65535,2,40,3636812,12,1,1,0,2,0,28,1,1,pre_allocation
43,6196,greenran_normal,0,0,65535_65535,2,40,3636812,19,1,1,1,3,19,28,1,1,allocated
43,6196,greenran_normal,0,0,65535_65535,2,41,3636812,12,1,1,0,2,0,28,1,1,pre_allocation
43,6196,greenran_normal,0,0,65535_65535,2,41,3636812,19,1,1,1,3,19,28,1,1,allocated
43,6196,greenran_normal,0,0,65535_65535,2,58,3636879,11,1,1,0,2,0,26,1,1,pre_allocation
43,6196,greenran_normal,0,0,65535_65535,2,58,3636879,18,1,1,1,3,18,26,1,1,allocated
43,6196,greenran_normal,0,0,65535_65535,2,62,3636808,12,1,1,0,2,0,28,1,1,pre_allocation
43,6196,greenran_normal,0,0,65535_65535,2,62,3636808,19,1,1,1,3,19,28,1,1,allocated
43,6196,greenran_normal,0,0,65535_65535,2,61,3636808,12,1,1,0,2,0,28,1,1,pre_allocation
43,6196,greenran_normal,0,0,65535_65535,2,61,3636808,19,1,1,1,3,19,28,1,1,allocated
43,6196,greenran_normal,0,0,65535_65535,2,63,3636807,12,1,1,0,2,0,28,1,1,pre_allocation
43,6196,greenran_normal,0,0,65535_65535,2,63,3636807,19,1,1,1,3,19,28,1,1,allocated
43,6196,greenran_normal,0,0,65535_65535,2,37,3636805,12,1,1,0,2,0,28,1,1,pre_allocation
43,6196,greenran_normal,0,0,65535_65535,2,37,3636805,19,1,1,1,3,19,28,1,1,allocated
43,6196,greenran_normal,0,0,65535_65535,2,35,3636802,12,1,1,0,2,0,28,1,1,pre_allocation
43,6196,greenran_normal,0,0,65535_65535,2,35,3636802,19,1,1,1,3,19,28,1,1,allocated
43,6196,greenran_normal,0,0,65535_65535,2,44,3636802,12,1,1,0,2,0,28,1,1,pre_allocation
43,6196,greenran_normal,0,0,65535_65535,2,44,3636802,19,1,1,1,3,19,28,1,1,allocated
43,6196,greenran_normal,0,0,65535_65535,2,39,3636806,12,1,1,0,2,0,28,1,1,pre_allocation
43,6196,greenran_normal,0,0,65535_65535,2,39,3636806,19,1,1,1,3,19,28,1,1,allocated
43,6196,greenran_normal,0,0,65535_65535,2,55,3636802,12,1,1,0,2,0,28,1,1,pre_allocation
43,6196,greenran_normal,0,0,65535_65535,2,55,3636802,19,1,1,1,3,19,28,1,1,allocated
43,6196,greenran_normal,0,0,65535_65535,2,38,3638596,0,1,1,0,3,0,2,1,1,pre_allocation
43,6196,greenran_normal,0,0,65535_65535,2,38,3638596,1,1,1,1,4,1,2,1,1,allocated
43,6196,greenran_normal,0,0,65535_65535,2,60,3638340,1,1,1,0,3,0,10,1,1,pre_allocation
43,6196,greenran_normal,0,0,65535_65535,2,60,3638340,3,1,1,1,4,3,10,1,1,allocated
43,6196,greenran_normal,0,0,65535_65535,2,64,3638164,4,1,1,0,3,0,14,1,1,pre_allocation
43,6196,greenran_normal,0,0,65535_65535,2,64,3638164,7,1,1,1,4,7,14,1,1,allocated
43,6196,greenran_normal,0,0,65535_65535,2,43,3637742,18,1,1,0,3,0,26,1,1,pre_allocation
43,6196,greenran_normal,0,0,65535_65535,2,43,3637742,25,1,1,1,4,25,26,1,1,allocated
43,6196,greenran_normal,0,0,65535_65535,2,42,3637243,13,1,1,0,3,0,22,1,1,pre_allocation
43,6196,greenran_normal,0,0,65535_65535,2,42,3637243,18,1,1,1,4,18,22,1,1,allocated
43,6196,greenran_normal,0,0,65535_65535,2,36,3636871,13,1,1,0,3,0,22,1,1,pre_allocation
43,6196,greenran_normal,0,0,65535_65535,2,36,3636871,18,1,1,1,4,18,22,1,1,allocated
43,6196,greenran_normal,0,0,65535_65535,2,59,3636865,18,1,1,0,3,0,26,1,1,pre_allocation
43,6196,greenran_normal,0,0,65535_65535,2,59,3636865,25,1,1,1,4,25,26,1,1,allocated
43,6196,greenran_normal,0,0,65535_65535,2,56,3636810,19,1,1,0,3,0,28,1,1,pre_allocation
43,6196,greenran_normal,0,0,65535_65535,2,56,3636810,27,1,1,1,4,27,28,1,1,allocated
43,6196,greenran_normal,0,0,65535_65535,2,57,3636810,19,1,1,0,3,0,28,1,1,pre_allocation
43,6196,greenran_normal,0,0,65535_65535,2,57,3636810,27,1,1,1,4,27,28,1,1,allocated
43,6196,greenran_normal,0,0,65535_65535,2,40,3636812,19,1,1,0,3,0,28,1,1,pre_allocation
43,6196,greenran_normal,0,0,65535_65535,2,40,3636812,27,1,1,1,4,27,28,1,1,allocated
43,6196,greenran_normal,0,0,65535_65535,2,41,3636812,19,1,1,0,3,0,28,1,1,pre_allocation
43,6196,greenran_normal,0,0,65535_65535,2,41,3636812,27,1,1,1,4,27,28,1,1,allocated
43,6196,greenran_normal,0,0,65535_65535,2,58,3636879,18,1,1,0,3,0,26,1,1,pre_allocation
43,6196,greenran_normal,0,0,65535_65535,2,58,3636879,25,1,1,1,4,25,26,1,1,allocated
43,6196,greenran_normal,0,0,65535_65535,2,62,3636808,19,1,1,0,3,0,28,1,1,pre_allocation
43,6196,greenran_normal,0,0,65535_65535,2,62,3636808,27,1,1,1,4,27,28,1,1,allocated
43,6196,greenran_normal,0,0,65535_65535,2,61,3636808,19,1,1,0,3,0,28,1,1,pre_allocation
43,6196,greenran_normal,0,0,65535_65535,2,61,3636808,27,1,1,1,4,27,28,1,1,allocated
43,6196,greenran_normal,0,0,65535_65535,2,63,3636807,19,1,1,0,3,0,28,1,1,pre_allocation
43,6196,greenran_normal,0,0,65535_65535,2,63,3636807,27,1,1,1,4,27,28,1,1,allocated
43,6196,greenran_normal,0,0,65535_65535,2,37,3636805,19,1,1,0,3,0,28,1,1,pre_allocation
43,6196,greenran_normal,0,0,65535_65535,2,37,3636805,27,1,1,1,4,27,28,1,1,allocated
43,6196,greenran_normal,0,0,65535_65535,2,35,3636802,19,1,1,0,3,0,28,1,1,pre_allocation
43,6196,greenran_normal,0,0,65535_65535,2,35,3636802,27,1,1,1,4,27,28,1,1,allocated
43,6196,greenran_normal,0,0,65535_65535,2,44,3636802,19,1,1,0,3,0,28,1,1,pre_allocation
43,6196,greenran_normal,0,0,65535_65535,2,44,3636802,27,1,1,1,4,27,28,1,1,allocated
43,6196,greenran_normal,0,0,65535_65535,2,39,3636806,19,1,1,0,3,0,28,1,1,pre_allocation
43,6196,greenran_normal,0,0,65535_65535,2,39,3636806,27,1,1,1,4,27,28,1,1,allocated
43,6196,greenran_normal,0,0,65535_65535,2,55,3636802,19,1,1,0,3,0,28,1,1,pre_allocation
43,6196,greenran_normal,0,0,65535_65535,2,55,3636802,27,1,1,1,4,27,28,1,1,allocated
43,6196,greenran_normal,0,0,65535_65535,2,38,3638596,1,1,1,0,4,0,2,1,1,pre_allocation
43,6196,greenran_normal,0,0,65535_65535,2,38,3638596,1,1,1,1,5,1,2,1,1,allocated
43,6196,greenran_normal,0,0,65535_65535,2,60,3638340,3,1,1,0,4,0,10,1,1,pre_allocation
43,6196,greenran_normal,0,0,65535_65535,2,60,3638340,5,1,1,1,5,5,10,1,1,allocated
43,6196,greenran_normal,0,0,65535_65535,2,64,3638164,7,1,1,0,4,0,14,1,1,pre_allocation
43,6196,greenran_normal,0,0,65535_65535,2,64,3638164,10,1,1,1,5,10,14,1,1,allocated
43,6196,greenran_normal,0,0,65535_65535,2,43,3637742,25,1,1,0,4,0,26,1,1,pre_allocation
43,6196,greenran_normal,0,0,65535_65535,2,43,3637742,32,1,1,1,5,32,26,1,1,allocated
43,6196,greenran_normal,0,0,65535_65535,2,42,3637243,18,1,1,0,4,0,22,1,1,pre_allocation
43,6196,greenran_normal,0,0,65535_65535,2,42,3637243,23,1,1,1,5,23,22,1,1,allocated
43,6196,greenran_normal,0,0,65535_65535,2,36,3636871,18,1,1,0,4,0,22,1,1,pre_allocation
43,6196,greenran_normal,0,0,65535_65535,2,36,3636871,23,1,1,1,5,23,22,1,1,allocated
43,6196,greenran_normal,0,0,65535_65535,2,59,3636865,25,1,1,0,4,0,26,1,1,pre_allocation
43,6196,greenran_normal,0,0,65535_65535,2,59,3636865,32,1,1,1,5,32,26,1,1,allocated
43,6196,greenran_normal,0,0,65535_65535,2,56,3636810,27,1,1,0,4,0,28,1,1,pre_allocation
43,6196,greenran_normal,0,0,65535_65535,2,56,3636810,34,1,1,1,5,34,28,1,1,allocated
43,6196,greenran_normal,0,0,65535_65535,2,57,3636810,27,1,1,0,4,0,28,1,1,pre_allocation
43,6196,greenran_normal,0,0,65535_65535,2,57,3636810,34,1,1,1,5,34,28,1,1,allocated
43,6196,greenran_normal,0,0,65535_65535,2,40,3636812,27,1,1,0,4,0,28,1,1,pre_allocation
43,6196,greenran_normal,0,0,65535_65535,2,40,3636812,34,1,1,1,5,34,28,1,1,allocated
43,6196,greenran_normal,0,0,65535_65535,2,41,3636812,27,1,1,0,4,0,28,1,1,pre_allocation
43,6196,greenran_normal,0,0,65535_65535,2,41,3636812,34,1,1,1,5,34,28,1,1,allocated
43,6196,greenran_normal,0,0,65535_65535,2,58,3636879,25,1,1,0,4,0,26,1,1,pre_allocation
43,6196,greenran_normal,0,0,65535_65535,2,58,3636879,32,1,1,1,5,32,26,1,1,allocated
43,6196,greenran_normal,0,0,65535_65535,2,62,3636808,27,1,1,0,4,0,28,1,1,pre_allocation
43,6196,greenran_normal,0,0,65535_65535,2,62,3636808,34,1,1,1,5,34,28,1,1,allocated
43,6196,greenran_normal,0,0,65535_65535,2,61,3636808,27,1,1,0,4,0,28,1,1,pre_allocation
43,6196,greenran_normal,0,0,65535_65535,2,61,3636808,34,1,1,1,5,34,28,1,1,allocated
43,6196,greenran_normal,0,0,65535_65535,2,63,3636807,27,1,1,0,4,0,28,1,1,pre_allocation
43,6196,greenran_normal,0,0,65535_65535,2,63,3636807,34,1,1,1,5,34,28,1,1,allocated
43,6196,greenran_normal,0,0,65535_65535,2,37,3636805,27,1,1,0,4,0,28,1,1,pre_allocation
43,6196,greenran_normal,0,0,65535_65535,2,37,3636805,34,1,1,1,5,34,28,1,1,allocated
43,6196,greenran_normal,0,0,65535_65535,2,35,3636802,27,1,1,0,4,0,28,1,1,pre_allocation
43,6196,greenran_normal,0,0,65535_65535,2,35,3636802,34,1,1,1,5,34,28,1,1,allocated
43,6196,greenran_normal,0,0,65535_65535,2,44,3636802,27,1,1,0,4,0,28,1,1,pre_allocation
43,6196,greenran_normal,0,0,65535_65535,2,44,3636802,34,1,1,1,5,34,28,1,1,allocated
43,6196,greenran_normal,0,0,65535_65535,2,39,3636806,27,1,1,0,4,0,28,1,1,pre_allocation
43,6196,greenran_normal,0,0,65535_65535,2,39,3636806,34,1,1,1,5,34,28,1,1,allocated
43,6196,greenran_normal,0,0,65535_65535,2,55,3636802,27,1,1,0,4,0,28,1,1,pre_allocation
43,6196,greenran_normal,0,0,65535_65535,2,55,3636802,34,1,1,1,5,34,28,1,1,allocated
43,6196,greenran_normal,0,0,65535_65535,2,38,3638596,1,1,1,0,5,0,2,1,1,pre_allocation
43,6196,greenran_normal,0,0,65535_65535,2,38,3638596,1,1,1,1,6,1,2,1,1,allocated
43,6196,greenran_normal,0,0,65535_65535,2,60,3638340,5,1,1,0,5,0,10,1,1,pre_allocation
43,6196,greenran_normal,0,0,65535_65535,2,60,3638340,6,1,1,1,6,6,10,1,1,allocated
43,6196,greenran_normal,0,0,65535_65535,2,64,3638164,10,1,1,0,5,0,14,1,1,pre_allocation
43,6196,greenran_normal,0,0,65535_65535,2,64,3638164,12,1,1,1,6,12,14,1,1,allocated
43,6196,greenran_normal,0,0,65535_65535,2,43,3637742,32,1,1,0,5,0,26,1,1,pre_allocation
43,6196,greenran_normal,0,0,65535_65535,2,43,3637742,39,1,1,1,6,39,26,1,1,allocated
43,6196,greenran_normal,0,0,65535_65535,2,42,3637243,23,1,1,0,5,0,22,1,1,pre_allocation
43,6196,greenran_normal,0,0,65535_65535,2,42,3637243,29,1,1,1,6,29,22,1,1,allocated
43,6196,greenran_normal,0,0,65535_65535,2,36,3636871,23,1,1,0,5,0,22,1,1,pre_allocation
43,6196,greenran_normal,0,0,65535_65535,2,36,3636871,29,1,1,1,6,29,22,1,1,allocated
43,6196,greenran_normal,0,0,65535_65535,2,59,3636865,32,1,1,0,5,0,26,1,1,pre_allocation
43,6196,greenran_normal,0,0,65535_65535,2,59,3636865,39,1,1,1,6,39,26,1,1,allocated
43,6196,greenran_normal,0,0,65535_65535,2,56,3636810,34,1,1,0,5,0,28,1,1,pre_allocation
43,6196,greenran_normal,0,0,65535_65535,2,56,3636810,42,1,1,1,6,42,28,1,1,allocated
43,6196,greenran_normal,0,0,65535_65535,2,57,3636810,34,1,1,0,5,0,28,1,1,pre_allocation
43,6196,greenran_normal,0,0,65535_65535,2,57,3636810,42,1,1,1,6,42,28,1,1,allocated
43,6196,greenran_normal,0,0,65535_65535,2,40,3636812,34,1,1,0,5,0,28,1,1,pre_allocation
43,6196,greenran_normal,0,0,65535_65535,2,40,3636812,42,1,1,1,6,42,28,1,1,allocated
43,6196,greenran_normal,0,0,65535_65535,2,41,3636812,34,1,1,0,5,0,28,1,1,pre_allocation
43,6196,greenran_normal,0,0,65535_65535,2,41,3636812,42,1,1,1,6,42,28,1,1,allocated
43,6196,greenran_normal,0,0,65535_65535,2,58,3636879,32,1,1,0,5,0,26,1,1,pre_allocation
43,6196,greenran_normal,0,0,65535_65535,2,58,3636879,39,1,1,1,6,39,26,1,1,allocated
43,6196,greenran_normal,0,0,65535_65535,2,62,3636808,34,1,1,0,5,0,28,1,1,pre_allocation
43,6196,greenran_normal,0,0,65535_65535,2,62,3636808,42,1,1,1,6,42,28,1,1,allocated
44,6356,greenran_normal,0,0,65535_65535,0,4,117872,0,1,1,0,0,0,24,1,1,pre_allocation
44,6356,greenran_normal,0,0,65535_65535,0,4,117872,3,1,1,1,1,3,24,1,1,allocated
44,6356,greenran_normal,0,0,65535_65535,0,1,116104,0,1,1,0,0,0,28,1,1,pre_allocation
44,6356,greenran_normal,0,0,65535_65535,0,1,116104,4,1,1,1,1,4,28,1,1,allocated
44,6356,greenran_normal,0,0,65535_65535,0,3,116089,0,1,1,0,0,0,28,1,1,pre_allocation
44,6356,greenran_normal,0,0,65535_65535,0,3,116089,4,1,1,1,1,4,28,1,1,allocated
44,6356,greenran_normal,0,0,65535_65535,0,2,116087,0,1,1,0,0,0,28,1,1,pre_allocation
44,6356,greenran_normal,0,0,65535_65535,0,2,116087,4,1,1,1,1,4,28,1,1,allocated
44,6356,greenran_normal,0,0,65535_65535,0,5,116083,0,1,1,0,0,0,28,1,1,pre_allocation
44,6356,greenran_normal,0,0,65535_65535,0,5,116083,4,1,1,1,1,4,28,1,1,allocated
44,6356,greenran_normal,0,0,65535_65535,0,4,117872,3,1,1,0,1,0,24,1,1,pre_allocation
44,6356,greenran_normal,0,0,65535_65535,0,4,117872,9,1,1,1,2,9,24,1,1,allocated
44,6356,greenran_normal,0,0,65535_65535,0,1,116104,4,1,1,0,1,0,28,1,1,pre_allocation
44,6356,greenran_normal,0,0,65535_65535,0,1,116104,12,1,1,1,2,12,28,1,1,allocated
44,6356,greenran_normal,0,0,65535_65535,0,3,116089,4,1,1,0,1,0,28,1,1,pre_allocation
44,6356,greenran_normal,0,0,65535_65535,0,3,116089,12,1,1,1,2,12,28,1,1,allocated
44,6356,greenran_normal,0,0,65535_65535,0,2,116087,4,1,1,0,1,0,28,1,1,pre_allocation
44,6356,greenran_normal,0,0,65535_65535,0,2,116087,12,1,1,1,2,12,28,1,1,allocated
44,6356,greenran_normal,0,0,65535_65535,0,5,116083,4,1,1,0,1,0,28,1,1,pre_allocation
44,6356,greenran_normal,0,0,65535_65535,0,5,116083,12,1,1,1,2,12,28,1,1,allocated
44,6356,greenran_normal,0,0,65535_65535,0,4,117872,9,1,1,0,2,0,24,1,1,pre_allocation
44,6356,greenran_normal,0,0,65535_65535,0,4,117872,15,1,1,1,3,15,24,1,1,allocated
44,6356,greenran_normal,0,0,65535_65535,0,1,116104,12,1,1,0,2,0,28,1,1,pre_allocation
44,6356,greenran_normal,0,0,65535_65535,0,1,116104,19,1,1,1,3,19,28,1,1,allocated
44,6356,greenran_normal,0,0,65535_65535,0,3,116089,12,1,1,0,2,0,28,1,1,pre_allocation
44,6356,greenran_normal,0,0,65535_65535,0,3,116089,19,1,1,1,3,19,28,1,1,allocated
44,6356,greenran_normal,0,0,65535_65535,0,2,116087,12,1,1,0,2,0,28,1,1,pre_allocation
44,6356,greenran_normal,0,0,65535_65535,0,2,116087,19,1,1,1,3,19,28,1,1,allocated
44,6356,greenran_normal,0,0,65535_65535,0,5,116083,12,1,1,0,2,0,28,1,1,pre_allocation
44,6356,greenran_normal,0,0,65535_65535,0,5,116083,19,1,1,1,3,19,28,1,1,allocated
44,6356,greenran_normal,0,0,65535_65535,0,4,117872,15,1,1,0,3,0,24,1,1,pre_allocation
44,6356,greenran_normal,0,0,65535_65535,0,4,117872,21,1,1,1,4,21,24,1,1,allocated
44,6356,greenran_normal,0,0,65535_65535,0,1,116104,19,1,1,0,3,0,28,1,1,pre_allocation
44,6356,greenran_normal,0,0,65535_65535,0,1,116104,27,1,1,1,4,27,28,1,1,allocated
44,6356,greenran_normal,0,0,65535_65535,0,3,116089,19,1,1,0,3,0,28,1,1,pre_allocation
44,6356,greenran_normal,0,0,65535_65535,0,3,116089,27,1,1,1,4,27,28,1,1,allocated
44,6356,greenran_normal,0,0,65535_65535,0,2,116087,19,1,1,0,3,0,28,1,1,pre_allocation
44,6356,greenran_normal,0,0,65535_65535,0,2,116087,27,1,1,1,4,27,28,1,1,allocated
44,6356,greenran_normal,0,0,65535_65535,0,5,116083,19,1,1,0,3,0,28,1,1,pre_allocation
44,6356,greenran_normal,0,0,65535_65535,0,5,116083,27,1,1,1,4,27,28,1,1,allocated
44,6356,greenran_normal,0,0,65535_65535,0,4,117872,21,1,1,0,4,0,24,1,1,pre_allocation
44,6356,greenran_normal,0,0,65535_65535,0,4,117872,27,1,1,1,5,27,24,1,1,allocated
44,6356,greenran_normal,0,0,65535_65535,0,1,116104,27,1,1,0,4,0,28,1,1,pre_allocation
44,6356,greenran_normal,0,0,65535_65535,0,1,116104,34,1,1,1,5,34,28,1,1,allocated
44,6356,greenran_normal,0,0,65535_65535,0,3,116089,27,1,1,0,4,0,28,1,1,pre_allocation
44,6356,greenran_normal,0,0,65535_65535,0,3,116089,34,1,1,1,5,34,28,1,1,allocated
44,6356,greenran_normal,0,0,65535_65535,0,2,116087,27,1,1,0,4,0,28,1,1,pre_allocation
44,6356,greenran_normal,0,0,65535_65535,0,2,116087,34,1,1,1,5,34,28,1,1,allocated
44,6356,greenran_normal,0,0,65535_65535,0,5,116083,27,1,1,0,4,0,28,1,1,pre_allocation
44,6356,greenran_normal,0,0,65535_65535,0,5,116083,34,1,1,1,5,34,28,1,1,allocated
44,6356,greenran_normal,0,0,65535_65535,0,4,117872,27,1,1,0,5,0,24,1,1,pre_allocation
44,6356,greenran_normal,0,0,65535_65535,0,4,117872,34,1,1,1,6,34,24,1,1,allocated
44,6356,greenran_normal,0,0,65535_65535,0,1,116104,34,1,1,0,5,0,28,1,1,pre_allocation
44,6356,greenran_normal,0,0,65535_65535,0,1,116104,42,1,1,1,6,42,28,1,1,allocated
44,6356,greenran_normal,0,0,65535_65535,0,3,116089,34,1,1,0,5,0,28,1,1,pre_allocation
44,6356,greenran_normal,0,0,65535_65535,0,3,116089,42,1,1,1,6,42,28,1,1,allocated
44,6356,greenran_normal,0,0,65535_65535,0,2,116087,34,1,1,0,5,0,28,1,1,pre_allocation
44,6356,greenran_normal,0,0,65535_65535,0,2,116087,42,1,1,1,6,42,28,1,1,allocated
44,6356,greenran_normal,0,0,65535_65535,0,5,116083,34,1,1,0,5,0,28,1,1,pre_allocation
44,6356,greenran_normal,0,0,65535_65535,0,5,116083,42,1,1,1,6,42,28,1,1,allocated
44,6356,greenran_normal,0,0,65535_65535,0,4,117872,34,1,1,0,6,0,24,1,1,pre_allocation
44,6356,greenran_normal,0,0,65535_65535,0,4,117872,40,1,1,1,7,40,24,1,1,allocated
44,6356,greenran_normal,0,0,65535_65535,0,1,116104,42,1,1,0,6,0,28,1,1,pre_allocation
44,6356,greenran_normal,0,0,65535_65535,0,1,116104,50,1,1,1,7,50,28,1,1,allocated
44,6356,greenran_normal,0,0,65535_65535,0,3,116089,42,1,1,0,6,0,28,1,1,pre_allocation
44,6356,greenran_normal,0,0,65535_65535,0,3,116089,50,1,1,1,7,50,28,1,1,allocated
44,6356,greenran_normal,0,0,65535_65535,0,2,116087,42,1,1,0,6,0,28,1,1,pre_allocation
44,6356,greenran_normal,0,0,65535_65535,0,2,116087,50,1,1,1,7,50,28,1,1,allocated
44,6356,greenran_normal,0,0,65535_65535,0,5,116083,42,1,1,0,6,0,28,1,1,pre_allocation
44,6356,greenran_normal,0,0,65535_65535,0,5,116083,50,1,1,1,7,50,28,1,1,allocated
44,6356,greenran_normal,0,0,65535_65535,0,4,117872,40,1,1,0,7,0,24,1,1,pre_allocation
44,6356,greenran_normal,0,0,65535_65535,0,4,117872,46,1,1,1,8,46,24,1,1,allocated
44,6356,greenran_normal,0,0,65535_65535,0,1,116104,50,1,1,0,7,0,28,1,1,pre_allocation
44,6356,greenran_normal,0,0,65535_65535,0,1,116104,57,1,1,1,8,57,28,1,1,allocated
44,6356,greenran_normal,0,0,65535_65535,0,3,116089,50,1,1,0,7,0,28,1,1,pre_allocation
44,6356,greenran_normal,0,0,65535_65535,0,3,116089,57,1,1,1,8,57,28,1,1,allocated
44,6356,greenran_normal,0,0,65535_65535,0,2,116087,50,1,1,0,7,0,28,1,1,pre_allocation
44,6356,greenran_normal,0,0,65535_65535,0,2,116087,57,1,1,1,8,57,28,1,1,allocated
44,6356,greenran_normal,0,0,65535_65535,0,5,116083,50,1,1,0,7,0,28,1,1,pre_allocation
44,6356,greenran_normal,0,0,65535_65535,0,5,116083,57,1,1,1,8,57,28,1,1,allocated
44,6356,greenran_normal,0,0,65535_65535,0,4,117872,46,1,1,0,8,0,24,1,1,pre_allocation
44,6356,greenran_normal,0,0,65535_65535,0,4,117872,52,1,1,1,9,52,24,1,1,allocated
44,6356,greenran_normal,0,0,65535_65535,0,1,116104,57,1,1,0,8,0,28,1,1,pre_allocation
44,6356,greenran_normal,0,0,65535_65535,0,1,116104,65,1,1,1,9,65,28,1,1,allocated
44,6356,greenran_normal,0,0,65535_65535,0,3,116089,57,1,1,0,8,0,28,1,1,pre_allocation
44,6356,greenran_normal,0,0,65535_65535,0,3,116089,65,1,1,1,9,65,28,1,1,allocated
44,6356,greenran_normal,0,0,65535_65535,0,2,116087,57,1,1,0,8,0,28,1,1,pre_allocation
44,6356,greenran_normal,0,0,65535_65535,0,2,116087,65,1,1,1,9,65,28,1,1,allocated
44,6356,greenran_normal,0,0,65535_65535,0,5,116083,57,1,1,0,8,0,28,1,1,pre_allocation
44,6356,greenran_normal,0,0,65535_65535,0,5,116083,65,1,1,1,9,65,28,1,1,allocated
44,6356,greenran_normal,0,0,65535_65535,0,4,117872,52,1,1,0,9,0,24,1,1,pre_allocation
44,6356,greenran_normal,0,0,65535_65535,0,4,117872,58,1,1,1,10,58,24,1,1,allocated
44,6356,greenran_normal,0,0,65535_65535,0,1,116104,65,1,1,0,9,0,28,1,1,pre_allocation
44,6356,greenran_normal,0,0,65535_65535,0,1,116104,72,1,1,1,10,72,28,1,1,allocated
44,6356,greenran_normal,0,0,65535_65535,0,3,116089,65,1,1,0,9,0,28,1,1,pre_allocation
44,6356,greenran_normal,0,0,65535_65535,0,3,116089,72,1,1,1,10,72,28,1,1,allocated
44,6356,greenran_normal,0,0,65535_65535,0,2,116087,65,1,1,0,9,0,28,1,1,pre_allocation
44,6356,greenran_normal,0,0,65535_65535,0,2,116087,72,1,1,1,10,72,28,1,1,allocated
44,6356,greenran_normal,0,0,65535_65535,0,5,116083,65,1,1,0,9,0,28,1,1,pre_allocation
44,6356,greenran_normal,0,0,65535_65535,0,5,116083,72,1,1,1,10,72,28,1,1,allocated
44,6356,greenran_normal,0,0,65535_65535,0,4,117872,58,1,1,0,10,0,24,1,1,pre_allocation
44,6356,greenran_normal,0,0,65535_65535,0,4,117872,65,1,1,1,11,65,24,1,1,allocated
44,6356,greenran_normal,0,0,65535_65535,0,1,116104,72,1,1,0,10,0,28,1,1,pre_allocation
44,6356,greenran_normal,0,0,65535_65535,0,1,116104,80,1,1,1,11,80,28,1,1,allocated
44,6356,greenran_normal,0,0,65535_65535,0,3,116089,72,1,1,0,10,0,28,1,1,pre_allocation
44,6356,greenran_normal,0,0,65535_65535,0,3,116089,80,1,1,1,11,80,28,1,1,allocated
44,6356,greenran_normal,0,0,65535_65535,0,2,116087,72,1,1,0,10,0,28,1,1,pre_allocation
44,6356,greenran_normal,0,0,65535_65535,0,2,116087,80,1,1,1,11,80,28,1,1,allocated
44,6356,greenran_normal,0,0,65535_65535,0,5,116083,72,1,1,0,10,0,28,1,1,pre_allocation
44,6356,greenran_normal,0,0,65535_65535,0,5,116083,80,1,1,1,11,80,28,1,1,allocated
44,6356,greenran_normal,0,0,65535_65535,0,4,117872,65,1,1,0,11,0,24,1,1,pre_allocation
44,6356,greenran_normal,0,0,65535_65535,0,4,117872,71,1,1,1,12,71,24,1,1,allocated
44,6356,greenran_normal,0,0,65535_65535,0,1,116104,80,1,1,0,11,0,28,1,1,pre_allocation
44,6356,greenran_normal,0,0,65535_65535,0,1,116104,88,1,1,1,12,88,28,1,1,allocated
44,6356,greenran_normal,0,0,65535_65535,0,3,116089,80,1,1,0,11,0,28,1,1,pre_allocation
44,6356,greenran_normal,0,0,65535_65535,0,3,116089,88,1,1,1,12,88,28,1,1,allocated
44,6356,greenran_normal,0,0,65535_65535,0,2,116087,80,1,1,0,11,0,28,1,1,pre_allocation
44,6356,greenran_normal,0,0,65535_65535,0,2,116087,88,1,1,1,12,88,28,1,1,allocated
44,6356,greenran_normal,0,0,65535_65535,0,5,116083,80,1,1,0,11,0,28,1,1,pre_allocation
44,6356,greenran_normal,0,0,65535_65535,0,5,116083,88,1,1,1,12,88,28,1,1,allocated
44,6356,greenran_normal,0,0,65535_65535,0,4,117872,71,1,1,0,12,0,24,1,1,pre_allocation
44,6356,greenran_normal,0,0,65535_65535,0,4,117872,77,1,1,1,13,77,24,1,1,allocated
44,6356,greenran_normal,0,0,65535_65535,0,1,116104,88,1,1,0,12,0,28,1,1,pre_allocation
44,6356,greenran_normal,0,0,65535_65535,0,1,116104,95,1,1,1,13,95,28,1,1,allocated
44,6356,greenran_normal,0,0,65535_65535,0,3,116089,88,1,1,0,12,0,28,1,1,pre_allocation
44,6356,greenran_normal,0,0,65535_65535,0,3,116089,95,1,1,1,13,95,28,1,1,allocated
44,6356,greenran_normal,0,0,65535_65535,0,2,116087,88,1,1,0,12,0,28,1,1,pre_allocation
44,6356,greenran_normal,0,0,65535_65535,0,2,116087,95,1,1,1,13,95,28,1,1,allocated
44,6356,greenran_normal,0,0,65535_65535,0,5,116083,88,1,1,0,12,0,28,1,1,pre_allocation
44,6356,greenran_normal,0,0,65535_65535,0,5,116083,95,1,1,1,13,95,28,1,1,allocated
44,6356,greenran_normal,0,0,65535_65535,0,4,117872,77,1,1,0,13,0,24,1,1,pre_allocation
44,6356,greenran_normal,0,0,65535_65535,0,4,117872,83,1,1,1,14,83,24,1,1,allocated
44,6356,greenran_normal,0,0,65535_65535,0,1,116104,95,1,1,0,13,0,28,1,1,pre_allocation
44,6356,greenran_normal,0,0,65535_65535,0,1,116104,103,1,1,1,14,103,28,1,1,allocated
44,6356,greenran_normal,0,0,65535_65535,0,3,116089,95,1,1,0,13,0,28,1,1,pre_allocation
44,6356,greenran_normal,0,0,65535_65535,0,3,116089,103,1,1,1,14,103,28,1,1,allocated
44,6356,greenran_normal,0,0,65535_65535,0,2,116087,95,1,1,0,13,0,28,1,1,pre_allocation
44,6356,greenran_normal,0,0,65535_65535,0,2,116087,103,1,1,1,14,103,28,1,1,allocated
44,6356,greenran_normal,0,0,65535_65535,0,5,116083,95,1,1,0,13,0,28,1,1,pre_allocation
44,6356,greenran_normal,0,0,65535_65535,0,5,116083,103,1,1,1,14,103,28,1,1,allocated
44,6356,greenran_normal,0,0,65535_65535,0,4,117872,83,1,1,0,14,0,24,1,1,pre_allocation
44,6356,greenran_normal,0,0,65535_65535,0,4,117872,89,1,1,1,15,89,24,1,1,allocated
44,6356,greenran_normal,0,0,65535_65535,0,1,116104,103,1,1,0,14,0,28,1,1,pre_allocation
44,6356,greenran_normal,0,0,65535_65535,0,1,116104,110,1,1,1,15,110,28,1,1,allocated
44,6356,greenran_normal,0,0,65535_65535,0,3,116089,103,1,1,0,14,0,28,1,1,pre_allocation
44,6356,greenran_normal,0,0,65535_65535,0,3,116089,110,1,1,1,15,110,28,1,1,allocated
44,6356,greenran_normal,0,0,65535_65535,0,2,116087,103,1,1,0,14,0,28,1,1,pre_allocation
44,6356,greenran_normal,0,0,65535_65535,0,2,116087,110,1,1,1,15,110,28,1,1,allocated
44,6356,greenran_normal,0,0,65535_65535,0,5,116083,103,1,1,0,14,0,28,1,1,pre_allocation
44,6356,greenran_normal,0,0,65535_65535,0,5,116083,110,1,1,1,15,110,28,1,1,allocated
44,6356,greenran_normal,0,0,65535_65535,0,4,117872,89,1,1,0,15,0,24,1,1,pre_allocation
44,6356,greenran_normal,0,0,65535_65535,0,4,117872,96,1,1,1,16,96,24,1,1,allocated
44,6356,greenran_normal,0,0,65535_65535,0,1,116104,110,1,1,0,15,0,28,1,1,pre_allocation
44,6356,greenran_normal,0,0,65535_65535,0,1,116104,118,1,1,1,16,118,28,1,1,allocated
44,6356,greenran_normal,0,0,65535_65535,0,3,116089,110,1,1,0,15,0,28,1,1,pre_allocation
44,6356,greenran_normal,0,0,65535_65535,0,3,116089,118,1,1,1,16,118,28,1,1,allocated
44,6356,greenran_normal,0,0,65535_65535,0,2,116087,110,1,1,0,15,0,28,1,1,pre_allocation
44,6356,greenran_normal,0,0,65535_65535,0,2,116087,118,1,1,1,16,118,28,1,1,allocated
44,6356,greenran_normal,0,0,65535_65535,0,5,116083,110,1,1,0,15,0,28,1,1,pre_allocation
44,6356,greenran_normal,0,0,65535_65535,0,5,116083,118,1,1,1,16,118,28,1,1,allocated
44,6356,greenran_normal,0,0,65535_65535,0,4,117872,96,1,1,0,16,0,24,1,1,pre_allocation
44,6356,greenran_normal,0,0,65535_65535,0,4,117872,102,1,1,1,17,102,24,1,1,allocated
44,6356,greenran_normal,0,0,65535_65535,0,1,116104,118,1,1,0,16,0,28,1,1,pre_allocation
44,6356,greenran_normal,0,0,65535_65535,0,1,116104,126,1,1,1,17,126,28,1,1,allocated
44,6356,greenran_normal,0,0,65535_65535,0,3,116089,118,1,1,0,16,0,28,1,1,pre_allocation
44,6356,greenran_normal,0,0,65535_65535,0,3,116089,126,1,1,1,17,126,28,1,1,allocated
44,6356,greenran_normal,0,0,65535_65535,0,2,116087,118,1,1,0,16,0,28,1,1,pre_allocation
44,6356,greenran_normal,0,0,65535_65535,0,2,116087,126,1,1,1,17,126,28,1,1,allocated
44,6356,greenran_normal,0,0,65535_65535,0,5,116083,118,1,1,0,16,0,28,1,1,pre_allocation
44,6356,greenran_normal,0,0,65535_65535,0,5,116083,126,1,1,1,17,126,28,1,1,allocated
44,6356,greenran_normal,0,0,65535_65535,0,4,117872,102,1,1,0,17,0,24,1,1,pre_allocation
44,6356,greenran_normal,0,0,65535_65535,0,4,117872,108,1,1,1,18,108,24,1,1,allocated
44,6356,greenran_normal,0,0,65535_65535,0,1,116104,126,1,1,0,17,0,28,1,1,pre_allocation
44,6356,greenran_normal,0,0,65535_65535,0,1,116104,133,1,1,1,18,133,28,1,1,allocated
44,6356,greenran_normal,0,0,65535_65535,0,3,116089,126,1,1,0,17,0,28,1,1,pre_allocation
44,6356,greenran_normal,0,0,65535_65535,0,3,116089,133,1,1,1,18,133,28,1,1,allocated
44,6356,greenran_normal,0,0,65535_65535,0,2,116087,126,1,1,0,17,0,28,1,1,pre_allocation
44,6356,greenran_normal,0,0,65535_65535,0,2,116087,133,1,1,1,18,133,28,1,1,allocated
44,6356,greenran_normal,0,0,65535_65535,0,5,116083,126,1,1,0,17,0,28,1,1,pre_allocation
44,6356,greenran_normal,0,0,65535_65535,0,5,116083,133,1,1,1,18,133,28,1,1,allocated
44,6356,greenran_normal,0,0,65535_65535,0,4,117872,108,1,1,0,18,0,24,1,1,pre_allocation
44,6356,greenran_normal,0,0,65535_65535,0,4,117872,114,1,1,1,19,114,24,1,1,allocated
44,6356,greenran_normal,0,0,65535_65535,0,1,116104,133,1,1,0,18,0,28,1,1,pre_allocation
44,6356,greenran_normal,0,0,65535_65535,0,1,116104,141,1,1,1,19,141,28,1,1,allocated
44,6356,greenran_normal,0,0,65535_65535,0,3,116089,133,1,1,0,18,0,28,1,1,pre_allocation
44,6356,greenran_normal,0,0,65535_65535,0,3,116089,141,1,1,1,19,141,28,1,1,allocated
44,6356,greenran_normal,0,0,65535_65535,0,2,116087,133,1,1,0,18,0,28,1,1,pre_allocation
44,6356,greenran_normal,0,0,65535_65535,0,2,116087,141,1,1,1,19,141,28,1,1,allocated
44,6356,greenran_normal,0,0,65535_65535,0,5,116083,133,1,1,0,18,0,28,1,1,pre_allocation
44,6356,greenran_normal,0,0,65535_65535,0,5,116083,141,1,1,1,19,141,28,1,1,allocated
44,6356,greenran_normal,0,0,65535_65535,0,4,117872,114,1,1,0,19,0,24,1,1,pre_allocation
44,6356,greenran_normal,0,0,65535_65535,0,4,117872,120,1,1,1,20,120,24,1,1,allocated
44,6356,greenran_normal,0,0,65535_65535,0,1,116104,141,1,1,0,19,0,28,1,1,pre_allocation
44,6356,greenran_normal,0,0,65535_65535,0,1,116104,148,1,1,1,20,148,28,1,1,allocated
44,6356,greenran_normal,0,0,65535_65535,0,3,116089,141,1,1,0,19,0,28,1,1,pre_allocation
44,6356,greenran_normal,0,0,65535_65535,0,3,116089,148,1,1,1,20,148,28,1,1,allocated
44,6356,greenran_normal,0,0,65535_65535,0,2,116087,141,1,1,0,19,0,28,1,1,pre_allocation
44,6356,greenran_normal,0,0,65535_65535,0,2,116087,148,1,1,1,20,148,28,1,1,allocated
44,6356,greenran_normal,0,0,65535_65535,0,5,116083,141,1,1,0,19,0,28,1,1,pre_allocation
44,6356,greenran_normal,0,0,65535_65535,0,5,116083,148,1,1,1,20,148,28,1,1,allocated
44,6356,greenran_normal,0,0,65535_65535,0,4,117872,120,1,1,0,20,0,24,1,1,pre_allocation
44,6356,greenran_normal,0,0,65535_65535,0,4,117872,126,1,1,1,21,126,24,1,1,allocated
44,6356,greenran_normal,0,0,65535_65535,0,1,116104,148,1,1,0,20,0,28,1,1,pre_allocation
44,6356,greenran_normal,0,0,65535_65535,0,1,116104,156,1,1,1,21,156,28,1,1,allocated
44,6356,greenran_normal,0,0,65535_65535,0,3,116089,148,1,1,0,20,0,28,1,1,pre_allocation
44,6356,greenran_normal,0,0,65535_65535,0,3,116089,156,1,1,1,21,156,28,1,1,allocated
44,6356,greenran_normal,0,0,65535_65535,0,2,116087,148,1,1,0,20,0,28,1,1,pre_allocation
44,6356,greenran_normal,0,0,65535_65535,0,2,116087,156,1,1,1,21,156,28,1,1,allocated
44,6356,greenran_normal,0,0,65535_65535,0,5,116083,148,1,1,0,20,0,28,1,1,pre_allocation
44,6356,greenran_normal,0,0,65535_65535,0,5,116083,156,1,1,1,21,156,28,1,1,allocated
44,6356,greenran_normal,0,0,65535_65535,0,4,117872,126,1,1,0,21,0,24,1,1,pre_allocation
44,6356,greenran_normal,0,0,65535_65535,0,4,117872,133,1,1,1,22,133,24,1,1,allocated
44,6356,greenran_normal,0,0,65535_65535,0,1,116104,156,1,1,0,21,0,28,1,1,pre_allocation
44,6356,greenran_normal,0,0,65535_65535,0,1,116104,163,1,1,1,22,163,28,1,1,allocated
44,6356,greenran_normal,0,0,65535_65535,0,3,116089,156,1,1,0,21,0,28,1,1,pre_allocation
44,6356,greenran_normal,0,0,65535_65535,0,3,116089,163,1,1,1,22,163,28,1,1,allocated
44,6356,greenran_normal,0,0,65535_65535,0,2,116087,156,1,1,0,21,0,28,1,1,pre_allocation
44,6356,greenran_normal,0,0,65535_65535,0,2,116087,163,1,1,1,22,163,28,1,1,allocated
44,6356,greenran_normal,0,0,65535_65535,0,5,116083,156,1,1,0,21,0,28,1,1,pre_allocation
44,6356,greenran_normal,0,0,65535_65535,0,5,116083,163,1,1,1,22,163,28,1,1,allocated
44,6356,greenran_normal,0,0,65535_65535,0,4,117872,133,1,1,0,22,0,24,1,1,pre_allocation
44,6356,greenran_normal,0,0,65535_65535,0,4,117872,139,1,1,1,23,139,24,1,1,allocated
44,6356,greenran_normal,0,0,65535_65535,2,38,3740268,0,1,1,0,0,0,2,1,1,pre_allocation
44,6356,greenran_normal,0,0,65535_65535,2,38,3740268,0,1,1,1,1,0,2,1,1,allocated
44,6356,greenran_normal,0,0,65535_65535,2,60,3740012,0,1,1,0,0,0,10,1,1,pre_allocation
44,6356,greenran_normal,0,0,65535_65535,2,60,3740012,1,1,1,1,1,1,10,1,1,allocated
44,6356,greenran_normal,0,0,65535_65535,2,64,3739829,0,1,1,0,0,0,14,1,1,pre_allocation
44,6356,greenran_normal,0,0,65535_65535,2,64,3739829,2,1,1,1,1,2,14,1,1,allocated
44,6356,greenran_normal,0,0,65535_65535,2,43,3739380,0,1,1,0,0,0,26,1,1,pre_allocation
44,6356,greenran_normal,0,0,65535_65535,2,43,3739380,4,1,1,1,1,4,26,1,1,allocated
44,6356,greenran_normal,0,0,65535_65535,2,42,3738891,0,1,1,0,0,0,22,1,1,pre_allocation
44,6356,greenran_normal,0,0,65535_65535,2,42,3738891,2,1,1,1,1,2,22,1,1,allocated
44,6356,greenran_normal,0,0,65535_65535,2,36,3738519,0,1,1,0,0,0,26,1,1,pre_allocation
44,6356,greenran_normal,0,0,65535_65535,2,36,3738519,4,1,1,1,1,4,26,1,1,allocated
44,6356,greenran_normal,0,0,65535_65535,2,59,3738503,0,1,1,0,0,0,28,1,1,pre_allocation
44,6356,greenran_normal,0,0,65535_65535,2,59,3738503,4,1,1,1,1,4,28,1,1,allocated
44,6356,greenran_normal,0,0,65535_65535,2,61,3738451,0,1,1,0,0,0,28,1,1,pre_allocation
44,6356,greenran_normal,0,0,65535_65535,2,61,3738451,4,1,1,1,1,4,28,1,1,allocated
44,6356,greenran_normal,0,0,65535_65535,2,63,3738450,0,1,1,0,0,0,28,1,1,pre_allocation
44,6356,greenran_normal,0,0,65535_65535,2,63,3738450,4,1,1,1,1,4,28,1,1,allocated
44,6356,greenran_normal,0,0,65535_65535,2,58,3738517,0,1,1,0,0,0,28,1,1,pre_allocation
44,6356,greenran_normal,0,0,65535_65535,2,58,3738517,4,1,1,1,1,4,28,1,1,allocated
44,6356,greenran_normal,0,0,65535_65535,2,37,3738448,0,1,1,0,0,0,28,1,1,pre_allocation
44,6356,greenran_normal,0,0,65535_65535,2,37,3738448,4,1,1,1,1,4,28,1,1,allocated
44,6356,greenran_normal,0,0,65535_65535,2,35,3738445,0,1,1,0,0,0,28,1,1,pre_allocation
44,6356,greenran_normal,0,0,65535_65535,2,35,3738445,4,1,1,1,1,4,28,1,1,allocated
44,6356,greenran_normal,0,0,65535_65535,2,44,3738445,0,1,1,0,0,0,28,1,1,pre_allocation
44,6356,greenran_normal,0,0,65535_65535,2,44,3738445,4,1,1,1,1,4,28,1,1,allocated
44,6356,greenran_normal,0,0,65535_65535,2,39,3738449,0,1,1,0,0,0,26,1,1,pre_allocation
44,6356,greenran_normal,0,0,65535_65535,2,39,3738449,4,1,1,1,1,4,26,1,1,allocated
44,6356,greenran_normal,0,0,65535_65535,2,55,3738445,0,1,1,0,0,0,28,1,1,pre_allocation
44,6356,greenran_normal,0,0,65535_65535,2,55,3738445,4,1,1,1,1,4,28,1,1,allocated
44,6356,greenran_normal,0,0,65535_65535,2,56,3738445,0,1,1,0,0,0,28,1,1,pre_allocation
44,6356,greenran_normal,0,0,65535_65535,2,56,3738445,4,1,1,1,1,4,28,1,1,allocated
44,6356,greenran_normal,0,0,65535_65535,2,57,3738445,0,1,1,0,0,0,28,1,1,pre_allocation
44,6356,greenran_normal,0,0,65535_65535,2,57,3738445,4,1,1,1,1,4,28,1,1,allocated
44,6356,greenran_normal,0,0,65535_65535,2,40,3738447,0,1,1,0,0,0,28,1,1,pre_allocation
44,6356,greenran_normal,0,0,65535_65535,2,40,3738447,4,1,1,1,1,4,28,1,1,allocated
44,6356,greenran_normal,0,0,65535_65535,2,41,3738447,0,1,1,0,0,0,28,1,1,pre_allocation
44,6356,greenran_normal,0,0,65535_65535,2,41,3738447,4,1,1,1,1,4,28,1,1,allocated
44,6356,greenran_normal,0,0,65535_65535,2,62,3738443,0,1,1,0,0,0,28,1,1,pre_allocation
44,6356,greenran_normal,0,0,65535_65535,2,62,3738443,4,1,1,1,1,4,28,1,1,allocated
44,6356,greenran_normal,0,0,65535_65535,2,38,3740268,0,1,1,0,1,0,2,1,1,pre_allocation
44,6356,greenran_normal,0,0,65535_65535,2,38,3740268,0,1,1,1,2,0,2,1,1,allocated
44,6356,greenran_normal,0,0,65535_65535,2,60,3740012,1,1,1,0,1,0,10,1,1,pre_allocation
44,6356,greenran_normal,0,0,65535_65535,2,60,3740012,0,1,1,1,2,0,10,1,1,allocated
44,6356,greenran_normal,0,0,65535_65535,2,64,3739829,2,1,1,0,1,0,14,1,1,pre_allocation
44,6356,greenran_normal,0,0,65535_65535,2,64,3739829,2,1,1,1,2,2,14,1,1,allocated
44,6356,greenran_normal,0,0,65535_65535,2,43,3739380,4,1,1,0,1,0,26,1,1,pre_allocation
44,6356,greenran_normal,0,0,65535_65535,2,43,3739380,11,1,1,1,2,11,26,1,1,allocated
44,6356,greenran_normal,0,0,65535_65535,2,42,3738891,2,1,1,0,1,0,22,1,1,pre_allocation
44,6356,greenran_normal,0,0,65535_65535,2,42,3738891,7,1,1,1,2,7,22,1,1,allocated
44,6356,greenran_normal,0,0,65535_65535,2,36,3738519,4,1,1,0,1,0,26,1,1,pre_allocation
44,6356,greenran_normal,0,0,65535_65535,2,36,3738519,11,1,1,1,2,11,26,1,1,allocated
44,6356,greenran_normal,0,0,65535_65535,2,59,3738503,4,1,1,0,1,0,28,1,1,pre_allocation
44,6356,greenran_normal,0,0,65535_65535,2,59,3738503,12,1,1,1,2,12,28,1,1,allocated
44,6356,greenran_normal,0,0,65535_65535,2,61,3738451,4,1,1,0,1,0,28,1,1,pre_allocation
44,6356,greenran_normal,0,0,65535_65535,2,61,3738451,12,1,1,1,2,12,28,1,1,allocated
44,6356,greenran_normal,0,0,65535_65535,2,63,3738450,4,1,1,0,1,0,28,1,1,pre_allocation
44,6356,greenran_normal,0,0,65535_65535,2,63,3738450,12,1,1,1,2,12,28,1,1,allocated
44,6356,greenran_normal,0,0,65535_65535,2,58,3738517,4,1,1,0,1,0,28,1,1,pre_allocation
44,6356,greenran_normal,0,0,65535_65535,2,58,3738517,12,1,1,1,2,12,28,1,1,allocated
44,6356,greenran_normal,0,0,65535_65535,2,37,3738448,4,1,1,0,1,0,28,1,1,pre_allocation
44,6356,greenran_normal,0,0,65535_65535,2,37,3738448,12,1,1,1,2,12,28,1,1,allocated
44,6356,greenran_normal,0,0,65535_65535,2,35,3738445,4,1,1,0,1,0,28,1,1,pre_allocation
44,6356,greenran_normal,0,0,65535_65535,2,35,3738445,12,1,1,1,2,12,28,1,1,allocated
44,6356,greenran_normal,0,0,65535_65535,2,44,3738445,4,1,1,0,1,0,28,1,1,pre_allocation
44,6356,greenran_normal,0,0,65535_65535,2,44,3738445,12,1,1,1,2,12,28,1,1,allocated
44,6356,greenran_normal,0,0,65535_65535,2,39,3738449,4,1,1,0,1,0,26,1,1,pre_allocation
44,6356,greenran_normal,0,0,65535_65535,2,39,3738449,11,1,1,1,2,11,26,1,1,allocated
44,6356,greenran_normal,0,0,65535_65535,2,55,3738445,4,1,1,0,1,0,28,1,1,pre_allocation
44,6356,greenran_normal,0,0,65535_65535,2,55,3738445,12,1,1,1,2,12,28,1,1,allocated
44,6356,greenran_normal,0,0,65535_65535,2,56,3738445,4,1,1,0,1,0,28,1,1,pre_allocation
44,6356,greenran_normal,0,0,65535_65535,2,56,3738445,12,1,1,1,2,12,28,1,1,allocated
44,6356,greenran_normal,0,0,65535_65535,2,57,3738445,4,1,1,0,1,0,28,1,1,pre_allocation
44,6356,greenran_normal,0,0,65535_65535,2,57,3738445,12,1,1,1,2,12,28,1,1,allocated
44,6356,greenran_normal,0,0,65535_65535,2,40,3738447,4,1,1,0,1,0,28,1,1,pre_allocation
44,6356,greenran_normal,0,0,65535_65535,2,40,3738447,12,1,1,1,2,12,28,1,1,allocated
44,6356,greenran_normal,0,0,65535_65535,2,41,3738447,4,1,1,0,1,0,28,1,1,pre_allocation
44,6356,greenran_normal,0,0,65535_65535,2,41,3738447,12,1,1,1,2,12,28,1,1,allocated
44,6356,greenran_normal,0,0,65535_65535,2,62,3738443,4,1,1,0,1,0,28,1,1,pre_allocation
44,6356,greenran_normal,0,0,65535_65535,2,62,3738443,12,1,1,1,2,12,28,1,1,allocated
44,6356,greenran_normal,0,0,65535_65535,2,38,3740268,0,1,1,0,2,0,2,1,1,pre_allocation
44,6356,greenran_normal,0,0,65535_65535,2,38,3740268,0,1,1,1,3,0,2,1,1,allocated
44,6356,greenran_normal,0,0,65535_65535,2,60,3740012,0,1,1,0,2,0,10,1,1,pre_allocation
44,6356,greenran_normal,0,0,65535_65535,2,60,3740012,1,1,1,1,3,1,10,1,1,allocated
44,6356,greenran_normal,0,0,65535_65535,2,64,3739829,2,1,1,0,2,0,14,1,1,pre_allocation
44,6356,greenran_normal,0,0,65535_65535,2,64,3739829,4,1,1,1,3,4,14,1,1,allocated
44,6356,greenran_normal,0,0,65535_65535,2,43,3739380,11,1,1,0,2,0,26,1,1,pre_allocation
44,6356,greenran_normal,0,0,65535_65535,2,43,3739380,18,1,1,1,3,18,26,1,1,allocated
44,6356,greenran_normal,0,0,65535_65535,2,42,3738891,7,1,1,0,2,0,22,1,1,pre_allocation
44,6356,greenran_normal,0,0,65535_65535,2,42,3738891,13,1,1,1,3,13,22,1,1,allocated
44,6356,greenran_normal,0,0,65535_65535,2,36,3738519,11,1,1,0,2,0,26,1,1,pre_allocation
44,6356,greenran_normal,0,0,65535_65535,2,36,3738519,18,1,1,1,3,18,26,1,1,allocated
44,6356,greenran_normal,0,0,65535_65535,2,59,3738503,12,1,1,0,2,0,28,1,1,pre_allocation
44,6356,greenran_normal,0,0,65535_65535,2,59,3738503,19,1,1,1,3,19,28,1,1,allocated
44,6356,greenran_normal,0,0,65535_65535,2,61,3738451,12,1,1,0,2,0,28,1,1,pre_allocation
44,6356,greenran_normal,0,0,65535_65535,2,61,3738451,19,1,1,1,3,19,28,1,1,allocated
44,6356,greenran_normal,0,0,65535_65535,2,63,3738450,12,1,1,0,2,0,28,1,1,pre_allocation
44,6356,greenran_normal,0,0,65535_65535,2,63,3738450,19,1,1,1,3,19,28,1,1,allocated
44,6356,greenran_normal,0,0,65535_65535,2,58,3738517,12,1,1,0,2,0,28,1,1,pre_allocation
44,6356,greenran_normal,0,0,65535_65535,2,58,3738517,19,1,1,1,3,19,28,1,1,allocated
44,6356,greenran_normal,0,0,65535_65535,2,37,3738448,12,1,1,0,2,0,28,1,1,pre_allocation
44,6356,greenran_normal,0,0,65535_65535,2,37,3738448,19,1,1,1,3,19,28,1,1,allocated
44,6356,greenran_normal,0,0,65535_65535,2,35,3738445,12,1,1,0,2,0,28,1,1,pre_allocation
44,6356,greenran_normal,0,0,65535_65535,2,35,3738445,19,1,1,1,3,19,28,1,1,allocated
44,6356,greenran_normal,0,0,65535_65535,2,44,3738445,12,1,1,0,2,0,28,1,1,pre_allocation
44,6356,greenran_normal,0,0,65535_65535,2,44,3738445,19,1,1,1,3,19,28,1,1,allocated
44,6356,greenran_normal,0,0,65535_65535,2,39,3738449,11,1,1,0,2,0,26,1,1,pre_allocation
44,6356,greenran_normal,0,0,65535_65535,2,39,3738449,18,1,1,1,3,18,26,1,1,allocated
44,6356,greenran_normal,0,0,65535_65535,2,55,3738445,12,1,1,0,2,0,28,1,1,pre_allocation
44,6356,greenran_normal,0,0,65535_65535,2,55,3738445,19,1,1,1,3,19,28,1,1,allocated
44,6356,greenran_normal,0,0,65535_65535,2,56,3738445,12,1,1,0,2,0,28,1,1,pre_allocation
44,6356,greenran_normal,0,0,65535_65535,2,56,3738445,19,1,1,1,3,19,28,1,1,allocated
44,6356,greenran_normal,0,0,65535_65535,2,57,3738445,12,1,1,0,2,0,28,1,1,pre_allocation
44,6356,greenran_normal,0,0,65535_65535,2,57,3738445,19,1,1,1,3,19,28,1,1,allocated
44,6356,greenran_normal,0,0,65535_65535,2,40,3738447,12,1,1,0,2,0,28,1,1,pre_allocation
44,6356,greenran_normal,0,0,65535_65535,2,40,3738447,19,1,1,1,3,19,28,1,1,allocated
44,6356,greenran_normal,0,0,65535_65535,2,41,3738447,12,1,1,0,2,0,28,1,1,pre_allocation
44,6356,greenran_normal,0,0,65535_65535,2,41,3738447,19,1,1,1,3,19,28,1,1,allocated
44,6356,greenran_normal,0,0,65535_65535,2,62,3738443,12,1,1,0,2,0,28,1,1,pre_allocation
44,6356,greenran_normal,0,0,65535_65535,2,62,3738443,19,1,1,1,3,19,28,1,1,allocated
44,6356,greenran_normal,0,0,65535_65535,2,38,3740268,0,1,1,0,3,0,2,1,1,pre_allocation
44,6356,greenran_normal,0,0,65535_65535,2,38,3740268,1,1,1,1,4,1,2,1,1,allocated
44,6356,greenran_normal,0,0,65535_65535,2,60,3740012,1,1,1,0,3,0,10,1,1,pre_allocation
44,6356,greenran_normal,0,0,65535_65535,2,60,3740012,3,1,1,1,4,3,10,1,1,allocated
44,6356,greenran_normal,0,0,65535_65535,2,64,3739829,4,1,1,0,3,0,14,1,1,pre_allocation
44,6356,greenran_normal,0,0,65535_65535,2,64,3739829,7,1,1,1,4,7,14,1,1,allocated
44,6356,greenran_normal,0,0,65535_65535,2,43,3739380,18,1,1,0,3,0,26,1,1,pre_allocation
44,6356,greenran_normal,0,0,65535_65535,2,43,3739380,25,1,1,1,4,25,26,1,1,allocated
44,6356,greenran_normal,0,0,65535_65535,2,42,3738891,13,1,1,0,3,0,22,1,1,pre_allocation
44,6356,greenran_normal,0,0,65535_65535,2,42,3738891,18,1,1,1,4,18,22,1,1,allocated
44,6356,greenran_normal,0,0,65535_65535,2,36,3738519,18,1,1,0,3,0,26,1,1,pre_allocation
44,6356,greenran_normal,0,0,65535_65535,2,36,3738519,25,1,1,1,4,25,26,1,1,allocated
44,6356,greenran_normal,0,0,65535_65535,2,59,3738503,19,1,1,0,3,0,28,1,1,pre_allocation
44,6356,greenran_normal,0,0,65535_65535,2,59,3738503,27,1,1,1,4,27,28,1,1,allocated
44,6356,greenran_normal,0,0,65535_65535,2,61,3738451,19,1,1,0,3,0,28,1,1,pre_allocation
44,6356,greenran_normal,0,0,65535_65535,2,61,3738451,27,1,1,1,4,27,28,1,1,allocated
44,6356,greenran_normal,0,0,65535_65535,2,63,3738450,19,1,1,0,3,0,28,1,1,pre_allocation
44,6356,greenran_normal,0,0,65535_65535,2,63,3738450,27,1,1,1,4,27,28,1,1,allocated
44,6356,greenran_normal,0,0,65535_65535,2,58,3738517,19,1,1,0,3,0,28,1,1,pre_allocation
44,6356,greenran_normal,0,0,65535_65535,2,58,3738517,27,1,1,1,4,27,28,1,1,allocated
44,6356,greenran_normal,0,0,65535_65535,2,37,3738448,19,1,1,0,3,0,28,1,1,pre_allocation
44,6356,greenran_normal,0,0,65535_65535,2,37,3738448,27,1,1,1,4,27,28,1,1,allocated
44,6356,greenran_normal,0,0,65535_65535,2,35,3738445,19,1,1,0,3,0,28,1,1,pre_allocation
44,6356,greenran_normal,0,0,65535_65535,2,35,3738445,27,1,1,1,4,27,28,1,1,allocated
44,6356,greenran_normal,0,0,65535_65535,2,44,3738445,19,1,1,0,3,0,28,1,1,pre_allocation
44,6356,greenran_normal,0,0,65535_65535,2,44,3738445,27,1,1,1,4,27,28,1,1,allocated
44,6356,greenran_normal,0,0,65535_65535,2,39,3738449,18,1,1,0,3,0,26,1,1,pre_allocation
44,6356,greenran_normal,0,0,65535_65535,2,39,3738449,25,1,1,1,4,25,26,1,1,allocated
44,6356,greenran_normal,0,0,65535_65535,2,55,3738445,19,1,1,0,3,0,28,1,1,pre_allocation
44,6356,greenran_normal,0,0,65535_65535,2,55,3738445,27,1,1,1,4,27,28,1,1,allocated
44,6356,greenran_normal,0,0,65535_65535,2,56,3738445,19,1,1,0,3,0,28,1,1,pre_allocation
44,6356,greenran_normal,0,0,65535_65535,2,56,3738445,27,1,1,1,4,27,28,1,1,allocated
44,6356,greenran_normal,0,0,65535_65535,2,57,3738445,19,1,1,0,3,0,28,1,1,pre_allocation
44,6356,greenran_normal,0,0,65535_65535,2,57,3738445,27,1,1,1,4,27,28,1,1,allocated
44,6356,greenran_normal,0,0,65535_65535,2,40,3738447,19,1,1,0,3,0,28,1,1,pre_allocation
44,6356,greenran_normal,0,0,65535_65535,2,40,3738447,27,1,1,1,4,27,28,1,1,allocated
44,6356,greenran_normal,0,0,65535_65535,2,41,3738447,19,1,1,0,3,0,28,1,1,pre_allocation
44,6356,greenran_normal,0,0,65535_65535,2,41,3738447,27,1,1,1,4,27,28,1,1,allocated
44,6356,greenran_normal,0,0,65535_65535,2,62,3738443,19,1,1,0,3,0,28,1,1,pre_allocation
44,6356,greenran_normal,0,0,65535_65535,2,62,3738443,27,1,1,1,4,27,28,1,1,allocated
44,6356,greenran_normal,0,0,65535_65535,2,38,3740268,1,1,1,0,4,0,2,1,1,pre_allocation
44,6356,greenran_normal,0,0,65535_65535,2,38,3740268,1,1,1,1,5,1,2,1,1,allocated
44,6356,greenran_normal,0,0,65535_65535,2,60,3740012,3,1,1,0,4,0,10,1,1,pre_allocation
44,6356,greenran_normal,0,0,65535_65535,2,60,3740012,5,1,1,1,5,5,10,1,1,allocated
44,6356,greenran_normal,0,0,65535_65535,2,64,3739829,7,1,1,0,4,0,14,1,1,pre_allocation
44,6356,greenran_normal,0,0,65535_65535,2,64,3739829,10,1,1,1,5,10,14,1,1,allocated
44,6356,greenran_normal,0,0,65535_65535,2,43,3739380,25,1,1,0,4,0,26,1,1,pre_allocation
44,6356,greenran_normal,0,0,65535_65535,2,43,3739380,32,1,1,1,5,32,26,1,1,allocated
44,6356,greenran_normal,0,0,65535_65535,2,42,3738891,18,1,1,0,4,0,22,1,1,pre_allocation
44,6356,greenran_normal,0,0,65535_65535,2,42,3738891,23,1,1,1,5,23,22,1,1,allocated
44,6356,greenran_normal,0,0,65535_65535,2,36,3738519,25,1,1,0,4,0,26,1,1,pre_allocation
44,6356,greenran_normal,0,0,65535_65535,2,36,3738519,32,1,1,1,5,32,26,1,1,allocated
44,6356,greenran_normal,0,0,65535_65535,2,59,3738503,27,1,1,0,4,0,28,1,1,pre_allocation
44,6356,greenran_normal,0,0,65535_65535,2,59,3738503,34,1,1,1,5,34,28,1,1,allocated
44,6356,greenran_normal,0,0,65535_65535,2,61,3738451,27,1,1,0,4,0,28,1,1,pre_allocation
44,6356,greenran_normal,0,0,65535_65535,2,61,3738451,34,1,1,1,5,34,28,1,1,allocated
44,6356,greenran_normal,0,0,65535_65535,2,63,3738450,27,1,1,0,4,0,28,1,1,pre_allocation
44,6356,greenran_normal,0,0,65535_65535,2,63,3738450,34,1,1,1,5,34,28,1,1,allocated
44,6356,greenran_normal,0,0,65535_65535,2,58,3738517,27,1,1,0,4,0,28,1,1,pre_allocation
44,6356,greenran_normal,0,0,65535_65535,2,58,3738517,34,1,1,1,5,34,28,1,1,allocated
44,6356,greenran_normal,0,0,65535_65535,2,37,3738448,27,1,1,0,4,0,28,1,1,pre_allocation
44,6356,greenran_normal,0,0,65535_65535,2,37,3738448,34,1,1,1,5,34,28,1,1,allocated
44,6356,greenran_normal,0,0,65535_65535,2,35,3738445,27,1,1,0,4,0,28,1,1,pre_allocation
44,6356,greenran_normal,0,0,65535_65535,2,35,3738445,34,1,1,1,5,34,28,1,1,allocated
44,6356,greenran_normal,0,0,65535_65535,2,44,3738445,27,1,1,0,4,0,28,1,1,pre_allocation
44,6356,greenran_normal,0,0,65535_65535,2,44,3738445,34,1,1,1,5,34,28,1,1,allocated
44,6356,greenran_normal,0,0,65535_65535,2,39,3738449,25,1,1,0,4,0,26,1,1,pre_allocation
44,6356,greenran_normal,0,0,65535_65535,2,39,3738449,32,1,1,1,5,32,26,1,1,allocated
44,6356,greenran_normal,0,0,65535_65535,2,55,3738445,27,1,1,0,4,0,28,1,1,pre_allocation
44,6356,greenran_normal,0,0,65535_65535,2,55,3738445,34,1,1,1,5,34,28,1,1,allocated
44,6356,greenran_normal,0,0,65535_65535,2,56,3738445,27,1,1,0,4,0,28,1,1,pre_allocation
44,6356,greenran_normal,0,0,65535_65535,2,56,3738445,34,1,1,1,5,34,28,1,1,allocated
44,6356,greenran_normal,0,0,65535_65535,2,57,3738445,27,1,1,0,4,0,28,1,1,pre_allocation
44,6356,greenran_normal,0,0,65535_65535,2,57,3738445,34,1,1,1,5,34,28,1,1,allocated
44,6356,greenran_normal,0,0,65535_65535,2,40,3738447,27,1,1,0,4,0,28,1,1,pre_allocation
44,6356,greenran_normal,0,0,65535_65535,2,40,3738447,34,1,1,1,5,34,28,1,1,allocated
44,6356,greenran_normal,0,0,65535_65535,2,41,3738447,27,1,1,0,4,0,28,1,1,pre_allocation
44,6356,greenran_normal,0,0,65535_65535,2,41,3738447,34,1,1,1,5,34,28,1,1,allocated
44,6356,greenran_normal,0,0,65535_65535,2,62,3738443,27,1,1,0,4,0,28,1,1,pre_allocation
44,6356,greenran_normal,0,0,65535_65535,2,62,3738443,34,1,1,1,5,34,28,1,1,allocated
44,6356,greenran_normal,0,0,65535_65535,2,38,3740268,1,1,1,0,5,0,2,1,1,pre_allocation
44,6356,greenran_normal,0,0,65535_65535,2,38,3740268,1,1,1,1,6,1,2,1,1,allocated
44,6356,greenran_normal,0,0,65535_65535,2,60,3740012,5,1,1,0,5,0,10,1,1,pre_allocation
44,6356,greenran_normal,0,0,65535_65535,2,60,3740012,6,1,1,1,6,6,10,1,1,allocated
44,6356,greenran_normal,0,0,65535_65535,2,64,3739829,10,1,1,0,5,0,14,1,1,pre_allocation
44,6356,greenran_normal,0,0,65535_65535,2,64,3739829,12,1,1,1,6,12,14,1,1,allocated
44,6356,greenran_normal,0,0,65535_65535,2,43,3739380,32,1,1,0,5,0,26,1,1,pre_allocation
44,6356,greenran_normal,0,0,65535_65535,2,43,3739380,39,1,1,1,6,39,26,1,1,allocated
44,6356,greenran_normal,0,0,65535_65535,2,42,3738891,23,1,1,0,5,0,22,1,1,pre_allocation
44,6356,greenran_normal,0,0,65535_65535,2,42,3738891,29,1,1,1,6,29,22,1,1,allocated
44,6356,greenran_normal,0,0,65535_65535,2,36,3738519,32,1,1,0,5,0,26,1,1,pre_allocation
44,6356,greenran_normal,0,0,65535_65535,2,36,3738519,39,1,1,1,6,39,26,1,1,allocated
44,6356,greenran_normal,0,0,65535_65535,2,59,3738503,34,1,1,0,5,0,28,1,1,pre_allocation
44,6356,greenran_normal,0,0,65535_65535,2,59,3738503,42,1,1,1,6,42,28,1,1,allocated
44,6356,greenran_normal,0,0,65535_65535,2,61,3738451,34,1,1,0,5,0,28,1,1,pre_allocation
44,6356,greenran_normal,0,0,65535_65535,2,61,3738451,42,1,1,1,6,42,28,1,1,allocated
44,6356,greenran_normal,0,0,65535_65535,2,63,3738450,34,1,1,0,5,0,28,1,1,pre_allocation
44,6356,greenran_normal,0,0,65535_65535,2,63,3738450,42,1,1,1,6,42,28,1,1,allocated
44,6356,greenran_normal,0,0,65535_65535,2,58,3738517,34,1,1,0,5,0,28,1,1,pre_allocation
44,6356,greenran_normal,0,0,65535_65535,2,58,3738517,42,1,1,1,6,42,28,1,1,allocated
44,6356,greenran_normal,0,0,65535_65535,2,37,3738448,34,1,1,0,5,0,28,1,1,pre_allocation
44,6356,greenran_normal,0,0,65535_65535,2,37,3738448,42,1,1,1,6,42,28,1,1,allocated
44,6356,greenran_normal,0,0,65535_65535,2,35,3738445,34,1,1,0,5,0,28,1,1,pre_allocation
44,6356,greenran_normal,0,0,65535_65535,2,35,3738445,42,1,1,1,6,42,28,1,1,allocated
44,6356,greenran_normal,0,0,65535_65535,2,44,3738445,34,1,1,0,5,0,28,1,1,pre_allocation
44,6356,greenran_normal,0,0,65535_65535,2,44,3738445,42,1,1,1,6,42,28,1,1,allocated
44,6356,greenran_normal,0,0,65535_65535,2,39,3738449,32,1,1,0,5,0,26,1,1,pre_allocation
44,6356,greenran_normal,0,0,65535_65535,2,39,3738449,39,1,1,1,6,39,26,1,1,allocated
44,6356,greenran_normal,0,0,65535_65535,2,55,3738445,34,1,1,0,5,0,28,1,1,pre_allocation
44,6356,greenran_normal,0,0,65535_65535,2,55,3738445,42,1,1,1,6,42,28,1,1,allocated
44,6356,greenran_normal,0,0,65535_65535,2,56,3738445,34,1,1,0,5,0,28,1,1,pre_allocation
44,6356,greenran_normal,0,0,65535_65535,2,56,3738445,42,1,1,1,6,42,28,1,1,allocated
44,6356,greenran_normal,0,0,65535_65535,2,57,3738445,34,1,1,0,5,0,28,1,1,pre_allocation
44,6356,greenran_normal,0,0,65535_65535,2,57,3738445,42,1,1,1,6,42,28,1,1,allocated
44,6356,greenran_normal,0,0,65535_65535,2,40,3738447,34,1,1,0,5,0,28,1,1,pre_allocation
44,6356,greenran_normal,0,0,65535_65535,2,40,3738447,42,1,1,1,6,42,28,1,1,allocated
44,6356,greenran_normal,0,0,65535_65535,2,41,3738447,34,1,1,0,5,0,28,1,1,pre_allocation
44,6356,greenran_normal,0,0,65535_65535,2,41,3738447,42,1,1,1,6,42,28,1,1,allocated
44,6356,greenran_normal,0,0,65535_65535,2,62,3738443,34,1,1,0,5,0,28,1,1,pre_allocation
44,6356,greenran_normal,0,0,65535_65535,2,62,3738443,42,1,1,1,6,42,28,1,1,allocated
44,6356,greenran_normal,0,0,65535_65535,2,38,3740268,1,1,1,0,6,0,2,1,1,pre_allocation
44,6356,greenran_normal,0,0,65535_65535,2,38,3740268,2,1,1,1,7,2,2,1,1,allocated
44,6356,greenran_normal,0,0,65535_65535,2,60,3740012,6,1,1,0,6,0,10,1,1,pre_allocation
44,6356,greenran_normal,0,0,65535_65535,2,60,3740012,8,1,1,1,7,8,10,1,1,allocated
44,6356,greenran_normal,0,0,65535_65535,2,64,3739829,12,1,1,0,6,0,14,1,1,pre_allocation
44,6356,greenran_normal,0,0,65535_65535,2,64,3739829,15,1,1,1,7,15,14,1,1,allocated
44,6356,greenran_normal,0,0,65535_65535,2,43,3739380,39,1,1,0,6,0,26,1,1,pre_allocation
44,6356,greenran_normal,0,0,65535_65535,2,43,3739380,46,1,1,1,7,46,26,1,1,allocated
44,6356,greenran_normal,0,0,65535_65535,2,42,3738891,29,1,1,0,6,0,22,1,1,pre_allocation
44,6356,greenran_normal,0,0,65535_65535,2,42,3738891,34,1,1,1,7,34,22,1,1,allocated
44,6356,greenran_normal,0,0,65535_65535,2,36,3738519,39,1,1,0,6,0,26,1,1,pre_allocation
44,6356,greenran_normal,0,0,65535_65535,2,36,3738519,46,1,1,1,7,46,26,1,1,allocated
44,6356,greenran_normal,0,0,65535_65535,2,59,3738503,42,1,1,0,6,0,28,1,1,pre_allocation
44,6356,greenran_normal,0,0,65535_65535,2,59,3738503,50,1,1,1,7,50,28,1,1,allocated
44,6356,greenran_normal,0,0,65535_65535,2,61,3738451,42,1,1,0,6,0,28,1,1,pre_allocation
44,6356,greenran_normal,0,0,65535_65535,2,61,3738451,50,1,1,1,7,50,28,1,1,allocated
44,6356,greenran_normal,0,0,65535_65535,2,63,3738450,42,1,1,0,6,0,28,1,1,pre_allocation
44,6356,greenran_normal,0,0,65535_65535,2,63,3738450,50,1,1,1,7,50,28,1,1,allocated
44,6356,greenran_normal,0,0,65535_65535,2,58,3738517,42,1,1,0,6,0,28,1,1,pre_allocation
44,6356,greenran_normal,0,0,65535_65535,2,58,3738517,50,1,1,1,7,50,28,1,1,allocated
44,6356,greenran_normal,0,0,65535_65535,2,37,3738448,42,1,1,0,6,0,28,1,1,pre_allocation
44,6356,greenran_normal,0,0,65535_65535,2,37,3738448,50,1,1,1,7,50,28,1,1,allocated
44,6356,greenran_normal,0,0,65535_65535,2,35,3738445,42,1,1,0,6,0,28,1,1,pre_allocation
44,6356,greenran_normal,0,0,65535_65535,2,35,3738445,50,1,1,1,7,50,28,1,1,allocated
44,6356,greenran_normal,0,0,65535_65535,2,44,3738445,42,1,1,0,6,0,28,1,1,pre_allocation
44,6356,greenran_normal,0,0,65535_65535,2,44,3738445,50,1,1,1,7,50,28,1,1,allocated
44,6356,greenran_normal,0,0,65535_65535,2,39,3738449,39,1,1,0,6,0,26,1,1,pre_allocation
44,6356,greenran_normal,0,0,65535_65535,2,39,3738449,46,1,1,1,7,46,26,1,1,allocated
44,6356,greenran_normal,0,0,65535_65535,2,55,3738445,42,1,1,0,6,0,28,1,1,pre_allocation
44,6356,greenran_normal,0,0,65535_65535,2,55,3738445,50,1,1,1,7,50,28,1,1,allocated
44,6356,greenran_normal,0,0,65535_65535,2,56,3738445,42,1,1,0,6,0,28,1,1,pre_allocation
44,6356,greenran_normal,0,0,65535_65535,2,56,3738445,50,1,1,1,7,50,28,1,1,allocated
44,6356,greenran_normal,0,0,65535_65535,2,57,3738445,42,1,1,0,6,0,28,1,1,pre_allocation
44,6356,greenran_normal,0,0,65535_65535,2,57,3738445,50,1,1,1,7,50,28,1,1,allocated
44,6356,greenran_normal,0,0,65535_65535,2,40,3738447,42,1,1,0,6,0,28,1,1,pre_allocation
44,6356,greenran_normal,0,0,65535_65535,2,40,3738447,50,1,1,1,7,50,28,1,1,allocated
44,6356,greenran_normal,0,0,65535_65535,2,41,3738447,42,1,1,0,6,0,28,1,1,pre_allocation
44,6356,greenran_normal,0,0,65535_65535,2,41,3738447,50,1,1,1,7,50,28,1,1,allocated
44,6356,greenran_normal,0,0,65535_65535,2,62,3738443,42,1,1,0,6,0,28,1,1,pre_allocation
44,6356,greenran_normal,0,0,65535_65535,2,62,3738443,50,1,1,1,7,50,28,1,1,allocated
44,6356,greenran_normal,0,0,65535_65535,2,38,3740268,2,1,1,0,7,0,2,1,1,pre_allocation
44,6356,greenran_normal,0,0,65535_65535,2,38,3740268,2,1,1,1,8,2,2,1,1,allocated
44,6356,greenran_normal,0,0,65535_65535,2,60,3740012,8,1,1,0,7,0,10,1,1,pre_allocation
44,6356,greenran_normal,0,0,65535_65535,2,60,3740012,10,1,1,1,8,10,10,1,1,allocated
44,6356,greenran_normal,0,0,65535_65535,2,64,3739829,15,1,1,0,7,0,14,1,1,pre_allocation
44,6356,greenran_normal,0,0,65535_65535,2,64,3739829,18,1,1,1,8,18,14,1,1,allocated
44,6356,greenran_normal,0,0,65535_65535,2,43,3739380,46,1,1,0,7,0,26,1,1,pre_allocation
44,6356,greenran_normal,0,0,65535_65535,2,43,3739380,53,1,1,1,8,53,26,1,1,allocated
44,6356,greenran_normal,0,0,65535_65535,2,42,3738891,34,1,1,0,7,0,22,1,1,pre_allocation
44,6356,greenran_normal,0,0,65535_65535,2,42,3738891,39,1,1,1,8,39,22,1,1,allocated
44,6356,greenran_normal,0,0,65535_65535,2,36,3738519,46,1,1,0,7,0,26,1,1,pre_allocation
44,6356,greenran_normal,0,0,65535_65535,2,36,3738519,53,1,1,1,8,53,26,1,1,allocated
44,6356,greenran_normal,0,0,65535_65535,2,59,3738503,50,1,1,0,7,0,28,1,1,pre_allocation
44,6356,greenran_normal,0,0,65535_65535,2,59,3738503,57,1,1,1,8,57,28,1,1,allocated
44,6356,greenran_normal,0,0,65535_65535,2,61,3738451,50,1,1,0,7,0,28,1,1,pre_allocation
44,6356,greenran_normal,0,0,65535_65535,2,61,3738451,57,1,1,1,8,57,28,1,1,allocated
44,6356,greenran_normal,0,0,65535_65535,2,63,3738450,50,1,1,0,7,0,28,1,1,pre_allocation
44,6356,greenran_normal,0,0,65535_65535,2,63,3738450,57,1,1,1,8,57,28,1,1,allocated
44,6356,greenran_normal,0,0,65535_65535,2,58,3738517,50,1,1,0,7,0,28,1,1,pre_allocation
44,6356,greenran_normal,0,0,65535_65535,2,58,3738517,57,1,1,1,8,57,28,1,1,allocated
44,6356,greenran_normal,0,0,65535_65535,2,37,3738448,50,1,1,0,7,0,28,1,1,pre_allocation
44,6356,greenran_normal,0,0,65535_65535,2,37,3738448,57,1,1,1,8,57,28,1,1,allocated
44,6356,greenran_normal,0,0,65535_65535,2,35,3738445,50,1,1,0,7,0,28,1,1,pre_allocation
44,6356,greenran_normal,0,0,65535_65535,2,35,3738445,57,1,1,1,8,57,28,1,1,allocated
44,6356,greenran_normal,0,0,65535_65535,2,44,3738445,50,1,1,0,7,0,28,1,1,pre_allocation
44,6356,greenran_normal,0,0,65535_65535,2,44,3738445,57,1,1,1,8,57,28,1,1,allocated
44,6356,greenran_normal,0,0,65535_65535,2,39,3738449,46,1,1,0,7,0,26,1,1,pre_allocation
44,6356,greenran_normal,0,0,65535_65535,2,39,3738449,53,1,1,1,8,53,26,1,1,allocated
44,6356,greenran_normal,0,0,65535_65535,2,55,3738445,50,1,1,0,7,0,28,1,1,pre_allocation
44,6356,greenran_normal,0,0,65535_65535,2,55,3738445,57,1,1,1,8,57,28,1,1,allocated
47,6713,greenran_normal,0,0,65535_65535,0,4,124874,0,1,1,0,0,0,22,1,1,pre_allocation
47,6713,greenran_normal,0,0,65535_65535,0,4,124874,2,1,1,1,1,2,22,1,1,allocated
47,6713,greenran_normal,0,0,65535_65535,0,1,122968,0,1,1,0,0,0,28,1,1,pre_allocation
47,6713,greenran_normal,0,0,65535_65535,0,1,122968,4,1,1,1,1,4,28,1,1,allocated
47,6713,greenran_normal,0,0,65535_65535,0,3,122953,0,1,1,0,0,0,28,1,1,pre_allocation
47,6713,greenran_normal,0,0,65535_65535,0,3,122953,4,1,1,1,1,4,28,1,1,allocated
47,6713,greenran_normal,0,0,65535_65535,0,2,122951,0,1,1,0,0,0,28,1,1,pre_allocation
47,6713,greenran_normal,0,0,65535_65535,0,2,122951,4,1,1,1,1,4,28,1,1,allocated
47,6713,greenran_normal,0,0,65535_65535,0,5,122947,0,1,1,0,0,0,28,1,1,pre_allocation
47,6713,greenran_normal,0,0,65535_65535,0,5,122947,4,1,1,1,1,4,28,1,1,allocated
47,6713,greenran_normal,0,0,65535_65535,0,4,124874,2,1,1,0,1,0,22,1,1,pre_allocation
47,6713,greenran_normal,0,0,65535_65535,0,4,124874,7,1,1,1,2,7,22,1,1,allocated
47,6713,greenran_normal,0,0,65535_65535,0,1,122968,4,1,1,0,1,0,28,1,1,pre_allocation
47,6713,greenran_normal,0,0,65535_65535,0,1,122968,12,1,1,1,2,12,28,1,1,allocated
47,6713,greenran_normal,0,0,65535_65535,0,3,122953,4,1,1,0,1,0,28,1,1,pre_allocation
47,6713,greenran_normal,0,0,65535_65535,0,3,122953,12,1,1,1,2,12,28,1,1,allocated
47,6713,greenran_normal,0,0,65535_65535,0,2,122951,4,1,1,0,1,0,28,1,1,pre_allocation
47,6713,greenran_normal,0,0,65535_65535,0,2,122951,12,1,1,1,2,12,28,1,1,allocated
47,6713,greenran_normal,0,0,65535_65535,0,5,122947,4,1,1,0,1,0,28,1,1,pre_allocation
47,6713,greenran_normal,0,0,65535_65535,0,5,122947,12,1,1,1,2,12,28,1,1,allocated
47,6713,greenran_normal,0,0,65535_65535,0,4,124874,7,1,1,0,2,0,22,1,1,pre_allocation
47,6713,greenran_normal,0,0,65535_65535,0,4,124874,13,1,1,1,3,13,22,1,1,allocated
47,6713,greenran_normal,0,0,65535_65535,0,1,122968,12,1,1,0,2,0,28,1,1,pre_allocation
47,6713,greenran_normal,0,0,65535_65535,0,1,122968,19,1,1,1,3,19,28,1,1,allocated
47,6713,greenran_normal,0,0,65535_65535,0,3,122953,12,1,1,0,2,0,28,1,1,pre_allocation
47,6713,greenran_normal,0,0,65535_65535,0,3,122953,19,1,1,1,3,19,28,1,1,allocated
47,6713,greenran_normal,0,0,65535_65535,0,2,122951,12,1,1,0,2,0,28,1,1,pre_allocation
47,6713,greenran_normal,0,0,65535_65535,0,2,122951,19,1,1,1,3,19,28,1,1,allocated
47,6713,greenran_normal,0,0,65535_65535,0,5,122947,12,1,1,0,2,0,28,1,1,pre_allocation
47,6713,greenran_normal,0,0,65535_65535,0,5,122947,19,1,1,1,3,19,28,1,1,allocated
47,6713,greenran_normal,0,0,65535_65535,0,4,124874,13,1,1,0,3,0,22,1,1,pre_allocation
47,6713,greenran_normal,0,0,65535_65535,0,4,124874,18,1,1,1,4,18,22,1,1,allocated
47,6713,greenran_normal,0,0,65535_65535,0,1,122968,19,1,1,0,3,0,28,1,1,pre_allocation
47,6713,greenran_normal,0,0,65535_65535,0,1,122968,27,1,1,1,4,27,28,1,1,allocated
47,6713,greenran_normal,0,0,65535_65535,0,3,122953,19,1,1,0,3,0,28,1,1,pre_allocation
47,6713,greenran_normal,0,0,65535_65535,0,3,122953,27,1,1,1,4,27,28,1,1,allocated
47,6713,greenran_normal,0,0,65535_65535,0,2,122951,19,1,1,0,3,0,28,1,1,pre_allocation
47,6713,greenran_normal,0,0,65535_65535,0,2,122951,27,1,1,1,4,27,28,1,1,allocated
47,6713,greenran_normal,0,0,65535_65535,0,5,122947,19,1,1,0,3,0,28,1,1,pre_allocation
47,6713,greenran_normal,0,0,65535_65535,0,5,122947,27,1,1,1,4,27,28,1,1,allocated
47,6713,greenran_normal,0,0,65535_65535,0,4,124874,18,1,1,0,4,0,22,1,1,pre_allocation
47,6713,greenran_normal,0,0,65535_65535,0,4,124874,23,1,1,1,5,23,22,1,1,allocated
47,6713,greenran_normal,0,0,65535_65535,0,1,122968,27,1,1,0,4,0,28,1,1,pre_allocation
47,6713,greenran_normal,0,0,65535_65535,0,1,122968,34,1,1,1,5,34,28,1,1,allocated
47,6713,greenran_normal,0,0,65535_65535,0,3,122953,27,1,1,0,4,0,28,1,1,pre_allocation
47,6713,greenran_normal,0,0,65535_65535,0,3,122953,34,1,1,1,5,34,28,1,1,allocated
47,6713,greenran_normal,0,0,65535_65535,0,2,122951,27,1,1,0,4,0,28,1,1,pre_allocation
47,6713,greenran_normal,0,0,65535_65535,0,2,122951,34,1,1,1,5,34,28,1,1,allocated
47,6713,greenran_normal,0,0,65535_65535,0,5,122947,27,1,1,0,4,0,28,1,1,pre_allocation
47,6713,greenran_normal,0,0,65535_65535,0,5,122947,34,1,1,1,5,34,28,1,1,allocated
47,6713,greenran_normal,0,0,65535_65535,0,4,124874,23,1,1,0,5,0,22,1,1,pre_allocation
47,6713,greenran_normal,0,0,65535_65535,0,4,124874,29,1,1,1,6,29,22,1,1,allocated
47,6713,greenran_normal,0,0,65535_65535,0,1,122968,34,1,1,0,5,0,28,1,1,pre_allocation
47,6713,greenran_normal,0,0,65535_65535,0,1,122968,42,1,1,1,6,42,28,1,1,allocated
47,6713,greenran_normal,0,0,65535_65535,0,3,122953,34,1,1,0,5,0,28,1,1,pre_allocation
47,6713,greenran_normal,0,0,65535_65535,0,3,122953,42,1,1,1,6,42,28,1,1,allocated
47,6713,greenran_normal,0,0,65535_65535,0,2,122951,34,1,1,0,5,0,28,1,1,pre_allocation
47,6713,greenran_normal,0,0,65535_65535,0,2,122951,42,1,1,1,6,42,28,1,1,allocated
47,6713,greenran_normal,0,0,65535_65535,0,5,122947,34,1,1,0,5,0,28,1,1,pre_allocation
47,6713,greenran_normal,0,0,65535_65535,0,5,122947,42,1,1,1,6,42,28,1,1,allocated
47,6713,greenran_normal,0,0,65535_65535,0,4,124874,29,1,1,0,6,0,22,1,1,pre_allocation
47,6713,greenran_normal,0,0,65535_65535,0,4,124874,34,1,1,1,7,34,22,1,1,allocated
47,6713,greenran_normal,0,0,65535_65535,0,1,122968,42,1,1,0,6,0,28,1,1,pre_allocation
47,6713,greenran_normal,0,0,65535_65535,0,1,122968,50,1,1,1,7,50,28,1,1,allocated
47,6713,greenran_normal,0,0,65535_65535,0,3,122953,42,1,1,0,6,0,28,1,1,pre_allocation
47,6713,greenran_normal,0,0,65535_65535,0,3,122953,50,1,1,1,7,50,28,1,1,allocated
47,6713,greenran_normal,0,0,65535_65535,0,2,122951,42,1,1,0,6,0,28,1,1,pre_allocation
47,6713,greenran_normal,0,0,65535_65535,0,2,122951,50,1,1,1,7,50,28,1,1,allocated
47,6713,greenran_normal,0,0,65535_65535,0,5,122947,42,1,1,0,6,0,28,1,1,pre_allocation
47,6713,greenran_normal,0,0,65535_65535,0,5,122947,50,1,1,1,7,50,28,1,1,allocated
47,6713,greenran_normal,0,0,65535_65535,0,4,124874,34,1,1,0,7,0,22,1,1,pre_allocation
47,6713,greenran_normal,0,0,65535_65535,0,4,124874,39,1,1,1,8,39,22,1,1,allocated
47,6713,greenran_normal,0,0,65535_65535,0,1,122968,50,1,1,0,7,0,28,1,1,pre_allocation
47,6713,greenran_normal,0,0,65535_65535,0,1,122968,57,1,1,1,8,57,28,1,1,allocated
47,6713,greenran_normal,0,0,65535_65535,0,3,122953,50,1,1,0,7,0,28,1,1,pre_allocation
47,6713,greenran_normal,0,0,65535_65535,0,3,122953,57,1,1,1,8,57,28,1,1,allocated
47,6713,greenran_normal,0,0,65535_65535,0,2,122951,50,1,1,0,7,0,28,1,1,pre_allocation
47,6713,greenran_normal,0,0,65535_65535,0,2,122951,57,1,1,1,8,57,28,1,1,allocated
47,6713,greenran_normal,0,0,65535_65535,0,5,122947,50,1,1,0,7,0,28,1,1,pre_allocation
47,6713,greenran_normal,0,0,65535_65535,0,5,122947,57,1,1,1,8,57,28,1,1,allocated
47,6713,greenran_normal,0,0,65535_65535,0,4,124874,39,1,1,0,8,0,22,1,1,pre_allocation
47,6713,greenran_normal,0,0,65535_65535,0,4,124874,45,1,1,1,9,45,22,1,1,allocated
47,6713,greenran_normal,0,0,65535_65535,0,1,122968,57,1,1,0,8,0,28,1,1,pre_allocation
47,6713,greenran_normal,0,0,65535_65535,0,1,122968,65,1,1,1,9,65,28,1,1,allocated
47,6713,greenran_normal,0,0,65535_65535,0,3,122953,57,1,1,0,8,0,28,1,1,pre_allocation
47,6713,greenran_normal,0,0,65535_65535,0,3,122953,65,1,1,1,9,65,28,1,1,allocated
47,6713,greenran_normal,0,0,65535_65535,0,2,122951,57,1,1,0,8,0,28,1,1,pre_allocation
47,6713,greenran_normal,0,0,65535_65535,0,2,122951,65,1,1,1,9,65,28,1,1,allocated
47,6713,greenran_normal,0,0,65535_65535,0,5,122947,57,1,1,0,8,0,28,1,1,pre_allocation
47,6713,greenran_normal,0,0,65535_65535,0,5,122947,65,1,1,1,9,65,28,1,1,allocated
47,6713,greenran_normal,0,0,65535_65535,0,4,124874,45,1,1,0,9,0,22,1,1,pre_allocation
47,6713,greenran_normal,0,0,65535_65535,0,4,124874,50,1,1,1,10,50,22,1,1,allocated
47,6713,greenran_normal,0,0,65535_65535,0,1,122968,65,1,1,0,9,0,28,1,1,pre_allocation
47,6713,greenran_normal,0,0,65535_65535,0,1,122968,72,1,1,1,10,72,28,1,1,allocated
47,6713,greenran_normal,0,0,65535_65535,0,3,122953,65,1,1,0,9,0,28,1,1,pre_allocation
47,6713,greenran_normal,0,0,65535_65535,0,3,122953,72,1,1,1,10,72,28,1,1,allocated
47,6713,greenran_normal,0,0,65535_65535,0,2,122951,65,1,1,0,9,0,28,1,1,pre_allocation
47,6713,greenran_normal,0,0,65535_65535,0,2,122951,72,1,1,1,10,72,28,1,1,allocated
47,6713,greenran_normal,0,0,65535_65535,0,5,122947,65,1,1,0,9,0,28,1,1,pre_allocation
47,6713,greenran_normal,0,0,65535_65535,0,5,122947,72,1,1,1,10,72,28,1,1,allocated
47,6713,greenran_normal,0,0,65535_65535,0,4,124874,50,1,1,0,10,0,22,1,1,pre_allocation
47,6713,greenran_normal,0,0,65535_65535,0,4,124874,55,1,1,1,11,55,22,1,1,allocated
47,6713,greenran_normal,0,0,65535_65535,0,1,122968,72,1,1,0,10,0,28,1,1,pre_allocation
47,6713,greenran_normal,0,0,65535_65535,0,1,122968,80,1,1,1,11,80,28,1,1,allocated
47,6713,greenran_normal,0,0,65535_65535,0,3,122953,72,1,1,0,10,0,28,1,1,pre_allocation
47,6713,greenran_normal,0,0,65535_65535,0,3,122953,80,1,1,1,11,80,28,1,1,allocated
47,6713,greenran_normal,0,0,65535_65535,0,2,122951,72,1,1,0,10,0,28,1,1,pre_allocation
47,6713,greenran_normal,0,0,65535_65535,0,2,122951,80,1,1,1,11,80,28,1,1,allocated
47,6713,greenran_normal,0,0,65535_65535,0,5,122947,72,1,1,0,10,0,28,1,1,pre_allocation
47,6713,greenran_normal,0,0,65535_65535,0,5,122947,80,1,1,1,11,80,28,1,1,allocated
47,6713,greenran_normal,0,0,65535_65535,0,4,124874,55,1,1,0,11,0,22,1,1,pre_allocation
47,6713,greenran_normal,0,0,65535_65535,0,4,124874,61,1,1,1,12,61,22,1,1,allocated
47,6713,greenran_normal,0,0,65535_65535,0,1,122968,80,1,1,0,11,0,28,1,1,pre_allocation
47,6713,greenran_normal,0,0,65535_65535,0,1,122968,88,1,1,1,12,88,28,1,1,allocated
47,6713,greenran_normal,0,0,65535_65535,0,3,122953,80,1,1,0,11,0,28,1,1,pre_allocation
47,6713,greenran_normal,0,0,65535_65535,0,3,122953,88,1,1,1,12,88,28,1,1,allocated
47,6713,greenran_normal,0,0,65535_65535,0,2,122951,80,1,1,0,11,0,28,1,1,pre_allocation
47,6713,greenran_normal,0,0,65535_65535,0,2,122951,88,1,1,1,12,88,28,1,1,allocated
47,6713,greenran_normal,0,0,65535_65535,0,5,122947,80,1,1,0,11,0,28,1,1,pre_allocation
47,6713,greenran_normal,0,0,65535_65535,0,5,122947,88,1,1,1,12,88,28,1,1,allocated
47,6713,greenran_normal,0,0,65535_65535,0,4,124874,61,1,1,0,12,0,22,1,1,pre_allocation
47,6713,greenran_normal,0,0,65535_65535,0,4,124874,66,1,1,1,13,66,22,1,1,allocated
47,6713,greenran_normal,0,0,65535_65535,0,1,122968,88,1,1,0,12,0,28,1,1,pre_allocation
47,6713,greenran_normal,0,0,65535_65535,0,1,122968,95,1,1,1,13,95,28,1,1,allocated
47,6713,greenran_normal,0,0,65535_65535,0,3,122953,88,1,1,0,12,0,28,1,1,pre_allocation
47,6713,greenran_normal,0,0,65535_65535,0,3,122953,95,1,1,1,13,95,28,1,1,allocated
47,6713,greenran_normal,0,0,65535_65535,0,2,122951,88,1,1,0,12,0,28,1,1,pre_allocation
47,6713,greenran_normal,0,0,65535_65535,0,2,122951,95,1,1,1,13,95,28,1,1,allocated
47,6713,greenran_normal,0,0,65535_65535,0,5,122947,88,1,1,0,12,0,28,1,1,pre_allocation
47,6713,greenran_normal,0,0,65535_65535,0,5,122947,95,1,1,1,13,95,28,1,1,allocated
47,6713,greenran_normal,0,0,65535_65535,0,4,124874,66,1,1,0,13,0,22,1,1,pre_allocation
47,6713,greenran_normal,0,0,65535_65535,0,4,124874,72,1,1,1,14,72,22,1,1,allocated
47,6713,greenran_normal,0,0,65535_65535,0,1,122968,95,1,1,0,13,0,28,1,1,pre_allocation
47,6713,greenran_normal,0,0,65535_65535,0,1,122968,103,1,1,1,14,103,28,1,1,allocated
47,6713,greenran_normal,0,0,65535_65535,0,3,122953,95,1,1,0,13,0,28,1,1,pre_allocation
47,6713,greenran_normal,0,0,65535_65535,0,3,122953,103,1,1,1,14,103,28,1,1,allocated
47,6713,greenran_normal,0,0,65535_65535,0,2,122951,95,1,1,0,13,0,28,1,1,pre_allocation
47,6713,greenran_normal,0,0,65535_65535,0,2,122951,103,1,1,1,14,103,28,1,1,allocated
47,6713,greenran_normal,0,0,65535_65535,0,5,122947,95,1,1,0,13,0,28,1,1,pre_allocation
47,6713,greenran_normal,0,0,65535_65535,0,5,122947,103,1,1,1,14,103,28,1,1,allocated
47,6713,greenran_normal,0,0,65535_65535,0,4,124874,72,1,1,0,14,0,22,1,1,pre_allocation
47,6713,greenran_normal,0,0,65535_65535,0,4,124874,77,1,1,1,15,77,22,1,1,allocated
47,6713,greenran_normal,0,0,65535_65535,0,1,122968,103,1,1,0,14,0,28,1,1,pre_allocation
47,6713,greenran_normal,0,0,65535_65535,0,1,122968,110,1,1,1,15,110,28,1,1,allocated
47,6713,greenran_normal,0,0,65535_65535,0,3,122953,103,1,1,0,14,0,28,1,1,pre_allocation
47,6713,greenran_normal,0,0,65535_65535,0,3,122953,110,1,1,1,15,110,28,1,1,allocated
47,6713,greenran_normal,0,0,65535_65535,0,2,122951,103,1,1,0,14,0,28,1,1,pre_allocation
47,6713,greenran_normal,0,0,65535_65535,0,2,122951,110,1,1,1,15,110,28,1,1,allocated
47,6713,greenran_normal,0,0,65535_65535,0,5,122947,103,1,1,0,14,0,28,1,1,pre_allocation
47,6713,greenran_normal,0,0,65535_65535,0,5,122947,110,1,1,1,15,110,28,1,1,allocated
47,6713,greenran_normal,0,0,65535_65535,0,4,124874,77,1,1,0,15,0,22,1,1,pre_allocation
47,6713,greenran_normal,0,0,65535_65535,0,4,124874,82,1,1,1,16,82,22,1,1,allocated
47,6713,greenran_normal,0,0,65535_65535,0,1,122968,110,1,1,0,15,0,28,1,1,pre_allocation
47,6713,greenran_normal,0,0,65535_65535,0,1,122968,118,1,1,1,16,118,28,1,1,allocated
47,6713,greenran_normal,0,0,65535_65535,0,3,122953,110,1,1,0,15,0,28,1,1,pre_allocation
47,6713,greenran_normal,0,0,65535_65535,0,3,122953,118,1,1,1,16,118,28,1,1,allocated
47,6713,greenran_normal,0,0,65535_65535,0,2,122951,110,1,1,0,15,0,28,1,1,pre_allocation
47,6713,greenran_normal,0,0,65535_65535,0,2,122951,118,1,1,1,16,118,28,1,1,allocated
47,6713,greenran_normal,0,0,65535_65535,0,5,122947,110,1,1,0,15,0,28,1,1,pre_allocation
47,6713,greenran_normal,0,0,65535_65535,0,5,122947,118,1,1,1,16,118,28,1,1,allocated
47,6713,greenran_normal,0,0,65535_65535,0,4,124874,82,1,1,0,16,0,22,1,1,pre_allocation
47,6713,greenran_normal,0,0,65535_65535,0,4,124874,88,1,1,1,17,88,22,1,1,allocated
47,6713,greenran_normal,0,0,65535_65535,0,1,122968,118,1,1,0,16,0,28,1,1,pre_allocation
47,6713,greenran_normal,0,0,65535_65535,0,1,122968,126,1,1,1,17,126,28,1,1,allocated
47,6713,greenran_normal,0,0,65535_65535,0,3,122953,118,1,1,0,16,0,28,1,1,pre_allocation
47,6713,greenran_normal,0,0,65535_65535,0,3,122953,126,1,1,1,17,126,28,1,1,allocated
47,6713,greenran_normal,0,0,65535_65535,0,2,122951,118,1,1,0,16,0,28,1,1,pre_allocation
47,6713,greenran_normal,0,0,65535_65535,0,2,122951,126,1,1,1,17,126,28,1,1,allocated
47,6713,greenran_normal,0,0,65535_65535,0,5,122947,118,1,1,0,16,0,28,1,1,pre_allocation
47,6713,greenran_normal,0,0,65535_65535,0,5,122947,126,1,1,1,17,126,28,1,1,allocated
47,6713,greenran_normal,0,0,65535_65535,0,4,124874,88,1,1,0,17,0,22,1,1,pre_allocation
47,6713,greenran_normal,0,0,65535_65535,0,4,124874,93,1,1,1,18,93,22,1,1,allocated
47,6713,greenran_normal,0,0,65535_65535,0,1,122968,126,1,1,0,17,0,28,1,1,pre_allocation
47,6713,greenran_normal,0,0,65535_65535,0,1,122968,133,1,1,1,18,133,28,1,1,allocated
47,6713,greenran_normal,0,0,65535_65535,0,3,122953,126,1,1,0,17,0,28,1,1,pre_allocation
47,6713,greenran_normal,0,0,65535_65535,0,3,122953,133,1,1,1,18,133,28,1,1,allocated
47,6713,greenran_normal,0,0,65535_65535,0,2,122951,126,1,1,0,17,0,28,1,1,pre_allocation
47,6713,greenran_normal,0,0,65535_65535,0,2,122951,133,1,1,1,18,133,28,1,1,allocated
47,6713,greenran_normal,0,0,65535_65535,0,5,122947,126,1,1,0,17,0,28,1,1,pre_allocation
47,6713,greenran_normal,0,0,65535_65535,0,5,122947,133,1,1,1,18,133,28,1,1,allocated
47,6713,greenran_normal,0,0,65535_65535,0,4,124874,93,1,1,0,18,0,22,1,1,pre_allocation
47,6713,greenran_normal,0,0,65535_65535,0,4,124874,98,1,1,1,19,98,22,1,1,allocated
47,6713,greenran_normal,0,0,65535_65535,0,1,122968,133,1,1,0,18,0,28,1,1,pre_allocation
47,6713,greenran_normal,0,0,65535_65535,0,1,122968,141,1,1,1,19,141,28,1,1,allocated
47,6713,greenran_normal,0,0,65535_65535,0,3,122953,133,1,1,0,18,0,28,1,1,pre_allocation
47,6713,greenran_normal,0,0,65535_65535,0,3,122953,141,1,1,1,19,141,28,1,1,allocated
47,6713,greenran_normal,0,0,65535_65535,0,2,122951,133,1,1,0,18,0,28,1,1,pre_allocation
47,6713,greenran_normal,0,0,65535_65535,0,2,122951,141,1,1,1,19,141,28,1,1,allocated
47,6713,greenran_normal,0,0,65535_65535,0,5,122947,133,1,1,0,18,0,28,1,1,pre_allocation
47,6713,greenran_normal,0,0,65535_65535,0,5,122947,141,1,1,1,19,141,28,1,1,allocated
47,6713,greenran_normal,0,0,65535_65535,0,4,124874,98,1,1,0,19,0,22,1,1,pre_allocation
47,6713,greenran_normal,0,0,65535_65535,0,4,124874,104,1,1,1,20,104,22,1,1,allocated
47,6713,greenran_normal,0,0,65535_65535,0,1,122968,141,1,1,0,19,0,28,1,1,pre_allocation
47,6713,greenran_normal,0,0,65535_65535,0,1,122968,148,1,1,1,20,148,28,1,1,allocated
47,6713,greenran_normal,0,0,65535_65535,0,3,122953,141,1,1,0,19,0,28,1,1,pre_allocation
47,6713,greenran_normal,0,0,65535_65535,0,3,122953,148,1,1,1,20,148,28,1,1,allocated
47,6713,greenran_normal,0,0,65535_65535,0,2,122951,141,1,1,0,19,0,28,1,1,pre_allocation
47,6713,greenran_normal,0,0,65535_65535,0,2,122951,148,1,1,1,20,148,28,1,1,allocated
47,6713,greenran_normal,0,0,65535_65535,0,5,122947,141,1,1,0,19,0,28,1,1,pre_allocation
47,6713,greenran_normal,0,0,65535_65535,0,5,122947,148,1,1,1,20,148,28,1,1,allocated
47,6713,greenran_normal,0,0,65535_65535,0,4,124874,104,1,1,0,20,0,22,1,1,pre_allocation
47,6713,greenran_normal,0,0,65535_65535,0,4,124874,109,1,1,1,21,109,22,1,1,allocated
47,6713,greenran_normal,0,0,65535_65535,0,1,122968,148,1,1,0,20,0,28,1,1,pre_allocation
47,6713,greenran_normal,0,0,65535_65535,0,1,122968,156,1,1,1,21,156,28,1,1,allocated
47,6713,greenran_normal,0,0,65535_65535,0,3,122953,148,1,1,0,20,0,28,1,1,pre_allocation
47,6713,greenran_normal,0,0,65535_65535,0,3,122953,156,1,1,1,21,156,28,1,1,allocated
47,6713,greenran_normal,0,0,65535_65535,0,2,122951,148,1,1,0,20,0,28,1,1,pre_allocation
47,6713,greenran_normal,0,0,65535_65535,0,2,122951,156,1,1,1,21,156,28,1,1,allocated
47,6713,greenran_normal,0,0,65535_65535,0,5,122947,148,1,1,0,20,0,28,1,1,pre_allocation
47,6713,greenran_normal,0,0,65535_65535,0,5,122947,156,1,1,1,21,156,28,1,1,allocated
47,6713,greenran_normal,0,0,65535_65535,0,4,124874,109,1,1,0,21,0,22,1,1,pre_allocation
47,6713,greenran_normal,0,0,65535_65535,0,4,124874,114,1,1,1,22,114,22,1,1,allocated
47,6713,greenran_normal,0,0,65535_65535,0,1,122968,156,1,1,0,21,0,28,1,1,pre_allocation
47,6713,greenran_normal,0,0,65535_65535,0,1,122968,163,1,1,1,22,163,28,1,1,allocated
47,6713,greenran_normal,0,0,65535_65535,0,3,122953,156,1,1,0,21,0,28,1,1,pre_allocation
47,6713,greenran_normal,0,0,65535_65535,0,3,122953,163,1,1,1,22,163,28,1,1,allocated
47,6713,greenran_normal,0,0,65535_65535,0,2,122951,156,1,1,0,21,0,28,1,1,pre_allocation
47,6713,greenran_normal,0,0,65535_65535,0,2,122951,163,1,1,1,22,163,28,1,1,allocated
47,6713,greenran_normal,0,0,65535_65535,0,5,122947,156,1,1,0,21,0,28,1,1,pre_allocation
47,6713,greenran_normal,0,0,65535_65535,0,5,122947,163,1,1,1,22,163,28,1,1,allocated
47,6713,greenran_normal,0,0,65535_65535,0,4,124874,114,1,1,0,22,0,22,1,1,pre_allocation
47,6713,greenran_normal,0,0,65535_65535,0,4,124874,120,1,1,1,23,120,22,1,1,allocated
47,6713,greenran_normal,0,0,65535_65535,0,1,122968,163,1,1,0,22,0,28,1,1,pre_allocation
47,6713,greenran_normal,0,0,65535_65535,0,1,122968,171,1,1,1,23,171,28,1,1,allocated
47,6713,greenran_normal,0,0,65535_65535,0,3,122953,163,1,1,0,22,0,28,1,1,pre_allocation
47,6713,greenran_normal,0,0,65535_65535,0,3,122953,171,1,1,1,23,171,28,1,1,allocated
47,6713,greenran_normal,0,0,65535_65535,0,2,122951,163,1,1,0,22,0,28,1,1,pre_allocation
47,6713,greenran_normal,0,0,65535_65535,0,2,122951,171,1,1,1,23,171,28,1,1,allocated
47,6713,greenran_normal,0,0,65535_65535,0,5,122947,163,1,1,0,22,0,28,1,1,pre_allocation
47,6713,greenran_normal,0,0,65535_65535,0,5,122947,171,1,1,1,23,171,28,1,1,allocated
47,6713,greenran_normal,0,0,65535_65535,0,4,124874,120,1,1,0,23,0,22,1,1,pre_allocation
47,6713,greenran_normal,0,0,65535_65535,0,4,124874,125,1,1,1,24,125,22,1,1,allocated
47,6713,greenran_normal,0,0,65535_65535,0,1,122968,171,1,1,0,23,0,28,1,1,pre_allocation
47,6713,greenran_normal,0,0,65535_65535,0,1,122968,179,1,1,1,24,179,28,1,1,allocated
47,6713,greenran_normal,0,0,65535_65535,0,3,122953,171,1,1,0,23,0,28,1,1,pre_allocation
47,6713,greenran_normal,0,0,65535_65535,0,3,122953,179,1,1,1,24,179,28,1,1,allocated
47,6713,greenran_normal,0,0,65535_65535,0,2,122951,171,1,1,0,23,0,28,1,1,pre_allocation
47,6713,greenran_normal,0,0,65535_65535,0,2,122951,179,1,1,1,24,179,28,1,1,allocated
47,6713,greenran_normal,0,0,65535_65535,0,5,122947,171,1,1,0,23,0,28,1,1,pre_allocation
47,6713,greenran_normal,0,0,65535_65535,0,5,122947,179,1,1,1,24,179,28,1,1,allocated
47,6713,greenran_normal,0,0,65535_65535,0,4,124874,125,1,1,0,24,0,22,1,1,pre_allocation
47,6713,greenran_normal,0,0,65535_65535,0,4,124874,131,1,1,1,25,131,22,1,1,allocated
47,6713,greenran_normal,0,0,65535_65535,0,1,122968,179,1,1,0,24,0,28,1,1,pre_allocation
47,6713,greenran_normal,0,0,65535_65535,0,1,122968,186,1,1,1,25,186,28,1,1,allocated
47,6713,greenran_normal,0,0,65535_65535,0,3,122953,179,1,1,0,24,0,28,1,1,pre_allocation
47,6713,greenran_normal,0,0,65535_65535,0,3,122953,186,1,1,1,25,186,28,1,1,allocated
47,6713,greenran_normal,0,0,65535_65535,0,2,122951,179,1,1,0,24,0,28,1,1,pre_allocation
47,6713,greenran_normal,0,0,65535_65535,0,2,122951,186,1,1,1,25,186,28,1,1,allocated
47,6713,greenran_normal,0,0,65535_65535,0,5,122947,179,1,1,0,24,0,28,1,1,pre_allocation
47,6713,greenran_normal,0,0,65535_65535,0,5,122947,186,1,1,1,25,186,28,1,1,allocated
47,6713,greenran_normal,0,0,65535_65535,0,4,124874,131,1,1,0,25,0,22,1,1,pre_allocation
47,6713,greenran_normal,0,0,65535_65535,0,4,124874,136,1,1,1,26,136,22,1,1,allocated
47,6713,greenran_normal,0,0,65535_65535,0,1,122968,186,1,1,0,25,0,28,1,1,pre_allocation
47,6713,greenran_normal,0,0,65535_65535,0,1,122968,194,1,1,1,26,194,28,1,1,allocated
47,6713,greenran_normal,0,0,65535_65535,0,3,122953,186,1,1,0,25,0,28,1,1,pre_allocation
47,6713,greenran_normal,0,0,65535_65535,0,3,122953,194,1,1,1,26,194,28,1,1,allocated
47,6713,greenran_normal,0,0,65535_65535,0,2,122951,186,1,1,0,25,0,28,1,1,pre_allocation
47,6713,greenran_normal,0,0,65535_65535,0,2,122951,194,1,1,1,26,194,28,1,1,allocated
47,6713,greenran_normal,0,0,65535_65535,0,5,122947,186,1,1,0,25,0,28,1,1,pre_allocation
47,6713,greenran_normal,0,0,65535_65535,0,5,122947,194,1,1,1,26,194,28,1,1,allocated
47,6713,greenran_normal,0,0,65535_65535,0,4,124874,136,1,1,0,26,0,22,1,1,pre_allocation
47,6713,greenran_normal,0,0,65535_65535,0,4,124874,141,1,1,1,27,141,22,1,1,allocated
47,6713,greenran_normal,0,0,65535_65535,0,1,122968,194,1,1,0,26,0,28,1,1,pre_allocation
47,6713,greenran_normal,0,0,65535_65535,0,1,122968,201,1,1,1,27,201,28,1,1,allocated
47,6713,greenran_normal,0,0,65535_65535,0,3,122953,194,1,1,0,26,0,28,1,1,pre_allocation
47,6713,greenran_normal,0,0,65535_65535,0,3,122953,201,1,1,1,27,201,28,1,1,allocated
47,6713,greenran_normal,0,0,65535_65535,0,2,122951,194,1,1,0,26,0,28,1,1,pre_allocation
47,6713,greenran_normal,0,0,65535_65535,0,2,122951,201,1,1,1,27,201,28,1,1,allocated
47,6713,greenran_normal,0,0,65535_65535,0,5,122947,194,1,1,0,26,0,28,1,1,pre_allocation
47,6713,greenran_normal,0,0,65535_65535,0,5,122947,201,1,1,1,27,201,28,1,1,allocated
47,6713,greenran_normal,0,0,65535_65535,0,4,124874,141,1,1,0,27,0,22,1,1,pre_allocation
47,6713,greenran_normal,0,0,65535_65535,0,4,124874,147,1,1,1,28,147,22,1,1,allocated
47,6713,greenran_normal,0,0,65535_65535,0,1,122968,201,1,1,0,27,0,28,1,1,pre_allocation
47,6713,greenran_normal,0,0,65535_65535,0,1,122968,209,1,1,1,28,209,28,1,1,allocated
47,6713,greenran_normal,0,0,65535_65535,0,3,122953,201,1,1,0,27,0,28,1,1,pre_allocation
47,6713,greenran_normal,0,0,65535_65535,0,3,122953,209,1,1,1,28,209,28,1,1,allocated
47,6713,greenran_normal,0,0,65535_65535,0,2,122951,201,1,1,0,27,0,28,1,1,pre_allocation
47,6713,greenran_normal,0,0,65535_65535,0,2,122951,209,1,1,1,28,209,28,1,1,allocated
47,6713,greenran_normal,0,0,65535_65535,0,5,122947,201,1,1,0,27,0,28,1,1,pre_allocation
47,6713,greenran_normal,0,0,65535_65535,0,5,122947,209,1,1,1,28,209,28,1,1,allocated
47,6713,greenran_normal,0,0,65535_65535,0,4,124874,147,1,1,0,28,0,22,1,1,pre_allocation
47,6713,greenran_normal,0,0,65535_65535,0,4,124874,152,1,1,1,29,152,22,1,1,allocated
47,6713,greenran_normal,0,0,65535_65535,0,1,122968,209,1,1,0,28,0,28,1,1,pre_allocation
47,6713,greenran_normal,0,0,65535_65535,0,1,122968,217,1,1,1,29,217,28,1,1,allocated
47,6713,greenran_normal,0,0,65535_65535,0,3,122953,209,1,1,0,28,0,28,1,1,pre_allocation
47,6713,greenran_normal,0,0,65535_65535,0,3,122953,217,1,1,1,29,217,28,1,1,allocated
47,6713,greenran_normal,0,0,65535_65535,0,2,122951,209,1,1,0,28,0,28,1,1,pre_allocation
47,6713,greenran_normal,0,0,65535_65535,0,2,122951,217,1,1,1,29,217,28,1,1,allocated
47,6713,greenran_normal,0,0,65535_65535,0,5,122947,209,1,1,0,28,0,28,1,1,pre_allocation
47,6713,greenran_normal,0,0,65535_65535,0,5,122947,217,1,1,1,29,217,28,1,1,allocated
47,6713,greenran_normal,0,0,65535_65535,0,4,124874,152,1,1,0,29,0,22,1,1,pre_allocation
47,6713,greenran_normal,0,0,65535_65535,0,4,124874,157,1,1,1,30,157,22,1,1,allocated
47,6713,greenran_normal,0,0,65535_65535,0,1,122968,217,1,1,0,29,0,28,1,1,pre_allocation
47,6713,greenran_normal,0,0,65535_65535,0,1,122968,224,1,1,1,30,224,28,1,1,allocated
47,6713,greenran_normal,0,0,65535_65535,0,3,122953,217,1,1,0,29,0,28,1,1,pre_allocation
47,6713,greenran_normal,0,0,65535_65535,0,3,122953,224,1,1,1,30,224,28,1,1,allocated
47,6713,greenran_normal,0,0,65535_65535,0,2,122951,217,1,1,0,29,0,28,1,1,pre_allocation
47,6713,greenran_normal,0,0,65535_65535,0,2,122951,224,1,1,1,30,224,28,1,1,allocated
47,6713,greenran_normal,0,0,65535_65535,0,5,122947,217,1,1,0,29,0,28,1,1,pre_allocation
47,6713,greenran_normal,0,0,65535_65535,0,5,122947,224,1,1,1,30,224,28,1,1,allocated
47,6713,greenran_normal,0,0,65535_65535,0,4,124874,157,1,1,0,30,0,22,1,1,pre_allocation
47,6713,greenran_normal,0,0,65535_65535,0,4,124874,163,1,1,1,31,163,22,1,1,allocated
47,6713,greenran_normal,0,0,65535_65535,0,1,122968,224,1,1,0,30,0,28,1,1,pre_allocation
47,6713,greenran_normal,0,0,65535_65535,0,1,122968,232,1,1,1,31,232,28,1,1,allocated
47,6713,greenran_normal,0,0,65535_65535,0,3,122953,224,1,1,0,30,0,28,1,1,pre_allocation
47,6713,greenran_normal,0,0,65535_65535,0,3,122953,232,1,1,1,31,232,28,1,1,allocated
47,6713,greenran_normal,0,0,65535_65535,0,2,122951,224,1,1,0,30,0,28,1,1,pre_allocation
47,6713,greenran_normal,0,0,65535_65535,0,2,122951,232,1,1,1,31,232,28,1,1,allocated
47,6713,greenran_normal,0,0,65535_65535,0,5,122947,224,1,1,0,30,0,28,1,1,pre_allocation
47,6713,greenran_normal,0,0,65535_65535,0,5,122947,232,1,1,1,31,232,28,1,1,allocated
47,6713,greenran_normal,0,0,65535_65535,0,4,124874,163,1,1,0,31,0,22,1,1,pre_allocation
47,6713,greenran_normal,0,0,65535_65535,0,4,124874,168,1,1,1,32,168,22,1,1,allocated
47,6713,greenran_normal,0,0,65535_65535,0,1,122968,232,1,1,0,31,0,28,1,1,pre_allocation
47,6713,greenran_normal,0,0,65535_65535,0,1,122968,239,1,1,1,32,239,28,1,1,allocated
47,6713,greenran_normal,0,0,65535_65535,0,3,122953,232,1,1,0,31,0,28,1,1,pre_allocation
47,6713,greenran_normal,0,0,65535_65535,0,3,122953,239,1,1,1,32,239,28,1,1,allocated
47,6713,greenran_normal,0,0,65535_65535,0,2,122951,232,1,1,0,31,0,28,1,1,pre_allocation
47,6713,greenran_normal,0,0,65535_65535,0,2,122951,239,1,1,1,32,239,28,1,1,allocated
47,6713,greenran_normal,0,0,65535_65535,0,5,122947,232,1,1,0,31,0,28,1,1,pre_allocation
47,6713,greenran_normal,0,0,65535_65535,0,5,122947,239,1,1,1,32,239,28,1,1,allocated
47,6713,greenran_normal,0,0,65535_65535,0,4,124874,168,1,1,0,32,0,22,1,1,pre_allocation
47,6713,greenran_normal,0,0,65535_65535,0,4,124874,173,1,1,1,33,173,22,1,1,allocated
47,6713,greenran_normal,0,0,65535_65535,0,1,122968,239,1,1,0,32,0,28,1,1,pre_allocation
47,6713,greenran_normal,0,0,65535_65535,0,1,122968,247,1,1,1,33,247,28,1,1,allocated
47,6713,greenran_normal,0,0,65535_65535,0,3,122953,239,1,1,0,32,0,28,1,1,pre_allocation
47,6713,greenran_normal,0,0,65535_65535,0,3,122953,247,1,1,1,33,247,28,1,1,allocated
47,6713,greenran_normal,0,0,65535_65535,0,2,122951,239,1,1,0,32,0,28,1,1,pre_allocation
47,6713,greenran_normal,0,0,65535_65535,0,2,122951,247,1,1,1,33,247,28,1,1,allocated
47,6713,greenran_normal,0,0,65535_65535,0,5,122947,239,1,1,0,32,0,28,1,1,pre_allocation
47,6713,greenran_normal,0,0,65535_65535,0,5,122947,247,1,1,1,33,247,28,1,1,allocated
47,6713,greenran_normal,0,0,65535_65535,0,4,124874,173,1,1,0,33,0,22,1,1,pre_allocation
47,6713,greenran_normal,0,0,65535_65535,0,4,124874,179,1,1,1,34,179,22,1,1,allocated
47,6713,greenran_normal,0,0,65535_65535,0,1,122968,247,1,1,0,33,0,28,1,1,pre_allocation
47,6713,greenran_normal,0,0,65535_65535,0,1,122968,255,1,1,1,34,255,28,1,1,allocated
47,6713,greenran_normal,0,0,65535_65535,0,3,122953,247,1,1,0,33,0,28,1,1,pre_allocation
47,6713,greenran_normal,0,0,65535_65535,0,3,122953,255,1,1,1,34,255,28,1,1,allocated
47,6713,greenran_normal,0,0,65535_65535,0,2,122951,247,1,1,0,33,0,28,1,1,pre_allocation
47,6713,greenran_normal,0,0,65535_65535,0,2,122951,255,1,1,1,34,255,28,1,1,allocated
47,6713,greenran_normal,0,0,65535_65535,0,5,122947,247,1,1,0,33,0,28,1,1,pre_allocation
47,6713,greenran_normal,0,0,65535_65535,0,5,122947,255,1,1,1,34,255,28,1,1,allocated
47,6713,greenran_normal,0,0,65535_65535,0,4,124874,179,1,1,0,34,0,22,1,1,pre_allocation
47,6713,greenran_normal,0,0,65535_65535,0,4,124874,184,1,1,1,35,184,22,1,1,allocated
47,6713,greenran_normal,0,0,65535_65535,0,1,122968,255,1,1,0,34,0,28,1,1,pre_allocation
47,6713,greenran_normal,0,0,65535_65535,0,1,122968,262,1,1,1,35,262,28,1,1,allocated
47,6713,greenran_normal,0,0,65535_65535,0,3,122953,255,1,1,0,34,0,28,1,1,pre_allocation
47,6713,greenran_normal,0,0,65535_65535,0,3,122953,262,1,1,1,35,262,28,1,1,allocated
47,6713,greenran_normal,0,0,65535_65535,0,2,122951,255,1,1,0,34,0,28,1,1,pre_allocation
47,6713,greenran_normal,0,0,65535_65535,0,2,122951,262,1,1,1,35,262,28,1,1,allocated
47,6713,greenran_normal,0,0,65535_65535,0,5,122947,255,1,1,0,34,0,28,1,1,pre_allocation
47,6713,greenran_normal,0,0,65535_65535,0,5,122947,262,1,1,1,35,262,28,1,1,allocated
47,6713,greenran_normal,0,0,65535_65535,0,4,124874,184,1,1,0,35,0,22,1,1,pre_allocation
47,6713,greenran_normal,0,0,65535_65535,0,4,124874,190,1,1,1,36,190,22,1,1,allocated
47,6713,greenran_normal,0,0,65535_65535,0,1,122968,262,1,1,0,35,0,28,1,1,pre_allocation
47,6713,greenran_normal,0,0,65535_65535,0,1,122968,270,1,1,1,36,270,28,1,1,allocated
47,6713,greenran_normal,0,0,65535_65535,2,38,3969388,0,1,1,0,0,0,2,1,1,pre_allocation
47,6713,greenran_normal,0,0,65535_65535,2,38,3969388,0,1,1,1,1,0,2,1,1,allocated
47,6713,greenran_normal,0,0,65535_65535,2,60,3969127,0,1,1,0,0,0,12,1,1,pre_allocation
47,6713,greenran_normal,0,0,65535_65535,2,60,3969127,2,1,1,1,1,2,12,1,1,allocated
47,6713,greenran_normal,0,0,65535_65535,2,64,3968916,0,1,1,0,0,0,18,1,1,pre_allocation
47,6713,greenran_normal,0,0,65535_65535,2,64,3968916,0,1,1,1,1,0,18,1,1,allocated
47,6713,greenran_normal,0,0,65535_65535,2,43,3968403,0,1,1,0,0,0,26,1,1,pre_allocation
47,6713,greenran_normal,0,0,65535_65535,2,43,3968403,4,1,1,1,1,4,26,1,1,allocated
47,6713,greenran_normal,0,0,65535_65535,2,42,3967937,0,1,1,0,0,0,24,1,1,pre_allocation
47,6713,greenran_normal,0,0,65535_65535,2,42,3967937,3,1,1,1,1,3,24,1,1,allocated
47,6713,greenran_normal,0,0,65535_65535,2,36,3967535,0,1,1,0,0,0,28,1,1,pre_allocation
47,6713,greenran_normal,0,0,65535_65535,2,36,3967535,4,1,1,1,1,4,28,1,1,allocated
47,6713,greenran_normal,0,0,65535_65535,2,59,3967517,0,1,1,0,0,0,26,1,1,pre_allocation
47,6713,greenran_normal,0,0,65535_65535,2,59,3967517,4,1,1,1,1,4,26,1,1,allocated
47,6713,greenran_normal,0,0,65535_65535,2,41,3967471,0,1,1,0,0,0,28,1,1,pre_allocation
47,6713,greenran_normal,0,0,65535_65535,2,41,3967471,4,1,1,1,1,4,28,1,1,allocated
47,6713,greenran_normal,0,0,65535_65535,2,61,3967468,0,1,1,0,0,0,28,1,1,pre_allocation
47,6713,greenran_normal,0,0,65535_65535,2,61,3967468,4,1,1,1,1,4,28,1,1,allocated
47,6713,greenran_normal,0,0,65535_65535,2,58,3967538,0,1,1,0,0,0,26,1,1,pre_allocation
47,6713,greenran_normal,0,0,65535_65535,2,58,3967538,4,1,1,1,1,4,26,1,1,allocated
47,6713,greenran_normal,0,0,65535_65535,2,62,3967467,0,1,1,0,0,0,28,1,1,pre_allocation
47,6713,greenran_normal,0,0,65535_65535,2,62,3967467,4,1,1,1,1,4,28,1,1,allocated
47,6713,greenran_normal,0,0,65535_65535,2,63,3967467,0,1,1,0,0,0,28,1,1,pre_allocation
47,6713,greenran_normal,0,0,65535_65535,2,63,3967467,4,1,1,1,1,4,28,1,1,allocated
47,6713,greenran_normal,0,0,65535_65535,2,39,3967470,0,1,1,0,0,0,28,1,1,pre_allocation
47,6713,greenran_normal,0,0,65535_65535,2,39,3967470,4,1,1,1,1,4,28,1,1,allocated
47,6713,greenran_normal,0,0,65535_65535,2,37,3967465,0,1,1,0,0,0,28,1,1,pre_allocation
47,6713,greenran_normal,0,0,65535_65535,2,37,3967465,4,1,1,1,1,4,28,1,1,allocated
47,6713,greenran_normal,0,0,65535_65535,2,35,3967462,0,1,1,0,0,0,28,1,1,pre_allocation
47,6713,greenran_normal,0,0,65535_65535,2,35,3967462,4,1,1,1,1,4,28,1,1,allocated
47,6713,greenran_normal,0,0,65535_65535,2,44,3967462,0,1,1,0,0,0,28,1,1,pre_allocation
47,6713,greenran_normal,0,0,65535_65535,2,44,3967462,4,1,1,1,1,4,28,1,1,allocated
47,6713,greenran_normal,0,0,65535_65535,2,55,3967462,0,1,1,0,0,0,28,1,1,pre_allocation
47,6713,greenran_normal,0,0,65535_65535,2,55,3967462,4,1,1,1,1,4,28,1,1,allocated
47,6713,greenran_normal,0,0,65535_65535,2,56,3967462,0,1,1,0,0,0,28,1,1,pre_allocation
47,6713,greenran_normal,0,0,65535_65535,2,56,3967462,4,1,1,1,1,4,28,1,1,allocated
47,6713,greenran_normal,0,0,65535_65535,2,57,3967462,0,1,1,0,0,0,28,1,1,pre_allocation
47,6713,greenran_normal,0,0,65535_65535,2,57,3967462,4,1,1,1,1,4,28,1,1,allocated
47,6713,greenran_normal,0,0,65535_65535,2,40,3967464,0,1,1,0,0,0,28,1,1,pre_allocation
47,6713,greenran_normal,0,0,65535_65535,2,40,3967464,4,1,1,1,1,4,28,1,1,allocated
47,6713,greenran_normal,0,0,65535_65535,2,38,3969388,0,1,1,0,1,0,2,1,1,pre_allocation
47,6713,greenran_normal,0,0,65535_65535,2,38,3969388,0,1,1,1,2,0,2,1,1,allocated
47,6713,greenran_normal,0,0,65535_65535,2,60,3969127,2,1,1,0,1,0,12,1,1,pre_allocation
47,6713,greenran_normal,0,0,65535_65535,2,60,3969127,1,1,1,1,2,1,12,1,1,allocated
47,6713,greenran_normal,0,0,65535_65535,2,64,3968916,0,1,1,0,1,0,18,1,1,pre_allocation
47,6713,greenran_normal,0,0,65535_65535,2,64,3968916,4,1,1,1,2,4,18,1,1,allocated
47,6713,greenran_normal,0,0,65535_65535,2,43,3968403,4,1,1,0,1,0,26,1,1,pre_allocation
47,6713,greenran_normal,0,0,65535_65535,2,43,3968403,11,1,1,1,2,11,26,1,1,allocated
47,6713,greenran_normal,0,0,65535_65535,2,42,3967937,3,1,1,0,1,0,24,1,1,pre_allocation
47,6713,greenran_normal,0,0,65535_65535,2,42,3967937,9,1,1,1,2,9,24,1,1,allocated
47,6713,greenran_normal,0,0,65535_65535,2,36,3967535,4,1,1,0,1,0,28,1,1,pre_allocation
47,6713,greenran_normal,0,0,65535_65535,2,36,3967535,12,1,1,1,2,12,28,1,1,allocated
47,6713,greenran_normal,0,0,65535_65535,2,59,3967517,4,1,1,0,1,0,26,1,1,pre_allocation
47,6713,greenran_normal,0,0,65535_65535,2,59,3967517,11,1,1,1,2,11,26,1,1,allocated
47,6713,greenran_normal,0,0,65535_65535,2,41,3967471,4,1,1,0,1,0,28,1,1,pre_allocation
47,6713,greenran_normal,0,0,65535_65535,2,41,3967471,12,1,1,1,2,12,28,1,1,allocated
47,6713,greenran_normal,0,0,65535_65535,2,61,3967468,4,1,1,0,1,0,28,1,1,pre_allocation
47,6713,greenran_normal,0,0,65535_65535,2,61,3967468,12,1,1,1,2,12,28,1,1,allocated
47,6713,greenran_normal,0,0,65535_65535,2,58,3967538,4,1,1,0,1,0,26,1,1,pre_allocation
47,6713,greenran_normal,0,0,65535_65535,2,58,3967538,11,1,1,1,2,11,26,1,1,allocated
47,6713,greenran_normal,0,0,65535_65535,2,62,3967467,4,1,1,0,1,0,28,1,1,pre_allocation
47,6713,greenran_normal,0,0,65535_65535,2,62,3967467,12,1,1,1,2,12,28,1,1,allocated
47,6713,greenran_normal,0,0,65535_65535,2,63,3967467,4,1,1,0,1,0,28,1,1,pre_allocation
47,6713,greenran_normal,0,0,65535_65535,2,63,3967467,12,1,1,1,2,12,28,1,1,allocated
47,6713,greenran_normal,0,0,65535_65535,2,39,3967470,4,1,1,0,1,0,28,1,1,pre_allocation
47,6713,greenran_normal,0,0,65535_65535,2,39,3967470,12,1,1,1,2,12,28,1,1,allocated
47,6713,greenran_normal,0,0,65535_65535,2,37,3967465,4,1,1,0,1,0,28,1,1,pre_allocation
47,6713,greenran_normal,0,0,65535_65535,2,37,3967465,12,1,1,1,2,12,28,1,1,allocated
47,6713,greenran_normal,0,0,65535_65535,2,35,3967462,4,1,1,0,1,0,28,1,1,pre_allocation
47,6713,greenran_normal,0,0,65535_65535,2,35,3967462,12,1,1,1,2,12,28,1,1,allocated
47,6713,greenran_normal,0,0,65535_65535,2,44,3967462,4,1,1,0,1,0,28,1,1,pre_allocation
47,6713,greenran_normal,0,0,65535_65535,2,44,3967462,12,1,1,1,2,12,28,1,1,allocated
47,6713,greenran_normal,0,0,65535_65535,2,55,3967462,4,1,1,0,1,0,28,1,1,pre_allocation
47,6713,greenran_normal,0,0,65535_65535,2,55,3967462,12,1,1,1,2,12,28,1,1,allocated
47,6713,greenran_normal,0,0,65535_65535,2,56,3967462,4,1,1,0,1,0,28,1,1,pre_allocation
47,6713,greenran_normal,0,0,65535_65535,2,56,3967462,12,1,1,1,2,12,28,1,1,allocated
47,6713,greenran_normal,0,0,65535_65535,2,57,3967462,4,1,1,0,1,0,28,1,1,pre_allocation
47,6713,greenran_normal,0,0,65535_65535,2,57,3967462,12,1,1,1,2,12,28,1,1,allocated
47,6713,greenran_normal,0,0,65535_65535,2,40,3967464,4,1,1,0,1,0,28,1,1,pre_allocation
47,6713,greenran_normal,0,0,65535_65535,2,40,3967464,12,1,1,1,2,12,28,1,1,allocated
47,6713,greenran_normal,0,0,65535_65535,2,38,3969388,0,1,1,0,2,0,2,1,1,pre_allocation
47,6713,greenran_normal,0,0,65535_65535,2,38,3969388,0,1,1,1,3,0,2,1,1,allocated
47,6713,greenran_normal,0,0,65535_65535,2,60,3969127,1,1,1,0,2,0,12,1,1,pre_allocation
47,6713,greenran_normal,0,0,65535_65535,2,60,3969127,3,1,1,1,3,3,12,1,1,allocated
47,6713,greenran_normal,0,0,65535_65535,2,64,3968916,4,1,1,0,2,0,18,1,1,pre_allocation
47,6713,greenran_normal,0,0,65535_65535,2,64,3968916,8,1,1,1,3,8,18,1,1,allocated
47,6713,greenran_normal,0,0,65535_65535,2,43,3968403,11,1,1,0,2,0,26,1,1,pre_allocation
47,6713,greenran_normal,0,0,65535_65535,2,43,3968403,18,1,1,1,3,18,26,1,1,allocated
47,6713,greenran_normal,0,0,65535_65535,2,42,3967937,9,1,1,0,2,0,24,1,1,pre_allocation
47,6713,greenran_normal,0,0,65535_65535,2,42,3967937,15,1,1,1,3,15,24,1,1,allocated
47,6713,greenran_normal,0,0,65535_65535,2,36,3967535,12,1,1,0,2,0,28,1,1,pre_allocation
47,6713,greenran_normal,0,0,65535_65535,2,36,3967535,19,1,1,1,3,19,28,1,1,allocated
47,6713,greenran_normal,0,0,65535_65535,2,59,3967517,11,1,1,0,2,0,26,1,1,pre_allocation
47,6713,greenran_normal,0,0,65535_65535,2,59,3967517,18,1,1,1,3,18,26,1,1,allocated
47,6713,greenran_normal,0,0,65535_65535,2,41,3967471,12,1,1,0,2,0,28,1,1,pre_allocation
47,6713,greenran_normal,0,0,65535_65535,2,41,3967471,19,1,1,1,3,19,28,1,1,allocated
47,6713,greenran_normal,0,0,65535_65535,2,61,3967468,12,1,1,0,2,0,28,1,1,pre_allocation
47,6713,greenran_normal,0,0,65535_65535,2,61,3967468,19,1,1,1,3,19,28,1,1,allocated
47,6713,greenran_normal,0,0,65535_65535,2,58,3967538,11,1,1,0,2,0,26,1,1,pre_allocation
47,6713,greenran_normal,0,0,65535_65535,2,58,3967538,18,1,1,1,3,18,26,1,1,allocated
47,6713,greenran_normal,0,0,65535_65535,2,62,3967467,12,1,1,0,2,0,28,1,1,pre_allocation
47,6713,greenran_normal,0,0,65535_65535,2,62,3967467,19,1,1,1,3,19,28,1,1,allocated
47,6713,greenran_normal,0,0,65535_65535,2,63,3967467,12,1,1,0,2,0,28,1,1,pre_allocation
47,6713,greenran_normal,0,0,65535_65535,2,63,3967467,19,1,1,1,3,19,28,1,1,allocated
47,6713,greenran_normal,0,0,65535_65535,2,39,3967470,12,1,1,0,2,0,28,1,1,pre_allocation
47,6713,greenran_normal,0,0,65535_65535,2,39,3967470,19,1,1,1,3,19,28,1,1,allocated
47,6713,greenran_normal,0,0,65535_65535,2,37,3967465,12,1,1,0,2,0,28,1,1,pre_allocation
47,6713,greenran_normal,0,0,65535_65535,2,37,3967465,19,1,1,1,3,19,28,1,1,allocated
47,6713,greenran_normal,0,0,65535_65535,2,35,3967462,12,1,1,0,2,0,28,1,1,pre_allocation
47,6713,greenran_normal,0,0,65535_65535,2,35,3967462,19,1,1,1,3,19,28,1,1,allocated
47,6713,greenran_normal,0,0,65535_65535,2,44,3967462,12,1,1,0,2,0,28,1,1,pre_allocation
47,6713,greenran_normal,0,0,65535_65535,2,44,3967462,19,1,1,1,3,19,28,1,1,allocated
47,6713,greenran_normal,0,0,65535_65535,2,55,3967462,12,1,1,0,2,0,28,1,1,pre_allocation
47,6713,greenran_normal,0,0,65535_65535,2,55,3967462,19,1,1,1,3,19,28,1,1,allocated
47,6713,greenran_normal,0,0,65535_65535,2,56,3967462,12,1,1,0,2,0,28,1,1,pre_allocation
47,6713,greenran_normal,0,0,65535_65535,2,56,3967462,19,1,1,1,3,19,28,1,1,allocated
47,6713,greenran_normal,0,0,65535_65535,2,57,3967462,12,1,1,0,2,0,28,1,1,pre_allocation
47,6713,greenran_normal,0,0,65535_65535,2,57,3967462,19,1,1,1,3,19,28,1,1,allocated
47,6713,greenran_normal,0,0,65535_65535,2,40,3967464,12,1,1,0,2,0,28,1,1,pre_allocation
47,6713,greenran_normal,0,0,65535_65535,2,40,3967464,19,1,1,1,3,19,28,1,1,allocated
47,6713,greenran_normal,0,0,65535_65535,2,38,3969388,0,1,1,0,3,0,2,1,1,pre_allocation
47,6713,greenran_normal,0,0,65535_65535,2,38,3969388,1,1,1,1,4,1,2,1,1,allocated
47,6713,greenran_normal,0,0,65535_65535,2,60,3969127,3,1,1,0,3,0,12,1,1,pre_allocation
47,6713,greenran_normal,0,0,65535_65535,2,60,3969127,5,1,1,1,4,5,12,1,1,allocated
47,6713,greenran_normal,0,0,65535_65535,2,64,3968916,8,1,1,0,3,0,18,1,1,pre_allocation
47,6713,greenran_normal,0,0,65535_65535,2,64,3968916,11,1,1,1,4,11,18,1,1,allocated
47,6713,greenran_normal,0,0,65535_65535,2,43,3968403,18,1,1,0,3,0,26,1,1,pre_allocation
47,6713,greenran_normal,0,0,65535_65535,2,43,3968403,25,1,1,1,4,25,26,1,1,allocated
47,6713,greenran_normal,0,0,65535_65535,2,42,3967937,15,1,1,0,3,0,24,1,1,pre_allocation
47,6713,greenran_normal,0,0,65535_65535,2,42,3967937,21,1,1,1,4,21,24,1,1,allocated
47,6713,greenran_normal,0,0,65535_65535,2,36,3967535,19,1,1,0,3,0,28,1,1,pre_allocation
47,6713,greenran_normal,0,0,65535_65535,2,36,3967535,27,1,1,1,4,27,28,1,1,allocated
47,6713,greenran_normal,0,0,65535_65535,2,59,3967517,18,1,1,0,3,0,26,1,1,pre_allocation
47,6713,greenran_normal,0,0,65535_65535,2,59,3967517,25,1,1,1,4,25,26,1,1,allocated
47,6713,greenran_normal,0,0,65535_65535,2,41,3967471,19,1,1,0,3,0,28,1,1,pre_allocation
47,6713,greenran_normal,0,0,65535_65535,2,41,3967471,27,1,1,1,4,27,28,1,1,allocated
47,6713,greenran_normal,0,0,65535_65535,2,61,3967468,19,1,1,0,3,0,28,1,1,pre_allocation
47,6713,greenran_normal,0,0,65535_65535,2,61,3967468,27,1,1,1,4,27,28,1,1,allocated
47,6713,greenran_normal,0,0,65535_65535,2,58,3967538,18,1,1,0,3,0,26,1,1,pre_allocation
47,6713,greenran_normal,0,0,65535_65535,2,58,3967538,25,1,1,1,4,25,26,1,1,allocated
47,6713,greenran_normal,0,0,65535_65535,2,62,3967467,19,1,1,0,3,0,28,1,1,pre_allocation
47,6713,greenran_normal,0,0,65535_65535,2,62,3967467,27,1,1,1,4,27,28,1,1,allocated
47,6713,greenran_normal,0,0,65535_65535,2,63,3967467,19,1,1,0,3,0,28,1,1,pre_allocation
47,6713,greenran_normal,0,0,65535_65535,2,63,3967467,27,1,1,1,4,27,28,1,1,allocated
47,6713,greenran_normal,0,0,65535_65535,2,39,3967470,19,1,1,0,3,0,28,1,1,pre_allocation
47,6713,greenran_normal,0,0,65535_65535,2,39,3967470,27,1,1,1,4,27,28,1,1,allocated
47,6713,greenran_normal,0,0,65535_65535,2,37,3967465,19,1,1,0,3,0,28,1,1,pre_allocation
47,6713,greenran_normal,0,0,65535_65535,2,37,3967465,27,1,1,1,4,27,28,1,1,allocated
47,6713,greenran_normal,0,0,65535_65535,2,35,3967462,19,1,1,0,3,0,28,1,1,pre_allocation
47,6713,greenran_normal,0,0,65535_65535,2,35,3967462,27,1,1,1,4,27,28,1,1,allocated
47,6713,greenran_normal,0,0,65535_65535,2,44,3967462,19,1,1,0,3,0,28,1,1,pre_allocation
47,6713,greenran_normal,0,0,65535_65535,2,44,3967462,27,1,1,1,4,27,28,1,1,allocated
47,6713,greenran_normal,0,0,65535_65535,2,55,3967462,19,1,1,0,3,0,28,1,1,pre_allocation
47,6713,greenran_normal,0,0,65535_65535,2,55,3967462,27,1,1,1,4,27,28,1,1,allocated
47,6713,greenran_normal,0,0,65535_65535,2,56,3967462,19,1,1,0,3,0,28,1,1,pre_allocation
47,6713,greenran_normal,0,0,65535_65535,2,56,3967462,27,1,1,1,4,27,28,1,1,allocated
47,6713,greenran_normal,0,0,65535_65535,2,57,3967462,19,1,1,0,3,0,28,1,1,pre_allocation
47,6713,greenran_normal,0,0,65535_65535,2,57,3967462,27,1,1,1,4,27,28,1,1,allocated
47,6713,greenran_normal,0,0,65535_65535,2,40,3967464,19,1,1,0,3,0,28,1,1,pre_allocation
47,6713,greenran_normal,0,0,65535_65535,2,40,3967464,27,1,1,1,4,27,28,1,1,allocated
47,6713,greenran_normal,0,0,65535_65535,2,38,3969388,1,1,1,0,4,0,2,1,1,pre_allocation
47,6713,greenran_normal,0,0,65535_65535,2,38,3969388,1,1,1,1,5,1,2,1,1,allocated
47,6713,greenran_normal,0,0,65535_65535,2,60,3969127,5,1,1,0,4,0,12,1,1,pre_allocation
47,6713,greenran_normal,0,0,65535_65535,2,60,3969127,7,1,1,1,5,7,12,1,1,allocated
47,6713,greenran_normal,0,0,65535_65535,2,64,3968916,11,1,1,0,4,0,18,1,1,pre_allocation
47,6713,greenran_normal,0,0,65535_65535,2,64,3968916,15,1,1,1,5,15,18,1,1,allocated
47,6713,greenran_normal,0,0,65535_65535,2,43,3968403,25,1,1,0,4,0,26,1,1,pre_allocation
47,6713,greenran_normal,0,0,65535_65535,2,43,3968403,32,1,1,1,5,32,26,1,1,allocated
47,6713,greenran_normal,0,0,65535_65535,2,42,3967937,21,1,1,0,4,0,24,1,1,pre_allocation
47,6713,greenran_normal,0,0,65535_65535,2,42,3967937,27,1,1,1,5,27,24,1,1,allocated
47,6713,greenran_normal,0,0,65535_65535,2,36,3967535,27,1,1,0,4,0,28,1,1,pre_allocation
47,6713,greenran_normal,0,0,65535_65535,2,36,3967535,34,1,1,1,5,34,28,1,1,allocated
47,6713,greenran_normal,0,0,65535_65535,2,59,3967517,25,1,1,0,4,0,26,1,1,pre_allocation
47,6713,greenran_normal,0,0,65535_65535,2,59,3967517,32,1,1,1,5,32,26,1,1,allocated
47,6713,greenran_normal,0,0,65535_65535,2,41,3967471,27,1,1,0,4,0,28,1,1,pre_allocation
47,6713,greenran_normal,0,0,65535_65535,2,41,3967471,34,1,1,1,5,34,28,1,1,allocated
47,6713,greenran_normal,0,0,65535_65535,2,61,3967468,27,1,1,0,4,0,28,1,1,pre_allocation
47,6713,greenran_normal,0,0,65535_65535,2,61,3967468,34,1,1,1,5,34,28,1,1,allocated
50,6848,greenran_normal,0,0,65535_65535,0,4,127244,0,1,1,0,0,0,24,1,1,pre_allocation
50,6848,greenran_normal,0,0,65535_65535,0,4,127244,3,1,1,1,1,3,24,1,1,allocated
50,6848,greenran_normal,0,0,65535_65535,0,5,125107,0,1,1,0,0,0,28,1,1,pre_allocation
50,6848,greenran_normal,0,0,65535_65535,0,5,125107,4,1,1,1,1,4,28,1,1,allocated
50,6848,greenran_normal,0,0,65535_65535,0,3,125106,0,1,1,0,0,0,28,1,1,pre_allocation
50,6848,greenran_normal,0,0,65535_65535,0,3,125106,4,1,1,1,1,4,28,1,1,allocated
50,6848,greenran_normal,0,0,65535_65535,0,2,125104,0,1,1,0,0,0,28,1,1,pre_allocation
50,6848,greenran_normal,0,0,65535_65535,0,2,125104,4,1,1,1,1,4,28,1,1,allocated
50,6848,greenran_normal,0,0,65535_65535,0,1,125105,0,1,1,0,0,0,28,1,1,pre_allocation
50,6848,greenran_normal,0,0,65535_65535,0,1,125105,4,1,1,1,1,4,28,1,1,allocated
50,6848,greenran_normal,0,0,65535_65535,0,4,127244,3,1,1,0,1,0,24,1,1,pre_allocation
50,6848,greenran_normal,0,0,65535_65535,0,4,127244,9,1,1,1,2,9,24,1,1,allocated
50,6848,greenran_normal,0,0,65535_65535,0,5,125107,4,1,1,0,1,0,28,1,1,pre_allocation
50,6848,greenran_normal,0,0,65535_65535,0,5,125107,12,1,1,1,2,12,28,1,1,allocated
50,6848,greenran_normal,0,0,65535_65535,0,3,125106,4,1,1,0,1,0,28,1,1,pre_allocation
50,6848,greenran_normal,0,0,65535_65535,0,3,125106,12,1,1,1,2,12,28,1,1,allocated
50,6848,greenran_normal,0,0,65535_65535,0,2,125104,4,1,1,0,1,0,28,1,1,pre_allocation
50,6848,greenran_normal,0,0,65535_65535,0,2,125104,12,1,1,1,2,12,28,1,1,allocated
50,6848,greenran_normal,0,0,65535_65535,0,1,125105,4,1,1,0,1,0,28,1,1,pre_allocation
50,6848,greenran_normal,0,0,65535_65535,0,1,125105,12,1,1,1,2,12,28,1,1,allocated
50,6848,greenran_normal,0,0,65535_65535,0,4,127244,9,1,1,0,2,0,24,1,1,pre_allocation
50,6848,greenran_normal,0,0,65535_65535,0,4,127244,15,1,1,1,3,15,24,1,1,allocated
50,6848,greenran_normal,0,0,65535_65535,0,5,125107,12,1,1,0,2,0,28,1,1,pre_allocation
50,6848,greenran_normal,0,0,65535_65535,0,5,125107,19,1,1,1,3,19,28,1,1,allocated
50,6848,greenran_normal,0,0,65535_65535,0,3,125106,12,1,1,0,2,0,28,1,1,pre_allocation
50,6848,greenran_normal,0,0,65535_65535,0,3,125106,19,1,1,1,3,19,28,1,1,allocated
50,6848,greenran_normal,0,0,65535_65535,0,2,125104,12,1,1,0,2,0,28,1,1,pre_allocation
50,6848,greenran_normal,0,0,65535_65535,0,2,125104,19,1,1,1,3,19,28,1,1,allocated
50,6848,greenran_normal,0,0,65535_65535,0,1,125105,12,1,1,0,2,0,28,1,1,pre_allocation
50,6848,greenran_normal,0,0,65535_65535,0,1,125105,19,1,1,1,3,19,28,1,1,allocated
50,6848,greenran_normal,0,0,65535_65535,0,4,127244,15,1,1,0,3,0,24,1,1,pre_allocation
50,6848,greenran_normal,0,0,65535_65535,0,4,127244,21,1,1,1,4,21,24,1,1,allocated
50,6848,greenran_normal,0,0,65535_65535,0,5,125107,19,1,1,0,3,0,28,1,1,pre_allocation
50,6848,greenran_normal,0,0,65535_65535,0,5,125107,27,1,1,1,4,27,28,1,1,allocated
50,6848,greenran_normal,0,0,65535_65535,0,3,125106,19,1,1,0,3,0,28,1,1,pre_allocation
50,6848,greenran_normal,0,0,65535_65535,0,3,125106,27,1,1,1,4,27,28,1,1,allocated
50,6848,greenran_normal,0,0,65535_65535,0,2,125104,19,1,1,0,3,0,28,1,1,pre_allocation
50,6848,greenran_normal,0,0,65535_65535,0,2,125104,27,1,1,1,4,27,28,1,1,allocated
50,6848,greenran_normal,0,0,65535_65535,0,1,125105,19,1,1,0,3,0,28,1,1,pre_allocation
50,6848,greenran_normal,0,0,65535_65535,0,1,125105,27,1,1,1,4,27,28,1,1,allocated
50,6848,greenran_normal,0,0,65535_65535,0,4,127244,21,1,1,0,4,0,24,1,1,pre_allocation
50,6848,greenran_normal,0,0,65535_65535,0,4,127244,27,1,1,1,5,27,24,1,1,allocated
50,6848,greenran_normal,0,0,65535_65535,0,5,125107,27,1,1,0,4,0,28,1,1,pre_allocation
50,6848,greenran_normal,0,0,65535_65535,0,5,125107,34,1,1,1,5,34,28,1,1,allocated
50,6848,greenran_normal,0,0,65535_65535,0,3,125106,27,1,1,0,4,0,28,1,1,pre_allocation
50,6848,greenran_normal,0,0,65535_65535,0,3,125106,34,1,1,1,5,34,28,1,1,allocated
50,6848,greenran_normal,0,0,65535_65535,0,2,125104,27,1,1,0,4,0,28,1,1,pre_allocation
50,6848,greenran_normal,0,0,65535_65535,0,2,125104,34,1,1,1,5,34,28,1,1,allocated
50,6848,greenran_normal,0,0,65535_65535,0,1,125105,27,1,1,0,4,0,28,1,1,pre_allocation
50,6848,greenran_normal,0,0,65535_65535,0,1,125105,34,1,1,1,5,34,28,1,1,allocated
50,6848,greenran_normal,0,0,65535_65535,0,4,127244,27,1,1,0,5,0,24,1,1,pre_allocation
50,6848,greenran_normal,0,0,65535_65535,0,4,127244,34,1,1,1,6,34,24,1,1,allocated
50,6848,greenran_normal,0,0,65535_65535,0,5,125107,34,1,1,0,5,0,28,1,1,pre_allocation
50,6848,greenran_normal,0,0,65535_65535,0,5,125107,42,1,1,1,6,42,28,1,1,allocated
50,6848,greenran_normal,0,0,65535_65535,0,3,125106,34,1,1,0,5,0,28,1,1,pre_allocation
50,6848,greenran_normal,0,0,65535_65535,0,3,125106,42,1,1,1,6,42,28,1,1,allocated
50,6848,greenran_normal,0,0,65535_65535,0,2,125104,34,1,1,0,5,0,28,1,1,pre_allocation
50,6848,greenran_normal,0,0,65535_65535,0,2,125104,42,1,1,1,6,42,28,1,1,allocated
50,6848,greenran_normal,0,0,65535_65535,0,1,125105,34,1,1,0,5,0,28,1,1,pre_allocation
50,6848,greenran_normal,0,0,65535_65535,0,1,125105,42,1,1,1,6,42,28,1,1,allocated
50,6848,greenran_normal,0,0,65535_65535,0,4,127244,34,1,1,0,6,0,24,1,1,pre_allocation
50,6848,greenran_normal,0,0,65535_65535,0,4,127244,40,1,1,1,7,40,24,1,1,allocated
50,6848,greenran_normal,0,0,65535_65535,0,5,125107,42,1,1,0,6,0,28,1,1,pre_allocation
50,6848,greenran_normal,0,0,65535_65535,0,5,125107,50,1,1,1,7,50,28,1,1,allocated
50,6848,greenran_normal,0,0,65535_65535,0,3,125106,42,1,1,0,6,0,28,1,1,pre_allocation
50,6848,greenran_normal,0,0,65535_65535,0,3,125106,50,1,1,1,7,50,28,1,1,allocated
50,6848,greenran_normal,0,0,65535_65535,0,2,125104,42,1,1,0,6,0,28,1,1,pre_allocation
50,6848,greenran_normal,0,0,65535_65535,0,2,125104,50,1,1,1,7,50,28,1,1,allocated
50,6848,greenran_normal,0,0,65535_65535,0,1,125105,42,1,1,0,6,0,28,1,1,pre_allocation
50,6848,greenran_normal,0,0,65535_65535,0,1,125105,50,1,1,1,7,50,28,1,1,allocated
50,6848,greenran_normal,0,0,65535_65535,0,4,127244,40,1,1,0,7,0,24,1,1,pre_allocation
50,6848,greenran_normal,0,0,65535_65535,0,4,127244,46,1,1,1,8,46,24,1,1,allocated
50,6848,greenran_normal,0,0,65535_65535,0,5,125107,50,1,1,0,7,0,28,1,1,pre_allocation
50,6848,greenran_normal,0,0,65535_65535,0,5,125107,57,1,1,1,8,57,28,1,1,allocated
50,6848,greenran_normal,0,0,65535_65535,0,3,125106,50,1,1,0,7,0,28,1,1,pre_allocation
50,6848,greenran_normal,0,0,65535_65535,0,3,125106,57,1,1,1,8,57,28,1,1,allocated
50,6848,greenran_normal,0,0,65535_65535,0,2,125104,50,1,1,0,7,0,28,1,1,pre_allocation
50,6848,greenran_normal,0,0,65535_65535,0,2,125104,57,1,1,1,8,57,28,1,1,allocated
50,6848,greenran_normal,0,0,65535_65535,0,1,125105,50,1,1,0,7,0,28,1,1,pre_allocation
50,6848,greenran_normal,0,0,65535_65535,0,1,125105,57,1,1,1,8,57,28,1,1,allocated
50,6848,greenran_normal,0,0,65535_65535,0,4,127244,46,1,1,0,8,0,24,1,1,pre_allocation
50,6848,greenran_normal,0,0,65535_65535,0,4,127244,52,1,1,1,9,52,24,1,1,allocated
50,6848,greenran_normal,0,0,65535_65535,0,5,125107,57,1,1,0,8,0,28,1,1,pre_allocation
50,6848,greenran_normal,0,0,65535_65535,0,5,125107,65,1,1,1,9,65,28,1,1,allocated
50,6848,greenran_normal,0,0,65535_65535,0,3,125106,57,1,1,0,8,0,28,1,1,pre_allocation
50,6848,greenran_normal,0,0,65535_65535,0,3,125106,65,1,1,1,9,65,28,1,1,allocated
50,6848,greenran_normal,0,0,65535_65535,0,2,125104,57,1,1,0,8,0,28,1,1,pre_allocation
50,6848,greenran_normal,0,0,65535_65535,0,2,125104,65,1,1,1,9,65,28,1,1,allocated
50,6848,greenran_normal,0,0,65535_65535,0,1,125105,57,1,1,0,8,0,28,1,1,pre_allocation
50,6848,greenran_normal,0,0,65535_65535,0,1,125105,65,1,1,1,9,65,28,1,1,allocated
50,6848,greenran_normal,0,0,65535_65535,0,4,127244,52,1,1,0,9,0,24,1,1,pre_allocation
50,6848,greenran_normal,0,0,65535_65535,0,4,127244,58,1,1,1,10,58,24,1,1,allocated
50,6848,greenran_normal,0,0,65535_65535,0,5,125107,65,1,1,0,9,0,28,1,1,pre_allocation
50,6848,greenran_normal,0,0,65535_65535,0,5,125107,72,1,1,1,10,72,28,1,1,allocated
50,6848,greenran_normal,0,0,65535_65535,0,3,125106,65,1,1,0,9,0,28,1,1,pre_allocation
50,6848,greenran_normal,0,0,65535_65535,0,3,125106,72,1,1,1,10,72,28,1,1,allocated
50,6848,greenran_normal,0,0,65535_65535,0,2,125104,65,1,1,0,9,0,28,1,1,pre_allocation
50,6848,greenran_normal,0,0,65535_65535,0,2,125104,72,1,1,1,10,72,28,1,1,allocated
50,6848,greenran_normal,0,0,65535_65535,0,1,125105,65,1,1,0,9,0,28,1,1,pre_allocation
50,6848,greenran_normal,0,0,65535_65535,0,1,125105,72,1,1,1,10,72,28,1,1,allocated
50,6848,greenran_normal,0,0,65535_65535,0,4,127244,58,1,1,0,10,0,24,1,1,pre_allocation
50,6848,greenran_normal,0,0,65535_65535,0,4,127244,65,1,1,1,11,65,24,1,1,allocated
50,6848,greenran_normal,0,0,65535_65535,0,5,125107,72,1,1,0,10,0,28,1,1,pre_allocation
50,6848,greenran_normal,0,0,65535_65535,0,5,125107,80,1,1,1,11,80,28,1,1,allocated
50,6848,greenran_normal,0,0,65535_65535,0,3,125106,72,1,1,0,10,0,28,1,1,pre_allocation
50,6848,greenran_normal,0,0,65535_65535,0,3,125106,80,1,1,1,11,80,28,1,1,allocated
50,6848,greenran_normal,0,0,65535_65535,0,2,125104,72,1,1,0,10,0,28,1,1,pre_allocation
50,6848,greenran_normal,0,0,65535_65535,0,2,125104,80,1,1,1,11,80,28,1,1,allocated
50,6848,greenran_normal,0,0,65535_65535,0,1,125105,72,1,1,0,10,0,28,1,1,pre_allocation
50,6848,greenran_normal,0,0,65535_65535,0,1,125105,80,1,1,1,11,80,28,1,1,allocated
50,6848,greenran_normal,0,0,65535_65535,0,4,127244,65,1,1,0,11,0,24,1,1,pre_allocation
50,6848,greenran_normal,0,0,65535_65535,0,4,127244,71,1,1,1,12,71,24,1,1,allocated
50,6848,greenran_normal,0,0,65535_65535,0,5,125107,80,1,1,0,11,0,28,1,1,pre_allocation
50,6848,greenran_normal,0,0,65535_65535,0,5,125107,88,1,1,1,12,88,28,1,1,allocated
50,6848,greenran_normal,0,0,65535_65535,0,3,125106,80,1,1,0,11,0,28,1,1,pre_allocation
50,6848,greenran_normal,0,0,65535_65535,0,3,125106,88,1,1,1,12,88,28,1,1,allocated
50,6848,greenran_normal,0,0,65535_65535,0,2,125104,80,1,1,0,11,0,28,1,1,pre_allocation
50,6848,greenran_normal,0,0,65535_65535,0,2,125104,88,1,1,1,12,88,28,1,1,allocated
50,6848,greenran_normal,0,0,65535_65535,0,1,125105,80,1,1,0,11,0,28,1,1,pre_allocation
50,6848,greenran_normal,0,0,65535_65535,0,1,125105,88,1,1,1,12,88,28,1,1,allocated
50,6848,greenran_normal,0,0,65535_65535,0,4,127244,71,1,1,0,12,0,24,1,1,pre_allocation
50,6848,greenran_normal,0,0,65535_65535,0,4,127244,77,1,1,1,13,77,24,1,1,allocated
50,6848,greenran_normal,0,0,65535_65535,0,5,125107,88,1,1,0,12,0,28,1,1,pre_allocation
50,6848,greenran_normal,0,0,65535_65535,0,5,125107,95,1,1,1,13,95,28,1,1,allocated
50,6848,greenran_normal,0,0,65535_65535,0,3,125106,88,1,1,0,12,0,28,1,1,pre_allocation
50,6848,greenran_normal,0,0,65535_65535,0,3,125106,95,1,1,1,13,95,28,1,1,allocated
50,6848,greenran_normal,0,0,65535_65535,0,2,125104,88,1,1,0,12,0,28,1,1,pre_allocation
50,6848,greenran_normal,0,0,65535_65535,0,2,125104,95,1,1,1,13,95,28,1,1,allocated
50,6848,greenran_normal,0,0,65535_65535,0,1,125105,88,1,1,0,12,0,28,1,1,pre_allocation
50,6848,greenran_normal,0,0,65535_65535,0,1,125105,95,1,1,1,13,95,28,1,1,allocated
50,6848,greenran_normal,0,0,65535_65535,0,4,127244,77,1,1,0,13,0,24,1,1,pre_allocation
50,6848,greenran_normal,0,0,65535_65535,0,4,127244,83,1,1,1,14,83,24,1,1,allocated
50,6848,greenran_normal,0,0,65535_65535,0,5,125107,95,1,1,0,13,0,28,1,1,pre_allocation
50,6848,greenran_normal,0,0,65535_65535,0,5,125107,103,1,1,1,14,103,28,1,1,allocated
50,6848,greenran_normal,0,0,65535_65535,0,3,125106,95,1,1,0,13,0,28,1,1,pre_allocation
50,6848,greenran_normal,0,0,65535_65535,0,3,125106,103,1,1,1,14,103,28,1,1,allocated
50,6848,greenran_normal,0,0,65535_65535,0,2,125104,95,1,1,0,13,0,28,1,1,pre_allocation
50,6848,greenran_normal,0,0,65535_65535,0,2,125104,103,1,1,1,14,103,28,1,1,allocated
50,6848,greenran_normal,0,0,65535_65535,0,1,125105,95,1,1,0,13,0,28,1,1,pre_allocation
50,6848,greenran_normal,0,0,65535_65535,0,1,125105,103,1,1,1,14,103,28,1,1,allocated
50,6848,greenran_normal,0,0,65535_65535,0,4,127244,83,1,1,0,14,0,24,1,1,pre_allocation
50,6848,greenran_normal,0,0,65535_65535,0,4,127244,89,1,1,1,15,89,24,1,1,allocated
50,6848,greenran_normal,0,0,65535_65535,0,5,125107,103,1,1,0,14,0,28,1,1,pre_allocation
50,6848,greenran_normal,0,0,65535_65535,0,5,125107,110,1,1,1,15,110,28,1,1,allocated
50,6848,greenran_normal,0,0,65535_65535,0,3,125106,103,1,1,0,14,0,28,1,1,pre_allocation
50,6848,greenran_normal,0,0,65535_65535,0,3,125106,110,1,1,1,15,110,28,1,1,allocated
50,6848,greenran_normal,0,0,65535_65535,0,2,125104,103,1,1,0,14,0,28,1,1,pre_allocation
50,6848,greenran_normal,0,0,65535_65535,0,2,125104,110,1,1,1,15,110,28,1,1,allocated
50,6848,greenran_normal,0,0,65535_65535,0,1,125105,103,1,1,0,14,0,28,1,1,pre_allocation
50,6848,greenran_normal,0,0,65535_65535,0,1,125105,110,1,1,1,15,110,28,1,1,allocated
50,6848,greenran_normal,0,0,65535_65535,0,4,127244,89,1,1,0,15,0,24,1,1,pre_allocation
50,6848,greenran_normal,0,0,65535_65535,0,4,127244,96,1,1,1,16,96,24,1,1,allocated
50,6848,greenran_normal,0,0,65535_65535,0,5,125107,110,1,1,0,15,0,28,1,1,pre_allocation
50,6848,greenran_normal,0,0,65535_65535,0,5,125107,118,1,1,1,16,118,28,1,1,allocated
50,6848,greenran_normal,0,0,65535_65535,0,3,125106,110,1,1,0,15,0,28,1,1,pre_allocation
50,6848,greenran_normal,0,0,65535_65535,0,3,125106,118,1,1,1,16,118,28,1,1,allocated
50,6848,greenran_normal,0,0,65535_65535,0,2,125104,110,1,1,0,15,0,28,1,1,pre_allocation
50,6848,greenran_normal,0,0,65535_65535,0,2,125104,118,1,1,1,16,118,28,1,1,allocated
50,6848,greenran_normal,0,0,65535_65535,0,1,125105,110,1,1,0,15,0,28,1,1,pre_allocation
50,6848,greenran_normal,0,0,65535_65535,0,1,125105,118,1,1,1,16,118,28,1,1,allocated
50,6848,greenran_normal,0,0,65535_65535,0,4,127244,96,1,1,0,16,0,24,1,1,pre_allocation
50,6848,greenran_normal,0,0,65535_65535,0,4,127244,102,1,1,1,17,102,24,1,1,allocated
50,6848,greenran_normal,0,0,65535_65535,0,5,125107,118,1,1,0,16,0,28,1,1,pre_allocation
50,6848,greenran_normal,0,0,65535_65535,0,5,125107,126,1,1,1,17,126,28,1,1,allocated
50,6848,greenran_normal,0,0,65535_65535,0,3,125106,118,1,1,0,16,0,28,1,1,pre_allocation
50,6848,greenran_normal,0,0,65535_65535,0,3,125106,126,1,1,1,17,126,28,1,1,allocated
50,6848,greenran_normal,0,0,65535_65535,0,2,125104,118,1,1,0,16,0,28,1,1,pre_allocation
50,6848,greenran_normal,0,0,65535_65535,0,2,125104,126,1,1,1,17,126,28,1,1,allocated
50,6848,greenran_normal,0,0,65535_65535,0,1,125105,118,1,1,0,16,0,28,1,1,pre_allocation
50,6848,greenran_normal,0,0,65535_65535,0,1,125105,126,1,1,1,17,126,28,1,1,allocated
50,6848,greenran_normal,0,0,65535_65535,0,4,127244,102,1,1,0,17,0,24,1,1,pre_allocation
50,6848,greenran_normal,0,0,65535_65535,0,4,127244,108,1,1,1,18,108,24,1,1,allocated
50,6848,greenran_normal,0,0,65535_65535,0,5,125107,126,1,1,0,17,0,28,1,1,pre_allocation
50,6848,greenran_normal,0,0,65535_65535,0,5,125107,133,1,1,1,18,133,28,1,1,allocated
50,6848,greenran_normal,0,0,65535_65535,0,3,125106,126,1,1,0,17,0,28,1,1,pre_allocation
50,6848,greenran_normal,0,0,65535_65535,0,3,125106,133,1,1,1,18,133,28,1,1,allocated
50,6848,greenran_normal,0,0,65535_65535,0,2,125104,126,1,1,0,17,0,28,1,1,pre_allocation
50,6848,greenran_normal,0,0,65535_65535,0,2,125104,133,1,1,1,18,133,28,1,1,allocated
50,6848,greenran_normal,0,0,65535_65535,0,1,125105,126,1,1,0,17,0,28,1,1,pre_allocation
50,6848,greenran_normal,0,0,65535_65535,0,1,125105,133,1,1,1,18,133,28,1,1,allocated
50,6848,greenran_normal,0,0,65535_65535,0,4,127244,108,1,1,0,18,0,24,1,1,pre_allocation
50,6848,greenran_normal,0,0,65535_65535,0,4,127244,114,1,1,1,19,114,24,1,1,allocated
50,6848,greenran_normal,0,0,65535_65535,0,5,125107,133,1,1,0,18,0,28,1,1,pre_allocation
50,6848,greenran_normal,0,0,65535_65535,0,5,125107,141,1,1,1,19,141,28,1,1,allocated
50,6848,greenran_normal,0,0,65535_65535,0,3,125106,133,1,1,0,18,0,28,1,1,pre_allocation
50,6848,greenran_normal,0,0,65535_65535,0,3,125106,141,1,1,1,19,141,28,1,1,allocated
50,6848,greenran_normal,0,0,65535_65535,0,2,125104,133,1,1,0,18,0,28,1,1,pre_allocation
50,6848,greenran_normal,0,0,65535_65535,0,2,125104,141,1,1,1,19,141,28,1,1,allocated
50,6848,greenran_normal,0,0,65535_65535,0,1,125105,133,1,1,0,18,0,28,1,1,pre_allocation
50,6848,greenran_normal,0,0,65535_65535,0,1,125105,141,1,1,1,19,141,28,1,1,allocated
50,6848,greenran_normal,0,0,65535_65535,0,4,127244,114,1,1,0,19,0,24,1,1,pre_allocation
50,6848,greenran_normal,0,0,65535_65535,0,4,127244,120,1,1,1,20,120,24,1,1,allocated
50,6848,greenran_normal,0,0,65535_65535,0,5,125107,141,1,1,0,19,0,28,1,1,pre_allocation
50,6848,greenran_normal,0,0,65535_65535,0,5,125107,148,1,1,1,20,148,28,1,1,allocated
50,6848,greenran_normal,0,0,65535_65535,0,3,125106,141,1,1,0,19,0,28,1,1,pre_allocation
50,6848,greenran_normal,0,0,65535_65535,0,3,125106,148,1,1,1,20,148,28,1,1,allocated
50,6848,greenran_normal,0,0,65535_65535,0,2,125104,141,1,1,0,19,0,28,1,1,pre_allocation
50,6848,greenran_normal,0,0,65535_65535,0,2,125104,148,1,1,1,20,148,28,1,1,allocated
50,6848,greenran_normal,0,0,65535_65535,0,1,125105,141,1,1,0,19,0,28,1,1,pre_allocation
50,6848,greenran_normal,0,0,65535_65535,0,1,125105,148,1,1,1,20,148,28,1,1,allocated
50,6848,greenran_normal,0,0,65535_65535,0,4,127244,120,1,1,0,20,0,24,1,1,pre_allocation
50,6848,greenran_normal,0,0,65535_65535,0,4,127244,126,1,1,1,21,126,24,1,1,allocated
50,6848,greenran_normal,0,0,65535_65535,0,5,125107,148,1,1,0,20,0,28,1,1,pre_allocation
50,6848,greenran_normal,0,0,65535_65535,0,5,125107,156,1,1,1,21,156,28,1,1,allocated
50,6848,greenran_normal,0,0,65535_65535,0,3,125106,148,1,1,0,20,0,28,1,1,pre_allocation
50,6848,greenran_normal,0,0,65535_65535,0,3,125106,156,1,1,1,21,156,28,1,1,allocated
50,6848,greenran_normal,0,0,65535_65535,0,2,125104,148,1,1,0,20,0,28,1,1,pre_allocation
50,6848,greenran_normal,0,0,65535_65535,0,2,125104,156,1,1,1,21,156,28,1,1,allocated
50,6848,greenran_normal,0,0,65535_65535,0,1,125105,148,1,1,0,20,0,28,1,1,pre_allocation
50,6848,greenran_normal,0,0,65535_65535,0,1,125105,156,1,1,1,21,156,28,1,1,allocated
50,6848,greenran_normal,0,0,65535_65535,0,4,127244,126,1,1,0,21,0,24,1,1,pre_allocation
50,6848,greenran_normal,0,0,65535_65535,0,4,127244,133,1,1,1,22,133,24,1,1,allocated
50,6848,greenran_normal,0,0,65535_65535,0,5,125107,156,1,1,0,21,0,28,1,1,pre_allocation
50,6848,greenran_normal,0,0,65535_65535,0,5,125107,163,1,1,1,22,163,28,1,1,allocated
50,6848,greenran_normal,0,0,65535_65535,0,3,125106,156,1,1,0,21,0,28,1,1,pre_allocation
50,6848,greenran_normal,0,0,65535_65535,0,3,125106,163,1,1,1,22,163,28,1,1,allocated
50,6848,greenran_normal,0,0,65535_65535,0,2,125104,156,1,1,0,21,0,28,1,1,pre_allocation
50,6848,greenran_normal,0,0,65535_65535,0,2,125104,163,1,1,1,22,163,28,1,1,allocated
50,6848,greenran_normal,0,0,65535_65535,0,1,125105,156,1,1,0,21,0,28,1,1,pre_allocation
50,6848,greenran_normal,0,0,65535_65535,0,1,125105,163,1,1,1,22,163,28,1,1,allocated
50,6848,greenran_normal,0,0,65535_65535,0,4,127244,133,1,1,0,22,0,24,1,1,pre_allocation
50,6848,greenran_normal,0,0,65535_65535,0,4,127244,139,1,1,1,23,139,24,1,1,allocated
50,6848,greenran_normal,0,0,65535_65535,0,5,125107,163,1,1,0,22,0,28,1,1,pre_allocation
50,6848,greenran_normal,0,0,65535_65535,0,5,125107,171,1,1,1,23,171,28,1,1,allocated
50,6848,greenran_normal,0,0,65535_65535,0,3,125106,163,1,1,0,22,0,28,1,1,pre_allocation
50,6848,greenran_normal,0,0,65535_65535,0,3,125106,171,1,1,1,23,171,28,1,1,allocated
50,6848,greenran_normal,0,0,65535_65535,0,2,125104,163,1,1,0,22,0,28,1,1,pre_allocation
50,6848,greenran_normal,0,0,65535_65535,0,2,125104,171,1,1,1,23,171,28,1,1,allocated
50,6848,greenran_normal,0,0,65535_65535,0,1,125105,163,1,1,0,22,0,28,1,1,pre_allocation
50,6848,greenran_normal,0,0,65535_65535,0,1,125105,171,1,1,1,23,171,28,1,1,allocated
50,6848,greenran_normal,0,0,65535_65535,0,4,127244,139,1,1,0,23,0,24,1,1,pre_allocation
50,6848,greenran_normal,0,0,65535_65535,0,4,127244,145,1,1,1,24,145,24,1,1,allocated
50,6848,greenran_normal,0,0,65535_65535,0,5,125107,171,1,1,0,23,0,28,1,1,pre_allocation
50,6848,greenran_normal,0,0,65535_65535,0,5,125107,179,1,1,1,24,179,28,1,1,allocated
50,6848,greenran_normal,0,0,65535_65535,0,3,125106,171,1,1,0,23,0,28,1,1,pre_allocation
50,6848,greenran_normal,0,0,65535_65535,0,3,125106,179,1,1,1,24,179,28,1,1,allocated
50,6848,greenran_normal,0,0,65535_65535,0,2,125104,171,1,1,0,23,0,28,1,1,pre_allocation
50,6848,greenran_normal,0,0,65535_65535,0,2,125104,179,1,1,1,24,179,28,1,1,allocated
50,6848,greenran_normal,0,0,65535_65535,0,1,125105,171,1,1,0,23,0,28,1,1,pre_allocation
50,6848,greenran_normal,0,0,65535_65535,0,1,125105,179,1,1,1,24,179,28,1,1,allocated
50,6848,greenran_normal,0,0,65535_65535,0,4,127244,145,1,1,0,24,0,24,1,1,pre_allocation
50,6848,greenran_normal,0,0,65535_65535,0,4,127244,151,1,1,1,25,151,24,1,1,allocated
50,6848,greenran_normal,0,0,65535_65535,0,5,125107,179,1,1,0,24,0,28,1,1,pre_allocation
50,6848,greenran_normal,0,0,65535_65535,0,5,125107,186,1,1,1,25,186,28,1,1,allocated
50,6848,greenran_normal,0,0,65535_65535,0,3,125106,179,1,1,0,24,0,28,1,1,pre_allocation
50,6848,greenran_normal,0,0,65535_65535,0,3,125106,186,1,1,1,25,186,28,1,1,allocated
50,6848,greenran_normal,0,0,65535_65535,0,2,125104,179,1,1,0,24,0,28,1,1,pre_allocation
50,6848,greenran_normal,0,0,65535_65535,0,2,125104,186,1,1,1,25,186,28,1,1,allocated
50,6848,greenran_normal,0,0,65535_65535,0,1,125105,179,1,1,0,24,0,28,1,1,pre_allocation
50,6848,greenran_normal,0,0,65535_65535,0,1,125105,186,1,1,1,25,186,28,1,1,allocated
50,6848,greenran_normal,0,0,65535_65535,0,4,127244,151,1,1,0,25,0,24,1,1,pre_allocation
50,6848,greenran_normal,0,0,65535_65535,0,4,127244,157,1,1,1,26,157,24,1,1,allocated
50,6848,greenran_normal,0,0,65535_65535,0,5,125107,186,1,1,0,25,0,28,1,1,pre_allocation
50,6848,greenran_normal,0,0,65535_65535,0,5,125107,194,1,1,1,26,194,28,1,1,allocated
50,6848,greenran_normal,0,0,65535_65535,0,3,125106,186,1,1,0,25,0,28,1,1,pre_allocation
50,6848,greenran_normal,0,0,65535_65535,0,3,125106,194,1,1,1,26,194,28,1,1,allocated
50,6848,greenran_normal,0,0,65535_65535,0,2,125104,186,1,1,0,25,0,28,1,1,pre_allocation
50,6848,greenran_normal,0,0,65535_65535,0,2,125104,194,1,1,1,26,194,28,1,1,allocated
50,6848,greenran_normal,0,0,65535_65535,0,1,125105,186,1,1,0,25,0,28,1,1,pre_allocation
50,6848,greenran_normal,0,0,65535_65535,0,1,125105,194,1,1,1,26,194,28,1,1,allocated
50,6848,greenran_normal,0,0,65535_65535,0,4,127244,157,1,1,0,26,0,24,1,1,pre_allocation
50,6848,greenran_normal,0,0,65535_65535,0,4,127244,164,1,1,1,27,164,24,1,1,allocated
50,6848,greenran_normal,0,0,65535_65535,0,5,125107,194,1,1,0,26,0,28,1,1,pre_allocation
50,6848,greenran_normal,0,0,65535_65535,0,5,125107,201,1,1,1,27,201,28,1,1,allocated
50,6848,greenran_normal,0,0,65535_65535,0,3,125106,194,1,1,0,26,0,28,1,1,pre_allocation
50,6848,greenran_normal,0,0,65535_65535,0,3,125106,201,1,1,1,27,201,28,1,1,allocated
50,6848,greenran_normal,0,0,65535_65535,0,2,125104,194,1,1,0,26,0,28,1,1,pre_allocation
50,6848,greenran_normal,0,0,65535_65535,0,2,125104,201,1,1,1,27,201,28,1,1,allocated
50,6848,greenran_normal,0,0,65535_65535,0,1,125105,194,1,1,0,26,0,28,1,1,pre_allocation
50,6848,greenran_normal,0,0,65535_65535,0,1,125105,201,1,1,1,27,201,28,1,1,allocated
50,6848,greenran_normal,0,0,65535_65535,0,4,127244,164,1,1,0,27,0,24,1,1,pre_allocation
50,6848,greenran_normal,0,0,65535_65535,0,4,127244,170,1,1,1,28,170,24,1,1,allocated
50,6848,greenran_normal,0,0,65535_65535,0,5,125107,201,1,1,0,27,0,28,1,1,pre_allocation
50,6848,greenran_normal,0,0,65535_65535,0,5,125107,209,1,1,1,28,209,28,1,1,allocated
50,6848,greenran_normal,0,0,65535_65535,0,3,125106,201,1,1,0,27,0,28,1,1,pre_allocation
50,6848,greenran_normal,0,0,65535_65535,0,3,125106,209,1,1,1,28,209,28,1,1,allocated
50,6848,greenran_normal,0,0,65535_65535,0,2,125104,201,1,1,0,27,0,28,1,1,pre_allocation
50,6848,greenran_normal,0,0,65535_65535,0,2,125104,209,1,1,1,28,209,28,1,1,allocated
50,6848,greenran_normal,0,0,65535_65535,0,1,125105,201,1,1,0,27,0,28,1,1,pre_allocation
50,6848,greenran_normal,0,0,65535_65535,0,1,125105,209,1,1,1,28,209,28,1,1,allocated
50,6848,greenran_normal,0,0,65535_65535,0,4,127244,170,1,1,0,28,0,24,1,1,pre_allocation
50,6848,greenran_normal,0,0,65535_65535,0,4,127244,176,1,1,1,29,176,24,1,1,allocated
50,6848,greenran_normal,0,0,65535_65535,0,5,125107,209,1,1,0,28,0,28,1,1,pre_allocation
50,6848,greenran_normal,0,0,65535_65535,0,5,125107,217,1,1,1,29,217,28,1,1,allocated
50,6848,greenran_normal,0,0,65535_65535,0,3,125106,209,1,1,0,28,0,28,1,1,pre_allocation
50,6848,greenran_normal,0,0,65535_65535,0,3,125106,217,1,1,1,29,217,28,1,1,allocated
50,6848,greenran_normal,0,0,65535_65535,0,2,125104,209,1,1,0,28,0,28,1,1,pre_allocation
50,6848,greenran_normal,0,0,65535_65535,0,2,125104,217,1,1,1,29,217,28,1,1,allocated
50,6848,greenran_normal,0,0,65535_65535,0,1,125105,209,1,1,0,28,0,28,1,1,pre_allocation
50,6848,greenran_normal,0,0,65535_65535,0,1,125105,217,1,1,1,29,217,28,1,1,allocated
50,6848,greenran_normal,0,0,65535_65535,0,4,127244,176,1,1,0,29,0,24,1,1,pre_allocation
50,6848,greenran_normal,0,0,65535_65535,0,4,127244,182,1,1,1,30,182,24,1,1,allocated
50,6848,greenran_normal,0,0,65535_65535,0,5,125107,217,1,1,0,29,0,28,1,1,pre_allocation
50,6848,greenran_normal,0,0,65535_65535,0,5,125107,224,1,1,1,30,224,28,1,1,allocated
50,6848,greenran_normal,0,0,65535_65535,0,3,125106,217,1,1,0,29,0,28,1,1,pre_allocation
50,6848,greenran_normal,0,0,65535_65535,0,3,125106,224,1,1,1,30,224,28,1,1,allocated
50,6848,greenran_normal,0,0,65535_65535,0,2,125104,217,1,1,0,29,0,28,1,1,pre_allocation
50,6848,greenran_normal,0,0,65535_65535,0,2,125104,224,1,1,1,30,224,28,1,1,allocated
50,6848,greenran_normal,0,0,65535_65535,0,1,125105,217,1,1,0,29,0,28,1,1,pre_allocation
50,6848,greenran_normal,0,0,65535_65535,0,1,125105,224,1,1,1,30,224,28,1,1,allocated
50,6848,greenran_normal,0,0,65535_65535,0,4,127244,182,1,1,0,30,0,24,1,1,pre_allocation
50,6848,greenran_normal,0,0,65535_65535,0,4,127244,188,1,1,1,31,188,24,1,1,allocated
50,6848,greenran_normal,0,0,65535_65535,0,5,125107,224,1,1,0,30,0,28,1,1,pre_allocation
50,6848,greenran_normal,0,0,65535_65535,0,5,125107,232,1,1,1,31,232,28,1,1,allocated
50,6848,greenran_normal,0,0,65535_65535,0,3,125106,224,1,1,0,30,0,28,1,1,pre_allocation
50,6848,greenran_normal,0,0,65535_65535,0,3,125106,232,1,1,1,31,232,28,1,1,allocated
50,6848,greenran_normal,0,0,65535_65535,0,2,125104,224,1,1,0,30,0,28,1,1,pre_allocation
50,6848,greenran_normal,0,0,65535_65535,0,2,125104,232,1,1,1,31,232,28,1,1,allocated
50,6848,greenran_normal,0,0,65535_65535,0,1,125105,224,1,1,0,30,0,28,1,1,pre_allocation
50,6848,greenran_normal,0,0,65535_65535,0,1,125105,232,1,1,1,31,232,28,1,1,allocated
50,6848,greenran_normal,0,0,65535_65535,0,4,127244,188,1,1,0,31,0,24,1,1,pre_allocation
50,6848,greenran_normal,0,0,65535_65535,0,4,127244,195,1,1,1,32,195,24,1,1,allocated
50,6848,greenran_normal,0,0,65535_65535,0,5,125107,232,1,1,0,31,0,28,1,1,pre_allocation
50,6848,greenran_normal,0,0,65535_65535,0,5,125107,239,1,1,1,32,239,28,1,1,allocated
50,6848,greenran_normal,0,0,65535_65535,0,3,125106,232,1,1,0,31,0,28,1,1,pre_allocation
50,6848,greenran_normal,0,0,65535_65535,0,3,125106,239,1,1,1,32,239,28,1,1,allocated
50,6848,greenran_normal,0,0,65535_65535,0,2,125104,232,1,1,0,31,0,28,1,1,pre_allocation
50,6848,greenran_normal,0,0,65535_65535,0,2,125104,239,1,1,1,32,239,28,1,1,allocated
50,6848,greenran_normal,0,0,65535_65535,2,38,4055308,0,1,1,0,0,0,2,1,1,pre_allocation
50,6848,greenran_normal,0,0,65535_65535,2,38,4055308,0,1,1,1,1,0,2,1,1,allocated
50,6848,greenran_normal,0,0,65535_65535,2,60,4055047,0,1,1,0,0,0,12,1,1,pre_allocation
50,6848,greenran_normal,0,0,65535_65535,2,60,4055047,2,1,1,1,1,2,12,1,1,allocated
50,6848,greenran_normal,0,0,65535_65535,2,64,4054814,0,1,1,0,0,0,18,1,1,pre_allocation
50,6848,greenran_normal,0,0,65535_65535,2,64,4054814,0,1,1,1,1,0,18,1,1,allocated
50,6848,greenran_normal,0,0,65535_65535,2,43,4054272,0,1,1,0,0,0,16,1,1,pre_allocation
50,6848,greenran_normal,0,0,65535_65535,2,43,4054272,0,1,1,1,1,0,16,1,1,allocated
50,6848,greenran_normal,0,0,65535_65535,2,42,4053784,0,1,1,0,0,0,24,1,1,pre_allocation
50,6848,greenran_normal,0,0,65535_65535,2,42,4053784,3,1,1,1,1,3,24,1,1,allocated
50,6848,greenran_normal,0,0,65535_65535,2,36,4053375,0,1,1,0,0,0,26,1,1,pre_allocation
50,6848,greenran_normal,0,0,65535_65535,2,36,4053375,4,1,1,1,1,4,26,1,1,allocated
50,6848,greenran_normal,0,0,65535_65535,2,39,4053319,0,1,1,0,0,0,26,1,1,pre_allocation
50,6848,greenran_normal,0,0,65535_65535,2,39,4053319,4,1,1,1,1,4,26,1,1,allocated
50,6848,greenran_normal,0,0,65535_65535,2,58,4053384,0,1,1,0,0,0,26,1,1,pre_allocation
50,6848,greenran_normal,0,0,65535_65535,2,58,4053384,4,1,1,1,1,4,26,1,1,allocated
50,6848,greenran_normal,0,0,65535_65535,2,59,4053352,0,1,1,0,0,0,24,1,1,pre_allocation
50,6848,greenran_normal,0,0,65535_65535,2,59,4053352,3,1,1,1,1,3,24,1,1,allocated
50,6848,greenran_normal,0,0,65535_65535,2,37,4053312,0,1,1,0,0,0,28,1,1,pre_allocation
50,6848,greenran_normal,0,0,65535_65535,2,37,4053312,4,1,1,1,1,4,28,1,1,allocated
50,6848,greenran_normal,0,0,65535_65535,2,35,4053309,0,1,1,0,0,0,28,1,1,pre_allocation
50,6848,greenran_normal,0,0,65535_65535,2,35,4053309,4,1,1,1,1,4,28,1,1,allocated
50,6848,greenran_normal,0,0,65535_65535,2,44,4053309,0,1,1,0,0,0,28,1,1,pre_allocation
50,6848,greenran_normal,0,0,65535_65535,2,44,4053309,4,1,1,1,1,4,28,1,1,allocated
50,6848,greenran_normal,0,0,65535_65535,2,55,4053309,0,1,1,0,0,0,28,1,1,pre_allocation
50,6848,greenran_normal,0,0,65535_65535,2,55,4053309,4,1,1,1,1,4,28,1,1,allocated
50,6848,greenran_normal,0,0,65535_65535,2,56,4053309,0,1,1,0,0,0,28,1,1,pre_allocation
50,6848,greenran_normal,0,0,65535_65535,2,56,4053309,4,1,1,1,1,4,28,1,1,allocated
50,6848,greenran_normal,0,0,65535_65535,2,57,4053309,0,1,1,0,0,0,28,1,1,pre_allocation
50,6848,greenran_normal,0,0,65535_65535,2,57,4053309,4,1,1,1,1,4,28,1,1,allocated
50,6848,greenran_normal,0,0,65535_65535,2,40,4053311,0,1,1,0,0,0,28,1,1,pre_allocation
50,6848,greenran_normal,0,0,65535_65535,2,40,4053311,4,1,1,1,1,4,28,1,1,allocated
50,6848,greenran_normal,0,0,65535_65535,2,41,4053311,0,1,1,0,0,0,28,1,1,pre_allocation
50,6848,greenran_normal,0,0,65535_65535,2,41,4053311,4,1,1,1,1,4,28,1,1,allocated
50,6848,greenran_normal,0,0,65535_65535,2,61,4053308,0,1,1,0,0,0,28,1,1,pre_allocation
50,6848,greenran_normal,0,0,65535_65535,2,61,4053308,4,1,1,1,1,4,28,1,1,allocated
50,6848,greenran_normal,0,0,65535_65535,2,62,4053307,0,1,1,0,0,0,28,1,1,pre_allocation
50,6848,greenran_normal,0,0,65535_65535,2,62,4053307,4,1,1,1,1,4,28,1,1,allocated
50,6848,greenran_normal,0,0,65535_65535,2,63,4053306,0,1,1,0,0,0,28,1,1,pre_allocation
50,6848,greenran_normal,0,0,65535_65535,2,63,4053306,4,1,1,1,1,4,28,1,1,allocated
50,6848,greenran_normal,0,0,65535_65535,2,38,4055308,0,1,1,0,1,0,2,1,1,pre_allocation
50,6848,greenran_normal,0,0,65535_65535,2,38,4055308,0,1,1,1,2,0,2,1,1,allocated
50,6848,greenran_normal,0,0,65535_65535,2,60,4055047,2,1,1,0,1,0,12,1,1,pre_allocation
50,6848,greenran_normal,0,0,65535_65535,2,60,4055047,1,1,1,1,2,1,12,1,1,allocated
50,6848,greenran_normal,0,0,65535_65535,2,64,4054814,0,1,1,0,1,0,18,1,1,pre_allocation
50,6848,greenran_normal,0,0,65535_65535,2,64,4054814,4,1,1,1,2,4,18,1,1,allocated
50,6848,greenran_normal,0,0,65535_65535,2,43,4054272,0,1,1,0,1,0,16,1,1,pre_allocation
50,6848,greenran_normal,0,0,65535_65535,2,43,4054272,3,1,1,1,2,3,16,1,1,allocated
50,6848,greenran_normal,0,0,65535_65535,2,42,4053784,3,1,1,0,1,0,24,1,1,pre_allocation
50,6848,greenran_normal,0,0,65535_65535,2,42,4053784,9,1,1,1,2,9,24,1,1,allocated
50,6848,greenran_normal,0,0,65535_65535,2,36,4053375,4,1,1,0,1,0,26,1,1,pre_allocation
50,6848,greenran_normal,0,0,65535_65535,2,36,4053375,11,1,1,1,2,11,26,1,1,allocated
50,6848,greenran_normal,0,0,65535_65535,2,39,4053319,4,1,1,0,1,0,26,1,1,pre_allocation
50,6848,greenran_normal,0,0,65535_65535,2,39,4053319,11,1,1,1,2,11,26,1,1,allocated
50,6848,greenran_normal,0,0,65535_65535,2,58,4053384,4,1,1,0,1,0,26,1,1,pre_allocation
50,6848,greenran_normal,0,0,65535_65535,2,58,4053384,11,1,1,1,2,11,26,1,1,allocated
50,6848,greenran_normal,0,0,65535_65535,2,59,4053352,3,1,1,0,1,0,24,1,1,pre_allocation
50,6848,greenran_normal,0,0,65535_65535,2,59,4053352,9,1,1,1,2,9,24,1,1,allocated
50,6848,greenran_normal,0,0,65535_65535,2,37,4053312,4,1,1,0,1,0,28,1,1,pre_allocation
50,6848,greenran_normal,0,0,65535_65535,2,37,4053312,12,1,1,1,2,12,28,1,1,allocated
50,6848,greenran_normal,0,0,65535_65535,2,35,4053309,4,1,1,0,1,0,28,1,1,pre_allocation
50,6848,greenran_normal,0,0,65535_65535,2,35,4053309,12,1,1,1,2,12,28,1,1,allocated
50,6848,greenran_normal,0,0,65535_65535,2,44,4053309,4,1,1,0,1,0,28,1,1,pre_allocation
50,6848,greenran_normal,0,0,65535_65535,2,44,4053309,12,1,1,1,2,12,28,1,1,allocated
50,6848,greenran_normal,0,0,65535_65535,2,55,4053309,4,1,1,0,1,0,28,1,1,pre_allocation
50,6848,greenran_normal,0,0,65535_65535,2,55,4053309,12,1,1,1,2,12,28,1,1,allocated
50,6848,greenran_normal,0,0,65535_65535,2,56,4053309,4,1,1,0,1,0,28,1,1,pre_allocation
50,6848,greenran_normal,0,0,65535_65535,2,56,4053309,12,1,1,1,2,12,28,1,1,allocated
50,6848,greenran_normal,0,0,65535_65535,2,57,4053309,4,1,1,0,1,0,28,1,1,pre_allocation
50,6848,greenran_normal,0,0,65535_65535,2,57,4053309,12,1,1,1,2,12,28,1,1,allocated
50,6848,greenran_normal,0,0,65535_65535,2,40,4053311,4,1,1,0,1,0,28,1,1,pre_allocation
50,6848,greenran_normal,0,0,65535_65535,2,40,4053311,12,1,1,1,2,12,28,1,1,allocated
50,6848,greenran_normal,0,0,65535_65535,2,41,4053311,4,1,1,0,1,0,28,1,1,pre_allocation
50,6848,greenran_normal,0,0,65535_65535,2,41,4053311,12,1,1,1,2,12,28,1,1,allocated
50,6848,greenran_normal,0,0,65535_65535,2,61,4053308,4,1,1,0,1,0,28,1,1,pre_allocation
50,6848,greenran_normal,0,0,65535_65535,2,61,4053308,12,1,1,1,2,12,28,1,1,allocated
50,6848,greenran_normal,0,0,65535_65535,2,62,4053307,4,1,1,0,1,0,28,1,1,pre_allocation
50,6848,greenran_normal,0,0,65535_65535,2,62,4053307,12,1,1,1,2,12,28,1,1,allocated
50,6848,greenran_normal,0,0,65535_65535,2,63,4053306,4,1,1,0,1,0,28,1,1,pre_allocation
50,6848,greenran_normal,0,0,65535_65535,2,63,4053306,12,1,1,1,2,12,28,1,1,allocated
50,6848,greenran_normal,0,0,65535_65535,2,38,4055308,0,1,1,0,2,0,2,1,1,pre_allocation
50,6848,greenran_normal,0,0,65535_65535,2,38,4055308,0,1,1,1,3,0,2,1,1,allocated
50,6848,greenran_normal,0,0,65535_65535,2,60,4055047,1,1,1,0,2,0,12,1,1,pre_allocation
50,6848,greenran_normal,0,0,65535_65535,2,60,4055047,3,1,1,1,3,3,12,1,1,allocated
50,6848,greenran_normal,0,0,65535_65535,2,64,4054814,4,1,1,0,2,0,18,1,1,pre_allocation
50,6848,greenran_normal,0,0,65535_65535,2,64,4054814,8,1,1,1,3,8,18,1,1,allocated
50,6848,greenran_normal,0,0,65535_65535,2,43,4054272,3,1,1,0,2,0,16,1,1,pre_allocation
50,6848,greenran_normal,0,0,65535_65535,2,43,4054272,6,1,1,1,3,6,16,1,1,allocated
50,6848,greenran_normal,0,0,65535_65535,2,42,4053784,9,1,1,0,2,0,24,1,1,pre_allocation
50,6848,greenran_normal,0,0,65535_65535,2,42,4053784,15,1,1,1,3,15,24,1,1,allocated
50,6848,greenran_normal,0,0,65535_65535,2,36,4053375,11,1,1,0,2,0,26,1,1,pre_allocation
50,6848,greenran_normal,0,0,65535_65535,2,36,4053375,18,1,1,1,3,18,26,1,1,allocated
50,6848,greenran_normal,0,0,65535_65535,2,39,4053319,11,1,1,0,2,0,26,1,1,pre_allocation
50,6848,greenran_normal,0,0,65535_65535,2,39,4053319,18,1,1,1,3,18,26,1,1,allocated
50,6848,greenran_normal,0,0,65535_65535,2,58,4053384,11,1,1,0,2,0,26,1,1,pre_allocation
50,6848,greenran_normal,0,0,65535_65535,2,58,4053384,18,1,1,1,3,18,26,1,1,allocated
50,6848,greenran_normal,0,0,65535_65535,2,59,4053352,9,1,1,0,2,0,24,1,1,pre_allocation
50,6848,greenran_normal,0,0,65535_65535,2,59,4053352,15,1,1,1,3,15,24,1,1,allocated
50,6848,greenran_normal,0,0,65535_65535,2,37,4053312,12,1,1,0,2,0,28,1,1,pre_allocation
50,6848,greenran_normal,0,0,65535_65535,2,37,4053312,19,1,1,1,3,19,28,1,1,allocated
50,6848,greenran_normal,0,0,65535_65535,2,35,4053309,12,1,1,0,2,0,28,1,1,pre_allocation
50,6848,greenran_normal,0,0,65535_65535,2,35,4053309,19,1,1,1,3,19,28,1,1,allocated
50,6848,greenran_normal,0,0,65535_65535,2,44,4053309,12,1,1,0,2,0,28,1,1,pre_allocation
50,6848,greenran_normal,0,0,65535_65535,2,44,4053309,19,1,1,1,3,19,28,1,1,allocated
50,6848,greenran_normal,0,0,65535_65535,2,55,4053309,12,1,1,0,2,0,28,1,1,pre_allocation
50,6848,greenran_normal,0,0,65535_65535,2,55,4053309,19,1,1,1,3,19,28,1,1,allocated
50,6848,greenran_normal,0,0,65535_65535,2,56,4053309,12,1,1,0,2,0,28,1,1,pre_allocation
50,6848,greenran_normal,0,0,65535_65535,2,56,4053309,19,1,1,1,3,19,28,1,1,allocated
50,6848,greenran_normal,0,0,65535_65535,2,57,4053309,12,1,1,0,2,0,28,1,1,pre_allocation
50,6848,greenran_normal,0,0,65535_65535,2,57,4053309,19,1,1,1,3,19,28,1,1,allocated
50,6848,greenran_normal,0,0,65535_65535,2,40,4053311,12,1,1,0,2,0,28,1,1,pre_allocation
50,6848,greenran_normal,0,0,65535_65535,2,40,4053311,19,1,1,1,3,19,28,1,1,allocated
50,6848,greenran_normal,0,0,65535_65535,2,41,4053311,12,1,1,0,2,0,28,1,1,pre_allocation
50,6848,greenran_normal,0,0,65535_65535,2,41,4053311,19,1,1,1,3,19,28,1,1,allocated
50,6848,greenran_normal,0,0,65535_65535,2,61,4053308,12,1,1,0,2,0,28,1,1,pre_allocation
50,6848,greenran_normal,0,0,65535_65535,2,61,4053308,19,1,1,1,3,19,28,1,1,allocated
50,6848,greenran_normal,0,0,65535_65535,2,62,4053307,12,1,1,0,2,0,28,1,1,pre_allocation
50,6848,greenran_normal,0,0,65535_65535,2,62,4053307,19,1,1,1,3,19,28,1,1,allocated
50,6848,greenran_normal,0,0,65535_65535,2,63,4053306,12,1,1,0,2,0,28,1,1,pre_allocation
50,6848,greenran_normal,0,0,65535_65535,2,63,4053306,19,1,1,1,3,19,28,1,1,allocated
50,6848,greenran_normal,0,0,65535_65535,2,38,4055308,0,1,1,0,3,0,2,1,1,pre_allocation
50,6848,greenran_normal,0,0,65535_65535,2,38,4055308,1,1,1,1,4,1,2,1,1,allocated
50,6848,greenran_normal,0,0,65535_65535,2,60,4055047,3,1,1,0,3,0,12,1,1,pre_allocation
50,6848,greenran_normal,0,0,65535_65535,2,60,4055047,5,1,1,1,4,5,12,1,1,allocated
50,6848,greenran_normal,0,0,65535_65535,2,64,4054814,8,1,1,0,3,0,18,1,1,pre_allocation
50,6848,greenran_normal,0,0,65535_65535,2,64,4054814,11,1,1,1,4,11,18,1,1,allocated
50,6848,greenran_normal,0,0,65535_65535,2,43,4054272,6,1,1,0,3,0,16,1,1,pre_allocation
50,6848,greenran_normal,0,0,65535_65535,2,43,4054272,10,1,1,1,4,10,16,1,1,allocated
50,6848,greenran_normal,0,0,65535_65535,2,42,4053784,15,1,1,0,3,0,24,1,1,pre_allocation
50,6848,greenran_normal,0,0,65535_65535,2,42,4053784,21,1,1,1,4,21,24,1,1,allocated
50,6848,greenran_normal,0,0,65535_65535,2,36,4053375,18,1,1,0,3,0,26,1,1,pre_allocation
50,6848,greenran_normal,0,0,65535_65535,2,36,4053375,25,1,1,1,4,25,26,1,1,allocated
50,6848,greenran_normal,0,0,65535_65535,2,39,4053319,18,1,1,0,3,0,26,1,1,pre_allocation
50,6848,greenran_normal,0,0,65535_65535,2,39,4053319,25,1,1,1,4,25,26,1,1,allocated
50,6848,greenran_normal,0,0,65535_65535,2,58,4053384,18,1,1,0,3,0,26,1,1,pre_allocation
50,6848,greenran_normal,0,0,65535_65535,2,58,4053384,25,1,1,1,4,25,26,1,1,allocated
50,6848,greenran_normal,0,0,65535_65535,2,59,4053352,15,1,1,0,3,0,24,1,1,pre_allocation
50,6848,greenran_normal,0,0,65535_65535,2,59,4053352,21,1,1,1,4,21,24,1,1,allocated
50,6848,greenran_normal,0,0,65535_65535,2,37,4053312,19,1,1,0,3,0,28,1,1,pre_allocation
50,6848,greenran_normal,0,0,65535_65535,2,37,4053312,27,1,1,1,4,27,28,1,1,allocated
50,6848,greenran_normal,0,0,65535_65535,2,35,4053309,19,1,1,0,3,0,28,1,1,pre_allocation
50,6848,greenran_normal,0,0,65535_65535,2,35,4053309,27,1,1,1,4,27,28,1,1,allocated
50,6848,greenran_normal,0,0,65535_65535,2,44,4053309,19,1,1,0,3,0,28,1,1,pre_allocation
50,6848,greenran_normal,0,0,65535_65535,2,44,4053309,27,1,1,1,4,27,28,1,1,allocated
50,6848,greenran_normal,0,0,65535_65535,2,55,4053309,19,1,1,0,3,0,28,1,1,pre_allocation
50,6848,greenran_normal,0,0,65535_65535,2,55,4053309,27,1,1,1,4,27,28,1,1,allocated
50,6848,greenran_normal,0,0,65535_65535,2,56,4053309,19,1,1,0,3,0,28,1,1,pre_allocation
50,6848,greenran_normal,0,0,65535_65535,2,56,4053309,27,1,1,1,4,27,28,1,1,allocated
50,6848,greenran_normal,0,0,65535_65535,2,57,4053309,19,1,1,0,3,0,28,1,1,pre_allocation
50,6848,greenran_normal,0,0,65535_65535,2,57,4053309,27,1,1,1,4,27,28,1,1,allocated
50,6848,greenran_normal,0,0,65535_65535,2,40,4053311,19,1,1,0,3,0,28,1,1,pre_allocation
50,6848,greenran_normal,0,0,65535_65535,2,40,4053311,27,1,1,1,4,27,28,1,1,allocated
50,6848,greenran_normal,0,0,65535_65535,2,41,4053311,19,1,1,0,3,0,28,1,1,pre_allocation
50,6848,greenran_normal,0,0,65535_65535,2,41,4053311,27,1,1,1,4,27,28,1,1,allocated
50,6848,greenran_normal,0,0,65535_65535,2,61,4053308,19,1,1,0,3,0,28,1,1,pre_allocation
50,6848,greenran_normal,0,0,65535_65535,2,61,4053308,27,1,1,1,4,27,28,1,1,allocated
50,6848,greenran_normal,0,0,65535_65535,2,62,4053307,19,1,1,0,3,0,28,1,1,pre_allocation
50,6848,greenran_normal,0,0,65535_65535,2,62,4053307,27,1,1,1,4,27,28,1,1,allocated
50,6848,greenran_normal,0,0,65535_65535,2,63,4053306,19,1,1,0,3,0,28,1,1,pre_allocation
50,6848,greenran_normal,0,0,65535_65535,2,63,4053306,27,1,1,1,4,27,28,1,1,allocated
50,6848,greenran_normal,0,0,65535_65535,2,38,4055308,1,1,1,0,4,0,2,1,1,pre_allocation
50,6848,greenran_normal,0,0,65535_65535,2,38,4055308,1,1,1,1,5,1,2,1,1,allocated
50,6848,greenran_normal,0,0,65535_65535,2,60,4055047,5,1,1,0,4,0,12,1,1,pre_allocation
50,6848,greenran_normal,0,0,65535_65535,2,60,4055047,7,1,1,1,5,7,12,1,1,allocated
50,6848,greenran_normal,0,0,65535_65535,2,64,4054814,11,1,1,0,4,0,18,1,1,pre_allocation
50,6848,greenran_normal,0,0,65535_65535,2,64,4054814,15,1,1,1,5,15,18,1,1,allocated
50,6848,greenran_normal,0,0,65535_65535,2,43,4054272,10,1,1,0,4,0,16,1,1,pre_allocation
50,6848,greenran_normal,0,0,65535_65535,2,43,4054272,13,1,1,1,5,13,16,1,1,allocated
50,6848,greenran_normal,0,0,65535_65535,2,42,4053784,21,1,1,0,4,0,24,1,1,pre_allocation
50,6848,greenran_normal,0,0,65535_65535,2,42,4053784,27,1,1,1,5,27,24,1,1,allocated
50,6848,greenran_normal,0,0,65535_65535,2,36,4053375,25,1,1,0,4,0,26,1,1,pre_allocation
50,6848,greenran_normal,0,0,65535_65535,2,36,4053375,32,1,1,1,5,32,26,1,1,allocated
50,6848,greenran_normal,0,0,65535_65535,2,39,4053319,25,1,1,0,4,0,26,1,1,pre_allocation
50,6848,greenran_normal,0,0,65535_65535,2,39,4053319,32,1,1,1,5,32,26,1,1,allocated
50,6848,greenran_normal,0,0,65535_65535,2,58,4053384,25,1,1,0,4,0,26,1,1,pre_allocation
50,6848,greenran_normal,0,0,65535_65535,2,58,4053384,32,1,1,1,5,32,26,1,1,allocated
50,6848,greenran_normal,0,0,65535_65535,2,59,4053352,21,1,1,0,4,0,24,1,1,pre_allocation
50,6848,greenran_normal,0,0,65535_65535,2,59,4053352,27,1,1,1,5,27,24,1,1,allocated
50,6848,greenran_normal,0,0,65535_65535,2,37,4053312,27,1,1,0,4,0,28,1,1,pre_allocation
50,6848,greenran_normal,0,0,65535_65535,2,37,4053312,34,1,1,1,5,34,28,1,1,allocated
50,6848,greenran_normal,0,0,65535_65535,2,35,4053309,27,1,1,0,4,0,28,1,1,pre_allocation
50,6848,greenran_normal,0,0,65535_65535,2,35,4053309,34,1,1,1,5,34,28,1,1,allocated
50,6848,greenran_normal,0,0,65535_65535,2,44,4053309,27,1,1,0,4,0,28,1,1,pre_allocation
50,6848,greenran_normal,0,0,65535_65535,2,44,4053309,34,1,1,1,5,34,28,1,1,allocated
50,6848,greenran_normal,0,0,65535_65535,2,55,4053309,27,1,1,0,4,0,28,1,1,pre_allocation
50,6848,greenran_normal,0,0,65535_65535,2,55,4053309,34,1,1,1,5,34,28,1,1,allocated
50,6848,greenran_normal,0,0,65535_65535,2,56,4053309,27,1,1,0,4,0,28,1,1,pre_allocation
50,6848,greenran_normal,0,0,65535_65535,2,56,4053309,34,1,1,1,5,34,28,1,1,allocated
50,6848,greenran_normal,0,0,65535_65535,2,57,4053309,27,1,1,0,4,0,28,1,1,pre_allocation
50,6848,greenran_normal,0,0,65535_65535,2,57,4053309,34,1,1,1,5,34,28,1,1,allocated
50,6848,greenran_normal,0,0,65535_65535,2,40,4053311,27,1,1,0,4,0,28,1,1,pre_allocation
50,6848,greenran_normal,0,0,65535_65535,2,40,4053311,34,1,1,1,5,34,28,1,1,allocated
50,6848,greenran_normal,0,0,65535_65535,2,41,4053311,27,1,1,0,4,0,28,1,1,pre_allocation
50,6848,greenran_normal,0,0,65535_65535,2,41,4053311,34,1,1,1,5,34,28,1,1,allocated
50,6848,greenran_normal,0,0,65535_65535,2,61,4053308,27,1,1,0,4,0,28,1,1,pre_allocation
50,6848,greenran_normal,0,0,65535_65535,2,61,4053308,34,1,1,1,5,34,28,1,1,allocated
50,6848,greenran_normal,0,0,65535_65535,2,62,4053307,27,1,1,0,4,0,28,1,1,pre_allocation
50,6848,greenran_normal,0,0,65535_65535,2,62,4053307,34,1,1,1,5,34,28,1,1,allocated
50,6848,greenran_normal,0,0,65535_65535,2,63,4053306,27,1,1,0,4,0,28,1,1,pre_allocation
50,6848,greenran_normal,0,0,65535_65535,2,63,4053306,34,1,1,1,5,34,28,1,1,allocated
50,6848,greenran_normal,0,0,65535_65535,2,38,4055308,1,1,1,0,5,0,2,1,1,pre_allocation
50,6848,greenran_normal,0,0,65535_65535,2,38,4055308,1,1,1,1,6,1,2,1,1,allocated
50,6848,greenran_normal,0,0,65535_65535,2,60,4055047,7,1,1,0,5,0,12,1,1,pre_allocation
50,6848,greenran_normal,0,0,65535_65535,2,60,4055047,9,1,1,1,6,9,12,1,1,allocated
50,6848,greenran_normal,0,0,65535_65535,2,64,4054814,15,1,1,0,5,0,18,1,1,pre_allocation
50,6848,greenran_normal,0,0,65535_65535,2,64,4054814,19,1,1,1,6,19,18,1,1,allocated
50,6848,greenran_normal,0,0,65535_65535,2,43,4054272,13,1,1,0,5,0,16,1,1,pre_allocation
50,6848,greenran_normal,0,0,65535_65535,2,43,4054272,16,1,1,1,6,16,16,1,1,allocated
50,6848,greenran_normal,0,0,65535_65535,2,42,4053784,27,1,1,0,5,0,24,1,1,pre_allocation
50,6848,greenran_normal,0,0,65535_65535,2,42,4053784,34,1,1,1,6,34,24,1,1,allocated
50,6848,greenran_normal,0,0,65535_65535,2,36,4053375,32,1,1,0,5,0,26,1,1,pre_allocation
50,6848,greenran_normal,0,0,65535_65535,2,36,4053375,39,1,1,1,6,39,26,1,1,allocated
50,6848,greenran_normal,0,0,65535_65535,2,39,4053319,32,1,1,0,5,0,26,1,1,pre_allocation
50,6848,greenran_normal,0,0,65535_65535,2,39,4053319,39,1,1,1,6,39,26,1,1,allocated
51,6959,greenran_normal,0,0,65535_65535,0,4,129430,0,1,1,0,0,0,24,1,1,pre_allocation
51,6959,greenran_normal,0,0,65535_65535,0,4,129430,3,1,1,1,1,3,24,1,1,allocated
51,6959,greenran_normal,0,0,65535_65535,0,1,127253,0,1,1,0,0,0,28,1,1,pre_allocation
51,6959,greenran_normal,0,0,65535_65535,0,1,127253,4,1,1,1,1,4,28,1,1,allocated
51,6959,greenran_normal,0,0,65535_65535,0,5,127248,0,1,1,0,0,0,28,1,1,pre_allocation
51,6959,greenran_normal,0,0,65535_65535,0,5,127248,4,1,1,1,1,4,28,1,1,allocated
51,6959,greenran_normal,0,0,65535_65535,0,3,127247,0,1,1,0,0,0,28,1,1,pre_allocation
51,6959,greenran_normal,0,0,65535_65535,0,3,127247,4,1,1,1,1,4,28,1,1,allocated
51,6959,greenran_normal,0,0,65535_65535,0,2,127245,0,1,1,0,0,0,28,1,1,pre_allocation
51,6959,greenran_normal,0,0,65535_65535,0,2,127245,4,1,1,1,1,4,28,1,1,allocated
51,6959,greenran_normal,0,0,65535_65535,0,4,129430,3,1,1,0,1,0,24,1,1,pre_allocation
51,6959,greenran_normal,0,0,65535_65535,0,4,129430,9,1,1,1,2,9,24,1,1,allocated
51,6959,greenran_normal,0,0,65535_65535,0,1,127253,4,1,1,0,1,0,28,1,1,pre_allocation
51,6959,greenran_normal,0,0,65535_65535,0,1,127253,12,1,1,1,2,12,28,1,1,allocated
51,6959,greenran_normal,0,0,65535_65535,0,5,127248,4,1,1,0,1,0,28,1,1,pre_allocation
51,6959,greenran_normal,0,0,65535_65535,0,5,127248,12,1,1,1,2,12,28,1,1,allocated
51,6959,greenran_normal,0,0,65535_65535,0,3,127247,4,1,1,0,1,0,28,1,1,pre_allocation
51,6959,greenran_normal,0,0,65535_65535,0,3,127247,12,1,1,1,2,12,28,1,1,allocated
51,6959,greenran_normal,0,0,65535_65535,0,2,127245,4,1,1,0,1,0,28,1,1,pre_allocation
51,6959,greenran_normal,0,0,65535_65535,0,2,127245,12,1,1,1,2,12,28,1,1,allocated
51,6959,greenran_normal,0,0,65535_65535,0,4,129430,9,1,1,0,2,0,24,1,1,pre_allocation
51,6959,greenran_normal,0,0,65535_65535,0,4,129430,15,1,1,1,3,15,24,1,1,allocated
51,6959,greenran_normal,0,0,65535_65535,0,1,127253,12,1,1,0,2,0,28,1,1,pre_allocation
51,6959,greenran_normal,0,0,65535_65535,0,1,127253,19,1,1,1,3,19,28,1,1,allocated
51,6959,greenran_normal,0,0,65535_65535,0,5,127248,12,1,1,0,2,0,28,1,1,pre_allocation
51,6959,greenran_normal,0,0,65535_65535,0,5,127248,19,1,1,1,3,19,28,1,1,allocated
51,6959,greenran_normal,0,0,65535_65535,0,3,127247,12,1,1,0,2,0,28,1,1,pre_allocation
51,6959,greenran_normal,0,0,65535_65535,0,3,127247,19,1,1,1,3,19,28,1,1,allocated
51,6959,greenran_normal,0,0,65535_65535,0,2,127245,12,1,1,0,2,0,28,1,1,pre_allocation
51,6959,greenran_normal,0,0,65535_65535,0,2,127245,19,1,1,1,3,19,28,1,1,allocated
51,6959,greenran_normal,0,0,65535_65535,0,4,129430,15,1,1,0,3,0,24,1,1,pre_allocation
51,6959,greenran_normal,0,0,65535_65535,0,4,129430,21,1,1,1,4,21,24,1,1,allocated
51,6959,greenran_normal,0,0,65535_65535,0,1,127253,19,1,1,0,3,0,28,1,1,pre_allocation
51,6959,greenran_normal,0,0,65535_65535,0,1,127253,27,1,1,1,4,27,28,1,1,allocated
51,6959,greenran_normal,0,0,65535_65535,0,5,127248,19,1,1,0,3,0,28,1,1,pre_allocation
51,6959,greenran_normal,0,0,65535_65535,0,5,127248,27,1,1,1,4,27,28,1,1,allocated
51,6959,greenran_normal,0,0,65535_65535,0,3,127247,19,1,1,0,3,0,28,1,1,pre_allocation
51,6959,greenran_normal,0,0,65535_65535,0,3,127247,27,1,1,1,4,27,28,1,1,allocated
51,6959,greenran_normal,0,0,65535_65535,0,2,127245,19,1,1,0,3,0,28,1,1,pre_allocation
51,6959,greenran_normal,0,0,65535_65535,0,2,127245,27,1,1,1,4,27,28,1,1,allocated
51,6959,greenran_normal,0,0,65535_65535,0,4,129430,21,1,1,0,4,0,24,1,1,pre_allocation
51,6959,greenran_normal,0,0,65535_65535,0,4,129430,27,1,1,1,5,27,24,1,1,allocated
51,6959,greenran_normal,0,0,65535_65535,0,1,127253,27,1,1,0,4,0,28,1,1,pre_allocation
51,6959,greenran_normal,0,0,65535_65535,0,1,127253,34,1,1,1,5,34,28,1,1,allocated
51,6959,greenran_normal,0,0,65535_65535,0,5,127248,27,1,1,0,4,0,28,1,1,pre_allocation
51,6959,greenran_normal,0,0,65535_65535,0,5,127248,34,1,1,1,5,34,28,1,1,allocated
51,6959,greenran_normal,0,0,65535_65535,0,3,127247,27,1,1,0,4,0,28,1,1,pre_allocation
51,6959,greenran_normal,0,0,65535_65535,0,3,127247,34,1,1,1,5,34,28,1,1,allocated
51,6959,greenran_normal,0,0,65535_65535,0,2,127245,27,1,1,0,4,0,28,1,1,pre_allocation
51,6959,greenran_normal,0,0,65535_65535,0,2,127245,34,1,1,1,5,34,28,1,1,allocated
51,6959,greenran_normal,0,0,65535_65535,0,4,129430,27,1,1,0,5,0,24,1,1,pre_allocation
51,6959,greenran_normal,0,0,65535_65535,0,4,129430,34,1,1,1,6,34,24,1,1,allocated
51,6959,greenran_normal,0,0,65535_65535,0,1,127253,34,1,1,0,5,0,28,1,1,pre_allocation
51,6959,greenran_normal,0,0,65535_65535,0,1,127253,42,1,1,1,6,42,28,1,1,allocated
51,6959,greenran_normal,0,0,65535_65535,0,5,127248,34,1,1,0,5,0,28,1,1,pre_allocation
51,6959,greenran_normal,0,0,65535_65535,0,5,127248,42,1,1,1,6,42,28,1,1,allocated
51,6959,greenran_normal,0,0,65535_65535,0,3,127247,34,1,1,0,5,0,28,1,1,pre_allocation
51,6959,greenran_normal,0,0,65535_65535,0,3,127247,42,1,1,1,6,42,28,1,1,allocated
51,6959,greenran_normal,0,0,65535_65535,0,2,127245,34,1,1,0,5,0,28,1,1,pre_allocation
51,6959,greenran_normal,0,0,65535_65535,0,2,127245,42,1,1,1,6,42,28,1,1,allocated
51,6959,greenran_normal,0,0,65535_65535,0,4,129430,34,1,1,0,6,0,24,1,1,pre_allocation
51,6959,greenran_normal,0,0,65535_65535,0,4,129430,40,1,1,1,7,40,24,1,1,allocated
51,6959,greenran_normal,0,0,65535_65535,0,1,127253,42,1,1,0,6,0,28,1,1,pre_allocation
51,6959,greenran_normal,0,0,65535_65535,0,1,127253,50,1,1,1,7,50,28,1,1,allocated
51,6959,greenran_normal,0,0,65535_65535,0,5,127248,42,1,1,0,6,0,28,1,1,pre_allocation
51,6959,greenran_normal,0,0,65535_65535,0,5,127248,50,1,1,1,7,50,28,1,1,allocated
51,6959,greenran_normal,0,0,65535_65535,0,3,127247,42,1,1,0,6,0,28,1,1,pre_allocation
51,6959,greenran_normal,0,0,65535_65535,0,3,127247,50,1,1,1,7,50,28,1,1,allocated
51,6959,greenran_normal,0,0,65535_65535,0,2,127245,42,1,1,0,6,0,28,1,1,pre_allocation
51,6959,greenran_normal,0,0,65535_65535,0,2,127245,50,1,1,1,7,50,28,1,1,allocated
51,6959,greenran_normal,0,0,65535_65535,0,4,129430,40,1,1,0,7,0,24,1,1,pre_allocation
51,6959,greenran_normal,0,0,65535_65535,0,4,129430,46,1,1,1,8,46,24,1,1,allocated
51,6959,greenran_normal,0,0,65535_65535,0,1,127253,50,1,1,0,7,0,28,1,1,pre_allocation
51,6959,greenran_normal,0,0,65535_65535,0,1,127253,57,1,1,1,8,57,28,1,1,allocated
51,6959,greenran_normal,0,0,65535_65535,0,5,127248,50,1,1,0,7,0,28,1,1,pre_allocation
51,6959,greenran_normal,0,0,65535_65535,0,5,127248,57,1,1,1,8,57,28,1,1,allocated
51,6959,greenran_normal,0,0,65535_65535,0,3,127247,50,1,1,0,7,0,28,1,1,pre_allocation
51,6959,greenran_normal,0,0,65535_65535,0,3,127247,57,1,1,1,8,57,28,1,1,allocated
51,6959,greenran_normal,0,0,65535_65535,0,2,127245,50,1,1,0,7,0,28,1,1,pre_allocation
51,6959,greenran_normal,0,0,65535_65535,0,2,127245,57,1,1,1,8,57,28,1,1,allocated
51,6959,greenran_normal,0,0,65535_65535,0,4,129430,46,1,1,0,8,0,24,1,1,pre_allocation
51,6959,greenran_normal,0,0,65535_65535,0,4,129430,52,1,1,1,9,52,24,1,1,allocated
51,6959,greenran_normal,0,0,65535_65535,0,1,127253,57,1,1,0,8,0,28,1,1,pre_allocation
51,6959,greenran_normal,0,0,65535_65535,0,1,127253,65,1,1,1,9,65,28,1,1,allocated
51,6959,greenran_normal,0,0,65535_65535,0,5,127248,57,1,1,0,8,0,28,1,1,pre_allocation
51,6959,greenran_normal,0,0,65535_65535,0,5,127248,65,1,1,1,9,65,28,1,1,allocated
51,6959,greenran_normal,0,0,65535_65535,0,3,127247,57,1,1,0,8,0,28,1,1,pre_allocation
51,6959,greenran_normal,0,0,65535_65535,0,3,127247,65,1,1,1,9,65,28,1,1,allocated
51,6959,greenran_normal,0,0,65535_65535,0,2,127245,57,1,1,0,8,0,28,1,1,pre_allocation
51,6959,greenran_normal,0,0,65535_65535,0,2,127245,65,1,1,1,9,65,28,1,1,allocated
51,6959,greenran_normal,0,0,65535_65535,0,4,129430,52,1,1,0,9,0,24,1,1,pre_allocation
51,6959,greenran_normal,0,0,65535_65535,0,4,129430,58,1,1,1,10,58,24,1,1,allocated
51,6959,greenran_normal,0,0,65535_65535,0,1,127253,65,1,1,0,9,0,28,1,1,pre_allocation
51,6959,greenran_normal,0,0,65535_65535,0,1,127253,72,1,1,1,10,72,28,1,1,allocated
51,6959,greenran_normal,0,0,65535_65535,0,5,127248,65,1,1,0,9,0,28,1,1,pre_allocation
51,6959,greenran_normal,0,0,65535_65535,0,5,127248,72,1,1,1,10,72,28,1,1,allocated
51,6959,greenran_normal,0,0,65535_65535,0,3,127247,65,1,1,0,9,0,28,1,1,pre_allocation
51,6959,greenran_normal,0,0,65535_65535,0,3,127247,72,1,1,1,10,72,28,1,1,allocated
51,6959,greenran_normal,0,0,65535_65535,0,2,127245,65,1,1,0,9,0,28,1,1,pre_allocation
51,6959,greenran_normal,0,0,65535_65535,0,2,127245,72,1,1,1,10,72,28,1,1,allocated
51,6959,greenran_normal,0,0,65535_65535,0,4,129430,58,1,1,0,10,0,24,1,1,pre_allocation
51,6959,greenran_normal,0,0,65535_65535,0,4,129430,65,1,1,1,11,65,24,1,1,allocated
51,6959,greenran_normal,0,0,65535_65535,0,1,127253,72,1,1,0,10,0,28,1,1,pre_allocation
51,6959,greenran_normal,0,0,65535_65535,0,1,127253,80,1,1,1,11,80,28,1,1,allocated
51,6959,greenran_normal,0,0,65535_65535,0,5,127248,72,1,1,0,10,0,28,1,1,pre_allocation
51,6959,greenran_normal,0,0,65535_65535,0,5,127248,80,1,1,1,11,80,28,1,1,allocated
51,6959,greenran_normal,0,0,65535_65535,0,3,127247,72,1,1,0,10,0,28,1,1,pre_allocation
51,6959,greenran_normal,0,0,65535_65535,0,3,127247,80,1,1,1,11,80,28,1,1,allocated
51,6959,greenran_normal,0,0,65535_65535,0,2,127245,72,1,1,0,10,0,28,1,1,pre_allocation
51,6959,greenran_normal,0,0,65535_65535,0,2,127245,80,1,1,1,11,80,28,1,1,allocated
51,6959,greenran_normal,0,0,65535_65535,0,4,129430,65,1,1,0,11,0,24,1,1,pre_allocation
51,6959,greenran_normal,0,0,65535_65535,0,4,129430,71,1,1,1,12,71,24,1,1,allocated
51,6959,greenran_normal,0,0,65535_65535,0,1,127253,80,1,1,0,11,0,28,1,1,pre_allocation
51,6959,greenran_normal,0,0,65535_65535,0,1,127253,88,1,1,1,12,88,28,1,1,allocated
51,6959,greenran_normal,0,0,65535_65535,0,5,127248,80,1,1,0,11,0,28,1,1,pre_allocation
51,6959,greenran_normal,0,0,65535_65535,0,5,127248,88,1,1,1,12,88,28,1,1,allocated
51,6959,greenran_normal,0,0,65535_65535,0,3,127247,80,1,1,0,11,0,28,1,1,pre_allocation
51,6959,greenran_normal,0,0,65535_65535,0,3,127247,88,1,1,1,12,88,28,1,1,allocated
51,6959,greenran_normal,0,0,65535_65535,0,2,127245,80,1,1,0,11,0,28,1,1,pre_allocation
51,6959,greenran_normal,0,0,65535_65535,0,2,127245,88,1,1,1,12,88,28,1,1,allocated
51,6959,greenran_normal,0,0,65535_65535,0,4,129430,71,1,1,0,12,0,24,1,1,pre_allocation
51,6959,greenran_normal,0,0,65535_65535,0,4,129430,77,1,1,1,13,77,24,1,1,allocated
51,6959,greenran_normal,0,0,65535_65535,0,1,127253,88,1,1,0,12,0,28,1,1,pre_allocation
51,6959,greenran_normal,0,0,65535_65535,0,1,127253,95,1,1,1,13,95,28,1,1,allocated
51,6959,greenran_normal,0,0,65535_65535,0,5,127248,88,1,1,0,12,0,28,1,1,pre_allocation
51,6959,greenran_normal,0,0,65535_65535,0,5,127248,95,1,1,1,13,95,28,1,1,allocated
51,6959,greenran_normal,0,0,65535_65535,0,3,127247,88,1,1,0,12,0,28,1,1,pre_allocation
51,6959,greenran_normal,0,0,65535_65535,0,3,127247,95,1,1,1,13,95,28,1,1,allocated
51,6959,greenran_normal,0,0,65535_65535,0,2,127245,88,1,1,0,12,0,28,1,1,pre_allocation
51,6959,greenran_normal,0,0,65535_65535,0,2,127245,95,1,1,1,13,95,28,1,1,allocated
51,6959,greenran_normal,0,0,65535_65535,0,4,129430,77,1,1,0,13,0,24,1,1,pre_allocation
51,6959,greenran_normal,0,0,65535_65535,0,4,129430,83,1,1,1,14,83,24,1,1,allocated
51,6959,greenran_normal,0,0,65535_65535,0,1,127253,95,1,1,0,13,0,28,1,1,pre_allocation
51,6959,greenran_normal,0,0,65535_65535,0,1,127253,103,1,1,1,14,103,28,1,1,allocated
51,6959,greenran_normal,0,0,65535_65535,0,5,127248,95,1,1,0,13,0,28,1,1,pre_allocation
51,6959,greenran_normal,0,0,65535_65535,0,5,127248,103,1,1,1,14,103,28,1,1,allocated
51,6959,greenran_normal,0,0,65535_65535,0,3,127247,95,1,1,0,13,0,28,1,1,pre_allocation
51,6959,greenran_normal,0,0,65535_65535,0,3,127247,103,1,1,1,14,103,28,1,1,allocated
51,6959,greenran_normal,0,0,65535_65535,0,2,127245,95,1,1,0,13,0,28,1,1,pre_allocation
51,6959,greenran_normal,0,0,65535_65535,0,2,127245,103,1,1,1,14,103,28,1,1,allocated
51,6959,greenran_normal,0,0,65535_65535,0,4,129430,83,1,1,0,14,0,24,1,1,pre_allocation
51,6959,greenran_normal,0,0,65535_65535,0,4,129430,89,1,1,1,15,89,24,1,1,allocated
51,6959,greenran_normal,0,0,65535_65535,0,1,127253,103,1,1,0,14,0,28,1,1,pre_allocation
51,6959,greenran_normal,0,0,65535_65535,0,1,127253,110,1,1,1,15,110,28,1,1,allocated
51,6959,greenran_normal,0,0,65535_65535,0,5,127248,103,1,1,0,14,0,28,1,1,pre_allocation
51,6959,greenran_normal,0,0,65535_65535,0,5,127248,110,1,1,1,15,110,28,1,1,allocated
51,6959,greenran_normal,0,0,65535_65535,0,3,127247,103,1,1,0,14,0,28,1,1,pre_allocation
51,6959,greenran_normal,0,0,65535_65535,0,3,127247,110,1,1,1,15,110,28,1,1,allocated
51,6959,greenran_normal,0,0,65535_65535,0,2,127245,103,1,1,0,14,0,28,1,1,pre_allocation
51,6959,greenran_normal,0,0,65535_65535,0,2,127245,110,1,1,1,15,110,28,1,1,allocated
51,6959,greenran_normal,0,0,65535_65535,0,4,129430,89,1,1,0,15,0,24,1,1,pre_allocation
51,6959,greenran_normal,0,0,65535_65535,0,4,129430,96,1,1,1,16,96,24,1,1,allocated
51,6959,greenran_normal,0,0,65535_65535,0,1,127253,110,1,1,0,15,0,28,1,1,pre_allocation
51,6959,greenran_normal,0,0,65535_65535,0,1,127253,118,1,1,1,16,118,28,1,1,allocated
51,6959,greenran_normal,0,0,65535_65535,0,5,127248,110,1,1,0,15,0,28,1,1,pre_allocation
51,6959,greenran_normal,0,0,65535_65535,0,5,127248,118,1,1,1,16,118,28,1,1,allocated
51,6959,greenran_normal,0,0,65535_65535,0,3,127247,110,1,1,0,15,0,28,1,1,pre_allocation
51,6959,greenran_normal,0,0,65535_65535,0,3,127247,118,1,1,1,16,118,28,1,1,allocated
51,6959,greenran_normal,0,0,65535_65535,0,2,127245,110,1,1,0,15,0,28,1,1,pre_allocation
51,6959,greenran_normal,0,0,65535_65535,0,2,127245,118,1,1,1,16,118,28,1,1,allocated
51,6959,greenran_normal,0,0,65535_65535,0,4,129430,96,1,1,0,16,0,24,1,1,pre_allocation
51,6959,greenran_normal,0,0,65535_65535,0,4,129430,102,1,1,1,17,102,24,1,1,allocated
51,6959,greenran_normal,0,0,65535_65535,0,1,127253,118,1,1,0,16,0,28,1,1,pre_allocation
51,6959,greenran_normal,0,0,65535_65535,0,1,127253,126,1,1,1,17,126,28,1,1,allocated
51,6959,greenran_normal,0,0,65535_65535,0,5,127248,118,1,1,0,16,0,28,1,1,pre_allocation
51,6959,greenran_normal,0,0,65535_65535,0,5,127248,126,1,1,1,17,126,28,1,1,allocated
51,6959,greenran_normal,0,0,65535_65535,0,3,127247,118,1,1,0,16,0,28,1,1,pre_allocation
51,6959,greenran_normal,0,0,65535_65535,0,3,127247,126,1,1,1,17,126,28,1,1,allocated
51,6959,greenran_normal,0,0,65535_65535,0,2,127245,118,1,1,0,16,0,28,1,1,pre_allocation
51,6959,greenran_normal,0,0,65535_65535,0,2,127245,126,1,1,1,17,126,28,1,1,allocated
51,6959,greenran_normal,0,0,65535_65535,0,4,129430,102,1,1,0,17,0,24,1,1,pre_allocation
51,6959,greenran_normal,0,0,65535_65535,0,4,129430,108,1,1,1,18,108,24,1,1,allocated
51,6959,greenran_normal,0,0,65535_65535,0,1,127253,126,1,1,0,17,0,28,1,1,pre_allocation
51,6959,greenran_normal,0,0,65535_65535,0,1,127253,133,1,1,1,18,133,28,1,1,allocated
51,6959,greenran_normal,0,0,65535_65535,0,5,127248,126,1,1,0,17,0,28,1,1,pre_allocation
51,6959,greenran_normal,0,0,65535_65535,0,5,127248,133,1,1,1,18,133,28,1,1,allocated
51,6959,greenran_normal,0,0,65535_65535,0,3,127247,126,1,1,0,17,0,28,1,1,pre_allocation
51,6959,greenran_normal,0,0,65535_65535,0,3,127247,133,1,1,1,18,133,28,1,1,allocated
51,6959,greenran_normal,0,0,65535_65535,0,2,127245,126,1,1,0,17,0,28,1,1,pre_allocation
51,6959,greenran_normal,0,0,65535_65535,0,2,127245,133,1,1,1,18,133,28,1,1,allocated
51,6959,greenran_normal,0,0,65535_65535,0,4,129430,108,1,1,0,18,0,24,1,1,pre_allocation
51,6959,greenran_normal,0,0,65535_65535,0,4,129430,114,1,1,1,19,114,24,1,1,allocated
51,6959,greenran_normal,0,0,65535_65535,0,1,127253,133,1,1,0,18,0,28,1,1,pre_allocation
51,6959,greenran_normal,0,0,65535_65535,0,1,127253,141,1,1,1,19,141,28,1,1,allocated
51,6959,greenran_normal,0,0,65535_65535,0,5,127248,133,1,1,0,18,0,28,1,1,pre_allocation
51,6959,greenran_normal,0,0,65535_65535,0,5,127248,141,1,1,1,19,141,28,1,1,allocated
51,6959,greenran_normal,0,0,65535_65535,0,3,127247,133,1,1,0,18,0,28,1,1,pre_allocation
51,6959,greenran_normal,0,0,65535_65535,0,3,127247,141,1,1,1,19,141,28,1,1,allocated
51,6959,greenran_normal,0,0,65535_65535,0,2,127245,133,1,1,0,18,0,28,1,1,pre_allocation
51,6959,greenran_normal,0,0,65535_65535,0,2,127245,141,1,1,1,19,141,28,1,1,allocated
51,6959,greenran_normal,0,0,65535_65535,0,4,129430,114,1,1,0,19,0,24,1,1,pre_allocation
51,6959,greenran_normal,0,0,65535_65535,0,4,129430,120,1,1,1,20,120,24,1,1,allocated
51,6959,greenran_normal,0,0,65535_65535,0,1,127253,141,1,1,0,19,0,28,1,1,pre_allocation
51,6959,greenran_normal,0,0,65535_65535,0,1,127253,148,1,1,1,20,148,28,1,1,allocated
51,6959,greenran_normal,0,0,65535_65535,0,5,127248,141,1,1,0,19,0,28,1,1,pre_allocation
51,6959,greenran_normal,0,0,65535_65535,0,5,127248,148,1,1,1,20,148,28,1,1,allocated
51,6959,greenran_normal,0,0,65535_65535,0,3,127247,141,1,1,0,19,0,28,1,1,pre_allocation
51,6959,greenran_normal,0,0,65535_65535,0,3,127247,148,1,1,1,20,148,28,1,1,allocated
51,6959,greenran_normal,0,0,65535_65535,0,2,127245,141,1,1,0,19,0,28,1,1,pre_allocation
51,6959,greenran_normal,0,0,65535_65535,0,2,127245,148,1,1,1,20,148,28,1,1,allocated
51,6959,greenran_normal,0,0,65535_65535,0,4,129430,120,1,1,0,20,0,24,1,1,pre_allocation
51,6959,greenran_normal,0,0,65535_65535,0,4,129430,126,1,1,1,21,126,24,1,1,allocated
51,6959,greenran_normal,0,0,65535_65535,0,1,127253,148,1,1,0,20,0,28,1,1,pre_allocation
51,6959,greenran_normal,0,0,65535_65535,0,1,127253,156,1,1,1,21,156,28,1,1,allocated
51,6959,greenran_normal,0,0,65535_65535,0,5,127248,148,1,1,0,20,0,28,1,1,pre_allocation
51,6959,greenran_normal,0,0,65535_65535,0,5,127248,156,1,1,1,21,156,28,1,1,allocated
51,6959,greenran_normal,0,0,65535_65535,0,3,127247,148,1,1,0,20,0,28,1,1,pre_allocation
51,6959,greenran_normal,0,0,65535_65535,0,3,127247,156,1,1,1,21,156,28,1,1,allocated
51,6959,greenran_normal,0,0,65535_65535,0,2,127245,148,1,1,0,20,0,28,1,1,pre_allocation
51,6959,greenran_normal,0,0,65535_65535,0,2,127245,156,1,1,1,21,156,28,1,1,allocated
51,6959,greenran_normal,0,0,65535_65535,0,4,129430,126,1,1,0,21,0,24,1,1,pre_allocation
51,6959,greenran_normal,0,0,65535_65535,0,4,129430,133,1,1,1,22,133,24,1,1,allocated
51,6959,greenran_normal,0,0,65535_65535,0,1,127253,156,1,1,0,21,0,28,1,1,pre_allocation
51,6959,greenran_normal,0,0,65535_65535,0,1,127253,163,1,1,1,22,163,28,1,1,allocated
51,6959,greenran_normal,0,0,65535_65535,0,5,127248,156,1,1,0,21,0,28,1,1,pre_allocation
51,6959,greenran_normal,0,0,65535_65535,0,5,127248,163,1,1,1,22,163,28,1,1,allocated
51,6959,greenran_normal,0,0,65535_65535,0,3,127247,156,1,1,0,21,0,28,1,1,pre_allocation
51,6959,greenran_normal,0,0,65535_65535,0,3,127247,163,1,1,1,22,163,28,1,1,allocated
51,6959,greenran_normal,0,0,65535_65535,0,2,127245,156,1,1,0,21,0,28,1,1,pre_allocation
51,6959,greenran_normal,0,0,65535_65535,0,2,127245,163,1,1,1,22,163,28,1,1,allocated
51,6959,greenran_normal,0,0,65535_65535,0,4,129430,133,1,1,0,22,0,24,1,1,pre_allocation
51,6959,greenran_normal,0,0,65535_65535,0,4,129430,139,1,1,1,23,139,24,1,1,allocated
51,6959,greenran_normal,0,0,65535_65535,0,1,127253,163,1,1,0,22,0,28,1,1,pre_allocation
51,6959,greenran_normal,0,0,65535_65535,0,1,127253,171,1,1,1,23,171,28,1,1,allocated
51,6959,greenran_normal,0,0,65535_65535,0,5,127248,163,1,1,0,22,0,28,1,1,pre_allocation
51,6959,greenran_normal,0,0,65535_65535,0,5,127248,171,1,1,1,23,171,28,1,1,allocated
51,6959,greenran_normal,0,0,65535_65535,0,3,127247,163,1,1,0,22,0,28,1,1,pre_allocation
51,6959,greenran_normal,0,0,65535_65535,0,3,127247,171,1,1,1,23,171,28,1,1,allocated
51,6959,greenran_normal,0,0,65535_65535,0,2,127245,163,1,1,0,22,0,28,1,1,pre_allocation
51,6959,greenran_normal,0,0,65535_65535,0,2,127245,171,1,1,1,23,171,28,1,1,allocated
51,6959,greenran_normal,0,0,65535_65535,0,4,129430,139,1,1,0,23,0,24,1,1,pre_allocation
51,6959,greenran_normal,0,0,65535_65535,0,4,129430,145,1,1,1,24,145,24,1,1,allocated
51,6959,greenran_normal,0,0,65535_65535,0,1,127253,171,1,1,0,23,0,28,1,1,pre_allocation
51,6959,greenran_normal,0,0,65535_65535,0,1,127253,179,1,1,1,24,179,28,1,1,allocated
51,6959,greenran_normal,0,0,65535_65535,0,5,127248,171,1,1,0,23,0,28,1,1,pre_allocation
51,6959,greenran_normal,0,0,65535_65535,0,5,127248,179,1,1,1,24,179,28,1,1,allocated
51,6959,greenran_normal,0,0,65535_65535,0,3,127247,171,1,1,0,23,0,28,1,1,pre_allocation
51,6959,greenran_normal,0,0,65535_65535,0,3,127247,179,1,1,1,24,179,28,1,1,allocated
51,6959,greenran_normal,0,0,65535_65535,0,2,127245,171,1,1,0,23,0,28,1,1,pre_allocation
51,6959,greenran_normal,0,0,65535_65535,0,2,127245,179,1,1,1,24,179,28,1,1,allocated
51,6959,greenran_normal,0,0,65535_65535,0,4,129430,145,1,1,0,24,0,24,1,1,pre_allocation
51,6959,greenran_normal,0,0,65535_65535,0,4,129430,151,1,1,1,25,151,24,1,1,allocated
51,6959,greenran_normal,0,0,65535_65535,0,1,127253,179,1,1,0,24,0,28,1,1,pre_allocation
51,6959,greenran_normal,0,0,65535_65535,0,1,127253,186,1,1,1,25,186,28,1,1,allocated
51,6959,greenran_normal,0,0,65535_65535,0,5,127248,179,1,1,0,24,0,28,1,1,pre_allocation
51,6959,greenran_normal,0,0,65535_65535,0,5,127248,186,1,1,1,25,186,28,1,1,allocated
51,6959,greenran_normal,0,0,65535_65535,0,3,127247,179,1,1,0,24,0,28,1,1,pre_allocation
51,6959,greenran_normal,0,0,65535_65535,0,3,127247,186,1,1,1,25,186,28,1,1,allocated
51,6959,greenran_normal,0,0,65535_65535,0,2,127245,179,1,1,0,24,0,28,1,1,pre_allocation
51,6959,greenran_normal,0,0,65535_65535,0,2,127245,186,1,1,1,25,186,28,1,1,allocated
51,6959,greenran_normal,0,0,65535_65535,0,4,129430,151,1,1,0,25,0,24,1,1,pre_allocation
51,6959,greenran_normal,0,0,65535_65535,0,4,129430,157,1,1,1,26,157,24,1,1,allocated
51,6959,greenran_normal,0,0,65535_65535,0,1,127253,186,1,1,0,25,0,28,1,1,pre_allocation
51,6959,greenran_normal,0,0,65535_65535,0,1,127253,194,1,1,1,26,194,28,1,1,allocated
51,6959,greenran_normal,0,0,65535_65535,0,5,127248,186,1,1,0,25,0,28,1,1,pre_allocation
51,6959,greenran_normal,0,0,65535_65535,0,5,127248,194,1,1,1,26,194,28,1,1,allocated
51,6959,greenran_normal,0,0,65535_65535,0,3,127247,186,1,1,0,25,0,28,1,1,pre_allocation
51,6959,greenran_normal,0,0,65535_65535,0,3,127247,194,1,1,1,26,194,28,1,1,allocated
51,6959,greenran_normal,0,0,65535_65535,0,2,127245,186,1,1,0,25,0,28,1,1,pre_allocation
51,6959,greenran_normal,0,0,65535_65535,0,2,127245,194,1,1,1,26,194,28,1,1,allocated
51,6959,greenran_normal,0,0,65535_65535,0,4,129430,157,1,1,0,26,0,24,1,1,pre_allocation
51,6959,greenran_normal,0,0,65535_65535,0,4,129430,164,1,1,1,27,164,24,1,1,allocated
51,6959,greenran_normal,0,0,65535_65535,0,1,127253,194,1,1,0,26,0,28,1,1,pre_allocation
51,6959,greenran_normal,0,0,65535_65535,0,1,127253,201,1,1,1,27,201,28,1,1,allocated
51,6959,greenran_normal,0,0,65535_65535,0,5,127248,194,1,1,0,26,0,28,1,1,pre_allocation
51,6959,greenran_normal,0,0,65535_65535,0,5,127248,201,1,1,1,27,201,28,1,1,allocated
51,6959,greenran_normal,0,0,65535_65535,0,3,127247,194,1,1,0,26,0,28,1,1,pre_allocation
51,6959,greenran_normal,0,0,65535_65535,0,3,127247,201,1,1,1,27,201,28,1,1,allocated
51,6959,greenran_normal,0,0,65535_65535,0,2,127245,194,1,1,0,26,0,28,1,1,pre_allocation
51,6959,greenran_normal,0,0,65535_65535,0,2,127245,201,1,1,1,27,201,28,1,1,allocated
51,6959,greenran_normal,0,0,65535_65535,0,4,129430,164,1,1,0,27,0,24,1,1,pre_allocation
51,6959,greenran_normal,0,0,65535_65535,0,4,129430,170,1,1,1,28,170,24,1,1,allocated
51,6959,greenran_normal,0,0,65535_65535,0,1,127253,201,1,1,0,27,0,28,1,1,pre_allocation
51,6959,greenran_normal,0,0,65535_65535,0,1,127253,209,1,1,1,28,209,28,1,1,allocated
51,6959,greenran_normal,0,0,65535_65535,0,5,127248,201,1,1,0,27,0,28,1,1,pre_allocation
51,6959,greenran_normal,0,0,65535_65535,0,5,127248,209,1,1,1,28,209,28,1,1,allocated
51,6959,greenran_normal,0,0,65535_65535,0,3,127247,201,1,1,0,27,0,28,1,1,pre_allocation
51,6959,greenran_normal,0,0,65535_65535,0,3,127247,209,1,1,1,28,209,28,1,1,allocated
51,6959,greenran_normal,0,0,65535_65535,0,2,127245,201,1,1,0,27,0,28,1,1,pre_allocation
51,6959,greenran_normal,0,0,65535_65535,0,2,127245,209,1,1,1,28,209,28,1,1,allocated
51,6959,greenran_normal,0,0,65535_65535,0,4,129430,170,1,1,0,28,0,24,1,1,pre_allocation
51,6959,greenran_normal,0,0,65535_65535,0,4,129430,176,1,1,1,29,176,24,1,1,allocated
51,6959,greenran_normal,0,0,65535_65535,0,1,127253,209,1,1,0,28,0,28,1,1,pre_allocation
51,6959,greenran_normal,0,0,65535_65535,0,1,127253,217,1,1,1,29,217,28,1,1,allocated
51,6959,greenran_normal,0,0,65535_65535,0,5,127248,209,1,1,0,28,0,28,1,1,pre_allocation
51,6959,greenran_normal,0,0,65535_65535,0,5,127248,217,1,1,1,29,217,28,1,1,allocated
51,6959,greenran_normal,0,0,65535_65535,0,3,127247,209,1,1,0,28,0,28,1,1,pre_allocation
51,6959,greenran_normal,0,0,65535_65535,0,3,127247,217,1,1,1,29,217,28,1,1,allocated
51,6959,greenran_normal,0,0,65535_65535,0,2,127245,209,1,1,0,28,0,28,1,1,pre_allocation
51,6959,greenran_normal,0,0,65535_65535,0,2,127245,217,1,1,1,29,217,28,1,1,allocated
51,6959,greenran_normal,0,0,65535_65535,0,4,129430,176,1,1,0,29,0,24,1,1,pre_allocation
51,6959,greenran_normal,0,0,65535_65535,0,4,129430,182,1,1,1,30,182,24,1,1,allocated
51,6959,greenran_normal,0,0,65535_65535,0,1,127253,217,1,1,0,29,0,28,1,1,pre_allocation
51,6959,greenran_normal,0,0,65535_65535,0,1,127253,224,1,1,1,30,224,28,1,1,allocated
51,6959,greenran_normal,0,0,65535_65535,0,5,127248,217,1,1,0,29,0,28,1,1,pre_allocation
51,6959,greenran_normal,0,0,65535_65535,0,5,127248,224,1,1,1,30,224,28,1,1,allocated
51,6959,greenran_normal,0,0,65535_65535,0,3,127247,217,1,1,0,29,0,28,1,1,pre_allocation
51,6959,greenran_normal,0,0,65535_65535,0,3,127247,224,1,1,1,30,224,28,1,1,allocated
51,6959,greenran_normal,0,0,65535_65535,0,2,127245,217,1,1,0,29,0,28,1,1,pre_allocation
51,6959,greenran_normal,0,0,65535_65535,0,2,127245,224,1,1,1,30,224,28,1,1,allocated
51,6959,greenran_normal,0,0,65535_65535,0,4,129430,182,1,1,0,30,0,24,1,1,pre_allocation
51,6959,greenran_normal,0,0,65535_65535,0,4,129430,188,1,1,1,31,188,24,1,1,allocated
51,6959,greenran_normal,0,0,65535_65535,0,1,127253,224,1,1,0,30,0,28,1,1,pre_allocation
51,6959,greenran_normal,0,0,65535_65535,0,1,127253,232,1,1,1,31,232,28,1,1,allocated
51,6959,greenran_normal,0,0,65535_65535,0,5,127248,224,1,1,0,30,0,28,1,1,pre_allocation
51,6959,greenran_normal,0,0,65535_65535,0,5,127248,232,1,1,1,31,232,28,1,1,allocated
51,6959,greenran_normal,0,0,65535_65535,0,3,127247,224,1,1,0,30,0,28,1,1,pre_allocation
51,6959,greenran_normal,0,0,65535_65535,0,3,127247,232,1,1,1,31,232,28,1,1,allocated
51,6959,greenran_normal,0,0,65535_65535,0,2,127245,224,1,1,0,30,0,28,1,1,pre_allocation
51,6959,greenran_normal,0,0,65535_65535,0,2,127245,232,1,1,1,31,232,28,1,1,allocated
51,6959,greenran_normal,0,0,65535_65535,0,4,129430,188,1,1,0,31,0,24,1,1,pre_allocation
51,6959,greenran_normal,0,0,65535_65535,0,4,129430,195,1,1,1,32,195,24,1,1,allocated
51,6959,greenran_normal,0,0,65535_65535,0,1,127253,232,1,1,0,31,0,28,1,1,pre_allocation
51,6959,greenran_normal,0,0,65535_65535,0,1,127253,239,1,1,1,32,239,28,1,1,allocated
51,6959,greenran_normal,0,0,65535_65535,0,5,127248,232,1,1,0,31,0,28,1,1,pre_allocation
51,6959,greenran_normal,0,0,65535_65535,0,5,127248,239,1,1,1,32,239,28,1,1,allocated
51,6959,greenran_normal,0,0,65535_65535,0,3,127247,232,1,1,0,31,0,28,1,1,pre_allocation
51,6959,greenran_normal,0,0,65535_65535,0,3,127247,239,1,1,1,32,239,28,1,1,allocated
51,6959,greenran_normal,0,0,65535_65535,0,2,127245,232,1,1,0,31,0,28,1,1,pre_allocation
51,6959,greenran_normal,0,0,65535_65535,0,2,127245,239,1,1,1,32,239,28,1,1,allocated
51,6959,greenran_normal,0,0,65535_65535,0,4,129430,195,1,1,0,32,0,24,1,1,pre_allocation
51,6959,greenran_normal,0,0,65535_65535,0,4,129430,201,1,1,1,33,201,24,1,1,allocated
51,6959,greenran_normal,0,0,65535_65535,0,1,127253,239,1,1,0,32,0,28,1,1,pre_allocation
51,6959,greenran_normal,0,0,65535_65535,0,1,127253,247,1,1,1,33,247,28,1,1,allocated
51,6959,greenran_normal,0,0,65535_65535,0,5,127248,239,1,1,0,32,0,28,1,1,pre_allocation
51,6959,greenran_normal,0,0,65535_65535,0,5,127248,247,1,1,1,33,247,28,1,1,allocated
51,6959,greenran_normal,0,0,65535_65535,0,3,127247,239,1,1,0,32,0,28,1,1,pre_allocation
51,6959,greenran_normal,0,0,65535_65535,0,3,127247,247,1,1,1,33,247,28,1,1,allocated
51,6959,greenran_normal,0,0,65535_65535,0,2,127245,239,1,1,0,32,0,28,1,1,pre_allocation
51,6959,greenran_normal,0,0,65535_65535,0,2,127245,247,1,1,1,33,247,28,1,1,allocated
51,6959,greenran_normal,0,0,65535_65535,0,4,129430,201,1,1,0,33,0,24,1,1,pre_allocation
51,6959,greenran_normal,0,0,65535_65535,0,4,129430,207,1,1,1,34,207,24,1,1,allocated
51,6959,greenran_normal,0,0,65535_65535,0,1,127253,247,1,1,0,33,0,28,1,1,pre_allocation
51,6959,greenran_normal,0,0,65535_65535,0,1,127253,255,1,1,1,34,255,28,1,1,allocated
51,6959,greenran_normal,0,0,65535_65535,0,5,127248,247,1,1,0,33,0,28,1,1,pre_allocation
51,6959,greenran_normal,0,0,65535_65535,0,5,127248,255,1,1,1,34,255,28,1,1,allocated
51,6959,greenran_normal,0,0,65535_65535,0,3,127247,247,1,1,0,33,0,28,1,1,pre_allocation
51,6959,greenran_normal,0,0,65535_65535,0,3,127247,255,1,1,1,34,255,28,1,1,allocated
51,6959,greenran_normal,0,0,65535_65535,0,2,127245,247,1,1,0,33,0,28,1,1,pre_allocation
51,6959,greenran_normal,0,0,65535_65535,0,2,127245,255,1,1,1,34,255,28,1,1,allocated
51,6959,greenran_normal,0,0,65535_65535,0,4,129430,207,1,1,0,34,0,24,1,1,pre_allocation
51,6959,greenran_normal,0,0,65535_65535,0,4,129430,213,1,1,1,35,213,24,1,1,allocated
51,6959,greenran_normal,0,0,65535_65535,0,1,127253,255,1,1,0,34,0,28,1,1,pre_allocation
51,6959,greenran_normal,0,0,65535_65535,0,1,127253,262,1,1,1,35,262,28,1,1,allocated
51,6959,greenran_normal,0,0,65535_65535,0,5,127248,255,1,1,0,34,0,28,1,1,pre_allocation
51,6959,greenran_normal,0,0,65535_65535,0,5,127248,262,1,1,1,35,262,28,1,1,allocated
51,6959,greenran_normal,0,0,65535_65535,0,3,127247,255,1,1,0,34,0,28,1,1,pre_allocation
51,6959,greenran_normal,0,0,65535_65535,0,3,127247,262,1,1,1,35,262,28,1,1,allocated
51,6959,greenran_normal,0,0,65535_65535,0,2,127245,255,1,1,0,34,0,28,1,1,pre_allocation
51,6959,greenran_normal,0,0,65535_65535,0,2,127245,262,1,1,1,35,262,28,1,1,allocated
51,6959,greenran_normal,0,0,65535_65535,0,4,129430,213,1,1,0,35,0,24,1,1,pre_allocation
51,6959,greenran_normal,0,0,65535_65535,0,4,129430,219,1,1,1,36,219,24,1,1,allocated
51,6959,greenran_normal,0,0,65535_65535,0,1,127253,262,1,1,0,35,0,28,1,1,pre_allocation
51,6959,greenran_normal,0,0,65535_65535,0,1,127253,270,1,1,1,36,270,28,1,1,allocated
51,6959,greenran_normal,0,0,65535_65535,0,5,127248,262,1,1,0,35,0,28,1,1,pre_allocation
51,6959,greenran_normal,0,0,65535_65535,0,5,127248,270,1,1,1,36,270,28,1,1,allocated
51,6959,greenran_normal,0,0,65535_65535,0,3,127247,262,1,1,0,35,0,28,1,1,pre_allocation
51,6959,greenran_normal,0,0,65535_65535,0,3,127247,270,1,1,1,36,270,28,1,1,allocated
51,6959,greenran_normal,0,0,65535_65535,0,2,127245,262,1,1,0,35,0,28,1,1,pre_allocation
51,6959,greenran_normal,0,0,65535_65535,0,2,127245,270,1,1,1,36,270,28,1,1,allocated
51,6959,greenran_normal,0,0,65535_65535,0,4,129430,219,1,1,0,36,0,24,1,1,pre_allocation
51,6959,greenran_normal,0,0,65535_65535,0,4,129430,225,1,1,1,37,225,24,1,1,allocated
51,6959,greenran_normal,0,0,65535_65535,0,1,127253,270,1,1,0,36,0,28,1,1,pre_allocation
51,6959,greenran_normal,0,0,65535_65535,0,1,127253,277,1,1,1,37,277,28,1,1,allocated
51,6959,greenran_normal,0,0,65535_65535,0,5,127248,270,1,1,0,36,0,28,1,1,pre_allocation
51,6959,greenran_normal,0,0,65535_65535,0,5,127248,277,1,1,1,37,277,28,1,1,allocated
51,6959,greenran_normal,0,0,65535_65535,0,3,127247,270,1,1,0,36,0,28,1,1,pre_allocation
51,6959,greenran_normal,0,0,65535_65535,0,3,127247,277,1,1,1,37,277,28,1,1,allocated
51,6959,greenran_normal,0,0,65535_65535,0,2,127245,270,1,1,0,36,0,28,1,1,pre_allocation
51,6959,greenran_normal,0,0,65535_65535,0,2,127245,277,1,1,1,37,277,28,1,1,allocated
51,6959,greenran_normal,0,0,65535_65535,0,4,129430,225,1,1,0,37,0,24,1,1,pre_allocation
51,6959,greenran_normal,0,0,65535_65535,0,4,129430,232,1,1,1,38,232,24,1,1,allocated
51,6959,greenran_normal,0,0,65535_65535,0,1,127253,277,1,1,0,37,0,28,1,1,pre_allocation
51,6959,greenran_normal,0,0,65535_65535,0,1,127253,285,1,1,1,38,285,28,1,1,allocated
51,6959,greenran_normal,0,0,65535_65535,0,5,127248,277,1,1,0,37,0,28,1,1,pre_allocation
51,6959,greenran_normal,0,0,65535_65535,0,5,127248,285,1,1,1,38,285,28,1,1,allocated
51,6959,greenran_normal,0,0,65535_65535,0,3,127247,277,1,1,0,37,0,28,1,1,pre_allocation
51,6959,greenran_normal,0,0,65535_65535,0,3,127247,285,1,1,1,38,285,28,1,1,allocated
51,6959,greenran_normal,0,0,65535_65535,0,2,127245,277,1,1,0,37,0,28,1,1,pre_allocation
51,6959,greenran_normal,0,0,65535_65535,0,2,127245,285,1,1,1,38,285,28,1,1,allocated
51,6959,greenran_normal,0,0,65535_65535,0,4,129430,232,1,1,0,38,0,24,1,1,pre_allocation
51,6959,greenran_normal,0,0,65535_65535,0,4,129430,238,1,1,1,39,238,24,1,1,allocated
51,6959,greenran_normal,0,0,65535_65535,0,1,127253,285,1,1,0,38,0,28,1,1,pre_allocation
51,6959,greenran_normal,0,0,65535_65535,0,1,127253,293,1,1,1,39,293,28,1,1,allocated
51,6959,greenran_normal,0,0,65535_65535,0,5,127248,285,1,1,0,38,0,28,1,1,pre_allocation
51,6959,greenran_normal,0,0,65535_65535,0,5,127248,293,1,1,1,39,293,28,1,1,allocated
51,6959,greenran_normal,0,0,65535_65535,0,3,127247,285,1,1,0,38,0,28,1,1,pre_allocation
51,6959,greenran_normal,0,0,65535_65535,0,3,127247,293,1,1,1,39,293,28,1,1,allocated
51,6959,greenran_normal,0,0,65535_65535,0,2,127245,285,1,1,0,38,0,28,1,1,pre_allocation
51,6959,greenran_normal,0,0,65535_65535,0,2,127245,293,1,1,1,39,293,28,1,1,allocated
51,6959,greenran_normal,0,0,65535_65535,0,4,129430,238,1,1,0,39,0,24,1,1,pre_allocation
51,6959,greenran_normal,0,0,65535_65535,0,4,129430,244,1,1,1,40,244,24,1,1,allocated
51,6959,greenran_normal,0,0,65535_65535,0,1,127253,293,1,1,0,39,0,28,1,1,pre_allocation
51,6959,greenran_normal,0,0,65535_65535,0,1,127253,300,1,1,1,40,300,28,1,1,allocated
51,6959,greenran_normal,0,0,65535_65535,0,5,127248,293,1,1,0,39,0,28,1,1,pre_allocation
51,6959,greenran_normal,0,0,65535_65535,0,5,127248,300,1,1,1,40,300,28,1,1,allocated
51,6959,greenran_normal,0,0,65535_65535,0,3,127247,293,1,1,0,39,0,28,1,1,pre_allocation
51,6959,greenran_normal,0,0,65535_65535,0,3,127247,300,1,1,1,40,300,28,1,1,allocated
51,6959,greenran_normal,0,0,65535_65535,0,2,127245,293,1,1,0,39,0,28,1,1,pre_allocation
51,6959,greenran_normal,0,0,65535_65535,0,2,127245,300,1,1,1,40,300,28,1,1,allocated
51,6959,greenran_normal,0,0,65535_65535,0,4,129430,244,1,1,0,40,0,24,1,1,pre_allocation
51,6959,greenran_normal,0,0,65535_65535,0,4,129430,250,1,1,1,41,250,24,1,1,allocated
51,6959,greenran_normal,0,0,65535_65535,0,1,127253,300,1,1,0,40,0,28,1,1,pre_allocation
51,6959,greenran_normal,0,0,65535_65535,0,1,127253,308,1,1,1,41,308,28,1,1,allocated
51,6959,greenran_normal,0,0,65535_65535,2,38,4126908,0,1,1,0,0,0,2,1,1,pre_allocation
51,6959,greenran_normal,0,0,65535_65535,2,38,4126908,0,1,1,1,1,0,2,1,1,allocated
51,6959,greenran_normal,0,0,65535_65535,2,60,4126647,0,1,1,0,0,0,12,1,1,pre_allocation
51,6959,greenran_normal,0,0,65535_65535,2,60,4126647,2,1,1,1,1,2,12,1,1,allocated
51,6959,greenran_normal,0,0,65535_65535,2,64,4126400,0,1,1,0,0,0,18,1,1,pre_allocation
51,6959,greenran_normal,0,0,65535_65535,2,64,4126400,0,1,1,1,1,0,18,1,1,allocated
51,6959,greenran_normal,0,0,65535_65535,2,43,4125861,0,1,1,0,0,0,16,1,1,pre_allocation
51,6959,greenran_normal,0,0,65535_65535,2,43,4125861,0,1,1,1,1,0,16,1,1,allocated
51,6959,greenran_normal,0,0,65535_65535,2,42,4125355,0,1,1,0,0,0,24,1,1,pre_allocation
51,6959,greenran_normal,0,0,65535_65535,2,42,4125355,3,1,1,1,1,3,24,1,1,allocated
51,6959,greenran_normal,0,0,65535_65535,2,36,4124941,0,1,1,0,0,0,26,1,1,pre_allocation
51,6959,greenran_normal,0,0,65535_65535,2,36,4124941,4,1,1,1,1,4,26,1,1,allocated
51,6959,greenran_normal,0,0,65535_65535,2,59,4124930,0,1,1,0,0,0,24,1,1,pre_allocation
51,6959,greenran_normal,0,0,65535_65535,2,59,4124930,3,1,1,1,1,3,24,1,1,allocated
51,6959,greenran_normal,0,0,65535_65535,2,58,4124957,0,1,1,0,0,0,26,1,1,pre_allocation
51,6959,greenran_normal,0,0,65535_65535,2,58,4124957,4,1,1,1,1,4,26,1,1,allocated
51,6959,greenran_normal,0,0,65535_65535,2,39,4124885,0,1,1,0,0,0,28,1,1,pre_allocation
51,6959,greenran_normal,0,0,65535_65535,2,39,4124885,4,1,1,1,1,4,28,1,1,allocated
51,6959,greenran_normal,0,0,65535_65535,2,37,4124883,0,1,1,0,0,0,28,1,1,pre_allocation
51,6959,greenran_normal,0,0,65535_65535,2,37,4124883,4,1,1,1,1,4,28,1,1,allocated
51,6959,greenran_normal,0,0,65535_65535,2,35,4124880,0,1,1,0,0,0,28,1,1,pre_allocation
51,6959,greenran_normal,0,0,65535_65535,2,35,4124880,4,1,1,1,1,4,28,1,1,allocated
51,6959,greenran_normal,0,0,65535_65535,2,44,4124880,0,1,1,0,0,0,28,1,1,pre_allocation
51,6959,greenran_normal,0,0,65535_65535,2,44,4124880,4,1,1,1,1,4,28,1,1,allocated
51,6959,greenran_normal,0,0,65535_65535,2,55,4124880,0,1,1,0,0,0,28,1,1,pre_allocation
51,6959,greenran_normal,0,0,65535_65535,2,55,4124880,4,1,1,1,1,4,28,1,1,allocated
51,6959,greenran_normal,0,0,65535_65535,2,56,4124880,0,1,1,0,0,0,28,1,1,pre_allocation
51,6959,greenran_normal,0,0,65535_65535,2,56,4124880,4,1,1,1,1,4,28,1,1,allocated
51,6959,greenran_normal,0,0,65535_65535,2,57,4124880,0,1,1,0,0,0,28,1,1,pre_allocation
51,6959,greenran_normal,0,0,65535_65535,2,57,4124880,4,1,1,1,1,4,28,1,1,allocated
51,6959,greenran_normal,0,0,65535_65535,2,40,4124882,0,1,1,0,0,0,28,1,1,pre_allocation
51,6959,greenran_normal,0,0,65535_65535,2,40,4124882,4,1,1,1,1,4,28,1,1,allocated
51,6959,greenran_normal,0,0,65535_65535,2,41,4124882,0,1,1,0,0,0,28,1,1,pre_allocation
51,6959,greenran_normal,0,0,65535_65535,2,41,4124882,4,1,1,1,1,4,28,1,1,allocated
51,6959,greenran_normal,0,0,65535_65535,2,61,4124879,0,1,1,0,0,0,28,1,1,pre_allocation
51,6959,greenran_normal,0,0,65535_65535,2,61,4124879,4,1,1,1,1,4,28,1,1,allocated
51,6959,greenran_normal,0,0,65535_65535,2,62,4124878,0,1,1,0,0,0,28,1,1,pre_allocation
51,6959,greenran_normal,0,0,65535_65535,2,62,4124878,4,1,1,1,1,4,28,1,1,allocated
51,6959,greenran_normal,0,0,65535_65535,2,63,4124877,0,1,1,0,0,0,28,1,1,pre_allocation
51,6959,greenran_normal,0,0,65535_65535,2,63,4124877,4,1,1,1,1,4,28,1,1,allocated
51,6959,greenran_normal,0,0,65535_65535,2,38,4126908,0,1,1,0,1,0,2,1,1,pre_allocation
51,6959,greenran_normal,0,0,65535_65535,2,38,4126908,0,1,1,1,2,0,2,1,1,allocated
51,6959,greenran_normal,0,0,65535_65535,2,60,4126647,2,1,1,0,1,0,12,1,1,pre_allocation
51,6959,greenran_normal,0,0,65535_65535,2,60,4126647,1,1,1,1,2,1,12,1,1,allocated
51,6959,greenran_normal,0,0,65535_65535,2,64,4126400,0,1,1,0,1,0,18,1,1,pre_allocation
51,6959,greenran_normal,0,0,65535_65535,2,64,4126400,4,1,1,1,2,4,18,1,1,allocated
51,6959,greenran_normal,0,0,65535_65535,2,43,4125861,0,1,1,0,1,0,16,1,1,pre_allocation
51,6959,greenran_normal,0,0,65535_65535,2,43,4125861,3,1,1,1,2,3,16,1,1,allocated
51,6959,greenran_normal,0,0,65535_65535,2,42,4125355,3,1,1,0,1,0,24,1,1,pre_allocation
51,6959,greenran_normal,0,0,65535_65535,2,42,4125355,9,1,1,1,2,9,24,1,1,allocated
51,6959,greenran_normal,0,0,65535_65535,2,36,4124941,4,1,1,0,1,0,26,1,1,pre_allocation
51,6959,greenran_normal,0,0,65535_65535,2,36,4124941,11,1,1,1,2,11,26,1,1,allocated
51,6959,greenran_normal,0,0,65535_65535,2,59,4124930,3,1,1,0,1,0,24,1,1,pre_allocation
51,6959,greenran_normal,0,0,65535_65535,2,59,4124930,9,1,1,1,2,9,24,1,1,allocated
51,6959,greenran_normal,0,0,65535_65535,2,58,4124957,4,1,1,0,1,0,26,1,1,pre_allocation
51,6959,greenran_normal,0,0,65535_65535,2,58,4124957,11,1,1,1,2,11,26,1,1,allocated
51,6959,greenran_normal,0,0,65535_65535,2,39,4124885,4,1,1,0,1,0,28,1,1,pre_allocation
51,6959,greenran_normal,0,0,65535_65535,2,39,4124885,12,1,1,1,2,12,28,1,1,allocated
51,6959,greenran_normal,0,0,65535_65535,2,37,4124883,4,1,1,0,1,0,28,1,1,pre_allocation
51,6959,greenran_normal,0,0,65535_65535,2,37,4124883,12,1,1,1,2,12,28,1,1,allocated
51,6959,greenran_normal,0,0,65535_65535,2,35,4124880,4,1,1,0,1,0,28,1,1,pre_allocation
51,6959,greenran_normal,0,0,65535_65535,2,35,4124880,12,1,1,1,2,12,28,1,1,allocated
51,6959,greenran_normal,0,0,65535_65535,2,44,4124880,4,1,1,0,1,0,28,1,1,pre_allocation
51,6959,greenran_normal,0,0,65535_65535,2,44,4124880,12,1,1,1,2,12,28,1,1,allocated
51,6959,greenran_normal,0,0,65535_65535,2,55,4124880,4,1,1,0,1,0,28,1,1,pre_allocation
51,6959,greenran_normal,0,0,65535_65535,2,55,4124880,12,1,1,1,2,12,28,1,1,allocated
51,6959,greenran_normal,0,0,65535_65535,2,56,4124880,4,1,1,0,1,0,28,1,1,pre_allocation
51,6959,greenran_normal,0,0,65535_65535,2,56,4124880,12,1,1,1,2,12,28,1,1,allocated
51,6959,greenran_normal,0,0,65535_65535,2,57,4124880,4,1,1,0,1,0,28,1,1,pre_allocation
51,6959,greenran_normal,0,0,65535_65535,2,57,4124880,12,1,1,1,2,12,28,1,1,allocated
51,6959,greenran_normal,0,0,65535_65535,2,40,4124882,4,1,1,0,1,0,28,1,1,pre_allocation
51,6959,greenran_normal,0,0,65535_65535,2,40,4124882,12,1,1,1,2,12,28,1,1,allocated
51,6959,greenran_normal,0,0,65535_65535,2,41,4124882,4,1,1,0,1,0,28,1,1,pre_allocation
51,6959,greenran_normal,0,0,65535_65535,2,41,4124882,12,1,1,1,2,12,28,1,1,allocated
51,6959,greenran_normal,0,0,65535_65535,2,61,4124879,4,1,1,0,1,0,28,1,1,pre_allocation
51,6959,greenran_normal,0,0,65535_65535,2,61,4124879,12,1,1,1,2,12,28,1,1,allocated
51,6959,greenran_normal,0,0,65535_65535,2,62,4124878,4,1,1,0,1,0,28,1,1,pre_allocation
51,6959,greenran_normal,0,0,65535_65535,2,62,4124878,12,1,1,1,2,12,28,1,1,allocated
51,6959,greenran_normal,0,0,65535_65535,2,63,4124877,4,1,1,0,1,0,28,1,1,pre_allocation
51,6959,greenran_normal,0,0,65535_65535,2,63,4124877,12,1,1,1,2,12,28,1,1,allocated
51,6959,greenran_normal,0,0,65535_65535,2,38,4126908,0,1,1,0,2,0,2,1,1,pre_allocation
51,6959,greenran_normal,0,0,65535_65535,2,38,4126908,0,1,1,1,3,0,2,1,1,allocated
51,6959,greenran_normal,0,0,65535_65535,2,60,4126647,1,1,1,0,2,0,12,1,1,pre_allocation
51,6959,greenran_normal,0,0,65535_65535,2,60,4126647,3,1,1,1,3,3,12,1,1,allocated
51,6959,greenran_normal,0,0,65535_65535,2,64,4126400,4,1,1,0,2,0,18,1,1,pre_allocation
51,6959,greenran_normal,0,0,65535_65535,2,64,4126400,8,1,1,1,3,8,18,1,1,allocated
51,6959,greenran_normal,0,0,65535_65535,2,43,4125861,3,1,1,0,2,0,16,1,1,pre_allocation
51,6959,greenran_normal,0,0,65535_65535,2,43,4125861,6,1,1,1,3,6,16,1,1,allocated
51,6959,greenran_normal,0,0,65535_65535,2,42,4125355,9,1,1,0,2,0,24,1,1,pre_allocation
51,6959,greenran_normal,0,0,65535_65535,2,42,4125355,15,1,1,1,3,15,24,1,1,allocated
51,6959,greenran_normal,0,0,65535_65535,2,36,4124941,11,1,1,0,2,0,26,1,1,pre_allocation
51,6959,greenran_normal,0,0,65535_65535,2,36,4124941,18,1,1,1,3,18,26,1,1,allocated
51,6959,greenran_normal,0,0,65535_65535,2,59,4124930,9,1,1,0,2,0,24,1,1,pre_allocation
51,6959,greenran_normal,0,0,65535_65535,2,59,4124930,15,1,1,1,3,15,24,1,1,allocated
51,6959,greenran_normal,0,0,65535_65535,2,58,4124957,11,1,1,0,2,0,26,1,1,pre_allocation
51,6959,greenran_normal,0,0,65535_65535,2,58,4124957,18,1,1,1,3,18,26,1,1,allocated
51,6959,greenran_normal,0,0,65535_65535,2,39,4124885,12,1,1,0,2,0,28,1,1,pre_allocation
51,6959,greenran_normal,0,0,65535_65535,2,39,4124885,19,1,1,1,3,19,28,1,1,allocated
51,6959,greenran_normal,0,0,65535_65535,2,37,4124883,12,1,1,0,2,0,28,1,1,pre_allocation
51,6959,greenran_normal,0,0,65535_65535,2,37,4124883,19,1,1,1,3,19,28,1,1,allocated
51,6959,greenran_normal,0,0,65535_65535,2,35,4124880,12,1,1,0,2,0,28,1,1,pre_allocation
51,6959,greenran_normal,0,0,65535_65535,2,35,4124880,19,1,1,1,3,19,28,1,1,allocated
51,6959,greenran_normal,0,0,65535_65535,2,44,4124880,12,1,1,0,2,0,28,1,1,pre_allocation
51,6959,greenran_normal,0,0,65535_65535,2,44,4124880,19,1,1,1,3,19,28,1,1,allocated
51,6959,greenran_normal,0,0,65535_65535,2,55,4124880,12,1,1,0,2,0,28,1,1,pre_allocation
51,6959,greenran_normal,0,0,65535_65535,2,55,4124880,19,1,1,1,3,19,28,1,1,allocated
51,6959,greenran_normal,0,0,65535_65535,2,56,4124880,12,1,1,0,2,0,28,1,1,pre_allocation
51,6959,greenran_normal,0,0,65535_65535,2,56,4124880,19,1,1,1,3,19,28,1,1,allocated
51,6959,greenran_normal,0,0,65535_65535,2,57,4124880,12,1,1,0,2,0,28,1,1,pre_allocation
51,6959,greenran_normal,0,0,65535_65535,2,57,4124880,19,1,1,1,3,19,28,1,1,allocated
51,6959,greenran_normal,0,0,65535_65535,2,40,4124882,12,1,1,0,2,0,28,1,1,pre_allocation
51,6959,greenran_normal,0,0,65535_65535,2,40,4124882,19,1,1,1,3,19,28,1,1,allocated
51,6959,greenran_normal,0,0,65535_65535,2,41,4124882,12,1,1,0,2,0,28,1,1,pre_allocation
51,6959,greenran_normal,0,0,65535_65535,2,41,4124882,19,1,1,1,3,19,28,1,1,allocated
51,6959,greenran_normal,0,0,65535_65535,2,61,4124879,12,1,1,0,2,0,28,1,1,pre_allocation
51,6959,greenran_normal,0,0,65535_65535,2,61,4124879,19,1,1,1,3,19,28,1,1,allocated
51,6959,greenran_normal,0,0,65535_65535,2,62,4124878,12,1,1,0,2,0,28,1,1,pre_allocation
51,6959,greenran_normal,0,0,65535_65535,2,62,4124878,19,1,1,1,3,19,28,1,1,allocated
51,6959,greenran_normal,0,0,65535_65535,2,63,4124877,12,1,1,0,2,0,28,1,1,pre_allocation
51,6959,greenran_normal,0,0,65535_65535,2,63,4124877,19,1,1,1,3,19,28,1,1,allocated
51,6959,greenran_normal,0,0,65535_65535,2,38,4126908,0,1,1,0,3,0,2,1,1,pre_allocation
51,6959,greenran_normal,0,0,65535_65535,2,38,4126908,1,1,1,1,4,1,2,1,1,allocated
51,6959,greenran_normal,0,0,65535_65535,2,60,4126647,3,1,1,0,3,0,12,1,1,pre_allocation
51,6959,greenran_normal,0,0,65535_65535,2,60,4126647,5,1,1,1,4,5,12,1,1,allocated
51,6959,greenran_normal,0,0,65535_65535,2,64,4126400,8,1,1,0,3,0,18,1,1,pre_allocation
51,6959,greenran_normal,0,0,65535_65535,2,64,4126400,11,1,1,1,4,11,18,1,1,allocated
51,6959,greenran_normal,0,0,65535_65535,2,43,4125861,6,1,1,0,3,0,16,1,1,pre_allocation
51,6959,greenran_normal,0,0,65535_65535,2,43,4125861,10,1,1,1,4,10,16,1,1,allocated
53,7076,greenran_normal,0,0,65535_65535,0,4,131529,0,1,1,0,0,0,24,1,1,pre_allocation
53,7076,greenran_normal,0,0,65535_65535,0,4,131529,3,1,1,1,1,3,24,1,1,allocated
53,7076,greenran_normal,0,0,65535_65535,0,2,129229,0,1,1,0,0,0,28,1,1,pre_allocation
53,7076,greenran_normal,0,0,65535_65535,0,2,129229,4,1,1,1,1,4,28,1,1,allocated
53,7076,greenran_normal,0,0,65535_65535,0,5,129225,0,1,1,0,0,0,28,1,1,pre_allocation
53,7076,greenran_normal,0,0,65535_65535,0,5,129225,4,1,1,1,1,4,28,1,1,allocated
53,7076,greenran_normal,0,0,65535_65535,0,1,129229,0,1,1,0,0,0,28,1,1,pre_allocation
53,7076,greenran_normal,0,0,65535_65535,0,1,129229,4,1,1,1,1,4,28,1,1,allocated
53,7076,greenran_normal,0,0,65535_65535,0,3,129224,0,1,1,0,0,0,28,1,1,pre_allocation
53,7076,greenran_normal,0,0,65535_65535,0,3,129224,4,1,1,1,1,4,28,1,1,allocated
53,7076,greenran_normal,0,0,65535_65535,0,4,131529,3,1,1,0,1,0,24,1,1,pre_allocation
53,7076,greenran_normal,0,0,65535_65535,0,4,131529,9,1,1,1,2,9,24,1,1,allocated
53,7076,greenran_normal,0,0,65535_65535,0,2,129229,4,1,1,0,1,0,28,1,1,pre_allocation
53,7076,greenran_normal,0,0,65535_65535,0,2,129229,12,1,1,1,2,12,28,1,1,allocated
53,7076,greenran_normal,0,0,65535_65535,0,5,129225,4,1,1,0,1,0,28,1,1,pre_allocation
53,7076,greenran_normal,0,0,65535_65535,0,5,129225,12,1,1,1,2,12,28,1,1,allocated
53,7076,greenran_normal,0,0,65535_65535,0,1,129229,4,1,1,0,1,0,28,1,1,pre_allocation
53,7076,greenran_normal,0,0,65535_65535,0,1,129229,12,1,1,1,2,12,28,1,1,allocated
53,7076,greenran_normal,0,0,65535_65535,0,3,129224,4,1,1,0,1,0,28,1,1,pre_allocation
53,7076,greenran_normal,0,0,65535_65535,0,3,129224,12,1,1,1,2,12,28,1,1,allocated
53,7076,greenran_normal,0,0,65535_65535,0,4,131529,9,1,1,0,2,0,24,1,1,pre_allocation
53,7076,greenran_normal,0,0,65535_65535,0,4,131529,15,1,1,1,3,15,24,1,1,allocated
53,7076,greenran_normal,0,0,65535_65535,0,2,129229,12,1,1,0,2,0,28,1,1,pre_allocation
53,7076,greenran_normal,0,0,65535_65535,0,2,129229,19,1,1,1,3,19,28,1,1,allocated
53,7076,greenran_normal,0,0,65535_65535,0,5,129225,12,1,1,0,2,0,28,1,1,pre_allocation
53,7076,greenran_normal,0,0,65535_65535,0,5,129225,19,1,1,1,3,19,28,1,1,allocated
53,7076,greenran_normal,0,0,65535_65535,0,1,129229,12,1,1,0,2,0,28,1,1,pre_allocation
53,7076,greenran_normal,0,0,65535_65535,0,1,129229,19,1,1,1,3,19,28,1,1,allocated
53,7076,greenran_normal,0,0,65535_65535,0,3,129224,12,1,1,0,2,0,28,1,1,pre_allocation
53,7076,greenran_normal,0,0,65535_65535,0,3,129224,19,1,1,1,3,19,28,1,1,allocated
53,7076,greenran_normal,0,0,65535_65535,0,4,131529,15,1,1,0,3,0,24,1,1,pre_allocation
53,7076,greenran_normal,0,0,65535_65535,0,4,131529,21,1,1,1,4,21,24,1,1,allocated
53,7076,greenran_normal,0,0,65535_65535,0,2,129229,19,1,1,0,3,0,28,1,1,pre_allocation
53,7076,greenran_normal,0,0,65535_65535,0,2,129229,27,1,1,1,4,27,28,1,1,allocated
53,7076,greenran_normal,0,0,65535_65535,0,5,129225,19,1,1,0,3,0,28,1,1,pre_allocation
53,7076,greenran_normal,0,0,65535_65535,0,5,129225,27,1,1,1,4,27,28,1,1,allocated
53,7076,greenran_normal,0,0,65535_65535,0,1,129229,19,1,1,0,3,0,28,1,1,pre_allocation
53,7076,greenran_normal,0,0,65535_65535,0,1,129229,27,1,1,1,4,27,28,1,1,allocated
53,7076,greenran_normal,0,0,65535_65535,0,3,129224,19,1,1,0,3,0,28,1,1,pre_allocation
53,7076,greenran_normal,0,0,65535_65535,0,3,129224,27,1,1,1,4,27,28,1,1,allocated
53,7076,greenran_normal,0,0,65535_65535,0,4,131529,21,1,1,0,4,0,24,1,1,pre_allocation
53,7076,greenran_normal,0,0,65535_65535,0,4,131529,27,1,1,1,5,27,24,1,1,allocated
53,7076,greenran_normal,0,0,65535_65535,0,2,129229,27,1,1,0,4,0,28,1,1,pre_allocation
53,7076,greenran_normal,0,0,65535_65535,0,2,129229,34,1,1,1,5,34,28,1,1,allocated
53,7076,greenran_normal,0,0,65535_65535,0,5,129225,27,1,1,0,4,0,28,1,1,pre_allocation
53,7076,greenran_normal,0,0,65535_65535,0,5,129225,34,1,1,1,5,34,28,1,1,allocated
53,7076,greenran_normal,0,0,65535_65535,0,1,129229,27,1,1,0,4,0,28,1,1,pre_allocation
53,7076,greenran_normal,0,0,65535_65535,0,1,129229,34,1,1,1,5,34,28,1,1,allocated
53,7076,greenran_normal,0,0,65535_65535,0,3,129224,27,1,1,0,4,0,28,1,1,pre_allocation
53,7076,greenran_normal,0,0,65535_65535,0,3,129224,34,1,1,1,5,34,28,1,1,allocated
53,7076,greenran_normal,0,0,65535_65535,0,4,131529,27,1,1,0,5,0,24,1,1,pre_allocation
53,7076,greenran_normal,0,0,65535_65535,0,4,131529,34,1,1,1,6,34,24,1,1,allocated
53,7076,greenran_normal,0,0,65535_65535,0,2,129229,34,1,1,0,5,0,28,1,1,pre_allocation
53,7076,greenran_normal,0,0,65535_65535,0,2,129229,42,1,1,1,6,42,28,1,1,allocated
53,7076,greenran_normal,0,0,65535_65535,0,5,129225,34,1,1,0,5,0,28,1,1,pre_allocation
53,7076,greenran_normal,0,0,65535_65535,0,5,129225,42,1,1,1,6,42,28,1,1,allocated
53,7076,greenran_normal,0,0,65535_65535,0,1,129229,34,1,1,0,5,0,28,1,1,pre_allocation
53,7076,greenran_normal,0,0,65535_65535,0,1,129229,42,1,1,1,6,42,28,1,1,allocated
53,7076,greenran_normal,0,0,65535_65535,0,3,129224,34,1,1,0,5,0,28,1,1,pre_allocation
53,7076,greenran_normal,0,0,65535_65535,0,3,129224,42,1,1,1,6,42,28,1,1,allocated
53,7076,greenran_normal,0,0,65535_65535,0,4,131529,34,1,1,0,6,0,24,1,1,pre_allocation
53,7076,greenran_normal,0,0,65535_65535,0,4,131529,40,1,1,1,7,40,24,1,1,allocated
53,7076,greenran_normal,0,0,65535_65535,0,2,129229,42,1,1,0,6,0,28,1,1,pre_allocation
53,7076,greenran_normal,0,0,65535_65535,0,2,129229,50,1,1,1,7,50,28,1,1,allocated
53,7076,greenran_normal,0,0,65535_65535,0,5,129225,42,1,1,0,6,0,28,1,1,pre_allocation
53,7076,greenran_normal,0,0,65535_65535,0,5,129225,50,1,1,1,7,50,28,1,1,allocated
53,7076,greenran_normal,0,0,65535_65535,0,1,129229,42,1,1,0,6,0,28,1,1,pre_allocation
53,7076,greenran_normal,0,0,65535_65535,0,1,129229,50,1,1,1,7,50,28,1,1,allocated
53,7076,greenran_normal,0,0,65535_65535,0,3,129224,42,1,1,0,6,0,28,1,1,pre_allocation
53,7076,greenran_normal,0,0,65535_65535,0,3,129224,50,1,1,1,7,50,28,1,1,allocated
53,7076,greenran_normal,0,0,65535_65535,0,4,131529,40,1,1,0,7,0,24,1,1,pre_allocation
53,7076,greenran_normal,0,0,65535_65535,0,4,131529,46,1,1,1,8,46,24,1,1,allocated
53,7076,greenran_normal,0,0,65535_65535,0,2,129229,50,1,1,0,7,0,28,1,1,pre_allocation
53,7076,greenran_normal,0,0,65535_65535,0,2,129229,57,1,1,1,8,57,28,1,1,allocated
53,7076,greenran_normal,0,0,65535_65535,0,5,129225,50,1,1,0,7,0,28,1,1,pre_allocation
53,7076,greenran_normal,0,0,65535_65535,0,5,129225,57,1,1,1,8,57,28,1,1,allocated
53,7076,greenran_normal,0,0,65535_65535,0,1,129229,50,1,1,0,7,0,28,1,1,pre_allocation
53,7076,greenran_normal,0,0,65535_65535,0,1,129229,57,1,1,1,8,57,28,1,1,allocated
53,7076,greenran_normal,0,0,65535_65535,0,3,129224,50,1,1,0,7,0,28,1,1,pre_allocation
53,7076,greenran_normal,0,0,65535_65535,0,3,129224,57,1,1,1,8,57,28,1,1,allocated
53,7076,greenran_normal,0,0,65535_65535,0,4,131529,46,1,1,0,8,0,24,1,1,pre_allocation
53,7076,greenran_normal,0,0,65535_65535,0,4,131529,52,1,1,1,9,52,24,1,1,allocated
53,7076,greenran_normal,0,0,65535_65535,0,2,129229,57,1,1,0,8,0,28,1,1,pre_allocation
53,7076,greenran_normal,0,0,65535_65535,0,2,129229,65,1,1,1,9,65,28,1,1,allocated
53,7076,greenran_normal,0,0,65535_65535,0,5,129225,57,1,1,0,8,0,28,1,1,pre_allocation
53,7076,greenran_normal,0,0,65535_65535,0,5,129225,65,1,1,1,9,65,28,1,1,allocated
53,7076,greenran_normal,0,0,65535_65535,0,1,129229,57,1,1,0,8,0,28,1,1,pre_allocation
53,7076,greenran_normal,0,0,65535_65535,0,1,129229,65,1,1,1,9,65,28,1,1,allocated
53,7076,greenran_normal,0,0,65535_65535,0,3,129224,57,1,1,0,8,0,28,1,1,pre_allocation
53,7076,greenran_normal,0,0,65535_65535,0,3,129224,65,1,1,1,9,65,28,1,1,allocated
53,7076,greenran_normal,0,0,65535_65535,0,4,131529,52,1,1,0,9,0,24,1,1,pre_allocation
53,7076,greenran_normal,0,0,65535_65535,0,4,131529,58,1,1,1,10,58,24,1,1,allocated
53,7076,greenran_normal,0,0,65535_65535,0,2,129229,65,1,1,0,9,0,28,1,1,pre_allocation
53,7076,greenran_normal,0,0,65535_65535,0,2,129229,72,1,1,1,10,72,28,1,1,allocated
53,7076,greenran_normal,0,0,65535_65535,0,5,129225,65,1,1,0,9,0,28,1,1,pre_allocation
53,7076,greenran_normal,0,0,65535_65535,0,5,129225,72,1,1,1,10,72,28,1,1,allocated
53,7076,greenran_normal,0,0,65535_65535,0,1,129229,65,1,1,0,9,0,28,1,1,pre_allocation
53,7076,greenran_normal,0,0,65535_65535,0,1,129229,72,1,1,1,10,72,28,1,1,allocated
53,7076,greenran_normal,0,0,65535_65535,0,3,129224,65,1,1,0,9,0,28,1,1,pre_allocation
53,7076,greenran_normal,0,0,65535_65535,0,3,129224,72,1,1,1,10,72,28,1,1,allocated
53,7076,greenran_normal,0,0,65535_65535,0,4,131529,58,1,1,0,10,0,24,1,1,pre_allocation
53,7076,greenran_normal,0,0,65535_65535,0,4,131529,65,1,1,1,11,65,24,1,1,allocated
53,7076,greenran_normal,0,0,65535_65535,0,2,129229,72,1,1,0,10,0,28,1,1,pre_allocation
53,7076,greenran_normal,0,0,65535_65535,0,2,129229,80,1,1,1,11,80,28,1,1,allocated
53,7076,greenran_normal,0,0,65535_65535,0,5,129225,72,1,1,0,10,0,28,1,1,pre_allocation
53,7076,greenran_normal,0,0,65535_65535,0,5,129225,80,1,1,1,11,80,28,1,1,allocated
53,7076,greenran_normal,0,0,65535_65535,0,1,129229,72,1,1,0,10,0,28,1,1,pre_allocation
53,7076,greenran_normal,0,0,65535_65535,0,1,129229,80,1,1,1,11,80,28,1,1,allocated
53,7076,greenran_normal,0,0,65535_65535,0,3,129224,72,1,1,0,10,0,28,1,1,pre_allocation
53,7076,greenran_normal,0,0,65535_65535,0,3,129224,80,1,1,1,11,80,28,1,1,allocated
53,7076,greenran_normal,0,0,65535_65535,0,4,131529,65,1,1,0,11,0,24,1,1,pre_allocation
53,7076,greenran_normal,0,0,65535_65535,0,4,131529,71,1,1,1,12,71,24,1,1,allocated
53,7076,greenran_normal,0,0,65535_65535,0,2,129229,80,1,1,0,11,0,28,1,1,pre_allocation
53,7076,greenran_normal,0,0,65535_65535,0,2,129229,88,1,1,1,12,88,28,1,1,allocated
53,7076,greenran_normal,0,0,65535_65535,0,5,129225,80,1,1,0,11,0,28,1,1,pre_allocation
53,7076,greenran_normal,0,0,65535_65535,0,5,129225,88,1,1,1,12,88,28,1,1,allocated
53,7076,greenran_normal,0,0,65535_65535,0,1,129229,80,1,1,0,11,0,28,1,1,pre_allocation
53,7076,greenran_normal,0,0,65535_65535,0,1,129229,88,1,1,1,12,88,28,1,1,allocated
53,7076,greenran_normal,0,0,65535_65535,0,3,129224,80,1,1,0,11,0,28,1,1,pre_allocation
53,7076,greenran_normal,0,0,65535_65535,0,3,129224,88,1,1,1,12,88,28,1,1,allocated
53,7076,greenran_normal,0,0,65535_65535,0,4,131529,71,1,1,0,12,0,24,1,1,pre_allocation
53,7076,greenran_normal,0,0,65535_65535,0,4,131529,77,1,1,1,13,77,24,1,1,allocated
53,7076,greenran_normal,0,0,65535_65535,0,2,129229,88,1,1,0,12,0,28,1,1,pre_allocation
53,7076,greenran_normal,0,0,65535_65535,0,2,129229,95,1,1,1,13,95,28,1,1,allocated
53,7076,greenran_normal,0,0,65535_65535,0,5,129225,88,1,1,0,12,0,28,1,1,pre_allocation
53,7076,greenran_normal,0,0,65535_65535,0,5,129225,95,1,1,1,13,95,28,1,1,allocated
53,7076,greenran_normal,0,0,65535_65535,0,1,129229,88,1,1,0,12,0,28,1,1,pre_allocation
53,7076,greenran_normal,0,0,65535_65535,0,1,129229,95,1,1,1,13,95,28,1,1,allocated
53,7076,greenran_normal,0,0,65535_65535,0,3,129224,88,1,1,0,12,0,28,1,1,pre_allocation
53,7076,greenran_normal,0,0,65535_65535,0,3,129224,95,1,1,1,13,95,28,1,1,allocated
53,7076,greenran_normal,0,0,65535_65535,0,4,131529,77,1,1,0,13,0,24,1,1,pre_allocation
53,7076,greenran_normal,0,0,65535_65535,0,4,131529,83,1,1,1,14,83,24,1,1,allocated
53,7076,greenran_normal,0,0,65535_65535,0,2,129229,95,1,1,0,13,0,28,1,1,pre_allocation
53,7076,greenran_normal,0,0,65535_65535,0,2,129229,103,1,1,1,14,103,28,1,1,allocated
53,7076,greenran_normal,0,0,65535_65535,0,5,129225,95,1,1,0,13,0,28,1,1,pre_allocation
53,7076,greenran_normal,0,0,65535_65535,0,5,129225,103,1,1,1,14,103,28,1,1,allocated
53,7076,greenran_normal,0,0,65535_65535,0,1,129229,95,1,1,0,13,0,28,1,1,pre_allocation
53,7076,greenran_normal,0,0,65535_65535,0,1,129229,103,1,1,1,14,103,28,1,1,allocated
53,7076,greenran_normal,0,0,65535_65535,0,3,129224,95,1,1,0,13,0,28,1,1,pre_allocation
53,7076,greenran_normal,0,0,65535_65535,0,3,129224,103,1,1,1,14,103,28,1,1,allocated
53,7076,greenran_normal,0,0,65535_65535,0,4,131529,83,1,1,0,14,0,24,1,1,pre_allocation
53,7076,greenran_normal,0,0,65535_65535,0,4,131529,89,1,1,1,15,89,24,1,1,allocated
53,7076,greenran_normal,0,0,65535_65535,0,2,129229,103,1,1,0,14,0,28,1,1,pre_allocation
53,7076,greenran_normal,0,0,65535_65535,0,2,129229,110,1,1,1,15,110,28,1,1,allocated
53,7076,greenran_normal,0,0,65535_65535,0,5,129225,103,1,1,0,14,0,28,1,1,pre_allocation
53,7076,greenran_normal,0,0,65535_65535,0,5,129225,110,1,1,1,15,110,28,1,1,allocated
53,7076,greenran_normal,0,0,65535_65535,0,1,129229,103,1,1,0,14,0,28,1,1,pre_allocation
53,7076,greenran_normal,0,0,65535_65535,0,1,129229,110,1,1,1,15,110,28,1,1,allocated
53,7076,greenran_normal,0,0,65535_65535,0,3,129224,103,1,1,0,14,0,28,1,1,pre_allocation
53,7076,greenran_normal,0,0,65535_65535,0,3,129224,110,1,1,1,15,110,28,1,1,allocated
53,7076,greenran_normal,0,0,65535_65535,0,4,131529,89,1,1,0,15,0,24,1,1,pre_allocation
53,7076,greenran_normal,0,0,65535_65535,0,4,131529,96,1,1,1,16,96,24,1,1,allocated
53,7076,greenran_normal,0,0,65535_65535,0,2,129229,110,1,1,0,15,0,28,1,1,pre_allocation
53,7076,greenran_normal,0,0,65535_65535,0,2,129229,118,1,1,1,16,118,28,1,1,allocated
53,7076,greenran_normal,0,0,65535_65535,0,5,129225,110,1,1,0,15,0,28,1,1,pre_allocation
53,7076,greenran_normal,0,0,65535_65535,0,5,129225,118,1,1,1,16,118,28,1,1,allocated
53,7076,greenran_normal,0,0,65535_65535,0,1,129229,110,1,1,0,15,0,28,1,1,pre_allocation
53,7076,greenran_normal,0,0,65535_65535,0,1,129229,118,1,1,1,16,118,28,1,1,allocated
53,7076,greenran_normal,0,0,65535_65535,0,3,129224,110,1,1,0,15,0,28,1,1,pre_allocation
53,7076,greenran_normal,0,0,65535_65535,0,3,129224,118,1,1,1,16,118,28,1,1,allocated
53,7076,greenran_normal,0,0,65535_65535,0,4,131529,96,1,1,0,16,0,24,1,1,pre_allocation
53,7076,greenran_normal,0,0,65535_65535,0,4,131529,102,1,1,1,17,102,24,1,1,allocated
53,7076,greenran_normal,0,0,65535_65535,0,2,129229,118,1,1,0,16,0,28,1,1,pre_allocation
53,7076,greenran_normal,0,0,65535_65535,0,2,129229,126,1,1,1,17,126,28,1,1,allocated
53,7076,greenran_normal,0,0,65535_65535,0,5,129225,118,1,1,0,16,0,28,1,1,pre_allocation
53,7076,greenran_normal,0,0,65535_65535,0,5,129225,126,1,1,1,17,126,28,1,1,allocated
53,7076,greenran_normal,0,0,65535_65535,0,1,129229,118,1,1,0,16,0,28,1,1,pre_allocation
53,7076,greenran_normal,0,0,65535_65535,0,1,129229,126,1,1,1,17,126,28,1,1,allocated
53,7076,greenran_normal,0,0,65535_65535,0,3,129224,118,1,1,0,16,0,28,1,1,pre_allocation
53,7076,greenran_normal,0,0,65535_65535,0,3,129224,126,1,1,1,17,126,28,1,1,allocated
53,7076,greenran_normal,0,0,65535_65535,0,4,131529,102,1,1,0,17,0,24,1,1,pre_allocation
53,7076,greenran_normal,0,0,65535_65535,0,4,131529,108,1,1,1,18,108,24,1,1,allocated
53,7076,greenran_normal,0,0,65535_65535,0,2,129229,126,1,1,0,17,0,28,1,1,pre_allocation
53,7076,greenran_normal,0,0,65535_65535,0,2,129229,133,1,1,1,18,133,28,1,1,allocated
53,7076,greenran_normal,0,0,65535_65535,0,5,129225,126,1,1,0,17,0,28,1,1,pre_allocation
53,7076,greenran_normal,0,0,65535_65535,0,5,129225,133,1,1,1,18,133,28,1,1,allocated
53,7076,greenran_normal,0,0,65535_65535,0,1,129229,126,1,1,0,17,0,28,1,1,pre_allocation
53,7076,greenran_normal,0,0,65535_65535,0,1,129229,133,1,1,1,18,133,28,1,1,allocated
53,7076,greenran_normal,0,0,65535_65535,0,3,129224,126,1,1,0,17,0,28,1,1,pre_allocation
53,7076,greenran_normal,0,0,65535_65535,0,3,129224,133,1,1,1,18,133,28,1,1,allocated
53,7076,greenran_normal,0,0,65535_65535,0,4,131529,108,1,1,0,18,0,24,1,1,pre_allocation
53,7076,greenran_normal,0,0,65535_65535,0,4,131529,114,1,1,1,19,114,24,1,1,allocated
53,7076,greenran_normal,0,0,65535_65535,0,2,129229,133,1,1,0,18,0,28,1,1,pre_allocation
53,7076,greenran_normal,0,0,65535_65535,0,2,129229,141,1,1,1,19,141,28,1,1,allocated
53,7076,greenran_normal,0,0,65535_65535,0,5,129225,133,1,1,0,18,0,28,1,1,pre_allocation
53,7076,greenran_normal,0,0,65535_65535,0,5,129225,141,1,1,1,19,141,28,1,1,allocated
53,7076,greenran_normal,0,0,65535_65535,0,1,129229,133,1,1,0,18,0,28,1,1,pre_allocation
53,7076,greenran_normal,0,0,65535_65535,0,1,129229,141,1,1,1,19,141,28,1,1,allocated
53,7076,greenran_normal,0,0,65535_65535,0,3,129224,133,1,1,0,18,0,28,1,1,pre_allocation
53,7076,greenran_normal,0,0,65535_65535,0,3,129224,141,1,1,1,19,141,28,1,1,allocated
53,7076,greenran_normal,0,0,65535_65535,0,4,131529,114,1,1,0,19,0,24,1,1,pre_allocation
53,7076,greenran_normal,0,0,65535_65535,0,4,131529,120,1,1,1,20,120,24,1,1,allocated
53,7076,greenran_normal,0,0,65535_65535,0,2,129229,141,1,1,0,19,0,28,1,1,pre_allocation
53,7076,greenran_normal,0,0,65535_65535,0,2,129229,148,1,1,1,20,148,28,1,1,allocated
53,7076,greenran_normal,0,0,65535_65535,0,5,129225,141,1,1,0,19,0,28,1,1,pre_allocation
53,7076,greenran_normal,0,0,65535_65535,0,5,129225,148,1,1,1,20,148,28,1,1,allocated
53,7076,greenran_normal,0,0,65535_65535,0,1,129229,141,1,1,0,19,0,28,1,1,pre_allocation
53,7076,greenran_normal,0,0,65535_65535,0,1,129229,148,1,1,1,20,148,28,1,1,allocated
53,7076,greenran_normal,0,0,65535_65535,0,3,129224,141,1,1,0,19,0,28,1,1,pre_allocation
53,7076,greenran_normal,0,0,65535_65535,0,3,129224,148,1,1,1,20,148,28,1,1,allocated
53,7076,greenran_normal,0,0,65535_65535,0,4,131529,120,1,1,0,20,0,24,1,1,pre_allocation
53,7076,greenran_normal,0,0,65535_65535,0,4,131529,126,1,1,1,21,126,24,1,1,allocated
53,7076,greenran_normal,0,0,65535_65535,0,2,129229,148,1,1,0,20,0,28,1,1,pre_allocation
53,7076,greenran_normal,0,0,65535_65535,0,2,129229,156,1,1,1,21,156,28,1,1,allocated
53,7076,greenran_normal,0,0,65535_65535,0,5,129225,148,1,1,0,20,0,28,1,1,pre_allocation
53,7076,greenran_normal,0,0,65535_65535,0,5,129225,156,1,1,1,21,156,28,1,1,allocated
53,7076,greenran_normal,0,0,65535_65535,0,1,129229,148,1,1,0,20,0,28,1,1,pre_allocation
53,7076,greenran_normal,0,0,65535_65535,0,1,129229,156,1,1,1,21,156,28,1,1,allocated
53,7076,greenran_normal,0,0,65535_65535,0,3,129224,148,1,1,0,20,0,28,1,1,pre_allocation
53,7076,greenran_normal,0,0,65535_65535,0,3,129224,156,1,1,1,21,156,28,1,1,allocated
53,7076,greenran_normal,0,0,65535_65535,0,4,131529,126,1,1,0,21,0,24,1,1,pre_allocation
53,7076,greenran_normal,0,0,65535_65535,0,4,131529,133,1,1,1,22,133,24,1,1,allocated
53,7076,greenran_normal,0,0,65535_65535,0,2,129229,156,1,1,0,21,0,28,1,1,pre_allocation
53,7076,greenran_normal,0,0,65535_65535,0,2,129229,163,1,1,1,22,163,28,1,1,allocated
53,7076,greenran_normal,0,0,65535_65535,0,5,129225,156,1,1,0,21,0,28,1,1,pre_allocation
53,7076,greenran_normal,0,0,65535_65535,0,5,129225,163,1,1,1,22,163,28,1,1,allocated
53,7076,greenran_normal,0,0,65535_65535,0,1,129229,156,1,1,0,21,0,28,1,1,pre_allocation
53,7076,greenran_normal,0,0,65535_65535,0,1,129229,163,1,1,1,22,163,28,1,1,allocated
53,7076,greenran_normal,0,0,65535_65535,0,3,129224,156,1,1,0,21,0,28,1,1,pre_allocation
53,7076,greenran_normal,0,0,65535_65535,0,3,129224,163,1,1,1,22,163,28,1,1,allocated
53,7076,greenran_normal,0,0,65535_65535,0,4,131529,133,1,1,0,22,0,24,1,1,pre_allocation
53,7076,greenran_normal,0,0,65535_65535,0,4,131529,139,1,1,1,23,139,24,1,1,allocated
53,7076,greenran_normal,0,0,65535_65535,0,2,129229,163,1,1,0,22,0,28,1,1,pre_allocation
53,7076,greenran_normal,0,0,65535_65535,0,2,129229,171,1,1,1,23,171,28,1,1,allocated
53,7076,greenran_normal,0,0,65535_65535,0,5,129225,163,1,1,0,22,0,28,1,1,pre_allocation
53,7076,greenran_normal,0,0,65535_65535,0,5,129225,171,1,1,1,23,171,28,1,1,allocated
53,7076,greenran_normal,0,0,65535_65535,0,1,129229,163,1,1,0,22,0,28,1,1,pre_allocation
53,7076,greenran_normal,0,0,65535_65535,0,1,129229,171,1,1,1,23,171,28,1,1,allocated
53,7076,greenran_normal,0,0,65535_65535,0,3,129224,163,1,1,0,22,0,28,1,1,pre_allocation
53,7076,greenran_normal,0,0,65535_65535,0,3,129224,171,1,1,1,23,171,28,1,1,allocated
53,7076,greenran_normal,0,0,65535_65535,0,4,131529,139,1,1,0,23,0,24,1,1,pre_allocation
53,7076,greenran_normal,0,0,65535_65535,0,4,131529,145,1,1,1,24,145,24,1,1,allocated
53,7076,greenran_normal,0,0,65535_65535,0,2,129229,171,1,1,0,23,0,28,1,1,pre_allocation
53,7076,greenran_normal,0,0,65535_65535,0,2,129229,179,1,1,1,24,179,28,1,1,allocated
53,7076,greenran_normal,0,0,65535_65535,0,5,129225,171,1,1,0,23,0,28,1,1,pre_allocation
53,7076,greenran_normal,0,0,65535_65535,0,5,129225,179,1,1,1,24,179,28,1,1,allocated
53,7076,greenran_normal,0,0,65535_65535,0,1,129229,171,1,1,0,23,0,28,1,1,pre_allocation
53,7076,greenran_normal,0,0,65535_65535,0,1,129229,179,1,1,1,24,179,28,1,1,allocated
53,7076,greenran_normal,0,0,65535_65535,0,3,129224,171,1,1,0,23,0,28,1,1,pre_allocation
53,7076,greenran_normal,0,0,65535_65535,0,3,129224,179,1,1,1,24,179,28,1,1,allocated
53,7076,greenran_normal,0,0,65535_65535,0,4,131529,145,1,1,0,24,0,24,1,1,pre_allocation
53,7076,greenran_normal,0,0,65535_65535,0,4,131529,151,1,1,1,25,151,24,1,1,allocated
53,7076,greenran_normal,0,0,65535_65535,0,2,129229,179,1,1,0,24,0,28,1,1,pre_allocation
53,7076,greenran_normal,0,0,65535_65535,0,2,129229,186,1,1,1,25,186,28,1,1,allocated
53,7076,greenran_normal,0,0,65535_65535,0,5,129225,179,1,1,0,24,0,28,1,1,pre_allocation
53,7076,greenran_normal,0,0,65535_65535,0,5,129225,186,1,1,1,25,186,28,1,1,allocated
53,7076,greenran_normal,0,0,65535_65535,0,1,129229,179,1,1,0,24,0,28,1,1,pre_allocation
53,7076,greenran_normal,0,0,65535_65535,0,1,129229,186,1,1,1,25,186,28,1,1,allocated
53,7076,greenran_normal,0,0,65535_65535,0,3,129224,179,1,1,0,24,0,28,1,1,pre_allocation
53,7076,greenran_normal,0,0,65535_65535,0,3,129224,186,1,1,1,25,186,28,1,1,allocated
53,7076,greenran_normal,0,0,65535_65535,0,4,131529,151,1,1,0,25,0,24,1,1,pre_allocation
53,7076,greenran_normal,0,0,65535_65535,0,4,131529,157,1,1,1,26,157,24,1,1,allocated
53,7076,greenran_normal,0,0,65535_65535,0,2,129229,186,1,1,0,25,0,28,1,1,pre_allocation
53,7076,greenran_normal,0,0,65535_65535,0,2,129229,194,1,1,1,26,194,28,1,1,allocated
53,7076,greenran_normal,0,0,65535_65535,0,5,129225,186,1,1,0,25,0,28,1,1,pre_allocation
53,7076,greenran_normal,0,0,65535_65535,0,5,129225,194,1,1,1,26,194,28,1,1,allocated
53,7076,greenran_normal,0,0,65535_65535,0,1,129229,186,1,1,0,25,0,28,1,1,pre_allocation
53,7076,greenran_normal,0,0,65535_65535,0,1,129229,194,1,1,1,26,194,28,1,1,allocated
53,7076,greenran_normal,0,0,65535_65535,0,3,129224,186,1,1,0,25,0,28,1,1,pre_allocation
53,7076,greenran_normal,0,0,65535_65535,0,3,129224,194,1,1,1,26,194,28,1,1,allocated
53,7076,greenran_normal,0,0,65535_65535,0,4,131529,157,1,1,0,26,0,24,1,1,pre_allocation
53,7076,greenran_normal,0,0,65535_65535,0,4,131529,164,1,1,1,27,164,24,1,1,allocated
53,7076,greenran_normal,0,0,65535_65535,0,2,129229,194,1,1,0,26,0,28,1,1,pre_allocation
53,7076,greenran_normal,0,0,65535_65535,0,2,129229,201,1,1,1,27,201,28,1,1,allocated
53,7076,greenran_normal,0,0,65535_65535,0,5,129225,194,1,1,0,26,0,28,1,1,pre_allocation
53,7076,greenran_normal,0,0,65535_65535,0,5,129225,201,1,1,1,27,201,28,1,1,allocated
53,7076,greenran_normal,0,0,65535_65535,0,1,129229,194,1,1,0,26,0,28,1,1,pre_allocation
53,7076,greenran_normal,0,0,65535_65535,0,1,129229,201,1,1,1,27,201,28,1,1,allocated
53,7076,greenran_normal,0,0,65535_65535,0,3,129224,194,1,1,0,26,0,28,1,1,pre_allocation
53,7076,greenran_normal,0,0,65535_65535,0,3,129224,201,1,1,1,27,201,28,1,1,allocated
53,7076,greenran_normal,0,0,65535_65535,0,4,131529,164,1,1,0,27,0,24,1,1,pre_allocation
53,7076,greenran_normal,0,0,65535_65535,0,4,131529,170,1,1,1,28,170,24,1,1,allocated
53,7076,greenran_normal,0,0,65535_65535,0,2,129229,201,1,1,0,27,0,28,1,1,pre_allocation
53,7076,greenran_normal,0,0,65535_65535,0,2,129229,209,1,1,1,28,209,28,1,1,allocated
53,7076,greenran_normal,0,0,65535_65535,0,5,129225,201,1,1,0,27,0,28,1,1,pre_allocation
53,7076,greenran_normal,0,0,65535_65535,0,5,129225,209,1,1,1,28,209,28,1,1,allocated
53,7076,greenran_normal,0,0,65535_65535,0,1,129229,201,1,1,0,27,0,28,1,1,pre_allocation
53,7076,greenran_normal,0,0,65535_65535,0,1,129229,209,1,1,1,28,209,28,1,1,allocated
53,7076,greenran_normal,0,0,65535_65535,0,3,129224,201,1,1,0,27,0,28,1,1,pre_allocation
53,7076,greenran_normal,0,0,65535_65535,0,3,129224,209,1,1,1,28,209,28,1,1,allocated
53,7076,greenran_normal,0,0,65535_65535,0,4,131529,170,1,1,0,28,0,24,1,1,pre_allocation
53,7076,greenran_normal,0,0,65535_65535,0,4,131529,176,1,1,1,29,176,24,1,1,allocated
53,7076,greenran_normal,0,0,65535_65535,0,2,129229,209,1,1,0,28,0,28,1,1,pre_allocation
53,7076,greenran_normal,0,0,65535_65535,0,2,129229,217,1,1,1,29,217,28,1,1,allocated
53,7076,greenran_normal,0,0,65535_65535,0,5,129225,209,1,1,0,28,0,28,1,1,pre_allocation
53,7076,greenran_normal,0,0,65535_65535,0,5,129225,217,1,1,1,29,217,28,1,1,allocated
53,7076,greenran_normal,0,0,65535_65535,0,1,129229,209,1,1,0,28,0,28,1,1,pre_allocation
53,7076,greenran_normal,0,0,65535_65535,0,1,129229,217,1,1,1,29,217,28,1,1,allocated
53,7076,greenran_normal,0,0,65535_65535,0,3,129224,209,1,1,0,28,0,28,1,1,pre_allocation
53,7076,greenran_normal,0,0,65535_65535,0,3,129224,217,1,1,1,29,217,28,1,1,allocated
53,7076,greenran_normal,0,0,65535_65535,0,4,131529,176,1,1,0,29,0,24,1,1,pre_allocation
53,7076,greenran_normal,0,0,65535_65535,0,4,131529,182,1,1,1,30,182,24,1,1,allocated
53,7076,greenran_normal,0,0,65535_65535,0,2,129229,217,1,1,0,29,0,28,1,1,pre_allocation
53,7076,greenran_normal,0,0,65535_65535,0,2,129229,224,1,1,1,30,224,28,1,1,allocated
53,7076,greenran_normal,0,0,65535_65535,0,5,129225,217,1,1,0,29,0,28,1,1,pre_allocation
53,7076,greenran_normal,0,0,65535_65535,0,5,129225,224,1,1,1,30,224,28,1,1,allocated
53,7076,greenran_normal,0,0,65535_65535,0,1,129229,217,1,1,0,29,0,28,1,1,pre_allocation
53,7076,greenran_normal,0,0,65535_65535,0,1,129229,224,1,1,1,30,224,28,1,1,allocated
53,7076,greenran_normal,0,0,65535_65535,0,3,129224,217,1,1,0,29,0,28,1,1,pre_allocation
53,7076,greenran_normal,0,0,65535_65535,0,3,129224,224,1,1,1,30,224,28,1,1,allocated
53,7076,greenran_normal,0,0,65535_65535,0,4,131529,182,1,1,0,30,0,24,1,1,pre_allocation
53,7076,greenran_normal,0,0,65535_65535,0,4,131529,188,1,1,1,31,188,24,1,1,allocated
53,7076,greenran_normal,0,0,65535_65535,0,2,129229,224,1,1,0,30,0,28,1,1,pre_allocation
53,7076,greenran_normal,0,0,65535_65535,0,2,129229,232,1,1,1,31,232,28,1,1,allocated
53,7076,greenran_normal,0,0,65535_65535,0,5,129225,224,1,1,0,30,0,28,1,1,pre_allocation
53,7076,greenran_normal,0,0,65535_65535,0,5,129225,232,1,1,1,31,232,28,1,1,allocated
53,7076,greenran_normal,0,0,65535_65535,0,1,129229,224,1,1,0,30,0,28,1,1,pre_allocation
53,7076,greenran_normal,0,0,65535_65535,0,1,129229,232,1,1,1,31,232,28,1,1,allocated
53,7076,greenran_normal,0,0,65535_65535,0,3,129224,224,1,1,0,30,0,28,1,1,pre_allocation
53,7076,greenran_normal,0,0,65535_65535,0,3,129224,232,1,1,1,31,232,28,1,1,allocated
53,7076,greenran_normal,0,0,65535_65535,0,4,131529,188,1,1,0,31,0,24,1,1,pre_allocation
53,7076,greenran_normal,0,0,65535_65535,0,4,131529,195,1,1,1,32,195,24,1,1,allocated
53,7076,greenran_normal,0,0,65535_65535,0,2,129229,232,1,1,0,31,0,28,1,1,pre_allocation
53,7076,greenran_normal,0,0,65535_65535,0,2,129229,239,1,1,1,32,239,28,1,1,allocated
53,7076,greenran_normal,0,0,65535_65535,0,5,129225,232,1,1,0,31,0,28,1,1,pre_allocation
53,7076,greenran_normal,0,0,65535_65535,0,5,129225,239,1,1,1,32,239,28,1,1,allocated
53,7076,greenran_normal,0,0,65535_65535,2,38,4201372,0,1,1,0,0,0,15,1,1,pre_allocation
53,7076,greenran_normal,0,0,65535_65535,2,38,4201372,2,1,1,1,1,2,15,1,1,allocated
53,7076,greenran_normal,0,0,65535_65535,2,60,4201111,0,1,1,0,0,0,12,1,1,pre_allocation
53,7076,greenran_normal,0,0,65535_65535,2,60,4201111,2,1,1,1,1,2,12,1,1,allocated
53,7076,greenran_normal,0,0,65535_65535,2,64,4200851,0,1,1,0,0,0,18,1,1,pre_allocation
53,7076,greenran_normal,0,0,65535_65535,2,64,4200851,0,1,1,1,1,0,18,1,1,allocated
53,7076,greenran_normal,0,0,65535_65535,2,43,4200313,0,1,1,0,0,0,20,1,1,pre_allocation
53,7076,greenran_normal,0,0,65535_65535,2,43,4200313,1,1,1,1,1,1,20,1,1,allocated
53,7076,greenran_normal,0,0,65535_65535,2,42,4199780,0,1,1,0,0,0,24,1,1,pre_allocation
53,7076,greenran_normal,0,0,65535_65535,2,42,4199780,3,1,1,1,1,3,24,1,1,allocated
53,7076,greenran_normal,0,0,65535_65535,2,36,4199363,0,1,1,0,0,0,24,1,1,pre_allocation
53,7076,greenran_normal,0,0,65535_65535,2,36,4199363,3,1,1,1,1,3,24,1,1,allocated
53,7076,greenran_normal,0,0,65535_65535,2,59,4199350,0,1,1,0,0,0,28,1,1,pre_allocation
53,7076,greenran_normal,0,0,65535_65535,2,59,4199350,4,1,1,1,1,4,28,1,1,allocated
53,7076,greenran_normal,0,0,65535_65535,2,58,4199379,0,1,1,0,0,0,28,1,1,pre_allocation
53,7076,greenran_normal,0,0,65535_65535,2,58,4199379,4,1,1,1,1,4,28,1,1,allocated
53,7076,greenran_normal,0,0,65535_65535,2,39,4199308,0,1,1,0,0,0,26,1,1,pre_allocation
53,7076,greenran_normal,0,0,65535_65535,2,39,4199308,4,1,1,1,1,4,26,1,1,allocated
53,7076,greenran_normal,0,0,65535_65535,2,37,4199304,0,1,1,0,0,0,28,1,1,pre_allocation
53,7076,greenran_normal,0,0,65535_65535,2,37,4199304,4,1,1,1,1,4,28,1,1,allocated
53,7076,greenran_normal,0,0,65535_65535,2,35,4199301,0,1,1,0,0,0,28,1,1,pre_allocation
53,7076,greenran_normal,0,0,65535_65535,2,35,4199301,4,1,1,1,1,4,28,1,1,allocated
53,7076,greenran_normal,0,0,65535_65535,2,44,4199301,0,1,1,0,0,0,28,1,1,pre_allocation
53,7076,greenran_normal,0,0,65535_65535,2,44,4199301,4,1,1,1,1,4,28,1,1,allocated
53,7076,greenran_normal,0,0,65535_65535,2,55,4199301,0,1,1,0,0,0,28,1,1,pre_allocation
53,7076,greenran_normal,0,0,65535_65535,2,55,4199301,4,1,1,1,1,4,28,1,1,allocated
53,7076,greenran_normal,0,0,65535_65535,2,56,4199301,0,1,1,0,0,0,28,1,1,pre_allocation
53,7076,greenran_normal,0,0,65535_65535,2,56,4199301,4,1,1,1,1,4,28,1,1,allocated
53,7076,greenran_normal,0,0,65535_65535,2,57,4199301,0,1,1,0,0,0,28,1,1,pre_allocation
53,7076,greenran_normal,0,0,65535_65535,2,57,4199301,4,1,1,1,1,4,28,1,1,allocated
53,7076,greenran_normal,0,0,65535_65535,2,40,4199303,0,1,1,0,0,0,28,1,1,pre_allocation
53,7076,greenran_normal,0,0,65535_65535,2,40,4199303,4,1,1,1,1,4,28,1,1,allocated
53,7076,greenran_normal,0,0,65535_65535,2,41,4199303,0,1,1,0,0,0,28,1,1,pre_allocation
53,7076,greenran_normal,0,0,65535_65535,2,41,4199303,4,1,1,1,1,4,28,1,1,allocated
53,7076,greenran_normal,0,0,65535_65535,2,61,4199300,0,1,1,0,0,0,28,1,1,pre_allocation
53,7076,greenran_normal,0,0,65535_65535,2,61,4199300,4,1,1,1,1,4,28,1,1,allocated
53,7076,greenran_normal,0,0,65535_65535,2,62,4199299,0,1,1,0,0,0,28,1,1,pre_allocation
53,7076,greenran_normal,0,0,65535_65535,2,62,4199299,4,1,1,1,1,4,28,1,1,allocated
53,7076,greenran_normal,0,0,65535_65535,2,63,4199298,0,1,1,0,0,0,28,1,1,pre_allocation
53,7076,greenran_normal,0,0,65535_65535,2,63,4199298,4,1,1,1,1,4,28,1,1,allocated
53,7076,greenran_normal,0,0,65535_65535,2,38,4201372,2,1,1,0,1,0,15,1,1,pre_allocation
53,7076,greenran_normal,0,0,65535_65535,2,38,4201372,2,1,1,1,2,2,15,1,1,allocated
53,7076,greenran_normal,0,0,65535_65535,2,60,4201111,2,1,1,0,1,0,12,1,1,pre_allocation
53,7076,greenran_normal,0,0,65535_65535,2,60,4201111,1,1,1,1,2,1,12,1,1,allocated
53,7076,greenran_normal,0,0,65535_65535,2,64,4200851,0,1,1,0,1,0,18,1,1,pre_allocation
53,7076,greenran_normal,0,0,65535_65535,2,64,4200851,4,1,1,1,2,4,18,1,1,allocated
53,7076,greenran_normal,0,0,65535_65535,2,43,4200313,1,1,1,0,1,0,20,1,1,pre_allocation
53,7076,greenran_normal,0,0,65535_65535,2,43,4200313,6,1,1,1,2,6,20,1,1,allocated
53,7076,greenran_normal,0,0,65535_65535,2,42,4199780,3,1,1,0,1,0,24,1,1,pre_allocation
53,7076,greenran_normal,0,0,65535_65535,2,42,4199780,9,1,1,1,2,9,24,1,1,allocated
53,7076,greenran_normal,0,0,65535_65535,2,36,4199363,3,1,1,0,1,0,24,1,1,pre_allocation
53,7076,greenran_normal,0,0,65535_65535,2,36,4199363,9,1,1,1,2,9,24,1,1,allocated
53,7076,greenran_normal,0,0,65535_65535,2,59,4199350,4,1,1,0,1,0,28,1,1,pre_allocation
53,7076,greenran_normal,0,0,65535_65535,2,59,4199350,12,1,1,1,2,12,28,1,1,allocated
53,7076,greenran_normal,0,0,65535_65535,2,58,4199379,4,1,1,0,1,0,28,1,1,pre_allocation
53,7076,greenran_normal,0,0,65535_65535,2,58,4199379,12,1,1,1,2,12,28,1,1,allocated
53,7076,greenran_normal,0,0,65535_65535,2,39,4199308,4,1,1,0,1,0,26,1,1,pre_allocation
53,7076,greenran_normal,0,0,65535_65535,2,39,4199308,11,1,1,1,2,11,26,1,1,allocated
53,7076,greenran_normal,0,0,65535_65535,2,37,4199304,4,1,1,0,1,0,28,1,1,pre_allocation
53,7076,greenran_normal,0,0,65535_65535,2,37,4199304,12,1,1,1,2,12,28,1,1,allocated
53,7076,greenran_normal,0,0,65535_65535,2,35,4199301,4,1,1,0,1,0,28,1,1,pre_allocation
53,7076,greenran_normal,0,0,65535_65535,2,35,4199301,12,1,1,1,2,12,28,1,1,allocated
53,7076,greenran_normal,0,0,65535_65535,2,44,4199301,4,1,1,0,1,0,28,1,1,pre_allocation
53,7076,greenran_normal,0,0,65535_65535,2,44,4199301,12,1,1,1,2,12,28,1,1,allocated
53,7076,greenran_normal,0,0,65535_65535,2,55,4199301,4,1,1,0,1,0,28,1,1,pre_allocation
53,7076,greenran_normal,0,0,65535_65535,2,55,4199301,12,1,1,1,2,12,28,1,1,allocated
53,7076,greenran_normal,0,0,65535_65535,2,56,4199301,4,1,1,0,1,0,28,1,1,pre_allocation
53,7076,greenran_normal,0,0,65535_65535,2,56,4199301,12,1,1,1,2,12,28,1,1,allocated
53,7076,greenran_normal,0,0,65535_65535,2,57,4199301,4,1,1,0,1,0,28,1,1,pre_allocation
53,7076,greenran_normal,0,0,65535_65535,2,57,4199301,12,1,1,1,2,12,28,1,1,allocated
53,7076,greenran_normal,0,0,65535_65535,2,40,4199303,4,1,1,0,1,0,28,1,1,pre_allocation
53,7076,greenran_normal,0,0,65535_65535,2,40,4199303,12,1,1,1,2,12,28,1,1,allocated
53,7076,greenran_normal,0,0,65535_65535,2,41,4199303,4,1,1,0,1,0,28,1,1,pre_allocation
53,7076,greenran_normal,0,0,65535_65535,2,41,4199303,12,1,1,1,2,12,28,1,1,allocated
53,7076,greenran_normal,0,0,65535_65535,2,61,4199300,4,1,1,0,1,0,28,1,1,pre_allocation
53,7076,greenran_normal,0,0,65535_65535,2,61,4199300,12,1,1,1,2,12,28,1,1,allocated
53,7076,greenran_normal,0,0,65535_65535,2,62,4199299,4,1,1,0,1,0,28,1,1,pre_allocation
53,7076,greenran_normal,0,0,65535_65535,2,62,4199299,12,1,1,1,2,12,28,1,1,allocated
53,7076,greenran_normal,0,0,65535_65535,2,63,4199298,4,1,1,0,1,0,28,1,1,pre_allocation
53,7076,greenran_normal,0,0,65535_65535,2,63,4199298,12,1,1,1,2,12,28,1,1,allocated
53,7076,greenran_normal,0,0,65535_65535,2,38,4201372,2,1,1,0,2,0,15,1,1,pre_allocation
53,7076,greenran_normal,0,0,65535_65535,2,38,4201372,5,1,1,1,3,5,15,1,1,allocated
53,7076,greenran_normal,0,0,65535_65535,2,60,4201111,1,1,1,0,2,0,12,1,1,pre_allocation
53,7076,greenran_normal,0,0,65535_65535,2,60,4201111,3,1,1,1,3,3,12,1,1,allocated
53,7076,greenran_normal,0,0,65535_65535,2,64,4200851,4,1,1,0,2,0,18,1,1,pre_allocation
53,7076,greenran_normal,0,0,65535_65535,2,64,4200851,8,1,1,1,3,8,18,1,1,allocated
53,7076,greenran_normal,0,0,65535_65535,2,43,4200313,6,1,1,0,2,0,20,1,1,pre_allocation
53,7076,greenran_normal,0,0,65535_65535,2,43,4200313,10,1,1,1,3,10,20,1,1,allocated
53,7076,greenran_normal,0,0,65535_65535,2,42,4199780,9,1,1,0,2,0,24,1,1,pre_allocation
53,7076,greenran_normal,0,0,65535_65535,2,42,4199780,15,1,1,1,3,15,24,1,1,allocated
53,7076,greenran_normal,0,0,65535_65535,2,36,4199363,9,1,1,0,2,0,24,1,1,pre_allocation
53,7076,greenran_normal,0,0,65535_65535,2,36,4199363,15,1,1,1,3,15,24,1,1,allocated
53,7076,greenran_normal,0,0,65535_65535,2,59,4199350,12,1,1,0,2,0,28,1,1,pre_allocation
53,7076,greenran_normal,0,0,65535_65535,2,59,4199350,19,1,1,1,3,19,28,1,1,allocated
53,7076,greenran_normal,0,0,65535_65535,2,58,4199379,12,1,1,0,2,0,28,1,1,pre_allocation
53,7076,greenran_normal,0,0,65535_65535,2,58,4199379,19,1,1,1,3,19,28,1,1,allocated
53,7076,greenran_normal,0,0,65535_65535,2,39,4199308,11,1,1,0,2,0,26,1,1,pre_allocation
53,7076,greenran_normal,0,0,65535_65535,2,39,4199308,18,1,1,1,3,18,26,1,1,allocated
53,7076,greenran_normal,0,0,65535_65535,2,37,4199304,12,1,1,0,2,0,28,1,1,pre_allocation
53,7076,greenran_normal,0,0,65535_65535,2,37,4199304,19,1,1,1,3,19,28,1,1,allocated
53,7076,greenran_normal,0,0,65535_65535,2,35,4199301,12,1,1,0,2,0,28,1,1,pre_allocation
53,7076,greenran_normal,0,0,65535_65535,2,35,4199301,19,1,1,1,3,19,28,1,1,allocated
53,7076,greenran_normal,0,0,65535_65535,2,44,4199301,12,1,1,0,2,0,28,1,1,pre_allocation
53,7076,greenran_normal,0,0,65535_65535,2,44,4199301,19,1,1,1,3,19,28,1,1,allocated
53,7076,greenran_normal,0,0,65535_65535,2,55,4199301,12,1,1,0,2,0,28,1,1,pre_allocation
53,7076,greenran_normal,0,0,65535_65535,2,55,4199301,19,1,1,1,3,19,28,1,1,allocated
53,7076,greenran_normal,0,0,65535_65535,2,56,4199301,12,1,1,0,2,0,28,1,1,pre_allocation
53,7076,greenran_normal,0,0,65535_65535,2,56,4199301,19,1,1,1,3,19,28,1,1,allocated
53,7076,greenran_normal,0,0,65535_65535,2,57,4199301,12,1,1,0,2,0,28,1,1,pre_allocation
53,7076,greenran_normal,0,0,65535_65535,2,57,4199301,19,1,1,1,3,19,28,1,1,allocated
53,7076,greenran_normal,0,0,65535_65535,2,40,4199303,12,1,1,0,2,0,28,1,1,pre_allocation
53,7076,greenran_normal,0,0,65535_65535,2,40,4199303,19,1,1,1,3,19,28,1,1,allocated
53,7076,greenran_normal,0,0,65535_65535,2,41,4199303,12,1,1,0,2,0,28,1,1,pre_allocation
53,7076,greenran_normal,0,0,65535_65535,2,41,4199303,19,1,1,1,3,19,28,1,1,allocated
53,7076,greenran_normal,0,0,65535_65535,2,61,4199300,12,1,1,0,2,0,28,1,1,pre_allocation
53,7076,greenran_normal,0,0,65535_65535,2,61,4199300,19,1,1,1,3,19,28,1,1,allocated
53,7076,greenran_normal,0,0,65535_65535,2,62,4199299,12,1,1,0,2,0,28,1,1,pre_allocation
53,7076,greenran_normal,0,0,65535_65535,2,62,4199299,19,1,1,1,3,19,28,1,1,allocated
53,7076,greenran_normal,0,0,65535_65535,2,63,4199298,12,1,1,0,2,0,28,1,1,pre_allocation
53,7076,greenran_normal,0,0,65535_65535,2,63,4199298,19,1,1,1,3,19,28,1,1,allocated
53,7076,greenran_normal,0,0,65535_65535,2,38,4201372,5,1,1,0,3,0,15,1,1,pre_allocation
53,7076,greenran_normal,0,0,65535_65535,2,38,4201372,8,1,1,1,4,8,15,1,1,allocated
53,7076,greenran_normal,0,0,65535_65535,2,60,4201111,3,1,1,0,3,0,12,1,1,pre_allocation
53,7076,greenran_normal,0,0,65535_65535,2,60,4201111,5,1,1,1,4,5,12,1,1,allocated
53,7076,greenran_normal,0,0,65535_65535,2,64,4200851,8,1,1,0,3,0,18,1,1,pre_allocation
53,7076,greenran_normal,0,0,65535_65535,2,64,4200851,11,1,1,1,4,11,18,1,1,allocated
53,7076,greenran_normal,0,0,65535_65535,2,43,4200313,10,1,1,0,3,0,20,1,1,pre_allocation
53,7076,greenran_normal,0,0,65535_65535,2,43,4200313,15,1,1,1,4,15,20,1,1,allocated
53,7076,greenran_normal,0,0,65535_65535,2,42,4199780,15,1,1,0,3,0,24,1,1,pre_allocation
53,7076,greenran_normal,0,0,65535_65535,2,42,4199780,21,1,1,1,4,21,24,1,1,allocated
53,7076,greenran_normal,0,0,65535_65535,2,36,4199363,15,1,1,0,3,0,24,1,1,pre_allocation
53,7076,greenran_normal,0,0,65535_65535,2,36,4199363,21,1,1,1,4,21,24,1,1,allocated
53,7076,greenran_normal,0,0,65535_65535,2,59,4199350,19,1,1,0,3,0,28,1,1,pre_allocation
53,7076,greenran_normal,0,0,65535_65535,2,59,4199350,27,1,1,1,4,27,28,1,1,allocated
53,7076,greenran_normal,0,0,65535_65535,2,58,4199379,19,1,1,0,3,0,28,1,1,pre_allocation
53,7076,greenran_normal,0,0,65535_65535,2,58,4199379,27,1,1,1,4,27,28,1,1,allocated
53,7076,greenran_normal,0,0,65535_65535,2,39,4199308,18,1,1,0,3,0,26,1,1,pre_allocation
53,7076,greenran_normal,0,0,65535_65535,2,39,4199308,25,1,1,1,4,25,26,1,1,allocated
53,7076,greenran_normal,0,0,65535_65535,2,37,4199304,19,1,1,0,3,0,28,1,1,pre_allocation
53,7076,greenran_normal,0,0,65535_65535,2,37,4199304,27,1,1,1,4,27,28,1,1,allocated
53,7076,greenran_normal,0,0,65535_65535,2,35,4199301,19,1,1,0,3,0,28,1,1,pre_allocation
53,7076,greenran_normal,0,0,65535_65535,2,35,4199301,27,1,1,1,4,27,28,1,1,allocated
53,7076,greenran_normal,0,0,65535_65535,2,44,4199301,19,1,1,0,3,0,28,1,1,pre_allocation
53,7076,greenran_normal,0,0,65535_65535,2,44,4199301,27,1,1,1,4,27,28,1,1,allocated
53,7076,greenran_normal,0,0,65535_65535,2,55,4199301,19,1,1,0,3,0,28,1,1,pre_allocation
53,7076,greenran_normal,0,0,65535_65535,2,55,4199301,27,1,1,1,4,27,28,1,1,allocated
53,7076,greenran_normal,0,0,65535_65535,2,56,4199301,19,1,1,0,3,0,28,1,1,pre_allocation
53,7076,greenran_normal,0,0,65535_65535,2,56,4199301,27,1,1,1,4,27,28,1,1,allocated
53,7076,greenran_normal,0,0,65535_65535,2,57,4199301,19,1,1,0,3,0,28,1,1,pre_allocation
53,7076,greenran_normal,0,0,65535_65535,2,57,4199301,27,1,1,1,4,27,28,1,1,allocated
53,7076,greenran_normal,0,0,65535_65535,2,40,4199303,19,1,1,0,3,0,28,1,1,pre_allocation
53,7076,greenran_normal,0,0,65535_65535,2,40,4199303,27,1,1,1,4,27,28,1,1,allocated
53,7076,greenran_normal,0,0,65535_65535,2,41,4199303,19,1,1,0,3,0,28,1,1,pre_allocation
53,7076,greenran_normal,0,0,65535_65535,2,41,4199303,27,1,1,1,4,27,28,1,1,allocated
53,7076,greenran_normal,0,0,65535_65535,2,61,4199300,19,1,1,0,3,0,28,1,1,pre_allocation
53,7076,greenran_normal,0,0,65535_65535,2,61,4199300,27,1,1,1,4,27,28,1,1,allocated
53,7076,greenran_normal,0,0,65535_65535,2,62,4199299,19,1,1,0,3,0,28,1,1,pre_allocation
53,7076,greenran_normal,0,0,65535_65535,2,62,4199299,27,1,1,1,4,27,28,1,1,allocated
53,7076,greenran_normal,0,0,65535_65535,2,63,4199298,19,1,1,0,3,0,28,1,1,pre_allocation
53,7076,greenran_normal,0,0,65535_65535,2,63,4199298,27,1,1,1,4,27,28,1,1,allocated
53,7076,greenran_normal,0,0,65535_65535,2,38,4201372,8,1,1,0,4,0,15,1,1,pre_allocation
53,7076,greenran_normal,0,0,65535_65535,2,38,4201372,11,1,1,1,5,11,15,1,1,allocated
53,7076,greenran_normal,0,0,65535_65535,2,60,4201111,5,1,1,0,4,0,12,1,1,pre_allocation
53,7076,greenran_normal,0,0,65535_65535,2,60,4201111,7,1,1,1,5,7,12,1,1,allocated
53,7076,greenran_normal,0,0,65535_65535,2,64,4200851,11,1,1,0,4,0,18,1,1,pre_allocation
53,7076,greenran_normal,0,0,65535_65535,2,64,4200851,15,1,1,1,5,15,18,1,1,allocated
53,7076,greenran_normal,0,0,65535_65535,2,43,4200313,15,1,1,0,4,0,20,1,1,pre_allocation
53,7076,greenran_normal,0,0,65535_65535,2,43,4200313,19,1,1,1,5,19,20,1,1,allocated
53,7076,greenran_normal,0,0,65535_65535,2,42,4199780,21,1,1,0,4,0,24,1,1,pre_allocation
53,7076,greenran_normal,0,0,65535_65535,2,42,4199780,27,1,1,1,5,27,24,1,1,allocated
53,7076,greenran_normal,0,0,65535_65535,2,36,4199363,21,1,1,0,4,0,24,1,1,pre_allocation
53,7076,greenran_normal,0,0,65535_65535,2,36,4199363,27,1,1,1,5,27,24,1,1,allocated
53,7076,greenran_normal,0,0,65535_65535,2,59,4199350,27,1,1,0,4,0,28,1,1,pre_allocation
53,7076,greenran_normal,0,0,65535_65535,2,59,4199350,34,1,1,1,5,34,28,1,1,allocated
53,7076,greenran_normal,0,0,65535_65535,2,58,4199379,27,1,1,0,4,0,28,1,1,pre_allocation
53,7076,greenran_normal,0,0,65535_65535,2,58,4199379,34,1,1,1,5,34,28,1,1,allocated
53,7076,greenran_normal,0,0,65535_65535,2,39,4199308,25,1,1,0,4,0,26,1,1,pre_allocation
53,7076,greenran_normal,0,0,65535_65535,2,39,4199308,32,1,1,1,5,32,26,1,1,allocated
53,7076,greenran_normal,0,0,65535_65535,2,37,4199304,27,1,1,0,4,0,28,1,1,pre_allocation
53,7076,greenran_normal,0,0,65535_65535,2,37,4199304,34,1,1,1,5,34,28,1,1,allocated
53,7076,greenran_normal,0,0,65535_65535,2,35,4199301,27,1,1,0,4,0,28,1,1,pre_allocation
53,7076,greenran_normal,0,0,65535_65535,2,35,4199301,34,1,1,1,5,34,28,1,1,allocated
53,7076,greenran_normal,0,0,65535_65535,2,44,4199301,27,1,1,0,4,0,28,1,1,pre_allocation
53,7076,greenran_normal,0,0,65535_65535,2,44,4199301,34,1,1,1,5,34,28,1,1,allocated
53,7076,greenran_normal,0,0,65535_65535,2,55,4199301,27,1,1,0,4,0,28,1,1,pre_allocation
53,7076,greenran_normal,0,0,65535_65535,2,55,4199301,34,1,1,1,5,34,28,1,1,allocated
53,7076,greenran_normal,0,0,65535_65535,2,56,4199301,27,1,1,0,4,0,28,1,1,pre_allocation
53,7076,greenran_normal,0,0,65535_65535,2,56,4199301,34,1,1,1,5,34,28,1,1,allocated
53,7076,greenran_normal,0,0,65535_65535,2,57,4199301,27,1,1,0,4,0,28,1,1,pre_allocation
53,7076,greenran_normal,0,0,65535_65535,2,57,4199301,34,1,1,1,5,34,28,1,1,allocated
53,7076,greenran_normal,0,0,65535_65535,2,40,4199303,27,1,1,0,4,0,28,1,1,pre_allocation
53,7076,greenran_normal,0,0,65535_65535,2,40,4199303,34,1,1,1,5,34,28,1,1,allocated
53,7076,greenran_normal,0,0,65535_65535,2,41,4199303,27,1,1,0,4,0,28,1,1,pre_allocation
53,7076,greenran_normal,0,0,65535_65535,2,41,4199303,34,1,1,1,5,34,28,1,1,allocated
53,7076,greenran_normal,0,0,65535_65535,2,61,4199300,27,1,1,0,4,0,28,1,1,pre_allocation
53,7076,greenran_normal,0,0,65535_65535,2,61,4199300,34,1,1,1,5,34,28,1,1,allocated
53,7076,greenran_normal,0,0,65535_65535,2,62,4199299,27,1,1,0,4,0,28,1,1,pre_allocation
53,7076,greenran_normal,0,0,65535_65535,2,62,4199299,34,1,1,1,5,34,28,1,1,allocated
53,7076,greenran_normal,0,0,65535_65535,2,63,4199298,27,1,1,0,4,0,28,1,1,pre_allocation
53,7076,greenran_normal,0,0,65535_65535,2,63,4199298,34,1,1,1,5,34,28,1,1,allocated
53,7076,greenran_normal,0,0,65535_65535,2,38,4201372,11,1,1,0,5,0,15,1,1,pre_allocation
53,7076,greenran_normal,0,0,65535_65535,2,38,4201372,14,1,1,1,6,14,15,1,1,allocated
53,7076,greenran_normal,0,0,65535_65535,2,60,4201111,7,1,1,0,5,0,12,1,1,pre_allocation
53,7076,greenran_normal,0,0,65535_65535,2,60,4201111,9,1,1,1,6,9,12,1,1,allocated
53,7076,greenran_normal,0,0,65535_65535,2,64,4200851,15,1,1,0,5,0,18,1,1,pre_allocation
53,7076,greenran_normal,0,0,65535_65535,2,64,4200851,19,1,1,1,6,19,18,1,1,allocated
53,7076,greenran_normal,0,0,65535_65535,2,43,4200313,19,1,1,0,5,0,20,1,1,pre_allocation
53,7076,greenran_normal,0,0,65535_65535,2,43,4200313,24,1,1,1,6,24,20,1,1,allocated
53,7076,greenran_normal,0,0,65535_65535,2,42,4199780,27,1,1,0,5,0,24,1,1,pre_allocation
53,7076,greenran_normal,0,0,65535_65535,2,42,4199780,34,1,1,1,6,34,24,1,1,allocated
53,7076,greenran_normal,0,0,65535_65535,2,36,4199363,27,1,1,0,5,0,24,1,1,pre_allocation
53,7076,greenran_normal,0,0,65535_65535,2,36,4199363,34,1,1,1,6,34,24,1,1,allocated
53,7076,greenran_normal,0,0,65535_65535,2,59,4199350,34,1,1,0,5,0,28,1,1,pre_allocation
53,7076,greenran_normal,0,0,65535_65535,2,59,4199350,42,1,1,1,6,42,28,1,1,allocated
53,7076,greenran_normal,0,0,65535_65535,2,58,4199379,34,1,1,0,5,0,28,1,1,pre_allocation
53,7076,greenran_normal,0,0,65535_65535,2,58,4199379,42,1,1,1,6,42,28,1,1,allocated
56,7208,greenran_normal,0,0,65535_65535,0,4,133818,0,1,1,0,0,0,24,1,1,pre_allocation
56,7208,greenran_normal,0,0,65535_65535,0,4,133818,3,1,1,1,1,3,24,1,1,allocated
56,7208,greenran_normal,0,0,65535_65535,0,2,131432,0,1,1,0,0,0,28,1,1,pre_allocation
56,7208,greenran_normal,0,0,65535_65535,0,2,131432,4,1,1,1,1,4,28,1,1,allocated
56,7208,greenran_normal,0,0,65535_65535,0,5,131414,0,1,1,0,0,0,28,1,1,pre_allocation
56,7208,greenran_normal,0,0,65535_65535,0,5,131414,4,1,1,1,1,4,28,1,1,allocated
56,7208,greenran_normal,0,0,65535_65535,0,1,131418,0,1,1,0,0,0,28,1,1,pre_allocation
56,7208,greenran_normal,0,0,65535_65535,0,1,131418,4,1,1,1,1,4,28,1,1,allocated
56,7208,greenran_normal,0,0,65535_65535,0,3,131413,0,1,1,0,0,0,28,1,1,pre_allocation
56,7208,greenran_normal,0,0,65535_65535,0,3,131413,4,1,1,1,1,4,28,1,1,allocated
56,7208,greenran_normal,0,0,65535_65535,0,4,133818,3,1,1,0,1,0,24,1,1,pre_allocation
56,7208,greenran_normal,0,0,65535_65535,0,4,133818,9,1,1,1,2,9,24,1,1,allocated
56,7208,greenran_normal,0,0,65535_65535,0,2,131432,4,1,1,0,1,0,28,1,1,pre_allocation
56,7208,greenran_normal,0,0,65535_65535,0,2,131432,12,1,1,1,2,12,28,1,1,allocated
56,7208,greenran_normal,0,0,65535_65535,0,5,131414,4,1,1,0,1,0,28,1,1,pre_allocation
56,7208,greenran_normal,0,0,65535_65535,0,5,131414,12,1,1,1,2,12,28,1,1,allocated
56,7208,greenran_normal,0,0,65535_65535,0,1,131418,4,1,1,0,1,0,28,1,1,pre_allocation
56,7208,greenran_normal,0,0,65535_65535,0,1,131418,12,1,1,1,2,12,28,1,1,allocated
56,7208,greenran_normal,0,0,65535_65535,0,3,131413,4,1,1,0,1,0,28,1,1,pre_allocation
56,7208,greenran_normal,0,0,65535_65535,0,3,131413,12,1,1,1,2,12,28,1,1,allocated
56,7208,greenran_normal,0,0,65535_65535,0,4,133818,9,1,1,0,2,0,24,1,1,pre_allocation
56,7208,greenran_normal,0,0,65535_65535,0,4,133818,15,1,1,1,3,15,24,1,1,allocated
56,7208,greenran_normal,0,0,65535_65535,0,2,131432,12,1,1,0,2,0,28,1,1,pre_allocation
56,7208,greenran_normal,0,0,65535_65535,0,2,131432,19,1,1,1,3,19,28,1,1,allocated
56,7208,greenran_normal,0,0,65535_65535,0,5,131414,12,1,1,0,2,0,28,1,1,pre_allocation
56,7208,greenran_normal,0,0,65535_65535,0,5,131414,19,1,1,1,3,19,28,1,1,allocated
56,7208,greenran_normal,0,0,65535_65535,0,1,131418,12,1,1,0,2,0,28,1,1,pre_allocation
56,7208,greenran_normal,0,0,65535_65535,0,1,131418,19,1,1,1,3,19,28,1,1,allocated
56,7208,greenran_normal,0,0,65535_65535,0,3,131413,12,1,1,0,2,0,28,1,1,pre_allocation
56,7208,greenran_normal,0,0,65535_65535,0,3,131413,19,1,1,1,3,19,28,1,1,allocated
56,7208,greenran_normal,0,0,65535_65535,0,4,133818,15,1,1,0,3,0,24,1,1,pre_allocation
56,7208,greenran_normal,0,0,65535_65535,0,4,133818,21,1,1,1,4,21,24,1,1,allocated
56,7208,greenran_normal,0,0,65535_65535,0,2,131432,19,1,1,0,3,0,28,1,1,pre_allocation
56,7208,greenran_normal,0,0,65535_65535,0,2,131432,27,1,1,1,4,27,28,1,1,allocated
56,7208,greenran_normal,0,0,65535_65535,0,5,131414,19,1,1,0,3,0,28,1,1,pre_allocation
56,7208,greenran_normal,0,0,65535_65535,0,5,131414,27,1,1,1,4,27,28,1,1,allocated
56,7208,greenran_normal,0,0,65535_65535,0,1,131418,19,1,1,0,3,0,28,1,1,pre_allocation
56,7208,greenran_normal,0,0,65535_65535,0,1,131418,27,1,1,1,4,27,28,1,1,allocated
56,7208,greenran_normal,0,0,65535_65535,0,3,131413,19,1,1,0,3,0,28,1,1,pre_allocation
56,7208,greenran_normal,0,0,65535_65535,0,3,131413,27,1,1,1,4,27,28,1,1,allocated
56,7208,greenran_normal,0,0,65535_65535,0,4,133818,21,1,1,0,4,0,24,1,1,pre_allocation
56,7208,greenran_normal,0,0,65535_65535,0,4,133818,27,1,1,1,5,27,24,1,1,allocated
56,7208,greenran_normal,0,0,65535_65535,0,2,131432,27,1,1,0,4,0,28,1,1,pre_allocation
56,7208,greenran_normal,0,0,65535_65535,0,2,131432,34,1,1,1,5,34,28,1,1,allocated
56,7208,greenran_normal,0,0,65535_65535,0,5,131414,27,1,1,0,4,0,28,1,1,pre_allocation
56,7208,greenran_normal,0,0,65535_65535,0,5,131414,34,1,1,1,5,34,28,1,1,allocated
56,7208,greenran_normal,0,0,65535_65535,0,1,131418,27,1,1,0,4,0,28,1,1,pre_allocation
56,7208,greenran_normal,0,0,65535_65535,0,1,131418,34,1,1,1,5,34,28,1,1,allocated
56,7208,greenran_normal,0,0,65535_65535,0,3,131413,27,1,1,0,4,0,28,1,1,pre_allocation
56,7208,greenran_normal,0,0,65535_65535,0,3,131413,34,1,1,1,5,34,28,1,1,allocated
56,7208,greenran_normal,0,0,65535_65535,0,4,133818,27,1,1,0,5,0,24,1,1,pre_allocation
56,7208,greenran_normal,0,0,65535_65535,0,4,133818,34,1,1,1,6,34,24,1,1,allocated
56,7208,greenran_normal,0,0,65535_65535,0,2,131432,34,1,1,0,5,0,28,1,1,pre_allocation
56,7208,greenran_normal,0,0,65535_65535,0,2,131432,42,1,1,1,6,42,28,1,1,allocated
56,7208,greenran_normal,0,0,65535_65535,0,5,131414,34,1,1,0,5,0,28,1,1,pre_allocation
56,7208,greenran_normal,0,0,65535_65535,0,5,131414,42,1,1,1,6,42,28,1,1,allocated
56,7208,greenran_normal,0,0,65535_65535,0,1,131418,34,1,1,0,5,0,28,1,1,pre_allocation
56,7208,greenran_normal,0,0,65535_65535,0,1,131418,42,1,1,1,6,42,28,1,1,allocated
56,7208,greenran_normal,0,0,65535_65535,0,3,131413,34,1,1,0,5,0,28,1,1,pre_allocation
56,7208,greenran_normal,0,0,65535_65535,0,3,131413,42,1,1,1,6,42,28,1,1,allocated
56,7208,greenran_normal,0,0,65535_65535,0,4,133818,34,1,1,0,6,0,24,1,1,pre_allocation
56,7208,greenran_normal,0,0,65535_65535,0,4,133818,40,1,1,1,7,40,24,1,1,allocated
56,7208,greenran_normal,0,0,65535_65535,0,2,131432,42,1,1,0,6,0,28,1,1,pre_allocation
56,7208,greenran_normal,0,0,65535_65535,0,2,131432,50,1,1,1,7,50,28,1,1,allocated
56,7208,greenran_normal,0,0,65535_65535,0,5,131414,42,1,1,0,6,0,28,1,1,pre_allocation
56,7208,greenran_normal,0,0,65535_65535,0,5,131414,50,1,1,1,7,50,28,1,1,allocated
56,7208,greenran_normal,0,0,65535_65535,0,1,131418,42,1,1,0,6,0,28,1,1,pre_allocation
56,7208,greenran_normal,0,0,65535_65535,0,1,131418,50,1,1,1,7,50,28,1,1,allocated
56,7208,greenran_normal,0,0,65535_65535,0,3,131413,42,1,1,0,6,0,28,1,1,pre_allocation
56,7208,greenran_normal,0,0,65535_65535,0,3,131413,50,1,1,1,7,50,28,1,1,allocated
56,7208,greenran_normal,0,0,65535_65535,0,4,133818,40,1,1,0,7,0,24,1,1,pre_allocation
56,7208,greenran_normal,0,0,65535_65535,0,4,133818,46,1,1,1,8,46,24,1,1,allocated
56,7208,greenran_normal,0,0,65535_65535,0,2,131432,50,1,1,0,7,0,28,1,1,pre_allocation
56,7208,greenran_normal,0,0,65535_65535,0,2,131432,57,1,1,1,8,57,28,1,1,allocated
56,7208,greenran_normal,0,0,65535_65535,0,5,131414,50,1,1,0,7,0,28,1,1,pre_allocation
56,7208,greenran_normal,0,0,65535_65535,0,5,131414,57,1,1,1,8,57,28,1,1,allocated
56,7208,greenran_normal,0,0,65535_65535,0,1,131418,50,1,1,0,7,0,28,1,1,pre_allocation
56,7208,greenran_normal,0,0,65535_65535,0,1,131418,57,1,1,1,8,57,28,1,1,allocated
56,7208,greenran_normal,0,0,65535_65535,0,3,131413,50,1,1,0,7,0,28,1,1,pre_allocation
56,7208,greenran_normal,0,0,65535_65535,0,3,131413,57,1,1,1,8,57,28,1,1,allocated
56,7208,greenran_normal,0,0,65535_65535,0,4,133818,46,1,1,0,8,0,24,1,1,pre_allocation
56,7208,greenran_normal,0,0,65535_65535,0,4,133818,52,1,1,1,9,52,24,1,1,allocated
56,7208,greenran_normal,0,0,65535_65535,0,2,131432,57,1,1,0,8,0,28,1,1,pre_allocation
56,7208,greenran_normal,0,0,65535_65535,0,2,131432,65,1,1,1,9,65,28,1,1,allocated
56,7208,greenran_normal,0,0,65535_65535,0,5,131414,57,1,1,0,8,0,28,1,1,pre_allocation
56,7208,greenran_normal,0,0,65535_65535,0,5,131414,65,1,1,1,9,65,28,1,1,allocated
56,7208,greenran_normal,0,0,65535_65535,0,1,131418,57,1,1,0,8,0,28,1,1,pre_allocation
56,7208,greenran_normal,0,0,65535_65535,0,1,131418,65,1,1,1,9,65,28,1,1,allocated
56,7208,greenran_normal,0,0,65535_65535,0,3,131413,57,1,1,0,8,0,28,1,1,pre_allocation
56,7208,greenran_normal,0,0,65535_65535,0,3,131413,65,1,1,1,9,65,28,1,1,allocated
56,7208,greenran_normal,0,0,65535_65535,0,4,133818,52,1,1,0,9,0,24,1,1,pre_allocation
56,7208,greenran_normal,0,0,65535_65535,0,4,133818,58,1,1,1,10,58,24,1,1,allocated
56,7208,greenran_normal,0,0,65535_65535,0,2,131432,65,1,1,0,9,0,28,1,1,pre_allocation
56,7208,greenran_normal,0,0,65535_65535,0,2,131432,72,1,1,1,10,72,28,1,1,allocated
56,7208,greenran_normal,0,0,65535_65535,0,5,131414,65,1,1,0,9,0,28,1,1,pre_allocation
56,7208,greenran_normal,0,0,65535_65535,0,5,131414,72,1,1,1,10,72,28,1,1,allocated
56,7208,greenran_normal,0,0,65535_65535,0,1,131418,65,1,1,0,9,0,28,1,1,pre_allocation
56,7208,greenran_normal,0,0,65535_65535,0,1,131418,72,1,1,1,10,72,28,1,1,allocated
56,7208,greenran_normal,0,0,65535_65535,0,3,131413,65,1,1,0,9,0,28,1,1,pre_allocation
56,7208,greenran_normal,0,0,65535_65535,0,3,131413,72,1,1,1,10,72,28,1,1,allocated
56,7208,greenran_normal,0,0,65535_65535,0,4,133818,58,1,1,0,10,0,24,1,1,pre_allocation
56,7208,greenran_normal,0,0,65535_65535,0,4,133818,65,1,1,1,11,65,24,1,1,allocated
56,7208,greenran_normal,0,0,65535_65535,0,2,131432,72,1,1,0,10,0,28,1,1,pre_allocation
56,7208,greenran_normal,0,0,65535_65535,0,2,131432,80,1,1,1,11,80,28,1,1,allocated
56,7208,greenran_normal,0,0,65535_65535,0,5,131414,72,1,1,0,10,0,28,1,1,pre_allocation
56,7208,greenran_normal,0,0,65535_65535,0,5,131414,80,1,1,1,11,80,28,1,1,allocated
56,7208,greenran_normal,0,0,65535_65535,0,1,131418,72,1,1,0,10,0,28,1,1,pre_allocation
56,7208,greenran_normal,0,0,65535_65535,0,1,131418,80,1,1,1,11,80,28,1,1,allocated
56,7208,greenran_normal,0,0,65535_65535,0,3,131413,72,1,1,0,10,0,28,1,1,pre_allocation
56,7208,greenran_normal,0,0,65535_65535,0,3,131413,80,1,1,1,11,80,28,1,1,allocated
56,7208,greenran_normal,0,0,65535_65535,0,4,133818,65,1,1,0,11,0,24,1,1,pre_allocation
56,7208,greenran_normal,0,0,65535_65535,0,4,133818,71,1,1,1,12,71,24,1,1,allocated
56,7208,greenran_normal,0,0,65535_65535,0,2,131432,80,1,1,0,11,0,28,1,1,pre_allocation
56,7208,greenran_normal,0,0,65535_65535,0,2,131432,88,1,1,1,12,88,28,1,1,allocated
56,7208,greenran_normal,0,0,65535_65535,0,5,131414,80,1,1,0,11,0,28,1,1,pre_allocation
56,7208,greenran_normal,0,0,65535_65535,0,5,131414,88,1,1,1,12,88,28,1,1,allocated
56,7208,greenran_normal,0,0,65535_65535,0,1,131418,80,1,1,0,11,0,28,1,1,pre_allocation
56,7208,greenran_normal,0,0,65535_65535,0,1,131418,88,1,1,1,12,88,28,1,1,allocated
56,7208,greenran_normal,0,0,65535_65535,0,3,131413,80,1,1,0,11,0,28,1,1,pre_allocation
56,7208,greenran_normal,0,0,65535_65535,0,3,131413,88,1,1,1,12,88,28,1,1,allocated
56,7208,greenran_normal,0,0,65535_65535,0,4,133818,71,1,1,0,12,0,24,1,1,pre_allocation
56,7208,greenran_normal,0,0,65535_65535,0,4,133818,77,1,1,1,13,77,24,1,1,allocated
56,7208,greenran_normal,0,0,65535_65535,0,2,131432,88,1,1,0,12,0,28,1,1,pre_allocation
56,7208,greenran_normal,0,0,65535_65535,0,2,131432,95,1,1,1,13,95,28,1,1,allocated
56,7208,greenran_normal,0,0,65535_65535,0,5,131414,88,1,1,0,12,0,28,1,1,pre_allocation
56,7208,greenran_normal,0,0,65535_65535,0,5,131414,95,1,1,1,13,95,28,1,1,allocated
56,7208,greenran_normal,0,0,65535_65535,0,1,131418,88,1,1,0,12,0,28,1,1,pre_allocation
56,7208,greenran_normal,0,0,65535_65535,0,1,131418,95,1,1,1,13,95,28,1,1,allocated
56,7208,greenran_normal,0,0,65535_65535,0,3,131413,88,1,1,0,12,0,28,1,1,pre_allocation
56,7208,greenran_normal,0,0,65535_65535,0,3,131413,95,1,1,1,13,95,28,1,1,allocated
56,7208,greenran_normal,0,0,65535_65535,0,4,133818,77,1,1,0,13,0,24,1,1,pre_allocation
56,7208,greenran_normal,0,0,65535_65535,0,4,133818,83,1,1,1,14,83,24,1,1,allocated
56,7208,greenran_normal,0,0,65535_65535,0,2,131432,95,1,1,0,13,0,28,1,1,pre_allocation
56,7208,greenran_normal,0,0,65535_65535,0,2,131432,103,1,1,1,14,103,28,1,1,allocated
56,7208,greenran_normal,0,0,65535_65535,0,5,131414,95,1,1,0,13,0,28,1,1,pre_allocation
56,7208,greenran_normal,0,0,65535_65535,0,5,131414,103,1,1,1,14,103,28,1,1,allocated
56,7208,greenran_normal,0,0,65535_65535,0,1,131418,95,1,1,0,13,0,28,1,1,pre_allocation
56,7208,greenran_normal,0,0,65535_65535,0,1,131418,103,1,1,1,14,103,28,1,1,allocated
56,7208,greenran_normal,0,0,65535_65535,0,3,131413,95,1,1,0,13,0,28,1,1,pre_allocation
56,7208,greenran_normal,0,0,65535_65535,0,3,131413,103,1,1,1,14,103,28,1,1,allocated
56,7208,greenran_normal,0,0,65535_65535,0,4,133818,83,1,1,0,14,0,24,1,1,pre_allocation
56,7208,greenran_normal,0,0,65535_65535,0,4,133818,89,1,1,1,15,89,24,1,1,allocated
56,7208,greenran_normal,0,0,65535_65535,0,2,131432,103,1,1,0,14,0,28,1,1,pre_allocation
56,7208,greenran_normal,0,0,65535_65535,0,2,131432,110,1,1,1,15,110,28,1,1,allocated
56,7208,greenran_normal,0,0,65535_65535,0,5,131414,103,1,1,0,14,0,28,1,1,pre_allocation
56,7208,greenran_normal,0,0,65535_65535,0,5,131414,110,1,1,1,15,110,28,1,1,allocated
56,7208,greenran_normal,0,0,65535_65535,0,1,131418,103,1,1,0,14,0,28,1,1,pre_allocation
56,7208,greenran_normal,0,0,65535_65535,0,1,131418,110,1,1,1,15,110,28,1,1,allocated
56,7208,greenran_normal,0,0,65535_65535,0,3,131413,103,1,1,0,14,0,28,1,1,pre_allocation
56,7208,greenran_normal,0,0,65535_65535,0,3,131413,110,1,1,1,15,110,28,1,1,allocated
56,7208,greenran_normal,0,0,65535_65535,0,4,133818,89,1,1,0,15,0,24,1,1,pre_allocation
56,7208,greenran_normal,0,0,65535_65535,0,4,133818,96,1,1,1,16,96,24,1,1,allocated
56,7208,greenran_normal,0,0,65535_65535,0,2,131432,110,1,1,0,15,0,28,1,1,pre_allocation
56,7208,greenran_normal,0,0,65535_65535,0,2,131432,118,1,1,1,16,118,28,1,1,allocated
56,7208,greenran_normal,0,0,65535_65535,0,5,131414,110,1,1,0,15,0,28,1,1,pre_allocation
56,7208,greenran_normal,0,0,65535_65535,0,5,131414,118,1,1,1,16,118,28,1,1,allocated
56,7208,greenran_normal,0,0,65535_65535,0,1,131418,110,1,1,0,15,0,28,1,1,pre_allocation
56,7208,greenran_normal,0,0,65535_65535,0,1,131418,118,1,1,1,16,118,28,1,1,allocated
56,7208,greenran_normal,0,0,65535_65535,0,3,131413,110,1,1,0,15,0,28,1,1,pre_allocation
56,7208,greenran_normal,0,0,65535_65535,0,3,131413,118,1,1,1,16,118,28,1,1,allocated
56,7208,greenran_normal,0,0,65535_65535,0,4,133818,96,1,1,0,16,0,24,1,1,pre_allocation
56,7208,greenran_normal,0,0,65535_65535,0,4,133818,102,1,1,1,17,102,24,1,1,allocated
56,7208,greenran_normal,0,0,65535_65535,0,2,131432,118,1,1,0,16,0,28,1,1,pre_allocation
56,7208,greenran_normal,0,0,65535_65535,0,2,131432,126,1,1,1,17,126,28,1,1,allocated
56,7208,greenran_normal,0,0,65535_65535,0,5,131414,118,1,1,0,16,0,28,1,1,pre_allocation
56,7208,greenran_normal,0,0,65535_65535,0,5,131414,126,1,1,1,17,126,28,1,1,allocated
56,7208,greenran_normal,0,0,65535_65535,0,1,131418,118,1,1,0,16,0,28,1,1,pre_allocation
56,7208,greenran_normal,0,0,65535_65535,0,1,131418,126,1,1,1,17,126,28,1,1,allocated
56,7208,greenran_normal,0,0,65535_65535,0,3,131413,118,1,1,0,16,0,28,1,1,pre_allocation
56,7208,greenran_normal,0,0,65535_65535,0,3,131413,126,1,1,1,17,126,28,1,1,allocated
56,7208,greenran_normal,0,0,65535_65535,0,4,133818,102,1,1,0,17,0,24,1,1,pre_allocation
56,7208,greenran_normal,0,0,65535_65535,0,4,133818,108,1,1,1,18,108,24,1,1,allocated
56,7208,greenran_normal,0,0,65535_65535,0,2,131432,126,1,1,0,17,0,28,1,1,pre_allocation
56,7208,greenran_normal,0,0,65535_65535,0,2,131432,133,1,1,1,18,133,28,1,1,allocated
56,7208,greenran_normal,0,0,65535_65535,0,5,131414,126,1,1,0,17,0,28,1,1,pre_allocation
56,7208,greenran_normal,0,0,65535_65535,0,5,131414,133,1,1,1,18,133,28,1,1,allocated
56,7208,greenran_normal,0,0,65535_65535,0,1,131418,126,1,1,0,17,0,28,1,1,pre_allocation
56,7208,greenran_normal,0,0,65535_65535,0,1,131418,133,1,1,1,18,133,28,1,1,allocated
56,7208,greenran_normal,0,0,65535_65535,0,3,131413,126,1,1,0,17,0,28,1,1,pre_allocation
56,7208,greenran_normal,0,0,65535_65535,0,3,131413,133,1,1,1,18,133,28,1,1,allocated
56,7208,greenran_normal,0,0,65535_65535,0,4,133818,108,1,1,0,18,0,24,1,1,pre_allocation
56,7208,greenran_normal,0,0,65535_65535,0,4,133818,114,1,1,1,19,114,24,1,1,allocated
56,7208,greenran_normal,0,0,65535_65535,0,2,131432,133,1,1,0,18,0,28,1,1,pre_allocation
56,7208,greenran_normal,0,0,65535_65535,0,2,131432,141,1,1,1,19,141,28,1,1,allocated
56,7208,greenran_normal,0,0,65535_65535,0,5,131414,133,1,1,0,18,0,28,1,1,pre_allocation
56,7208,greenran_normal,0,0,65535_65535,0,5,131414,141,1,1,1,19,141,28,1,1,allocated
56,7208,greenran_normal,0,0,65535_65535,0,1,131418,133,1,1,0,18,0,28,1,1,pre_allocation
56,7208,greenran_normal,0,0,65535_65535,0,1,131418,141,1,1,1,19,141,28,1,1,allocated
56,7208,greenran_normal,0,0,65535_65535,0,3,131413,133,1,1,0,18,0,28,1,1,pre_allocation
56,7208,greenran_normal,0,0,65535_65535,0,3,131413,141,1,1,1,19,141,28,1,1,allocated
56,7208,greenran_normal,0,0,65535_65535,0,4,133818,114,1,1,0,19,0,24,1,1,pre_allocation
56,7208,greenran_normal,0,0,65535_65535,0,4,133818,120,1,1,1,20,120,24,1,1,allocated
56,7208,greenran_normal,0,0,65535_65535,0,2,131432,141,1,1,0,19,0,28,1,1,pre_allocation
56,7208,greenran_normal,0,0,65535_65535,0,2,131432,148,1,1,1,20,148,28,1,1,allocated
56,7208,greenran_normal,0,0,65535_65535,0,5,131414,141,1,1,0,19,0,28,1,1,pre_allocation
56,7208,greenran_normal,0,0,65535_65535,0,5,131414,148,1,1,1,20,148,28,1,1,allocated
56,7208,greenran_normal,0,0,65535_65535,0,1,131418,141,1,1,0,19,0,28,1,1,pre_allocation
56,7208,greenran_normal,0,0,65535_65535,0,1,131418,148,1,1,1,20,148,28,1,1,allocated
56,7208,greenran_normal,0,0,65535_65535,0,3,131413,141,1,1,0,19,0,28,1,1,pre_allocation
56,7208,greenran_normal,0,0,65535_65535,0,3,131413,148,1,1,1,20,148,28,1,1,allocated
56,7208,greenran_normal,0,0,65535_65535,0,4,133818,120,1,1,0,20,0,24,1,1,pre_allocation
56,7208,greenran_normal,0,0,65535_65535,0,4,133818,126,1,1,1,21,126,24,1,1,allocated
56,7208,greenran_normal,0,0,65535_65535,0,2,131432,148,1,1,0,20,0,28,1,1,pre_allocation
56,7208,greenran_normal,0,0,65535_65535,0,2,131432,156,1,1,1,21,156,28,1,1,allocated
56,7208,greenran_normal,0,0,65535_65535,0,5,131414,148,1,1,0,20,0,28,1,1,pre_allocation
56,7208,greenran_normal,0,0,65535_65535,0,5,131414,156,1,1,1,21,156,28,1,1,allocated
56,7208,greenran_normal,0,0,65535_65535,0,1,131418,148,1,1,0,20,0,28,1,1,pre_allocation
56,7208,greenran_normal,0,0,65535_65535,0,1,131418,156,1,1,1,21,156,28,1,1,allocated
56,7208,greenran_normal,0,0,65535_65535,0,3,131413,148,1,1,0,20,0,28,1,1,pre_allocation
56,7208,greenran_normal,0,0,65535_65535,0,3,131413,156,1,1,1,21,156,28,1,1,allocated
56,7208,greenran_normal,0,0,65535_65535,0,4,133818,126,1,1,0,21,0,24,1,1,pre_allocation
56,7208,greenran_normal,0,0,65535_65535,0,4,133818,133,1,1,1,22,133,24,1,1,allocated
56,7208,greenran_normal,0,0,65535_65535,0,2,131432,156,1,1,0,21,0,28,1,1,pre_allocation
56,7208,greenran_normal,0,0,65535_65535,0,2,131432,163,1,1,1,22,163,28,1,1,allocated
56,7208,greenran_normal,0,0,65535_65535,0,5,131414,156,1,1,0,21,0,28,1,1,pre_allocation
56,7208,greenran_normal,0,0,65535_65535,0,5,131414,163,1,1,1,22,163,28,1,1,allocated
56,7208,greenran_normal,0,0,65535_65535,0,1,131418,156,1,1,0,21,0,28,1,1,pre_allocation
56,7208,greenran_normal,0,0,65535_65535,0,1,131418,163,1,1,1,22,163,28,1,1,allocated
56,7208,greenran_normal,0,0,65535_65535,0,3,131413,156,1,1,0,21,0,28,1,1,pre_allocation
56,7208,greenran_normal,0,0,65535_65535,0,3,131413,163,1,1,1,22,163,28,1,1,allocated
56,7208,greenran_normal,0,0,65535_65535,0,4,133818,133,1,1,0,22,0,24,1,1,pre_allocation
56,7208,greenran_normal,0,0,65535_65535,0,4,133818,139,1,1,1,23,139,24,1,1,allocated
56,7208,greenran_normal,0,0,65535_65535,0,2,131432,163,1,1,0,22,0,28,1,1,pre_allocation
56,7208,greenran_normal,0,0,65535_65535,0,2,131432,171,1,1,1,23,171,28,1,1,allocated
56,7208,greenran_normal,0,0,65535_65535,0,5,131414,163,1,1,0,22,0,28,1,1,pre_allocation
56,7208,greenran_normal,0,0,65535_65535,0,5,131414,171,1,1,1,23,171,28,1,1,allocated
56,7208,greenran_normal,0,0,65535_65535,0,1,131418,163,1,1,0,22,0,28,1,1,pre_allocation
56,7208,greenran_normal,0,0,65535_65535,0,1,131418,171,1,1,1,23,171,28,1,1,allocated
56,7208,greenran_normal,0,0,65535_65535,0,3,131413,163,1,1,0,22,0,28,1,1,pre_allocation
56,7208,greenran_normal,0,0,65535_65535,0,3,131413,171,1,1,1,23,171,28,1,1,allocated
56,7208,greenran_normal,0,0,65535_65535,0,4,133818,139,1,1,0,23,0,24,1,1,pre_allocation
56,7208,greenran_normal,0,0,65535_65535,0,4,133818,145,1,1,1,24,145,24,1,1,allocated
56,7208,greenran_normal,0,0,65535_65535,0,2,131432,171,1,1,0,23,0,28,1,1,pre_allocation
56,7208,greenran_normal,0,0,65535_65535,0,2,131432,179,1,1,1,24,179,28,1,1,allocated
56,7208,greenran_normal,0,0,65535_65535,0,5,131414,171,1,1,0,23,0,28,1,1,pre_allocation
56,7208,greenran_normal,0,0,65535_65535,0,5,131414,179,1,1,1,24,179,28,1,1,allocated
56,7208,greenran_normal,0,0,65535_65535,0,1,131418,171,1,1,0,23,0,28,1,1,pre_allocation
56,7208,greenran_normal,0,0,65535_65535,0,1,131418,179,1,1,1,24,179,28,1,1,allocated
56,7208,greenran_normal,0,0,65535_65535,0,3,131413,171,1,1,0,23,0,28,1,1,pre_allocation
56,7208,greenran_normal,0,0,65535_65535,0,3,131413,179,1,1,1,24,179,28,1,1,allocated
56,7208,greenran_normal,0,0,65535_65535,2,38,4285851,0,1,1,0,0,0,2,1,1,pre_allocation
56,7208,greenran_normal,0,0,65535_65535,2,38,4285851,0,1,1,1,1,0,2,1,1,allocated
56,7208,greenran_normal,0,0,65535_65535,2,60,4285578,0,1,1,0,0,0,14,1,1,pre_allocation
56,7208,greenran_normal,0,0,65535_65535,2,60,4285578,2,1,1,1,1,2,14,1,1,allocated
56,7208,greenran_normal,0,0,65535_65535,2,64,4285286,0,1,1,0,0,0,16,1,1,pre_allocation
56,7208,greenran_normal,0,0,65535_65535,2,64,4285286,0,1,1,1,1,0,16,1,1,allocated
56,7208,greenran_normal,0,0,65535_65535,2,43,4284736,0,1,1,0,0,0,16,1,1,pre_allocation
56,7208,greenran_normal,0,0,65535_65535,2,43,4284736,0,1,1,1,1,0,16,1,1,allocated
56,7208,greenran_normal,0,0,65535_65535,2,42,4284169,0,1,1,0,0,0,24,1,1,pre_allocation
56,7208,greenran_normal,0,0,65535_65535,2,42,4284169,3,1,1,1,1,3,24,1,1,allocated
56,7208,greenran_normal,0,0,65535_65535,2,36,4283746,0,1,1,0,0,0,26,1,1,pre_allocation
56,7208,greenran_normal,0,0,65535_65535,2,36,4283746,4,1,1,1,1,4,26,1,1,allocated
56,7208,greenran_normal,0,0,65535_65535,2,39,4283683,0,1,1,0,0,0,28,1,1,pre_allocation
56,7208,greenran_normal,0,0,65535_65535,2,39,4283683,4,1,1,1,1,4,28,1,1,allocated
56,7208,greenran_normal,0,0,65535_65535,2,59,4283715,0,1,1,0,0,0,26,1,1,pre_allocation
56,7208,greenran_normal,0,0,65535_65535,2,59,4283715,4,1,1,1,1,4,26,1,1,allocated
56,7208,greenran_normal,0,0,65535_65535,2,58,4283744,0,1,1,0,0,0,26,1,1,pre_allocation
56,7208,greenran_normal,0,0,65535_65535,2,58,4283744,4,1,1,1,1,4,26,1,1,allocated
56,7208,greenran_normal,0,0,65535_65535,2,37,4283673,0,1,1,0,0,0,28,1,1,pre_allocation
56,7208,greenran_normal,0,0,65535_65535,2,37,4283673,4,1,1,1,1,4,28,1,1,allocated
56,7208,greenran_normal,0,0,65535_65535,2,35,4283670,0,1,1,0,0,0,28,1,1,pre_allocation
56,7208,greenran_normal,0,0,65535_65535,2,35,4283670,4,1,1,1,1,4,28,1,1,allocated
56,7208,greenran_normal,0,0,65535_65535,2,44,4283670,0,1,1,0,0,0,28,1,1,pre_allocation
56,7208,greenran_normal,0,0,65535_65535,2,44,4283670,4,1,1,1,1,4,28,1,1,allocated
56,7208,greenran_normal,0,0,65535_65535,2,55,4283670,0,1,1,0,0,0,28,1,1,pre_allocation
56,7208,greenran_normal,0,0,65535_65535,2,55,4283670,4,1,1,1,1,4,28,1,1,allocated
56,7208,greenran_normal,0,0,65535_65535,2,56,4283670,0,1,1,0,0,0,28,1,1,pre_allocation
56,7208,greenran_normal,0,0,65535_65535,2,56,4283670,4,1,1,1,1,4,28,1,1,allocated
56,7208,greenran_normal,0,0,65535_65535,2,57,4283670,0,1,1,0,0,0,28,1,1,pre_allocation
56,7208,greenran_normal,0,0,65535_65535,2,57,4283670,4,1,1,1,1,4,28,1,1,allocated
56,7208,greenran_normal,0,0,65535_65535,2,40,4283672,0,1,1,0,0,0,28,1,1,pre_allocation
56,7208,greenran_normal,0,0,65535_65535,2,40,4283672,4,1,1,1,1,4,28,1,1,allocated
56,7208,greenran_normal,0,0,65535_65535,2,41,4283672,0,1,1,0,0,0,28,1,1,pre_allocation
56,7208,greenran_normal,0,0,65535_65535,2,41,4283672,4,1,1,1,1,4,28,1,1,allocated
56,7208,greenran_normal,0,0,65535_65535,2,61,4283669,0,1,1,0,0,0,28,1,1,pre_allocation
56,7208,greenran_normal,0,0,65535_65535,2,61,4283669,4,1,1,1,1,4,28,1,1,allocated
56,7208,greenran_normal,0,0,65535_65535,2,62,4283668,0,1,1,0,0,0,28,1,1,pre_allocation
56,7208,greenran_normal,0,0,65535_65535,2,62,4283668,4,1,1,1,1,4,28,1,1,allocated
56,7208,greenran_normal,0,0,65535_65535,2,63,4283667,0,1,1,0,0,0,28,1,1,pre_allocation
56,7208,greenran_normal,0,0,65535_65535,2,63,4283667,4,1,1,1,1,4,28,1,1,allocated
56,7208,greenran_normal,0,0,65535_65535,2,38,4285851,0,1,1,0,1,0,2,1,1,pre_allocation
56,7208,greenran_normal,0,0,65535_65535,2,38,4285851,0,1,1,1,2,0,2,1,1,allocated
56,7208,greenran_normal,0,0,65535_65535,2,60,4285578,2,1,1,0,1,0,14,1,1,pre_allocation
56,7208,greenran_normal,0,0,65535_65535,2,60,4285578,2,1,1,1,2,2,14,1,1,allocated
56,7208,greenran_normal,0,0,65535_65535,2,64,4285286,0,1,1,0,1,0,16,1,1,pre_allocation
56,7208,greenran_normal,0,0,65535_65535,2,64,4285286,3,1,1,1,2,3,16,1,1,allocated
56,7208,greenran_normal,0,0,65535_65535,2,43,4284736,0,1,1,0,1,0,16,1,1,pre_allocation
56,7208,greenran_normal,0,0,65535_65535,2,43,4284736,3,1,1,1,2,3,16,1,1,allocated
56,7208,greenran_normal,0,0,65535_65535,2,42,4284169,3,1,1,0,1,0,24,1,1,pre_allocation
56,7208,greenran_normal,0,0,65535_65535,2,42,4284169,9,1,1,1,2,9,24,1,1,allocated
56,7208,greenran_normal,0,0,65535_65535,2,36,4283746,4,1,1,0,1,0,26,1,1,pre_allocation
56,7208,greenran_normal,0,0,65535_65535,2,36,4283746,11,1,1,1,2,11,26,1,1,allocated
56,7208,greenran_normal,0,0,65535_65535,2,39,4283683,4,1,1,0,1,0,28,1,1,pre_allocation
56,7208,greenran_normal,0,0,65535_65535,2,39,4283683,12,1,1,1,2,12,28,1,1,allocated
56,7208,greenran_normal,0,0,65535_65535,2,59,4283715,4,1,1,0,1,0,26,1,1,pre_allocation
56,7208,greenran_normal,0,0,65535_65535,2,59,4283715,11,1,1,1,2,11,26,1,1,allocated
56,7208,greenran_normal,0,0,65535_65535,2,58,4283744,4,1,1,0,1,0,26,1,1,pre_allocation
56,7208,greenran_normal,0,0,65535_65535,2,58,4283744,11,1,1,1,2,11,26,1,1,allocated
56,7208,greenran_normal,0,0,65535_65535,2,37,4283673,4,1,1,0,1,0,28,1,1,pre_allocation
56,7208,greenran_normal,0,0,65535_65535,2,37,4283673,12,1,1,1,2,12,28,1,1,allocated
56,7208,greenran_normal,0,0,65535_65535,2,35,4283670,4,1,1,0,1,0,28,1,1,pre_allocation
56,7208,greenran_normal,0,0,65535_65535,2,35,4283670,12,1,1,1,2,12,28,1,1,allocated
56,7208,greenran_normal,0,0,65535_65535,2,44,4283670,4,1,1,0,1,0,28,1,1,pre_allocation
56,7208,greenran_normal,0,0,65535_65535,2,44,4283670,12,1,1,1,2,12,28,1,1,allocated
56,7208,greenran_normal,0,0,65535_65535,2,55,4283670,4,1,1,0,1,0,28,1,1,pre_allocation
56,7208,greenran_normal,0,0,65535_65535,2,55,4283670,12,1,1,1,2,12,28,1,1,allocated
56,7208,greenran_normal,0,0,65535_65535,2,56,4283670,4,1,1,0,1,0,28,1,1,pre_allocation
56,7208,greenran_normal,0,0,65535_65535,2,56,4283670,12,1,1,1,2,12,28,1,1,allocated
56,7208,greenran_normal,0,0,65535_65535,2,57,4283670,4,1,1,0,1,0,28,1,1,pre_allocation
56,7208,greenran_normal,0,0,65535_65535,2,57,4283670,12,1,1,1,2,12,28,1,1,allocated
56,7208,greenran_normal,0,0,65535_65535,2,40,4283672,4,1,1,0,1,0,28,1,1,pre_allocation
56,7208,greenran_normal,0,0,65535_65535,2,40,4283672,12,1,1,1,2,12,28,1,1,allocated
56,7208,greenran_normal,0,0,65535_65535,2,41,4283672,4,1,1,0,1,0,28,1,1,pre_allocation
56,7208,greenran_normal,0,0,65535_65535,2,41,4283672,12,1,1,1,2,12,28,1,1,allocated
56,7208,greenran_normal,0,0,65535_65535,2,61,4283669,4,1,1,0,1,0,28,1,1,pre_allocation
56,7208,greenran_normal,0,0,65535_65535,2,61,4283669,12,1,1,1,2,12,28,1,1,allocated
56,7208,greenran_normal,0,0,65535_65535,2,62,4283668,4,1,1,0,1,0,28,1,1,pre_allocation
56,7208,greenran_normal,0,0,65535_65535,2,62,4283668,12,1,1,1,2,12,28,1,1,allocated
56,7208,greenran_normal,0,0,65535_65535,2,63,4283667,4,1,1,0,1,0,28,1,1,pre_allocation
56,7208,greenran_normal,0,0,65535_65535,2,63,4283667,12,1,1,1,2,12,28,1,1,allocated
56,7208,greenran_normal,0,0,65535_65535,2,38,4285851,0,1,1,0,2,0,2,1,1,pre_allocation
56,7208,greenran_normal,0,0,65535_65535,2,38,4285851,0,1,1,1,3,0,2,1,1,allocated
56,7208,greenran_normal,0,0,65535_65535,2,60,4285578,2,1,1,0,2,0,14,1,1,pre_allocation
56,7208,greenran_normal,0,0,65535_65535,2,60,4285578,4,1,1,1,3,4,14,1,1,allocated
56,7208,greenran_normal,0,0,65535_65535,2,64,4285286,3,1,1,0,2,0,16,1,1,pre_allocation
56,7208,greenran_normal,0,0,65535_65535,2,64,4285286,6,1,1,1,3,6,16,1,1,allocated
56,7208,greenran_normal,0,0,65535_65535,2,43,4284736,3,1,1,0,2,0,16,1,1,pre_allocation
56,7208,greenran_normal,0,0,65535_65535,2,43,4284736,6,1,1,1,3,6,16,1,1,allocated
56,7208,greenran_normal,0,0,65535_65535,2,42,4284169,9,1,1,0,2,0,24,1,1,pre_allocation
56,7208,greenran_normal,0,0,65535_65535,2,42,4284169,15,1,1,1,3,15,24,1,1,allocated
56,7208,greenran_normal,0,0,65535_65535,2,36,4283746,11,1,1,0,2,0,26,1,1,pre_allocation
56,7208,greenran_normal,0,0,65535_65535,2,36,4283746,18,1,1,1,3,18,26,1,1,allocated
56,7208,greenran_normal,0,0,65535_65535,2,39,4283683,12,1,1,0,2,0,28,1,1,pre_allocation
56,7208,greenran_normal,0,0,65535_65535,2,39,4283683,19,1,1,1,3,19,28,1,1,allocated
56,7208,greenran_normal,0,0,65535_65535,2,59,4283715,11,1,1,0,2,0,26,1,1,pre_allocation
56,7208,greenran_normal,0,0,65535_65535,2,59,4283715,18,1,1,1,3,18,26,1,1,allocated
56,7208,greenran_normal,0,0,65535_65535,2,58,4283744,11,1,1,0,2,0,26,1,1,pre_allocation
56,7208,greenran_normal,0,0,65535_65535,2,58,4283744,18,1,1,1,3,18,26,1,1,allocated
56,7208,greenran_normal,0,0,65535_65535,2,37,4283673,12,1,1,0,2,0,28,1,1,pre_allocation
56,7208,greenran_normal,0,0,65535_65535,2,37,4283673,19,1,1,1,3,19,28,1,1,allocated
56,7208,greenran_normal,0,0,65535_65535,2,35,4283670,12,1,1,0,2,0,28,1,1,pre_allocation
56,7208,greenran_normal,0,0,65535_65535,2,35,4283670,19,1,1,1,3,19,28,1,1,allocated
56,7208,greenran_normal,0,0,65535_65535,2,44,4283670,12,1,1,0,2,0,28,1,1,pre_allocation
56,7208,greenran_normal,0,0,65535_65535,2,44,4283670,19,1,1,1,3,19,28,1,1,allocated
56,7208,greenran_normal,0,0,65535_65535,2,55,4283670,12,1,1,0,2,0,28,1,1,pre_allocation
56,7208,greenran_normal,0,0,65535_65535,2,55,4283670,19,1,1,1,3,19,28,1,1,allocated
56,7208,greenran_normal,0,0,65535_65535,2,56,4283670,12,1,1,0,2,0,28,1,1,pre_allocation
56,7208,greenran_normal,0,0,65535_65535,2,56,4283670,19,1,1,1,3,19,28,1,1,allocated
56,7208,greenran_normal,0,0,65535_65535,2,57,4283670,12,1,1,0,2,0,28,1,1,pre_allocation
56,7208,greenran_normal,0,0,65535_65535,2,57,4283670,19,1,1,1,3,19,28,1,1,allocated
56,7208,greenran_normal,0,0,65535_65535,2,40,4283672,12,1,1,0,2,0,28,1,1,pre_allocation
56,7208,greenran_normal,0,0,65535_65535,2,40,4283672,19,1,1,1,3,19,28,1,1,allocated
56,7208,greenran_normal,0,0,65535_65535,2,41,4283672,12,1,1,0,2,0,28,1,1,pre_allocation
56,7208,greenran_normal,0,0,65535_65535,2,41,4283672,19,1,1,1,3,19,28,1,1,allocated
56,7208,greenran_normal,0,0,65535_65535,2,61,4283669,12,1,1,0,2,0,28,1,1,pre_allocation
56,7208,greenran_normal,0,0,65535_65535,2,61,4283669,19,1,1,1,3,19,28,1,1,allocated
56,7208,greenran_normal,0,0,65535_65535,2,62,4283668,12,1,1,0,2,0,28,1,1,pre_allocation
56,7208,greenran_normal,0,0,65535_65535,2,62,4283668,19,1,1,1,3,19,28,1,1,allocated
56,7208,greenran_normal,0,0,65535_65535,2,63,4283667,12,1,1,0,2,0,28,1,1,pre_allocation
56,7208,greenran_normal,0,0,65535_65535,2,63,4283667,19,1,1,1,3,19,28,1,1,allocated
56,7208,greenran_normal,0,0,65535_65535,2,38,4285851,0,1,1,0,3,0,2,1,1,pre_allocation
56,7208,greenran_normal,0,0,65535_65535,2,38,4285851,1,1,1,1,4,1,2,1,1,allocated
56,7208,greenran_normal,0,0,65535_65535,2,60,4285578,4,1,1,0,3,0,14,1,1,pre_allocation
56,7208,greenran_normal,0,0,65535_65535,2,60,4285578,7,1,1,1,4,7,14,1,1,allocated
56,7208,greenran_normal,0,0,65535_65535,2,64,4285286,6,1,1,0,3,0,16,1,1,pre_allocation
56,7208,greenran_normal,0,0,65535_65535,2,64,4285286,10,1,1,1,4,10,16,1,1,allocated
56,7208,greenran_normal,0,0,65535_65535,2,43,4284736,6,1,1,0,3,0,16,1,1,pre_allocation
56,7208,greenran_normal,0,0,65535_65535,2,43,4284736,10,1,1,1,4,10,16,1,1,allocated
56,7208,greenran_normal,0,0,65535_65535,2,42,4284169,15,1,1,0,3,0,24,1,1,pre_allocation
56,7208,greenran_normal,0,0,65535_65535,2,42,4284169,21,1,1,1,4,21,24,1,1,allocated
56,7208,greenran_normal,0,0,65535_65535,2,36,4283746,18,1,1,0,3,0,26,1,1,pre_allocation
56,7208,greenran_normal,0,0,65535_65535,2,36,4283746,25,1,1,1,4,25,26,1,1,allocated
56,7208,greenran_normal,0,0,65535_65535,2,39,4283683,19,1,1,0,3,0,28,1,1,pre_allocation
56,7208,greenran_normal,0,0,65535_65535,2,39,4283683,27,1,1,1,4,27,28,1,1,allocated
56,7208,greenran_normal,0,0,65535_65535,2,59,4283715,18,1,1,0,3,0,26,1,1,pre_allocation
56,7208,greenran_normal,0,0,65535_65535,2,59,4283715,25,1,1,1,4,25,26,1,1,allocated
56,7208,greenran_normal,0,0,65535_65535,2,58,4283744,18,1,1,0,3,0,26,1,1,pre_allocation
56,7208,greenran_normal,0,0,65535_65535,2,58,4283744,25,1,1,1,4,25,26,1,1,allocated
56,7208,greenran_normal,0,0,65535_65535,2,37,4283673,19,1,1,0,3,0,28,1,1,pre_allocation
56,7208,greenran_normal,0,0,65535_65535,2,37,4283673,27,1,1,1,4,27,28,1,1,allocated
56,7208,greenran_normal,0,0,65535_65535,2,35,4283670,19,1,1,0,3,0,28,1,1,pre_allocation
56,7208,greenran_normal,0,0,65535_65535,2,35,4283670,27,1,1,1,4,27,28,1,1,allocated
56,7208,greenran_normal,0,0,65535_65535,2,44,4283670,19,1,1,0,3,0,28,1,1,pre_allocation
56,7208,greenran_normal,0,0,65535_65535,2,44,4283670,27,1,1,1,4,27,28,1,1,allocated
56,7208,greenran_normal,0,0,65535_65535,2,55,4283670,19,1,1,0,3,0,28,1,1,pre_allocation
56,7208,greenran_normal,0,0,65535_65535,2,55,4283670,27,1,1,1,4,27,28,1,1,allocated
56,7208,greenran_normal,0,0,65535_65535,2,56,4283670,19,1,1,0,3,0,28,1,1,pre_allocation
56,7208,greenran_normal,0,0,65535_65535,2,56,4283670,27,1,1,1,4,27,28,1,1,allocated
56,7208,greenran_normal,0,0,65535_65535,2,57,4283670,19,1,1,0,3,0,28,1,1,pre_allocation
56,7208,greenran_normal,0,0,65535_65535,2,57,4283670,27,1,1,1,4,27,28,1,1,allocated
56,7208,greenran_normal,0,0,65535_65535,2,40,4283672,19,1,1,0,3,0,28,1,1,pre_allocation
56,7208,greenran_normal,0,0,65535_65535,2,40,4283672,27,1,1,1,4,27,28,1,1,allocated
56,7208,greenran_normal,0,0,65535_65535,2,41,4283672,19,1,1,0,3,0,28,1,1,pre_allocation
56,7208,greenran_normal,0,0,65535_65535,2,41,4283672,27,1,1,1,4,27,28,1,1,allocated
56,7208,greenran_normal,0,0,65535_65535,2,61,4283669,19,1,1,0,3,0,28,1,1,pre_allocation
56,7208,greenran_normal,0,0,65535_65535,2,61,4283669,27,1,1,1,4,27,28,1,1,allocated
56,7208,greenran_normal,0,0,65535_65535,2,62,4283668,19,1,1,0,3,0,28,1,1,pre_allocation
56,7208,greenran_normal,0,0,65535_65535,2,62,4283668,27,1,1,1,4,27,28,1,1,allocated
56,7208,greenran_normal,0,0,65535_65535,2,63,4283667,19,1,1,0,3,0,28,1,1,pre_allocation
56,7208,greenran_normal,0,0,65535_65535,2,63,4283667,27,1,1,1,4,27,28,1,1,allocated
56,7208,greenran_normal,0,0,65535_65535,2,38,4285851,1,1,1,0,4,0,2,1,1,pre_allocation
56,7208,greenran_normal,0,0,65535_65535,2,38,4285851,1,1,1,1,5,1,2,1,1,allocated
56,7208,greenran_normal,0,0,65535_65535,2,60,4285578,7,1,1,0,4,0,14,1,1,pre_allocation
56,7208,greenran_normal,0,0,65535_65535,2,60,4285578,10,1,1,1,5,10,14,1,1,allocated
56,7208,greenran_normal,0,0,65535_65535,2,64,4285286,10,1,1,0,4,0,16,1,1,pre_allocation
56,7208,greenran_normal,0,0,65535_65535,2,64,4285286,13,1,1,1,5,13,16,1,1,allocated
56,7208,greenran_normal,0,0,65535_65535,2,43,4284736,10,1,1,0,4,0,16,1,1,pre_allocation
56,7208,greenran_normal,0,0,65535_65535,2,43,4284736,13,1,1,1,5,13,16,1,1,allocated
56,7208,greenran_normal,0,0,65535_65535,2,42,4284169,21,1,1,0,4,0,24,1,1,pre_allocation
56,7208,greenran_normal,0,0,65535_65535,2,42,4284169,27,1,1,1,5,27,24,1,1,allocated
56,7208,greenran_normal,0,0,65535_65535,2,36,4283746,25,1,1,0,4,0,26,1,1,pre_allocation
56,7208,greenran_normal,0,0,65535_65535,2,36,4283746,32,1,1,1,5,32,26,1,1,allocated
56,7208,greenran_normal,0,0,65535_65535,2,39,4283683,27,1,1,0,4,0,28,1,1,pre_allocation
56,7208,greenran_normal,0,0,65535_65535,2,39,4283683,34,1,1,1,5,34,28,1,1,allocated
56,7208,greenran_normal,0,0,65535_65535,2,59,4283715,25,1,1,0,4,0,26,1,1,pre_allocation
56,7208,greenran_normal,0,0,65535_65535,2,59,4283715,32,1,1,1,5,32,26,1,1,allocated
56,7208,greenran_normal,0,0,65535_65535,2,58,4283744,25,1,1,0,4,0,26,1,1,pre_allocation
56,7208,greenran_normal,0,0,65535_65535,2,58,4283744,32,1,1,1,5,32,26,1,1,allocated
56,7208,greenran_normal,0,0,65535_65535,2,37,4283673,27,1,1,0,4,0,28,1,1,pre_allocation
56,7208,greenran_normal,0,0,65535_65535,2,37,4283673,34,1,1,1,5,34,28,1,1,allocated
56,7208,greenran_normal,0,0,65535_65535,2,35,4283670,27,1,1,0,4,0,28,1,1,pre_allocation
56,7208,greenran_normal,0,0,65535_65535,2,35,4283670,34,1,1,1,5,34,28,1,1,allocated
56,7208,greenran_normal,0,0,65535_65535,2,44,4283670,27,1,1,0,4,0,28,1,1,pre_allocation
56,7208,greenran_normal,0,0,65535_65535,2,44,4283670,34,1,1,1,5,34,28,1,1,allocated
56,7208,greenran_normal,0,0,65535_65535,2,55,4283670,27,1,1,0,4,0,28,1,1,pre_allocation
56,7208,greenran_normal,0,0,65535_65535,2,55,4283670,34,1,1,1,5,34,28,1,1,allocated
56,7208,greenran_normal,0,0,65535_65535,2,56,4283670,27,1,1,0,4,0,28,1,1,pre_allocation
56,7208,greenran_normal,0,0,65535_65535,2,56,4283670,34,1,1,1,5,34,28,1,1,allocated
56,7208,greenran_normal,0,0,65535_65535,2,57,4283670,27,1,1,0,4,0,28,1,1,pre_allocation
56,7208,greenran_normal,0,0,65535_65535,2,57,4283670,34,1,1,1,5,34,28,1,1,allocated
56,7208,greenran_normal,0,0,65535_65535,2,40,4283672,27,1,1,0,4,0,28,1,1,pre_allocation
56,7208,greenran_normal,0,0,65535_65535,2,40,4283672,34,1,1,1,5,34,28,1,1,allocated
56,7208,greenran_normal,0,0,65535_65535,2,41,4283672,27,1,1,0,4,0,28,1,1,pre_allocation
56,7208,greenran_normal,0,0,65535_65535,2,41,4283672,34,1,1,1,5,34,28,1,1,allocated
56,7208,greenran_normal,0,0,65535_65535,2,61,4283669,27,1,1,0,4,0,28,1,1,pre_allocation
56,7208,greenran_normal,0,0,65535_65535,2,61,4283669,34,1,1,1,5,34,28,1,1,allocated
56,7208,greenran_normal,0,0,65535_65535,2,62,4283668,27,1,1,0,4,0,28,1,1,pre_allocation
56,7208,greenran_normal,0,0,65535_65535,2,62,4283668,34,1,1,1,5,34,28,1,1,allocated
56,7208,greenran_normal,0,0,65535_65535,2,63,4283667,27,1,1,0,4,0,28,1,1,pre_allocation
56,7208,greenran_normal,0,0,65535_65535,2,63,4283667,34,1,1,1,5,34,28,1,1,allocated
56,7208,greenran_normal,0,0,65535_65535,2,38,4285851,1,1,1,0,5,0,2,1,1,pre_allocation
56,7208,greenran_normal,0,0,65535_65535,2,38,4285851,1,1,1,1,6,1,2,1,1,allocated
56,7208,greenran_normal,0,0,65535_65535,2,60,4285578,10,1,1,0,5,0,14,1,1,pre_allocation
56,7208,greenran_normal,0,0,65535_65535,2,60,4285578,12,1,1,1,6,12,14,1,1,allocated
56,7208,greenran_normal,0,0,65535_65535,2,64,4285286,13,1,1,0,5,0,16,1,1,pre_allocation
56,7208,greenran_normal,0,0,65535_65535,2,64,4285286,16,1,1,1,6,16,16,1,1,allocated
56,7208,greenran_normal,0,0,65535_65535,2,43,4284736,13,1,1,0,5,0,16,1,1,pre_allocation
56,7208,greenran_normal,0,0,65535_65535,2,43,4284736,16,1,1,1,6,16,16,1,1,allocated
56,7208,greenran_normal,0,0,65535_65535,2,42,4284169,27,1,1,0,5,0,24,1,1,pre_allocation
56,7208,greenran_normal,0,0,65535_65535,2,42,4284169,34,1,1,1,6,34,24,1,1,allocated
56,7208,greenran_normal,0,0,65535_65535,2,36,4283746,32,1,1,0,5,0,26,1,1,pre_allocation
56,7208,greenran_normal,0,0,65535_65535,2,36,4283746,39,1,1,1,6,39,26,1,1,allocated
56,7208,greenran_normal,0,0,65535_65535,2,39,4283683,34,1,1,0,5,0,28,1,1,pre_allocation
56,7208,greenran_normal,0,0,65535_65535,2,39,4283683,42,1,1,1,6,42,28,1,1,allocated
56,7208,greenran_normal,0,0,65535_65535,2,59,4283715,32,1,1,0,5,0,26,1,1,pre_allocation
56,7208,greenran_normal,0,0,65535_65535,2,59,4283715,39,1,1,1,6,39,26,1,1,allocated
56,7208,greenran_normal,0,0,65535_65535,2,58,4283744,32,1,1,0,5,0,26,1,1,pre_allocation
56,7208,greenran_normal,0,0,65535_65535,2,58,4283744,39,1,1,1,6,39,26,1,1,allocated
56,7208,greenran_normal,0,0,65535_65535,2,37,4283673,34,1,1,0,5,0,28,1,1,pre_allocation
56,7208,greenran_normal,0,0,65535_65535,2,37,4283673,42,1,1,1,6,42,28,1,1,allocated
56,7208,greenran_normal,0,0,65535_65535,2,35,4283670,34,1,1,0,5,0,28,1,1,pre_allocation
56,7208,greenran_normal,0,0,65535_65535,2,35,4283670,42,1,1,1,6,42,28,1,1,allocated
56,7208,greenran_normal,0,0,65535_65535,2,44,4283670,34,1,1,0,5,0,28,1,1,pre_allocation
56,7208,greenran_normal,0,0,65535_65535,2,44,4283670,42,1,1,1,6,42,28,1,1,allocated
56,7208,greenran_normal,0,0,65535_65535,2,55,4283670,34,1,1,0,5,0,28,1,1,pre_allocation
56,7208,greenran_normal,0,0,65535_65535,2,55,4283670,42,1,1,1,6,42,28,1,1,allocated
56,7208,greenran_normal,0,0,65535_65535,2,56,4283670,34,1,1,0,5,0,28,1,1,pre_allocation
56,7208,greenran_normal,0,0,65535_65535,2,56,4283670,42,1,1,1,6,42,28,1,1,allocated
56,7208,greenran_normal,0,0,65535_65535,2,57,4283670,34,1,1,0,5,0,28,1,1,pre_allocation
56,7208,greenran_normal,0,0,65535_65535,2,57,4283670,42,1,1,1,6,42,28,1,1,allocated
56,7208,greenran_normal,0,0,65535_65535,2,40,4283672,34,1,1,0,5,0,28,1,1,pre_allocation
56,7208,greenran_normal,0,0,65535_65535,2,40,4283672,42,1,1,1,6,42,28,1,1,allocated
56,7208,greenran_normal,0,0,65535_65535,2,41,4283672,34,1,1,0,5,0,28,1,1,pre_allocation
56,7208,greenran_normal,0,0,65535_65535,2,41,4283672,42,1,1,1,6,42,28,1,1,allocated
56,7208,greenran_normal,0,0,65535_65535,2,61,4283669,34,1,1,0,5,0,28,1,1,pre_allocation
56,7208,greenran_normal,0,0,65535_65535,2,61,4283669,42,1,1,1,6,42,28,1,1,allocated
56,7208,greenran_normal,0,0,65535_65535,2,62,4283668,34,1,1,0,5,0,28,1,1,pre_allocation
56,7208,greenran_normal,0,0,65535_65535,2,62,4283668,42,1,1,1,6,42,28,1,1,allocated
56,7208,greenran_normal,0,0,65535_65535,2,63,4283667,34,1,1,0,5,0,28,1,1,pre_allocation
56,7208,greenran_normal,0,0,65535_65535,2,63,4283667,42,1,1,1,6,42,28,1,1,allocated
56,7208,greenran_normal,0,0,65535_65535,2,38,4285851,1,1,1,0,6,0,2,1,1,pre_allocation
56,7208,greenran_normal,0,0,65535_65535,2,38,4285851,2,1,1,1,7,2,2,1,1,allocated
56,7208,greenran_normal,0,0,65535_65535,2,60,4285578,12,1,1,0,6,0,14,1,1,pre_allocation
56,7208,greenran_normal,0,0,65535_65535,2,60,4285578,15,1,1,1,7,15,14,1,1,allocated
56,7208,greenran_normal,0,0,65535_65535,2,64,4285286,16,1,1,0,6,0,16,1,1,pre_allocation
56,7208,greenran_normal,0,0,65535_65535,2,64,4285286,20,1,1,1,7,20,16,1,1,allocated
56,7208,greenran_normal,0,0,65535_65535,2,43,4284736,16,1,1,0,6,0,16,1,1,pre_allocation
56,7208,greenran_normal,0,0,65535_65535,2,43,4284736,20,1,1,1,7,20,16,1,1,allocated
56,7208,greenran_normal,0,0,65535_65535,2,42,4284169,34,1,1,0,6,0,24,1,1,pre_allocation
56,7208,greenran_normal,0,0,65535_65535,2,42,4284169,40,1,1,1,7,40,24,1,1,allocated
56,7208,greenran_normal,0,0,65535_65535,2,36,4283746,39,1,1,0,6,0,26,1,1,pre_allocation
56,7208,greenran_normal,0,0,65535_65535,2,36,4283746,46,1,1,1,7,46,26,1,1,allocated
56,7208,greenran_normal,0,0,65535_65535,2,39,4283683,42,1,1,0,6,0,28,1,1,pre_allocation
56,7208,greenran_normal,0,0,65535_65535,2,39,4283683,50,1,1,1,7,50,28,1,1,allocated
56,7208,greenran_normal,0,0,65535_65535,2,59,4283715,39,1,1,0,6,0,26,1,1,pre_allocation
56,7208,greenran_normal,0,0,65535_65535,2,59,4283715,46,1,1,1,7,46,26,1,1,allocated
56,7208,greenran_normal,0,0,65535_65535,2,58,4283744,39,1,1,0,6,0,26,1,1,pre_allocation
56,7208,greenran_normal,0,0,65535_65535,2,58,4283744,46,1,1,1,7,46,26,1,1,allocated
56,7208,greenran_normal,0,0,65535_65535,2,37,4283673,42,1,1,0,6,0,28,1,1,pre_allocation
56,7208,greenran_normal,0,0,65535_65535,2,37,4283673,50,1,1,1,7,50,28,1,1,allocated
56,7208,greenran_normal,0,0,65535_65535,2,35,4283670,42,1,1,0,6,0,28,1,1,pre_allocation
56,7208,greenran_normal,0,0,65535_65535,2,35,4283670,50,1,1,1,7,50,28,1,1,allocated
56,7208,greenran_normal,0,0,65535_65535,2,44,4283670,42,1,1,0,6,0,28,1,1,pre_allocation
56,7208,greenran_normal,0,0,65535_65535,2,44,4283670,50,1,1,1,7,50,28,1,1,allocated
56,7208,greenran_normal,0,0,65535_65535,2,55,4283670,42,1,1,0,6,0,28,1,1,pre_allocation
56,7208,greenran_normal,0,0,65535_65535,2,55,4283670,50,1,1,1,7,50,28,1,1,allocated
56,7208,greenran_normal,0,0,65535_65535,2,56,4283670,42,1,1,0,6,0,28,1,1,pre_allocation
56,7208,greenran_normal,0,0,65535_65535,2,56,4283670,50,1,1,1,7,50,28,1,1,allocated
56,7208,greenran_normal,0,0,65535_65535,2,57,4283670,42,1,1,0,6,0,28,1,1,pre_allocation
56,7208,greenran_normal,0,0,65535_65535,2,57,4283670,50,1,1,1,7,50,28,1,1,allocated
56,7208,greenran_normal,0,0,65535_65535,2,40,4283672,42,1,1,0,6,0,28,1,1,pre_allocation
56,7208,greenran_normal,0,0,65535_65535,2,40,4283672,50,1,1,1,7,50,28,1,1,allocated
56,7208,greenran_normal,0,0,65535_65535,2,41,4283672,42,1,1,0,6,0,28,1,1,pre_allocation
56,7208,greenran_normal,0,0,65535_65535,2,41,4283672,50,1,1,1,7,50,28,1,1,allocated
56,7208,greenran_normal,0,0,65535_65535,2,61,4283669,42,1,1,0,6,0,28,1,1,pre_allocation
56,7208,greenran_normal,0,0,65535_65535,2,61,4283669,50,1,1,1,7,50,28,1,1,allocated
56,7208,greenran_normal,0,0,65535_65535,2,62,4283668,42,1,1,0,6,0,28,1,1,pre_allocation
56,7208,greenran_normal,0,0,65535_65535,2,62,4283668,50,1,1,1,7,50,28,1,1,allocated
56,7208,greenran_normal,0,0,65535_65535,2,63,4283667,42,1,1,0,6,0,28,1,1,pre_allocation
56,7208,greenran_normal,0,0,65535_65535,2,63,4283667,50,1,1,1,7,50,28,1,1,allocated
56,7208,greenran_normal,0,0,65535_65535,2,38,4285851,2,1,1,0,7,0,2,1,1,pre_allocation
56,7208,greenran_normal,0,0,65535_65535,2,38,4285851,2,1,1,1,8,2,2,1,1,allocated
56,7208,greenran_normal,0,0,65535_65535,2,60,4285578,15,1,1,0,7,0,14,1,1,pre_allocation
56,7208,greenran_normal,0,0,65535_65535,2,60,4285578,18,1,1,1,8,18,14,1,1,allocated
56,7208,greenran_normal,0,0,65535_65535,2,64,4285286,20,1,1,0,7,0,16,1,1,pre_allocation
56,7208,greenran_normal,0,0,65535_65535,2,64,4285286,23,1,1,1,8,23,16,1,1,allocated
56,7208,greenran_normal,0,0,65535_65535,2,43,4284736,20,1,1,0,7,0,16,1,1,pre_allocation
56,7208,greenran_normal,0,0,65535_65535,2,43,4284736,23,1,1,1,8,23,16,1,1,allocated
56,7208,greenran_normal,0,0,65535_65535,2,42,4284169,40,1,1,0,7,0,24,1,1,pre_allocation
56,7208,greenran_normal,0,0,65535_65535,2,42,4284169,46,1,1,1,8,46,24,1,1,allocated
56,7208,greenran_normal,0,0,65535_65535,2,36,4283746,46,1,1,0,7,0,26,1,1,pre_allocation
56,7208,greenran_normal,0,0,65535_65535,2,36,4283746,53,1,1,1,8,53,26,1,1,allocated
58,7331,greenran_normal,0,0,65535_65535,0,4,136046,0,1,1,0,0,0,24,1,1,pre_allocation
58,7331,greenran_normal,0,0,65535_65535,0,4,136046,3,1,1,1,1,3,24,1,1,allocated
58,7331,greenran_normal,0,0,65535_65535,0,2,133592,0,1,1,0,0,0,28,1,1,pre_allocation
58,7331,greenran_normal,0,0,65535_65535,0,2,133592,4,1,1,1,1,4,28,1,1,allocated
58,7331,greenran_normal,0,0,65535_65535,0,5,133573,0,1,1,0,0,0,28,1,1,pre_allocation
58,7331,greenran_normal,0,0,65535_65535,0,5,133573,4,1,1,1,1,4,28,1,1,allocated
58,7331,greenran_normal,0,0,65535_65535,0,1,133577,0,1,1,0,0,0,28,1,1,pre_allocation
58,7331,greenran_normal,0,0,65535_65535,0,1,133577,4,1,1,1,1,4,28,1,1,allocated
58,7331,greenran_normal,0,0,65535_65535,0,3,133572,0,1,1,0,0,0,28,1,1,pre_allocation
58,7331,greenran_normal,0,0,65535_65535,0,3,133572,4,1,1,1,1,4,28,1,1,allocated
58,7331,greenran_normal,0,0,65535_65535,0,4,136046,3,1,1,0,1,0,24,1,1,pre_allocation
58,7331,greenran_normal,0,0,65535_65535,0,4,136046,9,1,1,1,2,9,24,1,1,allocated
58,7331,greenran_normal,0,0,65535_65535,0,2,133592,4,1,1,0,1,0,28,1,1,pre_allocation
58,7331,greenran_normal,0,0,65535_65535,0,2,133592,12,1,1,1,2,12,28,1,1,allocated
58,7331,greenran_normal,0,0,65535_65535,0,5,133573,4,1,1,0,1,0,28,1,1,pre_allocation
58,7331,greenran_normal,0,0,65535_65535,0,5,133573,12,1,1,1,2,12,28,1,1,allocated
58,7331,greenran_normal,0,0,65535_65535,0,1,133577,4,1,1,0,1,0,28,1,1,pre_allocation
58,7331,greenran_normal,0,0,65535_65535,0,1,133577,12,1,1,1,2,12,28,1,1,allocated
58,7331,greenran_normal,0,0,65535_65535,0,3,133572,4,1,1,0,1,0,28,1,1,pre_allocation
58,7331,greenran_normal,0,0,65535_65535,0,3,133572,12,1,1,1,2,12,28,1,1,allocated
58,7331,greenran_normal,0,0,65535_65535,0,4,136046,9,1,1,0,2,0,24,1,1,pre_allocation
58,7331,greenran_normal,0,0,65535_65535,0,4,136046,15,1,1,1,3,15,24,1,1,allocated
58,7331,greenran_normal,0,0,65535_65535,0,2,133592,12,1,1,0,2,0,28,1,1,pre_allocation
58,7331,greenran_normal,0,0,65535_65535,0,2,133592,19,1,1,1,3,19,28,1,1,allocated
58,7331,greenran_normal,0,0,65535_65535,0,5,133573,12,1,1,0,2,0,28,1,1,pre_allocation
58,7331,greenran_normal,0,0,65535_65535,0,5,133573,19,1,1,1,3,19,28,1,1,allocated
58,7331,greenran_normal,0,0,65535_65535,0,1,133577,12,1,1,0,2,0,28,1,1,pre_allocation
58,7331,greenran_normal,0,0,65535_65535,0,1,133577,19,1,1,1,3,19,28,1,1,allocated
58,7331,greenran_normal,0,0,65535_65535,0,3,133572,12,1,1,0,2,0,28,1,1,pre_allocation
58,7331,greenran_normal,0,0,65535_65535,0,3,133572,19,1,1,1,3,19,28,1,1,allocated
58,7331,greenran_normal,0,0,65535_65535,0,4,136046,15,1,1,0,3,0,24,1,1,pre_allocation
58,7331,greenran_normal,0,0,65535_65535,0,4,136046,21,1,1,1,4,21,24,1,1,allocated
58,7331,greenran_normal,0,0,65535_65535,0,2,133592,19,1,1,0,3,0,28,1,1,pre_allocation
58,7331,greenran_normal,0,0,65535_65535,0,2,133592,27,1,1,1,4,27,28,1,1,allocated
58,7331,greenran_normal,0,0,65535_65535,0,5,133573,19,1,1,0,3,0,28,1,1,pre_allocation
58,7331,greenran_normal,0,0,65535_65535,0,5,133573,27,1,1,1,4,27,28,1,1,allocated
58,7331,greenran_normal,0,0,65535_65535,0,1,133577,19,1,1,0,3,0,28,1,1,pre_allocation
58,7331,greenran_normal,0,0,65535_65535,0,1,133577,27,1,1,1,4,27,28,1,1,allocated
58,7331,greenran_normal,0,0,65535_65535,0,3,133572,19,1,1,0,3,0,28,1,1,pre_allocation
58,7331,greenran_normal,0,0,65535_65535,0,3,133572,27,1,1,1,4,27,28,1,1,allocated
58,7331,greenran_normal,0,0,65535_65535,0,4,136046,21,1,1,0,4,0,24,1,1,pre_allocation
58,7331,greenran_normal,0,0,65535_65535,0,4,136046,27,1,1,1,5,27,24,1,1,allocated
58,7331,greenran_normal,0,0,65535_65535,0,2,133592,27,1,1,0,4,0,28,1,1,pre_allocation
58,7331,greenran_normal,0,0,65535_65535,0,2,133592,34,1,1,1,5,34,28,1,1,allocated
58,7331,greenran_normal,0,0,65535_65535,0,5,133573,27,1,1,0,4,0,28,1,1,pre_allocation
58,7331,greenran_normal,0,0,65535_65535,0,5,133573,34,1,1,1,5,34,28,1,1,allocated
58,7331,greenran_normal,0,0,65535_65535,0,1,133577,27,1,1,0,4,0,28,1,1,pre_allocation
58,7331,greenran_normal,0,0,65535_65535,0,1,133577,34,1,1,1,5,34,28,1,1,allocated
58,7331,greenran_normal,0,0,65535_65535,0,3,133572,27,1,1,0,4,0,28,1,1,pre_allocation
58,7331,greenran_normal,0,0,65535_65535,0,3,133572,34,1,1,1,5,34,28,1,1,allocated
58,7331,greenran_normal,0,0,65535_65535,0,4,136046,27,1,1,0,5,0,24,1,1,pre_allocation
58,7331,greenran_normal,0,0,65535_65535,0,4,136046,34,1,1,1,6,34,24,1,1,allocated
58,7331,greenran_normal,0,0,65535_65535,0,2,133592,34,1,1,0,5,0,28,1,1,pre_allocation
58,7331,greenran_normal,0,0,65535_65535,0,2,133592,42,1,1,1,6,42,28,1,1,allocated
58,7331,greenran_normal,0,0,65535_65535,0,5,133573,34,1,1,0,5,0,28,1,1,pre_allocation
58,7331,greenran_normal,0,0,65535_65535,0,5,133573,42,1,1,1,6,42,28,1,1,allocated
58,7331,greenran_normal,0,0,65535_65535,0,1,133577,34,1,1,0,5,0,28,1,1,pre_allocation
58,7331,greenran_normal,0,0,65535_65535,0,1,133577,42,1,1,1,6,42,28,1,1,allocated
58,7331,greenran_normal,0,0,65535_65535,0,3,133572,34,1,1,0,5,0,28,1,1,pre_allocation
58,7331,greenran_normal,0,0,65535_65535,0,3,133572,42,1,1,1,6,42,28,1,1,allocated
58,7331,greenran_normal,0,0,65535_65535,0,4,136046,34,1,1,0,6,0,24,1,1,pre_allocation
58,7331,greenran_normal,0,0,65535_65535,0,4,136046,40,1,1,1,7,40,24,1,1,allocated
58,7331,greenran_normal,0,0,65535_65535,0,2,133592,42,1,1,0,6,0,28,1,1,pre_allocation
58,7331,greenran_normal,0,0,65535_65535,0,2,133592,50,1,1,1,7,50,28,1,1,allocated
58,7331,greenran_normal,0,0,65535_65535,0,5,133573,42,1,1,0,6,0,28,1,1,pre_allocation
58,7331,greenran_normal,0,0,65535_65535,0,5,133573,50,1,1,1,7,50,28,1,1,allocated
58,7331,greenran_normal,0,0,65535_65535,0,1,133577,42,1,1,0,6,0,28,1,1,pre_allocation
58,7331,greenran_normal,0,0,65535_65535,0,1,133577,50,1,1,1,7,50,28,1,1,allocated
58,7331,greenran_normal,0,0,65535_65535,0,3,133572,42,1,1,0,6,0,28,1,1,pre_allocation
58,7331,greenran_normal,0,0,65535_65535,0,3,133572,50,1,1,1,7,50,28,1,1,allocated
58,7331,greenran_normal,0,0,65535_65535,0,4,136046,40,1,1,0,7,0,24,1,1,pre_allocation
58,7331,greenran_normal,0,0,65535_65535,0,4,136046,46,1,1,1,8,46,24,1,1,allocated
58,7331,greenran_normal,0,0,65535_65535,0,2,133592,50,1,1,0,7,0,28,1,1,pre_allocation
58,7331,greenran_normal,0,0,65535_65535,0,2,133592,57,1,1,1,8,57,28,1,1,allocated
58,7331,greenran_normal,0,0,65535_65535,0,5,133573,50,1,1,0,7,0,28,1,1,pre_allocation
58,7331,greenran_normal,0,0,65535_65535,0,5,133573,57,1,1,1,8,57,28,1,1,allocated
58,7331,greenran_normal,0,0,65535_65535,0,1,133577,50,1,1,0,7,0,28,1,1,pre_allocation
58,7331,greenran_normal,0,0,65535_65535,0,1,133577,57,1,1,1,8,57,28,1,1,allocated
58,7331,greenran_normal,0,0,65535_65535,0,3,133572,50,1,1,0,7,0,28,1,1,pre_allocation
58,7331,greenran_normal,0,0,65535_65535,0,3,133572,57,1,1,1,8,57,28,1,1,allocated
58,7331,greenran_normal,0,0,65535_65535,0,4,136046,46,1,1,0,8,0,24,1,1,pre_allocation
58,7331,greenran_normal,0,0,65535_65535,0,4,136046,52,1,1,1,9,52,24,1,1,allocated
58,7331,greenran_normal,0,0,65535_65535,0,2,133592,57,1,1,0,8,0,28,1,1,pre_allocation
58,7331,greenran_normal,0,0,65535_65535,0,2,133592,65,1,1,1,9,65,28,1,1,allocated
58,7331,greenran_normal,0,0,65535_65535,0,5,133573,57,1,1,0,8,0,28,1,1,pre_allocation
58,7331,greenran_normal,0,0,65535_65535,0,5,133573,65,1,1,1,9,65,28,1,1,allocated
58,7331,greenran_normal,0,0,65535_65535,0,1,133577,57,1,1,0,8,0,28,1,1,pre_allocation
58,7331,greenran_normal,0,0,65535_65535,0,1,133577,65,1,1,1,9,65,28,1,1,allocated
58,7331,greenran_normal,0,0,65535_65535,0,3,133572,57,1,1,0,8,0,28,1,1,pre_allocation
58,7331,greenran_normal,0,0,65535_65535,0,3,133572,65,1,1,1,9,65,28,1,1,allocated
58,7331,greenran_normal,0,0,65535_65535,0,4,136046,52,1,1,0,9,0,24,1,1,pre_allocation
58,7331,greenran_normal,0,0,65535_65535,0,4,136046,58,1,1,1,10,58,24,1,1,allocated
58,7331,greenran_normal,0,0,65535_65535,0,2,133592,65,1,1,0,9,0,28,1,1,pre_allocation
58,7331,greenran_normal,0,0,65535_65535,0,2,133592,72,1,1,1,10,72,28,1,1,allocated
58,7331,greenran_normal,0,0,65535_65535,0,5,133573,65,1,1,0,9,0,28,1,1,pre_allocation
58,7331,greenran_normal,0,0,65535_65535,0,5,133573,72,1,1,1,10,72,28,1,1,allocated
58,7331,greenran_normal,0,0,65535_65535,0,1,133577,65,1,1,0,9,0,28,1,1,pre_allocation
58,7331,greenran_normal,0,0,65535_65535,0,1,133577,72,1,1,1,10,72,28,1,1,allocated
58,7331,greenran_normal,0,0,65535_65535,0,3,133572,65,1,1,0,9,0,28,1,1,pre_allocation
58,7331,greenran_normal,0,0,65535_65535,0,3,133572,72,1,1,1,10,72,28,1,1,allocated
58,7331,greenran_normal,0,0,65535_65535,0,4,136046,58,1,1,0,10,0,24,1,1,pre_allocation
58,7331,greenran_normal,0,0,65535_65535,0,4,136046,65,1,1,1,11,65,24,1,1,allocated
58,7331,greenran_normal,0,0,65535_65535,0,2,133592,72,1,1,0,10,0,28,1,1,pre_allocation
58,7331,greenran_normal,0,0,65535_65535,0,2,133592,80,1,1,1,11,80,28,1,1,allocated
58,7331,greenran_normal,0,0,65535_65535,0,5,133573,72,1,1,0,10,0,28,1,1,pre_allocation
58,7331,greenran_normal,0,0,65535_65535,0,5,133573,80,1,1,1,11,80,28,1,1,allocated
58,7331,greenran_normal,0,0,65535_65535,0,1,133577,72,1,1,0,10,0,28,1,1,pre_allocation
58,7331,greenran_normal,0,0,65535_65535,0,1,133577,80,1,1,1,11,80,28,1,1,allocated
58,7331,greenran_normal,0,0,65535_65535,0,3,133572,72,1,1,0,10,0,28,1,1,pre_allocation
58,7331,greenran_normal,0,0,65535_65535,0,3,133572,80,1,1,1,11,80,28,1,1,allocated
58,7331,greenran_normal,0,0,65535_65535,0,4,136046,65,1,1,0,11,0,24,1,1,pre_allocation
58,7331,greenran_normal,0,0,65535_65535,0,4,136046,71,1,1,1,12,71,24,1,1,allocated
58,7331,greenran_normal,0,0,65535_65535,0,2,133592,80,1,1,0,11,0,28,1,1,pre_allocation
58,7331,greenran_normal,0,0,65535_65535,0,2,133592,88,1,1,1,12,88,28,1,1,allocated
58,7331,greenran_normal,0,0,65535_65535,0,5,133573,80,1,1,0,11,0,28,1,1,pre_allocation
58,7331,greenran_normal,0,0,65535_65535,0,5,133573,88,1,1,1,12,88,28,1,1,allocated
58,7331,greenran_normal,0,0,65535_65535,0,1,133577,80,1,1,0,11,0,28,1,1,pre_allocation
58,7331,greenran_normal,0,0,65535_65535,0,1,133577,88,1,1,1,12,88,28,1,1,allocated
58,7331,greenran_normal,0,0,65535_65535,0,3,133572,80,1,1,0,11,0,28,1,1,pre_allocation
58,7331,greenran_normal,0,0,65535_65535,0,3,133572,88,1,1,1,12,88,28,1,1,allocated
58,7331,greenran_normal,0,0,65535_65535,0,4,136046,71,1,1,0,12,0,24,1,1,pre_allocation
58,7331,greenran_normal,0,0,65535_65535,0,4,136046,77,1,1,1,13,77,24,1,1,allocated
58,7331,greenran_normal,0,0,65535_65535,0,2,133592,88,1,1,0,12,0,28,1,1,pre_allocation
58,7331,greenran_normal,0,0,65535_65535,0,2,133592,95,1,1,1,13,95,28,1,1,allocated
58,7331,greenran_normal,0,0,65535_65535,0,5,133573,88,1,1,0,12,0,28,1,1,pre_allocation
58,7331,greenran_normal,0,0,65535_65535,0,5,133573,95,1,1,1,13,95,28,1,1,allocated
58,7331,greenran_normal,0,0,65535_65535,0,1,133577,88,1,1,0,12,0,28,1,1,pre_allocation
58,7331,greenran_normal,0,0,65535_65535,0,1,133577,95,1,1,1,13,95,28,1,1,allocated
58,7331,greenran_normal,0,0,65535_65535,0,3,133572,88,1,1,0,12,0,28,1,1,pre_allocation
58,7331,greenran_normal,0,0,65535_65535,0,3,133572,95,1,1,1,13,95,28,1,1,allocated
58,7331,greenran_normal,0,0,65535_65535,0,4,136046,77,1,1,0,13,0,24,1,1,pre_allocation
58,7331,greenran_normal,0,0,65535_65535,0,4,136046,83,1,1,1,14,83,24,1,1,allocated
58,7331,greenran_normal,0,0,65535_65535,0,2,133592,95,1,1,0,13,0,28,1,1,pre_allocation
58,7331,greenran_normal,0,0,65535_65535,0,2,133592,103,1,1,1,14,103,28,1,1,allocated
58,7331,greenran_normal,0,0,65535_65535,0,5,133573,95,1,1,0,13,0,28,1,1,pre_allocation
58,7331,greenran_normal,0,0,65535_65535,0,5,133573,103,1,1,1,14,103,28,1,1,allocated
58,7331,greenran_normal,0,0,65535_65535,0,1,133577,95,1,1,0,13,0,28,1,1,pre_allocation
58,7331,greenran_normal,0,0,65535_65535,0,1,133577,103,1,1,1,14,103,28,1,1,allocated
58,7331,greenran_normal,0,0,65535_65535,0,3,133572,95,1,1,0,13,0,28,1,1,pre_allocation
58,7331,greenran_normal,0,0,65535_65535,0,3,133572,103,1,1,1,14,103,28,1,1,allocated
58,7331,greenran_normal,0,0,65535_65535,0,4,136046,83,1,1,0,14,0,24,1,1,pre_allocation
58,7331,greenran_normal,0,0,65535_65535,0,4,136046,89,1,1,1,15,89,24,1,1,allocated
58,7331,greenran_normal,0,0,65535_65535,0,2,133592,103,1,1,0,14,0,28,1,1,pre_allocation
58,7331,greenran_normal,0,0,65535_65535,0,2,133592,110,1,1,1,15,110,28,1,1,allocated
58,7331,greenran_normal,0,0,65535_65535,0,5,133573,103,1,1,0,14,0,28,1,1,pre_allocation
58,7331,greenran_normal,0,0,65535_65535,0,5,133573,110,1,1,1,15,110,28,1,1,allocated
58,7331,greenran_normal,0,0,65535_65535,0,1,133577,103,1,1,0,14,0,28,1,1,pre_allocation
58,7331,greenran_normal,0,0,65535_65535,0,1,133577,110,1,1,1,15,110,28,1,1,allocated
58,7331,greenran_normal,0,0,65535_65535,0,3,133572,103,1,1,0,14,0,28,1,1,pre_allocation
58,7331,greenran_normal,0,0,65535_65535,0,3,133572,110,1,1,1,15,110,28,1,1,allocated
58,7331,greenran_normal,0,0,65535_65535,0,4,136046,89,1,1,0,15,0,24,1,1,pre_allocation
58,7331,greenran_normal,0,0,65535_65535,0,4,136046,96,1,1,1,16,96,24,1,1,allocated
58,7331,greenran_normal,0,0,65535_65535,0,2,133592,110,1,1,0,15,0,28,1,1,pre_allocation
58,7331,greenran_normal,0,0,65535_65535,0,2,133592,118,1,1,1,16,118,28,1,1,allocated
58,7331,greenran_normal,0,0,65535_65535,0,5,133573,110,1,1,0,15,0,28,1,1,pre_allocation
58,7331,greenran_normal,0,0,65535_65535,0,5,133573,118,1,1,1,16,118,28,1,1,allocated
58,7331,greenran_normal,0,0,65535_65535,0,1,133577,110,1,1,0,15,0,28,1,1,pre_allocation
58,7331,greenran_normal,0,0,65535_65535,0,1,133577,118,1,1,1,16,118,28,1,1,allocated
58,7331,greenran_normal,0,0,65535_65535,0,3,133572,110,1,1,0,15,0,28,1,1,pre_allocation
58,7331,greenran_normal,0,0,65535_65535,0,3,133572,118,1,1,1,16,118,28,1,1,allocated
58,7331,greenran_normal,0,0,65535_65535,0,4,136046,96,1,1,0,16,0,24,1,1,pre_allocation
58,7331,greenran_normal,0,0,65535_65535,0,4,136046,102,1,1,1,17,102,24,1,1,allocated
58,7331,greenran_normal,0,0,65535_65535,0,2,133592,118,1,1,0,16,0,28,1,1,pre_allocation
58,7331,greenran_normal,0,0,65535_65535,0,2,133592,126,1,1,1,17,126,28,1,1,allocated
58,7331,greenran_normal,0,0,65535_65535,0,5,133573,118,1,1,0,16,0,28,1,1,pre_allocation
58,7331,greenran_normal,0,0,65535_65535,0,5,133573,126,1,1,1,17,126,28,1,1,allocated
58,7331,greenran_normal,0,0,65535_65535,0,1,133577,118,1,1,0,16,0,28,1,1,pre_allocation
58,7331,greenran_normal,0,0,65535_65535,0,1,133577,126,1,1,1,17,126,28,1,1,allocated
58,7331,greenran_normal,0,0,65535_65535,0,3,133572,118,1,1,0,16,0,28,1,1,pre_allocation
58,7331,greenran_normal,0,0,65535_65535,0,3,133572,126,1,1,1,17,126,28,1,1,allocated
58,7331,greenran_normal,0,0,65535_65535,0,4,136046,102,1,1,0,17,0,24,1,1,pre_allocation
58,7331,greenran_normal,0,0,65535_65535,0,4,136046,108,1,1,1,18,108,24,1,1,allocated
58,7331,greenran_normal,0,0,65535_65535,0,2,133592,126,1,1,0,17,0,28,1,1,pre_allocation
58,7331,greenran_normal,0,0,65535_65535,0,2,133592,133,1,1,1,18,133,28,1,1,allocated
58,7331,greenran_normal,0,0,65535_65535,0,5,133573,126,1,1,0,17,0,28,1,1,pre_allocation
58,7331,greenran_normal,0,0,65535_65535,0,5,133573,133,1,1,1,18,133,28,1,1,allocated
58,7331,greenran_normal,0,0,65535_65535,0,1,133577,126,1,1,0,17,0,28,1,1,pre_allocation
58,7331,greenran_normal,0,0,65535_65535,0,1,133577,133,1,1,1,18,133,28,1,1,allocated
58,7331,greenran_normal,0,0,65535_65535,0,3,133572,126,1,1,0,17,0,28,1,1,pre_allocation
58,7331,greenran_normal,0,0,65535_65535,0,3,133572,133,1,1,1,18,133,28,1,1,allocated
58,7331,greenran_normal,0,0,65535_65535,0,4,136046,108,1,1,0,18,0,24,1,1,pre_allocation
58,7331,greenran_normal,0,0,65535_65535,0,4,136046,114,1,1,1,19,114,24,1,1,allocated
58,7331,greenran_normal,0,0,65535_65535,0,2,133592,133,1,1,0,18,0,28,1,1,pre_allocation
58,7331,greenran_normal,0,0,65535_65535,0,2,133592,141,1,1,1,19,141,28,1,1,allocated
58,7331,greenran_normal,0,0,65535_65535,0,5,133573,133,1,1,0,18,0,28,1,1,pre_allocation
58,7331,greenran_normal,0,0,65535_65535,0,5,133573,141,1,1,1,19,141,28,1,1,allocated
58,7331,greenran_normal,0,0,65535_65535,0,1,133577,133,1,1,0,18,0,28,1,1,pre_allocation
58,7331,greenran_normal,0,0,65535_65535,0,1,133577,141,1,1,1,19,141,28,1,1,allocated
58,7331,greenran_normal,0,0,65535_65535,0,3,133572,133,1,1,0,18,0,28,1,1,pre_allocation
58,7331,greenran_normal,0,0,65535_65535,0,3,133572,141,1,1,1,19,141,28,1,1,allocated
58,7331,greenran_normal,0,0,65535_65535,0,4,136046,114,1,1,0,19,0,24,1,1,pre_allocation
58,7331,greenran_normal,0,0,65535_65535,0,4,136046,120,1,1,1,20,120,24,1,1,allocated
58,7331,greenran_normal,0,0,65535_65535,0,2,133592,141,1,1,0,19,0,28,1,1,pre_allocation
58,7331,greenran_normal,0,0,65535_65535,0,2,133592,148,1,1,1,20,148,28,1,1,allocated
58,7331,greenran_normal,0,0,65535_65535,0,5,133573,141,1,1,0,19,0,28,1,1,pre_allocation
58,7331,greenran_normal,0,0,65535_65535,0,5,133573,148,1,1,1,20,148,28,1,1,allocated
58,7331,greenran_normal,0,0,65535_65535,0,1,133577,141,1,1,0,19,0,28,1,1,pre_allocation
58,7331,greenran_normal,0,0,65535_65535,0,1,133577,148,1,1,1,20,148,28,1,1,allocated
58,7331,greenran_normal,0,0,65535_65535,0,3,133572,141,1,1,0,19,0,28,1,1,pre_allocation
58,7331,greenran_normal,0,0,65535_65535,0,3,133572,148,1,1,1,20,148,28,1,1,allocated
58,7331,greenran_normal,0,0,65535_65535,0,4,136046,120,1,1,0,20,0,24,1,1,pre_allocation
58,7331,greenran_normal,0,0,65535_65535,0,4,136046,126,1,1,1,21,126,24,1,1,allocated
58,7331,greenran_normal,0,0,65535_65535,0,2,133592,148,1,1,0,20,0,28,1,1,pre_allocation
58,7331,greenran_normal,0,0,65535_65535,0,2,133592,156,1,1,1,21,156,28,1,1,allocated
58,7331,greenran_normal,0,0,65535_65535,0,5,133573,148,1,1,0,20,0,28,1,1,pre_allocation
58,7331,greenran_normal,0,0,65535_65535,0,5,133573,156,1,1,1,21,156,28,1,1,allocated
58,7331,greenran_normal,0,0,65535_65535,0,1,133577,148,1,1,0,20,0,28,1,1,pre_allocation
58,7331,greenran_normal,0,0,65535_65535,0,1,133577,156,1,1,1,21,156,28,1,1,allocated
58,7331,greenran_normal,0,0,65535_65535,0,3,133572,148,1,1,0,20,0,28,1,1,pre_allocation
58,7331,greenran_normal,0,0,65535_65535,0,3,133572,156,1,1,1,21,156,28,1,1,allocated
58,7331,greenran_normal,0,0,65535_65535,0,4,136046,126,1,1,0,21,0,24,1,1,pre_allocation
58,7331,greenran_normal,0,0,65535_65535,0,4,136046,133,1,1,1,22,133,24,1,1,allocated
58,7331,greenran_normal,0,0,65535_65535,0,2,133592,156,1,1,0,21,0,28,1,1,pre_allocation
58,7331,greenran_normal,0,0,65535_65535,0,2,133592,163,1,1,1,22,163,28,1,1,allocated
58,7331,greenran_normal,0,0,65535_65535,0,5,133573,156,1,1,0,21,0,28,1,1,pre_allocation
58,7331,greenran_normal,0,0,65535_65535,0,5,133573,163,1,1,1,22,163,28,1,1,allocated
58,7331,greenran_normal,0,0,65535_65535,0,1,133577,156,1,1,0,21,0,28,1,1,pre_allocation
58,7331,greenran_normal,0,0,65535_65535,0,1,133577,163,1,1,1,22,163,28,1,1,allocated
58,7331,greenran_normal,0,0,65535_65535,0,3,133572,156,1,1,0,21,0,28,1,1,pre_allocation
58,7331,greenran_normal,0,0,65535_65535,0,3,133572,163,1,1,1,22,163,28,1,1,allocated
58,7331,greenran_normal,0,0,65535_65535,0,4,136046,133,1,1,0,22,0,24,1,1,pre_allocation
58,7331,greenran_normal,0,0,65535_65535,0,4,136046,139,1,1,1,23,139,24,1,1,allocated
58,7331,greenran_normal,0,0,65535_65535,0,2,133592,163,1,1,0,22,0,28,1,1,pre_allocation
58,7331,greenran_normal,0,0,65535_65535,0,2,133592,171,1,1,1,23,171,28,1,1,allocated
58,7331,greenran_normal,0,0,65535_65535,0,5,133573,163,1,1,0,22,0,28,1,1,pre_allocation
58,7331,greenran_normal,0,0,65535_65535,0,5,133573,171,1,1,1,23,171,28,1,1,allocated
58,7331,greenran_normal,0,0,65535_65535,0,1,133577,163,1,1,0,22,0,28,1,1,pre_allocation
58,7331,greenran_normal,0,0,65535_65535,0,1,133577,171,1,1,1,23,171,28,1,1,allocated
58,7331,greenran_normal,0,0,65535_65535,0,3,133572,163,1,1,0,22,0,28,1,1,pre_allocation
58,7331,greenran_normal,0,0,65535_65535,0,3,133572,171,1,1,1,23,171,28,1,1,allocated
58,7331,greenran_normal,0,0,65535_65535,0,4,136046,139,1,1,0,23,0,24,1,1,pre_allocation
58,7331,greenran_normal,0,0,65535_65535,0,4,136046,145,1,1,1,24,145,24,1,1,allocated
58,7331,greenran_normal,0,0,65535_65535,0,2,133592,171,1,1,0,23,0,28,1,1,pre_allocation
58,7331,greenran_normal,0,0,65535_65535,0,2,133592,179,1,1,1,24,179,28,1,1,allocated
58,7331,greenran_normal,0,0,65535_65535,0,5,133573,171,1,1,0,23,0,28,1,1,pre_allocation
58,7331,greenran_normal,0,0,65535_65535,0,5,133573,179,1,1,1,24,179,28,1,1,allocated
58,7331,greenran_normal,0,0,65535_65535,0,1,133577,171,1,1,0,23,0,28,1,1,pre_allocation
58,7331,greenran_normal,0,0,65535_65535,0,1,133577,179,1,1,1,24,179,28,1,1,allocated
58,7331,greenran_normal,0,0,65535_65535,0,3,133572,171,1,1,0,23,0,28,1,1,pre_allocation
58,7331,greenran_normal,0,0,65535_65535,0,3,133572,179,1,1,1,24,179,28,1,1,allocated
58,7331,greenran_normal,0,0,65535_65535,0,4,136046,145,1,1,0,24,0,24,1,1,pre_allocation
58,7331,greenran_normal,0,0,65535_65535,0,4,136046,151,1,1,1,25,151,24,1,1,allocated
58,7331,greenran_normal,0,0,65535_65535,0,2,133592,179,1,1,0,24,0,28,1,1,pre_allocation
58,7331,greenran_normal,0,0,65535_65535,0,2,133592,186,1,1,1,25,186,28,1,1,allocated
58,7331,greenran_normal,0,0,65535_65535,0,5,133573,179,1,1,0,24,0,28,1,1,pre_allocation
58,7331,greenran_normal,0,0,65535_65535,0,5,133573,186,1,1,1,25,186,28,1,1,allocated
58,7331,greenran_normal,0,0,65535_65535,0,1,133577,179,1,1,0,24,0,28,1,1,pre_allocation
58,7331,greenran_normal,0,0,65535_65535,0,1,133577,186,1,1,1,25,186,28,1,1,allocated
58,7331,greenran_normal,0,0,65535_65535,0,3,133572,179,1,1,0,24,0,28,1,1,pre_allocation
58,7331,greenran_normal,0,0,65535_65535,0,3,133572,186,1,1,1,25,186,28,1,1,allocated
58,7331,greenran_normal,0,0,65535_65535,0,4,136046,151,1,1,0,25,0,24,1,1,pre_allocation
58,7331,greenran_normal,0,0,65535_65535,0,4,136046,157,1,1,1,26,157,24,1,1,allocated
58,7331,greenran_normal,0,0,65535_65535,0,2,133592,186,1,1,0,25,0,28,1,1,pre_allocation
58,7331,greenran_normal,0,0,65535_65535,0,2,133592,194,1,1,1,26,194,28,1,1,allocated
58,7331,greenran_normal,0,0,65535_65535,0,5,133573,186,1,1,0,25,0,28,1,1,pre_allocation
58,7331,greenran_normal,0,0,65535_65535,0,5,133573,194,1,1,1,26,194,28,1,1,allocated
58,7331,greenran_normal,0,0,65535_65535,0,1,133577,186,1,1,0,25,0,28,1,1,pre_allocation
58,7331,greenran_normal,0,0,65535_65535,0,1,133577,194,1,1,1,26,194,28,1,1,allocated
58,7331,greenran_normal,0,0,65535_65535,0,3,133572,186,1,1,0,25,0,28,1,1,pre_allocation
58,7331,greenran_normal,0,0,65535_65535,0,3,133572,194,1,1,1,26,194,28,1,1,allocated
58,7331,greenran_normal,0,0,65535_65535,0,4,136046,157,1,1,0,26,0,24,1,1,pre_allocation
58,7331,greenran_normal,0,0,65535_65535,0,4,136046,164,1,1,1,27,164,24,1,1,allocated
58,7331,greenran_normal,0,0,65535_65535,0,2,133592,194,1,1,0,26,0,28,1,1,pre_allocation
58,7331,greenran_normal,0,0,65535_65535,0,2,133592,201,1,1,1,27,201,28,1,1,allocated
58,7331,greenran_normal,0,0,65535_65535,0,5,133573,194,1,1,0,26,0,28,1,1,pre_allocation
58,7331,greenran_normal,0,0,65535_65535,0,5,133573,201,1,1,1,27,201,28,1,1,allocated
58,7331,greenran_normal,0,0,65535_65535,0,1,133577,194,1,1,0,26,0,28,1,1,pre_allocation
58,7331,greenran_normal,0,0,65535_65535,0,1,133577,201,1,1,1,27,201,28,1,1,allocated
58,7331,greenran_normal,0,0,65535_65535,0,3,133572,194,1,1,0,26,0,28,1,1,pre_allocation
58,7331,greenran_normal,0,0,65535_65535,0,3,133572,201,1,1,1,27,201,28,1,1,allocated
58,7331,greenran_normal,0,0,65535_65535,0,4,136046,164,1,1,0,27,0,24,1,1,pre_allocation
58,7331,greenran_normal,0,0,65535_65535,0,4,136046,170,1,1,1,28,170,24,1,1,allocated
58,7331,greenran_normal,0,0,65535_65535,0,2,133592,201,1,1,0,27,0,28,1,1,pre_allocation
58,7331,greenran_normal,0,0,65535_65535,0,2,133592,209,1,1,1,28,209,28,1,1,allocated
58,7331,greenran_normal,0,0,65535_65535,0,5,133573,201,1,1,0,27,0,28,1,1,pre_allocation
58,7331,greenran_normal,0,0,65535_65535,0,5,133573,209,1,1,1,28,209,28,1,1,allocated
58,7331,greenran_normal,0,0,65535_65535,0,1,133577,201,1,1,0,27,0,28,1,1,pre_allocation
58,7331,greenran_normal,0,0,65535_65535,0,1,133577,209,1,1,1,28,209,28,1,1,allocated
58,7331,greenran_normal,0,0,65535_65535,0,3,133572,201,1,1,0,27,0,28,1,1,pre_allocation
58,7331,greenran_normal,0,0,65535_65535,0,3,133572,209,1,1,1,28,209,28,1,1,allocated
58,7331,greenran_normal,0,0,65535_65535,0,4,136046,170,1,1,0,28,0,24,1,1,pre_allocation
58,7331,greenran_normal,0,0,65535_65535,0,4,136046,176,1,1,1,29,176,24,1,1,allocated
58,7331,greenran_normal,0,0,65535_65535,0,2,133592,209,1,1,0,28,0,28,1,1,pre_allocation
58,7331,greenran_normal,0,0,65535_65535,0,2,133592,217,1,1,1,29,217,28,1,1,allocated
58,7331,greenran_normal,0,0,65535_65535,0,5,133573,209,1,1,0,28,0,28,1,1,pre_allocation
58,7331,greenran_normal,0,0,65535_65535,0,5,133573,217,1,1,1,29,217,28,1,1,allocated
58,7331,greenran_normal,0,0,65535_65535,0,1,133577,209,1,1,0,28,0,28,1,1,pre_allocation
58,7331,greenran_normal,0,0,65535_65535,0,1,133577,217,1,1,1,29,217,28,1,1,allocated
58,7331,greenran_normal,0,0,65535_65535,0,3,133572,209,1,1,0,28,0,28,1,1,pre_allocation
58,7331,greenran_normal,0,0,65535_65535,0,3,133572,217,1,1,1,29,217,28,1,1,allocated
58,7331,greenran_normal,0,0,65535_65535,0,4,136046,176,1,1,0,29,0,24,1,1,pre_allocation
58,7331,greenran_normal,0,0,65535_65535,0,4,136046,182,1,1,1,30,182,24,1,1,allocated
58,7331,greenran_normal,0,0,65535_65535,0,2,133592,217,1,1,0,29,0,28,1,1,pre_allocation
58,7331,greenran_normal,0,0,65535_65535,0,2,133592,224,1,1,1,30,224,28,1,1,allocated
58,7331,greenran_normal,0,0,65535_65535,0,5,133573,217,1,1,0,29,0,28,1,1,pre_allocation
58,7331,greenran_normal,0,0,65535_65535,0,5,133573,224,1,1,1,30,224,28,1,1,allocated
58,7331,greenran_normal,0,0,65535_65535,0,1,133577,217,1,1,0,29,0,28,1,1,pre_allocation
58,7331,greenran_normal,0,0,65535_65535,0,1,133577,224,1,1,1,30,224,28,1,1,allocated
58,7331,greenran_normal,0,0,65535_65535,0,3,133572,217,1,1,0,29,0,28,1,1,pre_allocation
58,7331,greenran_normal,0,0,65535_65535,0,3,133572,224,1,1,1,30,224,28,1,1,allocated
58,7331,greenran_normal,0,0,65535_65535,2,38,4364611,0,1,1,0,0,0,2,1,1,pre_allocation
58,7331,greenran_normal,0,0,65535_65535,2,38,4364611,0,1,1,1,1,0,2,1,1,allocated
58,7331,greenran_normal,0,0,65535_65535,2,60,4364312,0,1,1,0,0,0,14,1,1,pre_allocation
58,7331,greenran_normal,0,0,65535_65535,2,60,4364312,2,1,1,1,1,2,14,1,1,allocated
58,7331,greenran_normal,0,0,65535_65535,2,64,4364010,0,1,1,0,0,0,16,1,1,pre_allocation
58,7331,greenran_normal,0,0,65535_65535,2,64,4364010,0,1,1,1,1,0,16,1,1,allocated
58,7331,greenran_normal,0,0,65535_65535,2,43,4363450,0,1,1,0,0,0,20,1,1,pre_allocation
58,7331,greenran_normal,0,0,65535_65535,2,43,4363450,1,1,1,1,1,1,20,1,1,allocated
58,7331,greenran_normal,0,0,65535_65535,2,42,4362847,0,1,1,0,0,0,24,1,1,pre_allocation
58,7331,greenran_normal,0,0,65535_65535,2,42,4362847,3,1,1,1,1,3,24,1,1,allocated
58,7331,greenran_normal,0,0,65535_65535,2,36,4362410,0,1,1,0,0,0,26,1,1,pre_allocation
58,7331,greenran_normal,0,0,65535_65535,2,36,4362410,4,1,1,1,1,4,26,1,1,allocated
58,7331,greenran_normal,0,0,65535_65535,2,59,4362405,0,1,1,0,0,0,22,1,1,pre_allocation
58,7331,greenran_normal,0,0,65535_65535,2,59,4362405,2,1,1,1,1,2,22,1,1,allocated
58,7331,greenran_normal,0,0,65535_65535,2,58,4362422,0,1,1,0,0,0,26,1,1,pre_allocation
58,7331,greenran_normal,0,0,65535_65535,2,58,4362422,4,1,1,1,1,4,26,1,1,allocated
58,7331,greenran_normal,0,0,65535_65535,2,39,4362353,0,1,1,0,0,0,28,1,1,pre_allocation
58,7331,greenran_normal,0,0,65535_65535,2,39,4362353,4,1,1,1,1,4,28,1,1,allocated
58,7331,greenran_normal,0,0,65535_65535,2,37,4362343,0,1,1,0,0,0,28,1,1,pre_allocation
58,7331,greenran_normal,0,0,65535_65535,2,37,4362343,4,1,1,1,1,4,28,1,1,allocated
58,7331,greenran_normal,0,0,65535_65535,2,35,4362340,0,1,1,0,0,0,28,1,1,pre_allocation
58,7331,greenran_normal,0,0,65535_65535,2,35,4362340,4,1,1,1,1,4,28,1,1,allocated
58,7331,greenran_normal,0,0,65535_65535,2,44,4362340,0,1,1,0,0,0,28,1,1,pre_allocation
58,7331,greenran_normal,0,0,65535_65535,2,44,4362340,4,1,1,1,1,4,28,1,1,allocated
58,7331,greenran_normal,0,0,65535_65535,2,55,4362340,0,1,1,0,0,0,28,1,1,pre_allocation
58,7331,greenran_normal,0,0,65535_65535,2,55,4362340,4,1,1,1,1,4,28,1,1,allocated
58,7331,greenran_normal,0,0,65535_65535,2,56,4362340,0,1,1,0,0,0,28,1,1,pre_allocation
58,7331,greenran_normal,0,0,65535_65535,2,56,4362340,4,1,1,1,1,4,28,1,1,allocated
58,7331,greenran_normal,0,0,65535_65535,2,57,4362340,0,1,1,0,0,0,28,1,1,pre_allocation
58,7331,greenran_normal,0,0,65535_65535,2,57,4362340,4,1,1,1,1,4,28,1,1,allocated
58,7331,greenran_normal,0,0,65535_65535,2,40,4362342,0,1,1,0,0,0,28,1,1,pre_allocation
58,7331,greenran_normal,0,0,65535_65535,2,40,4362342,4,1,1,1,1,4,28,1,1,allocated
58,7331,greenran_normal,0,0,65535_65535,2,41,4362342,0,1,1,0,0,0,28,1,1,pre_allocation
58,7331,greenran_normal,0,0,65535_65535,2,41,4362342,4,1,1,1,1,4,28,1,1,allocated
58,7331,greenran_normal,0,0,65535_65535,2,61,4362339,0,1,1,0,0,0,28,1,1,pre_allocation
58,7331,greenran_normal,0,0,65535_65535,2,61,4362339,4,1,1,1,1,4,28,1,1,allocated
58,7331,greenran_normal,0,0,65535_65535,2,62,4362338,0,1,1,0,0,0,28,1,1,pre_allocation
58,7331,greenran_normal,0,0,65535_65535,2,62,4362338,4,1,1,1,1,4,28,1,1,allocated
58,7331,greenran_normal,0,0,65535_65535,2,63,4362337,0,1,1,0,0,0,28,1,1,pre_allocation
58,7331,greenran_normal,0,0,65535_65535,2,63,4362337,4,1,1,1,1,4,28,1,1,allocated
58,7331,greenran_normal,0,0,65535_65535,2,38,4364611,0,1,1,0,1,0,2,1,1,pre_allocation
58,7331,greenran_normal,0,0,65535_65535,2,38,4364611,0,1,1,1,2,0,2,1,1,allocated
58,7331,greenran_normal,0,0,65535_65535,2,60,4364312,2,1,1,0,1,0,14,1,1,pre_allocation
58,7331,greenran_normal,0,0,65535_65535,2,60,4364312,2,1,1,1,2,2,14,1,1,allocated
58,7331,greenran_normal,0,0,65535_65535,2,64,4364010,0,1,1,0,1,0,16,1,1,pre_allocation
58,7331,greenran_normal,0,0,65535_65535,2,64,4364010,3,1,1,1,2,3,16,1,1,allocated
58,7331,greenran_normal,0,0,65535_65535,2,43,4363450,1,1,1,0,1,0,20,1,1,pre_allocation
58,7331,greenran_normal,0,0,65535_65535,2,43,4363450,6,1,1,1,2,6,20,1,1,allocated
58,7331,greenran_normal,0,0,65535_65535,2,42,4362847,3,1,1,0,1,0,24,1,1,pre_allocation
58,7331,greenran_normal,0,0,65535_65535,2,42,4362847,9,1,1,1,2,9,24,1,1,allocated
58,7331,greenran_normal,0,0,65535_65535,2,36,4362410,4,1,1,0,1,0,26,1,1,pre_allocation
58,7331,greenran_normal,0,0,65535_65535,2,36,4362410,11,1,1,1,2,11,26,1,1,allocated
58,7331,greenran_normal,0,0,65535_65535,2,59,4362405,2,1,1,0,1,0,22,1,1,pre_allocation
58,7331,greenran_normal,0,0,65535_65535,2,59,4362405,7,1,1,1,2,7,22,1,1,allocated
58,7331,greenran_normal,0,0,65535_65535,2,58,4362422,4,1,1,0,1,0,26,1,1,pre_allocation
58,7331,greenran_normal,0,0,65535_65535,2,58,4362422,11,1,1,1,2,11,26,1,1,allocated
58,7331,greenran_normal,0,0,65535_65535,2,39,4362353,4,1,1,0,1,0,28,1,1,pre_allocation
58,7331,greenran_normal,0,0,65535_65535,2,39,4362353,12,1,1,1,2,12,28,1,1,allocated
58,7331,greenran_normal,0,0,65535_65535,2,37,4362343,4,1,1,0,1,0,28,1,1,pre_allocation
58,7331,greenran_normal,0,0,65535_65535,2,37,4362343,12,1,1,1,2,12,28,1,1,allocated
58,7331,greenran_normal,0,0,65535_65535,2,35,4362340,4,1,1,0,1,0,28,1,1,pre_allocation
58,7331,greenran_normal,0,0,65535_65535,2,35,4362340,12,1,1,1,2,12,28,1,1,allocated
58,7331,greenran_normal,0,0,65535_65535,2,44,4362340,4,1,1,0,1,0,28,1,1,pre_allocation
58,7331,greenran_normal,0,0,65535_65535,2,44,4362340,12,1,1,1,2,12,28,1,1,allocated
58,7331,greenran_normal,0,0,65535_65535,2,55,4362340,4,1,1,0,1,0,28,1,1,pre_allocation
58,7331,greenran_normal,0,0,65535_65535,2,55,4362340,12,1,1,1,2,12,28,1,1,allocated
58,7331,greenran_normal,0,0,65535_65535,2,56,4362340,4,1,1,0,1,0,28,1,1,pre_allocation
58,7331,greenran_normal,0,0,65535_65535,2,56,4362340,12,1,1,1,2,12,28,1,1,allocated
58,7331,greenran_normal,0,0,65535_65535,2,57,4362340,4,1,1,0,1,0,28,1,1,pre_allocation
58,7331,greenran_normal,0,0,65535_65535,2,57,4362340,12,1,1,1,2,12,28,1,1,allocated
58,7331,greenran_normal,0,0,65535_65535,2,40,4362342,4,1,1,0,1,0,28,1,1,pre_allocation
58,7331,greenran_normal,0,0,65535_65535,2,40,4362342,12,1,1,1,2,12,28,1,1,allocated
58,7331,greenran_normal,0,0,65535_65535,2,41,4362342,4,1,1,0,1,0,28,1,1,pre_allocation
58,7331,greenran_normal,0,0,65535_65535,2,41,4362342,12,1,1,1,2,12,28,1,1,allocated
58,7331,greenran_normal,0,0,65535_65535,2,61,4362339,4,1,1,0,1,0,28,1,1,pre_allocation
58,7331,greenran_normal,0,0,65535_65535,2,61,4362339,12,1,1,1,2,12,28,1,1,allocated
58,7331,greenran_normal,0,0,65535_65535,2,62,4362338,4,1,1,0,1,0,28,1,1,pre_allocation
58,7331,greenran_normal,0,0,65535_65535,2,62,4362338,12,1,1,1,2,12,28,1,1,allocated
58,7331,greenran_normal,0,0,65535_65535,2,63,4362337,4,1,1,0,1,0,28,1,1,pre_allocation
58,7331,greenran_normal,0,0,65535_65535,2,63,4362337,12,1,1,1,2,12,28,1,1,allocated
58,7331,greenran_normal,0,0,65535_65535,2,38,4364611,0,1,1,0,2,0,2,1,1,pre_allocation
58,7331,greenran_normal,0,0,65535_65535,2,38,4364611,0,1,1,1,3,0,2,1,1,allocated
58,7331,greenran_normal,0,0,65535_65535,2,60,4364312,2,1,1,0,2,0,14,1,1,pre_allocation
58,7331,greenran_normal,0,0,65535_65535,2,60,4364312,4,1,1,1,3,4,14,1,1,allocated
58,7331,greenran_normal,0,0,65535_65535,2,64,4364010,3,1,1,0,2,0,16,1,1,pre_allocation
58,7331,greenran_normal,0,0,65535_65535,2,64,4364010,6,1,1,1,3,6,16,1,1,allocated
58,7331,greenran_normal,0,0,65535_65535,2,43,4363450,6,1,1,0,2,0,20,1,1,pre_allocation
58,7331,greenran_normal,0,0,65535_65535,2,43,4363450,10,1,1,1,3,10,20,1,1,allocated
58,7331,greenran_normal,0,0,65535_65535,2,42,4362847,9,1,1,0,2,0,24,1,1,pre_allocation
58,7331,greenran_normal,0,0,65535_65535,2,42,4362847,15,1,1,1,3,15,24,1,1,allocated
58,7331,greenran_normal,0,0,65535_65535,2,36,4362410,11,1,1,0,2,0,26,1,1,pre_allocation
58,7331,greenran_normal,0,0,65535_65535,2,36,4362410,18,1,1,1,3,18,26,1,1,allocated
58,7331,greenran_normal,0,0,65535_65535,2,59,4362405,7,1,1,0,2,0,22,1,1,pre_allocation
58,7331,greenran_normal,0,0,65535_65535,2,59,4362405,13,1,1,1,3,13,22,1,1,allocated
58,7331,greenran_normal,0,0,65535_65535,2,58,4362422,11,1,1,0,2,0,26,1,1,pre_allocation
58,7331,greenran_normal,0,0,65535_65535,2,58,4362422,18,1,1,1,3,18,26,1,1,allocated
58,7331,greenran_normal,0,0,65535_65535,2,39,4362353,12,1,1,0,2,0,28,1,1,pre_allocation
58,7331,greenran_normal,0,0,65535_65535,2,39,4362353,19,1,1,1,3,19,28,1,1,allocated
58,7331,greenran_normal,0,0,65535_65535,2,37,4362343,12,1,1,0,2,0,28,1,1,pre_allocation
58,7331,greenran_normal,0,0,65535_65535,2,37,4362343,19,1,1,1,3,19,28,1,1,allocated
58,7331,greenran_normal,0,0,65535_65535,2,35,4362340,12,1,1,0,2,0,28,1,1,pre_allocation
58,7331,greenran_normal,0,0,65535_65535,2,35,4362340,19,1,1,1,3,19,28,1,1,allocated
58,7331,greenran_normal,0,0,65535_65535,2,44,4362340,12,1,1,0,2,0,28,1,1,pre_allocation
58,7331,greenran_normal,0,0,65535_65535,2,44,4362340,19,1,1,1,3,19,28,1,1,allocated
58,7331,greenran_normal,0,0,65535_65535,2,55,4362340,12,1,1,0,2,0,28,1,1,pre_allocation
58,7331,greenran_normal,0,0,65535_65535,2,55,4362340,19,1,1,1,3,19,28,1,1,allocated
58,7331,greenran_normal,0,0,65535_65535,2,56,4362340,12,1,1,0,2,0,28,1,1,pre_allocation
58,7331,greenran_normal,0,0,65535_65535,2,56,4362340,19,1,1,1,3,19,28,1,1,allocated
58,7331,greenran_normal,0,0,65535_65535,2,57,4362340,12,1,1,0,2,0,28,1,1,pre_allocation
58,7331,greenran_normal,0,0,65535_65535,2,57,4362340,19,1,1,1,3,19,28,1,1,allocated
58,7331,greenran_normal,0,0,65535_65535,2,40,4362342,12,1,1,0,2,0,28,1,1,pre_allocation
58,7331,greenran_normal,0,0,65535_65535,2,40,4362342,19,1,1,1,3,19,28,1,1,allocated
58,7331,greenran_normal,0,0,65535_65535,2,41,4362342,12,1,1,0,2,0,28,1,1,pre_allocation
58,7331,greenran_normal,0,0,65535_65535,2,41,4362342,19,1,1,1,3,19,28,1,1,allocated
58,7331,greenran_normal,0,0,65535_65535,2,61,4362339,12,1,1,0,2,0,28,1,1,pre_allocation
58,7331,greenran_normal,0,0,65535_65535,2,61,4362339,19,1,1,1,3,19,28,1,1,allocated
58,7331,greenran_normal,0,0,65535_65535,2,62,4362338,12,1,1,0,2,0,28,1,1,pre_allocation
58,7331,greenran_normal,0,0,65535_65535,2,62,4362338,19,1,1,1,3,19,28,1,1,allocated
58,7331,greenran_normal,0,0,65535_65535,2,63,4362337,12,1,1,0,2,0,28,1,1,pre_allocation
58,7331,greenran_normal,0,0,65535_65535,2,63,4362337,19,1,1,1,3,19,28,1,1,allocated
58,7331,greenran_normal,0,0,65535_65535,2,38,4364611,0,1,1,0,3,0,2,1,1,pre_allocation
58,7331,greenran_normal,0,0,65535_65535,2,38,4364611,1,1,1,1,4,1,2,1,1,allocated
58,7331,greenran_normal,0,0,65535_65535,2,60,4364312,4,1,1,0,3,0,14,1,1,pre_allocation
58,7331,greenran_normal,0,0,65535_65535,2,60,4364312,7,1,1,1,4,7,14,1,1,allocated
58,7331,greenran_normal,0,0,65535_65535,2,64,4364010,6,1,1,0,3,0,16,1,1,pre_allocation
58,7331,greenran_normal,0,0,65535_65535,2,64,4364010,10,1,1,1,4,10,16,1,1,allocated
58,7331,greenran_normal,0,0,65535_65535,2,43,4363450,10,1,1,0,3,0,20,1,1,pre_allocation
58,7331,greenran_normal,0,0,65535_65535,2,43,4363450,15,1,1,1,4,15,20,1,1,allocated
58,7331,greenran_normal,0,0,65535_65535,2,42,4362847,15,1,1,0,3,0,24,1,1,pre_allocation
58,7331,greenran_normal,0,0,65535_65535,2,42,4362847,21,1,1,1,4,21,24,1,1,allocated
58,7331,greenran_normal,0,0,65535_65535,2,36,4362410,18,1,1,0,3,0,26,1,1,pre_allocation
58,7331,greenran_normal,0,0,65535_65535,2,36,4362410,25,1,1,1,4,25,26,1,1,allocated
58,7331,greenran_normal,0,0,65535_65535,2,59,4362405,13,1,1,0,3,0,22,1,1,pre_allocation
58,7331,greenran_normal,0,0,65535_65535,2,59,4362405,18,1,1,1,4,18,22,1,1,allocated
58,7331,greenran_normal,0,0,65535_65535,2,58,4362422,18,1,1,0,3,0,26,1,1,pre_allocation
58,7331,greenran_normal,0,0,65535_65535,2,58,4362422,25,1,1,1,4,25,26,1,1,allocated
58,7331,greenran_normal,0,0,65535_65535,2,39,4362353,19,1,1,0,3,0,28,1,1,pre_allocation
58,7331,greenran_normal,0,0,65535_65535,2,39,4362353,27,1,1,1,4,27,28,1,1,allocated
58,7331,greenran_normal,0,0,65535_65535,2,37,4362343,19,1,1,0,3,0,28,1,1,pre_allocation
58,7331,greenran_normal,0,0,65535_65535,2,37,4362343,27,1,1,1,4,27,28,1,1,allocated
58,7331,greenran_normal,0,0,65535_65535,2,35,4362340,19,1,1,0,3,0,28,1,1,pre_allocation
58,7331,greenran_normal,0,0,65535_65535,2,35,4362340,27,1,1,1,4,27,28,1,1,allocated
58,7331,greenran_normal,0,0,65535_65535,2,44,4362340,19,1,1,0,3,0,28,1,1,pre_allocation
58,7331,greenran_normal,0,0,65535_65535,2,44,4362340,27,1,1,1,4,27,28,1,1,allocated
58,7331,greenran_normal,0,0,65535_65535,2,55,4362340,19,1,1,0,3,0,28,1,1,pre_allocation
58,7331,greenran_normal,0,0,65535_65535,2,55,4362340,27,1,1,1,4,27,28,1,1,allocated
58,7331,greenran_normal,0,0,65535_65535,2,56,4362340,19,1,1,0,3,0,28,1,1,pre_allocation
58,7331,greenran_normal,0,0,65535_65535,2,56,4362340,27,1,1,1,4,27,28,1,1,allocated
58,7331,greenran_normal,0,0,65535_65535,2,57,4362340,19,1,1,0,3,0,28,1,1,pre_allocation
58,7331,greenran_normal,0,0,65535_65535,2,57,4362340,27,1,1,1,4,27,28,1,1,allocated
58,7331,greenran_normal,0,0,65535_65535,2,40,4362342,19,1,1,0,3,0,28,1,1,pre_allocation
58,7331,greenran_normal,0,0,65535_65535,2,40,4362342,27,1,1,1,4,27,28,1,1,allocated
58,7331,greenran_normal,0,0,65535_65535,2,41,4362342,19,1,1,0,3,0,28,1,1,pre_allocation
58,7331,greenran_normal,0,0,65535_65535,2,41,4362342,27,1,1,1,4,27,28,1,1,allocated
58,7331,greenran_normal,0,0,65535_65535,2,61,4362339,19,1,1,0,3,0,28,1,1,pre_allocation
58,7331,greenran_normal,0,0,65535_65535,2,61,4362339,27,1,1,1,4,27,28,1,1,allocated
58,7331,greenran_normal,0,0,65535_65535,2,62,4362338,19,1,1,0,3,0,28,1,1,pre_allocation
58,7331,greenran_normal,0,0,65535_65535,2,62,4362338,27,1,1,1,4,27,28,1,1,allocated
58,7331,greenran_normal,0,0,65535_65535,2,63,4362337,19,1,1,0,3,0,28,1,1,pre_allocation
58,7331,greenran_normal,0,0,65535_65535,2,63,4362337,27,1,1,1,4,27,28,1,1,allocated
58,7331,greenran_normal,0,0,65535_65535,2,38,4364611,1,1,1,0,4,0,2,1,1,pre_allocation
58,7331,greenran_normal,0,0,65535_65535,2,38,4364611,1,1,1,1,5,1,2,1,1,allocated
58,7331,greenran_normal,0,0,65535_65535,2,60,4364312,7,1,1,0,4,0,14,1,1,pre_allocation
58,7331,greenran_normal,0,0,65535_65535,2,60,4364312,10,1,1,1,5,10,14,1,1,allocated
58,7331,greenran_normal,0,0,65535_65535,2,64,4364010,10,1,1,0,4,0,16,1,1,pre_allocation
58,7331,greenran_normal,0,0,65535_65535,2,64,4364010,13,1,1,1,5,13,16,1,1,allocated
58,7331,greenran_normal,0,0,65535_65535,2,43,4363450,15,1,1,0,4,0,20,1,1,pre_allocation
58,7331,greenran_normal,0,0,65535_65535,2,43,4363450,19,1,1,1,5,19,20,1,1,allocated
58,7331,greenran_normal,0,0,65535_65535,2,42,4362847,21,1,1,0,4,0,24,1,1,pre_allocation
58,7331,greenran_normal,0,0,65535_65535,2,42,4362847,27,1,1,1,5,27,24,1,1,allocated
58,7331,greenran_normal,0,0,65535_65535,2,36,4362410,25,1,1,0,4,0,26,1,1,pre_allocation
58,7331,greenran_normal,0,0,65535_65535,2,36,4362410,32,1,1,1,5,32,26,1,1,allocated
58,7331,greenran_normal,0,0,65535_65535,2,59,4362405,18,1,1,0,4,0,22,1,1,pre_allocation
58,7331,greenran_normal,0,0,65535_65535,2,59,4362405,23,1,1,1,5,23,22,1,1,allocated
58,7331,greenran_normal,0,0,65535_65535,2,58,4362422,25,1,1,0,4,0,26,1,1,pre_allocation
58,7331,greenran_normal,0,0,65535_65535,2,58,4362422,32,1,1,1,5,32,26,1,1,allocated
58,7331,greenran_normal,0,0,65535_65535,2,39,4362353,27,1,1,0,4,0,28,1,1,pre_allocation
58,7331,greenran_normal,0,0,65535_65535,2,39,4362353,34,1,1,1,5,34,28,1,1,allocated
58,7331,greenran_normal,0,0,65535_65535,2,37,4362343,27,1,1,0,4,0,28,1,1,pre_allocation
58,7331,greenran_normal,0,0,65535_65535,2,37,4362343,34,1,1,1,5,34,28,1,1,allocated
58,7331,greenran_normal,0,0,65535_65535,2,35,4362340,27,1,1,0,4,0,28,1,1,pre_allocation
58,7331,greenran_normal,0,0,65535_65535,2,35,4362340,34,1,1,1,5,34,28,1,1,allocated
58,7331,greenran_normal,0,0,65535_65535,2,44,4362340,27,1,1,0,4,0,28,1,1,pre_allocation
58,7331,greenran_normal,0,0,65535_65535,2,44,4362340,34,1,1,1,5,34,28,1,1,allocated
58,7331,greenran_normal,0,0,65535_65535,2,55,4362340,27,1,1,0,4,0,28,1,1,pre_allocation
58,7331,greenran_normal,0,0,65535_65535,2,55,4362340,34,1,1,1,5,34,28,1,1,allocated
58,7331,greenran_normal,0,0,65535_65535,2,56,4362340,27,1,1,0,4,0,28,1,1,pre_allocation
58,7331,greenran_normal,0,0,65535_65535,2,56,4362340,34,1,1,1,5,34,28,1,1,allocated
58,7331,greenran_normal,0,0,65535_65535,2,57,4362340,27,1,1,0,4,0,28,1,1,pre_allocation
58,7331,greenran_normal,0,0,65535_65535,2,57,4362340,34,1,1,1,5,34,28,1,1,allocated
58,7331,greenran_normal,0,0,65535_65535,2,40,4362342,27,1,1,0,4,0,28,1,1,pre_allocation
58,7331,greenran_normal,0,0,65535_65535,2,40,4362342,34,1,1,1,5,34,28,1,1,allocated
58,7331,greenran_normal,0,0,65535_65535,2,41,4362342,27,1,1,0,4,0,28,1,1,pre_allocation
58,7331,greenran_normal,0,0,65535_65535,2,41,4362342,34,1,1,1,5,34,28,1,1,allocated
58,7331,greenran_normal,0,0,65535_65535,2,61,4362339,27,1,1,0,4,0,28,1,1,pre_allocation
58,7331,greenran_normal,0,0,65535_65535,2,61,4362339,34,1,1,1,5,34,28,1,1,allocated
58,7331,greenran_normal,0,0,65535_65535,2,62,4362338,27,1,1,0,4,0,28,1,1,pre_allocation
58,7331,greenran_normal,0,0,65535_65535,2,62,4362338,34,1,1,1,5,34,28,1,1,allocated
58,7331,greenran_normal,0,0,65535_65535,2,63,4362337,27,1,1,0,4,0,28,1,1,pre_allocation
58,7331,greenran_normal,0,0,65535_65535,2,63,4362337,34,1,1,1,5,34,28,1,1,allocated
58,7331,greenran_normal,0,0,65535_65535,2,38,4364611,1,1,1,0,5,0,2,1,1,pre_allocation
58,7331,greenran_normal,0,0,65535_65535,2,38,4364611,1,1,1,1,6,1,2,1,1,allocated
58,7331,greenran_normal,0,0,65535_65535,2,60,4364312,10,1,1,0,5,0,14,1,1,pre_allocation
58,7331,greenran_normal,0,0,65535_65535,2,60,4364312,12,1,1,1,6,12,14,1,1,allocated
58,7331,greenran_normal,0,0,65535_65535,2,64,4364010,13,1,1,0,5,0,16,1,1,pre_allocation
58,7331,greenran_normal,0,0,65535_65535,2,64,4364010,16,1,1,1,6,16,16,1,1,allocated
58,7331,greenran_normal,0,0,65535_65535,2,43,4363450,19,1,1,0,5,0,20,1,1,pre_allocation
58,7331,greenran_normal,0,0,65535_65535,2,43,4363450,24,1,1,1,6,24,20,1,1,allocated
58,7331,greenran_normal,0,0,65535_65535,2,42,4362847,27,1,1,0,5,0,24,1,1,pre_allocation
58,7331,greenran_normal,0,0,65535_65535,2,42,4362847,34,1,1,1,6,34,24,1,1,allocated
58,7331,greenran_normal,0,0,65535_65535,2,36,4362410,32,1,1,0,5,0,26,1,1,pre_allocation
58,7331,greenran_normal,0,0,65535_65535,2,36,4362410,39,1,1,1,6,39,26,1,1,allocated
58,7331,greenran_normal,0,0,65535_65535,2,59,4362405,23,1,1,0,5,0,22,1,1,pre_allocation
58,7331,greenran_normal,0,0,65535_65535,2,59,4362405,29,1,1,1,6,29,22,1,1,allocated
58,7331,greenran_normal,0,0,65535_65535,2,58,4362422,32,1,1,0,5,0,26,1,1,pre_allocation
58,7331,greenran_normal,0,0,65535_65535,2,58,4362422,39,1,1,1,6,39,26,1,1,allocated
58,7331,greenran_normal,0,0,65535_65535,2,39,4362353,34,1,1,0,5,0,28,1,1,pre_allocation
58,7331,greenran_normal,0,0,65535_65535,2,39,4362353,42,1,1,1,6,42,28,1,1,allocated
58,7331,greenran_normal,0,0,65535_65535,2,37,4362343,34,1,1,0,5,0,28,1,1,pre_allocation
58,7331,greenran_normal,0,0,65535_65535,2,37,4362343,42,1,1,1,6,42,28,1,1,allocated
58,7331,greenran_normal,0,0,65535_65535,2,35,4362340,34,1,1,0,5,0,28,1,1,pre_allocation
58,7331,greenran_normal,0,0,65535_65535,2,35,4362340,42,1,1,1,6,42,28,1,1,allocated
58,7331,greenran_normal,0,0,65535_65535,2,44,4362340,34,1,1,0,5,0,28,1,1,pre_allocation
58,7331,greenran_normal,0,0,65535_65535,2,44,4362340,42,1,1,1,6,42,28,1,1,allocated
58,7331,greenran_normal,0,0,65535_65535,2,55,4362340,34,1,1,0,5,0,28,1,1,pre_allocation
58,7331,greenran_normal,0,0,65535_65535,2,55,4362340,42,1,1,1,6,42,28,1,1,allocated
58,7331,greenran_normal,0,0,65535_65535,2,56,4362340,34,1,1,0,5,0,28,1,1,pre_allocation
58,7331,greenran_normal,0,0,65535_65535,2,56,4362340,42,1,1,1,6,42,28,1,1,allocated
58,7331,greenran_normal,0,0,65535_65535,2,57,4362340,34,1,1,0,5,0,28,1,1,pre_allocation
58,7331,greenran_normal,0,0,65535_65535,2,57,4362340,42,1,1,1,6,42,28,1,1,allocated
58,7331,greenran_normal,0,0,65535_65535,2,40,4362342,34,1,1,0,5,0,28,1,1,pre_allocation
58,7331,greenran_normal,0,0,65535_65535,2,40,4362342,42,1,1,1,6,42,28,1,1,allocated
59,7606,greenran_normal,0,0,65535_65535,0,4,141677,0,1,1,0,0,0,24,1,1,pre_allocation
59,7606,greenran_normal,0,0,65535_65535,0,4,141677,3,1,1,1,1,3,24,1,1,allocated
59,7606,greenran_normal,0,0,65535_65535,0,2,139180,0,1,1,0,0,0,28,1,1,pre_allocation
59,7606,greenran_normal,0,0,65535_65535,0,2,139180,4,1,1,1,1,4,28,1,1,allocated
59,7606,greenran_normal,0,0,65535_65535,0,5,139162,0,1,1,0,0,0,28,1,1,pre_allocation
59,7606,greenran_normal,0,0,65535_65535,0,5,139162,4,1,1,1,1,4,28,1,1,allocated
59,7606,greenran_normal,0,0,65535_65535,0,1,139166,0,1,1,0,0,0,28,1,1,pre_allocation
59,7606,greenran_normal,0,0,65535_65535,0,1,139166,4,1,1,1,1,4,28,1,1,allocated
59,7606,greenran_normal,0,0,65535_65535,0,3,139161,0,1,1,0,0,0,28,1,1,pre_allocation
59,7606,greenran_normal,0,0,65535_65535,0,3,139161,4,1,1,1,1,4,28,1,1,allocated
59,7606,greenran_normal,0,0,65535_65535,0,4,141677,3,1,1,0,1,0,24,1,1,pre_allocation
59,7606,greenran_normal,0,0,65535_65535,0,4,141677,9,1,1,1,2,9,24,1,1,allocated
59,7606,greenran_normal,0,0,65535_65535,0,2,139180,4,1,1,0,1,0,28,1,1,pre_allocation
59,7606,greenran_normal,0,0,65535_65535,0,2,139180,12,1,1,1,2,12,28,1,1,allocated
59,7606,greenran_normal,0,0,65535_65535,0,5,139162,4,1,1,0,1,0,28,1,1,pre_allocation
59,7606,greenran_normal,0,0,65535_65535,0,5,139162,12,1,1,1,2,12,28,1,1,allocated
59,7606,greenran_normal,0,0,65535_65535,0,1,139166,4,1,1,0,1,0,28,1,1,pre_allocation
59,7606,greenran_normal,0,0,65535_65535,0,1,139166,12,1,1,1,2,12,28,1,1,allocated
59,7606,greenran_normal,0,0,65535_65535,0,3,139161,4,1,1,0,1,0,28,1,1,pre_allocation
59,7606,greenran_normal,0,0,65535_65535,0,3,139161,12,1,1,1,2,12,28,1,1,allocated
59,7606,greenran_normal,0,0,65535_65535,0,4,141677,9,1,1,0,2,0,24,1,1,pre_allocation
59,7606,greenran_normal,0,0,65535_65535,0,4,141677,15,1,1,1,3,15,24,1,1,allocated
59,7606,greenran_normal,0,0,65535_65535,0,2,139180,12,1,1,0,2,0,28,1,1,pre_allocation
59,7606,greenran_normal,0,0,65535_65535,0,2,139180,19,1,1,1,3,19,28,1,1,allocated
59,7606,greenran_normal,0,0,65535_65535,0,5,139162,12,1,1,0,2,0,28,1,1,pre_allocation
59,7606,greenran_normal,0,0,65535_65535,0,5,139162,19,1,1,1,3,19,28,1,1,allocated
59,7606,greenran_normal,0,0,65535_65535,0,1,139166,12,1,1,0,2,0,28,1,1,pre_allocation
59,7606,greenran_normal,0,0,65535_65535,0,1,139166,19,1,1,1,3,19,28,1,1,allocated
59,7606,greenran_normal,0,0,65535_65535,0,3,139161,12,1,1,0,2,0,28,1,1,pre_allocation
59,7606,greenran_normal,0,0,65535_65535,0,3,139161,19,1,1,1,3,19,28,1,1,allocated
59,7606,greenran_normal,0,0,65535_65535,0,4,141677,15,1,1,0,3,0,24,1,1,pre_allocation
59,7606,greenran_normal,0,0,65535_65535,0,4,141677,21,1,1,1,4,21,24,1,1,allocated
59,7606,greenran_normal,0,0,65535_65535,0,2,139180,19,1,1,0,3,0,28,1,1,pre_allocation
59,7606,greenran_normal,0,0,65535_65535,0,2,139180,27,1,1,1,4,27,28,1,1,allocated
59,7606,greenran_normal,0,0,65535_65535,0,5,139162,19,1,1,0,3,0,28,1,1,pre_allocation
59,7606,greenran_normal,0,0,65535_65535,0,5,139162,27,1,1,1,4,27,28,1,1,allocated
59,7606,greenran_normal,0,0,65535_65535,0,1,139166,19,1,1,0,3,0,28,1,1,pre_allocation
59,7606,greenran_normal,0,0,65535_65535,0,1,139166,27,1,1,1,4,27,28,1,1,allocated
59,7606,greenran_normal,0,0,65535_65535,0,3,139161,19,1,1,0,3,0,28,1,1,pre_allocation
59,7606,greenran_normal,0,0,65535_65535,0,3,139161,27,1,1,1,4,27,28,1,1,allocated
59,7606,greenran_normal,0,0,65535_65535,0,4,141677,21,1,1,0,4,0,24,1,1,pre_allocation
59,7606,greenran_normal,0,0,65535_65535,0,4,141677,27,1,1,1,5,27,24,1,1,allocated
59,7606,greenran_normal,0,0,65535_65535,0,2,139180,27,1,1,0,4,0,28,1,1,pre_allocation
59,7606,greenran_normal,0,0,65535_65535,0,2,139180,34,1,1,1,5,34,28,1,1,allocated
59,7606,greenran_normal,0,0,65535_65535,0,5,139162,27,1,1,0,4,0,28,1,1,pre_allocation
59,7606,greenran_normal,0,0,65535_65535,0,5,139162,34,1,1,1,5,34,28,1,1,allocated
59,7606,greenran_normal,0,0,65535_65535,0,1,139166,27,1,1,0,4,0,28,1,1,pre_allocation
59,7606,greenran_normal,0,0,65535_65535,0,1,139166,34,1,1,1,5,34,28,1,1,allocated
59,7606,greenran_normal,0,0,65535_65535,0,3,139161,27,1,1,0,4,0,28,1,1,pre_allocation
59,7606,greenran_normal,0,0,65535_65535,0,3,139161,34,1,1,1,5,34,28,1,1,allocated
59,7606,greenran_normal,0,0,65535_65535,0,4,141677,27,1,1,0,5,0,24,1,1,pre_allocation
59,7606,greenran_normal,0,0,65535_65535,0,4,141677,34,1,1,1,6,34,24,1,1,allocated
59,7606,greenran_normal,0,0,65535_65535,0,2,139180,34,1,1,0,5,0,28,1,1,pre_allocation
59,7606,greenran_normal,0,0,65535_65535,0,2,139180,42,1,1,1,6,42,28,1,1,allocated
59,7606,greenran_normal,0,0,65535_65535,0,5,139162,34,1,1,0,5,0,28,1,1,pre_allocation
59,7606,greenran_normal,0,0,65535_65535,0,5,139162,42,1,1,1,6,42,28,1,1,allocated
59,7606,greenran_normal,0,0,65535_65535,0,1,139166,34,1,1,0,5,0,28,1,1,pre_allocation
59,7606,greenran_normal,0,0,65535_65535,0,1,139166,42,1,1,1,6,42,28,1,1,allocated
59,7606,greenran_normal,0,0,65535_65535,0,3,139161,34,1,1,0,5,0,28,1,1,pre_allocation
59,7606,greenran_normal,0,0,65535_65535,0,3,139161,42,1,1,1,6,42,28,1,1,allocated
59,7606,greenran_normal,0,0,65535_65535,0,4,141677,34,1,1,0,6,0,24,1,1,pre_allocation
59,7606,greenran_normal,0,0,65535_65535,0,4,141677,40,1,1,1,7,40,24,1,1,allocated
59,7606,greenran_normal,0,0,65535_65535,0,2,139180,42,1,1,0,6,0,28,1,1,pre_allocation
59,7606,greenran_normal,0,0,65535_65535,0,2,139180,50,1,1,1,7,50,28,1,1,allocated
59,7606,greenran_normal,0,0,65535_65535,0,5,139162,42,1,1,0,6,0,28,1,1,pre_allocation
59,7606,greenran_normal,0,0,65535_65535,0,5,139162,50,1,1,1,7,50,28,1,1,allocated
59,7606,greenran_normal,0,0,65535_65535,0,1,139166,42,1,1,0,6,0,28,1,1,pre_allocation
59,7606,greenran_normal,0,0,65535_65535,0,1,139166,50,1,1,1,7,50,28,1,1,allocated
59,7606,greenran_normal,0,0,65535_65535,0,3,139161,42,1,1,0,6,0,28,1,1,pre_allocation
59,7606,greenran_normal,0,0,65535_65535,0,3,139161,50,1,1,1,7,50,28,1,1,allocated
59,7606,greenran_normal,0,0,65535_65535,0,4,141677,40,1,1,0,7,0,24,1,1,pre_allocation
59,7606,greenran_normal,0,0,65535_65535,0,4,141677,46,1,1,1,8,46,24,1,1,allocated
59,7606,greenran_normal,0,0,65535_65535,0,2,139180,50,1,1,0,7,0,28,1,1,pre_allocation
59,7606,greenran_normal,0,0,65535_65535,0,2,139180,57,1,1,1,8,57,28,1,1,allocated
59,7606,greenran_normal,0,0,65535_65535,0,5,139162,50,1,1,0,7,0,28,1,1,pre_allocation
59,7606,greenran_normal,0,0,65535_65535,0,5,139162,57,1,1,1,8,57,28,1,1,allocated
59,7606,greenran_normal,0,0,65535_65535,0,1,139166,50,1,1,0,7,0,28,1,1,pre_allocation
59,7606,greenran_normal,0,0,65535_65535,0,1,139166,57,1,1,1,8,57,28,1,1,allocated
59,7606,greenran_normal,0,0,65535_65535,0,3,139161,50,1,1,0,7,0,28,1,1,pre_allocation
59,7606,greenran_normal,0,0,65535_65535,0,3,139161,57,1,1,1,8,57,28,1,1,allocated
59,7606,greenran_normal,0,0,65535_65535,0,4,141677,46,1,1,0,8,0,24,1,1,pre_allocation
59,7606,greenran_normal,0,0,65535_65535,0,4,141677,52,1,1,1,9,52,24,1,1,allocated
59,7606,greenran_normal,0,0,65535_65535,0,2,139180,57,1,1,0,8,0,28,1,1,pre_allocation
59,7606,greenran_normal,0,0,65535_65535,0,2,139180,65,1,1,1,9,65,28,1,1,allocated
59,7606,greenran_normal,0,0,65535_65535,0,5,139162,57,1,1,0,8,0,28,1,1,pre_allocation
59,7606,greenran_normal,0,0,65535_65535,0,5,139162,65,1,1,1,9,65,28,1,1,allocated
59,7606,greenran_normal,0,0,65535_65535,0,1,139166,57,1,1,0,8,0,28,1,1,pre_allocation
59,7606,greenran_normal,0,0,65535_65535,0,1,139166,65,1,1,1,9,65,28,1,1,allocated
59,7606,greenran_normal,0,0,65535_65535,0,3,139161,57,1,1,0,8,0,28,1,1,pre_allocation
59,7606,greenran_normal,0,0,65535_65535,0,3,139161,65,1,1,1,9,65,28,1,1,allocated
59,7606,greenran_normal,0,0,65535_65535,0,4,141677,52,1,1,0,9,0,24,1,1,pre_allocation
59,7606,greenran_normal,0,0,65535_65535,0,4,141677,58,1,1,1,10,58,24,1,1,allocated
59,7606,greenran_normal,0,0,65535_65535,0,2,139180,65,1,1,0,9,0,28,1,1,pre_allocation
59,7606,greenran_normal,0,0,65535_65535,0,2,139180,72,1,1,1,10,72,28,1,1,allocated
59,7606,greenran_normal,0,0,65535_65535,0,5,139162,65,1,1,0,9,0,28,1,1,pre_allocation
59,7606,greenran_normal,0,0,65535_65535,0,5,139162,72,1,1,1,10,72,28,1,1,allocated
59,7606,greenran_normal,0,0,65535_65535,0,1,139166,65,1,1,0,9,0,28,1,1,pre_allocation
59,7606,greenran_normal,0,0,65535_65535,0,1,139166,72,1,1,1,10,72,28,1,1,allocated
59,7606,greenran_normal,0,0,65535_65535,0,3,139161,65,1,1,0,9,0,28,1,1,pre_allocation
59,7606,greenran_normal,0,0,65535_65535,0,3,139161,72,1,1,1,10,72,28,1,1,allocated
59,7606,greenran_normal,0,0,65535_65535,0,4,141677,58,1,1,0,10,0,24,1,1,pre_allocation
59,7606,greenran_normal,0,0,65535_65535,0,4,141677,65,1,1,1,11,65,24,1,1,allocated
59,7606,greenran_normal,0,0,65535_65535,0,2,139180,72,1,1,0,10,0,28,1,1,pre_allocation
59,7606,greenran_normal,0,0,65535_65535,0,2,139180,80,1,1,1,11,80,28,1,1,allocated
59,7606,greenran_normal,0,0,65535_65535,0,5,139162,72,1,1,0,10,0,28,1,1,pre_allocation
59,7606,greenran_normal,0,0,65535_65535,0,5,139162,80,1,1,1,11,80,28,1,1,allocated
59,7606,greenran_normal,0,0,65535_65535,0,1,139166,72,1,1,0,10,0,28,1,1,pre_allocation
59,7606,greenran_normal,0,0,65535_65535,0,1,139166,80,1,1,1,11,80,28,1,1,allocated
59,7606,greenran_normal,0,0,65535_65535,0,3,139161,72,1,1,0,10,0,28,1,1,pre_allocation
59,7606,greenran_normal,0,0,65535_65535,0,3,139161,80,1,1,1,11,80,28,1,1,allocated
59,7606,greenran_normal,0,0,65535_65535,0,4,141677,65,1,1,0,11,0,24,1,1,pre_allocation
59,7606,greenran_normal,0,0,65535_65535,0,4,141677,71,1,1,1,12,71,24,1,1,allocated
59,7606,greenran_normal,0,0,65535_65535,0,2,139180,80,1,1,0,11,0,28,1,1,pre_allocation
59,7606,greenran_normal,0,0,65535_65535,0,2,139180,88,1,1,1,12,88,28,1,1,allocated
59,7606,greenran_normal,0,0,65535_65535,0,5,139162,80,1,1,0,11,0,28,1,1,pre_allocation
59,7606,greenran_normal,0,0,65535_65535,0,5,139162,88,1,1,1,12,88,28,1,1,allocated
59,7606,greenran_normal,0,0,65535_65535,0,1,139166,80,1,1,0,11,0,28,1,1,pre_allocation
59,7606,greenran_normal,0,0,65535_65535,0,1,139166,88,1,1,1,12,88,28,1,1,allocated
59,7606,greenran_normal,0,0,65535_65535,0,3,139161,80,1,1,0,11,0,28,1,1,pre_allocation
59,7606,greenran_normal,0,0,65535_65535,0,3,139161,88,1,1,1,12,88,28,1,1,allocated
59,7606,greenran_normal,0,0,65535_65535,0,4,141677,71,1,1,0,12,0,24,1,1,pre_allocation
59,7606,greenran_normal,0,0,65535_65535,0,4,141677,77,1,1,1,13,77,24,1,1,allocated
59,7606,greenran_normal,0,0,65535_65535,0,2,139180,88,1,1,0,12,0,28,1,1,pre_allocation
59,7606,greenran_normal,0,0,65535_65535,0,2,139180,95,1,1,1,13,95,28,1,1,allocated
59,7606,greenran_normal,0,0,65535_65535,0,5,139162,88,1,1,0,12,0,28,1,1,pre_allocation
59,7606,greenran_normal,0,0,65535_65535,0,5,139162,95,1,1,1,13,95,28,1,1,allocated
59,7606,greenran_normal,0,0,65535_65535,0,1,139166,88,1,1,0,12,0,28,1,1,pre_allocation
59,7606,greenran_normal,0,0,65535_65535,0,1,139166,95,1,1,1,13,95,28,1,1,allocated
59,7606,greenran_normal,0,0,65535_65535,0,3,139161,88,1,1,0,12,0,28,1,1,pre_allocation
59,7606,greenran_normal,0,0,65535_65535,0,3,139161,95,1,1,1,13,95,28,1,1,allocated
59,7606,greenran_normal,0,0,65535_65535,0,4,141677,77,1,1,0,13,0,24,1,1,pre_allocation
59,7606,greenran_normal,0,0,65535_65535,0,4,141677,83,1,1,1,14,83,24,1,1,allocated
59,7606,greenran_normal,0,0,65535_65535,0,2,139180,95,1,1,0,13,0,28,1,1,pre_allocation
59,7606,greenran_normal,0,0,65535_65535,0,2,139180,103,1,1,1,14,103,28,1,1,allocated
59,7606,greenran_normal,0,0,65535_65535,0,5,139162,95,1,1,0,13,0,28,1,1,pre_allocation
59,7606,greenran_normal,0,0,65535_65535,0,5,139162,103,1,1,1,14,103,28,1,1,allocated
59,7606,greenran_normal,0,0,65535_65535,0,1,139166,95,1,1,0,13,0,28,1,1,pre_allocation
59,7606,greenran_normal,0,0,65535_65535,0,1,139166,103,1,1,1,14,103,28,1,1,allocated
59,7606,greenran_normal,0,0,65535_65535,0,3,139161,95,1,1,0,13,0,28,1,1,pre_allocation
59,7606,greenran_normal,0,0,65535_65535,0,3,139161,103,1,1,1,14,103,28,1,1,allocated
59,7606,greenran_normal,0,0,65535_65535,0,4,141677,83,1,1,0,14,0,24,1,1,pre_allocation
59,7606,greenran_normal,0,0,65535_65535,0,4,141677,89,1,1,1,15,89,24,1,1,allocated
59,7606,greenran_normal,0,0,65535_65535,0,2,139180,103,1,1,0,14,0,28,1,1,pre_allocation
59,7606,greenran_normal,0,0,65535_65535,0,2,139180,110,1,1,1,15,110,28,1,1,allocated
59,7606,greenran_normal,0,0,65535_65535,0,5,139162,103,1,1,0,14,0,28,1,1,pre_allocation
59,7606,greenran_normal,0,0,65535_65535,0,5,139162,110,1,1,1,15,110,28,1,1,allocated
59,7606,greenran_normal,0,0,65535_65535,0,1,139166,103,1,1,0,14,0,28,1,1,pre_allocation
59,7606,greenran_normal,0,0,65535_65535,0,1,139166,110,1,1,1,15,110,28,1,1,allocated
59,7606,greenran_normal,0,0,65535_65535,0,3,139161,103,1,1,0,14,0,28,1,1,pre_allocation
59,7606,greenran_normal,0,0,65535_65535,0,3,139161,110,1,1,1,15,110,28,1,1,allocated
59,7606,greenran_normal,0,0,65535_65535,0,4,141677,89,1,1,0,15,0,24,1,1,pre_allocation
59,7606,greenran_normal,0,0,65535_65535,0,4,141677,96,1,1,1,16,96,24,1,1,allocated
59,7606,greenran_normal,0,0,65535_65535,0,2,139180,110,1,1,0,15,0,28,1,1,pre_allocation
59,7606,greenran_normal,0,0,65535_65535,0,2,139180,118,1,1,1,16,118,28,1,1,allocated
59,7606,greenran_normal,0,0,65535_65535,0,5,139162,110,1,1,0,15,0,28,1,1,pre_allocation
59,7606,greenran_normal,0,0,65535_65535,0,5,139162,118,1,1,1,16,118,28,1,1,allocated
59,7606,greenran_normal,0,0,65535_65535,0,1,139166,110,1,1,0,15,0,28,1,1,pre_allocation
59,7606,greenran_normal,0,0,65535_65535,0,1,139166,118,1,1,1,16,118,28,1,1,allocated
59,7606,greenran_normal,0,0,65535_65535,0,3,139161,110,1,1,0,15,0,28,1,1,pre_allocation
59,7606,greenran_normal,0,0,65535_65535,0,3,139161,118,1,1,1,16,118,28,1,1,allocated
59,7606,greenran_normal,0,0,65535_65535,0,4,141677,96,1,1,0,16,0,24,1,1,pre_allocation
59,7606,greenran_normal,0,0,65535_65535,0,4,141677,102,1,1,1,17,102,24,1,1,allocated
59,7606,greenran_normal,0,0,65535_65535,0,2,139180,118,1,1,0,16,0,28,1,1,pre_allocation
59,7606,greenran_normal,0,0,65535_65535,0,2,139180,126,1,1,1,17,126,28,1,1,allocated
59,7606,greenran_normal,0,0,65535_65535,0,5,139162,118,1,1,0,16,0,28,1,1,pre_allocation
59,7606,greenran_normal,0,0,65535_65535,0,5,139162,126,1,1,1,17,126,28,1,1,allocated
59,7606,greenran_normal,0,0,65535_65535,0,1,139166,118,1,1,0,16,0,28,1,1,pre_allocation
59,7606,greenran_normal,0,0,65535_65535,0,1,139166,126,1,1,1,17,126,28,1,1,allocated
59,7606,greenran_normal,0,0,65535_65535,0,3,139161,118,1,1,0,16,0,28,1,1,pre_allocation
59,7606,greenran_normal,0,0,65535_65535,0,3,139161,126,1,1,1,17,126,28,1,1,allocated
59,7606,greenran_normal,0,0,65535_65535,0,4,141677,102,1,1,0,17,0,24,1,1,pre_allocation
59,7606,greenran_normal,0,0,65535_65535,0,4,141677,108,1,1,1,18,108,24,1,1,allocated
59,7606,greenran_normal,0,0,65535_65535,0,2,139180,126,1,1,0,17,0,28,1,1,pre_allocation
59,7606,greenran_normal,0,0,65535_65535,0,2,139180,133,1,1,1,18,133,28,1,1,allocated
59,7606,greenran_normal,0,0,65535_65535,0,5,139162,126,1,1,0,17,0,28,1,1,pre_allocation
59,7606,greenran_normal,0,0,65535_65535,0,5,139162,133,1,1,1,18,133,28,1,1,allocated
59,7606,greenran_normal,0,0,65535_65535,0,1,139166,126,1,1,0,17,0,28,1,1,pre_allocation
59,7606,greenran_normal,0,0,65535_65535,0,1,139166,133,1,1,1,18,133,28,1,1,allocated
59,7606,greenran_normal,0,0,65535_65535,0,3,139161,126,1,1,0,17,0,28,1,1,pre_allocation
59,7606,greenran_normal,0,0,65535_65535,0,3,139161,133,1,1,1,18,133,28,1,1,allocated
59,7606,greenran_normal,0,0,65535_65535,0,4,141677,108,1,1,0,18,0,24,1,1,pre_allocation
59,7606,greenran_normal,0,0,65535_65535,0,4,141677,114,1,1,1,19,114,24,1,1,allocated
59,7606,greenran_normal,0,0,65535_65535,0,2,139180,133,1,1,0,18,0,28,1,1,pre_allocation
59,7606,greenran_normal,0,0,65535_65535,0,2,139180,141,1,1,1,19,141,28,1,1,allocated
59,7606,greenran_normal,0,0,65535_65535,0,5,139162,133,1,1,0,18,0,28,1,1,pre_allocation
59,7606,greenran_normal,0,0,65535_65535,0,5,139162,141,1,1,1,19,141,28,1,1,allocated
59,7606,greenran_normal,0,0,65535_65535,0,1,139166,133,1,1,0,18,0,28,1,1,pre_allocation
59,7606,greenran_normal,0,0,65535_65535,0,1,139166,141,1,1,1,19,141,28,1,1,allocated
59,7606,greenran_normal,0,0,65535_65535,0,3,139161,133,1,1,0,18,0,28,1,1,pre_allocation
59,7606,greenran_normal,0,0,65535_65535,0,3,139161,141,1,1,1,19,141,28,1,1,allocated
59,7606,greenran_normal,0,0,65535_65535,0,4,141677,114,1,1,0,19,0,24,1,1,pre_allocation
59,7606,greenran_normal,0,0,65535_65535,0,4,141677,120,1,1,1,20,120,24,1,1,allocated
59,7606,greenran_normal,0,0,65535_65535,0,2,139180,141,1,1,0,19,0,28,1,1,pre_allocation
59,7606,greenran_normal,0,0,65535_65535,0,2,139180,148,1,1,1,20,148,28,1,1,allocated
59,7606,greenran_normal,0,0,65535_65535,0,5,139162,141,1,1,0,19,0,28,1,1,pre_allocation
59,7606,greenran_normal,0,0,65535_65535,0,5,139162,148,1,1,1,20,148,28,1,1,allocated
59,7606,greenran_normal,0,0,65535_65535,0,1,139166,141,1,1,0,19,0,28,1,1,pre_allocation
59,7606,greenran_normal,0,0,65535_65535,0,1,139166,148,1,1,1,20,148,28,1,1,allocated
59,7606,greenran_normal,0,0,65535_65535,0,3,139161,141,1,1,0,19,0,28,1,1,pre_allocation
59,7606,greenran_normal,0,0,65535_65535,0,3,139161,148,1,1,1,20,148,28,1,1,allocated
59,7606,greenran_normal,0,0,65535_65535,0,4,141677,120,1,1,0,20,0,24,1,1,pre_allocation
59,7606,greenran_normal,0,0,65535_65535,0,4,141677,126,1,1,1,21,126,24,1,1,allocated
59,7606,greenran_normal,0,0,65535_65535,0,2,139180,148,1,1,0,20,0,28,1,1,pre_allocation
59,7606,greenran_normal,0,0,65535_65535,0,2,139180,156,1,1,1,21,156,28,1,1,allocated
59,7606,greenran_normal,0,0,65535_65535,0,5,139162,148,1,1,0,20,0,28,1,1,pre_allocation
59,7606,greenran_normal,0,0,65535_65535,0,5,139162,156,1,1,1,21,156,28,1,1,allocated
59,7606,greenran_normal,0,0,65535_65535,0,1,139166,148,1,1,0,20,0,28,1,1,pre_allocation
59,7606,greenran_normal,0,0,65535_65535,0,1,139166,156,1,1,1,21,156,28,1,1,allocated
59,7606,greenran_normal,0,0,65535_65535,0,3,139161,148,1,1,0,20,0,28,1,1,pre_allocation
59,7606,greenran_normal,0,0,65535_65535,0,3,139161,156,1,1,1,21,156,28,1,1,allocated
59,7606,greenran_normal,0,0,65535_65535,0,4,141677,126,1,1,0,21,0,24,1,1,pre_allocation
59,7606,greenran_normal,0,0,65535_65535,0,4,141677,133,1,1,1,22,133,24,1,1,allocated
59,7606,greenran_normal,0,0,65535_65535,0,2,139180,156,1,1,0,21,0,28,1,1,pre_allocation
59,7606,greenran_normal,0,0,65535_65535,0,2,139180,163,1,1,1,22,163,28,1,1,allocated
59,7606,greenran_normal,0,0,65535_65535,0,5,139162,156,1,1,0,21,0,28,1,1,pre_allocation
59,7606,greenran_normal,0,0,65535_65535,0,5,139162,163,1,1,1,22,163,28,1,1,allocated
59,7606,greenran_normal,0,0,65535_65535,0,1,139166,156,1,1,0,21,0,28,1,1,pre_allocation
59,7606,greenran_normal,0,0,65535_65535,0,1,139166,163,1,1,1,22,163,28,1,1,allocated
59,7606,greenran_normal,0,0,65535_65535,0,3,139161,156,1,1,0,21,0,28,1,1,pre_allocation
59,7606,greenran_normal,0,0,65535_65535,0,3,139161,163,1,1,1,22,163,28,1,1,allocated
59,7606,greenran_normal,0,0,65535_65535,0,4,141677,133,1,1,0,22,0,24,1,1,pre_allocation
59,7606,greenran_normal,0,0,65535_65535,0,4,141677,139,1,1,1,23,139,24,1,1,allocated
59,7606,greenran_normal,0,0,65535_65535,0,2,139180,163,1,1,0,22,0,28,1,1,pre_allocation
59,7606,greenran_normal,0,0,65535_65535,0,2,139180,171,1,1,1,23,171,28,1,1,allocated
59,7606,greenran_normal,0,0,65535_65535,0,5,139162,163,1,1,0,22,0,28,1,1,pre_allocation
59,7606,greenran_normal,0,0,65535_65535,0,5,139162,171,1,1,1,23,171,28,1,1,allocated
59,7606,greenran_normal,0,0,65535_65535,0,1,139166,163,1,1,0,22,0,28,1,1,pre_allocation
59,7606,greenran_normal,0,0,65535_65535,0,1,139166,171,1,1,1,23,171,28,1,1,allocated
59,7606,greenran_normal,0,0,65535_65535,0,3,139161,163,1,1,0,22,0,28,1,1,pre_allocation
59,7606,greenran_normal,0,0,65535_65535,0,3,139161,171,1,1,1,23,171,28,1,1,allocated
59,7606,greenran_normal,0,0,65535_65535,0,4,141677,139,1,1,0,23,0,24,1,1,pre_allocation
59,7606,greenran_normal,0,0,65535_65535,0,4,141677,145,1,1,1,24,145,24,1,1,allocated
59,7606,greenran_normal,0,0,65535_65535,0,2,139180,171,1,1,0,23,0,28,1,1,pre_allocation
59,7606,greenran_normal,0,0,65535_65535,0,2,139180,179,1,1,1,24,179,28,1,1,allocated
59,7606,greenran_normal,0,0,65535_65535,0,5,139162,171,1,1,0,23,0,28,1,1,pre_allocation
59,7606,greenran_normal,0,0,65535_65535,0,5,139162,179,1,1,1,24,179,28,1,1,allocated
59,7606,greenran_normal,0,0,65535_65535,0,1,139166,171,1,1,0,23,0,28,1,1,pre_allocation
59,7606,greenran_normal,0,0,65535_65535,0,1,139166,179,1,1,1,24,179,28,1,1,allocated
59,7606,greenran_normal,0,0,65535_65535,0,3,139161,171,1,1,0,23,0,28,1,1,pre_allocation
59,7606,greenran_normal,0,0,65535_65535,0,3,139161,179,1,1,1,24,179,28,1,1,allocated
59,7606,greenran_normal,0,0,65535_65535,0,4,141677,145,1,1,0,24,0,24,1,1,pre_allocation
59,7606,greenran_normal,0,0,65535_65535,0,4,141677,151,1,1,1,25,151,24,1,1,allocated
59,7606,greenran_normal,0,0,65535_65535,0,2,139180,179,1,1,0,24,0,28,1,1,pre_allocation
59,7606,greenran_normal,0,0,65535_65535,0,2,139180,186,1,1,1,25,186,28,1,1,allocated
59,7606,greenran_normal,0,0,65535_65535,0,5,139162,179,1,1,0,24,0,28,1,1,pre_allocation
59,7606,greenran_normal,0,0,65535_65535,0,5,139162,186,1,1,1,25,186,28,1,1,allocated
59,7606,greenran_normal,0,0,65535_65535,0,1,139166,179,1,1,0,24,0,28,1,1,pre_allocation
59,7606,greenran_normal,0,0,65535_65535,0,1,139166,186,1,1,1,25,186,28,1,1,allocated
59,7606,greenran_normal,0,0,65535_65535,0,3,139161,179,1,1,0,24,0,28,1,1,pre_allocation
59,7606,greenran_normal,0,0,65535_65535,0,3,139161,186,1,1,1,25,186,28,1,1,allocated
59,7606,greenran_normal,0,0,65535_65535,0,4,141677,151,1,1,0,25,0,24,1,1,pre_allocation
59,7606,greenran_normal,0,0,65535_65535,0,4,141677,157,1,1,1,26,157,24,1,1,allocated
59,7606,greenran_normal,0,0,65535_65535,0,2,139180,186,1,1,0,25,0,28,1,1,pre_allocation
59,7606,greenran_normal,0,0,65535_65535,0,2,139180,194,1,1,1,26,194,28,1,1,allocated
59,7606,greenran_normal,0,0,65535_65535,0,5,139162,186,1,1,0,25,0,28,1,1,pre_allocation
59,7606,greenran_normal,0,0,65535_65535,0,5,139162,194,1,1,1,26,194,28,1,1,allocated
59,7606,greenran_normal,0,0,65535_65535,0,1,139166,186,1,1,0,25,0,28,1,1,pre_allocation
59,7606,greenran_normal,0,0,65535_65535,0,1,139166,194,1,1,1,26,194,28,1,1,allocated
59,7606,greenran_normal,0,0,65535_65535,0,3,139161,186,1,1,0,25,0,28,1,1,pre_allocation
59,7606,greenran_normal,0,0,65535_65535,0,3,139161,194,1,1,1,26,194,28,1,1,allocated
59,7606,greenran_normal,0,0,65535_65535,0,4,141677,157,1,1,0,26,0,24,1,1,pre_allocation
59,7606,greenran_normal,0,0,65535_65535,0,4,141677,164,1,1,1,27,164,24,1,1,allocated
59,7606,greenran_normal,0,0,65535_65535,0,2,139180,194,1,1,0,26,0,28,1,1,pre_allocation
59,7606,greenran_normal,0,0,65535_65535,0,2,139180,201,1,1,1,27,201,28,1,1,allocated
59,7606,greenran_normal,0,0,65535_65535,0,5,139162,194,1,1,0,26,0,28,1,1,pre_allocation
59,7606,greenran_normal,0,0,65535_65535,0,5,139162,201,1,1,1,27,201,28,1,1,allocated
59,7606,greenran_normal,0,0,65535_65535,0,1,139166,194,1,1,0,26,0,28,1,1,pre_allocation
59,7606,greenran_normal,0,0,65535_65535,0,1,139166,201,1,1,1,27,201,28,1,1,allocated
59,7606,greenran_normal,0,0,65535_65535,0,3,139161,194,1,1,0,26,0,28,1,1,pre_allocation
59,7606,greenran_normal,0,0,65535_65535,0,3,139161,201,1,1,1,27,201,28,1,1,allocated
59,7606,greenran_normal,0,0,65535_65535,0,4,141677,164,1,1,0,27,0,24,1,1,pre_allocation
59,7606,greenran_normal,0,0,65535_65535,0,4,141677,170,1,1,1,28,170,24,1,1,allocated
59,7606,greenran_normal,0,0,65535_65535,0,2,139180,201,1,1,0,27,0,28,1,1,pre_allocation
59,7606,greenran_normal,0,0,65535_65535,0,2,139180,209,1,1,1,28,209,28,1,1,allocated
59,7606,greenran_normal,0,0,65535_65535,0,5,139162,201,1,1,0,27,0,28,1,1,pre_allocation
59,7606,greenran_normal,0,0,65535_65535,0,5,139162,209,1,1,1,28,209,28,1,1,allocated
59,7606,greenran_normal,0,0,65535_65535,0,1,139166,201,1,1,0,27,0,28,1,1,pre_allocation
59,7606,greenran_normal,0,0,65535_65535,0,1,139166,209,1,1,1,28,209,28,1,1,allocated
59,7606,greenran_normal,0,0,65535_65535,0,3,139161,201,1,1,0,27,0,28,1,1,pre_allocation
59,7606,greenran_normal,0,0,65535_65535,0,3,139161,209,1,1,1,28,209,28,1,1,allocated
59,7606,greenran_normal,0,0,65535_65535,0,4,141677,170,1,1,0,28,0,24,1,1,pre_allocation
59,7606,greenran_normal,0,0,65535_65535,0,4,141677,176,1,1,1,29,176,24,1,1,allocated
59,7606,greenran_normal,0,0,65535_65535,0,2,139180,209,1,1,0,28,0,28,1,1,pre_allocation
59,7606,greenran_normal,0,0,65535_65535,0,2,139180,217,1,1,1,29,217,28,1,1,allocated
59,7606,greenran_normal,0,0,65535_65535,0,5,139162,209,1,1,0,28,0,28,1,1,pre_allocation
59,7606,greenran_normal,0,0,65535_65535,0,5,139162,217,1,1,1,29,217,28,1,1,allocated
59,7606,greenran_normal,0,0,65535_65535,0,1,139166,209,1,1,0,28,0,28,1,1,pre_allocation
59,7606,greenran_normal,0,0,65535_65535,0,1,139166,217,1,1,1,29,217,28,1,1,allocated
59,7606,greenran_normal,0,0,65535_65535,0,3,139161,209,1,1,0,28,0,28,1,1,pre_allocation
59,7606,greenran_normal,0,0,65535_65535,0,3,139161,217,1,1,1,29,217,28,1,1,allocated
59,7606,greenran_normal,0,0,65535_65535,0,4,141677,176,1,1,0,29,0,24,1,1,pre_allocation
59,7606,greenran_normal,0,0,65535_65535,0,4,141677,182,1,1,1,30,182,24,1,1,allocated
59,7606,greenran_normal,0,0,65535_65535,0,2,139180,217,1,1,0,29,0,28,1,1,pre_allocation
59,7606,greenran_normal,0,0,65535_65535,0,2,139180,224,1,1,1,30,224,28,1,1,allocated
59,7606,greenran_normal,0,0,65535_65535,0,5,139162,217,1,1,0,29,0,28,1,1,pre_allocation
59,7606,greenran_normal,0,0,65535_65535,0,5,139162,224,1,1,1,30,224,28,1,1,allocated
59,7606,greenran_normal,0,0,65535_65535,0,1,139166,217,1,1,0,29,0,28,1,1,pre_allocation
59,7606,greenran_normal,0,0,65535_65535,0,1,139166,224,1,1,1,30,224,28,1,1,allocated
59,7606,greenran_normal,0,0,65535_65535,0,3,139161,217,1,1,0,29,0,28,1,1,pre_allocation
59,7606,greenran_normal,0,0,65535_65535,0,3,139161,224,1,1,1,30,224,28,1,1,allocated
59,7606,greenran_normal,0,0,65535_65535,2,38,4539315,0,1,1,0,0,0,2,1,1,pre_allocation
59,7606,greenran_normal,0,0,65535_65535,2,38,4539315,0,1,1,1,1,0,2,1,1,allocated
59,7606,greenran_normal,0,0,65535_65535,2,60,4539009,0,1,1,0,0,0,12,1,1,pre_allocation
59,7606,greenran_normal,0,0,65535_65535,2,60,4539009,2,1,1,1,1,2,12,1,1,allocated
59,7606,greenran_normal,0,0,65535_65535,2,64,4538703,0,1,1,0,0,0,16,1,1,pre_allocation
59,7606,greenran_normal,0,0,65535_65535,2,64,4538703,0,1,1,1,1,0,16,1,1,allocated
59,7606,greenran_normal,0,0,65535_65535,2,43,4538135,0,1,1,0,0,0,20,1,1,pre_allocation
59,7606,greenran_normal,0,0,65535_65535,2,43,4538135,1,1,1,1,1,1,20,1,1,allocated
59,7606,greenran_normal,0,0,65535_65535,2,42,4537522,0,1,1,0,0,0,24,1,1,pre_allocation
59,7606,greenran_normal,0,0,65535_65535,2,42,4537522,3,1,1,1,1,3,24,1,1,allocated
59,7606,greenran_normal,0,0,65535_65535,2,59,4537085,0,1,1,0,0,0,24,1,1,pre_allocation
59,7606,greenran_normal,0,0,65535_65535,2,59,4537085,3,1,1,1,1,3,24,1,1,allocated
59,7606,greenran_normal,0,0,65535_65535,2,36,4537080,0,1,1,0,0,0,28,1,1,pre_allocation
59,7606,greenran_normal,0,0,65535_65535,2,36,4537080,4,1,1,1,1,4,28,1,1,allocated
59,7606,greenran_normal,0,0,65535_65535,2,58,4537092,0,1,1,0,0,0,26,1,1,pre_allocation
59,7606,greenran_normal,0,0,65535_65535,2,58,4537092,4,1,1,1,1,4,26,1,1,allocated
59,7606,greenran_normal,0,0,65535_65535,2,39,4537020,0,1,1,0,0,0,28,1,1,pre_allocation
59,7606,greenran_normal,0,0,65535_65535,2,39,4537020,4,1,1,1,1,4,28,1,1,allocated
59,7606,greenran_normal,0,0,65535_65535,2,41,4537017,0,1,1,0,0,0,28,1,1,pre_allocation
59,7606,greenran_normal,0,0,65535_65535,2,41,4537017,4,1,1,1,1,4,28,1,1,allocated
59,7606,greenran_normal,0,0,65535_65535,2,61,4537014,0,1,1,0,0,0,28,1,1,pre_allocation
59,7606,greenran_normal,0,0,65535_65535,2,61,4537014,4,1,1,1,1,4,28,1,1,allocated
59,7606,greenran_normal,0,0,65535_65535,2,62,4537013,0,1,1,0,0,0,28,1,1,pre_allocation
59,7606,greenran_normal,0,0,65535_65535,2,62,4537013,4,1,1,1,1,4,28,1,1,allocated
59,7606,greenran_normal,0,0,65535_65535,2,63,4537012,0,1,1,0,0,0,28,1,1,pre_allocation
59,7606,greenran_normal,0,0,65535_65535,2,63,4537012,4,1,1,1,1,4,28,1,1,allocated
59,7606,greenran_normal,0,0,65535_65535,2,37,4537010,0,1,1,0,0,0,28,1,1,pre_allocation
59,7606,greenran_normal,0,0,65535_65535,2,37,4537010,4,1,1,1,1,4,28,1,1,allocated
59,7606,greenran_normal,0,0,65535_65535,2,35,4537007,0,1,1,0,0,0,28,1,1,pre_allocation
59,7606,greenran_normal,0,0,65535_65535,2,35,4537007,4,1,1,1,1,4,28,1,1,allocated
59,7606,greenran_normal,0,0,65535_65535,2,44,4537007,0,1,1,0,0,0,28,1,1,pre_allocation
59,7606,greenran_normal,0,0,65535_65535,2,44,4537007,4,1,1,1,1,4,28,1,1,allocated
59,7606,greenran_normal,0,0,65535_65535,2,55,4537007,0,1,1,0,0,0,28,1,1,pre_allocation
59,7606,greenran_normal,0,0,65535_65535,2,55,4537007,4,1,1,1,1,4,28,1,1,allocated
59,7606,greenran_normal,0,0,65535_65535,2,56,4537007,0,1,1,0,0,0,28,1,1,pre_allocation
59,7606,greenran_normal,0,0,65535_65535,2,56,4537007,4,1,1,1,1,4,28,1,1,allocated
59,7606,greenran_normal,0,0,65535_65535,2,57,4537007,0,1,1,0,0,0,28,1,1,pre_allocation
59,7606,greenran_normal,0,0,65535_65535,2,57,4537007,4,1,1,1,1,4,28,1,1,allocated
59,7606,greenran_normal,0,0,65535_65535,2,40,4537009,0,1,1,0,0,0,28,1,1,pre_allocation
59,7606,greenran_normal,0,0,65535_65535,2,40,4537009,4,1,1,1,1,4,28,1,1,allocated
59,7606,greenran_normal,0,0,65535_65535,2,38,4539315,0,1,1,0,1,0,2,1,1,pre_allocation
59,7606,greenran_normal,0,0,65535_65535,2,38,4539315,0,1,1,1,2,0,2,1,1,allocated
59,7606,greenran_normal,0,0,65535_65535,2,60,4539009,2,1,1,0,1,0,12,1,1,pre_allocation
59,7606,greenran_normal,0,0,65535_65535,2,60,4539009,1,1,1,1,2,1,12,1,1,allocated
59,7606,greenran_normal,0,0,65535_65535,2,64,4538703,0,1,1,0,1,0,16,1,1,pre_allocation
59,7606,greenran_normal,0,0,65535_65535,2,64,4538703,3,1,1,1,2,3,16,1,1,allocated
59,7606,greenran_normal,0,0,65535_65535,2,43,4538135,1,1,1,0,1,0,20,1,1,pre_allocation
59,7606,greenran_normal,0,0,65535_65535,2,43,4538135,6,1,1,1,2,6,20,1,1,allocated
59,7606,greenran_normal,0,0,65535_65535,2,42,4537522,3,1,1,0,1,0,24,1,1,pre_allocation
59,7606,greenran_normal,0,0,65535_65535,2,42,4537522,9,1,1,1,2,9,24,1,1,allocated
59,7606,greenran_normal,0,0,65535_65535,2,59,4537085,3,1,1,0,1,0,24,1,1,pre_allocation
59,7606,greenran_normal,0,0,65535_65535,2,59,4537085,9,1,1,1,2,9,24,1,1,allocated
59,7606,greenran_normal,0,0,65535_65535,2,36,4537080,4,1,1,0,1,0,28,1,1,pre_allocation
59,7606,greenran_normal,0,0,65535_65535,2,36,4537080,12,1,1,1,2,12,28,1,1,allocated
59,7606,greenran_normal,0,0,65535_65535,2,58,4537092,4,1,1,0,1,0,26,1,1,pre_allocation
59,7606,greenran_normal,0,0,65535_65535,2,58,4537092,11,1,1,1,2,11,26,1,1,allocated
59,7606,greenran_normal,0,0,65535_65535,2,39,4537020,4,1,1,0,1,0,28,1,1,pre_allocation
59,7606,greenran_normal,0,0,65535_65535,2,39,4537020,12,1,1,1,2,12,28,1,1,allocated
59,7606,greenran_normal,0,0,65535_65535,2,41,4537017,4,1,1,0,1,0,28,1,1,pre_allocation
59,7606,greenran_normal,0,0,65535_65535,2,41,4537017,12,1,1,1,2,12,28,1,1,allocated
59,7606,greenran_normal,0,0,65535_65535,2,61,4537014,4,1,1,0,1,0,28,1,1,pre_allocation
59,7606,greenran_normal,0,0,65535_65535,2,61,4537014,12,1,1,1,2,12,28,1,1,allocated
59,7606,greenran_normal,0,0,65535_65535,2,62,4537013,4,1,1,0,1,0,28,1,1,pre_allocation
59,7606,greenran_normal,0,0,65535_65535,2,62,4537013,12,1,1,1,2,12,28,1,1,allocated
59,7606,greenran_normal,0,0,65535_65535,2,63,4537012,4,1,1,0,1,0,28,1,1,pre_allocation
59,7606,greenran_normal,0,0,65535_65535,2,63,4537012,12,1,1,1,2,12,28,1,1,allocated
59,7606,greenran_normal,0,0,65535_65535,2,37,4537010,4,1,1,0,1,0,28,1,1,pre_allocation
59,7606,greenran_normal,0,0,65535_65535,2,37,4537010,12,1,1,1,2,12,28,1,1,allocated
59,7606,greenran_normal,0,0,65535_65535,2,35,4537007,4,1,1,0,1,0,28,1,1,pre_allocation
59,7606,greenran_normal,0,0,65535_65535,2,35,4537007,12,1,1,1,2,12,28,1,1,allocated
59,7606,greenran_normal,0,0,65535_65535,2,44,4537007,4,1,1,0,1,0,28,1,1,pre_allocation
59,7606,greenran_normal,0,0,65535_65535,2,44,4537007,12,1,1,1,2,12,28,1,1,allocated
59,7606,greenran_normal,0,0,65535_65535,2,55,4537007,4,1,1,0,1,0,28,1,1,pre_allocation
59,7606,greenran_normal,0,0,65535_65535,2,55,4537007,12,1,1,1,2,12,28,1,1,allocated
59,7606,greenran_normal,0,0,65535_65535,2,56,4537007,4,1,1,0,1,0,28,1,1,pre_allocation
59,7606,greenran_normal,0,0,65535_65535,2,56,4537007,12,1,1,1,2,12,28,1,1,allocated
59,7606,greenran_normal,0,0,65535_65535,2,57,4537007,4,1,1,0,1,0,28,1,1,pre_allocation
59,7606,greenran_normal,0,0,65535_65535,2,57,4537007,12,1,1,1,2,12,28,1,1,allocated
59,7606,greenran_normal,0,0,65535_65535,2,40,4537009,4,1,1,0,1,0,28,1,1,pre_allocation
59,7606,greenran_normal,0,0,65535_65535,2,40,4537009,12,1,1,1,2,12,28,1,1,allocated
59,7606,greenran_normal,0,0,65535_65535,2,38,4539315,0,1,1,0,2,0,2,1,1,pre_allocation
59,7606,greenran_normal,0,0,65535_65535,2,38,4539315,0,1,1,1,3,0,2,1,1,allocated
59,7606,greenran_normal,0,0,65535_65535,2,60,4539009,1,1,1,0,2,0,12,1,1,pre_allocation
59,7606,greenran_normal,0,0,65535_65535,2,60,4539009,3,1,1,1,3,3,12,1,1,allocated
59,7606,greenran_normal,0,0,65535_65535,2,64,4538703,3,1,1,0,2,0,16,1,1,pre_allocation
59,7606,greenran_normal,0,0,65535_65535,2,64,4538703,6,1,1,1,3,6,16,1,1,allocated
59,7606,greenran_normal,0,0,65535_65535,2,43,4538135,6,1,1,0,2,0,20,1,1,pre_allocation
59,7606,greenran_normal,0,0,65535_65535,2,43,4538135,10,1,1,1,3,10,20,1,1,allocated
59,7606,greenran_normal,0,0,65535_65535,2,42,4537522,9,1,1,0,2,0,24,1,1,pre_allocation
59,7606,greenran_normal,0,0,65535_65535,2,42,4537522,15,1,1,1,3,15,24,1,1,allocated
59,7606,greenran_normal,0,0,65535_65535,2,59,4537085,9,1,1,0,2,0,24,1,1,pre_allocation
59,7606,greenran_normal,0,0,65535_65535,2,59,4537085,15,1,1,1,3,15,24,1,1,allocated
59,7606,greenran_normal,0,0,65535_65535,2,36,4537080,12,1,1,0,2,0,28,1,1,pre_allocation
59,7606,greenran_normal,0,0,65535_65535,2,36,4537080,19,1,1,1,3,19,28,1,1,allocated
59,7606,greenran_normal,0,0,65535_65535,2,58,4537092,11,1,1,0,2,0,26,1,1,pre_allocation
59,7606,greenran_normal,0,0,65535_65535,2,58,4537092,18,1,1,1,3,18,26,1,1,allocated
59,7606,greenran_normal,0,0,65535_65535,2,39,4537020,12,1,1,0,2,0,28,1,1,pre_allocation
59,7606,greenran_normal,0,0,65535_65535,2,39,4537020,19,1,1,1,3,19,28,1,1,allocated
59,7606,greenran_normal,0,0,65535_65535,2,41,4537017,12,1,1,0,2,0,28,1,1,pre_allocation
59,7606,greenran_normal,0,0,65535_65535,2,41,4537017,19,1,1,1,3,19,28,1,1,allocated
59,7606,greenran_normal,0,0,65535_65535,2,61,4537014,12,1,1,0,2,0,28,1,1,pre_allocation
59,7606,greenran_normal,0,0,65535_65535,2,61,4537014,19,1,1,1,3,19,28,1,1,allocated
59,7606,greenran_normal,0,0,65535_65535,2,62,4537013,12,1,1,0,2,0,28,1,1,pre_allocation
59,7606,greenran_normal,0,0,65535_65535,2,62,4537013,19,1,1,1,3,19,28,1,1,allocated
59,7606,greenran_normal,0,0,65535_65535,2,63,4537012,12,1,1,0,2,0,28,1,1,pre_allocation
59,7606,greenran_normal,0,0,65535_65535,2,63,4537012,19,1,1,1,3,19,28,1,1,allocated
59,7606,greenran_normal,0,0,65535_65535,2,37,4537010,12,1,1,0,2,0,28,1,1,pre_allocation
59,7606,greenran_normal,0,0,65535_65535,2,37,4537010,19,1,1,1,3,19,28,1,1,allocated
59,7606,greenran_normal,0,0,65535_65535,2,35,4537007,12,1,1,0,2,0,28,1,1,pre_allocation
59,7606,greenran_normal,0,0,65535_65535,2,35,4537007,19,1,1,1,3,19,28,1,1,allocated
59,7606,greenran_normal,0,0,65535_65535,2,44,4537007,12,1,1,0,2,0,28,1,1,pre_allocation
59,7606,greenran_normal,0,0,65535_65535,2,44,4537007,19,1,1,1,3,19,28,1,1,allocated
59,7606,greenran_normal,0,0,65535_65535,2,55,4537007,12,1,1,0,2,0,28,1,1,pre_allocation
59,7606,greenran_normal,0,0,65535_65535,2,55,4537007,19,1,1,1,3,19,28,1,1,allocated
59,7606,greenran_normal,0,0,65535_65535,2,56,4537007,12,1,1,0,2,0,28,1,1,pre_allocation
59,7606,greenran_normal,0,0,65535_65535,2,56,4537007,19,1,1,1,3,19,28,1,1,allocated
59,7606,greenran_normal,0,0,65535_65535,2,57,4537007,12,1,1,0,2,0,28,1,1,pre_allocation
59,7606,greenran_normal,0,0,65535_65535,2,57,4537007,19,1,1,1,3,19,28,1,1,allocated
59,7606,greenran_normal,0,0,65535_65535,2,40,4537009,12,1,1,0,2,0,28,1,1,pre_allocation
59,7606,greenran_normal,0,0,65535_65535,2,40,4537009,19,1,1,1,3,19,28,1,1,allocated
59,7606,greenran_normal,0,0,65535_65535,2,38,4539315,0,1,1,0,3,0,2,1,1,pre_allocation
59,7606,greenran_normal,0,0,65535_65535,2,38,4539315,1,1,1,1,4,1,2,1,1,allocated
59,7606,greenran_normal,0,0,65535_65535,2,60,4539009,3,1,1,0,3,0,12,1,1,pre_allocation
59,7606,greenran_normal,0,0,65535_65535,2,60,4539009,5,1,1,1,4,5,12,1,1,allocated
59,7606,greenran_normal,0,0,65535_65535,2,64,4538703,6,1,1,0,3,0,16,1,1,pre_allocation
59,7606,greenran_normal,0,0,65535_65535,2,64,4538703,10,1,1,1,4,10,16,1,1,allocated
59,7606,greenran_normal,0,0,65535_65535,2,43,4538135,10,1,1,0,3,0,20,1,1,pre_allocation
59,7606,greenran_normal,0,0,65535_65535,2,43,4538135,15,1,1,1,4,15,20,1,1,allocated
59,7606,greenran_normal,0,0,65535_65535,2,42,4537522,15,1,1,0,3,0,24,1,1,pre_allocation
59,7606,greenran_normal,0,0,65535_65535,2,42,4537522,21,1,1,1,4,21,24,1,1,allocated
59,7606,greenran_normal,0,0,65535_65535,2,59,4537085,15,1,1,0,3,0,24,1,1,pre_allocation
59,7606,greenran_normal,0,0,65535_65535,2,59,4537085,21,1,1,1,4,21,24,1,1,allocated
59,7606,greenran_normal,0,0,65535_65535,2,36,4537080,19,1,1,0,3,0,28,1,1,pre_allocation
59,7606,greenran_normal,0,0,65535_65535,2,36,4537080,27,1,1,1,4,27,28,1,1,allocated
59,7606,greenran_normal,0,0,65535_65535,2,58,4537092,18,1,1,0,3,0,26,1,1,pre_allocation
59,7606,greenran_normal,0,0,65535_65535,2,58,4537092,25,1,1,1,4,25,26,1,1,allocated
59,7606,greenran_normal,0,0,65535_65535,2,39,4537020,19,1,1,0,3,0,28,1,1,pre_allocation
59,7606,greenran_normal,0,0,65535_65535,2,39,4537020,27,1,1,1,4,27,28,1,1,allocated
59,7606,greenran_normal,0,0,65535_65535,2,41,4537017,19,1,1,0,3,0,28,1,1,pre_allocation
59,7606,greenran_normal,0,0,65535_65535,2,41,4537017,27,1,1,1,4,27,28,1,1,allocated
59,7606,greenran_normal,0,0,65535_65535,2,61,4537014,19,1,1,0,3,0,28,1,1,pre_allocation
59,7606,greenran_normal,0,0,65535_65535,2,61,4537014,27,1,1,1,4,27,28,1,1,allocated
59,7606,greenran_normal,0,0,65535_65535,2,62,4537013,19,1,1,0,3,0,28,1,1,pre_allocation
59,7606,greenran_normal,0,0,65535_65535,2,62,4537013,27,1,1,1,4,27,28,1,1,allocated
59,7606,greenran_normal,0,0,65535_65535,2,63,4537012,19,1,1,0,3,0,28,1,1,pre_allocation
59,7606,greenran_normal,0,0,65535_65535,2,63,4537012,27,1,1,1,4,27,28,1,1,allocated
59,7606,greenran_normal,0,0,65535_65535,2,37,4537010,19,1,1,0,3,0,28,1,1,pre_allocation
59,7606,greenran_normal,0,0,65535_65535,2,37,4537010,27,1,1,1,4,27,28,1,1,allocated
59,7606,greenran_normal,0,0,65535_65535,2,35,4537007,19,1,1,0,3,0,28,1,1,pre_allocation
59,7606,greenran_normal,0,0,65535_65535,2,35,4537007,27,1,1,1,4,27,28,1,1,allocated
59,7606,greenran_normal,0,0,65535_65535,2,44,4537007,19,1,1,0,3,0,28,1,1,pre_allocation
59,7606,greenran_normal,0,0,65535_65535,2,44,4537007,27,1,1,1,4,27,28,1,1,allocated
59,7606,greenran_normal,0,0,65535_65535,2,55,4537007,19,1,1,0,3,0,28,1,1,pre_allocation
59,7606,greenran_normal,0,0,65535_65535,2,55,4537007,27,1,1,1,4,27,28,1,1,allocated
59,7606,greenran_normal,0,0,65535_65535,2,56,4537007,19,1,1,0,3,0,28,1,1,pre_allocation
59,7606,greenran_normal,0,0,65535_65535,2,56,4537007,27,1,1,1,4,27,28,1,1,allocated
59,7606,greenran_normal,0,0,65535_65535,2,57,4537007,19,1,1,0,3,0,28,1,1,pre_allocation
59,7606,greenran_normal,0,0,65535_65535,2,57,4537007,27,1,1,1,4,27,28,1,1,allocated
59,7606,greenran_normal,0,0,65535_65535,2,40,4537009,19,1,1,0,3,0,28,1,1,pre_allocation
59,7606,greenran_normal,0,0,65535_65535,2,40,4537009,27,1,1,1,4,27,28,1,1,allocated
59,7606,greenran_normal,0,0,65535_65535,2,38,4539315,1,1,1,0,4,0,2,1,1,pre_allocation
59,7606,greenran_normal,0,0,65535_65535,2,38,4539315,1,1,1,1,5,1,2,1,1,allocated
59,7606,greenran_normal,0,0,65535_65535,2,60,4539009,5,1,1,0,4,0,12,1,1,pre_allocation
59,7606,greenran_normal,0,0,65535_65535,2,60,4539009,7,1,1,1,5,7,12,1,1,allocated
59,7606,greenran_normal,0,0,65535_65535,2,64,4538703,10,1,1,0,4,0,16,1,1,pre_allocation
59,7606,greenran_normal,0,0,65535_65535,2,64,4538703,13,1,1,1,5,13,16,1,1,allocated
59,7606,greenran_normal,0,0,65535_65535,2,43,4538135,15,1,1,0,4,0,20,1,1,pre_allocation
59,7606,greenran_normal,0,0,65535_65535,2,43,4538135,19,1,1,1,5,19,20,1,1,allocated
59,7606,greenran_normal,0,0,65535_65535,2,42,4537522,21,1,1,0,4,0,24,1,1,pre_allocation
59,7606,greenran_normal,0,0,65535_65535,2,42,4537522,27,1,1,1,5,27,24,1,1,allocated
59,7606,greenran_normal,0,0,65535_65535,2,59,4537085,21,1,1,0,4,0,24,1,1,pre_allocation
59,7606,greenran_normal,0,0,65535_65535,2,59,4537085,27,1,1,1,5,27,24,1,1,allocated
59,7606,greenran_normal,0,0,65535_65535,2,36,4537080,27,1,1,0,4,0,28,1,1,pre_allocation
59,7606,greenran_normal,0,0,65535_65535,2,36,4537080,34,1,1,1,5,34,28,1,1,allocated
59,7606,greenran_normal,0,0,65535_65535,2,58,4537092,25,1,1,0,4,0,26,1,1,pre_allocation
59,7606,greenran_normal,0,0,65535_65535,2,58,4537092,32,1,1,1,5,32,26,1,1,allocated
59,7606,greenran_normal,0,0,65535_65535,2,39,4537020,27,1,1,0,4,0,28,1,1,pre_allocation
59,7606,greenran_normal,0,0,65535_65535,2,39,4537020,34,1,1,1,5,34,28,1,1,allocated
59,7606,greenran_normal,0,0,65535_65535,2,41,4537017,27,1,1,0,4,0,28,1,1,pre_allocation
59,7606,greenran_normal,0,0,65535_65535,2,41,4537017,34,1,1,1,5,34,28,1,1,allocated
59,7606,greenran_normal,0,0,65535_65535,2,61,4537014,27,1,1,0,4,0,28,1,1,pre_allocation
59,7606,greenran_normal,0,0,65535_65535,2,61,4537014,34,1,1,1,5,34,28,1,1,allocated
59,7606,greenran_normal,0,0,65535_65535,2,62,4537013,27,1,1,0,4,0,28,1,1,pre_allocation
59,7606,greenran_normal,0,0,65535_65535,2,62,4537013,34,1,1,1,5,34,28,1,1,allocated
59,7606,greenran_normal,0,0,65535_65535,2,63,4537012,27,1,1,0,4,0,28,1,1,pre_allocation
59,7606,greenran_normal,0,0,65535_65535,2,63,4537012,34,1,1,1,5,34,28,1,1,allocated
59,7606,greenran_normal,0,0,65535_65535,2,37,4537010,27,1,1,0,4,0,28,1,1,pre_allocation
59,7606,greenran_normal,0,0,65535_65535,2,37,4537010,34,1,1,1,5,34,28,1,1,allocated
59,7606,greenran_normal,0,0,65535_65535,2,35,4537007,27,1,1,0,4,0,28,1,1,pre_allocation
59,7606,greenran_normal,0,0,65535_65535,2,35,4537007,34,1,1,1,5,34,28,1,1,allocated
59,7606,greenran_normal,0,0,65535_65535,2,44,4537007,27,1,1,0,4,0,28,1,1,pre_allocation
59,7606,greenran_normal,0,0,65535_65535,2,44,4537007,34,1,1,1,5,34,28,1,1,allocated
59,7606,greenran_normal,0,0,65535_65535,2,55,4537007,27,1,1,0,4,0,28,1,1,pre_allocation
59,7606,greenran_normal,0,0,65535_65535,2,55,4537007,34,1,1,1,5,34,28,1,1,allocated
59,7606,greenran_normal,0,0,65535_65535,2,56,4537007,27,1,1,0,4,0,28,1,1,pre_allocation
59,7606,greenran_normal,0,0,65535_65535,2,56,4537007,34,1,1,1,5,34,28,1,1,allocated
59,7606,greenran_normal,0,0,65535_65535,2,57,4537007,27,1,1,0,4,0,28,1,1,pre_allocation
59,7606,greenran_normal,0,0,65535_65535,2,57,4537007,34,1,1,1,5,34,28,1,1,allocated
59,7606,greenran_normal,0,0,65535_65535,2,40,4537009,27,1,1,0,4,0,28,1,1,pre_allocation
59,7606,greenran_normal,0,0,65535_65535,2,40,4537009,34,1,1,1,5,34,28,1,1,allocated
59,7606,greenran_normal,0,0,65535_65535,2,38,4539315,1,1,1,0,5,0,2,1,1,pre_allocation
59,7606,greenran_normal,0,0,65535_65535,2,38,4539315,1,1,1,1,6,1,2,1,1,allocated
59,7606,greenran_normal,0,0,65535_65535,2,60,4539009,7,1,1,0,5,0,12,1,1,pre_allocation
59,7606,greenran_normal,0,0,65535_65535,2,60,4539009,9,1,1,1,6,9,12,1,1,allocated
59,7606,greenran_normal,0,0,65535_65535,2,64,4538703,13,1,1,0,5,0,16,1,1,pre_allocation
59,7606,greenran_normal,0,0,65535_65535,2,64,4538703,16,1,1,1,6,16,16,1,1,allocated
59,7606,greenran_normal,0,0,65535_65535,2,43,4538135,19,1,1,0,5,0,20,1,1,pre_allocation
59,7606,greenran_normal,0,0,65535_65535,2,43,4538135,24,1,1,1,6,24,20,1,1,allocated
59,7606,greenran_normal,0,0,65535_65535,2,42,4537522,27,1,1,0,5,0,24,1,1,pre_allocation
59,7606,greenran_normal,0,0,65535_65535,2,42,4537522,34,1,1,1,6,34,24,1,1,allocated
59,7606,greenran_normal,0,0,65535_65535,2,59,4537085,27,1,1,0,5,0,24,1,1,pre_allocation
59,7606,greenran_normal,0,0,65535_65535,2,59,4537085,34,1,1,1,6,34,24,1,1,allocated
59,7606,greenran_normal,0,0,65535_65535,2,36,4537080,34,1,1,0,5,0,28,1,1,pre_allocation
59,7606,greenran_normal,0,0,65535_65535,2,36,4537080,42,1,1,1,6,42,28,1,1,allocated
59,7606,greenran_normal,0,0,65535_65535,2,58,4537092,32,1,1,0,5,0,26,1,1,pre_allocation
59,7606,greenran_normal,0,0,65535_65535,2,58,4537092,39,1,1,1,6,39,26,1,1,allocated
59,7606,greenran_normal,0,0,65535_65535,2,39,4537020,34,1,1,0,5,0,28,1,1,pre_allocation
59,7606,greenran_normal,0,0,65535_65535,2,39,4537020,42,1,1,1,6,42,28,1,1,allocated
59,7606,greenran_normal,0,0,65535_65535,2,41,4537017,34,1,1,0,5,0,28,1,1,pre_allocation
59,7606,greenran_normal,0,0,65535_65535,2,41,4537017,42,1,1,1,6,42,28,1,1,allocated
59,7606,greenran_normal,0,0,65535_65535,2,61,4537014,34,1,1,0,5,0,28,1,1,pre_allocation
59,7606,greenran_normal,0,0,65535_65535,2,61,4537014,42,1,1,1,6,42,28,1,1,allocated
59,7606,greenran_normal,0,0,65535_65535,2,62,4537013,34,1,1,0,5,0,28,1,1,pre_allocation
59,7606,greenran_normal,0,0,65535_65535,2,62,4537013,42,1,1,1,6,42,28,1,1,allocated
59,7606,greenran_normal,0,0,65535_65535,2,63,4537012,34,1,1,0,5,0,28,1,1,pre_allocation
59,7606,greenran_normal,0,0,65535_65535,2,63,4537012,42,1,1,1,6,42,28,1,1,allocated
59,7606,greenran_normal,0,0,65535_65535,2,37,4537010,34,1,1,0,5,0,28,1,1,pre_allocation
59,7606,greenran_normal,0,0,65535_65535,2,37,4537010,42,1,1,1,6,42,28,1,1,allocated
59,7606,greenran_normal,0,0,65535_65535,2,35,4537007,34,1,1,0,5,0,28,1,1,pre_allocation
59,7606,greenran_normal,0,0,65535_65535,2,35,4537007,42,1,1,1,6,42,28,1,1,allocated
59,7606,greenran_normal,0,0,65535_65535,2,44,4537007,34,1,1,0,5,0,28,1,1,pre_allocation
59,7606,greenran_normal,0,0,65535_65535,2,44,4537007,42,1,1,1,6,42,28,1,1,allocated
61,7906,greenran_normal,0,0,65535_65535,0,4,147658,0,1,1,0,0,0,24,1,1,pre_allocation
61,7906,greenran_normal,0,0,65535_65535,0,4,147658,3,1,1,1,1,3,24,1,1,allocated
61,7906,greenran_normal,0,0,65535_65535,0,2,145077,0,1,1,0,0,0,28,1,1,pre_allocation
61,7906,greenran_normal,0,0,65535_65535,0,2,145077,4,1,1,1,1,4,28,1,1,allocated
61,7906,greenran_normal,0,0,65535_65535,0,5,145058,0,1,1,0,0,0,28,1,1,pre_allocation
61,7906,greenran_normal,0,0,65535_65535,0,5,145058,4,1,1,1,1,4,28,1,1,allocated
61,7906,greenran_normal,0,0,65535_65535,0,1,145062,0,1,1,0,0,0,28,1,1,pre_allocation
61,7906,greenran_normal,0,0,65535_65535,0,1,145062,4,1,1,1,1,4,28,1,1,allocated
61,7906,greenran_normal,0,0,65535_65535,0,3,145057,0,1,1,0,0,0,28,1,1,pre_allocation
61,7906,greenran_normal,0,0,65535_65535,0,3,145057,4,1,1,1,1,4,28,1,1,allocated
61,7906,greenran_normal,0,0,65535_65535,0,4,147658,3,1,1,0,1,0,24,1,1,pre_allocation
61,7906,greenran_normal,0,0,65535_65535,0,4,147658,9,1,1,1,2,9,24,1,1,allocated
61,7906,greenran_normal,0,0,65535_65535,0,2,145077,4,1,1,0,1,0,28,1,1,pre_allocation
61,7906,greenran_normal,0,0,65535_65535,0,2,145077,12,1,1,1,2,12,28,1,1,allocated
61,7906,greenran_normal,0,0,65535_65535,0,5,145058,4,1,1,0,1,0,28,1,1,pre_allocation
61,7906,greenran_normal,0,0,65535_65535,0,5,145058,12,1,1,1,2,12,28,1,1,allocated
61,7906,greenran_normal,0,0,65535_65535,0,1,145062,4,1,1,0,1,0,28,1,1,pre_allocation
61,7906,greenran_normal,0,0,65535_65535,0,1,145062,12,1,1,1,2,12,28,1,1,allocated
61,7906,greenran_normal,0,0,65535_65535,0,3,145057,4,1,1,0,1,0,28,1,1,pre_allocation
61,7906,greenran_normal,0,0,65535_65535,0,3,145057,12,1,1,1,2,12,28,1,1,allocated
61,7906,greenran_normal,0,0,65535_65535,0,4,147658,9,1,1,0,2,0,24,1,1,pre_allocation
61,7906,greenran_normal,0,0,65535_65535,0,4,147658,15,1,1,1,3,15,24,1,1,allocated
61,7906,greenran_normal,0,0,65535_65535,0,2,145077,12,1,1,0,2,0,28,1,1,pre_allocation
61,7906,greenran_normal,0,0,65535_65535,0,2,145077,19,1,1,1,3,19,28,1,1,allocated
61,7906,greenran_normal,0,0,65535_65535,0,5,145058,12,1,1,0,2,0,28,1,1,pre_allocation
61,7906,greenran_normal,0,0,65535_65535,0,5,145058,19,1,1,1,3,19,28,1,1,allocated
61,7906,greenran_normal,0,0,65535_65535,0,1,145062,12,1,1,0,2,0,28,1,1,pre_allocation
61,7906,greenran_normal,0,0,65535_65535,0,1,145062,19,1,1,1,3,19,28,1,1,allocated
61,7906,greenran_normal,0,0,65535_65535,0,3,145057,12,1,1,0,2,0,28,1,1,pre_allocation
61,7906,greenran_normal,0,0,65535_65535,0,3,145057,19,1,1,1,3,19,28,1,1,allocated
61,7906,greenran_normal,0,0,65535_65535,0,4,147658,15,1,1,0,3,0,24,1,1,pre_allocation
61,7906,greenran_normal,0,0,65535_65535,0,4,147658,21,1,1,1,4,21,24,1,1,allocated
61,7906,greenran_normal,0,0,65535_65535,0,2,145077,19,1,1,0,3,0,28,1,1,pre_allocation
61,7906,greenran_normal,0,0,65535_65535,0,2,145077,27,1,1,1,4,27,28,1,1,allocated
61,7906,greenran_normal,0,0,65535_65535,0,5,145058,19,1,1,0,3,0,28,1,1,pre_allocation
61,7906,greenran_normal,0,0,65535_65535,0,5,145058,27,1,1,1,4,27,28,1,1,allocated
61,7906,greenran_normal,0,0,65535_65535,0,1,145062,19,1,1,0,3,0,28,1,1,pre_allocation
61,7906,greenran_normal,0,0,65535_65535,0,1,145062,27,1,1,1,4,27,28,1,1,allocated
61,7906,greenran_normal,0,0,65535_65535,0,3,145057,19,1,1,0,3,0,28,1,1,pre_allocation
61,7906,greenran_normal,0,0,65535_65535,0,3,145057,27,1,1,1,4,27,28,1,1,allocated
61,7906,greenran_normal,0,0,65535_65535,0,4,147658,21,1,1,0,4,0,24,1,1,pre_allocation
61,7906,greenran_normal,0,0,65535_65535,0,4,147658,27,1,1,1,5,27,24,1,1,allocated
61,7906,greenran_normal,0,0,65535_65535,0,2,145077,27,1,1,0,4,0,28,1,1,pre_allocation
61,7906,greenran_normal,0,0,65535_65535,0,2,145077,34,1,1,1,5,34,28,1,1,allocated
61,7906,greenran_normal,0,0,65535_65535,0,5,145058,27,1,1,0,4,0,28,1,1,pre_allocation
61,7906,greenran_normal,0,0,65535_65535,0,5,145058,34,1,1,1,5,34,28,1,1,allocated
61,7906,greenran_normal,0,0,65535_65535,0,1,145062,27,1,1,0,4,0,28,1,1,pre_allocation
61,7906,greenran_normal,0,0,65535_65535,0,1,145062,34,1,1,1,5,34,28,1,1,allocated
61,7906,greenran_normal,0,0,65535_65535,0,3,145057,27,1,1,0,4,0,28,1,1,pre_allocation
61,7906,greenran_normal,0,0,65535_65535,0,3,145057,34,1,1,1,5,34,28,1,1,allocated
61,7906,greenran_normal,0,0,65535_65535,0,4,147658,27,1,1,0,5,0,24,1,1,pre_allocation
61,7906,greenran_normal,0,0,65535_65535,0,4,147658,34,1,1,1,6,34,24,1,1,allocated
61,7906,greenran_normal,0,0,65535_65535,0,2,145077,34,1,1,0,5,0,28,1,1,pre_allocation
61,7906,greenran_normal,0,0,65535_65535,0,2,145077,42,1,1,1,6,42,28,1,1,allocated
61,7906,greenran_normal,0,0,65535_65535,0,5,145058,34,1,1,0,5,0,28,1,1,pre_allocation
61,7906,greenran_normal,0,0,65535_65535,0,5,145058,42,1,1,1,6,42,28,1,1,allocated
61,7906,greenran_normal,0,0,65535_65535,0,1,145062,34,1,1,0,5,0,28,1,1,pre_allocation
61,7906,greenran_normal,0,0,65535_65535,0,1,145062,42,1,1,1,6,42,28,1,1,allocated
61,7906,greenran_normal,0,0,65535_65535,0,3,145057,34,1,1,0,5,0,28,1,1,pre_allocation
61,7906,greenran_normal,0,0,65535_65535,0,3,145057,42,1,1,1,6,42,28,1,1,allocated
61,7906,greenran_normal,0,0,65535_65535,0,4,147658,34,1,1,0,6,0,24,1,1,pre_allocation
61,7906,greenran_normal,0,0,65535_65535,0,4,147658,40,1,1,1,7,40,24,1,1,allocated
61,7906,greenran_normal,0,0,65535_65535,0,2,145077,42,1,1,0,6,0,28,1,1,pre_allocation
61,7906,greenran_normal,0,0,65535_65535,0,2,145077,50,1,1,1,7,50,28,1,1,allocated
61,7906,greenran_normal,0,0,65535_65535,0,5,145058,42,1,1,0,6,0,28,1,1,pre_allocation
61,7906,greenran_normal,0,0,65535_65535,0,5,145058,50,1,1,1,7,50,28,1,1,allocated
61,7906,greenran_normal,0,0,65535_65535,0,1,145062,42,1,1,0,6,0,28,1,1,pre_allocation
61,7906,greenran_normal,0,0,65535_65535,0,1,145062,50,1,1,1,7,50,28,1,1,allocated
61,7906,greenran_normal,0,0,65535_65535,0,3,145057,42,1,1,0,6,0,28,1,1,pre_allocation
61,7906,greenran_normal,0,0,65535_65535,0,3,145057,50,1,1,1,7,50,28,1,1,allocated
61,7906,greenran_normal,0,0,65535_65535,0,4,147658,40,1,1,0,7,0,24,1,1,pre_allocation
61,7906,greenran_normal,0,0,65535_65535,0,4,147658,46,1,1,1,8,46,24,1,1,allocated
61,7906,greenran_normal,0,0,65535_65535,0,2,145077,50,1,1,0,7,0,28,1,1,pre_allocation
61,7906,greenran_normal,0,0,65535_65535,0,2,145077,57,1,1,1,8,57,28,1,1,allocated
61,7906,greenran_normal,0,0,65535_65535,0,5,145058,50,1,1,0,7,0,28,1,1,pre_allocation
61,7906,greenran_normal,0,0,65535_65535,0,5,145058,57,1,1,1,8,57,28,1,1,allocated
61,7906,greenran_normal,0,0,65535_65535,0,1,145062,50,1,1,0,7,0,28,1,1,pre_allocation
61,7906,greenran_normal,0,0,65535_65535,0,1,145062,57,1,1,1,8,57,28,1,1,allocated
61,7906,greenran_normal,0,0,65535_65535,0,3,145057,50,1,1,0,7,0,28,1,1,pre_allocation
61,7906,greenran_normal,0,0,65535_65535,0,3,145057,57,1,1,1,8,57,28,1,1,allocated
61,7906,greenran_normal,0,0,65535_65535,0,4,147658,46,1,1,0,8,0,24,1,1,pre_allocation
61,7906,greenran_normal,0,0,65535_65535,0,4,147658,52,1,1,1,9,52,24,1,1,allocated
61,7906,greenran_normal,0,0,65535_65535,0,2,145077,57,1,1,0,8,0,28,1,1,pre_allocation
61,7906,greenran_normal,0,0,65535_65535,0,2,145077,65,1,1,1,9,65,28,1,1,allocated
61,7906,greenran_normal,0,0,65535_65535,0,5,145058,57,1,1,0,8,0,28,1,1,pre_allocation
61,7906,greenran_normal,0,0,65535_65535,0,5,145058,65,1,1,1,9,65,28,1,1,allocated
61,7906,greenran_normal,0,0,65535_65535,0,1,145062,57,1,1,0,8,0,28,1,1,pre_allocation
61,7906,greenran_normal,0,0,65535_65535,0,1,145062,65,1,1,1,9,65,28,1,1,allocated
61,7906,greenran_normal,0,0,65535_65535,0,3,145057,57,1,1,0,8,0,28,1,1,pre_allocation
61,7906,greenran_normal,0,0,65535_65535,0,3,145057,65,1,1,1,9,65,28,1,1,allocated
61,7906,greenran_normal,0,0,65535_65535,0,4,147658,52,1,1,0,9,0,24,1,1,pre_allocation
61,7906,greenran_normal,0,0,65535_65535,0,4,147658,58,1,1,1,10,58,24,1,1,allocated
61,7906,greenran_normal,0,0,65535_65535,0,2,145077,65,1,1,0,9,0,28,1,1,pre_allocation
61,7906,greenran_normal,0,0,65535_65535,0,2,145077,72,1,1,1,10,72,28,1,1,allocated
61,7906,greenran_normal,0,0,65535_65535,0,5,145058,65,1,1,0,9,0,28,1,1,pre_allocation
61,7906,greenran_normal,0,0,65535_65535,0,5,145058,72,1,1,1,10,72,28,1,1,allocated
61,7906,greenran_normal,0,0,65535_65535,0,1,145062,65,1,1,0,9,0,28,1,1,pre_allocation
61,7906,greenran_normal,0,0,65535_65535,0,1,145062,72,1,1,1,10,72,28,1,1,allocated
61,7906,greenran_normal,0,0,65535_65535,0,3,145057,65,1,1,0,9,0,28,1,1,pre_allocation
61,7906,greenran_normal,0,0,65535_65535,0,3,145057,72,1,1,1,10,72,28,1,1,allocated
61,7906,greenran_normal,0,0,65535_65535,0,4,147658,58,1,1,0,10,0,24,1,1,pre_allocation
61,7906,greenran_normal,0,0,65535_65535,0,4,147658,65,1,1,1,11,65,24,1,1,allocated
61,7906,greenran_normal,0,0,65535_65535,0,2,145077,72,1,1,0,10,0,28,1,1,pre_allocation
61,7906,greenran_normal,0,0,65535_65535,0,2,145077,80,1,1,1,11,80,28,1,1,allocated
61,7906,greenran_normal,0,0,65535_65535,0,5,145058,72,1,1,0,10,0,28,1,1,pre_allocation
61,7906,greenran_normal,0,0,65535_65535,0,5,145058,80,1,1,1,11,80,28,1,1,allocated
61,7906,greenran_normal,0,0,65535_65535,0,1,145062,72,1,1,0,10,0,28,1,1,pre_allocation
61,7906,greenran_normal,0,0,65535_65535,0,1,145062,80,1,1,1,11,80,28,1,1,allocated
61,7906,greenran_normal,0,0,65535_65535,0,3,145057,72,1,1,0,10,0,28,1,1,pre_allocation
61,7906,greenran_normal,0,0,65535_65535,0,3,145057,80,1,1,1,11,80,28,1,1,allocated
61,7906,greenran_normal,0,0,65535_65535,0,4,147658,65,1,1,0,11,0,24,1,1,pre_allocation
61,7906,greenran_normal,0,0,65535_65535,0,4,147658,71,1,1,1,12,71,24,1,1,allocated
61,7906,greenran_normal,0,0,65535_65535,0,2,145077,80,1,1,0,11,0,28,1,1,pre_allocation
61,7906,greenran_normal,0,0,65535_65535,0,2,145077,88,1,1,1,12,88,28,1,1,allocated
61,7906,greenran_normal,0,0,65535_65535,0,5,145058,80,1,1,0,11,0,28,1,1,pre_allocation
61,7906,greenran_normal,0,0,65535_65535,0,5,145058,88,1,1,1,12,88,28,1,1,allocated
61,7906,greenran_normal,0,0,65535_65535,0,1,145062,80,1,1,0,11,0,28,1,1,pre_allocation
61,7906,greenran_normal,0,0,65535_65535,0,1,145062,88,1,1,1,12,88,28,1,1,allocated
61,7906,greenran_normal,0,0,65535_65535,0,3,145057,80,1,1,0,11,0,28,1,1,pre_allocation
61,7906,greenran_normal,0,0,65535_65535,0,3,145057,88,1,1,1,12,88,28,1,1,allocated
61,7906,greenran_normal,0,0,65535_65535,0,4,147658,71,1,1,0,12,0,24,1,1,pre_allocation
61,7906,greenran_normal,0,0,65535_65535,0,4,147658,77,1,1,1,13,77,24,1,1,allocated
61,7906,greenran_normal,0,0,65535_65535,0,2,145077,88,1,1,0,12,0,28,1,1,pre_allocation
61,7906,greenran_normal,0,0,65535_65535,0,2,145077,95,1,1,1,13,95,28,1,1,allocated
61,7906,greenran_normal,0,0,65535_65535,0,5,145058,88,1,1,0,12,0,28,1,1,pre_allocation
61,7906,greenran_normal,0,0,65535_65535,0,5,145058,95,1,1,1,13,95,28,1,1,allocated
61,7906,greenran_normal,0,0,65535_65535,0,1,145062,88,1,1,0,12,0,28,1,1,pre_allocation
61,7906,greenran_normal,0,0,65535_65535,0,1,145062,95,1,1,1,13,95,28,1,1,allocated
61,7906,greenran_normal,0,0,65535_65535,0,3,145057,88,1,1,0,12,0,28,1,1,pre_allocation
61,7906,greenran_normal,0,0,65535_65535,0,3,145057,95,1,1,1,13,95,28,1,1,allocated
61,7906,greenran_normal,0,0,65535_65535,0,4,147658,77,1,1,0,13,0,24,1,1,pre_allocation
61,7906,greenran_normal,0,0,65535_65535,0,4,147658,83,1,1,1,14,83,24,1,1,allocated
61,7906,greenran_normal,0,0,65535_65535,0,2,145077,95,1,1,0,13,0,28,1,1,pre_allocation
61,7906,greenran_normal,0,0,65535_65535,0,2,145077,103,1,1,1,14,103,28,1,1,allocated
61,7906,greenran_normal,0,0,65535_65535,0,5,145058,95,1,1,0,13,0,28,1,1,pre_allocation
61,7906,greenran_normal,0,0,65535_65535,0,5,145058,103,1,1,1,14,103,28,1,1,allocated
61,7906,greenran_normal,0,0,65535_65535,0,1,145062,95,1,1,0,13,0,28,1,1,pre_allocation
61,7906,greenran_normal,0,0,65535_65535,0,1,145062,103,1,1,1,14,103,28,1,1,allocated
61,7906,greenran_normal,0,0,65535_65535,0,3,145057,95,1,1,0,13,0,28,1,1,pre_allocation
61,7906,greenran_normal,0,0,65535_65535,0,3,145057,103,1,1,1,14,103,28,1,1,allocated
61,7906,greenran_normal,0,0,65535_65535,0,4,147658,83,1,1,0,14,0,24,1,1,pre_allocation
61,7906,greenran_normal,0,0,65535_65535,0,4,147658,89,1,1,1,15,89,24,1,1,allocated
61,7906,greenran_normal,0,0,65535_65535,0,2,145077,103,1,1,0,14,0,28,1,1,pre_allocation
61,7906,greenran_normal,0,0,65535_65535,0,2,145077,110,1,1,1,15,110,28,1,1,allocated
61,7906,greenran_normal,0,0,65535_65535,0,5,145058,103,1,1,0,14,0,28,1,1,pre_allocation
61,7906,greenran_normal,0,0,65535_65535,0,5,145058,110,1,1,1,15,110,28,1,1,allocated
61,7906,greenran_normal,0,0,65535_65535,0,1,145062,103,1,1,0,14,0,28,1,1,pre_allocation
61,7906,greenran_normal,0,0,65535_65535,0,1,145062,110,1,1,1,15,110,28,1,1,allocated
61,7906,greenran_normal,0,0,65535_65535,0,3,145057,103,1,1,0,14,0,28,1,1,pre_allocation
61,7906,greenran_normal,0,0,65535_65535,0,3,145057,110,1,1,1,15,110,28,1,1,allocated
61,7906,greenran_normal,0,0,65535_65535,0,4,147658,89,1,1,0,15,0,24,1,1,pre_allocation
61,7906,greenran_normal,0,0,65535_65535,0,4,147658,96,1,1,1,16,96,24,1,1,allocated
61,7906,greenran_normal,0,0,65535_65535,0,2,145077,110,1,1,0,15,0,28,1,1,pre_allocation
61,7906,greenran_normal,0,0,65535_65535,0,2,145077,118,1,1,1,16,118,28,1,1,allocated
61,7906,greenran_normal,0,0,65535_65535,0,5,145058,110,1,1,0,15,0,28,1,1,pre_allocation
61,7906,greenran_normal,0,0,65535_65535,0,5,145058,118,1,1,1,16,118,28,1,1,allocated
61,7906,greenran_normal,0,0,65535_65535,0,1,145062,110,1,1,0,15,0,28,1,1,pre_allocation
61,7906,greenran_normal,0,0,65535_65535,0,1,145062,118,1,1,1,16,118,28,1,1,allocated
61,7906,greenran_normal,0,0,65535_65535,0,3,145057,110,1,1,0,15,0,28,1,1,pre_allocation
61,7906,greenran_normal,0,0,65535_65535,0,3,145057,118,1,1,1,16,118,28,1,1,allocated
61,7906,greenran_normal,0,0,65535_65535,0,4,147658,96,1,1,0,16,0,24,1,1,pre_allocation
61,7906,greenran_normal,0,0,65535_65535,0,4,147658,102,1,1,1,17,102,24,1,1,allocated
61,7906,greenran_normal,0,0,65535_65535,0,2,145077,118,1,1,0,16,0,28,1,1,pre_allocation
61,7906,greenran_normal,0,0,65535_65535,0,2,145077,126,1,1,1,17,126,28,1,1,allocated
61,7906,greenran_normal,0,0,65535_65535,0,5,145058,118,1,1,0,16,0,28,1,1,pre_allocation
61,7906,greenran_normal,0,0,65535_65535,0,5,145058,126,1,1,1,17,126,28,1,1,allocated
61,7906,greenran_normal,0,0,65535_65535,0,1,145062,118,1,1,0,16,0,28,1,1,pre_allocation
61,7906,greenran_normal,0,0,65535_65535,0,1,145062,126,1,1,1,17,126,28,1,1,allocated
61,7906,greenran_normal,0,0,65535_65535,0,3,145057,118,1,1,0,16,0,28,1,1,pre_allocation
61,7906,greenran_normal,0,0,65535_65535,0,3,145057,126,1,1,1,17,126,28,1,1,allocated
61,7906,greenran_normal,0,0,65535_65535,0,4,147658,102,1,1,0,17,0,24,1,1,pre_allocation
61,7906,greenran_normal,0,0,65535_65535,0,4,147658,108,1,1,1,18,108,24,1,1,allocated
61,7906,greenran_normal,0,0,65535_65535,0,2,145077,126,1,1,0,17,0,28,1,1,pre_allocation
61,7906,greenran_normal,0,0,65535_65535,0,2,145077,133,1,1,1,18,133,28,1,1,allocated
61,7906,greenran_normal,0,0,65535_65535,0,5,145058,126,1,1,0,17,0,28,1,1,pre_allocation
61,7906,greenran_normal,0,0,65535_65535,0,5,145058,133,1,1,1,18,133,28,1,1,allocated
61,7906,greenran_normal,0,0,65535_65535,0,1,145062,126,1,1,0,17,0,28,1,1,pre_allocation
61,7906,greenran_normal,0,0,65535_65535,0,1,145062,133,1,1,1,18,133,28,1,1,allocated
61,7906,greenran_normal,0,0,65535_65535,0,3,145057,126,1,1,0,17,0,28,1,1,pre_allocation
61,7906,greenran_normal,0,0,65535_65535,0,3,145057,133,1,1,1,18,133,28,1,1,allocated
61,7906,greenran_normal,0,0,65535_65535,0,4,147658,108,1,1,0,18,0,24,1,1,pre_allocation
61,7906,greenran_normal,0,0,65535_65535,0,4,147658,114,1,1,1,19,114,24,1,1,allocated
61,7906,greenran_normal,0,0,65535_65535,0,2,145077,133,1,1,0,18,0,28,1,1,pre_allocation
61,7906,greenran_normal,0,0,65535_65535,0,2,145077,141,1,1,1,19,141,28,1,1,allocated
61,7906,greenran_normal,0,0,65535_65535,0,5,145058,133,1,1,0,18,0,28,1,1,pre_allocation
61,7906,greenran_normal,0,0,65535_65535,0,5,145058,141,1,1,1,19,141,28,1,1,allocated
61,7906,greenran_normal,0,0,65535_65535,0,1,145062,133,1,1,0,18,0,28,1,1,pre_allocation
61,7906,greenran_normal,0,0,65535_65535,0,1,145062,141,1,1,1,19,141,28,1,1,allocated
61,7906,greenran_normal,0,0,65535_65535,0,3,145057,133,1,1,0,18,0,28,1,1,pre_allocation
61,7906,greenran_normal,0,0,65535_65535,0,3,145057,141,1,1,1,19,141,28,1,1,allocated
61,7906,greenran_normal,0,0,65535_65535,0,4,147658,114,1,1,0,19,0,24,1,1,pre_allocation
61,7906,greenran_normal,0,0,65535_65535,0,4,147658,120,1,1,1,20,120,24,1,1,allocated
61,7906,greenran_normal,0,0,65535_65535,0,2,145077,141,1,1,0,19,0,28,1,1,pre_allocation
61,7906,greenran_normal,0,0,65535_65535,0,2,145077,148,1,1,1,20,148,28,1,1,allocated
61,7906,greenran_normal,0,0,65535_65535,0,5,145058,141,1,1,0,19,0,28,1,1,pre_allocation
61,7906,greenran_normal,0,0,65535_65535,0,5,145058,148,1,1,1,20,148,28,1,1,allocated
61,7906,greenran_normal,0,0,65535_65535,0,1,145062,141,1,1,0,19,0,28,1,1,pre_allocation
61,7906,greenran_normal,0,0,65535_65535,0,1,145062,148,1,1,1,20,148,28,1,1,allocated
61,7906,greenran_normal,0,0,65535_65535,0,3,145057,141,1,1,0,19,0,28,1,1,pre_allocation
61,7906,greenran_normal,0,0,65535_65535,0,3,145057,148,1,1,1,20,148,28,1,1,allocated
61,7906,greenran_normal,0,0,65535_65535,0,4,147658,120,1,1,0,20,0,24,1,1,pre_allocation
61,7906,greenran_normal,0,0,65535_65535,0,4,147658,126,1,1,1,21,126,24,1,1,allocated
61,7906,greenran_normal,0,0,65535_65535,0,2,145077,148,1,1,0,20,0,28,1,1,pre_allocation
61,7906,greenran_normal,0,0,65535_65535,0,2,145077,156,1,1,1,21,156,28,1,1,allocated
61,7906,greenran_normal,0,0,65535_65535,0,5,145058,148,1,1,0,20,0,28,1,1,pre_allocation
61,7906,greenran_normal,0,0,65535_65535,0,5,145058,156,1,1,1,21,156,28,1,1,allocated
61,7906,greenran_normal,0,0,65535_65535,0,1,145062,148,1,1,0,20,0,28,1,1,pre_allocation
61,7906,greenran_normal,0,0,65535_65535,0,1,145062,156,1,1,1,21,156,28,1,1,allocated
61,7906,greenran_normal,0,0,65535_65535,0,3,145057,148,1,1,0,20,0,28,1,1,pre_allocation
61,7906,greenran_normal,0,0,65535_65535,0,3,145057,156,1,1,1,21,156,28,1,1,allocated
61,7906,greenran_normal,0,0,65535_65535,0,4,147658,126,1,1,0,21,0,24,1,1,pre_allocation
61,7906,greenran_normal,0,0,65535_65535,0,4,147658,133,1,1,1,22,133,24,1,1,allocated
61,7906,greenran_normal,0,0,65535_65535,0,2,145077,156,1,1,0,21,0,28,1,1,pre_allocation
61,7906,greenran_normal,0,0,65535_65535,0,2,145077,163,1,1,1,22,163,28,1,1,allocated
61,7906,greenran_normal,0,0,65535_65535,0,5,145058,156,1,1,0,21,0,28,1,1,pre_allocation
61,7906,greenran_normal,0,0,65535_65535,0,5,145058,163,1,1,1,22,163,28,1,1,allocated
61,7906,greenran_normal,0,0,65535_65535,0,1,145062,156,1,1,0,21,0,28,1,1,pre_allocation
61,7906,greenran_normal,0,0,65535_65535,0,1,145062,163,1,1,1,22,163,28,1,1,allocated
61,7906,greenran_normal,0,0,65535_65535,0,3,145057,156,1,1,0,21,0,28,1,1,pre_allocation
61,7906,greenran_normal,0,0,65535_65535,0,3,145057,163,1,1,1,22,163,28,1,1,allocated
61,7906,greenran_normal,0,0,65535_65535,0,4,147658,133,1,1,0,22,0,24,1,1,pre_allocation
61,7906,greenran_normal,0,0,65535_65535,0,4,147658,139,1,1,1,23,139,24,1,1,allocated
61,7906,greenran_normal,0,0,65535_65535,0,2,145077,163,1,1,0,22,0,28,1,1,pre_allocation
61,7906,greenran_normal,0,0,65535_65535,0,2,145077,171,1,1,1,23,171,28,1,1,allocated
61,7906,greenran_normal,0,0,65535_65535,0,5,145058,163,1,1,0,22,0,28,1,1,pre_allocation
61,7906,greenran_normal,0,0,65535_65535,0,5,145058,171,1,1,1,23,171,28,1,1,allocated
61,7906,greenran_normal,0,0,65535_65535,0,1,145062,163,1,1,0,22,0,28,1,1,pre_allocation
61,7906,greenran_normal,0,0,65535_65535,0,1,145062,171,1,1,1,23,171,28,1,1,allocated
61,7906,greenran_normal,0,0,65535_65535,0,3,145057,163,1,1,0,22,0,28,1,1,pre_allocation
61,7906,greenran_normal,0,0,65535_65535,0,3,145057,171,1,1,1,23,171,28,1,1,allocated
61,7906,greenran_normal,0,0,65535_65535,0,4,147658,139,1,1,0,23,0,24,1,1,pre_allocation
61,7906,greenran_normal,0,0,65535_65535,0,4,147658,145,1,1,1,24,145,24,1,1,allocated
61,7906,greenran_normal,0,0,65535_65535,0,2,145077,171,1,1,0,23,0,28,1,1,pre_allocation
61,7906,greenran_normal,0,0,65535_65535,0,2,145077,179,1,1,1,24,179,28,1,1,allocated
61,7906,greenran_normal,0,0,65535_65535,0,5,145058,171,1,1,0,23,0,28,1,1,pre_allocation
61,7906,greenran_normal,0,0,65535_65535,0,5,145058,179,1,1,1,24,179,28,1,1,allocated
61,7906,greenran_normal,0,0,65535_65535,0,1,145062,171,1,1,0,23,0,28,1,1,pre_allocation
61,7906,greenran_normal,0,0,65535_65535,0,1,145062,179,1,1,1,24,179,28,1,1,allocated
61,7906,greenran_normal,0,0,65535_65535,0,3,145057,171,1,1,0,23,0,28,1,1,pre_allocation
61,7906,greenran_normal,0,0,65535_65535,0,3,145057,179,1,1,1,24,179,28,1,1,allocated
61,7906,greenran_normal,0,0,65535_65535,0,4,147658,145,1,1,0,24,0,24,1,1,pre_allocation
61,7906,greenran_normal,0,0,65535_65535,0,4,147658,151,1,1,1,25,151,24,1,1,allocated
61,7906,greenran_normal,0,0,65535_65535,0,2,145077,179,1,1,0,24,0,28,1,1,pre_allocation
61,7906,greenran_normal,0,0,65535_65535,0,2,145077,186,1,1,1,25,186,28,1,1,allocated
61,7906,greenran_normal,0,0,65535_65535,0,5,145058,179,1,1,0,24,0,28,1,1,pre_allocation
61,7906,greenran_normal,0,0,65535_65535,0,5,145058,186,1,1,1,25,186,28,1,1,allocated
61,7906,greenran_normal,0,0,65535_65535,0,1,145062,179,1,1,0,24,0,28,1,1,pre_allocation
61,7906,greenran_normal,0,0,65535_65535,0,1,145062,186,1,1,1,25,186,28,1,1,allocated
61,7906,greenran_normal,0,0,65535_65535,0,3,145057,179,1,1,0,24,0,28,1,1,pre_allocation
61,7906,greenran_normal,0,0,65535_65535,0,3,145057,186,1,1,1,25,186,28,1,1,allocated
61,7906,greenran_normal,0,0,65535_65535,0,4,147658,151,1,1,0,25,0,24,1,1,pre_allocation
61,7906,greenran_normal,0,0,65535_65535,0,4,147658,157,1,1,1,26,157,24,1,1,allocated
61,7906,greenran_normal,0,0,65535_65535,0,2,145077,186,1,1,0,25,0,28,1,1,pre_allocation
61,7906,greenran_normal,0,0,65535_65535,0,2,145077,194,1,1,1,26,194,28,1,1,allocated
61,7906,greenran_normal,0,0,65535_65535,0,5,145058,186,1,1,0,25,0,28,1,1,pre_allocation
61,7906,greenran_normal,0,0,65535_65535,0,5,145058,194,1,1,1,26,194,28,1,1,allocated
61,7906,greenran_normal,0,0,65535_65535,0,1,145062,186,1,1,0,25,0,28,1,1,pre_allocation
61,7906,greenran_normal,0,0,65535_65535,0,1,145062,194,1,1,1,26,194,28,1,1,allocated
61,7906,greenran_normal,0,0,65535_65535,0,3,145057,186,1,1,0,25,0,28,1,1,pre_allocation
61,7906,greenran_normal,0,0,65535_65535,0,3,145057,194,1,1,1,26,194,28,1,1,allocated
61,7906,greenran_normal,0,0,65535_65535,0,4,147658,157,1,1,0,26,0,24,1,1,pre_allocation
61,7906,greenran_normal,0,0,65535_65535,0,4,147658,164,1,1,1,27,164,24,1,1,allocated
61,7906,greenran_normal,0,0,65535_65535,0,2,145077,194,1,1,0,26,0,28,1,1,pre_allocation
61,7906,greenran_normal,0,0,65535_65535,0,2,145077,201,1,1,1,27,201,28,1,1,allocated
61,7906,greenran_normal,0,0,65535_65535,0,5,145058,194,1,1,0,26,0,28,1,1,pre_allocation
61,7906,greenran_normal,0,0,65535_65535,0,5,145058,201,1,1,1,27,201,28,1,1,allocated
61,7906,greenran_normal,0,0,65535_65535,0,1,145062,194,1,1,0,26,0,28,1,1,pre_allocation
61,7906,greenran_normal,0,0,65535_65535,0,1,145062,201,1,1,1,27,201,28,1,1,allocated
61,7906,greenran_normal,0,0,65535_65535,0,3,145057,194,1,1,0,26,0,28,1,1,pre_allocation
61,7906,greenran_normal,0,0,65535_65535,0,3,145057,201,1,1,1,27,201,28,1,1,allocated
61,7906,greenran_normal,0,0,65535_65535,0,4,147658,164,1,1,0,27,0,24,1,1,pre_allocation
61,7906,greenran_normal,0,0,65535_65535,0,4,147658,170,1,1,1,28,170,24,1,1,allocated
61,7906,greenran_normal,0,0,65535_65535,0,2,145077,201,1,1,0,27,0,28,1,1,pre_allocation
61,7906,greenran_normal,0,0,65535_65535,0,2,145077,209,1,1,1,28,209,28,1,1,allocated
61,7906,greenran_normal,0,0,65535_65535,0,5,145058,201,1,1,0,27,0,28,1,1,pre_allocation
61,7906,greenran_normal,0,0,65535_65535,0,5,145058,209,1,1,1,28,209,28,1,1,allocated
61,7906,greenran_normal,0,0,65535_65535,0,1,145062,201,1,1,0,27,0,28,1,1,pre_allocation
61,7906,greenran_normal,0,0,65535_65535,0,1,145062,209,1,1,1,28,209,28,1,1,allocated
61,7906,greenran_normal,0,0,65535_65535,0,3,145057,201,1,1,0,27,0,28,1,1,pre_allocation
61,7906,greenran_normal,0,0,65535_65535,0,3,145057,209,1,1,1,28,209,28,1,1,allocated
61,7906,greenran_normal,0,0,65535_65535,0,4,147658,170,1,1,0,28,0,24,1,1,pre_allocation
61,7906,greenran_normal,0,0,65535_65535,0,4,147658,176,1,1,1,29,176,24,1,1,allocated
61,7906,greenran_normal,0,0,65535_65535,0,2,145077,209,1,1,0,28,0,28,1,1,pre_allocation
61,7906,greenran_normal,0,0,65535_65535,0,2,145077,217,1,1,1,29,217,28,1,1,allocated
61,7906,greenran_normal,0,0,65535_65535,0,5,145058,209,1,1,0,28,0,28,1,1,pre_allocation
61,7906,greenran_normal,0,0,65535_65535,0,5,145058,217,1,1,1,29,217,28,1,1,allocated
61,7906,greenran_normal,0,0,65535_65535,0,1,145062,209,1,1,0,28,0,28,1,1,pre_allocation
61,7906,greenran_normal,0,0,65535_65535,0,1,145062,217,1,1,1,29,217,28,1,1,allocated
61,7906,greenran_normal,0,0,65535_65535,0,3,145057,209,1,1,0,28,0,28,1,1,pre_allocation
61,7906,greenran_normal,0,0,65535_65535,0,3,145057,217,1,1,1,29,217,28,1,1,allocated
61,7906,greenran_normal,0,0,65535_65535,0,4,147658,176,1,1,0,29,0,24,1,1,pre_allocation
61,7906,greenran_normal,0,0,65535_65535,0,4,147658,182,1,1,1,30,182,24,1,1,allocated
61,7906,greenran_normal,0,0,65535_65535,0,2,145077,217,1,1,0,29,0,28,1,1,pre_allocation
61,7906,greenran_normal,0,0,65535_65535,0,2,145077,224,1,1,1,30,224,28,1,1,allocated
61,7906,greenran_normal,0,0,65535_65535,0,5,145058,217,1,1,0,29,0,28,1,1,pre_allocation
61,7906,greenran_normal,0,0,65535_65535,0,5,145058,224,1,1,1,30,224,28,1,1,allocated
61,7906,greenran_normal,0,0,65535_65535,0,1,145062,217,1,1,0,29,0,28,1,1,pre_allocation
61,7906,greenran_normal,0,0,65535_65535,0,1,145062,224,1,1,1,30,224,28,1,1,allocated
61,7906,greenran_normal,0,0,65535_65535,0,3,145057,217,1,1,0,29,0,28,1,1,pre_allocation
61,7906,greenran_normal,0,0,65535_65535,0,3,145057,224,1,1,1,30,224,28,1,1,allocated
61,7906,greenran_normal,0,0,65535_65535,0,4,147658,182,1,1,0,30,0,24,1,1,pre_allocation
61,7906,greenran_normal,0,0,65535_65535,0,4,147658,188,1,1,1,31,188,24,1,1,allocated
61,7906,greenran_normal,0,0,65535_65535,0,2,145077,224,1,1,0,30,0,28,1,1,pre_allocation
61,7906,greenran_normal,0,0,65535_65535,0,2,145077,232,1,1,1,31,232,28,1,1,allocated
61,7906,greenran_normal,0,0,65535_65535,0,5,145058,224,1,1,0,30,0,28,1,1,pre_allocation
61,7906,greenran_normal,0,0,65535_65535,0,5,145058,232,1,1,1,31,232,28,1,1,allocated
61,7906,greenran_normal,0,0,65535_65535,0,1,145062,224,1,1,0,30,0,28,1,1,pre_allocation
61,7906,greenran_normal,0,0,65535_65535,0,1,145062,232,1,1,1,31,232,28,1,1,allocated
61,7906,greenran_normal,0,0,65535_65535,0,3,145057,224,1,1,0,30,0,28,1,1,pre_allocation
61,7906,greenran_normal,0,0,65535_65535,0,3,145057,232,1,1,1,31,232,28,1,1,allocated
61,7906,greenran_normal,0,0,65535_65535,0,4,147658,188,1,1,0,31,0,24,1,1,pre_allocation
61,7906,greenran_normal,0,0,65535_65535,0,4,147658,195,1,1,1,32,195,24,1,1,allocated
61,7906,greenran_normal,0,0,65535_65535,0,2,145077,232,1,1,0,31,0,28,1,1,pre_allocation
61,7906,greenran_normal,0,0,65535_65535,0,2,145077,239,1,1,1,32,239,28,1,1,allocated
61,7906,greenran_normal,0,0,65535_65535,0,5,145058,232,1,1,0,31,0,28,1,1,pre_allocation
61,7906,greenran_normal,0,0,65535_65535,0,5,145058,239,1,1,1,32,239,28,1,1,allocated
61,7906,greenran_normal,0,0,65535_65535,2,38,4731203,0,1,1,0,0,0,2,1,1,pre_allocation
61,7906,greenran_normal,0,0,65535_65535,2,38,4731203,0,1,1,1,1,0,2,1,1,allocated
61,7906,greenran_normal,0,0,65535_65535,2,60,4730897,0,1,1,0,0,0,12,1,1,pre_allocation
61,7906,greenran_normal,0,0,65535_65535,2,60,4730897,2,1,1,1,1,2,12,1,1,allocated
61,7906,greenran_normal,0,0,65535_65535,2,64,4730569,0,1,1,0,0,0,16,1,1,pre_allocation
61,7906,greenran_normal,0,0,65535_65535,2,64,4730569,0,1,1,1,1,0,16,1,1,allocated
61,7906,greenran_normal,0,0,65535_65535,2,43,4729985,0,1,1,0,0,0,20,1,1,pre_allocation
61,7906,greenran_normal,0,0,65535_65535,2,43,4729985,1,1,1,1,1,1,20,1,1,allocated
61,7906,greenran_normal,0,0,65535_65535,2,42,4729352,0,1,1,0,0,0,24,1,1,pre_allocation
61,7906,greenran_normal,0,0,65535_65535,2,42,4729352,3,1,1,1,1,3,24,1,1,allocated
61,7906,greenran_normal,0,0,65535_65535,2,59,4728915,0,1,1,0,0,0,24,1,1,pre_allocation
61,7906,greenran_normal,0,0,65535_65535,2,59,4728915,3,1,1,1,1,3,24,1,1,allocated
61,7906,greenran_normal,0,0,65535_65535,2,36,4728894,0,1,1,0,0,0,28,1,1,pre_allocation
61,7906,greenran_normal,0,0,65535_65535,2,36,4728894,4,1,1,1,1,4,28,1,1,allocated
61,7906,greenran_normal,0,0,65535_65535,2,58,4728912,0,1,1,0,0,0,26,1,1,pre_allocation
61,7906,greenran_normal,0,0,65535_65535,2,58,4728912,4,1,1,1,1,4,26,1,1,allocated
61,7906,greenran_normal,0,0,65535_65535,2,63,4728834,0,1,1,0,0,0,28,1,1,pre_allocation
61,7906,greenran_normal,0,0,65535_65535,2,63,4728834,4,1,1,1,1,4,28,1,1,allocated
61,7906,greenran_normal,0,0,65535_65535,2,37,4728832,0,1,1,0,0,0,28,1,1,pre_allocation
61,7906,greenran_normal,0,0,65535_65535,2,37,4728832,4,1,1,1,1,4,28,1,1,allocated
61,7906,greenran_normal,0,0,65535_65535,2,39,4728834,0,1,1,0,0,0,28,1,1,pre_allocation
61,7906,greenran_normal,0,0,65535_65535,2,39,4728834,4,1,1,1,1,4,28,1,1,allocated
61,7906,greenran_normal,0,0,65535_65535,2,35,4728829,0,1,1,0,0,0,28,1,1,pre_allocation
61,7906,greenran_normal,0,0,65535_65535,2,35,4728829,4,1,1,1,1,4,28,1,1,allocated
61,7906,greenran_normal,0,0,65535_65535,2,44,4728829,0,1,1,0,0,0,28,1,1,pre_allocation
61,7906,greenran_normal,0,0,65535_65535,2,44,4728829,4,1,1,1,1,4,28,1,1,allocated
61,7906,greenran_normal,0,0,65535_65535,2,55,4728829,0,1,1,0,0,0,28,1,1,pre_allocation
61,7906,greenran_normal,0,0,65535_65535,2,55,4728829,4,1,1,1,1,4,28,1,1,allocated
61,7906,greenran_normal,0,0,65535_65535,2,56,4728829,0,1,1,0,0,0,28,1,1,pre_allocation
61,7906,greenran_normal,0,0,65535_65535,2,56,4728829,4,1,1,1,1,4,28,1,1,allocated
61,7906,greenran_normal,0,0,65535_65535,2,57,4728829,0,1,1,0,0,0,28,1,1,pre_allocation
61,7906,greenran_normal,0,0,65535_65535,2,57,4728829,4,1,1,1,1,4,28,1,1,allocated
61,7906,greenran_normal,0,0,65535_65535,2,40,4728831,0,1,1,0,0,0,28,1,1,pre_allocation
61,7906,greenran_normal,0,0,65535_65535,2,40,4728831,4,1,1,1,1,4,28,1,1,allocated
61,7906,greenran_normal,0,0,65535_65535,2,41,4728831,0,1,1,0,0,0,28,1,1,pre_allocation
61,7906,greenran_normal,0,0,65535_65535,2,41,4728831,4,1,1,1,1,4,28,1,1,allocated
61,7906,greenran_normal,0,0,65535_65535,2,61,4728828,0,1,1,0,0,0,28,1,1,pre_allocation
61,7906,greenran_normal,0,0,65535_65535,2,61,4728828,4,1,1,1,1,4,28,1,1,allocated
61,7906,greenran_normal,0,0,65535_65535,2,62,4728827,0,1,1,0,0,0,28,1,1,pre_allocation
61,7906,greenran_normal,0,0,65535_65535,2,62,4728827,4,1,1,1,1,4,28,1,1,allocated
61,7906,greenran_normal,0,0,65535_65535,2,38,4731203,0,1,1,0,1,0,2,1,1,pre_allocation
61,7906,greenran_normal,0,0,65535_65535,2,38,4731203,0,1,1,1,2,0,2,1,1,allocated
61,7906,greenran_normal,0,0,65535_65535,2,60,4730897,2,1,1,0,1,0,12,1,1,pre_allocation
61,7906,greenran_normal,0,0,65535_65535,2,60,4730897,1,1,1,1,2,1,12,1,1,allocated
61,7906,greenran_normal,0,0,65535_65535,2,64,4730569,0,1,1,0,1,0,16,1,1,pre_allocation
61,7906,greenran_normal,0,0,65535_65535,2,64,4730569,3,1,1,1,2,3,16,1,1,allocated
61,7906,greenran_normal,0,0,65535_65535,2,43,4729985,1,1,1,0,1,0,20,1,1,pre_allocation
61,7906,greenran_normal,0,0,65535_65535,2,43,4729985,6,1,1,1,2,6,20,1,1,allocated
61,7906,greenran_normal,0,0,65535_65535,2,42,4729352,3,1,1,0,1,0,24,1,1,pre_allocation
61,7906,greenran_normal,0,0,65535_65535,2,42,4729352,9,1,1,1,2,9,24,1,1,allocated
61,7906,greenran_normal,0,0,65535_65535,2,59,4728915,3,1,1,0,1,0,24,1,1,pre_allocation
61,7906,greenran_normal,0,0,65535_65535,2,59,4728915,9,1,1,1,2,9,24,1,1,allocated
61,7906,greenran_normal,0,0,65535_65535,2,36,4728894,4,1,1,0,1,0,28,1,1,pre_allocation
61,7906,greenran_normal,0,0,65535_65535,2,36,4728894,12,1,1,1,2,12,28,1,1,allocated
61,7906,greenran_normal,0,0,65535_65535,2,58,4728912,4,1,1,0,1,0,26,1,1,pre_allocation
61,7906,greenran_normal,0,0,65535_65535,2,58,4728912,11,1,1,1,2,11,26,1,1,allocated
61,7906,greenran_normal,0,0,65535_65535,2,63,4728834,4,1,1,0,1,0,28,1,1,pre_allocation
61,7906,greenran_normal,0,0,65535_65535,2,63,4728834,12,1,1,1,2,12,28,1,1,allocated
61,7906,greenran_normal,0,0,65535_65535,2,37,4728832,4,1,1,0,1,0,28,1,1,pre_allocation
61,7906,greenran_normal,0,0,65535_65535,2,37,4728832,12,1,1,1,2,12,28,1,1,allocated
61,7906,greenran_normal,0,0,65535_65535,2,39,4728834,4,1,1,0,1,0,28,1,1,pre_allocation
61,7906,greenran_normal,0,0,65535_65535,2,39,4728834,12,1,1,1,2,12,28,1,1,allocated
61,7906,greenran_normal,0,0,65535_65535,2,35,4728829,4,1,1,0,1,0,28,1,1,pre_allocation
61,7906,greenran_normal,0,0,65535_65535,2,35,4728829,12,1,1,1,2,12,28,1,1,allocated
61,7906,greenran_normal,0,0,65535_65535,2,44,4728829,4,1,1,0,1,0,28,1,1,pre_allocation
61,7906,greenran_normal,0,0,65535_65535,2,44,4728829,12,1,1,1,2,12,28,1,1,allocated
61,7906,greenran_normal,0,0,65535_65535,2,55,4728829,4,1,1,0,1,0,28,1,1,pre_allocation
61,7906,greenran_normal,0,0,65535_65535,2,55,4728829,12,1,1,1,2,12,28,1,1,allocated
61,7906,greenran_normal,0,0,65535_65535,2,56,4728829,4,1,1,0,1,0,28,1,1,pre_allocation
61,7906,greenran_normal,0,0,65535_65535,2,56,4728829,12,1,1,1,2,12,28,1,1,allocated
61,7906,greenran_normal,0,0,65535_65535,2,57,4728829,4,1,1,0,1,0,28,1,1,pre_allocation
61,7906,greenran_normal,0,0,65535_65535,2,57,4728829,12,1,1,1,2,12,28,1,1,allocated
61,7906,greenran_normal,0,0,65535_65535,2,40,4728831,4,1,1,0,1,0,28,1,1,pre_allocation
61,7906,greenran_normal,0,0,65535_65535,2,40,4728831,12,1,1,1,2,12,28,1,1,allocated
61,7906,greenran_normal,0,0,65535_65535,2,41,4728831,4,1,1,0,1,0,28,1,1,pre_allocation
61,7906,greenran_normal,0,0,65535_65535,2,41,4728831,12,1,1,1,2,12,28,1,1,allocated
61,7906,greenran_normal,0,0,65535_65535,2,61,4728828,4,1,1,0,1,0,28,1,1,pre_allocation
61,7906,greenran_normal,0,0,65535_65535,2,61,4728828,12,1,1,1,2,12,28,1,1,allocated
61,7906,greenran_normal,0,0,65535_65535,2,62,4728827,4,1,1,0,1,0,28,1,1,pre_allocation
61,7906,greenran_normal,0,0,65535_65535,2,62,4728827,12,1,1,1,2,12,28,1,1,allocated
61,7906,greenran_normal,0,0,65535_65535,2,38,4731203,0,1,1,0,2,0,2,1,1,pre_allocation
61,7906,greenran_normal,0,0,65535_65535,2,38,4731203,0,1,1,1,3,0,2,1,1,allocated
61,7906,greenran_normal,0,0,65535_65535,2,60,4730897,1,1,1,0,2,0,12,1,1,pre_allocation
61,7906,greenran_normal,0,0,65535_65535,2,60,4730897,3,1,1,1,3,3,12,1,1,allocated
61,7906,greenran_normal,0,0,65535_65535,2,64,4730569,3,1,1,0,2,0,16,1,1,pre_allocation
61,7906,greenran_normal,0,0,65535_65535,2,64,4730569,6,1,1,1,3,6,16,1,1,allocated
61,7906,greenran_normal,0,0,65535_65535,2,43,4729985,6,1,1,0,2,0,20,1,1,pre_allocation
61,7906,greenran_normal,0,0,65535_65535,2,43,4729985,10,1,1,1,3,10,20,1,1,allocated
61,7906,greenran_normal,0,0,65535_65535,2,42,4729352,9,1,1,0,2,0,24,1,1,pre_allocation
61,7906,greenran_normal,0,0,65535_65535,2,42,4729352,15,1,1,1,3,15,24,1,1,allocated
61,7906,greenran_normal,0,0,65535_65535,2,59,4728915,9,1,1,0,2,0,24,1,1,pre_allocation
61,7906,greenran_normal,0,0,65535_65535,2,59,4728915,15,1,1,1,3,15,24,1,1,allocated
61,7906,greenran_normal,0,0,65535_65535,2,36,4728894,12,1,1,0,2,0,28,1,1,pre_allocation
61,7906,greenran_normal,0,0,65535_65535,2,36,4728894,19,1,1,1,3,19,28,1,1,allocated
61,7906,greenran_normal,0,0,65535_65535,2,58,4728912,11,1,1,0,2,0,26,1,1,pre_allocation
61,7906,greenran_normal,0,0,65535_65535,2,58,4728912,18,1,1,1,3,18,26,1,1,allocated
61,7906,greenran_normal,0,0,65535_65535,2,63,4728834,12,1,1,0,2,0,28,1,1,pre_allocation
61,7906,greenran_normal,0,0,65535_65535,2,63,4728834,19,1,1,1,3,19,28,1,1,allocated
61,7906,greenran_normal,0,0,65535_65535,2,37,4728832,12,1,1,0,2,0,28,1,1,pre_allocation
61,7906,greenran_normal,0,0,65535_65535,2,37,4728832,19,1,1,1,3,19,28,1,1,allocated
61,7906,greenran_normal,0,0,65535_65535,2,39,4728834,12,1,1,0,2,0,28,1,1,pre_allocation
61,7906,greenran_normal,0,0,65535_65535,2,39,4728834,19,1,1,1,3,19,28,1,1,allocated
61,7906,greenran_normal,0,0,65535_65535,2,35,4728829,12,1,1,0,2,0,28,1,1,pre_allocation
61,7906,greenran_normal,0,0,65535_65535,2,35,4728829,19,1,1,1,3,19,28,1,1,allocated
61,7906,greenran_normal,0,0,65535_65535,2,44,4728829,12,1,1,0,2,0,28,1,1,pre_allocation
61,7906,greenran_normal,0,0,65535_65535,2,44,4728829,19,1,1,1,3,19,28,1,1,allocated
61,7906,greenran_normal,0,0,65535_65535,2,55,4728829,12,1,1,0,2,0,28,1,1,pre_allocation
61,7906,greenran_normal,0,0,65535_65535,2,55,4728829,19,1,1,1,3,19,28,1,1,allocated
61,7906,greenran_normal,0,0,65535_65535,2,56,4728829,12,1,1,0,2,0,28,1,1,pre_allocation
61,7906,greenran_normal,0,0,65535_65535,2,56,4728829,19,1,1,1,3,19,28,1,1,allocated
61,7906,greenran_normal,0,0,65535_65535,2,57,4728829,12,1,1,0,2,0,28,1,1,pre_allocation
61,7906,greenran_normal,0,0,65535_65535,2,57,4728829,19,1,1,1,3,19,28,1,1,allocated
61,7906,greenran_normal,0,0,65535_65535,2,40,4728831,12,1,1,0,2,0,28,1,1,pre_allocation
61,7906,greenran_normal,0,0,65535_65535,2,40,4728831,19,1,1,1,3,19,28,1,1,allocated
61,7906,greenran_normal,0,0,65535_65535,2,41,4728831,12,1,1,0,2,0,28,1,1,pre_allocation
61,7906,greenran_normal,0,0,65535_65535,2,41,4728831,19,1,1,1,3,19,28,1,1,allocated
61,7906,greenran_normal,0,0,65535_65535,2,61,4728828,12,1,1,0,2,0,28,1,1,pre_allocation
61,7906,greenran_normal,0,0,65535_65535,2,61,4728828,19,1,1,1,3,19,28,1,1,allocated
61,7906,greenran_normal,0,0,65535_65535,2,62,4728827,12,1,1,0,2,0,28,1,1,pre_allocation
61,7906,greenran_normal,0,0,65535_65535,2,62,4728827,19,1,1,1,3,19,28,1,1,allocated
61,7906,greenran_normal,0,0,65535_65535,2,38,4731203,0,1,1,0,3,0,2,1,1,pre_allocation
61,7906,greenran_normal,0,0,65535_65535,2,38,4731203,1,1,1,1,4,1,2,1,1,allocated
61,7906,greenran_normal,0,0,65535_65535,2,60,4730897,3,1,1,0,3,0,12,1,1,pre_allocation
61,7906,greenran_normal,0,0,65535_65535,2,60,4730897,5,1,1,1,4,5,12,1,1,allocated
61,7906,greenran_normal,0,0,65535_65535,2,64,4730569,6,1,1,0,3,0,16,1,1,pre_allocation
61,7906,greenran_normal,0,0,65535_65535,2,64,4730569,10,1,1,1,4,10,16,1,1,allocated
61,7906,greenran_normal,0,0,65535_65535,2,43,4729985,10,1,1,0,3,0,20,1,1,pre_allocation
61,7906,greenran_normal,0,0,65535_65535,2,43,4729985,15,1,1,1,4,15,20,1,1,allocated
61,7906,greenran_normal,0,0,65535_65535,2,42,4729352,15,1,1,0,3,0,24,1,1,pre_allocation
61,7906,greenran_normal,0,0,65535_65535,2,42,4729352,21,1,1,1,4,21,24,1,1,allocated
61,7906,greenran_normal,0,0,65535_65535,2,59,4728915,15,1,1,0,3,0,24,1,1,pre_allocation
61,7906,greenran_normal,0,0,65535_65535,2,59,4728915,21,1,1,1,4,21,24,1,1,allocated
61,7906,greenran_normal,0,0,65535_65535,2,36,4728894,19,1,1,0,3,0,28,1,1,pre_allocation
61,7906,greenran_normal,0,0,65535_65535,2,36,4728894,27,1,1,1,4,27,28,1,1,allocated
61,7906,greenran_normal,0,0,65535_65535,2,58,4728912,18,1,1,0,3,0,26,1,1,pre_allocation
61,7906,greenran_normal,0,0,65535_65535,2,58,4728912,25,1,1,1,4,25,26,1,1,allocated
61,7906,greenran_normal,0,0,65535_65535,2,63,4728834,19,1,1,0,3,0,28,1,1,pre_allocation
61,7906,greenran_normal,0,0,65535_65535,2,63,4728834,27,1,1,1,4,27,28,1,1,allocated
61,7906,greenran_normal,0,0,65535_65535,2,37,4728832,19,1,1,0,3,0,28,1,1,pre_allocation
61,7906,greenran_normal,0,0,65535_65535,2,37,4728832,27,1,1,1,4,27,28,1,1,allocated
61,7906,greenran_normal,0,0,65535_65535,2,39,4728834,19,1,1,0,3,0,28,1,1,pre_allocation
61,7906,greenran_normal,0,0,65535_65535,2,39,4728834,27,1,1,1,4,27,28,1,1,allocated
61,7906,greenran_normal,0,0,65535_65535,2,35,4728829,19,1,1,0,3,0,28,1,1,pre_allocation
61,7906,greenran_normal,0,0,65535_65535,2,35,4728829,27,1,1,1,4,27,28,1,1,allocated
61,7906,greenran_normal,0,0,65535_65535,2,44,4728829,19,1,1,0,3,0,28,1,1,pre_allocation
61,7906,greenran_normal,0,0,65535_65535,2,44,4728829,27,1,1,1,4,27,28,1,1,allocated
61,7906,greenran_normal,0,0,65535_65535,2,55,4728829,19,1,1,0,3,0,28,1,1,pre_allocation
61,7906,greenran_normal,0,0,65535_65535,2,55,4728829,27,1,1,1,4,27,28,1,1,allocated
61,7906,greenran_normal,0,0,65535_65535,2,56,4728829,19,1,1,0,3,0,28,1,1,pre_allocation
61,7906,greenran_normal,0,0,65535_65535,2,56,4728829,27,1,1,1,4,27,28,1,1,allocated
61,7906,greenran_normal,0,0,65535_65535,2,57,4728829,19,1,1,0,3,0,28,1,1,pre_allocation
61,7906,greenran_normal,0,0,65535_65535,2,57,4728829,27,1,1,1,4,27,28,1,1,allocated
61,7906,greenran_normal,0,0,65535_65535,2,40,4728831,19,1,1,0,3,0,28,1,1,pre_allocation
61,7906,greenran_normal,0,0,65535_65535,2,40,4728831,27,1,1,1,4,27,28,1,1,allocated
61,7906,greenran_normal,0,0,65535_65535,2,41,4728831,19,1,1,0,3,0,28,1,1,pre_allocation
61,7906,greenran_normal,0,0,65535_65535,2,41,4728831,27,1,1,1,4,27,28,1,1,allocated
61,7906,greenran_normal,0,0,65535_65535,2,61,4728828,19,1,1,0,3,0,28,1,1,pre_allocation
61,7906,greenran_normal,0,0,65535_65535,2,61,4728828,27,1,1,1,4,27,28,1,1,allocated
61,7906,greenran_normal,0,0,65535_65535,2,62,4728827,19,1,1,0,3,0,28,1,1,pre_allocation
61,7906,greenran_normal,0,0,65535_65535,2,62,4728827,27,1,1,1,4,27,28,1,1,allocated
61,7906,greenran_normal,0,0,65535_65535,2,38,4731203,1,1,1,0,4,0,2,1,1,pre_allocation
61,7906,greenran_normal,0,0,65535_65535,2,38,4731203,1,1,1,1,5,1,2,1,1,allocated
61,7906,greenran_normal,0,0,65535_65535,2,60,4730897,5,1,1,0,4,0,12,1,1,pre_allocation
61,7906,greenran_normal,0,0,65535_65535,2,60,4730897,7,1,1,1,5,7,12,1,1,allocated
61,7906,greenran_normal,0,0,65535_65535,2,64,4730569,10,1,1,0,4,0,16,1,1,pre_allocation
61,7906,greenran_normal,0,0,65535_65535,2,64,4730569,13,1,1,1,5,13,16,1,1,allocated
61,7906,greenran_normal,0,0,65535_65535,2,43,4729985,15,1,1,0,4,0,20,1,1,pre_allocation
61,7906,greenran_normal,0,0,65535_65535,2,43,4729985,19,1,1,1,5,19,20,1,1,allocated
61,7906,greenran_normal,0,0,65535_65535,2,42,4729352,21,1,1,0,4,0,24,1,1,pre_allocation
61,7906,greenran_normal,0,0,65535_65535,2,42,4729352,27,1,1,1,5,27,24,1,1,allocated
61,7906,greenran_normal,0,0,65535_65535,2,59,4728915,21,1,1,0,4,0,24,1,1,pre_allocation
61,7906,greenran_normal,0,0,65535_65535,2,59,4728915,27,1,1,1,5,27,24,1,1,allocated
61,7906,greenran_normal,0,0,65535_65535,2,36,4728894,27,1,1,0,4,0,28,1,1,pre_allocation
61,7906,greenran_normal,0,0,65535_65535,2,36,4728894,34,1,1,1,5,34,28,1,1,allocated
61,7906,greenran_normal,0,0,65535_65535,2,58,4728912,25,1,1,0,4,0,26,1,1,pre_allocation
61,7906,greenran_normal,0,0,65535_65535,2,58,4728912,32,1,1,1,5,32,26,1,1,allocated
61,7906,greenran_normal,0,0,65535_65535,2,63,4728834,27,1,1,0,4,0,28,1,1,pre_allocation
61,7906,greenran_normal,0,0,65535_65535,2,63,4728834,34,1,1,1,5,34,28,1,1,allocated
61,7906,greenran_normal,0,0,65535_65535,2,37,4728832,27,1,1,0,4,0,28,1,1,pre_allocation
61,7906,greenran_normal,0,0,65535_65535,2,37,4728832,34,1,1,1,5,34,28,1,1,allocated
61,7906,greenran_normal,0,0,65535_65535,2,39,4728834,27,1,1,0,4,0,28,1,1,pre_allocation
61,7906,greenran_normal,0,0,65535_65535,2,39,4728834,34,1,1,1,5,34,28,1,1,allocated
61,7906,greenran_normal,0,0,65535_65535,2,35,4728829,27,1,1,0,4,0,28,1,1,pre_allocation
61,7906,greenran_normal,0,0,65535_65535,2,35,4728829,34,1,1,1,5,34,28,1,1,allocated
61,7906,greenran_normal,0,0,65535_65535,2,44,4728829,27,1,1,0,4,0,28,1,1,pre_allocation
61,7906,greenran_normal,0,0,65535_65535,2,44,4728829,34,1,1,1,5,34,28,1,1,allocated
61,7906,greenran_normal,0,0,65535_65535,2,55,4728829,27,1,1,0,4,0,28,1,1,pre_allocation
61,7906,greenran_normal,0,0,65535_65535,2,55,4728829,34,1,1,1,5,34,28,1,1,allocated
61,7906,greenran_normal,0,0,65535_65535,2,56,4728829,27,1,1,0,4,0,28,1,1,pre_allocation
61,7906,greenran_normal,0,0,65535_65535,2,56,4728829,34,1,1,1,5,34,28,1,1,allocated
61,7906,greenran_normal,0,0,65535_65535,2,57,4728829,27,1,1,0,4,0,28,1,1,pre_allocation
61,7906,greenran_normal,0,0,65535_65535,2,57,4728829,34,1,1,1,5,34,28,1,1,allocated
61,7906,greenran_normal,0,0,65535_65535,2,40,4728831,27,1,1,0,4,0,28,1,1,pre_allocation
61,7906,greenran_normal,0,0,65535_65535,2,40,4728831,34,1,1,1,5,34,28,1,1,allocated
61,7906,greenran_normal,0,0,65535_65535,2,41,4728831,27,1,1,0,4,0,28,1,1,pre_allocation
61,7906,greenran_normal,0,0,65535_65535,2,41,4728831,34,1,1,1,5,34,28,1,1,allocated
61,7906,greenran_normal,0,0,65535_65535,2,61,4728828,27,1,1,0,4,0,28,1,1,pre_allocation
61,7906,greenran_normal,0,0,65535_65535,2,61,4728828,34,1,1,1,5,34,28,1,1,allocated
61,7906,greenran_normal,0,0,65535_65535,2,62,4728827,27,1,1,0,4,0,28,1,1,pre_allocation
61,7906,greenran_normal,0,0,65535_65535,2,62,4728827,34,1,1,1,5,34,28,1,1,allocated
61,7906,greenran_normal,0,0,65535_65535,2,38,4731203,1,1,1,0,5,0,2,1,1,pre_allocation
61,7906,greenran_normal,0,0,65535_65535,2,38,4731203,1,1,1,1,6,1,2,1,1,allocated
61,7906,greenran_normal,0,0,65535_65535,2,60,4730897,7,1,1,0,5,0,12,1,1,pre_allocation
61,7906,greenran_normal,0,0,65535_65535,2,60,4730897,9,1,1,1,6,9,12,1,1,allocated
61,7906,greenran_normal,0,0,65535_65535,2,64,4730569,13,1,1,0,5,0,16,1,1,pre_allocation
61,7906,greenran_normal,0,0,65535_65535,2,64,4730569,16,1,1,1,6,16,16,1,1,allocated
61,7906,greenran_normal,0,0,65535_65535,2,43,4729985,19,1,1,0,5,0,20,1,1,pre_allocation
61,7906,greenran_normal,0,0,65535_65535,2,43,4729985,24,1,1,1,6,24,20,1,1,allocated
61,7906,greenran_normal,0,0,65535_65535,2,42,4729352,27,1,1,0,5,0,24,1,1,pre_allocation
61,7906,greenran_normal,0,0,65535_65535,2,42,4729352,34,1,1,1,6,34,24,1,1,allocated
61,7906,greenran_normal,0,0,65535_65535,2,59,4728915,27,1,1,0,5,0,24,1,1,pre_allocation
61,7906,greenran_normal,0,0,65535_65535,2,59,4728915,34,1,1,1,6,34,24,1,1,allocated
61,7906,greenran_normal,0,0,65535_65535,2,36,4728894,34,1,1,0,5,0,28,1,1,pre_allocation
61,7906,greenran_normal,0,0,65535_65535,2,36,4728894,42,1,1,1,6,42,28,1,1,allocated
61,7906,greenran_normal,0,0,65535_65535,2,58,4728912,32,1,1,0,5,0,26,1,1,pre_allocation
61,7906,greenran_normal,0,0,65535_65535,2,58,4728912,39,1,1,1,6,39,26,1,1,allocated
62,8226,greenran_normal,0,0,65535_65535,0,4,154332,0,1,1,0,0,0,24,1,1,pre_allocation
62,8226,greenran_normal,0,0,65535_65535,0,4,154332,3,1,1,1,1,3,24,1,1,allocated
62,8226,greenran_normal,0,0,65535_65535,0,2,151706,0,1,1,0,0,0,28,1,1,pre_allocation
62,8226,greenran_normal,0,0,65535_65535,0,2,151706,4,1,1,1,1,4,28,1,1,allocated
62,8226,greenran_normal,0,0,65535_65535,0,1,151699,0,1,1,0,0,0,28,1,1,pre_allocation
62,8226,greenran_normal,0,0,65535_65535,0,1,151699,4,1,1,1,1,4,28,1,1,allocated
62,8226,greenran_normal,0,0,65535_65535,0,3,151694,0,1,1,0,0,0,28,1,1,pre_allocation
62,8226,greenran_normal,0,0,65535_65535,0,3,151694,4,1,1,1,1,4,28,1,1,allocated
62,8226,greenran_normal,0,0,65535_65535,0,5,151688,0,1,1,0,0,0,28,1,1,pre_allocation
62,8226,greenran_normal,0,0,65535_65535,0,5,151688,4,1,1,1,1,4,28,1,1,allocated
62,8226,greenran_normal,0,0,65535_65535,0,4,154332,3,1,1,0,1,0,24,1,1,pre_allocation
62,8226,greenran_normal,0,0,65535_65535,0,4,154332,9,1,1,1,2,9,24,1,1,allocated
62,8226,greenran_normal,0,0,65535_65535,0,2,151706,4,1,1,0,1,0,28,1,1,pre_allocation
62,8226,greenran_normal,0,0,65535_65535,0,2,151706,12,1,1,1,2,12,28,1,1,allocated
62,8226,greenran_normal,0,0,65535_65535,0,1,151699,4,1,1,0,1,0,28,1,1,pre_allocation
62,8226,greenran_normal,0,0,65535_65535,0,1,151699,12,1,1,1,2,12,28,1,1,allocated
62,8226,greenran_normal,0,0,65535_65535,0,3,151694,4,1,1,0,1,0,28,1,1,pre_allocation
62,8226,greenran_normal,0,0,65535_65535,0,3,151694,12,1,1,1,2,12,28,1,1,allocated
62,8226,greenran_normal,0,0,65535_65535,0,5,151688,4,1,1,0,1,0,28,1,1,pre_allocation
62,8226,greenran_normal,0,0,65535_65535,0,5,151688,12,1,1,1,2,12,28,1,1,allocated
62,8226,greenran_normal,0,0,65535_65535,0,4,154332,9,1,1,0,2,0,24,1,1,pre_allocation
62,8226,greenran_normal,0,0,65535_65535,0,4,154332,15,1,1,1,3,15,24,1,1,allocated
62,8226,greenran_normal,0,0,65535_65535,0,2,151706,12,1,1,0,2,0,28,1,1,pre_allocation
62,8226,greenran_normal,0,0,65535_65535,0,2,151706,19,1,1,1,3,19,28,1,1,allocated
62,8226,greenran_normal,0,0,65535_65535,0,1,151699,12,1,1,0,2,0,28,1,1,pre_allocation
62,8226,greenran_normal,0,0,65535_65535,0,1,151699,19,1,1,1,3,19,28,1,1,allocated
62,8226,greenran_normal,0,0,65535_65535,0,3,151694,12,1,1,0,2,0,28,1,1,pre_allocation
62,8226,greenran_normal,0,0,65535_65535,0,3,151694,19,1,1,1,3,19,28,1,1,allocated
62,8226,greenran_normal,0,0,65535_65535,0,5,151688,12,1,1,0,2,0,28,1,1,pre_allocation
62,8226,greenran_normal,0,0,65535_65535,0,5,151688,19,1,1,1,3,19,28,1,1,allocated
62,8226,greenran_normal,0,0,65535_65535,0,4,154332,15,1,1,0,3,0,24,1,1,pre_allocation
62,8226,greenran_normal,0,0,65535_65535,0,4,154332,21,1,1,1,4,21,24,1,1,allocated
62,8226,greenran_normal,0,0,65535_65535,0,2,151706,19,1,1,0,3,0,28,1,1,pre_allocation
62,8226,greenran_normal,0,0,65535_65535,0,2,151706,27,1,1,1,4,27,28,1,1,allocated
62,8226,greenran_normal,0,0,65535_65535,0,1,151699,19,1,1,0,3,0,28,1,1,pre_allocation
62,8226,greenran_normal,0,0,65535_65535,0,1,151699,27,1,1,1,4,27,28,1,1,allocated
62,8226,greenran_normal,0,0,65535_65535,0,3,151694,19,1,1,0,3,0,28,1,1,pre_allocation
62,8226,greenran_normal,0,0,65535_65535,0,3,151694,27,1,1,1,4,27,28,1,1,allocated
62,8226,greenran_normal,0,0,65535_65535,0,5,151688,19,1,1,0,3,0,28,1,1,pre_allocation
62,8226,greenran_normal,0,0,65535_65535,0,5,151688,27,1,1,1,4,27,28,1,1,allocated
62,8226,greenran_normal,0,0,65535_65535,0,4,154332,21,1,1,0,4,0,24,1,1,pre_allocation
62,8226,greenran_normal,0,0,65535_65535,0,4,154332,27,1,1,1,5,27,24,1,1,allocated
62,8226,greenran_normal,0,0,65535_65535,0,2,151706,27,1,1,0,4,0,28,1,1,pre_allocation
62,8226,greenran_normal,0,0,65535_65535,0,2,151706,34,1,1,1,5,34,28,1,1,allocated
62,8226,greenran_normal,0,0,65535_65535,0,1,151699,27,1,1,0,4,0,28,1,1,pre_allocation
62,8226,greenran_normal,0,0,65535_65535,0,1,151699,34,1,1,1,5,34,28,1,1,allocated
62,8226,greenran_normal,0,0,65535_65535,0,3,151694,27,1,1,0,4,0,28,1,1,pre_allocation
62,8226,greenran_normal,0,0,65535_65535,0,3,151694,34,1,1,1,5,34,28,1,1,allocated
62,8226,greenran_normal,0,0,65535_65535,0,5,151688,27,1,1,0,4,0,28,1,1,pre_allocation
62,8226,greenran_normal,0,0,65535_65535,0,5,151688,34,1,1,1,5,34,28,1,1,allocated
62,8226,greenran_normal,0,0,65535_65535,0,4,154332,27,1,1,0,5,0,24,1,1,pre_allocation
62,8226,greenran_normal,0,0,65535_65535,0,4,154332,34,1,1,1,6,34,24,1,1,allocated
62,8226,greenran_normal,0,0,65535_65535,0,2,151706,34,1,1,0,5,0,28,1,1,pre_allocation
62,8226,greenran_normal,0,0,65535_65535,0,2,151706,42,1,1,1,6,42,28,1,1,allocated
62,8226,greenran_normal,0,0,65535_65535,0,1,151699,34,1,1,0,5,0,28,1,1,pre_allocation
62,8226,greenran_normal,0,0,65535_65535,0,1,151699,42,1,1,1,6,42,28,1,1,allocated
62,8226,greenran_normal,0,0,65535_65535,0,3,151694,34,1,1,0,5,0,28,1,1,pre_allocation
62,8226,greenran_normal,0,0,65535_65535,0,3,151694,42,1,1,1,6,42,28,1,1,allocated
62,8226,greenran_normal,0,0,65535_65535,0,5,151688,34,1,1,0,5,0,28,1,1,pre_allocation
62,8226,greenran_normal,0,0,65535_65535,0,5,151688,42,1,1,1,6,42,28,1,1,allocated
62,8226,greenran_normal,0,0,65535_65535,0,4,154332,34,1,1,0,6,0,24,1,1,pre_allocation
62,8226,greenran_normal,0,0,65535_65535,0,4,154332,40,1,1,1,7,40,24,1,1,allocated
62,8226,greenran_normal,0,0,65535_65535,0,2,151706,42,1,1,0,6,0,28,1,1,pre_allocation
62,8226,greenran_normal,0,0,65535_65535,0,2,151706,50,1,1,1,7,50,28,1,1,allocated
62,8226,greenran_normal,0,0,65535_65535,0,1,151699,42,1,1,0,6,0,28,1,1,pre_allocation
62,8226,greenran_normal,0,0,65535_65535,0,1,151699,50,1,1,1,7,50,28,1,1,allocated
62,8226,greenran_normal,0,0,65535_65535,0,3,151694,42,1,1,0,6,0,28,1,1,pre_allocation
62,8226,greenran_normal,0,0,65535_65535,0,3,151694,50,1,1,1,7,50,28,1,1,allocated
62,8226,greenran_normal,0,0,65535_65535,0,5,151688,42,1,1,0,6,0,28,1,1,pre_allocation
62,8226,greenran_normal,0,0,65535_65535,0,5,151688,50,1,1,1,7,50,28,1,1,allocated
62,8226,greenran_normal,0,0,65535_65535,0,4,154332,40,1,1,0,7,0,24,1,1,pre_allocation
62,8226,greenran_normal,0,0,65535_65535,0,4,154332,46,1,1,1,8,46,24,1,1,allocated
62,8226,greenran_normal,0,0,65535_65535,0,2,151706,50,1,1,0,7,0,28,1,1,pre_allocation
62,8226,greenran_normal,0,0,65535_65535,0,2,151706,57,1,1,1,8,57,28,1,1,allocated
62,8226,greenran_normal,0,0,65535_65535,0,1,151699,50,1,1,0,7,0,28,1,1,pre_allocation
62,8226,greenran_normal,0,0,65535_65535,0,1,151699,57,1,1,1,8,57,28,1,1,allocated
62,8226,greenran_normal,0,0,65535_65535,0,3,151694,50,1,1,0,7,0,28,1,1,pre_allocation
62,8226,greenran_normal,0,0,65535_65535,0,3,151694,57,1,1,1,8,57,28,1,1,allocated
62,8226,greenran_normal,0,0,65535_65535,0,5,151688,50,1,1,0,7,0,28,1,1,pre_allocation
62,8226,greenran_normal,0,0,65535_65535,0,5,151688,57,1,1,1,8,57,28,1,1,allocated
62,8226,greenran_normal,0,0,65535_65535,0,4,154332,46,1,1,0,8,0,24,1,1,pre_allocation
62,8226,greenran_normal,0,0,65535_65535,0,4,154332,52,1,1,1,9,52,24,1,1,allocated
62,8226,greenran_normal,0,0,65535_65535,0,2,151706,57,1,1,0,8,0,28,1,1,pre_allocation
62,8226,greenran_normal,0,0,65535_65535,0,2,151706,65,1,1,1,9,65,28,1,1,allocated
62,8226,greenran_normal,0,0,65535_65535,0,1,151699,57,1,1,0,8,0,28,1,1,pre_allocation
62,8226,greenran_normal,0,0,65535_65535,0,1,151699,65,1,1,1,9,65,28,1,1,allocated
62,8226,greenran_normal,0,0,65535_65535,0,3,151694,57,1,1,0,8,0,28,1,1,pre_allocation
62,8226,greenran_normal,0,0,65535_65535,0,3,151694,65,1,1,1,9,65,28,1,1,allocated
62,8226,greenran_normal,0,0,65535_65535,0,5,151688,57,1,1,0,8,0,28,1,1,pre_allocation
62,8226,greenran_normal,0,0,65535_65535,0,5,151688,65,1,1,1,9,65,28,1,1,allocated
62,8226,greenran_normal,0,0,65535_65535,0,4,154332,52,1,1,0,9,0,24,1,1,pre_allocation
62,8226,greenran_normal,0,0,65535_65535,0,4,154332,58,1,1,1,10,58,24,1,1,allocated
62,8226,greenran_normal,0,0,65535_65535,0,2,151706,65,1,1,0,9,0,28,1,1,pre_allocation
62,8226,greenran_normal,0,0,65535_65535,0,2,151706,72,1,1,1,10,72,28,1,1,allocated
62,8226,greenran_normal,0,0,65535_65535,0,1,151699,65,1,1,0,9,0,28,1,1,pre_allocation
62,8226,greenran_normal,0,0,65535_65535,0,1,151699,72,1,1,1,10,72,28,1,1,allocated
62,8226,greenran_normal,0,0,65535_65535,0,3,151694,65,1,1,0,9,0,28,1,1,pre_allocation
62,8226,greenran_normal,0,0,65535_65535,0,3,151694,72,1,1,1,10,72,28,1,1,allocated
62,8226,greenran_normal,0,0,65535_65535,0,5,151688,65,1,1,0,9,0,28,1,1,pre_allocation
62,8226,greenran_normal,0,0,65535_65535,0,5,151688,72,1,1,1,10,72,28,1,1,allocated
62,8226,greenran_normal,0,0,65535_65535,0,4,154332,58,1,1,0,10,0,24,1,1,pre_allocation
62,8226,greenran_normal,0,0,65535_65535,0,4,154332,65,1,1,1,11,65,24,1,1,allocated
62,8226,greenran_normal,0,0,65535_65535,0,2,151706,72,1,1,0,10,0,28,1,1,pre_allocation
62,8226,greenran_normal,0,0,65535_65535,0,2,151706,80,1,1,1,11,80,28,1,1,allocated
62,8226,greenran_normal,0,0,65535_65535,0,1,151699,72,1,1,0,10,0,28,1,1,pre_allocation
62,8226,greenran_normal,0,0,65535_65535,0,1,151699,80,1,1,1,11,80,28,1,1,allocated
62,8226,greenran_normal,0,0,65535_65535,0,3,151694,72,1,1,0,10,0,28,1,1,pre_allocation
62,8226,greenran_normal,0,0,65535_65535,0,3,151694,80,1,1,1,11,80,28,1,1,allocated
62,8226,greenran_normal,0,0,65535_65535,0,5,151688,72,1,1,0,10,0,28,1,1,pre_allocation
62,8226,greenran_normal,0,0,65535_65535,0,5,151688,80,1,1,1,11,80,28,1,1,allocated
62,8226,greenran_normal,0,0,65535_65535,0,4,154332,65,1,1,0,11,0,24,1,1,pre_allocation
62,8226,greenran_normal,0,0,65535_65535,0,4,154332,71,1,1,1,12,71,24,1,1,allocated
62,8226,greenran_normal,0,0,65535_65535,0,2,151706,80,1,1,0,11,0,28,1,1,pre_allocation
62,8226,greenran_normal,0,0,65535_65535,0,2,151706,88,1,1,1,12,88,28,1,1,allocated
62,8226,greenran_normal,0,0,65535_65535,0,1,151699,80,1,1,0,11,0,28,1,1,pre_allocation
62,8226,greenran_normal,0,0,65535_65535,0,1,151699,88,1,1,1,12,88,28,1,1,allocated
62,8226,greenran_normal,0,0,65535_65535,0,3,151694,80,1,1,0,11,0,28,1,1,pre_allocation
62,8226,greenran_normal,0,0,65535_65535,0,3,151694,88,1,1,1,12,88,28,1,1,allocated
62,8226,greenran_normal,0,0,65535_65535,0,5,151688,80,1,1,0,11,0,28,1,1,pre_allocation
62,8226,greenran_normal,0,0,65535_65535,0,5,151688,88,1,1,1,12,88,28,1,1,allocated
62,8226,greenran_normal,0,0,65535_65535,0,4,154332,71,1,1,0,12,0,24,1,1,pre_allocation
62,8226,greenran_normal,0,0,65535_65535,0,4,154332,77,1,1,1,13,77,24,1,1,allocated
62,8226,greenran_normal,0,0,65535_65535,0,2,151706,88,1,1,0,12,0,28,1,1,pre_allocation
62,8226,greenran_normal,0,0,65535_65535,0,2,151706,95,1,1,1,13,95,28,1,1,allocated
62,8226,greenran_normal,0,0,65535_65535,0,1,151699,88,1,1,0,12,0,28,1,1,pre_allocation
62,8226,greenran_normal,0,0,65535_65535,0,1,151699,95,1,1,1,13,95,28,1,1,allocated
62,8226,greenran_normal,0,0,65535_65535,0,3,151694,88,1,1,0,12,0,28,1,1,pre_allocation
62,8226,greenran_normal,0,0,65535_65535,0,3,151694,95,1,1,1,13,95,28,1,1,allocated
62,8226,greenran_normal,0,0,65535_65535,0,5,151688,88,1,1,0,12,0,28,1,1,pre_allocation
62,8226,greenran_normal,0,0,65535_65535,0,5,151688,95,1,1,1,13,95,28,1,1,allocated
62,8226,greenran_normal,0,0,65535_65535,0,4,154332,77,1,1,0,13,0,24,1,1,pre_allocation
62,8226,greenran_normal,0,0,65535_65535,0,4,154332,83,1,1,1,14,83,24,1,1,allocated
62,8226,greenran_normal,0,0,65535_65535,0,2,151706,95,1,1,0,13,0,28,1,1,pre_allocation
62,8226,greenran_normal,0,0,65535_65535,0,2,151706,103,1,1,1,14,103,28,1,1,allocated
62,8226,greenran_normal,0,0,65535_65535,0,1,151699,95,1,1,0,13,0,28,1,1,pre_allocation
62,8226,greenran_normal,0,0,65535_65535,0,1,151699,103,1,1,1,14,103,28,1,1,allocated
62,8226,greenran_normal,0,0,65535_65535,0,3,151694,95,1,1,0,13,0,28,1,1,pre_allocation
62,8226,greenran_normal,0,0,65535_65535,0,3,151694,103,1,1,1,14,103,28,1,1,allocated
62,8226,greenran_normal,0,0,65535_65535,0,5,151688,95,1,1,0,13,0,28,1,1,pre_allocation
62,8226,greenran_normal,0,0,65535_65535,0,5,151688,103,1,1,1,14,103,28,1,1,allocated
62,8226,greenran_normal,0,0,65535_65535,0,4,154332,83,1,1,0,14,0,24,1,1,pre_allocation
62,8226,greenran_normal,0,0,65535_65535,0,4,154332,89,1,1,1,15,89,24,1,1,allocated
62,8226,greenran_normal,0,0,65535_65535,0,2,151706,103,1,1,0,14,0,28,1,1,pre_allocation
62,8226,greenran_normal,0,0,65535_65535,0,2,151706,110,1,1,1,15,110,28,1,1,allocated
62,8226,greenran_normal,0,0,65535_65535,0,1,151699,103,1,1,0,14,0,28,1,1,pre_allocation
62,8226,greenran_normal,0,0,65535_65535,0,1,151699,110,1,1,1,15,110,28,1,1,allocated
62,8226,greenran_normal,0,0,65535_65535,0,3,151694,103,1,1,0,14,0,28,1,1,pre_allocation
62,8226,greenran_normal,0,0,65535_65535,0,3,151694,110,1,1,1,15,110,28,1,1,allocated
62,8226,greenran_normal,0,0,65535_65535,0,5,151688,103,1,1,0,14,0,28,1,1,pre_allocation
62,8226,greenran_normal,0,0,65535_65535,0,5,151688,110,1,1,1,15,110,28,1,1,allocated
62,8226,greenran_normal,0,0,65535_65535,0,4,154332,89,1,1,0,15,0,24,1,1,pre_allocation
62,8226,greenran_normal,0,0,65535_65535,0,4,154332,96,1,1,1,16,96,24,1,1,allocated
62,8226,greenran_normal,0,0,65535_65535,0,2,151706,110,1,1,0,15,0,28,1,1,pre_allocation
62,8226,greenran_normal,0,0,65535_65535,0,2,151706,118,1,1,1,16,118,28,1,1,allocated
62,8226,greenran_normal,0,0,65535_65535,0,1,151699,110,1,1,0,15,0,28,1,1,pre_allocation
62,8226,greenran_normal,0,0,65535_65535,0,1,151699,118,1,1,1,16,118,28,1,1,allocated
62,8226,greenran_normal,0,0,65535_65535,0,3,151694,110,1,1,0,15,0,28,1,1,pre_allocation
62,8226,greenran_normal,0,0,65535_65535,0,3,151694,118,1,1,1,16,118,28,1,1,allocated
62,8226,greenran_normal,0,0,65535_65535,0,5,151688,110,1,1,0,15,0,28,1,1,pre_allocation
62,8226,greenran_normal,0,0,65535_65535,0,5,151688,118,1,1,1,16,118,28,1,1,allocated
62,8226,greenran_normal,0,0,65535_65535,0,4,154332,96,1,1,0,16,0,24,1,1,pre_allocation
62,8226,greenran_normal,0,0,65535_65535,0,4,154332,102,1,1,1,17,102,24,1,1,allocated
62,8226,greenran_normal,0,0,65535_65535,0,2,151706,118,1,1,0,16,0,28,1,1,pre_allocation
62,8226,greenran_normal,0,0,65535_65535,0,2,151706,126,1,1,1,17,126,28,1,1,allocated
62,8226,greenran_normal,0,0,65535_65535,0,1,151699,118,1,1,0,16,0,28,1,1,pre_allocation
62,8226,greenran_normal,0,0,65535_65535,0,1,151699,126,1,1,1,17,126,28,1,1,allocated
62,8226,greenran_normal,0,0,65535_65535,0,3,151694,118,1,1,0,16,0,28,1,1,pre_allocation
62,8226,greenran_normal,0,0,65535_65535,0,3,151694,126,1,1,1,17,126,28,1,1,allocated
62,8226,greenran_normal,0,0,65535_65535,0,5,151688,118,1,1,0,16,0,28,1,1,pre_allocation
62,8226,greenran_normal,0,0,65535_65535,0,5,151688,126,1,1,1,17,126,28,1,1,allocated
62,8226,greenran_normal,0,0,65535_65535,0,4,154332,102,1,1,0,17,0,24,1,1,pre_allocation
62,8226,greenran_normal,0,0,65535_65535,0,4,154332,108,1,1,1,18,108,24,1,1,allocated
62,8226,greenran_normal,0,0,65535_65535,0,2,151706,126,1,1,0,17,0,28,1,1,pre_allocation
62,8226,greenran_normal,0,0,65535_65535,0,2,151706,133,1,1,1,18,133,28,1,1,allocated
62,8226,greenran_normal,0,0,65535_65535,0,1,151699,126,1,1,0,17,0,28,1,1,pre_allocation
62,8226,greenran_normal,0,0,65535_65535,0,1,151699,133,1,1,1,18,133,28,1,1,allocated
62,8226,greenran_normal,0,0,65535_65535,0,3,151694,126,1,1,0,17,0,28,1,1,pre_allocation
62,8226,greenran_normal,0,0,65535_65535,0,3,151694,133,1,1,1,18,133,28,1,1,allocated
62,8226,greenran_normal,0,0,65535_65535,0,5,151688,126,1,1,0,17,0,28,1,1,pre_allocation
62,8226,greenran_normal,0,0,65535_65535,0,5,151688,133,1,1,1,18,133,28,1,1,allocated
62,8226,greenran_normal,0,0,65535_65535,0,4,154332,108,1,1,0,18,0,24,1,1,pre_allocation
62,8226,greenran_normal,0,0,65535_65535,0,4,154332,114,1,1,1,19,114,24,1,1,allocated
62,8226,greenran_normal,0,0,65535_65535,0,2,151706,133,1,1,0,18,0,28,1,1,pre_allocation
62,8226,greenran_normal,0,0,65535_65535,0,2,151706,141,1,1,1,19,141,28,1,1,allocated
62,8226,greenran_normal,0,0,65535_65535,0,1,151699,133,1,1,0,18,0,28,1,1,pre_allocation
62,8226,greenran_normal,0,0,65535_65535,0,1,151699,141,1,1,1,19,141,28,1,1,allocated
62,8226,greenran_normal,0,0,65535_65535,0,3,151694,133,1,1,0,18,0,28,1,1,pre_allocation
62,8226,greenran_normal,0,0,65535_65535,0,3,151694,141,1,1,1,19,141,28,1,1,allocated
62,8226,greenran_normal,0,0,65535_65535,0,5,151688,133,1,1,0,18,0,28,1,1,pre_allocation
62,8226,greenran_normal,0,0,65535_65535,0,5,151688,141,1,1,1,19,141,28,1,1,allocated
62,8226,greenran_normal,0,0,65535_65535,0,4,154332,114,1,1,0,19,0,24,1,1,pre_allocation
62,8226,greenran_normal,0,0,65535_65535,0,4,154332,120,1,1,1,20,120,24,1,1,allocated
62,8226,greenran_normal,0,0,65535_65535,0,2,151706,141,1,1,0,19,0,28,1,1,pre_allocation
62,8226,greenran_normal,0,0,65535_65535,0,2,151706,148,1,1,1,20,148,28,1,1,allocated
62,8226,greenran_normal,0,0,65535_65535,0,1,151699,141,1,1,0,19,0,28,1,1,pre_allocation
62,8226,greenran_normal,0,0,65535_65535,0,1,151699,148,1,1,1,20,148,28,1,1,allocated
62,8226,greenran_normal,0,0,65535_65535,0,3,151694,141,1,1,0,19,0,28,1,1,pre_allocation
62,8226,greenran_normal,0,0,65535_65535,0,3,151694,148,1,1,1,20,148,28,1,1,allocated
62,8226,greenran_normal,0,0,65535_65535,0,5,151688,141,1,1,0,19,0,28,1,1,pre_allocation
62,8226,greenran_normal,0,0,65535_65535,0,5,151688,148,1,1,1,20,148,28,1,1,allocated
62,8226,greenran_normal,0,0,65535_65535,0,4,154332,120,1,1,0,20,0,24,1,1,pre_allocation
62,8226,greenran_normal,0,0,65535_65535,0,4,154332,126,1,1,1,21,126,24,1,1,allocated
62,8226,greenran_normal,0,0,65535_65535,0,2,151706,148,1,1,0,20,0,28,1,1,pre_allocation
62,8226,greenran_normal,0,0,65535_65535,0,2,151706,156,1,1,1,21,156,28,1,1,allocated
62,8226,greenran_normal,0,0,65535_65535,0,1,151699,148,1,1,0,20,0,28,1,1,pre_allocation
62,8226,greenran_normal,0,0,65535_65535,0,1,151699,156,1,1,1,21,156,28,1,1,allocated
62,8226,greenran_normal,0,0,65535_65535,0,3,151694,148,1,1,0,20,0,28,1,1,pre_allocation
62,8226,greenran_normal,0,0,65535_65535,0,3,151694,156,1,1,1,21,156,28,1,1,allocated
62,8226,greenran_normal,0,0,65535_65535,0,5,151688,148,1,1,0,20,0,28,1,1,pre_allocation
62,8226,greenran_normal,0,0,65535_65535,0,5,151688,156,1,1,1,21,156,28,1,1,allocated
62,8226,greenran_normal,0,0,65535_65535,0,4,154332,126,1,1,0,21,0,24,1,1,pre_allocation
62,8226,greenran_normal,0,0,65535_65535,0,4,154332,133,1,1,1,22,133,24,1,1,allocated
62,8226,greenran_normal,0,0,65535_65535,0,2,151706,156,1,1,0,21,0,28,1,1,pre_allocation
62,8226,greenran_normal,0,0,65535_65535,0,2,151706,163,1,1,1,22,163,28,1,1,allocated
62,8226,greenran_normal,0,0,65535_65535,0,1,151699,156,1,1,0,21,0,28,1,1,pre_allocation
62,8226,greenran_normal,0,0,65535_65535,0,1,151699,163,1,1,1,22,163,28,1,1,allocated
62,8226,greenran_normal,0,0,65535_65535,0,3,151694,156,1,1,0,21,0,28,1,1,pre_allocation
62,8226,greenran_normal,0,0,65535_65535,0,3,151694,163,1,1,1,22,163,28,1,1,allocated
62,8226,greenran_normal,0,0,65535_65535,0,5,151688,156,1,1,0,21,0,28,1,1,pre_allocation
62,8226,greenran_normal,0,0,65535_65535,0,5,151688,163,1,1,1,22,163,28,1,1,allocated
62,8226,greenran_normal,0,0,65535_65535,0,4,154332,133,1,1,0,22,0,24,1,1,pre_allocation
62,8226,greenran_normal,0,0,65535_65535,0,4,154332,139,1,1,1,23,139,24,1,1,allocated
62,8226,greenran_normal,0,0,65535_65535,0,2,151706,163,1,1,0,22,0,28,1,1,pre_allocation
62,8226,greenran_normal,0,0,65535_65535,0,2,151706,171,1,1,1,23,171,28,1,1,allocated
62,8226,greenran_normal,0,0,65535_65535,0,1,151699,163,1,1,0,22,0,28,1,1,pre_allocation
62,8226,greenran_normal,0,0,65535_65535,0,1,151699,171,1,1,1,23,171,28,1,1,allocated
62,8226,greenran_normal,0,0,65535_65535,0,3,151694,163,1,1,0,22,0,28,1,1,pre_allocation
62,8226,greenran_normal,0,0,65535_65535,0,3,151694,171,1,1,1,23,171,28,1,1,allocated
62,8226,greenran_normal,0,0,65535_65535,0,5,151688,163,1,1,0,22,0,28,1,1,pre_allocation
62,8226,greenran_normal,0,0,65535_65535,0,5,151688,171,1,1,1,23,171,28,1,1,allocated
62,8226,greenran_normal,0,0,65535_65535,0,4,154332,139,1,1,0,23,0,24,1,1,pre_allocation
62,8226,greenran_normal,0,0,65535_65535,0,4,154332,145,1,1,1,24,145,24,1,1,allocated
62,8226,greenran_normal,0,0,65535_65535,0,2,151706,171,1,1,0,23,0,28,1,1,pre_allocation
62,8226,greenran_normal,0,0,65535_65535,0,2,151706,179,1,1,1,24,179,28,1,1,allocated
62,8226,greenran_normal,0,0,65535_65535,0,1,151699,171,1,1,0,23,0,28,1,1,pre_allocation
62,8226,greenran_normal,0,0,65535_65535,0,1,151699,179,1,1,1,24,179,28,1,1,allocated
62,8226,greenran_normal,0,0,65535_65535,0,3,151694,171,1,1,0,23,0,28,1,1,pre_allocation
62,8226,greenran_normal,0,0,65535_65535,0,3,151694,179,1,1,1,24,179,28,1,1,allocated
62,8226,greenran_normal,0,0,65535_65535,0,5,151688,171,1,1,0,23,0,28,1,1,pre_allocation
62,8226,greenran_normal,0,0,65535_65535,0,5,151688,179,1,1,1,24,179,28,1,1,allocated
62,8226,greenran_normal,0,0,65535_65535,0,4,154332,145,1,1,0,24,0,24,1,1,pre_allocation
62,8226,greenran_normal,0,0,65535_65535,0,4,154332,151,1,1,1,25,151,24,1,1,allocated
62,8226,greenran_normal,0,0,65535_65535,0,2,151706,179,1,1,0,24,0,28,1,1,pre_allocation
62,8226,greenran_normal,0,0,65535_65535,0,2,151706,186,1,1,1,25,186,28,1,1,allocated
62,8226,greenran_normal,0,0,65535_65535,0,1,151699,179,1,1,0,24,0,28,1,1,pre_allocation
62,8226,greenran_normal,0,0,65535_65535,0,1,151699,186,1,1,1,25,186,28,1,1,allocated
62,8226,greenran_normal,0,0,65535_65535,0,3,151694,179,1,1,0,24,0,28,1,1,pre_allocation
62,8226,greenran_normal,0,0,65535_65535,0,3,151694,186,1,1,1,25,186,28,1,1,allocated
62,8226,greenran_normal,0,0,65535_65535,0,5,151688,179,1,1,0,24,0,28,1,1,pre_allocation
62,8226,greenran_normal,0,0,65535_65535,0,5,151688,186,1,1,1,25,186,28,1,1,allocated
62,8226,greenran_normal,0,0,65535_65535,0,4,154332,151,1,1,0,25,0,24,1,1,pre_allocation
62,8226,greenran_normal,0,0,65535_65535,0,4,154332,157,1,1,1,26,157,24,1,1,allocated
62,8226,greenran_normal,0,0,65535_65535,0,2,151706,186,1,1,0,25,0,28,1,1,pre_allocation
62,8226,greenran_normal,0,0,65535_65535,0,2,151706,194,1,1,1,26,194,28,1,1,allocated
62,8226,greenran_normal,0,0,65535_65535,0,1,151699,186,1,1,0,25,0,28,1,1,pre_allocation
62,8226,greenran_normal,0,0,65535_65535,0,1,151699,194,1,1,1,26,194,28,1,1,allocated
62,8226,greenran_normal,0,0,65535_65535,0,3,151694,186,1,1,0,25,0,28,1,1,pre_allocation
62,8226,greenran_normal,0,0,65535_65535,0,3,151694,194,1,1,1,26,194,28,1,1,allocated
62,8226,greenran_normal,0,0,65535_65535,0,5,151688,186,1,1,0,25,0,28,1,1,pre_allocation
62,8226,greenran_normal,0,0,65535_65535,0,5,151688,194,1,1,1,26,194,28,1,1,allocated
62,8226,greenran_normal,0,0,65535_65535,0,4,154332,157,1,1,0,26,0,24,1,1,pre_allocation
62,8226,greenran_normal,0,0,65535_65535,0,4,154332,164,1,1,1,27,164,24,1,1,allocated
62,8226,greenran_normal,0,0,65535_65535,0,2,151706,194,1,1,0,26,0,28,1,1,pre_allocation
62,8226,greenran_normal,0,0,65535_65535,0,2,151706,201,1,1,1,27,201,28,1,1,allocated
62,8226,greenran_normal,0,0,65535_65535,0,1,151699,194,1,1,0,26,0,28,1,1,pre_allocation
62,8226,greenran_normal,0,0,65535_65535,0,1,151699,201,1,1,1,27,201,28,1,1,allocated
62,8226,greenran_normal,0,0,65535_65535,0,3,151694,194,1,1,0,26,0,28,1,1,pre_allocation
62,8226,greenran_normal,0,0,65535_65535,0,3,151694,201,1,1,1,27,201,28,1,1,allocated
62,8226,greenran_normal,0,0,65535_65535,0,5,151688,194,1,1,0,26,0,28,1,1,pre_allocation
62,8226,greenran_normal,0,0,65535_65535,0,5,151688,201,1,1,1,27,201,28,1,1,allocated
62,8226,greenran_normal,0,0,65535_65535,0,4,154332,164,1,1,0,27,0,24,1,1,pre_allocation
62,8226,greenran_normal,0,0,65535_65535,0,4,154332,170,1,1,1,28,170,24,1,1,allocated
62,8226,greenran_normal,0,0,65535_65535,0,2,151706,201,1,1,0,27,0,28,1,1,pre_allocation
62,8226,greenran_normal,0,0,65535_65535,0,2,151706,209,1,1,1,28,209,28,1,1,allocated
62,8226,greenran_normal,0,0,65535_65535,0,1,151699,201,1,1,0,27,0,28,1,1,pre_allocation
62,8226,greenran_normal,0,0,65535_65535,0,1,151699,209,1,1,1,28,209,28,1,1,allocated
62,8226,greenran_normal,0,0,65535_65535,0,3,151694,201,1,1,0,27,0,28,1,1,pre_allocation
62,8226,greenran_normal,0,0,65535_65535,0,3,151694,209,1,1,1,28,209,28,1,1,allocated
62,8226,greenran_normal,0,0,65535_65535,0,5,151688,201,1,1,0,27,0,28,1,1,pre_allocation
62,8226,greenran_normal,0,0,65535_65535,0,5,151688,209,1,1,1,28,209,28,1,1,allocated
62,8226,greenran_normal,0,0,65535_65535,0,4,154332,170,1,1,0,28,0,24,1,1,pre_allocation
62,8226,greenran_normal,0,0,65535_65535,0,4,154332,176,1,1,1,29,176,24,1,1,allocated
62,8226,greenran_normal,0,0,65535_65535,0,2,151706,209,1,1,0,28,0,28,1,1,pre_allocation
62,8226,greenran_normal,0,0,65535_65535,0,2,151706,217,1,1,1,29,217,28,1,1,allocated
62,8226,greenran_normal,0,0,65535_65535,0,1,151699,209,1,1,0,28,0,28,1,1,pre_allocation
62,8226,greenran_normal,0,0,65535_65535,0,1,151699,217,1,1,1,29,217,28,1,1,allocated
62,8226,greenran_normal,0,0,65535_65535,0,3,151694,209,1,1,0,28,0,28,1,1,pre_allocation
62,8226,greenran_normal,0,0,65535_65535,0,3,151694,217,1,1,1,29,217,28,1,1,allocated
62,8226,greenran_normal,0,0,65535_65535,0,5,151688,209,1,1,0,28,0,28,1,1,pre_allocation
62,8226,greenran_normal,0,0,65535_65535,0,5,151688,217,1,1,1,29,217,28,1,1,allocated
62,8226,greenran_normal,0,0,65535_65535,0,4,154332,176,1,1,0,29,0,24,1,1,pre_allocation
62,8226,greenran_normal,0,0,65535_65535,0,4,154332,182,1,1,1,30,182,24,1,1,allocated
62,8226,greenran_normal,0,0,65535_65535,0,2,151706,217,1,1,0,29,0,28,1,1,pre_allocation
62,8226,greenran_normal,0,0,65535_65535,0,2,151706,224,1,1,1,30,224,28,1,1,allocated
62,8226,greenran_normal,0,0,65535_65535,0,1,151699,217,1,1,0,29,0,28,1,1,pre_allocation
62,8226,greenran_normal,0,0,65535_65535,0,1,151699,224,1,1,1,30,224,28,1,1,allocated
62,8226,greenran_normal,0,0,65535_65535,0,3,151694,217,1,1,0,29,0,28,1,1,pre_allocation
62,8226,greenran_normal,0,0,65535_65535,0,3,151694,224,1,1,1,30,224,28,1,1,allocated
62,8226,greenran_normal,0,0,65535_65535,0,5,151688,217,1,1,0,29,0,28,1,1,pre_allocation
62,8226,greenran_normal,0,0,65535_65535,0,5,151688,224,1,1,1,30,224,28,1,1,allocated
62,8226,greenran_normal,0,0,65535_65535,2,38,4935979,0,1,1,0,0,0,15,1,1,pre_allocation
62,8226,greenran_normal,0,0,65535_65535,2,38,4935979,2,1,1,1,1,2,15,1,1,allocated
62,8226,greenran_normal,0,0,65535_65535,2,60,4935673,0,1,1,0,0,0,12,1,1,pre_allocation
62,8226,greenran_normal,0,0,65535_65535,2,60,4935673,2,1,1,1,1,2,12,1,1,allocated
62,8226,greenran_normal,0,0,65535_65535,2,64,4935334,0,1,1,0,0,0,18,1,1,pre_allocation
62,8226,greenran_normal,0,0,65535_65535,2,64,4935334,0,1,1,1,1,0,18,1,1,allocated
62,8226,greenran_normal,0,0,65535_65535,2,43,4934742,0,1,1,0,0,0,20,1,1,pre_allocation
62,8226,greenran_normal,0,0,65535_65535,2,43,4934742,1,1,1,1,1,1,20,1,1,allocated
62,8226,greenran_normal,0,0,65535_65535,2,42,4934099,0,1,1,0,0,0,24,1,1,pre_allocation
62,8226,greenran_normal,0,0,65535_65535,2,42,4934099,3,1,1,1,1,3,24,1,1,allocated
62,8226,greenran_normal,0,0,65535_65535,2,59,4933662,0,1,1,0,0,0,28,1,1,pre_allocation
62,8226,greenran_normal,0,0,65535_65535,2,59,4933662,4,1,1,1,1,4,28,1,1,allocated
62,8226,greenran_normal,0,0,65535_65535,2,36,4933633,0,1,1,0,0,0,26,1,1,pre_allocation
62,8226,greenran_normal,0,0,65535_65535,2,36,4933633,4,1,1,1,1,4,26,1,1,allocated
62,8226,greenran_normal,0,0,65535_65535,2,58,4933654,0,1,1,0,0,0,28,1,1,pre_allocation
62,8226,greenran_normal,0,0,65535_65535,2,58,4933654,4,1,1,1,1,4,28,1,1,allocated
62,8226,greenran_normal,0,0,65535_65535,2,63,4933581,0,1,1,0,0,0,28,1,1,pre_allocation
62,8226,greenran_normal,0,0,65535_65535,2,63,4933581,4,1,1,1,1,4,28,1,1,allocated
62,8226,greenran_normal,0,0,65535_65535,2,37,4933579,0,1,1,0,0,0,28,1,1,pre_allocation
62,8226,greenran_normal,0,0,65535_65535,2,37,4933579,4,1,1,1,1,4,28,1,1,allocated
62,8226,greenran_normal,0,0,65535_65535,2,39,4933581,0,1,1,0,0,0,28,1,1,pre_allocation
62,8226,greenran_normal,0,0,65535_65535,2,39,4933581,4,1,1,1,1,4,28,1,1,allocated
62,8226,greenran_normal,0,0,65535_65535,2,35,4933576,0,1,1,0,0,0,28,1,1,pre_allocation
62,8226,greenran_normal,0,0,65535_65535,2,35,4933576,4,1,1,1,1,4,28,1,1,allocated
62,8226,greenran_normal,0,0,65535_65535,2,44,4933576,0,1,1,0,0,0,28,1,1,pre_allocation
62,8226,greenran_normal,0,0,65535_65535,2,44,4933576,4,1,1,1,1,4,28,1,1,allocated
62,8226,greenran_normal,0,0,65535_65535,2,55,4933576,0,1,1,0,0,0,28,1,1,pre_allocation
62,8226,greenran_normal,0,0,65535_65535,2,55,4933576,4,1,1,1,1,4,28,1,1,allocated
62,8226,greenran_normal,0,0,65535_65535,2,56,4933576,0,1,1,0,0,0,28,1,1,pre_allocation
62,8226,greenran_normal,0,0,65535_65535,2,56,4933576,4,1,1,1,1,4,28,1,1,allocated
62,8226,greenran_normal,0,0,65535_65535,2,57,4933576,0,1,1,0,0,0,28,1,1,pre_allocation
62,8226,greenran_normal,0,0,65535_65535,2,57,4933576,4,1,1,1,1,4,28,1,1,allocated
62,8226,greenran_normal,0,0,65535_65535,2,40,4933578,0,1,1,0,0,0,28,1,1,pre_allocation
62,8226,greenran_normal,0,0,65535_65535,2,40,4933578,4,1,1,1,1,4,28,1,1,allocated
62,8226,greenran_normal,0,0,65535_65535,2,41,4933578,0,1,1,0,0,0,28,1,1,pre_allocation
62,8226,greenran_normal,0,0,65535_65535,2,41,4933578,4,1,1,1,1,4,28,1,1,allocated
62,8226,greenran_normal,0,0,65535_65535,2,61,4933575,0,1,1,0,0,0,28,1,1,pre_allocation
62,8226,greenran_normal,0,0,65535_65535,2,61,4933575,4,1,1,1,1,4,28,1,1,allocated
62,8226,greenran_normal,0,0,65535_65535,2,62,4933574,0,1,1,0,0,0,28,1,1,pre_allocation
62,8226,greenran_normal,0,0,65535_65535,2,62,4933574,4,1,1,1,1,4,28,1,1,allocated
62,8226,greenran_normal,0,0,65535_65535,2,38,4935979,2,1,1,0,1,0,15,1,1,pre_allocation
62,8226,greenran_normal,0,0,65535_65535,2,38,4935979,2,1,1,1,2,2,15,1,1,allocated
62,8226,greenran_normal,0,0,65535_65535,2,60,4935673,2,1,1,0,1,0,12,1,1,pre_allocation
62,8226,greenran_normal,0,0,65535_65535,2,60,4935673,1,1,1,1,2,1,12,1,1,allocated
62,8226,greenran_normal,0,0,65535_65535,2,64,4935334,0,1,1,0,1,0,18,1,1,pre_allocation
62,8226,greenran_normal,0,0,65535_65535,2,64,4935334,4,1,1,1,2,4,18,1,1,allocated
62,8226,greenran_normal,0,0,65535_65535,2,43,4934742,1,1,1,0,1,0,20,1,1,pre_allocation
62,8226,greenran_normal,0,0,65535_65535,2,43,4934742,6,1,1,1,2,6,20,1,1,allocated
62,8226,greenran_normal,0,0,65535_65535,2,42,4934099,3,1,1,0,1,0,24,1,1,pre_allocation
62,8226,greenran_normal,0,0,65535_65535,2,42,4934099,9,1,1,1,2,9,24,1,1,allocated
62,8226,greenran_normal,0,0,65535_65535,2,59,4933662,4,1,1,0,1,0,28,1,1,pre_allocation
62,8226,greenran_normal,0,0,65535_65535,2,59,4933662,12,1,1,1,2,12,28,1,1,allocated
62,8226,greenran_normal,0,0,65535_65535,2,36,4933633,4,1,1,0,1,0,26,1,1,pre_allocation
62,8226,greenran_normal,0,0,65535_65535,2,36,4933633,11,1,1,1,2,11,26,1,1,allocated
62,8226,greenran_normal,0,0,65535_65535,2,58,4933654,4,1,1,0,1,0,28,1,1,pre_allocation
62,8226,greenran_normal,0,0,65535_65535,2,58,4933654,12,1,1,1,2,12,28,1,1,allocated
62,8226,greenran_normal,0,0,65535_65535,2,63,4933581,4,1,1,0,1,0,28,1,1,pre_allocation
62,8226,greenran_normal,0,0,65535_65535,2,63,4933581,12,1,1,1,2,12,28,1,1,allocated
62,8226,greenran_normal,0,0,65535_65535,2,37,4933579,4,1,1,0,1,0,28,1,1,pre_allocation
62,8226,greenran_normal,0,0,65535_65535,2,37,4933579,12,1,1,1,2,12,28,1,1,allocated
62,8226,greenran_normal,0,0,65535_65535,2,39,4933581,4,1,1,0,1,0,28,1,1,pre_allocation
62,8226,greenran_normal,0,0,65535_65535,2,39,4933581,12,1,1,1,2,12,28,1,1,allocated
62,8226,greenran_normal,0,0,65535_65535,2,35,4933576,4,1,1,0,1,0,28,1,1,pre_allocation
62,8226,greenran_normal,0,0,65535_65535,2,35,4933576,12,1,1,1,2,12,28,1,1,allocated
62,8226,greenran_normal,0,0,65535_65535,2,44,4933576,4,1,1,0,1,0,28,1,1,pre_allocation
62,8226,greenran_normal,0,0,65535_65535,2,44,4933576,12,1,1,1,2,12,28,1,1,allocated
62,8226,greenran_normal,0,0,65535_65535,2,55,4933576,4,1,1,0,1,0,28,1,1,pre_allocation
62,8226,greenran_normal,0,0,65535_65535,2,55,4933576,12,1,1,1,2,12,28,1,1,allocated
62,8226,greenran_normal,0,0,65535_65535,2,56,4933576,4,1,1,0,1,0,28,1,1,pre_allocation
62,8226,greenran_normal,0,0,65535_65535,2,56,4933576,12,1,1,1,2,12,28,1,1,allocated
62,8226,greenran_normal,0,0,65535_65535,2,57,4933576,4,1,1,0,1,0,28,1,1,pre_allocation
62,8226,greenran_normal,0,0,65535_65535,2,57,4933576,12,1,1,1,2,12,28,1,1,allocated
62,8226,greenran_normal,0,0,65535_65535,2,40,4933578,4,1,1,0,1,0,28,1,1,pre_allocation
62,8226,greenran_normal,0,0,65535_65535,2,40,4933578,12,1,1,1,2,12,28,1,1,allocated
62,8226,greenran_normal,0,0,65535_65535,2,41,4933578,4,1,1,0,1,0,28,1,1,pre_allocation
62,8226,greenran_normal,0,0,65535_65535,2,41,4933578,12,1,1,1,2,12,28,1,1,allocated
62,8226,greenran_normal,0,0,65535_65535,2,61,4933575,4,1,1,0,1,0,28,1,1,pre_allocation
62,8226,greenran_normal,0,0,65535_65535,2,61,4933575,12,1,1,1,2,12,28,1,1,allocated
62,8226,greenran_normal,0,0,65535_65535,2,62,4933574,4,1,1,0,1,0,28,1,1,pre_allocation
62,8226,greenran_normal,0,0,65535_65535,2,62,4933574,12,1,1,1,2,12,28,1,1,allocated
62,8226,greenran_normal,0,0,65535_65535,2,38,4935979,2,1,1,0,2,0,15,1,1,pre_allocation
62,8226,greenran_normal,0,0,65535_65535,2,38,4935979,5,1,1,1,3,5,15,1,1,allocated
62,8226,greenran_normal,0,0,65535_65535,2,60,4935673,1,1,1,0,2,0,12,1,1,pre_allocation
62,8226,greenran_normal,0,0,65535_65535,2,60,4935673,3,1,1,1,3,3,12,1,1,allocated
62,8226,greenran_normal,0,0,65535_65535,2,64,4935334,4,1,1,0,2,0,18,1,1,pre_allocation
62,8226,greenran_normal,0,0,65535_65535,2,64,4935334,8,1,1,1,3,8,18,1,1,allocated
62,8226,greenran_normal,0,0,65535_65535,2,43,4934742,6,1,1,0,2,0,20,1,1,pre_allocation
62,8226,greenran_normal,0,0,65535_65535,2,43,4934742,10,1,1,1,3,10,20,1,1,allocated
62,8226,greenran_normal,0,0,65535_65535,2,42,4934099,9,1,1,0,2,0,24,1,1,pre_allocation
62,8226,greenran_normal,0,0,65535_65535,2,42,4934099,15,1,1,1,3,15,24,1,1,allocated
62,8226,greenran_normal,0,0,65535_65535,2,59,4933662,12,1,1,0,2,0,28,1,1,pre_allocation
62,8226,greenran_normal,0,0,65535_65535,2,59,4933662,19,1,1,1,3,19,28,1,1,allocated
62,8226,greenran_normal,0,0,65535_65535,2,36,4933633,11,1,1,0,2,0,26,1,1,pre_allocation
62,8226,greenran_normal,0,0,65535_65535,2,36,4933633,18,1,1,1,3,18,26,1,1,allocated
62,8226,greenran_normal,0,0,65535_65535,2,58,4933654,12,1,1,0,2,0,28,1,1,pre_allocation
62,8226,greenran_normal,0,0,65535_65535,2,58,4933654,19,1,1,1,3,19,28,1,1,allocated
62,8226,greenran_normal,0,0,65535_65535,2,63,4933581,12,1,1,0,2,0,28,1,1,pre_allocation
62,8226,greenran_normal,0,0,65535_65535,2,63,4933581,19,1,1,1,3,19,28,1,1,allocated
62,8226,greenran_normal,0,0,65535_65535,2,37,4933579,12,1,1,0,2,0,28,1,1,pre_allocation
62,8226,greenran_normal,0,0,65535_65535,2,37,4933579,19,1,1,1,3,19,28,1,1,allocated
62,8226,greenran_normal,0,0,65535_65535,2,39,4933581,12,1,1,0,2,0,28,1,1,pre_allocation
62,8226,greenran_normal,0,0,65535_65535,2,39,4933581,19,1,1,1,3,19,28,1,1,allocated
62,8226,greenran_normal,0,0,65535_65535,2,35,4933576,12,1,1,0,2,0,28,1,1,pre_allocation
62,8226,greenran_normal,0,0,65535_65535,2,35,4933576,19,1,1,1,3,19,28,1,1,allocated
62,8226,greenran_normal,0,0,65535_65535,2,44,4933576,12,1,1,0,2,0,28,1,1,pre_allocation
62,8226,greenran_normal,0,0,65535_65535,2,44,4933576,19,1,1,1,3,19,28,1,1,allocated
62,8226,greenran_normal,0,0,65535_65535,2,55,4933576,12,1,1,0,2,0,28,1,1,pre_allocation
62,8226,greenran_normal,0,0,65535_65535,2,55,4933576,19,1,1,1,3,19,28,1,1,allocated
62,8226,greenran_normal,0,0,65535_65535,2,56,4933576,12,1,1,0,2,0,28,1,1,pre_allocation
62,8226,greenran_normal,0,0,65535_65535,2,56,4933576,19,1,1,1,3,19,28,1,1,allocated
62,8226,greenran_normal,0,0,65535_65535,2,57,4933576,12,1,1,0,2,0,28,1,1,pre_allocation
62,8226,greenran_normal,0,0,65535_65535,2,57,4933576,19,1,1,1,3,19,28,1,1,allocated
62,8226,greenran_normal,0,0,65535_65535,2,40,4933578,12,1,1,0,2,0,28,1,1,pre_allocation
62,8226,greenran_normal,0,0,65535_65535,2,40,4933578,19,1,1,1,3,19,28,1,1,allocated
62,8226,greenran_normal,0,0,65535_65535,2,41,4933578,12,1,1,0,2,0,28,1,1,pre_allocation
62,8226,greenran_normal,0,0,65535_65535,2,41,4933578,19,1,1,1,3,19,28,1,1,allocated
62,8226,greenran_normal,0,0,65535_65535,2,61,4933575,12,1,1,0,2,0,28,1,1,pre_allocation
62,8226,greenran_normal,0,0,65535_65535,2,61,4933575,19,1,1,1,3,19,28,1,1,allocated
62,8226,greenran_normal,0,0,65535_65535,2,62,4933574,12,1,1,0,2,0,28,1,1,pre_allocation
62,8226,greenran_normal,0,0,65535_65535,2,62,4933574,19,1,1,1,3,19,28,1,1,allocated
62,8226,greenran_normal,0,0,65535_65535,2,38,4935979,5,1,1,0,3,0,15,1,1,pre_allocation
62,8226,greenran_normal,0,0,65535_65535,2,38,4935979,8,1,1,1,4,8,15,1,1,allocated
62,8226,greenran_normal,0,0,65535_65535,2,60,4935673,3,1,1,0,3,0,12,1,1,pre_allocation
62,8226,greenran_normal,0,0,65535_65535,2,60,4935673,5,1,1,1,4,5,12,1,1,allocated
62,8226,greenran_normal,0,0,65535_65535,2,64,4935334,8,1,1,0,3,0,18,1,1,pre_allocation
62,8226,greenran_normal,0,0,65535_65535,2,64,4935334,11,1,1,1,4,11,18,1,1,allocated
62,8226,greenran_normal,0,0,65535_65535,2,43,4934742,10,1,1,0,3,0,20,1,1,pre_allocation
62,8226,greenran_normal,0,0,65535_65535,2,43,4934742,15,1,1,1,4,15,20,1,1,allocated
62,8226,greenran_normal,0,0,65535_65535,2,42,4934099,15,1,1,0,3,0,24,1,1,pre_allocation
62,8226,greenran_normal,0,0,65535_65535,2,42,4934099,21,1,1,1,4,21,24,1,1,allocated
62,8226,greenran_normal,0,0,65535_65535,2,59,4933662,19,1,1,0,3,0,28,1,1,pre_allocation
62,8226,greenran_normal,0,0,65535_65535,2,59,4933662,27,1,1,1,4,27,28,1,1,allocated
62,8226,greenran_normal,0,0,65535_65535,2,36,4933633,18,1,1,0,3,0,26,1,1,pre_allocation
62,8226,greenran_normal,0,0,65535_65535,2,36,4933633,25,1,1,1,4,25,26,1,1,allocated
62,8226,greenran_normal,0,0,65535_65535,2,58,4933654,19,1,1,0,3,0,28,1,1,pre_allocation
62,8226,greenran_normal,0,0,65535_65535,2,58,4933654,27,1,1,1,4,27,28,1,1,allocated
62,8226,greenran_normal,0,0,65535_65535,2,63,4933581,19,1,1,0,3,0,28,1,1,pre_allocation
62,8226,greenran_normal,0,0,65535_65535,2,63,4933581,27,1,1,1,4,27,28,1,1,allocated
62,8226,greenran_normal,0,0,65535_65535,2,37,4933579,19,1,1,0,3,0,28,1,1,pre_allocation
62,8226,greenran_normal,0,0,65535_65535,2,37,4933579,27,1,1,1,4,27,28,1,1,allocated
62,8226,greenran_normal,0,0,65535_65535,2,39,4933581,19,1,1,0,3,0,28,1,1,pre_allocation
62,8226,greenran_normal,0,0,65535_65535,2,39,4933581,27,1,1,1,4,27,28,1,1,allocated
62,8226,greenran_normal,0,0,65535_65535,2,35,4933576,19,1,1,0,3,0,28,1,1,pre_allocation
62,8226,greenran_normal,0,0,65535_65535,2,35,4933576,27,1,1,1,4,27,28,1,1,allocated
62,8226,greenran_normal,0,0,65535_65535,2,44,4933576,19,1,1,0,3,0,28,1,1,pre_allocation
62,8226,greenran_normal,0,0,65535_65535,2,44,4933576,27,1,1,1,4,27,28,1,1,allocated
62,8226,greenran_normal,0,0,65535_65535,2,55,4933576,19,1,1,0,3,0,28,1,1,pre_allocation
62,8226,greenran_normal,0,0,65535_65535,2,55,4933576,27,1,1,1,4,27,28,1,1,allocated
62,8226,greenran_normal,0,0,65535_65535,2,56,4933576,19,1,1,0,3,0,28,1,1,pre_allocation
62,8226,greenran_normal,0,0,65535_65535,2,56,4933576,27,1,1,1,4,27,28,1,1,allocated
62,8226,greenran_normal,0,0,65535_65535,2,57,4933576,19,1,1,0,3,0,28,1,1,pre_allocation
62,8226,greenran_normal,0,0,65535_65535,2,57,4933576,27,1,1,1,4,27,28,1,1,allocated
62,8226,greenran_normal,0,0,65535_65535,2,40,4933578,19,1,1,0,3,0,28,1,1,pre_allocation
62,8226,greenran_normal,0,0,65535_65535,2,40,4933578,27,1,1,1,4,27,28,1,1,allocated
62,8226,greenran_normal,0,0,65535_65535,2,41,4933578,19,1,1,0,3,0,28,1,1,pre_allocation
62,8226,greenran_normal,0,0,65535_65535,2,41,4933578,27,1,1,1,4,27,28,1,1,allocated
62,8226,greenran_normal,0,0,65535_65535,2,61,4933575,19,1,1,0,3,0,28,1,1,pre_allocation
62,8226,greenran_normal,0,0,65535_65535,2,61,4933575,27,1,1,1,4,27,28,1,1,allocated
62,8226,greenran_normal,0,0,65535_65535,2,62,4933574,19,1,1,0,3,0,28,1,1,pre_allocation
62,8226,greenran_normal,0,0,65535_65535,2,62,4933574,27,1,1,1,4,27,28,1,1,allocated
62,8226,greenran_normal,0,0,65535_65535,2,38,4935979,8,1,1,0,4,0,15,1,1,pre_allocation
62,8226,greenran_normal,0,0,65535_65535,2,38,4935979,11,1,1,1,5,11,15,1,1,allocated
62,8226,greenran_normal,0,0,65535_65535,2,60,4935673,5,1,1,0,4,0,12,1,1,pre_allocation
62,8226,greenran_normal,0,0,65535_65535,2,60,4935673,7,1,1,1,5,7,12,1,1,allocated
62,8226,greenran_normal,0,0,65535_65535,2,64,4935334,11,1,1,0,4,0,18,1,1,pre_allocation
62,8226,greenran_normal,0,0,65535_65535,2,64,4935334,15,1,1,1,5,15,18,1,1,allocated
62,8226,greenran_normal,0,0,65535_65535,2,43,4934742,15,1,1,0,4,0,20,1,1,pre_allocation
62,8226,greenran_normal,0,0,65535_65535,2,43,4934742,19,1,1,1,5,19,20,1,1,allocated
62,8226,greenran_normal,0,0,65535_65535,2,42,4934099,21,1,1,0,4,0,24,1,1,pre_allocation
62,8226,greenran_normal,0,0,65535_65535,2,42,4934099,27,1,1,1,5,27,24,1,1,allocated
62,8226,greenran_normal,0,0,65535_65535,2,59,4933662,27,1,1,0,4,0,28,1,1,pre_allocation
62,8226,greenran_normal,0,0,65535_65535,2,59,4933662,34,1,1,1,5,34,28,1,1,allocated
62,8226,greenran_normal,0,0,65535_65535,2,36,4933633,25,1,1,0,4,0,26,1,1,pre_allocation
62,8226,greenran_normal,0,0,65535_65535,2,36,4933633,32,1,1,1,5,32,26,1,1,allocated
62,8226,greenran_normal,0,0,65535_65535,2,58,4933654,27,1,1,0,4,0,28,1,1,pre_allocation
62,8226,greenran_normal,0,0,65535_65535,2,58,4933654,34,1,1,1,5,34,28,1,1,allocated
62,8226,greenran_normal,0,0,65535_65535,2,63,4933581,27,1,1,0,4,0,28,1,1,pre_allocation
62,8226,greenran_normal,0,0,65535_65535,2,63,4933581,34,1,1,1,5,34,28,1,1,allocated
62,8226,greenran_normal,0,0,65535_65535,2,37,4933579,27,1,1,0,4,0,28,1,1,pre_allocation
62,8226,greenran_normal,0,0,65535_65535,2,37,4933579,34,1,1,1,5,34,28,1,1,allocated
62,8226,greenran_normal,0,0,65535_65535,2,39,4933581,27,1,1,0,4,0,28,1,1,pre_allocation
62,8226,greenran_normal,0,0,65535_65535,2,39,4933581,34,1,1,1,5,34,28,1,1,allocated
62,8226,greenran_normal,0,0,65535_65535,2,35,4933576,27,1,1,0,4,0,28,1,1,pre_allocation
62,8226,greenran_normal,0,0,65535_65535,2,35,4933576,34,1,1,1,5,34,28,1,1,allocated
62,8226,greenran_normal,0,0,65535_65535,2,44,4933576,27,1,1,0,4,0,28,1,1,pre_allocation
62,8226,greenran_normal,0,0,65535_65535,2,44,4933576,34,1,1,1,5,34,28,1,1,allocated
62,8226,greenran_normal,0,0,65535_65535,2,55,4933576,27,1,1,0,4,0,28,1,1,pre_allocation
62,8226,greenran_normal,0,0,65535_65535,2,55,4933576,34,1,1,1,5,34,28,1,1,allocated
62,8226,greenran_normal,0,0,65535_65535,2,56,4933576,27,1,1,0,4,0,28,1,1,pre_allocation
62,8226,greenran_normal,0,0,65535_65535,2,56,4933576,34,1,1,1,5,34,28,1,1,allocated
62,8226,greenran_normal,0,0,65535_65535,2,57,4933576,27,1,1,0,4,0,28,1,1,pre_allocation
62,8226,greenran_normal,0,0,65535_65535,2,57,4933576,34,1,1,1,5,34,28,1,1,allocated
62,8226,greenran_normal,0,0,65535_65535,2,40,4933578,27,1,1,0,4,0,28,1,1,pre_allocation
62,8226,greenran_normal,0,0,65535_65535,2,40,4933578,34,1,1,1,5,34,28,1,1,allocated
62,8226,greenran_normal,0,0,65535_65535,2,41,4933578,27,1,1,0,4,0,28,1,1,pre_allocation
62,8226,greenran_normal,0,0,65535_65535,2,41,4933578,34,1,1,1,5,34,28,1,1,allocated
62,8226,greenran_normal,0,0,65535_65535,2,61,4933575,27,1,1,0,4,0,28,1,1,pre_allocation
62,8226,greenran_normal,0,0,65535_65535,2,61,4933575,34,1,1,1,5,34,28,1,1,allocated
62,8226,greenran_normal,0,0,65535_65535,2,62,4933574,27,1,1,0,4,0,28,1,1,pre_allocation
62,8226,greenran_normal,0,0,65535_65535,2,62,4933574,34,1,1,1,5,34,28,1,1,allocated
62,8226,greenran_normal,0,0,65535_65535,2,38,4935979,11,1,1,0,5,0,15,1,1,pre_allocation
62,8226,greenran_normal,0,0,65535_65535,2,38,4935979,14,1,1,1,6,14,15,1,1,allocated
62,8226,greenran_normal,0,0,65535_65535,2,60,4935673,7,1,1,0,5,0,12,1,1,pre_allocation
62,8226,greenran_normal,0,0,65535_65535,2,60,4935673,9,1,1,1,6,9,12,1,1,allocated
62,8226,greenran_normal,0,0,65535_65535,2,64,4935334,15,1,1,0,5,0,18,1,1,pre_allocation
62,8226,greenran_normal,0,0,65535_65535,2,64,4935334,19,1,1,1,6,19,18,1,1,allocated
62,8226,greenran_normal,0,0,65535_65535,2,43,4934742,19,1,1,0,5,0,20,1,1,pre_allocation
62,8226,greenran_normal,0,0,65535_65535,2,43,4934742,24,1,1,1,6,24,20,1,1,allocated
62,8226,greenran_normal,0,0,65535_65535,2,42,4934099,27,1,1,0,5,0,24,1,1,pre_allocation
62,8226,greenran_normal,0,0,65535_65535,2,42,4934099,34,1,1,1,6,34,24,1,1,allocated
62,8226,greenran_normal,0,0,65535_65535,2,59,4933662,34,1,1,0,5,0,28,1,1,pre_allocation
62,8226,greenran_normal,0,0,65535_65535,2,59,4933662,42,1,1,1,6,42,28,1,1,allocated
62,8226,greenran_normal,0,0,65535_65535,2,36,4933633,32,1,1,0,5,0,26,1,1,pre_allocation
62,8226,greenran_normal,0,0,65535_65535,2,36,4933633,39,1,1,1,6,39,26,1,1,allocated
62,8226,greenran_normal,0,0,65535_65535,2,58,4933654,34,1,1,0,5,0,28,1,1,pre_allocation
62,8226,greenran_normal,0,0,65535_65535,2,58,4933654,42,1,1,1,6,42,28,1,1,allocated
62,8226,greenran_normal,0,0,65535_65535,2,63,4933581,34,1,1,0,5,0,28,1,1,pre_allocation
62,8226,greenran_normal,0,0,65535_65535,2,63,4933581,42,1,1,1,6,42,28,1,1,allocated
62,8226,greenran_normal,0,0,65535_65535,2,37,4933579,34,1,1,0,5,0,28,1,1,pre_allocation
62,8226,greenran_normal,0,0,65535_65535,2,37,4933579,42,1,1,1,6,42,28,1,1,allocated
62,8226,greenran_normal,0,0,65535_65535,2,39,4933581,34,1,1,0,5,0,28,1,1,pre_allocation
62,8226,greenran_normal,0,0,65535_65535,2,39,4933581,42,1,1,1,6,42,28,1,1,allocated
62,8226,greenran_normal,0,0,65535_65535,2,35,4933576,34,1,1,0,5,0,28,1,1,pre_allocation
62,8226,greenran_normal,0,0,65535_65535,2,35,4933576,42,1,1,1,6,42,28,1,1,allocated
62,8226,greenran_normal,0,0,65535_65535,2,44,4933576,34,1,1,0,5,0,28,1,1,pre_allocation
62,8226,greenran_normal,0,0,65535_65535,2,44,4933576,42,1,1,1,6,42,28,1,1,allocated
62,8226,greenran_normal,0,0,65535_65535,2,55,4933576,34,1,1,0,5,0,28,1,1,pre_allocation
62,8226,greenran_normal,0,0,65535_65535,2,55,4933576,42,1,1,1,6,42,28,1,1,allocated
62,8226,greenran_normal,0,0,65535_65535,2,56,4933576,34,1,1,0,5,0,28,1,1,pre_allocation
62,8226,greenran_normal,0,0,65535_65535,2,56,4933576,42,1,1,1,6,42,28,1,1,allocated
62,8226,greenran_normal,0,0,65535_65535,2,57,4933576,34,1,1,0,5,0,28,1,1,pre_allocation
62,8226,greenran_normal,0,0,65535_65535,2,57,4933576,42,1,1,1,6,42,28,1,1,allocated
64,8516,greenran_normal,0,0,65535_65535,0,4,160049,0,1,1,0,0,0,24,1,1,pre_allocation
64,8516,greenran_normal,0,0,65535_65535,0,4,160049,3,1,1,1,1,3,24,1,1,allocated
64,8516,greenran_normal,0,0,65535_65535,0,2,157338,0,1,1,0,0,0,28,1,1,pre_allocation
64,8516,greenran_normal,0,0,65535_65535,0,2,157338,4,1,1,1,1,4,28,1,1,allocated
64,8516,greenran_normal,0,0,65535_65535,0,1,157331,0,1,1,0,0,0,28,1,1,pre_allocation
64,8516,greenran_normal,0,0,65535_65535,0,1,157331,4,1,1,1,1,4,28,1,1,allocated
64,8516,greenran_normal,0,0,65535_65535,0,3,157326,0,1,1,0,0,0,28,1,1,pre_allocation
64,8516,greenran_normal,0,0,65535_65535,0,3,157326,4,1,1,1,1,4,28,1,1,allocated
64,8516,greenran_normal,0,0,65535_65535,0,5,157320,0,1,1,0,0,0,28,1,1,pre_allocation
64,8516,greenran_normal,0,0,65535_65535,0,5,157320,4,1,1,1,1,4,28,1,1,allocated
64,8516,greenran_normal,0,0,65535_65535,0,4,160049,3,1,1,0,1,0,24,1,1,pre_allocation
64,8516,greenran_normal,0,0,65535_65535,0,4,160049,9,1,1,1,2,9,24,1,1,allocated
64,8516,greenran_normal,0,0,65535_65535,0,2,157338,4,1,1,0,1,0,28,1,1,pre_allocation
64,8516,greenran_normal,0,0,65535_65535,0,2,157338,12,1,1,1,2,12,28,1,1,allocated
64,8516,greenran_normal,0,0,65535_65535,0,1,157331,4,1,1,0,1,0,28,1,1,pre_allocation
64,8516,greenran_normal,0,0,65535_65535,0,1,157331,12,1,1,1,2,12,28,1,1,allocated
64,8516,greenran_normal,0,0,65535_65535,0,3,157326,4,1,1,0,1,0,28,1,1,pre_allocation
64,8516,greenran_normal,0,0,65535_65535,0,3,157326,12,1,1,1,2,12,28,1,1,allocated
64,8516,greenran_normal,0,0,65535_65535,0,5,157320,4,1,1,0,1,0,28,1,1,pre_allocation
64,8516,greenran_normal,0,0,65535_65535,0,5,157320,12,1,1,1,2,12,28,1,1,allocated
64,8516,greenran_normal,0,0,65535_65535,0,4,160049,9,1,1,0,2,0,24,1,1,pre_allocation
64,8516,greenran_normal,0,0,65535_65535,0,4,160049,15,1,1,1,3,15,24,1,1,allocated
64,8516,greenran_normal,0,0,65535_65535,0,2,157338,12,1,1,0,2,0,28,1,1,pre_allocation
64,8516,greenran_normal,0,0,65535_65535,0,2,157338,19,1,1,1,3,19,28,1,1,allocated
64,8516,greenran_normal,0,0,65535_65535,0,1,157331,12,1,1,0,2,0,28,1,1,pre_allocation
64,8516,greenran_normal,0,0,65535_65535,0,1,157331,19,1,1,1,3,19,28,1,1,allocated
64,8516,greenran_normal,0,0,65535_65535,0,3,157326,12,1,1,0,2,0,28,1,1,pre_allocation
64,8516,greenran_normal,0,0,65535_65535,0,3,157326,19,1,1,1,3,19,28,1,1,allocated
64,8516,greenran_normal,0,0,65535_65535,0,5,157320,12,1,1,0,2,0,28,1,1,pre_allocation
64,8516,greenran_normal,0,0,65535_65535,0,5,157320,19,1,1,1,3,19,28,1,1,allocated
64,8516,greenran_normal,0,0,65535_65535,0,4,160049,15,1,1,0,3,0,24,1,1,pre_allocation
64,8516,greenran_normal,0,0,65535_65535,0,4,160049,21,1,1,1,4,21,24,1,1,allocated
64,8516,greenran_normal,0,0,65535_65535,0,2,157338,19,1,1,0,3,0,28,1,1,pre_allocation
64,8516,greenran_normal,0,0,65535_65535,0,2,157338,27,1,1,1,4,27,28,1,1,allocated
64,8516,greenran_normal,0,0,65535_65535,0,1,157331,19,1,1,0,3,0,28,1,1,pre_allocation
64,8516,greenran_normal,0,0,65535_65535,0,1,157331,27,1,1,1,4,27,28,1,1,allocated
64,8516,greenran_normal,0,0,65535_65535,0,3,157326,19,1,1,0,3,0,28,1,1,pre_allocation
64,8516,greenran_normal,0,0,65535_65535,0,3,157326,27,1,1,1,4,27,28,1,1,allocated
64,8516,greenran_normal,0,0,65535_65535,0,5,157320,19,1,1,0,3,0,28,1,1,pre_allocation
64,8516,greenran_normal,0,0,65535_65535,0,5,157320,27,1,1,1,4,27,28,1,1,allocated
64,8516,greenran_normal,0,0,65535_65535,0,4,160049,21,1,1,0,4,0,24,1,1,pre_allocation
64,8516,greenran_normal,0,0,65535_65535,0,4,160049,27,1,1,1,5,27,24,1,1,allocated
64,8516,greenran_normal,0,0,65535_65535,0,2,157338,27,1,1,0,4,0,28,1,1,pre_allocation
64,8516,greenran_normal,0,0,65535_65535,0,2,157338,34,1,1,1,5,34,28,1,1,allocated
64,8516,greenran_normal,0,0,65535_65535,0,1,157331,27,1,1,0,4,0,28,1,1,pre_allocation
64,8516,greenran_normal,0,0,65535_65535,0,1,157331,34,1,1,1,5,34,28,1,1,allocated
64,8516,greenran_normal,0,0,65535_65535,0,3,157326,27,1,1,0,4,0,28,1,1,pre_allocation
64,8516,greenran_normal,0,0,65535_65535,0,3,157326,34,1,1,1,5,34,28,1,1,allocated
64,8516,greenran_normal,0,0,65535_65535,0,5,157320,27,1,1,0,4,0,28,1,1,pre_allocation
64,8516,greenran_normal,0,0,65535_65535,0,5,157320,34,1,1,1,5,34,28,1,1,allocated
64,8516,greenran_normal,0,0,65535_65535,0,4,160049,27,1,1,0,5,0,24,1,1,pre_allocation
64,8516,greenran_normal,0,0,65535_65535,0,4,160049,34,1,1,1,6,34,24,1,1,allocated
64,8516,greenran_normal,0,0,65535_65535,0,2,157338,34,1,1,0,5,0,28,1,1,pre_allocation
64,8516,greenran_normal,0,0,65535_65535,0,2,157338,42,1,1,1,6,42,28,1,1,allocated
64,8516,greenran_normal,0,0,65535_65535,0,1,157331,34,1,1,0,5,0,28,1,1,pre_allocation
64,8516,greenran_normal,0,0,65535_65535,0,1,157331,42,1,1,1,6,42,28,1,1,allocated
64,8516,greenran_normal,0,0,65535_65535,0,3,157326,34,1,1,0,5,0,28,1,1,pre_allocation
64,8516,greenran_normal,0,0,65535_65535,0,3,157326,42,1,1,1,6,42,28,1,1,allocated
64,8516,greenran_normal,0,0,65535_65535,0,5,157320,34,1,1,0,5,0,28,1,1,pre_allocation
64,8516,greenran_normal,0,0,65535_65535,0,5,157320,42,1,1,1,6,42,28,1,1,allocated
64,8516,greenran_normal,0,0,65535_65535,0,4,160049,34,1,1,0,6,0,24,1,1,pre_allocation
64,8516,greenran_normal,0,0,65535_65535,0,4,160049,40,1,1,1,7,40,24,1,1,allocated
64,8516,greenran_normal,0,0,65535_65535,0,2,157338,42,1,1,0,6,0,28,1,1,pre_allocation
64,8516,greenran_normal,0,0,65535_65535,0,2,157338,50,1,1,1,7,50,28,1,1,allocated
64,8516,greenran_normal,0,0,65535_65535,0,1,157331,42,1,1,0,6,0,28,1,1,pre_allocation
64,8516,greenran_normal,0,0,65535_65535,0,1,157331,50,1,1,1,7,50,28,1,1,allocated
64,8516,greenran_normal,0,0,65535_65535,0,3,157326,42,1,1,0,6,0,28,1,1,pre_allocation
64,8516,greenran_normal,0,0,65535_65535,0,3,157326,50,1,1,1,7,50,28,1,1,allocated
64,8516,greenran_normal,0,0,65535_65535,0,5,157320,42,1,1,0,6,0,28,1,1,pre_allocation
64,8516,greenran_normal,0,0,65535_65535,0,5,157320,50,1,1,1,7,50,28,1,1,allocated
64,8516,greenran_normal,0,0,65535_65535,0,4,160049,40,1,1,0,7,0,24,1,1,pre_allocation
64,8516,greenran_normal,0,0,65535_65535,0,4,160049,46,1,1,1,8,46,24,1,1,allocated
64,8516,greenran_normal,0,0,65535_65535,0,2,157338,50,1,1,0,7,0,28,1,1,pre_allocation
64,8516,greenran_normal,0,0,65535_65535,0,2,157338,57,1,1,1,8,57,28,1,1,allocated
64,8516,greenran_normal,0,0,65535_65535,0,1,157331,50,1,1,0,7,0,28,1,1,pre_allocation
64,8516,greenran_normal,0,0,65535_65535,0,1,157331,57,1,1,1,8,57,28,1,1,allocated
64,8516,greenran_normal,0,0,65535_65535,0,3,157326,50,1,1,0,7,0,28,1,1,pre_allocation
64,8516,greenran_normal,0,0,65535_65535,0,3,157326,57,1,1,1,8,57,28,1,1,allocated
64,8516,greenran_normal,0,0,65535_65535,0,5,157320,50,1,1,0,7,0,28,1,1,pre_allocation
64,8516,greenran_normal,0,0,65535_65535,0,5,157320,57,1,1,1,8,57,28,1,1,allocated
64,8516,greenran_normal,0,0,65535_65535,0,4,160049,46,1,1,0,8,0,24,1,1,pre_allocation
64,8516,greenran_normal,0,0,65535_65535,0,4,160049,52,1,1,1,9,52,24,1,1,allocated
64,8516,greenran_normal,0,0,65535_65535,0,2,157338,57,1,1,0,8,0,28,1,1,pre_allocation
64,8516,greenran_normal,0,0,65535_65535,0,2,157338,65,1,1,1,9,65,28,1,1,allocated
64,8516,greenran_normal,0,0,65535_65535,0,1,157331,57,1,1,0,8,0,28,1,1,pre_allocation
64,8516,greenran_normal,0,0,65535_65535,0,1,157331,65,1,1,1,9,65,28,1,1,allocated
64,8516,greenran_normal,0,0,65535_65535,0,3,157326,57,1,1,0,8,0,28,1,1,pre_allocation
64,8516,greenran_normal,0,0,65535_65535,0,3,157326,65,1,1,1,9,65,28,1,1,allocated
64,8516,greenran_normal,0,0,65535_65535,0,5,157320,57,1,1,0,8,0,28,1,1,pre_allocation
64,8516,greenran_normal,0,0,65535_65535,0,5,157320,65,1,1,1,9,65,28,1,1,allocated
64,8516,greenran_normal,0,0,65535_65535,0,4,160049,52,1,1,0,9,0,24,1,1,pre_allocation
64,8516,greenran_normal,0,0,65535_65535,0,4,160049,58,1,1,1,10,58,24,1,1,allocated
64,8516,greenran_normal,0,0,65535_65535,0,2,157338,65,1,1,0,9,0,28,1,1,pre_allocation
64,8516,greenran_normal,0,0,65535_65535,0,2,157338,72,1,1,1,10,72,28,1,1,allocated
64,8516,greenran_normal,0,0,65535_65535,0,1,157331,65,1,1,0,9,0,28,1,1,pre_allocation
64,8516,greenran_normal,0,0,65535_65535,0,1,157331,72,1,1,1,10,72,28,1,1,allocated
64,8516,greenran_normal,0,0,65535_65535,0,3,157326,65,1,1,0,9,0,28,1,1,pre_allocation
64,8516,greenran_normal,0,0,65535_65535,0,3,157326,72,1,1,1,10,72,28,1,1,allocated
64,8516,greenran_normal,0,0,65535_65535,0,5,157320,65,1,1,0,9,0,28,1,1,pre_allocation
64,8516,greenran_normal,0,0,65535_65535,0,5,157320,72,1,1,1,10,72,28,1,1,allocated
64,8516,greenran_normal,0,0,65535_65535,0,4,160049,58,1,1,0,10,0,24,1,1,pre_allocation
64,8516,greenran_normal,0,0,65535_65535,0,4,160049,65,1,1,1,11,65,24,1,1,allocated
64,8516,greenran_normal,0,0,65535_65535,0,2,157338,72,1,1,0,10,0,28,1,1,pre_allocation
64,8516,greenran_normal,0,0,65535_65535,0,2,157338,80,1,1,1,11,80,28,1,1,allocated
64,8516,greenran_normal,0,0,65535_65535,0,1,157331,72,1,1,0,10,0,28,1,1,pre_allocation
64,8516,greenran_normal,0,0,65535_65535,0,1,157331,80,1,1,1,11,80,28,1,1,allocated
64,8516,greenran_normal,0,0,65535_65535,0,3,157326,72,1,1,0,10,0,28,1,1,pre_allocation
64,8516,greenran_normal,0,0,65535_65535,0,3,157326,80,1,1,1,11,80,28,1,1,allocated
64,8516,greenran_normal,0,0,65535_65535,0,5,157320,72,1,1,0,10,0,28,1,1,pre_allocation
64,8516,greenran_normal,0,0,65535_65535,0,5,157320,80,1,1,1,11,80,28,1,1,allocated
64,8516,greenran_normal,0,0,65535_65535,0,4,160049,65,1,1,0,11,0,24,1,1,pre_allocation
64,8516,greenran_normal,0,0,65535_65535,0,4,160049,71,1,1,1,12,71,24,1,1,allocated
64,8516,greenran_normal,0,0,65535_65535,0,2,157338,80,1,1,0,11,0,28,1,1,pre_allocation
64,8516,greenran_normal,0,0,65535_65535,0,2,157338,88,1,1,1,12,88,28,1,1,allocated
64,8516,greenran_normal,0,0,65535_65535,0,1,157331,80,1,1,0,11,0,28,1,1,pre_allocation
64,8516,greenran_normal,0,0,65535_65535,0,1,157331,88,1,1,1,12,88,28,1,1,allocated
64,8516,greenran_normal,0,0,65535_65535,0,3,157326,80,1,1,0,11,0,28,1,1,pre_allocation
64,8516,greenran_normal,0,0,65535_65535,0,3,157326,88,1,1,1,12,88,28,1,1,allocated
64,8516,greenran_normal,0,0,65535_65535,0,5,157320,80,1,1,0,11,0,28,1,1,pre_allocation
64,8516,greenran_normal,0,0,65535_65535,0,5,157320,88,1,1,1,12,88,28,1,1,allocated
64,8516,greenran_normal,0,0,65535_65535,0,4,160049,71,1,1,0,12,0,24,1,1,pre_allocation
64,8516,greenran_normal,0,0,65535_65535,0,4,160049,77,1,1,1,13,77,24,1,1,allocated
64,8516,greenran_normal,0,0,65535_65535,0,2,157338,88,1,1,0,12,0,28,1,1,pre_allocation
64,8516,greenran_normal,0,0,65535_65535,0,2,157338,95,1,1,1,13,95,28,1,1,allocated
64,8516,greenran_normal,0,0,65535_65535,0,1,157331,88,1,1,0,12,0,28,1,1,pre_allocation
64,8516,greenran_normal,0,0,65535_65535,0,1,157331,95,1,1,1,13,95,28,1,1,allocated
64,8516,greenran_normal,0,0,65535_65535,0,3,157326,88,1,1,0,12,0,28,1,1,pre_allocation
64,8516,greenran_normal,0,0,65535_65535,0,3,157326,95,1,1,1,13,95,28,1,1,allocated
64,8516,greenran_normal,0,0,65535_65535,0,5,157320,88,1,1,0,12,0,28,1,1,pre_allocation
64,8516,greenran_normal,0,0,65535_65535,0,5,157320,95,1,1,1,13,95,28,1,1,allocated
64,8516,greenran_normal,0,0,65535_65535,0,4,160049,77,1,1,0,13,0,24,1,1,pre_allocation
64,8516,greenran_normal,0,0,65535_65535,0,4,160049,83,1,1,1,14,83,24,1,1,allocated
64,8516,greenran_normal,0,0,65535_65535,0,2,157338,95,1,1,0,13,0,28,1,1,pre_allocation
64,8516,greenran_normal,0,0,65535_65535,0,2,157338,103,1,1,1,14,103,28,1,1,allocated
64,8516,greenran_normal,0,0,65535_65535,0,1,157331,95,1,1,0,13,0,28,1,1,pre_allocation
64,8516,greenran_normal,0,0,65535_65535,0,1,157331,103,1,1,1,14,103,28,1,1,allocated
64,8516,greenran_normal,0,0,65535_65535,0,3,157326,95,1,1,0,13,0,28,1,1,pre_allocation
64,8516,greenran_normal,0,0,65535_65535,0,3,157326,103,1,1,1,14,103,28,1,1,allocated
64,8516,greenran_normal,0,0,65535_65535,0,5,157320,95,1,1,0,13,0,28,1,1,pre_allocation
64,8516,greenran_normal,0,0,65535_65535,0,5,157320,103,1,1,1,14,103,28,1,1,allocated
64,8516,greenran_normal,0,0,65535_65535,0,4,160049,83,1,1,0,14,0,24,1,1,pre_allocation
64,8516,greenran_normal,0,0,65535_65535,0,4,160049,89,1,1,1,15,89,24,1,1,allocated
64,8516,greenran_normal,0,0,65535_65535,0,2,157338,103,1,1,0,14,0,28,1,1,pre_allocation
64,8516,greenran_normal,0,0,65535_65535,0,2,157338,110,1,1,1,15,110,28,1,1,allocated
64,8516,greenran_normal,0,0,65535_65535,0,1,157331,103,1,1,0,14,0,28,1,1,pre_allocation
64,8516,greenran_normal,0,0,65535_65535,0,1,157331,110,1,1,1,15,110,28,1,1,allocated
64,8516,greenran_normal,0,0,65535_65535,0,3,157326,103,1,1,0,14,0,28,1,1,pre_allocation
64,8516,greenran_normal,0,0,65535_65535,0,3,157326,110,1,1,1,15,110,28,1,1,allocated
64,8516,greenran_normal,0,0,65535_65535,0,5,157320,103,1,1,0,14,0,28,1,1,pre_allocation
64,8516,greenran_normal,0,0,65535_65535,0,5,157320,110,1,1,1,15,110,28,1,1,allocated
64,8516,greenran_normal,0,0,65535_65535,0,4,160049,89,1,1,0,15,0,24,1,1,pre_allocation
64,8516,greenran_normal,0,0,65535_65535,0,4,160049,96,1,1,1,16,96,24,1,1,allocated
64,8516,greenran_normal,0,0,65535_65535,0,2,157338,110,1,1,0,15,0,28,1,1,pre_allocation
64,8516,greenran_normal,0,0,65535_65535,0,2,157338,118,1,1,1,16,118,28,1,1,allocated
64,8516,greenran_normal,0,0,65535_65535,0,1,157331,110,1,1,0,15,0,28,1,1,pre_allocation
64,8516,greenran_normal,0,0,65535_65535,0,1,157331,118,1,1,1,16,118,28,1,1,allocated
64,8516,greenran_normal,0,0,65535_65535,0,3,157326,110,1,1,0,15,0,28,1,1,pre_allocation
64,8516,greenran_normal,0,0,65535_65535,0,3,157326,118,1,1,1,16,118,28,1,1,allocated
64,8516,greenran_normal,0,0,65535_65535,0,5,157320,110,1,1,0,15,0,28,1,1,pre_allocation
64,8516,greenran_normal,0,0,65535_65535,0,5,157320,118,1,1,1,16,118,28,1,1,allocated
64,8516,greenran_normal,0,0,65535_65535,0,4,160049,96,1,1,0,16,0,24,1,1,pre_allocation
64,8516,greenran_normal,0,0,65535_65535,0,4,160049,102,1,1,1,17,102,24,1,1,allocated
64,8516,greenran_normal,0,0,65535_65535,0,2,157338,118,1,1,0,16,0,28,1,1,pre_allocation
64,8516,greenran_normal,0,0,65535_65535,0,2,157338,126,1,1,1,17,126,28,1,1,allocated
64,8516,greenran_normal,0,0,65535_65535,0,1,157331,118,1,1,0,16,0,28,1,1,pre_allocation
64,8516,greenran_normal,0,0,65535_65535,0,1,157331,126,1,1,1,17,126,28,1,1,allocated
64,8516,greenran_normal,0,0,65535_65535,0,3,157326,118,1,1,0,16,0,28,1,1,pre_allocation
64,8516,greenran_normal,0,0,65535_65535,0,3,157326,126,1,1,1,17,126,28,1,1,allocated
64,8516,greenran_normal,0,0,65535_65535,0,5,157320,118,1,1,0,16,0,28,1,1,pre_allocation
64,8516,greenran_normal,0,0,65535_65535,0,5,157320,126,1,1,1,17,126,28,1,1,allocated
64,8516,greenran_normal,0,0,65535_65535,0,4,160049,102,1,1,0,17,0,24,1,1,pre_allocation
64,8516,greenran_normal,0,0,65535_65535,0,4,160049,108,1,1,1,18,108,24,1,1,allocated
64,8516,greenran_normal,0,0,65535_65535,0,2,157338,126,1,1,0,17,0,28,1,1,pre_allocation
64,8516,greenran_normal,0,0,65535_65535,0,2,157338,133,1,1,1,18,133,28,1,1,allocated
64,8516,greenran_normal,0,0,65535_65535,0,1,157331,126,1,1,0,17,0,28,1,1,pre_allocation
64,8516,greenran_normal,0,0,65535_65535,0,1,157331,133,1,1,1,18,133,28,1,1,allocated
64,8516,greenran_normal,0,0,65535_65535,0,3,157326,126,1,1,0,17,0,28,1,1,pre_allocation
64,8516,greenran_normal,0,0,65535_65535,0,3,157326,133,1,1,1,18,133,28,1,1,allocated
64,8516,greenran_normal,0,0,65535_65535,0,5,157320,126,1,1,0,17,0,28,1,1,pre_allocation
64,8516,greenran_normal,0,0,65535_65535,0,5,157320,133,1,1,1,18,133,28,1,1,allocated
64,8516,greenran_normal,0,0,65535_65535,0,4,160049,108,1,1,0,18,0,24,1,1,pre_allocation
64,8516,greenran_normal,0,0,65535_65535,0,4,160049,114,1,1,1,19,114,24,1,1,allocated
64,8516,greenran_normal,0,0,65535_65535,0,2,157338,133,1,1,0,18,0,28,1,1,pre_allocation
64,8516,greenran_normal,0,0,65535_65535,0,2,157338,141,1,1,1,19,141,28,1,1,allocated
64,8516,greenran_normal,0,0,65535_65535,0,1,157331,133,1,1,0,18,0,28,1,1,pre_allocation
64,8516,greenran_normal,0,0,65535_65535,0,1,157331,141,1,1,1,19,141,28,1,1,allocated
64,8516,greenran_normal,0,0,65535_65535,0,3,157326,133,1,1,0,18,0,28,1,1,pre_allocation
64,8516,greenran_normal,0,0,65535_65535,0,3,157326,141,1,1,1,19,141,28,1,1,allocated
64,8516,greenran_normal,0,0,65535_65535,2,38,5122130,0,1,1,0,0,0,2,1,1,pre_allocation
64,8516,greenran_normal,0,0,65535_65535,2,38,5122130,0,1,1,1,1,0,2,1,1,allocated
64,8516,greenran_normal,0,0,65535_65535,2,60,5121833,0,1,1,0,0,0,15,1,1,pre_allocation
64,8516,greenran_normal,0,0,65535_65535,2,60,5121833,2,1,1,1,1,2,15,1,1,allocated
64,8516,greenran_normal,0,0,65535_65535,2,64,5121469,0,1,1,0,0,0,16,1,1,pre_allocation
64,8516,greenran_normal,0,0,65535_65535,2,64,5121469,0,1,1,1,1,0,16,1,1,allocated
64,8516,greenran_normal,0,0,65535_65535,2,43,5120864,0,1,1,0,0,0,20,1,1,pre_allocation
64,8516,greenran_normal,0,0,65535_65535,2,43,5120864,1,1,1,1,1,1,20,1,1,allocated
64,8516,greenran_normal,0,0,65535_65535,2,42,5120201,0,1,1,0,0,0,24,1,1,pre_allocation
64,8516,greenran_normal,0,0,65535_65535,2,42,5120201,3,1,1,1,1,3,24,1,1,allocated
64,8516,greenran_normal,0,0,65535_65535,2,59,5119756,0,1,1,0,0,0,24,1,1,pre_allocation
64,8516,greenran_normal,0,0,65535_65535,2,59,5119756,3,1,1,1,1,3,24,1,1,allocated
64,8516,greenran_normal,0,0,65535_65535,2,36,5119722,0,1,1,0,0,0,28,1,1,pre_allocation
64,8516,greenran_normal,0,0,65535_65535,2,36,5119722,4,1,1,1,1,4,28,1,1,allocated
64,8516,greenran_normal,0,0,65535_65535,2,58,5119743,0,1,1,0,0,0,26,1,1,pre_allocation
64,8516,greenran_normal,0,0,65535_65535,2,58,5119743,4,1,1,1,1,4,26,1,1,allocated
64,8516,greenran_normal,0,0,65535_65535,2,44,5119670,0,1,1,0,0,0,28,1,1,pre_allocation
64,8516,greenran_normal,0,0,65535_65535,2,44,5119670,4,1,1,1,1,4,28,1,1,allocated
64,8516,greenran_normal,0,0,65535_65535,2,55,5119670,0,1,1,0,0,0,28,1,1,pre_allocation
64,8516,greenran_normal,0,0,65535_65535,2,55,5119670,4,1,1,1,1,4,28,1,1,allocated
64,8516,greenran_normal,0,0,65535_65535,2,56,5119670,0,1,1,0,0,0,28,1,1,pre_allocation
64,8516,greenran_normal,0,0,65535_65535,2,56,5119670,4,1,1,1,1,4,28,1,1,allocated
64,8516,greenran_normal,0,0,65535_65535,2,57,5119670,0,1,1,0,0,0,28,1,1,pre_allocation
64,8516,greenran_normal,0,0,65535_65535,2,57,5119670,4,1,1,1,1,4,28,1,1,allocated
64,8516,greenran_normal,0,0,65535_65535,2,40,5119672,0,1,1,0,0,0,28,1,1,pre_allocation
64,8516,greenran_normal,0,0,65535_65535,2,40,5119672,4,1,1,1,1,4,28,1,1,allocated
64,8516,greenran_normal,0,0,65535_65535,2,41,5119672,0,1,1,0,0,0,28,1,1,pre_allocation
64,8516,greenran_normal,0,0,65535_65535,2,41,5119672,4,1,1,1,1,4,28,1,1,allocated
64,8516,greenran_normal,0,0,65535_65535,2,61,5119669,0,1,1,0,0,0,28,1,1,pre_allocation
64,8516,greenran_normal,0,0,65535_65535,2,61,5119669,4,1,1,1,1,4,28,1,1,allocated
64,8516,greenran_normal,0,0,65535_65535,2,62,5119668,0,1,1,0,0,0,28,1,1,pre_allocation
64,8516,greenran_normal,0,0,65535_65535,2,62,5119668,4,1,1,1,1,4,28,1,1,allocated
64,8516,greenran_normal,0,0,65535_65535,2,63,5119667,0,1,1,0,0,0,28,1,1,pre_allocation
64,8516,greenran_normal,0,0,65535_65535,2,63,5119667,4,1,1,1,1,4,28,1,1,allocated
64,8516,greenran_normal,0,0,65535_65535,2,37,5119665,0,1,1,0,0,0,28,1,1,pre_allocation
64,8516,greenran_normal,0,0,65535_65535,2,37,5119665,4,1,1,1,1,4,28,1,1,allocated
64,8516,greenran_normal,0,0,65535_65535,2,39,5119667,0,1,1,0,0,0,28,1,1,pre_allocation
64,8516,greenran_normal,0,0,65535_65535,2,39,5119667,4,1,1,1,1,4,28,1,1,allocated
64,8516,greenran_normal,0,0,65535_65535,2,35,5119662,0,1,1,0,0,0,28,1,1,pre_allocation
64,8516,greenran_normal,0,0,65535_65535,2,35,5119662,4,1,1,1,1,4,28,1,1,allocated
64,8516,greenran_normal,0,0,65535_65535,2,38,5122130,0,1,1,0,1,0,2,1,1,pre_allocation
64,8516,greenran_normal,0,0,65535_65535,2,38,5122130,0,1,1,1,2,0,2,1,1,allocated
64,8516,greenran_normal,0,0,65535_65535,2,60,5121833,2,1,1,0,1,0,15,1,1,pre_allocation
64,8516,greenran_normal,0,0,65535_65535,2,60,5121833,2,1,1,1,2,2,15,1,1,allocated
64,8516,greenran_normal,0,0,65535_65535,2,64,5121469,0,1,1,0,1,0,16,1,1,pre_allocation
64,8516,greenran_normal,0,0,65535_65535,2,64,5121469,3,1,1,1,2,3,16,1,1,allocated
64,8516,greenran_normal,0,0,65535_65535,2,43,5120864,1,1,1,0,1,0,20,1,1,pre_allocation
64,8516,greenran_normal,0,0,65535_65535,2,43,5120864,6,1,1,1,2,6,20,1,1,allocated
64,8516,greenran_normal,0,0,65535_65535,2,42,5120201,3,1,1,0,1,0,24,1,1,pre_allocation
64,8516,greenran_normal,0,0,65535_65535,2,42,5120201,9,1,1,1,2,9,24,1,1,allocated
64,8516,greenran_normal,0,0,65535_65535,2,59,5119756,3,1,1,0,1,0,24,1,1,pre_allocation
64,8516,greenran_normal,0,0,65535_65535,2,59,5119756,9,1,1,1,2,9,24,1,1,allocated
64,8516,greenran_normal,0,0,65535_65535,2,36,5119722,4,1,1,0,1,0,28,1,1,pre_allocation
64,8516,greenran_normal,0,0,65535_65535,2,36,5119722,12,1,1,1,2,12,28,1,1,allocated
64,8516,greenran_normal,0,0,65535_65535,2,58,5119743,4,1,1,0,1,0,26,1,1,pre_allocation
64,8516,greenran_normal,0,0,65535_65535,2,58,5119743,11,1,1,1,2,11,26,1,1,allocated
64,8516,greenran_normal,0,0,65535_65535,2,44,5119670,4,1,1,0,1,0,28,1,1,pre_allocation
64,8516,greenran_normal,0,0,65535_65535,2,44,5119670,12,1,1,1,2,12,28,1,1,allocated
64,8516,greenran_normal,0,0,65535_65535,2,55,5119670,4,1,1,0,1,0,28,1,1,pre_allocation
64,8516,greenran_normal,0,0,65535_65535,2,55,5119670,12,1,1,1,2,12,28,1,1,allocated
64,8516,greenran_normal,0,0,65535_65535,2,56,5119670,4,1,1,0,1,0,28,1,1,pre_allocation
64,8516,greenran_normal,0,0,65535_65535,2,56,5119670,12,1,1,1,2,12,28,1,1,allocated
64,8516,greenran_normal,0,0,65535_65535,2,57,5119670,4,1,1,0,1,0,28,1,1,pre_allocation
64,8516,greenran_normal,0,0,65535_65535,2,57,5119670,12,1,1,1,2,12,28,1,1,allocated
64,8516,greenran_normal,0,0,65535_65535,2,40,5119672,4,1,1,0,1,0,28,1,1,pre_allocation
64,8516,greenran_normal,0,0,65535_65535,2,40,5119672,12,1,1,1,2,12,28,1,1,allocated
64,8516,greenran_normal,0,0,65535_65535,2,41,5119672,4,1,1,0,1,0,28,1,1,pre_allocation
64,8516,greenran_normal,0,0,65535_65535,2,41,5119672,12,1,1,1,2,12,28,1,1,allocated
64,8516,greenran_normal,0,0,65535_65535,2,61,5119669,4,1,1,0,1,0,28,1,1,pre_allocation
64,8516,greenran_normal,0,0,65535_65535,2,61,5119669,12,1,1,1,2,12,28,1,1,allocated
64,8516,greenran_normal,0,0,65535_65535,2,62,5119668,4,1,1,0,1,0,28,1,1,pre_allocation
64,8516,greenran_normal,0,0,65535_65535,2,62,5119668,12,1,1,1,2,12,28,1,1,allocated
64,8516,greenran_normal,0,0,65535_65535,2,63,5119667,4,1,1,0,1,0,28,1,1,pre_allocation
64,8516,greenran_normal,0,0,65535_65535,2,63,5119667,12,1,1,1,2,12,28,1,1,allocated
64,8516,greenran_normal,0,0,65535_65535,2,37,5119665,4,1,1,0,1,0,28,1,1,pre_allocation
64,8516,greenran_normal,0,0,65535_65535,2,37,5119665,12,1,1,1,2,12,28,1,1,allocated
64,8516,greenran_normal,0,0,65535_65535,2,39,5119667,4,1,1,0,1,0,28,1,1,pre_allocation
64,8516,greenran_normal,0,0,65535_65535,2,39,5119667,12,1,1,1,2,12,28,1,1,allocated
64,8516,greenran_normal,0,0,65535_65535,2,35,5119662,4,1,1,0,1,0,28,1,1,pre_allocation
64,8516,greenran_normal,0,0,65535_65535,2,35,5119662,12,1,1,1,2,12,28,1,1,allocated
64,8516,greenran_normal,0,0,65535_65535,2,38,5122130,0,1,1,0,2,0,2,1,1,pre_allocation
64,8516,greenran_normal,0,0,65535_65535,2,38,5122130,0,1,1,1,3,0,2,1,1,allocated
64,8516,greenran_normal,0,0,65535_65535,2,60,5121833,2,1,1,0,2,0,15,1,1,pre_allocation
64,8516,greenran_normal,0,0,65535_65535,2,60,5121833,5,1,1,1,3,5,15,1,1,allocated
64,8516,greenran_normal,0,0,65535_65535,2,64,5121469,3,1,1,0,2,0,16,1,1,pre_allocation
64,8516,greenran_normal,0,0,65535_65535,2,64,5121469,6,1,1,1,3,6,16,1,1,allocated
64,8516,greenran_normal,0,0,65535_65535,2,43,5120864,6,1,1,0,2,0,20,1,1,pre_allocation
64,8516,greenran_normal,0,0,65535_65535,2,43,5120864,10,1,1,1,3,10,20,1,1,allocated
64,8516,greenran_normal,0,0,65535_65535,2,42,5120201,9,1,1,0,2,0,24,1,1,pre_allocation
64,8516,greenran_normal,0,0,65535_65535,2,42,5120201,15,1,1,1,3,15,24,1,1,allocated
64,8516,greenran_normal,0,0,65535_65535,2,59,5119756,9,1,1,0,2,0,24,1,1,pre_allocation
64,8516,greenran_normal,0,0,65535_65535,2,59,5119756,15,1,1,1,3,15,24,1,1,allocated
64,8516,greenran_normal,0,0,65535_65535,2,36,5119722,12,1,1,0,2,0,28,1,1,pre_allocation
64,8516,greenran_normal,0,0,65535_65535,2,36,5119722,19,1,1,1,3,19,28,1,1,allocated
64,8516,greenran_normal,0,0,65535_65535,2,58,5119743,11,1,1,0,2,0,26,1,1,pre_allocation
64,8516,greenran_normal,0,0,65535_65535,2,58,5119743,18,1,1,1,3,18,26,1,1,allocated
64,8516,greenran_normal,0,0,65535_65535,2,44,5119670,12,1,1,0,2,0,28,1,1,pre_allocation
64,8516,greenran_normal,0,0,65535_65535,2,44,5119670,19,1,1,1,3,19,28,1,1,allocated
64,8516,greenran_normal,0,0,65535_65535,2,55,5119670,12,1,1,0,2,0,28,1,1,pre_allocation
64,8516,greenran_normal,0,0,65535_65535,2,55,5119670,19,1,1,1,3,19,28,1,1,allocated
64,8516,greenran_normal,0,0,65535_65535,2,56,5119670,12,1,1,0,2,0,28,1,1,pre_allocation
64,8516,greenran_normal,0,0,65535_65535,2,56,5119670,19,1,1,1,3,19,28,1,1,allocated
64,8516,greenran_normal,0,0,65535_65535,2,57,5119670,12,1,1,0,2,0,28,1,1,pre_allocation
64,8516,greenran_normal,0,0,65535_65535,2,57,5119670,19,1,1,1,3,19,28,1,1,allocated
64,8516,greenran_normal,0,0,65535_65535,2,40,5119672,12,1,1,0,2,0,28,1,1,pre_allocation
64,8516,greenran_normal,0,0,65535_65535,2,40,5119672,19,1,1,1,3,19,28,1,1,allocated
64,8516,greenran_normal,0,0,65535_65535,2,41,5119672,12,1,1,0,2,0,28,1,1,pre_allocation
64,8516,greenran_normal,0,0,65535_65535,2,41,5119672,19,1,1,1,3,19,28,1,1,allocated
64,8516,greenran_normal,0,0,65535_65535,2,61,5119669,12,1,1,0,2,0,28,1,1,pre_allocation
64,8516,greenran_normal,0,0,65535_65535,2,61,5119669,19,1,1,1,3,19,28,1,1,allocated
64,8516,greenran_normal,0,0,65535_65535,2,62,5119668,12,1,1,0,2,0,28,1,1,pre_allocation
64,8516,greenran_normal,0,0,65535_65535,2,62,5119668,19,1,1,1,3,19,28,1,1,allocated
64,8516,greenran_normal,0,0,65535_65535,2,63,5119667,12,1,1,0,2,0,28,1,1,pre_allocation
64,8516,greenran_normal,0,0,65535_65535,2,63,5119667,19,1,1,1,3,19,28,1,1,allocated
64,8516,greenran_normal,0,0,65535_65535,2,37,5119665,12,1,1,0,2,0,28,1,1,pre_allocation
64,8516,greenran_normal,0,0,65535_65535,2,37,5119665,19,1,1,1,3,19,28,1,1,allocated
64,8516,greenran_normal,0,0,65535_65535,2,39,5119667,12,1,1,0,2,0,28,1,1,pre_allocation
64,8516,greenran_normal,0,0,65535_65535,2,39,5119667,19,1,1,1,3,19,28,1,1,allocated
64,8516,greenran_normal,0,0,65535_65535,2,35,5119662,12,1,1,0,2,0,28,1,1,pre_allocation
64,8516,greenran_normal,0,0,65535_65535,2,35,5119662,19,1,1,1,3,19,28,1,1,allocated
64,8516,greenran_normal,0,0,65535_65535,2,38,5122130,0,1,1,0,3,0,2,1,1,pre_allocation
64,8516,greenran_normal,0,0,65535_65535,2,38,5122130,1,1,1,1,4,1,2,1,1,allocated
64,8516,greenran_normal,0,0,65535_65535,2,60,5121833,5,1,1,0,3,0,15,1,1,pre_allocation
64,8516,greenran_normal,0,0,65535_65535,2,60,5121833,8,1,1,1,4,8,15,1,1,allocated
64,8516,greenran_normal,0,0,65535_65535,2,64,5121469,6,1,1,0,3,0,16,1,1,pre_allocation
64,8516,greenran_normal,0,0,65535_65535,2,64,5121469,10,1,1,1,4,10,16,1,1,allocated
64,8516,greenran_normal,0,0,65535_65535,2,43,5120864,10,1,1,0,3,0,20,1,1,pre_allocation
64,8516,greenran_normal,0,0,65535_65535,2,43,5120864,15,1,1,1,4,15,20,1,1,allocated
64,8516,greenran_normal,0,0,65535_65535,2,42,5120201,15,1,1,0,3,0,24,1,1,pre_allocation
64,8516,greenran_normal,0,0,65535_65535,2,42,5120201,21,1,1,1,4,21,24,1,1,allocated
64,8516,greenran_normal,0,0,65535_65535,2,59,5119756,15,1,1,0,3,0,24,1,1,pre_allocation
64,8516,greenran_normal,0,0,65535_65535,2,59,5119756,21,1,1,1,4,21,24,1,1,allocated
64,8516,greenran_normal,0,0,65535_65535,2,36,5119722,19,1,1,0,3,0,28,1,1,pre_allocation
64,8516,greenran_normal,0,0,65535_65535,2,36,5119722,27,1,1,1,4,27,28,1,1,allocated
64,8516,greenran_normal,0,0,65535_65535,2,58,5119743,18,1,1,0,3,0,26,1,1,pre_allocation
64,8516,greenran_normal,0,0,65535_65535,2,58,5119743,25,1,1,1,4,25,26,1,1,allocated
64,8516,greenran_normal,0,0,65535_65535,2,44,5119670,19,1,1,0,3,0,28,1,1,pre_allocation
64,8516,greenran_normal,0,0,65535_65535,2,44,5119670,27,1,1,1,4,27,28,1,1,allocated
64,8516,greenran_normal,0,0,65535_65535,2,55,5119670,19,1,1,0,3,0,28,1,1,pre_allocation
64,8516,greenran_normal,0,0,65535_65535,2,55,5119670,27,1,1,1,4,27,28,1,1,allocated
64,8516,greenran_normal,0,0,65535_65535,2,56,5119670,19,1,1,0,3,0,28,1,1,pre_allocation
64,8516,greenran_normal,0,0,65535_65535,2,56,5119670,27,1,1,1,4,27,28,1,1,allocated
64,8516,greenran_normal,0,0,65535_65535,2,57,5119670,19,1,1,0,3,0,28,1,1,pre_allocation
64,8516,greenran_normal,0,0,65535_65535,2,57,5119670,27,1,1,1,4,27,28,1,1,allocated
64,8516,greenran_normal,0,0,65535_65535,2,40,5119672,19,1,1,0,3,0,28,1,1,pre_allocation
64,8516,greenran_normal,0,0,65535_65535,2,40,5119672,27,1,1,1,4,27,28,1,1,allocated
64,8516,greenran_normal,0,0,65535_65535,2,41,5119672,19,1,1,0,3,0,28,1,1,pre_allocation
64,8516,greenran_normal,0,0,65535_65535,2,41,5119672,27,1,1,1,4,27,28,1,1,allocated
64,8516,greenran_normal,0,0,65535_65535,2,61,5119669,19,1,1,0,3,0,28,1,1,pre_allocation
64,8516,greenran_normal,0,0,65535_65535,2,61,5119669,27,1,1,1,4,27,28,1,1,allocated
64,8516,greenran_normal,0,0,65535_65535,2,62,5119668,19,1,1,0,3,0,28,1,1,pre_allocation
64,8516,greenran_normal,0,0,65535_65535,2,62,5119668,27,1,1,1,4,27,28,1,1,allocated
64,8516,greenran_normal,0,0,65535_65535,2,63,5119667,19,1,1,0,3,0,28,1,1,pre_allocation
64,8516,greenran_normal,0,0,65535_65535,2,63,5119667,27,1,1,1,4,27,28,1,1,allocated
64,8516,greenran_normal,0,0,65535_65535,2,37,5119665,19,1,1,0,3,0,28,1,1,pre_allocation
64,8516,greenran_normal,0,0,65535_65535,2,37,5119665,27,1,1,1,4,27,28,1,1,allocated
64,8516,greenran_normal,0,0,65535_65535,2,39,5119667,19,1,1,0,3,0,28,1,1,pre_allocation
64,8516,greenran_normal,0,0,65535_65535,2,39,5119667,27,1,1,1,4,27,28,1,1,allocated
64,8516,greenran_normal,0,0,65535_65535,2,35,5119662,19,1,1,0,3,0,28,1,1,pre_allocation
64,8516,greenran_normal,0,0,65535_65535,2,35,5119662,27,1,1,1,4,27,28,1,1,allocated
64,8516,greenran_normal,0,0,65535_65535,2,38,5122130,1,1,1,0,4,0,2,1,1,pre_allocation
64,8516,greenran_normal,0,0,65535_65535,2,38,5122130,1,1,1,1,5,1,2,1,1,allocated
64,8516,greenran_normal,0,0,65535_65535,2,60,5121833,8,1,1,0,4,0,15,1,1,pre_allocation
64,8516,greenran_normal,0,0,65535_65535,2,60,5121833,11,1,1,1,5,11,15,1,1,allocated
64,8516,greenran_normal,0,0,65535_65535,2,64,5121469,10,1,1,0,4,0,16,1,1,pre_allocation
64,8516,greenran_normal,0,0,65535_65535,2,64,5121469,13,1,1,1,5,13,16,1,1,allocated
64,8516,greenran_normal,0,0,65535_65535,2,43,5120864,15,1,1,0,4,0,20,1,1,pre_allocation
64,8516,greenran_normal,0,0,65535_65535,2,43,5120864,19,1,1,1,5,19,20,1,1,allocated
64,8516,greenran_normal,0,0,65535_65535,2,42,5120201,21,1,1,0,4,0,24,1,1,pre_allocation
64,8516,greenran_normal,0,0,65535_65535,2,42,5120201,27,1,1,1,5,27,24,1,1,allocated
64,8516,greenran_normal,0,0,65535_65535,2,59,5119756,21,1,1,0,4,0,24,1,1,pre_allocation
64,8516,greenran_normal,0,0,65535_65535,2,59,5119756,27,1,1,1,5,27,24,1,1,allocated
64,8516,greenran_normal,0,0,65535_65535,2,36,5119722,27,1,1,0,4,0,28,1,1,pre_allocation
64,8516,greenran_normal,0,0,65535_65535,2,36,5119722,34,1,1,1,5,34,28,1,1,allocated
64,8516,greenran_normal,0,0,65535_65535,2,58,5119743,25,1,1,0,4,0,26,1,1,pre_allocation
64,8516,greenran_normal,0,0,65535_65535,2,58,5119743,32,1,1,1,5,32,26,1,1,allocated
64,8516,greenran_normal,0,0,65535_65535,2,44,5119670,27,1,1,0,4,0,28,1,1,pre_allocation
64,8516,greenran_normal,0,0,65535_65535,2,44,5119670,34,1,1,1,5,34,28,1,1,allocated
64,8516,greenran_normal,0,0,65535_65535,2,55,5119670,27,1,1,0,4,0,28,1,1,pre_allocation
64,8516,greenran_normal,0,0,65535_65535,2,55,5119670,34,1,1,1,5,34,28,1,1,allocated
64,8516,greenran_normal,0,0,65535_65535,2,56,5119670,27,1,1,0,4,0,28,1,1,pre_allocation
64,8516,greenran_normal,0,0,65535_65535,2,56,5119670,34,1,1,1,5,34,28,1,1,allocated
64,8516,greenran_normal,0,0,65535_65535,2,57,5119670,27,1,1,0,4,0,28,1,1,pre_allocation
64,8516,greenran_normal,0,0,65535_65535,2,57,5119670,34,1,1,1,5,34,28,1,1,allocated
64,8516,greenran_normal,0,0,65535_65535,2,40,5119672,27,1,1,0,4,0,28,1,1,pre_allocation
64,8516,greenran_normal,0,0,65535_65535,2,40,5119672,34,1,1,1,5,34,28,1,1,allocated
64,8516,greenran_normal,0,0,65535_65535,2,41,5119672,27,1,1,0,4,0,28,1,1,pre_allocation
64,8516,greenran_normal,0,0,65535_65535,2,41,5119672,34,1,1,1,5,34,28,1,1,allocated
64,8516,greenran_normal,0,0,65535_65535,2,61,5119669,27,1,1,0,4,0,28,1,1,pre_allocation
64,8516,greenran_normal,0,0,65535_65535,2,61,5119669,34,1,1,1,5,34,28,1,1,allocated
64,8516,greenran_normal,0,0,65535_65535,2,62,5119668,27,1,1,0,4,0,28,1,1,pre_allocation
64,8516,greenran_normal,0,0,65535_65535,2,62,5119668,34,1,1,1,5,34,28,1,1,allocated
64,8516,greenran_normal,0,0,65535_65535,2,63,5119667,27,1,1,0,4,0,28,1,1,pre_allocation
64,8516,greenran_normal,0,0,65535_65535,2,63,5119667,34,1,1,1,5,34,28,1,1,allocated
64,8516,greenran_normal,0,0,65535_65535,2,37,5119665,27,1,1,0,4,0,28,1,1,pre_allocation
64,8516,greenran_normal,0,0,65535_65535,2,37,5119665,34,1,1,1,5,34,28,1,1,allocated
64,8516,greenran_normal,0,0,65535_65535,2,39,5119667,27,1,1,0,4,0,28,1,1,pre_allocation
64,8516,greenran_normal,0,0,65535_65535,2,39,5119667,34,1,1,1,5,34,28,1,1,allocated
64,8516,greenran_normal,0,0,65535_65535,2,35,5119662,27,1,1,0,4,0,28,1,1,pre_allocation
64,8516,greenran_normal,0,0,65535_65535,2,35,5119662,34,1,1,1,5,34,28,1,1,allocated
64,8516,greenran_normal,0,0,65535_65535,2,38,5122130,1,1,1,0,5,0,2,1,1,pre_allocation
64,8516,greenran_normal,0,0,65535_65535,2,38,5122130,1,1,1,1,6,1,2,1,1,allocated
64,8516,greenran_normal,0,0,65535_65535,2,60,5121833,11,1,1,0,5,0,15,1,1,pre_allocation
64,8516,greenran_normal,0,0,65535_65535,2,60,5121833,14,1,1,1,6,14,15,1,1,allocated
64,8516,greenran_normal,0,0,65535_65535,2,64,5121469,13,1,1,0,5,0,16,1,1,pre_allocation
64,8516,greenran_normal,0,0,65535_65535,2,64,5121469,16,1,1,1,6,16,16,1,1,allocated
64,8516,greenran_normal,0,0,65535_65535,2,43,5120864,19,1,1,0,5,0,20,1,1,pre_allocation
64,8516,greenran_normal,0,0,65535_65535,2,43,5120864,24,1,1,1,6,24,20,1,1,allocated
64,8516,greenran_normal,0,0,65535_65535,2,42,5120201,27,1,1,0,5,0,24,1,1,pre_allocation
64,8516,greenran_normal,0,0,65535_65535,2,42,5120201,34,1,1,1,6,34,24,1,1,allocated
64,8516,greenran_normal,0,0,65535_65535,2,59,5119756,27,1,1,0,5,0,24,1,1,pre_allocation
64,8516,greenran_normal,0,0,65535_65535,2,59,5119756,34,1,1,1,6,34,24,1,1,allocated
64,8516,greenran_normal,0,0,65535_65535,2,36,5119722,34,1,1,0,5,0,28,1,1,pre_allocation
64,8516,greenran_normal,0,0,65535_65535,2,36,5119722,42,1,1,1,6,42,28,1,1,allocated
64,8516,greenran_normal,0,0,65535_65535,2,58,5119743,32,1,1,0,5,0,26,1,1,pre_allocation
64,8516,greenran_normal,0,0,65535_65535,2,58,5119743,39,1,1,1,6,39,26,1,1,allocated
64,8516,greenran_normal,0,0,65535_65535,2,44,5119670,34,1,1,0,5,0,28,1,1,pre_allocation
64,8516,greenran_normal,0,0,65535_65535,2,44,5119670,42,1,1,1,6,42,28,1,1,allocated
64,8516,greenran_normal,0,0,65535_65535,2,55,5119670,34,1,1,0,5,0,28,1,1,pre_allocation
64,8516,greenran_normal,0,0,65535_65535,2,55,5119670,42,1,1,1,6,42,28,1,1,allocated
64,8516,greenran_normal,0,0,65535_65535,2,56,5119670,34,1,1,0,5,0,28,1,1,pre_allocation
64,8516,greenran_normal,0,0,65535_65535,2,56,5119670,42,1,1,1,6,42,28,1,1,allocated
64,8516,greenran_normal,0,0,65535_65535,2,57,5119670,34,1,1,0,5,0,28,1,1,pre_allocation
64,8516,greenran_normal,0,0,65535_65535,2,57,5119670,42,1,1,1,6,42,28,1,1,allocated
64,8516,greenran_normal,0,0,65535_65535,2,40,5119672,34,1,1,0,5,0,28,1,1,pre_allocation
64,8516,greenran_normal,0,0,65535_65535,2,40,5119672,42,1,1,1,6,42,28,1,1,allocated
64,8516,greenran_normal,0,0,65535_65535,2,41,5119672,34,1,1,0,5,0,28,1,1,pre_allocation
64,8516,greenran_normal,0,0,65535_65535,2,41,5119672,42,1,1,1,6,42,28,1,1,allocated
64,8516,greenran_normal,0,0,65535_65535,2,61,5119669,34,1,1,0,5,0,28,1,1,pre_allocation
64,8516,greenran_normal,0,0,65535_65535,2,61,5119669,42,1,1,1,6,42,28,1,1,allocated
64,8516,greenran_normal,0,0,65535_65535,2,62,5119668,34,1,1,0,5,0,28,1,1,pre_allocation
64,8516,greenran_normal,0,0,65535_65535,2,62,5119668,42,1,1,1,6,42,28,1,1,allocated
64,8516,greenran_normal,0,0,65535_65535,2,63,5119667,34,1,1,0,5,0,28,1,1,pre_allocation
64,8516,greenran_normal,0,0,65535_65535,2,63,5119667,42,1,1,1,6,42,28,1,1,allocated
64,8516,greenran_normal,0,0,65535_65535,2,37,5119665,34,1,1,0,5,0,28,1,1,pre_allocation
64,8516,greenran_normal,0,0,65535_65535,2,37,5119665,42,1,1,1,6,42,28,1,1,allocated
64,8516,greenran_normal,0,0,65535_65535,2,39,5119667,34,1,1,0,5,0,28,1,1,pre_allocation
64,8516,greenran_normal,0,0,65535_65535,2,39,5119667,42,1,1,1,6,42,28,1,1,allocated
64,8516,greenran_normal,0,0,65535_65535,2,35,5119662,34,1,1,0,5,0,28,1,1,pre_allocation
64,8516,greenran_normal,0,0,65535_65535,2,35,5119662,42,1,1,1,6,42,28,1,1,allocated
64,8516,greenran_normal,0,0,65535_65535,2,38,5122130,1,1,1,0,6,0,2,1,1,pre_allocation
64,8516,greenran_normal,0,0,65535_65535,2,38,5122130,2,1,1,1,7,2,2,1,1,allocated
64,8516,greenran_normal,0,0,65535_65535,2,60,5121833,14,1,1,0,6,0,15,1,1,pre_allocation
64,8516,greenran_normal,0,0,65535_65535,2,60,5121833,17,1,1,1,7,17,15,1,1,allocated
64,8516,greenran_normal,0,0,65535_65535,2,64,5121469,16,1,1,0,6,0,16,1,1,pre_allocation
64,8516,greenran_normal,0,0,65535_65535,2,64,5121469,20,1,1,1,7,20,16,1,1,allocated
64,8516,greenran_normal,0,0,65535_65535,2,43,5120864,24,1,1,0,6,0,20,1,1,pre_allocation
64,8516,greenran_normal,0,0,65535_65535,2,43,5120864,28,1,1,1,7,28,20,1,1,allocated
64,8516,greenran_normal,0,0,65535_65535,2,42,5120201,34,1,1,0,6,0,24,1,1,pre_allocation
64,8516,greenran_normal,0,0,65535_65535,2,42,5120201,40,1,1,1,7,40,24,1,1,allocated
64,8516,greenran_normal,0,0,65535_65535,2,59,5119756,34,1,1,0,6,0,24,1,1,pre_allocation
64,8516,greenran_normal,0,0,65535_65535,2,59,5119756,40,1,1,1,7,40,24,1,1,allocated
64,8516,greenran_normal,0,0,65535_65535,2,36,5119722,42,1,1,0,6,0,28,1,1,pre_allocation
64,8516,greenran_normal,0,0,65535_65535,2,36,5119722,50,1,1,1,7,50,28,1,1,allocated
64,8516,greenran_normal,0,0,65535_65535,2,58,5119743,39,1,1,0,6,0,26,1,1,pre_allocation
64,8516,greenran_normal,0,0,65535_65535,2,58,5119743,46,1,1,1,7,46,26,1,1,allocated
64,8516,greenran_normal,0,0,65535_65535,2,44,5119670,42,1,1,0,6,0,28,1,1,pre_allocation
64,8516,greenran_normal,0,0,65535_65535,2,44,5119670,50,1,1,1,7,50,28,1,1,allocated
64,8516,greenran_normal,0,0,65535_65535,2,55,5119670,42,1,1,0,6,0,28,1,1,pre_allocation
64,8516,greenran_normal,0,0,65535_65535,2,55,5119670,50,1,1,1,7,50,28,1,1,allocated
64,8516,greenran_normal,0,0,65535_65535,2,56,5119670,42,1,1,0,6,0,28,1,1,pre_allocation
64,8516,greenran_normal,0,0,65535_65535,2,56,5119670,50,1,1,1,7,50,28,1,1,allocated
64,8516,greenran_normal,0,0,65535_65535,2,57,5119670,42,1,1,0,6,0,28,1,1,pre_allocation
64,8516,greenran_normal,0,0,65535_65535,2,57,5119670,50,1,1,1,7,50,28,1,1,allocated
64,8516,greenran_normal,0,0,65535_65535,2,40,5119672,42,1,1,0,6,0,28,1,1,pre_allocation
64,8516,greenran_normal,0,0,65535_65535,2,40,5119672,50,1,1,1,7,50,28,1,1,allocated
64,8516,greenran_normal,0,0,65535_65535,2,41,5119672,42,1,1,0,6,0,28,1,1,pre_allocation
64,8516,greenran_normal,0,0,65535_65535,2,41,5119672,50,1,1,1,7,50,28,1,1,allocated
64,8516,greenran_normal,0,0,65535_65535,2,61,5119669,42,1,1,0,6,0,28,1,1,pre_allocation
64,8516,greenran_normal,0,0,65535_65535,2,61,5119669,50,1,1,1,7,50,28,1,1,allocated
64,8516,greenran_normal,0,0,65535_65535,2,62,5119668,42,1,1,0,6,0,28,1,1,pre_allocation
64,8516,greenran_normal,0,0,65535_65535,2,62,5119668,50,1,1,1,7,50,28,1,1,allocated
64,8516,greenran_normal,0,0,65535_65535,2,63,5119667,42,1,1,0,6,0,28,1,1,pre_allocation
64,8516,greenran_normal,0,0,65535_65535,2,63,5119667,50,1,1,1,7,50,28,1,1,allocated
64,8516,greenran_normal,0,0,65535_65535,2,37,5119665,42,1,1,0,6,0,28,1,1,pre_allocation
64,8516,greenran_normal,0,0,65535_65535,2,37,5119665,50,1,1,1,7,50,28,1,1,allocated
64,8516,greenran_normal,0,0,65535_65535,2,39,5119667,42,1,1,0,6,0,28,1,1,pre_allocation
64,8516,greenran_normal,0,0,65535_65535,2,39,5119667,50,1,1,1,7,50,28,1,1,allocated
64,8516,greenran_normal,0,0,65535_65535,2,35,5119662,42,1,1,0,6,0,28,1,1,pre_allocation
64,8516,greenran_normal,0,0,65535_65535,2,35,5119662,50,1,1,1,7,50,28,1,1,allocated
64,8516,greenran_normal,0,0,65535_65535,2,38,5122130,2,1,1,0,7,0,2,1,1,pre_allocation
64,8516,greenran_normal,0,0,65535_65535,2,38,5122130,2,1,1,1,8,2,2,1,1,allocated
64,8516,greenran_normal,0,0,65535_65535,2,60,5121833,17,1,1,0,7,0,15,1,1,pre_allocation
64,8516,greenran_normal,0,0,65535_65535,2,60,5121833,20,1,1,1,8,20,15,1,1,allocated
64,8516,greenran_normal,0,0,65535_65535,2,64,5121469,20,1,1,0,7,0,16,1,1,pre_allocation
64,8516,greenran_normal,0,0,65535_65535,2,64,5121469,23,1,1,1,8,23,16,1,1,allocated
64,8516,greenran_normal,0,0,65535_65535,2,43,5120864,28,1,1,0,7,0,20,1,1,pre_allocation
64,8516,greenran_normal,0,0,65535_65535,2,43,5120864,33,1,1,1,8,33,20,1,1,allocated
64,8516,greenran_normal,0,0,65535_65535,2,42,5120201,40,1,1,0,7,0,24,1,1,pre_allocation
64,8516,greenran_normal,0,0,65535_65535,2,42,5120201,46,1,1,1,8,46,24,1,1,allocated
64,8516,greenran_normal,0,0,65535_65535,2,59,5119756,40,1,1,0,7,0,24,1,1,pre_allocation
64,8516,greenran_normal,0,0,65535_65535,2,59,5119756,46,1,1,1,8,46,24,1,1,allocated
64,8516,greenran_normal,0,0,65535_65535,2,36,5119722,50,1,1,0,7,0,28,1,1,pre_allocation
64,8516,greenran_normal,0,0,65535_65535,2,36,5119722,57,1,1,1,8,57,28,1,1,allocated
64,8516,greenran_normal,0,0,65535_65535,2,58,5119743,46,1,1,0,7,0,26,1,1,pre_allocation
64,8516,greenran_normal,0,0,65535_65535,2,58,5119743,53,1,1,1,8,53,26,1,1,allocated
64,8516,greenran_normal,0,0,65535_65535,2,44,5119670,50,1,1,0,7,0,28,1,1,pre_allocation
64,8516,greenran_normal,0,0,65535_65535,2,44,5119670,57,1,1,1,8,57,28,1,1,allocated
64,8516,greenran_normal,0,0,65535_65535,2,55,5119670,50,1,1,0,7,0,28,1,1,pre_allocation
64,8516,greenran_normal,0,0,65535_65535,2,55,5119670,57,1,1,1,8,57,28,1,1,allocated
64,8516,greenran_normal,0,0,65535_65535,2,56,5119670,50,1,1,0,7,0,28,1,1,pre_allocation
64,8516,greenran_normal,0,0,65535_65535,2,56,5119670,57,1,1,1,8,57,28,1,1,allocated
64,8516,greenran_normal,0,0,65535_65535,2,57,5119670,50,1,1,0,7,0,28,1,1,pre_allocation
64,8516,greenran_normal,0,0,65535_65535,2,57,5119670,57,1,1,1,8,57,28,1,1,allocated
64,8516,greenran_normal,0,0,65535_65535,2,40,5119672,50,1,1,0,7,0,28,1,1,pre_allocation
64,8516,greenran_normal,0,0,65535_65535,2,40,5119672,57,1,1,1,8,57,28,1,1,allocated
64,8516,greenran_normal,0,0,65535_65535,2,41,5119672,50,1,1,0,7,0,28,1,1,pre_allocation
64,8516,greenran_normal,0,0,65535_65535,2,41,5119672,57,1,1,1,8,57,28,1,1,allocated
64,8516,greenran_normal,0,0,65535_65535,2,61,5119669,50,1,1,0,7,0,28,1,1,pre_allocation
64,8516,greenran_normal,0,0,65535_65535,2,61,5119669,57,1,1,1,8,57,28,1,1,allocated
64,8516,greenran_normal,0,0,65535_65535,2,62,5119668,50,1,1,0,7,0,28,1,1,pre_allocation
64,8516,greenran_normal,0,0,65535_65535,2,62,5119668,57,1,1,1,8,57,28,1,1,allocated
64,8516,greenran_normal,0,0,65535_65535,2,63,5119667,50,1,1,0,7,0,28,1,1,pre_allocation
64,8516,greenran_normal,0,0,65535_65535,2,63,5119667,57,1,1,1,8,57,28,1,1,allocated
64,8516,greenran_normal,0,0,65535_65535,2,37,5119665,50,1,1,0,7,0,28,1,1,pre_allocation
64,8516,greenran_normal,0,0,65535_65535,2,37,5119665,57,1,1,1,8,57,28,1,1,allocated
64,8516,greenran_normal,0,0,65535_65535,2,39,5119667,50,1,1,0,7,0,28,1,1,pre_allocation
64,8516,greenran_normal,0,0,65535_65535,2,39,5119667,57,1,1,1,8,57,28,1,1,allocated
64,8516,greenran_normal,0,0,65535_65535,2,35,5119662,50,1,1,0,7,0,28,1,1,pre_allocation
64,8516,greenran_normal,0,0,65535_65535,2,35,5119662,57,1,1,1,8,57,28,1,1,allocated
64,8516,greenran_normal,0,0,65535_65535,2,38,5122130,2,1,1,0,8,0,2,1,1,pre_allocation
64,8516,greenran_normal,0,0,65535_65535,2,38,5122130,2,1,1,1,9,2,2,1,1,allocated
64,8516,greenran_normal,0,0,65535_65535,2,60,5121833,20,1,1,0,8,0,15,1,1,pre_allocation
64,8516,greenran_normal,0,0,65535_65535,2,60,5121833,23,1,1,1,9,23,15,1,1,allocated
64,8516,greenran_normal,0,0,65535_65535,2,64,5121469,23,1,1,0,8,0,16,1,1,pre_allocation
64,8516,greenran_normal,0,0,65535_65535,2,64,5121469,26,1,1,1,9,26,16,1,1,allocated
64,8516,greenran_normal,0,0,65535_65535,2,43,5120864,33,1,1,0,8,0,20,1,1,pre_allocation
64,8516,greenran_normal,0,0,65535_65535,2,43,5120864,37,1,1,1,9,37,20,1,1,allocated
64,8516,greenran_normal,0,0,65535_65535,2,42,5120201,46,1,1,0,8,0,24,1,1,pre_allocation
64,8516,greenran_normal,0,0,65535_65535,2,42,5120201,52,1,1,1,9,52,24,1,1,allocated
64,8516,greenran_normal,0,0,65535_65535,2,59,5119756,46,1,1,0,8,0,24,1,1,pre_allocation
64,8516,greenran_normal,0,0,65535_65535,2,59,5119756,52,1,1,1,9,52,24,1,1,allocated
64,8516,greenran_normal,0,0,65535_65535,2,36,5119722,57,1,1,0,8,0,28,1,1,pre_allocation
64,8516,greenran_normal,0,0,65535_65535,2,36,5119722,65,1,1,1,9,65,28,1,1,allocated
64,8516,greenran_normal,0,0,65535_65535,2,58,5119743,53,1,1,0,8,0,26,1,1,pre_allocation
64,8516,greenran_normal,0,0,65535_65535,2,58,5119743,60,1,1,1,9,60,26,1,1,allocated
64,8516,greenran_normal,0,0,65535_65535,2,44,5119670,57,1,1,0,8,0,28,1,1,pre_allocation
64,8516,greenran_normal,0,0,65535_65535,2,44,5119670,65,1,1,1,9,65,28,1,1,allocated
64,8516,greenran_normal,0,0,65535_65535,2,55,5119670,57,1,1,0,8,0,28,1,1,pre_allocation
64,8516,greenran_normal,0,0,65535_65535,2,55,5119670,65,1,1,1,9,65,28,1,1,allocated
64,8516,greenran_normal,0,0,65535_65535,2,56,5119670,57,1,1,0,8,0,28,1,1,pre_allocation
64,8516,greenran_normal,0,0,65535_65535,2,56,5119670,65,1,1,1,9,65,28,1,1,allocated
64,8516,greenran_normal,0,0,65535_65535,2,57,5119670,57,1,1,0,8,0,28,1,1,pre_allocation
64,8516,greenran_normal,0,0,65535_65535,2,57,5119670,65,1,1,1,9,65,28,1,1,allocated
65,9156,greenran_normal,0,0,65535_65535,0,4,173404,0,1,1,0,0,0,22,1,1,pre_allocation
65,9156,greenran_normal,0,0,65535_65535,0,4,173404,2,1,1,1,1,2,22,1,1,allocated
65,9156,greenran_normal,0,0,65535_65535,0,2,170666,0,1,1,0,0,0,28,1,1,pre_allocation
65,9156,greenran_normal,0,0,65535_65535,0,2,170666,4,1,1,1,1,4,28,1,1,allocated
65,9156,greenran_normal,0,0,65535_65535,0,5,170656,0,1,1,0,0,0,28,1,1,pre_allocation
65,9156,greenran_normal,0,0,65535_65535,0,5,170656,4,1,1,1,1,4,28,1,1,allocated
65,9156,greenran_normal,0,0,65535_65535,0,1,170659,0,1,1,0,0,0,28,1,1,pre_allocation
65,9156,greenran_normal,0,0,65535_65535,0,1,170659,4,1,1,1,1,4,28,1,1,allocated
65,9156,greenran_normal,0,0,65535_65535,0,3,170654,0,1,1,0,0,0,28,1,1,pre_allocation
65,9156,greenran_normal,0,0,65535_65535,0,3,170654,4,1,1,1,1,4,28,1,1,allocated
65,9156,greenran_normal,0,0,65535_65535,0,4,173404,2,1,1,0,1,0,22,1,1,pre_allocation
65,9156,greenran_normal,0,0,65535_65535,0,4,173404,7,1,1,1,2,7,22,1,1,allocated
65,9156,greenran_normal,0,0,65535_65535,0,2,170666,4,1,1,0,1,0,28,1,1,pre_allocation
65,9156,greenran_normal,0,0,65535_65535,0,2,170666,12,1,1,1,2,12,28,1,1,allocated
65,9156,greenran_normal,0,0,65535_65535,0,5,170656,4,1,1,0,1,0,28,1,1,pre_allocation
65,9156,greenran_normal,0,0,65535_65535,0,5,170656,12,1,1,1,2,12,28,1,1,allocated
65,9156,greenran_normal,0,0,65535_65535,0,1,170659,4,1,1,0,1,0,28,1,1,pre_allocation
65,9156,greenran_normal,0,0,65535_65535,0,1,170659,12,1,1,1,2,12,28,1,1,allocated
65,9156,greenran_normal,0,0,65535_65535,0,3,170654,4,1,1,0,1,0,28,1,1,pre_allocation
65,9156,greenran_normal,0,0,65535_65535,0,3,170654,12,1,1,1,2,12,28,1,1,allocated
65,9156,greenran_normal,0,0,65535_65535,0,4,173404,7,1,1,0,2,0,22,1,1,pre_allocation
65,9156,greenran_normal,0,0,65535_65535,0,4,173404,13,1,1,1,3,13,22,1,1,allocated
65,9156,greenran_normal,0,0,65535_65535,0,2,170666,12,1,1,0,2,0,28,1,1,pre_allocation
65,9156,greenran_normal,0,0,65535_65535,0,2,170666,19,1,1,1,3,19,28,1,1,allocated
65,9156,greenran_normal,0,0,65535_65535,0,5,170656,12,1,1,0,2,0,28,1,1,pre_allocation
65,9156,greenran_normal,0,0,65535_65535,0,5,170656,19,1,1,1,3,19,28,1,1,allocated
65,9156,greenran_normal,0,0,65535_65535,0,1,170659,12,1,1,0,2,0,28,1,1,pre_allocation
65,9156,greenran_normal,0,0,65535_65535,0,1,170659,19,1,1,1,3,19,28,1,1,allocated
65,9156,greenran_normal,0,0,65535_65535,0,3,170654,12,1,1,0,2,0,28,1,1,pre_allocation
65,9156,greenran_normal,0,0,65535_65535,0,3,170654,19,1,1,1,3,19,28,1,1,allocated
65,9156,greenran_normal,0,0,65535_65535,0,4,173404,13,1,1,0,3,0,22,1,1,pre_allocation
65,9156,greenran_normal,0,0,65535_65535,0,4,173404,18,1,1,1,4,18,22,1,1,allocated
65,9156,greenran_normal,0,0,65535_65535,0,2,170666,19,1,1,0,3,0,28,1,1,pre_allocation
65,9156,greenran_normal,0,0,65535_65535,0,2,170666,27,1,1,1,4,27,28,1,1,allocated
65,9156,greenran_normal,0,0,65535_65535,0,5,170656,19,1,1,0,3,0,28,1,1,pre_allocation
65,9156,greenran_normal,0,0,65535_65535,0,5,170656,27,1,1,1,4,27,28,1,1,allocated
65,9156,greenran_normal,0,0,65535_65535,0,1,170659,19,1,1,0,3,0,28,1,1,pre_allocation
65,9156,greenran_normal,0,0,65535_65535,0,1,170659,27,1,1,1,4,27,28,1,1,allocated
65,9156,greenran_normal,0,0,65535_65535,0,3,170654,19,1,1,0,3,0,28,1,1,pre_allocation
65,9156,greenran_normal,0,0,65535_65535,0,3,170654,27,1,1,1,4,27,28,1,1,allocated
65,9156,greenran_normal,0,0,65535_65535,0,4,173404,18,1,1,0,4,0,22,1,1,pre_allocation
65,9156,greenran_normal,0,0,65535_65535,0,4,173404,23,1,1,1,5,23,22,1,1,allocated
65,9156,greenran_normal,0,0,65535_65535,0,2,170666,27,1,1,0,4,0,28,1,1,pre_allocation
65,9156,greenran_normal,0,0,65535_65535,0,2,170666,34,1,1,1,5,34,28,1,1,allocated
65,9156,greenran_normal,0,0,65535_65535,0,5,170656,27,1,1,0,4,0,28,1,1,pre_allocation
65,9156,greenran_normal,0,0,65535_65535,0,5,170656,34,1,1,1,5,34,28,1,1,allocated
65,9156,greenran_normal,0,0,65535_65535,0,1,170659,27,1,1,0,4,0,28,1,1,pre_allocation
65,9156,greenran_normal,0,0,65535_65535,0,1,170659,34,1,1,1,5,34,28,1,1,allocated
65,9156,greenran_normal,0,0,65535_65535,0,3,170654,27,1,1,0,4,0,28,1,1,pre_allocation
65,9156,greenran_normal,0,0,65535_65535,0,3,170654,34,1,1,1,5,34,28,1,1,allocated
65,9156,greenran_normal,0,0,65535_65535,0,4,173404,23,1,1,0,5,0,22,1,1,pre_allocation
65,9156,greenran_normal,0,0,65535_65535,0,4,173404,29,1,1,1,6,29,22,1,1,allocated
65,9156,greenran_normal,0,0,65535_65535,0,2,170666,34,1,1,0,5,0,28,1,1,pre_allocation
65,9156,greenran_normal,0,0,65535_65535,0,2,170666,42,1,1,1,6,42,28,1,1,allocated
65,9156,greenran_normal,0,0,65535_65535,0,5,170656,34,1,1,0,5,0,28,1,1,pre_allocation
65,9156,greenran_normal,0,0,65535_65535,0,5,170656,42,1,1,1,6,42,28,1,1,allocated
65,9156,greenran_normal,0,0,65535_65535,0,1,170659,34,1,1,0,5,0,28,1,1,pre_allocation
65,9156,greenran_normal,0,0,65535_65535,0,1,170659,42,1,1,1,6,42,28,1,1,allocated
65,9156,greenran_normal,0,0,65535_65535,0,3,170654,34,1,1,0,5,0,28,1,1,pre_allocation
65,9156,greenran_normal,0,0,65535_65535,0,3,170654,42,1,1,1,6,42,28,1,1,allocated
65,9156,greenran_normal,0,0,65535_65535,0,4,173404,29,1,1,0,6,0,22,1,1,pre_allocation
65,9156,greenran_normal,0,0,65535_65535,0,4,173404,34,1,1,1,7,34,22,1,1,allocated
65,9156,greenran_normal,0,0,65535_65535,0,2,170666,42,1,1,0,6,0,28,1,1,pre_allocation
65,9156,greenran_normal,0,0,65535_65535,0,2,170666,50,1,1,1,7,50,28,1,1,allocated
65,9156,greenran_normal,0,0,65535_65535,0,5,170656,42,1,1,0,6,0,28,1,1,pre_allocation
65,9156,greenran_normal,0,0,65535_65535,0,5,170656,50,1,1,1,7,50,28,1,1,allocated
65,9156,greenran_normal,0,0,65535_65535,0,1,170659,42,1,1,0,6,0,28,1,1,pre_allocation
65,9156,greenran_normal,0,0,65535_65535,0,1,170659,50,1,1,1,7,50,28,1,1,allocated
65,9156,greenran_normal,0,0,65535_65535,0,3,170654,42,1,1,0,6,0,28,1,1,pre_allocation
65,9156,greenran_normal,0,0,65535_65535,0,3,170654,50,1,1,1,7,50,28,1,1,allocated
65,9156,greenran_normal,0,0,65535_65535,0,4,173404,34,1,1,0,7,0,22,1,1,pre_allocation
65,9156,greenran_normal,0,0,65535_65535,0,4,173404,39,1,1,1,8,39,22,1,1,allocated
65,9156,greenran_normal,0,0,65535_65535,0,2,170666,50,1,1,0,7,0,28,1,1,pre_allocation
65,9156,greenran_normal,0,0,65535_65535,0,2,170666,57,1,1,1,8,57,28,1,1,allocated
65,9156,greenran_normal,0,0,65535_65535,0,5,170656,50,1,1,0,7,0,28,1,1,pre_allocation
65,9156,greenran_normal,0,0,65535_65535,0,5,170656,57,1,1,1,8,57,28,1,1,allocated
65,9156,greenran_normal,0,0,65535_65535,0,1,170659,50,1,1,0,7,0,28,1,1,pre_allocation
65,9156,greenran_normal,0,0,65535_65535,0,1,170659,57,1,1,1,8,57,28,1,1,allocated
65,9156,greenran_normal,0,0,65535_65535,0,3,170654,50,1,1,0,7,0,28,1,1,pre_allocation
65,9156,greenran_normal,0,0,65535_65535,0,3,170654,57,1,1,1,8,57,28,1,1,allocated
65,9156,greenran_normal,0,0,65535_65535,0,4,173404,39,1,1,0,8,0,22,1,1,pre_allocation
65,9156,greenran_normal,0,0,65535_65535,0,4,173404,45,1,1,1,9,45,22,1,1,allocated
65,9156,greenran_normal,0,0,65535_65535,0,2,170666,57,1,1,0,8,0,28,1,1,pre_allocation
65,9156,greenran_normal,0,0,65535_65535,0,2,170666,65,1,1,1,9,65,28,1,1,allocated
65,9156,greenran_normal,0,0,65535_65535,0,5,170656,57,1,1,0,8,0,28,1,1,pre_allocation
65,9156,greenran_normal,0,0,65535_65535,0,5,170656,65,1,1,1,9,65,28,1,1,allocated
65,9156,greenran_normal,0,0,65535_65535,0,1,170659,57,1,1,0,8,0,28,1,1,pre_allocation
65,9156,greenran_normal,0,0,65535_65535,0,1,170659,65,1,1,1,9,65,28,1,1,allocated
65,9156,greenran_normal,0,0,65535_65535,0,3,170654,57,1,1,0,8,0,28,1,1,pre_allocation
65,9156,greenran_normal,0,0,65535_65535,0,3,170654,65,1,1,1,9,65,28,1,1,allocated
65,9156,greenran_normal,0,0,65535_65535,0,4,173404,45,1,1,0,9,0,22,1,1,pre_allocation
65,9156,greenran_normal,0,0,65535_65535,0,4,173404,50,1,1,1,10,50,22,1,1,allocated
65,9156,greenran_normal,0,0,65535_65535,0,2,170666,65,1,1,0,9,0,28,1,1,pre_allocation
65,9156,greenran_normal,0,0,65535_65535,0,2,170666,72,1,1,1,10,72,28,1,1,allocated
65,9156,greenran_normal,0,0,65535_65535,0,5,170656,65,1,1,0,9,0,28,1,1,pre_allocation
65,9156,greenran_normal,0,0,65535_65535,0,5,170656,72,1,1,1,10,72,28,1,1,allocated
65,9156,greenran_normal,0,0,65535_65535,0,1,170659,65,1,1,0,9,0,28,1,1,pre_allocation
65,9156,greenran_normal,0,0,65535_65535,0,1,170659,72,1,1,1,10,72,28,1,1,allocated
65,9156,greenran_normal,0,0,65535_65535,0,3,170654,65,1,1,0,9,0,28,1,1,pre_allocation
65,9156,greenran_normal,0,0,65535_65535,0,3,170654,72,1,1,1,10,72,28,1,1,allocated
65,9156,greenran_normal,0,0,65535_65535,0,4,173404,50,1,1,0,10,0,22,1,1,pre_allocation
65,9156,greenran_normal,0,0,65535_65535,0,4,173404,55,1,1,1,11,55,22,1,1,allocated
65,9156,greenran_normal,0,0,65535_65535,0,2,170666,72,1,1,0,10,0,28,1,1,pre_allocation
65,9156,greenran_normal,0,0,65535_65535,0,2,170666,80,1,1,1,11,80,28,1,1,allocated
65,9156,greenran_normal,0,0,65535_65535,0,5,170656,72,1,1,0,10,0,28,1,1,pre_allocation
65,9156,greenran_normal,0,0,65535_65535,0,5,170656,80,1,1,1,11,80,28,1,1,allocated
65,9156,greenran_normal,0,0,65535_65535,0,1,170659,72,1,1,0,10,0,28,1,1,pre_allocation
65,9156,greenran_normal,0,0,65535_65535,0,1,170659,80,1,1,1,11,80,28,1,1,allocated
65,9156,greenran_normal,0,0,65535_65535,0,3,170654,72,1,1,0,10,0,28,1,1,pre_allocation
65,9156,greenran_normal,0,0,65535_65535,0,3,170654,80,1,1,1,11,80,28,1,1,allocated
65,9156,greenran_normal,0,0,65535_65535,0,4,173404,55,1,1,0,11,0,22,1,1,pre_allocation
65,9156,greenran_normal,0,0,65535_65535,0,4,173404,61,1,1,1,12,61,22,1,1,allocated
65,9156,greenran_normal,0,0,65535_65535,0,2,170666,80,1,1,0,11,0,28,1,1,pre_allocation
65,9156,greenran_normal,0,0,65535_65535,0,2,170666,88,1,1,1,12,88,28,1,1,allocated
65,9156,greenran_normal,0,0,65535_65535,0,5,170656,80,1,1,0,11,0,28,1,1,pre_allocation
65,9156,greenran_normal,0,0,65535_65535,0,5,170656,88,1,1,1,12,88,28,1,1,allocated
65,9156,greenran_normal,0,0,65535_65535,0,1,170659,80,1,1,0,11,0,28,1,1,pre_allocation
65,9156,greenran_normal,0,0,65535_65535,0,1,170659,88,1,1,1,12,88,28,1,1,allocated
65,9156,greenran_normal,0,0,65535_65535,0,3,170654,80,1,1,0,11,0,28,1,1,pre_allocation
65,9156,greenran_normal,0,0,65535_65535,0,3,170654,88,1,1,1,12,88,28,1,1,allocated
65,9156,greenran_normal,0,0,65535_65535,0,4,173404,61,1,1,0,12,0,22,1,1,pre_allocation
65,9156,greenran_normal,0,0,65535_65535,0,4,173404,66,1,1,1,13,66,22,1,1,allocated
65,9156,greenran_normal,0,0,65535_65535,0,2,170666,88,1,1,0,12,0,28,1,1,pre_allocation
65,9156,greenran_normal,0,0,65535_65535,0,2,170666,95,1,1,1,13,95,28,1,1,allocated
65,9156,greenran_normal,0,0,65535_65535,0,5,170656,88,1,1,0,12,0,28,1,1,pre_allocation
65,9156,greenran_normal,0,0,65535_65535,0,5,170656,95,1,1,1,13,95,28,1,1,allocated
65,9156,greenran_normal,0,0,65535_65535,2,38,5530250,0,1,1,0,0,0,2,1,1,pre_allocation
65,9156,greenran_normal,0,0,65535_65535,2,38,5530250,0,1,1,1,1,0,2,1,1,allocated
65,9156,greenran_normal,0,0,65535_65535,2,60,5529935,0,1,1,0,0,0,12,1,1,pre_allocation
65,9156,greenran_normal,0,0,65535_65535,2,60,5529935,2,1,1,1,1,2,12,1,1,allocated
65,9156,greenran_normal,0,0,65535_65535,2,64,5529568,0,1,1,0,0,0,16,1,1,pre_allocation
65,9156,greenran_normal,0,0,65535_65535,2,64,5529568,0,1,1,1,1,0,16,1,1,allocated
65,9156,greenran_normal,0,0,65535_65535,2,43,5528952,0,1,1,0,0,0,20,1,1,pre_allocation
65,9156,greenran_normal,0,0,65535_65535,2,43,5528952,1,1,1,1,1,1,20,1,1,allocated
65,9156,greenran_normal,0,0,65535_65535,2,42,5528274,0,1,1,0,0,0,18,1,1,pre_allocation
65,9156,greenran_normal,0,0,65535_65535,2,42,5528274,0,1,1,1,1,0,18,1,1,allocated
65,9156,greenran_normal,0,0,65535_65535,2,59,5527829,0,1,1,0,0,0,28,1,1,pre_allocation
65,9156,greenran_normal,0,0,65535_65535,2,59,5527829,4,1,1,1,1,4,28,1,1,allocated
65,9156,greenran_normal,0,0,65535_65535,2,40,5527740,0,1,1,0,0,0,28,1,1,pre_allocation
65,9156,greenran_normal,0,0,65535_65535,2,40,5527740,4,1,1,1,1,4,28,1,1,allocated
65,9156,greenran_normal,0,0,65535_65535,2,41,5527740,0,1,1,0,0,0,28,1,1,pre_allocation
65,9156,greenran_normal,0,0,65535_65535,2,41,5527740,4,1,1,1,1,4,28,1,1,allocated
65,9156,greenran_normal,0,0,65535_65535,2,61,5527737,0,1,1,0,0,0,28,1,1,pre_allocation
65,9156,greenran_normal,0,0,65535_65535,2,61,5527737,4,1,1,1,1,4,28,1,1,allocated
65,9156,greenran_normal,0,0,65535_65535,2,58,5527808,0,1,1,0,0,0,26,1,1,pre_allocation
65,9156,greenran_normal,0,0,65535_65535,2,58,5527808,4,1,1,1,1,4,26,1,1,allocated
65,9156,greenran_normal,0,0,65535_65535,2,62,5527736,0,1,1,0,0,0,28,1,1,pre_allocation
65,9156,greenran_normal,0,0,65535_65535,2,62,5527736,4,1,1,1,1,4,28,1,1,allocated
65,9156,greenran_normal,0,0,65535_65535,2,63,5527735,0,1,1,0,0,0,28,1,1,pre_allocation
65,9156,greenran_normal,0,0,65535_65535,2,63,5527735,4,1,1,1,1,4,28,1,1,allocated
65,9156,greenran_normal,0,0,65535_65535,2,36,5527782,0,1,1,0,0,0,24,1,1,pre_allocation
65,9156,greenran_normal,0,0,65535_65535,2,36,5527782,3,1,1,1,1,3,24,1,1,allocated
65,9156,greenran_normal,0,0,65535_65535,2,37,5527733,0,1,1,0,0,0,28,1,1,pre_allocation
65,9156,greenran_normal,0,0,65535_65535,2,37,5527733,4,1,1,1,1,4,28,1,1,allocated
65,9156,greenran_normal,0,0,65535_65535,2,39,5527735,0,1,1,0,0,0,28,1,1,pre_allocation
65,9156,greenran_normal,0,0,65535_65535,2,39,5527735,4,1,1,1,1,4,28,1,1,allocated
65,9156,greenran_normal,0,0,65535_65535,2,35,5527730,0,1,1,0,0,0,28,1,1,pre_allocation
65,9156,greenran_normal,0,0,65535_65535,2,35,5527730,4,1,1,1,1,4,28,1,1,allocated
65,9156,greenran_normal,0,0,65535_65535,2,44,5527730,0,1,1,0,0,0,28,1,1,pre_allocation
65,9156,greenran_normal,0,0,65535_65535,2,44,5527730,4,1,1,1,1,4,28,1,1,allocated
65,9156,greenran_normal,0,0,65535_65535,2,55,5527730,0,1,1,0,0,0,28,1,1,pre_allocation
65,9156,greenran_normal,0,0,65535_65535,2,55,5527730,4,1,1,1,1,4,28,1,1,allocated
65,9156,greenran_normal,0,0,65535_65535,2,56,5527730,0,1,1,0,0,0,28,1,1,pre_allocation
65,9156,greenran_normal,0,0,65535_65535,2,56,5527730,4,1,1,1,1,4,28,1,1,allocated
65,9156,greenran_normal,0,0,65535_65535,2,57,5527730,0,1,1,0,0,0,28,1,1,pre_allocation
65,9156,greenran_normal,0,0,65535_65535,2,57,5527730,4,1,1,1,1,4,28,1,1,allocated
65,9156,greenran_normal,0,0,65535_65535,2,38,5530250,0,1,1,0,1,0,2,1,1,pre_allocation
65,9156,greenran_normal,0,0,65535_65535,2,38,5530250,0,1,1,1,2,0,2,1,1,allocated
65,9156,greenran_normal,0,0,65535_65535,2,60,5529935,2,1,1,0,1,0,12,1,1,pre_allocation
65,9156,greenran_normal,0,0,65535_65535,2,60,5529935,1,1,1,1,2,1,12,1,1,allocated
65,9156,greenran_normal,0,0,65535_65535,2,64,5529568,0,1,1,0,1,0,16,1,1,pre_allocation
65,9156,greenran_normal,0,0,65535_65535,2,64,5529568,3,1,1,1,2,3,16,1,1,allocated
65,9156,greenran_normal,0,0,65535_65535,2,43,5528952,1,1,1,0,1,0,20,1,1,pre_allocation
65,9156,greenran_normal,0,0,65535_65535,2,43,5528952,6,1,1,1,2,6,20,1,1,allocated
65,9156,greenran_normal,0,0,65535_65535,2,42,5528274,0,1,1,0,1,0,18,1,1,pre_allocation
65,9156,greenran_normal,0,0,65535_65535,2,42,5528274,4,1,1,1,2,4,18,1,1,allocated
65,9156,greenran_normal,0,0,65535_65535,2,59,5527829,4,1,1,0,1,0,28,1,1,pre_allocation
65,9156,greenran_normal,0,0,65535_65535,2,59,5527829,12,1,1,1,2,12,28,1,1,allocated
65,9156,greenran_normal,0,0,65535_65535,2,40,5527740,4,1,1,0,1,0,28,1,1,pre_allocation
65,9156,greenran_normal,0,0,65535_65535,2,40,5527740,12,1,1,1,2,12,28,1,1,allocated
65,9156,greenran_normal,0,0,65535_65535,2,41,5527740,4,1,1,0,1,0,28,1,1,pre_allocation
65,9156,greenran_normal,0,0,65535_65535,2,41,5527740,12,1,1,1,2,12,28,1,1,allocated
65,9156,greenran_normal,0,0,65535_65535,2,61,5527737,4,1,1,0,1,0,28,1,1,pre_allocation
65,9156,greenran_normal,0,0,65535_65535,2,61,5527737,12,1,1,1,2,12,28,1,1,allocated
65,9156,greenran_normal,0,0,65535_65535,2,58,5527808,4,1,1,0,1,0,26,1,1,pre_allocation
65,9156,greenran_normal,0,0,65535_65535,2,58,5527808,11,1,1,1,2,11,26,1,1,allocated
65,9156,greenran_normal,0,0,65535_65535,2,62,5527736,4,1,1,0,1,0,28,1,1,pre_allocation
65,9156,greenran_normal,0,0,65535_65535,2,62,5527736,12,1,1,1,2,12,28,1,1,allocated
65,9156,greenran_normal,0,0,65535_65535,2,63,5527735,4,1,1,0,1,0,28,1,1,pre_allocation
65,9156,greenran_normal,0,0,65535_65535,2,63,5527735,12,1,1,1,2,12,28,1,1,allocated
65,9156,greenran_normal,0,0,65535_65535,2,36,5527782,3,1,1,0,1,0,24,1,1,pre_allocation
65,9156,greenran_normal,0,0,65535_65535,2,36,5527782,9,1,1,1,2,9,24,1,1,allocated
65,9156,greenran_normal,0,0,65535_65535,2,37,5527733,4,1,1,0,1,0,28,1,1,pre_allocation
65,9156,greenran_normal,0,0,65535_65535,2,37,5527733,12,1,1,1,2,12,28,1,1,allocated
65,9156,greenran_normal,0,0,65535_65535,2,39,5527735,4,1,1,0,1,0,28,1,1,pre_allocation
65,9156,greenran_normal,0,0,65535_65535,2,39,5527735,12,1,1,1,2,12,28,1,1,allocated
65,9156,greenran_normal,0,0,65535_65535,2,35,5527730,4,1,1,0,1,0,28,1,1,pre_allocation
65,9156,greenran_normal,0,0,65535_65535,2,35,5527730,12,1,1,1,2,12,28,1,1,allocated
65,9156,greenran_normal,0,0,65535_65535,2,44,5527730,4,1,1,0,1,0,28,1,1,pre_allocation
65,9156,greenran_normal,0,0,65535_65535,2,44,5527730,12,1,1,1,2,12,28,1,1,allocated
65,9156,greenran_normal,0,0,65535_65535,2,55,5527730,4,1,1,0,1,0,28,1,1,pre_allocation
65,9156,greenran_normal,0,0,65535_65535,2,55,5527730,12,1,1,1,2,12,28,1,1,allocated
65,9156,greenran_normal,0,0,65535_65535,2,56,5527730,4,1,1,0,1,0,28,1,1,pre_allocation
65,9156,greenran_normal,0,0,65535_65535,2,56,5527730,12,1,1,1,2,12,28,1,1,allocated
65,9156,greenran_normal,0,0,65535_65535,2,57,5527730,4,1,1,0,1,0,28,1,1,pre_allocation
65,9156,greenran_normal,0,0,65535_65535,2,57,5527730,12,1,1,1,2,12,28,1,1,allocated
65,9156,greenran_normal,0,0,65535_65535,2,38,5530250,0,1,1,0,2,0,2,1,1,pre_allocation
65,9156,greenran_normal,0,0,65535_65535,2,38,5530250,0,1,1,1,3,0,2,1,1,allocated
65,9156,greenran_normal,0,0,65535_65535,2,60,5529935,1,1,1,0,2,0,12,1,1,pre_allocation
65,9156,greenran_normal,0,0,65535_65535,2,60,5529935,3,1,1,1,3,3,12,1,1,allocated
65,9156,greenran_normal,0,0,65535_65535,2,64,5529568,3,1,1,0,2,0,16,1,1,pre_allocation
65,9156,greenran_normal,0,0,65535_65535,2,64,5529568,6,1,1,1,3,6,16,1,1,allocated
65,9156,greenran_normal,0,0,65535_65535,2,43,5528952,6,1,1,0,2,0,20,1,1,pre_allocation
65,9156,greenran_normal,0,0,65535_65535,2,43,5528952,10,1,1,1,3,10,20,1,1,allocated
65,9156,greenran_normal,0,0,65535_65535,2,42,5528274,4,1,1,0,2,0,18,1,1,pre_allocation
65,9156,greenran_normal,0,0,65535_65535,2,42,5528274,8,1,1,1,3,8,18,1,1,allocated
65,9156,greenran_normal,0,0,65535_65535,2,59,5527829,12,1,1,0,2,0,28,1,1,pre_allocation
65,9156,greenran_normal,0,0,65535_65535,2,59,5527829,19,1,1,1,3,19,28,1,1,allocated
65,9156,greenran_normal,0,0,65535_65535,2,40,5527740,12,1,1,0,2,0,28,1,1,pre_allocation
65,9156,greenran_normal,0,0,65535_65535,2,40,5527740,19,1,1,1,3,19,28,1,1,allocated
65,9156,greenran_normal,0,0,65535_65535,2,41,5527740,12,1,1,0,2,0,28,1,1,pre_allocation
65,9156,greenran_normal,0,0,65535_65535,2,41,5527740,19,1,1,1,3,19,28,1,1,allocated
65,9156,greenran_normal,0,0,65535_65535,2,61,5527737,12,1,1,0,2,0,28,1,1,pre_allocation
65,9156,greenran_normal,0,0,65535_65535,2,61,5527737,19,1,1,1,3,19,28,1,1,allocated
65,9156,greenran_normal,0,0,65535_65535,2,58,5527808,11,1,1,0,2,0,26,1,1,pre_allocation
65,9156,greenran_normal,0,0,65535_65535,2,58,5527808,18,1,1,1,3,18,26,1,1,allocated
65,9156,greenran_normal,0,0,65535_65535,2,62,5527736,12,1,1,0,2,0,28,1,1,pre_allocation
65,9156,greenran_normal,0,0,65535_65535,2,62,5527736,19,1,1,1,3,19,28,1,1,allocated
65,9156,greenran_normal,0,0,65535_65535,2,63,5527735,12,1,1,0,2,0,28,1,1,pre_allocation
65,9156,greenran_normal,0,0,65535_65535,2,63,5527735,19,1,1,1,3,19,28,1,1,allocated
65,9156,greenran_normal,0,0,65535_65535,2,36,5527782,9,1,1,0,2,0,24,1,1,pre_allocation
65,9156,greenran_normal,0,0,65535_65535,2,36,5527782,15,1,1,1,3,15,24,1,1,allocated
65,9156,greenran_normal,0,0,65535_65535,2,37,5527733,12,1,1,0,2,0,28,1,1,pre_allocation
65,9156,greenran_normal,0,0,65535_65535,2,37,5527733,19,1,1,1,3,19,28,1,1,allocated
65,9156,greenran_normal,0,0,65535_65535,2,39,5527735,12,1,1,0,2,0,28,1,1,pre_allocation
65,9156,greenran_normal,0,0,65535_65535,2,39,5527735,19,1,1,1,3,19,28,1,1,allocated
65,9156,greenran_normal,0,0,65535_65535,2,35,5527730,12,1,1,0,2,0,28,1,1,pre_allocation
65,9156,greenran_normal,0,0,65535_65535,2,35,5527730,19,1,1,1,3,19,28,1,1,allocated
65,9156,greenran_normal,0,0,65535_65535,2,44,5527730,12,1,1,0,2,0,28,1,1,pre_allocation
65,9156,greenran_normal,0,0,65535_65535,2,44,5527730,19,1,1,1,3,19,28,1,1,allocated
65,9156,greenran_normal,0,0,65535_65535,2,55,5527730,12,1,1,0,2,0,28,1,1,pre_allocation
65,9156,greenran_normal,0,0,65535_65535,2,55,5527730,19,1,1,1,3,19,28,1,1,allocated
65,9156,greenran_normal,0,0,65535_65535,2,56,5527730,12,1,1,0,2,0,28,1,1,pre_allocation
65,9156,greenran_normal,0,0,65535_65535,2,56,5527730,19,1,1,1,3,19,28,1,1,allocated
65,9156,greenran_normal,0,0,65535_65535,2,57,5527730,12,1,1,0,2,0,28,1,1,pre_allocation
65,9156,greenran_normal,0,0,65535_65535,2,57,5527730,19,1,1,1,3,19,28,1,1,allocated
65,9156,greenran_normal,0,0,65535_65535,2,38,5530250,0,1,1,0,3,0,2,1,1,pre_allocation
65,9156,greenran_normal,0,0,65535_65535,2,38,5530250,1,1,1,1,4,1,2,1,1,allocated
65,9156,greenran_normal,0,0,65535_65535,2,60,5529935,3,1,1,0,3,0,12,1,1,pre_allocation
65,9156,greenran_normal,0,0,65535_65535,2,60,5529935,5,1,1,1,4,5,12,1,1,allocated
65,9156,greenran_normal,0,0,65535_65535,2,64,5529568,6,1,1,0,3,0,16,1,1,pre_allocation
65,9156,greenran_normal,0,0,65535_65535,2,64,5529568,10,1,1,1,4,10,16,1,1,allocated
65,9156,greenran_normal,0,0,65535_65535,2,43,5528952,10,1,1,0,3,0,20,1,1,pre_allocation
65,9156,greenran_normal,0,0,65535_65535,2,43,5528952,15,1,1,1,4,15,20,1,1,allocated
65,9156,greenran_normal,0,0,65535_65535,2,42,5528274,8,1,1,0,3,0,18,1,1,pre_allocation
65,9156,greenran_normal,0,0,65535_65535,2,42,5528274,11,1,1,1,4,11,18,1,1,allocated
65,9156,greenran_normal,0,0,65535_65535,2,59,5527829,19,1,1,0,3,0,28,1,1,pre_allocation
65,9156,greenran_normal,0,0,65535_65535,2,59,5527829,27,1,1,1,4,27,28,1,1,allocated
65,9156,greenran_normal,0,0,65535_65535,2,40,5527740,19,1,1,0,3,0,28,1,1,pre_allocation
65,9156,greenran_normal,0,0,65535_65535,2,40,5527740,27,1,1,1,4,27,28,1,1,allocated
65,9156,greenran_normal,0,0,65535_65535,2,41,5527740,19,1,1,0,3,0,28,1,1,pre_allocation
65,9156,greenran_normal,0,0,65535_65535,2,41,5527740,27,1,1,1,4,27,28,1,1,allocated
65,9156,greenran_normal,0,0,65535_65535,2,61,5527737,19,1,1,0,3,0,28,1,1,pre_allocation
65,9156,greenran_normal,0,0,65535_65535,2,61,5527737,27,1,1,1,4,27,28,1,1,allocated
65,9156,greenran_normal,0,0,65535_65535,2,58,5527808,18,1,1,0,3,0,26,1,1,pre_allocation
65,9156,greenran_normal,0,0,65535_65535,2,58,5527808,25,1,1,1,4,25,26,1,1,allocated
65,9156,greenran_normal,0,0,65535_65535,2,62,5527736,19,1,1,0,3,0,28,1,1,pre_allocation
65,9156,greenran_normal,0,0,65535_65535,2,62,5527736,27,1,1,1,4,27,28,1,1,allocated
65,9156,greenran_normal,0,0,65535_65535,2,63,5527735,19,1,1,0,3,0,28,1,1,pre_allocation
65,9156,greenran_normal,0,0,65535_65535,2,63,5527735,27,1,1,1,4,27,28,1,1,allocated
65,9156,greenran_normal,0,0,65535_65535,2,36,5527782,15,1,1,0,3,0,24,1,1,pre_allocation
65,9156,greenran_normal,0,0,65535_65535,2,36,5527782,21,1,1,1,4,21,24,1,1,allocated
65,9156,greenran_normal,0,0,65535_65535,2,37,5527733,19,1,1,0,3,0,28,1,1,pre_allocation
65,9156,greenran_normal,0,0,65535_65535,2,37,5527733,27,1,1,1,4,27,28,1,1,allocated
65,9156,greenran_normal,0,0,65535_65535,2,39,5527735,19,1,1,0,3,0,28,1,1,pre_allocation
65,9156,greenran_normal,0,0,65535_65535,2,39,5527735,27,1,1,1,4,27,28,1,1,allocated
65,9156,greenran_normal,0,0,65535_65535,2,35,5527730,19,1,1,0,3,0,28,1,1,pre_allocation
65,9156,greenran_normal,0,0,65535_65535,2,35,5527730,27,1,1,1,4,27,28,1,1,allocated
65,9156,greenran_normal,0,0,65535_65535,2,44,5527730,19,1,1,0,3,0,28,1,1,pre_allocation
65,9156,greenran_normal,0,0,65535_65535,2,44,5527730,27,1,1,1,4,27,28,1,1,allocated
65,9156,greenran_normal,0,0,65535_65535,2,55,5527730,19,1,1,0,3,0,28,1,1,pre_allocation
65,9156,greenran_normal,0,0,65535_65535,2,55,5527730,27,1,1,1,4,27,28,1,1,allocated
65,9156,greenran_normal,0,0,65535_65535,2,56,5527730,19,1,1,0,3,0,28,1,1,pre_allocation
65,9156,greenran_normal,0,0,65535_65535,2,56,5527730,27,1,1,1,4,27,28,1,1,allocated
65,9156,greenran_normal,0,0,65535_65535,2,57,5527730,19,1,1,0,3,0,28,1,1,pre_allocation
65,9156,greenran_normal,0,0,65535_65535,2,57,5527730,27,1,1,1,4,27,28,1,1,allocated
65,9156,greenran_normal,0,0,65535_65535,2,38,5530250,1,1,1,0,4,0,2,1,1,pre_allocation
65,9156,greenran_normal,0,0,65535_65535,2,38,5530250,1,1,1,1,5,1,2,1,1,allocated
65,9156,greenran_normal,0,0,65535_65535,2,60,5529935,5,1,1,0,4,0,12,1,1,pre_allocation
65,9156,greenran_normal,0,0,65535_65535,2,60,5529935,7,1,1,1,5,7,12,1,1,allocated
65,9156,greenran_normal,0,0,65535_65535,2,64,5529568,10,1,1,0,4,0,16,1,1,pre_allocation
65,9156,greenran_normal,0,0,65535_65535,2,64,5529568,13,1,1,1,5,13,16,1,1,allocated
65,9156,greenran_normal,0,0,65535_65535,2,43,5528952,15,1,1,0,4,0,20,1,1,pre_allocation
65,9156,greenran_normal,0,0,65535_65535,2,43,5528952,19,1,1,1,5,19,20,1,1,allocated
65,9156,greenran_normal,0,0,65535_65535,2,42,5528274,11,1,1,0,4,0,18,1,1,pre_allocation
65,9156,greenran_normal,0,0,65535_65535,2,42,5528274,15,1,1,1,5,15,18,1,1,allocated
65,9156,greenran_normal,0,0,65535_65535,2,59,5527829,27,1,1,0,4,0,28,1,1,pre_allocation
65,9156,greenran_normal,0,0,65535_65535,2,59,5527829,34,1,1,1,5,34,28,1,1,allocated
65,9156,greenran_normal,0,0,65535_65535,2,40,5527740,27,1,1,0,4,0,28,1,1,pre_allocation
65,9156,greenran_normal,0,0,65535_65535,2,40,5527740,34,1,1,1,5,34,28,1,1,allocated
65,9156,greenran_normal,0,0,65535_65535,2,41,5527740,27,1,1,0,4,0,28,1,1,pre_allocation
65,9156,greenran_normal,0,0,65535_65535,2,41,5527740,34,1,1,1,5,34,28,1,1,allocated
65,9156,greenran_normal,0,0,65535_65535,2,61,5527737,27,1,1,0,4,0,28,1,1,pre_allocation
65,9156,greenran_normal,0,0,65535_65535,2,61,5527737,34,1,1,1,5,34,28,1,1,allocated
65,9156,greenran_normal,0,0,65535_65535,2,58,5527808,25,1,1,0,4,0,26,1,1,pre_allocation
65,9156,greenran_normal,0,0,65535_65535,2,58,5527808,32,1,1,1,5,32,26,1,1,allocated
65,9156,greenran_normal,0,0,65535_65535,2,62,5527736,27,1,1,0,4,0,28,1,1,pre_allocation
65,9156,greenran_normal,0,0,65535_65535,2,62,5527736,34,1,1,1,5,34,28,1,1,allocated
65,9156,greenran_normal,0,0,65535_65535,2,63,5527735,27,1,1,0,4,0,28,1,1,pre_allocation
65,9156,greenran_normal,0,0,65535_65535,2,63,5527735,34,1,1,1,5,34,28,1,1,allocated
65,9156,greenran_normal,0,0,65535_65535,2,36,5527782,21,1,1,0,4,0,24,1,1,pre_allocation
65,9156,greenran_normal,0,0,65535_65535,2,36,5527782,27,1,1,1,5,27,24,1,1,allocated
65,9156,greenran_normal,0,0,65535_65535,2,37,5527733,27,1,1,0,4,0,28,1,1,pre_allocation
65,9156,greenran_normal,0,0,65535_65535,2,37,5527733,34,1,1,1,5,34,28,1,1,allocated
65,9156,greenran_normal,0,0,65535_65535,2,39,5527735,27,1,1,0,4,0,28,1,1,pre_allocation
65,9156,greenran_normal,0,0,65535_65535,2,39,5527735,34,1,1,1,5,34,28,1,1,allocated
65,9156,greenran_normal,0,0,65535_65535,2,35,5527730,27,1,1,0,4,0,28,1,1,pre_allocation
65,9156,greenran_normal,0,0,65535_65535,2,35,5527730,34,1,1,1,5,34,28,1,1,allocated
65,9156,greenran_normal,0,0,65535_65535,2,44,5527730,27,1,1,0,4,0,28,1,1,pre_allocation
65,9156,greenran_normal,0,0,65535_65535,2,44,5527730,34,1,1,1,5,34,28,1,1,allocated
65,9156,greenran_normal,0,0,65535_65535,2,55,5527730,27,1,1,0,4,0,28,1,1,pre_allocation
65,9156,greenran_normal,0,0,65535_65535,2,55,5527730,34,1,1,1,5,34,28,1,1,allocated
65,9156,greenran_normal,0,0,65535_65535,2,56,5527730,27,1,1,0,4,0,28,1,1,pre_allocation
65,9156,greenran_normal,0,0,65535_65535,2,56,5527730,34,1,1,1,5,34,28,1,1,allocated
65,9156,greenran_normal,0,0,65535_65535,2,57,5527730,27,1,1,0,4,0,28,1,1,pre_allocation
65,9156,greenran_normal,0,0,65535_65535,2,57,5527730,34,1,1,1,5,34,28,1,1,allocated
65,9156,greenran_normal,0,0,65535_65535,2,38,5530250,1,1,1,0,5,0,2,1,1,pre_allocation
65,9156,greenran_normal,0,0,65535_65535,2,38,5530250,1,1,1,1,6,1,2,1,1,allocated
65,9156,greenran_normal,0,0,65535_65535,2,60,5529935,7,1,1,0,5,0,12,1,1,pre_allocation
65,9156,greenran_normal,0,0,65535_65535,2,60,5529935,9,1,1,1,6,9,12,1,1,allocated
65,9156,greenran_normal,0,0,65535_65535,2,64,5529568,13,1,1,0,5,0,16,1,1,pre_allocation
65,9156,greenran_normal,0,0,65535_65535,2,64,5529568,16,1,1,1,6,16,16,1,1,allocated
65,9156,greenran_normal,0,0,65535_65535,2,43,5528952,19,1,1,0,5,0,20,1,1,pre_allocation
65,9156,greenran_normal,0,0,65535_65535,2,43,5528952,24,1,1,1,6,24,20,1,1,allocated
65,9156,greenran_normal,0,0,65535_65535,2,42,5528274,15,1,1,0,5,0,18,1,1,pre_allocation
65,9156,greenran_normal,0,0,65535_65535,2,42,5528274,19,1,1,1,6,19,18,1,1,allocated
65,9156,greenran_normal,0,0,65535_65535,2,59,5527829,34,1,1,0,5,0,28,1,1,pre_allocation
65,9156,greenran_normal,0,0,65535_65535,2,59,5527829,42,1,1,1,6,42,28,1,1,allocated
65,9156,greenran_normal,0,0,65535_65535,2,40,5527740,34,1,1,0,5,0,28,1,1,pre_allocation
65,9156,greenran_normal,0,0,65535_65535,2,40,5527740,42,1,1,1,6,42,28,1,1,allocated
65,9156,greenran_normal,0,0,65535_65535,2,41,5527740,34,1,1,0,5,0,28,1,1,pre_allocation
65,9156,greenran_normal,0,0,65535_65535,2,41,5527740,42,1,1,1,6,42,28,1,1,allocated
65,9156,greenran_normal,0,0,65535_65535,2,61,5527737,34,1,1,0,5,0,28,1,1,pre_allocation
65,9156,greenran_normal,0,0,65535_65535,2,61,5527737,42,1,1,1,6,42,28,1,1,allocated
65,9156,greenran_normal,0,0,65535_65535,2,58,5527808,32,1,1,0,5,0,26,1,1,pre_allocation
65,9156,greenran_normal,0,0,65535_65535,2,58,5527808,39,1,1,1,6,39,26,1,1,allocated
65,9156,greenran_normal,0,0,65535_65535,2,62,5527736,34,1,1,0,5,0,28,1,1,pre_allocation
65,9156,greenran_normal,0,0,65535_65535,2,62,5527736,42,1,1,1,6,42,28,1,1,allocated
65,9156,greenran_normal,0,0,65535_65535,2,63,5527735,34,1,1,0,5,0,28,1,1,pre_allocation
65,9156,greenran_normal,0,0,65535_65535,2,63,5527735,42,1,1,1,6,42,28,1,1,allocated
65,9156,greenran_normal,0,0,65535_65535,2,36,5527782,27,1,1,0,5,0,24,1,1,pre_allocation
65,9156,greenran_normal,0,0,65535_65535,2,36,5527782,34,1,1,1,6,34,24,1,1,allocated
65,9156,greenran_normal,0,0,65535_65535,2,37,5527733,34,1,1,0,5,0,28,1,1,pre_allocation
65,9156,greenran_normal,0,0,65535_65535,2,37,5527733,42,1,1,1,6,42,28,1,1,allocated
65,9156,greenran_normal,0,0,65535_65535,2,39,5527735,34,1,1,0,5,0,28,1,1,pre_allocation
65,9156,greenran_normal,0,0,65535_65535,2,39,5527735,42,1,1,1,6,42,28,1,1,allocated
65,9156,greenran_normal,0,0,65535_65535,2,35,5527730,34,1,1,0,5,0,28,1,1,pre_allocation
65,9156,greenran_normal,0,0,65535_65535,2,35,5527730,42,1,1,1,6,42,28,1,1,allocated
65,9156,greenran_normal,0,0,65535_65535,2,44,5527730,34,1,1,0,5,0,28,1,1,pre_allocation
65,9156,greenran_normal,0,0,65535_65535,2,44,5527730,42,1,1,1,6,42,28,1,1,allocated
65,9156,greenran_normal,0,0,65535_65535,2,55,5527730,34,1,1,0,5,0,28,1,1,pre_allocation
65,9156,greenran_normal,0,0,65535_65535,2,55,5527730,42,1,1,1,6,42,28,1,1,allocated
65,9156,greenran_normal,0,0,65535_65535,2,56,5527730,34,1,1,0,5,0,28,1,1,pre_allocation
65,9156,greenran_normal,0,0,65535_65535,2,56,5527730,42,1,1,1,6,42,28,1,1,allocated
65,9156,greenran_normal,0,0,65535_65535,2,57,5527730,34,1,1,0,5,0,28,1,1,pre_allocation
65,9156,greenran_normal,0,0,65535_65535,2,57,5527730,42,1,1,1,6,42,28,1,1,allocated
65,9156,greenran_normal,0,0,65535_65535,2,38,5530250,1,1,1,0,6,0,2,1,1,pre_allocation
65,9156,greenran_normal,0,0,65535_65535,2,38,5530250,2,1,1,1,7,2,2,1,1,allocated
65,9156,greenran_normal,0,0,65535_65535,2,60,5529935,9,1,1,0,6,0,12,1,1,pre_allocation
65,9156,greenran_normal,0,0,65535_65535,2,60,5529935,11,1,1,1,7,11,12,1,1,allocated
65,9156,greenran_normal,0,0,65535_65535,2,64,5529568,16,1,1,0,6,0,16,1,1,pre_allocation
65,9156,greenran_normal,0,0,65535_65535,2,64,5529568,20,1,1,1,7,20,16,1,1,allocated
65,9156,greenran_normal,0,0,65535_65535,2,43,5528952,24,1,1,0,6,0,20,1,1,pre_allocation
65,9156,greenran_normal,0,0,65535_65535,2,43,5528952,28,1,1,1,7,28,20,1,1,allocated
65,9156,greenran_normal,0,0,65535_65535,2,42,5528274,19,1,1,0,6,0,18,1,1,pre_allocation
65,9156,greenran_normal,0,0,65535_65535,2,42,5528274,22,1,1,1,7,22,18,1,1,allocated
65,9156,greenran_normal,0,0,65535_65535,2,59,5527829,42,1,1,0,6,0,28,1,1,pre_allocation
65,9156,greenran_normal,0,0,65535_65535,2,59,5527829,50,1,1,1,7,50,28,1,1,allocated
65,9156,greenran_normal,0,0,65535_65535,2,40,5527740,42,1,1,0,6,0,28,1,1,pre_allocation
65,9156,greenran_normal,0,0,65535_65535,2,40,5527740,50,1,1,1,7,50,28,1,1,allocated
65,9156,greenran_normal,0,0,65535_65535,2,41,5527740,42,1,1,0,6,0,28,1,1,pre_allocation
65,9156,greenran_normal,0,0,65535_65535,2,41,5527740,50,1,1,1,7,50,28,1,1,allocated
65,9156,greenran_normal,0,0,65535_65535,2,61,5527737,42,1,1,0,6,0,28,1,1,pre_allocation
65,9156,greenran_normal,0,0,65535_65535,2,61,5527737,50,1,1,1,7,50,28,1,1,allocated
65,9156,greenran_normal,0,0,65535_65535,2,58,5527808,39,1,1,0,6,0,26,1,1,pre_allocation
65,9156,greenran_normal,0,0,65535_65535,2,58,5527808,46,1,1,1,7,46,26,1,1,allocated
65,9156,greenran_normal,0,0,65535_65535,2,62,5527736,42,1,1,0,6,0,28,1,1,pre_allocation
65,9156,greenran_normal,0,0,65535_65535,2,62,5527736,50,1,1,1,7,50,28,1,1,allocated
65,9156,greenran_normal,0,0,65535_65535,2,63,5527735,42,1,1,0,6,0,28,1,1,pre_allocation
65,9156,greenran_normal,0,0,65535_65535,2,63,5527735,50,1,1,1,7,50,28,1,1,allocated
65,9156,greenran_normal,0,0,65535_65535,2,36,5527782,34,1,1,0,6,0,24,1,1,pre_allocation
65,9156,greenran_normal,0,0,65535_65535,2,36,5527782,40,1,1,1,7,40,24,1,1,allocated
65,9156,greenran_normal,0,0,65535_65535,2,37,5527733,42,1,1,0,6,0,28,1,1,pre_allocation
65,9156,greenran_normal,0,0,65535_65535,2,37,5527733,50,1,1,1,7,50,28,1,1,allocated
65,9156,greenran_normal,0,0,65535_65535,2,39,5527735,42,1,1,0,6,0,28,1,1,pre_allocation
65,9156,greenran_normal,0,0,65535_65535,2,39,5527735,50,1,1,1,7,50,28,1,1,allocated
65,9156,greenran_normal,0,0,65535_65535,2,35,5527730,42,1,1,0,6,0,28,1,1,pre_allocation
65,9156,greenran_normal,0,0,65535_65535,2,35,5527730,50,1,1,1,7,50,28,1,1,allocated
65,9156,greenran_normal,0,0,65535_65535,2,44,5527730,42,1,1,0,6,0,28,1,1,pre_allocation
65,9156,greenran_normal,0,0,65535_65535,2,44,5527730,50,1,1,1,7,50,28,1,1,allocated
65,9156,greenran_normal,0,0,65535_65535,2,55,5527730,42,1,1,0,6,0,28,1,1,pre_allocation
65,9156,greenran_normal,0,0,65535_65535,2,55,5527730,50,1,1,1,7,50,28,1,1,allocated
65,9156,greenran_normal,0,0,65535_65535,2,56,5527730,42,1,1,0,6,0,28,1,1,pre_allocation
65,9156,greenran_normal,0,0,65535_65535,2,56,5527730,50,1,1,1,7,50,28,1,1,allocated
65,9156,greenran_normal,0,0,65535_65535,2,57,5527730,42,1,1,0,6,0,28,1,1,pre_allocation
65,9156,greenran_normal,0,0,65535_65535,2,57,5527730,50,1,1,1,7,50,28,1,1,allocated
65,9156,greenran_normal,0,0,65535_65535,2,38,5530250,2,1,1,0,7,0,2,1,1,pre_allocation
65,9156,greenran_normal,0,0,65535_65535,2,38,5530250,2,1,1,1,8,2,2,1,1,allocated
65,9156,greenran_normal,0,0,65535_65535,2,60,5529935,11,1,1,0,7,0,12,1,1,pre_allocation
65,9156,greenran_normal,0,0,65535_65535,2,60,5529935,13,1,1,1,8,13,12,1,1,allocated
65,9156,greenran_normal,0,0,65535_65535,2,64,5529568,20,1,1,0,7,0,16,1,1,pre_allocation
65,9156,greenran_normal,0,0,65535_65535,2,64,5529568,23,1,1,1,8,23,16,1,1,allocated
65,9156,greenran_normal,0,0,65535_65535,2,43,5528952,28,1,1,0,7,0,20,1,1,pre_allocation
65,9156,greenran_normal,0,0,65535_65535,2,43,5528952,33,1,1,1,8,33,20,1,1,allocated
65,9156,greenran_normal,0,0,65535_65535,2,42,5528274,22,1,1,0,7,0,18,1,1,pre_allocation
65,9156,greenran_normal,0,0,65535_65535,2,42,5528274,26,1,1,1,8,26,18,1,1,allocated
65,9156,greenran_normal,0,0,65535_65535,2,59,5527829,50,1,1,0,7,0,28,1,1,pre_allocation
65,9156,greenran_normal,0,0,65535_65535,2,59,5527829,57,1,1,1,8,57,28,1,1,allocated
65,9156,greenran_normal,0,0,65535_65535,2,40,5527740,50,1,1,0,7,0,28,1,1,pre_allocation
65,9156,greenran_normal,0,0,65535_65535,2,40,5527740,57,1,1,1,8,57,28,1,1,allocated
65,9156,greenran_normal,0,0,65535_65535,2,41,5527740,50,1,1,0,7,0,28,1,1,pre_allocation
65,9156,greenran_normal,0,0,65535_65535,2,41,5527740,57,1,1,1,8,57,28,1,1,allocated
65,9156,greenran_normal,0,0,65535_65535,2,61,5527737,50,1,1,0,7,0,28,1,1,pre_allocation
65,9156,greenran_normal,0,0,65535_65535,2,61,5527737,57,1,1,1,8,57,28,1,1,allocated
65,9156,greenran_normal,0,0,65535_65535,2,58,5527808,46,1,1,0,7,0,26,1,1,pre_allocation
65,9156,greenran_normal,0,0,65535_65535,2,58,5527808,53,1,1,1,8,53,26,1,1,allocated
65,9156,greenran_normal,0,0,65535_65535,2,62,5527736,50,1,1,0,7,0,28,1,1,pre_allocation
65,9156,greenran_normal,0,0,65535_65535,2,62,5527736,57,1,1,1,8,57,28,1,1,allocated
65,9156,greenran_normal,0,0,65535_65535,2,63,5527735,50,1,1,0,7,0,28,1,1,pre_allocation
65,9156,greenran_normal,0,0,65535_65535,2,63,5527735,57,1,1,1,8,57,28,1,1,allocated
65,9156,greenran_normal,0,0,65535_65535,2,36,5527782,40,1,1,0,7,0,24,1,1,pre_allocation
65,9156,greenran_normal,0,0,65535_65535,2,36,5527782,46,1,1,1,8,46,24,1,1,allocated
65,9156,greenran_normal,0,0,65535_65535,2,37,5527733,50,1,1,0,7,0,28,1,1,pre_allocation
65,9156,greenran_normal,0,0,65535_65535,2,37,5527733,57,1,1,1,8,57,28,1,1,allocated
65,9156,greenran_normal,0,0,65535_65535,2,39,5527735,50,1,1,0,7,0,28,1,1,pre_allocation
65,9156,greenran_normal,0,0,65535_65535,2,39,5527735,57,1,1,1,8,57,28,1,1,allocated
65,9156,greenran_normal,0,0,65535_65535,2,35,5527730,50,1,1,0,7,0,28,1,1,pre_allocation
65,9156,greenran_normal,0,0,65535_65535,2,35,5527730,57,1,1,1,8,57,28,1,1,allocated
65,9156,greenran_normal,0,0,65535_65535,2,44,5527730,50,1,1,0,7,0,28,1,1,pre_allocation
65,9156,greenran_normal,0,0,65535_65535,2,44,5527730,57,1,1,1,8,57,28,1,1,allocated
65,9156,greenran_normal,0,0,65535_65535,2,55,5527730,50,1,1,0,7,0,28,1,1,pre_allocation
65,9156,greenran_normal,0,0,65535_65535,2,55,5527730,57,1,1,1,8,57,28,1,1,allocated
65,9156,greenran_normal,0,0,65535_65535,2,56,5527730,50,1,1,0,7,0,28,1,1,pre_allocation
65,9156,greenran_normal,0,0,65535_65535,2,56,5527730,57,1,1,1,8,57,28,1,1,allocated
65,9156,greenran_normal,0,0,65535_65535,2,57,5527730,50,1,1,0,7,0,28,1,1,pre_allocation
65,9156,greenran_normal,0,0,65535_65535,2,57,5527730,57,1,1,1,8,57,28,1,1,allocated
65,9156,greenran_normal,0,0,65535_65535,2,38,5530250,2,1,1,0,8,0,2,1,1,pre_allocation
65,9156,greenran_normal,0,0,65535_65535,2,38,5530250,2,1,1,1,9,2,2,1,1,allocated
65,9156,greenran_normal,0,0,65535_65535,2,60,5529935,13,1,1,0,8,0,12,1,1,pre_allocation
65,9156,greenran_normal,0,0,65535_65535,2,60,5529935,15,1,1,1,9,15,12,1,1,allocated
65,9156,greenran_normal,0,0,65535_65535,2,64,5529568,23,1,1,0,8,0,16,1,1,pre_allocation
65,9156,greenran_normal,0,0,65535_65535,2,64,5529568,26,1,1,1,9,26,16,1,1,allocated
65,9156,greenran_normal,0,0,65535_65535,2,43,5528952,33,1,1,0,8,0,20,1,1,pre_allocation
65,9156,greenran_normal,0,0,65535_65535,2,43,5528952,37,1,1,1,9,37,20,1,1,allocated
65,9156,greenran_normal,0,0,65535_65535,2,42,5528274,26,1,1,0,8,0,18,1,1,pre_allocation
65,9156,greenran_normal,0,0,65535_65535,2,42,5528274,30,1,1,1,9,30,18,1,1,allocated
65,9156,greenran_normal,0,0,65535_65535,2,59,5527829,57,1,1,0,8,0,28,1,1,pre_allocation
65,9156,greenran_normal,0,0,65535_65535,2,59,5527829,65,1,1,1,9,65,28,1,1,allocated
65,9156,greenran_normal,0,0,65535_65535,2,40,5527740,57,1,1,0,8,0,28,1,1,pre_allocation
65,9156,greenran_normal,0,0,65535_65535,2,40,5527740,65,1,1,1,9,65,28,1,1,allocated
65,9156,greenran_normal,0,0,65535_65535,2,41,5527740,57,1,1,0,8,0,28,1,1,pre_allocation
65,9156,greenran_normal,0,0,65535_65535,2,41,5527740,65,1,1,1,9,65,28,1,1,allocated
65,9156,greenran_normal,0,0,65535_65535,2,61,5527737,57,1,1,0,8,0,28,1,1,pre_allocation
65,9156,greenran_normal,0,0,65535_65535,2,61,5527737,65,1,1,1,9,65,28,1,1,allocated
65,9156,greenran_normal,0,0,65535_65535,2,58,5527808,53,1,1,0,8,0,26,1,1,pre_allocation
65,9156,greenran_normal,0,0,65535_65535,2,58,5527808,60,1,1,1,9,60,26,1,1,allocated
65,9156,greenran_normal,0,0,65535_65535,2,62,5527736,57,1,1,0,8,0,28,1,1,pre_allocation
65,9156,greenran_normal,0,0,65535_65535,2,62,5527736,65,1,1,1,9,65,28,1,1,allocated
65,9156,greenran_normal,0,0,65535_65535,2,63,5527735,57,1,1,0,8,0,28,1,1,pre_allocation
65,9156,greenran_normal,0,0,65535_65535,2,63,5527735,65,1,1,1,9,65,28,1,1,allocated
65,9156,greenran_normal,0,0,65535_65535,2,36,5527782,46,1,1,0,8,0,24,1,1,pre_allocation
65,9156,greenran_normal,0,0,65535_65535,2,36,5527782,52,1,1,1,9,52,24,1,1,allocated
65,9156,greenran_normal,0,0,65535_65535,2,37,5527733,57,1,1,0,8,0,28,1,1,pre_allocation
65,9156,greenran_normal,0,0,65535_65535,2,37,5527733,65,1,1,1,9,65,28,1,1,allocated
65,9156,greenran_normal,0,0,65535_65535,2,39,5527735,57,1,1,0,8,0,28,1,1,pre_allocation
65,9156,greenran_normal,0,0,65535_65535,2,39,5527735,65,1,1,1,9,65,28,1,1,allocated
65,9156,greenran_normal,0,0,65535_65535,2,35,5527730,57,1,1,0,8,0,28,1,1,pre_allocation
65,9156,greenran_normal,0,0,65535_65535,2,35,5527730,65,1,1,1,9,65,28,1,1,allocated
65,9156,greenran_normal,0,0,65535_65535,2,44,5527730,57,1,1,0,8,0,28,1,1,pre_allocation
65,9156,greenran_normal,0,0,65535_65535,2,44,5527730,65,1,1,1,9,65,28,1,1,allocated
65,9156,greenran_normal,0,0,65535_65535,2,55,5527730,57,1,1,0,8,0,28,1,1,pre_allocation
65,9156,greenran_normal,0,0,65535_65535,2,55,5527730,65,1,1,1,9,65,28,1,1,allocated
65,9156,greenran_normal,0,0,65535_65535,2,56,5527730,57,1,1,0,8,0,28,1,1,pre_allocation
65,9156,greenran_normal,0,0,65535_65535,2,56,5527730,65,1,1,1,9,65,28,1,1,allocated
65,9156,greenran_normal,0,0,65535_65535,2,57,5527730,57,1,1,0,8,0,28,1,1,pre_allocation
65,9156,greenran_normal,0,0,65535_65535,2,57,5527730,65,1,1,1,9,65,28,1,1,allocated
65,9156,greenran_normal,0,0,65535_65535,2,38,5530250,2,1,1,0,9,0,2,1,1,pre_allocation
65,9156,greenran_normal,0,0,65535_65535,2,38,5530250,0,1,1,1,10,0,2,1,1,allocated
65,9156,greenran_normal,0,0,65535_65535,2,60,5529935,15,1,1,0,9,0,12,1,1,pre_allocation
65,9156,greenran_normal,0,0,65535_65535,2,60,5529935,17,1,1,1,10,17,12,1,1,allocated
65,9156,greenran_normal,0,0,65535_65535,2,64,5529568,26,1,1,0,9,0,16,1,1,pre_allocation
65,9156,greenran_normal,0,0,65535_65535,2,64,5529568,30,1,1,1,10,30,16,1,1,allocated
65,9156,greenran_normal,0,0,65535_65535,2,43,5528952,37,1,1,0,9,0,20,1,1,pre_allocation
65,9156,greenran_normal,0,0,65535_65535,2,43,5528952,42,1,1,1,10,42,20,1,1,allocated
65,9156,greenran_normal,0,0,65535_65535,2,42,5528274,30,1,1,0,9,0,18,1,1,pre_allocation
65,9156,greenran_normal,0,0,65535_65535,2,42,5528274,34,1,1,1,10,34,18,1,1,allocated
65,9156,greenran_normal,0,0,65535_65535,2,59,5527829,65,1,1,0,9,0,28,1,1,pre_allocation
65,9156,greenran_normal,0,0,65535_65535,2,59,5527829,72,1,1,1,10,72,28,1,1,allocated
65,9156,greenran_normal,0,0,65535_65535,2,40,5527740,65,1,1,0,9,0,28,1,1,pre_allocation
65,9156,greenran_normal,0,0,65535_65535,2,40,5527740,72,1,1,1,10,72,28,1,1,allocated
65,9156,greenran_normal,0,0,65535_65535,2,41,5527740,65,1,1,0,9,0,28,1,1,pre_allocation
65,9156,greenran_normal,0,0,65535_65535,2,41,5527740,72,1,1,1,10,72,28,1,1,allocated
65,9156,greenran_normal,0,0,65535_65535,2,61,5527737,65,1,1,0,9,0,28,1,1,pre_allocation
65,9156,greenran_normal,0,0,65535_65535,2,61,5527737,72,1,1,1,10,72,28,1,1,allocated
65,9156,greenran_normal,0,0,65535_65535,2,58,5527808,60,1,1,0,9,0,26,1,1,pre_allocation
65,9156,greenran_normal,0,0,65535_65535,2,58,5527808,67,1,1,1,10,67,26,1,1,allocated
65,9156,greenran_normal,0,0,65535_65535,2,62,5527736,65,1,1,0,9,0,28,1,1,pre_allocation
65,9156,greenran_normal,0,0,65535_65535,2,62,5527736,72,1,1,1,10,72,28,1,1,allocated
65,9156,greenran_normal,0,0,65535_65535,2,63,5527735,65,1,1,0,9,0,28,1,1,pre_allocation
65,9156,greenran_normal,0,0,65535_65535,2,63,5527735,72,1,1,1,10,72,28,1,1,allocated
65,9156,greenran_normal,0,0,65535_65535,2,36,5527782,52,1,1,0,9,0,24,1,1,pre_allocation
65,9156,greenran_normal,0,0,65535_65535,2,36,5527782,58,1,1,1,10,58,24,1,1,allocated
65,9156,greenran_normal,0,0,65535_65535,2,37,5527733,65,1,1,0,9,0,28,1,1,pre_allocation
65,9156,greenran_normal,0,0,65535_65535,2,37,5527733,72,1,1,1,10,72,28,1,1,allocated
65,9156,greenran_normal,0,0,65535_65535,2,39,5527735,65,1,1,0,9,0,28,1,1,pre_allocation
65,9156,greenran_normal,0,0,65535_65535,2,39,5527735,72,1,1,1,10,72,28,1,1,allocated
65,9156,greenran_normal,0,0,65535_65535,2,35,5527730,65,1,1,0,9,0,28,1,1,pre_allocation
65,9156,greenran_normal,0,0,65535_65535,2,35,5527730,72,1,1,1,10,72,28,1,1,allocated
65,9156,greenran_normal,0,0,65535_65535,2,44,5527730,65,1,1,0,9,0,28,1,1,pre_allocation
65,9156,greenran_normal,0,0,65535_65535,2,44,5527730,72,1,1,1,10,72,28,1,1,allocated
65,9156,greenran_normal,0,0,65535_65535,2,55,5527730,65,1,1,0,9,0,28,1,1,pre_allocation
65,9156,greenran_normal,0,0,65535_65535,2,55,5527730,72,1,1,1,10,72,28,1,1,allocated
65,9156,greenran_normal,0,0,65535_65535,2,56,5527730,65,1,1,0,9,0,28,1,1,pre_allocation
65,9156,greenran_normal,0,0,65535_65535,2,56,5527730,72,1,1,1,10,72,28,1,1,allocated
65,9156,greenran_normal,0,0,65535_65535,2,57,5527730,65,1,1,0,9,0,28,1,1,pre_allocation
65,9156,greenran_normal,0,0,65535_65535,2,57,5527730,72,1,1,1,10,72,28,1,1,allocated
65,9156,greenran_normal,0,0,65535_65535,2,38,5530250,0,1,1,0,10,0,2,1,1,pre_allocation
65,9156,greenran_normal,0,0,65535_65535,2,38,5530250,0,1,1,1,11,0,2,1,1,allocated
65,9156,greenran_normal,0,0,65535_65535,2,60,5529935,17,1,1,0,10,0,12,1,1,pre_allocation
65,9156,greenran_normal,0,0,65535_65535,2,60,5529935,19,1,1,1,11,19,12,1,1,allocated
65,9156,greenran_normal,0,0,65535_65535,2,64,5529568,30,1,1,0,10,0,16,1,1,pre_allocation
65,9156,greenran_normal,0,0,65535_65535,2,64,5529568,33,1,1,1,11,33,16,1,1,allocated
67,9276,greenran_normal,0,0,65535_65535,0,4,175671,0,1,1,0,0,0,22,1,1,pre_allocation
67,9276,greenran_normal,0,0,65535_65535,0,4,175671,2,1,1,1,1,2,22,1,1,allocated
67,9276,greenran_normal,0,0,65535_65535,0,1,172853,0,1,1,0,0,0,28,1,1,pre_allocation
67,9276,greenran_normal,0,0,65535_65535,0,1,172853,4,1,1,1,1,4,28,1,1,allocated
67,9276,greenran_normal,0,0,65535_65535,0,2,172833,0,1,1,0,0,0,28,1,1,pre_allocation
67,9276,greenran_normal,0,0,65535_65535,0,2,172833,4,1,1,1,1,4,28,1,1,allocated
67,9276,greenran_normal,0,0,65535_65535,0,3,172828,0,1,1,0,0,0,28,1,1,pre_allocation
67,9276,greenran_normal,0,0,65535_65535,0,3,172828,4,1,1,1,1,4,28,1,1,allocated
67,9276,greenran_normal,0,0,65535_65535,0,5,172823,0,1,1,0,0,0,28,1,1,pre_allocation
67,9276,greenran_normal,0,0,65535_65535,0,5,172823,4,1,1,1,1,4,28,1,1,allocated
67,9276,greenran_normal,0,0,65535_65535,0,4,175671,2,1,1,0,1,0,22,1,1,pre_allocation
67,9276,greenran_normal,0,0,65535_65535,0,4,175671,7,1,1,1,2,7,22,1,1,allocated
67,9276,greenran_normal,0,0,65535_65535,0,1,172853,4,1,1,0,1,0,28,1,1,pre_allocation
67,9276,greenran_normal,0,0,65535_65535,0,1,172853,12,1,1,1,2,12,28,1,1,allocated
67,9276,greenran_normal,0,0,65535_65535,0,2,172833,4,1,1,0,1,0,28,1,1,pre_allocation
67,9276,greenran_normal,0,0,65535_65535,0,2,172833,12,1,1,1,2,12,28,1,1,allocated
67,9276,greenran_normal,0,0,65535_65535,0,3,172828,4,1,1,0,1,0,28,1,1,pre_allocation
67,9276,greenran_normal,0,0,65535_65535,0,3,172828,12,1,1,1,2,12,28,1,1,allocated
67,9276,greenran_normal,0,0,65535_65535,0,5,172823,4,1,1,0,1,0,28,1,1,pre_allocation
67,9276,greenran_normal,0,0,65535_65535,0,5,172823,12,1,1,1,2,12,28,1,1,allocated
67,9276,greenran_normal,0,0,65535_65535,0,4,175671,7,1,1,0,2,0,22,1,1,pre_allocation
67,9276,greenran_normal,0,0,65535_65535,0,4,175671,13,1,1,1,3,13,22,1,1,allocated
67,9276,greenran_normal,0,0,65535_65535,0,1,172853,12,1,1,0,2,0,28,1,1,pre_allocation
67,9276,greenran_normal,0,0,65535_65535,0,1,172853,19,1,1,1,3,19,28,1,1,allocated
67,9276,greenran_normal,0,0,65535_65535,0,2,172833,12,1,1,0,2,0,28,1,1,pre_allocation
67,9276,greenran_normal,0,0,65535_65535,0,2,172833,19,1,1,1,3,19,28,1,1,allocated
67,9276,greenran_normal,0,0,65535_65535,0,3,172828,12,1,1,0,2,0,28,1,1,pre_allocation
67,9276,greenran_normal,0,0,65535_65535,0,3,172828,19,1,1,1,3,19,28,1,1,allocated
67,9276,greenran_normal,0,0,65535_65535,0,5,172823,12,1,1,0,2,0,28,1,1,pre_allocation
67,9276,greenran_normal,0,0,65535_65535,0,5,172823,19,1,1,1,3,19,28,1,1,allocated
67,9276,greenran_normal,0,0,65535_65535,0,4,175671,13,1,1,0,3,0,22,1,1,pre_allocation
67,9276,greenran_normal,0,0,65535_65535,0,4,175671,18,1,1,1,4,18,22,1,1,allocated
67,9276,greenran_normal,0,0,65535_65535,0,1,172853,19,1,1,0,3,0,28,1,1,pre_allocation
67,9276,greenran_normal,0,0,65535_65535,0,1,172853,27,1,1,1,4,27,28,1,1,allocated
67,9276,greenran_normal,0,0,65535_65535,0,2,172833,19,1,1,0,3,0,28,1,1,pre_allocation
67,9276,greenran_normal,0,0,65535_65535,0,2,172833,27,1,1,1,4,27,28,1,1,allocated
67,9276,greenran_normal,0,0,65535_65535,0,3,172828,19,1,1,0,3,0,28,1,1,pre_allocation
67,9276,greenran_normal,0,0,65535_65535,0,3,172828,27,1,1,1,4,27,28,1,1,allocated
67,9276,greenran_normal,0,0,65535_65535,0,5,172823,19,1,1,0,3,0,28,1,1,pre_allocation
67,9276,greenran_normal,0,0,65535_65535,0,5,172823,27,1,1,1,4,27,28,1,1,allocated
67,9276,greenran_normal,0,0,65535_65535,0,4,175671,18,1,1,0,4,0,22,1,1,pre_allocation
67,9276,greenran_normal,0,0,65535_65535,0,4,175671,23,1,1,1,5,23,22,1,1,allocated
67,9276,greenran_normal,0,0,65535_65535,0,1,172853,27,1,1,0,4,0,28,1,1,pre_allocation
67,9276,greenran_normal,0,0,65535_65535,0,1,172853,34,1,1,1,5,34,28,1,1,allocated
67,9276,greenran_normal,0,0,65535_65535,0,2,172833,27,1,1,0,4,0,28,1,1,pre_allocation
67,9276,greenran_normal,0,0,65535_65535,0,2,172833,34,1,1,1,5,34,28,1,1,allocated
67,9276,greenran_normal,0,0,65535_65535,0,3,172828,27,1,1,0,4,0,28,1,1,pre_allocation
67,9276,greenran_normal,0,0,65535_65535,0,3,172828,34,1,1,1,5,34,28,1,1,allocated
67,9276,greenran_normal,0,0,65535_65535,0,5,172823,27,1,1,0,4,0,28,1,1,pre_allocation
67,9276,greenran_normal,0,0,65535_65535,0,5,172823,34,1,1,1,5,34,28,1,1,allocated
67,9276,greenran_normal,0,0,65535_65535,0,4,175671,23,1,1,0,5,0,22,1,1,pre_allocation
67,9276,greenran_normal,0,0,65535_65535,0,4,175671,29,1,1,1,6,29,22,1,1,allocated
67,9276,greenran_normal,0,0,65535_65535,0,1,172853,34,1,1,0,5,0,28,1,1,pre_allocation
67,9276,greenran_normal,0,0,65535_65535,0,1,172853,42,1,1,1,6,42,28,1,1,allocated
67,9276,greenran_normal,0,0,65535_65535,0,2,172833,34,1,1,0,5,0,28,1,1,pre_allocation
67,9276,greenran_normal,0,0,65535_65535,0,2,172833,42,1,1,1,6,42,28,1,1,allocated
67,9276,greenran_normal,0,0,65535_65535,0,3,172828,34,1,1,0,5,0,28,1,1,pre_allocation
67,9276,greenran_normal,0,0,65535_65535,0,3,172828,42,1,1,1,6,42,28,1,1,allocated
67,9276,greenran_normal,0,0,65535_65535,0,5,172823,34,1,1,0,5,0,28,1,1,pre_allocation
67,9276,greenran_normal,0,0,65535_65535,0,5,172823,42,1,1,1,6,42,28,1,1,allocated
67,9276,greenran_normal,0,0,65535_65535,0,4,175671,29,1,1,0,6,0,22,1,1,pre_allocation
67,9276,greenran_normal,0,0,65535_65535,0,4,175671,34,1,1,1,7,34,22,1,1,allocated
67,9276,greenran_normal,0,0,65535_65535,0,1,172853,42,1,1,0,6,0,28,1,1,pre_allocation
67,9276,greenran_normal,0,0,65535_65535,0,1,172853,50,1,1,1,7,50,28,1,1,allocated
67,9276,greenran_normal,0,0,65535_65535,0,2,172833,42,1,1,0,6,0,28,1,1,pre_allocation
67,9276,greenran_normal,0,0,65535_65535,0,2,172833,50,1,1,1,7,50,28,1,1,allocated
67,9276,greenran_normal,0,0,65535_65535,0,3,172828,42,1,1,0,6,0,28,1,1,pre_allocation
67,9276,greenran_normal,0,0,65535_65535,0,3,172828,50,1,1,1,7,50,28,1,1,allocated
67,9276,greenran_normal,0,0,65535_65535,0,5,172823,42,1,1,0,6,0,28,1,1,pre_allocation
67,9276,greenran_normal,0,0,65535_65535,0,5,172823,50,1,1,1,7,50,28,1,1,allocated
67,9276,greenran_normal,0,0,65535_65535,0,4,175671,34,1,1,0,7,0,22,1,1,pre_allocation
67,9276,greenran_normal,0,0,65535_65535,0,4,175671,39,1,1,1,8,39,22,1,1,allocated
67,9276,greenran_normal,0,0,65535_65535,0,1,172853,50,1,1,0,7,0,28,1,1,pre_allocation
67,9276,greenran_normal,0,0,65535_65535,0,1,172853,57,1,1,1,8,57,28,1,1,allocated
67,9276,greenran_normal,0,0,65535_65535,0,2,172833,50,1,1,0,7,0,28,1,1,pre_allocation
67,9276,greenran_normal,0,0,65535_65535,0,2,172833,57,1,1,1,8,57,28,1,1,allocated
67,9276,greenran_normal,0,0,65535_65535,0,3,172828,50,1,1,0,7,0,28,1,1,pre_allocation
67,9276,greenran_normal,0,0,65535_65535,0,3,172828,57,1,1,1,8,57,28,1,1,allocated
67,9276,greenran_normal,0,0,65535_65535,0,5,172823,50,1,1,0,7,0,28,1,1,pre_allocation
67,9276,greenran_normal,0,0,65535_65535,0,5,172823,57,1,1,1,8,57,28,1,1,allocated
67,9276,greenran_normal,0,0,65535_65535,0,4,175671,39,1,1,0,8,0,22,1,1,pre_allocation
67,9276,greenran_normal,0,0,65535_65535,0,4,175671,45,1,1,1,9,45,22,1,1,allocated
67,9276,greenran_normal,0,0,65535_65535,0,1,172853,57,1,1,0,8,0,28,1,1,pre_allocation
67,9276,greenran_normal,0,0,65535_65535,0,1,172853,65,1,1,1,9,65,28,1,1,allocated
67,9276,greenran_normal,0,0,65535_65535,0,2,172833,57,1,1,0,8,0,28,1,1,pre_allocation
67,9276,greenran_normal,0,0,65535_65535,0,2,172833,65,1,1,1,9,65,28,1,1,allocated
67,9276,greenran_normal,0,0,65535_65535,0,3,172828,57,1,1,0,8,0,28,1,1,pre_allocation
67,9276,greenran_normal,0,0,65535_65535,0,3,172828,65,1,1,1,9,65,28,1,1,allocated
67,9276,greenran_normal,0,0,65535_65535,0,5,172823,57,1,1,0,8,0,28,1,1,pre_allocation
67,9276,greenran_normal,0,0,65535_65535,0,5,172823,65,1,1,1,9,65,28,1,1,allocated
67,9276,greenran_normal,0,0,65535_65535,0,4,175671,45,1,1,0,9,0,22,1,1,pre_allocation
67,9276,greenran_normal,0,0,65535_65535,0,4,175671,50,1,1,1,10,50,22,1,1,allocated
67,9276,greenran_normal,0,0,65535_65535,0,1,172853,65,1,1,0,9,0,28,1,1,pre_allocation
67,9276,greenran_normal,0,0,65535_65535,0,1,172853,72,1,1,1,10,72,28,1,1,allocated
67,9276,greenran_normal,0,0,65535_65535,0,2,172833,65,1,1,0,9,0,28,1,1,pre_allocation
67,9276,greenran_normal,0,0,65535_65535,0,2,172833,72,1,1,1,10,72,28,1,1,allocated
67,9276,greenran_normal,0,0,65535_65535,0,3,172828,65,1,1,0,9,0,28,1,1,pre_allocation
67,9276,greenran_normal,0,0,65535_65535,0,3,172828,72,1,1,1,10,72,28,1,1,allocated
67,9276,greenran_normal,0,0,65535_65535,0,5,172823,65,1,1,0,9,0,28,1,1,pre_allocation
67,9276,greenran_normal,0,0,65535_65535,0,5,172823,72,1,1,1,10,72,28,1,1,allocated
67,9276,greenran_normal,0,0,65535_65535,0,4,175671,50,1,1,0,10,0,22,1,1,pre_allocation
67,9276,greenran_normal,0,0,65535_65535,0,4,175671,55,1,1,1,11,55,22,1,1,allocated
67,9276,greenran_normal,0,0,65535_65535,0,1,172853,72,1,1,0,10,0,28,1,1,pre_allocation
67,9276,greenran_normal,0,0,65535_65535,0,1,172853,80,1,1,1,11,80,28,1,1,allocated
67,9276,greenran_normal,0,0,65535_65535,0,2,172833,72,1,1,0,10,0,28,1,1,pre_allocation
67,9276,greenran_normal,0,0,65535_65535,0,2,172833,80,1,1,1,11,80,28,1,1,allocated
67,9276,greenran_normal,0,0,65535_65535,0,3,172828,72,1,1,0,10,0,28,1,1,pre_allocation
67,9276,greenran_normal,0,0,65535_65535,0,3,172828,80,1,1,1,11,80,28,1,1,allocated
67,9276,greenran_normal,0,0,65535_65535,0,5,172823,72,1,1,0,10,0,28,1,1,pre_allocation
67,9276,greenran_normal,0,0,65535_65535,0,5,172823,80,1,1,1,11,80,28,1,1,allocated
67,9276,greenran_normal,0,0,65535_65535,0,4,175671,55,1,1,0,11,0,22,1,1,pre_allocation
67,9276,greenran_normal,0,0,65535_65535,0,4,175671,61,1,1,1,12,61,22,1,1,allocated
67,9276,greenran_normal,0,0,65535_65535,0,1,172853,80,1,1,0,11,0,28,1,1,pre_allocation
67,9276,greenran_normal,0,0,65535_65535,0,1,172853,88,1,1,1,12,88,28,1,1,allocated
67,9276,greenran_normal,0,0,65535_65535,0,2,172833,80,1,1,0,11,0,28,1,1,pre_allocation
67,9276,greenran_normal,0,0,65535_65535,0,2,172833,88,1,1,1,12,88,28,1,1,allocated
67,9276,greenran_normal,0,0,65535_65535,0,3,172828,80,1,1,0,11,0,28,1,1,pre_allocation
67,9276,greenran_normal,0,0,65535_65535,0,3,172828,88,1,1,1,12,88,28,1,1,allocated
67,9276,greenran_normal,0,0,65535_65535,0,5,172823,80,1,1,0,11,0,28,1,1,pre_allocation
67,9276,greenran_normal,0,0,65535_65535,0,5,172823,88,1,1,1,12,88,28,1,1,allocated
67,9276,greenran_normal,0,0,65535_65535,0,4,175671,61,1,1,0,12,0,22,1,1,pre_allocation
67,9276,greenran_normal,0,0,65535_65535,0,4,175671,66,1,1,1,13,66,22,1,1,allocated
67,9276,greenran_normal,0,0,65535_65535,0,1,172853,88,1,1,0,12,0,28,1,1,pre_allocation
67,9276,greenran_normal,0,0,65535_65535,0,1,172853,95,1,1,1,13,95,28,1,1,allocated
67,9276,greenran_normal,0,0,65535_65535,0,2,172833,88,1,1,0,12,0,28,1,1,pre_allocation
67,9276,greenran_normal,0,0,65535_65535,0,2,172833,95,1,1,1,13,95,28,1,1,allocated
67,9276,greenran_normal,0,0,65535_65535,0,3,172828,88,1,1,0,12,0,28,1,1,pre_allocation
67,9276,greenran_normal,0,0,65535_65535,0,3,172828,95,1,1,1,13,95,28,1,1,allocated
67,9276,greenran_normal,0,0,65535_65535,0,5,172823,88,1,1,0,12,0,28,1,1,pre_allocation
67,9276,greenran_normal,0,0,65535_65535,0,5,172823,95,1,1,1,13,95,28,1,1,allocated
67,9276,greenran_normal,0,0,65535_65535,0,4,175671,66,1,1,0,13,0,22,1,1,pre_allocation
67,9276,greenran_normal,0,0,65535_65535,0,4,175671,72,1,1,1,14,72,22,1,1,allocated
67,9276,greenran_normal,0,0,65535_65535,0,1,172853,95,1,1,0,13,0,28,1,1,pre_allocation
67,9276,greenran_normal,0,0,65535_65535,0,1,172853,103,1,1,1,14,103,28,1,1,allocated
67,9276,greenran_normal,0,0,65535_65535,0,2,172833,95,1,1,0,13,0,28,1,1,pre_allocation
67,9276,greenran_normal,0,0,65535_65535,0,2,172833,103,1,1,1,14,103,28,1,1,allocated
67,9276,greenran_normal,0,0,65535_65535,0,3,172828,95,1,1,0,13,0,28,1,1,pre_allocation
67,9276,greenran_normal,0,0,65535_65535,0,3,172828,103,1,1,1,14,103,28,1,1,allocated
67,9276,greenran_normal,0,0,65535_65535,0,5,172823,95,1,1,0,13,0,28,1,1,pre_allocation
67,9276,greenran_normal,0,0,65535_65535,0,5,172823,103,1,1,1,14,103,28,1,1,allocated
67,9276,greenran_normal,0,0,65535_65535,0,4,175671,72,1,1,0,14,0,22,1,1,pre_allocation
67,9276,greenran_normal,0,0,65535_65535,0,4,175671,77,1,1,1,15,77,22,1,1,allocated
67,9276,greenran_normal,0,0,65535_65535,0,1,172853,103,1,1,0,14,0,28,1,1,pre_allocation
67,9276,greenran_normal,0,0,65535_65535,0,1,172853,110,1,1,1,15,110,28,1,1,allocated
67,9276,greenran_normal,0,0,65535_65535,0,2,172833,103,1,1,0,14,0,28,1,1,pre_allocation
67,9276,greenran_normal,0,0,65535_65535,0,2,172833,110,1,1,1,15,110,28,1,1,allocated
67,9276,greenran_normal,0,0,65535_65535,0,3,172828,103,1,1,0,14,0,28,1,1,pre_allocation
67,9276,greenran_normal,0,0,65535_65535,0,3,172828,110,1,1,1,15,110,28,1,1,allocated
67,9276,greenran_normal,0,0,65535_65535,0,5,172823,103,1,1,0,14,0,28,1,1,pre_allocation
67,9276,greenran_normal,0,0,65535_65535,0,5,172823,110,1,1,1,15,110,28,1,1,allocated
67,9276,greenran_normal,0,0,65535_65535,0,4,175671,77,1,1,0,15,0,22,1,1,pre_allocation
67,9276,greenran_normal,0,0,65535_65535,0,4,175671,82,1,1,1,16,82,22,1,1,allocated
67,9276,greenran_normal,0,0,65535_65535,0,1,172853,110,1,1,0,15,0,28,1,1,pre_allocation
67,9276,greenran_normal,0,0,65535_65535,0,1,172853,118,1,1,1,16,118,28,1,1,allocated
67,9276,greenran_normal,0,0,65535_65535,0,2,172833,110,1,1,0,15,0,28,1,1,pre_allocation
67,9276,greenran_normal,0,0,65535_65535,0,2,172833,118,1,1,1,16,118,28,1,1,allocated
67,9276,greenran_normal,0,0,65535_65535,0,3,172828,110,1,1,0,15,0,28,1,1,pre_allocation
67,9276,greenran_normal,0,0,65535_65535,0,3,172828,118,1,1,1,16,118,28,1,1,allocated
67,9276,greenran_normal,0,0,65535_65535,0,5,172823,110,1,1,0,15,0,28,1,1,pre_allocation
67,9276,greenran_normal,0,0,65535_65535,0,5,172823,118,1,1,1,16,118,28,1,1,allocated
67,9276,greenran_normal,0,0,65535_65535,0,4,175671,82,1,1,0,16,0,22,1,1,pre_allocation
67,9276,greenran_normal,0,0,65535_65535,0,4,175671,88,1,1,1,17,88,22,1,1,allocated
67,9276,greenran_normal,0,0,65535_65535,0,1,172853,118,1,1,0,16,0,28,1,1,pre_allocation
67,9276,greenran_normal,0,0,65535_65535,0,1,172853,126,1,1,1,17,126,28,1,1,allocated
67,9276,greenran_normal,0,0,65535_65535,0,2,172833,118,1,1,0,16,0,28,1,1,pre_allocation
67,9276,greenran_normal,0,0,65535_65535,0,2,172833,126,1,1,1,17,126,28,1,1,allocated
67,9276,greenran_normal,0,0,65535_65535,0,3,172828,118,1,1,0,16,0,28,1,1,pre_allocation
67,9276,greenran_normal,0,0,65535_65535,0,3,172828,126,1,1,1,17,126,28,1,1,allocated
67,9276,greenran_normal,0,0,65535_65535,0,5,172823,118,1,1,0,16,0,28,1,1,pre_allocation
67,9276,greenran_normal,0,0,65535_65535,0,5,172823,126,1,1,1,17,126,28,1,1,allocated
67,9276,greenran_normal,0,0,65535_65535,0,4,175671,88,1,1,0,17,0,22,1,1,pre_allocation
67,9276,greenran_normal,0,0,65535_65535,0,4,175671,93,1,1,1,18,93,22,1,1,allocated
67,9276,greenran_normal,0,0,65535_65535,0,1,172853,126,1,1,0,17,0,28,1,1,pre_allocation
67,9276,greenran_normal,0,0,65535_65535,0,1,172853,133,1,1,1,18,133,28,1,1,allocated
67,9276,greenran_normal,0,0,65535_65535,0,2,172833,126,1,1,0,17,0,28,1,1,pre_allocation
67,9276,greenran_normal,0,0,65535_65535,0,2,172833,133,1,1,1,18,133,28,1,1,allocated
67,9276,greenran_normal,0,0,65535_65535,0,3,172828,126,1,1,0,17,0,28,1,1,pre_allocation
67,9276,greenran_normal,0,0,65535_65535,0,3,172828,133,1,1,1,18,133,28,1,1,allocated
67,9276,greenran_normal,0,0,65535_65535,0,5,172823,126,1,1,0,17,0,28,1,1,pre_allocation
67,9276,greenran_normal,0,0,65535_65535,0,5,172823,133,1,1,1,18,133,28,1,1,allocated
67,9276,greenran_normal,0,0,65535_65535,0,4,175671,93,1,1,0,18,0,22,1,1,pre_allocation
67,9276,greenran_normal,0,0,65535_65535,0,4,175671,98,1,1,1,19,98,22,1,1,allocated
67,9276,greenran_normal,0,0,65535_65535,0,1,172853,133,1,1,0,18,0,28,1,1,pre_allocation
67,9276,greenran_normal,0,0,65535_65535,0,1,172853,141,1,1,1,19,141,28,1,1,allocated
67,9276,greenran_normal,0,0,65535_65535,0,2,172833,133,1,1,0,18,0,28,1,1,pre_allocation
67,9276,greenran_normal,0,0,65535_65535,0,2,172833,141,1,1,1,19,141,28,1,1,allocated
67,9276,greenran_normal,0,0,65535_65535,0,3,172828,133,1,1,0,18,0,28,1,1,pre_allocation
67,9276,greenran_normal,0,0,65535_65535,0,3,172828,141,1,1,1,19,141,28,1,1,allocated
67,9276,greenran_normal,0,0,65535_65535,0,5,172823,133,1,1,0,18,0,28,1,1,pre_allocation
67,9276,greenran_normal,0,0,65535_65535,0,5,172823,141,1,1,1,19,141,28,1,1,allocated
67,9276,greenran_normal,0,0,65535_65535,0,4,175671,98,1,1,0,19,0,22,1,1,pre_allocation
67,9276,greenran_normal,0,0,65535_65535,0,4,175671,104,1,1,1,20,104,22,1,1,allocated
67,9276,greenran_normal,0,0,65535_65535,0,1,172853,141,1,1,0,19,0,28,1,1,pre_allocation
67,9276,greenran_normal,0,0,65535_65535,0,1,172853,148,1,1,1,20,148,28,1,1,allocated
67,9276,greenran_normal,0,0,65535_65535,0,2,172833,141,1,1,0,19,0,28,1,1,pre_allocation
67,9276,greenran_normal,0,0,65535_65535,0,2,172833,148,1,1,1,20,148,28,1,1,allocated
67,9276,greenran_normal,0,0,65535_65535,0,3,172828,141,1,1,0,19,0,28,1,1,pre_allocation
67,9276,greenran_normal,0,0,65535_65535,0,3,172828,148,1,1,1,20,148,28,1,1,allocated
67,9276,greenran_normal,0,0,65535_65535,0,5,172823,141,1,1,0,19,0,28,1,1,pre_allocation
67,9276,greenran_normal,0,0,65535_65535,0,5,172823,148,1,1,1,20,148,28,1,1,allocated
67,9276,greenran_normal,0,0,65535_65535,0,4,175671,104,1,1,0,20,0,22,1,1,pre_allocation
67,9276,greenran_normal,0,0,65535_65535,0,4,175671,109,1,1,1,21,109,22,1,1,allocated
67,9276,greenran_normal,0,0,65535_65535,0,1,172853,148,1,1,0,20,0,28,1,1,pre_allocation
67,9276,greenran_normal,0,0,65535_65535,0,1,172853,156,1,1,1,21,156,28,1,1,allocated
67,9276,greenran_normal,0,0,65535_65535,0,2,172833,148,1,1,0,20,0,28,1,1,pre_allocation
67,9276,greenran_normal,0,0,65535_65535,0,2,172833,156,1,1,1,21,156,28,1,1,allocated
67,9276,greenran_normal,0,0,65535_65535,0,3,172828,148,1,1,0,20,0,28,1,1,pre_allocation
67,9276,greenran_normal,0,0,65535_65535,0,3,172828,156,1,1,1,21,156,28,1,1,allocated
67,9276,greenran_normal,0,0,65535_65535,0,5,172823,148,1,1,0,20,0,28,1,1,pre_allocation
67,9276,greenran_normal,0,0,65535_65535,0,5,172823,156,1,1,1,21,156,28,1,1,allocated
67,9276,greenran_normal,0,0,65535_65535,0,4,175671,109,1,1,0,21,0,22,1,1,pre_allocation
67,9276,greenran_normal,0,0,65535_65535,0,4,175671,114,1,1,1,22,114,22,1,1,allocated
67,9276,greenran_normal,0,0,65535_65535,0,1,172853,156,1,1,0,21,0,28,1,1,pre_allocation
67,9276,greenran_normal,0,0,65535_65535,0,1,172853,163,1,1,1,22,163,28,1,1,allocated
67,9276,greenran_normal,0,0,65535_65535,0,2,172833,156,1,1,0,21,0,28,1,1,pre_allocation
67,9276,greenran_normal,0,0,65535_65535,0,2,172833,163,1,1,1,22,163,28,1,1,allocated
67,9276,greenran_normal,0,0,65535_65535,0,3,172828,156,1,1,0,21,0,28,1,1,pre_allocation
67,9276,greenran_normal,0,0,65535_65535,0,3,172828,163,1,1,1,22,163,28,1,1,allocated
67,9276,greenran_normal,0,0,65535_65535,0,5,172823,156,1,1,0,21,0,28,1,1,pre_allocation
67,9276,greenran_normal,0,0,65535_65535,0,5,172823,163,1,1,1,22,163,28,1,1,allocated
67,9276,greenran_normal,0,0,65535_65535,0,4,175671,114,1,1,0,22,0,22,1,1,pre_allocation
67,9276,greenran_normal,0,0,65535_65535,0,4,175671,120,1,1,1,23,120,22,1,1,allocated
67,9276,greenran_normal,0,0,65535_65535,0,1,172853,163,1,1,0,22,0,28,1,1,pre_allocation
67,9276,greenran_normal,0,0,65535_65535,0,1,172853,171,1,1,1,23,171,28,1,1,allocated
67,9276,greenran_normal,0,0,65535_65535,0,2,172833,163,1,1,0,22,0,28,1,1,pre_allocation
67,9276,greenran_normal,0,0,65535_65535,0,2,172833,171,1,1,1,23,171,28,1,1,allocated
67,9276,greenran_normal,0,0,65535_65535,0,3,172828,163,1,1,0,22,0,28,1,1,pre_allocation
67,9276,greenran_normal,0,0,65535_65535,0,3,172828,171,1,1,1,23,171,28,1,1,allocated
67,9276,greenran_normal,0,0,65535_65535,0,5,172823,163,1,1,0,22,0,28,1,1,pre_allocation
67,9276,greenran_normal,0,0,65535_65535,0,5,172823,171,1,1,1,23,171,28,1,1,allocated
67,9276,greenran_normal,0,0,65535_65535,0,4,175671,120,1,1,0,23,0,22,1,1,pre_allocation
67,9276,greenran_normal,0,0,65535_65535,0,4,175671,125,1,1,1,24,125,22,1,1,allocated
67,9276,greenran_normal,0,0,65535_65535,0,1,172853,171,1,1,0,23,0,28,1,1,pre_allocation
67,9276,greenran_normal,0,0,65535_65535,0,1,172853,179,1,1,1,24,179,28,1,1,allocated
67,9276,greenran_normal,0,0,65535_65535,0,2,172833,171,1,1,0,23,0,28,1,1,pre_allocation
67,9276,greenran_normal,0,0,65535_65535,0,2,172833,179,1,1,1,24,179,28,1,1,allocated
67,9276,greenran_normal,0,0,65535_65535,0,3,172828,171,1,1,0,23,0,28,1,1,pre_allocation
67,9276,greenran_normal,0,0,65535_65535,0,3,172828,179,1,1,1,24,179,28,1,1,allocated
67,9276,greenran_normal,0,0,65535_65535,0,5,172823,171,1,1,0,23,0,28,1,1,pre_allocation
67,9276,greenran_normal,0,0,65535_65535,0,5,172823,179,1,1,1,24,179,28,1,1,allocated
67,9276,greenran_normal,0,0,65535_65535,0,4,175671,125,1,1,0,24,0,22,1,1,pre_allocation
67,9276,greenran_normal,0,0,65535_65535,0,4,175671,131,1,1,1,25,131,22,1,1,allocated
67,9276,greenran_normal,0,0,65535_65535,0,1,172853,179,1,1,0,24,0,28,1,1,pre_allocation
67,9276,greenran_normal,0,0,65535_65535,0,1,172853,186,1,1,1,25,186,28,1,1,allocated
67,9276,greenran_normal,0,0,65535_65535,0,2,172833,179,1,1,0,24,0,28,1,1,pre_allocation
67,9276,greenran_normal,0,0,65535_65535,0,2,172833,186,1,1,1,25,186,28,1,1,allocated
67,9276,greenran_normal,0,0,65535_65535,0,3,172828,179,1,1,0,24,0,28,1,1,pre_allocation
67,9276,greenran_normal,0,0,65535_65535,0,3,172828,186,1,1,1,25,186,28,1,1,allocated
67,9276,greenran_normal,0,0,65535_65535,0,5,172823,179,1,1,0,24,0,28,1,1,pre_allocation
67,9276,greenran_normal,0,0,65535_65535,0,5,172823,186,1,1,1,25,186,28,1,1,allocated
67,9276,greenran_normal,0,0,65535_65535,0,4,175671,131,1,1,0,25,0,22,1,1,pre_allocation
67,9276,greenran_normal,0,0,65535_65535,0,4,175671,136,1,1,1,26,136,22,1,1,allocated
67,9276,greenran_normal,0,0,65535_65535,0,1,172853,186,1,1,0,25,0,28,1,1,pre_allocation
67,9276,greenran_normal,0,0,65535_65535,0,1,172853,194,1,1,1,26,194,28,1,1,allocated
67,9276,greenran_normal,0,0,65535_65535,0,2,172833,186,1,1,0,25,0,28,1,1,pre_allocation
67,9276,greenran_normal,0,0,65535_65535,0,2,172833,194,1,1,1,26,194,28,1,1,allocated
67,9276,greenran_normal,0,0,65535_65535,0,3,172828,186,1,1,0,25,0,28,1,1,pre_allocation
67,9276,greenran_normal,0,0,65535_65535,0,3,172828,194,1,1,1,26,194,28,1,1,allocated
67,9276,greenran_normal,0,0,65535_65535,0,5,172823,186,1,1,0,25,0,28,1,1,pre_allocation
67,9276,greenran_normal,0,0,65535_65535,0,5,172823,194,1,1,1,26,194,28,1,1,allocated
67,9276,greenran_normal,0,0,65535_65535,0,4,175671,136,1,1,0,26,0,22,1,1,pre_allocation
67,9276,greenran_normal,0,0,65535_65535,0,4,175671,141,1,1,1,27,141,22,1,1,allocated
67,9276,greenran_normal,0,0,65535_65535,0,1,172853,194,1,1,0,26,0,28,1,1,pre_allocation
67,9276,greenran_normal,0,0,65535_65535,0,1,172853,201,1,1,1,27,201,28,1,1,allocated
67,9276,greenran_normal,0,0,65535_65535,0,2,172833,194,1,1,0,26,0,28,1,1,pre_allocation
67,9276,greenran_normal,0,0,65535_65535,0,2,172833,201,1,1,1,27,201,28,1,1,allocated
67,9276,greenran_normal,0,0,65535_65535,0,3,172828,194,1,1,0,26,0,28,1,1,pre_allocation
67,9276,greenran_normal,0,0,65535_65535,0,3,172828,201,1,1,1,27,201,28,1,1,allocated
67,9276,greenran_normal,0,0,65535_65535,0,5,172823,194,1,1,0,26,0,28,1,1,pre_allocation
67,9276,greenran_normal,0,0,65535_65535,0,5,172823,201,1,1,1,27,201,28,1,1,allocated
67,9276,greenran_normal,0,0,65535_65535,0,4,175671,141,1,1,0,27,0,22,1,1,pre_allocation
67,9276,greenran_normal,0,0,65535_65535,0,4,175671,147,1,1,1,28,147,22,1,1,allocated
67,9276,greenran_normal,0,0,65535_65535,0,1,172853,201,1,1,0,27,0,28,1,1,pre_allocation
67,9276,greenran_normal,0,0,65535_65535,0,1,172853,209,1,1,1,28,209,28,1,1,allocated
67,9276,greenran_normal,0,0,65535_65535,0,2,172833,201,1,1,0,27,0,28,1,1,pre_allocation
67,9276,greenran_normal,0,0,65535_65535,0,2,172833,209,1,1,1,28,209,28,1,1,allocated
67,9276,greenran_normal,0,0,65535_65535,0,3,172828,201,1,1,0,27,0,28,1,1,pre_allocation
67,9276,greenran_normal,0,0,65535_65535,0,3,172828,209,1,1,1,28,209,28,1,1,allocated
67,9276,greenran_normal,0,0,65535_65535,0,5,172823,201,1,1,0,27,0,28,1,1,pre_allocation
67,9276,greenran_normal,0,0,65535_65535,0,5,172823,209,1,1,1,28,209,28,1,1,allocated
67,9276,greenran_normal,0,0,65535_65535,0,4,175671,147,1,1,0,28,0,22,1,1,pre_allocation
67,9276,greenran_normal,0,0,65535_65535,0,4,175671,152,1,1,1,29,152,22,1,1,allocated
67,9276,greenran_normal,0,0,65535_65535,0,1,172853,209,1,1,0,28,0,28,1,1,pre_allocation
67,9276,greenran_normal,0,0,65535_65535,0,1,172853,217,1,1,1,29,217,28,1,1,allocated
67,9276,greenran_normal,0,0,65535_65535,0,2,172833,209,1,1,0,28,0,28,1,1,pre_allocation
67,9276,greenran_normal,0,0,65535_65535,0,2,172833,217,1,1,1,29,217,28,1,1,allocated
67,9276,greenran_normal,0,0,65535_65535,0,3,172828,209,1,1,0,28,0,28,1,1,pre_allocation
67,9276,greenran_normal,0,0,65535_65535,0,3,172828,217,1,1,1,29,217,28,1,1,allocated
67,9276,greenran_normal,0,0,65535_65535,0,5,172823,209,1,1,0,28,0,28,1,1,pre_allocation
67,9276,greenran_normal,0,0,65535_65535,0,5,172823,217,1,1,1,29,217,28,1,1,allocated
67,9276,greenran_normal,0,0,65535_65535,0,4,175671,152,1,1,0,29,0,22,1,1,pre_allocation
67,9276,greenran_normal,0,0,65535_65535,0,4,175671,157,1,1,1,30,157,22,1,1,allocated
67,9276,greenran_normal,0,0,65535_65535,0,1,172853,217,1,1,0,29,0,28,1,1,pre_allocation
67,9276,greenran_normal,0,0,65535_65535,0,1,172853,224,1,1,1,30,224,28,1,1,allocated
67,9276,greenran_normal,0,0,65535_65535,0,2,172833,217,1,1,0,29,0,28,1,1,pre_allocation
67,9276,greenran_normal,0,0,65535_65535,0,2,172833,224,1,1,1,30,224,28,1,1,allocated
67,9276,greenran_normal,0,0,65535_65535,0,3,172828,217,1,1,0,29,0,28,1,1,pre_allocation
67,9276,greenran_normal,0,0,65535_65535,0,3,172828,224,1,1,1,30,224,28,1,1,allocated
67,9276,greenran_normal,0,0,65535_65535,0,5,172823,217,1,1,0,29,0,28,1,1,pre_allocation
67,9276,greenran_normal,0,0,65535_65535,0,5,172823,224,1,1,1,30,224,28,1,1,allocated
67,9276,greenran_normal,0,0,65535_65535,0,4,175671,157,1,1,0,30,0,22,1,1,pre_allocation
67,9276,greenran_normal,0,0,65535_65535,0,4,175671,163,1,1,1,31,163,22,1,1,allocated
67,9276,greenran_normal,0,0,65535_65535,0,1,172853,224,1,1,0,30,0,28,1,1,pre_allocation
67,9276,greenran_normal,0,0,65535_65535,0,1,172853,232,1,1,1,31,232,28,1,1,allocated
67,9276,greenran_normal,0,0,65535_65535,0,2,172833,224,1,1,0,30,0,28,1,1,pre_allocation
67,9276,greenran_normal,0,0,65535_65535,0,2,172833,232,1,1,1,31,232,28,1,1,allocated
67,9276,greenran_normal,0,0,65535_65535,0,3,172828,224,1,1,0,30,0,28,1,1,pre_allocation
67,9276,greenran_normal,0,0,65535_65535,0,3,172828,232,1,1,1,31,232,28,1,1,allocated
67,9276,greenran_normal,0,0,65535_65535,0,5,172823,224,1,1,0,30,0,28,1,1,pre_allocation
67,9276,greenran_normal,0,0,65535_65535,0,5,172823,232,1,1,1,31,232,28,1,1,allocated
67,9276,greenran_normal,0,0,65535_65535,0,4,175671,163,1,1,0,31,0,22,1,1,pre_allocation
67,9276,greenran_normal,0,0,65535_65535,0,4,175671,168,1,1,1,32,168,22,1,1,allocated
67,9276,greenran_normal,0,0,65535_65535,0,1,172853,232,1,1,0,31,0,28,1,1,pre_allocation
67,9276,greenran_normal,0,0,65535_65535,0,1,172853,239,1,1,1,32,239,28,1,1,allocated
67,9276,greenran_normal,0,0,65535_65535,0,2,172833,232,1,1,0,31,0,28,1,1,pre_allocation
67,9276,greenran_normal,0,0,65535_65535,0,2,172833,239,1,1,1,32,239,28,1,1,allocated
67,9276,greenran_normal,0,0,65535_65535,0,3,172828,232,1,1,0,31,0,28,1,1,pre_allocation
67,9276,greenran_normal,0,0,65535_65535,0,3,172828,239,1,1,1,32,239,28,1,1,allocated
67,9276,greenran_normal,0,0,65535_65535,0,5,172823,232,1,1,0,31,0,28,1,1,pre_allocation
67,9276,greenran_normal,0,0,65535_65535,0,5,172823,239,1,1,1,32,239,28,1,1,allocated
67,9276,greenran_normal,0,0,65535_65535,0,4,175671,168,1,1,0,32,0,22,1,1,pre_allocation
67,9276,greenran_normal,0,0,65535_65535,0,4,175671,173,1,1,1,33,173,22,1,1,allocated
67,9276,greenran_normal,0,0,65535_65535,0,1,172853,239,1,1,0,32,0,28,1,1,pre_allocation
67,9276,greenran_normal,0,0,65535_65535,0,1,172853,247,1,1,1,33,247,28,1,1,allocated
67,9276,greenran_normal,0,0,65535_65535,0,2,172833,239,1,1,0,32,0,28,1,1,pre_allocation
67,9276,greenran_normal,0,0,65535_65535,0,2,172833,247,1,1,1,33,247,28,1,1,allocated
67,9276,greenran_normal,0,0,65535_65535,0,3,172828,239,1,1,0,32,0,28,1,1,pre_allocation
67,9276,greenran_normal,0,0,65535_65535,0,3,172828,247,1,1,1,33,247,28,1,1,allocated
67,9276,greenran_normal,0,0,65535_65535,0,5,172823,239,1,1,0,32,0,28,1,1,pre_allocation
67,9276,greenran_normal,0,0,65535_65535,0,5,172823,247,1,1,1,33,247,28,1,1,allocated
67,9276,greenran_normal,0,0,65535_65535,0,4,175671,173,1,1,0,33,0,22,1,1,pre_allocation
67,9276,greenran_normal,0,0,65535_65535,0,4,175671,179,1,1,1,34,179,22,1,1,allocated
67,9276,greenran_normal,0,0,65535_65535,0,1,172853,247,1,1,0,33,0,28,1,1,pre_allocation
67,9276,greenran_normal,0,0,65535_65535,0,1,172853,255,1,1,1,34,255,28,1,1,allocated
67,9276,greenran_normal,0,0,65535_65535,0,2,172833,247,1,1,0,33,0,28,1,1,pre_allocation
67,9276,greenran_normal,0,0,65535_65535,0,2,172833,255,1,1,1,34,255,28,1,1,allocated
67,9276,greenran_normal,0,0,65535_65535,0,3,172828,247,1,1,0,33,0,28,1,1,pre_allocation
67,9276,greenran_normal,0,0,65535_65535,0,3,172828,255,1,1,1,34,255,28,1,1,allocated
67,9276,greenran_normal,0,0,65535_65535,0,5,172823,247,1,1,0,33,0,28,1,1,pre_allocation
67,9276,greenran_normal,0,0,65535_65535,0,5,172823,255,1,1,1,34,255,28,1,1,allocated
67,9276,greenran_normal,0,0,65535_65535,0,4,175671,179,1,1,0,34,0,22,1,1,pre_allocation
67,9276,greenran_normal,0,0,65535_65535,0,4,175671,184,1,1,1,35,184,22,1,1,allocated
67,9276,greenran_normal,0,0,65535_65535,2,38,5607578,0,1,1,0,0,0,15,1,1,pre_allocation
67,9276,greenran_normal,0,0,65535_65535,2,38,5607578,2,1,1,1,1,2,15,1,1,allocated
67,9276,greenran_normal,0,0,65535_65535,2,60,5607244,0,1,1,0,0,0,10,1,1,pre_allocation
67,9276,greenran_normal,0,0,65535_65535,2,60,5607244,1,1,1,1,1,1,10,1,1,allocated
67,9276,greenran_normal,0,0,65535_65535,2,64,5606858,0,1,1,0,0,0,18,1,1,pre_allocation
67,9276,greenran_normal,0,0,65535_65535,2,64,5606858,0,1,1,1,1,0,18,1,1,allocated
67,9276,greenran_normal,0,0,65535_65535,2,43,5606233,0,1,1,0,0,0,26,1,1,pre_allocation
67,9276,greenran_normal,0,0,65535_65535,2,43,5606233,4,1,1,1,1,4,26,1,1,allocated
67,9276,greenran_normal,0,0,65535_65535,2,42,5605551,0,1,1,0,0,0,24,1,1,pre_allocation
67,9276,greenran_normal,0,0,65535_65535,2,42,5605551,3,1,1,1,1,3,24,1,1,allocated
67,9276,greenran_normal,0,0,65535_65535,2,59,5605068,0,1,1,0,0,0,24,1,1,pre_allocation
67,9276,greenran_normal,0,0,65535_65535,2,59,5605068,3,1,1,1,1,3,24,1,1,allocated
67,9276,greenran_normal,0,0,65535_65535,2,36,5605030,0,1,1,0,0,0,26,1,1,pre_allocation
67,9276,greenran_normal,0,0,65535_65535,2,36,5605030,4,1,1,1,1,4,26,1,1,allocated
67,9276,greenran_normal,0,0,65535_65535,2,58,5605052,0,1,1,0,0,0,26,1,1,pre_allocation
67,9276,greenran_normal,0,0,65535_65535,2,58,5605052,4,1,1,1,1,4,26,1,1,allocated
67,9276,greenran_normal,0,0,65535_65535,2,35,5604969,0,1,1,0,0,0,28,1,1,pre_allocation
67,9276,greenran_normal,0,0,65535_65535,2,35,5604969,4,1,1,1,1,4,28,1,1,allocated
67,9276,greenran_normal,0,0,65535_65535,2,40,5604972,0,1,1,0,0,0,28,1,1,pre_allocation
67,9276,greenran_normal,0,0,65535_65535,2,40,5604972,4,1,1,1,1,4,28,1,1,allocated
67,9276,greenran_normal,0,0,65535_65535,2,44,5604969,0,1,1,0,0,0,28,1,1,pre_allocation
67,9276,greenran_normal,0,0,65535_65535,2,44,5604969,4,1,1,1,1,4,28,1,1,allocated
67,9276,greenran_normal,0,0,65535_65535,2,41,5604972,0,1,1,0,0,0,28,1,1,pre_allocation
67,9276,greenran_normal,0,0,65535_65535,2,41,5604972,4,1,1,1,1,4,28,1,1,allocated
67,9276,greenran_normal,0,0,65535_65535,2,55,5604969,0,1,1,0,0,0,28,1,1,pre_allocation
67,9276,greenran_normal,0,0,65535_65535,2,55,5604969,4,1,1,1,1,4,28,1,1,allocated
67,9276,greenran_normal,0,0,65535_65535,2,56,5604969,0,1,1,0,0,0,28,1,1,pre_allocation
67,9276,greenran_normal,0,0,65535_65535,2,56,5604969,4,1,1,1,1,4,28,1,1,allocated
67,9276,greenran_normal,0,0,65535_65535,2,57,5604969,0,1,1,0,0,0,28,1,1,pre_allocation
67,9276,greenran_normal,0,0,65535_65535,2,57,5604969,4,1,1,1,1,4,28,1,1,allocated
67,9276,greenran_normal,0,0,65535_65535,2,61,5604969,0,1,1,0,0,0,28,1,1,pre_allocation
67,9276,greenran_normal,0,0,65535_65535,2,61,5604969,4,1,1,1,1,4,28,1,1,allocated
67,9276,greenran_normal,0,0,65535_65535,2,62,5604968,0,1,1,0,0,0,28,1,1,pre_allocation
67,9276,greenran_normal,0,0,65535_65535,2,62,5604968,4,1,1,1,1,4,28,1,1,allocated
67,9276,greenran_normal,0,0,65535_65535,2,63,5604967,0,1,1,0,0,0,28,1,1,pre_allocation
67,9276,greenran_normal,0,0,65535_65535,2,63,5604967,4,1,1,1,1,4,28,1,1,allocated
67,9276,greenran_normal,0,0,65535_65535,2,37,5604965,0,1,1,0,0,0,28,1,1,pre_allocation
67,9276,greenran_normal,0,0,65535_65535,2,37,5604965,4,1,1,1,1,4,28,1,1,allocated
67,9276,greenran_normal,0,0,65535_65535,2,39,5604967,0,1,1,0,0,0,28,1,1,pre_allocation
67,9276,greenran_normal,0,0,65535_65535,2,39,5604967,4,1,1,1,1,4,28,1,1,allocated
67,9276,greenran_normal,0,0,65535_65535,2,38,5607578,2,1,1,0,1,0,15,1,1,pre_allocation
67,9276,greenran_normal,0,0,65535_65535,2,38,5607578,2,1,1,1,2,2,15,1,1,allocated
67,9276,greenran_normal,0,0,65535_65535,2,60,5607244,1,1,1,0,1,0,10,1,1,pre_allocation
67,9276,greenran_normal,0,0,65535_65535,2,60,5607244,0,1,1,1,2,0,10,1,1,allocated
67,9276,greenran_normal,0,0,65535_65535,2,64,5606858,0,1,1,0,1,0,18,1,1,pre_allocation
67,9276,greenran_normal,0,0,65535_65535,2,64,5606858,4,1,1,1,2,4,18,1,1,allocated
67,9276,greenran_normal,0,0,65535_65535,2,43,5606233,4,1,1,0,1,0,26,1,1,pre_allocation
67,9276,greenran_normal,0,0,65535_65535,2,43,5606233,11,1,1,1,2,11,26,1,1,allocated
67,9276,greenran_normal,0,0,65535_65535,2,42,5605551,3,1,1,0,1,0,24,1,1,pre_allocation
67,9276,greenran_normal,0,0,65535_65535,2,42,5605551,9,1,1,1,2,9,24,1,1,allocated
67,9276,greenran_normal,0,0,65535_65535,2,59,5605068,3,1,1,0,1,0,24,1,1,pre_allocation
67,9276,greenran_normal,0,0,65535_65535,2,59,5605068,9,1,1,1,2,9,24,1,1,allocated
67,9276,greenran_normal,0,0,65535_65535,2,36,5605030,4,1,1,0,1,0,26,1,1,pre_allocation
67,9276,greenran_normal,0,0,65535_65535,2,36,5605030,11,1,1,1,2,11,26,1,1,allocated
67,9276,greenran_normal,0,0,65535_65535,2,58,5605052,4,1,1,0,1,0,26,1,1,pre_allocation
67,9276,greenran_normal,0,0,65535_65535,2,58,5605052,11,1,1,1,2,11,26,1,1,allocated
67,9276,greenran_normal,0,0,65535_65535,2,35,5604969,4,1,1,0,1,0,28,1,1,pre_allocation
67,9276,greenran_normal,0,0,65535_65535,2,35,5604969,12,1,1,1,2,12,28,1,1,allocated
67,9276,greenran_normal,0,0,65535_65535,2,40,5604972,4,1,1,0,1,0,28,1,1,pre_allocation
67,9276,greenran_normal,0,0,65535_65535,2,40,5604972,12,1,1,1,2,12,28,1,1,allocated
67,9276,greenran_normal,0,0,65535_65535,2,44,5604969,4,1,1,0,1,0,28,1,1,pre_allocation
67,9276,greenran_normal,0,0,65535_65535,2,44,5604969,12,1,1,1,2,12,28,1,1,allocated
67,9276,greenran_normal,0,0,65535_65535,2,41,5604972,4,1,1,0,1,0,28,1,1,pre_allocation
67,9276,greenran_normal,0,0,65535_65535,2,41,5604972,12,1,1,1,2,12,28,1,1,allocated
67,9276,greenran_normal,0,0,65535_65535,2,55,5604969,4,1,1,0,1,0,28,1,1,pre_allocation
67,9276,greenran_normal,0,0,65535_65535,2,55,5604969,12,1,1,1,2,12,28,1,1,allocated
67,9276,greenran_normal,0,0,65535_65535,2,56,5604969,4,1,1,0,1,0,28,1,1,pre_allocation
67,9276,greenran_normal,0,0,65535_65535,2,56,5604969,12,1,1,1,2,12,28,1,1,allocated
67,9276,greenran_normal,0,0,65535_65535,2,57,5604969,4,1,1,0,1,0,28,1,1,pre_allocation
67,9276,greenran_normal,0,0,65535_65535,2,57,5604969,12,1,1,1,2,12,28,1,1,allocated
67,9276,greenran_normal,0,0,65535_65535,2,61,5604969,4,1,1,0,1,0,28,1,1,pre_allocation
67,9276,greenran_normal,0,0,65535_65535,2,61,5604969,12,1,1,1,2,12,28,1,1,allocated
67,9276,greenran_normal,0,0,65535_65535,2,62,5604968,4,1,1,0,1,0,28,1,1,pre_allocation
67,9276,greenran_normal,0,0,65535_65535,2,62,5604968,12,1,1,1,2,12,28,1,1,allocated
67,9276,greenran_normal,0,0,65535_65535,2,63,5604967,4,1,1,0,1,0,28,1,1,pre_allocation
67,9276,greenran_normal,0,0,65535_65535,2,63,5604967,12,1,1,1,2,12,28,1,1,allocated
67,9276,greenran_normal,0,0,65535_65535,2,37,5604965,4,1,1,0,1,0,28,1,1,pre_allocation
67,9276,greenran_normal,0,0,65535_65535,2,37,5604965,12,1,1,1,2,12,28,1,1,allocated
67,9276,greenran_normal,0,0,65535_65535,2,39,5604967,4,1,1,0,1,0,28,1,1,pre_allocation
67,9276,greenran_normal,0,0,65535_65535,2,39,5604967,12,1,1,1,2,12,28,1,1,allocated
67,9276,greenran_normal,0,0,65535_65535,2,38,5607578,2,1,1,0,2,0,15,1,1,pre_allocation
67,9276,greenran_normal,0,0,65535_65535,2,38,5607578,5,1,1,1,3,5,15,1,1,allocated
67,9276,greenran_normal,0,0,65535_65535,2,60,5607244,0,1,1,0,2,0,10,1,1,pre_allocation
67,9276,greenran_normal,0,0,65535_65535,2,60,5607244,1,1,1,1,3,1,10,1,1,allocated
67,9276,greenran_normal,0,0,65535_65535,2,64,5606858,4,1,1,0,2,0,18,1,1,pre_allocation
67,9276,greenran_normal,0,0,65535_65535,2,64,5606858,8,1,1,1,3,8,18,1,1,allocated
67,9276,greenran_normal,0,0,65535_65535,2,43,5606233,11,1,1,0,2,0,26,1,1,pre_allocation
67,9276,greenran_normal,0,0,65535_65535,2,43,5606233,18,1,1,1,3,18,26,1,1,allocated
67,9276,greenran_normal,0,0,65535_65535,2,42,5605551,9,1,1,0,2,0,24,1,1,pre_allocation
67,9276,greenran_normal,0,0,65535_65535,2,42,5605551,15,1,1,1,3,15,24,1,1,allocated
67,9276,greenran_normal,0,0,65535_65535,2,59,5605068,9,1,1,0,2,0,24,1,1,pre_allocation
67,9276,greenran_normal,0,0,65535_65535,2,59,5605068,15,1,1,1,3,15,24,1,1,allocated
67,9276,greenran_normal,0,0,65535_65535,2,36,5605030,11,1,1,0,2,0,26,1,1,pre_allocation
67,9276,greenran_normal,0,0,65535_65535,2,36,5605030,18,1,1,1,3,18,26,1,1,allocated
67,9276,greenran_normal,0,0,65535_65535,2,58,5605052,11,1,1,0,2,0,26,1,1,pre_allocation
67,9276,greenran_normal,0,0,65535_65535,2,58,5605052,18,1,1,1,3,18,26,1,1,allocated
67,9276,greenran_normal,0,0,65535_65535,2,35,5604969,12,1,1,0,2,0,28,1,1,pre_allocation
67,9276,greenran_normal,0,0,65535_65535,2,35,5604969,19,1,1,1,3,19,28,1,1,allocated
67,9276,greenran_normal,0,0,65535_65535,2,40,5604972,12,1,1,0,2,0,28,1,1,pre_allocation
67,9276,greenran_normal,0,0,65535_65535,2,40,5604972,19,1,1,1,3,19,28,1,1,allocated
67,9276,greenran_normal,0,0,65535_65535,2,44,5604969,12,1,1,0,2,0,28,1,1,pre_allocation
67,9276,greenran_normal,0,0,65535_65535,2,44,5604969,19,1,1,1,3,19,28,1,1,allocated
67,9276,greenran_normal,0,0,65535_65535,2,41,5604972,12,1,1,0,2,0,28,1,1,pre_allocation
67,9276,greenran_normal,0,0,65535_65535,2,41,5604972,19,1,1,1,3,19,28,1,1,allocated
67,9276,greenran_normal,0,0,65535_65535,2,55,5604969,12,1,1,0,2,0,28,1,1,pre_allocation
67,9276,greenran_normal,0,0,65535_65535,2,55,5604969,19,1,1,1,3,19,28,1,1,allocated
67,9276,greenran_normal,0,0,65535_65535,2,56,5604969,12,1,1,0,2,0,28,1,1,pre_allocation
67,9276,greenran_normal,0,0,65535_65535,2,56,5604969,19,1,1,1,3,19,28,1,1,allocated
67,9276,greenran_normal,0,0,65535_65535,2,57,5604969,12,1,1,0,2,0,28,1,1,pre_allocation
67,9276,greenran_normal,0,0,65535_65535,2,57,5604969,19,1,1,1,3,19,28,1,1,allocated
67,9276,greenran_normal,0,0,65535_65535,2,61,5604969,12,1,1,0,2,0,28,1,1,pre_allocation
67,9276,greenran_normal,0,0,65535_65535,2,61,5604969,19,1,1,1,3,19,28,1,1,allocated
67,9276,greenran_normal,0,0,65535_65535,2,62,5604968,12,1,1,0,2,0,28,1,1,pre_allocation
67,9276,greenran_normal,0,0,65535_65535,2,62,5604968,19,1,1,1,3,19,28,1,1,allocated
67,9276,greenran_normal,0,0,65535_65535,2,63,5604967,12,1,1,0,2,0,28,1,1,pre_allocation
67,9276,greenran_normal,0,0,65535_65535,2,63,5604967,19,1,1,1,3,19,28,1,1,allocated
67,9276,greenran_normal,0,0,65535_65535,2,37,5604965,12,1,1,0,2,0,28,1,1,pre_allocation
67,9276,greenran_normal,0,0,65535_65535,2,37,5604965,19,1,1,1,3,19,28,1,1,allocated
67,9276,greenran_normal,0,0,65535_65535,2,39,5604967,12,1,1,0,2,0,28,1,1,pre_allocation
67,9276,greenran_normal,0,0,65535_65535,2,39,5604967,19,1,1,1,3,19,28,1,1,allocated
67,9276,greenran_normal,0,0,65535_65535,2,38,5607578,5,1,1,0,3,0,15,1,1,pre_allocation
67,9276,greenran_normal,0,0,65535_65535,2,38,5607578,8,1,1,1,4,8,15,1,1,allocated
67,9276,greenran_normal,0,0,65535_65535,2,60,5607244,1,1,1,0,3,0,10,1,1,pre_allocation
67,9276,greenran_normal,0,0,65535_65535,2,60,5607244,3,1,1,1,4,3,10,1,1,allocated
67,9276,greenran_normal,0,0,65535_65535,2,64,5606858,8,1,1,0,3,0,18,1,1,pre_allocation
67,9276,greenran_normal,0,0,65535_65535,2,64,5606858,11,1,1,1,4,11,18,1,1,allocated
67,9276,greenran_normal,0,0,65535_65535,2,43,5606233,18,1,1,0,3,0,26,1,1,pre_allocation
67,9276,greenran_normal,0,0,65535_65535,2,43,5606233,25,1,1,1,4,25,26,1,1,allocated
67,9276,greenran_normal,0,0,65535_65535,2,42,5605551,15,1,1,0,3,0,24,1,1,pre_allocation
67,9276,greenran_normal,0,0,65535_65535,2,42,5605551,21,1,1,1,4,21,24,1,1,allocated
67,9276,greenran_normal,0,0,65535_65535,2,59,5605068,15,1,1,0,3,0,24,1,1,pre_allocation
67,9276,greenran_normal,0,0,65535_65535,2,59,5605068,21,1,1,1,4,21,24,1,1,allocated
67,9276,greenran_normal,0,0,65535_65535,2,36,5605030,18,1,1,0,3,0,26,1,1,pre_allocation
67,9276,greenran_normal,0,0,65535_65535,2,36,5605030,25,1,1,1,4,25,26,1,1,allocated
67,9276,greenran_normal,0,0,65535_65535,2,58,5605052,18,1,1,0,3,0,26,1,1,pre_allocation
67,9276,greenran_normal,0,0,65535_65535,2,58,5605052,25,1,1,1,4,25,26,1,1,allocated
67,9276,greenran_normal,0,0,65535_65535,2,35,5604969,19,1,1,0,3,0,28,1,1,pre_allocation
67,9276,greenran_normal,0,0,65535_65535,2,35,5604969,27,1,1,1,4,27,28,1,1,allocated
67,9276,greenran_normal,0,0,65535_65535,2,40,5604972,19,1,1,0,3,0,28,1,1,pre_allocation
67,9276,greenran_normal,0,0,65535_65535,2,40,5604972,27,1,1,1,4,27,28,1,1,allocated
67,9276,greenran_normal,0,0,65535_65535,2,44,5604969,19,1,1,0,3,0,28,1,1,pre_allocation
67,9276,greenran_normal,0,0,65535_65535,2,44,5604969,27,1,1,1,4,27,28,1,1,allocated
67,9276,greenran_normal,0,0,65535_65535,2,41,5604972,19,1,1,0,3,0,28,1,1,pre_allocation
67,9276,greenran_normal,0,0,65535_65535,2,41,5604972,27,1,1,1,4,27,28,1,1,allocated
67,9276,greenran_normal,0,0,65535_65535,2,55,5604969,19,1,1,0,3,0,28,1,1,pre_allocation
67,9276,greenran_normal,0,0,65535_65535,2,55,5604969,27,1,1,1,4,27,28,1,1,allocated
67,9276,greenran_normal,0,0,65535_65535,2,56,5604969,19,1,1,0,3,0,28,1,1,pre_allocation
67,9276,greenran_normal,0,0,65535_65535,2,56,5604969,27,1,1,1,4,27,28,1,1,allocated
67,9276,greenran_normal,0,0,65535_65535,2,57,5604969,19,1,1,0,3,0,28,1,1,pre_allocation
67,9276,greenran_normal,0,0,65535_65535,2,57,5604969,27,1,1,1,4,27,28,1,1,allocated
67,9276,greenran_normal,0,0,65535_65535,2,61,5604969,19,1,1,0,3,0,28,1,1,pre_allocation
67,9276,greenran_normal,0,0,65535_65535,2,61,5604969,27,1,1,1,4,27,28,1,1,allocated
67,9276,greenran_normal,0,0,65535_65535,2,62,5604968,19,1,1,0,3,0,28,1,1,pre_allocation
67,9276,greenran_normal,0,0,65535_65535,2,62,5604968,27,1,1,1,4,27,28,1,1,allocated
67,9276,greenran_normal,0,0,65535_65535,2,63,5604967,19,1,1,0,3,0,28,1,1,pre_allocation
67,9276,greenran_normal,0,0,65535_65535,2,63,5604967,27,1,1,1,4,27,28,1,1,allocated
67,9276,greenran_normal,0,0,65535_65535,2,37,5604965,19,1,1,0,3,0,28,1,1,pre_allocation
67,9276,greenran_normal,0,0,65535_65535,2,37,5604965,27,1,1,1,4,27,28,1,1,allocated
67,9276,greenran_normal,0,0,65535_65535,2,39,5604967,19,1,1,0,3,0,28,1,1,pre_allocation
67,9276,greenran_normal,0,0,65535_65535,2,39,5604967,27,1,1,1,4,27,28,1,1,allocated
67,9276,greenran_normal,0,0,65535_65535,2,38,5607578,8,1,1,0,4,0,15,1,1,pre_allocation
67,9276,greenran_normal,0,0,65535_65535,2,38,5607578,11,1,1,1,5,11,15,1,1,allocated
67,9276,greenran_normal,0,0,65535_65535,2,60,5607244,3,1,1,0,4,0,10,1,1,pre_allocation
67,9276,greenran_normal,0,0,65535_65535,2,60,5607244,5,1,1,1,5,5,10,1,1,allocated
67,9276,greenran_normal,0,0,65535_65535,2,64,5606858,11,1,1,0,4,0,18,1,1,pre_allocation
67,9276,greenran_normal,0,0,65535_65535,2,64,5606858,15,1,1,1,5,15,18,1,1,allocated
67,9276,greenran_normal,0,0,65535_65535,2,43,5606233,25,1,1,0,4,0,26,1,1,pre_allocation
67,9276,greenran_normal,0,0,65535_65535,2,43,5606233,32,1,1,1,5,32,26,1,1,allocated
67,9276,greenran_normal,0,0,65535_65535,2,42,5605551,21,1,1,0,4,0,24,1,1,pre_allocation
67,9276,greenran_normal,0,0,65535_65535,2,42,5605551,27,1,1,1,5,27,24,1,1,allocated
67,9276,greenran_normal,0,0,65535_65535,2,59,5605068,21,1,1,0,4,0,24,1,1,pre_allocation
67,9276,greenran_normal,0,0,65535_65535,2,59,5605068,27,1,1,1,5,27,24,1,1,allocated
67,9276,greenran_normal,0,0,65535_65535,2,36,5605030,25,1,1,0,4,0,26,1,1,pre_allocation
67,9276,greenran_normal,0,0,65535_65535,2,36,5605030,32,1,1,1,5,32,26,1,1,allocated
67,9276,greenran_normal,0,0,65535_65535,2,58,5605052,25,1,1,0,4,0,26,1,1,pre_allocation
67,9276,greenran_normal,0,0,65535_65535,2,58,5605052,32,1,1,1,5,32,26,1,1,allocated
67,9276,greenran_normal,0,0,65535_65535,2,35,5604969,27,1,1,0,4,0,28,1,1,pre_allocation
67,9276,greenran_normal,0,0,65535_65535,2,35,5604969,34,1,1,1,5,34,28,1,1,allocated
67,9276,greenran_normal,0,0,65535_65535,2,40,5604972,27,1,1,0,4,0,28,1,1,pre_allocation
67,9276,greenran_normal,0,0,65535_65535,2,40,5604972,34,1,1,1,5,34,28,1,1,allocated
67,9276,greenran_normal,0,0,65535_65535,2,44,5604969,27,1,1,0,4,0,28,1,1,pre_allocation
67,9276,greenran_normal,0,0,65535_65535,2,44,5604969,34,1,1,1,5,34,28,1,1,allocated
67,9276,greenran_normal,0,0,65535_65535,2,41,5604972,27,1,1,0,4,0,28,1,1,pre_allocation
67,9276,greenran_normal,0,0,65535_65535,2,41,5604972,34,1,1,1,5,34,28,1,1,allocated
67,9276,greenran_normal,0,0,65535_65535,2,55,5604969,27,1,1,0,4,0,28,1,1,pre_allocation
67,9276,greenran_normal,0,0,65535_65535,2,55,5604969,34,1,1,1,5,34,28,1,1,allocated
67,9276,greenran_normal,0,0,65535_65535,2,56,5604969,27,1,1,0,4,0,28,1,1,pre_allocation
67,9276,greenran_normal,0,0,65535_65535,2,56,5604969,34,1,1,1,5,34,28,1,1,allocated
67,9276,greenran_normal,0,0,65535_65535,2,57,5604969,27,1,1,0,4,0,28,1,1,pre_allocation
67,9276,greenran_normal,0,0,65535_65535,2,57,5604969,34,1,1,1,5,34,28,1,1,allocated
68,9428,greenran_normal,0,0,65535_65535,0,4,178792,0,1,1,0,0,0,22,1,1,pre_allocation
68,9428,greenran_normal,0,0,65535_65535,0,4,178792,2,1,1,1,1,2,22,1,1,allocated
68,9428,greenran_normal,0,0,65535_65535,0,1,175902,0,1,1,0,0,0,28,1,1,pre_allocation
68,9428,greenran_normal,0,0,65535_65535,0,1,175902,4,1,1,1,1,4,28,1,1,allocated
68,9428,greenran_normal,0,0,65535_65535,0,2,175882,0,1,1,0,0,0,28,1,1,pre_allocation
68,9428,greenran_normal,0,0,65535_65535,0,2,175882,4,1,1,1,1,4,28,1,1,allocated
68,9428,greenran_normal,0,0,65535_65535,0,3,175877,0,1,1,0,0,0,28,1,1,pre_allocation
68,9428,greenran_normal,0,0,65535_65535,0,3,175877,4,1,1,1,1,4,28,1,1,allocated
68,9428,greenran_normal,0,0,65535_65535,0,5,175872,0,1,1,0,0,0,28,1,1,pre_allocation
68,9428,greenran_normal,0,0,65535_65535,0,5,175872,4,1,1,1,1,4,28,1,1,allocated
68,9428,greenran_normal,0,0,65535_65535,0,4,178792,2,1,1,0,1,0,22,1,1,pre_allocation
68,9428,greenran_normal,0,0,65535_65535,0,4,178792,7,1,1,1,2,7,22,1,1,allocated
68,9428,greenran_normal,0,0,65535_65535,0,1,175902,4,1,1,0,1,0,28,1,1,pre_allocation
68,9428,greenran_normal,0,0,65535_65535,0,1,175902,12,1,1,1,2,12,28,1,1,allocated
68,9428,greenran_normal,0,0,65535_65535,0,2,175882,4,1,1,0,1,0,28,1,1,pre_allocation
68,9428,greenran_normal,0,0,65535_65535,0,2,175882,12,1,1,1,2,12,28,1,1,allocated
68,9428,greenran_normal,0,0,65535_65535,0,3,175877,4,1,1,0,1,0,28,1,1,pre_allocation
68,9428,greenran_normal,0,0,65535_65535,0,3,175877,12,1,1,1,2,12,28,1,1,allocated
68,9428,greenran_normal,0,0,65535_65535,0,5,175872,4,1,1,0,1,0,28,1,1,pre_allocation
68,9428,greenran_normal,0,0,65535_65535,0,5,175872,12,1,1,1,2,12,28,1,1,allocated
68,9428,greenran_normal,0,0,65535_65535,0,4,178792,7,1,1,0,2,0,22,1,1,pre_allocation
68,9428,greenran_normal,0,0,65535_65535,0,4,178792,13,1,1,1,3,13,22,1,1,allocated
68,9428,greenran_normal,0,0,65535_65535,0,1,175902,12,1,1,0,2,0,28,1,1,pre_allocation
68,9428,greenran_normal,0,0,65535_65535,0,1,175902,19,1,1,1,3,19,28,1,1,allocated
68,9428,greenran_normal,0,0,65535_65535,0,2,175882,12,1,1,0,2,0,28,1,1,pre_allocation
68,9428,greenran_normal,0,0,65535_65535,0,2,175882,19,1,1,1,3,19,28,1,1,allocated
68,9428,greenran_normal,0,0,65535_65535,0,3,175877,12,1,1,0,2,0,28,1,1,pre_allocation
68,9428,greenran_normal,0,0,65535_65535,0,3,175877,19,1,1,1,3,19,28,1,1,allocated
68,9428,greenran_normal,0,0,65535_65535,0,5,175872,12,1,1,0,2,0,28,1,1,pre_allocation
68,9428,greenran_normal,0,0,65535_65535,0,5,175872,19,1,1,1,3,19,28,1,1,allocated
68,9428,greenran_normal,0,0,65535_65535,0,4,178792,13,1,1,0,3,0,22,1,1,pre_allocation
68,9428,greenran_normal,0,0,65535_65535,0,4,178792,18,1,1,1,4,18,22,1,1,allocated
68,9428,greenran_normal,0,0,65535_65535,0,1,175902,19,1,1,0,3,0,28,1,1,pre_allocation
68,9428,greenran_normal,0,0,65535_65535,0,1,175902,27,1,1,1,4,27,28,1,1,allocated
68,9428,greenran_normal,0,0,65535_65535,0,2,175882,19,1,1,0,3,0,28,1,1,pre_allocation
68,9428,greenran_normal,0,0,65535_65535,0,2,175882,27,1,1,1,4,27,28,1,1,allocated
68,9428,greenran_normal,0,0,65535_65535,0,3,175877,19,1,1,0,3,0,28,1,1,pre_allocation
68,9428,greenran_normal,0,0,65535_65535,0,3,175877,27,1,1,1,4,27,28,1,1,allocated
68,9428,greenran_normal,0,0,65535_65535,0,5,175872,19,1,1,0,3,0,28,1,1,pre_allocation
68,9428,greenran_normal,0,0,65535_65535,0,5,175872,27,1,1,1,4,27,28,1,1,allocated
68,9428,greenran_normal,0,0,65535_65535,0,4,178792,18,1,1,0,4,0,22,1,1,pre_allocation
68,9428,greenran_normal,0,0,65535_65535,0,4,178792,23,1,1,1,5,23,22,1,1,allocated
68,9428,greenran_normal,0,0,65535_65535,0,1,175902,27,1,1,0,4,0,28,1,1,pre_allocation
68,9428,greenran_normal,0,0,65535_65535,0,1,175902,34,1,1,1,5,34,28,1,1,allocated
68,9428,greenran_normal,0,0,65535_65535,0,2,175882,27,1,1,0,4,0,28,1,1,pre_allocation
68,9428,greenran_normal,0,0,65535_65535,0,2,175882,34,1,1,1,5,34,28,1,1,allocated
68,9428,greenran_normal,0,0,65535_65535,0,3,175877,27,1,1,0,4,0,28,1,1,pre_allocation
68,9428,greenran_normal,0,0,65535_65535,0,3,175877,34,1,1,1,5,34,28,1,1,allocated
68,9428,greenran_normal,0,0,65535_65535,0,5,175872,27,1,1,0,4,0,28,1,1,pre_allocation
68,9428,greenran_normal,0,0,65535_65535,0,5,175872,34,1,1,1,5,34,28,1,1,allocated
68,9428,greenran_normal,0,0,65535_65535,0,4,178792,23,1,1,0,5,0,22,1,1,pre_allocation
68,9428,greenran_normal,0,0,65535_65535,0,4,178792,29,1,1,1,6,29,22,1,1,allocated
68,9428,greenran_normal,0,0,65535_65535,0,1,175902,34,1,1,0,5,0,28,1,1,pre_allocation
68,9428,greenran_normal,0,0,65535_65535,0,1,175902,42,1,1,1,6,42,28,1,1,allocated
68,9428,greenran_normal,0,0,65535_65535,0,2,175882,34,1,1,0,5,0,28,1,1,pre_allocation
68,9428,greenran_normal,0,0,65535_65535,0,2,175882,42,1,1,1,6,42,28,1,1,allocated
68,9428,greenran_normal,0,0,65535_65535,0,3,175877,34,1,1,0,5,0,28,1,1,pre_allocation
68,9428,greenran_normal,0,0,65535_65535,0,3,175877,42,1,1,1,6,42,28,1,1,allocated
68,9428,greenran_normal,0,0,65535_65535,0,5,175872,34,1,1,0,5,0,28,1,1,pre_allocation
68,9428,greenran_normal,0,0,65535_65535,0,5,175872,42,1,1,1,6,42,28,1,1,allocated
68,9428,greenran_normal,0,0,65535_65535,0,4,178792,29,1,1,0,6,0,22,1,1,pre_allocation
68,9428,greenran_normal,0,0,65535_65535,0,4,178792,34,1,1,1,7,34,22,1,1,allocated
68,9428,greenran_normal,0,0,65535_65535,0,1,175902,42,1,1,0,6,0,28,1,1,pre_allocation
68,9428,greenran_normal,0,0,65535_65535,0,1,175902,50,1,1,1,7,50,28,1,1,allocated
68,9428,greenran_normal,0,0,65535_65535,0,2,175882,42,1,1,0,6,0,28,1,1,pre_allocation
68,9428,greenran_normal,0,0,65535_65535,0,2,175882,50,1,1,1,7,50,28,1,1,allocated
68,9428,greenran_normal,0,0,65535_65535,0,3,175877,42,1,1,0,6,0,28,1,1,pre_allocation
68,9428,greenran_normal,0,0,65535_65535,0,3,175877,50,1,1,1,7,50,28,1,1,allocated
68,9428,greenran_normal,0,0,65535_65535,0,5,175872,42,1,1,0,6,0,28,1,1,pre_allocation
68,9428,greenran_normal,0,0,65535_65535,0,5,175872,50,1,1,1,7,50,28,1,1,allocated
68,9428,greenran_normal,0,0,65535_65535,0,4,178792,34,1,1,0,7,0,22,1,1,pre_allocation
68,9428,greenran_normal,0,0,65535_65535,0,4,178792,39,1,1,1,8,39,22,1,1,allocated
68,9428,greenran_normal,0,0,65535_65535,0,1,175902,50,1,1,0,7,0,28,1,1,pre_allocation
68,9428,greenran_normal,0,0,65535_65535,0,1,175902,57,1,1,1,8,57,28,1,1,allocated
68,9428,greenran_normal,0,0,65535_65535,0,2,175882,50,1,1,0,7,0,28,1,1,pre_allocation
68,9428,greenran_normal,0,0,65535_65535,0,2,175882,57,1,1,1,8,57,28,1,1,allocated
68,9428,greenran_normal,0,0,65535_65535,0,3,175877,50,1,1,0,7,0,28,1,1,pre_allocation
68,9428,greenran_normal,0,0,65535_65535,0,3,175877,57,1,1,1,8,57,28,1,1,allocated
68,9428,greenran_normal,0,0,65535_65535,0,5,175872,50,1,1,0,7,0,28,1,1,pre_allocation
68,9428,greenran_normal,0,0,65535_65535,0,5,175872,57,1,1,1,8,57,28,1,1,allocated
68,9428,greenran_normal,0,0,65535_65535,0,4,178792,39,1,1,0,8,0,22,1,1,pre_allocation
68,9428,greenran_normal,0,0,65535_65535,0,4,178792,45,1,1,1,9,45,22,1,1,allocated
68,9428,greenran_normal,0,0,65535_65535,0,1,175902,57,1,1,0,8,0,28,1,1,pre_allocation
68,9428,greenran_normal,0,0,65535_65535,0,1,175902,65,1,1,1,9,65,28,1,1,allocated
68,9428,greenran_normal,0,0,65535_65535,0,2,175882,57,1,1,0,8,0,28,1,1,pre_allocation
68,9428,greenran_normal,0,0,65535_65535,0,2,175882,65,1,1,1,9,65,28,1,1,allocated
68,9428,greenran_normal,0,0,65535_65535,0,3,175877,57,1,1,0,8,0,28,1,1,pre_allocation
68,9428,greenran_normal,0,0,65535_65535,0,3,175877,65,1,1,1,9,65,28,1,1,allocated
68,9428,greenran_normal,0,0,65535_65535,0,5,175872,57,1,1,0,8,0,28,1,1,pre_allocation
68,9428,greenran_normal,0,0,65535_65535,0,5,175872,65,1,1,1,9,65,28,1,1,allocated
68,9428,greenran_normal,0,0,65535_65535,0,4,178792,45,1,1,0,9,0,22,1,1,pre_allocation
68,9428,greenran_normal,0,0,65535_65535,0,4,178792,50,1,1,1,10,50,22,1,1,allocated
68,9428,greenran_normal,0,0,65535_65535,0,1,175902,65,1,1,0,9,0,28,1,1,pre_allocation
68,9428,greenran_normal,0,0,65535_65535,0,1,175902,72,1,1,1,10,72,28,1,1,allocated
68,9428,greenran_normal,0,0,65535_65535,0,2,175882,65,1,1,0,9,0,28,1,1,pre_allocation
68,9428,greenran_normal,0,0,65535_65535,0,2,175882,72,1,1,1,10,72,28,1,1,allocated
68,9428,greenran_normal,0,0,65535_65535,0,3,175877,65,1,1,0,9,0,28,1,1,pre_allocation
68,9428,greenran_normal,0,0,65535_65535,0,3,175877,72,1,1,1,10,72,28,1,1,allocated
68,9428,greenran_normal,0,0,65535_65535,0,5,175872,65,1,1,0,9,0,28,1,1,pre_allocation
68,9428,greenran_normal,0,0,65535_65535,0,5,175872,72,1,1,1,10,72,28,1,1,allocated
68,9428,greenran_normal,0,0,65535_65535,0,4,178792,50,1,1,0,10,0,22,1,1,pre_allocation
68,9428,greenran_normal,0,0,65535_65535,0,4,178792,55,1,1,1,11,55,22,1,1,allocated
68,9428,greenran_normal,0,0,65535_65535,0,1,175902,72,1,1,0,10,0,28,1,1,pre_allocation
68,9428,greenran_normal,0,0,65535_65535,0,1,175902,80,1,1,1,11,80,28,1,1,allocated
68,9428,greenran_normal,0,0,65535_65535,0,2,175882,72,1,1,0,10,0,28,1,1,pre_allocation
68,9428,greenran_normal,0,0,65535_65535,0,2,175882,80,1,1,1,11,80,28,1,1,allocated
68,9428,greenran_normal,0,0,65535_65535,0,3,175877,72,1,1,0,10,0,28,1,1,pre_allocation
68,9428,greenran_normal,0,0,65535_65535,0,3,175877,80,1,1,1,11,80,28,1,1,allocated
68,9428,greenran_normal,0,0,65535_65535,0,5,175872,72,1,1,0,10,0,28,1,1,pre_allocation
68,9428,greenran_normal,0,0,65535_65535,0,5,175872,80,1,1,1,11,80,28,1,1,allocated
68,9428,greenran_normal,0,0,65535_65535,0,4,178792,55,1,1,0,11,0,22,1,1,pre_allocation
68,9428,greenran_normal,0,0,65535_65535,0,4,178792,61,1,1,1,12,61,22,1,1,allocated
68,9428,greenran_normal,0,0,65535_65535,0,1,175902,80,1,1,0,11,0,28,1,1,pre_allocation
68,9428,greenran_normal,0,0,65535_65535,0,1,175902,88,1,1,1,12,88,28,1,1,allocated
68,9428,greenran_normal,0,0,65535_65535,0,2,175882,80,1,1,0,11,0,28,1,1,pre_allocation
68,9428,greenran_normal,0,0,65535_65535,0,2,175882,88,1,1,1,12,88,28,1,1,allocated
68,9428,greenran_normal,0,0,65535_65535,0,3,175877,80,1,1,0,11,0,28,1,1,pre_allocation
68,9428,greenran_normal,0,0,65535_65535,0,3,175877,88,1,1,1,12,88,28,1,1,allocated
68,9428,greenran_normal,0,0,65535_65535,0,5,175872,80,1,1,0,11,0,28,1,1,pre_allocation
68,9428,greenran_normal,0,0,65535_65535,0,5,175872,88,1,1,1,12,88,28,1,1,allocated
68,9428,greenran_normal,0,0,65535_65535,0,4,178792,61,1,1,0,12,0,22,1,1,pre_allocation
68,9428,greenran_normal,0,0,65535_65535,0,4,178792,66,1,1,1,13,66,22,1,1,allocated
68,9428,greenran_normal,0,0,65535_65535,0,1,175902,88,1,1,0,12,0,28,1,1,pre_allocation
68,9428,greenran_normal,0,0,65535_65535,0,1,175902,95,1,1,1,13,95,28,1,1,allocated
68,9428,greenran_normal,0,0,65535_65535,0,2,175882,88,1,1,0,12,0,28,1,1,pre_allocation
68,9428,greenran_normal,0,0,65535_65535,0,2,175882,95,1,1,1,13,95,28,1,1,allocated
68,9428,greenran_normal,0,0,65535_65535,0,3,175877,88,1,1,0,12,0,28,1,1,pre_allocation
68,9428,greenran_normal,0,0,65535_65535,0,3,175877,95,1,1,1,13,95,28,1,1,allocated
68,9428,greenran_normal,0,0,65535_65535,0,5,175872,88,1,1,0,12,0,28,1,1,pre_allocation
68,9428,greenran_normal,0,0,65535_65535,0,5,175872,95,1,1,1,13,95,28,1,1,allocated
68,9428,greenran_normal,0,0,65535_65535,0,4,178792,66,1,1,0,13,0,22,1,1,pre_allocation
68,9428,greenran_normal,0,0,65535_65535,0,4,178792,72,1,1,1,14,72,22,1,1,allocated
68,9428,greenran_normal,0,0,65535_65535,0,1,175902,95,1,1,0,13,0,28,1,1,pre_allocation
68,9428,greenran_normal,0,0,65535_65535,0,1,175902,103,1,1,1,14,103,28,1,1,allocated
68,9428,greenran_normal,0,0,65535_65535,0,2,175882,95,1,1,0,13,0,28,1,1,pre_allocation
68,9428,greenran_normal,0,0,65535_65535,0,2,175882,103,1,1,1,14,103,28,1,1,allocated
68,9428,greenran_normal,0,0,65535_65535,0,3,175877,95,1,1,0,13,0,28,1,1,pre_allocation
68,9428,greenran_normal,0,0,65535_65535,0,3,175877,103,1,1,1,14,103,28,1,1,allocated
68,9428,greenran_normal,0,0,65535_65535,0,5,175872,95,1,1,0,13,0,28,1,1,pre_allocation
68,9428,greenran_normal,0,0,65535_65535,0,5,175872,103,1,1,1,14,103,28,1,1,allocated
68,9428,greenran_normal,0,0,65535_65535,0,4,178792,72,1,1,0,14,0,22,1,1,pre_allocation
68,9428,greenran_normal,0,0,65535_65535,0,4,178792,77,1,1,1,15,77,22,1,1,allocated
68,9428,greenran_normal,0,0,65535_65535,0,1,175902,103,1,1,0,14,0,28,1,1,pre_allocation
68,9428,greenran_normal,0,0,65535_65535,0,1,175902,110,1,1,1,15,110,28,1,1,allocated
68,9428,greenran_normal,0,0,65535_65535,0,2,175882,103,1,1,0,14,0,28,1,1,pre_allocation
68,9428,greenran_normal,0,0,65535_65535,0,2,175882,110,1,1,1,15,110,28,1,1,allocated
68,9428,greenran_normal,0,0,65535_65535,0,3,175877,103,1,1,0,14,0,28,1,1,pre_allocation
68,9428,greenran_normal,0,0,65535_65535,0,3,175877,110,1,1,1,15,110,28,1,1,allocated
68,9428,greenran_normal,0,0,65535_65535,0,5,175872,103,1,1,0,14,0,28,1,1,pre_allocation
68,9428,greenran_normal,0,0,65535_65535,0,5,175872,110,1,1,1,15,110,28,1,1,allocated
68,9428,greenran_normal,0,0,65535_65535,0,4,178792,77,1,1,0,15,0,22,1,1,pre_allocation
68,9428,greenran_normal,0,0,65535_65535,0,4,178792,82,1,1,1,16,82,22,1,1,allocated
68,9428,greenran_normal,0,0,65535_65535,0,1,175902,110,1,1,0,15,0,28,1,1,pre_allocation
68,9428,greenran_normal,0,0,65535_65535,0,1,175902,118,1,1,1,16,118,28,1,1,allocated
68,9428,greenran_normal,0,0,65535_65535,0,2,175882,110,1,1,0,15,0,28,1,1,pre_allocation
68,9428,greenran_normal,0,0,65535_65535,0,2,175882,118,1,1,1,16,118,28,1,1,allocated
68,9428,greenran_normal,0,0,65535_65535,0,3,175877,110,1,1,0,15,0,28,1,1,pre_allocation
68,9428,greenran_normal,0,0,65535_65535,0,3,175877,118,1,1,1,16,118,28,1,1,allocated
68,9428,greenran_normal,0,0,65535_65535,0,5,175872,110,1,1,0,15,0,28,1,1,pre_allocation
68,9428,greenran_normal,0,0,65535_65535,0,5,175872,118,1,1,1,16,118,28,1,1,allocated
68,9428,greenran_normal,0,0,65535_65535,0,4,178792,82,1,1,0,16,0,22,1,1,pre_allocation
68,9428,greenran_normal,0,0,65535_65535,0,4,178792,88,1,1,1,17,88,22,1,1,allocated
68,9428,greenran_normal,0,0,65535_65535,0,1,175902,118,1,1,0,16,0,28,1,1,pre_allocation
68,9428,greenran_normal,0,0,65535_65535,0,1,175902,126,1,1,1,17,126,28,1,1,allocated
68,9428,greenran_normal,0,0,65535_65535,0,2,175882,118,1,1,0,16,0,28,1,1,pre_allocation
68,9428,greenran_normal,0,0,65535_65535,0,2,175882,126,1,1,1,17,126,28,1,1,allocated
68,9428,greenran_normal,0,0,65535_65535,0,3,175877,118,1,1,0,16,0,28,1,1,pre_allocation
68,9428,greenran_normal,0,0,65535_65535,0,3,175877,126,1,1,1,17,126,28,1,1,allocated
68,9428,greenran_normal,0,0,65535_65535,0,5,175872,118,1,1,0,16,0,28,1,1,pre_allocation
68,9428,greenran_normal,0,0,65535_65535,0,5,175872,126,1,1,1,17,126,28,1,1,allocated
68,9428,greenran_normal,0,0,65535_65535,0,4,178792,88,1,1,0,17,0,22,1,1,pre_allocation
68,9428,greenran_normal,0,0,65535_65535,0,4,178792,93,1,1,1,18,93,22,1,1,allocated
68,9428,greenran_normal,0,0,65535_65535,0,1,175902,126,1,1,0,17,0,28,1,1,pre_allocation
68,9428,greenran_normal,0,0,65535_65535,0,1,175902,133,1,1,1,18,133,28,1,1,allocated
68,9428,greenran_normal,0,0,65535_65535,0,2,175882,126,1,1,0,17,0,28,1,1,pre_allocation
68,9428,greenran_normal,0,0,65535_65535,0,2,175882,133,1,1,1,18,133,28,1,1,allocated
68,9428,greenran_normal,0,0,65535_65535,0,3,175877,126,1,1,0,17,0,28,1,1,pre_allocation
68,9428,greenran_normal,0,0,65535_65535,0,3,175877,133,1,1,1,18,133,28,1,1,allocated
68,9428,greenran_normal,0,0,65535_65535,0,5,175872,126,1,1,0,17,0,28,1,1,pre_allocation
68,9428,greenran_normal,0,0,65535_65535,0,5,175872,133,1,1,1,18,133,28,1,1,allocated
68,9428,greenran_normal,0,0,65535_65535,0,4,178792,93,1,1,0,18,0,22,1,1,pre_allocation
68,9428,greenran_normal,0,0,65535_65535,0,4,178792,98,1,1,1,19,98,22,1,1,allocated
68,9428,greenran_normal,0,0,65535_65535,0,1,175902,133,1,1,0,18,0,28,1,1,pre_allocation
68,9428,greenran_normal,0,0,65535_65535,0,1,175902,141,1,1,1,19,141,28,1,1,allocated
68,9428,greenran_normal,0,0,65535_65535,0,2,175882,133,1,1,0,18,0,28,1,1,pre_allocation
68,9428,greenran_normal,0,0,65535_65535,0,2,175882,141,1,1,1,19,141,28,1,1,allocated
68,9428,greenran_normal,0,0,65535_65535,0,3,175877,133,1,1,0,18,0,28,1,1,pre_allocation
68,9428,greenran_normal,0,0,65535_65535,0,3,175877,141,1,1,1,19,141,28,1,1,allocated
68,9428,greenran_normal,0,0,65535_65535,0,5,175872,133,1,1,0,18,0,28,1,1,pre_allocation
68,9428,greenran_normal,0,0,65535_65535,0,5,175872,141,1,1,1,19,141,28,1,1,allocated
68,9428,greenran_normal,0,0,65535_65535,0,4,178792,98,1,1,0,19,0,22,1,1,pre_allocation
68,9428,greenran_normal,0,0,65535_65535,0,4,178792,104,1,1,1,20,104,22,1,1,allocated
68,9428,greenran_normal,0,0,65535_65535,0,1,175902,141,1,1,0,19,0,28,1,1,pre_allocation
68,9428,greenran_normal,0,0,65535_65535,0,1,175902,148,1,1,1,20,148,28,1,1,allocated
68,9428,greenran_normal,0,0,65535_65535,0,2,175882,141,1,1,0,19,0,28,1,1,pre_allocation
68,9428,greenran_normal,0,0,65535_65535,0,2,175882,148,1,1,1,20,148,28,1,1,allocated
68,9428,greenran_normal,0,0,65535_65535,0,3,175877,141,1,1,0,19,0,28,1,1,pre_allocation
68,9428,greenran_normal,0,0,65535_65535,0,3,175877,148,1,1,1,20,148,28,1,1,allocated
68,9428,greenran_normal,0,0,65535_65535,0,5,175872,141,1,1,0,19,0,28,1,1,pre_allocation
68,9428,greenran_normal,0,0,65535_65535,0,5,175872,148,1,1,1,20,148,28,1,1,allocated
68,9428,greenran_normal,0,0,65535_65535,0,4,178792,104,1,1,0,20,0,22,1,1,pre_allocation
68,9428,greenran_normal,0,0,65535_65535,0,4,178792,109,1,1,1,21,109,22,1,1,allocated
68,9428,greenran_normal,0,0,65535_65535,0,1,175902,148,1,1,0,20,0,28,1,1,pre_allocation
68,9428,greenran_normal,0,0,65535_65535,0,1,175902,156,1,1,1,21,156,28,1,1,allocated
68,9428,greenran_normal,0,0,65535_65535,0,2,175882,148,1,1,0,20,0,28,1,1,pre_allocation
68,9428,greenran_normal,0,0,65535_65535,0,2,175882,156,1,1,1,21,156,28,1,1,allocated
68,9428,greenran_normal,0,0,65535_65535,0,3,175877,148,1,1,0,20,0,28,1,1,pre_allocation
68,9428,greenran_normal,0,0,65535_65535,0,3,175877,156,1,1,1,21,156,28,1,1,allocated
68,9428,greenran_normal,0,0,65535_65535,0,5,175872,148,1,1,0,20,0,28,1,1,pre_allocation
68,9428,greenran_normal,0,0,65535_65535,0,5,175872,156,1,1,1,21,156,28,1,1,allocated
68,9428,greenran_normal,0,0,65535_65535,0,4,178792,109,1,1,0,21,0,22,1,1,pre_allocation
68,9428,greenran_normal,0,0,65535_65535,0,4,178792,114,1,1,1,22,114,22,1,1,allocated
68,9428,greenran_normal,0,0,65535_65535,0,1,175902,156,1,1,0,21,0,28,1,1,pre_allocation
68,9428,greenran_normal,0,0,65535_65535,0,1,175902,163,1,1,1,22,163,28,1,1,allocated
68,9428,greenran_normal,0,0,65535_65535,0,2,175882,156,1,1,0,21,0,28,1,1,pre_allocation
68,9428,greenran_normal,0,0,65535_65535,0,2,175882,163,1,1,1,22,163,28,1,1,allocated
68,9428,greenran_normal,0,0,65535_65535,0,3,175877,156,1,1,0,21,0,28,1,1,pre_allocation
68,9428,greenran_normal,0,0,65535_65535,0,3,175877,163,1,1,1,22,163,28,1,1,allocated
68,9428,greenran_normal,0,0,65535_65535,0,5,175872,156,1,1,0,21,0,28,1,1,pre_allocation
68,9428,greenran_normal,0,0,65535_65535,0,5,175872,163,1,1,1,22,163,28,1,1,allocated
68,9428,greenran_normal,0,0,65535_65535,0,4,178792,114,1,1,0,22,0,22,1,1,pre_allocation
68,9428,greenran_normal,0,0,65535_65535,0,4,178792,120,1,1,1,23,120,22,1,1,allocated
68,9428,greenran_normal,0,0,65535_65535,0,1,175902,163,1,1,0,22,0,28,1,1,pre_allocation
68,9428,greenran_normal,0,0,65535_65535,0,1,175902,171,1,1,1,23,171,28,1,1,allocated
68,9428,greenran_normal,0,0,65535_65535,0,2,175882,163,1,1,0,22,0,28,1,1,pre_allocation
68,9428,greenran_normal,0,0,65535_65535,0,2,175882,171,1,1,1,23,171,28,1,1,allocated
68,9428,greenran_normal,0,0,65535_65535,0,3,175877,163,1,1,0,22,0,28,1,1,pre_allocation
68,9428,greenran_normal,0,0,65535_65535,0,3,175877,171,1,1,1,23,171,28,1,1,allocated
68,9428,greenran_normal,0,0,65535_65535,0,5,175872,163,1,1,0,22,0,28,1,1,pre_allocation
68,9428,greenran_normal,0,0,65535_65535,0,5,175872,171,1,1,1,23,171,28,1,1,allocated
68,9428,greenran_normal,0,0,65535_65535,0,4,178792,120,1,1,0,23,0,22,1,1,pre_allocation
68,9428,greenran_normal,0,0,65535_65535,0,4,178792,125,1,1,1,24,125,22,1,1,allocated
68,9428,greenran_normal,0,0,65535_65535,0,1,175902,171,1,1,0,23,0,28,1,1,pre_allocation
68,9428,greenran_normal,0,0,65535_65535,0,1,175902,179,1,1,1,24,179,28,1,1,allocated
68,9428,greenran_normal,0,0,65535_65535,0,2,175882,171,1,1,0,23,0,28,1,1,pre_allocation
68,9428,greenran_normal,0,0,65535_65535,0,2,175882,179,1,1,1,24,179,28,1,1,allocated
68,9428,greenran_normal,0,0,65535_65535,0,3,175877,171,1,1,0,23,0,28,1,1,pre_allocation
68,9428,greenran_normal,0,0,65535_65535,0,3,175877,179,1,1,1,24,179,28,1,1,allocated
68,9428,greenran_normal,0,0,65535_65535,0,5,175872,171,1,1,0,23,0,28,1,1,pre_allocation
68,9428,greenran_normal,0,0,65535_65535,0,5,175872,179,1,1,1,24,179,28,1,1,allocated
68,9428,greenran_normal,0,0,65535_65535,0,4,178792,125,1,1,0,24,0,22,1,1,pre_allocation
68,9428,greenran_normal,0,0,65535_65535,0,4,178792,131,1,1,1,25,131,22,1,1,allocated
68,9428,greenran_normal,0,0,65535_65535,0,1,175902,179,1,1,0,24,0,28,1,1,pre_allocation
68,9428,greenran_normal,0,0,65535_65535,0,1,175902,186,1,1,1,25,186,28,1,1,allocated
68,9428,greenran_normal,0,0,65535_65535,0,2,175882,179,1,1,0,24,0,28,1,1,pre_allocation
68,9428,greenran_normal,0,0,65535_65535,0,2,175882,186,1,1,1,25,186,28,1,1,allocated
68,9428,greenran_normal,0,0,65535_65535,0,3,175877,179,1,1,0,24,0,28,1,1,pre_allocation
68,9428,greenran_normal,0,0,65535_65535,0,3,175877,186,1,1,1,25,186,28,1,1,allocated
68,9428,greenran_normal,0,0,65535_65535,0,5,175872,179,1,1,0,24,0,28,1,1,pre_allocation
68,9428,greenran_normal,0,0,65535_65535,0,5,175872,186,1,1,1,25,186,28,1,1,allocated
68,9428,greenran_normal,0,0,65535_65535,0,4,178792,131,1,1,0,25,0,22,1,1,pre_allocation
68,9428,greenran_normal,0,0,65535_65535,0,4,178792,136,1,1,1,26,136,22,1,1,allocated
68,9428,greenran_normal,0,0,65535_65535,0,1,175902,186,1,1,0,25,0,28,1,1,pre_allocation
68,9428,greenran_normal,0,0,65535_65535,0,1,175902,194,1,1,1,26,194,28,1,1,allocated
68,9428,greenran_normal,0,0,65535_65535,0,2,175882,186,1,1,0,25,0,28,1,1,pre_allocation
68,9428,greenran_normal,0,0,65535_65535,0,2,175882,194,1,1,1,26,194,28,1,1,allocated
68,9428,greenran_normal,0,0,65535_65535,0,3,175877,186,1,1,0,25,0,28,1,1,pre_allocation
68,9428,greenran_normal,0,0,65535_65535,0,3,175877,194,1,1,1,26,194,28,1,1,allocated
68,9428,greenran_normal,0,0,65535_65535,0,5,175872,186,1,1,0,25,0,28,1,1,pre_allocation
68,9428,greenran_normal,0,0,65535_65535,0,5,175872,194,1,1,1,26,194,28,1,1,allocated
68,9428,greenran_normal,0,0,65535_65535,0,4,178792,136,1,1,0,26,0,22,1,1,pre_allocation
68,9428,greenran_normal,0,0,65535_65535,0,4,178792,141,1,1,1,27,141,22,1,1,allocated
68,9428,greenran_normal,0,0,65535_65535,0,1,175902,194,1,1,0,26,0,28,1,1,pre_allocation
68,9428,greenran_normal,0,0,65535_65535,0,1,175902,201,1,1,1,27,201,28,1,1,allocated
68,9428,greenran_normal,0,0,65535_65535,0,2,175882,194,1,1,0,26,0,28,1,1,pre_allocation
68,9428,greenran_normal,0,0,65535_65535,0,2,175882,201,1,1,1,27,201,28,1,1,allocated
68,9428,greenran_normal,0,0,65535_65535,0,3,175877,194,1,1,0,26,0,28,1,1,pre_allocation
68,9428,greenran_normal,0,0,65535_65535,0,3,175877,201,1,1,1,27,201,28,1,1,allocated
68,9428,greenran_normal,0,0,65535_65535,0,5,175872,194,1,1,0,26,0,28,1,1,pre_allocation
68,9428,greenran_normal,0,0,65535_65535,0,5,175872,201,1,1,1,27,201,28,1,1,allocated
68,9428,greenran_normal,0,0,65535_65535,0,4,178792,141,1,1,0,27,0,22,1,1,pre_allocation
68,9428,greenran_normal,0,0,65535_65535,0,4,178792,147,1,1,1,28,147,22,1,1,allocated
68,9428,greenran_normal,0,0,65535_65535,0,1,175902,201,1,1,0,27,0,28,1,1,pre_allocation
68,9428,greenran_normal,0,0,65535_65535,0,1,175902,209,1,1,1,28,209,28,1,1,allocated
68,9428,greenran_normal,0,0,65535_65535,0,2,175882,201,1,1,0,27,0,28,1,1,pre_allocation
68,9428,greenran_normal,0,0,65535_65535,0,2,175882,209,1,1,1,28,209,28,1,1,allocated
68,9428,greenran_normal,0,0,65535_65535,0,3,175877,201,1,1,0,27,0,28,1,1,pre_allocation
68,9428,greenran_normal,0,0,65535_65535,0,3,175877,209,1,1,1,28,209,28,1,1,allocated
68,9428,greenran_normal,0,0,65535_65535,0,5,175872,201,1,1,0,27,0,28,1,1,pre_allocation
68,9428,greenran_normal,0,0,65535_65535,0,5,175872,209,1,1,1,28,209,28,1,1,allocated
68,9428,greenran_normal,0,0,65535_65535,0,4,178792,147,1,1,0,28,0,22,1,1,pre_allocation
68,9428,greenran_normal,0,0,65535_65535,0,4,178792,152,1,1,1,29,152,22,1,1,allocated
68,9428,greenran_normal,0,0,65535_65535,0,1,175902,209,1,1,0,28,0,28,1,1,pre_allocation
68,9428,greenran_normal,0,0,65535_65535,0,1,175902,217,1,1,1,29,217,28,1,1,allocated
68,9428,greenran_normal,0,0,65535_65535,0,2,175882,209,1,1,0,28,0,28,1,1,pre_allocation
68,9428,greenran_normal,0,0,65535_65535,0,2,175882,217,1,1,1,29,217,28,1,1,allocated
68,9428,greenran_normal,0,0,65535_65535,0,3,175877,209,1,1,0,28,0,28,1,1,pre_allocation
68,9428,greenran_normal,0,0,65535_65535,0,3,175877,217,1,1,1,29,217,28,1,1,allocated
68,9428,greenran_normal,0,0,65535_65535,0,5,175872,209,1,1,0,28,0,28,1,1,pre_allocation
68,9428,greenran_normal,0,0,65535_65535,0,5,175872,217,1,1,1,29,217,28,1,1,allocated
68,9428,greenran_normal,0,0,65535_65535,0,4,178792,152,1,1,0,29,0,22,1,1,pre_allocation
68,9428,greenran_normal,0,0,65535_65535,0,4,178792,157,1,1,1,30,157,22,1,1,allocated
68,9428,greenran_normal,0,0,65535_65535,0,1,175902,217,1,1,0,29,0,28,1,1,pre_allocation
68,9428,greenran_normal,0,0,65535_65535,0,1,175902,224,1,1,1,30,224,28,1,1,allocated
68,9428,greenran_normal,0,0,65535_65535,0,2,175882,217,1,1,0,29,0,28,1,1,pre_allocation
68,9428,greenran_normal,0,0,65535_65535,0,2,175882,224,1,1,1,30,224,28,1,1,allocated
68,9428,greenran_normal,0,0,65535_65535,0,3,175877,217,1,1,0,29,0,28,1,1,pre_allocation
68,9428,greenran_normal,0,0,65535_65535,0,3,175877,224,1,1,1,30,224,28,1,1,allocated
68,9428,greenran_normal,0,0,65535_65535,0,5,175872,217,1,1,0,29,0,28,1,1,pre_allocation
68,9428,greenran_normal,0,0,65535_65535,0,5,175872,224,1,1,1,30,224,28,1,1,allocated
68,9428,greenran_normal,0,0,65535_65535,0,4,178792,157,1,1,0,30,0,22,1,1,pre_allocation
68,9428,greenran_normal,0,0,65535_65535,0,4,178792,163,1,1,1,31,163,22,1,1,allocated
68,9428,greenran_normal,0,0,65535_65535,0,1,175902,224,1,1,0,30,0,28,1,1,pre_allocation
68,9428,greenran_normal,0,0,65535_65535,0,1,175902,232,1,1,1,31,232,28,1,1,allocated
68,9428,greenran_normal,0,0,65535_65535,0,2,175882,224,1,1,0,30,0,28,1,1,pre_allocation
68,9428,greenran_normal,0,0,65535_65535,0,2,175882,232,1,1,1,31,232,28,1,1,allocated
68,9428,greenran_normal,0,0,65535_65535,0,3,175877,224,1,1,0,30,0,28,1,1,pre_allocation
68,9428,greenran_normal,0,0,65535_65535,0,3,175877,232,1,1,1,31,232,28,1,1,allocated
68,9428,greenran_normal,0,0,65535_65535,0,5,175872,224,1,1,0,30,0,28,1,1,pre_allocation
68,9428,greenran_normal,0,0,65535_65535,0,5,175872,232,1,1,1,31,232,28,1,1,allocated
68,9428,greenran_normal,0,0,65535_65535,0,4,178792,163,1,1,0,31,0,22,1,1,pre_allocation
68,9428,greenran_normal,0,0,65535_65535,0,4,178792,168,1,1,1,32,168,22,1,1,allocated
68,9428,greenran_normal,0,0,65535_65535,0,1,175902,232,1,1,0,31,0,28,1,1,pre_allocation
68,9428,greenran_normal,0,0,65535_65535,0,1,175902,239,1,1,1,32,239,28,1,1,allocated
68,9428,greenran_normal,0,0,65535_65535,0,2,175882,232,1,1,0,31,0,28,1,1,pre_allocation
68,9428,greenran_normal,0,0,65535_65535,0,2,175882,239,1,1,1,32,239,28,1,1,allocated
68,9428,greenran_normal,0,0,65535_65535,0,3,175877,232,1,1,0,31,0,28,1,1,pre_allocation
68,9428,greenran_normal,0,0,65535_65535,0,3,175877,239,1,1,1,32,239,28,1,1,allocated
68,9428,greenran_normal,0,0,65535_65535,0,5,175872,232,1,1,0,31,0,28,1,1,pre_allocation
68,9428,greenran_normal,0,0,65535_65535,0,5,175872,239,1,1,1,32,239,28,1,1,allocated
68,9428,greenran_normal,0,0,65535_65535,0,4,178792,168,1,1,0,32,0,22,1,1,pre_allocation
68,9428,greenran_normal,0,0,65535_65535,0,4,178792,173,1,1,1,33,173,22,1,1,allocated
68,9428,greenran_normal,0,0,65535_65535,0,1,175902,239,1,1,0,32,0,28,1,1,pre_allocation
68,9428,greenran_normal,0,0,65535_65535,0,1,175902,247,1,1,1,33,247,28,1,1,allocated
68,9428,greenran_normal,0,0,65535_65535,0,2,175882,239,1,1,0,32,0,28,1,1,pre_allocation
68,9428,greenran_normal,0,0,65535_65535,0,2,175882,247,1,1,1,33,247,28,1,1,allocated
68,9428,greenran_normal,0,0,65535_65535,0,3,175877,239,1,1,0,32,0,28,1,1,pre_allocation
68,9428,greenran_normal,0,0,65535_65535,0,3,175877,247,1,1,1,33,247,28,1,1,allocated
68,9428,greenran_normal,0,0,65535_65535,0,5,175872,239,1,1,0,32,0,28,1,1,pre_allocation
68,9428,greenran_normal,0,0,65535_65535,0,5,175872,247,1,1,1,33,247,28,1,1,allocated
68,9428,greenran_normal,0,0,65535_65535,0,4,178792,173,1,1,0,33,0,22,1,1,pre_allocation
68,9428,greenran_normal,0,0,65535_65535,0,4,178792,179,1,1,1,34,179,22,1,1,allocated
68,9428,greenran_normal,0,0,65535_65535,0,1,175902,247,1,1,0,33,0,28,1,1,pre_allocation
68,9428,greenran_normal,0,0,65535_65535,0,1,175902,255,1,1,1,34,255,28,1,1,allocated
68,9428,greenran_normal,0,0,65535_65535,0,2,175882,247,1,1,0,33,0,28,1,1,pre_allocation
68,9428,greenran_normal,0,0,65535_65535,0,2,175882,255,1,1,1,34,255,28,1,1,allocated
68,9428,greenran_normal,0,0,65535_65535,0,3,175877,247,1,1,0,33,0,28,1,1,pre_allocation
68,9428,greenran_normal,0,0,65535_65535,0,3,175877,255,1,1,1,34,255,28,1,1,allocated
68,9428,greenran_normal,0,0,65535_65535,0,5,175872,247,1,1,0,33,0,28,1,1,pre_allocation
68,9428,greenran_normal,0,0,65535_65535,0,5,175872,255,1,1,1,34,255,28,1,1,allocated
68,9428,greenran_normal,0,0,65535_65535,0,4,178792,179,1,1,0,34,0,22,1,1,pre_allocation
68,9428,greenran_normal,0,0,65535_65535,0,4,178792,184,1,1,1,35,184,22,1,1,allocated
68,9428,greenran_normal,0,0,65535_65535,0,1,175902,255,1,1,0,34,0,28,1,1,pre_allocation
68,9428,greenran_normal,0,0,65535_65535,0,1,175902,262,1,1,1,35,262,28,1,1,allocated
68,9428,greenran_normal,0,0,65535_65535,0,2,175882,255,1,1,0,34,0,28,1,1,pre_allocation
68,9428,greenran_normal,0,0,65535_65535,0,2,175882,262,1,1,1,35,262,28,1,1,allocated
68,9428,greenran_normal,0,0,65535_65535,0,3,175877,255,1,1,0,34,0,28,1,1,pre_allocation
68,9428,greenran_normal,0,0,65535_65535,0,3,175877,262,1,1,1,35,262,28,1,1,allocated
68,9428,greenran_normal,0,0,65535_65535,0,5,175872,255,1,1,0,34,0,28,1,1,pre_allocation
68,9428,greenran_normal,0,0,65535_65535,0,5,175872,262,1,1,1,35,262,28,1,1,allocated
68,9428,greenran_normal,0,0,65535_65535,0,4,178792,184,1,1,0,35,0,22,1,1,pre_allocation
68,9428,greenran_normal,0,0,65535_65535,0,4,178792,190,1,1,1,36,190,22,1,1,allocated
68,9428,greenran_normal,0,0,65535_65535,0,1,175902,262,1,1,0,35,0,28,1,1,pre_allocation
68,9428,greenran_normal,0,0,65535_65535,0,1,175902,270,1,1,1,36,270,28,1,1,allocated
68,9428,greenran_normal,0,0,65535_65535,0,2,175882,262,1,1,0,35,0,28,1,1,pre_allocation
68,9428,greenran_normal,0,0,65535_65535,0,2,175882,270,1,1,1,36,270,28,1,1,allocated
68,9428,greenran_normal,0,0,65535_65535,0,3,175877,262,1,1,0,35,0,28,1,1,pre_allocation
68,9428,greenran_normal,0,0,65535_65535,0,3,175877,270,1,1,1,36,270,28,1,1,allocated
68,9428,greenran_normal,0,0,65535_65535,0,5,175872,262,1,1,0,35,0,28,1,1,pre_allocation
68,9428,greenran_normal,0,0,65535_65535,0,5,175872,270,1,1,1,36,270,28,1,1,allocated
68,9428,greenran_normal,0,0,65535_65535,0,4,178792,190,1,1,0,36,0,22,1,1,pre_allocation
68,9428,greenran_normal,0,0,65535_65535,0,4,178792,195,1,1,1,37,195,22,1,1,allocated
68,9428,greenran_normal,0,0,65535_65535,0,1,175902,270,1,1,0,36,0,28,1,1,pre_allocation
68,9428,greenran_normal,0,0,65535_65535,0,1,175902,277,1,1,1,37,277,28,1,1,allocated
68,9428,greenran_normal,0,0,65535_65535,0,2,175882,270,1,1,0,36,0,28,1,1,pre_allocation
68,9428,greenran_normal,0,0,65535_65535,0,2,175882,277,1,1,1,37,277,28,1,1,allocated
68,9428,greenran_normal,0,0,65535_65535,0,3,175877,270,1,1,0,36,0,28,1,1,pre_allocation
68,9428,greenran_normal,0,0,65535_65535,0,3,175877,277,1,1,1,37,277,28,1,1,allocated
68,9428,greenran_normal,0,0,65535_65535,0,5,175872,270,1,1,0,36,0,28,1,1,pre_allocation
68,9428,greenran_normal,0,0,65535_65535,0,5,175872,277,1,1,1,37,277,28,1,1,allocated
68,9428,greenran_normal,0,0,65535_65535,2,38,5704948,0,1,1,0,0,0,2,1,1,pre_allocation
68,9428,greenran_normal,0,0,65535_65535,2,38,5704948,0,1,1,1,1,0,2,1,1,allocated
68,9428,greenran_normal,0,0,65535_65535,2,60,5704620,0,1,1,0,0,0,10,1,1,pre_allocation
68,9428,greenran_normal,0,0,65535_65535,2,60,5704620,1,1,1,1,1,1,10,1,1,allocated
68,9428,greenran_normal,0,0,65535_65535,2,64,5704224,0,1,1,0,0,0,18,1,1,pre_allocation
68,9428,greenran_normal,0,0,65535_65535,2,64,5704224,0,1,1,1,1,0,18,1,1,allocated
68,9428,greenran_normal,0,0,65535_65535,2,43,5703582,0,1,1,0,0,0,26,1,1,pre_allocation
68,9428,greenran_normal,0,0,65535_65535,2,43,5703582,4,1,1,1,1,4,26,1,1,allocated
68,9428,greenran_normal,0,0,65535_65535,2,42,5702905,0,1,1,0,0,0,24,1,1,pre_allocation
68,9428,greenran_normal,0,0,65535_65535,2,42,5702905,3,1,1,1,1,3,24,1,1,allocated
68,9428,greenran_normal,0,0,65535_65535,2,59,5702422,0,1,1,0,0,0,24,1,1,pre_allocation
68,9428,greenran_normal,0,0,65535_65535,2,59,5702422,3,1,1,1,1,3,24,1,1,allocated
68,9428,greenran_normal,0,0,65535_65535,2,36,5702379,0,1,1,0,0,0,26,1,1,pre_allocation
68,9428,greenran_normal,0,0,65535_65535,2,36,5702379,4,1,1,1,1,4,26,1,1,allocated
68,9428,greenran_normal,0,0,65535_65535,2,58,5702401,0,1,1,0,0,0,26,1,1,pre_allocation
68,9428,greenran_normal,0,0,65535_65535,2,58,5702401,4,1,1,1,1,4,26,1,1,allocated
68,9428,greenran_normal,0,0,65535_65535,2,61,5702323,0,1,1,0,0,0,28,1,1,pre_allocation
68,9428,greenran_normal,0,0,65535_65535,2,61,5702323,4,1,1,1,1,4,28,1,1,allocated
68,9428,greenran_normal,0,0,65535_65535,2,62,5702322,0,1,1,0,0,0,28,1,1,pre_allocation
68,9428,greenran_normal,0,0,65535_65535,2,62,5702322,4,1,1,1,1,4,28,1,1,allocated
68,9428,greenran_normal,0,0,65535_65535,2,63,5702321,0,1,1,0,0,0,28,1,1,pre_allocation
68,9428,greenran_normal,0,0,65535_65535,2,63,5702321,4,1,1,1,1,4,28,1,1,allocated
68,9428,greenran_normal,0,0,65535_65535,2,37,5702319,0,1,1,0,0,0,28,1,1,pre_allocation
68,9428,greenran_normal,0,0,65535_65535,2,37,5702319,4,1,1,1,1,4,28,1,1,allocated
68,9428,greenran_normal,0,0,65535_65535,2,39,5702321,0,1,1,0,0,0,28,1,1,pre_allocation
68,9428,greenran_normal,0,0,65535_65535,2,39,5702321,4,1,1,1,1,4,28,1,1,allocated
68,9428,greenran_normal,0,0,65535_65535,2,35,5702316,0,1,1,0,0,0,28,1,1,pre_allocation
68,9428,greenran_normal,0,0,65535_65535,2,35,5702316,4,1,1,1,1,4,28,1,1,allocated
68,9428,greenran_normal,0,0,65535_65535,2,40,5702319,0,1,1,0,0,0,28,1,1,pre_allocation
68,9428,greenran_normal,0,0,65535_65535,2,40,5702319,4,1,1,1,1,4,28,1,1,allocated
68,9428,greenran_normal,0,0,65535_65535,2,44,5702316,0,1,1,0,0,0,28,1,1,pre_allocation
68,9428,greenran_normal,0,0,65535_65535,2,44,5702316,4,1,1,1,1,4,28,1,1,allocated
68,9428,greenran_normal,0,0,65535_65535,2,41,5702319,0,1,1,0,0,0,28,1,1,pre_allocation
68,9428,greenran_normal,0,0,65535_65535,2,41,5702319,4,1,1,1,1,4,28,1,1,allocated
68,9428,greenran_normal,0,0,65535_65535,2,55,5702316,0,1,1,0,0,0,28,1,1,pre_allocation
68,9428,greenran_normal,0,0,65535_65535,2,55,5702316,4,1,1,1,1,4,28,1,1,allocated
68,9428,greenran_normal,0,0,65535_65535,2,56,5702316,0,1,1,0,0,0,28,1,1,pre_allocation
68,9428,greenran_normal,0,0,65535_65535,2,56,5702316,4,1,1,1,1,4,28,1,1,allocated
68,9428,greenran_normal,0,0,65535_65535,2,57,5702316,0,1,1,0,0,0,28,1,1,pre_allocation
68,9428,greenran_normal,0,0,65535_65535,2,57,5702316,4,1,1,1,1,4,28,1,1,allocated
68,9428,greenran_normal,0,0,65535_65535,2,38,5704948,0,1,1,0,1,0,2,1,1,pre_allocation
68,9428,greenran_normal,0,0,65535_65535,2,38,5704948,0,1,1,1,2,0,2,1,1,allocated
68,9428,greenran_normal,0,0,65535_65535,2,60,5704620,1,1,1,0,1,0,10,1,1,pre_allocation
68,9428,greenran_normal,0,0,65535_65535,2,60,5704620,0,1,1,1,2,0,10,1,1,allocated
68,9428,greenran_normal,0,0,65535_65535,2,64,5704224,0,1,1,0,1,0,18,1,1,pre_allocation
68,9428,greenran_normal,0,0,65535_65535,2,64,5704224,4,1,1,1,2,4,18,1,1,allocated
68,9428,greenran_normal,0,0,65535_65535,2,43,5703582,4,1,1,0,1,0,26,1,1,pre_allocation
68,9428,greenran_normal,0,0,65535_65535,2,43,5703582,11,1,1,1,2,11,26,1,1,allocated
68,9428,greenran_normal,0,0,65535_65535,2,42,5702905,3,1,1,0,1,0,24,1,1,pre_allocation
68,9428,greenran_normal,0,0,65535_65535,2,42,5702905,9,1,1,1,2,9,24,1,1,allocated
68,9428,greenran_normal,0,0,65535_65535,2,59,5702422,3,1,1,0,1,0,24,1,1,pre_allocation
68,9428,greenran_normal,0,0,65535_65535,2,59,5702422,9,1,1,1,2,9,24,1,1,allocated
68,9428,greenran_normal,0,0,65535_65535,2,36,5702379,4,1,1,0,1,0,26,1,1,pre_allocation
68,9428,greenran_normal,0,0,65535_65535,2,36,5702379,11,1,1,1,2,11,26,1,1,allocated
68,9428,greenran_normal,0,0,65535_65535,2,58,5702401,4,1,1,0,1,0,26,1,1,pre_allocation
68,9428,greenran_normal,0,0,65535_65535,2,58,5702401,11,1,1,1,2,11,26,1,1,allocated
68,9428,greenran_normal,0,0,65535_65535,2,61,5702323,4,1,1,0,1,0,28,1,1,pre_allocation
68,9428,greenran_normal,0,0,65535_65535,2,61,5702323,12,1,1,1,2,12,28,1,1,allocated
68,9428,greenran_normal,0,0,65535_65535,2,62,5702322,4,1,1,0,1,0,28,1,1,pre_allocation
68,9428,greenran_normal,0,0,65535_65535,2,62,5702322,12,1,1,1,2,12,28,1,1,allocated
68,9428,greenran_normal,0,0,65535_65535,2,63,5702321,4,1,1,0,1,0,28,1,1,pre_allocation
68,9428,greenran_normal,0,0,65535_65535,2,63,5702321,12,1,1,1,2,12,28,1,1,allocated
68,9428,greenran_normal,0,0,65535_65535,2,37,5702319,4,1,1,0,1,0,28,1,1,pre_allocation
68,9428,greenran_normal,0,0,65535_65535,2,37,5702319,12,1,1,1,2,12,28,1,1,allocated
68,9428,greenran_normal,0,0,65535_65535,2,39,5702321,4,1,1,0,1,0,28,1,1,pre_allocation
68,9428,greenran_normal,0,0,65535_65535,2,39,5702321,12,1,1,1,2,12,28,1,1,allocated
68,9428,greenran_normal,0,0,65535_65535,2,35,5702316,4,1,1,0,1,0,28,1,1,pre_allocation
68,9428,greenran_normal,0,0,65535_65535,2,35,5702316,12,1,1,1,2,12,28,1,1,allocated
68,9428,greenran_normal,0,0,65535_65535,2,40,5702319,4,1,1,0,1,0,28,1,1,pre_allocation
68,9428,greenran_normal,0,0,65535_65535,2,40,5702319,12,1,1,1,2,12,28,1,1,allocated
68,9428,greenran_normal,0,0,65535_65535,2,44,5702316,4,1,1,0,1,0,28,1,1,pre_allocation
68,9428,greenran_normal,0,0,65535_65535,2,44,5702316,12,1,1,1,2,12,28,1,1,allocated
68,9428,greenran_normal,0,0,65535_65535,2,41,5702319,4,1,1,0,1,0,28,1,1,pre_allocation
68,9428,greenran_normal,0,0,65535_65535,2,41,5702319,12,1,1,1,2,12,28,1,1,allocated
68,9428,greenran_normal,0,0,65535_65535,2,55,5702316,4,1,1,0,1,0,28,1,1,pre_allocation
68,9428,greenran_normal,0,0,65535_65535,2,55,5702316,12,1,1,1,2,12,28,1,1,allocated
68,9428,greenran_normal,0,0,65535_65535,2,56,5702316,4,1,1,0,1,0,28,1,1,pre_allocation
68,9428,greenran_normal,0,0,65535_65535,2,56,5702316,12,1,1,1,2,12,28,1,1,allocated
68,9428,greenran_normal,0,0,65535_65535,2,57,5702316,4,1,1,0,1,0,28,1,1,pre_allocation
68,9428,greenran_normal,0,0,65535_65535,2,57,5702316,12,1,1,1,2,12,28,1,1,allocated
68,9428,greenran_normal,0,0,65535_65535,2,38,5704948,0,1,1,0,2,0,2,1,1,pre_allocation
68,9428,greenran_normal,0,0,65535_65535,2,38,5704948,0,1,1,1,3,0,2,1,1,allocated
68,9428,greenran_normal,0,0,65535_65535,2,60,5704620,0,1,1,0,2,0,10,1,1,pre_allocation
68,9428,greenran_normal,0,0,65535_65535,2,60,5704620,1,1,1,1,3,1,10,1,1,allocated
68,9428,greenran_normal,0,0,65535_65535,2,64,5704224,4,1,1,0,2,0,18,1,1,pre_allocation
68,9428,greenran_normal,0,0,65535_65535,2,64,5704224,8,1,1,1,3,8,18,1,1,allocated
68,9428,greenran_normal,0,0,65535_65535,2,43,5703582,11,1,1,0,2,0,26,1,1,pre_allocation
68,9428,greenran_normal,0,0,65535_65535,2,43,5703582,18,1,1,1,3,18,26,1,1,allocated
68,9428,greenran_normal,0,0,65535_65535,2,42,5702905,9,1,1,0,2,0,24,1,1,pre_allocation
68,9428,greenran_normal,0,0,65535_65535,2,42,5702905,15,1,1,1,3,15,24,1,1,allocated
68,9428,greenran_normal,0,0,65535_65535,2,59,5702422,9,1,1,0,2,0,24,1,1,pre_allocation
68,9428,greenran_normal,0,0,65535_65535,2,59,5702422,15,1,1,1,3,15,24,1,1,allocated
68,9428,greenran_normal,0,0,65535_65535,2,36,5702379,11,1,1,0,2,0,26,1,1,pre_allocation
68,9428,greenran_normal,0,0,65535_65535,2,36,5702379,18,1,1,1,3,18,26,1,1,allocated
68,9428,greenran_normal,0,0,65535_65535,2,58,5702401,11,1,1,0,2,0,26,1,1,pre_allocation
68,9428,greenran_normal,0,0,65535_65535,2,58,5702401,18,1,1,1,3,18,26,1,1,allocated
68,9428,greenran_normal,0,0,65535_65535,2,61,5702323,12,1,1,0,2,0,28,1,1,pre_allocation
68,9428,greenran_normal,0,0,65535_65535,2,61,5702323,19,1,1,1,3,19,28,1,1,allocated
68,9428,greenran_normal,0,0,65535_65535,2,62,5702322,12,1,1,0,2,0,28,1,1,pre_allocation
68,9428,greenran_normal,0,0,65535_65535,2,62,5702322,19,1,1,1,3,19,28,1,1,allocated
68,9428,greenran_normal,0,0,65535_65535,2,63,5702321,12,1,1,0,2,0,28,1,1,pre_allocation
68,9428,greenran_normal,0,0,65535_65535,2,63,5702321,19,1,1,1,3,19,28,1,1,allocated
68,9428,greenran_normal,0,0,65535_65535,2,37,5702319,12,1,1,0,2,0,28,1,1,pre_allocation
68,9428,greenran_normal,0,0,65535_65535,2,37,5702319,19,1,1,1,3,19,28,1,1,allocated
68,9428,greenran_normal,0,0,65535_65535,2,39,5702321,12,1,1,0,2,0,28,1,1,pre_allocation
68,9428,greenran_normal,0,0,65535_65535,2,39,5702321,19,1,1,1,3,19,28,1,1,allocated
68,9428,greenran_normal,0,0,65535_65535,2,35,5702316,12,1,1,0,2,0,28,1,1,pre_allocation
68,9428,greenran_normal,0,0,65535_65535,2,35,5702316,19,1,1,1,3,19,28,1,1,allocated
68,9428,greenran_normal,0,0,65535_65535,2,40,5702319,12,1,1,0,2,0,28,1,1,pre_allocation
68,9428,greenran_normal,0,0,65535_65535,2,40,5702319,19,1,1,1,3,19,28,1,1,allocated
68,9428,greenran_normal,0,0,65535_65535,2,44,5702316,12,1,1,0,2,0,28,1,1,pre_allocation
68,9428,greenran_normal,0,0,65535_65535,2,44,5702316,19,1,1,1,3,19,28,1,1,allocated
68,9428,greenran_normal,0,0,65535_65535,2,41,5702319,12,1,1,0,2,0,28,1,1,pre_allocation
68,9428,greenran_normal,0,0,65535_65535,2,41,5702319,19,1,1,1,3,19,28,1,1,allocated
68,9428,greenran_normal,0,0,65535_65535,2,55,5702316,12,1,1,0,2,0,28,1,1,pre_allocation
68,9428,greenran_normal,0,0,65535_65535,2,55,5702316,19,1,1,1,3,19,28,1,1,allocated
68,9428,greenran_normal,0,0,65535_65535,2,56,5702316,12,1,1,0,2,0,28,1,1,pre_allocation
68,9428,greenran_normal,0,0,65535_65535,2,56,5702316,19,1,1,1,3,19,28,1,1,allocated
68,9428,greenran_normal,0,0,65535_65535,2,57,5702316,12,1,1,0,2,0,28,1,1,pre_allocation
68,9428,greenran_normal,0,0,65535_65535,2,57,5702316,19,1,1,1,3,19,28,1,1,allocated
68,9428,greenran_normal,0,0,65535_65535,2,38,5704948,0,1,1,0,3,0,2,1,1,pre_allocation
68,9428,greenran_normal,0,0,65535_65535,2,38,5704948,1,1,1,1,4,1,2,1,1,allocated
68,9428,greenran_normal,0,0,65535_65535,2,60,5704620,1,1,1,0,3,0,10,1,1,pre_allocation
68,9428,greenran_normal,0,0,65535_65535,2,60,5704620,3,1,1,1,4,3,10,1,1,allocated
68,9428,greenran_normal,0,0,65535_65535,2,64,5704224,8,1,1,0,3,0,18,1,1,pre_allocation
68,9428,greenran_normal,0,0,65535_65535,2,64,5704224,11,1,1,1,4,11,18,1,1,allocated
68,9428,greenran_normal,0,0,65535_65535,2,43,5703582,18,1,1,0,3,0,26,1,1,pre_allocation
68,9428,greenran_normal,0,0,65535_65535,2,43,5703582,25,1,1,1,4,25,26,1,1,allocated
68,9428,greenran_normal,0,0,65535_65535,2,42,5702905,15,1,1,0,3,0,24,1,1,pre_allocation
68,9428,greenran_normal,0,0,65535_65535,2,42,5702905,21,1,1,1,4,21,24,1,1,allocated
68,9428,greenran_normal,0,0,65535_65535,2,59,5702422,15,1,1,0,3,0,24,1,1,pre_allocation
68,9428,greenran_normal,0,0,65535_65535,2,59,5702422,21,1,1,1,4,21,24,1,1,allocated
68,9428,greenran_normal,0,0,65535_65535,2,36,5702379,18,1,1,0,3,0,26,1,1,pre_allocation
68,9428,greenran_normal,0,0,65535_65535,2,36,5702379,25,1,1,1,4,25,26,1,1,allocated
68,9428,greenran_normal,0,0,65535_65535,2,58,5702401,18,1,1,0,3,0,26,1,1,pre_allocation
68,9428,greenran_normal,0,0,65535_65535,2,58,5702401,25,1,1,1,4,25,26,1,1,allocated
68,9428,greenran_normal,0,0,65535_65535,2,61,5702323,19,1,1,0,3,0,28,1,1,pre_allocation
68,9428,greenran_normal,0,0,65535_65535,2,61,5702323,27,1,1,1,4,27,28,1,1,allocated
68,9428,greenran_normal,0,0,65535_65535,2,62,5702322,19,1,1,0,3,0,28,1,1,pre_allocation
68,9428,greenran_normal,0,0,65535_65535,2,62,5702322,27,1,1,1,4,27,28,1,1,allocated
68,9428,greenran_normal,0,0,65535_65535,2,63,5702321,19,1,1,0,3,0,28,1,1,pre_allocation
68,9428,greenran_normal,0,0,65535_65535,2,63,5702321,27,1,1,1,4,27,28,1,1,allocated
68,9428,greenran_normal,0,0,65535_65535,2,37,5702319,19,1,1,0,3,0,28,1,1,pre_allocation
68,9428,greenran_normal,0,0,65535_65535,2,37,5702319,27,1,1,1,4,27,28,1,1,allocated
68,9428,greenran_normal,0,0,65535_65535,2,39,5702321,19,1,1,0,3,0,28,1,1,pre_allocation
68,9428,greenran_normal,0,0,65535_65535,2,39,5702321,27,1,1,1,4,27,28,1,1,allocated
68,9428,greenran_normal,0,0,65535_65535,2,35,5702316,19,1,1,0,3,0,28,1,1,pre_allocation
68,9428,greenran_normal,0,0,65535_65535,2,35,5702316,27,1,1,1,4,27,28,1,1,allocated
68,9428,greenran_normal,0,0,65535_65535,2,40,5702319,19,1,1,0,3,0,28,1,1,pre_allocation
68,9428,greenran_normal,0,0,65535_65535,2,40,5702319,27,1,1,1,4,27,28,1,1,allocated
68,9428,greenran_normal,0,0,65535_65535,2,44,5702316,19,1,1,0,3,0,28,1,1,pre_allocation
68,9428,greenran_normal,0,0,65535_65535,2,44,5702316,27,1,1,1,4,27,28,1,1,allocated
68,9428,greenran_normal,0,0,65535_65535,2,41,5702319,19,1,1,0,3,0,28,1,1,pre_allocation
68,9428,greenran_normal,0,0,65535_65535,2,41,5702319,27,1,1,1,4,27,28,1,1,allocated
68,9428,greenran_normal,0,0,65535_65535,2,55,5702316,19,1,1,0,3,0,28,1,1,pre_allocation
68,9428,greenran_normal,0,0,65535_65535,2,55,5702316,27,1,1,1,4,27,28,1,1,allocated
68,9428,greenran_normal,0,0,65535_65535,2,56,5702316,19,1,1,0,3,0,28,1,1,pre_allocation
68,9428,greenran_normal,0,0,65535_65535,2,56,5702316,27,1,1,1,4,27,28,1,1,allocated
68,9428,greenran_normal,0,0,65535_65535,2,57,5702316,19,1,1,0,3,0,28,1,1,pre_allocation
68,9428,greenran_normal,0,0,65535_65535,2,57,5702316,27,1,1,1,4,27,28,1,1,allocated
68,9428,greenran_normal,0,0,65535_65535,2,38,5704948,1,1,1,0,4,0,2,1,1,pre_allocation
68,9428,greenran_normal,0,0,65535_65535,2,38,5704948,1,1,1,1,5,1,2,1,1,allocated
70,9546,greenran_normal,0,0,65535_65535,0,4,181037,0,1,1,0,0,0,22,1,1,pre_allocation
70,9546,greenran_normal,0,0,65535_65535,0,4,181037,2,1,1,1,1,2,22,1,1,allocated
70,9546,greenran_normal,0,0,65535_65535,0,1,178032,0,1,1,0,0,0,28,1,1,pre_allocation
70,9546,greenran_normal,0,0,65535_65535,0,1,178032,4,1,1,1,1,4,28,1,1,allocated
70,9546,greenran_normal,0,0,65535_65535,0,5,178009,0,1,1,0,0,0,28,1,1,pre_allocation
70,9546,greenran_normal,0,0,65535_65535,0,5,178009,4,1,1,1,1,4,28,1,1,allocated
70,9546,greenran_normal,0,0,65535_65535,0,2,178012,0,1,1,0,0,0,28,1,1,pre_allocation
70,9546,greenran_normal,0,0,65535_65535,0,2,178012,4,1,1,1,1,4,28,1,1,allocated
70,9546,greenran_normal,0,0,65535_65535,0,3,178007,0,1,1,0,0,0,28,1,1,pre_allocation
70,9546,greenran_normal,0,0,65535_65535,0,3,178007,4,1,1,1,1,4,28,1,1,allocated
70,9546,greenran_normal,0,0,65535_65535,0,4,181037,2,1,1,0,1,0,22,1,1,pre_allocation
70,9546,greenran_normal,0,0,65535_65535,0,4,181037,7,1,1,1,2,7,22,1,1,allocated
70,9546,greenran_normal,0,0,65535_65535,0,1,178032,4,1,1,0,1,0,28,1,1,pre_allocation
70,9546,greenran_normal,0,0,65535_65535,0,1,178032,12,1,1,1,2,12,28,1,1,allocated
70,9546,greenran_normal,0,0,65535_65535,0,5,178009,4,1,1,0,1,0,28,1,1,pre_allocation
70,9546,greenran_normal,0,0,65535_65535,0,5,178009,12,1,1,1,2,12,28,1,1,allocated
70,9546,greenran_normal,0,0,65535_65535,0,2,178012,4,1,1,0,1,0,28,1,1,pre_allocation
70,9546,greenran_normal,0,0,65535_65535,0,2,178012,12,1,1,1,2,12,28,1,1,allocated
70,9546,greenran_normal,0,0,65535_65535,0,3,178007,4,1,1,0,1,0,28,1,1,pre_allocation
70,9546,greenran_normal,0,0,65535_65535,0,3,178007,12,1,1,1,2,12,28,1,1,allocated
70,9546,greenran_normal,0,0,65535_65535,0,4,181037,7,1,1,0,2,0,22,1,1,pre_allocation
70,9546,greenran_normal,0,0,65535_65535,0,4,181037,13,1,1,1,3,13,22,1,1,allocated
70,9546,greenran_normal,0,0,65535_65535,0,1,178032,12,1,1,0,2,0,28,1,1,pre_allocation
70,9546,greenran_normal,0,0,65535_65535,0,1,178032,19,1,1,1,3,19,28,1,1,allocated
70,9546,greenran_normal,0,0,65535_65535,0,5,178009,12,1,1,0,2,0,28,1,1,pre_allocation
70,9546,greenran_normal,0,0,65535_65535,0,5,178009,19,1,1,1,3,19,28,1,1,allocated
70,9546,greenran_normal,0,0,65535_65535,0,2,178012,12,1,1,0,2,0,28,1,1,pre_allocation
70,9546,greenran_normal,0,0,65535_65535,0,2,178012,19,1,1,1,3,19,28,1,1,allocated
70,9546,greenran_normal,0,0,65535_65535,0,3,178007,12,1,1,0,2,0,28,1,1,pre_allocation
70,9546,greenran_normal,0,0,65535_65535,0,3,178007,19,1,1,1,3,19,28,1,1,allocated
70,9546,greenran_normal,0,0,65535_65535,0,4,181037,13,1,1,0,3,0,22,1,1,pre_allocation
70,9546,greenran_normal,0,0,65535_65535,0,4,181037,18,1,1,1,4,18,22,1,1,allocated
70,9546,greenran_normal,0,0,65535_65535,0,1,178032,19,1,1,0,3,0,28,1,1,pre_allocation
70,9546,greenran_normal,0,0,65535_65535,0,1,178032,27,1,1,1,4,27,28,1,1,allocated
70,9546,greenran_normal,0,0,65535_65535,0,5,178009,19,1,1,0,3,0,28,1,1,pre_allocation
70,9546,greenran_normal,0,0,65535_65535,0,5,178009,27,1,1,1,4,27,28,1,1,allocated
70,9546,greenran_normal,0,0,65535_65535,0,2,178012,19,1,1,0,3,0,28,1,1,pre_allocation
70,9546,greenran_normal,0,0,65535_65535,0,2,178012,27,1,1,1,4,27,28,1,1,allocated
70,9546,greenran_normal,0,0,65535_65535,0,3,178007,19,1,1,0,3,0,28,1,1,pre_allocation
70,9546,greenran_normal,0,0,65535_65535,0,3,178007,27,1,1,1,4,27,28,1,1,allocated
70,9546,greenran_normal,0,0,65535_65535,0,4,181037,18,1,1,0,4,0,22,1,1,pre_allocation
70,9546,greenran_normal,0,0,65535_65535,0,4,181037,23,1,1,1,5,23,22,1,1,allocated
70,9546,greenran_normal,0,0,65535_65535,0,1,178032,27,1,1,0,4,0,28,1,1,pre_allocation
70,9546,greenran_normal,0,0,65535_65535,0,1,178032,34,1,1,1,5,34,28,1,1,allocated
70,9546,greenran_normal,0,0,65535_65535,0,5,178009,27,1,1,0,4,0,28,1,1,pre_allocation
70,9546,greenran_normal,0,0,65535_65535,0,5,178009,34,1,1,1,5,34,28,1,1,allocated
70,9546,greenran_normal,0,0,65535_65535,0,2,178012,27,1,1,0,4,0,28,1,1,pre_allocation
70,9546,greenran_normal,0,0,65535_65535,0,2,178012,34,1,1,1,5,34,28,1,1,allocated
70,9546,greenran_normal,0,0,65535_65535,0,3,178007,27,1,1,0,4,0,28,1,1,pre_allocation
70,9546,greenran_normal,0,0,65535_65535,0,3,178007,34,1,1,1,5,34,28,1,1,allocated
70,9546,greenran_normal,0,0,65535_65535,0,4,181037,23,1,1,0,5,0,22,1,1,pre_allocation
70,9546,greenran_normal,0,0,65535_65535,0,4,181037,29,1,1,1,6,29,22,1,1,allocated
70,9546,greenran_normal,0,0,65535_65535,0,1,178032,34,1,1,0,5,0,28,1,1,pre_allocation
70,9546,greenran_normal,0,0,65535_65535,0,1,178032,42,1,1,1,6,42,28,1,1,allocated
70,9546,greenran_normal,0,0,65535_65535,0,5,178009,34,1,1,0,5,0,28,1,1,pre_allocation
70,9546,greenran_normal,0,0,65535_65535,0,5,178009,42,1,1,1,6,42,28,1,1,allocated
70,9546,greenran_normal,0,0,65535_65535,0,2,178012,34,1,1,0,5,0,28,1,1,pre_allocation
70,9546,greenran_normal,0,0,65535_65535,0,2,178012,42,1,1,1,6,42,28,1,1,allocated
70,9546,greenran_normal,0,0,65535_65535,0,3,178007,34,1,1,0,5,0,28,1,1,pre_allocation
70,9546,greenran_normal,0,0,65535_65535,0,3,178007,42,1,1,1,6,42,28,1,1,allocated
70,9546,greenran_normal,0,0,65535_65535,0,4,181037,29,1,1,0,6,0,22,1,1,pre_allocation
70,9546,greenran_normal,0,0,65535_65535,0,4,181037,34,1,1,1,7,34,22,1,1,allocated
70,9546,greenran_normal,0,0,65535_65535,0,1,178032,42,1,1,0,6,0,28,1,1,pre_allocation
70,9546,greenran_normal,0,0,65535_65535,0,1,178032,50,1,1,1,7,50,28,1,1,allocated
70,9546,greenran_normal,0,0,65535_65535,0,5,178009,42,1,1,0,6,0,28,1,1,pre_allocation
70,9546,greenran_normal,0,0,65535_65535,0,5,178009,50,1,1,1,7,50,28,1,1,allocated
70,9546,greenran_normal,0,0,65535_65535,0,2,178012,42,1,1,0,6,0,28,1,1,pre_allocation
70,9546,greenran_normal,0,0,65535_65535,0,2,178012,50,1,1,1,7,50,28,1,1,allocated
70,9546,greenran_normal,0,0,65535_65535,0,3,178007,42,1,1,0,6,0,28,1,1,pre_allocation
70,9546,greenran_normal,0,0,65535_65535,0,3,178007,50,1,1,1,7,50,28,1,1,allocated
70,9546,greenran_normal,0,0,65535_65535,0,4,181037,34,1,1,0,7,0,22,1,1,pre_allocation
70,9546,greenran_normal,0,0,65535_65535,0,4,181037,39,1,1,1,8,39,22,1,1,allocated
70,9546,greenran_normal,0,0,65535_65535,0,1,178032,50,1,1,0,7,0,28,1,1,pre_allocation
70,9546,greenran_normal,0,0,65535_65535,0,1,178032,57,1,1,1,8,57,28,1,1,allocated
70,9546,greenran_normal,0,0,65535_65535,0,5,178009,50,1,1,0,7,0,28,1,1,pre_allocation
70,9546,greenran_normal,0,0,65535_65535,0,5,178009,57,1,1,1,8,57,28,1,1,allocated
70,9546,greenran_normal,0,0,65535_65535,0,2,178012,50,1,1,0,7,0,28,1,1,pre_allocation
70,9546,greenran_normal,0,0,65535_65535,0,2,178012,57,1,1,1,8,57,28,1,1,allocated
70,9546,greenran_normal,0,0,65535_65535,0,3,178007,50,1,1,0,7,0,28,1,1,pre_allocation
70,9546,greenran_normal,0,0,65535_65535,0,3,178007,57,1,1,1,8,57,28,1,1,allocated
70,9546,greenran_normal,0,0,65535_65535,0,4,181037,39,1,1,0,8,0,22,1,1,pre_allocation
70,9546,greenran_normal,0,0,65535_65535,0,4,181037,45,1,1,1,9,45,22,1,1,allocated
70,9546,greenran_normal,0,0,65535_65535,0,1,178032,57,1,1,0,8,0,28,1,1,pre_allocation
70,9546,greenran_normal,0,0,65535_65535,0,1,178032,65,1,1,1,9,65,28,1,1,allocated
70,9546,greenran_normal,0,0,65535_65535,0,5,178009,57,1,1,0,8,0,28,1,1,pre_allocation
70,9546,greenran_normal,0,0,65535_65535,0,5,178009,65,1,1,1,9,65,28,1,1,allocated
70,9546,greenran_normal,0,0,65535_65535,0,2,178012,57,1,1,0,8,0,28,1,1,pre_allocation
70,9546,greenran_normal,0,0,65535_65535,0,2,178012,65,1,1,1,9,65,28,1,1,allocated
70,9546,greenran_normal,0,0,65535_65535,0,3,178007,57,1,1,0,8,0,28,1,1,pre_allocation
70,9546,greenran_normal,0,0,65535_65535,0,3,178007,65,1,1,1,9,65,28,1,1,allocated
70,9546,greenran_normal,0,0,65535_65535,0,4,181037,45,1,1,0,9,0,22,1,1,pre_allocation
70,9546,greenran_normal,0,0,65535_65535,0,4,181037,50,1,1,1,10,50,22,1,1,allocated
70,9546,greenran_normal,0,0,65535_65535,0,1,178032,65,1,1,0,9,0,28,1,1,pre_allocation
70,9546,greenran_normal,0,0,65535_65535,0,1,178032,72,1,1,1,10,72,28,1,1,allocated
70,9546,greenran_normal,0,0,65535_65535,0,5,178009,65,1,1,0,9,0,28,1,1,pre_allocation
70,9546,greenran_normal,0,0,65535_65535,0,5,178009,72,1,1,1,10,72,28,1,1,allocated
70,9546,greenran_normal,0,0,65535_65535,0,2,178012,65,1,1,0,9,0,28,1,1,pre_allocation
70,9546,greenran_normal,0,0,65535_65535,0,2,178012,72,1,1,1,10,72,28,1,1,allocated
70,9546,greenran_normal,0,0,65535_65535,0,3,178007,65,1,1,0,9,0,28,1,1,pre_allocation
70,9546,greenran_normal,0,0,65535_65535,0,3,178007,72,1,1,1,10,72,28,1,1,allocated
70,9546,greenran_normal,0,0,65535_65535,0,4,181037,50,1,1,0,10,0,22,1,1,pre_allocation
70,9546,greenran_normal,0,0,65535_65535,0,4,181037,55,1,1,1,11,55,22,1,1,allocated
70,9546,greenran_normal,0,0,65535_65535,0,1,178032,72,1,1,0,10,0,28,1,1,pre_allocation
70,9546,greenran_normal,0,0,65535_65535,0,1,178032,80,1,1,1,11,80,28,1,1,allocated
70,9546,greenran_normal,0,0,65535_65535,0,5,178009,72,1,1,0,10,0,28,1,1,pre_allocation
70,9546,greenran_normal,0,0,65535_65535,0,5,178009,80,1,1,1,11,80,28,1,1,allocated
70,9546,greenran_normal,0,0,65535_65535,0,2,178012,72,1,1,0,10,0,28,1,1,pre_allocation
70,9546,greenran_normal,0,0,65535_65535,0,2,178012,80,1,1,1,11,80,28,1,1,allocated
70,9546,greenran_normal,0,0,65535_65535,0,3,178007,72,1,1,0,10,0,28,1,1,pre_allocation
70,9546,greenran_normal,0,0,65535_65535,0,3,178007,80,1,1,1,11,80,28,1,1,allocated
70,9546,greenran_normal,0,0,65535_65535,0,4,181037,55,1,1,0,11,0,22,1,1,pre_allocation
70,9546,greenran_normal,0,0,65535_65535,0,4,181037,61,1,1,1,12,61,22,1,1,allocated
70,9546,greenran_normal,0,0,65535_65535,0,1,178032,80,1,1,0,11,0,28,1,1,pre_allocation
70,9546,greenran_normal,0,0,65535_65535,0,1,178032,88,1,1,1,12,88,28,1,1,allocated
70,9546,greenran_normal,0,0,65535_65535,0,5,178009,80,1,1,0,11,0,28,1,1,pre_allocation
70,9546,greenran_normal,0,0,65535_65535,0,5,178009,88,1,1,1,12,88,28,1,1,allocated
70,9546,greenran_normal,0,0,65535_65535,0,2,178012,80,1,1,0,11,0,28,1,1,pre_allocation
70,9546,greenran_normal,0,0,65535_65535,0,2,178012,88,1,1,1,12,88,28,1,1,allocated
70,9546,greenran_normal,0,0,65535_65535,0,3,178007,80,1,1,0,11,0,28,1,1,pre_allocation
70,9546,greenran_normal,0,0,65535_65535,0,3,178007,88,1,1,1,12,88,28,1,1,allocated
70,9546,greenran_normal,0,0,65535_65535,0,4,181037,61,1,1,0,12,0,22,1,1,pre_allocation
70,9546,greenran_normal,0,0,65535_65535,0,4,181037,66,1,1,1,13,66,22,1,1,allocated
70,9546,greenran_normal,0,0,65535_65535,0,1,178032,88,1,1,0,12,0,28,1,1,pre_allocation
70,9546,greenran_normal,0,0,65535_65535,0,1,178032,95,1,1,1,13,95,28,1,1,allocated
70,9546,greenran_normal,0,0,65535_65535,0,5,178009,88,1,1,0,12,0,28,1,1,pre_allocation
70,9546,greenran_normal,0,0,65535_65535,0,5,178009,95,1,1,1,13,95,28,1,1,allocated
70,9546,greenran_normal,0,0,65535_65535,0,2,178012,88,1,1,0,12,0,28,1,1,pre_allocation
70,9546,greenran_normal,0,0,65535_65535,0,2,178012,95,1,1,1,13,95,28,1,1,allocated
70,9546,greenran_normal,0,0,65535_65535,0,3,178007,88,1,1,0,12,0,28,1,1,pre_allocation
70,9546,greenran_normal,0,0,65535_65535,0,3,178007,95,1,1,1,13,95,28,1,1,allocated
70,9546,greenran_normal,0,0,65535_65535,0,4,181037,66,1,1,0,13,0,22,1,1,pre_allocation
70,9546,greenran_normal,0,0,65535_65535,0,4,181037,72,1,1,1,14,72,22,1,1,allocated
70,9546,greenran_normal,0,0,65535_65535,0,1,178032,95,1,1,0,13,0,28,1,1,pre_allocation
70,9546,greenran_normal,0,0,65535_65535,0,1,178032,103,1,1,1,14,103,28,1,1,allocated
70,9546,greenran_normal,0,0,65535_65535,0,5,178009,95,1,1,0,13,0,28,1,1,pre_allocation
70,9546,greenran_normal,0,0,65535_65535,0,5,178009,103,1,1,1,14,103,28,1,1,allocated
70,9546,greenran_normal,0,0,65535_65535,0,2,178012,95,1,1,0,13,0,28,1,1,pre_allocation
70,9546,greenran_normal,0,0,65535_65535,0,2,178012,103,1,1,1,14,103,28,1,1,allocated
70,9546,greenran_normal,0,0,65535_65535,0,3,178007,95,1,1,0,13,0,28,1,1,pre_allocation
70,9546,greenran_normal,0,0,65535_65535,0,3,178007,103,1,1,1,14,103,28,1,1,allocated
70,9546,greenran_normal,0,0,65535_65535,0,4,181037,72,1,1,0,14,0,22,1,1,pre_allocation
70,9546,greenran_normal,0,0,65535_65535,0,4,181037,77,1,1,1,15,77,22,1,1,allocated
70,9546,greenran_normal,0,0,65535_65535,0,1,178032,103,1,1,0,14,0,28,1,1,pre_allocation
70,9546,greenran_normal,0,0,65535_65535,0,1,178032,110,1,1,1,15,110,28,1,1,allocated
70,9546,greenran_normal,0,0,65535_65535,0,5,178009,103,1,1,0,14,0,28,1,1,pre_allocation
70,9546,greenran_normal,0,0,65535_65535,0,5,178009,110,1,1,1,15,110,28,1,1,allocated
70,9546,greenran_normal,0,0,65535_65535,0,2,178012,103,1,1,0,14,0,28,1,1,pre_allocation
70,9546,greenran_normal,0,0,65535_65535,0,2,178012,110,1,1,1,15,110,28,1,1,allocated
70,9546,greenran_normal,0,0,65535_65535,2,38,5780844,0,1,1,0,0,0,2,1,1,pre_allocation
70,9546,greenran_normal,0,0,65535_65535,2,38,5780844,0,1,1,1,1,0,2,1,1,allocated
70,9546,greenran_normal,0,0,65535_65535,2,60,5780508,0,1,1,0,0,0,12,1,1,pre_allocation
70,9546,greenran_normal,0,0,65535_65535,2,60,5780508,2,1,1,1,1,2,12,1,1,allocated
70,9546,greenran_normal,0,0,65535_65535,2,64,5780114,0,1,1,0,0,0,8,1,1,pre_allocation
70,9546,greenran_normal,0,0,65535_65535,2,64,5780114,1,1,1,1,1,1,8,1,1,allocated
70,9546,greenran_normal,0,0,65535_65535,2,43,5779429,0,1,1,0,0,0,20,1,1,pre_allocation
70,9546,greenran_normal,0,0,65535_65535,2,43,5779429,1,1,1,1,1,1,20,1,1,allocated
70,9546,greenran_normal,0,0,65535_65535,2,42,5778732,0,1,1,0,0,0,18,1,1,pre_allocation
70,9546,greenran_normal,0,0,65535_65535,2,42,5778732,0,1,1,1,1,0,18,1,1,allocated
70,9546,greenran_normal,0,0,65535_65535,2,59,5778240,0,1,1,0,0,0,28,1,1,pre_allocation
70,9546,greenran_normal,0,0,65535_65535,2,59,5778240,4,1,1,1,1,4,28,1,1,allocated
70,9546,greenran_normal,0,0,65535_65535,2,58,5778224,0,1,1,0,0,0,26,1,1,pre_allocation
70,9546,greenran_normal,0,0,65535_65535,2,58,5778224,4,1,1,1,1,4,26,1,1,allocated
70,9546,greenran_normal,0,0,65535_65535,2,36,5778188,0,1,1,0,0,0,26,1,1,pre_allocation
70,9546,greenran_normal,0,0,65535_65535,2,36,5778188,4,1,1,1,1,4,26,1,1,allocated
70,9546,greenran_normal,0,0,65535_65535,2,39,5778135,0,1,1,0,0,0,28,1,1,pre_allocation
70,9546,greenran_normal,0,0,65535_65535,2,39,5778135,4,1,1,1,1,4,28,1,1,allocated
70,9546,greenran_normal,0,0,65535_65535,2,35,5778130,0,1,1,0,0,0,28,1,1,pre_allocation
70,9546,greenran_normal,0,0,65535_65535,2,35,5778130,4,1,1,1,1,4,28,1,1,allocated
70,9546,greenran_normal,0,0,65535_65535,2,40,5778133,0,1,1,0,0,0,28,1,1,pre_allocation
70,9546,greenran_normal,0,0,65535_65535,2,40,5778133,4,1,1,1,1,4,28,1,1,allocated
70,9546,greenran_normal,0,0,65535_65535,2,44,5778130,0,1,1,0,0,0,28,1,1,pre_allocation
70,9546,greenran_normal,0,0,65535_65535,2,44,5778130,4,1,1,1,1,4,28,1,1,allocated
70,9546,greenran_normal,0,0,65535_65535,2,41,5778133,0,1,1,0,0,0,28,1,1,pre_allocation
70,9546,greenran_normal,0,0,65535_65535,2,41,5778133,4,1,1,1,1,4,28,1,1,allocated
70,9546,greenran_normal,0,0,65535_65535,2,55,5778130,0,1,1,0,0,0,28,1,1,pre_allocation
70,9546,greenran_normal,0,0,65535_65535,2,55,5778130,4,1,1,1,1,4,28,1,1,allocated
70,9546,greenran_normal,0,0,65535_65535,2,56,5778130,0,1,1,0,0,0,28,1,1,pre_allocation
70,9546,greenran_normal,0,0,65535_65535,2,56,5778130,4,1,1,1,1,4,28,1,1,allocated
70,9546,greenran_normal,0,0,65535_65535,2,57,5778130,0,1,1,0,0,0,28,1,1,pre_allocation
70,9546,greenran_normal,0,0,65535_65535,2,57,5778130,4,1,1,1,1,4,28,1,1,allocated
70,9546,greenran_normal,0,0,65535_65535,2,61,5778130,0,1,1,0,0,0,28,1,1,pre_allocation
70,9546,greenran_normal,0,0,65535_65535,2,61,5778130,4,1,1,1,1,4,28,1,1,allocated
70,9546,greenran_normal,0,0,65535_65535,2,62,5778129,0,1,1,0,0,0,28,1,1,pre_allocation
70,9546,greenran_normal,0,0,65535_65535,2,62,5778129,4,1,1,1,1,4,28,1,1,allocated
70,9546,greenran_normal,0,0,65535_65535,2,63,5778128,0,1,1,0,0,0,28,1,1,pre_allocation
70,9546,greenran_normal,0,0,65535_65535,2,63,5778128,4,1,1,1,1,4,28,1,1,allocated
70,9546,greenran_normal,0,0,65535_65535,2,37,5778125,0,1,1,0,0,0,28,1,1,pre_allocation
70,9546,greenran_normal,0,0,65535_65535,2,37,5778125,4,1,1,1,1,4,28,1,1,allocated
70,9546,greenran_normal,0,0,65535_65535,2,38,5780844,0,1,1,0,1,0,2,1,1,pre_allocation
70,9546,greenran_normal,0,0,65535_65535,2,38,5780844,0,1,1,1,2,0,2,1,1,allocated
70,9546,greenran_normal,0,0,65535_65535,2,60,5780508,2,1,1,0,1,0,12,1,1,pre_allocation
70,9546,greenran_normal,0,0,65535_65535,2,60,5780508,1,1,1,1,2,1,12,1,1,allocated
70,9546,greenran_normal,0,0,65535_65535,2,64,5780114,1,1,1,0,1,0,8,1,1,pre_allocation
70,9546,greenran_normal,0,0,65535_65535,2,64,5780114,2,1,1,1,2,2,8,1,1,allocated
70,9546,greenran_normal,0,0,65535_65535,2,43,5779429,1,1,1,0,1,0,20,1,1,pre_allocation
70,9546,greenran_normal,0,0,65535_65535,2,43,5779429,6,1,1,1,2,6,20,1,1,allocated
70,9546,greenran_normal,0,0,65535_65535,2,42,5778732,0,1,1,0,1,0,18,1,1,pre_allocation
70,9546,greenran_normal,0,0,65535_65535,2,42,5778732,4,1,1,1,2,4,18,1,1,allocated
70,9546,greenran_normal,0,0,65535_65535,2,59,5778240,4,1,1,0,1,0,28,1,1,pre_allocation
70,9546,greenran_normal,0,0,65535_65535,2,59,5778240,12,1,1,1,2,12,28,1,1,allocated
70,9546,greenran_normal,0,0,65535_65535,2,58,5778224,4,1,1,0,1,0,26,1,1,pre_allocation
70,9546,greenran_normal,0,0,65535_65535,2,58,5778224,11,1,1,1,2,11,26,1,1,allocated
70,9546,greenran_normal,0,0,65535_65535,2,36,5778188,4,1,1,0,1,0,26,1,1,pre_allocation
70,9546,greenran_normal,0,0,65535_65535,2,36,5778188,11,1,1,1,2,11,26,1,1,allocated
70,9546,greenran_normal,0,0,65535_65535,2,39,5778135,4,1,1,0,1,0,28,1,1,pre_allocation
70,9546,greenran_normal,0,0,65535_65535,2,39,5778135,12,1,1,1,2,12,28,1,1,allocated
70,9546,greenran_normal,0,0,65535_65535,2,35,5778130,4,1,1,0,1,0,28,1,1,pre_allocation
70,9546,greenran_normal,0,0,65535_65535,2,35,5778130,12,1,1,1,2,12,28,1,1,allocated
70,9546,greenran_normal,0,0,65535_65535,2,40,5778133,4,1,1,0,1,0,28,1,1,pre_allocation
70,9546,greenran_normal,0,0,65535_65535,2,40,5778133,12,1,1,1,2,12,28,1,1,allocated
70,9546,greenran_normal,0,0,65535_65535,2,44,5778130,4,1,1,0,1,0,28,1,1,pre_allocation
70,9546,greenran_normal,0,0,65535_65535,2,44,5778130,12,1,1,1,2,12,28,1,1,allocated
70,9546,greenran_normal,0,0,65535_65535,2,41,5778133,4,1,1,0,1,0,28,1,1,pre_allocation
70,9546,greenran_normal,0,0,65535_65535,2,41,5778133,12,1,1,1,2,12,28,1,1,allocated
70,9546,greenran_normal,0,0,65535_65535,2,55,5778130,4,1,1,0,1,0,28,1,1,pre_allocation
70,9546,greenran_normal,0,0,65535_65535,2,55,5778130,12,1,1,1,2,12,28,1,1,allocated
70,9546,greenran_normal,0,0,65535_65535,2,56,5778130,4,1,1,0,1,0,28,1,1,pre_allocation
70,9546,greenran_normal,0,0,65535_65535,2,56,5778130,12,1,1,1,2,12,28,1,1,allocated
70,9546,greenran_normal,0,0,65535_65535,2,57,5778130,4,1,1,0,1,0,28,1,1,pre_allocation
70,9546,greenran_normal,0,0,65535_65535,2,57,5778130,12,1,1,1,2,12,28,1,1,allocated
70,9546,greenran_normal,0,0,65535_65535,2,61,5778130,4,1,1,0,1,0,28,1,1,pre_allocation
70,9546,greenran_normal,0,0,65535_65535,2,61,5778130,12,1,1,1,2,12,28,1,1,allocated
70,9546,greenran_normal,0,0,65535_65535,2,62,5778129,4,1,1,0,1,0,28,1,1,pre_allocation
70,9546,greenran_normal,0,0,65535_65535,2,62,5778129,12,1,1,1,2,12,28,1,1,allocated
70,9546,greenran_normal,0,0,65535_65535,2,63,5778128,4,1,1,0,1,0,28,1,1,pre_allocation
70,9546,greenran_normal,0,0,65535_65535,2,63,5778128,12,1,1,1,2,12,28,1,1,allocated
70,9546,greenran_normal,0,0,65535_65535,2,37,5778125,4,1,1,0,1,0,28,1,1,pre_allocation
70,9546,greenran_normal,0,0,65535_65535,2,37,5778125,12,1,1,1,2,12,28,1,1,allocated
70,9546,greenran_normal,0,0,65535_65535,2,38,5780844,0,1,1,0,2,0,2,1,1,pre_allocation
70,9546,greenran_normal,0,0,65535_65535,2,38,5780844,0,1,1,1,3,0,2,1,1,allocated
70,9546,greenran_normal,0,0,65535_65535,2,60,5780508,1,1,1,0,2,0,12,1,1,pre_allocation
70,9546,greenran_normal,0,0,65535_65535,2,60,5780508,3,1,1,1,3,3,12,1,1,allocated
70,9546,greenran_normal,0,0,65535_65535,2,64,5780114,2,1,1,0,2,0,8,1,1,pre_allocation
70,9546,greenran_normal,0,0,65535_65535,2,64,5780114,0,1,1,1,3,0,8,1,1,allocated
70,9546,greenran_normal,0,0,65535_65535,2,43,5779429,6,1,1,0,2,0,20,1,1,pre_allocation
70,9546,greenran_normal,0,0,65535_65535,2,43,5779429,10,1,1,1,3,10,20,1,1,allocated
70,9546,greenran_normal,0,0,65535_65535,2,42,5778732,4,1,1,0,2,0,18,1,1,pre_allocation
70,9546,greenran_normal,0,0,65535_65535,2,42,5778732,8,1,1,1,3,8,18,1,1,allocated
70,9546,greenran_normal,0,0,65535_65535,2,59,5778240,12,1,1,0,2,0,28,1,1,pre_allocation
70,9546,greenran_normal,0,0,65535_65535,2,59,5778240,19,1,1,1,3,19,28,1,1,allocated
70,9546,greenran_normal,0,0,65535_65535,2,58,5778224,11,1,1,0,2,0,26,1,1,pre_allocation
70,9546,greenran_normal,0,0,65535_65535,2,58,5778224,18,1,1,1,3,18,26,1,1,allocated
70,9546,greenran_normal,0,0,65535_65535,2,36,5778188,11,1,1,0,2,0,26,1,1,pre_allocation
70,9546,greenran_normal,0,0,65535_65535,2,36,5778188,18,1,1,1,3,18,26,1,1,allocated
70,9546,greenran_normal,0,0,65535_65535,2,39,5778135,12,1,1,0,2,0,28,1,1,pre_allocation
70,9546,greenran_normal,0,0,65535_65535,2,39,5778135,19,1,1,1,3,19,28,1,1,allocated
70,9546,greenran_normal,0,0,65535_65535,2,35,5778130,12,1,1,0,2,0,28,1,1,pre_allocation
70,9546,greenran_normal,0,0,65535_65535,2,35,5778130,19,1,1,1,3,19,28,1,1,allocated
70,9546,greenran_normal,0,0,65535_65535,2,40,5778133,12,1,1,0,2,0,28,1,1,pre_allocation
70,9546,greenran_normal,0,0,65535_65535,2,40,5778133,19,1,1,1,3,19,28,1,1,allocated
70,9546,greenran_normal,0,0,65535_65535,2,44,5778130,12,1,1,0,2,0,28,1,1,pre_allocation
70,9546,greenran_normal,0,0,65535_65535,2,44,5778130,19,1,1,1,3,19,28,1,1,allocated
70,9546,greenran_normal,0,0,65535_65535,2,41,5778133,12,1,1,0,2,0,28,1,1,pre_allocation
70,9546,greenran_normal,0,0,65535_65535,2,41,5778133,19,1,1,1,3,19,28,1,1,allocated
70,9546,greenran_normal,0,0,65535_65535,2,55,5778130,12,1,1,0,2,0,28,1,1,pre_allocation
70,9546,greenran_normal,0,0,65535_65535,2,55,5778130,19,1,1,1,3,19,28,1,1,allocated
70,9546,greenran_normal,0,0,65535_65535,2,56,5778130,12,1,1,0,2,0,28,1,1,pre_allocation
70,9546,greenran_normal,0,0,65535_65535,2,56,5778130,19,1,1,1,3,19,28,1,1,allocated
70,9546,greenran_normal,0,0,65535_65535,2,57,5778130,12,1,1,0,2,0,28,1,1,pre_allocation
70,9546,greenran_normal,0,0,65535_65535,2,57,5778130,19,1,1,1,3,19,28,1,1,allocated
70,9546,greenran_normal,0,0,65535_65535,2,61,5778130,12,1,1,0,2,0,28,1,1,pre_allocation
70,9546,greenran_normal,0,0,65535_65535,2,61,5778130,19,1,1,1,3,19,28,1,1,allocated
70,9546,greenran_normal,0,0,65535_65535,2,62,5778129,12,1,1,0,2,0,28,1,1,pre_allocation
70,9546,greenran_normal,0,0,65535_65535,2,62,5778129,19,1,1,1,3,19,28,1,1,allocated
70,9546,greenran_normal,0,0,65535_65535,2,63,5778128,12,1,1,0,2,0,28,1,1,pre_allocation
70,9546,greenran_normal,0,0,65535_65535,2,63,5778128,19,1,1,1,3,19,28,1,1,allocated
70,9546,greenran_normal,0,0,65535_65535,2,37,5778125,12,1,1,0,2,0,28,1,1,pre_allocation
70,9546,greenran_normal,0,0,65535_65535,2,37,5778125,19,1,1,1,3,19,28,1,1,allocated
70,9546,greenran_normal,0,0,65535_65535,2,38,5780844,0,1,1,0,3,0,2,1,1,pre_allocation
70,9546,greenran_normal,0,0,65535_65535,2,38,5780844,1,1,1,1,4,1,2,1,1,allocated
70,9546,greenran_normal,0,0,65535_65535,2,60,5780508,3,1,1,0,3,0,12,1,1,pre_allocation
70,9546,greenran_normal,0,0,65535_65535,2,60,5780508,5,1,1,1,4,5,12,1,1,allocated
70,9546,greenran_normal,0,0,65535_65535,2,64,5780114,0,1,1,0,3,0,8,1,1,pre_allocation
70,9546,greenran_normal,0,0,65535_65535,2,64,5780114,1,1,1,1,4,1,8,1,1,allocated
70,9546,greenran_normal,0,0,65535_65535,2,43,5779429,10,1,1,0,3,0,20,1,1,pre_allocation
70,9546,greenran_normal,0,0,65535_65535,2,43,5779429,15,1,1,1,4,15,20,1,1,allocated
70,9546,greenran_normal,0,0,65535_65535,2,42,5778732,8,1,1,0,3,0,18,1,1,pre_allocation
70,9546,greenran_normal,0,0,65535_65535,2,42,5778732,11,1,1,1,4,11,18,1,1,allocated
70,9546,greenran_normal,0,0,65535_65535,2,59,5778240,19,1,1,0,3,0,28,1,1,pre_allocation
70,9546,greenran_normal,0,0,65535_65535,2,59,5778240,27,1,1,1,4,27,28,1,1,allocated
70,9546,greenran_normal,0,0,65535_65535,2,58,5778224,18,1,1,0,3,0,26,1,1,pre_allocation
70,9546,greenran_normal,0,0,65535_65535,2,58,5778224,25,1,1,1,4,25,26,1,1,allocated
70,9546,greenran_normal,0,0,65535_65535,2,36,5778188,18,1,1,0,3,0,26,1,1,pre_allocation
70,9546,greenran_normal,0,0,65535_65535,2,36,5778188,25,1,1,1,4,25,26,1,1,allocated
70,9546,greenran_normal,0,0,65535_65535,2,39,5778135,19,1,1,0,3,0,28,1,1,pre_allocation
70,9546,greenran_normal,0,0,65535_65535,2,39,5778135,27,1,1,1,4,27,28,1,1,allocated
70,9546,greenran_normal,0,0,65535_65535,2,35,5778130,19,1,1,0,3,0,28,1,1,pre_allocation
70,9546,greenran_normal,0,0,65535_65535,2,35,5778130,27,1,1,1,4,27,28,1,1,allocated
70,9546,greenran_normal,0,0,65535_65535,2,40,5778133,19,1,1,0,3,0,28,1,1,pre_allocation
70,9546,greenran_normal,0,0,65535_65535,2,40,5778133,27,1,1,1,4,27,28,1,1,allocated
70,9546,greenran_normal,0,0,65535_65535,2,44,5778130,19,1,1,0,3,0,28,1,1,pre_allocation
70,9546,greenran_normal,0,0,65535_65535,2,44,5778130,27,1,1,1,4,27,28,1,1,allocated
70,9546,greenran_normal,0,0,65535_65535,2,41,5778133,19,1,1,0,3,0,28,1,1,pre_allocation
70,9546,greenran_normal,0,0,65535_65535,2,41,5778133,27,1,1,1,4,27,28,1,1,allocated
70,9546,greenran_normal,0,0,65535_65535,2,55,5778130,19,1,1,0,3,0,28,1,1,pre_allocation
70,9546,greenran_normal,0,0,65535_65535,2,55,5778130,27,1,1,1,4,27,28,1,1,allocated
70,9546,greenran_normal,0,0,65535_65535,2,56,5778130,19,1,1,0,3,0,28,1,1,pre_allocation
70,9546,greenran_normal,0,0,65535_65535,2,56,5778130,27,1,1,1,4,27,28,1,1,allocated
70,9546,greenran_normal,0,0,65535_65535,2,57,5778130,19,1,1,0,3,0,28,1,1,pre_allocation
70,9546,greenran_normal,0,0,65535_65535,2,57,5778130,27,1,1,1,4,27,28,1,1,allocated
70,9546,greenran_normal,0,0,65535_65535,2,61,5778130,19,1,1,0,3,0,28,1,1,pre_allocation
70,9546,greenran_normal,0,0,65535_65535,2,61,5778130,27,1,1,1,4,27,28,1,1,allocated
70,9546,greenran_normal,0,0,65535_65535,2,62,5778129,19,1,1,0,3,0,28,1,1,pre_allocation
70,9546,greenran_normal,0,0,65535_65535,2,62,5778129,27,1,1,1,4,27,28,1,1,allocated
70,9546,greenran_normal,0,0,65535_65535,2,63,5778128,19,1,1,0,3,0,28,1,1,pre_allocation
70,9546,greenran_normal,0,0,65535_65535,2,63,5778128,27,1,1,1,4,27,28,1,1,allocated
70,9546,greenran_normal,0,0,65535_65535,2,37,5778125,19,1,1,0,3,0,28,1,1,pre_allocation
70,9546,greenran_normal,0,0,65535_65535,2,37,5778125,27,1,1,1,4,27,28,1,1,allocated
70,9546,greenran_normal,0,0,65535_65535,2,38,5780844,1,1,1,0,4,0,2,1,1,pre_allocation
70,9546,greenran_normal,0,0,65535_65535,2,38,5780844,1,1,1,1,5,1,2,1,1,allocated
70,9546,greenran_normal,0,0,65535_65535,2,60,5780508,5,1,1,0,4,0,12,1,1,pre_allocation
70,9546,greenran_normal,0,0,65535_65535,2,60,5780508,7,1,1,1,5,7,12,1,1,allocated
70,9546,greenran_normal,0,0,65535_65535,2,64,5780114,1,1,1,0,4,0,8,1,1,pre_allocation
70,9546,greenran_normal,0,0,65535_65535,2,64,5780114,3,1,1,1,5,3,8,1,1,allocated
70,9546,greenran_normal,0,0,65535_65535,2,43,5779429,15,1,1,0,4,0,20,1,1,pre_allocation
70,9546,greenran_normal,0,0,65535_65535,2,43,5779429,19,1,1,1,5,19,20,1,1,allocated
70,9546,greenran_normal,0,0,65535_65535,2,42,5778732,11,1,1,0,4,0,18,1,1,pre_allocation
70,9546,greenran_normal,0,0,65535_65535,2,42,5778732,15,1,1,1,5,15,18,1,1,allocated
70,9546,greenran_normal,0,0,65535_65535,2,59,5778240,27,1,1,0,4,0,28,1,1,pre_allocation
70,9546,greenran_normal,0,0,65535_65535,2,59,5778240,34,1,1,1,5,34,28,1,1,allocated
70,9546,greenran_normal,0,0,65535_65535,2,58,5778224,25,1,1,0,4,0,26,1,1,pre_allocation
70,9546,greenran_normal,0,0,65535_65535,2,58,5778224,32,1,1,1,5,32,26,1,1,allocated
70,9546,greenran_normal,0,0,65535_65535,2,36,5778188,25,1,1,0,4,0,26,1,1,pre_allocation
70,9546,greenran_normal,0,0,65535_65535,2,36,5778188,32,1,1,1,5,32,26,1,1,allocated
70,9546,greenran_normal,0,0,65535_65535,2,39,5778135,27,1,1,0,4,0,28,1,1,pre_allocation
70,9546,greenran_normal,0,0,65535_65535,2,39,5778135,34,1,1,1,5,34,28,1,1,allocated
70,9546,greenran_normal,0,0,65535_65535,2,35,5778130,27,1,1,0,4,0,28,1,1,pre_allocation
70,9546,greenran_normal,0,0,65535_65535,2,35,5778130,34,1,1,1,5,34,28,1,1,allocated
70,9546,greenran_normal,0,0,65535_65535,2,40,5778133,27,1,1,0,4,0,28,1,1,pre_allocation
70,9546,greenran_normal,0,0,65535_65535,2,40,5778133,34,1,1,1,5,34,28,1,1,allocated
70,9546,greenran_normal,0,0,65535_65535,2,44,5778130,27,1,1,0,4,0,28,1,1,pre_allocation
70,9546,greenran_normal,0,0,65535_65535,2,44,5778130,34,1,1,1,5,34,28,1,1,allocated
70,9546,greenran_normal,0,0,65535_65535,2,41,5778133,27,1,1,0,4,0,28,1,1,pre_allocation
70,9546,greenran_normal,0,0,65535_65535,2,41,5778133,34,1,1,1,5,34,28,1,1,allocated
70,9546,greenran_normal,0,0,65535_65535,2,55,5778130,27,1,1,0,4,0,28,1,1,pre_allocation
70,9546,greenran_normal,0,0,65535_65535,2,55,5778130,34,1,1,1,5,34,28,1,1,allocated
70,9546,greenran_normal,0,0,65535_65535,2,56,5778130,27,1,1,0,4,0,28,1,1,pre_allocation
70,9546,greenran_normal,0,0,65535_65535,2,56,5778130,34,1,1,1,5,34,28,1,1,allocated
70,9546,greenran_normal,0,0,65535_65535,2,57,5778130,27,1,1,0,4,0,28,1,1,pre_allocation
70,9546,greenran_normal,0,0,65535_65535,2,57,5778130,34,1,1,1,5,34,28,1,1,allocated
70,9546,greenran_normal,0,0,65535_65535,2,61,5778130,27,1,1,0,4,0,28,1,1,pre_allocation
70,9546,greenran_normal,0,0,65535_65535,2,61,5778130,34,1,1,1,5,34,28,1,1,allocated
70,9546,greenran_normal,0,0,65535_65535,2,62,5778129,27,1,1,0,4,0,28,1,1,pre_allocation
70,9546,greenran_normal,0,0,65535_65535,2,62,5778129,34,1,1,1,5,34,28,1,1,allocated
70,9546,greenran_normal,0,0,65535_65535,2,63,5778128,27,1,1,0,4,0,28,1,1,pre_allocation
70,9546,greenran_normal,0,0,65535_65535,2,63,5778128,34,1,1,1,5,34,28,1,1,allocated
70,9546,greenran_normal,0,0,65535_65535,2,37,5778125,27,1,1,0,4,0,28,1,1,pre_allocation
70,9546,greenran_normal,0,0,65535_65535,2,37,5778125,34,1,1,1,5,34,28,1,1,allocated
70,9546,greenran_normal,0,0,65535_65535,2,38,5780844,1,1,1,0,5,0,2,1,1,pre_allocation
70,9546,greenran_normal,0,0,65535_65535,2,38,5780844,1,1,1,1,6,1,2,1,1,allocated
70,9546,greenran_normal,0,0,65535_65535,2,60,5780508,7,1,1,0,5,0,12,1,1,pre_allocation
70,9546,greenran_normal,0,0,65535_65535,2,60,5780508,9,1,1,1,6,9,12,1,1,allocated
70,9546,greenran_normal,0,0,65535_65535,2,64,5780114,3,1,1,0,5,0,8,1,1,pre_allocation
70,9546,greenran_normal,0,0,65535_65535,2,64,5780114,4,1,1,1,6,4,8,1,1,allocated
70,9546,greenran_normal,0,0,65535_65535,2,43,5779429,19,1,1,0,5,0,20,1,1,pre_allocation
70,9546,greenran_normal,0,0,65535_65535,2,43,5779429,24,1,1,1,6,24,20,1,1,allocated
70,9546,greenran_normal,0,0,65535_65535,2,42,5778732,15,1,1,0,5,0,18,1,1,pre_allocation
70,9546,greenran_normal,0,0,65535_65535,2,42,5778732,19,1,1,1,6,19,18,1,1,allocated
70,9546,greenran_normal,0,0,65535_65535,2,59,5778240,34,1,1,0,5,0,28,1,1,pre_allocation
70,9546,greenran_normal,0,0,65535_65535,2,59,5778240,42,1,1,1,6,42,28,1,1,allocated
70,9546,greenran_normal,0,0,65535_65535,2,58,5778224,32,1,1,0,5,0,26,1,1,pre_allocation
70,9546,greenran_normal,0,0,65535_65535,2,58,5778224,39,1,1,1,6,39,26,1,1,allocated
70,9546,greenran_normal,0,0,65535_65535,2,36,5778188,32,1,1,0,5,0,26,1,1,pre_allocation
70,9546,greenran_normal,0,0,65535_65535,2,36,5778188,39,1,1,1,6,39,26,1,1,allocated
70,9546,greenran_normal,0,0,65535_65535,2,39,5778135,34,1,1,0,5,0,28,1,1,pre_allocation
70,9546,greenran_normal,0,0,65535_65535,2,39,5778135,42,1,1,1,6,42,28,1,1,allocated
70,9546,greenran_normal,0,0,65535_65535,2,35,5778130,34,1,1,0,5,0,28,1,1,pre_allocation
70,9546,greenran_normal,0,0,65535_65535,2,35,5778130,42,1,1,1,6,42,28,1,1,allocated
70,9546,greenran_normal,0,0,65535_65535,2,40,5778133,34,1,1,0,5,0,28,1,1,pre_allocation
70,9546,greenran_normal,0,0,65535_65535,2,40,5778133,42,1,1,1,6,42,28,1,1,allocated
70,9546,greenran_normal,0,0,65535_65535,2,44,5778130,34,1,1,0,5,0,28,1,1,pre_allocation
70,9546,greenran_normal,0,0,65535_65535,2,44,5778130,42,1,1,1,6,42,28,1,1,allocated
70,9546,greenran_normal,0,0,65535_65535,2,41,5778133,34,1,1,0,5,0,28,1,1,pre_allocation
70,9546,greenran_normal,0,0,65535_65535,2,41,5778133,42,1,1,1,6,42,28,1,1,allocated
70,9546,greenran_normal,0,0,65535_65535,2,55,5778130,34,1,1,0,5,0,28,1,1,pre_allocation
70,9546,greenran_normal,0,0,65535_65535,2,55,5778130,42,1,1,1,6,42,28,1,1,allocated
70,9546,greenran_normal,0,0,65535_65535,2,56,5778130,34,1,1,0,5,0,28,1,1,pre_allocation
70,9546,greenran_normal,0,0,65535_65535,2,56,5778130,42,1,1,1,6,42,28,1,1,allocated
70,9546,greenran_normal,0,0,65535_65535,2,57,5778130,34,1,1,0,5,0,28,1,1,pre_allocation
70,9546,greenran_normal,0,0,65535_65535,2,57,5778130,42,1,1,1,6,42,28,1,1,allocated
70,9546,greenran_normal,0,0,65535_65535,2,61,5778130,34,1,1,0,5,0,28,1,1,pre_allocation
70,9546,greenran_normal,0,0,65535_65535,2,61,5778130,42,1,1,1,6,42,28,1,1,allocated
70,9546,greenran_normal,0,0,65535_65535,2,62,5778129,34,1,1,0,5,0,28,1,1,pre_allocation
70,9546,greenran_normal,0,0,65535_65535,2,62,5778129,42,1,1,1,6,42,28,1,1,allocated
70,9546,greenran_normal,0,0,65535_65535,2,63,5778128,34,1,1,0,5,0,28,1,1,pre_allocation
70,9546,greenran_normal,0,0,65535_65535,2,63,5778128,42,1,1,1,6,42,28,1,1,allocated
70,9546,greenran_normal,0,0,65535_65535,2,37,5778125,34,1,1,0,5,0,28,1,1,pre_allocation
70,9546,greenran_normal,0,0,65535_65535,2,37,5778125,42,1,1,1,6,42,28,1,1,allocated
70,9546,greenran_normal,0,0,65535_65535,2,38,5780844,1,1,1,0,6,0,2,1,1,pre_allocation
70,9546,greenran_normal,0,0,65535_65535,2,38,5780844,2,1,1,1,7,2,2,1,1,allocated
70,9546,greenran_normal,0,0,65535_65535,2,60,5780508,9,1,1,0,6,0,12,1,1,pre_allocation
70,9546,greenran_normal,0,0,65535_65535,2,60,5780508,11,1,1,1,7,11,12,1,1,allocated
70,9546,greenran_normal,0,0,65535_65535,2,64,5780114,4,1,1,0,6,0,8,1,1,pre_allocation
70,9546,greenran_normal,0,0,65535_65535,2,64,5780114,5,1,1,1,7,5,8,1,1,allocated
70,9546,greenran_normal,0,0,65535_65535,2,43,5779429,24,1,1,0,6,0,20,1,1,pre_allocation
70,9546,greenran_normal,0,0,65535_65535,2,43,5779429,28,1,1,1,7,28,20,1,1,allocated
70,9546,greenran_normal,0,0,65535_65535,2,42,5778732,19,1,1,0,6,0,18,1,1,pre_allocation
70,9546,greenran_normal,0,0,65535_65535,2,42,5778732,22,1,1,1,7,22,18,1,1,allocated
70,9546,greenran_normal,0,0,65535_65535,2,59,5778240,42,1,1,0,6,0,28,1,1,pre_allocation
70,9546,greenran_normal,0,0,65535_65535,2,59,5778240,50,1,1,1,7,50,28,1,1,allocated
70,9546,greenran_normal,0,0,65535_65535,2,58,5778224,39,1,1,0,6,0,26,1,1,pre_allocation
70,9546,greenran_normal,0,0,65535_65535,2,58,5778224,46,1,1,1,7,46,26,1,1,allocated
70,9546,greenran_normal,0,0,65535_65535,2,36,5778188,39,1,1,0,6,0,26,1,1,pre_allocation
70,9546,greenran_normal,0,0,65535_65535,2,36,5778188,46,1,1,1,7,46,26,1,1,allocated
70,9546,greenran_normal,0,0,65535_65535,2,39,5778135,42,1,1,0,6,0,28,1,1,pre_allocation
70,9546,greenran_normal,0,0,65535_65535,2,39,5778135,50,1,1,1,7,50,28,1,1,allocated
70,9546,greenran_normal,0,0,65535_65535,2,35,5778130,42,1,1,0,6,0,28,1,1,pre_allocation
70,9546,greenran_normal,0,0,65535_65535,2,35,5778130,50,1,1,1,7,50,28,1,1,allocated
70,9546,greenran_normal,0,0,65535_65535,2,40,5778133,42,1,1,0,6,0,28,1,1,pre_allocation
70,9546,greenran_normal,0,0,65535_65535,2,40,5778133,50,1,1,1,7,50,28,1,1,allocated
70,9546,greenran_normal,0,0,65535_65535,2,44,5778130,42,1,1,0,6,0,28,1,1,pre_allocation
70,9546,greenran_normal,0,0,65535_65535,2,44,5778130,50,1,1,1,7,50,28,1,1,allocated
70,9546,greenran_normal,0,0,65535_65535,2,41,5778133,42,1,1,0,6,0,28,1,1,pre_allocation
70,9546,greenran_normal,0,0,65535_65535,2,41,5778133,50,1,1,1,7,50,28,1,1,allocated
70,9546,greenran_normal,0,0,65535_65535,2,55,5778130,42,1,1,0,6,0,28,1,1,pre_allocation
70,9546,greenran_normal,0,0,65535_65535,2,55,5778130,50,1,1,1,7,50,28,1,1,allocated
70,9546,greenran_normal,0,0,65535_65535,2,56,5778130,42,1,1,0,6,0,28,1,1,pre_allocation
70,9546,greenran_normal,0,0,65535_65535,2,56,5778130,50,1,1,1,7,50,28,1,1,allocated
70,9546,greenran_normal,0,0,65535_65535,2,57,5778130,42,1,1,0,6,0,28,1,1,pre_allocation
70,9546,greenran_normal,0,0,65535_65535,2,57,5778130,50,1,1,1,7,50,28,1,1,allocated
70,9546,greenran_normal,0,0,65535_65535,2,61,5778130,42,1,1,0,6,0,28,1,1,pre_allocation
70,9546,greenran_normal,0,0,65535_65535,2,61,5778130,50,1,1,1,7,50,28,1,1,allocated
70,9546,greenran_normal,0,0,65535_65535,2,62,5778129,42,1,1,0,6,0,28,1,1,pre_allocation
70,9546,greenran_normal,0,0,65535_65535,2,62,5778129,50,1,1,1,7,50,28,1,1,allocated
70,9546,greenran_normal,0,0,65535_65535,2,63,5778128,42,1,1,0,6,0,28,1,1,pre_allocation
70,9546,greenran_normal,0,0,65535_65535,2,63,5778128,50,1,1,1,7,50,28,1,1,allocated
70,9546,greenran_normal,0,0,65535_65535,2,37,5778125,42,1,1,0,6,0,28,1,1,pre_allocation
70,9546,greenran_normal,0,0,65535_65535,2,37,5778125,50,1,1,1,7,50,28,1,1,allocated
70,9546,greenran_normal,0,0,65535_65535,2,38,5780844,2,1,1,0,7,0,2,1,1,pre_allocation
70,9546,greenran_normal,0,0,65535_65535,2,38,5780844,2,1,1,1,8,2,2,1,1,allocated
70,9546,greenran_normal,0,0,65535_65535,2,60,5780508,11,1,1,0,7,0,12,1,1,pre_allocation
70,9546,greenran_normal,0,0,65535_65535,2,60,5780508,13,1,1,1,8,13,12,1,1,allocated
70,9546,greenran_normal,0,0,65535_65535,2,64,5780114,5,1,1,0,7,0,8,1,1,pre_allocation
70,9546,greenran_normal,0,0,65535_65535,2,64,5780114,6,1,1,1,8,6,8,1,1,allocated
70,9546,greenran_normal,0,0,65535_65535,2,43,5779429,28,1,1,0,7,0,20,1,1,pre_allocation
70,9546,greenran_normal,0,0,65535_65535,2,43,5779429,33,1,1,1,8,33,20,1,1,allocated
70,9546,greenran_normal,0,0,65535_65535,2,42,5778732,22,1,1,0,7,0,18,1,1,pre_allocation
70,9546,greenran_normal,0,0,65535_65535,2,42,5778732,26,1,1,1,8,26,18,1,1,allocated
70,9546,greenran_normal,0,0,65535_65535,2,59,5778240,50,1,1,0,7,0,28,1,1,pre_allocation
70,9546,greenran_normal,0,0,65535_65535,2,59,5778240,57,1,1,1,8,57,28,1,1,allocated
70,9546,greenran_normal,0,0,65535_65535,2,58,5778224,46,1,1,0,7,0,26,1,1,pre_allocation
70,9546,greenran_normal,0,0,65535_65535,2,58,5778224,53,1,1,1,8,53,26,1,1,allocated
70,9546,greenran_normal,0,0,65535_65535,2,36,5778188,46,1,1,0,7,0,26,1,1,pre_allocation
70,9546,greenran_normal,0,0,65535_65535,2,36,5778188,53,1,1,1,8,53,26,1,1,allocated
70,9546,greenran_normal,0,0,65535_65535,2,39,5778135,50,1,1,0,7,0,28,1,1,pre_allocation
70,9546,greenran_normal,0,0,65535_65535,2,39,5778135,57,1,1,1,8,57,28,1,1,allocated
70,9546,greenran_normal,0,0,65535_65535,2,35,5778130,50,1,1,0,7,0,28,1,1,pre_allocation
70,9546,greenran_normal,0,0,65535_65535,2,35,5778130,57,1,1,1,8,57,28,1,1,allocated
70,9546,greenran_normal,0,0,65535_65535,2,40,5778133,50,1,1,0,7,0,28,1,1,pre_allocation
70,9546,greenran_normal,0,0,65535_65535,2,40,5778133,57,1,1,1,8,57,28,1,1,allocated
70,9546,greenran_normal,0,0,65535_65535,2,44,5778130,50,1,1,0,7,0,28,1,1,pre_allocation
70,9546,greenran_normal,0,0,65535_65535,2,44,5778130,57,1,1,1,8,57,28,1,1,allocated
70,9546,greenran_normal,0,0,65535_65535,2,41,5778133,50,1,1,0,7,0,28,1,1,pre_allocation
70,9546,greenran_normal,0,0,65535_65535,2,41,5778133,57,1,1,1,8,57,28,1,1,allocated
70,9546,greenran_normal,0,0,65535_65535,2,55,5778130,50,1,1,0,7,0,28,1,1,pre_allocation
70,9546,greenran_normal,0,0,65535_65535,2,55,5778130,57,1,1,1,8,57,28,1,1,allocated
70,9546,greenran_normal,0,0,65535_65535,2,56,5778130,50,1,1,0,7,0,28,1,1,pre_allocation
70,9546,greenran_normal,0,0,65535_65535,2,56,5778130,57,1,1,1,8,57,28,1,1,allocated
70,9546,greenran_normal,0,0,65535_65535,2,57,5778130,50,1,1,0,7,0,28,1,1,pre_allocation
70,9546,greenran_normal,0,0,65535_65535,2,57,5778130,57,1,1,1,8,57,28,1,1,allocated
70,9546,greenran_normal,0,0,65535_65535,2,61,5778130,50,1,1,0,7,0,28,1,1,pre_allocation
70,9546,greenran_normal,0,0,65535_65535,2,61,5778130,57,1,1,1,8,57,28,1,1,allocated
70,9546,greenran_normal,0,0,65535_65535,2,62,5778129,50,1,1,0,7,0,28,1,1,pre_allocation
70,9546,greenran_normal,0,0,65535_65535,2,62,5778129,57,1,1,1,8,57,28,1,1,allocated
70,9546,greenran_normal,0,0,65535_65535,2,63,5778128,50,1,1,0,7,0,28,1,1,pre_allocation
70,9546,greenran_normal,0,0,65535_65535,2,63,5778128,57,1,1,1,8,57,28,1,1,allocated
70,9546,greenran_normal,0,0,65535_65535,2,37,5778125,50,1,1,0,7,0,28,1,1,pre_allocation
70,9546,greenran_normal,0,0,65535_65535,2,37,5778125,57,1,1,1,8,57,28,1,1,allocated
70,9546,greenran_normal,0,0,65535_65535,2,38,5780844,2,1,1,0,8,0,2,1,1,pre_allocation
70,9546,greenran_normal,0,0,65535_65535,2,38,5780844,2,1,1,1,9,2,2,1,1,allocated
70,9546,greenran_normal,0,0,65535_65535,2,60,5780508,13,1,1,0,8,0,12,1,1,pre_allocation
70,9546,greenran_normal,0,0,65535_65535,2,60,5780508,15,1,1,1,9,15,12,1,1,allocated
70,9546,greenran_normal,0,0,65535_65535,2,64,5780114,6,1,1,0,8,0,8,1,1,pre_allocation
70,9546,greenran_normal,0,0,65535_65535,2,64,5780114,7,1,1,1,9,7,8,1,1,allocated
70,9546,greenran_normal,0,0,65535_65535,2,43,5779429,33,1,1,0,8,0,20,1,1,pre_allocation
70,9546,greenran_normal,0,0,65535_65535,2,43,5779429,37,1,1,1,9,37,20,1,1,allocated
70,9546,greenran_normal,0,0,65535_65535,2,42,5778732,26,1,1,0,8,0,18,1,1,pre_allocation
70,9546,greenran_normal,0,0,65535_65535,2,42,5778732,30,1,1,1,9,30,18,1,1,allocated
70,9546,greenran_normal,0,0,65535_65535,2,59,5778240,57,1,1,0,8,0,28,1,1,pre_allocation
70,9546,greenran_normal,0,0,65535_65535,2,59,5778240,65,1,1,1,9,65,28,1,1,allocated
70,9546,greenran_normal,0,0,65535_65535,2,58,5778224,53,1,1,0,8,0,26,1,1,pre_allocation
70,9546,greenran_normal,0,0,65535_65535,2,58,5778224,60,1,1,1,9,60,26,1,1,allocated
70,9546,greenran_normal,0,0,65535_65535,2,36,5778188,53,1,1,0,8,0,26,1,1,pre_allocation
70,9546,greenran_normal,0,0,65535_65535,2,36,5778188,60,1,1,1,9,60,26,1,1,allocated
70,9546,greenran_normal,0,0,65535_65535,2,39,5778135,57,1,1,0,8,0,28,1,1,pre_allocation
70,9546,greenran_normal,0,0,65535_65535,2,39,5778135,65,1,1,1,9,65,28,1,1,allocated
70,9546,greenran_normal,0,0,65535_65535,2,35,5778130,57,1,1,0,8,0,28,1,1,pre_allocation
70,9546,greenran_normal,0,0,65535_65535,2,35,5778130,65,1,1,1,9,65,28,1,1,allocated
70,9546,greenran_normal,0,0,65535_65535,2,40,5778133,57,1,1,0,8,0,28,1,1,pre_allocation
70,9546,greenran_normal,0,0,65535_65535,2,40,5778133,65,1,1,1,9,65,28,1,1,allocated
70,9546,greenran_normal,0,0,65535_65535,2,44,5778130,57,1,1,0,8,0,28,1,1,pre_allocation
70,9546,greenran_normal,0,0,65535_65535,2,44,5778130,65,1,1,1,9,65,28,1,1,allocated
70,9546,greenran_normal,0,0,65535_65535,2,41,5778133,57,1,1,0,8,0,28,1,1,pre_allocation
70,9546,greenran_normal,0,0,65535_65535,2,41,5778133,65,1,1,1,9,65,28,1,1,allocated
70,9546,greenran_normal,0,0,65535_65535,2,55,5778130,57,1,1,0,8,0,28,1,1,pre_allocation
70,9546,greenran_normal,0,0,65535_65535,2,55,5778130,65,1,1,1,9,65,28,1,1,allocated
70,9546,greenran_normal,0,0,65535_65535,2,56,5778130,57,1,1,0,8,0,28,1,1,pre_allocation
70,9546,greenran_normal,0,0,65535_65535,2,56,5778130,65,1,1,1,9,65,28,1,1,allocated
70,9546,greenran_normal,0,0,65535_65535,2,57,5778130,57,1,1,0,8,0,28,1,1,pre_allocation
70,9546,greenran_normal,0,0,65535_65535,2,57,5778130,65,1,1,1,9,65,28,1,1,allocated
70,9546,greenran_normal,0,0,65535_65535,2,61,5778130,57,1,1,0,8,0,28,1,1,pre_allocation
70,9546,greenran_normal,0,0,65535_65535,2,61,5778130,65,1,1,1,9,65,28,1,1,allocated
70,9546,greenran_normal,0,0,65535_65535,2,62,5778129,57,1,1,0,8,0,28,1,1,pre_allocation
70,9546,greenran_normal,0,0,65535_65535,2,62,5778129,65,1,1,1,9,65,28,1,1,allocated
70,9546,greenran_normal,0,0,65535_65535,2,63,5778128,57,1,1,0,8,0,28,1,1,pre_allocation
70,9546,greenran_normal,0,0,65535_65535,2,63,5778128,65,1,1,1,9,65,28,1,1,allocated
70,9546,greenran_normal,0,0,65535_65535,2,37,5778125,57,1,1,0,8,0,28,1,1,pre_allocation
70,9546,greenran_normal,0,0,65535_65535,2,37,5778125,65,1,1,1,9,65,28,1,1,allocated
70,9546,greenran_normal,0,0,65535_65535,2,38,5780844,2,1,1,0,9,0,2,1,1,pre_allocation
70,9546,greenran_normal,0,0,65535_65535,2,38,5780844,0,1,1,1,10,0,2,1,1,allocated
70,9546,greenran_normal,0,0,65535_65535,2,60,5780508,15,1,1,0,9,0,12,1,1,pre_allocation
70,9546,greenran_normal,0,0,65535_65535,2,60,5780508,17,1,1,1,10,17,12,1,1,allocated
70,9546,greenran_normal,0,0,65535_65535,2,64,5780114,7,1,1,0,9,0,8,1,1,pre_allocation
70,9546,greenran_normal,0,0,65535_65535,2,64,5780114,9,1,1,1,10,9,8,1,1,allocated
70,9546,greenran_normal,0,0,65535_65535,2,43,5779429,37,1,1,0,9,0,20,1,1,pre_allocation
70,9546,greenran_normal,0,0,65535_65535,2,43,5779429,42,1,1,1,10,42,20,1,1,allocated
70,9546,greenran_normal,0,0,65535_65535,2,42,5778732,30,1,1,0,9,0,18,1,1,pre_allocation
70,9546,greenran_normal,0,0,65535_65535,2,42,5778732,34,1,1,1,10,34,18,1,1,allocated
70,9546,greenran_normal,0,0,65535_65535,2,59,5778240,65,1,1,0,9,0,28,1,1,pre_allocation
70,9546,greenran_normal,0,0,65535_65535,2,59,5778240,72,1,1,1,10,72,28,1,1,allocated
70,9546,greenran_normal,0,0,65535_65535,2,58,5778224,60,1,1,0,9,0,26,1,1,pre_allocation
70,9546,greenran_normal,0,0,65535_65535,2,58,5778224,67,1,1,1,10,67,26,1,1,allocated
70,9546,greenran_normal,0,0,65535_65535,2,36,5778188,60,1,1,0,9,0,26,1,1,pre_allocation
70,9546,greenran_normal,0,0,65535_65535,2,36,5778188,67,1,1,1,10,67,26,1,1,allocated
70,9546,greenran_normal,0,0,65535_65535,2,39,5778135,65,1,1,0,9,0,28,1,1,pre_allocation
70,9546,greenran_normal,0,0,65535_65535,2,39,5778135,72,1,1,1,10,72,28,1,1,allocated
70,9546,greenran_normal,0,0,65535_65535,2,35,5778130,65,1,1,0,9,0,28,1,1,pre_allocation
70,9546,greenran_normal,0,0,65535_65535,2,35,5778130,72,1,1,1,10,72,28,1,1,allocated
70,9546,greenran_normal,0,0,65535_65535,2,40,5778133,65,1,1,0,9,0,28,1,1,pre_allocation
70,9546,greenran_normal,0,0,65535_65535,2,40,5778133,72,1,1,1,10,72,28,1,1,allocated
70,9546,greenran_normal,0,0,65535_65535,2,44,5778130,65,1,1,0,9,0,28,1,1,pre_allocation
70,9546,greenran_normal,0,0,65535_65535,2,44,5778130,72,1,1,1,10,72,28,1,1,allocated
72,9767,greenran_normal,0,0,65535_65535,0,4,185513,0,1,1,0,0,0,22,1,1,pre_allocation
72,9767,greenran_normal,0,0,65535_65535,0,4,185513,2,1,1,1,1,2,22,1,1,allocated
72,9767,greenran_normal,0,0,65535_65535,0,1,182442,0,1,1,0,0,0,28,1,1,pre_allocation
72,9767,greenran_normal,0,0,65535_65535,0,1,182442,4,1,1,1,1,4,28,1,1,allocated
72,9767,greenran_normal,0,0,65535_65535,0,2,182429,0,1,1,0,0,0,28,1,1,pre_allocation
72,9767,greenran_normal,0,0,65535_65535,0,2,182429,4,1,1,1,1,4,28,1,1,allocated
72,9767,greenran_normal,0,0,65535_65535,0,3,182424,0,1,1,0,0,0,28,1,1,pre_allocation
72,9767,greenran_normal,0,0,65535_65535,0,3,182424,4,1,1,1,1,4,28,1,1,allocated
72,9767,greenran_normal,0,0,65535_65535,0,5,182419,0,1,1,0,0,0,28,1,1,pre_allocation
72,9767,greenran_normal,0,0,65535_65535,0,5,182419,4,1,1,1,1,4,28,1,1,allocated
72,9767,greenran_normal,0,0,65535_65535,0,4,185513,2,1,1,0,1,0,22,1,1,pre_allocation
72,9767,greenran_normal,0,0,65535_65535,0,4,185513,7,1,1,1,2,7,22,1,1,allocated
72,9767,greenran_normal,0,0,65535_65535,0,1,182442,4,1,1,0,1,0,28,1,1,pre_allocation
72,9767,greenran_normal,0,0,65535_65535,0,1,182442,12,1,1,1,2,12,28,1,1,allocated
72,9767,greenran_normal,0,0,65535_65535,0,2,182429,4,1,1,0,1,0,28,1,1,pre_allocation
72,9767,greenran_normal,0,0,65535_65535,0,2,182429,12,1,1,1,2,12,28,1,1,allocated
72,9767,greenran_normal,0,0,65535_65535,0,3,182424,4,1,1,0,1,0,28,1,1,pre_allocation
72,9767,greenran_normal,0,0,65535_65535,0,3,182424,12,1,1,1,2,12,28,1,1,allocated
72,9767,greenran_normal,0,0,65535_65535,0,5,182419,4,1,1,0,1,0,28,1,1,pre_allocation
72,9767,greenran_normal,0,0,65535_65535,0,5,182419,12,1,1,1,2,12,28,1,1,allocated
72,9767,greenran_normal,0,0,65535_65535,0,4,185513,7,1,1,0,2,0,22,1,1,pre_allocation
72,9767,greenran_normal,0,0,65535_65535,0,4,185513,13,1,1,1,3,13,22,1,1,allocated
72,9767,greenran_normal,0,0,65535_65535,0,1,182442,12,1,1,0,2,0,28,1,1,pre_allocation
72,9767,greenran_normal,0,0,65535_65535,0,1,182442,19,1,1,1,3,19,28,1,1,allocated
72,9767,greenran_normal,0,0,65535_65535,0,2,182429,12,1,1,0,2,0,28,1,1,pre_allocation
72,9767,greenran_normal,0,0,65535_65535,0,2,182429,19,1,1,1,3,19,28,1,1,allocated
72,9767,greenran_normal,0,0,65535_65535,0,3,182424,12,1,1,0,2,0,28,1,1,pre_allocation
72,9767,greenran_normal,0,0,65535_65535,0,3,182424,19,1,1,1,3,19,28,1,1,allocated
72,9767,greenran_normal,0,0,65535_65535,0,5,182419,12,1,1,0,2,0,28,1,1,pre_allocation
72,9767,greenran_normal,0,0,65535_65535,0,5,182419,19,1,1,1,3,19,28,1,1,allocated
72,9767,greenran_normal,0,0,65535_65535,0,4,185513,13,1,1,0,3,0,22,1,1,pre_allocation
72,9767,greenran_normal,0,0,65535_65535,0,4,185513,18,1,1,1,4,18,22,1,1,allocated
72,9767,greenran_normal,0,0,65535_65535,0,1,182442,19,1,1,0,3,0,28,1,1,pre_allocation
72,9767,greenran_normal,0,0,65535_65535,0,1,182442,27,1,1,1,4,27,28,1,1,allocated
72,9767,greenran_normal,0,0,65535_65535,0,2,182429,19,1,1,0,3,0,28,1,1,pre_allocation
72,9767,greenran_normal,0,0,65535_65535,0,2,182429,27,1,1,1,4,27,28,1,1,allocated
72,9767,greenran_normal,0,0,65535_65535,0,3,182424,19,1,1,0,3,0,28,1,1,pre_allocation
72,9767,greenran_normal,0,0,65535_65535,0,3,182424,27,1,1,1,4,27,28,1,1,allocated
72,9767,greenran_normal,0,0,65535_65535,0,5,182419,19,1,1,0,3,0,28,1,1,pre_allocation
72,9767,greenran_normal,0,0,65535_65535,0,5,182419,27,1,1,1,4,27,28,1,1,allocated
72,9767,greenran_normal,0,0,65535_65535,0,4,185513,18,1,1,0,4,0,22,1,1,pre_allocation
72,9767,greenran_normal,0,0,65535_65535,0,4,185513,23,1,1,1,5,23,22,1,1,allocated
72,9767,greenran_normal,0,0,65535_65535,0,1,182442,27,1,1,0,4,0,28,1,1,pre_allocation
72,9767,greenran_normal,0,0,65535_65535,0,1,182442,34,1,1,1,5,34,28,1,1,allocated
72,9767,greenran_normal,0,0,65535_65535,0,2,182429,27,1,1,0,4,0,28,1,1,pre_allocation
72,9767,greenran_normal,0,0,65535_65535,0,2,182429,34,1,1,1,5,34,28,1,1,allocated
72,9767,greenran_normal,0,0,65535_65535,0,3,182424,27,1,1,0,4,0,28,1,1,pre_allocation
72,9767,greenran_normal,0,0,65535_65535,0,3,182424,34,1,1,1,5,34,28,1,1,allocated
72,9767,greenran_normal,0,0,65535_65535,0,5,182419,27,1,1,0,4,0,28,1,1,pre_allocation
72,9767,greenran_normal,0,0,65535_65535,0,5,182419,34,1,1,1,5,34,28,1,1,allocated
72,9767,greenran_normal,0,0,65535_65535,0,4,185513,23,1,1,0,5,0,22,1,1,pre_allocation
72,9767,greenran_normal,0,0,65535_65535,0,4,185513,29,1,1,1,6,29,22,1,1,allocated
72,9767,greenran_normal,0,0,65535_65535,0,1,182442,34,1,1,0,5,0,28,1,1,pre_allocation
72,9767,greenran_normal,0,0,65535_65535,0,1,182442,42,1,1,1,6,42,28,1,1,allocated
72,9767,greenran_normal,0,0,65535_65535,0,2,182429,34,1,1,0,5,0,28,1,1,pre_allocation
72,9767,greenran_normal,0,0,65535_65535,0,2,182429,42,1,1,1,6,42,28,1,1,allocated
72,9767,greenran_normal,0,0,65535_65535,0,3,182424,34,1,1,0,5,0,28,1,1,pre_allocation
72,9767,greenran_normal,0,0,65535_65535,0,3,182424,42,1,1,1,6,42,28,1,1,allocated
72,9767,greenran_normal,0,0,65535_65535,0,5,182419,34,1,1,0,5,0,28,1,1,pre_allocation
72,9767,greenran_normal,0,0,65535_65535,0,5,182419,42,1,1,1,6,42,28,1,1,allocated
72,9767,greenran_normal,0,0,65535_65535,0,4,185513,29,1,1,0,6,0,22,1,1,pre_allocation
72,9767,greenran_normal,0,0,65535_65535,0,4,185513,34,1,1,1,7,34,22,1,1,allocated
72,9767,greenran_normal,0,0,65535_65535,0,1,182442,42,1,1,0,6,0,28,1,1,pre_allocation
72,9767,greenran_normal,0,0,65535_65535,0,1,182442,50,1,1,1,7,50,28,1,1,allocated
72,9767,greenran_normal,0,0,65535_65535,0,2,182429,42,1,1,0,6,0,28,1,1,pre_allocation
72,9767,greenran_normal,0,0,65535_65535,0,2,182429,50,1,1,1,7,50,28,1,1,allocated
72,9767,greenran_normal,0,0,65535_65535,0,3,182424,42,1,1,0,6,0,28,1,1,pre_allocation
72,9767,greenran_normal,0,0,65535_65535,0,3,182424,50,1,1,1,7,50,28,1,1,allocated
72,9767,greenran_normal,0,0,65535_65535,0,5,182419,42,1,1,0,6,0,28,1,1,pre_allocation
72,9767,greenran_normal,0,0,65535_65535,0,5,182419,50,1,1,1,7,50,28,1,1,allocated
72,9767,greenran_normal,0,0,65535_65535,0,4,185513,34,1,1,0,7,0,22,1,1,pre_allocation
72,9767,greenran_normal,0,0,65535_65535,0,4,185513,39,1,1,1,8,39,22,1,1,allocated
72,9767,greenran_normal,0,0,65535_65535,0,1,182442,50,1,1,0,7,0,28,1,1,pre_allocation
72,9767,greenran_normal,0,0,65535_65535,0,1,182442,57,1,1,1,8,57,28,1,1,allocated
72,9767,greenran_normal,0,0,65535_65535,0,2,182429,50,1,1,0,7,0,28,1,1,pre_allocation
72,9767,greenran_normal,0,0,65535_65535,0,2,182429,57,1,1,1,8,57,28,1,1,allocated
72,9767,greenran_normal,0,0,65535_65535,0,3,182424,50,1,1,0,7,0,28,1,1,pre_allocation
72,9767,greenran_normal,0,0,65535_65535,0,3,182424,57,1,1,1,8,57,28,1,1,allocated
72,9767,greenran_normal,0,0,65535_65535,0,5,182419,50,1,1,0,7,0,28,1,1,pre_allocation
72,9767,greenran_normal,0,0,65535_65535,0,5,182419,57,1,1,1,8,57,28,1,1,allocated
72,9767,greenran_normal,0,0,65535_65535,0,4,185513,39,1,1,0,8,0,22,1,1,pre_allocation
72,9767,greenran_normal,0,0,65535_65535,0,4,185513,45,1,1,1,9,45,22,1,1,allocated
72,9767,greenran_normal,0,0,65535_65535,0,1,182442,57,1,1,0,8,0,28,1,1,pre_allocation
72,9767,greenran_normal,0,0,65535_65535,0,1,182442,65,1,1,1,9,65,28,1,1,allocated
72,9767,greenran_normal,0,0,65535_65535,0,2,182429,57,1,1,0,8,0,28,1,1,pre_allocation
72,9767,greenran_normal,0,0,65535_65535,0,2,182429,65,1,1,1,9,65,28,1,1,allocated
72,9767,greenran_normal,0,0,65535_65535,0,3,182424,57,1,1,0,8,0,28,1,1,pre_allocation
72,9767,greenran_normal,0,0,65535_65535,0,3,182424,65,1,1,1,9,65,28,1,1,allocated
72,9767,greenran_normal,0,0,65535_65535,0,5,182419,57,1,1,0,8,0,28,1,1,pre_allocation
72,9767,greenran_normal,0,0,65535_65535,0,5,182419,65,1,1,1,9,65,28,1,1,allocated
72,9767,greenran_normal,0,0,65535_65535,0,4,185513,45,1,1,0,9,0,22,1,1,pre_allocation
72,9767,greenran_normal,0,0,65535_65535,0,4,185513,50,1,1,1,10,50,22,1,1,allocated
72,9767,greenran_normal,0,0,65535_65535,0,1,182442,65,1,1,0,9,0,28,1,1,pre_allocation
72,9767,greenran_normal,0,0,65535_65535,0,1,182442,72,1,1,1,10,72,28,1,1,allocated
72,9767,greenran_normal,0,0,65535_65535,0,2,182429,65,1,1,0,9,0,28,1,1,pre_allocation
72,9767,greenran_normal,0,0,65535_65535,0,2,182429,72,1,1,1,10,72,28,1,1,allocated
72,9767,greenran_normal,0,0,65535_65535,0,3,182424,65,1,1,0,9,0,28,1,1,pre_allocation
72,9767,greenran_normal,0,0,65535_65535,0,3,182424,72,1,1,1,10,72,28,1,1,allocated
72,9767,greenran_normal,0,0,65535_65535,0,5,182419,65,1,1,0,9,0,28,1,1,pre_allocation
72,9767,greenran_normal,0,0,65535_65535,0,5,182419,72,1,1,1,10,72,28,1,1,allocated
72,9767,greenran_normal,0,0,65535_65535,0,4,185513,50,1,1,0,10,0,22,1,1,pre_allocation
72,9767,greenran_normal,0,0,65535_65535,0,4,185513,55,1,1,1,11,55,22,1,1,allocated
72,9767,greenran_normal,0,0,65535_65535,0,1,182442,72,1,1,0,10,0,28,1,1,pre_allocation
72,9767,greenran_normal,0,0,65535_65535,0,1,182442,80,1,1,1,11,80,28,1,1,allocated
72,9767,greenran_normal,0,0,65535_65535,0,2,182429,72,1,1,0,10,0,28,1,1,pre_allocation
72,9767,greenran_normal,0,0,65535_65535,0,2,182429,80,1,1,1,11,80,28,1,1,allocated
72,9767,greenran_normal,0,0,65535_65535,0,3,182424,72,1,1,0,10,0,28,1,1,pre_allocation
72,9767,greenran_normal,0,0,65535_65535,0,3,182424,80,1,1,1,11,80,28,1,1,allocated
72,9767,greenran_normal,0,0,65535_65535,0,5,182419,72,1,1,0,10,0,28,1,1,pre_allocation
72,9767,greenran_normal,0,0,65535_65535,0,5,182419,80,1,1,1,11,80,28,1,1,allocated
72,9767,greenran_normal,0,0,65535_65535,0,4,185513,55,1,1,0,11,0,22,1,1,pre_allocation
72,9767,greenran_normal,0,0,65535_65535,0,4,185513,61,1,1,1,12,61,22,1,1,allocated
72,9767,greenran_normal,0,0,65535_65535,0,1,182442,80,1,1,0,11,0,28,1,1,pre_allocation
72,9767,greenran_normal,0,0,65535_65535,0,1,182442,88,1,1,1,12,88,28,1,1,allocated
72,9767,greenran_normal,0,0,65535_65535,0,2,182429,80,1,1,0,11,0,28,1,1,pre_allocation
72,9767,greenran_normal,0,0,65535_65535,0,2,182429,88,1,1,1,12,88,28,1,1,allocated
72,9767,greenran_normal,0,0,65535_65535,0,3,182424,80,1,1,0,11,0,28,1,1,pre_allocation
72,9767,greenran_normal,0,0,65535_65535,0,3,182424,88,1,1,1,12,88,28,1,1,allocated
72,9767,greenran_normal,0,0,65535_65535,0,5,182419,80,1,1,0,11,0,28,1,1,pre_allocation
72,9767,greenran_normal,0,0,65535_65535,0,5,182419,88,1,1,1,12,88,28,1,1,allocated
72,9767,greenran_normal,0,0,65535_65535,0,4,185513,61,1,1,0,12,0,22,1,1,pre_allocation
72,9767,greenran_normal,0,0,65535_65535,0,4,185513,66,1,1,1,13,66,22,1,1,allocated
72,9767,greenran_normal,0,0,65535_65535,0,1,182442,88,1,1,0,12,0,28,1,1,pre_allocation
72,9767,greenran_normal,0,0,65535_65535,0,1,182442,95,1,1,1,13,95,28,1,1,allocated
72,9767,greenran_normal,0,0,65535_65535,0,2,182429,88,1,1,0,12,0,28,1,1,pre_allocation
72,9767,greenran_normal,0,0,65535_65535,0,2,182429,95,1,1,1,13,95,28,1,1,allocated
72,9767,greenran_normal,0,0,65535_65535,0,3,182424,88,1,1,0,12,0,28,1,1,pre_allocation
72,9767,greenran_normal,0,0,65535_65535,0,3,182424,95,1,1,1,13,95,28,1,1,allocated
72,9767,greenran_normal,0,0,65535_65535,0,5,182419,88,1,1,0,12,0,28,1,1,pre_allocation
72,9767,greenran_normal,0,0,65535_65535,0,5,182419,95,1,1,1,13,95,28,1,1,allocated
72,9767,greenran_normal,0,0,65535_65535,0,4,185513,66,1,1,0,13,0,22,1,1,pre_allocation
72,9767,greenran_normal,0,0,65535_65535,0,4,185513,72,1,1,1,14,72,22,1,1,allocated
72,9767,greenran_normal,0,0,65535_65535,0,1,182442,95,1,1,0,13,0,28,1,1,pre_allocation
72,9767,greenran_normal,0,0,65535_65535,0,1,182442,103,1,1,1,14,103,28,1,1,allocated
72,9767,greenran_normal,0,0,65535_65535,0,2,182429,95,1,1,0,13,0,28,1,1,pre_allocation
72,9767,greenran_normal,0,0,65535_65535,0,2,182429,103,1,1,1,14,103,28,1,1,allocated
72,9767,greenran_normal,0,0,65535_65535,0,3,182424,95,1,1,0,13,0,28,1,1,pre_allocation
72,9767,greenran_normal,0,0,65535_65535,0,3,182424,103,1,1,1,14,103,28,1,1,allocated
72,9767,greenran_normal,0,0,65535_65535,0,5,182419,95,1,1,0,13,0,28,1,1,pre_allocation
72,9767,greenran_normal,0,0,65535_65535,0,5,182419,103,1,1,1,14,103,28,1,1,allocated
72,9767,greenran_normal,0,0,65535_65535,0,4,185513,72,1,1,0,14,0,22,1,1,pre_allocation
72,9767,greenran_normal,0,0,65535_65535,0,4,185513,77,1,1,1,15,77,22,1,1,allocated
72,9767,greenran_normal,0,0,65535_65535,0,1,182442,103,1,1,0,14,0,28,1,1,pre_allocation
72,9767,greenran_normal,0,0,65535_65535,0,1,182442,110,1,1,1,15,110,28,1,1,allocated
72,9767,greenran_normal,0,0,65535_65535,0,2,182429,103,1,1,0,14,0,28,1,1,pre_allocation
72,9767,greenran_normal,0,0,65535_65535,0,2,182429,110,1,1,1,15,110,28,1,1,allocated
72,9767,greenran_normal,0,0,65535_65535,0,3,182424,103,1,1,0,14,0,28,1,1,pre_allocation
72,9767,greenran_normal,0,0,65535_65535,0,3,182424,110,1,1,1,15,110,28,1,1,allocated
72,9767,greenran_normal,0,0,65535_65535,0,5,182419,103,1,1,0,14,0,28,1,1,pre_allocation
72,9767,greenran_normal,0,0,65535_65535,0,5,182419,110,1,1,1,15,110,28,1,1,allocated
72,9767,greenran_normal,0,0,65535_65535,0,4,185513,77,1,1,0,15,0,22,1,1,pre_allocation
72,9767,greenran_normal,0,0,65535_65535,0,4,185513,82,1,1,1,16,82,22,1,1,allocated
72,9767,greenran_normal,0,0,65535_65535,0,1,182442,110,1,1,0,15,0,28,1,1,pre_allocation
72,9767,greenran_normal,0,0,65535_65535,0,1,182442,118,1,1,1,16,118,28,1,1,allocated
72,9767,greenran_normal,0,0,65535_65535,0,2,182429,110,1,1,0,15,0,28,1,1,pre_allocation
72,9767,greenran_normal,0,0,65535_65535,0,2,182429,118,1,1,1,16,118,28,1,1,allocated
72,9767,greenran_normal,0,0,65535_65535,0,3,182424,110,1,1,0,15,0,28,1,1,pre_allocation
72,9767,greenran_normal,0,0,65535_65535,0,3,182424,118,1,1,1,16,118,28,1,1,allocated
72,9767,greenran_normal,0,0,65535_65535,0,5,182419,110,1,1,0,15,0,28,1,1,pre_allocation
72,9767,greenran_normal,0,0,65535_65535,0,5,182419,118,1,1,1,16,118,28,1,1,allocated
72,9767,greenran_normal,0,0,65535_65535,0,4,185513,82,1,1,0,16,0,22,1,1,pre_allocation
72,9767,greenran_normal,0,0,65535_65535,0,4,185513,88,1,1,1,17,88,22,1,1,allocated
72,9767,greenran_normal,0,0,65535_65535,0,1,182442,118,1,1,0,16,0,28,1,1,pre_allocation
72,9767,greenran_normal,0,0,65535_65535,0,1,182442,126,1,1,1,17,126,28,1,1,allocated
72,9767,greenran_normal,0,0,65535_65535,0,2,182429,118,1,1,0,16,0,28,1,1,pre_allocation
72,9767,greenran_normal,0,0,65535_65535,0,2,182429,126,1,1,1,17,126,28,1,1,allocated
72,9767,greenran_normal,0,0,65535_65535,0,3,182424,118,1,1,0,16,0,28,1,1,pre_allocation
72,9767,greenran_normal,0,0,65535_65535,0,3,182424,126,1,1,1,17,126,28,1,1,allocated
72,9767,greenran_normal,0,0,65535_65535,0,5,182419,118,1,1,0,16,0,28,1,1,pre_allocation
72,9767,greenran_normal,0,0,65535_65535,0,5,182419,126,1,1,1,17,126,28,1,1,allocated
72,9767,greenran_normal,0,0,65535_65535,0,4,185513,88,1,1,0,17,0,22,1,1,pre_allocation
72,9767,greenran_normal,0,0,65535_65535,0,4,185513,93,1,1,1,18,93,22,1,1,allocated
72,9767,greenran_normal,0,0,65535_65535,0,1,182442,126,1,1,0,17,0,28,1,1,pre_allocation
72,9767,greenran_normal,0,0,65535_65535,0,1,182442,133,1,1,1,18,133,28,1,1,allocated
72,9767,greenran_normal,0,0,65535_65535,0,2,182429,126,1,1,0,17,0,28,1,1,pre_allocation
72,9767,greenran_normal,0,0,65535_65535,0,2,182429,133,1,1,1,18,133,28,1,1,allocated
72,9767,greenran_normal,0,0,65535_65535,0,3,182424,126,1,1,0,17,0,28,1,1,pre_allocation
72,9767,greenran_normal,0,0,65535_65535,0,3,182424,133,1,1,1,18,133,28,1,1,allocated
72,9767,greenran_normal,0,0,65535_65535,0,5,182419,126,1,1,0,17,0,28,1,1,pre_allocation
72,9767,greenran_normal,0,0,65535_65535,0,5,182419,133,1,1,1,18,133,28,1,1,allocated
72,9767,greenran_normal,0,0,65535_65535,0,4,185513,93,1,1,0,18,0,22,1,1,pre_allocation
72,9767,greenran_normal,0,0,65535_65535,0,4,185513,98,1,1,1,19,98,22,1,1,allocated
72,9767,greenran_normal,0,0,65535_65535,0,1,182442,133,1,1,0,18,0,28,1,1,pre_allocation
72,9767,greenran_normal,0,0,65535_65535,0,1,182442,141,1,1,1,19,141,28,1,1,allocated
72,9767,greenran_normal,0,0,65535_65535,0,2,182429,133,1,1,0,18,0,28,1,1,pre_allocation
72,9767,greenran_normal,0,0,65535_65535,0,2,182429,141,1,1,1,19,141,28,1,1,allocated
72,9767,greenran_normal,0,0,65535_65535,0,3,182424,133,1,1,0,18,0,28,1,1,pre_allocation
72,9767,greenran_normal,0,0,65535_65535,0,3,182424,141,1,1,1,19,141,28,1,1,allocated
72,9767,greenran_normal,0,0,65535_65535,0,5,182419,133,1,1,0,18,0,28,1,1,pre_allocation
72,9767,greenran_normal,0,0,65535_65535,0,5,182419,141,1,1,1,19,141,28,1,1,allocated
72,9767,greenran_normal,0,0,65535_65535,0,4,185513,98,1,1,0,19,0,22,1,1,pre_allocation
72,9767,greenran_normal,0,0,65535_65535,0,4,185513,104,1,1,1,20,104,22,1,1,allocated
72,9767,greenran_normal,0,0,65535_65535,0,1,182442,141,1,1,0,19,0,28,1,1,pre_allocation
72,9767,greenran_normal,0,0,65535_65535,0,1,182442,148,1,1,1,20,148,28,1,1,allocated
72,9767,greenran_normal,0,0,65535_65535,0,2,182429,141,1,1,0,19,0,28,1,1,pre_allocation
72,9767,greenran_normal,0,0,65535_65535,0,2,182429,148,1,1,1,20,148,28,1,1,allocated
72,9767,greenran_normal,0,0,65535_65535,0,3,182424,141,1,1,0,19,0,28,1,1,pre_allocation
72,9767,greenran_normal,0,0,65535_65535,0,3,182424,148,1,1,1,20,148,28,1,1,allocated
72,9767,greenran_normal,0,0,65535_65535,0,5,182419,141,1,1,0,19,0,28,1,1,pre_allocation
72,9767,greenran_normal,0,0,65535_65535,0,5,182419,148,1,1,1,20,148,28,1,1,allocated
72,9767,greenran_normal,0,0,65535_65535,0,4,185513,104,1,1,0,20,0,22,1,1,pre_allocation
72,9767,greenran_normal,0,0,65535_65535,0,4,185513,109,1,1,1,21,109,22,1,1,allocated
72,9767,greenran_normal,0,0,65535_65535,0,1,182442,148,1,1,0,20,0,28,1,1,pre_allocation
72,9767,greenran_normal,0,0,65535_65535,0,1,182442,156,1,1,1,21,156,28,1,1,allocated
72,9767,greenran_normal,0,0,65535_65535,0,2,182429,148,1,1,0,20,0,28,1,1,pre_allocation
72,9767,greenran_normal,0,0,65535_65535,0,2,182429,156,1,1,1,21,156,28,1,1,allocated
72,9767,greenran_normal,0,0,65535_65535,0,3,182424,148,1,1,0,20,0,28,1,1,pre_allocation
72,9767,greenran_normal,0,0,65535_65535,0,3,182424,156,1,1,1,21,156,28,1,1,allocated
72,9767,greenran_normal,0,0,65535_65535,0,5,182419,148,1,1,0,20,0,28,1,1,pre_allocation
72,9767,greenran_normal,0,0,65535_65535,0,5,182419,156,1,1,1,21,156,28,1,1,allocated
72,9767,greenran_normal,0,0,65535_65535,0,4,185513,109,1,1,0,21,0,22,1,1,pre_allocation
72,9767,greenran_normal,0,0,65535_65535,0,4,185513,114,1,1,1,22,114,22,1,1,allocated
72,9767,greenran_normal,0,0,65535_65535,0,1,182442,156,1,1,0,21,0,28,1,1,pre_allocation
72,9767,greenran_normal,0,0,65535_65535,0,1,182442,163,1,1,1,22,163,28,1,1,allocated
72,9767,greenran_normal,0,0,65535_65535,0,2,182429,156,1,1,0,21,0,28,1,1,pre_allocation
72,9767,greenran_normal,0,0,65535_65535,0,2,182429,163,1,1,1,22,163,28,1,1,allocated
72,9767,greenran_normal,0,0,65535_65535,0,3,182424,156,1,1,0,21,0,28,1,1,pre_allocation
72,9767,greenran_normal,0,0,65535_65535,0,3,182424,163,1,1,1,22,163,28,1,1,allocated
72,9767,greenran_normal,0,0,65535_65535,0,5,182419,156,1,1,0,21,0,28,1,1,pre_allocation
72,9767,greenran_normal,0,0,65535_65535,0,5,182419,163,1,1,1,22,163,28,1,1,allocated
72,9767,greenran_normal,0,0,65535_65535,0,4,185513,114,1,1,0,22,0,22,1,1,pre_allocation
72,9767,greenran_normal,0,0,65535_65535,0,4,185513,120,1,1,1,23,120,22,1,1,allocated
72,9767,greenran_normal,0,0,65535_65535,0,1,182442,163,1,1,0,22,0,28,1,1,pre_allocation
72,9767,greenran_normal,0,0,65535_65535,0,1,182442,171,1,1,1,23,171,28,1,1,allocated
72,9767,greenran_normal,0,0,65535_65535,2,38,5921180,0,1,1,0,0,0,2,1,1,pre_allocation
72,9767,greenran_normal,0,0,65535_65535,2,38,5921180,0,1,1,1,1,0,2,1,1,allocated
72,9767,greenran_normal,0,0,65535_65535,2,60,5920820,0,1,1,0,0,0,12,1,1,pre_allocation
72,9767,greenran_normal,0,0,65535_65535,2,60,5920820,2,1,1,1,1,2,12,1,1,allocated
72,9767,greenran_normal,0,0,65535_65535,2,64,5920450,0,1,1,0,0,0,8,1,1,pre_allocation
72,9767,greenran_normal,0,0,65535_65535,2,64,5920450,1,1,1,1,1,1,8,1,1,allocated
72,9767,greenran_normal,0,0,65535_65535,2,43,5919691,0,1,1,0,0,0,20,1,1,pre_allocation
72,9767,greenran_normal,0,0,65535_65535,2,43,5919691,1,1,1,1,1,1,20,1,1,allocated
72,9767,greenran_normal,0,0,65535_65535,2,42,5919010,0,1,1,0,0,0,18,1,1,pre_allocation
72,9767,greenran_normal,0,0,65535_65535,2,42,5919010,0,1,1,1,1,0,18,1,1,allocated
72,9767,greenran_normal,0,0,65535_65535,2,59,5918442,0,1,1,0,0,0,28,1,1,pre_allocation
72,9767,greenran_normal,0,0,65535_65535,2,59,5918442,4,1,1,1,1,4,28,1,1,allocated
72,9767,greenran_normal,0,0,65535_65535,2,58,5918436,0,1,1,0,0,0,26,1,1,pre_allocation
72,9767,greenran_normal,0,0,65535_65535,2,58,5918436,4,1,1,1,1,4,26,1,1,allocated
72,9767,greenran_normal,0,0,65535_65535,2,36,5918399,0,1,1,0,0,0,26,1,1,pre_allocation
72,9767,greenran_normal,0,0,65535_65535,2,36,5918399,4,1,1,1,1,4,26,1,1,allocated
72,9767,greenran_normal,0,0,65535_65535,2,61,5918346,0,1,1,0,0,0,28,1,1,pre_allocation
72,9767,greenran_normal,0,0,65535_65535,2,61,5918346,4,1,1,1,1,4,28,1,1,allocated
72,9767,greenran_normal,0,0,65535_65535,2,62,5918345,0,1,1,0,0,0,28,1,1,pre_allocation
72,9767,greenran_normal,0,0,65535_65535,2,62,5918345,4,1,1,1,1,4,28,1,1,allocated
72,9767,greenran_normal,0,0,65535_65535,2,63,5918344,0,1,1,0,0,0,28,1,1,pre_allocation
72,9767,greenran_normal,0,0,65535_65535,2,63,5918344,4,1,1,1,1,4,28,1,1,allocated
72,9767,greenran_normal,0,0,65535_65535,2,37,5918341,0,1,1,0,0,0,28,1,1,pre_allocation
72,9767,greenran_normal,0,0,65535_65535,2,37,5918341,4,1,1,1,1,4,28,1,1,allocated
72,9767,greenran_normal,0,0,65535_65535,2,39,5918344,0,1,1,0,0,0,28,1,1,pre_allocation
72,9767,greenran_normal,0,0,65535_65535,2,39,5918344,4,1,1,1,1,4,28,1,1,allocated
72,9767,greenran_normal,0,0,65535_65535,2,35,5918339,0,1,1,0,0,0,28,1,1,pre_allocation
72,9767,greenran_normal,0,0,65535_65535,2,35,5918339,4,1,1,1,1,4,28,1,1,allocated
72,9767,greenran_normal,0,0,65535_65535,2,40,5918342,0,1,1,0,0,0,28,1,1,pre_allocation
72,9767,greenran_normal,0,0,65535_65535,2,40,5918342,4,1,1,1,1,4,28,1,1,allocated
72,9767,greenran_normal,0,0,65535_65535,2,44,5918339,0,1,1,0,0,0,28,1,1,pre_allocation
72,9767,greenran_normal,0,0,65535_65535,2,44,5918339,4,1,1,1,1,4,28,1,1,allocated
72,9767,greenran_normal,0,0,65535_65535,2,41,5918342,0,1,1,0,0,0,28,1,1,pre_allocation
72,9767,greenran_normal,0,0,65535_65535,2,41,5918342,4,1,1,1,1,4,28,1,1,allocated
72,9767,greenran_normal,0,0,65535_65535,2,55,5918339,0,1,1,0,0,0,28,1,1,pre_allocation
72,9767,greenran_normal,0,0,65535_65535,2,55,5918339,4,1,1,1,1,4,28,1,1,allocated
72,9767,greenran_normal,0,0,65535_65535,2,56,5918339,0,1,1,0,0,0,28,1,1,pre_allocation
72,9767,greenran_normal,0,0,65535_65535,2,56,5918339,4,1,1,1,1,4,28,1,1,allocated
72,9767,greenran_normal,0,0,65535_65535,2,57,5918339,0,1,1,0,0,0,28,1,1,pre_allocation
72,9767,greenran_normal,0,0,65535_65535,2,57,5918339,4,1,1,1,1,4,28,1,1,allocated
72,9767,greenran_normal,0,0,65535_65535,2,38,5921180,0,1,1,0,1,0,2,1,1,pre_allocation
72,9767,greenran_normal,0,0,65535_65535,2,38,5921180,0,1,1,1,2,0,2,1,1,allocated
72,9767,greenran_normal,0,0,65535_65535,2,60,5920820,2,1,1,0,1,0,12,1,1,pre_allocation
72,9767,greenran_normal,0,0,65535_65535,2,60,5920820,1,1,1,1,2,1,12,1,1,allocated
72,9767,greenran_normal,0,0,65535_65535,2,64,5920450,1,1,1,0,1,0,8,1,1,pre_allocation
72,9767,greenran_normal,0,0,65535_65535,2,64,5920450,2,1,1,1,2,2,8,1,1,allocated
72,9767,greenran_normal,0,0,65535_65535,2,43,5919691,1,1,1,0,1,0,20,1,1,pre_allocation
72,9767,greenran_normal,0,0,65535_65535,2,43,5919691,6,1,1,1,2,6,20,1,1,allocated
72,9767,greenran_normal,0,0,65535_65535,2,42,5919010,0,1,1,0,1,0,18,1,1,pre_allocation
72,9767,greenran_normal,0,0,65535_65535,2,42,5919010,4,1,1,1,2,4,18,1,1,allocated
72,9767,greenran_normal,0,0,65535_65535,2,59,5918442,4,1,1,0,1,0,28,1,1,pre_allocation
72,9767,greenran_normal,0,0,65535_65535,2,59,5918442,12,1,1,1,2,12,28,1,1,allocated
72,9767,greenran_normal,0,0,65535_65535,2,58,5918436,4,1,1,0,1,0,26,1,1,pre_allocation
72,9767,greenran_normal,0,0,65535_65535,2,58,5918436,11,1,1,1,2,11,26,1,1,allocated
72,9767,greenran_normal,0,0,65535_65535,2,36,5918399,4,1,1,0,1,0,26,1,1,pre_allocation
72,9767,greenran_normal,0,0,65535_65535,2,36,5918399,11,1,1,1,2,11,26,1,1,allocated
72,9767,greenran_normal,0,0,65535_65535,2,61,5918346,4,1,1,0,1,0,28,1,1,pre_allocation
72,9767,greenran_normal,0,0,65535_65535,2,61,5918346,12,1,1,1,2,12,28,1,1,allocated
72,9767,greenran_normal,0,0,65535_65535,2,62,5918345,4,1,1,0,1,0,28,1,1,pre_allocation
72,9767,greenran_normal,0,0,65535_65535,2,62,5918345,12,1,1,1,2,12,28,1,1,allocated
72,9767,greenran_normal,0,0,65535_65535,2,63,5918344,4,1,1,0,1,0,28,1,1,pre_allocation
72,9767,greenran_normal,0,0,65535_65535,2,63,5918344,12,1,1,1,2,12,28,1,1,allocated
72,9767,greenran_normal,0,0,65535_65535,2,37,5918341,4,1,1,0,1,0,28,1,1,pre_allocation
72,9767,greenran_normal,0,0,65535_65535,2,37,5918341,12,1,1,1,2,12,28,1,1,allocated
72,9767,greenran_normal,0,0,65535_65535,2,39,5918344,4,1,1,0,1,0,28,1,1,pre_allocation
72,9767,greenran_normal,0,0,65535_65535,2,39,5918344,12,1,1,1,2,12,28,1,1,allocated
72,9767,greenran_normal,0,0,65535_65535,2,35,5918339,4,1,1,0,1,0,28,1,1,pre_allocation
72,9767,greenran_normal,0,0,65535_65535,2,35,5918339,12,1,1,1,2,12,28,1,1,allocated
72,9767,greenran_normal,0,0,65535_65535,2,40,5918342,4,1,1,0,1,0,28,1,1,pre_allocation
72,9767,greenran_normal,0,0,65535_65535,2,40,5918342,12,1,1,1,2,12,28,1,1,allocated
72,9767,greenran_normal,0,0,65535_65535,2,44,5918339,4,1,1,0,1,0,28,1,1,pre_allocation
72,9767,greenran_normal,0,0,65535_65535,2,44,5918339,12,1,1,1,2,12,28,1,1,allocated
72,9767,greenran_normal,0,0,65535_65535,2,41,5918342,4,1,1,0,1,0,28,1,1,pre_allocation
72,9767,greenran_normal,0,0,65535_65535,2,41,5918342,12,1,1,1,2,12,28,1,1,allocated
72,9767,greenran_normal,0,0,65535_65535,2,55,5918339,4,1,1,0,1,0,28,1,1,pre_allocation
72,9767,greenran_normal,0,0,65535_65535,2,55,5918339,12,1,1,1,2,12,28,1,1,allocated
72,9767,greenran_normal,0,0,65535_65535,2,56,5918339,4,1,1,0,1,0,28,1,1,pre_allocation
72,9767,greenran_normal,0,0,65535_65535,2,56,5918339,12,1,1,1,2,12,28,1,1,allocated
72,9767,greenran_normal,0,0,65535_65535,2,57,5918339,4,1,1,0,1,0,28,1,1,pre_allocation
72,9767,greenran_normal,0,0,65535_65535,2,57,5918339,12,1,1,1,2,12,28,1,1,allocated
72,9767,greenran_normal,0,0,65535_65535,2,38,5921180,0,1,1,0,2,0,2,1,1,pre_allocation
72,9767,greenran_normal,0,0,65535_65535,2,38,5921180,0,1,1,1,3,0,2,1,1,allocated
72,9767,greenran_normal,0,0,65535_65535,2,60,5920820,1,1,1,0,2,0,12,1,1,pre_allocation
72,9767,greenran_normal,0,0,65535_65535,2,60,5920820,3,1,1,1,3,3,12,1,1,allocated
72,9767,greenran_normal,0,0,65535_65535,2,64,5920450,2,1,1,0,2,0,8,1,1,pre_allocation
72,9767,greenran_normal,0,0,65535_65535,2,64,5920450,0,1,1,1,3,0,8,1,1,allocated
72,9767,greenran_normal,0,0,65535_65535,2,43,5919691,6,1,1,0,2,0,20,1,1,pre_allocation
72,9767,greenran_normal,0,0,65535_65535,2,43,5919691,10,1,1,1,3,10,20,1,1,allocated
72,9767,greenran_normal,0,0,65535_65535,2,42,5919010,4,1,1,0,2,0,18,1,1,pre_allocation
72,9767,greenran_normal,0,0,65535_65535,2,42,5919010,8,1,1,1,3,8,18,1,1,allocated
72,9767,greenran_normal,0,0,65535_65535,2,59,5918442,12,1,1,0,2,0,28,1,1,pre_allocation
72,9767,greenran_normal,0,0,65535_65535,2,59,5918442,19,1,1,1,3,19,28,1,1,allocated
72,9767,greenran_normal,0,0,65535_65535,2,58,5918436,11,1,1,0,2,0,26,1,1,pre_allocation
72,9767,greenran_normal,0,0,65535_65535,2,58,5918436,18,1,1,1,3,18,26,1,1,allocated
72,9767,greenran_normal,0,0,65535_65535,2,36,5918399,11,1,1,0,2,0,26,1,1,pre_allocation
72,9767,greenran_normal,0,0,65535_65535,2,36,5918399,18,1,1,1,3,18,26,1,1,allocated
72,9767,greenran_normal,0,0,65535_65535,2,61,5918346,12,1,1,0,2,0,28,1,1,pre_allocation
72,9767,greenran_normal,0,0,65535_65535,2,61,5918346,19,1,1,1,3,19,28,1,1,allocated
72,9767,greenran_normal,0,0,65535_65535,2,62,5918345,12,1,1,0,2,0,28,1,1,pre_allocation
72,9767,greenran_normal,0,0,65535_65535,2,62,5918345,19,1,1,1,3,19,28,1,1,allocated
72,9767,greenran_normal,0,0,65535_65535,2,63,5918344,12,1,1,0,2,0,28,1,1,pre_allocation
72,9767,greenran_normal,0,0,65535_65535,2,63,5918344,19,1,1,1,3,19,28,1,1,allocated
72,9767,greenran_normal,0,0,65535_65535,2,37,5918341,12,1,1,0,2,0,28,1,1,pre_allocation
72,9767,greenran_normal,0,0,65535_65535,2,37,5918341,19,1,1,1,3,19,28,1,1,allocated
72,9767,greenran_normal,0,0,65535_65535,2,39,5918344,12,1,1,0,2,0,28,1,1,pre_allocation
72,9767,greenran_normal,0,0,65535_65535,2,39,5918344,19,1,1,1,3,19,28,1,1,allocated
72,9767,greenran_normal,0,0,65535_65535,2,35,5918339,12,1,1,0,2,0,28,1,1,pre_allocation
72,9767,greenran_normal,0,0,65535_65535,2,35,5918339,19,1,1,1,3,19,28,1,1,allocated
72,9767,greenran_normal,0,0,65535_65535,2,40,5918342,12,1,1,0,2,0,28,1,1,pre_allocation
72,9767,greenran_normal,0,0,65535_65535,2,40,5918342,19,1,1,1,3,19,28,1,1,allocated
72,9767,greenran_normal,0,0,65535_65535,2,44,5918339,12,1,1,0,2,0,28,1,1,pre_allocation
72,9767,greenran_normal,0,0,65535_65535,2,44,5918339,19,1,1,1,3,19,28,1,1,allocated
72,9767,greenran_normal,0,0,65535_65535,2,41,5918342,12,1,1,0,2,0,28,1,1,pre_allocation
72,9767,greenran_normal,0,0,65535_65535,2,41,5918342,19,1,1,1,3,19,28,1,1,allocated
72,9767,greenran_normal,0,0,65535_65535,2,55,5918339,12,1,1,0,2,0,28,1,1,pre_allocation
72,9767,greenran_normal,0,0,65535_65535,2,55,5918339,19,1,1,1,3,19,28,1,1,allocated
72,9767,greenran_normal,0,0,65535_65535,2,56,5918339,12,1,1,0,2,0,28,1,1,pre_allocation
72,9767,greenran_normal,0,0,65535_65535,2,56,5918339,19,1,1,1,3,19,28,1,1,allocated
72,9767,greenran_normal,0,0,65535_65535,2,57,5918339,12,1,1,0,2,0,28,1,1,pre_allocation
72,9767,greenran_normal,0,0,65535_65535,2,57,5918339,19,1,1,1,3,19,28,1,1,allocated
72,9767,greenran_normal,0,0,65535_65535,2,38,5921180,0,1,1,0,3,0,2,1,1,pre_allocation
72,9767,greenran_normal,0,0,65535_65535,2,38,5921180,1,1,1,1,4,1,2,1,1,allocated
72,9767,greenran_normal,0,0,65535_65535,2,60,5920820,3,1,1,0,3,0,12,1,1,pre_allocation
72,9767,greenran_normal,0,0,65535_65535,2,60,5920820,5,1,1,1,4,5,12,1,1,allocated
72,9767,greenran_normal,0,0,65535_65535,2,64,5920450,0,1,1,0,3,0,8,1,1,pre_allocation
72,9767,greenran_normal,0,0,65535_65535,2,64,5920450,1,1,1,1,4,1,8,1,1,allocated
72,9767,greenran_normal,0,0,65535_65535,2,43,5919691,10,1,1,0,3,0,20,1,1,pre_allocation
72,9767,greenran_normal,0,0,65535_65535,2,43,5919691,15,1,1,1,4,15,20,1,1,allocated
72,9767,greenran_normal,0,0,65535_65535,2,42,5919010,8,1,1,0,3,0,18,1,1,pre_allocation
72,9767,greenran_normal,0,0,65535_65535,2,42,5919010,11,1,1,1,4,11,18,1,1,allocated
72,9767,greenran_normal,0,0,65535_65535,2,59,5918442,19,1,1,0,3,0,28,1,1,pre_allocation
72,9767,greenran_normal,0,0,65535_65535,2,59,5918442,27,1,1,1,4,27,28,1,1,allocated
72,9767,greenran_normal,0,0,65535_65535,2,58,5918436,18,1,1,0,3,0,26,1,1,pre_allocation
72,9767,greenran_normal,0,0,65535_65535,2,58,5918436,25,1,1,1,4,25,26,1,1,allocated
72,9767,greenran_normal,0,0,65535_65535,2,36,5918399,18,1,1,0,3,0,26,1,1,pre_allocation
72,9767,greenran_normal,0,0,65535_65535,2,36,5918399,25,1,1,1,4,25,26,1,1,allocated
72,9767,greenran_normal,0,0,65535_65535,2,61,5918346,19,1,1,0,3,0,28,1,1,pre_allocation
72,9767,greenran_normal,0,0,65535_65535,2,61,5918346,27,1,1,1,4,27,28,1,1,allocated
72,9767,greenran_normal,0,0,65535_65535,2,62,5918345,19,1,1,0,3,0,28,1,1,pre_allocation
72,9767,greenran_normal,0,0,65535_65535,2,62,5918345,27,1,1,1,4,27,28,1,1,allocated
72,9767,greenran_normal,0,0,65535_65535,2,63,5918344,19,1,1,0,3,0,28,1,1,pre_allocation
72,9767,greenran_normal,0,0,65535_65535,2,63,5918344,27,1,1,1,4,27,28,1,1,allocated
72,9767,greenran_normal,0,0,65535_65535,2,37,5918341,19,1,1,0,3,0,28,1,1,pre_allocation
72,9767,greenran_normal,0,0,65535_65535,2,37,5918341,27,1,1,1,4,27,28,1,1,allocated
72,9767,greenran_normal,0,0,65535_65535,2,39,5918344,19,1,1,0,3,0,28,1,1,pre_allocation
72,9767,greenran_normal,0,0,65535_65535,2,39,5918344,27,1,1,1,4,27,28,1,1,allocated
72,9767,greenran_normal,0,0,65535_65535,2,35,5918339,19,1,1,0,3,0,28,1,1,pre_allocation
72,9767,greenran_normal,0,0,65535_65535,2,35,5918339,27,1,1,1,4,27,28,1,1,allocated
72,9767,greenran_normal,0,0,65535_65535,2,40,5918342,19,1,1,0,3,0,28,1,1,pre_allocation
72,9767,greenran_normal,0,0,65535_65535,2,40,5918342,27,1,1,1,4,27,28,1,1,allocated
72,9767,greenran_normal,0,0,65535_65535,2,44,5918339,19,1,1,0,3,0,28,1,1,pre_allocation
72,9767,greenran_normal,0,0,65535_65535,2,44,5918339,27,1,1,1,4,27,28,1,1,allocated
72,9767,greenran_normal,0,0,65535_65535,2,41,5918342,19,1,1,0,3,0,28,1,1,pre_allocation
72,9767,greenran_normal,0,0,65535_65535,2,41,5918342,27,1,1,1,4,27,28,1,1,allocated
72,9767,greenran_normal,0,0,65535_65535,2,55,5918339,19,1,1,0,3,0,28,1,1,pre_allocation
72,9767,greenran_normal,0,0,65535_65535,2,55,5918339,27,1,1,1,4,27,28,1,1,allocated
72,9767,greenran_normal,0,0,65535_65535,2,56,5918339,19,1,1,0,3,0,28,1,1,pre_allocation
72,9767,greenran_normal,0,0,65535_65535,2,56,5918339,27,1,1,1,4,27,28,1,1,allocated
72,9767,greenran_normal,0,0,65535_65535,2,57,5918339,19,1,1,0,3,0,28,1,1,pre_allocation
72,9767,greenran_normal,0,0,65535_65535,2,57,5918339,27,1,1,1,4,27,28,1,1,allocated
72,9767,greenran_normal,0,0,65535_65535,2,38,5921180,1,1,1,0,4,0,2,1,1,pre_allocation
72,9767,greenran_normal,0,0,65535_65535,2,38,5921180,1,1,1,1,5,1,2,1,1,allocated
72,9767,greenran_normal,0,0,65535_65535,2,60,5920820,5,1,1,0,4,0,12,1,1,pre_allocation
72,9767,greenran_normal,0,0,65535_65535,2,60,5920820,7,1,1,1,5,7,12,1,1,allocated
72,9767,greenran_normal,0,0,65535_65535,2,64,5920450,1,1,1,0,4,0,8,1,1,pre_allocation
72,9767,greenran_normal,0,0,65535_65535,2,64,5920450,3,1,1,1,5,3,8,1,1,allocated
72,9767,greenran_normal,0,0,65535_65535,2,43,5919691,15,1,1,0,4,0,20,1,1,pre_allocation
72,9767,greenran_normal,0,0,65535_65535,2,43,5919691,19,1,1,1,5,19,20,1,1,allocated
72,9767,greenran_normal,0,0,65535_65535,2,42,5919010,11,1,1,0,4,0,18,1,1,pre_allocation
72,9767,greenran_normal,0,0,65535_65535,2,42,5919010,15,1,1,1,5,15,18,1,1,allocated
72,9767,greenran_normal,0,0,65535_65535,2,59,5918442,27,1,1,0,4,0,28,1,1,pre_allocation
72,9767,greenran_normal,0,0,65535_65535,2,59,5918442,34,1,1,1,5,34,28,1,1,allocated
72,9767,greenran_normal,0,0,65535_65535,2,58,5918436,25,1,1,0,4,0,26,1,1,pre_allocation
72,9767,greenran_normal,0,0,65535_65535,2,58,5918436,32,1,1,1,5,32,26,1,1,allocated
72,9767,greenran_normal,0,0,65535_65535,2,36,5918399,25,1,1,0,4,0,26,1,1,pre_allocation
72,9767,greenran_normal,0,0,65535_65535,2,36,5918399,32,1,1,1,5,32,26,1,1,allocated
72,9767,greenran_normal,0,0,65535_65535,2,61,5918346,27,1,1,0,4,0,28,1,1,pre_allocation
72,9767,greenran_normal,0,0,65535_65535,2,61,5918346,34,1,1,1,5,34,28,1,1,allocated
72,9767,greenran_normal,0,0,65535_65535,2,62,5918345,27,1,1,0,4,0,28,1,1,pre_allocation
72,9767,greenran_normal,0,0,65535_65535,2,62,5918345,34,1,1,1,5,34,28,1,1,allocated
72,9767,greenran_normal,0,0,65535_65535,2,63,5918344,27,1,1,0,4,0,28,1,1,pre_allocation
72,9767,greenran_normal,0,0,65535_65535,2,63,5918344,34,1,1,1,5,34,28,1,1,allocated
72,9767,greenran_normal,0,0,65535_65535,2,37,5918341,27,1,1,0,4,0,28,1,1,pre_allocation
72,9767,greenran_normal,0,0,65535_65535,2,37,5918341,34,1,1,1,5,34,28,1,1,allocated
72,9767,greenran_normal,0,0,65535_65535,2,39,5918344,27,1,1,0,4,0,28,1,1,pre_allocation
72,9767,greenran_normal,0,0,65535_65535,2,39,5918344,34,1,1,1,5,34,28,1,1,allocated
72,9767,greenran_normal,0,0,65535_65535,2,35,5918339,27,1,1,0,4,0,28,1,1,pre_allocation
72,9767,greenran_normal,0,0,65535_65535,2,35,5918339,34,1,1,1,5,34,28,1,1,allocated
72,9767,greenran_normal,0,0,65535_65535,2,40,5918342,27,1,1,0,4,0,28,1,1,pre_allocation
72,9767,greenran_normal,0,0,65535_65535,2,40,5918342,34,1,1,1,5,34,28,1,1,allocated
72,9767,greenran_normal,0,0,65535_65535,2,44,5918339,27,1,1,0,4,0,28,1,1,pre_allocation
72,9767,greenran_normal,0,0,65535_65535,2,44,5918339,34,1,1,1,5,34,28,1,1,allocated
72,9767,greenran_normal,0,0,65535_65535,2,41,5918342,27,1,1,0,4,0,28,1,1,pre_allocation
72,9767,greenran_normal,0,0,65535_65535,2,41,5918342,34,1,1,1,5,34,28,1,1,allocated
72,9767,greenran_normal,0,0,65535_65535,2,55,5918339,27,1,1,0,4,0,28,1,1,pre_allocation
72,9767,greenran_normal,0,0,65535_65535,2,55,5918339,34,1,1,1,5,34,28,1,1,allocated
72,9767,greenran_normal,0,0,65535_65535,2,56,5918339,27,1,1,0,4,0,28,1,1,pre_allocation
72,9767,greenran_normal,0,0,65535_65535,2,56,5918339,34,1,1,1,5,34,28,1,1,allocated
72,9767,greenran_normal,0,0,65535_65535,2,57,5918339,27,1,1,0,4,0,28,1,1,pre_allocation
72,9767,greenran_normal,0,0,65535_65535,2,57,5918339,34,1,1,1,5,34,28,1,1,allocated
72,9767,greenran_normal,0,0,65535_65535,2,38,5921180,1,1,1,0,5,0,2,1,1,pre_allocation
72,9767,greenran_normal,0,0,65535_65535,2,38,5921180,1,1,1,1,6,1,2,1,1,allocated
72,9767,greenran_normal,0,0,65535_65535,2,60,5920820,7,1,1,0,5,0,12,1,1,pre_allocation
72,9767,greenran_normal,0,0,65535_65535,2,60,5920820,9,1,1,1,6,9,12,1,1,allocated
72,9767,greenran_normal,0,0,65535_65535,2,64,5920450,3,1,1,0,5,0,8,1,1,pre_allocation
72,9767,greenran_normal,0,0,65535_65535,2,64,5920450,4,1,1,1,6,4,8,1,1,allocated
72,9767,greenran_normal,0,0,65535_65535,2,43,5919691,19,1,1,0,5,0,20,1,1,pre_allocation
72,9767,greenran_normal,0,0,65535_65535,2,43,5919691,24,1,1,1,6,24,20,1,1,allocated
72,9767,greenran_normal,0,0,65535_65535,2,42,5919010,15,1,1,0,5,0,18,1,1,pre_allocation
72,9767,greenran_normal,0,0,65535_65535,2,42,5919010,19,1,1,1,6,19,18,1,1,allocated
72,9767,greenran_normal,0,0,65535_65535,2,59,5918442,34,1,1,0,5,0,28,1,1,pre_allocation
72,9767,greenran_normal,0,0,65535_65535,2,59,5918442,42,1,1,1,6,42,28,1,1,allocated
72,9767,greenran_normal,0,0,65535_65535,2,58,5918436,32,1,1,0,5,0,26,1,1,pre_allocation
72,9767,greenran_normal,0,0,65535_65535,2,58,5918436,39,1,1,1,6,39,26,1,1,allocated
72,9767,greenran_normal,0,0,65535_65535,2,36,5918399,32,1,1,0,5,0,26,1,1,pre_allocation
72,9767,greenran_normal,0,0,65535_65535,2,36,5918399,39,1,1,1,6,39,26,1,1,allocated
72,9767,greenran_normal,0,0,65535_65535,2,61,5918346,34,1,1,0,5,0,28,1,1,pre_allocation
72,9767,greenran_normal,0,0,65535_65535,2,61,5918346,42,1,1,1,6,42,28,1,1,allocated
72,9767,greenran_normal,0,0,65535_65535,2,62,5918345,34,1,1,0,5,0,28,1,1,pre_allocation
72,9767,greenran_normal,0,0,65535_65535,2,62,5918345,42,1,1,1,6,42,28,1,1,allocated
72,9767,greenran_normal,0,0,65535_65535,2,63,5918344,34,1,1,0,5,0,28,1,1,pre_allocation
72,9767,greenran_normal,0,0,65535_65535,2,63,5918344,42,1,1,1,6,42,28,1,1,allocated
72,9767,greenran_normal,0,0,65535_65535,2,37,5918341,34,1,1,0,5,0,28,1,1,pre_allocation
72,9767,greenran_normal,0,0,65535_65535,2,37,5918341,42,1,1,1,6,42,28,1,1,allocated
72,9767,greenran_normal,0,0,65535_65535,2,39,5918344,34,1,1,0,5,0,28,1,1,pre_allocation
72,9767,greenran_normal,0,0,65535_65535,2,39,5918344,42,1,1,1,6,42,28,1,1,allocated
72,9767,greenran_normal,0,0,65535_65535,2,35,5918339,34,1,1,0,5,0,28,1,1,pre_allocation
72,9767,greenran_normal,0,0,65535_65535,2,35,5918339,42,1,1,1,6,42,28,1,1,allocated
72,9767,greenran_normal,0,0,65535_65535,2,40,5918342,34,1,1,0,5,0,28,1,1,pre_allocation
72,9767,greenran_normal,0,0,65535_65535,2,40,5918342,42,1,1,1,6,42,28,1,1,allocated
72,9767,greenran_normal,0,0,65535_65535,2,44,5918339,34,1,1,0,5,0,28,1,1,pre_allocation
72,9767,greenran_normal,0,0,65535_65535,2,44,5918339,42,1,1,1,6,42,28,1,1,allocated
72,9767,greenran_normal,0,0,65535_65535,2,41,5918342,34,1,1,0,5,0,28,1,1,pre_allocation
72,9767,greenran_normal,0,0,65535_65535,2,41,5918342,42,1,1,1,6,42,28,1,1,allocated
72,9767,greenran_normal,0,0,65535_65535,2,55,5918339,34,1,1,0,5,0,28,1,1,pre_allocation
72,9767,greenran_normal,0,0,65535_65535,2,55,5918339,42,1,1,1,6,42,28,1,1,allocated
72,9767,greenran_normal,0,0,65535_65535,2,56,5918339,34,1,1,0,5,0,28,1,1,pre_allocation
72,9767,greenran_normal,0,0,65535_65535,2,56,5918339,42,1,1,1,6,42,28,1,1,allocated
72,9767,greenran_normal,0,0,65535_65535,2,57,5918339,34,1,1,0,5,0,28,1,1,pre_allocation
72,9767,greenran_normal,0,0,65535_65535,2,57,5918339,42,1,1,1,6,42,28,1,1,allocated
72,9767,greenran_normal,0,0,65535_65535,2,38,5921180,1,1,1,0,6,0,2,1,1,pre_allocation
72,9767,greenran_normal,0,0,65535_65535,2,38,5921180,2,1,1,1,7,2,2,1,1,allocated
72,9767,greenran_normal,0,0,65535_65535,2,60,5920820,9,1,1,0,6,0,12,1,1,pre_allocation
72,9767,greenran_normal,0,0,65535_65535,2,60,5920820,11,1,1,1,7,11,12,1,1,allocated
72,9767,greenran_normal,0,0,65535_65535,2,64,5920450,4,1,1,0,6,0,8,1,1,pre_allocation
72,9767,greenran_normal,0,0,65535_65535,2,64,5920450,5,1,1,1,7,5,8,1,1,allocated
72,9767,greenran_normal,0,0,65535_65535,2,43,5919691,24,1,1,0,6,0,20,1,1,pre_allocation
72,9767,greenran_normal,0,0,65535_65535,2,43,5919691,28,1,1,1,7,28,20,1,1,allocated
72,9767,greenran_normal,0,0,65535_65535,2,42,5919010,19,1,1,0,6,0,18,1,1,pre_allocation
72,9767,greenran_normal,0,0,65535_65535,2,42,5919010,22,1,1,1,7,22,18,1,1,allocated
72,9767,greenran_normal,0,0,65535_65535,2,59,5918442,42,1,1,0,6,0,28,1,1,pre_allocation
72,9767,greenran_normal,0,0,65535_65535,2,59,5918442,50,1,1,1,7,50,28,1,1,allocated
72,9767,greenran_normal,0,0,65535_65535,2,58,5918436,39,1,1,0,6,0,26,1,1,pre_allocation
72,9767,greenran_normal,0,0,65535_65535,2,58,5918436,46,1,1,1,7,46,26,1,1,allocated
72,9767,greenran_normal,0,0,65535_65535,2,36,5918399,39,1,1,0,6,0,26,1,1,pre_allocation
72,9767,greenran_normal,0,0,65535_65535,2,36,5918399,46,1,1,1,7,46,26,1,1,allocated
72,9767,greenran_normal,0,0,65535_65535,2,61,5918346,42,1,1,0,6,0,28,1,1,pre_allocation
72,9767,greenran_normal,0,0,65535_65535,2,61,5918346,50,1,1,1,7,50,28,1,1,allocated
72,9767,greenran_normal,0,0,65535_65535,2,62,5918345,42,1,1,0,6,0,28,1,1,pre_allocation
72,9767,greenran_normal,0,0,65535_65535,2,62,5918345,50,1,1,1,7,50,28,1,1,allocated
72,9767,greenran_normal,0,0,65535_65535,2,63,5918344,42,1,1,0,6,0,28,1,1,pre_allocation
72,9767,greenran_normal,0,0,65535_65535,2,63,5918344,50,1,1,1,7,50,28,1,1,allocated
72,9767,greenran_normal,0,0,65535_65535,2,37,5918341,42,1,1,0,6,0,28,1,1,pre_allocation
72,9767,greenran_normal,0,0,65535_65535,2,37,5918341,50,1,1,1,7,50,28,1,1,allocated
72,9767,greenran_normal,0,0,65535_65535,2,39,5918344,42,1,1,0,6,0,28,1,1,pre_allocation
72,9767,greenran_normal,0,0,65535_65535,2,39,5918344,50,1,1,1,7,50,28,1,1,allocated
72,9767,greenran_normal,0,0,65535_65535,2,35,5918339,42,1,1,0,6,0,28,1,1,pre_allocation
72,9767,greenran_normal,0,0,65535_65535,2,35,5918339,50,1,1,1,7,50,28,1,1,allocated
72,9767,greenran_normal,0,0,65535_65535,2,40,5918342,42,1,1,0,6,0,28,1,1,pre_allocation
72,9767,greenran_normal,0,0,65535_65535,2,40,5918342,50,1,1,1,7,50,28,1,1,allocated
72,9767,greenran_normal,0,0,65535_65535,2,44,5918339,42,1,1,0,6,0,28,1,1,pre_allocation
72,9767,greenran_normal,0,0,65535_65535,2,44,5918339,50,1,1,1,7,50,28,1,1,allocated
72,9767,greenran_normal,0,0,65535_65535,2,41,5918342,42,1,1,0,6,0,28,1,1,pre_allocation
72,9767,greenran_normal,0,0,65535_65535,2,41,5918342,50,1,1,1,7,50,28,1,1,allocated
72,9767,greenran_normal,0,0,65535_65535,2,55,5918339,42,1,1,0,6,0,28,1,1,pre_allocation
72,9767,greenran_normal,0,0,65535_65535,2,55,5918339,50,1,1,1,7,50,28,1,1,allocated
72,9767,greenran_normal,0,0,65535_65535,2,56,5918339,42,1,1,0,6,0,28,1,1,pre_allocation
72,9767,greenran_normal,0,0,65535_65535,2,56,5918339,50,1,1,1,7,50,28,1,1,allocated
72,9767,greenran_normal,0,0,65535_65535,2,57,5918339,42,1,1,0,6,0,28,1,1,pre_allocation
72,9767,greenran_normal,0,0,65535_65535,2,57,5918339,50,1,1,1,7,50,28,1,1,allocated
72,9767,greenran_normal,0,0,65535_65535,2,38,5921180,2,1,1,0,7,0,2,1,1,pre_allocation
72,9767,greenran_normal,0,0,65535_65535,2,38,5921180,2,1,1,1,8,2,2,1,1,allocated
72,9767,greenran_normal,0,0,65535_65535,2,60,5920820,11,1,1,0,7,0,12,1,1,pre_allocation
72,9767,greenran_normal,0,0,65535_65535,2,60,5920820,13,1,1,1,8,13,12,1,1,allocated
72,9767,greenran_normal,0,0,65535_65535,2,64,5920450,5,1,1,0,7,0,8,1,1,pre_allocation
72,9767,greenran_normal,0,0,65535_65535,2,64,5920450,6,1,1,1,8,6,8,1,1,allocated
72,9767,greenran_normal,0,0,65535_65535,2,43,5919691,28,1,1,0,7,0,20,1,1,pre_allocation
72,9767,greenran_normal,0,0,65535_65535,2,43,5919691,33,1,1,1,8,33,20,1,1,allocated
72,9767,greenran_normal,0,0,65535_65535,2,42,5919010,22,1,1,0,7,0,18,1,1,pre_allocation
72,9767,greenran_normal,0,0,65535_65535,2,42,5919010,26,1,1,1,8,26,18,1,1,allocated
72,9767,greenran_normal,0,0,65535_65535,2,59,5918442,50,1,1,0,7,0,28,1,1,pre_allocation
72,9767,greenran_normal,0,0,65535_65535,2,59,5918442,57,1,1,1,8,57,28,1,1,allocated
72,9767,greenran_normal,0,0,65535_65535,2,58,5918436,46,1,1,0,7,0,26,1,1,pre_allocation
72,9767,greenran_normal,0,0,65535_65535,2,58,5918436,53,1,1,1,8,53,26,1,1,allocated
72,9767,greenran_normal,0,0,65535_65535,2,36,5918399,46,1,1,0,7,0,26,1,1,pre_allocation
72,9767,greenran_normal,0,0,65535_65535,2,36,5918399,53,1,1,1,8,53,26,1,1,allocated
72,9767,greenran_normal,0,0,65535_65535,2,61,5918346,50,1,1,0,7,0,28,1,1,pre_allocation
72,9767,greenran_normal,0,0,65535_65535,2,61,5918346,57,1,1,1,8,57,28,1,1,allocated
72,9767,greenran_normal,0,0,65535_65535,2,62,5918345,50,1,1,0,7,0,28,1,1,pre_allocation
72,9767,greenran_normal,0,0,65535_65535,2,62,5918345,57,1,1,1,8,57,28,1,1,allocated
72,9767,greenran_normal,0,0,65535_65535,2,63,5918344,50,1,1,0,7,0,28,1,1,pre_allocation
72,9767,greenran_normal,0,0,65535_65535,2,63,5918344,57,1,1,1,8,57,28,1,1,allocated
72,9767,greenran_normal,0,0,65535_65535,2,37,5918341,50,1,1,0,7,0,28,1,1,pre_allocation
72,9767,greenran_normal,0,0,65535_65535,2,37,5918341,57,1,1,1,8,57,28,1,1,allocated
72,9767,greenran_normal,0,0,65535_65535,2,39,5918344,50,1,1,0,7,0,28,1,1,pre_allocation
72,9767,greenran_normal,0,0,65535_65535,2,39,5918344,57,1,1,1,8,57,28,1,1,allocated
72,9767,greenran_normal,0,0,65535_65535,2,35,5918339,50,1,1,0,7,0,28,1,1,pre_allocation
72,9767,greenran_normal,0,0,65535_65535,2,35,5918339,57,1,1,1,8,57,28,1,1,allocated
74,10023,greenran_normal,0,0,65535_65535,0,4,190726,0,1,1,0,0,0,22,1,1,pre_allocation
74,10023,greenran_normal,0,0,65535_65535,0,4,190726,2,1,1,1,1,2,22,1,1,allocated
74,10023,greenran_normal,0,0,65535_65535,0,2,187585,0,1,1,0,0,0,28,1,1,pre_allocation
74,10023,greenran_normal,0,0,65535_65535,0,2,187585,4,1,1,1,1,4,28,1,1,allocated
74,10023,greenran_normal,0,0,65535_65535,0,3,187580,0,1,1,0,0,0,28,1,1,pre_allocation
74,10023,greenran_normal,0,0,65535_65535,0,3,187580,4,1,1,1,1,4,28,1,1,allocated
74,10023,greenran_normal,0,0,65535_65535,0,1,187582,0,1,1,0,0,0,28,1,1,pre_allocation
74,10023,greenran_normal,0,0,65535_65535,0,1,187582,4,1,1,1,1,4,28,1,1,allocated
74,10023,greenran_normal,0,0,65535_65535,0,5,187575,0,1,1,0,0,0,28,1,1,pre_allocation
74,10023,greenran_normal,0,0,65535_65535,0,5,187575,4,1,1,1,1,4,28,1,1,allocated
74,10023,greenran_normal,0,0,65535_65535,0,4,190726,2,1,1,0,1,0,22,1,1,pre_allocation
74,10023,greenran_normal,0,0,65535_65535,0,4,190726,7,1,1,1,2,7,22,1,1,allocated
74,10023,greenran_normal,0,0,65535_65535,0,2,187585,4,1,1,0,1,0,28,1,1,pre_allocation
74,10023,greenran_normal,0,0,65535_65535,0,2,187585,12,1,1,1,2,12,28,1,1,allocated
74,10023,greenran_normal,0,0,65535_65535,0,3,187580,4,1,1,0,1,0,28,1,1,pre_allocation
74,10023,greenran_normal,0,0,65535_65535,0,3,187580,12,1,1,1,2,12,28,1,1,allocated
74,10023,greenran_normal,0,0,65535_65535,0,1,187582,4,1,1,0,1,0,28,1,1,pre_allocation
74,10023,greenran_normal,0,0,65535_65535,0,1,187582,12,1,1,1,2,12,28,1,1,allocated
74,10023,greenran_normal,0,0,65535_65535,0,5,187575,4,1,1,0,1,0,28,1,1,pre_allocation
74,10023,greenran_normal,0,0,65535_65535,0,5,187575,12,1,1,1,2,12,28,1,1,allocated
74,10023,greenran_normal,0,0,65535_65535,0,4,190726,7,1,1,0,2,0,22,1,1,pre_allocation
74,10023,greenran_normal,0,0,65535_65535,0,4,190726,13,1,1,1,3,13,22,1,1,allocated
74,10023,greenran_normal,0,0,65535_65535,0,2,187585,12,1,1,0,2,0,28,1,1,pre_allocation
74,10023,greenran_normal,0,0,65535_65535,0,2,187585,19,1,1,1,3,19,28,1,1,allocated
74,10023,greenran_normal,0,0,65535_65535,0,3,187580,12,1,1,0,2,0,28,1,1,pre_allocation
74,10023,greenran_normal,0,0,65535_65535,0,3,187580,19,1,1,1,3,19,28,1,1,allocated
74,10023,greenran_normal,0,0,65535_65535,0,1,187582,12,1,1,0,2,0,28,1,1,pre_allocation
74,10023,greenran_normal,0,0,65535_65535,0,1,187582,19,1,1,1,3,19,28,1,1,allocated
74,10023,greenran_normal,0,0,65535_65535,0,5,187575,12,1,1,0,2,0,28,1,1,pre_allocation
74,10023,greenran_normal,0,0,65535_65535,0,5,187575,19,1,1,1,3,19,28,1,1,allocated
74,10023,greenran_normal,0,0,65535_65535,0,4,190726,13,1,1,0,3,0,22,1,1,pre_allocation
74,10023,greenran_normal,0,0,65535_65535,0,4,190726,18,1,1,1,4,18,22,1,1,allocated
74,10023,greenran_normal,0,0,65535_65535,0,2,187585,19,1,1,0,3,0,28,1,1,pre_allocation
74,10023,greenran_normal,0,0,65535_65535,0,2,187585,27,1,1,1,4,27,28,1,1,allocated
74,10023,greenran_normal,0,0,65535_65535,0,3,187580,19,1,1,0,3,0,28,1,1,pre_allocation
74,10023,greenran_normal,0,0,65535_65535,0,3,187580,27,1,1,1,4,27,28,1,1,allocated
74,10023,greenran_normal,0,0,65535_65535,0,1,187582,19,1,1,0,3,0,28,1,1,pre_allocation
74,10023,greenran_normal,0,0,65535_65535,0,1,187582,27,1,1,1,4,27,28,1,1,allocated
74,10023,greenran_normal,0,0,65535_65535,0,5,187575,19,1,1,0,3,0,28,1,1,pre_allocation
74,10023,greenran_normal,0,0,65535_65535,0,5,187575,27,1,1,1,4,27,28,1,1,allocated
74,10023,greenran_normal,0,0,65535_65535,0,4,190726,18,1,1,0,4,0,22,1,1,pre_allocation
74,10023,greenran_normal,0,0,65535_65535,0,4,190726,23,1,1,1,5,23,22,1,1,allocated
74,10023,greenran_normal,0,0,65535_65535,0,2,187585,27,1,1,0,4,0,28,1,1,pre_allocation
74,10023,greenran_normal,0,0,65535_65535,0,2,187585,34,1,1,1,5,34,28,1,1,allocated
74,10023,greenran_normal,0,0,65535_65535,0,3,187580,27,1,1,0,4,0,28,1,1,pre_allocation
74,10023,greenran_normal,0,0,65535_65535,0,3,187580,34,1,1,1,5,34,28,1,1,allocated
74,10023,greenran_normal,0,0,65535_65535,0,1,187582,27,1,1,0,4,0,28,1,1,pre_allocation
74,10023,greenran_normal,0,0,65535_65535,0,1,187582,34,1,1,1,5,34,28,1,1,allocated
74,10023,greenran_normal,0,0,65535_65535,0,5,187575,27,1,1,0,4,0,28,1,1,pre_allocation
74,10023,greenran_normal,0,0,65535_65535,0,5,187575,34,1,1,1,5,34,28,1,1,allocated
74,10023,greenran_normal,0,0,65535_65535,0,4,190726,23,1,1,0,5,0,22,1,1,pre_allocation
74,10023,greenran_normal,0,0,65535_65535,0,4,190726,29,1,1,1,6,29,22,1,1,allocated
74,10023,greenran_normal,0,0,65535_65535,0,2,187585,34,1,1,0,5,0,28,1,1,pre_allocation
74,10023,greenran_normal,0,0,65535_65535,0,2,187585,42,1,1,1,6,42,28,1,1,allocated
74,10023,greenran_normal,0,0,65535_65535,0,3,187580,34,1,1,0,5,0,28,1,1,pre_allocation
74,10023,greenran_normal,0,0,65535_65535,0,3,187580,42,1,1,1,6,42,28,1,1,allocated
74,10023,greenran_normal,0,0,65535_65535,0,1,187582,34,1,1,0,5,0,28,1,1,pre_allocation
74,10023,greenran_normal,0,0,65535_65535,0,1,187582,42,1,1,1,6,42,28,1,1,allocated
74,10023,greenran_normal,0,0,65535_65535,0,5,187575,34,1,1,0,5,0,28,1,1,pre_allocation
74,10023,greenran_normal,0,0,65535_65535,0,5,187575,42,1,1,1,6,42,28,1,1,allocated
74,10023,greenran_normal,0,0,65535_65535,0,4,190726,29,1,1,0,6,0,22,1,1,pre_allocation
74,10023,greenran_normal,0,0,65535_65535,0,4,190726,34,1,1,1,7,34,22,1,1,allocated
74,10023,greenran_normal,0,0,65535_65535,0,2,187585,42,1,1,0,6,0,28,1,1,pre_allocation
74,10023,greenran_normal,0,0,65535_65535,0,2,187585,50,1,1,1,7,50,28,1,1,allocated
74,10023,greenran_normal,0,0,65535_65535,0,3,187580,42,1,1,0,6,0,28,1,1,pre_allocation
74,10023,greenran_normal,0,0,65535_65535,0,3,187580,50,1,1,1,7,50,28,1,1,allocated
74,10023,greenran_normal,0,0,65535_65535,0,1,187582,42,1,1,0,6,0,28,1,1,pre_allocation
74,10023,greenran_normal,0,0,65535_65535,0,1,187582,50,1,1,1,7,50,28,1,1,allocated
74,10023,greenran_normal,0,0,65535_65535,0,5,187575,42,1,1,0,6,0,28,1,1,pre_allocation
74,10023,greenran_normal,0,0,65535_65535,0,5,187575,50,1,1,1,7,50,28,1,1,allocated
74,10023,greenran_normal,0,0,65535_65535,0,4,190726,34,1,1,0,7,0,22,1,1,pre_allocation
74,10023,greenran_normal,0,0,65535_65535,0,4,190726,39,1,1,1,8,39,22,1,1,allocated
74,10023,greenran_normal,0,0,65535_65535,0,2,187585,50,1,1,0,7,0,28,1,1,pre_allocation
74,10023,greenran_normal,0,0,65535_65535,0,2,187585,57,1,1,1,8,57,28,1,1,allocated
74,10023,greenran_normal,0,0,65535_65535,0,3,187580,50,1,1,0,7,0,28,1,1,pre_allocation
74,10023,greenran_normal,0,0,65535_65535,0,3,187580,57,1,1,1,8,57,28,1,1,allocated
74,10023,greenran_normal,0,0,65535_65535,0,1,187582,50,1,1,0,7,0,28,1,1,pre_allocation
74,10023,greenran_normal,0,0,65535_65535,0,1,187582,57,1,1,1,8,57,28,1,1,allocated
74,10023,greenran_normal,0,0,65535_65535,0,5,187575,50,1,1,0,7,0,28,1,1,pre_allocation
74,10023,greenran_normal,0,0,65535_65535,0,5,187575,57,1,1,1,8,57,28,1,1,allocated
74,10023,greenran_normal,0,0,65535_65535,0,4,190726,39,1,1,0,8,0,22,1,1,pre_allocation
74,10023,greenran_normal,0,0,65535_65535,0,4,190726,45,1,1,1,9,45,22,1,1,allocated
74,10023,greenran_normal,0,0,65535_65535,0,2,187585,57,1,1,0,8,0,28,1,1,pre_allocation
74,10023,greenran_normal,0,0,65535_65535,0,2,187585,65,1,1,1,9,65,28,1,1,allocated
74,10023,greenran_normal,0,0,65535_65535,0,3,187580,57,1,1,0,8,0,28,1,1,pre_allocation
74,10023,greenran_normal,0,0,65535_65535,0,3,187580,65,1,1,1,9,65,28,1,1,allocated
74,10023,greenran_normal,0,0,65535_65535,0,1,187582,57,1,1,0,8,0,28,1,1,pre_allocation
74,10023,greenran_normal,0,0,65535_65535,0,1,187582,65,1,1,1,9,65,28,1,1,allocated
74,10023,greenran_normal,0,0,65535_65535,0,5,187575,57,1,1,0,8,0,28,1,1,pre_allocation
74,10023,greenran_normal,0,0,65535_65535,0,5,187575,65,1,1,1,9,65,28,1,1,allocated
74,10023,greenran_normal,0,0,65535_65535,0,4,190726,45,1,1,0,9,0,22,1,1,pre_allocation
74,10023,greenran_normal,0,0,65535_65535,0,4,190726,50,1,1,1,10,50,22,1,1,allocated
74,10023,greenran_normal,0,0,65535_65535,0,2,187585,65,1,1,0,9,0,28,1,1,pre_allocation
74,10023,greenran_normal,0,0,65535_65535,0,2,187585,72,1,1,1,10,72,28,1,1,allocated
74,10023,greenran_normal,0,0,65535_65535,0,3,187580,65,1,1,0,9,0,28,1,1,pre_allocation
74,10023,greenran_normal,0,0,65535_65535,0,3,187580,72,1,1,1,10,72,28,1,1,allocated
74,10023,greenran_normal,0,0,65535_65535,0,1,187582,65,1,1,0,9,0,28,1,1,pre_allocation
74,10023,greenran_normal,0,0,65535_65535,0,1,187582,72,1,1,1,10,72,28,1,1,allocated
74,10023,greenran_normal,0,0,65535_65535,0,5,187575,65,1,1,0,9,0,28,1,1,pre_allocation
74,10023,greenran_normal,0,0,65535_65535,0,5,187575,72,1,1,1,10,72,28,1,1,allocated
74,10023,greenran_normal,0,0,65535_65535,0,4,190726,50,1,1,0,10,0,22,1,1,pre_allocation
74,10023,greenran_normal,0,0,65535_65535,0,4,190726,55,1,1,1,11,55,22,1,1,allocated
74,10023,greenran_normal,0,0,65535_65535,0,2,187585,72,1,1,0,10,0,28,1,1,pre_allocation
74,10023,greenran_normal,0,0,65535_65535,0,2,187585,80,1,1,1,11,80,28,1,1,allocated
74,10023,greenran_normal,0,0,65535_65535,0,3,187580,72,1,1,0,10,0,28,1,1,pre_allocation
74,10023,greenran_normal,0,0,65535_65535,0,3,187580,80,1,1,1,11,80,28,1,1,allocated
74,10023,greenran_normal,0,0,65535_65535,0,1,187582,72,1,1,0,10,0,28,1,1,pre_allocation
74,10023,greenran_normal,0,0,65535_65535,0,1,187582,80,1,1,1,11,80,28,1,1,allocated
74,10023,greenran_normal,0,0,65535_65535,0,5,187575,72,1,1,0,10,0,28,1,1,pre_allocation
74,10023,greenran_normal,0,0,65535_65535,0,5,187575,80,1,1,1,11,80,28,1,1,allocated
74,10023,greenran_normal,0,0,65535_65535,0,4,190726,55,1,1,0,11,0,22,1,1,pre_allocation
74,10023,greenran_normal,0,0,65535_65535,0,4,190726,61,1,1,1,12,61,22,1,1,allocated
74,10023,greenran_normal,0,0,65535_65535,0,2,187585,80,1,1,0,11,0,28,1,1,pre_allocation
74,10023,greenran_normal,0,0,65535_65535,0,2,187585,88,1,1,1,12,88,28,1,1,allocated
74,10023,greenran_normal,0,0,65535_65535,0,3,187580,80,1,1,0,11,0,28,1,1,pre_allocation
74,10023,greenran_normal,0,0,65535_65535,0,3,187580,88,1,1,1,12,88,28,1,1,allocated
74,10023,greenran_normal,0,0,65535_65535,0,1,187582,80,1,1,0,11,0,28,1,1,pre_allocation
74,10023,greenran_normal,0,0,65535_65535,0,1,187582,88,1,1,1,12,88,28,1,1,allocated
74,10023,greenran_normal,0,0,65535_65535,0,5,187575,80,1,1,0,11,0,28,1,1,pre_allocation
74,10023,greenran_normal,0,0,65535_65535,0,5,187575,88,1,1,1,12,88,28,1,1,allocated
74,10023,greenran_normal,0,0,65535_65535,0,4,190726,61,1,1,0,12,0,22,1,1,pre_allocation
74,10023,greenran_normal,0,0,65535_65535,0,4,190726,66,1,1,1,13,66,22,1,1,allocated
74,10023,greenran_normal,0,0,65535_65535,0,2,187585,88,1,1,0,12,0,28,1,1,pre_allocation
74,10023,greenran_normal,0,0,65535_65535,0,2,187585,95,1,1,1,13,95,28,1,1,allocated
74,10023,greenran_normal,0,0,65535_65535,0,3,187580,88,1,1,0,12,0,28,1,1,pre_allocation
74,10023,greenran_normal,0,0,65535_65535,0,3,187580,95,1,1,1,13,95,28,1,1,allocated
74,10023,greenran_normal,0,0,65535_65535,0,1,187582,88,1,1,0,12,0,28,1,1,pre_allocation
74,10023,greenran_normal,0,0,65535_65535,0,1,187582,95,1,1,1,13,95,28,1,1,allocated
74,10023,greenran_normal,0,0,65535_65535,0,5,187575,88,1,1,0,12,0,28,1,1,pre_allocation
74,10023,greenran_normal,0,0,65535_65535,0,5,187575,95,1,1,1,13,95,28,1,1,allocated
74,10023,greenran_normal,0,0,65535_65535,0,4,190726,66,1,1,0,13,0,22,1,1,pre_allocation
74,10023,greenran_normal,0,0,65535_65535,0,4,190726,72,1,1,1,14,72,22,1,1,allocated
74,10023,greenran_normal,0,0,65535_65535,0,2,187585,95,1,1,0,13,0,28,1,1,pre_allocation
74,10023,greenran_normal,0,0,65535_65535,0,2,187585,103,1,1,1,14,103,28,1,1,allocated
74,10023,greenran_normal,0,0,65535_65535,0,3,187580,95,1,1,0,13,0,28,1,1,pre_allocation
74,10023,greenran_normal,0,0,65535_65535,0,3,187580,103,1,1,1,14,103,28,1,1,allocated
74,10023,greenran_normal,0,0,65535_65535,0,1,187582,95,1,1,0,13,0,28,1,1,pre_allocation
74,10023,greenran_normal,0,0,65535_65535,0,1,187582,103,1,1,1,14,103,28,1,1,allocated
74,10023,greenran_normal,0,0,65535_65535,0,5,187575,95,1,1,0,13,0,28,1,1,pre_allocation
74,10023,greenran_normal,0,0,65535_65535,0,5,187575,103,1,1,1,14,103,28,1,1,allocated
74,10023,greenran_normal,0,0,65535_65535,0,4,190726,72,1,1,0,14,0,22,1,1,pre_allocation
74,10023,greenran_normal,0,0,65535_65535,0,4,190726,77,1,1,1,15,77,22,1,1,allocated
74,10023,greenran_normal,0,0,65535_65535,0,2,187585,103,1,1,0,14,0,28,1,1,pre_allocation
74,10023,greenran_normal,0,0,65535_65535,0,2,187585,110,1,1,1,15,110,28,1,1,allocated
74,10023,greenran_normal,0,0,65535_65535,0,3,187580,103,1,1,0,14,0,28,1,1,pre_allocation
74,10023,greenran_normal,0,0,65535_65535,0,3,187580,110,1,1,1,15,110,28,1,1,allocated
74,10023,greenran_normal,0,0,65535_65535,0,1,187582,103,1,1,0,14,0,28,1,1,pre_allocation
74,10023,greenran_normal,0,0,65535_65535,0,1,187582,110,1,1,1,15,110,28,1,1,allocated
74,10023,greenran_normal,0,0,65535_65535,0,5,187575,103,1,1,0,14,0,28,1,1,pre_allocation
74,10023,greenran_normal,0,0,65535_65535,0,5,187575,110,1,1,1,15,110,28,1,1,allocated
74,10023,greenran_normal,0,0,65535_65535,0,4,190726,77,1,1,0,15,0,22,1,1,pre_allocation
74,10023,greenran_normal,0,0,65535_65535,0,4,190726,82,1,1,1,16,82,22,1,1,allocated
74,10023,greenran_normal,0,0,65535_65535,0,2,187585,110,1,1,0,15,0,28,1,1,pre_allocation
74,10023,greenran_normal,0,0,65535_65535,0,2,187585,118,1,1,1,16,118,28,1,1,allocated
74,10023,greenran_normal,0,0,65535_65535,0,3,187580,110,1,1,0,15,0,28,1,1,pre_allocation
74,10023,greenran_normal,0,0,65535_65535,0,3,187580,118,1,1,1,16,118,28,1,1,allocated
74,10023,greenran_normal,0,0,65535_65535,0,1,187582,110,1,1,0,15,0,28,1,1,pre_allocation
74,10023,greenran_normal,0,0,65535_65535,0,1,187582,118,1,1,1,16,118,28,1,1,allocated
74,10023,greenran_normal,0,0,65535_65535,0,5,187575,110,1,1,0,15,0,28,1,1,pre_allocation
74,10023,greenran_normal,0,0,65535_65535,0,5,187575,118,1,1,1,16,118,28,1,1,allocated
74,10023,greenran_normal,0,0,65535_65535,0,4,190726,82,1,1,0,16,0,22,1,1,pre_allocation
74,10023,greenran_normal,0,0,65535_65535,0,4,190726,88,1,1,1,17,88,22,1,1,allocated
74,10023,greenran_normal,0,0,65535_65535,0,2,187585,118,1,1,0,16,0,28,1,1,pre_allocation
74,10023,greenran_normal,0,0,65535_65535,0,2,187585,126,1,1,1,17,126,28,1,1,allocated
74,10023,greenran_normal,0,0,65535_65535,0,3,187580,118,1,1,0,16,0,28,1,1,pre_allocation
74,10023,greenran_normal,0,0,65535_65535,0,3,187580,126,1,1,1,17,126,28,1,1,allocated
74,10023,greenran_normal,0,0,65535_65535,0,1,187582,118,1,1,0,16,0,28,1,1,pre_allocation
74,10023,greenran_normal,0,0,65535_65535,0,1,187582,126,1,1,1,17,126,28,1,1,allocated
74,10023,greenran_normal,0,0,65535_65535,0,5,187575,118,1,1,0,16,0,28,1,1,pre_allocation
74,10023,greenran_normal,0,0,65535_65535,0,5,187575,126,1,1,1,17,126,28,1,1,allocated
74,10023,greenran_normal,0,0,65535_65535,0,4,190726,88,1,1,0,17,0,22,1,1,pre_allocation
74,10023,greenran_normal,0,0,65535_65535,0,4,190726,93,1,1,1,18,93,22,1,1,allocated
74,10023,greenran_normal,0,0,65535_65535,0,2,187585,126,1,1,0,17,0,28,1,1,pre_allocation
74,10023,greenran_normal,0,0,65535_65535,0,2,187585,133,1,1,1,18,133,28,1,1,allocated
74,10023,greenran_normal,0,0,65535_65535,0,3,187580,126,1,1,0,17,0,28,1,1,pre_allocation
74,10023,greenran_normal,0,0,65535_65535,0,3,187580,133,1,1,1,18,133,28,1,1,allocated
74,10023,greenran_normal,0,0,65535_65535,0,1,187582,126,1,1,0,17,0,28,1,1,pre_allocation
74,10023,greenran_normal,0,0,65535_65535,0,1,187582,133,1,1,1,18,133,28,1,1,allocated
74,10023,greenran_normal,0,0,65535_65535,0,5,187575,126,1,1,0,17,0,28,1,1,pre_allocation
74,10023,greenran_normal,0,0,65535_65535,0,5,187575,133,1,1,1,18,133,28,1,1,allocated
74,10023,greenran_normal,0,0,65535_65535,0,4,190726,93,1,1,0,18,0,22,1,1,pre_allocation
74,10023,greenran_normal,0,0,65535_65535,0,4,190726,98,1,1,1,19,98,22,1,1,allocated
74,10023,greenran_normal,0,0,65535_65535,0,2,187585,133,1,1,0,18,0,28,1,1,pre_allocation
74,10023,greenran_normal,0,0,65535_65535,0,2,187585,141,1,1,1,19,141,28,1,1,allocated
74,10023,greenran_normal,0,0,65535_65535,0,3,187580,133,1,1,0,18,0,28,1,1,pre_allocation
74,10023,greenran_normal,0,0,65535_65535,0,3,187580,141,1,1,1,19,141,28,1,1,allocated
74,10023,greenran_normal,0,0,65535_65535,0,1,187582,133,1,1,0,18,0,28,1,1,pre_allocation
74,10023,greenran_normal,0,0,65535_65535,0,1,187582,141,1,1,1,19,141,28,1,1,allocated
74,10023,greenran_normal,0,0,65535_65535,0,5,187575,133,1,1,0,18,0,28,1,1,pre_allocation
74,10023,greenran_normal,0,0,65535_65535,0,5,187575,141,1,1,1,19,141,28,1,1,allocated
74,10023,greenran_normal,0,0,65535_65535,0,4,190726,98,1,1,0,19,0,22,1,1,pre_allocation
74,10023,greenran_normal,0,0,65535_65535,0,4,190726,104,1,1,1,20,104,22,1,1,allocated
74,10023,greenran_normal,0,0,65535_65535,0,2,187585,141,1,1,0,19,0,28,1,1,pre_allocation
74,10023,greenran_normal,0,0,65535_65535,0,2,187585,148,1,1,1,20,148,28,1,1,allocated
74,10023,greenran_normal,0,0,65535_65535,0,3,187580,141,1,1,0,19,0,28,1,1,pre_allocation
74,10023,greenran_normal,0,0,65535_65535,0,3,187580,148,1,1,1,20,148,28,1,1,allocated
74,10023,greenran_normal,0,0,65535_65535,0,1,187582,141,1,1,0,19,0,28,1,1,pre_allocation
74,10023,greenran_normal,0,0,65535_65535,0,1,187582,148,1,1,1,20,148,28,1,1,allocated
74,10023,greenran_normal,0,0,65535_65535,0,5,187575,141,1,1,0,19,0,28,1,1,pre_allocation
74,10023,greenran_normal,0,0,65535_65535,0,5,187575,148,1,1,1,20,148,28,1,1,allocated
74,10023,greenran_normal,0,0,65535_65535,0,4,190726,104,1,1,0,20,0,22,1,1,pre_allocation
74,10023,greenran_normal,0,0,65535_65535,0,4,190726,109,1,1,1,21,109,22,1,1,allocated
74,10023,greenran_normal,0,0,65535_65535,0,2,187585,148,1,1,0,20,0,28,1,1,pre_allocation
74,10023,greenran_normal,0,0,65535_65535,0,2,187585,156,1,1,1,21,156,28,1,1,allocated
74,10023,greenran_normal,0,0,65535_65535,0,3,187580,148,1,1,0,20,0,28,1,1,pre_allocation
74,10023,greenran_normal,0,0,65535_65535,0,3,187580,156,1,1,1,21,156,28,1,1,allocated
74,10023,greenran_normal,0,0,65535_65535,0,1,187582,148,1,1,0,20,0,28,1,1,pre_allocation
74,10023,greenran_normal,0,0,65535_65535,0,1,187582,156,1,1,1,21,156,28,1,1,allocated
74,10023,greenran_normal,0,0,65535_65535,0,5,187575,148,1,1,0,20,0,28,1,1,pre_allocation
74,10023,greenran_normal,0,0,65535_65535,0,5,187575,156,1,1,1,21,156,28,1,1,allocated
74,10023,greenran_normal,0,0,65535_65535,0,4,190726,109,1,1,0,21,0,22,1,1,pre_allocation
74,10023,greenran_normal,0,0,65535_65535,0,4,190726,114,1,1,1,22,114,22,1,1,allocated
74,10023,greenran_normal,0,0,65535_65535,0,2,187585,156,1,1,0,21,0,28,1,1,pre_allocation
74,10023,greenran_normal,0,0,65535_65535,0,2,187585,163,1,1,1,22,163,28,1,1,allocated
74,10023,greenran_normal,0,0,65535_65535,0,3,187580,156,1,1,0,21,0,28,1,1,pre_allocation
74,10023,greenran_normal,0,0,65535_65535,0,3,187580,163,1,1,1,22,163,28,1,1,allocated
74,10023,greenran_normal,0,0,65535_65535,0,1,187582,156,1,1,0,21,0,28,1,1,pre_allocation
74,10023,greenran_normal,0,0,65535_65535,0,1,187582,163,1,1,1,22,163,28,1,1,allocated
74,10023,greenran_normal,0,0,65535_65535,0,5,187575,156,1,1,0,21,0,28,1,1,pre_allocation
74,10023,greenran_normal,0,0,65535_65535,0,5,187575,163,1,1,1,22,163,28,1,1,allocated
74,10023,greenran_normal,0,0,65535_65535,0,4,190726,114,1,1,0,22,0,22,1,1,pre_allocation
74,10023,greenran_normal,0,0,65535_65535,0,4,190726,120,1,1,1,23,120,22,1,1,allocated
74,10023,greenran_normal,0,0,65535_65535,0,2,187585,163,1,1,0,22,0,28,1,1,pre_allocation
74,10023,greenran_normal,0,0,65535_65535,0,2,187585,171,1,1,1,23,171,28,1,1,allocated
74,10023,greenran_normal,0,0,65535_65535,0,3,187580,163,1,1,0,22,0,28,1,1,pre_allocation
74,10023,greenran_normal,0,0,65535_65535,0,3,187580,171,1,1,1,23,171,28,1,1,allocated
74,10023,greenran_normal,0,0,65535_65535,0,1,187582,163,1,1,0,22,0,28,1,1,pre_allocation
74,10023,greenran_normal,0,0,65535_65535,0,1,187582,171,1,1,1,23,171,28,1,1,allocated
74,10023,greenran_normal,0,0,65535_65535,0,5,187575,163,1,1,0,22,0,28,1,1,pre_allocation
74,10023,greenran_normal,0,0,65535_65535,0,5,187575,171,1,1,1,23,171,28,1,1,allocated
74,10023,greenran_normal,0,0,65535_65535,0,4,190726,120,1,1,0,23,0,22,1,1,pre_allocation
74,10023,greenran_normal,0,0,65535_65535,0,4,190726,125,1,1,1,24,125,22,1,1,allocated
74,10023,greenran_normal,0,0,65535_65535,0,2,187585,171,1,1,0,23,0,28,1,1,pre_allocation
74,10023,greenran_normal,0,0,65535_65535,0,2,187585,179,1,1,1,24,179,28,1,1,allocated
74,10023,greenran_normal,0,0,65535_65535,0,3,187580,171,1,1,0,23,0,28,1,1,pre_allocation
74,10023,greenran_normal,0,0,65535_65535,0,3,187580,179,1,1,1,24,179,28,1,1,allocated
74,10023,greenran_normal,0,0,65535_65535,0,1,187582,171,1,1,0,23,0,28,1,1,pre_allocation
74,10023,greenran_normal,0,0,65535_65535,0,1,187582,179,1,1,1,24,179,28,1,1,allocated
74,10023,greenran_normal,0,0,65535_65535,0,5,187575,171,1,1,0,23,0,28,1,1,pre_allocation
74,10023,greenran_normal,0,0,65535_65535,0,5,187575,179,1,1,1,24,179,28,1,1,allocated
74,10023,greenran_normal,0,0,65535_65535,0,4,190726,125,1,1,0,24,0,22,1,1,pre_allocation
74,10023,greenran_normal,0,0,65535_65535,0,4,190726,131,1,1,1,25,131,22,1,1,allocated
74,10023,greenran_normal,0,0,65535_65535,0,2,187585,179,1,1,0,24,0,28,1,1,pre_allocation
74,10023,greenran_normal,0,0,65535_65535,0,2,187585,186,1,1,1,25,186,28,1,1,allocated
74,10023,greenran_normal,0,0,65535_65535,0,3,187580,179,1,1,0,24,0,28,1,1,pre_allocation
74,10023,greenran_normal,0,0,65535_65535,0,3,187580,186,1,1,1,25,186,28,1,1,allocated
74,10023,greenran_normal,0,0,65535_65535,0,1,187582,179,1,1,0,24,0,28,1,1,pre_allocation
74,10023,greenran_normal,0,0,65535_65535,0,1,187582,186,1,1,1,25,186,28,1,1,allocated
74,10023,greenran_normal,0,0,65535_65535,0,5,187575,179,1,1,0,24,0,28,1,1,pre_allocation
74,10023,greenran_normal,0,0,65535_65535,0,5,187575,186,1,1,1,25,186,28,1,1,allocated
74,10023,greenran_normal,0,0,65535_65535,0,4,190726,131,1,1,0,25,0,22,1,1,pre_allocation
74,10023,greenran_normal,0,0,65535_65535,0,4,190726,136,1,1,1,26,136,22,1,1,allocated
74,10023,greenran_normal,0,0,65535_65535,0,2,187585,186,1,1,0,25,0,28,1,1,pre_allocation
74,10023,greenran_normal,0,0,65535_65535,0,2,187585,194,1,1,1,26,194,28,1,1,allocated
74,10023,greenran_normal,0,0,65535_65535,0,3,187580,186,1,1,0,25,0,28,1,1,pre_allocation
74,10023,greenran_normal,0,0,65535_65535,0,3,187580,194,1,1,1,26,194,28,1,1,allocated
74,10023,greenran_normal,0,0,65535_65535,0,1,187582,186,1,1,0,25,0,28,1,1,pre_allocation
74,10023,greenran_normal,0,0,65535_65535,0,1,187582,194,1,1,1,26,194,28,1,1,allocated
74,10023,greenran_normal,0,0,65535_65535,0,5,187575,186,1,1,0,25,0,28,1,1,pre_allocation
74,10023,greenran_normal,0,0,65535_65535,0,5,187575,194,1,1,1,26,194,28,1,1,allocated
74,10023,greenran_normal,0,0,65535_65535,2,38,6084428,0,1,1,0,0,0,2,1,1,pre_allocation
74,10023,greenran_normal,0,0,65535_65535,2,38,6084428,0,1,1,1,1,0,2,1,1,allocated
74,10023,greenran_normal,0,0,65535_65535,2,60,6084048,0,1,1,0,0,0,12,1,1,pre_allocation
74,10023,greenran_normal,0,0,65535_65535,2,60,6084048,2,1,1,1,1,2,12,1,1,allocated
74,10023,greenran_normal,0,0,65535_65535,2,64,6083698,0,1,1,0,0,0,8,1,1,pre_allocation
74,10023,greenran_normal,0,0,65535_65535,2,64,6083698,1,1,1,1,1,1,8,1,1,allocated
74,10023,greenran_normal,0,0,65535_65535,2,43,6082866,0,1,1,0,0,0,22,1,1,pre_allocation
74,10023,greenran_normal,0,0,65535_65535,2,43,6082866,2,1,1,1,1,2,22,1,1,allocated
74,10023,greenran_normal,0,0,65535_65535,2,42,6082192,0,1,1,0,0,0,20,1,1,pre_allocation
74,10023,greenran_normal,0,0,65535_65535,2,42,6082192,1,1,1,1,1,1,20,1,1,allocated
74,10023,greenran_normal,0,0,65535_65535,2,59,6081576,0,1,1,0,0,0,28,1,1,pre_allocation
74,10023,greenran_normal,0,0,65535_65535,2,59,6081576,4,1,1,1,1,4,28,1,1,allocated
74,10023,greenran_normal,0,0,65535_65535,2,58,6081574,0,1,1,0,0,0,26,1,1,pre_allocation
74,10023,greenran_normal,0,0,65535_65535,2,58,6081574,4,1,1,1,1,4,26,1,1,allocated
74,10023,greenran_normal,0,0,65535_65535,2,36,6081546,0,1,1,0,0,0,24,1,1,pre_allocation
74,10023,greenran_normal,0,0,65535_65535,2,36,6081546,3,1,1,1,1,3,24,1,1,allocated
74,10023,greenran_normal,0,0,65535_65535,2,61,6081482,0,1,1,0,0,0,28,1,1,pre_allocation
74,10023,greenran_normal,0,0,65535_65535,2,61,6081482,4,1,1,1,1,4,28,1,1,allocated
74,10023,greenran_normal,0,0,65535_65535,2,62,6081481,0,1,1,0,0,0,28,1,1,pre_allocation
74,10023,greenran_normal,0,0,65535_65535,2,62,6081481,4,1,1,1,1,4,28,1,1,allocated
74,10023,greenran_normal,0,0,65535_65535,2,63,6081480,0,1,1,0,0,0,28,1,1,pre_allocation
74,10023,greenran_normal,0,0,65535_65535,2,63,6081480,4,1,1,1,1,4,28,1,1,allocated
74,10023,greenran_normal,0,0,65535_65535,2,37,6081477,0,1,1,0,0,0,28,1,1,pre_allocation
74,10023,greenran_normal,0,0,65535_65535,2,37,6081477,4,1,1,1,1,4,28,1,1,allocated
74,10023,greenran_normal,0,0,65535_65535,2,39,6081480,0,1,1,0,0,0,28,1,1,pre_allocation
74,10023,greenran_normal,0,0,65535_65535,2,39,6081480,4,1,1,1,1,4,28,1,1,allocated
74,10023,greenran_normal,0,0,65535_65535,2,35,6081475,0,1,1,0,0,0,28,1,1,pre_allocation
74,10023,greenran_normal,0,0,65535_65535,2,35,6081475,4,1,1,1,1,4,28,1,1,allocated
74,10023,greenran_normal,0,0,65535_65535,2,40,6081478,0,1,1,0,0,0,28,1,1,pre_allocation
74,10023,greenran_normal,0,0,65535_65535,2,40,6081478,4,1,1,1,1,4,28,1,1,allocated
74,10023,greenran_normal,0,0,65535_65535,2,44,6081475,0,1,1,0,0,0,28,1,1,pre_allocation
74,10023,greenran_normal,0,0,65535_65535,2,44,6081475,4,1,1,1,1,4,28,1,1,allocated
74,10023,greenran_normal,0,0,65535_65535,2,41,6081478,0,1,1,0,0,0,28,1,1,pre_allocation
74,10023,greenran_normal,0,0,65535_65535,2,41,6081478,4,1,1,1,1,4,28,1,1,allocated
74,10023,greenran_normal,0,0,65535_65535,2,55,6081475,0,1,1,0,0,0,28,1,1,pre_allocation
74,10023,greenran_normal,0,0,65535_65535,2,55,6081475,4,1,1,1,1,4,28,1,1,allocated
74,10023,greenran_normal,0,0,65535_65535,2,56,6081475,0,1,1,0,0,0,28,1,1,pre_allocation
74,10023,greenran_normal,0,0,65535_65535,2,56,6081475,4,1,1,1,1,4,28,1,1,allocated
74,10023,greenran_normal,0,0,65535_65535,2,57,6081475,0,1,1,0,0,0,28,1,1,pre_allocation
74,10023,greenran_normal,0,0,65535_65535,2,57,6081475,4,1,1,1,1,4,28,1,1,allocated
74,10023,greenran_normal,0,0,65535_65535,2,38,6084428,0,1,1,0,1,0,2,1,1,pre_allocation
74,10023,greenran_normal,0,0,65535_65535,2,38,6084428,0,1,1,1,2,0,2,1,1,allocated
74,10023,greenran_normal,0,0,65535_65535,2,60,6084048,2,1,1,0,1,0,12,1,1,pre_allocation
74,10023,greenran_normal,0,0,65535_65535,2,60,6084048,1,1,1,1,2,1,12,1,1,allocated
74,10023,greenran_normal,0,0,65535_65535,2,64,6083698,1,1,1,0,1,0,8,1,1,pre_allocation
74,10023,greenran_normal,0,0,65535_65535,2,64,6083698,2,1,1,1,2,2,8,1,1,allocated
74,10023,greenran_normal,0,0,65535_65535,2,43,6082866,2,1,1,0,1,0,22,1,1,pre_allocation
74,10023,greenran_normal,0,0,65535_65535,2,43,6082866,7,1,1,1,2,7,22,1,1,allocated
74,10023,greenran_normal,0,0,65535_65535,2,42,6082192,1,1,1,0,1,0,20,1,1,pre_allocation
74,10023,greenran_normal,0,0,65535_65535,2,42,6082192,6,1,1,1,2,6,20,1,1,allocated
74,10023,greenran_normal,0,0,65535_65535,2,59,6081576,4,1,1,0,1,0,28,1,1,pre_allocation
74,10023,greenran_normal,0,0,65535_65535,2,59,6081576,12,1,1,1,2,12,28,1,1,allocated
74,10023,greenran_normal,0,0,65535_65535,2,58,6081574,4,1,1,0,1,0,26,1,1,pre_allocation
74,10023,greenran_normal,0,0,65535_65535,2,58,6081574,11,1,1,1,2,11,26,1,1,allocated
74,10023,greenran_normal,0,0,65535_65535,2,36,6081546,3,1,1,0,1,0,24,1,1,pre_allocation
74,10023,greenran_normal,0,0,65535_65535,2,36,6081546,9,1,1,1,2,9,24,1,1,allocated
74,10023,greenran_normal,0,0,65535_65535,2,61,6081482,4,1,1,0,1,0,28,1,1,pre_allocation
74,10023,greenran_normal,0,0,65535_65535,2,61,6081482,12,1,1,1,2,12,28,1,1,allocated
74,10023,greenran_normal,0,0,65535_65535,2,62,6081481,4,1,1,0,1,0,28,1,1,pre_allocation
74,10023,greenran_normal,0,0,65535_65535,2,62,6081481,12,1,1,1,2,12,28,1,1,allocated
74,10023,greenran_normal,0,0,65535_65535,2,63,6081480,4,1,1,0,1,0,28,1,1,pre_allocation
74,10023,greenran_normal,0,0,65535_65535,2,63,6081480,12,1,1,1,2,12,28,1,1,allocated
74,10023,greenran_normal,0,0,65535_65535,2,37,6081477,4,1,1,0,1,0,28,1,1,pre_allocation
74,10023,greenran_normal,0,0,65535_65535,2,37,6081477,12,1,1,1,2,12,28,1,1,allocated
74,10023,greenran_normal,0,0,65535_65535,2,39,6081480,4,1,1,0,1,0,28,1,1,pre_allocation
74,10023,greenran_normal,0,0,65535_65535,2,39,6081480,12,1,1,1,2,12,28,1,1,allocated
74,10023,greenran_normal,0,0,65535_65535,2,35,6081475,4,1,1,0,1,0,28,1,1,pre_allocation
74,10023,greenran_normal,0,0,65535_65535,2,35,6081475,12,1,1,1,2,12,28,1,1,allocated
74,10023,greenran_normal,0,0,65535_65535,2,40,6081478,4,1,1,0,1,0,28,1,1,pre_allocation
74,10023,greenran_normal,0,0,65535_65535,2,40,6081478,12,1,1,1,2,12,28,1,1,allocated
74,10023,greenran_normal,0,0,65535_65535,2,44,6081475,4,1,1,0,1,0,28,1,1,pre_allocation
74,10023,greenran_normal,0,0,65535_65535,2,44,6081475,12,1,1,1,2,12,28,1,1,allocated
74,10023,greenran_normal,0,0,65535_65535,2,41,6081478,4,1,1,0,1,0,28,1,1,pre_allocation
74,10023,greenran_normal,0,0,65535_65535,2,41,6081478,12,1,1,1,2,12,28,1,1,allocated
74,10023,greenran_normal,0,0,65535_65535,2,55,6081475,4,1,1,0,1,0,28,1,1,pre_allocation
74,10023,greenran_normal,0,0,65535_65535,2,55,6081475,12,1,1,1,2,12,28,1,1,allocated
74,10023,greenran_normal,0,0,65535_65535,2,56,6081475,4,1,1,0,1,0,28,1,1,pre_allocation
74,10023,greenran_normal,0,0,65535_65535,2,56,6081475,12,1,1,1,2,12,28,1,1,allocated
74,10023,greenran_normal,0,0,65535_65535,2,57,6081475,4,1,1,0,1,0,28,1,1,pre_allocation
74,10023,greenran_normal,0,0,65535_65535,2,57,6081475,12,1,1,1,2,12,28,1,1,allocated
74,10023,greenran_normal,0,0,65535_65535,2,38,6084428,0,1,1,0,2,0,2,1,1,pre_allocation
74,10023,greenran_normal,0,0,65535_65535,2,38,6084428,0,1,1,1,3,0,2,1,1,allocated
74,10023,greenran_normal,0,0,65535_65535,2,60,6084048,1,1,1,0,2,0,12,1,1,pre_allocation
74,10023,greenran_normal,0,0,65535_65535,2,60,6084048,3,1,1,1,3,3,12,1,1,allocated
74,10023,greenran_normal,0,0,65535_65535,2,64,6083698,2,1,1,0,2,0,8,1,1,pre_allocation
74,10023,greenran_normal,0,0,65535_65535,2,64,6083698,0,1,1,1,3,0,8,1,1,allocated
74,10023,greenran_normal,0,0,65535_65535,2,43,6082866,7,1,1,0,2,0,22,1,1,pre_allocation
74,10023,greenran_normal,0,0,65535_65535,2,43,6082866,13,1,1,1,3,13,22,1,1,allocated
74,10023,greenran_normal,0,0,65535_65535,2,42,6082192,6,1,1,0,2,0,20,1,1,pre_allocation
74,10023,greenran_normal,0,0,65535_65535,2,42,6082192,10,1,1,1,3,10,20,1,1,allocated
74,10023,greenran_normal,0,0,65535_65535,2,59,6081576,12,1,1,0,2,0,28,1,1,pre_allocation
74,10023,greenran_normal,0,0,65535_65535,2,59,6081576,19,1,1,1,3,19,28,1,1,allocated
74,10023,greenran_normal,0,0,65535_65535,2,58,6081574,11,1,1,0,2,0,26,1,1,pre_allocation
74,10023,greenran_normal,0,0,65535_65535,2,58,6081574,18,1,1,1,3,18,26,1,1,allocated
74,10023,greenran_normal,0,0,65535_65535,2,36,6081546,9,1,1,0,2,0,24,1,1,pre_allocation
74,10023,greenran_normal,0,0,65535_65535,2,36,6081546,15,1,1,1,3,15,24,1,1,allocated
74,10023,greenran_normal,0,0,65535_65535,2,61,6081482,12,1,1,0,2,0,28,1,1,pre_allocation
74,10023,greenran_normal,0,0,65535_65535,2,61,6081482,19,1,1,1,3,19,28,1,1,allocated
74,10023,greenran_normal,0,0,65535_65535,2,62,6081481,12,1,1,0,2,0,28,1,1,pre_allocation
74,10023,greenran_normal,0,0,65535_65535,2,62,6081481,19,1,1,1,3,19,28,1,1,allocated
74,10023,greenran_normal,0,0,65535_65535,2,63,6081480,12,1,1,0,2,0,28,1,1,pre_allocation
74,10023,greenran_normal,0,0,65535_65535,2,63,6081480,19,1,1,1,3,19,28,1,1,allocated
74,10023,greenran_normal,0,0,65535_65535,2,37,6081477,12,1,1,0,2,0,28,1,1,pre_allocation
74,10023,greenran_normal,0,0,65535_65535,2,37,6081477,19,1,1,1,3,19,28,1,1,allocated
74,10023,greenran_normal,0,0,65535_65535,2,39,6081480,12,1,1,0,2,0,28,1,1,pre_allocation
74,10023,greenran_normal,0,0,65535_65535,2,39,6081480,19,1,1,1,3,19,28,1,1,allocated
74,10023,greenran_normal,0,0,65535_65535,2,35,6081475,12,1,1,0,2,0,28,1,1,pre_allocation
74,10023,greenran_normal,0,0,65535_65535,2,35,6081475,19,1,1,1,3,19,28,1,1,allocated
74,10023,greenran_normal,0,0,65535_65535,2,40,6081478,12,1,1,0,2,0,28,1,1,pre_allocation
74,10023,greenran_normal,0,0,65535_65535,2,40,6081478,19,1,1,1,3,19,28,1,1,allocated
74,10023,greenran_normal,0,0,65535_65535,2,44,6081475,12,1,1,0,2,0,28,1,1,pre_allocation
74,10023,greenran_normal,0,0,65535_65535,2,44,6081475,19,1,1,1,3,19,28,1,1,allocated
74,10023,greenran_normal,0,0,65535_65535,2,41,6081478,12,1,1,0,2,0,28,1,1,pre_allocation
74,10023,greenran_normal,0,0,65535_65535,2,41,6081478,19,1,1,1,3,19,28,1,1,allocated
74,10023,greenran_normal,0,0,65535_65535,2,55,6081475,12,1,1,0,2,0,28,1,1,pre_allocation
74,10023,greenran_normal,0,0,65535_65535,2,55,6081475,19,1,1,1,3,19,28,1,1,allocated
74,10023,greenran_normal,0,0,65535_65535,2,56,6081475,12,1,1,0,2,0,28,1,1,pre_allocation
74,10023,greenran_normal,0,0,65535_65535,2,56,6081475,19,1,1,1,3,19,28,1,1,allocated
74,10023,greenran_normal,0,0,65535_65535,2,57,6081475,12,1,1,0,2,0,28,1,1,pre_allocation
74,10023,greenran_normal,0,0,65535_65535,2,57,6081475,19,1,1,1,3,19,28,1,1,allocated
74,10023,greenran_normal,0,0,65535_65535,2,38,6084428,0,1,1,0,3,0,2,1,1,pre_allocation
74,10023,greenran_normal,0,0,65535_65535,2,38,6084428,1,1,1,1,4,1,2,1,1,allocated
74,10023,greenran_normal,0,0,65535_65535,2,60,6084048,3,1,1,0,3,0,12,1,1,pre_allocation
74,10023,greenran_normal,0,0,65535_65535,2,60,6084048,5,1,1,1,4,5,12,1,1,allocated
74,10023,greenran_normal,0,0,65535_65535,2,64,6083698,0,1,1,0,3,0,8,1,1,pre_allocation
74,10023,greenran_normal,0,0,65535_65535,2,64,6083698,1,1,1,1,4,1,8,1,1,allocated
74,10023,greenran_normal,0,0,65535_65535,2,43,6082866,13,1,1,0,3,0,22,1,1,pre_allocation
74,10023,greenran_normal,0,0,65535_65535,2,43,6082866,18,1,1,1,4,18,22,1,1,allocated
74,10023,greenran_normal,0,0,65535_65535,2,42,6082192,10,1,1,0,3,0,20,1,1,pre_allocation
74,10023,greenran_normal,0,0,65535_65535,2,42,6082192,15,1,1,1,4,15,20,1,1,allocated
74,10023,greenran_normal,0,0,65535_65535,2,59,6081576,19,1,1,0,3,0,28,1,1,pre_allocation
74,10023,greenran_normal,0,0,65535_65535,2,59,6081576,27,1,1,1,4,27,28,1,1,allocated
74,10023,greenran_normal,0,0,65535_65535,2,58,6081574,18,1,1,0,3,0,26,1,1,pre_allocation
74,10023,greenran_normal,0,0,65535_65535,2,58,6081574,25,1,1,1,4,25,26,1,1,allocated
74,10023,greenran_normal,0,0,65535_65535,2,36,6081546,15,1,1,0,3,0,24,1,1,pre_allocation
74,10023,greenran_normal,0,0,65535_65535,2,36,6081546,21,1,1,1,4,21,24,1,1,allocated
74,10023,greenran_normal,0,0,65535_65535,2,61,6081482,19,1,1,0,3,0,28,1,1,pre_allocation
74,10023,greenran_normal,0,0,65535_65535,2,61,6081482,27,1,1,1,4,27,28,1,1,allocated
74,10023,greenran_normal,0,0,65535_65535,2,62,6081481,19,1,1,0,3,0,28,1,1,pre_allocation
74,10023,greenran_normal,0,0,65535_65535,2,62,6081481,27,1,1,1,4,27,28,1,1,allocated
74,10023,greenran_normal,0,0,65535_65535,2,63,6081480,19,1,1,0,3,0,28,1,1,pre_allocation
74,10023,greenran_normal,0,0,65535_65535,2,63,6081480,27,1,1,1,4,27,28,1,1,allocated
74,10023,greenran_normal,0,0,65535_65535,2,37,6081477,19,1,1,0,3,0,28,1,1,pre_allocation
74,10023,greenran_normal,0,0,65535_65535,2,37,6081477,27,1,1,1,4,27,28,1,1,allocated
74,10023,greenran_normal,0,0,65535_65535,2,39,6081480,19,1,1,0,3,0,28,1,1,pre_allocation
74,10023,greenran_normal,0,0,65535_65535,2,39,6081480,27,1,1,1,4,27,28,1,1,allocated
74,10023,greenran_normal,0,0,65535_65535,2,35,6081475,19,1,1,0,3,0,28,1,1,pre_allocation
74,10023,greenran_normal,0,0,65535_65535,2,35,6081475,27,1,1,1,4,27,28,1,1,allocated
74,10023,greenran_normal,0,0,65535_65535,2,40,6081478,19,1,1,0,3,0,28,1,1,pre_allocation
74,10023,greenran_normal,0,0,65535_65535,2,40,6081478,27,1,1,1,4,27,28,1,1,allocated
74,10023,greenran_normal,0,0,65535_65535,2,44,6081475,19,1,1,0,3,0,28,1,1,pre_allocation
74,10023,greenran_normal,0,0,65535_65535,2,44,6081475,27,1,1,1,4,27,28,1,1,allocated
74,10023,greenran_normal,0,0,65535_65535,2,41,6081478,19,1,1,0,3,0,28,1,1,pre_allocation
74,10023,greenran_normal,0,0,65535_65535,2,41,6081478,27,1,1,1,4,27,28,1,1,allocated
74,10023,greenran_normal,0,0,65535_65535,2,55,6081475,19,1,1,0,3,0,28,1,1,pre_allocation
74,10023,greenran_normal,0,0,65535_65535,2,55,6081475,27,1,1,1,4,27,28,1,1,allocated
74,10023,greenran_normal,0,0,65535_65535,2,56,6081475,19,1,1,0,3,0,28,1,1,pre_allocation
74,10023,greenran_normal,0,0,65535_65535,2,56,6081475,27,1,1,1,4,27,28,1,1,allocated
74,10023,greenran_normal,0,0,65535_65535,2,57,6081475,19,1,1,0,3,0,28,1,1,pre_allocation
74,10023,greenran_normal,0,0,65535_65535,2,57,6081475,27,1,1,1,4,27,28,1,1,allocated
74,10023,greenran_normal,0,0,65535_65535,2,38,6084428,1,1,1,0,4,0,2,1,1,pre_allocation
74,10023,greenran_normal,0,0,65535_65535,2,38,6084428,1,1,1,1,5,1,2,1,1,allocated
74,10023,greenran_normal,0,0,65535_65535,2,60,6084048,5,1,1,0,4,0,12,1,1,pre_allocation
74,10023,greenran_normal,0,0,65535_65535,2,60,6084048,7,1,1,1,5,7,12,1,1,allocated
74,10023,greenran_normal,0,0,65535_65535,2,64,6083698,1,1,1,0,4,0,8,1,1,pre_allocation
74,10023,greenran_normal,0,0,65535_65535,2,64,6083698,3,1,1,1,5,3,8,1,1,allocated
74,10023,greenran_normal,0,0,65535_65535,2,43,6082866,18,1,1,0,4,0,22,1,1,pre_allocation
74,10023,greenran_normal,0,0,65535_65535,2,43,6082866,23,1,1,1,5,23,22,1,1,allocated
74,10023,greenran_normal,0,0,65535_65535,2,42,6082192,15,1,1,0,4,0,20,1,1,pre_allocation
74,10023,greenran_normal,0,0,65535_65535,2,42,6082192,19,1,1,1,5,19,20,1,1,allocated
74,10023,greenran_normal,0,0,65535_65535,2,59,6081576,27,1,1,0,4,0,28,1,1,pre_allocation
74,10023,greenran_normal,0,0,65535_65535,2,59,6081576,34,1,1,1,5,34,28,1,1,allocated
74,10023,greenran_normal,0,0,65535_65535,2,58,6081574,25,1,1,0,4,0,26,1,1,pre_allocation
74,10023,greenran_normal,0,0,65535_65535,2,58,6081574,32,1,1,1,5,32,26,1,1,allocated
74,10023,greenran_normal,0,0,65535_65535,2,36,6081546,21,1,1,0,4,0,24,1,1,pre_allocation
74,10023,greenran_normal,0,0,65535_65535,2,36,6081546,27,1,1,1,5,27,24,1,1,allocated
74,10023,greenran_normal,0,0,65535_65535,2,61,6081482,27,1,1,0,4,0,28,1,1,pre_allocation
74,10023,greenran_normal,0,0,65535_65535,2,61,6081482,34,1,1,1,5,34,28,1,1,allocated
74,10023,greenran_normal,0,0,65535_65535,2,62,6081481,27,1,1,0,4,0,28,1,1,pre_allocation
74,10023,greenran_normal,0,0,65535_65535,2,62,6081481,34,1,1,1,5,34,28,1,1,allocated
74,10023,greenran_normal,0,0,65535_65535,2,63,6081480,27,1,1,0,4,0,28,1,1,pre_allocation
74,10023,greenran_normal,0,0,65535_65535,2,63,6081480,34,1,1,1,5,34,28,1,1,allocated
74,10023,greenran_normal,0,0,65535_65535,2,37,6081477,27,1,1,0,4,0,28,1,1,pre_allocation
74,10023,greenran_normal,0,0,65535_65535,2,37,6081477,34,1,1,1,5,34,28,1,1,allocated
74,10023,greenran_normal,0,0,65535_65535,2,39,6081480,27,1,1,0,4,0,28,1,1,pre_allocation
74,10023,greenran_normal,0,0,65535_65535,2,39,6081480,34,1,1,1,5,34,28,1,1,allocated
74,10023,greenran_normal,0,0,65535_65535,2,35,6081475,27,1,1,0,4,0,28,1,1,pre_allocation
74,10023,greenran_normal,0,0,65535_65535,2,35,6081475,34,1,1,1,5,34,28,1,1,allocated
74,10023,greenran_normal,0,0,65535_65535,2,40,6081478,27,1,1,0,4,0,28,1,1,pre_allocation
74,10023,greenran_normal,0,0,65535_65535,2,40,6081478,34,1,1,1,5,34,28,1,1,allocated
74,10023,greenran_normal,0,0,65535_65535,2,44,6081475,27,1,1,0,4,0,28,1,1,pre_allocation
74,10023,greenran_normal,0,0,65535_65535,2,44,6081475,34,1,1,1,5,34,28,1,1,allocated
74,10023,greenran_normal,0,0,65535_65535,2,41,6081478,27,1,1,0,4,0,28,1,1,pre_allocation
74,10023,greenran_normal,0,0,65535_65535,2,41,6081478,34,1,1,1,5,34,28,1,1,allocated
74,10023,greenran_normal,0,0,65535_65535,2,55,6081475,27,1,1,0,4,0,28,1,1,pre_allocation
74,10023,greenran_normal,0,0,65535_65535,2,55,6081475,34,1,1,1,5,34,28,1,1,allocated
74,10023,greenran_normal,0,0,65535_65535,2,56,6081475,27,1,1,0,4,0,28,1,1,pre_allocation
74,10023,greenran_normal,0,0,65535_65535,2,56,6081475,34,1,1,1,5,34,28,1,1,allocated
74,10023,greenran_normal,0,0,65535_65535,2,57,6081475,27,1,1,0,4,0,28,1,1,pre_allocation
74,10023,greenran_normal,0,0,65535_65535,2,57,6081475,34,1,1,1,5,34,28,1,1,allocated
74,10023,greenran_normal,0,0,65535_65535,2,38,6084428,1,1,1,0,5,0,2,1,1,pre_allocation
74,10023,greenran_normal,0,0,65535_65535,2,38,6084428,1,1,1,1,6,1,2,1,1,allocated
74,10023,greenran_normal,0,0,65535_65535,2,60,6084048,7,1,1,0,5,0,12,1,1,pre_allocation
74,10023,greenran_normal,0,0,65535_65535,2,60,6084048,9,1,1,1,6,9,12,1,1,allocated
74,10023,greenran_normal,0,0,65535_65535,2,64,6083698,3,1,1,0,5,0,8,1,1,pre_allocation
74,10023,greenran_normal,0,0,65535_65535,2,64,6083698,4,1,1,1,6,4,8,1,1,allocated
74,10023,greenran_normal,0,0,65535_65535,2,43,6082866,23,1,1,0,5,0,22,1,1,pre_allocation
74,10023,greenran_normal,0,0,65535_65535,2,43,6082866,29,1,1,1,6,29,22,1,1,allocated
74,10023,greenran_normal,0,0,65535_65535,2,42,6082192,19,1,1,0,5,0,20,1,1,pre_allocation
74,10023,greenran_normal,0,0,65535_65535,2,42,6082192,24,1,1,1,6,24,20,1,1,allocated
74,10023,greenran_normal,0,0,65535_65535,2,59,6081576,34,1,1,0,5,0,28,1,1,pre_allocation
74,10023,greenran_normal,0,0,65535_65535,2,59,6081576,42,1,1,1,6,42,28,1,1,allocated
74,10023,greenran_normal,0,0,65535_65535,2,58,6081574,32,1,1,0,5,0,26,1,1,pre_allocation
74,10023,greenran_normal,0,0,65535_65535,2,58,6081574,39,1,1,1,6,39,26,1,1,allocated
74,10023,greenran_normal,0,0,65535_65535,2,36,6081546,27,1,1,0,5,0,24,1,1,pre_allocation
74,10023,greenran_normal,0,0,65535_65535,2,36,6081546,34,1,1,1,6,34,24,1,1,allocated
74,10023,greenran_normal,0,0,65535_65535,2,61,6081482,34,1,1,0,5,0,28,1,1,pre_allocation
74,10023,greenran_normal,0,0,65535_65535,2,61,6081482,42,1,1,1,6,42,28,1,1,allocated
74,10023,greenran_normal,0,0,65535_65535,2,62,6081481,34,1,1,0,5,0,28,1,1,pre_allocation
74,10023,greenran_normal,0,0,65535_65535,2,62,6081481,42,1,1,1,6,42,28,1,1,allocated
74,10023,greenran_normal,0,0,65535_65535,2,63,6081480,34,1,1,0,5,0,28,1,1,pre_allocation
74,10023,greenran_normal,0,0,65535_65535,2,63,6081480,42,1,1,1,6,42,28,1,1,allocated
74,10023,greenran_normal,0,0,65535_65535,2,37,6081477,34,1,1,0,5,0,28,1,1,pre_allocation
74,10023,greenran_normal,0,0,65535_65535,2,37,6081477,42,1,1,1,6,42,28,1,1,allocated
74,10023,greenran_normal,0,0,65535_65535,2,39,6081480,34,1,1,0,5,0,28,1,1,pre_allocation
74,10023,greenran_normal,0,0,65535_65535,2,39,6081480,42,1,1,1,6,42,28,1,1,allocated
74,10023,greenran_normal,0,0,65535_65535,2,35,6081475,34,1,1,0,5,0,28,1,1,pre_allocation
74,10023,greenran_normal,0,0,65535_65535,2,35,6081475,42,1,1,1,6,42,28,1,1,allocated
74,10023,greenran_normal,0,0,65535_65535,2,40,6081478,34,1,1,0,5,0,28,1,1,pre_allocation
74,10023,greenran_normal,0,0,65535_65535,2,40,6081478,42,1,1,1,6,42,28,1,1,allocated
74,10023,greenran_normal,0,0,65535_65535,2,44,6081475,34,1,1,0,5,0,28,1,1,pre_allocation
74,10023,greenran_normal,0,0,65535_65535,2,44,6081475,42,1,1,1,6,42,28,1,1,allocated
74,10023,greenran_normal,0,0,65535_65535,2,41,6081478,34,1,1,0,5,0,28,1,1,pre_allocation
74,10023,greenran_normal,0,0,65535_65535,2,41,6081478,42,1,1,1,6,42,28,1,1,allocated
74,10023,greenran_normal,0,0,65535_65535,2,55,6081475,34,1,1,0,5,0,28,1,1,pre_allocation
74,10023,greenran_normal,0,0,65535_65535,2,55,6081475,42,1,1,1,6,42,28,1,1,allocated
74,10023,greenran_normal,0,0,65535_65535,2,56,6081475,34,1,1,0,5,0,28,1,1,pre_allocation
74,10023,greenran_normal,0,0,65535_65535,2,56,6081475,42,1,1,1,6,42,28,1,1,allocated
74,10023,greenran_normal,0,0,65535_65535,2,57,6081475,34,1,1,0,5,0,28,1,1,pre_allocation
74,10023,greenran_normal,0,0,65535_65535,2,57,6081475,42,1,1,1,6,42,28,1,1,allocated
74,10023,greenran_normal,0,0,65535_65535,2,38,6084428,1,1,1,0,6,0,2,1,1,pre_allocation
74,10023,greenran_normal,0,0,65535_65535,2,38,6084428,2,1,1,1,7,2,2,1,1,allocated
74,10023,greenran_normal,0,0,65535_65535,2,60,6084048,9,1,1,0,6,0,12,1,1,pre_allocation
74,10023,greenran_normal,0,0,65535_65535,2,60,6084048,11,1,1,1,7,11,12,1,1,allocated
74,10023,greenran_normal,0,0,65535_65535,2,64,6083698,4,1,1,0,6,0,8,1,1,pre_allocation
74,10023,greenran_normal,0,0,65535_65535,2,64,6083698,5,1,1,1,7,5,8,1,1,allocated
74,10023,greenran_normal,0,0,65535_65535,2,43,6082866,29,1,1,0,6,0,22,1,1,pre_allocation
74,10023,greenran_normal,0,0,65535_65535,2,43,6082866,34,1,1,1,7,34,22,1,1,allocated
74,10023,greenran_normal,0,0,65535_65535,2,42,6082192,24,1,1,0,6,0,20,1,1,pre_allocation
74,10023,greenran_normal,0,0,65535_65535,2,42,6082192,28,1,1,1,7,28,20,1,1,allocated
74,10023,greenran_normal,0,0,65535_65535,2,59,6081576,42,1,1,0,6,0,28,1,1,pre_allocation
74,10023,greenran_normal,0,0,65535_65535,2,59,6081576,50,1,1,1,7,50,28,1,1,allocated
74,10023,greenran_normal,0,0,65535_65535,2,58,6081574,39,1,1,0,6,0,26,1,1,pre_allocation
74,10023,greenran_normal,0,0,65535_65535,2,58,6081574,46,1,1,1,7,46,26,1,1,allocated
74,10023,greenran_normal,0,0,65535_65535,2,36,6081546,34,1,1,0,6,0,24,1,1,pre_allocation
74,10023,greenran_normal,0,0,65535_65535,2,36,6081546,40,1,1,1,7,40,24,1,1,allocated
74,10023,greenran_normal,0,0,65535_65535,2,61,6081482,42,1,1,0,6,0,28,1,1,pre_allocation
74,10023,greenran_normal,0,0,65535_65535,2,61,6081482,50,1,1,1,7,50,28,1,1,allocated
74,10023,greenran_normal,0,0,65535_65535,2,62,6081481,42,1,1,0,6,0,28,1,1,pre_allocation
74,10023,greenran_normal,0,0,65535_65535,2,62,6081481,50,1,1,1,7,50,28,1,1,allocated
74,10023,greenran_normal,0,0,65535_65535,2,63,6081480,42,1,1,0,6,0,28,1,1,pre_allocation
74,10023,greenran_normal,0,0,65535_65535,2,63,6081480,50,1,1,1,7,50,28,1,1,allocated
74,10023,greenran_normal,0,0,65535_65535,2,37,6081477,42,1,1,0,6,0,28,1,1,pre_allocation
74,10023,greenran_normal,0,0,65535_65535,2,37,6081477,50,1,1,1,7,50,28,1,1,allocated
74,10023,greenran_normal,0,0,65535_65535,2,39,6081480,42,1,1,0,6,0,28,1,1,pre_allocation
74,10023,greenran_normal,0,0,65535_65535,2,39,6081480,50,1,1,1,7,50,28,1,1,allocated
74,10023,greenran_normal,0,0,65535_65535,2,35,6081475,42,1,1,0,6,0,28,1,1,pre_allocation
74,10023,greenran_normal,0,0,65535_65535,2,35,6081475,50,1,1,1,7,50,28,1,1,allocated
74,10023,greenran_normal,0,0,65535_65535,2,40,6081478,42,1,1,0,6,0,28,1,1,pre_allocation
74,10023,greenran_normal,0,0,65535_65535,2,40,6081478,50,1,1,1,7,50,28,1,1,allocated
74,10023,greenran_normal,0,0,65535_65535,2,44,6081475,42,1,1,0,6,0,28,1,1,pre_allocation
74,10023,greenran_normal,0,0,65535_65535,2,44,6081475,50,1,1,1,7,50,28,1,1,allocated
76,10196,greenran_normal,0,0,65535_65535,0,4,194139,0,1,1,0,0,0,24,1,1,pre_allocation
76,10196,greenran_normal,0,0,65535_65535,0,4,194139,3,1,1,1,1,3,24,1,1,allocated
76,10196,greenran_normal,0,0,65535_65535,0,2,190902,0,1,1,0,0,0,28,1,1,pre_allocation
76,10196,greenran_normal,0,0,65535_65535,0,2,190902,4,1,1,1,1,4,28,1,1,allocated
76,10196,greenran_normal,0,0,65535_65535,0,3,190897,0,1,1,0,0,0,28,1,1,pre_allocation
76,10196,greenran_normal,0,0,65535_65535,0,3,190897,4,1,1,1,1,4,28,1,1,allocated
76,10196,greenran_normal,0,0,65535_65535,0,1,190899,0,1,1,0,0,0,28,1,1,pre_allocation
76,10196,greenran_normal,0,0,65535_65535,0,1,190899,4,1,1,1,1,4,28,1,1,allocated
76,10196,greenran_normal,0,0,65535_65535,0,5,190893,0,1,1,0,0,0,28,1,1,pre_allocation
76,10196,greenran_normal,0,0,65535_65535,0,5,190893,4,1,1,1,1,4,28,1,1,allocated
76,10196,greenran_normal,0,0,65535_65535,0,4,194139,3,1,1,0,1,0,24,1,1,pre_allocation
76,10196,greenran_normal,0,0,65535_65535,0,4,194139,9,1,1,1,2,9,24,1,1,allocated
76,10196,greenran_normal,0,0,65535_65535,0,2,190902,4,1,1,0,1,0,28,1,1,pre_allocation
76,10196,greenran_normal,0,0,65535_65535,0,2,190902,12,1,1,1,2,12,28,1,1,allocated
76,10196,greenran_normal,0,0,65535_65535,0,3,190897,4,1,1,0,1,0,28,1,1,pre_allocation
76,10196,greenran_normal,0,0,65535_65535,0,3,190897,12,1,1,1,2,12,28,1,1,allocated
76,10196,greenran_normal,0,0,65535_65535,0,1,190899,4,1,1,0,1,0,28,1,1,pre_allocation
76,10196,greenran_normal,0,0,65535_65535,0,1,190899,12,1,1,1,2,12,28,1,1,allocated
76,10196,greenran_normal,0,0,65535_65535,0,5,190893,4,1,1,0,1,0,28,1,1,pre_allocation
76,10196,greenran_normal,0,0,65535_65535,0,5,190893,12,1,1,1,2,12,28,1,1,allocated
76,10196,greenran_normal,0,0,65535_65535,0,4,194139,9,1,1,0,2,0,24,1,1,pre_allocation
76,10196,greenran_normal,0,0,65535_65535,0,4,194139,15,1,1,1,3,15,24,1,1,allocated
76,10196,greenran_normal,0,0,65535_65535,0,2,190902,12,1,1,0,2,0,28,1,1,pre_allocation
76,10196,greenran_normal,0,0,65535_65535,0,2,190902,19,1,1,1,3,19,28,1,1,allocated
76,10196,greenran_normal,0,0,65535_65535,0,3,190897,12,1,1,0,2,0,28,1,1,pre_allocation
76,10196,greenran_normal,0,0,65535_65535,0,3,190897,19,1,1,1,3,19,28,1,1,allocated
76,10196,greenran_normal,0,0,65535_65535,0,1,190899,12,1,1,0,2,0,28,1,1,pre_allocation
76,10196,greenran_normal,0,0,65535_65535,0,1,190899,19,1,1,1,3,19,28,1,1,allocated
76,10196,greenran_normal,0,0,65535_65535,0,5,190893,12,1,1,0,2,0,28,1,1,pre_allocation
76,10196,greenran_normal,0,0,65535_65535,0,5,190893,19,1,1,1,3,19,28,1,1,allocated
76,10196,greenran_normal,0,0,65535_65535,0,4,194139,15,1,1,0,3,0,24,1,1,pre_allocation
76,10196,greenran_normal,0,0,65535_65535,0,4,194139,21,1,1,1,4,21,24,1,1,allocated
76,10196,greenran_normal,0,0,65535_65535,0,2,190902,19,1,1,0,3,0,28,1,1,pre_allocation
76,10196,greenran_normal,0,0,65535_65535,0,2,190902,27,1,1,1,4,27,28,1,1,allocated
76,10196,greenran_normal,0,0,65535_65535,0,3,190897,19,1,1,0,3,0,28,1,1,pre_allocation
76,10196,greenran_normal,0,0,65535_65535,0,3,190897,27,1,1,1,4,27,28,1,1,allocated
76,10196,greenran_normal,0,0,65535_65535,0,1,190899,19,1,1,0,3,0,28,1,1,pre_allocation
76,10196,greenran_normal,0,0,65535_65535,0,1,190899,27,1,1,1,4,27,28,1,1,allocated
76,10196,greenran_normal,0,0,65535_65535,0,5,190893,19,1,1,0,3,0,28,1,1,pre_allocation
76,10196,greenran_normal,0,0,65535_65535,0,5,190893,27,1,1,1,4,27,28,1,1,allocated
76,10196,greenran_normal,0,0,65535_65535,0,4,194139,21,1,1,0,4,0,24,1,1,pre_allocation
76,10196,greenran_normal,0,0,65535_65535,0,4,194139,27,1,1,1,5,27,24,1,1,allocated
76,10196,greenran_normal,0,0,65535_65535,0,2,190902,27,1,1,0,4,0,28,1,1,pre_allocation
76,10196,greenran_normal,0,0,65535_65535,0,2,190902,34,1,1,1,5,34,28,1,1,allocated
76,10196,greenran_normal,0,0,65535_65535,0,3,190897,27,1,1,0,4,0,28,1,1,pre_allocation
76,10196,greenran_normal,0,0,65535_65535,0,3,190897,34,1,1,1,5,34,28,1,1,allocated
76,10196,greenran_normal,0,0,65535_65535,0,1,190899,27,1,1,0,4,0,28,1,1,pre_allocation
76,10196,greenran_normal,0,0,65535_65535,0,1,190899,34,1,1,1,5,34,28,1,1,allocated
76,10196,greenran_normal,0,0,65535_65535,0,5,190893,27,1,1,0,4,0,28,1,1,pre_allocation
76,10196,greenran_normal,0,0,65535_65535,0,5,190893,34,1,1,1,5,34,28,1,1,allocated
76,10196,greenran_normal,0,0,65535_65535,0,4,194139,27,1,1,0,5,0,24,1,1,pre_allocation
76,10196,greenran_normal,0,0,65535_65535,0,4,194139,34,1,1,1,6,34,24,1,1,allocated
76,10196,greenran_normal,0,0,65535_65535,0,2,190902,34,1,1,0,5,0,28,1,1,pre_allocation
76,10196,greenran_normal,0,0,65535_65535,0,2,190902,42,1,1,1,6,42,28,1,1,allocated
76,10196,greenran_normal,0,0,65535_65535,0,3,190897,34,1,1,0,5,0,28,1,1,pre_allocation
76,10196,greenran_normal,0,0,65535_65535,0,3,190897,42,1,1,1,6,42,28,1,1,allocated
76,10196,greenran_normal,0,0,65535_65535,0,1,190899,34,1,1,0,5,0,28,1,1,pre_allocation
76,10196,greenran_normal,0,0,65535_65535,0,1,190899,42,1,1,1,6,42,28,1,1,allocated
76,10196,greenran_normal,0,0,65535_65535,0,5,190893,34,1,1,0,5,0,28,1,1,pre_allocation
76,10196,greenran_normal,0,0,65535_65535,0,5,190893,42,1,1,1,6,42,28,1,1,allocated
76,10196,greenran_normal,0,0,65535_65535,0,4,194139,34,1,1,0,6,0,24,1,1,pre_allocation
76,10196,greenran_normal,0,0,65535_65535,0,4,194139,40,1,1,1,7,40,24,1,1,allocated
76,10196,greenran_normal,0,0,65535_65535,0,2,190902,42,1,1,0,6,0,28,1,1,pre_allocation
76,10196,greenran_normal,0,0,65535_65535,0,2,190902,50,1,1,1,7,50,28,1,1,allocated
76,10196,greenran_normal,0,0,65535_65535,0,3,190897,42,1,1,0,6,0,28,1,1,pre_allocation
76,10196,greenran_normal,0,0,65535_65535,0,3,190897,50,1,1,1,7,50,28,1,1,allocated
76,10196,greenran_normal,0,0,65535_65535,0,1,190899,42,1,1,0,6,0,28,1,1,pre_allocation
76,10196,greenran_normal,0,0,65535_65535,0,1,190899,50,1,1,1,7,50,28,1,1,allocated
76,10196,greenran_normal,0,0,65535_65535,0,5,190893,42,1,1,0,6,0,28,1,1,pre_allocation
76,10196,greenran_normal,0,0,65535_65535,0,5,190893,50,1,1,1,7,50,28,1,1,allocated
76,10196,greenran_normal,0,0,65535_65535,0,4,194139,40,1,1,0,7,0,24,1,1,pre_allocation
76,10196,greenran_normal,0,0,65535_65535,0,4,194139,46,1,1,1,8,46,24,1,1,allocated
76,10196,greenran_normal,0,0,65535_65535,0,2,190902,50,1,1,0,7,0,28,1,1,pre_allocation
76,10196,greenran_normal,0,0,65535_65535,0,2,190902,57,1,1,1,8,57,28,1,1,allocated
76,10196,greenran_normal,0,0,65535_65535,0,3,190897,50,1,1,0,7,0,28,1,1,pre_allocation
76,10196,greenran_normal,0,0,65535_65535,0,3,190897,57,1,1,1,8,57,28,1,1,allocated
76,10196,greenran_normal,0,0,65535_65535,0,1,190899,50,1,1,0,7,0,28,1,1,pre_allocation
76,10196,greenran_normal,0,0,65535_65535,0,1,190899,57,1,1,1,8,57,28,1,1,allocated
76,10196,greenran_normal,0,0,65535_65535,0,5,190893,50,1,1,0,7,0,28,1,1,pre_allocation
76,10196,greenran_normal,0,0,65535_65535,0,5,190893,57,1,1,1,8,57,28,1,1,allocated
76,10196,greenran_normal,0,0,65535_65535,0,4,194139,46,1,1,0,8,0,24,1,1,pre_allocation
76,10196,greenran_normal,0,0,65535_65535,0,4,194139,52,1,1,1,9,52,24,1,1,allocated
76,10196,greenran_normal,0,0,65535_65535,0,2,190902,57,1,1,0,8,0,28,1,1,pre_allocation
76,10196,greenran_normal,0,0,65535_65535,0,2,190902,65,1,1,1,9,65,28,1,1,allocated
76,10196,greenran_normal,0,0,65535_65535,0,3,190897,57,1,1,0,8,0,28,1,1,pre_allocation
76,10196,greenran_normal,0,0,65535_65535,0,3,190897,65,1,1,1,9,65,28,1,1,allocated
76,10196,greenran_normal,0,0,65535_65535,0,1,190899,57,1,1,0,8,0,28,1,1,pre_allocation
76,10196,greenran_normal,0,0,65535_65535,0,1,190899,65,1,1,1,9,65,28,1,1,allocated
76,10196,greenran_normal,0,0,65535_65535,0,5,190893,57,1,1,0,8,0,28,1,1,pre_allocation
76,10196,greenran_normal,0,0,65535_65535,0,5,190893,65,1,1,1,9,65,28,1,1,allocated
76,10196,greenran_normal,0,0,65535_65535,0,4,194139,52,1,1,0,9,0,24,1,1,pre_allocation
76,10196,greenran_normal,0,0,65535_65535,0,4,194139,58,1,1,1,10,58,24,1,1,allocated
76,10196,greenran_normal,0,0,65535_65535,0,2,190902,65,1,1,0,9,0,28,1,1,pre_allocation
76,10196,greenran_normal,0,0,65535_65535,0,2,190902,72,1,1,1,10,72,28,1,1,allocated
76,10196,greenran_normal,0,0,65535_65535,0,3,190897,65,1,1,0,9,0,28,1,1,pre_allocation
76,10196,greenran_normal,0,0,65535_65535,0,3,190897,72,1,1,1,10,72,28,1,1,allocated
76,10196,greenran_normal,0,0,65535_65535,0,1,190899,65,1,1,0,9,0,28,1,1,pre_allocation
76,10196,greenran_normal,0,0,65535_65535,0,1,190899,72,1,1,1,10,72,28,1,1,allocated
76,10196,greenran_normal,0,0,65535_65535,0,5,190893,65,1,1,0,9,0,28,1,1,pre_allocation
76,10196,greenran_normal,0,0,65535_65535,0,5,190893,72,1,1,1,10,72,28,1,1,allocated
76,10196,greenran_normal,0,0,65535_65535,0,4,194139,58,1,1,0,10,0,24,1,1,pre_allocation
76,10196,greenran_normal,0,0,65535_65535,0,4,194139,65,1,1,1,11,65,24,1,1,allocated
76,10196,greenran_normal,0,0,65535_65535,0,2,190902,72,1,1,0,10,0,28,1,1,pre_allocation
76,10196,greenran_normal,0,0,65535_65535,0,2,190902,80,1,1,1,11,80,28,1,1,allocated
76,10196,greenran_normal,0,0,65535_65535,0,3,190897,72,1,1,0,10,0,28,1,1,pre_allocation
76,10196,greenran_normal,0,0,65535_65535,0,3,190897,80,1,1,1,11,80,28,1,1,allocated
76,10196,greenran_normal,0,0,65535_65535,0,1,190899,72,1,1,0,10,0,28,1,1,pre_allocation
76,10196,greenran_normal,0,0,65535_65535,0,1,190899,80,1,1,1,11,80,28,1,1,allocated
76,10196,greenran_normal,0,0,65535_65535,0,5,190893,72,1,1,0,10,0,28,1,1,pre_allocation
76,10196,greenran_normal,0,0,65535_65535,0,5,190893,80,1,1,1,11,80,28,1,1,allocated
76,10196,greenran_normal,0,0,65535_65535,0,4,194139,65,1,1,0,11,0,24,1,1,pre_allocation
76,10196,greenran_normal,0,0,65535_65535,0,4,194139,71,1,1,1,12,71,24,1,1,allocated
76,10196,greenran_normal,0,0,65535_65535,0,2,190902,80,1,1,0,11,0,28,1,1,pre_allocation
76,10196,greenran_normal,0,0,65535_65535,0,2,190902,88,1,1,1,12,88,28,1,1,allocated
76,10196,greenran_normal,0,0,65535_65535,0,3,190897,80,1,1,0,11,0,28,1,1,pre_allocation
76,10196,greenran_normal,0,0,65535_65535,0,3,190897,88,1,1,1,12,88,28,1,1,allocated
76,10196,greenran_normal,0,0,65535_65535,0,1,190899,80,1,1,0,11,0,28,1,1,pre_allocation
76,10196,greenran_normal,0,0,65535_65535,0,1,190899,88,1,1,1,12,88,28,1,1,allocated
76,10196,greenran_normal,0,0,65535_65535,0,5,190893,80,1,1,0,11,0,28,1,1,pre_allocation
76,10196,greenran_normal,0,0,65535_65535,0,5,190893,88,1,1,1,12,88,28,1,1,allocated
76,10196,greenran_normal,0,0,65535_65535,0,4,194139,71,1,1,0,12,0,24,1,1,pre_allocation
76,10196,greenran_normal,0,0,65535_65535,0,4,194139,77,1,1,1,13,77,24,1,1,allocated
76,10196,greenran_normal,0,0,65535_65535,0,2,190902,88,1,1,0,12,0,28,1,1,pre_allocation
76,10196,greenran_normal,0,0,65535_65535,0,2,190902,95,1,1,1,13,95,28,1,1,allocated
76,10196,greenran_normal,0,0,65535_65535,0,3,190897,88,1,1,0,12,0,28,1,1,pre_allocation
76,10196,greenran_normal,0,0,65535_65535,0,3,190897,95,1,1,1,13,95,28,1,1,allocated
76,10196,greenran_normal,0,0,65535_65535,0,1,190899,88,1,1,0,12,0,28,1,1,pre_allocation
76,10196,greenran_normal,0,0,65535_65535,0,1,190899,95,1,1,1,13,95,28,1,1,allocated
76,10196,greenran_normal,0,0,65535_65535,0,5,190893,88,1,1,0,12,0,28,1,1,pre_allocation
76,10196,greenran_normal,0,0,65535_65535,0,5,190893,95,1,1,1,13,95,28,1,1,allocated
76,10196,greenran_normal,0,0,65535_65535,0,4,194139,77,1,1,0,13,0,24,1,1,pre_allocation
76,10196,greenran_normal,0,0,65535_65535,0,4,194139,83,1,1,1,14,83,24,1,1,allocated
76,10196,greenran_normal,0,0,65535_65535,0,2,190902,95,1,1,0,13,0,28,1,1,pre_allocation
76,10196,greenran_normal,0,0,65535_65535,0,2,190902,103,1,1,1,14,103,28,1,1,allocated
76,10196,greenran_normal,0,0,65535_65535,0,3,190897,95,1,1,0,13,0,28,1,1,pre_allocation
76,10196,greenran_normal,0,0,65535_65535,0,3,190897,103,1,1,1,14,103,28,1,1,allocated
76,10196,greenran_normal,0,0,65535_65535,0,1,190899,95,1,1,0,13,0,28,1,1,pre_allocation
76,10196,greenran_normal,0,0,65535_65535,0,1,190899,103,1,1,1,14,103,28,1,1,allocated
76,10196,greenran_normal,0,0,65535_65535,0,5,190893,95,1,1,0,13,0,28,1,1,pre_allocation
76,10196,greenran_normal,0,0,65535_65535,0,5,190893,103,1,1,1,14,103,28,1,1,allocated
76,10196,greenran_normal,0,0,65535_65535,0,4,194139,83,1,1,0,14,0,24,1,1,pre_allocation
76,10196,greenran_normal,0,0,65535_65535,0,4,194139,89,1,1,1,15,89,24,1,1,allocated
76,10196,greenran_normal,0,0,65535_65535,0,2,190902,103,1,1,0,14,0,28,1,1,pre_allocation
76,10196,greenran_normal,0,0,65535_65535,0,2,190902,110,1,1,1,15,110,28,1,1,allocated
76,10196,greenran_normal,0,0,65535_65535,0,3,190897,103,1,1,0,14,0,28,1,1,pre_allocation
76,10196,greenran_normal,0,0,65535_65535,0,3,190897,110,1,1,1,15,110,28,1,1,allocated
76,10196,greenran_normal,0,0,65535_65535,0,1,190899,103,1,1,0,14,0,28,1,1,pre_allocation
76,10196,greenran_normal,0,0,65535_65535,0,1,190899,110,1,1,1,15,110,28,1,1,allocated
76,10196,greenran_normal,0,0,65535_65535,0,5,190893,103,1,1,0,14,0,28,1,1,pre_allocation
76,10196,greenran_normal,0,0,65535_65535,0,5,190893,110,1,1,1,15,110,28,1,1,allocated
76,10196,greenran_normal,0,0,65535_65535,0,4,194139,89,1,1,0,15,0,24,1,1,pre_allocation
76,10196,greenran_normal,0,0,65535_65535,0,4,194139,96,1,1,1,16,96,24,1,1,allocated
76,10196,greenran_normal,0,0,65535_65535,0,2,190902,110,1,1,0,15,0,28,1,1,pre_allocation
76,10196,greenran_normal,0,0,65535_65535,0,2,190902,118,1,1,1,16,118,28,1,1,allocated
76,10196,greenran_normal,0,0,65535_65535,0,3,190897,110,1,1,0,15,0,28,1,1,pre_allocation
76,10196,greenran_normal,0,0,65535_65535,0,3,190897,118,1,1,1,16,118,28,1,1,allocated
76,10196,greenran_normal,0,0,65535_65535,0,1,190899,110,1,1,0,15,0,28,1,1,pre_allocation
76,10196,greenran_normal,0,0,65535_65535,0,1,190899,118,1,1,1,16,118,28,1,1,allocated
76,10196,greenran_normal,0,0,65535_65535,0,5,190893,110,1,1,0,15,0,28,1,1,pre_allocation
76,10196,greenran_normal,0,0,65535_65535,0,5,190893,118,1,1,1,16,118,28,1,1,allocated
76,10196,greenran_normal,0,0,65535_65535,0,4,194139,96,1,1,0,16,0,24,1,1,pre_allocation
76,10196,greenran_normal,0,0,65535_65535,0,4,194139,102,1,1,1,17,102,24,1,1,allocated
76,10196,greenran_normal,0,0,65535_65535,0,2,190902,118,1,1,0,16,0,28,1,1,pre_allocation
76,10196,greenran_normal,0,0,65535_65535,0,2,190902,126,1,1,1,17,126,28,1,1,allocated
76,10196,greenran_normal,0,0,65535_65535,0,3,190897,118,1,1,0,16,0,28,1,1,pre_allocation
76,10196,greenran_normal,0,0,65535_65535,0,3,190897,126,1,1,1,17,126,28,1,1,allocated
76,10196,greenran_normal,0,0,65535_65535,0,1,190899,118,1,1,0,16,0,28,1,1,pre_allocation
76,10196,greenran_normal,0,0,65535_65535,0,1,190899,126,1,1,1,17,126,28,1,1,allocated
76,10196,greenran_normal,0,0,65535_65535,0,5,190893,118,1,1,0,16,0,28,1,1,pre_allocation
76,10196,greenran_normal,0,0,65535_65535,0,5,190893,126,1,1,1,17,126,28,1,1,allocated
76,10196,greenran_normal,0,0,65535_65535,0,4,194139,102,1,1,0,17,0,24,1,1,pre_allocation
76,10196,greenran_normal,0,0,65535_65535,0,4,194139,108,1,1,1,18,108,24,1,1,allocated
76,10196,greenran_normal,0,0,65535_65535,0,2,190902,126,1,1,0,17,0,28,1,1,pre_allocation
76,10196,greenran_normal,0,0,65535_65535,0,2,190902,133,1,1,1,18,133,28,1,1,allocated
76,10196,greenran_normal,0,0,65535_65535,0,3,190897,126,1,1,0,17,0,28,1,1,pre_allocation
76,10196,greenran_normal,0,0,65535_65535,0,3,190897,133,1,1,1,18,133,28,1,1,allocated
76,10196,greenran_normal,0,0,65535_65535,0,1,190899,126,1,1,0,17,0,28,1,1,pre_allocation
76,10196,greenran_normal,0,0,65535_65535,0,1,190899,133,1,1,1,18,133,28,1,1,allocated
76,10196,greenran_normal,0,0,65535_65535,0,5,190893,126,1,1,0,17,0,28,1,1,pre_allocation
76,10196,greenran_normal,0,0,65535_65535,0,5,190893,133,1,1,1,18,133,28,1,1,allocated
76,10196,greenran_normal,0,0,65535_65535,0,4,194139,108,1,1,0,18,0,24,1,1,pre_allocation
76,10196,greenran_normal,0,0,65535_65535,0,4,194139,114,1,1,1,19,114,24,1,1,allocated
76,10196,greenran_normal,0,0,65535_65535,0,2,190902,133,1,1,0,18,0,28,1,1,pre_allocation
76,10196,greenran_normal,0,0,65535_65535,0,2,190902,141,1,1,1,19,141,28,1,1,allocated
76,10196,greenran_normal,0,0,65535_65535,0,3,190897,133,1,1,0,18,0,28,1,1,pre_allocation
76,10196,greenran_normal,0,0,65535_65535,0,3,190897,141,1,1,1,19,141,28,1,1,allocated
76,10196,greenran_normal,0,0,65535_65535,0,1,190899,133,1,1,0,18,0,28,1,1,pre_allocation
76,10196,greenran_normal,0,0,65535_65535,0,1,190899,141,1,1,1,19,141,28,1,1,allocated
76,10196,greenran_normal,0,0,65535_65535,0,5,190893,133,1,1,0,18,0,28,1,1,pre_allocation
76,10196,greenran_normal,0,0,65535_65535,0,5,190893,141,1,1,1,19,141,28,1,1,allocated
76,10196,greenran_normal,0,0,65535_65535,0,4,194139,114,1,1,0,19,0,24,1,1,pre_allocation
76,10196,greenran_normal,0,0,65535_65535,0,4,194139,120,1,1,1,20,120,24,1,1,allocated
76,10196,greenran_normal,0,0,65535_65535,0,2,190902,141,1,1,0,19,0,28,1,1,pre_allocation
76,10196,greenran_normal,0,0,65535_65535,0,2,190902,148,1,1,1,20,148,28,1,1,allocated
76,10196,greenran_normal,0,0,65535_65535,0,3,190897,141,1,1,0,19,0,28,1,1,pre_allocation
76,10196,greenran_normal,0,0,65535_65535,0,3,190897,148,1,1,1,20,148,28,1,1,allocated
76,10196,greenran_normal,0,0,65535_65535,0,1,190899,141,1,1,0,19,0,28,1,1,pre_allocation
76,10196,greenran_normal,0,0,65535_65535,0,1,190899,148,1,1,1,20,148,28,1,1,allocated
76,10196,greenran_normal,0,0,65535_65535,0,5,190893,141,1,1,0,19,0,28,1,1,pre_allocation
76,10196,greenran_normal,0,0,65535_65535,0,5,190893,148,1,1,1,20,148,28,1,1,allocated
76,10196,greenran_normal,0,0,65535_65535,0,4,194139,120,1,1,0,20,0,24,1,1,pre_allocation
76,10196,greenran_normal,0,0,65535_65535,0,4,194139,126,1,1,1,21,126,24,1,1,allocated
76,10196,greenran_normal,0,0,65535_65535,0,2,190902,148,1,1,0,20,0,28,1,1,pre_allocation
76,10196,greenran_normal,0,0,65535_65535,0,2,190902,156,1,1,1,21,156,28,1,1,allocated
76,10196,greenran_normal,0,0,65535_65535,0,3,190897,148,1,1,0,20,0,28,1,1,pre_allocation
76,10196,greenran_normal,0,0,65535_65535,0,3,190897,156,1,1,1,21,156,28,1,1,allocated
76,10196,greenran_normal,0,0,65535_65535,0,1,190899,148,1,1,0,20,0,28,1,1,pre_allocation
76,10196,greenran_normal,0,0,65535_65535,0,1,190899,156,1,1,1,21,156,28,1,1,allocated
76,10196,greenran_normal,0,0,65535_65535,0,5,190893,148,1,1,0,20,0,28,1,1,pre_allocation
76,10196,greenran_normal,0,0,65535_65535,0,5,190893,156,1,1,1,21,156,28,1,1,allocated
76,10196,greenran_normal,0,0,65535_65535,0,4,194139,126,1,1,0,21,0,24,1,1,pre_allocation
76,10196,greenran_normal,0,0,65535_65535,0,4,194139,133,1,1,1,22,133,24,1,1,allocated
76,10196,greenran_normal,0,0,65535_65535,0,2,190902,156,1,1,0,21,0,28,1,1,pre_allocation
76,10196,greenran_normal,0,0,65535_65535,0,2,190902,163,1,1,1,22,163,28,1,1,allocated
76,10196,greenran_normal,0,0,65535_65535,0,3,190897,156,1,1,0,21,0,28,1,1,pre_allocation
76,10196,greenran_normal,0,0,65535_65535,0,3,190897,163,1,1,1,22,163,28,1,1,allocated
76,10196,greenran_normal,0,0,65535_65535,0,1,190899,156,1,1,0,21,0,28,1,1,pre_allocation
76,10196,greenran_normal,0,0,65535_65535,0,1,190899,163,1,1,1,22,163,28,1,1,allocated
76,10196,greenran_normal,0,0,65535_65535,0,5,190893,156,1,1,0,21,0,28,1,1,pre_allocation
76,10196,greenran_normal,0,0,65535_65535,0,5,190893,163,1,1,1,22,163,28,1,1,allocated
76,10196,greenran_normal,0,0,65535_65535,0,4,194139,133,1,1,0,22,0,24,1,1,pre_allocation
76,10196,greenran_normal,0,0,65535_65535,0,4,194139,139,1,1,1,23,139,24,1,1,allocated
76,10196,greenran_normal,0,0,65535_65535,0,2,190902,163,1,1,0,22,0,28,1,1,pre_allocation
76,10196,greenran_normal,0,0,65535_65535,0,2,190902,171,1,1,1,23,171,28,1,1,allocated
76,10196,greenran_normal,0,0,65535_65535,0,3,190897,163,1,1,0,22,0,28,1,1,pre_allocation
76,10196,greenran_normal,0,0,65535_65535,0,3,190897,171,1,1,1,23,171,28,1,1,allocated
76,10196,greenran_normal,0,0,65535_65535,0,1,190899,163,1,1,0,22,0,28,1,1,pre_allocation
76,10196,greenran_normal,0,0,65535_65535,0,1,190899,171,1,1,1,23,171,28,1,1,allocated
76,10196,greenran_normal,0,0,65535_65535,0,5,190893,163,1,1,0,22,0,28,1,1,pre_allocation
76,10196,greenran_normal,0,0,65535_65535,0,5,190893,171,1,1,1,23,171,28,1,1,allocated
76,10196,greenran_normal,0,0,65535_65535,0,4,194139,139,1,1,0,23,0,24,1,1,pre_allocation
76,10196,greenran_normal,0,0,65535_65535,0,4,194139,145,1,1,1,24,145,24,1,1,allocated
76,10196,greenran_normal,0,0,65535_65535,0,2,190902,171,1,1,0,23,0,28,1,1,pre_allocation
76,10196,greenran_normal,0,0,65535_65535,0,2,190902,179,1,1,1,24,179,28,1,1,allocated
76,10196,greenran_normal,0,0,65535_65535,0,3,190897,171,1,1,0,23,0,28,1,1,pre_allocation
76,10196,greenran_normal,0,0,65535_65535,0,3,190897,179,1,1,1,24,179,28,1,1,allocated
76,10196,greenran_normal,0,0,65535_65535,0,1,190899,171,1,1,0,23,0,28,1,1,pre_allocation
76,10196,greenran_normal,0,0,65535_65535,0,1,190899,179,1,1,1,24,179,28,1,1,allocated
76,10196,greenran_normal,0,0,65535_65535,0,5,190893,171,1,1,0,23,0,28,1,1,pre_allocation
76,10196,greenran_normal,0,0,65535_65535,0,5,190893,179,1,1,1,24,179,28,1,1,allocated
76,10196,greenran_normal,0,0,65535_65535,0,4,194139,145,1,1,0,24,0,24,1,1,pre_allocation
76,10196,greenran_normal,0,0,65535_65535,0,4,194139,151,1,1,1,25,151,24,1,1,allocated
76,10196,greenran_normal,0,0,65535_65535,0,2,190902,179,1,1,0,24,0,28,1,1,pre_allocation
76,10196,greenran_normal,0,0,65535_65535,0,2,190902,186,1,1,1,25,186,28,1,1,allocated
76,10196,greenran_normal,0,0,65535_65535,0,3,190897,179,1,1,0,24,0,28,1,1,pre_allocation
76,10196,greenran_normal,0,0,65535_65535,0,3,190897,186,1,1,1,25,186,28,1,1,allocated
76,10196,greenran_normal,0,0,65535_65535,0,1,190899,179,1,1,0,24,0,28,1,1,pre_allocation
76,10196,greenran_normal,0,0,65535_65535,0,1,190899,186,1,1,1,25,186,28,1,1,allocated
76,10196,greenran_normal,0,0,65535_65535,0,5,190893,179,1,1,0,24,0,28,1,1,pre_allocation
76,10196,greenran_normal,0,0,65535_65535,0,5,190893,186,1,1,1,25,186,28,1,1,allocated
76,10196,greenran_normal,0,0,65535_65535,0,4,194139,151,1,1,0,25,0,24,1,1,pre_allocation
76,10196,greenran_normal,0,0,65535_65535,0,4,194139,157,1,1,1,26,157,24,1,1,allocated
76,10196,greenran_normal,0,0,65535_65535,0,2,190902,186,1,1,0,25,0,28,1,1,pre_allocation
76,10196,greenran_normal,0,0,65535_65535,0,2,190902,194,1,1,1,26,194,28,1,1,allocated
76,10196,greenran_normal,0,0,65535_65535,0,3,190897,186,1,1,0,25,0,28,1,1,pre_allocation
76,10196,greenran_normal,0,0,65535_65535,0,3,190897,194,1,1,1,26,194,28,1,1,allocated
76,10196,greenran_normal,0,0,65535_65535,0,1,190899,186,1,1,0,25,0,28,1,1,pre_allocation
76,10196,greenran_normal,0,0,65535_65535,0,1,190899,194,1,1,1,26,194,28,1,1,allocated
76,10196,greenran_normal,0,0,65535_65535,0,5,190893,186,1,1,0,25,0,28,1,1,pre_allocation
76,10196,greenran_normal,0,0,65535_65535,0,5,190893,194,1,1,1,26,194,28,1,1,allocated
76,10196,greenran_normal,0,0,65535_65535,0,4,194139,157,1,1,0,26,0,24,1,1,pre_allocation
76,10196,greenran_normal,0,0,65535_65535,0,4,194139,164,1,1,1,27,164,24,1,1,allocated
76,10196,greenran_normal,0,0,65535_65535,0,2,190902,194,1,1,0,26,0,28,1,1,pre_allocation
76,10196,greenran_normal,0,0,65535_65535,0,2,190902,201,1,1,1,27,201,28,1,1,allocated
76,10196,greenran_normal,0,0,65535_65535,0,3,190897,194,1,1,0,26,0,28,1,1,pre_allocation
76,10196,greenran_normal,0,0,65535_65535,0,3,190897,201,1,1,1,27,201,28,1,1,allocated
76,10196,greenran_normal,0,0,65535_65535,0,1,190899,194,1,1,0,26,0,28,1,1,pre_allocation
76,10196,greenran_normal,0,0,65535_65535,0,1,190899,201,1,1,1,27,201,28,1,1,allocated
76,10196,greenran_normal,0,0,65535_65535,0,5,190893,194,1,1,0,26,0,28,1,1,pre_allocation
76,10196,greenran_normal,0,0,65535_65535,0,5,190893,201,1,1,1,27,201,28,1,1,allocated
76,10196,greenran_normal,0,0,65535_65535,0,4,194139,164,1,1,0,27,0,24,1,1,pre_allocation
76,10196,greenran_normal,0,0,65535_65535,0,4,194139,170,1,1,1,28,170,24,1,1,allocated
76,10196,greenran_normal,0,0,65535_65535,0,2,190902,201,1,1,0,27,0,28,1,1,pre_allocation
76,10196,greenran_normal,0,0,65535_65535,0,2,190902,209,1,1,1,28,209,28,1,1,allocated
76,10196,greenran_normal,0,0,65535_65535,0,3,190897,201,1,1,0,27,0,28,1,1,pre_allocation
76,10196,greenran_normal,0,0,65535_65535,0,3,190897,209,1,1,1,28,209,28,1,1,allocated
76,10196,greenran_normal,0,0,65535_65535,0,1,190899,201,1,1,0,27,0,28,1,1,pre_allocation
76,10196,greenran_normal,0,0,65535_65535,0,1,190899,209,1,1,1,28,209,28,1,1,allocated
76,10196,greenran_normal,0,0,65535_65535,0,5,190893,201,1,1,0,27,0,28,1,1,pre_allocation
76,10196,greenran_normal,0,0,65535_65535,0,5,190893,209,1,1,1,28,209,28,1,1,allocated
76,10196,greenran_normal,0,0,65535_65535,0,4,194139,170,1,1,0,28,0,24,1,1,pre_allocation
76,10196,greenran_normal,0,0,65535_65535,0,4,194139,176,1,1,1,29,176,24,1,1,allocated
76,10196,greenran_normal,0,0,65535_65535,0,2,190902,209,1,1,0,28,0,28,1,1,pre_allocation
76,10196,greenran_normal,0,0,65535_65535,0,2,190902,217,1,1,1,29,217,28,1,1,allocated
76,10196,greenran_normal,0,0,65535_65535,0,3,190897,209,1,1,0,28,0,28,1,1,pre_allocation
76,10196,greenran_normal,0,0,65535_65535,0,3,190897,217,1,1,1,29,217,28,1,1,allocated
76,10196,greenran_normal,0,0,65535_65535,0,1,190899,209,1,1,0,28,0,28,1,1,pre_allocation
76,10196,greenran_normal,0,0,65535_65535,0,1,190899,217,1,1,1,29,217,28,1,1,allocated
76,10196,greenran_normal,0,0,65535_65535,0,5,190893,209,1,1,0,28,0,28,1,1,pre_allocation
76,10196,greenran_normal,0,0,65535_65535,0,5,190893,217,1,1,1,29,217,28,1,1,allocated
76,10196,greenran_normal,0,0,65535_65535,0,4,194139,176,1,1,0,29,0,24,1,1,pre_allocation
76,10196,greenran_normal,0,0,65535_65535,0,4,194139,182,1,1,1,30,182,24,1,1,allocated
76,10196,greenran_normal,0,0,65535_65535,0,2,190902,217,1,1,0,29,0,28,1,1,pre_allocation
76,10196,greenran_normal,0,0,65535_65535,0,2,190902,224,1,1,1,30,224,28,1,1,allocated
76,10196,greenran_normal,0,0,65535_65535,0,3,190897,217,1,1,0,29,0,28,1,1,pre_allocation
76,10196,greenran_normal,0,0,65535_65535,0,3,190897,224,1,1,1,30,224,28,1,1,allocated
76,10196,greenran_normal,0,0,65535_65535,0,1,190899,217,1,1,0,29,0,28,1,1,pre_allocation
76,10196,greenran_normal,0,0,65535_65535,0,1,190899,224,1,1,1,30,224,28,1,1,allocated
76,10196,greenran_normal,0,0,65535_65535,0,5,190893,217,1,1,0,29,0,28,1,1,pre_allocation
76,10196,greenran_normal,0,0,65535_65535,0,5,190893,224,1,1,1,30,224,28,1,1,allocated
76,10196,greenran_normal,0,0,65535_65535,0,4,194139,182,1,1,0,30,0,24,1,1,pre_allocation
76,10196,greenran_normal,0,0,65535_65535,0,4,194139,188,1,1,1,31,188,24,1,1,allocated
76,10196,greenran_normal,0,0,65535_65535,0,2,190902,224,1,1,0,30,0,28,1,1,pre_allocation
76,10196,greenran_normal,0,0,65535_65535,0,2,190902,232,1,1,1,31,232,28,1,1,allocated
76,10196,greenran_normal,0,0,65535_65535,0,3,190897,224,1,1,0,30,0,28,1,1,pre_allocation
76,10196,greenran_normal,0,0,65535_65535,0,3,190897,232,1,1,1,31,232,28,1,1,allocated
76,10196,greenran_normal,0,0,65535_65535,0,1,190899,224,1,1,0,30,0,28,1,1,pre_allocation
76,10196,greenran_normal,0,0,65535_65535,0,1,190899,232,1,1,1,31,232,28,1,1,allocated
76,10196,greenran_normal,0,0,65535_65535,0,5,190893,224,1,1,0,30,0,28,1,1,pre_allocation
76,10196,greenran_normal,0,0,65535_65535,0,5,190893,232,1,1,1,31,232,28,1,1,allocated
76,10196,greenran_normal,0,0,65535_65535,0,4,194139,188,1,1,0,31,0,24,1,1,pre_allocation
76,10196,greenran_normal,0,0,65535_65535,0,4,194139,195,1,1,1,32,195,24,1,1,allocated
76,10196,greenran_normal,0,0,65535_65535,0,2,190902,232,1,1,0,31,0,28,1,1,pre_allocation
76,10196,greenran_normal,0,0,65535_65535,0,2,190902,239,1,1,1,32,239,28,1,1,allocated
76,10196,greenran_normal,0,0,65535_65535,0,3,190897,232,1,1,0,31,0,28,1,1,pre_allocation
76,10196,greenran_normal,0,0,65535_65535,0,3,190897,239,1,1,1,32,239,28,1,1,allocated
76,10196,greenran_normal,0,0,65535_65535,0,1,190899,232,1,1,0,31,0,28,1,1,pre_allocation
76,10196,greenran_normal,0,0,65535_65535,0,1,190899,239,1,1,1,32,239,28,1,1,allocated
76,10196,greenran_normal,0,0,65535_65535,0,5,190893,232,1,1,0,31,0,28,1,1,pre_allocation
76,10196,greenran_normal,0,0,65535_65535,0,5,190893,239,1,1,1,32,239,28,1,1,allocated
76,10196,greenran_normal,0,0,65535_65535,0,4,194139,195,1,1,0,32,0,24,1,1,pre_allocation
76,10196,greenran_normal,0,0,65535_65535,0,4,194139,201,1,1,1,33,201,24,1,1,allocated
76,10196,greenran_normal,0,0,65535_65535,0,2,190902,239,1,1,0,32,0,28,1,1,pre_allocation
76,10196,greenran_normal,0,0,65535_65535,0,2,190902,247,1,1,1,33,247,28,1,1,allocated
76,10196,greenran_normal,0,0,65535_65535,0,3,190897,239,1,1,0,32,0,28,1,1,pre_allocation
76,10196,greenran_normal,0,0,65535_65535,0,3,190897,247,1,1,1,33,247,28,1,1,allocated
76,10196,greenran_normal,0,0,65535_65535,0,1,190899,239,1,1,0,32,0,28,1,1,pre_allocation
76,10196,greenran_normal,0,0,65535_65535,0,1,190899,247,1,1,1,33,247,28,1,1,allocated
76,10196,greenran_normal,0,0,65535_65535,0,5,190893,239,1,1,0,32,0,28,1,1,pre_allocation
76,10196,greenran_normal,0,0,65535_65535,0,5,190893,247,1,1,1,33,247,28,1,1,allocated
76,10196,greenran_normal,0,0,65535_65535,0,4,194139,201,1,1,0,33,0,24,1,1,pre_allocation
76,10196,greenran_normal,0,0,65535_65535,0,4,194139,207,1,1,1,34,207,24,1,1,allocated
76,10196,greenran_normal,0,0,65535_65535,0,2,190902,247,1,1,0,33,0,28,1,1,pre_allocation
76,10196,greenran_normal,0,0,65535_65535,0,2,190902,255,1,1,1,34,255,28,1,1,allocated
76,10196,greenran_normal,0,0,65535_65535,0,3,190897,247,1,1,0,33,0,28,1,1,pre_allocation
76,10196,greenran_normal,0,0,65535_65535,0,3,190897,255,1,1,1,34,255,28,1,1,allocated
76,10196,greenran_normal,0,0,65535_65535,2,38,6196124,0,1,1,0,0,0,2,1,1,pre_allocation
76,10196,greenran_normal,0,0,65535_65535,2,38,6196124,0,1,1,1,1,0,2,1,1,allocated
76,10196,greenran_normal,0,0,65535_65535,2,60,6195732,0,1,1,0,0,0,12,1,1,pre_allocation
76,10196,greenran_normal,0,0,65535_65535,2,60,6195732,2,1,1,1,1,2,12,1,1,allocated
76,10196,greenran_normal,0,0,65535_65535,2,64,6195394,0,1,1,0,0,0,8,1,1,pre_allocation
76,10196,greenran_normal,0,0,65535_65535,2,64,6195394,1,1,1,1,1,1,8,1,1,allocated
76,10196,greenran_normal,0,0,65535_65535,2,43,6194510,0,1,1,0,0,0,20,1,1,pre_allocation
76,10196,greenran_normal,0,0,65535_65535,2,43,6194510,1,1,1,1,1,1,20,1,1,allocated
76,10196,greenran_normal,0,0,65535_65535,2,42,6193836,0,1,1,0,0,0,22,1,1,pre_allocation
76,10196,greenran_normal,0,0,65535_65535,2,42,6193836,2,1,1,1,1,2,22,1,1,allocated
76,10196,greenran_normal,0,0,65535_65535,2,59,6193192,0,1,1,0,0,0,24,1,1,pre_allocation
76,10196,greenran_normal,0,0,65535_65535,2,59,6193192,3,1,1,1,1,3,24,1,1,allocated
76,10196,greenran_normal,0,0,65535_65535,2,36,6193172,0,1,1,0,0,0,26,1,1,pre_allocation
76,10196,greenran_normal,0,0,65535_65535,2,36,6193172,4,1,1,1,1,4,26,1,1,allocated
76,10196,greenran_normal,0,0,65535_65535,2,58,6193188,0,1,1,0,0,0,26,1,1,pre_allocation
76,10196,greenran_normal,0,0,65535_65535,2,58,6193188,4,1,1,1,1,4,26,1,1,allocated
76,10196,greenran_normal,0,0,65535_65535,2,39,6193094,0,1,1,0,0,0,28,1,1,pre_allocation
76,10196,greenran_normal,0,0,65535_65535,2,39,6193094,4,1,1,1,1,4,28,1,1,allocated
76,10196,greenran_normal,0,0,65535_65535,2,35,6193089,0,1,1,0,0,0,28,1,1,pre_allocation
76,10196,greenran_normal,0,0,65535_65535,2,35,6193089,4,1,1,1,1,4,28,1,1,allocated
76,10196,greenran_normal,0,0,65535_65535,2,40,6193092,0,1,1,0,0,0,28,1,1,pre_allocation
76,10196,greenran_normal,0,0,65535_65535,2,40,6193092,4,1,1,1,1,4,28,1,1,allocated
76,10196,greenran_normal,0,0,65535_65535,2,44,6193089,0,1,1,0,0,0,28,1,1,pre_allocation
76,10196,greenran_normal,0,0,65535_65535,2,44,6193089,4,1,1,1,1,4,28,1,1,allocated
76,10196,greenran_normal,0,0,65535_65535,2,41,6193092,0,1,1,0,0,0,28,1,1,pre_allocation
76,10196,greenran_normal,0,0,65535_65535,2,41,6193092,4,1,1,1,1,4,28,1,1,allocated
76,10196,greenran_normal,0,0,65535_65535,2,55,6193089,0,1,1,0,0,0,28,1,1,pre_allocation
76,10196,greenran_normal,0,0,65535_65535,2,55,6193089,4,1,1,1,1,4,28,1,1,allocated
76,10196,greenran_normal,0,0,65535_65535,2,56,6193089,0,1,1,0,0,0,28,1,1,pre_allocation
76,10196,greenran_normal,0,0,65535_65535,2,56,6193089,4,1,1,1,1,4,28,1,1,allocated
76,10196,greenran_normal,0,0,65535_65535,2,57,6193089,0,1,1,0,0,0,28,1,1,pre_allocation
76,10196,greenran_normal,0,0,65535_65535,2,57,6193089,4,1,1,1,1,4,28,1,1,allocated
76,10196,greenran_normal,0,0,65535_65535,2,61,6193088,0,1,1,0,0,0,28,1,1,pre_allocation
76,10196,greenran_normal,0,0,65535_65535,2,61,6193088,4,1,1,1,1,4,28,1,1,allocated
76,10196,greenran_normal,0,0,65535_65535,2,62,6193087,0,1,1,0,0,0,28,1,1,pre_allocation
76,10196,greenran_normal,0,0,65535_65535,2,62,6193087,4,1,1,1,1,4,28,1,1,allocated
76,10196,greenran_normal,0,0,65535_65535,2,63,6193086,0,1,1,0,0,0,28,1,1,pre_allocation
76,10196,greenran_normal,0,0,65535_65535,2,63,6193086,4,1,1,1,1,4,28,1,1,allocated
76,10196,greenran_normal,0,0,65535_65535,2,37,6193083,0,1,1,0,0,0,28,1,1,pre_allocation
76,10196,greenran_normal,0,0,65535_65535,2,37,6193083,4,1,1,1,1,4,28,1,1,allocated
76,10196,greenran_normal,0,0,65535_65535,2,38,6196124,0,1,1,0,1,0,2,1,1,pre_allocation
76,10196,greenran_normal,0,0,65535_65535,2,38,6196124,0,1,1,1,2,0,2,1,1,allocated
76,10196,greenran_normal,0,0,65535_65535,2,60,6195732,2,1,1,0,1,0,12,1,1,pre_allocation
76,10196,greenran_normal,0,0,65535_65535,2,60,6195732,1,1,1,1,2,1,12,1,1,allocated
76,10196,greenran_normal,0,0,65535_65535,2,64,6195394,1,1,1,0,1,0,8,1,1,pre_allocation
76,10196,greenran_normal,0,0,65535_65535,2,64,6195394,2,1,1,1,2,2,8,1,1,allocated
76,10196,greenran_normal,0,0,65535_65535,2,43,6194510,1,1,1,0,1,0,20,1,1,pre_allocation
76,10196,greenran_normal,0,0,65535_65535,2,43,6194510,6,1,1,1,2,6,20,1,1,allocated
76,10196,greenran_normal,0,0,65535_65535,2,42,6193836,2,1,1,0,1,0,22,1,1,pre_allocation
76,10196,greenran_normal,0,0,65535_65535,2,42,6193836,7,1,1,1,2,7,22,1,1,allocated
76,10196,greenran_normal,0,0,65535_65535,2,59,6193192,3,1,1,0,1,0,24,1,1,pre_allocation
76,10196,greenran_normal,0,0,65535_65535,2,59,6193192,9,1,1,1,2,9,24,1,1,allocated
76,10196,greenran_normal,0,0,65535_65535,2,36,6193172,4,1,1,0,1,0,26,1,1,pre_allocation
76,10196,greenran_normal,0,0,65535_65535,2,36,6193172,11,1,1,1,2,11,26,1,1,allocated
76,10196,greenran_normal,0,0,65535_65535,2,58,6193188,4,1,1,0,1,0,26,1,1,pre_allocation
76,10196,greenran_normal,0,0,65535_65535,2,58,6193188,11,1,1,1,2,11,26,1,1,allocated
76,10196,greenran_normal,0,0,65535_65535,2,39,6193094,4,1,1,0,1,0,28,1,1,pre_allocation
76,10196,greenran_normal,0,0,65535_65535,2,39,6193094,12,1,1,1,2,12,28,1,1,allocated
76,10196,greenran_normal,0,0,65535_65535,2,35,6193089,4,1,1,0,1,0,28,1,1,pre_allocation
76,10196,greenran_normal,0,0,65535_65535,2,35,6193089,12,1,1,1,2,12,28,1,1,allocated
76,10196,greenran_normal,0,0,65535_65535,2,40,6193092,4,1,1,0,1,0,28,1,1,pre_allocation
76,10196,greenran_normal,0,0,65535_65535,2,40,6193092,12,1,1,1,2,12,28,1,1,allocated
76,10196,greenran_normal,0,0,65535_65535,2,44,6193089,4,1,1,0,1,0,28,1,1,pre_allocation
76,10196,greenran_normal,0,0,65535_65535,2,44,6193089,12,1,1,1,2,12,28,1,1,allocated
76,10196,greenran_normal,0,0,65535_65535,2,41,6193092,4,1,1,0,1,0,28,1,1,pre_allocation
76,10196,greenran_normal,0,0,65535_65535,2,41,6193092,12,1,1,1,2,12,28,1,1,allocated
76,10196,greenran_normal,0,0,65535_65535,2,55,6193089,4,1,1,0,1,0,28,1,1,pre_allocation
76,10196,greenran_normal,0,0,65535_65535,2,55,6193089,12,1,1,1,2,12,28,1,1,allocated
76,10196,greenran_normal,0,0,65535_65535,2,56,6193089,4,1,1,0,1,0,28,1,1,pre_allocation
76,10196,greenran_normal,0,0,65535_65535,2,56,6193089,12,1,1,1,2,12,28,1,1,allocated
76,10196,greenran_normal,0,0,65535_65535,2,57,6193089,4,1,1,0,1,0,28,1,1,pre_allocation
76,10196,greenran_normal,0,0,65535_65535,2,57,6193089,12,1,1,1,2,12,28,1,1,allocated
76,10196,greenran_normal,0,0,65535_65535,2,61,6193088,4,1,1,0,1,0,28,1,1,pre_allocation
76,10196,greenran_normal,0,0,65535_65535,2,61,6193088,12,1,1,1,2,12,28,1,1,allocated
76,10196,greenran_normal,0,0,65535_65535,2,62,6193087,4,1,1,0,1,0,28,1,1,pre_allocation
76,10196,greenran_normal,0,0,65535_65535,2,62,6193087,12,1,1,1,2,12,28,1,1,allocated
76,10196,greenran_normal,0,0,65535_65535,2,63,6193086,4,1,1,0,1,0,28,1,1,pre_allocation
76,10196,greenran_normal,0,0,65535_65535,2,63,6193086,12,1,1,1,2,12,28,1,1,allocated
76,10196,greenran_normal,0,0,65535_65535,2,37,6193083,4,1,1,0,1,0,28,1,1,pre_allocation
76,10196,greenran_normal,0,0,65535_65535,2,37,6193083,12,1,1,1,2,12,28,1,1,allocated
76,10196,greenran_normal,0,0,65535_65535,2,38,6196124,0,1,1,0,2,0,2,1,1,pre_allocation
76,10196,greenran_normal,0,0,65535_65535,2,38,6196124,0,1,1,1,3,0,2,1,1,allocated
76,10196,greenran_normal,0,0,65535_65535,2,60,6195732,1,1,1,0,2,0,12,1,1,pre_allocation
76,10196,greenran_normal,0,0,65535_65535,2,60,6195732,3,1,1,1,3,3,12,1,1,allocated
76,10196,greenran_normal,0,0,65535_65535,2,64,6195394,2,1,1,0,2,0,8,1,1,pre_allocation
76,10196,greenran_normal,0,0,65535_65535,2,64,6195394,0,1,1,1,3,0,8,1,1,allocated
76,10196,greenran_normal,0,0,65535_65535,2,43,6194510,6,1,1,0,2,0,20,1,1,pre_allocation
76,10196,greenran_normal,0,0,65535_65535,2,43,6194510,10,1,1,1,3,10,20,1,1,allocated
76,10196,greenran_normal,0,0,65535_65535,2,42,6193836,7,1,1,0,2,0,22,1,1,pre_allocation
76,10196,greenran_normal,0,0,65535_65535,2,42,6193836,13,1,1,1,3,13,22,1,1,allocated
76,10196,greenran_normal,0,0,65535_65535,2,59,6193192,9,1,1,0,2,0,24,1,1,pre_allocation
76,10196,greenran_normal,0,0,65535_65535,2,59,6193192,15,1,1,1,3,15,24,1,1,allocated
76,10196,greenran_normal,0,0,65535_65535,2,36,6193172,11,1,1,0,2,0,26,1,1,pre_allocation
76,10196,greenran_normal,0,0,65535_65535,2,36,6193172,18,1,1,1,3,18,26,1,1,allocated
76,10196,greenran_normal,0,0,65535_65535,2,58,6193188,11,1,1,0,2,0,26,1,1,pre_allocation
76,10196,greenran_normal,0,0,65535_65535,2,58,6193188,18,1,1,1,3,18,26,1,1,allocated
76,10196,greenran_normal,0,0,65535_65535,2,39,6193094,12,1,1,0,2,0,28,1,1,pre_allocation
76,10196,greenran_normal,0,0,65535_65535,2,39,6193094,19,1,1,1,3,19,28,1,1,allocated
76,10196,greenran_normal,0,0,65535_65535,2,35,6193089,12,1,1,0,2,0,28,1,1,pre_allocation
76,10196,greenran_normal,0,0,65535_65535,2,35,6193089,19,1,1,1,3,19,28,1,1,allocated
76,10196,greenran_normal,0,0,65535_65535,2,40,6193092,12,1,1,0,2,0,28,1,1,pre_allocation
76,10196,greenran_normal,0,0,65535_65535,2,40,6193092,19,1,1,1,3,19,28,1,1,allocated
76,10196,greenran_normal,0,0,65535_65535,2,44,6193089,12,1,1,0,2,0,28,1,1,pre_allocation
76,10196,greenran_normal,0,0,65535_65535,2,44,6193089,19,1,1,1,3,19,28,1,1,allocated
76,10196,greenran_normal,0,0,65535_65535,2,41,6193092,12,1,1,0,2,0,28,1,1,pre_allocation
76,10196,greenran_normal,0,0,65535_65535,2,41,6193092,19,1,1,1,3,19,28,1,1,allocated
76,10196,greenran_normal,0,0,65535_65535,2,55,6193089,12,1,1,0,2,0,28,1,1,pre_allocation
76,10196,greenran_normal,0,0,65535_65535,2,55,6193089,19,1,1,1,3,19,28,1,1,allocated
76,10196,greenran_normal,0,0,65535_65535,2,56,6193089,12,1,1,0,2,0,28,1,1,pre_allocation
76,10196,greenran_normal,0,0,65535_65535,2,56,6193089,19,1,1,1,3,19,28,1,1,allocated
76,10196,greenran_normal,0,0,65535_65535,2,57,6193089,12,1,1,0,2,0,28,1,1,pre_allocation
76,10196,greenran_normal,0,0,65535_65535,2,57,6193089,19,1,1,1,3,19,28,1,1,allocated
76,10196,greenran_normal,0,0,65535_65535,2,61,6193088,12,1,1,0,2,0,28,1,1,pre_allocation
76,10196,greenran_normal,0,0,65535_65535,2,61,6193088,19,1,1,1,3,19,28,1,1,allocated
76,10196,greenran_normal,0,0,65535_65535,2,62,6193087,12,1,1,0,2,0,28,1,1,pre_allocation
76,10196,greenran_normal,0,0,65535_65535,2,62,6193087,19,1,1,1,3,19,28,1,1,allocated
76,10196,greenran_normal,0,0,65535_65535,2,63,6193086,12,1,1,0,2,0,28,1,1,pre_allocation
76,10196,greenran_normal,0,0,65535_65535,2,63,6193086,19,1,1,1,3,19,28,1,1,allocated
76,10196,greenran_normal,0,0,65535_65535,2,37,6193083,12,1,1,0,2,0,28,1,1,pre_allocation
76,10196,greenran_normal,0,0,65535_65535,2,37,6193083,19,1,1,1,3,19,28,1,1,allocated
76,10196,greenran_normal,0,0,65535_65535,2,38,6196124,0,1,1,0,3,0,2,1,1,pre_allocation
76,10196,greenran_normal,0,0,65535_65535,2,38,6196124,1,1,1,1,4,1,2,1,1,allocated
76,10196,greenran_normal,0,0,65535_65535,2,60,6195732,3,1,1,0,3,0,12,1,1,pre_allocation
76,10196,greenran_normal,0,0,65535_65535,2,60,6195732,5,1,1,1,4,5,12,1,1,allocated
76,10196,greenran_normal,0,0,65535_65535,2,64,6195394,0,1,1,0,3,0,8,1,1,pre_allocation
76,10196,greenran_normal,0,0,65535_65535,2,64,6195394,1,1,1,1,4,1,8,1,1,allocated
76,10196,greenran_normal,0,0,65535_65535,2,43,6194510,10,1,1,0,3,0,20,1,1,pre_allocation
76,10196,greenran_normal,0,0,65535_65535,2,43,6194510,15,1,1,1,4,15,20,1,1,allocated
76,10196,greenran_normal,0,0,65535_65535,2,42,6193836,13,1,1,0,3,0,22,1,1,pre_allocation
76,10196,greenran_normal,0,0,65535_65535,2,42,6193836,18,1,1,1,4,18,22,1,1,allocated
76,10196,greenran_normal,0,0,65535_65535,2,59,6193192,15,1,1,0,3,0,24,1,1,pre_allocation
76,10196,greenran_normal,0,0,65535_65535,2,59,6193192,21,1,1,1,4,21,24,1,1,allocated
76,10196,greenran_normal,0,0,65535_65535,2,36,6193172,18,1,1,0,3,0,26,1,1,pre_allocation
76,10196,greenran_normal,0,0,65535_65535,2,36,6193172,25,1,1,1,4,25,26,1,1,allocated
76,10196,greenran_normal,0,0,65535_65535,2,58,6193188,18,1,1,0,3,0,26,1,1,pre_allocation
76,10196,greenran_normal,0,0,65535_65535,2,58,6193188,25,1,1,1,4,25,26,1,1,allocated
76,10196,greenran_normal,0,0,65535_65535,2,39,6193094,19,1,1,0,3,0,28,1,1,pre_allocation
76,10196,greenran_normal,0,0,65535_65535,2,39,6193094,27,1,1,1,4,27,28,1,1,allocated
76,10196,greenran_normal,0,0,65535_65535,2,35,6193089,19,1,1,0,3,0,28,1,1,pre_allocation
76,10196,greenran_normal,0,0,65535_65535,2,35,6193089,27,1,1,1,4,27,28,1,1,allocated
76,10196,greenran_normal,0,0,65535_65535,2,40,6193092,19,1,1,0,3,0,28,1,1,pre_allocation
76,10196,greenran_normal,0,0,65535_65535,2,40,6193092,27,1,1,1,4,27,28,1,1,allocated
76,10196,greenran_normal,0,0,65535_65535,2,44,6193089,19,1,1,0,3,0,28,1,1,pre_allocation
76,10196,greenran_normal,0,0,65535_65535,2,44,6193089,27,1,1,1,4,27,28,1,1,allocated
76,10196,greenran_normal,0,0,65535_65535,2,41,6193092,19,1,1,0,3,0,28,1,1,pre_allocation
76,10196,greenran_normal,0,0,65535_65535,2,41,6193092,27,1,1,1,4,27,28,1,1,allocated
76,10196,greenran_normal,0,0,65535_65535,2,55,6193089,19,1,1,0,3,0,28,1,1,pre_allocation
76,10196,greenran_normal,0,0,65535_65535,2,55,6193089,27,1,1,1,4,27,28,1,1,allocated
76,10196,greenran_normal,0,0,65535_65535,2,56,6193089,19,1,1,0,3,0,28,1,1,pre_allocation
76,10196,greenran_normal,0,0,65535_65535,2,56,6193089,27,1,1,1,4,27,28,1,1,allocated
76,10196,greenran_normal,0,0,65535_65535,2,57,6193089,19,1,1,0,3,0,28,1,1,pre_allocation
76,10196,greenran_normal,0,0,65535_65535,2,57,6193089,27,1,1,1,4,27,28,1,1,allocated
76,10196,greenran_normal,0,0,65535_65535,2,61,6193088,19,1,1,0,3,0,28,1,1,pre_allocation
76,10196,greenran_normal,0,0,65535_65535,2,61,6193088,27,1,1,1,4,27,28,1,1,allocated
76,10196,greenran_normal,0,0,65535_65535,2,62,6193087,19,1,1,0,3,0,28,1,1,pre_allocation
76,10196,greenran_normal,0,0,65535_65535,2,62,6193087,27,1,1,1,4,27,28,1,1,allocated
76,10196,greenran_normal,0,0,65535_65535,2,63,6193086,19,1,1,0,3,0,28,1,1,pre_allocation
76,10196,greenran_normal,0,0,65535_65535,2,63,6193086,27,1,1,1,4,27,28,1,1,allocated
76,10196,greenran_normal,0,0,65535_65535,2,37,6193083,19,1,1,0,3,0,28,1,1,pre_allocation
76,10196,greenran_normal,0,0,65535_65535,2,37,6193083,27,1,1,1,4,27,28,1,1,allocated
76,10196,greenran_normal,0,0,65535_65535,2,38,6196124,1,1,1,0,4,0,2,1,1,pre_allocation
76,10196,greenran_normal,0,0,65535_65535,2,38,6196124,1,1,1,1,5,1,2,1,1,allocated
76,10196,greenran_normal,0,0,65535_65535,2,60,6195732,5,1,1,0,4,0,12,1,1,pre_allocation
76,10196,greenran_normal,0,0,65535_65535,2,60,6195732,7,1,1,1,5,7,12,1,1,allocated
76,10196,greenran_normal,0,0,65535_65535,2,64,6195394,1,1,1,0,4,0,8,1,1,pre_allocation
76,10196,greenran_normal,0,0,65535_65535,2,64,6195394,3,1,1,1,5,3,8,1,1,allocated
76,10196,greenran_normal,0,0,65535_65535,2,43,6194510,15,1,1,0,4,0,20,1,1,pre_allocation
76,10196,greenran_normal,0,0,65535_65535,2,43,6194510,19,1,1,1,5,19,20,1,1,allocated
76,10196,greenran_normal,0,0,65535_65535,2,42,6193836,18,1,1,0,4,0,22,1,1,pre_allocation
76,10196,greenran_normal,0,0,65535_65535,2,42,6193836,23,1,1,1,5,23,22,1,1,allocated
76,10196,greenran_normal,0,0,65535_65535,2,59,6193192,21,1,1,0,4,0,24,1,1,pre_allocation
76,10196,greenran_normal,0,0,65535_65535,2,59,6193192,27,1,1,1,5,27,24,1,1,allocated
76,10196,greenran_normal,0,0,65535_65535,2,36,6193172,25,1,1,0,4,0,26,1,1,pre_allocation
76,10196,greenran_normal,0,0,65535_65535,2,36,6193172,32,1,1,1,5,32,26,1,1,allocated
76,10196,greenran_normal,0,0,65535_65535,2,58,6193188,25,1,1,0,4,0,26,1,1,pre_allocation
76,10196,greenran_normal,0,0,65535_65535,2,58,6193188,32,1,1,1,5,32,26,1,1,allocated
76,10196,greenran_normal,0,0,65535_65535,2,39,6193094,27,1,1,0,4,0,28,1,1,pre_allocation
76,10196,greenran_normal,0,0,65535_65535,2,39,6193094,34,1,1,1,5,34,28,1,1,allocated
76,10196,greenran_normal,0,0,65535_65535,2,35,6193089,27,1,1,0,4,0,28,1,1,pre_allocation
76,10196,greenran_normal,0,0,65535_65535,2,35,6193089,34,1,1,1,5,34,28,1,1,allocated
76,10196,greenran_normal,0,0,65535_65535,2,40,6193092,27,1,1,0,4,0,28,1,1,pre_allocation
76,10196,greenran_normal,0,0,65535_65535,2,40,6193092,34,1,1,1,5,34,28,1,1,allocated
76,10196,greenran_normal,0,0,65535_65535,2,44,6193089,27,1,1,0,4,0,28,1,1,pre_allocation
76,10196,greenran_normal,0,0,65535_65535,2,44,6193089,34,1,1,1,5,34,28,1,1,allocated
76,10196,greenran_normal,0,0,65535_65535,2,41,6193092,27,1,1,0,4,0,28,1,1,pre_allocation
76,10196,greenran_normal,0,0,65535_65535,2,41,6193092,34,1,1,1,5,34,28,1,1,allocated
76,10196,greenran_normal,0,0,65535_65535,2,55,6193089,27,1,1,0,4,0,28,1,1,pre_allocation
76,10196,greenran_normal,0,0,65535_65535,2,55,6193089,34,1,1,1,5,34,28,1,1,allocated
76,10196,greenran_normal,0,0,65535_65535,2,56,6193089,27,1,1,0,4,0,28,1,1,pre_allocation
76,10196,greenran_normal,0,0,65535_65535,2,56,6193089,34,1,1,1,5,34,28,1,1,allocated
76,10196,greenran_normal,0,0,65535_65535,2,57,6193089,27,1,1,0,4,0,28,1,1,pre_allocation
76,10196,greenran_normal,0,0,65535_65535,2,57,6193089,34,1,1,1,5,34,28,1,1,allocated
76,10196,greenran_normal,0,0,65535_65535,2,61,6193088,27,1,1,0,4,0,28,1,1,pre_allocation
76,10196,greenran_normal,0,0,65535_65535,2,61,6193088,34,1,1,1,5,34,28,1,1,allocated
76,10196,greenran_normal,0,0,65535_65535,2,62,6193087,27,1,1,0,4,0,28,1,1,pre_allocation
76,10196,greenran_normal,0,0,65535_65535,2,62,6193087,34,1,1,1,5,34,28,1,1,allocated
