timestamp,sliceId,dedicatedPRB,minPRB,maxPRB
510,0,41.30022678298438,41.30022678298438,100.0
510,1,34.612169184774785,34.612169184774785,100.0
510,2,24.08760403224083,24.08760403224083,100.0
520,0,33.886466993336796,33.886466993336796,100.0
520,1,33.2357098059381,33.2357098059381,100.0
520,2,32.87782320072511,32.87782320072511,100.0
530,0,41.678729227599085,41.678729227599085,100.0
530,1,28.079364540026074,28.079364540026074,100.0
530,2,30.24190623237485,30.24190623237485,100.0
540,0,42.552660437640476,42.552660437640476,100.0
540,1,26.447283132588716,26.447283132588716,100.0
540,2,31.00005642977081,31.00005642977081,100.0
550,0,22.992336603190537,22.992336603190537,100.0
550,1,46.998006948649945,46.998006948649945,100.0
550,2,30.009656448159518,30.009656448159518,100.0
