timestamp,sliceId,dedicatedPRB,minPRB,maxPRB
510,0,36.14831713216435,36.14831713216435,100.0
510,1,39.83723070974851,39.83723070974851,100.0
510,2,24.014452158087146,24.014452158087146,100.0
520,0,30.990034494788233,30.990034494788233,100.0
520,1,37.038335813414186,37.038335813414186,100.0
520,2,31.97162969179758,31.97162969179758,100.0
530,0,39.119804482277374,39.119804482277374,100.0
530,1,35.68238583146766,35.68238583146766,100.0
530,2,25.197809686254974,25.197809686254974,100.0
540,0,24.617436880089727,24.617436880089727,100.0
540,1,49.48696725557913,49.48696725557913,100.0
540,2,25.89559586433114,25.89559586433114,100.0
550,0,23.695074297953795,23.695074297953795,100.0
550,1,38.53745921306545,38.53745921306545,100.0
550,2,37.76746648898075,37.76746648898075,100.0
560,0,22.87604007843531,22.87604007843531,100.0
560,1,26.360248809991738,26.360248809991738,100.0
560,2,50.76371111157295,50.76371111157295,100.0
570,0,20.28088155643138,20.28088155643138,100.0
570,1,42.995972929313275,42.995972929313275,100.0
570,2,36.72314551425535,36.72314551425535,100.0
580,0,24.19298519298676,24.19298519298676,100.0
580,1,29.514893046553926,29.514893046553926,100.0
580,2,46.29212176045931,46.29212176045931,100.0
590,0,25.33387282933696,25.33387282933696,100.0
590,1,27.62128332703171,27.62128332703171,100.0
590,2,47.044843843631334,47.044843843631334,100.0
600,0,21.50303985170475,21.50303985170475,100.0
600,1,33.18013579103678,33.18013579103678,100.0
600,2,45.31682435725847,45.31682435725847,100.0
610,0,25.275025981783205,25.275025981783205,100.0
610,1,30.52395936129802,30.52395936129802,100.0
610,2,44.20101465691877,44.20101465691877,100.0
620,0,22.551907374272332,22.551907374272332,100.0
620,1,25.90520701893526,25.90520701893526,100.0
620,2,51.54288560679241,51.54288560679241,100.0
630,0,20.909589503516834,20.909589503516834,100.0
630,1,43.68735046971215,43.68735046971215,100.0
630,2,35.40306002677101,35.40306002677101,100.0
640,0,24.87260494474448,24.87260494474448,100.0
640,1,25.590051294018213,25.590051294018213,100.0
640,2,49.53734376123731,49.53734376123731,100.0
650,0,22.525415320265026,22.525415320265026,100.0
650,1,29.51750476952849,29.51750476952849,100.0
650,2,47.95707991020649,47.95707991020649,100.0
660,0,20.71539366517597,20.71539366517597,100.0
660,1,45.45101351106066,45.45101351106066,100.0
660,2,33.83359282376337,33.83359282376337,100.0
670,0,22.713011684579453,22.713011684579453,100.0
670,1,25.852687276496983,25.852687276496983,100.0
670,2,51.43430103892357,51.43430103892357,100.0
680,0,21.97473417960265,21.97473417960265,100.0
680,1,33.86764288752326,33.86764288752326,100.0
680,2,44.157622932874084,44.157622932874084,100.0
690,0,21.789566117814974,21.789566117814974,100.0
690,1,39.06560342074822,39.06560342074822,100.0
690,2,39.14483046143681,39.14483046143681,100.0
700,0,22.474491186978966,22.474491186978966,100.0
700,1,41.17785593983581,41.17785593983581,100.0
700,2,36.347652873185226,36.347652873185226,100.0
710,0,21.469305454558707,21.469305454558707,100.0
710,1,38.925019593078666,38.925019593078666,100.0
710,2,39.60567495236262,39.60567495236262,100.0
720,0,21.44246721800024,21.44246721800024,100.0
720,1,39.32536448364131,39.32536448364131,100.0
720,2,39.23216829835845,39.23216829835845,100.0
730,0,24.483995291238838,24.483995291238838,100.0
730,1,27.16319571816689,27.16319571816689,100.0
730,2,48.35280899059428,48.35280899059428,100.0
740,0,23.365950179618338,23.365950179618338,100.0
740,1,41.10197832827242,41.10197832827242,100.0
740,2,35.53207149210924,35.53207149210924,100.0
750,0,21.55109122936824,21.55109122936824,100.0
750,1,42.74873064104696,42.74873064104696,100.0
750,2,35.700178129584806,35.700178129584806,100.0
760,0,21.42912685540594,21.42912685540594,100.0
760,1,38.73009403130374,38.73009403130374,100.0
760,2,39.84077911329032,39.84077911329032,100.0
770,0,25.69227640709924,25.69227640709924,100.0
770,1,33.45856340357221,33.45856340357221,100.0
770,2,40.84916018932855,40.84916018932855,100.0
780,0,23.54369818470975,23.54369818470975,100.0
780,1,25.88445585653481,25.88445585653481,100.0
780,2,50.57184595875543,50.57184595875543,100.0
790,0,23.352761146717523,23.352761146717523,100.0
790,1,40.711430499110485,40.711430499110485,100.0
790,2,35.935808354171996,35.935808354171996,100.0
800,0,22.33220367641195,22.33220367641195,100.0
800,1,40.887894013487355,40.887894013487355,100.0
800,2,36.77990231010069,36.77990231010069,100.0
810,0,21.84597057548061,21.84597057548061,100.0
810,1,44.633678701695445,44.633678701695445,100.0
810,2,33.52035072282394,33.52035072282394,100.0
820,0,21.35017784436168,21.35017784436168,100.0
820,1,36.275343387152276,36.275343387152276,100.0
820,2,42.37447876848605,42.37447876848605,100.0
830,0,22.353447409616376,22.353447409616376,100.0
830,1,42.55872173927483,42.55872173927483,100.0
830,2,35.08783085110879,35.08783085110879,100.0
840,0,25.92986787735273,25.92986787735273,100.0
840,1,34.06768956900647,34.06768956900647,100.0
840,2,40.00244255364081,40.00244255364081,100.0
850,0,21.11712075226777,21.11712075226777,100.0
850,1,43.598423877276005,43.598423877276005,100.0
850,2,35.28445537045622,35.28445537045622,100.0
860,0,21.308720830383805,21.308720830383805,100.0
860,1,36.37684274861779,36.37684274861779,100.0
860,2,42.314436420998405,42.314436420998405,100.0
870,0,24.311568242751214,24.311568242751214,100.0
870,1,29.214042608728754,29.214042608728754,100.0
870,2,46.47438914852003,46.47438914852003,100.0
880,0,23.131838340909482,23.131838340909482,100.0
880,1,28.32456089374009,28.32456089374009,100.0
880,2,48.54360076535042,48.54360076535042,100.0
890,0,24.581474262425935,24.581474262425935,100.0
890,1,30.411643749415106,30.411643749415106,100.0
890,2,45.00688198815895,45.00688198815895,100.0
900,0,21.91606498090207,21.91606498090207,100.0
900,1,39.088891296096755,39.088891296096755,100.0
900,2,38.995043723001174,38.995043723001174,100.0
910,0,20.657250607823684,20.657250607823684,100.0
910,1,40.87123615888021,40.87123615888021,100.0
910,2,38.47151323329611,38.47151323329611,100.0
920,0,23.794574475150192,23.794574475150192,100.0
920,1,35.90955493133161,35.90955493133161,100.0
920,2,40.295870593518195,40.295870593518195,100.0
930,0,22.830328007558208,22.830328007558208,100.0
930,1,36.63349845091833,36.63349845091833,100.0
930,2,40.53617354152345,40.53617354152345,100.0
940,0,21.855601269184387,21.855601269184387,100.0
940,1,39.59827268456891,39.59827268456891,100.0
940,2,38.54612604624669,38.54612604624669,100.0
950,0,24.04519320476321,24.04519320476321,100.0
950,1,27.035086663013253,27.035086663013253,100.0
950,2,48.91972013222354,48.91972013222354,100.0
960,0,21.748199644749462,21.748199644749462,100.0
960,1,45.981280948572675,45.981280948572675,100.0
960,2,32.27051940667786,32.27051940667786,100.0
970,0,26.400396643784003,26.400396643784003,100.0
970,1,32.73279292391547,32.73279292391547,100.0
970,2,40.866810432300525,40.866810432300525,100.0
980,0,23.11072026533953,23.11072026533953,100.0
980,1,26.782402674122118,26.782402674122118,100.0
980,2,50.10687706053836,50.10687706053836,100.0
990,0,25.268751028681525,25.268751028681525,100.0
990,1,29.031435050052977,29.031435050052977,100.0
990,2,45.699813921265495,45.699813921265495,100.0
1000,0,21.64868310051254,21.64868310051254,100.0
1000,1,35.75536318351423,35.75536318351423,100.0
1000,2,42.59595371597323,42.59595371597323,100.0
1010,0,22.991956604431053,22.991956604431053,100.0
1010,1,33.71509776269,33.71509776269,100.0
1010,2,43.29294563287895,43.29294563287895,100.0
1020,0,21.753027142153655,21.753027142153655,100.0
1020,1,43.94637887588365,43.94637887588365,100.0
1020,2,34.3005939819627,34.3005939819627,100.0
1030,0,20.899757654210216,20.899757654210216,100.0
1030,1,43.108334379683534,43.108334379683534,100.0
1030,2,35.99190796610626,35.99190796610626,100.0
1040,0,23.813830033226058,23.813830033226058,100.0
1040,1,40.15050594672112,40.15050594672112,100.0
1040,2,36.035664020052835,36.035664020052835,100.0
1050,0,24.3434638360526,24.3434638360526,100.0
1050,1,29.260828726753253,29.260828726753253,100.0
1050,2,46.39570743719415,46.39570743719415,100.0
1060,0,21.12301706615898,21.12301706615898,100.0
1060,1,40.36407383406447,40.36407383406447,100.0
1060,2,38.51290909977656,38.51290909977656,100.0
1070,0,21.394016944003834,21.394016944003834,100.0
1070,1,40.903830397340315,40.903830397340315,100.0
1070,2,37.70215265865586,37.70215265865586,100.0
1080,0,26.712877387247204,26.712877387247204,100.0
1080,1,31.827699295017727,31.827699295017727,100.0
1080,2,41.45942331773507,41.45942331773507,100.0
1090,0,22.62980116015373,22.62980116015373,100.0
1090,1,38.504658277249156,38.504658277249156,100.0
1090,2,38.86554056259712,38.86554056259712,100.0
1100,0,21.678967856075197,21.678967856075197,100.0
1100,1,35.32007072634174,35.32007072634174,100.0
1100,2,43.00096141758306,43.00096141758306,100.0
1110,0,23.493553381909653,23.493553381909653,100.0
1110,1,36.14244731548189,36.14244731548189,100.0
1110,2,40.36399930260847,40.36399930260847,100.0
1120,0,24.35399956716797,24.35399956716797,100.0
1120,1,33.9188184201088,33.9188184201088,100.0
1120,2,41.72718201272323,41.72718201272323,100.0
1130,0,27.14807125954221,27.14807125954221,100.0
1130,1,27.637312732691736,27.637312732691736,100.0
1130,2,45.21461600776605,45.21461600776605,100.0
1140,0,22.2014827980904,22.2014827980904,100.0
1140,1,40.07883355108158,40.07883355108158,100.0
1140,2,37.71968365082802,37.71968365082802,100.0
1150,0,26.118794308040837,26.118794308040837,100.0
1150,1,33.928202021869566,33.928202021869566,100.0
1150,2,39.9530036700896,39.9530036700896,100.0
1160,0,21.58511293579836,21.58511293579836,100.0
1160,1,39.499555520775054,39.499555520775054,100.0
1160,2,38.91533154342658,38.91533154342658,100.0
1170,0,22.66577385673937,22.66577385673937,100.0
1170,1,32.72505723753141,32.72505723753141,100.0
1170,2,44.60916890572922,44.60916890572922,100.0
1180,0,22.101906678193252,22.101906678193252,100.0
1180,1,31.456926283340614,31.456926283340614,100.0
1180,2,46.44116703846613,46.44116703846613,100.0
1190,0,25.297915063838744,25.297915063838744,100.0
1190,1,29.16510688263226,29.16510688263226,100.0
1190,2,45.536978053529,45.536978053529,100.0
1200,0,22.71389625228032,22.71389625228032,100.0
1200,1,29.23707113805972,29.23707113805972,100.0
1200,2,48.04903260965996,48.04903260965996,100.0
1210,0,24.98681476486076,24.98681476486076,100.0
1210,1,31.758205286054352,31.758205286054352,100.0
1210,2,43.254979949084884,43.254979949084884,100.0
1220,0,23.170719248978482,23.170719248978482,100.0
1220,1,26.23898599046861,26.23898599046861,100.0
1220,2,50.5902947605529,50.5902947605529,100.0
1230,0,30.13884016822014,30.13884016822014,100.0
1230,1,33.41099074246193,33.41099074246193,100.0
1230,2,36.45016908931793,36.45016908931793,100.0
1240,0,23.80487033114279,23.80487033114279,100.0
1240,1,26.727941081987584,26.727941081987584,100.0
1240,2,49.46718858686963,49.46718858686963,100.0
1250,0,22.12526495657405,22.12526495657405,100.0
1250,1,34.10367191891845,34.10367191891845,100.0
1250,2,43.771063124507506,43.771063124507506,100.0
1260,0,22.023370757303315,22.023370757303315,100.0
1260,1,41.7587209832573,41.7587209832573,100.0
1260,2,36.2179082594394,36.2179082594394,100.0
1270,0,21.442984962933114,21.442984962933114,100.0
1270,1,44.18053750558772,44.18053750558772,100.0
1270,2,34.37647753147916,34.37647753147916,100.0
1280,0,23.335579570893206,23.335579570893206,100.0
1280,1,31.01233494392181,31.01233494392181,100.0
1280,2,45.65208548518498,45.65208548518498,100.0
1290,0,20.960977278232303,20.960977278232303,100.0
1290,1,38.58413836907572,38.58413836907572,100.0
1290,2,40.45488435269198,40.45488435269198,100.0
1300,0,21.742285624841966,21.742285624841966,100.0
1300,1,36.055462479989956,36.055462479989956,100.0
1300,2,42.202251895168075,42.202251895168075,100.0
1310,0,24.938182046170994,24.938182046170994,100.0
1310,1,38.17151436430701,38.17151436430701,100.0
1310,2,36.890303589522006,36.890303589522006,100.0
1320,0,21.178452818197737,21.178452818197737,100.0
1320,1,37.24608836806102,37.24608836806102,100.0
1320,2,41.57545881374124,41.57545881374124,100.0
1330,0,24.726113894582287,24.726113894582287,100.0
1330,1,28.340034504906708,28.340034504906708,100.0
1330,2,46.933851600511005,46.933851600511005,100.0
1340,0,23.09905564051234,23.09905564051234,100.0
1340,1,27.1533466660279,27.1533466660279,100.0
1340,2,49.74759769345976,49.74759769345976,100.0
1350,0,27.863963479817894,27.863963479817894,100.0
1350,1,26.519513115517167,26.519513115517167,100.0
1350,2,45.61652340466494,45.61652340466494,100.0
1360,0,22.796752023685645,22.796752023685645,100.0
1360,1,33.58052432039185,33.58052432039185,100.0
1360,2,43.6227236559225,43.6227236559225,100.0
1370,0,21.090407959071943,21.090407959071943,100.0
1370,1,42.027160408277325,42.027160408277325,100.0
1370,2,36.88243163265074,36.88243163265074,100.0
1380,0,28.50787255560964,28.50787255560964,100.0
1380,1,35.13756641096761,35.13756641096761,100.0
1380,2,36.35456103342275,36.35456103342275,100.0
1390,0,21.79968531789446,21.79968531789446,100.0
1390,1,36.2110253386539,36.2110253386539,100.0
1390,2,41.989289343451645,41.989289343451645,100.0
1400,0,22.10149395573625,22.10149395573625,100.0
1400,1,41.89983417496031,41.89983417496031,100.0
1400,2,35.99867186930345,35.99867186930345,100.0
1410,0,21.307988990401526,21.307988990401526,100.0
1410,1,42.20556716003817,42.20556716003817,100.0
1410,2,36.48644384956031,36.48644384956031,100.0
1420,0,21.125623754361257,21.125623754361257,100.0
1420,1,37.43433213443623,37.43433213443623,100.0
1420,2,41.44004411120251,41.44004411120251,100.0
1430,0,24.795746842591242,24.795746842591242,100.0
1430,1,28.703355135660285,28.703355135660285,100.0
1430,2,46.50089802174847,46.50089802174847,100.0
1440,0,20.377855872329633,20.377855872329633,100.0
1440,1,43.57232070205036,43.57232070205036,100.0
1440,2,36.04982342562001,36.04982342562001,100.0
1450,0,23.3566829273807,23.3566829273807,100.0
1450,1,30.839033166754177,30.839033166754177,100.0
1450,2,45.80428390586513,45.80428390586513,100.0
1460,0,21.262351765783034,21.262351765783034,100.0
1460,1,40.114814019495526,40.114814019495526,100.0
1460,2,38.622834214721436,38.622834214721436,100.0
1470,0,24.93931601816562,24.93931601816562,100.0
1470,1,28.81796809984392,28.81796809984392,100.0
1470,2,46.242715881990456,46.242715881990456,100.0
1480,0,25.236429153415607,25.236429153415607,100.0
1480,1,37.11227457927885,37.11227457927885,100.0
1480,2,37.65129626730554,37.65129626730554,100.0
1490,0,24.274716083332425,24.274716083332425,100.0
1490,1,29.061519173921944,29.061519173921944,100.0
1490,2,46.663764742745634,46.663764742745634,100.0
1500,0,20.89409425775908,20.89409425775908,100.0
1500,1,47.058583127006806,47.058583127006806,100.0
1500,2,32.04732261523411,32.04732261523411,100.0
1510,0,21.405637095645446,21.405637095645446,100.0
1510,1,37.0450689822161,37.0450689822161,100.0
1510,2,41.54929392213846,41.54929392213846,100.0
1520,0,23.762954633058605,23.762954633058605,100.0
1520,1,28.921664635806128,28.921664635806128,100.0
1520,2,47.31538073113528,47.31538073113528,100.0
1530,0,22.351712426784562,22.351712426784562,100.0
1530,1,27.99642717792819,27.99642717792819,100.0
1530,2,49.65186039528726,49.65186039528726,100.0
1540,0,21.82847884092695,21.82847884092695,100.0
1540,1,39.8819587330291,39.8819587330291,100.0
1540,2,38.28956242604396,38.28956242604396,100.0
1550,0,23.047569182462347,23.047569182462347,100.0
1550,1,38.09584807237023,38.09584807237023,100.0
1550,2,38.85658274516742,38.85658274516742,100.0
1560,0,20.240255010888177,20.240255010888177,100.0
1560,1,43.37754126484304,43.37754126484304,100.0
1560,2,36.382203724268784,36.382203724268784,100.0
1570,0,22.469639369812043,22.469639369812043,100.0
1570,1,47.74505329895707,47.74505329895707,100.0
1570,2,29.785307331230886,29.785307331230886,100.0
1580,0,21.896084383749315,21.896084383749315,100.0
1580,1,36.52839931755277,36.52839931755277,100.0
1580,2,41.57551629869792,41.57551629869792,100.0
1590,0,21.79353412870539,21.79353412870539,100.0
1590,1,39.568573626673206,39.568573626673206,100.0
1590,2,38.637892244621405,38.637892244621405,100.0
1600,0,24.551836011185525,24.551836011185525,100.0
1600,1,26.789564313747494,26.789564313747494,100.0
1600,2,48.658599675066974,48.658599675066974,100.0
1610,0,22.278189961352002,22.278189961352002,100.0
1610,1,33.86293640129189,33.86293640129189,100.0
1610,2,43.85887363735611,43.85887363735611,100.0
1620,0,23.583510869445075,23.583510869445075,100.0
1620,1,31.598362079205806,31.598362079205806,100.0
1620,2,44.81812705134912,44.81812705134912,100.0
1630,0,23.339497226113835,23.339497226113835,100.0
1630,1,35.967769308143396,35.967769308143396,100.0
1630,2,40.69273346574277,40.69273346574277,100.0
1640,0,25.00139026788829,25.00139026788829,100.0
1640,1,27.31809289882239,27.31809289882239,100.0
1640,2,47.680516833289325,47.680516833289325,100.0
1650,0,22.7413694754672,22.7413694754672,100.0
1650,1,30.163609462743825,30.163609462743825,100.0
1650,2,47.095021061788984,47.095021061788984,100.0
1660,0,25.12083612750045,25.12083612750045,100.0
1660,1,30.419286784702326,30.419286784702326,100.0
1660,2,44.459877087797224,44.459877087797224,100.0
1670,0,23.743492076533183,23.743492076533183,100.0
1670,1,31.23069206042175,31.23069206042175,100.0
1670,2,45.02581586304507,45.02581586304507,100.0
1680,0,24.34646593134744,24.34646593134744,100.0
1680,1,30.596310629555607,30.596310629555607,100.0
1680,2,45.05722343909696,45.05722343909696,100.0
1690,0,22.567574284576725,22.567574284576725,100.0
1690,1,26.778724264199216,26.778724264199216,100.0
1690,2,50.65370145122405,50.65370145122405,100.0
1700,0,23.12878357963256,23.12878357963256,100.0
1700,1,42.89432816514146,42.89432816514146,100.0
1700,2,33.97688825522598,33.97688825522598,100.0
1710,0,22.399514819215856,22.399514819215856,100.0
1710,1,35.00723836562517,35.00723836562517,100.0
1710,2,42.59324681515898,42.59324681515898,100.0
1720,0,22.828136877572934,22.828136877572934,100.0
1720,1,27.81676751815436,27.81676751815436,100.0
1720,2,49.355095604272705,49.355095604272705,100.0
1730,0,20.69767202435603,20.69767202435603,100.0
1730,1,41.27661432507188,41.27661432507188,100.0
1730,2,38.025713650572094,38.025713650572094,100.0
1740,0,22.167235910304857,22.167235910304857,100.0
1740,1,43.35825316473437,43.35825316473437,100.0
1740,2,34.474510924960775,34.474510924960775,100.0
1750,0,22.192532311893157,22.192532311893157,100.0
1750,1,43.814053179013875,43.814053179013875,100.0
1750,2,33.993414509092965,33.993414509092965,100.0
1760,0,24.055814816778177,24.055814816778177,100.0
1760,1,34.85379767780816,34.85379767780816,100.0
1760,2,41.090387505413666,41.090387505413666,100.0
1770,0,26.022259380752956,26.022259380752956,100.0
1770,1,25.487231137307436,25.487231137307436,100.0
1770,2,48.490509481939604,48.490509481939604,100.0
1780,0,22.49084216188118,22.49084216188118,100.0
1780,1,30.27364133174613,30.27364133174613,100.0
1780,2,47.23551650637269,47.23551650637269,100.0
1790,0,22.20965017106839,22.20965017106839,100.0
1790,1,34.94853117959436,34.94853117959436,100.0
1790,2,42.84181864933725,42.84181864933725,100.0
1800,0,23.974820107094853,23.974820107094853,100.0
1800,1,26.580343466215712,26.580343466215712,100.0
1800,2,49.444836426689434,49.444836426689434,100.0
1810,0,23.889066489040793,23.889066489040793,100.0
1810,1,31.343700726625567,31.343700726625567,100.0
1810,2,44.767232784333636,44.767232784333636,100.0
1820,0,21.348853024070902,21.348853024070902,100.0
1820,1,47.91028885746276,47.91028885746276,100.0
1820,2,30.740858118466342,30.740858118466342,100.0
1830,0,23.909758003662862,23.909758003662862,100.0
1830,1,29.508736652613166,29.508736652613166,100.0
1830,2,46.581505343723975,46.581505343723975,100.0
1840,0,26.74681898625286,26.74681898625286,100.0
1840,1,34.55676107810984,34.55676107810984,100.0
1840,2,38.69641993563731,38.69641993563731,100.0
1850,0,22.55968124899,22.55968124899,100.0
1850,1,27.25094371956586,27.25094371956586,100.0
1850,2,50.189375031444136,50.189375031444136,100.0
1860,0,22.34094995687003,22.34094995687003,100.0
1860,1,30.28207322219164,30.28207322219164,100.0
1860,2,47.376976820938324,47.376976820938324,100.0
1870,0,25.123347325280644,25.123347325280644,100.0
1870,1,31.470106383373096,31.470106383373096,100.0
1870,2,43.40654629134626,43.40654629134626,100.0
1880,0,24.117584655326233,24.117584655326233,100.0
1880,1,32.72150905527679,32.72150905527679,100.0
1880,2,43.16090628939697,43.16090628939697,100.0
1890,0,23.044392991639047,23.044392991639047,100.0
1890,1,30.044481097988086,30.044481097988086,100.0
1890,2,46.91112591037287,46.91112591037287,100.0
1900,0,21.276151022784877,21.276151022784877,100.0
1900,1,37.253034526014886,37.253034526014886,100.0
1900,2,41.47081445120024,41.47081445120024,100.0
1910,0,25.38191261846486,25.38191261846486,100.0
1910,1,30.183320801927472,30.183320801927472,100.0
1910,2,44.43476657960767,44.43476657960767,100.0
1920,0,22.790479801080334,22.790479801080334,100.0
1920,1,26.598236848728696,26.598236848728696,100.0
1920,2,50.61128335019097,50.61128335019097,100.0
1930,0,22.064737287129876,22.064737287129876,100.0
1930,1,41.36698158906624,41.36698158906624,100.0
1930,2,36.56828112380388,36.56828112380388,100.0
1940,0,22.38224759824092,22.38224759824092,100.0
1940,1,25.539637960867434,25.539637960867434,100.0
1940,2,52.07811444089165,52.07811444089165,100.0
1950,0,24.16747976977688,24.16747976977688,100.0
1950,1,30.82195387078611,30.82195387078611,100.0
1950,2,45.01056635943701,45.01056635943701,100.0
1960,0,23.157989646642513,23.157989646642513,100.0
1960,1,39.45169706615548,39.45169706615548,100.0
1960,2,37.390313287202005,37.390313287202005,100.0
1970,0,23.933166682921865,23.933166682921865,100.0
1970,1,30.769698008188634,30.769698008188634,100.0
1970,2,45.297135308889494,45.297135308889494,100.0
1980,0,25.398745226310247,25.398745226310247,100.0
1980,1,27.82605045675204,27.82605045675204,100.0
1980,2,46.77520431693771,46.77520431693771,100.0
1990,0,25.231536151899604,25.231536151899604,100.0
1990,1,28.37316248448296,28.37316248448296,100.0
1990,2,46.395301363617435,46.395301363617435,100.0
2000,0,23.63477697832372,23.63477697832372,100.0
2000,1,32.02013498456978,32.02013498456978,100.0
2000,2,44.34508803710651,44.34508803710651,100.0
2010,0,22.989877019122062,22.989877019122062,100.0
2010,1,33.03117976091986,33.03117976091986,100.0
2010,2,43.978943219958076,43.978943219958076,100.0
2020,0,22.028269837245134,22.028269837245134,100.0
2020,1,42.140305293932315,42.140305293932315,100.0
2020,2,35.831424868822545,35.831424868822545,100.0
2030,0,22.914858205198026,22.914858205198026,100.0
2030,1,31.38791699207183,31.38791699207183,100.0
2030,2,45.69722480273015,45.69722480273015,100.0
2040,0,23.222206325379947,23.222206325379947,100.0
2040,1,29.677343785573733,29.677343785573733,100.0
2040,2,47.10044988904632,47.10044988904632,100.0
2050,0,21.479358192672866,21.479358192672866,100.0
2050,1,36.720255908900434,36.720255908900434,100.0
2050,2,41.800385898426704,41.800385898426704,100.0
2060,0,21.977593827094612,21.977593827094612,100.0
2060,1,34.321999157059345,34.321999157059345,100.0
2060,2,43.70040701584604,43.70040701584604,100.0
2070,0,24.806412129055005,24.806412129055005,100.0
2070,1,29.536135657988012,29.536135657988012,100.0
2070,2,45.657452212956976,45.657452212956976,100.0
2080,0,23.344889964055664,23.344889964055664,100.0
2080,1,28.732456369011867,28.732456369011867,100.0
2080,2,47.922653666932476,47.922653666932476,100.0
2090,0,21.40428657170653,21.40428657170653,100.0
2090,1,38.44756201999768,38.44756201999768,100.0
2090,2,40.148151408295796,40.148151408295796,100.0
2100,0,22.910679552426892,22.910679552426892,100.0
2100,1,27.220918123604456,27.220918123604456,100.0
2100,2,49.86840232396865,49.86840232396865,100.0
2110,0,23.148071084333996,23.148071084333996,100.0
2110,1,26.398523191060296,26.398523191060296,100.0
2110,2,50.453405724605716,50.453405724605716,100.0
2120,0,22.525241541551452,22.525241541551452,100.0
2120,1,29.114776639228264,29.114776639228264,100.0
2120,2,48.35998181922029,48.35998181922029,100.0
2130,0,22.055179406215768,22.055179406215768,100.0
2130,1,44.70987857992168,44.70987857992168,100.0
2130,2,33.234942013862565,33.234942013862565,100.0
2140,0,23.531223516456496,23.531223516456496,100.0
2140,1,28.240047329586492,28.240047329586492,100.0
2140,2,48.22872915395702,48.22872915395702,100.0
2150,0,22.775458485035042,22.775458485035042,100.0
2150,1,28.68639478922933,28.68639478922933,100.0
2150,2,48.53814672573563,48.53814672573563,100.0
2160,0,21.966022649160717,21.966022649160717,100.0
2160,1,28.655982613514198,28.655982613514198,100.0
2160,2,49.37799473732509,49.37799473732509,100.0
2170,0,22.8969405185407,22.8969405185407,100.0
2170,1,27.012317681721353,27.012317681721353,100.0
2170,2,50.09074179973795,50.09074179973795,100.0
2180,0,25.890396819529126,25.890396819529126,100.0
2180,1,28.083226035312748,28.083226035312748,100.0
2180,2,46.02637714515813,46.02637714515813,100.0
2190,0,21.266767874386115,21.266767874386115,100.0
2190,1,44.66216069949053,44.66216069949053,100.0
2190,2,34.07107142612335,34.07107142612335,100.0
2200,0,22.14188734318648,22.14188734318648,100.0
2200,1,34.75191466987867,34.75191466987867,100.0
2200,2,43.10619798693485,43.10619798693485,100.0
2210,0,25.059177586398974,25.059177586398974,100.0
2210,1,27.37853890878139,27.37853890878139,100.0
2210,2,47.56228350481963,47.56228350481963,100.0
2220,0,23.35220997924209,23.35220997924209,100.0
2220,1,26.87628728814345,26.87628728814345,100.0
2220,2,49.77150273261446,49.77150273261446,100.0
2230,0,21.07665269181802,21.07665269181802,100.0
2230,1,39.686645611857635,39.686645611857635,100.0
2230,2,39.23670169632435,39.23670169632435,100.0
2240,0,22.394193983474302,22.394193983474302,100.0
2240,1,29.575849446468155,29.575849446468155,100.0
2240,2,48.02995657005755,48.02995657005755,100.0
2250,0,23.972502053683858,23.972502053683858,100.0
2250,1,29.173892293693964,29.173892293693964,100.0
2250,2,46.85360565262218,46.85360565262218,100.0
2260,0,21.95589198983813,21.95589198983813,100.0
2260,1,33.80846051252796,33.80846051252796,100.0
2260,2,44.235647497633906,44.235647497633906,100.0
2270,0,20.90778442355704,20.90778442355704,100.0
2270,1,38.656876258800395,38.656876258800395,100.0
2270,2,40.43533931764258,40.43533931764258,100.0
2280,0,22.476586432652596,22.476586432652596,100.0
2280,1,27.096311420724817,27.096311420724817,100.0
2280,2,50.42710214662258,50.42710214662258,100.0
2290,0,24.681907140362608,24.681907140362608,100.0
2290,1,28.21687231401484,28.21687231401484,100.0
2290,2,47.10122054562255,47.10122054562255,100.0
2300,0,21.605469126405534,21.605469126405534,100.0
2300,1,36.407498225977875,36.407498225977875,100.0
2300,2,41.987032647616594,41.987032647616594,100.0
2310,0,22.377121238550835,22.377121238550835,100.0
2310,1,40.25958001214472,40.25958001214472,100.0
2310,2,37.363298749304455,37.363298749304455,100.0
2320,0,24.28075924320981,24.28075924320981,100.0
2320,1,28.958723753980152,28.958723753980152,100.0
2320,2,46.76051700281004,46.76051700281004,100.0
2330,0,21.230984420229717,21.230984420229717,100.0
2330,1,38.45006555784368,38.45006555784368,100.0
2330,2,40.318950021926604,40.318950021926604,100.0
2340,0,21.315476415184367,21.315476415184367,100.0
2340,1,42.14339520000227,42.14339520000227,100.0
2340,2,36.54112838481337,36.54112838481337,100.0
2350,0,24.32398350389099,24.32398350389099,100.0
2350,1,27.02150740710931,27.02150740710931,100.0
2350,2,48.654509088999696,48.654509088999696,100.0
2360,0,21.703299460756693,21.703299460756693,100.0
2360,1,35.017927241979464,35.017927241979464,100.0
2360,2,43.27877329726385,43.27877329726385,100.0
2370,0,23.52702742809667,23.52702742809667,100.0
2370,1,29.957648200961724,29.957648200961724,100.0
2370,2,46.515324370941606,46.515324370941606,100.0
2380,0,23.17543717929418,23.17543717929418,100.0
2380,1,35.866208868562055,35.866208868562055,100.0
2380,2,40.95835395214376,40.95835395214376,100.0
2390,0,22.838931564896935,22.838931564896935,100.0
2390,1,27.657485243072806,27.657485243072806,100.0
2390,2,49.50358319203026,49.50358319203026,100.0
2400,0,21.831348462124588,21.831348462124588,100.0
2400,1,30.22825336286906,30.22825336286906,100.0
2400,2,47.94039817500636,47.94039817500636,100.0
2410,0,22.675188953092356,22.675188953092356,100.0
2410,1,28.801794732669485,28.801794732669485,100.0
2410,2,48.52301631423816,48.52301631423816,100.0
2420,0,23.309078177066837,23.309078177066837,100.0
2420,1,31.232572412298953,31.232572412298953,100.0
2420,2,45.45834941063421,45.45834941063421,100.0
2430,0,24.741485452454924,24.741485452454924,100.0
2430,1,38.653274354230525,38.653274354230525,100.0
2430,2,36.60524019331455,36.60524019331455,100.0
2440,0,22.045323454130433,22.045323454130433,100.0
2440,1,32.81869542071852,32.81869542071852,100.0
2440,2,45.13598112515105,45.13598112515105,100.0
2450,0,21.058038548291275,21.058038548291275,100.0
2450,1,44.45139179984498,44.45139179984498,100.0
2450,2,34.49056965186376,34.49056965186376,100.0
2460,0,24.96965010488393,24.96965010488393,100.0
2460,1,27.99325418218424,27.99325418218424,100.0
2460,2,47.03709571293183,47.03709571293183,100.0
2470,0,21.90785269570544,21.90785269570544,100.0
2470,1,42.71609457894132,42.71609457894132,100.0
2470,2,35.37605272535324,35.37605272535324,100.0
2480,0,24.525722447543153,24.525722447543153,100.0
2480,1,25.611154003136683,25.611154003136683,100.0
2480,2,49.86312354932017,49.86312354932017,100.0
2490,0,27.295276765907033,27.295276765907033,100.0
2490,1,28.978786831888538,28.978786831888538,100.0
2490,2,43.72593640220443,43.72593640220443,100.0
2500,0,23.662683548997364,23.662683548997364,100.0
2500,1,31.295074887160673,31.295074887160673,100.0
2500,2,45.04224156384196,45.04224156384196,100.0
2510,0,22.1987323569255,22.1987323569255,100.0
2510,1,31.014623089454783,31.014623089454783,100.0
2510,2,46.786644553619716,46.786644553619716,100.0
2520,0,22.185947334486208,22.185947334486208,100.0
2520,1,36.90934617531964,36.90934617531964,100.0
2520,2,40.90470649019415,40.90470649019415,100.0
2530,0,27.335531295009535,27.335531295009535,100.0
2530,1,28.573984159188175,28.573984159188175,100.0
2530,2,44.09048454580229,44.09048454580229,100.0
2540,0,23.263995383695857,23.263995383695857,100.0
2540,1,26.547839255885492,26.547839255885492,100.0
2540,2,50.18816536041866,50.18816536041866,100.0
2550,0,22.95077893413901,22.95077893413901,100.0
2550,1,42.54303374160006,42.54303374160006,100.0
2550,2,34.506187324260935,34.506187324260935,100.0
2560,0,22.250078635574976,22.250078635574976,100.0
2560,1,31.515737655164024,31.515737655164024,100.0
2560,2,46.234183709261,46.234183709261,100.0
2570,0,25.87756945699343,25.87756945699343,100.0
2570,1,25.981417363987102,25.981417363987102,100.0
2570,2,48.14101317901946,48.14101317901946,100.0
2580,0,21.894535448893613,21.894535448893613,100.0
2580,1,32.66160842039591,32.66160842039591,100.0
2580,2,45.443856130710486,45.443856130710486,100.0
2590,0,22.635175094239674,22.635175094239674,100.0
2590,1,43.274298114373536,43.274298114373536,100.0
2590,2,34.09052679138679,34.09052679138679,100.0
2600,0,22.976326043406058,22.976326043406058,100.0
2600,1,27.94831732830916,27.94831732830916,100.0
2600,2,49.07535662828479,49.07535662828479,100.0
2610,0,22.73310813650818,22.73310813650818,100.0
2610,1,38.34787736569781,38.34787736569781,100.0
2610,2,38.91901449779401,38.91901449779401,100.0
2620,0,23.318608142083892,23.318608142083892,100.0
2620,1,28.223382612330173,28.223382612330173,100.0
2620,2,48.458009245585934,48.458009245585934,100.0
2630,0,25.577540904718425,25.577540904718425,100.0
2630,1,33.632208576142325,33.632208576142325,100.0
2630,2,40.79025051913925,40.79025051913925,100.0
2640,0,23.079600496307023,23.079600496307023,100.0
2640,1,35.51766434682141,35.51766434682141,100.0
2640,2,41.402735156871564,41.402735156871564,100.0
2650,0,23.649187353555106,23.649187353555106,100.0
2650,1,30.903978761226803,30.903978761226803,100.0
2650,2,45.44683388521809,45.44683388521809,100.0
2660,0,25.45539950817417,25.45539950817417,100.0
2660,1,29.454883424607093,29.454883424607093,100.0
2660,2,45.08971706721873,45.08971706721873,100.0
2670,0,23.018101039053448,23.018101039053448,100.0
2670,1,44.40300132161904,44.40300132161904,100.0
2670,2,32.57889763932752,32.57889763932752,100.0
2680,0,21.57605619960073,21.57605619960073,100.0
2680,1,32.98322771827829,32.98322771827829,100.0
2680,2,45.44071608212097,45.44071608212097,100.0
2690,0,21.26109122225626,21.26109122225626,100.0
2690,1,42.44305695159123,42.44305695159123,100.0
2690,2,36.295851826152514,36.295851826152514,100.0
2700,0,24.106370138354087,24.106370138354087,100.0
2700,1,37.632520043850434,37.632520043850434,100.0
2700,2,38.26110981779547,38.26110981779547,100.0
2710,0,23.410737911297986,23.410737911297986,100.0
2710,1,27.081932822716702,27.081932822716702,100.0
2710,2,49.507329265985305,49.507329265985305,100.0
2720,0,23.15890185730241,23.15890185730241,100.0
2720,1,37.423471776158536,37.423471776158536,100.0
2720,2,39.417626366539054,39.417626366539054,100.0
2730,0,23.900789853578523,23.900789853578523,100.0
2730,1,40.14067726022266,40.14067726022266,100.0
2730,2,35.958532886198824,35.958532886198824,100.0
2740,0,21.81168879224534,21.81168879224534,100.0
2740,1,38.014821926525144,38.014821926525144,100.0
2740,2,40.173489281229514,40.173489281229514,100.0
2750,0,21.385654950866655,21.385654950866655,100.0
2750,1,36.65669706824133,36.65669706824133,100.0
2750,2,41.95764798089201,41.95764798089201,100.0
2760,0,21.9203348045926,21.9203348045926,100.0
2760,1,39.7648733356293,39.7648733356293,100.0
2760,2,38.31479185977811,38.31479185977811,100.0
2770,0,23.160914439647932,23.160914439647932,100.0
2770,1,30.180700192006654,30.180700192006654,100.0
2770,2,46.658385368345414,46.658385368345414,100.0
2780,0,22.272159780731222,22.272159780731222,100.0
2780,1,32.87399640893112,32.87399640893112,100.0
2780,2,44.853843810337665,44.853843810337665,100.0
2790,0,24.60172345025701,24.60172345025701,100.0
2790,1,30.474312999116,30.474312999116,100.0
2790,2,44.923963550627,44.923963550627,100.0
2800,0,23.36694302030693,23.36694302030693,100.0
2800,1,38.55932593203878,38.55932593203878,100.0
2800,2,38.07373104765428,38.07373104765428,100.0
2810,0,23.62760019061937,23.62760019061937,100.0
2810,1,26.382555504225014,26.382555504225014,100.0
2810,2,49.98984430515562,49.98984430515562,100.0
2820,0,23.931791609598484,23.931791609598484,100.0
2820,1,25.296754152743254,25.296754152743254,100.0
2820,2,50.77145423765826,50.77145423765826,100.0
2830,0,22.412437579610724,22.412437579610724,100.0
2830,1,27.77777174562112,27.77777174562112,100.0
2830,2,49.80979067476816,49.80979067476816,100.0
2840,0,24.26582131059857,24.26582131059857,100.0
2840,1,27.639623253762725,27.639623253762725,100.0
2840,2,48.094555435638696,48.094555435638696,100.0
2850,0,23.32088331215006,23.32088331215006,100.0
2850,1,27.21196365801158,27.21196365801158,100.0
2850,2,49.467153029838364,49.467153029838364,100.0
2860,0,22.62030281635706,22.62030281635706,100.0
2860,1,31.938965787828533,31.938965787828533,100.0
2860,2,45.4407313958144,45.4407313958144,100.0
2870,0,22.536869123495297,22.536869123495297,100.0
2870,1,27.585898693471876,27.585898693471876,100.0
2870,2,49.87723218303283,49.87723218303283,100.0
2880,0,25.717714612050013,25.717714612050013,100.0
2880,1,28.35340181367778,28.35340181367778,100.0
2880,2,45.928883574272206,45.928883574272206,100.0
2890,0,24.66941948316969,24.66941948316969,100.0
2890,1,27.418102911334348,27.418102911334348,100.0
2890,2,47.912477605495965,47.912477605495965,100.0
2900,0,23.113272962182425,23.113272962182425,100.0
2900,1,28.852777606787377,28.852777606787377,100.0
2900,2,48.0339494310302,48.0339494310302,100.0
2910,0,23.163195161455157,23.163195161455157,100.0
2910,1,34.643242687822884,34.643242687822884,100.0
2910,2,42.19356215072196,42.19356215072196,100.0
2920,0,21.89387881802857,21.89387881802857,100.0
2920,1,38.03809245251685,38.03809245251685,100.0
2920,2,40.06802872945458,40.06802872945458,100.0
2930,0,23.55402449945918,23.55402449945918,100.0
2930,1,25.873776415616774,25.873776415616774,100.0
2930,2,50.57219908492405,50.57219908492405,100.0
2940,0,23.72992012797071,23.72992012797071,100.0
2940,1,31.75113593521021,31.75113593521021,100.0
2940,2,44.51894393681907,44.51894393681907,100.0
2950,0,22.279635343778565,22.279635343778565,100.0
2950,1,40.85210027357218,40.85210027357218,100.0
2950,2,36.86826438264925,36.86826438264925,100.0
2960,0,23.55732216584118,23.55732216584118,100.0
2960,1,28.354896829359284,28.354896829359284,100.0
2960,2,48.08778100479953,48.08778100479953,100.0
2970,0,24.08527265689354,24.08527265689354,100.0
2970,1,32.712306732062146,32.712306732062146,100.0
2970,2,43.2024206110443,43.2024206110443,100.0
2980,0,23.385150063702604,23.385150063702604,100.0
2980,1,45.45664179443104,45.45664179443104,100.0
2980,2,31.15820814186635,31.15820814186635,100.0
2990,0,23.524900078083405,23.524900078083405,100.0
2990,1,26.993418261825603,26.993418261825603,100.0
2990,2,49.481681660090985,49.481681660090985,100.0
3000,0,24.122518623038708,24.122518623038708,100.0
3000,1,26.903131817728404,26.903131817728404,100.0
3000,2,48.97434955923289,48.97434955923289,100.0
3010,0,21.00394181179512,21.00394181179512,100.0
3010,1,40.02312175485761,40.02312175485761,100.0
3010,2,38.97293643334727,38.97293643334727,100.0
3020,0,27.279395684233503,27.279395684233503,100.0
3020,1,34.43131410248181,34.43131410248181,100.0
3020,2,38.2892902132847,38.2892902132847,100.0
3030,0,23.007511351350402,23.007511351350402,100.0
3030,1,26.30332794133156,26.30332794133156,100.0
3030,2,50.68916070731804,50.68916070731804,100.0
3040,0,23.416561275933933,23.416561275933933,100.0
3040,1,39.390984346457145,39.390984346457145,100.0
3040,2,37.19245437760891,37.19245437760891,100.0
3050,0,22.781372460962686,22.781372460962686,100.0
3050,1,37.73770377375148,37.73770377375148,100.0
3050,2,39.48092376528584,39.48092376528584,100.0
3060,0,23.651623354355202,23.651623354355202,100.0
3060,1,28.080101298471376,28.080101298471376,100.0
3060,2,48.26827534717343,48.26827534717343,100.0
3070,0,24.915555301713912,24.915555301713912,100.0
3070,1,29.72092361126769,29.72092361126769,100.0
3070,2,45.3635210870184,45.3635210870184,100.0
3080,0,24.34835073999263,24.34835073999263,100.0
3080,1,44.263974246603155,44.263974246603155,100.0
3080,2,31.387675013404216,31.387675013404216,100.0
