timestamp,ueImsi,sliceId,dTxBytes,dRxBytes,plr,resourceSharePct,dLostPackets,throughputMbps,bufferBytes
1510,1,0,18336,16808,8.33,41.93,1,13.4464,2858
1510,2,0,18336,15280,16.67,41.93,2,12.2240,487467
1510,3,0,18336,19864,0.00,41.93,0,15.8912,128677
1510,4,0,18336,9168,50.00,41.93,6,7.3344,1018928
1510,5,0,18336,0,100.00,41.93,12,0.0000,1697918
1510,6,1,390,234,40.00,27.93,2,0.1872,87
1510,7,1,390,390,0.00,27.93,0,0.3120,87
1510,8,1,390,0,100.00,27.93,5,0.0000,169
1510,9,1,390,0,100.00,27.93,5,0.0000,1563
1510,10,1,390,390,0.00,27.93,0,0.3120,87
1510,11,2,384,256,33.33,30.15,1,0.2048,108
1510,12,2,384,256,33.33,30.15,1,0.2048,137
1510,13,2,384,256,33.33,30.15,1,0.2048,137
1510,14,2,384,0,100.00,30.15,3,0.0000,1735
1510,15,2,384,256,33.33,30.15,1,0.2048,137
1510,16,2,384,256,33.33,30.15,1,0.2048,137
1510,17,2,384,0,100.00,30.15,3,0.0000,137
1510,18,2,384,0,100.00,30.15,3,0.0000,137
1510,19,2,384,256,33.33,30.15,1,0.2048,137
1510,20,2,384,128,66.67,30.15,2,0.1024,137
