timestamp,sliceId,dedicatedPRB,minPRB,maxPRB
510,0,35.27708292682858,35.27708292682858,100.0
510,1,25.879299498856934,25.879299498856934,100.0
510,2,38.843617574314486,38.843617574314486,100.0
520,0,26.657528346615976,26.657528346615976,100.0
520,1,37.60869379989439,37.60869379989439,100.0
520,2,35.73377785348964,35.73377785348964,100.0
530,0,48.58878643204492,48.58878643204492,100.0
530,1,31.601631471412674,31.601631471412674,100.0
530,2,19.809582096542407,19.809582096542407,100.0
540,0,37.39749269579892,37.39749269579892,100.0
540,1,43.380766332537306,43.380766332537306,100.0
540,2,19.22174097166378,19.22174097166378,100.0
550,0,45.83175349026328,45.83175349026328,100.0
550,1,30.51574718891133,30.51574718891133,100.0
550,2,23.65249932082539,23.65249932082539,100.0
