timestamp,ueImsi,sliceId,dTxBytes,dRxBytes,plr,resourceSharePct,dLostPackets,throughputMbps,bufferBytes
560,1,0,24448,1528,93.75,39.12,15,1.2224,134462
560,2,0,24448,1528,93.75,39.12,15,1.2224,134456
560,3,0,24448,3056,87.50,39.12,14,2.4448,134381
560,4,0,24448,3056,87.50,39.12,14,2.4448,134372
560,5,0,24448,1528,93.75,39.12,15,1.2224,134361
560,6,1,390,312,20.00,41.74,1,0.2496,169
560,7,1,390,312,20.00,41.74,1,0.2496,169
560,8,1,390,312,20.00,41.74,1,0.2496,169
560,9,1,390,312,20.00,41.74,1,0.2496,169
560,10,1,390,312,20.00,41.74,1,0.2496,169
560,11,2,16000,640,96.00,19.14,120,0.5120,90801
560,12,2,16000,640,96.00,19.14,120,0.5120,90801
560,13,2,16000,640,96.00,19.14,120,0.5120,90794
560,14,2,16000,640,96.00,19.14,120,0.5120,90794
560,15,2,16000,640,96.00,19.14,120,0.5120,90763
560,16,2,16000,640,96.00,19.14,120,0.5120,90763
560,17,2,16000,640,96.00,19.14,120,0.5120,90763
560,18,2,16000,640,96.00,19.14,120,0.5120,90764
560,19,2,16000,640,96.00,19.14,120,0.5120,90854
560,20,2,16000,640,96.00,19.14,120,0.5120,90861
