timestamp,sliceId,dedicatedPRB,minPRB,maxPRB
510,0,36.76585887207119,36.76585887207119,100.0
510,1,25.637294096986178,25.637294096986178,100.0
510,2,37.59684703094264,37.59684703094264,100.0
520,0,28.92152305966557,28.92152305966557,100.0
520,1,52.954031480084794,52.954031480084794,100.0
520,2,18.12444546024964,18.12444546024964,100.0
530,0,20.044054044514876,20.044054044514876,100.0
530,1,43.30643550493456,43.30643550493456,100.0
530,2,36.64951045055057,36.64951045055057,100.0
540,0,35.20114086250033,35.20114086250033,100.0
540,1,32.14475163004265,32.14475163004265,100.0
540,2,32.65410750745702,32.65410750745702,100.0
550,0,22.877612103794682,22.877612103794682,100.0
550,1,33.36879333258842,33.36879333258842,100.0
550,2,43.7535945636169,43.7535945636169,100.0
