timestamp,sliceId,dedicatedPRB,minPRB,maxPRB
510,0,31.740135163263144,31.740135163263144,100.0
510,1,39.58922463763322,39.58922463763322,100.0
510,2,28.670640199103637,28.670640199103637,100.0
520,0,44.18246148924289,44.18246148924289,100.0
520,1,26.244653111995987,26.244653111995987,100.0
520,2,29.57288539876113,29.57288539876113,100.0
530,0,26.209102379584685,26.209102379584685,100.0
530,1,35.3870152779722,35.3870152779722,100.0
530,2,38.40388234244311,38.40388234244311,100.0
540,0,36.87314705399396,36.87314705399396,100.0
540,1,40.666591027194485,40.666591027194485,100.0
540,2,22.460261918811558,22.460261918811558,100.0
550,0,28.1334337652255,28.1334337652255,100.0
550,1,35.17846661529622,35.17846661529622,100.0
550,2,36.68809961947828,36.68809961947828,100.0
