timestamp,sliceId,dedicatedPRB,minPRB,maxPRB
510,0,43.19923839672255,43.19923839672255,100.0
510,1,29.8308216719819,29.8308216719819,100.0
510,2,26.969939931295546,26.969939931295546,100.0
520,0,45.97857445003156,45.97857445003156,100.0
520,1,35.26198760806749,35.26198760806749,100.0
520,2,18.75943794190095,18.75943794190095,100.0
530,0,51.818707841407395,51.818707841407395,100.0
530,1,28.758267362561778,28.758267362561778,100.0
530,2,19.42302479603083,19.42302479603083,100.0
540,0,41.52040955850342,41.52040955850342,100.0
540,1,39.14998509666654,39.14998509666654,100.0
540,2,19.329605344830036,19.329605344830036,100.0
550,0,46.79274516326968,46.79274516326968,100.0
550,1,32.65288776705763,32.65288776705763,100.0
550,2,20.55436706967269,20.55436706967269,100.0
560,0,53.994369745953975,53.994369745953975,100.0
560,1,26.83096927039888,26.83096927039888,100.0
560,2,19.174660983647147,19.174660983647147,100.0
570,0,38.03505749712086,38.03505749712086,100.0
570,1,43.859686344752866,43.859686344752866,100.0
570,2,18.105256158126267,18.105256158126267,100.0
580,0,39.329086638503995,39.329086638503995,100.0
580,1,30.672047427877523,30.672047427877523,100.0
580,2,29.99886593361849,29.99886593361849,100.0
590,0,32.3197525042466,32.3197525042466,100.0
590,1,35.23336934701693,35.23336934701693,100.0
590,2,32.44687814873647,32.44687814873647,100.0
600,0,32.40875508602524,32.40875508602524,100.0
600,1,48.096087184500355,48.096087184500355,100.0
600,2,19.495157729474407,19.495157729474407,100.0
610,0,42.193969028639074,42.193969028639074,100.0
610,1,25.2766094866828,25.2766094866828,100.0
610,2,32.529421484678124,32.529421484678124,100.0
620,0,48.93038031592305,48.93038031592305,100.0
620,1,28.572517401928575,28.572517401928575,100.0
620,2,22.497102282148376,22.497102282148376,100.0
630,0,25.028065726870985,25.028065726870985,100.0
630,1,43.42821500483579,43.42821500483579,100.0
630,2,31.54371926829322,31.54371926829322,100.0
640,0,26.877728468480587,26.877728468480587,100.0
640,1,54.46815201313998,54.46815201313998,100.0
640,2,18.654119518379446,18.654119518379446,100.0
650,0,27.602821652356646,27.602821652356646,100.0
650,1,51.27676152597793,51.27676152597793,100.0
650,2,21.120416821665415,21.120416821665415,100.0
660,0,24.079153416867214,24.079153416867214,100.0
660,1,40.349736009121244,40.349736009121244,100.0
660,2,35.57111057401154,35.57111057401154,100.0
670,0,41.38339272746659,41.38339272746659,100.0
670,1,33.962266574775576,33.962266574775576,100.0
670,2,24.654340697757824,24.654340697757824,100.0
680,0,28.975028955094416,28.975028955094416,100.0
680,1,43.35219172184699,43.35219172184699,100.0
680,2,27.672779323058585,27.672779323058585,100.0
690,0,27.46810806502078,27.46810806502078,100.0
690,1,39.67029147642323,39.67029147642323,100.0
690,2,32.861600458556,32.861600458556,100.0
700,0,36.47990145519027,36.47990145519027,100.0
700,1,39.12427015237795,39.12427015237795,100.0
700,2,24.395828392431778,24.395828392431778,100.0
710,0,28.8479105319933,28.8479105319933,100.0
710,1,35.52208414099869,35.52208414099869,100.0
710,2,35.630005327008,35.630005327008,100.0
720,0,35.22878318300513,35.22878318300513,100.0
720,1,31.824864497683897,31.824864497683897,100.0
720,2,32.946352319310975,32.946352319310975,100.0
730,0,34.940191080379655,34.940191080379655,100.0
730,1,34.12857386232536,34.12857386232536,100.0
730,2,30.931235057294987,30.931235057294987,100.0
740,0,42.30946467716381,42.30946467716381,100.0
740,1,33.2827755283055,33.2827755283055,100.0
740,2,24.407759794530687,24.407759794530687,100.0
750,0,26.53094592941535,26.53094592941535,100.0
750,1,40.93716437041582,40.93716437041582,100.0
750,2,32.53188970016883,32.53188970016883,100.0
760,0,21.34869219498193,21.34869219498193,100.0
760,1,44.6689346327662,44.6689346327662,100.0
760,2,33.98237317225187,33.98237317225187,100.0
770,0,21.954020826939423,21.954020826939423,100.0
770,1,54.135364331960425,54.135364331960425,100.0
770,2,23.910614841100156,23.910614841100156,100.0
780,0,26.3239430119386,26.3239430119386,100.0
780,1,31.34886718487366,31.34886718487366,100.0
780,2,42.327189803187736,42.327189803187736,100.0
790,0,23.640748532579103,23.640748532579103,100.0
790,1,36.35147632463889,36.35147632463889,100.0
790,2,40.00777514278201,40.00777514278201,100.0
800,0,21.27391271909395,21.27391271909395,100.0
800,1,41.83794396507117,41.83794396507117,100.0
800,2,36.88814331583488,36.88814331583488,100.0
810,0,23.96573735055115,23.96573735055115,100.0
810,1,28.85104513060656,28.85104513060656,100.0
810,2,47.18321751884229,47.18321751884229,100.0
820,0,35.02530049192275,35.02530049192275,100.0
820,1,43.95829425297034,43.95829425297034,100.0
820,2,21.01640525510691,21.01640525510691,100.0
830,0,24.823254220893993,24.823254220893993,100.0
830,1,45.55816535095599,45.55816535095599,100.0
830,2,29.618580428150015,29.618580428150015,100.0
840,0,32.307329951656,32.307329951656,100.0
840,1,29.397084295982317,29.397084295982317,100.0
840,2,38.29558575236168,38.29558575236168,100.0
850,0,24.143383978880117,24.143383978880117,100.0
850,1,29.496408637948974,29.496408637948974,100.0
850,2,46.3602073831709,46.3602073831709,100.0
860,0,37.685746553396115,37.685746553396115,100.0
860,1,35.97128799410586,35.97128799410586,100.0
860,2,26.342965452498024,26.342965452498024,100.0
870,0,26.858057944803367,26.858057944803367,100.0
870,1,30.505476339209594,30.505476339209594,100.0
870,2,42.63646571598705,42.63646571598705,100.0
880,0,49.888386101390694,49.888386101390694,100.0
880,1,29.581314269421394,29.581314269421394,100.0
880,2,20.53029962918792,20.53029962918792,100.0
890,0,22.4094173295757,22.4094173295757,100.0
890,1,54.518556373585525,54.518556373585525,100.0
890,2,23.07202629683878,23.07202629683878,100.0
900,0,21.74938076374449,21.74938076374449,100.0
900,1,33.902241058933015,33.902241058933015,100.0
900,2,44.34837817732249,44.34837817732249,100.0
910,0,29.326392519608103,29.326392519608103,100.0
910,1,43.588645258870244,43.588645258870244,100.0
910,2,27.084962221521657,27.084962221521657,100.0
920,0,21.764911959280152,21.764911959280152,100.0
920,1,49.68366386293647,49.68366386293647,100.0
920,2,28.55142417778338,28.55142417778338,100.0
930,0,21.74418694230794,21.74418694230794,100.0
930,1,42.1347536333878,42.1347536333878,100.0
930,2,36.12105942430425,36.12105942430425,100.0
940,0,34.166557401826836,34.166557401826836,100.0
940,1,35.9109576459825,35.9109576459825,100.0
940,2,29.922484952190665,29.922484952190665,100.0
950,0,26.956487007197417,26.956487007197417,100.0
950,1,32.482200342411616,32.482200342411616,100.0
950,2,40.56131265039097,40.56131265039097,100.0
960,0,22.804641303306113,22.804641303306113,100.0
960,1,41.615634279466626,41.615634279466626,100.0
960,2,35.57972441722727,35.57972441722727,100.0
970,0,33.63091666380895,33.63091666380895,100.0
970,1,30.880951504697624,30.880951504697624,100.0
970,2,35.48813183149343,35.48813183149343,100.0
980,0,26.58212500727236,26.58212500727236,100.0
980,1,40.84375584598691,40.84375584598691,100.0
980,2,32.57411914674073,32.57411914674073,100.0
990,0,31.115185906881116,31.115185906881116,100.0
990,1,47.047052013369715,47.047052013369715,100.0
990,2,21.83776207974917,21.83776207974917,100.0
1000,0,35.14945721645149,35.14945721645149,100.0
1000,1,37.330285127487485,37.330285127487485,100.0
1000,2,27.52025765606103,27.52025765606103,100.0
1010,0,32.84207401665953,32.84207401665953,100.0
1010,1,34.33650446850308,34.33650446850308,100.0
1010,2,32.82142151483739,32.82142151483739,100.0
1020,0,24.16668835407314,24.16668835407314,100.0
1020,1,40.22726072271779,40.22726072271779,100.0
1020,2,35.606050923209075,35.606050923209075,100.0
1030,0,31.87287046646798,31.87287046646798,100.0
1030,1,40.3237201137726,40.3237201137726,100.0
1030,2,27.80340941975943,27.80340941975943,100.0
1040,0,29.743526101549676,29.743526101549676,100.0
1040,1,39.13288844160463,39.13288844160463,100.0
1040,2,31.1235854568457,31.1235854568457,100.0
1050,0,22.729438827443968,22.729438827443968,100.0
1050,1,55.14333371775433,55.14333371775433,100.0
1050,2,22.127227454801705,22.127227454801705,100.0
1060,0,20.3409143483123,20.3409143483123,100.0
1060,1,42.01549826507388,42.01549826507388,100.0
1060,2,37.64358738661383,37.64358738661383,100.0
1070,0,31.709919348832262,31.709919348832262,100.0
1070,1,28.491580023836683,28.491580023836683,100.0
1070,2,39.79850062733106,39.79850062733106,100.0
1080,0,34.79881489790363,34.79881489790363,100.0
1080,1,37.50164458507654,37.50164458507654,100.0
1080,2,27.699540517019823,27.699540517019823,100.0
1090,0,32.579639631697646,32.579639631697646,100.0
1090,1,37.42984007807113,37.42984007807113,100.0
1090,2,29.990520290231238,29.990520290231238,100.0
1100,0,24.54340927646229,24.54340927646229,100.0
1100,1,44.443369886555054,44.443369886555054,100.0
1100,2,31.013220836982658,31.013220836982658,100.0
1110,0,30.896134252542538,30.896134252542538,100.0
1110,1,41.323647558527945,41.323647558527945,100.0
1110,2,27.780218188929524,27.780218188929524,100.0
1120,0,27.6472349340532,27.6472349340532,100.0
1120,1,43.97338727275678,43.97338727275678,100.0
1120,2,28.37937779319002,28.37937779319002,100.0
1130,0,22.979351430928315,22.979351430928315,100.0
1130,1,26.600414160797925,26.600414160797925,100.0
1130,2,50.42023440827376,50.42023440827376,100.0
1140,0,24.794450404644437,24.794450404644437,100.0
1140,1,31.11070082004742,31.11070082004742,100.0
1140,2,44.09484877530815,44.09484877530815,100.0
1150,0,25.597766307036952,25.597766307036952,100.0
1150,1,53.29460765912759,53.29460765912759,100.0
1150,2,21.107626033835466,21.107626033835466,100.0
1160,0,21.499415322891625,21.499415322891625,100.0
1160,1,42.48993364765834,42.48993364765834,100.0
1160,2,36.01065102945004,36.01065102945004,100.0
1170,0,30.90830797284918,30.90830797284918,100.0
1170,1,42.25347681477773,42.25347681477773,100.0
1170,2,26.8382152123731,26.8382152123731,100.0
1180,0,23.494771650828874,23.494771650828874,100.0
1180,1,43.11312058916093,43.11312058916093,100.0
1180,2,33.392107760010205,33.392107760010205,100.0
1190,0,46.07667242872368,46.07667242872368,100.0
1190,1,31.96007299994986,31.96007299994986,100.0
1190,2,21.963254571326466,21.963254571326466,100.0
1200,0,42.09036663075643,42.09036663075643,100.0
1200,1,25.397469737632633,25.397469737632633,100.0
1200,2,32.512163631610946,32.512163631610946,100.0
1210,0,31.589345179376792,31.589345179376792,100.0
1210,1,38.65684308255845,38.65684308255845,100.0
1210,2,29.75381173806475,29.75381173806475,100.0
1220,0,28.068205314121798,28.068205314121798,100.0
1220,1,32.54324521840863,32.54324521840863,100.0
1220,2,39.38854946746958,39.38854946746958,100.0
1230,0,23.08425575281305,23.08425575281305,100.0
1230,1,31.194763164117163,31.194763164117163,100.0
1230,2,45.720981083069795,45.720981083069795,100.0
1240,0,22.62108741375055,22.62108741375055,100.0
1240,1,53.23213225400424,53.23213225400424,100.0
1240,2,24.146780332245214,24.146780332245214,100.0
1250,0,20.52651403180512,20.52651403180512,100.0
1250,1,43.25066467182845,43.25066467182845,100.0
1250,2,36.222821296366426,36.222821296366426,100.0
1260,0,32.67777544592446,32.67777544592446,100.0
1260,1,44.66599179296255,44.66599179296255,100.0
1260,2,22.656232761112992,22.656232761112992,100.0
1270,0,22.966036287543886,22.966036287543886,100.0
1270,1,57.388462317774646,57.388462317774646,100.0
1270,2,19.645501394681474,19.645501394681474,100.0
1280,0,21.37366891334882,21.37366891334882,100.0
1280,1,43.01392849179852,43.01392849179852,100.0
1280,2,35.61240259485266,35.61240259485266,100.0
1290,0,26.66959930166626,26.66959930166626,100.0
1290,1,38.1911379452727,38.1911379452727,100.0
1290,2,35.13926275306104,35.13926275306104,100.0
1300,0,23.010676766306133,23.010676766306133,100.0
1300,1,31.920491442338196,31.920491442338196,100.0
1300,2,45.06883179135568,45.06883179135568,100.0
1310,0,28.243077189864763,28.243077189864763,100.0
1310,1,41.67632067641331,41.67632067641331,100.0
1310,2,30.080602133721925,30.080602133721925,100.0
1320,0,21.97134444039966,21.97134444039966,100.0
1320,1,56.01994759122102,56.01994759122102,100.0
1320,2,22.008707968379326,22.008707968379326,100.0
1330,0,25.17905981326824,25.17905981326824,100.0
1330,1,47.59911965552933,47.59911965552933,100.0
1330,2,27.221820531202432,27.221820531202432,100.0
1340,0,28.538770721363775,28.538770721363775,100.0
1340,1,35.976519658367764,35.976519658367764,100.0
1340,2,35.48470962026847,35.48470962026847,100.0
1350,0,34.982380441581796,34.982380441581796,100.0
1350,1,29.504735788690706,29.504735788690706,100.0
1350,2,35.5128837697275,35.5128837697275,100.0
1360,0,22.758022861374023,22.758022861374023,100.0
1360,1,42.120938545866714,42.120938545866714,100.0
1360,2,35.12103859275926,35.12103859275926,100.0
1370,0,33.180040080466405,33.180040080466405,100.0
1370,1,37.87013004383594,37.87013004383594,100.0
1370,2,28.94982987569766,28.94982987569766,100.0
1380,0,31.409714907554164,31.409714907554164,100.0
1380,1,31.223802616090346,31.223802616090346,100.0
1380,2,37.366482476355486,37.366482476355486,100.0
1390,0,26.76417599026942,26.76417599026942,100.0
1390,1,25.4282509935021,25.4282509935021,100.0
1390,2,47.80757301622849,47.80757301622849,100.0
1400,0,21.008194065940863,21.008194065940863,100.0
1400,1,46.69316354132371,46.69316354132371,100.0
1400,2,32.298642392735424,32.298642392735424,100.0
1410,0,25.37522201663029,25.37522201663029,100.0
1410,1,38.54290794890184,38.54290794890184,100.0
1410,2,36.08187003446787,36.08187003446787,100.0
1420,0,24.834140491568824,24.834140491568824,100.0
1420,1,48.66532696379085,48.66532696379085,100.0
1420,2,26.500532544640333,26.500532544640333,100.0
1430,0,21.595054936952096,21.595054936952096,100.0
1430,1,44.23877241174683,44.23877241174683,100.0
1430,2,34.166172651301075,34.166172651301075,100.0
1440,0,34.666341160566425,34.666341160566425,100.0
1440,1,36.82067103630412,36.82067103630412,100.0
1440,2,28.51298780312945,28.51298780312945,100.0
1450,0,43.00952792380394,43.00952792380394,100.0
1450,1,32.34943058840942,32.34943058840942,100.0
1450,2,24.64104148778664,24.64104148778664,100.0
1460,0,34.43547783073008,34.43547783073008,100.0
1460,1,29.529829593978796,29.529829593978796,100.0
1460,2,36.034692575291125,36.034692575291125,100.0
1470,0,27.133200381548207,27.133200381548207,100.0
1470,1,47.45779417014051,47.45779417014051,100.0
1470,2,25.409005448311284,25.409005448311284,100.0
1480,0,24.9921584737145,24.9921584737145,100.0
1480,1,38.13282305265553,38.13282305265553,100.0
1480,2,36.875018473629964,36.875018473629964,100.0
1490,0,27.915938087291963,27.915938087291963,100.0
1490,1,39.38008733430974,39.38008733430974,100.0
1490,2,32.703974578398295,32.703974578398295,100.0
1500,0,28.160661182213016,28.160661182213016,100.0
1500,1,33.003294205481545,33.003294205481545,100.0
1500,2,38.83604461230544,38.83604461230544,100.0
