timestamp,ueImsi,sliceId,dTxBytes,dRxBytes,plr,resourceSharePct,dLostPackets,throughputMbps,bufferBytes
560,1,0,24448,1528,93.75,61.67,15,1.2224,135791
560,2,0,24448,1528,93.75,61.67,15,1.2224,135792
560,3,0,24448,1528,93.75,61.67,15,1.2224,135853
560,4,0,24448,3056,87.50,61.67,14,2.4448,135178
560,5,0,24448,1528,93.75,61.67,15,1.2224,134693
560,6,1,780,624,20.00,25.00,2,0.4992,225
560,7,1,780,624,20.00,25.00,2,0.4992,225
560,8,1,780,624,20.00,25.00,2,0.4992,126
560,9,1,780,624,20.00,25.00,2,0.4992,126
560,10,1,780,624,20.00,25.00,2,0.4992,126
560,11,2,16000,512,96.80,13.33,121,0.4096,92853
560,12,2,16000,512,96.80,13.33,121,0.4096,92853
560,13,2,16000,512,96.80,13.33,121,0.4096,92853
560,14,2,16000,384,97.60,13.33,122,0.3072,92327
560,15,2,16000,384,97.60,13.33,122,0.3072,92390
560,16,2,16000,384,97.60,13.33,122,0.3072,92390
560,17,2,16000,384,97.60,13.33,122,0.3072,92384
560,18,2,16000,512,96.80,13.33,121,0.4096,92391
560,19,2,16000,128,99.20,13.33,124,0.1024,92053
560,20,2,16000,128,99.20,13.33,124,0.1024,92053
