timestamp,ueImsi,sliceId,dTxBytes,dRxBytes,plr,resourceSharePct,dLostPackets,throughputMbps,bufferBytes
590,1,0,24448,4584,81.25,45.03,13,3.6672,190181
590,2,0,24448,4584,81.25,45.03,13,3.6672,190178
590,3,0,24448,4584,81.25,45.03,13,3.6672,190185
590,4,0,24448,4584,81.25,45.03,13,3.6672,190200
590,5,0,24448,4584,81.25,45.03,13,3.6672,190112
590,6,1,390,390,0.00,32.40,0,0.3120,87
590,7,1,390,390,0.00,32.40,0,0.3120,87
590,8,1,390,390,0.00,32.40,0,0.3120,87
590,9,1,390,390,0.00,32.40,0,0.3120,87
590,10,1,390,390,0.00,32.40,0,0.3120,87
590,11,2,16000,1408,91.20,22.58,114,1.1264,130166
590,12,2,16000,1408,91.20,22.58,114,1.1264,130202
590,13,2,16000,1536,90.40,22.58,113,1.2288,130151
590,14,2,16000,1408,91.20,22.58,114,1.1264,130120
590,15,2,16000,1536,90.40,22.58,113,1.2288,130162
590,16,2,16000,1408,91.20,22.58,114,1.1264,130211
590,17,2,16000,1408,91.20,22.58,114,1.1264,130197
590,18,2,16000,1536,90.40,22.58,113,1.2288,130136
590,19,2,16000,1408,91.20,22.58,114,1.1264,130193
590,20,2,16000,1408,91.20,22.58,114,1.1264,130204
