timestamp,ueImsi,sliceId,dTxBytes,dRxBytes,plr,resourceSharePct,dLostPackets,throughputMbps,bufferBytes
1510,1,0,18336,15280,16.67,39.55,2,12.2240,3375
1510,2,0,18336,13752,25.00,39.55,3,11.0016,470217
1510,3,0,18336,15280,16.67,39.55,2,12.2240,104075
1510,4,0,18336,9168,50.00,39.55,6,7.3344,1012150
1510,5,0,18336,0,100.00,39.55,12,0.0000,1673569
1510,6,1,390,0,100.00,35.44,5,0.0000,169
1510,7,1,390,390,0.00,35.44,0,0.3120,87
1510,8,1,390,0,100.00,35.44,5,0.0000,333
1510,9,1,390,0,100.00,35.44,5,0.0000,1153
1510,10,1,390,390,0.00,35.44,0,0.3120,87
1510,11,2,384,256,33.33,25.01,1,0.2048,117
1510,12,2,384,256,33.33,25.01,1,0.2048,137
1510,13,2,384,256,33.33,25.01,1,0.2048,137
1510,14,2,384,0,100.00,25.01,3,0.0000,137
1510,15,2,384,0,100.00,25.01,3,0.0000,137
1510,16,2,384,256,33.33,25.01,1,0.2048,137
1510,17,2,384,0,100.00,25.01,3,0.0000,137
1510,18,2,384,0,100.00,25.01,3,0.0000,533
1510,19,2,384,256,33.33,25.01,1,0.2048,137
1510,20,2,384,256,33.33,25.01,1,0.2048,137
