timestamp,sliceId,dedicatedPRB,minPRB,maxPRB
600,0,39.16294700649764,39.16294700649764,100.0
600,1,43.50294645094092,43.50294645094092,100.0
600,2,17.33410654256145,17.33410654256145,100.0
700,0,33.12217980494664,33.12217980494664,100.0
700,1,28.3051465081885,28.3051465081885,100.0
700,2,38.57267368686487,38.57267368686487,100.0
800,0,40.02746851552295,40.02746851552295,100.0
800,1,27.931128135704547,27.931128135704547,100.0
800,2,32.04140334877252,32.04140334877252,100.0
900,0,33.546622877705175,33.546622877705175,100.0
900,1,32.58031298697199,32.58031298697199,100.0
900,2,33.87306413532283,33.87306413532283,100.0
1000,0,36.47444363863721,36.47444363863721,100.0
1000,1,43.846844762536065,43.846844762536065,100.0
1000,2,19.678711598826727,19.678711598826727,100.0
1100,0,25.467233440939363,25.467233440939363,100.0
1100,1,37.06792118626942,37.06792118626942,100.0
1100,2,37.4648453727912,37.4648453727912,100.0
1200,0,53.59359452461751,53.59359452461751,100.0
1200,1,26.78567747609406,26.78567747609406,100.0
1200,2,19.620727999288434,19.620727999288434,100.0
1300,0,29.85194104400726,29.85194104400726,100.0
1300,1,32.703839667274785,32.703839667274785,100.0
1300,2,37.44421928871796,37.44421928871796,100.0
1400,0,29.413194830150125,29.413194830150125,100.0
1400,1,40.5212748683421,40.5212748683421,100.0
1400,2,30.06553030150778,30.06553030150778,100.0
1500,0,30.152061538610287,30.152061538610287,100.0
1500,1,29.95103941177437,29.95103941177437,100.0
1500,2,39.89689904961535,39.89689904961535,100.0
1600,0,32.27219555561298,32.27219555561298,100.0
1600,1,40.23244131759764,40.23244131759764,100.0
1600,2,27.495363126789375,27.495363126789375,100.0
1700,0,32.853970988403525,32.853970988403525,100.0
1700,1,36.485563478118735,36.485563478118735,100.0
1700,2,30.660465533477744,30.660465533477744,100.0
1800,0,45.844613196432086,45.844613196432086,100.0
1800,1,33.16197712361515,33.16197712361515,100.0
1800,2,20.99340967995277,20.99340967995277,100.0
1900,0,24.1818593899983,24.1818593899983,100.0
1900,1,55.694314966035165,55.694314966035165,100.0
1900,2,20.12382564396653,20.12382564396653,100.0
2000,0,43.87922658059299,43.87922658059299,100.0
2000,1,30.98491706645239,30.98491706645239,100.0
2000,2,25.135856352954615,25.135856352954615,100.0
2100,0,29.42878163169126,29.42878163169126,100.0
2100,1,49.967017811862036,49.967017811862036,100.0
2100,2,20.604200556446706,20.604200556446706,100.0
2200,0,25.021112055747185,25.021112055747185,100.0
2200,1,49.12351048837626,49.12351048837626,100.0
2200,2,25.855377455876553,25.855377455876553,100.0
2300,0,29.670795358780243,29.670795358780243,100.0
2300,1,41.72008664743462,41.72008664743462,100.0
2300,2,28.609117993785144,28.609117993785144,100.0
2400,0,24.9271219662898,24.9271219662898,100.0
2400,1,41.28583495634652,41.28583495634652,100.0
2400,2,33.787043077363684,33.787043077363684,100.0
2500,0,35.44573081530828,35.44573081530828,100.0
2500,1,30.718415753975197,30.718415753975197,100.0
2500,2,33.835853430716526,33.835853430716526,100.0
2600,0,49.731346540578144,49.731346540578144,100.0
2600,1,28.771256455293614,28.771256455293614,100.0
2600,2,21.49739700412824,21.49739700412824,100.0
2700,0,32.1192636976226,32.1192636976226,100.0
2700,1,28.70063284593715,28.70063284593715,100.0
2700,2,39.18010345644024,39.18010345644024,100.0
2800,0,23.305472455869054,23.305472455869054,100.0
2800,1,36.45056980720599,36.45056980720599,100.0
2800,2,40.24395773692496,40.24395773692496,100.0
2900,0,44.667355731633954,44.667355731633954,100.0
2900,1,33.368319471328896,33.368319471328896,100.0
2900,2,21.964324797037154,21.964324797037154,100.0
3000,0,41.29892964714001,41.29892964714001,100.0
3000,1,40.75616756244994,40.75616756244994,100.0
3000,2,17.94490279041005,17.94490279041005,100.0
3100,0,30.2021880985189,30.2021880985189,100.0
3100,1,42.02574564764557,42.02574564764557,100.0
3100,2,27.772066253835526,27.772066253835526,100.0
3200,0,28.064426459817938,28.064426459817938,100.0
3200,1,37.59627831726694,37.59627831726694,100.0
3200,2,34.33929522291512,34.33929522291512,100.0
3300,0,23.014130714662855,23.014130714662855,100.0
3300,1,41.68472975162748,41.68472975162748,100.0
3300,2,35.30113953370966,35.30113953370966,100.0
3400,0,48.28890205318469,48.28890205318469,100.0
3400,1,28.89430102685997,28.89430102685997,100.0
3400,2,22.816796919955333,22.816796919955333,100.0
3500,0,25.426764741915818,25.426764741915818,100.0
3500,1,26.751039772854547,26.751039772854547,100.0
3500,2,47.822195485229635,47.822195485229635,100.0
3600,0,32.06776648735175,32.06776648735175,100.0
3600,1,40.66374512554114,40.66374512554114,100.0
3600,2,27.268488387107116,27.268488387107116,100.0
3700,0,29.746421557480968,29.746421557480968,100.0
3700,1,41.148652355575685,41.148652355575685,100.0
3700,2,29.104926086943355,29.104926086943355,100.0
3800,0,47.09326616879607,47.09326616879607,100.0
3800,1,26.857720291194344,26.857720291194344,100.0
3800,2,26.04901354000959,26.04901354000959,100.0
3900,0,38.878598040183356,38.878598040183356,100.0
3900,1,25.889524815728095,25.889524815728095,100.0
3900,2,35.231877144088564,35.231877144088564,100.0
4000,0,41.5514701065123,41.5514701065123,100.0
4000,1,28.865967561239046,28.865967561239046,100.0
4000,2,29.582562332248653,29.582562332248653,100.0
4100,0,34.248303600330246,34.248303600330246,100.0
4100,1,36.24407538060803,36.24407538060803,100.0
4100,2,29.507621019061737,29.507621019061737,100.0
4200,0,26.18774914402936,26.18774914402936,100.0
4200,1,40.30554391842984,40.30554391842984,100.0
4200,2,33.5067069375408,33.5067069375408,100.0
4300,0,30.346211459097688,30.346211459097688,100.0
4300,1,36.92990655605104,36.92990655605104,100.0
4300,2,32.72388198485128,32.72388198485128,100.0
4400,0,31.232355691678904,31.232355691678904,100.0
4400,1,50.13153631823243,50.13153631823243,100.0
4400,2,18.636107990088668,18.636107990088668,100.0
4500,0,32.006651634893764,32.006651634893764,100.0
4500,1,41.05053434566449,41.05053434566449,100.0
4500,2,26.942814019441748,26.942814019441748,100.0
4600,0,31.623204446242724,31.623204446242724,100.0
4600,1,29.357845367873015,29.357845367873015,100.0
4600,2,39.01895018588426,39.01895018588426,100.0
4700,0,30.156764237632217,30.156764237632217,100.0
4700,1,39.24588369486287,39.24588369486287,100.0
4700,2,30.597352067504925,30.597352067504925,100.0
4800,0,28.79115795033521,28.79115795033521,100.0
4800,1,26.34382813205029,26.34382813205029,100.0
4800,2,44.8650139176145,44.8650139176145,100.0
4900,0,24.390779958720255,24.390779958720255,100.0
4900,1,31.0759857029541,31.0759857029541,100.0
4900,2,44.53323433832564,44.53323433832564,100.0
5000,0,36.411618361814426,36.411618361814426,100.0
5000,1,34.78729980198471,34.78729980198471,100.0
5000,2,28.801081836200865,28.801081836200865,100.0
5100,0,37.13997714552908,37.13997714552908,100.0
5100,1,32.3072167200305,32.3072167200305,100.0
5100,2,30.552806134440424,30.552806134440424,100.0
5200,0,34.14189251337365,34.14189251337365,100.0
5200,1,32.71978500050178,32.71978500050178,100.0
5200,2,33.13832248612458,33.13832248612458,100.0
5300,0,34.42345562876113,34.42345562876113,100.0
5300,1,42.132454446212215,42.132454446212215,100.0
5300,2,23.444089925026656,23.444089925026656,100.0
5400,0,41.02438510134233,41.02438510134233,100.0
5400,1,36.680059485750775,36.680059485750775,100.0
5400,2,22.295555412906904,22.295555412906904,100.0
5500,0,40.1122333613375,40.1122333613375,100.0
5500,1,34.15455762211981,34.15455762211981,100.0
5500,2,25.73320901654269,25.73320901654269,100.0
5600,0,31.006295467312828,31.006295467312828,100.0
5600,1,35.905423390946645,35.905423390946645,100.0
5600,2,33.08828114174053,33.08828114174053,100.0
5700,0,44.02073286467812,44.02073286467812,100.0
5700,1,36.25771772620167,36.25771772620167,100.0
5700,2,19.721549409120207,19.721549409120207,100.0
5800,0,26.51241102265134,26.51241102265134,100.0
5800,1,37.18478668261696,37.18478668261696,100.0
5800,2,36.302802294731706,36.302802294731706,100.0
5900,0,22.369775216772407,22.369775216772407,100.0
5900,1,39.52412055479241,39.52412055479241,100.0
5900,2,38.106104228435186,38.106104228435186,100.0
6000,0,24.1381566484823,24.1381566484823,100.0
6000,1,28.960751109045102,28.960751109045102,100.0
6000,2,46.9010922424726,46.9010922424726,100.0
6100,0,26.983230464068747,26.983230464068747,100.0
6100,1,53.005545152680476,53.005545152680476,100.0
6100,2,20.011224383250774,20.011224383250774,100.0
6200,0,36.845979881343006,36.845979881343006,100.0
6200,1,41.465130184050246,41.465130184050246,100.0
6200,2,21.68888993460675,21.68888993460675,100.0
6300,0,45.59784381442801,45.59784381442801,100.0
6300,1,33.98267738292839,33.98267738292839,100.0
6300,2,20.41947880264361,20.41947880264361,100.0
6400,0,33.170494706759,33.170494706759,100.0
6400,1,30.740541825781758,30.740541825781758,100.0
6400,2,36.088963467459244,36.088963467459244,100.0
6500,0,37.677367181598065,37.677367181598065,100.0
6500,1,43.30860417710966,43.30860417710966,100.0
6500,2,19.014028641292274,19.014028641292274,100.0
6600,0,42.36071379364753,42.36071379364753,100.0
6600,1,30.423267925279184,30.423267925279184,100.0
6600,2,27.216018281073296,27.216018281073296,100.0
6700,0,37.402488113937935,37.402488113937935,100.0
6700,1,25.86372952234324,25.86372952234324,100.0
6700,2,36.733782363718824,36.733782363718824,100.0
6800,0,38.42792554678286,38.42792554678286,100.0
6800,1,35.029409226379634,35.029409226379634,100.0
6800,2,26.542665226837503,26.542665226837503,100.0
6900,0,35.573307949243606,35.573307949243606,100.0
6900,1,43.16419330882725,43.16419330882725,100.0
6900,2,21.26249874192915,21.26249874192915,100.0
7000,0,41.78906075817249,41.78906075817249,100.0
7000,1,38.367319385188466,38.367319385188466,100.0
7000,2,19.84361985663904,19.84361985663904,100.0
7100,0,44.20628388797263,44.20628388797263,100.0
7100,1,27.44006882588667,27.44006882588667,100.0
7100,2,28.35364728614071,28.35364728614071,100.0
7200,0,40.344602938652926,40.344602938652926,100.0
7200,1,29.68216487249323,29.68216487249323,100.0
7200,2,29.97323218885385,29.97323218885385,100.0
7300,0,49.776399342138525,49.776399342138525,100.0
7300,1,26.223368768505033,26.223368768505033,100.0
7300,2,24.000231889356442,24.000231889356442,100.0
7400,0,25.557062200516402,25.557062200516402,100.0
7400,1,36.716164734708855,36.716164734708855,100.0
7400,2,37.72677306477475,37.72677306477475,100.0
7500,0,31.839912382510793,31.839912382510793,100.0
7500,1,48.921798693414644,48.921798693414644,100.0
7500,2,19.238288924074563,19.238288924074563,100.0
7600,0,34.07506590881828,34.07506590881828,100.0
7600,1,35.450373413687544,35.450373413687544,100.0
7600,2,30.47456067749418,30.47456067749418,100.0
7700,0,25.103257875404605,25.103257875404605,100.0
7700,1,46.3725441627831,46.3725441627831,100.0
7700,2,28.524197961812288,28.524197961812288,100.0
7800,0,52.56486967625358,52.56486967625358,100.0
7800,1,27.71143857821885,27.71143857821885,100.0
7800,2,19.723691745527567,19.723691745527567,100.0
7900,0,35.686353987260276,35.686353987260276,100.0
7900,1,26.538008167517223,26.538008167517223,100.0
7900,2,37.7756378452225,37.7756378452225,100.0
8000,0,29.636547051676075,29.636547051676075,100.0
8000,1,39.0163496031119,39.0163496031119,100.0
8000,2,31.347103345212023,31.347103345212023,100.0
8100,0,25.593193487735295,25.593193487735295,100.0
8100,1,54.22298039872906,54.22298039872906,100.0
8100,2,20.18382611353565,20.18382611353565,100.0
8200,0,26.922811042477353,26.922811042477353,100.0
8200,1,36.05872285671959,36.05872285671959,100.0
8200,2,37.01846610080306,37.01846610080306,100.0
8300,0,41.815806542174165,41.815806542174165,100.0
8300,1,31.241651968869377,31.241651968869377,100.0
8300,2,26.94254148895645,26.94254148895645,100.0
8400,0,22.764435297219528,22.764435297219528,100.0
8400,1,42.16813338885943,42.16813338885943,100.0
8400,2,35.06743131392105,35.06743131392105,100.0
8500,0,31.583918554626887,31.583918554626887,100.0
8500,1,46.273827479195695,46.273827479195695,100.0
8500,2,22.14225396617742,22.14225396617742,100.0
8600,0,30.585348673827923,30.585348673827923,100.0
8600,1,34.32077622101011,34.32077622101011,100.0
8600,2,35.09387510516197,35.09387510516197,100.0
8700,0,39.89582508154971,39.89582508154971,100.0
8700,1,38.86930510068245,38.86930510068245,100.0
8700,2,21.234869817767837,21.234869817767837,100.0
8800,0,33.372643497397526,33.372643497397526,100.0
8800,1,28.70976865998427,28.70976865998427,100.0
8800,2,37.917587842618204,37.917587842618204,100.0
8900,0,34.81850466702373,34.81850466702373,100.0
8900,1,38.937543270596876,38.937543270596876,100.0
8900,2,26.2439520623794,26.2439520623794,100.0
9000,0,23.4126742361541,23.4126742361541,100.0
9000,1,40.86882572295729,40.86882572295729,100.0
9000,2,35.718500040888614,35.718500040888614,100.0
9100,0,28.209505296755573,28.209505296755573,100.0
9100,1,50.53138011604399,50.53138011604399,100.0
9100,2,21.259114587200443,21.259114587200443,100.0
9200,0,41.08301151161401,41.08301151161401,100.0
9200,1,31.025500526848916,31.025500526848916,100.0
9200,2,27.89148796153707,27.89148796153707,100.0
9300,0,28.64214073230822,28.64214073230822,100.0
9300,1,34.654653351034646,34.654653351034646,100.0
9300,2,36.70320591665713,36.70320591665713,100.0
9400,0,28.494738384093505,28.494738384093505,100.0
9400,1,38.5211973054022,38.5211973054022,100.0
9400,2,32.9840643105043,32.9840643105043,100.0
9500,0,29.43034560154794,29.43034560154794,100.0
9500,1,41.13177745295709,41.13177745295709,100.0
9500,2,29.437876945494978,29.437876945494978,100.0
9600,0,22.593139424969827,22.593139424969827,100.0
9600,1,45.462218458437206,45.462218458437206,100.0
9600,2,31.944642116592973,31.944642116592973,100.0
9700,0,27.069526683851475,27.069526683851475,100.0
9700,1,31.595750725525956,31.595750725525956,100.0
9700,2,41.334722590622576,41.334722590622576,100.0
9800,0,37.83329815723182,37.83329815723182,100.0
9800,1,39.96341134970935,39.96341134970935,100.0
9800,2,22.203290493058823,22.203290493058823,100.0
9900,0,28.663989100761306,28.663989100761306,100.0
9900,1,50.71879396852107,50.71879396852107,100.0
9900,2,20.61721693071763,20.61721693071763,100.0
