timestamp,ueImsi,sliceId,dTxBytes,dRxBytes,plr,resourceSharePct,dLostPackets,throughputMbps,bufferBytes
560,1,0,24448,3056,87.50,35.55,14,2.4448,133168
560,2,0,24448,3056,87.50,35.55,14,2.4448,133218
560,3,0,24448,3056,87.50,35.55,14,2.4448,133226
560,4,0,24448,3056,87.50,35.55,14,2.4448,133259
560,5,0,24448,3056,87.50,35.55,14,2.4448,133251
560,6,1,780,702,10.00,41.83,1,0.5616,87
560,7,1,780,702,10.00,41.83,1,0.5616,87
560,8,1,780,702,10.00,41.83,1,0.5616,87
560,9,1,780,702,10.00,41.83,1,0.5616,87
560,10,1,780,702,10.00,41.83,1,0.5616,87
560,11,2,16000,1024,93.60,22.61,117,0.8192,88265
560,12,2,16000,1024,93.60,22.61,117,0.8192,88216
560,13,2,16000,1024,93.60,22.61,117,0.8192,88266
560,14,2,16000,1024,93.60,22.61,117,0.8192,88245
560,15,2,16000,1024,93.60,22.61,117,0.8192,88152
560,16,2,16000,1024,93.60,22.61,117,0.8192,88152
560,17,2,16000,1024,93.60,22.61,117,0.8192,88165
560,18,2,16000,1024,93.60,22.61,117,0.8192,88177
560,19,2,16000,1024,93.60,22.61,117,0.8192,88176
560,20,2,16000,896,94.40,22.61,118,0.7168,88180
