timestamp,ueImsi,sliceId,dTxBytes,dRxBytes,plr,resourceSharePct,dLostPackets,throughputMbps,bufferBytes
560,1,0,24448,3056,87.50,40.34,14,2.4448,129536
560,2,0,24448,3056,87.50,40.34,14,2.4448,129578
560,3,0,24448,3056,87.50,40.34,14,2.4448,129592
560,4,0,24448,3056,87.50,40.34,14,2.4448,129496
560,5,0,24448,3056,87.50,40.34,14,2.4448,129483
560,6,1,780,702,10.00,28.10,1,0.5616,87
560,7,1,780,702,10.00,28.10,1,0.5616,87
560,8,1,780,702,10.00,28.10,1,0.5616,87
560,9,1,780,702,10.00,28.10,1,0.5616,87
560,10,1,780,702,10.00,28.10,1,0.5616,87
560,11,2,16000,1280,92.00,31.57,115,1.0240,87802
560,12,2,16000,1152,92.80,31.57,116,0.9216,87748
560,13,2,16000,1280,92.00,31.57,115,1.0240,87810
560,14,2,16000,1280,92.00,31.57,115,1.0240,87814
560,15,2,16000,1280,92.00,31.57,115,1.0240,87814
560,16,2,16000,1280,92.00,31.57,115,1.0240,87808
560,17,2,16000,1280,92.00,31.57,115,1.0240,87823
560,18,2,16000,1152,92.80,31.57,116,0.9216,87822
560,19,2,16000,1152,92.80,31.57,116,0.9216,87830
560,20,2,16000,1152,92.80,31.57,116,0.9216,87721
