timestamp,ueImsi,sliceId,dTxBytes,dRxBytes,plr,resourceSharePct,dLostPackets,throughputMbps,bufferBytes
1510,1,0,18336,16808,8.33,51.67,1,13.4464,1537
1510,2,0,18336,0,100.00,51.67,12,0.0000,1655965
1510,3,0,18336,0,100.00,51.67,12,0.0000,1713544
1510,4,0,18336,18336,0.00,51.67,0,14.6688,670
1510,5,0,18336,0,100.00,51.67,12,0.0000,1697849
1510,6,1,390,390,0.00,35.00,0,0.3120,87
1510,7,1,390,390,0.00,35.00,0,0.3120,87
1510,8,1,390,390,0.00,35.00,0,0.3120,87
1510,9,1,390,390,0.00,35.00,0,0.3120,87
1510,10,1,390,0,100.00,35.00,5,0.0000,415
1510,11,2,384,256,33.33,13.34,1,0.2048,137
1510,12,2,384,256,33.33,13.34,1,0.2048,137
1510,13,2,384,0,100.00,13.34,3,0.0000,844
1510,14,2,384,128,66.67,13.34,2,0.1024,137
1510,15,2,384,0,100.00,13.34,3,0.0000,3242
1510,16,2,384,0,100.00,13.34,3,0.0000,5852
1510,17,2,384,0,100.00,13.34,3,0.0000,401
1510,18,2,384,0,100.00,13.34,3,0.0000,399
1510,19,2,384,256,33.33,13.34,1,0.2048,137
1510,20,2,384,256,33.33,13.34,1,0.2048,137
