timestamp,sliceId,dedicatedPRB,minPRB,maxPRB
510,0,26.515109495063243,26.515109495063243,100.0
510,1,48.752686090698525,48.752686090698525,100.0
510,2,24.73220441423824,24.73220441423824,100.0
520,0,33.48398443367152,33.48398443367152,100.0
520,1,46.254384029119,46.254384029119,100.0
520,2,20.261631537209475,20.261631537209475,100.0
530,0,35.89977411309426,35.89977411309426,100.0
530,1,41.41548608319716,41.41548608319716,100.0
530,2,22.684739803708585,22.684739803708585,100.0
540,0,27.04310309300529,27.04310309300529,100.0
540,1,49.79403936447853,49.79403936447853,100.0
540,2,23.162857542516175,23.162857542516175,100.0
550,0,37.4658932971409,37.4658932971409,100.0
550,1,31.1891314646628,31.1891314646628,100.0
550,2,31.344975238196305,31.344975238196305,100.0
560,0,37.83948921417033,37.83948921417033,100.0
560,1,32.993484674508736,32.993484674508736,100.0
560,2,29.167026111320943,29.167026111320943,100.0
570,0,36.16010011903171,36.16010011903171,100.0
570,1,26.846153371392166,26.846153371392166,100.0
570,2,36.99374650957613,36.99374650957613,100.0
580,0,41.62055914558198,41.62055914558198,100.0
580,1,39.185962875116374,39.185962875116374,100.0
580,2,19.193477979301647,19.193477979301647,100.0
590,0,29.73472697606595,29.73472697606595,100.0
590,1,36.45818627283121,36.45818627283121,100.0
590,2,33.80708675110283,33.80708675110283,100.0
600,0,40.27381298255908,40.27381298255908,100.0
600,1,30.227376186428533,30.227376186428533,100.0
600,2,29.49881083101239,29.49881083101239,100.0
610,0,44.55541453882861,44.55541453882861,100.0
610,1,29.952385551960425,29.952385551960425,100.0
610,2,25.492199909210978,25.492199909210978,100.0
620,0,27.035486590958524,27.035486590958524,100.0
620,1,34.81258814796669,34.81258814796669,100.0
620,2,38.15192526107478,38.15192526107478,100.0
630,0,27.792563244737018,27.792563244737018,100.0
630,1,45.53631869883199,45.53631869883199,100.0
630,2,26.671118056431,26.671118056431,100.0
640,0,39.64375255928415,39.64375255928415,100.0
640,1,41.96799453374807,41.96799453374807,100.0
640,2,18.38825290696778,18.38825290696778,100.0
650,0,30.873583000197435,30.873583000197435,100.0
650,1,29.218707836375753,29.218707836375753,100.0
650,2,39.90770916342681,39.90770916342681,100.0
660,0,29.525966877029386,29.525966877029386,100.0
660,1,35.22703423679981,35.22703423679981,100.0
660,2,35.24699888617081,35.24699888617081,100.0
670,0,25.841088533799816,25.841088533799816,100.0
670,1,29.5276283329601,29.5276283329601,100.0
670,2,44.63128313324008,44.63128313324008,100.0
680,0,26.637008786490647,26.637008786490647,100.0
680,1,51.628506083702874,51.628506083702874,100.0
680,2,21.734485129806487,21.734485129806487,100.0
690,0,23.54969088295865,23.54969088295865,100.0
690,1,38.44401709448035,38.44401709448035,100.0
690,2,38.00629202256099,38.00629202256099,100.0
700,0,34.05485850281934,34.05485850281934,100.0
700,1,25.984044103518677,25.984044103518677,100.0
700,2,39.96109739366198,39.96109739366198,100.0
710,0,25.33585111593436,25.33585111593436,100.0
710,1,48.159868046100584,48.159868046100584,100.0
710,2,26.504280837965055,26.504280837965055,100.0
720,0,33.1034315689041,33.1034315689041,100.0
720,1,48.11181631945142,48.11181631945142,100.0
720,2,18.784752111644483,18.784752111644483,100.0
730,0,36.49074785776396,36.49074785776396,100.0
730,1,43.89443233312797,43.89443233312797,100.0
730,2,19.614819809108074,19.614819809108074,100.0
740,0,34.55039797528926,34.55039797528926,100.0
740,1,30.247641387481668,30.247641387481668,100.0
740,2,35.201960637229085,35.201960637229085,100.0
750,0,33.578857610777675,33.578857610777675,100.0
750,1,26.12329121784334,26.12329121784334,100.0
750,2,40.29785117137899,40.29785117137899,100.0
760,0,37.22242443126731,37.22242443126731,100.0
760,1,31.656559077214872,31.656559077214872,100.0
760,2,31.121016491517818,31.121016491517818,100.0
770,0,49.26937338418674,49.26937338418674,100.0
770,1,25.669599129803895,25.669599129803895,100.0
770,2,25.06102748600937,25.06102748600937,100.0
780,0,34.82279912917382,34.82279912917382,100.0
780,1,30.211724776223885,30.211724776223885,100.0
780,2,34.96547609460229,34.96547609460229,100.0
790,0,32.55773809501804,32.55773809501804,100.0
790,1,47.608498275220725,47.608498275220725,100.0
790,2,19.83376362976123,19.83376362976123,100.0
800,0,46.33836377019023,46.33836377019023,100.0
800,1,31.139854057445948,31.139854057445948,100.0
800,2,22.521782172363828,22.521782172363828,100.0
810,0,38.791297474691646,38.791297474691646,100.0
810,1,25.524203705225467,25.524203705225467,100.0
810,2,35.68449882008289,35.68449882008289,100.0
820,0,29.89189409381947,29.89189409381947,100.0
820,1,32.95213403339008,32.95213403339008,100.0
820,2,37.15597187279045,37.15597187279045,100.0
830,0,24.304886803729996,24.304886803729996,100.0
830,1,40.71287841518053,40.71287841518053,100.0
830,2,34.982234781089474,34.982234781089474,100.0
840,0,30.1128026970368,30.1128026970368,100.0
840,1,45.532747980301394,45.532747980301394,100.0
840,2,24.354449322661807,24.354449322661807,100.0
850,0,33.24603966885105,33.24603966885105,100.0
850,1,48.30211888150124,48.30211888150124,100.0
850,2,18.45184144964772,18.45184144964772,100.0
860,0,43.93621329110656,43.93621329110656,100.0
860,1,28.43788708103075,28.43788708103075,100.0
860,2,27.625899627862683,27.625899627862683,100.0
870,0,32.891507227142185,32.891507227142185,100.0
870,1,43.50499329839404,43.50499329839404,100.0
870,2,23.603499474463774,23.603499474463774,100.0
880,0,24.21927773232674,24.21927773232674,100.0
880,1,27.135882597370454,27.135882597370454,100.0
880,2,48.64483967030281,48.64483967030281,100.0
890,0,30.128064093920585,30.128064093920585,100.0
890,1,43.576088345030364,43.576088345030364,100.0
890,2,26.29584756104905,26.29584756104905,100.0
900,0,45.20227216875583,45.20227216875583,100.0
900,1,33.47187459186552,33.47187459186552,100.0
900,2,21.325853239378645,21.325853239378645,100.0
910,0,40.06390511386463,40.06390511386463,100.0
910,1,35.933858834772195,35.933858834772195,100.0
910,2,24.00223605136318,24.00223605136318,100.0
920,0,22.50808910608786,22.50808910608786,100.0
920,1,37.154983126389176,37.154983126389176,100.0
920,2,40.336927767522965,40.336927767522965,100.0
930,0,22.23802469314305,22.23802469314305,100.0
930,1,40.48081747603732,40.48081747603732,100.0
930,2,37.28115783081962,37.28115783081962,100.0
940,0,22.539375831484737,22.539375831484737,100.0
940,1,41.475378835812954,41.475378835812954,100.0
940,2,35.985245332702306,35.985245332702306,100.0
950,0,35.335029342908655,35.335029342908655,100.0
950,1,33.682836301109795,33.682836301109795,100.0
950,2,30.98213435598155,30.98213435598155,100.0
960,0,26.021292727253286,26.021292727253286,100.0
960,1,31.63003157527655,31.63003157527655,100.0
960,2,42.34867569747016,42.34867569747016,100.0
970,0,39.29122838099478,39.29122838099478,100.0
970,1,29.7475678596401,29.7475678596401,100.0
970,2,30.961203759365123,30.961203759365123,100.0
980,0,23.094584671439296,23.094584671439296,100.0
980,1,35.09923735029116,35.09923735029116,100.0
980,2,41.806177978269545,41.806177978269545,100.0
990,0,29.310947861924564,29.310947861924564,100.0
990,1,32.314331845901286,32.314331845901286,100.0
990,2,38.374720292174146,38.374720292174146,100.0
1000,0,28.486617502865187,28.486617502865187,100.0
1000,1,26.273620158771493,26.273620158771493,100.0
1000,2,45.23976233836332,45.23976233836332,100.0
1010,0,23.208870693062305,23.208870693062305,100.0
1010,1,29.46928137907,29.46928137907,100.0
1010,2,47.3218479278677,47.3218479278677,100.0
1020,0,26.888797317578543,26.888797317578543,100.0
1020,1,44.23436869816135,44.23436869816135,100.0
1020,2,28.87683398426011,28.87683398426011,100.0
1030,0,37.076813249674004,37.076813249674004,100.0
1030,1,27.308122705702274,27.308122705702274,100.0
1030,2,35.61506404462372,35.61506404462372,100.0
1040,0,29.023224694500204,29.023224694500204,100.0
1040,1,42.25672896853411,42.25672896853411,100.0
1040,2,28.720046336965677,28.720046336965677,100.0
1050,0,40.91529003378709,40.91529003378709,100.0
1050,1,32.899311069340065,32.899311069340065,100.0
1050,2,26.185398896872847,26.185398896872847,100.0
1060,0,22.6766398697615,22.6766398697615,100.0
1060,1,41.24897627541779,41.24897627541779,100.0
1060,2,36.07438385482071,36.07438385482071,100.0
1070,0,50.087046453573635,50.087046453573635,100.0
1070,1,29.22114034265738,29.22114034265738,100.0
1070,2,20.691813203768984,20.691813203768984,100.0
1080,0,32.567715035133446,32.567715035133446,100.0
1080,1,32.225672333900114,32.225672333900114,100.0
1080,2,35.20661263096645,35.20661263096645,100.0
1090,0,31.994850512671764,31.994850512671764,100.0
1090,1,35.00058710032471,35.00058710032471,100.0
1090,2,33.00456238700353,33.00456238700353,100.0
1100,0,27.202129729076375,27.202129729076375,100.0
1100,1,40.07464685633915,40.07464685633915,100.0
1100,2,32.723223414584474,32.723223414584474,100.0
1110,0,26.485819273742194,26.485819273742194,100.0
1110,1,29.877417504337433,29.877417504337433,100.0
1110,2,43.63676322192037,43.63676322192037,100.0
1120,0,22.333833881321556,22.333833881321556,100.0
1120,1,39.44094145551656,39.44094145551656,100.0
1120,2,38.22522466316189,38.22522466316189,100.0
1130,0,26.910147458174244,26.910147458174244,100.0
1130,1,37.61157067673836,37.61157067673836,100.0
1130,2,35.47828186508741,35.47828186508741,100.0
1140,0,39.493833785500286,39.493833785500286,100.0
1140,1,27.990725517228533,27.990725517228533,100.0
1140,2,32.51544069727118,32.51544069727118,100.0
1150,0,35.062033610406054,35.062033610406054,100.0
1150,1,29.363145809383965,29.363145809383965,100.0
1150,2,35.57482058020999,35.57482058020999,100.0
1160,0,39.124965062297115,39.124965062297115,100.0
1160,1,42.6266970771658,42.6266970771658,100.0
1160,2,18.248337860537088,18.248337860537088,100.0
1170,0,36.274250381362926,36.274250381362926,100.0
1170,1,42.11591475836156,42.11591475836156,100.0
1170,2,21.609834860275512,21.609834860275512,100.0
1180,0,42.39427917939393,42.39427917939393,100.0
1180,1,32.59063414901519,32.59063414901519,100.0
1180,2,25.015086671590876,25.015086671590876,100.0
1190,0,24.742915163055873,24.742915163055873,100.0
1190,1,30.595899873387854,30.595899873387854,100.0
1190,2,44.66118496355628,44.66118496355628,100.0
1200,0,48.577601334043386,48.577601334043386,100.0
1200,1,25.289626546501392,25.289626546501392,100.0
1200,2,26.13277211945522,26.13277211945522,100.0
1210,0,39.000338654202864,39.000338654202864,100.0
1210,1,24.662583969981362,24.662583969981362,100.0
1210,2,36.337077375815774,36.337077375815774,100.0
1220,0,32.39960273215748,32.39960273215748,100.0
1220,1,43.42898623604245,43.42898623604245,100.0
1220,2,24.171411031800066,24.171411031800066,100.0
1230,0,25.411045981333064,25.411045981333064,100.0
1230,1,46.967801825059446,46.967801825059446,100.0
1230,2,27.621152193607497,27.621152193607497,100.0
1240,0,42.32856855400324,42.32856855400324,100.0
1240,1,24.348188583787927,24.348188583787927,100.0
1240,2,33.323242862208836,33.323242862208836,100.0
1250,0,42.10458906184371,42.10458906184371,100.0
1250,1,25.036030004754483,25.036030004754483,100.0
1250,2,32.8593809334018,32.8593809334018,100.0
1260,0,30.850527344583554,30.850527344583554,100.0
1260,1,43.45644140150168,43.45644140150168,100.0
1260,2,25.69303125391476,25.69303125391476,100.0
1270,0,36.87272134189476,36.87272134189476,100.0
1270,1,35.335936475931426,35.335936475931426,100.0
1270,2,27.791342182173818,27.791342182173818,100.0
1280,0,32.38327373201434,32.38327373201434,100.0
1280,1,29.385359669739852,29.385359669739852,100.0
1280,2,38.231366598245806,38.231366598245806,100.0
1290,0,35.522798653275146,35.522798653275146,100.0
1290,1,39.75990574992726,39.75990574992726,100.0
1290,2,24.7172955967976,24.7172955967976,100.0
1300,0,42.00646209735327,42.00646209735327,100.0
1300,1,37.61328394386546,37.61328394386546,100.0
1300,2,20.380253958781275,20.380253958781275,100.0
1310,0,35.64996050089928,35.64996050089928,100.0
1310,1,29.719262708920414,29.719262708920414,100.0
1310,2,34.630776790180306,34.630776790180306,100.0
1320,0,31.070669411210805,31.070669411210805,100.0
1320,1,40.38743888405098,40.38743888405098,100.0
1320,2,28.54189170473822,28.54189170473822,100.0
1330,0,32.774906230811965,32.774906230811965,100.0
1330,1,43.15633502623503,43.15633502623503,100.0
1330,2,24.068758742953005,24.068758742953005,100.0
1340,0,26.68256974984613,26.68256974984613,100.0
1340,1,47.297247323337686,47.297247323337686,100.0
1340,2,26.020182926816176,26.020182926816176,100.0
1350,0,44.189309392209296,44.189309392209296,100.0
1350,1,25.707808860469218,25.707808860469218,100.0
1350,2,30.102881747321486,30.102881747321486,100.0
1360,0,27.331323030825878,27.331323030825878,100.0
1360,1,26.36712168642743,26.36712168642743,100.0
1360,2,46.3015552827467,46.3015552827467,100.0
1370,0,42.629957883313196,42.629957883313196,100.0
1370,1,29.958049239992025,29.958049239992025,100.0
1370,2,27.41199287669478,27.41199287669478,100.0
1380,0,47.61359013876583,47.61359013876583,100.0
1380,1,32.12197502865811,32.12197502865811,100.0
1380,2,20.264434832576057,20.264434832576057,100.0
1390,0,34.43317601790314,34.43317601790314,100.0
1390,1,38.79192961681528,38.79192961681528,100.0
1390,2,26.774894365281575,26.774894365281575,100.0
1400,0,31.47998418120016,31.47998418120016,100.0
1400,1,33.30311113594171,33.30311113594171,100.0
1400,2,35.21690468285813,35.21690468285813,100.0
1410,0,47.52382872455129,47.52382872455129,100.0
1410,1,27.613414771669255,27.613414771669255,100.0
1410,2,24.862756503779462,24.862756503779462,100.0
1420,0,27.48950365378171,27.48950365378171,100.0
1420,1,36.23532157619247,36.23532157619247,100.0
1420,2,36.275174770025814,36.275174770025814,100.0
1430,0,30.91830099612498,30.91830099612498,100.0
1430,1,36.145375670689425,36.145375670689425,100.0
1430,2,32.9363233331856,32.9363233331856,100.0
1440,0,28.64831480757111,28.64831480757111,100.0
1440,1,29.409765535750722,29.409765535750722,100.0
1440,2,41.941919656678174,41.941919656678174,100.0
1450,0,39.71611495762235,39.71611495762235,100.0
1450,1,26.511728174949084,26.511728174949084,100.0
1450,2,33.77215686742858,33.77215686742858,100.0
1460,0,22.15329910851923,22.15329910851923,100.0
1460,1,30.567186700350657,30.567186700350657,100.0
1460,2,47.27951419113011,47.27951419113011,100.0
1470,0,42.047815489362975,42.047815489362975,100.0
1470,1,27.238370464602646,27.238370464602646,100.0
1470,2,30.713814046034383,30.713814046034383,100.0
1480,0,34.340501602848384,34.340501602848384,100.0
1480,1,43.49921005490043,43.49921005490043,100.0
1480,2,22.16028834225118,22.16028834225118,100.0
1490,0,33.36396850785531,33.36396850785531,100.0
1490,1,42.635847687497005,42.635847687497005,100.0
1490,2,24.00018380464768,24.00018380464768,100.0
1500,0,31.021799035883717,31.021799035883717,100.0
1500,1,26.73314383638907,26.73314383638907,100.0
1500,2,42.245057127727215,42.245057127727215,100.0
