timestamp,ueImsi,sliceId,dTxBytes,dRxBytes,plr,resourceSharePct,dLostPackets,throughputMbps,bufferBytes
1510,1,0,18336,19864,0.00,50.98,0,15.8912,113472
1510,2,0,18336,19864,0.00,50.98,0,15.8912,57330
1510,3,0,18336,19864,0.00,50.98,0,15.8912,57409
1510,4,0,18336,19864,0.00,50.98,0,15.8912,57362
1510,5,0,18336,19864,0.00,50.98,0,15.8912,57537
1510,6,1,390,390,0.00,26.78,0,0.3120,87
1510,7,1,390,390,0.00,26.78,0,0.3120,87
1510,8,1,390,0,100.00,26.78,5,0.0000,238
1510,9,1,390,390,0.00,26.78,0,0.3120,87
1510,10,1,390,390,0.00,26.78,0,0.3120,87
1510,11,2,384,256,33.33,22.23,1,0.2048,137
1510,12,2,384,256,33.33,22.23,1,0.2048,137
1510,13,2,384,256,33.33,22.23,1,0.2048,137
1510,14,2,384,256,33.33,22.23,1,0.2048,137
1510,15,2,384,0,100.00,22.23,3,0.0000,137
1510,16,2,384,256,33.33,22.23,1,0.2048,137
1510,17,2,384,256,33.33,22.23,1,0.2048,137
1510,18,2,384,0,100.00,22.23,3,0.0000,269
1510,19,2,384,256,33.33,22.23,1,0.2048,137
1510,20,2,384,256,33.33,22.23,1,0.2048,137
