timestamp,ueImsi,sliceId,dTxBytes,dRxBytes,plr,resourceSharePct,dLostPackets,throughputMbps,bufferBytes,dlBufferBytes,ulBufferBytes,macBufferBytes,congestionPct,lastDrlActionStatus
9900,1,0,193616,4912,97.67,29.98,168,0.3930,1200005,178542,1200005,1378547,13.15,applied
9900,2,0,193616,6140,97.09,29.98,167,0.4912,1200005,178544,1200005,1378549,13.15,applied
9900,3,0,193616,112976,46.51,29.98,80,9.0381,1200005,178543,1200005,1378548,13.15,applied
9900,4,0,193616,0,100.00,29.98,172,0.0000,1200005,181643,1200005,1381648,13.18,applied
9900,5,0,193616,0,100.00,29.98,172,0.0000,1200005,178543,1200005,1378548,13.15,applied
9900,6,1,0,0,0.00,39.79,0,0.0000,34,0,34,34,0.00,applied
9900,7,1,0,0,0.00,39.79,0,0.0000,34,0,34,34,0.00,applied
9900,8,1,0,0,0.00,39.79,0,0.0000,34,0,34,34,0.00,applied
9900,9,1,0,0,0.00,39.79,0,0.0000,34,0,34,34,0.00,applied
9900,10,1,0,0,0.00,39.79,0,0.0000,34,0,34,34,0.00,applied
9900,11,1,0,0,0.00,39.79,0,0.0000,34,0,34,34,0.00,applied
9900,12,1,0,0,0.00,39.79,0,0.0000,34,0,34,34,0.00,applied
9900,13,1,0,0,0.00,39.79,0,0.0000,34,0,34,34,0.00,applied
9900,14,2,65200,0,100.00,30.23,50,0.0000,5835894,5835894,51,5835945,55.66,applied
9900,15,2,65200,0,100.00,30.23,50,0.0000,5836012,5836012,34,5836046,55.66,applied
9900,16,2,65200,0,100.00,30.23,50,0.0000,5835898,5835898,51,5835949,55.66,applied
9900,17,2,65200,0,100.00,30.23,50,0.0000,5838101,5838101,51,5838152,55.68,applied
9900,18,2,65200,0,100.00,30.23,50,0.0000,5835910,5835910,51,5835961,55.66,applied
9900,19,2,65200,940,90.00,30.23,45,0.0752,5835896,5835896,51,5835947,55.66,applied
9900,20,2,65200,940,90.00,30.23,45,0.0752,5835897,5835897,51,5835948,55.66,applied
9900,21,2,65200,0,100.00,30.23,50,0.0000,5836378,5836378,51,5836429,55.66,applied
9900,22,2,65200,0,100.00,30.23,50,0.0000,5837024,5837024,51,5837075,55.67,applied
9900,23,2,65200,0,100.00,30.23,50,0.0000,5835894,5835894,51,5835945,55.66,applied
9900,24,2,65200,940,90.00,30.23,45,0.0752,5835894,5835894,51,5835945,55.66,applied
9900,25,2,65200,0,100.00,30.23,50,0.0000,5835894,5835894,51,5835945,55.66,applied
9900,26,2,65200,0,100.00,30.23,50,0.0000,5835895,5835895,51,5835946,55.66,applied
9900,27,2,65200,0,100.00,30.23,50,0.0000,5836021,5836021,51,5836072,55.66,applied
9900,28,2,65200,0,100.00,30.23,50,0.0000,5835996,5835996,51,5836047,55.66,applied
9900,29,2,65200,0,100.00,30.23,50,0.0000,5837991,5837991,51,5838042,55.68,applied
9900,30,2,65200,0,100.00,30.23,50,0.0000,5835899,5835899,51,5835950,55.66,applied
9900,31,2,65200,940,90.00,30.23,45,0.0752,5835900,5835900,51,5835951,55.66,applied
9900,32,2,65200,0,100.00,30.23,50,0.0000,5835892,5835892,51,5835943,55.66,applied
9900,33,2,65200,0,100.00,30.23,50,0.0000,5837606,5837606,51,5837657,55.67,applied
