timestamp,ueImsi,sliceId,dTxBytes,dRxBytes,plr,resourceSharePct,dLostPackets,throughputMbps
4010,1,0,24448,3056,87.50,33.08,14,2.4448
4010,2,0,24448,3056,87.50,33.08,14,2.4448
4010,3,0,24448,3056,87.50,33.08,14,2.4448
4010,4,0,24448,3056,87.50,33.08,14,2.4448
4010,5,0,24448,3056,87.50,33.08,14,2.4448
4010,6,1,780,702,10.00,28.01,1,0.5616
4010,7,1,780,702,10.00,28.01,1,0.5616
4010,8,1,780,702,10.00,28.01,1,0.5616
4010,9,1,780,702,10.00,28.01,1,0.5616
4010,10,1,780,702,10.00,28.01,1,0.5616
4010,11,2,16000,1408,91.20,38.92,114,1.1264
4010,12,2,16000,1280,92.00,38.92,115,1.0240
4010,13,2,16000,1408,91.20,38.92,114,1.1264
4010,14,2,16000,1408,91.20,38.92,114,1.1264
4010,15,2,16000,1408,91.20,38.92,114,1.1264
4010,16,2,16000,1408,91.20,38.92,114,1.1264
4010,17,2,16000,1280,92.00,38.92,115,1.0240
4010,18,2,16000,1408,91.20,38.92,114,1.1264
4010,19,2,16000,1408,91.20,38.92,114,1.1264
4010,20,2,16000,1408,91.20,38.92,114,1.1264
