timestamp,ueImsi,sliceId,dTxBytes,dRxBytes,plr,resourceSharePct,dLostPackets,throughputMbps,bufferBytes
580,1,0,25976,4584,82.35,35.98,14,3.6672,170495
580,2,0,25976,4584,82.35,35.98,14,3.6672,170499
580,3,0,25976,4584,82.35,35.98,14,3.6672,170506
580,4,0,25976,4584,82.35,35.98,14,3.6672,170506
580,5,0,25976,4584,82.35,35.98,14,3.6672,170389
580,6,1,390,390,0.00,25.87,0,0.3120,87
580,7,1,390,390,0.00,25.87,0,0.3120,87
580,8,1,390,390,0.00,25.87,0,0.3120,87
580,9,1,390,390,0.00,25.87,0,0.3120,87
580,10,1,390,390,0.00,25.87,0,0.3120,87
580,11,2,16000,1920,88.00,38.15,110,1.5360,114373
580,12,2,16000,1920,88.00,38.15,110,1.5360,114363
580,13,2,16000,1920,88.00,38.15,110,1.5360,114379
580,14,2,16000,1920,88.00,38.15,110,1.5360,114317
580,15,2,16000,1920,88.00,38.15,110,1.5360,114335
580,16,2,16000,2048,87.20,38.15,109,1.6384,114348
580,17,2,16000,1920,88.00,38.15,110,1.5360,114335
580,18,2,16000,1920,88.00,38.15,110,1.5360,114287
580,19,2,16000,1920,88.00,38.15,110,1.5360,114328
580,20,2,16000,1920,88.00,38.15,110,1.5360,114328
