timestamp,sliceId,dedicatedPRB,minPRB,maxPRB
510,0,27.59843517681736,27.59843517681736,100.0
510,1,46.96989702846873,46.96989702846873,100.0
510,2,25.43166779471391,25.43166779471391,100.0
520,0,30.15684030040613,30.15684030040613,100.0
520,1,40.09633374729409,40.09633374729409,100.0
520,2,29.746825952299783,29.746825952299783,100.0
530,0,36.769328201231524,36.769328201231524,100.0
530,1,31.03680990645566,31.03680990645566,100.0
530,2,32.19386189231281,32.19386189231281,100.0
540,0,29.112442036676363,29.112442036676363,100.0
540,1,26.184853746963494,26.184853746963494,100.0
540,2,44.70270421636015,44.70270421636015,100.0
550,0,35.48439096633748,35.48439096633748,100.0
550,1,34.96390030976445,34.96390030976445,100.0
550,2,29.55170872389808,29.55170872389808,100.0
