timestamp,ueImsi,sliceId,dTxBytes,dRxBytes,plr,resourceSharePct,dLostPackets,throughputMbps,bufferBytes
650,1,0,24448,4584,81.25,26.66,13,3.6672,316957
650,2,0,24448,4584,81.25,26.66,13,3.6672,316951
650,3,0,24448,4584,81.25,26.66,13,3.6672,316964
650,4,0,24448,4584,81.25,26.66,13,3.6672,316950
650,5,0,24448,4584,81.25,26.66,13,3.6672,316957
650,6,1,390,390,0.00,55.00,0,0.3120,87
650,7,1,390,390,0.00,55.00,0,0.3120,87
650,8,1,390,390,0.00,55.00,0,0.3120,87
650,9,1,390,390,0.00,55.00,0,0.3120,87
650,10,1,390,390,0.00,55.00,0,0.3120,87
650,11,2,16000,1152,92.80,18.33,116,0.9216,220361
650,12,2,16000,1152,92.80,18.33,116,0.9216,220390
650,13,2,16000,1152,92.80,18.33,116,0.9216,220382
650,14,2,16000,1280,92.00,18.33,115,1.0240,220322
650,15,2,16000,1280,92.00,18.33,115,1.0240,220328
650,16,2,16000,1280,92.00,18.33,115,1.0240,220430
650,17,2,16000,1280,92.00,18.33,115,1.0240,220433
650,18,2,16000,1152,92.80,18.33,116,0.9216,220377
650,19,2,16000,1280,92.00,18.33,115,1.0240,220403
650,20,2,16000,1280,92.00,18.33,115,1.0240,220339
