timestamp,ueImsi,sliceId,dTxBytes,dRxBytes,plr,resourceSharePct,dLostPackets,throughputMbps,bufferBytes
650,1,0,24448,4584,81.25,49.63,13,3.6672,310474
650,2,0,24448,4584,81.25,49.63,13,3.6672,310469
650,3,0,24448,4584,81.25,49.63,13,3.6672,310417
650,4,0,24448,4584,81.25,49.63,13,3.6672,310409
650,5,0,24448,4584,81.25,49.63,13,3.6672,310384
650,6,1,390,390,0.00,31.89,0,0.3120,87
650,7,1,390,390,0.00,31.89,0,0.3120,87
650,8,1,390,390,0.00,31.89,0,0.3120,87
650,9,1,390,390,0.00,31.89,0,0.3120,87
650,10,1,390,390,0.00,31.89,0,0.3120,87
650,11,2,16000,1152,92.80,18.48,116,0.9216,221707
650,12,2,16000,1024,93.60,18.48,117,0.8192,221719
650,13,2,16000,1152,92.80,18.48,116,0.9216,221739
650,14,2,16000,1024,93.60,18.48,117,0.8192,221670
650,15,2,16000,1024,93.60,18.48,117,0.8192,221703
650,16,2,16000,1152,92.80,18.48,116,0.9216,221772
650,17,2,16000,1024,93.60,18.48,117,0.8192,221662
650,18,2,16000,1024,93.60,18.48,117,0.8192,221754
650,19,2,16000,1024,93.60,18.48,117,0.8192,221660
650,20,2,16000,1152,92.80,18.48,116,0.9216,221640
