timestamp,ueImsi,sliceId,dTxBytes,dRxBytes,plr,resourceSharePct,dLostPackets,throughputMbps,bufferBytes
1510,1,0,18336,0,100.00,28.86,12,0.0000,1689215
1510,2,0,18336,3056,83.33,28.86,10,2.4448,1504434
1510,3,0,18336,6112,66.67,28.86,8,4.8896,1207812
1510,4,0,18336,4584,75.00,28.86,9,3.6672,1296278
1510,5,0,18336,0,100.00,28.86,12,0.0000,1691990
1510,6,1,390,390,0.00,29.72,0,0.3120,87
1510,7,1,390,0,100.00,29.72,5,0.0000,16836
1510,8,1,390,390,0.00,29.72,0,0.3120,87
1510,9,1,390,0,100.00,29.72,5,0.0000,169
1510,10,1,390,0,100.00,29.72,5,0.0000,1071
1510,11,2,384,256,33.33,41.41,1,0.2048,137
1510,12,2,384,256,33.33,41.41,1,0.2048,137
1510,13,2,384,256,33.33,41.41,1,0.2048,137
1510,14,2,384,256,33.33,41.41,1,0.2048,137
1510,15,2,384,256,33.33,41.41,1,0.2048,44
1510,16,2,384,0,100.00,41.41,3,0.0000,363
1510,17,2,384,256,33.33,41.41,1,0.2048,137
1510,18,2,384,0,100.00,41.41,3,0.0000,1061
1510,19,2,384,256,33.33,41.41,1,0.2048,137
1510,20,2,384,0,100.00,41.41,3,0.0000,137
