timestamp,sliceId,dedicatedPRB,minPRB,maxPRB
510,0,29.30220372810731,29.30220372810731,100.0
510,1,32.17242535648554,32.17242535648554,100.0
510,2,38.525370915407144,38.525370915407144,100.0
520,0,31.79076796698804,31.79076796698804,100.0
520,1,25.717849468054943,25.717849468054943,100.0
520,2,42.49138256495703,42.49138256495703,100.0
530,0,24.05612992233144,24.05612992233144,100.0
530,1,28.525579116400824,28.525579116400824,100.0
530,2,47.41829096126774,47.41829096126774,100.0
540,0,30.772674697844714,30.772674697844714,100.0
540,1,31.216898344051707,31.216898344051707,100.0
540,2,38.01042695810357,38.01042695810357,100.0
550,0,28.30878244865307,28.30878244865307,100.0
550,1,31.980076677755253,31.980076677755253,100.0
550,2,39.711140873591674,39.711140873591674,100.0
