timestamp,sliceId,dedicatedPRB,minPRB,maxPRB
510,0,43.50123953617964,43.50123953617964,100.0
510,1,25.495149031719173,25.495149031719173,100.0
510,2,31.003611432101195,31.003611432101195,100.0
520,0,33.872415287308186,33.872415287308186,100.0
520,1,37.24960946678221,37.24960946678221,100.0
520,2,28.877975245909603,28.877975245909603,100.0
530,0,28.82949879946744,28.82949879946744,100.0
530,1,32.41726013248585,32.41726013248585,100.0
530,2,38.75324106804671,38.75324106804671,100.0
540,0,34.48117436465883,34.48117436465883,100.0
540,1,38.50405704668476,38.50405704668476,100.0
540,2,27.014768588656406,27.014768588656406,100.0
550,0,25.541720154503867,25.541720154503867,100.0
550,1,52.275619856761566,52.275619856761566,100.0
550,2,22.182659988734574,22.182659988734574,100.0
