timestamp,sliceId,dedicatedPRB,minPRB,maxPRB
510,0,27.47362964369332,27.47362964369332,100.0
510,1,48.54543316404483,48.54543316404483,100.0
510,2,23.980937192261848,23.980937192261848,100.0
520,0,32.8967788032119,32.8967788032119,100.0
520,1,39.05542059775489,39.05542059775489,100.0
520,2,28.047800599033213,28.047800599033213,100.0
530,0,50.03634067884401,50.03634067884401,100.0
530,1,27.614549105383713,27.614549105383713,100.0
530,2,22.34911021577227,22.34911021577227,100.0
540,0,48.23626462479793,48.23626462479793,100.0
540,1,32.55600667782964,32.55600667782964,100.0
540,2,19.207728697372417,19.207728697372417,100.0
550,0,39.5309532660575,39.5309532660575,100.0
550,1,29.058106250769498,29.058106250769498,100.0
550,2,31.410940483173,31.410940483173,100.0
560,0,51.35688370856213,51.35688370856213,100.0
560,1,27.895186863075004,27.895186863075004,100.0
560,2,20.74792942836286,20.74792942836286,100.0
570,0,46.23805779494353,46.23805779494353,100.0
570,1,30.41793247212817,30.41793247212817,100.0
570,2,23.344009732928296,23.344009732928296,100.0
580,0,42.1699065392287,42.1699065392287,100.0
580,1,27.584590957651223,27.584590957651223,100.0
580,2,30.24550250312008,30.24550250312008,100.0
590,0,22.43262370109555,22.43262370109555,100.0
590,1,40.96466257267584,40.96466257267584,100.0
590,2,36.60271372622861,36.60271372622861,100.0
600,0,22.182631297849014,22.182631297849014,100.0
600,1,44.439472893972834,44.439472893972834,100.0
600,2,33.37789580817815,33.37789580817815,100.0
610,0,40.73752736360599,40.73752736360599,100.0
610,1,32.579200225147,32.579200225147,100.0
610,2,26.683272411247017,26.683272411247017,100.0
620,0,27.966870781372826,27.966870781372826,100.0
620,1,33.292789192387964,33.292789192387964,100.0
620,2,38.740340026239224,38.740340026239224,100.0
630,0,26.384002454101978,26.384002454101978,100.0
630,1,48.05507516094754,48.05507516094754,100.0
630,2,25.560922384950484,25.560922384950484,100.0
640,0,21.83481259767349,21.83481259767349,100.0
640,1,37.177176338607396,37.177176338607396,100.0
640,2,40.98801106371912,40.98801106371912,100.0
650,0,25.209686906263006,25.209686906263006,100.0
650,1,37.23193955649684,37.23193955649684,100.0
650,2,37.55837353724015,37.55837353724015,100.0
660,0,22.588651322230064,22.588651322230064,100.0
660,1,50.14723468961091,50.14723468961091,100.0
660,2,27.26411398815902,27.26411398815902,100.0
670,0,21.612308582005774,21.612308582005774,100.0
670,1,52.0465299918246,52.0465299918246,100.0
670,2,26.34116142616964,26.34116142616964,100.0
680,0,32.6013634191919,32.6013634191919,100.0
680,1,27.16947665178737,27.16947665178737,100.0
680,2,40.22915992902073,40.22915992902073,100.0
690,0,23.520432094327305,23.520432094327305,100.0
690,1,46.64421748038385,46.64421748038385,100.0
690,2,29.835350425288848,29.835350425288848,100.0
700,0,28.622770906150556,28.622770906150556,100.0
700,1,30.8688786161591,30.8688786161591,100.0
700,2,40.50835047769035,40.50835047769035,100.0
710,0,32.9497174819431,32.9497174819431,100.0
710,1,38.26766191086383,38.26766191086383,100.0
710,2,28.782620607193078,28.782620607193078,100.0
720,0,24.875430081247345,24.875430081247345,100.0
720,1,29.33900967088192,29.33900967088192,100.0
720,2,45.78556024787074,45.78556024787074,100.0
730,0,25.96349780433606,25.96349780433606,100.0
730,1,33.77914716342822,33.77914716342822,100.0
730,2,40.25735503223572,40.25735503223572,100.0
740,0,37.770528099887514,37.770528099887514,100.0
740,1,27.54593759015368,27.54593759015368,100.0
740,2,34.68353430995881,34.68353430995881,100.0
750,0,28.922484206594284,28.922484206594284,100.0
750,1,37.06252340309563,37.06252340309563,100.0
750,2,34.014992390310084,34.014992390310084,100.0
760,0,22.937858522411908,22.937858522411908,100.0
760,1,52.9252793122853,52.9252793122853,100.0
760,2,24.13686216530279,24.13686216530279,100.0
770,0,27.65874226231445,27.65874226231445,100.0
770,1,28.05107497190843,28.05107497190843,100.0
770,2,44.29018276577712,44.29018276577712,100.0
780,0,31.855536800458715,31.855536800458715,100.0
780,1,36.76176246878291,36.76176246878291,100.0
780,2,31.38270073075838,31.38270073075838,100.0
790,0,22.475000988459726,22.475000988459726,100.0
790,1,40.21126473803424,40.21126473803424,100.0
790,2,37.313734273506036,37.313734273506036,100.0
800,0,21.783960895915843,21.783960895915843,100.0
800,1,40.77503807338812,40.77503807338812,100.0
800,2,37.44100103069604,37.44100103069604,100.0
810,0,23.29002295622673,23.29002295622673,100.0
810,1,33.206229370766735,33.206229370766735,100.0
810,2,43.50374767300653,43.50374767300653,100.0
820,0,21.232016666360376,21.232016666360376,100.0
820,1,44.22799792043073,44.22799792043073,100.0
820,2,34.539985413208896,34.539985413208896,100.0
830,0,21.478593409751557,21.478593409751557,100.0
830,1,38.56133749703815,38.56133749703815,100.0
830,2,39.96006909321029,39.96006909321029,100.0
840,0,38.69880241212519,38.69880241212519,100.0
840,1,34.728981774159465,34.728981774159465,100.0
840,2,26.572215813715356,26.572215813715356,100.0
850,0,33.45543790948968,33.45543790948968,100.0
850,1,43.29275312177242,43.29275312177242,100.0
850,2,23.25180896873789,23.25180896873789,100.0
860,0,25.605775668903085,25.605775668903085,100.0
860,1,40.395328994033,40.395328994033,100.0
860,2,33.99889533706392,33.99889533706392,100.0
870,0,24.401486732891986,24.401486732891986,100.0
870,1,40.32287613458848,40.32287613458848,100.0
870,2,35.27563713251953,35.27563713251953,100.0
880,0,23.104820855334225,23.104820855334225,100.0
880,1,27.800675248522317,27.800675248522317,100.0
880,2,49.09450389614346,49.09450389614346,100.0
890,0,24.106742285490615,24.106742285490615,100.0
890,1,48.40477842710016,48.40477842710016,100.0
890,2,27.488479287409227,27.488479287409227,100.0
900,0,31.81623091085915,31.81623091085915,100.0
900,1,36.10899517794555,36.10899517794555,100.0
900,2,32.0747739111953,32.0747739111953,100.0
910,0,23.239002523725254,23.239002523725254,100.0
910,1,49.508401626366506,49.508401626366506,100.0
910,2,27.252595849908246,27.252595849908246,100.0
920,0,21.25986237214994,21.25986237214994,100.0
920,1,35.45310797591167,35.45310797591167,100.0
920,2,43.28702965193839,43.28702965193839,100.0
930,0,25.00438879365755,25.00438879365755,100.0
930,1,32.47266330132045,32.47266330132045,100.0
930,2,42.522947905022,42.522947905022,100.0
940,0,24.022500916794073,24.022500916794073,100.0
940,1,49.17537376132474,49.17537376132474,100.0
940,2,26.80212532188119,26.80212532188119,100.0
950,0,33.490831231099484,33.490831231099484,100.0
950,1,34.55066599470447,34.55066599470447,100.0
950,2,31.958502774196052,31.958502774196052,100.0
960,0,20.321306984329915,20.321306984329915,100.0
960,1,43.47265781972216,43.47265781972216,100.0
960,2,36.206035195947926,36.206035195947926,100.0
970,0,37.46694176557907,37.46694176557907,100.0
970,1,43.09949872766119,43.09949872766119,100.0
970,2,19.43355950675974,19.43355950675974,100.0
980,0,31.95529423443098,31.95529423443098,100.0
980,1,29.303855484114067,29.303855484114067,100.0
980,2,38.74085028145496,38.74085028145496,100.0
990,0,27.566230465965173,27.566230465965173,100.0
990,1,42.25620318272465,42.25620318272465,100.0
990,2,30.17756635131018,30.17756635131018,100.0
1000,0,33.01825132366498,33.01825132366498,100.0
1000,1,35.52391746092191,35.52391746092191,100.0
1000,2,31.457831215413123,31.457831215413123,100.0
1010,0,28.568209089437502,28.568209089437502,100.0
1010,1,38.914941657044736,38.914941657044736,100.0
1010,2,32.51684925351776,32.51684925351776,100.0
1020,0,23.736662953065323,23.736662953065323,100.0
1020,1,38.19813661255574,38.19813661255574,100.0
1020,2,38.06520043437893,38.06520043437893,100.0
1030,0,28.850545883625273,28.850545883625273,100.0
1030,1,41.65745534223853,41.65745534223853,100.0
1030,2,29.491998774136196,29.491998774136196,100.0
1040,0,28.398135582208354,28.398135582208354,100.0
1040,1,47.075402019394765,47.075402019394765,100.0
1040,2,24.52646239839688,24.52646239839688,100.0
1050,0,22.9821506863562,22.9821506863562,100.0
1050,1,52.13636570688116,52.13636570688116,100.0
1050,2,24.88148360676264,24.88148360676264,100.0
1060,0,21.576461571758365,21.576461571758365,100.0
1060,1,40.458512607421376,40.458512607421376,100.0
1060,2,37.965025820820266,37.965025820820266,100.0
1070,0,27.39277794777862,27.39277794777862,100.0
1070,1,51.847097216454195,51.847097216454195,100.0
1070,2,20.76012483576719,20.76012483576719,100.0
1080,0,25.39225681634509,25.39225681634509,100.0
1080,1,46.3423509554948,46.3423509554948,100.0
1080,2,28.26539222816012,28.26539222816012,100.0
1090,0,26.500474779098894,26.500474779098894,100.0
1090,1,40.7339586407115,40.7339586407115,100.0
1090,2,32.765566580189606,32.765566580189606,100.0
1100,0,24.39946481602076,24.39946481602076,100.0
1100,1,33.78843197266674,33.78843197266674,100.0
1100,2,41.812103211312504,41.812103211312504,100.0
1110,0,24.887709705532362,24.887709705532362,100.0
1110,1,49.8134393175423,49.8134393175423,100.0
1110,2,25.29885097692534,25.29885097692534,100.0
1120,0,35.563913530233144,35.563913530233144,100.0
1120,1,44.91526759651025,44.91526759651025,100.0
1120,2,19.52081887325662,19.52081887325662,100.0
1130,0,23.761569440626378,23.761569440626378,100.0
1130,1,33.154418159217,33.154418159217,100.0
1130,2,43.084012400156624,43.084012400156624,100.0
1140,0,27.62089449167015,27.62089449167015,100.0
1140,1,43.512248821054214,43.512248821054214,100.0
1140,2,28.866856687275643,28.866856687275643,100.0
1150,0,21.711692824401705,21.711692824401705,100.0
1150,1,46.4384394600432,46.4384394600432,100.0
1150,2,31.849867715555096,31.849867715555096,100.0
1160,0,26.231433801951333,26.231433801951333,100.0
1160,1,43.08176324892703,43.08176324892703,100.0
1160,2,30.68680294912164,30.68680294912164,100.0
1170,0,23.188402306361013,23.188402306361013,100.0
1170,1,28.448424205935442,28.448424205935442,100.0
1170,2,48.36317348770355,48.36317348770355,100.0
1180,0,22.765632984347857,22.765632984347857,100.0
1180,1,58.2821563765813,58.2821563765813,100.0
1180,2,18.95221063907085,18.95221063907085,100.0
1190,0,21.62978116461172,21.62978116461172,100.0
1190,1,49.471446222406726,49.471446222406726,100.0
1190,2,28.898772612981567,28.898772612981567,100.0
1200,0,22.572430139637373,22.572430139637373,100.0
1200,1,35.242882075924754,35.242882075924754,100.0
1200,2,42.18468778443787,42.18468778443787,100.0
1210,0,21.479417057110414,21.479417057110414,100.0
1210,1,42.32734146859124,42.32734146859124,100.0
1210,2,36.19324147429835,36.19324147429835,100.0
1220,0,27.890789045493,27.890789045493,100.0
1220,1,34.888529901170955,34.888529901170955,100.0
1220,2,37.220681053336044,37.220681053336044,100.0
1230,0,28.739873166343532,28.739873166343532,100.0
1230,1,27.230709196342872,27.230709196342872,100.0
1230,2,44.02941763731359,44.02941763731359,100.0
1240,0,22.28392596786103,22.28392596786103,100.0
1240,1,38.346730845608704,38.346730845608704,100.0
1240,2,39.36934318653027,39.36934318653027,100.0
1250,0,29.074465551751377,29.074465551751377,100.0
1250,1,43.867469171856946,43.867469171856946,100.0
1250,2,27.058065276391673,27.058065276391673,100.0
1260,0,25.24700564500787,25.24700564500787,100.0
1260,1,53.21134005080086,53.21134005080086,100.0
1260,2,21.541654304191272,21.541654304191272,100.0
1270,0,28.9206956842466,28.9206956842466,100.0
1270,1,47.461262661980385,47.461262661980385,100.0
1270,2,23.618041653773012,23.618041653773012,100.0
1280,0,26.091039044994613,26.091039044994613,100.0
1280,1,46.21066961165965,46.21066961165965,100.0
1280,2,27.698291343345755,27.698291343345755,100.0
1290,0,28.92733010600894,28.92733010600894,100.0
1290,1,52.85304465175008,52.85304465175008,100.0
1290,2,18.219625242240976,18.219625242240976,100.0
1300,0,24.917059364371948,24.917059364371948,100.0
1300,1,54.5106857753318,54.5106857753318,100.0
1300,2,20.57225486029625,20.57225486029625,100.0
1310,0,33.52686262783408,33.52686262783408,100.0
1310,1,37.74692117856793,37.74692117856793,100.0
1310,2,28.726216193598,28.726216193598,100.0
1320,0,31.89524545028519,31.89524545028519,100.0
1320,1,38.43118733281497,38.43118733281497,100.0
1320,2,29.673567216899844,29.673567216899844,100.0
1330,0,21.408034130900404,21.408034130900404,100.0
1330,1,37.34321130171773,37.34321130171773,100.0
1330,2,41.24875456738187,41.24875456738187,100.0
1340,0,20.560560981931804,20.560560981931804,100.0
1340,1,41.56440699608444,41.56440699608444,100.0
1340,2,37.87503202198374,37.87503202198374,100.0
1350,0,28.579112693189934,28.579112693189934,100.0
1350,1,51.97711585179504,51.97711585179504,100.0
1350,2,19.44377145501503,19.44377145501503,100.0
1360,0,27.888152221793423,27.888152221793423,100.0
1360,1,51.74281296877832,51.74281296877832,100.0
1360,2,20.369034809428264,20.369034809428264,100.0
1370,0,22.12173360110282,22.12173360110282,100.0
1370,1,46.30153134715649,46.30153134715649,100.0
1370,2,31.576735051740677,31.576735051740677,100.0
1380,0,26.145895923826263,26.145895923826263,100.0
1380,1,34.17485873509471,34.17485873509471,100.0
1380,2,39.679245341079024,39.679245341079024,100.0
1390,0,23.762168987267103,23.762168987267103,100.0
1390,1,48.263913512026676,48.263913512026676,100.0
1390,2,27.973917500706218,27.973917500706218,100.0
1400,0,24.86574433693988,24.86574433693988,100.0
1400,1,32.232258150778634,32.232258150778634,100.0
1400,2,42.90199751228149,42.90199751228149,100.0
1410,0,24.555028591889776,24.555028591889776,100.0
1410,1,34.281882034582225,34.281882034582225,100.0
1410,2,41.163089373527995,41.163089373527995,100.0
1420,0,23.62330058167366,23.62330058167366,100.0
1420,1,41.7033905069394,41.7033905069394,100.0
1420,2,34.673308911386954,34.673308911386954,100.0
1430,0,26.480360024880902,26.480360024880902,100.0
1430,1,52.18564386898166,52.18564386898166,100.0
1430,2,21.33399610613744,21.33399610613744,100.0
1440,0,21.504982209159344,21.504982209159344,100.0
1440,1,54.72575425456354,54.72575425456354,100.0
1440,2,23.769263536277112,23.769263536277112,100.0
1450,0,29.315789781435974,29.315789781435974,100.0
1450,1,50.18671595443074,50.18671595443074,100.0
1450,2,20.49749426413328,20.49749426413328,100.0
1460,0,22.443280156667367,22.443280156667367,100.0
1460,1,51.79945512812721,51.79945512812721,100.0
1460,2,25.75726471520543,25.75726471520543,100.0
1470,0,27.772925807052605,27.772925807052605,100.0
1470,1,38.254517756866264,38.254517756866264,100.0
1470,2,33.97255643608114,33.97255643608114,100.0
1480,0,20.96307132419186,20.96307132419186,100.0
1480,1,45.41449564645289,45.41449564645289,100.0
1480,2,33.62243302935525,33.62243302935525,100.0
1490,0,31.48425043210444,31.48425043210444,100.0
1490,1,33.04868543742937,33.04868543742937,100.0
1490,2,35.46706413046619,35.46706413046619,100.0
1500,0,36.08720176486982,36.08720176486982,100.0
1500,1,31.79365762327384,31.79365762327384,100.0
1500,2,32.119140611856345,32.119140611856345,100.0
