timestamp,ueImsi,sliceId,dTxBytes,dRxBytes,plr,resourceSharePct,dLostPackets,throughputMbps,bufferBytes
560,1,0,24448,3056,87.50,51.66,14,2.4448,135632
560,2,0,24448,3056,87.50,51.66,14,2.4448,135633
560,3,0,24448,3056,87.50,51.66,14,2.4448,135119
560,4,0,24448,3056,87.50,51.66,14,2.4448,134632
560,5,0,24448,3056,87.50,51.66,14,2.4448,134634
560,6,1,780,624,20.00,20.00,2,0.4992,126
560,7,1,780,624,20.00,20.00,2,0.4992,225
560,8,1,780,624,20.00,20.00,2,0.4992,225
560,9,1,780,624,20.00,20.00,2,0.4992,225
560,10,1,780,624,20.00,20.00,2,0.4992,225
560,11,2,16000,256,98.40,28.34,123,0.2048,91287
560,12,2,16000,256,98.40,28.34,123,0.2048,91287
560,13,2,16000,256,98.40,28.34,123,0.2048,91287
560,14,2,16000,512,96.80,28.34,121,0.4096,90858
560,15,2,16000,384,97.60,28.34,122,0.3072,90821
560,16,2,16000,768,95.20,28.34,119,0.6144,90334
560,17,2,16000,768,95.20,28.34,119,0.6144,90334
560,18,2,16000,768,95.20,28.34,119,0.6144,90334
560,19,2,16000,768,95.20,28.34,119,0.6144,90332
560,20,2,16000,896,94.40,28.34,118,0.7168,90337
