timestamp,ueImsi,sliceId,dTxBytes,dRxBytes,plr,resourceSharePct,dLostPackets,throughputMbps,bufferBytes,dlBufferBytes,ulBufferBytes,macBufferBytes,congestionPct,lastDrlActionStatus
9900,1,0,193616,6140,97.09,34.25,167,0.4912,1200005,182077,1200005,1382082,13.18,applied
9900,2,0,193616,0,100.00,34.25,172,0.0000,1200005,182076,1200005,1382081,13.18,applied
9900,3,0,193616,0,100.00,34.25,172,0.0000,1200005,182077,1200005,1382082,13.18,applied
9900,4,0,193616,0,100.00,34.25,172,0.0000,1200005,184838,1200005,1384843,13.21,applied
9900,5,0,193616,9824,95.35,34.25,164,0.7859,1200005,182079,1200005,1382084,13.18,applied
9900,6,1,0,0,0.00,45.21,0,0.0000,34,0,34,34,0.00,applied
9900,7,1,0,0,0.00,45.21,0,0.0000,34,0,34,34,0.00,applied
9900,8,1,0,0,0.00,45.21,0,0.0000,34,0,34,34,0.00,applied
9900,9,1,0,0,0.00,45.21,0,0.0000,34,0,34,34,0.00,applied
9900,10,1,0,0,0.00,45.21,0,0.0000,34,0,34,34,0.00,applied
9900,11,1,0,0,0.00,45.21,0,0.0000,34,0,34,34,0.00,applied
9900,12,1,0,0,0.00,45.21,0,0.0000,34,0,34,34,0.00,applied
9900,13,1,0,0,0.00,45.21,0,0.0000,147,0,147,147,0.00,applied
9900,14,2,65200,0,100.00,20.54,50,0.0000,5898973,5898973,51,5899024,56.26,applied
9900,15,2,65200,0,100.00,20.54,50,0.0000,5899112,5899112,34,5899146,56.26,applied
9900,16,2,65200,188,98.00,20.54,49,0.0150,5898979,5898979,51,5899030,56.26,applied
9900,17,2,65200,0,100.00,20.54,50,0.0000,5901090,5901090,51,5901141,56.28,applied
9900,18,2,65200,0,100.00,20.54,50,0.0000,5898979,5898979,51,5899030,56.26,applied
9900,19,2,65200,0,100.00,20.54,50,0.0000,5898981,5898981,51,5899032,56.26,applied
9900,20,2,65200,1128,88.00,20.54,44,0.0902,5898981,5898981,51,5899032,56.26,applied
9900,21,2,65200,0,100.00,20.54,50,0.0000,5899465,5899465,51,5899516,56.26,applied
9900,22,2,65200,0,100.00,20.54,50,0.0000,5900251,5900251,51,5900302,56.27,applied
9900,23,2,65200,0,100.00,20.54,50,0.0000,5898981,5898981,51,5899032,56.26,applied
9900,24,2,65200,1128,88.00,20.54,44,0.0902,5898981,5898981,51,5899032,56.26,applied
9900,25,2,65200,0,100.00,20.54,50,0.0000,5898981,5898981,51,5899032,56.26,applied
9900,26,2,65200,0,100.00,20.54,50,0.0000,5898981,5898981,51,5899032,56.26,applied
9900,27,2,65200,0,100.00,20.54,50,0.0000,5899098,5899098,51,5899149,56.26,applied
9900,28,2,65200,0,100.00,20.54,50,0.0000,5899111,5899111,51,5899162,56.26,applied
9900,29,2,65200,0,100.00,20.54,50,0.0000,5900954,5900954,51,5901005,56.28,applied
9900,30,2,65200,0,100.00,20.54,50,0.0000,5898979,5898979,51,5899030,56.26,applied
9900,31,2,65200,1128,88.00,20.54,44,0.0902,5898979,5898979,51,5899030,56.26,applied
9900,32,2,65200,0,100.00,20.54,50,0.0000,5898979,5898979,51,5899030,56.26,applied
9900,33,2,65200,0,100.00,20.54,50,0.0000,5900718,5900718,51,5900769,56.27,applied
