timestamp,ueImsi,sliceId,dTxBytes,dRxBytes,plr,resourceSharePct,dLostPackets,throughputMbps,bufferBytes
1510,1,0,18336,13752,25.00,16.67,3,11.0016,41643
1510,2,0,18336,9168,50.00,16.67,6,7.3344,575400
1510,3,0,18336,6112,66.67,16.67,8,4.8896,323035
1510,4,0,18336,0,100.00,16.67,12,0.0000,1104283
1510,5,0,18336,0,100.00,16.67,12,0.0000,1706651
1510,6,1,390,546,0.00,70.00,0,0.4368,87
1510,7,1,390,390,0.00,70.00,0,0.3120,87
1510,8,1,390,390,0.00,70.00,0,0.3120,87
1510,9,1,390,0,100.00,70.00,5,0.0000,333
1510,10,1,390,390,0.00,70.00,0,0.3120,87
1510,11,2,384,384,0.00,13.34,0,0.3072,95
1510,12,2,384,256,33.33,13.34,1,0.2048,56
1510,13,2,384,256,33.33,13.34,1,0.2048,137
1510,14,2,384,0,100.00,13.34,3,0.0000,665
1510,15,2,384,256,33.33,13.34,1,0.2048,137
1510,16,2,384,256,33.33,13.34,1,0.2048,137
1510,17,2,384,384,0.00,13.34,0,0.3072,194
1510,18,2,384,0,100.00,13.34,3,0.0000,352
1510,19,2,384,256,33.33,13.34,1,0.2048,137
1510,20,2,384,256,33.33,13.34,1,0.2048,34
