timestamp,sliceId,dedicatedPRB,minPRB,maxPRB,algorithm
510,0,26.665,26.665,100.0,0
510,1,45.0,45.0,100.0,0
510,2,28.335,28.335,100.0,0
520,0,21.665,21.665,100.0,2
520,1,30.000000000000004,30.000000000000004,100.0,2
520,2,48.334999999999994,48.334999999999994,100.0,2
530,0,26.665,26.665,100.0,2
530,1,45.0,45.0,100.0,2
530,2,28.335,28.335,100.0,2
540,0,21.665,21.665,100.0,2
540,1,30.000000000000004,30.000000000000004,100.0,2
540,2,48.334999999999994,48.334999999999994,100.0,2
550,0,56.665,56.665,100.0,0
550,1,20.0,20.0,100.0,0
550,2,23.335,23.335,100.0,0
560,0,56.665,56.665,100.0,0
560,1,20.0,20.0,100.0,0
560,2,23.335,23.335,100.0,0
