timestamp,ueImsi,sliceId,dTxBytes,dRxBytes,plr,resourceSharePct,dLostPackets,throughputMbps,bufferBytes
1510,1,0,18336,16808,8.33,30.58,1,13.4464,1537
1510,2,0,18336,0,100.00,30.58,12,0.0000,1697955
1510,3,0,18336,0,100.00,30.58,12,0.0000,1721814
1510,4,0,18336,16808,8.33,30.58,1,13.4464,105
1510,5,0,18336,1528,91.67,30.58,11,1.2224,1679476
1510,6,1,390,390,0.00,35.44,0,0.3120,87
1510,7,1,390,390,0.00,35.44,0,0.3120,87
1510,8,1,390,390,0.00,35.44,0,0.3120,87
1510,9,1,390,390,0.00,35.44,0,0.3120,87
1510,10,1,390,0,100.00,35.44,5,0.0000,579
1510,11,2,384,256,33.33,33.98,1,0.2048,137
1510,12,2,384,256,33.33,33.98,1,0.2048,137
1510,13,2,384,0,100.00,33.98,3,0.0000,160
1510,14,2,384,768,0.00,33.98,0,0.6144,137
1510,15,2,384,0,100.00,33.98,3,0.0000,1884
1510,16,2,384,0,100.00,33.98,3,0.0000,1366
1510,17,2,384,0,100.00,33.98,3,0.0000,556
1510,18,2,384,0,100.00,33.98,3,0.0000,137
1510,19,2,384,256,33.33,33.98,1,0.2048,137
1510,20,2,384,256,33.33,33.98,1,0.2048,137
