timestamp,sliceId,dedicatedPRB,minPRB,maxPRB
510,0,41.00885515222139,41.00885515222139,100.0
510,1,26.764626462762624,26.764626462762624,100.0
510,2,32.226518385015986,32.226518385015986,100.0
520,0,29.181037221851447,29.181037221851447,100.0
520,1,50.22594505422943,50.22594505422943,100.0
520,2,20.59301772391914,20.59301772391914,100.0
530,0,25.420986614899242,25.420986614899242,100.0
530,1,32.28958013879698,32.28958013879698,100.0
530,2,42.28943324630378,42.28943324630378,100.0
540,0,43.85746033188986,43.85746033188986,100.0
540,1,36.85875850969255,36.85875850969255,100.0
540,2,19.28378115841759,19.28378115841759,100.0
550,0,32.68310979408692,32.68310979408692,100.0
550,1,42.54631877206302,42.54631877206302,100.0
550,2,24.770571433850062,24.770571433850062,100.0
