timestamp,sliceId,dedicatedPRB,minPRB,maxPRB
510,0,40.623545800143354,40.623545800143354,100.0
510,1,27.25486519814668,27.25486519814668,100.0
510,2,32.12158900170998,32.12158900170998,100.0
520,0,32.454478004075334,32.454478004075334,100.0
520,1,33.315147549927445,33.315147549927445,100.0
520,2,34.230374445997214,34.230374445997214,100.0
530,0,31.20667927824276,31.20667927824276,100.0
530,1,35.59345294926253,35.59345294926253,100.0
530,2,33.19986777249471,33.19986777249471,100.0
540,0,20.771468474646248,20.771468474646248,100.0
540,1,42.41281902776998,42.41281902776998,100.0
540,2,36.815712497583775,36.815712497583775,100.0
550,0,28.192575776353095,28.192575776353095,100.0
550,1,36.18868029512525,36.18868029512525,100.0
550,2,35.61874392852165,35.61874392852165,100.0
