timestamp,ueImsi,sliceId,dTxBytes,dRxBytes,plr,resourceSharePct,dLostPackets,throughputMbps,bufferBytes,dlBufferBytes,ulBufferBytes,macBufferBytes,congestionPct,lastDrlActionStatus
10600,1,0,194844,1612,97.69,16.66,169,0.1290,1199829,198082,1199829,1397911,13.33,applied
10600,2,0,194844,512,97.69,16.66,169,0.0410,1199775,198035,1199775,1397810,13.33,applied
10600,3,0,194844,10336,93.06,16.66,161,0.8269,1199449,198035,1199449,1397484,13.33,applied
10600,4,0,194844,384,98.27,16.66,170,0.0307,1200005,201047,1200005,1401052,13.36,applied
10600,5,0,194844,9108,93.64,16.66,162,0.7286,1199882,198035,1199882,1397917,13.33,applied
10600,6,1,0,0,0.00,70.00,0,0.0000,34,0,34,34,0.00,applied
10600,7,1,0,0,0.00,70.00,0,0.0000,34,0,34,34,0.00,applied
10600,8,1,0,0,0.00,70.00,0,0.0000,34,0,34,34,0.00,applied
10600,9,1,0,0,0.00,70.00,0,0.0000,34,0,34,34,0.00,applied
10600,10,1,0,0,0.00,70.00,0,0.0000,34,0,34,34,0.00,applied
10600,11,1,0,0,0.00,70.00,0,0.0000,34,0,34,34,0.00,applied
10600,12,1,0,0,0.00,70.00,0,0.0000,34,0,34,34,0.00,applied
10600,13,1,0,0,0.00,70.00,0,0.0000,147,0,147,147,0.00,applied
10600,14,2,63772,0,100.00,13.33,49,0.0000,6389238,6389238,51,6389289,60.93,applied
10600,15,2,63772,0,100.00,13.33,49,0.0000,6389418,6389418,34,6389452,60.93,applied
10600,16,2,63772,0,100.00,13.33,49,0.0000,6389236,6389236,51,6389287,60.93,applied
10600,17,2,63772,0,100.00,13.33,49,0.0000,6392272,6392272,51,6392323,60.96,applied
10600,18,2,63772,0,100.00,13.33,49,0.0000,6389235,6389235,51,6389286,60.93,applied
10600,19,2,63772,940,89.80,13.33,44,0.0752,6389235,6389235,51,6389286,60.93,applied
10600,20,2,63772,940,89.80,13.33,44,0.0752,6389242,6389242,51,6389293,60.93,applied
10600,21,2,63772,0,100.00,13.33,49,0.0000,6390005,6390005,51,6390056,60.94,applied
10600,22,2,63772,0,100.00,13.33,49,0.0000,6390967,6390967,51,6391018,60.95,applied
10600,23,2,63772,0,100.00,13.33,49,0.0000,6389238,6389238,51,6389289,60.93,applied
10600,24,2,63772,940,89.80,13.33,44,0.0752,6389238,6389238,51,6389289,60.93,applied
10600,25,2,63772,0,100.00,13.33,49,0.0000,6389238,6389238,51,6389289,60.93,applied
10600,26,2,63772,0,100.00,13.33,49,0.0000,6389225,6389225,51,6389276,60.93,applied
10600,27,2,63772,0,100.00,13.33,49,0.0000,6389400,6389400,51,6389451,60.93,applied
10600,28,2,63772,0,100.00,13.33,49,0.0000,6389556,6389556,51,6389607,60.94,applied
10600,29,2,63772,0,100.00,13.33,49,0.0000,6391890,6391890,51,6391941,60.96,applied
10600,30,2,63772,0,100.00,13.33,49,0.0000,6389235,6389235,51,6389286,60.93,applied
10600,31,2,63772,940,89.80,13.33,44,0.0752,6389237,6389237,51,6389288,60.93,applied
10600,32,2,63772,0,100.00,13.33,49,0.0000,6389236,6389236,51,6389287,60.93,applied
10600,33,2,63772,0,100.00,13.33,49,0.0000,6391374,6391374,51,6391425,60.95,applied
