timestamp,ueImsi,sliceId,dTxBytes,dRxBytes,plr,resourceSharePct,dLostPackets,throughputMbps,bufferBytes
1510,1,0,35144,24448,30.43,33.10,7,19.5584,643735
1510,2,0,35144,25976,26.09,33.10,6,20.7808,102824
1510,3,1,1014,936,7.69,37.49,1,0.7488,87
1510,4,1,1014,936,7.69,37.49,1,0.7488,87
1510,5,2,256,256,0.00,29.41,0,0.2048,32
1510,6,2,256,256,0.00,29.41,0,0.2048,24
1510,7,2,256,256,0.00,29.41,0,0.2048,24
1510,8,2,256,0,100.00,29.41,2,0.0000,137
1510,9,2,256,256,0.00,29.41,0,0.2048,24
1510,10,2,256,256,0.00,29.41,0,0.2048,32
