timestamp,sliceId,dedicatedPRB,minPRB,maxPRB
510,0,35.34794004505129,35.34794004505129,100.0
510,1,40.5707837610611,40.5707837610611,100.0
510,2,24.081276193887607,24.081276193887607,100.0
520,0,30.4278920308571,30.4278920308571,100.0
520,1,33.490071910610695,33.490071910610695,100.0
520,2,36.08203605853221,36.08203605853221,100.0
530,0,43.45445287785342,43.45445287785342,100.0
530,1,27.781066628390004,27.781066628390004,100.0
530,2,28.764480493756565,28.764480493756565,100.0
540,0,38.79128289846329,38.79128289846329,100.0
540,1,28.758350220000505,28.758350220000505,100.0
540,2,32.450366881536205,32.450366881536205,100.0
550,0,40.232403401275064,40.232403401275064,100.0
550,1,33.33405240541985,33.33405240541985,100.0
550,2,26.433544193305092,26.433544193305092,100.0
560,0,48.87651719209145,48.87651719209145,100.0
560,1,31.55890612280099,31.55890612280099,100.0
560,2,19.564576685107568,19.564576685107568,100.0
570,0,35.976965739674164,35.976965739674164,100.0
570,1,43.58762203559885,43.58762203559885,100.0
570,2,20.43541222472699,20.43541222472699,100.0
580,0,43.83066268276438,43.83066268276438,100.0
580,1,33.60300410219186,33.60300410219186,100.0
580,2,22.56633321504376,22.56633321504376,100.0
590,0,38.714604234848295,38.714604234848295,100.0
590,1,27.432860400605264,27.432860400605264,100.0
590,2,33.85253536454644,33.85253536454644,100.0
600,0,30.82339740696714,30.82339740696714,100.0
600,1,42.17611773225738,42.17611773225738,100.0
600,2,27.000484860775487,27.000484860775487,100.0
610,0,43.96969033357746,43.96969033357746,100.0
610,1,26.540985808730316,26.540985808730316,100.0
610,2,29.489323857692224,29.489323857692224,100.0
620,0,24.851399270036307,24.851399270036307,100.0
620,1,35.0216405152781,35.0216405152781,100.0
620,2,40.12696021468559,40.12696021468559,100.0
630,0,26.793526768569116,26.793526768569116,100.0
630,1,41.680447945209316,41.680447945209316,100.0
630,2,31.52602528622157,31.52602528622157,100.0
640,0,25.9388651957547,25.9388651957547,100.0
640,1,40.829375365824724,40.829375365824724,100.0
640,2,33.23175943842057,33.23175943842057,100.0
650,0,44.20446056047502,44.20446056047502,100.0
650,1,26.393549923639725,26.393549923639725,100.0
650,2,29.40198951588525,29.40198951588525,100.0
660,0,26.79603981105364,26.79603981105364,100.0
660,1,47.476896104418024,47.476896104418024,100.0
660,2,25.727064084528333,25.727064084528333,100.0
670,0,41.37874640560273,41.37874640560273,100.0
670,1,31.17145893552736,31.17145893552736,100.0
670,2,27.4497946588699,27.4497946588699,100.0
680,0,31.59392566348176,31.59392566348176,100.0
680,1,37.27851489820444,37.27851489820444,100.0
680,2,31.127559438313803,31.127559438313803,100.0
690,0,24.562127288852064,24.562127288852064,100.0
690,1,50.449202295764536,50.449202295764536,100.0
690,2,24.988670415383396,24.988670415383396,100.0
700,0,41.94742468176684,41.94742468176684,100.0
700,1,34.15479795717815,34.15479795717815,100.0
700,2,23.89777736105501,23.89777736105501,100.0
710,0,33.51155290668256,33.51155290668256,100.0
710,1,36.003442755094156,36.003442755094156,100.0
710,2,30.485004338223277,30.485004338223277,100.0
720,0,26.351429039874468,26.351429039874468,100.0
720,1,46.10503809205194,46.10503809205194,100.0
720,2,27.543532868073584,27.543532868073584,100.0
730,0,27.382334222333892,27.382334222333892,100.0
730,1,36.92846819229629,36.92846819229629,100.0
730,2,35.68919758536981,35.68919758536981,100.0
740,0,40.71651418330673,40.71651418330673,100.0
740,1,34.89116432635728,34.89116432635728,100.0
740,2,24.392321490335988,24.392321490335988,100.0
750,0,30.188602147812865,30.188602147812865,100.0
750,1,36.507736379955205,36.507736379955205,100.0
750,2,33.30366147223194,33.30366147223194,100.0
760,0,43.82765161750842,43.82765161750842,100.0
760,1,29.64351144192342,29.64351144192342,100.0
760,2,26.528836940568155,26.528836940568155,100.0
770,0,38.14446278024893,38.14446278024893,100.0
770,1,43.216468811765466,43.216468811765466,100.0
770,2,18.639068407985615,18.639068407985615,100.0
780,0,35.29257954056754,35.29257954056754,100.0
780,1,26.08773234987265,26.08773234987265,100.0
780,2,38.619688109559824,38.619688109559824,100.0
790,0,30.254965696081214,30.254965696081214,100.0
790,1,32.0711678729381,32.0711678729381,100.0
790,2,37.67386643098069,37.67386643098069,100.0
800,0,39.379951481139344,39.379951481139344,100.0
800,1,42.80263746282043,42.80263746282043,100.0
800,2,17.81741105604023,17.81741105604023,100.0
810,0,42.70852595364796,42.70852595364796,100.0
810,1,24.804763713440675,24.804763713440675,100.0
810,2,32.48671033291137,32.48671033291137,100.0
820,0,51.0899027610542,51.0899027610542,100.0
820,1,30.3835582531342,30.3835582531342,100.0
820,2,18.52653898581161,18.52653898581161,100.0
830,0,42.66568352001296,42.66568352001296,100.0
830,1,31.328156912610076,31.328156912610076,100.0
830,2,26.00615956737695,26.00615956737695,100.0
840,0,23.355214604226287,23.355214604226287,100.0
840,1,54.541053418933735,54.541053418933735,100.0
840,2,22.103731976839978,22.103731976839978,100.0
850,0,33.704523488559595,33.704523488559595,100.0
850,1,26.330298963935316,26.330298963935316,100.0
850,2,39.9651775475051,39.9651775475051,100.0
860,0,26.98508953170608,26.98508953170608,100.0
860,1,45.909209013866366,45.909209013866366,100.0
860,2,27.105701454427557,27.105701454427557,100.0
870,0,33.68786936241989,33.68786936241989,100.0
870,1,31.620607753989262,31.620607753989262,100.0
870,2,34.69152288359085,34.69152288359085,100.0
880,0,38.809175845102644,38.809175845102644,100.0
880,1,30.92779146345595,30.92779146345595,100.0
880,2,30.26303269144141,30.26303269144141,100.0
890,0,44.65319053666572,44.65319053666572,100.0
890,1,24.77997985530218,24.77997985530218,100.0
890,2,30.566829608032105,30.566829608032105,100.0
900,0,28.625794857595633,28.625794857595633,100.0
900,1,42.948070311012806,42.948070311012806,100.0
900,2,28.426134831391558,28.426134831391558,100.0
910,0,36.23161964154452,36.23161964154452,100.0
910,1,42.97791088056812,42.97791088056812,100.0
910,2,20.79046947788737,20.79046947788737,100.0
920,0,40.50432433637558,40.50432433637558,100.0
920,1,30.902250230940908,30.902250230940908,100.0
920,2,28.593425432683507,28.593425432683507,100.0
930,0,26.265347508027354,26.265347508027354,100.0
930,1,48.18666178682924,48.18666178682924,100.0
930,2,25.5479907051434,25.5479907051434,100.0
940,0,43.58884152365539,43.58884152365539,100.0
940,1,31.272055946333076,31.272055946333076,100.0
940,2,25.13910253001154,25.13910253001154,100.0
950,0,27.085231027686028,27.085231027686028,100.0
950,1,39.925870362733,39.925870362733,100.0
950,2,32.98889860958097,32.98889860958097,100.0
960,0,31.61014475446106,31.61014475446106,100.0
960,1,30.799412542748883,30.799412542748883,100.0
960,2,37.590442702790064,37.590442702790064,100.0
970,0,25.35979101031162,25.35979101031162,100.0
970,1,37.64052672566888,37.64052672566888,100.0
970,2,36.999682264019505,36.999682264019505,100.0
980,0,30.89741498464956,30.89741498464956,100.0
980,1,34.785992602486985,34.785992602486985,100.0
980,2,34.31659241286346,34.31659241286346,100.0
990,0,45.08536725295561,45.08536725295561,100.0
990,1,29.392286458347005,29.392286458347005,100.0
990,2,25.52234628869739,25.52234628869739,100.0
1000,0,49.85047959704717,49.85047959704717,100.0
1000,1,26.417784429925682,26.417784429925682,100.0
1000,2,23.731735973027142,23.731735973027142,100.0
1010,0,37.982682109767104,37.982682109767104,100.0
1010,1,32.60919940904689,32.60919940904689,100.0
1010,2,29.40811848118601,29.40811848118601,100.0
1020,0,45.932890093196654,45.932890093196654,100.0
1020,1,31.302668833504306,31.302668833504306,100.0
1020,2,22.76444107329904,22.76444107329904,100.0
1030,0,35.10123256040073,35.10123256040073,100.0
1030,1,31.47484790208333,31.47484790208333,100.0
1030,2,33.42391953751594,33.42391953751594,100.0
1040,0,25.04973527243049,25.04973527243049,100.0
1040,1,49.898480868600096,49.898480868600096,100.0
1040,2,25.05178385896941,25.05178385896941,100.0
1050,0,25.06503299953747,25.06503299953747,100.0
1050,1,30.201981872796622,30.201981872796622,100.0
1050,2,44.73298512766592,44.73298512766592,100.0
1060,0,34.32334689010198,34.32334689010198,100.0
1060,1,26.610370825433012,26.610370825433012,100.0
1060,2,39.066282284465004,39.066282284465004,100.0
1070,0,23.96959904791278,23.96959904791278,100.0
1070,1,33.9815693326225,33.9815693326225,100.0
1070,2,42.04883161946473,42.04883161946473,100.0
1080,0,29.616928034087607,29.616928034087607,100.0
1080,1,35.868354831769324,35.868354831769324,100.0
1080,2,34.51471713414306,34.51471713414306,100.0
1090,0,38.38030165677683,38.38030165677683,100.0
1090,1,29.167619817699357,29.167619817699357,100.0
1090,2,32.45207852552382,32.45207852552382,100.0
1100,0,49.46930389496714,49.46930389496714,100.0
1100,1,25.685000082210436,25.685000082210436,100.0
1100,2,24.845696022822423,24.845696022822423,100.0
1110,0,46.60904733803793,46.60904733803793,100.0
1110,1,29.079606373486232,29.079606373486232,100.0
1110,2,24.311346288475832,24.311346288475832,100.0
1120,0,30.420574810384604,30.420574810384604,100.0
1120,1,47.149895590521325,47.149895590521325,100.0
1120,2,22.42952959909407,22.42952959909407,100.0
1130,0,29.647465728804857,29.647465728804857,100.0
1130,1,29.35930291448289,29.35930291448289,100.0
1130,2,40.99323135671226,40.99323135671226,100.0
1140,0,22.736159318088138,22.736159318088138,100.0
1140,1,54.06050320787096,54.06050320787096,100.0
1140,2,23.203337474040904,23.203337474040904,100.0
1150,0,26.78469982720938,26.78469982720938,100.0
1150,1,51.739692326650555,51.739692326650555,100.0
1150,2,21.475607846140065,21.475607846140065,100.0
1160,0,45.06118765327862,45.06118765327862,100.0
1160,1,29.195013184068603,29.195013184068603,100.0
1160,2,25.743799162652763,25.743799162652763,100.0
1170,0,53.15314415122223,53.15314415122223,100.0
1170,1,28.158963375675793,28.158963375675793,100.0
1170,2,18.687892473101975,18.687892473101975,100.0
1180,0,46.81629346502302,46.81629346502302,100.0
1180,1,28.383811098072826,28.383811098072826,100.0
1180,2,24.79989543690416,24.79989543690416,100.0
1190,0,41.29516570751887,41.29516570751887,100.0
1190,1,31.618502653075797,31.618502653075797,100.0
1190,2,27.086331639405337,27.086331639405337,100.0
1200,0,33.494088657814395,33.494088657814395,100.0
1200,1,41.78044766386107,41.78044766386107,100.0
1200,2,24.725463678324545,24.725463678324545,100.0
1210,0,23.634324447456894,23.634324447456894,100.0
1210,1,50.67812381790285,50.67812381790285,100.0
1210,2,25.68755173464025,25.68755173464025,100.0
1220,0,27.057486890867466,27.057486890867466,100.0
1220,1,49.77563993744714,49.77563993744714,100.0
1220,2,23.166873171685403,23.166873171685403,100.0
1230,0,41.09131681604148,41.09131681604148,100.0
1230,1,36.15654096703187,36.15654096703187,100.0
1230,2,22.75214221692665,22.75214221692665,100.0
1240,0,48.20281034827543,48.20281034827543,100.0
1240,1,25.31301124832581,25.31301124832581,100.0
1240,2,26.48417840339876,26.48417840339876,100.0
1250,0,35.835498164123834,35.835498164123834,100.0
1250,1,39.666036384883206,39.666036384883206,100.0
1250,2,24.49846545099296,24.49846545099296,100.0
1260,0,33.96228141526673,33.96228141526673,100.0
1260,1,36.5958001111788,36.5958001111788,100.0
1260,2,29.441918473554473,29.441918473554473,100.0
1270,0,35.4381104549755,35.4381104549755,100.0
1270,1,25.453392295507555,25.453392295507555,100.0
1270,2,39.10849724951695,39.10849724951695,100.0
1280,0,28.694191434577565,28.694191434577565,100.0
1280,1,47.951152275821826,47.951152275821826,100.0
1280,2,23.3546562896006,23.3546562896006,100.0
1290,0,29.345607422609998,29.345607422609998,100.0
1290,1,30.967045776406653,30.967045776406653,100.0
1290,2,39.68734680098335,39.68734680098335,100.0
1300,0,30.399264293565565,30.399264293565565,100.0
1300,1,36.66708947958587,36.66708947958587,100.0
1300,2,32.93364622684857,32.93364622684857,100.0
1310,0,29.832241411030246,29.832241411030246,100.0
1310,1,45.368951472262516,45.368951472262516,100.0
1310,2,24.798807116707234,24.798807116707234,100.0
1320,0,43.63673671151622,43.63673671151622,100.0
1320,1,24.46115170211613,24.46115170211613,100.0
1320,2,31.902111586367642,31.902111586367642,100.0
1330,0,34.252216257676295,34.252216257676295,100.0
1330,1,26.96430893539158,26.96430893539158,100.0
1330,2,38.78347480693213,38.78347480693213,100.0
1340,0,36.638565788285405,36.638565788285405,100.0
1340,1,44.89130375855235,44.89130375855235,100.0
1340,2,18.47013045316225,18.47013045316225,100.0
1350,0,28.43799633379839,28.43799633379839,100.0
1350,1,51.41668899101282,51.41668899101282,100.0
1350,2,20.145314675188793,20.145314675188793,100.0
1360,0,44.093143852764605,44.093143852764605,100.0
1360,1,32.51230633152646,32.51230633152646,100.0
1360,2,23.394549815708938,23.394549815708938,100.0
1370,0,29.0214687830617,29.0214687830617,100.0
1370,1,36.59551031837128,36.59551031837128,100.0
1370,2,34.38302089856702,34.38302089856702,100.0
1380,0,37.8763434266989,37.8763434266989,100.0
1380,1,43.41697297741661,43.41697297741661,100.0
1380,2,18.70668359588449,18.70668359588449,100.0
1390,0,26.668752865176494,26.668752865176494,100.0
1390,1,43.691882186301434,43.691882186301434,100.0
1390,2,29.639364948522072,29.639364948522072,100.0
1400,0,35.85601951490214,35.85601951490214,100.0
1400,1,42.296442874368964,42.296442874368964,100.0
1400,2,21.84753761072889,21.84753761072889,100.0
1410,0,31.241950603979006,31.241950603979006,100.0
1410,1,42.40934558252949,42.40934558252949,100.0
1410,2,26.348703813491504,26.348703813491504,100.0
1420,0,34.31029604781477,34.31029604781477,100.0
1420,1,42.33758383849822,42.33758383849822,100.0
1420,2,23.352120113687015,23.352120113687015,100.0
1430,0,43.71331343006579,43.71331343006579,100.0
1430,1,26.83208183431298,26.83208183431298,100.0
1430,2,29.454604735621242,29.454604735621242,100.0
1440,0,36.114213893761324,36.114213893761324,100.0
1440,1,34.789086556030874,34.789086556030874,100.0
1440,2,29.096699550207795,29.096699550207795,100.0
1450,0,34.04307481483938,34.04307481483938,100.0
1450,1,26.810150429765088,26.810150429765088,100.0
1450,2,39.14677475539554,39.14677475539554,100.0
1460,0,43.28163646168384,43.28163646168384,100.0
1460,1,27.07851164647223,27.07851164647223,100.0
1460,2,29.63985189184394,29.63985189184394,100.0
1470,0,42.771623926756995,42.771623926756995,100.0
1470,1,29.379247763266118,29.379247763266118,100.0
1470,2,27.849128309976876,27.849128309976876,100.0
1480,0,40.876619809689494,40.876619809689494,100.0
1480,1,30.211425682324244,30.211425682324244,100.0
1480,2,28.91195450798626,28.91195450798626,100.0
1490,0,22.933561673692505,22.933561673692505,100.0
1490,1,34.90494804465523,34.90494804465523,100.0
1490,2,42.16149028165227,42.16149028165227,100.0
1500,0,31.00229553495808,31.00229553495808,100.0
1500,1,35.53394263044853,35.53394263044853,100.0
1500,2,33.463761834593384,33.463761834593384,100.0
