timestamp,ueImsi,sliceId,dTxBytes,dRxBytes,plr,resourceSharePct,dLostPackets,throughputMbps,bufferBytes
560,1,0,24448,1528,93.75,31.25,15,1.2224,137733
560,2,0,24448,1528,93.75,31.25,15,1.2224,137718
560,3,0,24448,1528,93.75,31.25,15,1.2224,137786
560,4,0,24448,1528,93.75,31.25,15,1.2224,137801
560,5,0,24448,1528,93.75,31.25,15,1.2224,137788
560,6,1,780,624,20.00,33.86,2,0.4992,87
560,7,1,780,624,20.00,33.86,2,0.4992,87
560,8,1,780,624,20.00,33.86,2,0.4992,126
560,9,1,780,624,20.00,33.86,2,0.4992,126
560,10,1,780,624,20.00,33.86,2,0.4992,87
560,11,2,16000,768,95.20,34.89,119,0.6144,91267
560,12,2,16000,768,95.20,34.89,119,0.6144,91267
560,13,2,16000,768,95.20,34.89,119,0.6144,91266
560,14,2,16000,768,95.20,34.89,119,0.6144,91257
560,15,2,16000,768,95.20,34.89,119,0.6144,91321
560,16,2,16000,768,95.20,34.89,119,0.6144,91323
560,17,2,16000,896,94.40,34.89,118,0.7168,91323
560,18,2,16000,768,95.20,34.89,119,0.6144,91321
560,19,2,16000,768,95.20,34.89,119,0.6144,91209
560,20,2,16000,768,95.20,34.89,119,0.6144,91230
