timestamp,sliceId,dedicatedPRB,minPRB,maxPRB
510,0,24.65684120335864,24.65684120335864,100.0
510,1,28.8229612001938,28.8229612001938,100.0
510,2,46.52019759644757,46.52019759644757,100.0
520,0,24.527088434601502,24.527088434601502,100.0
520,1,29.609171886963004,29.609171886963004,100.0
520,2,45.8637396784355,45.8637396784355,100.0
530,0,31.597646271240336,31.597646271240336,100.0
530,1,28.162245278616854,28.162245278616854,100.0
530,2,40.240108450142806,40.240108450142806,100.0
540,0,31.576784657958466,31.576784657958466,100.0
540,1,32.504328549683095,32.504328549683095,100.0
540,2,35.91888679235844,35.91888679235844,100.0
550,0,33.05352688885469,33.05352688885469,100.0
550,1,29.546644090960005,29.546644090960005,100.0
550,2,37.399829020185315,37.399829020185315,100.0
560,0,26.502833123031404,26.502833123031404,100.0
560,1,39.93402921445339,39.93402921445339,100.0
560,2,33.56313766251521,33.56313766251521,100.0
570,0,37.90944731752867,37.90944731752867,100.0
570,1,30.74898973080345,30.74898973080345,100.0
570,2,31.34156295166789,31.34156295166789,100.0
580,0,41.59351157649706,41.59351157649706,100.0
580,1,38.6959761192018,38.6959761192018,100.0
580,2,19.710512304301144,19.710512304301144,100.0
590,0,28.711111523616395,28.711111523616395,100.0
590,1,41.84848291864118,41.84848291864118,100.0
590,2,29.440405557742423,29.440405557742423,100.0
600,0,43.99596273099012,43.99596273099012,100.0
600,1,32.95849761409424,32.95849761409424,100.0
600,2,23.045539654915636,23.045539654915636,100.0
610,0,28.636176197229602,28.636176197229602,100.0
610,1,34.95494265215542,34.95494265215542,100.0
610,2,36.40888115061498,36.40888115061498,100.0
620,0,28.7600541418903,28.7600541418903,100.0
620,1,47.647794919435974,47.647794919435974,100.0
620,2,23.592150938673726,23.592150938673726,100.0
630,0,30.050791340920036,30.050791340920036,100.0
630,1,27.831219096530052,27.831219096530052,100.0
630,2,42.11798956254992,42.11798956254992,100.0
640,0,41.870067255494604,41.870067255494604,100.0
640,1,32.88768808712107,32.88768808712107,100.0
640,2,25.242244657384322,25.242244657384322,100.0
650,0,26.877144887947658,26.877144887947658,100.0
650,1,26.697568363818146,26.697568363818146,100.0
650,2,46.42528674823419,46.42528674823419,100.0
660,0,31.41851006901637,31.41851006901637,100.0
660,1,28.38768303816356,28.38768303816356,100.0
660,2,40.19380689282007,40.19380689282007,100.0
670,0,38.8666880974057,38.8666880974057,100.0
670,1,38.02806868478847,38.02806868478847,100.0
670,2,23.10524321780583,23.10524321780583,100.0
680,0,25.162442334295843,25.162442334295843,100.0
680,1,33.911342096025976,33.911342096025976,100.0
680,2,40.926215569678185,40.926215569678185,100.0
690,0,22.209238262962195,22.209238262962195,100.0
690,1,27.25350119150977,27.25350119150977,100.0
690,2,50.53726054552803,50.53726054552803,100.0
700,0,32.97232194575041,32.97232194575041,100.0
700,1,26.182424531067916,26.182424531067916,100.0
700,2,40.84525352318167,40.84525352318167,100.0
710,0,40.02679141117413,40.02679141117413,100.0
710,1,41.862284975727235,41.862284975727235,100.0
710,2,18.11092361309864,18.11092361309864,100.0
720,0,47.62932810984901,47.62932810984901,100.0
720,1,26.264678930585315,26.264678930585315,100.0
720,2,26.105992959565672,26.105992959565672,100.0
730,0,42.95507434575841,42.95507434575841,100.0
730,1,25.81625277172701,25.81625277172701,100.0
730,2,31.228672882514573,31.228672882514573,100.0
740,0,31.798571732935198,31.798571732935198,100.0
740,1,35.92450887963105,35.92450887963105,100.0
740,2,32.27691938743375,32.27691938743375,100.0
750,0,47.9387234438886,47.9387234438886,100.0
750,1,33.66784690992135,33.66784690992135,100.0
750,2,18.393429646190047,18.393429646190047,100.0
760,0,31.711757542305243,31.711757542305243,100.0
760,1,40.010744614827686,40.010744614827686,100.0
760,2,28.27749784286707,28.27749784286707,100.0
770,0,46.51737329142913,46.51737329142913,100.0
770,1,31.037425096672354,31.037425096672354,100.0
770,2,22.44520161189851,22.44520161189851,100.0
780,0,46.7305191589321,46.7305191589321,100.0
780,1,27.95158610735524,27.95158610735524,100.0
780,2,25.317894733712652,25.317894733712652,100.0
790,0,52.99483868797573,52.99483868797573,100.0
790,1,27.078496234833583,27.078496234833583,100.0
790,2,19.92666507719068,19.92666507719068,100.0
800,0,28.38101158057788,28.38101158057788,100.0
800,1,39.47161346654895,39.47161346654895,100.0
800,2,32.147374952873164,32.147374952873164,100.0
810,0,40.89596758403218,40.89596758403218,100.0
810,1,30.39179371209546,30.39179371209546,100.0
810,2,28.712238703872373,28.712238703872373,100.0
820,0,45.97834913400963,45.97834913400963,100.0
820,1,31.83634510793792,31.83634510793792,100.0
820,2,22.185305758052447,22.185305758052447,100.0
830,0,32.425288497005695,32.425288497005695,100.0
830,1,33.84865294485107,33.84865294485107,100.0
830,2,33.72605855814325,33.72605855814325,100.0
840,0,32.041580722608074,32.041580722608074,100.0
840,1,25.469690880660607,25.469690880660607,100.0
840,2,42.488728396731325,42.488728396731325,100.0
850,0,27.371233698295818,27.371233698295818,100.0
850,1,32.1861393988353,32.1861393988353,100.0
850,2,40.44262690286888,40.44262690286888,100.0
860,0,39.289826064886114,39.289826064886114,100.0
860,1,28.260422649169804,28.260422649169804,100.0
860,2,32.44975128594408,32.44975128594408,100.0
870,0,27.961337978253002,27.961337978253002,100.0
870,1,35.51863148446669,35.51863148446669,100.0
870,2,36.52003053728031,36.52003053728031,100.0
880,0,21.56353552427019,21.56353552427019,100.0
880,1,49.048795772206724,49.048795772206724,100.0
880,2,29.38766870352309,29.38766870352309,100.0
890,0,49.286808853637666,49.286808853637666,100.0
890,1,30.21281967181202,30.21281967181202,100.0
890,2,20.500371474550317,20.500371474550317,100.0
900,0,41.2895195199824,41.2895195199824,100.0
900,1,24.35249010199839,24.35249010199839,100.0
900,2,34.357990378019224,34.357990378019224,100.0
910,0,31.608879669940094,31.608879669940094,100.0
910,1,36.18114590180927,36.18114590180927,100.0
910,2,32.20997442825063,32.20997442825063,100.0
920,0,37.774214532243796,37.774214532243796,100.0
920,1,25.324160169763278,25.324160169763278,100.0
920,2,36.901625297992915,36.901625297992915,100.0
930,0,41.84588627962673,41.84588627962673,100.0
930,1,35.40510244871731,35.40510244871731,100.0
930,2,22.74901127165596,22.74901127165596,100.0
940,0,45.78619186469213,45.78619186469213,100.0
940,1,36.16096337954746,36.16096337954746,100.0
940,2,18.05284475576041,18.05284475576041,100.0
950,0,28.4553917398726,28.4553917398726,100.0
950,1,51.58296495079276,51.58296495079276,100.0
950,2,19.961643309334658,19.961643309334658,100.0
960,0,26.009424778986755,26.009424778986755,100.0
960,1,29.885126876564073,29.885126876564073,100.0
960,2,44.10544834444919,44.10544834444919,100.0
970,0,29.51976591501285,29.51976591501285,100.0
970,1,49.38834641044415,49.38834641044415,100.0
970,2,21.091887674543,21.091887674543,100.0
980,0,24.59478483247752,24.59478483247752,100.0
980,1,28.95832576575628,28.95832576575628,100.0
980,2,46.446889401766214,46.446889401766214,100.0
990,0,26.8431204827155,26.8431204827155,100.0
990,1,28.46250171074849,28.46250171074849,100.0
990,2,44.69437780653601,44.69437780653601,100.0
1000,0,44.36243814459837,44.36243814459837,100.0
1000,1,25.040978251937585,25.040978251937585,100.0
1000,2,30.59658360346405,30.59658360346405,100.0
1010,0,27.942618111141883,27.942618111141883,100.0
1010,1,49.627635728866395,49.627635728866395,100.0
1010,2,22.429746159991726,22.429746159991726,100.0
1020,0,34.38013778870121,34.38013778870121,100.0
1020,1,26.609094072243895,26.609094072243895,100.0
1020,2,39.010768139054896,39.010768139054896,100.0
1030,0,37.52365258020834,37.52365258020834,100.0
1030,1,33.23318787846944,33.23318787846944,100.0
1030,2,29.24315954132222,29.24315954132222,100.0
1040,0,43.39935774950396,43.39935774950396,100.0
1040,1,28.097571930961273,28.097571930961273,100.0
1040,2,28.503070319534768,28.503070319534768,100.0
1050,0,41.17101442278083,41.17101442278083,100.0
1050,1,32.63279407542687,32.63279407542687,100.0
1050,2,26.196191501792303,26.196191501792303,100.0
1060,0,43.093490311805645,43.093490311805645,100.0
1060,1,26.207157601751383,26.207157601751383,100.0
1060,2,30.699352086442982,30.699352086442982,100.0
1070,0,39.314912544907585,39.314912544907585,100.0
1070,1,30.608070794482856,30.608070794482856,100.0
1070,2,30.077016660609573,30.077016660609573,100.0
1080,0,24.706578620891563,24.706578620891563,100.0
1080,1,35.497612354369714,35.497612354369714,100.0
1080,2,39.795809024738716,39.795809024738716,100.0
1090,0,45.375458402388894,45.375458402388894,100.0
1090,1,30.57147997836963,30.57147997836963,100.0
1090,2,24.05306161924149,24.05306161924149,100.0
1100,0,28.250528900022115,28.250528900022115,100.0
1100,1,38.964800125395996,38.964800125395996,100.0
1100,2,32.7846709745819,32.7846709745819,100.0
1110,0,41.63136953062259,41.63136953062259,100.0
1110,1,31.04652959510958,31.04652959510958,100.0
1110,2,27.32210087426783,27.32210087426783,100.0
1120,0,32.712577250029476,32.712577250029476,100.0
1120,1,35.72749813416026,35.72749813416026,100.0
1120,2,31.559924615810264,31.559924615810264,100.0
1130,0,31.01102661400673,31.01102661400673,100.0
1130,1,43.21794816470313,43.21794816470313,100.0
1130,2,25.77102522129015,25.77102522129015,100.0
1140,0,26.818301291267368,26.818301291267368,100.0
1140,1,35.4063675014412,35.4063675014412,100.0
1140,2,37.77533120729144,37.77533120729144,100.0
1150,0,21.341480758046334,21.341480758046334,100.0
1150,1,35.36881287668764,35.36881287668764,100.0
1150,2,43.28970636526602,43.28970636526602,100.0
1160,0,28.781803378317473,28.781803378317473,100.0
1160,1,39.258107760535935,39.258107760535935,100.0
1160,2,31.960088861146595,31.960088861146595,100.0
1170,0,26.524386337009542,26.524386337009542,100.0
1170,1,51.91309775403585,51.91309775403585,100.0
1170,2,21.562515908954616,21.562515908954616,100.0
1180,0,44.883894979930325,44.883894979930325,100.0
1180,1,32.27614915595666,32.27614915595666,100.0
1180,2,22.83995586411302,22.83995586411302,100.0
1190,0,33.68070424868236,33.68070424868236,100.0
1190,1,35.614112402415785,35.614112402415785,100.0
1190,2,30.705183348901848,30.705183348901848,100.0
1200,0,29.987918464026897,29.987918464026897,100.0
1200,1,32.781205340493386,32.781205340493386,100.0
1200,2,37.23087619547972,37.23087619547972,100.0
1210,0,30.66793075409565,30.66793075409565,100.0
1210,1,45.46430642939644,45.46430642939644,100.0
1210,2,23.867762816507913,23.867762816507913,100.0
1220,0,41.72898765212968,41.72898765212968,100.0
1220,1,29.207545996037908,29.207545996037908,100.0
1220,2,29.06346635183241,29.06346635183241,100.0
1230,0,33.62967998409565,33.62967998409565,100.0
1230,1,28.223937776253326,28.223937776253326,100.0
1230,2,38.146382239651025,38.146382239651025,100.0
1240,0,34.18559871577971,34.18559871577971,100.0
1240,1,28.339124409234618,28.339124409234618,100.0
1240,2,37.475276874985674,37.475276874985674,100.0
1250,0,30.672965473519426,30.672965473519426,100.0
1250,1,36.26743623602248,36.26743623602248,100.0
1250,2,33.0595982904581,33.0595982904581,100.0
1260,0,49.09611239654619,49.09611239654619,100.0
1260,1,27.834287543349,27.834287543349,100.0
1260,2,23.06960006010481,23.06960006010481,100.0
1270,0,40.174824921351316,40.174824921351316,100.0
1270,1,36.54026697786793,36.54026697786793,100.0
1270,2,23.284908100780754,23.284908100780754,100.0
1280,0,25.6868432044291,25.6868432044291,100.0
1280,1,43.11673575240669,43.11673575240669,100.0
1280,2,31.196421043164225,31.196421043164225,100.0
1290,0,42.778640368191255,42.778640368191255,100.0
1290,1,35.11183941855266,35.11183941855266,100.0
1290,2,22.109520213256072,22.109520213256072,100.0
1300,0,45.222544065674185,45.222544065674185,100.0
1300,1,33.74326243892202,33.74326243892202,100.0
1300,2,21.03419349540381,21.03419349540381,100.0
1310,0,25.32032847812511,25.32032847812511,100.0
1310,1,26.190693962092347,26.190693962092347,100.0
1310,2,48.48897755978254,48.48897755978254,100.0
1320,0,44.27119964985834,44.27119964985834,100.0
1320,1,29.060389098486294,29.060389098486294,100.0
1320,2,26.668411251655368,26.668411251655368,100.0
1330,0,44.776514810384676,44.776514810384676,100.0
1330,1,25.78836560703349,25.78836560703349,100.0
1330,2,29.43511958258184,29.43511958258184,100.0
1340,0,47.852839672034264,47.852839672034264,100.0
1340,1,29.45935807025845,29.45935807025845,100.0
1340,2,22.68780225770729,22.68780225770729,100.0
1350,0,51.81614473158167,51.81614473158167,100.0
1350,1,28.156691682014532,28.156691682014532,100.0
1350,2,20.02716358640379,20.02716358640379,100.0
1360,0,27.032513179816615,27.032513179816615,100.0
1360,1,48.09252104909304,48.09252104909304,100.0
1360,2,24.87496577109034,24.87496577109034,100.0
1370,0,37.975729039157876,37.975729039157876,100.0
1370,1,35.45773296232886,35.45773296232886,100.0
1370,2,26.56653799851326,26.56653799851326,100.0
1380,0,30.55240173627608,30.55240173627608,100.0
1380,1,40.26502513723042,40.26502513723042,100.0
1380,2,29.182573126493505,29.182573126493505,100.0
1390,0,36.66029590808188,36.66029590808188,100.0
1390,1,33.168606068332295,33.168606068332295,100.0
1390,2,30.17109802358583,30.17109802358583,100.0
1400,0,27.888221284277897,27.888221284277897,100.0
1400,1,27.198696864023997,27.198696864023997,100.0
1400,2,44.91308185169811,44.91308185169811,100.0
1410,0,30.832475336149685,30.832475336149685,100.0
1410,1,28.703206376385044,28.703206376385044,100.0
1410,2,40.464318287465275,40.464318287465275,100.0
1420,0,34.38171928982097,34.38171928982097,100.0
1420,1,32.13376470352081,32.13376470352081,100.0
1420,2,33.48451600665822,33.48451600665822,100.0
1430,0,31.43927622689709,31.43927622689709,100.0
1430,1,35.34020996713685,35.34020996713685,100.0
1430,2,33.220513805966064,33.220513805966064,100.0
1440,0,23.867132364440348,23.867132364440348,100.0
1440,1,29.767839840166864,29.767839840166864,100.0
1440,2,46.36502779539279,46.36502779539279,100.0
1450,0,51.21421422471831,51.21421422471831,100.0
1450,1,28.032914047991948,28.032914047991948,100.0
1450,2,20.75287172728974,20.75287172728974,100.0
1460,0,35.200412773553644,35.200412773553644,100.0
1460,1,28.33228214869376,28.33228214869376,100.0
1460,2,36.4673050777526,36.4673050777526,100.0
1470,0,37.39946995579233,37.39946995579233,100.0
1470,1,28.538822374923356,28.538822374923356,100.0
1470,2,34.06170766928432,34.06170766928432,100.0
1480,0,33.518728784950994,33.518728784950994,100.0
1480,1,37.02083315416261,37.02083315416261,100.0
1480,2,29.4604380608864,29.4604380608864,100.0
1490,0,46.02584978599307,46.02584978599307,100.0
1490,1,33.777745072431244,33.777745072431244,100.0
1490,2,20.196405141575692,20.196405141575692,100.0
1500,0,42.04454642167031,42.04454642167031,100.0
1500,1,28.289959960760168,28.289959960760168,100.0
1500,2,29.66549361756953,29.66549361756953,100.0
