timestamp,ueImsi,sliceId,dTxBytes,dRxBytes,plr,resourceSharePct,dLostPackets,throughputMbps,bufferBytes
560,1,0,24448,1528,93.75,28.63,15,1.2224,136572
560,2,0,24448,1528,93.75,28.63,15,1.2224,136573
560,3,0,24448,1528,93.75,28.63,15,1.2224,136636
560,4,0,24448,1528,93.75,28.63,15,1.2224,136530
560,5,0,24448,1528,93.75,28.63,15,1.2224,136531
560,6,1,780,624,20.00,36.51,2,0.4992,126
560,7,1,780,624,20.00,36.51,2,0.4992,87
560,8,1,780,624,20.00,36.51,2,0.4992,87
560,9,1,780,624,20.00,36.51,2,0.4992,87
560,10,1,780,624,20.00,36.51,2,0.4992,87
560,11,2,16000,768,95.20,34.86,119,0.6144,90662
560,12,2,16000,768,95.20,34.86,119,0.6144,90661
560,13,2,16000,768,95.20,34.86,119,0.6144,90668
560,14,2,16000,768,95.20,34.86,119,0.6144,90669
560,15,2,16000,768,95.20,34.86,119,0.6144,90731
560,16,2,16000,896,94.40,34.86,118,0.7168,90748
560,17,2,16000,768,95.20,34.86,119,0.6144,90641
560,18,2,16000,768,95.20,34.86,119,0.6144,90639
560,19,2,16000,896,94.40,34.86,118,0.7168,90623
560,20,2,16000,896,94.40,34.86,118,0.7168,90629
