timestamp,ueImsi,sliceId,dTxBytes,dRxBytes,plr,resourceSharePct,dLostPackets,throughputMbps,bufferBytes
620,1,0,24448,4584,81.25,56.66,13,3.6672,267660
620,2,0,24448,4584,81.25,56.66,13,3.6672,267184
620,3,0,24448,3056,87.50,56.66,14,2.4448,266881
620,4,0,24448,4584,81.25,56.66,13,3.6672,266501
620,5,0,24448,4584,81.25,56.66,13,3.6672,266308
620,6,1,390,546,0.00,25.00,0,0.4368,87
620,7,1,390,546,0.00,25.00,0,0.4368,87
620,8,1,390,546,0.00,25.00,0,0.4368,87
620,9,1,390,546,0.00,25.00,0,0.4368,87
620,10,1,390,546,0.00,25.00,0,0.4368,87
620,11,2,16000,640,96.00,18.34,120,0.5120,180465
620,12,2,16000,768,95.20,18.34,119,0.6144,180567
620,13,2,16000,640,96.00,18.34,120,0.5120,180080
620,14,2,16000,640,96.00,18.34,120,0.5120,179799
620,15,2,16000,640,96.00,18.34,120,0.5120,179859
620,16,2,16000,896,94.40,18.34,118,0.7168,179457
620,17,2,16000,896,94.40,18.34,118,0.7168,179360
620,18,2,16000,1024,93.60,18.34,117,0.8192,179261
620,19,2,16000,1024,93.60,18.34,117,0.8192,179047
620,20,2,16000,1024,93.60,18.34,117,0.8192,178921
