timestamp,ueImsi,sliceId,dTxBytes,dRxBytes,plr,resourceSharePct,dLostPackets,throughputMbps,bufferBytes
560,1,0,24448,1528,93.75,21.66,15,1.2224,136001
560,2,0,24448,0,100.00,21.66,16,0.0000,136107
560,3,0,24448,1528,93.75,21.66,15,1.2224,136016
560,4,0,24448,1528,93.75,21.66,15,1.2224,136009
560,5,0,24448,1528,93.75,21.66,15,1.2224,136105
560,6,1,390,312,20.00,25.00,1,0.2496,169
560,7,1,390,312,20.00,25.00,1,0.2496,169
560,8,1,390,312,20.00,25.00,1,0.2496,169
560,9,1,390,312,20.00,25.00,1,0.2496,169
560,10,1,390,312,20.00,25.00,1,0.2496,169
560,11,2,16000,1024,93.60,53.33,117,0.8192,90566
560,12,2,16000,1024,93.60,53.33,117,0.8192,90657
560,13,2,16000,1024,93.60,53.33,117,0.8192,90557
560,14,2,16000,1024,93.60,53.33,117,0.8192,90557
560,15,2,16000,1024,93.60,53.33,117,0.8192,90516
560,16,2,16000,1024,93.60,53.33,117,0.8192,90516
560,17,2,16000,896,94.40,53.33,118,0.7168,90571
560,18,2,16000,1024,93.60,53.33,117,0.8192,90524
560,19,2,16000,1024,93.60,53.33,117,0.8192,90620
560,20,2,16000,1024,93.60,53.33,117,0.8192,90620
