timestamp,ueImsi,sliceId,dTxBytes,dRxBytes,plr,resourceSharePct,dLostPackets,throughputMbps,bufferBytes,dlBufferBytes,ulBufferBytes,macBufferBytes,congestionPct,lastDrlActionStatus
9900,1,0,128736,0,100.00,21.91,112,0.0000,1199934,0,1199934,1199934,11.44,applied
9900,2,0,128736,35612,74.11,21.91,83,2.8490,1200005,0,1200005,1200005,11.44,applied
9900,3,0,128736,51576,62.50,21.91,70,4.1261,1200005,0,1200005,1200005,11.44,applied
9900,4,0,128736,0,100.00,21.91,112,0.0000,34,0,34,34,0.00,applied
9900,5,0,128736,0,100.00,21.91,112,0.0000,3914,0,3914,3914,0.04,applied
9900,6,1,0,0,0.00,33.08,0,0.0000,34,0,34,34,0.00,applied
9900,7,1,0,0,0.00,33.08,0,0.0000,34,0,34,34,0.00,applied
9900,8,1,0,0,0.00,33.08,0,0.0000,34,0,34,34,0.00,applied
9900,9,1,0,0,0.00,33.08,0,0.0000,34,0,34,34,0.00,applied
9900,10,1,0,0,0.00,33.08,0,0.0000,34,0,34,34,0.00,applied
9900,11,1,0,0,0.00,33.08,0,0.0000,34,0,34,34,0.00,applied
9900,12,1,0,0,0.00,33.08,0,0.0000,34,0,34,34,0.00,applied
9900,13,1,0,0,0.00,33.08,0,0.0000,34,0,34,34,0.00,applied
9900,14,2,65200,0,100.00,45.01,50,0.0000,1043,1043,51,1094,0.01,applied
9900,15,2,65200,0,100.00,45.01,50,0.0000,1074,1074,51,1125,0.01,applied
9900,16,2,65200,752,92.00,45.01,46,0.0602,1036,1036,51,1087,0.01,applied
9900,17,2,65200,0,100.00,45.01,50,0.0000,1418,1418,51,1469,0.01,applied
9900,18,2,65200,0,100.00,45.01,50,0.0000,1074,1074,51,1125,0.01,applied
