timestamp,ueImsi,sliceId,dTxBytes,dRxBytes,plr,resourceSharePct,dLostPackets,throughputMbps,bufferBytes
9610,1,0,25976,1528,94.12,23.44,16,1.2224,10498649
9610,2,0,25976,1528,94.12,23.44,16,1.2224,10498447
9610,3,0,25976,1528,94.12,23.44,16,1.2224,10498688
9610,4,0,25976,3056,88.24,23.44,15,2.4448,10498897
9610,5,0,25976,3056,88.24,23.44,15,2.4448,10498183
9610,6,1,390,390,0.00,28.47,0,0.3120,87
9610,7,1,390,390,0.00,28.47,0,0.3120,87
9610,8,1,390,390,0.00,28.47,0,0.3120,87
9610,9,1,390,390,0.00,28.47,0,0.3120,87
9610,10,1,390,390,0.00,28.47,0,0.3120,87
9610,11,2,16000,2560,84.00,48.09,105,2.0480,10646957
9610,12,2,16000,2560,84.00,48.09,105,2.0480,10647044
9610,13,2,16000,2432,84.80,48.09,106,1.9456,10647026
9610,14,2,16000,2560,84.00,48.09,105,2.0480,10646989
9610,15,2,16000,2560,84.00,48.09,105,2.0480,10647064
9610,16,2,16000,2560,84.00,48.09,105,2.0480,10646979
9610,17,2,16000,2432,84.80,48.09,106,1.9456,10647061
9610,18,2,16000,2560,84.00,48.09,105,2.0480,10646957
9610,19,2,16000,2432,84.80,48.09,106,1.9456,10647067
9610,20,2,16000,2432,84.80,48.09,106,1.9456,10646954
