timestamp,ueImsi,sliceId,dTxBytes,dRxBytes,plr,resourceSharePct,dLostPackets,throughputMbps,bufferBytes
560,1,0,24448,3056,87.50,46.24,14,2.4448,130311
560,2,0,24448,3056,87.50,46.24,14,2.4448,130282
560,3,0,24448,3056,87.50,46.24,14,2.4448,130289
560,4,0,24448,3056,87.50,46.24,14,2.4448,130273
560,5,0,24448,3056,87.50,46.24,14,2.4448,130273
560,6,1,780,702,10.00,24.82,1,0.5616,87
560,7,1,780,702,10.00,24.82,1,0.5616,87
560,8,1,780,702,10.00,24.82,1,0.5616,87
560,9,1,780,702,10.00,24.82,1,0.5616,87
560,10,1,780,702,10.00,24.82,1,0.5616,87
560,11,2,16000,1024,93.60,28.94,117,0.8192,88335
560,12,2,16000,1152,92.80,28.94,116,0.9216,88271
560,13,2,16000,1024,93.60,28.94,117,0.8192,88327
560,14,2,16000,1024,93.60,28.94,117,0.8192,88333
560,15,2,16000,1152,92.80,28.94,116,0.9216,88341
560,16,2,16000,1024,93.60,28.94,117,0.8192,88338
560,17,2,16000,1024,93.60,28.94,117,0.8192,88352
560,18,2,16000,1152,92.80,28.94,116,0.9216,88223
560,19,2,16000,1152,92.80,28.94,116,0.9216,88222
560,20,2,16000,1152,92.80,28.94,116,0.9216,88240
