timestamp,ueImsi,sliceId,dTxBytes,dRxBytes,plr,resourceSharePct,dLostPackets,throughputMbps,bufferBytes
560,1,0,24448,3056,87.50,31.31,14,2.4448,135923
560,2,0,24448,3056,87.50,31.31,14,2.4448,135916
560,3,0,24448,3056,87.50,31.31,14,2.4448,135907
560,4,0,24448,3056,87.50,31.31,14,2.4448,135825
560,5,0,24448,3056,87.50,31.31,14,2.4448,135913
560,6,1,390,312,20.00,35.50,1,0.2496,169
560,7,1,390,312,20.00,35.50,1,0.2496,169
560,8,1,390,312,20.00,35.50,1,0.2496,169
560,9,1,390,312,20.00,35.50,1,0.2496,169
560,10,1,390,312,20.00,35.50,1,0.2496,169
560,11,2,16000,896,94.40,33.19,118,0.7168,90211
560,12,2,16000,896,94.40,33.19,118,0.7168,90220
560,13,2,16000,896,94.40,33.19,118,0.7168,90197
560,14,2,16000,896,94.40,33.19,118,0.7168,90203
560,15,2,16000,1024,93.60,33.19,117,0.8192,90259
560,16,2,16000,1024,93.60,33.19,117,0.8192,90273
560,17,2,16000,896,94.40,33.19,118,0.7168,90167
560,18,2,16000,896,94.40,33.19,118,0.7168,90184
560,19,2,16000,896,94.40,33.19,118,0.7168,90247
560,20,2,16000,1024,93.60,33.19,117,0.8192,90257
