timestamp,ueImsi,sliceId,dTxBytes,dRxBytes,plr,resourceSharePct,dLostPackets,throughputMbps,bufferBytes
1510,1,0,18336,15280,16.67,29.21,2,12.2240,1604
1510,2,0,18336,0,100.00,29.21,12,0.0000,1686603
1510,3,0,18336,0,100.00,29.21,12,0.0000,1718092
1510,4,0,18336,13752,25.00,29.21,3,11.0016,4180
1510,5,0,18336,0,100.00,29.21,12,0.0000,1703559
1510,6,1,390,390,0.00,47.41,0,0.3120,87
1510,7,1,390,390,0.00,47.41,0,0.3120,87
1510,8,1,390,390,0.00,47.41,0,0.3120,87
1510,9,1,390,390,0.00,47.41,0,0.3120,87
1510,10,1,390,0,100.00,47.41,5,0.0000,353
1510,11,2,384,256,33.33,23.38,1,0.2048,137
1510,12,2,384,256,33.33,23.38,1,0.2048,137
1510,13,2,384,0,100.00,23.38,3,0.0000,401
1510,14,2,384,128,66.67,23.38,2,0.1024,137
1510,15,2,384,0,100.00,23.38,3,0.0000,137
1510,16,2,384,0,100.00,23.38,3,0.0000,2027
1510,17,2,384,0,100.00,23.38,3,0.0000,777
1510,18,2,384,0,100.00,23.38,3,0.0000,137
1510,19,2,384,256,33.33,23.38,1,0.2048,137
1510,20,2,384,256,33.33,23.38,1,0.2048,137
