timestamp,sliceId,dedicatedPRB,minPRB,maxPRB
510,0,39.67744404323448,39.67744404323448,100.0
510,1,39.69965636062776,39.69965636062776,100.0
510,2,20.62289959613776,20.62289959613776,100.0
520,0,25.70452491327528,25.70452491327528,100.0
520,1,39.34992662855926,39.34992662855926,100.0
520,2,34.94554845816546,34.94554845816546,100.0
530,0,48.21815255251526,48.21815255251526,100.0
530,1,30.123394350806826,30.123394350806826,100.0
530,2,21.658453096677917,21.658453096677917,100.0
540,0,32.14754213785057,32.14754213785057,100.0
540,1,36.85460861327105,36.85460861327105,100.0
540,2,30.997849248878385,30.997849248878385,100.0
550,0,30.357575468998938,30.357575468998938,100.0
550,1,37.670941103593506,37.670941103593506,100.0
550,2,31.971483427407556,31.971483427407556,100.0
560,0,37.76517482267828,37.76517482267828,100.0
560,1,39.47733149324403,39.47733149324403,100.0
560,2,22.757493684077684,22.757493684077684,100.0
570,0,41.66234874465452,41.66234874465452,100.0
570,1,35.92170223278818,35.92170223278818,100.0
570,2,22.415949022557296,22.415949022557296,100.0
580,0,40.43830236289073,40.43830236289073,100.0
580,1,40.95238152743582,40.95238152743582,100.0
580,2,18.60931610967345,18.60931610967345,100.0
590,0,33.80540046141204,33.80540046141204,100.0
590,1,33.711981490318635,33.711981490318635,100.0
590,2,32.48261804826932,32.48261804826932,100.0
600,0,35.60587707697821,35.60587707697821,100.0
600,1,29.645742219737826,29.645742219737826,100.0
600,2,34.748380703283964,34.748380703283964,100.0
610,0,31.592491847213676,31.592491847213676,100.0
610,1,39.77009137991065,39.77009137991065,100.0
610,2,28.637416772875667,28.637416772875667,100.0
620,0,32.974533283615074,32.974533283615074,100.0
620,1,41.41165871681193,41.41165871681193,100.0
620,2,25.613807999573,25.613807999573,100.0
630,0,23.66987551128475,23.66987551128475,100.0
630,1,27.774652018555734,27.774652018555734,100.0
630,2,48.55547247015952,48.55547247015952,100.0
640,0,30.447685652788227,30.447685652788227,100.0
640,1,25.37439158705902,25.37439158705902,100.0
640,2,44.177922760152754,44.177922760152754,100.0
650,0,29.093089925667936,29.093089925667936,100.0
650,1,35.473238383718616,35.473238383718616,100.0
650,2,35.43367169061344,35.43367169061344,100.0
660,0,25.77565887765144,25.77565887765144,100.0
660,1,31.621797305512185,31.621797305512185,100.0
660,2,42.60254381683638,42.60254381683638,100.0
670,0,25.2361599737341,25.2361599737341,100.0
670,1,30.23014556042402,30.23014556042402,100.0
670,2,44.533694465841876,44.533694465841876,100.0
680,0,41.349899677628684,41.349899677628684,100.0
680,1,37.952968779957445,37.952968779957445,100.0
680,2,20.697131542413874,20.697131542413874,100.0
690,0,32.04478523120554,32.04478523120554,100.0
690,1,37.40498682558292,37.40498682558292,100.0
690,2,30.550227943211556,30.550227943211556,100.0
700,0,38.057369240109566,38.057369240109566,100.0
700,1,29.871211481030958,29.871211481030958,100.0
700,2,32.07141927885948,32.07141927885948,100.0
710,0,27.56561783100297,27.56561783100297,100.0
710,1,32.679705420765174,32.679705420765174,100.0
710,2,39.75467674823185,39.75467674823185,100.0
720,0,23.428409143421344,23.428409143421344,100.0
720,1,47.26025046680115,47.26025046680115,100.0
720,2,29.311340389777513,29.311340389777513,100.0
730,0,33.40821174376933,33.40821174376933,100.0
730,1,34.007075617141325,34.007075617141325,100.0
730,2,32.58471263908935,32.58471263908935,100.0
740,0,33.743250741157205,33.743250741157205,100.0
740,1,40.64358948118733,40.64358948118733,100.0
740,2,25.61315977765547,25.61315977765547,100.0
750,0,38.13839028743433,38.13839028743433,100.0
750,1,32.36071383096261,32.36071383096261,100.0
750,2,29.50089588160305,29.50089588160305,100.0
760,0,35.376915683697504,35.376915683697504,100.0
760,1,26.210673050684708,26.210673050684708,100.0
760,2,38.4124112656178,38.4124112656178,100.0
770,0,29.869286106041436,29.869286106041436,100.0
770,1,30.59524492851043,30.59524492851043,100.0
770,2,39.53546896544814,39.53546896544814,100.0
780,0,39.67591335556582,39.67591335556582,100.0
780,1,35.70540603404427,35.70540603404427,100.0
780,2,24.618680610389916,24.618680610389916,100.0
790,0,36.29061392903091,36.29061392903091,100.0
790,1,26.030409571445762,26.030409571445762,100.0
790,2,37.67897649952332,37.67897649952332,100.0
800,0,24.063164520569853,24.063164520569853,100.0
800,1,47.68893582282193,47.68893582282193,100.0
800,2,28.247899656608222,28.247899656608222,100.0
810,0,36.48913117263315,36.48913117263315,100.0
810,1,32.951278496009465,32.951278496009465,100.0
810,2,30.5595903313574,30.5595903313574,100.0
820,0,25.51852293005034,25.51852293005034,100.0
820,1,35.29393400091118,35.29393400091118,100.0
820,2,39.18754306903849,39.18754306903849,100.0
830,0,42.68034232963913,42.68034232963913,100.0
830,1,30.473632933634615,30.473632933634615,100.0
830,2,26.84602473672626,26.84602473672626,100.0
840,0,40.10021881914309,40.10021881914309,100.0
840,1,42.17096673659566,42.17096673659566,100.0
840,2,17.728814444261253,17.728814444261253,100.0
850,0,33.36386214377016,33.36386214377016,100.0
850,1,46.2154242185929,46.2154242185929,100.0
850,2,20.420713637636933,20.420713637636933,100.0
860,0,37.75757309332795,37.75757309332795,100.0
860,1,43.146663704174614,43.146663704174614,100.0
860,2,19.095763202497437,19.095763202497437,100.0
870,0,39.25588434051287,39.25588434051287,100.0
870,1,33.655324538828204,33.655324538828204,100.0
870,2,27.08879112065893,27.08879112065893,100.0
880,0,38.7241569244074,38.7241569244074,100.0
880,1,25.700625003944484,25.700625003944484,100.0
880,2,35.575218071648116,35.575218071648116,100.0
890,0,28.596359992249713,28.596359992249713,100.0
890,1,28.612892387128163,28.612892387128163,100.0
890,2,42.79074762062211,42.79074762062211,100.0
900,0,22.93130582342101,22.93130582342101,100.0
900,1,42.004814006214666,42.004814006214666,100.0
900,2,35.06388017036432,35.06388017036432,100.0
910,0,28.521926923022768,28.521926923022768,100.0
910,1,37.416923949932254,37.416923949932254,100.0
910,2,34.06114912704497,34.06114912704497,100.0
920,0,22.669998953875258,22.669998953875258,100.0
920,1,44.222950635729006,44.222950635729006,100.0
920,2,33.107050410395736,33.107050410395736,100.0
930,0,26.12206231652465,26.12206231652465,100.0
930,1,48.90352838441975,48.90352838441975,100.0
930,2,24.974409299055594,24.974409299055594,100.0
940,0,27.557928222845803,27.557928222845803,100.0
940,1,41.81844102786684,41.81844102786684,100.0
940,2,30.623630749287358,30.623630749287358,100.0
950,0,27.17538066937862,27.17538066937862,100.0
950,1,29.08081222897906,29.08081222897906,100.0
950,2,43.74380710164232,43.74380710164232,100.0
960,0,27.924197270540045,27.924197270540045,100.0
960,1,47.79677353851631,47.79677353851631,100.0
960,2,24.27902919094364,24.27902919094364,100.0
970,0,43.12551509110325,43.12551509110325,100.0
970,1,34.6132453238469,34.6132453238469,100.0
970,2,22.261239585049854,22.261239585049854,100.0
980,0,32.16862138771495,32.16862138771495,100.0
980,1,36.684795483781635,36.684795483781635,100.0
980,2,31.146583128503423,31.146583128503423,100.0
990,0,38.24471671275448,38.24471671275448,100.0
990,1,40.84584809873678,40.84584809873678,100.0
990,2,20.909435188508734,20.909435188508734,100.0
1000,0,26.4328223276314,26.4328223276314,100.0
1000,1,47.8026939338947,47.8026939338947,100.0
1000,2,25.764483738473892,25.764483738473892,100.0
1010,0,23.77311194028926,23.77311194028926,100.0
1010,1,52.85876790338501,52.85876790338501,100.0
1010,2,23.368120156325723,23.368120156325723,100.0
1020,0,22.679209964952076,22.679209964952076,100.0
1020,1,56.883281738900294,56.883281738900294,100.0
1020,2,20.437508296147637,20.437508296147637,100.0
1030,0,27.444455808480285,27.444455808480285,100.0
1030,1,48.67170977758705,48.67170977758705,100.0
1030,2,23.883834413932668,23.883834413932668,100.0
1040,0,26.557507888647468,26.557507888647468,100.0
1040,1,29.56838939643359,29.56838939643359,100.0
1040,2,43.87410271491894,43.87410271491894,100.0
1050,0,29.677052816929777,29.677052816929777,100.0
1050,1,46.12757643853337,46.12757643853337,100.0
1050,2,24.195370744536856,24.195370744536856,100.0
1060,0,28.99645163455101,28.99645163455101,100.0
1060,1,33.15129722002016,33.15129722002016,100.0
1060,2,37.85225114542883,37.85225114542883,100.0
1070,0,21.218264465656674,21.218264465656674,100.0
1070,1,40.485977291037386,40.485977291037386,100.0
1070,2,38.29575824330594,38.29575824330594,100.0
1080,0,24.69463655270084,24.69463655270084,100.0
1080,1,50.765764643726015,50.765764643726015,100.0
1080,2,24.539598803573142,24.539598803573142,100.0
1090,0,38.483724855889854,38.483724855889854,100.0
1090,1,37.79075212380152,37.79075212380152,100.0
1090,2,23.72552302030862,23.72552302030862,100.0
1100,0,29.06324562416076,29.06324562416076,100.0
1100,1,31.16051821886996,31.16051821886996,100.0
1100,2,39.77623615696928,39.77623615696928,100.0
1110,0,35.43477113363468,35.43477113363468,100.0
1110,1,43.84409586218877,43.84409586218877,100.0
1110,2,20.72113300417654,20.72113300417654,100.0
1120,0,23.617006497004496,23.617006497004496,100.0
1120,1,37.50643534419883,37.50643534419883,100.0
1120,2,38.87655815879668,38.87655815879668,100.0
1130,0,48.20338534917948,48.20338534917948,100.0
1130,1,26.712211052673418,26.712211052673418,100.0
1130,2,25.084403598147116,25.084403598147116,100.0
1140,0,37.24916535178447,37.24916535178447,100.0
1140,1,42.69966165588148,42.69966165588148,100.0
1140,2,20.05117299233405,20.05117299233405,100.0
1150,0,31.44226522777619,31.44226522777619,100.0
1150,1,41.95070705916327,41.95070705916327,100.0
1150,2,26.60702771306054,26.60702771306054,100.0
1160,0,25.073004544205546,25.073004544205546,100.0
1160,1,40.50218540273178,40.50218540273178,100.0
1160,2,34.42481005306267,34.42481005306267,100.0
1170,0,27.094135563691253,27.094135563691253,100.0
1170,1,37.7967646364921,37.7967646364921,100.0
1170,2,35.109099799816654,35.109099799816654,100.0
1180,0,33.58830240548948,33.58830240548948,100.0
1180,1,42.048387210386316,42.048387210386316,100.0
1180,2,24.363310384124212,24.363310384124212,100.0
1190,0,29.935421193177636,29.935421193177636,100.0
1190,1,26.077424606363653,26.077424606363653,100.0
1190,2,43.98715420045871,43.98715420045871,100.0
1200,0,24.56842026766188,24.56842026766188,100.0
1200,1,36.419593137661494,36.419593137661494,100.0
1200,2,39.011986594676635,39.011986594676635,100.0
1210,0,28.208881814906356,28.208881814906356,100.0
1210,1,34.51865431239789,34.51865431239789,100.0
1210,2,37.27246387269575,37.27246387269575,100.0
1220,0,33.12519571891895,33.12519571891895,100.0
1220,1,26.738044568543508,26.738044568543508,100.0
1220,2,40.13675971253754,40.13675971253754,100.0
1230,0,37.030489203732046,37.030489203732046,100.0
1230,1,36.62401158495419,36.62401158495419,100.0
1230,2,26.345499211313772,26.345499211313772,100.0
1240,0,42.917606547991504,42.917606547991504,100.0
1240,1,36.47633555537193,36.47633555537193,100.0
1240,2,20.606057896636564,20.606057896636564,100.0
1250,0,31.77643932253683,31.77643932253683,100.0
1250,1,36.308195000764435,36.308195000764435,100.0
1250,2,31.915365676698727,31.915365676698727,100.0
1260,0,40.9461660349007,40.9461660349007,100.0
1260,1,36.138559917510975,36.138559917510975,100.0
1260,2,22.915274047588323,22.915274047588323,100.0
1270,0,46.78608817125367,46.78608817125367,100.0
1270,1,26.60401464669153,26.60401464669153,100.0
1270,2,26.609897182054805,26.609897182054805,100.0
1280,0,22.087604572313577,22.087604572313577,100.0
1280,1,54.57131097066571,54.57131097066571,100.0
1280,2,23.341084457020717,23.341084457020717,100.0
1290,0,48.022860733872506,48.022860733872506,100.0
1290,1,25.372025910718843,25.372025910718843,100.0
1290,2,26.605113355408662,26.605113355408662,100.0
1300,0,28.481869334245673,28.481869334245673,100.0
1300,1,35.54607347368648,35.54607347368648,100.0
1300,2,35.972057192067844,35.972057192067844,100.0
1310,0,24.47956157130413,24.47956157130413,100.0
1310,1,34.8676346759394,34.8676346759394,100.0
1310,2,40.65280375275646,40.65280375275646,100.0
1320,0,37.98858006122466,37.98858006122466,100.0
1320,1,33.42806484189869,33.42806484189869,100.0
1320,2,28.583355096876655,28.583355096876655,100.0
1330,0,27.244608243428026,27.244608243428026,100.0
1330,1,43.84348577740265,43.84348577740265,100.0
1330,2,28.911905979169326,28.911905979169326,100.0
1340,0,22.544239036716824,22.544239036716824,100.0
1340,1,42.22310772311732,42.22310772311732,100.0
1340,2,35.23265324016586,35.23265324016586,100.0
1350,0,27.474995675252778,27.474995675252778,100.0
1350,1,48.92650448185184,48.92650448185184,100.0
1350,2,23.598499842895386,23.598499842895386,100.0
1360,0,22.732003875392678,22.732003875392678,100.0
1360,1,50.70710149936593,50.70710149936593,100.0
1360,2,26.560894625241392,26.560894625241392,100.0
1370,0,30.666544517170855,30.666544517170855,100.0
1370,1,31.389177835218945,31.389177835218945,100.0
1370,2,37.9442776476102,37.9442776476102,100.0
1380,0,34.15447552619019,34.15447552619019,100.0
1380,1,38.48250289370977,38.48250289370977,100.0
1380,2,27.363021580100046,27.363021580100046,100.0
1390,0,27.571958141028592,27.571958141028592,100.0
1390,1,45.953158053347295,45.953158053347295,100.0
1390,2,26.47488380562412,26.47488380562412,100.0
1400,0,35.87481645528624,35.87481645528624,100.0
1400,1,28.30104426140941,28.30104426140941,100.0
1400,2,35.82413928330435,35.82413928330435,100.0
1410,0,28.059631159004176,28.059631159004176,100.0
1410,1,26.9008937050488,26.9008937050488,100.0
1410,2,45.039475135947015,45.039475135947015,100.0
1420,0,34.09677916486659,34.09677916486659,100.0
1420,1,32.39848374177246,32.39848374177246,100.0
1420,2,33.50473709336096,33.50473709336096,100.0
1430,0,30.79398447432991,30.79398447432991,100.0
1430,1,41.985778219425185,41.985778219425185,100.0
1430,2,27.22023730624491,27.22023730624491,100.0
1440,0,25.604820895462844,25.604820895462844,100.0
1440,1,35.36650634926656,35.36650634926656,100.0
1440,2,39.0286727552706,39.0286727552706,100.0
1450,0,25.240330581278464,25.240330581278464,100.0
1450,1,32.73225444098705,32.73225444098705,100.0
1450,2,42.02741497773449,42.02741497773449,100.0
1460,0,24.025234875039207,24.025234875039207,100.0
1460,1,53.33708222501432,53.33708222501432,100.0
1460,2,22.637682899946483,22.637682899946483,100.0
1470,0,36.7255529456147,36.7255529456147,100.0
1470,1,31.252680040135832,31.252680040135832,100.0
1470,2,32.021767014249455,32.021767014249455,100.0
1480,0,33.65641795729818,33.65641795729818,100.0
1480,1,44.95562025691313,44.95562025691313,100.0
1480,2,21.38796178578869,21.38796178578869,100.0
1490,0,31.679001556215752,31.679001556215752,100.0
1490,1,43.14595564754339,43.14595564754339,100.0
1490,2,25.175042796240852,25.175042796240852,100.0
1500,0,42.57090139263629,42.57090139263629,100.0
1500,1,30.156689473998043,30.156689473998043,100.0
1500,2,27.27240913336567,27.27240913336567,100.0
