timestamp,sliceId,dedicatedPRB,minPRB,maxPRB
510,0,26.128153280895894,26.128153280895894,100.0
510,1,43.234389531331544,43.234389531331544,100.0
510,2,30.63745718777256,30.63745718777256,100.0
520,0,38.57359082997608,38.57359082997608,100.0
520,1,38.27636859095607,38.27636859095607,100.0
520,2,23.150040579067856,23.150040579067856,100.0
530,0,55.272296152553245,55.272296152553245,100.0
530,1,25.60860096663346,25.60860096663346,100.0
530,2,19.11910288081329,19.11910288081329,100.0
540,0,43.99489672400819,43.99489672400819,100.0
540,1,25.371777550148728,25.371777550148728,100.0
540,2,30.63332572584308,30.63332572584308,100.0
550,0,26.494869180696806,26.494869180696806,100.0
550,1,53.95954797089355,53.95954797089355,100.0
550,2,19.545582848409648,19.545582848409648,100.0
560,0,28.29721266882511,28.29721266882511,100.0
560,1,30.18619607679844,30.18619607679844,100.0
560,2,41.51659125437646,41.51659125437646,100.0
570,0,23.80683536328351,23.80683536328351,100.0
570,1,44.21178690040888,44.21178690040888,100.0
570,2,31.981377736307603,31.981377736307603,100.0
580,0,40.20754702920478,40.20754702920478,100.0
580,1,28.267954160646607,28.267954160646607,100.0
580,2,31.524498810148604,31.524498810148604,100.0
590,0,38.14763669436165,38.14763669436165,100.0
590,1,27.945076663599277,27.945076663599277,100.0
590,2,33.90728664203907,33.90728664203907,100.0
600,0,24.07442914287457,24.07442914287457,100.0
600,1,31.407424465175154,31.407424465175154,100.0
600,2,44.518146391950275,44.518146391950275,100.0
610,0,33.236472408955855,33.236472408955855,100.0
610,1,27.248256978746344,27.248256978746344,100.0
610,2,39.515270612297805,39.515270612297805,100.0
620,0,33.98818050117727,33.98818050117727,100.0
620,1,32.55922533301181,32.55922533301181,100.0
620,2,33.45259416581092,33.45259416581092,100.0
630,0,35.596384451968525,35.596384451968525,100.0
630,1,36.86952433762427,36.86952433762427,100.0
630,2,27.534091210407198,27.534091210407198,100.0
640,0,28.94017869579985,28.94017869579985,100.0
640,1,44.704249547500375,44.704249547500375,100.0
640,2,26.35557175669978,26.35557175669978,100.0
650,0,23.52713051817031,23.52713051817031,100.0
650,1,38.41542504596936,38.41542504596936,100.0
650,2,38.05744443586035,38.05744443586035,100.0
660,0,35.571318527438656,35.571318527438656,100.0
660,1,45.44340776885539,45.44340776885539,100.0
660,2,18.985273703705964,18.985273703705964,100.0
670,0,43.045275131758345,43.045275131758345,100.0
670,1,39.53200677512267,39.53200677512267,100.0
670,2,17.422718093118988,17.422718093118988,100.0
680,0,26.974402252315233,26.974402252315233,100.0
680,1,54.08772429005462,54.08772429005462,100.0
680,2,18.937873457630154,18.937873457630154,100.0
690,0,29.20144328297948,29.20144328297948,100.0
690,1,28.914279799149767,28.914279799149767,100.0
690,2,41.88427691787076,41.88427691787076,100.0
700,0,25.65281911907995,25.65281911907995,100.0
700,1,37.951857522210105,37.951857522210105,100.0
700,2,36.395323358709945,36.395323358709945,100.0
710,0,39.91355241622178,39.91355241622178,100.0
710,1,36.3740077163095,36.3740077163095,100.0
710,2,23.71243986746873,23.71243986746873,100.0
720,0,31.44868572669237,31.44868572669237,100.0
720,1,35.78066880123381,35.78066880123381,100.0
720,2,32.770645472073824,32.770645472073824,100.0
730,0,31.62573083210886,31.62573083210886,100.0
730,1,34.39300644906567,34.39300644906567,100.0
730,2,33.98126271882547,33.98126271882547,100.0
740,0,39.27982897713541,39.27982897713541,100.0
740,1,40.68863191187899,40.68863191187899,100.0
740,2,20.0315391109856,20.0315391109856,100.0
750,0,36.77825786884221,36.77825786884221,100.0
750,1,40.271468452489415,40.271468452489415,100.0
750,2,22.950273678668374,22.950273678668374,100.0
760,0,38.00602399478728,38.00602399478728,100.0
760,1,37.54375247850954,37.54375247850954,100.0
760,2,24.45022352670319,24.45022352670319,100.0
770,0,25.263131443593196,25.263131443593196,100.0
770,1,34.20084964908049,34.20084964908049,100.0
770,2,40.53601890732632,40.53601890732632,100.0
780,0,31.971107214814467,31.971107214814467,100.0
780,1,46.83697326608375,46.83697326608375,100.0
780,2,21.19191951910178,21.19191951910178,100.0
790,0,29.34882245509697,29.34882245509697,100.0
790,1,49.248681147653095,49.248681147653095,100.0
790,2,21.40249639724994,21.40249639724994,100.0
800,0,39.945288720097174,39.945288720097174,100.0
800,1,25.45800831867838,25.45800831867838,100.0
800,2,34.596702961224445,34.596702961224445,100.0
810,0,27.573341936719892,27.573341936719892,100.0
810,1,35.849715576775985,35.849715576775985,100.0
810,2,36.57694248650413,36.57694248650413,100.0
820,0,37.242683467495674,37.242683467495674,100.0
820,1,36.71864841993797,36.71864841993797,100.0
820,2,26.038668112566356,26.038668112566356,100.0
830,0,31.31193467467802,31.31193467467802,100.0
830,1,32.40458197157166,32.40458197157166,100.0
830,2,36.28348335375032,36.28348335375032,100.0
840,0,41.55748124697794,41.55748124697794,100.0
840,1,34.42325948635898,34.42325948635898,100.0
840,2,24.019259266663074,24.019259266663074,100.0
850,0,32.77126260823332,32.77126260823332,100.0
850,1,35.78448657319549,35.78448657319549,100.0
850,2,31.44425081857119,31.44425081857119,100.0
860,0,34.042594092014056,34.042594092014056,100.0
860,1,40.29220699282162,40.29220699282162,100.0
860,2,25.66519891516433,25.66519891516433,100.0
870,0,25.969831179338705,25.969831179338705,100.0
870,1,39.98558895978467,39.98558895978467,100.0
870,2,34.04457986087662,34.04457986087662,100.0
880,0,30.623005378572156,30.623005378572156,100.0
880,1,33.18464934597559,33.18464934597559,100.0
880,2,36.192345275452254,36.192345275452254,100.0
890,0,31.550447635987677,31.550447635987677,100.0
890,1,36.76750313537387,36.76750313537387,100.0
890,2,31.682049228638455,31.682049228638455,100.0
900,0,23.43624931496987,23.43624931496987,100.0
900,1,37.94476678289952,37.94476678289952,100.0
900,2,38.61898390213061,38.61898390213061,100.0
910,0,30.135043878021783,30.135043878021783,100.0
910,1,32.889919746482555,32.889919746482555,100.0
910,2,36.97503637549566,36.97503637549566,100.0
920,0,29.646229550084733,29.646229550084733,100.0
920,1,28.60977433646026,28.60977433646026,100.0
920,2,41.743996113455005,41.743996113455005,100.0
930,0,31.46594779257984,31.46594779257984,100.0
930,1,42.240404778293495,42.240404778293495,100.0
930,2,26.293647429126665,26.293647429126665,100.0
940,0,31.432656549805017,31.432656549805017,100.0
940,1,30.020544755558294,30.020544755558294,100.0
940,2,38.5467986946367,38.5467986946367,100.0
950,0,34.814540940035506,34.814540940035506,100.0
950,1,39.92412017488575,39.92412017488575,100.0
950,2,25.261338885078743,25.261338885078743,100.0
960,0,25.750245387494974,25.750245387494974,100.0
960,1,38.194614406722586,38.194614406722586,100.0
960,2,36.05514020578244,36.05514020578244,100.0
970,0,43.220850913419994,43.220850913419994,100.0
970,1,31.640961499378438,31.640961499378438,100.0
970,2,25.13818758720158,25.13818758720158,100.0
980,0,49.59170486168331,49.59170486168331,100.0
980,1,25.193905115170324,25.193905115170324,100.0
980,2,25.214390023146375,25.214390023146375,100.0
990,0,28.598544084270284,28.598544084270284,100.0
990,1,37.03659897657291,37.03659897657291,100.0
990,2,34.36485693915681,34.36485693915681,100.0
1000,0,44.76347232639508,44.76347232639508,100.0
1000,1,25.6006907300449,25.6006907300449,100.0
1000,2,29.63583694356002,29.63583694356002,100.0
1010,0,37.48416753689864,37.48416753689864,100.0
1010,1,34.54420253667146,34.54420253667146,100.0
1010,2,27.971629926429898,27.971629926429898,100.0
1020,0,34.25382522132845,34.25382522132845,100.0
1020,1,41.40003559183945,41.40003559183945,100.0
1020,2,24.346139186832104,24.346139186832104,100.0
1030,0,24.977679098408224,24.977679098408224,100.0
1030,1,53.55668171550043,53.55668171550043,100.0
1030,2,21.46563918609134,21.46563918609134,100.0
1040,0,37.31553822446405,37.31553822446405,100.0
1040,1,38.91451947969677,38.91451947969677,100.0
1040,2,23.76994229583919,23.76994229583919,100.0
1050,0,27.067053654404976,27.067053654404976,100.0
1050,1,32.37466777714145,32.37466777714145,100.0
1050,2,40.558278568453574,40.558278568453574,100.0
1060,0,42.13695053453169,42.13695053453169,100.0
1060,1,32.94908668101986,32.94908668101986,100.0
1060,2,24.913962784448458,24.913962784448458,100.0
1070,0,22.010705898432445,22.010705898432445,100.0
1070,1,46.51633541425101,46.51633541425101,100.0
1070,2,31.47295868731654,31.47295868731654,100.0
1080,0,23.503986282861717,23.503986282861717,100.0
1080,1,46.10932892492446,46.10932892492446,100.0
1080,2,30.386684792213824,30.386684792213824,100.0
1090,0,24.037419404466643,24.037419404466643,100.0
1090,1,33.22014251622446,33.22014251622446,100.0
1090,2,42.7424380793089,42.7424380793089,100.0
1100,0,29.656685572019708,29.656685572019708,100.0
1100,1,27.469111862510943,27.469111862510943,100.0
1100,2,42.87420256546936,42.87420256546936,100.0
1110,0,30.853859504588925,30.853859504588925,100.0
1110,1,40.161288560892686,40.161288560892686,100.0
1110,2,28.984851934518385,28.984851934518385,100.0
1120,0,32.98543125169113,32.98543125169113,100.0
1120,1,45.97092903333574,45.97092903333574,100.0
1120,2,21.043639714973114,21.043639714973114,100.0
1130,0,45.04018795294083,45.04018795294083,100.0
1130,1,37.53160888654315,37.53160888654315,100.0
1130,2,17.428203160516016,17.428203160516016,100.0
1140,0,27.883278171474036,27.883278171474036,100.0
1140,1,31.21733874142366,31.21733874142366,100.0
1140,2,40.8993830871023,40.8993830871023,100.0
1150,0,25.23436205851785,25.23436205851785,100.0
1150,1,35.21262084669164,35.21262084669164,100.0
1150,2,39.55301709479051,39.55301709479051,100.0
1160,0,48.588192792101495,48.588192792101495,100.0
1160,1,28.47570977466738,28.47570977466738,100.0
1160,2,22.936097433231133,22.936097433231133,100.0
1170,0,31.75115068081842,31.75115068081842,100.0
1170,1,46.48337459950879,46.48337459950879,100.0
1170,2,21.76547471967279,21.76547471967279,100.0
1180,0,26.327622786679942,26.327622786679942,100.0
1180,1,32.68881716014573,32.68881716014573,100.0
1180,2,40.98356005317433,40.98356005317433,100.0
1190,0,25.968439546953014,25.968439546953014,100.0
1190,1,27.423889483782858,27.423889483782858,100.0
1190,2,46.60767096926413,46.60767096926413,100.0
1200,0,30.17741286965196,30.17741286965196,100.0
1200,1,37.14179240934951,37.14179240934951,100.0
1200,2,32.68079472099853,32.68079472099853,100.0
1210,0,41.81402089749593,41.81402089749593,100.0
1210,1,35.06747401633202,35.06747401633202,100.0
1210,2,23.118505086172043,23.118505086172043,100.0
1220,0,21.927040004011847,21.927040004011847,100.0
1220,1,43.3895097835533,43.3895097835533,100.0
1220,2,34.68345021243485,34.68345021243485,100.0
1230,0,25.873650954180537,25.873650954180537,100.0
1230,1,53.92266959461073,53.92266959461073,100.0
1230,2,20.203679451208746,20.203679451208746,100.0
1240,0,26.360507823237135,26.360507823237135,100.0
1240,1,39.53407427173649,39.53407427173649,100.0
1240,2,34.105417905026385,34.105417905026385,100.0
1250,0,25.557209085621096,25.557209085621096,100.0
1250,1,41.607725766454436,41.607725766454436,100.0
1250,2,32.83506514792447,32.83506514792447,100.0
1260,0,31.46571665332163,31.46571665332163,100.0
1260,1,30.032887126687974,30.032887126687974,100.0
1260,2,38.501396219990404,38.501396219990404,100.0
1270,0,46.09718132815556,46.09718132815556,100.0
1270,1,29.913458666311556,29.913458666311556,100.0
1270,2,23.989360005532884,23.989360005532884,100.0
1280,0,33.384069792368464,33.384069792368464,100.0
1280,1,44.54186487341141,44.54186487341141,100.0
1280,2,22.07406533422013,22.07406533422013,100.0
1290,0,33.84132817577027,33.84132817577027,100.0
1290,1,27.069902079723775,27.069902079723775,100.0
1290,2,39.08876974450596,39.08876974450596,100.0
1300,0,28.451465271199204,28.451465271199204,100.0
1300,1,26.812180187230318,26.812180187230318,100.0
1300,2,44.73635454157049,44.73635454157049,100.0
1310,0,31.58072797269238,31.58072797269238,100.0
1310,1,41.1959368921964,41.1959368921964,100.0
1310,2,27.22333513511123,27.22333513511123,100.0
1320,0,33.57841095191135,33.57841095191135,100.0
1320,1,26.210509810365302,26.210509810365302,100.0
1320,2,40.21107923772335,40.21107923772335,100.0
1330,0,22.836651641856946,22.836651641856946,100.0
1330,1,33.70236620711996,33.70236620711996,100.0
1330,2,43.460982151023096,43.460982151023096,100.0
1340,0,39.0061514295589,39.0061514295589,100.0
1340,1,28.040171672472614,28.040171672472614,100.0
1340,2,32.9536768979685,32.9536768979685,100.0
1350,0,30.33259337521556,30.33259337521556,100.0
1350,1,31.976558970507725,31.976558970507725,100.0
1350,2,37.690847654276716,37.690847654276716,100.0
1360,0,38.561697777027746,38.561697777027746,100.0
1360,1,30.144889803951923,30.144889803951923,100.0
1360,2,31.293412419020335,31.293412419020335,100.0
1370,0,24.663661495255003,24.663661495255003,100.0
1370,1,35.23549022432152,35.23549022432152,100.0
1370,2,40.100848280423484,40.100848280423484,100.0
1380,0,33.021932080901614,33.021932080901614,100.0
1380,1,36.04765232060922,36.04765232060922,100.0
1380,2,30.93041559848917,30.93041559848917,100.0
1390,0,32.34385428271538,32.34385428271538,100.0
1390,1,36.75457059848761,36.75457059848761,100.0
1390,2,30.901575118797002,30.901575118797002,100.0
1400,0,23.354453845992207,23.354453845992207,100.0
1400,1,43.8885540981225,43.8885540981225,100.0
1400,2,32.75699205588529,32.75699205588529,100.0
1410,0,23.550253707524316,23.550253707524316,100.0
1410,1,29.27204543097201,29.27204543097201,100.0
1410,2,47.17770086150368,47.17770086150368,100.0
1420,0,48.472456450454146,48.472456450454146,100.0
1420,1,25.817902925631348,25.817902925631348,100.0
1420,2,25.7096406239145,25.7096406239145,100.0
1430,0,32.361534370310885,32.361534370310885,100.0
1430,1,32.52487965158923,32.52487965158923,100.0
1430,2,35.113585978099884,35.113585978099884,100.0
1440,0,29.894209001582333,29.894209001582333,100.0
1440,1,38.28349737254687,38.28349737254687,100.0
1440,2,31.822293625870806,31.822293625870806,100.0
1450,0,29.89215959625369,29.89215959625369,100.0
1450,1,50.69346153665497,50.69346153665497,100.0
1450,2,19.41437886709134,19.41437886709134,100.0
1460,0,29.788073539868293,29.788073539868293,100.0
1460,1,44.38048413317314,44.38048413317314,100.0
1460,2,25.83144232695857,25.83144232695857,100.0
1470,0,26.113166594803577,26.113166594803577,100.0
1470,1,45.95652980257958,45.95652980257958,100.0
1470,2,27.930303602616853,27.930303602616853,100.0
1480,0,36.39388597696119,36.39388597696119,100.0
1480,1,27.757532443999565,27.757532443999565,100.0
1480,2,35.84858157903925,35.84858157903925,100.0
1490,0,24.600210358776852,24.600210358776852,100.0
1490,1,41.41188086172068,41.41188086172068,100.0
1490,2,33.98790877950246,33.98790877950246,100.0
1500,0,48.899819023439775,48.899819023439775,100.0
1500,1,32.314310708957855,32.314310708957855,100.0
1500,2,18.785870267602377,18.785870267602377,100.0
