timestamp,sliceId,dedicatedPRB,minPRB,maxPRB
510,0,33.20844733687671,33.20844733687671,100.0
510,1,41.81151635587932,41.81151635587932,100.0
510,2,24.98003630724398,24.98003630724398,100.0
520,0,29.532686501243365,29.532686501243365,100.0
520,1,26.271213566337643,26.271213566337643,100.0
520,2,44.196099932418996,44.196099932418996,100.0
530,0,24.01769306101018,24.01769306101018,100.0
530,1,31.43841722352584,31.43841722352584,100.0
530,2,44.54388971546398,44.54388971546398,100.0
540,0,31.563380001836745,31.563380001836745,100.0
540,1,25.783697509863117,25.783697509863117,100.0
540,2,42.652922488300135,42.652922488300135,100.0
550,0,35.00111291204954,35.00111291204954,100.0
550,1,26.798284331178085,26.798284331178085,100.0
550,2,38.200602756772376,38.200602756772376,100.0
