timestamp,sliceId,dedicatedPRB,minPRB,maxPRB
510,0,40.08269171921135,40.08269171921135,100.0
510,1,41.236631660207934,41.236631660207934,100.0
510,2,18.680676620580716,18.680676620580716,100.0
520,0,22.826943889406756,22.826943889406756,100.0
520,1,47.802044436647485,47.802044436647485,100.0
520,2,29.37101167394576,29.37101167394576,100.0
530,0,28.09979857134871,28.09979857134871,100.0
530,1,35.3307968610724,35.3307968610724,100.0
530,2,36.569404567578886,36.569404567578886,100.0
540,0,30.4209932364761,30.4209932364761,100.0
540,1,32.6457897193536,32.6457897193536,100.0
540,2,36.9332170441703,36.9332170441703,100.0
550,0,29.93472511141761,29.93472511141761,100.0
550,1,39.93304887439978,39.93304887439978,100.0
550,2,30.132226014182617,30.132226014182617,100.0
560,0,31.773453556610214,31.773453556610214,100.0
560,1,43.81221840572178,43.81221840572178,100.0
560,2,24.414328037668007,24.414328037668007,100.0
570,0,28.523130973020542,28.523130973020542,100.0
570,1,33.934300893448636,33.934300893448636,100.0
570,2,37.542568133530814,37.542568133530814,100.0
580,0,43.803370009261215,43.803370009261215,100.0
580,1,33.33597553830194,33.33597553830194,100.0
580,2,22.86065445243685,22.86065445243685,100.0
590,0,23.03124018199421,23.03124018199421,100.0
590,1,52.36732071443135,52.36732071443135,100.0
590,2,24.601439103574442,24.601439103574442,100.0
600,0,25.943484177078385,25.943484177078385,100.0
600,1,47.372176002663785,47.372176002663785,100.0
600,2,26.68433982025783,26.68433982025783,100.0
610,0,31.755398835414518,31.755398835414518,100.0
610,1,44.72295603821814,44.72295603821814,100.0
610,2,23.521645126367346,23.521645126367346,100.0
620,0,34.845416247950574,34.845416247950574,100.0
620,1,39.80268920671177,39.80268920671177,100.0
620,2,25.351894545337668,25.351894545337668,100.0
630,0,35.07247060145781,35.07247060145781,100.0
630,1,40.25964833607898,40.25964833607898,100.0
630,2,24.66788106246322,24.66788106246322,100.0
640,0,38.06765055007949,38.06765055007949,100.0
640,1,37.44409623456981,37.44409623456981,100.0
640,2,24.488253215350696,24.488253215350696,100.0
650,0,31.7542981329905,31.7542981329905,100.0
650,1,25.926445692864693,25.926445692864693,100.0
650,2,42.31925617414481,42.31925617414481,100.0
660,0,44.3842438604121,44.3842438604121,100.0
660,1,29.364849293955693,29.364849293955693,100.0
660,2,26.250906845632212,26.250906845632212,100.0
670,0,38.10117240684458,38.10117240684458,100.0
670,1,32.606066342026494,32.606066342026494,100.0
670,2,29.29276125112892,29.29276125112892,100.0
680,0,43.3218945553798,43.3218945553798,100.0
680,1,29.367501330610786,29.367501330610786,100.0
680,2,27.310604114009422,27.310604114009422,100.0
690,0,31.98424611565192,31.98424611565192,100.0
690,1,35.69661010348415,35.69661010348415,100.0
690,2,32.31914378086393,32.31914378086393,100.0
700,0,37.95960307113677,37.95960307113677,100.0
700,1,33.869353787569345,33.869353787569345,100.0
700,2,28.1710431412939,28.1710431412939,100.0
710,0,44.91313618180093,44.91313618180093,100.0
710,1,26.350967123387463,26.350967123387463,100.0
710,2,28.735896694811608,28.735896694811608,100.0
720,0,33.53911130221089,33.53911130221089,100.0
720,1,24.86135954869693,24.86135954869693,100.0
720,2,41.59952914909218,41.59952914909218,100.0
730,0,53.2315341683815,53.2315341683815,100.0
730,1,26.36053745101119,26.36053745101119,100.0
730,2,20.40792838060731,20.40792838060731,100.0
740,0,37.8336552076413,37.8336552076413,100.0
740,1,38.193032289062096,38.193032289062096,100.0
740,2,23.973312503296608,23.973312503296608,100.0
750,0,51.01146908875601,51.01146908875601,100.0
750,1,26.10252819480926,26.10252819480926,100.0
750,2,22.886002716434735,22.886002716434735,100.0
760,0,39.661210767971994,39.661210767971994,100.0
760,1,37.082013105821375,37.082013105821375,100.0
760,2,23.256776126206624,23.256776126206624,100.0
770,0,23.882397213865637,23.882397213865637,100.0
770,1,33.68262724841503,33.68262724841503,100.0
770,2,42.43497553771933,42.43497553771933,100.0
780,0,32.65590442574668,32.65590442574668,100.0
780,1,43.54553510956996,43.54553510956996,100.0
780,2,23.798560464683373,23.798560464683373,100.0
790,0,38.73798427676288,38.73798427676288,100.0
790,1,31.667299169108016,31.667299169108016,100.0
790,2,29.594716554129114,29.594716554129114,100.0
800,0,49.26493014201817,49.26493014201817,100.0
800,1,28.284605808834268,28.284605808834268,100.0
800,2,22.450464049147563,22.450464049147563,100.0
810,0,28.184976674685036,28.184976674685036,100.0
810,1,33.86185483712323,33.86185483712323,100.0
810,2,37.953168488191736,37.953168488191736,100.0
820,0,44.71077335148371,44.71077335148371,100.0
820,1,28.10766658430698,28.10766658430698,100.0
820,2,27.181560064209325,27.181560064209325,100.0
830,0,43.001383533909,43.001383533909,100.0
830,1,31.79156792292954,31.79156792292954,100.0
830,2,25.20704854316146,25.20704854316146,100.0
840,0,29.508886663550292,29.508886663550292,100.0
840,1,28.65481997626715,28.65481997626715,100.0
840,2,41.836293360182566,41.836293360182566,100.0
850,0,31.935446449325006,31.935446449325006,100.0
850,1,34.88844353790583,34.88844353790583,100.0
850,2,33.176110012769165,33.176110012769165,100.0
860,0,29.916207737970062,29.916207737970062,100.0
860,1,32.44205167342208,32.44205167342208,100.0
860,2,37.64174058860785,37.64174058860785,100.0
870,0,28.515704164455684,28.515704164455684,100.0
870,1,33.58108138682424,33.58108138682424,100.0
870,2,37.90321444872007,37.90321444872007,100.0
880,0,34.60358046932246,34.60358046932246,100.0
880,1,43.4459813689602,43.4459813689602,100.0
880,2,21.95043816171735,21.95043816171735,100.0
890,0,39.05729479987518,39.05729479987518,100.0
890,1,32.76481068601576,32.76481068601576,100.0
890,2,28.177894514109074,28.177894514109074,100.0
900,0,39.52047021157725,39.52047021157725,100.0
900,1,30.89049520206008,30.89049520206008,100.0
900,2,29.589034586362672,29.589034586362672,100.0
910,0,36.30423746034929,36.30423746034929,100.0
910,1,30.946724018223513,30.946724018223513,100.0
910,2,32.7490385214272,32.7490385214272,100.0
920,0,32.601476306876194,32.601476306876194,100.0
920,1,34.970588687381856,34.970588687381856,100.0
920,2,32.42793500574196,32.42793500574196,100.0
930,0,29.3342274718017,29.3342274718017,100.0
930,1,29.372402688625215,29.372402688625215,100.0
930,2,41.29336983957309,41.29336983957309,100.0
940,0,38.785001338757255,38.785001338757255,100.0
940,1,31.86634775088567,31.86634775088567,100.0
940,2,29.348650910357083,29.348650910357083,100.0
950,0,28.93725370556911,28.93725370556911,100.0
950,1,36.71736920977363,36.71736920977363,100.0
950,2,34.34537708465726,34.34537708465726,100.0
960,0,28.243319515577458,28.243319515577458,100.0
960,1,40.34844606511422,40.34844606511422,100.0
960,2,31.40823441930832,31.40823441930832,100.0
970,0,29.98505240377459,29.98505240377459,100.0
970,1,42.75131438290529,42.75131438290529,100.0
970,2,27.263633213320126,27.263633213320126,100.0
980,0,33.787825493746666,33.787825493746666,100.0
980,1,42.23721306052523,42.23721306052523,100.0
980,2,23.97496144572812,23.97496144572812,100.0
990,0,39.216034511840384,39.216034511840384,100.0
990,1,38.76577538182151,38.76577538182151,100.0
990,2,22.018190106338107,22.018190106338107,100.0
1000,0,32.48786285048549,32.48786285048549,100.0
1000,1,38.76701297912785,38.76701297912785,100.0
1000,2,28.74512417038666,28.74512417038666,100.0
1010,0,39.02768252697325,39.02768252697325,100.0
1010,1,28.148697671082363,28.148697671082363,100.0
1010,2,32.82361980194439,32.82361980194439,100.0
1020,0,39.994193501809555,39.994193501809555,100.0
1020,1,32.610119948591546,32.610119948591546,100.0
1020,2,27.395686549598913,27.395686549598913,100.0
1030,0,31.636742281368175,31.636742281368175,100.0
1030,1,39.02143541645132,39.02143541645132,100.0
1030,2,29.341822302180514,29.341822302180514,100.0
1040,0,45.02898367022451,45.02898367022451,100.0
1040,1,25.40420228235985,25.40420228235985,100.0
1040,2,29.566814047415647,29.566814047415647,100.0
1050,0,39.91491946952145,39.91491946952145,100.0
1050,1,33.004016172916764,33.004016172916764,100.0
1050,2,27.08106435756179,27.08106435756179,100.0
1060,0,41.197636201188296,41.197636201188296,100.0
1060,1,37.23526218093611,37.23526218093611,100.0
1060,2,21.5671016178756,21.5671016178756,100.0
1070,0,35.25791094821559,35.25791094821559,100.0
1070,1,34.241593933043646,34.241593933043646,100.0
1070,2,30.500495118740766,30.500495118740766,100.0
1080,0,38.19820339293855,38.19820339293855,100.0
1080,1,35.772378220532964,35.772378220532964,100.0
1080,2,26.029418386528498,26.029418386528498,100.0
1090,0,32.80789793866371,32.80789793866371,100.0
1090,1,32.298264906698925,32.298264906698925,100.0
1090,2,34.89383715463737,34.89383715463737,100.0
1100,0,42.24362938997363,42.24362938997363,100.0
1100,1,27.306246193688217,27.306246193688217,100.0
1100,2,30.45012441633816,30.45012441633816,100.0
1110,0,36.52646837686378,36.52646837686378,100.0
1110,1,43.8097955550227,43.8097955550227,100.0
1110,2,19.663736068113522,19.663736068113522,100.0
1120,0,27.73317473111756,27.73317473111756,100.0
1120,1,45.774021671976406,45.774021671976406,100.0
1120,2,26.492803596906032,26.492803596906032,100.0
1130,0,29.725905575337652,29.725905575337652,100.0
1130,1,41.97583033626824,41.97583033626824,100.0
1130,2,28.298264088394102,28.298264088394102,100.0
1140,0,46.82996233113573,46.82996233113573,100.0
1140,1,32.25611217147175,32.25611217147175,100.0
1140,2,20.913925497392515,20.913925497392515,100.0
1150,0,40.49326369400317,40.49326369400317,100.0
1150,1,35.97265387909706,35.97265387909706,100.0
1150,2,23.534082426899772,23.534082426899772,100.0
1160,0,29.97844833416939,29.97844833416939,100.0
1160,1,29.606975499694787,29.606975499694787,100.0
1160,2,40.41457616613584,40.41457616613584,100.0
1170,0,28.379748667569256,28.379748667569256,100.0
1170,1,34.09721192684267,34.09721192684267,100.0
1170,2,37.52303940558808,37.52303940558808,100.0
1180,0,25.72096325485818,25.72096325485818,100.0
1180,1,48.73607856821551,48.73607856821551,100.0
1180,2,25.542958176926312,25.542958176926312,100.0
1190,0,29.9859396800086,29.9859396800086,100.0
1190,1,45.1954153431581,45.1954153431581,100.0
1190,2,24.818644976833298,24.818644976833298,100.0
1200,0,34.04611554069041,34.04611554069041,100.0
1200,1,34.62475495026488,34.62475495026488,100.0
1200,2,31.329129509044712,31.329129509044712,100.0
1210,0,27.767330439545578,27.767330439545578,100.0
1210,1,40.45457757108921,40.45457757108921,100.0
1210,2,31.77809198936521,31.77809198936521,100.0
1220,0,23.621605577858677,23.621605577858677,100.0
1220,1,32.01030912386473,32.01030912386473,100.0
1220,2,44.36808529827658,44.36808529827658,100.0
1230,0,26.45943371264387,26.45943371264387,100.0
1230,1,31.406880162492463,31.406880162492463,100.0
1230,2,42.133686124863665,42.133686124863665,100.0
1240,0,29.591947498662698,29.591947498662698,100.0
1240,1,33.20500327755793,33.20500327755793,100.0
1240,2,37.203049223779374,37.203049223779374,100.0
1250,0,35.92501406079207,35.92501406079207,100.0
1250,1,27.424968698037876,27.424968698037876,100.0
1250,2,36.650017241170055,36.650017241170055,100.0
1260,0,34.165200165980615,34.165200165980615,100.0
1260,1,30.593480970376675,30.593480970376675,100.0
1260,2,35.24131886364271,35.24131886364271,100.0
1270,0,37.27580214063796,37.27580214063796,100.0
1270,1,35.479567266737824,35.479567266737824,100.0
1270,2,27.24463059262422,27.24463059262422,100.0
1280,0,22.842975098822,22.842975098822,100.0
1280,1,49.07460870226614,49.07460870226614,100.0
1280,2,28.08241619891187,28.08241619891187,100.0
1290,0,23.360873724898347,23.360873724898347,100.0
1290,1,37.421632786462474,37.421632786462474,100.0
1290,2,39.217493488639185,39.217493488639185,100.0
1300,0,23.26638790628272,23.26638790628272,100.0
1300,1,40.8090820952866,40.8090820952866,100.0
1300,2,35.924529998430685,35.924529998430685,100.0
1310,0,28.743866843538918,28.743866843538918,100.0
1310,1,41.92291184136469,41.92291184136469,100.0
1310,2,29.333221315096402,29.333221315096402,100.0
1320,0,38.359297514930105,38.359297514930105,100.0
1320,1,41.66036777122349,41.66036777122349,100.0
1320,2,19.98033471384641,19.98033471384641,100.0
1330,0,25.56362328369709,25.56362328369709,100.0
1330,1,49.9815179518229,49.9815179518229,100.0
1330,2,24.45485876448001,24.45485876448001,100.0
1340,0,37.213430975045746,37.213430975045746,100.0
1340,1,36.07058150250282,36.07058150250282,100.0
1340,2,26.715987522451435,26.715987522451435,100.0
1350,0,32.736540659964945,32.736540659964945,100.0
1350,1,44.40935436104491,44.40935436104491,100.0
1350,2,22.854104978990154,22.854104978990154,100.0
1360,0,22.22632236439406,22.22632236439406,100.0
1360,1,28.84397276396648,28.84397276396648,100.0
1360,2,48.92970487163946,48.92970487163946,100.0
1370,0,39.48173182200576,39.48173182200576,100.0
1370,1,36.60839763721239,36.60839763721239,100.0
1370,2,23.90987054078185,23.90987054078185,100.0
1380,0,30.26927339813352,30.26927339813352,100.0
1380,1,31.71101207129675,31.71101207129675,100.0
1380,2,38.01971453056973,38.01971453056973,100.0
1390,0,23.938645041592434,23.938645041592434,100.0
1390,1,54.01227150742913,54.01227150742913,100.0
1390,2,22.04908345097843,22.04908345097843,100.0
1400,0,29.93353511497412,29.93353511497412,100.0
1400,1,41.049380647134036,41.049380647134036,100.0
1400,2,29.017084237891844,29.017084237891844,100.0
1410,0,32.87158573044693,32.87158573044693,100.0
1410,1,43.21477573112287,43.21477573112287,100.0
1410,2,23.913638538430206,23.913638538430206,100.0
1420,0,31.192479902995686,31.192479902995686,100.0
1420,1,47.189293557290306,47.189293557290306,100.0
1420,2,21.61822653971401,21.61822653971401,100.0
1430,0,38.103734773463046,38.103734773463046,100.0
1430,1,28.293111295151874,28.293111295151874,100.0
1430,2,33.60315393138508,33.60315393138508,100.0
1440,0,31.855666395397076,31.855666395397076,100.0
1440,1,44.12046982922279,44.12046982922279,100.0
1440,2,24.023863775380132,24.023863775380132,100.0
1450,0,26.699858568547175,26.699858568547175,100.0
1450,1,52.26762656003684,52.26762656003684,100.0
1450,2,21.03251487141599,21.03251487141599,100.0
1460,0,31.936050057122667,31.936050057122667,100.0
1460,1,30.21075654713349,30.21075654713349,100.0
1460,2,37.85319339574385,37.85319339574385,100.0
1470,0,34.578131024625435,34.578131024625435,100.0
1470,1,34.64944743873537,34.64944743873537,100.0
1470,2,30.772421536639193,30.772421536639193,100.0
1480,0,26.92896947378412,26.92896947378412,100.0
1480,1,33.740306503909736,33.740306503909736,100.0
1480,2,39.33072402230615,39.33072402230615,100.0
1490,0,29.026134140738126,29.026134140738126,100.0
1490,1,39.394186466562886,39.394186466562886,100.0
1490,2,31.57967939269899,31.57967939269899,100.0
1500,0,35.3520970920977,35.3520970920977,100.0
1500,1,29.521102705049714,29.521102705049714,100.0
1500,2,35.126800202852586,35.126800202852586,100.0
