timestamp,ueImsi,sliceId,dTxBytes,dRxBytes,plr,resourceSharePct,dLostPackets,throughputMbps,bufferBytes
580,1,0,25976,4584,82.35,41.66,14,3.6672,171618
580,2,0,25976,4584,82.35,41.66,14,3.6672,171622
580,3,0,25976,4584,82.35,41.66,14,3.6672,171630
580,4,0,25976,4584,82.35,41.66,14,3.6672,171538
580,5,0,25976,4584,82.35,41.66,14,3.6672,171528
580,6,1,390,390,0.00,25.00,0,0.3120,87
580,7,1,390,390,0.00,25.00,0,0.3120,87
580,8,1,390,390,0.00,25.00,0,0.3120,87
580,9,1,390,390,0.00,25.00,0,0.3120,87
580,10,1,390,390,0.00,25.00,0,0.3120,87
580,11,2,16000,2048,87.20,33.33,109,1.6384,115023
580,12,2,16000,2048,87.20,33.33,109,1.6384,115033
580,13,2,16000,1920,88.00,33.33,110,1.5360,115048
580,14,2,16000,2048,87.20,33.33,109,1.6384,114998
580,15,2,16000,2176,86.40,33.33,108,1.7408,115002
580,16,2,16000,1920,88.00,33.33,110,1.5360,115000
580,17,2,16000,1920,88.00,33.33,110,1.5360,114965
580,18,2,16000,1920,88.00,33.33,110,1.5360,115051
580,19,2,16000,2048,87.20,33.33,109,1.6384,114972
580,20,2,16000,2048,87.20,33.33,109,1.6384,114990
