callId,timeMs,scenario,slot,bwpId,beamId,sliceId,rnti,bufQueueSize,dlTbSizeBefore,hasDemand,demandPassed,rbgAllocated,uniqueRbgs,tbSizeBytes,mcs,rank,numRbPerRbg,reason
1,502,congestion,0,0,65535_65535,0,5,1537,0,0,1,0,0,0,15,1,1,pre_allocation
1,502,congestion,0,0,65535_65535,0,5,1537,35,1,1,1,1,35,15,1,1,allocated
1,502,congestion,0,0,65535_65535,0,4,1537,0,0,1,0,0,0,15,1,1,pre_allocation
1,502,congestion,0,0,65535_65535,0,4,1537,35,1,1,1,1,35,15,1,1,allocated
1,502,congestion,0,0,65535_65535,0,3,1537,0,0,1,0,0,0,15,1,1,pre_allocation
1,502,congestion,0,0,65535_65535,0,3,1537,35,1,1,1,1,35,15,1,1,allocated
1,502,congestion,0,0,65535_65535,0,2,1537,0,0,1,0,0,0,15,1,1,pre_allocation
1,502,congestion,0,0,65535_65535,0,2,1537,35,1,1,1,1,35,15,1,1,allocated
1,502,congestion,0,0,65535_65535,0,1,1537,0,0,1,0,0,0,15,1,1,pre_allocation
1,502,congestion,0,0,65535_65535,0,1,1537,35,1,1,1,1,35,15,1,1,allocated
1,502,congestion,0,0,65535_65535,0,5,1537,35,0,1,0,1,0,15,1,1,pre_allocation
1,502,congestion,0,0,65535_65535,0,5,1537,74,1,1,1,2,74,15,1,1,allocated
1,502,congestion,0,0,65535_65535,0,4,1537,35,0,1,0,1,0,15,1,1,pre_allocation
1,502,congestion,0,0,65535_65535,0,4,1537,74,1,1,1,2,74,15,1,1,allocated
1,502,congestion,0,0,65535_65535,0,3,1537,35,0,1,0,1,0,15,1,1,pre_allocation
1,502,congestion,0,0,65535_65535,0,3,1537,74,1,1,1,2,74,15,1,1,allocated
1,502,congestion,0,0,65535_65535,0,2,1537,35,0,1,0,1,0,15,1,1,pre_allocation
1,502,congestion,0,0,65535_65535,0,2,1537,74,1,1,1,2,74,15,1,1,allocated
1,502,congestion,0,0,65535_65535,0,1,1537,35,0,1,0,1,0,15,1,1,pre_allocation
1,502,congestion,0,0,65535_65535,0,1,1537,74,1,1,1,2,74,15,1,1,allocated
1,502,congestion,0,0,65535_65535,0,5,1537,74,0,1,0,2,0,15,1,1,pre_allocation
1,502,congestion,0,0,65535_65535,0,5,1537,112,1,1,1,3,112,15,1,1,allocated
1,502,congestion,0,0,65535_65535,0,4,1537,74,0,1,0,2,0,15,1,1,pre_allocation
1,502,congestion,0,0,65535_65535,0,4,1537,112,1,1,1,3,112,15,1,1,allocated
1,502,congestion,0,0,65535_65535,0,3,1537,74,0,1,0,2,0,15,1,1,pre_allocation
1,502,congestion,0,0,65535_65535,0,3,1537,112,1,1,1,3,112,15,1,1,allocated
1,502,congestion,0,0,65535_65535,0,2,1537,74,0,1,0,2,0,15,1,1,pre_allocation
1,502,congestion,0,0,65535_65535,0,2,1537,112,1,1,1,3,112,15,1,1,allocated
1,502,congestion,0,0,65535_65535,0,1,1537,74,0,1,0,2,0,15,1,1,pre_allocation
1,502,congestion,0,0,65535_65535,0,1,1537,112,1,1,1,3,112,15,1,1,allocated
1,502,congestion,0,0,65535_65535,0,5,1537,112,0,1,0,3,0,15,1,1,pre_allocation
1,502,congestion,0,0,65535_65535,0,5,1537,151,1,1,1,4,151,15,1,1,allocated
1,502,congestion,0,0,65535_65535,0,4,1537,112,0,1,0,3,0,15,1,1,pre_allocation
1,502,congestion,0,0,65535_65535,0,4,1537,151,1,1,1,4,151,15,1,1,allocated
1,502,congestion,0,0,65535_65535,0,3,1537,112,0,1,0,3,0,15,1,1,pre_allocation
1,502,congestion,0,0,65535_65535,0,3,1537,151,1,1,1,4,151,15,1,1,allocated
1,502,congestion,0,0,65535_65535,0,2,1537,112,0,1,0,3,0,15,1,1,pre_allocation
1,502,congestion,0,0,65535_65535,0,2,1537,151,1,1,1,4,151,15,1,1,allocated
1,502,congestion,0,0,65535_65535,0,1,1537,112,0,1,0,3,0,15,1,1,pre_allocation
1,502,congestion,0,0,65535_65535,0,1,1537,151,1,1,1,4,151,15,1,1,allocated
1,502,congestion,0,0,65535_65535,0,5,1537,151,0,1,0,4,0,15,1,1,pre_allocation
1,502,congestion,0,0,65535_65535,0,5,1537,190,1,1,1,5,190,15,1,1,allocated
1,502,congestion,0,0,65535_65535,0,4,1537,151,0,1,0,4,0,15,1,1,pre_allocation
1,502,congestion,0,0,65535_65535,0,4,1537,190,1,1,1,5,190,15,1,1,allocated
1,502,congestion,0,0,65535_65535,0,3,1537,151,0,1,0,4,0,15,1,1,pre_allocation
1,502,congestion,0,0,65535_65535,0,3,1537,190,1,1,1,5,190,15,1,1,allocated
1,502,congestion,0,0,65535_65535,0,2,1537,151,0,1,0,4,0,15,1,1,pre_allocation
1,502,congestion,0,0,65535_65535,0,2,1537,190,1,1,1,5,190,15,1,1,allocated
1,502,congestion,0,0,65535_65535,0,1,1537,151,0,1,0,4,0,15,1,1,pre_allocation
1,502,congestion,0,0,65535_65535,0,1,1537,190,1,1,1,5,190,15,1,1,allocated
1,502,congestion,0,0,65535_65535,0,5,1537,190,0,1,0,5,0,15,1,1,pre_allocation
1,502,congestion,0,0,65535_65535,0,5,1537,228,1,1,1,6,228,15,1,1,allocated
1,502,congestion,0,0,65535_65535,0,4,1537,190,0,1,0,5,0,15,1,1,pre_allocation
1,502,congestion,0,0,65535_65535,0,4,1537,228,1,1,1,6,228,15,1,1,allocated
1,502,congestion,0,0,65535_65535,0,3,1537,190,0,1,0,5,0,15,1,1,pre_allocation
1,502,congestion,0,0,65535_65535,0,3,1537,228,1,1,1,6,228,15,1,1,allocated
1,502,congestion,0,0,65535_65535,0,2,1537,190,0,1,0,5,0,15,1,1,pre_allocation
1,502,congestion,0,0,65535_65535,0,2,1537,228,1,1,1,6,228,15,1,1,allocated
1,502,congestion,0,0,65535_65535,2,44,1589,0,0,1,0,0,0,15,1,1,pre_allocation
1,502,congestion,0,0,65535_65535,2,44,1589,35,1,1,1,1,35,15,1,1,allocated
1,502,congestion,0,0,65535_65535,2,43,1589,0,0,1,0,0,0,15,1,1,pre_allocation
1,502,congestion,0,0,65535_65535,2,43,1589,35,1,1,1,1,35,15,1,1,allocated
1,502,congestion,0,0,65535_65535,2,40,1589,0,0,1,0,0,0,15,1,1,pre_allocation
1,502,congestion,0,0,65535_65535,2,40,1589,35,1,1,1,1,35,15,1,1,allocated
1,502,congestion,0,0,65535_65535,2,39,1589,0,0,1,0,0,0,15,1,1,pre_allocation
1,502,congestion,0,0,65535_65535,2,39,1589,35,1,1,1,1,35,15,1,1,allocated
1,502,congestion,0,0,65535_65535,2,38,1589,0,0,1,0,0,0,15,1,1,pre_allocation
1,502,congestion,0,0,65535_65535,2,38,1589,35,1,1,1,1,35,15,1,1,allocated
1,502,congestion,0,0,65535_65535,2,37,1589,0,0,1,0,0,0,15,1,1,pre_allocation
1,502,congestion,0,0,65535_65535,2,37,1589,35,1,1,1,1,35,15,1,1,allocated
1,502,congestion,0,0,65535_65535,2,36,1589,0,0,1,0,0,0,15,1,1,pre_allocation
1,502,congestion,0,0,65535_65535,2,36,1589,35,1,1,1,1,35,15,1,1,allocated
1,502,congestion,0,0,65535_65535,2,35,1589,0,0,1,0,0,0,15,1,1,pre_allocation
1,502,congestion,0,0,65535_65535,2,35,1589,35,1,1,1,1,35,15,1,1,allocated
1,502,congestion,0,0,65535_65535,2,25,1589,0,0,1,0,0,0,15,1,1,pre_allocation
1,502,congestion,0,0,65535_65535,2,25,1589,35,1,1,1,1,35,15,1,1,allocated
1,502,congestion,0,0,65535_65535,2,26,1589,0,0,1,0,0,0,15,1,1,pre_allocation
1,502,congestion,0,0,65535_65535,2,26,1589,35,1,1,1,1,35,15,1,1,allocated
1,502,congestion,0,0,65535_65535,2,44,1589,35,0,1,0,1,0,15,1,1,pre_allocation
1,502,congestion,0,0,65535_65535,2,44,1589,74,1,1,1,2,74,15,1,1,allocated
1,502,congestion,0,0,65535_65535,2,43,1589,35,0,1,0,1,0,15,1,1,pre_allocation
1,502,congestion,0,0,65535_65535,2,43,1589,74,1,1,1,2,74,15,1,1,allocated
1,502,congestion,0,0,65535_65535,2,40,1589,35,0,1,0,1,0,15,1,1,pre_allocation
1,502,congestion,0,0,65535_65535,2,40,1589,74,1,1,1,2,74,15,1,1,allocated
1,502,congestion,0,0,65535_65535,2,39,1589,35,0,1,0,1,0,15,1,1,pre_allocation
1,502,congestion,0,0,65535_65535,2,39,1589,74,1,1,1,2,74,15,1,1,allocated
1,502,congestion,0,0,65535_65535,2,38,1589,35,0,1,0,1,0,15,1,1,pre_allocation
1,502,congestion,0,0,65535_65535,2,38,1589,74,1,1,1,2,74,15,1,1,allocated
1,502,congestion,0,0,65535_65535,2,37,1589,35,0,1,0,1,0,15,1,1,pre_allocation
1,502,congestion,0,0,65535_65535,2,37,1589,74,1,1,1,2,74,15,1,1,allocated
1,502,congestion,0,0,65535_65535,2,36,1589,35,0,1,0,1,0,15,1,1,pre_allocation
1,502,congestion,0,0,65535_65535,2,36,1589,74,1,1,1,2,74,15,1,1,allocated
1,502,congestion,0,0,65535_65535,2,35,1589,35,0,1,0,1,0,15,1,1,pre_allocation
1,502,congestion,0,0,65535_65535,2,35,1589,74,1,1,1,2,74,15,1,1,allocated
1,502,congestion,0,0,65535_65535,2,25,1589,35,0,1,0,1,0,15,1,1,pre_allocation
1,502,congestion,0,0,65535_65535,2,25,1589,74,1,1,1,2,74,15,1,1,allocated
1,502,congestion,0,0,65535_65535,2,26,1589,35,0,1,0,1,0,15,1,1,pre_allocation
1,502,congestion,0,0,65535_65535,2,26,1589,74,1,1,1,2,74,15,1,1,allocated
1,502,congestion,0,0,65535_65535,2,44,1589,74,0,1,0,2,0,15,1,1,pre_allocation
1,502,congestion,0,0,65535_65535,2,44,1589,112,1,1,1,3,112,15,1,1,allocated
1,502,congestion,0,0,65535_65535,2,43,1589,74,0,1,0,2,0,15,1,1,pre_allocation
1,502,congestion,0,0,65535_65535,2,43,1589,112,1,1,1,3,112,15,1,1,allocated
1,502,congestion,0,0,65535_65535,2,40,1589,74,0,1,0,2,0,15,1,1,pre_allocation
1,502,congestion,0,0,65535_65535,2,40,1589,112,1,1,1,3,112,15,1,1,allocated
1,502,congestion,0,0,65535_65535,2,39,1589,74,0,1,0,2,0,15,1,1,pre_allocation
1,502,congestion,0,0,65535_65535,2,39,1589,112,1,1,1,3,112,15,1,1,allocated
56,600,congestion,0,0,65535_65535,0,1,229479,0,0,1,0,0,0,28,1,1,pre_allocation
56,600,congestion,0,0,65535_65535,0,1,229479,95,1,1,1,1,95,28,1,1,allocated
56,600,congestion,0,0,65535_65535,0,3,229383,0,0,1,0,0,0,28,1,1,pre_allocation
56,600,congestion,0,0,65535_65535,0,3,229383,95,1,1,1,1,95,28,1,1,allocated
56,600,congestion,0,0,65535_65535,0,4,229376,0,0,1,0,0,0,28,1,1,pre_allocation
56,600,congestion,0,0,65535_65535,0,4,229376,95,1,1,1,1,95,28,1,1,allocated
56,600,congestion,0,0,65535_65535,0,5,229370,0,0,1,0,0,0,28,1,1,pre_allocation
56,600,congestion,0,0,65535_65535,0,5,229370,95,1,1,1,1,95,28,1,1,allocated
56,600,congestion,0,0,65535_65535,0,2,229372,0,0,1,0,0,0,28,1,1,pre_allocation
56,600,congestion,0,0,65535_65535,0,2,229372,95,1,1,1,1,95,28,1,1,allocated
56,600,congestion,0,0,65535_65535,0,1,229479,95,0,1,0,1,0,28,1,1,pre_allocation
56,600,congestion,0,0,65535_65535,0,1,229479,194,1,1,1,2,194,28,1,1,allocated
56,600,congestion,0,0,65535_65535,0,3,229383,95,0,1,0,1,0,28,1,1,pre_allocation
56,600,congestion,0,0,65535_65535,0,3,229383,194,1,1,1,2,194,28,1,1,allocated
56,600,congestion,0,0,65535_65535,0,4,229376,95,0,1,0,1,0,28,1,1,pre_allocation
56,600,congestion,0,0,65535_65535,0,4,229376,194,1,1,1,2,194,28,1,1,allocated
56,600,congestion,0,0,65535_65535,0,5,229370,95,0,1,0,1,0,28,1,1,pre_allocation
56,600,congestion,0,0,65535_65535,0,5,229370,194,1,1,1,2,194,28,1,1,allocated
56,600,congestion,0,0,65535_65535,0,2,229372,95,0,1,0,1,0,28,1,1,pre_allocation
56,600,congestion,0,0,65535_65535,0,2,229372,194,1,1,1,2,194,28,1,1,allocated
56,600,congestion,0,0,65535_65535,0,1,229479,194,0,1,0,2,0,28,1,1,pre_allocation
56,600,congestion,0,0,65535_65535,0,1,229479,293,1,1,1,3,293,28,1,1,allocated
56,600,congestion,0,0,65535_65535,0,3,229383,194,0,1,0,2,0,28,1,1,pre_allocation
56,600,congestion,0,0,65535_65535,0,3,229383,293,1,1,1,3,293,28,1,1,allocated
56,600,congestion,0,0,65535_65535,0,4,229376,194,0,1,0,2,0,28,1,1,pre_allocation
56,600,congestion,0,0,65535_65535,0,4,229376,293,1,1,1,3,293,28,1,1,allocated
56,600,congestion,0,0,65535_65535,0,5,229370,194,0,1,0,2,0,28,1,1,pre_allocation
56,600,congestion,0,0,65535_65535,0,5,229370,293,1,1,1,3,293,28,1,1,allocated
56,600,congestion,0,0,65535_65535,0,2,229372,194,0,1,0,2,0,28,1,1,pre_allocation
56,600,congestion,0,0,65535_65535,0,2,229372,293,1,1,1,3,293,28,1,1,allocated
56,600,congestion,0,0,65535_65535,0,1,229479,293,0,1,0,3,0,28,1,1,pre_allocation
56,600,congestion,0,0,65535_65535,0,1,229479,391,1,1,1,4,391,28,1,1,allocated
56,600,congestion,0,0,65535_65535,1,21,169,0,0,1,0,0,0,28,1,1,pre_allocation
56,600,congestion,0,0,65535_65535,1,21,169,95,1,1,1,1,95,28,1,1,allocated
56,600,congestion,0,0,65535_65535,1,22,169,0,0,1,0,0,0,28,1,1,pre_allocation
56,600,congestion,0,0,65535_65535,1,22,169,95,1,1,1,1,95,28,1,1,allocated
56,600,congestion,0,0,65535_65535,1,23,169,0,0,1,0,0,0,28,1,1,pre_allocation
56,600,congestion,0,0,65535_65535,1,23,169,95,1,1,1,1,95,28,1,1,allocated
56,600,congestion,0,0,65535_65535,1,24,169,0,0,1,0,0,0,28,1,1,pre_allocation
56,600,congestion,0,0,65535_65535,1,24,169,95,1,1,1,1,95,28,1,1,allocated
56,600,congestion,0,0,65535_65535,1,6,169,0,0,1,0,0,0,28,1,1,pre_allocation
56,600,congestion,0,0,65535_65535,1,6,169,95,1,1,1,1,95,28,1,1,allocated
56,600,congestion,0,0,65535_65535,1,21,169,95,0,1,0,1,0,28,1,1,pre_allocation
56,600,congestion,0,0,65535_65535,1,21,169,194,1,1,1,2,194,28,1,1,allocated
56,600,congestion,0,0,65535_65535,1,22,169,95,0,1,0,1,0,28,1,1,pre_allocation
56,600,congestion,0,0,65535_65535,1,22,169,194,1,1,1,2,194,28,1,1,allocated
56,600,congestion,0,0,65535_65535,1,23,169,95,0,1,0,1,0,28,1,1,pre_allocation
56,600,congestion,0,0,65535_65535,1,23,169,194,1,1,1,2,194,28,1,1,allocated
56,600,congestion,0,0,65535_65535,1,24,169,95,0,1,0,1,0,28,1,1,pre_allocation
56,600,congestion,0,0,65535_65535,1,24,169,194,1,1,1,2,194,28,1,1,allocated
56,600,congestion,0,0,65535_65535,1,6,169,95,0,1,0,1,0,28,1,1,pre_allocation
56,600,congestion,0,0,65535_65535,1,6,169,194,1,1,1,2,194,28,1,1,allocated
56,600,congestion,0,0,65535_65535,1,21,169,194,0,1,0,2,0,28,1,1,pre_allocation
56,600,congestion,0,0,65535_65535,1,21,169,293,1,1,1,3,293,28,1,1,allocated
56,600,congestion,0,0,65535_65535,1,22,169,194,0,1,0,2,0,28,1,1,pre_allocation
56,600,congestion,0,0,65535_65535,1,22,169,293,1,1,1,3,293,28,1,1,allocated
56,600,congestion,0,0,65535_65535,1,23,169,194,0,1,0,2,0,28,1,1,pre_allocation
56,600,congestion,0,0,65535_65535,1,23,169,293,1,1,1,3,293,28,1,1,allocated
56,600,congestion,0,0,65535_65535,1,24,169,194,0,1,0,2,0,28,1,1,pre_allocation
56,600,congestion,0,0,65535_65535,1,24,169,293,1,1,1,3,293,28,1,1,allocated
56,600,congestion,0,0,65535_65535,1,6,169,194,0,1,0,2,0,28,1,1,pre_allocation
56,600,congestion,0,0,65535_65535,1,6,169,293,1,1,1,3,293,28,1,1,allocated
56,600,congestion,0,0,65535_65535,1,21,169,293,0,1,0,3,0,28,1,1,pre_allocation
56,600,congestion,0,0,65535_65535,1,21,169,391,1,1,1,4,391,28,1,1,allocated
56,600,congestion,0,0,65535_65535,1,22,169,293,0,1,0,3,0,28,1,1,pre_allocation
56,600,congestion,0,0,65535_65535,1,22,169,391,1,1,1,4,391,28,1,1,allocated
56,600,congestion,0,0,65535_65535,1,23,169,293,0,1,0,3,0,28,1,1,pre_allocation
56,600,congestion,0,0,65535_65535,1,23,169,391,1,1,1,4,391,28,1,1,allocated
56,600,congestion,0,0,65535_65535,1,24,169,293,0,1,0,3,0,28,1,1,pre_allocation
56,600,congestion,0,0,65535_65535,1,24,169,391,1,1,1,4,391,28,1,1,allocated
56,600,congestion,0,0,65535_65535,1,6,169,293,0,1,0,3,0,28,1,1,pre_allocation
56,600,congestion,0,0,65535_65535,1,6,169,391,1,1,1,4,391,28,1,1,allocated
56,600,congestion,0,0,65535_65535,1,21,169,391,0,1,0,4,0,28,1,1,pre_allocation
56,600,congestion,0,0,65535_65535,1,21,169,490,1,1,1,5,490,28,1,1,allocated
56,600,congestion,0,0,65535_65535,1,22,169,391,0,1,0,4,0,28,1,1,pre_allocation
56,600,congestion,0,0,65535_65535,1,22,169,490,1,1,1,5,490,28,1,1,allocated
56,600,congestion,0,0,65535_65535,1,23,169,391,0,1,0,4,0,28,1,1,pre_allocation
56,600,congestion,0,0,65535_65535,1,23,169,490,1,1,1,5,490,28,1,1,allocated
56,600,congestion,0,0,65535_65535,1,24,169,391,0,1,0,4,0,28,1,1,pre_allocation
56,600,congestion,0,0,65535_65535,1,24,169,490,1,1,1,5,490,28,1,1,allocated
56,600,congestion,0,0,65535_65535,1,6,169,391,0,1,0,4,0,28,1,1,pre_allocation
56,600,congestion,0,0,65535_65535,1,6,169,490,1,1,1,5,490,28,1,1,allocated
56,600,congestion,0,0,65535_65535,1,21,169,490,0,1,0,5,0,28,1,1,pre_allocation
56,600,congestion,0,0,65535_65535,1,21,169,589,1,1,1,6,589,28,1,1,allocated
56,600,congestion,0,0,65535_65535,2,43,154685,0,0,1,0,0,0,28,1,1,pre_allocation
56,600,congestion,0,0,65535_65535,2,43,154685,95,1,1,1,1,95,28,1,1,allocated
56,600,congestion,0,0,65535_65535,2,36,154636,0,0,1,0,0,0,28,1,1,pre_allocation
56,600,congestion,0,0,65535_65535,2,36,154636,95,1,1,1,1,95,28,1,1,allocated
56,600,congestion,0,0,65535_65535,2,35,154627,0,0,1,0,0,0,28,1,1,pre_allocation
56,600,congestion,0,0,65535_65535,2,35,154627,95,1,1,1,1,95,28,1,1,allocated
56,600,congestion,0,0,65535_65535,2,25,154612,0,0,1,0,0,0,28,1,1,pre_allocation
56,600,congestion,0,0,65535_65535,2,25,154612,95,1,1,1,1,95,28,1,1,allocated
56,600,congestion,0,0,65535_65535,2,26,154627,0,0,1,0,0,0,28,1,1,pre_allocation
56,600,congestion,0,0,65535_65535,2,26,154627,95,1,1,1,1,95,28,1,1,allocated
56,600,congestion,0,0,65535_65535,2,40,154589,0,0,1,0,0,0,28,1,1,pre_allocation
56,600,congestion,0,0,65535_65535,2,40,154589,95,1,1,1,1,95,28,1,1,allocated
56,600,congestion,0,0,65535_65535,2,39,154603,0,0,1,0,0,0,28,1,1,pre_allocation
56,600,congestion,0,0,65535_65535,2,39,154603,95,1,1,1,1,95,28,1,1,allocated
56,600,congestion,0,0,65535_65535,2,38,154600,0,0,1,0,0,0,28,1,1,pre_allocation
56,600,congestion,0,0,65535_65535,2,38,154600,95,1,1,1,1,95,28,1,1,allocated
56,600,congestion,0,0,65535_65535,2,37,154597,0,0,1,0,0,0,28,1,1,pre_allocation
56,600,congestion,0,0,65535_65535,2,37,154597,95,1,1,1,1,95,28,1,1,allocated
56,600,congestion,0,0,65535_65535,2,44,154607,0,0,1,0,0,0,28,1,1,pre_allocation
56,600,congestion,0,0,65535_65535,2,44,154607,95,1,1,1,1,95,28,1,1,allocated
56,600,congestion,0,0,65535_65535,2,43,154685,95,0,1,0,1,0,28,1,1,pre_allocation
56,600,congestion,0,0,65535_65535,2,43,154685,194,1,1,1,2,194,28,1,1,allocated
110,698,congestion,0,0,65535_65535,0,1,459636,0,0,1,0,0,0,28,1,1,pre_allocation
110,698,congestion,0,0,65535_65535,0,1,459636,95,1,1,1,1,95,28,1,1,allocated
110,698,congestion,0,0,65535_65535,0,3,459526,0,0,1,0,0,0,28,1,1,pre_allocation
110,698,congestion,0,0,65535_65535,0,3,459526,95,1,1,1,1,95,28,1,1,allocated
110,698,congestion,0,0,65535_65535,0,4,459549,0,0,1,0,0,0,28,1,1,pre_allocation
110,698,congestion,0,0,65535_65535,0,4,459549,95,1,1,1,1,95,28,1,1,allocated
110,698,congestion,0,0,65535_65535,0,5,459527,0,0,1,0,0,0,28,1,1,pre_allocation
110,698,congestion,0,0,65535_65535,0,5,459527,95,1,1,1,1,95,28,1,1,allocated
110,698,congestion,0,0,65535_65535,0,2,459531,0,0,1,0,0,0,28,1,1,pre_allocation
110,698,congestion,0,0,65535_65535,0,2,459531,95,1,1,1,1,95,28,1,1,allocated
110,698,congestion,0,0,65535_65535,0,1,459636,95,0,1,0,1,0,28,1,1,pre_allocation
110,698,congestion,0,0,65535_65535,0,1,459636,194,1,1,1,2,194,28,1,1,allocated
110,698,congestion,0,0,65535_65535,0,3,459526,95,0,1,0,1,0,28,1,1,pre_allocation
110,698,congestion,0,0,65535_65535,0,3,459526,194,1,1,1,2,194,28,1,1,allocated
110,698,congestion,0,0,65535_65535,0,4,459549,95,0,1,0,1,0,28,1,1,pre_allocation
110,698,congestion,0,0,65535_65535,0,4,459549,194,1,1,1,2,194,28,1,1,allocated
110,698,congestion,0,0,65535_65535,0,5,459527,95,0,1,0,1,0,28,1,1,pre_allocation
110,698,congestion,0,0,65535_65535,0,5,459527,194,1,1,1,2,194,28,1,1,allocated
110,698,congestion,0,0,65535_65535,0,2,459531,95,0,1,0,1,0,28,1,1,pre_allocation
110,698,congestion,0,0,65535_65535,0,2,459531,194,1,1,1,2,194,28,1,1,allocated
110,698,congestion,0,0,65535_65535,0,1,459636,194,0,1,0,2,0,28,1,1,pre_allocation
110,698,congestion,0,0,65535_65535,0,1,459636,293,1,1,1,3,293,28,1,1,allocated
110,698,congestion,0,0,65535_65535,0,3,459526,194,0,1,0,2,0,28,1,1,pre_allocation
110,698,congestion,0,0,65535_65535,0,3,459526,293,1,1,1,3,293,28,1,1,allocated
110,698,congestion,0,0,65535_65535,0,4,459549,194,0,1,0,2,0,28,1,1,pre_allocation
110,698,congestion,0,0,65535_65535,0,4,459549,293,1,1,1,3,293,28,1,1,allocated
110,698,congestion,0,0,65535_65535,1,21,169,0,0,1,0,0,0,28,1,1,pre_allocation
110,698,congestion,0,0,65535_65535,1,21,169,95,1,1,1,1,95,28,1,1,allocated
110,698,congestion,0,0,65535_65535,1,22,169,0,0,1,0,0,0,28,1,1,pre_allocation
110,698,congestion,0,0,65535_65535,1,22,169,95,1,1,1,1,95,28,1,1,allocated
110,698,congestion,0,0,65535_65535,1,23,169,0,0,1,0,0,0,28,1,1,pre_allocation
110,698,congestion,0,0,65535_65535,1,23,169,95,1,1,1,1,95,28,1,1,allocated
110,698,congestion,0,0,65535_65535,1,24,169,0,0,1,0,0,0,28,1,1,pre_allocation
110,698,congestion,0,0,65535_65535,1,24,169,95,1,1,1,1,95,28,1,1,allocated
110,698,congestion,0,0,65535_65535,1,6,169,0,0,1,0,0,0,28,1,1,pre_allocation
110,698,congestion,0,0,65535_65535,1,6,169,95,1,1,1,1,95,28,1,1,allocated
110,698,congestion,0,0,65535_65535,1,21,169,95,0,1,0,1,0,28,1,1,pre_allocation
110,698,congestion,0,0,65535_65535,1,21,169,194,1,1,1,2,194,28,1,1,allocated
110,698,congestion,0,0,65535_65535,1,22,169,95,0,1,0,1,0,28,1,1,pre_allocation
110,698,congestion,0,0,65535_65535,1,22,169,194,1,1,1,2,194,28,1,1,allocated
110,698,congestion,0,0,65535_65535,1,23,169,95,0,1,0,1,0,28,1,1,pre_allocation
110,698,congestion,0,0,65535_65535,1,23,169,194,1,1,1,2,194,28,1,1,allocated
110,698,congestion,0,0,65535_65535,1,24,169,95,0,1,0,1,0,28,1,1,pre_allocation
110,698,congestion,0,0,65535_65535,1,24,169,194,1,1,1,2,194,28,1,1,allocated
110,698,congestion,0,0,65535_65535,1,6,169,95,0,1,0,1,0,28,1,1,pre_allocation
110,698,congestion,0,0,65535_65535,1,6,169,194,1,1,1,2,194,28,1,1,allocated
110,698,congestion,0,0,65535_65535,1,21,169,194,0,1,0,2,0,28,1,1,pre_allocation
110,698,congestion,0,0,65535_65535,1,21,169,293,1,1,1,3,293,28,1,1,allocated
110,698,congestion,0,0,65535_65535,1,22,169,194,0,1,0,2,0,28,1,1,pre_allocation
110,698,congestion,0,0,65535_65535,1,22,169,293,1,1,1,3,293,28,1,1,allocated
110,698,congestion,0,0,65535_65535,1,23,169,194,0,1,0,2,0,28,1,1,pre_allocation
110,698,congestion,0,0,65535_65535,1,23,169,293,1,1,1,3,293,28,1,1,allocated
110,698,congestion,0,0,65535_65535,1,24,169,194,0,1,0,2,0,28,1,1,pre_allocation
110,698,congestion,0,0,65535_65535,1,24,169,293,1,1,1,3,293,28,1,1,allocated
110,698,congestion,0,0,65535_65535,1,6,169,194,0,1,0,2,0,28,1,1,pre_allocation
110,698,congestion,0,0,65535_65535,1,6,169,293,1,1,1,3,293,28,1,1,allocated
110,698,congestion,0,0,65535_65535,1,21,169,293,0,1,0,3,0,28,1,1,pre_allocation
110,698,congestion,0,0,65535_65535,1,21,169,391,1,1,1,4,391,28,1,1,allocated
110,698,congestion,0,0,65535_65535,1,22,169,293,0,1,0,3,0,28,1,1,pre_allocation
110,698,congestion,0,0,65535_65535,1,22,169,391,1,1,1,4,391,28,1,1,allocated
110,698,congestion,0,0,65535_65535,1,23,169,293,0,1,0,3,0,28,1,1,pre_allocation
110,698,congestion,0,0,65535_65535,1,23,169,391,1,1,1,4,391,28,1,1,allocated
110,698,congestion,0,0,65535_65535,1,24,169,293,0,1,0,3,0,28,1,1,pre_allocation
110,698,congestion,0,0,65535_65535,1,24,169,391,1,1,1,4,391,28,1,1,allocated
110,698,congestion,0,0,65535_65535,1,6,169,293,0,1,0,3,0,28,1,1,pre_allocation
110,698,congestion,0,0,65535_65535,1,6,169,391,1,1,1,4,391,28,1,1,allocated
110,698,congestion,0,0,65535_65535,1,21,169,391,0,1,0,4,0,28,1,1,pre_allocation
110,698,congestion,0,0,65535_65535,1,21,169,490,1,1,1,5,490,28,1,1,allocated
110,698,congestion,0,0,65535_65535,1,22,169,391,0,1,0,4,0,28,1,1,pre_allocation
110,698,congestion,0,0,65535_65535,1,22,169,490,1,1,1,5,490,28,1,1,allocated
110,698,congestion,0,0,65535_65535,2,35,306623,0,0,1,0,0,0,28,1,1,pre_allocation
110,698,congestion,0,0,65535_65535,2,35,306623,95,1,1,1,1,95,28,1,1,allocated
110,698,congestion,0,0,65535_65535,2,25,306618,0,0,1,0,0,0,28,1,1,pre_allocation
110,698,congestion,0,0,65535_65535,2,25,306618,95,1,1,1,1,95,28,1,1,allocated
110,698,congestion,0,0,65535_65535,2,39,306641,0,0,1,0,0,0,28,1,1,pre_allocation
110,698,congestion,0,0,65535_65535,2,39,306641,95,1,1,1,1,95,28,1,1,allocated
110,698,congestion,0,0,65535_65535,2,26,306641,0,0,1,0,0,0,28,1,1,pre_allocation
110,698,congestion,0,0,65535_65535,2,26,306641,95,1,1,1,1,95,28,1,1,allocated
110,698,congestion,0,0,65535_65535,2,40,306603,0,0,1,0,0,0,28,1,1,pre_allocation
110,698,congestion,0,0,65535_65535,2,40,306603,95,1,1,1,1,95,28,1,1,allocated
110,698,congestion,0,0,65535_65535,2,38,306620,0,0,1,0,0,0,28,1,1,pre_allocation
110,698,congestion,0,0,65535_65535,2,38,306620,95,1,1,1,1,95,28,1,1,allocated
110,698,congestion,0,0,65535_65535,2,37,306601,0,0,1,0,0,0,28,1,1,pre_allocation
110,698,congestion,0,0,65535_65535,2,37,306601,95,1,1,1,1,95,28,1,1,allocated
110,698,congestion,0,0,65535_65535,2,44,306594,0,0,1,0,0,0,28,1,1,pre_allocation
110,698,congestion,0,0,65535_65535,2,44,306594,95,1,1,1,1,95,28,1,1,allocated
110,698,congestion,0,0,65535_65535,2,43,306572,0,0,1,0,0,0,28,1,1,pre_allocation
110,698,congestion,0,0,65535_65535,2,43,306572,95,1,1,1,1,95,28,1,1,allocated
110,698,congestion,0,0,65535_65535,2,36,306530,0,0,1,0,0,0,28,1,1,pre_allocation
110,698,congestion,0,0,65535_65535,2,36,306530,95,1,1,1,1,95,28,1,1,allocated
110,698,congestion,0,0,65535_65535,2,35,306623,95,0,1,0,1,0,28,1,1,pre_allocation
110,698,congestion,0,0,65535_65535,2,35,306623,194,1,1,1,2,194,28,1,1,allocated
110,698,congestion,0,0,65535_65535,2,25,306618,95,0,1,0,1,0,28,1,1,pre_allocation
110,698,congestion,0,0,65535_65535,2,25,306618,194,1,1,1,2,194,28,1,1,allocated
110,698,congestion,0,0,65535_65535,2,39,306641,95,0,1,0,1,0,28,1,1,pre_allocation
110,698,congestion,0,0,65535_65535,2,39,306641,194,1,1,1,2,194,28,1,1,allocated
110,698,congestion,0,0,65535_65535,2,26,306641,95,0,1,0,1,0,28,1,1,pre_allocation
110,698,congestion,0,0,65535_65535,2,26,306641,194,1,1,1,2,194,28,1,1,allocated
110,698,congestion,0,0,65535_65535,2,40,306603,95,0,1,0,1,0,28,1,1,pre_allocation
110,698,congestion,0,0,65535_65535,2,40,306603,194,1,1,1,2,194,28,1,1,allocated
110,698,congestion,0,0,65535_65535,2,38,306620,95,0,1,0,1,0,28,1,1,pre_allocation
110,698,congestion,0,0,65535_65535,2,38,306620,194,1,1,1,2,194,28,1,1,allocated
110,698,congestion,0,0,65535_65535,2,37,306601,95,0,1,0,1,0,28,1,1,pre_allocation
110,698,congestion,0,0,65535_65535,2,37,306601,194,1,1,1,2,194,28,1,1,allocated
110,698,congestion,0,0,65535_65535,2,44,306594,95,0,1,0,1,0,28,1,1,pre_allocation
110,698,congestion,0,0,65535_65535,2,44,306594,194,1,1,1,2,194,28,1,1,allocated
164,796,congestion,0,0,65535_65535,0,4,687400,0,0,1,0,0,0,28,1,1,pre_allocation
164,796,congestion,0,0,65535_65535,0,4,687400,95,1,1,1,1,95,28,1,1,allocated
164,796,congestion,0,0,65535_65535,0,5,687347,0,0,1,0,0,0,28,1,1,pre_allocation
164,796,congestion,0,0,65535_65535,0,5,687347,95,1,1,1,1,95,28,1,1,allocated
164,796,congestion,0,0,65535_65535,0,2,687266,0,0,1,0,0,0,28,1,1,pre_allocation
164,796,congestion,0,0,65535_65535,0,2,687266,95,1,1,1,1,95,28,1,1,allocated
164,796,congestion,0,0,65535_65535,0,1,687295,0,0,1,0,0,0,28,1,1,pre_allocation
164,796,congestion,0,0,65535_65535,0,1,687295,95,1,1,1,1,95,28,1,1,allocated
164,796,congestion,0,0,65535_65535,0,3,687201,0,0,1,0,0,0,28,1,1,pre_allocation
164,796,congestion,0,0,65535_65535,0,3,687201,95,1,1,1,1,95,28,1,1,allocated
164,796,congestion,0,0,65535_65535,0,4,687400,95,0,1,0,1,0,28,1,1,pre_allocation
164,796,congestion,0,0,65535_65535,0,4,687400,194,1,1,1,2,194,28,1,1,allocated
164,796,congestion,0,0,65535_65535,0,5,687347,95,0,1,0,1,0,28,1,1,pre_allocation
164,796,congestion,0,0,65535_65535,0,5,687347,194,1,1,1,2,194,28,1,1,allocated
164,796,congestion,0,0,65535_65535,0,2,687266,95,0,1,0,1,0,28,1,1,pre_allocation
164,796,congestion,0,0,65535_65535,0,2,687266,194,1,1,1,2,194,28,1,1,allocated
164,796,congestion,0,0,65535_65535,0,1,687295,95,0,1,0,1,0,28,1,1,pre_allocation
164,796,congestion,0,0,65535_65535,0,1,687295,194,1,1,1,2,194,28,1,1,allocated
164,796,congestion,0,0,65535_65535,0,3,687201,95,0,1,0,1,0,28,1,1,pre_allocation
164,796,congestion,0,0,65535_65535,0,3,687201,194,1,1,1,2,194,28,1,1,allocated
164,796,congestion,0,0,65535_65535,0,4,687400,194,0,1,0,2,0,28,1,1,pre_allocation
164,796,congestion,0,0,65535_65535,0,4,687400,293,1,1,1,3,293,28,1,1,allocated
164,796,congestion,0,0,65535_65535,0,5,687347,194,0,1,0,2,0,28,1,1,pre_allocation
164,796,congestion,0,0,65535_65535,0,5,687347,293,1,1,1,3,293,28,1,1,allocated
164,796,congestion,0,0,65535_65535,0,2,687266,194,0,1,0,2,0,28,1,1,pre_allocation
164,796,congestion,0,0,65535_65535,0,2,687266,293,1,1,1,3,293,28,1,1,allocated
164,796,congestion,0,0,65535_65535,0,1,687295,194,0,1,0,2,0,28,1,1,pre_allocation
164,796,congestion,0,0,65535_65535,0,1,687295,293,1,1,1,3,293,28,1,1,allocated
164,796,congestion,0,0,65535_65535,1,24,169,0,0,1,0,0,0,28,1,1,pre_allocation
164,796,congestion,0,0,65535_65535,1,24,169,95,1,1,1,1,95,28,1,1,allocated
164,796,congestion,0,0,65535_65535,1,6,169,0,0,1,0,0,0,28,1,1,pre_allocation
164,796,congestion,0,0,65535_65535,1,6,169,95,1,1,1,1,95,28,1,1,allocated
164,796,congestion,0,0,65535_65535,1,21,169,0,0,1,0,0,0,28,1,1,pre_allocation
164,796,congestion,0,0,65535_65535,1,21,169,95,1,1,1,1,95,28,1,1,allocated
164,796,congestion,0,0,65535_65535,1,22,169,0,0,1,0,0,0,28,1,1,pre_allocation
164,796,congestion,0,0,65535_65535,1,22,169,95,1,1,1,1,95,28,1,1,allocated
164,796,congestion,0,0,65535_65535,1,23,169,0,0,1,0,0,0,28,1,1,pre_allocation
164,796,congestion,0,0,65535_65535,1,23,169,95,1,1,1,1,95,28,1,1,allocated
164,796,congestion,0,0,65535_65535,1,24,169,95,0,1,0,1,0,28,1,1,pre_allocation
164,796,congestion,0,0,65535_65535,1,24,169,194,1,1,1,2,194,28,1,1,allocated
164,796,congestion,0,0,65535_65535,1,6,169,95,0,1,0,1,0,28,1,1,pre_allocation
164,796,congestion,0,0,65535_65535,1,6,169,194,1,1,1,2,194,28,1,1,allocated
164,796,congestion,0,0,65535_65535,1,21,169,95,0,1,0,1,0,28,1,1,pre_allocation
164,796,congestion,0,0,65535_65535,1,21,169,194,1,1,1,2,194,28,1,1,allocated
164,796,congestion,0,0,65535_65535,1,22,169,95,0,1,0,1,0,28,1,1,pre_allocation
164,796,congestion,0,0,65535_65535,1,22,169,194,1,1,1,2,194,28,1,1,allocated
164,796,congestion,0,0,65535_65535,1,23,169,95,0,1,0,1,0,28,1,1,pre_allocation
164,796,congestion,0,0,65535_65535,1,23,169,194,1,1,1,2,194,28,1,1,allocated
164,796,congestion,0,0,65535_65535,1,24,169,194,0,1,0,2,0,28,1,1,pre_allocation
164,796,congestion,0,0,65535_65535,1,24,169,293,1,1,1,3,293,28,1,1,allocated
164,796,congestion,0,0,65535_65535,1,6,169,194,0,1,0,2,0,28,1,1,pre_allocation
164,796,congestion,0,0,65535_65535,1,6,169,293,1,1,1,3,293,28,1,1,allocated
164,796,congestion,0,0,65535_65535,1,21,169,194,0,1,0,2,0,28,1,1,pre_allocation
164,796,congestion,0,0,65535_65535,1,21,169,293,1,1,1,3,293,28,1,1,allocated
164,796,congestion,0,0,65535_65535,1,22,169,194,0,1,0,2,0,28,1,1,pre_allocation
164,796,congestion,0,0,65535_65535,1,22,169,293,1,1,1,3,293,28,1,1,allocated
164,796,congestion,0,0,65535_65535,1,23,169,194,0,1,0,2,0,28,1,1,pre_allocation
164,796,congestion,0,0,65535_65535,1,23,169,293,1,1,1,3,293,28,1,1,allocated
164,796,congestion,0,0,65535_65535,1,24,169,293,0,1,0,3,0,28,1,1,pre_allocation
164,796,congestion,0,0,65535_65535,1,24,169,391,1,1,1,4,391,28,1,1,allocated
164,796,congestion,0,0,65535_65535,1,6,169,293,0,1,0,3,0,28,1,1,pre_allocation
164,796,congestion,0,0,65535_65535,1,6,169,391,1,1,1,4,391,28,1,1,allocated
164,796,congestion,0,0,65535_65535,1,21,169,293,0,1,0,3,0,28,1,1,pre_allocation
164,796,congestion,0,0,65535_65535,1,21,169,391,1,1,1,4,391,28,1,1,allocated
164,796,congestion,0,0,65535_65535,1,22,169,293,0,1,0,3,0,28,1,1,pre_allocation
164,796,congestion,0,0,65535_65535,1,22,169,391,1,1,1,4,391,28,1,1,allocated
164,796,congestion,0,0,65535_65535,1,23,169,293,0,1,0,3,0,28,1,1,pre_allocation
164,796,congestion,0,0,65535_65535,1,23,169,391,1,1,1,4,391,28,1,1,allocated
164,796,congestion,0,0,65535_65535,2,44,459328,0,0,1,0,0,0,28,1,1,pre_allocation
164,796,congestion,0,0,65535_65535,2,44,459328,95,1,1,1,1,95,28,1,1,allocated
164,796,congestion,0,0,65535_65535,2,43,459329,0,0,1,0,0,0,28,1,1,pre_allocation
164,796,congestion,0,0,65535_65535,2,43,459329,95,1,1,1,1,95,28,1,1,allocated
164,796,congestion,0,0,65535_65535,2,36,459295,0,0,1,0,0,0,28,1,1,pre_allocation
164,796,congestion,0,0,65535_65535,2,36,459295,95,1,1,1,1,95,28,1,1,allocated
164,796,congestion,0,0,65535_65535,2,39,459319,0,0,1,0,0,0,28,1,1,pre_allocation
164,796,congestion,0,0,65535_65535,2,39,459319,95,1,1,1,1,95,28,1,1,allocated
164,796,congestion,0,0,65535_65535,2,35,459313,0,0,1,0,0,0,28,1,1,pre_allocation
164,796,congestion,0,0,65535_65535,2,35,459313,95,1,1,1,1,95,28,1,1,allocated
164,796,congestion,0,0,65535_65535,2,25,459292,0,0,1,0,0,0,28,1,1,pre_allocation
164,796,congestion,0,0,65535_65535,2,25,459292,95,1,1,1,1,95,28,1,1,allocated
164,796,congestion,0,0,65535_65535,2,40,459261,0,0,1,0,0,0,28,1,1,pre_allocation
164,796,congestion,0,0,65535_65535,2,40,459261,95,1,1,1,1,95,28,1,1,allocated
164,796,congestion,0,0,65535_65535,2,26,459275,0,0,1,0,0,0,28,1,1,pre_allocation
164,796,congestion,0,0,65535_65535,2,26,459275,95,1,1,1,1,95,28,1,1,allocated
164,796,congestion,0,0,65535_65535,2,38,459271,0,0,1,0,0,0,28,1,1,pre_allocation
164,796,congestion,0,0,65535_65535,2,38,459271,95,1,1,1,1,95,28,1,1,allocated
164,796,congestion,0,0,65535_65535,2,37,459252,0,0,1,0,0,0,28,1,1,pre_allocation
164,796,congestion,0,0,65535_65535,2,37,459252,95,1,1,1,1,95,28,1,1,allocated
164,796,congestion,0,0,65535_65535,2,44,459328,95,0,1,0,1,0,28,1,1,pre_allocation
164,796,congestion,0,0,65535_65535,2,44,459328,194,1,1,1,2,194,28,1,1,allocated
164,796,congestion,0,0,65535_65535,2,43,459329,95,0,1,0,1,0,28,1,1,pre_allocation
164,796,congestion,0,0,65535_65535,2,43,459329,194,1,1,1,2,194,28,1,1,allocated
164,796,congestion,0,0,65535_65535,2,36,459295,95,0,1,0,1,0,28,1,1,pre_allocation
164,796,congestion,0,0,65535_65535,2,36,459295,194,1,1,1,2,194,28,1,1,allocated
164,796,congestion,0,0,65535_65535,2,39,459319,95,0,1,0,1,0,28,1,1,pre_allocation
164,796,congestion,0,0,65535_65535,2,39,459319,194,1,1,1,2,194,28,1,1,allocated
164,796,congestion,0,0,65535_65535,2,35,459313,95,0,1,0,1,0,28,1,1,pre_allocation
164,796,congestion,0,0,65535_65535,2,35,459313,194,1,1,1,2,194,28,1,1,allocated
164,796,congestion,0,0,65535_65535,2,25,459292,95,0,1,0,1,0,28,1,1,pre_allocation
164,796,congestion,0,0,65535_65535,2,25,459292,194,1,1,1,2,194,28,1,1,allocated
164,796,congestion,0,0,65535_65535,2,40,459261,95,0,1,0,1,0,28,1,1,pre_allocation
164,796,congestion,0,0,65535_65535,2,40,459261,194,1,1,1,2,194,28,1,1,allocated
164,796,congestion,0,0,65535_65535,2,26,459275,95,0,1,0,1,0,28,1,1,pre_allocation
164,796,congestion,0,0,65535_65535,2,26,459275,194,1,1,1,2,194,28,1,1,allocated
164,796,congestion,0,0,65535_65535,2,38,459271,95,0,1,0,1,0,28,1,1,pre_allocation
164,796,congestion,0,0,65535_65535,2,38,459271,194,1,1,1,2,194,28,1,1,allocated
217,895,congestion,0,0,65535_65535,0,2,918663,0,0,1,0,0,0,28,1,1,pre_allocation
217,895,congestion,0,0,65535_65535,0,2,918663,95,1,1,1,1,95,28,1,1,allocated
217,895,congestion,0,0,65535_65535,0,1,918686,0,0,1,0,0,0,28,1,1,pre_allocation
217,895,congestion,0,0,65535_65535,0,1,918686,95,1,1,1,1,95,28,1,1,allocated
217,895,congestion,0,0,65535_65535,0,3,918593,0,0,1,0,0,0,28,1,1,pre_allocation
217,895,congestion,0,0,65535_65535,0,3,918593,95,1,1,1,1,95,28,1,1,allocated
217,895,congestion,0,0,65535_65535,0,4,918686,0,0,1,0,0,0,28,1,1,pre_allocation
217,895,congestion,0,0,65535_65535,0,4,918686,95,1,1,1,1,95,28,1,1,allocated
217,895,congestion,0,0,65535_65535,0,5,918646,0,0,1,0,0,0,28,1,1,pre_allocation
217,895,congestion,0,0,65535_65535,0,5,918646,95,1,1,1,1,95,28,1,1,allocated
217,895,congestion,0,0,65535_65535,0,2,918663,95,0,1,0,1,0,28,1,1,pre_allocation
217,895,congestion,0,0,65535_65535,0,2,918663,194,1,1,1,2,194,28,1,1,allocated
217,895,congestion,0,0,65535_65535,0,1,918686,95,0,1,0,1,0,28,1,1,pre_allocation
217,895,congestion,0,0,65535_65535,0,1,918686,194,1,1,1,2,194,28,1,1,allocated
217,895,congestion,0,0,65535_65535,0,3,918593,95,0,1,0,1,0,28,1,1,pre_allocation
217,895,congestion,0,0,65535_65535,0,3,918593,194,1,1,1,2,194,28,1,1,allocated
217,895,congestion,0,0,65535_65535,0,4,918686,95,0,1,0,1,0,28,1,1,pre_allocation
217,895,congestion,0,0,65535_65535,0,4,918686,194,1,1,1,2,194,28,1,1,allocated
217,895,congestion,0,0,65535_65535,0,5,918646,95,0,1,0,1,0,28,1,1,pre_allocation
217,895,congestion,0,0,65535_65535,0,5,918646,194,1,1,1,2,194,28,1,1,allocated
217,895,congestion,0,0,65535_65535,0,2,918663,194,0,1,0,2,0,28,1,1,pre_allocation
217,895,congestion,0,0,65535_65535,0,2,918663,293,1,1,1,3,293,28,1,1,allocated
217,895,congestion,0,0,65535_65535,0,1,918686,194,0,1,0,2,0,28,1,1,pre_allocation
217,895,congestion,0,0,65535_65535,0,1,918686,293,1,1,1,3,293,28,1,1,allocated
217,895,congestion,0,0,65535_65535,0,3,918593,194,0,1,0,2,0,28,1,1,pre_allocation
217,895,congestion,0,0,65535_65535,0,3,918593,293,1,1,1,3,293,28,1,1,allocated
217,895,congestion,0,0,65535_65535,1,21,169,0,0,1,0,0,0,28,1,1,pre_allocation
217,895,congestion,0,0,65535_65535,1,21,169,95,1,1,1,1,95,28,1,1,allocated
217,895,congestion,0,0,65535_65535,1,22,169,0,0,1,0,0,0,28,1,1,pre_allocation
217,895,congestion,0,0,65535_65535,1,22,169,95,1,1,1,1,95,28,1,1,allocated
217,895,congestion,0,0,65535_65535,1,23,169,0,0,1,0,0,0,28,1,1,pre_allocation
217,895,congestion,0,0,65535_65535,1,23,169,95,1,1,1,1,95,28,1,1,allocated
217,895,congestion,0,0,65535_65535,1,24,169,0,0,1,0,0,0,28,1,1,pre_allocation
217,895,congestion,0,0,65535_65535,1,24,169,95,1,1,1,1,95,28,1,1,allocated
217,895,congestion,0,0,65535_65535,1,6,169,0,0,1,0,0,0,28,1,1,pre_allocation
217,895,congestion,0,0,65535_65535,1,6,169,95,1,1,1,1,95,28,1,1,allocated
217,895,congestion,0,0,65535_65535,1,21,169,95,0,1,0,1,0,28,1,1,pre_allocation
217,895,congestion,0,0,65535_65535,1,21,169,194,1,1,1,2,194,28,1,1,allocated
217,895,congestion,0,0,65535_65535,1,22,169,95,0,1,0,1,0,28,1,1,pre_allocation
217,895,congestion,0,0,65535_65535,1,22,169,194,1,1,1,2,194,28,1,1,allocated
217,895,congestion,0,0,65535_65535,1,23,169,95,0,1,0,1,0,28,1,1,pre_allocation
217,895,congestion,0,0,65535_65535,1,23,169,194,1,1,1,2,194,28,1,1,allocated
217,895,congestion,0,0,65535_65535,1,24,169,95,0,1,0,1,0,28,1,1,pre_allocation
217,895,congestion,0,0,65535_65535,1,24,169,194,1,1,1,2,194,28,1,1,allocated
217,895,congestion,0,0,65535_65535,1,6,169,95,0,1,0,1,0,28,1,1,pre_allocation
217,895,congestion,0,0,65535_65535,1,6,169,194,1,1,1,2,194,28,1,1,allocated
217,895,congestion,0,0,65535_65535,1,21,169,194,0,1,0,2,0,28,1,1,pre_allocation
217,895,congestion,0,0,65535_65535,1,21,169,293,1,1,1,3,293,28,1,1,allocated
217,895,congestion,0,0,65535_65535,1,22,169,194,0,1,0,2,0,28,1,1,pre_allocation
217,895,congestion,0,0,65535_65535,1,22,169,293,1,1,1,3,293,28,1,1,allocated
217,895,congestion,0,0,65535_65535,1,23,169,194,0,1,0,2,0,28,1,1,pre_allocation
217,895,congestion,0,0,65535_65535,1,23,169,293,1,1,1,3,293,28,1,1,allocated
217,895,congestion,0,0,65535_65535,1,24,169,194,0,1,0,2,0,28,1,1,pre_allocation
217,895,congestion,0,0,65535_65535,1,24,169,293,1,1,1,3,293,28,1,1,allocated
217,895,congestion,0,0,65535_65535,2,44,613468,0,0,1,0,0,0,28,1,1,pre_allocation
217,895,congestion,0,0,65535_65535,2,44,613468,95,1,1,1,1,95,28,1,1,allocated
217,895,congestion,0,0,65535_65535,2,43,613459,0,0,1,0,0,0,28,1,1,pre_allocation
217,895,congestion,0,0,65535_65535,2,43,613459,95,1,1,1,1,95,28,1,1,allocated
217,895,congestion,0,0,65535_65535,2,36,613439,0,0,1,0,0,0,28,1,1,pre_allocation
217,895,congestion,0,0,65535_65535,2,36,613439,95,1,1,1,1,95,28,1,1,allocated
217,895,congestion,0,0,65535_65535,2,39,613474,0,0,1,0,0,0,26,1,1,pre_allocation
217,895,congestion,0,0,65535_65535,2,39,613474,88,1,1,1,1,88,26,1,1,allocated
217,895,congestion,0,0,65535_65535,2,35,613479,0,0,1,0,0,0,28,1,1,pre_allocation
217,895,congestion,0,0,65535_65535,2,35,613479,95,1,1,1,1,95,28,1,1,allocated
217,895,congestion,0,0,65535_65535,2,25,613465,0,0,1,0,0,0,28,1,1,pre_allocation
217,895,congestion,0,0,65535_65535,2,25,613465,95,1,1,1,1,95,28,1,1,allocated
217,895,congestion,0,0,65535_65535,2,40,613437,0,0,1,0,0,0,28,1,1,pre_allocation
217,895,congestion,0,0,65535_65535,2,40,613437,95,1,1,1,1,95,28,1,1,allocated
217,895,congestion,0,0,65535_65535,2,26,613442,0,0,1,0,0,0,28,1,1,pre_allocation
217,895,congestion,0,0,65535_65535,2,26,613442,95,1,1,1,1,95,28,1,1,allocated
217,895,congestion,0,0,65535_65535,2,38,613438,0,0,1,0,0,0,28,1,1,pre_allocation
217,895,congestion,0,0,65535_65535,2,38,613438,95,1,1,1,1,95,28,1,1,allocated
217,895,congestion,0,0,65535_65535,2,37,613413,0,0,1,0,0,0,28,1,1,pre_allocation
217,895,congestion,0,0,65535_65535,2,37,613413,95,1,1,1,1,95,28,1,1,allocated
217,895,congestion,0,0,65535_65535,2,44,613468,95,0,1,0,1,0,28,1,1,pre_allocation
217,895,congestion,0,0,65535_65535,2,44,613468,194,1,1,1,2,194,28,1,1,allocated
217,895,congestion,0,0,65535_65535,2,43,613459,95,0,1,0,1,0,28,1,1,pre_allocation
217,895,congestion,0,0,65535_65535,2,43,613459,194,1,1,1,2,194,28,1,1,allocated
217,895,congestion,0,0,65535_65535,2,36,613439,95,0,1,0,1,0,28,1,1,pre_allocation
217,895,congestion,0,0,65535_65535,2,36,613439,194,1,1,1,2,194,28,1,1,allocated
217,895,congestion,0,0,65535_65535,2,39,613474,88,0,1,0,1,0,26,1,1,pre_allocation
217,895,congestion,0,0,65535_65535,2,39,613474,179,1,1,1,2,179,26,1,1,allocated
217,895,congestion,0,0,65535_65535,2,35,613479,95,0,1,0,1,0,28,1,1,pre_allocation
217,895,congestion,0,0,65535_65535,2,35,613479,194,1,1,1,2,194,28,1,1,allocated
217,895,congestion,0,0,65535_65535,2,25,613465,95,0,1,0,1,0,28,1,1,pre_allocation
217,895,congestion,0,0,65535_65535,2,25,613465,194,1,1,1,2,194,28,1,1,allocated
217,895,congestion,0,0,65535_65535,2,40,613437,95,0,1,0,1,0,28,1,1,pre_allocation
217,895,congestion,0,0,65535_65535,2,40,613437,194,1,1,1,2,194,28,1,1,allocated
217,895,congestion,0,0,65535_65535,2,26,613442,95,0,1,0,1,0,28,1,1,pre_allocation
217,895,congestion,0,0,65535_65535,2,26,613442,194,1,1,1,2,194,28,1,1,allocated
217,895,congestion,0,0,65535_65535,2,38,613438,95,0,1,0,1,0,28,1,1,pre_allocation
217,895,congestion,0,0,65535_65535,2,38,613438,194,1,1,1,2,194,28,1,1,allocated
217,895,congestion,0,0,65535_65535,2,37,613413,95,0,1,0,1,0,28,1,1,pre_allocation
217,895,congestion,0,0,65535_65535,2,37,613413,194,1,1,1,2,194,28,1,1,allocated
217,895,congestion,0,0,65535_65535,2,44,613468,194,0,1,0,2,0,28,1,1,pre_allocation
217,895,congestion,0,0,65535_65535,2,44,613468,293,1,1,1,3,293,28,1,1,allocated
217,895,congestion,0,0,65535_65535,2,43,613459,194,0,1,0,2,0,28,1,1,pre_allocation
217,895,congestion,0,0,65535_65535,2,43,613459,293,1,1,1,3,293,28,1,1,allocated
217,895,congestion,0,0,65535_65535,2,36,613439,194,0,1,0,2,0,28,1,1,pre_allocation
217,895,congestion,0,0,65535_65535,2,36,613439,293,1,1,1,3,293,28,1,1,allocated
217,895,congestion,0,0,65535_65535,2,39,613474,179,0,1,0,2,0,26,1,1,pre_allocation
217,895,congestion,0,0,65535_65535,2,39,613474,270,1,1,1,3,270,26,1,1,allocated
217,895,congestion,0,0,65535_65535,2,35,613479,194,0,1,0,2,0,28,1,1,pre_allocation
217,895,congestion,0,0,65535_65535,2,35,613479,293,1,1,1,3,293,28,1,1,allocated
217,895,congestion,0,0,65535_65535,2,25,613465,194,0,1,0,2,0,28,1,1,pre_allocation
217,895,congestion,0,0,65535_65535,2,25,613465,293,1,1,1,3,293,28,1,1,allocated
269,992,congestion,0,0,65535_65535,0,3,1146361,0,0,1,0,0,0,28,1,1,pre_allocation
269,992,congestion,0,0,65535_65535,0,3,1146361,95,1,1,1,1,95,28,1,1,allocated
269,992,congestion,0,0,65535_65535,0,4,1146452,0,0,1,0,0,0,28,1,1,pre_allocation
269,992,congestion,0,0,65535_65535,0,4,1146452,95,1,1,1,1,95,28,1,1,allocated
269,992,congestion,0,0,65535_65535,0,5,1146420,0,0,1,0,0,0,28,1,1,pre_allocation
269,992,congestion,0,0,65535_65535,0,5,1146420,95,1,1,1,1,95,28,1,1,allocated
269,992,congestion,0,0,65535_65535,0,2,1146370,0,0,1,0,0,0,28,1,1,pre_allocation
269,992,congestion,0,0,65535_65535,0,2,1146370,95,1,1,1,1,95,28,1,1,allocated
269,992,congestion,0,0,65535_65535,0,1,1146392,0,0,1,0,0,0,28,1,1,pre_allocation
269,992,congestion,0,0,65535_65535,0,1,1146392,95,1,1,1,1,95,28,1,1,allocated
269,992,congestion,0,0,65535_65535,0,3,1146361,95,0,1,0,1,0,28,1,1,pre_allocation
269,992,congestion,0,0,65535_65535,0,3,1146361,194,1,1,1,2,194,28,1,1,allocated
269,992,congestion,0,0,65535_65535,0,4,1146452,95,0,1,0,1,0,28,1,1,pre_allocation
269,992,congestion,0,0,65535_65535,0,4,1146452,194,1,1,1,2,194,28,1,1,allocated
269,992,congestion,0,0,65535_65535,0,5,1146420,95,0,1,0,1,0,28,1,1,pre_allocation
269,992,congestion,0,0,65535_65535,0,5,1146420,194,1,1,1,2,194,28,1,1,allocated
269,992,congestion,0,0,65535_65535,0,2,1146370,95,0,1,0,1,0,28,1,1,pre_allocation
269,992,congestion,0,0,65535_65535,0,2,1146370,194,1,1,1,2,194,28,1,1,allocated
269,992,congestion,0,0,65535_65535,0,1,1146392,95,0,1,0,1,0,28,1,1,pre_allocation
269,992,congestion,0,0,65535_65535,0,1,1146392,194,1,1,1,2,194,28,1,1,allocated
269,992,congestion,0,0,65535_65535,0,3,1146361,194,0,1,0,2,0,28,1,1,pre_allocation
269,992,congestion,0,0,65535_65535,0,3,1146361,293,1,1,1,3,293,28,1,1,allocated
269,992,congestion,0,0,65535_65535,0,4,1146452,194,0,1,0,2,0,28,1,1,pre_allocation
269,992,congestion,0,0,65535_65535,0,4,1146452,293,1,1,1,3,293,28,1,1,allocated
269,992,congestion,0,0,65535_65535,0,5,1146420,194,0,1,0,2,0,28,1,1,pre_allocation
269,992,congestion,0,0,65535_65535,0,5,1146420,293,1,1,1,3,293,28,1,1,allocated
269,992,congestion,0,0,65535_65535,1,6,169,0,0,1,0,0,0,28,1,1,pre_allocation
269,992,congestion,0,0,65535_65535,1,6,169,95,1,1,1,1,95,28,1,1,allocated
269,992,congestion,0,0,65535_65535,1,21,169,0,0,1,0,0,0,28,1,1,pre_allocation
269,992,congestion,0,0,65535_65535,1,21,169,95,1,1,1,1,95,28,1,1,allocated
269,992,congestion,0,0,65535_65535,1,22,169,0,0,1,0,0,0,28,1,1,pre_allocation
269,992,congestion,0,0,65535_65535,1,22,169,95,1,1,1,1,95,28,1,1,allocated
269,992,congestion,0,0,65535_65535,1,23,169,0,0,1,0,0,0,28,1,1,pre_allocation
269,992,congestion,0,0,65535_65535,1,23,169,95,1,1,1,1,95,28,1,1,allocated
269,992,congestion,0,0,65535_65535,1,24,169,0,0,1,0,0,0,28,1,1,pre_allocation
269,992,congestion,0,0,65535_65535,1,24,169,95,1,1,1,1,95,28,1,1,allocated
269,992,congestion,0,0,65535_65535,1,6,169,95,0,1,0,1,0,28,1,1,pre_allocation
269,992,congestion,0,0,65535_65535,1,6,169,194,1,1,1,2,194,28,1,1,allocated
269,992,congestion,0,0,65535_65535,1,21,169,95,0,1,0,1,0,28,1,1,pre_allocation
269,992,congestion,0,0,65535_65535,1,21,169,194,1,1,1,2,194,28,1,1,allocated
269,992,congestion,0,0,65535_65535,1,22,169,95,0,1,0,1,0,28,1,1,pre_allocation
269,992,congestion,0,0,65535_65535,1,22,169,194,1,1,1,2,194,28,1,1,allocated
269,992,congestion,0,0,65535_65535,1,23,169,95,0,1,0,1,0,28,1,1,pre_allocation
269,992,congestion,0,0,65535_65535,1,23,169,194,1,1,1,2,194,28,1,1,allocated
269,992,congestion,0,0,65535_65535,1,24,169,95,0,1,0,1,0,28,1,1,pre_allocation
269,992,congestion,0,0,65535_65535,1,24,169,194,1,1,1,2,194,28,1,1,allocated
269,992,congestion,0,0,65535_65535,1,6,169,194,0,1,0,2,0,28,1,1,pre_allocation
269,992,congestion,0,0,65535_65535,1,6,169,293,1,1,1,3,293,28,1,1,allocated
269,992,congestion,0,0,65535_65535,1,21,169,194,0,1,0,2,0,28,1,1,pre_allocation
269,992,congestion,0,0,65535_65535,1,21,169,293,1,1,1,3,293,28,1,1,allocated
269,992,congestion,0,0,65535_65535,1,22,169,194,0,1,0,2,0,28,1,1,pre_allocation
269,992,congestion,0,0,65535_65535,1,22,169,293,1,1,1,3,293,28,1,1,allocated
269,992,congestion,0,0,65535_65535,1,23,169,194,0,1,0,2,0,28,1,1,pre_allocation
269,992,congestion,0,0,65535_65535,1,23,169,293,1,1,1,3,293,28,1,1,allocated
269,992,congestion,0,0,65535_65535,1,24,169,194,0,1,0,2,0,28,1,1,pre_allocation
269,992,congestion,0,0,65535_65535,1,24,169,293,1,1,1,3,293,28,1,1,allocated
269,992,congestion,0,0,65535_65535,1,6,169,293,0,1,0,3,0,28,1,1,pre_allocation
269,992,congestion,0,0,65535_65535,1,6,169,391,1,1,1,4,391,28,1,1,allocated
269,992,congestion,0,0,65535_65535,1,21,169,293,0,1,0,3,0,28,1,1,pre_allocation
269,992,congestion,0,0,65535_65535,1,21,169,391,1,1,1,4,391,28,1,1,allocated
269,992,congestion,0,0,65535_65535,1,22,169,293,0,1,0,3,0,28,1,1,pre_allocation
269,992,congestion,0,0,65535_65535,1,22,169,391,1,1,1,4,391,28,1,1,allocated
269,992,congestion,0,0,65535_65535,1,23,169,293,0,1,0,3,0,28,1,1,pre_allocation
269,992,congestion,0,0,65535_65535,1,23,169,391,1,1,1,4,391,28,1,1,allocated
269,992,congestion,0,0,65535_65535,1,24,169,293,0,1,0,3,0,28,1,1,pre_allocation
269,992,congestion,0,0,65535_65535,1,24,169,391,1,1,1,4,391,28,1,1,allocated
269,992,congestion,0,0,65535_65535,1,6,169,391,0,1,0,4,0,28,1,1,pre_allocation
269,992,congestion,0,0,65535_65535,1,6,169,490,1,1,1,5,490,28,1,1,allocated
269,992,congestion,0,0,65535_65535,1,21,169,391,0,1,0,4,0,28,1,1,pre_allocation
269,992,congestion,0,0,65535_65535,1,21,169,490,1,1,1,5,490,28,1,1,allocated
269,992,congestion,0,0,65535_65535,2,35,764259,0,0,1,0,0,0,28,1,1,pre_allocation
269,992,congestion,0,0,65535_65535,2,35,764259,95,1,1,1,1,95,28,1,1,allocated
269,992,congestion,0,0,65535_65535,2,25,764235,0,0,1,0,0,0,28,1,1,pre_allocation
269,992,congestion,0,0,65535_65535,2,25,764235,95,1,1,1,1,95,28,1,1,allocated
269,992,congestion,0,0,65535_65535,2,40,764208,0,0,1,0,0,0,28,1,1,pre_allocation
269,992,congestion,0,0,65535_65535,2,40,764208,95,1,1,1,1,95,28,1,1,allocated
269,992,congestion,0,0,65535_65535,2,39,764199,0,0,1,0,0,0,28,1,1,pre_allocation
269,992,congestion,0,0,65535_65535,2,39,764199,95,1,1,1,1,95,28,1,1,allocated
269,992,congestion,0,0,65535_65535,2,26,764216,0,0,1,0,0,0,28,1,1,pre_allocation
269,992,congestion,0,0,65535_65535,2,26,764216,95,1,1,1,1,95,28,1,1,allocated
269,992,congestion,0,0,65535_65535,2,38,764214,0,0,1,0,0,0,28,1,1,pre_allocation
269,992,congestion,0,0,65535_65535,2,38,764214,95,1,1,1,1,95,28,1,1,allocated
269,992,congestion,0,0,65535_65535,2,37,764201,0,0,1,0,0,0,28,1,1,pre_allocation
269,992,congestion,0,0,65535_65535,2,37,764201,95,1,1,1,1,95,28,1,1,allocated
269,992,congestion,0,0,65535_65535,2,44,764174,0,0,1,0,0,0,28,1,1,pre_allocation
269,992,congestion,0,0,65535_65535,2,44,764174,95,1,1,1,1,95,28,1,1,allocated
269,992,congestion,0,0,65535_65535,2,43,764165,0,0,1,0,0,0,28,1,1,pre_allocation
269,992,congestion,0,0,65535_65535,2,43,764165,95,1,1,1,1,95,28,1,1,allocated
269,992,congestion,0,0,65535_65535,2,36,764136,0,0,1,0,0,0,28,1,1,pre_allocation
269,992,congestion,0,0,65535_65535,2,36,764136,95,1,1,1,1,95,28,1,1,allocated
269,992,congestion,0,0,65535_65535,2,35,764259,95,0,1,0,1,0,28,1,1,pre_allocation
269,992,congestion,0,0,65535_65535,2,35,764259,194,1,1,1,2,194,28,1,1,allocated
269,992,congestion,0,0,65535_65535,2,25,764235,95,0,1,0,1,0,28,1,1,pre_allocation
269,992,congestion,0,0,65535_65535,2,25,764235,194,1,1,1,2,194,28,1,1,allocated
269,992,congestion,0,0,65535_65535,2,40,764208,95,0,1,0,1,0,28,1,1,pre_allocation
269,992,congestion,0,0,65535_65535,2,40,764208,194,1,1,1,2,194,28,1,1,allocated
269,992,congestion,0,0,65535_65535,2,39,764199,95,0,1,0,1,0,28,1,1,pre_allocation
269,992,congestion,0,0,65535_65535,2,39,764199,194,1,1,1,2,194,28,1,1,allocated
269,992,congestion,0,0,65535_65535,2,26,764216,95,0,1,0,1,0,28,1,1,pre_allocation
269,992,congestion,0,0,65535_65535,2,26,764216,194,1,1,1,2,194,28,1,1,allocated
269,992,congestion,0,0,65535_65535,2,38,764214,95,0,1,0,1,0,28,1,1,pre_allocation
269,992,congestion,0,0,65535_65535,2,38,764214,194,1,1,1,2,194,28,1,1,allocated
269,992,congestion,0,0,65535_65535,2,37,764201,95,0,1,0,1,0,28,1,1,pre_allocation
269,992,congestion,0,0,65535_65535,2,37,764201,194,1,1,1,2,194,28,1,1,allocated
269,992,congestion,0,0,65535_65535,2,44,764174,95,0,1,0,1,0,28,1,1,pre_allocation
269,992,congestion,0,0,65535_65535,2,44,764174,194,1,1,1,2,194,28,1,1,allocated
