timestamp,ueImsi,sliceId,dTxBytes,dRxBytes,plr,resourceSharePct,dLostPackets,throughputMbps,bufferBytes
600,1,0,18336,4584,75.00,66.67,9,3.6672,144276
600,2,0,18336,4584,75.00,66.67,9,3.6672,141937
600,3,0,18336,6112,66.67,66.67,8,4.8896,141420
600,4,0,18336,6112,66.67,66.67,8,4.8896,141428
600,5,0,18336,6112,66.67,66.67,8,4.8896,141142
600,6,1,390,390,0.00,20.00,0,0.3120,87
600,7,1,390,390,0.00,20.00,0,0.3120,87
600,8,1,390,390,0.00,20.00,0,0.3120,87
600,9,1,390,390,0.00,20.00,0,0.3120,87
600,10,1,390,390,0.00,20.00,0,0.3120,87
600,11,2,256,256,0.00,13.34,0,0.2048,179
600,12,2,256,128,50.00,13.34,1,0.1024,269
600,13,2,256,256,0.00,13.34,0,0.2048,179
600,14,2,256,256,0.00,13.34,0,0.2048,89
600,15,2,256,256,0.00,13.34,0,0.2048,89
600,16,2,256,256,0.00,13.34,0,0.2048,89
600,17,2,256,256,0.00,13.34,0,0.2048,89
600,18,2,256,256,0.00,13.34,0,0.2048,89
600,19,2,256,256,0.00,13.34,0,0.2048,89
600,20,2,256,256,0.00,13.34,0,0.2048,89
