timestamp,sliceId,dedicatedPRB,minPRB,maxPRB
510,0,26.465169188221218,26.465169188221218,100.0
510,1,47.10870258032344,47.10870258032344,100.0
510,2,26.426128231455348,26.426128231455348,100.0
520,0,27.993842050125554,27.993842050125554,100.0
520,1,30.109748896130128,30.109748896130128,100.0
520,2,41.896409053744314,41.896409053744314,100.0
530,0,28.85348660229162,28.85348660229162,100.0
530,1,39.71047763556683,39.71047763556683,100.0
530,2,31.43603576214155,31.43603576214155,100.0
540,0,21.71964049742703,21.71964049742703,100.0
540,1,51.793230084747,51.793230084747,100.0
540,2,26.487129417825976,26.487129417825976,100.0
550,0,21.711859860689973,21.711859860689973,100.0
550,1,29.178003338799925,29.178003338799925,100.0
550,2,49.1101368005101,49.1101368005101,100.0
560,0,21.23929088911045,21.23929088911045,100.0
560,1,39.724031991545935,39.724031991545935,100.0
560,2,39.036677119343615,39.036677119343615,100.0
570,0,23.499779908666817,23.499779908666817,100.0
570,1,40.206363569124036,40.206363569124036,100.0
570,2,36.29385652220915,36.29385652220915,100.0
580,0,22.02967395230711,22.02967395230711,100.0
580,1,32.73344051996961,32.73344051996961,100.0
580,2,45.23688552772327,45.23688552772327,100.0
590,0,23.778938012741925,23.778938012741925,100.0
590,1,35.784811350587105,35.784811350587105,100.0
590,2,40.43625063667097,40.43625063667097,100.0
600,0,23.258557525596952,23.258557525596952,100.0
600,1,29.168045701293906,29.168045701293906,100.0
600,2,47.573396773109145,47.573396773109145,100.0
610,0,29.50584414934263,29.50584414934263,100.0
610,1,25.827697914330706,25.827697914330706,100.0
610,2,44.666457936326665,44.666457936326665,100.0
620,0,20.87428258581614,20.87428258581614,100.0
620,1,36.77075332446083,36.77075332446083,100.0
620,2,42.354964089723026,42.354964089723026,100.0
630,0,20.56936390040579,20.56936390040579,100.0
630,1,41.89133474646714,41.89133474646714,100.0
630,2,37.53930135312707,37.53930135312707,100.0
640,0,22.68512774283934,22.68512774283934,100.0
640,1,34.48602056495275,34.48602056495275,100.0
640,2,42.828851692207905,42.828851692207905,100.0
650,0,23.800816146102537,23.800816146102537,100.0
650,1,26.067163636210232,26.067163636210232,100.0
650,2,50.13202021768722,50.13202021768722,100.0
660,0,22.25981536967242,22.25981536967242,100.0
660,1,33.17862913508204,33.17862913508204,100.0
660,2,44.561555495245535,44.561555495245535,100.0
670,0,21.498166377438302,21.498166377438302,100.0
670,1,45.88522310173661,45.88522310173661,100.0
670,2,32.6166105208251,32.6166105208251,100.0
680,0,23.196291192425893,23.196291192425893,100.0
680,1,29.800691105503923,29.800691105503923,100.0
680,2,47.00301770207018,47.00301770207018,100.0
690,0,23.85538569863449,23.85538569863449,100.0
690,1,28.72696972739832,28.72696972739832,100.0
690,2,47.41764457396718,47.41764457396718,100.0
700,0,21.334790597464796,21.334790597464796,100.0
700,1,45.571767346438605,45.571767346438605,100.0
700,2,33.093442056096606,33.093442056096606,100.0
710,0,22.212864967495165,22.212864967495165,100.0
710,1,38.059626465644634,38.059626465644634,100.0
710,2,39.727508566860195,39.727508566860195,100.0
720,0,21.275412567614,21.275412567614,100.0
720,1,40.41459657336772,40.41459657336772,100.0
720,2,38.30999085901829,38.30999085901829,100.0
730,0,23.93094392626659,23.93094392626659,100.0
730,1,25.890507123423184,25.890507123423184,100.0
730,2,50.17854895031022,50.17854895031022,100.0
740,0,20.878902880536664,20.878902880536664,100.0
740,1,39.39035406850944,39.39035406850944,100.0
740,2,39.73074305095389,39.73074305095389,100.0
750,0,24.151008661788566,24.151008661788566,100.0
750,1,27.48465157015621,27.48465157015621,100.0
750,2,48.36433976805522,48.36433976805522,100.0
760,0,21.444512070982512,21.444512070982512,100.0
760,1,39.76878872704343,39.76878872704343,100.0
760,2,38.78669920197406,38.78669920197406,100.0
770,0,21.297996898963902,21.297996898963902,100.0
770,1,36.16557526945127,36.16557526945127,100.0
770,2,42.53642783158483,42.53642783158483,100.0
780,0,21.026027849725843,21.026027849725843,100.0
780,1,45.509678789734224,45.509678789734224,100.0
780,2,33.46429336053993,33.46429336053993,100.0
790,0,22.46474996750909,22.46474996750909,100.0
790,1,28.845811788433334,28.845811788433334,100.0
790,2,48.689438244057584,48.689438244057584,100.0
800,0,24.3583119105355,24.3583119105355,100.0
800,1,29.801133244085815,29.801133244085815,100.0
800,2,45.840554845378676,45.840554845378676,100.0
810,0,27.290601818655325,27.290601818655325,100.0
810,1,31.9938785099838,31.9938785099838,100.0
810,2,40.71551967136087,40.71551967136087,100.0
820,0,21.46651397562692,21.46651397562692,100.0
820,1,41.16018881862938,41.16018881862938,100.0
820,2,37.373297205743704,37.373297205743704,100.0
830,0,24.031705815426978,24.031705815426978,100.0
830,1,32.14302681285853,32.14302681285853,100.0
830,2,43.825267371714496,43.825267371714496,100.0
840,0,22.633743370047366,22.633743370047366,100.0
840,1,31.854799444262273,31.854799444262273,100.0
840,2,45.51145718569036,45.51145718569036,100.0
850,0,23.014088960452405,23.014088960452405,100.0
850,1,26.987755354689103,26.987755354689103,100.0
850,2,49.998155684858496,49.998155684858496,100.0
860,0,21.378072279518683,21.378072279518683,100.0
860,1,41.95311863861518,41.95311863861518,100.0
860,2,36.66880908186613,36.66880908186613,100.0
870,0,20.972428094362648,20.972428094362648,100.0
870,1,43.96031475410066,43.96031475410066,100.0
870,2,35.06725715153671,35.06725715153671,100.0
880,0,20.72210629677349,20.72210629677349,100.0
880,1,39.501250358732534,39.501250358732534,100.0
880,2,39.776643344493976,39.776643344493976,100.0
890,0,22.751242494971578,22.751242494971578,100.0
890,1,39.387778813072124,39.387778813072124,100.0
890,2,37.86097869195629,37.86097869195629,100.0
900,0,22.37576666057073,22.37576666057073,100.0
900,1,39.743334597743065,39.743334597743065,100.0
900,2,37.88089874168621,37.88089874168621,100.0
910,0,21.13016985053171,21.13016985053171,100.0
910,1,40.9806785862417,40.9806785862417,100.0
910,2,37.889151563226584,37.889151563226584,100.0
920,0,22.407088624682807,22.407088624682807,100.0
920,1,37.1456889618109,37.1456889618109,100.0
920,2,40.447222413506296,40.447222413506296,100.0
930,0,22.217551901293607,22.217551901293607,100.0
930,1,44.64588964292603,44.64588964292603,100.0
930,2,33.13655845578036,33.13655845578036,100.0
940,0,23.30918222539239,23.30918222539239,100.0
940,1,29.428386943785522,29.428386943785522,100.0
940,2,47.26243083082208,47.26243083082208,100.0
950,0,24.354914714141067,24.354914714141067,100.0
950,1,32.69475325630108,32.69475325630108,100.0
950,2,42.950332029557856,42.950332029557856,100.0
960,0,22.60806498576414,22.60806498576414,100.0
960,1,26.511531909003004,26.511531909003004,100.0
960,2,50.88040310523285,50.88040310523285,100.0
970,0,23.215338139283944,23.215338139283944,100.0
970,1,31.98077876099015,31.98077876099015,100.0
970,2,44.80388309972591,44.80388309972591,100.0
980,0,21.749402789975758,21.749402789975758,100.0
980,1,42.090619686011635,42.090619686011635,100.0
980,2,36.15997752401261,36.15997752401261,100.0
990,0,23.97322172174754,23.97322172174754,100.0
990,1,30.256165467445754,30.256165467445754,100.0
990,2,45.77061281080671,45.77061281080671,100.0
1000,0,21.995355381462918,21.995355381462918,100.0
1000,1,39.798845954058834,39.798845954058834,100.0
1000,2,38.205798664478245,38.205798664478245,100.0
1010,0,21.756294446729566,21.756294446729566,100.0
1010,1,35.14897871570988,35.14897871570988,100.0
1010,2,43.09472683756056,43.09472683756056,100.0
1020,0,23.859546597328112,23.859546597328112,100.0
1020,1,29.49320353818825,29.49320353818825,100.0
1020,2,46.64724986448364,46.64724986448364,100.0
1030,0,24.711385714567268,24.711385714567268,100.0
1030,1,28.86610411707762,28.86610411707762,100.0
1030,2,46.42251016835512,46.42251016835512,100.0
1040,0,22.395513266653655,22.395513266653655,100.0
1040,1,32.63210114409571,32.63210114409571,100.0
1040,2,44.97238558925064,44.97238558925064,100.0
1050,0,23.415095226780963,23.415095226780963,100.0
1050,1,28.91839115857196,28.91839115857196,100.0
1050,2,47.66651361464708,47.66651361464708,100.0
1060,0,22.624247976554525,22.624247976554525,100.0
1060,1,32.98719204496611,32.98719204496611,100.0
1060,2,44.388559978479364,44.388559978479364,100.0
1070,0,22.083303784911564,22.083303784911564,100.0
1070,1,34.68963939052464,34.68963939052464,100.0
1070,2,43.227056824563796,43.227056824563796,100.0
1080,0,21.997805561921798,21.997805561921798,100.0
1080,1,43.26918219808113,43.26918219808113,100.0
1080,2,34.733012239997066,34.733012239997066,100.0
1090,0,22.132029958794142,22.132029958794142,100.0
1090,1,37.03230491021139,37.03230491021139,100.0
1090,2,40.83566513099447,40.83566513099447,100.0
1100,0,30.188223125341825,30.188223125341825,100.0
1100,1,32.62721618213503,32.62721618213503,100.0
1100,2,37.184560692523156,37.184560692523156,100.0
1110,0,23.693961951998567,23.693961951998567,100.0
1110,1,30.065426421441177,30.065426421441177,100.0
1110,2,46.24061162656026,46.24061162656026,100.0
1120,0,23.049082003479082,23.049082003479082,100.0
1120,1,37.40811804773375,37.40811804773375,100.0
1120,2,39.54279994878716,39.54279994878716,100.0
1130,0,22.517068162562175,22.517068162562175,100.0
1130,1,32.144171318612095,32.144171318612095,100.0
1130,2,45.33876051882573,45.33876051882573,100.0
1140,0,26.67006157456187,26.67006157456187,100.0
1140,1,37.117353309420665,37.117353309420665,100.0
1140,2,36.21258511601746,36.21258511601746,100.0
1150,0,24.390845612331695,24.390845612331695,100.0
1150,1,29.98780318410585,29.98780318410585,100.0
1150,2,45.621351203562455,45.621351203562455,100.0
1160,0,21.98081132194218,21.98081132194218,100.0
1160,1,36.51401854607187,36.51401854607187,100.0
1160,2,41.50517013198595,41.50517013198595,100.0
1170,0,23.972131111705124,23.972131111705124,100.0
1170,1,28.895734164404246,28.895734164404246,100.0
1170,2,47.13213472389064,47.13213472389064,100.0
1180,0,24.45990226553045,24.45990226553045,100.0
1180,1,29.50537884713634,29.50537884713634,100.0
1180,2,46.03471888733321,46.03471888733321,100.0
1190,0,23.48551836544923,23.48551836544923,100.0
1190,1,29.38243386046538,29.38243386046538,100.0
1190,2,47.132047774085386,47.132047774085386,100.0
1200,0,30.249186731981194,30.249186731981194,100.0
1200,1,30.187407154456558,30.187407154456558,100.0
1200,2,39.56340611356225,39.56340611356225,100.0
1210,0,20.901986679975494,20.901986679975494,100.0
1210,1,41.337708687466346,41.337708687466346,100.0
1210,2,37.76030463255816,37.76030463255816,100.0
1220,0,21.669913465509598,21.669913465509598,100.0
1220,1,40.802733408563554,40.802733408563554,100.0
1220,2,37.52735312592685,37.52735312592685,100.0
1230,0,22.007719232721275,22.007719232721275,100.0
1230,1,32.14771240519468,32.14771240519468,100.0
1230,2,45.84456836208404,45.84456836208404,100.0
1240,0,21.26565652601819,21.26565652601819,100.0
1240,1,40.85580391861323,40.85580391861323,100.0
1240,2,37.87853955536857,37.87853955536857,100.0
1250,0,23.266402156668786,23.266402156668786,100.0
1250,1,29.085830990616547,29.085830990616547,100.0
1250,2,47.64776685271467,47.64776685271467,100.0
1260,0,21.905525729111407,21.905525729111407,100.0
1260,1,37.237701114547484,37.237701114547484,100.0
1260,2,40.856773156341106,40.856773156341106,100.0
1270,0,22.70677494091468,22.70677494091468,100.0
1270,1,27.62206169355828,27.62206169355828,100.0
1270,2,49.671163365527036,49.671163365527036,100.0
1280,0,21.18222898036377,21.18222898036377,100.0
1280,1,39.91607188135871,39.91607188135871,100.0
1280,2,38.901699138277515,38.901699138277515,100.0
1290,0,21.873158285657535,21.873158285657535,100.0
1290,1,39.23483439123731,39.23483439123731,100.0
1290,2,38.89200732310516,38.89200732310516,100.0
1300,0,23.035736718738654,23.035736718738654,100.0
1300,1,31.922521528634167,31.922521528634167,100.0
1300,2,45.04174175262718,45.04174175262718,100.0
1310,0,21.9090044431481,21.9090044431481,100.0
1310,1,43.969115733156656,43.969115733156656,100.0
1310,2,34.12187982369525,34.12187982369525,100.0
1320,0,25.614549679629384,25.614549679629384,100.0
1320,1,31.72273953646111,31.72273953646111,100.0
1320,2,42.6627107839095,42.6627107839095,100.0
1330,0,24.613533969365825,24.613533969365825,100.0
1330,1,29.183792117315388,29.183792117315388,100.0
1330,2,46.20267391331879,46.20267391331879,100.0
1340,0,23.706472318142822,23.706472318142822,100.0
1340,1,43.468598983729855,43.468598983729855,100.0
1340,2,32.82492869812732,32.82492869812732,100.0
1350,0,22.368613939558788,22.368613939558788,100.0
1350,1,30.91776757667784,30.91776757667784,100.0
1350,2,46.71361848376338,46.71361848376338,100.0
1360,0,21.579265722491456,21.579265722491456,100.0
1360,1,38.38694713944592,38.38694713944592,100.0
1360,2,40.03378713806263,40.03378713806263,100.0
1370,0,20.642168487955868,20.642168487955868,100.0
1370,1,39.21850909635117,39.21850909635117,100.0
1370,2,40.13932241569297,40.13932241569297,100.0
1380,0,21.283589654915502,21.283589654915502,100.0
1380,1,39.9835380172679,39.9835380172679,100.0
1380,2,38.73287232781661,38.73287232781661,100.0
1390,0,21.749981257833653,21.749981257833653,100.0
1390,1,37.468936412478996,37.468936412478996,100.0
1390,2,40.78108232968735,40.78108232968735,100.0
1400,0,22.32553154134649,22.32553154134649,100.0
1400,1,30.799551409157466,30.799551409157466,100.0
1400,2,46.87491704949605,46.87491704949605,100.0
1410,0,24.50519726199436,24.50519726199436,100.0
1410,1,33.441154313747475,33.441154313747475,100.0
1410,2,42.053648424258164,42.053648424258164,100.0
1420,0,22.233167344749706,22.233167344749706,100.0
1420,1,32.313441025304556,32.313441025304556,100.0
1420,2,45.45339162994574,45.45339162994574,100.0
1430,0,21.486389370709933,21.486389370709933,100.0
1430,1,42.04217454475977,42.04217454475977,100.0
1430,2,36.471436084530296,36.471436084530296,100.0
1440,0,22.007330810719296,22.007330810719296,100.0
1440,1,32.3443818015821,32.3443818015821,100.0
1440,2,45.64828738769861,45.64828738769861,100.0
1450,0,24.390181047665696,24.390181047665696,100.0
1450,1,29.33123838315967,29.33123838315967,100.0
1450,2,46.27858056917463,46.27858056917463,100.0
1460,0,25.008949595018215,25.008949595018215,100.0
1460,1,33.99155391325601,33.99155391325601,100.0
1460,2,40.99949649172577,40.99949649172577,100.0
1470,0,22.89784055288859,22.89784055288859,100.0
1470,1,29.324235865766063,29.324235865766063,100.0
1470,2,47.77792358134534,47.77792358134534,100.0
1480,0,23.160638982836275,23.160638982836275,100.0
1480,1,37.962037026271176,37.962037026271176,100.0
1480,2,38.87732399089255,38.87732399089255,100.0
1490,0,21.620495530199307,21.620495530199307,100.0
1490,1,43.938886787831905,43.938886787831905,100.0
1490,2,34.44061768196879,34.44061768196879,100.0
1500,0,22.875403265388407,22.875403265388407,100.0
1500,1,28.609429217905145,28.609429217905145,100.0
1500,2,48.515167516706455,48.515167516706455,100.0
1510,0,24.81844583405878,24.81844583405878,100.0
1510,1,31.338125693999945,31.338125693999945,100.0
1510,2,43.84342847194127,43.84342847194127,100.0
1520,0,23.255183495698777,23.255183495698777,100.0
1520,1,28.898018747807686,28.898018747807686,100.0
1520,2,47.846797756493544,47.846797756493544,100.0
1530,0,23.340704882623402,23.340704882623402,100.0
1530,1,26.522427731777398,26.522427731777398,100.0
1530,2,50.1368673855992,50.1368673855992,100.0
1540,0,21.753759647373627,21.753759647373627,100.0
1540,1,41.465744847561275,41.465744847561275,100.0
1540,2,36.7804955050651,36.7804955050651,100.0
1550,0,23.282215684124754,23.282215684124754,100.0
1550,1,27.997611338302207,27.997611338302207,100.0
1550,2,48.72017297757304,48.72017297757304,100.0
1560,0,22.005934961221058,22.005934961221058,100.0
1560,1,41.27217974277996,41.27217974277996,100.0
1560,2,36.72188529599898,36.72188529599898,100.0
1570,0,25.62869110122986,25.62869110122986,100.0
1570,1,31.464074681873893,31.464074681873893,100.0
1570,2,42.907234216896256,42.907234216896256,100.0
1580,0,22.227271973633094,22.227271973633094,100.0
1580,1,35.00757493418668,35.00757493418668,100.0
1580,2,42.76515309218023,42.76515309218023,100.0
1590,0,21.947675151461095,21.947675151461095,100.0
1590,1,35.786866558650985,35.786866558650985,100.0
1590,2,42.26545828988792,42.26545828988792,100.0
1600,0,20.217074162690903,20.217074162690903,100.0
1600,1,43.55008343990428,43.55008343990428,100.0
1600,2,36.23284239740482,36.23284239740482,100.0
1610,0,22.892542579683074,22.892542579683074,100.0
1610,1,32.845822960567276,32.845822960567276,100.0
1610,2,44.261634459749665,44.261634459749665,100.0
1620,0,23.857017360477716,23.857017360477716,100.0
1620,1,25.98759971230848,25.98759971230848,100.0
1620,2,50.1553829272138,50.1553829272138,100.0
1630,0,22.555309028275524,22.555309028275524,100.0
1630,1,37.04986750172666,37.04986750172666,100.0
1630,2,40.394823469997824,40.394823469997824,100.0
1640,0,21.10625573701573,21.10625573701573,100.0
1640,1,44.75248245221086,44.75248245221086,100.0
1640,2,34.14126181077341,34.14126181077341,100.0
1650,0,23.74483278076496,23.74483278076496,100.0
1650,1,26.001372988897025,26.001372988897025,100.0
1650,2,50.25379423033802,50.25379423033802,100.0
1660,0,22.126729682285443,22.126729682285443,100.0
1660,1,36.61380574748813,36.61380574748813,100.0
1660,2,41.25946457022642,41.25946457022642,100.0
1670,0,20.94011708444659,20.94011708444659,100.0
1670,1,40.21934479098577,40.21934479098577,100.0
1670,2,38.84053812456764,38.84053812456764,100.0
1680,0,21.974894911663096,21.974894911663096,100.0
1680,1,38.22732466779575,38.22732466779575,100.0
1680,2,39.79778042054116,39.79778042054116,100.0
1690,0,22.35219343526258,22.35219343526258,100.0
1690,1,29.062766220742265,29.062766220742265,100.0
1690,2,48.58504034399515,48.58504034399515,100.0
1700,0,21.087363855559733,21.087363855559733,100.0
1700,1,38.89258865585463,38.89258865585463,100.0
1700,2,40.02004748858564,40.02004748858564,100.0
1710,0,21.510053964976514,21.510053964976514,100.0
1710,1,35.32683468933426,35.32683468933426,100.0
1710,2,43.163111345689224,43.163111345689224,100.0
1720,0,21.79888617985992,21.79888617985992,100.0
1720,1,43.83233872133786,43.83233872133786,100.0
1720,2,34.368775098802224,34.368775098802224,100.0
1730,0,23.29468647538754,23.29468647538754,100.0
1730,1,26.746997010839102,26.746997010839102,100.0
1730,2,49.95831651377336,49.95831651377336,100.0
1740,0,20.72596752694285,20.72596752694285,100.0
1740,1,39.697828754383124,39.697828754383124,100.0
1740,2,39.57620371867402,39.57620371867402,100.0
1750,0,21.951150065026095,21.951150065026095,100.0
1750,1,40.84952761724133,40.84952761724133,100.0
1750,2,37.19932231773257,37.19932231773257,100.0
1760,0,22.17844948876505,22.17844948876505,100.0
1760,1,28.628750422919975,28.628750422919975,100.0
1760,2,49.192800088314975,49.192800088314975,100.0
1770,0,21.39002303378391,21.39002303378391,100.0
1770,1,43.77190697935934,43.77190697935934,100.0
1770,2,34.83806998685676,34.83806998685676,100.0
1780,0,31.087126118058638,31.087126118058638,100.0
1780,1,27.446601604776035,27.446601604776035,100.0
1780,2,41.46627227716533,41.46627227716533,100.0
1790,0,23.50034044600388,23.50034044600388,100.0
1790,1,26.754449865641618,26.754449865641618,100.0
1790,2,49.745209688354514,49.745209688354514,100.0
1800,0,23.749778405363333,23.749778405363333,100.0
1800,1,30.456970907652163,30.456970907652163,100.0
1800,2,45.79325068698451,45.79325068698451,100.0
1810,0,21.61108805279087,21.61108805279087,100.0
1810,1,42.768303264902165,42.768303264902165,100.0
1810,2,35.620608682306965,35.620608682306965,100.0
1820,0,23.225027555102674,23.225027555102674,100.0
1820,1,29.302900993977588,29.302900993977588,100.0
1820,2,47.472071450919735,47.472071450919735,100.0
1830,0,22.664926529346403,22.664926529346403,100.0
1830,1,31.40727951113586,31.40727951113586,100.0
1830,2,45.92779395951773,45.92779395951773,100.0
1840,0,21.316475763700304,21.316475763700304,100.0
1840,1,38.80513723377681,38.80513723377681,100.0
1840,2,39.87838700252288,39.87838700252288,100.0
1850,0,20.575801453572826,20.575801453572826,100.0
1850,1,44.16148978209562,44.16148978209562,100.0
1850,2,35.26270876433155,35.26270876433155,100.0
1860,0,21.400424654202833,21.400424654202833,100.0
1860,1,39.04793106013983,39.04793106013983,100.0
1860,2,39.551644285657346,39.551644285657346,100.0
1870,0,24.004673441455292,24.004673441455292,100.0
1870,1,27.13746161732117,27.13746161732117,100.0
1870,2,48.85786494122353,48.85786494122353,100.0
1880,0,22.980028774607636,22.980028774607636,100.0
1880,1,33.12441299425149,33.12441299425149,100.0
1880,2,43.89555823114087,43.89555823114087,100.0
1890,0,21.188527626337713,21.188527626337713,100.0
1890,1,42.206717038494915,42.206717038494915,100.0
1890,2,36.60475533516738,36.60475533516738,100.0
1900,0,23.32042920244511,23.32042920244511,100.0
1900,1,33.98657390511122,33.98657390511122,100.0
1900,2,42.69299689244367,42.69299689244367,100.0
1910,0,21.27946880695399,21.27946880695399,100.0
1910,1,42.44511490981513,42.44511490981513,100.0
1910,2,36.275416283230875,36.275416283230875,100.0
1920,0,22.08565059402503,22.08565059402503,100.0
1920,1,33.28099204112645,33.28099204112645,100.0
1920,2,44.63335736484851,44.63335736484851,100.0
1930,0,22.15638452038025,22.15638452038025,100.0
1930,1,35.728195725234855,35.728195725234855,100.0
1930,2,42.115419754384895,42.115419754384895,100.0
1940,0,20.590425932619848,20.590425932619848,100.0
1940,1,42.62020355372065,42.62020355372065,100.0
1940,2,36.789370513659506,36.789370513659506,100.0
1950,0,24.195991023967608,24.195991023967608,100.0
1950,1,30.32115052260696,30.32115052260696,100.0
1950,2,45.482858453425436,45.482858453425436,100.0
1960,0,22.128591569266863,22.128591569266863,100.0
1960,1,32.619852075470426,32.619852075470426,100.0
1960,2,45.251556355262714,45.251556355262714,100.0
1970,0,22.825415318692816,22.825415318692816,100.0
1970,1,37.53595177190068,37.53595177190068,100.0
1970,2,39.63863290940651,39.63863290940651,100.0
1980,0,23.545210604939683,23.545210604939683,100.0
1980,1,33.72877248556178,33.72877248556178,100.0
1980,2,42.72601690949854,42.72601690949854,100.0
1990,0,24.132445471233122,24.132445471233122,100.0
1990,1,40.12216699598646,40.12216699598646,100.0
1990,2,35.74538753278041,35.74538753278041,100.0
2000,0,20.233697954306532,20.233697954306532,100.0
2000,1,42.40333283946375,42.40333283946375,100.0
2000,2,37.36296920622972,37.36296920622972,100.0
2010,0,21.525384556470332,21.525384556470332,100.0
2010,1,43.49597756721669,43.49597756721669,100.0
2010,2,34.97863787631297,34.97863787631297,100.0
2020,0,22.229350242734945,22.229350242734945,100.0
2020,1,33.60259967711535,33.60259967711535,100.0
2020,2,44.1680500801497,44.1680500801497,100.0
2030,0,22.33838043385509,22.33838043385509,100.0
2030,1,38.7142986575636,38.7142986575636,100.0
2030,2,38.947320908581304,38.947320908581304,100.0
2040,0,23.27278296805094,23.27278296805094,100.0
2040,1,36.520733535926205,36.520733535926205,100.0
2040,2,40.20648349602286,40.20648349602286,100.0
2050,0,24.156181921102533,24.156181921102533,100.0
2050,1,30.21219677135366,30.21219677135366,100.0
2050,2,45.63162130754381,45.63162130754381,100.0
2060,0,20.80978229398282,20.80978229398282,100.0
2060,1,42.47177605373618,42.47177605373618,100.0
2060,2,36.718441652281,36.718441652281,100.0
2070,0,25.056336693930337,25.056336693930337,100.0
2070,1,28.197500358017663,28.197500358017663,100.0
2070,2,46.746162948052,46.746162948052,100.0
2080,0,23.298550403555357,23.298550403555357,100.0
2080,1,29.55746581206331,29.55746581206331,100.0
2080,2,47.143983784381334,47.143983784381334,100.0
2090,0,22.65227552790833,22.65227552790833,100.0
2090,1,35.338857687692624,35.338857687692624,100.0
2090,2,42.00886678439905,42.00886678439905,100.0
2100,0,21.229328580437983,21.229328580437983,100.0
2100,1,43.730401225777484,43.730401225777484,100.0
2100,2,35.04027019378452,35.04027019378452,100.0
2110,0,22.5602271114802,22.5602271114802,100.0
2110,1,27.429220273635874,27.429220273635874,100.0
2110,2,50.01055261488393,50.01055261488393,100.0
2120,0,22.447747867656503,22.447747867656503,100.0
2120,1,29.5854741261731,29.5854741261731,100.0
2120,2,47.966778006170394,47.966778006170394,100.0
2130,0,20.987862448184423,20.987862448184423,100.0
2130,1,42.37398774315899,42.37398774315899,100.0
2130,2,36.63814980865658,36.63814980865658,100.0
2140,0,21.342525643244414,21.342525643244414,100.0
2140,1,39.48648293204254,39.48648293204254,100.0
2140,2,39.170991424713044,39.170991424713044,100.0
2150,0,24.05782586579211,24.05782586579211,100.0
2150,1,27.99817468840788,27.99817468840788,100.0
2150,2,47.94399944580001,47.94399944580001,100.0
2160,0,26.423906586421868,26.423906586421868,100.0
2160,1,36.744992611998434,36.744992611998434,100.0
2160,2,36.831100801579694,36.831100801579694,100.0
2170,0,21.017250021290053,21.017250021290053,100.0
2170,1,46.47870020809624,46.47870020809624,100.0
2170,2,32.50404977061371,32.50404977061371,100.0
2180,0,24.06338317949894,24.06338317949894,100.0
2180,1,28.900429951326075,28.900429951326075,100.0
2180,2,47.03618686917498,47.03618686917498,100.0
2190,0,20.596238835838165,20.596238835838165,100.0
2190,1,43.604385728847525,43.604385728847525,100.0
2190,2,35.79937543531432,35.79937543531432,100.0
2200,0,20.488210618171617,20.488210618171617,100.0
2200,1,44.85404198517217,44.85404198517217,100.0
2200,2,34.65774739665622,34.65774739665622,100.0
2210,0,24.106770317953526,24.106770317953526,100.0
2210,1,25.985229274012518,25.985229274012518,100.0
2210,2,49.90800040803396,49.90800040803396,100.0
2220,0,22.9067958997424,22.9067958997424,100.0
2220,1,27.157552541288815,27.157552541288815,100.0
2220,2,49.935651558968786,49.935651558968786,100.0
2230,0,22.244317479236,22.244317479236,100.0
2230,1,33.16324693260324,33.16324693260324,100.0
2230,2,44.592435588160754,44.592435588160754,100.0
2240,0,20.623190545393054,20.623190545393054,100.0
2240,1,42.54835175415849,42.54835175415849,100.0
2240,2,36.82845770044845,36.82845770044845,100.0
2250,0,24.032345386314436,24.032345386314436,100.0
2250,1,26.753418066155433,26.753418066155433,100.0
2250,2,49.214236547530135,49.214236547530135,100.0
2260,0,22.818432166779903,22.818432166779903,100.0
2260,1,39.54807535319398,39.54807535319398,100.0
2260,2,37.63349248002611,37.63349248002611,100.0
2270,0,20.855366949897117,20.855366949897117,100.0
2270,1,43.34530340638529,43.34530340638529,100.0
2270,2,35.7993296437176,35.7993296437176,100.0
2280,0,22.254675870602004,22.254675870602004,100.0
2280,1,32.99006013556603,32.99006013556603,100.0
2280,2,44.75526399383196,44.75526399383196,100.0
2290,0,23.720388180030206,23.720388180030206,100.0
2290,1,41.43946580586086,41.43946580586086,100.0
2290,2,34.84014601410893,34.84014601410893,100.0
2300,0,23.03167405434365,23.03167405434365,100.0
2300,1,26.398527809062493,26.398527809062493,100.0
2300,2,50.56979813659386,50.56979813659386,100.0
2310,0,25.794136739702623,25.794136739702623,100.0
2310,1,30.18820680914787,30.18820680914787,100.0
2310,2,44.01765645114951,44.01765645114951,100.0
2320,0,20.94704327413269,20.94704327413269,100.0
2320,1,43.85868682377172,43.85868682377172,100.0
2320,2,35.1942699020956,35.1942699020956,100.0
2330,0,24.639772223285927,24.639772223285927,100.0
2330,1,27.404985951783566,27.404985951783566,100.0
2330,2,47.9552418249305,47.9552418249305,100.0
2340,0,21.238473098517336,21.238473098517336,100.0
2340,1,41.59805283798287,41.59805283798287,100.0
2340,2,37.1634740634998,37.1634740634998,100.0
2350,0,23.266295183389254,23.266295183389254,100.0
2350,1,26.620298043378398,26.620298043378398,100.0
2350,2,50.11340677323235,50.11340677323235,100.0
2360,0,22.857225265973664,22.857225265973664,100.0
2360,1,36.06981981829844,36.06981981829844,100.0
2360,2,41.07295491572789,41.07295491572789,100.0
2370,0,22.932093526822,22.932093526822,100.0
2370,1,28.60638863167094,28.60638863167094,100.0
2370,2,48.46151784150706,48.46151784150706,100.0
2380,0,27.035525077293386,27.035525077293386,100.0
2380,1,28.95371412504335,28.95371412504335,100.0
2380,2,44.01076079766326,44.01076079766326,100.0
2390,0,22.09307617087928,22.09307617087928,100.0
2390,1,28.012564847813042,28.012564847813042,100.0
2390,2,49.89435898130768,49.89435898130768,100.0
2400,0,22.799153935061483,22.799153935061483,100.0
2400,1,32.403750561485275,32.403750561485275,100.0
2400,2,44.79709550345324,44.79709550345324,100.0
2410,0,25.708715537243553,25.708715537243553,100.0
2410,1,36.480788067687776,36.480788067687776,100.0
2410,2,37.81049639506867,37.81049639506867,100.0
2420,0,23.40016415168561,23.40016415168561,100.0
2420,1,26.211500923811514,26.211500923811514,100.0
2420,2,50.38833492450288,50.38833492450288,100.0
2430,0,23.201801043219984,23.201801043219984,100.0
2430,1,28.424637107859006,28.424637107859006,100.0
2430,2,48.37356184892101,48.37356184892101,100.0
2440,0,24.102801419774888,24.102801419774888,100.0
2440,1,35.575956756230525,35.575956756230525,100.0
2440,2,40.32124182399458,40.32124182399458,100.0
2450,0,25.93425207469884,25.93425207469884,100.0
2450,1,29.922583384960046,29.922583384960046,100.0
2450,2,44.14316454034112,44.14316454034112,100.0
2460,0,21.100380883557555,21.100380883557555,100.0
2460,1,44.10793807677839,44.10793807677839,100.0
2460,2,34.791681039664056,34.791681039664056,100.0
2470,0,23.005943948815315,23.005943948815315,100.0
2470,1,34.58210347157653,34.58210347157653,100.0
2470,2,42.411952579608155,42.411952579608155,100.0
2480,0,23.650357857621334,23.650357857621334,100.0
2480,1,48.56368524175035,48.56368524175035,100.0
2480,2,27.785956900628317,27.785956900628317,100.0
2490,0,23.169825379281058,23.169825379281058,100.0
2490,1,29.399690975496185,29.399690975496185,100.0
2490,2,47.43048364522275,47.43048364522275,100.0
2500,0,21.17734559137803,21.17734559137803,100.0
2500,1,41.80179847828881,41.80179847828881,100.0
2500,2,37.02085593033316,37.02085593033316,100.0
2510,0,25.27863144038744,25.27863144038744,100.0
2510,1,38.06943323921699,38.06943323921699,100.0
2510,2,36.65193532039559,36.65193532039559,100.0
2520,0,22.676019096563405,22.676019096563405,100.0
2520,1,28.249634997498486,28.249634997498486,100.0
2520,2,49.07434590593812,49.07434590593812,100.0
2530,0,22.811216969849376,22.811216969849376,100.0
2530,1,42.399863619463964,42.399863619463964,100.0
2530,2,34.78891941068666,34.78891941068666,100.0
2540,0,20.934352872664647,20.934352872664647,100.0
2540,1,43.11855273170953,43.11855273170953,100.0
2540,2,35.94709439562583,35.94709439562583,100.0
2550,0,20.849851081941626,20.849851081941626,100.0
2550,1,43.34025459162786,43.34025459162786,100.0
2550,2,35.809894326430516,35.809894326430516,100.0
2560,0,21.582727249959106,21.582727249959106,100.0
2560,1,42.015928592299936,42.015928592299936,100.0
2560,2,36.401344157740965,36.401344157740965,100.0
2570,0,24.328437871227337,24.328437871227337,100.0
2570,1,26.471326894862447,26.471326894862447,100.0
2570,2,49.20023523391022,49.20023523391022,100.0
2580,0,23.759049201349484,23.759049201349484,100.0
2580,1,37.998254115582206,37.998254115582206,100.0
2580,2,38.24269668306832,38.24269668306832,100.0
2590,0,23.36327318531061,23.36327318531061,100.0
2590,1,38.83569338210508,38.83569338210508,100.0
2590,2,37.80103343258432,37.80103343258432,100.0
2600,0,24.076670951582642,24.076670951582642,100.0
2600,1,35.78580731411604,35.78580731411604,100.0
2600,2,40.137521734301316,40.137521734301316,100.0
2610,0,22.45690212530984,22.45690212530984,100.0
2610,1,32.050299535967056,32.050299535967056,100.0
2610,2,45.492798338723105,45.492798338723105,100.0
2620,0,24.062400645051834,24.062400645051834,100.0
2620,1,36.42072594683808,36.42072594683808,100.0
2620,2,39.51687340811009,39.51687340811009,100.0
2630,0,24.889446973548406,24.889446973548406,100.0
2630,1,26.915713115154933,26.915713115154933,100.0
2630,2,48.194839911296654,48.194839911296654,100.0
2640,0,26.30896010541377,26.30896010541377,100.0
2640,1,38.504974441188935,38.504974441188935,100.0
2640,2,35.186065453397305,35.186065453397305,100.0
2650,0,21.199670830297602,21.199670830297602,100.0
2650,1,37.67966579506463,37.67966579506463,100.0
2650,2,41.12066337463777,41.12066337463777,100.0
2660,0,25.60906438117934,25.60906438117934,100.0
2660,1,31.013488658275413,31.013488658275413,100.0
2660,2,43.37744696054525,43.37744696054525,100.0
2670,0,23.75209682688166,23.75209682688166,100.0
2670,1,31.358179333908303,31.358179333908303,100.0
2670,2,44.889723839210035,44.889723839210035,100.0
2680,0,23.321589626070764,23.321589626070764,100.0
2680,1,33.78696290450561,33.78696290450561,100.0
2680,2,42.891447469423625,42.891447469423625,100.0
2690,0,22.437551935164677,22.437551935164677,100.0
2690,1,31.22327237611603,31.22327237611603,100.0
2690,2,46.339175688719294,46.339175688719294,100.0
2700,0,23.62507861551369,23.62507861551369,100.0
2700,1,32.9908484606656,32.9908484606656,100.0
2700,2,43.38407292382072,43.38407292382072,100.0
2710,0,21.684068561267942,21.684068561267942,100.0
2710,1,41.89853602659558,41.89853602659558,100.0
2710,2,36.41739541213648,36.41739541213648,100.0
2720,0,21.597727698601684,21.597727698601684,100.0
2720,1,49.97886055703565,49.97886055703565,100.0
2720,2,28.42341174436266,28.42341174436266,100.0
2730,0,21.423241615412934,21.423241615412934,100.0
2730,1,44.00711350555719,44.00711350555719,100.0
2730,2,34.56964487902987,34.56964487902987,100.0
2740,0,21.985202174970855,21.985202174970855,100.0
2740,1,38.73259008490284,38.73259008490284,100.0
2740,2,39.2822077401263,39.2822077401263,100.0
2750,0,22.525090151096332,22.525090151096332,100.0
2750,1,28.75517225781725,28.75517225781725,100.0
2750,2,48.71973759108641,48.71973759108641,100.0
2760,0,26.50447259565565,26.50447259565565,100.0
2760,1,25.0230560852022,25.0230560852022,100.0
2760,2,48.47247131914215,48.47247131914215,100.0
2770,0,23.840006329911105,23.840006329911105,100.0
2770,1,26.790934221506745,26.790934221506745,100.0
2770,2,49.369059448582156,49.369059448582156,100.0
2780,0,24.493666575817596,24.493666575817596,100.0
2780,1,33.11981315200073,33.11981315200073,100.0
2780,2,42.38652027218167,42.38652027218167,100.0
2790,0,23.441921595677613,23.441921595677613,100.0
2790,1,38.920077487617704,38.920077487617704,100.0
2790,2,37.638000916704684,37.638000916704684,100.0
2800,0,23.789751661764967,23.789751661764967,100.0
2800,1,28.380719964983154,28.380719964983154,100.0
2800,2,47.829528373251875,47.829528373251875,100.0
2810,0,23.60173821837082,23.60173821837082,100.0
2810,1,35.79666351940756,35.79666351940756,100.0
2810,2,40.60159826222163,40.60159826222163,100.0
2820,0,20.643845451415434,20.643845451415434,100.0
2820,1,43.27482676158339,43.27482676158339,100.0
2820,2,36.08132778700117,36.08132778700117,100.0
2830,0,21.663614769541407,21.663614769541407,100.0
2830,1,37.38202754021531,37.38202754021531,100.0
2830,2,40.954357690243285,40.954357690243285,100.0
2840,0,25.32696268515696,25.32696268515696,100.0
2840,1,26.61293210970559,26.61293210970559,100.0
2840,2,48.06010520513745,48.06010520513745,100.0
2850,0,21.7979941656439,21.7979941656439,100.0
2850,1,46.78652841128305,46.78652841128305,100.0
2850,2,31.415477423073053,31.415477423073053,100.0
2860,0,24.81484832872291,24.81484832872291,100.0
2860,1,26.168938231054607,26.168938231054607,100.0
2860,2,49.01621344022249,49.01621344022249,100.0
2870,0,22.89966325671246,22.89966325671246,100.0
2870,1,35.29520266402165,35.29520266402165,100.0
2870,2,41.80513407926589,41.80513407926589,100.0
2880,0,22.635641739068635,22.635641739068635,100.0
2880,1,40.11108028322593,40.11108028322593,100.0
2880,2,37.25327797770544,37.25327797770544,100.0
2890,0,23.10309184981208,23.10309184981208,100.0
2890,1,39.77454596566729,39.77454596566729,100.0
2890,2,37.12236218452063,37.12236218452063,100.0
2900,0,23.27927726495515,23.27927726495515,100.0
2900,1,42.09413368775344,42.09413368775344,100.0
2900,2,34.626589047291404,34.626589047291404,100.0
2910,0,26.270502937261718,26.270502937261718,100.0
2910,1,33.76044415785793,33.76044415785793,100.0
2910,2,39.96905290488036,39.96905290488036,100.0
2920,0,23.84536719557668,23.84536719557668,100.0
2920,1,41.84484829136581,41.84484829136581,100.0
2920,2,34.309784513057515,34.309784513057515,100.0
2930,0,21.72532817318761,21.72532817318761,100.0
2930,1,39.82704223106494,39.82704223106494,100.0
2930,2,38.447629595747465,38.447629595747465,100.0
2940,0,22.82600515863305,22.82600515863305,100.0
2940,1,28.106943850249955,28.106943850249955,100.0
2940,2,49.06705099111699,49.06705099111699,100.0
2950,0,29.463916167513432,29.463916167513432,100.0
2950,1,25.59406494620953,25.59406494620953,100.0
2950,2,44.94201888627703,44.94201888627703,100.0
2960,0,24.205647335731744,24.205647335731744,100.0
2960,1,38.305235498176806,38.305235498176806,100.0
2960,2,37.48911716609145,37.48911716609145,100.0
2970,0,25.1220823208506,25.1220823208506,100.0
2970,1,28.257365933772547,28.257365933772547,100.0
2970,2,46.620551745376865,46.620551745376865,100.0
2980,0,26.67796850914105,26.67796850914105,100.0
2980,1,27.952439199740287,27.952439199740287,100.0
2980,2,45.36959229111867,45.36959229111867,100.0
2990,0,23.244083385943455,23.244083385943455,100.0
2990,1,28.632696989534278,28.632696989534278,100.0
2990,2,48.12321962452227,48.12321962452227,100.0
3000,0,26.615499064005405,26.615499064005405,100.0
3000,1,29.323537568892245,29.323537568892245,100.0
3000,2,44.06096336710236,44.06096336710236,100.0
3010,0,20.450355546014382,20.450355546014382,100.0
3010,1,42.466719432910764,42.466719432910764,100.0
3010,2,37.08292502107485,37.08292502107485,100.0
3020,0,23.306587485043252,23.306587485043252,100.0
3020,1,26.991180863874938,26.991180863874938,100.0
3020,2,49.70223165108181,49.70223165108181,100.0
3030,0,22.25431296005741,22.25431296005741,100.0
3030,1,29.74060816950543,29.74060816950543,100.0
3030,2,48.00507887043716,48.00507887043716,100.0
3040,0,26.316526841938348,26.316526841938348,100.0
3040,1,29.847300396220998,29.847300396220998,100.0
3040,2,43.83617276184065,43.83617276184065,100.0
3050,0,21.932311350497663,21.932311350497663,100.0
3050,1,48.526593159018304,48.526593159018304,100.0
3050,2,29.541095490484036,29.541095490484036,100.0
3060,0,21.997737132944472,21.997737132944472,100.0
3060,1,40.62471053124268,40.62471053124268,100.0
3060,2,37.37755233581286,37.37755233581286,100.0
3070,0,23.831007875573263,23.831007875573263,100.0
3070,1,31.641311002765654,31.641311002765654,100.0
3070,2,44.52768112166108,44.52768112166108,100.0
3080,0,21.52866508284461,21.52866508284461,100.0
3080,1,33.5112688835565,33.5112688835565,100.0
3080,2,44.96006603359889,44.96006603359889,100.0
3090,0,24.542704710513675,24.542704710513675,100.0
3090,1,31.806134051332123,31.806134051332123,100.0
3090,2,43.6511612381542,43.6511612381542,100.0
3100,0,21.899083366647506,21.899083366647506,100.0
3100,1,39.01419039632885,39.01419039632885,100.0
3100,2,39.08672623702364,39.08672623702364,100.0
3110,0,21.904055826904134,21.904055826904134,100.0
3110,1,42.20189945755922,42.20189945755922,100.0
3110,2,35.894044715536644,35.894044715536644,100.0
3120,0,21.64868197360235,21.64868197360235,100.0
3120,1,41.47077235861169,41.47077235861169,100.0
3120,2,36.88054566778596,36.88054566778596,100.0
3130,0,21.676642139061787,21.676642139061787,100.0
3130,1,32.2136630215574,32.2136630215574,100.0
3130,2,46.10969483938081,46.10969483938081,100.0
3140,0,24.855132777744434,24.855132777744434,100.0
3140,1,36.63240865149529,36.63240865149529,100.0
3140,2,38.51245857076027,38.51245857076027,100.0
3150,0,21.855204466069594,21.855204466069594,100.0
3150,1,39.968916027154435,39.968916027154435,100.0
3150,2,38.17587950677597,38.17587950677597,100.0
3160,0,21.416213400857238,21.416213400857238,100.0
3160,1,45.34481968242701,45.34481968242701,100.0
3160,2,33.23896691671576,33.23896691671576,100.0
3170,0,24.254696725695663,24.254696725695663,100.0
3170,1,29.56802684980484,29.56802684980484,100.0
3170,2,46.17727642449949,46.17727642449949,100.0
3180,0,24.35181643859798,24.35181643859798,100.0
3180,1,25.74987535146916,25.74987535146916,100.0
3180,2,49.898308209932864,49.898308209932864,100.0
3190,0,24.03658948923793,24.03658948923793,100.0
3190,1,26.903308521163932,26.903308521163932,100.0
3190,2,49.06010198959814,49.06010198959814,100.0
3200,0,22.536737942712502,22.536737942712502,100.0
3200,1,29.716454673384273,29.716454673384273,100.0
3200,2,47.74680738390323,47.74680738390323,100.0
3210,0,22.09926217617783,22.09926217617783,100.0
3210,1,31.43377467700898,31.43377467700898,100.0
3210,2,46.46696314681319,46.46696314681319,100.0
3220,0,22.49626206536906,22.49626206536906,100.0
3220,1,32.095730216970885,32.095730216970885,100.0
3220,2,45.408007717660055,45.408007717660055,100.0
3230,0,23.08467287800288,23.08467287800288,100.0
3230,1,28.306626408472358,28.306626408472358,100.0
3230,2,48.60870071352476,48.60870071352476,100.0
3240,0,22.91443607729267,22.91443607729267,100.0
3240,1,27.416028930710862,27.416028930710862,100.0
3240,2,49.669534991996464,49.669534991996464,100.0
3250,0,21.211459666637314,21.211459666637314,100.0
3250,1,43.859457896462786,43.859457896462786,100.0
3250,2,34.929082436899904,34.929082436899904,100.0
3260,0,24.15553499408703,24.15553499408703,100.0
3260,1,30.452663914397792,30.452663914397792,100.0
3260,2,45.39180109151518,45.39180109151518,100.0
3270,0,26.38956811692476,26.38956811692476,100.0
3270,1,29.340821571621472,29.340821571621472,100.0
3270,2,44.26961031145377,44.26961031145377,100.0
3280,0,21.928901367990452,21.928901367990452,100.0
3280,1,31.51963228136656,31.51963228136656,100.0
3280,2,46.55146635064299,46.55146635064299,100.0
3290,0,22.025413152614217,22.025413152614217,100.0
3290,1,32.642973298778664,32.642973298778664,100.0
3290,2,45.331613548607116,45.331613548607116,100.0
3300,0,21.0531718053127,21.0531718053127,100.0
3300,1,38.838558580471336,38.838558580471336,100.0
3300,2,40.108269614215956,40.108269614215956,100.0
3310,0,26.28500284620709,26.28500284620709,100.0
3310,1,26.87404562833357,26.87404562833357,100.0
3310,2,46.84095152545935,46.84095152545935,100.0
3320,0,21.8950850271648,21.8950850271648,100.0
3320,1,37.640725680139916,37.640725680139916,100.0
3320,2,40.46418929269529,40.46418929269529,100.0
3330,0,22.77994849211079,22.77994849211079,100.0
3330,1,34.09976027752497,34.09976027752497,100.0
3330,2,43.12029123036424,43.12029123036424,100.0
3340,0,23.389413430950007,23.389413430950007,100.0
3340,1,29.46701755183026,29.46701755183026,100.0
3340,2,47.14356901721973,47.14356901721973,100.0
3350,0,23.666213440116234,23.666213440116234,100.0
3350,1,27.158248392323355,27.158248392323355,100.0
3350,2,49.17553816756041,49.17553816756041,100.0
3360,0,21.694107947185216,21.694107947185216,100.0
3360,1,42.457740820598985,42.457740820598985,100.0
3360,2,35.8481512322158,35.8481512322158,100.0
3370,0,20.9113905484021,20.9113905484021,100.0
3370,1,39.4481482728334,39.4481482728334,100.0
3370,2,39.6404611787645,39.6404611787645,100.0
3380,0,26.092332592313948,26.092332592313948,100.0
3380,1,30.328120761866785,30.328120761866785,100.0
3380,2,43.57954664581926,43.57954664581926,100.0
3390,0,22.466616888904735,22.466616888904735,100.0
3390,1,31.944390973442687,31.944390973442687,100.0
3390,2,45.58899213765258,45.58899213765258,100.0
3400,0,21.820810264393206,21.820810264393206,100.0
3400,1,36.407934893411046,36.407934893411046,100.0
3400,2,41.771254842195745,41.771254842195745,100.0
3410,0,23.140405541794607,23.140405541794607,100.0
3410,1,28.706497982914293,28.706497982914293,100.0
3410,2,48.15309647529111,48.15309647529111,100.0
3420,0,22.033992307314417,22.033992307314417,100.0
3420,1,41.83137290587574,41.83137290587574,100.0
3420,2,36.13463478680984,36.13463478680984,100.0
3430,0,20.739410101955002,20.739410101955002,100.0
3430,1,43.96712634334764,43.96712634334764,100.0
3430,2,35.293463554697354,35.293463554697354,100.0
3440,0,22.586320523490336,22.586320523490336,100.0
3440,1,33.724263222357955,33.724263222357955,100.0
3440,2,43.689416254151716,43.689416254151716,100.0
3450,0,21.526243881839807,21.526243881839807,100.0
3450,1,42.06829890189695,42.06829890189695,100.0
3450,2,36.405457216263244,36.405457216263244,100.0
3460,0,23.946829333927482,23.946829333927482,100.0
3460,1,34.96495395094343,34.96495395094343,100.0
3460,2,41.088216715129086,41.088216715129086,100.0
3470,0,24.84826023888648,24.84826023888648,100.0
3470,1,33.47077716638912,33.47077716638912,100.0
3470,2,41.680962594724406,41.680962594724406,100.0
3480,0,22.468931277132555,22.468931277132555,100.0
3480,1,34.61238679728372,34.61238679728372,100.0
3480,2,42.91868192558373,42.91868192558373,100.0
3490,0,22.030887057090386,22.030887057090386,100.0
3490,1,35.11383503089915,35.11383503089915,100.0
3490,2,42.85527791201046,42.85527791201046,100.0
3500,0,23.663496564178388,23.663496564178388,100.0
3500,1,32.31319110064488,32.31319110064488,100.0
3500,2,44.02331233517673,44.02331233517673,100.0
3510,0,23.18902094478065,23.18902094478065,100.0
3510,1,37.263536823988574,37.263536823988574,100.0
3510,2,39.54744223123077,39.54744223123077,100.0
3520,0,23.626551226371458,23.626551226371458,100.0
3520,1,27.848007797405888,27.848007797405888,100.0
3520,2,48.52544097622265,48.52544097622265,100.0
3530,0,25.233271300236993,25.233271300236993,100.0
3530,1,26.52129934981211,26.52129934981211,100.0
3530,2,48.24542934995089,48.24542934995089,100.0
3540,0,23.82442197931045,23.82442197931045,100.0
3540,1,26.350002443940358,26.350002443940358,100.0
3540,2,49.825575576749195,49.825575576749195,100.0
3550,0,20.932573224610067,20.932573224610067,100.0
3550,1,40.608287833822025,40.608287833822025,100.0
3550,2,38.45913894156791,38.45913894156791,100.0
3560,0,20.682438032867644,20.682438032867644,100.0
3560,1,42.00152884511779,42.00152884511779,100.0
3560,2,37.31603312201457,37.31603312201457,100.0
3570,0,21.89806156194301,21.89806156194301,100.0
3570,1,35.524954191283676,35.524954191283676,100.0
3570,2,42.57698424677332,42.57698424677332,100.0
3580,0,22.759517908708926,22.759517908708926,100.0
3580,1,31.52546685357331,31.52546685357331,100.0
3580,2,45.715015237717765,45.715015237717765,100.0
3590,0,24.623443122061584,24.623443122061584,100.0
3590,1,30.296756739919594,30.296756739919594,100.0
3590,2,45.079800138018825,45.079800138018825,100.0
3600,0,25.10954574596479,25.10954574596479,100.0
3600,1,26.203235651055422,26.203235651055422,100.0
3600,2,48.68721860297979,48.68721860297979,100.0
3610,0,22.263361342527343,22.263361342527343,100.0
3610,1,32.323312513537886,32.323312513537886,100.0
3610,2,45.41332614393476,45.41332614393476,100.0
3620,0,21.98861078945919,21.98861078945919,100.0
3620,1,33.565693989030926,33.565693989030926,100.0
3620,2,44.44569522150989,44.44569522150989,100.0
3630,0,23.686149985804505,23.686149985804505,100.0
3630,1,28.220010504353155,28.220010504353155,100.0
3630,2,48.09383950984235,48.09383950984235,100.0
3640,0,25.513729738210735,25.513729738210735,100.0
3640,1,29.72934930772455,29.72934930772455,100.0
3640,2,44.75692095406472,44.75692095406472,100.0
3650,0,20.770807894137498,20.770807894137498,100.0
3650,1,43.744324602564134,43.744324602564134,100.0
3650,2,35.484867503298375,35.484867503298375,100.0
3660,0,23.31909840354134,23.31909840354134,100.0
3660,1,36.933762733800904,36.933762733800904,100.0
3660,2,39.74713886265776,39.74713886265776,100.0
3670,0,23.001980523453838,23.001980523453838,100.0
3670,1,30.754091459414106,30.754091459414106,100.0
3670,2,46.24392801713205,46.24392801713205,100.0
3680,0,22.260156584723433,22.260156584723433,100.0
3680,1,36.86612644338493,36.86612644338493,100.0
3680,2,40.873716971891646,40.873716971891646,100.0
3690,0,22.34754639986329,22.34754639986329,100.0
3690,1,30.938576536358077,30.938576536358077,100.0
3690,2,46.71387706377864,46.71387706377864,100.0
3700,0,21.590079427291716,21.590079427291716,100.0
3700,1,43.155697199654504,43.155697199654504,100.0
3700,2,35.25422337305378,35.25422337305378,100.0
3710,0,20.701926355406457,20.701926355406457,100.0
3710,1,42.531745234149845,42.531745234149845,100.0
3710,2,36.766328410443705,36.766328410443705,100.0
3720,0,25.505669328350255,25.505669328350255,100.0
3720,1,27.955929596475436,27.955929596475436,100.0
3720,2,46.5384010751743,46.5384010751743,100.0
3730,0,23.11840758475269,23.11840758475269,100.0
3730,1,32.00133615083665,32.00133615083665,100.0
3730,2,44.880256264410654,44.880256264410654,100.0
3740,0,22.469471783833153,22.469471783833153,100.0
3740,1,34.745765928273734,34.745765928273734,100.0
3740,2,42.784762287893116,42.784762287893116,100.0
3750,0,23.343246335050306,23.343246335050306,100.0
3750,1,37.25869668910953,37.25869668910953,100.0
3750,2,39.39805697584016,39.39805697584016,100.0
3760,0,21.071922184734003,21.071922184734003,100.0
3760,1,37.97471061792555,37.97471061792555,100.0
3760,2,40.95336719734045,40.95336719734045,100.0
3770,0,24.007016689223896,24.007016689223896,100.0
3770,1,29.891284501344035,29.891284501344035,100.0
3770,2,46.10169880943207,46.10169880943207,100.0
3780,0,24.42357482829378,24.42357482829378,100.0
3780,1,30.62681449994106,30.62681449994106,100.0
3780,2,44.94961067176516,44.94961067176516,100.0
3790,0,21.276456608894723,21.276456608894723,100.0
3790,1,39.88019598145207,39.88019598145207,100.0
3790,2,38.8433474096532,38.8433474096532,100.0
3800,0,20.921854366485473,20.921854366485473,100.0
3800,1,41.07563257085038,41.07563257085038,100.0
3800,2,38.00251306266415,38.00251306266415,100.0
3810,0,21.93559099081804,21.93559099081804,100.0
3810,1,39.79024247847075,39.79024247847075,100.0
3810,2,38.27416653071121,38.27416653071121,100.0
3820,0,22.159531211612375,22.159531211612375,100.0
3820,1,46.856806205568155,46.856806205568155,100.0
3820,2,30.98366258281947,30.98366258281947,100.0
3830,0,22.230098857166464,22.230098857166464,100.0
3830,1,28.877523895889905,28.877523895889905,100.0
3830,2,48.89237724694363,48.89237724694363,100.0
3840,0,23.578390629283458,23.578390629283458,100.0
3840,1,29.781153715983894,29.781153715983894,100.0
3840,2,46.64045565473264,46.64045565473264,100.0
3850,0,21.316155829024105,21.316155829024105,100.0
3850,1,35.148207033068246,35.148207033068246,100.0
3850,2,43.535637137907656,43.535637137907656,100.0
3860,0,30.70243882894912,30.70243882894912,100.0
3860,1,28.65167955515381,28.65167955515381,100.0
3860,2,40.645881615897075,40.645881615897075,100.0
3870,0,24.229917469715133,24.229917469715133,100.0
3870,1,27.917666075683677,27.917666075683677,100.0
3870,2,47.85241645460119,47.85241645460119,100.0
3880,0,21.120077736211435,21.120077736211435,100.0
3880,1,43.04789580417152,43.04789580417152,100.0
3880,2,35.83202645961705,35.83202645961705,100.0
3890,0,22.33994151273054,22.33994151273054,100.0
3890,1,27.946455448961522,27.946455448961522,100.0
3890,2,49.71360303830794,49.71360303830794,100.0
3900,0,24.38041835641105,24.38041835641105,100.0
3900,1,26.55493331095604,26.55493331095604,100.0
3900,2,49.06464833263291,49.06464833263291,100.0
3910,0,21.41908665180384,21.41908665180384,100.0
3910,1,41.84199716179789,41.84199716179789,100.0
3910,2,36.73891618639826,36.73891618639826,100.0
3920,0,23.05245426578302,23.05245426578302,100.0
3920,1,41.663049543564526,41.663049543564526,100.0
3920,2,35.28449619065246,35.28449619065246,100.0
3930,0,22.771377260592775,22.771377260592775,100.0
3930,1,31.321254112493868,31.321254112493868,100.0
3930,2,45.90736862691335,45.90736862691335,100.0
3940,0,23.335936862702393,23.335936862702393,100.0
3940,1,31.660094174266728,31.660094174266728,100.0
3940,2,45.003968963030886,45.003968963030886,100.0
3950,0,26.072064694559483,26.072064694559483,100.0
3950,1,34.858252956591095,34.858252956591095,100.0
3950,2,39.06968234884942,39.06968234884942,100.0
3960,0,22.186027647985924,22.186027647985924,100.0
3960,1,41.89062383935498,41.89062383935498,100.0
3960,2,35.9233485126591,35.9233485126591,100.0
3970,0,23.85208886630967,23.85208886630967,100.0
3970,1,25.989268788351765,25.989268788351765,100.0
3970,2,50.158642345338556,50.158642345338556,100.0
3980,0,22.34179503012311,22.34179503012311,100.0
3980,1,38.80774793652867,38.80774793652867,100.0
3980,2,38.85045703334822,38.85045703334822,100.0
3990,0,23.227533143619056,23.227533143619056,100.0
3990,1,32.34524664754434,32.34524664754434,100.0
3990,2,44.4272202088366,44.4272202088366,100.0
4000,0,22.63379362174243,22.63379362174243,100.0
4000,1,42.88633658099174,42.88633658099174,100.0
4000,2,34.47986979726584,34.47986979726584,100.0
4010,0,23.065684090878303,23.065684090878303,100.0
4010,1,31.062961730968254,31.062961730968254,100.0
4010,2,45.871354178153446,45.871354178153446,100.0
4020,0,22.41014078978549,22.41014078978549,100.0
4020,1,33.24015982022972,33.24015982022972,100.0
4020,2,44.349699389984785,44.349699389984785,100.0
4030,0,24.76342262904005,24.76342262904005,100.0
4030,1,30.260110387425016,30.260110387425016,100.0
4030,2,44.976466983534934,44.976466983534934,100.0
4040,0,24.352348398608996,24.352348398608996,100.0
4040,1,25.585058278850425,25.585058278850425,100.0
4040,2,50.062593322540586,50.062593322540586,100.0
4050,0,21.80528708830328,21.80528708830328,100.0
4050,1,33.400684720318054,33.400684720318054,100.0
4050,2,44.79402819137867,44.79402819137867,100.0
4060,0,21.82291285290016,21.82291285290016,100.0
4060,1,41.78805519020315,41.78805519020315,100.0
4060,2,36.389031956896694,36.389031956896694,100.0
4070,0,22.26009504458179,22.26009504458179,100.0
4070,1,32.15384903617124,32.15384903617124,100.0
4070,2,45.586055919246974,45.586055919246974,100.0
4080,0,23.798356525755825,23.798356525755825,100.0
4080,1,26.972673657902746,26.972673657902746,100.0
4080,2,49.22896981634143,49.22896981634143,100.0
4090,0,24.88443520723132,24.88443520723132,100.0
4090,1,30.716540767646194,30.716540767646194,100.0
4090,2,44.399024025122486,44.399024025122486,100.0
4100,0,22.110053543813134,22.110053543813134,100.0
4100,1,41.60612651998783,41.60612651998783,100.0
4100,2,36.28381993619904,36.28381993619904,100.0
4110,0,21.73146819849755,21.73146819849755,100.0
4110,1,40.091647707889,40.091647707889,100.0
4110,2,38.17688409361345,38.17688409361345,100.0
4120,0,23.06224379604028,23.06224379604028,100.0
4120,1,27.283641390058044,27.283641390058044,100.0
4120,2,49.65411481390168,49.65411481390168,100.0
4130,0,22.718051792209263,22.718051792209263,100.0
4130,1,30.00199607092165,30.00199607092165,100.0
4130,2,47.27995213686909,47.27995213686909,100.0
4140,0,21.769117529881093,21.769117529881093,100.0
4140,1,37.38540374274544,37.38540374274544,100.0
4140,2,40.84547872737347,40.84547872737347,100.0
4150,0,25.095822715567138,25.095822715567138,100.0
4150,1,29.957716273276404,29.957716273276404,100.0
4150,2,44.946461011156465,44.946461011156465,100.0
4160,0,22.42647812094045,22.42647812094045,100.0
4160,1,33.81151565554414,33.81151565554414,100.0
4160,2,43.76200622351542,43.76200622351542,100.0
4170,0,21.34571322628182,21.34571322628182,100.0
4170,1,40.753091227832,40.753091227832,100.0
4170,2,37.90119554588618,37.90119554588618,100.0
4180,0,23.190571865914876,23.190571865914876,100.0
4180,1,36.906495341095436,36.906495341095436,100.0
4180,2,39.902932792989695,39.902932792989695,100.0
4190,0,27.181488626407912,27.181488626407912,100.0
4190,1,31.60483424545546,31.60483424545546,100.0
4190,2,41.21367712813663,41.21367712813663,100.0
4200,0,21.61822362405344,21.61822362405344,100.0
4200,1,39.023706633132264,39.023706633132264,100.0
4200,2,39.35806974281431,39.35806974281431,100.0
4210,0,21.31865940435911,21.31865940435911,100.0
4210,1,39.51649570662692,39.51649570662692,100.0
4210,2,39.16484488901397,39.16484488901397,100.0
4220,0,22.255059608002185,22.255059608002185,100.0
4220,1,32.34141407718766,32.34141407718766,100.0
4220,2,45.403526314810165,45.403526314810165,100.0
4230,0,23.11553045721084,23.11553045721084,100.0
4230,1,32.363038570772964,32.363038570772964,100.0
4230,2,44.52143097201619,44.52143097201619,100.0
4240,0,21.83209420287227,21.83209420287227,100.0
4240,1,40.51677014633997,40.51677014633997,100.0
4240,2,37.65113565078776,37.65113565078776,100.0
4250,0,21.775776843695986,21.775776843695986,100.0
4250,1,38.09981947950063,38.09981947950063,100.0
4250,2,40.12440367680338,40.12440367680338,100.0
4260,0,22.548310607458504,22.548310607458504,100.0
4260,1,38.315219697208484,38.315219697208484,100.0
4260,2,39.13646969533301,39.13646969533301,100.0
4270,0,23.22097735527306,23.22097735527306,100.0
4270,1,37.38361282070672,37.38361282070672,100.0
4270,2,39.39540982402022,39.39540982402022,100.0
4280,0,23.780780583582434,23.780780583582434,100.0
4280,1,28.007384558499098,28.007384558499098,100.0
4280,2,48.21183485791847,48.21183485791847,100.0
4290,0,23.88340753616561,23.88340753616561,100.0
4290,1,36.516843760240235,36.516843760240235,100.0
4290,2,39.59974870359415,39.59974870359415,100.0
4300,0,24.062790131244004,24.062790131244004,100.0
4300,1,27.746813979184047,27.746813979184047,100.0
4300,2,48.190395889571946,48.190395889571946,100.0
4310,0,22.339928489190207,22.339928489190207,100.0
4310,1,42.594295099237186,42.594295099237186,100.0
4310,2,35.0657764115726,35.0657764115726,100.0
4320,0,23.293636023601245,23.293636023601245,100.0
4320,1,33.38625182270386,33.38625182270386,100.0
4320,2,43.32011215369489,43.32011215369489,100.0
4330,0,21.658480690646797,21.658480690646797,100.0
4330,1,35.88350466902618,35.88350466902618,100.0
4330,2,42.45801464032702,42.45801464032702,100.0
4340,0,21.38606164291191,21.38606164291191,100.0
4340,1,39.26486897104972,39.26486897104972,100.0
4340,2,39.34906938603837,39.34906938603837,100.0
4350,0,21.260845927559522,21.260845927559522,100.0
4350,1,42.97047875333604,42.97047875333604,100.0
4350,2,35.768675319104446,35.768675319104446,100.0
4360,0,23.192142478126794,23.192142478126794,100.0
4360,1,34.69278175229091,34.69278175229091,100.0
4360,2,42.11507576958229,42.11507576958229,100.0
4370,0,23.1888351740632,23.1888351740632,100.0
4370,1,26.5206071411453,26.5206071411453,100.0
4370,2,50.290557684791494,50.290557684791494,100.0
4380,0,23.207204907399152,23.207204907399152,100.0
4380,1,39.57230111118919,39.57230111118919,100.0
4380,2,37.22049398141166,37.22049398141166,100.0
4390,0,22.611347910631256,22.611347910631256,100.0
4390,1,38.47312446235204,38.47312446235204,100.0
4390,2,38.91552762701671,38.91552762701671,100.0
4400,0,24.515455762944505,24.515455762944505,100.0
4400,1,27.097809195726086,27.097809195726086,100.0
4400,2,48.38673504132941,48.38673504132941,100.0
4410,0,22.524303359046417,22.524303359046417,100.0
4410,1,32.45370394591388,32.45370394591388,100.0
4410,2,45.0219926950397,45.0219926950397,100.0
4420,0,21.427788721295794,21.427788721295794,100.0
4420,1,46.74886618631845,46.74886618631845,100.0
4420,2,31.82334509238575,31.82334509238575,100.0
4430,0,21.451728116361288,21.451728116361288,100.0
4430,1,37.41742128882154,37.41742128882154,100.0
4430,2,41.130850594817176,41.130850594817176,100.0
4440,0,24.46129094433646,24.46129094433646,100.0
4440,1,27.47139877677253,27.47139877677253,100.0
4440,2,48.06731027889101,48.06731027889101,100.0
4450,0,22.92758099419956,22.92758099419956,100.0
4450,1,39.734343046730416,39.734343046730416,100.0
4450,2,37.338075959070025,37.338075959070025,100.0
4460,0,21.80348991601204,21.80348991601204,100.0
4460,1,34.00391058535972,34.00391058535972,100.0
4460,2,44.19259949862823,44.19259949862823,100.0
4470,0,23.473572556038825,23.473572556038825,100.0
4470,1,25.948044351515254,25.948044351515254,100.0
4470,2,50.578383092445925,50.578383092445925,100.0
4480,0,24.99898974656948,24.99898974656948,100.0
4480,1,26.45993149925107,26.45993149925107,100.0
4480,2,48.54107875417945,48.54107875417945,100.0
4490,0,22.601153359480666,22.601153359480666,100.0
4490,1,42.021740232901884,42.021740232901884,100.0
4490,2,35.37710640761746,35.37710640761746,100.0
4500,0,22.638005479845404,22.638005479845404,100.0
4500,1,27.44727712290627,27.44727712290627,100.0
4500,2,49.91471739724833,49.91471739724833,100.0
4510,0,26.338923303410265,26.338923303410265,100.0
4510,1,31.60959005329154,31.60959005329154,100.0
4510,2,42.05148664329819,42.05148664329819,100.0
4520,0,23.43799599567368,23.43799599567368,100.0
4520,1,32.01306465812817,32.01306465812817,100.0
4520,2,44.54893934619814,44.54893934619814,100.0
4530,0,22.248978178381357,22.248978178381357,100.0
4530,1,29.169161939638567,29.169161939638567,100.0
4530,2,48.58185988198008,48.58185988198008,100.0
4540,0,21.78649148706551,21.78649148706551,100.0
4540,1,40.83313176284022,40.83313176284022,100.0
4540,2,37.38037675009427,37.38037675009427,100.0
4550,0,21.967250182417033,21.967250182417033,100.0
4550,1,44.97235145279746,44.97235145279746,100.0
4550,2,33.060398364785506,33.060398364785506,100.0
4560,0,25.85681182961243,25.85681182961243,100.0
4560,1,28.088782216412973,28.088782216412973,100.0
4560,2,46.054405953974594,46.054405953974594,100.0
4570,0,22.94122175517216,22.94122175517216,100.0
4570,1,31.34506670842276,31.34506670842276,100.0
4570,2,45.713711536405086,45.713711536405086,100.0
4580,0,22.619227851865418,22.619227851865418,100.0
4580,1,30.997893457755705,30.997893457755705,100.0
4580,2,46.38287869037888,46.38287869037888,100.0
4590,0,24.37862189931295,24.37862189931295,100.0
4590,1,39.001308580647105,39.001308580647105,100.0
4590,2,36.62006952003994,36.62006952003994,100.0
4600,0,20.488502448128664,20.488502448128664,100.0
4600,1,41.206483725048656,41.206483725048656,100.0
4600,2,38.30501382682267,38.30501382682267,100.0
4610,0,22.698464613228424,22.698464613228424,100.0
4610,1,32.35774505352737,32.35774505352737,100.0
4610,2,44.94379033324421,44.94379033324421,100.0
4620,0,22.090784769192528,22.090784769192528,100.0
4620,1,38.49271064802543,38.49271064802543,100.0
4620,2,39.41650458278204,39.41650458278204,100.0
4630,0,21.486001122682545,21.486001122682545,100.0
4630,1,34.97406433302628,34.97406433302628,100.0
4630,2,43.53993454429118,43.53993454429118,100.0
4640,0,22.76586827330254,22.76586827330254,100.0
4640,1,40.1728177408169,40.1728177408169,100.0
4640,2,37.06131398588056,37.06131398588056,100.0
4650,0,22.40991852299205,22.40991852299205,100.0
4650,1,39.84333595017264,39.84333595017264,100.0
4650,2,37.74674552683531,37.74674552683531,100.0
4660,0,25.370844435105177,25.370844435105177,100.0
4660,1,26.73230761444415,26.73230761444415,100.0
4660,2,47.89684795045068,47.89684795045068,100.0
4670,0,23.123736918687392,23.123736918687392,100.0
4670,1,27.369509104695094,27.369509104695094,100.0
4670,2,49.50675397661752,49.50675397661752,100.0
4680,0,21.537877681025115,21.537877681025115,100.0
4680,1,40.19500224097822,40.19500224097822,100.0
4680,2,38.267120077996665,38.267120077996665,100.0
4690,0,22.62713557817161,22.62713557817161,100.0
4690,1,40.67089374496624,40.67089374496624,100.0
4690,2,36.701970676862146,36.701970676862146,100.0
4700,0,21.77461404235649,21.77461404235649,100.0
4700,1,38.21638022003152,38.21638022003152,100.0
4700,2,40.00900573761199,40.00900573761199,100.0
4710,0,21.326224372015194,21.326224372015194,100.0
4710,1,43.25090839958533,43.25090839958533,100.0
4710,2,35.422867228399475,35.422867228399475,100.0
4720,0,22.248748505791703,22.248748505791703,100.0
4720,1,39.862269746536136,39.862269746536136,100.0
4720,2,37.888981747672155,37.888981747672155,100.0
4730,0,22.812464397566938,22.812464397566938,100.0
4730,1,32.176659454142914,32.176659454142914,100.0
4730,2,45.010876148290144,45.010876148290144,100.0
4740,0,24.12847757371729,24.12847757371729,100.0
4740,1,30.926540045123957,30.926540045123957,100.0
4740,2,44.94498238115875,44.94498238115875,100.0
4750,0,23.737765880899737,23.737765880899737,100.0
4750,1,31.269905338456077,31.269905338456077,100.0
4750,2,44.99232878064419,44.99232878064419,100.0
4760,0,23.308776629453337,23.308776629453337,100.0
4760,1,31.64540404673401,31.64540404673401,100.0
4760,2,45.04581932381265,45.04581932381265,100.0
4770,0,21.84615614227771,21.84615614227771,100.0
4770,1,39.93983701469552,39.93983701469552,100.0
4770,2,38.21400684302677,38.21400684302677,100.0
4780,0,20.373776564649525,20.373776564649525,100.0
4780,1,42.926079429409505,42.926079429409505,100.0
4780,2,36.70014400594097,36.70014400594097,100.0
4790,0,22.727490848703,22.727490848703,100.0
4790,1,26.160394641965784,26.160394641965784,100.0
4790,2,51.11211450933122,51.11211450933122,100.0
4800,0,20.872433301056336,20.872433301056336,100.0
4800,1,41.3267652971073,41.3267652971073,100.0
4800,2,37.80080140183637,37.80080140183637,100.0
4810,0,21.125449254691443,21.125449254691443,100.0
4810,1,43.76497850711459,43.76497850711459,100.0
4810,2,35.10957223819397,35.10957223819397,100.0
4820,0,22.389877495354565,22.389877495354565,100.0
4820,1,38.183374427609785,38.183374427609785,100.0
4820,2,39.42674807703565,39.42674807703565,100.0
4830,0,23.408707475627637,23.408707475627637,100.0
4830,1,26.315522117512202,26.315522117512202,100.0
4830,2,50.275770406860154,50.275770406860154,100.0
4840,0,24.227460383436473,24.227460383436473,100.0
4840,1,36.853644881470764,36.853644881470764,100.0
4840,2,38.91889473509276,38.91889473509276,100.0
4850,0,22.39091486669618,22.39091486669618,100.0
4850,1,40.07558799462815,40.07558799462815,100.0
4850,2,37.53349713867567,37.53349713867567,100.0
4860,0,24.085426333838974,24.085426333838974,100.0
4860,1,27.707546084972247,27.707546084972247,100.0
4860,2,48.207027581188775,48.207027581188775,100.0
4870,0,23.666324293201622,23.666324293201622,100.0
4870,1,26.875015752822108,26.875015752822108,100.0
4870,2,49.458659953976266,49.458659953976266,100.0
4880,0,22.658311648347585,22.658311648347585,100.0
4880,1,33.48703156238657,33.48703156238657,100.0
4880,2,43.854656789265846,43.854656789265846,100.0
4890,0,22.36557230725506,22.36557230725506,100.0
4890,1,35.96103070431161,35.96103070431161,100.0
4890,2,41.67339698843333,41.67339698843333,100.0
4900,0,21.596587584971783,21.596587584971783,100.0
4900,1,38.398837134410726,38.398837134410726,100.0
4900,2,40.00457528061749,40.00457528061749,100.0
4910,0,21.13742591833242,21.13742591833242,100.0
4910,1,42.490282947783584,42.490282947783584,100.0
4910,2,36.37229113388399,36.37229113388399,100.0
4920,0,24.506022970757616,24.506022970757616,100.0
4920,1,31.941496618311998,31.941496618311998,100.0
4920,2,43.552480410930386,43.552480410930386,100.0
4930,0,21.474551017134676,21.474551017134676,100.0
4930,1,41.420587074178805,41.420587074178805,100.0
4930,2,37.10486190868652,37.10486190868652,100.0
4940,0,22.328113131045708,22.328113131045708,100.0
4940,1,39.82660793345482,39.82660793345482,100.0
4940,2,37.84527893549947,37.84527893549947,100.0
4950,0,21.858757974512923,21.858757974512923,100.0
4950,1,36.95265424515546,36.95265424515546,100.0
4950,2,41.18858778033162,41.18858778033162,100.0
4960,0,21.600975908864097,21.600975908864097,100.0
4960,1,40.16793840749135,40.16793840749135,100.0
4960,2,38.23108568364455,38.23108568364455,100.0
4970,0,23.87683310110024,23.87683310110024,100.0
4970,1,37.62399622868585,37.62399622868585,100.0
4970,2,38.499170670213914,38.499170670213914,100.0
4980,0,22.376336271903654,22.376336271903654,100.0
4980,1,37.75642276633493,37.75642276633493,100.0
4980,2,39.86724096176142,39.86724096176142,100.0
4990,0,22.63833421588995,22.63833421588995,100.0
4990,1,27.20830169658186,27.20830169658186,100.0
4990,2,50.153364087528196,50.153364087528196,100.0
5000,0,21.95649267655607,21.95649267655607,100.0
5000,1,40.100820097516085,40.100820097516085,100.0
5000,2,37.94268722592784,37.94268722592784,100.0
5010,0,23.948652863259095,23.948652863259095,100.0
5010,1,36.885929846241254,36.885929846241254,100.0
5010,2,39.16541729049965,39.16541729049965,100.0
5020,0,22.48321152680229,22.48321152680229,100.0
5020,1,44.66761125863555,44.66761125863555,100.0
5020,2,32.84917721456216,32.84917721456216,100.0
5030,0,22.70263418050831,22.70263418050831,100.0
5030,1,27.94268318998222,27.94268318998222,100.0
5030,2,49.354682629509476,49.354682629509476,100.0
5040,0,22.499652006327864,22.499652006327864,100.0
5040,1,34.95793536862748,34.95793536862748,100.0
5040,2,42.542412625044655,42.542412625044655,100.0
5050,0,21.553867421851646,21.553867421851646,100.0
5050,1,39.62983157016078,39.62983157016078,100.0
5050,2,38.81630100798758,38.81630100798758,100.0
5060,0,21.655037748239494,21.655037748239494,100.0
5060,1,37.59359125763355,37.59359125763355,100.0
5060,2,40.75137099412696,40.75137099412696,100.0
5070,0,20.520560726128416,20.520560726128416,100.0
5070,1,43.68436561788833,43.68436561788833,100.0
5070,2,35.79507365598326,35.79507365598326,100.0
5080,0,23.538442025501556,23.538442025501556,100.0
5080,1,30.505767967853085,30.505767967853085,100.0
5080,2,45.95579000664535,45.95579000664535,100.0
5090,0,21.75984800779272,21.75984800779272,100.0
5090,1,39.416098248995915,39.416098248995915,100.0
5090,2,38.824053743211365,38.824053743211365,100.0
5100,0,22.079939502551483,22.079939502551483,100.0
5100,1,33.44955354986624,33.44955354986624,100.0
5100,2,44.47050694758229,44.47050694758229,100.0
5110,0,20.689737188341272,20.689737188341272,100.0
5110,1,40.58488483467819,40.58488483467819,100.0
5110,2,38.72537797698053,38.72537797698053,100.0
5120,0,20.52009033321299,20.52009033321299,100.0
5120,1,43.75561509131136,43.75561509131136,100.0
5120,2,35.72429457547565,35.72429457547565,100.0
5130,0,22.69316529565121,22.69316529565121,100.0
5130,1,27.520360733487102,27.520360733487102,100.0
5130,2,49.78647397086169,49.78647397086169,100.0
5140,0,21.34969930786003,21.34969930786003,100.0
5140,1,43.164164085270386,43.164164085270386,100.0
5140,2,35.486136606869586,35.486136606869586,100.0
5150,0,20.95713350666331,20.95713350666331,100.0
5150,1,42.41283000484516,42.41283000484516,100.0
5150,2,36.63003648849153,36.63003648849153,100.0
5160,0,22.80450271758419,22.80450271758419,100.0
5160,1,28.403918813651803,28.403918813651803,100.0
5160,2,48.791578468764015,48.791578468764015,100.0
5170,0,22.97518614236366,22.97518614236366,100.0
5170,1,26.890827985911724,26.890827985911724,100.0
5170,2,50.13398587172462,50.13398587172462,100.0
5180,0,22.131607904650714,22.131607904650714,100.0
5180,1,42.17191025388017,42.17191025388017,100.0
5180,2,35.69648184146912,35.69648184146912,100.0
5190,0,24.14944918750626,24.14944918750626,100.0
5190,1,27.218385209649256,27.218385209649256,100.0
5190,2,48.63216560284449,48.63216560284449,100.0
5200,0,22.79112363990886,22.79112363990886,100.0
5200,1,34.474464818017694,34.474464818017694,100.0
5200,2,42.734411542073445,42.734411542073445,100.0
5210,0,22.32088559688578,22.32088559688578,100.0
5210,1,32.95035345752006,32.95035345752006,100.0
5210,2,44.72876094559416,44.72876094559416,100.0
5220,0,21.383107208593184,21.383107208593184,100.0
5220,1,36.43980603731171,36.43980603731171,100.0
5220,2,42.17708675409511,42.17708675409511,100.0
5230,0,20.965861599357023,20.965861599357023,100.0
5230,1,40.496254304128534,40.496254304128534,100.0
5230,2,38.537884096514446,38.537884096514446,100.0
5240,0,23.891899959418424,23.891899959418424,100.0
5240,1,26.87468130484707,26.87468130484707,100.0
5240,2,49.23341873573451,49.23341873573451,100.0
5250,0,27.972992142307657,27.972992142307657,100.0
5250,1,25.39613501391958,25.39613501391958,100.0
5250,2,46.63087284377277,46.63087284377277,100.0
5260,0,23.73825891294348,23.73825891294348,100.0
5260,1,31.25258501517092,31.25258501517092,100.0
5260,2,45.0091560718856,45.0091560718856,100.0
5270,0,22.01866098676943,22.01866098676943,100.0
5270,1,32.95961492373357,32.95961492373357,100.0
5270,2,45.02172408949701,45.02172408949701,100.0
5280,0,22.699288841067528,22.699288841067528,100.0
5280,1,27.544186050696958,27.544186050696958,100.0
5280,2,49.756525108235515,49.756525108235515,100.0
5290,0,24.874577730266875,24.874577730266875,100.0
5290,1,29.166092242510793,29.166092242510793,100.0
5290,2,45.959330027222336,45.959330027222336,100.0
5300,0,21.915937129854445,21.915937129854445,100.0
5300,1,40.041008019564146,40.041008019564146,100.0
5300,2,38.043054850581406,38.043054850581406,100.0
5310,0,21.569505442150106,21.569505442150106,100.0
5310,1,38.2605130692683,38.2605130692683,100.0
5310,2,40.1699814885816,40.1699814885816,100.0
5320,0,21.156503157668382,21.156503157668382,100.0
5320,1,41.47253498648944,41.47253498648944,100.0
5320,2,37.370961855842175,37.370961855842175,100.0
5330,0,20.711468705955376,20.711468705955376,100.0
5330,1,43.13430355611091,43.13430355611091,100.0
5330,2,36.15422773793372,36.15422773793372,100.0
5340,0,23.018985453418722,23.018985453418722,100.0
5340,1,32.116444875315544,32.116444875315544,100.0
5340,2,44.864569671265734,44.864569671265734,100.0
5350,0,23.929982043590613,23.929982043590613,100.0
5350,1,31.708024989926475,31.708024989926475,100.0
5350,2,44.36199296648291,44.36199296648291,100.0
5360,0,21.788987505803963,21.788987505803963,100.0
5360,1,42.685264000425,42.685264000425,100.0
5360,2,35.52574849377104,35.52574849377104,100.0
5370,0,21.62631894445824,21.62631894445824,100.0
5370,1,41.150844745049056,41.150844745049056,100.0
5370,2,37.22283631049271,37.22283631049271,100.0
5380,0,22.028425209503183,22.028425209503183,100.0
5380,1,34.32173309608966,34.32173309608966,100.0
5380,2,43.64984169440716,43.64984169440716,100.0
5390,0,25.446072559008094,25.446072559008094,100.0
5390,1,27.268830000241707,27.268830000241707,100.0
5390,2,47.28509744075021,47.28509744075021,100.0
5400,0,22.833337219076164,22.833337219076164,100.0
5400,1,33.75072436630698,33.75072436630698,100.0
5400,2,43.41593841461685,43.41593841461685,100.0
5410,0,22.25927693259101,22.25927693259101,100.0
5410,1,41.24111780830649,41.24111780830649,100.0
5410,2,36.49960525910251,36.49960525910251,100.0
5420,0,24.880889598992855,24.880889598992855,100.0
5420,1,25.55651087894704,25.55651087894704,100.0
5420,2,49.56259952206011,49.56259952206011,100.0
5430,0,23.374687679678548,23.374687679678548,100.0
5430,1,28.718109809222693,28.718109809222693,100.0
5430,2,47.90720251109876,47.90720251109876,100.0
5440,0,22.583412973804002,22.583412973804002,100.0
5440,1,36.25502781876668,36.25502781876668,100.0
5440,2,41.16155920742933,41.16155920742933,100.0
5450,0,21.078273593016455,21.078273593016455,100.0
5450,1,42.2220436677823,42.2220436677823,100.0
5450,2,36.699682739201236,36.699682739201236,100.0
5460,0,21.88094511192501,21.88094511192501,100.0
5460,1,46.30192043098646,46.30192043098646,100.0
5460,2,31.817134457088525,31.817134457088525,100.0
5470,0,21.4226486147377,21.4226486147377,100.0
5470,1,33.258105128070305,33.258105128070305,100.0
5470,2,45.319246257192,45.319246257192,100.0
5480,0,23.00746261780419,23.00746261780419,100.0
5480,1,43.30959337293269,43.30959337293269,100.0
5480,2,33.68294400926313,33.68294400926313,100.0
5490,0,21.660510891312803,21.660510891312803,100.0
5490,1,39.0771122816245,39.0771122816245,100.0
5490,2,39.262376827062695,39.262376827062695,100.0
5500,0,21.32620557166825,21.32620557166825,100.0
5500,1,39.063672924794865,39.063672924794865,100.0
5500,2,39.61012150353689,39.61012150353689,100.0
5510,0,20.859704369556564,20.859704369556564,100.0
5510,1,42.682388381162305,42.682388381162305,100.0
5510,2,36.45790724928113,36.45790724928113,100.0
5520,0,23.975043494554836,23.975043494554836,100.0
5520,1,29.814394810135102,29.814394810135102,100.0
5520,2,46.21056169531006,46.21056169531006,100.0
5530,0,23.220327269694586,23.220327269694586,100.0
5530,1,26.493685984152123,26.493685984152123,100.0
5530,2,50.2859867461533,50.2859867461533,100.0
5540,0,22.073979748965805,22.073979748965805,100.0
5540,1,35.82566541883571,35.82566541883571,100.0
5540,2,42.10035483219849,42.10035483219849,100.0
5550,0,22.04803817180861,22.04803817180861,100.0
5550,1,42.33533878558322,42.33533878558322,100.0
5550,2,35.61662304260817,35.61662304260817,100.0
5560,0,22.21651243586784,22.21651243586784,100.0
5560,1,35.98087800461575,35.98087800461575,100.0
5560,2,41.802609559516405,41.802609559516405,100.0
5570,0,22.121569661120603,22.121569661120603,100.0
5570,1,34.90689968979901,34.90689968979901,100.0
5570,2,42.97153064908039,42.97153064908039,100.0
5580,0,21.49995001142272,21.49995001142272,100.0
5580,1,41.07978200529029,41.07978200529029,100.0
5580,2,37.42026798328699,37.42026798328699,100.0
5590,0,24.419672441715868,24.419672441715868,100.0
5590,1,28.915988835742574,28.915988835742574,100.0
5590,2,46.66433872254156,46.66433872254156,100.0
5600,0,22.53181609803714,22.53181609803714,100.0
5600,1,36.94754900035405,36.94754900035405,100.0
5600,2,40.5206349016088,40.5206349016088,100.0
5610,0,22.35001031827087,22.35001031827087,100.0
5610,1,44.55774867766189,44.55774867766189,100.0
5610,2,33.09224100406725,33.09224100406725,100.0
5620,0,24.98199049307821,24.98199049307821,100.0
5620,1,29.171461735587535,29.171461735587535,100.0
5620,2,45.84654777133426,45.84654777133426,100.0
5630,0,21.591924660471413,21.591924660471413,100.0
5630,1,40.62783859802265,40.62783859802265,100.0
5630,2,37.78023674150594,37.78023674150594,100.0
5640,0,24.005665714921694,24.005665714921694,100.0
5640,1,26.375554908981798,26.375554908981798,100.0
5640,2,49.61877937609652,49.61877937609652,100.0
5650,0,22.678537582407145,22.678537582407145,100.0
5650,1,28.08014614721418,28.08014614721418,100.0
5650,2,49.24131627037868,49.24131627037868,100.0
5660,0,24.23320318529229,24.23320318529229,100.0
5660,1,25.880008978943035,25.880008978943035,100.0
5660,2,49.88678783576467,49.88678783576467,100.0
5670,0,23.362198423161722,23.362198423161722,100.0
5670,1,26.599078498638224,26.599078498638224,100.0
5670,2,50.03872307820005,50.03872307820005,100.0
5680,0,23.91113014118062,23.91113014118062,100.0
5680,1,27.751051005095555,27.751051005095555,100.0
5680,2,48.33781885372382,48.33781885372382,100.0
5690,0,22.88554372995877,22.88554372995877,100.0
5690,1,28.73440286861655,28.73440286861655,100.0
5690,2,48.38005340142468,48.38005340142468,100.0
5700,0,22.548415864989792,22.548415864989792,100.0
5700,1,44.18449970631474,44.18449970631474,100.0
5700,2,33.26708442869547,33.26708442869547,100.0
5710,0,23.175846936727236,23.175846936727236,100.0
5710,1,30.04894317532148,30.04894317532148,100.0
5710,2,46.77520988795129,46.77520988795129,100.0
5720,0,22.043304582283387,22.043304582283387,100.0
5720,1,32.41812316696773,32.41812316696773,100.0
5720,2,45.53857225074888,45.53857225074888,100.0
5730,0,21.373888310457286,21.373888310457286,100.0
5730,1,42.63176935019386,42.63176935019386,100.0
5730,2,35.99434233934886,35.99434233934886,100.0
5740,0,23.147694696132646,23.147694696132646,100.0
5740,1,29.31720320799196,29.31720320799196,100.0
5740,2,47.535102095875395,47.535102095875395,100.0
5750,0,23.248153447386606,23.248153447386606,100.0
5750,1,41.59701571587838,41.59701571587838,100.0
5750,2,35.154830836735016,35.154830836735016,100.0
5760,0,23.012100077636095,23.012100077636095,100.0
5760,1,30.425053440119804,30.425053440119804,100.0
5760,2,46.5628464822441,46.5628464822441,100.0
5770,0,24.04126886764398,24.04126886764398,100.0
5770,1,28.14196827892796,28.14196827892796,100.0
5770,2,47.81676285342806,47.81676285342806,100.0
5780,0,22.234967465062127,22.234967465062127,100.0
5780,1,42.70874908141401,42.70874908141401,100.0
5780,2,35.05628345352386,35.05628345352386,100.0
5790,0,23.045451161183717,23.045451161183717,100.0
5790,1,32.51173169785637,32.51173169785637,100.0
5790,2,44.44281714095992,44.44281714095992,100.0
5800,0,22.98232972364802,22.98232972364802,100.0
5800,1,33.209469050782126,33.209469050782126,100.0
5800,2,43.808201225569846,43.808201225569846,100.0
5810,0,25.789499024267187,25.789499024267187,100.0
5810,1,39.60305203282763,39.60305203282763,100.0
5810,2,34.60744894290519,34.60744894290519,100.0
5820,0,21.635569426563546,21.635569426563546,100.0
5820,1,33.490803118261134,33.490803118261134,100.0
5820,2,44.873627455175324,44.873627455175324,100.0
5830,0,21.31454873666415,21.31454873666415,100.0
5830,1,41.867452419221564,41.867452419221564,100.0
5830,2,36.817998844114285,36.817998844114285,100.0
5840,0,26.222938685865977,26.222938685865977,100.0
5840,1,26.294156815926005,26.294156815926005,100.0
5840,2,47.482904498208015,47.482904498208015,100.0
5850,0,21.893584543154784,21.893584543154784,100.0
5850,1,41.71819668740088,41.71819668740088,100.0
5850,2,36.38821876944435,36.38821876944435,100.0
5860,0,22.493131714948287,22.493131714948287,100.0
5860,1,34.694907501011784,34.694907501011784,100.0
5860,2,42.811960784039925,42.811960784039925,100.0
5870,0,24.66828211597799,24.66828211597799,100.0
5870,1,27.611407999200765,27.611407999200765,100.0
5870,2,47.72030988482124,47.72030988482124,100.0
5880,0,22.295278124705035,22.295278124705035,100.0
5880,1,37.330802936915944,37.330802936915944,100.0
5880,2,40.37391893837902,40.37391893837902,100.0
5890,0,20.611848659937447,20.611848659937447,100.0
5890,1,43.0244649388427,43.0244649388427,100.0
5890,2,36.363686401219844,36.363686401219844,100.0
5900,0,22.611787126666545,22.611787126666545,100.0
5900,1,30.01745477938099,30.01745477938099,100.0
5900,2,47.37075809395246,47.37075809395246,100.0
5910,0,23.05502256081508,23.05502256081508,100.0
5910,1,26.772267498047913,26.772267498047913,100.0
5910,2,50.17270994113701,50.17270994113701,100.0
5920,0,22.25626638740687,22.25626638740687,100.0
5920,1,31.40032221552267,31.40032221552267,100.0
5920,2,46.34341139707046,46.34341139707046,100.0
5930,0,23.76780964590572,23.76780964590572,100.0
5930,1,38.96306426511237,38.96306426511237,100.0
5930,2,37.26912608898191,37.26912608898191,100.0
5940,0,23.665579110028297,23.665579110028297,100.0
5940,1,26.856221893978454,26.856221893978454,100.0
5940,2,49.47819899599325,49.47819899599325,100.0
5950,0,23.499258149133738,23.499258149133738,100.0
5950,1,32.843864486842286,32.843864486842286,100.0
5950,2,43.65687736402398,43.65687736402398,100.0
5960,0,21.804077355103395,21.804077355103395,100.0
5960,1,33.35886492550333,33.35886492550333,100.0
5960,2,44.83705771939327,44.83705771939327,100.0
5970,0,26.87505741149816,26.87505741149816,100.0
5970,1,29.149505868897197,29.149505868897197,100.0
5970,2,43.97543671960465,43.97543671960465,100.0
5980,0,24.184840978137796,24.184840978137796,100.0
5980,1,27.405636480845015,27.405636480845015,100.0
5980,2,48.40952254101719,48.40952254101719,100.0
5990,0,24.21233066235659,24.21233066235659,100.0
5990,1,25.705460963036806,25.705460963036806,100.0
5990,2,50.082208374606594,50.082208374606594,100.0
6000,0,24.453042512586542,24.453042512586542,100.0
6000,1,27.407758665331873,27.407758665331873,100.0
6000,2,48.13919882208159,48.13919882208159,100.0
6010,0,25.097937329417658,25.097937329417658,100.0
6010,1,28.487141886687827,28.487141886687827,100.0
6010,2,46.41492078389452,46.41492078389452,100.0
6020,0,25.702637416858398,25.702637416858398,100.0
6020,1,27.662358374173056,27.662358374173056,100.0
6020,2,46.63500420896854,46.63500420896854,100.0
6030,0,24.10564430743175,24.10564430743175,100.0
6030,1,26.190908906066092,26.190908906066092,100.0
6030,2,49.703446786502155,49.703446786502155,100.0
6040,0,24.733044472536587,24.733044472536587,100.0
6040,1,32.82026755677941,32.82026755677941,100.0
6040,2,42.446687970683996,42.446687970683996,100.0
6050,0,22.251198220287378,22.251198220287378,100.0
6050,1,33.096446133494815,33.096446133494815,100.0
6050,2,44.65235564621781,44.65235564621781,100.0
6060,0,23.137619413417767,23.137619413417767,100.0
6060,1,39.18865060755631,39.18865060755631,100.0
6060,2,37.673729979025914,37.673729979025914,100.0
6070,0,23.004531765571972,23.004531765571972,100.0
6070,1,35.920469795381884,35.920469795381884,100.0
6070,2,41.07499843904615,41.07499843904615,100.0
6080,0,23.53681886646452,23.53681886646452,100.0
6080,1,37.70327824836772,37.70327824836772,100.0
6080,2,38.75990288516777,38.75990288516777,100.0
6090,0,22.727103375494632,22.727103375494632,100.0
6090,1,30.905867240783003,30.905867240783003,100.0
6090,2,46.36702938372236,46.36702938372236,100.0
6100,0,22.321091648098367,22.321091648098367,100.0
6100,1,36.09535940339029,36.09535940339029,100.0
6100,2,41.58354894851134,41.58354894851134,100.0
6110,0,22.55915696157908,22.55915696157908,100.0
6110,1,34.467384507320176,34.467384507320176,100.0
6110,2,42.973458531100746,42.973458531100746,100.0
6120,0,20.721334263864268,20.721334263864268,100.0
6120,1,41.03324307808041,41.03324307808041,100.0
6120,2,38.24542265805532,38.24542265805532,100.0
6130,0,23.47870566902415,23.47870566902415,100.0
6130,1,35.280333517241814,35.280333517241814,100.0
6130,2,41.240960813734034,41.240960813734034,100.0
6140,0,22.60783380183037,22.60783380183037,100.0
6140,1,39.42365824760643,39.42365824760643,100.0
6140,2,37.9685079505632,37.9685079505632,100.0
6150,0,21.752636623021985,21.752636623021985,100.0
6150,1,37.3102067135179,37.3102067135179,100.0
6150,2,40.937156663460115,40.937156663460115,100.0
6160,0,23.064442602915207,23.064442602915207,100.0
6160,1,27.47143327011855,27.47143327011855,100.0
6160,2,49.46412412696624,49.46412412696624,100.0
6170,0,23.984344000680537,23.984344000680537,100.0
6170,1,40.96498252878099,40.96498252878099,100.0
6170,2,35.05067347053847,35.05067347053847,100.0
6180,0,23.12851396066153,23.12851396066153,100.0
6180,1,26.309400517713993,26.309400517713993,100.0
6180,2,50.562085521624475,50.562085521624475,100.0
6190,0,23.97470660933392,23.97470660933392,100.0
6190,1,26.275650856275355,26.275650856275355,100.0
6190,2,49.74964253439072,49.74964253439072,100.0
6200,0,22.141498218945767,22.141498218945767,100.0
6200,1,38.99830680266552,38.99830680266552,100.0
6200,2,38.86019497838872,38.86019497838872,100.0
6210,0,24.074094346185493,24.074094346185493,100.0
6210,1,30.095788969721422,30.095788969721422,100.0
6210,2,45.830116684093085,45.830116684093085,100.0
6220,0,21.614988075803375,21.614988075803375,100.0
6220,1,38.34696377750642,38.34696377750642,100.0
6220,2,40.03804814669021,40.03804814669021,100.0
6230,0,22.7332383539667,22.7332383539667,100.0
6230,1,27.592132928529423,27.592132928529423,100.0
6230,2,49.67462871750388,49.67462871750388,100.0
6240,0,24.13563542064918,24.13563542064918,100.0
6240,1,30.259917213923888,30.259917213923888,100.0
6240,2,45.604447365426935,45.604447365426935,100.0
6250,0,24.63992721265114,24.63992721265114,100.0
6250,1,27.608423084415257,27.608423084415257,100.0
6250,2,47.751649702933605,47.751649702933605,100.0
6260,0,21.623751421473976,21.623751421473976,100.0
6260,1,34.957963325642055,34.957963325642055,100.0
6260,2,43.41828525288397,43.41828525288397,100.0
6270,0,25.264931535839196,25.264931535839196,100.0
6270,1,28.012617973103122,28.012617973103122,100.0
6270,2,46.72245049105768,46.72245049105768,100.0
6280,0,27.27513406828842,27.27513406828842,100.0
6280,1,35.03419001978947,35.03419001978947,100.0
6280,2,37.69067591192211,37.69067591192211,100.0
