timestamp,sliceId,dedicatedPRB,minPRB,maxPRB
510,0,27.470022657769473,27.470022657769473,100.0
510,1,44.708909777393494,44.708909777393494,100.0
510,2,27.821067564837037,27.821067564837037,100.0
520,0,22.260386376185224,22.260386376185224,100.0
520,1,34.359366044523675,34.359366044523675,100.0
520,2,43.3802475792911,43.3802475792911,100.0
530,0,48.97246571362389,48.97246571362389,100.0
530,1,29.56334095516619,29.56334095516619,100.0
530,2,21.464193331209923,21.464193331209923,100.0
540,0,21.70309016184134,21.70309016184134,100.0
540,1,37.8579385992647,37.8579385992647,100.0
540,2,40.438971238893956,40.438971238893956,100.0
550,0,22.866863003790062,22.866863003790062,100.0
550,1,36.53689010509533,36.53689010509533,100.0
550,2,40.5962468911146,40.5962468911146,100.0
560,0,22.89180441074484,22.89180441074484,100.0
560,1,38.0666857370816,38.0666857370816,100.0
560,2,39.04150985217356,39.04150985217356,100.0
570,0,21.5583102229273,21.5583102229273,100.0
570,1,34.17368437481686,34.17368437481686,100.0
570,2,44.26800540225584,44.26800540225584,100.0
580,0,26.897623752953336,26.897623752953336,100.0
580,1,26.693931227478,26.693931227478,100.0
580,2,46.40844501956867,46.40844501956867,100.0
590,0,26.348823326239152,26.348823326239152,100.0
590,1,46.17761964437627,46.17761964437627,100.0
590,2,27.473557029384576,27.473557029384576,100.0
600,0,23.354498736397634,23.354498736397634,100.0
600,1,29.0959241096422,29.0959241096422,100.0
600,2,47.54957715396016,47.54957715396016,100.0
610,0,23.59207693791145,23.59207693791145,100.0
610,1,29.89248840430478,29.89248840430478,100.0
610,2,46.51543465778377,46.51543465778377,100.0
620,0,22.724632120541774,22.724632120541774,100.0
620,1,28.986028479521096,28.986028479521096,100.0
620,2,48.28933939993713,48.28933939993713,100.0
630,0,21.735018686724704,21.735018686724704,100.0
630,1,31.885601274727975,31.885601274727975,100.0
630,2,46.37938003854732,46.37938003854732,100.0
640,0,23.218611417717796,23.218611417717796,100.0
640,1,27.881512091841504,27.881512091841504,100.0
640,2,48.8998764904407,48.8998764904407,100.0
650,0,20.766728260711524,20.766728260711524,100.0
650,1,45.32430538417198,45.32430538417198,100.0
650,2,33.90896635511649,33.90896635511649,100.0
660,0,23.997752350781116,23.997752350781116,100.0
660,1,29.81360956288504,29.81360956288504,100.0
660,2,46.18863808633384,46.18863808633384,100.0
670,0,23.97887387072261,23.97887387072261,100.0
670,1,50.87544022650321,50.87544022650321,100.0
670,2,25.145685902774183,25.145685902774183,100.0
680,0,22.751023269417043,22.751023269417043,100.0
680,1,35.131103184483216,35.131103184483216,100.0
680,2,42.11787354609975,42.11787354609975,100.0
690,0,22.542966752716744,22.542966752716744,100.0
690,1,35.22778126074706,35.22778126074706,100.0
690,2,42.2292519865362,42.2292519865362,100.0
700,0,21.5079634327472,21.5079634327472,100.0
700,1,36.922359624825596,36.922359624825596,100.0
700,2,41.5696769424272,41.5696769424272,100.0
710,0,28.072607454891475,28.072607454891475,100.0
710,1,37.84122194498531,37.84122194498531,100.0
710,2,34.086170600123225,34.086170600123225,100.0
720,0,22.578884626926676,22.578884626926676,100.0
720,1,37.675056276348926,37.675056276348926,100.0
720,2,39.746059096724395,39.746059096724395,100.0
730,0,22.824641434474803,22.824641434474803,100.0
730,1,26.87252501262535,26.87252501262535,100.0
730,2,50.30283355289985,50.30283355289985,100.0
740,0,22.68459156849273,22.68459156849273,100.0
740,1,39.96332552203505,39.96332552203505,100.0
740,2,37.35208290947222,37.35208290947222,100.0
750,0,20.9642934500815,20.9642934500815,100.0
750,1,38.64211124477562,38.64211124477562,100.0
750,2,40.39359530514288,40.39359530514288,100.0
760,0,32.32914601397784,32.32914601397784,100.0
760,1,33.6427857493085,33.6427857493085,100.0
760,2,34.02806823671366,34.02806823671366,100.0
770,0,20.405281833096797,20.405281833096797,100.0
770,1,42.22994349585086,42.22994349585086,100.0
770,2,37.36477467105234,37.36477467105234,100.0
780,0,22.37440724884678,22.37440724884678,100.0
780,1,27.549464280422338,27.549464280422338,100.0
780,2,50.07612847073089,50.07612847073089,100.0
790,0,25.975862059492794,25.975862059492794,100.0
790,1,48.35819509269675,48.35819509269675,100.0
790,2,25.665942847810463,25.665942847810463,100.0
800,0,34.88357419505625,34.88357419505625,100.0
800,1,37.24505830194691,37.24505830194691,100.0
800,2,27.871367502996836,27.871367502996836,100.0
