timestamp,sliceId,dedicatedPRB,minPRB,maxPRB
510,0,25.26744046117023,25.26744046117023,100.0
510,1,27.729804372910905,27.729804372910905,100.0
510,2,47.00275516591886,47.00275516591886,100.0
520,0,35.45354491580803,35.45354491580803,100.0
520,1,32.35335674247442,32.35335674247442,100.0
520,2,32.193098341717544,32.193098341717544,100.0
530,0,34.494172764625034,34.494172764625034,100.0
530,1,42.17698401434362,42.17698401434362,100.0
530,2,23.328843221031363,23.328843221031363,100.0
540,0,38.21279742731504,38.21279742731504,100.0
540,1,37.66776771300569,37.66776771300569,100.0
540,2,24.119434859679277,24.119434859679277,100.0
550,0,37.70172207868556,37.70172207868556,100.0
550,1,33.219090230566465,33.219090230566465,100.0
550,2,29.079187690747975,29.079187690747975,100.0
560,0,34.75173631051886,34.75173631051886,100.0
560,1,33.523710237702055,33.523710237702055,100.0
560,2,31.724553451779098,31.724553451779098,100.0
570,0,38.52823864053843,38.52823864053843,100.0
570,1,40.11772532075833,40.11772532075833,100.0
570,2,21.354036038703235,21.354036038703235,100.0
580,0,42.12189505159564,42.12189505159564,100.0
580,1,36.80250574904328,36.80250574904328,100.0
580,2,21.075599199361093,21.075599199361093,100.0
590,0,37.58571108638915,37.58571108638915,100.0
590,1,40.077731031123584,40.077731031123584,100.0
590,2,22.336557882487263,22.336557882487263,100.0
600,0,40.61829544292958,40.61829544292958,100.0
600,1,24.423517231487548,24.423517231487548,100.0
600,2,34.95818732558287,34.95818732558287,100.0
610,0,34.40667811738054,34.40667811738054,100.0
610,1,46.45915014723811,46.45915014723811,100.0
610,2,19.134171735381344,19.134171735381344,100.0
620,0,28.694101510152425,28.694101510152425,100.0
620,1,33.3231730055084,33.3231730055084,100.0
620,2,37.98272548433918,37.98272548433918,100.0
630,0,33.69540765915299,33.69540765915299,100.0
630,1,25.375391914013406,25.375391914013406,100.0
630,2,40.9292004268336,40.9292004268336,100.0
640,0,35.28567557830174,35.28567557830174,100.0
640,1,38.352877238261954,38.352877238261954,100.0
640,2,26.361447183436308,26.361447183436308,100.0
650,0,24.093192034449416,24.093192034449416,100.0
650,1,41.93618075552946,41.93618075552946,100.0
650,2,33.97062721002112,33.97062721002112,100.0
660,0,25.91388475224935,25.91388475224935,100.0
660,1,35.46716469515489,35.46716469515489,100.0
660,2,38.618950552595756,38.618950552595756,100.0
670,0,42.9375351995311,42.9375351995311,100.0
670,1,29.828392823712193,29.828392823712193,100.0
670,2,27.234071976756713,27.234071976756713,100.0
680,0,35.83760685612353,35.83760685612353,100.0
680,1,39.309445521454464,39.309445521454464,100.0
680,2,24.85294762242202,24.85294762242202,100.0
690,0,45.52439030640818,45.52439030640818,100.0
690,1,34.052117395390134,34.052117395390134,100.0
690,2,20.423492298201683,20.423492298201683,100.0
700,0,22.584972970796226,22.584972970796226,100.0
700,1,25.64543395019564,25.64543395019564,100.0
700,2,51.76959307900814,51.76959307900814,100.0
710,0,29.24098213226834,29.24098213226834,100.0
710,1,49.79334420023617,49.79334420023617,100.0
710,2,20.965673667495494,20.965673667495494,100.0
720,0,31.618976876371075,31.618976876371075,100.0
720,1,38.26766349759784,38.26766349759784,100.0
720,2,30.113359626031087,30.113359626031087,100.0
730,0,36.4626273735946,36.4626273735946,100.0
730,1,38.776111057918826,38.776111057918826,100.0
730,2,24.761261568486564,24.761261568486564,100.0
740,0,24.584484752978554,24.584484752978554,100.0
740,1,29.85300588207518,29.85300588207518,100.0
740,2,45.562509364946266,45.562509364946266,100.0
750,0,24.797621674979954,24.797621674979954,100.0
750,1,48.52303998825208,48.52303998825208,100.0
750,2,26.679338336767966,26.679338336767966,100.0
760,0,44.13966057083609,44.13966057083609,100.0
760,1,30.162086080033145,30.162086080033145,100.0
760,2,25.698253349130756,25.698253349130756,100.0
770,0,43.51244612141162,43.51244612141162,100.0
770,1,38.49716212310573,38.49716212310573,100.0
770,2,17.990391755482644,17.990391755482644,100.0
780,0,31.951485195772577,31.951485195772577,100.0
780,1,44.689173493318336,44.689173493318336,100.0
780,2,23.35934131090909,23.35934131090909,100.0
790,0,33.580554649345935,33.580554649345935,100.0
790,1,46.47807632815942,46.47807632815942,100.0
790,2,19.941369022494655,19.941369022494655,100.0
800,0,37.066425259735134,37.066425259735134,100.0
800,1,38.11469592687916,38.11469592687916,100.0
800,2,24.818878813385716,24.818878813385716,100.0
810,0,30.774000016137215,30.774000016137215,100.0
810,1,44.11790862168369,44.11790862168369,100.0
810,2,25.108091362179103,25.108091362179103,100.0
820,0,32.987529860310055,32.987529860310055,100.0
820,1,29.533213573406204,29.533213573406204,100.0
820,2,37.479256566283745,37.479256566283745,100.0
830,0,26.45102465505022,26.45102465505022,100.0
830,1,46.74132249394155,46.74132249394155,100.0
830,2,26.807652851008235,26.807652851008235,100.0
840,0,47.549721312744275,47.549721312744275,100.0
840,1,25.919656738318807,25.919656738318807,100.0
840,2,26.53062194893693,26.53062194893693,100.0
850,0,48.52692610865225,48.52692610865225,100.0
850,1,28.665310782370355,28.665310782370355,100.0
850,2,22.807763108977394,22.807763108977394,100.0
860,0,39.83408015708296,39.83408015708296,100.0
860,1,24.717693264347098,24.717693264347098,100.0
860,2,35.44822657856995,35.44822657856995,100.0
870,0,28.489312277604107,28.489312277604107,100.0
870,1,36.121978036481366,36.121978036481366,100.0
870,2,35.38870968591452,35.38870968591452,100.0
880,0,24.62476082391798,24.62476082391798,100.0
880,1,43.375457007545585,43.375457007545585,100.0
880,2,31.999782168536438,31.999782168536438,100.0
890,0,36.28453391204191,36.28453391204191,100.0
890,1,37.129782542839365,37.129782542839365,100.0
890,2,26.585683545118744,26.585683545118744,100.0
900,0,33.687627176871196,33.687627176871196,100.0
900,1,28.017024913472792,28.017024913472792,100.0
900,2,38.295347909656016,38.295347909656016,100.0
910,0,39.07554887061709,39.07554887061709,100.0
910,1,34.78572342554913,34.78572342554913,100.0
910,2,26.13872770383377,26.13872770383377,100.0
920,0,26.77447843975053,26.77447843975053,100.0
920,1,32.836603409562755,32.836603409562755,100.0
920,2,40.38891815068671,40.38891815068671,100.0
930,0,46.09484736671885,46.09484736671885,100.0
930,1,33.102943336780974,33.102943336780974,100.0
930,2,20.802209296500177,20.802209296500177,100.0
940,0,25.328282359989284,25.328282359989284,100.0
940,1,47.089610724256595,47.089610724256595,100.0
940,2,27.58210691575411,27.58210691575411,100.0
950,0,40.22769905309854,40.22769905309854,100.0
950,1,27.93333369364575,27.93333369364575,100.0
950,2,31.838967253255717,31.838967253255717,100.0
960,0,22.592075794574956,22.592075794574956,100.0
960,1,51.86294356865426,51.86294356865426,100.0
960,2,25.544980636770788,25.544980636770788,100.0
970,0,31.82865773121791,31.82865773121791,100.0
970,1,34.47202851936918,34.47202851936918,100.0
970,2,33.699313749412916,33.699313749412916,100.0
980,0,24.242235741133694,24.242235741133694,100.0
980,1,35.10033771639788,35.10033771639788,100.0
980,2,40.65742654246842,40.65742654246842,100.0
990,0,28.633828871013222,28.633828871013222,100.0
990,1,46.11072031500091,46.11072031500091,100.0
990,2,25.255450813985874,25.255450813985874,100.0
1000,0,34.09203082175056,34.09203082175056,100.0
1000,1,30.03562263349479,30.03562263349479,100.0
1000,2,35.87234654475464,35.87234654475464,100.0
1010,0,29.670062487479964,29.670062487479964,100.0
1010,1,46.60140561146433,46.60140561146433,100.0
1010,2,23.728531901055703,23.728531901055703,100.0
1020,0,46.12464860278479,46.12464860278479,100.0
1020,1,28.337270320079313,28.337270320079313,100.0
1020,2,25.5380810771359,25.5380810771359,100.0
1030,0,34.72914783795659,34.72914783795659,100.0
1030,1,38.66153597966699,38.66153597966699,100.0
1030,2,26.609316182376418,26.609316182376418,100.0
1040,0,27.526080109491858,27.526080109491858,100.0
1040,1,40.0192841028291,40.0192841028291,100.0
1040,2,32.45463578767906,32.45463578767906,100.0
1050,0,28.88961423038095,28.88961423038095,100.0
1050,1,44.26348183527695,44.26348183527695,100.0
1050,2,26.846903934342098,26.846903934342098,100.0
1060,0,42.472473742329385,42.472473742329385,100.0
1060,1,27.726255114616098,27.726255114616098,100.0
1060,2,29.80127114305452,29.80127114305452,100.0
1070,0,44.490426741734204,44.490426741734204,100.0
1070,1,28.31507468299113,28.31507468299113,100.0
1070,2,27.19449857527467,27.19449857527467,100.0
1080,0,27.113191030053923,27.113191030053923,100.0
1080,1,51.27931818091185,51.27931818091185,100.0
1080,2,21.60749078903424,21.60749078903424,100.0
1090,0,30.144064208188233,30.144064208188233,100.0
1090,1,39.37806989995237,39.37806989995237,100.0
1090,2,30.477865891859402,30.477865891859402,100.0
1100,0,34.769874222794634,34.769874222794634,100.0
1100,1,32.20507255123546,32.20507255123546,100.0
1100,2,33.025053225969906,33.025053225969906,100.0
1110,0,38.219941721126574,38.219941721126574,100.0
1110,1,38.91250173402919,38.91250173402919,100.0
1110,2,22.867556544844238,22.867556544844238,100.0
1120,0,31.129074731336924,31.129074731336924,100.0
1120,1,41.51043692292332,41.51043692292332,100.0
1120,2,27.360488345739746,27.360488345739746,100.0
1130,0,22.02362903239406,22.02362903239406,100.0
1130,1,45.87511000194523,45.87511000194523,100.0
1130,2,32.101260965660714,32.101260965660714,100.0
1140,0,35.01777494959795,35.01777494959795,100.0
1140,1,32.422997792698474,32.422997792698474,100.0
1140,2,32.55922725770359,32.55922725770359,100.0
1150,0,35.02923177393936,35.02923177393936,100.0
1150,1,45.43005192572535,45.43005192572535,100.0
1150,2,19.54071630033529,19.54071630033529,100.0
1160,0,23.55923896238058,23.55923896238058,100.0
1160,1,51.68620934057879,51.68620934057879,100.0
1160,2,24.754551697040625,24.754551697040625,100.0
1170,0,22.99228089281298,22.99228089281298,100.0
1170,1,52.78930217067188,52.78930217067188,100.0
1170,2,24.21841693651514,24.21841693651514,100.0
1180,0,37.933728505086314,37.933728505086314,100.0
1180,1,28.944561700708753,28.944561700708753,100.0
1180,2,33.12170979420493,33.12170979420493,100.0
1190,0,40.366271108979724,40.366271108979724,100.0
1190,1,37.94073044122258,37.94073044122258,100.0
1190,2,21.692998449797702,21.692998449797702,100.0
1200,0,37.72359778793163,37.72359778793163,100.0
1200,1,43.760964596746845,43.760964596746845,100.0
1200,2,18.515437615321538,18.515437615321538,100.0
1210,0,38.842741491783904,38.842741491783904,100.0
1210,1,35.88639391418927,35.88639391418927,100.0
1210,2,25.270864594026826,25.270864594026826,100.0
1220,0,23.733631225515033,23.733631225515033,100.0
1220,1,29.396545281718346,29.396545281718346,100.0
1220,2,46.86982349276663,46.86982349276663,100.0
1230,0,36.42862007596581,36.42862007596581,100.0
1230,1,35.21356308934229,35.21356308934229,100.0
1230,2,28.357816834691896,28.357816834691896,100.0
1240,0,22.0493464755043,22.0493464755043,100.0
1240,1,54.341928175741906,54.341928175741906,100.0
1240,2,23.608725348753804,23.608725348753804,100.0
1250,0,33.727158291730554,33.727158291730554,100.0
1250,1,38.848225597526856,38.848225597526856,100.0
1250,2,27.424616110742583,27.424616110742583,100.0
1260,0,42.836169065107256,42.836169065107256,100.0
1260,1,26.833329616303015,26.833329616303015,100.0
1260,2,30.330501318589736,30.330501318589736,100.0
1270,0,24.109724724121794,24.109724724121794,100.0
1270,1,54.0265671620447,54.0265671620447,100.0
1270,2,21.863708113833503,21.863708113833503,100.0
1280,0,28.911714496352513,28.911714496352513,100.0
1280,1,39.47222932559478,39.47222932559478,100.0
1280,2,31.616056178052716,31.616056178052716,100.0
1290,0,41.25088462899705,41.25088462899705,100.0
1290,1,29.526310165097136,29.526310165097136,100.0
1290,2,29.22280520590582,29.22280520590582,100.0
1300,0,33.566440308728644,33.566440308728644,100.0
1300,1,39.81308988556807,39.81308988556807,100.0
1300,2,26.62046980570329,26.62046980570329,100.0
1310,0,24.90772902004607,24.90772902004607,100.0
1310,1,50.371714928671764,50.371714928671764,100.0
1310,2,24.72055605128217,24.72055605128217,100.0
1320,0,50.571319284883224,50.571319284883224,100.0
1320,1,30.545991612875245,30.545991612875245,100.0
1320,2,18.882689102241535,18.882689102241535,100.0
1330,0,34.90892596284304,34.90892596284304,100.0
1330,1,31.65722944772603,31.65722944772603,100.0
1330,2,33.433844589430926,33.433844589430926,100.0
1340,0,40.81084327057416,40.81084327057416,100.0
1340,1,35.23572135191016,35.23572135191016,100.0
1340,2,23.953435377515692,23.953435377515692,100.0
1350,0,40.48617668463172,40.48617668463172,100.0
1350,1,39.48751388371695,39.48751388371695,100.0
1350,2,20.026309431651317,20.026309431651317,100.0
1360,0,33.23338644956565,33.23338644956565,100.0
1360,1,45.65801632648888,45.65801632648888,100.0
1360,2,21.108597223945473,21.108597223945473,100.0
1370,0,37.25340226371725,37.25340226371725,100.0
1370,1,40.82800537151636,40.82800537151636,100.0
1370,2,21.918592364766383,21.918592364766383,100.0
1380,0,40.33596919997427,40.33596919997427,100.0
1380,1,41.67826415342458,41.67826415342458,100.0
1380,2,17.98576664660115,17.98576664660115,100.0
1390,0,52.00331406125801,52.00331406125801,100.0
1390,1,28.68972636512362,28.68972636512362,100.0
1390,2,19.30695957361837,19.30695957361837,100.0
1400,0,35.0956722474288,35.0956722474288,100.0
1400,1,25.39189942471513,25.39189942471513,100.0
1400,2,39.51242832785608,39.51242832785608,100.0
1410,0,37.34409440347779,37.34409440347779,100.0
1410,1,42.59580445861184,42.59580445861184,100.0
1410,2,20.060101137910358,20.060101137910358,100.0
1420,0,39.40765032839637,39.40765032839637,100.0
1420,1,35.2628075963904,35.2628075963904,100.0
1420,2,25.32954207521324,25.32954207521324,100.0
1430,0,38.556223545647995,38.556223545647995,100.0
1430,1,33.17182258784382,33.17182258784382,100.0
1430,2,28.27195386650819,28.27195386650819,100.0
1440,0,23.303037945241567,23.303037945241567,100.0
1440,1,33.60943350465081,33.60943350465081,100.0
1440,2,43.08752855010762,43.08752855010762,100.0
1450,0,45.69000375161533,45.69000375161533,100.0
1450,1,32.816585237117074,32.816585237117074,100.0
1450,2,21.493411011267604,21.493411011267604,100.0
1460,0,47.79997631289958,47.79997631289958,100.0
1460,1,26.17111893660174,26.17111893660174,100.0
1460,2,26.028904750498683,26.028904750498683,100.0
1470,0,41.88885255135036,41.88885255135036,100.0
1470,1,34.39192094361861,34.39192094361861,100.0
1470,2,23.719226505031028,23.719226505031028,100.0
1480,0,24.999203748245208,24.999203748245208,100.0
1480,1,49.07447887616224,49.07447887616224,100.0
1480,2,25.926317375592546,25.926317375592546,100.0
1490,0,51.95359655991925,51.95359655991925,100.0
1490,1,28.096726053630928,28.096726053630928,100.0
1490,2,19.94967738644983,19.94967738644983,100.0
1500,0,41.27340567158689,41.27340567158689,100.0
1500,1,24.66207279952901,24.66207279952901,100.0
1500,2,34.06452152888409,34.06452152888409,100.0
