timestamp,ueImsi,sliceId,dTxBytes,dRxBytes,plr,resourceSharePct,dLostPackets,throughputMbps,bufferBytes
1510,1,0,35144,22920,34.78,26.66,8,18.3360,1245811
1510,2,0,35144,29032,17.39,26.66,4,23.2256,879820
1510,3,1,1014,780,23.08,25.00,3,0.6240,333
1510,4,1,1014,780,23.08,25.00,3,0.6240,333
1510,5,2,256,256,0.00,48.33,0,0.2048,137
1510,6,2,256,256,0.00,48.33,0,0.2048,137
1510,7,2,256,256,0.00,48.33,0,0.2048,137
1510,8,2,256,0,100.00,48.33,2,0.0000,137
1510,9,2,256,256,0.00,48.33,0,0.2048,137
1510,10,2,256,256,0.00,48.33,0,0.2048,137
