timestamp,ueImsi,sliceId,dTxBytes,dRxBytes,plr,resourceSharePct,dLostPackets,throughputMbps,bufferBytes
560,1,0,24448,1528,93.75,31.08,15,1.2224,136777
560,2,0,24448,1528,93.75,31.08,15,1.2224,136750
560,3,0,24448,1528,93.75,31.08,15,1.2224,136722
560,4,0,24448,1528,93.75,31.08,15,1.2224,136730
560,5,0,24448,1528,93.75,31.08,15,1.2224,136736
560,6,1,780,624,20.00,38.08,2,0.4992,87
560,7,1,780,624,20.00,38.08,2,0.4992,87
560,8,1,780,624,20.00,38.08,2,0.4992,87
560,9,1,780,624,20.00,38.08,2,0.4992,87
560,10,1,780,624,20.00,38.08,2,0.4992,87
560,11,2,16000,512,96.80,30.84,121,0.4096,91166
560,12,2,16000,512,96.80,30.84,121,0.4096,91266
560,13,2,16000,640,96.00,30.84,120,0.5120,91149
560,14,2,16000,640,96.00,30.84,120,0.5120,91158
560,15,2,16000,640,96.00,30.84,120,0.5120,91213
560,16,2,16000,640,96.00,30.84,120,0.5120,91223
560,17,2,16000,896,94.40,30.84,118,0.7168,91221
560,18,2,16000,512,96.80,30.84,121,0.4096,91224
560,19,2,16000,640,96.00,30.84,120,0.5120,91227
560,20,2,16000,640,96.00,30.84,120,0.5120,91233
