timestamp,ueImsi,sliceId,dTxBytes,dRxBytes,plr,resourceSharePct,dLostPackets,throughputMbps,bufferBytes
1510,1,0,18336,13752,25.00,16.66,3,11.0016,102118
1510,2,0,18336,9168,50.00,16.66,6,7.3344,675099
1510,3,0,18336,0,100.00,16.66,12,0.0000,506856
1510,4,0,18336,4584,75.00,16.66,9,3.6672,1152706
1510,5,0,18336,0,100.00,16.66,12,0.0000,1710875
1510,6,1,390,1950,0.00,65.00,0,1.5600,169
1510,7,1,390,390,0.00,65.00,0,0.3120,87
1510,8,1,390,0,100.00,65.00,5,0.0000,87
1510,9,1,390,0,100.00,65.00,5,0.0000,87
1510,10,1,390,390,0.00,65.00,0,0.3120,87
1510,11,2,384,256,33.33,18.34,1,0.2048,88
1510,12,2,384,256,33.33,18.34,1,0.2048,56
1510,13,2,384,256,33.33,18.34,1,0.2048,137
1510,14,2,384,0,100.00,18.34,3,0.0000,1661
1510,15,2,384,256,33.33,18.34,1,0.2048,137
1510,16,2,384,256,33.33,18.34,1,0.2048,137
1510,17,2,384,640,0.00,18.34,0,0.5120,56
1510,18,2,384,0,100.00,18.34,3,0.0000,549
1510,19,2,384,256,33.33,18.34,1,0.2048,137
1510,20,2,384,4096,0.00,18.34,0,3.2768,137
