timestamp,sliceId,dedicatedPRB,minPRB,maxPRB
510,0,40.92069523416632,40.92069523416632,100.0
510,1,40.191385621821226,40.191385621821226,100.0
510,2,18.887919144012454,18.887919144012454,100.0
520,0,40.16639205319888,40.16639205319888,100.0
520,1,33.226729847419044,33.226729847419044,100.0
520,2,26.60687809938208,26.60687809938208,100.0
530,0,30.591012622744017,30.591012622744017,100.0
530,1,47.765881211584585,47.765881211584585,100.0
530,2,21.643106165671398,21.643106165671398,100.0
540,0,45.32196025215786,45.32196025215786,100.0
540,1,36.64358349379696,36.64358349379696,100.0
540,2,18.034456254045185,18.034456254045185,100.0
550,0,23.020422117493432,23.020422117493432,100.0
550,1,39.03473962268944,39.03473962268944,100.0
550,2,37.944838259817125,37.944838259817125,100.0
560,0,47.32669447652942,47.32669447652942,100.0
560,1,31.49889343326162,31.49889343326162,100.0
560,2,21.174412090208968,21.174412090208968,100.0
570,0,47.911411282249816,47.911411282249816,100.0
570,1,26.15349762990408,26.15349762990408,100.0
570,2,25.9350910878461,25.9350910878461,100.0
580,0,27.26896527056624,27.26896527056624,100.0
580,1,33.32568074169678,33.32568074169678,100.0
580,2,39.40535398773698,39.40535398773698,100.0
590,0,23.23314662959613,23.23314662959613,100.0
590,1,47.77596009151098,47.77596009151098,100.0
590,2,28.990893278892894,28.990893278892894,100.0
600,0,29.581211888767744,29.581211888767744,100.0
600,1,40.33441218843169,40.33441218843169,100.0
600,2,30.084375922800564,30.084375922800564,100.0
610,0,22.830354651030287,22.830354651030287,100.0
610,1,45.69023736196324,45.69023736196324,100.0
610,2,31.479407987006468,31.479407987006468,100.0
620,0,36.26370234560255,36.26370234560255,100.0
620,1,43.70731970995389,43.70731970995389,100.0
620,2,20.02897794444355,20.02897794444355,100.0
630,0,27.589962490626373,27.589962490626373,100.0
630,1,49.78037649042581,49.78037649042581,100.0
630,2,22.629661018947814,22.629661018947814,100.0
640,0,28.597102172487066,28.597102172487066,100.0
640,1,46.21121255863084,46.21121255863084,100.0
640,2,25.19168526888209,25.19168526888209,100.0
650,0,31.40903876513741,31.40903876513741,100.0
650,1,33.98612617508627,33.98612617508627,100.0
650,2,34.60483505977632,34.60483505977632,100.0
660,0,32.57139751492507,32.57139751492507,100.0
660,1,39.022453037090145,39.022453037090145,100.0
660,2,28.406149447984802,28.406149447984802,100.0
670,0,38.736318272946676,38.736318272946676,100.0
670,1,34.737441414913704,34.737441414913704,100.0
670,2,26.526240312139613,26.526240312139613,100.0
680,0,22.275754871848058,22.275754871848058,100.0
680,1,34.44306421606377,34.44306421606377,100.0
680,2,43.28118091208818,43.28118091208818,100.0
690,0,24.02723465385958,24.02723465385958,100.0
690,1,52.266438075429946,52.266438075429946,100.0
690,2,23.70632727071047,23.70632727071047,100.0
700,0,22.80587910231738,22.80587910231738,100.0
700,1,44.35568017888081,44.35568017888081,100.0
700,2,32.83844071880181,32.83844071880181,100.0
710,0,24.05836309573267,24.05836309573267,100.0
710,1,56.492800845752456,56.492800845752456,100.0
710,2,19.448836058514875,19.448836058514875,100.0
720,0,26.175457891472387,26.175457891472387,100.0
720,1,32.15088362105726,32.15088362105726,100.0
720,2,41.673658487470355,41.673658487470355,100.0
730,0,23.168456042205538,23.168456042205538,100.0
730,1,38.05466384076848,38.05466384076848,100.0
730,2,38.77688011702599,38.77688011702599,100.0
740,0,21.636438734445356,21.636438734445356,100.0
740,1,53.19252902001745,53.19252902001745,100.0
740,2,25.171032245537184,25.171032245537184,100.0
750,0,25.610236004648147,25.610236004648147,100.0
750,1,53.154493694007,53.154493694007,100.0
750,2,21.235270301344862,21.235270301344862,100.0
760,0,29.522082334653472,29.522082334653472,100.0
760,1,49.06017725973336,49.06017725973336,100.0
760,2,21.417740405613173,21.417740405613173,100.0
770,0,21.977796796522174,21.977796796522174,100.0
770,1,47.028271560378,47.028271560378,100.0
770,2,30.993931643099828,30.993931643099828,100.0
780,0,25.38383808740615,25.38383808740615,100.0
780,1,31.397295357341935,31.397295357341935,100.0
780,2,43.218866555251914,43.218866555251914,100.0
790,0,22.222351647209393,22.222351647209393,100.0
790,1,30.306008354037235,30.306008354037235,100.0
790,2,47.47163999875338,47.47163999875338,100.0
800,0,22.02415772008852,22.02415772008852,100.0
800,1,56.026495780591404,56.026495780591404,100.0
800,2,21.94934649932009,21.94934649932009,100.0
810,0,28.212484498580803,28.212484498580803,100.0
810,1,35.73069229394782,35.73069229394782,100.0
810,2,36.056823207471375,36.056823207471375,100.0
820,0,22.175102941104253,22.175102941104253,100.0
820,1,49.219639783504654,49.219639783504654,100.0
820,2,28.605257275391104,28.605257275391104,100.0
830,0,26.60132161360773,26.60132161360773,100.0
830,1,48.04620223776778,48.04620223776778,100.0
830,2,25.352476148624497,25.352476148624497,100.0
840,0,22.620962064004605,22.620962064004605,100.0
840,1,52.09835388533275,52.09835388533275,100.0
840,2,25.280684050662643,25.280684050662643,100.0
850,0,24.48886225929346,24.48886225929346,100.0
850,1,52.2262615796503,52.2262615796503,100.0
850,2,23.284876161056246,23.284876161056246,100.0
860,0,22.957691550801496,22.957691550801496,100.0
860,1,49.49309795822535,49.49309795822535,100.0
860,2,27.549210490973152,27.549210490973152,100.0
870,0,23.981997564958743,23.981997564958743,100.0
870,1,44.45615136065092,44.45615136065092,100.0
870,2,31.561851074390347,31.561851074390347,100.0
880,0,27.850297270797757,27.850297270797757,100.0
880,1,53.238563574381715,53.238563574381715,100.0
880,2,18.911139154820525,18.911139154820525,100.0
890,0,23.071381760762737,23.071381760762737,100.0
890,1,42.338836790802766,42.338836790802766,100.0
890,2,34.5897814484345,34.5897814484345,100.0
900,0,25.61290036543049,25.61290036543049,100.0
900,1,55.025671285934926,55.025671285934926,100.0
900,2,19.361428348634576,19.361428348634576,100.0
910,0,25.136648157171237,25.136648157171237,100.0
910,1,39.86133141335232,39.86133141335232,100.0
910,2,35.002020429476445,35.002020429476445,100.0
920,0,24.266693002920597,24.266693002920597,100.0
920,1,35.06329853218625,35.06329853218625,100.0
920,2,40.67000846489315,40.67000846489315,100.0
930,0,31.818335990321955,31.818335990321955,100.0
930,1,31.892801224014438,31.892801224014438,100.0
930,2,36.28886278566361,36.28886278566361,100.0
940,0,22.712354836581895,22.712354836581895,100.0
940,1,40.21004731001895,40.21004731001895,100.0
940,2,37.07759785339916,37.07759785339916,100.0
950,0,25.46985371407498,25.46985371407498,100.0
950,1,47.93426239527086,47.93426239527086,100.0
950,2,26.59588389065416,26.59588389065416,100.0
960,0,37.79792557542716,37.79792557542716,100.0
960,1,38.11378829484327,38.11378829484327,100.0
960,2,24.088286129729582,24.088286129729582,100.0
970,0,30.60208167810316,30.60208167810316,100.0
970,1,47.52781302417869,47.52781302417869,100.0
970,2,21.870105297718148,21.870105297718148,100.0
980,0,22.155140716696753,22.155140716696753,100.0
980,1,29.327724375961335,29.327724375961335,100.0
980,2,48.517134907341905,48.517134907341905,100.0
990,0,22.5787008670848,22.5787008670848,100.0
990,1,49.75318374728362,49.75318374728362,100.0
990,2,27.66811538563158,27.66811538563158,100.0
1000,0,21.88714635735463,21.88714635735463,100.0
1000,1,32.33005478657778,32.33005478657778,100.0
1000,2,45.782798856067586,45.782798856067586,100.0
1010,0,23.61961082662,23.61961082662,100.0
1010,1,46.437505471288404,46.437505471288404,100.0
1010,2,29.942883702091592,29.942883702091592,100.0
1020,0,34.15134810394905,34.15134810394905,100.0
1020,1,34.52667873716771,34.52667873716771,100.0
1020,2,31.321973158883253,31.321973158883253,100.0
1030,0,28.62812375465077,28.62812375465077,100.0
1030,1,38.76233260234893,38.76233260234893,100.0
1030,2,32.60954364300031,32.60954364300031,100.0
1040,0,20.155124411119417,20.155124411119417,100.0
1040,1,44.276156090447955,44.276156090447955,100.0
1040,2,35.568719498432635,35.568719498432635,100.0
1050,0,25.775301240780045,25.775301240780045,100.0
1050,1,35.96804009262079,35.96804009262079,100.0
1050,2,38.25665866659916,38.25665866659916,100.0
1060,0,21.752190170876197,21.752190170876197,100.0
1060,1,38.638865723966575,38.638865723966575,100.0
1060,2,39.60894410515723,39.60894410515723,100.0
1070,0,22.46759507414112,22.46759507414112,100.0
1070,1,43.05796514499645,43.05796514499645,100.0
1070,2,34.47443978086243,34.47443978086243,100.0
1080,0,32.07512826584959,32.07512826584959,100.0
1080,1,34.74447170494915,34.74447170494915,100.0
1080,2,33.18040002920126,33.18040002920126,100.0
1090,0,24.316425563309117,24.316425563309117,100.0
1090,1,50.19086284162698,50.19086284162698,100.0
1090,2,25.492711595063916,25.492711595063916,100.0
1100,0,25.915308213773063,25.915308213773063,100.0
1100,1,47.652358453036555,47.652358453036555,100.0
1100,2,26.43233333319038,26.43233333319038,100.0
1110,0,26.979818494218133,26.979818494218133,100.0
1110,1,44.651311789559244,44.651311789559244,100.0
1110,2,28.368869716222616,28.368869716222616,100.0
1120,0,22.992145421393413,22.992145421393413,100.0
1120,1,47.88448904052741,47.88448904052741,100.0
1120,2,29.12336553807917,29.12336553807917,100.0
1130,0,29.199870203744382,29.199870203744382,100.0
1130,1,31.659926237251423,31.659926237251423,100.0
1130,2,39.14020355900419,39.14020355900419,100.0
1140,0,21.892049877975772,21.892049877975772,100.0
1140,1,29.247068815710897,29.247068815710897,100.0
1140,2,48.86088130631333,48.86088130631333,100.0
1150,0,25.372792210816147,25.372792210816147,100.0
1150,1,31.59186949130915,31.59186949130915,100.0
1150,2,43.0353382978747,43.0353382978747,100.0
1160,0,22.681303214028073,22.681303214028073,100.0
1160,1,34.780677553444825,34.780677553444825,100.0
1160,2,42.538019232527105,42.538019232527105,100.0
1170,0,22.968555828924003,22.968555828924003,100.0
1170,1,37.12468677497949,37.12468677497949,100.0
1170,2,39.906757396096516,39.906757396096516,100.0
1180,0,23.192719951532954,23.192719951532954,100.0
1180,1,48.028624632059795,48.028624632059795,100.0
1180,2,28.77865541640725,28.77865541640725,100.0
1190,0,24.099308424116117,24.099308424116117,100.0
1190,1,37.76135598134419,37.76135598134419,100.0
1190,2,38.1393355945397,38.1393355945397,100.0
1200,0,22.74584489110264,22.74584489110264,100.0
1200,1,46.249375396166215,46.249375396166215,100.0
1200,2,31.004779712731146,31.004779712731146,100.0
1210,0,24.825541445980157,24.825541445980157,100.0
1210,1,55.44251770276235,55.44251770276235,100.0
1210,2,19.731940851257505,19.731940851257505,100.0
1220,0,28.222400135089607,28.222400135089607,100.0
1220,1,51.71259832145303,51.71259832145303,100.0
1220,2,20.065001543457363,20.065001543457363,100.0
1230,0,38.76049499492662,38.76049499492662,100.0
1230,1,40.46780531434537,40.46780531434537,100.0
1230,2,20.771699690728003,20.771699690728003,100.0
1240,0,22.05169150084125,22.05169150084125,100.0
1240,1,42.15139104009785,42.15139104009785,100.0
1240,2,35.79691745906091,35.79691745906091,100.0
1250,0,22.06995567289009,22.06995567289009,100.0
1250,1,27.987872399618617,27.987872399618617,100.0
1250,2,49.94217192749129,49.94217192749129,100.0
1260,0,22.15001359640187,22.15001359640187,100.0
1260,1,39.09314967457743,39.09314967457743,100.0
1260,2,38.75683672902069,38.75683672902069,100.0
1270,0,29.344562135711026,29.344562135711026,100.0
1270,1,43.07480620702405,43.07480620702405,100.0
1270,2,27.58063165726493,27.58063165726493,100.0
1280,0,26.114983114942923,26.114983114942923,100.0
1280,1,46.54867489676263,46.54867489676263,100.0
1280,2,27.33634198829445,27.33634198829445,100.0
1290,0,27.80621167352254,27.80621167352254,100.0
1290,1,30.17913010163977,30.17913010163977,100.0
1290,2,42.01465822483769,42.01465822483769,100.0
1300,0,29.70855087797736,29.70855087797736,100.0
1300,1,45.99260718379197,45.99260718379197,100.0
1300,2,24.298841938230677,24.298841938230677,100.0
1310,0,30.37866731619312,30.37866731619312,100.0
1310,1,47.581252530173124,47.581252530173124,100.0
1310,2,22.040080153633756,22.040080153633756,100.0
1320,0,26.61801752171693,26.61801752171693,100.0
1320,1,36.968633485999256,36.968633485999256,100.0
1320,2,36.41334899228382,36.41334899228382,100.0
1330,0,25.513312461220057,25.513312461220057,100.0
1330,1,36.34890505766197,36.34890505766197,100.0
1330,2,38.137782481117966,38.137782481117966,100.0
1340,0,20.655042314769638,20.655042314769638,100.0
1340,1,41.79942574448247,41.79942574448247,100.0
1340,2,37.5455319407479,37.5455319407479,100.0
1350,0,27.11031039197984,27.11031039197984,100.0
1350,1,44.33314681860768,44.33314681860768,100.0
1350,2,28.556542789412475,28.556542789412475,100.0
1360,0,22.064456095894037,22.064456095894037,100.0
1360,1,39.7570586248648,39.7570586248648,100.0
1360,2,38.17848527924117,38.17848527924117,100.0
1370,0,21.30532602595809,21.30532602595809,100.0
1370,1,42.25127880554034,42.25127880554034,100.0
1370,2,36.443395168501574,36.443395168501574,100.0
1380,0,23.82883152665055,23.82883152665055,100.0
1380,1,47.429879586905955,47.429879586905955,100.0
1380,2,28.741288886443495,28.741288886443495,100.0
1390,0,23.886186528809727,23.886186528809727,100.0
1390,1,47.86443768049891,47.86443768049891,100.0
1390,2,28.249375790691367,28.249375790691367,100.0
1400,0,23.31759014365275,23.31759014365275,100.0
1400,1,51.35254824107067,51.35254824107067,100.0
1400,2,25.329861615276588,25.329861615276588,100.0
1410,0,22.48335395041492,22.48335395041492,100.0
1410,1,42.25348187077199,42.25348187077199,100.0
1410,2,35.26316417881309,35.26316417881309,100.0
1420,0,25.33826196066248,25.33826196066248,100.0
1420,1,42.185696306399564,42.185696306399564,100.0
1420,2,32.47604173293796,32.47604173293796,100.0
1430,0,22.04333959584283,22.04333959584283,100.0
1430,1,34.800490827158846,34.800490827158846,100.0
1430,2,43.15616957699832,43.15616957699832,100.0
1440,0,22.64147122370262,22.64147122370262,100.0
1440,1,32.62294756645652,32.62294756645652,100.0
1440,2,44.735581209840866,44.735581209840866,100.0
1450,0,27.81710753787775,27.81710753787775,100.0
1450,1,34.998872210543176,34.998872210543176,100.0
1450,2,37.18402025157908,37.18402025157908,100.0
1460,0,29.12274597143544,29.12274597143544,100.0
1460,1,30.436780072912732,30.436780072912732,100.0
1460,2,40.440473955651825,40.440473955651825,100.0
1470,0,24.539311783497755,24.539311783497755,100.0
1470,1,27.883630047188223,27.883630047188223,100.0
1470,2,47.57705816931403,47.57705816931403,100.0
1480,0,25.6759151094409,25.6759151094409,100.0
1480,1,27.211750129746058,27.211750129746058,100.0
1480,2,47.11233476081305,47.11233476081305,100.0
1490,0,30.93161233475239,30.93161233475239,100.0
1490,1,34.055780280086104,34.055780280086104,100.0
1490,2,35.01260738516151,35.01260738516151,100.0
1500,0,21.98683236880858,21.98683236880858,100.0
1500,1,37.29438341393836,37.29438341393836,100.0
1500,2,40.71878421725306,40.71878421725306,100.0
