timestamp,ueImsi,sliceId,dTxBytes,dRxBytes,plr,resourceSharePct,dLostPackets,throughputMbps,bufferBytes
1510,1,0,18336,13752,25.00,26.66,3,11.0016,3444
1510,2,0,18336,10696,41.67,26.66,5,8.5568,475984
1510,3,0,18336,0,100.00,26.66,12,0.0000,207219
1510,4,0,18336,4584,75.00,26.66,9,3.6672,1037848
1510,5,0,18336,0,100.00,26.66,12,0.0000,1711474
1510,6,1,390,624,0.00,55.00,0,0.4992,87
1510,7,1,390,390,0.00,55.00,0,0.3120,87
1510,8,1,390,234,40.00,55.00,2,0.1872,87
1510,9,1,390,0,100.00,55.00,5,0.0000,1339
1510,10,1,390,390,0.00,55.00,0,0.3120,87
1510,11,2,384,256,33.33,18.34,1,0.2048,102
1510,12,2,384,256,33.33,18.34,1,0.2048,27
1510,13,2,384,256,33.33,18.34,1,0.2048,137
1510,14,2,384,0,100.00,18.34,3,0.0000,1985
1510,15,2,384,256,33.33,18.34,1,0.2048,137
1510,16,2,384,256,33.33,18.34,1,0.2048,137
1510,17,2,384,0,100.00,18.34,3,0.0000,137
1510,18,2,384,0,100.00,18.34,3,0.0000,401
1510,19,2,384,256,33.33,18.34,1,0.2048,137
1510,20,2,384,128,66.67,18.34,2,0.1024,137
