timestamp,ueImsi,sliceId,dTxBytes,dRxBytes,plr,resourceSharePct,dLostPackets,throughputMbps,bufferBytes
1510,1,0,18336,0,100.00,36.24,12,0.0000,1698606
1510,2,0,18336,3056,83.33,36.24,10,2.4448,1488894
1510,3,0,18336,6112,66.67,36.24,8,4.8896,1192496
1510,4,0,18336,0,100.00,36.24,12,0.0000,1355419
1510,5,0,18336,0,100.00,36.24,12,0.0000,1700478
1510,6,1,390,390,0.00,33.81,0,0.3120,87
1510,7,1,390,0,100.00,33.81,5,0.0000,181
1510,8,1,390,390,0.00,33.81,0,0.3120,87
1510,9,1,390,390,0.00,33.81,0,0.3120,87
1510,10,1,390,0,100.00,33.81,5,0.0000,271
1510,11,2,384,256,33.33,29.95,1,0.2048,137
1510,12,2,384,256,33.33,29.95,1,0.2048,137
1510,13,2,384,256,33.33,29.95,1,0.2048,137
1510,14,2,384,256,33.33,29.95,1,0.2048,137
1510,15,2,384,256,33.33,29.95,1,0.2048,85
1510,16,2,384,0,100.00,29.95,3,0.0000,549
1510,17,2,384,256,33.33,29.95,1,0.2048,137
1510,18,2,384,0,100.00,29.95,3,0.0000,681
1510,19,2,384,256,33.33,29.95,1,0.2048,137
1510,20,2,384,256,33.33,29.95,1,0.2048,137
