timestamp,sliceId,dedicatedPRB,minPRB,maxPRB
510,0,29.86765417837599,29.86765417837599,100.0
510,1,36.152777030441996,36.152777030441996,100.0
510,2,33.97956879118201,33.97956879118201,100.0
520,0,40.244195509669034,40.244195509669034,100.0
520,1,30.470184367057968,30.470184367057968,100.0
520,2,29.285620123273,29.285620123273,100.0
530,0,47.86784893262342,47.86784893262342,100.0
530,1,29.088087198816453,29.088087198816453,100.0
530,2,23.044063868560137,23.044063868560137,100.0
540,0,45.505858730084014,45.505858730084014,100.0
540,1,28.96392006154982,28.96392006154982,100.0
540,2,25.530221208366164,25.530221208366164,100.0
550,0,27.73790095438778,27.73790095438778,100.0
550,1,40.25651039205996,40.25651039205996,100.0
550,2,32.005588653552266,32.005588653552266,100.0
560,0,34.33535548562034,34.33535548562034,100.0
560,1,35.66474623094778,35.66474623094778,100.0
560,2,29.999898283431893,29.999898283431893,100.0
570,0,24.571584247683166,24.571584247683166,100.0
570,1,42.63293045464852,42.63293045464852,100.0
570,2,32.795485297668314,32.795485297668314,100.0
580,0,35.88996292612501,35.88996292612501,100.0
580,1,39.12503887674962,39.12503887674962,100.0
580,2,24.98499819712538,24.98499819712538,100.0
590,0,47.9780348568551,47.9780348568551,100.0
590,1,26.569860142742712,26.569860142742712,100.0
590,2,25.45210500040219,25.45210500040219,100.0
600,0,39.452685726867486,39.452685726867486,100.0
600,1,41.81401809685755,41.81401809685755,100.0
600,2,18.733296176274955,18.733296176274955,100.0
610,0,34.30424073339755,34.30424073339755,100.0
610,1,31.340346159071427,31.340346159071427,100.0
610,2,34.35541310753103,34.35541310753103,100.0
620,0,44.05201869920058,44.05201869920058,100.0
620,1,30.503115279893024,30.503115279893024,100.0
620,2,25.444866020906403,25.444866020906403,100.0
630,0,30.714132646487403,30.714132646487403,100.0
630,1,44.79898927995563,44.79898927995563,100.0
630,2,24.48687807355697,24.48687807355697,100.0
640,0,44.80395153492614,44.80395153492614,100.0
640,1,31.530776162819485,31.530776162819485,100.0
640,2,23.665272302254373,23.665272302254373,100.0
650,0,26.95566299843034,26.95566299843034,100.0
650,1,42.58656404648827,42.58656404648827,100.0
650,2,30.457772955081396,30.457772955081396,100.0
660,0,37.51906446288603,37.51906446288603,100.0
660,1,35.26675027987284,35.26675027987284,100.0
660,2,27.214185257241137,27.214185257241137,100.0
670,0,37.480624825602604,37.480624825602604,100.0
670,1,30.749058740289186,30.749058740289186,100.0
670,2,31.770316434108214,31.770316434108214,100.0
680,0,43.12908406717906,43.12908406717906,100.0
680,1,36.858946639722134,36.858946639722134,100.0
680,2,20.011969293098815,20.011969293098815,100.0
690,0,35.97407266694758,35.97407266694758,100.0
690,1,25.8661700663252,25.8661700663252,100.0
690,2,38.15975726672723,38.15975726672723,100.0
700,0,26.147117687688375,26.147117687688375,100.0
700,1,41.847995634982674,41.847995634982674,100.0
700,2,32.00488667732896,32.00488667732896,100.0
710,0,44.666885923846586,44.666885923846586,100.0
710,1,33.60238414398077,33.60238414398077,100.0
710,2,21.730729932172636,21.730729932172636,100.0
720,0,50.31453939829714,50.31453939829714,100.0
720,1,30.460300526294056,30.460300526294056,100.0
720,2,19.22516007540879,19.22516007540879,100.0
730,0,28.027971226248688,28.027971226248688,100.0
730,1,41.93162844025803,41.93162844025803,100.0
730,2,30.040400333493277,30.040400333493277,100.0
740,0,28.684805885148258,28.684805885148258,100.0
740,1,45.484380350652614,45.484380350652614,100.0
740,2,25.830813764199128,25.830813764199128,100.0
750,0,25.86991906788555,25.86991906788555,100.0
750,1,42.407397588372845,42.407397588372845,100.0
750,2,31.722683343741608,31.722683343741608,100.0
760,0,30.250242562325464,30.250242562325464,100.0
760,1,36.56869200967549,36.56869200967549,100.0
760,2,33.18106542799906,33.18106542799906,100.0
770,0,29.121628403679185,29.121628403679185,100.0
770,1,27.531545558971025,27.531545558971025,100.0
770,2,43.34682603734979,43.34682603734979,100.0
780,0,25.291355365898415,25.291355365898415,100.0
780,1,33.084120045315366,33.084120045315366,100.0
780,2,41.624524588786215,41.624524588786215,100.0
790,0,36.62470426691078,36.62470426691078,100.0
790,1,36.44644159573975,36.44644159573975,100.0
790,2,26.928854137349468,26.928854137349468,100.0
800,0,36.45053278583271,36.45053278583271,100.0
800,1,39.19576754762386,39.19576754762386,100.0
800,2,24.353699666543424,24.353699666543424,100.0
810,0,36.08142921406436,36.08142921406436,100.0
810,1,37.94417393475437,37.94417393475437,100.0
810,2,25.974396851181275,25.974396851181275,100.0
820,0,44.89330285937424,44.89330285937424,100.0
820,1,30.228059079847604,30.228059079847604,100.0
820,2,24.87863806077816,24.87863806077816,100.0
830,0,25.979105527921657,25.979105527921657,100.0
830,1,38.65308125822626,38.65308125822626,100.0
830,2,35.36781321385208,35.36781321385208,100.0
840,0,31.635878552969608,31.635878552969608,100.0
840,1,24.68705988152009,24.68705988152009,100.0
840,2,43.6770615655103,43.6770615655103,100.0
850,0,29.870688513645728,29.870688513645728,100.0
850,1,50.15171794095855,50.15171794095855,100.0
850,2,19.97759354539572,19.97759354539572,100.0
860,0,35.80251717008306,35.80251717008306,100.0
860,1,42.10310718436721,42.10310718436721,100.0
860,2,22.09437564554973,22.09437564554973,100.0
870,0,30.182920135036916,30.182920135036916,100.0
870,1,43.42792961539783,43.42792961539783,100.0
870,2,26.38915024956525,26.38915024956525,100.0
880,0,25.399144839531996,25.399144839531996,100.0
880,1,37.089902445985146,37.089902445985146,100.0
880,2,37.51095271448286,37.51095271448286,100.0
890,0,47.08833114145894,47.08833114145894,100.0
890,1,33.640708175417764,33.640708175417764,100.0
890,2,19.270960683123295,19.270960683123295,100.0
900,0,28.697451065755843,28.697451065755843,100.0
900,1,37.13075527023684,37.13075527023684,100.0
900,2,34.171793664007325,34.171793664007325,100.0
910,0,27.531852519971693,27.531852519971693,100.0
910,1,26.826583493112306,26.826583493112306,100.0
910,2,45.641563986916005,45.641563986916005,100.0
920,0,33.52645821304486,33.52645821304486,100.0
920,1,42.1331707372826,42.1331707372826,100.0
920,2,24.340371049672545,24.340371049672545,100.0
930,0,35.67977447542967,35.67977447542967,100.0
930,1,44.79501484568741,44.79501484568741,100.0
930,2,19.525210678882928,19.525210678882928,100.0
940,0,26.56575799181719,26.56575799181719,100.0
940,1,31.15384364859321,31.15384364859321,100.0
940,2,42.2803983595896,42.2803983595896,100.0
950,0,39.75064597812187,39.75064597812187,100.0
950,1,32.718354966696005,32.718354966696005,100.0
950,2,27.530999055182132,27.530999055182132,100.0
960,0,30.32779137024572,30.32779137024572,100.0
960,1,37.28212266473114,37.28212266473114,100.0
960,2,32.39008596502315,32.39008596502315,100.0
970,0,36.59791776277196,36.59791776277196,100.0
970,1,31.081990478536902,31.081990478536902,100.0
970,2,32.32009175869114,32.32009175869114,100.0
980,0,46.99065564386488,46.99065564386488,100.0
980,1,30.064351874056715,30.064351874056715,100.0
980,2,22.944992482078398,22.944992482078398,100.0
990,0,27.841389928448823,27.841389928448823,100.0
990,1,26.87764907824839,26.87764907824839,100.0
990,2,45.280960993302784,45.280960993302784,100.0
1000,0,40.806804264872426,40.806804264872426,100.0
1000,1,32.251680222091274,32.251680222091274,100.0
1000,2,26.9415155130363,26.9415155130363,100.0
1010,0,33.359217815777534,33.359217815777534,100.0
1010,1,35.45903817117993,35.45903817117993,100.0
1010,2,31.18174401304255,31.18174401304255,100.0
1020,0,31.78719877633991,31.78719877633991,100.0
1020,1,32.161448458450835,32.161448458450835,100.0
1020,2,36.05135276520925,36.05135276520925,100.0
1030,0,23.44025396534974,23.44025396534974,100.0
1030,1,32.80726653965996,32.80726653965996,100.0
1030,2,43.752479494990304,43.752479494990304,100.0
1040,0,34.77900586068879,34.77900586068879,100.0
1040,1,37.84697563210292,37.84697563210292,100.0
1040,2,27.374018507208287,27.374018507208287,100.0
1050,0,37.765107598879034,37.765107598879034,100.0
1050,1,39.48084544999181,39.48084544999181,100.0
1050,2,22.754046951129155,22.754046951129155,100.0
1060,0,25.21285140186024,25.21285140186024,100.0
1060,1,41.950140410353775,41.950140410353775,100.0
1060,2,32.83700818778598,32.83700818778598,100.0
1070,0,30.70369077493446,30.70369077493446,100.0
1070,1,33.14415376449627,33.14415376449627,100.0
1070,2,36.15215546056928,36.15215546056928,100.0
1080,0,39.85087373800813,39.85087373800813,100.0
1080,1,33.870737208486254,33.870737208486254,100.0
1080,2,26.27838905350562,26.27838905350562,100.0
1090,0,30.512090537805843,30.512090537805843,100.0
1090,1,32.79289747418196,32.79289747418196,100.0
1090,2,36.6950119880122,36.6950119880122,100.0
1100,0,37.218092845937974,37.218092845937974,100.0
1100,1,30.74865192037809,30.74865192037809,100.0
1100,2,32.03325523368393,32.03325523368393,100.0
1110,0,23.49311434920637,23.49311434920637,100.0
1110,1,33.688194947433125,33.688194947433125,100.0
1110,2,42.81869070336051,42.81869070336051,100.0
1120,0,29.75811030438474,29.75811030438474,100.0
1120,1,44.3486214747899,44.3486214747899,100.0
1120,2,25.893268220825366,25.893268220825366,100.0
1130,0,34.04248189154575,34.04248189154575,100.0
1130,1,45.682401018380894,45.682401018380894,100.0
1130,2,20.27511709007335,20.27511709007335,100.0
1140,0,29.482677282097775,29.482677282097775,100.0
1140,1,30.505290824161808,30.505290824161808,100.0
1140,2,40.01203189374042,40.01203189374042,100.0
1150,0,22.303723519813403,22.303723519813403,100.0
1150,1,39.882086949665386,39.882086949665386,100.0
1150,2,37.81418953052121,37.81418953052121,100.0
1160,0,45.74306648289274,45.74306648289274,100.0
1160,1,32.56236080143645,32.56236080143645,100.0
1160,2,21.694572715670805,21.694572715670805,100.0
1170,0,24.26907626644708,24.26907626644708,100.0
1170,1,37.94355227169723,37.94355227169723,100.0
1170,2,37.7873714618557,37.7873714618557,100.0
1180,0,34.63828516119116,34.63828516119116,100.0
1180,1,45.2867362229329,45.2867362229329,100.0
1180,2,20.074978615875942,20.074978615875942,100.0
1190,0,40.81587660322987,40.81587660322987,100.0
1190,1,40.39047712079041,40.39047712079041,100.0
1190,2,18.79364627597973,18.79364627597973,100.0
1200,0,37.958734919367075,37.958734919367075,100.0
1200,1,31.654450791835803,31.654450791835803,100.0
1200,2,30.386814288797126,30.386814288797126,100.0
1210,0,28.987939236682926,28.987939236682926,100.0
1210,1,26.887098124794445,26.887098124794445,100.0
1210,2,44.12496263852263,44.12496263852263,100.0
1220,0,32.754019761420324,32.754019761420324,100.0
1220,1,26.087054138458644,26.087054138458644,100.0
1220,2,41.15892610012104,41.15892610012104,100.0
1230,0,32.71735784630218,32.71735784630218,100.0
1230,1,29.036071407706665,29.036071407706665,100.0
1230,2,38.24657074599116,38.24657074599116,100.0
1240,0,34.49833985402297,34.49833985402297,100.0
1240,1,36.40689491143697,36.40689491143697,100.0
1240,2,29.094765234540056,29.094765234540056,100.0
1250,0,27.206273345376818,27.206273345376818,100.0
1250,1,49.64742413233047,49.64742413233047,100.0
1250,2,23.14630252229271,23.14630252229271,100.0
1260,0,21.866998111157024,21.866998111157024,100.0
1260,1,34.164047124433814,34.164047124433814,100.0
1260,2,43.96895476440916,43.96895476440916,100.0
1270,0,54.56564663254466,54.56564663254466,100.0
1270,1,26.540019389482822,26.540019389482822,100.0
1270,2,18.894333977972515,18.894333977972515,100.0
1280,0,22.85149515705171,22.85149515705171,100.0
1280,1,41.55382398210779,41.55382398210779,100.0
1280,2,35.59468086084052,35.59468086084052,100.0
1290,0,38.42170029822083,38.42170029822083,100.0
1290,1,33.71035986935799,33.71035986935799,100.0
1290,2,27.86793983242119,27.86793983242119,100.0
1300,0,36.85733054863454,36.85733054863454,100.0
1300,1,30.097889948670804,30.097889948670804,100.0
1300,2,33.04477950269465,33.04477950269465,100.0
1310,0,31.206929278096762,31.206929278096762,100.0
1310,1,37.93019062164819,37.93019062164819,100.0
1310,2,30.862880100255047,30.862880100255047,100.0
1320,0,49.310823000015226,49.310823000015226,100.0
1320,1,29.91575825778127,29.91575825778127,100.0
1320,2,20.773418742203503,20.773418742203503,100.0
1330,0,39.11582080800038,39.11582080800038,100.0
1330,1,27.636226410677555,27.636226410677555,100.0
1330,2,33.24795278132206,33.24795278132206,100.0
1340,0,30.412526195613793,30.412526195613793,100.0
1340,1,26.65624639833827,26.65624639833827,100.0
1340,2,42.931227406047945,42.931227406047945,100.0
1350,0,40.14025387465466,40.14025387465466,100.0
1350,1,32.255868928728184,32.255868928728184,100.0
1350,2,27.60387719661716,27.60387719661716,100.0
1360,0,38.99832172652699,38.99832172652699,100.0
1360,1,26.04132817249411,26.04132817249411,100.0
1360,2,34.96035010097891,34.96035010097891,100.0
1370,0,24.65805285211882,24.65805285211882,100.0
1370,1,30.523927612372326,30.523927612372326,100.0
1370,2,44.81801953550886,44.81801953550886,100.0
1380,0,47.0751787676512,47.0751787676512,100.0
1380,1,32.59738248355713,32.59738248355713,100.0
1380,2,20.327438748791664,20.327438748791664,100.0
1390,0,30.723085645474452,30.723085645474452,100.0
1390,1,42.930964690041066,42.930964690041066,100.0
1390,2,26.345949664484486,26.345949664484486,100.0
1400,0,40.03009876563106,40.03009876563106,100.0
1400,1,26.348346436543284,26.348346436543284,100.0
1400,2,33.62155479782566,33.62155479782566,100.0
1410,0,27.611910156082576,27.611910156082576,100.0
1410,1,32.97302939973783,32.97302939973783,100.0
1410,2,39.415060444179595,39.415060444179595,100.0
1420,0,21.266637272408644,21.266637272408644,100.0
1420,1,44.96968510305582,44.96968510305582,100.0
1420,2,33.76367762453554,33.76367762453554,100.0
1430,0,32.07257924455465,32.07257924455465,100.0
1430,1,35.717565096574674,35.717565096574674,100.0
1430,2,32.20985565887069,32.20985565887069,100.0
1440,0,30.2715360935331,30.2715360935331,100.0
1440,1,37.83642492150433,37.83642492150433,100.0
1440,2,31.892038984962568,31.892038984962568,100.0
1450,0,27.840171981023104,27.840171981023104,100.0
1450,1,33.41631074046722,33.41631074046722,100.0
1450,2,38.743517278509685,38.743517278509685,100.0
1460,0,26.644939586491628,26.644939586491628,100.0
1460,1,27.8697603640887,27.8697603640887,100.0
1460,2,45.48530004941968,45.48530004941968,100.0
1470,0,51.396551733202976,51.396551733202976,100.0
1470,1,28.060312001744748,28.060312001744748,100.0
1470,2,20.543136265052272,20.543136265052272,100.0
1480,0,40.602164830234905,40.602164830234905,100.0
1480,1,39.411646032124246,39.411646032124246,100.0
1480,2,19.986189137640853,19.986189137640853,100.0
1490,0,33.17143015737759,33.17143015737759,100.0
1490,1,27.74817154651668,27.74817154651668,100.0
1490,2,39.080398296105734,39.080398296105734,100.0
1500,0,23.07683193475163,23.07683193475163,100.0
1500,1,51.31924755061061,51.31924755061061,100.0
1500,2,25.603920514637757,25.603920514637757,100.0
