timestamp,sliceId,dedicatedPRB,minPRB,maxPRB,algorithm
510,0,16.66499972343445,16.66499972343445,100.0,1
510,1,30.00000029802322,30.00000029802322,100.0,1
510,2,53.33499997854233,53.33499997854233,100.0,1
520,0,46.66499972343445,46.66499972343445,100.0,2
520,1,20.000000298023224,20.000000298023224,100.0,2
520,2,33.33499997854233,33.33499997854233,100.0,2
530,0,61.66499972343444,61.66499972343444,100.0,2
530,1,25.000000298023224,25.000000298023224,100.0,2
530,2,13.334999978542328,13.334999978542328,100.0,2
540,0,41.66499972343445,41.66499972343445,100.0,2
540,1,45.000000298023224,45.000000298023224,100.0,2
540,2,13.334999978542328,13.334999978542328,100.0,2
550,0,41.66499972343445,41.66499972343445,100.0,0
550,1,45.000000298023224,45.000000298023224,100.0,0
550,2,13.334999978542328,13.334999978542328,100.0,0
560,0,31.664999723434452,31.664999723434452,100.0,0
560,1,55.000000298023224,55.000000298023224,100.0,0
560,2,13.334999978542328,13.334999978542328,100.0,0
570,0,26.664999723434445,26.664999723434445,100.0,0
570,1,30.00000029802322,30.00000029802322,100.0,0
570,2,43.33499997854233,43.33499997854233,100.0,0
580,0,51.66499972343445,51.66499972343445,100.0,0
580,1,35.000000298023224,35.000000298023224,100.0,0
580,2,13.334999978542328,13.334999978542328,100.0,0
