timestamp,ueImsi,sliceId,dTxBytes,dRxBytes,plr,resourceSharePct,dLostPackets,throughputMbps,bufferBytes,dlBufferBytes,ulBufferBytes,macBufferBytes,congestionPct,lastDrlActionStatus
10600,1,0,128736,0,100.00,56.66,112,0.0000,1157259,70005,1157259,1227264,11.70,applied
10600,2,0,128736,82276,40.18,56.66,45,6.5821,1199083,70007,1199083,1269090,12.10,applied
10600,3,0,128736,151044,0.00,56.66,0,12.0835,1197640,70007,1197640,1267647,12.09,applied
10600,4,0,128736,0,100.00,56.66,112,0.0000,34,70007,34,70041,0.67,applied
10600,5,0,128736,0,100.00,56.66,112,0.0000,5451,70007,5451,75458,0.72,applied
10600,6,1,0,0,0.00,20.00,0,0.0000,34,0,34,34,0.00,applied
10600,7,1,0,0,0.00,20.00,0,0.0000,34,0,34,34,0.00,applied
10600,8,1,0,0,0.00,20.00,0,0.0000,34,0,34,34,0.00,applied
10600,9,1,0,0,0.00,20.00,0,0.0000,34,0,34,34,0.00,applied
10600,10,1,0,0,0.00,20.00,0,0.0000,34,0,34,34,0.00,applied
10600,11,1,0,0,0.00,20.00,0,0.0000,34,0,34,34,0.00,applied
10600,12,1,0,0,0.00,20.00,0,0.0000,34,0,34,34,0.00,applied
10600,13,1,0,0,0.00,20.00,0,0.0000,34,0,34,34,0.00,applied
10600,14,2,63772,940,89.80,23.33,44,0.0752,4244402,4244402,51,4244453,40.48,applied
10600,15,2,63772,0,100.00,23.33,49,0.0000,4244402,4244402,51,4244453,40.48,applied
10600,16,2,63772,940,89.80,23.33,44,0.0752,4244402,4244402,51,4244453,40.48,applied
10600,17,2,63772,0,100.00,23.33,49,0.0000,4245570,4245570,51,4245621,40.49,applied
10600,18,2,63772,0,100.00,23.33,49,0.0000,4244402,4244402,51,4244453,40.48,applied
