timestamp,sliceId,dedicatedPRB,minPRB,maxPRB
510,0,36.622325478288474,36.622325478288474,100.0
510,1,35.026990158657554,35.026990158657554,100.0
510,2,28.35068436305397,28.35068436305397,100.0
520,0,41.547490467770785,41.547490467770785,100.0
520,1,39.73113476637701,39.73113476637701,100.0
520,2,18.7213747658522,18.7213747658522,100.0
530,0,48.58440026985737,48.58440026985737,100.0
530,1,27.438092115205002,27.438092115205002,100.0
530,2,23.977507614937636,23.977507614937636,100.0
540,0,24.896578576013045,24.896578576013045,100.0
540,1,49.06823835257195,49.06823835257195,100.0
540,2,26.03518307141501,26.03518307141501,100.0
550,0,23.742346198487258,23.742346198487258,100.0
550,1,28.20203074406735,28.20203074406735,100.0
550,2,48.055623057445395,48.055623057445395,100.0
560,0,21.85315042449327,21.85315042449327,100.0
560,1,35.39971562069085,35.39971562069085,100.0
560,2,42.74713395481589,42.74713395481589,100.0
570,0,21.89098375072882,21.89098375072882,100.0
570,1,29.697992766802024,29.697992766802024,100.0
570,2,48.411023482469155,48.411023482469155,100.0
580,0,20.888306207467842,20.888306207467842,100.0
580,1,36.176882622781804,36.176882622781804,100.0
580,2,42.93481116975036,42.93481116975036,100.0
590,0,21.133588209087048,21.133588209087048,100.0
590,1,36.79369453820805,36.79369453820805,100.0
590,2,42.07271725270491,42.07271725270491,100.0
600,0,21.53761717685729,21.53761717685729,100.0
600,1,37.80154167419813,37.80154167419813,100.0
600,2,40.66084114894458,40.66084114894458,100.0
610,0,23.962624420621925,23.962624420621925,100.0
610,1,29.681799203438324,29.681799203438324,100.0
610,2,46.35557637593975,46.35557637593975,100.0
620,0,22.684739803380204,22.684739803380204,100.0
620,1,42.26696003207121,42.26696003207121,100.0
620,2,35.048300164548586,35.048300164548586,100.0
630,0,20.805563139572424,20.805563139572424,100.0
630,1,38.42485242008421,38.42485242008421,100.0
630,2,40.769584440343365,40.769584440343365,100.0
640,0,23.07348989173906,23.07348989173906,100.0
640,1,28.44878993801862,28.44878993801862,100.0
640,2,48.47772017024232,48.47772017024232,100.0
650,0,21.296467341212406,21.296467341212406,100.0
650,1,45.588460431741204,45.588460431741204,100.0
650,2,33.1150722270464,33.1150722270464,100.0
660,0,21.850905933238916,21.850905933238916,100.0
660,1,30.27016968632915,30.27016968632915,100.0
660,2,47.87892438043194,47.87892438043194,100.0
670,0,23.12753581175936,23.12753581175936,100.0
670,1,38.256052491472104,38.256052491472104,100.0
670,2,38.61641169676854,38.61641169676854,100.0
680,0,23.482029974781412,23.482029974781412,100.0
680,1,35.281776129650105,35.281776129650105,100.0
680,2,41.23619389556849,41.23619389556849,100.0
690,0,23.276708960408822,23.276708960408822,100.0
690,1,36.45229898141555,36.45229898141555,100.0
690,2,40.27099205817562,40.27099205817562,100.0
700,0,26.30754857966549,26.30754857966549,100.0
700,1,31.01472316293414,31.01472316293414,100.0
700,2,42.677728257400375,42.677728257400375,100.0
710,0,21.819052856969673,21.819052856969673,100.0
710,1,52.14681627114251,52.14681627114251,100.0
710,2,26.03413087188782,26.03413087188782,100.0
720,0,24.48586659978259,24.48586659978259,100.0
720,1,33.48686690767811,33.48686690767811,100.0
720,2,42.0272664925393,42.0272664925393,100.0
730,0,21.163917691782697,21.163917691782697,100.0
730,1,43.58433781159579,43.58433781159579,100.0
730,2,35.25174449662152,35.25174449662152,100.0
740,0,25.859731419879978,25.859731419879978,100.0
740,1,28.008463008915278,28.008463008915278,100.0
740,2,46.131805571204744,46.131805571204744,100.0
750,0,24.314115786369168,24.314115786369168,100.0
750,1,44.87137764131003,44.87137764131003,100.0
750,2,30.814506572320806,30.814506572320806,100.0
760,0,24.12111371710387,24.12111371710387,100.0
760,1,34.38955935785564,34.38955935785564,100.0
760,2,41.4893269250405,41.4893269250405,100.0
