timestamp,ueImsi,sliceId,dTxBytes,dRxBytes,plr,resourceSharePct,dLostPackets,throughputMbps,bufferBytes
560,1,0,24448,1528,93.75,21.50,15,1.2224,129900
560,2,0,24448,1528,93.75,21.50,15,1.2224,129949
560,3,0,24448,1528,93.75,21.50,15,1.2224,129963
560,4,0,24448,1528,93.75,21.50,15,1.2224,129876
560,5,0,24448,1528,93.75,21.50,15,1.2224,129855
560,6,1,780,702,10.00,43.69,1,0.5616,87
560,7,1,780,702,10.00,43.69,1,0.5616,87
560,8,1,780,702,10.00,43.69,1,0.5616,87
560,9,1,780,702,10.00,43.69,1,0.5616,87
560,10,1,780,702,10.00,43.69,1,0.5616,87
560,11,2,16000,1280,92.00,34.81,115,1.0240,88715
560,12,2,16000,1280,92.00,34.81,115,1.0240,88655
560,13,2,16000,1280,92.00,34.81,115,1.0240,88705
560,14,2,16000,1280,92.00,34.81,115,1.0240,88691
560,15,2,16000,1280,92.00,34.81,115,1.0240,88690
560,16,2,16000,1280,92.00,34.81,115,1.0240,88682
560,17,2,16000,1280,92.00,34.81,115,1.0240,88695
560,18,2,16000,1280,92.00,34.81,115,1.0240,88713
560,19,2,16000,1408,91.20,34.81,114,1.1264,88712
560,20,2,16000,1408,91.20,34.81,114,1.1264,88712
