timestamp,ueImsi,sliceId,dTxBytes,dRxBytes,plr,resourceSharePct,dLostPackets,throughputMbps,bufferBytes
1510,1,0,35144,35144,0.00,36.67,0,28.1152,641773
1510,2,0,35144,21392,39.13,36.67,9,17.1136,1820602
1510,3,1,1014,1014,0.00,30.00,0,0.8112,87
1510,4,1,1014,936,7.69,30.00,1,0.7488,87
1510,5,2,256,0,100.00,33.34,2,0.0000,137
1510,6,2,256,0,100.00,33.34,2,0.0000,137
1510,7,2,256,256,0.00,33.34,0,0.2048,137
1510,8,2,256,0,100.00,33.34,2,0.0000,282
1510,9,2,256,0,100.00,33.34,2,0.0000,269
1510,10,2,256,256,0.00,33.34,0,0.2048,137
