timestamp,ueImsi,sliceId,dTxBytes,dRxBytes,plr,resourceSharePct,dLostPackets,throughputMbps,bufferBytes
680,1,0,24448,1528,93.75,27.60,15,1.2224,415897
680,2,0,24448,1528,93.75,27.60,15,1.2224,415874
680,3,0,24448,1528,93.75,27.60,15,1.2224,415720
680,4,0,24448,1528,93.75,27.60,15,1.2224,415739
680,5,0,24448,1528,93.75,27.60,15,1.2224,415693
680,6,1,390,234,40.00,40.37,2,0.1872,87
680,7,1,390,234,40.00,40.37,2,0.1872,87
680,8,1,390,234,40.00,40.37,2,0.1872,87
680,9,1,390,234,40.00,40.37,2,0.1872,87
680,10,1,390,234,40.00,40.37,2,0.1872,87
680,11,2,16000,640,96.00,32.03,120,0.5120,276473
680,12,2,16000,512,96.80,32.03,121,0.4096,276458
680,13,2,16000,640,96.00,32.03,120,0.5120,276484
680,14,2,16000,512,96.80,32.03,121,0.4096,276506
680,15,2,16000,512,96.80,32.03,121,0.4096,276471
680,16,2,16000,512,96.80,32.03,121,0.4096,276327
680,17,2,16000,1280,92.00,32.03,115,1.0240,276363
680,18,2,16000,512,96.80,32.03,121,0.4096,276435
680,19,2,16000,512,96.80,32.03,121,0.4096,276492
680,20,2,16000,512,96.80,32.03,121,0.4096,276467
