timestamp,ueImsi,sliceId,dTxBytes,dRxBytes,plr,resourceSharePct,dLostPackets,throughputMbps,bufferBytes
1450,1,0,25976,3056,88.24,44.02,15,2.4448,1932617
1450,2,0,25976,3056,88.24,44.02,15,2.4448,1932604
1450,3,0,25976,3056,88.24,44.02,15,2.4448,1932645
1450,4,0,25976,3056,88.24,44.02,15,2.4448,1932646
1450,5,0,25976,3056,88.24,44.02,15,2.4448,1932631
1450,6,1,390,390,0.00,26.35,0,0.3120,87
1450,7,1,390,390,0.00,26.35,0,0.3120,87
1450,8,1,390,390,0.00,26.35,0,0.3120,87
1450,9,1,390,390,0.00,26.35,0,0.3120,87
1450,10,1,390,390,0.00,26.35,0,0.3120,87
1450,11,2,16000,1792,88.80,29.63,111,1.4336,1442945
1450,12,2,16000,1664,89.60,29.63,112,1.3312,1443006
1450,13,2,16000,1792,88.80,29.63,111,1.4336,1442988
1450,14,2,16000,1664,89.60,29.63,112,1.3312,1443003
1450,15,2,16000,1664,89.60,29.63,112,1.3312,1442954
1450,16,2,16000,1792,88.80,29.63,111,1.4336,1442990
1450,17,2,16000,1792,88.80,29.63,111,1.4336,1442919
1450,18,2,16000,1792,88.80,29.63,111,1.4336,1443024
1450,19,2,16000,1792,88.80,29.63,111,1.4336,1442904
1450,20,2,16000,1792,88.80,29.63,111,1.4336,1442913
