timestamp,sliceId,dedicatedPRB,minPRB,maxPRB
510,0,34.16573594498015,34.16573594498015,100.0
510,1,33.34085605603106,33.34085605603106,100.0
510,2,32.49340799898881,32.49340799898881,100.0
520,0,38.3513291194458,38.3513291194458,100.0
520,1,39.03985758197065,39.03985758197065,100.0
520,2,22.60881329858356,22.60881329858356,100.0
530,0,33.97336754236202,33.97336754236202,100.0
530,1,31.90530189994415,31.90530189994415,100.0
530,2,34.12133055769383,34.12133055769383,100.0
540,0,29.127740846690553,29.127740846690553,100.0
540,1,50.05747233648893,50.05747233648893,100.0
540,2,20.814786816820533,20.814786816820533,100.0
550,0,21.390843383584652,21.390843383584652,100.0
550,1,39.50403123143477,39.50403123143477,100.0
550,2,39.105125384980575,39.105125384980575,100.0
560,0,21.110394380545507,21.110394380545507,100.0
560,1,39.23360503807973,39.23360503807973,100.0
560,2,39.65600058137477,39.65600058137477,100.0
570,0,25.16315894871839,25.16315894871839,100.0
570,1,28.602483853769538,28.602483853769538,100.0
570,2,46.23435719751207,46.23435719751207,100.0
580,0,22.508347741884293,22.508347741884293,100.0
580,1,29.173523502747162,29.173523502747162,100.0
580,2,48.31812875536855,48.31812875536855,100.0
590,0,23.669586870464197,23.669586870464197,100.0
590,1,39.852503922178386,39.852503922178386,100.0
590,2,36.47790920735742,36.47790920735742,100.0
600,0,22.639921458699945,22.639921458699945,100.0
600,1,26.879961365458982,26.879961365458982,100.0
600,2,50.48011717584108,50.48011717584108,100.0
610,0,20.376578655229967,20.376578655229967,100.0
610,1,44.055076677161566,44.055076677161566,100.0
610,2,35.568344667608464,35.568344667608464,100.0
620,0,24.65855475680519,24.65855475680519,100.0
620,1,29.631685279357423,29.631685279357423,100.0
620,2,45.709759963837385,45.709759963837385,100.0
630,0,21.09414516874567,21.09414516874567,100.0
630,1,34.72104664743173,34.72104664743173,100.0
630,2,44.184808183822604,44.184808183822604,100.0
640,0,22.807093263142086,22.807093263142086,100.0
640,1,31.84191084606215,31.84191084606215,100.0
640,2,45.350995890795765,45.350995890795765,100.0
650,0,22.90507071075784,22.90507071075784,100.0
650,1,26.80367104075838,26.80367104075838,100.0
650,2,50.29125824848377,50.29125824848377,100.0
660,0,22.960832628568568,22.960832628568568,100.0
660,1,31.029476137153438,31.029476137153438,100.0
660,2,46.009691234277994,46.009691234277994,100.0
670,0,20.945233857406865,20.945233857406865,100.0
670,1,44.58795866594228,44.58795866594228,100.0
670,2,34.46680747665085,34.46680747665085,100.0
680,0,23.757267739383682,23.757267739383682,100.0
680,1,26.955360899421,26.955360899421,100.0
680,2,49.28737136119532,49.28737136119532,100.0
690,0,21.770933899275793,21.770933899275793,100.0
690,1,42.209269445366395,42.209269445366395,100.0
690,2,36.01979665535781,36.01979665535781,100.0
700,0,29.45451408529611,29.45451408529611,100.0
700,1,31.45558165332002,31.45558165332002,100.0
700,2,39.089904261383865,39.089904261383865,100.0
