timestamp,sliceId,dedicatedPRB,minPRB,maxPRB
510,0,37.09751001994255,37.09751001994255,100.0
510,1,34.19337670690131,34.19337670690131,100.0
510,2,28.709113273156134,28.709113273156134,100.0
520,0,40.47717117133148,40.47717117133148,100.0
520,1,29.21861762948027,29.21861762948027,100.0
520,2,30.304211199188245,30.304211199188245,100.0
530,0,24.76136473742756,24.76136473742756,100.0
530,1,29.47557381690761,29.47557381690761,100.0
530,2,45.76306144566483,45.76306144566483,100.0
540,0,22.221551793894868,22.221551793894868,100.0
540,1,55.11617360587388,55.11617360587388,100.0
540,2,22.662274600231243,22.662274600231243,100.0
550,0,23.948818795792988,23.948818795792988,100.0
550,1,42.499506623176174,42.499506623176174,100.0
550,2,33.55167458103083,33.55167458103083,100.0
