timestamp,sliceId,dedicatedPRB,minPRB,maxPRB
600,0,41.15805872010584,41.15805872010584,100.0
600,1,38.06523231397905,38.06523231397905,100.0
600,2,20.776708965915113,20.776708965915113,100.0
700,0,22.265037193502504,22.265037193502504,100.0
700,1,37.52237530120916,37.52237530120916,100.0
700,2,40.21258750528834,40.21258750528834,100.0
800,0,29.923821966915163,29.923821966915163,100.0
800,1,27.324515793986336,27.324515793986336,100.0
800,2,42.7516622390985,42.7516622390985,100.0
900,0,35.02454237341126,35.02454237341126,100.0
900,1,33.43215315998401,33.43215315998401,100.0
900,2,31.543304466604727,31.543304466604727,100.0
1000,0,35.35590153619714,35.35590153619714,100.0
1000,1,46.77549101072556,46.77549101072556,100.0
1000,2,17.868607453077303,17.868607453077303,100.0
1100,0,44.324697364790936,44.324697364790936,100.0
1100,1,28.72032221999189,28.72032221999189,100.0
1100,2,26.95498041521718,26.95498041521718,100.0
1200,0,26.272344995767057,26.272344995767057,100.0
1200,1,39.078162374120836,39.078162374120836,100.0
1200,2,34.64949263011211,34.64949263011211,100.0
1300,0,49.735359597176966,49.735359597176966,100.0
1300,1,29.392057190940502,29.392057190940502,100.0
1300,2,20.872583211882535,20.872583211882535,100.0
1400,0,29.186495512873073,29.186495512873073,100.0
1400,1,40.57304640935725,40.57304640935725,100.0
1400,2,30.240458077769677,30.240458077769677,100.0
1500,0,24.80516485317117,24.80516485317117,100.0
1500,1,48.02223555873769,48.02223555873769,100.0
1500,2,27.172599588091146,27.172599588091146,100.0
1600,0,29.071548834387066,29.071548834387066,100.0
1600,1,39.70333298549764,39.70333298549764,100.0
1600,2,31.225118180115295,31.225118180115295,100.0
1700,0,31.206985502614117,31.206985502614117,100.0
1700,1,27.325477325609004,27.325477325609004,100.0
1700,2,41.467537171776875,41.467537171776875,100.0
1800,0,33.20279648136443,33.20279648136443,100.0
1800,1,34.23814912327954,34.23814912327954,100.0
1800,2,32.55905439535603,32.55905439535603,100.0
1900,0,21.09248123485698,21.09248123485698,100.0
1900,1,45.18299837293071,45.18299837293071,100.0
1900,2,33.72452039221231,33.72452039221231,100.0
2000,0,35.37926311697972,35.37926311697972,100.0
2000,1,32.11181614145624,32.11181614145624,100.0
2000,2,32.50892074156404,32.50892074156404,100.0
2100,0,45.292656446239434,45.292656446239434,100.0
2100,1,29.192522670697365,29.192522670697365,100.0
2100,2,25.514820883063205,25.514820883063205,100.0
2200,0,41.46007696212536,41.46007696212536,100.0
2200,1,34.964745948219324,34.964745948219324,100.0
2200,2,23.57517708965532,23.57517708965532,100.0
2300,0,35.22478549414524,35.22478549414524,100.0
2300,1,43.283127401766336,43.283127401766336,100.0
2300,2,21.492087104088426,21.492087104088426,100.0
2400,0,35.784070271801696,35.784070271801696,100.0
2400,1,28.352142704569484,28.352142704569484,100.0
2400,2,35.86378702362883,35.86378702362883,100.0
2500,0,23.300746124353694,23.300746124353694,100.0
2500,1,44.889455092662836,44.889455092662836,100.0
2500,2,31.809798782983474,31.809798782983474,100.0
2600,0,39.31919544236027,39.31919544236027,100.0
2600,1,31.369664959557515,31.369664959557515,100.0
2600,2,29.311139598082224,29.311139598082224,100.0
2700,0,35.20972345225963,35.20972345225963,100.0
2700,1,39.82096060333864,39.82096060333864,100.0
2700,2,24.96931594440174,24.96931594440174,100.0
2800,0,31.35827832550736,31.35827832550736,100.0
2800,1,39.391872787121336,39.391872787121336,100.0
2800,2,29.2498488873713,29.2498488873713,100.0
2900,0,43.558073635936346,43.558073635936346,100.0
2900,1,35.1000199343695,35.1000199343695,100.0
2900,2,21.341906429694156,21.341906429694156,100.0
3000,0,28.951390935676685,28.951390935676685,100.0
3000,1,30.97693201723239,30.97693201723239,100.0
3000,2,40.07167704709092,40.07167704709092,100.0
3100,0,31.44598722547702,31.44598722547702,100.0
3100,1,48.99094645395959,48.99094645395959,100.0
3100,2,19.56306632056339,19.56306632056339,100.0
3200,0,33.656333397558726,33.656333397558726,100.0
3200,1,40.047237697220275,40.047237697220275,100.0
3200,2,26.296428905221003,26.296428905221003,100.0
3300,0,28.080207287026155,28.080207287026155,100.0
3300,1,38.76848085357714,38.76848085357714,100.0
3300,2,33.151311859396706,33.151311859396706,100.0
3400,0,34.80392055671572,34.80392055671572,100.0
3400,1,29.91000390506806,29.91000390506806,100.0
3400,2,35.286075538216224,35.286075538216224,100.0
3500,0,49.92517137648936,49.92517137648936,100.0
3500,1,28.486824736638404,28.486824736638404,100.0
3500,2,21.58800388687224,21.58800388687224,100.0
3600,0,34.483390013824874,34.483390013824874,100.0
3600,1,46.470023727891004,46.470023727891004,100.0
3600,2,19.046586258284126,19.046586258284126,100.0
3700,0,31.669548615389854,31.669548615389854,100.0
3700,1,38.51039692113346,38.51039692113346,100.0
3700,2,29.820054463476687,29.820054463476687,100.0
3800,0,23.047517423936323,23.047517423936323,100.0
3800,1,51.8580963203804,51.8580963203804,100.0
3800,2,25.094386255683293,25.094386255683293,100.0
3900,0,28.423044830807765,28.423044830807765,100.0
3900,1,38.655831407614755,38.655831407614755,100.0
3900,2,32.92112376157749,32.92112376157749,100.0
4000,0,31.945136403519776,31.945136403519776,100.0
4000,1,44.57351895060378,44.57351895060378,100.0
4000,2,23.48134464587645,23.48134464587645,100.0
4100,0,22.939859616174495,22.939859616174495,100.0
4100,1,42.011840016858116,42.011840016858116,100.0
4100,2,35.04830036696739,35.04830036696739,100.0
4200,0,44.71805346809422,44.71805346809422,100.0
4200,1,25.622223185923453,25.622223185923453,100.0
4200,2,29.659723345982325,29.659723345982325,100.0
4300,0,31.00017681435354,31.00017681435354,100.0
4300,1,40.5828877093246,40.5828877093246,100.0
4300,2,28.416935476321868,28.416935476321868,100.0
4400,0,39.06275054103257,39.06275054103257,100.0
4400,1,42.794010251505654,42.794010251505654,100.0
4400,2,18.143239207461768,18.143239207461768,100.0
4500,0,22.572646181851113,22.572646181851113,100.0
4500,1,48.57197439931545,48.57197439931545,100.0
4500,2,28.855379418833426,28.855379418833426,100.0
4600,0,38.316575366223965,38.316575366223965,100.0
4600,1,30.58321326415291,30.58321326415291,100.0
4600,2,31.100211369623132,31.100211369623132,100.0
4700,0,43.70393485863831,43.70393485863831,100.0
4700,1,28.897423231300646,28.897423231300646,100.0
4700,2,27.398641910061038,27.398641910061038,100.0
4800,0,24.783811446063254,24.783811446063254,100.0
4800,1,28.075052000982314,28.075052000982314,100.0
4800,2,47.14113655295443,47.14113655295443,100.0
4900,0,30.177395232226228,30.177395232226228,100.0
4900,1,30.167110209893703,30.167110209893703,100.0
4900,2,39.65549455788007,39.65549455788007,100.0
5000,0,25.083215274912746,25.083215274912746,100.0
5000,1,49.62271130346026,49.62271130346026,100.0
5000,2,25.29407342162699,25.29407342162699,100.0
5100,0,28.274902119447496,28.274902119447496,100.0
5100,1,43.54392279708723,43.54392279708723,100.0
5100,2,28.181175083465288,28.181175083465288,100.0
5200,0,37.71170800413379,37.71170800413379,100.0
5200,1,29.10216392239776,29.10216392239776,100.0
5200,2,33.186128073468446,33.186128073468446,100.0
5300,0,41.70860029768658,41.70860029768658,100.0
5300,1,36.27711578962492,36.27711578962492,100.0
5300,2,22.014283912688487,22.014283912688487,100.0
5400,0,44.94017433105794,44.94017433105794,100.0
5400,1,31.753698568107403,31.753698568107403,100.0
5400,2,23.306127100834654,23.306127100834654,100.0
5500,0,53.45756400237482,53.45756400237482,100.0
5500,1,26.278859031745196,26.278859031745196,100.0
5500,2,20.26357696587998,20.26357696587998,100.0
5600,0,41.90307769574674,41.90307769574674,100.0
5600,1,33.121186149388414,33.121186149388414,100.0
5600,2,24.97573615486484,24.97573615486484,100.0
5700,0,33.828440786114534,33.828440786114534,100.0
5700,1,36.64046768110612,36.64046768110612,100.0
5700,2,29.531091532779346,29.531091532779346,100.0
5800,0,49.631697354810825,49.631697354810825,100.0
5800,1,27.30363779697795,27.30363779697795,100.0
5800,2,23.06466484821123,23.06466484821123,100.0
5900,0,35.53823715238168,35.53823715238168,100.0
5900,1,36.74984522271082,36.74984522271082,100.0
5900,2,27.7119176249075,27.7119176249075,100.0
6000,0,44.047389819277896,44.047389819277896,100.0
6000,1,33.57906623580647,33.57906623580647,100.0
6000,2,22.37354394491563,22.37354394491563,100.0
6100,0,42.33254539537079,42.33254539537079,100.0
6100,1,34.88713573342157,34.88713573342157,100.0
6100,2,22.78031887120764,22.78031887120764,100.0
6200,0,27.061463290925687,27.061463290925687,100.0
6200,1,35.409977178293225,35.409977178293225,100.0
6200,2,37.528559530781095,37.528559530781095,100.0
6300,0,41.38966842480981,41.38966842480981,100.0
6300,1,28.603535666735258,28.603535666735258,100.0
6300,2,30.00679590845493,30.00679590845493,100.0
6400,0,27.727008346901094,27.727008346901094,100.0
6400,1,49.90477753551235,49.90477753551235,100.0
6400,2,22.368214117586554,22.368214117586554,100.0
6500,0,26.129396758441715,26.129396758441715,100.0
6500,1,41.39608836347682,41.39608836347682,100.0
6500,2,32.474514878081465,32.474514878081465,100.0
6600,0,26.795131129294525,26.795131129294525,100.0
6600,1,42.57454749164141,42.57454749164141,100.0
6600,2,30.630321379064064,30.630321379064064,100.0
6700,0,51.57550911734173,51.57550911734173,100.0
6700,1,28.27228619688087,28.27228619688087,100.0
6700,2,20.15220468577739,20.15220468577739,100.0
6800,0,38.016447229347264,38.016447229347264,100.0
6800,1,36.07156891137843,36.07156891137843,100.0
6800,2,25.91198385927431,25.91198385927431,100.0
6900,0,32.5939790907068,32.5939790907068,100.0
6900,1,36.92530353140844,36.92530353140844,100.0
6900,2,30.48071737788475,30.48071737788475,100.0
7000,0,24.94379495533362,24.94379495533362,100.0
7000,1,50.27363352661134,50.27363352661134,100.0
7000,2,24.782571518055036,24.782571518055036,100.0
7100,0,42.57192860524279,42.57192860524279,100.0
7100,1,34.97037598470866,34.97037598470866,100.0
7100,2,22.45769541004855,22.45769541004855,100.0
7200,0,41.7798990072108,41.7798990072108,100.0
7200,1,28.693815560762264,28.693815560762264,100.0
7200,2,29.52628543202693,29.52628543202693,100.0
7300,0,30.532924615123346,30.532924615123346,100.0
7300,1,30.198705373947327,30.198705373947327,100.0
7300,2,39.26837001092933,39.26837001092933,100.0
7400,0,41.688015965938924,41.688015965938924,100.0
7400,1,38.279341809534216,38.279341809534216,100.0
7400,2,20.032642224526864,20.032642224526864,100.0
7500,0,32.27936455176615,32.27936455176615,100.0
7500,1,43.89631285058876,43.89631285058876,100.0
7500,2,23.824322597645093,23.824322597645093,100.0
7600,0,43.90973470657338,43.90973470657338,100.0
7600,1,25.357928124708067,25.357928124708067,100.0
7600,2,30.732337168718548,30.732337168718548,100.0
7700,0,51.95299831749417,51.95299831749417,100.0
7700,1,27.506034184563006,27.506034184563006,100.0
7700,2,20.540967497942827,20.540967497942827,100.0
7800,0,30.322758866961692,30.322758866961692,100.0
7800,1,35.64863136248959,35.64863136248959,100.0
7800,2,34.02860977054873,34.02860977054873,100.0
7900,0,25.609571401849863,25.609571401849863,100.0
7900,1,28.3279136773106,28.3279136773106,100.0
7900,2,46.06251492083954,46.06251492083954,100.0
8000,0,26.555920116527265,26.555920116527265,100.0
8000,1,50.43105296595446,50.43105296595446,100.0
8000,2,23.01302691751826,23.01302691751826,100.0
8100,0,34.64094044811631,34.64094044811631,100.0
8100,1,24.73535990641468,24.73535990641468,100.0
8100,2,40.62369964546902,40.62369964546902,100.0
8200,0,28.526504633438854,28.526504633438854,100.0
8200,1,39.75466418502303,39.75466418502303,100.0
8200,2,31.71883118153812,31.71883118153812,100.0
8300,0,45.58023651635301,45.58023651635301,100.0
8300,1,35.07978990713797,35.07978990713797,100.0
8300,2,19.339973576509013,19.339973576509013,100.0
8400,0,38.09370481926238,38.09370481926238,100.0
8400,1,31.094938410078647,31.094938410078647,100.0
8400,2,30.811356770658975,30.811356770658975,100.0
8500,0,42.55391833638717,42.55391833638717,100.0
8500,1,28.68088802881085,28.68088802881085,100.0
8500,2,28.76519363480198,28.76519363480198,100.0
8600,0,24.487445696729328,24.487445696729328,100.0
8600,1,28.019422975393688,28.019422975393688,100.0
8600,2,47.493131327876995,47.493131327876995,100.0
8700,0,46.12218031771377,46.12218031771377,100.0
8700,1,29.107759004269468,29.107759004269468,100.0
8700,2,24.770060678016765,24.770060678016765,100.0
8800,0,30.786329169503524,30.786329169503524,100.0
8800,1,36.60589786004341,36.60589786004341,100.0
8800,2,32.60777297045306,32.60777297045306,100.0
8900,0,21.16392136656514,21.16392136656514,100.0
8900,1,44.89499908976195,44.89499908976195,100.0
8900,2,33.941079543672906,33.941079543672906,100.0
9000,0,28.23458355647366,28.23458355647366,100.0
9000,1,33.9900337080072,33.9900337080072,100.0
9000,2,37.77538273551914,37.77538273551914,100.0
9100,0,33.5043063281788,33.5043063281788,100.0
9100,1,29.646320872449017,29.646320872449017,100.0
9100,2,36.84937279937218,36.84937279937218,100.0
9200,0,35.70424661929115,35.70424661929115,100.0
9200,1,37.587361386822096,37.587361386822096,100.0
9200,2,26.70839199388675,26.70839199388675,100.0
9300,0,40.380836585915425,40.380836585915425,100.0
9300,1,24.009353851984734,24.009353851984734,100.0
9300,2,35.60980956209984,35.60980956209984,100.0
9400,0,38.20825452081152,38.20825452081152,100.0
9400,1,35.198692965379394,35.198692965379394,100.0
9400,2,26.59305251380909,26.59305251380909,100.0
9500,0,35.36229934914582,35.36229934914582,100.0
9500,1,40.15892457854117,40.15892457854117,100.0
9500,2,24.478776072313018,24.478776072313018,100.0
9600,0,37.852334806028814,37.852334806028814,100.0
9600,1,30.079243953992794,30.079243953992794,100.0
9600,2,32.06842123997839,32.06842123997839,100.0
9700,0,28.424097937962056,28.424097937962056,100.0
9700,1,37.373092494869375,37.373092494869375,100.0
9700,2,34.20280956716857,34.20280956716857,100.0
9800,0,24.80715296129537,24.80715296129537,100.0
9800,1,44.92508420412238,44.92508420412238,100.0
9800,2,30.267762834582257,30.267762834582257,100.0
9900,0,29.057077051610953,29.057077051610953,100.0
9900,1,32.298615358235,32.298615358235,100.0
9900,2,38.64430759015406,38.64430759015406,100.0
