timestamp,sliceId,dedicatedPRB,minPRB,maxPRB
510,0,32.793198897218,32.793198897218,100.0
510,1,28.974156082876878,28.974156082876878,100.0
510,2,38.23264501990513,38.23264501990513,100.0
520,0,30.129456006617804,30.129456006617804,100.0
520,1,34.64681042761206,34.64681042761206,100.0
520,2,35.22373356577013,35.22373356577013,100.0
530,0,23.0930946353281,23.0930946353281,100.0
530,1,33.3088167356316,33.3088167356316,100.0
530,2,43.598088629040305,43.598088629040305,100.0
540,0,23.72207275987546,23.72207275987546,100.0
540,1,37.39713179423993,37.39713179423993,100.0
540,2,38.880795445884615,38.880795445884615,100.0
550,0,25.388299858111584,25.388299858111584,100.0
550,1,32.19273632859,32.19273632859,100.0
550,2,42.41896381329842,42.41896381329842,100.0
