timestamp,ueImsi,sliceId,dTxBytes,dRxBytes,plr,resourceSharePct,dLostPackets,throughputMbps,bufferBytes
1570,1,0,25976,4584,82.35,24.74,14,3.6672,2449476
1570,2,0,25976,4584,82.35,24.74,14,3.6672,2449374
1570,3,0,25976,3056,88.24,24.74,15,2.4448,2449425
1570,4,0,25976,4584,82.35,24.74,14,3.6672,2449365
1570,5,0,25976,4584,82.35,24.74,14,3.6672,2449305
1570,6,1,390,390,0.00,42.11,0,0.3120,87
1570,7,1,390,390,0.00,42.11,0,0.3120,87
1570,8,1,390,390,0.00,42.11,0,0.3120,87
1570,9,1,390,390,0.00,42.11,0,0.3120,87
1570,10,1,390,390,0.00,42.11,0,0.3120,87
1570,11,2,16000,2560,84.00,33.15,105,2.0480,1490090
1570,12,2,16000,2560,84.00,33.15,105,2.0480,1490147
1570,13,2,16000,2432,84.80,33.15,106,1.9456,1490117
1570,14,2,16000,2432,84.80,33.15,106,1.9456,1490096
1570,15,2,16000,2560,84.00,33.15,105,2.0480,1490147
1570,16,2,16000,2560,84.00,33.15,105,2.0480,1490196
1570,17,2,16000,2432,84.80,33.15,106,1.9456,1490162
1570,18,2,16000,2560,84.00,33.15,105,2.0480,1490200
1570,19,2,16000,2432,84.80,33.15,106,1.9456,1490185
1570,20,2,16000,2432,84.80,33.15,106,1.9456,1490124
