timestamp,ueImsi,sliceId,dTxBytes,dRxBytes,plr,resourceSharePct,dLostPackets,throughputMbps,bufferBytes
7240,1,0,25976,3056,88.24,21.66,15,2.4448,10499152
7240,2,0,25976,3056,88.24,21.66,15,2.4448,10498912
7240,3,0,25976,3056,88.24,21.66,15,2.4448,10499125
7240,4,0,25976,1528,94.12,21.66,16,1.2224,10498667
7240,5,0,25976,1528,94.12,21.66,16,1.2224,10498615
7240,6,1,390,390,0.00,35.52,0,0.3120,87
7240,7,1,390,390,0.00,35.52,0,0.3120,87
7240,8,1,390,390,0.00,35.52,0,0.3120,87
7240,9,1,390,390,0.00,35.52,0,0.3120,87
7240,10,1,390,390,0.00,35.52,0,0.3120,87
7240,11,2,16000,2560,84.00,42.82,105,2.0480,9417744
7240,12,2,16000,2432,84.80,42.82,106,1.9456,9417985
7240,13,2,16000,2560,84.00,42.82,105,2.0480,9417702
7240,14,2,16000,2560,84.00,42.82,105,2.0480,9417776
7240,15,2,16000,2432,84.80,42.82,106,1.9456,9417953
7240,16,2,16000,2560,84.00,42.82,105,2.0480,9417893
7240,17,2,16000,2560,84.00,42.82,105,2.0480,9418018
7240,18,2,16000,2560,84.00,42.82,105,2.0480,9417768
7240,19,2,16000,2560,84.00,42.82,105,2.0480,9417998
7240,20,2,16000,2560,84.00,42.82,105,2.0480,9417929
