timestamp,sliceId,dedicatedPRB,minPRB,maxPRB
510,0,30.60101765519757,30.60101765519757,100.0
510,1,39.14840899070845,39.14840899070845,100.0
510,2,30.25057335409398,30.25057335409398,100.0
520,0,40.814305828205576,40.814305828205576,100.0
520,1,32.61129088905721,32.61129088905721,100.0
520,2,26.574403282737215,26.574403282737215,100.0
530,0,22.87418656914493,22.87418656914493,100.0
530,1,47.926675326403306,47.926675326403306,100.0
530,2,29.199138104451762,29.199138104451762,100.0
540,0,37.41005830297403,37.41005830297403,100.0
540,1,36.74438807955468,36.74438807955468,100.0
540,2,25.845553617471285,25.845553617471285,100.0
550,0,24.249517446684166,24.249517446684166,100.0
550,1,44.36413432239383,44.36413432239383,100.0
550,2,31.386348230922,31.386348230922,100.0
