timestamp,ueImsi,sliceId,dTxBytes,dRxBytes,plr,resourceSharePct,dLostPackets,throughputMbps,bufferBytes
3730,1,0,25976,3056,88.24,30.40,15,2.4448,7402391
3730,2,0,25976,4584,82.35,30.40,14,3.6672,7402237
3730,3,0,25976,4584,82.35,30.40,14,3.6672,7402341
3730,4,0,25976,4584,82.35,30.40,14,3.6672,7402360
3730,5,0,25976,4584,82.35,30.40,14,3.6672,7402258
3730,6,1,390,390,0.00,28.32,0,0.3120,87
3730,7,1,390,390,0.00,28.32,0,0.3120,87
3730,8,1,390,390,0.00,28.32,0,0.3120,87
3730,9,1,390,390,0.00,28.32,0,0.3120,87
3730,10,1,390,390,0.00,28.32,0,0.3120,87
3730,11,2,16000,2560,84.00,41.29,105,2.0480,4507027
3730,12,2,16000,2688,83.20,41.29,104,2.1504,4506964
3730,13,2,16000,2688,83.20,41.29,104,2.1504,4506825
3730,14,2,16000,2560,84.00,41.29,105,2.0480,4506923
3730,15,2,16000,2560,84.00,41.29,105,2.0480,4506990
3730,16,2,16000,2560,84.00,41.29,105,2.0480,4506789
3730,17,2,16000,2560,84.00,41.29,105,2.0480,4506895
3730,18,2,16000,2560,84.00,41.29,105,2.0480,4506799
3730,19,2,16000,2688,83.20,41.29,104,2.1504,4506879
3730,20,2,16000,2688,83.20,41.29,104,2.1504,4506858
