timestamp,ueImsi,sliceId,dTxBytes,dRxBytes,plr,resourceSharePct,dLostPackets,throughputMbps,bufferBytes,dlBufferBytes,ulBufferBytes,macBufferBytes,congestionPct,lastDrlActionStatus
9900,1,0,193616,3684,98.26,25.95,169,0.2947,1200005,175084,1200005,1375089,13.11,applied
9900,2,0,193616,4912,97.67,25.95,168,0.3930,1200005,175087,1200005,1375092,13.11,applied
9900,3,0,193616,68768,67.44,25.95,116,5.5014,1200005,175083,1200005,1375088,13.11,applied
9900,4,0,193616,0,100.00,25.95,172,0.0000,1200005,178343,1200005,1378348,13.14,applied
9900,5,0,193616,4912,97.67,25.95,168,0.3930,1200005,175082,1200005,1375087,13.11,applied
9900,6,1,0,0,0.00,49.14,0,0.0000,34,0,34,34,0.00,applied
9900,7,1,0,0,0.00,49.14,0,0.0000,34,0,34,34,0.00,applied
9900,8,1,0,0,0.00,49.14,0,0.0000,34,0,34,34,0.00,applied
9900,9,1,0,0,0.00,49.14,0,0.0000,34,0,34,34,0.00,applied
9900,10,1,0,0,0.00,49.14,0,0.0000,34,0,34,34,0.00,applied
9900,11,1,0,0,0.00,49.14,0,0.0000,34,0,34,34,0.00,applied
9900,12,1,0,0,0.00,49.14,0,0.0000,34,0,34,34,0.00,applied
9900,13,1,0,0,0.00,49.14,0,0.0000,34,0,34,34,0.00,applied
9900,14,2,65200,0,100.00,24.91,50,0.0000,5783851,5783851,51,5783902,55.16,applied
9900,15,2,65200,0,100.00,24.91,50,0.0000,5783974,5783974,34,5784008,55.16,applied
9900,16,2,65200,0,100.00,24.91,50,0.0000,5783853,5783853,51,5783904,55.16,applied
9900,17,2,65200,0,100.00,24.91,50,0.0000,5786507,5786507,51,5786558,55.18,applied
9900,18,2,65200,0,100.00,24.91,50,0.0000,5783886,5783886,51,5783937,55.16,applied
9900,19,2,65200,940,90.00,24.91,45,0.0752,5783853,5783853,51,5783904,55.16,applied
9900,20,2,65200,940,90.00,24.91,45,0.0752,5783869,5783869,51,5783920,55.16,applied
9900,21,2,65200,0,100.00,24.91,50,0.0000,5784414,5784414,51,5784465,55.16,applied
9900,22,2,65200,0,100.00,24.91,50,0.0000,5785348,5785348,51,5785399,55.17,applied
9900,23,2,65200,0,100.00,24.91,50,0.0000,5783866,5783866,51,5783917,55.16,applied
9900,24,2,65200,940,90.00,24.91,45,0.0752,5783853,5783853,51,5783904,55.16,applied
9900,25,2,65200,0,100.00,24.91,50,0.0000,5783853,5783853,51,5783904,55.16,applied
9900,26,2,65200,0,100.00,24.91,50,0.0000,5783853,5783853,51,5783904,55.16,applied
9900,27,2,65200,0,100.00,24.91,50,0.0000,5783965,5783965,51,5784016,55.16,applied
9900,28,2,65200,0,100.00,24.91,50,0.0000,5783985,5783985,51,5784036,55.16,applied
9900,29,2,65200,0,100.00,24.91,50,0.0000,5786362,5786362,51,5786413,55.18,applied
9900,30,2,65200,0,100.00,24.91,50,0.0000,5783864,5783864,51,5783915,55.16,applied
9900,31,2,65200,940,90.00,24.91,45,0.0752,5783856,5783856,51,5783907,55.16,applied
9900,32,2,65200,0,100.00,24.91,50,0.0000,5783853,5783853,51,5783904,55.16,applied
9900,33,2,65200,0,100.00,24.91,50,0.0000,5786047,5786047,51,5786098,55.18,applied
