timestamp,ueImsi,sliceId,dTxBytes,dRxBytes,plr,resourceSharePct,dLostPackets,throughputMbps,bufferBytes
1510,1,0,18336,15280,16.67,31.66,2,12.2240,2467
1510,2,0,18336,0,100.00,31.66,12,0.0000,1633883
1510,3,0,18336,0,100.00,31.66,12,0.0000,1653132
1510,4,0,18336,15280,16.67,31.66,2,12.2240,1754
1510,5,0,18336,0,100.00,31.66,12,0.0000,1710082
1510,6,1,390,390,0.00,45.00,0,0.3120,87
1510,7,1,390,390,0.00,45.00,0,0.3120,87
1510,8,1,390,390,0.00,45.00,0,0.3120,87
1510,9,1,390,390,0.00,45.00,0,0.3120,87
1510,10,1,390,0,100.00,45.00,5,0.0000,87
1510,11,2,384,256,33.33,23.34,1,0.2048,137
1510,12,2,384,256,33.33,23.34,1,0.2048,137
1510,13,2,384,0,100.00,23.34,3,0.0000,399
1510,14,2,384,256,33.33,23.34,1,0.2048,401
1510,15,2,384,0,100.00,23.34,3,0.0000,814
1510,16,2,384,0,100.00,23.34,3,0.0000,145
1510,17,2,384,0,100.00,23.34,3,0.0000,6371
1510,18,2,384,128,66.67,23.34,2,0.1024,137
1510,19,2,384,256,33.33,23.34,1,0.2048,137
1510,20,2,384,256,33.33,23.34,1,0.2048,137
