timestamp,sliceId,dedicatedPRB,minPRB,maxPRB
510,0,22.82469032147385,22.82469032147385,100.0
510,1,46.98946947745541,46.98946947745541,100.0
510,2,30.18584020107074,30.18584020107074,100.0
520,0,29.170338897355347,29.170338897355347,100.0
520,1,45.41898259869386,45.41898259869386,100.0
520,2,25.410678503950795,25.410678503950795,100.0
530,0,34.47371331220113,34.47371331220113,100.0
530,1,46.27487346251866,46.27487346251866,100.0
530,2,19.25141322528021,19.25141322528021,100.0
540,0,44.09574617995345,44.09574617995345,100.0
540,1,37.98131139528179,37.98131139528179,100.0
540,2,17.92294242476477,17.92294242476477,100.0
550,0,53.10929988761603,53.10929988761603,100.0
550,1,26.52004517111865,26.52004517111865,100.0
550,2,20.37065494126531,20.37065494126531,100.0
560,0,52.21677897777972,52.21677897777972,100.0
560,1,26.092267566558235,26.092267566558235,100.0
560,2,21.690953455662036,21.690953455662036,100.0
570,0,44.6886341407707,44.6886341407707,100.0
570,1,28.152189182114533,28.152189182114533,100.0
570,2,27.15917667711476,27.15917667711476,100.0
580,0,45.47219729459988,45.47219729459988,100.0
580,1,31.948388496010626,31.948388496010626,100.0
580,2,22.579414209389498,22.579414209389498,100.0
590,0,52.696529916959214,52.696529916959214,100.0
590,1,27.709357024842312,27.709357024842312,100.0
590,2,19.59411305819848,19.59411305819848,100.0
600,0,48.85331945994154,48.85331945994154,100.0
600,1,29.583348259947073,29.583348259947073,100.0
600,2,21.563332280111382,21.563332280111382,100.0
610,0,48.86437463286933,48.86437463286933,100.0
610,1,31.293596709644785,31.293596709644785,100.0
610,2,19.842028657485887,19.842028657485887,100.0
620,0,50.2402230797342,50.2402230797342,100.0
620,1,28.327183488079093,28.327183488079093,100.0
620,2,21.432593432186703,21.432593432186703,100.0
630,0,45.2857837843891,45.2857837843891,100.0
630,1,30.366861804592382,30.366861804592382,100.0
630,2,24.34735441101851,24.34735441101851,100.0
640,0,54.80998774163856,54.80998774163856,100.0
640,1,25.843620935403806,25.843620935403806,100.0
640,2,19.346391322957647,19.346391322957647,100.0
650,0,44.67795265034676,44.67795265034676,100.0
650,1,37.542995987409675,37.542995987409675,100.0
650,2,17.779051362243557,17.779051362243557,100.0
660,0,53.766226103841156,53.766226103841156,100.0
660,1,26.85344826851098,26.85344826851098,100.0
660,2,19.380325627647853,19.380325627647853,100.0
670,0,48.90970647180794,48.90970647180794,100.0
670,1,28.547080133087547,28.547080133087547,100.0
670,2,22.543213395104505,22.543213395104505,100.0
680,0,54.48853439338793,54.48853439338793,100.0
680,1,26.431977450654582,26.431977450654582,100.0
680,2,19.079488155957485,19.079488155957485,100.0
690,0,46.987007730552115,46.987007730552115,100.0
690,1,34.95105117259299,34.95105117259299,100.0
690,2,18.0619410968549,18.0619410968549,100.0
700,0,37.10948838391777,37.10948838391777,100.0
700,1,42.87231110777044,42.87231110777044,100.0
700,2,20.018200508311786,20.018200508311786,100.0
710,0,41.38915433057443,41.38915433057443,100.0
710,1,33.98905479498428,33.98905479498428,100.0
710,2,24.621790874441295,24.621790874441295,100.0
720,0,37.025604494642025,37.025604494642025,100.0
720,1,44.66436885833045,44.66436885833045,100.0
720,2,18.310026647027524,18.310026647027524,100.0
730,0,50.46828784099784,50.46828784099784,100.0
730,1,26.170496014797095,26.170496014797095,100.0
730,2,23.36121614420507,23.36121614420507,100.0
