timestamp,sliceId,dedicatedPRB,minPRB,maxPRB
510,0,34.81833341871805,34.81833341871805,100.0
510,1,32.18269954596937,32.18269954596937,100.0
510,2,32.99896703531258,32.99896703531258,100.0
520,0,27.312095096943565,27.312095096943565,100.0
520,1,45.126981063043175,45.126981063043175,100.0
520,2,27.560923840013253,27.560923840013253,100.0
530,0,31.579455912096023,31.579455912096023,100.0
530,1,38.864260297683714,38.864260297683714,100.0
530,2,29.556283790220263,29.556283790220263,100.0
540,0,22.268744366809777,22.268744366809777,100.0
540,1,57.24018625252817,57.24018625252817,100.0
540,2,20.491069380662054,20.491069380662054,100.0
550,0,33.0938246911861,33.0938246911861,100.0
550,1,45.675844077669595,45.675844077669595,100.0
550,2,21.230331231144305,21.230331231144305,100.0
560,0,26.808564059848884,26.808564059848884,100.0
560,1,41.63592226310928,41.63592226310928,100.0
560,2,31.55551367704185,31.55551367704185,100.0
570,0,35.63050022237956,35.63050022237956,100.0
570,1,41.00995033796193,41.00995033796193,100.0
570,2,23.359549439658515,23.359549439658515,100.0
580,0,25.213324114760592,25.213324114760592,100.0
580,1,42.015901580058554,42.015901580058554,100.0
580,2,32.770774305180865,32.770774305180865,100.0
590,0,28.566393327447997,28.566393327447997,100.0
590,1,44.95626687266356,44.95626687266356,100.0
590,2,26.477339799888444,26.477339799888444,100.0
600,0,23.567186598818708,23.567186598818708,100.0
600,1,30.232472560578245,30.232472560578245,100.0
600,2,46.20034084060305,46.20034084060305,100.0
610,0,43.28594293895659,43.28594293895659,100.0
610,1,27.077396736187552,27.077396736187552,100.0
610,2,29.636660324855857,29.636660324855857,100.0
620,0,26.49633988951209,26.49633988951209,100.0
620,1,50.821806348947504,50.821806348947504,100.0
620,2,22.68185376154041,22.68185376154041,100.0
630,0,22.83396777707803,22.83396777707803,100.0
630,1,33.87446092358148,33.87446092358148,100.0
630,2,43.29157129934049,43.29157129934049,100.0
640,0,25.719035758860475,25.719035758860475,100.0
640,1,51.7801021828872,51.7801021828872,100.0
640,2,22.500862058252324,22.500862058252324,100.0
650,0,30.644129114918385,30.644129114918385,100.0
650,1,35.1233387043418,35.1233387043418,100.0
650,2,34.232532180739824,34.232532180739824,100.0
660,0,34.23556726061712,34.23556726061712,100.0
660,1,43.74086206491089,43.74086206491089,100.0
660,2,22.023570674471998,22.023570674471998,100.0
670,0,42.60169370928479,42.60169370928479,100.0
670,1,25.818196229311585,25.818196229311585,100.0
670,2,31.580110061403637,31.580110061403637,100.0
680,0,39.542026721020186,39.542026721020186,100.0
680,1,36.96048282922785,36.96048282922785,100.0
680,2,23.497490449751968,23.497490449751968,100.0
