timestamp,ueImsi,sliceId,dTxBytes,dRxBytes,plr,resourceSharePct,dLostPackets,throughputMbps,bufferBytes
560,1,0,1528,1528,0.00,45.36,0,1.2224,514
560,2,0,1528,1528,0.00,45.36,0,1.2224,514
560,3,0,1528,1528,0.00,45.36,0,1.2224,67
560,4,0,1528,1528,0.00,45.36,0,1.2224,60
560,5,0,1528,1528,0.00,45.36,0,1.2224,514
560,6,1,390,390,0.00,29.78,0,0.3120,87
560,7,1,390,390,0.00,29.78,0,0.3120,87
560,8,1,390,390,0.00,29.78,0,0.3120,87
560,9,1,390,390,0.00,29.78,0,0.3120,87
560,10,1,390,390,0.00,29.78,0,0.3120,87
560,11,2,256,256,0.00,24.86,0,0.2048,137
560,12,2,256,256,0.00,24.86,0,0.2048,137
560,13,2,256,256,0.00,24.86,0,0.2048,137
560,14,2,256,256,0.00,24.86,0,0.2048,137
560,15,2,256,256,0.00,24.86,0,0.2048,137
560,16,2,256,256,0.00,24.86,0,0.2048,137
560,17,2,256,256,0.00,24.86,0,0.2048,137
560,18,2,256,256,0.00,24.86,0,0.2048,137
560,19,2,256,256,0.00,24.86,0,0.2048,137
560,20,2,256,256,0.00,24.86,0,0.2048,137
