timestamp,ueImsi,sliceId,dTxBytes,dRxBytes,plr,resourceSharePct,dLostPackets,throughputMbps,bufferBytes
2340,1,0,25976,3056,88.24,23.02,15,2.4448,4217735
2340,2,0,25976,3056,88.24,23.02,15,2.4448,4217816
2340,3,0,25976,3056,88.24,23.02,15,2.4448,4217817
2340,4,0,25976,1528,94.12,23.02,16,1.2224,4217634
2340,5,0,25976,1528,94.12,23.02,16,1.2224,4217649
2340,6,1,390,390,0.00,26.19,0,0.3120,87
2340,7,1,390,390,0.00,26.19,0,0.3120,87
2340,8,1,390,390,0.00,26.19,0,0.3120,87
2340,9,1,390,390,0.00,26.19,0,0.3120,87
2340,10,1,390,390,0.00,26.19,0,0.3120,87
2340,11,2,16000,2560,84.00,50.79,105,2.0480,2566604
2340,12,2,16000,2688,83.20,50.79,104,2.1504,2566776
2340,13,2,16000,2688,83.20,50.79,104,2.1504,2566633
2340,14,2,16000,2560,84.00,50.79,105,2.0480,2566738
2340,15,2,16000,2560,84.00,50.79,105,2.0480,2566712
2340,16,2,16000,2688,83.20,50.79,104,2.1504,2566705
2340,17,2,16000,2688,83.20,50.79,104,2.1504,2566735
2340,18,2,16000,2688,83.20,50.79,104,2.1504,2566566
2340,19,2,16000,2688,83.20,50.79,104,2.1504,2566787
2340,20,2,16000,2688,83.20,50.79,104,2.1504,2566780
