timestamp,ueImsi,sliceId,dTxBytes,dRxBytes,plr,resourceSharePct,dLostPackets,throughputMbps,bufferBytes
600,1,0,18336,4584,75.00,27.27,9,3.6672,141176
600,2,0,18336,4584,75.00,27.27,9,3.6672,141161
600,3,0,18336,4584,75.00,27.27,9,3.6672,141238
600,4,0,18336,4584,75.00,27.27,9,3.6672,141155
600,5,0,18336,4584,75.00,27.27,9,3.6672,141149
600,6,1,390,390,0.00,43.31,0,0.3120,87
600,7,1,390,390,0.00,43.31,0,0.3120,87
600,8,1,390,390,0.00,43.31,0,0.3120,87
600,9,1,390,390,0.00,43.31,0,0.3120,87
600,10,1,390,390,0.00,43.31,0,0.3120,87
600,11,2,256,384,0.00,29.43,0,0.3072,47
600,12,2,256,384,0.00,29.43,0,0.3072,47
600,13,2,256,384,0.00,29.43,0,0.3072,47
600,14,2,256,384,0.00,29.43,0,0.3072,137
600,15,2,256,384,0.00,29.43,0,0.3072,179
600,16,2,256,384,0.00,29.43,0,0.3072,179
600,17,2,256,384,0.00,29.43,0,0.3072,47
600,18,2,256,256,0.00,29.43,0,0.2048,137
600,19,2,256,384,0.00,29.43,0,0.3072,179
600,20,2,256,384,0.00,29.43,0,0.3072,179
