timestamp,ueImsi,sliceId,dTxBytes,dRxBytes,plr,resourceSharePct,dLostPackets,throughputMbps,bufferBytes
570,1,0,25976,1528,94.12,26.66,16,1.2224,160984
570,2,0,25976,1528,94.12,26.66,16,1.2224,159613
570,3,0,25976,1528,94.12,26.66,16,1.2224,159618
570,4,0,25976,1528,94.12,26.66,16,1.2224,159610
570,5,0,25976,1528,94.12,26.66,16,1.2224,159407
570,6,1,390,468,0.00,30.00,0,0.3744,87
570,7,1,390,468,0.00,30.00,0,0.3744,87
570,8,1,390,468,0.00,30.00,0,0.3744,87
570,9,1,390,468,0.00,30.00,0,0.3744,87
570,10,1,390,468,0.00,30.00,0,0.3744,87
570,11,2,16000,1408,91.20,43.34,114,1.1264,101765
570,12,2,16000,1536,90.40,43.34,113,1.2288,101865
570,13,2,16000,1536,90.40,43.34,113,1.2288,101569
570,14,2,16000,1536,90.40,43.34,113,1.2288,101569
570,15,2,16000,1408,91.20,43.34,114,1.1264,101540
570,16,2,16000,1408,91.20,43.34,114,1.1264,101523
570,17,2,16000,1408,91.20,43.34,114,1.1264,101523
570,18,2,16000,1920,88.00,43.34,110,1.5360,100267
570,19,2,16000,2048,87.20,43.34,109,1.6384,100155
570,20,2,16000,2048,87.20,43.34,109,1.6384,100148
