timestamp,sliceId,dedicatedPRB,minPRB,maxPRB
510,0,40.37800441527067,40.37800441527067,100.0
510,1,36.02320688671101,36.02320688671101,100.0
510,2,23.598788698018332,23.598788698018332,100.0
520,0,26.601779766574797,26.601779766574797,100.0
520,1,38.098691360573454,38.098691360573454,100.0
520,2,35.29952887285175,35.29952887285175,100.0
530,0,35.15861417831822,35.15861417831822,100.0
530,1,41.69906247868691,41.69906247868691,100.0
530,2,23.14232334299487,23.14232334299487,100.0
540,0,39.21628947672764,39.21628947672764,100.0
540,1,26.14547349402678,26.14547349402678,100.0
540,2,34.63823702924558,34.63823702924558,100.0
550,0,31.401365424289295,31.401365424289295,100.0
550,1,32.01454940735327,32.01454940735327,100.0
550,2,36.584085168357426,36.584085168357426,100.0
