timestamp,sliceId,dedicatedPRB,minPRB,maxPRB
510,0,22.832707987466947,22.832707987466947,100.0
510,1,33.033928796007864,33.033928796007864,100.0
510,2,44.13336321652518,44.13336321652518,100.0
520,0,37.13734281300496,37.13734281300496,100.0
520,1,36.612681467544824,36.612681467544824,100.0
520,2,26.249975719450212,26.249975719450212,100.0
530,0,38.19746806099219,38.19746806099219,100.0
530,1,25.076917234417905,25.076917234417905,100.0
530,2,36.72561470458991,36.72561470458991,100.0
540,0,36.7768841737582,36.7768841737582,100.0
540,1,34.999990641294815,34.999990641294815,100.0
540,2,28.223125184946984,28.223125184946984,100.0
550,0,31.78162382381965,31.78162382381965,100.0
550,1,34.61870977062271,34.61870977062271,100.0
550,2,33.59966640555764,33.59966640555764,100.0
