timestamp,ueImsi,sliceId,dTxBytes,dRxBytes,plr,resourceSharePct,dLostPackets,throughputMbps,bufferBytes
1510,1,0,35144,25976,26.09,42.01,6,20.7808,767051
1510,2,0,35144,30560,13.04,42.01,3,24.4480,292743
1510,3,1,1014,936,7.69,37.63,1,0.7488,87
1510,4,1,1014,936,7.69,37.63,1,0.7488,87
1510,5,2,256,256,0.00,20.36,0,0.2048,70
1510,6,2,256,256,0.00,20.36,0,0.2048,62
1510,7,2,256,256,0.00,20.36,0,0.2048,62
1510,8,2,256,0,100.00,20.36,2,0.0000,137
1510,9,2,256,256,0.00,20.36,0,0.2048,62
1510,10,2,256,256,0.00,20.36,0,0.2048,68
