timestamp,ueImsi,sliceId,dTxBytes,dRxBytes,plr,resourceSharePct,dLostPackets,throughputMbps,bufferBytes,dlBufferBytes,ulBufferBytes,macBufferBytes,congestionPct,lastDrlActionStatus
9900,1,0,193616,1228,99.42,22.22,171,0.0982,1199885,180810,1199885,1380695,13.17,applied
9900,2,0,193616,0,100.00,22.22,172,0.0000,1199885,180866,1199885,1380751,13.17,applied
9900,3,0,193616,46664,77.91,22.22,134,3.7331,1199337,180829,1199337,1380166,13.16,applied
9900,4,0,193616,0,100.00,22.22,172,0.0000,1200005,184106,1200005,1384111,13.20,applied
9900,5,0,193616,13508,93.60,22.22,161,1.0806,1199577,180813,1199577,1380390,13.16,applied
9900,6,1,0,0,0.00,45.71,0,0.0000,34,0,34,34,0.00,applied
9900,7,1,0,0,0.00,45.71,0,0.0000,34,0,34,34,0.00,applied
9900,8,1,0,0,0.00,45.71,0,0.0000,34,0,34,34,0.00,applied
9900,9,1,0,0,0.00,45.71,0,0.0000,34,0,34,34,0.00,applied
9900,10,1,0,0,0.00,45.71,0,0.0000,34,0,34,34,0.00,applied
9900,11,1,0,0,0.00,45.71,0,0.0000,34,0,34,34,0.00,applied
9900,12,1,0,0,0.00,45.71,0,0.0000,34,0,34,34,0.00,applied
9900,13,1,0,0,0.00,45.71,0,0.0000,34,0,34,34,0.00,applied
9900,14,2,65200,0,100.00,32.06,50,0.0000,5934077,5934077,51,5934128,56.59,applied
9900,15,2,65200,0,100.00,32.06,50,0.0000,5934168,5934168,34,5934202,56.59,applied
9900,16,2,65200,0,100.00,32.06,50,0.0000,5934075,5934075,51,5934126,56.59,applied
9900,17,2,65200,0,100.00,32.06,50,0.0000,5936828,5936828,51,5936879,56.62,applied
9900,18,2,65200,0,100.00,32.06,50,0.0000,5934097,5934097,51,5934148,56.59,applied
9900,19,2,65200,940,90.00,32.06,45,0.0752,5934080,5934080,51,5934131,56.59,applied
9900,20,2,65200,940,90.00,32.06,45,0.0752,5934080,5934080,51,5934131,56.59,applied
9900,21,2,65200,0,100.00,32.06,50,0.0000,5934653,5934653,51,5934704,56.60,applied
9900,22,2,65200,0,100.00,32.06,50,0.0000,5935683,5935683,51,5935734,56.61,applied
9900,23,2,65200,0,100.00,32.06,50,0.0000,5934076,5934076,51,5934127,56.59,applied
9900,24,2,65200,940,90.00,32.06,45,0.0752,5934076,5934076,51,5934127,56.59,applied
9900,25,2,65200,752,92.00,32.06,46,0.0602,5934076,5934076,51,5934127,56.59,applied
9900,26,2,65200,0,100.00,32.06,50,0.0000,5934078,5934078,51,5934129,56.59,applied
9900,27,2,65200,0,100.00,32.06,50,0.0000,5934232,5934232,51,5934283,56.59,applied
9900,28,2,65200,0,100.00,32.06,50,0.0000,5934291,5934291,51,5934342,56.59,applied
9900,29,2,65200,0,100.00,32.06,50,0.0000,5936512,5936512,51,5936563,56.62,applied
9900,30,2,65200,0,100.00,32.06,50,0.0000,5934073,5934073,51,5934124,56.59,applied
9900,31,2,65200,940,90.00,32.06,45,0.0752,5934074,5934074,51,5934125,56.59,applied
9900,32,2,65200,0,100.00,32.06,50,0.0000,5934074,5934074,51,5934125,56.59,applied
9900,33,2,65200,0,100.00,32.06,50,0.0000,5936263,5936263,51,5936314,56.61,applied
