timestamp,sliceId,dedicatedPRB,minPRB,maxPRB,algorithm
510,0,36.665000000000006,36.665000000000006,100.0,0
510,1,35.0,35.0,100.0,0
510,2,28.335,28.335,100.0,0
520,0,61.665000000000006,61.665000000000006,100.0,0
520,1,20.0,20.0,100.0,0
520,2,18.335,18.335,100.0,0
530,0,36.665000000000006,36.665000000000006,100.0,2
530,1,35.0,35.0,100.0,2
530,2,28.335,28.335,100.0,2
540,0,61.665000000000006,61.665000000000006,100.0,0
540,1,20.0,20.0,100.0,0
540,2,18.335,18.335,100.0,0
550,0,26.665,26.665,100.0,0
550,1,40.0,40.0,100.0,0
550,2,33.335,33.335,100.0,0
560,0,41.665,41.665,100.0,1
560,1,45.00000000000001,45.00000000000001,100.0,1
560,2,13.335000000000003,13.335000000000003,100.0,1
570,0,36.665000000000006,36.665000000000006,100.0,0
570,1,25.0,25.0,100.0,0
570,2,38.334999999999994,38.334999999999994,100.0,0
580,0,61.665000000000006,61.665000000000006,100.0,0
580,1,20.0,20.0,100.0,0
580,2,18.335,18.335,100.0,0
590,0,26.665,26.665,100.0,0
590,1,40.0,40.0,100.0,0
590,2,33.335,33.335,100.0,0
600,0,61.665000000000006,61.665000000000006,100.0,0
600,1,20.0,20.0,100.0,0
600,2,18.335,18.335,100.0,0
610,0,36.665000000000006,36.665000000000006,100.0,0
610,1,40.0,40.0,100.0,0
610,2,23.335,23.335,100.0,0
620,0,61.665000000000006,61.665000000000006,100.0,0
620,1,20.0,20.0,100.0,0
620,2,18.335,18.335,100.0,0
630,0,41.665,41.665,100.0,0
630,1,20.000000000000004,20.000000000000004,100.0,0
630,2,38.335,38.335,100.0,0
640,0,61.665000000000006,61.665000000000006,100.0,0
640,1,20.0,20.0,100.0,0
640,2,18.335,18.335,100.0,0
650,0,41.665,41.665,100.0,0
650,1,20.000000000000004,20.000000000000004,100.0,0
650,2,38.335,38.335,100.0,0
660,0,56.665,56.665,100.0,1
660,1,25.0,25.0,100.0,1
660,2,18.335,18.335,100.0,1
670,0,56.665,56.665,100.0,1
670,1,25.0,25.0,100.0,1
670,2,18.335,18.335,100.0,1
680,0,56.665,56.665,100.0,1
680,1,25.0,25.0,100.0,1
680,2,18.335,18.335,100.0,1
690,0,56.665,56.665,100.0,1
690,1,25.0,25.0,100.0,1
690,2,18.335,18.335,100.0,1
700,0,56.665,56.665,100.0,1
700,1,20.0,20.0,100.0,1
700,2,23.335,23.335,100.0,1
710,0,56.665,56.665,100.0,1
710,1,25.0,25.0,100.0,1
710,2,18.335,18.335,100.0,1
720,0,21.665,21.665,100.0,2
720,1,60.00000000000001,60.00000000000001,100.0,2
720,2,18.335,18.335,100.0,2
730,0,56.665,56.665,100.0,1
730,1,20.0,20.0,100.0,1
730,2,23.335,23.335,100.0,1
740,0,56.665,56.665,100.0,1
740,1,25.0,25.0,100.0,1
740,2,18.335,18.335,100.0,1
750,0,56.665,56.665,100.0,1
750,1,25.0,25.0,100.0,1
750,2,18.335,18.335,100.0,1
760,0,41.665,41.665,100.0,0
760,1,20.000000000000004,20.000000000000004,100.0,0
760,2,38.335,38.335,100.0,0
770,0,41.665,41.665,100.0,2
770,1,25.0,25.0,100.0,2
770,2,33.335,33.335,100.0,2
780,0,41.665,41.665,100.0,2
780,1,25.0,25.0,100.0,2
780,2,33.335,33.335,100.0,2
790,0,41.665,41.665,100.0,2
790,1,25.0,25.0,100.0,2
790,2,33.335,33.335,100.0,2
800,0,41.665,41.665,100.0,2
800,1,25.0,25.0,100.0,2
800,2,33.335,33.335,100.0,2
810,0,41.665,41.665,100.0,0
810,1,20.000000000000004,20.000000000000004,100.0,0
810,2,38.335,38.335,100.0,0
820,0,41.665,41.665,100.0,0
820,1,20.000000000000004,20.000000000000004,100.0,0
820,2,38.335,38.335,100.0,0
830,0,21.665,21.665,100.0,2
830,1,35.0,35.0,100.0,2
830,2,43.335,43.335,100.0,2
840,0,36.665000000000006,36.665000000000006,100.0,0
840,1,35.0,35.0,100.0,0
840,2,28.335,28.335,100.0,0
850,0,56.665,56.665,100.0,1
850,1,25.0,25.0,100.0,1
850,2,18.335,18.335,100.0,1
860,0,41.665,41.665,100.0,0
860,1,20.000000000000004,20.000000000000004,100.0,0
860,2,38.335,38.335,100.0,0
870,0,16.665,16.665,100.0,2
870,1,40.0,40.0,100.0,2
870,2,43.335,43.335,100.0,2
880,0,26.665,26.665,100.0,1
880,1,40.0,40.0,100.0,1
880,2,33.335,33.335,100.0,1
890,0,16.665,16.665,100.0,2
890,1,40.0,40.0,100.0,2
890,2,43.335,43.335,100.0,2
900,0,51.66499999999999,51.66499999999999,100.0,2
900,1,25.0,25.0,100.0,2
900,2,23.335,23.335,100.0,2
910,0,51.66499999999999,51.66499999999999,100.0,2
910,1,25.0,25.0,100.0,2
910,2,23.335,23.335,100.0,2
920,0,51.66499999999999,51.66499999999999,100.0,2
920,1,25.0,25.0,100.0,2
920,2,23.335,23.335,100.0,2
930,0,51.66499999999999,51.66499999999999,100.0,2
930,1,25.0,25.0,100.0,2
930,2,23.335,23.335,100.0,2
940,0,51.66499999999999,51.66499999999999,100.0,2
940,1,25.0,25.0,100.0,2
940,2,23.335,23.335,100.0,2
950,0,51.66499999999999,51.66499999999999,100.0,2
950,1,20.0,20.0,100.0,2
950,2,28.335,28.335,100.0,2
960,0,51.66499999999999,51.66499999999999,100.0,2
960,1,20.0,20.0,100.0,2
960,2,28.335,28.335,100.0,2
970,0,51.66499999999999,51.66499999999999,100.0,2
970,1,20.0,20.0,100.0,2
970,2,28.335,28.335,100.0,2
980,0,26.665,26.665,100.0,0
980,1,40.0,40.0,100.0,0
980,2,33.335,33.335,100.0,0
990,0,61.665000000000006,61.665000000000006,100.0,0
990,1,20.0,20.0,100.0,0
990,2,18.335,18.335,100.0,0
1000,0,61.665000000000006,61.665000000000006,100.0,0
1000,1,20.0,20.0,100.0,0
1000,2,18.335,18.335,100.0,0
1010,0,26.665,26.665,100.0,0
1010,1,40.0,40.0,100.0,0
1010,2,33.335,33.335,100.0,0
1020,0,61.665000000000006,61.665000000000006,100.0,0
1020,1,20.0,20.0,100.0,0
1020,2,18.335,18.335,100.0,0
1030,0,61.665000000000006,61.665000000000006,100.0,0
1030,1,20.0,20.0,100.0,0
1030,2,18.335,18.335,100.0,0
1040,0,26.665,26.665,100.0,0
1040,1,40.0,40.0,100.0,0
1040,2,33.335,33.335,100.0,0
1050,0,61.665000000000006,61.665000000000006,100.0,0
1050,1,20.0,20.0,100.0,0
1050,2,18.335,18.335,100.0,0
1060,0,41.665,41.665,100.0,0
1060,1,20.000000000000004,20.000000000000004,100.0,0
1060,2,38.335,38.335,100.0,0
1070,0,26.665,26.665,100.0,0
1070,1,40.0,40.0,100.0,0
1070,2,33.335,33.335,100.0,0
1080,0,61.665000000000006,61.665000000000006,100.0,0
1080,1,20.0,20.0,100.0,0
1080,2,18.335,18.335,100.0,0
1090,0,41.665,41.665,100.0,0
1090,1,20.000000000000004,20.000000000000004,100.0,0
1090,2,38.335,38.335,100.0,0
1100,0,26.665,26.665,100.0,0
1100,1,40.0,40.0,100.0,0
1100,2,33.335,33.335,100.0,0
1110,0,61.665000000000006,61.665000000000006,100.0,0
1110,1,20.0,20.0,100.0,0
1110,2,18.335,18.335,100.0,0
1120,0,41.665,41.665,100.0,0
1120,1,20.000000000000004,20.000000000000004,100.0,0
1120,2,38.335,38.335,100.0,0
1130,0,26.665,26.665,100.0,0
1130,1,40.0,40.0,100.0,0
1130,2,33.335,33.335,100.0,0
1140,0,61.665000000000006,61.665000000000006,100.0,0
1140,1,20.0,20.0,100.0,0
1140,2,18.335,18.335,100.0,0
1150,0,41.665,41.665,100.0,0
1150,1,20.000000000000004,20.000000000000004,100.0,0
1150,2,38.335,38.335,100.0,0
1160,0,61.665000000000006,61.665000000000006,100.0,0
1160,1,20.0,20.0,100.0,0
1160,2,18.335,18.335,100.0,0
1170,0,41.665,41.665,100.0,0
1170,1,20.000000000000004,20.000000000000004,100.0,0
1170,2,38.335,38.335,100.0,0
1180,0,41.665,41.665,100.0,0
1180,1,20.000000000000004,20.000000000000004,100.0,0
1180,2,38.335,38.335,100.0,0
1190,0,26.665,26.665,100.0,0
1190,1,40.0,40.0,100.0,0
1190,2,33.335,33.335,100.0,0
1200,0,61.665000000000006,61.665000000000006,100.0,0
1200,1,20.0,20.0,100.0,0
1200,2,18.335,18.335,100.0,0
1210,0,41.665,41.665,100.0,0
1210,1,20.000000000000004,20.000000000000004,100.0,0
1210,2,38.335,38.335,100.0,0
1220,0,26.665,26.665,100.0,0
1220,1,40.0,40.0,100.0,0
1220,2,33.335,33.335,100.0,0
1230,0,26.665,26.665,100.0,1
1230,1,40.0,40.0,100.0,1
1230,2,33.335,33.335,100.0,1
1240,0,26.665,26.665,100.0,1
1240,1,40.0,40.0,100.0,1
1240,2,33.335,33.335,100.0,1
1250,0,26.665,26.665,100.0,1
1250,1,40.0,40.0,100.0,1
1250,2,33.335,33.335,100.0,1
1260,0,26.665,26.665,100.0,1
1260,1,40.0,40.0,100.0,1
1260,2,33.335,33.335,100.0,1
1270,0,16.665,16.665,100.0,1
1270,1,55.00000000000001,55.00000000000001,100.0,1
1270,2,28.335,28.335,100.0,1
1280,0,16.665,16.665,100.0,1
1280,1,55.00000000000001,55.00000000000001,100.0,1
1280,2,28.335,28.335,100.0,1
1290,0,16.665,16.665,100.0,1
1290,1,55.00000000000001,55.00000000000001,100.0,1
1290,2,28.335,28.335,100.0,1
1300,0,16.665,16.665,100.0,1
1300,1,55.00000000000001,55.00000000000001,100.0,1
1300,2,28.335,28.335,100.0,1
1310,0,16.665000000000003,16.665000000000003,100.0,2
1310,1,35.0,35.0,100.0,2
1310,2,48.335,48.335,100.0,2
1320,0,16.665,16.665,100.0,1
1320,1,55.00000000000001,55.00000000000001,100.0,1
1320,2,28.335,28.335,100.0,1
1330,0,66.665,66.665,100.0,0
1330,1,20.000000000000004,20.000000000000004,100.0,0
1330,2,13.335000000000003,13.335000000000003,100.0,0
1340,0,16.665000000000003,16.665000000000003,100.0,2
1340,1,35.0,35.0,100.0,2
1340,2,48.335,48.335,100.0,2
1350,0,16.665000000000003,16.665000000000003,100.0,2
1350,1,35.0,35.0,100.0,2
1350,2,48.335,48.335,100.0,2
1360,0,61.665000000000006,61.665000000000006,100.0,0
1360,1,20.0,20.0,100.0,0
1360,2,18.335,18.335,100.0,0
1370,0,16.665,16.665,100.0,0
1370,1,60.00000000000001,60.00000000000001,100.0,0
1370,2,23.335,23.335,100.0,0
1380,0,16.665000000000003,16.665000000000003,100.0,2
1380,1,35.0,35.0,100.0,2
1380,2,48.335,48.335,100.0,2
1390,0,61.665000000000006,61.665000000000006,100.0,0
1390,1,20.0,20.0,100.0,0
1390,2,18.335,18.335,100.0,0
1400,0,16.665,16.665,100.0,0
1400,1,60.00000000000001,60.00000000000001,100.0,0
1400,2,23.335,23.335,100.0,0
1410,0,51.665000000000006,51.665000000000006,100.0,2
1410,1,30.000000000000004,30.000000000000004,100.0,2
1410,2,18.335,18.335,100.0,2
1420,0,36.665000000000006,36.665000000000006,100.0,2
1420,1,50.0,50.0,100.0,2
1420,2,13.334999999999999,13.334999999999999,100.0,2
1430,0,41.665,41.665,100.0,0
1430,1,45.00000000000001,45.00000000000001,100.0,0
1430,2,13.335000000000003,13.335000000000003,100.0,0
1440,0,41.665,41.665,100.0,0
1440,1,45.00000000000001,45.00000000000001,100.0,0
1440,2,13.335000000000003,13.335000000000003,100.0,0
1450,0,21.665,21.665,100.0,1
1450,1,60.00000000000001,60.00000000000001,100.0,1
1450,2,18.335,18.335,100.0,1
1460,0,21.665,21.665,100.0,1
1460,1,60.00000000000001,60.00000000000001,100.0,1
1460,2,18.335,18.335,100.0,1
1470,0,41.665,41.665,100.0,2
1470,1,40.0,40.0,100.0,2
1470,2,18.335,18.335,100.0,2
1480,0,21.665,21.665,100.0,1
1480,1,60.00000000000001,60.00000000000001,100.0,1
1480,2,18.335,18.335,100.0,1
1490,0,21.665,21.665,100.0,1
1490,1,60.00000000000001,60.00000000000001,100.0,1
1490,2,18.335,18.335,100.0,1
1500,0,21.665,21.665,100.0,1
1500,1,60.00000000000001,60.00000000000001,100.0,1
1500,2,18.335,18.335,100.0,1
