timestamp,ueImsi,sliceId,dTxBytes,dRxBytes,plr,resourceSharePct,dLostPackets,throughputMbps,bufferBytes
1510,1,0,18336,16808,8.33,35.31,1,13.4464,3284
1510,2,0,18336,13752,25.00,35.31,3,11.0016,527309
1510,3,0,18336,16808,8.33,35.31,1,13.4464,176975
1510,4,0,18336,9168,50.00,35.31,6,7.3344,1046360
1510,5,0,18336,0,100.00,35.31,12,0.0000,1679032
1510,6,1,390,0,100.00,24.46,5,0.0000,87
1510,7,1,390,390,0.00,24.46,0,0.3120,87
1510,8,1,390,0,100.00,24.46,5,0.0000,251
1510,9,1,390,0,100.00,24.46,5,0.0000,1381
1510,10,1,390,390,0.00,24.46,0,0.3120,87
1510,11,2,384,256,33.33,40.23,1,0.2048,89
1510,12,2,384,256,33.33,40.23,1,0.2048,137
1510,13,2,384,256,33.33,40.23,1,0.2048,137
1510,14,2,384,0,100.00,40.23,3,0.0000,533
1510,15,2,384,256,33.33,40.23,1,0.2048,137
1510,16,2,384,256,33.33,40.23,1,0.2048,137
1510,17,2,384,0,100.00,40.23,3,0.0000,137
1510,18,2,384,0,100.00,40.23,3,0.0000,137
1510,19,2,384,256,33.33,40.23,1,0.2048,137
1510,20,2,384,0,100.00,40.23,3,0.0000,137
