timestamp,sliceId,dedicatedPRB,minPRB,maxPRB
510,0,34.8745544784063,34.8745544784063,100.0
510,1,41.5522213172119,41.5522213172119,100.0
510,2,23.573224204381795,23.573224204381795,100.0
520,0,29.800022553326567,29.800022553326567,100.0
520,1,29.634440646347944,29.634440646347944,100.0
520,2,40.565536800325496,40.565536800325496,100.0
530,0,31.378578837087602,31.378578837087602,100.0
530,1,45.52011189284173,45.52011189284173,100.0
530,2,23.101309270070665,23.101309270070665,100.0
540,0,27.21715036981379,27.21715036981379,100.0
540,1,41.792851343140825,41.792851343140825,100.0
540,2,30.989998287045385,30.989998287045385,100.0
550,0,34.87311477226952,34.87311477226952,100.0
550,1,35.543782734853735,35.543782734853735,100.0
550,2,29.583102492876744,29.583102492876744,100.0
560,0,26.960274816766837,26.960274816766837,100.0
560,1,49.756710275459994,49.756710275459994,100.0
560,2,23.28301490777316,23.28301490777316,100.0
570,0,33.073497365283885,33.073497365283885,100.0
570,1,34.19886012339314,34.19886012339314,100.0
570,2,32.727642511322976,32.727642511322976,100.0
580,0,42.66542202846112,42.66542202846112,100.0
580,1,32.43777696645269,32.43777696645269,100.0
580,2,24.89680100508619,24.89680100508619,100.0
590,0,24.135587881789895,24.135587881789895,100.0
590,1,49.58258063174559,49.58258063174559,100.0
590,2,26.28183148646451,26.28183148646451,100.0
600,0,39.36567235297799,39.36567235297799,100.0
600,1,40.57510290400692,40.57510290400692,100.0
600,2,20.059224743015086,20.059224743015086,100.0
610,0,23.490619145971763,23.490619145971763,100.0
610,1,41.242417166758564,41.242417166758564,100.0
610,2,35.26696368726967,35.26696368726967,100.0
620,0,41.65290252543441,41.65290252543441,100.0
620,1,38.35889944335232,38.35889944335232,100.0
620,2,19.988198031213255,19.988198031213255,100.0
630,0,28.60477719797257,28.60477719797257,100.0
630,1,47.23296539517801,47.23296539517801,100.0
630,2,24.16225740684942,24.16225740684942,100.0
640,0,34.82513211945043,34.82513211945043,100.0
640,1,27.933526640642604,27.933526640642604,100.0
640,2,37.241341239906966,37.241341239906966,100.0
