timestamp,sliceId,dedicatedPRB,minPRB,maxPRB
600,0,49.9986765148348,49.9986765148348,100.0
600,1,27.441776300679656,27.441776300679656,100.0
600,2,22.559547184485556,22.559547184485556,100.0
700,0,34.12498322706226,34.12498322706226,100.0
700,1,34.25389285022522,34.25389285022522,100.0
700,2,31.621123922712517,31.621123922712517,100.0
800,0,29.066695525726217,29.066695525726217,100.0
800,1,45.06665706197433,45.06665706197433,100.0
800,2,25.86664741229945,25.86664741229945,100.0
900,0,23.62277009701329,23.62277009701329,100.0
900,1,35.09933933901722,35.09933933901722,100.0
900,2,41.277890563969486,41.277890563969486,100.0
1000,0,29.576806690367775,29.576806690367775,100.0
1000,1,34.17976415293146,34.17976415293146,100.0
1000,2,36.243429156700756,36.243429156700756,100.0
1100,0,23.037767031543392,23.037767031543392,100.0
1100,1,46.22620075063033,46.22620075063033,100.0
1100,2,30.73603221782627,30.73603221782627,100.0
1200,0,21.809182283442887,21.809182283442887,100.0
1200,1,40.938481524090015,40.938481524090015,100.0
1200,2,37.2523361924671,37.2523361924671,100.0
1300,0,32.879832476628145,32.879832476628145,100.0
1300,1,34.622934750625944,34.622934750625944,100.0
1300,2,32.49723277274592,32.49723277274592,100.0
1400,0,23.8266281211573,23.8266281211573,100.0
1400,1,28.67817903582533,28.67817903582533,100.0
1400,2,47.49519284301737,47.49519284301737,100.0
1500,0,30.689301720177586,30.689301720177586,100.0
1500,1,43.06221822162196,43.06221822162196,100.0
1500,2,26.248480058200453,26.248480058200453,100.0
1600,0,24.35842931182599,24.35842931182599,100.0
1600,1,39.29867358867135,39.29867358867135,100.0
1600,2,36.34289709950266,36.34289709950266,100.0
1700,0,31.814854581677476,31.814854581677476,100.0
1700,1,36.59829700006715,36.59829700006715,100.0
1700,2,31.586848418255375,31.586848418255375,100.0
1800,0,34.3540804352571,34.3540804352571,100.0
1800,1,25.769641556413212,25.769641556413212,100.0
1800,2,39.87627800832968,39.87627800832968,100.0
1900,0,38.44613953920282,38.44613953920282,100.0
1900,1,28.730594478109044,28.730594478109044,100.0
1900,2,32.82326598268815,32.82326598268815,100.0
2000,0,28.345069977670178,28.345069977670178,100.0
2000,1,42.10890574508902,42.10890574508902,100.0
2000,2,29.546024277240807,29.546024277240807,100.0
2100,0,25.266077203451875,25.266077203451875,100.0
2100,1,42.349036031156594,42.349036031156594,100.0
2100,2,32.38488676539153,32.38488676539153,100.0
2200,0,35.55441487706207,35.55441487706207,100.0
2200,1,27.157104252494403,27.157104252494403,100.0
2200,2,37.28848087044353,37.28848087044353,100.0
2300,0,22.751580775843966,22.751580775843966,100.0
2300,1,41.909778422720514,41.909778422720514,100.0
2300,2,35.33864080143552,35.33864080143552,100.0
2400,0,23.001165825524392,23.001165825524392,100.0
2400,1,32.212593369996945,32.212593369996945,100.0
2400,2,44.786240804478666,44.786240804478666,100.0
2500,0,24.658870274426775,24.658870274426775,100.0
2500,1,37.57154786468134,37.57154786468134,100.0
2500,2,37.76958186089188,37.76958186089188,100.0
2600,0,33.38106754299738,33.38106754299738,100.0
2600,1,34.25667795051876,34.25667795051876,100.0
2600,2,32.362254506483865,32.362254506483865,100.0
2700,0,40.65028727027872,40.65028727027872,100.0
2700,1,33.01595090489803,33.01595090489803,100.0
2700,2,26.33376182482326,26.33376182482326,100.0
2800,0,28.69110468209053,28.69110468209053,100.0
2800,1,33.03728488348198,33.03728488348198,100.0
2800,2,38.271610434427494,38.271610434427494,100.0
2900,0,39.89962279582456,39.89962279582456,100.0
2900,1,35.858178471328166,35.858178471328166,100.0
2900,2,24.242198732847275,24.242198732847275,100.0
3000,0,37.28677351468966,37.28677351468966,100.0
3000,1,36.419388802170516,36.419388802170516,100.0
3000,2,26.29383768313982,26.29383768313982,100.0
3100,0,30.514802545900466,30.514802545900466,100.0
3100,1,40.32372426792472,40.32372426792472,100.0
3100,2,29.16147318617482,29.16147318617482,100.0
3200,0,31.614337583059744,31.614337583059744,100.0
3200,1,47.70526324250984,47.70526324250984,100.0
3200,2,20.680399174430423,20.680399174430423,100.0
3300,0,22.49339181565056,22.49339181565056,100.0
3300,1,29.004182788249523,29.004182788249523,100.0
3300,2,48.502425396099916,48.502425396099916,100.0
3400,0,36.22919698376323,36.22919698376323,100.0
3400,1,42.12984008447604,42.12984008447604,100.0
3400,2,21.640962931760736,21.640962931760736,100.0
3500,0,28.57846258963404,28.57846258963404,100.0
3500,1,35.93003262514685,35.93003262514685,100.0
3500,2,35.49150478521911,35.49150478521911,100.0
3600,0,37.32006746109064,37.32006746109064,100.0
3600,1,34.46693506173786,34.46693506173786,100.0
3600,2,28.212997477171502,28.212997477171502,100.0
3700,0,43.05702265002353,43.05702265002353,100.0
3700,1,33.842484111827154,33.842484111827154,100.0
3700,2,23.100493238149326,23.100493238149326,100.0
3800,0,36.70432290189655,36.70432290189655,100.0
3800,1,35.16560345995231,35.16560345995231,100.0
3800,2,28.13007363815115,28.13007363815115,100.0
3900,0,31.498507641780265,31.498507641780265,100.0
3900,1,45.59128400460647,45.59128400460647,100.0
3900,2,22.910208353613264,22.910208353613264,100.0
4000,0,47.444116709747995,47.444116709747995,100.0
4000,1,29.43784061097603,29.43784061097603,100.0
4000,2,23.11804267927597,23.11804267927597,100.0
4100,0,24.462325245231597,24.462325245231597,100.0
4100,1,52.07355795863988,52.07355795863988,100.0
4100,2,23.46411679612852,23.46411679612852,100.0
4200,0,30.01471395582521,30.01471395582521,100.0
4200,1,28.382568867386638,28.382568867386638,100.0
4200,2,41.602717176788154,41.602717176788154,100.0
4300,0,33.551448368752524,33.551448368752524,100.0
4300,1,45.39443077757201,45.39443077757201,100.0
4300,2,21.054120853675464,21.054120853675464,100.0
4400,0,24.595597641371842,24.595597641371842,100.0
4400,1,43.15860052819,43.15860052819,100.0
4400,2,32.24580183043816,32.24580183043816,100.0
4500,0,33.4387597332456,33.4387597332456,100.0
4500,1,36.49992638434677,36.49992638434677,100.0
4500,2,30.061313882407642,30.061313882407642,100.0
4600,0,37.07232864232089,37.07232864232089,100.0
4600,1,34.322927131025594,34.322927131025594,100.0
4600,2,28.604744226653512,28.604744226653512,100.0
4700,0,30.900873518293796,30.900873518293796,100.0
4700,1,51.023607647265315,51.023607647265315,100.0
4700,2,18.0755188344409,18.0755188344409,100.0
4800,0,40.17113705882328,40.17113705882328,100.0
4800,1,31.329353460761123,31.329353460761123,100.0
4800,2,28.499509480415604,28.499509480415604,100.0
4900,0,37.26595490148146,37.26595490148146,100.0
4900,1,37.77541497061655,37.77541497061655,100.0
4900,2,24.958630127901994,24.958630127901994,100.0
5000,0,25.04746700186404,25.04746700186404,100.0
5000,1,51.99425531328189,51.99425531328189,100.0
5000,2,22.958277684854085,22.958277684854085,100.0
5100,0,30.44607853978437,30.44607853978437,100.0
5100,1,38.51166714926105,38.51166714926105,100.0
5100,2,31.042254310954576,31.042254310954576,100.0
5200,0,39.93097848074996,39.93097848074996,100.0
5200,1,42.40255305196378,42.40255305196378,100.0
5200,2,17.66646846728626,17.66646846728626,100.0
5300,0,23.038586211748914,23.038586211748914,100.0
5300,1,39.41431562740836,39.41431562740836,100.0
5300,2,37.54709816084274,37.54709816084274,100.0
5400,0,47.35468729996838,47.35468729996838,100.0
5400,1,33.20581081248838,33.20581081248838,100.0
5400,2,19.439501887543244,19.439501887543244,100.0
5500,0,35.5390217384079,35.5390217384079,100.0
5500,1,40.692932649862584,40.692932649862584,100.0
5500,2,23.76804561172952,23.76804561172952,100.0
5600,0,31.515910697908218,31.515910697908218,100.0
5600,1,32.31920497602454,32.31920497602454,100.0
5600,2,36.16488432606725,36.16488432606725,100.0
5700,0,39.5147712193768,39.5147712193768,100.0
5700,1,37.709299762360885,37.709299762360885,100.0
5700,2,22.77592901826232,22.77592901826232,100.0
5800,0,51.104546844966016,51.104546844966016,100.0
5800,1,27.94126120664079,27.94126120664079,100.0
5800,2,20.95419194839319,20.95419194839319,100.0
5900,0,31.815859192095775,31.815859192095775,100.0
5900,1,46.72435057080801,46.72435057080801,100.0
5900,2,21.459790237096225,21.459790237096225,100.0
6000,0,28.929508761651135,28.929508761651135,100.0
6000,1,32.16517900659883,32.16517900659883,100.0
6000,2,38.905312231750045,38.905312231750045,100.0
6100,0,46.98479416954977,46.98479416954977,100.0
6100,1,30.670285967191646,30.670285967191646,100.0
6100,2,22.344919863258582,22.344919863258582,100.0
6200,0,38.20146241868193,38.20146241868193,100.0
6200,1,27.880819796611334,27.880819796611334,100.0
6200,2,33.91771778470674,33.91771778470674,100.0
6300,0,29.064064066002825,29.064064066002825,100.0
6300,1,35.96959240657561,35.96959240657561,100.0
6300,2,34.966343527421564,34.966343527421564,100.0
6400,0,23.81775036803142,23.81775036803142,100.0
6400,1,32.247224364730975,32.247224364730975,100.0
6400,2,43.93502526723761,43.93502526723761,100.0
6500,0,37.14041190314489,37.14041190314489,100.0
6500,1,32.91950894969135,32.91950894969135,100.0
6500,2,29.940079147163768,29.940079147163768,100.0
6600,0,42.64908585069085,42.64908585069085,100.0
6600,1,30.907270531834712,30.907270531834712,100.0
6600,2,26.44364361747444,26.44364361747444,100.0
6700,0,35.65798336431908,35.65798336431908,100.0
6700,1,32.7057833841179,32.7057833841179,100.0
6700,2,31.636233251563027,31.636233251563027,100.0
6800,0,46.96472761397078,46.96472761397078,100.0
6800,1,28.64441555937111,28.64441555937111,100.0
6800,2,24.390856826658116,24.390856826658116,100.0
6900,0,22.726202985328243,22.726202985328243,100.0
6900,1,27.90852656236009,27.90852656236009,100.0
6900,2,49.36527045231166,49.36527045231166,100.0
7000,0,29.86260385319102,29.86260385319102,100.0
7000,1,37.180698332600194,37.180698332600194,100.0
7000,2,32.95669781420879,32.95669781420879,100.0
7100,0,42.562700102807064,42.562700102807064,100.0
7100,1,31.66424104319523,31.66424104319523,100.0
7100,2,25.77305885399771,25.77305885399771,100.0
7200,0,36.36642909332879,36.36642909332879,100.0
7200,1,37.78414543903865,37.78414543903865,100.0
7200,2,25.849425467632557,25.849425467632557,100.0
7300,0,29.366900047234534,29.366900047234534,100.0
7300,1,49.45204089364897,49.45204089364897,100.0
7300,2,21.181059059116503,21.181059059116503,100.0
7400,0,37.99152188724486,37.99152188724486,100.0
7400,1,35.99861170538668,35.99861170538668,100.0
7400,2,26.009866407368463,26.009866407368463,100.0
7500,0,28.854253900984638,28.854253900984638,100.0
7500,1,49.232779360701095,49.232779360701095,100.0
7500,2,21.912966738314267,21.912966738314267,100.0
7600,0,21.40164072534408,21.40164072534408,100.0
7600,1,41.74333074719325,41.74333074719325,100.0
7600,2,36.85502852746267,36.85502852746267,100.0
7700,0,23.05172515797193,23.05172515797193,100.0
7700,1,45.22076555118615,45.22076555118615,100.0
7700,2,31.727509290841926,31.727509290841926,100.0
7800,0,36.47434718642856,36.47434718642856,100.0
7800,1,41.663451505830636,41.663451505830636,100.0
7800,2,21.862201307740797,21.862201307740797,100.0
7900,0,35.004534769628805,35.004534769628805,100.0
7900,1,32.41834020015597,32.41834020015597,100.0
7900,2,32.577125030215235,32.577125030215235,100.0
8000,0,48.89295423568457,48.89295423568457,100.0
8000,1,32.70751968636038,32.70751968636038,100.0
8000,2,18.39952607795505,18.39952607795505,100.0
8100,0,27.862552790476215,27.862552790476215,100.0
8100,1,30.63879847877853,30.63879847877853,100.0
8100,2,41.498648730745266,41.498648730745266,100.0
8200,0,23.848757060853824,23.848757060853824,100.0
8200,1,38.02155301378379,38.02155301378379,100.0
8200,2,38.12968992536239,38.12968992536239,100.0
8300,0,38.87179650908705,38.87179650908705,100.0
8300,1,33.426626223023234,33.426626223023234,100.0
8300,2,27.701577267889714,27.701577267889714,100.0
8400,0,31.42906933576468,31.42906933576468,100.0
8400,1,46.02600339658211,46.02600339658211,100.0
8400,2,22.544927267653208,22.544927267653208,100.0
8500,0,35.03149343965592,35.03149343965592,100.0
8500,1,44.83147935974852,44.83147935974852,100.0
8500,2,20.13702720059556,20.13702720059556,100.0
8600,0,31.998094811804922,31.998094811804922,100.0
8600,1,36.427476027639905,36.427476027639905,100.0
8600,2,31.574429160555173,31.574429160555173,100.0
8700,0,42.37314192545,42.37314192545,100.0
8700,1,27.041437952428364,27.041437952428364,100.0
8700,2,30.585420122121636,30.585420122121636,100.0
8800,0,37.286038868361935,37.286038868361935,100.0
8800,1,32.60956581629101,32.60956581629101,100.0
8800,2,30.10439531534705,30.10439531534705,100.0
8900,0,27.54737078425179,27.54737078425179,100.0
8900,1,40.72217256745198,40.72217256745198,100.0
8900,2,31.730456648296233,31.730456648296233,100.0
9000,0,42.7090713496331,42.7090713496331,100.0
9000,1,35.87722458362868,35.87722458362868,100.0
9000,2,21.41370406673822,21.41370406673822,100.0
9100,0,28.478484565383727,28.478484565383727,100.0
9100,1,44.83749211583206,44.83749211583206,100.0
9100,2,26.684023318784217,26.684023318784217,100.0
9200,0,32.030184395286994,32.030184395286994,100.0
9200,1,36.51479045016214,36.51479045016214,100.0
9200,2,31.455025154550864,31.455025154550864,100.0
9300,0,39.61915293119299,39.61915293119299,100.0
9300,1,26.88425782275913,26.88425782275913,100.0
9300,2,33.49658924604788,33.49658924604788,100.0
9400,0,42.031513524190345,42.031513524190345,100.0
9400,1,38.508107234587484,38.508107234587484,100.0
9400,2,19.46037924122217,19.46037924122217,100.0
9500,0,30.28500632193738,30.28500632193738,100.0
9500,1,46.52923050802917,46.52923050802917,100.0
9500,2,23.185763170033454,23.185763170033454,100.0
9600,0,29.44431128197837,29.44431128197837,100.0
9600,1,47.03366727686637,47.03366727686637,100.0
9600,2,23.522021441155267,23.522021441155267,100.0
9700,0,24.91110048998316,24.91110048998316,100.0
9700,1,32.93327631671721,32.93327631671721,100.0
9700,2,42.15562319329963,42.15562319329963,100.0
9800,0,32.790248878953285,32.790248878953285,100.0
9800,1,41.93105649336118,41.93105649336118,100.0
9800,2,25.27869462768553,25.27869462768553,100.0
9900,0,34.21955534314608,34.21955534314608,100.0
9900,1,32.13162506391999,32.13162506391999,100.0
9900,2,33.648819592933926,33.648819592933926,100.0
