timestamp,sliceId,dedicatedPRB,minPRB,maxPRB
510,0,33.62095326666663,33.62095326666663,100.0
510,1,42.15787568539974,42.15787568539974,100.0
510,2,24.221171047933627,24.221171047933627,100.0
520,0,21.691835405712084,21.691835405712084,100.0
520,1,32.64696533698463,32.64696533698463,100.0
520,2,45.66119925730329,45.66119925730329,100.0
530,0,38.14113509611248,38.14113509611248,100.0
530,1,41.98263264119325,41.98263264119325,100.0
530,2,19.876232262694277,19.876232262694277,100.0
540,0,37.24464694551954,37.24464694551954,100.0
540,1,40.54785487317297,40.54785487317297,100.0
540,2,22.207498181307482,22.207498181307482,100.0
550,0,24.36165929885954,24.36165929885954,100.0
550,1,54.52833477824921,54.52833477824921,100.0
550,2,21.110005922891254,21.110005922891254,100.0
560,0,38.181173999322155,38.181173999322155,100.0
560,1,31.301037192246834,31.301037192246834,100.0
560,2,30.517788808431014,30.517788808431014,100.0
570,0,39.29604955898517,39.29604955898517,100.0
570,1,26.193236494224152,26.193236494224152,100.0
570,2,34.51071394679068,34.51071394679068,100.0
580,0,48.54384827810912,48.54384827810912,100.0
580,1,26.10075870965644,26.10075870965644,100.0
580,2,25.35539301223445,25.35539301223445,100.0
590,0,44.07509134293526,44.07509134293526,100.0
590,1,26.72867519613293,26.72867519613293,100.0
590,2,29.19623346093182,29.19623346093182,100.0
600,0,50.96673741064054,50.96673741064054,100.0
600,1,28.347881442338107,28.347881442338107,100.0
600,2,20.685381147021353,20.685381147021353,100.0
610,0,22.947615089079555,22.947615089079555,100.0
610,1,38.17274094263343,38.17274094263343,100.0
610,2,38.87964396828701,38.87964396828701,100.0
620,0,21.69451586711382,21.69451586711382,100.0
620,1,38.78638915841634,38.78638915841634,100.0
620,2,39.51909497446984,39.51909497446984,100.0
630,0,32.147258782106,32.147258782106,100.0
630,1,26.715678637294072,26.715678637294072,100.0
630,2,41.137062580599924,41.137062580599924,100.0
640,0,36.15943046226839,36.15943046226839,100.0
640,1,45.20182632716387,45.20182632716387,100.0
640,2,18.638743210567746,18.638743210567746,100.0
650,0,42.982361678087855,42.982361678087855,100.0
650,1,26.528665266619722,26.528665266619722,100.0
650,2,30.48897305529242,30.48897305529242,100.0
660,0,28.019206035525123,28.019206035525123,100.0
660,1,35.2455549150959,35.2455549150959,100.0
660,2,36.73523904937898,36.73523904937898,100.0
670,0,35.20258839800451,35.20258839800451,100.0
670,1,25.21626005545668,25.21626005545668,100.0
670,2,39.581151546538806,39.581151546538806,100.0
680,0,33.85731541589953,33.85731541589953,100.0
680,1,35.31680895759644,35.31680895759644,100.0
680,2,30.82587562650403,30.82587562650403,100.0
690,0,32.154500246930546,32.154500246930546,100.0
690,1,41.80403696971043,41.80403696971043,100.0
690,2,26.041462783359027,26.041462783359027,100.0
700,0,38.23410107588601,38.23410107588601,100.0
700,1,42.20054968108197,42.20054968108197,100.0
700,2,19.565349243032028,19.565349243032028,100.0
710,0,34.519761318411256,34.519761318411256,100.0
710,1,31.808337805007948,31.808337805007948,100.0
710,2,33.67190087658079,33.67190087658079,100.0
720,0,28.701248991798444,28.701248991798444,100.0
720,1,29.225527789129114,29.225527789129114,100.0
720,2,42.07322321907244,42.07322321907244,100.0
730,0,27.64056608423922,27.64056608423922,100.0
730,1,31.107826883761476,31.107826883761476,100.0
730,2,41.251607031999306,41.251607031999306,100.0
740,0,28.70472414711866,28.70472414711866,100.0
740,1,44.47731570794578,44.47731570794578,100.0
740,2,26.817960144935572,26.817960144935572,100.0
750,0,44.06789805458122,44.06789805458122,100.0
750,1,31.899791786528308,31.899791786528308,100.0
750,2,24.03231015889047,24.03231015889047,100.0
760,0,38.18745057161622,38.18745057161622,100.0
760,1,25.267612075343127,25.267612075343127,100.0
760,2,36.544937353040666,36.544937353040666,100.0
770,0,39.753805808561516,39.753805808561516,100.0
770,1,28.711518461065722,28.711518461065722,100.0
770,2,31.53467573037277,31.53467573037277,100.0
780,0,30.318835537598275,30.318835537598275,100.0
780,1,32.12919227645801,32.12919227645801,100.0
780,2,37.55197218594372,37.55197218594372,100.0
790,0,30.749363724848283,30.749363724848283,100.0
790,1,34.67751639750287,34.67751639750287,100.0
790,2,34.57311987764886,34.57311987764886,100.0
800,0,36.838604716774846,36.838604716774846,100.0
800,1,39.24362795676749,39.24362795676749,100.0
800,2,23.91776732645766,23.91776732645766,100.0
810,0,35.395150631546656,35.395150631546656,100.0
810,1,28.112690583904154,28.112690583904154,100.0
810,2,36.49215878454919,36.49215878454919,100.0
820,0,32.072873126089455,32.072873126089455,100.0
820,1,40.15965179347004,40.15965179347004,100.0
820,2,27.767475080440505,27.767475080440505,100.0
830,0,27.092511289678622,27.092511289678622,100.0
830,1,35.58303896775904,35.58303896775904,100.0
830,2,37.324449742562344,37.324449742562344,100.0
840,0,32.18774256737361,32.18774256737361,100.0
840,1,40.030704687930616,40.030704687930616,100.0
840,2,27.781552744695766,27.781552744695766,100.0
850,0,35.666098191403606,35.666098191403606,100.0
850,1,37.48441499098158,37.48441499098158,100.0
850,2,26.84948681761482,26.84948681761482,100.0
860,0,24.064092495482125,24.064092495482125,100.0
860,1,28.156788526949473,28.156788526949473,100.0
860,2,47.7791189775684,47.7791189775684,100.0
870,0,30.940120750707024,30.940120750707024,100.0
870,1,36.81555561166275,36.81555561166275,100.0
870,2,32.244323637630224,32.244323637630224,100.0
880,0,28.897064069085616,28.897064069085616,100.0
880,1,37.130729337979,37.130729337979,100.0
880,2,33.972206592935386,33.972206592935386,100.0
890,0,33.29020371434724,33.29020371434724,100.0
890,1,39.64767353846268,39.64767353846268,100.0
890,2,27.062122747190077,27.062122747190077,100.0
900,0,31.84563796652704,31.84563796652704,100.0
900,1,35.852944912570564,35.852944912570564,100.0
900,2,32.30141712090239,32.30141712090239,100.0
910,0,29.03868672245153,29.03868672245153,100.0
910,1,42.08536249935102,42.08536249935102,100.0
910,2,28.875950778197456,28.875950778197456,100.0
920,0,33.19149156408375,33.19149156408375,100.0
920,1,36.40660006649535,36.40660006649535,100.0
920,2,30.40190836942091,30.40190836942091,100.0
930,0,26.67204696912243,26.67204696912243,100.0
930,1,48.24772487838776,48.24772487838776,100.0
930,2,25.08022815248981,25.08022815248981,100.0
940,0,39.23342531395046,39.23342531395046,100.0
940,1,34.36754975088919,34.36754975088919,100.0
940,2,26.39902493516034,26.39902493516034,100.0
950,0,28.415174685540055,28.415174685540055,100.0
950,1,50.22413291645569,50.22413291645569,100.0
950,2,21.36069239800426,21.36069239800426,100.0
960,0,34.24724546630749,34.24724546630749,100.0
960,1,45.85927766397081,45.85927766397081,100.0
960,2,19.893476869721706,19.893476869721706,100.0
970,0,24.34107150890005,24.34107150890005,100.0
970,1,54.161253721326005,54.161253721326005,100.0
970,2,21.49767476977394,21.49767476977394,100.0
980,0,42.215193215797875,42.215193215797875,100.0
980,1,30.30074855188624,30.30074855188624,100.0
980,2,27.484058232315878,27.484058232315878,100.0
990,0,38.36153454397838,38.36153454397838,100.0
990,1,35.02568759024655,35.02568759024655,100.0
990,2,26.612777865775083,26.612777865775083,100.0
1000,0,35.95055873747457,35.95055873747457,100.0
1000,1,33.48041606270308,33.48041606270308,100.0
1000,2,30.56902519982234,30.56902519982234,100.0
1010,0,39.26735943827513,39.26735943827513,100.0
1010,1,37.48912361448532,37.48912361448532,100.0
1010,2,23.243516947239556,23.243516947239556,100.0
1020,0,27.090834245742386,27.090834245742386,100.0
1020,1,51.98013249167687,51.98013249167687,100.0
1020,2,20.929033262580752,20.929033262580752,100.0
1030,0,36.847374780477736,36.847374780477736,100.0
1030,1,42.45007828025976,42.45007828025976,100.0
1030,2,20.7025469392625,20.7025469392625,100.0
1040,0,26.956860653255333,26.956860653255333,100.0
1040,1,35.82735935510303,35.82735935510303,100.0
1040,2,37.21577999164163,37.21577999164163,100.0
1050,0,29.92134925420869,29.92134925420869,100.0
1050,1,46.174723870860475,46.174723870860475,100.0
1050,2,23.903926874930832,23.903926874930832,100.0
1060,0,23.87946560624149,23.87946560624149,100.0
1060,1,45.41957191097418,45.41957191097418,100.0
1060,2,30.700962482784327,30.700962482784327,100.0
1070,0,32.87018329128465,32.87018329128465,100.0
1070,1,31.03331224260866,31.03331224260866,100.0
1070,2,36.096504466106694,36.096504466106694,100.0
1080,0,33.972982957129126,33.972982957129126,100.0
1080,1,43.67916427426649,43.67916427426649,100.0
1080,2,22.347852768604376,22.347852768604376,100.0
1090,0,25.271447892185705,25.271447892185705,100.0
1090,1,54.41842911107516,54.41842911107516,100.0
1090,2,20.310122996739146,20.310122996739146,100.0
1100,0,32.231134445544825,32.231134445544825,100.0
1100,1,31.128629280871046,31.128629280871046,100.0
1100,2,36.64023627358414,36.64023627358414,100.0
1110,0,23.570663477683638,23.570663477683638,100.0
1110,1,37.50218956876635,37.50218956876635,100.0
1110,2,38.92714695355002,38.92714695355002,100.0
1120,0,29.848484206239707,29.848484206239707,100.0
1120,1,35.275926325971106,35.275926325971106,100.0
1120,2,34.87558946778918,34.87558946778918,100.0
1130,0,29.108449403635333,29.108449403635333,100.0
1130,1,44.06681036117955,44.06681036117955,100.0
1130,2,26.824740235185125,26.824740235185125,100.0
1140,0,30.142748218238353,30.142748218238353,100.0
1140,1,39.6010531853254,39.6010531853254,100.0
1140,2,30.256198596436256,30.256198596436256,100.0
1150,0,36.99642355311268,36.99642355311268,100.0
1150,1,32.639961582739176,32.639961582739176,100.0
1150,2,30.363614864148147,30.363614864148147,100.0
1160,0,30.836583900500823,30.836583900500823,100.0
1160,1,48.26107245102783,48.26107245102783,100.0
1160,2,20.902343648471348,20.902343648471348,100.0
1170,0,25.32166326257049,25.32166326257049,100.0
1170,1,40.2237960691323,40.2237960691323,100.0
1170,2,34.45454066829722,34.45454066829722,100.0
1180,0,29.61693977860544,29.61693977860544,100.0
1180,1,42.67158746284211,42.67158746284211,100.0
1180,2,27.711472758552453,27.711472758552453,100.0
1190,0,33.96098084676154,33.96098084676154,100.0
1190,1,47.640458010021014,47.640458010021014,100.0
1190,2,18.398561143217457,18.398561143217457,100.0
1200,0,22.425578611549394,22.425578611549394,100.0
1200,1,47.86540096772932,47.86540096772932,100.0
1200,2,29.709020420721295,29.709020420721295,100.0
1210,0,33.10047514921457,33.10047514921457,100.0
1210,1,27.8869917470714,27.8869917470714,100.0
1210,2,39.012533103714034,39.012533103714034,100.0
1220,0,44.29210039058916,44.29210039058916,100.0
1220,1,30.83957536813773,30.83957536813773,100.0
1220,2,24.868324241273115,24.868324241273115,100.0
1230,0,38.6388091617637,38.6388091617637,100.0
1230,1,25.542872024947105,25.542872024947105,100.0
1230,2,35.81831881328919,35.81831881328919,100.0
1240,0,30.020714534814413,30.020714534814413,100.0
1240,1,29.278137685313787,29.278137685313787,100.0
1240,2,40.701147779871796,40.701147779871796,100.0
1250,0,29.77170470086639,29.77170470086639,100.0
1250,1,29.594965384553383,29.594965384553383,100.0
1250,2,40.63332991458023,40.63332991458023,100.0
1260,0,31.079620963976566,31.079620963976566,100.0
1260,1,47.030926614726134,47.030926614726134,100.0
1260,2,21.88945242129731,21.88945242129731,100.0
1270,0,27.402105190229136,27.402105190229136,100.0
1270,1,50.66559224070425,50.66559224070425,100.0
1270,2,21.93230256906662,21.93230256906662,100.0
1280,0,24.23628251571307,24.23628251571307,100.0
1280,1,39.55805769493363,39.55805769493363,100.0
1280,2,36.205659789353305,36.205659789353305,100.0
1290,0,25.06662702416448,25.06662702416448,100.0
1290,1,36.71239867727181,36.71239867727181,100.0
1290,2,38.22097429856372,38.22097429856372,100.0
1300,0,30.576557700047324,30.576557700047324,100.0
1300,1,38.91576716005302,38.91576716005302,100.0
1300,2,30.507675139899646,30.507675139899646,100.0
1310,0,34.30262705844122,34.30262705844122,100.0
1310,1,28.61620960780532,28.61620960780532,100.0
1310,2,37.081163333753466,37.081163333753466,100.0
1320,0,40.042521670591555,40.042521670591555,100.0
1320,1,37.42285181646751,37.42285181646751,100.0
1320,2,22.53462651294093,22.53462651294093,100.0
1330,0,31.362664604726366,31.362664604726366,100.0
1330,1,27.603209073840567,27.603209073840567,100.0
1330,2,41.03412632143307,41.03412632143307,100.0
1340,0,28.06662911390597,28.06662911390597,100.0
1340,1,47.85743529365575,47.85743529365575,100.0
1340,2,24.075935592438285,24.075935592438285,100.0
1350,0,34.09852713850516,34.09852713850516,100.0
1350,1,40.29856421630213,40.29856421630213,100.0
1350,2,25.602908645192713,25.602908645192713,100.0
1360,0,34.077843972755595,34.077843972755595,100.0
1360,1,41.965149528755866,41.965149528755866,100.0
1360,2,23.95700649848854,23.95700649848854,100.0
1370,0,28.218242623387134,28.218242623387134,100.0
1370,1,32.451058962902366,32.451058962902366,100.0
1370,2,39.33069841371049,39.33069841371049,100.0
1380,0,22.521409334426597,22.521409334426597,100.0
1380,1,38.556652989737785,38.556652989737785,100.0
1380,2,38.921937675835615,38.921937675835615,100.0
1390,0,25.71098894918027,25.71098894918027,100.0
1390,1,31.21493580904359,31.21493580904359,100.0
1390,2,43.074075241776136,43.074075241776136,100.0
1400,0,22.717466474273895,22.717466474273895,100.0
1400,1,43.58392990670066,43.58392990670066,100.0
1400,2,33.698603619025455,33.698603619025455,100.0
1410,0,30.402931568065583,30.402931568065583,100.0
1410,1,35.55681714546811,35.55681714546811,100.0
1410,2,34.040251286466315,34.040251286466315,100.0
1420,0,22.48819040060533,22.48819040060533,100.0
1420,1,31.92458579687188,31.92458579687188,100.0
1420,2,45.5872238025228,45.5872238025228,100.0
1430,0,35.26938365376425,35.26938365376425,100.0
1430,1,30.891101117782053,30.891101117782053,100.0
1430,2,33.8395152284537,33.8395152284537,100.0
1440,0,25.219915124406633,25.219915124406633,100.0
1440,1,47.35672157663717,47.35672157663717,100.0
1440,2,27.4233632989562,27.4233632989562,100.0
1450,0,34.93460536111731,34.93460536111731,100.0
1450,1,34.91797533693407,34.91797533693407,100.0
1450,2,30.14741930194863,30.14741930194863,100.0
1460,0,25.51090954263141,25.51090954263141,100.0
1460,1,41.756150056596816,41.756150056596816,100.0
1460,2,32.73294040077177,32.73294040077177,100.0
1470,0,28.658783149631915,28.658783149631915,100.0
1470,1,40.80644381503744,40.80644381503744,100.0
1470,2,30.534773035330648,30.534773035330648,100.0
1480,0,30.659295653122815,30.659295653122815,100.0
1480,1,37.552130169557174,37.552130169557174,100.0
1480,2,31.788574177320015,31.788574177320015,100.0
1490,0,21.889313379245127,21.889313379245127,100.0
1490,1,44.113026622669494,44.113026622669494,100.0
1490,2,33.99765999808538,33.99765999808538,100.0
1500,0,33.92719172880027,33.92719172880027,100.0
1500,1,34.9600916645313,34.9600916645313,100.0
1500,2,31.112716606668435,31.112716606668435,100.0
