timestamp,sliceId,dedicatedPRB,minPRB,maxPRB
600,0,24.153982551004162,24.153982551004162,100.0
600,1,30.932443222175543,30.932443222175543,100.0
600,2,44.91357422682029,44.91357422682029,100.0
700,0,41.86911022051883,41.86911022051883,100.0
700,1,31.62281378676552,31.62281378676552,100.0
700,2,26.508075992715654,26.508075992715654,100.0
800,0,23.052469013641655,23.052469013641655,100.0
800,1,52.9257862204774,52.9257862204774,100.0
800,2,24.021744765880953,24.021744765880953,100.0
900,0,39.43455003846886,39.43455003846886,100.0
900,1,28.523014061245423,28.523014061245423,100.0
900,2,32.042435900285724,32.042435900285724,100.0
1000,0,40.02917783194819,40.02917783194819,100.0
1000,1,34.745509001255655,34.745509001255655,100.0
1000,2,25.22531316679615,25.22531316679615,100.0
1100,0,22.32248638267254,22.32248638267254,100.0
1100,1,49.93768104426953,49.93768104426953,100.0
1100,2,27.73983257305792,27.73983257305792,100.0
1200,0,47.19014316946039,47.19014316946039,100.0
1200,1,30.804162235955147,30.804162235955147,100.0
1200,2,22.005694594584465,22.005694594584465,100.0
1300,0,24.406937709006066,24.406937709006066,100.0
1300,1,30.80898497734033,30.80898497734033,100.0
1300,2,44.7840773136536,44.7840773136536,100.0
1400,0,37.55951266379592,37.55951266379592,100.0
1400,1,40.59996854195498,40.59996854195498,100.0
1400,2,21.840518794249103,21.840518794249103,100.0
1500,0,27.200394730997786,27.200394730997786,100.0
1500,1,41.1664221809921,41.1664221809921,100.0
1500,2,31.633183088010107,31.633183088010107,100.0
1600,0,37.67147403443053,37.67147403443053,100.0
1600,1,29.09677187360365,29.09677187360365,100.0
1600,2,33.23175409196582,33.23175409196582,100.0
1700,0,22.697002262356943,22.697002262356943,100.0
1700,1,52.926429498144635,52.926429498144635,100.0
1700,2,24.376568239498432,24.376568239498432,100.0
1800,0,28.924176327805174,28.924176327805174,100.0
1800,1,29.175709340180454,29.175709340180454,100.0
1800,2,41.90011433201437,41.90011433201437,100.0
1900,0,31.804807723862183,31.804807723862183,100.0
1900,1,43.88747402817373,43.88747402817373,100.0
1900,2,24.307718247964093,24.307718247964093,100.0
2000,0,48.065426383831856,48.065426383831856,100.0
2000,1,29.655436972867154,29.655436972867154,100.0
2000,2,22.27913664330099,22.27913664330099,100.0
2100,0,39.51561967473261,39.51561967473261,100.0
2100,1,36.96968443416151,36.96968443416151,100.0
2100,2,23.51469589110588,23.51469589110588,100.0
2200,0,21.84760819065697,21.84760819065697,100.0
2200,1,46.598698420975744,46.598698420975744,100.0
2200,2,31.553693388367293,31.553693388367293,100.0
2300,0,39.51210668077247,39.51210668077247,100.0
2300,1,39.72258602197641,39.72258602197641,100.0
2300,2,20.765307297251123,20.765307297251123,100.0
2400,0,28.97369704153876,28.97369704153876,100.0
2400,1,39.68082852854037,39.68082852854037,100.0
2400,2,31.345474429920873,31.345474429920873,100.0
2500,0,30.446789265614605,30.446789265614605,100.0
2500,1,35.49485194227807,35.49485194227807,100.0
2500,2,34.05835879210734,34.05835879210734,100.0
2600,0,28.472416497038395,28.472416497038395,100.0
2600,1,33.474887033424764,33.474887033424764,100.0
2600,2,38.052696469536855,38.052696469536855,100.0
2700,0,48.3551236700786,48.3551236700786,100.0
2700,1,31.516484950659397,31.516484950659397,100.0
2700,2,20.128391379262006,20.128391379262006,100.0
2800,0,27.56698117695318,27.56698117695318,100.0
2800,1,42.134766689105255,42.134766689105255,100.0
2800,2,30.298252133941567,30.298252133941567,100.0
2900,0,22.622030485660456,22.622030485660456,100.0
2900,1,31.972081195742113,31.972081195742113,100.0
2900,2,45.405888318597434,45.405888318597434,100.0
3000,0,37.097473436668785,37.097473436668785,100.0
3000,1,33.326345991843105,33.326345991843105,100.0
3000,2,29.57618057148811,29.57618057148811,100.0
3100,0,32.88456799785984,32.88456799785984,100.0
3100,1,45.278284275429485,45.278284275429485,100.0
3100,2,21.837147726710675,21.837147726710675,100.0
3200,0,31.930052972024548,31.930052972024548,100.0
3200,1,33.17526612650112,33.17526612650112,100.0
3200,2,34.89468090147433,34.89468090147433,100.0
3300,0,44.63318981819808,44.63318981819808,100.0
3300,1,27.410089532680963,27.410089532680963,100.0
3300,2,27.95672064912096,27.95672064912096,100.0
3400,0,26.594861758253774,26.594861758253774,100.0
3400,1,36.27189726204958,36.27189726204958,100.0
3400,2,37.133240979696645,37.133240979696645,100.0
3500,0,32.42992454866849,32.42992454866849,100.0
3500,1,42.09141446509932,42.09141446509932,100.0
3500,2,25.4786609862322,25.4786609862322,100.0
3600,0,41.38945002613587,41.38945002613587,100.0
3600,1,39.29129569862317,39.29129569862317,100.0
3600,2,19.319254275240954,19.319254275240954,100.0
3700,0,49.542194169939684,49.542194169939684,100.0
3700,1,29.418492579877693,29.418492579877693,100.0
3700,2,21.039313250182616,21.039313250182616,100.0
3800,0,45.934790687955825,45.934790687955825,100.0
3800,1,25.81201763944868,25.81201763944868,100.0
3800,2,28.25319167259549,28.25319167259549,100.0
3900,0,20.850503250686376,20.850503250686376,100.0
3900,1,41.95535613462403,41.95535613462403,100.0
3900,2,37.194140614689594,37.194140614689594,100.0
4000,0,27.850219312331916,27.850219312331916,100.0
4000,1,32.66808912638324,32.66808912638324,100.0
4000,2,39.48169156128485,39.48169156128485,100.0
4100,0,40.3096747842323,40.3096747842323,100.0
4100,1,41.20599178333525,41.20599178333525,100.0
4100,2,18.48433343243246,18.48433343243246,100.0
4200,0,36.38808193827739,36.38808193827739,100.0
4200,1,37.447286765895846,37.447286765895846,100.0
4200,2,26.16463129582677,26.16463129582677,100.0
4300,0,50.705581942035636,50.705581942035636,100.0
4300,1,26.228533908339223,26.228533908339223,100.0
4300,2,23.06588414962514,23.06588414962514,100.0
4400,0,48.5637591457653,48.5637591457653,100.0
4400,1,26.535358873800718,26.535358873800718,100.0
4400,2,24.900881980433986,24.900881980433986,100.0
4500,0,22.22825631535589,22.22825631535589,100.0
4500,1,37.37481052319973,37.37481052319973,100.0
4500,2,40.39693316144437,40.39693316144437,100.0
4600,0,30.07572776380108,30.07572776380108,100.0
4600,1,33.72158163083373,33.72158163083373,100.0
4600,2,36.202690605365184,36.202690605365184,100.0
4700,0,36.35663881215534,36.35663881215534,100.0
4700,1,38.04839956014606,38.04839956014606,100.0
4700,2,25.5949616276986,25.5949616276986,100.0
4800,0,39.55455947553754,39.55455947553754,100.0
4800,1,40.934896919828525,40.934896919828525,100.0
4800,2,19.510543604633945,19.510543604633945,100.0
4900,0,40.85929311832521,40.85929311832521,100.0
4900,1,28.896297098279362,28.896297098279362,100.0
4900,2,30.244409783395426,30.244409783395426,100.0
5000,0,51.03167773713393,51.03167773713393,100.0
5000,1,27.938805079688017,27.938805079688017,100.0
5000,2,21.029517183178047,21.029517183178047,100.0
5100,0,34.10740963755846,34.10740963755846,100.0
5100,1,36.84348323853135,36.84348323853135,100.0
5100,2,29.04910712391019,29.04910712391019,100.0
5200,0,28.69681656511841,28.69681656511841,100.0
5200,1,29.680730804188382,29.680730804188382,100.0
5200,2,41.6224526306932,41.6224526306932,100.0
5300,0,34.853189548297564,34.853189548297564,100.0
5300,1,45.59962464614501,45.59962464614501,100.0
5300,2,19.54718580555743,19.54718580555743,100.0
5400,0,30.152141149672346,30.152141149672346,100.0
5400,1,44.58995713876396,44.58995713876396,100.0
5400,2,25.257901711563697,25.257901711563697,100.0
5500,0,35.93897241396472,35.93897241396472,100.0
5500,1,29.142933018228202,29.142933018228202,100.0
5500,2,34.91809456780708,34.91809456780708,100.0
5600,0,43.08513994770327,43.08513994770327,100.0
5600,1,39.10955992114668,39.10955992114668,100.0
5600,2,17.805300131150055,17.805300131150055,100.0
5700,0,36.65805027128417,36.65805027128417,100.0
5700,1,26.386078732301687,26.386078732301687,100.0
5700,2,36.95587099641414,36.95587099641414,100.0
5800,0,28.477065219883148,28.477065219883148,100.0
5800,1,38.49654433153676,38.49654433153676,100.0
5800,2,33.02639044858009,33.02639044858009,100.0
5900,0,29.775887611516282,29.775887611516282,100.0
5900,1,32.617379357305985,32.617379357305985,100.0
5900,2,37.60673303117773,37.60673303117773,100.0
6000,0,44.21461483654849,44.21461483654849,100.0
6000,1,36.48439476705697,36.48439476705697,100.0
6000,2,19.300990396394543,19.300990396394543,100.0
6100,0,26.834598492635937,26.834598492635937,100.0
6100,1,53.49641076766834,53.49641076766834,100.0
6100,2,19.668990739695737,19.668990739695737,100.0
6200,0,51.62147487458929,51.62147487458929,100.0
6200,1,25.785732513404536,25.785732513404536,100.0
6200,2,22.592792612006168,22.592792612006168,100.0
6300,0,38.859448984150724,38.859448984150724,100.0
6300,1,41.77263407842702,41.77263407842702,100.0
6300,2,19.36791693742225,19.36791693742225,100.0
6400,0,21.384114122555015,21.384114122555015,100.0
6400,1,48.581860316578265,48.581860316578265,100.0
6400,2,30.034025560866716,30.034025560866716,100.0
6500,0,49.45359345765827,49.45359345765827,100.0
6500,1,31.62281558724055,31.62281558724055,100.0
6500,2,18.923590955101183,18.923590955101183,100.0
6600,0,47.03602608599814,47.03602608599814,100.0
6600,1,31.735024009462716,31.735024009462716,100.0
6600,2,21.228949904539142,21.228949904539142,100.0
6700,0,24.792517446250383,24.792517446250383,100.0
6700,1,27.033516088570437,27.033516088570437,100.0
6700,2,48.173966465179184,48.173966465179184,100.0
6800,0,23.62306561940242,23.62306561940242,100.0
6800,1,44.454205317250214,44.454205317250214,100.0
6800,2,31.92272906334736,31.92272906334736,100.0
6900,0,37.43007966278849,37.43007966278849,100.0
6900,1,26.470217357103287,26.470217357103287,100.0
6900,2,36.09970298010821,36.09970298010821,100.0
7000,0,21.87509807625082,21.87509807625082,100.0
7000,1,42.165046492437966,42.165046492437966,100.0
7000,2,35.959855431311226,35.959855431311226,100.0
7100,0,31.403362951771673,31.403362951771673,100.0
7100,1,41.47084338649072,41.47084338649072,100.0
7100,2,27.125793661737614,27.125793661737614,100.0
7200,0,38.30685452211486,38.30685452211486,100.0
7200,1,43.82497765218217,43.82497765218217,100.0
7200,2,17.868167825702972,17.868167825702972,100.0
7300,0,48.21703922633461,48.21703922633461,100.0
7300,1,32.15877578619292,32.15877578619292,100.0
7300,2,19.624184987472475,19.624184987472475,100.0
7400,0,53.964038583645646,53.964038583645646,100.0
7400,1,26.026886305953717,26.026886305953717,100.0
7400,2,20.00907511040064,20.00907511040064,100.0
7500,0,23.510320592400625,23.510320592400625,100.0
7500,1,42.85033854521424,42.85033854521424,100.0
7500,2,33.63934086238514,33.63934086238514,100.0
7600,0,30.864569225217682,30.864569225217682,100.0
7600,1,35.90870238957208,35.90870238957208,100.0
7600,2,33.226728385210244,33.226728385210244,100.0
7700,0,37.575034727932064,37.575034727932064,100.0
7700,1,27.426572112166518,27.426572112166518,100.0
7700,2,34.99839315990142,34.99839315990142,100.0
7800,0,29.26259232382963,29.26259232382963,100.0
7800,1,35.07591116035847,35.07591116035847,100.0
7800,2,35.6614965158119,35.6614965158119,100.0
7900,0,30.069229165210505,30.069229165210505,100.0
7900,1,49.18439361807539,49.18439361807539,100.0
7900,2,20.74637721671411,20.74637721671411,100.0
8000,0,46.75386482504253,46.75386482504253,100.0
8000,1,29.896403096649347,29.896403096649347,100.0
8000,2,23.34973207830813,23.34973207830813,100.0
8100,0,50.78164075774394,50.78164075774394,100.0
8100,1,28.602600433551505,28.602600433551505,100.0
8100,2,20.615758808704566,20.615758808704566,100.0
8200,0,31.188440819263707,31.188440819263707,100.0
8200,1,34.31268477821694,34.31268477821694,100.0
8200,2,34.498874402519355,34.498874402519355,100.0
8300,0,22.91658856079061,22.91658856079061,100.0
8300,1,28.20622274785356,28.20622274785356,100.0
8300,2,48.877188691355826,48.877188691355826,100.0
8400,0,31.472475224169983,31.472475224169983,100.0
8400,1,40.05730366163082,40.05730366163082,100.0
8400,2,28.47022111419919,28.47022111419919,100.0
8500,0,31.91617329118866,31.91617329118866,100.0
8500,1,48.033734331620245,48.033734331620245,100.0
8500,2,20.0500923771911,20.0500923771911,100.0
8600,0,34.11319068333739,34.11319068333739,100.0
8600,1,27.370055745282574,27.370055745282574,100.0
8600,2,38.516753571380036,38.516753571380036,100.0
8700,0,41.360674737079066,41.360674737079066,100.0
8700,1,41.241137124273145,41.241137124273145,100.0
8700,2,17.39818813864779,17.39818813864779,100.0
8800,0,21.773705909557663,21.773705909557663,100.0
8800,1,46.02590433598506,46.02590433598506,100.0
8800,2,32.20038975445727,32.20038975445727,100.0
8900,0,45.02044332948687,45.02044332948687,100.0
8900,1,26.563962640539955,26.563962640539955,100.0
8900,2,28.415594029973168,28.415594029973168,100.0
9000,0,29.523930727948862,29.523930727948862,100.0
9000,1,38.485674549111884,38.485674549111884,100.0
9000,2,31.990394722939254,31.990394722939254,100.0
9100,0,25.424749774951653,25.424749774951653,100.0
9100,1,32.91416739110991,32.91416739110991,100.0
9100,2,41.66108283393844,41.66108283393844,100.0
9200,0,42.23592487709988,42.23592487709988,100.0
9200,1,36.814187279612334,36.814187279612334,100.0
9200,2,20.94988784328779,20.94988784328779,100.0
9300,0,26.753766071695473,26.753766071695473,100.0
9300,1,39.962199525854345,39.962199525854345,100.0
9300,2,33.28403440245018,33.28403440245018,100.0
9400,0,28.881516372954163,28.881516372954163,100.0
9400,1,32.4946093129735,32.4946093129735,100.0
9400,2,38.62387431407234,38.62387431407234,100.0
9500,0,40.51096860745082,40.51096860745082,100.0
9500,1,30.853765113414887,30.853765113414887,100.0
9500,2,28.635266279134303,28.635266279134303,100.0
9600,0,27.5331434961542,27.5331434961542,100.0
9600,1,26.07672309480482,26.07672309480482,100.0
9600,2,46.390133409040985,46.390133409040985,100.0
9700,0,34.50617162451224,34.50617162451224,100.0
9700,1,37.05373364077666,37.05373364077666,100.0
9700,2,28.440094734711096,28.440094734711096,100.0
9800,0,26.614758531115278,26.614758531115278,100.0
9800,1,34.10412182184325,34.10412182184325,100.0
9800,2,39.28111964704147,39.28111964704147,100.0
9900,0,25.544230191703566,25.544230191703566,100.0
9900,1,52.10379953790514,52.10379953790514,100.0
9900,2,22.351970270391302,22.351970270391302,100.0
