timestamp,sliceId,dedicatedPRB,minPRB,maxPRB
510,0,41.68220576537384,41.68220576537384,100.0
510,1,40.361434493627115,40.361434493627115,100.0
510,2,17.95635974099905,17.95635974099905,100.0
520,0,25.880301066395873,25.880301066395873,100.0
520,1,37.075702896548776,37.075702896548776,100.0
520,2,37.04399603705535,37.04399603705535,100.0
530,0,48.30818349264977,48.30818349264977,100.0
530,1,25.194831012372056,25.194831012372056,100.0
530,2,26.496985494978176,26.496985494978176,100.0
540,0,38.527715928144936,38.527715928144936,100.0
540,1,41.27990280436461,41.27990280436461,100.0
540,2,20.192381267490454,20.192381267490454,100.0
550,0,24.78814751394972,24.78814751394972,100.0
550,1,41.21071425966251,41.21071425966251,100.0
550,2,34.00113822638777,34.00113822638777,100.0
560,0,26.41925118047876,26.41925118047876,100.0
560,1,52.864986181437224,52.864986181437224,100.0
560,2,20.715762638084012,20.715762638084012,100.0
570,0,43.13441089131197,43.13441089131197,100.0
570,1,34.53327400837486,34.53327400837486,100.0
570,2,22.33231510031317,22.33231510031317,100.0
580,0,32.83613635332969,32.83613635332969,100.0
580,1,41.40519493914594,41.40519493914594,100.0
580,2,25.758668707524375,25.758668707524375,100.0
590,0,49.74278986134441,49.74278986134441,100.0
590,1,30.8298831442946,30.8298831442946,100.0
590,2,19.427326994361,19.427326994361,100.0
600,0,47.522195402510135,47.522195402510135,100.0
600,1,32.17129530213621,32.17129530213621,100.0
600,2,20.30650929535365,20.30650929535365,100.0
610,0,27.132181866452036,27.132181866452036,100.0
610,1,29.626933686200317,29.626933686200317,100.0
610,2,43.24088444734764,43.24088444734764,100.0
620,0,25.246513609162115,25.246513609162115,100.0
620,1,45.43301190437404,45.43301190437404,100.0
620,2,29.320474486463844,29.320474486463844,100.0
630,0,31.25410661012371,31.25410661012371,100.0
630,1,41.77466218364718,41.77466218364718,100.0
630,2,26.971231206229106,26.971231206229106,100.0
640,0,27.574166017475633,27.574166017475633,100.0
640,1,34.05299075067882,34.05299075067882,100.0
640,2,38.37284323184554,38.37284323184554,100.0
650,0,22.189852051936665,22.189852051936665,100.0
650,1,40.801670261764684,40.801670261764684,100.0
650,2,37.00847768629865,37.00847768629865,100.0
660,0,49.793361432034,49.793361432034,100.0
660,1,28.10956253268967,28.10956253268967,100.0
660,2,22.09707603527633,22.09707603527633,100.0
670,0,28.629671069972883,28.629671069972883,100.0
670,1,29.169693353779603,29.169693353779603,100.0
670,2,42.200635576247514,42.200635576247514,100.0
680,0,28.111316560910044,28.111316560910044,100.0
680,1,47.7867996194142,47.7867996194142,100.0
680,2,24.101883819675756,24.101883819675756,100.0
690,0,22.811337492773042,22.811337492773042,100.0
690,1,39.93963987088782,39.93963987088782,100.0
690,2,37.249022636339134,37.249022636339134,100.0
700,0,38.35568441181163,38.35568441181163,100.0
700,1,39.01526503050402,39.01526503050402,100.0
700,2,22.629050557684344,22.629050557684344,100.0
710,0,35.12125381955763,35.12125381955763,100.0
710,1,27.616375603795085,27.616375603795085,100.0
710,2,37.262370576647285,37.262370576647285,100.0
720,0,40.171047648036506,40.171047648036506,100.0
720,1,35.88032711042704,35.88032711042704,100.0
720,2,23.948625241536448,23.948625241536448,100.0
730,0,24.704228869140422,24.704228869140422,100.0
730,1,29.000416514192672,29.000416514192672,100.0
730,2,46.295354616666906,46.295354616666906,100.0
740,0,31.502764167381365,31.502764167381365,100.0
740,1,33.10250507652515,33.10250507652515,100.0
740,2,35.39473075609349,35.39473075609349,100.0
750,0,24.647434000026784,24.647434000026784,100.0
750,1,54.22779011999941,54.22779011999941,100.0
750,2,21.124775879973807,21.124775879973807,100.0
760,0,25.036458633047364,25.036458633047364,100.0
760,1,26.365504029574627,26.365504029574627,100.0
760,2,48.59803733737801,48.59803733737801,100.0
770,0,22.35525801488216,22.35525801488216,100.0
770,1,47.70408189097013,47.70408189097013,100.0
770,2,29.94066009414771,29.94066009414771,100.0
780,0,36.51977423308587,36.51977423308587,100.0
780,1,24.615054529999043,24.615054529999043,100.0
780,2,38.865171236915096,38.865171236915096,100.0
790,0,24.989171100984542,24.989171100984542,100.0
790,1,29.631090689035744,29.631090689035744,100.0
790,2,45.37973820997971,45.37973820997971,100.0
800,0,22.522616490534535,22.522616490534535,100.0
800,1,41.8539196537077,41.8539196537077,100.0
800,2,35.62346385575777,35.62346385575777,100.0
810,0,44.07104916295908,44.07104916295908,100.0
810,1,33.63912542150842,33.63912542150842,100.0
810,2,22.2898254155325,22.2898254155325,100.0
820,0,40.88176954830223,40.88176954830223,100.0
820,1,34.16432924735835,34.16432924735835,100.0
820,2,24.953901204339417,24.953901204339417,100.0
830,0,20.999437259043056,20.999437259043056,100.0
830,1,46.47575305206293,46.47575305206293,100.0
830,2,32.52480968889402,32.52480968889402,100.0
840,0,29.806524678001328,29.806524678001328,100.0
840,1,45.04095716255634,45.04095716255634,100.0
840,2,25.152518159442344,25.152518159442344,100.0
850,0,28.1258402556353,28.1258402556353,100.0
850,1,47.66973391854269,47.66973391854269,100.0
850,2,24.204425825822007,24.204425825822007,100.0
860,0,24.769976644944663,24.769976644944663,100.0
860,1,40.8039746870045,40.8039746870045,100.0
860,2,34.426048668050846,34.426048668050846,100.0
870,0,39.24832537284371,39.24832537284371,100.0
870,1,31.27499283894737,31.27499283894737,100.0
870,2,29.476681788208936,29.476681788208936,100.0
880,0,26.256326672092523,26.256326672092523,100.0
880,1,34.318536650034766,34.318536650034766,100.0
880,2,39.42513667787272,39.42513667787272,100.0
890,0,37.123616638774116,37.123616638774116,100.0
890,1,42.67771113086983,42.67771113086983,100.0
890,2,20.198672230356046,20.198672230356046,100.0
900,0,26.571197900908057,26.571197900908057,100.0
900,1,36.5826395718442,36.5826395718442,100.0
900,2,36.846162527247756,36.846162527247756,100.0
910,0,32.234254409013104,32.234254409013104,100.0
910,1,45.65512999955908,45.65512999955908,100.0
910,2,22.110615591427816,22.110615591427816,100.0
920,0,42.3047533658112,42.3047533658112,100.0
920,1,36.18833200737159,36.18833200737159,100.0
920,2,21.506914626817213,21.506914626817213,100.0
930,0,30.259137936443064,30.259137936443064,100.0
930,1,32.865112572323525,32.865112572323525,100.0
930,2,36.875749491233414,36.875749491233414,100.0
940,0,47.492794485203305,47.492794485203305,100.0
940,1,27.12958126400626,27.12958126400626,100.0
940,2,25.377624250790447,25.377624250790447,100.0
950,0,23.88058825153259,23.88058825153259,100.0
950,1,55.381607975133306,55.381607975133306,100.0
950,2,20.73780377333411,20.73780377333411,100.0
960,0,23.505919083952907,23.505919083952907,100.0
960,1,54.412144777415584,54.412144777415584,100.0
960,2,22.08193613863151,22.08193613863151,100.0
970,0,34.948700919034785,34.948700919034785,100.0
970,1,40.79172205681554,40.79172205681554,100.0
970,2,24.259577024149674,24.259577024149674,100.0
980,0,39.7896999147012,39.7896999147012,100.0
980,1,36.82032850306018,36.82032850306018,100.0
980,2,23.389971582238616,23.389971582238616,100.0
990,0,33.010459821226114,33.010459821226114,100.0
990,1,35.159641362391206,35.159641362391206,100.0
990,2,31.829898816382684,31.829898816382684,100.0
1000,0,24.951059101417407,24.951059101417407,100.0
1000,1,45.97131093539676,45.97131093539676,100.0
1000,2,29.077629963185835,29.077629963185835,100.0
1010,0,41.2147337960122,41.2147337960122,100.0
1010,1,36.20527400952931,36.20527400952931,100.0
1010,2,22.57999219445849,22.57999219445849,100.0
1020,0,36.92622797542411,36.92622797542411,100.0
1020,1,34.60243579248531,34.60243579248531,100.0
1020,2,28.471336232090582,28.471336232090582,100.0
1030,0,31.3128737012821,31.3128737012821,100.0
1030,1,42.99635422591249,42.99635422591249,100.0
1030,2,25.690772072805405,25.690772072805405,100.0
1040,0,32.76233134046584,32.76233134046584,100.0
1040,1,35.60212431900203,35.60212431900203,100.0
1040,2,31.635544340532125,31.635544340532125,100.0
1050,0,24.984470476025393,24.984470476025393,100.0
1050,1,40.36102426114646,40.36102426114646,100.0
1050,2,34.654505262828145,34.654505262828145,100.0
1060,0,25.093811186625082,25.093811186625082,100.0
1060,1,50.73242781649219,50.73242781649219,100.0
1060,2,24.173760996882738,24.173760996882738,100.0
1070,0,23.382531864306124,23.382531864306124,100.0
1070,1,57.04762383985719,57.04762383985719,100.0
1070,2,19.569844295836692,19.569844295836692,100.0
1080,0,45.70819838006323,45.70819838006323,100.0
1080,1,30.885315147671854,30.885315147671854,100.0
1080,2,23.406486472264927,23.406486472264927,100.0
1090,0,26.856161361187585,26.856161361187585,100.0
1090,1,45.4995708624217,45.4995708624217,100.0
1090,2,27.64426777639072,27.64426777639072,100.0
1100,0,36.54944404944064,36.54944404944064,100.0
1100,1,31.687656841851243,31.687656841851243,100.0
1100,2,31.762899108708133,31.762899108708133,100.0
1110,0,30.86037152656227,30.86037152656227,100.0
1110,1,26.102642116031593,26.102642116031593,100.0
1110,2,43.036986357406136,43.036986357406136,100.0
1120,0,24.19853755806973,24.19853755806973,100.0
1120,1,36.04598377849769,36.04598377849769,100.0
1120,2,39.75547866343258,39.75547866343258,100.0
1130,0,51.306817780381586,51.306817780381586,100.0
1130,1,28.838032938418202,28.838032938418202,100.0
1130,2,19.855149281200216,19.855149281200216,100.0
1140,0,29.629949810834034,29.629949810834034,100.0
1140,1,39.24745773591247,39.24745773591247,100.0
1140,2,31.122592453253496,31.122592453253496,100.0
1150,0,48.63365951658447,48.63365951658447,100.0
1150,1,31.29851934422331,31.29851934422331,100.0
1150,2,20.06782113919222,20.06782113919222,100.0
1160,0,36.64213682621817,36.64213682621817,100.0
1160,1,35.26417509516788,35.26417509516788,100.0
1160,2,28.093688078613955,28.093688078613955,100.0
1170,0,21.304003994389802,21.304003994389802,100.0
1170,1,41.05459496811891,41.05459496811891,100.0
1170,2,37.641401037491285,37.641401037491285,100.0
1180,0,39.846656537733146,39.846656537733146,100.0
1180,1,39.081974808172085,39.081974808172085,100.0
1180,2,21.071368654094773,21.071368654094773,100.0
1190,0,24.076904532104916,24.076904532104916,100.0
1190,1,40.68610739177032,40.68610739177032,100.0
1190,2,35.23698807612476,35.23698807612476,100.0
1200,0,31.72239040949022,31.72239040949022,100.0
1200,1,41.27444541936558,41.27444541936558,100.0
1200,2,27.003164171144213,27.003164171144213,100.0
1210,0,31.884321933871533,31.884321933871533,100.0
1210,1,39.842996003070105,39.842996003070105,100.0
1210,2,28.27268206305837,28.27268206305837,100.0
1220,0,25.9430937953357,25.9430937953357,100.0
1220,1,47.969821581195724,47.969821581195724,100.0
1220,2,26.08708462346858,26.08708462346858,100.0
1230,0,40.64018516681187,40.64018516681187,100.0
1230,1,33.32786139047979,33.32786139047979,100.0
1230,2,26.031953442708343,26.031953442708343,100.0
1240,0,48.60861789812747,48.60861789812747,100.0
1240,1,26.351339103000203,26.351339103000203,100.0
1240,2,25.040042998872337,25.040042998872337,100.0
1250,0,32.455681760667986,32.455681760667986,100.0
1250,1,45.344391355902516,45.344391355902516,100.0
1250,2,22.199926883429494,22.199926883429494,100.0
1260,0,43.48534694516926,43.48534694516926,100.0
1260,1,24.72207360808921,24.72207360808921,100.0
1260,2,31.792579446741538,31.792579446741538,100.0
1270,0,32.56853674092384,32.56853674092384,100.0
1270,1,33.21559344823007,33.21559344823007,100.0
1270,2,34.21586981084609,34.21586981084609,100.0
1280,0,26.502385855500975,26.502385855500975,100.0
1280,1,34.48313142904911,34.48313142904911,100.0
1280,2,39.014482715449915,39.014482715449915,100.0
1290,0,34.073132643273865,34.073132643273865,100.0
1290,1,28.84165501513552,28.84165501513552,100.0
1290,2,37.08521234159061,37.08521234159061,100.0
1300,0,25.197526569814354,25.197526569814354,100.0
1300,1,41.03799371138518,41.03799371138518,100.0
1300,2,33.76447971880048,33.76447971880048,100.0
1310,0,32.59559426795528,32.59559426795528,100.0
1310,1,41.44153570828675,41.44153570828675,100.0
1310,2,25.962870023757965,25.962870023757965,100.0
1320,0,23.550975221815683,23.550975221815683,100.0
1320,1,53.96241807761689,53.96241807761689,100.0
1320,2,22.48660670056742,22.48660670056742,100.0
1330,0,25.471220861675516,25.471220861675516,100.0
1330,1,48.12190280654634,48.12190280654634,100.0
1330,2,26.406876331778157,26.406876331778157,100.0
1340,0,29.054379454235306,29.054379454235306,100.0
1340,1,39.02609686994717,39.02609686994717,100.0
1340,2,31.91952367581753,31.91952367581753,100.0
1350,0,45.16318858626335,45.16318858626335,100.0
1350,1,26.61944989667553,26.61944989667553,100.0
1350,2,28.21736151706113,28.21736151706113,100.0
1360,0,34.33516769055222,34.33516769055222,100.0
1360,1,28.384904216250824,28.384904216250824,100.0
1360,2,37.27992809319697,37.27992809319697,100.0
1370,0,25.737517714062275,25.737517714062275,100.0
1370,1,48.86859802302922,48.86859802302922,100.0
1370,2,25.393884262908493,25.393884262908493,100.0
1380,0,22.957398638602328,22.957398638602328,100.0
1380,1,50.81849124513902,50.81849124513902,100.0
1380,2,26.224110116258647,26.224110116258647,100.0
1390,0,34.04163660155185,34.04163660155185,100.0
1390,1,43.313673668773845,43.313673668773845,100.0
1390,2,22.64468972967431,22.64468972967431,100.0
1400,0,51.28383008878162,51.28383008878162,100.0
1400,1,27.552469016801716,27.552469016801716,100.0
1400,2,21.163700894416664,21.163700894416664,100.0
1410,0,39.56268166620689,39.56268166620689,100.0
1410,1,27.3279831930973,27.3279831930973,100.0
1410,2,33.10933514069581,33.10933514069581,100.0
1420,0,25.37350112364406,25.37350112364406,100.0
1420,1,43.15333365704248,43.15333365704248,100.0
1420,2,31.473165219313458,31.473165219313458,100.0
1430,0,35.713819265229084,35.713819265229084,100.0
1430,1,29.474280868552732,29.474280868552732,100.0
1430,2,34.81189986621818,34.81189986621818,100.0
1440,0,23.61000812975774,23.61000812975774,100.0
1440,1,53.58442645196448,53.58442645196448,100.0
1440,2,22.80556541827778,22.80556541827778,100.0
1450,0,28.474848855484268,28.474848855484268,100.0
1450,1,38.976126234989984,38.976126234989984,100.0
1450,2,32.54902490952575,32.54902490952575,100.0
1460,0,36.96139007714875,36.96139007714875,100.0
1460,1,33.08942324609584,33.08942324609584,100.0
1460,2,29.949186676755406,29.949186676755406,100.0
1470,0,33.33840220019905,33.33840220019905,100.0
1470,1,45.528741786496205,45.528741786496205,100.0
1470,2,21.132856013304743,21.132856013304743,100.0
1480,0,22.31482412624707,22.31482412624707,100.0
1480,1,38.09264621849701,38.09264621849701,100.0
1480,2,39.59252965525592,39.59252965525592,100.0
1490,0,54.475503215763155,54.475503215763155,100.0
1490,1,25.699432160753823,25.699432160753823,100.0
1490,2,19.82506462348302,19.82506462348302,100.0
1500,0,39.114973765253914,39.114973765253914,100.0
1500,1,31.575968301288253,31.575968301288253,100.0
1500,2,29.309057933457833,29.309057933457833,100.0
