timestamp,ueImsi,sliceId,dTxBytes,dRxBytes,plr,resourceSharePct,dLostPackets,throughputMbps,bufferBytes,dlBufferBytes,ulBufferBytes,macBufferBytes,congestionPct,lastDrlActionStatus
10600,1,0,128736,0,100.00,16.66,112,0.0000,1200005,68503,1200005,1268508,12.10,applied
10600,2,0,128736,60172,56.25,16.66,63,4.8138,1200005,68529,1200005,1268534,12.10,applied
10600,3,0,128736,56488,58.93,16.66,66,4.5190,1200005,68529,1200005,1268534,12.10,applied
10600,4,0,128736,0,100.00,16.66,112,0.0000,34,68529,34,68563,0.65,applied
10600,5,0,128736,98240,28.57,16.66,32,7.8592,39823,68529,39823,108352,1.03,applied
10600,6,1,0,0,0.00,35.00,0,0.0000,34,0,34,34,0.00,applied
10600,7,1,0,0,0.00,35.00,0,0.0000,34,0,34,34,0.00,applied
10600,8,1,0,0,0.00,35.00,0,0.0000,34,0,34,34,0.00,applied
10600,9,1,0,0,0.00,35.00,0,0.0000,147,0,147,147,0.00,applied
10600,10,1,0,0,0.00,35.00,0,0.0000,34,0,34,34,0.00,applied
10600,11,1,0,0,0.00,35.00,0,0.0000,34,0,34,34,0.00,applied
10600,12,1,0,0,0.00,35.00,0,0.0000,17,0,17,17,0.00,applied
10600,13,1,0,0,0.00,35.00,0,0.0000,34,0,34,34,0.00,applied
10600,14,2,63772,0,100.00,48.33,49,0.0000,4218445,4218445,51,4218496,40.23,applied
10600,15,2,63772,0,100.00,48.33,49,0.0000,4218445,4218445,51,4218496,40.23,applied
10600,16,2,63772,940,89.80,48.33,44,0.0752,4218445,4218445,51,4218496,40.23,applied
10600,17,2,63772,0,100.00,48.33,49,0.0000,4219613,4219613,51,4219664,40.24,applied
10600,18,2,63772,0,100.00,48.33,49,0.0000,4218445,4218445,51,4218496,40.23,applied
