timestamp,ueImsi,sliceId,dTxBytes,dRxBytes,plr,resourceSharePct,dLostPackets,throughputMbps,bufferBytes
560,1,0,24448,1528,93.75,28.69,15,1.2224,138215
560,2,0,24448,1528,93.75,28.69,15,1.2224,138230
560,3,0,24448,1528,93.75,28.69,15,1.2224,138278
560,4,0,24448,1528,93.75,28.69,15,1.2224,138165
560,5,0,24448,1528,93.75,28.69,15,1.2224,138173
560,6,1,780,624,20.00,34.79,2,0.4992,87
560,7,1,780,624,20.00,34.79,2,0.4992,87
560,8,1,780,624,20.00,34.79,2,0.4992,87
560,9,1,780,624,20.00,34.79,2,0.4992,87
560,10,1,780,624,20.00,34.79,2,0.4992,126
560,11,2,16000,768,95.20,36.53,119,0.6144,91464
560,12,2,16000,640,96.00,36.53,120,0.5120,91441
560,13,2,16000,768,95.20,36.53,119,0.6144,91357
560,14,2,16000,768,95.20,36.53,119,0.6144,91368
560,15,2,16000,896,94.40,36.53,118,0.7168,91419
560,16,2,16000,896,94.40,36.53,118,0.7168,91415
560,17,2,16000,896,94.40,36.53,118,0.7168,91407
560,18,2,16000,896,94.40,36.53,118,0.7168,91414
560,19,2,16000,896,94.40,36.53,118,0.7168,91402
560,20,2,16000,896,94.40,36.53,118,0.7168,91417
