timestamp,ueImsi,sliceId,dTxBytes,dRxBytes,plr,resourceSharePct,dLostPackets,throughputMbps,bufferBytes
1510,1,0,35144,30560,13.04,35.59,3,24.4480,338700
1510,2,0,35144,18336,47.83,35.59,11,14.6688,1604212
1510,3,1,1014,1950,0.00,30.66,0,1.5600,87
1510,4,1,1014,858,15.38,30.66,2,0.6864,90
1510,5,2,256,0,100.00,33.75,2,0.0000,401
1510,6,2,256,0,100.00,33.75,2,0.0000,137
1510,7,2,256,256,0.00,33.75,0,0.2048,137
1510,8,2,256,0,100.00,33.75,2,0.0000,137
1510,9,2,256,0,100.00,33.75,2,0.0000,401
1510,10,2,256,256,0.00,33.75,0,0.2048,137
