timestamp,sliceId,dedicatedPRB,minPRB,maxPRB
600,0,42.790230658603654,42.790230658603654,100.0
600,1,30.48501535304814,30.48501535304814,100.0
600,2,26.724753988348205,26.724753988348205,100.0
700,0,25.92940901415345,25.92940901415345,100.0
700,1,41.49823794964543,41.49823794964543,100.0
700,2,32.572353036201115,32.572353036201115,100.0
800,0,35.88237321897885,35.88237321897885,100.0
800,1,30.291297231572884,30.291297231572884,100.0
800,2,33.82632954944828,33.82632954944828,100.0
900,0,32.67600161889304,32.67600161889304,100.0
900,1,38.18066139893168,38.18066139893168,100.0
900,2,29.14333698217529,29.14333698217529,100.0
1000,0,31.22643079452908,31.22643079452908,100.0
1000,1,48.430899837412234,48.430899837412234,100.0
1000,2,20.34266936805869,20.34266936805869,100.0
1100,0,30.382326708770584,30.382326708770584,100.0
1100,1,31.97133614077774,31.97133614077774,100.0
1100,2,37.64633715045167,37.64633715045167,100.0
1200,0,40.319782800500576,40.319782800500576,100.0
1200,1,35.253682925846576,35.253682925846576,100.0
1200,2,24.42653427365286,24.42653427365286,100.0
1300,0,39.23432719765045,39.23432719765045,100.0
1300,1,25.825283803726766,25.825283803726766,100.0
1300,2,34.94038899862279,34.94038899862279,100.0
1400,0,40.2416881145558,40.2416881145558,100.0
1400,1,35.14378165281673,35.14378165281673,100.0
1400,2,24.614530232627477,24.614530232627477,100.0
1500,0,39.732571404173974,39.732571404173974,100.0
1500,1,39.265299176361744,39.265299176361744,100.0
1500,2,21.002129419464282,21.002129419464282,100.0
1600,0,41.8894626762953,41.8894626762953,100.0
1600,1,39.840618027553134,39.840618027553134,100.0
1600,2,18.26991929615156,18.26991929615156,100.0
1700,0,38.087098627273505,38.087098627273505,100.0
1700,1,35.647576777175516,35.647576777175516,100.0
1700,2,26.265324595550982,26.265324595550982,100.0
1800,0,30.6041848799869,30.6041848799869,100.0
1800,1,28.93756611600716,28.93756611600716,100.0
1800,2,40.458249004005935,40.458249004005935,100.0
1900,0,49.09059416269852,49.09059416269852,100.0
1900,1,27.707104877364554,27.707104877364554,100.0
1900,2,23.202300959936935,23.202300959936935,100.0
2000,0,43.72452999562677,43.72452999562677,100.0
2000,1,38.3415926960395,38.3415926960395,100.0
2000,2,17.933877308333727,17.933877308333727,100.0
2100,0,23.718407238422852,23.718407238422852,100.0
2100,1,53.98009120622271,53.98009120622271,100.0
2100,2,22.301501555354438,22.301501555354438,100.0
2200,0,38.83666075810039,38.83666075810039,100.0
2200,1,26.670315920559794,26.670315920559794,100.0
2200,2,34.493023321339805,34.493023321339805,100.0
2300,0,41.677099709693294,41.677099709693294,100.0
2300,1,39.03198877476362,39.03198877476362,100.0
2300,2,19.29091151554309,19.29091151554309,100.0
2400,0,38.78801596322241,38.78801596322241,100.0
2400,1,36.0446180555085,36.0446180555085,100.0
2400,2,25.167365981269086,25.167365981269086,100.0
2500,0,39.05468205121947,39.05468205121947,100.0
2500,1,38.783501927489525,38.783501927489525,100.0
2500,2,22.161816021291003,22.161816021291003,100.0
2600,0,35.45793617032844,35.45793617032844,100.0
2600,1,30.20541858241854,30.20541858241854,100.0
2600,2,34.33664524725301,34.33664524725301,100.0
2700,0,26.075107420564102,26.075107420564102,100.0
2700,1,29.44384392695219,29.44384392695219,100.0
2700,2,44.48104865248371,44.48104865248371,100.0
2800,0,43.70503239194591,43.70503239194591,100.0
2800,1,32.55924102643784,32.55924102643784,100.0
2800,2,23.73572658161623,23.73572658161623,100.0
2900,0,42.737670174331065,42.737670174331065,100.0
2900,1,32.74701673375964,32.74701673375964,100.0
2900,2,24.5153130919093,24.5153130919093,100.0
3000,0,36.72522702119607,36.72522702119607,100.0
3000,1,38.846588830333104,38.846588830333104,100.0
3000,2,24.428184148470834,24.428184148470834,100.0
3100,0,28.84972117775943,28.84972117775943,100.0
3100,1,30.583720542438257,30.583720542438257,100.0
3100,2,40.56655827980231,40.56655827980231,100.0
3200,0,45.61460956589318,45.61460956589318,100.0
3200,1,30.678054264817778,30.678054264817778,100.0
3200,2,23.70733616928904,23.70733616928904,100.0
3300,0,28.397202863793503,28.397202863793503,100.0
3300,1,29.3315349074804,29.3315349074804,100.0
3300,2,42.271262228726094,42.271262228726094,100.0
3400,0,39.31715828441874,39.31715828441874,100.0
3400,1,35.164709419753414,35.164709419753414,100.0
3400,2,25.518132295827844,25.518132295827844,100.0
3500,0,36.440033435038465,36.440033435038465,100.0
3500,1,27.976328350435775,27.976328350435775,100.0
3500,2,35.583638214525756,35.583638214525756,100.0
3600,0,36.2502660652779,36.2502660652779,100.0
3600,1,29.048649359463507,29.048649359463507,100.0
3600,2,34.7010845752586,34.7010845752586,100.0
3700,0,41.80529688392839,41.80529688392839,100.0
3700,1,29.893110382099096,29.893110382099096,100.0
3700,2,28.301592733972512,28.301592733972512,100.0
3800,0,40.68776905214641,40.68776905214641,100.0
3800,1,38.34727225048946,38.34727225048946,100.0
3800,2,20.964958697364132,20.964958697364132,100.0
3900,0,39.147637581160566,39.147637581160566,100.0
3900,1,27.942352000550365,27.942352000550365,100.0
3900,2,32.91001041828907,32.91001041828907,100.0
4000,0,41.708142241364236,41.708142241364236,100.0
4000,1,25.976512993865942,25.976512993865942,100.0
4000,2,32.31534476476982,32.31534476476982,100.0
4100,0,28.329075858407805,28.329075858407805,100.0
4100,1,30.775066966049973,30.775066966049973,100.0
4100,2,40.89585717554222,40.89585717554222,100.0
4200,0,23.670973425882202,23.670973425882202,100.0
4200,1,50.81766584596187,50.81766584596187,100.0
4200,2,25.51136072815593,25.51136072815593,100.0
4300,0,45.65853180342462,45.65853180342462,100.0
4300,1,30.726024666765067,30.726024666765067,100.0
4300,2,23.615443529810303,23.615443529810303,100.0
4400,0,23.01556586191636,23.01556586191636,100.0
4400,1,49.60926812171769,49.60926812171769,100.0
4400,2,27.37516601636595,27.37516601636595,100.0
4500,0,27.299834374048704,27.299834374048704,100.0
4500,1,35.14727593252985,35.14727593252985,100.0
4500,2,37.552889693421456,37.552889693421456,100.0
4600,0,46.89901345246877,46.89901345246877,100.0
4600,1,34.09425944692172,34.09425944692172,100.0
4600,2,19.006727100609506,19.006727100609506,100.0
4700,0,32.77312668210845,32.77312668210845,100.0
4700,1,41.26545463390917,41.26545463390917,100.0
4700,2,25.961418683982384,25.961418683982384,100.0
4800,0,31.732371491773385,31.732371491773385,100.0
4800,1,33.488970431959,33.488970431959,100.0
4800,2,34.77865807626762,34.77865807626762,100.0
4900,0,38.59187529616268,38.59187529616268,100.0
4900,1,39.52167415625594,39.52167415625594,100.0
4900,2,21.886450547581386,21.886450547581386,100.0
5000,0,30.17931254073266,30.17931254073266,100.0
5000,1,48.70015484388811,48.70015484388811,100.0
5000,2,21.120532615379233,21.120532615379233,100.0
5100,0,32.644347373951845,32.644347373951845,100.0
5100,1,34.89285030353451,34.89285030353451,100.0
5100,2,32.46280232251365,32.46280232251365,100.0
5200,0,41.11867850759273,41.11867850759273,100.0
5200,1,29.786577363959722,29.786577363959722,100.0
5200,2,29.094744128447548,29.094744128447548,100.0
5300,0,26.461478714985343,26.461478714985343,100.0
5300,1,39.44370150176375,39.44370150176375,100.0
5300,2,34.09481978325093,34.09481978325093,100.0
5400,0,34.80538768961182,34.80538768961182,100.0
5400,1,35.98383116372375,35.98383116372375,100.0
5400,2,29.210781146664434,29.210781146664434,100.0
5500,0,25.606058870191863,25.606058870191863,100.0
5500,1,33.22827416280718,33.22827416280718,100.0
5500,2,41.165666967000966,41.165666967000966,100.0
5600,0,36.088354751665534,36.088354751665534,100.0
5600,1,30.898916318307236,30.898916318307236,100.0
5600,2,33.01272893002723,33.01272893002723,100.0
5700,0,25.821343688884856,25.821343688884856,100.0
5700,1,43.55148914432719,43.55148914432719,100.0
5700,2,30.62716716678795,30.62716716678795,100.0
5800,0,32.497110363271865,32.497110363271865,100.0
5800,1,34.360136678363254,34.360136678363254,100.0
5800,2,33.14275295836489,33.14275295836489,100.0
5900,0,23.163127312535554,23.163127312535554,100.0
5900,1,28.680249864025836,28.680249864025836,100.0
5900,2,48.15662282343861,48.15662282343861,100.0
6000,0,24.768995727817924,24.768995727817924,100.0
6000,1,31.216124837974885,31.216124837974885,100.0
6000,2,44.014879434207195,44.014879434207195,100.0
6100,0,28.847142975625374,28.847142975625374,100.0
6100,1,48.30530405820556,48.30530405820556,100.0
6100,2,22.847552966169072,22.847552966169072,100.0
6200,0,31.89418300243063,31.89418300243063,100.0
6200,1,33.07714509583734,33.07714509583734,100.0
6200,2,35.02867190173204,35.02867190173204,100.0
6300,0,37.95428077616945,37.95428077616945,100.0
6300,1,40.49317314586597,40.49317314586597,100.0
6300,2,21.552546077964585,21.552546077964585,100.0
6400,0,28.598336138863562,28.598336138863562,100.0
6400,1,28.555349744337132,28.555349744337132,100.0
6400,2,42.846314116799306,42.846314116799306,100.0
6500,0,43.7879242867118,43.7879242867118,100.0
6500,1,31.95482289251381,31.95482289251381,100.0
6500,2,24.257252820774386,24.257252820774386,100.0
6600,0,38.29554180320851,38.29554180320851,100.0
6600,1,30.9580565019127,30.9580565019127,100.0
6600,2,30.746401694878788,30.746401694878788,100.0
6700,0,37.193423471751395,37.193423471751395,100.0
6700,1,27.950394026143705,27.950394026143705,100.0
6700,2,34.85618250210491,34.85618250210491,100.0
6800,0,41.858382419380895,41.858382419380895,100.0
6800,1,31.69426896609845,31.69426896609845,100.0
6800,2,26.44734861452066,26.44734861452066,100.0
6900,0,37.19609340575641,37.19609340575641,100.0
6900,1,40.831418535420255,40.831418535420255,100.0
6900,2,21.97248805882333,21.97248805882333,100.0
7000,0,45.61948894986775,45.61948894986775,100.0
7000,1,31.952575766914364,31.952575766914364,100.0
7000,2,22.42793528321788,22.42793528321788,100.0
7100,0,40.31101437933751,40.31101437933751,100.0
7100,1,40.52809026317213,40.52809026317213,100.0
7100,2,19.16089535749036,19.16089535749036,100.0
7200,0,23.713631319051302,23.713631319051302,100.0
7200,1,54.16291158309099,54.16291158309099,100.0
7200,2,22.123457097857717,22.123457097857717,100.0
7300,0,33.117393288683125,33.117393288683125,100.0
7300,1,26.201680245145713,26.201680245145713,100.0
7300,2,40.68092646617116,40.68092646617116,100.0
7400,0,45.07008880095043,45.07008880095043,100.0
7400,1,33.91631134059061,33.91631134059061,100.0
7400,2,21.013599858458964,21.013599858458964,100.0
7500,0,30.57112602081237,30.57112602081237,100.0
7500,1,45.701189753883355,45.701189753883355,100.0
7500,2,23.72768422530428,23.72768422530428,100.0
7600,0,27.39089258879066,27.39089258879066,100.0
7600,1,41.23823489939482,41.23823489939482,100.0
7600,2,31.37087251181453,31.37087251181453,100.0
7700,0,48.23666037815399,48.23666037815399,100.0
7700,1,32.75867439473201,32.75867439473201,100.0
7700,2,19.004665227113993,19.004665227113993,100.0
7800,0,39.07241799914591,39.07241799914591,100.0
7800,1,40.890545149876665,40.890545149876665,100.0
7800,2,20.03703685097742,20.03703685097742,100.0
7900,0,25.02563283339443,25.02563283339443,100.0
7900,1,31.835636591285592,31.835636591285592,100.0
7900,2,43.138730575319975,43.138730575319975,100.0
8000,0,44.916594809687474,44.916594809687474,100.0
8000,1,29.483344108621306,29.483344108621306,100.0
8000,2,25.600061081691234,25.600061081691234,100.0
8100,0,33.898137921215586,33.898137921215586,100.0
8100,1,34.66001804951886,34.66001804951886,100.0
8100,2,31.441844029265553,31.441844029265553,100.0
8200,0,29.032709775541065,29.032709775541065,100.0
8200,1,34.60870336997753,34.60870336997753,100.0
8200,2,36.3585868544814,36.3585868544814,100.0
8300,0,33.85862798901989,33.85862798901989,100.0
8300,1,44.52794751698404,44.52794751698404,100.0
8300,2,21.613424493996064,21.613424493996064,100.0
8400,0,22.327758547423233,22.327758547423233,100.0
8400,1,28.576024334327123,28.576024334327123,100.0
8400,2,49.09621711824965,49.09621711824965,100.0
8500,0,51.25445868284096,51.25445868284096,100.0
8500,1,25.90586222792683,25.90586222792683,100.0
8500,2,22.839679089232217,22.839679089232217,100.0
8600,0,39.01970629702811,39.01970629702811,100.0
8600,1,35.13780139473472,35.13780139473472,100.0
8600,2,25.842492308237162,25.842492308237162,100.0
8700,0,32.12782814924374,32.12782814924374,100.0
8700,1,34.76449586905148,34.76449586905148,100.0
8700,2,33.10767598170479,33.10767598170479,100.0
8800,0,32.975203433039226,32.975203433039226,100.0
8800,1,32.7275322531571,32.7275322531571,100.0
8800,2,34.297264313803666,34.297264313803666,100.0
8900,0,27.76039731418311,27.76039731418311,100.0
8900,1,46.13547810208974,46.13547810208974,100.0
8900,2,26.10412458372715,26.10412458372715,100.0
9000,0,38.17110267643373,38.17110267643373,100.0
9000,1,24.828271570106285,24.828271570106285,100.0
9000,2,37.000625753459985,37.000625753459985,100.0
9100,0,28.293345551581382,28.293345551581382,100.0
9100,1,30.869870420698405,30.869870420698405,100.0
9100,2,40.83678402772021,40.83678402772021,100.0
9200,0,31.79749273110652,31.79749273110652,100.0
9200,1,43.76516331432494,43.76516331432494,100.0
9200,2,24.43734395456854,24.43734395456854,100.0
9300,0,22.2696583431867,22.2696583431867,100.0
9300,1,42.80419116916674,42.80419116916674,100.0
9300,2,34.92615048764656,34.92615048764656,100.0
9400,0,26.0861330264397,26.0861330264397,100.0
9400,1,33.901225494428964,33.901225494428964,100.0
9400,2,40.01264147913133,40.01264147913133,100.0
9500,0,36.9469770402567,36.9469770402567,100.0
9500,1,36.204931994789355,36.204931994789355,100.0
9500,2,26.848090964953965,26.848090964953965,100.0
9600,0,44.47083551918773,44.47083551918773,100.0
9600,1,32.14147959500744,32.14147959500744,100.0
9600,2,23.387684885804838,23.387684885804838,100.0
9700,0,33.98147802585695,33.98147802585695,100.0
9700,1,43.580800818433964,43.580800818433964,100.0
9700,2,22.437721155709085,22.437721155709085,100.0
9800,0,36.199307903058106,36.199307903058106,100.0
9800,1,40.027212173787625,40.027212173787625,100.0
9800,2,23.773479923154262,23.773479923154262,100.0
9900,0,29.685488577216272,29.685488577216272,100.0
9900,1,47.53146513669405,47.53146513669405,100.0
9900,2,22.783046286089675,22.783046286089675,100.0
