timestamp,ueImsi,sliceId,dTxBytes,dRxBytes,plr,resourceSharePct,dLostPackets,throughputMbps,bufferBytes
1510,1,0,35144,35144,0.00,39.59,0,28.1152,378748
1510,2,0,35144,19864,43.48,39.59,10,15.8912,1629372
1510,3,1,1014,390,61.54,31.27,8,0.3120,87
1510,4,1,1014,1014,0.00,31.27,0,0.8112,111
1510,5,2,256,0,100.00,29.14,2,0.0000,137
1510,6,2,256,640,0.00,29.14,0,0.5120,137
1510,7,2,256,256,0.00,29.14,0,0.2048,137
1510,8,2,256,0,100.00,29.14,2,0.0000,269
1510,9,2,256,0,100.00,29.14,2,0.0000,137
1510,10,2,256,256,0.00,29.14,0,0.2048,137
