timestamp,sliceId,dedicatedPRB,minPRB,maxPRB
510,0,31.694639096062495,31.694639096062495,100.0
510,1,42.667844444601094,42.667844444601094,100.0
510,2,25.637516459336425,25.637516459336425,100.0
520,0,46.28636082420714,46.28636082420714,100.0
520,1,28.3092410397865,28.3092410397865,100.0
520,2,25.40439813600636,25.40439813600636,100.0
530,0,38.78672665450081,38.78672665450081,100.0
530,1,34.433258815912005,34.433258815912005,100.0
530,2,26.78001452958718,26.78001452958718,100.0
540,0,34.30081274939353,34.30081274939353,100.0
540,1,38.08884347758421,38.08884347758421,100.0
540,2,27.61034377302226,27.61034377302226,100.0
550,0,41.35411746992993,41.35411746992993,100.0
550,1,41.03745170988662,41.03745170988662,100.0
550,2,17.60843082018345,17.60843082018345,100.0
