timestamp,ueImsi,sliceId,dTxBytes,dRxBytes,plr,resourceSharePct,dLostPackets,throughputMbps,bufferBytes
1510,1,0,18336,16808,8.33,26.47,1,13.4464,1537
1510,2,0,18336,0,100.00,26.47,12,0.0000,1715822
1510,3,0,18336,0,100.00,26.47,12,0.0000,1705837
1510,4,0,18336,16808,8.33,26.47,1,13.4464,2575
1510,5,0,18336,0,100.00,26.47,12,0.0000,1658244
1510,6,1,390,390,0.00,27.76,0,0.3120,87
1510,7,1,390,390,0.00,27.76,0,0.3120,87
1510,8,1,390,390,0.00,27.76,0,0.3120,87
1510,9,1,390,390,0.00,27.76,0,0.3120,87
1510,10,1,390,0,100.00,27.76,5,0.0000,333
1510,11,2,384,256,33.33,45.77,1,0.2048,137
1510,12,2,384,256,33.33,45.77,1,0.2048,137
1510,13,2,384,0,100.00,45.77,3,0.0000,269
1510,14,2,384,768,0.00,45.77,0,0.6144,137
1510,15,2,384,0,100.00,45.77,3,0.0000,805
1510,16,2,384,0,100.00,45.77,3,0.0000,665
1510,17,2,384,0,100.00,45.77,3,0.0000,389
1510,18,2,384,512,0.00,45.77,0,0.4096,137
1510,19,2,384,256,33.33,45.77,1,0.2048,137
1510,20,2,384,256,33.33,45.77,1,0.2048,137
