timestamp,ueImsi,sliceId,dTxBytes,dRxBytes,plr,resourceSharePct,dLostPackets,throughputMbps,bufferBytes
760,1,0,18336,4584,75.00,31.25,9,3.6672,384460
760,2,0,18336,4584,75.00,31.25,9,3.6672,384464
760,3,0,18336,4584,75.00,31.25,9,3.6672,384534
760,4,0,18336,4584,75.00,31.25,9,3.6672,384509
760,5,0,18336,4584,75.00,31.25,9,3.6672,384422
760,6,1,390,546,0.00,34.80,0,0.4368,87
760,7,1,390,546,0.00,34.80,0,0.4368,87
760,8,1,390,546,0.00,34.80,0,0.4368,87
760,9,1,390,546,0.00,34.80,0,0.4368,87
760,10,1,390,546,0.00,34.80,0,0.4368,87
760,11,2,256,384,0.00,33.95,0,0.3072,137
760,12,2,256,384,0.00,33.95,0,0.3072,137
760,13,2,256,384,0.00,33.95,0,0.3072,96
760,14,2,256,384,0.00,33.95,0,0.3072,137
760,15,2,256,384,0.00,33.95,0,0.3072,137
760,16,2,256,384,0.00,33.95,0,0.3072,96
760,17,2,256,384,0.00,33.95,0,0.3072,137
760,18,2,256,384,0.00,33.95,0,0.3072,137
760,19,2,256,384,0.00,33.95,0,0.3072,137
760,20,2,256,384,0.00,33.95,0,0.3072,137
