timestamp,ueImsi,sliceId,dTxBytes,dRxBytes,plr,resourceSharePct,dLostPackets,throughputMbps,bufferBytes
1510,1,0,35144,42784,0.00,46.66,0,34.2272,601779
1510,2,0,35144,25976,26.09,46.66,6,20.7808,1838193
1510,3,1,1014,3744,0.00,25.00,0,2.9952,87
1510,4,1,1014,1170,0.00,25.00,0,0.9360,87
1510,5,2,256,0,100.00,28.34,2,0.0000,137
1510,6,2,256,256,0.00,28.34,0,0.2048,137
1510,7,2,256,256,0.00,28.34,0,0.2048,137
1510,8,2,256,0,100.00,28.34,2,0.0000,137
1510,9,2,256,0,100.00,28.34,2,0.0000,137
1510,10,2,256,256,0.00,28.34,0,0.2048,137
