timestamp,sliceId,dedicatedPRB,minPRB,maxPRB,algorithm
510,0,31.665,31.665,100.0,0
510,1,30.000000000000004,30.000000000000004,100.0,0
510,2,38.334999999999994,38.334999999999994,100.0,0
520,0,31.665,31.665,100.0,0
520,1,30.000000000000004,30.000000000000004,100.0,0
520,2,38.334999999999994,38.334999999999994,100.0,0
530,0,51.665000000000006,51.665000000000006,100.0,1
530,1,35.0,35.0,100.0,1
530,2,13.335000000000003,13.335000000000003,100.0,1
540,0,51.665000000000006,51.665000000000006,100.0,1
540,1,35.0,35.0,100.0,1
540,2,13.335000000000003,13.335000000000003,100.0,1
550,0,16.665000000000003,16.665000000000003,100.0,2
550,1,35.0,35.0,100.0,2
550,2,48.335,48.335,100.0,2
560,0,21.665,21.665,100.0,2
560,1,65.0,65.0,100.0,2
560,2,13.334999999999999,13.334999999999999,100.0,2
570,0,31.665,31.665,100.0,2
570,1,55.00000000000001,55.00000000000001,100.0,2
570,2,13.334999999999999,13.334999999999999,100.0,2
580,0,31.665,31.665,100.0,2
580,1,55.00000000000001,55.00000000000001,100.0,2
580,2,13.334999999999999,13.334999999999999,100.0,2
590,0,31.665,31.665,100.0,2
590,1,55.00000000000001,55.00000000000001,100.0,2
590,2,13.334999999999999,13.334999999999999,100.0,2
600,0,26.665,26.665,100.0,0
600,1,45.0,45.0,100.0,0
600,2,28.335,28.335,100.0,0
610,0,46.665,46.665,100.0,0
610,1,35.0,35.0,100.0,0
610,2,18.335,18.335,100.0,0
620,0,46.665,46.665,100.0,0
620,1,35.0,35.0,100.0,0
620,2,18.335,18.335,100.0,0
630,0,46.665,46.665,100.0,2
630,1,20.0,20.0,100.0,2
630,2,33.335,33.335,100.0,2
640,0,46.665,46.665,100.0,2
640,1,20.0,20.0,100.0,2
640,2,33.335,33.335,100.0,2
650,0,41.665,41.665,100.0,0
650,1,45.00000000000001,45.00000000000001,100.0,0
650,2,13.335000000000003,13.335000000000003,100.0,0
660,0,26.665,26.665,100.0,0
660,1,45.0,45.0,100.0,0
660,2,28.335,28.335,100.0,0
670,0,46.665,46.665,100.0,2
670,1,20.0,20.0,100.0,2
670,2,33.335,33.335,100.0,2
680,0,41.665,41.665,100.0,0
680,1,45.00000000000001,45.00000000000001,100.0,0
680,2,13.335000000000003,13.335000000000003,100.0,0
690,0,26.665,26.665,100.0,0
690,1,45.0,45.0,100.0,0
690,2,28.335,28.335,100.0,0
700,0,26.665,26.665,100.0,0
700,1,45.0,45.0,100.0,0
700,2,28.335,28.335,100.0,0
710,0,26.665,26.665,100.0,0
710,1,45.0,45.0,100.0,0
710,2,28.335,28.335,100.0,0
720,0,26.665,26.665,100.0,0
720,1,45.0,45.0,100.0,0
720,2,28.335,28.335,100.0,0
730,0,26.665,26.665,100.0,0
730,1,45.0,45.0,100.0,0
730,2,28.335,28.335,100.0,0
740,0,26.665,26.665,100.0,0
740,1,45.0,45.0,100.0,0
740,2,28.335,28.335,100.0,0
750,0,36.665000000000006,36.665000000000006,100.0,1
750,1,35.0,35.0,100.0,1
750,2,28.335,28.335,100.0,1
760,0,26.665,26.665,100.0,0
760,1,45.0,45.0,100.0,0
760,2,28.335,28.335,100.0,0
770,0,61.665000000000006,61.665000000000006,100.0,2
770,1,20.0,20.0,100.0,2
770,2,18.335,18.335,100.0,2
780,0,26.665,26.665,100.0,0
780,1,45.0,45.0,100.0,0
780,2,28.335,28.335,100.0,0
790,0,51.665000000000006,51.665000000000006,100.0,1
790,1,35.0,35.0,100.0,1
790,2,13.335000000000003,13.335000000000003,100.0,1
800,0,51.665000000000006,51.665000000000006,100.0,1
800,1,35.0,35.0,100.0,1
800,2,13.335000000000003,13.335000000000003,100.0,1
810,0,51.665000000000006,51.665000000000006,100.0,1
810,1,35.0,35.0,100.0,1
810,2,13.335000000000003,13.335000000000003,100.0,1
820,0,51.665000000000006,51.665000000000006,100.0,1
820,1,35.0,35.0,100.0,1
820,2,13.335000000000003,13.335000000000003,100.0,1
830,0,51.665000000000006,51.665000000000006,100.0,1
830,1,35.0,35.0,100.0,1
830,2,13.335000000000003,13.335000000000003,100.0,1
840,0,51.665000000000006,51.665000000000006,100.0,1
840,1,35.0,35.0,100.0,1
840,2,13.335000000000003,13.335000000000003,100.0,1
850,0,51.665000000000006,51.665000000000006,100.0,1
850,1,35.0,35.0,100.0,1
850,2,13.335000000000003,13.335000000000003,100.0,1
860,0,51.665000000000006,51.665000000000006,100.0,1
860,1,35.0,35.0,100.0,1
860,2,13.335000000000003,13.335000000000003,100.0,1
870,0,51.665000000000006,51.665000000000006,100.0,1
870,1,35.0,35.0,100.0,1
870,2,13.335000000000003,13.335000000000003,100.0,1
880,0,51.665000000000006,51.665000000000006,100.0,1
880,1,35.0,35.0,100.0,1
880,2,13.335000000000003,13.335000000000003,100.0,1
890,0,21.665,21.665,100.0,0
890,1,40.0,40.0,100.0,0
890,2,38.334999999999994,38.334999999999994,100.0,0
900,0,16.665,16.665,100.0,0
900,1,20.0,20.0,100.0,0
900,2,63.334999999999994,63.334999999999994,100.0,0
910,0,16.665,16.665,100.0,0
910,1,20.0,20.0,100.0,0
910,2,63.334999999999994,63.334999999999994,100.0,0
920,0,16.665,16.665,100.0,0
920,1,20.0,20.0,100.0,0
920,2,63.334999999999994,63.334999999999994,100.0,0
930,0,16.665,16.665,100.0,0
930,1,20.0,20.0,100.0,0
930,2,63.334999999999994,63.334999999999994,100.0,0
940,0,16.665,16.665,100.0,0
940,1,20.0,20.0,100.0,0
940,2,63.334999999999994,63.334999999999994,100.0,0
950,0,16.665,16.665,100.0,0
950,1,20.0,20.0,100.0,0
950,2,63.334999999999994,63.334999999999994,100.0,0
960,0,36.665000000000006,36.665000000000006,100.0,1
960,1,45.0,45.0,100.0,1
960,2,18.335,18.335,100.0,1
970,0,16.665,16.665,100.0,2
970,1,30.000000000000004,30.000000000000004,100.0,2
970,2,53.335,53.335,100.0,2
980,0,26.665,26.665,100.0,0
980,1,30.000000000000004,30.000000000000004,100.0,0
980,2,43.335,43.335,100.0,0
990,0,26.665,26.665,100.0,0
990,1,30.000000000000004,30.000000000000004,100.0,0
990,2,43.335,43.335,100.0,0
1000,0,26.665,26.665,100.0,0
1000,1,30.000000000000004,30.000000000000004,100.0,0
1000,2,43.335,43.335,100.0,0
1010,0,26.665,26.665,100.0,0
1010,1,30.000000000000004,30.000000000000004,100.0,0
1010,2,43.335,43.335,100.0,0
1020,0,26.665,26.665,100.0,0
1020,1,30.000000000000004,30.000000000000004,100.0,0
1020,2,43.335,43.335,100.0,0
1030,0,26.665,26.665,100.0,0
1030,1,30.000000000000004,30.000000000000004,100.0,0
1030,2,43.335,43.335,100.0,0
1040,0,26.665,26.665,100.0,0
1040,1,30.000000000000004,30.000000000000004,100.0,0
1040,2,43.335,43.335,100.0,0
1050,0,26.665,26.665,100.0,0
1050,1,30.000000000000004,30.000000000000004,100.0,0
1050,2,43.335,43.335,100.0,0
1060,0,46.665,46.665,100.0,2
1060,1,20.0,20.0,100.0,2
1060,2,33.335,33.335,100.0,2
1070,0,46.665,46.665,100.0,2
1070,1,20.0,20.0,100.0,2
1070,2,33.335,33.335,100.0,2
1080,0,46.665,46.665,100.0,2
1080,1,20.0,20.0,100.0,2
1080,2,33.335,33.335,100.0,2
1090,0,46.665,46.665,100.0,2
1090,1,20.0,20.0,100.0,2
1090,2,33.335,33.335,100.0,2
1100,0,46.665,46.665,100.0,2
1100,1,20.0,20.0,100.0,2
1100,2,33.335,33.335,100.0,2
1110,0,36.665000000000006,36.665000000000006,100.0,2
1110,1,30.000000000000004,30.000000000000004,100.0,2
1110,2,33.335,33.335,100.0,2
1120,0,16.665,16.665,100.0,0
1120,1,40.0,40.0,100.0,0
1120,2,43.335,43.335,100.0,0
1130,0,16.665,16.665,100.0,0
1130,1,40.0,40.0,100.0,0
1130,2,43.335,43.335,100.0,0
1140,0,16.665,16.665,100.0,0
1140,1,40.0,40.0,100.0,0
1140,2,43.335,43.335,100.0,0
1150,0,16.665,16.665,100.0,0
1150,1,40.0,40.0,100.0,0
1150,2,43.335,43.335,100.0,0
1160,0,16.665,16.665,100.0,0
1160,1,40.0,40.0,100.0,0
1160,2,43.335,43.335,100.0,0
1170,0,16.665,16.665,100.0,0
1170,1,40.0,40.0,100.0,0
1170,2,43.335,43.335,100.0,0
1180,0,16.665,16.665,100.0,1
1180,1,45.0,45.0,100.0,1
1180,2,38.334999999999994,38.334999999999994,100.0,1
1190,0,36.665000000000006,36.665000000000006,100.0,2
1190,1,30.000000000000004,30.000000000000004,100.0,2
1190,2,33.335,33.335,100.0,2
1200,0,36.665000000000006,36.665000000000006,100.0,2
1200,1,30.000000000000004,30.000000000000004,100.0,2
1200,2,33.335,33.335,100.0,2
1210,0,36.665000000000006,36.665000000000006,100.0,2
1210,1,30.000000000000004,30.000000000000004,100.0,2
1210,2,33.335,33.335,100.0,2
1220,0,36.665000000000006,36.665000000000006,100.0,2
1220,1,30.000000000000004,30.000000000000004,100.0,2
1220,2,33.335,33.335,100.0,2
1230,0,26.665000000000006,26.665000000000006,100.0,2
1230,1,35.0,35.0,100.0,2
1230,2,38.335,38.335,100.0,2
1240,0,51.665000000000006,51.665000000000006,100.0,1
1240,1,35.0,35.0,100.0,1
1240,2,13.335000000000003,13.335000000000003,100.0,1
1250,0,16.665,16.665,100.0,0
1250,1,40.0,40.0,100.0,0
1250,2,43.335,43.335,100.0,0
1260,0,16.665,16.665,100.0,1
1260,1,45.0,45.0,100.0,1
1260,2,38.334999999999994,38.334999999999994,100.0,1
1270,0,16.665000000000003,16.665000000000003,100.0,0
1270,1,35.0,35.0,100.0,0
1270,2,48.335,48.335,100.0,0
1280,0,16.665,16.665,100.0,1
1280,1,45.0,45.0,100.0,1
1280,2,38.334999999999994,38.334999999999994,100.0,1
1290,0,16.665000000000003,16.665000000000003,100.0,2
1290,1,70.0,70.0,100.0,2
1290,2,13.335000000000003,13.335000000000003,100.0,2
1300,0,31.665,31.665,100.0,2
1300,1,55.00000000000001,55.00000000000001,100.0,2
1300,2,13.334999999999999,13.334999999999999,100.0,2
1310,0,31.665,31.665,100.0,2
1310,1,55.00000000000001,55.00000000000001,100.0,2
1310,2,13.334999999999999,13.334999999999999,100.0,2
1320,0,31.665,31.665,100.0,2
1320,1,55.00000000000001,55.00000000000001,100.0,2
1320,2,13.334999999999999,13.334999999999999,100.0,2
1330,0,31.665,31.665,100.0,2
1330,1,55.00000000000001,55.00000000000001,100.0,2
1330,2,13.334999999999999,13.334999999999999,100.0,2
1340,0,31.665,31.665,100.0,2
1340,1,55.00000000000001,55.00000000000001,100.0,2
1340,2,13.334999999999999,13.334999999999999,100.0,2
1350,0,31.665,31.665,100.0,2
1350,1,55.00000000000001,55.00000000000001,100.0,2
1350,2,13.334999999999999,13.334999999999999,100.0,2
1360,0,31.665,31.665,100.0,2
1360,1,55.00000000000001,55.00000000000001,100.0,2
1360,2,13.334999999999999,13.334999999999999,100.0,2
1370,0,31.665,31.665,100.0,2
1370,1,55.00000000000001,55.00000000000001,100.0,2
1370,2,13.334999999999999,13.334999999999999,100.0,2
1380,0,36.665000000000006,36.665000000000006,100.0,1
1380,1,50.0,50.0,100.0,1
1380,2,13.334999999999999,13.334999999999999,100.0,1
1390,0,36.665000000000006,36.665000000000006,100.0,1
1390,1,50.0,50.0,100.0,1
1390,2,13.334999999999999,13.334999999999999,100.0,1
1400,0,16.665,16.665,100.0,0
1400,1,45.0,45.0,100.0,0
1400,2,38.334999999999994,38.334999999999994,100.0,0
1410,0,26.665,26.665,100.0,0
1410,1,25.0,25.0,100.0,0
1410,2,48.334999999999994,48.334999999999994,100.0,0
1420,0,16.665,16.665,100.0,1
1420,1,45.0,45.0,100.0,1
1420,2,38.334999999999994,38.334999999999994,100.0,1
1430,0,26.665,26.665,100.0,0
1430,1,25.0,25.0,100.0,0
1430,2,48.334999999999994,48.334999999999994,100.0,0
1440,0,16.665,16.665,100.0,0
1440,1,65.0,65.0,100.0,0
1440,2,18.335,18.335,100.0,0
1450,0,26.665,26.665,100.0,0
1450,1,25.0,25.0,100.0,0
1450,2,48.334999999999994,48.334999999999994,100.0,0
1460,0,16.665,16.665,100.0,2
1460,1,40.0,40.0,100.0,2
1460,2,43.335,43.335,100.0,2
1470,0,46.665,46.665,100.0,2
1470,1,20.0,20.0,100.0,2
1470,2,33.335,33.335,100.0,2
1480,0,46.665,46.665,100.0,2
1480,1,20.0,20.0,100.0,2
1480,2,33.335,33.335,100.0,2
1490,0,46.665,46.665,100.0,2
1490,1,20.0,20.0,100.0,2
1490,2,33.335,33.335,100.0,2
1500,0,46.665,46.665,100.0,2
1500,1,20.0,20.0,100.0,2
1500,2,33.335,33.335,100.0,2
