timestamp,ueImsi,sliceId,dTxBytes,dRxBytes,plr,resourceSharePct,dLostPackets,throughputMbps,bufferBytes
830,1,0,24448,4584,81.25,39.78,13,3.6672,670528
830,2,0,24448,4584,81.25,39.78,13,3.6672,670533
830,3,0,24448,4584,81.25,39.78,13,3.6672,670595
830,4,0,24448,4584,81.25,39.78,13,3.6672,670564
830,5,0,24448,4584,81.25,39.78,13,3.6672,670454
830,6,1,390,390,0.00,40.64,0,0.3120,87
830,7,1,390,390,0.00,40.64,0,0.3120,87
830,8,1,390,390,0.00,40.64,0,0.3120,87
830,9,1,390,390,0.00,40.64,0,0.3120,87
830,10,1,390,390,0.00,40.64,0,0.3120,87
830,11,2,16000,1152,92.80,19.58,116,0.9216,499186
830,12,2,16000,1152,92.80,19.58,116,0.9216,499183
830,13,2,16000,1152,92.80,19.58,116,0.9216,499241
830,14,2,16000,1152,92.80,19.58,116,0.9216,499196
830,15,2,16000,1152,92.80,19.58,116,0.9216,499184
830,16,2,16000,1280,92.00,19.58,115,1.0240,499235
830,17,2,16000,1152,92.80,19.58,116,0.9216,499265
830,18,2,16000,1280,92.00,19.58,115,1.0240,499186
830,19,2,16000,1280,92.00,19.58,115,1.0240,499229
830,20,2,16000,1152,92.80,19.58,116,0.9216,499228
