timestamp,ueImsi,sliceId,dTxBytes,dRxBytes,plr,resourceSharePct,dLostPackets,throughputMbps,bufferBytes
560,1,0,24448,1528,93.75,36.67,15,1.2224,134942
560,2,0,24448,1528,93.75,36.67,15,1.2224,134943
560,3,0,24448,1528,93.75,36.67,15,1.2224,135005
560,4,0,24448,1528,93.75,36.67,15,1.2224,133649
560,5,0,24448,1528,93.75,36.67,15,1.2224,133551
560,6,1,780,624,20.00,25.00,2,0.4992,126
560,7,1,780,624,20.00,25.00,2,0.4992,126
560,8,1,780,624,20.00,25.00,2,0.4992,126
560,9,1,780,624,20.00,25.00,2,0.4992,225
560,10,1,780,624,20.00,25.00,2,0.4992,225
560,11,2,16000,768,95.20,38.33,119,0.6144,92229
560,12,2,16000,768,95.20,38.33,119,0.6144,92229
560,13,2,16000,768,95.20,38.33,119,0.6144,92133
560,14,2,16000,768,95.20,38.33,119,0.6144,92133
560,15,2,16000,896,94.40,38.33,118,0.7168,92193
560,16,2,16000,896,94.40,38.33,118,0.7168,91024
560,17,2,16000,896,94.40,38.33,118,0.7168,91024
560,18,2,16000,896,94.40,38.33,118,0.7168,91024
560,19,2,16000,896,94.40,38.33,118,0.7168,91022
560,20,2,16000,896,94.40,38.33,118,0.7168,91022
