timestamp,ueImsi,sliceId,dTxBytes,dRxBytes,plr,resourceSharePct,dLostPackets,throughputMbps,bufferBytes
1510,1,0,35144,19864,43.48,34.03,10,15.8912,592123
1510,2,0,35144,24448,30.43,34.03,7,19.5584,25622
1510,3,1,1014,702,30.77,36.95,4,0.5616,333
1510,4,1,1014,702,30.77,36.95,4,0.5616,333
1510,5,2,256,256,0.00,29.02,0,0.2048,32
1510,6,2,256,256,0.00,29.02,0,0.2048,32
1510,7,2,256,256,0.00,29.02,0,0.2048,32
1510,8,2,256,0,100.00,29.02,2,0.0000,137
1510,9,2,256,256,0.00,29.02,0,0.2048,24
1510,10,2,256,256,0.00,29.02,0,0.2048,24
