seed,scenario,episode,step,algo_mode,reward_mode,slice_id,slice,throughput_mbps,dTxBytes,dRxBytes,bufferBytes_mean,bufferBytes_max,plr_pct,pdr_pct,dLostPackets,resourceSharePct,action_embb,action_urllc,action_mtc,scheduler_id,scheduler_name,raw_action,reward,resource_efficiency,need_allocation_match,over_allocation,under_allocation,action_smoothness_penalty,resource_efficient_shaping,outage_flag,soft_flag,terminated,truncated,sim_id
5,low_traffic,131,1,continuous,resource_efficient,0,eMBB,14.6688,70288.0,18336.0,29448.0,29448.0,73.91499999999999,26.085000000000008,34.0,35.12,35.11638028310763,30.93698650559345,33.946633211298916,-1,PF(default),"[0.012391707859933376, -0.5105971693992615, 0.1231081634759903]",0.42587104229423123,0.21819119580661142,0.6162553188524622,0.3237446811475378,0.35374468114753777,0.17676279468632974,0.02255329073848313,False,False,False,False,4dbce96d-c8ba-43da-805c-6896990eee02
5,low_traffic,131,1,continuous,resource_efficient,1,URLLC,1.4976,1872.0,1872.0,333.0,333.0,0.0,100.0,0.0,30.94,35.11638028310763,30.93698650559345,33.946633211298916,-1,PF(default),"[0.012391707859933376, -0.5105971693992615, 0.1231081634759903]",0.42587104229423123,0.21819119580661142,0.6162553188524622,0.3237446811475378,0.35374468114753777,0.17676279468632974,0.02255329073848313,False,False,False,False,4dbce96d-c8ba-43da-805c-6896990eee02
5,low_traffic,131,1,continuous,resource_efficient,2,MTC,0.4096,1536.0,512.0,137.0,137.0,66.66666666666667,33.33333333333333,8.0,33.949999999999996,35.11638028310763,30.93698650559345,33.946633211298916,-1,PF(default),"[0.012391707859933376, -0.5105971693992615, 0.1231081634759903]",0.42587104229423123,0.21819119580661142,0.6162553188524622,0.3237446811475378,0.35374468114753777,0.17676279468632974,0.02255329073848313,False,False,False,False,4dbce96d-c8ba-43da-805c-6896990eee02
5,low_traffic,131,2,continuous,resource_efficient,0,eMBB,17.1136,70288.0,21392.0,53400.5,61327.0,69.57,30.430000000000007,32.0,35.79,35.78511213441046,27.902287068377298,36.312600797212234,-1,PF(default),"[0.06861287355422974, -0.8149756789207458, 0.2523919641971588]",0.4305504371335269,0.26272922610027005,0.5760158390616065,0.3639841609383935,0.3939841609383936,0.03034699437216154,0.014637998938409821,False,False,False,False,4dbce96d-c8ba-43da-805c-6896990eee02
5,low_traffic,131,2,continuous,resource_efficient,1,URLLC,1.6224,2028.0,2028.0,87.0,87.0,0.0,100.0,0.0,27.9,35.78511213441046,27.902287068377298,36.312600797212234,-1,PF(default),"[0.06861287355422974, -0.8149756789207458, 0.2523919641971588]",0.4305504371335269,0.26272922610027005,0.5760158390616065,0.3639841609383935,0.3939841609383936,0.03034699437216154,0.014637998938409821,False,False,False,False,4dbce96d-c8ba-43da-805c-6896990eee02
5,low_traffic,131,2,continuous,resource_efficient,2,MTC,1.2288,1536.0,1536.0,128.5,137.0,33.333333333333336,66.66666666666666,4.0,36.31,35.78511213441046,27.902287068377298,36.312600797212234,-1,PF(default),"[0.06861287355422974, -0.8149756789207458, 0.2523919641971588]",0.4305504371335269,0.26272922610027005,0.5760158390616065,0.3639841609383935,0.3939841609383936,0.03034699437216154,0.014637998938409821,False,False,False,False,4dbce96d-c8ba-43da-805c-6896990eee02
5,low_traffic,131,3,continuous,resource_efficient,0,eMBB,80.67840000000001,70288.0,100848.0,39099.5,55655.0,0.0,100.0,0.0,48.79,48.79465871507659,28.47038579913166,22.734955485791748,-1,PF(default),"[0.5828958749771118, -0.7503076195716858, -0.6461787223815918]",0.6722540619139837,0.6952393800602564,0.7259724261597649,0.21402757384023502,0.24402757384023513,0.1357764531142049,0.18584250905219998,False,False,False,False,4dbce96d-c8ba-43da-805c-6896990eee02
5,low_traffic,131,3,continuous,resource_efficient,1,URLLC,1.6224,1872.0,2028.0,87.0,87.0,0.0,100.0,0.0,28.47,48.79465871507659,28.47038579913166,22.734955485791748,-1,PF(default),"[0.5828958749771118, -0.7503076195716858, -0.6461787223815918]",0.6722540619139837,0.6952393800602564,0.7259724261597649,0.21402757384023502,0.24402757384023513,0.1357764531142049,0.18584250905219998,False,False,False,False,4dbce96d-c8ba-43da-805c-6896990eee02
5,low_traffic,131,3,continuous,resource_efficient,2,MTC,0.8192,1536.0,1024.0,137.0,137.0,33.333333333333336,66.66666666666666,4.0,22.73,48.79465871507659,28.47038579913166,22.734955485791748,-1,PF(default),"[0.5828958749771118, -0.7503076195716858, -0.6461787223815918]",0.6722540619139837,0.6952393800602564,0.7259724261597649,0.21402757384023502,0.24402757384023513,0.1357764531142049,0.18584250905219998,False,False,False,False,4dbce96d-c8ba-43da-805c-6896990eee02
5,low_traffic,131,4,continuous,resource_efficient,0,eMBB,46.4512,70288.0,58064.0,42428.0,71900.0,23.915,76.08500000000001,11.0,27.0,26.995251190306256,29.168465888443716,43.83628292125004,-1,PF(default),"[-0.4106494188308716, -0.529956042766571, 0.672042727470398]",0.4577945219700894,0.42337553591100957,0.5293899748141482,0.41061002518585177,0.4406100251858519,0.21799407524770337,0.00940938830830566,False,False,False,False,4dbce96d-c8ba-43da-805c-6896990eee02
5,low_traffic,131,4,continuous,resource_efficient,1,URLLC,1.248,2028.0,1560.0,87.0,87.0,23.08,76.92,6.0,29.17,26.995251190306256,29.168465888443716,43.83628292125004,-1,PF(default),"[-0.4106494188308716, -0.529956042766571, 0.672042727470398]",0.4577945219700894,0.42337553591100957,0.5293899748141482,0.41061002518585177,0.4406100251858519,0.21799407524770337,0.00940938830830566,False,False,False,False,4dbce96d-c8ba-43da-805c-6896990eee02
5,low_traffic,131,4,continuous,resource_efficient,2,MTC,0.8192,1536.0,1024.0,137.0,137.0,33.333333333333336,66.66666666666666,4.0,43.84,26.995251190306256,29.168465888443716,43.83628292125004,-1,PF(default),"[-0.4106494188308716, -0.529956042766571, 0.672042727470398]",0.4577945219700894,0.42337553591100957,0.5293899748141482,0.41061002518585177,0.4406100251858519,0.21799407524770337,0.00940938830830566,False,False,False,False,4dbce96d-c8ba-43da-805c-6896990eee02
5,low_traffic,131,5,continuous,resource_efficient,0,eMBB,56.230399999999996,70288.0,70288.0,44694.0,81617.0,21.74,78.26,10.0,47.48,47.47551067773493,26.531888780145852,25.992600542119217,-1,PF(default),"[0.9605119824409485, -0.5906477570533752, 0.07091396301984787]",0.0,0.6702541603363967,0.6965570518510336,0.2434429481489665,0.2734429481489664,0.2048025948742868,0.0,False,True,False,False,4dbce96d-c8ba-43da-805c-6896990eee02
5,low_traffic,131,5,continuous,resource_efficient,1,URLLC,1.6224,1872.0,2028.0,87.0,87.0,0.0,100.0,0.0,26.53,47.47551067773493,26.531888780145852,25.992600542119217,-1,PF(default),"[0.9605119824409485, -0.5906477570533752, 0.07091396301984787]",0.0,0.6702541603363967,0.6965570518510336,0.2434429481489665,0.2734429481489664,0.2048025948742868,0.0,False,False,False,False,4dbce96d-c8ba-43da-805c-6896990eee02
5,low_traffic,131,5,continuous,resource_efficient,2,MTC,0.8192,1536.0,1024.0,119.16666666666667,137.0,33.333333333333336,66.66666666666666,4.0,25.99,47.47551067773493,26.531888780145852,25.992600542119217,-1,PF(default),"[0.9605119824409485, -0.5906477570533752, 0.07091396301984787]",0.0,0.6702541603363967,0.6965570518510336,0.2434429481489665,0.2734429481489664,0.2048025948742868,0.0,False,False,False,False,4dbce96d-c8ba-43da-805c-6896990eee02
5,low_traffic,131,6,continuous,resource_efficient,0,eMBB,48.896,70288.0,61120.0,50346.0,94559.0,15.215,84.785,7.0,42.28,42.275872272348856,27.909103550147172,29.815024177503975,-1,PF(default),"[0.5233898758888245, -0.6516126394271851, 0.08252190798521042]",0.0,0.5540439905381674,0.6432742108046857,0.29672578919531434,0.32672578919531425,0.051996384053860784,0.0,False,True,False,False,4dbce96d-c8ba-43da-805c-6896990eee02
5,low_traffic,131,6,continuous,resource_efficient,1,URLLC,1.7472,2028.0,2184.0,169.0,169.0,0.0,100.0,0.0,27.91,42.275872272348856,27.909103550147172,29.815024177503975,-1,PF(default),"[0.5233898758888245, -0.6516126394271851, 0.08252190798521042]",0.0,0.5540439905381674,0.6432742108046857,0.29672578919531434,0.32672578919531425,0.051996384053860784,0.0,False,False,False,False,4dbce96d-c8ba-43da-805c-6896990eee02
5,low_traffic,131,6,continuous,resource_efficient,2,MTC,0.8192,1536.0,1024.0,137.0,137.0,33.333333333333336,66.66666666666666,4.0,29.819999999999997,42.275872272348856,27.909103550147172,29.815024177503975,-1,PF(default),"[0.5233898758888245, -0.6516126394271851, 0.08252190798521042]",0.0,0.5540439905381674,0.6432742108046857,0.29672578919531434,0.32672578919531425,0.051996384053860784,0.0,False,False,False,False,4dbce96d-c8ba-43da-805c-6896990eee02
5,low_traffic,131,7,continuous,resource_efficient,0,eMBB,44.0064,70288.0,55008.0,57961.5,114386.0,23.915,76.08500000000001,11.0,44.67,44.66983751783399,37.18197968105845,18.148182801107563,-1,PF(default),"[0.8768568634986877, 0.3883407413959503, -0.8841618299484253]",0.0,0.546322328907999,0.6591735315957661,0.2808264684042339,0.3108264684042338,0.1166684137639641,0.0,False,True,False,False,4dbce96d-c8ba-43da-805c-6896990eee02
5,low_traffic,131,7,continuous,resource_efficient,1,URLLC,1.6224,1872.0,2028.0,87.0,87.0,0.0,100.0,0.0,37.18,44.66983751783399,37.18197968105845,18.148182801107563,-1,PF(default),"[0.8768568634986877, 0.3883407413959503, -0.8841618299484253]",0.0,0.546322328907999,0.6591735315957661,0.2808264684042339,0.3108264684042338,0.1166684137639641,0.0,False,False,False,False,4dbce96d-c8ba-43da-805c-6896990eee02
5,low_traffic,131,7,continuous,resource_efficient,2,MTC,1.2288,1536.0,1536.0,137.0,137.0,33.333333333333336,66.66666666666666,4.0,18.150000000000002,44.66983751783399,37.18197968105845,18.148182801107563,-1,PF(default),"[0.8768568634986877, 0.3883407413959503, -0.8841618299484253]",0.0,0.546322328907999,0.6591735315957661,0.2808264684042339,0.3108264684042338,0.1166684137639641,0.0,False,False,False,False,4dbce96d-c8ba-43da-805c-6896990eee02
5,low_traffic,131,8,continuous,resource_efficient,0,eMBB,42.784,70288.0,53480.0,65080.0,128623.0,23.915,76.08500000000001,11.0,31.03,31.032100650053806,41.6239781523367,27.343921197609504,-1,PF(default),"[-0.05711261183023453, 0.3517492711544037, -0.08235917240381241]",0.0,0.4082044741877253,0.5300480974167131,0.40995190258328695,0.43995190258328687,0.13637736867780187,0.0,False,True,False,False,4dbce96d-c8ba-43da-805c-6896990eee02
5,low_traffic,131,8,continuous,resource_efficient,1,URLLC,1.4976,2028.0,1872.0,87.0,87.0,7.69,92.31,2.0,41.62,31.032100650053806,41.6239781523367,27.343921197609504,-1,PF(default),"[-0.05711261183023453, 0.3517492711544037, -0.08235917240381241]",0.0,0.4082044741877253,0.5300480974167131,0.40995190258328695,0.43995190258328687,0.13637736867780187,0.0,False,False,False,False,4dbce96d-c8ba-43da-805c-6896990eee02
5,low_traffic,131,8,continuous,resource_efficient,2,MTC,0.8192,1536.0,1024.0,137.0,137.0,33.333333333333336,66.66666666666666,4.0,27.34,31.032100650053806,41.6239781523367,27.343921197609504,-1,PF(default),"[-0.05711261183023453, 0.3517492711544037, -0.08235917240381241]",0.0,0.4082044741877253,0.5300480974167131,0.40995190258328695,0.43995190258328687,0.13637736867780187,0.0,False,False,False,False,4dbce96d-c8ba-43da-805c-6896990eee02
5,low_traffic,131,9,continuous,resource_efficient,0,eMBB,50.1184,70288.0,62648.0,69918.5,138300.0,10.87,89.13,5.0,45.93,45.92593341267839,30.03261290630885,24.041453681012758,-1,PF(default),"[0.5736383199691772, -0.496773898601532, -0.4317682683467865]",0.0,0.5887283500629755,0.6692385005269021,0.2707614994730978,0.3007614994730978,0.1489383276262459,0.0,False,True,False,False,4dbce96d-c8ba-43da-805c-6896990eee02
5,low_traffic,131,9,continuous,resource_efficient,1,URLLC,1.6224,1872.0,2028.0,87.0,87.0,0.0,100.0,0.0,30.03,45.92593341267839,30.03261290630885,24.041453681012758,-1,PF(default),"[0.5736383199691772, -0.496773898601532, -0.4317682683467865]",0.0,0.5887283500629755,0.6692385005269021,0.2707614994730978,0.3007614994730978,0.1489383276262459,0.0,False,False,False,False,4dbce96d-c8ba-43da-805c-6896990eee02
5,low_traffic,131,9,continuous,resource_efficient,2,MTC,0.8192,1536.0,1024.0,137.0,137.0,33.333333333333336,66.66666666666666,4.0,24.039999999999996,45.92593341267839,30.03261290630885,24.041453681012758,-1,PF(default),"[0.5736383199691772, -0.496773898601532, -0.4317682683467865]",0.0,0.5887283500629755,0.6692385005269021,0.2707614994730978,0.3007614994730978,0.1489383276262459,0.0,False,False,False,False,4dbce96d-c8ba-43da-805c-6896990eee02
5,low_traffic,131,10,continuous,resource_efficient,0,eMBB,35.449600000000004,70288.0,44312.0,72838.0,144139.0,36.96,63.04,17.0,40.29,40.28664636235255,23.620411630726863,36.092942006920595,-1,PF(default),"[0.978631854057312, -0.8969439268112183, 0.9413825273513794]",0.0,0.41271418358230827,0.6180464935114851,0.32195350648851484,0.35195350648851476,0.12051488325907826,0.0,False,True,False,False,4dbce96d-c8ba-43da-805c-6896990eee02
5,low_traffic,131,10,continuous,resource_efficient,1,URLLC,1.4976,2028.0,1872.0,87.0,87.0,7.69,92.31,2.0,23.62,40.28664636235255,23.620411630726863,36.092942006920595,-1,PF(default),"[0.978631854057312, -0.8969439268112183, 0.9413825273513794]",0.0,0.41271418358230827,0.6180464935114851,0.32195350648851484,0.35195350648851476,0.12051488325907826,0.0,False,False,False,False,4dbce96d-c8ba-43da-805c-6896990eee02
5,low_traffic,131,10,continuous,resource_efficient,2,MTC,0.8192,1536.0,1024.0,159.0,269.0,33.333333333333336,66.66666666666666,4.0,36.09,40.28664636235255,23.620411630726863,36.092942006920595,-1,PF(default),"[0.978631854057312, -0.8969439268112183, 0.9413825273513794]",0.0,0.41271418358230827,0.6180464935114851,0.32195350648851484,0.35195350648851476,0.12051488325907826,0.0,False,False,False,False,4dbce96d-c8ba-43da-805c-6896990eee02
5,low_traffic,131,11,continuous,resource_efficient,0,eMBB,50.1184,67232.0,62648.0,86582.5,168637.0,6.82,93.18,3.0,40.18,40.17954429243987,31.12392273255397,28.69653297500616,-1,PF(default),"[0.6979918479919434, -0.050529297441244125, 0.27223923802375793]",0.0,0.5566392736124084,0.6159389760506657,0.3240610239493342,0.35406102394933414,0.07503511101827108,0.0,False,True,False,False,4dbce96d-c8ba-43da-805c-6896990eee02
5,low_traffic,131,11,continuous,resource_efficient,1,URLLC,1.3728,1872.0,1716.0,87.0,87.0,8.33,91.67,2.0,31.12,40.17954429243987,31.12392273255397,28.69653297500616,-1,PF(default),"[0.6979918479919434, -0.050529297441244125, 0.27223923802375793]",0.0,0.5566392736124084,0.6159389760506657,0.3240610239493342,0.35406102394933414,0.07503511101827108,0.0,False,False,False,False,4dbce96d-c8ba-43da-805c-6896990eee02
5,low_traffic,131,11,continuous,resource_efficient,2,MTC,0.8192,1536.0,1024.0,137.0,137.0,33.333333333333336,66.66666666666666,4.0,28.7,40.17954429243987,31.12392273255397,28.69653297500616,-1,PF(default),"[0.6979918479919434, -0.050529297441244125, 0.27223923802375793]",0.0,0.5566392736124084,0.6159389760506657,0.3240610239493342,0.35406102394933414,0.07503511101827108,0.0,False,False,False,False,4dbce96d-c8ba-43da-805c-6896990eee02
5,low_traffic,131,12,continuous,resource_efficient,0,eMBB,42.784,70288.0,53480.0,92542.5,180738.0,26.085,73.91499999999999,12.0,24.83,24.828935795864858,36.76483814498657,38.40622605914859,-1,PF(default),"[-0.18894422054290771, 0.530613124370575, 0.9330502152442932]",0.0,0.3610573282285105,0.4848618192451073,0.4551381807548928,0.4851381807548927,0.15350608496575016,0.0,False,True,False,False,4dbce96d-c8ba-43da-805c-6896990eee02
5,low_traffic,131,12,continuous,resource_efficient,1,URLLC,1.6224,2028.0,2028.0,87.0,87.0,0.0,100.0,0.0,36.76,24.828935795864858,36.76483814498657,38.40622605914859,-1,PF(default),"[-0.18894422054290771, 0.530613124370575, 0.9330502152442932]",0.0,0.3610573282285105,0.4848618192451073,0.4551381807548928,0.4851381807548927,0.15350608496575016,0.0,False,False,False,False,4dbce96d-c8ba-43da-805c-6896990eee02
5,low_traffic,131,12,continuous,resource_efficient,2,MTC,0.8192,2304.0,1024.0,137.0,137.0,55.55333333333332,44.44666666666668,10.0,38.41,24.828935795864858,36.76483814498657,38.40622605914859,-1,PF(default),"[-0.18894422054290771, 0.530613124370575, 0.9330502152442932]",0.0,0.3610573282285105,0.4848618192451073,0.4551381807548928,0.4851381807548927,0.15350608496575016,0.0,False,False,False,False,4dbce96d-c8ba-43da-805c-6896990eee02
5,low_traffic,131,13,continuous,resource_efficient,0,eMBB,45.2288,70288.0,56536.0,104489.5,201314.0,21.74,78.26,10.0,36.01,36.00927416524031,26.84999260017411,37.140733234585575,-1,PF(default),"[0.2381935864686966, -0.7999553084373474, 0.4457235634326935]",0.0,0.455289004055728,0.5606714271760667,0.3793285728239334,0.4093285728239333,0.11180338369375459,0.0,False,True,False,False,4dbce96d-c8ba-43da-805c-6896990eee02
5,low_traffic,131,13,continuous,resource_efficient,1,URLLC,1.6224,1872.0,2028.0,251.0,251.0,0.0,100.0,0.0,26.85,36.00927416524031,26.84999260017411,37.140733234585575,-1,PF(default),"[0.2381935864686966, -0.7999553084373474, 0.4457235634326935]",0.0,0.455289004055728,0.5606714271760667,0.3793285728239334,0.4093285728239333,0.11180338369375459,0.0,False,False,False,False,4dbce96d-c8ba-43da-805c-6896990eee02
5,low_traffic,131,13,continuous,resource_efficient,2,MTC,0.8192,1536.0,1024.0,137.0,137.0,33.333333333333336,66.66666666666666,4.0,37.13999999999999,36.00927416524031,26.84999260017411,37.140733234585575,-1,PF(default),"[0.2381935864686966, -0.7999553084373474, 0.4457235634326935]",0.0,0.455289004055728,0.5606714271760667,0.3793285728239334,0.4093285728239333,0.11180338369375459,0.0,False,False,False,False,4dbce96d-c8ba-43da-805c-6896990eee02
5,low_traffic,131,14,continuous,resource_efficient,0,eMBB,50.118399999999994,70288.0,62648.0,101396.5,201256.0,13.045,86.955,6.0,37.91,37.90614823805676,34.94823400750523,27.14561775443801,-1,PF(default),"[0.47776538133621216, 0.12641829252243042, 0.047262825071811676]",0.0,0.5111356668603503,0.579919883564774,0.36008011643522597,0.390080116435226,0.09995115480147565,0.0,False,True,False,False,4dbce96d-c8ba-43da-805c-6896990eee02
5,low_traffic,131,14,continuous,resource_efficient,1,URLLC,1.6224,2028.0,2028.0,87.0,87.0,0.0,100.0,0.0,34.95,37.90614823805676,34.94823400750523,27.14561775443801,-1,PF(default),"[0.47776538133621216, 0.12641829252243042, 0.047262825071811676]",0.0,0.5111356668603503,0.579919883564774,0.36008011643522597,0.390080116435226,0.09995115480147565,0.0,False,False,False,False,4dbce96d-c8ba-43da-805c-6896990eee02
5,low_traffic,131,14,continuous,resource_efficient,2,MTC,0.8192,1536.0,1024.0,137.0,137.0,33.333333333333336,66.66666666666666,4.0,27.150000000000002,37.90614823805676,34.94823400750523,27.14561775443801,-1,PF(default),"[0.47776538133621216, 0.12641829252243042, 0.047262825071811676]",0.0,0.5111356668603503,0.579919883564774,0.36008011643522597,0.390080116435226,0.09995115480147565,0.0,False,False,False,False,4dbce96d-c8ba-43da-805c-6896990eee02
5,low_traffic,131,15,continuous,resource_efficient,0,eMBB,30.560000000000002,70288.0,38200.0,118822.0,232221.0,45.650000000000006,54.349999999999994,21.0,25.86,25.856631871874967,37.915529529035716,36.22783859908931,-1,PF(default),"[0.0537845641374588, 0.7211589813232422, 0.9663152098655701]",0.0,0.27336603102977564,0.45384003526925376,0.48615996473074624,0.5161599647307461,0.1204951636618179,0.0,False,True,False,False,4dbce96d-c8ba-43da-805c-6896990eee02
5,low_traffic,131,15,continuous,resource_efficient,1,URLLC,1.6224,1872.0,2028.0,87.0,87.0,0.0,100.0,0.0,37.92,25.856631871874967,37.915529529035716,36.22783859908931,-1,PF(default),"[0.0537845641374588, 0.7211589813232422, 0.9663152098655701]",0.0,0.27336603102977564,0.45384003526925376,0.48615996473074624,0.5161599647307461,0.1204951636618179,0.0,False,False,False,False,4dbce96d-c8ba-43da-805c-6896990eee02
5,low_traffic,131,15,continuous,resource_efficient,2,MTC,0.8192,1536.0,1024.0,137.0,137.0,33.333333333333336,66.66666666666666,4.0,36.23,25.856631871874967,37.915529529035716,36.22783859908931,-1,PF(default),"[0.0537845641374588, 0.7211589813232422, 0.9663152098655701]",0.0,0.27336603102977564,0.45384003526925376,0.48615996473074624,0.5161599647307461,0.1204951636618179,0.0,False,False,False,False,4dbce96d-c8ba-43da-805c-6896990eee02
5,low_traffic,131,16,continuous,resource_efficient,0,eMBB,48.896,70288.0,61120.0,126517.0,251497.0,19.565,80.435,9.0,39.43,39.42727089133845,43.625301655032736,16.947427453628812,-1,PF(default),"[0.8943321108818054, 0.9315459728240967, -0.946392297744751]",0.0,0.5107824445714905,0.5959165243758506,0.3440834756241494,0.37408347562414934,0.19280411145460497,0.0,False,True,False,False,4dbce96d-c8ba-43da-805c-6896990eee02
5,low_traffic,131,16,continuous,resource_efficient,1,URLLC,1.4976,2028.0,1872.0,87.0,87.0,7.69,92.31,2.0,43.63,39.42727089133845,43.625301655032736,16.947427453628812,-1,PF(default),"[0.8943321108818054, 0.9315459728240967, -0.946392297744751]",0.0,0.5107824445714905,0.5959165243758506,0.3440834756241494,0.37408347562414934,0.19280411145460497,0.0,False,False,False,False,4dbce96d-c8ba-43da-805c-6896990eee02
5,low_traffic,131,16,continuous,resource_efficient,2,MTC,0.8192,1536.0,1024.0,137.0,137.0,33.333333333333336,66.66666666666666,4.0,16.95,39.42727089133845,43.625301655032736,16.947427453628812,-1,PF(default),"[0.8943321108818054, 0.9315459728240967, -0.946392297744751]",0.0,0.5107824445714905,0.5959165243758506,0.3440834756241494,0.37408347562414934,0.19280411145460497,0.0,False,False,False,False,4dbce96d-c8ba-43da-805c-6896990eee02
5,low_traffic,131,17,continuous,resource_efficient,0,eMBB,42.784000000000006,70288.0,53480.0,130170.5,257272.0,23.915,76.08500000000001,11.0,47.01,47.0062722761413,32.24284669493465,20.750881028924052,-1,PF(default),"[0.6856716871261597, -0.22189539670944214, -0.7232134342193604]",0.0,0.516550584152776,0.6645319480623759,0.27546805193762414,0.30546805193762405,0.11382454960098089,0.0,False,True,False,False,4dbce96d-c8ba-43da-805c-6896990eee02
5,low_traffic,131,17,continuous,resource_efficient,1,URLLC,1.6224,1872.0,2028.0,87.0,87.0,0.0,100.0,0.0,32.24,47.0062722761413,32.24284669493465,20.750881028924052,-1,PF(default),"[0.6856716871261597, -0.22189539670944214, -0.7232134342193604]",0.0,0.516550584152776,0.6645319480623759,0.27546805193762414,0.30546805193762405,0.11382454960098089,0.0,False,False,False,False,4dbce96d-c8ba-43da-805c-6896990eee02
5,low_traffic,131,17,continuous,resource_efficient,2,MTC,0.8192,1536.0,1024.0,137.0,137.0,33.333333333333336,66.66666666666666,4.0,20.75,47.0062722761413,32.24284669493465,20.750881028924052,-1,PF(default),"[0.6856716871261597, -0.22189539670944214, -0.7232134342193604]",0.0,0.516550584152776,0.6645319480623759,0.27546805193762414,0.30546805193762405,0.11382454960098089,0.0,False,False,False,False,4dbce96d-c8ba-43da-805c-6896990eee02
5,low_traffic,131,18,continuous,resource_efficient,0,eMBB,42.784,70288.0,53480.0,138212.5,273208.0,23.915,76.08500000000001,11.0,28.1,28.098581952450726,34.17492201038071,37.72649603716856,-1,PF(default),"[-0.6824780702590942, -0.46755853295326233, 0.07520166784524918]",0.0,0.3706828966923359,0.49194462483342516,0.4480553751665748,0.4780553751665748,0.18907690323690576,0.0,False,True,False,False,4dbce96d-c8ba-43da-805c-6896990eee02
5,low_traffic,131,18,continuous,resource_efficient,1,URLLC,1.248,2028.0,1560.0,87.0,87.0,23.08,76.92,6.0,34.17,28.098581952450726,34.17492201038071,37.72649603716856,-1,PF(default),"[-0.6824780702590942, -0.46755853295326233, 0.07520166784524918]",0.0,0.3706828966923359,0.49194462483342516,0.4480553751665748,0.4780553751665748,0.18907690323690576,0.0,False,False,False,False,4dbce96d-c8ba-43da-805c-6896990eee02
5,low_traffic,131,18,continuous,resource_efficient,2,MTC,0.8192,1536.0,1024.0,159.0,269.0,33.333333333333336,66.66666666666666,4.0,37.73,28.098581952450726,34.17492201038071,37.72649603716856,-1,PF(default),"[-0.6824780702590942, -0.46755853295326233, 0.07520166784524918]",0.0,0.3706828966923359,0.49194462483342516,0.4480553751665748,0.4780553751665748,0.18907690323690576,0.0,False,False,False,False,4dbce96d-c8ba-43da-805c-6896990eee02
5,low_traffic,131,19,continuous,resource_efficient,0,eMBB,33.004799999999996,70288.0,41256.0,142249.0,281383.0,43.48,56.52,20.0,32.33,32.32617902131077,34.01046455434638,33.66335642434286,-1,PF(default),"[-0.6139141321182251, -0.7252945899963379, -0.3530823290348053]",0.0,0.32804420300353054,0.5150839244114228,0.4249160755885772,0.45491607558857716,0.042275970688600395,0.0,False,True,False,False,4dbce96d-c8ba-43da-805c-6896990eee02
5,low_traffic,131,19,continuous,resource_efficient,1,URLLC,1.6224,1872.0,2028.0,87.0,87.0,0.0,100.0,0.0,34.01,32.32617902131077,34.01046455434638,33.66335642434286,-1,PF(default),"[-0.6139141321182251, -0.7252945899963379, -0.3530823290348053]",0.0,0.32804420300353054,0.5150839244114228,0.4249160755885772,0.45491607558857716,0.042275970688600395,0.0,False,False,False,False,4dbce96d-c8ba-43da-805c-6896990eee02
5,low_traffic,131,19,continuous,resource_efficient,2,MTC,0.8192,1536.0,1024.0,137.0,137.0,33.333333333333336,66.66666666666666,4.0,33.66,32.32617902131077,34.01046455434638,33.66335642434286,-1,PF(default),"[-0.6139141321182251, -0.7252945899963379, -0.3530823290348053]",0.0,0.32804420300353054,0.5150839244114228,0.4249160755885772,0.45491607558857716,0.042275970688600395,0.0,False,False,False,False,4dbce96d-c8ba-43da-805c-6896990eee02
5,low_traffic,131,20,continuous,resource_efficient,0,eMBB,59.8976,70288.0,74872.0,148735.5,291338.0,0.0,100.0,0.0,48.2,48.19686869033916,29.459353567529522,22.343777742131323,-1,PF(default),"[0.7418457269668579, -0.4621489644050598, -0.5109536051750183]",0.0,0.6754496791173246,0.6754496791173246,0.2645503208826755,0.2945503208826754,0.15870689669028387,0.0,False,True,False,False,4dbce96d-c8ba-43da-805c-6896990eee02
5,low_traffic,131,20,continuous,resource_efficient,1,URLLC,1.7472,2028.0,2184.0,169.0,169.0,0.0,100.0,0.0,29.46,48.19686869033916,29.459353567529522,22.343777742131323,-1,PF(default),"[0.7418457269668579, -0.4621489644050598, -0.5109536051750183]",0.0,0.6754496791173246,0.6754496791173246,0.2645503208826755,0.2945503208826754,0.15870689669028387,0.0,False,False,False,False,4dbce96d-c8ba-43da-805c-6896990eee02
5,low_traffic,131,20,continuous,resource_efficient,2,MTC,1.2288,1536.0,1536.0,137.0,137.0,33.333333333333336,66.66666666666666,4.0,22.34,48.19686869033916,29.459353567529522,22.343777742131323,-1,PF(default),"[0.7418457269668579, -0.4621489644050598, -0.5109536051750183]",0.0,0.6754496791173246,0.6754496791173246,0.2645503208826755,0.2945503208826754,0.15870689669028387,0.0,False,False,False,False,4dbce96d-c8ba-43da-805c-6896990eee02
5,low_traffic,131,21,continuous,resource_efficient,0,eMBB,34.227199999999996,70288.0,42784.0,152687.0,303837.0,41.305,58.695,19.0,37.86,37.860941434488126,31.846772078246783,30.292286487265095,-1,PF(default),"[-0.06331733614206314, -0.6450716257095337, -0.28642943501472473]",0.0,0.3724075139195028,0.5691644750653475,0.37083552493465255,0.40083552493465247,0.10335927255851031,0.0,False,True,False,False,4dbce96d-c8ba-43da-805c-6896990eee02
5,low_traffic,131,21,continuous,resource_efficient,1,URLLC,1.6224,1872.0,2028.0,87.0,87.0,0.0,100.0,0.0,31.85,37.860941434488126,31.846772078246783,30.292286487265095,-1,PF(default),"[-0.06331733614206314, -0.6450716257095337, -0.28642943501472473]",0.0,0.3724075139195028,0.5691644750653475,0.37083552493465255,0.40083552493465247,0.10335927255851031,0.0,False,False,False,False,4dbce96d-c8ba-43da-805c-6896990eee02
5,low_traffic,131,21,continuous,resource_efficient,2,MTC,0.8192,1536.0,1024.0,137.0,137.0,33.333333333333336,66.66666666666666,4.0,30.289999999999996,37.860941434488126,31.846772078246783,30.292286487265095,-1,PF(default),"[-0.06331733614206314, -0.6450716257095337, -0.28642943501472473]",0.0,0.3724075139195028,0.5691644750653475,0.37083552493465255,0.40083552493465247,0.10335927255851031,0.0,False,False,False,False,4dbce96d-c8ba-43da-805c-6896990eee02
5,low_traffic,131,22,continuous,resource_efficient,0,eMBB,45.22880000000001,70288.0,56536.0,160422.0,319307.0,19.565,80.435,9.0,25.43,25.425321695212332,51.580904502910684,22.993773801876987,-1,PF(default),"[-0.6895226240158081, 0.5927973985671997, -0.5918885469436646]",0.0,0.36262202637027763,0.45024439978441133,0.4897556002155886,0.5197556002155886,0.19734132424663903,0.0,False,True,False,False,4dbce96d-c8ba-43da-805c-6896990eee02
5,low_traffic,131,22,continuous,resource_efficient,1,URLLC,1.4976,2028.0,1872.0,87.0,87.0,7.69,92.31,2.0,51.58,25.425321695212332,51.580904502910684,22.993773801876987,-1,PF(default),"[-0.6895226240158081, 0.5927973985671997, -0.5918885469436646]",0.0,0.36262202637027763,0.45024439978441133,0.4897556002155886,0.5197556002155886,0.19734132424663903,0.0,False,False,False,False,4dbce96d-c8ba-43da-805c-6896990eee02
5,low_traffic,131,22,continuous,resource_efficient,2,MTC,0.8192,1536.0,1024.0,137.0,137.0,33.333333333333336,66.66666666666666,4.0,22.99,25.425321695212332,51.580904502910684,22.993773801876987,-1,PF(default),"[-0.6895226240158081, 0.5927973985671997, -0.5918885469436646]",0.0,0.36262202637027763,0.45024439978441133,0.4897556002155886,0.5197556002155886,0.19734132424663903,0.0,False,False,False,False,4dbce96d-c8ba-43da-805c-6896990eee02
5,low_traffic,131,23,continuous,resource_efficient,0,eMBB,42.784,67232.0,53480.0,170124.5,338712.0,20.455,79.545,9.0,38.18,38.17700721564652,26.01921016223082,35.80378262212266,-1,PF(default),"[0.4888749420642853, -0.7847802639007568, 0.5323905944824219]",0.0,0.4602878451448331,0.5713968859012172,0.3686031140987828,0.3986031140987828,0.25561694340679864,0.0,False,True,False,False,4dbce96d-c8ba-43da-805c-6896990eee02
5,low_traffic,131,23,continuous,resource_efficient,1,URLLC,1.6224,1872.0,2028.0,87.0,87.0,0.0,100.0,0.0,26.02,38.17700721564652,26.01921016223082,35.80378262212266,-1,PF(default),"[0.4888749420642853, -0.7847802639007568, 0.5323905944824219]",0.0,0.4602878451448331,0.5713968859012172,0.3686031140987828,0.3986031140987828,0.25561694340679864,0.0,False,False,False,False,4dbce96d-c8ba-43da-805c-6896990eee02
5,low_traffic,131,23,continuous,resource_efficient,2,MTC,0.8192,1536.0,1024.0,137.0,137.0,33.333333333333336,66.66666666666666,4.0,35.800000000000004,38.17700721564652,26.01921016223082,35.80378262212266,-1,PF(default),"[0.4888749420642853, -0.7847802639007568, 0.5323905944824219]",0.0,0.4602878451448331,0.5713968859012172,0.3686031140987828,0.3986031140987828,0.25561694340679864,0.0,False,False,False,False,4dbce96d-c8ba-43da-805c-6896990eee02
5,low_traffic,131,24,continuous,resource_efficient,0,eMBB,61.12,70288.0,76400.0,174445.5,347354.0,4.35,95.65,2.0,34.58,34.58190755511551,37.74691849117523,27.67117395370926,-1,PF(default),"[0.5385459065437317, 0.5290129780769348, 0.3155870735645294]",0.0,0.5246130174195285,0.5634297944971517,0.3765702055028483,0.4065702055028484,0.11727708328944411,0.0,False,True,False,False,4dbce96d-c8ba-43da-805c-6896990eee02
5,low_traffic,131,24,continuous,resource_efficient,1,URLLC,1.4976,2028.0,1872.0,87.0,87.0,7.69,92.31,2.0,37.75,34.58190755511551,37.74691849117523,27.67117395370926,-1,PF(default),"[0.5385459065437317, 0.5290129780769348, 0.3155870735645294]",0.0,0.5246130174195285,0.5634297944971517,0.3765702055028483,0.4065702055028484,0.11727708328944411,0.0,False,False,False,False,4dbce96d-c8ba-43da-805c-6896990eee02
5,low_traffic,131,24,continuous,resource_efficient,2,MTC,0.8192,2304.0,1024.0,137.0,137.0,55.55333333333332,44.44666666666668,10.0,27.670000000000005,34.58190755511551,37.74691849117523,27.67117395370926,-1,PF(default),"[0.5385459065437317, 0.5290129780769348, 0.3155870735645294]",0.0,0.5246130174195285,0.5634297944971517,0.3765702055028483,0.4065702055028484,0.11727708328944411,0.0,False,False,False,False,4dbce96d-c8ba-43da-805c-6896990eee02
5,low_traffic,131,25,continuous,resource_efficient,0,eMBB,36.672,70288.0,45840.0,190329.5,375367.0,34.785,65.215,16.0,26.53,26.52776934738913,45.24660329233504,28.225627360275833,-1,PF(default),"[0.02749773859977722, 0.967422366142273, 0.43946272134780884]",0.0,0.31164305587486746,0.45702164871791284,0.4829783512820871,0.5129783512820871,0.08054138207726377,0.0,False,True,False,False,4dbce96d-c8ba-43da-805c-6896990eee02
5,low_traffic,131,25,continuous,resource_efficient,1,URLLC,1.3728,1872.0,1716.0,87.0,87.0,8.33,91.67,2.0,45.25,26.52776934738913,45.24660329233504,28.225627360275833,-1,PF(default),"[0.02749773859977722, 0.967422366142273, 0.43946272134780884]",0.0,0.31164305587486746,0.45702164871791284,0.4829783512820871,0.5129783512820871,0.08054138207726377,0.0,False,False,False,False,4dbce96d-c8ba-43da-805c-6896990eee02
5,low_traffic,131,25,continuous,resource_efficient,2,MTC,0.8192,1536.0,1024.0,137.0,137.0,33.333333333333336,66.66666666666666,4.0,28.23,26.52776934738913,45.24660329233504,28.225627360275833,-1,PF(default),"[0.02749773859977722, 0.967422366142273, 0.43946272134780884]",0.0,0.31164305587486746,0.45702164871791284,0.4829783512820871,0.5129783512820871,0.08054138207726377,0.0,False,False,False,False,4dbce96d-c8ba-43da-805c-6896990eee02
5,low_traffic,131,26,continuous,resource_efficient,0,eMBB,29.3376,70288.0,36672.0,198003.0,389208.0,50.0,50.0,23.0,30.47,30.466279607223036,45.914938712572656,23.61878168020431,-1,PF(default),"[0.1574850231409073, 0.7875432968139648, -0.13670822978019714]",0.0,0.28642507344045315,0.49114080124522475,0.4488591987547753,0.47885919875477523,0.04606845680071524,0.0,False,True,False,False,4dbce96d-c8ba-43da-805c-6896990eee02
5,low_traffic,131,26,continuous,resource_efficient,1,URLLC,1.6224,2028.0,2028.0,87.0,87.0,0.0,100.0,0.0,45.91,30.466279607223036,45.914938712572656,23.61878168020431,-1,PF(default),"[0.1574850231409073, 0.7875432968139648, -0.13670822978019714]",0.0,0.28642507344045315,0.49114080124522475,0.4488591987547753,0.47885919875477523,0.04606845680071524,0.0,False,False,False,False,4dbce96d-c8ba-43da-805c-6896990eee02
5,low_traffic,131,26,continuous,resource_efficient,2,MTC,0.8192,1536.0,1024.0,137.0,137.0,33.333333333333336,66.66666666666666,4.0,23.62,30.466279607223036,45.914938712572656,23.61878168020431,-1,PF(default),"[0.1574850231409073, 0.7875432968139648, -0.13670822978019714]",0.0,0.28642507344045315,0.49114080124522475,0.4488591987547753,0.47885919875477523,0.04606845680071524,0.0,False,False,False,False,4dbce96d-c8ba-43da-805c-6896990eee02
5,low_traffic,131,27,continuous,resource_efficient,0,eMBB,58.6752,70288.0,73344.0,208975.0,410285.0,0.0,100.0,0.0,25.89,25.885328907356847,48.960548567925855,25.154122524717295,-1,PF(default),"[-0.5092135071754456, 0.6353102922439575, -0.2609054446220398]",0.0,0.4336814743347335,0.4461233933842632,0.49387660661573685,0.5238766066157368,0.045809506998661834,0.0,False,True,False,False,4dbce96d-c8ba-43da-805c-6896990eee02
5,low_traffic,131,27,continuous,resource_efficient,1,URLLC,1.6224,1872.0,2028.0,251.0,251.0,0.0,100.0,0.0,48.96,25.885328907356847,48.960548567925855,25.154122524717295,-1,PF(default),"[-0.5092135071754456, 0.6353102922439575, -0.2609054446220398]",0.0,0.4336814743347335,0.4461233933842632,0.49387660661573685,0.5238766066157368,0.045809506998661834,0.0,False,False,False,False,4dbce96d-c8ba-43da-805c-6896990eee02
5,low_traffic,131,27,continuous,resource_efficient,2,MTC,0.8192,1536.0,1024.0,137.0,137.0,33.333333333333336,66.66666666666666,4.0,25.150000000000002,25.885328907356847,48.960548567925855,25.154122524717295,-1,PF(default),"[-0.5092135071754456, 0.6353102922439575, -0.2609054446220398]",0.0,0.4336814743347335,0.4461233933842632,0.49387660661573685,0.5238766066157368,0.045809506998661834,0.0,False,False,False,False,4dbce96d-c8ba-43da-805c-6896990eee02
5,low_traffic,131,28,continuous,resource_efficient,0,eMBB,34.227199999999996,70288.0,42784.0,211882.0,422227.0,41.305,58.695,19.0,38.47,38.4650830869299,27.008486355418547,34.52643055765156,-1,PF(default),"[0.15890073776245117, -0.9758912920951843, 0.13058383762836456]",0.0,0.37275592452697415,0.5701276287666505,0.3698723712333496,0.3998723712333495,0.21952062212507314,0.0,False,True,False,False,4dbce96d-c8ba-43da-805c-6896990eee02
5,low_traffic,131,28,continuous,resource_efficient,1,URLLC,1.6224,2028.0,2028.0,87.0,87.0,0.0,100.0,0.0,27.01,38.4650830869299,27.008486355418547,34.52643055765156,-1,PF(default),"[0.15890073776245117, -0.9758912920951843, 0.13058383762836456]",0.0,0.37275592452697415,0.5701276287666505,0.3698723712333496,0.3998723712333495,0.21952062212507314,0.0,False,False,False,False,4dbce96d-c8ba-43da-805c-6896990eee02
5,low_traffic,131,28,continuous,resource_efficient,2,MTC,0.8192,1536.0,1024.0,137.0,137.0,33.333333333333336,66.66666666666666,4.0,34.53,38.4650830869299,27.008486355418547,34.52643055765156,-1,PF(default),"[0.15890073776245117, -0.9758912920951843, 0.13058383762836456]",0.0,0.37275592452697415,0.5701276287666505,0.3698723712333496,0.3998723712333495,0.21952062212507314,0.0,False,False,False,False,4dbce96d-c8ba-43da-805c-6896990eee02
5,low_traffic,131,29,continuous,resource_efficient,0,eMBB,53.7856,70288.0,67232.0,220818.0,440099.0,4.35,95.65,2.0,24.33,24.332867412702964,28.80170386553405,46.86542872176298,-1,PF(default),"[-0.5329641103744507, -0.3950573205947876, 0.9424507021903992]",0.0,0.4018638818947705,0.42886121000813726,0.5111387899918627,0.5411387899918627,0.1413221567422693,0.0,False,True,False,False,4dbce96d-c8ba-43da-805c-6896990eee02
5,low_traffic,131,29,continuous,resource_efficient,1,URLLC,1.6224,1872.0,2028.0,87.0,87.0,0.0,100.0,0.0,28.8,24.332867412702964,28.80170386553405,46.86542872176298,-1,PF(default),"[-0.5329641103744507, -0.3950573205947876, 0.9424507021903992]",0.0,0.4018638818947705,0.42886121000813726,0.5111387899918627,0.5411387899918627,0.1413221567422693,0.0,False,False,False,False,4dbce96d-c8ba-43da-805c-6896990eee02
5,low_traffic,131,29,continuous,resource_efficient,2,MTC,0.8192,1536.0,1024.0,137.0,137.0,33.333333333333336,66.66666666666666,4.0,46.87,24.332867412702964,28.80170386553405,46.86542872176298,-1,PF(default),"[-0.5329641103744507, -0.3950573205947876, 0.9424507021903992]",0.0,0.4018638818947705,0.42886121000813726,0.5111387899918627,0.5411387899918627,0.1413221567422693,0.0,False,False,False,False,4dbce96d-c8ba-43da-805c-6896990eee02
5,low_traffic,131,30,continuous,resource_efficient,0,eMBB,41.5616,70288.0,51952.0,232517.0,463497.0,26.085,73.91499999999999,12.0,33.16,33.16441386008855,41.26380956417886,25.571776575732606,-1,PF(default),"[0.27957960963249207, 0.5332612991333008, -0.019299356266856194]",0.0,0.3914730998792139,0.5199634459000427,0.4200365540999572,0.45003655409995724,0.2129365214603038,0.0,False,True,False,False,4dbce96d-c8ba-43da-805c-6896990eee02
5,low_traffic,131,30,continuous,resource_efficient,1,URLLC,1.4976,2028.0,1872.0,87.0,87.0,7.69,92.31,2.0,41.26,33.16441386008855,41.26380956417886,25.571776575732606,-1,PF(default),"[0.27957960963249207, 0.5332612991333008, -0.019299356266856194]",0.0,0.3914730998792139,0.5199634459000427,0.4200365540999572,0.45003655409995724,0.2129365214603038,0.0,False,False,False,False,4dbce96d-c8ba-43da-805c-6896990eee02
5,low_traffic,131,30,continuous,resource_efficient,2,MTC,0.8192,1536.0,1024.0,137.0,137.0,33.333333333333336,66.66666666666666,4.0,25.569999999999997,33.16441386008855,41.26380956417886,25.571776575732606,-1,PF(default),"[0.27957960963249207, 0.5332612991333008, -0.019299356266856194]",0.0,0.3914730998792139,0.5199634459000427,0.4200365540999572,0.45003655409995724,0.2129365214603038,0.0,False,False,False,False,4dbce96d-c8ba-43da-805c-6896990eee02
5,low_traffic,131,31,continuous,resource_efficient,0,eMBB,25.6704,70288.0,32088.0,236856.5,472176.0,54.345,45.655,25.0,31.5,31.503486586307588,27.166091286022077,41.33042212767034,-1,PF(default),"[-0.13896740972995758, -0.8668313026428223, 0.4958493411540985]",0.0,0.2772741038676844,0.49849144637180587,0.4415085536281942,0.471508553628194,0.15758645551937736,0.0,False,True,False,False,4dbce96d-c8ba-43da-805c-6896990eee02
5,low_traffic,131,31,continuous,resource_efficient,1,URLLC,1.6224,1872.0,2028.0,87.0,87.0,0.0,100.0,0.0,27.17,31.503486586307588,27.166091286022077,41.33042212767034,-1,PF(default),"[-0.13896740972995758, -0.8668313026428223, 0.4958493411540985]",0.0,0.2772741038676844,0.49849144637180587,0.4415085536281942,0.471508553628194,0.15758645551937736,0.0,False,False,False,False,4dbce96d-c8ba-43da-805c-6896990eee02
5,low_traffic,131,31,continuous,resource_efficient,2,MTC,1.2288,1536.0,1536.0,159.0,269.0,33.333333333333336,66.66666666666666,4.0,41.32999999999999,31.503486586307588,27.166091286022077,41.33042212767034,-1,PF(default),"[-0.13896740972995758, -0.8668313026428223, 0.4958493411540985]",0.0,0.2772741038676844,0.49849144637180587,0.4415085536281942,0.471508553628194,0.15758645551937736,0.0,False,False,False,False,4dbce96d-c8ba-43da-805c-6896990eee02
5,low_traffic,131,32,continuous,resource_efficient,0,eMBB,28.1152,70288.0,35144.0,241458.0,481379.0,50.0,50.0,23.0,48.11,48.10640868217027,25.408634607112905,26.484956710716823,-1,PF(default),"[0.7932738661766052, -0.9668552279472351, -0.07843343913555145]",0.0,0.3535028106893452,0.6859088825699633,0.25409111743003676,0.2840911174300368,0.16602922095862685,0.0,False,True,False,False,4dbce96d-c8ba-43da-805c-6896990eee02
5,low_traffic,131,32,continuous,resource_efficient,1,URLLC,1.248,2028.0,1560.0,87.0,87.0,23.08,76.92,6.0,25.41,48.10640868217027,25.408634607112905,26.484956710716823,-1,PF(default),"[0.7932738661766052, -0.9668552279472351, -0.07843343913555145]",0.0,0.3535028106893452,0.6859088825699633,0.25409111743003676,0.2840911174300368,0.16602922095862685,0.0,False,False,False,False,4dbce96d-c8ba-43da-805c-6896990eee02
5,low_traffic,131,32,continuous,resource_efficient,2,MTC,0.4096,1536.0,512.0,137.0,137.0,66.66666666666667,33.33333333333333,8.0,26.48,48.10640868217027,25.408634607112905,26.484956710716823,-1,PF(default),"[0.7932738661766052, -0.9668552279472351, -0.07843343913555145]",0.0,0.3535028106893452,0.6859088825699633,0.25409111743003676,0.2840911174300368,0.16602922095862685,0.0,False,False,False,False,4dbce96d-c8ba-43da-805c-6896990eee02
5,low_traffic,131,33,continuous,resource_efficient,0,eMBB,55.007999999999996,70288.0,68760.0,250381.5,493513.0,4.35,95.65,2.0,32.64,32.637788858074835,41.11239715358168,26.249813988343483,-1,PF(default),"[-0.04649011790752411, 0.23248371481895447, -0.2590016722679138]",0.0,0.48732130627355025,0.5101739018478443,0.4298260981521558,0.4598260981521557,0.15703762546468775,0.0,False,True,False,False,4dbce96d-c8ba-43da-805c-6896990eee02
5,low_traffic,131,33,continuous,resource_efficient,1,URLLC,1.6224,1872.0,2028.0,87.0,87.0,0.0,100.0,0.0,41.11,32.637788858074835,41.11239715358168,26.249813988343483,-1,PF(default),"[-0.04649011790752411, 0.23248371481895447, -0.2590016722679138]",0.0,0.48732130627355025,0.5101739018478443,0.4298260981521558,0.4598260981521557,0.15703762546468775,0.0,False,False,False,False,4dbce96d-c8ba-43da-805c-6896990eee02
5,low_traffic,131,33,continuous,resource_efficient,2,MTC,0.8192,1536.0,1024.0,137.0,137.0,33.333333333333336,66.66666666666666,4.0,26.25,32.637788858074835,41.11239715358168,26.249813988343483,-1,PF(default),"[-0.04649011790752411, 0.23248371481895447, -0.2590016722679138]",0.0,0.48732130627355025,0.5101739018478443,0.4298260981521558,0.4598260981521557,0.15703762546468775,0.0,False,False,False,False,4dbce96d-c8ba-43da-805c-6896990eee02
5,low_traffic,131,34,continuous,resource_efficient,0,eMBB,45.2288,70288.0,56536.0,257430.0,508108.0,21.74,78.26,10.0,32.07,32.07238950367389,46.80306077065583,21.12454972567029,-1,PF(default),"[0.34578001499176025, 0.8994488716125488, -0.33628416061401367]",0.0,0.42343220781793245,0.5039662186783145,0.43603378132168547,0.4660337813216855,0.056906636170741445,0.0,False,True,False,False,4dbce96d-c8ba-43da-805c-6896990eee02
5,low_traffic,131,34,continuous,resource_efficient,1,URLLC,1.7472,2028.0,2184.0,169.0,169.0,0.0,100.0,0.0,46.8,32.07238950367389,46.80306077065583,21.12454972567029,-1,PF(default),"[0.34578001499176025, 0.8994488716125488, -0.33628416061401367]",0.0,0.42343220781793245,0.5039662186783145,0.43603378132168547,0.4660337813216855,0.056906636170741445,0.0,False,False,False,False,4dbce96d-c8ba-43da-805c-6896990eee02
5,low_traffic,131,34,continuous,resource_efficient,2,MTC,1.2288,1536.0,1536.0,137.0,137.0,33.333333333333336,66.66666666666666,4.0,21.12,32.07238950367389,46.80306077065583,21.12454972567029,-1,PF(default),"[0.34578001499176025, 0.8994488716125488, -0.33628416061401367]",0.0,0.42343220781793245,0.5039662186783145,0.43603378132168547,0.4660337813216855,0.056906636170741445,0.0,False,False,False,False,4dbce96d-c8ba-43da-805c-6896990eee02
5,low_traffic,131,35,continuous,resource_efficient,0,eMBB,68.45439999999999,67232.0,85568.0,265544.5,526733.0,0.0,100.0,0.0,30.53,30.531694087027944,40.76565493111078,28.702650981861282,-1,PF(default),"[-0.8402906656265259, -0.4364801049232483, -0.7375158071517944]",0.0,0.4752425708592507,0.4883470278445843,0.45165297215541567,0.4816529721554157,0.07578101256190993,0.0,False,True,False,False,4dbce96d-c8ba-43da-805c-6896990eee02
5,low_traffic,131,35,continuous,resource_efficient,1,URLLC,1.6224,1872.0,2028.0,87.0,87.0,0.0,100.0,0.0,40.77,30.531694087027944,40.76565493111078,28.702650981861282,-1,PF(default),"[-0.8402906656265259, -0.4364801049232483, -0.7375158071517944]",0.0,0.4752425708592507,0.4883470278445843,0.45165297215541567,0.4816529721554157,0.07578101256190993,0.0,False,False,False,False,4dbce96d-c8ba-43da-805c-6896990eee02
5,low_traffic,131,35,continuous,resource_efficient,2,MTC,0.8192,1536.0,1024.0,137.0,137.0,33.333333333333336,66.66666666666666,4.0,28.7,30.531694087027944,40.76565493111078,28.702650981861282,-1,PF(default),"[-0.8402906656265259, -0.4364801049232483, -0.7375158071517944]",0.0,0.4752425708592507,0.4883470278445843,0.45165297215541567,0.4816529721554157,0.07578101256190993,0.0,False,False,False,False,4dbce96d-c8ba-43da-805c-6896990eee02
5,low_traffic,131,36,continuous,resource_efficient,0,eMBB,50.118399999999994,70288.0,62648.0,270775.0,540013.0,15.215,84.785,7.0,44.74,44.74095885413657,33.97340593838947,21.28563520747397,-1,PF(default),"[0.947090744972229, 0.24933303892612457, -0.3145710825920105]",0.0,0.553124464440262,0.6493702334324277,0.2906297665675722,0.32062976656757236,0.14209264767108626,0.0,False,True,False,False,4dbce96d-c8ba-43da-805c-6896990eee02
5,low_traffic,131,36,continuous,resource_efficient,1,URLLC,1.4976,2028.0,1872.0,87.0,87.0,7.69,92.31,2.0,33.97,44.74095885413657,33.97340593838947,21.28563520747397,-1,PF(default),"[0.947090744972229, 0.24933303892612457, -0.3145710825920105]",0.0,0.553124464440262,0.6493702334324277,0.2906297665675722,0.32062976656757236,0.14209264767108626,0.0,False,False,False,False,4dbce96d-c8ba-43da-805c-6896990eee02
5,low_traffic,131,36,continuous,resource_efficient,2,MTC,0.8192,2304.0,1024.0,127.66666666666667,137.0,55.55333333333332,44.44666666666668,10.0,21.289999999999996,44.74095885413657,33.97340593838947,21.28563520747397,-1,PF(default),"[0.947090744972229, 0.24933303892612457, -0.3145710825920105]",0.0,0.553124464440262,0.6493702334324277,0.2906297665675722,0.32062976656757236,0.14209264767108626,0.0,False,False,False,False,4dbce96d-c8ba-43da-805c-6896990eee02
5,low_traffic,131,37,continuous,resource_efficient,0,eMBB,24.448,70288.0,30560.0,280915.0,560293.0,56.519999999999996,43.480000000000004,26.0,22.67,22.670996035950612,53.81652827815082,23.512475685898558,-1,PF(default),"[-0.8929112553596497, 0.8352801203727722, -0.3654925525188446]",0.0,0.20840548636669476,0.40792887858235927,0.5320711214176408,0.5620711214176406,0.22069962818185956,0.0,False,True,False,False,4dbce96d-c8ba-43da-805c-6896990eee02
5,low_traffic,131,37,continuous,resource_efficient,1,URLLC,1.6224,1872.0,2028.0,87.0,87.0,0.0,100.0,0.0,53.82,22.670996035950612,53.81652827815082,23.512475685898558,-1,PF(default),"[-0.8929112553596497, 0.8352801203727722, -0.3654925525188446]",0.0,0.20840548636669476,0.40792887858235927,0.5320711214176408,0.5620711214176406,0.22069962818185956,0.0,False,False,False,False,4dbce96d-c8ba-43da-805c-6896990eee02
5,low_traffic,131,37,continuous,resource_efficient,2,MTC,0.8192,1536.0,1024.0,137.0,137.0,33.333333333333336,66.66666666666666,4.0,23.51,22.670996035950612,53.81652827815082,23.512475685898558,-1,PF(default),"[-0.8929112553596497, 0.8352801203727722, -0.3654925525188446]",0.0,0.20840548636669476,0.40792887858235927,0.5320711214176408,0.5620711214176406,0.22069962818185956,0.0,False,False,False,False,4dbce96d-c8ba-43da-805c-6896990eee02
5,low_traffic,131,38,continuous,resource_efficient,0,eMBB,39.1168,70288.0,48896.0,285352.5,569168.0,30.435,69.565,14.0,34.28,34.28130490804223,25.63936574876793,40.07932934318984,-1,PF(default),"[0.456659734249115, -0.6823935508728027, 0.8741573095321655]",0.0,0.3785484059845678,0.5276572919636415,0.4123427080363585,0.44234270803635845,0.281771625293829,0.0,False,True,False,False,4dbce96d-c8ba-43da-805c-6896990eee02
5,low_traffic,131,38,continuous,resource_efficient,1,URLLC,1.4976,2028.0,1872.0,87.0,87.0,7.69,92.31,2.0,25.64,34.28130490804223,25.63936574876793,40.07932934318984,-1,PF(default),"[0.456659734249115, -0.6823935508728027, 0.8741573095321655]",0.0,0.3785484059845678,0.5276572919636415,0.4123427080363585,0.44234270803635845,0.281771625293829,0.0,False,False,False,False,4dbce96d-c8ba-43da-805c-6896990eee02
5,low_traffic,131,38,continuous,resource_efficient,2,MTC,0.8192,1536.0,1024.0,137.0,137.0,33.333333333333336,66.66666666666666,4.0,40.07999999999999,34.28130490804223,25.63936574876793,40.07932934318984,-1,PF(default),"[0.456659734249115, -0.6823935508728027, 0.8741573095321655]",0.0,0.3785484059845678,0.5276572919636415,0.4123427080363585,0.44234270803635845,0.281771625293829,0.0,False,False,False,False,4dbce96d-c8ba-43da-805c-6896990eee02
5,low_traffic,131,39,continuous,resource_efficient,0,eMBB,42.784,70288.0,53480.0,296080.0,590623.0,23.915,76.08500000000001,11.0,37.36,37.35880155528117,31.562139664860705,31.07905877985812,-1,PF(default),"[-0.3475283086299896, -0.9296265840530396, -0.5013117790222168]",0.0,0.42960171952124127,0.5580268660163452,0.3819731339836548,0.41197313398365487,0.09000270563331716,0.0,False,True,False,False,4dbce96d-c8ba-43da-805c-6896990eee02
5,low_traffic,131,39,continuous,resource_efficient,1,URLLC,1.3728,1872.0,1716.0,87.0,87.0,8.33,91.67,2.0,31.56,37.35880155528117,31.562139664860705,31.07905877985812,-1,PF(default),"[-0.3475283086299896, -0.9296265840530396, -0.5013117790222168]",0.0,0.42960171952124127,0.5580268660163452,0.3819731339836548,0.41197313398365487,0.09000270563331716,0.0,False,False,False,False,4dbce96d-c8ba-43da-805c-6896990eee02
5,low_traffic,131,39,continuous,resource_efficient,2,MTC,0.8192,1536.0,1024.0,159.0,269.0,33.333333333333336,66.66666666666666,4.0,31.079999999999995,37.35880155528117,31.562139664860705,31.07905877985812,-1,PF(default),"[-0.3475283086299896, -0.9296265840530396, -0.5013117790222168]",0.0,0.42960171952124127,0.5580268660163452,0.3819731339836548,0.41197313398365487,0.09000270563331716,0.0,False,False,False,False,4dbce96d-c8ba-43da-805c-6896990eee02
5,low_traffic,131,40,continuous,resource_efficient,0,eMBB,45.2288,70288.0,56536.0,299411.0,595753.0,21.74,78.26,10.0,47.21,47.208934516116564,33.31202312727847,19.47904235660497,-1,PF(default),"[0.6529887914657593, -0.17750971019268036, -0.9506944417953491]",0.0,0.5314274738109429,0.6532334660110697,0.28676653398893037,0.3167665339889303,0.11600016423253157,0.0,False,True,False,False,4dbce96d-c8ba-43da-805c-6896990eee02
5,low_traffic,131,40,continuous,resource_efficient,1,URLLC,1.6224,2028.0,2028.0,87.0,87.0,0.0,100.0,0.0,33.31,47.208934516116564,33.31202312727847,19.47904235660497,-1,PF(default),"[0.6529887914657593, -0.17750971019268036, -0.9506944417953491]",0.0,0.5314274738109429,0.6532334660110697,0.28676653398893037,0.3167665339889303,0.11600016423253157,0.0,False,False,False,False,4dbce96d-c8ba-43da-805c-6896990eee02
5,low_traffic,131,40,continuous,resource_efficient,2,MTC,0.8192,1536.0,1024.0,137.0,137.0,33.333333333333336,66.66666666666666,4.0,19.48,47.208934516116564,33.31202312727847,19.47904235660497,-1,PF(default),"[0.6529887914657593, -0.17750971019268036, -0.9506944417953491]",0.0,0.5314274738109429,0.6532334660110697,0.28676653398893037,0.3167665339889303,0.11600016423253157,0.0,False,False,False,False,4dbce96d-c8ba-43da-805c-6896990eee02
5,low_traffic,131,41,continuous,resource_efficient,0,eMBB,45.2288,70288.0,56536.0,310413.0,613161.0,21.74,78.26,10.0,36.8,36.800996191372334,43.29574249084824,19.90326131777943,-1,PF(default),"[0.6704869270324707, 0.8162484765052795, -0.44977298378944397]",0.0,0.44664785817145575,0.5489780098176122,0.3910219901823878,0.4210219901823876,0.10407938324744229,0.0,False,True,False,False,4dbce96d-c8ba-43da-805c-6896990eee02
5,low_traffic,131,41,continuous,resource_efficient,1,URLLC,1.6224,1872.0,2028.0,251.0,251.0,0.0,100.0,0.0,43.3,36.800996191372334,43.29574249084824,19.90326131777943,-1,PF(default),"[0.6704869270324707, 0.8162484765052795, -0.44977298378944397]",0.0,0.44664785817145575,0.5489780098176122,0.3910219901823878,0.4210219901823876,0.10407938324744229,0.0,False,False,False,False,4dbce96d-c8ba-43da-805c-6896990eee02
5,low_traffic,131,41,continuous,resource_efficient,2,MTC,0.8192,1536.0,1024.0,137.0,137.0,33.333333333333336,66.66666666666666,4.0,19.900000000000002,36.800996191372334,43.29574249084824,19.90326131777943,-1,PF(default),"[0.6704869270324707, 0.8162484765052795, -0.44977298378944397]",0.0,0.44664785817145575,0.5489780098176122,0.3910219901823878,0.4210219901823876,0.10407938324744229,0.0,False,False,False,False,4dbce96d-c8ba-43da-805c-6896990eee02
5,low_traffic,131,42,continuous,resource_efficient,0,eMBB,64.7872,70288.0,80984.0,317093.5,632650.0,0.0,100.0,0.0,40.5,40.50338058582548,33.24101986453892,26.25559954963559,-1,PF(default),"[0.19985003769397736, -0.38812729716300964, -0.41262397170066833]",0.0,0.5704291228500196,0.5857356333054424,0.3542643666945575,0.38426436669455766,0.10054722626309315,0.0,False,True,False,False,4dbce96d-c8ba-43da-805c-6896990eee02
5,low_traffic,131,42,continuous,resource_efficient,1,URLLC,1.6224,2028.0,2028.0,87.0,87.0,0.0,100.0,0.0,33.24,40.50338058582548,33.24101986453892,26.25559954963559,-1,PF(default),"[0.19985003769397736, -0.38812729716300964, -0.41262397170066833]",0.0,0.5704291228500196,0.5857356333054424,0.3542643666945575,0.38426436669455766,0.10054722626309315,0.0,False,False,False,False,4dbce96d-c8ba-43da-805c-6896990eee02
5,low_traffic,131,42,continuous,resource_efficient,2,MTC,0.8192,1536.0,1024.0,137.0,137.0,33.333333333333336,66.66666666666666,4.0,26.26,40.50338058582548,33.24101986453892,26.25559954963559,-1,PF(default),"[0.19985003769397736, -0.38812729716300964, -0.41262397170066833]",0.0,0.5704291228500196,0.5857356333054424,0.3542643666945575,0.38426436669455766,0.10054722626309315,0.0,False,False,False,False,4dbce96d-c8ba-43da-805c-6896990eee02
5,low_traffic,131,43,continuous,resource_efficient,0,eMBB,28.1152,70288.0,35144.0,325987.5,647186.0,50.0,50.0,23.0,23.66,23.6550547840278,38.14892016130296,38.19602505466924,-1,PF(default),"[-0.8376305103302002, 0.11649215966463089, 0.4311824142932892]",0.0,0.2453670445983248,0.4160520946522248,0.5239479053477752,0.5539479053477752,0.1684832580179769,0.0,False,True,False,False,4dbce96d-c8ba-43da-805c-6896990eee02
5,low_traffic,131,43,continuous,resource_efficient,1,URLLC,1.6224,1872.0,2028.0,87.0,87.0,0.0,100.0,0.0,38.15,23.6550547840278,38.14892016130296,38.19602505466924,-1,PF(default),"[-0.8376305103302002, 0.11649215966463089, 0.4311824142932892]",0.0,0.2453670445983248,0.4160520946522248,0.5239479053477752,0.5539479053477752,0.1684832580179769,0.0,False,False,False,False,4dbce96d-c8ba-43da-805c-6896990eee02
5,low_traffic,131,43,continuous,resource_efficient,2,MTC,1.2288,1536.0,1536.0,137.0,137.0,33.333333333333336,66.66666666666666,4.0,38.199999999999996,23.6550547840278,38.14892016130296,38.19602505466924,-1,PF(default),"[-0.8376305103302002, 0.11649215966463089, 0.4311824142932892]",0.0,0.2453670445983248,0.4160520946522248,0.5239479053477752,0.5539479053477752,0.1684832580179769,0.0,False,False,False,False,4dbce96d-c8ba-43da-805c-6896990eee02
5,low_traffic,131,44,continuous,resource_efficient,0,eMBB,48.896,70288.0,61120.0,333236.0,664935.0,19.565,80.435,9.0,38.7,38.704128584171336,38.59949850487321,22.69637291095546,-1,PF(default),"[0.005120664834976196, -0.16456416249275208, -0.8511068224906921]",0.0,0.4896966570840743,0.5697894599864575,0.3702105400135426,0.4002105400135425,0.15499652143713782,0.0,False,True,False,False,4dbce96d-c8ba-43da-805c-6896990eee02
5,low_traffic,131,44,continuous,resource_efficient,1,URLLC,1.4976,2028.0,1872.0,87.0,87.0,7.69,92.31,2.0,38.6,38.704128584171336,38.59949850487321,22.69637291095546,-1,PF(default),"[0.005120664834976196, -0.16456416249275208, -0.8511068224906921]",0.0,0.4896966570840743,0.5697894599864575,0.3702105400135426,0.4002105400135425,0.15499652143713782,0.0,False,False,False,False,4dbce96d-c8ba-43da-805c-6896990eee02
5,low_traffic,131,44,continuous,resource_efficient,2,MTC,0.8192,1536.0,1024.0,118.83333333333333,137.0,33.333333333333336,66.66666666666666,4.0,22.7,38.704128584171336,38.59949850487321,22.69637291095546,-1,PF(default),"[0.005120664834976196, -0.16456416249275208, -0.8511068224906921]",0.0,0.4896966570840743,0.5697894599864575,0.3702105400135426,0.4002105400135425,0.15499652143713782,0.0,False,False,False,False,4dbce96d-c8ba-43da-805c-6896990eee02
5,low_traffic,131,45,continuous,resource_efficient,0,eMBB,25.6704,70288.0,32088.0,341807.0,682077.0,54.35,45.65,25.0,39.93,39.934456008322414,29.05374873794329,31.0117952537343,-1,PF(default),"[0.015805372968316078, -0.9281573295593262, -0.25908344984054565]",0.0,0.30545473294402303,0.578385185286803,0.36161481471319695,0.3916148147131969,0.09545749766929916,0.0,False,True,False,False,4dbce96d-c8ba-43da-805c-6896990eee02
5,low_traffic,131,45,continuous,resource_efficient,1,URLLC,1.6224,1872.0,2028.0,87.0,87.0,0.0,100.0,0.0,29.05,39.934456008322414,29.05374873794329,31.0117952537343,-1,PF(default),"[0.015805372968316078, -0.9281573295593262, -0.25908344984054565]",0.0,0.30545473294402303,0.578385185286803,0.36161481471319695,0.3916148147131969,0.09545749766929916,0.0,False,False,False,False,4dbce96d-c8ba-43da-805c-6896990eee02
5,low_traffic,131,45,continuous,resource_efficient,2,MTC,0.8192,1536.0,1024.0,137.0,137.0,33.333333333333336,66.66666666666666,4.0,31.01,39.934456008322414,29.05374873794329,31.0117952537343,-1,PF(default),"[0.015805372968316078, -0.9281573295593262, -0.25908344984054565]",0.0,0.30545473294402303,0.578385185286803,0.36161481471319695,0.3916148147131969,0.09545749766929916,0.0,False,False,False,False,4dbce96d-c8ba-43da-805c-6896990eee02
5,low_traffic,131,46,continuous,resource_efficient,0,eMBB,51.3408,70288.0,64176.0,350949.5,700362.0,8.7,91.3,4.0,37.41,37.41181471890479,29.055182036505983,33.533003244589224,-1,PF(default),"[0.9437596201896667, 0.11470408737659454, 0.9169506430625916]",0.0,0.48312011316720643,0.569965462595514,0.3700345374044861,0.400034537404486,0.02522641289417621,0.0,False,True,False,False,4dbce96d-c8ba-43da-805c-6896990eee02
5,low_traffic,131,46,continuous,resource_efficient,1,URLLC,1.248,2028.0,1560.0,87.0,87.0,23.08,76.92,6.0,29.06,37.41181471890479,29.055182036505983,33.533003244589224,-1,PF(default),"[0.9437596201896667, 0.11470408737659454, 0.9169506430625916]",0.0,0.48312011316720643,0.569965462595514,0.3700345374044861,0.400034537404486,0.02522641289417621,0.0,False,False,False,False,4dbce96d-c8ba-43da-805c-6896990eee02
5,low_traffic,131,46,continuous,resource_efficient,2,MTC,0.4096,1536.0,512.0,137.0,137.0,66.66666666666667,33.33333333333333,8.0,33.53,37.41181471890479,29.055182036505983,33.533003244589224,-1,PF(default),"[0.9437596201896667, 0.11470408737659454, 0.9169506430625916]",0.0,0.48312011316720643,0.569965462595514,0.3700345374044861,0.400034537404486,0.02522641289417621,0.0,False,False,False,False,4dbce96d-c8ba-43da-805c-6896990eee02
5,low_traffic,131,47,continuous,resource_efficient,0,eMBB,55.007999999999996,67232.0,68760.0,362612.0,719107.0,2.275,97.725,1.0,33.46,33.45677975337306,31.39702758123457,35.14619266539237,-1,PF(default),"[0.062007129192352295, -0.3255297541618347, 0.32354092597961426]",0.0,0.5134949769461904,0.5134949769461904,0.42650502305380966,0.4565050230538096,0.03955034965531731,0.0,False,True,False,False,4dbce96d-c8ba-43da-805c-6896990eee02
5,low_traffic,131,47,continuous,resource_efficient,1,URLLC,1.6224,1872.0,2028.0,87.0,87.0,0.0,100.0,0.0,31.4,33.45677975337306,31.39702758123457,35.14619266539237,-1,PF(default),"[0.062007129192352295, -0.3255297541618347, 0.32354092597961426]",0.0,0.5134949769461904,0.5134949769461904,0.42650502305380966,0.4565050230538096,0.03955034965531731,0.0,False,False,False,False,4dbce96d-c8ba-43da-805c-6896990eee02
5,low_traffic,131,47,continuous,resource_efficient,2,MTC,1.2288,1536.0,1536.0,137.0,137.0,33.333333333333336,66.66666666666666,4.0,35.15,33.45677975337306,31.39702758123457,35.14619266539237,-1,PF(default),"[0.062007129192352295, -0.3255297541618347, 0.32354092597961426]",0.0,0.5134949769461904,0.5134949769461904,0.42650502305380966,0.4565050230538096,0.03955034965531731,0.0,False,False,False,False,4dbce96d-c8ba-43da-805c-6896990eee02
5,low_traffic,131,48,continuous,resource_efficient,0,eMBB,40.3392,70288.0,50424.0,368541.5,729418.0,30.435,69.565,14.0,33.34,33.343882883513345,37.03317342347913,29.62294369300753,-1,PF(default),"[0.6434366703033447, 0.6644560694694519, 0.6197184324264526]",0.0,0.3787819552231912,0.5246976444156257,0.41530235558437434,0.44530235558437425,0.056361458422445554,0.0,False,True,False,False,4dbce96d-c8ba-43da-805c-6896990eee02
5,low_traffic,131,48,continuous,resource_efficient,1,URLLC,1.7472,2028.0,2184.0,169.0,169.0,0.0,100.0,0.0,37.03,33.343882883513345,37.03317342347913,29.62294369300753,-1,PF(default),"[0.6434366703033447, 0.6644560694694519, 0.6197184324264526]",0.0,0.3787819552231912,0.5246976444156257,0.41530235558437434,0.44530235558437425,0.056361458422445554,0.0,False,False,False,False,4dbce96d-c8ba-43da-805c-6896990eee02
5,low_traffic,131,48,continuous,resource_efficient,2,MTC,0.8192,2304.0,1024.0,137.0,137.0,55.55333333333332,44.44666666666668,10.0,29.62,33.343882883513345,37.03317342347913,29.62294369300753,-1,PF(default),"[0.6434366703033447, 0.6644560694694519, 0.6197184324264526]",0.0,0.3787819552231912,0.5246976444156257,0.41530235558437434,0.44530235558437425,0.056361458422445554,0.0,False,False,False,False,4dbce96d-c8ba-43da-805c-6896990eee02
5,low_traffic,131,49,continuous,resource_efficient,0,eMBB,47.67359999999999,70288.0,59592.0,375559.5,749582.0,17.39,82.61,8.0,41.61,41.61430363855062,35.215525167236805,23.170171194212568,-1,PF(default),"[0.49900588393211365, 0.004476271569728851, -0.43187516927719116]",0.0,0.5050513929373991,0.5945690465205347,0.3454309534794654,0.3754309534794654,0.08270420755037283,0.0,False,True,False,False,4dbce96d-c8ba-43da-805c-6896990eee02
5,low_traffic,131,49,continuous,resource_efficient,1,URLLC,1.6224,1872.0,2028.0,87.0,87.0,0.0,100.0,0.0,35.22,41.61430363855062,35.215525167236805,23.170171194212568,-1,PF(default),"[0.49900588393211365, 0.004476271569728851, -0.43187516927719116]",0.0,0.5050513929373991,0.5945690465205347,0.3454309534794654,0.3754309534794654,0.08270420755037283,0.0,False,False,False,False,4dbce96d-c8ba-43da-805c-6896990eee02
5,low_traffic,131,49,continuous,resource_efficient,2,MTC,0.8192,1536.0,1024.0,137.0,137.0,33.333333333333336,66.66666666666666,4.0,23.17,41.61430363855062,35.215525167236805,23.170171194212568,-1,PF(default),"[0.49900588393211365, 0.004476271569728851, -0.43187516927719116]",0.0,0.5050513929373991,0.5945690465205347,0.3454309534794654,0.3754309534794654,0.08270420755037283,0.0,False,False,False,False,4dbce96d-c8ba-43da-805c-6896990eee02
5,low_traffic,131,50,continuous,resource_efficient,0,eMBB,45.22880000000001,70288.0,56536.0,384411.0,765753.0,19.565,80.435,9.0,31.93,31.92516287042854,34.58338089562727,33.491456233944184,-1,PF(default),"[0.20217886567115784, 0.15681575238704681, 0.4804578125476837]",0.0,0.4032239618284311,0.5001284623251033,0.4398715376748967,0.46987153767489676,0.10321285039731617,0.0,False,True,False,False,4dbce96d-c8ba-43da-805c-6896990eee02
5,low_traffic,131,50,continuous,resource_efficient,1,URLLC,1.4976,2028.0,1872.0,87.0,87.0,7.69,92.31,2.0,34.58,31.92516287042854,34.58338089562727,33.491456233944184,-1,PF(default),"[0.20217886567115784, 0.15681575238704681, 0.4804578125476837]",0.0,0.4032239618284311,0.5001284623251033,0.4398715376748967,0.46987153767489676,0.10321285039731617,0.0,False,False,False,False,4dbce96d-c8ba-43da-805c-6896990eee02
5,low_traffic,131,50,continuous,resource_efficient,2,MTC,0.8192,1536.0,1024.0,137.0,137.0,33.333333333333336,66.66666666666666,4.0,33.49,31.92516287042854,34.58338089562727,33.491456233944184,-1,PF(default),"[0.20217886567115784, 0.15681575238704681, 0.4804578125476837]",0.0,0.4032239618284311,0.5001284623251033,0.4398715376748967,0.46987153767489676,0.10321285039731617,0.0,False,False,False,False,4dbce96d-c8ba-43da-805c-6896990eee02
5,low_traffic,131,51,continuous,resource_efficient,0,eMBB,36.672,70288.0,45840.0,387721.0,772373.0,34.785,65.215,16.0,26.39,26.394639365112727,29.8972557893974,43.708104845489885,-1,PF(default),"[-0.3999709188938141, -0.3828902244567871, 0.7384097576141357]",0.0,0.30432761488934007,0.44190777329979003,0.49809222670021,0.5280922267002099,0.10216648611545698,0.0,False,True,False,False,4dbce96d-c8ba-43da-805c-6896990eee02
5,low_traffic,131,51,continuous,resource_efficient,1,URLLC,1.6224,1872.0,2028.0,87.0,87.0,0.0,100.0,0.0,29.9,26.394639365112727,29.8972557893974,43.708104845489885,-1,PF(default),"[-0.3999709188938141, -0.3828902244567871, 0.7384097576141357]",0.0,0.30432761488934007,0.44190777329979003,0.49809222670021,0.5280922267002099,0.10216648611545698,0.0,False,False,False,False,4dbce96d-c8ba-43da-805c-6896990eee02
5,low_traffic,131,51,continuous,resource_efficient,2,MTC,0.8192,1536.0,1024.0,137.0,137.0,33.333333333333336,66.66666666666666,4.0,43.71,26.394639365112727,29.8972557893974,43.708104845489885,-1,PF(default),"[-0.3999709188938141, -0.3828902244567871, 0.7384097576141357]",0.0,0.30432761488934007,0.44190777329979003,0.49809222670021,0.5280922267002099,0.10216648611545698,0.0,False,False,False,False,4dbce96d-c8ba-43da-805c-6896990eee02
5,low_traffic,131,52,continuous,resource_efficient,0,eMBB,26.8928,70288.0,33616.0,401265.5,799462.0,52.175,47.825,24.0,28.35,28.350992318767222,29.763106532085192,41.885901149147585,-1,PF(default),"[-0.36346495151519775, -0.5432451963424683, 0.529832661151886]",0.0,0.24979239016749252,0.4635210914852721,0.47647890851472785,0.5064789085147279,0.01956352953654497,0.0,False,True,False,False,4dbce96d-c8ba-43da-805c-6896990eee02
5,low_traffic,131,52,continuous,resource_efficient,1,URLLC,1.4976,2028.0,1872.0,87.0,87.0,7.69,92.31,2.0,29.76,28.350992318767222,29.763106532085192,41.885901149147585,-1,PF(default),"[-0.36346495151519775, -0.5432451963424683, 0.529832661151886]",0.0,0.24979239016749252,0.4635210914852721,0.47647890851472785,0.5064789085147279,0.01956352953654497,0.0,False,False,False,False,4dbce96d-c8ba-43da-805c-6896990eee02
5,low_traffic,131,52,continuous,resource_efficient,2,MTC,0.8192,1536.0,1024.0,137.0,137.0,33.333333333333336,66.66666666666666,4.0,41.88999999999999,28.350992318767222,29.763106532085192,41.885901149147585,-1,PF(default),"[-0.36346495151519775, -0.5432451963424683, 0.529832661151886]",0.0,0.24979239016749252,0.4635210914852721,0.47647890851472785,0.5064789085147279,0.01956352953654497,0.0,False,False,False,False,4dbce96d-c8ba-43da-805c-6896990eee02
5,low_traffic,131,53,continuous,resource_efficient,0,eMBB,58.675200000000004,70288.0,73344.0,410747.5,814838.0,2.175,97.825,1.0,28.21,28.21367970222447,42.68749685086676,29.098823446908774,-1,PF(default),"[-0.01713748089969158, 0.6581053733825684, 0.2940090596675873]",0.0,0.44658136654208225,0.46230316125853577,0.4776968387414643,0.5076968387414642,0.12924390318781565,0.0,False,True,False,False,4dbce96d-c8ba-43da-805c-6896990eee02
5,low_traffic,131,53,continuous,resource_efficient,1,URLLC,1.3728,1872.0,1716.0,87.0,87.0,8.33,91.67,2.0,42.69,28.21367970222447,42.68749685086676,29.098823446908774,-1,PF(default),"[-0.01713748089969158, 0.6581053733825684, 0.2940090596675873]",0.0,0.44658136654208225,0.46230316125853577,0.4776968387414643,0.5076968387414642,0.12924390318781565,0.0,False,False,False,False,4dbce96d-c8ba-43da-805c-6896990eee02
5,low_traffic,131,53,continuous,resource_efficient,2,MTC,0.8192,1536.0,1024.0,137.0,137.0,33.333333333333336,66.66666666666666,4.0,29.099999999999998,28.21367970222447,42.68749685086676,29.098823446908774,-1,PF(default),"[-0.01713748089969158, 0.6581053733825684, 0.2940090596675873]",0.0,0.44658136654208225,0.46230316125853577,0.4776968387414643,0.5076968387414642,0.12924390318781565,0.0,False,False,False,False,4dbce96d-c8ba-43da-805c-6896990eee02
5,low_traffic,131,54,continuous,resource_efficient,0,eMBB,42.784,70288.0,53480.0,419518.0,834679.0,26.085,73.91499999999999,12.0,27.31,27.31178643093334,41.43262942227455,31.25558414679211,-1,PF(default),"[-0.2695213258266449, 0.4301350712776184, 0.2511705756187439]",0.0,0.3505428326825896,0.45052363583031596,0.489476364169684,0.519476364169684,0.021567606998833366,0.0,False,True,False,False,4dbce96d-c8ba-43da-805c-6896990eee02
5,low_traffic,131,54,continuous,resource_efficient,1,URLLC,1.6224,2028.0,2028.0,87.0,87.0,0.0,100.0,0.0,41.43,27.31178643093334,41.43262942227455,31.25558414679211,-1,PF(default),"[-0.2695213258266449, 0.4301350712776184, 0.2511705756187439]",0.0,0.3505428326825896,0.45052363583031596,0.489476364169684,0.519476364169684,0.021567606998833366,0.0,False,False,False,False,4dbce96d-c8ba-43da-805c-6896990eee02
5,low_traffic,131,54,continuous,resource_efficient,2,MTC,0.8192,1536.0,1024.0,137.0,137.0,33.333333333333336,66.66666666666666,4.0,31.26,27.31178643093334,41.43262942227455,31.25558414679211,-1,PF(default),"[-0.2695213258266449, 0.4301350712776184, 0.2511705756187439]",0.0,0.3505428326825896,0.45052363583031596,0.489476364169684,0.519476364169684,0.021567606998833366,0.0,False,False,False,False,4dbce96d-c8ba-43da-805c-6896990eee02
5,low_traffic,131,55,continuous,resource_efficient,0,eMBB,37.8944,70288.0,47368.0,427430.0,848727.0,34.785,65.215,16.0,39.41,39.41363407506546,36.32765165446663,24.25871427046792,-1,PF(default),"[0.8870538473129272, 0.5554088354110718, 0.1534847915172577]",0.0,0.40377634558700803,0.5714501431602155,0.3685498568397846,0.3985498568397845,0.12101847644132119,0.0,False,True,False,False,4dbce96d-c8ba-43da-805c-6896990eee02
5,low_traffic,131,55,continuous,resource_efficient,1,URLLC,1.6224,1872.0,2028.0,251.0,251.0,0.0,100.0,0.0,36.33,39.41363407506546,36.32765165446663,24.25871427046792,-1,PF(default),"[0.8870538473129272, 0.5554088354110718, 0.1534847915172577]",0.0,0.40377634558700803,0.5714501431602155,0.3685498568397846,0.3985498568397845,0.12101847644132119,0.0,False,False,False,False,4dbce96d-c8ba-43da-805c-6896990eee02
5,low_traffic,131,55,continuous,resource_efficient,2,MTC,0.8192,1536.0,1024.0,137.0,137.0,33.333333333333336,66.66666666666666,4.0,24.26,39.41363407506546,36.32765165446663,24.25871427046792,-1,PF(default),"[0.8870538473129272, 0.5554088354110718, 0.1534847915172577]",0.0,0.40377634558700803,0.5714501431602155,0.3685498568397846,0.3985498568397845,0.12101847644132119,0.0,False,False,False,False,4dbce96d-c8ba-43da-805c-6896990eee02
5,low_traffic,131,56,continuous,resource_efficient,0,eMBB,53.7856,70288.0,67232.0,429720.5,857904.0,6.52,93.48,3.0,36.08,36.07808097553539,39.86480773512244,24.057111289342163,-1,PF(default),"[0.11198826134204865, 0.134990856051445, -0.48165076971054077]",0.0,0.5187081086549049,0.5379534485030941,0.4020465514969059,0.43204655149690596,0.03537156080655818,0.0,False,True,False,False,4dbce96d-c8ba-43da-805c-6896990eee02
5,low_traffic,131,56,continuous,resource_efficient,1,URLLC,1.6224,2028.0,2028.0,87.0,87.0,0.0,100.0,0.0,39.86,36.07808097553539,39.86480773512244,24.057111289342163,-1,PF(default),"[0.11198826134204865, 0.134990856051445, -0.48165076971054077]",0.0,0.5187081086549049,0.5379534485030941,0.4020465514969059,0.43204655149690596,0.03537156080655818,0.0,False,False,False,False,4dbce96d-c8ba-43da-805c-6896990eee02
5,low_traffic,131,56,continuous,resource_efficient,2,MTC,1.2288,1536.0,1536.0,137.0,137.0,33.333333333333336,66.66666666666666,4.0,24.06,36.07808097553539,39.86480773512244,24.057111289342163,-1,PF(default),"[0.11198826134204865, 0.134990856051445, -0.48165076971054077]",0.0,0.5187081086549049,0.5379534485030941,0.4020465514969059,0.43204655149690596,0.03537156080655818,0.0,False,False,False,False,4dbce96d-c8ba-43da-805c-6896990eee02
5,low_traffic,131,57,continuous,resource_efficient,0,eMBB,40.339200000000005,70288.0,50424.0,439596.0,877655.0,28.26,71.74,13.0,37.48,37.47585409041454,36.14353139880945,26.380614510776013,-1,PF(default),"[0.7862915992736816, 0.5323363542556763, 0.31926894187927246]",0.0,0.40941090378239015,0.5515600528832707,0.3884399471167293,0.41843994711672927,0.03721276336312995,0.0,False,True,False,False,4dbce96d-c8ba-43da-805c-6896990eee02
5,low_traffic,131,57,continuous,resource_efficient,1,URLLC,1.6224,1872.0,2028.0,87.0,87.0,0.0,100.0,0.0,36.14,37.47585409041454,36.14353139880945,26.380614510776013,-1,PF(default),"[0.7862915992736816, 0.5323363542556763, 0.31926894187927246]",0.0,0.40941090378239015,0.5515600528832707,0.3884399471167293,0.41843994711672927,0.03721276336312995,0.0,False,False,False,False,4dbce96d-c8ba-43da-805c-6896990eee02
5,low_traffic,131,57,continuous,resource_efficient,2,MTC,0.8192,1536.0,1024.0,137.0,137.0,33.333333333333336,66.66666666666666,4.0,26.38,37.47585409041454,36.14353139880945,26.380614510776013,-1,PF(default),"[0.7862915992736816, 0.5323363542556763, 0.31926894187927246]",0.0,0.40941090378239015,0.5515600528832707,0.3884399471167293,0.41843994711672927,0.03721276336312995,0.0,False,False,False,False,4dbce96d-c8ba-43da-805c-6896990eee02
5,low_traffic,131,58,continuous,resource_efficient,0,eMBB,39.1168,70288.0,48896.0,446114.0,890691.0,30.435,69.565,14.0,33.0,33.00060352511215,39.521473201255105,27.477923273632747,-1,PF(default),"[0.803849458694458, 0.9820175170898438, 0.6597168445587158]",0.0,0.36500671366753656,0.5089989473453147,0.43100105265468525,0.4610010526546853,0.04475250565302391,0.0,False,True,False,False,4dbce96d-c8ba-43da-805c-6896990eee02
5,low_traffic,131,58,continuous,resource_efficient,1,URLLC,1.4976,2028.0,1872.0,87.0,87.0,7.69,92.31,2.0,39.52,33.00060352511215,39.521473201255105,27.477923273632747,-1,PF(default),"[0.803849458694458, 0.9820175170898438, 0.6597168445587158]",0.0,0.36500671366753656,0.5089989473453147,0.43100105265468525,0.4610010526546853,0.04475250565302391,0.0,False,False,False,False,4dbce96d-c8ba-43da-805c-6896990eee02
5,low_traffic,131,58,continuous,resource_efficient,2,MTC,0.8192,1536.0,1024.0,137.0,137.0,33.333333333333336,66.66666666666666,4.0,27.48,33.00060352511215,39.521473201255105,27.477923273632747,-1,PF(default),"[0.803849458694458, 0.9820175170898438, 0.6597168445587158]",0.0,0.36500671366753656,0.5089989473453147,0.43100105265468525,0.4610010526546853,0.04475250565302391,0.0,False,False,False,False,4dbce96d-c8ba-43da-805c-6896990eee02
5,low_traffic,131,59,continuous,resource_efficient,0,eMBB,23.2256,67232.0,29032.0,450974.0,900411.0,56.82,43.18,25.0,47.48,47.482287675187315,33.22144238110325,19.296269943709444,-1,PF(default),"[0.9337761402130127, 0.08754025399684906, -0.7090161442756653]",0.0,0.330240362139913,0.6512495110606706,0.2887504889393294,0.31875048893932945,0.14481684150075164,0.0,False,True,False,False,4dbce96d-c8ba-43da-805c-6896990eee02
5,low_traffic,131,59,continuous,resource_efficient,1,URLLC,1.6224,1872.0,2028.0,87.0,87.0,0.0,100.0,0.0,33.22,47.482287675187315,33.22144238110325,19.296269943709444,-1,PF(default),"[0.9337761402130127, 0.08754025399684906, -0.7090161442756653]",0.0,0.330240362139913,0.6512495110606706,0.2887504889393294,0.31875048893932945,0.14481684150075164,0.0,False,False,False,False,4dbce96d-c8ba-43da-805c-6896990eee02
5,low_traffic,131,59,continuous,resource_efficient,2,MTC,0.8192,1536.0,1024.0,137.0,137.0,33.333333333333336,66.66666666666666,4.0,19.3,47.482287675187315,33.22144238110325,19.296269943709444,-1,PF(default),"[0.9337761402130127, 0.08754025399684906, -0.7090161442756653]",0.0,0.330240362139913,0.6512495110606706,0.2887504889393294,0.31875048893932945,0.14481684150075164,0.0,False,False,False,False,4dbce96d-c8ba-43da-805c-6896990eee02
5,low_traffic,131,60,continuous,resource_efficient,0,eMBB,46.4512,70288.0,58064.0,458728.5,915920.0,17.39,82.61,8.0,28.6,28.597992080134244,40.773621451085425,30.628386468780338,-1,PF(default),"[-0.41869330406188965, 0.13568367063999176, -0.047676168382167816]",0.0,0.3773611144353358,0.4792159184869407,0.4607840815130593,0.4907840815130593,0.1888429559505307,0.0,False,True,False,False,4dbce96d-c8ba-43da-805c-6896990eee02
5,low_traffic,131,60,continuous,resource_efficient,1,URLLC,1.248,2028.0,1560.0,87.0,87.0,23.08,76.92,6.0,40.77,28.597992080134244,40.773621451085425,30.628386468780338,-1,PF(default),"[-0.41869330406188965, 0.13568367063999176, -0.047676168382167816]",0.0,0.3773611144353358,0.4792159184869407,0.4607840815130593,0.4907840815130593,0.1888429559505307,0.0,False,False,False,False,4dbce96d-c8ba-43da-805c-6896990eee02
5,low_traffic,131,60,continuous,resource_efficient,2,MTC,0.8192,2304.0,1024.0,137.0,137.0,55.55333333333332,44.44666666666668,10.0,30.63,28.597992080134244,40.773621451085425,30.628386468780338,-1,PF(default),"[-0.41869330406188965, 0.13568367063999176, -0.047676168382167816]",0.0,0.3773611144353358,0.4792159184869407,0.4607840815130593,0.4907840815130593,0.1888429559505307,0.0,False,False,False,False,4dbce96d-c8ba-43da-805c-6896990eee02
5,low_traffic,131,61,continuous,resource_efficient,0,eMBB,61.12,70288.0,76400.0,461796.5,921063.0,0.0,100.0,0.0,35.22,35.22087508447861,28.456393288886872,36.32273162663453,-1,PF(default),"[0.6929559111595154, -0.09290778636932373, 0.9071301221847534]",0.0,0.5155442117671771,0.5287692648895832,0.41123073511041697,0.44123073511041677,0.12317228162198554,0.0,False,True,False,False,4dbce96d-c8ba-43da-805c-6896990eee02
5,low_traffic,131,61,continuous,resource_efficient,1,URLLC,1.6224,1872.0,2028.0,87.0,87.0,0.0,100.0,0.0,28.46,35.22087508447861,28.456393288886872,36.32273162663453,-1,PF(default),"[0.6929559111595154, -0.09290778636932373, 0.9071301221847534]",0.0,0.5155442117671771,0.5287692648895832,0.41123073511041697,0.44123073511041677,0.12317228162198554,0.0,False,False,False,False,4dbce96d-c8ba-43da-805c-6896990eee02
5,low_traffic,131,61,continuous,resource_efficient,2,MTC,0.8192,1536.0,1024.0,137.0,137.0,33.333333333333336,66.66666666666666,4.0,36.32,35.22087508447861,28.456393288886872,36.32273162663453,-1,PF(default),"[0.6929559111595154, -0.09290778636932373, 0.9071301221847534]",0.0,0.5155442117671771,0.5287692648895832,0.41123073511041697,0.44123073511041677,0.12317228162198554,0.0,False,False,False,False,4dbce96d-c8ba-43da-805c-6896990eee02
5,low_traffic,131,62,continuous,resource_efficient,0,eMBB,47.67359999999999,70288.0,59592.0,467993.5,928322.0,17.39,82.61,8.0,49.85,49.85169904173653,29.350152279999026,20.798148678264443,-1,PF(default),"[0.5915844440460205, -0.6751720905303955, -0.9005873203277588]",0.0,0.5736810210740285,0.6751228596917233,0.2648771403082768,0.2948771403082767,0.1552458294837008,0.0,False,True,False,False,4dbce96d-c8ba-43da-805c-6896990eee02
5,low_traffic,131,62,continuous,resource_efficient,1,URLLC,1.7472,2028.0,2184.0,169.0,169.0,0.0,100.0,0.0,29.35,49.85169904173653,29.350152279999026,20.798148678264443,-1,PF(default),"[0.5915844440460205, -0.6751720905303955, -0.9005873203277588]",0.0,0.5736810210740285,0.6751228596917233,0.2648771403082768,0.2948771403082767,0.1552458294837008,0.0,False,False,False,False,4dbce96d-c8ba-43da-805c-6896990eee02
5,low_traffic,131,62,continuous,resource_efficient,2,MTC,0.8192,1536.0,1024.0,137.0,137.0,33.333333333333336,66.66666666666666,4.0,20.8,49.85169904173653,29.350152279999026,20.798148678264443,-1,PF(default),"[0.5915844440460205, -0.6751720905303955, -0.9005873203277588]",0.0,0.5736810210740285,0.6751228596917233,0.2648771403082768,0.2948771403082767,0.1552458294837008,0.0,False,False,False,False,4dbce96d-c8ba-43da-805c-6896990eee02
5,low_traffic,131,63,continuous,resource_efficient,0,eMBB,33.004799999999996,70288.0,41256.0,476665.5,951794.0,43.48,56.52,20.0,35.97,35.97395180269864,29.466676742278175,34.55937145502318,-1,PF(default),"[0.8467845916748047, 0.1339937001466751, 0.9413658976554871]",0.0,0.34008484452866267,0.5357364874633398,0.40426351253666015,0.4342635125366602,0.13877747239037885,0.0,False,True,False,False,4dbce96d-c8ba-43da-805c-6896990eee02
5,low_traffic,131,63,continuous,resource_efficient,1,URLLC,1.6224,1872.0,2028.0,87.0,87.0,0.0,100.0,0.0,29.47,35.97395180269864,29.466676742278175,34.55937145502318,-1,PF(default),"[0.8467845916748047, 0.1339937001466751, 0.9413658976554871]",0.0,0.34008484452866267,0.5357364874633398,0.40426351253666015,0.4342635125366602,0.13877747239037885,0.0,False,False,False,False,4dbce96d-c8ba-43da-805c-6896990eee02
5,low_traffic,131,63,continuous,resource_efficient,2,MTC,0.8192,1536.0,1024.0,137.0,137.0,33.333333333333336,66.66666666666666,4.0,34.56,35.97395180269864,29.466676742278175,34.55937145502318,-1,PF(default),"[0.8467845916748047, 0.1339937001466751, 0.9413658976554871]",0.0,0.34008484452866267,0.5357364874633398,0.40426351253666015,0.4342635125366602,0.13877747239037885,0.0,False,False,False,False,4dbce96d-c8ba-43da-805c-6896990eee02
5,low_traffic,131,64,continuous,resource_efficient,0,eMBB,28.1152,70288.0,35144.0,485798.0,970059.0,50.0,50.0,23.0,43.48,43.480354479237896,36.082438192859016,20.43720732790309,-1,PF(default),"[0.8384155035018921, 0.327168732881546, -0.4901535212993622]",0.0,0.3408198446832044,0.6127481673783473,0.3272518326216528,0.35725183262165283,0.14122164127120093,0.0,False,True,False,False,4dbce96d-c8ba-43da-805c-6896990eee02
5,low_traffic,131,64,continuous,resource_efficient,1,URLLC,1.4976,2028.0,1872.0,87.0,87.0,7.69,92.31,2.0,36.08,43.480354479237896,36.082438192859016,20.43720732790309,-1,PF(default),"[0.8384155035018921, 0.327168732881546, -0.4901535212993622]",0.0,0.3408198446832044,0.6127481673783473,0.3272518326216528,0.35725183262165283,0.14122164127120093,0.0,False,False,False,False,4dbce96d-c8ba-43da-805c-6896990eee02
5,low_traffic,131,64,continuous,resource_efficient,2,MTC,0.8192,1536.0,1024.0,137.0,137.0,33.333333333333336,66.66666666666666,4.0,20.44,43.480354479237896,36.082438192859016,20.43720732790309,-1,PF(default),"[0.8384155035018921, 0.327168732881546, -0.4901535212993622]",0.0,0.3408198446832044,0.6127481673783473,0.3272518326216528,0.35725183262165283,0.14122164127120093,0.0,False,False,False,False,4dbce96d-c8ba-43da-805c-6896990eee02
5,low_traffic,131,65,continuous,resource_efficient,0,eMBB,28.1152,70288.0,35144.0,493613.5,985690.0,50.0,50.0,23.0,39.12,39.11560990538615,25.948634321846832,34.93575577276702,-1,PF(default),"[0.6632949113845825, -0.6648612022399902, 0.62470543384552]",0.0,0.3191674233851038,0.5668287773716368,0.37317122262836316,0.40317122262836314,0.14498548444863932,0.0,False,True,False,False,4dbce96d-c8ba-43da-805c-6896990eee02
5,low_traffic,131,65,continuous,resource_efficient,1,URLLC,1.6224,1872.0,2028.0,87.0,87.0,0.0,100.0,0.0,25.95,39.11560990538615,25.948634321846832,34.93575577276702,-1,PF(default),"[0.6632949113845825, -0.6648612022399902, 0.62470543384552]",0.0,0.3191674233851038,0.5668287773716368,0.37317122262836316,0.40317122262836314,0.14498548444863932,0.0,False,False,False,False,4dbce96d-c8ba-43da-805c-6896990eee02
5,low_traffic,131,65,continuous,resource_efficient,2,MTC,0.8192,1536.0,1024.0,137.0,137.0,33.333333333333336,66.66666666666666,4.0,34.94,39.11560990538615,25.948634321846832,34.93575577276702,-1,PF(default),"[0.6632949113845825, -0.6648612022399902, 0.62470543384552]",0.0,0.3191674233851038,0.5668287773716368,0.37317122262836316,0.40317122262836314,0.14498548444863932,0.0,False,False,False,False,4dbce96d-c8ba-43da-805c-6896990eee02
5,low_traffic,131,66,continuous,resource_efficient,0,eMBB,23.2256,70288.0,29032.0,498652.5,995768.0,58.695,41.305,27.0,37.43,37.433042418528274,40.467340800250845,22.099616781220877,-1,PF(default),"[0.7874404191970825, 0.7728555202484131, -0.07525216788053513]",0.0,0.2674923684504492,0.5519568247312329,0.3880431752687671,0.4180431752687671,0.14518706478404017,0.0,False,True,False,False,4dbce96d-c8ba-43da-805c-6896990eee02
5,low_traffic,131,66,continuous,resource_efficient,1,URLLC,1.4976,2028.0,1872.0,87.0,87.0,7.69,92.31,2.0,40.47,37.433042418528274,40.467340800250845,22.099616781220877,-1,PF(default),"[0.7874404191970825, 0.7728555202484131, -0.07525216788053513]",0.0,0.2674923684504492,0.5519568247312329,0.3880431752687671,0.4180431752687671,0.14518706478404017,0.0,False,False,False,False,4dbce96d-c8ba-43da-805c-6896990eee02
5,low_traffic,131,66,continuous,resource_efficient,2,MTC,0.8192,1536.0,1024.0,137.0,137.0,33.333333333333336,66.66666666666666,4.0,22.099999999999998,37.433042418528274,40.467340800250845,22.099616781220877,-1,PF(default),"[0.7874404191970825, 0.7728555202484131, -0.07525216788053513]",0.0,0.2674923684504492,0.5519568247312329,0.3880431752687671,0.4180431752687671,0.14518706478404017,0.0,False,False,False,False,4dbce96d-c8ba-43da-805c-6896990eee02
5,low_traffic,131,67,continuous,resource_efficient,0,eMBB,29.3376,70288.0,36672.0,502706.5,1003876.0,50.0,50.0,23.0,48.96,48.959774567041656,25.830253365364612,25.20997206759372,-1,PF(default),"[0.7878683805465698, -0.9239766001701355, -0.21260406076908112]",0.0,0.382452635769326,0.6671011339552861,0.2728988660447138,0.30289886604471383,0.14637087434886234,0.0,False,True,False,False,4dbce96d-c8ba-43da-805c-6896990eee02
5,low_traffic,131,67,continuous,resource_efficient,1,URLLC,1.3728,1872.0,1716.0,87.0,87.0,8.33,91.67,2.0,25.83,48.959774567041656,25.830253365364612,25.20997206759372,-1,PF(default),"[0.7878683805465698, -0.9239766001701355, -0.21260406076908112]",0.0,0.382452635769326,0.6671011339552861,0.2728988660447138,0.30289886604471383,0.14637087434886234,0.0,False,False,False,False,4dbce96d-c8ba-43da-805c-6896990eee02
5,low_traffic,131,67,continuous,resource_efficient,2,MTC,0.8192,1536.0,1024.0,137.0,137.0,33.333333333333336,66.66666666666666,4.0,25.210000000000004,48.959774567041656,25.830253365364612,25.20997206759372,-1,PF(default),"[0.7878683805465698, -0.9239766001701355, -0.21260406076908112]",0.0,0.382452635769326,0.6671011339552861,0.2728988660447138,0.30289886604471383,0.14637087434886234,0.0,False,False,False,False,4dbce96d-c8ba-43da-805c-6896990eee02
5,low_traffic,131,68,continuous,resource_efficient,0,eMBB,29.3376,70288.0,36672.0,515791.5,1027135.0,50.0,50.0,23.0,26.84,26.836280927804633,50.388745206787775,22.774973865407592,-1,PF(default),"[-0.8793342709541321, 0.21516989171504974, -0.9539492130279541]",0.0,0.2578453736525669,0.443810823425426,0.49618917657457406,0.526189176574574,0.24558491841423163,0.0,False,True,False,False,4dbce96d-c8ba-43da-805c-6896990eee02
5,low_traffic,131,68,continuous,resource_efficient,1,URLLC,1.6224,2028.0,2028.0,87.0,87.0,0.0,100.0,0.0,50.39,26.836280927804633,50.388745206787775,22.774973865407592,-1,PF(default),"[-0.8793342709541321, 0.21516989171504974, -0.9539492130279541]",0.0,0.2578453736525669,0.443810823425426,0.49618917657457406,0.526189176574574,0.24558491841423163,0.0,False,False,False,False,4dbce96d-c8ba-43da-805c-6896990eee02
5,low_traffic,131,68,continuous,resource_efficient,2,MTC,0.8192,1536.0,1024.0,137.0,137.0,33.333333333333336,66.66666666666666,4.0,22.77,26.836280927804633,50.388745206787775,22.774973865407592,-1,PF(default),"[-0.8793342709541321, 0.21516989171504974, -0.9539492130279541]",0.0,0.2578453736525669,0.443810823425426,0.49618917657457406,0.526189176574574,0.24558491841423163,0.0,False,False,False,False,4dbce96d-c8ba-43da-805c-6896990eee02
5,low_traffic,131,69,continuous,resource_efficient,0,eMBB,28.1152,70288.0,35144.0,520457.0,1033618.0,50.0,50.0,23.0,31.39,31.390734827652935,29.72110282408833,38.88816234825874,-1,PF(default),"[0.34633582830429077, -0.0689617320895195, 0.8975002765655518]",0.0,0.28757275072419947,0.4893155444420616,0.4506844555579384,0.4806844555579384,0.20667642382699447,0.0,False,True,False,False,4dbce96d-c8ba-43da-805c-6896990eee02
5,low_traffic,131,69,continuous,resource_efficient,1,URLLC,1.6224,1872.0,2028.0,251.0,251.0,0.0,100.0,0.0,29.72,31.390734827652935,29.72110282408833,38.88816234825874,-1,PF(default),"[0.34633582830429077, -0.0689617320895195, 0.8975002765655518]",0.0,0.28757275072419947,0.4893155444420616,0.4506844555579384,0.4806844555579384,0.20667642382699447,0.0,False,False,False,False,4dbce96d-c8ba-43da-805c-6896990eee02
5,low_traffic,131,69,continuous,resource_efficient,2,MTC,1.2288,1536.0,1536.0,137.0,137.0,33.333333333333336,66.66666666666666,4.0,38.88999999999999,31.390734827652935,29.72110282408833,38.88816234825874,-1,PF(default),"[0.34633582830429077, -0.0689617320895195, 0.8975002765655518]",0.0,0.28757275072419947,0.4893155444420616,0.4506844555579384,0.4806844555579384,0.20667642382699447,0.0,False,False,False,False,4dbce96d-c8ba-43da-805c-6896990eee02
5,low_traffic,131,70,continuous,resource_efficient,0,eMBB,29.3376,70288.0,36672.0,527502.0,1049856.0,50.0,50.0,23.0,24.88,24.880551851947732,32.402030200985976,42.717417947066295,-1,PF(default),"[-0.9681965112686157, -0.5563652515411377, 0.3061710298061371]",0.0,0.24636937103733045,0.4240828780255077,0.5159171219744924,0.5459171219744923,0.06510182975705202,0.0,False,True,False,False,4dbce96d-c8ba-43da-805c-6896990eee02
5,low_traffic,131,70,continuous,resource_efficient,1,URLLC,1.6224,2028.0,2028.0,87.0,87.0,0.0,100.0,0.0,32.4,24.880551851947732,32.402030200985976,42.717417947066295,-1,PF(default),"[-0.9681965112686157, -0.5563652515411377, 0.3061710298061371]",0.0,0.24636937103733045,0.4240828780255077,0.5159171219744924,0.5459171219744923,0.06510182975705202,0.0,False,False,False,False,4dbce96d-c8ba-43da-805c-6896990eee02
5,low_traffic,131,70,continuous,resource_efficient,2,MTC,0.8192,1536.0,1024.0,137.0,137.0,33.333333333333336,66.66666666666666,4.0,42.72,24.880551851947732,32.402030200985976,42.717417947066295,-1,PF(default),"[-0.9681965112686157, -0.5563652515411377, 0.3061710298061371]",0.0,0.24636937103733045,0.4240828780255077,0.5159171219744924,0.5459171219744923,0.06510182975705202,0.0,False,False,False,False,4dbce96d-c8ba-43da-805c-6896990eee02
5,low_traffic,131,71,continuous,resource_efficient,0,eMBB,28.1152,67232.0,35144.0,537909.5,1073461.0,50.0,50.0,22.0,25.66,25.658398371376983,53.470601037092194,20.871000591530827,-1,PF(default),"[-0.6670684814453125, 0.6471081972122192, -0.8438676595687866]",0.0,0.2510711270491885,0.43162584206491794,0.508374157935082,0.538374157935082,0.21846417355535466,0.0,False,True,False,False,4dbce96d-c8ba-43da-805c-6896990eee02
5,low_traffic,131,71,continuous,resource_efficient,1,URLLC,1.6224,1872.0,2028.0,87.0,87.0,0.0,100.0,0.0,53.47,25.658398371376983,53.470601037092194,20.871000591530827,-1,PF(default),"[-0.6670684814453125, 0.6471081972122192, -0.8438676595687866]",0.0,0.2510711270491885,0.43162584206491794,0.508374157935082,0.538374157935082,0.21846417355535466,0.0,False,False,False,False,4dbce96d-c8ba-43da-805c-6896990eee02
5,low_traffic,131,71,continuous,resource_efficient,2,MTC,0.8192,1536.0,1024.0,137.0,137.0,33.333333333333336,66.66666666666666,4.0,20.87,25.658398371376983,53.470601037092194,20.871000591530827,-1,PF(default),"[-0.6670684814453125, 0.6471081972122192, -0.8438676595687866]",0.0,0.2510711270491885,0.43162584206491794,0.508374157935082,0.538374157935082,0.21846417355535466,0.0,False,False,False,False,4dbce96d-c8ba-43da-805c-6896990eee02
5,low_traffic,131,72,continuous,resource_efficient,0,eMBB,195.584,70288.0,244480.0,548822.0,1095663.0,0.0,100.0,0.0,29.2,29.198253673136477,36.105941651775595,34.695804675087935,-1,PF(default),"[0.2774218022823334, 0.5282246470451355, 0.8105940818786621]",0.0,0.45213654723078367,0.4778676614508458,0.4621323385491542,0.49213233854915417,0.17364659385316594,0.0,False,True,False,False,4dbce96d-c8ba-43da-805c-6896990eee02
5,low_traffic,131,72,continuous,resource_efficient,1,URLLC,1.4976,2028.0,1872.0,87.0,87.0,7.69,92.31,2.0,36.11,29.198253673136477,36.105941651775595,34.695804675087935,-1,PF(default),"[0.2774218022823334, 0.5282246470451355, 0.8105940818786621]",0.0,0.45213654723078367,0.4778676614508458,0.4621323385491542,0.49213233854915417,0.17364659385316594,0.0,False,False,False,False,4dbce96d-c8ba-43da-805c-6896990eee02
5,low_traffic,131,72,continuous,resource_efficient,2,MTC,0.8192,2304.0,1024.0,137.0,137.0,55.55333333333332,44.44666666666668,10.0,34.699999999999996,29.198253673136477,36.105941651775595,34.695804675087935,-1,PF(default),"[0.2774218022823334, 0.5282246470451355, 0.8105940818786621]",0.0,0.45213654723078367,0.4778676614508458,0.4621323385491542,0.49213233854915417,0.17364659385316594,0.0,False,False,False,False,4dbce96d-c8ba-43da-805c-6896990eee02
5,low_traffic,131,73,continuous,resource_efficient,0,eMBB,30.560000000000002,70288.0,38200.0,551567.5,1101598.0,45.65,54.35,21.0,43.06,43.05736737291767,38.16509198064445,18.777540646437892,-1,PF(default),"[0.6574610471725464, 0.28388792276382446, -0.9213678240776062]",0.0,0.36250213695963707,0.6054113305614222,0.3345886694385778,0.3645886694385777,0.15918264028650042,0.0,False,True,False,False,4dbce96d-c8ba-43da-805c-6896990eee02
5,low_traffic,131,73,continuous,resource_efficient,1,URLLC,1.6224,1872.0,2028.0,87.0,87.0,0.0,100.0,0.0,38.17,43.05736737291767,38.16509198064445,18.777540646437892,-1,PF(default),"[0.6574610471725464, 0.28388792276382446, -0.9213678240776062]",0.0,0.36250213695963707,0.6054113305614222,0.3345886694385778,0.3645886694385777,0.15918264028650042,0.0,False,False,False,False,4dbce96d-c8ba-43da-805c-6896990eee02
5,low_traffic,131,73,continuous,resource_efficient,2,MTC,0.8192,1536.0,1024.0,137.0,137.0,33.333333333333336,66.66666666666666,4.0,18.78,43.05736737291767,38.16509198064445,18.777540646437892,-1,PF(default),"[0.6574610471725464, 0.28388792276382446, -0.9213678240776062]",0.0,0.36250213695963707,0.6054113305614222,0.3345886694385778,0.3645886694385777,0.15918264028650042,0.0,False,False,False,False,4dbce96d-c8ba-43da-805c-6896990eee02
5,low_traffic,131,74,continuous,resource_efficient,0,eMBB,24.448,70288.0,30560.0,557446.0,1113355.0,56.519999999999996,43.480000000000004,26.0,43.23,43.23358485417471,33.441758509575045,23.32465663625024,-1,PF(default),"[0.4403563141822815, -0.2410070151090622, -0.537822961807251]",0.0,0.2986005482342961,0.6125027102922298,0.32749728970777026,0.3574972897077703,0.04723333471069395,0.0,False,True,False,False,4dbce96d-c8ba-43da-805c-6896990eee02
5,low_traffic,131,74,continuous,resource_efficient,1,URLLC,1.248,2028.0,1560.0,87.0,87.0,23.08,76.92,6.0,33.44,43.23358485417471,33.441758509575045,23.32465663625024,-1,PF(default),"[0.4403563141822815, -0.2410070151090622, -0.537822961807251]",0.0,0.2986005482342961,0.6125027102922298,0.32749728970777026,0.3574972897077703,0.04723333471069395,0.0,False,False,False,False,4dbce96d-c8ba-43da-805c-6896990eee02
5,low_traffic,131,74,continuous,resource_efficient,2,MTC,0.8192,1536.0,1024.0,137.0,137.0,33.333333333333336,66.66666666666666,4.0,23.319999999999997,43.23358485417471,33.441758509575045,23.32465663625024,-1,PF(default),"[0.4403563141822815, -0.2410070151090622, -0.537822961807251]",0.0,0.2986005482342961,0.6125027102922298,0.32749728970777026,0.3574972897077703,0.04723333471069395,0.0,False,False,False,False,4dbce96d-c8ba-43da-805c-6896990eee02
5,low_traffic,131,75,continuous,resource_efficient,0,eMBB,45.2288,70288.0,56536.0,570844.5,1135438.0,21.74,78.26,10.0,32.5,32.50143702752703,34.21633741734619,33.28222555512678,-1,PF(default),"[-0.5903488397598267, -0.6982704401016235, -0.3595722019672394]",0.0,0.406805979599883,0.49973732351744116,0.4402626764825588,0.4702626764825588,0.10732147826647676,0.0,False,True,False,False,4dbce96d-c8ba-43da-805c-6896990eee02
5,low_traffic,131,75,continuous,resource_efficient,1,URLLC,1.6224,1872.0,2028.0,87.0,87.0,0.0,100.0,0.0,34.22,32.50143702752703,34.21633741734619,33.28222555512678,-1,PF(default),"[-0.5903488397598267, -0.6982704401016235, -0.3595722019672394]",0.0,0.406805979599883,0.49973732351744116,0.4402626764825588,0.4702626764825588,0.10732147826647676,0.0,False,False,False,False,4dbce96d-c8ba-43da-805c-6896990eee02
5,low_traffic,131,75,continuous,resource_efficient,2,MTC,0.8192,1536.0,1024.0,137.0,137.0,33.333333333333336,66.66666666666666,4.0,33.28,32.50143702752703,34.21633741734619,33.28222555512678,-1,PF(default),"[-0.5903488397598267, -0.6982704401016235, -0.3595722019672394]",0.0,0.406805979599883,0.49973732351744116,0.4402626764825588,0.4702626764825588,0.10732147826647676,0.0,False,False,False,False,4dbce96d-c8ba-43da-805c-6896990eee02
5,low_traffic,131,76,continuous,resource_efficient,0,eMBB,47.67359999999999,70288.0,59592.0,575348.0,1143031.0,17.39,82.61,8.0,42.68,42.67810817483294,34.80120298687163,22.520688838295435,-1,PF(default),"[0.24145464599132538, -0.32243746519088745, -0.7994992136955261]",0.0,0.5113887984971127,0.601665842729028,0.33833415727097205,0.36833415727097196,0.10761536716831348,0.0,False,True,False,False,4dbce96d-c8ba-43da-805c-6896990eee02
5,low_traffic,131,76,continuous,resource_efficient,1,URLLC,1.7472,2028.0,2184.0,169.0,169.0,0.0,100.0,0.0,34.8,42.67810817483294,34.80120298687163,22.520688838295435,-1,PF(default),"[0.24145464599132538, -0.32243746519088745, -0.7994992136955261]",0.0,0.5113887984971127,0.601665842729028,0.33833415727097205,0.36833415727097196,0.10761536716831348,0.0,False,False,False,False,4dbce96d-c8ba-43da-805c-6896990eee02
5,low_traffic,131,76,continuous,resource_efficient,2,MTC,0.8192,1536.0,1024.0,137.0,137.0,33.333333333333336,66.66666666666666,4.0,22.52,42.67810817483294,34.80120298687163,22.520688838295435,-1,PF(default),"[0.24145464599132538, -0.32243746519088745, -0.7994992136955261]",0.0,0.5113887984971127,0.601665842729028,0.33833415727097205,0.36833415727097196,0.10761536716831348,0.0,False,False,False,False,4dbce96d-c8ba-43da-805c-6896990eee02
5,low_traffic,131,77,continuous,resource_efficient,0,eMBB,56.2304,70288.0,70288.0,581386.5,1161236.0,2.175,97.825,1.0,37.83,37.826075178860634,43.71770728800443,18.45621753313493,-1,PF(default),"[0.49644267559051514, 0.6105011701583862, -0.922328531742096]",0.0,0.5393743046433961,0.5529042887653894,0.38709571123461045,0.41709571123461053,0.08916504301132806,0.0,False,True,False,False,4dbce96d-c8ba-43da-805c-6896990eee02
5,low_traffic,131,77,continuous,resource_efficient,1,URLLC,1.6224,1872.0,2028.0,87.0,87.0,0.0,100.0,0.0,43.72,37.826075178860634,43.71770728800443,18.45621753313493,-1,PF(default),"[0.49644267559051514, 0.6105011701583862, -0.922328531742096]",0.0,0.5393743046433961,0.5529042887653894,0.38709571123461045,0.41709571123461053,0.08916504301132806,0.0,False,False,False,False,4dbce96d-c8ba-43da-805c-6896990eee02
5,low_traffic,131,77,continuous,resource_efficient,2,MTC,0.8192,1536.0,1024.0,137.0,137.0,33.333333333333336,66.66666666666666,4.0,18.460000000000004,37.826075178860634,43.71770728800443,18.45621753313493,-1,PF(default),"[0.49644267559051514, 0.6105011701583862, -0.922328531742096]",0.0,0.5393743046433961,0.5529042887653894,0.38709571123461045,0.41709571123461053,0.08916504301132806,0.0,False,False,False,False,4dbce96d-c8ba-43da-805c-6896990eee02
5,low_traffic,131,78,continuous,resource_efficient,0,eMBB,46.4512,70288.0,58064.0,587578.5,1173620.0,17.39,82.61,8.0,48.85,48.85169505877877,31.28239768774274,19.865907253478476,-1,PF(default),"[0.6327210664749146, -0.4155883193016052, -0.9622862339019775]",0.0,0.5481904834631441,0.6649698498734283,0.2750301501265717,0.30503015012657164,0.12435309600261692,0.0,False,True,False,False,4dbce96d-c8ba-43da-805c-6896990eee02
5,low_traffic,131,78,continuous,resource_efficient,1,URLLC,1.4976,2028.0,1872.0,87.0,87.0,7.69,92.31,2.0,31.28,48.85169505877877,31.28239768774274,19.865907253478476,-1,PF(default),"[0.6327210664749146, -0.4155883193016052, -0.9622862339019775]",0.0,0.5481904834631441,0.6649698498734283,0.2750301501265717,0.30503015012657164,0.12435309600261692,0.0,False,False,False,False,4dbce96d-c8ba-43da-805c-6896990eee02
5,low_traffic,131,78,continuous,resource_efficient,2,MTC,0.8192,1536.0,1024.0,159.0,269.0,33.333333333333336,66.66666666666666,4.0,19.87,48.85169505877877,31.28239768774274,19.865907253478476,-1,PF(default),"[0.6327210664749146, -0.4155883193016052, -0.9622862339019775]",0.0,0.5481904834631441,0.6649698498734283,0.2750301501265717,0.30503015012657164,0.12435309600261692,0.0,False,False,False,False,4dbce96d-c8ba-43da-805c-6896990eee02
5,low_traffic,131,79,continuous,resource_efficient,0,eMBB,56.2304,70288.0,70288.0,596844.0,1192151.0,2.175,97.825,1.0,35.8,35.79604384480786,32.65373926283709,31.55021689235505,-1,PF(default),"[-0.3181517720222473, -0.7315113544464111, -0.36720678210258484]",0.0,0.5323197578497929,0.5323197578497929,0.4076802421502071,0.43768024215020707,0.1305565121397092,0.0,False,True,False,False,4dbce96d-c8ba-43da-805c-6896990eee02
5,low_traffic,131,79,continuous,resource_efficient,1,URLLC,1.6224,1872.0,2028.0,87.0,87.0,0.0,100.0,0.0,32.65,35.79604384480786,32.65373926283709,31.55021689235505,-1,PF(default),"[-0.3181517720222473, -0.7315113544464111, -0.36720678210258484]",0.0,0.5323197578497929,0.5323197578497929,0.4076802421502071,0.43768024215020707,0.1305565121397092,0.0,False,False,False,False,4dbce96d-c8ba-43da-805c-6896990eee02
5,low_traffic,131,79,continuous,resource_efficient,2,MTC,1.2288,1536.0,1536.0,137.0,137.0,33.333333333333336,66.66666666666666,4.0,31.55,35.79604384480786,32.65373926283709,31.55021689235505,-1,PF(default),"[-0.3181517720222473, -0.7315113544464111, -0.36720678210258484]",0.0,0.5323197578497929,0.5323197578497929,0.4076802421502071,0.43768024215020707,0.1305565121397092,0.0,False,False,False,False,4dbce96d-c8ba-43da-805c-6896990eee02
5,low_traffic,131,80,continuous,resource_efficient,0,eMBB,24.448,70288.0,30560.0,601547.5,1201558.0,56.519999999999996,43.480000000000004,26.0,38.84,38.83586690215552,38.09849897689004,23.065634120954442,-1,PF(default),"[0.759198784828186, 0.556248664855957, -0.0643012747168541]",0.0,0.2832643285123258,0.5642994240173395,0.37570057598266055,0.4057005759826605,0.08484582771400609,0.0,False,True,False,False,4dbce96d-c8ba-43da-805c-6896990eee02
5,low_traffic,131,80,continuous,resource_efficient,1,URLLC,1.4976,2028.0,1872.0,87.0,87.0,7.69,92.31,2.0,38.1,38.83586690215552,38.09849897689004,23.065634120954442,-1,PF(default),"[0.759198784828186, 0.556248664855957, -0.0643012747168541]",0.0,0.2832643285123258,0.5642994240173395,0.37570057598266055,0.4057005759826605,0.08484582771400609,0.0,False,False,False,False,4dbce96d-c8ba-43da-805c-6896990eee02
5,low_traffic,131,80,continuous,resource_efficient,2,MTC,0.8192,1536.0,1024.0,137.0,137.0,33.333333333333336,66.66666666666666,4.0,23.069999999999997,38.83586690215552,38.09849897689004,23.065634120954442,-1,PF(default),"[0.759198784828186, 0.556248664855957, -0.0643012747168541]",0.0,0.2832643285123258,0.5642994240173395,0.37570057598266055,0.4057005759826605,0.08484582771400609,0.0,False,False,False,False,4dbce96d-c8ba-43da-805c-6896990eee02
5,low_traffic,131,81,continuous,resource_efficient,0,eMBB,41.5616,70288.0,51952.0,612236.5,1222936.0,26.085,73.91499999999999,12.0,38.81,38.81343213378676,30.40894472321851,30.777623142994727,-1,PF(default),"[0.09419596195220947, -0.6609052419662476, -0.14465393126010895]",0.0,0.41293171696012587,0.5689930962265183,0.37100690377348167,0.4010069037734817,0.07711989022040289,0.0,False,True,False,False,4dbce96d-c8ba-43da-805c-6896990eee02
5,low_traffic,131,81,continuous,resource_efficient,1,URLLC,1.3728,1872.0,1716.0,87.0,87.0,8.33,91.67,2.0,30.41,38.81343213378676,30.40894472321851,30.777623142994727,-1,PF(default),"[0.09419596195220947, -0.6609052419662476, -0.14465393126010895]",0.0,0.41293171696012587,0.5689930962265183,0.37100690377348167,0.4010069037734817,0.07711989022040289,0.0,False,False,False,False,4dbce96d-c8ba-43da-805c-6896990eee02
5,low_traffic,131,81,continuous,resource_efficient,2,MTC,0.4096,1536.0,512.0,137.0,137.0,66.66666666666667,33.33333333333333,8.0,30.78,38.81343213378676,30.40894472321851,30.777623142994727,-1,PF(default),"[0.09419596195220947, -0.6609052419662476, -0.14465393126010895]",0.0,0.41293171696012587,0.5689930962265183,0.37100690377348167,0.4010069037734817,0.07711989022040289,0.0,False,False,False,False,4dbce96d-c8ba-43da-805c-6896990eee02
5,low_traffic,131,82,continuous,resource_efficient,0,eMBB,62.3424,70288.0,77928.0,614024.0,1225427.0,0.0,100.0,0.0,41.64,41.639273657053536,34.716412027686,23.644314315260473,-1,PF(default),"[0.7347094416618347, 0.205826535820961, -0.15008901059627533]",0.0,0.590653981034468,0.590653981034468,0.349346018965532,0.379346018965532,0.07133308827734258,0.0,False,True,False,False,4dbce96d-c8ba-43da-805c-6896990eee02
5,low_traffic,131,82,continuous,resource_efficient,1,URLLC,1.6224,2028.0,2028.0,87.0,87.0,0.0,100.0,0.0,34.72,41.639273657053536,34.716412027686,23.644314315260473,-1,PF(default),"[0.7347094416618347, 0.205826535820961, -0.15008901059627533]",0.0,0.590653981034468,0.590653981034468,0.349346018965532,0.379346018965532,0.07133308827734258,0.0,False,False,False,False,4dbce96d-c8ba-43da-805c-6896990eee02
5,low_traffic,131,82,continuous,resource_efficient,2,MTC,1.2288,1536.0,1536.0,137.0,137.0,33.333333333333336,66.66666666666666,4.0,23.64,41.639273657053536,34.716412027686,23.644314315260473,-1,PF(default),"[0.7347094416618347, 0.205826535820961, -0.15008901059627533]",0.0,0.590653981034468,0.590653981034468,0.349346018965532,0.379346018965532,0.07133308827734258,0.0,False,False,False,False,4dbce96d-c8ba-43da-805c-6896990eee02
5,low_traffic,131,83,continuous,resource_efficient,0,eMBB,45.2288,67232.0,56536.0,625098.5,1242532.0,20.455,79.545,9.0,29.54,29.537229548420243,40.62096410291298,29.84180634866678,-1,PF(default),"[0.48438453674316406, 0.955620527267456, 0.7330850958824158]",0.0,0.39654242226162517,0.4696599956580395,0.47034000434196044,0.5003400043419605,0.12102044108633289,0.0,False,True,False,False,4dbce96d-c8ba-43da-805c-6896990eee02
5,low_traffic,131,83,continuous,resource_efficient,1,URLLC,1.6224,1872.0,2028.0,251.0,251.0,0.0,100.0,0.0,40.62,29.537229548420243,40.62096410291298,29.84180634866678,-1,PF(default),"[0.48438453674316406, 0.955620527267456, 0.7330850958824158]",0.0,0.39654242226162517,0.4696599956580395,0.47034000434196044,0.5003400043419605,0.12102044108633289,0.0,False,False,False,False,4dbce96d-c8ba-43da-805c-6896990eee02
5,low_traffic,131,83,continuous,resource_efficient,2,MTC,0.8192,1536.0,1024.0,137.0,137.0,33.333333333333336,66.66666666666666,4.0,29.84,29.537229548420243,40.62096410291298,29.84180634866678,-1,PF(default),"[0.48438453674316406, 0.955620527267456, 0.7330850958824158]",0.0,0.39654242226162517,0.4696599956580395,0.47034000434196044,0.5003400043419605,0.12102044108633289,0.0,False,False,False,False,4dbce96d-c8ba-43da-805c-6896990eee02
5,low_traffic,131,84,continuous,resource_efficient,0,eMBB,30.56,70288.0,38200.0,632991.5,1262914.0,50.0,50.0,23.0,29.07,29.072297097582943,33.120717136571976,37.80698576584508,-1,PF(default),"[-0.32164475321769714, -0.2657370865345001, 0.35759949684143066]",0.0,0.2747194566615143,0.4722593468924047,0.4677406531075953,0.4977406531075954,0.07965179417178297,0.0,False,True,False,False,4dbce96d-c8ba-43da-805c-6896990eee02
5,low_traffic,131,84,continuous,resource_efficient,1,URLLC,1.6224,2028.0,2028.0,87.0,87.0,0.0,100.0,0.0,33.12,29.072297097582943,33.120717136571976,37.80698576584508,-1,PF(default),"[-0.32164475321769714, -0.2657370865345001, 0.35759949684143066]",0.0,0.2747194566615143,0.4722593468924047,0.4677406531075953,0.4977406531075954,0.07965179417178297,0.0,False,False,False,False,4dbce96d-c8ba-43da-805c-6896990eee02
5,low_traffic,131,84,continuous,resource_efficient,2,MTC,0.8192,2304.0,1024.0,137.0,137.0,55.55333333333332,44.44666666666668,10.0,37.81,29.072297097582943,33.120717136571976,37.80698576584508,-1,PF(default),"[-0.32164475321769714, -0.2657370865345001, 0.35759949684143066]",0.0,0.2747194566615143,0.4722593468924047,0.4677406531075953,0.4977406531075954,0.07965179417178297,0.0,False,False,False,False,4dbce96d-c8ba-43da-805c-6896990eee02
5,low_traffic,131,85,continuous,resource_efficient,0,eMBB,42.784,70288.0,53480.0,637748.5,1272428.0,23.915,76.08500000000001,11.0,39.51,39.505977837892246,33.77341360709234,26.720608555015417,-1,PF(default),"[-0.397159606218338, -0.9029756188392639, -0.9315356612205505]",0.0,0.4427687874517584,0.5689706399702907,0.3710293600297093,0.40102936002970924,0.11086377210829662,0.0,False,True,False,False,4dbce96d-c8ba-43da-805c-6896990eee02
5,low_traffic,131,85,continuous,resource_efficient,1,URLLC,1.6224,1872.0,2028.0,87.0,87.0,0.0,100.0,0.0,33.77,39.505977837892246,33.77341360709234,26.720608555015417,-1,PF(default),"[-0.397159606218338, -0.9029756188392639, -0.9315356612205505]",0.0,0.4427687874517584,0.5689706399702907,0.3710293600297093,0.40102936002970924,0.11086377210829662,0.0,False,False,False,False,4dbce96d-c8ba-43da-805c-6896990eee02
5,low_traffic,131,85,continuous,resource_efficient,2,MTC,0.8192,1536.0,1024.0,137.0,137.0,33.333333333333336,66.66666666666666,4.0,26.72,39.505977837892246,33.77341360709234,26.720608555015417,-1,PF(default),"[-0.397159606218338, -0.9029756188392639, -0.9315356612205505]",0.0,0.4427687874517584,0.5689706399702907,0.3710293600297093,0.40102936002970924,0.11086377210829662,0.0,False,False,False,False,4dbce96d-c8ba-43da-805c-6896990eee02
5,low_traffic,131,86,continuous,resource_efficient,0,eMBB,41.5616,70288.0,51952.0,642371.5,1283206.0,26.085,73.91499999999999,12.0,32.87,32.868057695083074,35.47856291304091,31.65337939187602,-1,PF(default),"[-0.606096625328064, -0.6518405675888062, -0.4833917021751404]",0.0,0.3795601497837108,0.504216437453914,0.435783562546086,0.465783562546086,0.06637920142809173,0.0,False,True,False,False,4dbce96d-c8ba-43da-805c-6896990eee02
5,low_traffic,131,86,continuous,resource_efficient,1,URLLC,1.4976,2028.0,1872.0,87.0,87.0,7.69,92.31,2.0,35.48,32.868057695083074,35.47856291304091,31.65337939187602,-1,PF(default),"[-0.606096625328064, -0.6518405675888062, -0.4833917021751404]",0.0,0.3795601497837108,0.504216437453914,0.435783562546086,0.465783562546086,0.06637920142809173,0.0,False,False,False,False,4dbce96d-c8ba-43da-805c-6896990eee02
5,low_traffic,131,86,continuous,resource_efficient,2,MTC,0.8192,1536.0,1024.0,137.0,137.0,33.333333333333336,66.66666666666666,4.0,31.650000000000002,32.868057695083074,35.47856291304091,31.65337939187602,-1,PF(default),"[-0.606096625328064, -0.6518405675888062, -0.4833917021751404]",0.0,0.3795601497837108,0.504216437453914,0.435783562546086,0.465783562546086,0.06637920142809173,0.0,False,False,False,False,4dbce96d-c8ba-43da-805c-6896990eee02
5,low_traffic,131,87,continuous,resource_efficient,0,eMBB,51.3408,70288.0,64176.0,648404.5,1295272.0,8.695,91.305,4.0,35.26,35.258056823937665,34.89749946877604,29.8444437072863,-1,PF(default),"[-0.019234400242567062, -0.2408292442560196, -0.13809005916118622]",0.0,0.4758449174962323,0.526426929977202,0.41357307002279803,0.443573070022798,0.02389999128854592,0.0,False,True,False,False,4dbce96d-c8ba-43da-805c-6896990eee02
5,low_traffic,131,87,continuous,resource_efficient,1,URLLC,1.6224,1872.0,2028.0,87.0,87.0,0.0,100.0,0.0,34.9,35.258056823937665,34.89749946877604,29.8444437072863,-1,PF(default),"[-0.019234400242567062, -0.2408292442560196, -0.13809005916118622]",0.0,0.4758449174962323,0.526426929977202,0.41357307002279803,0.443573070022798,0.02389999128854592,0.0,False,False,False,False,4dbce96d-c8ba-43da-805c-6896990eee02
5,low_traffic,131,87,continuous,resource_efficient,2,MTC,0.8192,1536.0,1024.0,137.0,137.0,33.333333333333336,66.66666666666666,4.0,29.84,35.258056823937665,34.89749946877604,29.8444437072863,-1,PF(default),"[-0.019234400242567062, -0.2408292442560196, -0.13809005916118622]",0.0,0.4758449174962323,0.526426929977202,0.41357307002279803,0.443573070022798,0.02389999128854592,0.0,False,False,False,False,4dbce96d-c8ba-43da-805c-6896990eee02
5,low_traffic,131,88,continuous,resource_efficient,0,eMBB,51.3408,70288.0,64176.0,658403.0,1313737.0,8.7,91.3,4.0,29.34,29.343951124255895,45.775094035515345,24.880954840228757,-1,PF(default),"[-0.7564248442649841, -0.046959392726421356, -0.8500329256057739]",0.0,0.4153264535729884,0.4720074921617555,0.4679925078382444,0.49799250783824445,0.10877594566739311,0.0,False,True,False,False,4dbce96d-c8ba-43da-805c-6896990eee02
5,low_traffic,131,88,continuous,resource_efficient,1,URLLC,1.248,2028.0,1560.0,87.0,87.0,23.08,76.92,6.0,45.78,29.343951124255895,45.775094035515345,24.880954840228757,-1,PF(default),"[-0.7564248442649841, -0.046959392726421356, -0.8500329256057739]",0.0,0.4153264535729884,0.4720074921617555,0.4679925078382444,0.49799250783824445,0.10877594566739311,0.0,False,False,False,False,4dbce96d-c8ba-43da-805c-6896990eee02
5,low_traffic,131,88,continuous,resource_efficient,2,MTC,0.8192,1536.0,1024.0,137.0,137.0,33.333333333333336,66.66666666666666,4.0,24.88,29.343951124255895,45.775094035515345,24.880954840228757,-1,PF(default),"[-0.7564248442649841, -0.046959392726421356, -0.8500329256057739]",0.0,0.4153264535729884,0.4720074921617555,0.4679925078382444,0.49799250783824445,0.10877594566739311,0.0,False,False,False,False,4dbce96d-c8ba-43da-805c-6896990eee02
5,low_traffic,131,89,continuous,resource_efficient,0,eMBB,29.3376,70288.0,36672.0,663629.5,1324190.0,50.0,50.0,23.0,49.25,49.25355588103716,30.643175650886267,20.103268468076568,-1,PF(default),"[0.6995139122009277, -0.41952836513519287, -0.8722019791603088]",0.0,0.38672283626997633,0.6660964124615703,0.2739035875384296,0.3039035875384297,0.19909604756781263,0.0,False,True,False,False,4dbce96d-c8ba-43da-805c-6896990eee02
5,low_traffic,131,89,continuous,resource_efficient,1,URLLC,1.6224,1872.0,2028.0,87.0,87.0,0.0,100.0,0.0,30.64,49.25355588103716,30.643175650886267,20.103268468076568,-1,PF(default),"[0.6995139122009277, -0.41952836513519287, -0.8722019791603088]",0.0,0.38672283626997633,0.6660964124615703,0.2739035875384296,0.3039035875384297,0.19909604756781263,0.0,False,False,False,False,4dbce96d-c8ba-43da-805c-6896990eee02
5,low_traffic,131,89,continuous,resource_efficient,2,MTC,0.8192,1536.0,1024.0,137.0,137.0,33.333333333333336,66.66666666666666,4.0,20.099999999999998,49.25355588103716,30.643175650886267,20.103268468076568,-1,PF(default),"[0.6995139122009277, -0.41952836513519287, -0.8722019791603088]",0.0,0.38672283626997633,0.6660964124615703,0.2739035875384296,0.3039035875384297,0.19909604756781263,0.0,False,False,False,False,4dbce96d-c8ba-43da-805c-6896990eee02
5,low_traffic,131,90,continuous,resource_efficient,0,eMBB,46.4512,70288.0,58064.0,670937.5,1335742.0,19.565,80.435,9.0,50.76,50.76184739926015,29.367197259358825,19.870955341381023,-1,PF(default),"[0.737217903137207, -0.5547730922698975, -0.9146685004234314]",0.0,0.567005758735228,0.6813906568803391,0.258609343119661,0.2886093431196609,0.0150829151822299,0.0,False,True,False,False,4dbce96d-c8ba-43da-805c-6896990eee02
5,low_traffic,131,90,continuous,resource_efficient,1,URLLC,1.7472,2028.0,2184.0,169.0,169.0,0.0,100.0,0.0,29.37,50.76184739926015,29.367197259358825,19.870955341381023,-1,PF(default),"[0.737217903137207, -0.5547730922698975, -0.9146685004234314]",0.0,0.567005758735228,0.6813906568803391,0.258609343119661,0.2886093431196609,0.0150829151822299,0.0,False,False,False,False,4dbce96d-c8ba-43da-805c-6896990eee02
5,low_traffic,131,90,continuous,resource_efficient,2,MTC,0.8192,1536.0,1024.0,137.0,137.0,33.333333333333336,66.66666666666666,4.0,19.87,50.76184739926015,29.367197259358825,19.870955341381023,-1,PF(default),"[0.737217903137207, -0.5547730922698975, -0.9146685004234314]",0.0,0.567005758735228,0.6813906568803391,0.258609343119661,0.2886093431196609,0.0150829151822299,0.0,False,False,False,False,4dbce96d-c8ba-43da-805c-6896990eee02
5,low_traffic,131,91,continuous,resource_efficient,0,eMBB,64.7872,70288.0,80984.0,675893.0,1350249.0,0.0,100.0,0.0,33.14,33.143508629487016,39.54879503404164,27.30769633647135,-1,PF(default),"[-0.5799260139465332, -0.40906938910484314, -0.7448778748512268]",0.0,0.5049550283505673,0.5049550283505673,0.4350449716494328,0.4650449716494327,0.17618338769773137,0.0,False,True,False,False,4dbce96d-c8ba-43da-805c-6896990eee02
5,low_traffic,131,91,continuous,resource_efficient,1,URLLC,1.6224,1872.0,2028.0,87.0,87.0,0.0,100.0,0.0,39.55,33.143508629487016,39.54879503404164,27.30769633647135,-1,PF(default),"[-0.5799260139465332, -0.40906938910484314, -0.7448778748512268]",0.0,0.5049550283505673,0.5049550283505673,0.4350449716494328,0.4650449716494327,0.17618338769773137,0.0,False,False,False,False,4dbce96d-c8ba-43da-805c-6896990eee02
5,low_traffic,131,91,continuous,resource_efficient,2,MTC,1.2288,1536.0,1536.0,137.0,137.0,33.333333333333336,66.66666666666666,4.0,27.31,33.143508629487016,39.54879503404164,27.30769633647135,-1,PF(default),"[-0.5799260139465332, -0.40906938910484314, -0.7448778748512268]",0.0,0.5049550283505673,0.5049550283505673,0.4350449716494328,0.4650449716494327,0.17618338769773137,0.0,False,False,False,False,4dbce96d-c8ba-43da-805c-6896990eee02
5,low_traffic,131,92,continuous,resource_efficient,0,eMBB,42.784,70288.0,53480.0,686236.0,1370935.0,23.915,76.08500000000001,11.0,28.05,28.048538050315518,39.65890786299374,32.29255408669074,-1,PF(default),"[0.18461787700653076, 0.7309801578521729, 0.6946520805358887]",0.0,0.35105704227567697,0.4555029229388885,0.48449707706111145,0.5144970770611114,0.05094970579171498,0.0,False,True,False,False,4dbce96d-c8ba-43da-805c-6896990eee02
5,low_traffic,131,92,continuous,resource_efficient,1,URLLC,1.4976,2028.0,1872.0,87.0,87.0,7.69,92.31,2.0,39.66,28.048538050315518,39.65890786299374,32.29255408669074,-1,PF(default),"[0.18461787700653076, 0.7309801578521729, 0.6946520805358887]",0.0,0.35105704227567697,0.4555029229388885,0.48449707706111145,0.5144970770611114,0.05094970579171498,0.0,False,False,False,False,4dbce96d-c8ba-43da-805c-6896990eee02
5,low_traffic,131,92,continuous,resource_efficient,2,MTC,0.8192,1536.0,1024.0,137.0,137.0,33.333333333333336,66.66666666666666,4.0,32.29,28.048538050315518,39.65890786299374,32.29255408669074,-1,PF(default),"[0.18461787700653076, 0.7309801578521729, 0.6946520805358887]",0.0,0.35105704227567697,0.4555029229388885,0.48449707706111145,0.5144970770611114,0.05094970579171498,0.0,False,False,False,False,4dbce96d-c8ba-43da-805c-6896990eee02
5,low_traffic,131,93,continuous,resource_efficient,0,eMBB,45.22880000000001,70288.0,56536.0,695794.5,1390052.0,19.565,80.435,9.0,32.68,32.67564125146746,38.00798726753366,29.316371480998882,-1,PF(default),"[0.05675593018531799, 0.17431774735450745, 0.05492611229419708]",0.0,0.40716801018929866,0.5001095349649083,0.43989046503509166,0.4698904650350917,0.04627103201151947,0.0,False,True,False,False,4dbce96d-c8ba-43da-805c-6896990eee02
5,low_traffic,131,93,continuous,resource_efficient,1,URLLC,1.6224,1872.0,2028.0,87.0,87.0,0.0,100.0,0.0,38.01,32.67564125146746,38.00798726753366,29.316371480998882,-1,PF(default),"[0.05675593018531799, 0.17431774735450745, 0.05492611229419708]",0.0,0.40716801018929866,0.5001095349649083,0.43989046503509166,0.4698904650350917,0.04627103201151947,0.0,False,False,False,False,4dbce96d-c8ba-43da-805c-6896990eee02
5,low_traffic,131,93,continuous,resource_efficient,2,MTC,0.8192,1536.0,1024.0,137.0,137.0,33.333333333333336,66.66666666666666,4.0,29.319999999999997,32.67564125146746,38.00798726753366,29.316371480998882,-1,PF(default),"[0.05675593018531799, 0.17431774735450745, 0.05492611229419708]",0.0,0.40716801018929866,0.5001095349649083,0.43989046503509166,0.4698904650350917,0.04627103201151947,0.0,False,False,False,False,4dbce96d-c8ba-43da-805c-6896990eee02
5,low_traffic,131,94,continuous,resource_efficient,0,eMBB,47.6736,70288.0,59592.0,700089.0,1398641.0,15.215,84.785,7.0,51.35,51.347544769463425,28.89358389133656,19.758871339200024,-1,PF(default),"[0.9449929594993591, -0.415913462638855, -0.741222620010376]",0.0,0.5799201387418566,0.6883719311300474,0.2516280688699526,0.28162806886995273,0.18671903517995958,0.0,False,True,False,False,4dbce96d-c8ba-43da-805c-6896990eee02
5,low_traffic,131,94,continuous,resource_efficient,1,URLLC,1.4976,2028.0,1872.0,87.0,87.0,7.69,92.31,2.0,28.89,51.347544769463425,28.89358389133656,19.758871339200024,-1,PF(default),"[0.9449929594993591, -0.415913462638855, -0.741222620010376]",0.0,0.5799201387418566,0.6883719311300474,0.2516280688699526,0.28162806886995273,0.18671903517995958,0.0,False,False,False,False,4dbce96d-c8ba-43da-805c-6896990eee02
5,low_traffic,131,94,continuous,resource_efficient,2,MTC,0.8192,1536.0,1024.0,137.0,137.0,33.333333333333336,66.66666666666666,4.0,19.76,51.347544769463425,28.89358389133656,19.758871339200024,-1,PF(default),"[0.9449929594993591, -0.415913462638855, -0.741222620010376]",0.0,0.5799201387418566,0.6883719311300474,0.2516280688699526,0.28162806886995273,0.18671903517995958,0.0,False,False,False,False,4dbce96d-c8ba-43da-805c-6896990eee02
5,low_traffic,131,95,continuous,resource_efficient,0,eMBB,26.8928,67232.0,33616.0,708532.0,1415527.0,50.0,50.0,22.0,38.54,38.5410092254879,28.669284981008847,32.78970579350326,-1,PF(default),"[0.9649031758308411, 0.039298925548791885, 0.847601592540741]",0.0,0.31066427997969703,0.5600360770715405,0.3799639229284596,0.4099639229284595,0.1303083445430323,0.0,False,True,False,False,4dbce96d-c8ba-43da-805c-6896990eee02
5,low_traffic,131,95,continuous,resource_efficient,1,URLLC,1.3728,1872.0,1716.0,87.0,87.0,8.33,91.67,2.0,28.67,38.5410092254879,28.669284981008847,32.78970579350326,-1,PF(default),"[0.9649031758308411, 0.039298925548791885, 0.847601592540741]",0.0,0.31066427997969703,0.5600360770715405,0.3799639229284596,0.4099639229284595,0.1303083445430323,0.0,False,False,False,False,4dbce96d-c8ba-43da-805c-6896990eee02
5,low_traffic,131,95,continuous,resource_efficient,2,MTC,0.8192,1536.0,1024.0,137.0,137.0,33.333333333333336,66.66666666666666,4.0,32.79,38.5410092254879,28.669284981008847,32.78970579350326,-1,PF(default),"[0.9649031758308411, 0.039298925548791885, 0.847601592540741]",0.0,0.31066427997969703,0.5600360770715405,0.3799639229284596,0.4099639229284595,0.1303083445430323,0.0,False,False,False,False,4dbce96d-c8ba-43da-805c-6896990eee02
5,low_traffic,131,96,continuous,resource_efficient,0,eMBB,29.3376,70288.0,36672.0,713968.0,1424634.0,50.0,50.0,23.0,28.44,28.441162609121406,29.882758355023604,41.676079035855,-1,PF(default),"[-0.2304113656282425, -0.4056970775127411, 0.6478235721588135]",0.0,0.26191086157569027,0.4644044747484726,0.4755955252515275,0.5055955252515274,0.10099846616366492,0.0,False,True,False,False,4dbce96d-c8ba-43da-805c-6896990eee02
5,low_traffic,131,96,continuous,resource_efficient,1,URLLC,1.6224,2028.0,2028.0,87.0,87.0,0.0,100.0,0.0,29.88,28.441162609121406,29.882758355023604,41.676079035855,-1,PF(default),"[-0.2304113656282425, -0.4056970775127411, 0.6478235721588135]",0.0,0.26191086157569027,0.4644044747484726,0.4755955252515275,0.5055955252515274,0.10099846616366492,0.0,False,False,False,False,4dbce96d-c8ba-43da-805c-6896990eee02
5,low_traffic,131,96,continuous,resource_efficient,2,MTC,0.8192,2304.0,1024.0,137.0,137.0,55.55333333333332,44.44666666666668,10.0,41.68,28.441162609121406,29.882758355023604,41.676079035855,-1,PF(default),"[-0.2304113656282425, -0.4056970775127411, 0.6478235721588135]",0.0,0.26191086157569027,0.4644044747484726,0.4755955252515275,0.5055955252515274,0.10099846616366492,0.0,False,False,False,False,4dbce96d-c8ba-43da-805c-6896990eee02
5,low_traffic,131,97,continuous,resource_efficient,0,eMBB,81.9008,70288.0,102376.0,727538.5,1447412.0,0.0,100.0,0.0,38.58,38.58147621935205,25.767598337065156,35.65092544358279,-1,PF(default),"[0.829542875289917, -0.5054400563240051, 0.8476047515869141]",0.0,0.545687060635512,0.5591358243930912,0.3808641756069088,0.4108641756069089,0.10140313610230645,0.0,False,True,False,False,4dbce96d-c8ba-43da-805c-6896990eee02
5,low_traffic,131,97,continuous,resource_efficient,1,URLLC,1.6224,1872.0,2028.0,251.0,251.0,0.0,100.0,0.0,25.77,38.58147621935205,25.767598337065156,35.65092544358279,-1,PF(default),"[0.829542875289917, -0.5054400563240051, 0.8476047515869141]",0.0,0.545687060635512,0.5591358243930912,0.3808641756069088,0.4108641756069089,0.10140313610230645,0.0,False,False,False,False,4dbce96d-c8ba-43da-805c-6896990eee02
5,low_traffic,131,97,continuous,resource_efficient,2,MTC,0.8192,1536.0,1024.0,137.0,137.0,33.333333333333336,66.66666666666666,4.0,35.65,38.58147621935205,25.767598337065156,35.65092544358279,-1,PF(default),"[0.829542875289917, -0.5054400563240051, 0.8476047515869141]",0.0,0.545687060635512,0.5591358243930912,0.3808641756069088,0.4108641756069089,0.10140313610230645,0.0,False,False,False,False,4dbce96d-c8ba-43da-805c-6896990eee02
5,low_traffic,131,98,continuous,resource_efficient,0,eMBB,48.896,70288.0,61120.0,733702.5,1465868.0,15.215,84.785,7.0,34.66,34.65881402465909,44.91245877436423,20.428727200976684,-1,PF(default),"[0.009735887870192528, 0.33507588505744934, -0.9210812449455261]",0.0,0.4511687121869373,0.5197038887738492,0.42029611122615074,0.45029611122615076,0.19144860437299072,0.0,False,True,False,False,4dbce96d-c8ba-43da-805c-6896990eee02
5,low_traffic,131,98,continuous,resource_efficient,1,URLLC,1.6224,2028.0,2028.0,87.0,87.0,0.0,100.0,0.0,44.91,34.65881402465909,44.91245877436423,20.428727200976684,-1,PF(default),"[0.009735887870192528, 0.33507588505744934, -0.9210812449455261]",0.0,0.4511687121869373,0.5197038887738492,0.42029611122615074,0.45029611122615076,0.19144860437299072,0.0,False,False,False,False,4dbce96d-c8ba-43da-805c-6896990eee02
5,low_traffic,131,98,continuous,resource_efficient,2,MTC,0.8192,1536.0,1024.0,137.0,137.0,33.333333333333336,66.66666666666666,4.0,20.430000000000003,34.65881402465909,44.91245877436423,20.428727200976684,-1,PF(default),"[0.009735887870192528, 0.33507588505744934, -0.9210812449455261]",0.0,0.4511687121869373,0.5197038887738492,0.42029611122615074,0.45029611122615076,0.19144860437299072,0.0,False,False,False,False,4dbce96d-c8ba-43da-805c-6896990eee02
5,low_traffic,131,99,continuous,resource_efficient,0,eMBB,28.1152,70288.0,35144.0,737889.5,1474242.0,50.0,50.0,23.0,45.0,44.99988954948007,31.271378062700016,23.728732387819907,-1,PF(default),"[0.04048285633325577, -0.8813444375991821, -0.9624080657958984]",0.0,0.3504305843018027,0.62300079306977,0.31699920693023,0.3469992069302301,0.1364108071166421,0.0,False,True,False,False,4dbce96d-c8ba-43da-805c-6896990eee02
5,low_traffic,131,99,continuous,resource_efficient,1,URLLC,1.6224,1872.0,2028.0,87.0,87.0,0.0,100.0,0.0,31.27,44.99988954948007,31.271378062700016,23.728732387819907,-1,PF(default),"[0.04048285633325577, -0.8813444375991821, -0.9624080657958984]",0.0,0.3504305843018027,0.62300079306977,0.31699920693023,0.3469992069302301,0.1364108071166421,0.0,False,False,False,False,4dbce96d-c8ba-43da-805c-6896990eee02
5,low_traffic,131,99,continuous,resource_efficient,2,MTC,0.8192,1536.0,1024.0,159.0,269.0,33.333333333333336,66.66666666666666,4.0,23.73,44.99988954948007,31.271378062700016,23.728732387819907,-1,PF(default),"[0.04048285633325577, -0.8813444375991821, -0.9624080657958984]",0.0,0.3504305843018027,0.62300079306977,0.31699920693023,0.3469992069302301,0.1364108071166421,0.0,False,False,False,False,4dbce96d-c8ba-43da-805c-6896990eee02
5,low_traffic,131,100,continuous,resource_efficient,0,eMBB,28.1152,70288.0,35144.0,740270.0,1479003.0,50.0,50.0,23.0,34.83,34.831685425686956,39.418075541526974,25.75023903278607,-1,PF(default),"[-0.06900816410779953, -0.0023932484909892082, -0.4496729373931885]",0.0,0.2902563336663242,0.5226771442327741,0.4173228557672259,0.44732285576722586,0.1016820412379312,0.0,False,True,False,True,4dbce96d-c8ba-43da-805c-6896990eee02
5,low_traffic,131,100,continuous,resource_efficient,1,URLLC,1.4976,2028.0,1872.0,87.0,87.0,7.69,92.31,2.0,39.42,34.831685425686956,39.418075541526974,25.75023903278607,-1,PF(default),"[-0.06900816410779953, -0.0023932484909892082, -0.4496729373931885]",0.0,0.2902563336663242,0.5226771442327741,0.4173228557672259,0.44732285576722586,0.1016820412379312,0.0,False,False,False,True,4dbce96d-c8ba-43da-805c-6896990eee02
5,low_traffic,131,100,continuous,resource_efficient,2,MTC,0.8192,1536.0,1024.0,137.0,137.0,33.333333333333336,66.66666666666666,4.0,25.75,34.831685425686956,39.418075541526974,25.75023903278607,-1,PF(default),"[-0.06900816410779953, -0.0023932484909892082, -0.4496729373931885]",0.0,0.2902563336663242,0.5226771442327741,0.4173228557672259,0.44732285576722586,0.1016820412379312,0.0,False,False,False,True,4dbce96d-c8ba-43da-805c-6896990eee02
