timestamp,ueImsi,sliceId,dTxBytes,dRxBytes,plr,resourceSharePct,dLostPackets,throughputMbps,bufferBytes
1510,1,0,35144,36672,0.00,43.28,0,29.3376,190249
1510,2,0,35144,22920,34.78,43.28,8,18.3360,1512823
1510,3,1,1014,702,30.77,33.97,4,0.5616,87
1510,4,1,1014,936,7.69,33.97,1,0.7488,87
1510,5,2,256,0,100.00,22.75,2,0.0000,137
1510,6,2,256,3072,0.00,22.75,0,2.4576,137
1510,7,2,256,256,0.00,22.75,0,0.2048,137
1510,8,2,256,0,100.00,22.75,2,0.0000,269
1510,9,2,256,0,100.00,22.75,2,0.0000,137
1510,10,2,256,256,0.00,22.75,0,0.2048,137
