timestamp,ueImsi,sliceId,dTxBytes,dRxBytes,plr,resourceSharePct,dLostPackets,throughputMbps,bufferBytes,dlBufferBytes,ulBufferBytes,macBufferBytes,congestionPct,lastDrlActionStatus
9900,1,0,193616,0,100.00,48.94,172,0.0000,1200005,180152,1200005,1380157,13.16,applied
9900,2,0,193616,0,100.00,48.94,172,0.0000,1200005,180157,1200005,1380162,13.16,applied
9900,3,0,193616,49120,76.74,48.94,132,3.9296,1200005,180152,1200005,1380157,13.16,applied
9900,4,0,193616,0,100.00,48.94,172,0.0000,1200005,182985,1200005,1382990,13.19,applied
9900,5,0,193616,18420,91.28,48.94,157,1.4736,1200005,180155,1200005,1380160,13.16,applied
9900,6,1,0,0,0.00,30.21,0,0.0000,34,0,34,34,0.00,applied
9900,7,1,0,0,0.00,30.21,0,0.0000,34,0,34,34,0.00,applied
9900,8,1,0,0,0.00,30.21,0,0.0000,34,0,34,34,0.00,applied
9900,9,1,0,0,0.00,30.21,0,0.0000,34,0,34,34,0.00,applied
9900,10,1,0,0,0.00,30.21,0,0.0000,34,0,34,34,0.00,applied
9900,11,1,0,0,0.00,30.21,0,0.0000,19,0,19,19,0.00,applied
9900,12,1,0,0,0.00,30.21,0,0.0000,34,0,34,34,0.00,applied
9900,13,1,0,0,0.00,30.21,0,0.0000,34,0,34,34,0.00,applied
9900,14,2,65200,0,100.00,20.85,50,0.0000,5843066,5843066,51,5843117,55.72,applied
9900,15,2,65200,0,100.00,20.85,50,0.0000,5843187,5843187,34,5843221,55.73,applied
9900,16,2,65200,0,100.00,20.85,50,0.0000,5843067,5843067,51,5843118,55.72,applied
9900,17,2,65200,0,100.00,20.85,50,0.0000,5845332,5845332,51,5845383,55.75,applied
9900,18,2,65200,0,100.00,20.85,50,0.0000,5843062,5843062,51,5843113,55.72,applied
9900,19,2,65200,940,90.00,20.85,45,0.0752,5843061,5843061,51,5843112,55.72,applied
9900,20,2,65200,940,90.00,20.85,45,0.0752,5843062,5843062,51,5843113,55.72,applied
9900,21,2,65200,0,100.00,20.85,50,0.0000,5843568,5843568,51,5843619,55.73,applied
9900,22,2,65200,0,100.00,20.85,50,0.0000,5844255,5844255,51,5844306,55.74,applied
9900,23,2,65200,0,100.00,20.85,50,0.0000,5843065,5843065,51,5843116,55.72,applied
9900,24,2,65200,940,90.00,20.85,45,0.0752,5843060,5843060,51,5843111,55.72,applied
9900,25,2,65200,752,92.00,20.85,46,0.0602,5843065,5843065,51,5843116,55.72,applied
9900,26,2,65200,0,100.00,20.85,50,0.0000,5843065,5843065,51,5843116,55.72,applied
9900,27,2,65200,0,100.00,20.85,50,0.0000,5843161,5843161,51,5843212,55.73,applied
9900,28,2,65200,0,100.00,20.85,50,0.0000,5843139,5843139,51,5843190,55.73,applied
9900,29,2,65200,0,100.00,20.85,50,0.0000,5845060,5845060,51,5845111,55.74,applied
9900,30,2,65200,0,100.00,20.85,50,0.0000,5843064,5843064,51,5843115,55.72,applied
9900,31,2,65200,940,90.00,20.85,45,0.0752,5843064,5843064,51,5843115,55.72,applied
9900,32,2,65200,0,100.00,20.85,50,0.0000,5843064,5843064,51,5843115,55.72,applied
9900,33,2,65200,0,100.00,20.85,50,0.0000,5844728,5844728,51,5844779,55.74,applied
