timestamp,ueImsi,sliceId,dTxBytes,dRxBytes,plr,resourceSharePct,dLostPackets,throughputMbps,bufferBytes
1510,1,0,18336,15280,16.67,24.82,2,12.2240,314
1510,2,0,18336,12224,33.33,24.82,4,9.7792,506346
1510,3,0,18336,15280,16.67,24.82,2,12.2240,145539
1510,4,0,18336,7640,58.33,24.82,7,6.1120,1032569
1510,5,0,18336,0,100.00,24.82,12,0.0000,1700492
1510,6,1,390,0,100.00,48.95,5,0.0000,169
1510,7,1,390,390,0.00,48.95,0,0.3120,87
1510,8,1,390,78,80.00,48.95,4,0.0624,87
1510,9,1,390,0,100.00,48.95,5,0.0000,739
1510,10,1,390,390,0.00,48.95,0,0.3120,87
1510,11,2,384,256,33.33,26.23,1,0.2048,35
1510,12,2,384,0,100.00,26.23,3,0.0000,137
1510,13,2,384,256,33.33,26.23,1,0.2048,137
1510,14,2,384,0,100.00,26.23,3,0.0000,401
1510,15,2,384,256,33.33,26.23,1,0.2048,137
1510,16,2,384,256,33.33,26.23,1,0.2048,137
1510,17,2,384,0,100.00,26.23,3,0.0000,61
1510,18,2,384,0,100.00,26.23,3,0.0000,137
1510,19,2,384,256,33.33,26.23,1,0.2048,137
1510,20,2,384,0,100.00,26.23,3,0.0000,137
