timestamp,ueImsi,sliceId,dTxBytes,dRxBytes,plr,resourceSharePct,dLostPackets,throughputMbps,bufferBytes
1510,1,0,18336,0,100.00,39.47,12,0.0000,1668641
1510,2,0,18336,4584,75.00,39.47,9,3.6672,1500644
1510,3,0,18336,7640,58.33,39.47,7,6.1120,1213317
1510,4,0,18336,35144,0.00,39.47,0,28.1152,1345563
1510,5,0,18336,0,100.00,39.47,12,0.0000,1700524
1510,6,1,390,390,0.00,40.00,0,0.3120,87
1510,7,1,390,0,100.00,40.00,5,0.0000,169
1510,8,1,390,390,0.00,40.00,0,0.3120,87
1510,9,1,390,312,20.00,40.00,1,0.2496,333
1510,10,1,390,0,100.00,40.00,5,0.0000,579
1510,11,2,384,256,33.33,20.54,1,0.2048,21
1510,12,2,384,256,33.33,20.54,1,0.2048,137
1510,13,2,384,256,33.33,20.54,1,0.2048,137
1510,14,2,384,256,33.33,20.54,1,0.2048,137
1510,15,2,384,256,33.33,20.54,1,0.2048,95
1510,16,2,384,0,100.00,20.54,3,0.0000,869
1510,17,2,384,256,33.33,20.54,1,0.2048,137
1510,18,2,384,0,100.00,20.54,3,0.0000,635
1510,19,2,384,256,33.33,20.54,1,0.2048,137
1510,20,2,384,256,33.33,20.54,1,0.2048,137
