timestamp,sliceId,dedicatedPRB,minPRB,maxPRB
510,0,37.34300345261495,37.34300345261495,100.0
510,1,33.30904673023479,33.30904673023479,100.0
510,2,29.347949817150266,29.347949817150266,100.0
520,0,27.25607182139257,27.25607182139257,100.0
520,1,45.52152122683522,45.52152122683522,100.0
520,2,27.222406951772214,27.222406951772214,100.0
530,0,34.5812344117106,34.5812344117106,100.0
530,1,36.86907901287515,36.86907901287515,100.0
530,2,28.549686575414263,28.549686575414263,100.0
540,0,53.256332860302024,53.256332860302024,100.0
540,1,26.648811507825553,26.648811507825553,100.0
540,2,20.094855631872427,20.094855631872427,100.0
550,0,20.973108857833065,20.973108857833065,100.0
550,1,40.32676987267614,40.32676987267614,100.0
550,2,38.70012126949079,38.70012126949079,100.0
560,0,33.03471917721754,33.03471917721754,100.0
560,1,38.96402151380691,38.96402151380691,100.0
560,2,28.001259308975545,28.001259308975545,100.0
570,0,31.9217782880835,31.9217782880835,100.0
570,1,34.166037746365994,34.166037746365994,100.0
570,2,33.9121839655505,33.9121839655505,100.0
580,0,29.247707416673375,29.247707416673375,100.0
580,1,32.60526249164961,32.60526249164961,100.0
580,2,38.14703009167702,38.14703009167702,100.0
590,0,23.048734797123387,23.048734797123387,100.0
590,1,41.91557020642031,41.91557020642031,100.0
590,2,35.03569499645629,35.03569499645629,100.0
600,0,26.155257454951396,26.155257454951396,100.0
600,1,45.7996685566974,45.7996685566974,100.0
600,2,28.045073988351206,28.045073988351206,100.0
610,0,31.365881460872536,31.365881460872536,100.0
610,1,28.756913805408562,28.756913805408562,100.0
610,2,39.877204733718905,39.877204733718905,100.0
620,0,33.5955963020885,33.5955963020885,100.0
620,1,37.36500361846729,37.36500361846729,100.0
620,2,29.03940007944421,29.03940007944421,100.0
630,0,44.04318751751,44.04318751751,100.0
630,1,30.26334884575363,30.26334884575363,100.0
630,2,25.69346363673638,25.69346363673638,100.0
640,0,25.9982919452588,25.9982919452588,100.0
640,1,26.55301179355491,26.55301179355491,100.0
640,2,47.4486962611863,47.4486962611863,100.0
650,0,48.2375970035565,48.2375970035565,100.0
650,1,30.15081720545567,30.15081720545567,100.0
650,2,21.611585790987835,21.611585790987835,100.0
660,0,25.03544153980642,25.03544153980642,100.0
660,1,29.07644057592969,29.07644057592969,100.0
660,2,45.88811788426389,45.88811788426389,100.0
670,0,46.827224750118866,46.827224750118866,100.0
670,1,32.66086197383562,32.66086197383562,100.0
670,2,20.511913276045508,20.511913276045508,100.0
680,0,25.503129584436945,25.503129584436945,100.0
680,1,34.67549122277514,34.67549122277514,100.0
680,2,39.82137919278791,39.82137919278791,100.0
690,0,49.001037952671496,49.001037952671496,100.0
690,1,28.01269582708159,28.01269582708159,100.0
690,2,22.986266220246925,22.986266220246925,100.0
700,0,24.88960957579234,24.88960957579234,100.0
700,1,41.509398320231185,41.509398320231185,100.0
700,2,33.60099210397649,33.60099210397649,100.0
710,0,28.59196168330404,28.59196168330404,100.0
710,1,44.2981986038579,44.2981986038579,100.0
710,2,27.109839712838067,27.109839712838067,100.0
720,0,25.414408932077304,25.414408932077304,100.0
720,1,43.854955652016315,43.854955652016315,100.0
720,2,30.73063541590638,30.73063541590638,100.0
730,0,29.61475324859676,29.61475324859676,100.0
730,1,45.888394454549385,45.888394454549385,100.0
730,2,24.496852296853863,24.496852296853863,100.0
740,0,31.96760360872891,31.96760360872891,100.0
740,1,47.02256540492918,47.02256540492918,100.0
740,2,21.009830986341914,21.009830986341914,100.0
750,0,32.6392777183591,32.6392777183591,100.0
750,1,36.41954752983179,36.41954752983179,100.0
750,2,30.941174751809108,30.941174751809108,100.0
760,0,22.867271659667843,22.867271659667843,100.0
760,1,41.85659161826567,41.85659161826567,100.0
760,2,35.27613672206649,35.27613672206649,100.0
770,0,24.2934973494302,24.2934973494302,100.0
770,1,33.677723337789814,33.677723337789814,100.0
770,2,42.02877931277999,42.02877931277999,100.0
780,0,46.137558585551574,46.137558585551574,100.0
780,1,26.15859059901398,26.15859059901398,100.0
780,2,27.70385081543445,27.70385081543445,100.0
790,0,26.004348476207873,26.004348476207873,100.0
790,1,35.56633409740443,35.56633409740443,100.0
790,2,38.4293174263877,38.4293174263877,100.0
800,0,40.67815880112745,40.67815880112745,100.0
800,1,34.93018998252904,34.93018998252904,100.0
800,2,24.3916512163435,24.3916512163435,100.0
810,0,27.77359271845138,27.77359271845138,100.0
810,1,37.7074856286938,37.7074856286938,100.0
810,2,34.518921652854814,34.518921652854814,100.0
820,0,22.601220767545733,22.601220767545733,100.0
820,1,43.56766374118208,43.56766374118208,100.0
820,2,33.831115491272186,33.831115491272186,100.0
830,0,33.692754415341795,33.692754415341795,100.0
830,1,36.315935665561135,36.315935665561135,100.0
830,2,29.99130991909708,29.99130991909708,100.0
840,0,30.006397798932927,30.006397798932927,100.0
840,1,49.29326449071033,49.29326449071033,100.0
840,2,20.70033771035674,20.70033771035674,100.0
850,0,29.96086135900271,29.96086135900271,100.0
850,1,50.08221677796894,50.08221677796894,100.0
850,2,19.95692186302836,19.95692186302836,100.0
860,0,22.44118274883474,22.44118274883474,100.0
860,1,55.684577137991006,55.684577137991006,100.0
860,2,21.87424011317424,21.87424011317424,100.0
870,0,27.843904710958643,27.843904710958643,100.0
870,1,32.16041737591713,32.16041737591713,100.0
870,2,39.995677913124226,39.995677913124226,100.0
880,0,37.28455563127447,37.28455563127447,100.0
880,1,28.661343069016908,28.661343069016908,100.0
880,2,34.05410129970862,34.05410129970862,100.0
890,0,20.636260535888155,20.636260535888155,100.0
890,1,38.827586561426756,38.827586561426756,100.0
890,2,40.536152902685096,40.536152902685096,100.0
900,0,44.2396885049052,44.2396885049052,100.0
900,1,36.542304610532604,36.542304610532604,100.0
900,2,19.218006884562193,19.218006884562193,100.0
910,0,21.63806480477563,21.63806480477563,100.0
910,1,46.707233355630095,46.707233355630095,100.0
910,2,31.654701839594274,31.654701839594274,100.0
920,0,21.24216784105755,21.24216784105755,100.0
920,1,42.186741299376756,42.186741299376756,100.0
920,2,36.57109085956569,36.57109085956569,100.0
930,0,29.26326660804693,29.26326660804693,100.0
930,1,46.591264221080586,46.591264221080586,100.0
930,2,24.145469170872484,24.145469170872484,100.0
940,0,26.770136515078512,26.770136515078512,100.0
940,1,41.909507041412795,41.909507041412795,100.0
940,2,31.32035644350869,31.32035644350869,100.0
950,0,26.647840744589235,26.647840744589235,100.0
950,1,45.55510000107584,45.55510000107584,100.0
950,2,27.797059254334922,27.797059254334922,100.0
960,0,35.7023993966015,35.7023993966015,100.0
960,1,34.06713589929087,34.06713589929087,100.0
960,2,30.230464704107636,30.230464704107636,100.0
970,0,39.82900134718585,39.82900134718585,100.0
970,1,40.454149434019286,40.454149434019286,100.0
970,2,19.716849218794867,19.716849218794867,100.0
980,0,37.379712661376665,37.379712661376665,100.0
980,1,29.25202242951659,29.25202242951659,100.0
980,2,33.36826490910675,33.36826490910675,100.0
990,0,38.775442013626595,38.775442013626595,100.0
990,1,29.430333804034163,29.430333804034163,100.0
990,2,31.794224182339242,31.794224182339242,100.0
1000,0,22.04642190715049,22.04642190715049,100.0
1000,1,47.225224025731,47.225224025731,100.0
1000,2,30.728354067118502,30.728354067118502,100.0
1010,0,23.191157189414536,23.191157189414536,100.0
1010,1,48.80160821159601,48.80160821159601,100.0
1010,2,28.007234598989463,28.007234598989463,100.0
1020,0,23.643119756713332,23.643119756713332,100.0
1020,1,52.011529232833766,52.011529232833766,100.0
1020,2,24.34535101045291,24.34535101045291,100.0
1030,0,34.86501601733178,34.86501601733178,100.0
1030,1,35.3294217467799,35.3294217467799,100.0
1030,2,29.80556223588832,29.80556223588832,100.0
1040,0,27.32730672151384,27.32730672151384,100.0
1040,1,52.36574533853777,52.36574533853777,100.0
1040,2,20.30694793994839,20.30694793994839,100.0
1050,0,28.024506606541657,28.024506606541657,100.0
1050,1,48.19064286177354,48.19064286177354,100.0
1050,2,23.7848505316848,23.7848505316848,100.0
1060,0,38.568331007630675,38.568331007630675,100.0
1060,1,42.28698089414085,42.28698089414085,100.0
1060,2,19.144688098228475,19.144688098228475,100.0
1070,0,23.208843066251802,23.208843066251802,100.0
1070,1,56.8470447714377,56.8470447714377,100.0
1070,2,19.944112162310507,19.944112162310507,100.0
1080,0,26.029321615991886,26.029321615991886,100.0
1080,1,41.61214020425158,41.61214020425158,100.0
1080,2,32.35853817975653,32.35853817975653,100.0
1090,0,36.34050652210302,36.34050652210302,100.0
1090,1,40.14346399963223,40.14346399963223,100.0
1090,2,23.51602947826474,23.51602947826474,100.0
1100,0,26.420847507927085,26.420847507927085,100.0
1100,1,40.98164387329349,40.98164387329349,100.0
1100,2,32.597508618779415,32.597508618779415,100.0
1110,0,29.256467231292493,29.256467231292493,100.0
1110,1,46.23061295893541,46.23061295893541,100.0
1110,2,24.512919809772093,24.512919809772093,100.0
1120,0,49.750368405956294,49.750368405956294,100.0
1120,1,27.26051337390046,27.26051337390046,100.0
1120,2,22.989118220143247,22.989118220143247,100.0
1130,0,42.79394927945233,42.79394927945233,100.0
1130,1,31.37092722003405,31.37092722003405,100.0
1130,2,25.835123500513635,25.835123500513635,100.0
1140,0,33.706499194161786,33.706499194161786,100.0
1140,1,31.4836697486066,31.4836697486066,100.0
1140,2,34.80983105723161,34.80983105723161,100.0
1150,0,37.981214142953355,37.981214142953355,100.0
1150,1,35.96708044471381,35.96708044471381,100.0
1150,2,26.051705412332836,26.051705412332836,100.0
1160,0,26.591475248707773,26.591475248707773,100.0
1160,1,51.79601416106476,51.79601416106476,100.0
1160,2,21.61251059022746,21.61251059022746,100.0
1170,0,24.869089993893542,24.869089993893542,100.0
1170,1,48.83846500168468,48.83846500168468,100.0
1170,2,26.292445004421772,26.292445004421772,100.0
1180,0,33.39720400548687,33.39720400548687,100.0
1180,1,35.26362986515018,35.26362986515018,100.0
1180,2,31.339166129362955,31.339166129362955,100.0
1190,0,27.146499728360862,27.146499728360862,100.0
1190,1,39.48107794309412,39.48107794309412,100.0
1190,2,33.372422328545014,33.372422328545014,100.0
1200,0,22.04538845713906,22.04538845713906,100.0
1200,1,43.82534243445156,43.82534243445156,100.0
1200,2,34.12926910840939,34.12926910840939,100.0
1210,0,30.763177198186025,30.763177198186025,100.0
1210,1,48.28581165577878,48.28581165577878,100.0
1210,2,20.95101114603521,20.95101114603521,100.0
1220,0,38.46997333359214,38.46997333359214,100.0
1220,1,33.93896022245309,33.93896022245309,100.0
1220,2,27.59106644395477,27.59106644395477,100.0
1230,0,26.57948329912157,26.57948329912157,100.0
1230,1,42.1586310499758,42.1586310499758,100.0
1230,2,31.26188565090262,31.26188565090262,100.0
1240,0,33.17335955394112,33.17335955394112,100.0
1240,1,42.87111169230774,42.87111169230774,100.0
1240,2,23.95552875375114,23.95552875375114,100.0
1250,0,38.681198751356455,38.681198751356455,100.0
1250,1,32.53559487112517,32.53559487112517,100.0
1250,2,28.783206377518383,28.783206377518383,100.0
1260,0,34.90021273090533,34.90021273090533,100.0
1260,1,38.62269692520649,38.62269692520649,100.0
1260,2,26.477090343888175,26.477090343888175,100.0
1270,0,35.15382959339075,35.15382959339075,100.0
1270,1,38.075159917174716,38.075159917174716,100.0
1270,2,26.771010489434527,26.771010489434527,100.0
1280,0,22.573425085935394,22.573425085935394,100.0
1280,1,57.64130447245647,57.64130447245647,100.0
1280,2,19.78527044160814,19.78527044160814,100.0
1290,0,34.3553229521801,34.3553229521801,100.0
1290,1,31.2492383340961,31.2492383340961,100.0
1290,2,34.395438713723806,34.395438713723806,100.0
1300,0,31.466736534708673,31.466736534708673,100.0
1300,1,39.87223154654558,39.87223154654558,100.0
1300,2,28.66103191874575,28.66103191874575,100.0
1310,0,22.640012393611446,22.640012393611446,100.0
1310,1,42.07694168949644,42.07694168949644,100.0
1310,2,35.283045916892114,35.283045916892114,100.0
1320,0,34.52873429282262,34.52873429282262,100.0
1320,1,45.232250127873236,45.232250127873236,100.0
1320,2,20.239015579304144,20.239015579304144,100.0
1330,0,46.98011922694082,46.98011922694082,100.0
1330,1,25.470725177946107,25.470725177946107,100.0
1330,2,27.549155595113078,27.549155595113078,100.0
1340,0,29.486100379940023,29.486100379940023,100.0
1340,1,33.14230523207743,33.14230523207743,100.0
1340,2,37.37159438798255,37.37159438798255,100.0
1350,0,31.35349358997623,31.35349358997623,100.0
1350,1,31.950914590981437,31.950914590981437,100.0
1350,2,36.69559181904233,36.69559181904233,100.0
1360,0,27.33804211915118,27.33804211915118,100.0
1360,1,50.07885896163482,50.07885896163482,100.0
1360,2,22.583098919213995,22.583098919213995,100.0
1370,0,35.233780988030446,35.233780988030446,100.0
1370,1,41.56823156830732,41.56823156830732,100.0
1370,2,23.19798744366224,23.19798744366224,100.0
1380,0,28.067163452013205,28.067163452013205,100.0
1380,1,32.28825169935954,32.28825169935954,100.0
1380,2,39.644584848627254,39.644584848627254,100.0
1390,0,26.24079538832578,26.24079538832578,100.0
1390,1,48.74423714127117,48.74423714127117,100.0
1390,2,25.01496747040305,25.01496747040305,100.0
1400,0,51.08932235285829,51.08932235285829,100.0
1400,1,28.93052110025464,28.93052110025464,100.0
1400,2,19.980156546887066,19.980156546887066,100.0
1410,0,25.70114959991969,25.70114959991969,100.0
1410,1,40.37747170731422,40.37747170731422,100.0
1410,2,33.9213786927661,33.9213786927661,100.0
1420,0,27.28050971253704,27.28050971253704,100.0
1420,1,49.83802490816147,49.83802490816147,100.0
1420,2,22.881465379301495,22.881465379301495,100.0
1430,0,26.787343820102173,26.787343820102173,100.0
1430,1,51.00851613287849,51.00851613287849,100.0
1430,2,22.204140047019337,22.204140047019337,100.0
1440,0,23.259050421427986,23.259050421427986,100.0
1440,1,43.206936649148474,43.206936649148474,100.0
1440,2,33.53401292942354,33.53401292942354,100.0
1450,0,31.633800609110796,31.633800609110796,100.0
1450,1,44.33183735201922,44.33183735201922,100.0
1450,2,24.03436203886999,24.03436203886999,100.0
1460,0,27.043818419904337,27.043818419904337,100.0
1460,1,33.49887832046594,33.49887832046594,100.0
1460,2,39.457303259629725,39.457303259629725,100.0
1470,0,22.494284031390848,22.494284031390848,100.0
1470,1,27.37539563176849,27.37539563176849,100.0
1470,2,50.13032033684066,50.13032033684066,100.0
1480,0,46.03420144207799,46.03420144207799,100.0
1480,1,31.856353253833262,31.856353253833262,100.0
1480,2,22.109445304088734,22.109445304088734,100.0
1490,0,28.102101709716816,28.102101709716816,100.0
1490,1,28.903777090867212,28.903777090867212,100.0
1490,2,42.994121199415986,42.994121199415986,100.0
1500,0,36.81391219602177,36.81391219602177,100.0
1500,1,26.473126927298274,26.473126927298274,100.0
1500,2,36.71296087667995,36.71296087667995,100.0
