timestamp,ueImsi,sliceId,dTxBytes,dRxBytes,plr,resourceSharePct,dLostPackets,throughputMbps,bufferBytes
560,1,0,24448,3056,87.50,26.66,14,2.4448,135869
560,2,0,24448,3056,87.50,26.66,14,2.4448,135804
560,3,0,24448,3056,87.50,26.66,14,2.4448,135818
560,4,0,24448,3056,87.50,26.66,14,2.4448,135816
560,5,0,24448,3056,87.50,26.66,14,2.4448,135831
560,6,1,780,702,10.00,30.00,1,0.5616,87
560,7,1,780,702,10.00,30.00,1,0.5616,87
560,8,1,780,702,10.00,30.00,1,0.5616,87
560,9,1,780,702,10.00,30.00,1,0.5616,87
560,10,1,780,702,10.00,30.00,1,0.5616,87
560,11,2,16000,1536,90.40,43.33,113,1.2288,87635
560,12,2,16000,1664,89.60,43.33,112,1.3312,87574
560,13,2,16000,1536,90.40,43.33,113,1.2288,87635
560,14,2,16000,1664,89.60,43.33,112,1.3312,87614
560,15,2,16000,1664,89.60,43.33,112,1.3312,87614
560,16,2,16000,1664,89.60,43.33,112,1.3312,87509
560,17,2,16000,1664,89.60,43.33,112,1.3312,87521
560,18,2,16000,1664,89.60,43.33,112,1.3312,87533
560,19,2,16000,1664,89.60,43.33,112,1.3312,87534
560,20,2,16000,1536,90.40,43.33,113,1.2288,87530
