timestamp,ueImsi,sliceId,dTxBytes,dRxBytes,plr,resourceSharePct,dLostPackets,throughputMbps,bufferBytes
560,1,0,24448,1528,93.75,32.73,15,1.2224,136195
560,2,0,24448,1528,93.75,32.73,15,1.2224,136105
560,3,0,24448,1528,93.75,32.73,15,1.2224,136183
560,4,0,24448,1528,93.75,32.73,15,1.2224,136174
560,5,0,24448,1528,93.75,32.73,15,1.2224,136167
560,6,1,780,624,20.00,39.10,2,0.4992,87
560,7,1,780,624,20.00,39.10,2,0.4992,87
560,8,1,780,624,20.00,39.10,2,0.4992,87
560,9,1,780,624,20.00,39.10,2,0.4992,87
560,10,1,780,624,20.00,39.10,2,0.4992,87
560,11,2,16000,640,96.00,28.17,120,0.5120,91262
560,12,2,16000,640,96.00,28.17,120,0.5120,91265
560,13,2,16000,768,95.20,28.17,119,0.6144,91252
560,14,2,16000,640,96.00,28.17,120,0.5120,91270
560,15,2,16000,640,96.00,28.17,120,0.5120,91214
560,16,2,16000,640,96.00,28.17,120,0.5120,91214
560,17,2,16000,640,96.00,28.17,120,0.5120,91215
560,18,2,16000,640,96.00,28.17,120,0.5120,91217
560,19,2,16000,640,96.00,28.17,120,0.5120,91212
560,20,2,16000,768,95.20,28.17,119,0.6144,91226
