timestamp,ueImsi,sliceId,dTxBytes,dRxBytes,plr,resourceSharePct,dLostPackets,throughputMbps,bufferBytes
950,1,0,16808,4584,72.73,28.45,8,3.6672,686495
950,2,0,16808,4584,72.73,28.45,8,3.6672,686395
950,3,0,16808,4584,72.73,28.45,8,3.6672,686492
950,4,0,16808,4584,72.73,28.45,8,3.6672,686504
950,5,0,16808,4584,72.73,28.45,8,3.6672,686491
950,6,1,390,390,0.00,42.98,0,0.3120,87
950,7,1,390,390,0.00,42.98,0,0.3120,87
950,8,1,390,390,0.00,42.98,0,0.3120,87
950,9,1,390,390,0.00,42.98,0,0.3120,87
950,10,1,390,390,0.00,42.98,0,0.3120,87
950,11,2,384,384,0.00,28.58,0,0.3072,137
950,12,2,384,384,0.00,28.58,0,0.3072,137
950,13,2,384,384,0.00,28.58,0,0.3072,137
950,14,2,384,384,0.00,28.58,0,0.3072,137
950,15,2,384,384,0.00,28.58,0,0.3072,137
950,16,2,384,384,0.00,28.58,0,0.3072,137
950,17,2,384,384,0.00,28.58,0,0.3072,137
950,18,2,384,384,0.00,28.58,0,0.3072,137
950,19,2,384,512,0.00,28.58,0,0.4096,137
950,20,2,384,384,0.00,28.58,0,0.3072,137
