timestamp,ueImsi,sliceId,dTxBytes,dRxBytes,plr,resourceSharePct,dLostPackets,throughputMbps,bufferBytes
620,1,0,24448,4584,81.25,41.85,13,3.6672,264859
620,2,0,24448,4584,81.25,41.85,13,3.6672,264793
620,3,0,24448,4584,81.25,41.85,13,3.6672,264734
620,4,0,24448,4584,81.25,41.85,13,3.6672,264742
620,5,0,24448,4584,81.25,41.85,13,3.6672,264755
620,6,1,390,546,0.00,38.77,0,0.4368,87
620,7,1,390,546,0.00,38.77,0,0.4368,87
620,8,1,390,546,0.00,38.77,0,0.4368,87
620,9,1,390,546,0.00,38.77,0,0.4368,87
620,10,1,390,546,0.00,38.77,0,0.4368,87
620,11,2,16000,640,96.00,19.38,120,0.5120,182038
620,12,2,16000,640,96.00,19.38,120,0.5120,182050
620,13,2,16000,640,96.00,19.38,120,0.5120,182045
620,14,2,16000,640,96.00,19.38,120,0.5120,182064
620,15,2,16000,768,95.20,19.38,119,0.6144,181992
620,16,2,16000,768,95.20,19.38,119,0.6144,181989
620,17,2,16000,768,95.20,19.38,119,0.6144,181997
620,18,2,16000,768,95.20,19.38,119,0.6144,182010
620,19,2,16000,640,96.00,19.38,120,0.5120,182087
620,20,2,16000,768,95.20,19.38,119,0.6144,181990
