timestamp,sliceId,dedicatedPRB,minPRB,maxPRB
510,0,39.194041370704916,39.194041370704916,100.0
510,1,37.39765996362509,37.39765996362509,100.0
510,2,23.40829866567,23.40829866567,100.0
520,0,39.61393177282453,39.61393177282453,100.0
520,1,25.34554022534087,25.34554022534087,100.0
520,2,35.0405280018346,35.0405280018346,100.0
530,0,43.944736407075304,43.944736407075304,100.0
530,1,33.40163211230235,33.40163211230235,100.0
530,2,22.653631480622344,22.653631480622344,100.0
540,0,41.07536900147725,41.07536900147725,100.0
540,1,35.77702033860105,35.77702033860105,100.0
540,2,23.1476106599217,23.1476106599217,100.0
550,0,36.667668078095495,36.667668078095495,100.0
550,1,36.825016943757184,36.825016943757184,100.0
550,2,26.507314978147324,26.507314978147324,100.0
560,0,46.120909308136184,46.120909308136184,100.0
560,1,27.733135014269568,27.733135014269568,100.0
560,2,26.14595567759425,26.14595567759425,100.0
570,0,34.59060976544123,34.59060976544123,100.0
570,1,36.351008109003004,36.351008109003004,100.0
570,2,29.05838212555577,29.05838212555577,100.0
580,0,29.708580988321792,29.708580988321792,100.0
580,1,45.68567843956817,45.68567843956817,100.0
580,2,24.605740572110037,24.605740572110037,100.0
590,0,34.37764882262155,34.37764882262155,100.0
590,1,28.03573954851697,28.03573954851697,100.0
590,2,37.586611628861476,37.586611628861476,100.0
600,0,37.78652157509978,37.78652157509978,100.0
600,1,37.773909611527564,37.773909611527564,100.0
600,2,24.43956881337264,24.43956881337264,100.0
610,0,37.98054771113023,37.98054771113023,100.0
610,1,30.89399446899406,30.89399446899406,100.0
610,2,31.125457819875717,31.125457819875717,100.0
620,0,26.80248407955837,26.80248407955837,100.0
620,1,29.761044596440094,29.761044596440094,100.0
620,2,43.43647132400154,43.43647132400154,100.0
630,0,44.07890452155966,44.07890452155966,100.0
630,1,25.91403374352581,25.91403374352581,100.0
630,2,30.00706173491453,30.00706173491453,100.0
640,0,23.473834221427172,23.473834221427172,100.0
640,1,41.25184664290595,41.25184664290595,100.0
640,2,35.27431913566688,35.27431913566688,100.0
650,0,32.289187734082056,32.289187734082056,100.0
650,1,38.521437692817514,38.521437692817514,100.0
650,2,29.189374573100434,29.189374573100434,100.0
660,0,25.988753284345822,25.988753284345822,100.0
660,1,26.054543444327116,26.054543444327116,100.0
660,2,47.95670327132706,47.95670327132706,100.0
670,0,28.58802844522721,28.58802844522721,100.0
670,1,27.37379428048267,27.37379428048267,100.0
670,2,44.03817727429011,44.03817727429011,100.0
680,0,42.65297596945122,42.65297596945122,100.0
680,1,31.736629248356056,31.736629248356056,100.0
680,2,25.61039478219273,25.61039478219273,100.0
690,0,29.686670436524548,29.686670436524548,100.0
690,1,30.136170093021207,30.136170093021207,100.0
690,2,40.17715947045425,40.17715947045425,100.0
700,0,30.085900104892193,30.085900104892193,100.0
700,1,37.06075684870851,37.06075684870851,100.0
700,2,32.853343046399296,32.853343046399296,100.0
710,0,52.03447766155551,52.03447766155551,100.0
710,1,26.063884318342694,26.063884318342694,100.0
710,2,21.9016380201018,21.9016380201018,100.0
720,0,35.1917241200807,35.1917241200807,100.0
720,1,35.39608879061922,35.39608879061922,100.0
720,2,29.412187089300083,29.412187089300083,100.0
730,0,22.71816981346987,22.71816981346987,100.0
730,1,57.88748795966791,57.88748795966791,100.0
730,2,19.394342226862232,19.394342226862232,100.0
740,0,48.15640467590957,48.15640467590957,100.0
740,1,29.230225930528764,29.230225930528764,100.0
740,2,22.613369393561666,22.613369393561666,100.0
750,0,39.01612121656671,39.01612121656671,100.0
750,1,38.309158085769624,38.309158085769624,100.0
750,2,22.67472069766367,22.67472069766367,100.0
760,0,30.954682086750683,30.954682086750683,100.0
760,1,43.58808926276735,43.58808926276735,100.0
760,2,25.457228650481966,25.457228650481966,100.0
770,0,44.27101843172439,44.27101843172439,100.0
770,1,31.728634565133273,31.728634565133273,100.0
770,2,24.000347003142338,24.000347003142338,100.0
780,0,26.23201299005305,26.23201299005305,100.0
780,1,50.003685871726724,50.003685871726724,100.0
780,2,23.764301138220237,23.764301138220237,100.0
790,0,34.496591878186365,34.496591878186365,100.0
790,1,40.74808118371377,40.74808118371377,100.0
790,2,24.75532693809986,24.75532693809986,100.0
800,0,25.649070744426332,25.649070744426332,100.0
800,1,46.74561727071661,46.74561727071661,100.0
800,2,27.605311984857057,27.605311984857057,100.0
810,0,29.02299882939239,29.02299882939239,100.0
810,1,29.16046307543496,29.16046307543496,100.0
810,2,41.81653809517266,41.81653809517266,100.0
820,0,41.62336861723078,41.62336861723078,100.0
820,1,31.829941895368908,31.829941895368908,100.0
820,2,26.54668948740031,26.54668948740031,100.0
830,0,30.590092632141513,30.590092632141513,100.0
830,1,31.504878738701493,31.504878738701493,100.0
830,2,37.90502862915701,37.90502862915701,100.0
840,0,41.1433772808681,41.1433772808681,100.0
840,1,31.2346442653562,31.2346442653562,100.0
840,2,27.621978453775707,27.621978453775707,100.0
850,0,40.32621409700226,40.32621409700226,100.0
850,1,26.465896425141633,26.465896425141633,100.0
850,2,33.207889477856114,33.207889477856114,100.0
860,0,24.8925015799767,24.8925015799767,100.0
860,1,35.481535631864126,35.481535631864126,100.0
860,2,39.62596278815917,39.62596278815917,100.0
870,0,29.658957186239398,29.658957186239398,100.0
870,1,45.995626102715384,45.995626102715384,100.0
870,2,24.34541671104522,24.34541671104522,100.0
880,0,31.941796727989612,31.941796727989612,100.0
880,1,42.115729526211574,42.115729526211574,100.0
880,2,25.942473745798818,25.942473745798818,100.0
890,0,44.23409860028562,44.23409860028562,100.0
890,1,31.923576278076744,31.923576278076744,100.0
890,2,23.842325121637636,23.842325121637636,100.0
900,0,23.938742403412473,23.938742403412473,100.0
900,1,42.15836958032874,42.15836958032874,100.0
900,2,33.90288801625879,33.90288801625879,100.0
910,0,35.27873496869193,35.27873496869193,100.0
910,1,26.22596496519914,26.22596496519914,100.0
910,2,38.49530006610894,38.49530006610894,100.0
920,0,22.130329213567432,22.130329213567432,100.0
920,1,44.31708324580609,44.31708324580609,100.0
920,2,33.55258754062648,33.55258754062648,100.0
930,0,34.27286536913348,34.27286536913348,100.0
930,1,43.10036607829784,43.10036607829784,100.0
930,2,22.626768552568684,22.626768552568684,100.0
940,0,33.96308311693737,33.96308311693737,100.0
940,1,26.921273999216716,26.921273999216716,100.0
940,2,39.115642883845915,39.115642883845915,100.0
950,0,42.74947206473221,42.74947206473221,100.0
950,1,29.318154133111364,29.318154133111364,100.0
950,2,27.93237380215643,27.93237380215643,100.0
960,0,24.844678742774068,24.844678742774068,100.0
960,1,42.22651841413464,42.22651841413464,100.0
960,2,32.92880284309129,32.92880284309129,100.0
970,0,35.316869500988666,35.316869500988666,100.0
970,1,41.836238913339855,41.836238913339855,100.0
970,2,22.84689158567148,22.84689158567148,100.0
980,0,35.94767120144833,35.94767120144833,100.0
980,1,33.21446664481825,33.21446664481825,100.0
980,2,30.83786215373342,30.83786215373342,100.0
990,0,20.68047028964575,20.68047028964575,100.0
990,1,43.863613944449895,43.863613944449895,100.0
990,2,35.45591576590436,35.45591576590436,100.0
1000,0,52.38351615267995,52.38351615267995,100.0
1000,1,27.295250288707628,27.295250288707628,100.0
1000,2,20.321233558612416,20.321233558612416,100.0
1010,0,32.423996905157416,32.423996905157416,100.0
1010,1,36.67722444366795,36.67722444366795,100.0
1010,2,30.898778651174634,30.898778651174634,100.0
1020,0,25.51351159654641,25.51351159654641,100.0
1020,1,40.67688909268469,40.67688909268469,100.0
1020,2,33.8095993107689,33.8095993107689,100.0
1030,0,29.687921159114005,29.687921159114005,100.0
1030,1,33.65503604384695,33.65503604384695,100.0
1030,2,36.65704279703905,36.65704279703905,100.0
1040,0,37.2504231128719,37.2504231128719,100.0
1040,1,33.471885257269854,33.471885257269854,100.0
1040,2,29.277691629858253,29.277691629858253,100.0
1050,0,21.91173273063142,21.91173273063142,100.0
1050,1,48.29320588500402,48.29320588500402,100.0
1050,2,29.79506138436456,29.79506138436456,100.0
1060,0,28.63066205147206,28.63066205147206,100.0
1060,1,41.898028195273774,41.898028195273774,100.0
1060,2,29.47130975325416,29.47130975325416,100.0
1070,0,35.722684976755,35.722684976755,100.0
1070,1,27.507473620154897,27.507473620154897,100.0
1070,2,36.7698414030901,36.7698414030901,100.0
1080,0,41.80159684818317,41.80159684818317,100.0
1080,1,37.01040829322038,37.01040829322038,100.0
1080,2,21.18799485859646,21.18799485859646,100.0
1090,0,27.646216310537213,27.646216310537213,100.0
1090,1,49.308127590525594,49.308127590525594,100.0
1090,2,23.045656098937194,23.045656098937194,100.0
1100,0,30.29761670189675,30.29761670189675,100.0
1100,1,36.2214561265094,36.2214561265094,100.0
1100,2,33.48092717159385,33.48092717159385,100.0
1110,0,30.6328367362923,30.6328367362923,100.0
1110,1,37.345460286749834,37.345460286749834,100.0
1110,2,32.02170297695787,32.02170297695787,100.0
1120,0,33.713872308703,33.713872308703,100.0
1120,1,35.19445290495076,35.19445290495076,100.0
1120,2,31.091674786346246,31.091674786346246,100.0
1130,0,37.938971126531726,37.938971126531726,100.0
1130,1,24.229780245225463,24.229780245225463,100.0
1130,2,37.83124862824281,37.83124862824281,100.0
1140,0,31.582901351410243,31.582901351410243,100.0
1140,1,30.049301044501014,30.049301044501014,100.0
1140,2,38.36779760408875,38.36779760408875,100.0
1150,0,37.01519227996462,37.01519227996462,100.0
1150,1,40.37695333427992,40.37695333427992,100.0
1150,2,22.607854385755456,22.607854385755456,100.0
1160,0,27.259306917977778,27.259306917977778,100.0
1160,1,41.19091823527953,41.19091823527953,100.0
1160,2,31.549774846742697,31.549774846742697,100.0
1170,0,33.43818662989587,33.43818662989587,100.0
1170,1,29.390336238383775,29.390336238383775,100.0
1170,2,37.17147713172036,37.17147713172036,100.0
1180,0,34.260455729763585,34.260455729763585,100.0
1180,1,30.03289786390655,30.03289786390655,100.0
1180,2,35.70664640632986,35.70664640632986,100.0
1190,0,38.57436140517944,38.57436140517944,100.0
1190,1,32.94932256395009,32.94932256395009,100.0
1190,2,28.476316030870475,28.476316030870475,100.0
1200,0,42.563877195171564,42.563877195171564,100.0
1200,1,33.29253749314345,33.29253749314345,100.0
1200,2,24.14358531168499,24.14358531168499,100.0
1210,0,32.41035071825223,32.41035071825223,100.0
1210,1,26.72976044029135,26.72976044029135,100.0
1210,2,40.85988884145642,40.85988884145642,100.0
1220,0,40.213227073724866,40.213227073724866,100.0
1220,1,26.61653484652371,26.61653484652371,100.0
1220,2,33.17023807975142,33.17023807975142,100.0
1230,0,32.334211951036316,32.334211951036316,100.0
1230,1,37.44800297893709,37.44800297893709,100.0
1230,2,30.217785070026594,30.217785070026594,100.0
1240,0,30.840242659485106,30.840242659485106,100.0
1240,1,38.69805972579612,38.69805972579612,100.0
1240,2,30.461697614718773,30.461697614718773,100.0
1250,0,36.35551984558543,36.35551984558543,100.0
1250,1,37.45524204891258,37.45524204891258,100.0
1250,2,26.189238105502,26.189238105502,100.0
1260,0,41.093951590140165,41.093951590140165,100.0
1260,1,25.859141688039095,25.859141688039095,100.0
1260,2,33.046906721820754,33.046906721820754,100.0
1270,0,26.202908673962444,26.202908673962444,100.0
1270,1,50.04831507601173,50.04831507601173,100.0
1270,2,23.74877625002582,23.74877625002582,100.0
1280,0,40.064523246074565,40.064523246074565,100.0
1280,1,35.73989852433689,35.73989852433689,100.0
1280,2,24.19557822958856,24.19557822958856,100.0
1290,0,40.951728633655435,40.951728633655435,100.0
1290,1,29.741716340934467,29.741716340934467,100.0
1290,2,29.30655502541009,29.30655502541009,100.0
1300,0,25.696052532824844,25.696052532824844,100.0
1300,1,51.082984496932895,51.082984496932895,100.0
1300,2,23.220962970242258,23.220962970242258,100.0
1310,0,28.543150612240186,28.543150612240186,100.0
1310,1,39.117259998818874,39.117259998818874,100.0
1310,2,32.33958938894094,32.33958938894094,100.0
1320,0,23.692505307896276,23.692505307896276,100.0
1320,1,27.450731982703193,27.450731982703193,100.0
1320,2,48.856762709400535,48.856762709400535,100.0
1330,0,45.4638915516211,45.4638915516211,100.0
1330,1,28.886293126771744,28.886293126771744,100.0
1330,2,25.649815321607168,25.649815321607168,100.0
1340,0,31.297444999345085,31.297444999345085,100.0
1340,1,42.27143417508635,42.27143417508635,100.0
1340,2,26.431120825568566,26.431120825568566,100.0
1350,0,48.69027192510753,48.69027192510753,100.0
1350,1,30.675079613132773,30.675079613132773,100.0
1350,2,20.634648461759696,20.634648461759696,100.0
1360,0,50.382580562777946,50.382580562777946,100.0
1360,1,29.987368856488434,29.987368856488434,100.0
1360,2,19.63005058073361,19.63005058073361,100.0
1370,0,28.16921419460622,28.16921419460622,100.0
1370,1,39.45073655059952,39.45073655059952,100.0
1370,2,32.380049254794265,32.380049254794265,100.0
1380,0,29.195224837760076,29.195224837760076,100.0
1380,1,43.61798441028469,43.61798441028469,100.0
1380,2,27.186790751955243,27.186790751955243,100.0
1390,0,25.50829310826504,25.50829310826504,100.0
1390,1,50.408892219040816,50.408892219040816,100.0
1390,2,24.08281467269415,24.08281467269415,100.0
1400,0,37.29997659615146,37.29997659615146,100.0
1400,1,31.429123975841378,31.429123975841378,100.0
1400,2,31.27089942800717,31.27089942800717,100.0
1410,0,33.47839799627644,33.47839799627644,100.0
1410,1,28.96053879810183,28.96053879810183,100.0
1410,2,37.56106320562173,37.56106320562173,100.0
1420,0,29.291022164910803,29.291022164910803,100.0
1420,1,41.89289232655325,41.89289232655325,100.0
1420,2,28.816085508535945,28.816085508535945,100.0
1430,0,38.3333663020479,38.3333663020479,100.0
1430,1,40.65689673668532,40.65689673668532,100.0
1430,2,21.009736961266785,21.009736961266785,100.0
1440,0,28.112606347567837,28.112606347567837,100.0
1440,1,51.91625705374898,51.91625705374898,100.0
1440,2,19.971136598683188,19.971136598683188,100.0
1450,0,27.296435795160523,27.296435795160523,100.0
1450,1,31.453375563334312,31.453375563334312,100.0
1450,2,41.25018864150517,41.25018864150517,100.0
1460,0,37.801987842101276,37.801987842101276,100.0
1460,1,33.28435463242795,33.28435463242795,100.0
1460,2,28.913657525470786,28.913657525470786,100.0
1470,0,30.524151018355372,30.524151018355372,100.0
1470,1,40.5245219245451,40.5245219245451,100.0
1470,2,28.951327057099522,28.951327057099522,100.0
1480,0,25.64699719714761,25.64699719714761,100.0
1480,1,31.54786605822475,31.54786605822475,100.0
1480,2,42.805136744627646,42.805136744627646,100.0
1490,0,39.32423054146533,39.32423054146533,100.0
1490,1,29.605097013478172,29.605097013478172,100.0
1490,2,31.070672445056502,31.070672445056502,100.0
1500,0,40.579429969845805,40.579429969845805,100.0
1500,1,40.30642355182318,40.30642355182318,100.0
1500,2,19.11414647833103,19.11414647833103,100.0
