timestamp,sliceId,dedicatedPRB,minPRB,maxPRB
510,0,46.92357049740448,46.92357049740448,100.0
510,1,30.06801844138075,30.06801844138075,100.0
510,2,23.00841106121478,23.00841106121478,100.0
520,0,44.00475627156579,44.00475627156579,100.0
520,1,34.11238193725286,34.11238193725286,100.0
520,2,21.88286179118136,21.88286179118136,100.0
530,0,46.549550158768014,46.549550158768014,100.0
530,1,29.955152933262465,29.955152933262465,100.0
530,2,23.495296907969532,23.495296907969532,100.0
540,0,53.48004694586184,53.48004694586184,100.0
540,1,26.77368470344511,26.77368470344511,100.0
540,2,19.746268350693054,19.746268350693054,100.0
550,0,35.483587616147624,35.483587616147624,100.0
550,1,27.27571420394705,27.27571420394705,100.0
550,2,37.24069817990534,37.24069817990534,100.0
560,0,36.16012890653365,36.16012890653365,100.0
560,1,39.34417152339634,39.34417152339634,100.0
560,2,24.495699570070002,24.495699570070002,100.0
570,0,36.31554968057792,36.31554968057792,100.0
570,1,45.13468218024568,45.13468218024568,100.0
570,2,18.549768139176408,18.549768139176408,100.0
580,0,40.477969482606014,40.477969482606014,100.0
580,1,36.08597674052546,36.08597674052546,100.0
580,2,23.43605377686853,23.43605377686853,100.0
590,0,43.06709665917605,43.06709665917605,100.0
590,1,35.8958919067501,35.8958919067501,100.0
590,2,21.03701143407385,21.03701143407385,100.0
600,0,39.800798270487206,39.800798270487206,100.0
600,1,29.99475690328321,29.99475690328321,100.0
600,2,30.204444826229594,30.204444826229594,100.0
610,0,41.01247529359886,41.01247529359886,100.0
610,1,29.437224017766372,29.437224017766372,100.0
610,2,29.550300688634767,29.550300688634767,100.0
620,0,44.06381273836553,44.06381273836553,100.0
620,1,33.33131089932855,33.33131089932855,100.0
620,2,22.60487636230593,22.60487636230593,100.0
630,0,37.4111371298448,37.4111371298448,100.0
630,1,26.964075921548492,26.964075921548492,100.0
630,2,35.62478694860671,35.62478694860671,100.0
640,0,36.06166227609053,36.06166227609053,100.0
640,1,24.929854899773744,24.929854899773744,100.0
640,2,39.008482824135726,39.008482824135726,100.0
650,0,26.46755972209841,26.46755972209841,100.0
650,1,38.78996610166563,38.78996610166563,100.0
650,2,34.74247417623596,34.74247417623596,100.0
660,0,30.9462728717432,30.9462728717432,100.0
660,1,35.45609625055385,35.45609625055385,100.0
660,2,33.597630877702954,33.597630877702954,100.0
670,0,31.22149963502963,31.22149963502963,100.0
670,1,34.29523604403963,34.29523604403963,100.0
670,2,34.48326432093074,34.48326432093074,100.0
680,0,39.476938152526465,39.476938152526465,100.0
680,1,25.363155460632058,25.363155460632058,100.0
680,2,35.15990638684148,35.15990638684148,100.0
690,0,28.927429005965116,28.927429005965116,100.0
690,1,32.23931862874493,32.23931862874493,100.0
690,2,38.83325236528995,38.83325236528995,100.0
700,0,26.805471987206232,26.805471987206232,100.0
700,1,36.742688793687854,36.742688793687854,100.0
700,2,36.451839219105906,36.451839219105906,100.0
710,0,28.72297980647454,28.72297980647454,100.0
710,1,46.30826918814436,46.30826918814436,100.0
710,2,24.9687510053811,24.9687510053811,100.0
720,0,38.785600390307664,38.785600390307664,100.0
720,1,26.694396996021595,26.694396996021595,100.0
720,2,34.52000261367074,34.52000261367074,100.0
730,0,26.991517190495586,26.991517190495586,100.0
730,1,53.69791918610536,53.69791918610536,100.0
730,2,19.310563623399055,19.310563623399055,100.0
740,0,26.860295633942094,26.860295633942094,100.0
740,1,28.962309048967995,28.962309048967995,100.0
740,2,44.1773953170899,44.1773953170899,100.0
750,0,22.076336659981095,22.076336659981095,100.0
750,1,43.449113322138174,43.449113322138174,100.0
750,2,34.47455001788072,34.47455001788072,100.0
760,0,43.379078618429375,43.379078618429375,100.0
760,1,38.714349952264115,38.714349952264115,100.0
760,2,17.906571429306506,17.906571429306506,100.0
770,0,25.75673339391169,25.75673339391169,100.0
770,1,43.275100287717585,43.275100287717585,100.0
770,2,30.968166318370727,30.968166318370727,100.0
780,0,22.620794593840383,22.620794593840383,100.0
780,1,40.55718248545596,40.55718248545596,100.0
780,2,36.82202292070366,36.82202292070366,100.0
790,0,38.0023937020337,38.0023937020337,100.0
790,1,34.206873206454894,34.206873206454894,100.0
790,2,27.79073309151141,27.79073309151141,100.0
800,0,44.32781812241545,44.32781812241545,100.0
800,1,33.024294662842095,33.024294662842095,100.0
800,2,22.647887214742443,22.647887214742443,100.0
810,0,33.512764329258104,33.512764329258104,100.0
810,1,35.358479993021966,35.358479993021966,100.0
810,2,31.128755677719933,31.128755677719933,100.0
820,0,32.40659226904974,32.40659226904974,100.0
820,1,48.50596930667933,48.50596930667933,100.0
820,2,19.087438424270925,19.087438424270925,100.0
830,0,46.08184736105368,46.08184736105368,100.0
830,1,30.601734097341705,30.601734097341705,100.0
830,2,23.316418541604616,23.316418541604616,100.0
840,0,33.70145602582287,33.70145602582287,100.0
840,1,30.583349107732943,30.583349107732943,100.0
840,2,35.715194866444186,35.715194866444186,100.0
850,0,33.085412977641795,33.085412977641795,100.0
850,1,29.087246818784063,29.087246818784063,100.0
850,2,37.82734020357415,37.82734020357415,100.0
860,0,29.290870501070565,29.290870501070565,100.0
860,1,48.39687933198872,48.39687933198872,100.0
860,2,22.312250166940718,22.312250166940718,100.0
870,0,31.401015248923713,31.401015248923713,100.0
870,1,46.51251454862842,46.51251454862842,100.0
870,2,22.08647020244787,22.08647020244787,100.0
880,0,28.693388116053082,28.693388116053082,100.0
880,1,37.44779802783562,37.44779802783562,100.0
880,2,33.8588138561113,33.8588138561113,100.0
890,0,43.805665157273545,43.805665157273545,100.0
890,1,31.46089670073855,31.46089670073855,100.0
890,2,24.73343814198791,24.73343814198791,100.0
900,0,35.264097728264,35.264097728264,100.0
900,1,43.67112331430562,43.67112331430562,100.0
900,2,21.064778957430384,21.064778957430384,100.0
910,0,39.179964381351276,39.179964381351276,100.0
910,1,25.394792771319192,25.394792771319192,100.0
910,2,35.425242847329535,35.425242847329535,100.0
920,0,29.19249287603191,29.19249287603191,100.0
920,1,49.31934707124871,49.31934707124871,100.0
920,2,21.488160052719387,21.488160052719387,100.0
930,0,37.7517447853958,37.7517447853958,100.0
930,1,32.21838414315289,32.21838414315289,100.0
930,2,30.029871071451314,30.029871071451314,100.0
940,0,34.88776337431546,34.88776337431546,100.0
940,1,30.694656062594184,30.694656062594184,100.0
940,2,34.417580563090354,34.417580563090354,100.0
950,0,37.790112350753006,37.790112350753006,100.0
950,1,31.99050767659774,31.99050767659774,100.0
950,2,30.21937997264925,30.21937997264925,100.0
960,0,28.750294063984818,28.750294063984818,100.0
960,1,26.332169414686696,26.332169414686696,100.0
960,2,44.9175365213285,44.9175365213285,100.0
970,0,25.755203752253014,25.755203752253014,100.0
970,1,51.74862532476821,51.74862532476821,100.0
970,2,22.496170922978777,22.496170922978777,100.0
980,0,43.50938416022174,43.50938416022174,100.0
980,1,29.30773723257376,29.30773723257376,100.0
980,2,27.182878607204497,27.182878607204497,100.0
990,0,22.254778554506,22.254778554506,100.0
990,1,38.55656315056441,38.55656315056441,100.0
990,2,39.1886582949296,39.1886582949296,100.0
1000,0,35.93454821596011,35.93454821596011,100.0
1000,1,40.108817060210164,40.108817060210164,100.0
1000,2,23.956634723829715,23.956634723829715,100.0
1010,0,45.43607553551686,45.43607553551686,100.0
1010,1,32.69100773269804,32.69100773269804,100.0
1010,2,21.872916731785093,21.872916731785093,100.0
1020,0,34.67815796890106,34.67815796890106,100.0
1020,1,38.91932420535299,38.91932420535299,100.0
1020,2,26.402517825745953,26.402517825745953,100.0
1030,0,35.58482483069078,35.58482483069078,100.0
1030,1,32.54022375069593,32.54022375069593,100.0
1030,2,31.874951418613296,31.874951418613296,100.0
1040,0,34.777261833817406,34.777261833817406,100.0
1040,1,31.39911910392559,31.39911910392559,100.0
1040,2,33.823619062257,33.823619062257,100.0
1050,0,47.76936829458444,47.76936829458444,100.0
1050,1,27.894433806062874,27.894433806062874,100.0
1050,2,24.336197899352698,24.336197899352698,100.0
1060,0,32.34116716732661,32.34116716732661,100.0
1060,1,46.59381434421741,46.59381434421741,100.0
1060,2,21.065018488455976,21.065018488455976,100.0
1070,0,24.000340372690797,24.000340372690797,100.0
1070,1,35.69270473955783,35.69270473955783,100.0
1070,2,40.30695488775137,40.30695488775137,100.0
1080,0,32.017883236507636,32.017883236507636,100.0
1080,1,26.679893418079708,26.679893418079708,100.0
1080,2,41.302223345412656,41.302223345412656,100.0
1090,0,35.751936332605695,35.751936332605695,100.0
1090,1,38.106178867533146,38.106178867533146,100.0
1090,2,26.14188479986116,26.14188479986116,100.0
1100,0,29.12541812436772,29.12541812436772,100.0
1100,1,40.486626580213674,40.486626580213674,100.0
1100,2,30.387955295418607,30.387955295418607,100.0
1110,0,39.63743891093478,39.63743891093478,100.0
1110,1,26.063296852201915,26.063296852201915,100.0
1110,2,34.299264236863294,34.299264236863294,100.0
1120,0,30.68425730453661,30.68425730453661,100.0
1120,1,46.28150387001601,46.28150387001601,100.0
1120,2,23.034238825447375,23.034238825447375,100.0
1130,0,46.19995173263508,46.19995173263508,100.0
1130,1,32.1266526610513,32.1266526610513,100.0
1130,2,21.673395606313616,21.673395606313616,100.0
1140,0,28.930082084265074,28.930082084265074,100.0
1140,1,26.222508497078934,26.222508497078934,100.0
1140,2,44.84740941865599,44.84740941865599,100.0
1150,0,45.52226388185636,45.52226388185636,100.0
1150,1,31.640634023752078,31.640634023752078,100.0
1150,2,22.83710209439156,22.83710209439156,100.0
1160,0,33.996661092224926,33.996661092224926,100.0
1160,1,34.591811571625456,34.591811571625456,100.0
1160,2,31.411527336149618,31.411527336149618,100.0
1170,0,33.39974760471194,33.39974760471194,100.0
1170,1,40.58185828931373,40.58185828931373,100.0
1170,2,26.01839410597433,26.01839410597433,100.0
1180,0,33.64851834495515,33.64851834495515,100.0
1180,1,29.187033783169102,29.187033783169102,100.0
1180,2,37.16444787187575,37.16444787187575,100.0
1190,0,35.34780129185539,35.34780129185539,100.0
1190,1,40.863234677013224,40.863234677013224,100.0
1190,2,23.78896403113138,23.78896403113138,100.0
1200,0,26.411210516104866,26.411210516104866,100.0
1200,1,49.35610807526415,49.35610807526415,100.0
1200,2,24.23268140863098,24.23268140863098,100.0
1210,0,47.99611018499726,47.99611018499726,100.0
1210,1,30.134589924345086,30.134589924345086,100.0
1210,2,21.86929989065767,21.86929989065767,100.0
1220,0,36.1298907645453,36.1298907645453,100.0
1220,1,39.870413781091614,39.870413781091614,100.0
1220,2,23.999695454363092,23.999695454363092,100.0
1230,0,34.487494747827874,34.487494747827874,100.0
1230,1,41.53232762549746,41.53232762549746,100.0
1230,2,23.980177626674674,23.980177626674674,100.0
1240,0,26.729574313564864,26.729574313564864,100.0
1240,1,39.07088283755598,39.07088283755598,100.0
1240,2,34.199542848879155,34.199542848879155,100.0
1250,0,45.23853778788095,45.23853778788095,100.0
1250,1,30.290405480034245,30.290405480034245,100.0
1250,2,24.4710567320848,24.4710567320848,100.0
1260,0,32.98424684571991,32.98424684571991,100.0
1260,1,41.483413397888945,41.483413397888945,100.0
1260,2,25.53233975639114,25.53233975639114,100.0
1270,0,36.97507376300266,36.97507376300266,100.0
1270,1,34.2396915344508,34.2396915344508,100.0
1270,2,28.785234702546536,28.785234702546536,100.0
1280,0,26.830976005486683,26.830976005486683,100.0
1280,1,33.14686409269213,33.14686409269213,100.0
1280,2,40.02215990182118,40.02215990182118,100.0
1290,0,27.28383752341558,27.28383752341558,100.0
1290,1,43.205252714304585,43.205252714304585,100.0
1290,2,29.51090976227984,29.51090976227984,100.0
1300,0,39.34956921605037,39.34956921605037,100.0
1300,1,35.80279472426521,35.80279472426521,100.0
1300,2,24.847636059684415,24.847636059684415,100.0
1310,0,35.6973369251261,35.6973369251261,100.0
1310,1,40.51026603394688,40.51026603394688,100.0
1310,2,23.79239704092704,23.79239704092704,100.0
1320,0,28.097822432840776,28.097822432840776,100.0
1320,1,42.52017649550706,42.52017649550706,100.0
1320,2,29.382001071652176,29.382001071652176,100.0
1330,0,24.131377272191013,24.131377272191013,100.0
1330,1,46.927757366785535,46.927757366785535,100.0
1330,2,28.940865361023448,28.940865361023448,100.0
1340,0,27.381554447445648,27.381554447445648,100.0
1340,1,39.160562655295436,39.160562655295436,100.0
1340,2,33.45788289725891,33.45788289725891,100.0
1350,0,27.116027307273153,27.116027307273153,100.0
1350,1,41.33330710301574,41.33330710301574,100.0
1350,2,31.550665589711098,31.550665589711098,100.0
1360,0,35.233040629808904,35.233040629808904,100.0
1360,1,39.32349778533789,39.32349778533789,100.0
1360,2,25.443461584853218,25.443461584853218,100.0
1370,0,24.35269006420325,24.35269006420325,100.0
1370,1,47.08734836698943,47.08734836698943,100.0
1370,2,28.559961568807324,28.559961568807324,100.0
1380,0,34.79950959910102,34.79950959910102,100.0
1380,1,24.99192985899986,24.99192985899986,100.0
1380,2,40.20856054189912,40.20856054189912,100.0
1390,0,41.901311464132526,41.901311464132526,100.0
1390,1,34.14608272858085,34.14608272858085,100.0
1390,2,23.952605807286613,23.952605807286613,100.0
1400,0,37.319056169261266,37.319056169261266,100.0
1400,1,28.251697344135152,28.251697344135152,100.0
1400,2,34.42924648660358,34.42924648660358,100.0
1410,0,25.489242695915905,25.489242695915905,100.0
1410,1,52.74636543665693,52.74636543665693,100.0
1410,2,21.764391867427175,21.764391867427175,100.0
1420,0,25.364256008451424,25.364256008451424,100.0
1420,1,54.13269113422869,54.13269113422869,100.0
1420,2,20.503052857319894,20.503052857319894,100.0
1430,0,36.936429417958664,36.936429417958664,100.0
1430,1,26.683294394612293,26.683294394612293,100.0
1430,2,36.38027618742905,36.38027618742905,100.0
1440,0,48.50967829283005,48.50967829283005,100.0
1440,1,32.84943006530748,32.84943006530748,100.0
1440,2,18.640891641862474,18.640891641862474,100.0
1450,0,27.19265584011753,27.19265584011753,100.0
1450,1,42.10431596382889,42.10431596382889,100.0
1450,2,30.703028196053584,30.703028196053584,100.0
1460,0,23.305053015890675,23.305053015890675,100.0
1460,1,30.155645704251477,30.155645704251477,100.0
1460,2,46.539301279857845,46.539301279857845,100.0
1470,0,30.809436036887554,30.809436036887554,100.0
1470,1,48.92455130110746,48.92455130110746,100.0
1470,2,20.266012662004982,20.266012662004982,100.0
1480,0,27.520050328662442,27.520050328662442,100.0
1480,1,53.63657046691528,53.63657046691528,100.0
1480,2,18.843379204422277,18.843379204422277,100.0
1490,0,36.48805303503204,36.48805303503204,100.0
1490,1,28.613466933881877,28.613466933881877,100.0
1490,2,34.89848003108609,34.89848003108609,100.0
1500,0,23.990120481765903,23.990120481765903,100.0
1500,1,49.431162162239204,49.431162162239204,100.0
1500,2,26.578717355994897,26.578717355994897,100.0
