timestamp,sliceId,dedicatedPRB,minPRB,maxPRB
510,0,38.10413622418008,38.10413622418008,100.0
510,1,41.22428197879763,41.22428197879763,100.0
510,2,20.671581797022302,20.671581797022302,100.0
520,0,33.75067489789386,33.75067489789386,100.0
520,1,27.392432918192743,27.392432918192743,100.0
520,2,38.856892183913395,38.856892183913395,100.0
530,0,32.74154756480505,32.74154756480505,100.0
530,1,35.654466336780644,35.654466336780644,100.0
530,2,31.603986098414303,31.603986098414303,100.0
540,0,28.05981623558433,28.05981623558433,100.0
540,1,47.710901962884655,47.710901962884655,100.0
540,2,24.229281801531023,24.229281801531023,100.0
550,0,37.77432115914355,37.77432115914355,100.0
550,1,39.18631979792846,39.18631979792846,100.0
550,2,23.039359042927988,23.039359042927988,100.0
