timestamp,ueImsi,sliceId,dTxBytes,dRxBytes,plr,resourceSharePct,dLostPackets,throughputMbps,bufferBytes
1510,1,0,18336,15280,16.67,29.94,2,12.2240,84962
1510,2,0,18336,15280,16.67,29.94,2,12.2240,29784
1510,3,0,18336,15280,16.67,29.94,2,12.2240,29746
1510,4,0,18336,15280,16.67,29.94,2,12.2240,29705
1510,5,0,18336,15280,16.67,29.94,2,12.2240,29763
1510,6,1,390,390,0.00,35.85,0,0.3120,87
1510,7,1,390,390,0.00,35.85,0,0.3120,87
1510,8,1,390,0,100.00,35.85,5,0.0000,169
1510,9,1,390,390,0.00,35.85,0,0.3120,87
1510,10,1,390,390,0.00,35.85,0,0.3120,87
1510,11,2,384,256,33.33,34.21,1,0.2048,137
1510,12,2,384,256,33.33,34.21,1,0.2048,137
1510,13,2,384,256,33.33,34.21,1,0.2048,137
1510,14,2,384,256,33.33,34.21,1,0.2048,137
1510,15,2,384,0,100.00,34.21,3,0.0000,111
1510,16,2,384,256,33.33,34.21,1,0.2048,137
1510,17,2,384,256,33.33,34.21,1,0.2048,137
1510,18,2,384,0,100.00,34.21,3,0.0000,1084
1510,19,2,384,256,33.33,34.21,1,0.2048,137
1510,20,2,384,256,33.33,34.21,1,0.2048,137
