timestamp,ueImsi,sliceId,dTxBytes,dRxBytes,plr,resourceSharePct,dLostPackets,throughputMbps,bufferBytes
560,1,0,24448,1528,93.75,32.07,15,1.2224,137258
560,2,0,24448,1528,93.75,32.07,15,1.2224,137245
560,3,0,24448,1528,93.75,32.07,15,1.2224,137175
560,4,0,24448,1528,93.75,32.07,15,1.2224,137168
560,5,0,24448,1528,93.75,32.07,15,1.2224,137255
560,6,1,390,312,20.00,25.69,1,0.2496,169
560,7,1,390,312,20.00,25.69,1,0.2496,169
560,8,1,390,312,20.00,25.69,1,0.2496,169
560,9,1,390,312,20.00,25.69,1,0.2496,169
560,10,1,390,312,20.00,25.69,1,0.2496,169
560,11,2,16000,768,95.20,42.24,119,0.6144,90101
560,12,2,16000,896,94.40,42.24,118,0.7168,90119
560,13,2,16000,768,95.20,42.24,119,0.6144,90103
560,14,2,16000,768,95.20,42.24,119,0.6144,90101
560,15,2,16000,896,94.40,42.24,118,0.7168,90073
560,16,2,16000,896,94.40,42.24,118,0.7168,90067
560,17,2,16000,640,96.00,42.24,120,0.5120,90065
560,18,2,16000,896,94.40,42.24,118,0.7168,90064
560,19,2,16000,896,94.40,42.24,118,0.7168,90064
560,20,2,16000,896,94.40,42.24,118,0.7168,90071
