timestamp,ueImsi,sliceId,dTxBytes,dRxBytes,plr,resourceSharePct,dLostPackets,throughputMbps,bufferBytes,dlBufferBytes,ulBufferBytes,macBufferBytes,congestionPct,lastDrlActionStatus
9900,1,0,128736,0,100.00,26.02,112,0.0000,1199918,31338,1199918,1231256,11.74,applied
9900,2,0,128736,29472,78.57,26.02,88,2.3578,1200005,31338,1200005,1231343,11.74,applied
9900,3,0,128736,71224,48.21,26.02,54,5.6979,1200005,31338,1200005,1231343,11.74,applied
9900,4,0,128736,0,100.00,26.02,112,0.0000,34,31338,34,31372,0.30,applied
9900,5,0,128736,0,100.00,26.02,112,0.0000,3914,31338,3914,35252,0.34,applied
9900,6,1,0,0,0.00,46.68,0,0.0000,34,0,34,34,0.00,applied
9900,7,1,0,0,0.00,46.68,0,0.0000,34,0,34,34,0.00,applied
9900,8,1,0,0,0.00,46.68,0,0.0000,34,0,34,34,0.00,applied
9900,9,1,0,0,0.00,46.68,0,0.0000,34,0,34,34,0.00,applied
9900,10,1,0,0,0.00,46.68,0,0.0000,34,0,34,34,0.00,applied
9900,11,1,0,0,0.00,46.68,0,0.0000,34,0,34,34,0.00,applied
9900,12,1,0,0,0.00,46.68,0,0.0000,34,0,34,34,0.00,applied
9900,13,1,0,0,0.00,46.68,0,0.0000,34,0,34,34,0.00,applied
9900,14,2,65200,940,90.00,27.30,45,0.0752,1928713,1928713,51,1928764,18.39,applied
9900,15,2,65200,0,100.00,27.30,50,0.0000,1928835,1928835,51,1928886,18.40,applied
9900,16,2,65200,940,90.00,27.30,45,0.0752,1928713,1928713,51,1928764,18.39,applied
9900,17,2,65200,0,100.00,27.30,50,0.0000,1931400,1931400,51,1931451,18.42,applied
9900,18,2,65200,0,100.00,27.30,50,0.0000,1928835,1928835,51,1928886,18.40,applied
