timestamp,ueImsi,sliceId,dTxBytes,dRxBytes,plr,resourceSharePct,dLostPackets,throughputMbps,bufferBytes
4210,1,0,25976,3056,88.24,24.90,15,2.4448,8505557
4210,2,0,25976,4584,82.35,24.90,14,3.6672,8505337
4210,3,0,25976,4584,82.35,24.90,14,3.6672,8505264
4210,4,0,25976,3056,88.24,24.90,15,2.4448,8505501
4210,5,0,25976,4584,82.35,24.90,14,3.6672,8505360
4210,6,1,390,390,0.00,39.07,0,0.3120,87
4210,7,1,390,390,0.00,39.07,0,0.3120,87
4210,8,1,390,390,0.00,39.07,0,0.3120,87
4210,9,1,390,390,0.00,39.07,0,0.3120,87
4210,10,1,390,390,0.00,39.07,0,0.3120,87
4210,11,2,16000,2432,84.80,36.03,106,1.9456,5177558
4210,12,2,16000,2560,84.00,36.03,105,2.0480,5177599
4210,13,2,16000,2560,84.00,36.03,105,2.0480,5177642
4210,14,2,16000,2560,84.00,36.03,105,2.0480,5177482
4210,15,2,16000,2560,84.00,36.03,105,2.0480,5177486
4210,16,2,16000,2432,84.80,36.03,106,1.9456,5177599
4210,17,2,16000,2432,84.80,36.03,106,1.9456,5177635
4210,18,2,16000,2432,84.80,36.03,106,1.9456,5177656
4210,19,2,16000,2432,84.80,36.03,106,1.9456,5177661
4210,20,2,16000,2560,84.00,36.03,105,2.0480,5177525
