timestamp,sliceId,dedicatedPRB,minPRB,maxPRB
600,0,22.2826947557395,22.2826947557395,100.0
600,1,26.494874844037753,26.494874844037753,100.0
600,2,51.22243040022275,51.22243040022275,100.0
700,0,30.25993244684928,30.25993244684928,100.0
700,1,26.19046352881751,26.19046352881751,100.0
700,2,43.549604024333206,43.549604024333206,100.0
800,0,26.59610049565011,26.59610049565011,100.0
800,1,52.46912082823617,52.46912082823617,100.0
800,2,20.934778676113723,20.934778676113723,100.0
900,0,37.47079148132086,37.47079148132086,100.0
900,1,27.730009462361103,27.730009462361103,100.0
900,2,34.79919905631804,34.79919905631804,100.0
1000,0,34.9105564913157,34.9105564913157,100.0
1000,1,37.75202601515608,37.75202601515608,100.0
1000,2,27.33741749352821,27.33741749352821,100.0
1100,0,42.1390897819883,42.1390897819883,100.0
1100,1,35.128224821828276,35.128224821828276,100.0
1100,2,22.732685396183427,22.732685396183427,100.0
1200,0,45.937332567569165,45.937332567569165,100.0
1200,1,29.477828761122915,29.477828761122915,100.0
1200,2,24.584838671307914,24.584838671307914,100.0
1300,0,26.887485891390146,26.887485891390146,100.0
1300,1,29.481456789904403,29.481456789904403,100.0
1300,2,43.63105731870545,43.63105731870545,100.0
1400,0,28.983465896125594,28.983465896125594,100.0
1400,1,29.61370427011093,29.61370427011093,100.0
1400,2,41.40282983376348,41.40282983376348,100.0
1500,0,40.01850345469644,40.01850345469644,100.0
1500,1,27.141174803247807,27.141174803247807,100.0
1500,2,32.840321742055764,32.840321742055764,100.0
1600,0,43.28548231185758,43.28548231185758,100.0
1600,1,36.35552247665832,36.35552247665832,100.0
1600,2,20.3589952114841,20.3589952114841,100.0
1700,0,33.68467261453446,33.68467261453446,100.0
1700,1,35.5848481956398,35.5848481956398,100.0
1700,2,30.730479189825736,30.730479189825736,100.0
1800,0,28.971559101950884,28.971559101950884,100.0
1800,1,26.24216751041918,26.24216751041918,100.0
1800,2,44.78627338762993,44.78627338762993,100.0
1900,0,23.218197319740906,23.218197319740906,100.0
1900,1,49.076724052330505,49.076724052330505,100.0
1900,2,27.705078627928586,27.705078627928586,100.0
2000,0,27.04674638659883,27.04674638659883,100.0
2000,1,38.471251914295564,38.471251914295564,100.0
2000,2,34.4820016991056,34.4820016991056,100.0
2100,0,32.671220792838604,32.671220792838604,100.0
2100,1,46.16800027471779,46.16800027471779,100.0
2100,2,21.1607789324436,21.1607789324436,100.0
2200,0,25.560546838970037,25.560546838970037,100.0
2200,1,42.3825838390227,42.3825838390227,100.0
2200,2,32.05686932200727,32.05686932200727,100.0
2300,0,36.1582736526146,36.1582736526146,100.0
2300,1,36.452367669801944,36.452367669801944,100.0
2300,2,27.389358677583452,27.389358677583452,100.0
2400,0,20.28606939215534,20.28606939215534,100.0
2400,1,44.318543149383736,44.318543149383736,100.0
2400,2,35.395387458460924,35.395387458460924,100.0
2500,0,29.448262306521002,29.448262306521002,100.0
2500,1,32.430267449173215,32.430267449173215,100.0
2500,2,38.12147024430579,38.12147024430579,100.0
2600,0,36.421511518872194,36.421511518872194,100.0
2600,1,24.23923441611528,24.23923441611528,100.0
2600,2,39.339254065012526,39.339254065012526,100.0
2700,0,23.650318110686648,23.650318110686648,100.0
2700,1,45.11788007505489,45.11788007505489,100.0
2700,2,31.231801814258464,31.231801814258464,100.0
2800,0,31.844810323326694,31.844810323326694,100.0
2800,1,44.29034494181706,44.29034494181706,100.0
2800,2,23.864844734856238,23.864844734856238,100.0
2900,0,34.27719078658116,34.27719078658116,100.0
2900,1,29.972558268159027,29.972558268159027,100.0
2900,2,35.750250945259815,35.750250945259815,100.0
3000,0,27.822585783104582,27.822585783104582,100.0
3000,1,40.13059166796786,40.13059166796786,100.0
3000,2,32.04682254892756,32.04682254892756,100.0
3100,0,44.10795546801381,44.10795546801381,100.0
3100,1,37.464512435629025,37.464512435629025,100.0
3100,2,18.42753209635716,18.42753209635716,100.0
3200,0,26.968091595590348,26.968091595590348,100.0
3200,1,42.49701180495291,42.49701180495291,100.0
3200,2,30.53489659945674,30.53489659945674,100.0
3300,0,40.29608153118228,40.29608153118228,100.0
3300,1,25.683222350585115,25.683222350585115,100.0
3300,2,34.02069611823259,34.02069611823259,100.0
3400,0,29.122121934744545,29.122121934744545,100.0
3400,1,49.89500207981635,49.89500207981635,100.0
3400,2,20.98287598543911,20.98287598543911,100.0
3500,0,36.10136693326022,36.10136693326022,100.0
3500,1,31.447482776792583,31.447482776792583,100.0
3500,2,32.45115028994719,32.45115028994719,100.0
3600,0,35.60048995029197,35.60048995029197,100.0
3600,1,43.567464043771466,43.567464043771466,100.0
3600,2,20.832046005936565,20.832046005936565,100.0
3700,0,38.823626833496405,38.823626833496405,100.0
3700,1,32.017505650760604,32.017505650760604,100.0
3700,2,29.15886751574299,29.15886751574299,100.0
3800,0,22.582070388911514,22.582070388911514,100.0
3800,1,54.59449283553679,54.59449283553679,100.0
3800,2,22.8234367755517,22.8234367755517,100.0
3900,0,34.47742963463957,34.47742963463957,100.0
3900,1,34.87227224137577,34.87227224137577,100.0
3900,2,30.65029812398466,30.65029812398466,100.0
4000,0,34.67413261401313,34.67413261401313,100.0
4000,1,32.719043487003105,32.719043487003105,100.0
4000,2,32.60682389898377,32.60682389898377,100.0
4100,0,32.116079875747,32.116079875747,100.0
4100,1,33.91687322010472,33.91687322010472,100.0
4100,2,33.96704690414829,33.96704690414829,100.0
4200,0,53.66002101072649,53.66002101072649,100.0
4200,1,25.80128892819826,25.80128892819826,100.0
4200,2,20.53869006107525,20.53869006107525,100.0
4300,0,33.75525488385394,33.75525488385394,100.0
4300,1,35.166928543388565,35.166928543388565,100.0
4300,2,31.0778165727575,31.0778165727575,100.0
4400,0,36.34347750118642,36.34347750118642,100.0
4400,1,26.060175873171836,26.060175873171836,100.0
4400,2,37.596346625641736,37.596346625641736,100.0
4500,0,38.07492725414955,38.07492725414955,100.0
4500,1,24.387600291995764,24.387600291995764,100.0
4500,2,37.53747245385469,37.53747245385469,100.0
4600,0,24.911272079748034,24.911272079748034,100.0
4600,1,28.31812305727752,28.31812305727752,100.0
4600,2,46.77060486297444,46.77060486297444,100.0
4700,0,26.197668455976793,26.197668455976793,100.0
4700,1,45.53491708627056,45.53491708627056,100.0
4700,2,28.26741445775265,28.26741445775265,100.0
4800,0,37.6520448142273,37.6520448142273,100.0
4800,1,27.096568997028015,27.096568997028015,100.0
4800,2,35.25138618874469,35.25138618874469,100.0
4900,0,31.766021204727203,31.766021204727203,100.0
4900,1,33.399858289789215,33.399858289789215,100.0
4900,2,34.8341205054836,34.8341205054836,100.0
5000,0,33.22952198693535,33.22952198693535,100.0
5000,1,30.620548285675426,30.620548285675426,100.0
5000,2,36.14992972738923,36.14992972738923,100.0
5100,0,29.375049550093806,29.375049550093806,100.0
5100,1,44.59693926439824,44.59693926439824,100.0
5100,2,26.02801118550795,26.02801118550795,100.0
5200,0,27.26641245241923,27.26641245241923,100.0
5200,1,47.617484090470555,47.617484090470555,100.0
5200,2,25.116103457110217,25.116103457110217,100.0
5300,0,34.761573354226186,34.761573354226186,100.0
5300,1,35.48267928887067,35.48267928887067,100.0
5300,2,29.755747356903132,29.755747356903132,100.0
5400,0,23.076132077910554,23.076132077910554,100.0
5400,1,46.171621525451826,46.171621525451826,100.0
5400,2,30.752246396637616,30.752246396637616,100.0
5500,0,23.11912384958545,23.11912384958545,100.0
5500,1,44.20659676372245,44.20659676372245,100.0
5500,2,32.674279386692106,32.674279386692106,100.0
5600,0,42.528148113073776,42.528148113073776,100.0
5600,1,36.14860161305268,36.14860161305268,100.0
5600,2,21.323250273873533,21.323250273873533,100.0
5700,0,41.25577535541403,41.25577535541403,100.0
5700,1,29.738704750780403,29.738704750780403,100.0
5700,2,29.005519893805566,29.005519893805566,100.0
5800,0,39.04071493934318,39.04071493934318,100.0
5800,1,31.732382618190012,31.732382618190012,100.0
5800,2,29.226902442466805,29.226902442466805,100.0
5900,0,43.845395627500544,43.845395627500544,100.0
5900,1,32.179322054433754,32.179322054433754,100.0
5900,2,23.975282318065698,23.975282318065698,100.0
6000,0,38.39802425152116,38.39802425152116,100.0
6000,1,29.61842484426647,29.61842484426647,100.0
6000,2,31.983550904212382,31.983550904212382,100.0
6100,0,22.236783281306522,22.236783281306522,100.0
6100,1,39.05318701210585,39.05318701210585,100.0
6100,2,38.710029706587626,38.710029706587626,100.0
6200,0,31.447629799037575,31.447629799037575,100.0
6200,1,36.876454409454965,36.876454409454965,100.0
6200,2,31.675915791507464,31.675915791507464,100.0
6300,0,27.485804844491664,27.485804844491664,100.0
6300,1,46.97626194495613,46.97626194495613,100.0
6300,2,25.53793321055221,25.53793321055221,100.0
6400,0,29.395536175604942,29.395536175604942,100.0
6400,1,41.15379106903224,41.15379106903224,100.0
6400,2,29.450672755362817,29.450672755362817,100.0
6500,0,31.651043638471744,31.651043638471744,100.0
6500,1,29.104994728757838,29.104994728757838,100.0
6500,2,39.243961632770414,39.243961632770414,100.0
6600,0,45.028136973134096,45.028136973134096,100.0
6600,1,26.87048732474433,26.87048732474433,100.0
6600,2,28.101375702121565,28.101375702121565,100.0
6700,0,28.9408332650683,28.9408332650683,100.0
6700,1,32.561579185180825,32.561579185180825,100.0
6700,2,38.49758754975088,38.49758754975088,100.0
6800,0,49.1502524480667,49.1502524480667,100.0
6800,1,26.089679866821093,26.089679866821093,100.0
6800,2,24.760067685112215,24.760067685112215,100.0
6900,0,24.880948012804485,24.880948012804485,100.0
6900,1,52.14518396159069,52.14518396159069,100.0
6900,2,22.973868025604826,22.973868025604826,100.0
7000,0,28.221437481158652,28.221437481158652,100.0
7000,1,52.244283602123375,52.244283602123375,100.0
7000,2,19.53427891671797,19.53427891671797,100.0
7100,0,41.99711847651351,41.99711847651351,100.0
7100,1,36.490637798422284,36.490637798422284,100.0
7100,2,21.512243725064202,21.512243725064202,100.0
7200,0,41.805931933994835,41.805931933994835,100.0
7200,1,34.85693106311307,34.85693106311307,100.0
7200,2,23.337137002892096,23.337137002892096,100.0
7300,0,42.169267811910466,42.169267811910466,100.0
7300,1,33.92703041413293,33.92703041413293,100.0
7300,2,23.90370177395661,23.90370177395661,100.0
7400,0,26.574353100190045,26.574353100190045,100.0
7400,1,44.0719622912648,44.0719622912648,100.0
7400,2,29.35368460854515,29.35368460854515,100.0
7500,0,44.4507186604453,44.4507186604453,100.0
7500,1,31.934319336193994,31.934319336193994,100.0
7500,2,23.614962003360706,23.614962003360706,100.0
7600,0,27.08267025413708,27.08267025413708,100.0
7600,1,48.5982026291648,48.5982026291648,100.0
7600,2,24.319127116698116,24.319127116698116,100.0
7700,0,30.938823454657605,30.938823454657605,100.0
7700,1,35.37730384006754,35.37730384006754,100.0
7700,2,33.68387270527485,33.68387270527485,100.0
7800,0,23.525262984503172,23.525262984503172,100.0
7800,1,45.48891883900911,45.48891883900911,100.0
7800,2,30.98581817648772,30.98581817648772,100.0
7900,0,51.457152801417074,51.457152801417074,100.0
7900,1,27.819265811689338,27.819265811689338,100.0
7900,2,20.723581386893585,20.723581386893585,100.0
8000,0,29.763276994773957,29.763276994773957,100.0
8000,1,33.53467670537514,33.53467670537514,100.0
8000,2,36.7020462998509,36.7020462998509,100.0
8100,0,33.13336630554349,33.13336630554349,100.0
8100,1,38.26265347266313,38.26265347266313,100.0
8100,2,28.603980221793375,28.603980221793375,100.0
8200,0,24.457897277755887,24.457897277755887,100.0
8200,1,45.7603729810026,45.7603729810026,100.0
8200,2,29.781729741241513,29.781729741241513,100.0
8300,0,27.876292261055585,27.876292261055585,100.0
8300,1,47.751408488264616,47.751408488264616,100.0
8300,2,24.37229925067981,24.37229925067981,100.0
8400,0,34.52856396490274,34.52856396490274,100.0
8400,1,42.710125439976224,42.710125439976224,100.0
8400,2,22.761310595121024,22.761310595121024,100.0
8500,0,36.34280095626339,36.34280095626339,100.0
8500,1,34.75557153572114,34.75557153572114,100.0
8500,2,28.901627508015476,28.901627508015476,100.0
8600,0,33.766847064594394,33.766847064594394,100.0
8600,1,32.614651996115484,32.614651996115484,100.0
8600,2,33.61850093929012,33.61850093929012,100.0
8700,0,25.016885298782697,25.016885298782697,100.0
8700,1,33.15331074906706,33.15331074906706,100.0
8700,2,41.82980395215024,41.82980395215024,100.0
8800,0,26.245585162621083,26.245585162621083,100.0
8800,1,30.166607670953884,30.166607670953884,100.0
8800,2,43.58780716642504,43.58780716642504,100.0
8900,0,33.392033225616366,33.392033225616366,100.0
8900,1,31.109658871499207,31.109658871499207,100.0
8900,2,35.49830790288443,35.49830790288443,100.0
9000,0,24.15513197103089,24.15513197103089,100.0
9000,1,32.46160719402378,32.46160719402378,100.0
9000,2,43.383260834945325,43.383260834945325,100.0
9100,0,31.76646046626924,31.76646046626924,100.0
9100,1,35.04242239489403,35.04242239489403,100.0
9100,2,33.191117138836724,33.191117138836724,100.0
9200,0,25.896746916401824,25.896746916401824,100.0
9200,1,54.51737294476157,54.51737294476157,100.0
9200,2,19.585880138836618,19.585880138836618,100.0
9300,0,26.524834437732288,26.524834437732288,100.0
9300,1,29.62681311477761,29.62681311477761,100.0
9300,2,43.84835244749009,43.84835244749009,100.0
9400,0,45.07685700502467,45.07685700502467,100.0
9400,1,31.782089945306957,31.782089945306957,100.0
9400,2,23.14105304966837,23.14105304966837,100.0
9500,0,32.97255792764287,32.97255792764287,100.0
9500,1,37.08137973071698,37.08137973071698,100.0
9500,2,29.94606234164015,29.94606234164015,100.0
9600,0,27.0816006826137,27.0816006826137,100.0
9600,1,31.023560164666304,31.023560164666304,100.0
9600,2,41.89483915272,41.89483915272,100.0
9700,0,30.146688828483637,30.146688828483637,100.0
9700,1,32.34355865420005,32.34355865420005,100.0
9700,2,37.50975251731631,37.50975251731631,100.0
9800,0,31.638355784339623,31.638355784339623,100.0
9800,1,39.95709586244889,39.95709586244889,100.0
9800,2,28.40454835321149,28.40454835321149,100.0
9900,0,40.12435146984355,40.12435146984355,100.0
9900,1,25.493532537332474,25.493532537332474,100.0
9900,2,34.382115992823984,34.382115992823984,100.0
