timestamp,ueImsi,sliceId,dTxBytes,dRxBytes,plr,resourceSharePct,dLostPackets,throughputMbps,bufferBytes
560,1,0,24448,3056,87.50,39.77,14,2.4448,137429
560,2,0,24448,3056,87.50,39.77,14,2.4448,137436
560,3,0,24448,1528,93.75,39.77,15,1.2224,137506
560,4,0,24448,1528,93.75,39.77,15,1.2224,137415
560,5,0,24448,3056,87.50,39.77,14,2.4448,137424
560,6,1,780,624,20.00,40.12,2,0.4992,87
560,7,1,780,624,20.00,40.12,2,0.4992,87
560,8,1,780,624,20.00,40.12,2,0.4992,87
560,9,1,780,624,20.00,40.12,2,0.4992,87
560,10,1,780,624,20.00,40.12,2,0.4992,87
560,11,2,16000,512,96.80,20.11,121,0.4096,91266
560,12,2,16000,640,96.00,20.11,120,0.5120,91259
560,13,2,16000,512,96.80,20.11,121,0.4096,91259
560,14,2,16000,512,96.80,20.11,121,0.4096,91258
560,15,2,16000,384,97.60,20.11,122,0.3072,91323
560,16,2,16000,384,97.60,20.11,122,0.3072,91323
560,17,2,16000,384,97.60,20.11,122,0.3072,91217
560,18,2,16000,512,96.80,20.11,121,0.4096,91225
560,19,2,16000,512,96.80,20.11,121,0.4096,91223
560,20,2,16000,512,96.80,20.11,121,0.4096,91223
