timestamp,sliceId,dedicatedPRB,minPRB,maxPRB,algorithm
510,0,31.665,31.665,100.0,0
510,1,20.0,20.0,100.0,0
510,2,48.334999999999994,48.334999999999994,100.0,0
520,0,31.665,31.665,100.0,0
520,1,20.0,20.0,100.0,0
520,2,48.334999999999994,48.334999999999994,100.0,0
530,0,31.665,31.665,100.0,0
530,1,20.0,20.0,100.0,0
530,2,48.334999999999994,48.334999999999994,100.0,0
540,0,21.665,21.665,100.0,2
540,1,65.0,65.0,100.0,2
540,2,13.334999999999999,13.334999999999999,100.0,2
550,0,41.665,41.665,100.0,1
550,1,30.000000000000004,30.000000000000004,100.0,1
550,2,28.335,28.335,100.0,1
560,0,16.665,16.665,100.0,1
560,1,20.0,20.0,100.0,1
560,2,63.334999999999994,63.334999999999994,100.0,1
570,0,56.665,56.665,100.0,2
570,1,25.0,25.0,100.0,2
570,2,18.335,18.335,100.0,2
580,0,46.665,46.665,100.0,1
580,1,35.0,35.0,100.0,1
580,2,18.335,18.335,100.0,1
590,0,21.665,21.665,100.0,2
590,1,50.0,50.0,100.0,2
590,2,28.335,28.335,100.0,2
600,0,21.665,21.665,100.0,0
600,1,55.00000000000001,55.00000000000001,100.0,0
600,2,23.335,23.335,100.0,0
610,0,41.665,41.665,100.0,0
610,1,20.000000000000004,20.000000000000004,100.0,0
610,2,38.335,38.335,100.0,0
620,0,21.665,21.665,100.0,0
620,1,20.0,20.0,100.0,0
620,2,58.335,58.335,100.0,0
630,0,21.665,21.665,100.0,0
630,1,35.0,35.0,100.0,0
630,2,43.335,43.335,100.0,0
640,0,51.665000000000006,51.665000000000006,100.0,0
640,1,35.0,35.0,100.0,0
640,2,13.335000000000003,13.335000000000003,100.0,0
650,0,16.665,16.665,100.0,1
650,1,60.00000000000001,60.00000000000001,100.0,1
650,2,23.335,23.335,100.0,1
660,0,31.665,31.665,100.0,2
660,1,45.0,45.0,100.0,2
660,2,23.335,23.335,100.0,2
670,0,51.665000000000006,51.665000000000006,100.0,0
670,1,35.0,35.0,100.0,0
670,2,13.335000000000003,13.335000000000003,100.0,0
680,0,16.665,16.665,100.0,0
680,1,50.0,50.0,100.0,0
680,2,33.335,33.335,100.0,0
690,0,51.665000000000006,51.665000000000006,100.0,0
690,1,35.0,35.0,100.0,0
690,2,13.335000000000003,13.335000000000003,100.0,0
700,0,36.665000000000006,36.665000000000006,100.0,0
700,1,45.0,45.0,100.0,0
700,2,18.335,18.335,100.0,0
710,0,31.665,31.665,100.0,0
710,1,25.0,25.0,100.0,0
710,2,43.335,43.335,100.0,0
720,0,46.665,46.665,100.0,0
720,1,20.0,20.0,100.0,0
720,2,33.335,33.335,100.0,0
730,0,31.665,31.665,100.0,0
730,1,25.0,25.0,100.0,0
730,2,43.335,43.335,100.0,0
740,0,56.665,56.665,100.0,1
740,1,20.0,20.0,100.0,1
740,2,23.335,23.335,100.0,1
750,0,31.665,31.665,100.0,0
750,1,25.0,25.0,100.0,0
750,2,43.335,43.335,100.0,0
760,0,46.665,46.665,100.0,0
760,1,20.0,20.0,100.0,0
760,2,33.335,33.335,100.0,0
770,0,46.665,46.665,100.0,0
770,1,20.0,20.0,100.0,0
770,2,33.335,33.335,100.0,0
780,0,41.665,41.665,100.0,2
780,1,45.00000000000001,45.00000000000001,100.0,2
780,2,13.335000000000003,13.335000000000003,100.0,2
790,0,66.665,66.665,100.0,2
790,1,20.000000000000004,20.000000000000004,100.0,2
790,2,13.335000000000003,13.335000000000003,100.0,2
800,0,41.665,41.665,100.0,0
800,1,25.0,25.0,100.0,0
800,2,33.335,33.335,100.0,0
810,0,16.665,16.665,100.0,0
810,1,60.00000000000001,60.00000000000001,100.0,0
810,2,23.335,23.335,100.0,0
820,0,31.665,31.665,100.0,0
820,1,20.0,20.0,100.0,0
820,2,48.334999999999994,48.334999999999994,100.0,0
830,0,31.665,31.665,100.0,0
830,1,20.0,20.0,100.0,0
830,2,48.334999999999994,48.334999999999994,100.0,0
840,0,31.665,31.665,100.0,0
840,1,20.0,20.0,100.0,0
840,2,48.334999999999994,48.334999999999994,100.0,0
