timestamp,ueImsi,sliceId,dTxBytes,dRxBytes,plr,resourceSharePct,dLostPackets,throughputMbps,bufferBytes
1510,1,0,35144,13752,60.87,21.66,14,11.0016,883884
1510,2,0,35144,18336,47.83,21.66,11,14.6688,280932
1510,3,1,1014,936,7.69,65.00,1,0.7488,87
1510,4,1,1014,936,7.69,65.00,1,0.7488,87
1510,5,2,256,256,0.00,13.33,0,0.2048,92
1510,6,2,256,256,0.00,13.33,0,0.2048,92
1510,7,2,256,256,0.00,13.33,0,0.2048,92
1510,8,2,256,0,100.00,13.33,2,0.0000,86
1510,9,2,256,256,0.00,13.33,0,0.2048,92
1510,10,2,256,256,0.00,13.33,0,0.2048,96
