timestamp,ueImsi,sliceId,dTxBytes,dRxBytes,plr,resourceSharePct,dLostPackets,throughputMbps,bufferBytes
1510,1,0,35144,18336,47.83,35.93,11,14.6688,1492849
1510,2,0,35144,35144,0.00,35.93,0,28.1152,1537
1510,3,1,1014,936,7.69,40.73,1,0.7488,87
1510,4,1,1014,936,7.69,40.73,1,0.7488,87
1510,5,2,256,256,0.00,23.34,0,0.2048,137
1510,6,2,256,0,100.00,23.34,2,0.0000,137
1510,7,2,256,0,100.00,23.34,2,0.0000,137
1510,8,2,256,256,0.00,23.34,0,0.2048,137
1510,9,2,256,256,0.00,23.34,0,0.2048,137
1510,10,2,256,256,0.00,23.34,0,0.2048,137
