timestamp,ueImsi,sliceId,dTxBytes,dRxBytes,plr,resourceSharePct,dLostPackets,throughputMbps,bufferBytes
9990,1,0,25976,3056,88.24,22.89,15,2.4448,10499089
9990,2,0,25976,3056,88.24,22.89,15,2.4448,10499167
9990,3,0,25976,3056,88.24,22.89,15,2.4448,10499076
9990,4,0,25976,3056,88.24,22.89,15,2.4448,10499104
9990,5,0,25976,1528,94.12,22.89,16,1.2224,10498868
9990,6,1,390,390,0.00,27.31,0,0.3120,87
9990,7,1,390,390,0.00,27.31,0,0.3120,87
9990,8,1,390,390,0.00,27.31,0,0.3120,87
9990,9,1,390,390,0.00,27.31,0,0.3120,87
9990,10,1,390,390,0.00,27.31,0,0.3120,87
9990,11,2,16000,2944,81.60,49.80,102,2.3552,10646987
9990,12,2,16000,2816,82.40,49.80,103,2.2528,10647083
9990,13,2,16000,2816,82.40,49.80,103,2.2528,10647038
9990,14,2,16000,2944,81.60,49.80,102,2.3552,10647055
9990,15,2,16000,2816,82.40,49.80,103,2.2528,10647074
9990,16,2,16000,2944,81.60,49.80,102,2.3552,10647024
9990,17,2,16000,2944,81.60,49.80,102,2.3552,10647019
9990,18,2,16000,2816,82.40,49.80,103,2.2528,10646966
9990,19,2,16000,2944,81.60,49.80,102,2.3552,10647002
9990,20,2,16000,2944,81.60,49.80,102,2.3552,10647037
