timestamp,sliceId,dedicatedPRB,minPRB,maxPRB
510,0,37.342114239595034,37.342114239595034,100.0
510,1,30.85791574338427,30.85791574338427,100.0
510,2,31.799970017020694,31.799970017020694,100.0
520,0,31.957414380833455,31.957414380833455,100.0
520,1,25.621275601136627,25.621275601136627,100.0
520,2,42.421310018029914,42.421310018029914,100.0
530,0,50.94377242233323,50.94377242233323,100.0
530,1,29.665375880484014,29.665375880484014,100.0
530,2,19.39085169718277,19.39085169718277,100.0
540,0,50.599900444228666,50.599900444228666,100.0
540,1,29.7050148238731,29.7050148238731,100.0
540,2,19.695084731898234,19.695084731898234,100.0
550,0,41.51142705337181,41.51142705337181,100.0
550,1,34.27734074990922,34.27734074990922,100.0
550,2,24.211232196718974,24.211232196718974,100.0
560,0,51.13997463698274,51.13997463698274,100.0
560,1,26.534832641648563,26.534832641648563,100.0
560,2,22.325192721368687,22.325192721368687,100.0
570,0,32.54856737336579,32.54856737336579,100.0
570,1,37.70793790478094,37.70793790478094,100.0
570,2,29.743494721853263,29.743494721853263,100.0
580,0,28.98117361398116,28.98117361398116,100.0
580,1,45.69637764543583,45.69637764543583,100.0
580,2,25.322448740583003,25.322448740583003,100.0
590,0,27.962930119058736,27.962930119058736,100.0
590,1,45.83121652525017,45.83121652525017,100.0
590,2,26.20585335569109,26.20585335569109,100.0
600,0,33.00222782969343,33.00222782969343,100.0
600,1,39.41042891001537,39.41042891001537,100.0
600,2,27.58734326029121,27.58734326029121,100.0
610,0,35.015529669194414,35.015529669194414,100.0
610,1,46.27905702022108,46.27905702022108,100.0
610,2,18.705413310584504,18.705413310584504,100.0
620,0,43.17024420965333,43.17024420965333,100.0
620,1,27.26539825808639,27.26539825808639,100.0
620,2,29.56435753226028,29.56435753226028,100.0
630,0,25.963148021940764,25.963148021940764,100.0
630,1,31.78963214231488,31.78963214231488,100.0
630,2,42.24721983574437,42.24721983574437,100.0
640,0,24.965055160567896,24.965055160567896,100.0
640,1,54.603200220453566,54.603200220453566,100.0
640,2,20.431744618978527,20.431744618978527,100.0
650,0,39.19227076067219,39.19227076067219,100.0
650,1,30.326814823716962,30.326814823716962,100.0
650,2,30.480914415610847,30.480914415610847,100.0
660,0,24.67767085105994,24.67767085105994,100.0
660,1,46.84223998826936,46.84223998826936,100.0
660,2,28.480089160670698,28.480089160670698,100.0
670,0,45.47969086293398,45.47969086293398,100.0
670,1,31.75575311716685,31.75575311716685,100.0
670,2,22.764556019899178,22.764556019899178,100.0
680,0,47.513912359020985,47.513912359020985,100.0
680,1,28.14551581028831,28.14551581028831,100.0
680,2,24.340571830690717,24.340571830690717,100.0
690,0,40.51702931532155,40.51702931532155,100.0
690,1,33.680500097953626,33.680500097953626,100.0
690,2,25.802470586724823,25.802470586724823,100.0
700,0,43.67868211802089,43.67868211802089,100.0
700,1,26.413459902673996,26.413459902673996,100.0
700,2,29.90785797930512,29.90785797930512,100.0
710,0,29.636537870864533,29.636537870864533,100.0
710,1,49.61665407730306,49.61665407730306,100.0
710,2,20.746808051832414,20.746808051832414,100.0
720,0,34.49018391755983,34.49018391755983,100.0
720,1,24.833088655076395,24.833088655076395,100.0
720,2,40.676727427363765,40.676727427363765,100.0
730,0,41.06192168038477,41.06192168038477,100.0
730,1,30.032372170054387,30.032372170054387,100.0
730,2,28.90570614956085,28.90570614956085,100.0
740,0,26.17510454137692,26.17510454137692,100.0
740,1,31.899932957254613,31.899932957254613,100.0
740,2,41.924962501368476,41.924962501368476,100.0
750,0,37.812366580671394,37.812366580671394,100.0
750,1,32.075200358364384,32.075200358364384,100.0
750,2,30.11243306096423,30.11243306096423,100.0
760,0,33.998328653548604,33.998328653548604,100.0
760,1,32.65791147162352,32.65791147162352,100.0
760,2,33.343759874827875,33.343759874827875,100.0
770,0,35.6743992600284,35.6743992600284,100.0
770,1,44.88157924847725,44.88157924847725,100.0
770,2,19.44402149149434,19.44402149149434,100.0
780,0,47.7096948836783,47.7096948836783,100.0
780,1,27.730883947623834,27.730883947623834,100.0
780,2,24.55942116869787,24.55942116869787,100.0
790,0,41.675709818487505,41.675709818487505,100.0
790,1,24.472130083666336,24.472130083666336,100.0
790,2,33.85216009784616,33.85216009784616,100.0
800,0,35.491088329142265,35.491088329142265,100.0
800,1,28.071291192620016,28.071291192620016,100.0
800,2,36.43762047823773,36.43762047823773,100.0
810,0,38.5322699491439,38.5322699491439,100.0
810,1,29.412362466997255,29.412362466997255,100.0
810,2,32.05536758385885,32.05536758385885,100.0
820,0,31.49714540834735,31.49714540834735,100.0
820,1,44.725135646258984,44.725135646258984,100.0
820,2,23.777718945393666,23.777718945393666,100.0
830,0,28.691460812789447,28.691460812789447,100.0
830,1,45.66944329350824,45.66944329350824,100.0
830,2,25.63909589370231,25.63909589370231,100.0
840,0,27.33565127254191,27.33565127254191,100.0
840,1,37.64911256722826,37.64911256722826,100.0
840,2,35.01523616022983,35.01523616022983,100.0
850,0,41.53909146588089,41.53909146588089,100.0
850,1,37.099751971317836,37.099751971317836,100.0
850,2,21.361156562801288,21.361156562801288,100.0
860,0,45.70193512365937,45.70193512365937,100.0
860,1,36.00366003747231,36.00366003747231,100.0
860,2,18.294404838868328,18.294404838868328,100.0
870,0,21.757681328955485,21.757681328955485,100.0
870,1,39.26548152622511,39.26548152622511,100.0
870,2,38.97683714481941,38.97683714481941,100.0
880,0,33.759615421901515,33.759615421901515,100.0
880,1,46.957148900940616,46.957148900940616,100.0
880,2,19.283235677157876,19.283235677157876,100.0
890,0,51.67295244907654,51.67295244907654,100.0
890,1,29.61505986796039,29.61505986796039,100.0
890,2,18.711987682963073,18.711987682963073,100.0
900,0,52.660085860204106,52.660085860204106,100.0
900,1,25.502907266139363,25.502907266139363,100.0
900,2,21.837006873656524,21.837006873656524,100.0
910,0,33.438541753818754,33.438541753818754,100.0
910,1,48.238554269190274,48.238554269190274,100.0
910,2,18.322903976990972,18.322903976990972,100.0
920,0,31.786765839028302,31.786765839028302,100.0
920,1,50.303212455100606,50.303212455100606,100.0
920,2,17.910021705871085,17.910021705871085,100.0
930,0,31.76723288578026,31.76723288578026,100.0
930,1,45.450478079719694,45.450478079719694,100.0
930,2,22.782289034500046,22.782289034500046,100.0
940,0,37.77154845639936,37.77154845639936,100.0
940,1,42.714795731436325,42.714795731436325,100.0
940,2,19.51365581216431,19.51365581216431,100.0
950,0,27.25929517282059,27.25929517282059,100.0
950,1,26.74299991814214,26.74299991814214,100.0
950,2,45.997704909037274,45.997704909037274,100.0
960,0,36.38178387955808,36.38178387955808,100.0
960,1,31.143377314985855,31.143377314985855,100.0
960,2,32.47483880545607,32.47483880545607,100.0
970,0,22.314475963926665,22.314475963926665,100.0
970,1,38.96571907382627,38.96571907382627,100.0
970,2,38.719804962247075,38.719804962247075,100.0
980,0,30.719924160158165,30.719924160158165,100.0
980,1,45.778016153176914,45.778016153176914,100.0
980,2,23.50205968666492,23.50205968666492,100.0
990,0,37.787817468139835,37.787817468139835,100.0
990,1,41.04259072174076,41.04259072174076,100.0
990,2,21.16959181011941,21.16959181011941,100.0
1000,0,47.71499792158307,47.71499792158307,100.0
1000,1,33.15121946327096,33.15121946327096,100.0
1000,2,19.133782615145968,19.133782615145968,100.0
1010,0,24.97949585798475,24.97949585798475,100.0
1010,1,54.24554944904922,54.24554944904922,100.0
1010,2,20.774954692966023,20.774954692966023,100.0
1020,0,27.575092935328993,27.575092935328993,100.0
1020,1,51.567482350761296,51.567482350761296,100.0
1020,2,20.85742471390971,20.85742471390971,100.0
1030,0,30.13384737029839,30.13384737029839,100.0
1030,1,37.80656616110555,37.80656616110555,100.0
1030,2,32.059586468596066,32.059586468596066,100.0
1040,0,25.285136354225703,25.285136354225703,100.0
1040,1,49.60984185429681,49.60984185429681,100.0
1040,2,25.10502179147749,25.10502179147749,100.0
1050,0,34.79639737023041,34.79639737023041,100.0
1050,1,33.35101539950034,33.35101539950034,100.0
1050,2,31.852587230269258,31.852587230269258,100.0
1060,0,27.35717951144276,27.35717951144276,100.0
1060,1,46.7233676371372,46.7233676371372,100.0
1060,2,25.91945285142004,25.91945285142004,100.0
1070,0,31.708602548952342,31.708602548952342,100.0
1070,1,36.58657006006407,36.58657006006407,100.0
1070,2,31.7048273909836,31.7048273909836,100.0
1080,0,31.90763986214179,31.90763986214179,100.0
1080,1,36.18290653560068,36.18290653560068,100.0
1080,2,31.909453602257532,31.909453602257532,100.0
1090,0,27.71051393296104,27.71051393296104,100.0
1090,1,44.398792946280885,44.398792946280885,100.0
1090,2,27.890693120758087,27.890693120758087,100.0
1100,0,27.953202761203144,27.953202761203144,100.0
1100,1,35.98910842696833,35.98910842696833,100.0
1100,2,36.05768881182853,36.05768881182853,100.0
1110,0,31.8643394815868,31.8643394815868,100.0
1110,1,42.63286034726398,42.63286034726398,100.0
1110,2,25.50280017114922,25.50280017114922,100.0
1120,0,23.570154258710314,23.570154258710314,100.0
1120,1,56.438437490541936,56.438437490541936,100.0
1120,2,19.99140825074774,19.99140825074774,100.0
1130,0,35.287759602953585,35.287759602953585,100.0
1130,1,43.616804368225246,43.616804368225246,100.0
1130,2,21.09543602882117,21.09543602882117,100.0
1140,0,30.846657169649873,30.846657169649873,100.0
1140,1,28.30822243485769,28.30822243485769,100.0
1140,2,40.845120395492444,40.845120395492444,100.0
1150,0,37.37672441496432,37.37672441496432,100.0
1150,1,41.35071041411835,41.35071041411835,100.0
1150,2,21.272565170917325,21.272565170917325,100.0
1160,0,24.70744090224416,24.70744090224416,100.0
1160,1,44.7649098139896,44.7649098139896,100.0
1160,2,30.527649283766245,30.527649283766245,100.0
1170,0,36.586349007624754,36.586349007624754,100.0
1170,1,35.71130991460939,35.71130991460939,100.0
1170,2,27.70234107776585,27.70234107776585,100.0
1180,0,52.38126919946083,52.38126919946083,100.0
1180,1,26.728121447110155,26.728121447110155,100.0
1180,2,20.89060935342901,20.89060935342901,100.0
1190,0,25.242991738597198,25.242991738597198,100.0
1190,1,52.168632425877014,52.168632425877014,100.0
1190,2,22.58837583552578,22.58837583552578,100.0
1200,0,28.742293538672904,28.742293538672904,100.0
1200,1,41.95040301782414,41.95040301782414,100.0
1200,2,29.307303443502963,29.307303443502963,100.0
1210,0,37.968203803721906,37.968203803721906,100.0
1210,1,43.4916610818111,43.4916610818111,100.0
1210,2,18.540135114466988,18.540135114466988,100.0
1220,0,27.9733238791027,27.9733238791027,100.0
1220,1,50.331395137611544,50.331395137611544,100.0
1220,2,21.69528098328576,21.69528098328576,100.0
1230,0,44.271637317558486,44.271637317558486,100.0
1230,1,36.91475778762503,36.91475778762503,100.0
1230,2,18.813604894816482,18.813604894816482,100.0
1240,0,24.76689122564146,24.76689122564146,100.0
1240,1,41.58620351332923,41.58620351332923,100.0
1240,2,33.64690526102931,33.64690526102931,100.0
1250,0,27.28330436716736,27.28330436716736,100.0
1250,1,48.431907835095686,48.431907835095686,100.0
1250,2,24.284787797736957,24.284787797736957,100.0
1260,0,40.656116888586716,40.656116888586716,100.0
1260,1,35.01595892270779,35.01595892270779,100.0
1260,2,24.327924188705495,24.327924188705495,100.0
1270,0,25.431307076225025,25.431307076225025,100.0
1270,1,51.60001615592699,51.60001615592699,100.0
1270,2,22.968676767847988,22.968676767847988,100.0
1280,0,36.42564778021169,36.42564778021169,100.0
1280,1,41.985533505204195,41.985533505204195,100.0
1280,2,21.588818714584114,21.588818714584114,100.0
1290,0,29.765302507393443,29.765302507393443,100.0
1290,1,33.75051899181933,33.75051899181933,100.0
1290,2,36.48417850078724,36.48417850078724,100.0
1300,0,26.983597830990007,26.983597830990007,100.0
1300,1,34.675711135096435,34.675711135096435,100.0
1300,2,38.340691033913565,38.340691033913565,100.0
1310,0,50.19258507575248,50.19258507575248,100.0
1310,1,28.228378578061992,28.228378578061992,100.0
1310,2,21.579036346185536,21.579036346185536,100.0
1320,0,42.93431728617348,42.93431728617348,100.0
1320,1,25.472006631900868,25.472006631900868,100.0
1320,2,31.593676081925647,31.593676081925647,100.0
1330,0,37.35740609488136,37.35740609488136,100.0
1330,1,37.42738805044051,37.42738805044051,100.0
1330,2,25.215205854678125,25.215205854678125,100.0
1340,0,45.989052898038366,45.989052898038366,100.0
1340,1,30.909888613816562,30.909888613816562,100.0
1340,2,23.101058488145082,23.101058488145082,100.0
1350,0,30.26627436279433,30.26627436279433,100.0
1350,1,28.034247917003597,28.034247917003597,100.0
1350,2,41.69947772020207,41.69947772020207,100.0
1360,0,27.451714487197687,27.451714487197687,100.0
1360,1,26.233189324240687,26.233189324240687,100.0
1360,2,46.31509618856163,46.31509618856163,100.0
1370,0,31.072627448993106,31.072627448993106,100.0
1370,1,43.21507605883005,43.21507605883005,100.0
1370,2,25.712296492176844,25.712296492176844,100.0
1380,0,22.86708211828502,22.86708211828502,100.0
1380,1,35.909855606400185,35.909855606400185,100.0
1380,2,41.223062275314795,41.223062275314795,100.0
1390,0,53.68656047899978,53.68656047899978,100.0
1390,1,26.774547800370907,26.774547800370907,100.0
1390,2,19.538891720629326,19.538891720629326,100.0
1400,0,34.52619613375837,34.52619613375837,100.0
1400,1,25.86763663475329,25.86763663475329,100.0
1400,2,39.60616723148834,39.60616723148834,100.0
1410,0,27.442620105761677,27.442620105761677,100.0
1410,1,46.12726369950324,46.12726369950324,100.0
1410,2,26.43011619473509,26.43011619473509,100.0
1420,0,34.84728156558679,34.84728156558679,100.0
1420,1,37.160695555297465,37.160695555297465,100.0
1420,2,27.99202287911574,27.99202287911574,100.0
1430,0,36.25563016990265,36.25563016990265,100.0
1430,1,41.53261985692857,41.53261985692857,100.0
1430,2,22.21174997316877,22.21174997316877,100.0
1440,0,28.083230275252056,28.083230275252056,100.0
1440,1,35.759046919154194,35.759046919154194,100.0
1440,2,36.157722805593764,36.157722805593764,100.0
1450,0,35.46370614458774,35.46370614458774,100.0
1450,1,35.21260056630332,35.21260056630332,100.0
1450,2,29.32369328910893,29.32369328910893,100.0
1460,0,33.87639667857885,33.87639667857885,100.0
1460,1,35.358113343888675,35.358113343888675,100.0
1460,2,30.76548997753247,30.76548997753247,100.0
1470,0,41.646503897142104,41.646503897142104,100.0
1470,1,34.179226770257586,34.179226770257586,100.0
1470,2,24.174269332600307,24.174269332600307,100.0
1480,0,33.01277223296436,33.01277223296436,100.0
1480,1,37.2973274394085,37.2973274394085,100.0
1480,2,29.68990032762715,29.68990032762715,100.0
1490,0,34.157718842247185,34.157718842247185,100.0
1490,1,35.29380486594263,35.29380486594263,100.0
1490,2,30.54847629181018,30.54847629181018,100.0
1500,0,33.29949636225235,33.29949636225235,100.0
1500,1,39.004185635489065,39.004185635489065,100.0
1500,2,27.69631800225858,27.69631800225858,100.0
