timestamp,sliceId,dedicatedPRB,minPRB,maxPRB
510,0,40.954639778479454,40.954639778479454,100.0
510,1,29.21732491027792,29.21732491027792,100.0
510,2,29.828035311242623,29.828035311242623,100.0
520,0,38.222387260743865,38.222387260743865,100.0
520,1,25.67302479983407,25.67302479983407,100.0
520,2,36.10458793942206,36.10458793942206,100.0
530,0,49.25675429648233,49.25675429648233,100.0
530,1,31.49238680513448,31.49238680513448,100.0
530,2,19.250858898383193,19.250858898383193,100.0
540,0,41.80540019335167,41.80540019335167,100.0
540,1,26.152667162533085,26.152667162533085,100.0
540,2,32.04193264411525,32.04193264411525,100.0
550,0,35.595947687726756,35.595947687726756,100.0
550,1,38.15953185594865,38.15953185594865,100.0
550,2,26.2445204563246,26.2445204563246,100.0
560,0,35.58331589869066,35.58331589869066,100.0
560,1,26.063512567072024,26.063512567072024,100.0
560,2,38.35317153423732,38.35317153423732,100.0
570,0,37.15834035638931,37.15834035638931,100.0
570,1,36.04475280523816,36.04475280523816,100.0
570,2,26.796906838372532,26.796906838372532,100.0
580,0,26.018696404400742,26.018696404400742,100.0
580,1,29.97465171222179,29.97465171222179,100.0
580,2,44.006651883377465,44.006651883377465,100.0
590,0,41.48015000591674,41.48015000591674,100.0
590,1,37.74757026751557,37.74757026751557,100.0
590,2,20.77227972656768,20.77227972656768,100.0
600,0,38.63032819416464,38.63032819416464,100.0
600,1,29.594537149716626,29.594537149716626,100.0
600,2,31.775134656118738,31.775134656118738,100.0
610,0,43.3561763461952,43.3561763461952,100.0
610,1,30.87096540009442,30.87096540009442,100.0
610,2,25.77285825371039,25.77285825371039,100.0
620,0,24.037577802349972,24.037577802349972,100.0
620,1,51.0085070038957,51.0085070038957,100.0
620,2,24.95391519375434,24.95391519375434,100.0
630,0,32.308758581115555,32.308758581115555,100.0
630,1,33.71194927852959,33.71194927852959,100.0
630,2,33.97929214035486,33.97929214035486,100.0
640,0,28.83071722249851,28.83071722249851,100.0
640,1,41.94882174147853,41.94882174147853,100.0
640,2,29.220461036022964,29.220461036022964,100.0
650,0,34.66256473844184,34.66256473844184,100.0
650,1,44.30650697653197,44.30650697653197,100.0
650,2,21.030928285026192,21.030928285026192,100.0
660,0,31.471254520031287,31.471254520031287,100.0
660,1,29.924628275573024,29.924628275573024,100.0
660,2,38.60411720439569,38.60411720439569,100.0
670,0,25.545379710560713,25.545379710560713,100.0
670,1,28.230262963724318,28.230262963724318,100.0
670,2,46.22435732571497,46.22435732571497,100.0
680,0,29.723798301175535,29.723798301175535,100.0
680,1,43.2515508354267,43.2515508354267,100.0
680,2,27.024650863397763,27.024650863397763,100.0
690,0,37.31965252128225,37.31965252128225,100.0
690,1,27.103631446233816,27.103631446233816,100.0
690,2,35.57671603248394,35.57671603248394,100.0
700,0,28.584497170381717,28.584497170381717,100.0
700,1,28.634231194593983,28.634231194593983,100.0
700,2,42.7812716350243,42.7812716350243,100.0
710,0,44.425141378946144,44.425141378946144,100.0
710,1,26.12826315095963,26.12826315095963,100.0
710,2,29.446595470094227,29.446595470094227,100.0
720,0,29.70165508672531,29.70165508672531,100.0
720,1,27.22642757191347,27.22642757191347,100.0
720,2,43.071917341361235,43.071917341361235,100.0
730,0,32.67207851389003,32.67207851389003,100.0
730,1,45.510614498114265,45.510614498114265,100.0
730,2,21.817306987995703,21.817306987995703,100.0
740,0,30.056215372937295,30.056215372937295,100.0
740,1,40.42852346838397,40.42852346838397,100.0
740,2,29.51526115867874,29.51526115867874,100.0
750,0,30.08128681580987,30.08128681580987,100.0
750,1,32.25114543012908,32.25114543012908,100.0
750,2,37.66756775406105,37.66756775406105,100.0
760,0,26.4488672696223,26.4488672696223,100.0
760,1,39.17207832140288,39.17207832140288,100.0
760,2,34.379054408974824,34.379054408974824,100.0
770,0,28.869309508530844,28.869309508530844,100.0
770,1,37.89074886742559,37.89074886742559,100.0
770,2,33.23994162404357,33.23994162404357,100.0
780,0,32.750947482735015,32.750947482735015,100.0
780,1,35.61435773772592,35.61435773772592,100.0
780,2,31.63469477953908,31.63469477953908,100.0
790,0,43.80034944401375,43.80034944401375,100.0
790,1,27.527813616228464,27.527813616228464,100.0
790,2,28.671836939757796,28.671836939757796,100.0
800,0,32.42343239021484,32.42343239021484,100.0
800,1,43.63104705733385,43.63104705733385,100.0
800,2,23.945520552451306,23.945520552451306,100.0
810,0,23.18600900341713,23.18600900341713,100.0
810,1,26.30197427850144,26.30197427850144,100.0
810,2,50.51201671808143,50.51201671808143,100.0
820,0,31.17834027683172,31.17834027683172,100.0
820,1,49.391529431240514,49.391529431240514,100.0
820,2,19.430130291927775,19.430130291927775,100.0
830,0,39.02361793202422,39.02361793202422,100.0
830,1,36.49361159232123,36.49361159232123,100.0
830,2,24.482770475654544,24.482770475654544,100.0
840,0,46.91641631195634,46.91641631195634,100.0
840,1,25.646390451622963,25.646390451622963,100.0
840,2,27.437193236420704,27.437193236420704,100.0
850,0,38.68772573174597,38.68772573174597,100.0
850,1,38.58283236430421,38.58283236430421,100.0
850,2,22.729441903949827,22.729441903949827,100.0
860,0,38.34070728375032,38.34070728375032,100.0
860,1,44.41629852563947,44.41629852563947,100.0
860,2,17.24299419061021,17.24299419061021,100.0
870,0,25.10863337012917,25.10863337012917,100.0
870,1,50.50232806118531,50.50232806118531,100.0
870,2,24.389038568685528,24.389038568685528,100.0
880,0,26.039291505643607,26.039291505643607,100.0
880,1,31.37264074316683,31.37264074316683,100.0
880,2,42.58806775118956,42.58806775118956,100.0
890,0,32.62357092384061,32.62357092384061,100.0
890,1,45.80212465948667,45.80212465948667,100.0
890,2,21.574304416672717,21.574304416672717,100.0
900,0,37.78853011950792,37.78853011950792,100.0
900,1,34.69397000760545,34.69397000760545,100.0
900,2,27.51749987288663,27.51749987288663,100.0
910,0,23.426101160093737,23.426101160093737,100.0
910,1,27.693932758292284,27.693932758292284,100.0
910,2,48.87996608161398,48.87996608161398,100.0
920,0,34.86536648369842,34.86536648369842,100.0
920,1,45.55939859532007,45.55939859532007,100.0
920,2,19.575234920981515,19.575234920981515,100.0
930,0,27.83304154466365,27.83304154466365,100.0
930,1,37.976093955720856,37.976093955720856,100.0
930,2,34.19086449961549,34.19086449961549,100.0
940,0,31.541598429593275,31.541598429593275,100.0
940,1,28.984380253560822,28.984380253560822,100.0
940,2,39.47402131684591,39.47402131684591,100.0
950,0,24.56840476307049,24.56840476307049,100.0
950,1,30.927196659692154,30.927196659692154,100.0
950,2,44.50439857723736,44.50439857723736,100.0
960,0,42.33309440748425,42.33309440748425,100.0
960,1,32.46573002871275,32.46573002871275,100.0
960,2,25.20117556380301,25.20117556380301,100.0
970,0,27.62715181495226,27.62715181495226,100.0
970,1,42.32719071976644,42.32719071976644,100.0
970,2,30.0456574652813,30.0456574652813,100.0
980,0,49.43188922814511,49.43188922814511,100.0
980,1,28.604764982886966,28.604764982886966,100.0
980,2,21.96334578896792,21.96334578896792,100.0
990,0,35.58804910774626,35.58804910774626,100.0
990,1,44.444182528413265,44.444182528413265,100.0
990,2,19.967768363840477,19.967768363840477,100.0
1000,0,29.90699573524529,29.90699573524529,100.0
1000,1,39.45706511008184,39.45706511008184,100.0
1000,2,30.63593915467287,30.63593915467287,100.0
1010,0,33.35301653660283,33.35301653660283,100.0
1010,1,34.14094803739347,34.14094803739347,100.0
1010,2,32.5060354260037,32.5060354260037,100.0
1020,0,44.28170869851728,44.28170869851728,100.0
1020,1,26.848363450041436,26.848363450041436,100.0
1020,2,28.86992785144129,28.86992785144129,100.0
1030,0,32.383804232802696,32.383804232802696,100.0
1030,1,44.91406029565588,44.91406029565588,100.0
1030,2,22.702135471541425,22.702135471541425,100.0
1040,0,28.821510536274094,28.821510536274094,100.0
1040,1,46.51892977996525,46.51892977996525,100.0
1040,2,24.659559683760662,24.659559683760662,100.0
1050,0,32.726513833929616,32.726513833929616,100.0
1050,1,34.82221758704751,34.82221758704751,100.0
1050,2,32.45126857902289,32.45126857902289,100.0
1060,0,42.309802149826616,42.309802149826616,100.0
1060,1,24.499740312974,24.499740312974,100.0
1060,2,33.19045753719938,33.19045753719938,100.0
1070,0,37.317658745818136,37.317658745818136,100.0
1070,1,27.267931415346027,27.267931415346027,100.0
1070,2,35.41440983883583,35.41440983883583,100.0
1080,0,37.03302363990879,37.03302363990879,100.0
1080,1,42.67299105681879,42.67299105681879,100.0
1080,2,20.293985303272418,20.293985303272418,100.0
1090,0,21.994769710372587,21.994769710372587,100.0
1090,1,45.79840586994667,45.79840586994667,100.0
1090,2,32.20682441968074,32.20682441968074,100.0
1100,0,29.827805730779854,29.827805730779854,100.0
1100,1,50.112041967422726,50.112041967422726,100.0
1100,2,20.06015230179742,20.06015230179742,100.0
1110,0,28.469629263166667,28.469629263166667,100.0
1110,1,36.998932835841856,36.998932835841856,100.0
1110,2,34.531437900991484,34.531437900991484,100.0
1120,0,27.414469605931334,27.414469605931334,100.0
1120,1,38.22388867746327,38.22388867746327,100.0
1120,2,34.3616417166054,34.3616417166054,100.0
1130,0,35.101869554776464,35.101869554776464,100.0
1130,1,33.16742448418023,33.16742448418023,100.0
1130,2,31.730705961043316,31.730705961043316,100.0
1140,0,42.7242295356802,42.7242295356802,100.0
1140,1,28.04535752541304,28.04535752541304,100.0
1140,2,29.23041293890676,29.23041293890676,100.0
1150,0,48.406669588142634,48.406669588142634,100.0
1150,1,27.487968089970515,27.487968089970515,100.0
1150,2,24.105362321886847,24.105362321886847,100.0
1160,0,25.515595039064586,25.515595039064586,100.0
1160,1,29.297152545936285,29.297152545936285,100.0
1160,2,45.18725241499914,45.18725241499914,100.0
1170,0,35.23973844353287,35.23973844353287,100.0
1170,1,46.68033013453898,46.68033013453898,100.0
1170,2,18.07993142192814,18.07993142192814,100.0
1180,0,45.33137575480104,45.33137575480104,100.0
1180,1,31.26694413115238,31.26694413115238,100.0
1180,2,23.40168011404658,23.40168011404658,100.0
1190,0,23.631428107757774,23.631428107757774,100.0
1190,1,26.616188546768367,26.616188546768367,100.0
1190,2,49.75238334547386,49.75238334547386,100.0
1200,0,30.43183346235451,30.43183346235451,100.0
1200,1,46.722161053028046,46.722161053028046,100.0
1200,2,22.84600548461744,22.84600548461744,100.0
1210,0,49.27264486617804,49.27264486617804,100.0
1210,1,25.977018298390565,25.977018298390565,100.0
1210,2,24.7503368354314,24.7503368354314,100.0
1220,0,39.79463245217129,39.79463245217129,100.0
1220,1,38.57931490121098,38.57931490121098,100.0
1220,2,21.626052646617733,21.626052646617733,100.0
1230,0,27.68796045394278,27.68796045394278,100.0
1230,1,40.2466829914094,40.2466829914094,100.0
1230,2,32.06535655464782,32.06535655464782,100.0
1240,0,39.07347779970923,39.07347779970923,100.0
1240,1,30.24860623658815,30.24860623658815,100.0
1240,2,30.677915963702628,30.677915963702628,100.0
1250,0,40.487988699953505,40.487988699953505,100.0
1250,1,29.9981540890359,29.9981540890359,100.0
1250,2,29.513857211010595,29.513857211010595,100.0
1260,0,34.75245232979157,34.75245232979157,100.0
1260,1,33.31551287675044,33.31551287675044,100.0
1260,2,31.93203479345799,31.93203479345799,100.0
1270,0,32.75149888259653,32.75149888259653,100.0
1270,1,34.12381849356713,34.12381849356713,100.0
1270,2,33.12468262383634,33.12468262383634,100.0
1280,0,34.602475422271894,34.602475422271894,100.0
1280,1,36.58455007992226,36.58455007992226,100.0
1280,2,28.812974497805843,28.812974497805843,100.0
1290,0,29.353982379297687,29.353982379297687,100.0
1290,1,32.995979243462955,32.995979243462955,100.0
1290,2,37.65003837723936,37.65003837723936,100.0
1300,0,34.09137230464114,34.09137230464114,100.0
1300,1,42.82143789835741,42.82143789835741,100.0
1300,2,23.087189797001454,23.087189797001454,100.0
1310,0,42.16183901206495,42.16183901206495,100.0
1310,1,30.374376312376434,30.374376312376434,100.0
1310,2,27.46378467555862,27.46378467555862,100.0
1320,0,39.28691952805254,39.28691952805254,100.0
1320,1,41.42124194241759,41.42124194241759,100.0
1320,2,19.291838529529873,19.291838529529873,100.0
1330,0,38.81040719761085,38.81040719761085,100.0
1330,1,38.086626833798206,38.086626833798206,100.0
1330,2,23.10296596859094,23.10296596859094,100.0
1340,0,39.88166532549556,39.88166532549556,100.0
1340,1,33.128930583600344,33.128930583600344,100.0
1340,2,26.989404090904088,26.989404090904088,100.0
1350,0,42.54564400238896,42.54564400238896,100.0
1350,1,27.02650275867552,27.02650275867552,100.0
1350,2,30.42785323893552,30.42785323893552,100.0
1360,0,36.47824475745413,36.47824475745413,100.0
1360,1,31.491292213713628,31.491292213713628,100.0
1360,2,32.03046302883225,32.03046302883225,100.0
1370,0,23.668199087766208,23.668199087766208,100.0
1370,1,28.729244435884127,28.729244435884127,100.0
1370,2,47.60255647634967,47.60255647634967,100.0
1380,0,38.02111826188948,38.02111826188948,100.0
1380,1,30.581747508726036,30.581747508726036,100.0
1380,2,31.397134229384484,31.397134229384484,100.0
1390,0,22.22349018120126,22.22349018120126,100.0
1390,1,38.08638816897486,38.08638816897486,100.0
1390,2,39.69012164982389,39.69012164982389,100.0
1400,0,41.49938483277247,41.49938483277247,100.0
1400,1,30.20026802174361,30.20026802174361,100.0
1400,2,28.30034714548393,28.30034714548393,100.0
1410,0,30.461888063054104,30.461888063054104,100.0
1410,1,30.492793997059014,30.492793997059014,100.0
1410,2,39.04531793988688,39.04531793988688,100.0
1420,0,36.96325881222522,36.96325881222522,100.0
1420,1,42.273477987448196,42.273477987448196,100.0
1420,2,20.763263200326588,20.763263200326588,100.0
1430,0,39.813761163695226,39.813761163695226,100.0
1430,1,33.72966305179362,33.72966305179362,100.0
1430,2,26.45657578451115,26.45657578451115,100.0
1440,0,30.431224110782296,30.431224110782296,100.0
1440,1,30.976703551794778,30.976703551794778,100.0
1440,2,38.59207233742292,38.59207233742292,100.0
1450,0,46.185580713575256,46.185580713575256,100.0
1450,1,30.12455449461117,30.12455449461117,100.0
1450,2,23.68986479181357,23.68986479181357,100.0
1460,0,25.34381407557965,25.34381407557965,100.0
1460,1,51.73222624286884,51.73222624286884,100.0
1460,2,22.923959681551516,22.923959681551516,100.0
1470,0,47.814714109467154,47.814714109467154,100.0
1470,1,33.43712107214249,33.43712107214249,100.0
1470,2,18.74816481839036,18.74816481839036,100.0
1480,0,41.45467630280795,41.45467630280795,100.0
1480,1,28.917603964289412,28.917603964289412,100.0
1480,2,29.62771973290265,29.62771973290265,100.0
1490,0,43.30048158279873,43.30048158279873,100.0
1490,1,35.71996373945389,35.71996373945389,100.0
1490,2,20.979554677747387,20.979554677747387,100.0
1500,0,41.21563983249091,41.21563983249091,100.0
1500,1,32.27349772228696,32.27349772228696,100.0
1500,2,26.510862445222138,26.510862445222138,100.0
