timestamp,ueImsi,sliceId,dTxBytes,dRxBytes,plr,resourceSharePct,dLostPackets,throughputMbps,bufferBytes
560,1,0,24448,3056,87.50,49.87,14,2.4448,135441
560,2,0,24448,3056,87.50,49.87,14,2.4448,135433
560,3,0,24448,3056,87.50,49.87,14,2.4448,135427
560,4,0,24448,3056,87.50,49.87,14,2.4448,135320
560,5,0,24448,3056,87.50,49.87,14,2.4448,135415
560,6,1,390,312,20.00,28.03,1,0.2496,169
560,7,1,390,312,20.00,28.03,1,0.2496,169
560,8,1,390,312,20.00,28.03,1,0.2496,169
560,9,1,390,312,20.00,28.03,1,0.2496,169
560,10,1,390,312,20.00,28.03,1,0.2496,169
560,11,2,16000,768,95.20,22.09,119,0.6144,89733
560,12,2,16000,768,95.20,22.09,119,0.6144,89744
560,13,2,16000,768,95.20,22.09,119,0.6144,89734
560,14,2,16000,640,96.00,22.09,120,0.5120,89734
560,15,2,16000,768,95.20,22.09,119,0.6144,89802
560,16,2,16000,768,95.20,22.09,119,0.6144,89687
560,17,2,16000,768,95.20,22.09,119,0.6144,89688
560,18,2,16000,768,95.20,22.09,119,0.6144,89686
560,19,2,16000,768,95.20,22.09,119,0.6144,89797
560,20,2,16000,768,95.20,22.09,119,0.6144,89804
