timestamp,ueImsi,sliceId,dTxBytes,dRxBytes,plr,resourceSharePct,dLostPackets,throughputMbps,bufferBytes
760,1,0,25976,3056,88.24,39.82,15,2.4448,591470
760,2,0,25976,3056,88.24,39.82,15,2.4448,591403
760,3,0,25976,4584,82.35,39.82,14,3.6672,591352
760,4,0,25976,4584,82.35,39.82,14,3.6672,591327
760,5,0,25976,4584,82.35,39.82,14,3.6672,591325
760,6,1,390,546,0.00,37.82,0,0.4368,87
760,7,1,390,546,0.00,37.82,0,0.4368,87
760,8,1,390,546,0.00,37.82,0,0.4368,87
760,9,1,390,546,0.00,37.82,0,0.4368,87
760,10,1,390,546,0.00,37.82,0,0.4368,87
760,11,2,16000,896,94.40,22.36,118,0.7168,400917
760,12,2,16000,896,94.40,22.36,118,0.7168,401017
760,13,2,16000,896,94.40,22.36,118,0.7168,400874
760,14,2,16000,896,94.40,22.36,118,0.7168,400921
760,15,2,16000,896,94.40,22.36,118,0.7168,400878
760,16,2,16000,896,94.40,22.36,118,0.7168,400964
760,17,2,16000,896,94.40,22.36,118,0.7168,400935
760,18,2,16000,896,94.40,22.36,118,0.7168,400983
760,19,2,16000,896,94.40,22.36,118,0.7168,400959
760,20,2,16000,768,95.20,22.36,119,0.6144,400954
