timestamp,ueImsi,sliceId,dTxBytes,dRxBytes,plr,resourceSharePct,dLostPackets,throughputMbps,bufferBytes
1510,1,0,18336,0,100.00,31.66,12,0.0000,1693311
1510,2,0,18336,3056,83.33,31.66,10,2.4448,1468162
1510,3,0,18336,7640,58.33,31.66,7,6.1120,1148051
1510,4,0,18336,7640,58.33,31.66,7,6.1120,1326476
1510,5,0,18336,0,100.00,31.66,12,0.0000,1659033
1510,6,1,390,390,0.00,55.00,0,0.3120,87
1510,7,1,390,0,100.00,55.00,5,0.0000,579
1510,8,1,390,390,0.00,55.00,0,0.3120,87
1510,9,1,390,546,0.00,55.00,0,0.4368,87
1510,10,1,390,0,100.00,55.00,5,0.0000,138
1510,11,2,384,256,33.33,13.33,1,0.2048,74
1510,12,2,384,256,33.33,13.33,1,0.2048,137
1510,13,2,384,256,33.33,13.33,1,0.2048,137
1510,14,2,384,256,33.33,13.33,1,0.2048,137
1510,15,2,384,256,33.33,13.33,1,0.2048,109
1510,16,2,384,0,100.00,13.33,3,0.0000,474
1510,17,2,384,256,33.33,13.33,1,0.2048,137
1510,18,2,384,0,100.00,13.33,3,0.0000,1457
1510,19,2,384,256,33.33,13.33,1,0.2048,137
1510,20,2,384,256,33.33,13.33,1,0.2048,137
