timestamp,ueImsi,sliceId,dTxBytes,dRxBytes,plr,resourceSharePct,dLostPackets,throughputMbps,bufferBytes
1510,1,0,18336,0,100.00,51.67,12,0.0000,1688637
1510,2,0,18336,4584,75.00,51.67,9,3.6672,1442196
1510,3,0,18336,10696,41.67,51.67,5,8.5568,1086503
1510,4,0,18336,0,100.00,51.67,12,0.0000,1333497
1510,5,0,18336,0,100.00,51.67,12,0.0000,1678961
1510,6,1,390,390,0.00,30.00,0,0.3120,87
1510,7,1,390,0,100.00,30.00,5,0.0000,966
1510,8,1,390,390,0.00,30.00,0,0.3120,87
1510,9,1,390,156,60.00,30.00,3,0.1248,169
1510,10,1,390,1170,0.00,30.00,0,0.9360,169
1510,11,2,384,256,33.33,18.34,1,0.2048,39
1510,12,2,384,256,33.33,18.34,1,0.2048,137
1510,13,2,384,256,33.33,18.34,1,0.2048,137
1510,14,2,384,256,33.33,18.34,1,0.2048,137
1510,15,2,384,256,33.33,18.34,1,0.2048,102
1510,16,2,384,0,100.00,18.34,3,0.0000,231
1510,17,2,384,256,33.33,18.34,1,0.2048,137
1510,18,2,384,0,100.00,18.34,3,0.0000,681
1510,19,2,384,256,33.33,18.34,1,0.2048,137
1510,20,2,384,256,33.33,18.34,1,0.2048,137
