timestamp,ueImsi,sliceId,dTxBytes,dRxBytes,plr,resourceSharePct,dLostPackets,throughputMbps,bufferBytes
1510,1,0,35144,27504,21.74,49.25,5,22.0032,670960
1510,2,0,35144,33616,4.35,49.25,1,26.8928,130504
1510,3,1,1014,936,7.69,25.98,1,0.7488,87
1510,4,1,1014,936,7.69,25.98,1,0.7488,87
1510,5,2,256,256,0.00,24.77,0,0.2048,47
1510,6,2,256,256,0.00,24.77,0,0.2048,47
1510,7,2,256,256,0.00,24.77,0,0.2048,47
1510,8,2,256,0,100.00,24.77,2,0.0000,137
1510,9,2,256,256,0.00,24.77,0,0.2048,47
1510,10,2,256,256,0.00,24.77,0,0.2048,39
