timestamp,ueImsi,sliceId,dTxBytes,dRxBytes,plr,resourceSharePct,dLostPackets,throughputMbps,bufferBytes,dlBufferBytes,ulBufferBytes,macBufferBytes,congestionPct,lastDrlActionStatus
10600,1,0,194844,3940,97.11,46.66,168,0.3152,1200005,200169,1200005,1400174,13.35,applied
10600,2,0,194844,256,98.84,46.66,171,0.0205,1200005,200166,1200005,1400171,13.35,applied
10600,3,0,194844,3940,97.11,46.66,168,0.3152,1200005,200158,1200005,1400163,13.35,applied
10600,4,0,194844,256,98.84,46.66,171,0.0205,1199788,202774,1199788,1402562,13.38,applied
10600,5,0,194844,6396,95.95,46.66,166,0.5117,1200005,200163,1200005,1400168,13.35,applied
10600,6,1,0,0,0.00,30.00,0,0.0000,34,0,34,34,0.00,applied
10600,7,1,0,0,0.00,30.00,0,0.0000,19,0,19,19,0.00,applied
10600,8,1,0,0,0.00,30.00,0,0.0000,34,0,34,34,0.00,applied
10600,9,1,0,0,0.00,30.00,0,0.0000,34,0,34,34,0.00,applied
10600,10,1,0,0,0.00,30.00,0,0.0000,34,0,34,34,0.00,applied
10600,11,1,0,0,0.00,30.00,0,0.0000,34,0,34,34,0.00,applied
10600,12,1,0,0,0.00,30.00,0,0.0000,34,0,34,34,0.00,applied
10600,13,1,0,0,0.00,30.00,0,0.0000,34,0,34,34,0.00,applied
10600,14,2,63772,0,100.00,23.33,49,0.0000,6398447,6398447,51,6398498,61.02,applied
10600,15,2,63772,0,100.00,23.33,49,0.0000,6398551,6398551,34,6398585,61.02,applied
10600,16,2,63772,0,100.00,23.33,49,0.0000,6398450,6398450,51,6398501,61.02,applied
10600,17,2,63772,0,100.00,23.33,49,0.0000,6400807,6400807,51,6400858,61.04,applied
10600,18,2,63772,0,100.00,23.33,49,0.0000,6398450,6398450,51,6398501,61.02,applied
10600,19,2,63772,940,89.80,23.33,44,0.0752,6398444,6398444,51,6398495,61.02,applied
10600,20,2,63772,940,89.80,23.33,44,0.0752,6398444,6398444,51,6398495,61.02,applied
10600,21,2,63772,0,100.00,23.33,49,0.0000,6399030,6399030,51,6399081,61.03,applied
10600,22,2,63772,0,100.00,23.33,49,0.0000,6399829,6399829,51,6399880,61.03,applied
10600,23,2,63772,0,100.00,23.33,49,0.0000,6398446,6398446,51,6398497,61.02,applied
10600,24,2,63772,940,89.80,23.33,44,0.0752,6398445,6398445,51,6398496,61.02,applied
10600,25,2,63772,940,89.80,23.33,44,0.0752,6398443,6398443,51,6398494,61.02,applied
10600,26,2,63772,0,100.00,23.33,49,0.0000,6398442,6398442,51,6398493,61.02,applied
10600,27,2,63772,0,100.00,23.33,49,0.0000,6398529,6398529,51,6398580,61.02,applied
10600,28,2,63772,0,100.00,23.33,49,0.0000,6398523,6398523,51,6398574,61.02,applied
10600,29,2,63772,0,100.00,23.33,49,0.0000,6400536,6400536,51,6400587,61.04,applied
10600,30,2,63772,0,100.00,23.33,49,0.0000,6398449,6398449,51,6398500,61.02,applied
10600,31,2,63772,940,89.80,23.33,44,0.0752,6398449,6398449,51,6398500,61.02,applied
10600,32,2,63772,0,100.00,23.33,49,0.0000,6398449,6398449,51,6398500,61.02,applied
10600,33,2,63772,0,100.00,23.33,49,0.0000,6400169,6400169,51,6400220,61.04,applied
