timestamp,ueImsi,sliceId,dTxBytes,dRxBytes,plr,resourceSharePct,dLostPackets,throughputMbps,bufferBytes
560,1,0,24448,1528,93.75,39.55,15,1.2224,138178
560,2,0,24448,1528,93.75,39.55,15,1.2224,138207
560,3,0,24448,1528,93.75,39.55,15,1.2224,138081
560,4,0,24448,1528,93.75,39.55,15,1.2224,138277
560,5,0,24448,1528,93.75,39.55,15,1.2224,138098
560,6,1,390,312,20.00,27.13,1,0.2496,169
560,7,1,390,312,20.00,27.13,1,0.2496,169
560,8,1,390,312,20.00,27.13,1,0.2496,169
560,9,1,390,312,20.00,27.13,1,0.2496,169
560,10,1,390,312,20.00,27.13,1,0.2496,169
560,11,2,16000,640,96.00,33.32,120,0.5120,90265
560,12,2,16000,640,96.00,33.32,120,0.5120,90365
560,13,2,16000,640,96.00,33.32,120,0.5120,90268
560,14,2,16000,640,96.00,33.32,120,0.5120,90268
560,15,2,16000,512,96.80,33.32,121,0.4096,90422
560,16,2,16000,640,96.00,33.32,120,0.5120,90423
560,17,2,16000,768,95.20,33.32,119,0.6144,90117
560,18,2,16000,512,96.80,33.32,121,0.4096,90313
560,19,2,16000,512,96.80,33.32,121,0.4096,90322
560,20,2,16000,512,96.80,33.32,121,0.4096,90321
