timestamp,ueImsi,sliceId,dTxBytes,dRxBytes,plr,resourceSharePct,dLostPackets,throughputMbps,bufferBytes
1510,1,0,18336,18336,0.00,41.66,0,14.6688,1537
1510,2,0,18336,0,100.00,41.66,12,0.0000,1696260
1510,3,0,18336,0,100.00,41.66,12,0.0000,1685219
1510,4,0,18336,19864,0.00,41.66,0,15.8912,2258
1510,5,0,18336,4584,75.00,41.66,9,3.6672,1652586
1510,6,1,390,390,0.00,25.00,0,0.3120,87
1510,7,1,390,390,0.00,25.00,0,0.3120,87
1510,8,1,390,390,0.00,25.00,0,0.3120,87
1510,9,1,390,390,0.00,25.00,0,0.3120,87
1510,10,1,390,0,100.00,25.00,5,0.0000,5169
1510,11,2,384,256,33.33,33.34,1,0.2048,137
1510,12,2,384,256,33.33,33.34,1,0.2048,137
1510,13,2,384,0,100.00,33.34,3,0.0000,137
1510,14,2,384,0,100.00,33.34,3,0.0000,137
1510,15,2,384,0,100.00,33.34,3,0.0000,3961
1510,16,2,384,0,100.00,33.34,3,0.0000,2099
1510,17,2,384,0,100.00,33.34,3,0.0000,1061
1510,18,2,384,512,0.00,33.34,0,0.4096,137
1510,19,2,384,256,33.33,33.34,1,0.2048,137
1510,20,2,384,256,33.33,33.34,1,0.2048,137
