timestamp,ueImsi,sliceId,dTxBytes,dRxBytes,plr,resourceSharePct,dLostPackets,throughputMbps,bufferBytes
1510,1,0,18336,16808,8.33,23.73,1,13.4464,1537
1510,2,0,18336,0,100.00,23.73,12,0.0000,1643666
1510,3,0,18336,0,100.00,23.73,12,0.0000,1667158
1510,4,0,18336,16808,8.33,23.73,1,13.4464,973
1510,5,0,18336,0,100.00,23.73,12,0.0000,1648758
1510,6,1,390,390,0.00,37.23,0,0.3120,87
1510,7,1,390,390,0.00,37.23,0,0.3120,87
1510,8,1,390,390,0.00,37.23,0,0.3120,87
1510,9,1,390,390,0.00,37.23,0,0.3120,87
1510,10,1,390,0,100.00,37.23,5,0.0000,169
1510,11,2,384,256,33.33,39.04,1,0.2048,137
1510,12,2,384,256,33.33,39.04,1,0.2048,137
1510,13,2,384,0,100.00,39.04,3,0.0000,6860
1510,14,2,384,128,66.67,39.04,2,0.1024,137
1510,15,2,384,0,100.00,39.04,3,0.0000,688
1510,16,2,384,0,100.00,39.04,3,0.0000,2381
1510,17,2,384,0,100.00,39.04,3,0.0000,929
1510,18,2,384,0,100.00,39.04,3,0.0000,137
1510,19,2,384,256,33.33,39.04,1,0.2048,137
1510,20,2,384,256,33.33,39.04,1,0.2048,137
