timestamp,sliceId,dedicatedPRB,minPRB,maxPRB
510,0,29.96274593255101,29.96274593255101,100.0
510,1,38.98456428774456,38.98456428774456,100.0
510,2,31.052689779704433,31.052689779704433,100.0
520,0,38.88969874477457,38.88969874477457,100.0
520,1,29.157154759103832,29.157154759103832,100.0
520,2,31.953146496121605,31.953146496121605,100.0
530,0,23.850092788893548,23.850092788893548,100.0
530,1,55.07084898088318,55.07084898088318,100.0
530,2,21.079058230223282,21.079058230223282,100.0
540,0,33.526281117146986,33.526281117146986,100.0
540,1,40.90312383527915,40.90312383527915,100.0
540,2,25.570595047573864,25.570595047573864,100.0
550,0,31.452440089511,31.452440089511,100.0
550,1,41.655632390271066,41.655632390271066,100.0
550,2,26.89192752021793,26.89192752021793,100.0
560,0,45.37341273946257,45.37341273946257,100.0
560,1,34.263435885022034,34.263435885022034,100.0
560,2,20.363151375515404,20.363151375515404,100.0
570,0,34.00527090134952,34.00527090134952,100.0
570,1,37.199110228491115,37.199110228491115,100.0
570,2,28.795618870159366,28.795618870159366,100.0
580,0,34.444904316663894,34.444904316663894,100.0
580,1,44.307315285628675,44.307315285628675,100.0
580,2,21.247780397707434,21.247780397707434,100.0
590,0,40.94280181266823,40.94280181266823,100.0
590,1,33.499158854226486,33.499158854226486,100.0
590,2,25.558039333105288,25.558039333105288,100.0
600,0,32.03279497127864,32.03279497127864,100.0
600,1,47.7395848319631,47.7395848319631,100.0
600,2,20.227620196758256,20.227620196758256,100.0
610,0,25.82245764490269,25.82245764490269,100.0
610,1,44.58969824205824,44.58969824205824,100.0
610,2,29.587844113039075,29.587844113039075,100.0
620,0,36.673149696675345,36.673149696675345,100.0
620,1,31.32042337927968,31.32042337927968,100.0
620,2,32.00642692404497,32.00642692404497,100.0
630,0,42.1729811608847,42.1729811608847,100.0
630,1,29.363394225559723,29.363394225559723,100.0
630,2,28.46362461355557,28.46362461355557,100.0
640,0,21.846003351481354,21.846003351481354,100.0
640,1,38.3057837356448,38.3057837356448,100.0
640,2,39.848212912873855,39.848212912873855,100.0
650,0,32.68489333060709,32.68489333060709,100.0
650,1,35.05804183937641,35.05804183937641,100.0
650,2,32.2570648300165,32.2570648300165,100.0
660,0,39.19833895151074,39.19833895151074,100.0
660,1,41.991797867568046,41.991797867568046,100.0
660,2,18.80986318092121,18.80986318092121,100.0
670,0,23.056576984839616,23.056576984839616,100.0
670,1,31.585113342260428,31.585113342260428,100.0
670,2,45.358309672899956,45.358309672899956,100.0
680,0,28.26968023533344,28.26968023533344,100.0
680,1,41.68297917246405,41.68297917246405,100.0
680,2,30.04734059220252,30.04734059220252,100.0
690,0,28.315232103362987,28.315232103362987,100.0
690,1,36.00917483618566,36.00917483618566,100.0
690,2,35.67559306045136,35.67559306045136,100.0
700,0,40.96164910328719,40.96164910328719,100.0
700,1,41.21659868508705,41.21659868508705,100.0
700,2,17.821752211625757,17.821752211625757,100.0
710,0,32.35510535259536,32.35510535259536,100.0
710,1,33.28471997323418,33.28471997323418,100.0
710,2,34.360174674170466,34.360174674170466,100.0
720,0,29.056904788063743,29.056904788063743,100.0
720,1,33.713787508303156,33.713787508303156,100.0
720,2,37.22930770363311,37.22930770363311,100.0
730,0,50.15159829224437,50.15159829224437,100.0
730,1,25.88324166334034,25.88324166334034,100.0
730,2,23.965160044415303,23.965160044415303,100.0
740,0,21.740975942428143,21.740975942428143,100.0
740,1,48.3590466494355,48.3590466494355,100.0
740,2,29.899977408136362,29.899977408136362,100.0
750,0,43.257326346558344,43.257326346558344,100.0
750,1,33.2672342551679,33.2672342551679,100.0
750,2,23.47543939827375,23.47543939827375,100.0
760,0,38.12271835233912,38.12271835233912,100.0
760,1,41.13815153323661,41.13815153323661,100.0
760,2,20.73913011442427,20.73913011442427,100.0
770,0,42.0043138058146,42.0043138058146,100.0
770,1,27.633238727583244,27.633238727583244,100.0
770,2,30.362447466602156,30.362447466602156,100.0
780,0,39.81820489503159,39.81820489503159,100.0
780,1,34.29336109356969,34.29336109356969,100.0
780,2,25.88843401139872,25.88843401139872,100.0
790,0,26.79670815189211,26.79670815189211,100.0
790,1,28.576940796281097,28.576940796281097,100.0
790,2,44.626351051826795,44.626351051826795,100.0
800,0,33.64790176958836,33.64790176958836,100.0
800,1,37.00286716194283,37.00286716194283,100.0
800,2,29.349231068468807,29.349231068468807,100.0
810,0,28.911716155754984,28.911716155754984,100.0
810,1,48.070737870658114,48.070737870658114,100.0
810,2,23.0175459735869,23.0175459735869,100.0
820,0,30.170313870051608,30.170313870051608,100.0
820,1,34.50891556132867,34.50891556132867,100.0
820,2,35.32077056861973,35.32077056861973,100.0
830,0,31.757390704071796,31.757390704071796,100.0
830,1,29.428789642050695,29.428789642050695,100.0
830,2,38.813819653877516,38.813819653877516,100.0
840,0,47.102486027211654,47.102486027211654,100.0
840,1,27.11213429084421,27.11213429084421,100.0
840,2,25.785379681944136,25.785379681944136,100.0
850,0,30.415821917073195,30.415821917073195,100.0
850,1,49.865527463411446,49.865527463411446,100.0
850,2,19.718650619515362,19.718650619515362,100.0
860,0,44.34781772556672,44.34781772556672,100.0
860,1,28.249891445896374,28.249891445896374,100.0
860,2,27.402290828536913,27.402290828536913,100.0
870,0,29.27068150935948,29.27068150935948,100.0
870,1,50.60033971660116,50.60033971660116,100.0
870,2,20.128978774039364,20.128978774039364,100.0
880,0,40.95963596428595,40.95963596428595,100.0
880,1,26.108749011329536,26.108749011329536,100.0
880,2,32.93161502438453,32.93161502438453,100.0
890,0,38.30923811187123,38.30923811187123,100.0
890,1,39.191902780420165,39.191902780420165,100.0
890,2,22.498859107708608,22.498859107708608,100.0
900,0,31.3645299966532,31.3645299966532,100.0
900,1,34.65879689673059,34.65879689673059,100.0
900,2,33.97667310661621,33.97667310661621,100.0
910,0,36.396615547808096,36.396615547808096,100.0
910,1,27.636536348610107,27.636536348610107,100.0
910,2,35.966848103581796,35.966848103581796,100.0
920,0,44.822304071034544,44.822304071034544,100.0
920,1,28.37689419030054,28.37689419030054,100.0
920,2,26.80080173866492,26.80080173866492,100.0
930,0,25.092840529179455,25.092840529179455,100.0
930,1,53.11102617941077,53.11102617941077,100.0
930,2,21.796133291409774,21.796133291409774,100.0
940,0,49.99829256847398,49.99829256847398,100.0
940,1,30.748378331762254,30.748378331762254,100.0
940,2,19.25332909976377,19.25332909976377,100.0
950,0,32.005069481269075,32.005069481269075,100.0
950,1,42.56945315951578,42.56945315951578,100.0
950,2,25.425477359215147,25.425477359215147,100.0
960,0,52.19824223341393,52.19824223341393,100.0
960,1,27.419228715379372,27.419228715379372,100.0
960,2,20.382529051206717,20.382529051206717,100.0
970,0,53.55699512427019,53.55699512427019,100.0
970,1,27.109861756348796,27.109861756348796,100.0
970,2,19.333143119381027,19.333143119381027,100.0
980,0,23.26683379222807,23.26683379222807,100.0
980,1,36.11101083631795,36.11101083631795,100.0
980,2,40.622155371453985,40.622155371453985,100.0
990,0,41.58829278508025,41.58829278508025,100.0
990,1,26.500901645020587,26.500901645020587,100.0
990,2,31.910805569899164,31.910805569899164,100.0
1000,0,28.585113505457333,28.585113505457333,100.0
1000,1,28.15559337867778,28.15559337867778,100.0
1000,2,43.25929311586489,43.25929311586489,100.0
1010,0,44.06120001738305,44.06120001738305,100.0
1010,1,35.289550264365765,35.289550264365765,100.0
1010,2,20.649249718251184,20.649249718251184,100.0
1020,0,26.25733264779767,26.25733264779767,100.0
1020,1,40.82943380169874,40.82943380169874,100.0
1020,2,32.9132335505036,32.9132335505036,100.0
1030,0,25.974834386732226,25.974834386732226,100.0
1030,1,40.24737093758779,40.24737093758779,100.0
1030,2,33.777794675679985,33.777794675679985,100.0
1040,0,38.119405951157646,38.119405951157646,100.0
1040,1,33.68883867264644,33.68883867264644,100.0
1040,2,28.191755376195914,28.191755376195914,100.0
1050,0,37.95305116434428,37.95305116434428,100.0
1050,1,24.958594119442616,24.958594119442616,100.0
1050,2,37.088354716213104,37.088354716213104,100.0
1060,0,25.190118197836973,25.190118197836973,100.0
1060,1,41.08913446670457,41.08913446670457,100.0
1060,2,33.720747335458455,33.720747335458455,100.0
1070,0,46.39915196865631,46.39915196865631,100.0
1070,1,32.93992451252122,32.93992451252122,100.0
1070,2,20.66092351882246,20.66092351882246,100.0
1080,0,40.43715428786813,40.43715428786813,100.0
1080,1,28.49866737825343,28.49866737825343,100.0
1080,2,31.064178333878445,31.064178333878445,100.0
1090,0,36.720073445174464,36.720073445174464,100.0
1090,1,29.10718319969946,29.10718319969946,100.0
1090,2,34.17274335512609,34.17274335512609,100.0
1100,0,52.84598329619467,52.84598329619467,100.0
1100,1,27.743527359615815,27.743527359615815,100.0
1100,2,19.41048934418952,19.41048934418952,100.0
1110,0,32.810846869744616,32.810846869744616,100.0
1110,1,41.493728352448315,41.493728352448315,100.0
1110,2,25.695424777807073,25.695424777807073,100.0
1120,0,35.544017750783546,35.544017750783546,100.0
1120,1,41.27076954583691,41.27076954583691,100.0
1120,2,23.18521270337954,23.18521270337954,100.0
1130,0,43.609987100726606,43.609987100726606,100.0
1130,1,37.88964384247133,37.88964384247133,100.0
1130,2,18.50036905680207,18.50036905680207,100.0
1140,0,45.221968334612924,45.221968334612924,100.0
1140,1,33.09432208650023,33.09432208650023,100.0
1140,2,21.68370957888685,21.68370957888685,100.0
1150,0,43.7796403572411,43.7796403572411,100.0
1150,1,37.97470035523952,37.97470035523952,100.0
1150,2,18.245659287519377,18.245659287519377,100.0
1160,0,28.42923058179495,28.42923058179495,100.0
1160,1,42.140850315018,42.140850315018,100.0
1160,2,29.429919103187057,29.429919103187057,100.0
1170,0,39.6756277079269,39.6756277079269,100.0
1170,1,38.57431103336505,38.57431103336505,100.0
1170,2,21.750061258708055,21.750061258708055,100.0
1180,0,41.6978713016188,41.6978713016188,100.0
1180,1,40.81519312008531,40.81519312008531,100.0
1180,2,17.486935578295892,17.486935578295892,100.0
1190,0,24.24930201507981,24.24930201507981,100.0
1190,1,39.17450820193093,39.17450820193093,100.0
1190,2,36.576189782989275,36.576189782989275,100.0
1200,0,25.830610987195534,25.830610987195534,100.0
1200,1,52.53278267722607,52.53278267722607,100.0
1200,2,21.63660633557839,21.63660633557839,100.0
1210,0,42.50362664597236,42.50362664597236,100.0
1210,1,26.047859386660143,26.047859386660143,100.0
1210,2,31.448513967367496,31.448513967367496,100.0
1220,0,35.83946121340674,35.83946121340674,100.0
1220,1,36.686314723845605,36.686314723845605,100.0
1220,2,27.47422406274765,27.47422406274765,100.0
1230,0,28.949391273552827,28.949391273552827,100.0
1230,1,37.275110579824435,37.275110579824435,100.0
1230,2,33.775498146622745,33.775498146622745,100.0
1240,0,31.863770085420246,31.863770085420246,100.0
1240,1,25.570459694920817,25.570459694920817,100.0
1240,2,42.56577021965894,42.56577021965894,100.0
1250,0,35.238009047144644,35.238009047144644,100.0
1250,1,43.532137022338404,43.532137022338404,100.0
1250,2,21.229853930516953,21.229853930516953,100.0
1260,0,37.87135308505044,37.87135308505044,100.0
1260,1,38.94893723577011,38.94893723577011,100.0
1260,2,23.179709679179457,23.179709679179457,100.0
1270,0,46.34111212346213,46.34111212346213,100.0
1270,1,27.954890420243377,27.954890420243377,100.0
1270,2,25.7039974562945,25.7039974562945,100.0
1280,0,35.756926506475935,35.756926506475935,100.0
1280,1,28.897734051903374,28.897734051903374,100.0
1280,2,35.3453394416207,35.3453394416207,100.0
1290,0,27.00350015125951,27.00350015125951,100.0
1290,1,31.18224789898726,31.18224789898726,100.0
1290,2,41.814251949753235,41.814251949753235,100.0
1300,0,40.54555554858529,40.54555554858529,100.0
1300,1,38.69771258456706,38.69771258456706,100.0
1300,2,20.75673186684766,20.75673186684766,100.0
1310,0,36.53603724400237,36.53603724400237,100.0
1310,1,38.05971256919425,38.05971256919425,100.0
1310,2,25.404250186803377,25.404250186803377,100.0
1320,0,30.277797960285223,30.277797960285223,100.0
1320,1,30.972994158455958,30.972994158455958,100.0
1320,2,38.74920788125882,38.74920788125882,100.0
1330,0,42.346803949377595,42.346803949377595,100.0
1330,1,31.69401270675669,31.69401270675669,100.0
1330,2,25.95918334386573,25.95918334386573,100.0
1340,0,41.041282742678405,41.041282742678405,100.0
1340,1,28.742234758003686,28.742234758003686,100.0
1340,2,30.21648249931791,30.21648249931791,100.0
1350,0,37.73000074240302,37.73000074240302,100.0
1350,1,25.172608571890816,25.172608571890816,100.0
1350,2,37.097390685706166,37.097390685706166,100.0
1360,0,22.180265422734774,22.180265422734774,100.0
1360,1,30.862755207298402,30.862755207298402,100.0
1360,2,46.956979369966824,46.956979369966824,100.0
1370,0,37.073838752415234,37.073838752415234,100.0
1370,1,30.25376873046575,30.25376873046575,100.0
1370,2,32.672392517119015,32.672392517119015,100.0
1380,0,41.345612932534436,41.345612932534436,100.0
1380,1,27.653375147840396,27.653375147840396,100.0
1380,2,31.001011919625164,31.001011919625164,100.0
1390,0,49.405969944961136,49.405969944961136,100.0
1390,1,27.546998054856964,27.546998054856964,100.0
1390,2,23.047032000181904,23.047032000181904,100.0
1400,0,43.43501322081135,43.43501322081135,100.0
1400,1,30.781205226063573,30.781205226063573,100.0
1400,2,25.783781553125085,25.783781553125085,100.0
1410,0,37.654686637679376,37.654686637679376,100.0
1410,1,30.22451666256319,30.22451666256319,100.0
1410,2,32.120796699757435,32.120796699757435,100.0
1420,0,45.79177849640058,45.79177849640058,100.0
1420,1,24.311954993611735,24.311954993611735,100.0
1420,2,29.896266509987683,29.896266509987683,100.0
1430,0,35.068205979922574,35.068205979922574,100.0
1430,1,33.72957988246799,33.72957988246799,100.0
1430,2,31.20221413760944,31.20221413760944,100.0
1440,0,33.00222949472597,33.00222949472597,100.0
1440,1,26.28705071571512,26.28705071571512,100.0
1440,2,40.710719789558915,40.710719789558915,100.0
1450,0,41.23642201576356,41.23642201576356,100.0
1450,1,37.68791768763292,37.68791768763292,100.0
1450,2,21.075660296603527,21.075660296603527,100.0
1460,0,43.73769341503287,43.73769341503287,100.0
1460,1,34.75415633692667,34.75415633692667,100.0
1460,2,21.508150248040465,21.508150248040465,100.0
1470,0,53.15733793256398,53.15733793256398,100.0
1470,1,27.214656240344425,27.214656240344425,100.0
1470,2,19.62800582709158,19.62800582709158,100.0
1480,0,29.40867993258871,29.40867993258871,100.0
1480,1,36.95411120829407,36.95411120829407,100.0
1480,2,33.637208859117216,33.637208859117216,100.0
1490,0,34.56066004429189,34.56066004429189,100.0
1490,1,43.06701514043678,43.06701514043678,100.0
1490,2,22.372324815271337,22.372324815271337,100.0
1500,0,28.65033236331661,28.65033236331661,100.0
1500,1,39.173304867500775,39.173304867500775,100.0
1500,2,32.17636276918262,32.17636276918262,100.0
