timestamp,ueImsi,sliceId,dTxBytes,dRxBytes,plr,resourceSharePct,dLostPackets,throughputMbps,bufferBytes
560,1,0,24448,1528,93.75,30.69,15,1.2224,133952
560,2,0,24448,1528,93.75,30.69,15,1.2224,133967
560,3,0,24448,3056,87.50,30.69,14,2.4448,133970
560,4,0,24448,3056,87.50,30.69,14,2.4448,133969
560,5,0,24448,3056,87.50,30.69,14,2.4448,134064
560,6,1,390,312,20.00,43.17,1,0.2496,169
560,7,1,390,312,20.00,43.17,1,0.2496,169
560,8,1,390,312,20.00,43.17,1,0.2496,169
560,9,1,390,312,20.00,43.17,1,0.2496,169
560,10,1,390,312,20.00,43.17,1,0.2496,169
560,11,2,16000,896,94.40,26.15,118,0.7168,90977
560,12,2,16000,768,95.20,26.15,119,0.6144,90979
560,13,2,16000,768,95.20,26.15,119,0.6144,90970
560,14,2,16000,768,95.20,26.15,119,0.6144,90877
560,15,2,16000,640,96.00,26.15,120,0.5120,91022
560,16,2,16000,640,96.00,26.15,120,0.5120,90942
560,17,2,16000,768,95.20,26.15,119,0.6144,90818
560,18,2,16000,640,96.00,26.15,120,0.5120,90942
560,19,2,16000,768,95.20,26.15,119,0.6144,90937
560,20,2,16000,768,95.20,26.15,119,0.6144,91022
