timestamp,ueImsi,sliceId,dTxBytes,dRxBytes,plr,resourceSharePct,dLostPackets,throughputMbps,bufferBytes
1510,1,0,0,3056,0.00,27.00,0,2.4448,2319616
1510,2,0,0,3056,0.00,27.00,0,2.4448,2319680
1510,3,0,0,3056,0.00,27.00,0,2.4448,2319652
1510,4,0,0,3056,0.00,27.00,0,2.4448,2319501
1510,5,0,0,3056,0.00,27.00,0,2.4448,2319702
1510,6,1,0,156,0.00,42.09,0,0.1248,87
1510,7,1,0,156,0.00,42.09,0,0.1248,87
1510,8,1,0,156,0.00,42.09,0,0.1248,87
1510,9,1,0,156,0.00,42.09,0,0.1248,87
1510,10,1,0,156,0.00,42.09,0,0.1248,87
1510,11,2,0,1408,0.00,30.91,0,1.1264,1549860
1510,12,2,0,1408,0.00,30.91,0,1.1264,1549855
1510,13,2,0,1408,0.00,30.91,0,1.1264,1549860
1510,14,2,0,1408,0.00,30.91,0,1.1264,1549793
1510,15,2,0,1536,0.00,30.91,0,1.2288,1549817
1510,16,2,0,1408,0.00,30.91,0,1.1264,1549754
1510,17,2,0,1408,0.00,30.91,0,1.1264,1549824
1510,18,2,0,1408,0.00,30.91,0,1.1264,1549828
1510,19,2,0,1408,0.00,30.91,0,1.1264,1549873
1510,20,2,0,1536,0.00,30.91,0,1.2288,1549785
