timestamp,ueImsi,sliceId,dTxBytes,dRxBytes,plr,resourceSharePct,dLostPackets,throughputMbps,bufferBytes
670,1,0,25976,4584,82.35,38.83,14,3.6672,344155
670,2,0,25976,4584,82.35,38.83,14,3.6672,344144
670,3,0,25976,4584,82.35,38.83,14,3.6672,344146
670,4,0,25976,4584,82.35,38.83,14,3.6672,344078
670,5,0,25976,4584,82.35,38.83,14,3.6672,344051
670,6,1,390,390,0.00,40.66,0,0.3120,87
670,7,1,390,390,0.00,40.66,0,0.3120,87
670,8,1,390,390,0.00,40.66,0,0.3120,87
670,9,1,390,390,0.00,40.66,0,0.3120,87
670,10,1,390,390,0.00,40.66,0,0.3120,87
670,11,2,16000,1280,92.00,20.51,115,1.0240,255451
670,12,2,16000,1408,91.20,20.51,114,1.1264,255421
670,13,2,16000,1280,92.00,20.51,115,1.0240,255439
670,14,2,16000,1536,90.40,20.51,113,1.2288,255372
670,15,2,16000,1408,91.20,20.51,114,1.1264,255389
670,16,2,16000,1408,91.20,20.51,114,1.1264,255418
670,17,2,16000,1536,90.40,20.51,113,1.2288,255373
670,18,2,16000,1408,91.20,20.51,114,1.1264,255418
670,19,2,16000,1408,91.20,20.51,114,1.1264,255354
670,20,2,16000,1408,91.20,20.51,114,1.1264,255357
