timestamp,sliceId,dedicatedPRB,minPRB,maxPRB
510,0,35.41134176704566,35.41134176704566,100.0
510,1,40.340031697854485,40.340031697854485,100.0
510,2,24.248626535099863,24.248626535099863,100.0
520,0,27.254028377038914,27.254028377038914,100.0
520,1,43.890304564033,43.890304564033,100.0
520,2,28.85566705892808,28.85566705892808,100.0
530,0,35.71378882588588,35.71378882588588,100.0
530,1,37.10455558664962,37.10455558664962,100.0
530,2,27.181655587464505,27.181655587464505,100.0
540,0,44.05675391404911,44.05675391404911,100.0
540,1,38.26083588580826,38.26083588580826,100.0
540,2,17.68241020014263,17.68241020014263,100.0
550,0,29.477560369929623,29.477560369929623,100.0
550,1,49.846778685185974,49.846778685185974,100.0
550,2,20.6756609448844,20.6756609448844,100.0
560,0,28.989417034308524,28.989417034308524,100.0
560,1,50.27211752932966,50.27211752932966,100.0
560,2,20.73846543636182,20.73846543636182,100.0
570,0,29.220759354977044,29.220759354977044,100.0
570,1,34.85453966256246,34.85453966256246,100.0
570,2,35.9247009824605,35.9247009824605,100.0
580,0,27.177201853775614,27.177201853775614,100.0
580,1,42.34834750293609,42.34834750293609,100.0
580,2,30.474450643288307,30.474450643288307,100.0
590,0,24.32544797350382,24.32544797350382,100.0
590,1,31.336538396923608,31.336538396923608,100.0
590,2,44.33801362957258,44.33801362957258,100.0
600,0,42.658514607492016,42.658514607492016,100.0
600,1,32.74458681134643,32.74458681134643,100.0
600,2,24.596898581161547,24.596898581161547,100.0
610,0,40.20681514694884,40.20681514694884,100.0
610,1,40.14586436699236,40.14586436699236,100.0
610,2,19.6473204860588,19.6473204860588,100.0
620,0,43.89799107805955,43.89799107805955,100.0
620,1,24.217845825894806,24.217845825894806,100.0
620,2,31.884163096045647,31.884163096045647,100.0
630,0,29.386208062173385,29.386208062173385,100.0
630,1,27.693083255413338,27.693083255413338,100.0
630,2,42.920708682413284,42.920708682413284,100.0
640,0,22.62006782853929,22.62006782853929,100.0
640,1,47.36778213693551,47.36778213693551,100.0
640,2,30.0121500345252,30.0121500345252,100.0
650,0,27.79020868562096,27.79020868562096,100.0
650,1,46.59856688929821,46.59856688929821,100.0
650,2,25.61122442508083,25.61122442508083,100.0
660,0,49.38601793349705,49.38601793349705,100.0
660,1,29.47349901968861,29.47349901968861,100.0
660,2,21.140483046814346,21.140483046814346,100.0
670,0,34.462453360618305,34.462453360618305,100.0
670,1,25.537468996736724,25.537468996736724,100.0
670,2,40.00007764264498,40.00007764264498,100.0
680,0,25.25880778678713,25.25880778678713,100.0
680,1,40.291507458412205,40.291507458412205,100.0
680,2,34.44968475480067,34.44968475480067,100.0
690,0,26.24202545084074,26.24202545084074,100.0
690,1,39.05248190804652,39.05248190804652,100.0
690,2,34.705492641112734,34.705492641112734,100.0
700,0,26.53883826226972,26.53883826226972,100.0
700,1,34.52501672887415,34.52501672887415,100.0
700,2,38.93614500885614,38.93614500885614,100.0
710,0,32.356291283924314,32.356291283924314,100.0
710,1,38.51990472749888,38.51990472749888,100.0
710,2,29.123803988576803,29.123803988576803,100.0
720,0,22.319277309971593,22.319277309971593,100.0
720,1,25.87144411443612,25.87144411443612,100.0
720,2,51.80927857559229,51.80927857559229,100.0
730,0,26.651257156906222,26.651257156906222,100.0
730,1,51.77493101374726,51.77493101374726,100.0
730,2,21.573811829346525,21.573811829346525,100.0
740,0,43.77780080390083,43.77780080390083,100.0
740,1,29.519017455955808,29.519017455955808,100.0
740,2,26.703181740143357,26.703181740143357,100.0
750,0,42.774107602308256,42.774107602308256,100.0
750,1,30.980139831681935,30.980139831681935,100.0
750,2,26.245752566009806,26.245752566009806,100.0
760,0,23.52425756653543,23.52425756653543,100.0
760,1,54.89334813773661,54.89334813773661,100.0
760,2,21.58239429572797,21.58239429572797,100.0
770,0,42.70244334884402,42.70244334884402,100.0
770,1,25.54115843347851,25.54115843347851,100.0
770,2,31.75639821767746,31.75639821767746,100.0
780,0,33.77002459705413,33.77002459705413,100.0
780,1,35.97657849444709,35.97657849444709,100.0
780,2,30.253396908498775,30.253396908498775,100.0
790,0,25.07569923368646,25.07569923368646,100.0
790,1,39.55118958326128,39.55118958326128,100.0
790,2,35.373111183052266,35.373111183052266,100.0
800,0,28.25504118193523,28.25504118193523,100.0
800,1,39.26518516567941,39.26518516567941,100.0
800,2,32.479773652385354,32.479773652385354,100.0
810,0,36.613420990294024,36.613420990294024,100.0
810,1,35.011084988547616,35.011084988547616,100.0
810,2,28.37549402115836,28.37549402115836,100.0
820,0,34.1905014594449,34.1905014594449,100.0
820,1,38.58822721500882,38.58822721500882,100.0
820,2,27.221271325546287,27.221271325546287,100.0
830,0,41.61244876289053,41.61244876289053,100.0
830,1,30.63196477229323,30.63196477229323,100.0
830,2,27.75558646481624,27.75558646481624,100.0
840,0,46.900211771451275,46.900211771451275,100.0
840,1,30.41439679740491,30.41439679740491,100.0
840,2,22.68539143114382,22.68539143114382,100.0
850,0,47.705635593519546,47.705635593519546,100.0
850,1,25.530288845387627,25.530288845387627,100.0
850,2,26.764075561092827,26.764075561092827,100.0
860,0,47.00255868499445,47.00255868499445,100.0
860,1,30.76064517828981,30.76064517828981,100.0
860,2,22.236796136715746,22.236796136715746,100.0
870,0,32.669908585419066,32.669908585419066,100.0
870,1,45.605335336576736,45.605335336576736,100.0
870,2,21.72475607800421,21.72475607800421,100.0
880,0,32.74993565220527,32.74993565220527,100.0
880,1,44.64077482329725,44.64077482329725,100.0
880,2,22.609289524497484,22.609289524497484,100.0
890,0,29.278021366336933,29.278021366336933,100.0
890,1,48.42895105836132,48.42895105836132,100.0
890,2,22.293027575301743,22.293027575301743,100.0
900,0,24.84914599287788,24.84914599287788,100.0
900,1,43.936624761017804,43.936624761017804,100.0
900,2,31.21422924610431,31.21422924610431,100.0
910,0,28.88097060724506,28.88097060724506,100.0
910,1,43.96783017102196,43.96783017102196,100.0
910,2,27.15119922173298,27.15119922173298,100.0
920,0,29.74312654287892,29.74312654287892,100.0
920,1,26.177877597930134,26.177877597930134,100.0
920,2,44.078995859190954,44.078995859190954,100.0
930,0,24.931786322920875,24.931786322920875,100.0
930,1,53.55901584346449,53.55901584346449,100.0
930,2,21.509197833614635,21.509197833614635,100.0
940,0,34.45342980919012,34.45342980919012,100.0
940,1,37.379831775534285,37.379831775534285,100.0
940,2,28.166738415275596,28.166738415275596,100.0
950,0,21.912248081347148,21.912248081347148,100.0
950,1,40.849764943493085,40.849764943493085,100.0
950,2,37.23798697515977,37.23798697515977,100.0
960,0,23.70368294156681,23.70368294156681,100.0
960,1,38.71839346130539,38.71839346130539,100.0
960,2,37.57792359712779,37.57792359712779,100.0
970,0,38.58072311124149,38.58072311124149,100.0
970,1,27.00569816133218,27.00569816133218,100.0
970,2,34.41357872742633,34.41357872742633,100.0
980,0,24.401002596767178,24.401002596767178,100.0
980,1,31.093575063334534,31.093575063334534,100.0
980,2,44.505422339898296,44.505422339898296,100.0
990,0,32.653672970846706,32.653672970846706,100.0
990,1,43.87927956436559,43.87927956436559,100.0
990,2,23.46704746478771,23.46704746478771,100.0
1000,0,45.322612883398115,45.322612883398115,100.0
1000,1,34.63644547100721,34.63644547100721,100.0
1000,2,20.04094164559468,20.04094164559468,100.0
1010,0,28.0746152671223,28.0746152671223,100.0
1010,1,51.32612865890284,51.32612865890284,100.0
1010,2,20.59925607397487,20.59925607397487,100.0
1020,0,36.61432945463171,36.61432945463171,100.0
1020,1,41.8305431352474,41.8305431352474,100.0
1020,2,21.555127410120885,21.555127410120885,100.0
1030,0,38.30284300214984,38.30284300214984,100.0
1030,1,24.365427380383377,24.365427380383377,100.0
1030,2,37.33172961746679,37.33172961746679,100.0
1040,0,39.01891641325094,39.01891641325094,100.0
1040,1,37.97287914323783,37.97287914323783,100.0
1040,2,23.008204443511232,23.008204443511232,100.0
1050,0,39.03402082345835,39.03402082345835,100.0
1050,1,38.38019555288233,38.38019555288233,100.0
1050,2,22.585783623659335,22.585783623659335,100.0
1060,0,42.6188775962556,42.6188775962556,100.0
1060,1,39.26890367994342,39.26890367994342,100.0
1060,2,18.112218723800982,18.112218723800982,100.0
1070,0,25.28030824149917,25.28030824149917,100.0
1070,1,51.592345862875064,51.592345862875064,100.0
1070,2,23.127345895625766,23.127345895625766,100.0
1080,0,34.62440148958331,34.62440148958331,100.0
1080,1,39.28336010105359,39.28336010105359,100.0
1080,2,26.092238409363098,26.092238409363098,100.0
1090,0,27.134516278130445,27.134516278130445,100.0
1090,1,47.822910808842124,47.822910808842124,100.0
1090,2,25.04257291302744,25.04257291302744,100.0
1100,0,22.160757540988143,22.160757540988143,100.0
1100,1,36.99809946721936,36.99809946721936,100.0
1100,2,40.84114299179251,40.84114299179251,100.0
1110,0,20.84014533312162,20.84014533312162,100.0
1110,1,43.23191321751486,43.23191321751486,100.0
1110,2,35.92794144936353,35.92794144936353,100.0
1120,0,22.98302949351621,22.98302949351621,100.0
1120,1,48.85076190029745,48.85076190029745,100.0
1120,2,28.166208606186345,28.166208606186345,100.0
1130,0,26.701762084019503,26.701762084019503,100.0
1130,1,46.60622814538879,46.60622814538879,100.0
1130,2,26.692009770591707,26.692009770591707,100.0
1140,0,28.64633924994101,28.64633924994101,100.0
1140,1,44.875648575486316,44.875648575486316,100.0
1140,2,26.47801217457267,26.47801217457267,100.0
1150,0,43.30313882782699,43.30313882782699,100.0
1150,1,37.22496192278292,37.22496192278292,100.0
1150,2,19.471899249390095,19.471899249390095,100.0
1160,0,26.70032160281223,26.70032160281223,100.0
1160,1,40.913134799342274,40.913134799342274,100.0
1160,2,32.386543597845495,32.386543597845495,100.0
1170,0,32.29280039079215,32.29280039079215,100.0
1170,1,35.919294109665266,35.919294109665266,100.0
1170,2,31.78790549954258,31.78790549954258,100.0
1180,0,30.00944960982385,30.00944960982385,100.0
1180,1,35.912662596498066,35.912662596498066,100.0
1180,2,34.07788779367808,34.07788779367808,100.0
1190,0,28.948297192690426,28.948297192690426,100.0
1190,1,43.275972706810514,43.275972706810514,100.0
1190,2,27.775730100499068,27.775730100499068,100.0
1200,0,41.21582195979155,41.21582195979155,100.0
1200,1,25.89531443775888,25.89531443775888,100.0
1200,2,32.888863602449575,32.888863602449575,100.0
1210,0,25.83428464604992,25.83428464604992,100.0
1210,1,43.94421501441326,43.94421501441326,100.0
1210,2,30.22150033953682,30.22150033953682,100.0
1220,0,31.26680323681065,31.26680323681065,100.0
1220,1,46.3959133939831,46.3959133939831,100.0
1220,2,22.337283369206258,22.337283369206258,100.0
1230,0,24.95966717716125,24.95966717716125,100.0
1230,1,47.99994340111303,47.99994340111303,100.0
1230,2,27.04038942172572,27.04038942172572,100.0
1240,0,37.150181649164715,37.150181649164715,100.0
1240,1,40.64063065391371,40.64063065391371,100.0
1240,2,22.209187696921582,22.209187696921582,100.0
1250,0,39.12072669553873,39.12072669553873,100.0
1250,1,33.600513201725285,33.600513201725285,100.0
1250,2,27.278760102735994,27.278760102735994,100.0
1260,0,44.24736140078964,44.24736140078964,100.0
1260,1,27.236931289025218,27.236931289025218,100.0
1260,2,28.51570731018514,28.51570731018514,100.0
1270,0,31.19329617696951,31.19329617696951,100.0
1270,1,42.02317736624275,42.02317736624275,100.0
1270,2,26.783526456787737,26.783526456787737,100.0
1280,0,42.074556813051686,42.074556813051686,100.0
1280,1,35.2231751655306,35.2231751655306,100.0
1280,2,22.70226802141772,22.70226802141772,100.0
1290,0,36.55825509116033,36.55825509116033,100.0
1290,1,39.00450726758464,39.00450726758464,100.0
1290,2,24.437237641255035,24.437237641255035,100.0
1300,0,24.760412097368533,24.760412097368533,100.0
1300,1,34.73674678655203,34.73674678655203,100.0
1300,2,40.50284111607944,40.50284111607944,100.0
1310,0,31.858372607418627,31.858372607418627,100.0
1310,1,36.49690222399825,36.49690222399825,100.0
1310,2,31.644725168583133,31.644725168583133,100.0
1320,0,41.859114878991065,41.859114878991065,100.0
1320,1,28.796683432348264,28.796683432348264,100.0
1320,2,29.34420168866067,29.34420168866067,100.0
1330,0,34.100489793582405,34.100489793582405,100.0
1330,1,42.2380260802301,42.2380260802301,100.0
1330,2,23.661484126187496,23.661484126187496,100.0
1340,0,40.68257976110644,40.68257976110644,100.0
1340,1,41.40240455893342,41.40240455893342,100.0
1340,2,17.915015679960142,17.915015679960142,100.0
1350,0,37.59825827917516,37.59825827917516,100.0
1350,1,39.9662300964491,39.9662300964491,100.0
1350,2,22.435511624375742,22.435511624375742,100.0
1360,0,40.81926405468141,40.81926405468141,100.0
1360,1,40.20780662804084,40.20780662804084,100.0
1360,2,18.97292931727775,18.97292931727775,100.0
1370,0,29.86832792251763,29.86832792251763,100.0
1370,1,47.68687861224015,47.68687861224015,100.0
1370,2,22.444793465242224,22.444793465242224,100.0
1380,0,45.43317706726041,45.43317706726041,100.0
1380,1,32.441747623083074,32.441747623083074,100.0
1380,2,22.125075309656523,22.125075309656523,100.0
1390,0,22.358564240566643,22.358564240566643,100.0
1390,1,40.479744512560714,40.479744512560714,100.0
1390,2,37.16169124687265,37.16169124687265,100.0
1400,0,49.27484021108677,49.27484021108677,100.0
1400,1,28.84688279651426,28.84688279651426,100.0
1400,2,21.878276992398977,21.878276992398977,100.0
1410,0,22.72617840284587,22.72617840284587,100.0
1410,1,46.77494498499267,46.77494498499267,100.0
1410,2,30.498876612161464,30.498876612161464,100.0
1420,0,45.66669164560634,45.66669164560634,100.0
1420,1,27.706500061706897,27.706500061706897,100.0
1420,2,26.626808292686764,26.626808292686764,100.0
1430,0,20.909185283036926,20.909185283036926,100.0
1430,1,46.83235700781192,46.83235700781192,100.0
1430,2,32.25845770915116,32.25845770915116,100.0
1440,0,27.424539504195376,27.424539504195376,100.0
1440,1,49.34387211297053,49.34387211297053,100.0
1440,2,23.231588382834094,23.231588382834094,100.0
1450,0,26.576780059791233,26.576780059791233,100.0
1450,1,48.79053790211497,48.79053790211497,100.0
1450,2,24.632682038093805,24.632682038093805,100.0
1460,0,23.102648246941847,23.102648246941847,100.0
1460,1,41.83704439347969,41.83704439347969,100.0
1460,2,35.06030735957846,35.06030735957846,100.0
1470,0,35.46926720536893,35.46926720536893,100.0
1470,1,30.646669964762356,30.646669964762356,100.0
1470,2,33.88406282986871,33.88406282986871,100.0
1480,0,49.398286246849274,49.398286246849274,100.0
1480,1,27.94287757599152,27.94287757599152,100.0
1480,2,22.658836177159202,22.658836177159202,100.0
1490,0,29.11139373911415,29.11139373911415,100.0
1490,1,29.340785147190367,29.340785147190367,100.0
1490,2,41.54782111369549,41.54782111369549,100.0
1500,0,30.74042676101003,30.74042676101003,100.0
1500,1,32.72846964470577,32.72846964470577,100.0
1500,2,36.5311035942842,36.5311035942842,100.0
