timestamp,ueImsi,sliceId,dTxBytes,dRxBytes,plr,resourceSharePct,dLostPackets,throughputMbps,bufferBytes
1510,1,0,18336,16808,8.33,27.32,1,13.4464,1537
1510,2,0,18336,0,100.00,27.32,12,0.0000,1702361
1510,3,0,18336,0,100.00,27.32,12,0.0000,1603378
1510,4,0,18336,16808,8.33,27.32,1,13.4464,1699
1510,5,0,18336,0,100.00,27.32,12,0.0000,1690828
1510,6,1,390,390,0.00,35.46,0,0.3120,87
1510,7,1,390,390,0.00,35.46,0,0.3120,87
1510,8,1,390,390,0.00,35.46,0,0.3120,87
1510,9,1,390,390,0.00,35.46,0,0.3120,87
1510,10,1,390,0,100.00,35.46,5,0.0000,374
1510,11,2,384,256,33.33,37.22,1,0.2048,137
1510,12,2,384,256,33.33,37.22,1,0.2048,137
1510,13,2,384,768,0.00,37.22,0,0.6144,137
1510,14,2,384,0,100.00,37.22,3,0.0000,137
1510,15,2,384,0,100.00,37.22,3,0.0000,401
1510,16,2,384,0,100.00,37.22,3,0.0000,1061
1510,17,2,384,0,100.00,37.22,3,0.0000,137
1510,18,2,384,0,100.00,37.22,3,0.0000,137
1510,19,2,384,256,33.33,37.22,1,0.2048,137
1510,20,2,384,256,33.33,37.22,1,0.2048,137
