timestamp,ueImsi,sliceId,dTxBytes,dRxBytes,plr,resourceSharePct,dLostPackets,throughputMbps,bufferBytes
560,1,0,24448,3056,87.50,41.66,14,2.4448,138886
560,2,0,24448,1528,93.75,41.66,15,1.2224,137833
560,3,0,24448,1528,93.75,41.66,15,1.2224,137895
560,4,0,24448,1528,93.75,41.66,15,1.2224,137408
560,5,0,24448,1528,93.75,41.66,15,1.2224,137417
560,6,1,780,624,20.00,40.00,2,0.4992,87
560,7,1,780,624,20.00,40.00,2,0.4992,87
560,8,1,780,624,20.00,40.00,2,0.4992,87
560,9,1,780,624,20.00,40.00,2,0.4992,87
560,10,1,780,624,20.00,40.00,2,0.4992,87
560,11,2,16000,512,96.80,18.34,121,0.4096,90869
560,12,2,16000,512,96.80,18.34,121,0.4096,90869
560,13,2,16000,512,96.80,18.34,121,0.4096,90869
560,14,2,16000,512,96.80,18.34,121,0.4096,90869
560,15,2,16000,512,96.80,18.34,121,0.4096,90252
560,16,2,16000,512,96.80,18.34,121,0.4096,90252
560,17,2,16000,512,96.80,18.34,121,0.4096,90252
560,18,2,16000,512,96.80,18.34,121,0.4096,90252
560,19,2,16000,512,96.80,18.34,121,0.4096,90250
560,20,2,16000,512,96.80,18.34,121,0.4096,90250
