seed,scenario,episode,step,algo_mode,reward_mode,slice_id,slice,throughput_mbps,dTxBytes,dRxBytes,bufferBytes_mean,bufferBytes_max,plr_pct,pdr_pct,dLostPackets,resourceSharePct,action_embb,action_urllc,action_mtc,scheduler_id,scheduler_name,raw_action,reward,resource_efficiency,need_allocation_match,over_allocation,under_allocation,action_smoothness_penalty,resource_efficient_shaping,outage_flag,soft_flag,terminated,truncated,sim_id
1,low_traffic,45,1,discrete,resource_efficient,0,eMBB,7.3344,70288.0,9168.0,39807.5,40330.0,86.955,13.045000000000002,40.0,66.67,66.665,20.000000000000004,13.335000000000003,0,RR(cost=1.0),[195],1.5753982241621378,0.2875607939187766,0.9330210639690119,0.01718073204258233,0.036978936030988147,0.5,0.2082844379628436,False,False,False,False,3bf02b78-044d-41c5-b6dd-dc3780973988
1,low_traffic,45,1,discrete,resource_efficient,1,URLLC,1.248,1872.0,1560.0,588.5,1090.0,37.5,62.5,9.0,20.0,66.665,20.000000000000004,13.335000000000003,0,RR(cost=1.0),[195],1.5753982241621378,0.2875607939187766,0.9330210639690119,0.01718073204258233,0.036978936030988147,0.5,0.2082844379628436,False,False,False,False,3bf02b78-044d-41c5-b6dd-dc3780973988
1,low_traffic,45,1,discrete,resource_efficient,2,MTC,0.9216,1536.0,1152.0,178.0,178.0,50.0,50.0,6.0,13.340000000000002,66.665,20.000000000000004,13.335000000000003,0,RR(cost=1.0),[195],1.5753982241621378,0.2875607939187766,0.9330210639690119,0.01718073204258233,0.036978936030988147,0.5,0.2082844379628436,False,False,False,False,3bf02b78-044d-41c5-b6dd-dc3780973988
1,low_traffic,45,2,discrete,resource_efficient,0,eMBB,2.4448,70288.0,3056.0,39807.5,40330.0,95.65,4.349999999999994,44.0,26.67,26.665000000000006,35.0,38.335,0,RR(cost=1.0),[72],1.3050200867034325,0.045044890022972205,0.5608528921659065,0.37914710783409356,0.40914710783409347,0.3999999999999999,-0.05647928669586167,False,False,False,False,3bf02b78-044d-41c5-b6dd-dc3780973988
1,low_traffic,45,2,discrete,resource_efficient,1,URLLC,0.1872,2028.0,234.0,588.5,1090.0,88.46000000000001,11.539999999999992,23.0,35.0,26.665000000000006,35.0,38.335,0,RR(cost=1.0),[72],1.3050200867034325,0.045044890022972205,0.5608528921659065,0.37914710783409356,0.40914710783409347,0.3999999999999999,-0.05647928669586167,False,False,False,False,3bf02b78-044d-41c5-b6dd-dc3780973988
1,low_traffic,45,2,discrete,resource_efficient,2,MTC,0.3072,1536.0,384.0,178.0,178.0,83.33333333333333,16.66666666666667,10.0,38.34,26.665000000000006,35.0,38.335,0,RR(cost=1.0),[72],1.3050200867034325,0.045044890022972205,0.5608528921659065,0.37914710783409356,0.40914710783409347,0.3999999999999999,-0.05647928669586167,False,False,False,False,3bf02b78-044d-41c5-b6dd-dc3780973988
1,low_traffic,45,3,discrete,resource_efficient,0,eMBB,2.4448,70288.0,3056.0,85398.5,86107.0,95.65,4.349999999999994,44.0,66.67,66.665,20.000000000000004,13.335000000000003,0,RR(cost=1.0),[195],1.4822157307011985,0.18749835198775114,0.8792694769932987,0.06073052300670126,0.09073052300670129,0.3999999999999999,0.1630613565935295,False,False,False,False,3bf02b78-044d-41c5-b6dd-dc3780973988
1,low_traffic,45,3,discrete,resource_efficient,1,URLLC,1.3728,1872.0,1716.0,1916.5,2352.0,8.335,91.66499999999999,2.0,20.0,66.665,20.000000000000004,13.335000000000003,0,RR(cost=1.0),[195],1.4822157307011985,0.18749835198775114,0.8792694769932987,0.06073052300670126,0.09073052300670129,0.3999999999999999,0.1630613565935295,False,False,False,False,3bf02b78-044d-41c5-b6dd-dc3780973988
1,low_traffic,45,3,discrete,resource_efficient,2,MTC,0.9216,1536.0,1152.0,401.0,401.0,50.0,50.0,6.0,13.340000000000002,66.665,20.000000000000004,13.335000000000003,0,RR(cost=1.0),[195],1.4822157307011985,0.18749835198775114,0.8792694769932987,0.06073052300670126,0.09073052300670129,0.3999999999999999,0.1630613565935295,False,False,False,False,3bf02b78-044d-41c5-b6dd-dc3780973988
1,low_traffic,45,4,discrete,resource_efficient,0,eMBB,0.0,70288.0,0.0,140438.5,142718.0,100.0,0.0,46.0,26.66,26.664999999999996,60.0,13.334999999999997,0,RR(cost=1.0),[87],1.2137196350798367,0.008955916801380876,0.5188037122071377,0.4211962877928622,0.45119628779286236,0.4,-0.08892658931544122,False,False,False,False,3bf02b78-044d-41c5-b6dd-dc3780973988
1,low_traffic,45,4,discrete,resource_efficient,1,URLLC,0.18719999999999998,2028.0,234.0,2279.0,2789.0,88.465,11.534999999999997,23.0,60.0,26.664999999999996,60.0,13.334999999999997,0,RR(cost=1.0),[87],1.2137196350798367,0.008955916801380876,0.5188037122071377,0.4211962877928622,0.45119628779286236,0.4,-0.08892658931544122,False,False,False,False,3bf02b78-044d-41c5-b6dd-dc3780973988
1,low_traffic,45,4,discrete,resource_efficient,2,MTC,0.0,1536.0,0.0,562.3333333333334,760.0,100.0,0.0,12.0,13.33,26.664999999999996,60.0,13.334999999999997,0,RR(cost=1.0),[87],1.2137196350798367,0.008955916801380876,0.5188037122071377,0.4211962877928622,0.45119628779286236,0.4,-0.08892658931544122,False,False,False,False,3bf02b78-044d-41c5-b6dd-dc3780973988
1,low_traffic,45,5,discrete,resource_efficient,0,eMBB,3.6672,70288.0,4584.0,172844.5,173516.0,93.47999999999999,6.52000000000001,43.0,21.66,21.665,65.0,13.334999999999999,0,RR(cost=1.0),[60],-0.3333,0.09687359749865525,0.40363189379308184,0.5363681062069181,0.5663681062069181,0.05000000000000002,0.0,True,False,False,False,3bf02b78-044d-41c5-b6dd-dc3780973988
1,low_traffic,45,5,discrete,resource_efficient,1,URLLC,4.1184,1872.0,5148.0,214.0,315.0,0.0,100.0,0.0,65.0,21.665,65.0,13.334999999999999,0,RR(cost=1.0),[60],-0.3333,0.09687359749865525,0.40363189379308184,0.5363681062069181,0.5663681062069181,0.05000000000000002,0.0,False,False,False,False,3bf02b78-044d-41c5-b6dd-dc3780973988
1,low_traffic,45,5,discrete,resource_efficient,2,MTC,1.7408000000000001,1536.0,2176.0,191.5,611.0,33.333333333333336,66.66666666666666,4.0,13.33,21.665,65.0,13.334999999999999,0,RR(cost=1.0),[60],-0.3333,0.09687359749865525,0.40363189379308184,0.5363681062069181,0.5663681062069181,0.05000000000000002,0.0,False,False,False,False,3bf02b78-044d-41c5-b6dd-dc3780973988
1,low_traffic,45,6,discrete,resource_efficient,0,eMBB,8.5568,70288.0,10696.0,192636.0,196819.0,84.785,15.215000000000003,39.0,26.66,26.665,45.0,28.335,2,BCQI(cost=2.0),[80],-0.3333,0.1284454836250009,0.4679745578886989,0.47202544211130115,0.5020254421113011,0.2,0.0,True,False,False,False,3bf02b78-044d-41c5-b6dd-dc3780973988
1,low_traffic,45,6,discrete,resource_efficient,1,URLLC,2.7456,2028.0,3432.0,169.0,169.0,0.0,100.0,0.0,45.0,26.665,45.0,28.335,2,BCQI(cost=2.0),[80],-0.3333,0.1284454836250009,0.4679745578886989,0.47202544211130115,0.5020254421113011,0.2,0.0,False,False,False,False,3bf02b78-044d-41c5-b6dd-dc3780973988
1,low_traffic,45,6,discrete,resource_efficient,2,MTC,0.6144000000000001,1536.0,768.0,110.0,137.0,50.0,50.0,6.0,28.34,26.665,45.0,28.335,2,BCQI(cost=2.0),[80],-0.3333,0.1284454836250009,0.4679745578886989,0.47202544211130115,0.5020254421113011,0.2,0.0,False,False,False,False,3bf02b78-044d-41c5-b6dd-dc3780973988
1,low_traffic,45,7,discrete,resource_efficient,0,eMBB,17.1136,70288.0,21392.0,222186.0,237066.0,69.565,30.435000000000002,32.0,51.66,51.66499999999999,20.0,28.335,2,BCQI(cost=2.0),[170],0.0,0.30400271351705155,0.7280591849034603,0.21194081509653973,0.24194081509653978,0.24999999999999997,0.0,False,True,False,False,3bf02b78-044d-41c5-b6dd-dc3780973988
1,low_traffic,45,7,discrete,resource_efficient,1,URLLC,1.3728,1872.0,1716.0,206.0,325.0,12.5,87.5,3.0,20.0,51.66499999999999,20.0,28.335,2,BCQI(cost=2.0),[170],0.0,0.30400271351705155,0.7280591849034603,0.21194081509653973,0.24194081509653978,0.24999999999999997,0.0,False,False,False,False,3bf02b78-044d-41c5-b6dd-dc3780973988
1,low_traffic,45,7,discrete,resource_efficient,2,MTC,0.9216,1536.0,1152.0,96.33333333333333,137.0,50.0,50.0,6.0,28.34,51.66499999999999,20.0,28.335,2,BCQI(cost=2.0),[170],0.0,0.30400271351705155,0.7280591849034603,0.21194081509653973,0.24194081509653978,0.24999999999999997,0.0,False,False,False,False,3bf02b78-044d-41c5-b6dd-dc3780973988
1,low_traffic,45,8,discrete,resource_efficient,0,eMBB,15.8912,70288.0,19864.0,245083.5,266799.0,71.74,28.260000000000005,33.0,26.66,26.664999999999996,60.0,13.334999999999997,0,RR(cost=1.0),[87],0.0,0.17636536131595015,0.46913478073042525,0.47086521926957464,0.5008652192695748,0.4,0.0,False,True,False,False,3bf02b78-044d-41c5-b6dd-dc3780973988
1,low_traffic,45,8,discrete,resource_efficient,1,URLLC,1.56,2028.0,1950.0,87.0,87.0,3.845,96.155,1.0,60.0,26.664999999999996,60.0,13.334999999999997,0,RR(cost=1.0),[87],0.0,0.17636536131595015,0.46913478073042525,0.47086521926957464,0.5008652192695748,0.4,0.0,False,False,False,False,3bf02b78-044d-41c5-b6dd-dc3780973988
1,low_traffic,45,8,discrete,resource_efficient,2,MTC,0.6144000000000001,1536.0,768.0,120.66666666666667,137.0,50.0,50.0,6.0,13.33,26.664999999999996,60.0,13.334999999999997,0,RR(cost=1.0),[87],0.0,0.17636536131595015,0.46913478073042525,0.47086521926957464,0.5008652192695748,0.4,0.0,False,False,False,False,3bf02b78-044d-41c5-b6dd-dc3780973988
1,low_traffic,45,9,discrete,resource_efficient,0,eMBB,8.5568,70288.0,10696.0,263920.5,280951.0,84.785,15.215000000000003,39.0,21.66,21.665,40.0,38.334999999999994,1,PF(cost=2.0),[46],0.7804738063722882,0.11143101026547121,0.4107730635401281,0.5292269364598718,0.559226936459872,0.24999999999999994,-0.1257499598228289,False,False,False,False,3bf02b78-044d-41c5-b6dd-dc3780973988
1,low_traffic,45,9,discrete,resource_efficient,1,URLLC,1.7472,1872.0,2184.0,87.0,87.0,0.0,100.0,0.0,40.0,21.665,40.0,38.334999999999994,1,PF(cost=2.0),[46],0.7804738063722882,0.11143101026547121,0.4107730635401281,0.5292269364598718,0.559226936459872,0.24999999999999994,-0.1257499598228289,False,False,False,False,3bf02b78-044d-41c5-b6dd-dc3780973988
1,low_traffic,45,9,discrete,resource_efficient,2,MTC,0.6144000000000001,1536.0,768.0,146.5,194.0,50.0,50.0,6.0,38.32999999999999,21.665,40.0,38.334999999999994,1,PF(cost=2.0),[46],0.7804738063722882,0.11143101026547121,0.4107730635401281,0.5292269364598718,0.559226936459872,0.24999999999999994,-0.1257499598228289,False,False,False,False,3bf02b78-044d-41c5-b6dd-dc3780973988
1,low_traffic,45,10,discrete,resource_efficient,0,eMBB,12.224,70288.0,15280.0,301551.0,334977.0,78.26,21.739999999999995,36.0,26.66,26.664999999999996,60.0,13.334999999999997,0,RR(cost=1.0),[87],1.326371654862284,0.14832904275857728,0.46817970152575217,0.4718202984742478,0.5018202984742479,0.24999999999999994,-0.08392637053283326,False,False,False,False,3bf02b78-044d-41c5-b6dd-dc3780973988
1,low_traffic,45,10,discrete,resource_efficient,1,URLLC,1.4352,2028.0,1794.0,87.0,87.0,11.535,88.465,3.0,60.0,26.664999999999996,60.0,13.334999999999997,0,RR(cost=1.0),[87],1.326371654862284,0.14832904275857728,0.46817970152575217,0.4718202984742478,0.5018202984742479,0.24999999999999994,-0.08392637053283326,False,False,False,False,3bf02b78-044d-41c5-b6dd-dc3780973988
1,low_traffic,45,10,discrete,resource_efficient,2,MTC,0.6144000000000001,1536.0,768.0,116.66666666666667,137.0,50.0,50.0,6.0,13.33,26.664999999999996,60.0,13.334999999999997,0,RR(cost=1.0),[87],1.326371654862284,0.14832904275857728,0.46817970152575217,0.4718202984742478,0.5018202984742479,0.24999999999999994,-0.08392637053283326,False,False,False,False,3bf02b78-044d-41c5-b6dd-dc3780973988
1,low_traffic,45,11,discrete,resource_efficient,0,eMBB,12.224,67232.0,15280.0,329045.5,368427.0,77.275,22.724999999999994,34.0,21.66,21.665,65.0,13.334999999999999,0,RR(cost=1.0),[60],1.3096392840860298,0.12745414011023487,0.43058405111477605,0.509415948885224,0.5394159488852239,0.05000000000000002,-0.1006587413090874,False,False,False,False,3bf02b78-044d-41c5-b6dd-dc3780973988
1,low_traffic,45,11,discrete,resource_efficient,1,URLLC,0.8736,1872.0,1092.0,87.0,87.0,41.665,58.335,10.0,65.0,21.665,65.0,13.334999999999999,0,RR(cost=1.0),[60],1.3096392840860298,0.12745414011023487,0.43058405111477605,0.509415948885224,0.5394159488852239,0.05000000000000002,-0.1006587413090874,False,False,False,False,3bf02b78-044d-41c5-b6dd-dc3780973988
1,low_traffic,45,11,discrete,resource_efficient,2,MTC,0.6144000000000001,1536.0,768.0,121.16666666666667,137.0,50.0,50.0,6.0,13.33,21.665,65.0,13.334999999999999,0,RR(cost=1.0),[60],1.3096392840860298,0.12745414011023487,0.43058405111477605,0.509415948885224,0.5394159488852239,0.05000000000000002,-0.1006587413090874,False,False,False,False,3bf02b78-044d-41c5-b6dd-dc3780973988
1,low_traffic,45,12,discrete,resource_efficient,0,eMBB,12.224,70288.0,15280.0,346351.0,383325.0,78.26,21.739999999999995,36.0,26.66,26.665,45.0,28.335,2,BCQI(cost=2.0),[80],0.8469989570877184,0.13400650342749648,0.5031660516785034,0.4368339483214966,0.4668339483214967,0.2,-0.0632990683073987,False,False,False,False,3bf02b78-044d-41c5-b6dd-dc3780973988
1,low_traffic,45,12,discrete,resource_efficient,1,URLLC,0.8112,2028.0,1014.0,87.0,87.0,50.0,50.0,13.0,45.0,26.665,45.0,28.335,2,BCQI(cost=2.0),[80],0.8469989570877184,0.13400650342749648,0.5031660516785034,0.4368339483214966,0.4668339483214967,0.2,-0.0632990683073987,False,False,False,False,3bf02b78-044d-41c5-b6dd-dc3780973988
1,low_traffic,45,12,discrete,resource_efficient,2,MTC,0.6144000000000001,2304.0,768.0,181.0,401.0,66.66499999999999,33.33500000000001,12.0,28.34,26.665,45.0,28.335,2,BCQI(cost=2.0),[80],0.8469989570877184,0.13400650342749648,0.5031660516785034,0.4368339483214966,0.4668339483214967,0.2,-0.0632990683073987,False,False,False,False,3bf02b78-044d-41c5-b6dd-dc3780973988
1,low_traffic,45,13,discrete,resource_efficient,0,eMBB,12.224,70288.0,15280.0,378393.0,427045.0,78.26,21.739999999999995,36.0,26.66,26.664999999999996,60.0,13.334999999999997,0,RR(cost=1.0),[87],1.3261819841130857,0.13572585881885088,0.47979090754483456,0.46020909245516534,0.49020909245516553,0.15000000000000002,-0.07448028370932909,False,False,False,False,3bf02b78-044d-41c5-b6dd-dc3780973988
1,low_traffic,45,13,discrete,resource_efficient,1,URLLC,0.8112,1872.0,1014.0,292.0,333.0,50.0,50.0,12.0,60.0,26.664999999999996,60.0,13.334999999999997,0,RR(cost=1.0),[87],1.3261819841130857,0.13572585881885088,0.47979090754483456,0.46020909245516534,0.49020909245516553,0.15000000000000002,-0.07448028370932909,False,False,False,False,3bf02b78-044d-41c5-b6dd-dc3780973988
1,low_traffic,45,13,discrete,resource_efficient,2,MTC,0.6144000000000001,1536.0,768.0,139.66666666666666,269.0,50.0,50.0,6.0,13.33,26.664999999999996,60.0,13.334999999999997,0,RR(cost=1.0),[87],1.3261819841130857,0.13572585881885088,0.47979090754483456,0.46020909245516534,0.49020909245516553,0.15000000000000002,-0.07448028370932909,False,False,False,False,3bf02b78-044d-41c5-b6dd-dc3780973988
1,low_traffic,45,14,discrete,resource_efficient,0,eMBB,12.224,70288.0,15280.0,397334.0,448988.0,78.26,21.739999999999995,36.0,16.66,16.665,25.0,58.335,2,BCQI(cost=2.0),[5],0.7425383089431553,0.11485762161245955,0.3562812653759104,0.5837187346240896,0.6137187346240895,0.45,-0.16775971645196183,False,False,False,False,3bf02b78-044d-41c5-b6dd-dc3780973988
1,low_traffic,45,14,discrete,resource_efficient,1,URLLC,3.8688,2028.0,4836.0,78.5,87.0,0.0,100.0,0.0,25.0,16.665,25.0,58.335,2,BCQI(cost=2.0),[5],0.7425383089431553,0.11485762161245955,0.3562812653759104,0.5837187346240896,0.6137187346240895,0.45,-0.16775971645196183,False,False,False,False,3bf02b78-044d-41c5-b6dd-dc3780973988
1,low_traffic,45,14,discrete,resource_efficient,2,MTC,0.6144000000000001,1536.0,768.0,161.66666666666666,285.0,50.0,50.0,6.0,58.34000000000001,16.665,25.0,58.335,2,BCQI(cost=2.0),[5],0.7425383089431553,0.11485762161245955,0.3562812653759104,0.5837187346240896,0.6137187346240895,0.45,-0.16775971645196183,False,False,False,False,3bf02b78-044d-41c5-b6dd-dc3780973988
1,low_traffic,45,15,discrete,resource_efficient,0,eMBB,12.224,70288.0,15280.0,428808.0,491706.0,78.26,21.739999999999995,36.0,16.66,16.665,40.0,43.335,0,RR(cost=1.0),[12],1.2561726576812386,0.11395702822830285,0.3543053777341014,0.5856946222658985,0.6156946222658986,0.15000000000000002,-0.15412536771387858,False,False,False,False,3bf02b78-044d-41c5-b6dd-dc3780973988
1,low_traffic,45,15,discrete,resource_efficient,1,URLLC,1.6224,1872.0,2028.0,87.0,87.0,0.0,100.0,0.0,40.0,16.665,40.0,43.335,0,RR(cost=1.0),[12],1.2561726576812386,0.11395702822830285,0.3543053777341014,0.5856946222658985,0.6156946222658986,0.15000000000000002,-0.15412536771387858,False,False,False,False,3bf02b78-044d-41c5-b6dd-dc3780973988
1,low_traffic,45,15,discrete,resource_efficient,2,MTC,0.6144000000000001,1536.0,768.0,137.0,137.0,50.0,50.0,6.0,43.34,16.665,40.0,43.335,0,RR(cost=1.0),[12],1.2561726576812386,0.11395702822830285,0.3543053777341014,0.5856946222658985,0.6156946222658986,0.15000000000000002,-0.15412536771387858,False,False,False,False,3bf02b78-044d-41c5-b6dd-dc3780973988
1,low_traffic,45,16,discrete,resource_efficient,0,eMBB,11.0016,70288.0,13752.0,451093.5,514981.0,80.435,19.564999999999998,37.0,16.67,16.665000000000003,70.0,13.335000000000003,0,RR(cost=1.0),[30],1.2470907047424602,0.11854170937780825,0.35210059445296915,0.5878994055470309,0.6178994055470308,0.3,-0.16203130145265687,False,False,False,False,3bf02b78-044d-41c5-b6dd-dc3780973988
1,low_traffic,45,16,discrete,resource_efficient,1,URLLC,1.4976,2028.0,1872.0,87.0,87.0,7.69,92.31,2.0,70.0,16.665000000000003,70.0,13.335000000000003,0,RR(cost=1.0),[30],1.2470907047424602,0.11854170937780825,0.35210059445296915,0.5878994055470309,0.6178994055470308,0.3,-0.16203130145265687,False,False,False,False,3bf02b78-044d-41c5-b6dd-dc3780973988
1,low_traffic,45,16,discrete,resource_efficient,2,MTC,1.2288000000000001,1536.0,1536.0,161.66666666666666,285.0,33.333333333333336,66.66666666666666,4.0,13.340000000000002,16.665000000000003,70.0,13.335000000000003,0,RR(cost=1.0),[30],1.2470907047424602,0.11854170937780825,0.35210059445296915,0.5878994055470309,0.6178994055470308,0.3,-0.16203130145265687,False,False,False,False,3bf02b78-044d-41c5-b6dd-dc3780973988
1,low_traffic,45,17,discrete,resource_efficient,0,eMBB,13.4464,70288.0,16808.0,485532.5,563638.0,76.08500000000001,23.914999999999992,35.0,26.66,26.664999999999996,60.0,13.334999999999997,2,BCQI(cost=2.0),[89],0.8286333818823157,0.15336198295406311,0.45550812249397665,0.48449187750602324,0.5144918775060234,0.09999999999999998,-0.0830227299128014,False,False,False,False,3bf02b78-044d-41c5-b6dd-dc3780973988
1,low_traffic,45,17,discrete,resource_efficient,1,URLLC,1.4352,1872.0,1794.0,87.0,87.0,8.335,91.66499999999999,2.0,60.0,26.664999999999996,60.0,13.334999999999997,2,BCQI(cost=2.0),[89],0.8286333818823157,0.15336198295406311,0.45550812249397665,0.48449187750602324,0.5144918775060234,0.09999999999999998,-0.0830227299128014,False,False,False,False,3bf02b78-044d-41c5-b6dd-dc3780973988
1,low_traffic,45,17,discrete,resource_efficient,2,MTC,0.6144000000000001,1536.0,768.0,161.66666666666666,269.0,50.0,50.0,6.0,13.33,26.664999999999996,60.0,13.334999999999997,2,BCQI(cost=2.0),[89],0.8286333818823157,0.15336198295406311,0.45550812249397665,0.48449187750602324,0.5144918775060234,0.09999999999999998,-0.0830227299128014,False,False,False,False,3bf02b78-044d-41c5-b6dd-dc3780973988
1,low_traffic,45,18,discrete,resource_efficient,0,eMBB,13.4464,70288.0,16808.0,502644.0,583749.0,76.08500000000001,23.914999999999992,35.0,21.66,21.665,50.0,28.335,0,RR(cost=1.0),[51],1.2930330133500396,0.13415678415913648,0.4067425745384924,0.5332574254615077,0.5632574254615076,0.14999999999999997,-0.11862309844507728,False,False,False,False,3bf02b78-044d-41c5-b6dd-dc3780973988
1,low_traffic,45,18,discrete,resource_efficient,1,URLLC,1.4352,2028.0,1794.0,87.0,87.0,11.54,88.46000000000001,3.0,50.0,21.665,50.0,28.335,0,RR(cost=1.0),[51],1.2930330133500396,0.13415678415913648,0.4067425745384924,0.5332574254615077,0.5632574254615076,0.14999999999999997,-0.11862309844507728,False,False,False,False,3bf02b78-044d-41c5-b6dd-dc3780973988
1,low_traffic,45,18,discrete,resource_efficient,2,MTC,0.6144000000000001,1536.0,768.0,183.66666666666666,401.0,50.0,50.0,6.0,28.34,21.665,50.0,28.335,0,RR(cost=1.0),[51],1.2930330133500396,0.13415678415913648,0.4067425745384924,0.5332574254615077,0.5632574254615076,0.14999999999999997,-0.11862309844507728,False,False,False,False,3bf02b78-044d-41c5-b6dd-dc3780973988
1,low_traffic,45,19,discrete,resource_efficient,0,eMBB,17.1136,70288.0,21392.0,534313.0,629148.0,69.565,30.435000000000002,32.0,16.67,16.665000000000003,70.0,13.335000000000003,0,RR(cost=1.0),[30],0.0,0.13725067142560946,0.35070130833190016,0.5892986916680998,0.6192986916680998,0.19999999999999996,0.0,False,True,False,False,3bf02b78-044d-41c5-b6dd-dc3780973988
1,low_traffic,45,19,discrete,resource_efficient,1,URLLC,1.6224,1872.0,2028.0,87.0,87.0,0.0,100.0,0.0,70.0,16.665000000000003,70.0,13.335000000000003,0,RR(cost=1.0),[30],0.0,0.13725067142560946,0.35070130833190016,0.5892986916680998,0.6192986916680998,0.19999999999999996,0.0,False,False,False,False,3bf02b78-044d-41c5-b6dd-dc3780973988
1,low_traffic,45,19,discrete,resource_efficient,2,MTC,0.6144000000000001,1536.0,768.0,137.0,137.0,50.0,50.0,6.0,13.340000000000002,16.665000000000003,70.0,13.335000000000003,0,RR(cost=1.0),[30],0.0,0.13725067142560946,0.35070130833190016,0.5892986916680998,0.6192986916680998,0.19999999999999996,0.0,False,False,False,False,3bf02b78-044d-41c5-b6dd-dc3780973988
1,low_traffic,45,20,discrete,resource_efficient,0,eMBB,13.4464,70288.0,16808.0,558442.5,657370.0,76.08500000000001,23.914999999999992,35.0,16.67,16.665000000000003,70.0,13.335000000000003,0,RR(cost=1.0),[30],1.2616871042927578,0.12549495889240708,0.3501320995776237,0.5898679004223762,0.6198679004223764,0.0,-0.1468217484749444,False,False,False,False,3bf02b78-044d-41c5-b6dd-dc3780973988
1,low_traffic,45,20,discrete,resource_efficient,1,URLLC,1.7472,2028.0,2184.0,169.0,169.0,0.0,100.0,0.0,70.0,16.665000000000003,70.0,13.335000000000003,0,RR(cost=1.0),[30],1.2616871042927578,0.12549495889240708,0.3501320995776237,0.5898679004223762,0.6198679004223764,0.0,-0.1468217484749444,False,False,False,False,3bf02b78-044d-41c5-b6dd-dc3780973988
1,low_traffic,45,20,discrete,resource_efficient,2,MTC,0.9216,1536.0,1152.0,137.0,137.0,50.0,50.0,6.0,13.340000000000002,16.665000000000003,70.0,13.335000000000003,0,RR(cost=1.0),[30],1.2616871042927578,0.12549495889240708,0.3501320995776237,0.5898679004223762,0.6198679004223764,0.0,-0.1468217484749444,False,False,False,False,3bf02b78-044d-41c5-b6dd-dc3780973988
1,low_traffic,45,21,discrete,resource_efficient,0,eMBB,9.7792,70288.0,12224.0,583442.5,689417.0,82.61,17.39,38.0,16.67,16.665000000000003,70.0,13.335000000000003,0,RR(cost=1.0),[30],1.2547710931038198,0.09918085318906301,0.34892178311815014,0.5910782168818498,0.6210782168818498,0.0,-0.1528107594912973,False,False,False,False,3bf02b78-044d-41c5-b6dd-dc3780973988
1,low_traffic,45,21,discrete,resource_efficient,1,URLLC,1.6224,1872.0,2028.0,87.0,87.0,0.0,100.0,0.0,70.0,16.665000000000003,70.0,13.335000000000003,0,RR(cost=1.0),[30],1.2547710931038198,0.09918085318906301,0.34892178311815014,0.5910782168818498,0.6210782168818498,0.0,-0.1528107594912973,False,False,False,False,3bf02b78-044d-41c5-b6dd-dc3780973988
1,low_traffic,45,21,discrete,resource_efficient,2,MTC,0.6144000000000001,1536.0,768.0,137.0,137.0,50.0,50.0,6.0,13.340000000000002,16.665000000000003,70.0,13.335000000000003,0,RR(cost=1.0),[30],1.2547710931038198,0.09918085318906301,0.34892178311815014,0.5910782168818498,0.6210782168818498,0.0,-0.1528107594912973,False,False,False,False,3bf02b78-044d-41c5-b6dd-dc3780973988
1,low_traffic,45,22,discrete,resource_efficient,0,eMBB,14.6688,70288.0,18336.0,611322.5,726512.0,73.91499999999999,26.085000000000008,34.0,16.67,16.665000000000003,70.0,13.335000000000003,0,RR(cost=1.0),[30],1.266369343189541,0.122709504804133,0.3513554067226623,0.5886445932773378,0.6186445932773377,0.0,-0.14664485500557603,False,False,False,False,3bf02b78-044d-41c5-b6dd-dc3780973988
1,low_traffic,45,22,discrete,resource_efficient,1,URLLC,1.4976,2028.0,1872.0,87.0,87.0,7.69,92.31,2.0,70.0,16.665000000000003,70.0,13.335000000000003,0,RR(cost=1.0),[30],1.266369343189541,0.122709504804133,0.3513554067226623,0.5886445932773378,0.6186445932773377,0.0,-0.14664485500557603,False,False,False,False,3bf02b78-044d-41c5-b6dd-dc3780973988
1,low_traffic,45,22,discrete,resource_efficient,2,MTC,0.6144000000000001,1536.0,768.0,117.66666666666667,137.0,50.0,50.0,6.0,13.340000000000002,16.665000000000003,70.0,13.335000000000003,0,RR(cost=1.0),[30],1.266369343189541,0.122709504804133,0.3513554067226623,0.5886445932773378,0.6186445932773377,0.0,-0.14664485500557603,False,False,False,False,3bf02b78-044d-41c5-b6dd-dc3780973988
1,low_traffic,45,23,discrete,resource_efficient,0,eMBB,6.112,67232.0,7640.0,637195.0,753485.0,88.63499999999999,11.365000000000009,39.0,16.67,16.665000000000003,70.0,13.335000000000003,0,RR(cost=1.0),[30],1.2439616322456821,0.08009656159371868,0.34405787755303563,0.5959421224469644,0.6259421224469643,0.0,-0.15954596114943492,False,False,False,False,3bf02b78-044d-41c5-b6dd-dc3780973988
1,low_traffic,45,23,discrete,resource_efficient,1,URLLC,1.6224,1872.0,2028.0,87.0,87.0,0.0,100.0,0.0,70.0,16.665000000000003,70.0,13.335000000000003,0,RR(cost=1.0),[30],1.2439616322456821,0.08009656159371868,0.34405787755303563,0.5959421224469644,0.6259421224469643,0.0,-0.15954596114943492,False,False,False,False,3bf02b78-044d-41c5-b6dd-dc3780973988
1,low_traffic,45,23,discrete,resource_efficient,2,MTC,0.6144000000000001,1536.0,768.0,137.0,137.0,50.0,50.0,6.0,13.340000000000002,16.665000000000003,70.0,13.335000000000003,0,RR(cost=1.0),[30],1.2439616322456821,0.08009656159371868,0.34405787755303563,0.5959421224469644,0.6259421224469643,0.0,-0.15954596114943492,False,False,False,False,3bf02b78-044d-41c5-b6dd-dc3780973988
1,low_traffic,45,24,discrete,resource_efficient,0,eMBB,11.0016,70288.0,13752.0,668953.0,792808.0,80.435,19.564999999999998,37.0,16.67,16.665000000000003,70.0,13.335000000000003,0,RR(cost=1.0),[30],1.2640506242047866,0.10246103191951028,0.36103079804294547,0.5789692019570545,0.6089692019570545,0.0,-0.14488931479033063,False,False,False,False,3bf02b78-044d-41c5-b6dd-dc3780973988
1,low_traffic,45,24,discrete,resource_efficient,1,URLLC,1.4976,2028.0,1872.0,87.0,87.0,7.69,92.31,2.0,70.0,16.665000000000003,70.0,13.335000000000003,0,RR(cost=1.0),[30],1.2640506242047866,0.10246103191951028,0.36103079804294547,0.5789692019570545,0.6089692019570545,0.0,-0.14488931479033063,False,False,False,False,3bf02b78-044d-41c5-b6dd-dc3780973988
1,low_traffic,45,24,discrete,resource_efficient,2,MTC,0.6144000000000001,2304.0,768.0,137.0,137.0,66.66499999999999,33.33500000000001,12.0,13.340000000000002,16.665000000000003,70.0,13.335000000000003,0,RR(cost=1.0),[30],1.2640506242047866,0.10246103191951028,0.36103079804294547,0.5789692019570545,0.6089692019570545,0.0,-0.14488931479033063,False,False,False,False,3bf02b78-044d-41c5-b6dd-dc3780973988
1,low_traffic,45,25,discrete,resource_efficient,0,eMBB,13.4464,70288.0,16808.0,694366.0,823281.0,76.08500000000001,23.914999999999992,35.0,16.67,16.665000000000003,70.0,13.335000000000003,0,RR(cost=1.0),[30],1.2625681621375677,0.11546338426556872,0.34969895581556165,0.5903010441844383,0.6203010441844383,0.0,-0.14908794965754926,False,False,False,False,3bf02b78-044d-41c5-b6dd-dc3780973988
1,low_traffic,45,25,discrete,resource_efficient,1,URLLC,1.3728,1872.0,1716.0,87.0,87.0,8.33,91.67,2.0,70.0,16.665000000000003,70.0,13.335000000000003,0,RR(cost=1.0),[30],1.2625681621375677,0.11546338426556872,0.34969895581556165,0.5903010441844383,0.6203010441844383,0.0,-0.14908794965754926,False,False,False,False,3bf02b78-044d-41c5-b6dd-dc3780973988
1,low_traffic,45,25,discrete,resource_efficient,2,MTC,0.6144000000000001,1536.0,768.0,181.0,401.0,50.0,50.0,6.0,13.340000000000002,16.665000000000003,70.0,13.335000000000003,0,RR(cost=1.0),[30],1.2625681621375677,0.11546338426556872,0.34969895581556165,0.5903010441844383,0.6203010441844383,0.0,-0.14908794965754926,False,False,False,False,3bf02b78-044d-41c5-b6dd-dc3780973988
1,low_traffic,45,26,discrete,resource_efficient,0,eMBB,12.224,70288.0,15280.0,717165.5,849912.0,78.26,21.739999999999995,36.0,21.66,21.665,50.0,28.335,0,RR(cost=1.0),[51],1.2828585216618051,0.13940521035519507,0.3925945107705261,0.547405489229474,0.5774054892294739,0.19999999999999996,-0.12856225146664532,False,False,False,False,3bf02b78-044d-41c5-b6dd-dc3780973988
1,low_traffic,45,26,discrete,resource_efficient,1,URLLC,1.6224,2028.0,2028.0,87.0,87.0,0.0,100.0,0.0,50.0,21.665,50.0,28.335,0,RR(cost=1.0),[51],1.2828585216618051,0.13940521035519507,0.3925945107705261,0.547405489229474,0.5774054892294739,0.19999999999999996,-0.12856225146664532,False,False,False,False,3bf02b78-044d-41c5-b6dd-dc3780973988
1,low_traffic,45,26,discrete,resource_efficient,2,MTC,4.4032,1536.0,5504.0,159.0,269.0,33.333333333333336,66.66666666666666,4.0,28.34,21.665,50.0,28.335,0,RR(cost=1.0),[51],1.2828585216618051,0.13940521035519507,0.3925945107705261,0.547405489229474,0.5774054892294739,0.19999999999999996,-0.12856225146664532,False,False,False,False,3bf02b78-044d-41c5-b6dd-dc3780973988
1,low_traffic,45,27,discrete,resource_efficient,0,eMBB,12.224,70288.0,15280.0,744404.0,883577.0,78.26,21.739999999999995,36.0,16.66,16.665,65.0,18.335,0,RR(cost=1.0),[27],1.2443773582133653,0.11057362993371825,0.3465245777686915,0.5934754222313084,0.6234754222313085,0.15,-0.15947052735204148,False,False,False,False,3bf02b78-044d-41c5-b6dd-dc3780973988
1,low_traffic,45,27,discrete,resource_efficient,1,URLLC,1.6224,1872.0,2028.0,251.0,251.0,0.0,100.0,0.0,65.0,16.665,65.0,18.335,0,RR(cost=1.0),[27],1.2443773582133653,0.11057362993371825,0.3465245777686915,0.5934754222313084,0.6234754222313085,0.15,-0.15947052735204148,False,False,False,False,3bf02b78-044d-41c5-b6dd-dc3780973988
1,low_traffic,45,27,discrete,resource_efficient,2,MTC,0.6144000000000001,1536.0,768.0,137.0,137.0,50.0,50.0,6.0,18.34,16.665,65.0,18.335,0,RR(cost=1.0),[27],1.2443773582133653,0.11057362993371825,0.3465245777686915,0.5934754222313084,0.6234754222313085,0.15,-0.15947052735204148,False,False,False,False,3bf02b78-044d-41c5-b6dd-dc3780973988
1,low_traffic,45,28,discrete,resource_efficient,0,eMBB,15.8912,70288.0,19864.0,766549.0,915248.0,71.74,28.260000000000005,33.0,16.66,16.665,65.0,18.335,0,RR(cost=1.0),[27],0.0,0.12887266458699778,0.34606359728314495,0.593936402716855,0.623936402716855,0.0,0.0,False,True,False,False,3bf02b78-044d-41c5-b6dd-dc3780973988
1,low_traffic,45,28,discrete,resource_efficient,1,URLLC,1.6224,2028.0,2028.0,87.0,87.0,0.0,100.0,0.0,65.0,16.665,65.0,18.335,0,RR(cost=1.0),[27],0.0,0.12887266458699778,0.34606359728314495,0.593936402716855,0.623936402716855,0.0,0.0,False,False,False,False,3bf02b78-044d-41c5-b6dd-dc3780973988
1,low_traffic,45,28,discrete,resource_efficient,2,MTC,0.6144000000000001,1536.0,768.0,137.0,137.0,50.0,50.0,6.0,18.34,16.665,65.0,18.335,0,RR(cost=1.0),[27],0.0,0.12887266458699778,0.34606359728314495,0.593936402716855,0.623936402716855,0.0,0.0,False,False,False,False,3bf02b78-044d-41c5-b6dd-dc3780973988
1,low_traffic,45,29,discrete,resource_efficient,0,eMBB,8.5568,70288.0,10696.0,795918.5,950437.0,84.785,15.215000000000003,39.0,16.66,16.665,65.0,18.335,0,RR(cost=1.0),[27],1.2487779725501826,0.0909552445339365,0.34393859574713015,0.5960614042528698,0.6260614042528698,0.0,-0.1574457936449346,False,False,False,False,3bf02b78-044d-41c5-b6dd-dc3780973988
1,low_traffic,45,29,discrete,resource_efficient,1,URLLC,1.6224,1872.0,2028.0,87.0,87.0,0.0,100.0,0.0,65.0,16.665,65.0,18.335,0,RR(cost=1.0),[27],1.2487779725501826,0.0909552445339365,0.34393859574713015,0.5960614042528698,0.6260614042528698,0.0,-0.1574457936449346,False,False,False,False,3bf02b78-044d-41c5-b6dd-dc3780973988
1,low_traffic,45,29,discrete,resource_efficient,2,MTC,0.6144000000000001,1536.0,768.0,137.0,137.0,50.0,50.0,6.0,18.34,16.665,65.0,18.335,0,RR(cost=1.0),[27],1.2487779725501826,0.0909552445339365,0.34393859574713015,0.5960614042528698,0.6260614042528698,0.0,-0.1574457936449346,False,False,False,False,3bf02b78-044d-41c5-b6dd-dc3780973988
1,low_traffic,45,30,discrete,resource_efficient,0,eMBB,15.8912,70288.0,19864.0,819170.5,983277.0,71.74,28.260000000000005,33.0,46.66,46.665,40.0,13.334999999999999,1,PF(cost=2.0),[166],0.0,0.23666956993713295,0.6472604403977926,0.29273955960220743,0.32273955960220735,0.30000000000000004,0.0,False,True,False,False,3bf02b78-044d-41c5-b6dd-dc3780973988
1,low_traffic,45,30,discrete,resource_efficient,1,URLLC,1.4976,2028.0,1872.0,87.0,87.0,7.69,92.31,2.0,40.0,46.665,40.0,13.334999999999999,1,PF(cost=2.0),[166],0.0,0.23666956993713295,0.6472604403977926,0.29273955960220743,0.32273955960220735,0.30000000000000004,0.0,False,False,False,False,3bf02b78-044d-41c5-b6dd-dc3780973988
1,low_traffic,45,30,discrete,resource_efficient,2,MTC,0.6144000000000001,1536.0,768.0,137.0,137.0,50.0,50.0,6.0,13.33,46.665,40.0,13.334999999999999,1,PF(cost=2.0),[166],0.0,0.23666956993713295,0.6472604403977926,0.29273955960220743,0.32273955960220735,0.30000000000000004,0.0,False,False,False,False,3bf02b78-044d-41c5-b6dd-dc3780973988
1,low_traffic,45,31,discrete,resource_efficient,0,eMBB,13.4464,70288.0,16808.0,845698.5,1016676.0,76.08500000000001,23.914999999999992,35.0,21.66,21.665,50.0,28.335,0,RR(cost=1.0),[51],1.2824032031218553,0.14050368226349078,0.39509220212340035,0.5449077978765996,0.5749077978765996,0.25,-0.12934394227326163,False,False,False,False,3bf02b78-044d-41c5-b6dd-dc3780973988
1,low_traffic,45,31,discrete,resource_efficient,1,URLLC,1.6224,1872.0,2028.0,87.0,87.0,0.0,100.0,0.0,50.0,21.665,50.0,28.335,0,RR(cost=1.0),[51],1.2824032031218553,0.14050368226349078,0.39509220212340035,0.5449077978765996,0.5749077978765996,0.25,-0.12934394227326163,False,False,False,False,3bf02b78-044d-41c5-b6dd-dc3780973988
1,low_traffic,45,31,discrete,resource_efficient,2,MTC,0.9216,1536.0,1152.0,205.66666666666666,549.0,50.0,50.0,6.0,28.34,21.665,50.0,28.335,0,RR(cost=1.0),[51],1.2824032031218553,0.14050368226349078,0.39509220212340035,0.5449077978765996,0.5749077978765996,0.25,-0.12934394227326163,False,False,False,False,3bf02b78-044d-41c5-b6dd-dc3780973988
1,low_traffic,45,32,discrete,resource_efficient,0,eMBB,11.0016,70288.0,13752.0,868346.5,1040484.0,80.435,19.564999999999998,37.0,16.66,16.665,65.0,18.335,0,RR(cost=1.0),[27],1.2505214093989525,0.09264671325081998,0.354405268922786,0.5855947310772139,0.615594731077214,0.15,-0.15832749599616439,False,False,False,False,3bf02b78-044d-41c5-b6dd-dc3780973988
1,low_traffic,45,32,discrete,resource_efficient,1,URLLC,1.248,2028.0,1560.0,87.0,87.0,23.08,76.92,6.0,65.0,16.665,65.0,18.335,0,RR(cost=1.0),[27],1.2505214093989525,0.09264671325081998,0.354405268922786,0.5855947310772139,0.615594731077214,0.15,-0.15832749599616439,False,False,False,False,3bf02b78-044d-41c5-b6dd-dc3780973988
1,low_traffic,45,32,discrete,resource_efficient,2,MTC,0.30720000000000003,1536.0,384.0,137.0,137.0,75.0,25.0,9.0,18.34,16.665,65.0,18.335,0,RR(cost=1.0),[27],1.2505214093989525,0.09264671325081998,0.354405268922786,0.5855947310772139,0.615594731077214,0.15,-0.15832749599616439,False,False,False,False,3bf02b78-044d-41c5-b6dd-dc3780973988
1,low_traffic,45,33,discrete,resource_efficient,0,eMBB,14.6688,70288.0,18336.0,893225.0,1071439.0,73.91499999999999,26.085000000000008,34.0,21.66,21.665,50.0,28.335,0,RR(cost=1.0),[51],1.2880973469796544,0.13963336275039634,0.39442746039076315,0.5455725396092368,0.5755725396092368,0.15,-0.12491685121546281,False,False,False,False,3bf02b78-044d-41c5-b6dd-dc3780973988
1,low_traffic,45,33,discrete,resource_efficient,1,URLLC,1.6224,1872.0,2028.0,87.0,87.0,0.0,100.0,0.0,50.0,21.665,50.0,28.335,0,RR(cost=1.0),[51],1.2880973469796544,0.13963336275039634,0.39442746039076315,0.5455725396092368,0.5755725396092368,0.15,-0.12491685121546281,False,False,False,False,3bf02b78-044d-41c5-b6dd-dc3780973988
1,low_traffic,45,33,discrete,resource_efficient,2,MTC,0.6144000000000001,1536.0,768.0,159.0,269.0,50.0,50.0,6.0,28.34,21.665,50.0,28.335,0,RR(cost=1.0),[51],1.2880973469796544,0.13963336275039634,0.39442746039076315,0.5455725396092368,0.5755725396092368,0.15,-0.12491685121546281,False,False,False,False,3bf02b78-044d-41c5-b6dd-dc3780973988
1,low_traffic,45,34,discrete,resource_efficient,0,eMBB,12.224,70288.0,15280.0,922535.5,1108626.0,78.26,21.739999999999995,36.0,21.66,21.665,20.0,58.335,0,RR(cost=1.0),[33],1.2729680438141207,0.1329522762629157,0.3941700560328265,0.5458299439671734,0.5758299439671735,0.30000000000000004,-0.13390751112772098,False,False,False,False,3bf02b78-044d-41c5-b6dd-dc3780973988
1,low_traffic,45,34,discrete,resource_efficient,1,URLLC,1.6848,2028.0,2106.0,172.5,176.0,0.0,100.0,0.0,20.0,21.665,20.0,58.335,0,RR(cost=1.0),[33],1.2729680438141207,0.1329522762629157,0.3941700560328265,0.5458299439671734,0.5758299439671735,0.30000000000000004,-0.13390751112772098,False,False,False,False,3bf02b78-044d-41c5-b6dd-dc3780973988
1,low_traffic,45,34,discrete,resource_efficient,2,MTC,0.9216,1536.0,1152.0,159.0,269.0,50.0,50.0,6.0,58.34000000000001,21.665,20.0,58.335,0,RR(cost=1.0),[33],1.2729680438141207,0.1329522762629157,0.3941700560328265,0.5458299439671734,0.5758299439671735,0.30000000000000004,-0.13390751112772098,False,False,False,False,3bf02b78-044d-41c5-b6dd-dc3780973988
1,low_traffic,45,35,discrete,resource_efficient,0,eMBB,11.0016,67232.0,13752.0,941059.5,1127819.0,79.545,20.455,35.0,21.66,21.665,60.00000000000001,18.335,0,RR(cost=1.0),[57],1.2677738765426074,0.12129803698188328,0.394290550251856,0.5457094497481441,0.5757094497481439,0.4,-0.14116606245250973,False,False,False,False,3bf02b78-044d-41c5-b6dd-dc3780973988
1,low_traffic,45,35,discrete,resource_efficient,1,URLLC,1.6848,1872.0,2106.0,87.0,87.0,0.0,100.0,0.0,60.0,21.665,60.00000000000001,18.335,0,RR(cost=1.0),[57],1.2677738765426074,0.12129803698188328,0.394290550251856,0.5457094497481441,0.5757094497481439,0.4,-0.14116606245250973,False,False,False,False,3bf02b78-044d-41c5-b6dd-dc3780973988
1,low_traffic,45,35,discrete,resource_efficient,2,MTC,0.6144000000000001,1536.0,768.0,225.83333333333334,670.0,50.0,50.0,6.0,18.34,21.665,60.00000000000001,18.335,0,RR(cost=1.0),[57],1.2677738765426074,0.12129803698188328,0.394290550251856,0.5457094497481441,0.5757094497481439,0.4,-0.14116606245250973,False,False,False,False,3bf02b78-044d-41c5-b6dd-dc3780973988
1,low_traffic,45,36,discrete,resource_efficient,0,eMBB,12.224,70288.0,15280.0,957612.5,1141099.0,78.26,21.739999999999995,36.0,16.66,16.665,65.0,18.335,0,RR(cost=1.0),[27],1.2591896420390214,0.10602766388680969,0.3536434731109038,0.5863565268890961,0.6163565268890961,0.04999999999999996,-0.15110838335609575,False,False,False,False,3bf02b78-044d-41c5-b6dd-dc3780973988
1,low_traffic,45,36,discrete,resource_efficient,1,URLLC,1.4976,2028.0,1872.0,87.0,87.0,7.69,92.31,2.0,65.0,16.665,65.0,18.335,0,RR(cost=1.0),[27],1.2591896420390214,0.10602766388680969,0.3536434731109038,0.5863565268890961,0.6163565268890961,0.04999999999999996,-0.15110838335609575,False,False,False,False,3bf02b78-044d-41c5-b6dd-dc3780973988
1,low_traffic,45,36,discrete,resource_efficient,2,MTC,0.6144000000000001,2304.0,768.0,137.0,137.0,66.66499999999999,33.33500000000001,12.0,18.34,16.665,65.0,18.335,0,RR(cost=1.0),[27],1.2591896420390214,0.10602766388680969,0.3536434731109038,0.5863565268890961,0.6163565268890961,0.04999999999999996,-0.15110838335609575,False,False,False,False,3bf02b78-044d-41c5-b6dd-dc3780973988
1,low_traffic,45,37,discrete,resource_efficient,0,eMBB,15.8912,70288.0,19864.0,964012.5,1141099.0,71.74,28.260000000000005,33.0,26.66,26.665,40.0,33.335,2,BCQI(cost=2.0),[77],0.0,0.17974324444360482,0.4409361554977578,0.49906384450224217,0.5290638445022422,0.25,0.0,False,True,False,False,3bf02b78-044d-41c5-b6dd-dc3780973988
1,low_traffic,45,37,discrete,resource_efficient,1,URLLC,1.6224,1872.0,2028.0,87.0,87.0,0.0,100.0,0.0,40.0,26.665,40.0,33.335,2,BCQI(cost=2.0),[77],0.0,0.17974324444360482,0.4409361554977578,0.49906384450224217,0.5290638445022422,0.25,0.0,False,False,False,False,3bf02b78-044d-41c5-b6dd-dc3780973988
1,low_traffic,45,37,discrete,resource_efficient,2,MTC,1.6384,1536.0,2048.0,137.0,137.0,33.333333333333336,66.66666666666666,4.0,33.34,26.665,40.0,33.335,2,BCQI(cost=2.0),[77],0.0,0.17974324444360482,0.4409361554977578,0.49906384450224217,0.5290638445022422,0.25,0.0,False,False,False,False,3bf02b78-044d-41c5-b6dd-dc3780973988
1,low_traffic,45,38,discrete,resource_efficient,0,eMBB,12.224,70288.0,15280.0,1022679.5,1237249.0,78.26,21.739999999999995,36.0,21.66,21.665,60.00000000000001,18.335,0,RR(cost=1.0),[57],1.2797960194578943,0.12290359134972081,0.3948621263213885,0.5451378736786116,0.5751378736786115,0.20000000000000007,-0.13050200593722275,False,False,False,False,3bf02b78-044d-41c5-b6dd-dc3780973988
1,low_traffic,45,38,discrete,resource_efficient,1,URLLC,1.4976,2028.0,1872.0,87.0,87.0,7.69,92.31,2.0,60.0,21.665,60.00000000000001,18.335,0,RR(cost=1.0),[57],1.2797960194578943,0.12290359134972081,0.3948621263213885,0.5451378736786116,0.5751378736786115,0.20000000000000007,-0.13050200593722275,False,False,False,False,3bf02b78-044d-41c5-b6dd-dc3780973988
1,low_traffic,45,38,discrete,resource_efficient,2,MTC,0.6144000000000001,1536.0,768.0,181.0,401.0,50.0,50.0,6.0,18.34,21.665,60.00000000000001,18.335,0,RR(cost=1.0),[57],1.2797960194578943,0.12290359134972081,0.3948621263213885,0.5451378736786116,0.5751378736786115,0.20000000000000007,-0.13050200593722275,False,False,False,False,3bf02b78-044d-41c5-b6dd-dc3780973988
1,low_traffic,45,39,discrete,resource_efficient,0,eMBB,12.224,70288.0,15280.0,1041413.5,1252154.0,78.26,21.739999999999995,36.0,21.66,21.665,55.00000000000001,23.335,0,RR(cost=1.0),[54],1.2870996037556575,0.12253793342865377,0.3946566527913491,0.545343347208651,0.5753433472086509,0.05000000000000002,-0.1231984216394598,False,False,False,False,3bf02b78-044d-41c5-b6dd-dc3780973988
1,low_traffic,45,39,discrete,resource_efficient,1,URLLC,1.3728,1872.0,1716.0,87.0,87.0,8.33,91.67,2.0,55.0,21.665,55.00000000000001,23.335,0,RR(cost=1.0),[54],1.2870996037556575,0.12253793342865377,0.3946566527913491,0.545343347208651,0.5753433472086509,0.05000000000000002,-0.1231984216394598,False,False,False,False,3bf02b78-044d-41c5-b6dd-dc3780973988
1,low_traffic,45,39,discrete,resource_efficient,2,MTC,0.6144000000000001,1536.0,768.0,181.0,401.0,50.0,50.0,6.0,23.34,21.665,55.00000000000001,23.335,0,RR(cost=1.0),[54],1.2870996037556575,0.12253793342865377,0.3946566527913491,0.545343347208651,0.5753433472086509,0.05000000000000002,-0.1231984216394598,False,False,False,False,3bf02b78-044d-41c5-b6dd-dc3780973988
1,low_traffic,45,40,discrete,resource_efficient,0,eMBB,12.224,70288.0,15280.0,1070868.0,1290060.0,78.26,21.739999999999995,36.0,21.66,21.665,60.00000000000001,18.335,0,RR(cost=1.0),[57],1.2863649219275013,0.12476475515746535,0.3926899091681517,0.5473100908318483,0.5773100908318481,0.05000000000000002,-0.1239331034676159,False,False,False,False,3bf02b78-044d-41c5-b6dd-dc3780973988
1,low_traffic,45,40,discrete,resource_efficient,1,URLLC,1.6224,2028.0,2028.0,87.0,87.0,0.0,100.0,0.0,60.0,21.665,60.00000000000001,18.335,0,RR(cost=1.0),[57],1.2863649219275013,0.12476475515746535,0.3926899091681517,0.5473100908318483,0.5773100908318481,0.05000000000000002,-0.1239331034676159,False,False,False,False,3bf02b78-044d-41c5-b6dd-dc3780973988
1,low_traffic,45,40,discrete,resource_efficient,2,MTC,0.6144000000000001,1536.0,768.0,137.0,137.0,50.0,50.0,6.0,18.34,21.665,60.00000000000001,18.335,0,RR(cost=1.0),[57],1.2863649219275013,0.12476475515746535,0.3926899091681517,0.5473100908318483,0.5773100908318481,0.05000000000000002,-0.1239331034676159,False,False,False,False,3bf02b78-044d-41c5-b6dd-dc3780973988
1,low_traffic,45,41,discrete,resource_efficient,0,eMBB,12.224,70288.0,15280.0,1100838.5,1328680.0,78.26,21.739999999999995,36.0,21.66,21.665,55.00000000000001,23.335,0,RR(cost=1.0),[54],1.2798078174790417,0.12470772905976855,0.392530643502802,0.547469356497198,0.577469356497198,0.05000000000000002,-0.12404006808636511,False,False,False,False,3bf02b78-044d-41c5-b6dd-dc3780973988
1,low_traffic,45,41,discrete,resource_efficient,1,URLLC,1.6224,1872.0,2028.0,251.0,251.0,0.0,100.0,0.0,55.0,21.665,55.00000000000001,23.335,0,RR(cost=1.0),[54],1.2798078174790417,0.12470772905976855,0.392530643502802,0.547469356497198,0.577469356497198,0.05000000000000002,-0.12404006808636511,False,False,False,False,3bf02b78-044d-41c5-b6dd-dc3780973988
1,low_traffic,45,41,discrete,resource_efficient,2,MTC,0.6144000000000001,1536.0,768.0,137.0,137.0,50.0,50.0,6.0,23.34,21.665,55.00000000000001,23.335,0,RR(cost=1.0),[54],1.2798078174790417,0.12470772905976855,0.392530643502802,0.547469356497198,0.577469356497198,0.05000000000000002,-0.12404006808636511,False,False,False,False,3bf02b78-044d-41c5-b6dd-dc3780973988
1,low_traffic,45,42,discrete,resource_efficient,0,eMBB,14.6688,70288.0,18336.0,1118278.0,1350328.0,73.91499999999999,26.085000000000008,34.0,21.66,21.665,55.00000000000001,23.335,0,RR(cost=1.0),[54],1.2941446761508693,0.1386628430459177,0.39232984891094747,0.5476701510890526,0.5776701510890525,0.0,-0.11886952204424799,False,False,False,False,3bf02b78-044d-41c5-b6dd-dc3780973988
1,low_traffic,45,42,discrete,resource_efficient,1,URLLC,1.6224,2028.0,2028.0,87.0,87.0,0.0,100.0,0.0,55.0,21.665,55.00000000000001,23.335,0,RR(cost=1.0),[54],1.2941446761508693,0.1386628430459177,0.39232984891094747,0.5476701510890526,0.5776701510890525,0.0,-0.11886952204424799,False,False,False,False,3bf02b78-044d-41c5-b6dd-dc3780973988
1,low_traffic,45,42,discrete,resource_efficient,2,MTC,0.6144000000000001,1536.0,768.0,137.0,137.0,50.0,50.0,6.0,23.34,21.665,55.00000000000001,23.335,0,RR(cost=1.0),[54],1.2941446761508693,0.1386628430459177,0.39232984891094747,0.5476701510890526,0.5776701510890525,0.0,-0.11886952204424799,False,False,False,False,3bf02b78-044d-41c5-b6dd-dc3780973988
1,low_traffic,45,43,discrete,resource_efficient,0,eMBB,14.6688,70288.0,18336.0,1125846.5,1350328.0,73.91499999999999,26.085000000000008,34.0,21.66,21.665,55.00000000000001,23.335,0,RR(cost=1.0),[54],1.2956515945701734,0.14593334520581872,0.3922661562231544,0.5477338437768455,0.5777338437768456,0.0,-0.11745363722494362,False,False,False,False,3bf02b78-044d-41c5-b6dd-dc3780973988
1,low_traffic,45,43,discrete,resource_efficient,1,URLLC,1.6224,1872.0,2028.0,87.0,87.0,0.0,100.0,0.0,55.0,21.665,55.00000000000001,23.335,0,RR(cost=1.0),[54],1.2956515945701734,0.14593334520581872,0.3922661562231544,0.5477338437768455,0.5777338437768456,0.0,-0.11745363722494362,False,False,False,False,3bf02b78-044d-41c5-b6dd-dc3780973988
1,low_traffic,45,43,discrete,resource_efficient,2,MTC,0.9216,1536.0,1152.0,159.0,269.0,50.0,50.0,6.0,23.34,21.665,55.00000000000001,23.335,0,RR(cost=1.0),[54],1.2956515945701734,0.14593334520581872,0.3922661562231544,0.5477338437768455,0.5777338437768456,0.0,-0.11745363722494362,False,False,False,False,3bf02b78-044d-41c5-b6dd-dc3780973988
1,low_traffic,45,44,discrete,resource_efficient,0,eMBB,14.6688,70288.0,18336.0,1171970.5,1425375.0,73.91499999999999,26.085000000000008,34.0,21.66,21.665,55.00000000000001,23.335,0,RR(cost=1.0),[54],1.2943223278878768,0.13631540534614972,0.39340841437254936,0.5465915856274507,0.5765915856274506,0.0,-0.11869187030724043,False,False,False,False,3bf02b78-044d-41c5-b6dd-dc3780973988
1,low_traffic,45,44,discrete,resource_efficient,1,URLLC,1.4976,2028.0,1872.0,87.0,87.0,7.69,92.31,2.0,55.0,21.665,55.00000000000001,23.335,0,RR(cost=1.0),[54],1.2943223278878768,0.13631540534614972,0.39340841437254936,0.5465915856274507,0.5765915856274506,0.0,-0.11869187030724043,False,False,False,False,3bf02b78-044d-41c5-b6dd-dc3780973988
1,low_traffic,45,44,discrete,resource_efficient,2,MTC,0.6144000000000001,1536.0,768.0,159.0,269.0,50.0,50.0,6.0,23.34,21.665,55.00000000000001,23.335,0,RR(cost=1.0),[54],1.2943223278878768,0.13631540534614972,0.39340841437254936,0.5465915856274507,0.5765915856274506,0.0,-0.11869187030724043,False,False,False,False,3bf02b78-044d-41c5-b6dd-dc3780973988
1,low_traffic,45,45,discrete,resource_efficient,0,eMBB,14.6688,70288.0,18336.0,1190259.5,1445404.0,73.91499999999999,26.085000000000008,34.0,21.66,21.665,55.00000000000001,23.335,0,RR(cost=1.0),[54],1.293716352797861,0.13836115601228943,0.3917165390004764,0.5482834609995235,0.5782834609995235,0.0,-0.11929784539725623,False,False,False,False,3bf02b78-044d-41c5-b6dd-dc3780973988
1,low_traffic,45,45,discrete,resource_efficient,1,URLLC,1.6224,1872.0,2028.0,87.0,87.0,0.0,100.0,0.0,55.0,21.665,55.00000000000001,23.335,0,RR(cost=1.0),[54],1.293716352797861,0.13836115601228943,0.3917165390004764,0.5482834609995235,0.5782834609995235,0.0,-0.11929784539725623,False,False,False,False,3bf02b78-044d-41c5-b6dd-dc3780973988
1,low_traffic,45,45,discrete,resource_efficient,2,MTC,0.6144000000000001,1536.0,768.0,137.0,137.0,50.0,50.0,6.0,23.34,21.665,55.00000000000001,23.335,0,RR(cost=1.0),[54],1.293716352797861,0.13836115601228943,0.3917165390004764,0.5482834609995235,0.5782834609995235,0.0,-0.11929784539725623,False,False,False,False,3bf02b78-044d-41c5-b6dd-dc3780973988
1,low_traffic,45,46,discrete,resource_efficient,0,eMBB,11.0016,70288.0,13752.0,1210704.0,1466091.0,80.435,19.564999999999998,37.0,16.67,16.665000000000003,70.0,13.335000000000003,2,BCQI(cost=2.0),[32],0.7468410809878103,0.09077021250255714,0.34889688848696965,0.5911031115130303,0.6211031115130303,0.1499999999999999,-0.16200782440730677,False,False,False,False,3bf02b78-044d-41c5-b6dd-dc3780973988
1,low_traffic,45,46,discrete,resource_efficient,1,URLLC,1.248,2028.0,1560.0,87.0,87.0,23.08,76.92,6.0,70.0,16.665000000000003,70.0,13.335000000000003,2,BCQI(cost=2.0),[32],0.7468410809878103,0.09077021250255714,0.34889688848696965,0.5911031115130303,0.6211031115130303,0.1499999999999999,-0.16200782440730677,False,False,False,False,3bf02b78-044d-41c5-b6dd-dc3780973988
1,low_traffic,45,46,discrete,resource_efficient,2,MTC,0.30720000000000003,1536.0,384.0,139.66666666666666,153.0,75.0,25.0,9.0,13.340000000000002,16.665000000000003,70.0,13.335000000000003,2,BCQI(cost=2.0),[32],0.7468410809878103,0.09077021250255714,0.34889688848696965,0.5911031115130303,0.6211031115130303,0.1499999999999999,-0.16200782440730677,False,False,False,False,3bf02b78-044d-41c5-b6dd-dc3780973988
1,low_traffic,45,47,discrete,resource_efficient,0,eMBB,14.6688,67232.0,18336.0,1251619.5,1526699.0,72.725,27.275000000000006,32.0,16.67,16.665000000000003,70.0,13.335000000000003,2,BCQI(cost=2.0),[32],0.7619703351221316,0.13499171379510516,0.339069895168878,0.600930104831122,0.630930104831122,0.0,-0.1515597201396522,False,False,False,False,3bf02b78-044d-41c5-b6dd-dc3780973988
1,low_traffic,45,47,discrete,resource_efficient,1,URLLC,1.6224,1872.0,2028.0,87.0,87.0,0.0,100.0,0.0,70.0,16.665000000000003,70.0,13.335000000000003,2,BCQI(cost=2.0),[32],0.7619703351221316,0.13499171379510516,0.339069895168878,0.600930104831122,0.630930104831122,0.0,-0.1515597201396522,False,False,False,False,3bf02b78-044d-41c5-b6dd-dc3780973988
1,low_traffic,45,47,discrete,resource_efficient,2,MTC,2.3552,1536.0,2944.0,139.66666666666666,153.0,33.333333333333336,66.66666666666666,4.0,13.340000000000002,16.665000000000003,70.0,13.335000000000003,2,BCQI(cost=2.0),[32],0.7619703351221316,0.13499171379510516,0.339069895168878,0.600930104831122,0.630930104831122,0.0,-0.1515597201396522,False,False,False,False,3bf02b78-044d-41c5-b6dd-dc3780973988
1,low_traffic,45,48,discrete,resource_efficient,0,eMBB,9.7792,70288.0,12224.0,1276673.5,1553891.0,82.61,17.39,38.0,16.67,16.665000000000003,70.0,13.335000000000003,2,BCQI(cost=2.0),[32],0.7494183635306594,0.09375908215884106,0.3472049785519816,0.5927950214480184,0.6227950214480182,0.0,-0.1549251964370428,False,False,False,False,3bf02b78-044d-41c5-b6dd-dc3780973988
1,low_traffic,45,48,discrete,resource_efficient,1,URLLC,1.7472,2028.0,2184.0,169.0,169.0,0.0,100.0,0.0,70.0,16.665000000000003,70.0,13.335000000000003,2,BCQI(cost=2.0),[32],0.7494183635306594,0.09375908215884106,0.3472049785519816,0.5927950214480184,0.6227950214480182,0.0,-0.1549251964370428,False,False,False,False,3bf02b78-044d-41c5-b6dd-dc3780973988
1,low_traffic,45,48,discrete,resource_efficient,2,MTC,0.6144000000000001,2304.0,768.0,133.66666666666666,137.0,66.66499999999999,33.33500000000001,12.0,13.340000000000002,16.665000000000003,70.0,13.335000000000003,2,BCQI(cost=2.0),[32],0.7494183635306594,0.09375908215884106,0.3472049785519816,0.5927950214480184,0.6227950214480182,0.0,-0.1549251964370428,False,False,False,False,3bf02b78-044d-41c5-b6dd-dc3780973988
1,low_traffic,45,49,discrete,resource_efficient,0,eMBB,18.336,70288.0,22920.0,1297282.0,1587537.0,67.39,32.61,31.0,31.66,31.665,45.0,23.335,1,PF(cost=2.0),[106],0.0,0.1998341126700599,0.4911395752661234,0.44886042473387666,0.4788604247338766,0.24999999999999994,0.0,False,True,False,False,3bf02b78-044d-41c5-b6dd-dc3780973988
1,low_traffic,45,49,discrete,resource_efficient,1,URLLC,1.6224,1872.0,2028.0,87.0,87.0,0.0,100.0,0.0,45.0,31.665,45.0,23.335,1,PF(cost=2.0),[106],0.0,0.1998341126700599,0.4911395752661234,0.44886042473387666,0.4788604247338766,0.24999999999999994,0.0,False,False,False,False,3bf02b78-044d-41c5-b6dd-dc3780973988
1,low_traffic,45,49,discrete,resource_efficient,2,MTC,0.6144000000000001,1536.0,768.0,161.66666666666666,285.0,50.0,50.0,6.0,23.34,31.665,45.0,23.335,1,PF(cost=2.0),[106],0.0,0.1998341126700599,0.4911395752661234,0.44886042473387666,0.4788604247338766,0.24999999999999994,0.0,False,False,False,False,3bf02b78-044d-41c5-b6dd-dc3780973988
1,low_traffic,45,50,discrete,resource_efficient,0,eMBB,15.8912,70288.0,19864.0,1324905.5,1625139.0,71.74,28.260000000000005,33.0,21.66,21.665,65.0,13.334999999999999,0,RR(cost=1.0),[60],0.0,0.13004768425865795,0.39852734828472025,0.5414726517152797,0.5714726517152797,0.2,0.0,False,True,False,False,3bf02b78-044d-41c5-b6dd-dc3780973988
1,low_traffic,45,50,discrete,resource_efficient,1,URLLC,0.8736,2028.0,1092.0,87.0,87.0,46.155,53.845,12.0,65.0,21.665,65.0,13.334999999999999,0,RR(cost=1.0),[60],0.0,0.13004768425865795,0.39852734828472025,0.5414726517152797,0.5714726517152797,0.2,0.0,False,False,False,False,3bf02b78-044d-41c5-b6dd-dc3780973988
1,low_traffic,45,50,discrete,resource_efficient,2,MTC,0.6144000000000001,1536.0,768.0,161.66666666666666,285.0,50.0,50.0,6.0,13.33,21.665,65.0,13.334999999999999,0,RR(cost=1.0),[60],0.0,0.13004768425865795,0.39852734828472025,0.5414726517152797,0.5714726517152797,0.2,0.0,False,False,False,False,3bf02b78-044d-41c5-b6dd-dc3780973988
1,low_traffic,45,51,discrete,resource_efficient,0,eMBB,11.0016,70288.0,13752.0,1350182.5,1655282.0,80.435,19.564999999999998,37.0,16.66,16.665,25.0,58.335,0,RR(cost=1.0),[3],1.2312206973858668,0.08897599728223016,0.3483092648905062,0.5916907351094939,0.6216907351094938,0.45000000000000007,-0.1777192416092503,False,False,False,False,3bf02b78-044d-41c5-b6dd-dc3780973988
1,low_traffic,45,51,discrete,resource_efficient,1,URLLC,0.8112,1872.0,1014.0,87.0,87.0,50.0,50.0,12.0,25.0,16.665,25.0,58.335,0,RR(cost=1.0),[3],1.2312206973858668,0.08897599728223016,0.3483092648905062,0.5916907351094939,0.6216907351094938,0.45000000000000007,-0.1777192416092503,False,False,False,False,3bf02b78-044d-41c5-b6dd-dc3780973988
1,low_traffic,45,51,discrete,resource_efficient,2,MTC,0.6144000000000001,1536.0,768.0,225.0,533.0,50.0,50.0,6.0,58.34000000000001,16.665,25.0,58.335,0,RR(cost=1.0),[3],1.2312206973858668,0.08897599728223016,0.3483092648905062,0.5916907351094939,0.6216907351094938,0.45000000000000007,-0.1777192416092503,False,False,False,False,3bf02b78-044d-41c5-b6dd-dc3780973988
1,low_traffic,45,52,discrete,resource_efficient,0,eMBB,11.0016,70288.0,13752.0,1376092.0,1687747.0,80.435,19.564999999999998,37.0,26.66,26.665,45.0,28.335,0,RR(cost=1.0),[78],1.3032373624625713,0.13224672080522062,0.44141346551068317,0.4985865344893168,0.5285865344893168,0.30000000000000004,-0.10570257653254596,False,False,False,False,3bf02b78-044d-41c5-b6dd-dc3780973988
1,low_traffic,45,52,discrete,resource_efficient,1,URLLC,2.9328000000000003,2028.0,3666.0,87.0,87.0,3.845,96.155,1.0,45.0,26.665,45.0,28.335,0,RR(cost=1.0),[78],1.3032373624625713,0.13224672080522062,0.44141346551068317,0.4985865344893168,0.5285865344893168,0.30000000000000004,-0.10570257653254596,False,False,False,False,3bf02b78-044d-41c5-b6dd-dc3780973988
1,low_traffic,45,52,discrete,resource_efficient,2,MTC,0.6144000000000001,1536.0,768.0,181.0,401.0,50.0,50.0,6.0,28.34,26.665,45.0,28.335,0,RR(cost=1.0),[78],1.3032373624625713,0.13224672080522062,0.44141346551068317,0.4985865344893168,0.5285865344893168,0.30000000000000004,-0.10570257653254596,False,False,False,False,3bf02b78-044d-41c5-b6dd-dc3780973988
1,low_traffic,45,53,discrete,resource_efficient,0,eMBB,13.4464,70288.0,16808.0,1397906.0,1708215.0,76.08500000000001,23.914999999999992,35.0,16.66,16.665,50.0,33.335,0,RR(cost=1.0),[18],1.252058571209411,0.11185158344807589,0.3417202378744646,0.5982797621255354,0.6282797621255354,0.10000000000000002,-0.15959754058570605,False,False,False,False,3bf02b78-044d-41c5-b6dd-dc3780973988
1,low_traffic,45,53,discrete,resource_efficient,1,URLLC,1.3728,1872.0,1716.0,87.0,87.0,8.33,91.67,2.0,50.0,16.665,50.0,33.335,0,RR(cost=1.0),[18],1.252058571209411,0.11185158344807589,0.3417202378744646,0.5982797621255354,0.6282797621255354,0.10000000000000002,-0.15959754058570605,False,False,False,False,3bf02b78-044d-41c5-b6dd-dc3780973988
1,low_traffic,45,53,discrete,resource_efficient,2,MTC,0.6144000000000001,1536.0,768.0,137.0,137.0,50.0,50.0,6.0,33.34,16.665,50.0,33.335,0,RR(cost=1.0),[18],1.252058571209411,0.11185158344807589,0.3417202378744646,0.5982797621255354,0.6282797621255354,0.10000000000000002,-0.15959754058570605,False,False,False,False,3bf02b78-044d-41c5-b6dd-dc3780973988
1,low_traffic,45,54,discrete,resource_efficient,0,eMBB,11.0016,70288.0,13752.0,1424489.0,1741651.0,80.435,19.564999999999998,37.0,16.66,16.665,50.0,33.335,0,RR(cost=1.0),[18],1.2515605901315243,0.10178540608322552,0.34043928319960337,0.5995607168003966,0.6295607168003966,0.0,-0.1573793488635929,False,False,False,False,3bf02b78-044d-41c5-b6dd-dc3780973988
1,low_traffic,45,54,discrete,resource_efficient,1,URLLC,1.6224,2028.0,2028.0,87.0,87.0,0.0,100.0,0.0,50.0,16.665,50.0,33.335,0,RR(cost=1.0),[18],1.2515605901315243,0.10178540608322552,0.34043928319960337,0.5995607168003966,0.6295607168003966,0.0,-0.1573793488635929,False,False,False,False,3bf02b78-044d-41c5-b6dd-dc3780973988
1,low_traffic,45,54,discrete,resource_efficient,2,MTC,0.6144000000000001,1536.0,768.0,137.0,137.0,50.0,50.0,6.0,33.34,16.665,50.0,33.335,0,RR(cost=1.0),[18],1.2515605901315243,0.10178540608322552,0.34043928319960337,0.5995607168003966,0.6295607168003966,0.0,-0.1573793488635929,False,False,False,False,3bf02b78-044d-41c5-b6dd-dc3780973988
1,low_traffic,45,55,discrete,resource_efficient,0,eMBB,11.0016,70288.0,13752.0,1454941.5,1780778.0,80.435,19.564999999999998,37.0,16.66,16.665,50.0,33.335,0,RR(cost=1.0),[18],1.2450588787497137,0.10176227115884554,0.3403610422542296,0.5996389577457704,0.6296389577457704,0.0,-0.15743092041569312,False,False,False,False,3bf02b78-044d-41c5-b6dd-dc3780973988
1,low_traffic,45,55,discrete,resource_efficient,1,URLLC,1.6224,1872.0,2028.0,251.0,251.0,0.0,100.0,0.0,50.0,16.665,50.0,33.335,0,RR(cost=1.0),[18],1.2450588787497137,0.10176227115884554,0.3403610422542296,0.5996389577457704,0.6296389577457704,0.0,-0.15743092041569312,False,False,False,False,3bf02b78-044d-41c5-b6dd-dc3780973988
1,low_traffic,45,55,discrete,resource_efficient,2,MTC,0.6144000000000001,1536.0,768.0,137.0,137.0,50.0,50.0,6.0,33.34,16.665,50.0,33.335,0,RR(cost=1.0),[18],1.2450588787497137,0.10176227115884554,0.3403610422542296,0.5996389577457704,0.6296389577457704,0.0,-0.15743092041569312,False,False,False,False,3bf02b78-044d-41c5-b6dd-dc3780973988
1,low_traffic,45,56,discrete,resource_efficient,0,eMBB,12.224,70288.0,15280.0,1477177.0,1808293.0,78.26,21.739999999999995,36.0,16.66,16.665,50.0,33.335,0,RR(cost=1.0),[18],1.2552622457392,0.11394829192572078,0.34013921393156454,0.5998607860684354,0.6298607860684354,0.0,-0.15512681325591712,False,False,False,False,3bf02b78-044d-41c5-b6dd-dc3780973988
1,low_traffic,45,56,discrete,resource_efficient,1,URLLC,1.6224,2028.0,2028.0,87.0,87.0,0.0,100.0,0.0,50.0,16.665,50.0,33.335,0,RR(cost=1.0),[18],1.2552622457392,0.11394829192572078,0.34013921393156454,0.5998607860684354,0.6298607860684354,0.0,-0.15512681325591712,False,False,False,False,3bf02b78-044d-41c5-b6dd-dc3780973988
1,low_traffic,45,56,discrete,resource_efficient,2,MTC,0.9216,1536.0,1152.0,137.0,137.0,50.0,50.0,6.0,33.34,16.665,50.0,33.335,0,RR(cost=1.0),[18],1.2552622457392,0.11394829192572078,0.34013921393156454,0.5998607860684354,0.6298607860684354,0.0,-0.15512681325591712,False,False,False,False,3bf02b78-044d-41c5-b6dd-dc3780973988
1,low_traffic,45,57,discrete,resource_efficient,0,eMBB,8.5568,70288.0,10696.0,1500792.5,1831073.0,84.785,15.215000000000003,39.0,16.66,16.665,50.0,33.335,0,RR(cost=1.0),[18],1.2476056732734897,0.10020747269466566,0.3374340351212879,0.6025659648787121,0.6325659648787121,0.0,-0.15949808438829413,False,False,False,False,3bf02b78-044d-41c5-b6dd-dc3780973988
1,low_traffic,45,57,discrete,resource_efficient,1,URLLC,1.6224,1872.0,2028.0,87.0,87.0,0.0,100.0,0.0,50.0,16.665,50.0,33.335,0,RR(cost=1.0),[18],1.2476056732734897,0.10020747269466566,0.3374340351212879,0.6025659648787121,0.6325659648787121,0.0,-0.15949808438829413,False,False,False,False,3bf02b78-044d-41c5-b6dd-dc3780973988
1,low_traffic,45,57,discrete,resource_efficient,2,MTC,3.5839999999999996,1536.0,4480.0,181.0,269.0,33.333333333333336,66.66666666666666,4.0,33.34,16.665,50.0,33.335,0,RR(cost=1.0),[18],1.2476056732734897,0.10020747269466566,0.3374340351212879,0.6025659648787121,0.6325659648787121,0.0,-0.15949808438829413,False,False,False,False,3bf02b78-044d-41c5-b6dd-dc3780973988
1,low_traffic,45,58,discrete,resource_efficient,0,eMBB,13.4464,70288.0,16808.0,1525124.5,1860749.0,76.08500000000001,23.914999999999992,35.0,16.66,16.665,50.0,33.335,0,RR(cost=1.0),[18],1.2567144655166889,0.11182554247162761,0.34115540871207717,0.5988445912879228,0.6288445912879228,0.0,-0.15494164627842819,False,False,False,False,3bf02b78-044d-41c5-b6dd-dc3780973988
1,low_traffic,45,58,discrete,resource_efficient,1,URLLC,1.4976,2028.0,1872.0,87.0,87.0,7.69,92.31,2.0,50.0,16.665,50.0,33.335,0,RR(cost=1.0),[18],1.2567144655166889,0.11182554247162761,0.34115540871207717,0.5988445912879228,0.6288445912879228,0.0,-0.15494164627842819,False,False,False,False,3bf02b78-044d-41c5-b6dd-dc3780973988
1,low_traffic,45,58,discrete,resource_efficient,2,MTC,0.6144000000000001,1536.0,768.0,142.0,167.0,50.0,50.0,6.0,33.34,16.665,50.0,33.335,0,RR(cost=1.0),[18],1.2567144655166889,0.11182554247162761,0.34115540871207717,0.5988445912879228,0.6288445912879228,0.0,-0.15494164627842819,False,False,False,False,3bf02b78-044d-41c5-b6dd-dc3780973988
1,low_traffic,45,59,discrete,resource_efficient,0,eMBB,8.5568,67232.0,10696.0,1559350.5,1902888.0,84.09,15.909999999999997,37.0,16.66,16.665,30.000000000000004,53.335,0,RR(cost=1.0),[6],1.2355037985723702,0.09001482567665982,0.3399836473497976,0.6000163526502024,0.6300163526502024,0.19999999999999996,-0.17000684645478947,False,False,False,False,3bf02b78-044d-41c5-b6dd-dc3780973988
1,low_traffic,45,59,discrete,resource_efficient,1,URLLC,1.4352,1872.0,1794.0,96.0,105.0,8.335,91.66499999999999,2.0,30.0,16.665,30.000000000000004,53.335,0,RR(cost=1.0),[6],1.2355037985723702,0.09001482567665982,0.3399836473497976,0.6000163526502024,0.6300163526502024,0.19999999999999996,-0.17000684645478947,False,False,False,False,3bf02b78-044d-41c5-b6dd-dc3780973988
1,low_traffic,45,59,discrete,resource_efficient,2,MTC,0.6144000000000001,1536.0,768.0,137.0,137.0,50.0,50.0,6.0,53.34000000000001,16.665,30.000000000000004,53.335,0,RR(cost=1.0),[6],1.2355037985723702,0.09001482567665982,0.3399836473497976,0.6000163526502024,0.6300163526502024,0.19999999999999996,-0.17000684645478947,False,False,False,False,3bf02b78-044d-41c5-b6dd-dc3780973988
1,low_traffic,45,60,discrete,resource_efficient,0,eMBB,7.3344,70288.0,9168.0,1586912.5,1934309.0,86.955,13.045000000000002,40.0,16.66,16.665,45.0,38.334999999999994,0,RR(cost=1.0),[15],1.2368925481895565,0.07648844007794774,0.34371530063141664,0.5962846993685833,0.6262846993685834,0.15000000000000002,-0.1679731316055605,False,False,False,False,3bf02b78-044d-41c5-b6dd-dc3780973988
1,low_traffic,45,60,discrete,resource_efficient,1,URLLC,1.4352,2028.0,1794.0,87.0,87.0,11.54,88.46000000000001,3.0,45.0,16.665,45.0,38.334999999999994,0,RR(cost=1.0),[15],1.2368925481895565,0.07648844007794774,0.34371530063141664,0.5962846993685833,0.6262846993685834,0.15000000000000002,-0.1679731316055605,False,False,False,False,3bf02b78-044d-41c5-b6dd-dc3780973988
1,low_traffic,45,60,discrete,resource_efficient,2,MTC,0.6144000000000001,2304.0,768.0,137.0,137.0,66.66499999999999,33.33500000000001,12.0,38.32999999999999,16.665,45.0,38.334999999999994,0,RR(cost=1.0),[15],1.2368925481895565,0.07648844007794774,0.34371530063141664,0.5962846993685833,0.6262846993685834,0.15000000000000002,-0.1679731316055605,False,False,False,False,3bf02b78-044d-41c5-b6dd-dc3780973988
1,low_traffic,45,61,discrete,resource_efficient,0,eMBB,14.6688,70288.0,18336.0,1596933.5,1934309.0,73.91499999999999,26.085000000000008,34.0,16.66,16.665,30.000000000000004,53.335,0,RR(cost=1.0),[6],1.25131720661782,0.11980178258069542,0.33973775317760635,0.6002622468223937,0.6302622468223936,0.15000000000000002,-0.1616969915772971,False,False,False,False,3bf02b78-044d-41c5-b6dd-dc3780973988
1,low_traffic,45,61,discrete,resource_efficient,1,URLLC,1.6224,1872.0,2028.0,87.0,87.0,0.0,100.0,0.0,30.0,16.665,30.000000000000004,53.335,0,RR(cost=1.0),[6],1.25131720661782,0.11980178258069542,0.33973775317760635,0.6002622468223937,0.6302622468223936,0.15000000000000002,-0.1616969915772971,False,False,False,False,3bf02b78-044d-41c5-b6dd-dc3780973988
1,low_traffic,45,61,discrete,resource_efficient,2,MTC,0.6144000000000001,1536.0,768.0,137.0,137.0,50.0,50.0,6.0,53.34000000000001,16.665,30.000000000000004,53.335,0,RR(cost=1.0),[6],1.25131720661782,0.11980178258069542,0.33973775317760635,0.6002622468223937,0.6302622468223936,0.15000000000000002,-0.1616969915772971,False,False,False,False,3bf02b78-044d-41c5-b6dd-dc3780973988
1,low_traffic,45,62,discrete,resource_efficient,0,eMBB,13.4464,70288.0,16808.0,1635781.5,1992599.0,76.08500000000001,23.914999999999992,35.0,16.66,16.665,45.0,38.334999999999994,0,RR(cost=1.0),[15],1.2455020863578505,0.11370984185359696,0.33973716469904836,0.6002628353009515,0.6302628353009516,0.15000000000000002,-0.16291573280985155,False,False,False,False,3bf02b78-044d-41c5-b6dd-dc3780973988
1,low_traffic,45,62,discrete,resource_efficient,1,URLLC,1.7472,2028.0,2184.0,169.0,169.0,0.0,100.0,0.0,45.0,16.665,45.0,38.334999999999994,0,RR(cost=1.0),[15],1.2455020863578505,0.11370984185359696,0.33973716469904836,0.6002628353009515,0.6302628353009516,0.15000000000000002,-0.16291573280985155,False,False,False,False,3bf02b78-044d-41c5-b6dd-dc3780973988
1,low_traffic,45,62,discrete,resource_efficient,2,MTC,0.6144000000000001,1536.0,768.0,159.0,269.0,50.0,50.0,6.0,38.32999999999999,16.665,45.0,38.334999999999994,0,RR(cost=1.0),[15],1.2455020863578505,0.11370984185359696,0.33973716469904836,0.6002628353009515,0.6302628353009516,0.15000000000000002,-0.16291573280985155,False,False,False,False,3bf02b78-044d-41c5-b6dd-dc3780973988
1,low_traffic,45,63,discrete,resource_efficient,0,eMBB,11.0016,70288.0,13752.0,1662003.0,2029249.0,80.435,19.564999999999998,37.0,16.66,16.665,45.0,38.334999999999994,0,RR(cost=1.0),[15],1.2511504384885486,0.10672465195479854,0.3379575591707862,0.6020424408292137,0.6320424408292138,0.0,-0.15788053410656855,False,False,False,False,3bf02b78-044d-41c5-b6dd-dc3780973988
1,low_traffic,45,63,discrete,resource_efficient,1,URLLC,1.6224,1872.0,2028.0,87.0,87.0,0.0,100.0,0.0,45.0,16.665,45.0,38.334999999999994,0,RR(cost=1.0),[15],1.2511504384885486,0.10672465195479854,0.3379575591707862,0.6020424408292137,0.6320424408292138,0.0,-0.15788053410656855,False,False,False,False,3bf02b78-044d-41c5-b6dd-dc3780973988
1,low_traffic,45,63,discrete,resource_efficient,2,MTC,0.9216,1536.0,1152.0,159.0,269.0,33.333333333333336,66.66666666666666,4.0,38.32999999999999,16.665,45.0,38.334999999999994,0,RR(cost=1.0),[15],1.2511504384885486,0.10672465195479854,0.3379575591707862,0.6020424408292137,0.6320424408292138,0.0,-0.15788053410656855,False,False,False,False,3bf02b78-044d-41c5-b6dd-dc3780973988
1,low_traffic,45,64,discrete,resource_efficient,0,eMBB,15.8912,70288.0,19864.0,1689667.0,2068377.0,71.74,28.260000000000005,33.0,16.66,16.665,45.0,38.334999999999994,0,RR(cost=1.0),[15],0.0,0.12902436016238167,0.33889012520840045,0.6011098747915995,0.6311098747915995,0.0,0.0,False,True,False,False,3bf02b78-044d-41c5-b6dd-dc3780973988
1,low_traffic,45,64,discrete,resource_efficient,1,URLLC,1.4976,2028.0,1872.0,87.0,87.0,7.69,92.31,2.0,45.0,16.665,45.0,38.334999999999994,0,RR(cost=1.0),[15],0.0,0.12902436016238167,0.33889012520840045,0.6011098747915995,0.6311098747915995,0.0,0.0,False,False,False,False,3bf02b78-044d-41c5-b6dd-dc3780973988
1,low_traffic,45,64,discrete,resource_efficient,2,MTC,0.9216,1536.0,1152.0,137.0,137.0,33.333333333333336,66.66666666666666,4.0,38.32999999999999,16.665,45.0,38.334999999999994,0,RR(cost=1.0),[15],0.0,0.12902436016238167,0.33889012520840045,0.6011098747915995,0.6311098747915995,0.0,0.0,False,False,False,False,3bf02b78-044d-41c5-b6dd-dc3780973988
1,low_traffic,45,65,discrete,resource_efficient,0,eMBB,9.7792,70288.0,12224.0,1704587.5,2078084.0,82.61,17.39,38.0,16.66,16.665,30.000000000000004,53.335,0,RR(cost=1.0),[6],1.2406168839555807,0.09514259962933837,0.3391775190576599,0.6008224809423401,0.6308224809423401,0.15000000000000002,-0.1669649686395364,False,False,False,False,3bf02b78-044d-41c5-b6dd-dc3780973988
1,low_traffic,45,65,discrete,resource_efficient,1,URLLC,1.6224,1872.0,2028.0,87.0,87.0,0.0,100.0,0.0,30.0,16.665,30.000000000000004,53.335,0,RR(cost=1.0),[6],1.2406168839555807,0.09514259962933837,0.3391775190576599,0.6008224809423401,0.6308224809423401,0.15000000000000002,-0.1669649686395364,False,False,False,False,3bf02b78-044d-41c5-b6dd-dc3780973988
1,low_traffic,45,65,discrete,resource_efficient,2,MTC,0.6144000000000001,1536.0,768.0,137.0,137.0,50.0,50.0,6.0,53.34000000000001,16.665,30.000000000000004,53.335,0,RR(cost=1.0),[6],1.2406168839555807,0.09514259962933837,0.3391775190576599,0.6008224809423401,0.6308224809423401,0.15000000000000002,-0.1669649686395364,False,False,False,False,3bf02b78-044d-41c5-b6dd-dc3780973988
1,low_traffic,45,66,discrete,resource_efficient,0,eMBB,12.224,70288.0,15280.0,1744503.0,2134053.0,78.26,21.739999999999995,36.0,16.66,16.665,30.000000000000004,53.335,0,RR(cost=1.0),[6],1.2537479871668564,0.11063932886032082,0.33871843733279194,0.601281562667208,0.631281562667208,0.0,-0.15664107182826065,False,False,False,False,3bf02b78-044d-41c5-b6dd-dc3780973988
1,low_traffic,45,66,discrete,resource_efficient,1,URLLC,1.4976,2028.0,1872.0,87.0,87.0,7.69,92.31,2.0,30.0,16.665,30.000000000000004,53.335,0,RR(cost=1.0),[6],1.2537479871668564,0.11063932886032082,0.33871843733279194,0.601281562667208,0.631281562667208,0.0,-0.15664107182826065,False,False,False,False,3bf02b78-044d-41c5-b6dd-dc3780973988
1,low_traffic,45,66,discrete,resource_efficient,2,MTC,0.9216,1536.0,1152.0,137.0,137.0,33.333333333333336,66.66666666666666,4.0,53.34000000000001,16.665,30.000000000000004,53.335,0,RR(cost=1.0),[6],1.2537479871668564,0.11063932886032082,0.33871843733279194,0.601281562667208,0.631281562667208,0.0,-0.15664107182826065,False,False,False,False,3bf02b78-044d-41c5-b6dd-dc3780973988
1,low_traffic,45,67,discrete,resource_efficient,0,eMBB,12.224,70288.0,15280.0,1772690.0,2170315.0,78.26,21.739999999999995,36.0,16.66,16.665,30.000000000000004,53.335,0,RR(cost=1.0),[6],1.2534055227254384,0.10851482231526763,0.33890640633433533,0.6010935936656647,0.6310935936656646,0.0,-0.15695319173634525,False,False,False,False,3bf02b78-044d-41c5-b6dd-dc3780973988
1,low_traffic,45,67,discrete,resource_efficient,1,URLLC,1.3728,1872.0,1716.0,87.0,87.0,8.33,91.67,2.0,30.0,16.665,30.000000000000004,53.335,0,RR(cost=1.0),[6],1.2534055227254384,0.10851482231526763,0.33890640633433533,0.6010935936656647,0.6310935936656646,0.0,-0.15695319173634525,False,False,False,False,3bf02b78-044d-41c5-b6dd-dc3780973988
1,low_traffic,45,67,discrete,resource_efficient,2,MTC,0.8192,1536.0,1024.0,247.0,797.0,33.333333333333336,66.66666666666666,4.0,53.34000000000001,16.665,30.000000000000004,53.335,0,RR(cost=1.0),[6],1.2534055227254384,0.10851482231526763,0.33890640633433533,0.6010935936656647,0.6310935936656646,0.0,-0.15695319173634525,False,False,False,False,3bf02b78-044d-41c5-b6dd-dc3780973988
1,low_traffic,45,68,discrete,resource_efficient,0,eMBB,12.224,70288.0,15280.0,1799149.5,2201912.0,78.26,21.739999999999995,36.0,16.66,16.665,30.000000000000004,53.335,0,RR(cost=1.0),[6],1.2494250689970958,0.1074177118753122,0.33931515223074493,0.600684847769255,0.630684847769255,0.0,-0.1569273662864906,False,False,False,False,3bf02b78-044d-41c5-b6dd-dc3780973988
1,low_traffic,45,68,discrete,resource_efficient,1,URLLC,1.6224,2028.0,2028.0,137.0,187.0,0.0,100.0,0.0,30.0,16.665,30.000000000000004,53.335,0,RR(cost=1.0),[6],1.2494250689970958,0.1074177118753122,0.33931515223074493,0.600684847769255,0.630684847769255,0.0,-0.1569273662864906,False,False,False,False,3bf02b78-044d-41c5-b6dd-dc3780973988
1,low_traffic,45,68,discrete,resource_efficient,2,MTC,0.6144000000000001,1536.0,768.0,210.16666666666666,576.0,50.0,50.0,6.0,53.34000000000001,16.665,30.000000000000004,53.335,0,RR(cost=1.0),[6],1.2494250689970958,0.1074177118753122,0.33931515223074493,0.600684847769255,0.630684847769255,0.0,-0.1569273662864906,False,False,False,False,3bf02b78-044d-41c5-b6dd-dc3780973988
1,low_traffic,45,69,discrete,resource_efficient,0,eMBB,9.7792,70288.0,12224.0,1822736.0,2226404.0,82.61,17.39,38.0,21.66,21.665,35.0,43.335,0,RR(cost=1.0),[42],1.2705470042320774,0.11600159718830017,0.3888648869228333,0.5511351130771667,0.5811351130771667,0.09999999999999995,-0.13048074840864,False,False,False,False,3bf02b78-044d-41c5-b6dd-dc3780973988
1,low_traffic,45,69,discrete,resource_efficient,1,URLLC,1.56,1872.0,1950.0,253.5,256.0,0.0,100.0,0.0,35.0,21.665,35.0,43.335,0,RR(cost=1.0),[42],1.2705470042320774,0.11600159718830017,0.3888648869228333,0.5511351130771667,0.5811351130771667,0.09999999999999995,-0.13048074840864,False,False,False,False,3bf02b78-044d-41c5-b6dd-dc3780973988
1,low_traffic,45,69,discrete,resource_efficient,2,MTC,0.9216,1536.0,1152.0,137.0,137.0,50.0,50.0,6.0,43.34,21.665,35.0,43.335,0,RR(cost=1.0),[42],1.2705470042320774,0.11600159718830017,0.3888648869228333,0.5511351130771667,0.5811351130771667,0.09999999999999995,-0.13048074840864,False,False,False,False,3bf02b78-044d-41c5-b6dd-dc3780973988
1,low_traffic,45,70,discrete,resource_efficient,0,eMBB,13.4464,70288.0,16808.0,1849333.5,2263406.0,76.08500000000001,23.914999999999992,35.0,16.66,16.665,65.0,18.335,0,RR(cost=1.0),[27],1.2406651768463446,0.11333286353102576,0.3389041539083706,0.6010958460916294,0.6310958460916294,0.30000000000000004,-0.1709909349487725,False,False,False,False,3bf02b78-044d-41c5-b6dd-dc3780973988
1,low_traffic,45,70,discrete,resource_efficient,1,URLLC,1.6848,2028.0,2106.0,87.0,87.0,0.0,100.0,0.0,65.0,16.665,65.0,18.335,0,RR(cost=1.0),[27],1.2406651768463446,0.11333286353102576,0.3389041539083706,0.6010958460916294,0.6310958460916294,0.30000000000000004,-0.1709909349487725,False,False,False,False,3bf02b78-044d-41c5-b6dd-dc3780973988
1,low_traffic,45,70,discrete,resource_efficient,2,MTC,0.6144000000000001,1536.0,768.0,137.0,137.0,50.0,50.0,6.0,18.34,16.665,65.0,18.335,0,RR(cost=1.0),[27],1.2406651768463446,0.11333286353102576,0.3389041539083706,0.6010958460916294,0.6310958460916294,0.30000000000000004,-0.1709909349487725,False,False,False,False,3bf02b78-044d-41c5-b6dd-dc3780973988
1,low_traffic,45,71,discrete,resource_efficient,0,eMBB,13.4464,67232.0,16808.0,1872785.5,2292340.0,75.0,25.0,33.0,31.66,31.665,50.0,18.335,0,RR(cost=1.0),[108],1.3482217648407782,0.16784172429849234,0.48881597638768937,0.45118402361231064,0.4811840236123106,0.15000000000000002,-0.06264206930768791,False,False,False,False,3bf02b78-044d-41c5-b6dd-dc3780973988
1,low_traffic,45,71,discrete,resource_efficient,1,URLLC,1.6224,1872.0,2028.0,97.0,107.0,0.0,100.0,0.0,50.0,31.665,50.0,18.335,0,RR(cost=1.0),[108],1.3482217648407782,0.16784172429849234,0.48881597638768937,0.45118402361231064,0.4811840236123106,0.15000000000000002,-0.06264206930768791,False,False,False,False,3bf02b78-044d-41c5-b6dd-dc3780973988
1,low_traffic,45,71,discrete,resource_efficient,2,MTC,0.6144000000000001,1536.0,768.0,137.0,137.0,50.0,50.0,6.0,18.34,31.665,50.0,18.335,0,RR(cost=1.0),[108],1.3482217648407782,0.16784172429849234,0.48881597638768937,0.45118402361231064,0.4811840236123106,0.15000000000000002,-0.06264206930768791,False,False,False,False,3bf02b78-044d-41c5-b6dd-dc3780973988
1,low_traffic,45,72,discrete,resource_efficient,0,eMBB,9.7792,70288.0,12224.0,1899920.5,2322357.0,82.61,17.39,38.0,16.66,16.665,65.0,18.335,0,RR(cost=1.0),[27],1.242335210800807,0.09006651730201505,0.34373342457547795,0.596266575424522,0.626266575424522,0.15000000000000002,-0.1652466417943102,False,False,False,False,3bf02b78-044d-41c5-b6dd-dc3780973988
1,low_traffic,45,72,discrete,resource_efficient,1,URLLC,1.4976,2028.0,1872.0,87.0,87.0,7.69,92.31,2.0,65.0,16.665,65.0,18.335,0,RR(cost=1.0),[27],1.242335210800807,0.09006651730201505,0.34373342457547795,0.596266575424522,0.626266575424522,0.15000000000000002,-0.1652466417943102,False,False,False,False,3bf02b78-044d-41c5-b6dd-dc3780973988
1,low_traffic,45,72,discrete,resource_efficient,2,MTC,0.6144000000000001,2304.0,768.0,137.0,137.0,66.66499999999999,33.33500000000001,12.0,18.34,16.665,65.0,18.335,0,RR(cost=1.0),[27],1.242335210800807,0.09006651730201505,0.34373342457547795,0.596266575424522,0.626266575424522,0.15000000000000002,-0.1652466417943102,False,False,False,False,3bf02b78-044d-41c5-b6dd-dc3780973988
1,low_traffic,45,73,discrete,resource_efficient,0,eMBB,13.4464,70288.0,16808.0,1926116.5,2357503.0,76.08500000000001,23.914999999999992,35.0,21.66,21.665,55.00000000000001,23.335,0,RR(cost=1.0),[54],1.2858569055432225,0.14284585947482195,0.3872136275330129,0.5527863724669871,0.5827863724669871,0.09999999999999998,-0.12610265158522788,False,False,False,False,3bf02b78-044d-41c5-b6dd-dc3780973988
1,low_traffic,45,73,discrete,resource_efficient,1,URLLC,1.6224,1872.0,2028.0,87.0,87.0,0.0,100.0,0.0,55.0,21.665,55.00000000000001,23.335,0,RR(cost=1.0),[54],1.2858569055432225,0.14284585947482195,0.3872136275330129,0.5527863724669871,0.5827863724669871,0.09999999999999998,-0.12610265158522788,False,False,False,False,3bf02b78-044d-41c5-b6dd-dc3780973988
1,low_traffic,45,73,discrete,resource_efficient,2,MTC,1.6384,1536.0,2048.0,137.0,137.0,33.333333333333336,66.66666666666666,4.0,23.34,21.665,55.00000000000001,23.335,0,RR(cost=1.0),[54],1.2858569055432225,0.14284585947482195,0.3872136275330129,0.5527863724669871,0.5827863724669871,0.09999999999999998,-0.12610265158522788,False,False,False,False,3bf02b78-044d-41c5-b6dd-dc3780973988
1,low_traffic,45,74,discrete,resource_efficient,0,eMBB,9.7792,70288.0,12224.0,1936689.0,2357503.0,82.61,17.39,38.0,16.67,16.665000000000003,70.0,13.335000000000003,0,RR(cost=1.0),[30],1.2404383595309998,0.0882395461544192,0.34118099617499786,0.5988190038250021,0.6288190038250021,0.1499999999999999,-0.16714349306411747,False,False,False,False,3bf02b78-044d-41c5-b6dd-dc3780973988
1,low_traffic,45,74,discrete,resource_efficient,1,URLLC,1.248,2028.0,1560.0,87.0,87.0,23.08,76.92,6.0,70.0,16.665000000000003,70.0,13.335000000000003,0,RR(cost=1.0),[30],1.2404383595309998,0.0882395461544192,0.34118099617499786,0.5988190038250021,0.6288190038250021,0.1499999999999999,-0.16714349306411747,False,False,False,False,3bf02b78-044d-41c5-b6dd-dc3780973988
1,low_traffic,45,74,discrete,resource_efficient,2,MTC,0.6144000000000001,1536.0,768.0,137.0,137.0,50.0,50.0,6.0,13.340000000000002,16.665000000000003,70.0,13.335000000000003,0,RR(cost=1.0),[30],1.2404383595309998,0.0882395461544192,0.34118099617499786,0.5988190038250021,0.6288190038250021,0.1499999999999999,-0.16714349306411747,False,False,False,False,3bf02b78-044d-41c5-b6dd-dc3780973988
1,low_traffic,45,75,discrete,resource_efficient,0,eMBB,18.336,70288.0,22920.0,1967513.0,2403663.0,67.39,32.61,31.0,21.66,21.665,55.00000000000001,23.335,0,RR(cost=1.0),[54],0.0,0.15786829317938078,0.3885632913269925,0.5514367086730076,0.5814367086730075,0.1499999999999999,0.0,False,True,False,False,3bf02b78-044d-41c5-b6dd-dc3780973988
1,low_traffic,45,75,discrete,resource_efficient,1,URLLC,1.6224,1872.0,2028.0,87.0,87.0,0.0,100.0,0.0,55.0,21.665,55.00000000000001,23.335,0,RR(cost=1.0),[54],0.0,0.15786829317938078,0.3885632913269925,0.5514367086730076,0.5814367086730075,0.1499999999999999,0.0,False,False,False,False,3bf02b78-044d-41c5-b6dd-dc3780973988
1,low_traffic,45,75,discrete,resource_efficient,2,MTC,0.6144000000000001,1536.0,768.0,137.0,137.0,50.0,50.0,6.0,23.34,21.665,55.00000000000001,23.335,0,RR(cost=1.0),[54],0.0,0.15786829317938078,0.3885632913269925,0.5514367086730076,0.5814367086730075,0.1499999999999999,0.0,False,False,False,False,3bf02b78-044d-41c5-b6dd-dc3780973988
1,low_traffic,45,76,discrete,resource_efficient,0,eMBB,13.4464,70288.0,16808.0,2003034.5,2454541.0,76.08500000000001,23.914999999999992,35.0,16.67,16.665000000000003,70.0,13.335000000000003,0,RR(cost=1.0),[30],1.244677713662295,0.11317851309968267,0.3385403197910941,0.601459680208906,0.6314596802089059,0.1499999999999999,-0.16374010550540702,False,False,False,False,3bf02b78-044d-41c5-b6dd-dc3780973988
1,low_traffic,45,76,discrete,resource_efficient,1,URLLC,1.7472,2028.0,2184.0,169.0,169.0,0.0,100.0,0.0,70.0,16.665000000000003,70.0,13.335000000000003,0,RR(cost=1.0),[30],1.244677713662295,0.11317851309968267,0.3385403197910941,0.601459680208906,0.6314596802089059,0.1499999999999999,-0.16374010550540702,False,False,False,False,3bf02b78-044d-41c5-b6dd-dc3780973988
1,low_traffic,45,76,discrete,resource_efficient,2,MTC,0.6144000000000001,1536.0,768.0,117.66666666666667,137.0,50.0,50.0,6.0,13.340000000000002,16.665000000000003,70.0,13.335000000000003,0,RR(cost=1.0),[30],1.244677713662295,0.11317851309968267,0.3385403197910941,0.601459680208906,0.6314596802089059,0.1499999999999999,-0.16374010550540702,False,False,False,False,3bf02b78-044d-41c5-b6dd-dc3780973988
1,low_traffic,45,77,discrete,resource_efficient,0,eMBB,11.0016,70288.0,13752.0,2022961.5,2478616.0,80.435,19.564999999999998,37.0,21.66,21.665,55.00000000000001,23.335,0,RR(cost=1.0),[54],1.2756800192773126,0.11584838878708299,0.38845067087463125,0.5515493291253688,0.5815493291253687,0.1499999999999999,-0.13325991971780465,False,False,False,False,3bf02b78-044d-41c5-b6dd-dc3780973988
1,low_traffic,45,77,discrete,resource_efficient,1,URLLC,1.6224,1872.0,2028.0,87.0,87.0,0.0,100.0,0.0,55.0,21.665,55.00000000000001,23.335,0,RR(cost=1.0),[54],1.2756800192773126,0.11584838878708299,0.38845067087463125,0.5515493291253688,0.5815493291253687,0.1499999999999999,-0.13325991971780465,False,False,False,False,3bf02b78-044d-41c5-b6dd-dc3780973988
1,low_traffic,45,77,discrete,resource_efficient,2,MTC,0.6144000000000001,1536.0,768.0,159.0,269.0,50.0,50.0,6.0,23.34,21.665,55.00000000000001,23.335,0,RR(cost=1.0),[54],1.2756800192773126,0.11584838878708299,0.38845067087463125,0.5515493291253688,0.5815493291253687,0.1499999999999999,-0.13325991971780465,False,False,False,False,3bf02b78-044d-41c5-b6dd-dc3780973988
1,low_traffic,45,78,discrete,resource_efficient,0,eMBB,12.224,70288.0,15280.0,2051904.0,2515842.0,78.26,21.739999999999995,36.0,16.67,16.665000000000003,70.0,13.335000000000003,0,RR(cost=1.0),[30],1.2452937343517572,0.10484555280947233,0.33921099732457605,0.600789002675424,0.6307890026754239,0.1499999999999999,-0.16500429104335995,False,False,False,False,3bf02b78-044d-41c5-b6dd-dc3780973988
1,low_traffic,45,78,discrete,resource_efficient,1,URLLC,1.4976,2028.0,1872.0,87.0,87.0,7.69,92.31,2.0,70.0,16.665000000000003,70.0,13.335000000000003,0,RR(cost=1.0),[30],1.2452937343517572,0.10484555280947233,0.33921099732457605,0.600789002675424,0.6307890026754239,0.1499999999999999,-0.16500429104335995,False,False,False,False,3bf02b78-044d-41c5-b6dd-dc3780973988
1,low_traffic,45,78,discrete,resource_efficient,2,MTC,0.6144000000000001,1536.0,768.0,137.0,137.0,50.0,50.0,6.0,13.340000000000002,16.665000000000003,70.0,13.335000000000003,0,RR(cost=1.0),[30],1.2452937343517572,0.10484555280947233,0.33921099732457605,0.600789002675424,0.6307890026754239,0.1499999999999999,-0.16500429104335995,False,False,False,False,3bf02b78-044d-41c5-b6dd-dc3780973988
1,low_traffic,45,79,discrete,resource_efficient,0,eMBB,11.0016,70288.0,13752.0,2080936.5,2552217.0,80.435,19.564999999999998,37.0,16.66,16.665,40.0,43.335,1,PF(cost=2.0),[13],0.7363634175049394,0.1068676176014429,0.33826486898255603,0.6017351310174439,0.6317351310174439,0.3,-0.17266755509017778,False,False,False,False,3bf02b78-044d-41c5-b6dd-dc3780973988
1,low_traffic,45,79,discrete,resource_efficient,1,URLLC,1.6224,1872.0,2028.0,87.0,87.0,0.0,100.0,0.0,40.0,16.665,40.0,43.335,1,PF(cost=2.0),[13],0.7363634175049394,0.1068676176014429,0.33826486898255603,0.6017351310174439,0.6317351310174439,0.3,-0.17266755509017778,False,False,False,False,3bf02b78-044d-41c5-b6dd-dc3780973988
1,low_traffic,45,79,discrete,resource_efficient,2,MTC,0.9216,1536.0,1152.0,159.0,269.0,50.0,50.0,6.0,43.34,16.665,40.0,43.335,1,PF(cost=2.0),[13],0.7363634175049394,0.1068676176014429,0.33826486898255603,0.6017351310174439,0.6317351310174439,0.3,-0.17266755509017778,False,False,False,False,3bf02b78-044d-41c5-b6dd-dc3780973988
1,low_traffic,45,80,discrete,resource_efficient,0,eMBB,9.7792,70288.0,12224.0,2109924.0,2586234.0,82.61,17.39,38.0,16.67,16.665000000000003,70.0,13.335000000000003,0,RR(cost=1.0),[30],1.232449104669628,0.09252687764240315,0.3389364609100505,0.6010635390899495,0.6310635390899495,0.3,-0.17513274792548905,False,False,False,False,3bf02b78-044d-41c5-b6dd-dc3780973988
1,low_traffic,45,80,discrete,resource_efficient,1,URLLC,1.4976,2028.0,1872.0,87.0,87.0,7.69,92.31,2.0,70.0,16.665000000000003,70.0,13.335000000000003,0,RR(cost=1.0),[30],1.232449104669628,0.09252687764240315,0.3389364609100505,0.6010635390899495,0.6310635390899495,0.3,-0.17513274792548905,False,False,False,False,3bf02b78-044d-41c5-b6dd-dc3780973988
1,low_traffic,45,80,discrete,resource_efficient,2,MTC,0.6144000000000001,1536.0,768.0,139.66666666666666,153.0,50.0,50.0,6.0,13.340000000000002,16.665000000000003,70.0,13.335000000000003,0,RR(cost=1.0),[30],1.232449104669628,0.09252687764240315,0.3389364609100505,0.6010635390899495,0.6310635390899495,0.3,-0.17513274792548905,False,False,False,False,3bf02b78-044d-41c5-b6dd-dc3780973988
1,low_traffic,45,81,discrete,resource_efficient,0,eMBB,12.224,70288.0,15280.0,2132881.5,2611821.0,78.26,21.739999999999995,36.0,21.66,21.665,55.00000000000001,23.335,0,RR(cost=1.0),[54],1.2779133628132309,0.11359011615318106,0.39081391297912893,0.549186087020871,0.579186087020871,0.1499999999999999,-0.13229362898188643,False,False,False,False,3bf02b78-044d-41c5-b6dd-dc3780973988
1,low_traffic,45,81,discrete,resource_efficient,1,URLLC,1.3728,1872.0,1716.0,87.0,87.0,8.33,91.67,2.0,55.0,21.665,55.00000000000001,23.335,0,RR(cost=1.0),[54],1.2779133628132309,0.11359011615318106,0.39081391297912893,0.549186087020871,0.579186087020871,0.1499999999999999,-0.13229362898188643,False,False,False,False,3bf02b78-044d-41c5-b6dd-dc3780973988
1,low_traffic,45,81,discrete,resource_efficient,2,MTC,0.30720000000000003,1536.0,384.0,139.66666666666666,153.0,75.0,25.0,9.0,23.34,21.665,55.00000000000001,23.335,0,RR(cost=1.0),[54],1.2779133628132309,0.11359011615318106,0.39081391297912893,0.549186087020871,0.579186087020871,0.1499999999999999,-0.13229362898188643,False,False,False,False,3bf02b78-044d-41c5-b6dd-dc3780973988
1,low_traffic,45,82,discrete,resource_efficient,0,eMBB,13.4464,70288.0,16808.0,2148162.0,2623569.0,76.08500000000001,23.914999999999992,35.0,16.67,16.665000000000003,70.0,13.335000000000003,0,RR(cost=1.0),[30],1.2490055461735308,0.11904489140913949,0.3382490374943101,0.6017509625056899,0.6317509625056899,0.1499999999999999,-0.16274159922158604,False,False,False,False,3bf02b78-044d-41c5-b6dd-dc3780973988
1,low_traffic,45,82,discrete,resource_efficient,1,URLLC,1.6224,2028.0,2028.0,87.0,87.0,0.0,100.0,0.0,70.0,16.665000000000003,70.0,13.335000000000003,0,RR(cost=1.0),[30],1.2490055461735308,0.11904489140913949,0.3382490374943101,0.6017509625056899,0.6317509625056899,0.1499999999999999,-0.16274159922158604,False,False,False,False,3bf02b78-044d-41c5-b6dd-dc3780973988
1,low_traffic,45,82,discrete,resource_efficient,2,MTC,0.9216,1536.0,1152.0,208.33333333333334,433.0,50.0,50.0,6.0,13.340000000000002,16.665000000000003,70.0,13.335000000000003,0,RR(cost=1.0),[30],1.2490055461735308,0.11904489140913949,0.3382490374943101,0.6017509625056899,0.6317509625056899,0.1499999999999999,-0.16274159922158604,False,False,False,False,3bf02b78-044d-41c5-b6dd-dc3780973988
1,low_traffic,45,83,discrete,resource_efficient,0,eMBB,13.4464,67232.0,16808.0,2179472.5,2666084.0,75.0,25.0,33.0,21.66,21.665,55.00000000000001,23.335,0,RR(cost=1.0),[54],1.2774650575015079,0.14618177483891215,0.3869815678360864,0.5530184321639137,0.5830184321639136,0.1499999999999999,-0.12807470433056575,False,False,False,False,3bf02b78-044d-41c5-b6dd-dc3780973988
1,low_traffic,45,83,discrete,resource_efficient,1,URLLC,1.6224,1872.0,2028.0,251.0,251.0,0.0,100.0,0.0,55.0,21.665,55.00000000000001,23.335,0,RR(cost=1.0),[54],1.2774650575015079,0.14618177483891215,0.3869815678360864,0.5530184321639137,0.5830184321639136,0.1499999999999999,-0.12807470433056575,False,False,False,False,3bf02b78-044d-41c5-b6dd-dc3780973988
1,low_traffic,45,83,discrete,resource_efficient,2,MTC,1.7408000000000001,1536.0,2176.0,208.33333333333334,433.0,33.333333333333336,66.66666666666666,4.0,23.34,21.665,55.00000000000001,23.335,0,RR(cost=1.0),[54],1.2774650575015079,0.14618177483891215,0.3869815678360864,0.5530184321639137,0.5830184321639136,0.1499999999999999,-0.12807470433056575,False,False,False,False,3bf02b78-044d-41c5-b6dd-dc3780973988
1,low_traffic,45,84,discrete,resource_efficient,0,eMBB,19.5584,70288.0,24448.0,2203666.0,2706377.0,65.215,34.785,30.0,31.66,31.665,50.0,18.335,0,RR(cost=1.0),[108],0.0,0.20280784400366209,0.4918468352447041,0.44815316475529593,0.4781531647552959,0.10000000000000002,0.0,False,True,False,False,3bf02b78-044d-41c5-b6dd-dc3780973988
1,low_traffic,45,84,discrete,resource_efficient,1,URLLC,1.6224,2028.0,2028.0,87.0,87.0,0.0,100.0,0.0,50.0,31.665,50.0,18.335,0,RR(cost=1.0),[108],0.0,0.20280784400366209,0.4918468352447041,0.44815316475529593,0.4781531647552959,0.10000000000000002,0.0,False,False,False,False,3bf02b78-044d-41c5-b6dd-dc3780973988
1,low_traffic,45,84,discrete,resource_efficient,2,MTC,0.6144000000000001,2304.0,768.0,181.0,269.0,66.66499999999999,33.33500000000001,12.0,18.34,31.665,50.0,18.335,0,RR(cost=1.0),[108],0.0,0.20280784400366209,0.4918468352447041,0.44815316475529593,0.4781531647552959,0.10000000000000002,0.0,False,False,False,False,3bf02b78-044d-41c5-b6dd-dc3780973988
1,low_traffic,45,85,discrete,resource_efficient,0,eMBB,9.7792,70288.0,12224.0,2231255.0,2739452.0,82.61,17.39,38.0,21.66,21.665,40.0,38.334999999999994,1,PF(cost=2.0),[46],0.7700014875654093,0.10859185402714186,0.3878354402747729,0.552164559725227,0.5821645597252271,0.19999999999999996,-0.13758036502970789,False,False,False,False,3bf02b78-044d-41c5-b6dd-dc3780973988
1,low_traffic,45,85,discrete,resource_efficient,1,URLLC,1.6224,1872.0,2028.0,87.0,87.0,0.0,100.0,0.0,40.0,21.665,40.0,38.334999999999994,1,PF(cost=2.0),[46],0.7700014875654093,0.10859185402714186,0.3878354402747729,0.552164559725227,0.5821645597252271,0.19999999999999996,-0.13758036502970789,False,False,False,False,3bf02b78-044d-41c5-b6dd-dc3780973988
1,low_traffic,45,85,discrete,resource_efficient,2,MTC,0.6144000000000001,1536.0,768.0,137.0,137.0,50.0,50.0,6.0,38.32999999999999,21.665,40.0,38.334999999999994,1,PF(cost=2.0),[46],0.7700014875654093,0.10859185402714186,0.3878354402747729,0.552164559725227,0.5821645597252271,0.19999999999999996,-0.13758036502970789,False,False,False,False,3bf02b78-044d-41c5-b6dd-dc3780973988
1,low_traffic,45,86,discrete,resource_efficient,0,eMBB,14.6688,70288.0,18336.0,2257084.0,2773575.0,73.91499999999999,26.085000000000008,34.0,21.66,21.665,40.0,38.334999999999994,1,PF(cost=2.0),[46],0.7910774461051634,0.13407735067629112,0.3887462962913135,0.5512537037086865,0.5812537037086865,0.0,-0.12193675208995368,False,False,False,False,3bf02b78-044d-41c5-b6dd-dc3780973988
1,low_traffic,45,86,discrete,resource_efficient,1,URLLC,1.4976,2028.0,1872.0,87.0,87.0,7.69,92.31,2.0,40.0,21.665,40.0,38.334999999999994,1,PF(cost=2.0),[46],0.7910774461051634,0.13407735067629112,0.3887462962913135,0.5512537037086865,0.5812537037086865,0.0,-0.12193675208995368,False,False,False,False,3bf02b78-044d-41c5-b6dd-dc3780973988
1,low_traffic,45,86,discrete,resource_efficient,2,MTC,0.6144000000000001,1536.0,768.0,159.0,269.0,50.0,50.0,6.0,38.32999999999999,21.665,40.0,38.334999999999994,1,PF(cost=2.0),[46],0.7910774461051634,0.13407735067629112,0.3887462962913135,0.5512537037086865,0.5812537037086865,0.0,-0.12193675208995368,False,False,False,False,3bf02b78-044d-41c5-b6dd-dc3780973988
1,low_traffic,45,87,discrete,resource_efficient,0,eMBB,12.224,70288.0,15280.0,2280677.5,2802674.0,78.26,21.739999999999995,36.0,21.66,21.665,40.0,38.334999999999994,1,PF(cost=2.0),[46],0.7855497074125167,0.12259066725488563,0.3878892476107041,0.5521107523892959,0.5821107523892959,0.0,-0.12474831798260042,False,False,False,False,3bf02b78-044d-41c5-b6dd-dc3780973988
1,low_traffic,45,87,discrete,resource_efficient,1,URLLC,1.6224,1872.0,2028.0,87.0,87.0,0.0,100.0,0.0,40.0,21.665,40.0,38.334999999999994,1,PF(cost=2.0),[46],0.7855497074125167,0.12259066725488563,0.3878892476107041,0.5521107523892959,0.5821107523892959,0.0,-0.12474831798260042,False,False,False,False,3bf02b78-044d-41c5-b6dd-dc3780973988
1,low_traffic,45,87,discrete,resource_efficient,2,MTC,0.6144000000000001,1536.0,768.0,159.0,269.0,50.0,50.0,6.0,38.32999999999999,21.665,40.0,38.334999999999994,1,PF(cost=2.0),[46],0.7855497074125167,0.12259066725488563,0.3878892476107041,0.5521107523892959,0.5821107523892959,0.0,-0.12474831798260042,False,False,False,False,3bf02b78-044d-41c5-b6dd-dc3780973988
1,low_traffic,45,88,discrete,resource_efficient,0,eMBB,9.7792,70288.0,12224.0,2304446.0,2826552.0,82.61,17.39,38.0,21.66,21.665,40.0,38.334999999999994,1,PF(cost=2.0),[46],0.7797406356542096,0.1006763623939175,0.390039184300515,0.549960815699485,0.579960815699485,0.0,-0.1278412169409075,False,False,False,False,3bf02b78-044d-41c5-b6dd-dc3780973988
1,low_traffic,45,88,discrete,resource_efficient,1,URLLC,1.248,2028.0,1560.0,87.0,87.0,23.08,76.92,6.0,40.0,21.665,40.0,38.334999999999994,1,PF(cost=2.0),[46],0.7797406356542096,0.1006763623939175,0.390039184300515,0.549960815699485,0.579960815699485,0.0,-0.1278412169409075,False,False,False,False,3bf02b78-044d-41c5-b6dd-dc3780973988
1,low_traffic,45,88,discrete,resource_efficient,2,MTC,0.6144000000000001,1536.0,768.0,181.0,401.0,50.0,50.0,6.0,38.32999999999999,21.665,40.0,38.334999999999994,1,PF(cost=2.0),[46],0.7797406356542096,0.1006763623939175,0.390039184300515,0.549960815699485,0.579960815699485,0.0,-0.1278412169409075,False,False,False,False,3bf02b78-044d-41c5-b6dd-dc3780973988
1,low_traffic,45,89,discrete,resource_efficient,0,eMBB,17.1136,70288.0,21392.0,2321914.0,2845643.0,69.565,30.435000000000002,32.0,21.66,21.665,40.0,38.334999999999994,1,PF(cost=2.0),[46],0.0,0.15059138810605846,0.38796012951520964,0.5520398704847903,0.5820398704847903,0.0,0.0,False,True,False,False,3bf02b78-044d-41c5-b6dd-dc3780973988
1,low_traffic,45,89,discrete,resource_efficient,1,URLLC,1.6224,1872.0,2028.0,166.0,245.0,0.0,100.0,0.0,40.0,21.665,40.0,38.334999999999994,1,PF(cost=2.0),[46],0.0,0.15059138810605846,0.38796012951520964,0.5520398704847903,0.5820398704847903,0.0,0.0,False,False,False,False,3bf02b78-044d-41c5-b6dd-dc3780973988
1,low_traffic,45,89,discrete,resource_efficient,2,MTC,0.6144000000000001,1536.0,768.0,181.0,401.0,50.0,50.0,6.0,38.32999999999999,21.665,40.0,38.334999999999994,1,PF(cost=2.0),[46],0.0,0.15059138810605846,0.38796012951520964,0.5520398704847903,0.5820398704847903,0.0,0.0,False,False,False,False,3bf02b78-044d-41c5-b6dd-dc3780973988
1,low_traffic,45,90,discrete,resource_efficient,0,eMBB,11.0016,70288.0,13752.0,2359831.5,2900543.0,80.435,19.564999999999998,37.0,16.66,16.665,30.000000000000004,53.335,0,RR(cost=1.0),[6],1.2390940003258994,0.10072097996670944,0.3379135966080924,0.6020864033919076,0.6320864033919076,0.15000000000000002,-0.16660764604180267,False,False,False,False,3bf02b78-044d-41c5-b6dd-dc3780973988
1,low_traffic,45,90,discrete,resource_efficient,1,URLLC,1.7472,2028.0,2184.0,169.0,169.0,0.0,100.0,0.0,30.0,16.665,30.000000000000004,53.335,0,RR(cost=1.0),[6],1.2390940003258994,0.10072097996670944,0.3379135966080924,0.6020864033919076,0.6320864033919076,0.15000000000000002,-0.16660764604180267,False,False,False,False,3bf02b78-044d-41c5-b6dd-dc3780973988
1,low_traffic,45,90,discrete,resource_efficient,2,MTC,0.6144000000000001,1536.0,768.0,203.0,533.0,50.0,50.0,6.0,53.34000000000001,16.665,30.000000000000004,53.335,0,RR(cost=1.0),[6],1.2390940003258994,0.10072097996670944,0.3379135966080924,0.6020864033919076,0.6320864033919076,0.15000000000000002,-0.16660764604180267,False,False,False,False,3bf02b78-044d-41c5-b6dd-dc3780973988
1,low_traffic,45,91,discrete,resource_efficient,0,eMBB,12.224,70288.0,15280.0,2373914.5,2912031.0,78.26,21.739999999999995,36.0,16.66,16.665,30.000000000000004,53.335,0,RR(cost=1.0),[6],1.2534984780029972,0.11263174912722368,0.33763844863739234,0.6023615513626076,0.6323615513626076,0.0,-0.15689058099211986,False,False,False,False,3bf02b78-044d-41c5-b6dd-dc3780973988
1,low_traffic,45,91,discrete,resource_efficient,1,URLLC,1.56,1872.0,1950.0,87.0,87.0,0.0,100.0,0.0,30.0,16.665,30.000000000000004,53.335,0,RR(cost=1.0),[6],1.2534984780029972,0.11263174912722368,0.33763844863739234,0.6023615513626076,0.6323615513626076,0.0,-0.15689058099211986,False,False,False,False,3bf02b78-044d-41c5-b6dd-dc3780973988
1,low_traffic,45,91,discrete,resource_efficient,2,MTC,0.9216,1536.0,1152.0,137.0,137.0,50.0,50.0,6.0,53.34000000000001,16.665,30.000000000000004,53.335,0,RR(cost=1.0),[6],1.2534984780029972,0.11263174912722368,0.33763844863739234,0.6023615513626076,0.6323615513626076,0.0,-0.15689058099211986,False,False,False,False,3bf02b78-044d-41c5-b6dd-dc3780973988
1,low_traffic,45,92,discrete,resource_efficient,0,eMBB,8.5568,70288.0,10696.0,2386280.0,2912031.0,84.785,15.215000000000003,39.0,16.66,16.665,30.000000000000004,53.335,0,RR(cost=1.0),[6],1.2441332056269632,0.08710792483518211,0.3374797574413493,0.6025202425586508,0.6325202425586507,0.0,-0.16209056056815402,False,False,False,False,3bf02b78-044d-41c5-b6dd-dc3780973988
1,low_traffic,45,92,discrete,resource_efficient,1,URLLC,1.56,2028.0,1950.0,87.0,87.0,3.845,96.155,1.0,30.0,16.665,30.000000000000004,53.335,0,RR(cost=1.0),[6],1.2441332056269632,0.08710792483518211,0.3374797574413493,0.6025202425586508,0.6325202425586507,0.0,-0.16209056056815402,False,False,False,False,3bf02b78-044d-41c5-b6dd-dc3780973988
1,low_traffic,45,92,discrete,resource_efficient,2,MTC,0.6144000000000001,1536.0,768.0,137.0,137.0,50.0,50.0,6.0,53.34000000000001,16.665,30.000000000000004,53.335,0,RR(cost=1.0),[6],1.2441332056269632,0.08710792483518211,0.3374797574413493,0.6025202425586508,0.6325202425586507,0.0,-0.16209056056815402,False,False,False,False,3bf02b78-044d-41c5-b6dd-dc3780973988
1,low_traffic,45,93,discrete,resource_efficient,0,eMBB,7.3344,70288.0,9168.0,2441670.0,2996484.0,86.955,13.045000000000002,40.0,16.66,16.665,30.000000000000004,53.335,0,RR(cost=1.0),[6],1.2437373359176989,0.09311494884012629,0.3356650323687056,0.6043349676312944,0.6343349676312944,0.0,-0.16197799081075137,False,False,False,False,3bf02b78-044d-41c5-b6dd-dc3780973988
1,low_traffic,45,93,discrete,resource_efficient,1,URLLC,1.56,1872.0,1950.0,87.0,87.0,0.0,100.0,0.0,30.0,16.665,30.000000000000004,53.335,0,RR(cost=1.0),[6],1.2437373359176989,0.09311494884012629,0.3356650323687056,0.6043349676312944,0.6343349676312944,0.0,-0.16197799081075137,False,False,False,False,3bf02b78-044d-41c5-b6dd-dc3780973988
1,low_traffic,45,93,discrete,resource_efficient,2,MTC,3.4816000000000003,1536.0,4352.0,159.0,269.0,33.333333333333336,66.66666666666666,4.0,53.34000000000001,16.665,30.000000000000004,53.335,0,RR(cost=1.0),[6],1.2437373359176989,0.09311494884012629,0.3356650323687056,0.6043349676312944,0.6343349676312944,0.0,-0.16197799081075137,False,False,False,False,3bf02b78-044d-41c5-b6dd-dc3780973988
1,low_traffic,45,94,discrete,resource_efficient,0,eMBB,8.5568,70288.0,10696.0,2472434.5,3032485.0,84.785,15.215000000000003,39.0,16.66,16.665,30.000000000000004,53.335,0,RR(cost=1.0),[6],1.243933246460553,0.08473595685620319,0.33793714815699194,0.602062851843008,0.632062851843008,0.0,-0.1622905197345642,False,False,False,False,3bf02b78-044d-41c5-b6dd-dc3780973988
1,low_traffic,45,94,discrete,resource_efficient,1,URLLC,1.4352,2028.0,1794.0,87.0,87.0,11.535,88.465,3.0,30.0,16.665,30.000000000000004,53.335,0,RR(cost=1.0),[6],1.243933246460553,0.08473595685620319,0.33793714815699194,0.602062851843008,0.632062851843008,0.0,-0.1622905197345642,False,False,False,False,3bf02b78-044d-41c5-b6dd-dc3780973988
1,low_traffic,45,94,discrete,resource_efficient,2,MTC,0.6144000000000001,1536.0,768.0,137.0,137.0,50.0,50.0,6.0,53.34000000000001,16.665,30.000000000000004,53.335,0,RR(cost=1.0),[6],1.243933246460553,0.08473595685620319,0.33793714815699194,0.602062851843008,0.632062851843008,0.0,-0.1622905197345642,False,False,False,False,3bf02b78-044d-41c5-b6dd-dc3780973988
1,low_traffic,45,95,discrete,resource_efficient,0,eMBB,12.224,67232.0,15280.0,2500256.5,3067534.0,77.275,22.724999999999994,34.0,16.66,16.665,30.000000000000004,53.335,0,RR(cost=1.0),[6],1.2506555020989498,0.1081934310682078,0.33789328547886,0.60210671452114,0.63210671452114,0.0,-0.15762534249904242,False,False,False,False,3bf02b78-044d-41c5-b6dd-dc3780973988
1,low_traffic,45,95,discrete,resource_efficient,1,URLLC,1.4352,1872.0,1794.0,112.5,138.0,4.165,95.835,1.0,30.0,16.665,30.000000000000004,53.335,0,RR(cost=1.0),[6],1.2506555020989498,0.1081934310682078,0.33789328547886,0.60210671452114,0.63210671452114,0.0,-0.15762534249904242,False,False,False,False,3bf02b78-044d-41c5-b6dd-dc3780973988
1,low_traffic,45,95,discrete,resource_efficient,2,MTC,0.6144000000000001,1536.0,768.0,159.0,269.0,50.0,50.0,6.0,53.34000000000001,16.665,30.000000000000004,53.335,0,RR(cost=1.0),[6],1.2506555020989498,0.1081934310682078,0.33789328547886,0.60210671452114,0.63210671452114,0.0,-0.15762534249904242,False,False,False,False,3bf02b78-044d-41c5-b6dd-dc3780973988
1,low_traffic,45,96,discrete,resource_efficient,0,eMBB,9.7792,70288.0,12224.0,2516396.0,3077289.0,82.61,17.39,38.0,16.66,16.665,30.000000000000004,53.335,0,RR(cost=1.0),[6],1.2482937287445437,0.09152525591266625,0.34067804161148907,0.599321958388511,0.6293219583885109,0.0,-0.15928812385057334,False,False,False,False,3bf02b78-044d-41c5-b6dd-dc3780973988
1,low_traffic,45,96,discrete,resource_efficient,1,URLLC,1.6848,2028.0,2106.0,87.0,87.0,0.0,100.0,0.0,30.0,16.665,30.000000000000004,53.335,0,RR(cost=1.0),[6],1.2482937287445437,0.09152525591266625,0.34067804161148907,0.599321958388511,0.6293219583885109,0.0,-0.15928812385057334,False,False,False,False,3bf02b78-044d-41c5-b6dd-dc3780973988
1,low_traffic,45,96,discrete,resource_efficient,2,MTC,0.6144000000000001,2304.0,768.0,159.0,269.0,66.66499999999999,33.33500000000001,12.0,53.34000000000001,16.665,30.000000000000004,53.335,0,RR(cost=1.0),[6],1.2482937287445437,0.09152525591266625,0.34067804161148907,0.599321958388511,0.6293219583885109,0.0,-0.15928812385057334,False,False,False,False,3bf02b78-044d-41c5-b6dd-dc3780973988
1,low_traffic,45,97,discrete,resource_efficient,0,eMBB,15.8912,70288.0,19864.0,2553700.0,3135440.0,71.74,28.260000000000005,33.0,16.66,16.665,30.000000000000004,53.335,0,RR(cost=1.0),[6],0.0,0.1249047618255094,0.3375504198245296,0.6024495801754705,0.6324495801754704,0.0,0.0,False,True,False,False,3bf02b78-044d-41c5-b6dd-dc3780973988
1,low_traffic,45,97,discrete,resource_efficient,1,URLLC,1.6224,1872.0,2028.0,251.0,251.0,0.0,100.0,0.0,30.0,16.665,30.000000000000004,53.335,0,RR(cost=1.0),[6],0.0,0.1249047618255094,0.3375504198245296,0.6024495801754705,0.6324495801754704,0.0,0.0,False,False,False,False,3bf02b78-044d-41c5-b6dd-dc3780973988
1,low_traffic,45,97,discrete,resource_efficient,2,MTC,0.6144000000000001,1536.0,768.0,181.0,401.0,50.0,50.0,6.0,53.34000000000001,16.665,30.000000000000004,53.335,0,RR(cost=1.0),[6],0.0,0.1249047618255094,0.3375504198245296,0.6024495801754705,0.6324495801754704,0.0,0.0,False,False,False,False,3bf02b78-044d-41c5-b6dd-dc3780973988
1,low_traffic,45,98,discrete,resource_efficient,0,eMBB,9.7792,70288.0,12224.0,2574778.5,3159002.0,82.61,17.39,38.0,16.66,16.665,30.000000000000004,53.335,0,RR(cost=1.0),[6],1.2474106716530504,0.09980127197197432,0.3362958851058976,0.6037041148941025,0.6337041148941024,0.0,-0.16026221454206657,False,False,False,False,3bf02b78-044d-41c5-b6dd-dc3780973988
1,low_traffic,45,98,discrete,resource_efficient,1,URLLC,1.6224,2028.0,2028.0,72.0,87.0,0.0,100.0,0.0,30.0,16.665,30.000000000000004,53.335,0,RR(cost=1.0),[6],1.2474106716530504,0.09980127197197432,0.3362958851058976,0.6037041148941025,0.6337041148941024,0.0,-0.16026221454206657,False,False,False,False,3bf02b78-044d-41c5-b6dd-dc3780973988
1,low_traffic,45,98,discrete,resource_efficient,2,MTC,0.9216,1536.0,1152.0,137.0,137.0,33.333333333333336,66.66666666666666,4.0,53.34000000000001,16.665,30.000000000000004,53.335,0,RR(cost=1.0),[6],1.2474106716530504,0.09980127197197432,0.3362958851058976,0.6037041148941025,0.6337041148941024,0.0,-0.16026221454206657,False,False,False,False,3bf02b78-044d-41c5-b6dd-dc3780973988
1,low_traffic,45,99,discrete,resource_efficient,0,eMBB,12.224,70288.0,15280.0,2601088.5,3191361.0,78.26,21.739999999999995,36.0,16.66,16.665,30.000000000000004,53.335,0,RR(cost=1.0),[6],1.2500232719071431,0.10657246453804894,0.3373798906692351,0.6026201093307649,0.6326201093307648,0.0,-0.15825757269084914,False,False,False,False,3bf02b78-044d-41c5-b6dd-dc3780973988
1,low_traffic,45,99,discrete,resource_efficient,1,URLLC,1.6224,1872.0,2028.0,112.5,138.0,0.0,100.0,0.0,30.0,16.665,30.000000000000004,53.335,0,RR(cost=1.0),[6],1.2500232719071431,0.10657246453804894,0.3373798906692351,0.6026201093307649,0.6326201093307648,0.0,-0.15825757269084914,False,False,False,False,3bf02b78-044d-41c5-b6dd-dc3780973988
1,low_traffic,45,99,discrete,resource_efficient,2,MTC,0.6144000000000001,1536.0,768.0,159.0,269.0,50.0,50.0,6.0,53.34000000000001,16.665,30.000000000000004,53.335,0,RR(cost=1.0),[6],1.2500232719071431,0.10657246453804894,0.3373798906692351,0.6026201093307649,0.6326201093307648,0.0,-0.15825757269084914,False,False,False,False,3bf02b78-044d-41c5-b6dd-dc3780973988
1,low_traffic,45,100,discrete,resource_efficient,0,eMBB,12.224,70288.0,15280.0,2627855.0,3224408.0,78.26,21.739999999999995,36.0,16.66,16.665,30.000000000000004,53.335,0,RR(cost=1.0),[6],1.2519713288539864,0.10431800985854217,0.338016169145268,0.6019838308547321,0.631983830854732,0.0,-0.15832669654113077,False,False,False,True,3bf02b78-044d-41c5-b6dd-dc3780973988
1,low_traffic,45,100,discrete,resource_efficient,1,URLLC,1.4976,2028.0,1872.0,87.0,87.0,7.69,92.31,2.0,30.0,16.665,30.000000000000004,53.335,0,RR(cost=1.0),[6],1.2519713288539864,0.10431800985854217,0.338016169145268,0.6019838308547321,0.631983830854732,0.0,-0.15832669654113077,False,False,False,True,3bf02b78-044d-41c5-b6dd-dc3780973988
1,low_traffic,45,100,discrete,resource_efficient,2,MTC,0.6144000000000001,1536.0,768.0,159.0,269.0,50.0,50.0,6.0,53.34000000000001,16.665,30.000000000000004,53.335,0,RR(cost=1.0),[6],1.2519713288539864,0.10431800985854217,0.338016169145268,0.6019838308547321,0.631983830854732,0.0,-0.15832669654113077,False,False,False,True,3bf02b78-044d-41c5-b6dd-dc3780973988
