timestamp,ueImsi,sliceId,dTxBytes,dRxBytes,plr,resourceSharePct,dLostPackets,throughputMbps,bufferBytes
560,1,0,24448,3056,87.50,45.64,14,2.4448,131028
560,2,0,24448,3056,87.50,45.64,14,2.4448,130987
560,3,0,24448,3056,87.50,45.64,14,2.4448,131002
560,4,0,24448,3056,87.50,45.64,14,2.4448,131014
560,5,0,24448,3056,87.50,45.64,14,2.4448,130999
560,6,1,780,702,10.00,32.52,1,0.5616,87
560,7,1,780,702,10.00,32.52,1,0.5616,87
560,8,1,780,702,10.00,32.52,1,0.5616,87
560,9,1,780,702,10.00,32.52,1,0.5616,87
560,10,1,780,702,10.00,32.52,1,0.5616,87
560,11,2,16000,896,94.40,21.84,118,0.7168,87370
560,12,2,16000,1024,93.60,21.84,117,0.8192,87306
560,13,2,16000,896,94.40,21.84,118,0.7168,87367
560,14,2,16000,896,94.40,21.84,118,0.7168,87282
560,15,2,16000,896,94.40,21.84,118,0.7168,87276
560,16,2,16000,1024,93.60,21.84,117,0.8192,87263
560,17,2,16000,896,94.40,21.84,118,0.7168,87273
560,18,2,16000,1024,93.60,21.84,117,0.8192,87283
560,19,2,16000,1024,93.60,21.84,117,0.8192,87284
560,20,2,16000,1024,93.60,21.84,117,0.8192,87275
