timestamp,ueImsi,sliceId,dTxBytes,dRxBytes,plr,resourceSharePct,dLostPackets,throughputMbps,bufferBytes
570,1,0,25976,4584,82.35,26.25,14,3.6672,146060
570,2,0,25976,4584,82.35,26.25,14,3.6672,146079
570,3,0,25976,4584,82.35,26.25,14,3.6672,146018
570,4,0,25976,4584,82.35,26.25,14,3.6672,146049
570,5,0,25976,4584,82.35,26.25,14,3.6672,146008
570,6,1,390,390,0.00,51.22,0,0.3120,87
570,7,1,390,390,0.00,51.22,0,0.3120,87
570,8,1,390,390,0.00,51.22,0,0.3120,87
570,9,1,390,390,0.00,51.22,0,0.3120,87
570,10,1,390,390,0.00,51.22,0,0.3120,87
570,11,2,16000,1536,90.40,22.54,113,1.2288,102205
570,12,2,16000,1536,90.40,22.54,113,1.2288,102193
570,13,2,16000,1536,90.40,22.54,113,1.2288,102219
570,14,2,16000,1408,91.20,22.54,114,1.1264,102219
570,15,2,16000,1408,91.20,22.54,114,1.1264,102226
570,16,2,16000,1408,91.20,22.54,114,1.1264,102242
570,17,2,16000,1408,91.20,22.54,114,1.1264,102234
570,18,2,16000,1536,90.40,22.54,113,1.2288,102205
570,19,2,16000,1536,90.40,22.54,113,1.2288,102217
570,20,2,16000,1536,90.40,22.54,113,1.2288,102218
