timestamp,ueImsi,sliceId,dTxBytes,dRxBytes,plr,resourceSharePct,dLostPackets,throughputMbps,bufferBytes
640,1,0,25976,3056,88.24,42.82,15,2.4448,290393
640,2,0,25976,3056,88.24,42.82,15,2.4448,290419
640,3,0,25976,3056,88.24,42.82,15,2.4448,290416
640,4,0,25976,3056,88.24,42.82,15,2.4448,290382
640,5,0,25976,3056,88.24,42.82,15,2.4448,290302
640,6,1,390,390,0.00,36.59,0,0.3120,87
640,7,1,390,390,0.00,36.59,0,0.3120,87
640,8,1,390,390,0.00,36.59,0,0.3120,87
640,9,1,390,390,0.00,36.59,0,0.3120,87
640,10,1,390,390,0.00,36.59,0,0.3120,87
640,11,2,16000,1152,92.80,20.60,116,0.9216,206628
640,12,2,16000,1152,92.80,20.60,116,0.9216,206607
640,13,2,16000,1152,92.80,20.60,116,0.9216,206610
640,14,2,16000,1280,92.00,20.60,115,1.0240,206591
640,15,2,16000,1280,92.00,20.60,115,1.0240,206578
640,16,2,16000,1280,92.00,20.60,115,1.0240,206571
640,17,2,16000,1280,92.00,20.60,115,1.0240,206584
640,18,2,16000,1280,92.00,20.60,115,1.0240,206518
640,19,2,16000,1280,92.00,20.60,115,1.0240,206591
640,20,2,16000,1280,92.00,20.60,115,1.0240,206574
