timestamp,ueImsi,sliceId,dTxBytes,dRxBytes,plr,resourceSharePct,dLostPackets,throughputMbps,bufferBytes
1510,1,0,35144,0,100.00,43.23,23,0.0000,3141950
1510,2,0,35144,24448,30.43,43.23,7,19.5584,1639850
1510,3,1,1014,936,7.69,34.03,1,0.7488,87
1510,4,1,1014,936,7.69,34.03,1,0.7488,87
1510,5,2,256,0,100.00,22.73,2,0.0000,269
1510,6,2,256,256,0.00,22.73,0,0.2048,137
1510,7,2,256,0,100.00,22.73,2,0.0000,269
1510,8,2,256,256,0.00,22.73,0,0.2048,137
1510,9,2,256,256,0.00,22.73,0,0.2048,137
1510,10,2,256,0,100.00,22.73,2,0.0000,137
