timestamp,sliceId,dedicatedPRB,minPRB,maxPRB,algorithm
510,0,56.665,56.665,100.0,0
510,1,25.0,25.0,100.0,0
510,2,18.335,18.335,100.0,0
520,0,56.665,56.665,100.0,0
520,1,25.0,25.0,100.0,0
520,2,18.335,18.335,100.0,0
530,0,56.665,56.665,100.0,0
530,1,25.0,25.0,100.0,0
530,2,18.335,18.335,100.0,0
540,0,36.665000000000006,36.665000000000006,100.0,0
540,1,30.000000000000004,30.000000000000004,100.0,0
540,2,33.335,33.335,100.0,0
550,0,16.665000000000003,16.665000000000003,100.0,2
550,1,70.0,70.0,100.0,2
550,2,13.335000000000003,13.335000000000003,100.0,2
560,0,41.665,41.665,100.0,2
560,1,25.0,25.0,100.0,2
560,2,33.335,33.335,100.0,2
570,0,16.665000000000003,16.665000000000003,100.0,2
570,1,70.0,70.0,100.0,2
570,2,13.335000000000003,13.335000000000003,100.0,2
580,0,41.665,41.665,100.0,2
580,1,25.0,25.0,100.0,2
580,2,33.335,33.335,100.0,2
590,0,16.665000000000003,16.665000000000003,100.0,2
590,1,70.0,70.0,100.0,2
590,2,13.335000000000003,13.335000000000003,100.0,2
600,0,41.665,41.665,100.0,2
600,1,25.0,25.0,100.0,2
600,2,33.335,33.335,100.0,2
610,0,16.665,16.665,100.0,2
610,1,20.0,20.0,100.0,2
610,2,63.334999999999994,63.334999999999994,100.0,2
620,0,16.665,16.665,100.0,0
620,1,60.00000000000001,60.00000000000001,100.0,0
620,2,23.335,23.335,100.0,0
630,0,16.665,16.665,100.0,0
630,1,60.00000000000001,60.00000000000001,100.0,0
630,2,23.335,23.335,100.0,0
640,0,16.665,16.665,100.0,0
640,1,60.00000000000001,60.00000000000001,100.0,0
640,2,23.335,23.335,100.0,0
650,0,16.665,16.665,100.0,1
650,1,40.0,40.0,100.0,1
650,2,43.335,43.335,100.0,1
660,0,16.665,16.665,100.0,1
660,1,40.0,40.0,100.0,1
660,2,43.335,43.335,100.0,1
670,0,16.665,16.665,100.0,1
670,1,40.0,40.0,100.0,1
670,2,43.335,43.335,100.0,1
680,0,16.665,16.665,100.0,1
680,1,40.0,40.0,100.0,1
680,2,43.335,43.335,100.0,1
690,0,56.665,56.665,100.0,1
690,1,30.000000000000004,30.000000000000004,100.0,1
690,2,13.334999999999999,13.334999999999999,100.0,1
700,0,16.665,16.665,100.0,1
700,1,20.0,20.0,100.0,1
700,2,63.334999999999994,63.334999999999994,100.0,1
710,0,16.665,16.665,100.0,1
710,1,20.0,20.0,100.0,1
710,2,63.334999999999994,63.334999999999994,100.0,1
720,0,16.665,16.665,100.0,1
720,1,20.0,20.0,100.0,1
720,2,63.334999999999994,63.334999999999994,100.0,1
730,0,16.665,16.665,100.0,1
730,1,20.0,20.0,100.0,1
730,2,63.334999999999994,63.334999999999994,100.0,1
740,0,26.665,26.665,100.0,0
740,1,25.0,25.0,100.0,0
740,2,48.334999999999994,48.334999999999994,100.0,0
750,0,31.665,31.665,100.0,1
750,1,55.00000000000001,55.00000000000001,100.0,1
750,2,13.334999999999999,13.334999999999999,100.0,1
760,0,31.665,31.665,100.0,1
760,1,55.00000000000001,55.00000000000001,100.0,1
760,2,13.334999999999999,13.334999999999999,100.0,1
770,0,31.665,31.665,100.0,1
770,1,55.00000000000001,55.00000000000001,100.0,1
770,2,13.334999999999999,13.334999999999999,100.0,1
780,0,31.665,31.665,100.0,1
780,1,55.00000000000001,55.00000000000001,100.0,1
780,2,13.334999999999999,13.334999999999999,100.0,1
790,0,31.665,31.665,100.0,1
790,1,55.00000000000001,55.00000000000001,100.0,1
790,2,13.334999999999999,13.334999999999999,100.0,1
800,0,31.665,31.665,100.0,1
800,1,55.00000000000001,55.00000000000001,100.0,1
800,2,13.334999999999999,13.334999999999999,100.0,1
810,0,31.665,31.665,100.0,1
810,1,55.00000000000001,55.00000000000001,100.0,1
810,2,13.334999999999999,13.334999999999999,100.0,1
820,0,36.665000000000006,36.665000000000006,100.0,2
820,1,20.0,20.0,100.0,2
820,2,43.335,43.335,100.0,2
830,0,16.665,16.665,100.0,1
830,1,45.0,45.0,100.0,1
830,2,38.334999999999994,38.334999999999994,100.0,1
840,0,16.665,16.665,100.0,1
840,1,45.0,45.0,100.0,1
840,2,38.334999999999994,38.334999999999994,100.0,1
850,0,16.665,16.665,100.0,1
850,1,45.0,45.0,100.0,1
850,2,38.334999999999994,38.334999999999994,100.0,1
860,0,16.665,16.665,100.0,1
860,1,45.0,45.0,100.0,1
860,2,38.334999999999994,38.334999999999994,100.0,1
870,0,16.665,16.665,100.0,1
870,1,45.0,45.0,100.0,1
870,2,38.334999999999994,38.334999999999994,100.0,1
880,0,16.665,16.665,100.0,1
880,1,45.0,45.0,100.0,1
880,2,38.334999999999994,38.334999999999994,100.0,1
890,0,16.665,16.665,100.0,0
890,1,40.0,40.0,100.0,0
890,2,43.335,43.335,100.0,0
900,0,31.665,31.665,100.0,0
900,1,20.0,20.0,100.0,0
900,2,48.334999999999994,48.334999999999994,100.0,0
910,0,16.665,16.665,100.0,1
910,1,45.0,45.0,100.0,1
910,2,38.334999999999994,38.334999999999994,100.0,1
920,0,31.665,31.665,100.0,0
920,1,20.0,20.0,100.0,0
920,2,48.334999999999994,48.334999999999994,100.0,0
930,0,16.665,16.665,100.0,2
930,1,25.0,25.0,100.0,2
930,2,58.335,58.335,100.0,2
940,0,16.665,16.665,100.0,1
940,1,45.0,45.0,100.0,1
940,2,38.334999999999994,38.334999999999994,100.0,1
950,0,26.665000000000006,26.665000000000006,100.0,2
950,1,35.0,35.0,100.0,2
950,2,38.335,38.335,100.0,2
960,0,26.665000000000006,26.665000000000006,100.0,2
960,1,35.0,35.0,100.0,2
960,2,38.335,38.335,100.0,2
970,0,26.665000000000006,26.665000000000006,100.0,2
970,1,35.0,35.0,100.0,2
970,2,38.335,38.335,100.0,2
980,0,26.665000000000006,26.665000000000006,100.0,2
980,1,35.0,35.0,100.0,2
980,2,38.335,38.335,100.0,2
990,0,26.665,26.665,100.0,1
990,1,40.0,40.0,100.0,1
990,2,33.335,33.335,100.0,1
1000,0,26.665,26.665,100.0,1
1000,1,40.0,40.0,100.0,1
1000,2,33.335,33.335,100.0,1
1010,0,26.665,26.665,100.0,1
1010,1,40.0,40.0,100.0,1
1010,2,33.335,33.335,100.0,1
1020,0,26.665,26.665,100.0,1
1020,1,40.0,40.0,100.0,1
1020,2,33.335,33.335,100.0,1
1030,0,26.665,26.665,100.0,1
1030,1,40.0,40.0,100.0,1
1030,2,33.335,33.335,100.0,1
1040,0,26.665,26.665,100.0,1
1040,1,40.0,40.0,100.0,1
1040,2,33.335,33.335,100.0,1
1050,0,26.665,26.665,100.0,1
1050,1,40.0,40.0,100.0,1
1050,2,33.335,33.335,100.0,1
1060,0,26.665,26.665,100.0,2
1060,1,25.0,25.0,100.0,2
1060,2,48.334999999999994,48.334999999999994,100.0,2
1070,0,26.665,26.665,100.0,1
1070,1,40.0,40.0,100.0,1
1070,2,33.335,33.335,100.0,1
1080,0,26.665,26.665,100.0,1
1080,1,40.0,40.0,100.0,1
1080,2,33.335,33.335,100.0,1
1090,0,26.665,26.665,100.0,1
1090,1,40.0,40.0,100.0,1
1090,2,33.335,33.335,100.0,1
1100,0,26.665,26.665,100.0,1
1100,1,40.0,40.0,100.0,1
1100,2,33.335,33.335,100.0,1
1110,0,21.665,21.665,100.0,2
1110,1,55.00000000000001,55.00000000000001,100.0,2
1110,2,23.335,23.335,100.0,2
1120,0,21.665,21.665,100.0,2
1120,1,55.00000000000001,55.00000000000001,100.0,2
1120,2,23.335,23.335,100.0,2
1130,0,21.665,21.665,100.0,2
1130,1,55.00000000000001,55.00000000000001,100.0,2
1130,2,23.335,23.335,100.0,2
1140,0,21.665,21.665,100.0,2
1140,1,55.00000000000001,55.00000000000001,100.0,2
1140,2,23.335,23.335,100.0,2
1150,0,26.665000000000006,26.665000000000006,100.0,1
1150,1,35.0,35.0,100.0,1
1150,2,38.335,38.335,100.0,1
1160,0,26.665000000000006,26.665000000000006,100.0,1
1160,1,35.0,35.0,100.0,1
1160,2,38.335,38.335,100.0,1
1170,0,26.665000000000006,26.665000000000006,100.0,1
1170,1,35.0,35.0,100.0,1
1170,2,38.335,38.335,100.0,1
1180,0,26.665000000000006,26.665000000000006,100.0,1
1180,1,35.0,35.0,100.0,1
1180,2,38.335,38.335,100.0,1
1190,0,26.665000000000006,26.665000000000006,100.0,1
1190,1,35.0,35.0,100.0,1
1190,2,38.335,38.335,100.0,1
1200,0,26.665000000000006,26.665000000000006,100.0,1
1200,1,35.0,35.0,100.0,1
1200,2,38.335,38.335,100.0,1
1210,0,26.665000000000006,26.665000000000006,100.0,1
1210,1,35.0,35.0,100.0,1
1210,2,38.335,38.335,100.0,1
1220,0,26.665000000000006,26.665000000000006,100.0,1
1220,1,35.0,35.0,100.0,1
1220,2,38.335,38.335,100.0,1
1230,0,36.665000000000006,36.665000000000006,100.0,2
1230,1,50.0,50.0,100.0,2
1230,2,13.334999999999999,13.334999999999999,100.0,2
1240,0,36.665000000000006,36.665000000000006,100.0,2
1240,1,50.0,50.0,100.0,2
1240,2,13.334999999999999,13.334999999999999,100.0,2
1250,0,36.665000000000006,36.665000000000006,100.0,2
1250,1,50.0,50.0,100.0,2
1250,2,13.334999999999999,13.334999999999999,100.0,2
1260,0,36.665000000000006,36.665000000000006,100.0,2
1260,1,50.0,50.0,100.0,2
1260,2,13.334999999999999,13.334999999999999,100.0,2
1270,0,36.665000000000006,36.665000000000006,100.0,2
1270,1,50.0,50.0,100.0,2
1270,2,13.334999999999999,13.334999999999999,100.0,2
1280,0,36.665000000000006,36.665000000000006,100.0,2
1280,1,50.0,50.0,100.0,2
1280,2,13.334999999999999,13.334999999999999,100.0,2
1290,0,36.665000000000006,36.665000000000006,100.0,2
1290,1,50.0,50.0,100.0,2
1290,2,13.334999999999999,13.334999999999999,100.0,2
1300,0,36.665000000000006,36.665000000000006,100.0,2
1300,1,50.0,50.0,100.0,2
1300,2,13.334999999999999,13.334999999999999,100.0,2
1310,0,36.665000000000006,36.665000000000006,100.0,2
1310,1,50.0,50.0,100.0,2
1310,2,13.334999999999999,13.334999999999999,100.0,2
1320,0,61.665000000000006,61.665000000000006,100.0,1
1320,1,20.0,20.0,100.0,1
1320,2,18.335,18.335,100.0,1
1330,0,16.665,16.665,100.0,0
1330,1,40.0,40.0,100.0,0
1330,2,43.335,43.335,100.0,0
1340,0,16.665,16.665,100.0,0
1340,1,40.0,40.0,100.0,0
1340,2,43.335,43.335,100.0,0
1350,0,16.665,16.665,100.0,0
1350,1,40.0,40.0,100.0,0
1350,2,43.335,43.335,100.0,0
1360,0,16.665,16.665,100.0,0
1360,1,40.0,40.0,100.0,0
1360,2,43.335,43.335,100.0,0
1370,0,61.665000000000006,61.665000000000006,100.0,2
1370,1,20.0,20.0,100.0,2
1370,2,18.335,18.335,100.0,2
1380,0,51.665000000000006,51.665000000000006,100.0,2
1380,1,35.0,35.0,100.0,2
1380,2,13.335000000000003,13.335000000000003,100.0,2
1390,0,61.665000000000006,61.665000000000006,100.0,2
1390,1,20.0,20.0,100.0,2
1390,2,18.335,18.335,100.0,2
1400,0,51.665000000000006,51.665000000000006,100.0,2
1400,1,35.0,35.0,100.0,2
1400,2,13.335000000000003,13.335000000000003,100.0,2
1410,0,61.665000000000006,61.665000000000006,100.0,2
1410,1,20.0,20.0,100.0,2
1410,2,18.335,18.335,100.0,2
1420,0,61.665000000000006,61.665000000000006,100.0,2
1420,1,20.0,20.0,100.0,2
1420,2,18.335,18.335,100.0,2
1430,0,61.665000000000006,61.665000000000006,100.0,2
1430,1,20.0,20.0,100.0,2
1430,2,18.335,18.335,100.0,2
1440,0,61.665000000000006,61.665000000000006,100.0,2
1440,1,20.0,20.0,100.0,2
1440,2,18.335,18.335,100.0,2
1450,0,61.665000000000006,61.665000000000006,100.0,2
1450,1,20.0,20.0,100.0,2
1450,2,18.335,18.335,100.0,2
1460,0,61.665000000000006,61.665000000000006,100.0,2
1460,1,20.0,20.0,100.0,2
1460,2,18.335,18.335,100.0,2
1470,0,61.665000000000006,61.665000000000006,100.0,2
1470,1,20.0,20.0,100.0,2
1470,2,18.335,18.335,100.0,2
1480,0,61.665000000000006,61.665000000000006,100.0,2
1480,1,20.0,20.0,100.0,2
1480,2,18.335,18.335,100.0,2
1490,0,61.665000000000006,61.665000000000006,100.0,2
1490,1,20.0,20.0,100.0,2
1490,2,18.335,18.335,100.0,2
1500,0,61.665000000000006,61.665000000000006,100.0,2
1500,1,20.0,20.0,100.0,2
1500,2,18.335,18.335,100.0,2
