timestamp,sliceId,dedicatedPRB,minPRB,maxPRB
510,0,35.59285394267725,35.59285394267725,100.0
510,1,31.804313057256483,31.804313057256483,100.0
510,2,32.60283300006626,32.60283300006626,100.0
520,0,28.06589071900486,28.06589071900486,100.0
520,1,37.25433326374899,37.25433326374899,100.0
520,2,34.67977601724614,34.67977601724614,100.0
530,0,47.90957042397929,47.90957042397929,100.0
530,1,32.65441467993176,32.65441467993176,100.0
530,2,19.43601489608895,19.43601489608895,100.0
540,0,28.56682549871098,28.56682549871098,100.0
540,1,45.050966543824266,45.050966543824266,100.0
540,2,26.38220795746476,26.38220795746476,100.0
550,0,26.974100877146988,26.974100877146988,100.0
550,1,29.882524404914196,29.882524404914196,100.0
550,2,43.14337471793881,43.14337471793881,100.0
