timestamp,ueImsi,sliceId,dTxBytes,dRxBytes,plr,resourceSharePct,dLostPackets,throughputMbps,bufferBytes
570,1,0,18336,4584,75.00,36.67,9,3.6672,98471
570,2,0,18336,4584,75.00,36.67,9,3.6672,97896
570,3,0,18336,3056,83.33,36.67,10,2.4448,97189
570,4,0,18336,4584,75.00,36.67,9,3.6672,96508
570,5,0,18336,3056,83.33,36.67,10,2.4448,96411
570,6,1,390,468,0.00,25.00,0,0.3744,87
570,7,1,390,468,0.00,25.00,0,0.3744,87
570,8,1,390,468,0.00,25.00,0,0.3744,87
570,9,1,390,468,0.00,25.00,0,0.3744,87
570,10,1,390,468,0.00,25.00,0,0.3744,87
570,11,2,384,384,0.00,38.33,0,0.3072,137
570,12,2,384,384,0.00,38.33,0,0.3072,137
570,13,2,384,384,0.00,38.33,0,0.3072,137
570,14,2,384,384,0.00,38.33,0,0.3072,137
570,15,2,384,384,0.00,38.33,0,0.3072,137
570,16,2,384,384,0.00,38.33,0,0.3072,137
570,17,2,384,384,0.00,38.33,0,0.3072,137
570,18,2,384,384,0.00,38.33,0,0.3072,137
570,19,2,384,384,0.00,38.33,0,0.3072,137
570,20,2,384,384,0.00,38.33,0,0.3072,137
