timestamp,sliceId,dedicatedPRB,minPRB,maxPRB
510,0,28.889313162853412,28.889313162853412,100.0
510,1,49.31312498643513,49.31312498643513,100.0
510,2,21.797561850711457,21.797561850711457,100.0
520,0,34.55125598178692,34.55125598178692,100.0
520,1,43.54811147845091,43.54811147845091,100.0
520,2,21.900632539762164,21.900632539762164,100.0
530,0,30.20971383213181,30.20971383213181,100.0
530,1,38.59612805083935,38.59612805083935,100.0
530,2,31.194158117028834,31.194158117028834,100.0
540,0,45.32668575191033,45.32668575191033,100.0
540,1,33.627792684212224,33.627792684212224,100.0
540,2,21.04552156387744,21.04552156387744,100.0
550,0,34.336407204597705,34.336407204597705,100.0
550,1,36.96887462639218,36.96887462639218,100.0
550,2,28.69471816901012,28.69471816901012,100.0
560,0,42.9205603596577,42.9205603596577,100.0
560,1,34.076572153305484,34.076572153305484,100.0
560,2,23.00286748703681,23.00286748703681,100.0
570,0,29.931632338910063,29.931632338910063,100.0
570,1,31.615768635920418,31.615768635920418,100.0
570,2,38.45259902516952,38.45259902516952,100.0
580,0,33.78515380322249,33.78515380322249,100.0
580,1,45.49626208537248,45.49626208537248,100.0
580,2,20.71858411140503,20.71858411140503,100.0
590,0,24.352940710566365,24.352940710566365,100.0
590,1,51.06584433849836,51.06584433849836,100.0
590,2,24.581214950935284,24.581214950935284,100.0
600,0,44.756997801739,44.756997801739,100.0
600,1,25.6054440093582,25.6054440093582,100.0
600,2,29.6375581889028,29.6375581889028,100.0
610,0,24.473736165820704,24.473736165820704,100.0
610,1,29.09079010149454,29.09079010149454,100.0
610,2,46.43547373268476,46.43547373268476,100.0
620,0,29.743077670334173,29.743077670334173,100.0
620,1,33.86373154910755,33.86373154910755,100.0
620,2,36.39319078055828,36.39319078055828,100.0
630,0,34.41470356875822,34.41470356875822,100.0
630,1,44.91989505354843,44.91989505354843,100.0
630,2,20.665401377693343,20.665401377693343,100.0
640,0,43.67675308533233,43.67675308533233,100.0
640,1,29.578389865587752,29.578389865587752,100.0
640,2,26.744857049079933,26.744857049079933,100.0
650,0,25.288475334343296,25.288475334343296,100.0
650,1,52.890143767509045,52.890143767509045,100.0
650,2,21.821380898147652,21.821380898147652,100.0
660,0,42.70928197425191,42.70928197425191,100.0
660,1,31.400198151075898,31.400198151075898,100.0
660,2,25.890519874672187,25.890519874672187,100.0
670,0,40.433954946754746,40.433954946754746,100.0
670,1,29.739917283156203,29.739917283156203,100.0
670,2,29.826127770089055,29.826127770089055,100.0
680,0,25.209388032184304,25.209388032184304,100.0
680,1,30.418390120267482,30.418390120267482,100.0
680,2,44.37222184754822,44.37222184754822,100.0
690,0,26.1872984017475,26.1872984017475,100.0
690,1,41.017788098779015,41.017788098779015,100.0
690,2,32.794913499473495,32.794913499473495,100.0
700,0,39.84728506451279,39.84728506451279,100.0
700,1,25.259831811271656,25.259831811271656,100.0
700,2,34.892883124215565,34.892883124215565,100.0
710,0,25.91250619573735,25.91250619573735,100.0
710,1,45.3796416270262,45.3796416270262,100.0
710,2,28.707852177236447,28.707852177236447,100.0
720,0,32.53557344641703,32.53557344641703,100.0
720,1,33.607422245243825,33.607422245243825,100.0
720,2,33.85700430833914,33.85700430833914,100.0
730,0,21.161640955006543,21.161640955006543,100.0
730,1,37.20568724182131,37.20568724182131,100.0
730,2,41.63267180317215,41.63267180317215,100.0
740,0,31.411729608584395,31.411729608584395,100.0
740,1,42.62210053950305,42.62210053950305,100.0
740,2,25.966169851912557,25.966169851912557,100.0
750,0,30.8794689306022,30.8794689306022,100.0
750,1,31.149486134947104,31.149486134947104,100.0
750,2,37.97104493445071,37.97104493445071,100.0
760,0,32.04931350437384,32.04931350437384,100.0
760,1,44.44095044149772,44.44095044149772,100.0
760,2,23.50973605412844,23.50973605412844,100.0
770,0,32.58174652288456,32.58174652288456,100.0
770,1,35.10456048640167,35.10456048640167,100.0
770,2,32.313692990713776,32.313692990713776,100.0
780,0,23.356411383391382,23.356411383391382,100.0
780,1,32.61167104227261,32.61167104227261,100.0
780,2,44.03191757433601,44.03191757433601,100.0
790,0,39.0835041609595,39.0835041609595,100.0
790,1,39.641834786098904,39.641834786098904,100.0
790,2,21.274661052941596,21.274661052941596,100.0
800,0,28.27677745050261,28.27677745050261,100.0
800,1,36.28800620314799,36.28800620314799,100.0
800,2,35.4352163463494,35.4352163463494,100.0
810,0,34.02073882749537,34.02073882749537,100.0
810,1,25.97975750005796,25.97975750005796,100.0
810,2,39.999503672446664,39.999503672446664,100.0
820,0,51.68093837513364,51.68093837513364,100.0
820,1,28.538826777043035,28.538826777043035,100.0
820,2,19.78023484782332,19.78023484782332,100.0
830,0,40.609603812508226,40.609603812508226,100.0
830,1,28.21090502019211,28.21090502019211,100.0
830,2,31.179491167299656,31.179491167299656,100.0
840,0,41.498772255389696,41.498772255389696,100.0
840,1,26.088093252806626,26.088093252806626,100.0
840,2,32.41313449180368,32.41313449180368,100.0
850,0,26.17053079668773,26.17053079668773,100.0
850,1,40.0817506221542,40.0817506221542,100.0
850,2,33.74771858115807,33.74771858115807,100.0
860,0,30.050813543778276,30.050813543778276,100.0
860,1,36.44822745579381,36.44822745579381,100.0
860,2,33.50095900042792,33.50095900042792,100.0
870,0,50.96582726422504,50.96582726422504,100.0
870,1,26.32043752964236,26.32043752964236,100.0
870,2,22.713735206132597,22.713735206132597,100.0
880,0,28.243411659740218,28.243411659740218,100.0
880,1,27.15323154201867,27.15323154201867,100.0
880,2,44.603356798241116,44.603356798241116,100.0
890,0,31.10467991722118,31.10467991722118,100.0
890,1,37.188662347961994,37.188662347961994,100.0
890,2,31.706657734816833,31.706657734816833,100.0
900,0,43.256744849920615,43.256744849920615,100.0
900,1,37.958034150682465,37.958034150682465,100.0
900,2,18.785220999396923,18.785220999396923,100.0
910,0,34.262260575523726,34.262260575523726,100.0
910,1,28.914467270362103,28.914467270362103,100.0
910,2,36.82327215411418,36.82327215411418,100.0
920,0,46.28877954859103,46.28877954859103,100.0
920,1,26.59678713313061,26.59678713313061,100.0
920,2,27.11443331827836,27.11443331827836,100.0
930,0,34.08594882747714,34.08594882747714,100.0
930,1,39.82912295621303,39.82912295621303,100.0
930,2,26.084928216309834,26.084928216309834,100.0
940,0,26.399688368768672,26.399688368768672,100.0
940,1,53.246872541026626,53.246872541026626,100.0
940,2,20.353439090204713,20.353439090204713,100.0
950,0,31.53386255841474,31.53386255841474,100.0
950,1,48.41737949556647,48.41737949556647,100.0
950,2,20.048757946018796,20.048757946018796,100.0
960,0,40.443568786076625,40.443568786076625,100.0
960,1,29.579576964856823,29.579576964856823,100.0
960,2,29.976854249066555,29.976854249066555,100.0
970,0,38.54679113437784,38.54679113437784,100.0
970,1,36.805481640598906,36.805481640598906,100.0
970,2,24.647727225023246,24.647727225023246,100.0
980,0,28.360891847615722,28.360891847615722,100.0
980,1,40.839006169225215,40.839006169225215,100.0
980,2,30.800101983159074,30.800101983159074,100.0
990,0,43.42998558687757,43.42998558687757,100.0
990,1,25.85525866851131,25.85525866851131,100.0
990,2,30.71475574461112,30.71475574461112,100.0
1000,0,35.44627472054179,35.44627472054179,100.0
1000,1,41.89071520469055,41.89071520469055,100.0
1000,2,22.663010074767662,22.663010074767662,100.0
1010,0,42.64856491678841,42.64856491678841,100.0
1010,1,31.77645714141138,31.77645714141138,100.0
1010,2,25.57497794180022,25.57497794180022,100.0
1020,0,35.19044164500873,35.19044164500873,100.0
1020,1,25.46370490818419,25.46370490818419,100.0
1020,2,39.34585344680708,39.34585344680708,100.0
1030,0,23.84842735188183,23.84842735188183,100.0
1030,1,36.14329064490798,36.14329064490798,100.0
1030,2,40.00828200321019,40.00828200321019,100.0
1040,0,31.962982396949975,31.962982396949975,100.0
1040,1,37.447211105452745,37.447211105452745,100.0
1040,2,30.589806497597284,30.589806497597284,100.0
1050,0,38.84575535537641,38.84575535537641,100.0
1050,1,37.598248746839666,37.598248746839666,100.0
1050,2,23.55599589778392,23.55599589778392,100.0
1060,0,31.258093213923775,31.258093213923775,100.0
1060,1,42.31667856126926,42.31667856126926,100.0
1060,2,26.425228224806958,26.425228224806958,100.0
1070,0,41.065897418109124,41.065897418109124,100.0
1070,1,38.089129386221884,38.089129386221884,100.0
1070,2,20.844973195669,20.844973195669,100.0
1080,0,25.018986815291033,25.018986815291033,100.0
1080,1,49.921338812020544,49.921338812020544,100.0
1080,2,25.059674372688423,25.059674372688423,100.0
1090,0,33.83892022008671,33.83892022008671,100.0
1090,1,24.87368825213208,24.87368825213208,100.0
1090,2,41.28739152778122,41.28739152778122,100.0
1100,0,23.199534102763568,23.199534102763568,100.0
1100,1,41.76402781496573,41.76402781496573,100.0
1100,2,35.036438082270706,35.036438082270706,100.0
1110,0,37.87558600685861,37.87558600685861,100.0
1110,1,35.50823303494165,35.50823303494165,100.0
1110,2,26.61618095819975,26.61618095819975,100.0
1120,0,31.160708219773735,31.160708219773735,100.0
1120,1,33.720685149574926,33.720685149574926,100.0
1120,2,35.11860663065134,35.11860663065134,100.0
1130,0,38.922621971509145,38.922621971509145,100.0
1130,1,25.897444716061173,25.897444716061173,100.0
1130,2,35.17993331242968,35.17993331242968,100.0
1140,0,25.409711913692146,25.409711913692146,100.0
1140,1,26.43939906702797,26.43939906702797,100.0
1140,2,48.15088901927989,48.15088901927989,100.0
1150,0,48.94341763314175,48.94341763314175,100.0
1150,1,30.833091837962968,30.833091837962968,100.0
1150,2,20.223490528895287,20.223490528895287,100.0
1160,0,36.43012997567606,36.43012997567606,100.0
1160,1,29.190734715136497,29.190734715136497,100.0
1160,2,34.37913530918745,34.37913530918745,100.0
1170,0,25.78064020334593,25.78064020334593,100.0
1170,1,37.54689625967065,37.54689625967065,100.0
1170,2,36.67246353698343,36.67246353698343,100.0
1180,0,24.9853292596301,24.9853292596301,100.0
1180,1,49.32149124354217,49.32149124354217,100.0
1180,2,25.693179496827735,25.693179496827735,100.0
1190,0,28.940275467087684,28.940275467087684,100.0
1190,1,41.67723341175058,41.67723341175058,100.0
1190,2,29.38249112116173,29.38249112116173,100.0
1200,0,27.540536612840015,27.540536612840015,100.0
1200,1,38.43921830559831,38.43921830559831,100.0
1200,2,34.020245081561676,34.020245081561676,100.0
1210,0,43.615500213313204,43.615500213313204,100.0
1210,1,33.96253502487722,33.96253502487722,100.0
1210,2,22.421964761809587,22.421964761809587,100.0
1220,0,24.663911037887857,24.663911037887857,100.0
1220,1,50.87292749849301,50.87292749849301,100.0
1220,2,24.46316146361913,24.46316146361913,100.0
1230,0,24.071172529459535,24.071172529459535,100.0
1230,1,36.17797896900261,36.17797896900261,100.0
1230,2,39.75084850153785,39.75084850153785,100.0
1240,0,24.91484926462054,24.91484926462054,100.0
1240,1,55.010738597815354,55.010738597815354,100.0
1240,2,20.074412137564103,20.074412137564103,100.0
1250,0,22.87315979720288,22.87315979720288,100.0
1250,1,34.78471773968176,34.78471773968176,100.0
1250,2,42.34212246311536,42.34212246311536,100.0
1260,0,29.444223085323078,29.444223085323078,100.0
1260,1,26.408872370711222,26.408872370711222,100.0
1260,2,44.146904543965704,44.146904543965704,100.0
1270,0,23.00788460563707,23.00788460563707,100.0
1270,1,49.964052310607,49.964052310607,100.0
1270,2,27.02806308375594,27.02806308375594,100.0
1280,0,34.72972141637958,34.72972141637958,100.0
1280,1,32.39271707475668,32.39271707475668,100.0
1280,2,32.87756150886374,32.87756150886374,100.0
1290,0,29.840738650882997,29.840738650882997,100.0
1290,1,43.99267322120799,43.99267322120799,100.0
1290,2,26.16658812790902,26.16658812790902,100.0
1300,0,30.25405646216915,30.25405646216915,100.0
1300,1,31.260507440467745,31.260507440467745,100.0
1300,2,38.48543609736311,38.48543609736311,100.0
1310,0,27.220613395356157,27.220613395356157,100.0
1310,1,28.412805011794788,28.412805011794788,100.0
1310,2,44.36658159284905,44.36658159284905,100.0
1320,0,24.16536584941051,24.16536584941051,100.0
1320,1,44.14554777560177,44.14554777560177,100.0
1320,2,31.689086374987717,31.689086374987717,100.0
1330,0,24.517518716985055,24.517518716985055,100.0
1330,1,48.95314157559332,48.95314157559332,100.0
1330,2,26.529339707421627,26.529339707421627,100.0
1340,0,37.5384505510745,37.5384505510745,100.0
1340,1,33.71559178566876,33.71559178566876,100.0
1340,2,28.74595766325675,28.74595766325675,100.0
1350,0,26.956234052954404,26.956234052954404,100.0
1350,1,41.10718041903527,41.10718041903527,100.0
1350,2,31.93658552801033,31.93658552801033,100.0
1360,0,28.265946027010536,28.265946027010536,100.0
1360,1,52.28697600267267,52.28697600267267,100.0
1360,2,19.447077970316794,19.447077970316794,100.0
1370,0,26.823385407212523,26.823385407212523,100.0
1370,1,28.28936062894464,28.28936062894464,100.0
1370,2,44.887253963842845,44.887253963842845,100.0
1380,0,24.87062293120227,24.87062293120227,100.0
1380,1,37.94030055800113,37.94030055800113,100.0
1380,2,37.1890765107966,37.1890765107966,100.0
1390,0,32.63981419113119,32.63981419113119,100.0
1390,1,40.72183553450581,40.72183553450581,100.0
1390,2,26.638350274363017,26.638350274363017,100.0
1400,0,25.911964761066663,25.911964761066663,100.0
1400,1,28.010943672416023,28.010943672416023,100.0
1400,2,46.07709156651731,46.07709156651731,100.0
1410,0,40.25058297322276,40.25058297322276,100.0
1410,1,34.56112669791731,34.56112669791731,100.0
1410,2,25.18829032885993,25.18829032885993,100.0
1420,0,31.51663955938243,31.51663955938243,100.0
1420,1,32.56556844731706,32.56556844731706,100.0
1420,2,35.917791993300504,35.917791993300504,100.0
1430,0,44.64758058761322,44.64758058761322,100.0
1430,1,34.681011364493,34.681011364493,100.0
1430,2,20.671408047893774,20.671408047893774,100.0
1440,0,35.63837770135069,35.63837770135069,100.0
1440,1,25.20412749091066,25.20412749091066,100.0
1440,2,39.15749480773865,39.15749480773865,100.0
1450,0,53.00892026443489,53.00892026443489,100.0
1450,1,25.962382007633167,25.962382007633167,100.0
1450,2,21.028697727931938,21.028697727931938,100.0
1460,0,29.972422859378334,29.972422859378334,100.0
1460,1,34.321838618265,34.321838618265,100.0
1460,2,35.70573852235667,35.70573852235667,100.0
1470,0,36.63368151397934,36.63368151397934,100.0
1470,1,36.1125298716805,36.1125298716805,100.0
1470,2,27.253788614340163,27.253788614340163,100.0
1480,0,35.54047652973199,35.54047652973199,100.0
1480,1,31.072749953502388,31.072749953502388,100.0
1480,2,33.386773516765636,33.386773516765636,100.0
1490,0,29.301139132055276,29.301139132055276,100.0
1490,1,40.51669639749548,40.51669639749548,100.0
1490,2,30.182164470449248,30.182164470449248,100.0
1500,0,25.19481097720442,25.19481097720442,100.0
1500,1,44.61645355402013,44.61645355402013,100.0
1500,2,30.188735468775462,30.188735468775462,100.0
