timestamp,ueImsi,sliceId,dTxBytes,dRxBytes,plr,resourceSharePct,dLostPackets,throughputMbps,bufferBytes
560,1,0,24448,1528,93.75,23.69,15,1.2224,135918
560,2,0,24448,1528,93.75,23.69,15,1.2224,135911
560,3,0,24448,1528,93.75,23.69,15,1.2224,135941
560,4,0,24448,1528,93.75,23.69,15,1.2224,135825
560,5,0,24448,1528,93.75,23.69,15,1.2224,135906
560,6,1,390,312,20.00,34.81,1,0.2496,169
560,7,1,390,312,20.00,34.81,1,0.2496,169
560,8,1,390,312,20.00,34.81,1,0.2496,169
560,9,1,390,312,20.00,34.81,1,0.2496,169
560,10,1,390,312,20.00,34.81,1,0.2496,169
560,11,2,16000,1024,93.60,41.50,117,0.8192,90575
560,12,2,16000,1024,93.60,41.50,117,0.8192,90667
560,13,2,16000,1024,93.60,41.50,117,0.8192,90577
560,14,2,16000,1152,92.80,41.50,116,0.9216,90617
560,15,2,16000,1024,93.60,41.50,117,0.8192,90549
560,16,2,16000,1024,93.60,41.50,117,0.8192,90549
560,17,2,16000,1152,92.80,41.50,116,0.9216,90500
560,18,2,16000,1024,93.60,41.50,117,0.8192,90529
560,19,2,16000,1024,93.60,41.50,117,0.8192,90664
560,20,2,16000,1024,93.60,41.50,117,0.8192,90565
