timestamp,sliceId,dedicatedPRB,minPRB,maxPRB
510,0,34.725891787231305,34.725891787231305,100.0
510,1,33.44086046966704,33.44086046966704,100.0
510,2,31.833247743101662,31.833247743101662,100.0
520,0,35.33125267460845,35.33125267460845,100.0
520,1,42.251765310544926,42.251765310544926,100.0
520,2,22.416982014846624,22.416982014846624,100.0
530,0,25.252879937587775,25.252879937587775,100.0
530,1,46.17995230336909,46.17995230336909,100.0
530,2,28.567167759043134,28.567167759043134,100.0
540,0,22.88275689624121,22.88275689624121,100.0
540,1,43.11574306156496,43.11574306156496,100.0
540,2,34.00150004219382,34.00150004219382,100.0
550,0,40.30050650641777,40.30050650641777,100.0
550,1,28.18903266318221,28.18903266318221,100.0
550,2,31.51046083040001,31.51046083040001,100.0
560,0,30.46976436015665,30.46976436015665,100.0
560,1,47.60782721687072,47.60782721687072,100.0
560,2,21.922408422972637,21.922408422972637,100.0
570,0,37.71978738638963,37.71978738638963,100.0
570,1,43.761812966639305,43.761812966639305,100.0
570,2,18.518399646971066,18.518399646971066,100.0
580,0,47.223367748260294,47.223367748260294,100.0
580,1,26.543690696755068,26.543690696755068,100.0
580,2,26.232941554984635,26.232941554984635,100.0
590,0,34.21802001667198,34.21802001667198,100.0
590,1,35.63404871738302,35.63404871738302,100.0
590,2,30.147931265945004,30.147931265945004,100.0
600,0,48.61326835276791,48.61326835276791,100.0
600,1,28.788769173344242,28.788769173344242,100.0
600,2,22.59796247388784,22.59796247388784,100.0
610,0,33.9222894114762,33.9222894114762,100.0
610,1,42.63366197223471,42.63366197223471,100.0
610,2,23.44404861628909,23.44404861628909,100.0
620,0,30.539867579834834,30.539867579834834,100.0
620,1,29.032406092652685,29.032406092652685,100.0
620,2,40.42772632751248,40.42772632751248,100.0
630,0,38.74352788877455,38.74352788877455,100.0
630,1,35.14689932752262,35.14689932752262,100.0
630,2,26.109572783702827,26.109572783702827,100.0
640,0,40.098067275663325,40.098067275663325,100.0
640,1,28.243431392028235,28.243431392028235,100.0
640,2,31.658501332308447,31.658501332308447,100.0
650,0,38.65806576179384,38.65806576179384,100.0
650,1,27.655107771471627,27.655107771471627,100.0
650,2,33.68682646673453,33.68682646673453,100.0
660,0,36.025551761314595,36.025551761314595,100.0
660,1,41.85726436820606,41.85726436820606,100.0
660,2,22.117183870479337,22.117183870479337,100.0
670,0,28.501723254091367,28.501723254091367,100.0
670,1,28.28861309120887,28.28861309120887,100.0
670,2,43.209663654699774,43.209663654699774,100.0
680,0,34.22798123853772,34.22798123853772,100.0
680,1,36.51586163409718,36.51586163409718,100.0
680,2,29.2561571273651,29.2561571273651,100.0
690,0,35.536085893429814,35.536085893429814,100.0
690,1,31.054018351417888,31.054018351417888,100.0
690,2,33.4098957551523,33.4098957551523,100.0
700,0,42.06172104530989,42.06172104530989,100.0
700,1,33.784640956565084,33.784640956565084,100.0
700,2,24.153637998125042,24.153637998125042,100.0
710,0,34.09205085609352,34.09205085609352,100.0
710,1,31.797877590828687,31.797877590828687,100.0
710,2,34.110071553077795,34.110071553077795,100.0
720,0,44.084897766050155,44.084897766050155,100.0
720,1,29.28333927072096,29.28333927072096,100.0
720,2,26.631762963228887,26.631762963228887,100.0
730,0,38.54967772202921,38.54967772202921,100.0
730,1,28.38453087093396,28.38453087093396,100.0
730,2,33.06579140703683,33.06579140703683,100.0
740,0,41.33377824400925,41.33377824400925,100.0
740,1,32.818120350457555,32.818120350457555,100.0
740,2,25.848101405533185,25.848101405533185,100.0
750,0,44.343344815912126,44.343344815912126,100.0
750,1,30.128385724462998,30.128385724462998,100.0
750,2,25.52826945962488,25.52826945962488,100.0
760,0,30.277294729872523,30.277294729872523,100.0
760,1,37.36521990445198,37.36521990445198,100.0
760,2,32.3574853656755,32.3574853656755,100.0
770,0,39.54103724200611,39.54103724200611,100.0
770,1,26.18849579823646,26.18849579823646,100.0
770,2,34.270466959757435,34.270466959757435,100.0
780,0,29.344585607521868,29.344585607521868,100.0
780,1,38.56714415280446,38.56714415280446,100.0
780,2,32.08827023967367,32.08827023967367,100.0
790,0,42.730420262695276,42.730420262695276,100.0
790,1,25.22364241127713,25.22364241127713,100.0
790,2,32.04593732602759,32.04593732602759,100.0
800,0,27.466367032633848,27.466367032633848,100.0
800,1,28.411474342618792,28.411474342618792,100.0
800,2,44.122158624747364,44.122158624747364,100.0
810,0,34.50870630537666,34.50870630537666,100.0
810,1,38.288446896713715,38.288446896713715,100.0
810,2,27.20284679790962,27.20284679790962,100.0
820,0,28.981239239527667,28.981239239527667,100.0
820,1,38.23815546042846,38.23815546042846,100.0
820,2,32.78060530004389,32.78060530004389,100.0
830,0,41.520754372460736,41.520754372460736,100.0
830,1,36.23413364016243,36.23413364016243,100.0
830,2,22.245111987376823,22.245111987376823,100.0
840,0,28.917163754520793,28.917163754520793,100.0
840,1,32.314322166376016,32.314322166376016,100.0
840,2,38.7685140791032,38.7685140791032,100.0
850,0,42.26989472071359,42.26989472071359,100.0
850,1,26.835406071108743,26.835406071108743,100.0
850,2,30.894699208177673,30.894699208177673,100.0
860,0,30.28275629232452,30.28275629232452,100.0
860,1,38.21445327815833,38.21445327815833,100.0
860,2,31.502790429517148,31.502790429517148,100.0
870,0,30.347837205096273,30.347837205096273,100.0
870,1,49.890040574077474,49.890040574077474,100.0
870,2,19.762122220826246,19.762122220826246,100.0
880,0,28.31096116068292,28.31096116068292,100.0
880,1,52.954785993115685,52.954785993115685,100.0
880,2,18.734252846201407,18.734252846201407,100.0
890,0,33.46248053018278,33.46248053018278,100.0
890,1,39.63762103936879,39.63762103936879,100.0
890,2,26.89989843044843,26.89989843044843,100.0
900,0,36.98136475969772,36.98136475969772,100.0
900,1,29.944455555582266,29.944455555582266,100.0
900,2,33.074179684720015,33.074179684720015,100.0
910,0,37.24641924415588,37.24641924415588,100.0
910,1,41.64106278939481,41.64106278939481,100.0
910,2,21.112517966449314,21.112517966449314,100.0
920,0,44.566808155257306,44.566808155257306,100.0
920,1,34.0773829263045,34.0773829263045,100.0
920,2,21.355808918438196,21.355808918438196,100.0
930,0,23.41635873306605,23.41635873306605,100.0
930,1,48.77216168609773,48.77216168609773,100.0
930,2,27.811479580836217,27.811479580836217,100.0
940,0,43.07933286913774,43.07933286913774,100.0
940,1,33.95823653848808,33.95823653848808,100.0
940,2,22.96243059237419,22.96243059237419,100.0
950,0,30.758785876370226,30.758785876370226,100.0
950,1,28.03032580941145,28.03032580941145,100.0
950,2,41.21088831421833,41.21088831421833,100.0
960,0,23.475860389750608,23.475860389750608,100.0
960,1,40.12553595959659,40.12553595959659,100.0
960,2,36.3986036506528,36.3986036506528,100.0
970,0,23.669722319592026,23.669722319592026,100.0
970,1,47.95069394336519,47.95069394336519,100.0
970,2,28.379583737042786,28.379583737042786,100.0
980,0,39.07817845575022,39.07817845575022,100.0
980,1,35.316210725757756,35.316210725757756,100.0
980,2,25.605610818492032,25.605610818492032,100.0
990,0,41.06820666672889,41.06820666672889,100.0
990,1,34.13160401316354,34.13160401316354,100.0
990,2,24.80018932010757,24.80018932010757,100.0
1000,0,40.36883859486875,40.36883859486875,100.0
1000,1,27.582846005582407,27.582846005582407,100.0
1000,2,32.04831539954884,32.04831539954884,100.0
1010,0,42.66680874726103,42.66680874726103,100.0
1010,1,30.720663533728455,30.720663533728455,100.0
1010,2,26.612527719010526,26.612527719010526,100.0
1020,0,43.20381534943172,43.20381534943172,100.0
1020,1,31.720288075325044,31.720288075325044,100.0
1020,2,25.075896575243238,25.075896575243238,100.0
1030,0,22.94293307046499,22.94293307046499,100.0
1030,1,34.70800399441279,34.70800399441279,100.0
1030,2,42.34906293512222,42.34906293512222,100.0
1040,0,39.16739516626574,39.16739516626574,100.0
1040,1,28.09217625635721,28.09217625635721,100.0
1040,2,32.740428577377045,32.740428577377045,100.0
1050,0,37.64858844532025,37.64858844532025,100.0
1050,1,24.585484417599663,24.585484417599663,100.0
1050,2,37.76592713708009,37.76592713708009,100.0
1060,0,42.57225953654885,42.57225953654885,100.0
1060,1,31.60345458319147,31.60345458319147,100.0
1060,2,25.82428588025968,25.82428588025968,100.0
1070,0,31.47721284754848,31.47721284754848,100.0
1070,1,41.97316231493308,41.97316231493308,100.0
1070,2,26.549624837518436,26.549624837518436,100.0
1080,0,34.64111774774592,34.64111774774592,100.0
1080,1,39.16090408344445,39.16090408344445,100.0
1080,2,26.197978168809634,26.197978168809634,100.0
1090,0,27.52709682909167,27.52709682909167,100.0
1090,1,42.12518933579072,42.12518933579072,100.0
1090,2,30.347713835117613,30.347713835117613,100.0
1100,0,21.679915945423257,21.679915945423257,100.0
1100,1,46.30665888496262,46.30665888496262,100.0
1100,2,32.013425169614116,32.013425169614116,100.0
1110,0,46.23097419117074,46.23097419117074,100.0
1110,1,24.753771423838323,24.753771423838323,100.0
1110,2,29.01525438499094,29.01525438499094,100.0
1120,0,34.315810878134435,34.315810878134435,100.0
1120,1,33.63182567977523,33.63182567977523,100.0
1120,2,32.05236344209034,32.05236344209034,100.0
1130,0,27.871432744102272,27.871432744102272,100.0
1130,1,34.986241348760394,34.986241348760394,100.0
1130,2,37.14232590713735,37.14232590713735,100.0
1140,0,36.03008322049638,36.03008322049638,100.0
1140,1,39.76984817255783,39.76984817255783,100.0
1140,2,24.20006860694579,24.20006860694579,100.0
1150,0,30.635828199336768,30.635828199336768,100.0
1150,1,26.473921004914747,26.473921004914747,100.0
1150,2,42.890250795748486,42.890250795748486,100.0
1160,0,24.51851930504366,24.51851930504366,100.0
1160,1,53.990886249652036,53.990886249652036,100.0
1160,2,21.490594445304314,21.490594445304314,100.0
1170,0,26.61957141057714,26.61957141057714,100.0
1170,1,47.821576437352284,47.821576437352284,100.0
1170,2,25.558852152070582,25.558852152070582,100.0
1180,0,31.180604289186974,31.180604289186974,100.0
1180,1,27.45141498090296,27.45141498090296,100.0
1180,2,41.36798072991006,41.36798072991006,100.0
1190,0,35.07068419278394,35.07068419278394,100.0
1190,1,43.36375104943083,43.36375104943083,100.0
1190,2,21.565564757785232,21.565564757785232,100.0
1200,0,30.726368298011653,30.726368298011653,100.0
1200,1,32.23846522207118,32.23846522207118,100.0
1200,2,37.03516647991717,37.03516647991717,100.0
1210,0,27.782623339711098,27.782623339711098,100.0
1210,1,47.53433800753141,47.53433800753141,100.0
1210,2,24.683038652757496,24.683038652757496,100.0
1220,0,30.721633084248445,30.721633084248445,100.0
1220,1,48.554220754521324,48.554220754521324,100.0
1220,2,20.724146161230234,20.724146161230234,100.0
1230,0,38.42459338146199,38.42459338146199,100.0
1230,1,43.07594841137923,43.07594841137923,100.0
1230,2,18.49945820715878,18.49945820715878,100.0
1240,0,38.93685272069795,38.93685272069795,100.0
1240,1,35.38239922038216,35.38239922038216,100.0
1240,2,25.68074805891989,25.68074805891989,100.0
1250,0,32.93874745691575,32.93874745691575,100.0
1250,1,45.981640147466095,45.981640147466095,100.0
1250,2,21.079612395618152,21.079612395618152,100.0
1260,0,22.55695549971151,22.55695549971151,100.0
1260,1,41.65396634271269,41.65396634271269,100.0
1260,2,35.7890781575758,35.7890781575758,100.0
1270,0,27.385670960519136,27.385670960519136,100.0
1270,1,42.497767397995304,42.497767397995304,100.0
1270,2,30.11656164148556,30.11656164148556,100.0
1280,0,24.16916454578816,24.16916454578816,100.0
1280,1,31.027047731095635,31.027047731095635,100.0
1280,2,44.80378772311621,44.80378772311621,100.0
1290,0,38.64720858410152,38.64720858410152,100.0
1290,1,40.878713655855314,40.878713655855314,100.0
1290,2,20.474077760043162,20.474077760043162,100.0
1300,0,30.791211091287597,30.791211091287597,100.0
1300,1,41.23523155575672,41.23523155575672,100.0
1300,2,27.973557352955698,27.973557352955698,100.0
1310,0,35.22524356099094,35.22524356099094,100.0
1310,1,45.63588823053875,45.63588823053875,100.0
1310,2,19.138868208470324,19.138868208470324,100.0
1320,0,32.96132199993645,32.96132199993645,100.0
1320,1,38.97387906135518,38.97387906135518,100.0
1320,2,28.064798938708368,28.064798938708368,100.0
1330,0,34.99972137296704,34.99972137296704,100.0
1330,1,25.19958750226333,25.19958750226333,100.0
1330,2,39.80069112476963,39.80069112476963,100.0
1340,0,23.951304985648086,23.951304985648086,100.0
1340,1,41.05329834406539,41.05329834406539,100.0
1340,2,34.995396670286524,34.995396670286524,100.0
1350,0,37.02381727750309,37.02381727750309,100.0
1350,1,24.296417822041764,24.296417822041764,100.0
1350,2,38.67976490045515,38.67976490045515,100.0
1360,0,37.435775929220085,37.435775929220085,100.0
1360,1,31.359439930602313,31.359439930602313,100.0
1360,2,31.204784140177612,31.204784140177612,100.0
1370,0,42.42551543980009,42.42551543980009,100.0
1370,1,37.552182488175575,37.552182488175575,100.0
1370,2,20.02230207202434,20.02230207202434,100.0
1380,0,25.083577053580015,25.083577053580015,100.0
1380,1,25.75946291804349,25.75946291804349,100.0
1380,2,49.156960028376496,49.156960028376496,100.0
1390,0,32.173692468974025,32.173692468974025,100.0
1390,1,41.636636442651856,41.636636442651856,100.0
1390,2,26.189671088374123,26.189671088374123,100.0
1400,0,30.064025782607995,30.064025782607995,100.0
1400,1,32.337082952591494,32.337082952591494,100.0
1400,2,37.598891264800514,37.598891264800514,100.0
1410,0,40.18188951947492,40.18188951947492,100.0
1410,1,36.826184353930515,36.826184353930515,100.0
1410,2,22.99192612659457,22.99192612659457,100.0
1420,0,35.7799967008316,35.7799967008316,100.0
1420,1,44.74653017139142,44.74653017139142,100.0
1420,2,19.473473127776973,19.473473127776973,100.0
1430,0,37.18627750410488,37.18627750410488,100.0
1430,1,32.18267229804101,32.18267229804101,100.0
1430,2,30.631050197854105,30.631050197854105,100.0
1440,0,47.23563318947568,47.23563318947568,100.0
1440,1,31.605839555963755,31.605839555963755,100.0
1440,2,21.158527254560568,21.158527254560568,100.0
1450,0,23.166614620131817,23.166614620131817,100.0
1450,1,53.81320071216511,53.81320071216511,100.0
1450,2,23.020184667703067,23.020184667703067,100.0
1460,0,28.930104572125835,28.930104572125835,100.0
1460,1,37.94118083113164,37.94118083113164,100.0
1460,2,33.128714596742526,33.128714596742526,100.0
1470,0,28.658260908982193,28.658260908982193,100.0
1470,1,45.8521669256704,45.8521669256704,100.0
1470,2,25.489572165347408,25.489572165347408,100.0
1480,0,37.749711274333826,37.749711274333826,100.0
1480,1,40.91815990116089,40.91815990116089,100.0
1480,2,21.332128824505283,21.332128824505283,100.0
1490,0,34.3167228467191,34.3167228467191,100.0
1490,1,44.39577532245869,44.39577532245869,100.0
1490,2,21.28750183082222,21.28750183082222,100.0
1500,0,39.490132950793885,39.490132950793885,100.0
1500,1,29.03641692078447,29.03641692078447,100.0
1500,2,31.473450128421653,31.473450128421653,100.0
