timestamp,ueImsi,sliceId,dTxBytes,dRxBytes,plr,resourceSharePct,dLostPackets,throughputMbps,bufferBytes,dlBufferBytes,ulBufferBytes,macBufferBytes,congestionPct,lastDrlActionStatus
10600,1,0,128736,0,100.00,26.66,112,0.0000,1200005,95939,1200005,1295944,12.36,applied
10600,2,0,128736,49120,64.29,26.66,72,3.9296,1200005,95882,1200005,1295887,12.36,applied
10600,3,0,128736,92100,33.04,26.66,37,7.3680,1200005,95894,1200005,1295899,12.36,applied
10600,4,0,128736,0,100.00,26.66,112,0.0000,34,95999,34,96033,0.92,applied
10600,5,0,128736,0,100.00,26.66,112,0.0000,2811,95889,2811,98700,0.94,applied
10600,6,1,0,0,0.00,45.00,0,0.0000,34,0,34,34,0.00,applied
10600,7,1,0,0,0.00,45.00,0,0.0000,34,0,34,34,0.00,applied
10600,8,1,0,0,0.00,45.00,0,0.0000,34,0,34,34,0.00,applied
10600,9,1,0,0,0.00,45.00,0,0.0000,15,0,15,15,0.00,applied
10600,10,1,0,0,0.00,45.00,0,0.0000,34,0,34,34,0.00,applied
10600,11,1,0,0,0.00,45.00,0,0.0000,34,0,34,34,0.00,applied
10600,12,1,0,0,0.00,45.00,0,0.0000,34,0,34,34,0.00,applied
10600,13,1,0,0,0.00,45.00,0,0.0000,34,0,34,34,0.00,applied
10600,14,2,63772,940,89.80,28.33,44,0.0752,5879554,5879554,51,5879605,56.07,applied
10600,15,2,63772,0,100.00,28.33,49,0.0000,5879651,5879651,51,5879702,56.07,applied
10600,16,2,63772,0,100.00,28.33,49,0.0000,5879585,5879585,51,5879636,56.07,applied
10600,17,2,63772,0,100.00,28.33,49,0.0000,5881992,5881992,51,5882043,56.10,applied
10600,18,2,63772,0,100.00,28.33,49,0.0000,5879651,5879651,51,5879702,56.07,applied
