timestamp,ueImsi,sliceId,dTxBytes,dRxBytes,plr,resourceSharePct,dLostPackets,throughputMbps,bufferBytes
560,1,0,24448,3056,87.50,51.66,14,2.4448,131766
560,2,0,24448,3056,87.50,51.66,14,2.4448,131751
560,3,0,24448,3056,87.50,51.66,14,2.4448,131762
560,4,0,24448,3056,87.50,51.66,14,2.4448,131670
560,5,0,24448,3056,87.50,51.66,14,2.4448,131743
560,6,1,390,312,20.00,25.00,1,0.2496,169
560,7,1,390,312,20.00,25.00,1,0.2496,169
560,8,1,390,312,20.00,25.00,1,0.2496,169
560,9,1,390,312,20.00,25.00,1,0.2496,169
560,10,1,390,312,20.00,25.00,1,0.2496,169
560,11,2,16000,512,96.80,23.33,121,0.4096,91945
560,12,2,16000,512,96.80,23.33,121,0.4096,91952
560,13,2,16000,512,96.80,23.33,121,0.4096,91929
560,14,2,16000,512,96.80,23.33,121,0.4096,91943
560,15,2,16000,640,96.00,23.33,120,0.5120,91933
560,16,2,16000,512,96.80,23.33,121,0.4096,91925
560,17,2,16000,512,96.80,23.33,121,0.4096,91925
560,18,2,16000,640,96.00,23.33,120,0.5120,92000
560,19,2,16000,640,96.00,23.33,120,0.5120,91914
560,20,2,16000,640,96.00,23.33,120,0.5120,91914
