timestamp,ueImsi,sliceId,dTxBytes,dRxBytes,plr,resourceSharePct,dLostPackets,throughputMbps,bufferBytes
1510,1,0,35144,25976,26.09,40.91,6,20.7808,749971
1510,2,0,35144,30560,13.04,40.91,3,24.4480,273072
1510,3,1,1014,936,7.69,27.59,1,0.7488,87
1510,4,1,1014,936,7.69,27.59,1,0.7488,87
1510,5,2,256,256,0.00,31.50,0,0.2048,24
1510,6,2,256,256,0.00,31.50,0,0.2048,16
1510,7,2,256,256,0.00,31.50,0,0.2048,16
1510,8,2,256,0,100.00,31.50,2,0.0000,137
1510,9,2,256,256,0.00,31.50,0,0.2048,16
1510,10,2,256,256,0.00,31.50,0,0.2048,16
