timestamp,sliceId,dedicatedPRB,minPRB,maxPRB
510,0,26.71614641186917,26.71614641186917,100.0
510,1,49.222886964048165,49.222886964048165,100.0
510,2,24.060966624082674,24.060966624082674,100.0
520,0,38.76480080459596,38.76480080459596,100.0
520,1,37.91595857161337,37.91595857161337,100.0
520,2,23.319240623790677,23.319240623790677,100.0
530,0,31.155088431972857,31.155088431972857,100.0
530,1,36.58533133494196,36.58533133494196,100.0
530,2,32.25958023308519,32.25958023308519,100.0
540,0,25.013024515971864,25.013024515971864,100.0
540,1,46.031428209915,46.031428209915,100.0
540,2,28.955547274113137,28.955547274113137,100.0
550,0,50.33253656112945,50.33253656112945,100.0
550,1,29.12302664991794,29.12302664991794,100.0
550,2,20.544436788952627,20.544436788952627,100.0
