timestamp,sliceId,dedicatedPRB,minPRB,maxPRB
510,0,23.755635666283133,23.755635666283133,100.0
510,1,41.608856600546,41.608856600546,100.0
510,2,34.635507733170876,34.635507733170876,100.0
520,0,34.24982346740193,34.24982346740193,100.0
520,1,46.52722918218527,46.52722918218527,100.0
520,2,19.222947350412802,19.222947350412802,100.0
530,0,34.578594308949,34.578594308949,100.0
530,1,41.497758324170505,41.497758324170505,100.0
530,2,23.92364736688049,23.92364736688049,100.0
540,0,51.46043979029823,51.46043979029823,100.0
540,1,26.127546259817734,26.127546259817734,100.0
540,2,22.41201394988403,22.41201394988403,100.0
550,0,43.444110740872155,43.444110740872155,100.0
550,1,34.74163238570087,34.74163238570087,100.0
550,2,21.814256873426974,21.814256873426974,100.0
560,0,32.392993543191096,32.392993543191096,100.0
560,1,40.11588736410489,40.11588736410489,100.0
560,2,27.491119092704007,27.491119092704007,100.0
570,0,22.004932604489838,22.004932604489838,100.0
570,1,45.07091202930301,45.07091202930301,100.0
570,2,32.92415536620715,32.92415536620715,100.0
580,0,28.994578032300357,28.994578032300357,100.0
580,1,47.097306769756194,47.097306769756194,100.0
580,2,23.90811519794345,23.90811519794345,100.0
590,0,41.34639480130003,41.34639480130003,100.0
590,1,25.2249885548384,25.2249885548384,100.0
590,2,33.42861664386158,33.42861664386158,100.0
600,0,47.85216834385131,47.85216834385131,100.0
600,1,33.24959853018405,33.24959853018405,100.0
600,2,18.89823312596464,18.89823312596464,100.0
610,0,51.24918536280034,51.24918536280034,100.0
610,1,27.155510269938894,27.155510269938894,100.0
610,2,21.595304367260766,21.595304367260766,100.0
620,0,27.708817385954944,27.708817385954944,100.0
620,1,30.301844804052664,30.301844804052664,100.0
620,2,41.98933780999239,41.98933780999239,100.0
630,0,33.96745402050493,33.96745402050493,100.0
630,1,47.570983660744396,47.570983660744396,100.0
630,2,18.461562318750666,18.461562318750666,100.0
640,0,27.191371952813913,27.191371952813913,100.0
640,1,38.78307499854158,38.78307499854158,100.0
640,2,34.02555304864451,34.02555304864451,100.0
650,0,31.111700265666997,31.111700265666997,100.0
650,1,34.53092699397811,34.53092699397811,100.0
650,2,34.357372740354904,34.357372740354904,100.0
660,0,24.726526768641413,24.726526768641413,100.0
660,1,46.330986096319855,46.330986096319855,100.0
660,2,28.942487135038732,28.942487135038732,100.0
670,0,30.970257797478933,30.970257797478933,100.0
670,1,40.27474535527158,40.27474535527158,100.0
670,2,28.754996847249494,28.754996847249494,100.0
680,0,41.33154212458044,41.33154212458044,100.0
680,1,24.317862424151624,24.317862424151624,100.0
680,2,34.35059545126794,34.35059545126794,100.0
690,0,27.58894455358908,27.58894455358908,100.0
690,1,37.7685744815206,37.7685744815206,100.0
690,2,34.64248096489032,34.64248096489032,100.0
700,0,23.897537888441544,23.897537888441544,100.0
700,1,39.44197273391723,39.44197273391723,100.0
700,2,36.66048937764123,36.66048937764123,100.0
710,0,35.896931686126955,35.896931686126955,100.0
710,1,35.32987276930133,35.32987276930133,100.0
710,2,28.773195544571717,28.773195544571717,100.0
720,0,22.098154998671593,22.098154998671593,100.0
720,1,40.084737887920646,40.084737887920646,100.0
720,2,37.81710711340776,37.81710711340776,100.0
730,0,46.10185315352751,46.10185315352751,100.0
730,1,32.8481616973542,32.8481616973542,100.0
730,2,21.049985149118296,21.049985149118296,100.0
740,0,24.28180221485944,24.28180221485944,100.0
740,1,31.955793739271975,31.955793739271975,100.0
740,2,43.762404045868585,43.762404045868585,100.0
750,0,49.381108030481315,49.381108030481315,100.0
750,1,27.932727339438596,27.932727339438596,100.0
750,2,22.686164630080093,22.686164630080093,100.0
760,0,25.754176458843247,25.754176458843247,100.0
760,1,28.663293283476786,28.663293283476786,100.0
760,2,45.58253025767996,45.58253025767996,100.0
770,0,24.9258915178317,24.9258915178317,100.0
770,1,48.435860403723346,48.435860403723346,100.0
770,2,26.63824807844496,26.63824807844496,100.0
780,0,32.91484108294631,32.91484108294631,100.0
780,1,43.34282271425578,43.34282271425578,100.0
780,2,23.742336202797894,23.742336202797894,100.0
790,0,27.127660346861017,27.127660346861017,100.0
790,1,48.94842254506828,48.94842254506828,100.0
790,2,23.923917108070697,23.923917108070697,100.0
800,0,30.339357974949493,30.339357974949493,100.0
800,1,32.80942952585072,32.80942952585072,100.0
800,2,36.8512124991998,36.8512124991998,100.0
810,0,38.50358289238727,38.50358289238727,100.0
810,1,33.439482717663715,33.439482717663715,100.0
810,2,28.056934389949014,28.056934389949014,100.0
820,0,26.814200138444853,26.814200138444853,100.0
820,1,31.301359054153522,31.301359054153522,100.0
820,2,41.884440807401624,41.884440807401624,100.0
830,0,35.94102679739213,35.94102679739213,100.0
830,1,36.1151784075605,36.1151784075605,100.0
830,2,27.94379479504737,27.94379479504737,100.0
840,0,45.947896069652515,45.947896069652515,100.0
840,1,32.38118812360123,32.38118812360123,100.0
840,2,21.67091580674626,21.67091580674626,100.0
850,0,29.751669490924904,29.751669490924904,100.0
850,1,34.59330048791344,34.59330048791344,100.0
850,2,35.65503002116166,35.65503002116166,100.0
860,0,38.346046903517696,38.346046903517696,100.0
860,1,35.17489960647545,35.17489960647545,100.0
860,2,26.479053490006866,26.479053490006866,100.0
870,0,34.67477441858351,34.67477441858351,100.0
870,1,39.042316039357736,39.042316039357736,100.0
870,2,26.282909542058754,26.282909542058754,100.0
880,0,42.8313127621831,42.8313127621831,100.0
880,1,35.44298523012114,35.44298523012114,100.0
880,2,21.72570200769576,21.72570200769576,100.0
890,0,48.31771305530501,48.31771305530501,100.0
890,1,30.327459688132752,30.327459688132752,100.0
890,2,21.354827256562242,21.354827256562242,100.0
900,0,38.4590621325833,38.4590621325833,100.0
900,1,30.650359487026147,30.650359487026147,100.0
900,2,30.890578380390554,30.890578380390554,100.0
910,0,28.19783783559769,28.19783783559769,100.0
910,1,39.93583657637805,39.93583657637805,100.0
910,2,31.866325588024257,31.866325588024257,100.0
920,0,33.90931421226966,33.90931421226966,100.0
920,1,44.98861304497427,44.98861304497427,100.0
920,2,21.10207274275607,21.10207274275607,100.0
930,0,30.99608191262823,30.99608191262823,100.0
930,1,27.3554355064896,27.3554355064896,100.0
930,2,41.648482580882174,41.648482580882174,100.0
940,0,26.739806643974262,26.739806643974262,100.0
940,1,49.296344576478305,49.296344576478305,100.0
940,2,23.96384877954743,23.96384877954743,100.0
950,0,41.2883992351743,41.2883992351743,100.0
950,1,32.47256688031375,32.47256688031375,100.0
950,2,26.239033884511947,26.239033884511947,100.0
960,0,21.961905218155213,21.961905218155213,100.0
960,1,52.38328209725138,52.38328209725138,100.0
960,2,25.65481268459341,25.65481268459341,100.0
970,0,33.238046697040616,33.238046697040616,100.0
970,1,25.308266274813914,25.308266274813914,100.0
970,2,41.45368702814548,41.45368702814548,100.0
980,0,38.62984419992889,38.62984419992889,100.0
980,1,32.69175822219712,32.69175822219712,100.0
980,2,28.678397577873994,28.678397577873994,100.0
990,0,46.65204420038205,46.65204420038205,100.0
990,1,33.11208005272356,33.11208005272356,100.0
990,2,20.235875746894383,20.235875746894383,100.0
1000,0,36.68388052239385,36.68388052239385,100.0
1000,1,32.28350737478102,32.28350737478102,100.0
1000,2,31.03261210282513,31.03261210282513,100.0
1010,0,31.455771626109662,31.455771626109662,100.0
1010,1,28.177132855064464,28.177132855064464,100.0
1010,2,40.36709551882587,40.36709551882587,100.0
1020,0,47.380303513490944,47.380303513490944,100.0
1020,1,31.305243474377114,31.305243474377114,100.0
1020,2,21.31445301213195,21.31445301213195,100.0
1030,0,35.84609678816211,35.84609678816211,100.0
1030,1,39.67909643193277,39.67909643193277,100.0
1030,2,24.47480677990513,24.47480677990513,100.0
1040,0,29.97188622601919,29.97188622601919,100.0
1040,1,32.972967790546306,32.972967790546306,100.0
1040,2,37.0551459834345,37.0551459834345,100.0
1050,0,21.40442704301744,21.40442704301744,100.0
1050,1,34.84370078514255,34.84370078514255,100.0
1050,2,43.75187217184001,43.75187217184001,100.0
1060,0,41.93494226183966,41.93494226183966,100.0
1060,1,36.648124883161934,36.648124883161934,100.0
1060,2,21.416932854998404,21.416932854998404,100.0
1070,0,48.81743980114184,48.81743980114184,100.0
1070,1,30.75765976117575,30.75765976117575,100.0
1070,2,20.424900437682417,20.424900437682417,100.0
1080,0,40.27366098695825,40.27366098695825,100.0
1080,1,39.53686753566289,39.53686753566289,100.0
1080,2,20.189471477378856,20.189471477378856,100.0
1090,0,32.61558312953917,32.61558312953917,100.0
1090,1,46.33971854862653,46.33971854862653,100.0
1090,2,21.044698321834304,21.044698321834304,100.0
1100,0,33.29173618251821,33.29173618251821,100.0
1100,1,40.76555150464005,40.76555150464005,100.0
1100,2,25.94271231284175,25.94271231284175,100.0
1110,0,46.62991549174651,46.62991549174651,100.0
1110,1,25.250082722603068,25.250082722603068,100.0
1110,2,28.120001785650427,28.120001785650427,100.0
1120,0,42.31923189717159,42.31923189717159,100.0
1120,1,32.249080686991185,32.249080686991185,100.0
1120,2,25.431687415837217,25.431687415837217,100.0
1130,0,30.035457812043564,30.035457812043564,100.0
1130,1,47.678793301156006,47.678793301156006,100.0
1130,2,22.28574888680044,22.28574888680044,100.0
1140,0,30.9920709240181,30.9920709240181,100.0
1140,1,35.65299941408415,35.65299941408415,100.0
1140,2,33.35492966189775,33.35492966189775,100.0
1150,0,34.098725950555284,34.098725950555284,100.0
1150,1,33.04290801704904,33.04290801704904,100.0
1150,2,32.858366032395686,32.858366032395686,100.0
1160,0,43.780417606089415,43.780417606089415,100.0
1160,1,34.14504465068599,34.14504465068599,100.0
1160,2,22.074537743224592,22.074537743224592,100.0
1170,0,24.176761063503367,24.176761063503367,100.0
1170,1,49.61050900198216,49.61050900198216,100.0
1170,2,26.212729934514474,26.212729934514474,100.0
1180,0,25.226405904925503,25.226405904925503,100.0
1180,1,41.945516805499985,41.945516805499985,100.0
1180,2,32.82807728957452,32.82807728957452,100.0
1190,0,30.762461202709602,30.762461202709602,100.0
1190,1,35.27734603133712,35.27734603133712,100.0
1190,2,33.96019276595329,33.96019276595329,100.0
1200,0,36.53201577223187,36.53201577223187,100.0
1200,1,42.547975154928764,42.547975154928764,100.0
1200,2,20.920009072839363,20.920009072839363,100.0
1210,0,28.259726473981356,28.259726473981356,100.0
1210,1,47.007546456531884,47.007546456531884,100.0
1210,2,24.73272706948676,24.73272706948676,100.0
1220,0,33.01284377416346,33.01284377416346,100.0
1220,1,41.467849502582716,41.467849502582716,100.0
1220,2,25.519306723253827,25.519306723253827,100.0
1230,0,34.49025894614939,34.49025894614939,100.0
1230,1,34.02867088322961,34.02867088322961,100.0
1230,2,31.481070170621006,31.481070170621006,100.0
1240,0,29.63621879689022,29.63621879689022,100.0
1240,1,27.802183454481504,27.802183454481504,100.0
1240,2,42.56159774862828,42.56159774862828,100.0
1250,0,26.22469874815789,26.22469874815789,100.0
1250,1,27.802105740108164,27.802105740108164,100.0
1250,2,45.97319551173394,45.97319551173394,100.0
1260,0,30.073737638019228,30.073737638019228,100.0
1260,1,32.42229321453703,32.42229321453703,100.0
1260,2,37.50396914744375,37.50396914744375,100.0
1270,0,36.266352598069005,36.266352598069005,100.0
1270,1,33.87775461427466,33.87775461427466,100.0
1270,2,29.855892787656334,29.855892787656334,100.0
1280,0,32.472223162580235,32.472223162580235,100.0
1280,1,36.659242367222355,36.659242367222355,100.0
1280,2,30.868534470197407,30.868534470197407,100.0
1290,0,32.378930037956195,32.378930037956195,100.0
1290,1,47.217120061932924,47.217120061932924,100.0
1290,2,20.40394990011088,20.40394990011088,100.0
1300,0,40.176144048540294,40.176144048540294,100.0
1300,1,28.631851996697744,28.631851996697744,100.0
1300,2,31.192003954761976,31.192003954761976,100.0
1310,0,29.255535108056858,29.255535108056858,100.0
1310,1,45.740312274198644,45.740312274198644,100.0
1310,2,25.004152617744495,25.004152617744495,100.0
1320,0,25.69928443822103,25.69928443822103,100.0
1320,1,53.683446025296256,53.683446025296256,100.0
1320,2,20.61726953648271,20.61726953648271,100.0
1330,0,41.381287190017844,41.381287190017844,100.0
1330,1,25.615575921811224,25.615575921811224,100.0
1330,2,33.003136888170935,33.003136888170935,100.0
1340,0,23.376647970218713,23.376647970218713,100.0
1340,1,36.54819580187704,36.54819580187704,100.0
1340,2,40.07515622790425,40.07515622790425,100.0
1350,0,44.41981688282141,44.41981688282141,100.0
1350,1,31.806881689498805,31.806881689498805,100.0
1350,2,23.773301427679787,23.773301427679787,100.0
1360,0,38.147261825234445,38.147261825234445,100.0
1360,1,36.96935798303487,36.96935798303487,100.0
1360,2,24.88338019173069,24.88338019173069,100.0
1370,0,27.807533831544042,27.807533831544042,100.0
1370,1,28.973876121861288,28.973876121861288,100.0
1370,2,43.218590046594684,43.218590046594684,100.0
1380,0,36.63194026889731,36.63194026889731,100.0
1380,1,38.09405640253842,38.09405640253842,100.0
1380,2,25.27400332856426,25.27400332856426,100.0
1390,0,31.398048513704545,31.398048513704545,100.0
1390,1,25.9134211262886,25.9134211262886,100.0
1390,2,42.68853036000686,42.68853036000686,100.0
1400,0,24.062021515134163,24.062021515134163,100.0
1400,1,28.048255067202614,28.048255067202614,100.0
1400,2,47.88972341766322,47.88972341766322,100.0
1410,0,28.26767462114823,28.26767462114823,100.0
1410,1,44.064018747520876,44.064018747520876,100.0
1410,2,27.668306631330896,27.668306631330896,100.0
1420,0,42.738910916989056,42.738910916989056,100.0
1420,1,35.97906161995695,35.97906161995695,100.0
1420,2,21.282027463053982,21.282027463053982,100.0
1430,0,23.31114322131887,23.31114322131887,100.0
1430,1,40.21524661171819,40.21524661171819,100.0
1430,2,36.47361016696294,36.47361016696294,100.0
1440,0,27.51252280643321,27.51252280643321,100.0
1440,1,29.071336327513,29.071336327513,100.0
1440,2,43.41614086605379,43.41614086605379,100.0
1450,0,27.626112383123274,27.626112383123274,100.0
1450,1,32.240610541410575,32.240610541410575,100.0
1450,2,40.13327707546615,40.13327707546615,100.0
1460,0,42.29823252042111,42.29823252042111,100.0
1460,1,31.973025038387238,31.973025038387238,100.0
1460,2,25.728742441191656,25.728742441191656,100.0
1470,0,30.039154896544918,30.039154896544918,100.0
1470,1,33.08651170168802,33.08651170168802,100.0
1470,2,36.87433340176705,36.87433340176705,100.0
1480,0,23.094312656085513,23.094312656085513,100.0
1480,1,29.35213891092605,29.35213891092605,100.0
1480,2,47.553548432988435,47.553548432988435,100.0
1490,0,34.40375237614079,34.40375237614079,100.0
1490,1,40.84705396862544,40.84705396862544,100.0
1490,2,24.749193655233782,24.749193655233782,100.0
1500,0,42.73660723985338,42.73660723985338,100.0
1500,1,26.81507144048567,26.81507144048567,100.0
1500,2,30.44832131966096,30.44832131966096,100.0
