timestamp,sliceId,dedicatedPRB,minPRB,maxPRB
510,0,35.264429482977256,35.264429482977256,100.0
510,1,27.001398579668813,27.001398579668813,100.0
510,2,37.734171937353935,37.734171937353935,100.0
520,0,21.49705644127887,21.49705644127887,100.0
520,1,41.43129522887193,41.43129522887193,100.0
520,2,37.071648329849204,37.071648329849204,100.0
530,0,37.371264066151475,37.371264066151475,100.0
530,1,35.72506254599762,35.72506254599762,100.0
530,2,26.9036733878509,26.9036733878509,100.0
540,0,34.30693367860758,34.30693367860758,100.0
540,1,27.106003947868974,27.106003947868974,100.0
540,2,38.58706237352345,38.58706237352345,100.0
550,0,35.220963739422174,35.220963739422174,100.0
550,1,37.98651314539019,37.98651314539019,100.0
550,2,26.792523115187635,26.792523115187635,100.0
