timestamp,ueImsi,sliceId,dTxBytes,dRxBytes,plr,resourceSharePct,dLostPackets,throughputMbps,bufferBytes
560,1,0,24448,1528,93.75,24.76,15,1.2224,137755
560,2,0,24448,0,100.00,24.76,16,0.0000,137732
560,3,0,24448,0,100.00,24.76,16,0.0000,137787
560,4,0,24448,0,100.00,24.76,16,0.0000,137818
560,5,0,24448,0,100.00,24.76,16,0.0000,137818
560,6,1,780,624,20.00,41.28,2,0.4992,87
560,7,1,780,624,20.00,41.28,2,0.4992,87
560,8,1,780,624,20.00,41.28,2,0.4992,87
560,9,1,780,624,20.00,41.28,2,0.4992,87
560,10,1,780,624,20.00,41.28,2,0.4992,87
560,11,2,16000,640,96.00,33.96,120,0.5120,90951
560,12,2,16000,640,96.00,33.96,120,0.5120,90960
560,13,2,16000,640,96.00,33.96,120,0.5120,90951
560,14,2,16000,640,96.00,33.96,120,0.5120,90953
560,15,2,16000,768,95.20,33.96,119,0.6144,91023
560,16,2,16000,768,95.20,33.96,119,0.6144,91015
560,17,2,16000,768,95.20,33.96,119,0.6144,91020
560,18,2,16000,768,95.20,33.96,119,0.6144,91026
560,19,2,16000,768,95.20,33.96,119,0.6144,91021
560,20,2,16000,640,96.00,33.96,120,0.5120,90912
