timestamp,sliceId,dedicatedPRB,minPRB,maxPRB
510,0,33.18835703194529,33.18835703194529,100.0
510,1,44.689967419651154,44.689967419651154,100.0
510,2,22.121675548403562,22.121675548403562,100.0
520,0,25.243344334724842,25.243344334724842,100.0
520,1,39.758955838654394,39.758955838654394,100.0
520,2,34.99769982662076,34.99769982662076,100.0
530,0,26.753933475044,26.753933475044,100.0
530,1,29.88445735353138,29.88445735353138,100.0
530,2,43.36160917142461,43.36160917142461,100.0
540,0,42.43191950238975,42.43191950238975,100.0
540,1,38.979339078253105,38.979339078253105,100.0
540,2,18.58874141935713,18.58874141935713,100.0
550,0,24.757575129316088,24.757575129316088,100.0
550,1,41.280427805061734,41.280427805061734,100.0
550,2,33.96199706562217,33.96199706562217,100.0
