timestamp,sliceId,dedicatedPRB,minPRB,maxPRB
510,0,30.748442738902227,30.748442738902227,100.0
510,1,37.39515109566037,37.39515109566037,100.0
510,2,31.856406165437406,31.856406165437406,100.0
520,0,23.966484180031998,23.966484180031998,100.0
520,1,36.40063938009331,36.40063938009331,100.0
520,2,39.63287643987469,39.63287643987469,100.0
530,0,29.822043808250527,29.822043808250527,100.0
530,1,50.02886315872718,50.02886315872718,100.0
530,2,20.149093033022307,20.149093033022307,100.0
540,0,28.885418354393156,28.885418354393156,100.0
540,1,32.942211200664104,32.942211200664104,100.0
540,2,38.172370444942736,38.172370444942736,100.0
550,0,34.490713597149494,34.490713597149494,100.0
550,1,44.167384620306734,44.167384620306734,100.0
550,2,21.341901782543765,21.341901782543765,100.0
