timestamp,sliceId,dedicatedPRB,minPRB,maxPRB
510,0,47.633618262494295,47.633618262494295,100.0
510,1,26.177857850376895,26.177857850376895,100.0
510,2,26.188523887128813,26.188523887128813,100.0
520,0,41.05494764701918,41.05494764701918,100.0
520,1,35.784845035386276,35.784845035386276,100.0
520,2,23.160207317594548,23.160207317594548,100.0
530,0,36.6738951463885,36.6738951463885,100.0
530,1,38.95486888302486,38.95486888302486,100.0
530,2,24.37123597058664,24.37123597058664,100.0
540,0,40.55810122675041,40.55810122675041,100.0
540,1,32.421923288744736,32.421923288744736,100.0
540,2,27.01997548450486,27.01997548450486,100.0
550,0,27.18601707741121,27.18601707741121,100.0
550,1,44.6461004936384,44.6461004936384,100.0
550,2,28.167882428950392,28.167882428950392,100.0
