timestamp,sliceId,dedicatedPRB,minPRB,maxPRB
510,0,36.58026804908272,36.58026804908272,100.0
510,1,36.17141714853327,36.17141714853327,100.0
510,2,27.24831480238401,27.24831480238401,100.0
520,0,32.62233422878265,32.62233422878265,100.0
520,1,34.021157941792474,34.021157941792474,100.0
520,2,33.356507829424885,33.356507829424885,100.0
530,0,49.18405683543235,49.18405683543235,100.0
530,1,29.873417736477858,29.873417736477858,100.0
530,2,20.9425254280898,20.9425254280898,100.0
540,0,27.724370025489485,27.724370025489485,100.0
540,1,37.237910771808004,37.237910771808004,100.0
540,2,35.03771920270251,35.03771920270251,100.0
550,0,30.66881136267548,30.66881136267548,100.0
550,1,31.48104582149422,31.48104582149422,100.0
550,2,37.85014281583031,37.85014281583031,100.0
560,0,47.0662074918626,47.0662074918626,100.0
560,1,27.360923018292116,27.360923018292116,100.0
560,2,25.572869489845285,25.572869489845285,100.0
570,0,38.30766580530071,38.30766580530071,100.0
570,1,36.28106371485079,36.28106371485079,100.0
570,2,25.411270479848508,25.411270479848508,100.0
580,0,39.790407558641036,39.790407558641036,100.0
580,1,35.629637947632965,35.629637947632965,100.0
580,2,24.579954493726003,24.579954493726003,100.0
590,0,38.74121581321145,38.74121581321145,100.0
590,1,40.01678963952919,40.01678963952919,100.0
590,2,21.241994547259363,21.241994547259363,100.0
600,0,28.50354339831348,28.50354339831348,100.0
600,1,37.42434337741626,37.42434337741626,100.0
600,2,34.07211322427026,34.07211322427026,100.0
610,0,33.57981824010305,33.57981824010305,100.0
610,1,28.35438334392826,28.35438334392826,100.0
610,2,38.06579841596869,38.06579841596869,100.0
620,0,27.998415189195992,27.998415189195992,100.0
620,1,49.60414551268597,49.60414551268597,100.0
620,2,22.397439298118044,22.397439298118044,100.0
630,0,31.622655035309364,31.622655035309364,100.0
630,1,35.6841094700164,35.6841094700164,100.0
630,2,32.693235494674234,32.693235494674234,100.0
640,0,42.54693773778026,42.54693773778026,100.0
640,1,24.666763676995668,24.666763676995668,100.0
640,2,32.786298585224074,32.786298585224074,100.0
650,0,48.95431297097731,48.95431297097731,100.0
650,1,30.332737252190476,30.332737252190476,100.0
650,2,20.712949776832208,20.712949776832208,100.0
660,0,36.903032273447224,36.903032273447224,100.0
660,1,34.181332952966805,34.181332952966805,100.0
660,2,28.915634773585975,28.915634773585975,100.0
670,0,34.29610623526324,34.29610623526324,100.0
670,1,30.579599707181142,30.579599707181142,100.0
670,2,35.12429405755563,35.12429405755563,100.0
680,0,29.529768296787683,29.529768296787683,100.0
680,1,41.583688135250675,41.583688135250675,100.0
680,2,28.886543567961642,28.886543567961642,100.0
690,0,28.808551359388694,28.808551359388694,100.0
690,1,43.37856522237342,43.37856522237342,100.0
690,2,27.812883418237888,27.812883418237888,100.0
700,0,29.411354126597107,29.411354126597107,100.0
700,1,34.59449471110928,34.59449471110928,100.0
700,2,35.99415116229362,35.99415116229362,100.0
710,0,52.432281260259685,52.432281260259685,100.0
710,1,25.768769706265626,25.768769706265626,100.0
710,2,21.798949033474692,21.798949033474692,100.0
720,0,26.71169413604092,26.71169413604092,100.0
720,1,38.950343404349006,38.950343404349006,100.0
720,2,34.33796245961007,34.33796245961007,100.0
730,0,26.733732616677596,26.733732616677596,100.0
730,1,36.076125713041726,36.076125713041726,100.0
730,2,37.19014167028067,37.19014167028067,100.0
740,0,37.39138738535166,37.39138738535166,100.0
740,1,34.87029151504892,34.87029151504892,100.0
740,2,27.73832109959942,27.73832109959942,100.0
750,0,25.77867446040667,25.77867446040667,100.0
750,1,25.858930941782226,25.858930941782226,100.0
750,2,48.36239459781111,48.36239459781111,100.0
760,0,43.54550073355728,43.54550073355728,100.0
760,1,30.585398159788234,30.585398159788234,100.0
760,2,25.869101106654487,25.869101106654487,100.0
770,0,26.594576878830996,26.594576878830996,100.0
770,1,43.93418407986227,43.93418407986227,100.0
770,2,29.471239041306745,29.471239041306745,100.0
780,0,28.569754329820434,28.569754329820434,100.0
780,1,40.37476380390341,40.37476380390341,100.0
780,2,31.055481866276153,31.055481866276153,100.0
790,0,40.59718963631226,40.59718963631226,100.0
790,1,35.57262484559516,35.57262484559516,100.0
790,2,23.830185518092595,23.830185518092595,100.0
800,0,37.37782655691758,37.37782655691758,100.0
800,1,30.698842189789477,30.698842189789477,100.0
800,2,31.923331253292943,31.923331253292943,100.0
810,0,42.56944816061415,42.56944816061415,100.0
810,1,29.253209092948186,29.253209092948186,100.0
810,2,28.177342746437656,28.177342746437656,100.0
820,0,40.55843362784045,40.55843362784045,100.0
820,1,35.05092033970472,35.05092033970472,100.0
820,2,24.390646032454843,24.390646032454843,100.0
830,0,39.09522422097123,39.09522422097123,100.0
830,1,37.552411785438935,37.552411785438935,100.0
830,2,23.35236399358984,23.35236399358984,100.0
840,0,35.149641825621416,35.149641825621416,100.0
840,1,34.97991557245882,34.97991557245882,100.0
840,2,29.870442601919766,29.870442601919766,100.0
850,0,23.533237693998664,23.533237693998664,100.0
850,1,52.167157103521156,52.167157103521156,100.0
850,2,24.29960520248018,24.29960520248018,100.0
860,0,31.212300406522616,31.212300406522616,100.0
860,1,41.44672982132319,41.44672982132319,100.0
860,2,27.3409697721542,27.3409697721542,100.0
870,0,44.887421710061126,44.887421710061126,100.0
870,1,32.98270126820986,32.98270126820986,100.0
870,2,22.129877021729015,22.129877021729015,100.0
880,0,25.939708750226853,25.939708750226853,100.0
880,1,50.50830160553933,50.50830160553933,100.0
880,2,23.55198964423383,23.55198964423383,100.0
890,0,25.499417018437587,25.499417018437587,100.0
890,1,39.332341660977455,39.332341660977455,100.0
890,2,35.16824132058496,35.16824132058496,100.0
900,0,45.29207576601777,45.29207576601777,100.0
900,1,29.813736640572852,29.813736640572852,100.0
900,2,24.894187593409377,24.894187593409377,100.0
910,0,45.097493293039015,45.097493293039015,100.0
910,1,31.009020154769523,31.009020154769523,100.0
910,2,23.893486552191465,23.893486552191465,100.0
920,0,37.87612707465011,37.87612707465011,100.0
920,1,40.391638533565676,40.391638533565676,100.0
920,2,21.732234391784218,21.732234391784218,100.0
930,0,47.180719146567704,47.180719146567704,100.0
930,1,28.85377009629302,28.85377009629302,100.0
930,2,23.96551075713928,23.96551075713928,100.0
940,0,25.674834786477664,25.674834786477664,100.0
940,1,41.71661349260274,41.71661349260274,100.0
940,2,32.6085517209196,32.6085517209196,100.0
950,0,36.213809562438406,36.213809562438406,100.0
950,1,43.928605281283296,43.928605281283296,100.0
950,2,19.857585156278304,19.857585156278304,100.0
960,0,44.04117167707364,44.04117167707364,100.0
960,1,31.36048533246585,31.36048533246585,100.0
960,2,24.59834299046051,24.59834299046051,100.0
970,0,30.911531949626696,30.911531949626696,100.0
970,1,29.341037776153563,29.341037776153563,100.0
970,2,39.74743027421974,39.74743027421974,100.0
980,0,41.466659460774224,41.466659460774224,100.0
980,1,31.45815831917636,31.45815831917636,100.0
980,2,27.07518222004942,27.07518222004942,100.0
990,0,40.74730646304543,40.74730646304543,100.0
990,1,32.3138887805988,32.3138887805988,100.0
990,2,26.93880475635578,26.93880475635578,100.0
1000,0,37.87577339280129,37.87577339280129,100.0
1000,1,33.92479662890578,33.92479662890578,100.0
1000,2,28.19942997829293,28.19942997829293,100.0
1010,0,31.459256996556817,31.459256996556817,100.0
1010,1,47.32381642426573,47.32381642426573,100.0
1010,2,21.216926579177454,21.216926579177454,100.0
1020,0,20.99471640217609,20.99471640217609,100.0
1020,1,46.400909995823454,46.400909995823454,100.0
1020,2,32.60437360200046,32.60437360200046,100.0
1030,0,21.35320704567773,21.35320704567773,100.0
1030,1,39.561391121037204,39.561391121037204,100.0
1030,2,39.08540183328506,39.08540183328506,100.0
1040,0,52.38654818972376,52.38654818972376,100.0
1040,1,26.88446933384916,26.88446933384916,100.0
1040,2,20.72898247642708,20.72898247642708,100.0
1050,0,40.21196002930552,40.21196002930552,100.0
1050,1,34.71315632437125,34.71315632437125,100.0
1050,2,25.074883646323226,25.074883646323226,100.0
1060,0,42.78836936721866,42.78836936721866,100.0
1060,1,38.409212505472794,38.409212505472794,100.0
1060,2,18.80241812730855,18.80241812730855,100.0
1070,0,28.66860528423881,28.66860528423881,100.0
1070,1,43.79289925456214,43.79289925456214,100.0
1070,2,27.53849546119905,27.53849546119905,100.0
1080,0,36.94373232707983,36.94373232707983,100.0
1080,1,30.3565371821348,30.3565371821348,100.0
1080,2,32.69973049078538,32.69973049078538,100.0
1090,0,32.70014951302181,32.70014951302181,100.0
1090,1,45.163169299975465,45.163169299975465,100.0
1090,2,22.136681187002722,22.136681187002722,100.0
1100,0,43.25322468956263,43.25322468956263,100.0
1100,1,33.954295289510306,33.954295289510306,100.0
1100,2,22.79248002092707,22.79248002092707,100.0
1110,0,34.488497971490794,34.488497971490794,100.0
1110,1,28.14061261146461,28.14061261146461,100.0
1110,2,37.37088941704461,37.37088941704461,100.0
1120,0,39.49340695964156,39.49340695964156,100.0
1120,1,31.37214947781955,31.37214947781955,100.0
1120,2,29.134443562538898,29.134443562538898,100.0
1130,0,52.51050573992263,52.51050573992263,100.0
1130,1,28.382937570574647,28.382937570574647,100.0
1130,2,19.10655668950272,19.10655668950272,100.0
1140,0,38.47622436950077,38.47622436950077,100.0
1140,1,39.708134983205035,39.708134983205035,100.0
1140,2,21.81564064729419,21.81564064729419,100.0
1150,0,23.81615197352599,23.81615197352599,100.0
1150,1,42.46555315556459,42.46555315556459,100.0
1150,2,33.71829487090942,33.71829487090942,100.0
1160,0,26.59078509985929,26.59078509985929,100.0
1160,1,27.582128621856928,27.582128621856928,100.0
1160,2,45.827086278283794,45.827086278283794,100.0
1170,0,28.208977818664984,28.208977818664984,100.0
1170,1,50.55785969276458,50.55785969276458,100.0
1170,2,21.23316248857043,21.23316248857043,100.0
1180,0,36.38677187389527,36.38677187389527,100.0
1180,1,38.21090157144907,38.21090157144907,100.0
1180,2,25.402326554655662,25.402326554655662,100.0
1190,0,40.0834920631719,40.0834920631719,100.0
1190,1,40.3119440839627,40.3119440839627,100.0
1190,2,19.604563852865393,19.604563852865393,100.0
1200,0,35.62596299752293,35.62596299752293,100.0
1200,1,27.889966211666362,27.889966211666362,100.0
1200,2,36.484070790810705,36.484070790810705,100.0
1210,0,46.631613699302044,46.631613699302044,100.0
1210,1,27.01746452007216,27.01746452007216,100.0
1210,2,26.350921780625796,26.350921780625796,100.0
1220,0,23.34991732475549,23.34991732475549,100.0
1220,1,47.34694423550664,47.34694423550664,100.0
1220,2,29.303138439737864,29.303138439737864,100.0
1230,0,28.555698396908046,28.555698396908046,100.0
1230,1,36.14318670977582,36.14318670977582,100.0
1230,2,35.30111489331613,35.30111489331613,100.0
1240,0,32.18984817549314,32.18984817549314,100.0
1240,1,47.80562297668593,47.80562297668593,100.0
1240,2,20.004528847820932,20.004528847820932,100.0
1250,0,31.894825813109705,31.894825813109705,100.0
1250,1,41.493568068892465,41.493568068892465,100.0
1250,2,26.611606117997837,26.611606117997837,100.0
1260,0,44.705501417042804,44.705501417042804,100.0
1260,1,30.16446230280554,30.16446230280554,100.0
1260,2,25.130036280151664,25.130036280151664,100.0
1270,0,49.68788770535836,49.68788770535836,100.0
1270,1,27.674319518339413,27.674319518339413,100.0
1270,2,22.637792776302224,22.637792776302224,100.0
1280,0,35.80086792424129,35.80086792424129,100.0
1280,1,46.40512355019442,46.40512355019442,100.0
1280,2,17.794008525564305,17.794008525564305,100.0
1290,0,32.33130035698595,32.33130035698595,100.0
1290,1,36.22802630778047,36.22802630778047,100.0
1290,2,31.440673335233583,31.440673335233583,100.0
1300,0,37.091507290054906,37.091507290054906,100.0
1300,1,35.77317457497627,35.77317457497627,100.0
1300,2,27.135318134968824,27.135318134968824,100.0
1310,0,33.32376355746507,33.32376355746507,100.0
1310,1,42.21983460715776,42.21983460715776,100.0
1310,2,24.45640183537717,24.45640183537717,100.0
1320,0,45.557607951927494,45.557607951927494,100.0
1320,1,30.21874748693526,30.21874748693526,100.0
1320,2,24.22364456113724,24.22364456113724,100.0
1330,0,21.664318780753984,21.664318780753984,100.0
1330,1,39.50238103819619,39.50238103819619,100.0
1330,2,38.83330018104982,38.83330018104982,100.0
1340,0,36.80146122601661,36.80146122601661,100.0
1340,1,32.5850972881297,32.5850972881297,100.0
1340,2,30.613441485853688,30.613441485853688,100.0
1350,0,35.23304943569753,35.23304943569753,100.0
1350,1,35.3280608156466,35.3280608156466,100.0
1350,2,29.43888974865587,29.43888974865587,100.0
1360,0,31.035979866586892,31.035979866586892,100.0
1360,1,39.393453956048916,39.393453956048916,100.0
1360,2,29.5705661773642,29.5705661773642,100.0
1370,0,31.886726626341822,31.886726626341822,100.0
1370,1,41.814632546143926,41.814632546143926,100.0
1370,2,26.29864082751425,26.29864082751425,100.0
1380,0,20.685936743205342,20.685936743205342,100.0
1380,1,40.0452439944411,40.0452439944411,100.0
1380,2,39.26881926235357,39.26881926235357,100.0
1390,0,38.2871367189416,38.2871367189416,100.0
1390,1,34.894151325483904,34.894151325483904,100.0
1390,2,26.818711955574496,26.818711955574496,100.0
1400,0,22.71382448703211,22.71382448703211,100.0
1400,1,33.45255799256973,33.45255799256973,100.0
1400,2,43.833617520398164,43.833617520398164,100.0
1410,0,35.310721822068935,35.310721822068935,100.0
1410,1,28.33060993853171,28.33060993853171,100.0
1410,2,36.35866823939935,36.35866823939935,100.0
1420,0,29.61170075173265,29.61170075173265,100.0
1420,1,46.33950039642844,46.33950039642844,100.0
1420,2,24.04879885183891,24.04879885183891,100.0
1430,0,36.79638504078845,36.79638504078845,100.0
1430,1,35.34800732196256,35.34800732196256,100.0
1430,2,27.855607637248987,27.855607637248987,100.0
1440,0,27.720458527200652,27.720458527200652,100.0
1440,1,47.87774489289884,47.87774489289884,100.0
1440,2,24.40179657990051,24.40179657990051,100.0
1450,0,27.94199881869952,27.94199881869952,100.0
1450,1,27.71525051054126,27.71525051054126,100.0
1450,2,44.34275067075923,44.34275067075923,100.0
1460,0,32.243674651041346,32.243674651041346,100.0
1460,1,25.782674186694926,25.782674186694926,100.0
1460,2,41.973651162263735,41.973651162263735,100.0
1470,0,40.91727140491893,40.91727140491893,100.0
1470,1,24.61243786994583,24.61243786994583,100.0
1470,2,34.470290725135236,34.470290725135236,100.0
1480,0,23.608091246458958,23.608091246458958,100.0
1480,1,33.194514036282385,33.194514036282385,100.0
1480,2,43.19739471725865,43.19739471725865,100.0
1490,0,30.57980620774653,30.57980620774653,100.0
1490,1,44.78889871100144,44.78889871100144,100.0
1490,2,24.63129508125204,24.63129508125204,100.0
1500,0,24.37280236533697,24.37280236533697,100.0
1500,1,46.87947305923771,46.87947305923771,100.0
1500,2,28.74772457542532,28.74772457542532,100.0
