timestamp,ueImsi,sliceId,dTxBytes,dRxBytes,plr,resourceSharePct,dLostPackets,throughputMbps,bufferBytes
1020,1,0,25976,4584,82.35,40.63,14,3.6672,1199875
1020,2,0,25976,4584,82.35,40.63,14,3.6672,1199878
1020,3,0,25976,4584,82.35,40.63,14,3.6672,1199853
1020,4,0,25976,4584,82.35,40.63,14,3.6672,1199760
1020,5,0,25976,4584,82.35,40.63,14,3.6672,1199870
1020,6,1,390,390,0.00,40.60,0,0.3120,87
1020,7,1,390,390,0.00,40.60,0,0.3120,87
1020,8,1,390,390,0.00,40.60,0,0.3120,87
1020,9,1,390,390,0.00,40.60,0,0.3120,87
1020,10,1,390,390,0.00,40.60,0,0.3120,87
1020,11,2,16000,896,94.40,18.77,118,0.7168,796998
1020,12,2,16000,896,94.40,18.77,118,0.7168,797000
1020,13,2,16000,896,94.40,18.77,118,0.7168,796995
1020,14,2,16000,768,95.20,18.77,119,0.6144,796989
1020,15,2,16000,896,94.40,18.77,118,0.7168,797030
1020,16,2,16000,768,95.20,18.77,119,0.6144,797015
1020,17,2,16000,896,94.40,18.77,118,0.7168,796934
1020,18,2,16000,896,94.40,18.77,118,0.7168,796960
1020,19,2,16000,896,94.40,18.77,118,0.7168,797040
1020,20,2,16000,896,94.40,18.77,118,0.7168,797071
