timestamp,ueImsi,sliceId,dTxBytes,dRxBytes,plr,resourceSharePct,dLostPackets,throughputMbps,bufferBytes
1510,1,0,18336,12224,33.33,31.66,4,9.7792,1212
1510,2,0,18336,10696,41.67,31.66,5,8.5568,547067
1510,3,0,18336,13752,25.00,31.66,3,11.0016,276498
1510,4,0,18336,6112,66.67,31.66,8,4.8896,1093347
1510,5,0,18336,0,100.00,31.66,12,0.0000,1628457
1510,6,1,390,0,100.00,55.00,5,0.0000,87
1510,7,1,390,390,0.00,55.00,0,0.3120,87
1510,8,1,390,0,100.00,55.00,5,0.0000,169
1510,9,1,390,0,100.00,55.00,5,0.0000,875
1510,10,1,390,390,0.00,55.00,0,0.3120,87
1510,11,2,384,384,0.00,13.33,0,0.3072,126
1510,12,2,384,256,33.33,13.33,1,0.2048,86
1510,13,2,384,256,33.33,13.33,1,0.2048,137
1510,14,2,384,0,100.00,13.33,3,0.0000,4180
1510,15,2,384,256,33.33,13.33,1,0.2048,55
1510,16,2,384,256,33.33,13.33,1,0.2048,137
1510,17,2,384,128,66.67,13.33,2,0.1024,137
1510,18,2,384,0,100.00,13.33,3,0.0000,137
1510,19,2,384,256,33.33,13.33,1,0.2048,137
1510,20,2,384,0,100.00,13.33,3,0.0000,137
