timestamp,ueImsi,sliceId,dTxBytes,dRxBytes,plr,resourceSharePct,dLostPackets,throughputMbps,bufferBytes
1510,1,0,18336,0,100.00,31.86,12,0.0000,1686123
1510,2,0,18336,3056,83.33,31.86,10,2.4448,1497137
1510,3,0,18336,6112,66.67,31.86,8,4.8896,1205487
1510,4,0,18336,10696,41.67,31.86,5,8.5568,1312897
1510,5,0,18336,0,100.00,31.86,12,0.0000,1692698
1510,6,1,390,390,0.00,40.46,0,0.3120,87
1510,7,1,390,0,100.00,40.46,5,0.0000,169
1510,8,1,390,390,0.00,40.46,0,0.3120,87
1510,9,1,390,156,60.00,40.46,3,0.1248,169
1510,10,1,390,0,100.00,40.46,5,0.0000,579
1510,11,2,384,256,33.33,27.68,1,0.2048,137
1510,12,2,384,256,33.33,27.68,1,0.2048,137
1510,13,2,384,256,33.33,27.68,1,0.2048,137
1510,14,2,384,256,33.33,27.68,1,0.2048,137
1510,15,2,384,256,33.33,27.68,1,0.2048,85
1510,16,2,384,0,100.00,27.68,3,0.0000,137
1510,17,2,384,256,33.33,27.68,1,0.2048,137
1510,18,2,384,0,100.00,27.68,3,0.0000,401
1510,19,2,384,256,33.33,27.68,1,0.2048,137
1510,20,2,384,256,33.33,27.68,1,0.2048,137
