timestamp,ueImsi,sliceId,dTxBytes,dRxBytes,plr,resourceSharePct,dLostPackets,throughputMbps,bufferBytes
560,1,0,16808,4584,72.73,33.03,8,3.6672,70772
560,2,0,16808,6112,63.64,33.03,7,4.8896,70680
560,3,0,16808,6112,63.64,33.03,7,4.8896,70717
560,4,0,16808,4584,72.73,33.03,8,3.6672,70773
560,5,0,16808,4584,72.73,33.03,8,3.6672,70767
560,6,1,390,390,0.00,49.12,0,0.3120,87
560,7,1,390,390,0.00,49.12,0,0.3120,87
560,8,1,390,390,0.00,49.12,0,0.3120,87
560,9,1,390,390,0.00,49.12,0,0.3120,87
560,10,1,390,390,0.00,49.12,0,0.3120,87
560,11,2,256,256,0.00,17.84,0,0.2048,54
560,12,2,256,256,0.00,17.84,0,0.2048,54
560,13,2,256,256,0.00,17.84,0,0.2048,54
560,14,2,256,256,0.00,17.84,0,0.2048,54
560,15,2,256,256,0.00,17.84,0,0.2048,54
560,16,2,256,256,0.00,17.84,0,0.2048,54
560,17,2,256,256,0.00,17.84,0,0.2048,54
560,18,2,256,256,0.00,17.84,0,0.2048,54
560,19,2,256,256,0.00,17.84,0,0.2048,54
560,20,2,256,256,0.00,17.84,0,0.2048,54
