timestamp,ueImsi,sliceId,dTxBytes,dRxBytes,plr,resourceSharePct,dLostPackets,throughputMbps,bufferBytes
1510,1,0,35144,38200,0.00,16.66,0,30.5600,1537
1510,2,0,35144,0,100.00,16.66,23,0.0000,3115197
1510,3,1,1014,0,100.00,45.00,13,0.0000,169
1510,4,1,1014,0,100.00,45.00,13,0.0000,87
1510,5,2,256,0,100.00,38.33,2,0.0000,665
1510,6,2,256,256,0.00,38.33,0,0.2048,137
1510,7,2,256,256,0.00,38.33,0,0.2048,137
1510,8,2,256,256,0.00,38.33,0,0.2048,137
1510,9,2,256,256,0.00,38.33,0,0.2048,137
1510,10,2,256,0,100.00,38.33,2,0.0000,137
