timestamp,sliceId,dedicatedPRB,minPRB,maxPRB
510,0,42.899941530922625,42.899941530922625,100.0
510,1,28.457335908946078,28.457335908946078,100.0
510,2,28.642722560131297,28.642722560131297,100.0
520,0,36.706124783574545,36.706124783574545,100.0
520,1,29.310835482100085,29.310835482100085,100.0
520,2,33.983039734325374,33.983039734325374,100.0
530,0,27.560438001136667,27.560438001136667,100.0
530,1,29.638280887370875,29.638280887370875,100.0
530,2,42.801281111492465,42.801281111492465,100.0
540,0,36.42802827257215,36.42802827257215,100.0
540,1,40.557523482003674,40.557523482003674,100.0
540,2,23.014448245424173,23.014448245424173,100.0
550,0,23.576915896374768,23.576915896374768,100.0
550,1,48.0988357301382,48.0988357301382,100.0
550,2,28.324248373487045,28.324248373487045,100.0
560,0,23.152060847105478,23.152060847105478,100.0
560,1,26.224425536333023,26.224425536333023,100.0
560,2,50.623513616561496,50.623513616561496,100.0
570,0,23.08608799795243,23.08608799795243,100.0
570,1,56.82437097300694,56.82437097300694,100.0
570,2,20.08954102904063,20.08954102904063,100.0
580,0,25.971037247830765,25.971037247830765,100.0
580,1,26.229714584723425,26.229714584723425,100.0
580,2,47.79924816744581,47.79924816744581,100.0
590,0,24.65109800704234,24.65109800704234,100.0
590,1,30.33757761764647,30.33757761764647,100.0
590,2,45.01132437531119,45.01132437531119,100.0
600,0,21.06645554529828,21.06645554529828,100.0
600,1,43.46771173699749,43.46771173699749,100.0
600,2,35.465832717704245,35.465832717704245,100.0
610,0,33.32182115133328,33.32182115133328,100.0
610,1,32.74969163914659,32.74969163914659,100.0
610,2,33.928487209520135,33.928487209520135,100.0
620,0,22.30054267275566,22.30054267275566,100.0
620,1,25.481660614063088,25.481660614063088,100.0
620,2,52.21779671318125,52.21779671318125,100.0
630,0,24.406419346790717,24.406419346790717,100.0
630,1,42.02189632545944,42.02189632545944,100.0
630,2,33.57168432774986,33.57168432774986,100.0
640,0,24.307337900247404,24.307337900247404,100.0
640,1,28.052083647497938,28.052083647497938,100.0
640,2,47.64057845225466,47.64057845225466,100.0
650,0,22.58741362804784,22.58741362804784,100.0
650,1,30.627757230620805,30.627757230620805,100.0
650,2,46.78482914133136,46.78482914133136,100.0
660,0,20.94818050242488,20.94818050242488,100.0
660,1,42.966418025411976,42.966418025411976,100.0
660,2,36.08540147216314,36.08540147216314,100.0
670,0,23.1971527627374,23.1971527627374,100.0
670,1,27.621618093679913,27.621618093679913,100.0
670,2,49.1812291435827,49.1812291435827,100.0
680,0,22.270606712613834,22.270606712613834,100.0
680,1,35.472637541831,35.472637541831,100.0
680,2,42.256755745555175,42.256755745555175,100.0
690,0,23.35298455059851,23.35298455059851,100.0
690,1,31.44788944683422,31.44788944683422,100.0
690,2,45.19912600256726,45.19912600256726,100.0
700,0,24.268033999363283,24.268033999363283,100.0
700,1,30.638294626814666,30.638294626814666,100.0
700,2,45.09367137382205,45.09367137382205,100.0
710,0,21.9582991964889,21.9582991964889,100.0
710,1,29.644929032281347,29.644929032281347,100.0
710,2,48.39677177122975,48.39677177122975,100.0
720,0,22.38426470496796,22.38426470496796,100.0
720,1,35.92978696525412,35.92978696525412,100.0
720,2,41.68594832977793,41.68594832977793,100.0
730,0,21.352379947875104,21.352379947875104,100.0
730,1,37.632280283246565,37.632280283246565,100.0
730,2,41.01533976887832,41.01533976887832,100.0
740,0,21.494035513754937,21.494035513754937,100.0
740,1,40.98764997871328,40.98764997871328,100.0
740,2,37.518314507531784,37.518314507531784,100.0
750,0,22.929168669718685,22.929168669718685,100.0
750,1,35.25805394065659,35.25805394065659,100.0
750,2,41.812777389624735,41.812777389624735,100.0
760,0,22.225319535690108,22.225319535690108,100.0
760,1,30.761335021882697,30.761335021882697,100.0
760,2,47.0133454424272,47.0133454424272,100.0
770,0,24.681739656491537,24.681739656491537,100.0
770,1,27.376215351543664,27.376215351543664,100.0
770,2,47.9420449919648,47.9420449919648,100.0
780,0,21.054124794944897,21.054124794944897,100.0
780,1,44.52681191086552,44.52681191086552,100.0
780,2,34.419063294189584,34.419063294189584,100.0
790,0,24.538866084504107,24.538866084504107,100.0
790,1,32.33009648396459,32.33009648396459,100.0
790,2,43.13103743153131,43.13103743153131,100.0
800,0,23.527613134774334,23.527613134774334,100.0
800,1,29.650583488686166,29.650583488686166,100.0
800,2,46.82180337653949,46.82180337653949,100.0
810,0,20.84328635420041,20.84328635420041,100.0
810,1,40.96289629637246,40.96289629637246,100.0
810,2,38.19381734942713,38.19381734942713,100.0
820,0,22.69714459325637,22.69714459325637,100.0
820,1,32.76609096383876,32.76609096383876,100.0
820,2,44.53676444290487,44.53676444290487,100.0
830,0,33.90747981008737,33.90747981008737,100.0
830,1,28.02806736847251,28.02806736847251,100.0
830,2,38.06445282144013,38.06445282144013,100.0
840,0,23.398077075728843,23.398077075728843,100.0
840,1,26.05050565382296,26.05050565382296,100.0
840,2,50.551417270448205,50.551417270448205,100.0
850,0,24.569110070305527,24.569110070305527,100.0
850,1,35.33900502122507,35.33900502122507,100.0
850,2,40.09188490846941,40.09188490846941,100.0
860,0,21.876214130147034,21.876214130147034,100.0
860,1,49.322675139825115,49.322675139825115,100.0
860,2,28.801110730027844,28.801110730027844,100.0
870,0,21.67393547367867,21.67393547367867,100.0
870,1,35.425931359311406,35.425931359311406,100.0
870,2,42.900133167009926,42.900133167009926,100.0
880,0,23.419972125082396,23.419972125082396,100.0
880,1,40.65407979806447,40.65407979806447,100.0
880,2,35.92594807685314,35.92594807685314,100.0
890,0,23.23459464050824,23.23459464050824,100.0
890,1,28.045427283325157,28.045427283325157,100.0
890,2,48.719978076166605,48.719978076166605,100.0
900,0,22.197328265734008,22.197328265734008,100.0
900,1,36.07823295039649,36.07823295039649,100.0
900,2,41.72443878386951,41.72443878386951,100.0
910,0,20.55033212448034,20.55033212448034,100.0
910,1,42.01314600536571,42.01314600536571,100.0
910,2,37.43652187015396,37.43652187015396,100.0
920,0,23.079095146028482,23.079095146028482,100.0
920,1,26.058904696517203,26.058904696517203,100.0
920,2,50.862000157454325,50.862000157454325,100.0
930,0,22.70179668905696,22.70179668905696,100.0
930,1,29.87325948294199,29.87325948294199,100.0
930,2,47.424943828001055,47.424943828001055,100.0
940,0,21.471874870286968,21.471874870286968,100.0
940,1,35.85418574753403,35.85418574753403,100.0
940,2,42.67393938217901,42.67393938217901,100.0
950,0,21.76901871036666,21.76901871036666,100.0
950,1,44.537413597323436,44.537413597323436,100.0
950,2,33.6935676923099,33.6935676923099,100.0
960,0,23.503944424169376,23.503944424169376,100.0
960,1,28.23941150535139,28.23941150535139,100.0
960,2,48.25664407047924,48.25664407047924,100.0
970,0,25.52991163654469,25.52991163654469,100.0
970,1,34.336804582248845,34.336804582248845,100.0
970,2,40.13328378120646,40.13328378120646,100.0
980,0,21.720005890317946,21.720005890317946,100.0
980,1,37.13348353376135,37.13348353376135,100.0
980,2,41.14651057592071,41.14651057592071,100.0
990,0,22.06013735372888,22.06013735372888,100.0
990,1,38.84660793993765,38.84660793993765,100.0
990,2,39.09325470633347,39.09325470633347,100.0
1000,0,20.97195912699558,20.97195912699558,100.0
1000,1,42.87801805563626,42.87801805563626,100.0
1000,2,36.15002281736816,36.15002281736816,100.0
1010,0,22.480131876042016,22.480131876042016,100.0
1010,1,36.305108025656736,36.305108025656736,100.0
1010,2,41.21476009830125,41.21476009830125,100.0
1020,0,21.971418258528193,21.971418258528193,100.0
1020,1,39.24615729956176,39.24615729956176,100.0
1020,2,38.782424441910045,38.782424441910045,100.0
1030,0,23.329805666616277,23.329805666616277,100.0
1030,1,30.24999644184022,30.24999644184022,100.0
1030,2,46.4201978915435,46.4201978915435,100.0
1040,0,24.340971998048154,24.340971998048154,100.0
1040,1,44.854264204223504,44.854264204223504,100.0
1040,2,30.80476379772834,30.80476379772834,100.0
1050,0,21.98036096680971,21.98036096680971,100.0
1050,1,29.92579086253524,29.92579086253524,100.0
1050,2,48.09384817065505,48.09384817065505,100.0
1060,0,25.437416080470815,25.437416080470815,100.0
1060,1,27.191160766983945,27.191160766983945,100.0
1060,2,47.37142315254525,47.37142315254525,100.0
1070,0,21.335865664277417,21.335865664277417,100.0
1070,1,38.407801991061866,38.407801991061866,100.0
1070,2,40.25633234466072,40.25633234466072,100.0
1080,0,23.924222967761207,23.924222967761207,100.0
1080,1,42.232671236031486,42.232671236031486,100.0
1080,2,33.84310579620731,33.84310579620731,100.0
1090,0,21.70277955933813,21.70277955933813,100.0
1090,1,44.18103640170603,44.18103640170603,100.0
1090,2,34.116184038955836,34.116184038955836,100.0
1100,0,23.726425028877706,23.726425028877706,100.0
1100,1,39.31546392892059,39.31546392892059,100.0
1100,2,36.9581110422017,36.9581110422017,100.0
1110,0,22.41196317365614,22.41196317365614,100.0
1110,1,34.566024157498035,34.566024157498035,100.0
1110,2,43.02201266884583,43.02201266884583,100.0
1120,0,20.630931984325123,20.630931984325123,100.0
1120,1,39.125859640212504,39.125859640212504,100.0
1120,2,40.24320837546237,40.24320837546237,100.0
1130,0,28.335145263580525,28.335145263580525,100.0
1130,1,35.53588838462471,35.53588838462471,100.0
1130,2,36.128966351794766,36.128966351794766,100.0
1140,0,23.254559890566394,23.254559890566394,100.0
1140,1,26.940374124715188,26.940374124715188,100.0
1140,2,49.80506598471842,49.80506598471842,100.0
1150,0,21.858377321443854,21.858377321443854,100.0
1150,1,40.95445200652051,40.95445200652051,100.0
1150,2,37.18717067203564,37.18717067203564,100.0
1160,0,21.70114729886803,21.70114729886803,100.0
1160,1,40.125570790774745,40.125570790774745,100.0
1160,2,38.173281910357225,38.173281910357225,100.0
1170,0,23.34791934433585,23.34791934433585,100.0
1170,1,29.23168659705678,29.23168659705678,100.0
1170,2,47.42039405860737,47.42039405860737,100.0
1180,0,22.539968133265642,22.539968133265642,100.0
1180,1,39.786336326206616,39.786336326206616,100.0
1180,2,37.67369554052774,37.67369554052774,100.0
1190,0,21.69709529846967,21.69709529846967,100.0
1190,1,43.04187222731194,43.04187222731194,100.0
1190,2,35.26103247421839,35.26103247421839,100.0
1200,0,21.816425230663786,21.816425230663786,100.0
1200,1,36.33059873861059,36.33059873861059,100.0
1200,2,41.85297603072563,41.85297603072563,100.0
1210,0,23.576291227763623,23.576291227763623,100.0
1210,1,30.8863337147289,30.8863337147289,100.0
1210,2,45.53737505750748,45.53737505750748,100.0
1220,0,27.313197350196138,27.313197350196138,100.0
1220,1,32.730408970924984,32.730408970924984,100.0
1220,2,39.95639367887887,39.95639367887887,100.0
1230,0,23.69527726354677,23.69527726354677,100.0
1230,1,35.56644359937275,35.56644359937275,100.0
1230,2,40.73827913708048,40.73827913708048,100.0
1240,0,22.38547482368583,22.38547482368583,100.0
1240,1,38.91610452624356,38.91610452624356,100.0
1240,2,38.69842065007062,38.69842065007062,100.0
1250,0,21.99153671326059,21.99153671326059,100.0
1250,1,38.821476131035645,38.821476131035645,100.0
1250,2,39.18698715570377,39.18698715570377,100.0
1260,0,21.676562827398627,21.676562827398627,100.0
1260,1,38.13881382042319,38.13881382042319,100.0
1260,2,40.18462335217818,40.18462335217818,100.0
1270,0,22.245843882600326,22.245843882600326,100.0
1270,1,38.20011699192023,38.20011699192023,100.0
1270,2,39.55403912547945,39.55403912547945,100.0
1280,0,25.223552684262756,25.223552684262756,100.0
1280,1,27.849644797594912,27.849644797594912,100.0
1280,2,46.92680251814233,46.92680251814233,100.0
1290,0,23.757996588444787,23.757996588444787,100.0
1290,1,27.651127520867654,27.651127520867654,100.0
1290,2,48.59087589068756,48.59087589068756,100.0
1300,0,21.726616211142584,21.726616211142584,100.0
1300,1,43.28651277755079,43.28651277755079,100.0
1300,2,34.98687101130663,34.98687101130663,100.0
1310,0,22.679472707545127,22.679472707545127,100.0
1310,1,32.65199030857124,32.65199030857124,100.0
1310,2,44.66853698388362,44.66853698388362,100.0
1320,0,22.686679273385156,22.686679273385156,100.0
1320,1,30.26310802201338,30.26310802201338,100.0
1320,2,47.05021270460146,47.05021270460146,100.0
1330,0,23.258302660099133,23.258302660099133,100.0
1330,1,29.43926414620072,29.43926414620072,100.0
1330,2,47.30243319370014,47.30243319370014,100.0
1340,0,22.86926978358593,22.86926978358593,100.0
1340,1,31.848222096003443,31.848222096003443,100.0
1340,2,45.282508120410625,45.282508120410625,100.0
1350,0,20.978245882362202,20.978245882362202,100.0
1350,1,40.15666000826918,40.15666000826918,100.0
1350,2,38.86509410936862,38.86509410936862,100.0
1360,0,23.3497190618317,23.3497190618317,100.0
1360,1,26.906990718959644,26.906990718959644,100.0
1360,2,49.74329021920866,49.74329021920866,100.0
1370,0,22.241917270884702,22.241917270884702,100.0
1370,1,30.106774939642477,30.106774939642477,100.0
1370,2,47.65130778947282,47.65130778947282,100.0
1380,0,20.351194349020027,20.351194349020027,100.0
1380,1,42.50366520089324,42.50366520089324,100.0
1380,2,37.145140450086735,37.145140450086735,100.0
1390,0,22.35235070129926,22.35235070129926,100.0
1390,1,27.058433391699836,27.058433391699836,100.0
1390,2,50.58921590700089,50.58921590700089,100.0
1400,0,23.838058937297365,23.838058937297365,100.0
1400,1,29.929846986169828,29.929846986169828,100.0
1400,2,46.2320940765328,46.2320940765328,100.0
1410,0,22.571775300237846,22.571775300237846,100.0
1410,1,28.080518124735665,28.080518124735665,100.0
1410,2,49.34770657502649,49.34770657502649,100.0
1420,0,21.549825178718866,21.549825178718866,100.0
1420,1,39.221730301796086,39.221730301796086,100.0
1420,2,39.22844451948506,39.22844451948506,100.0
1430,0,26.215663323242243,26.215663323242243,100.0
1430,1,26.794586639422214,26.794586639422214,100.0
1430,2,46.98975003733554,46.98975003733554,100.0
1440,0,22.452182112800134,22.452182112800134,100.0
1440,1,36.22817017987355,36.22817017987355,100.0
1440,2,41.319647707326304,41.319647707326304,100.0
1450,0,24.55782821923415,24.55782821923415,100.0
1450,1,31.89018008722435,31.89018008722435,100.0
1450,2,43.55199169354151,43.55199169354151,100.0
1460,0,22.482265736467415,22.482265736467415,100.0
1460,1,26.642817046457147,26.642817046457147,100.0
1460,2,50.87491721707544,50.87491721707544,100.0
1470,0,24.567702541520003,24.567702541520003,100.0
1470,1,29.41764532108437,29.41764532108437,100.0
1470,2,46.01465213739562,46.01465213739562,100.0
1480,0,32.330302387402455,32.330302387402455,100.0
1480,1,32.51405757026359,32.51405757026359,100.0
1480,2,35.15564004233396,35.15564004233396,100.0
1490,0,25.108521566124644,25.108521566124644,100.0
1490,1,27.173193249826134,27.173193249826134,100.0
1490,2,47.71828518404922,47.71828518404922,100.0
1500,0,21.521308184025003,21.521308184025003,100.0
1500,1,41.12756542636971,41.12756542636971,100.0
1500,2,37.351126389605284,37.351126389605284,100.0
1510,0,23.08589901898203,23.08589901898203,100.0
1510,1,27.584016479882767,27.584016479882767,100.0
1510,2,49.330084501135204,49.330084501135204,100.0
1520,0,23.977553975211414,23.977553975211414,100.0
1520,1,28.34726742641307,28.34726742641307,100.0
1520,2,47.67517859837551,47.67517859837551,100.0
1530,0,21.160088459503474,21.160088459503474,100.0
1530,1,43.9343557697421,43.9343557697421,100.0
1530,2,34.90555577075443,34.90555577075443,100.0
1540,0,20.63545157900367,20.63545157900367,100.0
1540,1,40.014431715877855,40.014431715877855,100.0
1540,2,39.350116705118474,39.350116705118474,100.0
1550,0,21.182157199753863,21.182157199753863,100.0
1550,1,48.91554107021646,48.91554107021646,100.0
1550,2,29.902301730029677,29.902301730029677,100.0
1560,0,23.968090642117517,23.968090642117517,100.0
1560,1,41.15460044830796,41.15460044830796,100.0
1560,2,34.87730890957452,34.87730890957452,100.0
1570,0,26.763120804137298,26.763120804137298,100.0
1570,1,29.338632749950428,29.338632749950428,100.0
1570,2,43.89824644591228,43.89824644591228,100.0
1580,0,23.800821508896433,23.800821508896433,100.0
1580,1,28.106026889289538,28.106026889289538,100.0
1580,2,48.09315160181403,48.09315160181403,100.0
1590,0,24.53597103134407,24.53597103134407,100.0
1590,1,28.524387833725388,28.524387833725388,100.0
1590,2,46.93964113493054,46.93964113493054,100.0
1600,0,27.474215275295904,27.474215275295904,100.0
1600,1,30.652454651350748,30.652454651350748,100.0
1600,2,41.87333007335335,41.87333007335335,100.0
1610,0,22.839652937866425,22.839652937866425,100.0
1610,1,27.736737646014348,27.736737646014348,100.0
1610,2,49.423609416119234,49.423609416119234,100.0
1620,0,25.931606396037154,25.931606396037154,100.0
1620,1,37.360736327460906,37.360736327460906,100.0
1620,2,36.70765727650193,36.70765727650193,100.0
1630,0,21.58447066941635,21.58447066941635,100.0
1630,1,38.14095264797126,38.14095264797126,100.0
1630,2,40.27457668261239,40.27457668261239,100.0
1640,0,22.358208157366544,22.358208157366544,100.0
1640,1,34.76360108483607,34.76360108483607,100.0
1640,2,42.878190757797384,42.878190757797384,100.0
1650,0,22.169218573586818,22.169218573586818,100.0
1650,1,27.921302361304285,27.921302361304285,100.0
1650,2,49.90947906510889,49.90947906510889,100.0
1660,0,26.74577469348404,26.74577469348404,100.0
1660,1,29.304192872802094,29.304192872802094,100.0
1660,2,43.950032433713865,43.950032433713865,100.0
1670,0,24.166194239858367,24.166194239858367,100.0
1670,1,39.54662075343147,39.54662075343147,100.0
1670,2,36.28718500671017,36.28718500671017,100.0
1680,0,22.282994802286325,22.282994802286325,100.0
1680,1,26.543188764600334,26.543188764600334,100.0
1680,2,51.17381643311334,51.17381643311334,100.0
1690,0,20.989999745227763,20.989999745227763,100.0
1690,1,44.652249220188466,44.652249220188466,100.0
1690,2,34.35775103458377,34.35775103458377,100.0
1700,0,21.80509741960956,21.80509741960956,100.0
1700,1,40.71564655707913,40.71564655707913,100.0
1700,2,37.479256023311315,37.479256023311315,100.0
1710,0,21.34407532978638,21.34407532978638,100.0
1710,1,35.69876324499133,35.69876324499133,100.0
1710,2,42.957161425222296,42.957161425222296,100.0
1720,0,23.359950006160346,23.359950006160346,100.0
1720,1,31.192187395903243,31.192187395903243,100.0
1720,2,45.447862597936414,45.447862597936414,100.0
1730,0,28.357157112452057,28.357157112452057,100.0
1730,1,28.07280642908536,28.07280642908536,100.0
1730,2,43.570036458462575,43.570036458462575,100.0
1740,0,21.43336735497343,21.43336735497343,100.0
1740,1,38.8345719629482,38.8345719629482,100.0
1740,2,39.73206068207836,39.73206068207836,100.0
1750,0,21.18435791481447,21.18435791481447,100.0
1750,1,40.27427349459889,40.27427349459889,100.0
1750,2,38.54136859058664,38.54136859058664,100.0
1760,0,22.16452060978941,22.16452060978941,100.0
1760,1,33.52626439866221,33.52626439866221,100.0
1760,2,44.30921499154839,44.30921499154839,100.0
1770,0,22.130435182747696,22.130435182747696,100.0
1770,1,34.37870344576774,34.37870344576774,100.0
1770,2,43.49086137148456,43.49086137148456,100.0
1780,0,22.348773124767654,22.348773124767654,100.0
1780,1,34.505106744697365,34.505106744697365,100.0
1780,2,43.146120130534975,43.146120130534975,100.0
1790,0,21.749851993140933,21.749851993140933,100.0
1790,1,38.40515168049346,38.40515168049346,100.0
1790,2,39.8449963263656,39.8449963263656,100.0
1800,0,23.850171439287667,23.850171439287667,100.0
1800,1,27.01678932993538,27.01678932993538,100.0
1800,2,49.13303923077695,49.13303923077695,100.0
1810,0,23.02781394302414,23.02781394302414,100.0
1810,1,27.057983635984435,27.057983635984435,100.0
1810,2,49.91420242099143,49.91420242099143,100.0
1820,0,24.967139641514407,24.967139641514407,100.0
1820,1,29.754521332039275,29.754521332039275,100.0
1820,2,45.27833902644632,45.27833902644632,100.0
1830,0,22.45058438335185,22.45058438335185,100.0
1830,1,36.976823349410736,36.976823349410736,100.0
1830,2,40.57259226723742,40.57259226723742,100.0
1840,0,22.275139225039766,22.275139225039766,100.0
1840,1,43.79568458868015,43.79568458868015,100.0
1840,2,33.92917618628008,33.92917618628008,100.0
1850,0,23.88419905869497,23.88419905869497,100.0
1850,1,25.919313744750916,25.919313744750916,100.0
1850,2,50.196487196554116,50.196487196554116,100.0
1860,0,24.496648945892687,24.496648945892687,100.0
1860,1,28.468939725427184,28.468939725427184,100.0
1860,2,47.03441132868013,47.03441132868013,100.0
1870,0,22.978963594903256,22.978963594903256,100.0
1870,1,29.33383512566453,29.33383512566453,100.0
1870,2,47.68720127943221,47.68720127943221,100.0
1880,0,25.582351181835065,25.582351181835065,100.0
1880,1,32.64043192374297,32.64043192374297,100.0
1880,2,41.77721689442197,41.77721689442197,100.0
1890,0,20.761237074351047,20.761237074351047,100.0
1890,1,40.84201478965133,40.84201478965133,100.0
1890,2,38.396748135997626,38.396748135997626,100.0
1900,0,20.970606211520742,20.970606211520742,100.0
1900,1,40.83161498910435,40.83161498910435,100.0
1900,2,38.1977787993749,38.1977787993749,100.0
1910,0,21.837330874260307,21.837330874260307,100.0
1910,1,37.02292379145485,37.02292379145485,100.0
1910,2,41.13974533428485,41.13974533428485,100.0
1920,0,21.17803952968155,21.17803952968155,100.0
1920,1,41.167683267296276,41.167683267296276,100.0
1920,2,37.65427720302218,37.65427720302218,100.0
1930,0,21.557709217529545,21.557709217529545,100.0
1930,1,38.69772093305035,38.69772093305035,100.0
1930,2,39.7445698494201,39.7445698494201,100.0
1940,0,22.743908192843683,22.743908192843683,100.0
1940,1,33.98785935011489,33.98785935011489,100.0
1940,2,43.26823245704143,43.26823245704143,100.0
1950,0,22.981040192198925,22.981040192198925,100.0
1950,1,26.257961835112486,26.257961835112486,100.0
1950,2,50.760997972688585,50.760997972688585,100.0
1960,0,23.160170224512935,23.160170224512935,100.0
1960,1,31.26652103444846,31.26652103444846,100.0
1960,2,45.5733087410386,45.5733087410386,100.0
1970,0,23.04881393036905,23.04881393036905,100.0
1970,1,28.099926579905286,28.099926579905286,100.0
1970,2,48.85125948972566,48.85125948972566,100.0
1980,0,25.301209988427747,25.301209988427747,100.0
1980,1,28.399322074510753,28.399322074510753,100.0
1980,2,46.29946793706149,46.29946793706149,100.0
1990,0,20.620856089427857,20.620856089427857,100.0
1990,1,43.74016322838096,43.74016322838096,100.0
1990,2,35.63898068219118,35.63898068219118,100.0
2000,0,23.782233681291075,23.782233681291075,100.0
2000,1,28.49034446905098,28.49034446905098,100.0
2000,2,47.727421849657944,47.727421849657944,100.0
2010,0,23.378904436753643,23.378904436753643,100.0
2010,1,33.00689013764916,33.00689013764916,100.0
2010,2,43.6142054255972,43.6142054255972,100.0
2020,0,22.547915680290888,22.547915680290888,100.0
2020,1,31.719034295354444,31.719034295354444,100.0
2020,2,45.733050024354675,45.733050024354675,100.0
2030,0,25.927483207773673,25.927483207773673,100.0
2030,1,36.39880862095707,36.39880862095707,100.0
2030,2,37.67370817126927,37.67370817126927,100.0
2040,0,21.778051534733375,21.778051534733375,100.0
2040,1,34.80068221171382,34.80068221171382,100.0
2040,2,43.4212662535528,43.4212662535528,100.0
2050,0,20.73229921211312,20.73229921211312,100.0
2050,1,44.47203713946279,44.47203713946279,100.0
2050,2,34.7956636484241,34.7956636484241,100.0
2060,0,21.999764553004884,21.999764553004884,100.0
2060,1,32.10497151752422,32.10497151752422,100.0
2060,2,45.8952639294709,45.8952639294709,100.0
2070,0,21.424930920588263,21.424930920588263,100.0
2070,1,41.462378743790296,41.462378743790296,100.0
2070,2,37.112690335621444,37.112690335621444,100.0
2080,0,22.654008715556927,22.654008715556927,100.0
2080,1,26.023230069364168,26.023230069364168,100.0
2080,2,51.32276121507891,51.32276121507891,100.0
2090,0,22.47067877230258,22.47067877230258,100.0
2090,1,31.151250940867932,31.151250940867932,100.0
2090,2,46.37807028682949,46.37807028682949,100.0
2100,0,21.432557113803753,21.432557113803753,100.0
2100,1,41.61859993241415,41.61859993241415,100.0
2100,2,36.9488429537821,36.9488429537821,100.0
2110,0,20.47804798837585,20.47804798837585,100.0
2110,1,41.68939413982997,41.68939413982997,100.0
2110,2,37.83255787179417,37.83255787179417,100.0
2120,0,24.23176225193232,24.23176225193232,100.0
2120,1,31.525082916066772,31.525082916066772,100.0
2120,2,44.24315483200091,44.24315483200091,100.0
2130,0,25.68651109292196,25.68651109292196,100.0
2130,1,34.403569446457716,34.403569446457716,100.0
2130,2,39.90991946062032,39.90991946062032,100.0
2140,0,23.710018099103753,23.710018099103753,100.0
2140,1,33.92543052180223,33.92543052180223,100.0
2140,2,42.36455137909402,42.36455137909402,100.0
2150,0,22.68982350589172,22.68982350589172,100.0
2150,1,38.961125577429186,38.961125577429186,100.0
2150,2,38.3490509166791,38.3490509166791,100.0
2160,0,21.651509097021215,21.651509097021215,100.0
2160,1,37.73489364857655,37.73489364857655,100.0
2160,2,40.61359725440224,40.61359725440224,100.0
2170,0,23.12989777126421,23.12989777126421,100.0
2170,1,29.807371300115022,29.807371300115022,100.0
2170,2,47.062730928620766,47.062730928620766,100.0
2180,0,22.71385179490262,22.71385179490262,100.0
2180,1,33.32622039983269,33.32622039983269,100.0
2180,2,43.959927805264684,43.959927805264684,100.0
2190,0,21.354840521919208,21.354840521919208,100.0
2190,1,36.549365948674925,36.549365948674925,100.0
2190,2,42.095793529405874,42.095793529405874,100.0
2200,0,20.87446926287865,20.87446926287865,100.0
2200,1,41.075647018411246,41.075647018411246,100.0
2200,2,38.049883718710106,38.049883718710106,100.0
2210,0,23.19547253859936,23.19547253859936,100.0
2210,1,33.39663641490914,33.39663641490914,100.0
2210,2,43.40789104649149,43.40789104649149,100.0
2220,0,23.84398673832707,23.84398673832707,100.0
2220,1,39.013796893390264,39.013796893390264,100.0
2220,2,37.14221636828267,37.14221636828267,100.0
2230,0,31.93511151213847,31.93511151213847,100.0
2230,1,28.116830432410367,28.116830432410367,100.0
2230,2,39.948058055451156,39.948058055451156,100.0
2240,0,21.825903345156377,21.825903345156377,100.0
2240,1,36.092950505409895,36.092950505409895,100.0
2240,2,42.08114614943372,42.08114614943372,100.0
2250,0,22.843328671965192,22.843328671965192,100.0
2250,1,37.91438419917681,37.91438419917681,100.0
2250,2,39.242287128858,39.242287128858,100.0
2260,0,24.12228957567218,24.12228957567218,100.0
2260,1,33.32592000425107,33.32592000425107,100.0
2260,2,42.551790420076756,42.551790420076756,100.0
2270,0,22.096208499260424,22.096208499260424,100.0
2270,1,41.40313451387808,41.40313451387808,100.0
2270,2,36.5006569868615,36.5006569868615,100.0
2280,0,22.740469061964617,22.740469061964617,100.0
2280,1,33.002909130358425,33.002909130358425,100.0
2280,2,44.25662180767696,44.25662180767696,100.0
2290,0,23.975473725906213,23.975473725906213,100.0
2290,1,30.529353719710713,30.529353719710713,100.0
2290,2,45.49517255438308,45.49517255438308,100.0
2300,0,23.458724813013017,23.458724813013017,100.0
2300,1,31.73162572727668,31.73162572727668,100.0
2300,2,44.80964945971031,44.80964945971031,100.0
2310,0,28.32593654807297,28.32593654807297,100.0
2310,1,34.777722234953885,34.777722234953885,100.0
2310,2,36.896341216973155,36.896341216973155,100.0
2320,0,23.95222769014731,23.95222769014731,100.0
2320,1,36.32281406690879,36.32281406690879,100.0
2320,2,39.7249582429439,39.7249582429439,100.0
2330,0,22.201066732366,22.201066732366,100.0
2330,1,28.93517489408476,28.93517489408476,100.0
2330,2,48.86375837354924,48.86375837354924,100.0
2340,0,24.06936847951017,24.06936847951017,100.0
2340,1,30.90805302174031,30.90805302174031,100.0
2340,2,45.022578498749525,45.022578498749525,100.0
2350,0,22.975751931909468,22.975751931909468,100.0
2350,1,26.833514458993413,26.833514458993413,100.0
2350,2,50.190733609097116,50.190733609097116,100.0
2360,0,23.380230145851773,23.380230145851773,100.0
2360,1,25.848566032364833,25.848566032364833,100.0
2360,2,50.771203821783395,50.771203821783395,100.0
2370,0,21.86406374760502,21.86406374760502,100.0
2370,1,30.611852241384792,30.611852241384792,100.0
2370,2,47.524084011010196,47.524084011010196,100.0
2380,0,22.50491002704196,22.50491002704196,100.0
2380,1,36.68694117558735,36.68694117558735,100.0
2380,2,40.80814879737069,40.80814879737069,100.0
2390,0,25.416465271995982,25.416465271995982,100.0
2390,1,26.195966017461096,26.195966017461096,100.0
2390,2,48.38756871054292,48.38756871054292,100.0
2400,0,23.14942520355226,23.14942520355226,100.0
2400,1,35.38093360722164,35.38093360722164,100.0
2400,2,41.4696411892261,41.4696411892261,100.0
2410,0,22.680972650115606,22.680972650115606,100.0
2410,1,39.696366054907124,39.696366054907124,100.0
2410,2,37.62266129497726,37.62266129497726,100.0
2420,0,21.5076109347818,21.5076109347818,100.0
2420,1,41.50815226806826,41.50815226806826,100.0
2420,2,36.98423679714995,36.98423679714995,100.0
2430,0,22.46538739033732,22.46538739033732,100.0
2430,1,34.688255385370006,34.688255385370006,100.0
2430,2,42.846357224292674,42.846357224292674,100.0
2440,0,22.201712568405966,22.201712568405966,100.0
2440,1,40.808276236221275,40.808276236221275,100.0
2440,2,36.99001119537275,36.99001119537275,100.0
2450,0,23.291186111773918,23.291186111773918,100.0
2450,1,30.919377943339583,30.919377943339583,100.0
2450,2,45.789435944886506,45.789435944886506,100.0
2460,0,23.19595141569789,23.19595141569789,100.0
2460,1,35.870307590317125,35.870307590317125,100.0
2460,2,40.93374099398498,40.93374099398498,100.0
2470,0,22.08829276668893,22.08829276668893,100.0
2470,1,31.883957227987775,31.883957227987775,100.0
2470,2,46.02775000532329,46.02775000532329,100.0
2480,0,22.54082951029983,22.54082951029983,100.0
2480,1,33.439251649859116,33.439251649859116,100.0
2480,2,44.019918839841054,44.019918839841054,100.0
2490,0,21.7016415570857,21.7016415570857,100.0
2490,1,39.316531501225754,39.316531501225754,100.0
2490,2,38.981826941688546,38.981826941688546,100.0
2500,0,22.602860376912087,22.602860376912087,100.0
2500,1,39.54625999340041,39.54625999340041,100.0
2500,2,37.850879629687505,37.850879629687505,100.0
2510,0,23.70172407652683,23.70172407652683,100.0
2510,1,26.87603843176158,26.87603843176158,100.0
2510,2,49.4222374917116,49.4222374917116,100.0
2520,0,22.20983327685902,22.20983327685902,100.0
2520,1,32.54739287046061,32.54739287046061,100.0
2520,2,45.24277385268037,45.24277385268037,100.0
2530,0,23.046135077218253,23.046135077218253,100.0
2530,1,43.15161846862354,43.15161846862354,100.0
2530,2,33.8022464541582,33.8022464541582,100.0
2540,0,22.253311309998082,22.253311309998082,100.0
2540,1,39.16004486896275,39.16004486896275,100.0
2540,2,38.58664382103917,38.58664382103917,100.0
2550,0,24.273924951785297,24.273924951785297,100.0
2550,1,27.502003802573693,27.502003802573693,100.0
2550,2,48.22407124564101,48.22407124564101,100.0
2560,0,21.366462412123077,21.366462412123077,100.0
2560,1,39.44467233203458,39.44467233203458,100.0
2560,2,39.188865255842344,39.188865255842344,100.0
2570,0,22.84307731310403,22.84307731310403,100.0
2570,1,29.01695924278699,29.01695924278699,100.0
2570,2,48.139963444108986,48.139963444108986,100.0
2580,0,23.915124254703123,23.915124254703123,100.0
2580,1,29.79732562264175,29.79732562264175,100.0
2580,2,46.28755012265513,46.28755012265513,100.0
2590,0,24.003228957392167,24.003228957392167,100.0
2590,1,31.110782436194985,31.110782436194985,100.0
2590,2,44.885988606412845,44.885988606412845,100.0
2600,0,21.509655060923002,21.509655060923002,100.0
2600,1,37.69364145177595,37.69364145177595,100.0
2600,2,40.796703487301045,40.796703487301045,100.0
2610,0,22.551340280814586,22.551340280814586,100.0
2610,1,26.798008602265256,26.798008602265256,100.0
2610,2,50.65065111692015,50.65065111692015,100.0
2620,0,23.25234397323206,23.25234397323206,100.0
2620,1,35.47550581419572,35.47550581419572,100.0
2620,2,41.27215021257222,41.27215021257222,100.0
2630,0,20.610160983709363,20.610160983709363,100.0
2630,1,40.29921799975005,40.29921799975005,100.0
2630,2,39.090621016540595,39.090621016540595,100.0
2640,0,21.466938212746637,21.466938212746637,100.0
2640,1,39.75700551758496,39.75700551758496,100.0
2640,2,38.7760562696684,38.7760562696684,100.0
2650,0,24.389058398047155,24.389058398047155,100.0
2650,1,26.360677156833024,26.360677156833024,100.0
2650,2,49.25026444511983,49.25026444511983,100.0
2660,0,21.500784095416844,21.500784095416844,100.0
2660,1,43.344742052135445,43.344742052135445,100.0
2660,2,35.154473852447715,35.154473852447715,100.0
2670,0,21.907172911084118,21.907172911084118,100.0
2670,1,41.79669864793736,41.79669864793736,100.0
2670,2,36.29612844097853,36.29612844097853,100.0
2680,0,23.115710094165912,23.115710094165912,100.0
2680,1,35.68277580812273,35.68277580812273,100.0
2680,2,41.20151409771136,41.20151409771136,100.0
2690,0,28.649868953269387,28.649868953269387,100.0
2690,1,26.040881704863285,26.040881704863285,100.0
2690,2,45.30924934186732,45.30924934186732,100.0
2700,0,23.675961303250084,23.675961303250084,100.0
2700,1,28.975779939432343,28.975779939432343,100.0
2700,2,47.34825875731758,47.34825875731758,100.0
2710,0,23.534985548895822,23.534985548895822,100.0
2710,1,27.24572616722081,27.24572616722081,100.0
2710,2,49.21928828388337,49.21928828388337,100.0
2720,0,24.049864416520478,24.049864416520478,100.0
2720,1,39.57071750397188,39.57071750397188,100.0
2720,2,36.379418079507644,36.379418079507644,100.0
2730,0,23.263305390127815,23.263305390127815,100.0
2730,1,31.935813119102225,31.935813119102225,100.0
2730,2,44.80088149076995,44.80088149076995,100.0
2740,0,24.58161885610683,24.58161885610683,100.0
2740,1,27.924805838958694,27.924805838958694,100.0
2740,2,47.493575304934474,47.493575304934474,100.0
2750,0,20.9339755665636,20.9339755665636,100.0
2750,1,44.50322843805687,44.50322843805687,100.0
2750,2,34.562795995379524,34.562795995379524,100.0
2760,0,21.115492043737706,21.115492043737706,100.0
2760,1,43.880126178029734,43.880126178029734,100.0
2760,2,35.00438177823257,35.00438177823257,100.0
2770,0,24.045218309534512,24.045218309534512,100.0
2770,1,33.23727567439638,33.23727567439638,100.0
2770,2,42.71750601606911,42.71750601606911,100.0
2780,0,20.514292589329454,20.514292589329454,100.0
2780,1,43.06980963482686,43.06980963482686,100.0
2780,2,36.41589777584369,36.41589777584369,100.0
2790,0,21.806152160640206,21.806152160640206,100.0
2790,1,37.532658726935786,37.532658726935786,100.0
2790,2,40.661189112424005,40.661189112424005,100.0
2800,0,21.121924837996577,21.121924837996577,100.0
2800,1,37.03729459373254,37.03729459373254,100.0
2800,2,41.84078056827089,41.84078056827089,100.0
2810,0,22.689410567484476,22.689410567484476,100.0
2810,1,27.6447254206171,27.6447254206171,100.0
2810,2,49.66586401189843,49.66586401189843,100.0
2820,0,22.35156228992352,22.35156228992352,100.0
2820,1,29.846972008292333,29.846972008292333,100.0
2820,2,47.801465701784146,47.801465701784146,100.0
2830,0,23.615770802344365,23.615770802344365,100.0
2830,1,31.02658093673398,31.02658093673398,100.0
2830,2,45.35764826092166,45.35764826092166,100.0
2840,0,24.972919211570893,24.972919211570893,100.0
2840,1,32.279801319824855,32.279801319824855,100.0
2840,2,42.747279468604255,42.747279468604255,100.0
2850,0,23.18743870171655,23.18743870171655,100.0
2850,1,27.20208645342798,27.20208645342798,100.0
2850,2,49.61047484485546,49.61047484485546,100.0
2860,0,23.457104126087096,23.457104126087096,100.0
2860,1,26.601127843194543,26.601127843194543,100.0
2860,2,49.94176803071836,49.94176803071836,100.0
2870,0,20.341711244024303,20.341711244024303,100.0
2870,1,41.30801979092909,41.30801979092909,100.0
2870,2,38.35026896504661,38.35026896504661,100.0
2880,0,21.182234669941458,21.182234669941458,100.0
2880,1,37.661793562756095,37.661793562756095,100.0
2880,2,41.15597176730245,41.15597176730245,100.0
2890,0,23.045257443755656,23.045257443755656,100.0
2890,1,42.46150105317608,42.46150105317608,100.0
2890,2,34.493241503068276,34.493241503068276,100.0
2900,0,24.97403849253518,24.97403849253518,100.0
2900,1,27.539528671794688,27.539528671794688,100.0
2900,2,47.48643283567013,47.48643283567013,100.0
2910,0,21.527299585758882,21.527299585758882,100.0
2910,1,41.8347924616363,41.8347924616363,100.0
2910,2,36.63790795260482,36.63790795260482,100.0
2920,0,22.295490583855777,22.295490583855777,100.0
2920,1,28.454788784383783,28.454788784383783,100.0
2920,2,49.24972063176043,49.24972063176043,100.0
2930,0,25.122748184393846,25.122748184393846,100.0
2930,1,32.83477097785115,32.83477097785115,100.0
2930,2,42.042480837755,42.042480837755,100.0
2940,0,22.2466381848545,22.2466381848545,100.0
2940,1,40.088651399351114,40.088651399351114,100.0
2940,2,37.664710415794374,37.664710415794374,100.0
2950,0,24.02249383750378,24.02249383750378,100.0
2950,1,27.983459520124086,27.983459520124086,100.0
2950,2,47.99404664237213,47.99404664237213,100.0
2960,0,23.074014484816203,23.074014484816203,100.0
2960,1,28.054976193328425,28.054976193328425,100.0
2960,2,48.871009321855375,48.871009321855375,100.0
2970,0,23.708971416538937,23.708971416538937,100.0
2970,1,32.76552037819351,32.76552037819351,100.0
2970,2,43.525508205267556,43.525508205267556,100.0
2980,0,23.07555565004302,23.07555565004302,100.0
2980,1,35.44784690130635,35.44784690130635,100.0
2980,2,41.47659744865063,41.47659744865063,100.0
2990,0,22.254655876713564,22.254655876713564,100.0
2990,1,41.41075200076199,41.41075200076199,100.0
2990,2,36.334592122524455,36.334592122524455,100.0
3000,0,21.78586942338502,21.78586942338502,100.0
3000,1,39.98768851124368,39.98768851124368,100.0
3000,2,38.22644206537129,38.22644206537129,100.0
3010,0,22.370398059858736,22.370398059858736,100.0
3010,1,44.00273154770696,44.00273154770696,100.0
3010,2,33.62687039243431,33.62687039243431,100.0
3020,0,20.90524271225012,20.90524271225012,100.0
3020,1,39.765050493824106,39.765050493824106,100.0
3020,2,39.32970679392577,39.32970679392577,100.0
3030,0,24.295755770983043,24.295755770983043,100.0
3030,1,25.521060064112778,25.521060064112778,100.0
3030,2,50.18318416490418,50.18318416490418,100.0
3040,0,21.456079375724187,21.456079375724187,100.0
3040,1,41.56141710587759,41.56141710587759,100.0
3040,2,36.982503518398225,36.982503518398225,100.0
3050,0,22.85746888004435,22.85746888004435,100.0
3050,1,27.025748567966595,27.025748567966595,100.0
3050,2,50.11678255198906,50.11678255198906,100.0
3060,0,24.553248991136535,24.553248991136535,100.0
3060,1,28.810977489299116,28.810977489299116,100.0
3060,2,46.63577351956435,46.63577351956435,100.0
3070,0,24.456442516750077,24.456442516750077,100.0
3070,1,39.56302130522228,39.56302130522228,100.0
3070,2,35.98053617802764,35.98053617802764,100.0
3080,0,20.93576085965563,20.93576085965563,100.0
3080,1,37.70556671757462,37.70556671757462,100.0
3080,2,41.35867242276975,41.35867242276975,100.0
3090,0,20.921438809517177,20.921438809517177,100.0
3090,1,42.89365227990657,42.89365227990657,100.0
3090,2,36.184908910576254,36.184908910576254,100.0
3100,0,22.7473063068955,22.7473063068955,100.0
3100,1,34.14336545907965,34.14336545907965,100.0
3100,2,43.10932823402486,43.10932823402486,100.0
3110,0,23.114986537256193,23.114986537256193,100.0
3110,1,25.959016588943296,25.959016588943296,100.0
3110,2,50.92599687380051,50.92599687380051,100.0
3120,0,31.220646765551617,31.220646765551617,100.0
3120,1,32.15952123131341,32.15952123131341,100.0
3120,2,36.61983200313498,36.61983200313498,100.0
3130,0,22.79914459564613,22.79914459564613,100.0
3130,1,28.398567588509664,28.398567588509664,100.0
3130,2,48.8022878158442,48.8022878158442,100.0
3140,0,24.168538436780178,24.168538436780178,100.0
3140,1,33.54533819318603,33.54533819318603,100.0
3140,2,42.286123370033785,42.286123370033785,100.0
3150,0,23.259853741588422,23.259853741588422,100.0
3150,1,27.853447727242674,27.853447727242674,100.0
3150,2,48.88669853116891,48.88669853116891,100.0
3160,0,22.892963151112394,22.892963151112394,100.0
3160,1,31.692973769107148,31.692973769107148,100.0
3160,2,45.41406307978046,45.41406307978046,100.0
3170,0,22.5396900100895,22.5396900100895,100.0
3170,1,32.883227074369344,32.883227074369344,100.0
3170,2,44.57708291554115,44.57708291554115,100.0
3180,0,24.02465722462181,24.02465722462181,100.0
3180,1,46.49418725328431,46.49418725328431,100.0
3180,2,29.481155522093882,29.481155522093882,100.0
3190,0,21.296145536182582,21.296145536182582,100.0
3190,1,42.139137676943456,42.139137676943456,100.0
3190,2,36.564716786873966,36.564716786873966,100.0
3200,0,21.62654689304903,21.62654689304903,100.0
3200,1,35.9212070018314,35.9212070018314,100.0
3200,2,42.45224610511957,42.45224610511957,100.0
3210,0,24.818557410668536,24.818557410668536,100.0
3210,1,52.96419252463579,52.96419252463579,100.0
3210,2,22.217250064695687,22.217250064695687,100.0
3220,0,24.45072224894779,24.45072224894779,100.0
3220,1,29.805343799779095,29.805343799779095,100.0
3220,2,45.74393395127312,45.74393395127312,100.0
3230,0,21.362826905011232,21.362826905011232,100.0
3230,1,38.371122494364734,38.371122494364734,100.0
3230,2,40.26605060062403,40.26605060062403,100.0
3240,0,22.474829725600078,22.474829725600078,100.0
3240,1,31.21652126693294,31.21652126693294,100.0
3240,2,46.308649007466975,46.308649007466975,100.0
3250,0,22.45786915798878,22.45786915798878,100.0
3250,1,33.927277062216085,33.927277062216085,100.0
3250,2,43.614853779795126,43.614853779795126,100.0
3260,0,22.715313170398197,22.715313170398197,100.0
3260,1,29.73353207385905,29.73353207385905,100.0
3260,2,47.55115475574276,47.55115475574276,100.0
3270,0,23.64323129969721,23.64323129969721,100.0
3270,1,36.16191997991932,36.16191997991932,100.0
3270,2,40.194848720383476,40.194848720383476,100.0
3280,0,28.863647331922664,28.863647331922664,100.0
3280,1,34.6305904343453,34.6305904343453,100.0
3280,2,36.50576223373203,36.50576223373203,100.0
3290,0,21.688657159412617,21.688657159412617,100.0
3290,1,48.45408325501319,48.45408325501319,100.0
3290,2,29.85725958557419,29.85725958557419,100.0
3300,0,23.597210867290713,23.597210867290713,100.0
3300,1,27.71687211415721,27.71687211415721,100.0
3300,2,48.68591701855208,48.68591701855208,100.0
3310,0,22.414073761677685,22.414073761677685,100.0
3310,1,30.239280456831008,30.239280456831008,100.0
3310,2,47.34664578149131,47.34664578149131,100.0
3320,0,25.030173444396798,25.030173444396798,100.0
3320,1,36.4601076001172,36.4601076001172,100.0
3320,2,38.50971895548601,38.50971895548601,100.0
3330,0,24.612253785062148,24.612253785062148,100.0
3330,1,45.0277204782986,45.0277204782986,100.0
3330,2,30.36002573663925,30.36002573663925,100.0
3340,0,21.415391970667404,21.415391970667404,100.0
3340,1,38.56324949450895,38.56324949450895,100.0
3340,2,40.02135853482364,40.02135853482364,100.0
3350,0,21.661115269080238,21.661115269080238,100.0
3350,1,33.724141274712714,33.724141274712714,100.0
3350,2,44.61474345620705,44.61474345620705,100.0
3360,0,25.789004198931814,25.789004198931814,100.0
3360,1,28.638753350936717,28.638753350936717,100.0
3360,2,45.57224245013147,45.57224245013147,100.0
3370,0,24.33610560164565,24.33610560164565,100.0
3370,1,34.37754164925303,34.37754164925303,100.0
3370,2,41.286352749101326,41.286352749101326,100.0
3380,0,22.308096227042647,22.308096227042647,100.0
3380,1,38.17459719153538,38.17459719153538,100.0
3380,2,39.51730658142197,39.51730658142197,100.0
3390,0,23.88200035464071,23.88200035464071,100.0
3390,1,44.54743204327978,44.54743204327978,100.0
3390,2,31.570567602079514,31.570567602079514,100.0
3400,0,23.000630194342225,23.000630194342225,100.0
3400,1,25.92708835243391,25.92708835243391,100.0
3400,2,51.072281453223866,51.072281453223866,100.0
3410,0,21.791579178368107,21.791579178368107,100.0
3410,1,42.284097248445406,42.284097248445406,100.0
3410,2,35.92432357318649,35.92432357318649,100.0
3420,0,21.000637547020055,21.000637547020055,100.0
3420,1,47.87613298546131,47.87613298546131,100.0
3420,2,31.12322946751863,31.12322946751863,100.0
3430,0,24.683611906856708,24.683611906856708,100.0
3430,1,41.701165413513884,41.701165413513884,100.0
3430,2,33.61522267962941,33.61522267962941,100.0
3440,0,20.97092534412384,20.97092534412384,100.0
3440,1,44.89267809897829,44.89267809897829,100.0
3440,2,34.13639655689787,34.13639655689787,100.0
3450,0,20.354351480665912,20.354351480665912,100.0
3450,1,43.787129867831595,43.787129867831595,100.0
3450,2,35.8585186515025,35.8585186515025,100.0
3460,0,20.667503068853787,20.667503068853787,100.0
3460,1,42.651210852790484,42.651210852790484,100.0
3460,2,36.68128607835573,36.68128607835573,100.0
3470,0,20.22205203481305,20.22205203481305,100.0
3470,1,43.82216326490786,43.82216326490786,100.0
3470,2,35.95578470027909,35.95578470027909,100.0
3480,0,23.715671541606955,23.715671541606955,100.0
3480,1,37.12956413681014,37.12956413681014,100.0
3480,2,39.15476432158291,39.15476432158291,100.0
3490,0,22.86759732654586,22.86759732654586,100.0
3490,1,29.519546991041835,29.519546991041835,100.0
3490,2,47.6128556824123,47.6128556824123,100.0
3500,0,23.68953041515034,23.68953041515034,100.0
3500,1,36.80794350055593,36.80794350055593,100.0
3500,2,39.502526084293734,39.502526084293734,100.0
3510,0,21.4588503170942,21.4588503170942,100.0
3510,1,42.85051487361898,42.85051487361898,100.0
3510,2,35.69063480928683,35.69063480928683,100.0
3520,0,23.16907320749744,23.16907320749744,100.0
3520,1,28.464134147676813,28.464134147676813,100.0
3520,2,48.36679264482575,48.36679264482575,100.0
3530,0,24.403357639890338,24.403357639890338,100.0
3530,1,41.88728916678778,41.88728916678778,100.0
3530,2,33.70935319332189,33.70935319332189,100.0
3540,0,25.619657950391115,25.619657950391115,100.0
3540,1,25.945663052920032,25.945663052920032,100.0
3540,2,48.434678996688845,48.434678996688845,100.0
3550,0,24.07431901659272,24.07431901659272,100.0
3550,1,29.040136397625172,29.040136397625172,100.0
3550,2,46.88554458578211,46.88554458578211,100.0
3560,0,28.18526179863095,28.18526179863095,100.0
3560,1,41.2849090700786,41.2849090700786,100.0
3560,2,30.529829131290455,30.529829131290455,100.0
3570,0,22.958713584897655,22.958713584897655,100.0
3570,1,28.21555308799369,28.21555308799369,100.0
3570,2,48.82573332710866,48.82573332710866,100.0
3580,0,24.81166257082232,24.81166257082232,100.0
3580,1,27.230565806790963,27.230565806790963,100.0
3580,2,47.957771622386716,47.957771622386716,100.0
3590,0,23.381753054081805,23.381753054081805,100.0
3590,1,29.843633225674797,29.843633225674797,100.0
3590,2,46.774613720243394,46.774613720243394,100.0
3600,0,23.17657761224316,23.17657761224316,100.0
3600,1,25.829624538545666,25.829624538545666,100.0
3600,2,50.99379784921118,50.99379784921118,100.0
3610,0,22.67572517249343,22.67572517249343,100.0
3610,1,28.473125680579532,28.473125680579532,100.0
3610,2,48.85114914692704,48.85114914692704,100.0
3620,0,22.951882551750487,22.951882551750487,100.0
3620,1,28.4503575456746,28.4503575456746,100.0
3620,2,48.597759902574914,48.597759902574914,100.0
3630,0,23.26729556112811,23.26729556112811,100.0
3630,1,39.08633445705427,39.08633445705427,100.0
3630,2,37.646369981817614,37.646369981817614,100.0
3640,0,23.81024800675617,23.81024800675617,100.0
3640,1,31.477810956892423,31.477810956892423,100.0
3640,2,44.71194103635141,44.71194103635141,100.0
3650,0,24.522013764594952,24.522013764594952,100.0
3650,1,29.23440556884252,29.23440556884252,100.0
3650,2,46.243580666562536,46.243580666562536,100.0
3660,0,22.62580862015553,22.62580862015553,100.0
3660,1,35.797299085788296,35.797299085788296,100.0
3660,2,41.57689229405617,41.57689229405617,100.0
3670,0,22.38218283099221,22.38218283099221,100.0
3670,1,33.342963680877006,33.342963680877006,100.0
3670,2,44.27485348813079,44.27485348813079,100.0
3680,0,22.66611443893534,22.66611443893534,100.0
3680,1,26.218628631016898,26.218628631016898,100.0
3680,2,51.11525693004777,51.11525693004777,100.0
3690,0,22.42744439977186,22.42744439977186,100.0
3690,1,35.749312009527166,35.749312009527166,100.0
3690,2,41.823243590700976,41.823243590700976,100.0
3700,0,20.80992758345015,20.80992758345015,100.0
3700,1,42.75939375559628,42.75939375559628,100.0
3700,2,36.430678660953575,36.430678660953575,100.0
3710,0,22.9230438342639,22.9230438342639,100.0
3710,1,30.954058964183336,30.954058964183336,100.0
3710,2,46.12289720155277,46.12289720155277,100.0
3720,0,24.076188187276426,24.076188187276426,100.0
3720,1,27.48190175628689,27.48190175628689,100.0
3720,2,48.441910056436676,48.441910056436676,100.0
3730,0,21.369583975522694,21.369583975522694,100.0
3730,1,39.17950404537452,39.17950404537452,100.0
3730,2,39.450911979102784,39.450911979102784,100.0
3740,0,22.833362894164306,22.833362894164306,100.0
3740,1,25.712454759124675,25.712454759124675,100.0
3740,2,51.45418234671102,51.45418234671102,100.0
3750,0,21.332008639759913,21.332008639759913,100.0
3750,1,43.253022621221064,43.253022621221064,100.0
3750,2,35.41496873901904,35.41496873901904,100.0
3760,0,22.25966087986221,22.25966087986221,100.0
3760,1,35.31224428108947,35.31224428108947,100.0
3760,2,42.42809483904832,42.42809483904832,100.0
3770,0,23.933972130053263,23.933972130053263,100.0
3770,1,28.56374485168251,28.56374485168251,100.0
3770,2,47.50228301826422,47.50228301826422,100.0
3780,0,23.816990270843718,23.816990270843718,100.0
3780,1,30.96431748930498,30.96431748930498,100.0
3780,2,45.2186922398513,45.2186922398513,100.0
3790,0,24.8349935331808,24.8349935331808,100.0
3790,1,32.133107113157585,32.133107113157585,100.0
3790,2,43.031899353661615,43.031899353661615,100.0
3800,0,22.806577570054593,22.806577570054593,100.0
3800,1,29.165291145996708,29.165291145996708,100.0
3800,2,48.0281312839487,48.0281312839487,100.0
3810,0,22.413419850907946,22.413419850907946,100.0
3810,1,41.15216063046694,41.15216063046694,100.0
3810,2,36.43441951862512,36.43441951862512,100.0
3820,0,22.21597717476548,22.21597717476548,100.0
3820,1,34.08029359366374,34.08029359366374,100.0
3820,2,43.70372923157078,43.70372923157078,100.0
3830,0,31.12858792478176,31.12858792478176,100.0
3830,1,25.767980541311154,25.767980541311154,100.0
3830,2,43.10343153390709,43.10343153390709,100.0
3840,0,24.191753518501876,24.191753518501876,100.0
3840,1,28.83534382962055,28.83534382962055,100.0
3840,2,46.972902651877575,46.972902651877575,100.0
3850,0,23.093167344318104,23.093167344318104,100.0
3850,1,28.171857067897477,28.171857067897477,100.0
3850,2,48.734975587784426,48.734975587784426,100.0
3860,0,22.842081515030177,22.842081515030177,100.0
3860,1,29.75344059263898,29.75344059263898,100.0
3860,2,47.404477892330846,47.404477892330846,100.0
3870,0,22.982963069539096,22.982963069539096,100.0
3870,1,31.311347195700073,31.311347195700073,100.0
3870,2,45.70568973476083,45.70568973476083,100.0
3880,0,31.561254603683338,31.561254603683338,100.0
3880,1,34.41031092881996,34.41031092881996,100.0
3880,2,34.0284344674967,34.0284344674967,100.0
3890,0,23.334250578992734,23.334250578992734,100.0
3890,1,26.859862146704373,26.859862146704373,100.0
3890,2,49.805887274302904,49.805887274302904,100.0
3900,0,21.67353403272447,21.67353403272447,100.0
3900,1,35.05298037593966,35.05298037593966,100.0
3900,2,43.27348559133587,43.27348559133587,100.0
3910,0,23.002482090696834,23.002482090696834,100.0
3910,1,26.56956924711415,26.56956924711415,100.0
3910,2,50.42794866218902,50.42794866218902,100.0
3920,0,26.8295921467185,26.8295921467185,100.0
3920,1,26.982780814848205,26.982780814848205,100.0
3920,2,46.18762703843329,46.18762703843329,100.0
3930,0,22.446562385655216,22.446562385655216,100.0
3930,1,27.62769309632329,27.62769309632329,100.0
3930,2,49.92574451802149,49.92574451802149,100.0
3940,0,21.67092364785934,21.67092364785934,100.0
3940,1,44.14497752266481,44.14497752266481,100.0
3940,2,34.184098829475865,34.184098829475865,100.0
3950,0,22.67402479701322,22.67402479701322,100.0
3950,1,38.096529993749364,38.096529993749364,100.0
3950,2,39.22944520923741,39.22944520923741,100.0
3960,0,22.000715340909824,22.000715340909824,100.0
3960,1,36.31709225713048,36.31709225713048,100.0
3960,2,41.682192401959696,41.682192401959696,100.0
3970,0,22.023620428442577,22.023620428442577,100.0
3970,1,29.44974765095798,29.44974765095798,100.0
3970,2,48.52663192059944,48.52663192059944,100.0
3980,0,25.59547149561504,25.59547149561504,100.0
3980,1,26.341659113648706,26.341659113648706,100.0
3980,2,48.06286939073626,48.06286939073626,100.0
3990,0,25.8736894681457,25.8736894681457,100.0
3990,1,27.31941086608531,27.31941086608531,100.0
3990,2,46.80689966576899,46.80689966576899,100.0
4000,0,23.708634134727063,23.708634134727063,100.0
4000,1,32.56427472265649,32.56427472265649,100.0
4000,2,43.727091142616445,43.727091142616445,100.0
4010,0,20.602252338402767,20.602252338402767,100.0
4010,1,40.00497529013655,40.00497529013655,100.0
4010,2,39.39277237146068,39.39277237146068,100.0
4020,0,23.090010817799637,23.090010817799637,100.0
4020,1,29.060735229917018,29.060735229917018,100.0
4020,2,47.84925395228334,47.84925395228334,100.0
4030,0,23.644231040076168,23.644231040076168,100.0
4030,1,25.786652612408073,25.786652612408073,100.0
4030,2,50.56911634751575,50.56911634751575,100.0
4040,0,21.70317216396347,21.70317216396347,100.0
4040,1,36.82393677064573,36.82393677064573,100.0
4040,2,41.47289106539081,41.47289106539081,100.0
4050,0,21.458190867401257,21.458190867401257,100.0
4050,1,36.01994272723483,36.01994272723483,100.0
4050,2,42.52186640536392,42.52186640536392,100.0
4060,0,24.399879121911894,24.399879121911894,100.0
4060,1,26.72314713499967,26.72314713499967,100.0
4060,2,48.87697374308844,48.87697374308844,100.0
4070,0,23.34782680399276,23.34782680399276,100.0
4070,1,33.42965494940019,33.42965494940019,100.0
4070,2,43.22251824660705,43.22251824660705,100.0
4080,0,22.428864299460937,22.428864299460937,100.0
4080,1,31.144229484873797,31.144229484873797,100.0
4080,2,46.42690621566526,46.42690621566526,100.0
4090,0,24.66588691970969,24.66588691970969,100.0
4090,1,32.97870937199951,32.97870937199951,100.0
4090,2,42.35540370829081,42.35540370829081,100.0
4100,0,23.56433086158604,23.56433086158604,100.0
4100,1,32.1647851552489,32.1647851552489,100.0
4100,2,44.270883983165064,44.270883983165064,100.0
4110,0,23.588450679843525,23.588450679843525,100.0
4110,1,27.351179210735904,27.351179210735904,100.0
4110,2,49.060370109420575,49.060370109420575,100.0
4120,0,25.22225601680529,25.22225601680529,100.0
4120,1,28.21921290898902,28.21921290898902,100.0
4120,2,46.55853107420568,46.55853107420568,100.0
4130,0,22.78543109207967,22.78543109207967,100.0
4130,1,47.00684094339203,47.00684094339203,100.0
4130,2,30.20772796452831,30.20772796452831,100.0
4140,0,24.454657199226695,24.454657199226695,100.0
4140,1,26.31861057930226,26.31861057930226,100.0
4140,2,49.22673222147105,49.22673222147105,100.0
4150,0,22.73444504545017,22.73444504545017,100.0
4150,1,27.600867127696326,27.600867127696326,100.0
4150,2,49.6646878268535,49.6646878268535,100.0
4160,0,21.8991472477429,21.8991472477429,100.0
4160,1,32.09402051006694,32.09402051006694,100.0
4160,2,46.00683224219017,46.00683224219017,100.0
4170,0,22.2743462724799,22.2743462724799,100.0
4170,1,32.01318200888923,32.01318200888923,100.0
4170,2,45.71247171863087,45.71247171863087,100.0
4180,0,21.615560934173182,21.615560934173182,100.0
4180,1,40.25185086306472,40.25185086306472,100.0
4180,2,38.13258820276211,38.13258820276211,100.0
4190,0,21.141092615763128,21.141092615763128,100.0
4190,1,44.30732842894821,44.30732842894821,100.0
4190,2,34.55157895528866,34.55157895528866,100.0
4200,0,22.200903758616327,22.200903758616327,100.0
4200,1,30.577320398251608,30.577320398251608,100.0
4200,2,47.221775843132065,47.221775843132065,100.0
4210,0,22.377621867744008,22.377621867744008,100.0
4210,1,43.5861678185215,43.5861678185215,100.0
4210,2,34.03621031373449,34.03621031373449,100.0
4220,0,23.451204621522255,23.451204621522255,100.0
4220,1,27.191002105635608,27.191002105635608,100.0
4220,2,49.357793272842144,49.357793272842144,100.0
4230,0,25.967778597312506,25.967778597312506,100.0
4230,1,30.565026257744854,30.565026257744854,100.0
4230,2,43.467195144942636,43.467195144942636,100.0
4240,0,21.286376553126,21.286376553126,100.0
4240,1,37.25996746810779,37.25996746810779,100.0
4240,2,41.4536559787662,41.4536559787662,100.0
4250,0,23.920420399680825,23.920420399680825,100.0
4250,1,27.29072891495306,27.29072891495306,100.0
4250,2,48.788850685366114,48.788850685366114,100.0
4260,0,22.435241243298485,22.435241243298485,100.0
4260,1,28.269677843334428,28.269677843334428,100.0
4260,2,49.29508091336709,49.29508091336709,100.0
4270,0,23.647026869459815,23.647026869459815,100.0
4270,1,31.023318428842643,31.023318428842643,100.0
4270,2,45.32965470169755,45.32965470169755,100.0
4280,0,21.779271110975284,21.779271110975284,100.0
4280,1,40.2613607252851,40.2613607252851,100.0
4280,2,37.95936816373962,37.95936816373962,100.0
4290,0,21.79975043497169,21.79975043497169,100.0
4290,1,43.95725017763973,43.95725017763973,100.0
4290,2,34.242999387388586,34.242999387388586,100.0
4300,0,23.191930133738943,23.191930133738943,100.0
4300,1,32.2020826843439,32.2020826843439,100.0
4300,2,44.60598718191716,44.60598718191716,100.0
4310,0,24.255811225252632,24.255811225252632,100.0
4310,1,32.40036043421413,32.40036043421413,100.0
4310,2,43.343828340533236,43.343828340533236,100.0
4320,0,21.903792347483908,21.903792347483908,100.0
4320,1,38.922214327365346,38.922214327365346,100.0
4320,2,39.173993325150754,39.173993325150754,100.0
4330,0,21.988447631872532,21.988447631872532,100.0
4330,1,35.28535055150909,35.28535055150909,100.0
4330,2,42.72620181661838,42.72620181661838,100.0
4340,0,26.20214769969087,26.20214769969087,100.0
4340,1,28.873161656866504,28.873161656866504,100.0
4340,2,44.924690643442624,44.924690643442624,100.0
4350,0,26.885022662852165,26.885022662852165,100.0
4350,1,28.88801785522211,28.88801785522211,100.0
4350,2,44.22695948192574,44.22695948192574,100.0
4360,0,22.884891407402897,22.884891407402897,100.0
4360,1,26.773962655005224,26.773962655005224,100.0
4360,2,50.34114593759188,50.34114593759188,100.0
4370,0,20.42442539326784,20.42442539326784,100.0
4370,1,43.90013646821611,43.90013646821611,100.0
4370,2,35.67543813851606,35.67543813851606,100.0
4380,0,21.18119441319521,21.18119441319521,100.0
4380,1,37.03430539126673,37.03430539126673,100.0
4380,2,41.78450019553807,41.78450019553807,100.0
4390,0,22.480259077057603,22.480259077057603,100.0
4390,1,26.129687401975016,26.129687401975016,100.0
4390,2,51.390053520967385,51.390053520967385,100.0
4400,0,21.153840830839393,21.153840830839393,100.0
4400,1,37.1037746602119,37.1037746602119,100.0
4400,2,41.74238450894871,41.74238450894871,100.0
4410,0,28.236845279409277,28.236845279409277,100.0
4410,1,26.578821347112143,26.578821347112143,100.0
4410,2,45.18433337347858,45.18433337347858,100.0
4420,0,27.143817378268636,27.143817378268636,100.0
4420,1,40.681129684087814,40.681129684087814,100.0
4420,2,32.17505293764356,32.17505293764356,100.0
4430,0,23.205831337908254,23.205831337908254,100.0
4430,1,29.061890515897854,29.061890515897854,100.0
4430,2,47.7322781461939,47.7322781461939,100.0
4440,0,21.14340715247365,21.14340715247365,100.0
4440,1,46.15038498754014,46.15038498754014,100.0
4440,2,32.7062078599862,32.7062078599862,100.0
4450,0,21.80611841869863,21.80611841869863,100.0
4450,1,33.090483502342515,33.090483502342515,100.0
4450,2,45.103398078958854,45.103398078958854,100.0
4460,0,22.48524422106206,22.48524422106206,100.0
4460,1,33.17281368534799,33.17281368534799,100.0
4460,2,44.34194209358995,44.34194209358995,100.0
4470,0,22.81532696314442,22.81532696314442,100.0
4470,1,32.47550138041004,32.47550138041004,100.0
4470,2,44.70917165644555,44.70917165644555,100.0
4480,0,25.33234442345906,25.33234442345906,100.0
4480,1,27.57684815620829,27.57684815620829,100.0
4480,2,47.09080742033266,47.09080742033266,100.0
4490,0,21.73297243770273,21.73297243770273,100.0
4490,1,43.62793605590652,43.62793605590652,100.0
4490,2,34.63909150639075,34.63909150639075,100.0
4500,0,23.10089383032941,23.10089383032941,100.0
4500,1,27.823782608217186,27.823782608217186,100.0
4500,2,49.0753235614534,49.0753235614534,100.0
4510,0,23.125715389426144,23.125715389426144,100.0
4510,1,36.614938102914266,36.614938102914266,100.0
4510,2,40.25934650765959,40.25934650765959,100.0
4520,0,21.612225123123178,21.612225123123178,100.0
4520,1,41.800836976994354,41.800836976994354,100.0
4520,2,36.586937899882464,36.586937899882464,100.0
4530,0,23.340244862480308,23.340244862480308,100.0
4530,1,26.50413273583112,26.50413273583112,100.0
4530,2,50.15562240168857,50.15562240168857,100.0
4540,0,24.69104271070167,24.69104271070167,100.0
4540,1,32.755461645823345,32.755461645823345,100.0
4540,2,42.55349564347499,42.55349564347499,100.0
4550,0,21.776409526112886,21.776409526112886,100.0
4550,1,33.82426353035709,33.82426353035709,100.0
4550,2,44.39932694353001,44.39932694353001,100.0
4560,0,21.43563412203555,21.43563412203555,100.0
4560,1,32.76655789467253,32.76655789467253,100.0
4560,2,45.797807983291925,45.797807983291925,100.0
4570,0,23.327506727082536,23.327506727082536,100.0
4570,1,28.35005186796817,28.35005186796817,100.0
4570,2,48.322441404949295,48.322441404949295,100.0
4580,0,23.157082585121795,23.157082585121795,100.0
4580,1,31.55909044681341,31.55909044681341,100.0
4580,2,45.283826968064794,45.283826968064794,100.0
4590,0,22.00137128651876,22.00137128651876,100.0
4590,1,32.47733936294357,32.47733936294357,100.0
4590,2,45.52128935053767,45.52128935053767,100.0
4600,0,24.30378267162181,24.30378267162181,100.0
4600,1,33.278959203832216,33.278959203832216,100.0
4600,2,42.41725812454597,42.41725812454597,100.0
4610,0,24.79092702345033,24.79092702345033,100.0
4610,1,27.19751973659515,27.19751973659515,100.0
4610,2,48.011553239954516,48.011553239954516,100.0
4620,0,22.841097456063288,22.841097456063288,100.0
4620,1,32.26822222839478,32.26822222839478,100.0
4620,2,44.890680315541935,44.890680315541935,100.0
4630,0,20.50861010875935,20.50861010875935,100.0
4630,1,43.51043249236908,43.51043249236908,100.0
4630,2,35.980957398871574,35.980957398871574,100.0
4640,0,22.4803416078358,22.4803416078358,100.0
4640,1,27.032869951640514,27.032869951640514,100.0
4640,2,50.486788440523675,50.486788440523675,100.0
4650,0,21.333584653164962,21.333584653164962,100.0
4650,1,36.815171366998044,36.815171366998044,100.0
4650,2,41.85124397983699,41.85124397983699,100.0
4660,0,21.712405898796995,21.712405898796995,100.0
4660,1,33.42635271363434,33.42635271363434,100.0
4660,2,44.86124138756867,44.86124138756867,100.0
