timestamp,sliceId,dedicatedPRB,minPRB,maxPRB
510,0,41.680333464449404,41.680333464449404,100.0
510,1,41.24712773029472,41.24712773029472,100.0
510,2,17.07253880525588,17.07253880525588,100.0
520,0,37.829233812127626,37.829233812127626,100.0
520,1,25.064807758715546,25.064807758715546,100.0
520,2,37.105958429156836,37.105958429156836,100.0
530,0,52.9159465645337,52.9159465645337,100.0
530,1,26.437521738155457,26.437521738155457,100.0
530,2,20.646531697310845,20.646531697310845,100.0
540,0,34.60728758249872,34.60728758249872,100.0
540,1,30.429776990516356,30.429776990516356,100.0
540,2,34.962935426984934,34.962935426984934,100.0
550,0,47.5904619697251,47.5904619697251,100.0
550,1,30.64517460070312,30.64517460070312,100.0
550,2,21.76436342957179,21.76436342957179,100.0
560,0,29.18943443238357,29.18943443238357,100.0
560,1,33.99560764461078,33.99560764461078,100.0
560,2,36.81495792300565,36.81495792300565,100.0
570,0,23.179335499355698,23.179335499355698,100.0
570,1,48.13086085163788,48.13086085163788,100.0
570,2,28.68980364900643,28.68980364900643,100.0
580,0,26.028984546352362,26.028984546352362,100.0
580,1,48.97861772976295,48.97861772976295,100.0
580,2,24.99239772388469,24.99239772388469,100.0
590,0,35.648348565227785,35.648348565227785,100.0
590,1,45.37999608330244,45.37999608330244,100.0
590,2,18.97165535146978,18.97165535146978,100.0
600,0,26.091784785680016,26.091784785680016,100.0
600,1,40.150542276935106,40.150542276935106,100.0
600,2,33.75767293738488,33.75767293738488,100.0
610,0,38.49451438711608,38.49451438711608,100.0
610,1,38.3431403653742,38.3431403653742,100.0
610,2,23.162345247509734,23.162345247509734,100.0
620,0,34.69727328041397,34.69727328041397,100.0
620,1,31.529201761145703,31.529201761145703,100.0
620,2,33.77352495844033,33.77352495844033,100.0
630,0,23.603621658843323,23.603621658843323,100.0
630,1,35.57870347805723,35.57870347805723,100.0
630,2,40.81767486309945,40.81767486309945,100.0
640,0,27.6811046700556,27.6811046700556,100.0
640,1,41.3869860332243,41.3869860332243,100.0
640,2,30.93190929672011,30.93190929672011,100.0
650,0,31.742185724084678,31.742185724084678,100.0
650,1,44.8923615188178,44.8923615188178,100.0
650,2,23.365452757097522,23.365452757097522,100.0
660,0,41.75883949743698,41.75883949743698,100.0
660,1,26.27238714462835,26.27238714462835,100.0
660,2,31.96877335793466,31.96877335793466,100.0
670,0,26.90998284942775,26.90998284942775,100.0
670,1,31.527083884923062,31.527083884923062,100.0
670,2,41.56293326564919,41.56293326564919,100.0
680,0,22.863765825336888,22.863765825336888,100.0
680,1,31.747721304620114,31.747721304620114,100.0
680,2,45.388512870042995,45.388512870042995,100.0
690,0,29.234413993293174,29.234413993293174,100.0
690,1,45.142784097730384,45.142784097730384,100.0
690,2,25.622801908976445,25.622801908976445,100.0
700,0,22.083863178828768,22.083863178828768,100.0
700,1,44.671230974565134,44.671230974565134,100.0
700,2,33.2449058466061,33.2449058466061,100.0
710,0,24.907414733745377,24.907414733745377,100.0
710,1,27.40430476011933,27.40430476011933,100.0
710,2,47.6882805061353,47.6882805061353,100.0
720,0,30.648340892642057,30.648340892642057,100.0
720,1,49.78032709598016,49.78032709598016,100.0
720,2,19.57133201137778,19.57133201137778,100.0
730,0,22.96253307839985,22.96253307839985,100.0
730,1,47.20464734252124,47.20464734252124,100.0
730,2,29.832819579078908,29.832819579078908,100.0
740,0,24.0882627712904,24.0882627712904,100.0
740,1,42.112080001722354,42.112080001722354,100.0
740,2,33.79965722698724,33.79965722698724,100.0
750,0,25.21199453480486,25.21199453480486,100.0
750,1,34.33799837499841,34.33799837499841,100.0
750,2,40.45000709019673,40.45000709019673,100.0
760,0,23.690649630377305,23.690649630377305,100.0
760,1,49.143446347091746,49.143446347091746,100.0
760,2,27.165904022530952,27.165904022530952,100.0
770,0,36.17071458167075,36.17071458167075,100.0
770,1,38.55946919671618,38.55946919671618,100.0
770,2,25.269816221613073,25.269816221613073,100.0
780,0,30.93187932268968,30.93187932268968,100.0
780,1,43.14938523660714,43.14938523660714,100.0
780,2,25.918735440703188,25.918735440703188,100.0
790,0,25.658561774207833,25.658561774207833,100.0
790,1,54.333512697241204,54.333512697241204,100.0
790,2,20.007925528550963,20.007925528550963,100.0
800,0,30.129407223126442,30.129407223126442,100.0
800,1,47.751982957626375,47.751982957626375,100.0
800,2,22.118609819247176,22.118609819247176,100.0
810,0,28.462117264318465,28.462117264318465,100.0
810,1,37.81188352695234,37.81188352695234,100.0
810,2,33.725999208729185,33.725999208729185,100.0
820,0,36.68111056405286,36.68111056405286,100.0
820,1,32.100400895604835,32.100400895604835,100.0
820,2,31.218488540342303,31.218488540342303,100.0
830,0,28.49212363899688,28.49212363899688,100.0
830,1,46.12908671721925,46.12908671721925,100.0
830,2,25.37878964378386,25.37878964378386,100.0
840,0,24.004783939825526,24.004783939825526,100.0
840,1,35.6704889062846,35.6704889062846,100.0
840,2,40.32472715388988,40.32472715388988,100.0
850,0,34.82337183075353,34.82337183075353,100.0
850,1,41.669976505093814,41.669976505093814,100.0
850,2,23.506651664152656,23.506651664152656,100.0
860,0,36.36351499594006,36.36351499594006,100.0
860,1,40.59211019874167,40.59211019874167,100.0
860,2,23.04437480531827,23.04437480531827,100.0
870,0,22.62504651095625,22.62504651095625,100.0
870,1,51.87231262530618,51.87231262530618,100.0
870,2,25.502640863737568,25.502640863737568,100.0
880,0,28.618889601560916,28.618889601560916,100.0
880,1,48.29180473812835,48.29180473812835,100.0
880,2,23.08930566031074,23.08930566031074,100.0
890,0,38.7649856237755,38.7649856237755,100.0
890,1,40.03573129258924,40.03573129258924,100.0
890,2,21.19928308363526,21.19928308363526,100.0
900,0,24.44998041504163,24.44998041504163,100.0
900,1,29.207320386132974,29.207320386132974,100.0
900,2,46.3426991988254,46.3426991988254,100.0
910,0,27.12107858538144,27.12107858538144,100.0
910,1,53.683950363472846,53.683950363472846,100.0
910,2,19.194971051145725,19.194971051145725,100.0
920,0,30.680164505059693,30.680164505059693,100.0
920,1,38.964564679588676,38.964564679588676,100.0
920,2,30.355270815351638,30.355270815351638,100.0
930,0,26.01593945167347,26.01593945167347,100.0
930,1,54.09058227147252,54.09058227147252,100.0
930,2,19.893478276854008,19.893478276854008,100.0
940,0,36.19206261782245,36.19206261782245,100.0
940,1,38.76984722081157,38.76984722081157,100.0
940,2,25.038090161365982,25.038090161365982,100.0
950,0,24.22169721229368,24.22169721229368,100.0
950,1,40.20740416396818,40.20740416396818,100.0
950,2,35.570898623738145,35.570898623738145,100.0
960,0,26.854188391457523,26.854188391457523,100.0
960,1,45.17008830853146,45.17008830853146,100.0
960,2,27.975723300011012,27.975723300011012,100.0
970,0,25.667549034947935,25.667549034947935,100.0
970,1,46.99962004983507,46.99962004983507,100.0
970,2,27.332830915216995,27.332830915216995,100.0
980,0,37.94937098099962,37.94937098099962,100.0
980,1,35.931089406819794,35.931089406819794,100.0
980,2,26.11953961218059,26.11953961218059,100.0
990,0,26.520988978937122,26.520988978937122,100.0
990,1,36.79934983535747,36.79934983535747,100.0
990,2,36.67966118570542,36.67966118570542,100.0
1000,0,22.369360679467334,22.369360679467334,100.0
1000,1,31.641400340213348,31.641400340213348,100.0
1000,2,45.989238980319314,45.989238980319314,100.0
1010,0,30.966518146867916,30.966518146867916,100.0
1010,1,47.13690832930125,47.13690832930125,100.0
1010,2,21.89657352383085,21.89657352383085,100.0
1020,0,30.521507954568953,30.521507954568953,100.0
1020,1,37.58833986230891,37.58833986230891,100.0
1020,2,31.89015218312213,31.89015218312213,100.0
1030,0,32.50692357331963,32.50692357331963,100.0
1030,1,37.947461728838384,37.947461728838384,100.0
1030,2,29.545614697841998,29.545614697841998,100.0
1040,0,35.23222692147569,35.23222692147569,100.0
1040,1,38.002831048537,38.002831048537,100.0
1040,2,26.764942029987317,26.764942029987317,100.0
1050,0,24.756028540223404,24.756028540223404,100.0
1050,1,52.67051938629841,52.67051938629841,100.0
1050,2,22.573452073478183,22.573452073478183,100.0
1060,0,22.817972287215643,22.817972287215643,100.0
1060,1,38.204812924456256,38.204812924456256,100.0
1060,2,38.977214788328105,38.977214788328105,100.0
1070,0,32.72899960394056,32.72899960394056,100.0
1070,1,48.441882866422894,48.441882866422894,100.0
1070,2,18.82911752963656,18.82911752963656,100.0
1080,0,30.109066375522737,30.109066375522737,100.0
1080,1,40.558700355184,40.558700355184,100.0
1080,2,29.332233269293262,29.332233269293262,100.0
1090,0,25.90830280332821,25.90830280332821,100.0
1090,1,40.622051700216595,40.622051700216595,100.0
1090,2,33.46964549645521,33.46964549645521,100.0
1100,0,25.559772976986217,25.559772976986217,100.0
1100,1,40.08760242789432,40.08760242789432,100.0
1100,2,34.35262459511946,34.35262459511946,100.0
1110,0,26.77751991650443,26.77751991650443,100.0
1110,1,28.7146316589704,28.7146316589704,100.0
1110,2,44.507848424525164,44.507848424525164,100.0
1120,0,30.66582263012568,30.66582263012568,100.0
1120,1,26.761560929079675,26.761560929079675,100.0
1120,2,42.57261644079464,42.57261644079464,100.0
1130,0,38.066839440525776,38.066839440525776,100.0
1130,1,25.606671643596002,25.606671643596002,100.0
1130,2,36.326488915878215,36.326488915878215,100.0
1140,0,30.82896408163102,30.82896408163102,100.0
1140,1,31.811816047740905,31.811816047740905,100.0
1140,2,37.35921987062809,37.35921987062809,100.0
1150,0,28.555534730391052,28.555534730391052,100.0
1150,1,41.782678653838644,41.782678653838644,100.0
1150,2,29.661786615770303,29.661786615770303,100.0
1160,0,26.223090694759833,26.223090694759833,100.0
1160,1,38.02329726526472,38.02329726526472,100.0
1160,2,35.753612039975444,35.753612039975444,100.0
1170,0,22.86914989471611,22.86914989471611,100.0
1170,1,34.32159328457673,34.32159328457673,100.0
1170,2,42.80925682070716,42.80925682070716,100.0
1180,0,24.373870951785705,24.373870951785705,100.0
1180,1,43.84261447855369,43.84261447855369,100.0
1180,2,31.78351456966061,31.78351456966061,100.0
1190,0,23.09097146725014,23.09097146725014,100.0
1190,1,31.79655523164823,31.79655523164823,100.0
1190,2,45.11247330110164,45.11247330110164,100.0
1200,0,29.9374802017617,29.9374802017617,100.0
1200,1,49.76335181009785,49.76335181009785,100.0
1200,2,20.299167988140443,20.299167988140443,100.0
1210,0,24.306564251251828,24.306564251251828,100.0
1210,1,52.392020066214684,52.392020066214684,100.0
1210,2,23.301415682533484,23.301415682533484,100.0
1220,0,22.983577315440893,22.983577315440893,100.0
1220,1,46.646862365710135,46.646862365710135,100.0
1220,2,30.369560318848983,30.369560318848983,100.0
1230,0,23.83008273789695,23.83008273789695,100.0
1230,1,48.698940455517054,48.698940455517054,100.0
1230,2,27.470976806585995,27.470976806585995,100.0
1240,0,33.627561007173526,33.627561007173526,100.0
1240,1,36.86040726928347,36.86040726928347,100.0
1240,2,29.512031723543007,29.512031723543007,100.0
1250,0,32.4223317073834,32.4223317073834,100.0
1250,1,41.14996281324128,41.14996281324128,100.0
1250,2,26.42770547937532,26.42770547937532,100.0
1260,0,25.11830841807367,25.11830841807367,100.0
1260,1,48.34447529003187,48.34447529003187,100.0
1260,2,26.53721629189446,26.53721629189446,100.0
1270,0,22.06175506013172,22.06175506013172,100.0
1270,1,35.10297710487546,35.10297710487546,100.0
1270,2,42.83526783499283,42.83526783499283,100.0
1280,0,26.080864798312366,26.080864798312366,100.0
1280,1,36.57490906474989,36.57490906474989,100.0
1280,2,37.34422613693775,37.34422613693775,100.0
1290,0,29.42006221629714,29.42006221629714,100.0
1290,1,33.37973790699097,33.37973790699097,100.0
1290,2,37.200199876711885,37.200199876711885,100.0
1300,0,28.35665156752625,28.35665156752625,100.0
1300,1,39.364934835041545,39.364934835041545,100.0
1300,2,32.27841359743221,32.27841359743221,100.0
1310,0,24.807971577737213,24.807971577737213,100.0
1310,1,46.0892881616119,46.0892881616119,100.0
1310,2,29.10274026065089,29.10274026065089,100.0
1320,0,25.30399142685788,25.30399142685788,100.0
1320,1,31.32548097964647,31.32548097964647,100.0
1320,2,43.370527593495645,43.370527593495645,100.0
1330,0,28.824878550672615,28.824878550672615,100.0
1330,1,51.87084507495774,51.87084507495774,100.0
1330,2,19.30427637436964,19.30427637436964,100.0
1340,0,32.47618582078414,32.47618582078414,100.0
1340,1,29.521801931340363,29.521801931340363,100.0
1340,2,38.002012247875506,38.002012247875506,100.0
1350,0,40.16935348099996,40.16935348099996,100.0
1350,1,35.4833378232025,35.4833378232025,100.0
1350,2,24.34730869579754,24.34730869579754,100.0
1360,0,28.441105191568443,28.441105191568443,100.0
1360,1,49.879269563987165,49.879269563987165,100.0
1360,2,21.679625244444388,21.679625244444388,100.0
1370,0,41.1910968167574,41.1910968167574,100.0
1370,1,33.95820314831715,33.95820314831715,100.0
1370,2,24.85070003492544,24.85070003492544,100.0
1380,0,21.402318003820586,21.402318003820586,100.0
1380,1,48.75341416985687,48.75341416985687,100.0
1380,2,29.844267826322547,29.844267826322547,100.0
1390,0,28.787218346676134,28.787218346676134,100.0
1390,1,38.5939982547907,38.5939982547907,100.0
1390,2,32.61878339853317,32.61878339853317,100.0
1400,0,21.271186563629293,21.271186563629293,100.0
1400,1,42.56366896171796,42.56366896171796,100.0
1400,2,36.16514447465274,36.16514447465274,100.0
1410,0,26.172025005385414,26.172025005385414,100.0
1410,1,44.47367587722114,44.47367587722114,100.0
1410,2,29.354299117393452,29.354299117393452,100.0
1420,0,22.348215476353964,22.348215476353964,100.0
1420,1,53.65632553883851,53.65632553883851,100.0
1420,2,23.995458984807534,23.995458984807534,100.0
1430,0,35.36476503043426,35.36476503043426,100.0
1430,1,40.78718726422631,40.78718726422631,100.0
1430,2,23.84804770533943,23.84804770533943,100.0
1440,0,32.380591724606575,32.380591724606575,100.0
1440,1,47.598006946331815,47.598006946331815,100.0
1440,2,20.02140132906161,20.02140132906161,100.0
1450,0,23.446710194453292,23.446710194453292,100.0
1450,1,56.081101131763,56.081101131763,100.0
1450,2,20.472188673783698,20.472188673783698,100.0
1460,0,23.03599227615745,23.03599227615745,100.0
1460,1,57.777194902938774,57.777194902938774,100.0
1460,2,19.186812820903775,19.186812820903775,100.0
1470,0,22.906614093442073,22.906614093442073,100.0
1470,1,44.28342636540128,44.28342636540128,100.0
1470,2,32.809959541156644,32.809959541156644,100.0
1480,0,31.046066517012004,31.046066517012004,100.0
1480,1,44.87897219697706,44.87897219697706,100.0
1480,2,24.07496128601095,24.07496128601095,100.0
1490,0,31.209419066197196,31.209419066197196,100.0
1490,1,38.92954888824612,38.92954888824612,100.0
1490,2,29.86103204555669,29.86103204555669,100.0
1500,0,23.070342093487263,23.070342093487263,100.0
1500,1,33.45353724906332,33.45353724906332,100.0
1500,2,43.47612065744942,43.47612065744942,100.0
