timestamp,ueImsi,sliceId,dTxBytes,dRxBytes,plr,resourceSharePct,dLostPackets,throughputMbps,bufferBytes
570,1,0,25976,4584,82.35,34.14,14,3.6672,149244
570,2,0,25976,4584,82.35,34.14,14,3.6672,149157
570,3,0,25976,4584,82.35,34.14,14,3.6672,149182
570,4,0,25976,4584,82.35,34.14,14,3.6672,149144
570,5,0,25976,4584,82.35,34.14,14,3.6672,149147
570,6,1,390,390,0.00,33.75,0,0.3120,87
570,7,1,390,390,0.00,33.75,0,0.3120,87
570,8,1,390,390,0.00,33.75,0,0.3120,87
570,9,1,390,390,0.00,33.75,0,0.3120,87
570,10,1,390,390,0.00,33.75,0,0.3120,87
570,11,2,16000,1792,88.80,32.10,111,1.4336,100406
570,12,2,16000,1792,88.80,32.10,111,1.4336,100470
570,13,2,16000,1792,88.80,32.10,111,1.4336,100416
570,14,2,16000,1792,88.80,32.10,111,1.4336,100457
570,15,2,16000,1792,88.80,32.10,111,1.4336,100450
570,16,2,16000,1664,89.60,32.10,112,1.3312,100461
570,17,2,16000,1792,88.80,32.10,111,1.4336,100454
570,18,2,16000,1792,88.80,32.10,111,1.4336,100413
570,19,2,16000,1792,88.80,32.10,111,1.4336,100457
570,20,2,16000,1792,88.80,32.10,111,1.4336,100474
