timestamp,sliceId,dedicatedPRB,minPRB,maxPRB
510,0,24.667768688335578,24.667768688335578,100.0
510,1,43.481519005557935,43.481519005557935,100.0
510,2,31.850712306106484,31.850712306106484,100.0
520,0,47.74695547663742,47.74695547663742,100.0
520,1,33.87839187515487,33.87839187515487,100.0
520,2,18.37465264820771,18.37465264820771,100.0
530,0,39.42661106704208,39.42661106704208,100.0
530,1,39.16614033300325,39.16614033300325,100.0
530,2,21.40724859995467,21.40724859995467,100.0
540,0,20.60741560092468,20.60741560092468,100.0
540,1,44.47538311290641,44.47538311290641,100.0
540,2,34.91720128616891,34.91720128616891,100.0
550,0,40.61961129971068,40.61961129971068,100.0
550,1,33.76677319872754,33.76677319872754,100.0
550,2,25.61361550156178,25.61361550156178,100.0
560,0,24.846358690494423,24.846358690494423,100.0
560,1,50.75155282242094,50.75155282242094,100.0
560,2,24.40208848708463,24.40208848708463,100.0
570,0,37.51978370021332,37.51978370021332,100.0
570,1,36.77879670410225,36.77879670410225,100.0
570,2,25.70141959568444,25.70141959568444,100.0
580,0,30.82642087499371,30.82642087499371,100.0
580,1,42.83641962070926,42.83641962070926,100.0
580,2,26.337159504297038,26.337159504297038,100.0
590,0,23.638700744566343,23.638700744566343,100.0
590,1,26.729063230089395,26.729063230089395,100.0
590,2,49.63223602534427,49.63223602534427,100.0
600,0,23.320498722471626,23.320498722471626,100.0
600,1,38.30515041583822,38.30515041583822,100.0
600,2,38.374350861690154,38.374350861690154,100.0
610,0,46.52845074781625,46.52845074781625,100.0
610,1,33.53271382805866,33.53271382805866,100.0
610,2,19.938835424125088,19.938835424125088,100.0
