timestamp,ueImsi,sliceId,dTxBytes,dRxBytes,plr,resourceSharePct,dLostPackets,throughputMbps,bufferBytes
620,1,0,16808,4584,72.73,46.53,8,3.6672,174545
620,2,0,16808,4584,72.73,46.53,8,3.6672,174529
620,3,0,16808,4584,72.73,46.53,8,3.6672,174601
620,4,0,16808,4584,72.73,46.53,8,3.6672,174606
620,5,0,16808,4584,72.73,46.53,8,3.6672,174494
620,6,1,390,546,0.00,33.53,0,0.4368,87
620,7,1,390,546,0.00,33.53,0,0.4368,87
620,8,1,390,546,0.00,33.53,0,0.4368,87
620,9,1,390,546,0.00,33.53,0,0.4368,87
620,10,1,390,546,0.00,33.53,0,0.4368,87
620,11,2,256,384,0.00,19.94,0,0.3072,96
620,12,2,256,384,0.00,19.94,0,0.3072,96
620,13,2,256,384,0.00,19.94,0,0.3072,15
620,14,2,256,384,0.00,19.94,0,0.3072,15
620,15,2,256,384,0.00,19.94,0,0.3072,15
620,16,2,256,384,0.00,19.94,0,0.3072,15
620,17,2,256,384,0.00,19.94,0,0.3072,96
620,18,2,256,384,0.00,19.94,0,0.3072,96
620,19,2,256,384,0.00,19.94,0,0.3072,96
620,20,2,256,384,0.00,19.94,0,0.3072,96
