timestamp,ueImsi,sliceId,dTxBytes,dRxBytes,plr,resourceSharePct,dLostPackets,throughputMbps,bufferBytes
560,1,0,24448,4584,81.25,42.41,13,3.6672,124173
560,2,0,24448,4584,81.25,42.41,13,3.6672,124192
560,3,0,24448,4584,81.25,42.41,13,3.6672,124208
560,4,0,24448,4584,81.25,42.41,13,3.6672,124171
560,5,0,24448,4584,81.25,42.41,13,3.6672,124181
560,6,1,390,390,0.00,27.65,0,0.3120,87
560,7,1,390,390,0.00,27.65,0,0.3120,87
560,8,1,390,390,0.00,27.65,0,0.3120,87
560,9,1,390,390,0.00,27.65,0,0.3120,87
560,10,1,390,390,0.00,27.65,0,0.3120,87
560,11,2,16000,1408,91.20,29.94,114,1.1264,86735
560,12,2,16000,1408,91.20,29.94,114,1.1264,86744
560,13,2,16000,1408,91.20,29.94,114,1.1264,86747
560,14,2,16000,1408,91.20,29.94,114,1.1264,86705
560,15,2,16000,1408,91.20,29.94,114,1.1264,86706
560,16,2,16000,1408,91.20,29.94,114,1.1264,86807
560,17,2,16000,1280,92.00,29.94,115,1.0240,86804
560,18,2,16000,1408,91.20,29.94,114,1.1264,86744
560,19,2,16000,1408,91.20,29.94,114,1.1264,86794
560,20,2,16000,1408,91.20,29.94,114,1.1264,86704
