timestamp,ueImsi,sliceId,dTxBytes,dRxBytes,plr,resourceSharePct,dLostPackets,throughputMbps,bufferBytes
600,1,0,18336,6112,66.67,51.66,8,4.8896,140029
600,2,0,18336,4584,75.00,51.66,9,3.6672,139907
600,3,0,18336,4584,75.00,51.66,9,3.6672,139803
600,4,0,18336,4584,75.00,51.66,9,3.6672,139506
600,5,0,18336,4584,75.00,51.66,9,3.6672,139220
600,6,1,390,390,0.00,20.00,0,0.3120,87
600,7,1,390,390,0.00,20.00,0,0.3120,87
600,8,1,390,390,0.00,20.00,0,0.3120,87
600,9,1,390,390,0.00,20.00,0,0.3120,87
600,10,1,390,390,0.00,20.00,0,0.3120,87
600,11,2,256,256,0.00,28.34,0,0.2048,89
600,12,2,256,256,0.00,28.34,0,0.2048,89
600,13,2,256,256,0.00,28.34,0,0.2048,89
600,14,2,256,256,0.00,28.34,0,0.2048,89
600,15,2,256,256,0.00,28.34,0,0.2048,89
600,16,2,256,256,0.00,28.34,0,0.2048,137
600,17,2,256,256,0.00,28.34,0,0.2048,137
600,18,2,256,256,0.00,28.34,0,0.2048,137
600,19,2,256,256,0.00,28.34,0,0.2048,137
600,20,2,256,256,0.00,28.34,0,0.2048,137
