timestamp,ueImsi,sliceId,dTxBytes,dRxBytes,plr,resourceSharePct,dLostPackets,throughputMbps,bufferBytes
1510,1,0,35144,30560,13.04,39.13,3,24.4480,210193
1510,2,0,35144,19864,43.48,39.13,10,15.8912,1526414
1510,3,1,1014,2964,0.00,35.50,0,2.3712,87
1510,4,1,1014,1014,0.00,35.50,0,0.8112,87
1510,5,2,256,0,100.00,25.37,2,0.0000,137
1510,6,2,256,256,0.00,25.37,0,0.2048,137
1510,7,2,256,256,0.00,25.37,0,0.2048,137
1510,8,2,256,0,100.00,25.37,2,0.0000,137
1510,9,2,256,0,100.00,25.37,2,0.0000,137
1510,10,2,256,256,0.00,25.37,0,0.2048,137
