timestamp,ueImsi,sliceId,dTxBytes,dRxBytes,plr,resourceSharePct,dLostPackets,throughputMbps,bufferBytes
560,1,0,24448,0,100.00,30.64,16,0.0000,137649
560,2,0,24448,0,100.00,30.64,16,0.0000,137536
560,3,0,24448,0,100.00,30.64,16,0.0000,137613
560,4,0,24448,1528,93.75,30.64,15,1.2224,137591
560,5,0,24448,1528,93.75,30.64,15,1.2224,137597
560,6,1,780,624,20.00,31.31,2,0.4992,126
560,7,1,780,624,20.00,31.31,2,0.4992,126
560,8,1,780,624,20.00,31.31,2,0.4992,126
560,9,1,780,624,20.00,31.31,2,0.4992,87
560,10,1,780,624,20.00,31.31,2,0.4992,87
560,11,2,16000,896,94.40,38.05,118,0.7168,90380
560,12,2,16000,896,94.40,38.05,118,0.7168,90381
560,13,2,16000,768,95.20,38.05,119,0.6144,90373
560,14,2,16000,896,94.40,38.05,118,0.7168,90378
560,15,2,16000,896,94.40,38.05,118,0.7168,90442
560,16,2,16000,1024,93.60,38.05,117,0.8192,90358
560,17,2,16000,1024,93.60,38.05,117,0.8192,90353
560,18,2,16000,1024,93.60,38.05,117,0.8192,90360
560,19,2,16000,1024,93.60,38.05,117,0.8192,90349
560,20,2,16000,1024,93.60,38.05,117,0.8192,90358
