timestamp,ueImsi,sliceId,dTxBytes,dRxBytes,plr,resourceSharePct,dLostPackets,throughputMbps,bufferBytes
570,1,0,25976,1528,94.12,26.66,16,1.2224,160213
570,2,0,25976,1528,94.12,26.66,16,1.2224,159529
570,3,0,25976,1528,94.12,26.66,16,1.2224,159242
570,4,0,25976,1528,94.12,26.66,16,1.2224,158855
570,5,0,25976,1528,94.12,26.66,16,1.2224,158161
570,6,1,390,468,0.00,50.00,0,0.3744,87
570,7,1,390,468,0.00,50.00,0,0.3744,87
570,8,1,390,468,0.00,50.00,0,0.3744,87
570,9,1,390,468,0.00,50.00,0,0.3744,87
570,10,1,390,468,0.00,50.00,0,0.3744,87
570,11,2,16000,896,94.40,23.34,118,0.7168,104496
570,12,2,16000,896,94.40,23.34,118,0.7168,104496
570,13,2,16000,896,94.40,23.34,118,0.7168,104100
570,14,2,16000,1024,93.60,23.34,117,0.8192,103812
570,15,2,16000,896,94.40,23.34,118,0.7168,103580
570,16,2,16000,1024,93.60,23.34,117,0.8192,103389
570,17,2,16000,1152,92.80,23.34,116,0.9216,103327
570,18,2,16000,1152,92.80,23.34,116,0.9216,102910
570,19,2,16000,1408,91.20,23.34,114,1.1264,102600
570,20,2,16000,1536,90.40,23.34,113,1.2288,102791
