timestamp,sliceId,dedicatedPRB,minPRB,maxPRB
510,0,33.02651207802171,33.02651207802171,100.0
510,1,27.658222918465043,27.658222918465043,100.0
510,2,39.31526500351325,39.31526500351325,100.0
520,0,33.5566187553637,33.5566187553637,100.0
520,1,29.45745732437584,29.45745732437584,100.0
520,2,36.985923920260454,36.985923920260454,100.0
530,0,33.873582086085364,33.873582086085364,100.0
530,1,30.3969301867987,30.3969301867987,100.0
530,2,35.72948772711594,35.72948772711594,100.0
540,0,39.0103920251587,39.0103920251587,100.0
540,1,25.04420081177967,25.04420081177967,100.0
540,2,35.945407163061624,35.945407163061624,100.0
550,0,36.481259466597805,36.481259466597805,100.0
550,1,25.266078024694295,25.266078024694295,100.0
550,2,38.2526625087079,38.2526625087079,100.0
