timestamp,sliceId,dedicatedPRB,minPRB,maxPRB
510,0,33.03612777293511,33.03612777293511,100.0
510,1,36.726925725708014,36.726925725708014,100.0
510,2,30.236946501356876,30.236946501356876,100.0
520,0,27.154130481276205,27.154130481276205,100.0
520,1,32.30451394479321,32.30451394479321,100.0
520,2,40.54135557393059,40.54135557393059,100.0
530,0,39.34633151192329,39.34633151192329,100.0
530,1,27.95058586746283,27.95058586746283,100.0
530,2,32.70308262061388,32.70308262061388,100.0
540,0,35.77376295871651,35.77376295871651,100.0
540,1,32.631728173831696,32.631728173831696,100.0
540,2,31.594508867451793,31.594508867451793,100.0
550,0,29.838512637140845,29.838512637140845,100.0
550,1,42.610733675884504,42.610733675884504,100.0
550,2,27.550753686974648,27.550753686974648,100.0
560,0,34.33180984353475,34.33180984353475,100.0
560,1,34.79424083662368,34.79424083662368,100.0
560,2,30.87394931984157,30.87394931984157,100.0
570,0,25.004232713560988,25.004232713560988,100.0
570,1,45.46635518430998,45.46635518430998,100.0
570,2,29.529412102129044,29.529412102129044,100.0
580,0,27.84755025457243,27.84755025457243,100.0
580,1,46.66251206000829,46.66251206000829,100.0
580,2,25.489937685419285,25.489937685419285,100.0
590,0,22.823876017258815,22.823876017258815,100.0
590,1,51.221052329271075,51.221052329271075,100.0
590,2,25.955071653470103,25.955071653470103,100.0
600,0,24.830081959059005,24.830081959059005,100.0
600,1,47.04491420135291,47.04491420135291,100.0
600,2,28.125003839588082,28.125003839588082,100.0
610,0,23.789313634608522,23.789313634608522,100.0
610,1,48.342395196969434,48.342395196969434,100.0
610,2,27.868291168422044,27.868291168422044,100.0
620,0,22.00897621791468,22.00897621791468,100.0
620,1,54.21452089886729,54.21452089886729,100.0
620,2,23.776502883218026,23.776502883218026,100.0
630,0,36.388066992356414,36.388066992356414,100.0
630,1,45.08167418892427,45.08167418892427,100.0
630,2,18.530258818719318,18.530258818719318,100.0
640,0,24.180424277136392,24.180424277136392,100.0
640,1,44.97283819851338,44.97283819851338,100.0
640,2,30.84673752435023,30.84673752435023,100.0
650,0,21.945543021212153,21.945543021212153,100.0
650,1,56.11102904861149,56.11102904861149,100.0
650,2,21.94342793017635,21.94342793017635,100.0
660,0,22.74845776023785,22.74845776023785,100.0
660,1,55.74170302048258,55.74170302048258,100.0
660,2,21.509839219279574,21.509839219279574,100.0
670,0,20.941295624143752,20.941295624143752,100.0
670,1,45.1695948623358,45.1695948623358,100.0
670,2,33.889109513520445,33.889109513520445,100.0
680,0,23.87718193506173,23.87718193506173,100.0
680,1,45.59470088496603,45.59470088496603,100.0
680,2,30.528117179972234,30.528117179972234,100.0
690,0,40.02308277478336,40.02308277478336,100.0
690,1,41.23522559212378,41.23522559212378,100.0
690,2,18.74169163309286,18.74169163309286,100.0
700,0,22.048624263285006,22.048624263285006,100.0
700,1,49.70642162769791,49.70642162769791,100.0
700,2,28.244954109017094,28.244954109017094,100.0
710,0,22.270881378808575,22.270881378808575,100.0
710,1,56.44824824473991,56.44824824473991,100.0
710,2,21.280870376451517,21.280870376451517,100.0
720,0,23.306153372511446,23.306153372511446,100.0
720,1,52.533761162965085,52.533761162965085,100.0
720,2,24.160085464523462,24.160085464523462,100.0
730,0,22.294602890862645,22.294602890862645,100.0
730,1,52.24728100873377,52.24728100873377,100.0
730,2,25.458116100403583,25.458116100403583,100.0
740,0,31.190856730418243,31.190856730418243,100.0
740,1,47.07779289453903,47.07779289453903,100.0
740,2,21.73135037504273,21.73135037504273,100.0
750,0,22.567645323229343,22.567645323229343,100.0
750,1,55.67041999468822,55.67041999468822,100.0
750,2,21.761934682082444,21.761934682082444,100.0
760,0,20.355867432461284,20.355867432461284,100.0
760,1,43.167502994078255,43.167502994078255,100.0
760,2,36.476629573460464,36.476629573460464,100.0
770,0,30.109748642344865,30.109748642344865,100.0
770,1,45.26149808011725,45.26149808011725,100.0
770,2,24.628753277537886,24.628753277537886,100.0
780,0,32.250540509408,32.250540509408,100.0
780,1,48.36291702457146,48.36291702457146,100.0
780,2,19.386542466020547,19.386542466020547,100.0
790,0,23.674865231558424,23.674865231558424,100.0
790,1,52.10529382542902,52.10529382542902,100.0
790,2,24.21984094301255,24.21984094301255,100.0
800,0,21.75126633595226,21.75126633595226,100.0
800,1,51.92361195867863,51.92361195867863,100.0
800,2,26.32512170536911,26.32512170536911,100.0
810,0,27.207221387817544,27.207221387817544,100.0
810,1,52.23094848464509,52.23094848464509,100.0
810,2,20.561830127537363,20.561830127537363,100.0
820,0,28.65207774303403,28.65207774303403,100.0
820,1,44.08097093505797,44.08097093505797,100.0
820,2,27.266951321908007,27.266951321908007,100.0
830,0,23.221778594958607,23.221778594958607,100.0
830,1,56.637735408659125,56.637735408659125,100.0
830,2,20.140485996382257,20.140485996382257,100.0
840,0,22.85471961313796,22.85471961313796,100.0
840,1,58.25883775275889,58.25883775275889,100.0
840,2,18.886442634103158,18.886442634103158,100.0
850,0,23.336635566667148,23.336635566667148,100.0
850,1,50.443109396734755,50.443109396734755,100.0
850,2,26.2202550365981,26.2202550365981,100.0
860,0,27.865521291811707,27.865521291811707,100.0
860,1,48.525855034180616,48.525855034180616,100.0
860,2,23.608623674007685,23.608623674007685,100.0
870,0,24.34542886959587,24.34542886959587,100.0
870,1,56.71423951662177,56.71423951662177,100.0
870,2,18.940331613782362,18.940331613782362,100.0
880,0,20.706435870077406,20.706435870077406,100.0
880,1,44.499803032915146,44.499803032915146,100.0
880,2,34.79376109700745,34.79376109700745,100.0
890,0,24.720287074660376,24.720287074660376,100.0
890,1,53.14489930951984,53.14489930951984,100.0
890,2,22.134813615819784,22.134813615819784,100.0
900,0,32.66704666903447,32.66704666903447,100.0
900,1,47.18294844273631,47.18294844273631,100.0
900,2,20.150004888229223,20.150004888229223,100.0
910,0,26.47915871638525,26.47915871638525,100.0
910,1,54.22780693842738,54.22780693842738,100.0
910,2,19.29303434518737,19.29303434518737,100.0
920,0,21.6909994956679,21.6909994956679,100.0
920,1,53.39174356350417,53.39174356350417,100.0
920,2,24.917256940827944,24.917256940827944,100.0
930,0,24.90814361212721,24.90814361212721,100.0
930,1,54.538983842595776,54.538983842595776,100.0
930,2,20.55287254527701,20.55287254527701,100.0
940,0,23.850292137355684,23.850292137355684,100.0
940,1,51.56275646096441,51.56275646096441,100.0
940,2,24.586951401679915,24.586951401679915,100.0
950,0,22.939650982644785,22.939650982644785,100.0
950,1,50.54010647270424,50.54010647270424,100.0
950,2,26.520242544650984,26.520242544650984,100.0
960,0,23.65707220660731,23.65707220660731,100.0
960,1,51.10797199553658,51.10797199553658,100.0
960,2,25.234955797856102,25.234955797856102,100.0
970,0,24.42505055017353,24.42505055017353,100.0
970,1,52.522529734113846,52.522529734113846,100.0
970,2,23.05241971571262,23.05241971571262,100.0
980,0,27.303185143384685,27.303185143384685,100.0
980,1,52.07625915954041,52.07625915954041,100.0
980,2,20.62055569707491,20.62055569707491,100.0
990,0,24.066712830252875,24.066712830252875,100.0
990,1,50.80790540757003,50.80790540757003,100.0
990,2,25.125381762177092,25.125381762177092,100.0
1000,0,36.52849579464011,36.52849579464011,100.0
1000,1,36.696826143824765,36.696826143824765,100.0
1000,2,26.774678061535123,26.774678061535123,100.0
1010,0,24.90175209368431,24.90175209368431,100.0
1010,1,48.4970364324657,48.4970364324657,100.0
1010,2,26.60121147384999,26.60121147384999,100.0
1020,0,24.67417256205502,24.67417256205502,100.0
1020,1,56.02671953942178,56.02671953942178,100.0
1020,2,19.2991078985232,19.2991078985232,100.0
1030,0,25.416612429781825,25.416612429781825,100.0
1030,1,55.28196814393447,55.28196814393447,100.0
1030,2,19.301419426283704,19.301419426283704,100.0
1040,0,22.692223282971234,22.692223282971234,100.0
1040,1,57.77923881827898,57.77923881827898,100.0
1040,2,19.52853789874979,19.52853789874979,100.0
1050,0,23.02981594391311,23.02981594391311,100.0
1050,1,57.753405050822295,57.753405050822295,100.0
1050,2,19.216779005264602,19.216779005264602,100.0
1060,0,22.437520677160393,22.437520677160393,100.0
1060,1,50.260044210466546,50.260044210466546,100.0
1060,2,27.302435112373065,27.302435112373065,100.0
1070,0,22.237652632349132,22.237652632349132,100.0
1070,1,54.02956928028716,54.02956928028716,100.0
1070,2,23.73277808736372,23.73277808736372,100.0
1080,0,23.064490369703282,23.064490369703282,100.0
1080,1,44.66694921250217,44.66694921250217,100.0
1080,2,32.26856041779455,32.26856041779455,100.0
1090,0,26.409144250043816,26.409144250043816,100.0
1090,1,41.95578172576548,41.95578172576548,100.0
1090,2,31.6350740241907,31.6350740241907,100.0
1100,0,24.206404342462417,24.206404342462417,100.0
1100,1,53.347573789069195,53.347573789069195,100.0
1100,2,22.446021868468392,22.446021868468392,100.0
1110,0,23.776920476971846,23.776920476971846,100.0
1110,1,55.537571100709336,55.537571100709336,100.0
1110,2,20.68550842231882,20.68550842231882,100.0
1120,0,22.51328616439596,22.51328616439596,100.0
1120,1,57.161379720790805,57.161379720790805,100.0
1120,2,20.325334114813238,20.325334114813238,100.0
1130,0,21.824868653417056,21.824868653417056,100.0
1130,1,52.95921844821814,52.95921844821814,100.0
1130,2,25.215912898364806,25.215912898364806,100.0
1140,0,27.14647672326685,27.14647672326685,100.0
1140,1,48.74180482504519,48.74180482504519,100.0
1140,2,24.111718451687956,24.111718451687956,100.0
1150,0,25.148924307454273,25.148924307454273,100.0
1150,1,53.19522941929178,53.19522941929178,100.0
1150,2,21.65584627325395,21.65584627325395,100.0
1160,0,21.676491461671862,21.676491461671862,100.0
1160,1,44.9359748492211,44.9359748492211,100.0
1160,2,33.387533689107045,33.387533689107045,100.0
1170,0,28.872615425386623,28.872615425386623,100.0
1170,1,43.59359492883189,43.59359492883189,100.0
1170,2,27.533789645781486,27.533789645781486,100.0
1180,0,24.630065244060035,24.630065244060035,100.0
1180,1,53.57203519599412,53.57203519599412,100.0
1180,2,21.79789955994585,21.79789955994585,100.0
1190,0,22.366470701911346,22.366470701911346,100.0
1190,1,53.45287951053387,53.45287951053387,100.0
1190,2,24.180649787554785,24.180649787554785,100.0
1200,0,23.056514587846877,23.056514587846877,100.0
1200,1,52.576389243630196,52.576389243630196,100.0
1200,2,24.367096168522938,24.367096168522938,100.0
1210,0,22.724335184954708,22.724335184954708,100.0
1210,1,45.17692591641989,45.17692591641989,100.0
1210,2,32.0987388986254,32.0987388986254,100.0
1220,0,27.812674412540645,27.812674412540645,100.0
1220,1,52.360306735608106,52.360306735608106,100.0
1220,2,19.827018851851246,19.827018851851246,100.0
1230,0,22.678853170128875,22.678853170128875,100.0
1230,1,53.7688899443924,53.7688899443924,100.0
1230,2,23.55225688547873,23.55225688547873,100.0
1240,0,22.395052240192996,22.395052240192996,100.0
1240,1,54.28197124633887,54.28197124633887,100.0
1240,2,23.322976513468138,23.322976513468138,100.0
1250,0,24.377767695712265,24.377767695712265,100.0
1250,1,45.222990054413906,45.222990054413906,100.0
1250,2,30.399242249873826,30.399242249873826,100.0
1260,0,24.19191144437419,24.19191144437419,100.0
1260,1,54.207750158081346,54.207750158081346,100.0
1260,2,21.600338397544473,21.600338397544473,100.0
1270,0,22.668159407711936,22.668159407711936,100.0
1270,1,51.59138731637981,51.59138731637981,100.0
1270,2,25.740453275908266,25.740453275908266,100.0
1280,0,26.7851151082144,26.7851151082144,100.0
1280,1,49.91233604995911,49.91233604995911,100.0
1280,2,23.302548841826493,23.302548841826493,100.0
1290,0,25.47283533195665,25.47283533195665,100.0
1290,1,41.36080815328273,41.36080815328273,100.0
1290,2,33.16635651476062,33.16635651476062,100.0
1300,0,24.46707851098916,24.46707851098916,100.0
1300,1,53.55738417129607,53.55738417129607,100.0
1300,2,21.975537317714764,21.975537317714764,100.0
1310,0,25.000309123713336,25.000309123713336,100.0
1310,1,53.09792963720999,53.09792963720999,100.0
1310,2,21.901761239076684,21.901761239076684,100.0
1320,0,25.28308263621055,25.28308263621055,100.0
1320,1,46.94891089924815,46.94891089924815,100.0
1320,2,27.7680064645413,27.7680064645413,100.0
1330,0,23.85114360332633,23.85114360332633,100.0
1330,1,53.63221460755875,53.63221460755875,100.0
1330,2,22.516641789114917,22.516641789114917,100.0
1340,0,23.216359248149015,23.216359248149015,100.0
1340,1,51.51054032187681,51.51054032187681,100.0
1340,2,25.273100429974182,25.273100429974182,100.0
1350,0,26.670307510918377,26.670307510918377,100.0
1350,1,51.51592842685944,51.51592842685944,100.0
1350,2,21.813764062222184,21.813764062222184,100.0
1360,0,22.201299836413092,22.201299836413092,100.0
1360,1,52.8406901769033,52.8406901769033,100.0
1360,2,24.9580099866836,24.9580099866836,100.0
1370,0,34.377119157788236,34.377119157788236,100.0
1370,1,45.917496400980205,45.917496400980205,100.0
1370,2,19.70538444123157,19.70538444123157,100.0
1380,0,25.281072916192414,25.281072916192414,100.0
1380,1,45.77643395055318,45.77643395055318,100.0
1380,2,28.94249313325441,28.94249313325441,100.0
1390,0,26.60035779808567,26.60035779808567,100.0
1390,1,51.583983951266,51.583983951266,100.0
1390,2,21.815658250648333,21.815658250648333,100.0
1400,0,23.12480364264438,23.12480364264438,100.0
1400,1,55.71157245578363,55.71157245578363,100.0
1400,2,21.163623901571988,21.163623901571988,100.0
1410,0,21.29743454993931,21.29743454993931,100.0
1410,1,46.417494752456946,46.417494752456946,100.0
1410,2,32.28507069760374,32.28507069760374,100.0
1420,0,27.27405464449742,27.27405464449742,100.0
1420,1,46.451200449329875,46.451200449329875,100.0
1420,2,26.27474490617271,26.27474490617271,100.0
1430,0,29.275914172882977,29.275914172882977,100.0
1430,1,41.1156261691061,41.1156261691061,100.0
1430,2,29.608459658010922,29.608459658010922,100.0
1440,0,24.683440085256482,24.683440085256482,100.0
1440,1,44.89642313623156,44.89642313623156,100.0
1440,2,30.420136778511964,30.420136778511964,100.0
1450,0,28.739578250455942,28.739578250455942,100.0
1450,1,48.44087078263153,48.44087078263153,100.0
1450,2,22.819550966912523,22.819550966912523,100.0
1460,0,24.451112389340285,24.451112389340285,100.0
1460,1,51.85237546584083,51.85237546584083,100.0
1460,2,23.696512144818886,23.696512144818886,100.0
1470,0,23.478268946897458,23.478268946897458,100.0
1470,1,52.73884338874693,52.73884338874693,100.0
1470,2,23.782887664355624,23.782887664355624,100.0
1480,0,26.0610212745794,26.0610212745794,100.0
1480,1,49.668178729719045,49.668178729719045,100.0
1480,2,24.27079999570155,24.27079999570155,100.0
1490,0,30.131238659817882,30.131238659817882,100.0
1490,1,40.79241596613045,40.79241596613045,100.0
1490,2,29.07634537405167,29.07634537405167,100.0
1500,0,26.28340186553988,26.28340186553988,100.0
1500,1,49.94798413107656,49.94798413107656,100.0
1500,2,23.76861400338357,23.76861400338357,100.0
1510,0,23.567678004465108,23.567678004465108,100.0
1510,1,53.241675871700856,53.241675871700856,100.0
1510,2,23.190646123834036,23.190646123834036,100.0
1520,0,25.006626819963817,25.006626819963817,100.0
1520,1,51.027546686651405,51.027546686651405,100.0
1520,2,23.965826493384778,23.965826493384778,100.0
1530,0,24.9238451570245,24.9238451570245,100.0
1530,1,52.41552882243368,52.41552882243368,100.0
1530,2,22.66062602054182,22.66062602054182,100.0
1540,0,23.696631448818394,23.696631448818394,100.0
1540,1,48.31678016861199,48.31678016861199,100.0
1540,2,27.986588382569604,27.986588382569604,100.0
1550,0,25.951811515160898,25.951811515160898,100.0
1550,1,46.789976586602386,46.789976586602386,100.0
1550,2,27.258211898236716,27.258211898236716,100.0
1560,0,27.89670720736489,27.89670720736489,100.0
1560,1,44.74943744153917,44.74943744153917,100.0
1560,2,27.35385535109594,27.35385535109594,100.0
1570,0,22.02045345477639,22.02045345477639,100.0
1570,1,52.0283373724968,52.0283373724968,100.0
1570,2,25.95120917272681,25.95120917272681,100.0
1580,0,22.39123272452707,22.39123272452707,100.0
1580,1,48.79865719877036,48.79865719877036,100.0
1580,2,28.81011007670257,28.81011007670257,100.0
1590,0,23.018736688680473,23.018736688680473,100.0
1590,1,46.71017793025583,46.71017793025583,100.0
1590,2,30.271085381063696,30.271085381063696,100.0
1600,0,25.599959297851616,25.599959297851616,100.0
1600,1,44.599435028746875,44.599435028746875,100.0
1600,2,29.800605673401513,29.800605673401513,100.0
1610,0,24.0730581190989,24.0730581190989,100.0
1610,1,52.2893011251918,52.2893011251918,100.0
1610,2,23.6376407557093,23.6376407557093,100.0
1620,0,21.330926244781512,21.330926244781512,100.0
1620,1,42.32904427432137,42.32904427432137,100.0
1620,2,36.340029480897115,36.340029480897115,100.0
1630,0,29.752150704249598,29.752150704249598,100.0
1630,1,49.40868156419157,49.40868156419157,100.0
1630,2,20.839167731558835,20.839167731558835,100.0
1640,0,22.524889360552507,22.524889360552507,100.0
1640,1,50.15606363590762,50.15606363590762,100.0
1640,2,27.319047003539865,27.319047003539865,100.0
1650,0,22.315517427294125,22.315517427294125,100.0
1650,1,49.062820709700304,49.062820709700304,100.0
1650,2,28.621661863005563,28.621661863005563,100.0
1660,0,23.00104798852518,23.00104798852518,100.0
1660,1,51.19476760964831,51.19476760964831,100.0
1660,2,25.804184401826515,25.804184401826515,100.0
1670,0,23.14286950249663,23.14286950249663,100.0
1670,1,52.06437234966991,52.06437234966991,100.0
1670,2,24.792758147833464,24.792758147833464,100.0
1680,0,23.229600194599016,23.229600194599016,100.0
1680,1,43.1022105569338,43.1022105569338,100.0
1680,2,33.668189248467186,33.668189248467186,100.0
1690,0,31.548228628897462,31.548228628897462,100.0
1690,1,44.921609079459,44.921609079459,100.0
1690,2,23.530162291643535,23.530162291643535,100.0
1700,0,22.900349281436853,22.900349281436853,100.0
1700,1,47.654747195369666,47.654747195369666,100.0
1700,2,29.444903523193478,29.444903523193478,100.0
1710,0,24.15867652727549,24.15867652727549,100.0
1710,1,50.38080446538008,50.38080446538008,100.0
1710,2,25.460519007344445,25.460519007344445,100.0
1720,0,25.92274928309465,25.92274928309465,100.0
1720,1,50.37232326753689,50.37232326753689,100.0
1720,2,23.70492744936847,23.70492744936847,100.0
1730,0,27.90622049655408,27.90622049655408,100.0
1730,1,46.039045951311024,46.039045951311024,100.0
1730,2,26.054733552134895,26.054733552134895,100.0
1740,0,23.688309783579637,23.688309783579637,100.0
1740,1,51.170521507328104,51.170521507328104,100.0
1740,2,25.141168709092266,25.141168709092266,100.0
1750,0,22.477542347221934,22.477542347221934,100.0
1750,1,51.17216867738463,51.17216867738463,100.0
1750,2,26.350288975393443,26.350288975393443,100.0
1760,0,23.92029500536933,23.92029500536933,100.0
1760,1,46.78771765192449,46.78771765192449,100.0
1760,2,29.291987342706182,29.291987342706182,100.0
1770,0,24.090878524912263,24.090878524912263,100.0
1770,1,50.59471424374541,50.59471424374541,100.0
1770,2,25.31440723134233,25.31440723134233,100.0
