timestamp,ueImsi,sliceId,dTxBytes,dRxBytes,plr,resourceSharePct,dLostPackets,throughputMbps,bufferBytes
1510,1,0,18336,15280,16.67,20.52,2,12.2240,2691
1510,2,0,18336,0,100.00,20.52,12,0.0000,1674141
1510,3,0,18336,0,100.00,20.52,12,0.0000,1640889
1510,4,0,18336,15280,16.67,20.52,2,12.2240,4306
1510,5,0,18336,0,100.00,20.52,12,0.0000,1736310
1510,6,1,390,390,0.00,44.55,0,0.3120,87
1510,7,1,390,390,0.00,44.55,0,0.3120,87
1510,8,1,390,390,0.00,44.55,0,0.3120,87
1510,9,1,390,390,0.00,44.55,0,0.3120,87
1510,10,1,390,0,100.00,44.55,5,0.0000,579
1510,11,2,384,256,33.33,34.93,1,0.2048,137
1510,12,2,384,256,33.33,34.93,1,0.2048,137
1510,13,2,384,0,100.00,34.93,3,0.0000,269
1510,14,2,384,896,0.00,34.93,0,0.7168,269
1510,15,2,384,0,100.00,34.93,3,0.0000,1432
1510,16,2,384,0,100.00,34.93,3,0.0000,509
1510,17,2,384,0,100.00,34.93,3,0.0000,2741
1510,18,2,384,128,66.67,34.93,2,0.1024,272
1510,19,2,384,256,33.33,34.93,1,0.2048,137
1510,20,2,384,256,33.33,34.93,1,0.2048,137
