timestamp,sliceId,dedicatedPRB,minPRB,maxPRB
510,0,32.942710704724846,32.942710704724846,100.0
510,1,35.069938240060665,35.069938240060665,100.0
510,2,31.987351055214493,31.987351055214493,100.0
520,0,35.107202079203304,35.107202079203304,100.0
520,1,30.61427246225781,30.61427246225781,100.0
520,2,34.27852545853889,34.27852545853889,100.0
530,0,49.960700858303724,49.960700858303724,100.0
530,1,28.620785616794002,28.620785616794002,100.0
530,2,21.41851352490226,21.41851352490226,100.0
540,0,29.10693959048566,29.10693959048566,100.0
540,1,46.67102527986493,46.67102527986493,100.0
540,2,24.22203512964941,24.22203512964941,100.0
550,0,42.31316426835964,42.31316426835964,100.0
550,1,28.84224471629126,28.84224471629126,100.0
550,2,28.844591015349096,28.844591015349096,100.0
