timestamp,ueImsi,sliceId,dTxBytes,dRxBytes,plr,resourceSharePct,dLostPackets,throughputMbps,bufferBytes
1510,1,0,35144,27504,21.74,32.59,5,22.0032,140210
1510,2,0,35144,16808,52.17,32.59,12,13.4464,1488274
1510,3,1,1014,312,69.23,46.27,9,0.2496,87
1510,4,1,1014,936,7.69,46.27,1,0.7488,87
1510,5,2,256,0,100.00,21.14,2,0.0000,137
1510,6,2,256,256,0.00,21.14,0,0.2048,137
1510,7,2,256,256,0.00,21.14,0,0.2048,137
1510,8,2,256,0,100.00,21.14,2,0.0000,137
1510,9,2,256,0,100.00,21.14,2,0.0000,137
1510,10,2,256,256,0.00,21.14,0,0.2048,137
