timestamp,ueImsi,sliceId,dTxBytes,dRxBytes,plr,resourceSharePct,dLostPackets,throughputMbps,bufferBytes
600,1,0,25976,1528,94.12,22.35,16,1.2224,224017
600,2,0,25976,1528,94.12,22.35,16,1.2224,224002
600,3,0,25976,1528,94.12,22.35,16,1.2224,223915
600,4,0,25976,1528,94.12,22.35,16,1.2224,223919
600,5,0,25976,1528,94.12,22.35,16,1.2224,223909
600,6,1,390,390,0.00,27.58,0,0.3120,87
600,7,1,390,390,0.00,27.58,0,0.3120,87
600,8,1,390,390,0.00,27.58,0,0.3120,87
600,9,1,390,390,0.00,27.58,0,0.3120,87
600,10,1,390,390,0.00,27.58,0,0.3120,87
600,11,2,16000,1792,88.80,50.08,111,1.4336,145196
600,12,2,16000,1920,88.00,50.08,110,1.5360,145214
600,13,2,16000,1792,88.80,50.08,111,1.4336,145174
600,14,2,16000,1920,88.00,50.08,110,1.5360,145168
600,15,2,16000,1920,88.00,50.08,110,1.5360,145275
600,16,2,16000,1920,88.00,50.08,110,1.5360,145276
600,17,2,16000,1920,88.00,50.08,110,1.5360,145284
600,18,2,16000,1920,88.00,50.08,110,1.5360,145186
600,19,2,16000,1920,88.00,50.08,110,1.5360,145249
600,20,2,16000,1920,88.00,50.08,110,1.5360,145242
