timestamp,ueImsi,sliceId,dTxBytes,dRxBytes,plr,resourceSharePct,dLostPackets,throughputMbps,bufferBytes
560,1,0,24448,0,100.00,21.26,16,0.0000,137735
560,2,0,24448,0,100.00,21.26,16,0.0000,137736
560,3,0,24448,0,100.00,21.26,16,0.0000,137813
560,4,0,24448,0,100.00,21.26,16,0.0000,137714
560,5,0,24448,0,100.00,21.26,16,0.0000,137716
560,6,1,780,624,20.00,47.48,2,0.4992,87
560,7,1,780,624,20.00,47.48,2,0.4992,87
560,8,1,780,624,20.00,47.48,2,0.4992,87
560,9,1,780,624,20.00,47.48,2,0.4992,87
560,10,1,780,624,20.00,47.48,2,0.4992,87
560,11,2,16000,768,95.20,31.25,119,0.6144,91067
560,12,2,16000,768,95.20,31.25,119,0.6144,91060
560,13,2,16000,768,95.20,31.25,119,0.6144,91067
560,14,2,16000,768,95.20,31.25,119,0.6144,91068
560,15,2,16000,896,94.40,31.25,118,0.7168,91130
560,16,2,16000,768,95.20,31.25,119,0.6144,91130
560,17,2,16000,768,95.20,31.25,119,0.6144,91134
560,18,2,16000,768,95.20,31.25,119,0.6144,91134
560,19,2,16000,768,95.20,31.25,119,0.6144,91140
560,20,2,16000,768,95.20,31.25,119,0.6144,91132
