timestamp,ueImsi,sliceId,dTxBytes,dRxBytes,plr,resourceSharePct,dLostPackets,throughputMbps,bufferBytes
560,1,0,24448,1528,93.75,29.95,15,1.2224,136500
560,2,0,24448,1528,93.75,29.95,15,1.2224,136408
560,3,0,24448,1528,93.75,29.95,15,1.2224,136397
560,4,0,24448,1528,93.75,29.95,15,1.2224,136403
560,5,0,24448,1528,93.75,29.95,15,1.2224,136408
560,6,1,390,312,20.00,45.64,1,0.2496,169
560,7,1,390,312,20.00,45.64,1,0.2496,169
560,8,1,390,312,20.00,45.64,1,0.2496,169
560,9,1,390,312,20.00,45.64,1,0.2496,169
560,10,1,390,312,20.00,45.64,1,0.2496,169
560,11,2,16000,768,95.20,24.41,119,0.6144,89715
560,12,2,16000,768,95.20,24.41,119,0.6144,89708
560,13,2,16000,768,95.20,24.41,119,0.6144,89724
560,14,2,16000,768,95.20,24.41,119,0.6144,89724
560,15,2,16000,896,94.40,24.41,118,0.7168,89684
560,16,2,16000,768,95.20,24.41,119,0.6144,89679
560,17,2,16000,768,95.20,24.41,119,0.6144,89695
560,18,2,16000,768,95.20,24.41,119,0.6144,89680
560,19,2,16000,768,95.20,24.41,119,0.6144,89781
560,20,2,16000,768,95.20,24.41,119,0.6144,89682
