timestamp,ueImsi,sliceId,dTxBytes,dRxBytes,plr,resourceSharePct,dLostPackets,throughputMbps,bufferBytes
1510,1,0,18336,12224,33.33,16.66,4,9.7792,314126
1510,2,0,18336,10696,41.67,16.66,5,8.5568,322531
1510,3,0,18336,10696,41.67,16.66,5,8.5568,323580
1510,4,0,18336,10696,41.67,16.66,5,8.5568,327227
1510,5,0,18336,12224,33.33,16.66,4,9.7792,338790
1510,6,1,390,0,100.00,65.00,5,0.0000,169
1510,7,1,390,0,100.00,65.00,5,0.0000,87
1510,8,1,390,390,0.00,65.00,0,0.3120,87
1510,9,1,390,390,0.00,65.00,0,0.3120,87
1510,10,1,390,390,0.00,65.00,0,0.3120,87
1510,11,2,384,256,33.33,18.34,1,0.2048,73
1510,12,2,384,256,33.33,18.34,1,0.2048,137
1510,13,2,384,256,33.33,18.34,1,0.2048,36
1510,14,2,384,0,100.00,18.34,3,0.0000,1724
1510,15,2,384,0,100.00,18.34,3,0.0000,797
1510,16,2,384,0,100.00,18.34,3,0.0000,137
1510,17,2,384,256,33.33,18.34,1,0.2048,137
1510,18,2,384,0,100.00,18.34,3,0.0000,137
1510,19,2,384,256,33.33,18.34,1,0.2048,137
1510,20,2,384,0,100.00,18.34,3,0.0000,764
