timestamp,sliceId,dedicatedPRB,minPRB,maxPRB
510,0,21.24782165449673,21.24782165449673,100.0
510,1,47.179693491778046,47.179693491778046,100.0
510,2,31.572484853725225,31.572484853725225,100.0
520,0,23.463355296314408,23.463355296314408,100.0
520,1,41.76083237371071,41.76083237371071,100.0
520,2,34.77581232997488,34.77581232997488,100.0
530,0,24.580085876670715,24.580085876670715,100.0
530,1,52.79684105719389,52.79684105719389,100.0
530,2,22.6230730661354,22.6230730661354,100.0
540,0,31.0004858850497,31.0004858850497,100.0
540,1,36.658834153845355,36.658834153845355,100.0
540,2,32.34067996110495,32.34067996110495,100.0
550,0,46.230555747026415,46.230555747026415,100.0
550,1,32.024878145833235,32.024878145833235,100.0
550,2,21.74456610714035,21.74456610714035,100.0
