timestamp,ueImsi,sliceId,dTxBytes,dRxBytes,plr,resourceSharePct,dLostPackets,throughputMbps,bufferBytes,dlBufferBytes,ulBufferBytes,macBufferBytes,congestionPct,lastDrlActionStatus
10600,1,0,128736,0,100.00,31.66,112,0.0000,1199897,86381,1199897,1286278,12.27,applied
10600,2,0,128736,35612,74.11,31.66,83,2.8490,1199921,85786,1199921,1285707,12.26,applied
10600,3,0,128736,120344,12.50,31.66,14,9.6275,1199823,85786,1199823,1285609,12.26,applied
10600,4,0,128736,0,100.00,31.66,112,0.0000,34,87000,34,87034,0.83,applied
10600,5,0,128736,0,100.00,31.66,112,0.0000,5451,85744,5451,91195,0.87,applied
10600,6,1,0,0,0.00,55.00,0,0.0000,34,0,34,34,0.00,applied
10600,7,1,0,0,0.00,55.00,0,0.0000,34,0,34,34,0.00,applied
10600,8,1,0,0,0.00,55.00,0,0.0000,34,0,34,34,0.00,applied
10600,9,1,0,0,0.00,55.00,0,0.0000,34,0,34,34,0.00,applied
10600,10,1,0,0,0.00,55.00,0,0.0000,34,0,34,34,0.00,applied
10600,11,1,0,0,0.00,55.00,0,0.0000,34,0,34,34,0.00,applied
10600,12,1,0,0,0.00,55.00,0,0.0000,34,0,34,34,0.00,applied
10600,13,1,0,0,0.00,55.00,0,0.0000,34,0,34,34,0.00,applied
10600,14,2,63772,940,89.80,13.33,44,0.0752,5367604,5367604,51,5367655,51.19,applied
10600,15,2,63772,0,100.00,13.33,49,0.0000,5367646,5367646,51,5367697,51.19,applied
10600,16,2,63772,1128,87.76,13.33,43,0.0902,5367604,5367604,51,5367655,51.19,applied
10600,17,2,63772,0,100.00,13.33,49,0.0000,5370378,5370378,51,5370429,51.22,applied
10600,18,2,63772,0,100.00,13.33,49,0.0000,5367687,5367687,51,5367738,51.19,applied
