timestamp,ueImsi,sliceId,dTxBytes,dRxBytes,plr,resourceSharePct,dLostPackets,throughputMbps,bufferBytes
610,1,0,25976,1528,94.12,31.66,16,1.2224,251600
610,2,0,25976,1528,94.12,31.66,16,1.2224,250719
610,3,0,25976,1528,94.12,31.66,16,1.2224,250738
610,4,0,25976,3056,88.24,31.66,15,2.4448,250140
610,5,0,25976,1528,94.12,31.66,16,1.2224,249665
610,6,1,390,234,40.00,45.00,2,0.1872,87
610,7,1,390,234,40.00,45.00,2,0.1872,87
610,8,1,390,234,40.00,45.00,2,0.1872,87
610,9,1,390,234,40.00,45.00,2,0.1872,87
610,10,1,390,234,40.00,45.00,2,0.1872,87
610,11,2,16000,512,96.80,23.34,121,0.4096,168452
610,12,2,16000,512,96.80,23.34,121,0.4096,168430
610,13,2,16000,512,96.80,23.34,121,0.4096,168353
610,14,2,16000,512,96.80,23.34,121,0.4096,167644
610,15,2,16000,512,96.80,23.34,121,0.4096,167410
610,16,2,16000,512,96.80,23.34,121,0.4096,167222
610,17,2,16000,640,96.00,23.34,120,0.5120,167197
610,18,2,16000,640,96.00,23.34,120,0.5120,167197
610,19,2,16000,896,94.40,23.34,118,0.7168,166309
610,20,2,16000,896,94.40,23.34,118,0.7168,166314
