timestamp,sliceId,dedicatedPRB,minPRB,maxPRB
510,0,46.02109724936457,46.02109724936457,100.0
510,1,33.91298887006937,33.91298887006937,100.0
510,2,20.065913880566054,20.065913880566054,100.0
520,0,36.21737377635207,36.21737377635207,100.0
520,1,28.193585566402312,28.193585566402312,100.0
520,2,35.58904065724562,35.58904065724562,100.0
530,0,33.60987218121454,33.60987218121454,100.0
530,1,40.794313986978125,40.794313986978125,100.0
530,2,25.595813831807334,25.595813831807334,100.0
540,0,41.79047230188127,41.79047230188127,100.0
540,1,33.52900800242072,33.52900800242072,100.0
540,2,24.680519695698003,24.680519695698003,100.0
550,0,24.848546433172867,24.848546433172867,100.0
550,1,44.68218529363881,44.68218529363881,100.0
550,2,30.46926827318832,30.46926827318832,100.0
