timestamp,ueImsi,sliceId,dTxBytes,dRxBytes,plr,resourceSharePct,dLostPackets,throughputMbps,bufferBytes
610,1,0,25976,4584,82.35,35.59,14,3.6672,241324
610,2,0,25976,4584,82.35,35.59,14,3.6672,241344
610,3,0,25976,4584,82.35,35.59,14,3.6672,241314
610,4,0,25976,4584,82.35,35.59,14,3.6672,241199
610,5,0,25976,4584,82.35,35.59,14,3.6672,241220
610,6,1,390,390,0.00,36.97,0,0.3120,87
610,7,1,390,390,0.00,36.97,0,0.3120,87
610,8,1,390,390,0.00,36.97,0,0.3120,87
610,9,1,390,390,0.00,36.97,0,0.3120,87
610,10,1,390,390,0.00,36.97,0,0.3120,87
610,11,2,16000,2176,86.40,27.45,108,1.7408,157018
610,12,2,16000,2176,86.40,27.45,108,1.7408,157020
610,13,2,16000,2048,87.20,27.45,109,1.6384,157029
610,14,2,16000,2048,87.20,27.45,109,1.6384,156996
610,15,2,16000,2176,86.40,27.45,108,1.7408,157015
610,16,2,16000,2048,87.20,27.45,109,1.6384,157002
610,17,2,16000,2048,87.20,27.45,109,1.6384,156991
610,18,2,16000,2048,87.20,27.45,109,1.6384,157014
610,19,2,16000,2048,87.20,27.45,109,1.6384,156999
610,20,2,16000,2048,87.20,27.45,109,1.6384,156991
