timestamp,ueImsi,sliceId,dTxBytes,dRxBytes,plr,resourceSharePct,dLostPackets,throughputMbps,bufferBytes
560,1,0,24448,3056,87.50,38.30,14,2.4448,132198
560,2,0,24448,3056,87.50,38.30,14,2.4448,132262
560,3,0,24448,3056,87.50,38.30,14,2.4448,132179
560,4,0,24448,3056,87.50,38.30,14,2.4448,132182
560,5,0,24448,3056,87.50,38.30,14,2.4448,132183
560,6,1,780,702,10.00,31.89,1,0.5616,87
560,7,1,780,702,10.00,31.89,1,0.5616,87
560,8,1,780,702,10.00,31.89,1,0.5616,87
560,9,1,780,702,10.00,31.89,1,0.5616,87
560,10,1,780,702,10.00,31.89,1,0.5616,87
560,11,2,16000,1280,92.00,29.81,115,1.0240,88973
560,12,2,16000,1152,92.80,29.81,116,0.9216,88917
560,13,2,16000,1408,91.20,29.81,114,1.1264,88973
560,14,2,16000,1152,92.80,29.81,116,0.9216,88999
560,15,2,16000,1152,92.80,29.81,116,0.9216,88992
560,16,2,16000,1152,92.80,29.81,116,0.9216,88989
560,17,2,16000,1152,92.80,29.81,116,0.9216,89003
560,18,2,16000,1152,92.80,29.81,116,0.9216,88996
560,19,2,16000,1152,92.80,29.81,116,0.9216,88895
560,20,2,16000,1280,92.00,29.81,115,1.0240,88876
