timestamp,ueImsi,sliceId,dTxBytes,dRxBytes,plr,resourceSharePct,dLostPackets,throughputMbps,bufferBytes
560,1,0,24448,3056,87.50,34.18,14,2.4448,130880
560,2,0,24448,3056,87.50,34.18,14,2.4448,130920
560,3,0,24448,3056,87.50,34.18,14,2.4448,130936
560,4,0,24448,3056,87.50,34.18,14,2.4448,130940
560,5,0,24448,3056,87.50,34.18,14,2.4448,130916
560,6,1,780,702,10.00,33.32,1,0.5616,87
560,7,1,780,702,10.00,33.32,1,0.5616,87
560,8,1,780,702,10.00,33.32,1,0.5616,87
560,9,1,780,702,10.00,33.32,1,0.5616,87
560,10,1,780,702,10.00,33.32,1,0.5616,87
560,11,2,16000,1280,92.00,32.50,115,1.0240,88333
560,12,2,16000,1280,92.00,32.50,115,1.0240,88281
560,13,2,16000,1280,92.00,32.50,115,1.0240,88333
560,14,2,16000,1280,92.00,32.50,115,1.0240,88317
560,15,2,16000,1280,92.00,32.50,115,1.0240,88317
560,16,2,16000,1280,92.00,32.50,115,1.0240,88342
560,17,2,16000,1280,92.00,32.50,115,1.0240,88363
560,18,2,16000,1280,92.00,32.50,115,1.0240,88368
560,19,2,16000,1280,92.00,32.50,115,1.0240,88368
560,20,2,16000,1280,92.00,32.50,115,1.0240,88247
