timestamp,ueImsi,sliceId,dTxBytes,dRxBytes,plr,resourceSharePct,dLostPackets,throughputMbps,bufferBytes
620,1,0,24448,4584,81.25,31.66,13,3.6672,266511
620,2,0,24448,4584,81.25,31.66,13,3.6672,266511
620,3,0,24448,4584,81.25,31.66,13,3.6672,266419
620,4,0,24448,4584,81.25,31.66,13,3.6672,266410
620,5,0,24448,4584,81.25,31.66,13,3.6672,266416
620,6,1,390,546,0.00,35.00,0,0.4368,87
620,7,1,390,546,0.00,35.00,0,0.4368,87
620,8,1,390,546,0.00,35.00,0,0.4368,87
620,9,1,390,546,0.00,35.00,0,0.4368,87
620,10,1,390,546,0.00,35.00,0,0.4368,87
620,11,2,16000,896,94.40,33.33,118,0.7168,181769
620,12,2,16000,1024,93.60,33.33,117,0.8192,181764
620,13,2,16000,896,94.40,33.33,118,0.7168,181756
620,14,2,16000,896,94.40,33.33,118,0.7168,181795
620,15,2,16000,1024,93.60,33.33,117,0.8192,181761
620,16,2,16000,896,94.40,33.33,118,0.7168,181839
620,17,2,16000,1024,93.60,33.33,117,0.8192,181739
620,18,2,16000,1024,93.60,33.33,117,0.8192,181764
620,19,2,16000,896,94.40,33.33,118,0.7168,181848
620,20,2,16000,1024,93.60,33.33,117,0.8192,181743
