timestamp,ueImsi,sliceId,dTxBytes,dRxBytes,plr,resourceSharePct,dLostPackets,throughputMbps,bufferBytes
560,1,0,24448,3056,87.50,46.65,14,2.4448,134052
560,2,0,24448,3056,87.50,46.65,14,2.4448,134060
560,3,0,24448,3056,87.50,46.65,14,2.4448,134077
560,4,0,24448,3056,87.50,46.65,14,2.4448,133969
560,5,0,24448,3056,87.50,46.65,14,2.4448,134065
560,6,1,390,312,20.00,30.81,1,0.2496,169
560,7,1,390,312,20.00,30.81,1,0.2496,169
560,8,1,390,312,20.00,30.81,1,0.2496,169
560,9,1,390,312,20.00,30.81,1,0.2496,169
560,10,1,390,312,20.00,30.81,1,0.2496,169
560,11,2,16000,640,96.00,22.54,120,0.5120,90508
560,12,2,16000,640,96.00,22.54,120,0.5120,90610
560,13,2,16000,640,96.00,22.54,120,0.5120,90513
560,14,2,16000,768,95.20,22.54,119,0.6144,90521
560,15,2,16000,768,95.20,22.54,119,0.6144,90569
560,16,2,16000,768,95.20,22.54,119,0.6144,90557
560,17,2,16000,768,95.20,22.54,119,0.6144,90551
560,18,2,16000,768,95.20,22.54,119,0.6144,90566
560,19,2,16000,768,95.20,22.54,119,0.6144,90579
560,20,2,16000,896,94.40,22.54,118,0.7168,90579
