timestamp,ueImsi,sliceId,dTxBytes,dRxBytes,plr,resourceSharePct,dLostPackets,throughputMbps,bufferBytes,dlBufferBytes,ulBufferBytes,macBufferBytes,congestionPct,lastDrlActionStatus
9900,1,0,128736,0,100.00,43.94,112,0.0000,1198405,76400,1198405,1274805,12.16,applied
9900,2,0,128736,51576,62.50,43.94,70,4.1261,1200005,76400,1200005,1276405,12.17,applied
9900,3,0,128736,18420,86.61,43.94,97,1.4736,1200005,76400,1200005,1276405,12.17,applied
9900,4,0,128736,0,100.00,43.94,112,0.0000,34,76427,34,76461,0.73,applied
9900,5,0,128736,0,100.00,43.94,112,0.0000,2811,76427,2811,79238,0.76,applied
9900,6,1,0,0,0.00,37.21,0,0.0000,34,0,34,34,0.00,applied
9900,7,1,0,0,0.00,37.21,0,0.0000,34,0,34,34,0.00,applied
9900,8,1,0,0,0.00,37.21,0,0.0000,34,0,34,34,0.00,applied
9900,9,1,0,0,0.00,37.21,0,0.0000,34,0,34,34,0.00,applied
9900,10,1,0,0,0.00,37.21,0,0.0000,34,0,34,34,0.00,applied
9900,11,1,0,0,0.00,37.21,0,0.0000,34,0,34,34,0.00,applied
9900,12,1,0,0,0.00,37.21,0,0.0000,34,0,34,34,0.00,applied
9900,13,1,0,0,0.00,37.21,0,0.0000,34,0,34,34,0.00,applied
9900,14,2,65200,940,90.00,18.85,45,0.0752,4677903,4677903,51,4677954,44.61,applied
9900,15,2,65200,0,100.00,18.85,50,0.0000,4677876,4677876,51,4677927,44.61,applied
9900,16,2,65200,940,90.00,18.85,45,0.0752,4677903,4677903,51,4677954,44.61,applied
9900,17,2,65200,0,100.00,18.85,50,0.0000,4679044,4679044,51,4679095,44.62,applied
9900,18,2,65200,0,100.00,18.85,50,0.0000,4677876,4677876,51,4677927,44.61,applied
