timestamp,sliceId,dedicatedPRB,minPRB,maxPRB
600,0,29.101272107639854,29.101272107639854,100.0
600,1,32.46126189581101,32.46126189581101,100.0
600,2,38.43746599654913,38.43746599654913,100.0
700,0,34.40635176517088,34.40635176517088,100.0
700,1,29.178583130845006,29.178583130845006,100.0
700,2,36.41506510398411,36.41506510398411,100.0
800,0,33.16164348635549,33.16164348635549,100.0
800,1,29.000346486450557,29.000346486450557,100.0
800,2,37.83801002719397,37.83801002719397,100.0
900,0,25.332082869901463,25.332082869901463,100.0
900,1,37.38968078537566,37.38968078537566,100.0
900,2,37.278236344722885,37.278236344722885,100.0
1000,0,50.40091535526297,50.40091535526297,100.0
1000,1,26.29743420152435,26.29743420152435,100.0
1000,2,23.30165044321269,23.30165044321269,100.0
1100,0,32.19016120770858,32.19016120770858,100.0
1100,1,33.44301624781099,33.44301624781099,100.0
1100,2,34.36682254448044,34.36682254448044,100.0
1200,0,30.39195956551407,30.39195956551407,100.0
1200,1,27.804132354059085,27.804132354059085,100.0
1200,2,41.803908080426844,41.803908080426844,100.0
1300,0,40.0257012096163,40.0257012096163,100.0
1300,1,41.718098922603694,41.718098922603694,100.0
1300,2,18.256199867780015,18.256199867780015,100.0
1400,0,28.979136315765142,28.979136315765142,100.0
1400,1,47.06832627464933,47.06832627464933,100.0
1400,2,23.95253740958553,23.95253740958553,100.0
1500,0,35.90065010088891,35.90065010088891,100.0
1500,1,30.65480586855882,30.65480586855882,100.0
1500,2,33.44454403055227,33.44454403055227,100.0
1600,0,30.868634863591797,30.868634863591797,100.0
1600,1,33.63742686068545,33.63742686068545,100.0
1600,2,35.493938275722755,35.493938275722755,100.0
1700,0,28.387441598074258,28.387441598074258,100.0
1700,1,45.49593108398429,45.49593108398429,100.0
1700,2,26.116627317941454,26.116627317941454,100.0
1800,0,30.761317976518665,30.761317976518665,100.0
1800,1,42.14081193143377,42.14081193143377,100.0
1800,2,27.09787009204757,27.09787009204757,100.0
1900,0,32.29976509838162,32.29976509838162,100.0
1900,1,31.196987952437873,31.196987952437873,100.0
1900,2,36.5032469491805,36.5032469491805,100.0
2000,0,32.547850473882036,32.547850473882036,100.0
2000,1,39.582968550680825,39.582968550680825,100.0
2000,2,27.869180975437146,27.869180975437146,100.0
2100,0,26.16882325250891,26.16882325250891,100.0
2100,1,43.22911802043573,43.22911802043573,100.0
2100,2,30.602058727055358,30.602058727055358,100.0
2200,0,41.52710896001744,41.52710896001744,100.0
2200,1,35.50939275047059,35.50939275047059,100.0
2200,2,22.963498289511968,22.963498289511968,100.0
2300,0,28.697749660636678,28.697749660636678,100.0
2300,1,37.31793707412574,37.31793707412574,100.0
2300,2,33.98431326523758,33.98431326523758,100.0
2400,0,43.886921391999834,43.886921391999834,100.0
2400,1,38.130616350313666,38.130616350313666,100.0
2400,2,17.982462257686496,17.982462257686496,100.0
2500,0,53.06788976681006,53.06788976681006,100.0
2500,1,25.90337226844547,25.90337226844547,100.0
2500,2,21.028737964744483,21.028737964744483,100.0
2600,0,38.45625722850162,38.45625722850162,100.0
2600,1,33.09242375486047,33.09242375486047,100.0
2600,2,28.45131901663791,28.45131901663791,100.0
2700,0,30.344904032561004,30.344904032561004,100.0
2700,1,37.25146988617342,37.25146988617342,100.0
2700,2,32.40362608126557,32.40362608126557,100.0
2800,0,22.341385520082884,22.341385520082884,100.0
2800,1,49.69521875632489,49.69521875632489,100.0
2800,2,27.96339572359222,27.96339572359222,100.0
2900,0,48.423028798343914,48.423028798343914,100.0
2900,1,31.9120302063831,31.9120302063831,100.0
2900,2,19.66494099527299,19.66494099527299,100.0
3000,0,41.88643345608442,41.88643345608442,100.0
3000,1,34.90698405275862,34.90698405275862,100.0
3000,2,23.20658249115696,23.20658249115696,100.0
3100,0,30.82652091998856,30.82652091998856,100.0
3100,1,32.095123429495864,32.095123429495864,100.0
3100,2,37.078355650515576,37.078355650515576,100.0
3200,0,29.675911386640845,29.675911386640845,100.0
3200,1,45.941144851867186,45.941144851867186,100.0
3200,2,24.382943761491966,24.382943761491966,100.0
3300,0,44.88546763455265,44.88546763455265,100.0
3300,1,29.195259340964608,29.195259340964608,100.0
3300,2,25.91927302448276,25.91927302448276,100.0
3400,0,37.566688668919355,37.566688668919355,100.0
3400,1,29.59551034752423,29.59551034752423,100.0
3400,2,32.83780098355642,32.83780098355642,100.0
3500,0,36.288167702360354,36.288167702360354,100.0
3500,1,40.27836657027811,40.27836657027811,100.0
3500,2,23.433465727361536,23.433465727361536,100.0
3600,0,27.90210187452482,27.90210187452482,100.0
3600,1,33.784445133695485,33.784445133695485,100.0
3600,2,38.313452991779705,38.313452991779705,100.0
3700,0,45.59691620677083,45.59691620677083,100.0
3700,1,29.1260937464448,29.1260937464448,100.0
3700,2,25.276990046784377,25.276990046784377,100.0
3800,0,28.302137214839657,28.302137214839657,100.0
3800,1,26.245231319870086,26.245231319870086,100.0
3800,2,45.45263146529025,45.45263146529025,100.0
3900,0,24.33097585621818,24.33097585621818,100.0
3900,1,36.771472953813756,36.771472953813756,100.0
3900,2,38.89755118996806,38.89755118996806,100.0
4000,0,22.86996892788016,22.86996892788016,100.0
4000,1,40.78868615216242,40.78868615216242,100.0
4000,2,36.34134491995743,36.34134491995743,100.0
4100,0,31.74455016295171,31.74455016295171,100.0
4100,1,32.151191525092415,32.151191525092415,100.0
4100,2,36.104258311955874,36.104258311955874,100.0
4200,0,36.86340194759471,36.86340194759471,100.0
4200,1,30.262899511952767,30.262899511952767,100.0
4200,2,32.87369854045252,32.87369854045252,100.0
4300,0,31.788358348936967,31.788358348936967,100.0
4300,1,39.804306530635344,39.804306530635344,100.0
4300,2,28.407335120427696,28.407335120427696,100.0
4400,0,42.4134139244315,42.4134139244315,100.0
4400,1,30.403578483522637,30.403578483522637,100.0
4400,2,27.18300759204586,27.18300759204586,100.0
4500,0,27.488218963686762,27.488218963686762,100.0
4500,1,35.67153570978473,35.67153570978473,100.0
4500,2,36.84024532652851,36.84024532652851,100.0
4600,0,27.108653760539447,27.108653760539447,100.0
4600,1,48.06152121709257,48.06152121709257,100.0
4600,2,24.82982502236799,24.82982502236799,100.0
4700,0,28.086801261531825,28.086801261531825,100.0
4700,1,39.711250990968416,39.711250990968416,100.0
4700,2,32.20194774749976,32.20194774749976,100.0
4800,0,51.389356101096794,51.389356101096794,100.0
4800,1,28.221926723882575,28.221926723882575,100.0
4800,2,20.38871717502063,20.38871717502063,100.0
4900,0,21.876712466675315,21.876712466675315,100.0
4900,1,33.182790378278476,33.182790378278476,100.0
4900,2,44.94049715504622,44.94049715504622,100.0
5000,0,31.539008967136244,31.539008967136244,100.0
5000,1,36.968074020957005,36.968074020957005,100.0
5000,2,31.49291701190676,31.49291701190676,100.0
5100,0,37.08111917142386,37.08111917142386,100.0
5100,1,32.96296569019579,32.96296569019579,100.0
5100,2,29.955915138380355,29.955915138380355,100.0
5200,0,40.215521032374895,40.215521032374895,100.0
5200,1,34.06218488090772,34.06218488090772,100.0
5200,2,25.722294086717383,25.722294086717383,100.0
5300,0,31.614161125888202,31.614161125888202,100.0
5300,1,37.544279124498274,37.544279124498274,100.0
5300,2,30.841559749613523,30.841559749613523,100.0
5400,0,42.879579489763,42.879579489763,100.0
5400,1,29.099873470481473,29.099873470481473,100.0
5400,2,28.020547039755517,28.020547039755517,100.0
5500,0,32.17997785952198,32.17997785952198,100.0
5500,1,37.17386977002084,37.17386977002084,100.0
5500,2,30.646152370457173,30.646152370457173,100.0
5600,0,37.73620865527808,37.73620865527808,100.0
5600,1,45.109804822020465,45.109804822020465,100.0
5600,2,17.153986522701462,17.153986522701462,100.0
5700,0,38.38480146520054,38.38480146520054,100.0
5700,1,36.90694997653302,36.90694997653302,100.0
5700,2,24.70824855826644,24.70824855826644,100.0
5800,0,35.58814372594694,35.58814372594694,100.0
5800,1,41.590637452173915,41.590637452173915,100.0
5800,2,22.821218821879146,22.821218821879146,100.0
5900,0,48.03540561033672,48.03540561033672,100.0
5900,1,31.56442247547287,31.56442247547287,100.0
5900,2,20.400171914190405,20.400171914190405,100.0
6000,0,51.42551708667133,51.42551708667133,100.0
6000,1,27.786768165376035,27.786768165376035,100.0
6000,2,20.78771474795265,20.78771474795265,100.0
6100,0,33.235273723984996,33.235273723984996,100.0
6100,1,32.827914229910306,32.827914229910306,100.0
6100,2,33.936812046104706,33.936812046104706,100.0
6200,0,21.540593701943695,21.540593701943695,100.0
6200,1,44.21540146675535,44.21540146675535,100.0
6200,2,34.24400483130096,34.24400483130096,100.0
6300,0,51.07935278724365,51.07935278724365,100.0
6300,1,28.456672640305058,28.456672640305058,100.0
6300,2,20.4639745724513,20.4639745724513,100.0
6400,0,36.3083713206952,36.3083713206952,100.0
6400,1,42.39250365770159,42.39250365770159,100.0
6400,2,21.29912502160322,21.29912502160322,100.0
6500,0,29.35717593808126,29.35717593808126,100.0
6500,1,44.66692157664179,44.66692157664179,100.0
6500,2,25.97590248527694,25.97590248527694,100.0
6600,0,41.19984710013154,41.19984710013154,100.0
6600,1,38.548143222274845,38.548143222274845,100.0
6600,2,20.252009677593623,20.252009677593623,100.0
6700,0,38.92360735851195,38.92360735851195,100.0
6700,1,32.60290965665202,32.60290965665202,100.0
6700,2,28.47348298483603,28.47348298483603,100.0
6800,0,20.716260166218355,20.716260166218355,100.0
6800,1,40.72735508236131,40.72735508236131,100.0
6800,2,38.55638475142033,38.55638475142033,100.0
6900,0,39.08175353524006,39.08175353524006,100.0
6900,1,32.071263705187306,32.071263705187306,100.0
6900,2,28.846982759572626,28.846982759572626,100.0
7000,0,37.92115375961902,37.92115375961902,100.0
7000,1,28.391809573625533,28.391809573625533,100.0
7000,2,33.68703666675545,33.68703666675545,100.0
7100,0,37.270761178318395,37.270761178318395,100.0
7100,1,25.919126065524758,25.919126065524758,100.0
7100,2,36.81011275615684,36.81011275615684,100.0
7200,0,33.20025283784581,33.20025283784581,100.0
7200,1,28.89516831089064,28.89516831089064,100.0
7200,2,37.90457885126355,37.90457885126355,100.0
7300,0,38.99923976680192,38.99923976680192,100.0
7300,1,27.325706371576036,27.325706371576036,100.0
7300,2,33.67505386162204,33.67505386162204,100.0
7400,0,45.52764899006,45.52764899006,100.0
7400,1,28.213468918541423,28.213468918541423,100.0
7400,2,26.258882091398572,26.258882091398572,100.0
7500,0,24.15414195559999,24.15414195559999,100.0
7500,1,42.764269042752254,42.764269042752254,100.0
7500,2,33.08158900164776,33.08158900164776,100.0
7600,0,34.265345198761544,34.265345198761544,100.0
7600,1,40.895938271112904,40.895938271112904,100.0
7600,2,24.838716530125556,24.838716530125556,100.0
7700,0,34.3555620478434,34.3555620478434,100.0
7700,1,31.486631182814545,31.486631182814545,100.0
7700,2,34.15780676934206,34.15780676934206,100.0
7800,0,40.57875334583215,40.57875334583215,100.0
7800,1,28.601717617032023,28.601717617032023,100.0
7800,2,30.819529037135833,30.819529037135833,100.0
7900,0,27.26227687071084,27.26227687071084,100.0
7900,1,29.8925795319065,29.8925795319065,100.0
7900,2,42.84514359738266,42.84514359738266,100.0
8000,0,38.2931028116859,38.2931028116859,100.0
8000,1,38.19369640031809,38.19369640031809,100.0
8000,2,23.513200787996023,23.513200787996023,100.0
8100,0,35.96071579628951,35.96071579628951,100.0
8100,1,30.860219044029556,30.860219044029556,100.0
8100,2,33.17906515968094,33.17906515968094,100.0
8200,0,39.7570947749347,39.7570947749347,100.0
8200,1,39.95332285277635,39.95332285277635,100.0
8200,2,20.289582372288944,20.289582372288944,100.0
8300,0,45.610700442511224,45.610700442511224,100.0
8300,1,30.88705771602268,30.88705771602268,100.0
8300,2,23.502241841466095,23.502241841466095,100.0
8400,0,37.87083838323506,37.87083838323506,100.0
8400,1,32.018476079566135,32.018476079566135,100.0
8400,2,30.110685537198805,30.110685537198805,100.0
8500,0,22.173641909785736,22.173641909785736,100.0
8500,1,46.25304415805335,46.25304415805335,100.0
8500,2,31.573313932160918,31.573313932160918,100.0
8600,0,22.646072336479197,22.646072336479197,100.0
8600,1,47.11819148308822,47.11819148308822,100.0
8600,2,30.235736180432593,30.235736180432593,100.0
8700,0,42.64597960056029,42.64597960056029,100.0
8700,1,37.49634489172081,37.49634489172081,100.0
8700,2,19.857675507718902,19.857675507718902,100.0
8800,0,29.145926798445288,29.145926798445288,100.0
8800,1,45.71596106440075,45.71596106440075,100.0
8800,2,25.138112137153968,25.138112137153968,100.0
8900,0,32.50144147034337,32.50144147034337,100.0
8900,1,43.37648622259589,43.37648622259589,100.0
8900,2,24.12207230706075,24.12207230706075,100.0
9000,0,36.841514552986396,36.841514552986396,100.0
9000,1,25.857793726514604,25.857793726514604,100.0
9000,2,37.300691720499,37.300691720499,100.0
9100,0,30.12263417079953,30.12263417079953,100.0
9100,1,36.140583474767425,36.140583474767425,100.0
9100,2,33.73678235443305,33.73678235443305,100.0
9200,0,32.03286751710665,32.03286751710665,100.0
9200,1,28.553552231869823,28.553552231869823,100.0
9200,2,39.413580251023525,39.413580251023525,100.0
9300,0,40.79102254532921,40.79102254532921,100.0
9300,1,41.70008168814177,41.70008168814177,100.0
9300,2,17.508895766529008,17.508895766529008,100.0
9400,0,42.83478767106372,42.83478767106372,100.0
9400,1,25.184440766614436,25.184440766614436,100.0
9400,2,31.98077156232184,31.98077156232184,100.0
9500,0,42.732016717179974,42.732016717179974,100.0
9500,1,27.359797691732464,27.359797691732464,100.0
9500,2,29.90818559108756,29.90818559108756,100.0
9600,0,28.359019030887104,28.359019030887104,100.0
9600,1,39.95980300073263,39.95980300073263,100.0
9600,2,31.681177968380258,31.681177968380258,100.0
9700,0,37.43134042492095,37.43134042492095,100.0
9700,1,36.842474515602085,36.842474515602085,100.0
9700,2,25.72618505947697,25.72618505947697,100.0
9800,0,27.994703385096482,27.994703385096482,100.0
9800,1,44.5614304029303,44.5614304029303,100.0
9800,2,27.443866211973212,27.443866211973212,100.0
9900,0,37.24167679912105,37.24167679912105,100.0
9900,1,31.69045728975888,31.69045728975888,100.0
9900,2,31.067865911120084,31.067865911120084,100.0
