timestamp,ueImsi,sliceId,dTxBytes,dRxBytes,plr,resourceSharePct,dLostPackets,throughputMbps,bufferBytes,dlBufferBytes,ulBufferBytes,macBufferBytes,congestionPct,lastDrlActionStatus
9900,1,0,193616,1356,98.84,33.68,170,0.1085,1200005,179914,1200005,1379919,13.16,applied
9900,2,0,193616,128,99.42,33.68,171,0.0102,1200005,179917,1200005,1379922,13.16,applied
9900,3,0,193616,1484,98.26,33.68,169,0.1187,1199324,179924,1199324,1379248,13.15,applied
9900,4,0,193616,128,99.42,33.68,171,0.0102,1200005,184040,1200005,1384045,13.20,applied
9900,5,0,193616,9952,94.77,33.68,163,0.7962,1200005,179917,1200005,1379922,13.16,applied
9900,6,1,0,0,0.00,27.01,0,0.0000,34,0,34,34,0.00,applied
9900,7,1,0,0,0.00,27.01,0,0.0000,34,0,34,34,0.00,applied
9900,8,1,0,0,0.00,27.01,0,0.0000,34,0,34,34,0.00,applied
9900,9,1,0,0,0.00,27.01,0,0.0000,34,0,34,34,0.00,applied
9900,10,1,0,0,0.00,27.01,0,0.0000,34,0,34,34,0.00,applied
9900,11,1,0,0,0.00,27.01,0,0.0000,34,0,34,34,0.00,applied
9900,12,1,0,0,0.00,27.01,0,0.0000,34,0,34,34,0.00,applied
9900,13,1,0,0,0.00,27.01,0,0.0000,34,0,34,34,0.00,applied
9900,14,2,65200,0,100.00,39.31,50,0.0000,5988570,5988570,51,5988621,57.11,applied
9900,15,2,65200,0,100.00,39.31,50,0.0000,5988736,5988736,34,5988770,57.11,applied
9900,16,2,65200,0,100.00,39.31,50,0.0000,5988578,5988578,51,5988629,57.11,applied
9900,17,2,65200,0,100.00,39.31,50,0.0000,5991369,5991369,51,5991420,57.14,applied
9900,18,2,65200,0,100.00,39.31,50,0.0000,5988574,5988574,51,5988625,57.11,applied
9900,19,2,65200,940,90.00,39.31,45,0.0752,5988573,5988573,51,5988624,57.11,applied
9900,20,2,65200,940,90.00,39.31,45,0.0752,5988570,5988570,51,5988621,57.11,applied
9900,21,2,65200,0,100.00,39.31,50,0.0000,5989265,5989265,51,5989316,57.12,applied
9900,22,2,65200,0,100.00,39.31,50,0.0000,5990155,5990155,51,5990206,57.13,applied
9900,23,2,65200,0,100.00,39.31,50,0.0000,5988570,5988570,51,5988621,57.11,applied
9900,24,2,65200,940,90.00,39.31,45,0.0752,5988573,5988573,51,5988624,57.11,applied
9900,25,2,65200,0,100.00,39.31,50,0.0000,5988570,5988570,51,5988621,57.11,applied
9900,26,2,65200,0,100.00,39.31,50,0.0000,5988570,5988570,51,5988621,57.11,applied
9900,27,2,65200,0,100.00,39.31,50,0.0000,5988741,5988741,51,5988792,57.11,applied
9900,28,2,65200,0,100.00,39.31,50,0.0000,5988789,5988789,51,5988840,57.11,applied
9900,29,2,65200,0,100.00,39.31,50,0.0000,5991138,5991138,51,5991189,57.14,applied
9900,30,2,65200,0,100.00,39.31,50,0.0000,5988570,5988570,51,5988621,57.11,applied
9900,31,2,65200,940,90.00,39.31,45,0.0752,5988569,5988569,51,5988620,57.11,applied
9900,32,2,65200,0,100.00,39.31,50,0.0000,5988569,5988569,51,5988620,57.11,applied
9900,33,2,65200,0,100.00,39.31,50,0.0000,5990630,5990630,51,5990681,57.13,applied
