timestamp,ueImsi,sliceId,dTxBytes,dRxBytes,plr,resourceSharePct,dLostPackets,throughputMbps,bufferBytes,dlBufferBytes,ulBufferBytes,macBufferBytes,congestionPct,lastDrlActionStatus
9900,1,0,193616,1228,99.42,47.62,171,0.0982,1200005,180217,1200005,1380222,13.16,applied
9900,2,0,193616,0,100.00,47.62,172,0.0000,1200005,180245,1200005,1380250,13.16,applied
9900,3,0,193616,2456,98.84,47.62,170,0.1965,1200005,180212,1200005,1380217,13.16,applied
9900,4,0,193616,0,100.00,47.62,172,0.0000,1199894,182994,1199894,1382888,13.19,applied
9900,5,0,193616,6140,97.09,47.62,167,0.4912,1200005,180220,1200005,1380225,13.16,applied
9900,6,1,0,0,0.00,28.29,0,0.0000,34,0,34,34,0.00,applied
9900,7,1,0,0,0.00,28.29,0,0.0000,34,0,34,34,0.00,applied
9900,8,1,0,0,0.00,28.29,0,0.0000,34,0,34,34,0.00,applied
9900,9,1,0,0,0.00,28.29,0,0.0000,34,0,34,34,0.00,applied
9900,10,1,0,0,0.00,28.29,0,0.0000,34,0,34,34,0.00,applied
9900,11,1,0,0,0.00,28.29,0,0.0000,34,0,34,34,0.00,applied
9900,12,1,0,0,0.00,28.29,0,0.0000,34,0,34,34,0.00,applied
9900,13,1,0,0,0.00,28.29,0,0.0000,147,0,147,147,0.00,applied
9900,14,2,65200,0,100.00,24.09,50,0.0000,5868666,5868666,51,5868717,55.97,applied
9900,15,2,65200,0,100.00,24.09,50,0.0000,5868802,5868802,34,5868836,55.97,applied
9900,16,2,65200,0,100.00,24.09,50,0.0000,5868667,5868667,51,5868718,55.97,applied
9900,17,2,65200,0,100.00,24.09,50,0.0000,5871070,5871070,51,5871121,55.99,applied
9900,18,2,65200,0,100.00,24.09,50,0.0000,5868678,5868678,34,5868712,55.97,applied
9900,19,2,65200,940,90.00,24.09,45,0.0752,5868667,5868667,51,5868718,55.97,applied
9900,20,2,65200,940,90.00,24.09,45,0.0752,5868667,5868667,51,5868718,55.97,applied
9900,21,2,65200,0,100.00,24.09,50,0.0000,5869213,5869213,51,5869264,55.97,applied
9900,22,2,65200,0,100.00,24.09,50,0.0000,5869979,5869979,51,5870030,55.98,applied
9900,23,2,65200,0,100.00,24.09,50,0.0000,5868666,5868666,51,5868717,55.97,applied
9900,24,2,65200,940,90.00,24.09,45,0.0752,5868665,5868665,51,5868716,55.97,applied
9900,25,2,65200,0,100.00,24.09,50,0.0000,5868665,5868665,51,5868716,55.97,applied
9900,26,2,65200,0,100.00,24.09,50,0.0000,5868665,5868665,51,5868716,55.97,applied
9900,27,2,65200,0,100.00,24.09,50,0.0000,5868787,5868787,51,5868838,55.97,applied
9900,28,2,65200,0,100.00,24.09,50,0.0000,5868834,5868834,51,5868885,55.97,applied
9900,29,2,65200,0,100.00,24.09,50,0.0000,5870852,5870852,51,5870903,55.99,applied
9900,30,2,65200,0,100.00,24.09,50,0.0000,5868670,5868670,51,5868721,55.97,applied
9900,31,2,65200,940,90.00,24.09,45,0.0752,5868670,5868670,51,5868721,55.97,applied
9900,32,2,65200,0,100.00,24.09,50,0.0000,5868670,5868670,51,5868721,55.97,applied
9900,33,2,65200,0,100.00,24.09,50,0.0000,5870466,5870466,51,5870517,55.99,applied
