timestamp,sliceId,dedicatedPRB,minPRB,maxPRB
510,0,29.81667614217736,29.81667614217736,100.0
510,1,41.169623285674156,41.169623285674156,100.0
510,2,29.013700572148483,29.013700572148483,100.0
520,0,27.95498981182918,27.95498981182918,100.0
520,1,42.65211848343392,42.65211848343392,100.0
520,2,29.392891704736908,29.392891704736908,100.0
530,0,31.12904121048038,31.12904121048038,100.0
530,1,37.501004963528814,37.501004963528814,100.0
530,2,31.369953825990805,31.369953825990805,100.0
540,0,30.531646782969123,30.531646782969123,100.0
540,1,43.914478766677,43.914478766677,100.0
540,2,25.553874450353874,25.553874450353874,100.0
550,0,23.657334934471635,23.657334934471635,100.0
550,1,41.03349420823915,41.03349420823915,100.0
550,2,35.30917085728922,35.30917085728922,100.0
