timestamp,sliceId,dedicatedPRB,minPRB,maxPRB
510,0,29.366601090973532,29.366601090973532,100.0
510,1,26.587557975468627,26.587557975468627,100.0
510,2,44.04584093355785,44.04584093355785,100.0
520,0,40.63621960068472,40.63621960068472,100.0
520,1,31.1603962107784,31.1603962107784,100.0
520,2,28.203384188536884,28.203384188536884,100.0
530,0,30.1268360226588,30.1268360226588,100.0
530,1,35.31224575211431,35.31224575211431,100.0
530,2,34.56091822522691,34.56091822522691,100.0
540,0,29.766914981860122,29.766914981860122,100.0
540,1,47.7631090502198,47.7631090502198,100.0
540,2,22.46997596792008,22.46997596792008,100.0
550,0,23.739396033659144,23.739396033659144,100.0
550,1,53.3509076045636,53.3509076045636,100.0
550,2,22.909696361777254,22.909696361777254,100.0
560,0,34.09366832056403,34.09366832056403,100.0
560,1,34.36045073685187,34.36045073685187,100.0
560,2,31.545880942584105,31.545880942584105,100.0
570,0,41.63753135124317,41.63753135124317,100.0
570,1,28.623495501617874,28.623495501617874,100.0
570,2,29.738973147138964,29.738973147138964,100.0
580,0,27.708137847296,27.708137847296,100.0
580,1,44.037516704023304,44.037516704023304,100.0
580,2,28.254345448680695,28.254345448680695,100.0
590,0,38.31667609996223,38.31667609996223,100.0
590,1,42.89061142831741,42.89061142831741,100.0
590,2,18.792712471720357,18.792712471720357,100.0
600,0,39.378122071821196,39.378122071821196,100.0
600,1,33.65420347892016,33.65420347892016,100.0
600,2,26.96767444925865,26.96767444925865,100.0
610,0,40.10809154255518,40.10809154255518,100.0
610,1,35.25608239052816,35.25608239052816,100.0
610,2,24.63582606691667,24.63582606691667,100.0
620,0,43.46625479217481,43.46625479217481,100.0
620,1,36.980416009410966,36.980416009410966,100.0
620,2,19.55332919841422,19.55332919841422,100.0
630,0,29.649351184043727,29.649351184043727,100.0
630,1,35.87868077374988,35.87868077374988,100.0
630,2,34.4719680422064,34.4719680422064,100.0
640,0,38.3843379832968,38.3843379832968,100.0
640,1,33.82614789884341,33.82614789884341,100.0
640,2,27.78951411785979,27.78951411785979,100.0
650,0,29.533680058550583,29.533680058550583,100.0
650,1,30.805051577254005,30.805051577254005,100.0
650,2,39.661268364195415,39.661268364195415,100.0
660,0,46.32320009729178,46.32320009729178,100.0
660,1,33.042008884627506,33.042008884627506,100.0
660,2,20.634791018080715,20.634791018080715,100.0
670,0,27.032368668003265,27.032368668003265,100.0
670,1,43.95033042686781,43.95033042686781,100.0
670,2,29.017300905128927,29.017300905128927,100.0
680,0,44.136245691026524,44.136245691026524,100.0
680,1,27.512369874411945,27.512369874411945,100.0
680,2,28.351384434561545,28.351384434561545,100.0
690,0,53.95353200124222,53.95353200124222,100.0
690,1,25.930507950633867,25.930507950633867,100.0
690,2,20.115960048123913,20.115960048123913,100.0
700,0,46.35067939370634,46.35067939370634,100.0
700,1,30.589434749066147,30.589434749066147,100.0
700,2,23.059885857227517,23.059885857227517,100.0
710,0,29.027056734290703,29.027056734290703,100.0
710,1,29.78965440806003,29.78965440806003,100.0
710,2,41.18328885764928,41.18328885764928,100.0
720,0,39.23725850908705,39.23725850908705,100.0
720,1,34.08624367970703,34.08624367970703,100.0
720,2,26.67649781120593,26.67649781120593,100.0
730,0,23.82596162929447,23.82596162929447,100.0
730,1,32.24134517667719,32.24134517667719,100.0
730,2,43.93269319402834,43.93269319402834,100.0
740,0,34.85811136352793,34.85811136352793,100.0
740,1,35.969266500191154,35.969266500191154,100.0
740,2,29.172622136280907,29.172622136280907,100.0
750,0,27.78140677014102,27.78140677014102,100.0
750,1,37.068444187858816,37.068444187858816,100.0
750,2,35.15014904200017,35.15014904200017,100.0
760,0,23.539176668537472,23.539176668537472,100.0
760,1,47.21257171075563,47.21257171075563,100.0
760,2,29.248251620706895,29.248251620706895,100.0
770,0,29.594871062405502,29.594871062405502,100.0
770,1,35.279646514820115,35.279646514820115,100.0
770,2,35.12548242277438,35.12548242277438,100.0
780,0,34.669724007221156,34.669724007221156,100.0
780,1,33.38207556278535,33.38207556278535,100.0
780,2,31.94820042999349,31.94820042999349,100.0
790,0,32.65718600360077,32.65718600360077,100.0
790,1,28.81208902095122,28.81208902095122,100.0
790,2,38.530724975448,38.530724975448,100.0
800,0,38.17116386504835,38.17116386504835,100.0
800,1,42.50806164880442,42.50806164880442,100.0
800,2,19.32077448614724,19.32077448614724,100.0
810,0,25.632711360356907,25.632711360356907,100.0
810,1,31.117729942871037,31.117729942871037,100.0
810,2,43.24955869677207,43.24955869677207,100.0
820,0,41.36460521002857,41.36460521002857,100.0
820,1,37.19388197375439,37.19388197375439,100.0
820,2,21.44151281621704,21.44151281621704,100.0
830,0,26.428657595074206,26.428657595074206,100.0
830,1,51.77257299530338,51.77257299530338,100.0
830,2,21.798769409622416,21.798769409622416,100.0
840,0,34.212208802836464,34.212208802836464,100.0
840,1,35.2540160288106,35.2540160288106,100.0
840,2,30.533775168352946,30.533775168352946,100.0
850,0,40.701365280687654,40.701365280687654,100.0
850,1,35.16769080552001,35.16769080552001,100.0
850,2,24.130943913792347,24.130943913792347,100.0
860,0,32.82484008130939,32.82484008130939,100.0
860,1,33.658694531714396,33.658694531714396,100.0
860,2,33.51646538697622,33.51646538697622,100.0
870,0,33.67188449254014,33.67188449254014,100.0
870,1,42.799142498105766,42.799142498105766,100.0
870,2,23.528973009354093,23.528973009354093,100.0
880,0,26.052287427122188,26.052287427122188,100.0
880,1,30.355130512373364,30.355130512373364,100.0
880,2,43.59258206050445,43.59258206050445,100.0
890,0,45.92666898051068,45.92666898051068,100.0
890,1,24.65921983197096,24.65921983197096,100.0
890,2,29.414111187518365,29.414111187518365,100.0
900,0,24.24252329736898,24.24252329736898,100.0
900,1,42.79750959909803,42.79750959909803,100.0
900,2,32.959967103532996,32.959967103532996,100.0
910,0,26.790766961176026,26.790766961176026,100.0
910,1,34.331899928044315,34.331899928044315,100.0
910,2,38.87733311077965,38.87733311077965,100.0
920,0,50.77559459973291,50.77559459973291,100.0
920,1,26.26939790937517,26.26939790937517,100.0
920,2,22.955007490891933,22.955007490891933,100.0
930,0,30.77754696701306,30.77754696701306,100.0
930,1,44.329873170016995,44.329873170016995,100.0
930,2,24.892579862969942,24.892579862969942,100.0
940,0,24.06623347257366,24.06623347257366,100.0
940,1,54.14562603062946,54.14562603062946,100.0
940,2,21.78814049679689,21.78814049679689,100.0
950,0,36.93479843063827,36.93479843063827,100.0
950,1,44.25110362708757,44.25110362708757,100.0
950,2,18.81409794227417,18.81409794227417,100.0
960,0,33.85768035763906,33.85768035763906,100.0
960,1,34.507196364442294,34.507196364442294,100.0
960,2,31.635123277918648,31.635123277918648,100.0
970,0,24.058271285552106,24.058271285552106,100.0
970,1,52.99383114063576,52.99383114063576,100.0
970,2,22.94789757381213,22.94789757381213,100.0
980,0,30.89240603323084,30.89240603323084,100.0
980,1,33.50199922491943,33.50199922491943,100.0
980,2,35.60559474184973,35.60559474184973,100.0
990,0,32.708518955279146,32.708518955279146,100.0
990,1,30.830358018430665,30.830358018430665,100.0
990,2,36.46112302629019,36.46112302629019,100.0
1000,0,47.376561054399794,47.376561054399794,100.0
1000,1,29.337731077321816,29.337731077321816,100.0
1000,2,23.285707868278397,23.285707868278397,100.0
1010,0,29.604698248758172,29.604698248758172,100.0
1010,1,31.96147072886416,31.96147072886416,100.0
1010,2,38.433831022377674,38.433831022377674,100.0
1020,0,28.78120259305582,28.78120259305582,100.0
1020,1,33.60947084622137,33.60947084622137,100.0
1020,2,37.60932656072281,37.60932656072281,100.0
1030,0,27.356222773202816,27.356222773202816,100.0
1030,1,42.467313588595296,42.467313588595296,100.0
1030,2,30.176463638201895,30.176463638201895,100.0
1040,0,33.35309710703031,33.35309710703031,100.0
1040,1,31.795969576359756,31.795969576359756,100.0
1040,2,34.85093331660995,34.85093331660995,100.0
1050,0,43.74510166485008,43.74510166485008,100.0
1050,1,30.10681758629734,30.10681758629734,100.0
1050,2,26.148080748852575,26.148080748852575,100.0
1060,0,26.04868891457819,26.04868891457819,100.0
1060,1,48.26305499229635,48.26305499229635,100.0
1060,2,25.68825609312546,25.68825609312546,100.0
1070,0,51.28080816058287,51.28080816058287,100.0
1070,1,27.135552118065288,27.135552118065288,100.0
1070,2,21.583639721351844,21.583639721351844,100.0
1080,0,35.362353998916454,35.362353998916454,100.0
1080,1,29.603086081611902,29.603086081611902,100.0
1080,2,35.03455991947164,35.03455991947164,100.0
1090,0,29.293190565821636,29.293190565821636,100.0
1090,1,31.178636698319647,31.178636698319647,100.0
1090,2,39.528172735858725,39.528172735858725,100.0
1100,0,39.60186022648693,39.60186022648693,100.0
1100,1,35.37436355467886,35.37436355467886,100.0
1100,2,25.023776218834215,25.023776218834215,100.0
1110,0,35.829181236370786,35.829181236370786,100.0
1110,1,41.71940917545981,41.71940917545981,100.0
1110,2,22.4514095881694,22.4514095881694,100.0
1120,0,49.36746117563949,49.36746117563949,100.0
1120,1,28.017081229223017,28.017081229223017,100.0
1120,2,22.615457595137492,22.615457595137492,100.0
1130,0,36.71147766485782,36.71147766485782,100.0
1130,1,27.32781996184225,27.32781996184225,100.0
1130,2,35.96070237329994,35.96070237329994,100.0
1140,0,33.54618102588526,33.54618102588526,100.0
1140,1,38.525086410899725,38.525086410899725,100.0
1140,2,27.92873256321502,27.92873256321502,100.0
1150,0,26.82333777051507,26.82333777051507,100.0
1150,1,40.5278454549768,40.5278454549768,100.0
1150,2,32.64881677450814,32.64881677450814,100.0
1160,0,29.2420020245598,29.2420020245598,100.0
1160,1,33.104707228874695,33.104707228874695,100.0
1160,2,37.6532907465655,37.6532907465655,100.0
1170,0,52.27096450987313,52.27096450987313,100.0
1170,1,27.702734802597206,27.702734802597206,100.0
1170,2,20.02630068752967,20.02630068752967,100.0
1180,0,35.42855765745462,35.42855765745462,100.0
1180,1,25.591184879962697,25.591184879962697,100.0
1180,2,38.98025746258269,38.98025746258269,100.0
1190,0,46.933615312390906,46.933615312390906,100.0
1190,1,31.457936573315788,31.457936573315788,100.0
1190,2,21.608448114293306,21.608448114293306,100.0
1200,0,35.09516842127067,35.09516842127067,100.0
1200,1,34.71292826506198,34.71292826506198,100.0
1200,2,30.191903313667346,30.191903313667346,100.0
1210,0,51.15598287076293,51.15598287076293,100.0
1210,1,27.139220817418007,27.139220817418007,100.0
1210,2,21.704796311819063,21.704796311819063,100.0
1220,0,42.39200534125832,42.39200534125832,100.0
1220,1,31.624906764296068,31.624906764296068,100.0
1220,2,25.983087894445617,25.983087894445617,100.0
1230,0,24.005109400023528,24.005109400023528,100.0
1230,1,38.15604445393496,38.15604445393496,100.0
1230,2,37.83884614604151,37.83884614604151,100.0
1240,0,29.114950451568955,29.114950451568955,100.0
1240,1,27.116510040017637,27.116510040017637,100.0
1240,2,43.768539508413404,43.768539508413404,100.0
1250,0,41.31560235701801,41.31560235701801,100.0
1250,1,35.74773769592126,35.74773769592126,100.0
1250,2,22.93665994706073,22.93665994706073,100.0
1260,0,37.128969206195094,37.128969206195094,100.0
1260,1,35.28133967794675,35.28133967794675,100.0
1260,2,27.589691115858162,27.589691115858162,100.0
1270,0,48.77729722653049,48.77729722653049,100.0
1270,1,28.988972705001377,28.988972705001377,100.0
1270,2,22.233730068468137,22.233730068468137,100.0
1280,0,48.41762803301377,48.41762803301377,100.0
1280,1,26.35042624395922,26.35042624395922,100.0
1280,2,25.23194572302701,25.23194572302701,100.0
1290,0,36.08154222371109,36.08154222371109,100.0
1290,1,39.64678834810084,39.64678834810084,100.0
1290,2,24.271669428188066,24.271669428188066,100.0
1300,0,43.29196347454499,43.29196347454499,100.0
1300,1,30.742720614383696,30.742720614383696,100.0
1300,2,25.96531591107131,25.96531591107131,100.0
1310,0,30.511311384308502,30.511311384308502,100.0
1310,1,35.99118750225995,35.99118750225995,100.0
1310,2,33.49750111343155,33.49750111343155,100.0
1320,0,32.180929436850334,32.180929436850334,100.0
1320,1,34.29886848257852,34.29886848257852,100.0
1320,2,33.520202080571146,33.520202080571146,100.0
1330,0,28.408086427064287,28.408086427064287,100.0
1330,1,28.755025769865345,28.755025769865345,100.0
1330,2,42.83688780307037,42.83688780307037,100.0
1340,0,27.183321973067244,27.183321973067244,100.0
1340,1,44.84584988183483,44.84584988183483,100.0
1340,2,27.97082814509792,27.97082814509792,100.0
1350,0,49.36606640793748,49.36606640793748,100.0
1350,1,30.574469411772633,30.574469411772633,100.0
1350,2,20.059464180289886,20.059464180289886,100.0
1360,0,34.31284592887055,34.31284592887055,100.0
1360,1,37.548158159167244,37.548158159167244,100.0
1360,2,28.138995911962205,28.138995911962205,100.0
1370,0,41.52330567277659,41.52330567277659,100.0
1370,1,35.15652274564851,35.15652274564851,100.0
1370,2,23.3201715815749,23.3201715815749,100.0
1380,0,42.2796352872406,42.2796352872406,100.0
1380,1,35.81713365216085,35.81713365216085,100.0
1380,2,21.903231060598554,21.903231060598554,100.0
1390,0,50.31327747284025,50.31327747284025,100.0
1390,1,27.737399644783377,27.737399644783377,100.0
1390,2,21.949322882376375,21.949322882376375,100.0
1400,0,37.342040598629346,37.342040598629346,100.0
1400,1,29.94894802024335,29.94894802024335,100.0
1400,2,32.709011381127304,32.709011381127304,100.0
1410,0,43.42149793693112,43.42149793693112,100.0
1410,1,33.04927383994338,33.04927383994338,100.0
1410,2,23.529228223125493,23.529228223125493,100.0
1420,0,31.65903024965881,31.65903024965881,100.0
1420,1,41.91203633000586,41.91203633000586,100.0
1420,2,26.428933420335326,26.428933420335326,100.0
1430,0,39.92873953820872,39.92873953820872,100.0
1430,1,27.331370181651245,27.331370181651245,100.0
1430,2,32.73989028014004,32.73989028014004,100.0
1440,0,27.90444834813501,27.90444834813501,100.0
1440,1,48.84102628190109,48.84102628190109,100.0
1440,2,23.25452536996391,23.25452536996391,100.0
1450,0,31.125319111817902,31.125319111817902,100.0
1450,1,34.108218119191925,34.108218119191925,100.0
1450,2,34.76646276899018,34.76646276899018,100.0
1460,0,53.631507052397765,53.631507052397765,100.0
1460,1,25.504438235668676,25.504438235668676,100.0
1460,2,20.864054711933562,20.864054711933562,100.0
1470,0,49.7266495745865,49.7266495745865,100.0
1470,1,26.5218981752371,26.5218981752371,100.0
1470,2,23.751452250176392,23.751452250176392,100.0
1480,0,36.6160348265227,36.6160348265227,100.0
1480,1,38.24533828895842,38.24533828895842,100.0
1480,2,25.138626884518878,25.138626884518878,100.0
1490,0,34.1652483264839,34.1652483264839,100.0
1490,1,46.4676639006812,46.4676639006812,100.0
1490,2,19.367087772834886,19.367087772834886,100.0
1500,0,27.68942952801985,27.68942952801985,100.0
1500,1,43.478941686148154,43.478941686148154,100.0
1500,2,28.831628785832,28.831628785832,100.0
