timestamp,sliceId,dedicatedPRB,minPRB,maxPRB
510,0,34.919932223835026,34.919932223835026,100.0
510,1,33.010110938672575,33.010110938672575,100.0
510,2,32.0699568374924,32.0699568374924,100.0
520,0,43.62333174153748,43.62333174153748,100.0
520,1,24.14689144627779,24.14689144627779,100.0
520,2,32.22977681218474,32.22977681218474,100.0
530,0,33.91590051607782,33.91590051607782,100.0
530,1,36.53830816740223,36.53830816740223,100.0
530,2,29.54579131651996,29.54579131651996,100.0
540,0,28.55721913499615,28.55721913499615,100.0
540,1,36.087065558695485,36.087065558695485,100.0
540,2,35.35571530630837,35.35571530630837,100.0
550,0,21.605566737278043,21.605566737278043,100.0
550,1,38.13529015036066,38.13529015036066,100.0
550,2,40.25914311236129,40.25914311236129,100.0
560,0,26.097105149697025,26.097105149697025,100.0
560,1,38.23610156869984,38.23610156869984,100.0
560,2,35.666793281603134,35.666793281603134,100.0
570,0,26.34064581225848,26.34064581225848,100.0
570,1,51.02965656594062,51.02965656594062,100.0
570,2,22.629697621800897,22.629697621800897,100.0
580,0,38.47758513138268,38.47758513138268,100.0
580,1,33.44263143043284,33.44263143043284,100.0
580,2,28.07978343818448,28.07978343818448,100.0
590,0,31.202472630085136,31.202472630085136,100.0
590,1,43.06012971339462,43.06012971339462,100.0
590,2,25.737397656520233,25.737397656520233,100.0
