timestamp,ueImsi,sliceId,dTxBytes,dRxBytes,plr,resourceSharePct,dLostPackets,throughputMbps,bufferBytes
560,1,0,24448,4584,81.25,36.66,13,3.6672,125955
560,2,0,24448,4584,81.25,36.66,13,3.6672,125945
560,3,0,24448,4584,81.25,36.66,13,3.6672,125969
560,4,0,24448,4584,81.25,36.66,13,3.6672,125975
560,5,0,24448,4584,81.25,36.66,13,3.6672,125873
560,6,1,390,390,0.00,45.00,0,0.3120,87
560,7,1,390,390,0.00,45.00,0,0.3120,87
560,8,1,390,390,0.00,45.00,0,0.3120,87
560,9,1,390,390,0.00,45.00,0,0.3120,87
560,10,1,390,390,0.00,45.00,0,0.3120,87
560,11,2,16000,1408,91.20,18.33,114,1.1264,86635
560,12,2,16000,1280,92.00,18.33,115,1.0240,86700
560,13,2,16000,1408,91.20,18.33,114,1.1264,86684
560,14,2,16000,1408,91.20,18.33,114,1.1264,86649
560,15,2,16000,1408,91.20,18.33,114,1.1264,86624
560,16,2,16000,1408,91.20,18.33,114,1.1264,86631
560,17,2,16000,1408,91.20,18.33,114,1.1264,86646
560,18,2,16000,1408,91.20,18.33,114,1.1264,86592
560,19,2,16000,1408,91.20,18.33,114,1.1264,86640
560,20,2,16000,1408,91.20,18.33,114,1.1264,86646
