timestamp,ueImsi,sliceId,dTxBytes,dRxBytes,plr,resourceSharePct,dLostPackets,throughputMbps,bufferBytes
560,1,0,24448,1528,93.75,28.58,15,1.2224,137261
560,2,0,24448,1528,93.75,28.58,15,1.2224,137269
560,3,0,24448,1528,93.75,28.58,15,1.2224,137315
560,4,0,24448,1528,93.75,28.58,15,1.2224,137316
560,5,0,24448,1528,93.75,28.58,15,1.2224,137324
560,6,1,780,624,20.00,44.69,2,0.4992,87
560,7,1,780,624,20.00,44.69,2,0.4992,87
560,8,1,780,624,20.00,44.69,2,0.4992,87
560,9,1,780,624,20.00,44.69,2,0.4992,87
560,10,1,780,624,20.00,44.69,2,0.4992,87
560,11,2,16000,640,96.00,26.73,120,0.5120,90971
560,12,2,16000,640,96.00,26.73,120,0.5120,90967
560,13,2,16000,640,96.00,26.73,120,0.5120,90958
560,14,2,16000,640,96.00,26.73,120,0.5120,90967
560,15,2,16000,512,96.80,26.73,121,0.4096,90925
560,16,2,16000,640,96.00,26.73,120,0.5120,90928
560,17,2,16000,512,96.80,26.73,121,0.4096,90924
560,18,2,16000,512,96.80,26.73,121,0.4096,90915
560,19,2,16000,640,96.00,26.73,120,0.5120,90920
560,20,2,16000,640,96.00,26.73,120,0.5120,90928
