timestamp,ueImsi,sliceId,dTxBytes,dRxBytes,plr,resourceSharePct,dLostPackets,throughputMbps
4010,1,0,24448,4584,81.25,36.66,13,3.6672
4010,2,0,24448,4584,81.25,36.66,13,3.6672
4010,3,0,24448,4584,81.25,36.66,13,3.6672
4010,4,0,24448,4584,81.25,36.66,13,3.6672
4010,5,0,24448,4584,81.25,36.66,13,3.6672
4010,6,1,390,468,0.00,20.00,0,0.3744
4010,7,1,390,468,0.00,20.00,0,0.3744
4010,8,1,390,468,0.00,20.00,0,0.3744
4010,9,1,390,468,0.00,20.00,0,0.3744
4010,10,1,390,468,0.00,20.00,0,0.3744
4010,11,2,16000,2176,86.40,43.33,108,1.7408
4010,12,2,16000,2176,86.40,43.33,108,1.7408
4010,13,2,16000,2176,86.40,43.33,108,1.7408
4010,14,2,16000,2176,86.40,43.33,108,1.7408
4010,15,2,16000,2176,86.40,43.33,108,1.7408
4010,16,2,16000,2176,86.40,43.33,108,1.7408
4010,17,2,16000,1536,90.40,43.33,113,1.2288
4010,18,2,16000,2176,86.40,43.33,108,1.7408
4010,19,2,16000,2176,86.40,43.33,108,1.7408
4010,20,2,16000,2176,86.40,43.33,108,1.7408
