timestamp,sliceId,dedicatedPRB,minPRB,maxPRB
510,0,31.53421377710459,31.53421377710459,100.0
510,1,33.75848651706003,33.75848651706003,100.0
510,2,34.707299705835375,34.707299705835375,100.0
520,0,41.372676935335726,41.372676935335726,100.0
520,1,35.55868958210804,35.55868958210804,100.0
520,2,23.06863348255623,23.06863348255623,100.0
530,0,37.947856415038885,37.947856415038885,100.0
530,1,32.97560214740638,32.97560214740638,100.0
530,2,29.07654143755474,29.07654143755474,100.0
540,0,27.150679591670507,27.150679591670507,100.0
540,1,42.19121929493491,42.19121929493491,100.0
540,2,30.658101113394576,30.658101113394576,100.0
550,0,27.251949718639253,27.251949718639253,100.0
550,1,34.34680700867885,34.34680700867885,100.0
550,2,38.40124327268191,38.40124327268191,100.0
