timestamp,sliceId,dedicatedPRB,minPRB,maxPRB,algorithm
510,0,36.665000000000006,36.665000000000006,100.0,0
510,1,45.0,45.0,100.0,0
510,2,18.335,18.335,100.0,0
520,0,21.665,21.665,100.0,0
520,1,30.000000000000004,30.000000000000004,100.0,0
520,2,48.334999999999994,48.334999999999994,100.0,0
530,0,21.665,21.665,100.0,0
530,1,30.000000000000004,30.000000000000004,100.0,0
530,2,48.334999999999994,48.334999999999994,100.0,0
540,0,41.665,41.665,100.0,0
540,1,45.00000000000001,45.00000000000001,100.0,0
540,2,13.335000000000003,13.335000000000003,100.0,0
550,0,21.665,21.665,100.0,2
550,1,60.00000000000001,60.00000000000001,100.0,2
550,2,18.335,18.335,100.0,2
560,0,51.66499999999999,51.66499999999999,100.0,0
560,1,20.0,20.0,100.0,0
560,2,28.335,28.335,100.0,0
570,0,36.665000000000006,36.665000000000006,100.0,2
570,1,40.0,40.0,100.0,2
570,2,23.335,23.335,100.0,2
580,0,36.665000000000006,36.665000000000006,100.0,2
580,1,40.0,40.0,100.0,2
580,2,23.335,23.335,100.0,2
590,0,36.665000000000006,36.665000000000006,100.0,2
590,1,40.0,40.0,100.0,2
590,2,23.335,23.335,100.0,2
600,0,36.665000000000006,36.665000000000006,100.0,2
600,1,40.0,40.0,100.0,2
600,2,23.335,23.335,100.0,2
610,0,31.665,31.665,100.0,2
610,1,50.0,50.0,100.0,2
610,2,18.335,18.335,100.0,2
620,0,36.665000000000006,36.665000000000006,100.0,2
620,1,40.0,40.0,100.0,2
620,2,23.335,23.335,100.0,2
630,0,21.665,21.665,100.0,2
630,1,60.00000000000001,60.00000000000001,100.0,2
630,2,18.335,18.335,100.0,2
640,0,51.66499999999999,51.66499999999999,100.0,2
640,1,25.0,25.0,100.0,2
640,2,23.335,23.335,100.0,2
650,0,41.665,41.665,100.0,2
650,1,45.00000000000001,45.00000000000001,100.0,2
650,2,13.335000000000003,13.335000000000003,100.0,2
660,0,46.665,46.665,100.0,0
660,1,30.000000000000004,30.000000000000004,100.0,0
660,2,23.335,23.335,100.0,0
670,0,41.665,41.665,100.0,2
670,1,45.00000000000001,45.00000000000001,100.0,2
670,2,13.335000000000003,13.335000000000003,100.0,2
680,0,41.665,41.665,100.0,2
680,1,45.00000000000001,45.00000000000001,100.0,2
680,2,13.335000000000003,13.335000000000003,100.0,2
690,0,41.665,41.665,100.0,2
690,1,45.00000000000001,45.00000000000001,100.0,2
690,2,13.335000000000003,13.335000000000003,100.0,2
700,0,41.665,41.665,100.0,2
700,1,45.00000000000001,45.00000000000001,100.0,2
700,2,13.335000000000003,13.335000000000003,100.0,2
710,0,41.665,41.665,100.0,2
710,1,45.00000000000001,45.00000000000001,100.0,2
710,2,13.335000000000003,13.335000000000003,100.0,2
720,0,41.665,41.665,100.0,2
720,1,45.00000000000001,45.00000000000001,100.0,2
720,2,13.335000000000003,13.335000000000003,100.0,2
730,0,41.665,41.665,100.0,2
730,1,45.00000000000001,45.00000000000001,100.0,2
730,2,13.335000000000003,13.335000000000003,100.0,2
740,0,41.665,41.665,100.0,2
740,1,45.00000000000001,45.00000000000001,100.0,2
740,2,13.335000000000003,13.335000000000003,100.0,2
750,0,26.665,26.665,100.0,2
750,1,50.0,50.0,100.0,2
750,2,23.335,23.335,100.0,2
760,0,41.665,41.665,100.0,2
760,1,45.00000000000001,45.00000000000001,100.0,2
760,2,13.335000000000003,13.335000000000003,100.0,2
770,0,41.665,41.665,100.0,2
770,1,45.00000000000001,45.00000000000001,100.0,2
770,2,13.335000000000003,13.335000000000003,100.0,2
780,0,41.665,41.665,100.0,2
780,1,45.00000000000001,45.00000000000001,100.0,2
780,2,13.335000000000003,13.335000000000003,100.0,2
790,0,41.665,41.665,100.0,2
790,1,45.00000000000001,45.00000000000001,100.0,2
790,2,13.335000000000003,13.335000000000003,100.0,2
800,0,41.665,41.665,100.0,2
800,1,45.00000000000001,45.00000000000001,100.0,2
800,2,13.335000000000003,13.335000000000003,100.0,2
810,0,21.665,21.665,100.0,0
810,1,45.0,45.0,100.0,0
810,2,33.335,33.335,100.0,0
820,0,21.665,21.665,100.0,0
820,1,45.0,45.0,100.0,0
820,2,33.335,33.335,100.0,0
830,0,21.665,21.665,100.0,0
830,1,45.0,45.0,100.0,0
830,2,33.335,33.335,100.0,0
840,0,26.665,26.665,100.0,1
840,1,30.000000000000004,30.000000000000004,100.0,1
840,2,43.335,43.335,100.0,1
850,0,26.665,26.665,100.0,1
850,1,30.000000000000004,30.000000000000004,100.0,1
850,2,43.335,43.335,100.0,1
860,0,26.665,26.665,100.0,1
860,1,30.000000000000004,30.000000000000004,100.0,1
860,2,43.335,43.335,100.0,1
870,0,36.665000000000006,36.665000000000006,100.0,0
870,1,45.0,45.0,100.0,0
870,2,18.335,18.335,100.0,0
880,0,51.66499999999999,51.66499999999999,100.0,2
880,1,20.0,20.0,100.0,2
880,2,28.335,28.335,100.0,2
890,0,51.66499999999999,51.66499999999999,100.0,2
890,1,20.0,20.0,100.0,2
890,2,28.335,28.335,100.0,2
900,0,26.665000000000006,26.665000000000006,100.0,0
900,1,35.0,35.0,100.0,0
900,2,38.335,38.335,100.0,0
910,0,51.66499999999999,51.66499999999999,100.0,2
910,1,20.0,20.0,100.0,2
910,2,28.335,28.335,100.0,2
920,0,51.66499999999999,51.66499999999999,100.0,2
920,1,20.0,20.0,100.0,2
920,2,28.335,28.335,100.0,2
930,0,51.66499999999999,51.66499999999999,100.0,2
930,1,20.0,20.0,100.0,2
930,2,28.335,28.335,100.0,2
940,0,16.665000000000003,16.665000000000003,100.0,2
940,1,70.0,70.0,100.0,2
940,2,13.335000000000003,13.335000000000003,100.0,2
950,0,16.665000000000003,16.665000000000003,100.0,2
950,1,70.0,70.0,100.0,2
950,2,13.335000000000003,13.335000000000003,100.0,2
960,0,16.665000000000003,16.665000000000003,100.0,2
960,1,70.0,70.0,100.0,2
960,2,13.335000000000003,13.335000000000003,100.0,2
970,0,16.665000000000003,16.665000000000003,100.0,2
970,1,70.0,70.0,100.0,2
970,2,13.335000000000003,13.335000000000003,100.0,2
980,0,16.665000000000003,16.665000000000003,100.0,2
980,1,70.0,70.0,100.0,2
980,2,13.335000000000003,13.335000000000003,100.0,2
990,0,16.665000000000003,16.665000000000003,100.0,2
990,1,70.0,70.0,100.0,2
990,2,13.335000000000003,13.335000000000003,100.0,2
1000,0,16.665000000000003,16.665000000000003,100.0,2
1000,1,70.0,70.0,100.0,2
1000,2,13.335000000000003,13.335000000000003,100.0,2
1010,0,16.665000000000003,16.665000000000003,100.0,2
1010,1,70.0,70.0,100.0,2
1010,2,13.335000000000003,13.335000000000003,100.0,2
1020,0,16.665000000000003,16.665000000000003,100.0,2
1020,1,70.0,70.0,100.0,2
1020,2,13.335000000000003,13.335000000000003,100.0,2
1030,0,16.665000000000003,16.665000000000003,100.0,2
1030,1,70.0,70.0,100.0,2
1030,2,13.335000000000003,13.335000000000003,100.0,2
1040,0,31.665,31.665,100.0,0
1040,1,55.00000000000001,55.00000000000001,100.0,0
1040,2,13.334999999999999,13.334999999999999,100.0,0
1050,0,31.665,31.665,100.0,0
1050,1,55.00000000000001,55.00000000000001,100.0,0
1050,2,13.334999999999999,13.334999999999999,100.0,0
1060,0,31.665,31.665,100.0,0
1060,1,55.00000000000001,55.00000000000001,100.0,0
1060,2,13.334999999999999,13.334999999999999,100.0,0
1070,0,31.665,31.665,100.0,0
1070,1,55.00000000000001,55.00000000000001,100.0,0
1070,2,13.334999999999999,13.334999999999999,100.0,0
1080,0,31.665,31.665,100.0,0
1080,1,55.00000000000001,55.00000000000001,100.0,0
1080,2,13.334999999999999,13.334999999999999,100.0,0
1090,0,36.665000000000006,36.665000000000006,100.0,2
1090,1,40.0,40.0,100.0,2
1090,2,23.335,23.335,100.0,2
1100,0,36.665000000000006,36.665000000000006,100.0,2
1100,1,40.0,40.0,100.0,2
1100,2,23.335,23.335,100.0,2
1110,0,36.665000000000006,36.665000000000006,100.0,2
1110,1,40.0,40.0,100.0,2
1110,2,23.335,23.335,100.0,2
1120,0,36.665000000000006,36.665000000000006,100.0,2
1120,1,40.0,40.0,100.0,2
1120,2,23.335,23.335,100.0,2
1130,0,36.665000000000006,36.665000000000006,100.0,2
1130,1,40.0,40.0,100.0,2
1130,2,23.335,23.335,100.0,2
1140,0,46.665,46.665,100.0,0
1140,1,35.0,35.0,100.0,0
1140,2,18.335,18.335,100.0,0
1150,0,36.665000000000006,36.665000000000006,100.0,2
1150,1,40.0,40.0,100.0,2
1150,2,23.335,23.335,100.0,2
1160,0,46.665,46.665,100.0,0
1160,1,35.0,35.0,100.0,0
1160,2,18.335,18.335,100.0,0
1170,0,41.665,41.665,100.0,1
1170,1,40.0,40.0,100.0,1
1170,2,18.335,18.335,100.0,1
1180,0,46.665,46.665,100.0,0
1180,1,35.0,35.0,100.0,0
1180,2,18.335,18.335,100.0,0
1190,0,46.665,46.665,100.0,0
1190,1,35.0,35.0,100.0,0
1190,2,18.335,18.335,100.0,0
1200,0,31.665,31.665,100.0,1
1200,1,55.00000000000001,55.00000000000001,100.0,1
1200,2,13.334999999999999,13.334999999999999,100.0,1
1210,0,31.665,31.665,100.0,1
1210,1,55.00000000000001,55.00000000000001,100.0,1
1210,2,13.334999999999999,13.334999999999999,100.0,1
1220,0,31.665,31.665,100.0,1
1220,1,55.00000000000001,55.00000000000001,100.0,1
1220,2,13.334999999999999,13.334999999999999,100.0,1
1230,0,31.665,31.665,100.0,1
1230,1,55.00000000000001,55.00000000000001,100.0,1
1230,2,13.334999999999999,13.334999999999999,100.0,1
1240,0,31.665,31.665,100.0,1
1240,1,55.00000000000001,55.00000000000001,100.0,1
1240,2,13.334999999999999,13.334999999999999,100.0,1
1250,0,21.665,21.665,100.0,0
1250,1,65.0,65.0,100.0,0
1250,2,13.334999999999999,13.334999999999999,100.0,0
1260,0,21.665,21.665,100.0,0
1260,1,65.0,65.0,100.0,0
1260,2,13.334999999999999,13.334999999999999,100.0,0
1270,0,21.665,21.665,100.0,0
1270,1,65.0,65.0,100.0,0
1270,2,13.334999999999999,13.334999999999999,100.0,0
1280,0,21.665,21.665,100.0,0
1280,1,65.0,65.0,100.0,0
1280,2,13.334999999999999,13.334999999999999,100.0,0
1290,0,21.665,21.665,100.0,0
1290,1,65.0,65.0,100.0,0
1290,2,13.334999999999999,13.334999999999999,100.0,0
1300,0,21.665,21.665,100.0,0
1300,1,65.0,65.0,100.0,0
1300,2,13.334999999999999,13.334999999999999,100.0,0
1310,0,21.665,21.665,100.0,0
1310,1,65.0,65.0,100.0,0
1310,2,13.334999999999999,13.334999999999999,100.0,0
1320,0,16.665,16.665,100.0,1
1320,1,30.000000000000004,30.000000000000004,100.0,1
1320,2,53.335,53.335,100.0,1
1330,0,51.665000000000006,51.665000000000006,100.0,0
1330,1,30.000000000000004,30.000000000000004,100.0,0
1330,2,18.335,18.335,100.0,0
1340,0,61.665000000000006,61.665000000000006,100.0,0
1340,1,25.0,25.0,100.0,0
1340,2,13.334999999999999,13.334999999999999,100.0,0
1350,0,61.665000000000006,61.665000000000006,100.0,0
1350,1,25.0,25.0,100.0,0
1350,2,13.334999999999999,13.334999999999999,100.0,0
1360,0,61.665000000000006,61.665000000000006,100.0,0
1360,1,25.0,25.0,100.0,0
1360,2,13.334999999999999,13.334999999999999,100.0,0
1370,0,61.665000000000006,61.665000000000006,100.0,0
1370,1,25.0,25.0,100.0,0
1370,2,13.334999999999999,13.334999999999999,100.0,0
1380,0,61.665000000000006,61.665000000000006,100.0,0
1380,1,25.0,25.0,100.0,0
1380,2,13.334999999999999,13.334999999999999,100.0,0
1390,0,46.665,46.665,100.0,1
1390,1,25.0,25.0,100.0,1
1390,2,28.335,28.335,100.0,1
1400,0,61.665000000000006,61.665000000000006,100.0,2
1400,1,20.0,20.0,100.0,2
1400,2,18.335,18.335,100.0,2
1410,0,31.665,31.665,100.0,1
1410,1,55.00000000000001,55.00000000000001,100.0,1
1410,2,13.334999999999999,13.334999999999999,100.0,1
1420,0,16.665000000000003,16.665000000000003,100.0,2
1420,1,70.0,70.0,100.0,2
1420,2,13.335000000000003,13.335000000000003,100.0,2
1430,0,16.665,16.665,100.0,2
1430,1,30.000000000000004,30.000000000000004,100.0,2
1430,2,53.335,53.335,100.0,2
1440,0,31.665,31.665,100.0,1
1440,1,55.00000000000001,55.00000000000001,100.0,1
1440,2,13.334999999999999,13.334999999999999,100.0,1
1450,0,16.665,16.665,100.0,2
1450,1,30.000000000000004,30.000000000000004,100.0,2
1450,2,53.335,53.335,100.0,2
1460,0,16.665,16.665,100.0,2
1460,1,30.000000000000004,30.000000000000004,100.0,2
1460,2,53.335,53.335,100.0,2
1470,0,31.665,31.665,100.0,1
1470,1,55.00000000000001,55.00000000000001,100.0,1
1470,2,13.334999999999999,13.334999999999999,100.0,1
1480,0,31.665,31.665,100.0,1
1480,1,55.00000000000001,55.00000000000001,100.0,1
1480,2,13.334999999999999,13.334999999999999,100.0,1
1490,0,31.665,31.665,100.0,1
1490,1,55.00000000000001,55.00000000000001,100.0,1
1490,2,13.334999999999999,13.334999999999999,100.0,1
1500,0,31.665,31.665,100.0,1
1500,1,55.00000000000001,55.00000000000001,100.0,1
1500,2,13.334999999999999,13.334999999999999,100.0,1
