timestamp,ueImsi,sliceId,dTxBytes,dRxBytes,plr,resourceSharePct,dLostPackets,throughputMbps,bufferBytes
570,1,0,25976,4584,82.35,45.77,14,3.6672,149706
570,2,0,25976,4584,82.35,45.77,14,3.6672,149688
570,3,0,25976,4584,82.35,45.77,14,3.6672,149681
570,4,0,25976,4584,82.35,45.77,14,3.6672,149618
570,5,0,25976,4584,82.35,45.77,14,3.6672,149601
570,6,1,390,390,0.00,29.71,0,0.3120,87
570,7,1,390,390,0.00,29.71,0,0.3120,87
570,8,1,390,390,0.00,29.71,0,0.3120,87
570,9,1,390,390,0.00,29.71,0,0.3120,87
570,10,1,390,390,0.00,29.71,0,0.3120,87
570,11,2,16000,1536,90.40,24.52,113,1.2288,100501
570,12,2,16000,1536,90.40,24.52,113,1.2288,100486
570,13,2,16000,1664,89.60,24.52,112,1.3312,100478
570,14,2,16000,1408,91.20,24.52,114,1.1264,100525
570,15,2,16000,1408,91.20,24.52,114,1.1264,100449
570,16,2,16000,1536,90.40,24.52,113,1.2288,100558
570,17,2,16000,1408,91.20,24.52,114,1.1264,100527
570,18,2,16000,1408,91.20,24.52,114,1.1264,100478
570,19,2,16000,1408,91.20,24.52,114,1.1264,100534
570,20,2,16000,1408,91.20,24.52,114,1.1264,100534
