timestamp,sliceId,dedicatedPRB,minPRB,maxPRB
510,0,29.39099667268914,29.39099667268914,100.0
510,1,43.818554662830024,43.818554662830024,100.0
510,2,26.790448664480838,26.790448664480838,100.0
520,0,34.50035932944808,34.50035932944808,100.0
520,1,45.7539778779738,45.7539778779738,100.0
520,2,19.745662792578116,19.745662792578116,100.0
530,0,33.1925553131526,33.1925553131526,100.0
530,1,38.46708791957312,38.46708791957312,100.0
530,2,28.340356767274287,28.340356767274287,100.0
540,0,31.38719513943607,31.38719513943607,100.0
540,1,44.619606368269196,44.619606368269196,100.0
540,2,23.993198492294727,23.993198492294727,100.0
550,0,28.61140677014116,28.61140677014116,100.0
550,1,29.873181112086698,29.873181112086698,100.0
550,2,41.515412117772144,41.515412117772144,100.0
560,0,49.32922721444195,49.32922721444195,100.0
560,1,27.959652113712423,27.959652113712423,100.0
560,2,22.711120671845624,22.711120671845624,100.0
570,0,28.638052110512945,28.638052110512945,100.0
570,1,38.534585829639134,38.534585829639134,100.0
570,2,32.82736205984792,32.82736205984792,100.0
580,0,47.4458244332272,47.4458244332272,100.0
580,1,28.332157717244637,28.332157717244637,100.0
580,2,24.22201784952815,24.22201784952815,100.0
590,0,31.580259353611375,31.580259353611375,100.0
590,1,45.47218724850482,45.47218724850482,100.0
590,2,22.947553397883812,22.947553397883812,100.0
600,0,47.538910143443594,47.538910143443594,100.0
600,1,32.41688080945732,32.41688080945732,100.0
600,2,20.04420904709909,20.04420904709909,100.0
610,0,40.18506038972862,40.18506038972862,100.0
610,1,31.817183374054597,31.817183374054597,100.0
610,2,27.99775623621679,27.99775623621679,100.0
620,0,39.483732226335555,39.483732226335555,100.0
620,1,34.83621129395493,34.83621129395493,100.0
620,2,25.680056479709506,25.680056479709506,100.0
630,0,47.82361822422252,47.82361822422252,100.0
630,1,27.58806536074929,27.58806536074929,100.0
630,2,24.588316415028185,24.588316415028185,100.0
640,0,44.70193067035354,44.70193067035354,100.0
640,1,31.01922615123999,31.01922615123999,100.0
640,2,24.278843178406472,24.278843178406472,100.0
650,0,31.409017010487506,31.409017010487506,100.0
650,1,40.58564278305653,40.58564278305653,100.0
650,2,28.005340206455966,28.005340206455966,100.0
660,0,29.1273588158862,29.1273588158862,100.0
660,1,45.940029280493086,45.940029280493086,100.0
660,2,24.93261190362072,24.93261190362072,100.0
670,0,32.88063669901198,32.88063669901198,100.0
670,1,34.591723364482625,34.591723364482625,100.0
670,2,32.5276399365054,32.5276399365054,100.0
680,0,30.501336989954325,30.501336989954325,100.0
680,1,42.66193486668621,42.66193486668621,100.0
680,2,26.836728143359473,26.836728143359473,100.0
690,0,36.903741405045885,36.903741405045885,100.0
690,1,33.35679276631638,33.35679276631638,100.0
690,2,29.739465828637734,29.739465828637734,100.0
700,0,30.362532517135154,30.362532517135154,100.0
700,1,43.8461376752127,43.8461376752127,100.0
700,2,25.791329807652147,25.791329807652147,100.0
710,0,41.29102136976872,41.29102136976872,100.0
710,1,36.2325460801584,36.2325460801584,100.0
710,2,22.476432550072882,22.476432550072882,100.0
720,0,36.61283898079081,36.61283898079081,100.0
720,1,42.251288383902754,42.251288383902754,100.0
720,2,21.135872635306434,21.135872635306434,100.0
730,0,32.67490243908587,32.67490243908587,100.0
730,1,39.161614721443364,39.161614721443364,100.0
730,2,28.16348283947077,28.16348283947077,100.0
740,0,22.50332345062002,22.50332345062002,100.0
740,1,45.130410702902324,45.130410702902324,100.0
740,2,32.36626584647766,32.36626584647766,100.0
750,0,36.22304488227402,36.22304488227402,100.0
750,1,26.80264386548735,26.80264386548735,100.0
750,2,36.97431125223864,36.97431125223864,100.0
760,0,27.271533368266443,27.271533368266443,100.0
760,1,33.0734183835279,33.0734183835279,100.0
760,2,39.65504824820567,39.65504824820567,100.0
770,0,40.863944882556105,40.863944882556105,100.0
770,1,34.9233721994915,34.9233721994915,100.0
770,2,24.212682917952392,24.212682917952392,100.0
780,0,43.55933217919328,43.55933217919328,100.0
780,1,30.05442760773888,30.05442760773888,100.0
780,2,26.386240213067847,26.386240213067847,100.0
790,0,36.616193647503145,36.616193647503145,100.0
790,1,33.95787497778746,33.95787497778746,100.0
790,2,29.425931374709393,29.425931374709393,100.0
800,0,39.80116559341156,39.80116559341156,100.0
800,1,31.957019271863622,31.957019271863622,100.0
800,2,28.241815134724813,28.241815134724813,100.0
810,0,29.46260542940855,29.46260542940855,100.0
810,1,37.524117249451514,37.524117249451514,100.0
810,2,33.013277321139945,33.013277321139945,100.0
820,0,39.39289832929009,39.39289832929009,100.0
820,1,39.057390493599634,39.057390493599634,100.0
820,2,21.549711177110275,21.549711177110275,100.0
830,0,30.154344339137097,30.154344339137097,100.0
830,1,41.90246746107032,41.90246746107032,100.0
830,2,27.943188199792584,27.943188199792584,100.0
840,0,34.15674164826073,34.15674164826073,100.0
840,1,46.578809160679796,46.578809160679796,100.0
840,2,19.264449191059473,19.264449191059473,100.0
850,0,33.163993805725255,33.163993805725255,100.0
850,1,26.232731271162475,26.232731271162475,100.0
850,2,40.60327492311227,40.60327492311227,100.0
860,0,27.61528023160279,27.61528023160279,100.0
860,1,38.78056731806707,38.78056731806707,100.0
860,2,33.60415245033015,33.60415245033015,100.0
870,0,37.49976384642399,37.49976384642399,100.0
870,1,28.17080389424527,28.17080389424527,100.0
870,2,34.32943225933074,34.32943225933074,100.0
880,0,36.769864253169146,36.769864253169146,100.0
880,1,43.87006781475726,43.87006781475726,100.0
880,2,19.36006793207359,19.36006793207359,100.0
890,0,28.878802701319756,28.878802701319756,100.0
890,1,30.57056341121106,30.57056341121106,100.0
890,2,40.550633887469196,40.550633887469196,100.0
900,0,23.621609215914397,23.621609215914397,100.0
900,1,49.14091104100395,49.14091104100395,100.0
900,2,27.23747974308165,27.23747974308165,100.0
910,0,33.149669824619785,33.149669824619785,100.0
910,1,30.112395602062676,30.112395602062676,100.0
910,2,36.737934573317546,36.737934573317546,100.0
920,0,37.81859607241187,37.81859607241187,100.0
920,1,32.314845934847995,32.314845934847995,100.0
920,2,29.866557992740145,29.866557992740145,100.0
930,0,41.19327547735562,41.19327547735562,100.0
930,1,35.9737681828234,35.9737681828234,100.0
930,2,22.83295633982098,22.83295633982098,100.0
940,0,23.75810964122993,23.75810964122993,100.0
940,1,43.45256509261953,43.45256509261953,100.0
940,2,32.789325266150534,32.789325266150534,100.0
950,0,32.574674371372595,32.574674371372595,100.0
950,1,44.264967852608535,44.264967852608535,100.0
950,2,23.160357776018873,23.160357776018873,100.0
960,0,39.58938910607781,39.58938910607781,100.0
960,1,42.85087466561885,42.85087466561885,100.0
960,2,17.55973622830333,17.55973622830333,100.0
970,0,36.84074634745799,36.84074634745799,100.0
970,1,34.377549994216125,34.377549994216125,100.0
970,2,28.78170365832588,28.78170365832588,100.0
980,0,28.005774377991543,28.005774377991543,100.0
980,1,51.94742023728893,51.94742023728893,100.0
980,2,20.04680538471952,20.04680538471952,100.0
990,0,47.801854193889326,47.801854193889326,100.0
990,1,30.08952408123032,30.08952408123032,100.0
990,2,22.10862172488035,22.10862172488035,100.0
1000,0,46.274973784315875,46.274973784315875,100.0
1000,1,31.384007444889768,31.384007444889768,100.0
1000,2,22.341018770794353,22.341018770794353,100.0
1010,0,44.711274140556846,44.711274140556846,100.0
1010,1,29.654318682352304,29.654318682352304,100.0
1010,2,25.63440717709085,25.63440717709085,100.0
1020,0,34.178136681263574,34.178136681263574,100.0
1020,1,37.761645541093145,37.761645541093145,100.0
1020,2,28.06021777764328,28.06021777764328,100.0
1030,0,29.408650737792474,29.408650737792474,100.0
1030,1,36.09421600636505,36.09421600636505,100.0
1030,2,34.49713325584248,34.49713325584248,100.0
1040,0,37.112964317845396,37.112964317845396,100.0
1040,1,39.64909205186292,39.64909205186292,100.0
1040,2,23.237943630291685,23.237943630291685,100.0
1050,0,32.15526574780423,32.15526574780423,100.0
1050,1,35.2906447022906,35.2906447022906,100.0
1050,2,32.55408954990517,32.55408954990517,100.0
1060,0,33.69981329119,33.69981329119,100.0
1060,1,29.81154584653154,29.81154584653154,100.0
1060,2,36.488640862278466,36.488640862278466,100.0
1070,0,29.114705667328618,29.114705667328618,100.0
1070,1,48.03512320185027,48.03512320185027,100.0
1070,2,22.850171130821124,22.850171130821124,100.0
1080,0,29.06997628510688,29.06997628510688,100.0
1080,1,46.94063917628349,46.94063917628349,100.0
1080,2,23.98938453860963,23.98938453860963,100.0
1090,0,29.947030113857732,29.947030113857732,100.0
1090,1,45.27509054268965,45.27509054268965,100.0
1090,2,24.777879343452625,24.777879343452625,100.0
1100,0,22.10182819301685,22.10182819301685,100.0
1100,1,45.73686054700717,45.73686054700717,100.0
1100,2,32.16131125997599,32.16131125997599,100.0
1110,0,29.421629034666907,29.421629034666907,100.0
1110,1,49.18989638067584,49.18989638067584,100.0
1110,2,21.388474584657253,21.388474584657253,100.0
1120,0,26.01398195507356,26.01398195507356,100.0
1120,1,55.2679344983116,55.2679344983116,100.0
1120,2,18.71808354661484,18.71808354661484,100.0
1130,0,26.8876987866648,26.8876987866648,100.0
1130,1,26.564727732353244,26.564727732353244,100.0
1130,2,46.54757348098196,46.54757348098196,100.0
1140,0,26.658339324196195,26.658339324196195,100.0
1140,1,27.173013265047206,27.173013265047206,100.0
1140,2,46.168647410756606,46.168647410756606,100.0
1150,0,28.12476799459138,28.12476799459138,100.0
1150,1,46.04327120820501,46.04327120820501,100.0
1150,2,25.8319607972036,25.8319607972036,100.0
1160,0,41.63667879469688,41.63667879469688,100.0
1160,1,38.98471690844176,38.98471690844176,100.0
1160,2,19.378604296861372,19.378604296861372,100.0
1170,0,31.77319060235666,31.77319060235666,100.0
1170,1,35.42774925804539,35.42774925804539,100.0
1170,2,32.79906013959795,32.79906013959795,100.0
1180,0,34.3434321250402,34.3434321250402,100.0
1180,1,31.51411184358837,31.51411184358837,100.0
1180,2,34.142456031371424,34.142456031371424,100.0
1190,0,29.757140808853176,29.757140808853176,100.0
1190,1,39.05566532736816,39.05566532736816,100.0
1190,2,31.18719386377866,31.18719386377866,100.0
1200,0,26.626652526271876,26.626652526271876,100.0
1200,1,48.943645272368556,48.943645272368556,100.0
1200,2,24.429702201359575,24.429702201359575,100.0
1210,0,40.921990572695385,40.921990572695385,100.0
1210,1,35.112640257401345,35.112640257401345,100.0
1210,2,23.965369169903266,23.965369169903266,100.0
1220,0,33.495239888138485,33.495239888138485,100.0
1220,1,37.69019549790381,37.69019549790381,100.0
1220,2,28.81456461395771,28.81456461395771,100.0
1230,0,21.773715865667924,21.773715865667924,100.0
1230,1,40.99861137924877,40.99861137924877,100.0
1230,2,37.227672755083304,37.227672755083304,100.0
1240,0,29.5991249873431,29.5991249873431,100.0
1240,1,42.815099134747825,42.815099134747825,100.0
1240,2,27.58577587790908,27.58577587790908,100.0
1250,0,25.800702765420482,25.800702765420482,100.0
1250,1,43.06721276844101,43.06721276844101,100.0
1250,2,31.132084466138508,31.132084466138508,100.0
1260,0,22.52779798578122,22.52779798578122,100.0
1260,1,32.75245355201669,32.75245355201669,100.0
1260,2,44.7197484622021,44.7197484622021,100.0
1270,0,25.496938908857043,25.496938908857043,100.0
1270,1,53.64146530177092,53.64146530177092,100.0
1270,2,20.861595789372046,20.861595789372046,100.0
1280,0,23.030885891111826,23.030885891111826,100.0
1280,1,33.95650546564437,33.95650546564437,100.0
1280,2,43.01260864324381,43.01260864324381,100.0
1290,0,28.243702366625495,28.243702366625495,100.0
1290,1,37.74278446040233,37.74278446040233,100.0
1290,2,34.01351317297217,34.01351317297217,100.0
1300,0,27.0744742142952,27.0744742142952,100.0
1300,1,34.97888373171293,34.97888373171293,100.0
1300,2,37.946642053991866,37.946642053991866,100.0
1310,0,27.393602020164654,27.393602020164654,100.0
1310,1,35.00512180884621,35.00512180884621,100.0
1310,2,37.601276170989124,37.601276170989124,100.0
1320,0,23.69486623863025,23.69486623863025,100.0
1320,1,43.839773930696396,43.839773930696396,100.0
1320,2,32.46535983067335,32.46535983067335,100.0
1330,0,27.792351699708878,27.792351699708878,100.0
1330,1,28.353600586610966,28.353600586610966,100.0
1330,2,43.85404771368015,43.85404771368015,100.0
1340,0,24.58021663099812,24.58021663099812,100.0
1340,1,27.689961864514135,27.689961864514135,100.0
1340,2,47.729821504487745,47.729821504487745,100.0
1350,0,22.095663585818837,22.095663585818837,100.0
1350,1,43.341484418966296,43.341484418966296,100.0
1350,2,34.562851995214864,34.562851995214864,100.0
1360,0,32.95563497715182,32.95563497715182,100.0
1360,1,25.09543498763309,25.09543498763309,100.0
1360,2,41.94893003521509,41.94893003521509,100.0
1370,0,33.29251504966123,33.29251504966123,100.0
1370,1,44.105417134732114,44.105417134732114,100.0
1370,2,22.602067815606652,22.602067815606652,100.0
1380,0,28.275222397251586,28.275222397251586,100.0
1380,1,31.02667813846434,31.02667813846434,100.0
1380,2,40.698099464284084,40.698099464284084,100.0
1390,0,30.929864845943445,30.929864845943445,100.0
1390,1,38.454017517160885,38.454017517160885,100.0
1390,2,30.616117636895673,30.616117636895673,100.0
1400,0,24.74607159520779,24.74607159520779,100.0
1400,1,39.24875499749554,39.24875499749554,100.0
1400,2,36.005173407296674,36.005173407296674,100.0
1410,0,22.874021053238884,22.874021053238884,100.0
1410,1,43.58203650881693,43.58203650881693,100.0
1410,2,33.54394243794419,33.54394243794419,100.0
1420,0,44.990947477582985,44.990947477582985,100.0
1420,1,29.984708570297457,29.984708570297457,100.0
1420,2,25.024343952119555,25.024343952119555,100.0
1430,0,28.56405107772443,28.56405107772443,100.0
1430,1,27.096859209480378,27.096859209480378,100.0
1430,2,44.33908971279521,44.33908971279521,100.0
1440,0,38.923895779368266,38.923895779368266,100.0
1440,1,31.19307328049208,31.19307328049208,100.0
1440,2,29.883030940139648,29.883030940139648,100.0
1450,0,43.26755335443796,43.26755335443796,100.0
1450,1,28.880326631280866,28.880326631280866,100.0
1450,2,27.85212001428117,27.85212001428117,100.0
1460,0,31.911181541980692,31.911181541980692,100.0
1460,1,48.37092027698308,48.37092027698308,100.0
1460,2,19.71789818103623,19.71789818103623,100.0
1470,0,22.596022506509026,22.596022506509026,100.0
1470,1,36.482477936355004,36.482477936355004,100.0
1470,2,40.921499557135974,40.921499557135974,100.0
1480,0,24.868654704560683,24.868654704560683,100.0
1480,1,45.497446846421035,45.497446846421035,100.0
1480,2,29.633898449018282,29.633898449018282,100.0
1490,0,43.12826538801111,43.12826538801111,100.0
1490,1,31.637391777938458,31.637391777938458,100.0
1490,2,25.234342834050445,25.234342834050445,100.0
1500,0,39.05650480374542,39.05650480374542,100.0
1500,1,33.081578744657484,33.081578744657484,100.0
1500,2,27.861916451597097,27.861916451597097,100.0
