timestamp,ueImsi,sliceId,dTxBytes,dRxBytes,plr,resourceSharePct,dLostPackets,throughputMbps,bufferBytes
1510,1,0,35144,21392,39.13,21.66,9,17.1136,1465508
1510,2,0,35144,24448,30.43,21.66,7,19.5584,1172218
1510,3,1,1014,936,7.69,60.00,1,0.7488,87
1510,4,1,1014,936,7.69,60.00,1,0.7488,87
1510,5,2,256,256,0.00,18.34,0,0.2048,77
1510,6,2,256,256,0.00,18.34,0,0.2048,70
1510,7,2,256,256,0.00,18.34,0,0.2048,70
1510,8,2,256,0,100.00,18.34,2,0.0000,137
1510,9,2,256,256,0.00,18.34,0,0.2048,70
1510,10,2,256,256,0.00,18.34,0,0.2048,70
