timestamp,ueImsi,sliceId,dTxBytes,dRxBytes,plr,resourceSharePct,dLostPackets,throughputMbps,bufferBytes,dlBufferBytes,ulBufferBytes,macBufferBytes,congestionPct,lastDrlActionStatus
9900,1,0,193616,2968,96.51,39.23,166,0.2374,1199863,184996,1199863,1384859,13.21,applied
9900,2,0,193616,512,97.67,39.23,168,0.0410,1199933,185004,1199933,1384937,13.21,applied
9900,3,0,193616,38580,79.65,39.23,137,3.0864,1200005,184996,1200005,1385001,13.21,applied
9900,4,0,193616,384,98.26,39.23,169,0.0307,1200005,187694,1200005,1387699,13.23,applied
9900,5,0,193616,512,97.67,39.23,168,0.0410,1199806,184997,1199806,1384803,13.21,applied
9900,6,1,0,0,0.00,30.98,0,0.0000,34,0,34,34,0.00,applied
9900,7,1,0,0,0.00,30.98,0,0.0000,34,0,34,34,0.00,applied
9900,8,1,0,0,0.00,30.98,0,0.0000,34,0,34,34,0.00,applied
9900,9,1,0,0,0.00,30.98,0,0.0000,34,0,34,34,0.00,applied
9900,10,1,0,0,0.00,30.98,0,0.0000,34,0,34,34,0.00,applied
9900,11,1,0,0,0.00,30.98,0,0.0000,34,0,34,34,0.00,applied
9900,12,1,0,0,0.00,30.98,0,0.0000,34,0,34,34,0.00,applied
9900,13,1,0,0,0.00,30.98,0,0.0000,34,0,34,34,0.00,applied
9900,14,2,65200,0,100.00,29.79,50,0.0000,5983340,5983340,51,5983391,57.06,applied
9900,15,2,65200,0,100.00,29.79,50,0.0000,5983477,5983477,34,5983511,57.06,applied
9900,16,2,65200,0,100.00,29.79,50,0.0000,5983340,5983340,51,5983391,57.06,applied
9900,17,2,65200,0,100.00,29.79,50,0.0000,5985537,5985537,51,5985588,57.08,applied
9900,18,2,65200,0,100.00,29.79,50,0.0000,5983342,5983342,51,5983393,57.06,applied
9900,19,2,65200,940,90.00,29.79,45,0.0752,5983346,5983346,51,5983397,57.06,applied
9900,20,2,65200,940,90.00,29.79,45,0.0752,5983344,5983344,51,5983395,57.06,applied
9900,21,2,65200,0,100.00,29.79,50,0.0000,5983888,5983888,51,5983939,57.07,applied
9900,22,2,65200,0,100.00,29.79,50,0.0000,5984606,5984606,51,5984657,57.07,applied
9900,23,2,65200,0,100.00,29.79,50,0.0000,5983340,5983340,51,5983391,57.06,applied
9900,24,2,65200,940,90.00,29.79,45,0.0752,5983342,5983342,51,5983393,57.06,applied
9900,25,2,65200,940,90.00,29.79,45,0.0752,5983342,5983342,51,5983393,57.06,applied
9900,26,2,65200,0,100.00,29.79,50,0.0000,5983344,5983344,51,5983395,57.06,applied
9900,27,2,65200,0,100.00,29.79,50,0.0000,5983454,5983454,51,5983505,57.06,applied
9900,28,2,65200,0,100.00,29.79,50,0.0000,5983501,5983501,51,5983552,57.06,applied
9900,29,2,65200,0,100.00,29.79,50,0.0000,5985361,5985361,51,5985412,57.08,applied
9900,30,2,65200,0,100.00,29.79,50,0.0000,5983340,5983340,51,5983391,57.06,applied
9900,31,2,65200,940,90.00,29.79,45,0.0752,5983340,5983340,51,5983391,57.06,applied
9900,32,2,65200,0,100.00,29.79,50,0.0000,5983340,5983340,51,5983391,57.06,applied
9900,33,2,65200,0,100.00,29.79,50,0.0000,5985065,5985065,51,5985116,57.08,applied
