callId,timeMs,scenario,slot,bwpId,beamId,sliceId,rnti,bufQueueSize,dlTbSizeBefore,hasDemand,demandPassed,rbgAllocated,uniqueRbgs,tbSizeBytes,mcs,rank,numRbPerRbg,reason
1,503,low_traffic,0,0,65535_65535,0,2,6133,0,0,1,0,0,0,15,1,1,pre_allocation
1,503,low_traffic,0,0,65535_65535,0,2,6133,35,1,1,1,1,35,15,1,1,allocated
1,503,low_traffic,0,0,65535_65535,0,1,6133,0,0,1,0,0,0,15,1,1,pre_allocation
1,503,low_traffic,0,0,65535_65535,0,1,6133,35,1,1,1,1,35,15,1,1,allocated
1,503,low_traffic,0,0,65535_65535,0,2,6133,35,0,1,0,1,0,15,1,1,pre_allocation
1,503,low_traffic,0,0,65535_65535,0,2,6133,74,1,1,1,2,74,15,1,1,allocated
1,503,low_traffic,0,0,65535_65535,0,1,6133,35,0,1,0,1,0,15,1,1,pre_allocation
1,503,low_traffic,0,0,65535_65535,0,1,6133,74,1,1,1,2,74,15,1,1,allocated
1,503,low_traffic,0,0,65535_65535,0,2,6133,74,0,1,0,2,0,15,1,1,pre_allocation
1,503,low_traffic,0,0,65535_65535,0,2,6133,112,1,1,1,3,112,15,1,1,allocated
1,503,low_traffic,0,0,65535_65535,0,1,6133,74,0,1,0,2,0,15,1,1,pre_allocation
1,503,low_traffic,0,0,65535_65535,0,1,6133,112,1,1,1,3,112,15,1,1,allocated
1,503,low_traffic,0,0,65535_65535,0,2,6133,112,0,1,0,3,0,15,1,1,pre_allocation
1,503,low_traffic,0,0,65535_65535,0,2,6133,151,1,1,1,4,151,15,1,1,allocated
1,503,low_traffic,0,0,65535_65535,0,1,6133,112,0,1,0,3,0,15,1,1,pre_allocation
1,503,low_traffic,0,0,65535_65535,0,1,6133,151,1,1,1,4,151,15,1,1,allocated
1,503,low_traffic,0,0,65535_65535,0,2,6133,151,0,1,0,4,0,15,1,1,pre_allocation
1,503,low_traffic,0,0,65535_65535,0,2,6133,190,1,1,1,5,190,15,1,1,allocated
1,503,low_traffic,0,0,65535_65535,0,1,6133,151,0,1,0,4,0,15,1,1,pre_allocation
1,503,low_traffic,0,0,65535_65535,0,1,6133,190,1,1,1,5,190,15,1,1,allocated
1,503,low_traffic,0,0,65535_65535,0,2,6133,190,0,1,0,5,0,15,1,1,pre_allocation
1,503,low_traffic,0,0,65535_65535,0,2,6133,228,1,1,1,6,228,15,1,1,allocated
1,503,low_traffic,0,0,65535_65535,0,1,6133,190,0,1,0,5,0,15,1,1,pre_allocation
1,503,low_traffic,0,0,65535_65535,0,1,6133,228,1,1,1,6,228,15,1,1,allocated
1,503,low_traffic,0,0,65535_65535,0,2,6133,228,0,1,0,6,0,15,1,1,pre_allocation
1,503,low_traffic,0,0,65535_65535,0,2,6133,267,1,1,1,7,267,15,1,1,allocated
1,503,low_traffic,0,0,65535_65535,0,1,6133,228,0,1,0,6,0,15,1,1,pre_allocation
1,503,low_traffic,0,0,65535_65535,0,1,6133,267,1,1,1,7,267,15,1,1,allocated
1,503,low_traffic,0,0,65535_65535,0,2,6133,267,0,1,0,7,0,15,1,1,pre_allocation
1,503,low_traffic,0,0,65535_65535,0,2,6133,305,1,1,1,8,305,15,1,1,allocated
1,503,low_traffic,0,0,65535_65535,0,1,6133,267,0,1,0,7,0,15,1,1,pre_allocation
1,503,low_traffic,0,0,65535_65535,0,1,6133,305,1,1,1,8,305,15,1,1,allocated
1,503,low_traffic,0,0,65535_65535,0,2,6133,305,0,1,0,8,0,15,1,1,pre_allocation
1,503,low_traffic,0,0,65535_65535,0,2,6133,344,1,1,1,9,344,15,1,1,allocated
1,503,low_traffic,0,0,65535_65535,0,1,6133,305,0,1,0,8,0,15,1,1,pre_allocation
1,503,low_traffic,0,0,65535_65535,0,1,6133,344,1,1,1,9,344,15,1,1,allocated
1,503,low_traffic,0,0,65535_65535,0,2,6133,344,0,1,0,9,0,15,1,1,pre_allocation
1,503,low_traffic,0,0,65535_65535,0,2,6133,383,1,1,1,10,383,15,1,1,allocated
1,503,low_traffic,0,0,65535_65535,0,1,6133,344,0,1,0,9,0,15,1,1,pre_allocation
1,503,low_traffic,0,0,65535_65535,0,1,6133,383,1,1,1,10,383,15,1,1,allocated
1,503,low_traffic,0,0,65535_65535,0,2,6133,383,0,1,0,10,0,15,1,1,pre_allocation
1,503,low_traffic,0,0,65535_65535,0,2,6133,421,1,1,1,11,421,15,1,1,allocated
1,503,low_traffic,0,0,65535_65535,0,1,6133,383,0,1,0,10,0,15,1,1,pre_allocation
1,503,low_traffic,0,0,65535_65535,0,1,6133,421,1,1,1,11,421,15,1,1,allocated
1,503,low_traffic,0,0,65535_65535,0,2,6133,421,0,1,0,11,0,15,1,1,pre_allocation
1,503,low_traffic,0,0,65535_65535,0,2,6133,460,1,1,1,12,460,15,1,1,allocated
1,503,low_traffic,0,0,65535_65535,0,1,6133,421,0,1,0,11,0,15,1,1,pre_allocation
1,503,low_traffic,0,0,65535_65535,0,1,6133,460,1,1,1,12,460,15,1,1,allocated
1,503,low_traffic,0,0,65535_65535,0,2,6133,460,0,1,0,12,0,15,1,1,pre_allocation
1,503,low_traffic,0,0,65535_65535,0,2,6133,498,1,1,1,13,498,15,1,1,allocated
1,503,low_traffic,0,0,65535_65535,0,1,6133,460,0,1,0,12,0,15,1,1,pre_allocation
1,503,low_traffic,0,0,65535_65535,0,1,6133,498,1,1,1,13,498,15,1,1,allocated
1,503,low_traffic,0,0,65535_65535,0,2,6133,498,0,1,0,13,0,15,1,1,pre_allocation
1,503,low_traffic,0,0,65535_65535,0,2,6133,537,1,1,1,14,537,15,1,1,allocated
1,503,low_traffic,0,0,65535_65535,0,1,6133,498,0,1,0,13,0,15,1,1,pre_allocation
1,503,low_traffic,0,0,65535_65535,0,1,6133,537,1,1,1,14,537,15,1,1,allocated
1,503,low_traffic,0,0,65535_65535,0,2,6133,537,0,1,0,14,0,15,1,1,pre_allocation
1,503,low_traffic,0,0,65535_65535,0,2,6133,576,1,1,1,15,576,15,1,1,allocated
1,503,low_traffic,0,0,65535_65535,0,1,6133,537,0,1,0,14,0,15,1,1,pre_allocation
1,503,low_traffic,0,0,65535_65535,0,1,6133,576,1,1,1,15,576,15,1,1,allocated
1,503,low_traffic,0,0,65535_65535,0,2,6133,576,0,1,0,15,0,15,1,1,pre_allocation
1,503,low_traffic,0,0,65535_65535,0,2,6133,614,1,1,1,16,614,15,1,1,allocated
1,503,low_traffic,0,0,65535_65535,0,1,6133,576,0,1,0,15,0,15,1,1,pre_allocation
1,503,low_traffic,0,0,65535_65535,0,1,6133,614,1,1,1,16,614,15,1,1,allocated
1,503,low_traffic,0,0,65535_65535,0,2,6133,614,0,1,0,16,0,15,1,1,pre_allocation
1,503,low_traffic,0,0,65535_65535,0,2,6133,653,1,1,1,17,653,15,1,1,allocated
1,503,low_traffic,0,0,65535_65535,0,1,6133,614,0,1,0,16,0,15,1,1,pre_allocation
1,503,low_traffic,0,0,65535_65535,0,1,6133,653,1,1,1,17,653,15,1,1,allocated
1,503,low_traffic,0,0,65535_65535,0,2,6133,653,0,1,0,17,0,15,1,1,pre_allocation
1,503,low_traffic,0,0,65535_65535,0,2,6133,691,1,1,1,18,691,15,1,1,allocated
1,503,low_traffic,0,0,65535_65535,0,1,6133,653,0,1,0,17,0,15,1,1,pre_allocation
1,503,low_traffic,0,0,65535_65535,0,1,6133,691,1,1,1,18,691,15,1,1,allocated
1,503,low_traffic,0,0,65535_65535,0,2,6133,691,0,1,0,18,0,15,1,1,pre_allocation
1,503,low_traffic,0,0,65535_65535,0,2,6133,730,1,1,1,19,730,15,1,1,allocated
1,503,low_traffic,0,0,65535_65535,0,1,6133,691,0,1,0,18,0,15,1,1,pre_allocation
1,503,low_traffic,0,0,65535_65535,0,1,6133,730,1,1,1,19,730,15,1,1,allocated
1,503,low_traffic,0,0,65535_65535,0,2,6133,730,0,1,0,19,0,15,1,1,pre_allocation
1,503,low_traffic,0,0,65535_65535,0,2,6133,769,1,1,1,20,769,15,1,1,allocated
1,503,low_traffic,0,0,65535_65535,0,1,6133,730,0,1,0,19,0,15,1,1,pre_allocation
1,503,low_traffic,0,0,65535_65535,0,1,6133,769,1,1,1,20,769,15,1,1,allocated
1,503,low_traffic,0,0,65535_65535,0,2,6133,769,0,1,0,20,0,15,1,1,pre_allocation
1,503,low_traffic,0,0,65535_65535,0,2,6133,807,1,1,1,21,807,15,1,1,allocated
1,503,low_traffic,0,0,65535_65535,0,1,6133,769,0,1,0,20,0,15,1,1,pre_allocation
1,503,low_traffic,0,0,65535_65535,0,1,6133,807,1,1,1,21,807,15,1,1,allocated
1,503,low_traffic,0,0,65535_65535,0,2,6133,807,0,1,0,21,0,15,1,1,pre_allocation
1,503,low_traffic,0,0,65535_65535,0,2,6133,846,1,1,1,22,846,15,1,1,allocated
1,503,low_traffic,0,0,65535_65535,0,1,6133,807,0,1,0,21,0,15,1,1,pre_allocation
1,503,low_traffic,0,0,65535_65535,0,1,6133,846,1,1,1,22,846,15,1,1,allocated
1,503,low_traffic,0,0,65535_65535,0,2,6133,846,0,1,0,22,0,15,1,1,pre_allocation
1,503,low_traffic,0,0,65535_65535,0,2,6133,885,1,1,1,23,885,15,1,1,allocated
1,503,low_traffic,0,0,65535_65535,0,1,6133,846,0,1,0,22,0,15,1,1,pre_allocation
1,503,low_traffic,0,0,65535_65535,0,1,6133,885,1,1,1,23,885,15,1,1,allocated
1,503,low_traffic,0,0,65535_65535,0,2,6133,885,0,1,0,23,0,15,1,1,pre_allocation
1,503,low_traffic,0,0,65535_65535,0,2,6133,923,1,1,1,24,923,15,1,1,allocated
1,503,low_traffic,0,0,65535_65535,0,1,6133,885,0,1,0,23,0,15,1,1,pre_allocation
1,503,low_traffic,0,0,65535_65535,0,1,6133,923,1,1,1,24,923,15,1,1,allocated
1,503,low_traffic,0,0,65535_65535,0,2,6133,923,0,1,0,24,0,15,1,1,pre_allocation
1,503,low_traffic,0,0,65535_65535,0,2,6133,962,1,1,1,25,962,15,1,1,allocated
1,503,low_traffic,0,0,65535_65535,0,1,6133,923,0,1,0,24,0,15,1,1,pre_allocation
1,503,low_traffic,0,0,65535_65535,0,1,6133,962,1,1,1,25,962,15,1,1,allocated
1,503,low_traffic,0,0,65535_65535,0,2,6133,962,0,1,0,25,0,15,1,1,pre_allocation
1,503,low_traffic,0,0,65535_65535,0,2,6133,1000,1,1,1,26,1000,15,1,1,allocated
1,503,low_traffic,0,0,65535_65535,0,1,6133,962,0,1,0,25,0,15,1,1,pre_allocation
1,503,low_traffic,0,0,65535_65535,0,1,6133,1000,1,1,1,26,1000,15,1,1,allocated
1,503,low_traffic,0,0,65535_65535,0,2,6133,1000,0,1,0,26,0,15,1,1,pre_allocation
1,503,low_traffic,0,0,65535_65535,0,2,6133,1039,1,1,1,27,1039,15,1,1,allocated
1,503,low_traffic,0,0,65535_65535,0,1,6133,1000,0,1,0,26,0,15,1,1,pre_allocation
1,503,low_traffic,0,0,65535_65535,0,1,6133,1039,1,1,1,27,1039,15,1,1,allocated
1,503,low_traffic,0,0,65535_65535,0,2,6133,1039,0,1,0,27,0,15,1,1,pre_allocation
1,503,low_traffic,0,0,65535_65535,0,2,6133,1078,1,1,1,28,1078,15,1,1,allocated
1,503,low_traffic,0,0,65535_65535,0,1,6133,1039,0,1,0,27,0,15,1,1,pre_allocation
1,503,low_traffic,0,0,65535_65535,0,1,6133,1078,1,1,1,28,1078,15,1,1,allocated
1,503,low_traffic,0,0,65535_65535,0,2,6133,1078,0,1,0,28,0,15,1,1,pre_allocation
1,503,low_traffic,0,0,65535_65535,0,2,6133,1116,1,1,1,29,1116,15,1,1,allocated
1,503,low_traffic,0,0,65535_65535,0,1,6133,1078,0,1,0,28,0,15,1,1,pre_allocation
1,503,low_traffic,0,0,65535_65535,0,1,6133,1116,1,1,1,29,1116,15,1,1,allocated
1,503,low_traffic,0,0,65535_65535,0,2,6133,1116,0,1,0,29,0,15,1,1,pre_allocation
1,503,low_traffic,0,0,65535_65535,0,2,6133,1155,1,1,1,30,1155,15,1,1,allocated
1,503,low_traffic,0,0,65535_65535,0,1,6133,1116,0,1,0,29,0,15,1,1,pre_allocation
1,503,low_traffic,0,0,65535_65535,0,1,6133,1155,1,1,1,30,1155,15,1,1,allocated
1,503,low_traffic,0,0,65535_65535,0,2,6133,1155,0,1,0,30,0,15,1,1,pre_allocation
1,503,low_traffic,0,0,65535_65535,0,2,6133,1193,1,1,1,31,1193,15,1,1,allocated
1,503,low_traffic,0,0,65535_65535,0,1,6133,1155,0,1,0,30,0,15,1,1,pre_allocation
1,503,low_traffic,0,0,65535_65535,0,1,6133,1193,1,1,1,31,1193,15,1,1,allocated
1,503,low_traffic,0,0,65535_65535,0,2,6133,1193,0,1,0,31,0,15,1,1,pre_allocation
1,503,low_traffic,0,0,65535_65535,0,2,6133,1232,1,1,1,32,1232,15,1,1,allocated
1,503,low_traffic,0,0,65535_65535,0,1,6133,1193,0,1,0,31,0,15,1,1,pre_allocation
1,503,low_traffic,0,0,65535_65535,0,1,6133,1232,1,1,1,32,1232,15,1,1,allocated
1,503,low_traffic,0,0,65535_65535,0,2,6133,1232,0,1,0,32,0,15,1,1,pre_allocation
1,503,low_traffic,0,0,65535_65535,0,2,6133,1271,1,1,1,33,1271,15,1,1,allocated
1,503,low_traffic,0,0,65535_65535,0,1,6133,1232,0,1,0,32,0,15,1,1,pre_allocation
1,503,low_traffic,0,0,65535_65535,0,1,6133,1271,1,1,1,33,1271,15,1,1,allocated
1,503,low_traffic,0,0,65535_65535,0,2,6133,1271,0,1,0,33,0,15,1,1,pre_allocation
1,503,low_traffic,0,0,65535_65535,0,2,6133,1309,1,1,1,34,1309,15,1,1,allocated
1,503,low_traffic,0,0,65535_65535,0,1,6133,1271,0,1,0,33,0,15,1,1,pre_allocation
1,503,low_traffic,0,0,65535_65535,0,1,6133,1309,1,1,1,34,1309,15,1,1,allocated
1,503,low_traffic,0,0,65535_65535,0,2,6133,1309,0,1,0,34,0,15,1,1,pre_allocation
1,503,low_traffic,0,0,65535_65535,0,2,6133,1348,1,1,1,35,1348,15,1,1,allocated
1,503,low_traffic,0,0,65535_65535,0,1,6133,1309,0,1,0,34,0,15,1,1,pre_allocation
1,503,low_traffic,0,0,65535_65535,0,1,6133,1348,1,1,1,35,1348,15,1,1,allocated
1,503,low_traffic,0,0,65535_65535,0,2,6133,1348,0,1,0,35,0,15,1,1,pre_allocation
1,503,low_traffic,0,0,65535_65535,0,2,6133,1386,1,1,1,36,1386,15,1,1,allocated
1,503,low_traffic,0,0,65535_65535,0,1,6133,1348,0,1,0,35,0,15,1,1,pre_allocation
1,503,low_traffic,0,0,65535_65535,0,1,6133,1386,1,1,1,36,1386,15,1,1,allocated
1,503,low_traffic,0,0,65535_65535,0,2,6133,1386,0,1,0,36,0,15,1,1,pre_allocation
1,503,low_traffic,0,0,65535_65535,0,2,6133,1425,1,1,1,37,1425,15,1,1,allocated
1,503,low_traffic,0,0,65535_65535,0,1,6133,1386,0,1,0,36,0,15,1,1,pre_allocation
1,503,low_traffic,0,0,65535_65535,0,1,6133,1425,1,1,1,37,1425,15,1,1,allocated
1,503,low_traffic,0,0,65535_65535,0,2,6133,1425,0,1,0,37,0,15,1,1,pre_allocation
1,503,low_traffic,0,0,65535_65535,0,2,6133,1464,1,1,1,38,1464,15,1,1,allocated
1,503,low_traffic,0,0,65535_65535,0,1,6133,1425,0,1,0,37,0,15,1,1,pre_allocation
1,503,low_traffic,0,0,65535_65535,0,1,6133,1464,1,1,1,38,1464,15,1,1,allocated
1,503,low_traffic,0,0,65535_65535,0,2,6133,1464,0,1,0,38,0,15,1,1,pre_allocation
1,503,low_traffic,0,0,65535_65535,0,2,6133,1502,1,1,1,39,1502,15,1,1,allocated
1,503,low_traffic,0,0,65535_65535,0,1,6133,1464,0,1,0,38,0,15,1,1,pre_allocation
1,503,low_traffic,0,0,65535_65535,0,1,6133,1502,1,1,1,39,1502,15,1,1,allocated
1,503,low_traffic,0,0,65535_65535,0,2,6133,1502,0,1,0,39,0,15,1,1,pre_allocation
1,503,low_traffic,0,0,65535_65535,0,2,6133,1538,1,1,1,40,1538,15,1,1,allocated
1,503,low_traffic,0,0,65535_65535,0,1,6133,1502,0,1,0,39,0,15,1,1,pre_allocation
1,503,low_traffic,0,0,65535_65535,0,1,6133,1538,1,1,1,40,1538,15,1,1,allocated
1,503,low_traffic,0,0,65535_65535,0,2,6133,1538,0,1,0,40,0,15,1,1,pre_allocation
1,503,low_traffic,0,0,65535_65535,0,2,6133,1577,1,1,1,41,1577,15,1,1,allocated
1,503,low_traffic,0,0,65535_65535,0,1,6133,1538,0,1,0,40,0,15,1,1,pre_allocation
1,503,low_traffic,0,0,65535_65535,0,1,6133,1577,1,1,1,41,1577,15,1,1,allocated
1,503,low_traffic,0,0,65535_65535,0,2,6133,1577,0,1,0,41,0,15,1,1,pre_allocation
1,503,low_traffic,0,0,65535_65535,0,2,6133,1615,1,1,1,42,1615,15,1,1,allocated
1,503,low_traffic,0,0,65535_65535,0,1,6133,1577,0,1,0,41,0,15,1,1,pre_allocation
1,503,low_traffic,0,0,65535_65535,0,1,6133,1615,1,1,1,42,1615,15,1,1,allocated
1,503,low_traffic,0,0,65535_65535,0,2,6133,1615,0,1,0,42,0,15,1,1,pre_allocation
1,503,low_traffic,0,0,65535_65535,0,2,6133,1654,1,1,1,43,1654,15,1,1,allocated
1,503,low_traffic,0,0,65535_65535,0,1,6133,1615,0,1,0,42,0,15,1,1,pre_allocation
1,503,low_traffic,0,0,65535_65535,0,1,6133,1654,1,1,1,43,1654,15,1,1,allocated
1,503,low_traffic,0,0,65535_65535,0,2,6133,1654,0,1,0,43,0,15,1,1,pre_allocation
1,503,low_traffic,0,0,65535_65535,0,2,6133,1692,1,1,1,44,1692,15,1,1,allocated
1,503,low_traffic,0,0,65535_65535,0,1,6133,1654,0,1,0,43,0,15,1,1,pre_allocation
1,503,low_traffic,0,0,65535_65535,0,1,6133,1692,1,1,1,44,1692,15,1,1,allocated
1,503,low_traffic,0,0,65535_65535,0,2,6133,1692,0,1,0,44,0,15,1,1,pre_allocation
1,503,low_traffic,0,0,65535_65535,0,2,6133,1731,1,1,1,45,1731,15,1,1,allocated
1,503,low_traffic,0,0,65535_65535,0,1,6133,1692,0,1,0,44,0,15,1,1,pre_allocation
1,503,low_traffic,0,0,65535_65535,0,1,6133,1731,1,1,1,45,1731,15,1,1,allocated
1,503,low_traffic,0,0,65535_65535,0,2,6133,1731,0,1,0,45,0,15,1,1,pre_allocation
1,503,low_traffic,0,0,65535_65535,0,2,6133,1770,1,1,1,46,1770,15,1,1,allocated
1,503,low_traffic,0,0,65535_65535,0,1,6133,1731,0,1,0,45,0,15,1,1,pre_allocation
1,503,low_traffic,0,0,65535_65535,0,1,6133,1770,1,1,1,46,1770,15,1,1,allocated
1,503,low_traffic,0,0,65535_65535,0,2,6133,1770,0,1,0,46,0,15,1,1,pre_allocation
1,503,low_traffic,0,0,65535_65535,0,2,6133,1808,1,1,1,47,1808,15,1,1,allocated
1,503,low_traffic,0,0,65535_65535,0,1,6133,1770,0,1,0,46,0,15,1,1,pre_allocation
1,503,low_traffic,0,0,65535_65535,0,1,6133,1808,1,1,1,47,1808,15,1,1,allocated
1,503,low_traffic,0,0,65535_65535,0,2,6133,1808,0,1,0,47,0,15,1,1,pre_allocation
1,503,low_traffic,0,0,65535_65535,0,2,6133,1847,1,1,1,48,1847,15,1,1,allocated
1,503,low_traffic,0,0,65535_65535,0,1,6133,1808,0,1,0,47,0,15,1,1,pre_allocation
1,503,low_traffic,0,0,65535_65535,0,1,6133,1847,1,1,1,48,1847,15,1,1,allocated
1,503,low_traffic,0,0,65535_65535,0,2,6133,1847,0,1,0,48,0,15,1,1,pre_allocation
1,503,low_traffic,0,0,65535_65535,0,2,6133,1885,1,1,1,49,1885,15,1,1,allocated
1,503,low_traffic,0,0,65535_65535,0,1,6133,1847,0,1,0,48,0,15,1,1,pre_allocation
1,503,low_traffic,0,0,65535_65535,0,1,6133,1885,1,1,1,49,1885,15,1,1,allocated
1,503,low_traffic,0,0,65535_65535,0,2,6133,1885,0,1,0,49,0,15,1,1,pre_allocation
1,503,low_traffic,0,0,65535_65535,0,2,6133,1924,1,1,1,50,1924,15,1,1,allocated
1,503,low_traffic,0,0,65535_65535,0,1,6133,1885,0,1,0,49,0,15,1,1,pre_allocation
1,503,low_traffic,0,0,65535_65535,0,1,6133,1924,1,1,1,50,1924,15,1,1,allocated
1,503,low_traffic,0,0,65535_65535,0,2,6133,1924,0,1,0,50,0,15,1,1,pre_allocation
1,503,low_traffic,0,0,65535_65535,0,2,6133,1963,1,1,1,51,1963,15,1,1,allocated
1,503,low_traffic,0,0,65535_65535,0,1,6133,1924,0,1,0,50,0,15,1,1,pre_allocation
1,503,low_traffic,0,0,65535_65535,0,1,6133,1963,1,1,1,51,1963,15,1,1,allocated
1,503,low_traffic,0,0,65535_65535,0,2,6133,1963,0,1,0,51,0,15,1,1,pre_allocation
1,503,low_traffic,0,0,65535_65535,0,2,6133,2001,1,1,1,52,2001,15,1,1,allocated
1,503,low_traffic,0,0,65535_65535,0,1,6133,1963,0,1,0,51,0,15,1,1,pre_allocation
1,503,low_traffic,0,0,65535_65535,0,1,6133,2001,1,1,1,52,2001,15,1,1,allocated
1,503,low_traffic,0,0,65535_65535,0,2,6133,2001,0,1,0,52,0,15,1,1,pre_allocation
1,503,low_traffic,0,0,65535_65535,0,2,6133,2040,1,1,1,53,2040,15,1,1,allocated
1,503,low_traffic,0,0,65535_65535,0,1,6133,2001,0,1,0,52,0,15,1,1,pre_allocation
1,503,low_traffic,0,0,65535_65535,0,1,6133,2040,1,1,1,53,2040,15,1,1,allocated
1,503,low_traffic,0,0,65535_65535,0,2,6133,2040,0,1,0,53,0,15,1,1,pre_allocation
1,503,low_traffic,0,0,65535_65535,0,2,6133,2078,1,1,1,54,2078,15,1,1,allocated
1,503,low_traffic,0,0,65535_65535,0,1,6133,2040,0,1,0,53,0,15,1,1,pre_allocation
1,503,low_traffic,0,0,65535_65535,0,1,6133,2078,1,1,1,54,2078,15,1,1,allocated
1,503,low_traffic,0,0,65535_65535,0,2,6133,2078,0,1,0,54,0,15,1,1,pre_allocation
1,503,low_traffic,0,0,65535_65535,0,2,6133,2117,1,1,1,55,2117,15,1,1,allocated
1,503,low_traffic,0,0,65535_65535,0,1,6133,2078,0,1,0,54,0,15,1,1,pre_allocation
1,503,low_traffic,0,0,65535_65535,0,1,6133,2117,1,1,1,55,2117,15,1,1,allocated
1,503,low_traffic,0,0,65535_65535,0,2,6133,2117,0,1,0,55,0,15,1,1,pre_allocation
1,503,low_traffic,0,0,65535_65535,0,2,6133,2156,1,1,1,56,2156,15,1,1,allocated
1,503,low_traffic,0,0,65535_65535,0,1,6133,2117,0,1,0,55,0,15,1,1,pre_allocation
1,503,low_traffic,0,0,65535_65535,0,1,6133,2156,1,1,1,56,2156,15,1,1,allocated
1,503,low_traffic,0,0,65535_65535,0,2,6133,2156,0,1,0,56,0,15,1,1,pre_allocation
1,503,low_traffic,0,0,65535_65535,0,2,6133,2194,1,1,1,57,2194,15,1,1,allocated
1,503,low_traffic,0,0,65535_65535,0,1,6133,2156,0,1,0,56,0,15,1,1,pre_allocation
1,503,low_traffic,0,0,65535_65535,0,1,6133,2194,1,1,1,57,2194,15,1,1,allocated
1,503,low_traffic,0,0,65535_65535,0,2,6133,2194,0,1,0,57,0,15,1,1,pre_allocation
1,503,low_traffic,0,0,65535_65535,0,2,6133,2233,1,1,1,58,2233,15,1,1,allocated
1,503,low_traffic,0,0,65535_65535,0,1,6133,2194,0,1,0,57,0,15,1,1,pre_allocation
1,503,low_traffic,0,0,65535_65535,0,1,6133,2233,1,1,1,58,2233,15,1,1,allocated
1,503,low_traffic,0,0,65535_65535,0,2,6133,2233,0,1,0,58,0,15,1,1,pre_allocation
1,503,low_traffic,0,0,65535_65535,0,2,6133,2271,1,1,1,59,2271,15,1,1,allocated
1,503,low_traffic,0,0,65535_65535,0,1,6133,2233,0,1,0,58,0,15,1,1,pre_allocation
1,503,low_traffic,0,0,65535_65535,0,1,6133,2271,1,1,1,59,2271,15,1,1,allocated
1,503,low_traffic,0,0,65535_65535,0,2,6133,2271,0,1,0,59,0,15,1,1,pre_allocation
1,503,low_traffic,0,0,65535_65535,0,2,6133,2307,1,1,1,60,2307,15,1,1,allocated
1,503,low_traffic,0,0,65535_65535,0,1,6133,2271,0,1,0,59,0,15,1,1,pre_allocation
1,503,low_traffic,0,0,65535_65535,0,1,6133,2307,1,1,1,60,2307,15,1,1,allocated
1,503,low_traffic,0,0,65535_65535,0,2,6133,2307,0,1,0,60,0,15,1,1,pre_allocation
1,503,low_traffic,0,0,65535_65535,0,2,6133,2346,1,1,1,61,2346,15,1,1,allocated
1,503,low_traffic,0,0,65535_65535,1,4,169,0,0,1,0,0,0,15,1,1,pre_allocation
1,503,low_traffic,0,0,65535_65535,1,4,169,35,1,1,1,1,35,15,1,1,allocated
1,503,low_traffic,0,0,65535_65535,1,3,169,0,0,1,0,0,0,15,1,1,pre_allocation
1,503,low_traffic,0,0,65535_65535,1,3,169,35,1,1,1,1,35,15,1,1,allocated
1,503,low_traffic,0,0,65535_65535,1,4,169,35,0,1,0,1,0,15,1,1,pre_allocation
1,503,low_traffic,0,0,65535_65535,1,4,169,74,1,1,1,2,74,15,1,1,allocated
1,503,low_traffic,0,0,65535_65535,1,3,169,35,0,1,0,1,0,15,1,1,pre_allocation
1,503,low_traffic,0,0,65535_65535,1,3,169,74,1,1,1,2,74,15,1,1,allocated
1,503,low_traffic,0,0,65535_65535,1,4,169,74,0,1,0,2,0,15,1,1,pre_allocation
1,503,low_traffic,0,0,65535_65535,1,4,169,112,1,1,1,3,112,15,1,1,allocated
1,503,low_traffic,0,0,65535_65535,1,3,169,74,0,1,0,2,0,15,1,1,pre_allocation
1,503,low_traffic,0,0,65535_65535,1,3,169,112,1,1,1,3,112,15,1,1,allocated
1,503,low_traffic,0,0,65535_65535,1,4,169,112,0,1,0,3,0,15,1,1,pre_allocation
1,503,low_traffic,0,0,65535_65535,1,4,169,151,1,1,1,4,151,15,1,1,allocated
1,503,low_traffic,0,0,65535_65535,1,3,169,112,0,1,0,3,0,15,1,1,pre_allocation
1,503,low_traffic,0,0,65535_65535,1,3,169,151,1,1,1,4,151,15,1,1,allocated
1,503,low_traffic,0,0,65535_65535,1,4,169,151,0,1,0,4,0,15,1,1,pre_allocation
1,503,low_traffic,0,0,65535_65535,1,4,169,190,1,1,1,5,190,15,1,1,allocated
1,503,low_traffic,0,0,65535_65535,1,3,169,151,0,1,0,4,0,15,1,1,pre_allocation
1,503,low_traffic,0,0,65535_65535,1,3,169,190,1,1,1,5,190,15,1,1,allocated
1,503,low_traffic,0,0,65535_65535,1,4,169,190,0,1,0,5,0,15,1,1,pre_allocation
1,503,low_traffic,0,0,65535_65535,1,4,169,228,1,1,1,6,228,15,1,1,allocated
1,503,low_traffic,0,0,65535_65535,1,3,169,190,0,1,0,5,0,15,1,1,pre_allocation
1,503,low_traffic,0,0,65535_65535,1,3,169,228,1,1,1,6,228,15,1,1,allocated
1,503,low_traffic,0,0,65535_65535,1,4,169,228,0,1,0,6,0,15,1,1,pre_allocation
1,503,low_traffic,0,0,65535_65535,1,4,169,267,1,1,1,7,267,15,1,1,allocated
1,503,low_traffic,0,0,65535_65535,1,3,169,228,0,1,0,6,0,15,1,1,pre_allocation
1,503,low_traffic,0,0,65535_65535,1,3,169,267,1,1,1,7,267,15,1,1,allocated
1,503,low_traffic,0,0,65535_65535,1,4,169,267,0,1,0,7,0,15,1,1,pre_allocation
1,503,low_traffic,0,0,65535_65535,1,4,169,305,1,1,1,8,305,15,1,1,allocated
1,503,low_traffic,0,0,65535_65535,1,3,169,267,0,1,0,7,0,15,1,1,pre_allocation
1,503,low_traffic,0,0,65535_65535,1,3,169,305,1,1,1,8,305,15,1,1,allocated
1,503,low_traffic,0,0,65535_65535,1,4,169,305,0,1,0,8,0,15,1,1,pre_allocation
1,503,low_traffic,0,0,65535_65535,1,4,169,344,1,1,1,9,344,15,1,1,allocated
1,503,low_traffic,0,0,65535_65535,1,3,169,305,0,1,0,8,0,15,1,1,pre_allocation
1,503,low_traffic,0,0,65535_65535,1,3,169,344,1,1,1,9,344,15,1,1,allocated
1,503,low_traffic,0,0,65535_65535,1,4,169,344,0,1,0,9,0,15,1,1,pre_allocation
1,503,low_traffic,0,0,65535_65535,1,4,169,383,1,1,1,10,383,15,1,1,allocated
1,503,low_traffic,0,0,65535_65535,1,3,169,344,0,1,0,9,0,15,1,1,pre_allocation
1,503,low_traffic,0,0,65535_65535,1,3,169,383,1,1,1,10,383,15,1,1,allocated
1,503,low_traffic,0,0,65535_65535,1,4,169,383,0,1,0,10,0,15,1,1,pre_allocation
1,503,low_traffic,0,0,65535_65535,1,4,169,421,1,1,1,11,421,15,1,1,allocated
1,503,low_traffic,0,0,65535_65535,1,3,169,383,0,1,0,10,0,15,1,1,pre_allocation
1,503,low_traffic,0,0,65535_65535,1,3,169,421,1,1,1,11,421,15,1,1,allocated
1,503,low_traffic,0,0,65535_65535,1,4,169,421,0,1,0,11,0,15,1,1,pre_allocation
1,503,low_traffic,0,0,65535_65535,1,4,169,460,1,1,1,12,460,15,1,1,allocated
1,503,low_traffic,0,0,65535_65535,1,3,169,421,0,1,0,11,0,15,1,1,pre_allocation
1,503,low_traffic,0,0,65535_65535,1,3,169,460,1,1,1,12,460,15,1,1,allocated
1,503,low_traffic,0,0,65535_65535,1,4,169,460,0,1,0,12,0,15,1,1,pre_allocation
1,503,low_traffic,0,0,65535_65535,1,4,169,498,1,1,1,13,498,15,1,1,allocated
1,503,low_traffic,0,0,65535_65535,1,3,169,460,0,1,0,12,0,15,1,1,pre_allocation
1,503,low_traffic,0,0,65535_65535,1,3,169,498,1,1,1,13,498,15,1,1,allocated
1,503,low_traffic,0,0,65535_65535,1,4,169,498,0,1,0,13,0,15,1,1,pre_allocation
1,503,low_traffic,0,0,65535_65535,1,4,169,537,1,1,1,14,537,15,1,1,allocated
1,503,low_traffic,0,0,65535_65535,1,3,169,498,0,1,0,13,0,15,1,1,pre_allocation
1,503,low_traffic,0,0,65535_65535,1,3,169,537,1,1,1,14,537,15,1,1,allocated
1,503,low_traffic,0,0,65535_65535,1,4,169,537,0,1,0,14,0,15,1,1,pre_allocation
1,503,low_traffic,0,0,65535_65535,1,4,169,576,1,1,1,15,576,15,1,1,allocated
1,503,low_traffic,0,0,65535_65535,1,3,169,537,0,1,0,14,0,15,1,1,pre_allocation
1,503,low_traffic,0,0,65535_65535,1,3,169,576,1,1,1,15,576,15,1,1,allocated
1,503,low_traffic,0,0,65535_65535,1,4,169,576,0,1,0,15,0,15,1,1,pre_allocation
1,503,low_traffic,0,0,65535_65535,1,4,169,614,1,1,1,16,614,15,1,1,allocated
1,503,low_traffic,0,0,65535_65535,1,3,169,576,0,1,0,15,0,15,1,1,pre_allocation
1,503,low_traffic,0,0,65535_65535,1,3,169,614,1,1,1,16,614,15,1,1,allocated
1,503,low_traffic,0,0,65535_65535,1,4,169,614,0,1,0,16,0,15,1,1,pre_allocation
1,503,low_traffic,0,0,65535_65535,1,4,169,653,1,1,1,17,653,15,1,1,allocated
1,503,low_traffic,0,0,65535_65535,1,3,169,614,0,1,0,16,0,15,1,1,pre_allocation
1,503,low_traffic,0,0,65535_65535,1,3,169,653,1,1,1,17,653,15,1,1,allocated
1,503,low_traffic,0,0,65535_65535,1,4,169,653,0,1,0,17,0,15,1,1,pre_allocation
1,503,low_traffic,0,0,65535_65535,1,4,169,691,1,1,1,18,691,15,1,1,allocated
1,503,low_traffic,0,0,65535_65535,1,3,169,653,0,1,0,17,0,15,1,1,pre_allocation
1,503,low_traffic,0,0,65535_65535,1,3,169,691,1,1,1,18,691,15,1,1,allocated
1,503,low_traffic,0,0,65535_65535,1,4,169,691,0,1,0,18,0,15,1,1,pre_allocation
1,503,low_traffic,0,0,65535_65535,1,4,169,730,1,1,1,19,730,15,1,1,allocated
1,503,low_traffic,0,0,65535_65535,1,3,169,691,0,1,0,18,0,15,1,1,pre_allocation
1,503,low_traffic,0,0,65535_65535,1,3,169,730,1,1,1,19,730,15,1,1,allocated
1,503,low_traffic,0,0,65535_65535,1,4,169,730,0,1,0,19,0,15,1,1,pre_allocation
1,503,low_traffic,0,0,65535_65535,1,4,169,769,1,1,1,20,769,15,1,1,allocated
1,503,low_traffic,0,0,65535_65535,1,3,169,730,0,1,0,19,0,15,1,1,pre_allocation
1,503,low_traffic,0,0,65535_65535,1,3,169,769,1,1,1,20,769,15,1,1,allocated
1,503,low_traffic,0,0,65535_65535,1,4,169,769,0,1,0,20,0,15,1,1,pre_allocation
1,503,low_traffic,0,0,65535_65535,1,4,169,807,1,1,1,21,807,15,1,1,allocated
1,503,low_traffic,0,0,65535_65535,1,3,169,769,0,1,0,20,0,15,1,1,pre_allocation
1,503,low_traffic,0,0,65535_65535,1,3,169,807,1,1,1,21,807,15,1,1,allocated
1,503,low_traffic,0,0,65535_65535,1,4,169,807,0,1,0,21,0,15,1,1,pre_allocation
1,503,low_traffic,0,0,65535_65535,1,4,169,846,1,1,1,22,846,15,1,1,allocated
1,503,low_traffic,0,0,65535_65535,1,3,169,807,0,1,0,21,0,15,1,1,pre_allocation
1,503,low_traffic,0,0,65535_65535,1,3,169,846,1,1,1,22,846,15,1,1,allocated
1,503,low_traffic,0,0,65535_65535,1,4,169,846,0,1,0,22,0,15,1,1,pre_allocation
1,503,low_traffic,0,0,65535_65535,1,4,169,885,1,1,1,23,885,15,1,1,allocated
1,503,low_traffic,0,0,65535_65535,1,3,169,846,0,1,0,22,0,15,1,1,pre_allocation
1,503,low_traffic,0,0,65535_65535,1,3,169,885,1,1,1,23,885,15,1,1,allocated
1,503,low_traffic,0,0,65535_65535,1,4,169,885,0,1,0,23,0,15,1,1,pre_allocation
1,503,low_traffic,0,0,65535_65535,1,4,169,923,1,1,1,24,923,15,1,1,allocated
1,503,low_traffic,0,0,65535_65535,1,3,169,885,0,1,0,23,0,15,1,1,pre_allocation
1,503,low_traffic,0,0,65535_65535,1,3,169,923,1,1,1,24,923,15,1,1,allocated
1,503,low_traffic,0,0,65535_65535,1,4,169,923,0,1,0,24,0,15,1,1,pre_allocation
1,503,low_traffic,0,0,65535_65535,1,4,169,962,1,1,1,25,962,15,1,1,allocated
1,503,low_traffic,0,0,65535_65535,1,3,169,923,0,1,0,24,0,15,1,1,pre_allocation
1,503,low_traffic,0,0,65535_65535,1,3,169,962,1,1,1,25,962,15,1,1,allocated
1,503,low_traffic,0,0,65535_65535,1,4,169,962,0,1,0,25,0,15,1,1,pre_allocation
1,503,low_traffic,0,0,65535_65535,1,4,169,1000,1,1,1,26,1000,15,1,1,allocated
1,503,low_traffic,0,0,65535_65535,1,3,169,962,0,1,0,25,0,15,1,1,pre_allocation
1,503,low_traffic,0,0,65535_65535,1,3,169,1000,1,1,1,26,1000,15,1,1,allocated
1,503,low_traffic,0,0,65535_65535,1,4,169,1000,0,1,0,26,0,15,1,1,pre_allocation
1,503,low_traffic,0,0,65535_65535,1,4,169,1039,1,1,1,27,1039,15,1,1,allocated
1,503,low_traffic,0,0,65535_65535,1,3,169,1000,0,1,0,26,0,15,1,1,pre_allocation
1,503,low_traffic,0,0,65535_65535,1,3,169,1039,1,1,1,27,1039,15,1,1,allocated
1,503,low_traffic,0,0,65535_65535,1,4,169,1039,0,1,0,27,0,15,1,1,pre_allocation
1,503,low_traffic,0,0,65535_65535,1,4,169,1078,1,1,1,28,1078,15,1,1,allocated
1,503,low_traffic,0,0,65535_65535,1,3,169,1039,0,1,0,27,0,15,1,1,pre_allocation
1,503,low_traffic,0,0,65535_65535,1,3,169,1078,1,1,1,28,1078,15,1,1,allocated
1,503,low_traffic,0,0,65535_65535,1,4,169,1078,0,1,0,28,0,15,1,1,pre_allocation
1,503,low_traffic,0,0,65535_65535,1,4,169,1116,1,1,1,29,1116,15,1,1,allocated
1,503,low_traffic,0,0,65535_65535,1,3,169,1078,0,1,0,28,0,15,1,1,pre_allocation
1,503,low_traffic,0,0,65535_65535,1,3,169,1116,1,1,1,29,1116,15,1,1,allocated
1,503,low_traffic,0,0,65535_65535,1,4,169,1116,0,1,0,29,0,15,1,1,pre_allocation
1,503,low_traffic,0,0,65535_65535,1,4,169,1155,1,1,1,30,1155,15,1,1,allocated
1,503,low_traffic,0,0,65535_65535,1,3,169,1116,0,1,0,29,0,15,1,1,pre_allocation
1,503,low_traffic,0,0,65535_65535,1,3,169,1155,1,1,1,30,1155,15,1,1,allocated
1,503,low_traffic,0,0,65535_65535,1,4,169,1155,0,1,0,30,0,15,1,1,pre_allocation
1,503,low_traffic,0,0,65535_65535,1,4,169,1193,1,1,1,31,1193,15,1,1,allocated
1,503,low_traffic,0,0,65535_65535,1,3,169,1155,0,1,0,30,0,15,1,1,pre_allocation
1,503,low_traffic,0,0,65535_65535,1,3,169,1193,1,1,1,31,1193,15,1,1,allocated
1,503,low_traffic,0,0,65535_65535,1,4,169,1193,0,1,0,31,0,15,1,1,pre_allocation
1,503,low_traffic,0,0,65535_65535,1,4,169,1232,1,1,1,32,1232,15,1,1,allocated
1,503,low_traffic,0,0,65535_65535,1,3,169,1193,0,1,0,31,0,15,1,1,pre_allocation
1,503,low_traffic,0,0,65535_65535,1,3,169,1232,1,1,1,32,1232,15,1,1,allocated
1,503,low_traffic,0,0,65535_65535,1,4,169,1232,0,1,0,32,0,15,1,1,pre_allocation
1,503,low_traffic,0,0,65535_65535,1,4,169,1271,1,1,1,33,1271,15,1,1,allocated
1,503,low_traffic,0,0,65535_65535,1,3,169,1232,0,1,0,32,0,15,1,1,pre_allocation
1,503,low_traffic,0,0,65535_65535,1,3,169,1271,1,1,1,33,1271,15,1,1,allocated
1,503,low_traffic,0,0,65535_65535,1,4,169,1271,0,1,0,33,0,15,1,1,pre_allocation
1,503,low_traffic,0,0,65535_65535,1,4,169,1309,1,1,1,34,1309,15,1,1,allocated
1,503,low_traffic,0,0,65535_65535,1,3,169,1271,0,1,0,33,0,15,1,1,pre_allocation
1,503,low_traffic,0,0,65535_65535,1,3,169,1309,1,1,1,34,1309,15,1,1,allocated
1,503,low_traffic,0,0,65535_65535,1,4,169,1309,0,1,0,34,0,15,1,1,pre_allocation
1,503,low_traffic,0,0,65535_65535,1,4,169,1348,1,1,1,35,1348,15,1,1,allocated
1,503,low_traffic,0,0,65535_65535,1,3,169,1309,0,1,0,34,0,15,1,1,pre_allocation
1,503,low_traffic,0,0,65535_65535,1,3,169,1348,1,1,1,35,1348,15,1,1,allocated
1,503,low_traffic,0,0,65535_65535,1,4,169,1348,0,1,0,35,0,15,1,1,pre_allocation
1,503,low_traffic,0,0,65535_65535,1,4,169,1386,1,1,1,36,1386,15,1,1,allocated
1,503,low_traffic,0,0,65535_65535,1,3,169,1348,0,1,0,35,0,15,1,1,pre_allocation
1,503,low_traffic,0,0,65535_65535,1,3,169,1386,1,1,1,36,1386,15,1,1,allocated
1,503,low_traffic,0,0,65535_65535,1,4,169,1386,0,1,0,36,0,15,1,1,pre_allocation
1,503,low_traffic,0,0,65535_65535,1,4,169,1425,1,1,1,37,1425,15,1,1,allocated
1,503,low_traffic,0,0,65535_65535,1,3,169,1386,0,1,0,36,0,15,1,1,pre_allocation
1,503,low_traffic,0,0,65535_65535,1,3,169,1425,1,1,1,37,1425,15,1,1,allocated
1,503,low_traffic,0,0,65535_65535,1,4,169,1425,0,1,0,37,0,15,1,1,pre_allocation
1,503,low_traffic,0,0,65535_65535,1,4,169,1464,1,1,1,38,1464,15,1,1,allocated
1,503,low_traffic,0,0,65535_65535,1,3,169,1425,0,1,0,37,0,15,1,1,pre_allocation
1,503,low_traffic,0,0,65535_65535,1,3,169,1464,1,1,1,38,1464,15,1,1,allocated
1,503,low_traffic,0,0,65535_65535,1,4,169,1464,0,1,0,38,0,15,1,1,pre_allocation
1,503,low_traffic,0,0,65535_65535,1,4,169,1502,1,1,1,39,1502,15,1,1,allocated
1,503,low_traffic,0,0,65535_65535,1,3,169,1464,0,1,0,38,0,15,1,1,pre_allocation
1,503,low_traffic,0,0,65535_65535,1,3,169,1502,1,1,1,39,1502,15,1,1,allocated
1,503,low_traffic,0,0,65535_65535,1,4,169,1502,0,1,0,39,0,15,1,1,pre_allocation
1,503,low_traffic,0,0,65535_65535,1,4,169,1538,1,1,1,40,1538,15,1,1,allocated
1,503,low_traffic,0,0,65535_65535,1,3,169,1502,0,1,0,39,0,15,1,1,pre_allocation
1,503,low_traffic,0,0,65535_65535,1,3,169,1538,1,1,1,40,1538,15,1,1,allocated
1,503,low_traffic,0,0,65535_65535,1,4,169,1538,0,1,0,40,0,15,1,1,pre_allocation
1,503,low_traffic,0,0,65535_65535,1,4,169,1577,1,1,1,41,1577,15,1,1,allocated
1,503,low_traffic,0,0,65535_65535,1,3,169,1538,0,1,0,40,0,15,1,1,pre_allocation
1,503,low_traffic,0,0,65535_65535,1,3,169,1577,1,1,1,41,1577,15,1,1,allocated
1,503,low_traffic,0,0,65535_65535,1,4,169,1577,0,1,0,41,0,15,1,1,pre_allocation
1,503,low_traffic,0,0,65535_65535,1,4,169,1615,1,1,1,42,1615,15,1,1,allocated
1,503,low_traffic,0,0,65535_65535,1,3,169,1577,0,1,0,41,0,15,1,1,pre_allocation
1,503,low_traffic,0,0,65535_65535,1,3,169,1615,1,1,1,42,1615,15,1,1,allocated
1,503,low_traffic,0,0,65535_65535,1,4,169,1615,0,1,0,42,0,15,1,1,pre_allocation
1,503,low_traffic,0,0,65535_65535,1,4,169,1654,1,1,1,43,1654,15,1,1,allocated
1,503,low_traffic,0,0,65535_65535,1,3,169,1615,0,1,0,42,0,15,1,1,pre_allocation
1,503,low_traffic,0,0,65535_65535,1,3,169,1654,1,1,1,43,1654,15,1,1,allocated
1,503,low_traffic,0,0,65535_65535,1,4,169,1654,0,1,0,43,0,15,1,1,pre_allocation
1,503,low_traffic,0,0,65535_65535,1,4,169,1692,1,1,1,44,1692,15,1,1,allocated
1,503,low_traffic,0,0,65535_65535,1,3,169,1654,0,1,0,43,0,15,1,1,pre_allocation
1,503,low_traffic,0,0,65535_65535,1,3,169,1692,1,1,1,44,1692,15,1,1,allocated
1,503,low_traffic,0,0,65535_65535,1,4,169,1692,0,1,0,44,0,15,1,1,pre_allocation
1,503,low_traffic,0,0,65535_65535,1,4,169,1731,1,1,1,45,1731,15,1,1,allocated
1,503,low_traffic,0,0,65535_65535,1,3,169,1692,0,1,0,44,0,15,1,1,pre_allocation
1,503,low_traffic,0,0,65535_65535,1,3,169,1731,1,1,1,45,1731,15,1,1,allocated
1,503,low_traffic,0,0,65535_65535,1,4,169,1731,0,1,0,45,0,15,1,1,pre_allocation
1,503,low_traffic,0,0,65535_65535,1,4,169,1770,1,1,1,46,1770,15,1,1,allocated
1,503,low_traffic,0,0,65535_65535,1,3,169,1731,0,1,0,45,0,15,1,1,pre_allocation
1,503,low_traffic,0,0,65535_65535,1,3,169,1770,1,1,1,46,1770,15,1,1,allocated
1,503,low_traffic,0,0,65535_65535,1,4,169,1770,0,1,0,46,0,15,1,1,pre_allocation
1,503,low_traffic,0,0,65535_65535,1,4,169,1808,1,1,1,47,1808,15,1,1,allocated
1,503,low_traffic,0,0,65535_65535,1,3,169,1770,0,1,0,46,0,15,1,1,pre_allocation
1,503,low_traffic,0,0,65535_65535,1,3,169,1808,1,1,1,47,1808,15,1,1,allocated
1,503,low_traffic,0,0,65535_65535,1,4,169,1808,0,1,0,47,0,15,1,1,pre_allocation
1,503,low_traffic,0,0,65535_65535,1,4,169,1847,1,1,1,48,1847,15,1,1,allocated
1,503,low_traffic,0,0,65535_65535,1,3,169,1808,0,1,0,47,0,15,1,1,pre_allocation
1,503,low_traffic,0,0,65535_65535,1,3,169,1847,1,1,1,48,1847,15,1,1,allocated
1,503,low_traffic,0,0,65535_65535,1,4,169,1847,0,1,0,48,0,15,1,1,pre_allocation
1,503,low_traffic,0,0,65535_65535,1,4,169,1885,1,1,1,49,1885,15,1,1,allocated
1,503,low_traffic,0,0,65535_65535,1,3,169,1847,0,1,0,48,0,15,1,1,pre_allocation
1,503,low_traffic,0,0,65535_65535,1,3,169,1885,1,1,1,49,1885,15,1,1,allocated
1,503,low_traffic,0,0,65535_65535,1,4,169,1885,0,1,0,49,0,15,1,1,pre_allocation
1,503,low_traffic,0,0,65535_65535,1,4,169,1924,1,1,1,50,1924,15,1,1,allocated
1,503,low_traffic,0,0,65535_65535,1,3,169,1885,0,1,0,49,0,15,1,1,pre_allocation
1,503,low_traffic,0,0,65535_65535,1,3,169,1924,1,1,1,50,1924,15,1,1,allocated
1,503,low_traffic,0,0,65535_65535,1,4,169,1924,0,1,0,50,0,15,1,1,pre_allocation
1,503,low_traffic,0,0,65535_65535,1,4,169,1963,1,1,1,51,1963,15,1,1,allocated
1,503,low_traffic,0,0,65535_65535,1,3,169,1924,0,1,0,50,0,15,1,1,pre_allocation
1,503,low_traffic,0,0,65535_65535,1,3,169,1963,1,1,1,51,1963,15,1,1,allocated
1,503,low_traffic,0,0,65535_65535,1,4,169,1963,0,1,0,51,0,15,1,1,pre_allocation
1,503,low_traffic,0,0,65535_65535,1,4,169,2001,1,1,1,52,2001,15,1,1,allocated
1,503,low_traffic,0,0,65535_65535,1,3,169,1963,0,1,0,51,0,15,1,1,pre_allocation
1,503,low_traffic,0,0,65535_65535,1,3,169,2001,1,1,1,52,2001,15,1,1,allocated
1,503,low_traffic,0,0,65535_65535,1,4,169,2001,0,1,0,52,0,15,1,1,pre_allocation
1,503,low_traffic,0,0,65535_65535,1,4,169,2040,1,1,1,53,2040,15,1,1,allocated
1,503,low_traffic,0,0,65535_65535,1,3,169,2001,0,1,0,52,0,15,1,1,pre_allocation
1,503,low_traffic,0,0,65535_65535,1,3,169,2040,1,1,1,53,2040,15,1,1,allocated
1,503,low_traffic,0,0,65535_65535,1,4,169,2040,0,1,0,53,0,15,1,1,pre_allocation
1,503,low_traffic,0,0,65535_65535,1,4,169,2078,1,1,1,54,2078,15,1,1,allocated
1,503,low_traffic,0,0,65535_65535,1,3,169,2040,0,1,0,53,0,15,1,1,pre_allocation
1,503,low_traffic,0,0,65535_65535,1,3,169,2078,1,1,1,54,2078,15,1,1,allocated
1,503,low_traffic,0,0,65535_65535,1,4,169,2078,0,1,0,54,0,15,1,1,pre_allocation
1,503,low_traffic,0,0,65535_65535,1,4,169,2117,1,1,1,55,2117,15,1,1,allocated
1,503,low_traffic,0,0,65535_65535,1,3,169,2078,0,1,0,54,0,15,1,1,pre_allocation
1,503,low_traffic,0,0,65535_65535,1,3,169,2117,1,1,1,55,2117,15,1,1,allocated
1,503,low_traffic,0,0,65535_65535,1,4,169,2117,0,1,0,55,0,15,1,1,pre_allocation
1,503,low_traffic,0,0,65535_65535,1,4,169,2156,1,1,1,56,2156,15,1,1,allocated
1,503,low_traffic,0,0,65535_65535,1,3,169,2117,0,1,0,55,0,15,1,1,pre_allocation
1,503,low_traffic,0,0,65535_65535,1,3,169,2156,1,1,1,56,2156,15,1,1,allocated
1,503,low_traffic,0,0,65535_65535,1,4,169,2156,0,1,0,56,0,15,1,1,pre_allocation
1,503,low_traffic,0,0,65535_65535,1,4,169,2194,1,1,1,57,2194,15,1,1,allocated
1,503,low_traffic,0,0,65535_65535,1,3,169,2156,0,1,0,56,0,15,1,1,pre_allocation
1,503,low_traffic,0,0,65535_65535,1,3,169,2194,1,1,1,57,2194,15,1,1,allocated
1,503,low_traffic,0,0,65535_65535,1,4,169,2194,0,1,0,57,0,15,1,1,pre_allocation
1,503,low_traffic,0,0,65535_65535,1,4,169,2233,1,1,1,58,2233,15,1,1,allocated
1,503,low_traffic,0,0,65535_65535,1,3,169,2194,0,1,0,57,0,15,1,1,pre_allocation
1,503,low_traffic,0,0,65535_65535,1,3,169,2233,1,1,1,58,2233,15,1,1,allocated
1,503,low_traffic,0,0,65535_65535,1,4,169,2233,0,1,0,58,0,15,1,1,pre_allocation
1,503,low_traffic,0,0,65535_65535,1,4,169,2271,1,1,1,59,2271,15,1,1,allocated
1,503,low_traffic,0,0,65535_65535,1,3,169,2233,0,1,0,58,0,15,1,1,pre_allocation
1,503,low_traffic,0,0,65535_65535,1,3,169,2271,1,1,1,59,2271,15,1,1,allocated
1,503,low_traffic,0,0,65535_65535,1,4,169,2271,0,1,0,59,0,15,1,1,pre_allocation
1,503,low_traffic,0,0,65535_65535,1,4,169,2307,1,1,1,60,2307,15,1,1,allocated
1,503,low_traffic,0,0,65535_65535,1,3,169,2271,0,1,0,59,0,15,1,1,pre_allocation
1,503,low_traffic,0,0,65535_65535,1,3,169,2307,1,1,1,60,2307,15,1,1,allocated
1,503,low_traffic,0,0,65535_65535,1,4,169,2307,0,1,0,60,0,15,1,1,pre_allocation
1,503,low_traffic,0,0,65535_65535,1,4,169,2346,1,1,1,61,2346,15,1,1,allocated
1,503,low_traffic,0,0,65535_65535,1,3,169,2307,0,1,0,60,0,15,1,1,pre_allocation
1,503,low_traffic,0,0,65535_65535,1,3,169,2346,1,1,1,61,2346,15,1,1,allocated
1,503,low_traffic,0,0,65535_65535,1,4,169,2346,0,1,0,61,0,15,1,1,pre_allocation
1,503,low_traffic,0,0,65535_65535,1,4,169,2384,1,1,1,62,2384,15,1,1,allocated
1,503,low_traffic,0,0,65535_65535,1,3,169,2346,0,1,0,61,0,15,1,1,pre_allocation
1,503,low_traffic,0,0,65535_65535,1,3,169,2384,1,1,1,62,2384,15,1,1,allocated
1,503,low_traffic,0,0,65535_65535,1,4,169,2384,0,1,0,62,0,15,1,1,pre_allocation
1,503,low_traffic,0,0,65535_65535,1,4,169,2423,1,1,1,63,2423,15,1,1,allocated
1,503,low_traffic,0,0,65535_65535,1,3,169,2384,0,1,0,62,0,15,1,1,pre_allocation
1,503,low_traffic,0,0,65535_65535,1,3,169,2423,1,1,1,63,2423,15,1,1,allocated
1,503,low_traffic,0,0,65535_65535,1,4,169,2423,0,1,0,63,0,15,1,1,pre_allocation
1,503,low_traffic,0,0,65535_65535,1,4,169,2462,1,1,1,64,2462,15,1,1,allocated
1,503,low_traffic,0,0,65535_65535,1,3,169,2423,0,1,0,63,0,15,1,1,pre_allocation
1,503,low_traffic,0,0,65535_65535,1,3,169,2462,1,1,1,64,2462,15,1,1,allocated
1,503,low_traffic,0,0,65535_65535,1,4,169,2462,0,1,0,64,0,15,1,1,pre_allocation
1,503,low_traffic,0,0,65535_65535,1,4,169,2500,1,1,1,65,2500,15,1,1,allocated
1,503,low_traffic,0,0,65535_65535,1,3,169,2462,0,1,0,64,0,15,1,1,pre_allocation
1,503,low_traffic,0,0,65535_65535,1,3,169,2500,1,1,1,65,2500,15,1,1,allocated
1,503,low_traffic,0,0,65535_65535,1,4,169,2500,0,1,0,65,0,15,1,1,pre_allocation
1,503,low_traffic,0,0,65535_65535,1,4,169,2539,1,1,1,66,2539,15,1,1,allocated
1,503,low_traffic,0,0,65535_65535,1,3,169,2500,0,1,0,65,0,15,1,1,pre_allocation
1,503,low_traffic,0,0,65535_65535,1,3,169,2539,1,1,1,66,2539,15,1,1,allocated
1,503,low_traffic,0,0,65535_65535,1,4,169,2539,0,1,0,66,0,15,1,1,pre_allocation
1,503,low_traffic,0,0,65535_65535,1,4,169,2577,1,1,1,67,2577,15,1,1,allocated
1,503,low_traffic,0,0,65535_65535,1,3,169,2539,0,1,0,66,0,15,1,1,pre_allocation
1,503,low_traffic,0,0,65535_65535,1,3,169,2577,1,1,1,67,2577,15,1,1,allocated
1,503,low_traffic,0,0,65535_65535,1,4,169,2577,0,1,0,67,0,15,1,1,pre_allocation
1,503,low_traffic,0,0,65535_65535,1,4,169,2616,1,1,1,68,2616,15,1,1,allocated
1,503,low_traffic,0,0,65535_65535,1,3,169,2577,0,1,0,67,0,15,1,1,pre_allocation
1,503,low_traffic,0,0,65535_65535,1,3,169,2616,1,1,1,68,2616,15,1,1,allocated
1,503,low_traffic,0,0,65535_65535,1,4,169,2616,0,1,0,68,0,15,1,1,pre_allocation
1,503,low_traffic,0,0,65535_65535,1,4,169,2655,1,1,1,69,2655,15,1,1,allocated
1,503,low_traffic,0,0,65535_65535,1,3,169,2616,0,1,0,68,0,15,1,1,pre_allocation
1,503,low_traffic,0,0,65535_65535,1,3,169,2655,1,1,1,69,2655,15,1,1,allocated
1,503,low_traffic,0,0,65535_65535,1,4,169,2655,0,1,0,69,0,15,1,1,pre_allocation
1,503,low_traffic,0,0,65535_65535,1,4,169,2693,1,1,1,70,2693,15,1,1,allocated
1,503,low_traffic,0,0,65535_65535,1,3,169,2655,0,1,0,69,0,15,1,1,pre_allocation
1,503,low_traffic,0,0,65535_65535,1,3,169,2693,1,1,1,70,2693,15,1,1,allocated
1,503,low_traffic,0,0,65535_65535,1,4,169,2693,0,1,0,70,0,15,1,1,pre_allocation
1,503,low_traffic,0,0,65535_65535,1,4,169,2732,1,1,1,71,2732,15,1,1,allocated
1,503,low_traffic,0,0,65535_65535,1,3,169,2693,0,1,0,70,0,15,1,1,pre_allocation
1,503,low_traffic,0,0,65535_65535,1,3,169,2732,1,1,1,71,2732,15,1,1,allocated
1,503,low_traffic,0,0,65535_65535,1,4,169,2732,0,1,0,71,0,15,1,1,pre_allocation
1,503,low_traffic,0,0,65535_65535,1,4,169,2770,1,1,1,72,2770,15,1,1,allocated
1,503,low_traffic,0,0,65535_65535,1,3,169,2732,0,1,0,71,0,15,1,1,pre_allocation
1,503,low_traffic,0,0,65535_65535,1,3,169,2770,1,1,1,72,2770,15,1,1,allocated
1,503,low_traffic,0,0,65535_65535,1,4,169,2770,0,1,0,72,0,15,1,1,pre_allocation
1,503,low_traffic,0,0,65535_65535,1,4,169,2809,1,1,1,73,2809,15,1,1,allocated
71,601,low_traffic,0,0,65535_65535,0,2,256522,0,0,1,0,0,0,12,1,1,pre_allocation
71,601,low_traffic,0,0,65535_65535,0,2,256522,5,1,1,1,1,5,12,1,1,allocated
71,601,low_traffic,0,0,65535_65535,0,2,256522,5,0,1,0,1,0,12,1,1,pre_allocation
71,601,low_traffic,0,0,65535_65535,0,2,256522,13,1,1,1,2,13,12,1,1,allocated
71,601,low_traffic,0,0,65535_65535,0,2,256522,13,0,1,0,2,0,12,1,1,pre_allocation
71,601,low_traffic,0,0,65535_65535,0,2,256522,21,1,1,1,3,21,12,1,1,allocated
71,601,low_traffic,0,0,65535_65535,0,2,256522,21,0,1,0,3,0,12,1,1,pre_allocation
71,601,low_traffic,0,0,65535_65535,0,2,256522,29,1,1,1,4,29,12,1,1,allocated
71,601,low_traffic,0,0,65535_65535,0,2,256522,29,0,1,0,4,0,12,1,1,pre_allocation
71,601,low_traffic,0,0,65535_65535,0,2,256522,37,1,1,1,5,37,12,1,1,allocated
71,601,low_traffic,0,0,65535_65535,0,2,256522,37,0,1,0,5,0,12,1,1,pre_allocation
71,601,low_traffic,0,0,65535_65535,0,2,256522,45,1,1,1,6,45,12,1,1,allocated
71,601,low_traffic,0,0,65535_65535,0,2,256522,45,0,1,0,6,0,12,1,1,pre_allocation
71,601,low_traffic,0,0,65535_65535,0,2,256522,53,1,1,1,7,53,12,1,1,allocated
71,601,low_traffic,0,0,65535_65535,0,2,256522,53,0,1,0,7,0,12,1,1,pre_allocation
71,601,low_traffic,0,0,65535_65535,0,2,256522,62,1,1,1,8,62,12,1,1,allocated
71,601,low_traffic,0,0,65535_65535,0,2,256522,62,0,1,0,8,0,12,1,1,pre_allocation
71,601,low_traffic,0,0,65535_65535,0,2,256522,70,1,1,1,9,70,12,1,1,allocated
71,601,low_traffic,0,0,65535_65535,0,2,256522,70,0,1,0,9,0,12,1,1,pre_allocation
71,601,low_traffic,0,0,65535_65535,0,2,256522,78,1,1,1,10,78,12,1,1,allocated
71,601,low_traffic,0,0,65535_65535,0,2,256522,78,0,1,0,10,0,12,1,1,pre_allocation
71,601,low_traffic,0,0,65535_65535,0,2,256522,86,1,1,1,11,86,12,1,1,allocated
71,601,low_traffic,0,0,65535_65535,0,2,256522,86,0,1,0,11,0,12,1,1,pre_allocation
71,601,low_traffic,0,0,65535_65535,0,2,256522,94,1,1,1,12,94,12,1,1,allocated
71,601,low_traffic,0,0,65535_65535,0,2,256522,94,0,1,0,12,0,12,1,1,pre_allocation
71,601,low_traffic,0,0,65535_65535,0,2,256522,102,1,1,1,13,102,12,1,1,allocated
71,601,low_traffic,0,0,65535_65535,0,2,256522,102,0,1,0,13,0,12,1,1,pre_allocation
71,601,low_traffic,0,0,65535_65535,0,2,256522,110,1,1,1,14,110,12,1,1,allocated
71,601,low_traffic,0,0,65535_65535,0,2,256522,110,0,1,0,14,0,12,1,1,pre_allocation
71,601,low_traffic,0,0,65535_65535,0,2,256522,119,1,1,1,15,119,12,1,1,allocated
71,601,low_traffic,0,0,65535_65535,0,2,256522,119,0,1,0,15,0,12,1,1,pre_allocation
71,601,low_traffic,0,0,65535_65535,0,2,256522,127,1,1,1,16,127,12,1,1,allocated
71,601,low_traffic,0,0,65535_65535,0,2,256522,127,0,1,0,16,0,12,1,1,pre_allocation
71,601,low_traffic,0,0,65535_65535,0,2,256522,135,1,1,1,17,135,12,1,1,allocated
71,601,low_traffic,0,0,65535_65535,0,2,256522,135,0,1,0,17,0,12,1,1,pre_allocation
71,601,low_traffic,0,0,65535_65535,0,2,256522,143,1,1,1,18,143,12,1,1,allocated
71,601,low_traffic,0,0,65535_65535,0,2,256522,143,0,1,0,18,0,12,1,1,pre_allocation
71,601,low_traffic,0,0,65535_65535,0,2,256522,151,1,1,1,19,151,12,1,1,allocated
71,601,low_traffic,0,0,65535_65535,0,2,256522,151,0,1,0,19,0,12,1,1,pre_allocation
71,601,low_traffic,0,0,65535_65535,0,2,256522,159,1,1,1,20,159,12,1,1,allocated
71,601,low_traffic,0,0,65535_65535,0,2,256522,159,0,1,0,20,0,12,1,1,pre_allocation
71,601,low_traffic,0,0,65535_65535,0,2,256522,167,1,1,1,21,167,12,1,1,allocated
71,601,low_traffic,0,0,65535_65535,0,2,256522,167,0,1,0,21,0,12,1,1,pre_allocation
71,601,low_traffic,0,0,65535_65535,0,2,256522,176,1,1,1,22,176,12,1,1,allocated
71,601,low_traffic,0,0,65535_65535,0,2,256522,176,0,1,0,22,0,12,1,1,pre_allocation
71,601,low_traffic,0,0,65535_65535,0,2,256522,184,1,1,1,23,184,12,1,1,allocated
71,601,low_traffic,0,0,65535_65535,0,2,256522,184,0,1,0,23,0,12,1,1,pre_allocation
71,601,low_traffic,0,0,65535_65535,0,2,256522,192,1,1,1,24,192,12,1,1,allocated
71,601,low_traffic,0,0,65535_65535,0,2,256522,192,0,1,0,24,0,12,1,1,pre_allocation
71,601,low_traffic,0,0,65535_65535,0,2,256522,200,1,1,1,25,200,12,1,1,allocated
71,601,low_traffic,0,0,65535_65535,0,2,256522,200,0,1,0,25,0,12,1,1,pre_allocation
71,601,low_traffic,0,0,65535_65535,0,2,256522,208,1,1,1,26,208,12,1,1,allocated
71,601,low_traffic,0,0,65535_65535,0,2,256522,208,0,1,0,26,0,12,1,1,pre_allocation
71,601,low_traffic,0,0,65535_65535,0,2,256522,216,1,1,1,27,216,12,1,1,allocated
71,601,low_traffic,0,0,65535_65535,0,2,256522,216,0,1,0,27,0,12,1,1,pre_allocation
71,601,low_traffic,0,0,65535_65535,0,2,256522,224,1,1,1,28,224,12,1,1,allocated
71,601,low_traffic,0,0,65535_65535,0,2,256522,224,0,1,0,28,0,12,1,1,pre_allocation
71,601,low_traffic,0,0,65535_65535,0,2,256522,233,1,1,1,29,233,12,1,1,allocated
71,601,low_traffic,0,0,65535_65535,0,2,256522,233,0,1,0,29,0,12,1,1,pre_allocation
71,601,low_traffic,0,0,65535_65535,0,2,256522,241,1,1,1,30,241,12,1,1,allocated
71,601,low_traffic,0,0,65535_65535,0,2,256522,241,0,1,0,30,0,12,1,1,pre_allocation
71,601,low_traffic,0,0,65535_65535,0,2,256522,249,1,1,1,31,249,12,1,1,allocated
71,601,low_traffic,0,0,65535_65535,0,2,256522,249,0,1,0,31,0,12,1,1,pre_allocation
71,601,low_traffic,0,0,65535_65535,0,2,256522,257,1,1,1,32,257,12,1,1,allocated
71,601,low_traffic,0,0,65535_65535,0,2,256522,257,0,1,0,32,0,12,1,1,pre_allocation
71,601,low_traffic,0,0,65535_65535,0,2,256522,265,1,1,1,33,265,12,1,1,allocated
71,601,low_traffic,0,0,65535_65535,0,2,256522,265,0,1,0,33,0,12,1,1,pre_allocation
71,601,low_traffic,0,0,65535_65535,0,2,256522,273,1,1,1,34,273,12,1,1,allocated
71,601,low_traffic,0,0,65535_65535,0,2,256522,273,0,1,0,34,0,12,1,1,pre_allocation
71,601,low_traffic,0,0,65535_65535,0,2,256522,281,1,1,1,35,281,12,1,1,allocated
71,601,low_traffic,0,0,65535_65535,0,2,256522,281,0,1,0,35,0,12,1,1,pre_allocation
71,601,low_traffic,0,0,65535_65535,0,2,256522,290,1,1,1,36,290,12,1,1,allocated
71,601,low_traffic,0,0,65535_65535,0,2,256522,290,0,1,0,36,0,12,1,1,pre_allocation
71,601,low_traffic,0,0,65535_65535,0,2,256522,298,1,1,1,37,298,12,1,1,allocated
71,601,low_traffic,0,0,65535_65535,0,2,256522,298,0,1,0,37,0,12,1,1,pre_allocation
71,601,low_traffic,0,0,65535_65535,0,2,256522,306,1,1,1,38,306,12,1,1,allocated
71,601,low_traffic,0,0,65535_65535,0,2,256522,306,0,1,0,38,0,12,1,1,pre_allocation
71,601,low_traffic,0,0,65535_65535,0,2,256522,314,1,1,1,39,314,12,1,1,allocated
71,601,low_traffic,0,0,65535_65535,0,2,256522,314,0,1,0,39,0,12,1,1,pre_allocation
71,601,low_traffic,0,0,65535_65535,0,2,256522,322,1,1,1,40,322,12,1,1,allocated
71,601,low_traffic,0,0,65535_65535,0,2,256522,322,0,1,0,40,0,12,1,1,pre_allocation
71,601,low_traffic,0,0,65535_65535,0,2,256522,330,1,1,1,41,330,12,1,1,allocated
71,601,low_traffic,0,0,65535_65535,0,2,256522,330,0,1,0,41,0,12,1,1,pre_allocation
71,601,low_traffic,0,0,65535_65535,0,2,256522,338,1,1,1,42,338,12,1,1,allocated
71,601,low_traffic,0,0,65535_65535,0,2,256522,338,0,1,0,42,0,12,1,1,pre_allocation
71,601,low_traffic,0,0,65535_65535,0,2,256522,347,1,1,1,43,347,12,1,1,allocated
71,601,low_traffic,0,0,65535_65535,0,2,256522,347,0,1,0,43,0,12,1,1,pre_allocation
71,601,low_traffic,0,0,65535_65535,0,2,256522,355,1,1,1,44,355,12,1,1,allocated
71,601,low_traffic,0,0,65535_65535,0,2,256522,355,0,1,0,44,0,12,1,1,pre_allocation
71,601,low_traffic,0,0,65535_65535,0,2,256522,363,1,1,1,45,363,12,1,1,allocated
71,601,low_traffic,0,0,65535_65535,0,2,256522,363,0,1,0,45,0,12,1,1,pre_allocation
71,601,low_traffic,0,0,65535_65535,0,2,256522,371,1,1,1,46,371,12,1,1,allocated
71,601,low_traffic,0,0,65535_65535,0,2,256522,371,0,1,0,46,0,12,1,1,pre_allocation
71,601,low_traffic,0,0,65535_65535,0,2,256522,379,1,1,1,47,379,12,1,1,allocated
71,601,low_traffic,0,0,65535_65535,0,2,256522,379,0,1,0,47,0,12,1,1,pre_allocation
71,601,low_traffic,0,0,65535_65535,0,2,256522,387,1,1,1,48,387,12,1,1,allocated
71,601,low_traffic,0,0,65535_65535,0,2,256522,387,0,1,0,48,0,12,1,1,pre_allocation
71,601,low_traffic,0,0,65535_65535,0,2,256522,395,1,1,1,49,395,12,1,1,allocated
71,601,low_traffic,0,0,65535_65535,0,2,256522,395,0,1,0,49,0,12,1,1,pre_allocation
71,601,low_traffic,0,0,65535_65535,0,2,256522,404,1,1,1,50,404,12,1,1,allocated
71,601,low_traffic,0,0,65535_65535,0,2,256522,404,0,1,0,50,0,12,1,1,pre_allocation
71,601,low_traffic,0,0,65535_65535,0,2,256522,412,1,1,1,51,412,12,1,1,allocated
71,601,low_traffic,0,0,65535_65535,0,2,256522,412,0,1,0,51,0,12,1,1,pre_allocation
71,601,low_traffic,0,0,65535_65535,0,2,256522,420,1,1,1,52,420,12,1,1,allocated
71,601,low_traffic,0,0,65535_65535,0,2,256522,420,0,1,0,52,0,12,1,1,pre_allocation
71,601,low_traffic,0,0,65535_65535,0,2,256522,428,1,1,1,53,428,12,1,1,allocated
71,601,low_traffic,0,0,65535_65535,0,2,256522,428,0,1,0,53,0,12,1,1,pre_allocation
71,601,low_traffic,0,0,65535_65535,0,2,256522,436,1,1,1,54,436,12,1,1,allocated
71,601,low_traffic,0,0,65535_65535,0,2,256522,436,0,1,0,54,0,12,1,1,pre_allocation
71,601,low_traffic,0,0,65535_65535,0,2,256522,444,1,1,1,55,444,12,1,1,allocated
71,601,low_traffic,0,0,65535_65535,0,2,256522,444,0,1,0,55,0,12,1,1,pre_allocation
71,601,low_traffic,0,0,65535_65535,0,2,256522,452,1,1,1,56,452,12,1,1,allocated
71,601,low_traffic,0,0,65535_65535,0,2,256522,452,0,1,0,56,0,12,1,1,pre_allocation
71,601,low_traffic,0,0,65535_65535,0,2,256522,460,1,1,1,57,460,12,1,1,allocated
71,601,low_traffic,0,0,65535_65535,0,2,256522,460,0,1,0,57,0,12,1,1,pre_allocation
71,601,low_traffic,0,0,65535_65535,0,2,256522,469,1,1,1,58,469,12,1,1,allocated
71,601,low_traffic,0,0,65535_65535,0,2,256522,469,0,1,0,58,0,12,1,1,pre_allocation
71,601,low_traffic,0,0,65535_65535,0,2,256522,477,1,1,1,59,477,12,1,1,allocated
71,601,low_traffic,0,0,65535_65535,0,2,256522,477,0,1,0,59,0,12,1,1,pre_allocation
71,601,low_traffic,0,0,65535_65535,0,2,256522,485,1,1,1,60,485,12,1,1,allocated
71,601,low_traffic,0,0,65535_65535,0,2,256522,485,0,1,0,60,0,12,1,1,pre_allocation
71,601,low_traffic,0,0,65535_65535,0,2,256522,493,1,1,1,61,493,12,1,1,allocated
71,601,low_traffic,0,0,65535_65535,0,2,256522,493,0,1,0,61,0,12,1,1,pre_allocation
71,601,low_traffic,0,0,65535_65535,0,2,256522,501,1,1,1,62,501,12,1,1,allocated
71,601,low_traffic,0,0,65535_65535,0,2,256522,501,0,1,0,62,0,12,1,1,pre_allocation
71,601,low_traffic,0,0,65535_65535,0,2,256522,509,1,1,1,63,509,12,1,1,allocated
71,601,low_traffic,0,0,65535_65535,0,2,256522,509,0,1,0,63,0,12,1,1,pre_allocation
71,601,low_traffic,0,0,65535_65535,0,2,256522,517,1,1,1,64,517,12,1,1,allocated
71,601,low_traffic,0,0,65535_65535,0,2,256522,517,0,1,0,64,0,12,1,1,pre_allocation
71,601,low_traffic,0,0,65535_65535,0,2,256522,526,1,1,1,65,526,12,1,1,allocated
71,601,low_traffic,0,0,65535_65535,0,2,256522,526,0,1,0,65,0,12,1,1,pre_allocation
71,601,low_traffic,0,0,65535_65535,0,2,256522,534,1,1,1,66,534,12,1,1,allocated
71,601,low_traffic,0,0,65535_65535,0,2,256522,534,0,1,0,66,0,12,1,1,pre_allocation
71,601,low_traffic,0,0,65535_65535,0,2,256522,542,1,1,1,67,542,12,1,1,allocated
71,601,low_traffic,0,0,65535_65535,0,2,256522,542,0,1,0,67,0,12,1,1,pre_allocation
71,601,low_traffic,0,0,65535_65535,0,2,256522,550,1,1,1,68,550,12,1,1,allocated
71,601,low_traffic,0,0,65535_65535,0,2,256522,550,0,1,0,68,0,12,1,1,pre_allocation
71,601,low_traffic,0,0,65535_65535,0,2,256522,558,1,1,1,69,558,12,1,1,allocated
71,601,low_traffic,0,0,65535_65535,0,2,256522,558,0,1,0,69,0,12,1,1,pre_allocation
71,601,low_traffic,0,0,65535_65535,0,2,256522,566,1,1,1,70,566,12,1,1,allocated
71,601,low_traffic,0,0,65535_65535,0,2,256522,566,0,1,0,70,0,12,1,1,pre_allocation
71,601,low_traffic,0,0,65535_65535,0,2,256522,574,1,1,1,71,574,12,1,1,allocated
71,601,low_traffic,0,0,65535_65535,0,2,256522,574,0,1,0,71,0,12,1,1,pre_allocation
71,601,low_traffic,0,0,65535_65535,0,2,256522,583,1,1,1,72,583,12,1,1,allocated
71,601,low_traffic,0,0,65535_65535,0,2,256522,583,0,1,0,72,0,12,1,1,pre_allocation
71,601,low_traffic,0,0,65535_65535,0,2,256522,591,1,1,1,73,591,12,1,1,allocated
71,601,low_traffic,0,0,65535_65535,0,2,256522,591,0,1,0,73,0,12,1,1,pre_allocation
71,601,low_traffic,0,0,65535_65535,0,2,256522,599,1,1,1,74,599,12,1,1,allocated
71,601,low_traffic,0,0,65535_65535,0,2,256522,599,0,1,0,74,0,12,1,1,pre_allocation
71,601,low_traffic,0,0,65535_65535,0,2,256522,607,1,1,1,75,607,12,1,1,allocated
71,601,low_traffic,0,0,65535_65535,0,2,256522,607,0,1,0,75,0,12,1,1,pre_allocation
71,601,low_traffic,0,0,65535_65535,0,2,256522,615,1,1,1,76,615,12,1,1,allocated
71,601,low_traffic,0,0,65535_65535,0,2,256522,615,0,1,0,76,0,12,1,1,pre_allocation
71,601,low_traffic,0,0,65535_65535,0,2,256522,623,1,1,1,77,623,12,1,1,allocated
71,601,low_traffic,0,0,65535_65535,0,2,256522,623,0,1,0,77,0,12,1,1,pre_allocation
71,601,low_traffic,0,0,65535_65535,0,2,256522,631,1,1,1,78,631,12,1,1,allocated
71,601,low_traffic,0,0,65535_65535,0,2,256522,631,0,1,0,78,0,12,1,1,pre_allocation
71,601,low_traffic,0,0,65535_65535,0,2,256522,640,1,1,1,79,640,12,1,1,allocated
71,601,low_traffic,0,0,65535_65535,0,2,256522,640,0,1,0,79,0,12,1,1,pre_allocation
71,601,low_traffic,0,0,65535_65535,0,2,256522,648,1,1,1,80,648,12,1,1,allocated
71,601,low_traffic,0,0,65535_65535,0,2,256522,648,0,1,0,80,0,12,1,1,pre_allocation
71,601,low_traffic,0,0,65535_65535,0,2,256522,656,1,1,1,81,656,12,1,1,allocated
71,601,low_traffic,0,0,65535_65535,0,2,256522,656,0,1,0,81,0,12,1,1,pre_allocation
71,601,low_traffic,0,0,65535_65535,0,2,256522,664,1,1,1,82,664,12,1,1,allocated
71,601,low_traffic,0,0,65535_65535,1,4,251,0,0,1,0,0,0,6,1,1,pre_allocation
71,601,low_traffic,0,0,65535_65535,1,4,251,0,1,1,1,1,0,6,1,1,allocated
71,601,low_traffic,0,0,65535_65535,1,3,169,0,0,1,0,0,0,14,1,1,pre_allocation
71,601,low_traffic,0,0,65535_65535,1,3,169,7,1,1,1,1,7,14,1,1,allocated
71,601,low_traffic,0,0,65535_65535,1,4,251,0,0,1,0,1,0,6,1,1,pre_allocation
71,601,low_traffic,0,0,65535_65535,1,4,251,3,1,1,1,2,3,6,1,1,allocated
71,601,low_traffic,0,0,65535_65535,1,3,169,7,0,1,0,1,0,14,1,1,pre_allocation
71,601,low_traffic,0,0,65535_65535,1,3,169,18,1,1,1,2,18,14,1,1,allocated
71,601,low_traffic,0,0,65535_65535,1,4,251,3,0,1,0,2,0,6,1,1,pre_allocation
71,601,low_traffic,0,0,65535_65535,1,4,251,6,1,1,1,3,6,6,1,1,allocated
71,601,low_traffic,0,0,65535_65535,1,3,169,18,0,1,0,2,0,14,1,1,pre_allocation
71,601,low_traffic,0,0,65535_65535,1,3,169,28,1,1,1,3,28,14,1,1,allocated
71,601,low_traffic,0,0,65535_65535,1,4,251,6,0,1,0,3,0,6,1,1,pre_allocation
71,601,low_traffic,0,0,65535_65535,1,4,251,10,1,1,1,4,10,6,1,1,allocated
71,601,low_traffic,0,0,65535_65535,1,3,169,28,0,1,0,3,0,14,1,1,pre_allocation
71,601,low_traffic,0,0,65535_65535,1,3,169,39,1,1,1,4,39,14,1,1,allocated
71,601,low_traffic,0,0,65535_65535,1,4,251,10,0,1,0,4,0,6,1,1,pre_allocation
71,601,low_traffic,0,0,65535_65535,1,4,251,13,1,1,1,5,13,6,1,1,allocated
71,601,low_traffic,0,0,65535_65535,1,3,169,39,0,1,0,4,0,14,1,1,pre_allocation
71,601,low_traffic,0,0,65535_65535,1,3,169,49,1,1,1,5,49,14,1,1,allocated
71,601,low_traffic,0,0,65535_65535,1,4,251,13,0,1,0,5,0,6,1,1,pre_allocation
71,601,low_traffic,0,0,65535_65535,1,4,251,16,1,1,1,6,16,6,1,1,allocated
71,601,low_traffic,0,0,65535_65535,1,3,169,49,0,1,0,5,0,14,1,1,pre_allocation
71,601,low_traffic,0,0,65535_65535,1,3,169,60,1,1,1,6,60,14,1,1,allocated
71,601,low_traffic,0,0,65535_65535,1,4,251,16,0,1,0,6,0,6,1,1,pre_allocation
71,601,low_traffic,0,0,65535_65535,1,4,251,20,1,1,1,7,20,6,1,1,allocated
71,601,low_traffic,0,0,65535_65535,1,3,169,60,0,1,0,6,0,14,1,1,pre_allocation
71,601,low_traffic,0,0,65535_65535,1,3,169,70,1,1,1,7,70,14,1,1,allocated
71,601,low_traffic,0,0,65535_65535,1,4,251,20,0,1,0,7,0,6,1,1,pre_allocation
71,601,low_traffic,0,0,65535_65535,1,4,251,23,1,1,1,8,23,6,1,1,allocated
71,601,low_traffic,0,0,65535_65535,1,3,169,70,0,1,0,7,0,14,1,1,pre_allocation
71,601,low_traffic,0,0,65535_65535,1,3,169,81,1,1,1,8,81,14,1,1,allocated
71,601,low_traffic,0,0,65535_65535,1,4,251,23,0,1,0,8,0,6,1,1,pre_allocation
71,601,low_traffic,0,0,65535_65535,1,4,251,26,1,1,1,9,26,6,1,1,allocated
71,601,low_traffic,0,0,65535_65535,1,3,169,81,0,1,0,8,0,14,1,1,pre_allocation
71,601,low_traffic,0,0,65535_65535,1,3,169,92,1,1,1,9,92,14,1,1,allocated
71,601,low_traffic,0,0,65535_65535,1,4,251,26,0,1,0,9,0,6,1,1,pre_allocation
71,601,low_traffic,0,0,65535_65535,1,4,251,30,1,1,1,10,30,6,1,1,allocated
71,601,low_traffic,0,0,65535_65535,1,3,169,92,0,1,0,9,0,14,1,1,pre_allocation
71,601,low_traffic,0,0,65535_65535,1,3,169,102,1,1,1,10,102,14,1,1,allocated
71,601,low_traffic,0,0,65535_65535,1,4,251,30,0,1,0,10,0,6,1,1,pre_allocation
71,601,low_traffic,0,0,65535_65535,1,4,251,33,1,1,1,11,33,6,1,1,allocated
71,601,low_traffic,0,0,65535_65535,1,3,169,102,0,1,0,10,0,14,1,1,pre_allocation
71,601,low_traffic,0,0,65535_65535,1,3,169,113,1,1,1,11,113,14,1,1,allocated
71,601,low_traffic,0,0,65535_65535,1,4,251,33,0,1,0,11,0,6,1,1,pre_allocation
71,601,low_traffic,0,0,65535_65535,1,4,251,36,1,1,1,12,36,6,1,1,allocated
71,601,low_traffic,0,0,65535_65535,1,3,169,113,0,1,0,11,0,14,1,1,pre_allocation
71,601,low_traffic,0,0,65535_65535,1,3,169,123,1,1,1,12,123,14,1,1,allocated
71,601,low_traffic,0,0,65535_65535,1,4,251,36,0,1,0,12,0,6,1,1,pre_allocation
71,601,low_traffic,0,0,65535_65535,1,4,251,39,1,1,1,13,39,6,1,1,allocated
71,601,low_traffic,0,0,65535_65535,1,3,169,123,0,1,0,12,0,14,1,1,pre_allocation
71,601,low_traffic,0,0,65535_65535,1,3,169,134,1,1,1,13,134,14,1,1,allocated
71,601,low_traffic,0,0,65535_65535,1,4,251,39,0,1,0,13,0,6,1,1,pre_allocation
71,601,low_traffic,0,0,65535_65535,1,4,251,43,1,1,1,14,43,6,1,1,allocated
71,601,low_traffic,0,0,65535_65535,1,3,169,134,0,1,0,13,0,14,1,1,pre_allocation
71,601,low_traffic,0,0,65535_65535,1,3,169,144,1,1,1,14,144,14,1,1,allocated
71,601,low_traffic,0,0,65535_65535,1,4,251,43,0,1,0,14,0,6,1,1,pre_allocation
71,601,low_traffic,0,0,65535_65535,1,4,251,46,1,1,1,15,46,6,1,1,allocated
71,601,low_traffic,0,0,65535_65535,1,3,169,144,0,1,0,14,0,14,1,1,pre_allocation
71,601,low_traffic,0,0,65535_65535,1,3,169,155,1,1,1,15,155,14,1,1,allocated
71,601,low_traffic,0,0,65535_65535,1,4,251,46,0,1,0,15,0,6,1,1,pre_allocation
71,601,low_traffic,0,0,65535_65535,1,4,251,49,1,1,1,16,49,6,1,1,allocated
71,601,low_traffic,0,0,65535_65535,1,3,169,155,0,1,0,15,0,14,1,1,pre_allocation
71,601,low_traffic,0,0,65535_65535,1,3,169,165,1,1,1,16,165,14,1,1,allocated
71,601,low_traffic,0,0,65535_65535,1,4,251,49,0,1,0,16,0,6,1,1,pre_allocation
71,601,low_traffic,0,0,65535_65535,1,4,251,53,1,1,1,17,53,6,1,1,allocated
71,601,low_traffic,0,0,65535_65535,1,3,169,165,0,1,0,16,0,14,1,1,pre_allocation
71,601,low_traffic,0,0,65535_65535,1,3,169,176,1,1,1,17,176,14,1,1,allocated
71,601,low_traffic,0,0,65535_65535,1,4,251,53,0,1,0,17,0,6,1,1,pre_allocation
71,601,low_traffic,0,0,65535_65535,1,4,251,56,1,1,1,18,56,6,1,1,allocated
71,601,low_traffic,0,0,65535_65535,1,3,169,176,0,1,0,17,0,14,1,1,pre_allocation
71,601,low_traffic,0,0,65535_65535,1,3,169,187,1,1,1,18,187,14,1,1,allocated
71,601,low_traffic,0,0,65535_65535,1,4,251,56,0,1,0,18,0,6,1,1,pre_allocation
71,601,low_traffic,0,0,65535_65535,1,4,251,59,1,1,1,19,59,6,1,1,allocated
71,601,low_traffic,0,0,65535_65535,1,3,169,187,0,1,0,18,0,14,1,1,pre_allocation
71,601,low_traffic,0,0,65535_65535,1,3,169,197,1,1,1,19,197,14,1,1,allocated
71,601,low_traffic,0,0,65535_65535,1,4,251,59,0,1,0,19,0,6,1,1,pre_allocation
71,601,low_traffic,0,0,65535_65535,1,4,251,63,1,1,1,20,63,6,1,1,allocated
71,601,low_traffic,0,0,65535_65535,1,3,169,197,0,1,0,19,0,14,1,1,pre_allocation
71,601,low_traffic,0,0,65535_65535,1,3,169,208,1,1,1,20,208,14,1,1,allocated
71,601,low_traffic,0,0,65535_65535,1,4,251,63,0,1,0,20,0,6,1,1,pre_allocation
71,601,low_traffic,0,0,65535_65535,1,4,251,66,1,1,1,21,66,6,1,1,allocated
71,601,low_traffic,0,0,65535_65535,1,3,169,208,0,1,0,20,0,14,1,1,pre_allocation
71,601,low_traffic,0,0,65535_65535,1,3,169,218,1,1,1,21,218,14,1,1,allocated
71,601,low_traffic,0,0,65535_65535,1,4,251,66,0,1,0,21,0,6,1,1,pre_allocation
71,601,low_traffic,0,0,65535_65535,1,4,251,69,1,1,1,22,69,6,1,1,allocated
71,601,low_traffic,0,0,65535_65535,1,3,169,218,0,1,0,21,0,14,1,1,pre_allocation
71,601,low_traffic,0,0,65535_65535,1,3,169,229,1,1,1,22,229,14,1,1,allocated
71,601,low_traffic,0,0,65535_65535,1,4,251,69,0,1,0,22,0,6,1,1,pre_allocation
71,601,low_traffic,0,0,65535_65535,1,4,251,72,1,1,1,23,72,6,1,1,allocated
71,601,low_traffic,0,0,65535_65535,1,3,169,229,0,1,0,22,0,14,1,1,pre_allocation
71,601,low_traffic,0,0,65535_65535,1,3,169,239,1,1,1,23,239,14,1,1,allocated
71,601,low_traffic,0,0,65535_65535,1,4,251,72,0,1,0,23,0,6,1,1,pre_allocation
71,601,low_traffic,0,0,65535_65535,1,4,251,76,1,1,1,24,76,6,1,1,allocated
71,601,low_traffic,0,0,65535_65535,1,3,169,239,0,1,0,23,0,14,1,1,pre_allocation
71,601,low_traffic,0,0,65535_65535,1,3,169,250,1,1,1,24,250,14,1,1,allocated
71,601,low_traffic,0,0,65535_65535,1,4,251,76,0,1,0,24,0,6,1,1,pre_allocation
71,601,low_traffic,0,0,65535_65535,1,4,251,79,1,1,1,25,79,6,1,1,allocated
71,601,low_traffic,0,0,65535_65535,1,3,169,250,0,1,0,24,0,14,1,1,pre_allocation
71,601,low_traffic,0,0,65535_65535,1,3,169,261,1,1,1,25,261,14,1,1,allocated
71,601,low_traffic,0,0,65535_65535,1,4,251,79,0,1,0,25,0,6,1,1,pre_allocation
71,601,low_traffic,0,0,65535_65535,1,4,251,82,1,1,1,26,82,6,1,1,allocated
71,601,low_traffic,0,0,65535_65535,1,3,169,261,0,1,0,25,0,14,1,1,pre_allocation
71,601,low_traffic,0,0,65535_65535,1,3,169,271,1,1,1,26,271,14,1,1,allocated
71,601,low_traffic,0,0,65535_65535,1,4,251,82,0,1,0,26,0,6,1,1,pre_allocation
71,601,low_traffic,0,0,65535_65535,1,4,251,86,1,1,1,27,86,6,1,1,allocated
71,601,low_traffic,0,0,65535_65535,1,3,169,271,0,1,0,26,0,14,1,1,pre_allocation
71,601,low_traffic,0,0,65535_65535,1,3,169,282,1,1,1,27,282,14,1,1,allocated
71,601,low_traffic,0,0,65535_65535,1,4,251,86,0,1,0,27,0,6,1,1,pre_allocation
71,601,low_traffic,0,0,65535_65535,1,4,251,89,1,1,1,28,89,6,1,1,allocated
71,601,low_traffic,0,0,65535_65535,1,3,169,282,0,1,0,27,0,14,1,1,pre_allocation
71,601,low_traffic,0,0,65535_65535,1,3,169,292,1,1,1,28,292,14,1,1,allocated
71,601,low_traffic,0,0,65535_65535,1,4,251,89,0,1,0,28,0,6,1,1,pre_allocation
71,601,low_traffic,0,0,65535_65535,1,4,251,92,1,1,1,29,92,6,1,1,allocated
71,601,low_traffic,0,0,65535_65535,1,3,169,292,0,1,0,28,0,14,1,1,pre_allocation
71,601,low_traffic,0,0,65535_65535,1,3,169,303,1,1,1,29,303,14,1,1,allocated
71,601,low_traffic,0,0,65535_65535,1,4,251,92,0,1,0,29,0,6,1,1,pre_allocation
71,601,low_traffic,0,0,65535_65535,1,4,251,96,1,1,1,30,96,6,1,1,allocated
71,601,low_traffic,0,0,65535_65535,1,3,169,303,0,1,0,29,0,14,1,1,pre_allocation
71,601,low_traffic,0,0,65535_65535,1,3,169,313,1,1,1,30,313,14,1,1,allocated
71,601,low_traffic,0,0,65535_65535,1,4,251,96,0,1,0,30,0,6,1,1,pre_allocation
71,601,low_traffic,0,0,65535_65535,1,4,251,99,1,1,1,31,99,6,1,1,allocated
71,601,low_traffic,0,0,65535_65535,1,3,169,313,0,1,0,30,0,14,1,1,pre_allocation
71,601,low_traffic,0,0,65535_65535,1,3,169,324,1,1,1,31,324,14,1,1,allocated
71,601,low_traffic,0,0,65535_65535,1,4,251,99,0,1,0,31,0,6,1,1,pre_allocation
71,601,low_traffic,0,0,65535_65535,1,4,251,102,1,1,1,32,102,6,1,1,allocated
71,601,low_traffic,0,0,65535_65535,1,3,169,324,0,1,0,31,0,14,1,1,pre_allocation
71,601,low_traffic,0,0,65535_65535,1,3,169,334,1,1,1,32,334,14,1,1,allocated
71,601,low_traffic,0,0,65535_65535,1,4,251,102,0,1,0,32,0,6,1,1,pre_allocation
71,601,low_traffic,0,0,65535_65535,1,4,251,105,1,1,1,33,105,6,1,1,allocated
71,601,low_traffic,0,0,65535_65535,1,3,169,334,0,1,0,32,0,14,1,1,pre_allocation
71,601,low_traffic,0,0,65535_65535,1,3,169,345,1,1,1,33,345,14,1,1,allocated
71,601,low_traffic,0,0,65535_65535,1,4,251,105,0,1,0,33,0,6,1,1,pre_allocation
71,601,low_traffic,0,0,65535_65535,1,4,251,109,1,1,1,34,109,6,1,1,allocated
71,601,low_traffic,0,0,65535_65535,1,3,169,345,0,1,0,33,0,14,1,1,pre_allocation
71,601,low_traffic,0,0,65535_65535,1,3,169,356,1,1,1,34,356,14,1,1,allocated
71,601,low_traffic,0,0,65535_65535,1,4,251,109,0,1,0,34,0,6,1,1,pre_allocation
71,601,low_traffic,0,0,65535_65535,1,4,251,112,1,1,1,35,112,6,1,1,allocated
71,601,low_traffic,0,0,65535_65535,1,3,169,356,0,1,0,34,0,14,1,1,pre_allocation
71,601,low_traffic,0,0,65535_65535,1,3,169,366,1,1,1,35,366,14,1,1,allocated
71,601,low_traffic,0,0,65535_65535,1,4,251,112,0,1,0,35,0,6,1,1,pre_allocation
71,601,low_traffic,0,0,65535_65535,1,4,251,115,1,1,1,36,115,6,1,1,allocated
71,601,low_traffic,0,0,65535_65535,1,3,169,366,0,1,0,35,0,14,1,1,pre_allocation
71,601,low_traffic,0,0,65535_65535,1,3,169,377,1,1,1,36,377,14,1,1,allocated
71,601,low_traffic,0,0,65535_65535,1,4,251,115,0,1,0,36,0,6,1,1,pre_allocation
71,601,low_traffic,0,0,65535_65535,1,4,251,119,1,1,1,37,119,6,1,1,allocated
71,601,low_traffic,0,0,65535_65535,1,3,169,377,0,1,0,36,0,14,1,1,pre_allocation
71,601,low_traffic,0,0,65535_65535,1,3,169,387,1,1,1,37,387,14,1,1,allocated
71,601,low_traffic,0,0,65535_65535,1,4,251,119,0,1,0,37,0,6,1,1,pre_allocation
71,601,low_traffic,0,0,65535_65535,1,4,251,122,1,1,1,38,122,6,1,1,allocated
71,601,low_traffic,0,0,65535_65535,1,3,169,387,0,1,0,37,0,14,1,1,pre_allocation
71,601,low_traffic,0,0,65535_65535,1,3,169,398,1,1,1,38,398,14,1,1,allocated
71,601,low_traffic,0,0,65535_65535,1,4,251,122,0,1,0,38,0,6,1,1,pre_allocation
71,601,low_traffic,0,0,65535_65535,1,4,251,125,1,1,1,39,125,6,1,1,allocated
71,601,low_traffic,0,0,65535_65535,1,3,169,398,0,1,0,38,0,14,1,1,pre_allocation
71,601,low_traffic,0,0,65535_65535,1,3,169,408,1,1,1,39,408,14,1,1,allocated
71,601,low_traffic,0,0,65535_65535,1,4,251,125,0,1,0,39,0,6,1,1,pre_allocation
71,601,low_traffic,0,0,65535_65535,1,4,251,129,1,1,1,40,129,6,1,1,allocated
71,601,low_traffic,0,0,65535_65535,1,3,169,408,0,1,0,39,0,14,1,1,pre_allocation
71,601,low_traffic,0,0,65535_65535,1,3,169,419,1,1,1,40,419,14,1,1,allocated
71,601,low_traffic,0,0,65535_65535,1,4,251,129,0,1,0,40,0,6,1,1,pre_allocation
71,601,low_traffic,0,0,65535_65535,1,4,251,132,1,1,1,41,132,6,1,1,allocated
71,601,low_traffic,0,0,65535_65535,1,3,169,419,0,1,0,40,0,14,1,1,pre_allocation
71,601,low_traffic,0,0,65535_65535,1,3,169,429,1,1,1,41,429,14,1,1,allocated
71,601,low_traffic,0,0,65535_65535,1,4,251,132,0,1,0,41,0,6,1,1,pre_allocation
71,601,low_traffic,0,0,65535_65535,1,4,251,135,1,1,1,42,135,6,1,1,allocated
71,601,low_traffic,0,0,65535_65535,1,3,169,429,0,1,0,41,0,14,1,1,pre_allocation
71,601,low_traffic,0,0,65535_65535,1,3,169,440,1,1,1,42,440,14,1,1,allocated
71,601,low_traffic,0,0,65535_65535,1,4,251,135,0,1,0,42,0,6,1,1,pre_allocation
71,601,low_traffic,0,0,65535_65535,1,4,251,138,1,1,1,43,138,6,1,1,allocated
71,601,low_traffic,0,0,65535_65535,1,3,169,440,0,1,0,42,0,14,1,1,pre_allocation
71,601,low_traffic,0,0,65535_65535,1,3,169,451,1,1,1,43,451,14,1,1,allocated
71,601,low_traffic,0,0,65535_65535,1,4,251,138,0,1,0,43,0,6,1,1,pre_allocation
71,601,low_traffic,0,0,65535_65535,1,4,251,142,1,1,1,44,142,6,1,1,allocated
71,601,low_traffic,0,0,65535_65535,1,3,169,451,0,1,0,43,0,14,1,1,pre_allocation
71,601,low_traffic,0,0,65535_65535,1,3,169,461,1,1,1,44,461,14,1,1,allocated
71,601,low_traffic,0,0,65535_65535,1,4,251,142,0,1,0,44,0,6,1,1,pre_allocation
71,601,low_traffic,0,0,65535_65535,1,4,251,145,1,1,1,45,145,6,1,1,allocated
71,601,low_traffic,0,0,65535_65535,1,3,169,461,0,1,0,44,0,14,1,1,pre_allocation
71,601,low_traffic,0,0,65535_65535,1,3,169,472,1,1,1,45,472,14,1,1,allocated
71,601,low_traffic,0,0,65535_65535,1,4,251,145,0,1,0,45,0,6,1,1,pre_allocation
71,601,low_traffic,0,0,65535_65535,1,4,251,148,1,1,1,46,148,6,1,1,allocated
71,601,low_traffic,0,0,65535_65535,1,3,169,472,0,1,0,45,0,14,1,1,pre_allocation
71,601,low_traffic,0,0,65535_65535,1,3,169,482,1,1,1,46,482,14,1,1,allocated
71,601,low_traffic,0,0,65535_65535,1,4,251,148,0,1,0,46,0,6,1,1,pre_allocation
71,601,low_traffic,0,0,65535_65535,1,4,251,152,1,1,1,47,152,6,1,1,allocated
71,601,low_traffic,0,0,65535_65535,1,3,169,482,0,1,0,46,0,14,1,1,pre_allocation
71,601,low_traffic,0,0,65535_65535,1,3,169,493,1,1,1,47,493,14,1,1,allocated
71,601,low_traffic,0,0,65535_65535,1,4,251,152,0,1,0,47,0,6,1,1,pre_allocation
71,601,low_traffic,0,0,65535_65535,1,4,251,155,1,1,1,48,155,6,1,1,allocated
71,601,low_traffic,0,0,65535_65535,1,3,169,493,0,1,0,47,0,14,1,1,pre_allocation
71,601,low_traffic,0,0,65535_65535,1,3,169,503,1,1,1,48,503,14,1,1,allocated
71,601,low_traffic,0,0,65535_65535,1,4,251,155,0,1,0,48,0,6,1,1,pre_allocation
71,601,low_traffic,0,0,65535_65535,1,4,251,158,1,1,1,49,158,6,1,1,allocated
71,601,low_traffic,0,0,65535_65535,1,3,169,503,0,1,0,48,0,14,1,1,pre_allocation
71,601,low_traffic,0,0,65535_65535,1,3,169,514,1,1,1,49,514,14,1,1,allocated
71,601,low_traffic,0,0,65535_65535,1,4,251,158,0,1,0,49,0,6,1,1,pre_allocation
71,601,low_traffic,0,0,65535_65535,1,4,251,162,1,1,1,50,162,6,1,1,allocated
71,601,low_traffic,0,0,65535_65535,1,3,169,514,0,1,0,49,0,14,1,1,pre_allocation
71,601,low_traffic,0,0,65535_65535,1,3,169,525,1,1,1,50,525,14,1,1,allocated
71,601,low_traffic,0,0,65535_65535,1,4,251,162,0,1,0,50,0,6,1,1,pre_allocation
71,601,low_traffic,0,0,65535_65535,1,4,251,165,1,1,1,51,165,6,1,1,allocated
71,601,low_traffic,0,0,65535_65535,1,3,169,525,0,1,0,50,0,14,1,1,pre_allocation
71,601,low_traffic,0,0,65535_65535,1,3,169,535,1,1,1,51,535,14,1,1,allocated
71,601,low_traffic,0,0,65535_65535,1,4,251,165,0,1,0,51,0,6,1,1,pre_allocation
71,601,low_traffic,0,0,65535_65535,1,4,251,168,1,1,1,52,168,6,1,1,allocated
71,601,low_traffic,0,0,65535_65535,1,3,169,535,0,1,0,51,0,14,1,1,pre_allocation
71,601,low_traffic,0,0,65535_65535,1,3,169,546,1,1,1,52,546,14,1,1,allocated
71,601,low_traffic,0,0,65535_65535,1,4,251,168,0,1,0,52,0,6,1,1,pre_allocation
71,601,low_traffic,0,0,65535_65535,1,4,251,171,1,1,1,53,171,6,1,1,allocated
71,601,low_traffic,0,0,65535_65535,1,3,169,546,0,1,0,52,0,14,1,1,pre_allocation
71,601,low_traffic,0,0,65535_65535,1,3,169,556,1,1,1,53,556,14,1,1,allocated
71,601,low_traffic,0,0,65535_65535,1,4,251,171,0,1,0,53,0,6,1,1,pre_allocation
71,601,low_traffic,0,0,65535_65535,1,4,251,175,1,1,1,54,175,6,1,1,allocated
71,601,low_traffic,0,0,65535_65535,1,3,169,556,0,1,0,53,0,14,1,1,pre_allocation
71,601,low_traffic,0,0,65535_65535,1,3,169,567,1,1,1,54,567,14,1,1,allocated
71,601,low_traffic,0,0,65535_65535,1,4,251,175,0,1,0,54,0,6,1,1,pre_allocation
71,601,low_traffic,0,0,65535_65535,1,4,251,178,1,1,1,55,178,6,1,1,allocated
71,601,low_traffic,0,0,65535_65535,1,3,169,567,0,1,0,54,0,14,1,1,pre_allocation
71,601,low_traffic,0,0,65535_65535,1,3,169,577,1,1,1,55,577,14,1,1,allocated
71,601,low_traffic,0,0,65535_65535,1,4,251,178,0,1,0,55,0,6,1,1,pre_allocation
71,601,low_traffic,0,0,65535_65535,1,4,251,181,1,1,1,56,181,6,1,1,allocated
71,601,low_traffic,0,0,65535_65535,1,3,169,577,0,1,0,55,0,14,1,1,pre_allocation
71,601,low_traffic,0,0,65535_65535,1,3,169,588,1,1,1,56,588,14,1,1,allocated
71,601,low_traffic,0,0,65535_65535,1,4,251,181,0,1,0,56,0,6,1,1,pre_allocation
71,601,low_traffic,0,0,65535_65535,1,4,251,185,1,1,1,57,185,6,1,1,allocated
71,601,low_traffic,0,0,65535_65535,1,3,169,588,0,1,0,56,0,14,1,1,pre_allocation
71,601,low_traffic,0,0,65535_65535,1,3,169,598,1,1,1,57,598,14,1,1,allocated
71,601,low_traffic,0,0,65535_65535,1,4,251,185,0,1,0,57,0,6,1,1,pre_allocation
71,601,low_traffic,0,0,65535_65535,1,4,251,188,1,1,1,58,188,6,1,1,allocated
71,601,low_traffic,0,0,65535_65535,1,3,169,598,0,1,0,57,0,14,1,1,pre_allocation
71,601,low_traffic,0,0,65535_65535,1,3,169,609,1,1,1,58,609,14,1,1,allocated
71,601,low_traffic,0,0,65535_65535,1,4,251,188,0,1,0,58,0,6,1,1,pre_allocation
71,601,low_traffic,0,0,65535_65535,1,4,251,191,1,1,1,59,191,6,1,1,allocated
71,601,low_traffic,0,0,65535_65535,1,3,169,609,0,1,0,58,0,14,1,1,pre_allocation
71,601,low_traffic,0,0,65535_65535,1,3,169,620,1,1,1,59,620,14,1,1,allocated
71,601,low_traffic,0,0,65535_65535,1,4,251,191,0,1,0,59,0,6,1,1,pre_allocation
71,601,low_traffic,0,0,65535_65535,1,4,251,195,1,1,1,60,195,6,1,1,allocated
71,601,low_traffic,0,0,65535_65535,1,3,169,620,0,1,0,59,0,14,1,1,pre_allocation
71,601,low_traffic,0,0,65535_65535,1,3,169,630,1,1,1,60,630,14,1,1,allocated
71,601,low_traffic,0,0,65535_65535,1,4,251,195,0,1,0,60,0,6,1,1,pre_allocation
71,601,low_traffic,0,0,65535_65535,1,4,251,198,1,1,1,61,198,6,1,1,allocated
71,601,low_traffic,0,0,65535_65535,1,3,169,630,0,1,0,60,0,14,1,1,pre_allocation
71,601,low_traffic,0,0,65535_65535,1,3,169,641,1,1,1,61,641,14,1,1,allocated
71,601,low_traffic,0,0,65535_65535,1,4,251,198,0,1,0,61,0,6,1,1,pre_allocation
71,601,low_traffic,0,0,65535_65535,1,4,251,201,1,1,1,62,201,6,1,1,allocated
71,601,low_traffic,0,0,65535_65535,1,3,169,641,0,1,0,61,0,14,1,1,pre_allocation
71,601,low_traffic,0,0,65535_65535,1,3,169,651,1,1,1,62,651,14,1,1,allocated
71,601,low_traffic,0,0,65535_65535,1,4,251,201,0,1,0,62,0,6,1,1,pre_allocation
71,601,low_traffic,0,0,65535_65535,1,4,251,204,1,1,1,63,204,6,1,1,allocated
71,601,low_traffic,0,0,65535_65535,1,3,169,651,0,1,0,62,0,14,1,1,pre_allocation
71,601,low_traffic,0,0,65535_65535,1,3,169,662,1,1,1,63,662,14,1,1,allocated
71,601,low_traffic,0,0,65535_65535,1,4,251,204,0,1,0,63,0,6,1,1,pre_allocation
71,601,low_traffic,0,0,65535_65535,1,4,251,208,1,1,1,64,208,6,1,1,allocated
71,601,low_traffic,0,0,65535_65535,1,3,169,662,0,1,0,63,0,14,1,1,pre_allocation
71,601,low_traffic,0,0,65535_65535,1,3,169,672,1,1,1,64,672,14,1,1,allocated
71,601,low_traffic,0,0,65535_65535,1,4,251,208,0,1,0,64,0,6,1,1,pre_allocation
71,601,low_traffic,0,0,65535_65535,1,4,251,211,1,1,1,65,211,6,1,1,allocated
71,601,low_traffic,0,0,65535_65535,1,3,169,672,0,1,0,64,0,14,1,1,pre_allocation
71,601,low_traffic,0,0,65535_65535,1,3,169,683,1,1,1,65,683,14,1,1,allocated
71,601,low_traffic,0,0,65535_65535,1,4,251,211,0,1,0,65,0,6,1,1,pre_allocation
71,601,low_traffic,0,0,65535_65535,1,4,251,214,1,1,1,66,214,6,1,1,allocated
71,601,low_traffic,0,0,65535_65535,1,3,169,683,0,1,0,65,0,14,1,1,pre_allocation
71,601,low_traffic,0,0,65535_65535,1,3,169,693,1,1,1,66,693,14,1,1,allocated
71,601,low_traffic,0,0,65535_65535,1,4,251,214,0,1,0,66,0,6,1,1,pre_allocation
71,601,low_traffic,0,0,65535_65535,1,4,251,218,1,1,1,67,218,6,1,1,allocated
71,601,low_traffic,0,0,65535_65535,1,3,169,693,0,1,0,66,0,14,1,1,pre_allocation
71,601,low_traffic,0,0,65535_65535,1,3,169,704,1,1,1,67,704,14,1,1,allocated
71,601,low_traffic,0,0,65535_65535,1,4,251,218,0,1,0,67,0,6,1,1,pre_allocation
71,601,low_traffic,0,0,65535_65535,1,4,251,221,1,1,1,68,221,6,1,1,allocated
71,601,low_traffic,0,0,65535_65535,1,3,169,704,0,1,0,67,0,14,1,1,pre_allocation
71,601,low_traffic,0,0,65535_65535,1,3,169,715,1,1,1,68,715,14,1,1,allocated
71,601,low_traffic,0,0,65535_65535,1,4,251,221,0,1,0,68,0,6,1,1,pre_allocation
71,601,low_traffic,0,0,65535_65535,1,4,251,224,1,1,1,69,224,6,1,1,allocated
71,601,low_traffic,0,0,65535_65535,1,3,169,715,0,1,0,68,0,14,1,1,pre_allocation
71,601,low_traffic,0,0,65535_65535,1,3,169,725,1,1,1,69,725,14,1,1,allocated
71,601,low_traffic,0,0,65535_65535,1,4,251,224,0,1,0,69,0,6,1,1,pre_allocation
71,601,low_traffic,0,0,65535_65535,1,4,251,228,1,1,1,70,228,6,1,1,allocated
71,601,low_traffic,0,0,65535_65535,1,3,169,725,0,1,0,69,0,14,1,1,pre_allocation
71,601,low_traffic,0,0,65535_65535,1,3,169,736,1,1,1,70,736,14,1,1,allocated
71,601,low_traffic,0,0,65535_65535,1,4,251,228,0,1,0,70,0,6,1,1,pre_allocation
71,601,low_traffic,0,0,65535_65535,1,4,251,231,1,1,1,71,231,6,1,1,allocated
71,601,low_traffic,0,0,65535_65535,1,3,169,736,0,1,0,70,0,14,1,1,pre_allocation
71,601,low_traffic,0,0,65535_65535,1,3,169,746,1,1,1,71,746,14,1,1,allocated
71,601,low_traffic,0,0,65535_65535,1,4,251,231,0,1,0,71,0,6,1,1,pre_allocation
71,601,low_traffic,0,0,65535_65535,1,4,251,234,1,1,1,72,234,6,1,1,allocated
71,601,low_traffic,0,0,65535_65535,1,3,169,746,0,1,0,71,0,14,1,1,pre_allocation
71,601,low_traffic,0,0,65535_65535,1,3,169,757,1,1,1,72,757,14,1,1,allocated
71,601,low_traffic,0,0,65535_65535,1,4,251,234,0,1,0,72,0,6,1,1,pre_allocation
71,601,low_traffic,0,0,65535_65535,1,4,251,237,1,1,1,73,237,6,1,1,allocated
71,601,low_traffic,0,0,65535_65535,1,3,169,757,0,1,0,72,0,14,1,1,pre_allocation
71,601,low_traffic,0,0,65535_65535,1,3,169,767,1,1,1,73,767,14,1,1,allocated
71,601,low_traffic,0,0,65535_65535,1,4,251,237,0,1,0,73,0,6,1,1,pre_allocation
71,601,low_traffic,0,0,65535_65535,1,4,251,241,1,1,1,74,241,6,1,1,allocated
71,601,low_traffic,0,0,65535_65535,1,3,169,767,0,1,0,73,0,14,1,1,pre_allocation
71,601,low_traffic,0,0,65535_65535,1,3,169,778,1,1,1,74,778,14,1,1,allocated
71,601,low_traffic,0,0,65535_65535,1,4,251,241,0,1,0,74,0,6,1,1,pre_allocation
71,601,low_traffic,0,0,65535_65535,1,4,251,244,1,1,1,75,244,6,1,1,allocated
71,601,low_traffic,0,0,65535_65535,1,3,169,778,0,1,0,74,0,14,1,1,pre_allocation
71,601,low_traffic,0,0,65535_65535,1,3,169,789,1,1,1,75,789,14,1,1,allocated
71,601,low_traffic,0,0,65535_65535,1,4,251,244,0,1,0,75,0,6,1,1,pre_allocation
71,601,low_traffic,0,0,65535_65535,1,4,251,247,1,1,1,76,247,6,1,1,allocated
71,601,low_traffic,0,0,65535_65535,1,3,169,789,0,1,0,75,0,14,1,1,pre_allocation
71,601,low_traffic,0,0,65535_65535,1,3,169,799,1,1,1,76,799,14,1,1,allocated
71,601,low_traffic,0,0,65535_65535,1,4,251,247,0,1,0,76,0,6,1,1,pre_allocation
71,601,low_traffic,0,0,65535_65535,1,4,251,251,1,1,1,77,251,6,1,1,allocated
71,601,low_traffic,0,0,65535_65535,1,3,169,799,0,1,0,76,0,14,1,1,pre_allocation
71,601,low_traffic,0,0,65535_65535,1,3,169,810,1,1,1,77,810,14,1,1,allocated
71,601,low_traffic,0,0,65535_65535,1,4,251,251,0,1,0,77,0,6,1,1,pre_allocation
71,601,low_traffic,0,0,65535_65535,1,4,251,254,1,1,1,78,254,6,1,1,allocated
71,601,low_traffic,0,0,65535_65535,1,3,169,810,0,1,0,77,0,14,1,1,pre_allocation
71,601,low_traffic,0,0,65535_65535,1,3,169,820,1,1,1,78,820,14,1,1,allocated
71,601,low_traffic,0,0,65535_65535,1,4,251,254,0,1,0,78,0,6,1,1,pre_allocation
71,601,low_traffic,0,0,65535_65535,1,4,251,257,1,1,1,79,257,6,1,1,allocated
71,601,low_traffic,0,0,65535_65535,1,3,169,820,0,1,0,78,0,14,1,1,pre_allocation
71,601,low_traffic,0,0,65535_65535,1,3,169,831,1,1,1,79,831,14,1,1,allocated
71,601,low_traffic,0,0,65535_65535,1,4,251,257,0,1,0,79,0,6,1,1,pre_allocation
71,601,low_traffic,0,0,65535_65535,1,4,251,261,1,1,1,80,261,6,1,1,allocated
71,601,low_traffic,0,0,65535_65535,1,3,169,831,0,1,0,79,0,14,1,1,pre_allocation
71,601,low_traffic,0,0,65535_65535,1,3,169,841,1,1,1,80,841,14,1,1,allocated
71,601,low_traffic,0,0,65535_65535,1,4,251,261,0,1,0,80,0,6,1,1,pre_allocation
71,601,low_traffic,0,0,65535_65535,1,4,251,264,1,1,1,81,264,6,1,1,allocated
71,601,low_traffic,0,0,65535_65535,1,3,169,841,0,1,0,80,0,14,1,1,pre_allocation
71,601,low_traffic,0,0,65535_65535,1,3,169,852,1,1,1,81,852,14,1,1,allocated
71,601,low_traffic,0,0,65535_65535,1,4,251,264,0,1,0,81,0,6,1,1,pre_allocation
71,601,low_traffic,0,0,65535_65535,1,4,251,267,1,1,1,82,267,6,1,1,allocated
71,601,low_traffic,0,0,65535_65535,1,3,169,852,0,1,0,81,0,14,1,1,pre_allocation
71,601,low_traffic,0,0,65535_65535,1,3,169,862,1,1,1,82,862,14,1,1,allocated
71,601,low_traffic,0,0,65535_65535,1,4,251,267,0,1,0,82,0,6,1,1,pre_allocation
71,601,low_traffic,0,0,65535_65535,1,4,251,270,1,1,1,83,270,6,1,1,allocated
71,601,low_traffic,0,0,65535_65535,1,3,169,862,0,1,0,82,0,14,1,1,pre_allocation
71,601,low_traffic,0,0,65535_65535,1,3,169,873,1,1,1,83,873,14,1,1,allocated
71,601,low_traffic,0,0,65535_65535,1,4,251,270,0,1,0,83,0,6,1,1,pre_allocation
71,601,low_traffic,0,0,65535_65535,1,4,251,274,1,1,1,84,274,6,1,1,allocated
71,601,low_traffic,0,0,65535_65535,1,3,169,873,0,1,0,83,0,14,1,1,pre_allocation
71,601,low_traffic,0,0,65535_65535,1,3,169,884,1,1,1,84,884,14,1,1,allocated
71,601,low_traffic,0,0,65535_65535,1,4,251,274,0,1,0,84,0,6,1,1,pre_allocation
71,601,low_traffic,0,0,65535_65535,1,4,251,277,1,1,1,85,277,6,1,1,allocated
71,601,low_traffic,0,0,65535_65535,1,3,169,884,0,1,0,84,0,14,1,1,pre_allocation
71,601,low_traffic,0,0,65535_65535,1,3,169,894,1,1,1,85,894,14,1,1,allocated
71,601,low_traffic,0,0,65535_65535,1,4,251,277,0,1,0,85,0,6,1,1,pre_allocation
71,601,low_traffic,0,0,65535_65535,1,4,251,280,1,1,1,86,280,6,1,1,allocated
71,601,low_traffic,0,0,65535_65535,1,3,169,894,0,1,0,85,0,14,1,1,pre_allocation
71,601,low_traffic,0,0,65535_65535,1,3,169,905,1,1,1,86,905,14,1,1,allocated
71,601,low_traffic,0,0,65535_65535,1,4,251,280,0,1,0,86,0,6,1,1,pre_allocation
71,601,low_traffic,0,0,65535_65535,1,4,251,284,1,1,1,87,284,6,1,1,allocated
71,601,low_traffic,0,0,65535_65535,1,3,169,905,0,1,0,86,0,14,1,1,pre_allocation
71,601,low_traffic,0,0,65535_65535,1,3,169,915,1,1,1,87,915,14,1,1,allocated
71,601,low_traffic,0,0,65535_65535,1,4,251,284,0,1,0,87,0,6,1,1,pre_allocation
71,601,low_traffic,0,0,65535_65535,1,4,251,287,1,1,1,88,287,6,1,1,allocated
71,601,low_traffic,0,0,65535_65535,1,3,169,915,0,1,0,87,0,14,1,1,pre_allocation
71,601,low_traffic,0,0,65535_65535,1,3,169,926,1,1,1,88,926,14,1,1,allocated
71,601,low_traffic,0,0,65535_65535,1,4,251,287,0,1,0,88,0,6,1,1,pre_allocation
71,601,low_traffic,0,0,65535_65535,1,4,251,290,1,1,1,89,290,6,1,1,allocated
71,601,low_traffic,0,0,65535_65535,1,3,169,926,0,1,0,88,0,14,1,1,pre_allocation
71,601,low_traffic,0,0,65535_65535,1,3,169,936,1,1,1,89,936,14,1,1,allocated
71,601,low_traffic,0,0,65535_65535,1,4,251,290,0,1,0,89,0,6,1,1,pre_allocation
71,601,low_traffic,0,0,65535_65535,1,4,251,294,1,1,1,90,294,6,1,1,allocated
71,601,low_traffic,0,0,65535_65535,1,3,169,936,0,1,0,89,0,14,1,1,pre_allocation
71,601,low_traffic,0,0,65535_65535,1,3,169,947,1,1,1,90,947,14,1,1,allocated
71,601,low_traffic,0,0,65535_65535,1,4,251,294,0,1,0,90,0,6,1,1,pre_allocation
71,601,low_traffic,0,0,65535_65535,1,4,251,297,1,1,1,91,297,6,1,1,allocated
71,601,low_traffic,0,0,65535_65535,1,3,169,947,0,1,0,90,0,14,1,1,pre_allocation
71,601,low_traffic,0,0,65535_65535,1,3,169,957,1,1,1,91,957,14,1,1,allocated
71,601,low_traffic,0,0,65535_65535,1,4,251,297,0,1,0,91,0,6,1,1,pre_allocation
71,601,low_traffic,0,0,65535_65535,1,4,251,300,1,1,1,92,300,6,1,1,allocated
71,601,low_traffic,0,0,65535_65535,1,3,169,957,0,1,0,91,0,14,1,1,pre_allocation
71,601,low_traffic,0,0,65535_65535,1,3,169,968,1,1,1,92,968,14,1,1,allocated
183,699,low_traffic,0,0,65535_65535,0,2,439346,0,0,1,0,0,0,14,1,1,pre_allocation
183,699,low_traffic,0,0,65535_65535,0,2,439346,15,1,1,1,1,15,14,1,1,allocated
183,699,low_traffic,0,0,65535_65535,0,2,439346,15,0,1,0,1,0,14,1,1,pre_allocation
183,699,low_traffic,0,0,65535_65535,0,2,439346,33,1,1,1,2,33,14,1,1,allocated
183,699,low_traffic,0,0,65535_65535,0,2,439346,33,0,1,0,2,0,14,1,1,pre_allocation
183,699,low_traffic,0,0,65535_65535,0,2,439346,52,1,1,1,3,52,14,1,1,allocated
183,699,low_traffic,0,0,65535_65535,0,2,439346,52,0,1,0,3,0,14,1,1,pre_allocation
183,699,low_traffic,0,0,65535_65535,0,2,439346,70,1,1,1,4,70,14,1,1,allocated
183,699,low_traffic,0,0,65535_65535,0,2,439346,70,0,1,0,4,0,14,1,1,pre_allocation
183,699,low_traffic,0,0,65535_65535,0,2,439346,89,1,1,1,5,89,14,1,1,allocated
183,699,low_traffic,0,0,65535_65535,0,2,439346,89,0,1,0,5,0,14,1,1,pre_allocation
183,699,low_traffic,0,0,65535_65535,0,2,439346,107,1,1,1,6,107,14,1,1,allocated
183,699,low_traffic,0,0,65535_65535,0,2,439346,107,0,1,0,6,0,14,1,1,pre_allocation
183,699,low_traffic,0,0,65535_65535,0,2,439346,126,1,1,1,7,126,14,1,1,allocated
183,699,low_traffic,0,0,65535_65535,0,2,439346,126,0,1,0,7,0,14,1,1,pre_allocation
183,699,low_traffic,0,0,65535_65535,0,2,439346,144,1,1,1,8,144,14,1,1,allocated
183,699,low_traffic,0,0,65535_65535,0,2,439346,144,0,1,0,8,0,14,1,1,pre_allocation
183,699,low_traffic,0,0,65535_65535,0,2,439346,163,1,1,1,9,163,14,1,1,allocated
183,699,low_traffic,0,0,65535_65535,0,2,439346,163,0,1,0,9,0,14,1,1,pre_allocation
183,699,low_traffic,0,0,65535_65535,0,2,439346,181,1,1,1,10,181,14,1,1,allocated
183,699,low_traffic,0,0,65535_65535,0,2,439346,181,0,1,0,10,0,14,1,1,pre_allocation
183,699,low_traffic,0,0,65535_65535,0,2,439346,200,1,1,1,11,200,14,1,1,allocated
183,699,low_traffic,0,0,65535_65535,0,2,439346,200,0,1,0,11,0,14,1,1,pre_allocation
183,699,low_traffic,0,0,65535_65535,0,2,439346,218,1,1,1,12,218,14,1,1,allocated
183,699,low_traffic,0,0,65535_65535,0,2,439346,218,0,1,0,12,0,14,1,1,pre_allocation
183,699,low_traffic,0,0,65535_65535,0,2,439346,237,1,1,1,13,237,14,1,1,allocated
183,699,low_traffic,0,0,65535_65535,0,2,439346,237,0,1,0,13,0,14,1,1,pre_allocation
183,699,low_traffic,0,0,65535_65535,0,2,439346,255,1,1,1,14,255,14,1,1,allocated
183,699,low_traffic,0,0,65535_65535,0,2,439346,255,0,1,0,14,0,14,1,1,pre_allocation
183,699,low_traffic,0,0,65535_65535,0,2,439346,274,1,1,1,15,274,14,1,1,allocated
183,699,low_traffic,0,0,65535_65535,0,2,439346,274,0,1,0,15,0,14,1,1,pre_allocation
183,699,low_traffic,0,0,65535_65535,0,2,439346,292,1,1,1,16,292,14,1,1,allocated
183,699,low_traffic,0,0,65535_65535,0,2,439346,292,0,1,0,16,0,14,1,1,pre_allocation
183,699,low_traffic,0,0,65535_65535,0,2,439346,311,1,1,1,17,311,14,1,1,allocated
183,699,low_traffic,0,0,65535_65535,0,2,439346,311,0,1,0,17,0,14,1,1,pre_allocation
183,699,low_traffic,0,0,65535_65535,0,2,439346,329,1,1,1,18,329,14,1,1,allocated
183,699,low_traffic,0,0,65535_65535,0,2,439346,329,0,1,0,18,0,14,1,1,pre_allocation
183,699,low_traffic,0,0,65535_65535,0,2,439346,348,1,1,1,19,348,14,1,1,allocated
183,699,low_traffic,0,0,65535_65535,0,2,439346,348,0,1,0,19,0,14,1,1,pre_allocation
183,699,low_traffic,0,0,65535_65535,0,2,439346,366,1,1,1,20,366,14,1,1,allocated
183,699,low_traffic,0,0,65535_65535,0,2,439346,366,0,1,0,20,0,14,1,1,pre_allocation
183,699,low_traffic,0,0,65535_65535,0,2,439346,385,1,1,1,21,385,14,1,1,allocated
183,699,low_traffic,0,0,65535_65535,0,2,439346,385,0,1,0,21,0,14,1,1,pre_allocation
183,699,low_traffic,0,0,65535_65535,0,2,439346,403,1,1,1,22,403,14,1,1,allocated
183,699,low_traffic,0,0,65535_65535,0,2,439346,403,0,1,0,22,0,14,1,1,pre_allocation
183,699,low_traffic,0,0,65535_65535,0,2,439346,422,1,1,1,23,422,14,1,1,allocated
183,699,low_traffic,0,0,65535_65535,0,2,439346,422,0,1,0,23,0,14,1,1,pre_allocation
183,699,low_traffic,0,0,65535_65535,0,2,439346,440,1,1,1,24,440,14,1,1,allocated
183,699,low_traffic,0,0,65535_65535,0,2,439346,440,0,1,0,24,0,14,1,1,pre_allocation
183,699,low_traffic,0,0,65535_65535,0,2,439346,459,1,1,1,25,459,14,1,1,allocated
183,699,low_traffic,0,0,65535_65535,0,2,439346,459,0,1,0,25,0,14,1,1,pre_allocation
183,699,low_traffic,0,0,65535_65535,0,2,439346,477,1,1,1,26,477,14,1,1,allocated
183,699,low_traffic,0,0,65535_65535,0,2,439346,477,0,1,0,26,0,14,1,1,pre_allocation
183,699,low_traffic,0,0,65535_65535,0,2,439346,495,1,1,1,27,495,14,1,1,allocated
183,699,low_traffic,0,0,65535_65535,0,2,439346,495,0,1,0,27,0,14,1,1,pre_allocation
183,699,low_traffic,0,0,65535_65535,0,2,439346,514,1,1,1,28,514,14,1,1,allocated
183,699,low_traffic,0,0,65535_65535,0,2,439346,514,0,1,0,28,0,14,1,1,pre_allocation
183,699,low_traffic,0,0,65535_65535,0,2,439346,532,1,1,1,29,532,14,1,1,allocated
183,699,low_traffic,0,0,65535_65535,0,2,439346,532,0,1,0,29,0,14,1,1,pre_allocation
183,699,low_traffic,0,0,65535_65535,0,2,439346,551,1,1,1,30,551,14,1,1,allocated
183,699,low_traffic,0,0,65535_65535,0,2,439346,551,0,1,0,30,0,14,1,1,pre_allocation
183,699,low_traffic,0,0,65535_65535,0,2,439346,569,1,1,1,31,569,14,1,1,allocated
183,699,low_traffic,0,0,65535_65535,0,2,439346,569,0,1,0,31,0,14,1,1,pre_allocation
183,699,low_traffic,0,0,65535_65535,0,2,439346,588,1,1,1,32,588,14,1,1,allocated
183,699,low_traffic,0,0,65535_65535,0,2,439346,588,0,1,0,32,0,14,1,1,pre_allocation
183,699,low_traffic,0,0,65535_65535,0,2,439346,606,1,1,1,33,606,14,1,1,allocated
183,699,low_traffic,0,0,65535_65535,0,2,439346,606,0,1,0,33,0,14,1,1,pre_allocation
183,699,low_traffic,0,0,65535_65535,0,2,439346,625,1,1,1,34,625,14,1,1,allocated
183,699,low_traffic,0,0,65535_65535,0,2,439346,625,0,1,0,34,0,14,1,1,pre_allocation
183,699,low_traffic,0,0,65535_65535,0,2,439346,643,1,1,1,35,643,14,1,1,allocated
183,699,low_traffic,0,0,65535_65535,0,2,439346,643,0,1,0,35,0,14,1,1,pre_allocation
183,699,low_traffic,0,0,65535_65535,0,2,439346,662,1,1,1,36,662,14,1,1,allocated
183,699,low_traffic,0,0,65535_65535,0,2,439346,662,0,1,0,36,0,14,1,1,pre_allocation
183,699,low_traffic,0,0,65535_65535,0,2,439346,680,1,1,1,37,680,14,1,1,allocated
183,699,low_traffic,0,0,65535_65535,0,2,439346,680,0,1,0,37,0,14,1,1,pre_allocation
183,699,low_traffic,0,0,65535_65535,0,2,439346,699,1,1,1,38,699,14,1,1,allocated
183,699,low_traffic,0,0,65535_65535,0,2,439346,699,0,1,0,38,0,14,1,1,pre_allocation
183,699,low_traffic,0,0,65535_65535,0,2,439346,717,1,1,1,39,717,14,1,1,allocated
183,699,low_traffic,0,0,65535_65535,0,2,439346,717,0,1,0,39,0,14,1,1,pre_allocation
183,699,low_traffic,0,0,65535_65535,0,2,439346,736,1,1,1,40,736,14,1,1,allocated
183,699,low_traffic,0,0,65535_65535,0,2,439346,736,0,1,0,40,0,14,1,1,pre_allocation
183,699,low_traffic,0,0,65535_65535,0,2,439346,754,1,1,1,41,754,14,1,1,allocated
183,699,low_traffic,0,0,65535_65535,0,2,439346,754,0,1,0,41,0,14,1,1,pre_allocation
183,699,low_traffic,0,0,65535_65535,0,2,439346,773,1,1,1,42,773,14,1,1,allocated
183,699,low_traffic,0,0,65535_65535,0,2,439346,773,0,1,0,42,0,14,1,1,pre_allocation
183,699,low_traffic,0,0,65535_65535,0,2,439346,791,1,1,1,43,791,14,1,1,allocated
183,699,low_traffic,0,0,65535_65535,0,2,439346,791,0,1,0,43,0,14,1,1,pre_allocation
183,699,low_traffic,0,0,65535_65535,0,2,439346,810,1,1,1,44,810,14,1,1,allocated
183,699,low_traffic,0,0,65535_65535,0,2,439346,810,0,1,0,44,0,14,1,1,pre_allocation
183,699,low_traffic,0,0,65535_65535,0,2,439346,828,1,1,1,45,828,14,1,1,allocated
183,699,low_traffic,0,0,65535_65535,0,2,439346,828,0,1,0,45,0,14,1,1,pre_allocation
183,699,low_traffic,0,0,65535_65535,0,2,439346,847,1,1,1,46,847,14,1,1,allocated
183,699,low_traffic,0,0,65535_65535,0,2,439346,847,0,1,0,46,0,14,1,1,pre_allocation
183,699,low_traffic,0,0,65535_65535,0,2,439346,865,1,1,1,47,865,14,1,1,allocated
183,699,low_traffic,0,0,65535_65535,0,2,439346,865,0,1,0,47,0,14,1,1,pre_allocation
183,699,low_traffic,0,0,65535_65535,0,2,439346,884,1,1,1,48,884,14,1,1,allocated
183,699,low_traffic,0,0,65535_65535,0,2,439346,884,0,1,0,48,0,14,1,1,pre_allocation
183,699,low_traffic,0,0,65535_65535,0,2,439346,902,1,1,1,49,902,14,1,1,allocated
183,699,low_traffic,0,0,65535_65535,0,2,439346,902,0,1,0,49,0,14,1,1,pre_allocation
183,699,low_traffic,0,0,65535_65535,0,2,439346,921,1,1,1,50,921,14,1,1,allocated
183,699,low_traffic,0,0,65535_65535,0,2,439346,921,0,1,0,50,0,14,1,1,pre_allocation
183,699,low_traffic,0,0,65535_65535,0,2,439346,939,1,1,1,51,939,14,1,1,allocated
183,699,low_traffic,0,0,65535_65535,0,2,439346,939,0,1,0,51,0,14,1,1,pre_allocation
183,699,low_traffic,0,0,65535_65535,0,2,439346,957,1,1,1,52,957,14,1,1,allocated
183,699,low_traffic,0,0,65535_65535,0,2,439346,957,0,1,0,52,0,14,1,1,pre_allocation
183,699,low_traffic,0,0,65535_65535,0,2,439346,976,1,1,1,53,976,14,1,1,allocated
183,699,low_traffic,0,0,65535_65535,0,2,439346,976,0,1,0,53,0,14,1,1,pre_allocation
183,699,low_traffic,0,0,65535_65535,0,2,439346,994,1,1,1,54,994,14,1,1,allocated
183,699,low_traffic,0,0,65535_65535,0,2,439346,994,0,1,0,54,0,14,1,1,pre_allocation
183,699,low_traffic,0,0,65535_65535,0,2,439346,1013,1,1,1,55,1013,14,1,1,allocated
183,699,low_traffic,0,0,65535_65535,0,2,439346,1013,0,1,0,55,0,14,1,1,pre_allocation
183,699,low_traffic,0,0,65535_65535,0,2,439346,1031,1,1,1,56,1031,14,1,1,allocated
183,699,low_traffic,0,0,65535_65535,0,2,439346,1031,0,1,0,56,0,14,1,1,pre_allocation
183,699,low_traffic,0,0,65535_65535,0,2,439346,1050,1,1,1,57,1050,14,1,1,allocated
183,699,low_traffic,0,0,65535_65535,0,2,439346,1050,0,1,0,57,0,14,1,1,pre_allocation
183,699,low_traffic,0,0,65535_65535,0,2,439346,1068,1,1,1,58,1068,14,1,1,allocated
183,699,low_traffic,0,0,65535_65535,1,4,251,0,0,1,0,0,0,2,1,1,pre_allocation
183,699,low_traffic,0,0,65535_65535,1,4,251,2,1,1,1,1,2,2,1,1,allocated
183,699,low_traffic,0,0,65535_65535,1,3,251,0,0,1,0,0,0,14,1,1,pre_allocation
183,699,low_traffic,0,0,65535_65535,1,3,251,15,1,1,1,1,15,14,1,1,allocated
183,699,low_traffic,0,0,65535_65535,1,4,251,2,0,1,0,1,0,2,1,1,pre_allocation
183,699,low_traffic,0,0,65535_65535,1,4,251,1,1,1,1,2,1,2,1,1,allocated
183,699,low_traffic,0,0,65535_65535,1,3,251,15,0,1,0,1,0,14,1,1,pre_allocation
183,699,low_traffic,0,0,65535_65535,1,3,251,33,1,1,1,2,33,14,1,1,allocated
183,699,low_traffic,0,0,65535_65535,1,4,251,1,0,1,0,2,0,2,1,1,pre_allocation
183,699,low_traffic,0,0,65535_65535,1,4,251,3,1,1,1,3,3,2,1,1,allocated
183,699,low_traffic,0,0,65535_65535,1,3,251,33,0,1,0,2,0,14,1,1,pre_allocation
183,699,low_traffic,0,0,65535_65535,1,3,251,52,1,1,1,3,52,14,1,1,allocated
183,699,low_traffic,0,0,65535_65535,1,4,251,3,0,1,0,3,0,2,1,1,pre_allocation
183,699,low_traffic,0,0,65535_65535,1,4,251,5,1,1,1,4,5,2,1,1,allocated
183,699,low_traffic,0,0,65535_65535,1,3,251,52,0,1,0,3,0,14,1,1,pre_allocation
183,699,low_traffic,0,0,65535_65535,1,3,251,70,1,1,1,4,70,14,1,1,allocated
183,699,low_traffic,0,0,65535_65535,1,4,251,5,0,1,0,4,0,2,1,1,pre_allocation
183,699,low_traffic,0,0,65535_65535,1,4,251,7,1,1,1,5,7,2,1,1,allocated
183,699,low_traffic,0,0,65535_65535,1,3,251,70,0,1,0,4,0,14,1,1,pre_allocation
183,699,low_traffic,0,0,65535_65535,1,3,251,89,1,1,1,5,89,14,1,1,allocated
183,699,low_traffic,0,0,65535_65535,1,4,251,7,0,1,0,5,0,2,1,1,pre_allocation
183,699,low_traffic,0,0,65535_65535,1,4,251,9,1,1,1,6,9,2,1,1,allocated
183,699,low_traffic,0,0,65535_65535,1,3,251,89,0,1,0,5,0,14,1,1,pre_allocation
183,699,low_traffic,0,0,65535_65535,1,3,251,107,1,1,1,6,107,14,1,1,allocated
183,699,low_traffic,0,0,65535_65535,1,4,251,9,0,1,0,6,0,2,1,1,pre_allocation
183,699,low_traffic,0,0,65535_65535,1,4,251,11,1,1,1,7,11,2,1,1,allocated
183,699,low_traffic,0,0,65535_65535,1,3,251,107,0,1,0,6,0,14,1,1,pre_allocation
183,699,low_traffic,0,0,65535_65535,1,3,251,126,1,1,1,7,126,14,1,1,allocated
183,699,low_traffic,0,0,65535_65535,1,4,251,11,0,1,0,7,0,2,1,1,pre_allocation
183,699,low_traffic,0,0,65535_65535,1,4,251,13,1,1,1,8,13,2,1,1,allocated
183,699,low_traffic,0,0,65535_65535,1,3,251,126,0,1,0,7,0,14,1,1,pre_allocation
183,699,low_traffic,0,0,65535_65535,1,3,251,144,1,1,1,8,144,14,1,1,allocated
183,699,low_traffic,0,0,65535_65535,1,4,251,13,0,1,0,8,0,2,1,1,pre_allocation
183,699,low_traffic,0,0,65535_65535,1,4,251,16,1,1,1,9,16,2,1,1,allocated
183,699,low_traffic,0,0,65535_65535,1,3,251,144,0,1,0,8,0,14,1,1,pre_allocation
183,699,low_traffic,0,0,65535_65535,1,3,251,163,1,1,1,9,163,14,1,1,allocated
183,699,low_traffic,0,0,65535_65535,1,4,251,16,0,1,0,9,0,2,1,1,pre_allocation
183,699,low_traffic,0,0,65535_65535,1,4,251,18,1,1,1,10,18,2,1,1,allocated
183,699,low_traffic,0,0,65535_65535,1,3,251,163,0,1,0,9,0,14,1,1,pre_allocation
183,699,low_traffic,0,0,65535_65535,1,3,251,181,1,1,1,10,181,14,1,1,allocated
183,699,low_traffic,0,0,65535_65535,1,4,251,18,0,1,0,10,0,2,1,1,pre_allocation
183,699,low_traffic,0,0,65535_65535,1,4,251,20,1,1,1,11,20,2,1,1,allocated
183,699,low_traffic,0,0,65535_65535,1,3,251,181,0,1,0,10,0,14,1,1,pre_allocation
183,699,low_traffic,0,0,65535_65535,1,3,251,200,1,1,1,11,200,14,1,1,allocated
183,699,low_traffic,0,0,65535_65535,1,4,251,20,0,1,0,11,0,2,1,1,pre_allocation
183,699,low_traffic,0,0,65535_65535,1,4,251,22,1,1,1,12,22,2,1,1,allocated
183,699,low_traffic,0,0,65535_65535,1,3,251,200,0,1,0,11,0,14,1,1,pre_allocation
183,699,low_traffic,0,0,65535_65535,1,3,251,218,1,1,1,12,218,14,1,1,allocated
183,699,low_traffic,0,0,65535_65535,1,4,251,22,0,1,0,12,0,2,1,1,pre_allocation
183,699,low_traffic,0,0,65535_65535,1,4,251,24,1,1,1,13,24,2,1,1,allocated
183,699,low_traffic,0,0,65535_65535,1,3,251,218,0,1,0,12,0,14,1,1,pre_allocation
183,699,low_traffic,0,0,65535_65535,1,3,251,237,1,1,1,13,237,14,1,1,allocated
183,699,low_traffic,0,0,65535_65535,1,4,251,24,0,1,0,13,0,2,1,1,pre_allocation
183,699,low_traffic,0,0,65535_65535,1,4,251,26,1,1,1,14,26,2,1,1,allocated
183,699,low_traffic,0,0,65535_65535,1,3,251,237,0,1,0,13,0,14,1,1,pre_allocation
183,699,low_traffic,0,0,65535_65535,1,3,251,255,1,1,1,14,255,14,1,1,allocated
183,699,low_traffic,0,0,65535_65535,1,4,251,26,0,1,0,14,0,2,1,1,pre_allocation
183,699,low_traffic,0,0,65535_65535,1,4,251,28,1,1,1,15,28,2,1,1,allocated
183,699,low_traffic,0,0,65535_65535,1,3,251,255,0,1,0,14,0,14,1,1,pre_allocation
183,699,low_traffic,0,0,65535_65535,1,3,251,274,1,1,1,15,274,14,1,1,allocated
183,699,low_traffic,0,0,65535_65535,1,4,251,28,0,1,0,15,0,2,1,1,pre_allocation
183,699,low_traffic,0,0,65535_65535,1,4,251,30,1,1,1,16,30,2,1,1,allocated
183,699,low_traffic,0,0,65535_65535,1,3,251,274,0,1,0,15,0,14,1,1,pre_allocation
183,699,low_traffic,0,0,65535_65535,1,3,251,292,1,1,1,16,292,14,1,1,allocated
183,699,low_traffic,0,0,65535_65535,1,4,251,30,0,1,0,16,0,2,1,1,pre_allocation
183,699,low_traffic,0,0,65535_65535,1,4,251,32,1,1,1,17,32,2,1,1,allocated
183,699,low_traffic,0,0,65535_65535,1,3,251,292,0,1,0,16,0,14,1,1,pre_allocation
183,699,low_traffic,0,0,65535_65535,1,3,251,311,1,1,1,17,311,14,1,1,allocated
183,699,low_traffic,0,0,65535_65535,1,4,251,32,0,1,0,17,0,2,1,1,pre_allocation
183,699,low_traffic,0,0,65535_65535,1,4,251,35,1,1,1,18,35,2,1,1,allocated
183,699,low_traffic,0,0,65535_65535,1,3,251,311,0,1,0,17,0,14,1,1,pre_allocation
183,699,low_traffic,0,0,65535_65535,1,3,251,329,1,1,1,18,329,14,1,1,allocated
183,699,low_traffic,0,0,65535_65535,1,4,251,35,0,1,0,18,0,2,1,1,pre_allocation
183,699,low_traffic,0,0,65535_65535,1,4,251,37,1,1,1,19,37,2,1,1,allocated
183,699,low_traffic,0,0,65535_65535,1,3,251,329,0,1,0,18,0,14,1,1,pre_allocation
183,699,low_traffic,0,0,65535_65535,1,3,251,348,1,1,1,19,348,14,1,1,allocated
183,699,low_traffic,0,0,65535_65535,1,4,251,37,0,1,0,19,0,2,1,1,pre_allocation
183,699,low_traffic,0,0,65535_65535,1,4,251,39,1,1,1,20,39,2,1,1,allocated
183,699,low_traffic,0,0,65535_65535,1,3,251,348,0,1,0,19,0,14,1,1,pre_allocation
183,699,low_traffic,0,0,65535_65535,1,3,251,366,1,1,1,20,366,14,1,1,allocated
183,699,low_traffic,0,0,65535_65535,1,4,251,39,0,1,0,20,0,2,1,1,pre_allocation
183,699,low_traffic,0,0,65535_65535,1,4,251,41,1,1,1,21,41,2,1,1,allocated
183,699,low_traffic,0,0,65535_65535,1,3,251,366,0,1,0,20,0,14,1,1,pre_allocation
183,699,low_traffic,0,0,65535_65535,1,3,251,385,1,1,1,21,385,14,1,1,allocated
183,699,low_traffic,0,0,65535_65535,1,4,251,41,0,1,0,21,0,2,1,1,pre_allocation
183,699,low_traffic,0,0,65535_65535,1,4,251,43,1,1,1,22,43,2,1,1,allocated
183,699,low_traffic,0,0,65535_65535,1,3,251,385,0,1,0,21,0,14,1,1,pre_allocation
183,699,low_traffic,0,0,65535_65535,1,3,251,403,1,1,1,22,403,14,1,1,allocated
183,699,low_traffic,0,0,65535_65535,1,4,251,43,0,1,0,22,0,2,1,1,pre_allocation
183,699,low_traffic,0,0,65535_65535,1,4,251,45,1,1,1,23,45,2,1,1,allocated
183,699,low_traffic,0,0,65535_65535,1,3,251,403,0,1,0,22,0,14,1,1,pre_allocation
183,699,low_traffic,0,0,65535_65535,1,3,251,422,1,1,1,23,422,14,1,1,allocated
183,699,low_traffic,0,0,65535_65535,1,4,251,45,0,1,0,23,0,2,1,1,pre_allocation
183,699,low_traffic,0,0,65535_65535,1,4,251,47,1,1,1,24,47,2,1,1,allocated
183,699,low_traffic,0,0,65535_65535,1,3,251,422,0,1,0,23,0,14,1,1,pre_allocation
183,699,low_traffic,0,0,65535_65535,1,3,251,440,1,1,1,24,440,14,1,1,allocated
183,699,low_traffic,0,0,65535_65535,1,4,251,47,0,1,0,24,0,2,1,1,pre_allocation
183,699,low_traffic,0,0,65535_65535,1,4,251,49,1,1,1,25,49,2,1,1,allocated
183,699,low_traffic,0,0,65535_65535,1,3,251,440,0,1,0,24,0,14,1,1,pre_allocation
183,699,low_traffic,0,0,65535_65535,1,3,251,459,1,1,1,25,459,14,1,1,allocated
183,699,low_traffic,0,0,65535_65535,1,4,251,49,0,1,0,25,0,2,1,1,pre_allocation
183,699,low_traffic,0,0,65535_65535,1,4,251,52,1,1,1,26,52,2,1,1,allocated
183,699,low_traffic,0,0,65535_65535,1,3,251,459,0,1,0,25,0,14,1,1,pre_allocation
183,699,low_traffic,0,0,65535_65535,1,3,251,477,1,1,1,26,477,14,1,1,allocated
183,699,low_traffic,0,0,65535_65535,1,4,251,52,0,1,0,26,0,2,1,1,pre_allocation
183,699,low_traffic,0,0,65535_65535,1,4,251,54,1,1,1,27,54,2,1,1,allocated
183,699,low_traffic,0,0,65535_65535,2,9,137,0,0,1,0,0,0,28,1,1,pre_allocation
183,699,low_traffic,0,0,65535_65535,2,9,137,50,1,1,1,1,50,28,1,1,allocated
183,699,low_traffic,0,0,65535_65535,2,8,137,0,0,1,0,0,0,28,1,1,pre_allocation
183,699,low_traffic,0,0,65535_65535,2,8,137,50,1,1,1,1,50,28,1,1,allocated
183,699,low_traffic,0,0,65535_65535,2,7,137,0,0,1,0,0,0,15,1,1,pre_allocation
183,699,low_traffic,0,0,65535_65535,2,7,137,17,1,1,1,1,17,15,1,1,allocated
183,699,low_traffic,0,0,65535_65535,2,6,137,0,0,1,0,0,0,28,1,1,pre_allocation
183,699,low_traffic,0,0,65535_65535,2,6,137,50,1,1,1,1,50,28,1,1,allocated
183,699,low_traffic,0,0,65535_65535,2,5,665,0,0,1,0,0,0,15,1,1,pre_allocation
183,699,low_traffic,0,0,65535_65535,2,5,665,17,1,1,1,1,17,15,1,1,allocated
183,699,low_traffic,0,0,65535_65535,2,9,137,50,0,1,0,1,0,28,1,1,pre_allocation
183,699,low_traffic,0,0,65535_65535,2,9,137,103,1,1,1,2,103,28,1,1,allocated
183,699,low_traffic,0,0,65535_65535,2,8,137,50,0,1,0,1,0,28,1,1,pre_allocation
183,699,low_traffic,0,0,65535_65535,2,8,137,103,1,1,1,2,103,28,1,1,allocated
183,699,low_traffic,0,0,65535_65535,2,7,137,17,0,1,0,1,0,15,1,1,pre_allocation
183,699,low_traffic,0,0,65535_65535,2,7,137,38,1,1,1,2,38,15,1,1,allocated
183,699,low_traffic,0,0,65535_65535,2,6,137,50,0,1,0,1,0,28,1,1,pre_allocation
183,699,low_traffic,0,0,65535_65535,2,6,137,103,1,1,1,2,103,28,1,1,allocated
183,699,low_traffic,0,0,65535_65535,2,5,665,17,0,1,0,1,0,15,1,1,pre_allocation
183,699,low_traffic,0,0,65535_65535,2,5,665,38,1,1,1,2,38,15,1,1,allocated
183,699,low_traffic,0,0,65535_65535,2,9,137,103,0,1,0,2,0,28,1,1,pre_allocation
183,699,low_traffic,0,0,65535_65535,2,9,137,156,1,1,1,3,156,28,1,1,allocated
183,699,low_traffic,0,0,65535_65535,2,8,137,103,0,1,0,2,0,28,1,1,pre_allocation
183,699,low_traffic,0,0,65535_65535,2,8,137,156,1,1,1,3,156,28,1,1,allocated
183,699,low_traffic,0,0,65535_65535,2,7,137,38,0,1,0,2,0,15,1,1,pre_allocation
183,699,low_traffic,0,0,65535_65535,2,7,137,59,1,1,1,3,59,15,1,1,allocated
183,699,low_traffic,0,0,65535_65535,2,6,137,103,0,1,0,2,0,28,1,1,pre_allocation
183,699,low_traffic,0,0,65535_65535,2,6,137,156,1,1,1,3,156,28,1,1,allocated
183,699,low_traffic,0,0,65535_65535,2,5,665,38,0,1,0,2,0,15,1,1,pre_allocation
183,699,low_traffic,0,0,65535_65535,2,5,665,59,1,1,1,3,59,15,1,1,allocated
183,699,low_traffic,0,0,65535_65535,2,9,137,156,0,1,0,3,0,28,1,1,pre_allocation
183,699,low_traffic,0,0,65535_65535,2,9,137,209,1,1,1,4,209,28,1,1,allocated
183,699,low_traffic,0,0,65535_65535,2,8,137,156,0,1,0,3,0,28,1,1,pre_allocation
183,699,low_traffic,0,0,65535_65535,2,8,137,209,1,1,1,4,209,28,1,1,allocated
183,699,low_traffic,0,0,65535_65535,2,7,137,59,0,1,0,3,0,15,1,1,pre_allocation
183,699,low_traffic,0,0,65535_65535,2,7,137,80,1,1,1,4,80,15,1,1,allocated
183,699,low_traffic,0,0,65535_65535,2,6,137,156,0,1,0,3,0,28,1,1,pre_allocation
183,699,low_traffic,0,0,65535_65535,2,6,137,209,1,1,1,4,209,28,1,1,allocated
183,699,low_traffic,0,0,65535_65535,2,5,665,59,0,1,0,3,0,15,1,1,pre_allocation
183,699,low_traffic,0,0,65535_65535,2,5,665,80,1,1,1,4,80,15,1,1,allocated
183,699,low_traffic,0,0,65535_65535,2,9,137,209,0,1,0,4,0,28,1,1,pre_allocation
183,699,low_traffic,0,0,65535_65535,2,9,137,262,1,1,1,5,262,28,1,1,allocated
183,699,low_traffic,0,0,65535_65535,2,8,137,209,0,1,0,4,0,28,1,1,pre_allocation
183,699,low_traffic,0,0,65535_65535,2,8,137,262,1,1,1,5,262,28,1,1,allocated
183,699,low_traffic,0,0,65535_65535,2,7,137,80,0,1,0,4,0,15,1,1,pre_allocation
183,699,low_traffic,0,0,65535_65535,2,7,137,100,1,1,1,5,100,15,1,1,allocated
183,699,low_traffic,0,0,65535_65535,2,6,137,209,0,1,0,4,0,28,1,1,pre_allocation
183,699,low_traffic,0,0,65535_65535,2,6,137,262,1,1,1,5,262,28,1,1,allocated
183,699,low_traffic,0,0,65535_65535,2,5,665,80,0,1,0,4,0,15,1,1,pre_allocation
183,699,low_traffic,0,0,65535_65535,2,5,665,100,1,1,1,5,100,15,1,1,allocated
183,699,low_traffic,0,0,65535_65535,2,9,137,262,0,1,0,5,0,28,1,1,pre_allocation
183,699,low_traffic,0,0,65535_65535,2,9,137,315,1,1,1,6,315,28,1,1,allocated
183,699,low_traffic,0,0,65535_65535,2,8,137,262,0,1,0,5,0,28,1,1,pre_allocation
183,699,low_traffic,0,0,65535_65535,2,8,137,315,1,1,1,6,315,28,1,1,allocated
183,699,low_traffic,0,0,65535_65535,2,7,137,100,0,1,0,5,0,15,1,1,pre_allocation
183,699,low_traffic,0,0,65535_65535,2,7,137,121,1,1,1,6,121,15,1,1,allocated
183,699,low_traffic,0,0,65535_65535,2,6,137,262,0,1,0,5,0,28,1,1,pre_allocation
183,699,low_traffic,0,0,65535_65535,2,6,137,315,1,1,1,6,315,28,1,1,allocated
183,699,low_traffic,0,0,65535_65535,2,5,665,100,0,1,0,5,0,15,1,1,pre_allocation
183,699,low_traffic,0,0,65535_65535,2,5,665,121,1,1,1,6,121,15,1,1,allocated
183,699,low_traffic,0,0,65535_65535,2,9,137,315,0,1,0,6,0,28,1,1,pre_allocation
183,699,low_traffic,0,0,65535_65535,2,9,137,368,1,1,1,7,368,28,1,1,allocated
183,699,low_traffic,0,0,65535_65535,2,8,137,315,0,1,0,6,0,28,1,1,pre_allocation
183,699,low_traffic,0,0,65535_65535,2,8,137,368,1,1,1,7,368,28,1,1,allocated
183,699,low_traffic,0,0,65535_65535,2,7,137,121,0,1,0,6,0,15,1,1,pre_allocation
183,699,low_traffic,0,0,65535_65535,2,7,137,142,1,1,1,7,142,15,1,1,allocated
183,699,low_traffic,0,0,65535_65535,2,6,137,315,0,1,0,6,0,28,1,1,pre_allocation
183,699,low_traffic,0,0,65535_65535,2,6,137,368,1,1,1,7,368,28,1,1,allocated
183,699,low_traffic,0,0,65535_65535,2,5,665,121,0,1,0,6,0,15,1,1,pre_allocation
183,699,low_traffic,0,0,65535_65535,2,5,665,142,1,1,1,7,142,15,1,1,allocated
183,699,low_traffic,0,0,65535_65535,2,9,137,368,0,1,0,7,0,28,1,1,pre_allocation
183,699,low_traffic,0,0,65535_65535,2,9,137,422,1,1,1,8,422,28,1,1,allocated
183,699,low_traffic,0,0,65535_65535,2,8,137,368,0,1,0,7,0,28,1,1,pre_allocation
183,699,low_traffic,0,0,65535_65535,2,8,137,422,1,1,1,8,422,28,1,1,allocated
183,699,low_traffic,0,0,65535_65535,2,7,137,142,0,1,0,7,0,15,1,1,pre_allocation
183,699,low_traffic,0,0,65535_65535,2,7,137,163,1,1,1,8,163,15,1,1,allocated
183,699,low_traffic,0,0,65535_65535,2,6,137,368,0,1,0,7,0,28,1,1,pre_allocation
183,699,low_traffic,0,0,65535_65535,2,6,137,422,1,1,1,8,422,28,1,1,allocated
183,699,low_traffic,0,0,65535_65535,2,5,665,142,0,1,0,7,0,15,1,1,pre_allocation
183,699,low_traffic,0,0,65535_65535,2,5,665,163,1,1,1,8,163,15,1,1,allocated
183,699,low_traffic,0,0,65535_65535,2,9,137,422,0,1,0,8,0,28,1,1,pre_allocation
183,699,low_traffic,0,0,65535_65535,2,9,137,475,1,1,1,9,475,28,1,1,allocated
183,699,low_traffic,0,0,65535_65535,2,8,137,422,0,1,0,8,0,28,1,1,pre_allocation
183,699,low_traffic,0,0,65535_65535,2,8,137,475,1,1,1,9,475,28,1,1,allocated
183,699,low_traffic,0,0,65535_65535,2,7,137,163,0,1,0,8,0,15,1,1,pre_allocation
183,699,low_traffic,0,0,65535_65535,2,7,137,184,1,1,1,9,184,15,1,1,allocated
183,699,low_traffic,0,0,65535_65535,2,6,137,422,0,1,0,8,0,28,1,1,pre_allocation
183,699,low_traffic,0,0,65535_65535,2,6,137,475,1,1,1,9,475,28,1,1,allocated
183,699,low_traffic,0,0,65535_65535,2,5,665,163,0,1,0,8,0,15,1,1,pre_allocation
183,699,low_traffic,0,0,65535_65535,2,5,665,184,1,1,1,9,184,15,1,1,allocated
183,699,low_traffic,0,0,65535_65535,2,9,137,475,0,1,0,9,0,28,1,1,pre_allocation
183,699,low_traffic,0,0,65535_65535,2,9,137,528,1,1,1,10,528,28,1,1,allocated
183,699,low_traffic,0,0,65535_65535,2,8,137,475,0,1,0,9,0,28,1,1,pre_allocation
183,699,low_traffic,0,0,65535_65535,2,8,137,528,1,1,1,10,528,28,1,1,allocated
183,699,low_traffic,0,0,65535_65535,2,7,137,184,0,1,0,9,0,15,1,1,pre_allocation
183,699,low_traffic,0,0,65535_65535,2,7,137,204,1,1,1,10,204,15,1,1,allocated
183,699,low_traffic,0,0,65535_65535,2,6,137,475,0,1,0,9,0,28,1,1,pre_allocation
183,699,low_traffic,0,0,65535_65535,2,6,137,528,1,1,1,10,528,28,1,1,allocated
183,699,low_traffic,0,0,65535_65535,2,5,665,184,0,1,0,9,0,15,1,1,pre_allocation
183,699,low_traffic,0,0,65535_65535,2,5,665,204,1,1,1,10,204,15,1,1,allocated
183,699,low_traffic,0,0,65535_65535,2,9,137,528,0,1,0,10,0,28,1,1,pre_allocation
183,699,low_traffic,0,0,65535_65535,2,9,137,581,1,1,1,11,581,28,1,1,allocated
183,699,low_traffic,0,0,65535_65535,2,8,137,528,0,1,0,10,0,28,1,1,pre_allocation
183,699,low_traffic,0,0,65535_65535,2,8,137,581,1,1,1,11,581,28,1,1,allocated
183,699,low_traffic,0,0,65535_65535,2,7,137,204,0,1,0,10,0,15,1,1,pre_allocation
183,699,low_traffic,0,0,65535_65535,2,7,137,225,1,1,1,11,225,15,1,1,allocated
183,699,low_traffic,0,0,65535_65535,2,6,137,528,0,1,0,10,0,28,1,1,pre_allocation
183,699,low_traffic,0,0,65535_65535,2,6,137,581,1,1,1,11,581,28,1,1,allocated
183,699,low_traffic,0,0,65535_65535,2,5,665,204,0,1,0,10,0,15,1,1,pre_allocation
183,699,low_traffic,0,0,65535_65535,2,5,665,225,1,1,1,11,225,15,1,1,allocated
183,699,low_traffic,0,0,65535_65535,2,9,137,581,0,1,0,11,0,28,1,1,pre_allocation
183,699,low_traffic,0,0,65535_65535,2,9,137,634,1,1,1,12,634,28,1,1,allocated
183,699,low_traffic,0,0,65535_65535,2,8,137,581,0,1,0,11,0,28,1,1,pre_allocation
183,699,low_traffic,0,0,65535_65535,2,8,137,634,1,1,1,12,634,28,1,1,allocated
183,699,low_traffic,0,0,65535_65535,2,7,137,225,0,1,0,11,0,15,1,1,pre_allocation
183,699,low_traffic,0,0,65535_65535,2,7,137,246,1,1,1,12,246,15,1,1,allocated
183,699,low_traffic,0,0,65535_65535,2,6,137,581,0,1,0,11,0,28,1,1,pre_allocation
183,699,low_traffic,0,0,65535_65535,2,6,137,634,1,1,1,12,634,28,1,1,allocated
183,699,low_traffic,0,0,65535_65535,2,5,665,225,0,1,0,11,0,15,1,1,pre_allocation
183,699,low_traffic,0,0,65535_65535,2,5,665,246,1,1,1,12,246,15,1,1,allocated
183,699,low_traffic,0,0,65535_65535,2,9,137,634,0,1,0,12,0,28,1,1,pre_allocation
183,699,low_traffic,0,0,65535_65535,2,9,137,687,1,1,1,13,687,28,1,1,allocated
183,699,low_traffic,0,0,65535_65535,2,8,137,634,0,1,0,12,0,28,1,1,pre_allocation
183,699,low_traffic,0,0,65535_65535,2,8,137,687,1,1,1,13,687,28,1,1,allocated
183,699,low_traffic,0,0,65535_65535,2,7,137,246,0,1,0,12,0,15,1,1,pre_allocation
183,699,low_traffic,0,0,65535_65535,2,7,137,267,1,1,1,13,267,15,1,1,allocated
183,699,low_traffic,0,0,65535_65535,2,6,137,634,0,1,0,12,0,28,1,1,pre_allocation
183,699,low_traffic,0,0,65535_65535,2,6,137,687,1,1,1,13,687,28,1,1,allocated
183,699,low_traffic,0,0,65535_65535,2,5,665,246,0,1,0,12,0,15,1,1,pre_allocation
183,699,low_traffic,0,0,65535_65535,2,5,665,267,1,1,1,13,267,15,1,1,allocated
183,699,low_traffic,0,0,65535_65535,2,9,137,687,0,1,0,13,0,28,1,1,pre_allocation
183,699,low_traffic,0,0,65535_65535,2,9,137,740,1,1,1,14,740,28,1,1,allocated
183,699,low_traffic,0,0,65535_65535,2,8,137,687,0,1,0,13,0,28,1,1,pre_allocation
183,699,low_traffic,0,0,65535_65535,2,8,137,740,1,1,1,14,740,28,1,1,allocated
183,699,low_traffic,0,0,65535_65535,2,7,137,267,0,1,0,13,0,15,1,1,pre_allocation
183,699,low_traffic,0,0,65535_65535,2,7,137,288,1,1,1,14,288,15,1,1,allocated
183,699,low_traffic,0,0,65535_65535,2,6,137,687,0,1,0,13,0,28,1,1,pre_allocation
183,699,low_traffic,0,0,65535_65535,2,6,137,740,1,1,1,14,740,28,1,1,allocated
183,699,low_traffic,0,0,65535_65535,2,5,665,267,0,1,0,13,0,15,1,1,pre_allocation
183,699,low_traffic,0,0,65535_65535,2,5,665,288,1,1,1,14,288,15,1,1,allocated
183,699,low_traffic,0,0,65535_65535,2,9,137,740,0,1,0,14,0,28,1,1,pre_allocation
183,699,low_traffic,0,0,65535_65535,2,9,137,793,1,1,1,15,793,28,1,1,allocated
183,699,low_traffic,0,0,65535_65535,2,8,137,740,0,1,0,14,0,28,1,1,pre_allocation
183,699,low_traffic,0,0,65535_65535,2,8,137,793,1,1,1,15,793,28,1,1,allocated
183,699,low_traffic,0,0,65535_65535,2,7,137,288,0,1,0,14,0,15,1,1,pre_allocation
183,699,low_traffic,0,0,65535_65535,2,7,137,308,1,1,1,15,308,15,1,1,allocated
183,699,low_traffic,0,0,65535_65535,2,6,137,740,0,1,0,14,0,28,1,1,pre_allocation
183,699,low_traffic,0,0,65535_65535,2,6,137,793,1,1,1,15,793,28,1,1,allocated
183,699,low_traffic,0,0,65535_65535,2,5,665,288,0,1,0,14,0,15,1,1,pre_allocation
183,699,low_traffic,0,0,65535_65535,2,5,665,308,1,1,1,15,308,15,1,1,allocated
183,699,low_traffic,0,0,65535_65535,2,9,137,793,0,1,0,15,0,28,1,1,pre_allocation
183,699,low_traffic,0,0,65535_65535,2,9,137,847,1,1,1,16,847,28,1,1,allocated
183,699,low_traffic,0,0,65535_65535,2,8,137,793,0,1,0,15,0,28,1,1,pre_allocation
183,699,low_traffic,0,0,65535_65535,2,8,137,847,1,1,1,16,847,28,1,1,allocated
183,699,low_traffic,0,0,65535_65535,2,7,137,308,0,1,0,15,0,15,1,1,pre_allocation
183,699,low_traffic,0,0,65535_65535,2,7,137,329,1,1,1,16,329,15,1,1,allocated
183,699,low_traffic,0,0,65535_65535,2,6,137,793,0,1,0,15,0,28,1,1,pre_allocation
183,699,low_traffic,0,0,65535_65535,2,6,137,847,1,1,1,16,847,28,1,1,allocated
183,699,low_traffic,0,0,65535_65535,2,5,665,308,0,1,0,15,0,15,1,1,pre_allocation
183,699,low_traffic,0,0,65535_65535,2,5,665,329,1,1,1,16,329,15,1,1,allocated
183,699,low_traffic,0,0,65535_65535,2,9,137,847,0,1,0,16,0,28,1,1,pre_allocation
183,699,low_traffic,0,0,65535_65535,2,9,137,900,1,1,1,17,900,28,1,1,allocated
183,699,low_traffic,0,0,65535_65535,2,8,137,847,0,1,0,16,0,28,1,1,pre_allocation
183,699,low_traffic,0,0,65535_65535,2,8,137,900,1,1,1,17,900,28,1,1,allocated
183,699,low_traffic,0,0,65535_65535,2,7,137,329,0,1,0,16,0,15,1,1,pre_allocation
183,699,low_traffic,0,0,65535_65535,2,7,137,350,1,1,1,17,350,15,1,1,allocated
183,699,low_traffic,0,0,65535_65535,2,6,137,847,0,1,0,16,0,28,1,1,pre_allocation
183,699,low_traffic,0,0,65535_65535,2,6,137,900,1,1,1,17,900,28,1,1,allocated
183,699,low_traffic,0,0,65535_65535,2,5,665,329,0,1,0,16,0,15,1,1,pre_allocation
183,699,low_traffic,0,0,65535_65535,2,5,665,350,1,1,1,17,350,15,1,1,allocated
183,699,low_traffic,0,0,65535_65535,2,9,137,900,0,1,0,17,0,28,1,1,pre_allocation
183,699,low_traffic,0,0,65535_65535,2,9,137,953,1,1,1,18,953,28,1,1,allocated
183,699,low_traffic,0,0,65535_65535,2,8,137,900,0,1,0,17,0,28,1,1,pre_allocation
183,699,low_traffic,0,0,65535_65535,2,8,137,953,1,1,1,18,953,28,1,1,allocated
183,699,low_traffic,0,0,65535_65535,2,7,137,350,0,1,0,17,0,15,1,1,pre_allocation
183,699,low_traffic,0,0,65535_65535,2,7,137,371,1,1,1,18,371,15,1,1,allocated
183,699,low_traffic,0,0,65535_65535,2,6,137,900,0,1,0,17,0,28,1,1,pre_allocation
183,699,low_traffic,0,0,65535_65535,2,6,137,953,1,1,1,18,953,28,1,1,allocated
183,699,low_traffic,0,0,65535_65535,2,5,665,350,0,1,0,17,0,15,1,1,pre_allocation
183,699,low_traffic,0,0,65535_65535,2,5,665,371,1,1,1,18,371,15,1,1,allocated
183,699,low_traffic,0,0,65535_65535,2,9,137,953,0,1,0,18,0,28,1,1,pre_allocation
183,699,low_traffic,0,0,65535_65535,2,9,137,1006,1,1,1,19,1006,28,1,1,allocated
183,699,low_traffic,0,0,65535_65535,2,8,137,953,0,1,0,18,0,28,1,1,pre_allocation
183,699,low_traffic,0,0,65535_65535,2,8,137,1006,1,1,1,19,1006,28,1,1,allocated
183,699,low_traffic,0,0,65535_65535,2,7,137,371,0,1,0,18,0,15,1,1,pre_allocation
183,699,low_traffic,0,0,65535_65535,2,7,137,392,1,1,1,19,392,15,1,1,allocated
183,699,low_traffic,0,0,65535_65535,2,6,137,953,0,1,0,18,0,28,1,1,pre_allocation
183,699,low_traffic,0,0,65535_65535,2,6,137,1006,1,1,1,19,1006,28,1,1,allocated
183,699,low_traffic,0,0,65535_65535,2,5,665,371,0,1,0,18,0,15,1,1,pre_allocation
183,699,low_traffic,0,0,65535_65535,2,5,665,392,1,1,1,19,392,15,1,1,allocated
183,699,low_traffic,0,0,65535_65535,2,9,137,1006,0,1,0,19,0,28,1,1,pre_allocation
183,699,low_traffic,0,0,65535_65535,2,9,137,1059,1,1,1,20,1059,28,1,1,allocated
183,699,low_traffic,0,0,65535_65535,2,8,137,1006,0,1,0,19,0,28,1,1,pre_allocation
183,699,low_traffic,0,0,65535_65535,2,8,137,1059,1,1,1,20,1059,28,1,1,allocated
183,699,low_traffic,0,0,65535_65535,2,7,137,392,0,1,0,19,0,15,1,1,pre_allocation
183,699,low_traffic,0,0,65535_65535,2,7,137,412,1,1,1,20,412,15,1,1,allocated
183,699,low_traffic,0,0,65535_65535,2,6,137,1006,0,1,0,19,0,28,1,1,pre_allocation
183,699,low_traffic,0,0,65535_65535,2,6,137,1059,1,1,1,20,1059,28,1,1,allocated
183,699,low_traffic,0,0,65535_65535,2,5,665,392,0,1,0,19,0,15,1,1,pre_allocation
183,699,low_traffic,0,0,65535_65535,2,5,665,412,1,1,1,20,412,15,1,1,allocated
183,699,low_traffic,0,0,65535_65535,2,9,137,1059,0,1,0,20,0,28,1,1,pre_allocation
183,699,low_traffic,0,0,65535_65535,2,9,137,1112,1,1,1,21,1112,28,1,1,allocated
183,699,low_traffic,0,0,65535_65535,2,8,137,1059,0,1,0,20,0,28,1,1,pre_allocation
183,699,low_traffic,0,0,65535_65535,2,8,137,1112,1,1,1,21,1112,28,1,1,allocated
183,699,low_traffic,0,0,65535_65535,2,7,137,412,0,1,0,20,0,15,1,1,pre_allocation
183,699,low_traffic,0,0,65535_65535,2,7,137,433,1,1,1,21,433,15,1,1,allocated
183,699,low_traffic,0,0,65535_65535,2,6,137,1059,0,1,0,20,0,28,1,1,pre_allocation
183,699,low_traffic,0,0,65535_65535,2,6,137,1112,1,1,1,21,1112,28,1,1,allocated
183,699,low_traffic,0,0,65535_65535,2,5,665,412,0,1,0,20,0,15,1,1,pre_allocation
183,699,low_traffic,0,0,65535_65535,2,5,665,433,1,1,1,21,433,15,1,1,allocated
183,699,low_traffic,0,0,65535_65535,2,9,137,1112,0,1,0,21,0,28,1,1,pre_allocation
183,699,low_traffic,0,0,65535_65535,2,9,137,1165,1,1,1,22,1165,28,1,1,allocated
183,699,low_traffic,0,0,65535_65535,2,8,137,1112,0,1,0,21,0,28,1,1,pre_allocation
183,699,low_traffic,0,0,65535_65535,2,8,137,1165,1,1,1,22,1165,28,1,1,allocated
183,699,low_traffic,0,0,65535_65535,2,7,137,433,0,1,0,21,0,15,1,1,pre_allocation
183,699,low_traffic,0,0,65535_65535,2,7,137,454,1,1,1,22,454,15,1,1,allocated
183,699,low_traffic,0,0,65535_65535,2,6,137,1112,0,1,0,21,0,28,1,1,pre_allocation
183,699,low_traffic,0,0,65535_65535,2,6,137,1165,1,1,1,22,1165,28,1,1,allocated
183,699,low_traffic,0,0,65535_65535,2,5,665,433,0,1,0,21,0,15,1,1,pre_allocation
183,699,low_traffic,0,0,65535_65535,2,5,665,454,1,1,1,22,454,15,1,1,allocated
183,699,low_traffic,0,0,65535_65535,2,9,137,1165,0,1,0,22,0,28,1,1,pre_allocation
183,699,low_traffic,0,0,65535_65535,2,9,137,1218,1,1,1,23,1218,28,1,1,allocated
183,699,low_traffic,0,0,65535_65535,2,8,137,1165,0,1,0,22,0,28,1,1,pre_allocation
183,699,low_traffic,0,0,65535_65535,2,8,137,1218,1,1,1,23,1218,28,1,1,allocated
183,699,low_traffic,0,0,65535_65535,2,7,137,454,0,1,0,22,0,15,1,1,pre_allocation
183,699,low_traffic,0,0,65535_65535,2,7,137,475,1,1,1,23,475,15,1,1,allocated
183,699,low_traffic,0,0,65535_65535,2,6,137,1165,0,1,0,22,0,28,1,1,pre_allocation
183,699,low_traffic,0,0,65535_65535,2,6,137,1218,1,1,1,23,1218,28,1,1,allocated
183,699,low_traffic,0,0,65535_65535,2,5,665,454,0,1,0,22,0,15,1,1,pre_allocation
183,699,low_traffic,0,0,65535_65535,2,5,665,475,1,1,1,23,475,15,1,1,allocated
183,699,low_traffic,0,0,65535_65535,2,9,137,1218,0,1,0,23,0,28,1,1,pre_allocation
183,699,low_traffic,0,0,65535_65535,2,9,137,1272,1,1,1,24,1272,28,1,1,allocated
183,699,low_traffic,0,0,65535_65535,2,8,137,1218,0,1,0,23,0,28,1,1,pre_allocation
183,699,low_traffic,0,0,65535_65535,2,8,137,1272,1,1,1,24,1272,28,1,1,allocated
183,699,low_traffic,0,0,65535_65535,2,7,137,475,0,1,0,23,0,15,1,1,pre_allocation
183,699,low_traffic,0,0,65535_65535,2,7,137,495,1,1,1,24,495,15,1,1,allocated
183,699,low_traffic,0,0,65535_65535,2,6,137,1218,0,1,0,23,0,28,1,1,pre_allocation
183,699,low_traffic,0,0,65535_65535,2,6,137,1272,1,1,1,24,1272,28,1,1,allocated
183,699,low_traffic,0,0,65535_65535,2,5,665,475,0,1,0,23,0,15,1,1,pre_allocation
183,699,low_traffic,0,0,65535_65535,2,5,665,495,1,1,1,24,495,15,1,1,allocated
183,699,low_traffic,0,0,65535_65535,2,9,137,1272,0,1,0,24,0,28,1,1,pre_allocation
183,699,low_traffic,0,0,65535_65535,2,9,137,1325,1,1,1,25,1325,28,1,1,allocated
183,699,low_traffic,0,0,65535_65535,2,8,137,1272,0,1,0,24,0,28,1,1,pre_allocation
183,699,low_traffic,0,0,65535_65535,2,8,137,1325,1,1,1,25,1325,28,1,1,allocated
183,699,low_traffic,0,0,65535_65535,2,7,137,495,0,1,0,24,0,15,1,1,pre_allocation
183,699,low_traffic,0,0,65535_65535,2,7,137,516,1,1,1,25,516,15,1,1,allocated
183,699,low_traffic,0,0,65535_65535,2,6,137,1272,0,1,0,24,0,28,1,1,pre_allocation
183,699,low_traffic,0,0,65535_65535,2,6,137,1325,1,1,1,25,1325,28,1,1,allocated
183,699,low_traffic,0,0,65535_65535,2,5,665,495,0,1,0,24,0,15,1,1,pre_allocation
183,699,low_traffic,0,0,65535_65535,2,5,665,516,1,1,1,25,516,15,1,1,allocated
183,699,low_traffic,0,0,65535_65535,2,9,137,1325,0,1,0,25,0,28,1,1,pre_allocation
183,699,low_traffic,0,0,65535_65535,2,9,137,1378,1,1,1,26,1378,28,1,1,allocated
183,699,low_traffic,0,0,65535_65535,2,8,137,1325,0,1,0,25,0,28,1,1,pre_allocation
183,699,low_traffic,0,0,65535_65535,2,8,137,1378,1,1,1,26,1378,28,1,1,allocated
183,699,low_traffic,0,0,65535_65535,2,7,137,516,0,1,0,25,0,15,1,1,pre_allocation
183,699,low_traffic,0,0,65535_65535,2,7,137,537,1,1,1,26,537,15,1,1,allocated
183,699,low_traffic,0,0,65535_65535,2,6,137,1325,0,1,0,25,0,28,1,1,pre_allocation
183,699,low_traffic,0,0,65535_65535,2,6,137,1378,1,1,1,26,1378,28,1,1,allocated
183,699,low_traffic,0,0,65535_65535,2,5,665,516,0,1,0,25,0,15,1,1,pre_allocation
183,699,low_traffic,0,0,65535_65535,2,5,665,537,1,1,1,26,537,15,1,1,allocated
183,699,low_traffic,0,0,65535_65535,2,9,137,1378,0,1,0,26,0,28,1,1,pre_allocation
183,699,low_traffic,0,0,65535_65535,2,9,137,1431,1,1,1,27,1431,28,1,1,allocated
183,699,low_traffic,0,0,65535_65535,2,8,137,1378,0,1,0,26,0,28,1,1,pre_allocation
183,699,low_traffic,0,0,65535_65535,2,8,137,1431,1,1,1,27,1431,28,1,1,allocated
183,699,low_traffic,0,0,65535_65535,2,7,137,537,0,1,0,26,0,15,1,1,pre_allocation
183,699,low_traffic,0,0,65535_65535,2,7,137,558,1,1,1,27,558,15,1,1,allocated
183,699,low_traffic,0,0,65535_65535,2,6,137,1378,0,1,0,26,0,28,1,1,pre_allocation
183,699,low_traffic,0,0,65535_65535,2,6,137,1431,1,1,1,27,1431,28,1,1,allocated
183,699,low_traffic,0,0,65535_65535,2,5,665,537,0,1,0,26,0,15,1,1,pre_allocation
183,699,low_traffic,0,0,65535_65535,2,5,665,558,1,1,1,27,558,15,1,1,allocated
183,699,low_traffic,0,0,65535_65535,2,9,137,1431,0,1,0,27,0,28,1,1,pre_allocation
183,699,low_traffic,0,0,65535_65535,2,9,137,1484,1,1,1,28,1484,28,1,1,allocated
183,699,low_traffic,0,0,65535_65535,2,8,137,1431,0,1,0,27,0,28,1,1,pre_allocation
183,699,low_traffic,0,0,65535_65535,2,8,137,1484,1,1,1,28,1484,28,1,1,allocated
183,699,low_traffic,0,0,65535_65535,2,7,137,558,0,1,0,27,0,15,1,1,pre_allocation
183,699,low_traffic,0,0,65535_65535,2,7,137,579,1,1,1,28,579,15,1,1,allocated
183,699,low_traffic,0,0,65535_65535,2,6,137,1431,0,1,0,27,0,28,1,1,pre_allocation
183,699,low_traffic,0,0,65535_65535,2,6,137,1484,1,1,1,28,1484,28,1,1,allocated
183,699,low_traffic,0,0,65535_65535,2,5,665,558,0,1,0,27,0,15,1,1,pre_allocation
183,699,low_traffic,0,0,65535_65535,2,5,665,579,1,1,1,28,579,15,1,1,allocated
183,699,low_traffic,0,0,65535_65535,2,9,137,1484,0,1,0,28,0,28,1,1,pre_allocation
183,699,low_traffic,0,0,65535_65535,2,9,137,1534,1,1,1,29,1534,28,1,1,allocated
183,699,low_traffic,0,0,65535_65535,2,8,137,1484,0,1,0,28,0,28,1,1,pre_allocation
183,699,low_traffic,0,0,65535_65535,2,8,137,1534,1,1,1,29,1534,28,1,1,allocated
183,699,low_traffic,0,0,65535_65535,2,7,137,579,0,1,0,28,0,15,1,1,pre_allocation
183,699,low_traffic,0,0,65535_65535,2,7,137,599,1,1,1,29,599,15,1,1,allocated
183,699,low_traffic,0,0,65535_65535,2,6,137,1484,0,1,0,28,0,28,1,1,pre_allocation
183,699,low_traffic,0,0,65535_65535,2,6,137,1534,1,1,1,29,1534,28,1,1,allocated
183,699,low_traffic,0,0,65535_65535,2,5,665,579,0,1,0,28,0,15,1,1,pre_allocation
183,699,low_traffic,0,0,65535_65535,2,5,665,599,1,1,1,29,599,15,1,1,allocated
183,699,low_traffic,0,0,65535_65535,2,9,137,1534,0,1,0,29,0,28,1,1,pre_allocation
183,699,low_traffic,0,0,65535_65535,2,9,137,1587,1,1,1,30,1587,28,1,1,allocated
183,699,low_traffic,0,0,65535_65535,2,8,137,1534,0,1,0,29,0,28,1,1,pre_allocation
183,699,low_traffic,0,0,65535_65535,2,8,137,1587,1,1,1,30,1587,28,1,1,allocated
183,699,low_traffic,0,0,65535_65535,2,7,137,599,0,1,0,29,0,15,1,1,pre_allocation
183,699,low_traffic,0,0,65535_65535,2,7,137,620,1,1,1,30,620,15,1,1,allocated
183,699,low_traffic,0,0,65535_65535,2,6,137,1534,0,1,0,29,0,28,1,1,pre_allocation
183,699,low_traffic,0,0,65535_65535,2,6,137,1587,1,1,1,30,1587,28,1,1,allocated
183,699,low_traffic,0,0,65535_65535,2,5,665,599,0,1,0,29,0,15,1,1,pre_allocation
183,699,low_traffic,0,0,65535_65535,2,5,665,620,1,1,1,30,620,15,1,1,allocated
183,699,low_traffic,0,0,65535_65535,2,9,137,1587,0,1,0,30,0,28,1,1,pre_allocation
183,699,low_traffic,0,0,65535_65535,2,9,137,1641,1,1,1,31,1641,28,1,1,allocated
183,699,low_traffic,0,0,65535_65535,2,8,137,1587,0,1,0,30,0,28,1,1,pre_allocation
183,699,low_traffic,0,0,65535_65535,2,8,137,1641,1,1,1,31,1641,28,1,1,allocated
183,699,low_traffic,0,0,65535_65535,2,7,137,620,0,1,0,30,0,15,1,1,pre_allocation
183,699,low_traffic,0,0,65535_65535,2,7,137,641,1,1,1,31,641,15,1,1,allocated
183,699,low_traffic,0,0,65535_65535,2,6,137,1587,0,1,0,30,0,28,1,1,pre_allocation
183,699,low_traffic,0,0,65535_65535,2,6,137,1641,1,1,1,31,1641,28,1,1,allocated
183,699,low_traffic,0,0,65535_65535,2,5,665,620,0,1,0,30,0,15,1,1,pre_allocation
183,699,low_traffic,0,0,65535_65535,2,5,665,641,1,1,1,31,641,15,1,1,allocated
295,797,low_traffic,0,0,65535_65535,0,2,621641,0,0,1,0,0,0,12,1,1,pre_allocation
295,797,low_traffic,0,0,65535_65535,0,2,621641,9,1,1,1,1,9,12,1,1,allocated
295,797,low_traffic,0,0,65535_65535,0,1,938883,0,0,1,0,0,0,15,1,1,pre_allocation
295,797,low_traffic,0,0,65535_65535,0,1,938883,14,1,1,1,1,14,15,1,1,allocated
295,797,low_traffic,0,0,65535_65535,0,2,621641,9,0,1,0,1,0,12,1,1,pre_allocation
295,797,low_traffic,0,0,65535_65535,0,2,621641,21,1,1,1,2,21,12,1,1,allocated
295,797,low_traffic,0,0,65535_65535,0,1,938883,14,0,1,0,1,0,15,1,1,pre_allocation
295,797,low_traffic,0,0,65535_65535,0,1,938883,32,1,1,1,2,32,15,1,1,allocated
295,797,low_traffic,0,0,65535_65535,0,2,621641,21,0,1,0,2,0,12,1,1,pre_allocation
295,797,low_traffic,0,0,65535_65535,0,2,621641,33,1,1,1,3,33,12,1,1,allocated
295,797,low_traffic,0,0,65535_65535,0,1,938883,32,0,1,0,2,0,15,1,1,pre_allocation
295,797,low_traffic,0,0,65535_65535,0,1,938883,50,1,1,1,3,50,15,1,1,allocated
295,797,low_traffic,0,0,65535_65535,0,2,621641,33,0,1,0,3,0,12,1,1,pre_allocation
295,797,low_traffic,0,0,65535_65535,0,2,621641,45,1,1,1,4,45,12,1,1,allocated
295,797,low_traffic,0,0,65535_65535,0,1,938883,50,0,1,0,3,0,15,1,1,pre_allocation
295,797,low_traffic,0,0,65535_65535,0,1,938883,68,1,1,1,4,68,15,1,1,allocated
295,797,low_traffic,0,0,65535_65535,0,2,621641,45,0,1,0,4,0,12,1,1,pre_allocation
295,797,low_traffic,0,0,65535_65535,0,2,621641,58,1,1,1,5,58,12,1,1,allocated
295,797,low_traffic,0,0,65535_65535,0,1,938883,68,0,1,0,4,0,15,1,1,pre_allocation
295,797,low_traffic,0,0,65535_65535,0,1,938883,86,1,1,1,5,86,15,1,1,allocated
295,797,low_traffic,0,0,65535_65535,0,2,621641,58,0,1,0,5,0,12,1,1,pre_allocation
295,797,low_traffic,0,0,65535_65535,0,2,621641,70,1,1,1,6,70,12,1,1,allocated
295,797,low_traffic,0,0,65535_65535,0,1,938883,86,0,1,0,5,0,15,1,1,pre_allocation
295,797,low_traffic,0,0,65535_65535,0,1,938883,103,1,1,1,6,103,15,1,1,allocated
295,797,low_traffic,0,0,65535_65535,0,2,621641,70,0,1,0,6,0,12,1,1,pre_allocation
295,797,low_traffic,0,0,65535_65535,0,2,621641,82,1,1,1,7,82,12,1,1,allocated
295,797,low_traffic,0,0,65535_65535,0,1,938883,103,0,1,0,6,0,15,1,1,pre_allocation
295,797,low_traffic,0,0,65535_65535,0,1,938883,121,1,1,1,7,121,15,1,1,allocated
295,797,low_traffic,0,0,65535_65535,0,2,621641,82,0,1,0,7,0,12,1,1,pre_allocation
295,797,low_traffic,0,0,65535_65535,0,2,621641,94,1,1,1,8,94,12,1,1,allocated
295,797,low_traffic,0,0,65535_65535,0,1,938883,121,0,1,0,7,0,15,1,1,pre_allocation
295,797,low_traffic,0,0,65535_65535,0,1,938883,139,1,1,1,8,139,15,1,1,allocated
295,797,low_traffic,0,0,65535_65535,0,2,621641,94,0,1,0,8,0,12,1,1,pre_allocation
295,797,low_traffic,0,0,65535_65535,0,2,621641,106,1,1,1,9,106,12,1,1,allocated
295,797,low_traffic,0,0,65535_65535,0,1,938883,139,0,1,0,8,0,15,1,1,pre_allocation
295,797,low_traffic,0,0,65535_65535,0,1,938883,157,1,1,1,9,157,15,1,1,allocated
295,797,low_traffic,0,0,65535_65535,0,2,621641,106,0,1,0,9,0,12,1,1,pre_allocation
295,797,low_traffic,0,0,65535_65535,0,2,621641,119,1,1,1,10,119,12,1,1,allocated
295,797,low_traffic,0,0,65535_65535,0,1,938883,157,0,1,0,9,0,15,1,1,pre_allocation
295,797,low_traffic,0,0,65535_65535,0,1,938883,175,1,1,1,10,175,15,1,1,allocated
295,797,low_traffic,0,0,65535_65535,0,2,621641,119,0,1,0,10,0,12,1,1,pre_allocation
295,797,low_traffic,0,0,65535_65535,0,2,621641,131,1,1,1,11,131,12,1,1,allocated
295,797,low_traffic,0,0,65535_65535,0,1,938883,175,0,1,0,10,0,15,1,1,pre_allocation
295,797,low_traffic,0,0,65535_65535,0,1,938883,193,1,1,1,11,193,15,1,1,allocated
295,797,low_traffic,0,0,65535_65535,0,2,621641,131,0,1,0,11,0,12,1,1,pre_allocation
295,797,low_traffic,0,0,65535_65535,0,2,621641,143,1,1,1,12,143,12,1,1,allocated
295,797,low_traffic,0,0,65535_65535,0,1,938883,193,0,1,0,11,0,15,1,1,pre_allocation
295,797,low_traffic,0,0,65535_65535,0,1,938883,210,1,1,1,12,210,15,1,1,allocated
295,797,low_traffic,0,0,65535_65535,0,2,621641,143,0,1,0,12,0,12,1,1,pre_allocation
295,797,low_traffic,0,0,65535_65535,0,2,621641,155,1,1,1,13,155,12,1,1,allocated
295,797,low_traffic,0,0,65535_65535,0,1,938883,210,0,1,0,12,0,15,1,1,pre_allocation
295,797,low_traffic,0,0,65535_65535,0,1,938883,228,1,1,1,13,228,15,1,1,allocated
295,797,low_traffic,0,0,65535_65535,0,2,621641,155,0,1,0,13,0,12,1,1,pre_allocation
295,797,low_traffic,0,0,65535_65535,0,2,621641,167,1,1,1,14,167,12,1,1,allocated
295,797,low_traffic,0,0,65535_65535,0,1,938883,228,0,1,0,13,0,15,1,1,pre_allocation
295,797,low_traffic,0,0,65535_65535,0,1,938883,246,1,1,1,14,246,15,1,1,allocated
295,797,low_traffic,0,0,65535_65535,0,2,621641,167,0,1,0,14,0,12,1,1,pre_allocation
295,797,low_traffic,0,0,65535_65535,0,2,621641,180,1,1,1,15,180,12,1,1,allocated
295,797,low_traffic,0,0,65535_65535,0,1,938883,246,0,1,0,14,0,15,1,1,pre_allocation
295,797,low_traffic,0,0,65535_65535,0,1,938883,264,1,1,1,15,264,15,1,1,allocated
295,797,low_traffic,0,0,65535_65535,0,2,621641,180,0,1,0,15,0,12,1,1,pre_allocation
295,797,low_traffic,0,0,65535_65535,0,2,621641,192,1,1,1,16,192,12,1,1,allocated
295,797,low_traffic,0,0,65535_65535,0,1,938883,264,0,1,0,15,0,15,1,1,pre_allocation
295,797,low_traffic,0,0,65535_65535,0,1,938883,282,1,1,1,16,282,15,1,1,allocated
295,797,low_traffic,0,0,65535_65535,0,2,621641,192,0,1,0,16,0,12,1,1,pre_allocation
295,797,low_traffic,0,0,65535_65535,0,2,621641,204,1,1,1,17,204,12,1,1,allocated
295,797,low_traffic,0,0,65535_65535,0,1,938883,282,0,1,0,16,0,15,1,1,pre_allocation
295,797,low_traffic,0,0,65535_65535,0,1,938883,299,1,1,1,17,299,15,1,1,allocated
295,797,low_traffic,0,0,65535_65535,0,2,621641,204,0,1,0,17,0,12,1,1,pre_allocation
295,797,low_traffic,0,0,65535_65535,0,2,621641,216,1,1,1,18,216,12,1,1,allocated
295,797,low_traffic,0,0,65535_65535,0,1,938883,299,0,1,0,17,0,15,1,1,pre_allocation
295,797,low_traffic,0,0,65535_65535,0,1,938883,317,1,1,1,18,317,15,1,1,allocated
295,797,low_traffic,0,0,65535_65535,0,2,621641,216,0,1,0,18,0,12,1,1,pre_allocation
295,797,low_traffic,0,0,65535_65535,0,2,621641,228,1,1,1,19,228,12,1,1,allocated
295,797,low_traffic,0,0,65535_65535,0,1,938883,317,0,1,0,18,0,15,1,1,pre_allocation
295,797,low_traffic,0,0,65535_65535,0,1,938883,335,1,1,1,19,335,15,1,1,allocated
295,797,low_traffic,0,0,65535_65535,0,2,621641,228,0,1,0,19,0,12,1,1,pre_allocation
295,797,low_traffic,0,0,65535_65535,0,2,621641,241,1,1,1,20,241,12,1,1,allocated
295,797,low_traffic,0,0,65535_65535,0,1,938883,335,0,1,0,19,0,15,1,1,pre_allocation
295,797,low_traffic,0,0,65535_65535,0,1,938883,353,1,1,1,20,353,15,1,1,allocated
295,797,low_traffic,0,0,65535_65535,0,2,621641,241,0,1,0,20,0,12,1,1,pre_allocation
295,797,low_traffic,0,0,65535_65535,0,2,621641,253,1,1,1,21,253,12,1,1,allocated
295,797,low_traffic,0,0,65535_65535,0,1,938883,353,0,1,0,20,0,15,1,1,pre_allocation
295,797,low_traffic,0,0,65535_65535,0,1,938883,371,1,1,1,21,371,15,1,1,allocated
295,797,low_traffic,0,0,65535_65535,0,2,621641,253,0,1,0,21,0,12,1,1,pre_allocation
295,797,low_traffic,0,0,65535_65535,0,2,621641,265,1,1,1,22,265,12,1,1,allocated
295,797,low_traffic,0,0,65535_65535,0,1,938883,371,0,1,0,21,0,15,1,1,pre_allocation
295,797,low_traffic,0,0,65535_65535,0,1,938883,389,1,1,1,22,389,15,1,1,allocated
295,797,low_traffic,0,0,65535_65535,0,2,621641,265,0,1,0,22,0,12,1,1,pre_allocation
295,797,low_traffic,0,0,65535_65535,0,2,621641,277,1,1,1,23,277,12,1,1,allocated
295,797,low_traffic,0,0,65535_65535,0,1,938883,389,0,1,0,22,0,15,1,1,pre_allocation
295,797,low_traffic,0,0,65535_65535,0,1,938883,406,1,1,1,23,406,15,1,1,allocated
295,797,low_traffic,0,0,65535_65535,0,2,621641,277,0,1,0,23,0,12,1,1,pre_allocation
295,797,low_traffic,0,0,65535_65535,0,2,621641,290,1,1,1,24,290,12,1,1,allocated
295,797,low_traffic,0,0,65535_65535,0,1,938883,406,0,1,0,23,0,15,1,1,pre_allocation
295,797,low_traffic,0,0,65535_65535,0,1,938883,424,1,1,1,24,424,15,1,1,allocated
295,797,low_traffic,0,0,65535_65535,0,2,621641,290,0,1,0,24,0,12,1,1,pre_allocation
295,797,low_traffic,0,0,65535_65535,0,2,621641,302,1,1,1,25,302,12,1,1,allocated
295,797,low_traffic,0,0,65535_65535,0,1,938883,424,0,1,0,24,0,15,1,1,pre_allocation
295,797,low_traffic,0,0,65535_65535,0,1,938883,442,1,1,1,25,442,15,1,1,allocated
295,797,low_traffic,0,0,65535_65535,0,2,621641,302,0,1,0,25,0,12,1,1,pre_allocation
295,797,low_traffic,0,0,65535_65535,0,2,621641,314,1,1,1,26,314,12,1,1,allocated
295,797,low_traffic,0,0,65535_65535,0,1,938883,442,0,1,0,25,0,15,1,1,pre_allocation
295,797,low_traffic,0,0,65535_65535,0,1,938883,460,1,1,1,26,460,15,1,1,allocated
295,797,low_traffic,0,0,65535_65535,0,2,621641,314,0,1,0,26,0,12,1,1,pre_allocation
295,797,low_traffic,0,0,65535_65535,0,2,621641,326,1,1,1,27,326,12,1,1,allocated
295,797,low_traffic,0,0,65535_65535,0,1,938883,460,0,1,0,26,0,15,1,1,pre_allocation
295,797,low_traffic,0,0,65535_65535,0,1,938883,478,1,1,1,27,478,15,1,1,allocated
295,797,low_traffic,0,0,65535_65535,0,2,621641,326,0,1,0,27,0,12,1,1,pre_allocation
295,797,low_traffic,0,0,65535_65535,0,2,621641,338,1,1,1,28,338,12,1,1,allocated
295,797,low_traffic,0,0,65535_65535,0,1,938883,478,0,1,0,27,0,15,1,1,pre_allocation
295,797,low_traffic,0,0,65535_65535,0,1,938883,495,1,1,1,28,495,15,1,1,allocated
295,797,low_traffic,0,0,65535_65535,0,2,621641,338,0,1,0,28,0,12,1,1,pre_allocation
295,797,low_traffic,0,0,65535_65535,0,2,621641,351,1,1,1,29,351,12,1,1,allocated
295,797,low_traffic,0,0,65535_65535,0,1,938883,495,0,1,0,28,0,15,1,1,pre_allocation
295,797,low_traffic,0,0,65535_65535,0,1,938883,513,1,1,1,29,513,15,1,1,allocated
295,797,low_traffic,0,0,65535_65535,0,2,621641,351,0,1,0,29,0,12,1,1,pre_allocation
295,797,low_traffic,0,0,65535_65535,0,2,621641,363,1,1,1,30,363,12,1,1,allocated
295,797,low_traffic,0,0,65535_65535,0,1,938883,513,0,1,0,29,0,15,1,1,pre_allocation
295,797,low_traffic,0,0,65535_65535,0,1,938883,531,1,1,1,30,531,15,1,1,allocated
295,797,low_traffic,0,0,65535_65535,0,2,621641,363,0,1,0,30,0,12,1,1,pre_allocation
295,797,low_traffic,0,0,65535_65535,0,2,621641,375,1,1,1,31,375,12,1,1,allocated
295,797,low_traffic,0,0,65535_65535,0,1,938883,531,0,1,0,30,0,15,1,1,pre_allocation
295,797,low_traffic,0,0,65535_65535,0,1,938883,549,1,1,1,31,549,15,1,1,allocated
295,797,low_traffic,0,0,65535_65535,0,2,621641,375,0,1,0,31,0,12,1,1,pre_allocation
295,797,low_traffic,0,0,65535_65535,0,2,621641,387,1,1,1,32,387,12,1,1,allocated
295,797,low_traffic,0,0,65535_65535,0,1,938883,549,0,1,0,31,0,15,1,1,pre_allocation
295,797,low_traffic,0,0,65535_65535,0,1,938883,567,1,1,1,32,567,15,1,1,allocated
295,797,low_traffic,0,0,65535_65535,0,2,621641,387,0,1,0,32,0,12,1,1,pre_allocation
295,797,low_traffic,0,0,65535_65535,0,2,621641,399,1,1,1,33,399,12,1,1,allocated
295,797,low_traffic,0,0,65535_65535,0,1,938883,567,0,1,0,32,0,15,1,1,pre_allocation
295,797,low_traffic,0,0,65535_65535,0,1,938883,585,1,1,1,33,585,15,1,1,allocated
295,797,low_traffic,0,0,65535_65535,0,2,621641,399,0,1,0,33,0,12,1,1,pre_allocation
295,797,low_traffic,0,0,65535_65535,0,2,621641,412,1,1,1,34,412,12,1,1,allocated
295,797,low_traffic,0,0,65535_65535,0,1,938883,585,0,1,0,33,0,15,1,1,pre_allocation
295,797,low_traffic,0,0,65535_65535,0,1,938883,602,1,1,1,34,602,15,1,1,allocated
295,797,low_traffic,0,0,65535_65535,0,2,621641,412,0,1,0,34,0,12,1,1,pre_allocation
295,797,low_traffic,0,0,65535_65535,0,2,621641,424,1,1,1,35,424,12,1,1,allocated
295,797,low_traffic,0,0,65535_65535,0,1,938883,602,0,1,0,34,0,15,1,1,pre_allocation
295,797,low_traffic,0,0,65535_65535,0,1,938883,620,1,1,1,35,620,15,1,1,allocated
295,797,low_traffic,0,0,65535_65535,0,2,621641,424,0,1,0,35,0,12,1,1,pre_allocation
295,797,low_traffic,0,0,65535_65535,0,2,621641,436,1,1,1,36,436,12,1,1,allocated
295,797,low_traffic,0,0,65535_65535,0,1,938883,620,0,1,0,35,0,15,1,1,pre_allocation
295,797,low_traffic,0,0,65535_65535,0,1,938883,638,1,1,1,36,638,15,1,1,allocated
295,797,low_traffic,0,0,65535_65535,0,2,621641,436,0,1,0,36,0,12,1,1,pre_allocation
295,797,low_traffic,0,0,65535_65535,0,2,621641,448,1,1,1,37,448,12,1,1,allocated
295,797,low_traffic,0,0,65535_65535,0,1,938883,638,0,1,0,36,0,15,1,1,pre_allocation
295,797,low_traffic,0,0,65535_65535,0,1,938883,656,1,1,1,37,656,15,1,1,allocated
295,797,low_traffic,0,0,65535_65535,0,2,621641,448,0,1,0,37,0,12,1,1,pre_allocation
295,797,low_traffic,0,0,65535_65535,0,2,621641,460,1,1,1,38,460,12,1,1,allocated
295,797,low_traffic,0,0,65535_65535,0,1,938883,656,0,1,0,37,0,15,1,1,pre_allocation
295,797,low_traffic,0,0,65535_65535,0,1,938883,674,1,1,1,38,674,15,1,1,allocated
295,797,low_traffic,0,0,65535_65535,0,2,621641,460,0,1,0,38,0,12,1,1,pre_allocation
295,797,low_traffic,0,0,65535_65535,0,2,621641,473,1,1,1,39,473,12,1,1,allocated
295,797,low_traffic,0,0,65535_65535,0,1,938883,674,0,1,0,38,0,15,1,1,pre_allocation
295,797,low_traffic,0,0,65535_65535,0,1,938883,691,1,1,1,39,691,15,1,1,allocated
295,797,low_traffic,0,0,65535_65535,0,2,621641,473,0,1,0,39,0,12,1,1,pre_allocation
295,797,low_traffic,0,0,65535_65535,0,2,621641,485,1,1,1,40,485,12,1,1,allocated
295,797,low_traffic,0,0,65535_65535,0,1,938883,691,0,1,0,39,0,15,1,1,pre_allocation
295,797,low_traffic,0,0,65535_65535,0,1,938883,709,1,1,1,40,709,15,1,1,allocated
295,797,low_traffic,0,0,65535_65535,0,2,621641,485,0,1,0,40,0,12,1,1,pre_allocation
295,797,low_traffic,0,0,65535_65535,0,2,621641,497,1,1,1,41,497,12,1,1,allocated
295,797,low_traffic,0,0,65535_65535,0,1,938883,709,0,1,0,40,0,15,1,1,pre_allocation
295,797,low_traffic,0,0,65535_65535,0,1,938883,727,1,1,1,41,727,15,1,1,allocated
295,797,low_traffic,0,0,65535_65535,0,2,621641,497,0,1,0,41,0,12,1,1,pre_allocation
295,797,low_traffic,0,0,65535_65535,0,2,621641,509,1,1,1,42,509,12,1,1,allocated
295,797,low_traffic,0,0,65535_65535,0,1,938883,727,0,1,0,41,0,15,1,1,pre_allocation
295,797,low_traffic,0,0,65535_65535,0,1,938883,745,1,1,1,42,745,15,1,1,allocated
295,797,low_traffic,0,0,65535_65535,0,2,621641,509,0,1,0,42,0,12,1,1,pre_allocation
295,797,low_traffic,0,0,65535_65535,0,2,621641,522,1,1,1,43,522,12,1,1,allocated
295,797,low_traffic,0,0,65535_65535,0,1,938883,745,0,1,0,42,0,15,1,1,pre_allocation
295,797,low_traffic,0,0,65535_65535,0,1,938883,763,1,1,1,43,763,15,1,1,allocated
295,797,low_traffic,0,0,65535_65535,0,2,621641,522,0,1,0,43,0,12,1,1,pre_allocation
295,797,low_traffic,0,0,65535_65535,0,2,621641,534,1,1,1,44,534,12,1,1,allocated
295,797,low_traffic,0,0,65535_65535,0,1,938883,763,0,1,0,43,0,15,1,1,pre_allocation
295,797,low_traffic,0,0,65535_65535,0,1,938883,781,1,1,1,44,781,15,1,1,allocated
295,797,low_traffic,0,0,65535_65535,0,2,621641,534,0,1,0,44,0,12,1,1,pre_allocation
295,797,low_traffic,0,0,65535_65535,0,2,621641,546,1,1,1,45,546,12,1,1,allocated
295,797,low_traffic,0,0,65535_65535,0,1,938883,781,0,1,0,44,0,15,1,1,pre_allocation
295,797,low_traffic,0,0,65535_65535,0,1,938883,798,1,1,1,45,798,15,1,1,allocated
295,797,low_traffic,0,0,65535_65535,0,2,621641,546,0,1,0,45,0,12,1,1,pre_allocation
295,797,low_traffic,0,0,65535_65535,0,2,621641,558,1,1,1,46,558,12,1,1,allocated
295,797,low_traffic,0,0,65535_65535,0,1,938883,798,0,1,0,45,0,15,1,1,pre_allocation
295,797,low_traffic,0,0,65535_65535,0,1,938883,816,1,1,1,46,816,15,1,1,allocated
295,797,low_traffic,0,0,65535_65535,0,2,621641,558,0,1,0,46,0,12,1,1,pre_allocation
295,797,low_traffic,0,0,65535_65535,0,2,621641,570,1,1,1,47,570,12,1,1,allocated
295,797,low_traffic,0,0,65535_65535,0,1,938883,816,0,1,0,46,0,15,1,1,pre_allocation
295,797,low_traffic,0,0,65535_65535,0,1,938883,834,1,1,1,47,834,15,1,1,allocated
295,797,low_traffic,0,0,65535_65535,0,2,621641,570,0,1,0,47,0,12,1,1,pre_allocation
295,797,low_traffic,0,0,65535_65535,0,2,621641,583,1,1,1,48,583,12,1,1,allocated
295,797,low_traffic,0,0,65535_65535,0,1,938883,834,0,1,0,47,0,15,1,1,pre_allocation
295,797,low_traffic,0,0,65535_65535,0,1,938883,852,1,1,1,48,852,15,1,1,allocated
295,797,low_traffic,0,0,65535_65535,0,2,621641,583,0,1,0,48,0,12,1,1,pre_allocation
295,797,low_traffic,0,0,65535_65535,0,2,621641,595,1,1,1,49,595,12,1,1,allocated
295,797,low_traffic,0,0,65535_65535,0,1,938883,852,0,1,0,48,0,15,1,1,pre_allocation
295,797,low_traffic,0,0,65535_65535,0,1,938883,870,1,1,1,49,870,15,1,1,allocated
295,797,low_traffic,0,0,65535_65535,0,2,621641,595,0,1,0,49,0,12,1,1,pre_allocation
295,797,low_traffic,0,0,65535_65535,0,2,621641,607,1,1,1,50,607,12,1,1,allocated
295,797,low_traffic,0,0,65535_65535,0,1,938883,870,0,1,0,49,0,15,1,1,pre_allocation
295,797,low_traffic,0,0,65535_65535,0,1,938883,888,1,1,1,50,888,15,1,1,allocated
295,797,low_traffic,0,0,65535_65535,0,2,621641,607,0,1,0,50,0,12,1,1,pre_allocation
295,797,low_traffic,0,0,65535_65535,0,2,621641,619,1,1,1,51,619,12,1,1,allocated
295,797,low_traffic,0,0,65535_65535,0,1,938883,888,0,1,0,50,0,15,1,1,pre_allocation
295,797,low_traffic,0,0,65535_65535,0,1,938883,905,1,1,1,51,905,15,1,1,allocated
295,797,low_traffic,0,0,65535_65535,0,2,621641,619,0,1,0,51,0,12,1,1,pre_allocation
295,797,low_traffic,0,0,65535_65535,0,2,621641,631,1,1,1,52,631,12,1,1,allocated
295,797,low_traffic,0,0,65535_65535,0,1,938883,905,0,1,0,51,0,15,1,1,pre_allocation
295,797,low_traffic,0,0,65535_65535,0,1,938883,923,1,1,1,52,923,15,1,1,allocated
295,797,low_traffic,0,0,65535_65535,0,2,621641,631,0,1,0,52,0,12,1,1,pre_allocation
295,797,low_traffic,0,0,65535_65535,0,2,621641,644,1,1,1,53,644,12,1,1,allocated
295,797,low_traffic,0,0,65535_65535,0,1,938883,923,0,1,0,52,0,15,1,1,pre_allocation
295,797,low_traffic,0,0,65535_65535,0,1,938883,941,1,1,1,53,941,15,1,1,allocated
295,797,low_traffic,0,0,65535_65535,0,2,621641,644,0,1,0,53,0,12,1,1,pre_allocation
295,797,low_traffic,0,0,65535_65535,0,2,621641,656,1,1,1,54,656,12,1,1,allocated
295,797,low_traffic,0,0,65535_65535,0,1,938883,941,0,1,0,53,0,15,1,1,pre_allocation
295,797,low_traffic,0,0,65535_65535,0,1,938883,959,1,1,1,54,959,15,1,1,allocated
295,797,low_traffic,0,0,65535_65535,0,2,621641,656,0,1,0,54,0,12,1,1,pre_allocation
295,797,low_traffic,0,0,65535_65535,0,2,621641,668,1,1,1,55,668,12,1,1,allocated
295,797,low_traffic,0,0,65535_65535,0,1,938883,959,0,1,0,54,0,15,1,1,pre_allocation
295,797,low_traffic,0,0,65535_65535,0,1,938883,977,1,1,1,55,977,15,1,1,allocated
295,797,low_traffic,0,0,65535_65535,0,2,621641,668,0,1,0,55,0,12,1,1,pre_allocation
295,797,low_traffic,0,0,65535_65535,0,2,621641,680,1,1,1,56,680,12,1,1,allocated
295,797,low_traffic,0,0,65535_65535,0,1,938883,977,0,1,0,55,0,15,1,1,pre_allocation
295,797,low_traffic,0,0,65535_65535,0,1,938883,994,1,1,1,56,994,15,1,1,allocated
295,797,low_traffic,0,0,65535_65535,1,4,169,0,0,1,0,0,0,15,1,1,pre_allocation
295,797,low_traffic,0,0,65535_65535,1,4,169,14,1,1,1,1,14,15,1,1,allocated
295,797,low_traffic,0,0,65535_65535,1,3,169,0,0,1,0,0,0,14,1,1,pre_allocation
295,797,low_traffic,0,0,65535_65535,1,3,169,12,1,1,1,1,12,14,1,1,allocated
295,797,low_traffic,0,0,65535_65535,1,4,169,14,0,1,0,1,0,15,1,1,pre_allocation
295,797,low_traffic,0,0,65535_65535,1,4,169,32,1,1,1,2,32,15,1,1,allocated
295,797,low_traffic,0,0,65535_65535,1,3,169,12,0,1,0,1,0,14,1,1,pre_allocation
295,797,low_traffic,0,0,65535_65535,1,3,169,28,1,1,1,2,28,14,1,1,allocated
295,797,low_traffic,0,0,65535_65535,1,4,169,32,0,1,0,2,0,15,1,1,pre_allocation
295,797,low_traffic,0,0,65535_65535,1,4,169,50,1,1,1,3,50,15,1,1,allocated
295,797,low_traffic,0,0,65535_65535,1,3,169,28,0,1,0,2,0,14,1,1,pre_allocation
295,797,low_traffic,0,0,65535_65535,1,3,169,44,1,1,1,3,44,14,1,1,allocated
295,797,low_traffic,0,0,65535_65535,1,4,169,50,0,1,0,3,0,15,1,1,pre_allocation
295,797,low_traffic,0,0,65535_65535,1,4,169,68,1,1,1,4,68,15,1,1,allocated
295,797,low_traffic,0,0,65535_65535,1,3,169,44,0,1,0,3,0,14,1,1,pre_allocation
295,797,low_traffic,0,0,65535_65535,1,3,169,60,1,1,1,4,60,14,1,1,allocated
295,797,low_traffic,0,0,65535_65535,1,4,169,68,0,1,0,4,0,15,1,1,pre_allocation
295,797,low_traffic,0,0,65535_65535,1,4,169,86,1,1,1,5,86,15,1,1,allocated
295,797,low_traffic,0,0,65535_65535,1,3,169,60,0,1,0,4,0,14,1,1,pre_allocation
295,797,low_traffic,0,0,65535_65535,1,3,169,76,1,1,1,5,76,14,1,1,allocated
295,797,low_traffic,0,0,65535_65535,1,4,169,86,0,1,0,5,0,15,1,1,pre_allocation
295,797,low_traffic,0,0,65535_65535,1,4,169,103,1,1,1,6,103,15,1,1,allocated
295,797,low_traffic,0,0,65535_65535,1,3,169,76,0,1,0,5,0,14,1,1,pre_allocation
295,797,low_traffic,0,0,65535_65535,1,3,169,92,1,1,1,6,92,14,1,1,allocated
295,797,low_traffic,0,0,65535_65535,1,4,169,103,0,1,0,6,0,15,1,1,pre_allocation
295,797,low_traffic,0,0,65535_65535,1,4,169,121,1,1,1,7,121,15,1,1,allocated
295,797,low_traffic,0,0,65535_65535,1,3,169,92,0,1,0,6,0,14,1,1,pre_allocation
295,797,low_traffic,0,0,65535_65535,1,3,169,107,1,1,1,7,107,14,1,1,allocated
295,797,low_traffic,0,0,65535_65535,1,4,169,121,0,1,0,7,0,15,1,1,pre_allocation
295,797,low_traffic,0,0,65535_65535,1,4,169,139,1,1,1,8,139,15,1,1,allocated
295,797,low_traffic,0,0,65535_65535,1,3,169,107,0,1,0,7,0,14,1,1,pre_allocation
295,797,low_traffic,0,0,65535_65535,1,3,169,123,1,1,1,8,123,14,1,1,allocated
295,797,low_traffic,0,0,65535_65535,1,4,169,139,0,1,0,8,0,15,1,1,pre_allocation
295,797,low_traffic,0,0,65535_65535,1,4,169,157,1,1,1,9,157,15,1,1,allocated
295,797,low_traffic,0,0,65535_65535,1,3,169,123,0,1,0,8,0,14,1,1,pre_allocation
295,797,low_traffic,0,0,65535_65535,1,3,169,139,1,1,1,9,139,14,1,1,allocated
295,797,low_traffic,0,0,65535_65535,1,4,169,157,0,1,0,9,0,15,1,1,pre_allocation
295,797,low_traffic,0,0,65535_65535,1,4,169,175,1,1,1,10,175,15,1,1,allocated
295,797,low_traffic,0,0,65535_65535,1,3,169,139,0,1,0,9,0,14,1,1,pre_allocation
295,797,low_traffic,0,0,65535_65535,1,3,169,155,1,1,1,10,155,14,1,1,allocated
295,797,low_traffic,0,0,65535_65535,1,4,169,175,0,1,0,10,0,15,1,1,pre_allocation
295,797,low_traffic,0,0,65535_65535,1,4,169,193,1,1,1,11,193,15,1,1,allocated
295,797,low_traffic,0,0,65535_65535,1,3,169,155,0,1,0,10,0,14,1,1,pre_allocation
295,797,low_traffic,0,0,65535_65535,1,3,169,171,1,1,1,11,171,14,1,1,allocated
295,797,low_traffic,0,0,65535_65535,1,4,169,193,0,1,0,11,0,15,1,1,pre_allocation
295,797,low_traffic,0,0,65535_65535,1,4,169,210,1,1,1,12,210,15,1,1,allocated
295,797,low_traffic,0,0,65535_65535,1,3,169,171,0,1,0,11,0,14,1,1,pre_allocation
295,797,low_traffic,0,0,65535_65535,1,3,169,187,1,1,1,12,187,14,1,1,allocated
295,797,low_traffic,0,0,65535_65535,1,4,169,210,0,1,0,12,0,15,1,1,pre_allocation
295,797,low_traffic,0,0,65535_65535,1,4,169,228,1,1,1,13,228,15,1,1,allocated
295,797,low_traffic,0,0,65535_65535,1,3,169,187,0,1,0,12,0,14,1,1,pre_allocation
295,797,low_traffic,0,0,65535_65535,1,3,169,202,1,1,1,13,202,14,1,1,allocated
295,797,low_traffic,0,0,65535_65535,1,4,169,228,0,1,0,13,0,15,1,1,pre_allocation
295,797,low_traffic,0,0,65535_65535,1,4,169,246,1,1,1,14,246,15,1,1,allocated
295,797,low_traffic,0,0,65535_65535,1,3,169,202,0,1,0,13,0,14,1,1,pre_allocation
295,797,low_traffic,0,0,65535_65535,1,3,169,218,1,1,1,14,218,14,1,1,allocated
295,797,low_traffic,0,0,65535_65535,1,4,169,246,0,1,0,14,0,15,1,1,pre_allocation
295,797,low_traffic,0,0,65535_65535,1,4,169,264,1,1,1,15,264,15,1,1,allocated
295,797,low_traffic,0,0,65535_65535,1,3,169,218,0,1,0,14,0,14,1,1,pre_allocation
295,797,low_traffic,0,0,65535_65535,1,3,169,234,1,1,1,15,234,14,1,1,allocated
295,797,low_traffic,0,0,65535_65535,1,4,169,264,0,1,0,15,0,15,1,1,pre_allocation
295,797,low_traffic,0,0,65535_65535,1,4,169,282,1,1,1,16,282,15,1,1,allocated
295,797,low_traffic,0,0,65535_65535,1,3,169,234,0,1,0,15,0,14,1,1,pre_allocation
295,797,low_traffic,0,0,65535_65535,1,3,169,250,1,1,1,16,250,14,1,1,allocated
295,797,low_traffic,0,0,65535_65535,1,4,169,282,0,1,0,16,0,15,1,1,pre_allocation
295,797,low_traffic,0,0,65535_65535,1,4,169,299,1,1,1,17,299,15,1,1,allocated
295,797,low_traffic,0,0,65535_65535,1,3,169,250,0,1,0,16,0,14,1,1,pre_allocation
295,797,low_traffic,0,0,65535_65535,1,3,169,266,1,1,1,17,266,14,1,1,allocated
295,797,low_traffic,0,0,65535_65535,1,4,169,299,0,1,0,17,0,15,1,1,pre_allocation
295,797,low_traffic,0,0,65535_65535,1,4,169,317,1,1,1,18,317,15,1,1,allocated
295,797,low_traffic,0,0,65535_65535,1,3,169,266,0,1,0,17,0,14,1,1,pre_allocation
295,797,low_traffic,0,0,65535_65535,1,3,169,282,1,1,1,18,282,14,1,1,allocated
295,797,low_traffic,0,0,65535_65535,1,4,169,317,0,1,0,18,0,15,1,1,pre_allocation
295,797,low_traffic,0,0,65535_65535,1,4,169,335,1,1,1,19,335,15,1,1,allocated
295,797,low_traffic,0,0,65535_65535,1,3,169,282,0,1,0,18,0,14,1,1,pre_allocation
295,797,low_traffic,0,0,65535_65535,1,3,169,297,1,1,1,19,297,14,1,1,allocated
295,797,low_traffic,0,0,65535_65535,1,4,169,335,0,1,0,19,0,15,1,1,pre_allocation
295,797,low_traffic,0,0,65535_65535,1,4,169,353,1,1,1,20,353,15,1,1,allocated
295,797,low_traffic,0,0,65535_65535,1,3,169,297,0,1,0,19,0,14,1,1,pre_allocation
295,797,low_traffic,0,0,65535_65535,1,3,169,313,1,1,1,20,313,14,1,1,allocated
295,797,low_traffic,0,0,65535_65535,1,4,169,353,0,1,0,20,0,15,1,1,pre_allocation
295,797,low_traffic,0,0,65535_65535,1,4,169,371,1,1,1,21,371,15,1,1,allocated
295,797,low_traffic,0,0,65535_65535,1,3,169,313,0,1,0,20,0,14,1,1,pre_allocation
295,797,low_traffic,0,0,65535_65535,1,3,169,329,1,1,1,21,329,14,1,1,allocated
295,797,low_traffic,0,0,65535_65535,1,4,169,371,0,1,0,21,0,15,1,1,pre_allocation
295,797,low_traffic,0,0,65535_65535,1,4,169,389,1,1,1,22,389,15,1,1,allocated
295,797,low_traffic,0,0,65535_65535,1,3,169,329,0,1,0,21,0,14,1,1,pre_allocation
295,797,low_traffic,0,0,65535_65535,1,3,169,345,1,1,1,22,345,14,1,1,allocated
295,797,low_traffic,0,0,65535_65535,1,4,169,389,0,1,0,22,0,15,1,1,pre_allocation
295,797,low_traffic,0,0,65535_65535,1,4,169,406,1,1,1,23,406,15,1,1,allocated
295,797,low_traffic,0,0,65535_65535,1,3,169,345,0,1,0,22,0,14,1,1,pre_allocation
295,797,low_traffic,0,0,65535_65535,1,3,169,361,1,1,1,23,361,14,1,1,allocated
295,797,low_traffic,0,0,65535_65535,1,4,169,406,0,1,0,23,0,15,1,1,pre_allocation
295,797,low_traffic,0,0,65535_65535,1,4,169,424,1,1,1,24,424,15,1,1,allocated
295,797,low_traffic,0,0,65535_65535,1,3,169,361,0,1,0,23,0,14,1,1,pre_allocation
295,797,low_traffic,0,0,65535_65535,1,3,169,377,1,1,1,24,377,14,1,1,allocated
295,797,low_traffic,0,0,65535_65535,1,4,169,424,0,1,0,24,0,15,1,1,pre_allocation
295,797,low_traffic,0,0,65535_65535,1,4,169,442,1,1,1,25,442,15,1,1,allocated
295,797,low_traffic,0,0,65535_65535,1,3,169,377,0,1,0,24,0,14,1,1,pre_allocation
295,797,low_traffic,0,0,65535_65535,1,3,169,393,1,1,1,25,393,14,1,1,allocated
295,797,low_traffic,0,0,65535_65535,1,4,169,442,0,1,0,25,0,15,1,1,pre_allocation
295,797,low_traffic,0,0,65535_65535,1,4,169,460,1,1,1,26,460,15,1,1,allocated
295,797,low_traffic,0,0,65535_65535,1,3,169,393,0,1,0,25,0,14,1,1,pre_allocation
295,797,low_traffic,0,0,65535_65535,1,3,169,408,1,1,1,26,408,14,1,1,allocated
295,797,low_traffic,0,0,65535_65535,1,4,169,460,0,1,0,26,0,15,1,1,pre_allocation
295,797,low_traffic,0,0,65535_65535,1,4,169,478,1,1,1,27,478,15,1,1,allocated
295,797,low_traffic,0,0,65535_65535,1,3,169,408,0,1,0,26,0,14,1,1,pre_allocation
295,797,low_traffic,0,0,65535_65535,1,3,169,424,1,1,1,27,424,14,1,1,allocated
295,797,low_traffic,0,0,65535_65535,1,4,169,478,0,1,0,27,0,15,1,1,pre_allocation
295,797,low_traffic,0,0,65535_65535,1,4,169,495,1,1,1,28,495,15,1,1,allocated
295,797,low_traffic,0,0,65535_65535,1,3,169,424,0,1,0,27,0,14,1,1,pre_allocation
295,797,low_traffic,0,0,65535_65535,1,3,169,440,1,1,1,28,440,14,1,1,allocated
295,797,low_traffic,0,0,65535_65535,1,4,169,495,0,1,0,28,0,15,1,1,pre_allocation
295,797,low_traffic,0,0,65535_65535,1,4,169,513,1,1,1,29,513,15,1,1,allocated
295,797,low_traffic,0,0,65535_65535,1,3,169,440,0,1,0,28,0,14,1,1,pre_allocation
295,797,low_traffic,0,0,65535_65535,1,3,169,456,1,1,1,29,456,14,1,1,allocated
295,797,low_traffic,0,0,65535_65535,1,4,169,513,0,1,0,29,0,15,1,1,pre_allocation
295,797,low_traffic,0,0,65535_65535,1,4,169,531,1,1,1,30,531,15,1,1,allocated
295,797,low_traffic,0,0,65535_65535,1,3,169,456,0,1,0,29,0,14,1,1,pre_allocation
295,797,low_traffic,0,0,65535_65535,1,3,169,472,1,1,1,30,472,14,1,1,allocated
295,797,low_traffic,0,0,65535_65535,1,4,169,531,0,1,0,30,0,15,1,1,pre_allocation
295,797,low_traffic,0,0,65535_65535,1,4,169,549,1,1,1,31,549,15,1,1,allocated
295,797,low_traffic,0,0,65535_65535,1,3,169,472,0,1,0,30,0,14,1,1,pre_allocation
295,797,low_traffic,0,0,65535_65535,1,3,169,488,1,1,1,31,488,14,1,1,allocated
295,797,low_traffic,0,0,65535_65535,1,4,169,549,0,1,0,31,0,15,1,1,pre_allocation
295,797,low_traffic,0,0,65535_65535,1,4,169,567,1,1,1,32,567,15,1,1,allocated
295,797,low_traffic,0,0,65535_65535,1,3,169,488,0,1,0,31,0,14,1,1,pre_allocation
295,797,low_traffic,0,0,65535_65535,1,3,169,503,1,1,1,32,503,14,1,1,allocated
295,797,low_traffic,0,0,65535_65535,1,4,169,567,0,1,0,32,0,15,1,1,pre_allocation
295,797,low_traffic,0,0,65535_65535,1,4,169,585,1,1,1,33,585,15,1,1,allocated
295,797,low_traffic,0,0,65535_65535,1,3,169,503,0,1,0,32,0,14,1,1,pre_allocation
295,797,low_traffic,0,0,65535_65535,1,3,169,519,1,1,1,33,519,14,1,1,allocated
295,797,low_traffic,0,0,65535_65535,1,4,169,585,0,1,0,33,0,15,1,1,pre_allocation
295,797,low_traffic,0,0,65535_65535,1,4,169,602,1,1,1,34,602,15,1,1,allocated
295,797,low_traffic,0,0,65535_65535,1,3,169,519,0,1,0,33,0,14,1,1,pre_allocation
295,797,low_traffic,0,0,65535_65535,1,3,169,535,1,1,1,34,535,14,1,1,allocated
295,797,low_traffic,0,0,65535_65535,1,4,169,602,0,1,0,34,0,15,1,1,pre_allocation
295,797,low_traffic,0,0,65535_65535,1,4,169,620,1,1,1,35,620,15,1,1,allocated
295,797,low_traffic,0,0,65535_65535,1,3,169,535,0,1,0,34,0,14,1,1,pre_allocation
295,797,low_traffic,0,0,65535_65535,1,3,169,551,1,1,1,35,551,14,1,1,allocated
295,797,low_traffic,0,0,65535_65535,1,4,169,620,0,1,0,35,0,15,1,1,pre_allocation
295,797,low_traffic,0,0,65535_65535,1,4,169,638,1,1,1,36,638,15,1,1,allocated
295,797,low_traffic,0,0,65535_65535,1,3,169,551,0,1,0,35,0,14,1,1,pre_allocation
295,797,low_traffic,0,0,65535_65535,1,3,169,567,1,1,1,36,567,14,1,1,allocated
295,797,low_traffic,0,0,65535_65535,1,4,169,638,0,1,0,36,0,15,1,1,pre_allocation
295,797,low_traffic,0,0,65535_65535,1,4,169,656,1,1,1,37,656,15,1,1,allocated
295,797,low_traffic,0,0,65535_65535,1,3,169,567,0,1,0,36,0,14,1,1,pre_allocation
295,797,low_traffic,0,0,65535_65535,1,3,169,583,1,1,1,37,583,14,1,1,allocated
295,797,low_traffic,0,0,65535_65535,1,4,169,656,0,1,0,37,0,15,1,1,pre_allocation
295,797,low_traffic,0,0,65535_65535,1,4,169,674,1,1,1,38,674,15,1,1,allocated
295,797,low_traffic,0,0,65535_65535,1,3,169,583,0,1,0,37,0,14,1,1,pre_allocation
295,797,low_traffic,0,0,65535_65535,1,3,169,598,1,1,1,38,598,14,1,1,allocated
295,797,low_traffic,0,0,65535_65535,1,4,169,674,0,1,0,38,0,15,1,1,pre_allocation
295,797,low_traffic,0,0,65535_65535,1,4,169,691,1,1,1,39,691,15,1,1,allocated
295,797,low_traffic,0,0,65535_65535,1,3,169,598,0,1,0,38,0,14,1,1,pre_allocation
295,797,low_traffic,0,0,65535_65535,1,3,169,614,1,1,1,39,614,14,1,1,allocated
295,797,low_traffic,0,0,65535_65535,1,4,169,691,0,1,0,39,0,15,1,1,pre_allocation
295,797,low_traffic,0,0,65535_65535,1,4,169,709,1,1,1,40,709,15,1,1,allocated
295,797,low_traffic,0,0,65535_65535,1,3,169,614,0,1,0,39,0,14,1,1,pre_allocation
295,797,low_traffic,0,0,65535_65535,1,3,169,630,1,1,1,40,630,14,1,1,allocated
295,797,low_traffic,0,0,65535_65535,1,4,169,709,0,1,0,40,0,15,1,1,pre_allocation
295,797,low_traffic,0,0,65535_65535,1,4,169,727,1,1,1,41,727,15,1,1,allocated
295,797,low_traffic,0,0,65535_65535,1,3,169,630,0,1,0,40,0,14,1,1,pre_allocation
295,797,low_traffic,0,0,65535_65535,1,3,169,646,1,1,1,41,646,14,1,1,allocated
295,797,low_traffic,0,0,65535_65535,1,4,169,727,0,1,0,41,0,15,1,1,pre_allocation
295,797,low_traffic,0,0,65535_65535,1,4,169,745,1,1,1,42,745,15,1,1,allocated
295,797,low_traffic,0,0,65535_65535,1,3,169,646,0,1,0,41,0,14,1,1,pre_allocation
295,797,low_traffic,0,0,65535_65535,1,3,169,662,1,1,1,42,662,14,1,1,allocated
295,797,low_traffic,0,0,65535_65535,1,4,169,745,0,1,0,42,0,15,1,1,pre_allocation
295,797,low_traffic,0,0,65535_65535,1,4,169,763,1,1,1,43,763,15,1,1,allocated
295,797,low_traffic,0,0,65535_65535,1,3,169,662,0,1,0,42,0,14,1,1,pre_allocation
295,797,low_traffic,0,0,65535_65535,1,3,169,678,1,1,1,43,678,14,1,1,allocated
295,797,low_traffic,0,0,65535_65535,1,4,169,763,0,1,0,43,0,15,1,1,pre_allocation
295,797,low_traffic,0,0,65535_65535,1,4,169,781,1,1,1,44,781,15,1,1,allocated
295,797,low_traffic,0,0,65535_65535,1,3,169,678,0,1,0,43,0,14,1,1,pre_allocation
295,797,low_traffic,0,0,65535_65535,1,3,169,693,1,1,1,44,693,14,1,1,allocated
295,797,low_traffic,0,0,65535_65535,1,4,169,781,0,1,0,44,0,15,1,1,pre_allocation
295,797,low_traffic,0,0,65535_65535,1,4,169,798,1,1,1,45,798,15,1,1,allocated
295,797,low_traffic,0,0,65535_65535,1,3,169,693,0,1,0,44,0,14,1,1,pre_allocation
295,797,low_traffic,0,0,65535_65535,1,3,169,709,1,1,1,45,709,14,1,1,allocated
295,797,low_traffic,0,0,65535_65535,1,4,169,798,0,1,0,45,0,15,1,1,pre_allocation
295,797,low_traffic,0,0,65535_65535,1,4,169,816,1,1,1,46,816,15,1,1,allocated
295,797,low_traffic,0,0,65535_65535,1,3,169,709,0,1,0,45,0,14,1,1,pre_allocation
295,797,low_traffic,0,0,65535_65535,1,3,169,725,1,1,1,46,725,14,1,1,allocated
295,797,low_traffic,0,0,65535_65535,1,4,169,816,0,1,0,46,0,15,1,1,pre_allocation
295,797,low_traffic,0,0,65535_65535,1,4,169,834,1,1,1,47,834,15,1,1,allocated
295,797,low_traffic,0,0,65535_65535,1,3,169,725,0,1,0,46,0,14,1,1,pre_allocation
295,797,low_traffic,0,0,65535_65535,1,3,169,741,1,1,1,47,741,14,1,1,allocated
295,797,low_traffic,0,0,65535_65535,1,4,169,834,0,1,0,47,0,15,1,1,pre_allocation
295,797,low_traffic,0,0,65535_65535,1,4,169,852,1,1,1,48,852,15,1,1,allocated
295,797,low_traffic,0,0,65535_65535,1,3,169,741,0,1,0,47,0,14,1,1,pre_allocation
295,797,low_traffic,0,0,65535_65535,1,3,169,757,1,1,1,48,757,14,1,1,allocated
295,797,low_traffic,0,0,65535_65535,1,4,169,852,0,1,0,48,0,15,1,1,pre_allocation
295,797,low_traffic,0,0,65535_65535,1,4,169,870,1,1,1,49,870,15,1,1,allocated
295,797,low_traffic,0,0,65535_65535,1,3,169,757,0,1,0,48,0,14,1,1,pre_allocation
295,797,low_traffic,0,0,65535_65535,1,3,169,773,1,1,1,49,773,14,1,1,allocated
295,797,low_traffic,0,0,65535_65535,1,4,169,870,0,1,0,49,0,15,1,1,pre_allocation
295,797,low_traffic,0,0,65535_65535,1,4,169,888,1,1,1,50,888,15,1,1,allocated
295,797,low_traffic,0,0,65535_65535,1,3,169,773,0,1,0,49,0,14,1,1,pre_allocation
295,797,low_traffic,0,0,65535_65535,1,3,169,789,1,1,1,50,789,14,1,1,allocated
295,797,low_traffic,0,0,65535_65535,1,4,169,888,0,1,0,50,0,15,1,1,pre_allocation
295,797,low_traffic,0,0,65535_65535,1,4,169,905,1,1,1,51,905,15,1,1,allocated
295,797,low_traffic,0,0,65535_65535,1,3,169,789,0,1,0,50,0,14,1,1,pre_allocation
295,797,low_traffic,0,0,65535_65535,1,3,169,804,1,1,1,51,804,14,1,1,allocated
295,797,low_traffic,0,0,65535_65535,1,4,169,905,0,1,0,51,0,15,1,1,pre_allocation
295,797,low_traffic,0,0,65535_65535,1,4,169,923,1,1,1,52,923,15,1,1,allocated
295,797,low_traffic,0,0,65535_65535,1,3,169,804,0,1,0,51,0,14,1,1,pre_allocation
295,797,low_traffic,0,0,65535_65535,1,3,169,820,1,1,1,52,820,14,1,1,allocated
295,797,low_traffic,0,0,65535_65535,1,4,169,923,0,1,0,52,0,15,1,1,pre_allocation
295,797,low_traffic,0,0,65535_65535,1,4,169,941,1,1,1,53,941,15,1,1,allocated
295,797,low_traffic,0,0,65535_65535,1,3,169,820,0,1,0,52,0,14,1,1,pre_allocation
295,797,low_traffic,0,0,65535_65535,1,3,169,836,1,1,1,53,836,14,1,1,allocated
295,797,low_traffic,0,0,65535_65535,1,4,169,941,0,1,0,53,0,15,1,1,pre_allocation
295,797,low_traffic,0,0,65535_65535,1,4,169,959,1,1,1,54,959,15,1,1,allocated
295,797,low_traffic,0,0,65535_65535,1,3,169,836,0,1,0,53,0,14,1,1,pre_allocation
295,797,low_traffic,0,0,65535_65535,1,3,169,852,1,1,1,54,852,14,1,1,allocated
295,797,low_traffic,0,0,65535_65535,1,4,169,959,0,1,0,54,0,15,1,1,pre_allocation
295,797,low_traffic,0,0,65535_65535,1,4,169,977,1,1,1,55,977,15,1,1,allocated
295,797,low_traffic,0,0,65535_65535,1,3,169,852,0,1,0,54,0,14,1,1,pre_allocation
295,797,low_traffic,0,0,65535_65535,1,3,169,868,1,1,1,55,868,14,1,1,allocated
295,797,low_traffic,0,0,65535_65535,1,4,169,977,0,1,0,55,0,15,1,1,pre_allocation
295,797,low_traffic,0,0,65535_65535,1,4,169,994,1,1,1,56,994,15,1,1,allocated
295,797,low_traffic,0,0,65535_65535,1,3,169,868,0,1,0,55,0,14,1,1,pre_allocation
295,797,low_traffic,0,0,65535_65535,1,3,169,884,1,1,1,56,884,14,1,1,allocated
295,797,low_traffic,0,0,65535_65535,1,4,169,994,0,1,0,56,0,15,1,1,pre_allocation
295,797,low_traffic,0,0,65535_65535,1,4,169,1012,1,1,1,57,1012,15,1,1,allocated
295,797,low_traffic,0,0,65535_65535,1,3,169,884,0,1,0,56,0,14,1,1,pre_allocation
295,797,low_traffic,0,0,65535_65535,1,3,169,899,1,1,1,57,899,14,1,1,allocated
295,797,low_traffic,0,0,65535_65535,1,4,169,1012,0,1,0,57,0,15,1,1,pre_allocation
295,797,low_traffic,0,0,65535_65535,1,4,169,1030,1,1,1,58,1030,15,1,1,allocated
295,797,low_traffic,0,0,65535_65535,1,3,169,899,0,1,0,57,0,14,1,1,pre_allocation
295,797,low_traffic,0,0,65535_65535,1,3,169,915,1,1,1,58,915,14,1,1,allocated
295,797,low_traffic,0,0,65535_65535,1,4,169,1030,0,1,0,58,0,15,1,1,pre_allocation
295,797,low_traffic,0,0,65535_65535,1,4,169,1048,1,1,1,59,1048,15,1,1,allocated
295,797,low_traffic,0,0,65535_65535,1,3,169,915,0,1,0,58,0,14,1,1,pre_allocation
295,797,low_traffic,0,0,65535_65535,1,3,169,931,1,1,1,59,931,14,1,1,allocated
295,797,low_traffic,0,0,65535_65535,1,4,169,1048,0,1,0,59,0,15,1,1,pre_allocation
295,797,low_traffic,0,0,65535_65535,1,4,169,1066,1,1,1,60,1066,15,1,1,allocated
295,797,low_traffic,0,0,65535_65535,1,3,169,931,0,1,0,59,0,14,1,1,pre_allocation
295,797,low_traffic,0,0,65535_65535,1,3,169,947,1,1,1,60,947,14,1,1,allocated
295,797,low_traffic,0,0,65535_65535,1,4,169,1066,0,1,0,60,0,15,1,1,pre_allocation
295,797,low_traffic,0,0,65535_65535,1,4,169,1084,1,1,1,61,1084,15,1,1,allocated
295,797,low_traffic,0,0,65535_65535,1,3,169,947,0,1,0,60,0,14,1,1,pre_allocation
295,797,low_traffic,0,0,65535_65535,1,3,169,963,1,1,1,61,963,14,1,1,allocated
295,797,low_traffic,0,0,65535_65535,1,4,169,1084,0,1,0,61,0,15,1,1,pre_allocation
295,797,low_traffic,0,0,65535_65535,1,4,169,1101,1,1,1,62,1101,15,1,1,allocated
295,797,low_traffic,0,0,65535_65535,1,3,169,963,0,1,0,61,0,14,1,1,pre_allocation
295,797,low_traffic,0,0,65535_65535,1,3,169,979,1,1,1,62,979,14,1,1,allocated
295,797,low_traffic,0,0,65535_65535,1,4,169,1101,0,1,0,62,0,15,1,1,pre_allocation
295,797,low_traffic,0,0,65535_65535,1,4,169,1119,1,1,1,63,1119,15,1,1,allocated
295,797,low_traffic,0,0,65535_65535,1,3,169,979,0,1,0,62,0,14,1,1,pre_allocation
295,797,low_traffic,0,0,65535_65535,1,3,169,994,1,1,1,63,994,14,1,1,allocated
295,797,low_traffic,0,0,65535_65535,1,4,169,1119,0,1,0,63,0,15,1,1,pre_allocation
295,797,low_traffic,0,0,65535_65535,1,4,169,1137,1,1,1,64,1137,15,1,1,allocated
295,797,low_traffic,0,0,65535_65535,1,3,169,994,0,1,0,63,0,14,1,1,pre_allocation
295,797,low_traffic,0,0,65535_65535,1,3,169,1010,1,1,1,64,1010,14,1,1,allocated
295,797,low_traffic,0,0,65535_65535,1,4,169,1137,0,1,0,64,0,15,1,1,pre_allocation
295,797,low_traffic,0,0,65535_65535,1,4,169,1155,1,1,1,65,1155,15,1,1,allocated
295,797,low_traffic,0,0,65535_65535,1,3,169,1010,0,1,0,64,0,14,1,1,pre_allocation
295,797,low_traffic,0,0,65535_65535,1,3,169,1026,1,1,1,65,1026,14,1,1,allocated
295,797,low_traffic,0,0,65535_65535,1,4,169,1155,0,1,0,65,0,15,1,1,pre_allocation
295,797,low_traffic,0,0,65535_65535,1,4,169,1173,1,1,1,66,1173,15,1,1,allocated
295,797,low_traffic,0,0,65535_65535,1,3,169,1026,0,1,0,65,0,14,1,1,pre_allocation
295,797,low_traffic,0,0,65535_65535,1,3,169,1042,1,1,1,66,1042,14,1,1,allocated
295,797,low_traffic,0,0,65535_65535,1,4,169,1173,0,1,0,66,0,15,1,1,pre_allocation
295,797,low_traffic,0,0,65535_65535,1,4,169,1190,1,1,1,67,1190,15,1,1,allocated
295,797,low_traffic,0,0,65535_65535,1,3,169,1042,0,1,0,66,0,14,1,1,pre_allocation
295,797,low_traffic,0,0,65535_65535,1,3,169,1058,1,1,1,67,1058,14,1,1,allocated
295,797,low_traffic,0,0,65535_65535,1,4,169,1190,0,1,0,67,0,15,1,1,pre_allocation
295,797,low_traffic,0,0,65535_65535,1,4,169,1208,1,1,1,68,1208,15,1,1,allocated
295,797,low_traffic,0,0,65535_65535,1,3,169,1058,0,1,0,67,0,14,1,1,pre_allocation
295,797,low_traffic,0,0,65535_65535,1,3,169,1074,1,1,1,68,1074,14,1,1,allocated
295,797,low_traffic,0,0,65535_65535,1,4,169,1208,0,1,0,68,0,15,1,1,pre_allocation
295,797,low_traffic,0,0,65535_65535,1,4,169,1226,1,1,1,69,1226,15,1,1,allocated
295,797,low_traffic,0,0,65535_65535,1,3,169,1074,0,1,0,68,0,14,1,1,pre_allocation
295,797,low_traffic,0,0,65535_65535,1,3,169,1089,1,1,1,69,1089,14,1,1,allocated
295,797,low_traffic,0,0,65535_65535,1,4,169,1226,0,1,0,69,0,15,1,1,pre_allocation
295,797,low_traffic,0,0,65535_65535,1,4,169,1244,1,1,1,70,1244,15,1,1,allocated
295,797,low_traffic,0,0,65535_65535,1,3,169,1089,0,1,0,69,0,14,1,1,pre_allocation
295,797,low_traffic,0,0,65535_65535,1,3,169,1105,1,1,1,70,1105,14,1,1,allocated
295,797,low_traffic,0,0,65535_65535,1,4,169,1244,0,1,0,70,0,15,1,1,pre_allocation
295,797,low_traffic,0,0,65535_65535,1,4,169,1262,1,1,1,71,1262,15,1,1,allocated
295,797,low_traffic,0,0,65535_65535,1,3,169,1105,0,1,0,70,0,14,1,1,pre_allocation
295,797,low_traffic,0,0,65535_65535,1,3,169,1121,1,1,1,71,1121,14,1,1,allocated
295,797,low_traffic,0,0,65535_65535,1,4,169,1262,0,1,0,71,0,15,1,1,pre_allocation
295,797,low_traffic,0,0,65535_65535,1,4,169,1280,1,1,1,72,1280,15,1,1,allocated
295,797,low_traffic,0,0,65535_65535,1,3,169,1121,0,1,0,71,0,14,1,1,pre_allocation
295,797,low_traffic,0,0,65535_65535,1,3,169,1137,1,1,1,72,1137,14,1,1,allocated
295,797,low_traffic,0,0,65535_65535,1,4,169,1280,0,1,0,72,0,15,1,1,pre_allocation
295,797,low_traffic,0,0,65535_65535,1,4,169,1297,1,1,1,73,1297,15,1,1,allocated
295,797,low_traffic,0,0,65535_65535,1,3,169,1137,0,1,0,72,0,14,1,1,pre_allocation
295,797,low_traffic,0,0,65535_65535,1,3,169,1153,1,1,1,73,1153,14,1,1,allocated
295,797,low_traffic,0,0,65535_65535,1,4,169,1297,0,1,0,73,0,15,1,1,pre_allocation
295,797,low_traffic,0,0,65535_65535,1,4,169,1315,1,1,1,74,1315,15,1,1,allocated
295,797,low_traffic,0,0,65535_65535,1,3,169,1153,0,1,0,73,0,14,1,1,pre_allocation
295,797,low_traffic,0,0,65535_65535,1,3,169,1169,1,1,1,74,1169,14,1,1,allocated
295,797,low_traffic,0,0,65535_65535,1,4,169,1315,0,1,0,74,0,15,1,1,pre_allocation
295,797,low_traffic,0,0,65535_65535,1,4,169,1333,1,1,1,75,1333,15,1,1,allocated
295,797,low_traffic,0,0,65535_65535,1,3,169,1169,0,1,0,74,0,14,1,1,pre_allocation
295,797,low_traffic,0,0,65535_65535,1,3,169,1185,1,1,1,75,1185,14,1,1,allocated
295,797,low_traffic,0,0,65535_65535,1,4,169,1333,0,1,0,75,0,15,1,1,pre_allocation
295,797,low_traffic,0,0,65535_65535,1,4,169,1351,1,1,1,76,1351,15,1,1,allocated
295,797,low_traffic,0,0,65535_65535,1,3,169,1185,0,1,0,75,0,14,1,1,pre_allocation
295,797,low_traffic,0,0,65535_65535,1,3,169,1200,1,1,1,76,1200,14,1,1,allocated
295,797,low_traffic,0,0,65535_65535,1,4,169,1351,0,1,0,76,0,15,1,1,pre_allocation
295,797,low_traffic,0,0,65535_65535,1,4,169,1369,1,1,1,77,1369,15,1,1,allocated
295,797,low_traffic,0,0,65535_65535,1,3,169,1200,0,1,0,76,0,14,1,1,pre_allocation
295,797,low_traffic,0,0,65535_65535,1,3,169,1216,1,1,1,77,1216,14,1,1,allocated
407,895,low_traffic,0,0,65535_65535,0,2,800509,0,0,1,0,0,0,14,1,1,pre_allocation
407,895,low_traffic,0,0,65535_65535,0,2,800509,15,1,1,1,1,15,14,1,1,allocated
407,895,low_traffic,0,0,65535_65535,0,1,1257717,0,0,1,0,0,0,15,1,1,pre_allocation
407,895,low_traffic,0,0,65535_65535,0,1,1257717,17,1,1,1,1,17,15,1,1,allocated
407,895,low_traffic,0,0,65535_65535,0,2,800509,15,0,1,0,1,0,14,1,1,pre_allocation
407,895,low_traffic,0,0,65535_65535,0,2,800509,33,1,1,1,2,33,14,1,1,allocated
407,895,low_traffic,0,0,65535_65535,0,1,1257717,17,0,1,0,1,0,15,1,1,pre_allocation
407,895,low_traffic,0,0,65535_65535,0,1,1257717,38,1,1,1,2,38,15,1,1,allocated
407,895,low_traffic,0,0,65535_65535,0,2,800509,33,0,1,0,2,0,14,1,1,pre_allocation
407,895,low_traffic,0,0,65535_65535,0,2,800509,52,1,1,1,3,52,14,1,1,allocated
407,895,low_traffic,0,0,65535_65535,0,1,1257717,38,0,1,0,2,0,15,1,1,pre_allocation
407,895,low_traffic,0,0,65535_65535,0,1,1257717,59,1,1,1,3,59,15,1,1,allocated
407,895,low_traffic,0,0,65535_65535,0,2,800509,52,0,1,0,3,0,14,1,1,pre_allocation
407,895,low_traffic,0,0,65535_65535,0,2,800509,70,1,1,1,4,70,14,1,1,allocated
407,895,low_traffic,0,0,65535_65535,0,1,1257717,59,0,1,0,3,0,15,1,1,pre_allocation
407,895,low_traffic,0,0,65535_65535,0,1,1257717,80,1,1,1,4,80,15,1,1,allocated
407,895,low_traffic,0,0,65535_65535,0,2,800509,70,0,1,0,4,0,14,1,1,pre_allocation
407,895,low_traffic,0,0,65535_65535,0,2,800509,89,1,1,1,5,89,14,1,1,allocated
407,895,low_traffic,0,0,65535_65535,0,1,1257717,80,0,1,0,4,0,15,1,1,pre_allocation
407,895,low_traffic,0,0,65535_65535,0,1,1257717,100,1,1,1,5,100,15,1,1,allocated
407,895,low_traffic,0,0,65535_65535,0,2,800509,89,0,1,0,5,0,14,1,1,pre_allocation
407,895,low_traffic,0,0,65535_65535,0,2,800509,107,1,1,1,6,107,14,1,1,allocated
407,895,low_traffic,0,0,65535_65535,0,1,1257717,100,0,1,0,5,0,15,1,1,pre_allocation
407,895,low_traffic,0,0,65535_65535,0,1,1257717,121,1,1,1,6,121,15,1,1,allocated
407,895,low_traffic,0,0,65535_65535,0,2,800509,107,0,1,0,6,0,14,1,1,pre_allocation
407,895,low_traffic,0,0,65535_65535,0,2,800509,126,1,1,1,7,126,14,1,1,allocated
407,895,low_traffic,0,0,65535_65535,0,1,1257717,121,0,1,0,6,0,15,1,1,pre_allocation
407,895,low_traffic,0,0,65535_65535,0,1,1257717,142,1,1,1,7,142,15,1,1,allocated
407,895,low_traffic,0,0,65535_65535,0,2,800509,126,0,1,0,7,0,14,1,1,pre_allocation
407,895,low_traffic,0,0,65535_65535,0,2,800509,144,1,1,1,8,144,14,1,1,allocated
407,895,low_traffic,0,0,65535_65535,0,1,1257717,142,0,1,0,7,0,15,1,1,pre_allocation
407,895,low_traffic,0,0,65535_65535,0,1,1257717,163,1,1,1,8,163,15,1,1,allocated
407,895,low_traffic,0,0,65535_65535,0,2,800509,144,0,1,0,8,0,14,1,1,pre_allocation
407,895,low_traffic,0,0,65535_65535,0,2,800509,163,1,1,1,9,163,14,1,1,allocated
407,895,low_traffic,0,0,65535_65535,0,1,1257717,163,0,1,0,8,0,15,1,1,pre_allocation
407,895,low_traffic,0,0,65535_65535,0,1,1257717,184,1,1,1,9,184,15,1,1,allocated
407,895,low_traffic,0,0,65535_65535,0,2,800509,163,0,1,0,9,0,14,1,1,pre_allocation
407,895,low_traffic,0,0,65535_65535,0,2,800509,181,1,1,1,10,181,14,1,1,allocated
407,895,low_traffic,0,0,65535_65535,0,1,1257717,184,0,1,0,9,0,15,1,1,pre_allocation
407,895,low_traffic,0,0,65535_65535,0,1,1257717,204,1,1,1,10,204,15,1,1,allocated
407,895,low_traffic,0,0,65535_65535,0,2,800509,181,0,1,0,10,0,14,1,1,pre_allocation
407,895,low_traffic,0,0,65535_65535,0,2,800509,200,1,1,1,11,200,14,1,1,allocated
407,895,low_traffic,0,0,65535_65535,0,1,1257717,204,0,1,0,10,0,15,1,1,pre_allocation
407,895,low_traffic,0,0,65535_65535,0,1,1257717,225,1,1,1,11,225,15,1,1,allocated
407,895,low_traffic,0,0,65535_65535,0,2,800509,200,0,1,0,11,0,14,1,1,pre_allocation
407,895,low_traffic,0,0,65535_65535,0,2,800509,218,1,1,1,12,218,14,1,1,allocated
407,895,low_traffic,0,0,65535_65535,0,1,1257717,225,0,1,0,11,0,15,1,1,pre_allocation
407,895,low_traffic,0,0,65535_65535,0,1,1257717,246,1,1,1,12,246,15,1,1,allocated
407,895,low_traffic,0,0,65535_65535,0,2,800509,218,0,1,0,12,0,14,1,1,pre_allocation
407,895,low_traffic,0,0,65535_65535,0,2,800509,237,1,1,1,13,237,14,1,1,allocated
407,895,low_traffic,0,0,65535_65535,0,1,1257717,246,0,1,0,12,0,15,1,1,pre_allocation
407,895,low_traffic,0,0,65535_65535,0,1,1257717,267,1,1,1,13,267,15,1,1,allocated
407,895,low_traffic,0,0,65535_65535,0,2,800509,237,0,1,0,13,0,14,1,1,pre_allocation
407,895,low_traffic,0,0,65535_65535,0,2,800509,255,1,1,1,14,255,14,1,1,allocated
407,895,low_traffic,0,0,65535_65535,0,1,1257717,267,0,1,0,13,0,15,1,1,pre_allocation
407,895,low_traffic,0,0,65535_65535,0,1,1257717,288,1,1,1,14,288,15,1,1,allocated
407,895,low_traffic,0,0,65535_65535,0,2,800509,255,0,1,0,14,0,14,1,1,pre_allocation
407,895,low_traffic,0,0,65535_65535,0,2,800509,274,1,1,1,15,274,14,1,1,allocated
407,895,low_traffic,0,0,65535_65535,0,1,1257717,288,0,1,0,14,0,15,1,1,pre_allocation
407,895,low_traffic,0,0,65535_65535,0,1,1257717,308,1,1,1,15,308,15,1,1,allocated
407,895,low_traffic,0,0,65535_65535,0,2,800509,274,0,1,0,15,0,14,1,1,pre_allocation
407,895,low_traffic,0,0,65535_65535,0,2,800509,292,1,1,1,16,292,14,1,1,allocated
407,895,low_traffic,0,0,65535_65535,0,1,1257717,308,0,1,0,15,0,15,1,1,pre_allocation
407,895,low_traffic,0,0,65535_65535,0,1,1257717,329,1,1,1,16,329,15,1,1,allocated
407,895,low_traffic,0,0,65535_65535,0,2,800509,292,0,1,0,16,0,14,1,1,pre_allocation
407,895,low_traffic,0,0,65535_65535,0,2,800509,311,1,1,1,17,311,14,1,1,allocated
407,895,low_traffic,0,0,65535_65535,0,1,1257717,329,0,1,0,16,0,15,1,1,pre_allocation
407,895,low_traffic,0,0,65535_65535,0,1,1257717,350,1,1,1,17,350,15,1,1,allocated
407,895,low_traffic,0,0,65535_65535,0,2,800509,311,0,1,0,17,0,14,1,1,pre_allocation
407,895,low_traffic,0,0,65535_65535,0,2,800509,329,1,1,1,18,329,14,1,1,allocated
407,895,low_traffic,0,0,65535_65535,0,1,1257717,350,0,1,0,17,0,15,1,1,pre_allocation
407,895,low_traffic,0,0,65535_65535,0,1,1257717,371,1,1,1,18,371,15,1,1,allocated
407,895,low_traffic,0,0,65535_65535,0,2,800509,329,0,1,0,18,0,14,1,1,pre_allocation
407,895,low_traffic,0,0,65535_65535,0,2,800509,348,1,1,1,19,348,14,1,1,allocated
407,895,low_traffic,0,0,65535_65535,0,1,1257717,371,0,1,0,18,0,15,1,1,pre_allocation
407,895,low_traffic,0,0,65535_65535,0,1,1257717,392,1,1,1,19,392,15,1,1,allocated
407,895,low_traffic,0,0,65535_65535,0,2,800509,348,0,1,0,19,0,14,1,1,pre_allocation
407,895,low_traffic,0,0,65535_65535,0,2,800509,366,1,1,1,20,366,14,1,1,allocated
407,895,low_traffic,0,0,65535_65535,0,1,1257717,392,0,1,0,19,0,15,1,1,pre_allocation
407,895,low_traffic,0,0,65535_65535,0,1,1257717,412,1,1,1,20,412,15,1,1,allocated
407,895,low_traffic,0,0,65535_65535,0,2,800509,366,0,1,0,20,0,14,1,1,pre_allocation
407,895,low_traffic,0,0,65535_65535,0,2,800509,385,1,1,1,21,385,14,1,1,allocated
407,895,low_traffic,0,0,65535_65535,0,1,1257717,412,0,1,0,20,0,15,1,1,pre_allocation
407,895,low_traffic,0,0,65535_65535,0,1,1257717,433,1,1,1,21,433,15,1,1,allocated
407,895,low_traffic,0,0,65535_65535,0,2,800509,385,0,1,0,21,0,14,1,1,pre_allocation
407,895,low_traffic,0,0,65535_65535,0,2,800509,403,1,1,1,22,403,14,1,1,allocated
407,895,low_traffic,0,0,65535_65535,0,1,1257717,433,0,1,0,21,0,15,1,1,pre_allocation
407,895,low_traffic,0,0,65535_65535,0,1,1257717,454,1,1,1,22,454,15,1,1,allocated
407,895,low_traffic,0,0,65535_65535,0,2,800509,403,0,1,0,22,0,14,1,1,pre_allocation
407,895,low_traffic,0,0,65535_65535,0,2,800509,422,1,1,1,23,422,14,1,1,allocated
407,895,low_traffic,0,0,65535_65535,0,1,1257717,454,0,1,0,22,0,15,1,1,pre_allocation
407,895,low_traffic,0,0,65535_65535,0,1,1257717,475,1,1,1,23,475,15,1,1,allocated
407,895,low_traffic,0,0,65535_65535,0,2,800509,422,0,1,0,23,0,14,1,1,pre_allocation
407,895,low_traffic,0,0,65535_65535,0,2,800509,440,1,1,1,24,440,14,1,1,allocated
407,895,low_traffic,0,0,65535_65535,0,1,1257717,475,0,1,0,23,0,15,1,1,pre_allocation
407,895,low_traffic,0,0,65535_65535,0,1,1257717,495,1,1,1,24,495,15,1,1,allocated
407,895,low_traffic,0,0,65535_65535,0,2,800509,440,0,1,0,24,0,14,1,1,pre_allocation
407,895,low_traffic,0,0,65535_65535,0,2,800509,459,1,1,1,25,459,14,1,1,allocated
407,895,low_traffic,0,0,65535_65535,0,1,1257717,495,0,1,0,24,0,15,1,1,pre_allocation
407,895,low_traffic,0,0,65535_65535,0,1,1257717,516,1,1,1,25,516,15,1,1,allocated
407,895,low_traffic,0,0,65535_65535,0,2,800509,459,0,1,0,25,0,14,1,1,pre_allocation
407,895,low_traffic,0,0,65535_65535,0,2,800509,477,1,1,1,26,477,14,1,1,allocated
407,895,low_traffic,0,0,65535_65535,0,1,1257717,516,0,1,0,25,0,15,1,1,pre_allocation
407,895,low_traffic,0,0,65535_65535,0,1,1257717,537,1,1,1,26,537,15,1,1,allocated
407,895,low_traffic,0,0,65535_65535,0,2,800509,477,0,1,0,26,0,14,1,1,pre_allocation
407,895,low_traffic,0,0,65535_65535,0,2,800509,495,1,1,1,27,495,14,1,1,allocated
407,895,low_traffic,0,0,65535_65535,0,1,1257717,537,0,1,0,26,0,15,1,1,pre_allocation
407,895,low_traffic,0,0,65535_65535,0,1,1257717,558,1,1,1,27,558,15,1,1,allocated
407,895,low_traffic,0,0,65535_65535,0,2,800509,495,0,1,0,27,0,14,1,1,pre_allocation
407,895,low_traffic,0,0,65535_65535,0,2,800509,514,1,1,1,28,514,14,1,1,allocated
407,895,low_traffic,0,0,65535_65535,0,1,1257717,558,0,1,0,27,0,15,1,1,pre_allocation
407,895,low_traffic,0,0,65535_65535,0,1,1257717,579,1,1,1,28,579,15,1,1,allocated
407,895,low_traffic,0,0,65535_65535,0,2,800509,514,0,1,0,28,0,14,1,1,pre_allocation
407,895,low_traffic,0,0,65535_65535,0,2,800509,532,1,1,1,29,532,14,1,1,allocated
407,895,low_traffic,0,0,65535_65535,1,4,251,0,0,1,0,0,0,2,1,1,pre_allocation
407,895,low_traffic,0,0,65535_65535,1,4,251,2,1,1,1,1,2,2,1,1,allocated
407,895,low_traffic,0,0,65535_65535,1,3,251,0,0,1,0,0,0,14,1,1,pre_allocation
407,895,low_traffic,0,0,65535_65535,1,3,251,15,1,1,1,1,15,14,1,1,allocated
407,895,low_traffic,0,0,65535_65535,1,4,251,2,0,1,0,1,0,2,1,1,pre_allocation
407,895,low_traffic,0,0,65535_65535,1,4,251,1,1,1,1,2,1,2,1,1,allocated
407,895,low_traffic,0,0,65535_65535,1,3,251,15,0,1,0,1,0,14,1,1,pre_allocation
407,895,low_traffic,0,0,65535_65535,1,3,251,33,1,1,1,2,33,14,1,1,allocated
407,895,low_traffic,0,0,65535_65535,1,4,251,1,0,1,0,2,0,2,1,1,pre_allocation
407,895,low_traffic,0,0,65535_65535,1,4,251,3,1,1,1,3,3,2,1,1,allocated
407,895,low_traffic,0,0,65535_65535,1,3,251,33,0,1,0,2,0,14,1,1,pre_allocation
407,895,low_traffic,0,0,65535_65535,1,3,251,52,1,1,1,3,52,14,1,1,allocated
407,895,low_traffic,0,0,65535_65535,1,4,251,3,0,1,0,3,0,2,1,1,pre_allocation
407,895,low_traffic,0,0,65535_65535,1,4,251,5,1,1,1,4,5,2,1,1,allocated
407,895,low_traffic,0,0,65535_65535,1,3,251,52,0,1,0,3,0,14,1,1,pre_allocation
407,895,low_traffic,0,0,65535_65535,1,3,251,70,1,1,1,4,70,14,1,1,allocated
407,895,low_traffic,0,0,65535_65535,1,4,251,5,0,1,0,4,0,2,1,1,pre_allocation
407,895,low_traffic,0,0,65535_65535,1,4,251,7,1,1,1,5,7,2,1,1,allocated
407,895,low_traffic,0,0,65535_65535,1,3,251,70,0,1,0,4,0,14,1,1,pre_allocation
407,895,low_traffic,0,0,65535_65535,1,3,251,89,1,1,1,5,89,14,1,1,allocated
407,895,low_traffic,0,0,65535_65535,1,4,251,7,0,1,0,5,0,2,1,1,pre_allocation
407,895,low_traffic,0,0,65535_65535,1,4,251,9,1,1,1,6,9,2,1,1,allocated
407,895,low_traffic,0,0,65535_65535,1,3,251,89,0,1,0,5,0,14,1,1,pre_allocation
407,895,low_traffic,0,0,65535_65535,1,3,251,107,1,1,1,6,107,14,1,1,allocated
407,895,low_traffic,0,0,65535_65535,1,4,251,9,0,1,0,6,0,2,1,1,pre_allocation
407,895,low_traffic,0,0,65535_65535,1,4,251,11,1,1,1,7,11,2,1,1,allocated
407,895,low_traffic,0,0,65535_65535,1,3,251,107,0,1,0,6,0,14,1,1,pre_allocation
407,895,low_traffic,0,0,65535_65535,1,3,251,126,1,1,1,7,126,14,1,1,allocated
407,895,low_traffic,0,0,65535_65535,1,4,251,11,0,1,0,7,0,2,1,1,pre_allocation
407,895,low_traffic,0,0,65535_65535,1,4,251,13,1,1,1,8,13,2,1,1,allocated
407,895,low_traffic,0,0,65535_65535,1,3,251,126,0,1,0,7,0,14,1,1,pre_allocation
407,895,low_traffic,0,0,65535_65535,1,3,251,144,1,1,1,8,144,14,1,1,allocated
407,895,low_traffic,0,0,65535_65535,1,4,251,13,0,1,0,8,0,2,1,1,pre_allocation
407,895,low_traffic,0,0,65535_65535,1,4,251,16,1,1,1,9,16,2,1,1,allocated
407,895,low_traffic,0,0,65535_65535,1,3,251,144,0,1,0,8,0,14,1,1,pre_allocation
407,895,low_traffic,0,0,65535_65535,1,3,251,163,1,1,1,9,163,14,1,1,allocated
407,895,low_traffic,0,0,65535_65535,1,4,251,16,0,1,0,9,0,2,1,1,pre_allocation
407,895,low_traffic,0,0,65535_65535,1,4,251,18,1,1,1,10,18,2,1,1,allocated
407,895,low_traffic,0,0,65535_65535,1,3,251,163,0,1,0,9,0,14,1,1,pre_allocation
407,895,low_traffic,0,0,65535_65535,1,3,251,181,1,1,1,10,181,14,1,1,allocated
407,895,low_traffic,0,0,65535_65535,1,4,251,18,0,1,0,10,0,2,1,1,pre_allocation
407,895,low_traffic,0,0,65535_65535,1,4,251,20,1,1,1,11,20,2,1,1,allocated
407,895,low_traffic,0,0,65535_65535,1,3,251,181,0,1,0,10,0,14,1,1,pre_allocation
407,895,low_traffic,0,0,65535_65535,1,3,251,200,1,1,1,11,200,14,1,1,allocated
407,895,low_traffic,0,0,65535_65535,1,4,251,20,0,1,0,11,0,2,1,1,pre_allocation
407,895,low_traffic,0,0,65535_65535,1,4,251,22,1,1,1,12,22,2,1,1,allocated
407,895,low_traffic,0,0,65535_65535,1,3,251,200,0,1,0,11,0,14,1,1,pre_allocation
407,895,low_traffic,0,0,65535_65535,1,3,251,218,1,1,1,12,218,14,1,1,allocated
407,895,low_traffic,0,0,65535_65535,1,4,251,22,0,1,0,12,0,2,1,1,pre_allocation
407,895,low_traffic,0,0,65535_65535,1,4,251,24,1,1,1,13,24,2,1,1,allocated
407,895,low_traffic,0,0,65535_65535,1,3,251,218,0,1,0,12,0,14,1,1,pre_allocation
407,895,low_traffic,0,0,65535_65535,1,3,251,237,1,1,1,13,237,14,1,1,allocated
407,895,low_traffic,0,0,65535_65535,1,4,251,24,0,1,0,13,0,2,1,1,pre_allocation
407,895,low_traffic,0,0,65535_65535,1,4,251,26,1,1,1,14,26,2,1,1,allocated
407,895,low_traffic,0,0,65535_65535,1,3,251,237,0,1,0,13,0,14,1,1,pre_allocation
407,895,low_traffic,0,0,65535_65535,1,3,251,255,1,1,1,14,255,14,1,1,allocated
407,895,low_traffic,0,0,65535_65535,1,4,251,26,0,1,0,14,0,2,1,1,pre_allocation
407,895,low_traffic,0,0,65535_65535,1,4,251,28,1,1,1,15,28,2,1,1,allocated
407,895,low_traffic,0,0,65535_65535,1,3,251,255,0,1,0,14,0,14,1,1,pre_allocation
407,895,low_traffic,0,0,65535_65535,1,3,251,274,1,1,1,15,274,14,1,1,allocated
407,895,low_traffic,0,0,65535_65535,1,4,251,28,0,1,0,15,0,2,1,1,pre_allocation
407,895,low_traffic,0,0,65535_65535,1,4,251,30,1,1,1,16,30,2,1,1,allocated
407,895,low_traffic,0,0,65535_65535,1,3,251,274,0,1,0,15,0,14,1,1,pre_allocation
407,895,low_traffic,0,0,65535_65535,1,3,251,292,1,1,1,16,292,14,1,1,allocated
407,895,low_traffic,0,0,65535_65535,1,4,251,30,0,1,0,16,0,2,1,1,pre_allocation
407,895,low_traffic,0,0,65535_65535,1,4,251,32,1,1,1,17,32,2,1,1,allocated
407,895,low_traffic,0,0,65535_65535,1,3,251,292,0,1,0,16,0,14,1,1,pre_allocation
407,895,low_traffic,0,0,65535_65535,1,3,251,311,1,1,1,17,311,14,1,1,allocated
407,895,low_traffic,0,0,65535_65535,1,4,251,32,0,1,0,17,0,2,1,1,pre_allocation
407,895,low_traffic,0,0,65535_65535,1,4,251,35,1,1,1,18,35,2,1,1,allocated
407,895,low_traffic,0,0,65535_65535,1,3,251,311,0,1,0,17,0,14,1,1,pre_allocation
407,895,low_traffic,0,0,65535_65535,1,3,251,329,1,1,1,18,329,14,1,1,allocated
407,895,low_traffic,0,0,65535_65535,1,4,251,35,0,1,0,18,0,2,1,1,pre_allocation
407,895,low_traffic,0,0,65535_65535,1,4,251,37,1,1,1,19,37,2,1,1,allocated
407,895,low_traffic,0,0,65535_65535,1,3,251,329,0,1,0,18,0,14,1,1,pre_allocation
407,895,low_traffic,0,0,65535_65535,1,3,251,348,1,1,1,19,348,14,1,1,allocated
407,895,low_traffic,0,0,65535_65535,1,4,251,37,0,1,0,19,0,2,1,1,pre_allocation
407,895,low_traffic,0,0,65535_65535,1,4,251,39,1,1,1,20,39,2,1,1,allocated
407,895,low_traffic,0,0,65535_65535,1,3,251,348,0,1,0,19,0,14,1,1,pre_allocation
407,895,low_traffic,0,0,65535_65535,1,3,251,366,1,1,1,20,366,14,1,1,allocated
407,895,low_traffic,0,0,65535_65535,1,4,251,39,0,1,0,20,0,2,1,1,pre_allocation
407,895,low_traffic,0,0,65535_65535,1,4,251,41,1,1,1,21,41,2,1,1,allocated
407,895,low_traffic,0,0,65535_65535,1,3,251,366,0,1,0,20,0,14,1,1,pre_allocation
407,895,low_traffic,0,0,65535_65535,1,3,251,385,1,1,1,21,385,14,1,1,allocated
407,895,low_traffic,0,0,65535_65535,1,4,251,41,0,1,0,21,0,2,1,1,pre_allocation
407,895,low_traffic,0,0,65535_65535,1,4,251,43,1,1,1,22,43,2,1,1,allocated
407,895,low_traffic,0,0,65535_65535,1,3,251,385,0,1,0,21,0,14,1,1,pre_allocation
407,895,low_traffic,0,0,65535_65535,1,3,251,403,1,1,1,22,403,14,1,1,allocated
407,895,low_traffic,0,0,65535_65535,1,4,251,43,0,1,0,22,0,2,1,1,pre_allocation
407,895,low_traffic,0,0,65535_65535,1,4,251,45,1,1,1,23,45,2,1,1,allocated
407,895,low_traffic,0,0,65535_65535,1,3,251,403,0,1,0,22,0,14,1,1,pre_allocation
407,895,low_traffic,0,0,65535_65535,1,3,251,422,1,1,1,23,422,14,1,1,allocated
407,895,low_traffic,0,0,65535_65535,1,4,251,45,0,1,0,23,0,2,1,1,pre_allocation
407,895,low_traffic,0,0,65535_65535,1,4,251,47,1,1,1,24,47,2,1,1,allocated
407,895,low_traffic,0,0,65535_65535,1,3,251,422,0,1,0,23,0,14,1,1,pre_allocation
407,895,low_traffic,0,0,65535_65535,1,3,251,440,1,1,1,24,440,14,1,1,allocated
407,895,low_traffic,0,0,65535_65535,1,4,251,47,0,1,0,24,0,2,1,1,pre_allocation
407,895,low_traffic,0,0,65535_65535,1,4,251,49,1,1,1,25,49,2,1,1,allocated
407,895,low_traffic,0,0,65535_65535,1,3,251,440,0,1,0,24,0,14,1,1,pre_allocation
407,895,low_traffic,0,0,65535_65535,1,3,251,459,1,1,1,25,459,14,1,1,allocated
407,895,low_traffic,0,0,65535_65535,1,4,251,49,0,1,0,25,0,2,1,1,pre_allocation
407,895,low_traffic,0,0,65535_65535,1,4,251,52,1,1,1,26,52,2,1,1,allocated
407,895,low_traffic,0,0,65535_65535,1,3,251,459,0,1,0,25,0,14,1,1,pre_allocation
407,895,low_traffic,0,0,65535_65535,1,3,251,477,1,1,1,26,477,14,1,1,allocated
407,895,low_traffic,0,0,65535_65535,1,4,251,52,0,1,0,26,0,2,1,1,pre_allocation
407,895,low_traffic,0,0,65535_65535,1,4,251,54,1,1,1,27,54,2,1,1,allocated
407,895,low_traffic,0,0,65535_65535,1,3,251,477,0,1,0,26,0,14,1,1,pre_allocation
407,895,low_traffic,0,0,65535_65535,1,3,251,495,1,1,1,27,495,14,1,1,allocated
407,895,low_traffic,0,0,65535_65535,1,4,251,54,0,1,0,27,0,2,1,1,pre_allocation
407,895,low_traffic,0,0,65535_65535,1,4,251,56,1,1,1,28,56,2,1,1,allocated
407,895,low_traffic,0,0,65535_65535,1,3,251,495,0,1,0,27,0,14,1,1,pre_allocation
407,895,low_traffic,0,0,65535_65535,1,3,251,514,1,1,1,28,514,14,1,1,allocated
407,895,low_traffic,0,0,65535_65535,1,4,251,56,0,1,0,28,0,2,1,1,pre_allocation
407,895,low_traffic,0,0,65535_65535,1,4,251,58,1,1,1,29,58,2,1,1,allocated
407,895,low_traffic,0,0,65535_65535,1,3,251,514,0,1,0,28,0,14,1,1,pre_allocation
407,895,low_traffic,0,0,65535_65535,1,3,251,532,1,1,1,29,532,14,1,1,allocated
407,895,low_traffic,0,0,65535_65535,1,4,251,58,0,1,0,29,0,2,1,1,pre_allocation
407,895,low_traffic,0,0,65535_65535,1,4,251,60,1,1,1,30,60,2,1,1,allocated
407,895,low_traffic,0,0,65535_65535,1,3,251,532,0,1,0,29,0,14,1,1,pre_allocation
407,895,low_traffic,0,0,65535_65535,1,3,251,551,1,1,1,30,551,14,1,1,allocated
407,895,low_traffic,0,0,65535_65535,1,4,251,60,0,1,0,30,0,2,1,1,pre_allocation
407,895,low_traffic,0,0,65535_65535,1,4,251,62,1,1,1,31,62,2,1,1,allocated
407,895,low_traffic,0,0,65535_65535,1,3,251,551,0,1,0,30,0,14,1,1,pre_allocation
407,895,low_traffic,0,0,65535_65535,1,3,251,569,1,1,1,31,569,14,1,1,allocated
407,895,low_traffic,0,0,65535_65535,1,4,251,62,0,1,0,31,0,2,1,1,pre_allocation
407,895,low_traffic,0,0,65535_65535,1,4,251,64,1,1,1,32,64,2,1,1,allocated
407,895,low_traffic,0,0,65535_65535,1,3,251,569,0,1,0,31,0,14,1,1,pre_allocation
407,895,low_traffic,0,0,65535_65535,1,3,251,588,1,1,1,32,588,14,1,1,allocated
407,895,low_traffic,0,0,65535_65535,1,4,251,64,0,1,0,32,0,2,1,1,pre_allocation
407,895,low_traffic,0,0,65535_65535,1,4,251,66,1,1,1,33,66,2,1,1,allocated
407,895,low_traffic,0,0,65535_65535,1,3,251,588,0,1,0,32,0,14,1,1,pre_allocation
407,895,low_traffic,0,0,65535_65535,1,3,251,606,1,1,1,33,606,14,1,1,allocated
407,895,low_traffic,0,0,65535_65535,1,4,251,66,0,1,0,33,0,2,1,1,pre_allocation
407,895,low_traffic,0,0,65535_65535,1,4,251,68,1,1,1,34,68,2,1,1,allocated
407,895,low_traffic,0,0,65535_65535,1,3,251,606,0,1,0,33,0,14,1,1,pre_allocation
407,895,low_traffic,0,0,65535_65535,1,3,251,625,1,1,1,34,625,14,1,1,allocated
407,895,low_traffic,0,0,65535_65535,1,4,251,68,0,1,0,34,0,2,1,1,pre_allocation
407,895,low_traffic,0,0,65535_65535,1,4,251,71,1,1,1,35,71,2,1,1,allocated
407,895,low_traffic,0,0,65535_65535,1,3,251,625,0,1,0,34,0,14,1,1,pre_allocation
407,895,low_traffic,0,0,65535_65535,1,3,251,643,1,1,1,35,643,14,1,1,allocated
407,895,low_traffic,0,0,65535_65535,1,4,251,71,0,1,0,35,0,2,1,1,pre_allocation
407,895,low_traffic,0,0,65535_65535,1,4,251,73,1,1,1,36,73,2,1,1,allocated
407,895,low_traffic,0,0,65535_65535,1,3,251,643,0,1,0,35,0,14,1,1,pre_allocation
407,895,low_traffic,0,0,65535_65535,1,3,251,662,1,1,1,36,662,14,1,1,allocated
407,895,low_traffic,0,0,65535_65535,1,4,251,73,0,1,0,36,0,2,1,1,pre_allocation
407,895,low_traffic,0,0,65535_65535,1,4,251,75,1,1,1,37,75,2,1,1,allocated
407,895,low_traffic,0,0,65535_65535,1,3,251,662,0,1,0,36,0,14,1,1,pre_allocation
407,895,low_traffic,0,0,65535_65535,1,3,251,680,1,1,1,37,680,14,1,1,allocated
407,895,low_traffic,0,0,65535_65535,1,4,251,75,0,1,0,37,0,2,1,1,pre_allocation
407,895,low_traffic,0,0,65535_65535,1,4,251,77,1,1,1,38,77,2,1,1,allocated
407,895,low_traffic,0,0,65535_65535,1,3,251,680,0,1,0,37,0,14,1,1,pre_allocation
407,895,low_traffic,0,0,65535_65535,1,3,251,699,1,1,1,38,699,14,1,1,allocated
407,895,low_traffic,0,0,65535_65535,1,4,251,77,0,1,0,38,0,2,1,1,pre_allocation
407,895,low_traffic,0,0,65535_65535,1,4,251,79,1,1,1,39,79,2,1,1,allocated
407,895,low_traffic,0,0,65535_65535,1,3,251,699,0,1,0,38,0,14,1,1,pre_allocation
407,895,low_traffic,0,0,65535_65535,1,3,251,717,1,1,1,39,717,14,1,1,allocated
407,895,low_traffic,0,0,65535_65535,1,4,251,79,0,1,0,39,0,2,1,1,pre_allocation
407,895,low_traffic,0,0,65535_65535,1,4,251,81,1,1,1,40,81,2,1,1,allocated
407,895,low_traffic,0,0,65535_65535,1,3,251,717,0,1,0,39,0,14,1,1,pre_allocation
407,895,low_traffic,0,0,65535_65535,1,3,251,736,1,1,1,40,736,14,1,1,allocated
407,895,low_traffic,0,0,65535_65535,1,4,251,81,0,1,0,40,0,2,1,1,pre_allocation
407,895,low_traffic,0,0,65535_65535,1,4,251,83,1,1,1,41,83,2,1,1,allocated
407,895,low_traffic,0,0,65535_65535,1,3,251,736,0,1,0,40,0,14,1,1,pre_allocation
407,895,low_traffic,0,0,65535_65535,1,3,251,754,1,1,1,41,754,14,1,1,allocated
407,895,low_traffic,0,0,65535_65535,1,4,251,83,0,1,0,41,0,2,1,1,pre_allocation
407,895,low_traffic,0,0,65535_65535,1,4,251,85,1,1,1,42,85,2,1,1,allocated
407,895,low_traffic,0,0,65535_65535,1,3,251,754,0,1,0,41,0,14,1,1,pre_allocation
407,895,low_traffic,0,0,65535_65535,1,3,251,773,1,1,1,42,773,14,1,1,allocated
407,895,low_traffic,0,0,65535_65535,1,4,251,85,0,1,0,42,0,2,1,1,pre_allocation
407,895,low_traffic,0,0,65535_65535,1,4,251,88,1,1,1,43,88,2,1,1,allocated
407,895,low_traffic,0,0,65535_65535,1,3,251,773,0,1,0,42,0,14,1,1,pre_allocation
407,895,low_traffic,0,0,65535_65535,1,3,251,791,1,1,1,43,791,14,1,1,allocated
407,895,low_traffic,0,0,65535_65535,1,4,251,88,0,1,0,43,0,2,1,1,pre_allocation
407,895,low_traffic,0,0,65535_65535,1,4,251,90,1,1,1,44,90,2,1,1,allocated
407,895,low_traffic,0,0,65535_65535,1,3,251,791,0,1,0,43,0,14,1,1,pre_allocation
407,895,low_traffic,0,0,65535_65535,1,3,251,810,1,1,1,44,810,14,1,1,allocated
407,895,low_traffic,0,0,65535_65535,1,4,251,90,0,1,0,44,0,2,1,1,pre_allocation
407,895,low_traffic,0,0,65535_65535,1,4,251,92,1,1,1,45,92,2,1,1,allocated
407,895,low_traffic,0,0,65535_65535,1,3,251,810,0,1,0,44,0,14,1,1,pre_allocation
407,895,low_traffic,0,0,65535_65535,1,3,251,828,1,1,1,45,828,14,1,1,allocated
407,895,low_traffic,0,0,65535_65535,1,4,251,92,0,1,0,45,0,2,1,1,pre_allocation
407,895,low_traffic,0,0,65535_65535,1,4,251,94,1,1,1,46,94,2,1,1,allocated
407,895,low_traffic,0,0,65535_65535,1,3,251,828,0,1,0,45,0,14,1,1,pre_allocation
407,895,low_traffic,0,0,65535_65535,1,3,251,847,1,1,1,46,847,14,1,1,allocated
407,895,low_traffic,0,0,65535_65535,1,4,251,94,0,1,0,46,0,2,1,1,pre_allocation
407,895,low_traffic,0,0,65535_65535,1,4,251,96,1,1,1,47,96,2,1,1,allocated
407,895,low_traffic,0,0,65535_65535,1,3,251,847,0,1,0,46,0,14,1,1,pre_allocation
407,895,low_traffic,0,0,65535_65535,1,3,251,865,1,1,1,47,865,14,1,1,allocated
407,895,low_traffic,0,0,65535_65535,1,4,251,96,0,1,0,47,0,2,1,1,pre_allocation
407,895,low_traffic,0,0,65535_65535,1,4,251,98,1,1,1,48,98,2,1,1,allocated
407,895,low_traffic,0,0,65535_65535,1,3,251,865,0,1,0,47,0,14,1,1,pre_allocation
407,895,low_traffic,0,0,65535_65535,1,3,251,884,1,1,1,48,884,14,1,1,allocated
407,895,low_traffic,0,0,65535_65535,1,4,251,98,0,1,0,48,0,2,1,1,pre_allocation
407,895,low_traffic,0,0,65535_65535,1,4,251,100,1,1,1,49,100,2,1,1,allocated
407,895,low_traffic,0,0,65535_65535,1,3,251,884,0,1,0,48,0,14,1,1,pre_allocation
407,895,low_traffic,0,0,65535_65535,1,3,251,902,1,1,1,49,902,14,1,1,allocated
407,895,low_traffic,0,0,65535_65535,1,4,251,100,0,1,0,49,0,2,1,1,pre_allocation
407,895,low_traffic,0,0,65535_65535,1,4,251,102,1,1,1,50,102,2,1,1,allocated
407,895,low_traffic,0,0,65535_65535,1,3,251,902,0,1,0,49,0,14,1,1,pre_allocation
407,895,low_traffic,0,0,65535_65535,1,3,251,921,1,1,1,50,921,14,1,1,allocated
407,895,low_traffic,0,0,65535_65535,1,4,251,102,0,1,0,50,0,2,1,1,pre_allocation
407,895,low_traffic,0,0,65535_65535,1,4,251,104,1,1,1,51,104,2,1,1,allocated
407,895,low_traffic,0,0,65535_65535,1,3,251,921,0,1,0,50,0,14,1,1,pre_allocation
407,895,low_traffic,0,0,65535_65535,1,3,251,939,1,1,1,51,939,14,1,1,allocated
407,895,low_traffic,0,0,65535_65535,1,4,251,104,0,1,0,51,0,2,1,1,pre_allocation
407,895,low_traffic,0,0,65535_65535,1,4,251,107,1,1,1,52,107,2,1,1,allocated
407,895,low_traffic,0,0,65535_65535,1,3,251,939,0,1,0,51,0,14,1,1,pre_allocation
407,895,low_traffic,0,0,65535_65535,1,3,251,957,1,1,1,52,957,14,1,1,allocated
407,895,low_traffic,0,0,65535_65535,1,4,251,107,0,1,0,52,0,2,1,1,pre_allocation
407,895,low_traffic,0,0,65535_65535,1,4,251,109,1,1,1,53,109,2,1,1,allocated
407,895,low_traffic,0,0,65535_65535,1,3,251,957,0,1,0,52,0,14,1,1,pre_allocation
407,895,low_traffic,0,0,65535_65535,1,3,251,976,1,1,1,53,976,14,1,1,allocated
407,895,low_traffic,0,0,65535_65535,1,4,251,109,0,1,0,53,0,2,1,1,pre_allocation
407,895,low_traffic,0,0,65535_65535,1,4,251,111,1,1,1,54,111,2,1,1,allocated
407,895,low_traffic,0,0,65535_65535,1,3,251,976,0,1,0,53,0,14,1,1,pre_allocation
407,895,low_traffic,0,0,65535_65535,1,3,251,994,1,1,1,54,994,14,1,1,allocated
407,895,low_traffic,0,0,65535_65535,1,4,251,111,0,1,0,54,0,2,1,1,pre_allocation
407,895,low_traffic,0,0,65535_65535,1,4,251,113,1,1,1,55,113,2,1,1,allocated
407,895,low_traffic,0,0,65535_65535,1,3,251,994,0,1,0,54,0,14,1,1,pre_allocation
407,895,low_traffic,0,0,65535_65535,1,3,251,1013,1,1,1,55,1013,14,1,1,allocated
407,895,low_traffic,0,0,65535_65535,1,4,251,113,0,1,0,55,0,2,1,1,pre_allocation
407,895,low_traffic,0,0,65535_65535,1,4,251,115,1,1,1,56,115,2,1,1,allocated
407,895,low_traffic,0,0,65535_65535,1,3,251,1013,0,1,0,55,0,14,1,1,pre_allocation
407,895,low_traffic,0,0,65535_65535,1,3,251,1031,1,1,1,56,1031,14,1,1,allocated
407,895,low_traffic,0,0,65535_65535,1,4,251,115,0,1,0,56,0,2,1,1,pre_allocation
407,895,low_traffic,0,0,65535_65535,1,4,251,117,1,1,1,57,117,2,1,1,allocated
407,895,low_traffic,0,0,65535_65535,1,3,251,1031,0,1,0,56,0,14,1,1,pre_allocation
407,895,low_traffic,0,0,65535_65535,1,3,251,1050,1,1,1,57,1050,14,1,1,allocated
407,895,low_traffic,0,0,65535_65535,1,4,251,117,0,1,0,57,0,2,1,1,pre_allocation
407,895,low_traffic,0,0,65535_65535,1,4,251,119,1,1,1,58,119,2,1,1,allocated
407,895,low_traffic,0,0,65535_65535,1,3,251,1050,0,1,0,57,0,14,1,1,pre_allocation
407,895,low_traffic,0,0,65535_65535,1,3,251,1068,1,1,1,58,1068,14,1,1,allocated
407,895,low_traffic,0,0,65535_65535,1,4,251,119,0,1,0,58,0,2,1,1,pre_allocation
407,895,low_traffic,0,0,65535_65535,1,4,251,121,1,1,1,59,121,2,1,1,allocated
407,895,low_traffic,0,0,65535_65535,1,3,251,1068,0,1,0,58,0,14,1,1,pre_allocation
407,895,low_traffic,0,0,65535_65535,1,3,251,1087,1,1,1,59,1087,14,1,1,allocated
407,895,low_traffic,0,0,65535_65535,1,4,251,121,0,1,0,59,0,2,1,1,pre_allocation
407,895,low_traffic,0,0,65535_65535,1,4,251,124,1,1,1,60,124,2,1,1,allocated
407,895,low_traffic,0,0,65535_65535,1,3,251,1087,0,1,0,59,0,14,1,1,pre_allocation
407,895,low_traffic,0,0,65535_65535,1,3,251,1105,1,1,1,60,1105,14,1,1,allocated
407,895,low_traffic,0,0,65535_65535,2,10,137,0,0,1,0,0,0,15,1,1,pre_allocation
407,895,low_traffic,0,0,65535_65535,2,10,137,17,1,1,1,1,17,15,1,1,allocated
407,895,low_traffic,0,0,65535_65535,2,9,137,0,0,1,0,0,0,28,1,1,pre_allocation
407,895,low_traffic,0,0,65535_65535,2,9,137,50,1,1,1,1,50,28,1,1,allocated
407,895,low_traffic,0,0,65535_65535,2,8,137,0,0,1,0,0,0,28,1,1,pre_allocation
407,895,low_traffic,0,0,65535_65535,2,8,137,50,1,1,1,1,50,28,1,1,allocated
407,895,low_traffic,0,0,65535_65535,2,6,137,0,0,1,0,0,0,28,1,1,pre_allocation
407,895,low_traffic,0,0,65535_65535,2,6,137,50,1,1,1,1,50,28,1,1,allocated
407,895,low_traffic,0,0,65535_65535,2,10,137,17,0,1,0,1,0,15,1,1,pre_allocation
407,895,low_traffic,0,0,65535_65535,2,10,137,38,1,1,1,2,38,15,1,1,allocated
407,895,low_traffic,0,0,65535_65535,2,9,137,50,0,1,0,1,0,28,1,1,pre_allocation
407,895,low_traffic,0,0,65535_65535,2,9,137,103,1,1,1,2,103,28,1,1,allocated
407,895,low_traffic,0,0,65535_65535,2,8,137,50,0,1,0,1,0,28,1,1,pre_allocation
407,895,low_traffic,0,0,65535_65535,2,8,137,103,1,1,1,2,103,28,1,1,allocated
407,895,low_traffic,0,0,65535_65535,2,6,137,50,0,1,0,1,0,28,1,1,pre_allocation
407,895,low_traffic,0,0,65535_65535,2,6,137,103,1,1,1,2,103,28,1,1,allocated
407,895,low_traffic,0,0,65535_65535,2,10,137,38,0,1,0,2,0,15,1,1,pre_allocation
407,895,low_traffic,0,0,65535_65535,2,10,137,59,1,1,1,3,59,15,1,1,allocated
407,895,low_traffic,0,0,65535_65535,2,9,137,103,0,1,0,2,0,28,1,1,pre_allocation
407,895,low_traffic,0,0,65535_65535,2,9,137,156,1,1,1,3,156,28,1,1,allocated
407,895,low_traffic,0,0,65535_65535,2,8,137,103,0,1,0,2,0,28,1,1,pre_allocation
407,895,low_traffic,0,0,65535_65535,2,8,137,156,1,1,1,3,156,28,1,1,allocated
407,895,low_traffic,0,0,65535_65535,2,6,137,103,0,1,0,2,0,28,1,1,pre_allocation
407,895,low_traffic,0,0,65535_65535,2,6,137,156,1,1,1,3,156,28,1,1,allocated
407,895,low_traffic,0,0,65535_65535,2,10,137,59,0,1,0,3,0,15,1,1,pre_allocation
407,895,low_traffic,0,0,65535_65535,2,10,137,80,1,1,1,4,80,15,1,1,allocated
407,895,low_traffic,0,0,65535_65535,2,9,137,156,0,1,0,3,0,28,1,1,pre_allocation
407,895,low_traffic,0,0,65535_65535,2,9,137,209,1,1,1,4,209,28,1,1,allocated
407,895,low_traffic,0,0,65535_65535,2,8,137,156,0,1,0,3,0,28,1,1,pre_allocation
407,895,low_traffic,0,0,65535_65535,2,8,137,209,1,1,1,4,209,28,1,1,allocated
407,895,low_traffic,0,0,65535_65535,2,6,137,156,0,1,0,3,0,28,1,1,pre_allocation
407,895,low_traffic,0,0,65535_65535,2,6,137,209,1,1,1,4,209,28,1,1,allocated
407,895,low_traffic,0,0,65535_65535,2,10,137,80,0,1,0,4,0,15,1,1,pre_allocation
407,895,low_traffic,0,0,65535_65535,2,10,137,100,1,1,1,5,100,15,1,1,allocated
407,895,low_traffic,0,0,65535_65535,2,9,137,209,0,1,0,4,0,28,1,1,pre_allocation
407,895,low_traffic,0,0,65535_65535,2,9,137,262,1,1,1,5,262,28,1,1,allocated
407,895,low_traffic,0,0,65535_65535,2,8,137,209,0,1,0,4,0,28,1,1,pre_allocation
407,895,low_traffic,0,0,65535_65535,2,8,137,262,1,1,1,5,262,28,1,1,allocated
407,895,low_traffic,0,0,65535_65535,2,6,137,209,0,1,0,4,0,28,1,1,pre_allocation
407,895,low_traffic,0,0,65535_65535,2,6,137,262,1,1,1,5,262,28,1,1,allocated
407,895,low_traffic,0,0,65535_65535,2,10,137,100,0,1,0,5,0,15,1,1,pre_allocation
407,895,low_traffic,0,0,65535_65535,2,10,137,121,1,1,1,6,121,15,1,1,allocated
407,895,low_traffic,0,0,65535_65535,2,9,137,262,0,1,0,5,0,28,1,1,pre_allocation
407,895,low_traffic,0,0,65535_65535,2,9,137,315,1,1,1,6,315,28,1,1,allocated
407,895,low_traffic,0,0,65535_65535,2,8,137,262,0,1,0,5,0,28,1,1,pre_allocation
407,895,low_traffic,0,0,65535_65535,2,8,137,315,1,1,1,6,315,28,1,1,allocated
407,895,low_traffic,0,0,65535_65535,2,6,137,262,0,1,0,5,0,28,1,1,pre_allocation
407,895,low_traffic,0,0,65535_65535,2,6,137,315,1,1,1,6,315,28,1,1,allocated
407,895,low_traffic,0,0,65535_65535,2,10,137,121,0,1,0,6,0,15,1,1,pre_allocation
407,895,low_traffic,0,0,65535_65535,2,10,137,142,1,1,1,7,142,15,1,1,allocated
407,895,low_traffic,0,0,65535_65535,2,9,137,315,0,1,0,6,0,28,1,1,pre_allocation
407,895,low_traffic,0,0,65535_65535,2,9,137,368,1,1,1,7,368,28,1,1,allocated
407,895,low_traffic,0,0,65535_65535,2,8,137,315,0,1,0,6,0,28,1,1,pre_allocation
407,895,low_traffic,0,0,65535_65535,2,8,137,368,1,1,1,7,368,28,1,1,allocated
407,895,low_traffic,0,0,65535_65535,2,6,137,315,0,1,0,6,0,28,1,1,pre_allocation
407,895,low_traffic,0,0,65535_65535,2,6,137,368,1,1,1,7,368,28,1,1,allocated
407,895,low_traffic,0,0,65535_65535,2,10,137,142,0,1,0,7,0,15,1,1,pre_allocation
407,895,low_traffic,0,0,65535_65535,2,10,137,163,1,1,1,8,163,15,1,1,allocated
407,895,low_traffic,0,0,65535_65535,2,9,137,368,0,1,0,7,0,28,1,1,pre_allocation
407,895,low_traffic,0,0,65535_65535,2,9,137,422,1,1,1,8,422,28,1,1,allocated
407,895,low_traffic,0,0,65535_65535,2,8,137,368,0,1,0,7,0,28,1,1,pre_allocation
407,895,low_traffic,0,0,65535_65535,2,8,137,422,1,1,1,8,422,28,1,1,allocated
407,895,low_traffic,0,0,65535_65535,2,6,137,368,0,1,0,7,0,28,1,1,pre_allocation
407,895,low_traffic,0,0,65535_65535,2,6,137,422,1,1,1,8,422,28,1,1,allocated
407,895,low_traffic,0,0,65535_65535,2,10,137,163,0,1,0,8,0,15,1,1,pre_allocation
407,895,low_traffic,0,0,65535_65535,2,10,137,184,1,1,1,9,184,15,1,1,allocated
407,895,low_traffic,0,0,65535_65535,2,9,137,422,0,1,0,8,0,28,1,1,pre_allocation
407,895,low_traffic,0,0,65535_65535,2,9,137,475,1,1,1,9,475,28,1,1,allocated
407,895,low_traffic,0,0,65535_65535,2,8,137,422,0,1,0,8,0,28,1,1,pre_allocation
407,895,low_traffic,0,0,65535_65535,2,8,137,475,1,1,1,9,475,28,1,1,allocated
407,895,low_traffic,0,0,65535_65535,2,6,137,422,0,1,0,8,0,28,1,1,pre_allocation
407,895,low_traffic,0,0,65535_65535,2,6,137,475,1,1,1,9,475,28,1,1,allocated
407,895,low_traffic,0,0,65535_65535,2,10,137,184,0,1,0,9,0,15,1,1,pre_allocation
407,895,low_traffic,0,0,65535_65535,2,10,137,204,1,1,1,10,204,15,1,1,allocated
407,895,low_traffic,0,0,65535_65535,2,9,137,475,0,1,0,9,0,28,1,1,pre_allocation
407,895,low_traffic,0,0,65535_65535,2,9,137,528,1,1,1,10,528,28,1,1,allocated
407,895,low_traffic,0,0,65535_65535,2,8,137,475,0,1,0,9,0,28,1,1,pre_allocation
407,895,low_traffic,0,0,65535_65535,2,8,137,528,1,1,1,10,528,28,1,1,allocated
407,895,low_traffic,0,0,65535_65535,2,6,137,475,0,1,0,9,0,28,1,1,pre_allocation
407,895,low_traffic,0,0,65535_65535,2,6,137,528,1,1,1,10,528,28,1,1,allocated
407,895,low_traffic,0,0,65535_65535,2,10,137,204,0,1,0,10,0,15,1,1,pre_allocation
407,895,low_traffic,0,0,65535_65535,2,10,137,225,1,1,1,11,225,15,1,1,allocated
407,895,low_traffic,0,0,65535_65535,2,9,137,528,0,1,0,10,0,28,1,1,pre_allocation
407,895,low_traffic,0,0,65535_65535,2,9,137,581,1,1,1,11,581,28,1,1,allocated
407,895,low_traffic,0,0,65535_65535,2,8,137,528,0,1,0,10,0,28,1,1,pre_allocation
407,895,low_traffic,0,0,65535_65535,2,8,137,581,1,1,1,11,581,28,1,1,allocated
407,895,low_traffic,0,0,65535_65535,2,6,137,528,0,1,0,10,0,28,1,1,pre_allocation
407,895,low_traffic,0,0,65535_65535,2,6,137,581,1,1,1,11,581,28,1,1,allocated
407,895,low_traffic,0,0,65535_65535,2,10,137,225,0,1,0,11,0,15,1,1,pre_allocation
407,895,low_traffic,0,0,65535_65535,2,10,137,246,1,1,1,12,246,15,1,1,allocated
407,895,low_traffic,0,0,65535_65535,2,9,137,581,0,1,0,11,0,28,1,1,pre_allocation
407,895,low_traffic,0,0,65535_65535,2,9,137,634,1,1,1,12,634,28,1,1,allocated
407,895,low_traffic,0,0,65535_65535,2,8,137,581,0,1,0,11,0,28,1,1,pre_allocation
407,895,low_traffic,0,0,65535_65535,2,8,137,634,1,1,1,12,634,28,1,1,allocated
407,895,low_traffic,0,0,65535_65535,2,6,137,581,0,1,0,11,0,28,1,1,pre_allocation
407,895,low_traffic,0,0,65535_65535,2,6,137,634,1,1,1,12,634,28,1,1,allocated
407,895,low_traffic,0,0,65535_65535,2,10,137,246,0,1,0,12,0,15,1,1,pre_allocation
407,895,low_traffic,0,0,65535_65535,2,10,137,267,1,1,1,13,267,15,1,1,allocated
407,895,low_traffic,0,0,65535_65535,2,9,137,634,0,1,0,12,0,28,1,1,pre_allocation
407,895,low_traffic,0,0,65535_65535,2,9,137,687,1,1,1,13,687,28,1,1,allocated
407,895,low_traffic,0,0,65535_65535,2,8,137,634,0,1,0,12,0,28,1,1,pre_allocation
407,895,low_traffic,0,0,65535_65535,2,8,137,687,1,1,1,13,687,28,1,1,allocated
407,895,low_traffic,0,0,65535_65535,2,6,137,634,0,1,0,12,0,28,1,1,pre_allocation
407,895,low_traffic,0,0,65535_65535,2,6,137,687,1,1,1,13,687,28,1,1,allocated
407,895,low_traffic,0,0,65535_65535,2,10,137,267,0,1,0,13,0,15,1,1,pre_allocation
407,895,low_traffic,0,0,65535_65535,2,10,137,288,1,1,1,14,288,15,1,1,allocated
407,895,low_traffic,0,0,65535_65535,2,9,137,687,0,1,0,13,0,28,1,1,pre_allocation
407,895,low_traffic,0,0,65535_65535,2,9,137,740,1,1,1,14,740,28,1,1,allocated
407,895,low_traffic,0,0,65535_65535,2,8,137,687,0,1,0,13,0,28,1,1,pre_allocation
407,895,low_traffic,0,0,65535_65535,2,8,137,740,1,1,1,14,740,28,1,1,allocated
407,895,low_traffic,0,0,65535_65535,2,6,137,687,0,1,0,13,0,28,1,1,pre_allocation
407,895,low_traffic,0,0,65535_65535,2,6,137,740,1,1,1,14,740,28,1,1,allocated
407,895,low_traffic,0,0,65535_65535,2,10,137,288,0,1,0,14,0,15,1,1,pre_allocation
407,895,low_traffic,0,0,65535_65535,2,10,137,308,1,1,1,15,308,15,1,1,allocated
407,895,low_traffic,0,0,65535_65535,2,9,137,740,0,1,0,14,0,28,1,1,pre_allocation
407,895,low_traffic,0,0,65535_65535,2,9,137,793,1,1,1,15,793,28,1,1,allocated
407,895,low_traffic,0,0,65535_65535,2,8,137,740,0,1,0,14,0,28,1,1,pre_allocation
407,895,low_traffic,0,0,65535_65535,2,8,137,793,1,1,1,15,793,28,1,1,allocated
407,895,low_traffic,0,0,65535_65535,2,6,137,740,0,1,0,14,0,28,1,1,pre_allocation
407,895,low_traffic,0,0,65535_65535,2,6,137,793,1,1,1,15,793,28,1,1,allocated
407,895,low_traffic,0,0,65535_65535,2,10,137,308,0,1,0,15,0,15,1,1,pre_allocation
407,895,low_traffic,0,0,65535_65535,2,10,137,329,1,1,1,16,329,15,1,1,allocated
407,895,low_traffic,0,0,65535_65535,2,9,137,793,0,1,0,15,0,28,1,1,pre_allocation
407,895,low_traffic,0,0,65535_65535,2,9,137,847,1,1,1,16,847,28,1,1,allocated
407,895,low_traffic,0,0,65535_65535,2,8,137,793,0,1,0,15,0,28,1,1,pre_allocation
407,895,low_traffic,0,0,65535_65535,2,8,137,847,1,1,1,16,847,28,1,1,allocated
407,895,low_traffic,0,0,65535_65535,2,6,137,793,0,1,0,15,0,28,1,1,pre_allocation
407,895,low_traffic,0,0,65535_65535,2,6,137,847,1,1,1,16,847,28,1,1,allocated
407,895,low_traffic,0,0,65535_65535,2,10,137,329,0,1,0,16,0,15,1,1,pre_allocation
407,895,low_traffic,0,0,65535_65535,2,10,137,350,1,1,1,17,350,15,1,1,allocated
407,895,low_traffic,0,0,65535_65535,2,9,137,847,0,1,0,16,0,28,1,1,pre_allocation
407,895,low_traffic,0,0,65535_65535,2,9,137,900,1,1,1,17,900,28,1,1,allocated
407,895,low_traffic,0,0,65535_65535,2,8,137,847,0,1,0,16,0,28,1,1,pre_allocation
407,895,low_traffic,0,0,65535_65535,2,8,137,900,1,1,1,17,900,28,1,1,allocated
407,895,low_traffic,0,0,65535_65535,2,6,137,847,0,1,0,16,0,28,1,1,pre_allocation
407,895,low_traffic,0,0,65535_65535,2,6,137,900,1,1,1,17,900,28,1,1,allocated
407,895,low_traffic,0,0,65535_65535,2,10,137,350,0,1,0,17,0,15,1,1,pre_allocation
407,895,low_traffic,0,0,65535_65535,2,10,137,371,1,1,1,18,371,15,1,1,allocated
407,895,low_traffic,0,0,65535_65535,2,9,137,900,0,1,0,17,0,28,1,1,pre_allocation
407,895,low_traffic,0,0,65535_65535,2,9,137,953,1,1,1,18,953,28,1,1,allocated
407,895,low_traffic,0,0,65535_65535,2,8,137,900,0,1,0,17,0,28,1,1,pre_allocation
407,895,low_traffic,0,0,65535_65535,2,8,137,953,1,1,1,18,953,28,1,1,allocated
407,895,low_traffic,0,0,65535_65535,2,6,137,900,0,1,0,17,0,28,1,1,pre_allocation
407,895,low_traffic,0,0,65535_65535,2,6,137,953,1,1,1,18,953,28,1,1,allocated
407,895,low_traffic,0,0,65535_65535,2,10,137,371,0,1,0,18,0,15,1,1,pre_allocation
407,895,low_traffic,0,0,65535_65535,2,10,137,392,1,1,1,19,392,15,1,1,allocated
407,895,low_traffic,0,0,65535_65535,2,9,137,953,0,1,0,18,0,28,1,1,pre_allocation
407,895,low_traffic,0,0,65535_65535,2,9,137,1006,1,1,1,19,1006,28,1,1,allocated
407,895,low_traffic,0,0,65535_65535,2,8,137,953,0,1,0,18,0,28,1,1,pre_allocation
407,895,low_traffic,0,0,65535_65535,2,8,137,1006,1,1,1,19,1006,28,1,1,allocated
407,895,low_traffic,0,0,65535_65535,2,6,137,953,0,1,0,18,0,28,1,1,pre_allocation
407,895,low_traffic,0,0,65535_65535,2,6,137,1006,1,1,1,19,1006,28,1,1,allocated
407,895,low_traffic,0,0,65535_65535,2,10,137,392,0,1,0,19,0,15,1,1,pre_allocation
407,895,low_traffic,0,0,65535_65535,2,10,137,412,1,1,1,20,412,15,1,1,allocated
407,895,low_traffic,0,0,65535_65535,2,9,137,1006,0,1,0,19,0,28,1,1,pre_allocation
407,895,low_traffic,0,0,65535_65535,2,9,137,1059,1,1,1,20,1059,28,1,1,allocated
407,895,low_traffic,0,0,65535_65535,2,8,137,1006,0,1,0,19,0,28,1,1,pre_allocation
407,895,low_traffic,0,0,65535_65535,2,8,137,1059,1,1,1,20,1059,28,1,1,allocated
407,895,low_traffic,0,0,65535_65535,2,6,137,1006,0,1,0,19,0,28,1,1,pre_allocation
407,895,low_traffic,0,0,65535_65535,2,6,137,1059,1,1,1,20,1059,28,1,1,allocated
407,895,low_traffic,0,0,65535_65535,2,10,137,412,0,1,0,20,0,15,1,1,pre_allocation
407,895,low_traffic,0,0,65535_65535,2,10,137,433,1,1,1,21,433,15,1,1,allocated
407,895,low_traffic,0,0,65535_65535,2,9,137,1059,0,1,0,20,0,28,1,1,pre_allocation
407,895,low_traffic,0,0,65535_65535,2,9,137,1112,1,1,1,21,1112,28,1,1,allocated
407,895,low_traffic,0,0,65535_65535,2,8,137,1059,0,1,0,20,0,28,1,1,pre_allocation
407,895,low_traffic,0,0,65535_65535,2,8,137,1112,1,1,1,21,1112,28,1,1,allocated
407,895,low_traffic,0,0,65535_65535,2,6,137,1059,0,1,0,20,0,28,1,1,pre_allocation
407,895,low_traffic,0,0,65535_65535,2,6,137,1112,1,1,1,21,1112,28,1,1,allocated
407,895,low_traffic,0,0,65535_65535,2,10,137,433,0,1,0,21,0,15,1,1,pre_allocation
407,895,low_traffic,0,0,65535_65535,2,10,137,454,1,1,1,22,454,15,1,1,allocated
407,895,low_traffic,0,0,65535_65535,2,9,137,1112,0,1,0,21,0,28,1,1,pre_allocation
407,895,low_traffic,0,0,65535_65535,2,9,137,1165,1,1,1,22,1165,28,1,1,allocated
407,895,low_traffic,0,0,65535_65535,2,8,137,1112,0,1,0,21,0,28,1,1,pre_allocation
407,895,low_traffic,0,0,65535_65535,2,8,137,1165,1,1,1,22,1165,28,1,1,allocated
407,895,low_traffic,0,0,65535_65535,2,6,137,1112,0,1,0,21,0,28,1,1,pre_allocation
407,895,low_traffic,0,0,65535_65535,2,6,137,1165,1,1,1,22,1165,28,1,1,allocated
407,895,low_traffic,0,0,65535_65535,2,10,137,454,0,1,0,22,0,15,1,1,pre_allocation
407,895,low_traffic,0,0,65535_65535,2,10,137,475,1,1,1,23,475,15,1,1,allocated
519,993,low_traffic,0,0,65535_65535,0,2,994498,0,0,1,0,0,0,14,1,1,pre_allocation
519,993,low_traffic,0,0,65535_65535,0,2,994498,12,1,1,1,1,12,14,1,1,allocated
519,993,low_traffic,0,0,65535_65535,0,2,994498,12,0,1,0,1,0,14,1,1,pre_allocation
519,993,low_traffic,0,0,65535_65535,0,2,994498,28,1,1,1,2,28,14,1,1,allocated
519,993,low_traffic,0,0,65535_65535,0,2,994498,28,0,1,0,2,0,14,1,1,pre_allocation
519,993,low_traffic,0,0,65535_65535,0,2,994498,44,1,1,1,3,44,14,1,1,allocated
519,993,low_traffic,0,0,65535_65535,0,2,994498,44,0,1,0,3,0,14,1,1,pre_allocation
519,993,low_traffic,0,0,65535_65535,0,2,994498,60,1,1,1,4,60,14,1,1,allocated
519,993,low_traffic,0,0,65535_65535,0,2,994498,60,0,1,0,4,0,14,1,1,pre_allocation
519,993,low_traffic,0,0,65535_65535,0,2,994498,76,1,1,1,5,76,14,1,1,allocated
519,993,low_traffic,0,0,65535_65535,0,2,994498,76,0,1,0,5,0,14,1,1,pre_allocation
519,993,low_traffic,0,0,65535_65535,0,2,994498,92,1,1,1,6,92,14,1,1,allocated
519,993,low_traffic,0,0,65535_65535,0,2,994498,92,0,1,0,6,0,14,1,1,pre_allocation
519,993,low_traffic,0,0,65535_65535,0,2,994498,107,1,1,1,7,107,14,1,1,allocated
519,993,low_traffic,0,0,65535_65535,0,2,994498,107,0,1,0,7,0,14,1,1,pre_allocation
519,993,low_traffic,0,0,65535_65535,0,2,994498,123,1,1,1,8,123,14,1,1,allocated
519,993,low_traffic,0,0,65535_65535,0,2,994498,123,0,1,0,8,0,14,1,1,pre_allocation
519,993,low_traffic,0,0,65535_65535,0,2,994498,139,1,1,1,9,139,14,1,1,allocated
519,993,low_traffic,0,0,65535_65535,0,2,994498,139,0,1,0,9,0,14,1,1,pre_allocation
519,993,low_traffic,0,0,65535_65535,0,2,994498,155,1,1,1,10,155,14,1,1,allocated
519,993,low_traffic,0,0,65535_65535,0,2,994498,155,0,1,0,10,0,14,1,1,pre_allocation
519,993,low_traffic,0,0,65535_65535,0,2,994498,171,1,1,1,11,171,14,1,1,allocated
519,993,low_traffic,0,0,65535_65535,0,2,994498,171,0,1,0,11,0,14,1,1,pre_allocation
519,993,low_traffic,0,0,65535_65535,0,2,994498,187,1,1,1,12,187,14,1,1,allocated
519,993,low_traffic,0,0,65535_65535,0,2,994498,187,0,1,0,12,0,14,1,1,pre_allocation
519,993,low_traffic,0,0,65535_65535,0,2,994498,202,1,1,1,13,202,14,1,1,allocated
519,993,low_traffic,0,0,65535_65535,0,2,994498,202,0,1,0,13,0,14,1,1,pre_allocation
519,993,low_traffic,0,0,65535_65535,0,2,994498,218,1,1,1,14,218,14,1,1,allocated
519,993,low_traffic,0,0,65535_65535,0,2,994498,218,0,1,0,14,0,14,1,1,pre_allocation
519,993,low_traffic,0,0,65535_65535,0,2,994498,234,1,1,1,15,234,14,1,1,allocated
519,993,low_traffic,0,0,65535_65535,0,2,994498,234,0,1,0,15,0,14,1,1,pre_allocation
519,993,low_traffic,0,0,65535_65535,0,2,994498,250,1,1,1,16,250,14,1,1,allocated
519,993,low_traffic,0,0,65535_65535,0,2,994498,250,0,1,0,16,0,14,1,1,pre_allocation
519,993,low_traffic,0,0,65535_65535,0,2,994498,266,1,1,1,17,266,14,1,1,allocated
519,993,low_traffic,0,0,65535_65535,0,2,994498,266,0,1,0,17,0,14,1,1,pre_allocation
519,993,low_traffic,0,0,65535_65535,0,2,994498,282,1,1,1,18,282,14,1,1,allocated
519,993,low_traffic,0,0,65535_65535,0,2,994498,282,0,1,0,18,0,14,1,1,pre_allocation
519,993,low_traffic,0,0,65535_65535,0,2,994498,297,1,1,1,19,297,14,1,1,allocated
519,993,low_traffic,0,0,65535_65535,0,2,994498,297,0,1,0,19,0,14,1,1,pre_allocation
519,993,low_traffic,0,0,65535_65535,0,2,994498,313,1,1,1,20,313,14,1,1,allocated
519,993,low_traffic,0,0,65535_65535,0,2,994498,313,0,1,0,20,0,14,1,1,pre_allocation
519,993,low_traffic,0,0,65535_65535,0,2,994498,329,1,1,1,21,329,14,1,1,allocated
519,993,low_traffic,0,0,65535_65535,0,2,994498,329,0,1,0,21,0,14,1,1,pre_allocation
519,993,low_traffic,0,0,65535_65535,0,2,994498,345,1,1,1,22,345,14,1,1,allocated
519,993,low_traffic,0,0,65535_65535,0,2,994498,345,0,1,0,22,0,14,1,1,pre_allocation
519,993,low_traffic,0,0,65535_65535,0,2,994498,361,1,1,1,23,361,14,1,1,allocated
519,993,low_traffic,0,0,65535_65535,0,2,994498,361,0,1,0,23,0,14,1,1,pre_allocation
519,993,low_traffic,0,0,65535_65535,0,2,994498,377,1,1,1,24,377,14,1,1,allocated
519,993,low_traffic,0,0,65535_65535,0,2,994498,377,0,1,0,24,0,14,1,1,pre_allocation
519,993,low_traffic,0,0,65535_65535,0,2,994498,393,1,1,1,25,393,14,1,1,allocated
519,993,low_traffic,0,0,65535_65535,0,2,994498,393,0,1,0,25,0,14,1,1,pre_allocation
519,993,low_traffic,0,0,65535_65535,0,2,994498,408,1,1,1,26,408,14,1,1,allocated
519,993,low_traffic,0,0,65535_65535,0,2,994498,408,0,1,0,26,0,14,1,1,pre_allocation
519,993,low_traffic,0,0,65535_65535,0,2,994498,424,1,1,1,27,424,14,1,1,allocated
519,993,low_traffic,0,0,65535_65535,0,2,994498,424,0,1,0,27,0,14,1,1,pre_allocation
519,993,low_traffic,0,0,65535_65535,0,2,994498,440,1,1,1,28,440,14,1,1,allocated
519,993,low_traffic,0,0,65535_65535,0,2,994498,440,0,1,0,28,0,14,1,1,pre_allocation
519,993,low_traffic,0,0,65535_65535,0,2,994498,456,1,1,1,29,456,14,1,1,allocated
519,993,low_traffic,0,0,65535_65535,0,2,994498,456,0,1,0,29,0,14,1,1,pre_allocation
519,993,low_traffic,0,0,65535_65535,0,2,994498,472,1,1,1,30,472,14,1,1,allocated
519,993,low_traffic,0,0,65535_65535,0,2,994498,472,0,1,0,30,0,14,1,1,pre_allocation
519,993,low_traffic,0,0,65535_65535,0,2,994498,488,1,1,1,31,488,14,1,1,allocated
519,993,low_traffic,0,0,65535_65535,0,2,994498,488,0,1,0,31,0,14,1,1,pre_allocation
519,993,low_traffic,0,0,65535_65535,0,2,994498,503,1,1,1,32,503,14,1,1,allocated
519,993,low_traffic,0,0,65535_65535,0,2,994498,503,0,1,0,32,0,14,1,1,pre_allocation
519,993,low_traffic,0,0,65535_65535,0,2,994498,519,1,1,1,33,519,14,1,1,allocated
519,993,low_traffic,0,0,65535_65535,0,2,994498,519,0,1,0,33,0,14,1,1,pre_allocation
519,993,low_traffic,0,0,65535_65535,0,2,994498,535,1,1,1,34,535,14,1,1,allocated
519,993,low_traffic,0,0,65535_65535,0,2,994498,535,0,1,0,34,0,14,1,1,pre_allocation
519,993,low_traffic,0,0,65535_65535,0,2,994498,551,1,1,1,35,551,14,1,1,allocated
519,993,low_traffic,0,0,65535_65535,0,2,994498,551,0,1,0,35,0,14,1,1,pre_allocation
519,993,low_traffic,0,0,65535_65535,0,2,994498,567,1,1,1,36,567,14,1,1,allocated
519,993,low_traffic,0,0,65535_65535,0,2,994498,567,0,1,0,36,0,14,1,1,pre_allocation
519,993,low_traffic,0,0,65535_65535,0,2,994498,583,1,1,1,37,583,14,1,1,allocated
519,993,low_traffic,0,0,65535_65535,0,2,994498,583,0,1,0,37,0,14,1,1,pre_allocation
519,993,low_traffic,0,0,65535_65535,0,2,994498,598,1,1,1,38,598,14,1,1,allocated
519,993,low_traffic,0,0,65535_65535,0,2,994498,598,0,1,0,38,0,14,1,1,pre_allocation
519,993,low_traffic,0,0,65535_65535,0,2,994498,614,1,1,1,39,614,14,1,1,allocated
519,993,low_traffic,0,0,65535_65535,0,2,994498,614,0,1,0,39,0,14,1,1,pre_allocation
519,993,low_traffic,0,0,65535_65535,0,2,994498,630,1,1,1,40,630,14,1,1,allocated
519,993,low_traffic,0,0,65535_65535,0,2,994498,630,0,1,0,40,0,14,1,1,pre_allocation
519,993,low_traffic,0,0,65535_65535,0,2,994498,646,1,1,1,41,646,14,1,1,allocated
519,993,low_traffic,0,0,65535_65535,0,2,994498,646,0,1,0,41,0,14,1,1,pre_allocation
519,993,low_traffic,0,0,65535_65535,0,2,994498,662,1,1,1,42,662,14,1,1,allocated
519,993,low_traffic,0,0,65535_65535,0,2,994498,662,0,1,0,42,0,14,1,1,pre_allocation
519,993,low_traffic,0,0,65535_65535,0,2,994498,678,1,1,1,43,678,14,1,1,allocated
519,993,low_traffic,0,0,65535_65535,0,2,994498,678,0,1,0,43,0,14,1,1,pre_allocation
519,993,low_traffic,0,0,65535_65535,0,2,994498,693,1,1,1,44,693,14,1,1,allocated
519,993,low_traffic,0,0,65535_65535,0,2,994498,693,0,1,0,44,0,14,1,1,pre_allocation
519,993,low_traffic,0,0,65535_65535,0,2,994498,709,1,1,1,45,709,14,1,1,allocated
519,993,low_traffic,0,0,65535_65535,0,2,994498,709,0,1,0,45,0,14,1,1,pre_allocation
519,993,low_traffic,0,0,65535_65535,0,2,994498,725,1,1,1,46,725,14,1,1,allocated
519,993,low_traffic,0,0,65535_65535,0,2,994498,725,0,1,0,46,0,14,1,1,pre_allocation
519,993,low_traffic,0,0,65535_65535,0,2,994498,741,1,1,1,47,741,14,1,1,allocated
519,993,low_traffic,0,0,65535_65535,0,2,994498,741,0,1,0,47,0,14,1,1,pre_allocation
519,993,low_traffic,0,0,65535_65535,0,2,994498,757,1,1,1,48,757,14,1,1,allocated
519,993,low_traffic,0,0,65535_65535,0,2,994498,757,0,1,0,48,0,14,1,1,pre_allocation
519,993,low_traffic,0,0,65535_65535,0,2,994498,773,1,1,1,49,773,14,1,1,allocated
519,993,low_traffic,0,0,65535_65535,0,2,994498,773,0,1,0,49,0,14,1,1,pre_allocation
519,993,low_traffic,0,0,65535_65535,0,2,994498,789,1,1,1,50,789,14,1,1,allocated
519,993,low_traffic,0,0,65535_65535,0,2,994498,789,0,1,0,50,0,14,1,1,pre_allocation
519,993,low_traffic,0,0,65535_65535,0,2,994498,804,1,1,1,51,804,14,1,1,allocated
519,993,low_traffic,0,0,65535_65535,0,2,994498,804,0,1,0,51,0,14,1,1,pre_allocation
519,993,low_traffic,0,0,65535_65535,0,2,994498,820,1,1,1,52,820,14,1,1,allocated
519,993,low_traffic,0,0,65535_65535,0,2,994498,820,0,1,0,52,0,14,1,1,pre_allocation
519,993,low_traffic,0,0,65535_65535,0,2,994498,836,1,1,1,53,836,14,1,1,allocated
519,993,low_traffic,0,0,65535_65535,0,2,994498,836,0,1,0,53,0,14,1,1,pre_allocation
519,993,low_traffic,0,0,65535_65535,0,2,994498,852,1,1,1,54,852,14,1,1,allocated
519,993,low_traffic,0,0,65535_65535,0,2,994498,852,0,1,0,54,0,14,1,1,pre_allocation
519,993,low_traffic,0,0,65535_65535,0,2,994498,868,1,1,1,55,868,14,1,1,allocated
519,993,low_traffic,0,0,65535_65535,0,2,994498,868,0,1,0,55,0,14,1,1,pre_allocation
519,993,low_traffic,0,0,65535_65535,0,2,994498,884,1,1,1,56,884,14,1,1,allocated
519,993,low_traffic,0,0,65535_65535,0,2,994498,884,0,1,0,56,0,14,1,1,pre_allocation
519,993,low_traffic,0,0,65535_65535,0,2,994498,899,1,1,1,57,899,14,1,1,allocated
519,993,low_traffic,0,0,65535_65535,0,2,994498,899,0,1,0,57,0,14,1,1,pre_allocation
519,993,low_traffic,0,0,65535_65535,0,2,994498,915,1,1,1,58,915,14,1,1,allocated
519,993,low_traffic,0,0,65535_65535,0,2,994498,915,0,1,0,58,0,14,1,1,pre_allocation
519,993,low_traffic,0,0,65535_65535,0,2,994498,931,1,1,1,59,931,14,1,1,allocated
519,993,low_traffic,0,0,65535_65535,0,2,994498,931,0,1,0,59,0,14,1,1,pre_allocation
519,993,low_traffic,0,0,65535_65535,0,2,994498,947,1,1,1,60,947,14,1,1,allocated
519,993,low_traffic,0,0,65535_65535,0,2,994498,947,0,1,0,60,0,14,1,1,pre_allocation
519,993,low_traffic,0,0,65535_65535,0,2,994498,963,1,1,1,61,963,14,1,1,allocated
519,993,low_traffic,0,0,65535_65535,0,2,994498,963,0,1,0,61,0,14,1,1,pre_allocation
519,993,low_traffic,0,0,65535_65535,0,2,994498,979,1,1,1,62,979,14,1,1,allocated
519,993,low_traffic,0,0,65535_65535,0,2,994498,979,0,1,0,62,0,14,1,1,pre_allocation
519,993,low_traffic,0,0,65535_65535,0,2,994498,994,1,1,1,63,994,14,1,1,allocated
519,993,low_traffic,0,0,65535_65535,0,2,994498,994,0,1,0,63,0,14,1,1,pre_allocation
519,993,low_traffic,0,0,65535_65535,0,2,994498,1010,1,1,1,64,1010,14,1,1,allocated
519,993,low_traffic,0,0,65535_65535,0,2,994498,1010,0,1,0,64,0,14,1,1,pre_allocation
519,993,low_traffic,0,0,65535_65535,0,2,994498,1026,1,1,1,65,1026,14,1,1,allocated
519,993,low_traffic,0,0,65535_65535,0,2,994498,1026,0,1,0,65,0,14,1,1,pre_allocation
519,993,low_traffic,0,0,65535_65535,0,2,994498,1042,1,1,1,66,1042,14,1,1,allocated
519,993,low_traffic,0,0,65535_65535,0,2,994498,1042,0,1,0,66,0,14,1,1,pre_allocation
519,993,low_traffic,0,0,65535_65535,0,2,994498,1058,1,1,1,67,1058,14,1,1,allocated
519,993,low_traffic,0,0,65535_65535,0,2,994498,1058,0,1,0,67,0,14,1,1,pre_allocation
519,993,low_traffic,0,0,65535_65535,0,2,994498,1074,1,1,1,68,1074,14,1,1,allocated
519,993,low_traffic,0,0,65535_65535,0,2,994498,1074,0,1,0,68,0,14,1,1,pre_allocation
519,993,low_traffic,0,0,65535_65535,0,2,994498,1089,1,1,1,69,1089,14,1,1,allocated
519,993,low_traffic,0,0,65535_65535,0,2,994498,1089,0,1,0,69,0,14,1,1,pre_allocation
519,993,low_traffic,0,0,65535_65535,0,2,994498,1105,1,1,1,70,1105,14,1,1,allocated
519,993,low_traffic,0,0,65535_65535,0,2,994498,1105,0,1,0,70,0,14,1,1,pre_allocation
519,993,low_traffic,0,0,65535_65535,0,2,994498,1121,1,1,1,71,1121,14,1,1,allocated
519,993,low_traffic,0,0,65535_65535,0,2,994498,1121,0,1,0,71,0,14,1,1,pre_allocation
519,993,low_traffic,0,0,65535_65535,0,2,994498,1137,1,1,1,72,1137,14,1,1,allocated
519,993,low_traffic,0,0,65535_65535,0,2,994498,1137,0,1,0,72,0,14,1,1,pre_allocation
519,993,low_traffic,0,0,65535_65535,0,2,994498,1153,1,1,1,73,1153,14,1,1,allocated
519,993,low_traffic,0,0,65535_65535,0,2,994498,1153,0,1,0,73,0,14,1,1,pre_allocation
519,993,low_traffic,0,0,65535_65535,0,2,994498,1169,1,1,1,74,1169,14,1,1,allocated
519,993,low_traffic,0,0,65535_65535,0,2,994498,1169,0,1,0,74,0,14,1,1,pre_allocation
519,993,low_traffic,0,0,65535_65535,0,2,994498,1185,1,1,1,75,1185,14,1,1,allocated
519,993,low_traffic,0,0,65535_65535,0,2,994498,1185,0,1,0,75,0,14,1,1,pre_allocation
519,993,low_traffic,0,0,65535_65535,0,2,994498,1200,1,1,1,76,1200,14,1,1,allocated
519,993,low_traffic,0,0,65535_65535,0,2,994498,1200,0,1,0,76,0,14,1,1,pre_allocation
519,993,low_traffic,0,0,65535_65535,0,2,994498,1216,1,1,1,77,1216,14,1,1,allocated
519,993,low_traffic,0,0,65535_65535,0,2,994498,1216,0,1,0,77,0,14,1,1,pre_allocation
519,993,low_traffic,0,0,65535_65535,0,2,994498,1232,1,1,1,78,1232,14,1,1,allocated
519,993,low_traffic,0,0,65535_65535,0,2,994498,1232,0,1,0,78,0,14,1,1,pre_allocation
519,993,low_traffic,0,0,65535_65535,0,2,994498,1248,1,1,1,79,1248,14,1,1,allocated
519,993,low_traffic,0,0,65535_65535,0,2,994498,1248,0,1,0,79,0,14,1,1,pre_allocation
519,993,low_traffic,0,0,65535_65535,0,2,994498,1264,1,1,1,80,1264,14,1,1,allocated
519,993,low_traffic,0,0,65535_65535,0,2,994498,1264,0,1,0,80,0,14,1,1,pre_allocation
519,993,low_traffic,0,0,65535_65535,0,2,994498,1280,1,1,1,81,1280,14,1,1,allocated
519,993,low_traffic,0,0,65535_65535,0,2,994498,1280,0,1,0,81,0,14,1,1,pre_allocation
519,993,low_traffic,0,0,65535_65535,0,2,994498,1295,1,1,1,82,1295,14,1,1,allocated
519,993,low_traffic,0,0,65535_65535,0,2,994498,1295,0,1,0,82,0,14,1,1,pre_allocation
519,993,low_traffic,0,0,65535_65535,0,2,994498,1311,1,1,1,83,1311,14,1,1,allocated
519,993,low_traffic,0,0,65535_65535,0,2,994498,1311,0,1,0,83,0,14,1,1,pre_allocation
519,993,low_traffic,0,0,65535_65535,0,2,994498,1327,1,1,1,84,1327,14,1,1,allocated
519,993,low_traffic,0,0,65535_65535,0,2,994498,1327,0,1,0,84,0,14,1,1,pre_allocation
519,993,low_traffic,0,0,65535_65535,0,2,994498,1343,1,1,1,85,1343,14,1,1,allocated
519,993,low_traffic,0,0,65535_65535,0,2,994498,1343,0,1,0,85,0,14,1,1,pre_allocation
519,993,low_traffic,0,0,65535_65535,0,2,994498,1359,1,1,1,86,1359,14,1,1,allocated
519,993,low_traffic,0,0,65535_65535,0,2,994498,1359,0,1,0,86,0,14,1,1,pre_allocation
519,993,low_traffic,0,0,65535_65535,0,2,994498,1375,1,1,1,87,1375,14,1,1,allocated
519,993,low_traffic,0,0,65535_65535,0,2,994498,1375,0,1,0,87,0,14,1,1,pre_allocation
519,993,low_traffic,0,0,65535_65535,0,2,994498,1390,1,1,1,88,1390,14,1,1,allocated
519,993,low_traffic,0,0,65535_65535,0,2,994498,1390,0,1,0,88,0,14,1,1,pre_allocation
519,993,low_traffic,0,0,65535_65535,0,2,994498,1406,1,1,1,89,1406,14,1,1,allocated
519,993,low_traffic,0,0,65535_65535,0,2,994498,1406,0,1,0,89,0,14,1,1,pre_allocation
519,993,low_traffic,0,0,65535_65535,0,2,994498,1422,1,1,1,90,1422,14,1,1,allocated
519,993,low_traffic,0,0,65535_65535,0,2,994498,1422,0,1,0,90,0,14,1,1,pre_allocation
519,993,low_traffic,0,0,65535_65535,0,2,994498,1438,1,1,1,91,1438,14,1,1,allocated
519,993,low_traffic,0,0,65535_65535,0,2,994498,1438,0,1,0,91,0,14,1,1,pre_allocation
519,993,low_traffic,0,0,65535_65535,0,2,994498,1454,1,1,1,92,1454,14,1,1,allocated
519,993,low_traffic,0,0,65535_65535,0,2,994498,1454,0,1,0,92,0,14,1,1,pre_allocation
519,993,low_traffic,0,0,65535_65535,0,2,994498,1470,1,1,1,93,1470,14,1,1,allocated
519,993,low_traffic,0,0,65535_65535,0,2,994498,1470,0,1,0,93,0,14,1,1,pre_allocation
519,993,low_traffic,0,0,65535_65535,0,2,994498,1485,1,1,1,94,1485,14,1,1,allocated
519,993,low_traffic,0,0,65535_65535,0,2,994498,1485,0,1,0,94,0,14,1,1,pre_allocation
519,993,low_traffic,0,0,65535_65535,0,2,994498,1501,1,1,1,95,1501,14,1,1,allocated
519,993,low_traffic,0,0,65535_65535,1,4,187,0,0,1,0,0,0,2,1,1,pre_allocation
519,993,low_traffic,0,0,65535_65535,1,4,187,1,1,1,1,1,1,2,1,1,allocated
519,993,low_traffic,0,0,65535_65535,1,3,169,0,0,1,0,0,0,14,1,1,pre_allocation
519,993,low_traffic,0,0,65535_65535,1,3,169,12,1,1,1,1,12,14,1,1,allocated
519,993,low_traffic,0,0,65535_65535,1,4,187,1,0,1,0,1,0,2,1,1,pre_allocation
519,993,low_traffic,0,0,65535_65535,1,4,187,0,1,1,1,2,0,2,1,1,allocated
519,993,low_traffic,0,0,65535_65535,1,3,169,12,0,1,0,1,0,14,1,1,pre_allocation
519,993,low_traffic,0,0,65535_65535,1,3,169,28,1,1,1,2,28,14,1,1,allocated
519,993,low_traffic,0,0,65535_65535,1,4,187,0,0,1,0,2,0,2,1,1,pre_allocation
519,993,low_traffic,0,0,65535_65535,1,4,187,2,1,1,1,3,2,2,1,1,allocated
519,993,low_traffic,0,0,65535_65535,1,3,169,28,0,1,0,2,0,14,1,1,pre_allocation
519,993,low_traffic,0,0,65535_65535,1,3,169,44,1,1,1,3,44,14,1,1,allocated
519,993,low_traffic,0,0,65535_65535,1,4,187,2,0,1,0,3,0,2,1,1,pre_allocation
519,993,low_traffic,0,0,65535_65535,1,4,187,4,1,1,1,4,4,2,1,1,allocated
519,993,low_traffic,0,0,65535_65535,1,3,169,44,0,1,0,3,0,14,1,1,pre_allocation
519,993,low_traffic,0,0,65535_65535,1,3,169,60,1,1,1,4,60,14,1,1,allocated
519,993,low_traffic,0,0,65535_65535,1,4,187,4,0,1,0,4,0,2,1,1,pre_allocation
519,993,low_traffic,0,0,65535_65535,1,4,187,6,1,1,1,5,6,2,1,1,allocated
519,993,low_traffic,0,0,65535_65535,1,3,169,60,0,1,0,4,0,14,1,1,pre_allocation
519,993,low_traffic,0,0,65535_65535,1,3,169,76,1,1,1,5,76,14,1,1,allocated
519,993,low_traffic,0,0,65535_65535,1,4,187,6,0,1,0,5,0,2,1,1,pre_allocation
519,993,low_traffic,0,0,65535_65535,1,4,187,7,1,1,1,6,7,2,1,1,allocated
519,993,low_traffic,0,0,65535_65535,1,3,169,76,0,1,0,5,0,14,1,1,pre_allocation
519,993,low_traffic,0,0,65535_65535,1,3,169,92,1,1,1,6,92,14,1,1,allocated
519,993,low_traffic,0,0,65535_65535,1,4,187,7,0,1,0,6,0,2,1,1,pre_allocation
519,993,low_traffic,0,0,65535_65535,1,4,187,9,1,1,1,7,9,2,1,1,allocated
519,993,low_traffic,0,0,65535_65535,1,3,169,92,0,1,0,6,0,14,1,1,pre_allocation
519,993,low_traffic,0,0,65535_65535,1,3,169,107,1,1,1,7,107,14,1,1,allocated
519,993,low_traffic,0,0,65535_65535,1,4,187,9,0,1,0,7,0,2,1,1,pre_allocation
519,993,low_traffic,0,0,65535_65535,1,4,187,11,1,1,1,8,11,2,1,1,allocated
519,993,low_traffic,0,0,65535_65535,1,3,169,107,0,1,0,7,0,14,1,1,pre_allocation
519,993,low_traffic,0,0,65535_65535,1,3,169,123,1,1,1,8,123,14,1,1,allocated
519,993,low_traffic,0,0,65535_65535,1,4,187,11,0,1,0,8,0,2,1,1,pre_allocation
519,993,low_traffic,0,0,65535_65535,1,4,187,13,1,1,1,9,13,2,1,1,allocated
519,993,low_traffic,0,0,65535_65535,1,3,169,123,0,1,0,8,0,14,1,1,pre_allocation
519,993,low_traffic,0,0,65535_65535,1,3,169,139,1,1,1,9,139,14,1,1,allocated
519,993,low_traffic,0,0,65535_65535,1,4,187,13,0,1,0,9,0,2,1,1,pre_allocation
519,993,low_traffic,0,0,65535_65535,1,4,187,15,1,1,1,10,15,2,1,1,allocated
519,993,low_traffic,0,0,65535_65535,1,3,169,139,0,1,0,9,0,14,1,1,pre_allocation
519,993,low_traffic,0,0,65535_65535,1,3,169,155,1,1,1,10,155,14,1,1,allocated
519,993,low_traffic,0,0,65535_65535,1,4,187,15,0,1,0,10,0,2,1,1,pre_allocation
519,993,low_traffic,0,0,65535_65535,1,4,187,16,1,1,1,11,16,2,1,1,allocated
519,993,low_traffic,0,0,65535_65535,1,3,169,155,0,1,0,10,0,14,1,1,pre_allocation
519,993,low_traffic,0,0,65535_65535,1,3,169,171,1,1,1,11,171,14,1,1,allocated
519,993,low_traffic,0,0,65535_65535,1,4,187,16,0,1,0,11,0,2,1,1,pre_allocation
519,993,low_traffic,0,0,65535_65535,1,4,187,18,1,1,1,12,18,2,1,1,allocated
519,993,low_traffic,0,0,65535_65535,1,3,169,171,0,1,0,11,0,14,1,1,pre_allocation
519,993,low_traffic,0,0,65535_65535,1,3,169,187,1,1,1,12,187,14,1,1,allocated
519,993,low_traffic,0,0,65535_65535,1,4,187,18,0,1,0,12,0,2,1,1,pre_allocation
519,993,low_traffic,0,0,65535_65535,1,4,187,20,1,1,1,13,20,2,1,1,allocated
519,993,low_traffic,0,0,65535_65535,1,3,169,187,0,1,0,12,0,14,1,1,pre_allocation
519,993,low_traffic,0,0,65535_65535,1,3,169,202,1,1,1,13,202,14,1,1,allocated
519,993,low_traffic,0,0,65535_65535,1,4,187,20,0,1,0,13,0,2,1,1,pre_allocation
519,993,low_traffic,0,0,65535_65535,1,4,187,22,1,1,1,14,22,2,1,1,allocated
519,993,low_traffic,0,0,65535_65535,1,3,169,202,0,1,0,13,0,14,1,1,pre_allocation
519,993,low_traffic,0,0,65535_65535,1,3,169,218,1,1,1,14,218,14,1,1,allocated
519,993,low_traffic,0,0,65535_65535,1,4,187,22,0,1,0,14,0,2,1,1,pre_allocation
519,993,low_traffic,0,0,65535_65535,1,4,187,24,1,1,1,15,24,2,1,1,allocated
519,993,low_traffic,0,0,65535_65535,1,3,169,218,0,1,0,14,0,14,1,1,pre_allocation
519,993,low_traffic,0,0,65535_65535,1,3,169,234,1,1,1,15,234,14,1,1,allocated
519,993,low_traffic,0,0,65535_65535,1,4,187,24,0,1,0,15,0,2,1,1,pre_allocation
519,993,low_traffic,0,0,65535_65535,1,4,187,26,1,1,1,16,26,2,1,1,allocated
519,993,low_traffic,0,0,65535_65535,1,3,169,234,0,1,0,15,0,14,1,1,pre_allocation
519,993,low_traffic,0,0,65535_65535,1,3,169,250,1,1,1,16,250,14,1,1,allocated
519,993,low_traffic,0,0,65535_65535,1,4,187,26,0,1,0,16,0,2,1,1,pre_allocation
519,993,low_traffic,0,0,65535_65535,1,4,187,27,1,1,1,17,27,2,1,1,allocated
519,993,low_traffic,0,0,65535_65535,1,3,169,250,0,1,0,16,0,14,1,1,pre_allocation
519,993,low_traffic,0,0,65535_65535,1,3,169,266,1,1,1,17,266,14,1,1,allocated
519,993,low_traffic,0,0,65535_65535,1,4,187,27,0,1,0,17,0,2,1,1,pre_allocation
519,993,low_traffic,0,0,65535_65535,1,4,187,29,1,1,1,18,29,2,1,1,allocated
519,993,low_traffic,0,0,65535_65535,1,3,169,266,0,1,0,17,0,14,1,1,pre_allocation
519,993,low_traffic,0,0,65535_65535,1,3,169,282,1,1,1,18,282,14,1,1,allocated
519,993,low_traffic,0,0,65535_65535,1,4,187,29,0,1,0,18,0,2,1,1,pre_allocation
519,993,low_traffic,0,0,65535_65535,1,4,187,31,1,1,1,19,31,2,1,1,allocated
519,993,low_traffic,0,0,65535_65535,1,3,169,282,0,1,0,18,0,14,1,1,pre_allocation
519,993,low_traffic,0,0,65535_65535,1,3,169,297,1,1,1,19,297,14,1,1,allocated
519,993,low_traffic,0,0,65535_65535,1,4,187,31,0,1,0,19,0,2,1,1,pre_allocation
519,993,low_traffic,0,0,65535_65535,1,4,187,33,1,1,1,20,33,2,1,1,allocated
519,993,low_traffic,0,0,65535_65535,1,3,169,297,0,1,0,19,0,14,1,1,pre_allocation
519,993,low_traffic,0,0,65535_65535,1,3,169,313,1,1,1,20,313,14,1,1,allocated
519,993,low_traffic,0,0,65535_65535,1,4,187,33,0,1,0,20,0,2,1,1,pre_allocation
519,993,low_traffic,0,0,65535_65535,1,4,187,35,1,1,1,21,35,2,1,1,allocated
519,993,low_traffic,0,0,65535_65535,1,3,169,313,0,1,0,20,0,14,1,1,pre_allocation
519,993,low_traffic,0,0,65535_65535,1,3,169,329,1,1,1,21,329,14,1,1,allocated
519,993,low_traffic,0,0,65535_65535,1,4,187,35,0,1,0,21,0,2,1,1,pre_allocation
519,993,low_traffic,0,0,65535_65535,1,4,187,36,1,1,1,22,36,2,1,1,allocated
519,993,low_traffic,0,0,65535_65535,1,3,169,329,0,1,0,21,0,14,1,1,pre_allocation
519,993,low_traffic,0,0,65535_65535,1,3,169,345,1,1,1,22,345,14,1,1,allocated
519,993,low_traffic,0,0,65535_65535,1,4,187,36,0,1,0,22,0,2,1,1,pre_allocation
519,993,low_traffic,0,0,65535_65535,1,4,187,38,1,1,1,23,38,2,1,1,allocated
519,993,low_traffic,0,0,65535_65535,1,3,169,345,0,1,0,22,0,14,1,1,pre_allocation
519,993,low_traffic,0,0,65535_65535,1,3,169,361,1,1,1,23,361,14,1,1,allocated
519,993,low_traffic,0,0,65535_65535,1,4,187,38,0,1,0,23,0,2,1,1,pre_allocation
519,993,low_traffic,0,0,65535_65535,1,4,187,40,1,1,1,24,40,2,1,1,allocated
519,993,low_traffic,0,0,65535_65535,1,3,169,361,0,1,0,23,0,14,1,1,pre_allocation
519,993,low_traffic,0,0,65535_65535,1,3,169,377,1,1,1,24,377,14,1,1,allocated
519,993,low_traffic,0,0,65535_65535,1,4,187,40,0,1,0,24,0,2,1,1,pre_allocation
519,993,low_traffic,0,0,65535_65535,1,4,187,42,1,1,1,25,42,2,1,1,allocated
519,993,low_traffic,0,0,65535_65535,1,3,169,377,0,1,0,24,0,14,1,1,pre_allocation
519,993,low_traffic,0,0,65535_65535,1,3,169,393,1,1,1,25,393,14,1,1,allocated
519,993,low_traffic,0,0,65535_65535,1,4,187,42,0,1,0,25,0,2,1,1,pre_allocation
519,993,low_traffic,0,0,65535_65535,1,4,187,44,1,1,1,26,44,2,1,1,allocated
519,993,low_traffic,0,0,65535_65535,1,3,169,393,0,1,0,25,0,14,1,1,pre_allocation
519,993,low_traffic,0,0,65535_65535,1,3,169,408,1,1,1,26,408,14,1,1,allocated
519,993,low_traffic,0,0,65535_65535,1,4,187,44,0,1,0,26,0,2,1,1,pre_allocation
519,993,low_traffic,0,0,65535_65535,1,4,187,46,1,1,1,27,46,2,1,1,allocated
519,993,low_traffic,0,0,65535_65535,1,3,169,408,0,1,0,26,0,14,1,1,pre_allocation
519,993,low_traffic,0,0,65535_65535,1,3,169,424,1,1,1,27,424,14,1,1,allocated
519,993,low_traffic,0,0,65535_65535,1,4,187,46,0,1,0,27,0,2,1,1,pre_allocation
519,993,low_traffic,0,0,65535_65535,1,4,187,47,1,1,1,28,47,2,1,1,allocated
519,993,low_traffic,0,0,65535_65535,1,3,169,424,0,1,0,27,0,14,1,1,pre_allocation
519,993,low_traffic,0,0,65535_65535,1,3,169,440,1,1,1,28,440,14,1,1,allocated
519,993,low_traffic,0,0,65535_65535,1,4,187,47,0,1,0,28,0,2,1,1,pre_allocation
519,993,low_traffic,0,0,65535_65535,1,4,187,49,1,1,1,29,49,2,1,1,allocated
519,993,low_traffic,0,0,65535_65535,1,3,169,440,0,1,0,28,0,14,1,1,pre_allocation
519,993,low_traffic,0,0,65535_65535,1,3,169,456,1,1,1,29,456,14,1,1,allocated
519,993,low_traffic,0,0,65535_65535,1,4,187,49,0,1,0,29,0,2,1,1,pre_allocation
519,993,low_traffic,0,0,65535_65535,1,4,187,51,1,1,1,30,51,2,1,1,allocated
519,993,low_traffic,0,0,65535_65535,1,3,169,456,0,1,0,29,0,14,1,1,pre_allocation
519,993,low_traffic,0,0,65535_65535,1,3,169,472,1,1,1,30,472,14,1,1,allocated
519,993,low_traffic,0,0,65535_65535,1,4,187,51,0,1,0,30,0,2,1,1,pre_allocation
519,993,low_traffic,0,0,65535_65535,1,4,187,53,1,1,1,31,53,2,1,1,allocated
519,993,low_traffic,0,0,65535_65535,1,3,169,472,0,1,0,30,0,14,1,1,pre_allocation
519,993,low_traffic,0,0,65535_65535,1,3,169,488,1,1,1,31,488,14,1,1,allocated
519,993,low_traffic,0,0,65535_65535,1,4,187,53,0,1,0,31,0,2,1,1,pre_allocation
519,993,low_traffic,0,0,65535_65535,1,4,187,55,1,1,1,32,55,2,1,1,allocated
519,993,low_traffic,0,0,65535_65535,1,3,169,488,0,1,0,31,0,14,1,1,pre_allocation
519,993,low_traffic,0,0,65535_65535,1,3,169,503,1,1,1,32,503,14,1,1,allocated
519,993,low_traffic,0,0,65535_65535,1,4,187,55,0,1,0,32,0,2,1,1,pre_allocation
519,993,low_traffic,0,0,65535_65535,1,4,187,56,1,1,1,33,56,2,1,1,allocated
519,993,low_traffic,0,0,65535_65535,1,3,169,503,0,1,0,32,0,14,1,1,pre_allocation
519,993,low_traffic,0,0,65535_65535,1,3,169,519,1,1,1,33,519,14,1,1,allocated
519,993,low_traffic,0,0,65535_65535,1,4,187,56,0,1,0,33,0,2,1,1,pre_allocation
519,993,low_traffic,0,0,65535_65535,1,4,187,58,1,1,1,34,58,2,1,1,allocated
519,993,low_traffic,0,0,65535_65535,1,3,169,519,0,1,0,33,0,14,1,1,pre_allocation
519,993,low_traffic,0,0,65535_65535,1,3,169,535,1,1,1,34,535,14,1,1,allocated
519,993,low_traffic,0,0,65535_65535,1,4,187,58,0,1,0,34,0,2,1,1,pre_allocation
519,993,low_traffic,0,0,65535_65535,1,4,187,60,1,1,1,35,60,2,1,1,allocated
519,993,low_traffic,0,0,65535_65535,1,3,169,535,0,1,0,34,0,14,1,1,pre_allocation
519,993,low_traffic,0,0,65535_65535,1,3,169,551,1,1,1,35,551,14,1,1,allocated
519,993,low_traffic,0,0,65535_65535,1,4,187,60,0,1,0,35,0,2,1,1,pre_allocation
519,993,low_traffic,0,0,65535_65535,1,4,187,62,1,1,1,36,62,2,1,1,allocated
519,993,low_traffic,0,0,65535_65535,1,3,169,551,0,1,0,35,0,14,1,1,pre_allocation
519,993,low_traffic,0,0,65535_65535,1,3,169,567,1,1,1,36,567,14,1,1,allocated
519,993,low_traffic,0,0,65535_65535,1,4,187,62,0,1,0,36,0,2,1,1,pre_allocation
519,993,low_traffic,0,0,65535_65535,1,4,187,64,1,1,1,37,64,2,1,1,allocated
519,993,low_traffic,0,0,65535_65535,1,3,169,567,0,1,0,36,0,14,1,1,pre_allocation
519,993,low_traffic,0,0,65535_65535,1,3,169,583,1,1,1,37,583,14,1,1,allocated
519,993,low_traffic,0,0,65535_65535,1,4,187,64,0,1,0,37,0,2,1,1,pre_allocation
519,993,low_traffic,0,0,65535_65535,1,4,187,65,1,1,1,38,65,2,1,1,allocated
519,993,low_traffic,0,0,65535_65535,1,3,169,583,0,1,0,37,0,14,1,1,pre_allocation
519,993,low_traffic,0,0,65535_65535,1,3,169,598,1,1,1,38,598,14,1,1,allocated
519,993,low_traffic,0,0,65535_65535,1,4,187,65,0,1,0,38,0,2,1,1,pre_allocation
519,993,low_traffic,0,0,65535_65535,1,4,187,67,1,1,1,39,67,2,1,1,allocated
519,993,low_traffic,0,0,65535_65535,1,3,169,598,0,1,0,38,0,14,1,1,pre_allocation
519,993,low_traffic,0,0,65535_65535,1,3,169,614,1,1,1,39,614,14,1,1,allocated
519,993,low_traffic,0,0,65535_65535,1,4,187,67,0,1,0,39,0,2,1,1,pre_allocation
519,993,low_traffic,0,0,65535_65535,1,4,187,69,1,1,1,40,69,2,1,1,allocated
519,993,low_traffic,0,0,65535_65535,1,3,169,614,0,1,0,39,0,14,1,1,pre_allocation
519,993,low_traffic,0,0,65535_65535,1,3,169,630,1,1,1,40,630,14,1,1,allocated
519,993,low_traffic,0,0,65535_65535,1,4,187,69,0,1,0,40,0,2,1,1,pre_allocation
519,993,low_traffic,0,0,65535_65535,1,4,187,71,1,1,1,41,71,2,1,1,allocated
519,993,low_traffic,0,0,65535_65535,1,3,169,630,0,1,0,40,0,14,1,1,pre_allocation
519,993,low_traffic,0,0,65535_65535,1,3,169,646,1,1,1,41,646,14,1,1,allocated
519,993,low_traffic,0,0,65535_65535,1,4,187,71,0,1,0,41,0,2,1,1,pre_allocation
519,993,low_traffic,0,0,65535_65535,1,4,187,73,1,1,1,42,73,2,1,1,allocated
519,993,low_traffic,0,0,65535_65535,1,3,169,646,0,1,0,41,0,14,1,1,pre_allocation
519,993,low_traffic,0,0,65535_65535,1,3,169,662,1,1,1,42,662,14,1,1,allocated
519,993,low_traffic,0,0,65535_65535,1,4,187,73,0,1,0,42,0,2,1,1,pre_allocation
519,993,low_traffic,0,0,65535_65535,1,4,187,75,1,1,1,43,75,2,1,1,allocated
519,993,low_traffic,0,0,65535_65535,1,3,169,662,0,1,0,42,0,14,1,1,pre_allocation
519,993,low_traffic,0,0,65535_65535,1,3,169,678,1,1,1,43,678,14,1,1,allocated
519,993,low_traffic,0,0,65535_65535,1,4,187,75,0,1,0,43,0,2,1,1,pre_allocation
519,993,low_traffic,0,0,65535_65535,1,4,187,76,1,1,1,44,76,2,1,1,allocated
519,993,low_traffic,0,0,65535_65535,1,3,169,678,0,1,0,43,0,14,1,1,pre_allocation
519,993,low_traffic,0,0,65535_65535,1,3,169,693,1,1,1,44,693,14,1,1,allocated
519,993,low_traffic,0,0,65535_65535,1,4,187,76,0,1,0,44,0,2,1,1,pre_allocation
519,993,low_traffic,0,0,65535_65535,1,4,187,78,1,1,1,45,78,2,1,1,allocated
519,993,low_traffic,0,0,65535_65535,1,3,169,693,0,1,0,44,0,14,1,1,pre_allocation
519,993,low_traffic,0,0,65535_65535,1,3,169,709,1,1,1,45,709,14,1,1,allocated
519,993,low_traffic,0,0,65535_65535,1,4,187,78,0,1,0,45,0,2,1,1,pre_allocation
519,993,low_traffic,0,0,65535_65535,1,4,187,80,1,1,1,46,80,2,1,1,allocated
519,993,low_traffic,0,0,65535_65535,1,3,169,709,0,1,0,45,0,14,1,1,pre_allocation
519,993,low_traffic,0,0,65535_65535,1,3,169,725,1,1,1,46,725,14,1,1,allocated
519,993,low_traffic,0,0,65535_65535,1,4,187,80,0,1,0,46,0,2,1,1,pre_allocation
519,993,low_traffic,0,0,65535_65535,1,4,187,82,1,1,1,47,82,2,1,1,allocated
519,993,low_traffic,0,0,65535_65535,1,3,169,725,0,1,0,46,0,14,1,1,pre_allocation
519,993,low_traffic,0,0,65535_65535,1,3,169,741,1,1,1,47,741,14,1,1,allocated
519,993,low_traffic,0,0,65535_65535,1,4,187,82,0,1,0,47,0,2,1,1,pre_allocation
519,993,low_traffic,0,0,65535_65535,1,4,187,84,1,1,1,48,84,2,1,1,allocated
519,993,low_traffic,0,0,65535_65535,1,3,169,741,0,1,0,47,0,14,1,1,pre_allocation
519,993,low_traffic,0,0,65535_65535,1,3,169,757,1,1,1,48,757,14,1,1,allocated
519,993,low_traffic,0,0,65535_65535,1,4,187,84,0,1,0,48,0,2,1,1,pre_allocation
519,993,low_traffic,0,0,65535_65535,1,4,187,85,1,1,1,49,85,2,1,1,allocated
519,993,low_traffic,0,0,65535_65535,1,3,169,757,0,1,0,48,0,14,1,1,pre_allocation
519,993,low_traffic,0,0,65535_65535,1,3,169,773,1,1,1,49,773,14,1,1,allocated
519,993,low_traffic,0,0,65535_65535,1,4,187,85,0,1,0,49,0,2,1,1,pre_allocation
519,993,low_traffic,0,0,65535_65535,1,4,187,87,1,1,1,50,87,2,1,1,allocated
519,993,low_traffic,0,0,65535_65535,1,3,169,773,0,1,0,49,0,14,1,1,pre_allocation
519,993,low_traffic,0,0,65535_65535,1,3,169,789,1,1,1,50,789,14,1,1,allocated
519,993,low_traffic,0,0,65535_65535,1,4,187,87,0,1,0,50,0,2,1,1,pre_allocation
519,993,low_traffic,0,0,65535_65535,1,4,187,89,1,1,1,51,89,2,1,1,allocated
519,993,low_traffic,0,0,65535_65535,1,3,169,789,0,1,0,50,0,14,1,1,pre_allocation
519,993,low_traffic,0,0,65535_65535,1,3,169,804,1,1,1,51,804,14,1,1,allocated
519,993,low_traffic,0,0,65535_65535,1,4,187,89,0,1,0,51,0,2,1,1,pre_allocation
519,993,low_traffic,0,0,65535_65535,1,4,187,91,1,1,1,52,91,2,1,1,allocated
519,993,low_traffic,0,0,65535_65535,1,3,169,804,0,1,0,51,0,14,1,1,pre_allocation
519,993,low_traffic,0,0,65535_65535,1,3,169,820,1,1,1,52,820,14,1,1,allocated
519,993,low_traffic,0,0,65535_65535,1,4,187,91,0,1,0,52,0,2,1,1,pre_allocation
519,993,low_traffic,0,0,65535_65535,1,4,187,93,1,1,1,53,93,2,1,1,allocated
519,993,low_traffic,0,0,65535_65535,1,3,169,820,0,1,0,52,0,14,1,1,pre_allocation
519,993,low_traffic,0,0,65535_65535,1,3,169,836,1,1,1,53,836,14,1,1,allocated
519,993,low_traffic,0,0,65535_65535,1,4,187,93,0,1,0,53,0,2,1,1,pre_allocation
519,993,low_traffic,0,0,65535_65535,1,4,187,95,1,1,1,54,95,2,1,1,allocated
519,993,low_traffic,0,0,65535_65535,1,3,169,836,0,1,0,53,0,14,1,1,pre_allocation
519,993,low_traffic,0,0,65535_65535,1,3,169,852,1,1,1,54,852,14,1,1,allocated
519,993,low_traffic,0,0,65535_65535,1,4,187,95,0,1,0,54,0,2,1,1,pre_allocation
519,993,low_traffic,0,0,65535_65535,1,4,187,96,1,1,1,55,96,2,1,1,allocated
519,993,low_traffic,0,0,65535_65535,1,3,169,852,0,1,0,54,0,14,1,1,pre_allocation
519,993,low_traffic,0,0,65535_65535,1,3,169,868,1,1,1,55,868,14,1,1,allocated
519,993,low_traffic,0,0,65535_65535,1,4,187,96,0,1,0,55,0,2,1,1,pre_allocation
519,993,low_traffic,0,0,65535_65535,1,4,187,98,1,1,1,56,98,2,1,1,allocated
519,993,low_traffic,0,0,65535_65535,1,3,169,868,0,1,0,55,0,14,1,1,pre_allocation
519,993,low_traffic,0,0,65535_65535,1,3,169,884,1,1,1,56,884,14,1,1,allocated
519,993,low_traffic,0,0,65535_65535,1,4,187,98,0,1,0,56,0,2,1,1,pre_allocation
519,993,low_traffic,0,0,65535_65535,1,4,187,100,1,1,1,57,100,2,1,1,allocated
519,993,low_traffic,0,0,65535_65535,1,3,169,884,0,1,0,56,0,14,1,1,pre_allocation
519,993,low_traffic,0,0,65535_65535,1,3,169,899,1,1,1,57,899,14,1,1,allocated
519,993,low_traffic,0,0,65535_65535,1,4,187,100,0,1,0,57,0,2,1,1,pre_allocation
519,993,low_traffic,0,0,65535_65535,1,4,187,102,1,1,1,58,102,2,1,1,allocated
519,993,low_traffic,0,0,65535_65535,1,3,169,899,0,1,0,57,0,14,1,1,pre_allocation
519,993,low_traffic,0,0,65535_65535,1,3,169,915,1,1,1,58,915,14,1,1,allocated
519,993,low_traffic,0,0,65535_65535,1,4,187,102,0,1,0,58,0,2,1,1,pre_allocation
519,993,low_traffic,0,0,65535_65535,1,4,187,104,1,1,1,59,104,2,1,1,allocated
519,993,low_traffic,0,0,65535_65535,1,3,169,915,0,1,0,58,0,14,1,1,pre_allocation
519,993,low_traffic,0,0,65535_65535,1,3,169,931,1,1,1,59,931,14,1,1,allocated
519,993,low_traffic,0,0,65535_65535,1,4,187,104,0,1,0,59,0,2,1,1,pre_allocation
519,993,low_traffic,0,0,65535_65535,1,4,187,105,1,1,1,60,105,2,1,1,allocated
519,993,low_traffic,0,0,65535_65535,1,3,169,931,0,1,0,59,0,14,1,1,pre_allocation
519,993,low_traffic,0,0,65535_65535,1,3,169,947,1,1,1,60,947,14,1,1,allocated
519,993,low_traffic,0,0,65535_65535,1,4,187,105,0,1,0,60,0,2,1,1,pre_allocation
519,993,low_traffic,0,0,65535_65535,1,4,187,107,1,1,1,61,107,2,1,1,allocated
519,993,low_traffic,0,0,65535_65535,1,3,169,947,0,1,0,60,0,14,1,1,pre_allocation
519,993,low_traffic,0,0,65535_65535,1,3,169,963,1,1,1,61,963,14,1,1,allocated
519,993,low_traffic,0,0,65535_65535,1,4,187,107,0,1,0,61,0,2,1,1,pre_allocation
519,993,low_traffic,0,0,65535_65535,1,4,187,109,1,1,1,62,109,2,1,1,allocated
519,993,low_traffic,0,0,65535_65535,1,3,169,963,0,1,0,61,0,14,1,1,pre_allocation
519,993,low_traffic,0,0,65535_65535,1,3,169,979,1,1,1,62,979,14,1,1,allocated
519,993,low_traffic,0,0,65535_65535,1,4,187,109,0,1,0,62,0,2,1,1,pre_allocation
519,993,low_traffic,0,0,65535_65535,1,4,187,111,1,1,1,63,111,2,1,1,allocated
519,993,low_traffic,0,0,65535_65535,1,3,169,979,0,1,0,62,0,14,1,1,pre_allocation
519,993,low_traffic,0,0,65535_65535,1,3,169,994,1,1,1,63,994,14,1,1,allocated
519,993,low_traffic,0,0,65535_65535,1,4,187,111,0,1,0,63,0,2,1,1,pre_allocation
519,993,low_traffic,0,0,65535_65535,1,4,187,113,1,1,1,64,113,2,1,1,allocated
519,993,low_traffic,0,0,65535_65535,1,3,169,994,0,1,0,63,0,14,1,1,pre_allocation
519,993,low_traffic,0,0,65535_65535,1,3,169,1010,1,1,1,64,1010,14,1,1,allocated
519,993,low_traffic,0,0,65535_65535,1,4,187,113,0,1,0,64,0,2,1,1,pre_allocation
519,993,low_traffic,0,0,65535_65535,1,4,187,114,1,1,1,65,114,2,1,1,allocated
519,993,low_traffic,0,0,65535_65535,1,3,169,1010,0,1,0,64,0,14,1,1,pre_allocation
519,993,low_traffic,0,0,65535_65535,1,3,169,1026,1,1,1,65,1026,14,1,1,allocated
519,993,low_traffic,0,0,65535_65535,1,4,187,114,0,1,0,65,0,2,1,1,pre_allocation
519,993,low_traffic,0,0,65535_65535,1,4,187,116,1,1,1,66,116,2,1,1,allocated
519,993,low_traffic,0,0,65535_65535,1,3,169,1026,0,1,0,65,0,14,1,1,pre_allocation
519,993,low_traffic,0,0,65535_65535,1,3,169,1042,1,1,1,66,1042,14,1,1,allocated
519,993,low_traffic,0,0,65535_65535,1,4,187,116,0,1,0,66,0,2,1,1,pre_allocation
519,993,low_traffic,0,0,65535_65535,1,4,187,118,1,1,1,67,118,2,1,1,allocated
519,993,low_traffic,0,0,65535_65535,1,3,169,1042,0,1,0,66,0,14,1,1,pre_allocation
519,993,low_traffic,0,0,65535_65535,1,3,169,1058,1,1,1,67,1058,14,1,1,allocated
519,993,low_traffic,0,0,65535_65535,1,4,187,118,0,1,0,67,0,2,1,1,pre_allocation
519,993,low_traffic,0,0,65535_65535,1,4,187,120,1,1,1,68,120,2,1,1,allocated
519,993,low_traffic,0,0,65535_65535,1,3,169,1058,0,1,0,67,0,14,1,1,pre_allocation
519,993,low_traffic,0,0,65535_65535,1,3,169,1074,1,1,1,68,1074,14,1,1,allocated
519,993,low_traffic,0,0,65535_65535,1,4,187,120,0,1,0,68,0,2,1,1,pre_allocation
519,993,low_traffic,0,0,65535_65535,1,4,187,122,1,1,1,69,122,2,1,1,allocated
519,993,low_traffic,0,0,65535_65535,1,3,169,1074,0,1,0,68,0,14,1,1,pre_allocation
519,993,low_traffic,0,0,65535_65535,1,3,169,1089,1,1,1,69,1089,14,1,1,allocated
519,993,low_traffic,0,0,65535_65535,1,4,187,122,0,1,0,69,0,2,1,1,pre_allocation
519,993,low_traffic,0,0,65535_65535,1,4,187,124,1,1,1,70,124,2,1,1,allocated
519,993,low_traffic,0,0,65535_65535,1,3,169,1089,0,1,0,69,0,14,1,1,pre_allocation
519,993,low_traffic,0,0,65535_65535,1,3,169,1105,1,1,1,70,1105,14,1,1,allocated
519,993,low_traffic,0,0,65535_65535,1,4,187,124,0,1,0,70,0,2,1,1,pre_allocation
519,993,low_traffic,0,0,65535_65535,1,4,187,125,1,1,1,71,125,2,1,1,allocated
519,993,low_traffic,0,0,65535_65535,1,3,169,1105,0,1,0,70,0,14,1,1,pre_allocation
519,993,low_traffic,0,0,65535_65535,1,3,169,1121,1,1,1,71,1121,14,1,1,allocated
519,993,low_traffic,0,0,65535_65535,1,4,187,125,0,1,0,71,0,2,1,1,pre_allocation
519,993,low_traffic,0,0,65535_65535,1,4,187,127,1,1,1,72,127,2,1,1,allocated
519,993,low_traffic,0,0,65535_65535,1,3,169,1121,0,1,0,71,0,14,1,1,pre_allocation
519,993,low_traffic,0,0,65535_65535,1,3,169,1137,1,1,1,72,1137,14,1,1,allocated
519,993,low_traffic,0,0,65535_65535,1,4,187,127,0,1,0,72,0,2,1,1,pre_allocation
519,993,low_traffic,0,0,65535_65535,1,4,187,129,1,1,1,73,129,2,1,1,allocated
519,993,low_traffic,0,0,65535_65535,1,3,169,1137,0,1,0,72,0,14,1,1,pre_allocation
519,993,low_traffic,0,0,65535_65535,1,3,169,1153,1,1,1,73,1153,14,1,1,allocated
519,993,low_traffic,0,0,65535_65535,1,4,187,129,0,1,0,73,0,2,1,1,pre_allocation
519,993,low_traffic,0,0,65535_65535,1,4,187,131,1,1,1,74,131,2,1,1,allocated
519,993,low_traffic,0,0,65535_65535,1,3,169,1153,0,1,0,73,0,14,1,1,pre_allocation
519,993,low_traffic,0,0,65535_65535,1,3,169,1169,1,1,1,74,1169,14,1,1,allocated
519,993,low_traffic,0,0,65535_65535,1,4,187,131,0,1,0,74,0,2,1,1,pre_allocation
519,993,low_traffic,0,0,65535_65535,1,4,187,133,1,1,1,75,133,2,1,1,allocated
519,993,low_traffic,0,0,65535_65535,1,3,169,1169,0,1,0,74,0,14,1,1,pre_allocation
519,993,low_traffic,0,0,65535_65535,1,3,169,1185,1,1,1,75,1185,14,1,1,allocated
519,993,low_traffic,0,0,65535_65535,1,4,187,133,0,1,0,75,0,2,1,1,pre_allocation
519,993,low_traffic,0,0,65535_65535,1,4,187,134,1,1,1,76,134,2,1,1,allocated
519,993,low_traffic,0,0,65535_65535,1,3,169,1185,0,1,0,75,0,14,1,1,pre_allocation
519,993,low_traffic,0,0,65535_65535,1,3,169,1200,1,1,1,76,1200,14,1,1,allocated
519,993,low_traffic,0,0,65535_65535,1,4,187,134,0,1,0,76,0,2,1,1,pre_allocation
519,993,low_traffic,0,0,65535_65535,1,4,187,136,1,1,1,77,136,2,1,1,allocated
519,993,low_traffic,0,0,65535_65535,1,3,169,1200,0,1,0,76,0,14,1,1,pre_allocation
519,993,low_traffic,0,0,65535_65535,1,3,169,1216,1,1,1,77,1216,14,1,1,allocated
519,993,low_traffic,0,0,65535_65535,1,4,187,136,0,1,0,77,0,2,1,1,pre_allocation
519,993,low_traffic,0,0,65535_65535,1,4,187,138,1,1,1,78,138,2,1,1,allocated
519,993,low_traffic,0,0,65535_65535,1,3,169,1216,0,1,0,77,0,14,1,1,pre_allocation
519,993,low_traffic,0,0,65535_65535,1,3,169,1232,1,1,1,78,1232,14,1,1,allocated
519,993,low_traffic,0,0,65535_65535,1,4,187,138,0,1,0,78,0,2,1,1,pre_allocation
519,993,low_traffic,0,0,65535_65535,1,4,187,140,1,1,1,79,140,2,1,1,allocated
519,993,low_traffic,0,0,65535_65535,1,3,169,1232,0,1,0,78,0,14,1,1,pre_allocation
519,993,low_traffic,0,0,65535_65535,1,3,169,1248,1,1,1,79,1248,14,1,1,allocated
519,993,low_traffic,0,0,65535_65535,1,4,187,140,0,1,0,79,0,2,1,1,pre_allocation
519,993,low_traffic,0,0,65535_65535,1,4,187,142,1,1,1,80,142,2,1,1,allocated
519,993,low_traffic,0,0,65535_65535,1,3,169,1248,0,1,0,79,0,14,1,1,pre_allocation
519,993,low_traffic,0,0,65535_65535,1,3,169,1264,1,1,1,80,1264,14,1,1,allocated
519,993,low_traffic,0,0,65535_65535,1,4,187,142,0,1,0,80,0,2,1,1,pre_allocation
519,993,low_traffic,0,0,65535_65535,1,4,187,144,1,1,1,81,144,2,1,1,allocated
519,993,low_traffic,0,0,65535_65535,1,3,169,1264,0,1,0,80,0,14,1,1,pre_allocation
519,993,low_traffic,0,0,65535_65535,1,3,169,1280,1,1,1,81,1280,14,1,1,allocated
519,993,low_traffic,0,0,65535_65535,1,4,187,144,0,1,0,81,0,2,1,1,pre_allocation
519,993,low_traffic,0,0,65535_65535,1,4,187,145,1,1,1,82,145,2,1,1,allocated
519,993,low_traffic,0,0,65535_65535,1,3,169,1280,0,1,0,81,0,14,1,1,pre_allocation
519,993,low_traffic,0,0,65535_65535,1,3,169,1295,1,1,1,82,1295,14,1,1,allocated
519,993,low_traffic,0,0,65535_65535,1,4,187,145,0,1,0,82,0,2,1,1,pre_allocation
519,993,low_traffic,0,0,65535_65535,1,4,187,147,1,1,1,83,147,2,1,1,allocated
519,993,low_traffic,0,0,65535_65535,1,3,169,1295,0,1,0,82,0,14,1,1,pre_allocation
519,993,low_traffic,0,0,65535_65535,1,3,169,1311,1,1,1,83,1311,14,1,1,allocated
519,993,low_traffic,0,0,65535_65535,1,4,187,147,0,1,0,83,0,2,1,1,pre_allocation
519,993,low_traffic,0,0,65535_65535,1,4,187,149,1,1,1,84,149,2,1,1,allocated
519,993,low_traffic,0,0,65535_65535,1,3,169,1311,0,1,0,83,0,14,1,1,pre_allocation
519,993,low_traffic,0,0,65535_65535,1,3,169,1327,1,1,1,84,1327,14,1,1,allocated
519,993,low_traffic,0,0,65535_65535,1,4,187,149,0,1,0,84,0,2,1,1,pre_allocation
519,993,low_traffic,0,0,65535_65535,1,4,187,151,1,1,1,85,151,2,1,1,allocated
519,993,low_traffic,0,0,65535_65535,1,3,169,1327,0,1,0,84,0,14,1,1,pre_allocation
519,993,low_traffic,0,0,65535_65535,1,3,169,1343,1,1,1,85,1343,14,1,1,allocated
519,993,low_traffic,0,0,65535_65535,1,4,187,151,0,1,0,85,0,2,1,1,pre_allocation
519,993,low_traffic,0,0,65535_65535,1,4,187,153,1,1,1,86,153,2,1,1,allocated
631,1091,low_traffic,0,0,65535_65535,0,2,1197933,0,0,1,0,0,0,12,1,1,pre_allocation
631,1091,low_traffic,0,0,65535_65535,0,2,1197933,9,1,1,1,1,9,12,1,1,allocated
631,1091,low_traffic,0,0,65535_65535,0,2,1197933,9,0,1,0,1,0,12,1,1,pre_allocation
631,1091,low_traffic,0,0,65535_65535,0,2,1197933,21,1,1,1,2,21,12,1,1,allocated
631,1091,low_traffic,0,0,65535_65535,0,2,1197933,21,0,1,0,2,0,12,1,1,pre_allocation
631,1091,low_traffic,0,0,65535_65535,0,2,1197933,33,1,1,1,3,33,12,1,1,allocated
631,1091,low_traffic,0,0,65535_65535,0,2,1197933,33,0,1,0,3,0,12,1,1,pre_allocation
631,1091,low_traffic,0,0,65535_65535,0,2,1197933,45,1,1,1,4,45,12,1,1,allocated
631,1091,low_traffic,0,0,65535_65535,0,2,1197933,45,0,1,0,4,0,12,1,1,pre_allocation
631,1091,low_traffic,0,0,65535_65535,0,2,1197933,58,1,1,1,5,58,12,1,1,allocated
631,1091,low_traffic,0,0,65535_65535,0,2,1197933,58,0,1,0,5,0,12,1,1,pre_allocation
631,1091,low_traffic,0,0,65535_65535,0,2,1197933,70,1,1,1,6,70,12,1,1,allocated
631,1091,low_traffic,0,0,65535_65535,0,2,1197933,70,0,1,0,6,0,12,1,1,pre_allocation
631,1091,low_traffic,0,0,65535_65535,0,2,1197933,82,1,1,1,7,82,12,1,1,allocated
631,1091,low_traffic,0,0,65535_65535,0,2,1197933,82,0,1,0,7,0,12,1,1,pre_allocation
631,1091,low_traffic,0,0,65535_65535,0,2,1197933,94,1,1,1,8,94,12,1,1,allocated
631,1091,low_traffic,0,0,65535_65535,0,2,1197933,94,0,1,0,8,0,12,1,1,pre_allocation
631,1091,low_traffic,0,0,65535_65535,0,2,1197933,106,1,1,1,9,106,12,1,1,allocated
631,1091,low_traffic,0,0,65535_65535,0,2,1197933,106,0,1,0,9,0,12,1,1,pre_allocation
631,1091,low_traffic,0,0,65535_65535,0,2,1197933,119,1,1,1,10,119,12,1,1,allocated
631,1091,low_traffic,0,0,65535_65535,0,2,1197933,119,0,1,0,10,0,12,1,1,pre_allocation
631,1091,low_traffic,0,0,65535_65535,0,2,1197933,131,1,1,1,11,131,12,1,1,allocated
631,1091,low_traffic,0,0,65535_65535,0,2,1197933,131,0,1,0,11,0,12,1,1,pre_allocation
631,1091,low_traffic,0,0,65535_65535,0,2,1197933,143,1,1,1,12,143,12,1,1,allocated
631,1091,low_traffic,0,0,65535_65535,0,2,1197933,143,0,1,0,12,0,12,1,1,pre_allocation
631,1091,low_traffic,0,0,65535_65535,0,2,1197933,155,1,1,1,13,155,12,1,1,allocated
631,1091,low_traffic,0,0,65535_65535,0,2,1197933,155,0,1,0,13,0,12,1,1,pre_allocation
631,1091,low_traffic,0,0,65535_65535,0,2,1197933,167,1,1,1,14,167,12,1,1,allocated
631,1091,low_traffic,0,0,65535_65535,0,2,1197933,167,0,1,0,14,0,12,1,1,pre_allocation
631,1091,low_traffic,0,0,65535_65535,0,2,1197933,180,1,1,1,15,180,12,1,1,allocated
631,1091,low_traffic,0,0,65535_65535,0,2,1197933,180,0,1,0,15,0,12,1,1,pre_allocation
631,1091,low_traffic,0,0,65535_65535,0,2,1197933,192,1,1,1,16,192,12,1,1,allocated
631,1091,low_traffic,0,0,65535_65535,0,2,1197933,192,0,1,0,16,0,12,1,1,pre_allocation
631,1091,low_traffic,0,0,65535_65535,0,2,1197933,204,1,1,1,17,204,12,1,1,allocated
631,1091,low_traffic,0,0,65535_65535,0,2,1197933,204,0,1,0,17,0,12,1,1,pre_allocation
631,1091,low_traffic,0,0,65535_65535,0,2,1197933,216,1,1,1,18,216,12,1,1,allocated
631,1091,low_traffic,0,0,65535_65535,0,2,1197933,216,0,1,0,18,0,12,1,1,pre_allocation
631,1091,low_traffic,0,0,65535_65535,0,2,1197933,228,1,1,1,19,228,12,1,1,allocated
631,1091,low_traffic,0,0,65535_65535,0,2,1197933,228,0,1,0,19,0,12,1,1,pre_allocation
631,1091,low_traffic,0,0,65535_65535,0,2,1197933,241,1,1,1,20,241,12,1,1,allocated
631,1091,low_traffic,0,0,65535_65535,0,2,1197933,241,0,1,0,20,0,12,1,1,pre_allocation
631,1091,low_traffic,0,0,65535_65535,0,2,1197933,253,1,1,1,21,253,12,1,1,allocated
631,1091,low_traffic,0,0,65535_65535,0,2,1197933,253,0,1,0,21,0,12,1,1,pre_allocation
631,1091,low_traffic,0,0,65535_65535,0,2,1197933,265,1,1,1,22,265,12,1,1,allocated
631,1091,low_traffic,0,0,65535_65535,0,2,1197933,265,0,1,0,22,0,12,1,1,pre_allocation
631,1091,low_traffic,0,0,65535_65535,0,2,1197933,277,1,1,1,23,277,12,1,1,allocated
631,1091,low_traffic,0,0,65535_65535,0,2,1197933,277,0,1,0,23,0,12,1,1,pre_allocation
631,1091,low_traffic,0,0,65535_65535,0,2,1197933,290,1,1,1,24,290,12,1,1,allocated
631,1091,low_traffic,0,0,65535_65535,0,2,1197933,290,0,1,0,24,0,12,1,1,pre_allocation
631,1091,low_traffic,0,0,65535_65535,0,2,1197933,302,1,1,1,25,302,12,1,1,allocated
631,1091,low_traffic,0,0,65535_65535,0,2,1197933,302,0,1,0,25,0,12,1,1,pre_allocation
631,1091,low_traffic,0,0,65535_65535,0,2,1197933,314,1,1,1,26,314,12,1,1,allocated
631,1091,low_traffic,0,0,65535_65535,0,2,1197933,314,0,1,0,26,0,12,1,1,pre_allocation
631,1091,low_traffic,0,0,65535_65535,0,2,1197933,326,1,1,1,27,326,12,1,1,allocated
631,1091,low_traffic,0,0,65535_65535,0,2,1197933,326,0,1,0,27,0,12,1,1,pre_allocation
631,1091,low_traffic,0,0,65535_65535,0,2,1197933,338,1,1,1,28,338,12,1,1,allocated
631,1091,low_traffic,0,0,65535_65535,0,2,1197933,338,0,1,0,28,0,12,1,1,pre_allocation
631,1091,low_traffic,0,0,65535_65535,0,2,1197933,351,1,1,1,29,351,12,1,1,allocated
631,1091,low_traffic,0,0,65535_65535,0,2,1197933,351,0,1,0,29,0,12,1,1,pre_allocation
631,1091,low_traffic,0,0,65535_65535,0,2,1197933,363,1,1,1,30,363,12,1,1,allocated
631,1091,low_traffic,0,0,65535_65535,0,2,1197933,363,0,1,0,30,0,12,1,1,pre_allocation
631,1091,low_traffic,0,0,65535_65535,0,2,1197933,375,1,1,1,31,375,12,1,1,allocated
631,1091,low_traffic,0,0,65535_65535,0,2,1197933,375,0,1,0,31,0,12,1,1,pre_allocation
631,1091,low_traffic,0,0,65535_65535,0,2,1197933,387,1,1,1,32,387,12,1,1,allocated
631,1091,low_traffic,0,0,65535_65535,0,2,1197933,387,0,1,0,32,0,12,1,1,pre_allocation
631,1091,low_traffic,0,0,65535_65535,0,2,1197933,399,1,1,1,33,399,12,1,1,allocated
631,1091,low_traffic,0,0,65535_65535,0,2,1197933,399,0,1,0,33,0,12,1,1,pre_allocation
631,1091,low_traffic,0,0,65535_65535,0,2,1197933,412,1,1,1,34,412,12,1,1,allocated
631,1091,low_traffic,0,0,65535_65535,0,2,1197933,412,0,1,0,34,0,12,1,1,pre_allocation
631,1091,low_traffic,0,0,65535_65535,0,2,1197933,424,1,1,1,35,424,12,1,1,allocated
631,1091,low_traffic,0,0,65535_65535,0,2,1197933,424,0,1,0,35,0,12,1,1,pre_allocation
631,1091,low_traffic,0,0,65535_65535,0,2,1197933,436,1,1,1,36,436,12,1,1,allocated
631,1091,low_traffic,0,0,65535_65535,0,2,1197933,436,0,1,0,36,0,12,1,1,pre_allocation
631,1091,low_traffic,0,0,65535_65535,0,2,1197933,448,1,1,1,37,448,12,1,1,allocated
631,1091,low_traffic,0,0,65535_65535,0,2,1197933,448,0,1,0,37,0,12,1,1,pre_allocation
631,1091,low_traffic,0,0,65535_65535,0,2,1197933,460,1,1,1,38,460,12,1,1,allocated
631,1091,low_traffic,0,0,65535_65535,0,2,1197933,460,0,1,0,38,0,12,1,1,pre_allocation
631,1091,low_traffic,0,0,65535_65535,0,2,1197933,473,1,1,1,39,473,12,1,1,allocated
631,1091,low_traffic,0,0,65535_65535,0,2,1197933,473,0,1,0,39,0,12,1,1,pre_allocation
631,1091,low_traffic,0,0,65535_65535,0,2,1197933,485,1,1,1,40,485,12,1,1,allocated
631,1091,low_traffic,0,0,65535_65535,0,2,1197933,485,0,1,0,40,0,12,1,1,pre_allocation
631,1091,low_traffic,0,0,65535_65535,0,2,1197933,497,1,1,1,41,497,12,1,1,allocated
631,1091,low_traffic,0,0,65535_65535,0,2,1197933,497,0,1,0,41,0,12,1,1,pre_allocation
631,1091,low_traffic,0,0,65535_65535,0,2,1197933,509,1,1,1,42,509,12,1,1,allocated
631,1091,low_traffic,0,0,65535_65535,0,2,1197933,509,0,1,0,42,0,12,1,1,pre_allocation
631,1091,low_traffic,0,0,65535_65535,0,2,1197933,522,1,1,1,43,522,12,1,1,allocated
631,1091,low_traffic,0,0,65535_65535,0,2,1197933,522,0,1,0,43,0,12,1,1,pre_allocation
631,1091,low_traffic,0,0,65535_65535,0,2,1197933,534,1,1,1,44,534,12,1,1,allocated
631,1091,low_traffic,0,0,65535_65535,0,2,1197933,534,0,1,0,44,0,12,1,1,pre_allocation
631,1091,low_traffic,0,0,65535_65535,0,2,1197933,546,1,1,1,45,546,12,1,1,allocated
631,1091,low_traffic,0,0,65535_65535,0,2,1197933,546,0,1,0,45,0,12,1,1,pre_allocation
631,1091,low_traffic,0,0,65535_65535,0,2,1197933,558,1,1,1,46,558,12,1,1,allocated
631,1091,low_traffic,0,0,65535_65535,0,2,1197933,558,0,1,0,46,0,12,1,1,pre_allocation
631,1091,low_traffic,0,0,65535_65535,0,2,1197933,570,1,1,1,47,570,12,1,1,allocated
631,1091,low_traffic,0,0,65535_65535,0,2,1197933,570,0,1,0,47,0,12,1,1,pre_allocation
631,1091,low_traffic,0,0,65535_65535,0,2,1197933,583,1,1,1,48,583,12,1,1,allocated
631,1091,low_traffic,0,0,65535_65535,0,2,1197933,583,0,1,0,48,0,12,1,1,pre_allocation
631,1091,low_traffic,0,0,65535_65535,0,2,1197933,595,1,1,1,49,595,12,1,1,allocated
631,1091,low_traffic,0,0,65535_65535,0,2,1197933,595,0,1,0,49,0,12,1,1,pre_allocation
631,1091,low_traffic,0,0,65535_65535,0,2,1197933,607,1,1,1,50,607,12,1,1,allocated
631,1091,low_traffic,0,0,65535_65535,0,2,1197933,607,0,1,0,50,0,12,1,1,pre_allocation
631,1091,low_traffic,0,0,65535_65535,0,2,1197933,619,1,1,1,51,619,12,1,1,allocated
631,1091,low_traffic,0,0,65535_65535,0,2,1197933,619,0,1,0,51,0,12,1,1,pre_allocation
631,1091,low_traffic,0,0,65535_65535,0,2,1197933,631,1,1,1,52,631,12,1,1,allocated
631,1091,low_traffic,0,0,65535_65535,0,2,1197933,631,0,1,0,52,0,12,1,1,pre_allocation
631,1091,low_traffic,0,0,65535_65535,0,2,1197933,644,1,1,1,53,644,12,1,1,allocated
631,1091,low_traffic,0,0,65535_65535,0,2,1197933,644,0,1,0,53,0,12,1,1,pre_allocation
631,1091,low_traffic,0,0,65535_65535,0,2,1197933,656,1,1,1,54,656,12,1,1,allocated
631,1091,low_traffic,0,0,65535_65535,0,2,1197933,656,0,1,0,54,0,12,1,1,pre_allocation
631,1091,low_traffic,0,0,65535_65535,0,2,1197933,668,1,1,1,55,668,12,1,1,allocated
631,1091,low_traffic,0,0,65535_65535,0,2,1197933,668,0,1,0,55,0,12,1,1,pre_allocation
631,1091,low_traffic,0,0,65535_65535,0,2,1197933,680,1,1,1,56,680,12,1,1,allocated
631,1091,low_traffic,0,0,65535_65535,0,2,1197933,680,0,1,0,56,0,12,1,1,pre_allocation
631,1091,low_traffic,0,0,65535_65535,0,2,1197933,692,1,1,1,57,692,12,1,1,allocated
631,1091,low_traffic,0,0,65535_65535,0,2,1197933,692,0,1,0,57,0,12,1,1,pre_allocation
631,1091,low_traffic,0,0,65535_65535,0,2,1197933,705,1,1,1,58,705,12,1,1,allocated
631,1091,low_traffic,0,0,65535_65535,0,2,1197933,705,0,1,0,58,0,12,1,1,pre_allocation
631,1091,low_traffic,0,0,65535_65535,0,2,1197933,717,1,1,1,59,717,12,1,1,allocated
631,1091,low_traffic,0,0,65535_65535,0,2,1197933,717,0,1,0,59,0,12,1,1,pre_allocation
631,1091,low_traffic,0,0,65535_65535,0,2,1197933,729,1,1,1,60,729,12,1,1,allocated
631,1091,low_traffic,0,0,65535_65535,0,2,1197933,729,0,1,0,60,0,12,1,1,pre_allocation
631,1091,low_traffic,0,0,65535_65535,0,2,1197933,741,1,1,1,61,741,12,1,1,allocated
631,1091,low_traffic,0,0,65535_65535,0,2,1197933,741,0,1,0,61,0,12,1,1,pre_allocation
631,1091,low_traffic,0,0,65535_65535,0,2,1197933,754,1,1,1,62,754,12,1,1,allocated
631,1091,low_traffic,0,0,65535_65535,0,2,1197933,754,0,1,0,62,0,12,1,1,pre_allocation
631,1091,low_traffic,0,0,65535_65535,0,2,1197933,766,1,1,1,63,766,12,1,1,allocated
631,1091,low_traffic,0,0,65535_65535,0,2,1197933,766,0,1,0,63,0,12,1,1,pre_allocation
631,1091,low_traffic,0,0,65535_65535,0,2,1197933,778,1,1,1,64,778,12,1,1,allocated
631,1091,low_traffic,0,0,65535_65535,0,2,1197933,778,0,1,0,64,0,12,1,1,pre_allocation
631,1091,low_traffic,0,0,65535_65535,0,2,1197933,790,1,1,1,65,790,12,1,1,allocated
631,1091,low_traffic,0,0,65535_65535,0,2,1197933,790,0,1,0,65,0,12,1,1,pre_allocation
631,1091,low_traffic,0,0,65535_65535,0,2,1197933,802,1,1,1,66,802,12,1,1,allocated
631,1091,low_traffic,0,0,65535_65535,1,4,251,0,0,1,0,0,0,15,1,1,pre_allocation
631,1091,low_traffic,0,0,65535_65535,1,4,251,14,1,1,1,1,14,15,1,1,allocated
631,1091,low_traffic,0,0,65535_65535,1,3,251,0,0,1,0,0,0,14,1,1,pre_allocation
631,1091,low_traffic,0,0,65535_65535,1,3,251,12,1,1,1,1,12,14,1,1,allocated
631,1091,low_traffic,0,0,65535_65535,1,4,251,14,0,1,0,1,0,15,1,1,pre_allocation
631,1091,low_traffic,0,0,65535_65535,1,4,251,32,1,1,1,2,32,15,1,1,allocated
631,1091,low_traffic,0,0,65535_65535,1,3,251,12,0,1,0,1,0,14,1,1,pre_allocation
631,1091,low_traffic,0,0,65535_65535,1,3,251,28,1,1,1,2,28,14,1,1,allocated
631,1091,low_traffic,0,0,65535_65535,1,4,251,32,0,1,0,2,0,15,1,1,pre_allocation
631,1091,low_traffic,0,0,65535_65535,1,4,251,50,1,1,1,3,50,15,1,1,allocated
631,1091,low_traffic,0,0,65535_65535,1,3,251,28,0,1,0,2,0,14,1,1,pre_allocation
631,1091,low_traffic,0,0,65535_65535,1,3,251,44,1,1,1,3,44,14,1,1,allocated
631,1091,low_traffic,0,0,65535_65535,1,4,251,50,0,1,0,3,0,15,1,1,pre_allocation
631,1091,low_traffic,0,0,65535_65535,1,4,251,68,1,1,1,4,68,15,1,1,allocated
631,1091,low_traffic,0,0,65535_65535,1,3,251,44,0,1,0,3,0,14,1,1,pre_allocation
631,1091,low_traffic,0,0,65535_65535,1,3,251,60,1,1,1,4,60,14,1,1,allocated
631,1091,low_traffic,0,0,65535_65535,1,4,251,68,0,1,0,4,0,15,1,1,pre_allocation
631,1091,low_traffic,0,0,65535_65535,1,4,251,86,1,1,1,5,86,15,1,1,allocated
631,1091,low_traffic,0,0,65535_65535,1,3,251,60,0,1,0,4,0,14,1,1,pre_allocation
631,1091,low_traffic,0,0,65535_65535,1,3,251,76,1,1,1,5,76,14,1,1,allocated
631,1091,low_traffic,0,0,65535_65535,1,4,251,86,0,1,0,5,0,15,1,1,pre_allocation
631,1091,low_traffic,0,0,65535_65535,1,4,251,103,1,1,1,6,103,15,1,1,allocated
631,1091,low_traffic,0,0,65535_65535,1,3,251,76,0,1,0,5,0,14,1,1,pre_allocation
631,1091,low_traffic,0,0,65535_65535,1,3,251,92,1,1,1,6,92,14,1,1,allocated
631,1091,low_traffic,0,0,65535_65535,1,4,251,103,0,1,0,6,0,15,1,1,pre_allocation
631,1091,low_traffic,0,0,65535_65535,1,4,251,121,1,1,1,7,121,15,1,1,allocated
631,1091,low_traffic,0,0,65535_65535,1,3,251,92,0,1,0,6,0,14,1,1,pre_allocation
631,1091,low_traffic,0,0,65535_65535,1,3,251,107,1,1,1,7,107,14,1,1,allocated
631,1091,low_traffic,0,0,65535_65535,1,4,251,121,0,1,0,7,0,15,1,1,pre_allocation
631,1091,low_traffic,0,0,65535_65535,1,4,251,139,1,1,1,8,139,15,1,1,allocated
631,1091,low_traffic,0,0,65535_65535,1,3,251,107,0,1,0,7,0,14,1,1,pre_allocation
631,1091,low_traffic,0,0,65535_65535,1,3,251,123,1,1,1,8,123,14,1,1,allocated
631,1091,low_traffic,0,0,65535_65535,1,4,251,139,0,1,0,8,0,15,1,1,pre_allocation
631,1091,low_traffic,0,0,65535_65535,1,4,251,157,1,1,1,9,157,15,1,1,allocated
631,1091,low_traffic,0,0,65535_65535,1,3,251,123,0,1,0,8,0,14,1,1,pre_allocation
631,1091,low_traffic,0,0,65535_65535,1,3,251,139,1,1,1,9,139,14,1,1,allocated
631,1091,low_traffic,0,0,65535_65535,1,4,251,157,0,1,0,9,0,15,1,1,pre_allocation
631,1091,low_traffic,0,0,65535_65535,1,4,251,175,1,1,1,10,175,15,1,1,allocated
631,1091,low_traffic,0,0,65535_65535,1,3,251,139,0,1,0,9,0,14,1,1,pre_allocation
631,1091,low_traffic,0,0,65535_65535,1,3,251,155,1,1,1,10,155,14,1,1,allocated
631,1091,low_traffic,0,0,65535_65535,1,4,251,175,0,1,0,10,0,15,1,1,pre_allocation
631,1091,low_traffic,0,0,65535_65535,1,4,251,193,1,1,1,11,193,15,1,1,allocated
631,1091,low_traffic,0,0,65535_65535,1,3,251,155,0,1,0,10,0,14,1,1,pre_allocation
631,1091,low_traffic,0,0,65535_65535,1,3,251,171,1,1,1,11,171,14,1,1,allocated
631,1091,low_traffic,0,0,65535_65535,1,4,251,193,0,1,0,11,0,15,1,1,pre_allocation
631,1091,low_traffic,0,0,65535_65535,1,4,251,210,1,1,1,12,210,15,1,1,allocated
631,1091,low_traffic,0,0,65535_65535,1,3,251,171,0,1,0,11,0,14,1,1,pre_allocation
631,1091,low_traffic,0,0,65535_65535,1,3,251,187,1,1,1,12,187,14,1,1,allocated
631,1091,low_traffic,0,0,65535_65535,1,4,251,210,0,1,0,12,0,15,1,1,pre_allocation
631,1091,low_traffic,0,0,65535_65535,1,4,251,228,1,1,1,13,228,15,1,1,allocated
631,1091,low_traffic,0,0,65535_65535,1,3,251,187,0,1,0,12,0,14,1,1,pre_allocation
631,1091,low_traffic,0,0,65535_65535,1,3,251,202,1,1,1,13,202,14,1,1,allocated
631,1091,low_traffic,0,0,65535_65535,1,4,251,228,0,1,0,13,0,15,1,1,pre_allocation
631,1091,low_traffic,0,0,65535_65535,1,4,251,246,1,1,1,14,246,15,1,1,allocated
631,1091,low_traffic,0,0,65535_65535,1,3,251,202,0,1,0,13,0,14,1,1,pre_allocation
631,1091,low_traffic,0,0,65535_65535,1,3,251,218,1,1,1,14,218,14,1,1,allocated
631,1091,low_traffic,0,0,65535_65535,1,4,251,246,0,1,0,14,0,15,1,1,pre_allocation
631,1091,low_traffic,0,0,65535_65535,1,4,251,264,1,1,1,15,264,15,1,1,allocated
631,1091,low_traffic,0,0,65535_65535,1,3,251,218,0,1,0,14,0,14,1,1,pre_allocation
631,1091,low_traffic,0,0,65535_65535,1,3,251,234,1,1,1,15,234,14,1,1,allocated
631,1091,low_traffic,0,0,65535_65535,1,4,251,264,0,1,0,15,0,15,1,1,pre_allocation
631,1091,low_traffic,0,0,65535_65535,1,4,251,282,1,1,1,16,282,15,1,1,allocated
631,1091,low_traffic,0,0,65535_65535,1,3,251,234,0,1,0,15,0,14,1,1,pre_allocation
631,1091,low_traffic,0,0,65535_65535,1,3,251,250,1,1,1,16,250,14,1,1,allocated
631,1091,low_traffic,0,0,65535_65535,1,4,251,282,0,1,0,16,0,15,1,1,pre_allocation
631,1091,low_traffic,0,0,65535_65535,1,4,251,299,1,1,1,17,299,15,1,1,allocated
631,1091,low_traffic,0,0,65535_65535,1,3,251,250,0,1,0,16,0,14,1,1,pre_allocation
631,1091,low_traffic,0,0,65535_65535,1,3,251,266,1,1,1,17,266,14,1,1,allocated
631,1091,low_traffic,0,0,65535_65535,1,4,251,299,0,1,0,17,0,15,1,1,pre_allocation
631,1091,low_traffic,0,0,65535_65535,1,4,251,317,1,1,1,18,317,15,1,1,allocated
631,1091,low_traffic,0,0,65535_65535,1,3,251,266,0,1,0,17,0,14,1,1,pre_allocation
631,1091,low_traffic,0,0,65535_65535,1,3,251,282,1,1,1,18,282,14,1,1,allocated
631,1091,low_traffic,0,0,65535_65535,1,4,251,317,0,1,0,18,0,15,1,1,pre_allocation
631,1091,low_traffic,0,0,65535_65535,1,4,251,335,1,1,1,19,335,15,1,1,allocated
631,1091,low_traffic,0,0,65535_65535,1,3,251,282,0,1,0,18,0,14,1,1,pre_allocation
631,1091,low_traffic,0,0,65535_65535,1,3,251,297,1,1,1,19,297,14,1,1,allocated
631,1091,low_traffic,0,0,65535_65535,1,4,251,335,0,1,0,19,0,15,1,1,pre_allocation
631,1091,low_traffic,0,0,65535_65535,1,4,251,353,1,1,1,20,353,15,1,1,allocated
631,1091,low_traffic,0,0,65535_65535,1,3,251,297,0,1,0,19,0,14,1,1,pre_allocation
631,1091,low_traffic,0,0,65535_65535,1,3,251,313,1,1,1,20,313,14,1,1,allocated
631,1091,low_traffic,0,0,65535_65535,1,4,251,353,0,1,0,20,0,15,1,1,pre_allocation
631,1091,low_traffic,0,0,65535_65535,1,4,251,371,1,1,1,21,371,15,1,1,allocated
631,1091,low_traffic,0,0,65535_65535,1,3,251,313,0,1,0,20,0,14,1,1,pre_allocation
631,1091,low_traffic,0,0,65535_65535,1,3,251,329,1,1,1,21,329,14,1,1,allocated
631,1091,low_traffic,0,0,65535_65535,1,4,251,371,0,1,0,21,0,15,1,1,pre_allocation
631,1091,low_traffic,0,0,65535_65535,1,4,251,389,1,1,1,22,389,15,1,1,allocated
631,1091,low_traffic,0,0,65535_65535,1,3,251,329,0,1,0,21,0,14,1,1,pre_allocation
631,1091,low_traffic,0,0,65535_65535,1,3,251,345,1,1,1,22,345,14,1,1,allocated
631,1091,low_traffic,0,0,65535_65535,1,4,251,389,0,1,0,22,0,15,1,1,pre_allocation
631,1091,low_traffic,0,0,65535_65535,1,4,251,406,1,1,1,23,406,15,1,1,allocated
631,1091,low_traffic,0,0,65535_65535,1,3,251,345,0,1,0,22,0,14,1,1,pre_allocation
631,1091,low_traffic,0,0,65535_65535,1,3,251,361,1,1,1,23,361,14,1,1,allocated
631,1091,low_traffic,0,0,65535_65535,1,4,251,406,0,1,0,23,0,15,1,1,pre_allocation
631,1091,low_traffic,0,0,65535_65535,1,4,251,424,1,1,1,24,424,15,1,1,allocated
631,1091,low_traffic,0,0,65535_65535,1,3,251,361,0,1,0,23,0,14,1,1,pre_allocation
631,1091,low_traffic,0,0,65535_65535,1,3,251,377,1,1,1,24,377,14,1,1,allocated
631,1091,low_traffic,0,0,65535_65535,1,4,251,424,0,1,0,24,0,15,1,1,pre_allocation
631,1091,low_traffic,0,0,65535_65535,1,4,251,442,1,1,1,25,442,15,1,1,allocated
631,1091,low_traffic,0,0,65535_65535,1,3,251,377,0,1,0,24,0,14,1,1,pre_allocation
631,1091,low_traffic,0,0,65535_65535,1,3,251,393,1,1,1,25,393,14,1,1,allocated
631,1091,low_traffic,0,0,65535_65535,1,4,251,442,0,1,0,25,0,15,1,1,pre_allocation
631,1091,low_traffic,0,0,65535_65535,1,4,251,460,1,1,1,26,460,15,1,1,allocated
631,1091,low_traffic,0,0,65535_65535,1,3,251,393,0,1,0,25,0,14,1,1,pre_allocation
631,1091,low_traffic,0,0,65535_65535,1,3,251,408,1,1,1,26,408,14,1,1,allocated
631,1091,low_traffic,0,0,65535_65535,1,4,251,460,0,1,0,26,0,15,1,1,pre_allocation
631,1091,low_traffic,0,0,65535_65535,1,4,251,478,1,1,1,27,478,15,1,1,allocated
631,1091,low_traffic,0,0,65535_65535,1,3,251,408,0,1,0,26,0,14,1,1,pre_allocation
631,1091,low_traffic,0,0,65535_65535,1,3,251,424,1,1,1,27,424,14,1,1,allocated
631,1091,low_traffic,0,0,65535_65535,1,4,251,478,0,1,0,27,0,15,1,1,pre_allocation
631,1091,low_traffic,0,0,65535_65535,1,4,251,495,1,1,1,28,495,15,1,1,allocated
631,1091,low_traffic,0,0,65535_65535,1,3,251,424,0,1,0,27,0,14,1,1,pre_allocation
631,1091,low_traffic,0,0,65535_65535,1,3,251,440,1,1,1,28,440,14,1,1,allocated
631,1091,low_traffic,0,0,65535_65535,1,4,251,495,0,1,0,28,0,15,1,1,pre_allocation
631,1091,low_traffic,0,0,65535_65535,1,4,251,513,1,1,1,29,513,15,1,1,allocated
631,1091,low_traffic,0,0,65535_65535,1,3,251,440,0,1,0,28,0,14,1,1,pre_allocation
631,1091,low_traffic,0,0,65535_65535,1,3,251,456,1,1,1,29,456,14,1,1,allocated
631,1091,low_traffic,0,0,65535_65535,1,4,251,513,0,1,0,29,0,15,1,1,pre_allocation
631,1091,low_traffic,0,0,65535_65535,1,4,251,531,1,1,1,30,531,15,1,1,allocated
631,1091,low_traffic,0,0,65535_65535,1,3,251,456,0,1,0,29,0,14,1,1,pre_allocation
631,1091,low_traffic,0,0,65535_65535,1,3,251,472,1,1,1,30,472,14,1,1,allocated
631,1091,low_traffic,0,0,65535_65535,1,4,251,531,0,1,0,30,0,15,1,1,pre_allocation
631,1091,low_traffic,0,0,65535_65535,1,4,251,549,1,1,1,31,549,15,1,1,allocated
631,1091,low_traffic,0,0,65535_65535,1,3,251,472,0,1,0,30,0,14,1,1,pre_allocation
631,1091,low_traffic,0,0,65535_65535,1,3,251,488,1,1,1,31,488,14,1,1,allocated
631,1091,low_traffic,0,0,65535_65535,1,4,251,549,0,1,0,31,0,15,1,1,pre_allocation
631,1091,low_traffic,0,0,65535_65535,1,4,251,567,1,1,1,32,567,15,1,1,allocated
631,1091,low_traffic,0,0,65535_65535,1,3,251,488,0,1,0,31,0,14,1,1,pre_allocation
631,1091,low_traffic,0,0,65535_65535,1,3,251,503,1,1,1,32,503,14,1,1,allocated
631,1091,low_traffic,0,0,65535_65535,1,4,251,567,0,1,0,32,0,15,1,1,pre_allocation
631,1091,low_traffic,0,0,65535_65535,1,4,251,585,1,1,1,33,585,15,1,1,allocated
631,1091,low_traffic,0,0,65535_65535,1,3,251,503,0,1,0,32,0,14,1,1,pre_allocation
631,1091,low_traffic,0,0,65535_65535,1,3,251,519,1,1,1,33,519,14,1,1,allocated
631,1091,low_traffic,0,0,65535_65535,1,4,251,585,0,1,0,33,0,15,1,1,pre_allocation
631,1091,low_traffic,0,0,65535_65535,1,4,251,602,1,1,1,34,602,15,1,1,allocated
631,1091,low_traffic,0,0,65535_65535,1,3,251,519,0,1,0,33,0,14,1,1,pre_allocation
631,1091,low_traffic,0,0,65535_65535,1,3,251,535,1,1,1,34,535,14,1,1,allocated
631,1091,low_traffic,0,0,65535_65535,1,4,251,602,0,1,0,34,0,15,1,1,pre_allocation
631,1091,low_traffic,0,0,65535_65535,1,4,251,620,1,1,1,35,620,15,1,1,allocated
631,1091,low_traffic,0,0,65535_65535,1,3,251,535,0,1,0,34,0,14,1,1,pre_allocation
631,1091,low_traffic,0,0,65535_65535,1,3,251,551,1,1,1,35,551,14,1,1,allocated
631,1091,low_traffic,0,0,65535_65535,1,4,251,620,0,1,0,35,0,15,1,1,pre_allocation
631,1091,low_traffic,0,0,65535_65535,1,4,251,638,1,1,1,36,638,15,1,1,allocated
631,1091,low_traffic,0,0,65535_65535,1,3,251,551,0,1,0,35,0,14,1,1,pre_allocation
631,1091,low_traffic,0,0,65535_65535,1,3,251,567,1,1,1,36,567,14,1,1,allocated
631,1091,low_traffic,0,0,65535_65535,1,4,251,638,0,1,0,36,0,15,1,1,pre_allocation
631,1091,low_traffic,0,0,65535_65535,1,4,251,656,1,1,1,37,656,15,1,1,allocated
631,1091,low_traffic,0,0,65535_65535,1,3,251,567,0,1,0,36,0,14,1,1,pre_allocation
631,1091,low_traffic,0,0,65535_65535,1,3,251,583,1,1,1,37,583,14,1,1,allocated
631,1091,low_traffic,0,0,65535_65535,1,4,251,656,0,1,0,37,0,15,1,1,pre_allocation
631,1091,low_traffic,0,0,65535_65535,1,4,251,674,1,1,1,38,674,15,1,1,allocated
631,1091,low_traffic,0,0,65535_65535,1,3,251,583,0,1,0,37,0,14,1,1,pre_allocation
631,1091,low_traffic,0,0,65535_65535,1,3,251,598,1,1,1,38,598,14,1,1,allocated
631,1091,low_traffic,0,0,65535_65535,1,4,251,674,0,1,0,38,0,15,1,1,pre_allocation
631,1091,low_traffic,0,0,65535_65535,1,4,251,691,1,1,1,39,691,15,1,1,allocated
631,1091,low_traffic,0,0,65535_65535,1,3,251,598,0,1,0,38,0,14,1,1,pre_allocation
631,1091,low_traffic,0,0,65535_65535,1,3,251,614,1,1,1,39,614,14,1,1,allocated
631,1091,low_traffic,0,0,65535_65535,1,4,251,691,0,1,0,39,0,15,1,1,pre_allocation
631,1091,low_traffic,0,0,65535_65535,1,4,251,709,1,1,1,40,709,15,1,1,allocated
631,1091,low_traffic,0,0,65535_65535,1,3,251,614,0,1,0,39,0,14,1,1,pre_allocation
631,1091,low_traffic,0,0,65535_65535,1,3,251,630,1,1,1,40,630,14,1,1,allocated
631,1091,low_traffic,0,0,65535_65535,1,4,251,709,0,1,0,40,0,15,1,1,pre_allocation
631,1091,low_traffic,0,0,65535_65535,1,4,251,727,1,1,1,41,727,15,1,1,allocated
631,1091,low_traffic,0,0,65535_65535,1,3,251,630,0,1,0,40,0,14,1,1,pre_allocation
631,1091,low_traffic,0,0,65535_65535,1,3,251,646,1,1,1,41,646,14,1,1,allocated
631,1091,low_traffic,0,0,65535_65535,1,4,251,727,0,1,0,41,0,15,1,1,pre_allocation
631,1091,low_traffic,0,0,65535_65535,1,4,251,745,1,1,1,42,745,15,1,1,allocated
631,1091,low_traffic,0,0,65535_65535,1,3,251,646,0,1,0,41,0,14,1,1,pre_allocation
631,1091,low_traffic,0,0,65535_65535,1,3,251,662,1,1,1,42,662,14,1,1,allocated
631,1091,low_traffic,0,0,65535_65535,1,4,251,745,0,1,0,42,0,15,1,1,pre_allocation
631,1091,low_traffic,0,0,65535_65535,1,4,251,763,1,1,1,43,763,15,1,1,allocated
631,1091,low_traffic,0,0,65535_65535,1,3,251,662,0,1,0,42,0,14,1,1,pre_allocation
631,1091,low_traffic,0,0,65535_65535,1,3,251,678,1,1,1,43,678,14,1,1,allocated
631,1091,low_traffic,0,0,65535_65535,1,4,251,763,0,1,0,43,0,15,1,1,pre_allocation
631,1091,low_traffic,0,0,65535_65535,1,4,251,781,1,1,1,44,781,15,1,1,allocated
631,1091,low_traffic,0,0,65535_65535,1,3,251,678,0,1,0,43,0,14,1,1,pre_allocation
631,1091,low_traffic,0,0,65535_65535,1,3,251,693,1,1,1,44,693,14,1,1,allocated
631,1091,low_traffic,0,0,65535_65535,1,4,251,781,0,1,0,44,0,15,1,1,pre_allocation
631,1091,low_traffic,0,0,65535_65535,1,4,251,798,1,1,1,45,798,15,1,1,allocated
631,1091,low_traffic,0,0,65535_65535,1,3,251,693,0,1,0,44,0,14,1,1,pre_allocation
631,1091,low_traffic,0,0,65535_65535,1,3,251,709,1,1,1,45,709,14,1,1,allocated
631,1091,low_traffic,0,0,65535_65535,1,4,251,798,0,1,0,45,0,15,1,1,pre_allocation
631,1091,low_traffic,0,0,65535_65535,1,4,251,816,1,1,1,46,816,15,1,1,allocated
631,1091,low_traffic,0,0,65535_65535,1,3,251,709,0,1,0,45,0,14,1,1,pre_allocation
631,1091,low_traffic,0,0,65535_65535,1,3,251,725,1,1,1,46,725,14,1,1,allocated
631,1091,low_traffic,0,0,65535_65535,1,4,251,816,0,1,0,46,0,15,1,1,pre_allocation
631,1091,low_traffic,0,0,65535_65535,1,4,251,834,1,1,1,47,834,15,1,1,allocated
631,1091,low_traffic,0,0,65535_65535,1,3,251,725,0,1,0,46,0,14,1,1,pre_allocation
631,1091,low_traffic,0,0,65535_65535,1,3,251,741,1,1,1,47,741,14,1,1,allocated
631,1091,low_traffic,0,0,65535_65535,1,4,251,834,0,1,0,47,0,15,1,1,pre_allocation
631,1091,low_traffic,0,0,65535_65535,1,4,251,852,1,1,1,48,852,15,1,1,allocated
631,1091,low_traffic,0,0,65535_65535,1,3,251,741,0,1,0,47,0,14,1,1,pre_allocation
631,1091,low_traffic,0,0,65535_65535,1,3,251,757,1,1,1,48,757,14,1,1,allocated
631,1091,low_traffic,0,0,65535_65535,1,4,251,852,0,1,0,48,0,15,1,1,pre_allocation
631,1091,low_traffic,0,0,65535_65535,1,4,251,870,1,1,1,49,870,15,1,1,allocated
631,1091,low_traffic,0,0,65535_65535,1,3,251,757,0,1,0,48,0,14,1,1,pre_allocation
631,1091,low_traffic,0,0,65535_65535,1,3,251,773,1,1,1,49,773,14,1,1,allocated
631,1091,low_traffic,0,0,65535_65535,1,4,251,870,0,1,0,49,0,15,1,1,pre_allocation
631,1091,low_traffic,0,0,65535_65535,1,4,251,888,1,1,1,50,888,15,1,1,allocated
631,1091,low_traffic,0,0,65535_65535,1,3,251,773,0,1,0,49,0,14,1,1,pre_allocation
631,1091,low_traffic,0,0,65535_65535,1,3,251,789,1,1,1,50,789,14,1,1,allocated
631,1091,low_traffic,0,0,65535_65535,1,4,251,888,0,1,0,50,0,15,1,1,pre_allocation
631,1091,low_traffic,0,0,65535_65535,1,4,251,905,1,1,1,51,905,15,1,1,allocated
631,1091,low_traffic,0,0,65535_65535,1,3,251,789,0,1,0,50,0,14,1,1,pre_allocation
631,1091,low_traffic,0,0,65535_65535,1,3,251,804,1,1,1,51,804,14,1,1,allocated
631,1091,low_traffic,0,0,65535_65535,1,4,251,905,0,1,0,51,0,15,1,1,pre_allocation
631,1091,low_traffic,0,0,65535_65535,1,4,251,923,1,1,1,52,923,15,1,1,allocated
631,1091,low_traffic,0,0,65535_65535,1,3,251,804,0,1,0,51,0,14,1,1,pre_allocation
631,1091,low_traffic,0,0,65535_65535,1,3,251,820,1,1,1,52,820,14,1,1,allocated
631,1091,low_traffic,0,0,65535_65535,1,4,251,923,0,1,0,52,0,15,1,1,pre_allocation
631,1091,low_traffic,0,0,65535_65535,1,4,251,941,1,1,1,53,941,15,1,1,allocated
631,1091,low_traffic,0,0,65535_65535,1,3,251,820,0,1,0,52,0,14,1,1,pre_allocation
631,1091,low_traffic,0,0,65535_65535,1,3,251,836,1,1,1,53,836,14,1,1,allocated
631,1091,low_traffic,0,0,65535_65535,1,4,251,941,0,1,0,53,0,15,1,1,pre_allocation
631,1091,low_traffic,0,0,65535_65535,1,4,251,959,1,1,1,54,959,15,1,1,allocated
631,1091,low_traffic,0,0,65535_65535,1,3,251,836,0,1,0,53,0,14,1,1,pre_allocation
631,1091,low_traffic,0,0,65535_65535,1,3,251,852,1,1,1,54,852,14,1,1,allocated
631,1091,low_traffic,0,0,65535_65535,1,4,251,959,0,1,0,54,0,15,1,1,pre_allocation
631,1091,low_traffic,0,0,65535_65535,1,4,251,977,1,1,1,55,977,15,1,1,allocated
631,1091,low_traffic,0,0,65535_65535,1,3,251,852,0,1,0,54,0,14,1,1,pre_allocation
631,1091,low_traffic,0,0,65535_65535,1,3,251,868,1,1,1,55,868,14,1,1,allocated
631,1091,low_traffic,0,0,65535_65535,1,4,251,977,0,1,0,55,0,15,1,1,pre_allocation
631,1091,low_traffic,0,0,65535_65535,1,4,251,994,1,1,1,56,994,15,1,1,allocated
631,1091,low_traffic,0,0,65535_65535,1,3,251,868,0,1,0,55,0,14,1,1,pre_allocation
631,1091,low_traffic,0,0,65535_65535,1,3,251,884,1,1,1,56,884,14,1,1,allocated
631,1091,low_traffic,0,0,65535_65535,1,4,251,994,0,1,0,56,0,15,1,1,pre_allocation
631,1091,low_traffic,0,0,65535_65535,1,4,251,1012,1,1,1,57,1012,15,1,1,allocated
631,1091,low_traffic,0,0,65535_65535,1,3,251,884,0,1,0,56,0,14,1,1,pre_allocation
631,1091,low_traffic,0,0,65535_65535,1,3,251,899,1,1,1,57,899,14,1,1,allocated
631,1091,low_traffic,0,0,65535_65535,1,4,251,1012,0,1,0,57,0,15,1,1,pre_allocation
631,1091,low_traffic,0,0,65535_65535,1,4,251,1030,1,1,1,58,1030,15,1,1,allocated
631,1091,low_traffic,0,0,65535_65535,1,3,251,899,0,1,0,57,0,14,1,1,pre_allocation
631,1091,low_traffic,0,0,65535_65535,1,3,251,915,1,1,1,58,915,14,1,1,allocated
631,1091,low_traffic,0,0,65535_65535,1,4,251,1030,0,1,0,58,0,15,1,1,pre_allocation
631,1091,low_traffic,0,0,65535_65535,1,4,251,1048,1,1,1,59,1048,15,1,1,allocated
631,1091,low_traffic,0,0,65535_65535,1,3,251,915,0,1,0,58,0,14,1,1,pre_allocation
631,1091,low_traffic,0,0,65535_65535,1,3,251,931,1,1,1,59,931,14,1,1,allocated
631,1091,low_traffic,0,0,65535_65535,1,4,251,1048,0,1,0,59,0,15,1,1,pre_allocation
631,1091,low_traffic,0,0,65535_65535,1,4,251,1066,1,1,1,60,1066,15,1,1,allocated
631,1091,low_traffic,0,0,65535_65535,1,3,251,931,0,1,0,59,0,14,1,1,pre_allocation
631,1091,low_traffic,0,0,65535_65535,1,3,251,947,1,1,1,60,947,14,1,1,allocated
631,1091,low_traffic,0,0,65535_65535,1,4,251,1066,0,1,0,60,0,15,1,1,pre_allocation
631,1091,low_traffic,0,0,65535_65535,1,4,251,1084,1,1,1,61,1084,15,1,1,allocated
631,1091,low_traffic,0,0,65535_65535,1,3,251,947,0,1,0,60,0,14,1,1,pre_allocation
631,1091,low_traffic,0,0,65535_65535,1,3,251,963,1,1,1,61,963,14,1,1,allocated
631,1091,low_traffic,0,0,65535_65535,1,4,251,1084,0,1,0,61,0,15,1,1,pre_allocation
631,1091,low_traffic,0,0,65535_65535,1,4,251,1101,1,1,1,62,1101,15,1,1,allocated
631,1091,low_traffic,0,0,65535_65535,1,3,251,963,0,1,0,61,0,14,1,1,pre_allocation
631,1091,low_traffic,0,0,65535_65535,1,3,251,979,1,1,1,62,979,14,1,1,allocated
631,1091,low_traffic,0,0,65535_65535,1,4,251,1101,0,1,0,62,0,15,1,1,pre_allocation
631,1091,low_traffic,0,0,65535_65535,1,4,251,1119,1,1,1,63,1119,15,1,1,allocated
631,1091,low_traffic,0,0,65535_65535,1,3,251,979,0,1,0,62,0,14,1,1,pre_allocation
631,1091,low_traffic,0,0,65535_65535,1,3,251,994,1,1,1,63,994,14,1,1,allocated
631,1091,low_traffic,0,0,65535_65535,1,4,251,1119,0,1,0,63,0,15,1,1,pre_allocation
631,1091,low_traffic,0,0,65535_65535,1,4,251,1137,1,1,1,64,1137,15,1,1,allocated
631,1091,low_traffic,0,0,65535_65535,1,3,251,994,0,1,0,63,0,14,1,1,pre_allocation
631,1091,low_traffic,0,0,65535_65535,1,3,251,1010,1,1,1,64,1010,14,1,1,allocated
631,1091,low_traffic,0,0,65535_65535,1,4,251,1137,0,1,0,64,0,15,1,1,pre_allocation
631,1091,low_traffic,0,0,65535_65535,1,4,251,1155,1,1,1,65,1155,15,1,1,allocated
631,1091,low_traffic,0,0,65535_65535,1,3,251,1010,0,1,0,64,0,14,1,1,pre_allocation
631,1091,low_traffic,0,0,65535_65535,1,3,251,1026,1,1,1,65,1026,14,1,1,allocated
631,1091,low_traffic,0,0,65535_65535,1,4,251,1155,0,1,0,65,0,15,1,1,pre_allocation
631,1091,low_traffic,0,0,65535_65535,1,4,251,1173,1,1,1,66,1173,15,1,1,allocated
631,1091,low_traffic,0,0,65535_65535,1,3,251,1026,0,1,0,65,0,14,1,1,pre_allocation
631,1091,low_traffic,0,0,65535_65535,1,3,251,1042,1,1,1,66,1042,14,1,1,allocated
631,1091,low_traffic,0,0,65535_65535,1,4,251,1173,0,1,0,66,0,15,1,1,pre_allocation
631,1091,low_traffic,0,0,65535_65535,1,4,251,1190,1,1,1,67,1190,15,1,1,allocated
631,1091,low_traffic,0,0,65535_65535,1,3,251,1042,0,1,0,66,0,14,1,1,pre_allocation
631,1091,low_traffic,0,0,65535_65535,1,3,251,1058,1,1,1,67,1058,14,1,1,allocated
631,1091,low_traffic,0,0,65535_65535,1,4,251,1190,0,1,0,67,0,15,1,1,pre_allocation
631,1091,low_traffic,0,0,65535_65535,1,4,251,1208,1,1,1,68,1208,15,1,1,allocated
631,1091,low_traffic,0,0,65535_65535,1,3,251,1058,0,1,0,67,0,14,1,1,pre_allocation
631,1091,low_traffic,0,0,65535_65535,1,3,251,1074,1,1,1,68,1074,14,1,1,allocated
631,1091,low_traffic,0,0,65535_65535,1,4,251,1208,0,1,0,68,0,15,1,1,pre_allocation
631,1091,low_traffic,0,0,65535_65535,1,4,251,1226,1,1,1,69,1226,15,1,1,allocated
631,1091,low_traffic,0,0,65535_65535,1,3,251,1074,0,1,0,68,0,14,1,1,pre_allocation
631,1091,low_traffic,0,0,65535_65535,1,3,251,1089,1,1,1,69,1089,14,1,1,allocated
631,1091,low_traffic,0,0,65535_65535,1,4,251,1226,0,1,0,69,0,15,1,1,pre_allocation
631,1091,low_traffic,0,0,65535_65535,1,4,251,1244,1,1,1,70,1244,15,1,1,allocated
631,1091,low_traffic,0,0,65535_65535,1,3,251,1089,0,1,0,69,0,14,1,1,pre_allocation
631,1091,low_traffic,0,0,65535_65535,1,3,251,1105,1,1,1,70,1105,14,1,1,allocated
631,1091,low_traffic,0,0,65535_65535,1,4,251,1244,0,1,0,70,0,15,1,1,pre_allocation
631,1091,low_traffic,0,0,65535_65535,1,4,251,1262,1,1,1,71,1262,15,1,1,allocated
631,1091,low_traffic,0,0,65535_65535,1,3,251,1105,0,1,0,70,0,14,1,1,pre_allocation
631,1091,low_traffic,0,0,65535_65535,1,3,251,1121,1,1,1,71,1121,14,1,1,allocated
631,1091,low_traffic,0,0,65535_65535,1,4,251,1262,0,1,0,71,0,15,1,1,pre_allocation
631,1091,low_traffic,0,0,65535_65535,1,4,251,1280,1,1,1,72,1280,15,1,1,allocated
631,1091,low_traffic,0,0,65535_65535,1,3,251,1121,0,1,0,71,0,14,1,1,pre_allocation
631,1091,low_traffic,0,0,65535_65535,1,3,251,1137,1,1,1,72,1137,14,1,1,allocated
631,1091,low_traffic,0,0,65535_65535,1,4,251,1280,0,1,0,72,0,15,1,1,pre_allocation
631,1091,low_traffic,0,0,65535_65535,1,4,251,1297,1,1,1,73,1297,15,1,1,allocated
631,1091,low_traffic,0,0,65535_65535,1,3,251,1137,0,1,0,72,0,14,1,1,pre_allocation
631,1091,low_traffic,0,0,65535_65535,1,3,251,1153,1,1,1,73,1153,14,1,1,allocated
631,1091,low_traffic,0,0,65535_65535,1,4,251,1297,0,1,0,73,0,15,1,1,pre_allocation
631,1091,low_traffic,0,0,65535_65535,1,4,251,1315,1,1,1,74,1315,15,1,1,allocated
631,1091,low_traffic,0,0,65535_65535,1,3,251,1153,0,1,0,73,0,14,1,1,pre_allocation
631,1091,low_traffic,0,0,65535_65535,1,3,251,1169,1,1,1,74,1169,14,1,1,allocated
631,1091,low_traffic,0,0,65535_65535,1,4,251,1315,0,1,0,74,0,15,1,1,pre_allocation
631,1091,low_traffic,0,0,65535_65535,1,4,251,1333,1,1,1,75,1333,15,1,1,allocated
631,1091,low_traffic,0,0,65535_65535,1,3,251,1169,0,1,0,74,0,14,1,1,pre_allocation
631,1091,low_traffic,0,0,65535_65535,1,3,251,1185,1,1,1,75,1185,14,1,1,allocated
631,1091,low_traffic,0,0,65535_65535,1,4,251,1333,0,1,0,75,0,15,1,1,pre_allocation
631,1091,low_traffic,0,0,65535_65535,1,4,251,1351,1,1,1,76,1351,15,1,1,allocated
631,1091,low_traffic,0,0,65535_65535,1,3,251,1185,0,1,0,75,0,14,1,1,pre_allocation
631,1091,low_traffic,0,0,65535_65535,1,3,251,1200,1,1,1,76,1200,14,1,1,allocated
631,1091,low_traffic,0,0,65535_65535,1,4,251,1351,0,1,0,76,0,15,1,1,pre_allocation
631,1091,low_traffic,0,0,65535_65535,1,4,251,1369,1,1,1,77,1369,15,1,1,allocated
631,1091,low_traffic,0,0,65535_65535,1,3,251,1200,0,1,0,76,0,14,1,1,pre_allocation
631,1091,low_traffic,0,0,65535_65535,1,3,251,1216,1,1,1,77,1216,14,1,1,allocated
631,1091,low_traffic,0,0,65535_65535,1,4,251,1369,0,1,0,77,0,15,1,1,pre_allocation
631,1091,low_traffic,0,0,65535_65535,1,4,251,1386,1,1,1,78,1386,15,1,1,allocated
631,1091,low_traffic,0,0,65535_65535,1,3,251,1216,0,1,0,77,0,14,1,1,pre_allocation
631,1091,low_traffic,0,0,65535_65535,1,3,251,1232,1,1,1,78,1232,14,1,1,allocated
631,1091,low_traffic,0,0,65535_65535,1,4,251,1386,0,1,0,78,0,15,1,1,pre_allocation
631,1091,low_traffic,0,0,65535_65535,1,4,251,1404,1,1,1,79,1404,15,1,1,allocated
631,1091,low_traffic,0,0,65535_65535,1,3,251,1232,0,1,0,78,0,14,1,1,pre_allocation
631,1091,low_traffic,0,0,65535_65535,1,3,251,1248,1,1,1,79,1248,14,1,1,allocated
631,1091,low_traffic,0,0,65535_65535,1,4,251,1404,0,1,0,79,0,15,1,1,pre_allocation
631,1091,low_traffic,0,0,65535_65535,1,4,251,1422,1,1,1,80,1422,15,1,1,allocated
631,1091,low_traffic,0,0,65535_65535,1,3,251,1248,0,1,0,79,0,14,1,1,pre_allocation
631,1091,low_traffic,0,0,65535_65535,1,3,251,1264,1,1,1,80,1264,14,1,1,allocated
631,1091,low_traffic,0,0,65535_65535,1,4,251,1422,0,1,0,80,0,15,1,1,pre_allocation
631,1091,low_traffic,0,0,65535_65535,1,4,251,1440,1,1,1,81,1440,15,1,1,allocated
631,1091,low_traffic,0,0,65535_65535,1,3,251,1264,0,1,0,80,0,14,1,1,pre_allocation
631,1091,low_traffic,0,0,65535_65535,1,3,251,1280,1,1,1,81,1280,14,1,1,allocated
631,1091,low_traffic,0,0,65535_65535,1,4,251,1440,0,1,0,81,0,15,1,1,pre_allocation
631,1091,low_traffic,0,0,65535_65535,1,4,251,1458,1,1,1,82,1458,15,1,1,allocated
631,1091,low_traffic,0,0,65535_65535,1,3,251,1280,0,1,0,81,0,14,1,1,pre_allocation
631,1091,low_traffic,0,0,65535_65535,1,3,251,1295,1,1,1,82,1295,14,1,1,allocated
631,1091,low_traffic,0,0,65535_65535,1,4,251,1458,0,1,0,82,0,15,1,1,pre_allocation
631,1091,low_traffic,0,0,65535_65535,1,4,251,1476,1,1,1,83,1476,15,1,1,allocated
631,1091,low_traffic,0,0,65535_65535,1,3,251,1295,0,1,0,82,0,14,1,1,pre_allocation
631,1091,low_traffic,0,0,65535_65535,1,3,251,1311,1,1,1,83,1311,14,1,1,allocated
631,1091,low_traffic,0,0,65535_65535,1,4,251,1476,0,1,0,83,0,15,1,1,pre_allocation
631,1091,low_traffic,0,0,65535_65535,1,4,251,1493,1,1,1,84,1493,15,1,1,allocated
631,1091,low_traffic,0,0,65535_65535,1,3,251,1311,0,1,0,83,0,14,1,1,pre_allocation
631,1091,low_traffic,0,0,65535_65535,1,3,251,1327,1,1,1,84,1327,14,1,1,allocated
631,1091,low_traffic,0,0,65535_65535,1,4,251,1493,0,1,0,84,0,15,1,1,pre_allocation
631,1091,low_traffic,0,0,65535_65535,1,4,251,1511,1,1,1,85,1511,15,1,1,allocated
631,1091,low_traffic,0,0,65535_65535,1,3,251,1327,0,1,0,84,0,14,1,1,pre_allocation
631,1091,low_traffic,0,0,65535_65535,1,3,251,1343,1,1,1,85,1343,14,1,1,allocated
631,1091,low_traffic,0,0,65535_65535,1,4,251,1511,0,1,0,85,0,15,1,1,pre_allocation
631,1091,low_traffic,0,0,65535_65535,1,4,251,1529,1,1,1,86,1529,15,1,1,allocated
631,1091,low_traffic,0,0,65535_65535,1,3,251,1343,0,1,0,85,0,14,1,1,pre_allocation
631,1091,low_traffic,0,0,65535_65535,1,3,251,1359,1,1,1,86,1359,14,1,1,allocated
631,1091,low_traffic,0,0,65535_65535,1,4,251,1529,0,1,0,86,0,15,1,1,pre_allocation
631,1091,low_traffic,0,0,65535_65535,1,4,251,1544,1,1,1,87,1544,15,1,1,allocated
631,1091,low_traffic,0,0,65535_65535,1,3,251,1359,0,1,0,86,0,14,1,1,pre_allocation
631,1091,low_traffic,0,0,65535_65535,1,3,251,1375,1,1,1,87,1375,14,1,1,allocated
631,1091,low_traffic,0,0,65535_65535,1,4,251,1544,0,1,0,87,0,15,1,1,pre_allocation
631,1091,low_traffic,0,0,65535_65535,1,4,251,1562,1,1,1,88,1562,15,1,1,allocated
631,1091,low_traffic,0,0,65535_65535,1,3,251,1375,0,1,0,87,0,14,1,1,pre_allocation
631,1091,low_traffic,0,0,65535_65535,1,3,251,1390,1,1,1,88,1390,14,1,1,allocated
631,1091,low_traffic,0,0,65535_65535,1,4,251,1562,0,1,0,88,0,15,1,1,pre_allocation
631,1091,low_traffic,0,0,65535_65535,1,4,251,1579,1,1,1,89,1579,15,1,1,allocated
631,1091,low_traffic,0,0,65535_65535,1,3,251,1390,0,1,0,88,0,14,1,1,pre_allocation
631,1091,low_traffic,0,0,65535_65535,1,3,251,1406,1,1,1,89,1406,14,1,1,allocated
631,1091,low_traffic,0,0,65535_65535,1,4,251,1579,0,1,0,89,0,15,1,1,pre_allocation
631,1091,low_traffic,0,0,65535_65535,1,4,251,1597,1,1,1,90,1597,15,1,1,allocated
631,1091,low_traffic,0,0,65535_65535,1,3,251,1406,0,1,0,89,0,14,1,1,pre_allocation
631,1091,low_traffic,0,0,65535_65535,1,3,251,1422,1,1,1,90,1422,14,1,1,allocated
631,1091,low_traffic,0,0,65535_65535,1,4,251,1597,0,1,0,90,0,15,1,1,pre_allocation
631,1091,low_traffic,0,0,65535_65535,1,4,251,1615,1,1,1,91,1615,15,1,1,allocated
631,1091,low_traffic,0,0,65535_65535,1,3,251,1422,0,1,0,90,0,14,1,1,pre_allocation
631,1091,low_traffic,0,0,65535_65535,1,3,251,1438,1,1,1,91,1438,14,1,1,allocated
631,1091,low_traffic,0,0,65535_65535,1,4,251,1615,0,1,0,91,0,15,1,1,pre_allocation
631,1091,low_traffic,0,0,65535_65535,1,4,251,1633,1,1,1,92,1633,15,1,1,allocated
631,1091,low_traffic,0,0,65535_65535,1,3,251,1438,0,1,0,91,0,14,1,1,pre_allocation
631,1091,low_traffic,0,0,65535_65535,1,3,251,1454,1,1,1,92,1454,14,1,1,allocated
631,1091,low_traffic,0,0,65535_65535,1,4,251,1633,0,1,0,92,0,15,1,1,pre_allocation
631,1091,low_traffic,0,0,65535_65535,1,4,251,1651,1,1,1,93,1651,15,1,1,allocated
631,1091,low_traffic,0,0,65535_65535,1,3,251,1454,0,1,0,92,0,14,1,1,pre_allocation
631,1091,low_traffic,0,0,65535_65535,1,3,251,1470,1,1,1,93,1470,14,1,1,allocated
631,1091,low_traffic,0,0,65535_65535,1,4,251,1651,0,1,0,93,0,15,1,1,pre_allocation
631,1091,low_traffic,0,0,65535_65535,1,4,251,1669,1,1,1,94,1669,15,1,1,allocated
631,1091,low_traffic,0,0,65535_65535,1,3,251,1470,0,1,0,93,0,14,1,1,pre_allocation
631,1091,low_traffic,0,0,65535_65535,1,3,251,1485,1,1,1,94,1485,14,1,1,allocated
631,1091,low_traffic,0,0,65535_65535,1,4,251,1669,0,1,0,94,0,15,1,1,pre_allocation
631,1091,low_traffic,0,0,65535_65535,1,4,251,1686,1,1,1,95,1686,15,1,1,allocated
631,1091,low_traffic,0,0,65535_65535,1,3,251,1485,0,1,0,94,0,14,1,1,pre_allocation
631,1091,low_traffic,0,0,65535_65535,1,3,251,1501,1,1,1,95,1501,14,1,1,allocated
631,1091,low_traffic,0,0,65535_65535,1,4,251,1686,0,1,0,95,0,15,1,1,pre_allocation
631,1091,low_traffic,0,0,65535_65535,1,4,251,1704,1,1,1,96,1704,15,1,1,allocated
631,1091,low_traffic,0,0,65535_65535,1,3,251,1501,0,1,0,95,0,14,1,1,pre_allocation
631,1091,low_traffic,0,0,65535_65535,1,3,251,1517,1,1,1,96,1517,14,1,1,allocated
631,1091,low_traffic,0,0,65535_65535,1,4,251,1704,0,1,0,96,0,15,1,1,pre_allocation
631,1091,low_traffic,0,0,65535_65535,1,4,251,1722,1,1,1,97,1722,15,1,1,allocated
631,1091,low_traffic,0,0,65535_65535,1,3,251,1517,0,1,0,96,0,14,1,1,pre_allocation
631,1091,low_traffic,0,0,65535_65535,1,3,251,1533,1,1,1,97,1533,14,1,1,allocated
631,1091,low_traffic,0,0,65535_65535,1,4,251,1722,0,1,0,97,0,15,1,1,pre_allocation
631,1091,low_traffic,0,0,65535_65535,1,4,251,1740,1,1,1,98,1740,15,1,1,allocated
631,1091,low_traffic,0,0,65535_65535,1,3,251,1533,0,1,0,97,0,14,1,1,pre_allocation
631,1091,low_traffic,0,0,65535_65535,1,3,251,1546,1,1,1,98,1546,14,1,1,allocated
631,1091,low_traffic,0,0,65535_65535,1,4,251,1740,0,1,0,98,0,15,1,1,pre_allocation
631,1091,low_traffic,0,0,65535_65535,1,4,251,1758,1,1,1,99,1758,15,1,1,allocated
631,1091,low_traffic,0,0,65535_65535,1,3,251,1546,0,1,0,98,0,14,1,1,pre_allocation
631,1091,low_traffic,0,0,65535_65535,1,3,251,1562,1,1,1,99,1562,14,1,1,allocated
631,1091,low_traffic,0,0,65535_65535,1,4,251,1758,0,1,0,99,0,15,1,1,pre_allocation
631,1091,low_traffic,0,0,65535_65535,1,4,251,1776,1,1,1,100,1776,15,1,1,allocated
631,1091,low_traffic,0,0,65535_65535,1,3,251,1562,0,1,0,99,0,14,1,1,pre_allocation
631,1091,low_traffic,0,0,65535_65535,1,3,251,1578,1,1,1,100,1578,14,1,1,allocated
743,1189,low_traffic,0,0,65535_65535,0,2,1397099,0,0,1,0,0,0,14,1,1,pre_allocation
743,1189,low_traffic,0,0,65535_65535,0,2,1397099,12,1,1,1,1,12,14,1,1,allocated
743,1189,low_traffic,0,0,65535_65535,0,2,1397099,12,0,1,0,1,0,14,1,1,pre_allocation
743,1189,low_traffic,0,0,65535_65535,0,2,1397099,28,1,1,1,2,28,14,1,1,allocated
743,1189,low_traffic,0,0,65535_65535,0,2,1397099,28,0,1,0,2,0,14,1,1,pre_allocation
743,1189,low_traffic,0,0,65535_65535,0,2,1397099,44,1,1,1,3,44,14,1,1,allocated
743,1189,low_traffic,0,0,65535_65535,0,2,1397099,44,0,1,0,3,0,14,1,1,pre_allocation
743,1189,low_traffic,0,0,65535_65535,0,2,1397099,60,1,1,1,4,60,14,1,1,allocated
743,1189,low_traffic,0,0,65535_65535,0,2,1397099,60,0,1,0,4,0,14,1,1,pre_allocation
743,1189,low_traffic,0,0,65535_65535,0,2,1397099,76,1,1,1,5,76,14,1,1,allocated
743,1189,low_traffic,0,0,65535_65535,0,2,1397099,76,0,1,0,5,0,14,1,1,pre_allocation
743,1189,low_traffic,0,0,65535_65535,0,2,1397099,92,1,1,1,6,92,14,1,1,allocated
743,1189,low_traffic,0,0,65535_65535,0,2,1397099,92,0,1,0,6,0,14,1,1,pre_allocation
743,1189,low_traffic,0,0,65535_65535,0,2,1397099,107,1,1,1,7,107,14,1,1,allocated
743,1189,low_traffic,0,0,65535_65535,0,2,1397099,107,0,1,0,7,0,14,1,1,pre_allocation
743,1189,low_traffic,0,0,65535_65535,0,2,1397099,123,1,1,1,8,123,14,1,1,allocated
743,1189,low_traffic,0,0,65535_65535,0,2,1397099,123,0,1,0,8,0,14,1,1,pre_allocation
743,1189,low_traffic,0,0,65535_65535,0,2,1397099,139,1,1,1,9,139,14,1,1,allocated
743,1189,low_traffic,0,0,65535_65535,0,2,1397099,139,0,1,0,9,0,14,1,1,pre_allocation
743,1189,low_traffic,0,0,65535_65535,0,2,1397099,155,1,1,1,10,155,14,1,1,allocated
743,1189,low_traffic,0,0,65535_65535,0,2,1397099,155,0,1,0,10,0,14,1,1,pre_allocation
743,1189,low_traffic,0,0,65535_65535,0,2,1397099,171,1,1,1,11,171,14,1,1,allocated
743,1189,low_traffic,0,0,65535_65535,0,2,1397099,171,0,1,0,11,0,14,1,1,pre_allocation
743,1189,low_traffic,0,0,65535_65535,0,2,1397099,187,1,1,1,12,187,14,1,1,allocated
743,1189,low_traffic,0,0,65535_65535,0,2,1397099,187,0,1,0,12,0,14,1,1,pre_allocation
743,1189,low_traffic,0,0,65535_65535,0,2,1397099,202,1,1,1,13,202,14,1,1,allocated
743,1189,low_traffic,0,0,65535_65535,0,2,1397099,202,0,1,0,13,0,14,1,1,pre_allocation
743,1189,low_traffic,0,0,65535_65535,0,2,1397099,218,1,1,1,14,218,14,1,1,allocated
743,1189,low_traffic,0,0,65535_65535,0,2,1397099,218,0,1,0,14,0,14,1,1,pre_allocation
743,1189,low_traffic,0,0,65535_65535,0,2,1397099,234,1,1,1,15,234,14,1,1,allocated
743,1189,low_traffic,0,0,65535_65535,0,2,1397099,234,0,1,0,15,0,14,1,1,pre_allocation
743,1189,low_traffic,0,0,65535_65535,0,2,1397099,250,1,1,1,16,250,14,1,1,allocated
743,1189,low_traffic,0,0,65535_65535,0,2,1397099,250,0,1,0,16,0,14,1,1,pre_allocation
743,1189,low_traffic,0,0,65535_65535,0,2,1397099,266,1,1,1,17,266,14,1,1,allocated
743,1189,low_traffic,0,0,65535_65535,0,2,1397099,266,0,1,0,17,0,14,1,1,pre_allocation
743,1189,low_traffic,0,0,65535_65535,0,2,1397099,282,1,1,1,18,282,14,1,1,allocated
743,1189,low_traffic,0,0,65535_65535,0,2,1397099,282,0,1,0,18,0,14,1,1,pre_allocation
743,1189,low_traffic,0,0,65535_65535,0,2,1397099,297,1,1,1,19,297,14,1,1,allocated
743,1189,low_traffic,0,0,65535_65535,0,2,1397099,297,0,1,0,19,0,14,1,1,pre_allocation
743,1189,low_traffic,0,0,65535_65535,0,2,1397099,313,1,1,1,20,313,14,1,1,allocated
743,1189,low_traffic,0,0,65535_65535,0,2,1397099,313,0,1,0,20,0,14,1,1,pre_allocation
743,1189,low_traffic,0,0,65535_65535,0,2,1397099,329,1,1,1,21,329,14,1,1,allocated
743,1189,low_traffic,0,0,65535_65535,0,2,1397099,329,0,1,0,21,0,14,1,1,pre_allocation
743,1189,low_traffic,0,0,65535_65535,0,2,1397099,345,1,1,1,22,345,14,1,1,allocated
743,1189,low_traffic,0,0,65535_65535,0,2,1397099,345,0,1,0,22,0,14,1,1,pre_allocation
743,1189,low_traffic,0,0,65535_65535,0,2,1397099,361,1,1,1,23,361,14,1,1,allocated
743,1189,low_traffic,0,0,65535_65535,0,2,1397099,361,0,1,0,23,0,14,1,1,pre_allocation
743,1189,low_traffic,0,0,65535_65535,0,2,1397099,377,1,1,1,24,377,14,1,1,allocated
743,1189,low_traffic,0,0,65535_65535,0,2,1397099,377,0,1,0,24,0,14,1,1,pre_allocation
743,1189,low_traffic,0,0,65535_65535,0,2,1397099,393,1,1,1,25,393,14,1,1,allocated
743,1189,low_traffic,0,0,65535_65535,0,2,1397099,393,0,1,0,25,0,14,1,1,pre_allocation
743,1189,low_traffic,0,0,65535_65535,0,2,1397099,408,1,1,1,26,408,14,1,1,allocated
743,1189,low_traffic,0,0,65535_65535,0,2,1397099,408,0,1,0,26,0,14,1,1,pre_allocation
743,1189,low_traffic,0,0,65535_65535,0,2,1397099,424,1,1,1,27,424,14,1,1,allocated
743,1189,low_traffic,0,0,65535_65535,0,2,1397099,424,0,1,0,27,0,14,1,1,pre_allocation
743,1189,low_traffic,0,0,65535_65535,0,2,1397099,440,1,1,1,28,440,14,1,1,allocated
743,1189,low_traffic,0,0,65535_65535,0,2,1397099,440,0,1,0,28,0,14,1,1,pre_allocation
743,1189,low_traffic,0,0,65535_65535,0,2,1397099,456,1,1,1,29,456,14,1,1,allocated
743,1189,low_traffic,0,0,65535_65535,0,2,1397099,456,0,1,0,29,0,14,1,1,pre_allocation
743,1189,low_traffic,0,0,65535_65535,0,2,1397099,472,1,1,1,30,472,14,1,1,allocated
743,1189,low_traffic,0,0,65535_65535,0,2,1397099,472,0,1,0,30,0,14,1,1,pre_allocation
743,1189,low_traffic,0,0,65535_65535,0,2,1397099,488,1,1,1,31,488,14,1,1,allocated
743,1189,low_traffic,0,0,65535_65535,0,2,1397099,488,0,1,0,31,0,14,1,1,pre_allocation
743,1189,low_traffic,0,0,65535_65535,0,2,1397099,503,1,1,1,32,503,14,1,1,allocated
743,1189,low_traffic,0,0,65535_65535,0,2,1397099,503,0,1,0,32,0,14,1,1,pre_allocation
743,1189,low_traffic,0,0,65535_65535,0,2,1397099,519,1,1,1,33,519,14,1,1,allocated
743,1189,low_traffic,0,0,65535_65535,0,2,1397099,519,0,1,0,33,0,14,1,1,pre_allocation
743,1189,low_traffic,0,0,65535_65535,0,2,1397099,535,1,1,1,34,535,14,1,1,allocated
743,1189,low_traffic,0,0,65535_65535,0,2,1397099,535,0,1,0,34,0,14,1,1,pre_allocation
743,1189,low_traffic,0,0,65535_65535,0,2,1397099,551,1,1,1,35,551,14,1,1,allocated
743,1189,low_traffic,0,0,65535_65535,0,2,1397099,551,0,1,0,35,0,14,1,1,pre_allocation
743,1189,low_traffic,0,0,65535_65535,0,2,1397099,567,1,1,1,36,567,14,1,1,allocated
743,1189,low_traffic,0,0,65535_65535,0,2,1397099,567,0,1,0,36,0,14,1,1,pre_allocation
743,1189,low_traffic,0,0,65535_65535,0,2,1397099,583,1,1,1,37,583,14,1,1,allocated
743,1189,low_traffic,0,0,65535_65535,0,2,1397099,583,0,1,0,37,0,14,1,1,pre_allocation
743,1189,low_traffic,0,0,65535_65535,0,2,1397099,598,1,1,1,38,598,14,1,1,allocated
743,1189,low_traffic,0,0,65535_65535,0,2,1397099,598,0,1,0,38,0,14,1,1,pre_allocation
743,1189,low_traffic,0,0,65535_65535,0,2,1397099,614,1,1,1,39,614,14,1,1,allocated
743,1189,low_traffic,0,0,65535_65535,0,2,1397099,614,0,1,0,39,0,14,1,1,pre_allocation
743,1189,low_traffic,0,0,65535_65535,0,2,1397099,630,1,1,1,40,630,14,1,1,allocated
743,1189,low_traffic,0,0,65535_65535,0,2,1397099,630,0,1,0,40,0,14,1,1,pre_allocation
743,1189,low_traffic,0,0,65535_65535,0,2,1397099,646,1,1,1,41,646,14,1,1,allocated
743,1189,low_traffic,0,0,65535_65535,0,2,1397099,646,0,1,0,41,0,14,1,1,pre_allocation
743,1189,low_traffic,0,0,65535_65535,0,2,1397099,662,1,1,1,42,662,14,1,1,allocated
743,1189,low_traffic,0,0,65535_65535,0,2,1397099,662,0,1,0,42,0,14,1,1,pre_allocation
743,1189,low_traffic,0,0,65535_65535,0,2,1397099,678,1,1,1,43,678,14,1,1,allocated
743,1189,low_traffic,0,0,65535_65535,0,2,1397099,678,0,1,0,43,0,14,1,1,pre_allocation
743,1189,low_traffic,0,0,65535_65535,0,2,1397099,693,1,1,1,44,693,14,1,1,allocated
743,1189,low_traffic,0,0,65535_65535,1,4,169,0,0,1,0,0,0,2,1,1,pre_allocation
743,1189,low_traffic,0,0,65535_65535,1,4,169,1,1,1,1,1,1,2,1,1,allocated
743,1189,low_traffic,0,0,65535_65535,1,3,169,0,0,1,0,0,0,14,1,1,pre_allocation
743,1189,low_traffic,0,0,65535_65535,1,3,169,12,1,1,1,1,12,14,1,1,allocated
743,1189,low_traffic,0,0,65535_65535,1,4,169,1,0,1,0,1,0,2,1,1,pre_allocation
743,1189,low_traffic,0,0,65535_65535,1,4,169,0,1,1,1,2,0,2,1,1,allocated
743,1189,low_traffic,0,0,65535_65535,1,3,169,12,0,1,0,1,0,14,1,1,pre_allocation
743,1189,low_traffic,0,0,65535_65535,1,3,169,28,1,1,1,2,28,14,1,1,allocated
743,1189,low_traffic,0,0,65535_65535,1,4,169,0,0,1,0,2,0,2,1,1,pre_allocation
743,1189,low_traffic,0,0,65535_65535,1,4,169,2,1,1,1,3,2,2,1,1,allocated
743,1189,low_traffic,0,0,65535_65535,1,3,169,28,0,1,0,2,0,14,1,1,pre_allocation
743,1189,low_traffic,0,0,65535_65535,1,3,169,44,1,1,1,3,44,14,1,1,allocated
743,1189,low_traffic,0,0,65535_65535,1,4,169,2,0,1,0,3,0,2,1,1,pre_allocation
743,1189,low_traffic,0,0,65535_65535,1,4,169,4,1,1,1,4,4,2,1,1,allocated
743,1189,low_traffic,0,0,65535_65535,1,3,169,44,0,1,0,3,0,14,1,1,pre_allocation
743,1189,low_traffic,0,0,65535_65535,1,3,169,60,1,1,1,4,60,14,1,1,allocated
743,1189,low_traffic,0,0,65535_65535,1,4,169,4,0,1,0,4,0,2,1,1,pre_allocation
743,1189,low_traffic,0,0,65535_65535,1,4,169,6,1,1,1,5,6,2,1,1,allocated
743,1189,low_traffic,0,0,65535_65535,1,3,169,60,0,1,0,4,0,14,1,1,pre_allocation
743,1189,low_traffic,0,0,65535_65535,1,3,169,76,1,1,1,5,76,14,1,1,allocated
743,1189,low_traffic,0,0,65535_65535,1,4,169,6,0,1,0,5,0,2,1,1,pre_allocation
743,1189,low_traffic,0,0,65535_65535,1,4,169,7,1,1,1,6,7,2,1,1,allocated
743,1189,low_traffic,0,0,65535_65535,1,3,169,76,0,1,0,5,0,14,1,1,pre_allocation
743,1189,low_traffic,0,0,65535_65535,1,3,169,92,1,1,1,6,92,14,1,1,allocated
743,1189,low_traffic,0,0,65535_65535,1,4,169,7,0,1,0,6,0,2,1,1,pre_allocation
743,1189,low_traffic,0,0,65535_65535,1,4,169,9,1,1,1,7,9,2,1,1,allocated
743,1189,low_traffic,0,0,65535_65535,1,3,169,92,0,1,0,6,0,14,1,1,pre_allocation
743,1189,low_traffic,0,0,65535_65535,1,3,169,107,1,1,1,7,107,14,1,1,allocated
743,1189,low_traffic,0,0,65535_65535,1,4,169,9,0,1,0,7,0,2,1,1,pre_allocation
743,1189,low_traffic,0,0,65535_65535,1,4,169,11,1,1,1,8,11,2,1,1,allocated
743,1189,low_traffic,0,0,65535_65535,1,3,169,107,0,1,0,7,0,14,1,1,pre_allocation
743,1189,low_traffic,0,0,65535_65535,1,3,169,123,1,1,1,8,123,14,1,1,allocated
743,1189,low_traffic,0,0,65535_65535,1,4,169,11,0,1,0,8,0,2,1,1,pre_allocation
743,1189,low_traffic,0,0,65535_65535,1,4,169,13,1,1,1,9,13,2,1,1,allocated
743,1189,low_traffic,0,0,65535_65535,1,3,169,123,0,1,0,8,0,14,1,1,pre_allocation
743,1189,low_traffic,0,0,65535_65535,1,3,169,139,1,1,1,9,139,14,1,1,allocated
743,1189,low_traffic,0,0,65535_65535,1,4,169,13,0,1,0,9,0,2,1,1,pre_allocation
743,1189,low_traffic,0,0,65535_65535,1,4,169,15,1,1,1,10,15,2,1,1,allocated
743,1189,low_traffic,0,0,65535_65535,1,3,169,139,0,1,0,9,0,14,1,1,pre_allocation
743,1189,low_traffic,0,0,65535_65535,1,3,169,155,1,1,1,10,155,14,1,1,allocated
743,1189,low_traffic,0,0,65535_65535,1,4,169,15,0,1,0,10,0,2,1,1,pre_allocation
743,1189,low_traffic,0,0,65535_65535,1,4,169,16,1,1,1,11,16,2,1,1,allocated
743,1189,low_traffic,0,0,65535_65535,1,3,169,155,0,1,0,10,0,14,1,1,pre_allocation
743,1189,low_traffic,0,0,65535_65535,1,3,169,171,1,1,1,11,171,14,1,1,allocated
743,1189,low_traffic,0,0,65535_65535,1,4,169,16,0,1,0,11,0,2,1,1,pre_allocation
743,1189,low_traffic,0,0,65535_65535,1,4,169,18,1,1,1,12,18,2,1,1,allocated
743,1189,low_traffic,0,0,65535_65535,1,3,169,171,0,1,0,11,0,14,1,1,pre_allocation
743,1189,low_traffic,0,0,65535_65535,1,3,169,187,1,1,1,12,187,14,1,1,allocated
743,1189,low_traffic,0,0,65535_65535,1,4,169,18,0,1,0,12,0,2,1,1,pre_allocation
743,1189,low_traffic,0,0,65535_65535,1,4,169,20,1,1,1,13,20,2,1,1,allocated
743,1189,low_traffic,0,0,65535_65535,1,3,169,187,0,1,0,12,0,14,1,1,pre_allocation
743,1189,low_traffic,0,0,65535_65535,1,3,169,202,1,1,1,13,202,14,1,1,allocated
743,1189,low_traffic,0,0,65535_65535,1,4,169,20,0,1,0,13,0,2,1,1,pre_allocation
743,1189,low_traffic,0,0,65535_65535,1,4,169,22,1,1,1,14,22,2,1,1,allocated
743,1189,low_traffic,0,0,65535_65535,1,3,169,202,0,1,0,13,0,14,1,1,pre_allocation
743,1189,low_traffic,0,0,65535_65535,1,3,169,218,1,1,1,14,218,14,1,1,allocated
743,1189,low_traffic,0,0,65535_65535,1,4,169,22,0,1,0,14,0,2,1,1,pre_allocation
743,1189,low_traffic,0,0,65535_65535,1,4,169,24,1,1,1,15,24,2,1,1,allocated
743,1189,low_traffic,0,0,65535_65535,1,3,169,218,0,1,0,14,0,14,1,1,pre_allocation
743,1189,low_traffic,0,0,65535_65535,1,3,169,234,1,1,1,15,234,14,1,1,allocated
743,1189,low_traffic,0,0,65535_65535,1,4,169,24,0,1,0,15,0,2,1,1,pre_allocation
743,1189,low_traffic,0,0,65535_65535,1,4,169,26,1,1,1,16,26,2,1,1,allocated
743,1189,low_traffic,0,0,65535_65535,1,3,169,234,0,1,0,15,0,14,1,1,pre_allocation
743,1189,low_traffic,0,0,65535_65535,1,3,169,250,1,1,1,16,250,14,1,1,allocated
743,1189,low_traffic,0,0,65535_65535,1,4,169,26,0,1,0,16,0,2,1,1,pre_allocation
743,1189,low_traffic,0,0,65535_65535,1,4,169,27,1,1,1,17,27,2,1,1,allocated
743,1189,low_traffic,0,0,65535_65535,1,3,169,250,0,1,0,16,0,14,1,1,pre_allocation
743,1189,low_traffic,0,0,65535_65535,1,3,169,266,1,1,1,17,266,14,1,1,allocated
743,1189,low_traffic,0,0,65535_65535,1,4,169,27,0,1,0,17,0,2,1,1,pre_allocation
743,1189,low_traffic,0,0,65535_65535,1,4,169,29,1,1,1,18,29,2,1,1,allocated
743,1189,low_traffic,0,0,65535_65535,1,3,169,266,0,1,0,17,0,14,1,1,pre_allocation
743,1189,low_traffic,0,0,65535_65535,1,3,169,282,1,1,1,18,282,14,1,1,allocated
743,1189,low_traffic,0,0,65535_65535,1,4,169,29,0,1,0,18,0,2,1,1,pre_allocation
743,1189,low_traffic,0,0,65535_65535,1,4,169,31,1,1,1,19,31,2,1,1,allocated
743,1189,low_traffic,0,0,65535_65535,1,3,169,282,0,1,0,18,0,14,1,1,pre_allocation
743,1189,low_traffic,0,0,65535_65535,1,3,169,297,1,1,1,19,297,14,1,1,allocated
743,1189,low_traffic,0,0,65535_65535,1,4,169,31,0,1,0,19,0,2,1,1,pre_allocation
743,1189,low_traffic,0,0,65535_65535,1,4,169,33,1,1,1,20,33,2,1,1,allocated
743,1189,low_traffic,0,0,65535_65535,1,3,169,297,0,1,0,19,0,14,1,1,pre_allocation
743,1189,low_traffic,0,0,65535_65535,1,3,169,313,1,1,1,20,313,14,1,1,allocated
743,1189,low_traffic,0,0,65535_65535,1,4,169,33,0,1,0,20,0,2,1,1,pre_allocation
743,1189,low_traffic,0,0,65535_65535,1,4,169,35,1,1,1,21,35,2,1,1,allocated
743,1189,low_traffic,0,0,65535_65535,1,3,169,313,0,1,0,20,0,14,1,1,pre_allocation
743,1189,low_traffic,0,0,65535_65535,1,3,169,329,1,1,1,21,329,14,1,1,allocated
743,1189,low_traffic,0,0,65535_65535,1,4,169,35,0,1,0,21,0,2,1,1,pre_allocation
743,1189,low_traffic,0,0,65535_65535,1,4,169,36,1,1,1,22,36,2,1,1,allocated
743,1189,low_traffic,0,0,65535_65535,1,3,169,329,0,1,0,21,0,14,1,1,pre_allocation
743,1189,low_traffic,0,0,65535_65535,1,3,169,345,1,1,1,22,345,14,1,1,allocated
743,1189,low_traffic,0,0,65535_65535,1,4,169,36,0,1,0,22,0,2,1,1,pre_allocation
743,1189,low_traffic,0,0,65535_65535,1,4,169,38,1,1,1,23,38,2,1,1,allocated
743,1189,low_traffic,0,0,65535_65535,1,3,169,345,0,1,0,22,0,14,1,1,pre_allocation
743,1189,low_traffic,0,0,65535_65535,1,3,169,361,1,1,1,23,361,14,1,1,allocated
743,1189,low_traffic,0,0,65535_65535,1,4,169,38,0,1,0,23,0,2,1,1,pre_allocation
743,1189,low_traffic,0,0,65535_65535,1,4,169,40,1,1,1,24,40,2,1,1,allocated
743,1189,low_traffic,0,0,65535_65535,1,3,169,361,0,1,0,23,0,14,1,1,pre_allocation
743,1189,low_traffic,0,0,65535_65535,1,3,169,377,1,1,1,24,377,14,1,1,allocated
743,1189,low_traffic,0,0,65535_65535,1,4,169,40,0,1,0,24,0,2,1,1,pre_allocation
743,1189,low_traffic,0,0,65535_65535,1,4,169,42,1,1,1,25,42,2,1,1,allocated
743,1189,low_traffic,0,0,65535_65535,1,3,169,377,0,1,0,24,0,14,1,1,pre_allocation
743,1189,low_traffic,0,0,65535_65535,1,3,169,393,1,1,1,25,393,14,1,1,allocated
743,1189,low_traffic,0,0,65535_65535,1,4,169,42,0,1,0,25,0,2,1,1,pre_allocation
743,1189,low_traffic,0,0,65535_65535,1,4,169,44,1,1,1,26,44,2,1,1,allocated
743,1189,low_traffic,0,0,65535_65535,1,3,169,393,0,1,0,25,0,14,1,1,pre_allocation
743,1189,low_traffic,0,0,65535_65535,1,3,169,408,1,1,1,26,408,14,1,1,allocated
743,1189,low_traffic,0,0,65535_65535,1,4,169,44,0,1,0,26,0,2,1,1,pre_allocation
743,1189,low_traffic,0,0,65535_65535,1,4,169,46,1,1,1,27,46,2,1,1,allocated
743,1189,low_traffic,0,0,65535_65535,1,3,169,408,0,1,0,26,0,14,1,1,pre_allocation
743,1189,low_traffic,0,0,65535_65535,1,3,169,424,1,1,1,27,424,14,1,1,allocated
743,1189,low_traffic,0,0,65535_65535,1,4,169,46,0,1,0,27,0,2,1,1,pre_allocation
743,1189,low_traffic,0,0,65535_65535,1,4,169,47,1,1,1,28,47,2,1,1,allocated
743,1189,low_traffic,0,0,65535_65535,1,3,169,424,0,1,0,27,0,14,1,1,pre_allocation
743,1189,low_traffic,0,0,65535_65535,1,3,169,440,1,1,1,28,440,14,1,1,allocated
743,1189,low_traffic,0,0,65535_65535,1,4,169,47,0,1,0,28,0,2,1,1,pre_allocation
743,1189,low_traffic,0,0,65535_65535,1,4,169,49,1,1,1,29,49,2,1,1,allocated
743,1189,low_traffic,0,0,65535_65535,1,3,169,440,0,1,0,28,0,14,1,1,pre_allocation
743,1189,low_traffic,0,0,65535_65535,1,3,169,456,1,1,1,29,456,14,1,1,allocated
743,1189,low_traffic,0,0,65535_65535,1,4,169,49,0,1,0,29,0,2,1,1,pre_allocation
743,1189,low_traffic,0,0,65535_65535,1,4,169,51,1,1,1,30,51,2,1,1,allocated
743,1189,low_traffic,0,0,65535_65535,1,3,169,456,0,1,0,29,0,14,1,1,pre_allocation
743,1189,low_traffic,0,0,65535_65535,1,3,169,472,1,1,1,30,472,14,1,1,allocated
743,1189,low_traffic,0,0,65535_65535,1,4,169,51,0,1,0,30,0,2,1,1,pre_allocation
743,1189,low_traffic,0,0,65535_65535,1,4,169,53,1,1,1,31,53,2,1,1,allocated
743,1189,low_traffic,0,0,65535_65535,1,3,169,472,0,1,0,30,0,14,1,1,pre_allocation
743,1189,low_traffic,0,0,65535_65535,1,3,169,488,1,1,1,31,488,14,1,1,allocated
743,1189,low_traffic,0,0,65535_65535,1,4,169,53,0,1,0,31,0,2,1,1,pre_allocation
743,1189,low_traffic,0,0,65535_65535,1,4,169,55,1,1,1,32,55,2,1,1,allocated
743,1189,low_traffic,0,0,65535_65535,1,3,169,488,0,1,0,31,0,14,1,1,pre_allocation
743,1189,low_traffic,0,0,65535_65535,1,3,169,503,1,1,1,32,503,14,1,1,allocated
743,1189,low_traffic,0,0,65535_65535,1,4,169,55,0,1,0,32,0,2,1,1,pre_allocation
743,1189,low_traffic,0,0,65535_65535,1,4,169,56,1,1,1,33,56,2,1,1,allocated
743,1189,low_traffic,0,0,65535_65535,1,3,169,503,0,1,0,32,0,14,1,1,pre_allocation
743,1189,low_traffic,0,0,65535_65535,1,3,169,519,1,1,1,33,519,14,1,1,allocated
743,1189,low_traffic,0,0,65535_65535,1,4,169,56,0,1,0,33,0,2,1,1,pre_allocation
743,1189,low_traffic,0,0,65535_65535,1,4,169,58,1,1,1,34,58,2,1,1,allocated
743,1189,low_traffic,0,0,65535_65535,2,10,137,0,0,1,0,0,0,15,1,1,pre_allocation
743,1189,low_traffic,0,0,65535_65535,2,10,137,14,1,1,1,1,14,15,1,1,allocated
743,1189,low_traffic,0,0,65535_65535,2,9,137,0,0,1,0,0,0,28,1,1,pre_allocation
743,1189,low_traffic,0,0,65535_65535,2,9,137,42,1,1,1,1,42,28,1,1,allocated
743,1189,low_traffic,0,0,65535_65535,2,8,137,0,0,1,0,0,0,28,1,1,pre_allocation
743,1189,low_traffic,0,0,65535_65535,2,8,137,42,1,1,1,1,42,28,1,1,allocated
743,1189,low_traffic,0,0,65535_65535,2,6,137,0,0,1,0,0,0,28,1,1,pre_allocation
743,1189,low_traffic,0,0,65535_65535,2,6,137,42,1,1,1,1,42,28,1,1,allocated
743,1189,low_traffic,0,0,65535_65535,2,10,137,14,0,1,0,1,0,15,1,1,pre_allocation
743,1189,low_traffic,0,0,65535_65535,2,10,137,32,1,1,1,2,32,15,1,1,allocated
743,1189,low_traffic,0,0,65535_65535,2,9,137,42,0,1,0,1,0,28,1,1,pre_allocation
743,1189,low_traffic,0,0,65535_65535,2,9,137,88,1,1,1,2,88,28,1,1,allocated
743,1189,low_traffic,0,0,65535_65535,2,8,137,42,0,1,0,1,0,28,1,1,pre_allocation
743,1189,low_traffic,0,0,65535_65535,2,8,137,88,1,1,1,2,88,28,1,1,allocated
743,1189,low_traffic,0,0,65535_65535,2,6,137,42,0,1,0,1,0,28,1,1,pre_allocation
743,1189,low_traffic,0,0,65535_65535,2,6,137,88,1,1,1,2,88,28,1,1,allocated
743,1189,low_traffic,0,0,65535_65535,2,10,137,32,0,1,0,2,0,15,1,1,pre_allocation
743,1189,low_traffic,0,0,65535_65535,2,10,137,50,1,1,1,3,50,15,1,1,allocated
743,1189,low_traffic,0,0,65535_65535,2,9,137,88,0,1,0,2,0,28,1,1,pre_allocation
743,1189,low_traffic,0,0,65535_65535,2,9,137,133,1,1,1,3,133,28,1,1,allocated
743,1189,low_traffic,0,0,65535_65535,2,8,137,88,0,1,0,2,0,28,1,1,pre_allocation
743,1189,low_traffic,0,0,65535_65535,2,8,137,133,1,1,1,3,133,28,1,1,allocated
743,1189,low_traffic,0,0,65535_65535,2,6,137,88,0,1,0,2,0,28,1,1,pre_allocation
743,1189,low_traffic,0,0,65535_65535,2,6,137,133,1,1,1,3,133,28,1,1,allocated
743,1189,low_traffic,0,0,65535_65535,2,10,137,50,0,1,0,3,0,15,1,1,pre_allocation
743,1189,low_traffic,0,0,65535_65535,2,10,137,68,1,1,1,4,68,15,1,1,allocated
743,1189,low_traffic,0,0,65535_65535,2,9,137,133,0,1,0,3,0,28,1,1,pre_allocation
743,1189,low_traffic,0,0,65535_65535,2,9,137,179,1,1,1,4,179,28,1,1,allocated
743,1189,low_traffic,0,0,65535_65535,2,8,137,133,0,1,0,3,0,28,1,1,pre_allocation
743,1189,low_traffic,0,0,65535_65535,2,8,137,179,1,1,1,4,179,28,1,1,allocated
743,1189,low_traffic,0,0,65535_65535,2,6,137,133,0,1,0,3,0,28,1,1,pre_allocation
743,1189,low_traffic,0,0,65535_65535,2,6,137,179,1,1,1,4,179,28,1,1,allocated
743,1189,low_traffic,0,0,65535_65535,2,10,137,68,0,1,0,4,0,15,1,1,pre_allocation
743,1189,low_traffic,0,0,65535_65535,2,10,137,86,1,1,1,5,86,15,1,1,allocated
743,1189,low_traffic,0,0,65535_65535,2,9,137,179,0,1,0,4,0,28,1,1,pre_allocation
743,1189,low_traffic,0,0,65535_65535,2,9,137,224,1,1,1,5,224,28,1,1,allocated
743,1189,low_traffic,0,0,65535_65535,2,8,137,179,0,1,0,4,0,28,1,1,pre_allocation
743,1189,low_traffic,0,0,65535_65535,2,8,137,224,1,1,1,5,224,28,1,1,allocated
743,1189,low_traffic,0,0,65535_65535,2,6,137,179,0,1,0,4,0,28,1,1,pre_allocation
743,1189,low_traffic,0,0,65535_65535,2,6,137,224,1,1,1,5,224,28,1,1,allocated
743,1189,low_traffic,0,0,65535_65535,2,10,137,86,0,1,0,5,0,15,1,1,pre_allocation
743,1189,low_traffic,0,0,65535_65535,2,10,137,103,1,1,1,6,103,15,1,1,allocated
743,1189,low_traffic,0,0,65535_65535,2,9,137,224,0,1,0,5,0,28,1,1,pre_allocation
743,1189,low_traffic,0,0,65535_65535,2,9,137,270,1,1,1,6,270,28,1,1,allocated
743,1189,low_traffic,0,0,65535_65535,2,8,137,224,0,1,0,5,0,28,1,1,pre_allocation
743,1189,low_traffic,0,0,65535_65535,2,8,137,270,1,1,1,6,270,28,1,1,allocated
743,1189,low_traffic,0,0,65535_65535,2,6,137,224,0,1,0,5,0,28,1,1,pre_allocation
743,1189,low_traffic,0,0,65535_65535,2,6,137,270,1,1,1,6,270,28,1,1,allocated
743,1189,low_traffic,0,0,65535_65535,2,10,137,103,0,1,0,6,0,15,1,1,pre_allocation
743,1189,low_traffic,0,0,65535_65535,2,10,137,121,1,1,1,7,121,15,1,1,allocated
743,1189,low_traffic,0,0,65535_65535,2,9,137,270,0,1,0,6,0,28,1,1,pre_allocation
743,1189,low_traffic,0,0,65535_65535,2,9,137,315,1,1,1,7,315,28,1,1,allocated
743,1189,low_traffic,0,0,65535_65535,2,8,137,270,0,1,0,6,0,28,1,1,pre_allocation
743,1189,low_traffic,0,0,65535_65535,2,8,137,315,1,1,1,7,315,28,1,1,allocated
743,1189,low_traffic,0,0,65535_65535,2,6,137,270,0,1,0,6,0,28,1,1,pre_allocation
743,1189,low_traffic,0,0,65535_65535,2,6,137,315,1,1,1,7,315,28,1,1,allocated
743,1189,low_traffic,0,0,65535_65535,2,10,137,121,0,1,0,7,0,15,1,1,pre_allocation
743,1189,low_traffic,0,0,65535_65535,2,10,137,139,1,1,1,8,139,15,1,1,allocated
743,1189,low_traffic,0,0,65535_65535,2,9,137,315,0,1,0,7,0,28,1,1,pre_allocation
743,1189,low_traffic,0,0,65535_65535,2,9,137,361,1,1,1,8,361,28,1,1,allocated
743,1189,low_traffic,0,0,65535_65535,2,8,137,315,0,1,0,7,0,28,1,1,pre_allocation
743,1189,low_traffic,0,0,65535_65535,2,8,137,361,1,1,1,8,361,28,1,1,allocated
743,1189,low_traffic,0,0,65535_65535,2,6,137,315,0,1,0,7,0,28,1,1,pre_allocation
743,1189,low_traffic,0,0,65535_65535,2,6,137,361,1,1,1,8,361,28,1,1,allocated
743,1189,low_traffic,0,0,65535_65535,2,10,137,139,0,1,0,8,0,15,1,1,pre_allocation
743,1189,low_traffic,0,0,65535_65535,2,10,137,157,1,1,1,9,157,15,1,1,allocated
743,1189,low_traffic,0,0,65535_65535,2,9,137,361,0,1,0,8,0,28,1,1,pre_allocation
743,1189,low_traffic,0,0,65535_65535,2,9,137,406,1,1,1,9,406,28,1,1,allocated
743,1189,low_traffic,0,0,65535_65535,2,8,137,361,0,1,0,8,0,28,1,1,pre_allocation
743,1189,low_traffic,0,0,65535_65535,2,8,137,406,1,1,1,9,406,28,1,1,allocated
743,1189,low_traffic,0,0,65535_65535,2,6,137,361,0,1,0,8,0,28,1,1,pre_allocation
743,1189,low_traffic,0,0,65535_65535,2,6,137,406,1,1,1,9,406,28,1,1,allocated
743,1189,low_traffic,0,0,65535_65535,2,10,137,157,0,1,0,9,0,15,1,1,pre_allocation
743,1189,low_traffic,0,0,65535_65535,2,10,137,175,1,1,1,10,175,15,1,1,allocated
743,1189,low_traffic,0,0,65535_65535,2,9,137,406,0,1,0,9,0,28,1,1,pre_allocation
743,1189,low_traffic,0,0,65535_65535,2,9,137,452,1,1,1,10,452,28,1,1,allocated
743,1189,low_traffic,0,0,65535_65535,2,8,137,406,0,1,0,9,0,28,1,1,pre_allocation
743,1189,low_traffic,0,0,65535_65535,2,8,137,452,1,1,1,10,452,28,1,1,allocated
743,1189,low_traffic,0,0,65535_65535,2,6,137,406,0,1,0,9,0,28,1,1,pre_allocation
743,1189,low_traffic,0,0,65535_65535,2,6,137,452,1,1,1,10,452,28,1,1,allocated
743,1189,low_traffic,0,0,65535_65535,2,10,137,175,0,1,0,10,0,15,1,1,pre_allocation
743,1189,low_traffic,0,0,65535_65535,2,10,137,193,1,1,1,11,193,15,1,1,allocated
743,1189,low_traffic,0,0,65535_65535,2,9,137,452,0,1,0,10,0,28,1,1,pre_allocation
743,1189,low_traffic,0,0,65535_65535,2,9,137,497,1,1,1,11,497,28,1,1,allocated
743,1189,low_traffic,0,0,65535_65535,2,8,137,452,0,1,0,10,0,28,1,1,pre_allocation
743,1189,low_traffic,0,0,65535_65535,2,8,137,497,1,1,1,11,497,28,1,1,allocated
743,1189,low_traffic,0,0,65535_65535,2,6,137,452,0,1,0,10,0,28,1,1,pre_allocation
743,1189,low_traffic,0,0,65535_65535,2,6,137,497,1,1,1,11,497,28,1,1,allocated
743,1189,low_traffic,0,0,65535_65535,2,10,137,193,0,1,0,11,0,15,1,1,pre_allocation
743,1189,low_traffic,0,0,65535_65535,2,10,137,210,1,1,1,12,210,15,1,1,allocated
743,1189,low_traffic,0,0,65535_65535,2,9,137,497,0,1,0,11,0,28,1,1,pre_allocation
743,1189,low_traffic,0,0,65535_65535,2,9,137,543,1,1,1,12,543,28,1,1,allocated
743,1189,low_traffic,0,0,65535_65535,2,8,137,497,0,1,0,11,0,28,1,1,pre_allocation
743,1189,low_traffic,0,0,65535_65535,2,8,137,543,1,1,1,12,543,28,1,1,allocated
743,1189,low_traffic,0,0,65535_65535,2,6,137,497,0,1,0,11,0,28,1,1,pre_allocation
743,1189,low_traffic,0,0,65535_65535,2,6,137,543,1,1,1,12,543,28,1,1,allocated
743,1189,low_traffic,0,0,65535_65535,2,10,137,210,0,1,0,12,0,15,1,1,pre_allocation
743,1189,low_traffic,0,0,65535_65535,2,10,137,228,1,1,1,13,228,15,1,1,allocated
743,1189,low_traffic,0,0,65535_65535,2,9,137,543,0,1,0,12,0,28,1,1,pre_allocation
743,1189,low_traffic,0,0,65535_65535,2,9,137,589,1,1,1,13,589,28,1,1,allocated
743,1189,low_traffic,0,0,65535_65535,2,8,137,543,0,1,0,12,0,28,1,1,pre_allocation
743,1189,low_traffic,0,0,65535_65535,2,8,137,589,1,1,1,13,589,28,1,1,allocated
743,1189,low_traffic,0,0,65535_65535,2,6,137,543,0,1,0,12,0,28,1,1,pre_allocation
743,1189,low_traffic,0,0,65535_65535,2,6,137,589,1,1,1,13,589,28,1,1,allocated
743,1189,low_traffic,0,0,65535_65535,2,10,137,228,0,1,0,13,0,15,1,1,pre_allocation
743,1189,low_traffic,0,0,65535_65535,2,10,137,246,1,1,1,14,246,15,1,1,allocated
743,1189,low_traffic,0,0,65535_65535,2,9,137,589,0,1,0,13,0,28,1,1,pre_allocation
743,1189,low_traffic,0,0,65535_65535,2,9,137,634,1,1,1,14,634,28,1,1,allocated
743,1189,low_traffic,0,0,65535_65535,2,8,137,589,0,1,0,13,0,28,1,1,pre_allocation
743,1189,low_traffic,0,0,65535_65535,2,8,137,634,1,1,1,14,634,28,1,1,allocated
743,1189,low_traffic,0,0,65535_65535,2,6,137,589,0,1,0,13,0,28,1,1,pre_allocation
743,1189,low_traffic,0,0,65535_65535,2,6,137,634,1,1,1,14,634,28,1,1,allocated
743,1189,low_traffic,0,0,65535_65535,2,10,137,246,0,1,0,14,0,15,1,1,pre_allocation
743,1189,low_traffic,0,0,65535_65535,2,10,137,264,1,1,1,15,264,15,1,1,allocated
743,1189,low_traffic,0,0,65535_65535,2,9,137,634,0,1,0,14,0,28,1,1,pre_allocation
743,1189,low_traffic,0,0,65535_65535,2,9,137,680,1,1,1,15,680,28,1,1,allocated
743,1189,low_traffic,0,0,65535_65535,2,8,137,634,0,1,0,14,0,28,1,1,pre_allocation
743,1189,low_traffic,0,0,65535_65535,2,8,137,680,1,1,1,15,680,28,1,1,allocated
743,1189,low_traffic,0,0,65535_65535,2,6,137,634,0,1,0,14,0,28,1,1,pre_allocation
743,1189,low_traffic,0,0,65535_65535,2,6,137,680,1,1,1,15,680,28,1,1,allocated
743,1189,low_traffic,0,0,65535_65535,2,10,137,264,0,1,0,15,0,15,1,1,pre_allocation
743,1189,low_traffic,0,0,65535_65535,2,10,137,282,1,1,1,16,282,15,1,1,allocated
743,1189,low_traffic,0,0,65535_65535,2,9,137,680,0,1,0,15,0,28,1,1,pre_allocation
743,1189,low_traffic,0,0,65535_65535,2,9,137,725,1,1,1,16,725,28,1,1,allocated
743,1189,low_traffic,0,0,65535_65535,2,8,137,680,0,1,0,15,0,28,1,1,pre_allocation
743,1189,low_traffic,0,0,65535_65535,2,8,137,725,1,1,1,16,725,28,1,1,allocated
743,1189,low_traffic,0,0,65535_65535,2,6,137,680,0,1,0,15,0,28,1,1,pre_allocation
743,1189,low_traffic,0,0,65535_65535,2,6,137,725,1,1,1,16,725,28,1,1,allocated
743,1189,low_traffic,0,0,65535_65535,2,10,137,282,0,1,0,16,0,15,1,1,pre_allocation
743,1189,low_traffic,0,0,65535_65535,2,10,137,299,1,1,1,17,299,15,1,1,allocated
743,1189,low_traffic,0,0,65535_65535,2,9,137,725,0,1,0,16,0,28,1,1,pre_allocation
743,1189,low_traffic,0,0,65535_65535,2,9,137,771,1,1,1,17,771,28,1,1,allocated
743,1189,low_traffic,0,0,65535_65535,2,8,137,725,0,1,0,16,0,28,1,1,pre_allocation
743,1189,low_traffic,0,0,65535_65535,2,8,137,771,1,1,1,17,771,28,1,1,allocated
743,1189,low_traffic,0,0,65535_65535,2,6,137,725,0,1,0,16,0,28,1,1,pre_allocation
743,1189,low_traffic,0,0,65535_65535,2,6,137,771,1,1,1,17,771,28,1,1,allocated
743,1189,low_traffic,0,0,65535_65535,2,10,137,299,0,1,0,17,0,15,1,1,pre_allocation
743,1189,low_traffic,0,0,65535_65535,2,10,137,317,1,1,1,18,317,15,1,1,allocated
743,1189,low_traffic,0,0,65535_65535,2,9,137,771,0,1,0,17,0,28,1,1,pre_allocation
743,1189,low_traffic,0,0,65535_65535,2,9,137,816,1,1,1,18,816,28,1,1,allocated
743,1189,low_traffic,0,0,65535_65535,2,8,137,771,0,1,0,17,0,28,1,1,pre_allocation
743,1189,low_traffic,0,0,65535_65535,2,8,137,816,1,1,1,18,816,28,1,1,allocated
743,1189,low_traffic,0,0,65535_65535,2,6,137,771,0,1,0,17,0,28,1,1,pre_allocation
743,1189,low_traffic,0,0,65535_65535,2,6,137,816,1,1,1,18,816,28,1,1,allocated
743,1189,low_traffic,0,0,65535_65535,2,10,137,317,0,1,0,18,0,15,1,1,pre_allocation
743,1189,low_traffic,0,0,65535_65535,2,10,137,335,1,1,1,19,335,15,1,1,allocated
743,1189,low_traffic,0,0,65535_65535,2,9,137,816,0,1,0,18,0,28,1,1,pre_allocation
743,1189,low_traffic,0,0,65535_65535,2,9,137,862,1,1,1,19,862,28,1,1,allocated
743,1189,low_traffic,0,0,65535_65535,2,8,137,816,0,1,0,18,0,28,1,1,pre_allocation
743,1189,low_traffic,0,0,65535_65535,2,8,137,862,1,1,1,19,862,28,1,1,allocated
743,1189,low_traffic,0,0,65535_65535,2,6,137,816,0,1,0,18,0,28,1,1,pre_allocation
743,1189,low_traffic,0,0,65535_65535,2,6,137,862,1,1,1,19,862,28,1,1,allocated
743,1189,low_traffic,0,0,65535_65535,2,10,137,335,0,1,0,19,0,15,1,1,pre_allocation
743,1189,low_traffic,0,0,65535_65535,2,10,137,353,1,1,1,20,353,15,1,1,allocated
743,1189,low_traffic,0,0,65535_65535,2,9,137,862,0,1,0,19,0,28,1,1,pre_allocation
743,1189,low_traffic,0,0,65535_65535,2,9,137,907,1,1,1,20,907,28,1,1,allocated
743,1189,low_traffic,0,0,65535_65535,2,8,137,862,0,1,0,19,0,28,1,1,pre_allocation
743,1189,low_traffic,0,0,65535_65535,2,8,137,907,1,1,1,20,907,28,1,1,allocated
743,1189,low_traffic,0,0,65535_65535,2,6,137,862,0,1,0,19,0,28,1,1,pre_allocation
743,1189,low_traffic,0,0,65535_65535,2,6,137,907,1,1,1,20,907,28,1,1,allocated
743,1189,low_traffic,0,0,65535_65535,2,10,137,353,0,1,0,20,0,15,1,1,pre_allocation
743,1189,low_traffic,0,0,65535_65535,2,10,137,371,1,1,1,21,371,15,1,1,allocated
743,1189,low_traffic,0,0,65535_65535,2,9,137,907,0,1,0,20,0,28,1,1,pre_allocation
743,1189,low_traffic,0,0,65535_65535,2,9,137,953,1,1,1,21,953,28,1,1,allocated
743,1189,low_traffic,0,0,65535_65535,2,8,137,907,0,1,0,20,0,28,1,1,pre_allocation
743,1189,low_traffic,0,0,65535_65535,2,8,137,953,1,1,1,21,953,28,1,1,allocated
743,1189,low_traffic,0,0,65535_65535,2,6,137,907,0,1,0,20,0,28,1,1,pre_allocation
743,1189,low_traffic,0,0,65535_65535,2,6,137,953,1,1,1,21,953,28,1,1,allocated
743,1189,low_traffic,0,0,65535_65535,2,10,137,371,0,1,0,21,0,15,1,1,pre_allocation
743,1189,low_traffic,0,0,65535_65535,2,10,137,389,1,1,1,22,389,15,1,1,allocated
743,1189,low_traffic,0,0,65535_65535,2,9,137,953,0,1,0,21,0,28,1,1,pre_allocation
743,1189,low_traffic,0,0,65535_65535,2,9,137,998,1,1,1,22,998,28,1,1,allocated
743,1189,low_traffic,0,0,65535_65535,2,8,137,953,0,1,0,21,0,28,1,1,pre_allocation
743,1189,low_traffic,0,0,65535_65535,2,8,137,998,1,1,1,22,998,28,1,1,allocated
743,1189,low_traffic,0,0,65535_65535,2,6,137,953,0,1,0,21,0,28,1,1,pre_allocation
743,1189,low_traffic,0,0,65535_65535,2,6,137,998,1,1,1,22,998,28,1,1,allocated
743,1189,low_traffic,0,0,65535_65535,2,10,137,389,0,1,0,22,0,15,1,1,pre_allocation
743,1189,low_traffic,0,0,65535_65535,2,10,137,406,1,1,1,23,406,15,1,1,allocated
743,1189,low_traffic,0,0,65535_65535,2,9,137,998,0,1,0,22,0,28,1,1,pre_allocation
743,1189,low_traffic,0,0,65535_65535,2,9,137,1044,1,1,1,23,1044,28,1,1,allocated
743,1189,low_traffic,0,0,65535_65535,2,8,137,998,0,1,0,22,0,28,1,1,pre_allocation
743,1189,low_traffic,0,0,65535_65535,2,8,137,1044,1,1,1,23,1044,28,1,1,allocated
743,1189,low_traffic,0,0,65535_65535,2,6,137,998,0,1,0,22,0,28,1,1,pre_allocation
743,1189,low_traffic,0,0,65535_65535,2,6,137,1044,1,1,1,23,1044,28,1,1,allocated
743,1189,low_traffic,0,0,65535_65535,2,10,137,406,0,1,0,23,0,15,1,1,pre_allocation
743,1189,low_traffic,0,0,65535_65535,2,10,137,424,1,1,1,24,424,15,1,1,allocated
743,1189,low_traffic,0,0,65535_65535,2,9,137,1044,0,1,0,23,0,28,1,1,pre_allocation
743,1189,low_traffic,0,0,65535_65535,2,9,137,1089,1,1,1,24,1089,28,1,1,allocated
743,1189,low_traffic,0,0,65535_65535,2,8,137,1044,0,1,0,23,0,28,1,1,pre_allocation
743,1189,low_traffic,0,0,65535_65535,2,8,137,1089,1,1,1,24,1089,28,1,1,allocated
743,1189,low_traffic,0,0,65535_65535,2,6,137,1044,0,1,0,23,0,28,1,1,pre_allocation
743,1189,low_traffic,0,0,65535_65535,2,6,137,1089,1,1,1,24,1089,28,1,1,allocated
743,1189,low_traffic,0,0,65535_65535,2,10,137,424,0,1,0,24,0,15,1,1,pre_allocation
743,1189,low_traffic,0,0,65535_65535,2,10,137,442,1,1,1,25,442,15,1,1,allocated
743,1189,low_traffic,0,0,65535_65535,2,9,137,1089,0,1,0,24,0,28,1,1,pre_allocation
743,1189,low_traffic,0,0,65535_65535,2,9,137,1135,1,1,1,25,1135,28,1,1,allocated
743,1189,low_traffic,0,0,65535_65535,2,8,137,1089,0,1,0,24,0,28,1,1,pre_allocation
743,1189,low_traffic,0,0,65535_65535,2,8,137,1135,1,1,1,25,1135,28,1,1,allocated
743,1189,low_traffic,0,0,65535_65535,2,6,137,1089,0,1,0,24,0,28,1,1,pre_allocation
743,1189,low_traffic,0,0,65535_65535,2,6,137,1135,1,1,1,25,1135,28,1,1,allocated
743,1189,low_traffic,0,0,65535_65535,2,10,137,442,0,1,0,25,0,15,1,1,pre_allocation
743,1189,low_traffic,0,0,65535_65535,2,10,137,460,1,1,1,26,460,15,1,1,allocated
743,1189,low_traffic,0,0,65535_65535,2,9,137,1135,0,1,0,25,0,28,1,1,pre_allocation
743,1189,low_traffic,0,0,65535_65535,2,9,137,1181,1,1,1,26,1181,28,1,1,allocated
743,1189,low_traffic,0,0,65535_65535,2,8,137,1135,0,1,0,25,0,28,1,1,pre_allocation
743,1189,low_traffic,0,0,65535_65535,2,8,137,1181,1,1,1,26,1181,28,1,1,allocated
743,1189,low_traffic,0,0,65535_65535,2,6,137,1135,0,1,0,25,0,28,1,1,pre_allocation
743,1189,low_traffic,0,0,65535_65535,2,6,137,1181,1,1,1,26,1181,28,1,1,allocated
743,1189,low_traffic,0,0,65535_65535,2,10,137,460,0,1,0,26,0,15,1,1,pre_allocation
743,1189,low_traffic,0,0,65535_65535,2,10,137,478,1,1,1,27,478,15,1,1,allocated
743,1189,low_traffic,0,0,65535_65535,2,9,137,1181,0,1,0,26,0,28,1,1,pre_allocation
743,1189,low_traffic,0,0,65535_65535,2,9,137,1226,1,1,1,27,1226,28,1,1,allocated
743,1189,low_traffic,0,0,65535_65535,2,8,137,1181,0,1,0,26,0,28,1,1,pre_allocation
743,1189,low_traffic,0,0,65535_65535,2,8,137,1226,1,1,1,27,1226,28,1,1,allocated
743,1189,low_traffic,0,0,65535_65535,2,6,137,1181,0,1,0,26,0,28,1,1,pre_allocation
743,1189,low_traffic,0,0,65535_65535,2,6,137,1226,1,1,1,27,1226,28,1,1,allocated
743,1189,low_traffic,0,0,65535_65535,2,10,137,478,0,1,0,27,0,15,1,1,pre_allocation
743,1189,low_traffic,0,0,65535_65535,2,10,137,495,1,1,1,28,495,15,1,1,allocated
743,1189,low_traffic,0,0,65535_65535,2,9,137,1226,0,1,0,27,0,28,1,1,pre_allocation
743,1189,low_traffic,0,0,65535_65535,2,9,137,1272,1,1,1,28,1272,28,1,1,allocated
743,1189,low_traffic,0,0,65535_65535,2,8,137,1226,0,1,0,27,0,28,1,1,pre_allocation
743,1189,low_traffic,0,0,65535_65535,2,8,137,1272,1,1,1,28,1272,28,1,1,allocated
743,1189,low_traffic,0,0,65535_65535,2,6,137,1226,0,1,0,27,0,28,1,1,pre_allocation
743,1189,low_traffic,0,0,65535_65535,2,6,137,1272,1,1,1,28,1272,28,1,1,allocated
743,1189,low_traffic,0,0,65535_65535,2,10,137,495,0,1,0,28,0,15,1,1,pre_allocation
743,1189,low_traffic,0,0,65535_65535,2,10,137,513,1,1,1,29,513,15,1,1,allocated
743,1189,low_traffic,0,0,65535_65535,2,9,137,1272,0,1,0,28,0,28,1,1,pre_allocation
743,1189,low_traffic,0,0,65535_65535,2,9,137,1317,1,1,1,29,1317,28,1,1,allocated
743,1189,low_traffic,0,0,65535_65535,2,8,137,1272,0,1,0,28,0,28,1,1,pre_allocation
743,1189,low_traffic,0,0,65535_65535,2,8,137,1317,1,1,1,29,1317,28,1,1,allocated
743,1189,low_traffic,0,0,65535_65535,2,6,137,1272,0,1,0,28,0,28,1,1,pre_allocation
743,1189,low_traffic,0,0,65535_65535,2,6,137,1317,1,1,1,29,1317,28,1,1,allocated
743,1189,low_traffic,0,0,65535_65535,2,10,137,513,0,1,0,29,0,15,1,1,pre_allocation
743,1189,low_traffic,0,0,65535_65535,2,10,137,531,1,1,1,30,531,15,1,1,allocated
743,1189,low_traffic,0,0,65535_65535,2,9,137,1317,0,1,0,29,0,28,1,1,pre_allocation
743,1189,low_traffic,0,0,65535_65535,2,9,137,1363,1,1,1,30,1363,28,1,1,allocated
743,1189,low_traffic,0,0,65535_65535,2,8,137,1317,0,1,0,29,0,28,1,1,pre_allocation
743,1189,low_traffic,0,0,65535_65535,2,8,137,1363,1,1,1,30,1363,28,1,1,allocated
743,1189,low_traffic,0,0,65535_65535,2,6,137,1317,0,1,0,29,0,28,1,1,pre_allocation
743,1189,low_traffic,0,0,65535_65535,2,6,137,1363,1,1,1,30,1363,28,1,1,allocated
743,1189,low_traffic,0,0,65535_65535,2,10,137,531,0,1,0,30,0,15,1,1,pre_allocation
743,1189,low_traffic,0,0,65535_65535,2,10,137,549,1,1,1,31,549,15,1,1,allocated
743,1189,low_traffic,0,0,65535_65535,2,9,137,1363,0,1,0,30,0,28,1,1,pre_allocation
743,1189,low_traffic,0,0,65535_65535,2,9,137,1408,1,1,1,31,1408,28,1,1,allocated
743,1189,low_traffic,0,0,65535_65535,2,8,137,1363,0,1,0,30,0,28,1,1,pre_allocation
743,1189,low_traffic,0,0,65535_65535,2,8,137,1408,1,1,1,31,1408,28,1,1,allocated
743,1189,low_traffic,0,0,65535_65535,2,6,137,1363,0,1,0,30,0,28,1,1,pre_allocation
743,1189,low_traffic,0,0,65535_65535,2,6,137,1408,1,1,1,31,1408,28,1,1,allocated
743,1189,low_traffic,0,0,65535_65535,2,10,137,549,0,1,0,31,0,15,1,1,pre_allocation
743,1189,low_traffic,0,0,65535_65535,2,10,137,567,1,1,1,32,567,15,1,1,allocated
743,1189,low_traffic,0,0,65535_65535,2,9,137,1408,0,1,0,31,0,28,1,1,pre_allocation
743,1189,low_traffic,0,0,65535_65535,2,9,137,1454,1,1,1,32,1454,28,1,1,allocated
743,1189,low_traffic,0,0,65535_65535,2,8,137,1408,0,1,0,31,0,28,1,1,pre_allocation
743,1189,low_traffic,0,0,65535_65535,2,8,137,1454,1,1,1,32,1454,28,1,1,allocated
743,1189,low_traffic,0,0,65535_65535,2,6,137,1408,0,1,0,31,0,28,1,1,pre_allocation
743,1189,low_traffic,0,0,65535_65535,2,6,137,1454,1,1,1,32,1454,28,1,1,allocated
743,1189,low_traffic,0,0,65535_65535,2,10,137,567,0,1,0,32,0,15,1,1,pre_allocation
743,1189,low_traffic,0,0,65535_65535,2,10,137,585,1,1,1,33,585,15,1,1,allocated
743,1189,low_traffic,0,0,65535_65535,2,9,137,1454,0,1,0,32,0,28,1,1,pre_allocation
743,1189,low_traffic,0,0,65535_65535,2,9,137,1499,1,1,1,33,1499,28,1,1,allocated
743,1189,low_traffic,0,0,65535_65535,2,8,137,1454,0,1,0,32,0,28,1,1,pre_allocation
743,1189,low_traffic,0,0,65535_65535,2,8,137,1499,1,1,1,33,1499,28,1,1,allocated
743,1189,low_traffic,0,0,65535_65535,2,6,137,1454,0,1,0,32,0,28,1,1,pre_allocation
743,1189,low_traffic,0,0,65535_65535,2,6,137,1499,1,1,1,33,1499,28,1,1,allocated
743,1189,low_traffic,0,0,65535_65535,2,10,137,585,0,1,0,33,0,15,1,1,pre_allocation
743,1189,low_traffic,0,0,65535_65535,2,10,137,602,1,1,1,34,602,15,1,1,allocated
743,1189,low_traffic,0,0,65535_65535,2,9,137,1499,0,1,0,33,0,28,1,1,pre_allocation
743,1189,low_traffic,0,0,65535_65535,2,9,137,1542,1,1,1,34,1542,28,1,1,allocated
743,1189,low_traffic,0,0,65535_65535,2,8,137,1499,0,1,0,33,0,28,1,1,pre_allocation
743,1189,low_traffic,0,0,65535_65535,2,8,137,1542,1,1,1,34,1542,28,1,1,allocated
743,1189,low_traffic,0,0,65535_65535,2,6,137,1499,0,1,0,33,0,28,1,1,pre_allocation
743,1189,low_traffic,0,0,65535_65535,2,6,137,1542,1,1,1,34,1542,28,1,1,allocated
743,1189,low_traffic,0,0,65535_65535,2,10,137,602,0,1,0,34,0,15,1,1,pre_allocation
743,1189,low_traffic,0,0,65535_65535,2,10,137,620,1,1,1,35,620,15,1,1,allocated
743,1189,low_traffic,0,0,65535_65535,2,9,137,1542,0,1,0,34,0,28,1,1,pre_allocation
743,1189,low_traffic,0,0,65535_65535,2,9,137,1587,1,1,1,35,1587,28,1,1,allocated
743,1189,low_traffic,0,0,65535_65535,2,8,137,1542,0,1,0,34,0,28,1,1,pre_allocation
743,1189,low_traffic,0,0,65535_65535,2,8,137,1587,1,1,1,35,1587,28,1,1,allocated
743,1189,low_traffic,0,0,65535_65535,2,6,137,1542,0,1,0,34,0,28,1,1,pre_allocation
743,1189,low_traffic,0,0,65535_65535,2,6,137,1587,1,1,1,35,1587,28,1,1,allocated
743,1189,low_traffic,0,0,65535_65535,2,10,137,620,0,1,0,35,0,15,1,1,pre_allocation
743,1189,low_traffic,0,0,65535_65535,2,10,137,638,1,1,1,36,638,15,1,1,allocated
743,1189,low_traffic,0,0,65535_65535,2,9,137,1587,0,1,0,35,0,28,1,1,pre_allocation
743,1189,low_traffic,0,0,65535_65535,2,9,137,1633,1,1,1,36,1633,28,1,1,allocated
743,1189,low_traffic,0,0,65535_65535,2,8,137,1587,0,1,0,35,0,28,1,1,pre_allocation
743,1189,low_traffic,0,0,65535_65535,2,8,137,1633,1,1,1,36,1633,28,1,1,allocated
743,1189,low_traffic,0,0,65535_65535,2,6,137,1587,0,1,0,35,0,28,1,1,pre_allocation
743,1189,low_traffic,0,0,65535_65535,2,6,137,1633,1,1,1,36,1633,28,1,1,allocated
743,1189,low_traffic,0,0,65535_65535,2,10,137,638,0,1,0,36,0,15,1,1,pre_allocation
743,1189,low_traffic,0,0,65535_65535,2,10,137,656,1,1,1,37,656,15,1,1,allocated
743,1189,low_traffic,0,0,65535_65535,2,9,137,1633,0,1,0,36,0,28,1,1,pre_allocation
743,1189,low_traffic,0,0,65535_65535,2,9,137,1678,1,1,1,37,1678,28,1,1,allocated
743,1189,low_traffic,0,0,65535_65535,2,8,137,1633,0,1,0,36,0,28,1,1,pre_allocation
743,1189,low_traffic,0,0,65535_65535,2,8,137,1678,1,1,1,37,1678,28,1,1,allocated
743,1189,low_traffic,0,0,65535_65535,2,6,137,1633,0,1,0,36,0,28,1,1,pre_allocation
743,1189,low_traffic,0,0,65535_65535,2,6,137,1678,1,1,1,37,1678,28,1,1,allocated
743,1189,low_traffic,0,0,65535_65535,2,10,137,656,0,1,0,37,0,15,1,1,pre_allocation
743,1189,low_traffic,0,0,65535_65535,2,10,137,674,1,1,1,38,674,15,1,1,allocated
743,1189,low_traffic,0,0,65535_65535,2,9,137,1678,0,1,0,37,0,28,1,1,pre_allocation
743,1189,low_traffic,0,0,65535_65535,2,9,137,1724,1,1,1,38,1724,28,1,1,allocated
743,1189,low_traffic,0,0,65535_65535,2,8,137,1678,0,1,0,37,0,28,1,1,pre_allocation
743,1189,low_traffic,0,0,65535_65535,2,8,137,1724,1,1,1,38,1724,28,1,1,allocated
743,1189,low_traffic,0,0,65535_65535,2,6,137,1678,0,1,0,37,0,28,1,1,pre_allocation
743,1189,low_traffic,0,0,65535_65535,2,6,137,1724,1,1,1,38,1724,28,1,1,allocated
743,1189,low_traffic,0,0,65535_65535,2,10,137,674,0,1,0,38,0,15,1,1,pre_allocation
743,1189,low_traffic,0,0,65535_65535,2,10,137,691,1,1,1,39,691,15,1,1,allocated
743,1189,low_traffic,0,0,65535_65535,2,9,137,1724,0,1,0,38,0,28,1,1,pre_allocation
743,1189,low_traffic,0,0,65535_65535,2,9,137,1770,1,1,1,39,1770,28,1,1,allocated
743,1189,low_traffic,0,0,65535_65535,2,8,137,1724,0,1,0,38,0,28,1,1,pre_allocation
743,1189,low_traffic,0,0,65535_65535,2,8,137,1770,1,1,1,39,1770,28,1,1,allocated
855,1287,low_traffic,0,0,65535_65535,0,2,1597336,0,0,1,0,0,0,14,1,1,pre_allocation
855,1287,low_traffic,0,0,65535_65535,0,2,1597336,12,1,1,1,1,12,14,1,1,allocated
855,1287,low_traffic,0,0,65535_65535,0,2,1597336,12,0,1,0,1,0,14,1,1,pre_allocation
855,1287,low_traffic,0,0,65535_65535,0,2,1597336,28,1,1,1,2,28,14,1,1,allocated
855,1287,low_traffic,0,0,65535_65535,0,2,1597336,28,0,1,0,2,0,14,1,1,pre_allocation
855,1287,low_traffic,0,0,65535_65535,0,2,1597336,44,1,1,1,3,44,14,1,1,allocated
855,1287,low_traffic,0,0,65535_65535,0,2,1597336,44,0,1,0,3,0,14,1,1,pre_allocation
855,1287,low_traffic,0,0,65535_65535,0,2,1597336,60,1,1,1,4,60,14,1,1,allocated
855,1287,low_traffic,0,0,65535_65535,0,2,1597336,60,0,1,0,4,0,14,1,1,pre_allocation
855,1287,low_traffic,0,0,65535_65535,0,2,1597336,76,1,1,1,5,76,14,1,1,allocated
855,1287,low_traffic,0,0,65535_65535,0,2,1597336,76,0,1,0,5,0,14,1,1,pre_allocation
855,1287,low_traffic,0,0,65535_65535,0,2,1597336,92,1,1,1,6,92,14,1,1,allocated
855,1287,low_traffic,0,0,65535_65535,0,2,1597336,92,0,1,0,6,0,14,1,1,pre_allocation
855,1287,low_traffic,0,0,65535_65535,0,2,1597336,107,1,1,1,7,107,14,1,1,allocated
855,1287,low_traffic,0,0,65535_65535,0,2,1597336,107,0,1,0,7,0,14,1,1,pre_allocation
855,1287,low_traffic,0,0,65535_65535,0,2,1597336,123,1,1,1,8,123,14,1,1,allocated
855,1287,low_traffic,0,0,65535_65535,0,2,1597336,123,0,1,0,8,0,14,1,1,pre_allocation
855,1287,low_traffic,0,0,65535_65535,0,2,1597336,139,1,1,1,9,139,14,1,1,allocated
855,1287,low_traffic,0,0,65535_65535,0,2,1597336,139,0,1,0,9,0,14,1,1,pre_allocation
855,1287,low_traffic,0,0,65535_65535,0,2,1597336,155,1,1,1,10,155,14,1,1,allocated
855,1287,low_traffic,0,0,65535_65535,0,2,1597336,155,0,1,0,10,0,14,1,1,pre_allocation
855,1287,low_traffic,0,0,65535_65535,0,2,1597336,171,1,1,1,11,171,14,1,1,allocated
855,1287,low_traffic,0,0,65535_65535,0,2,1597336,171,0,1,0,11,0,14,1,1,pre_allocation
855,1287,low_traffic,0,0,65535_65535,0,2,1597336,187,1,1,1,12,187,14,1,1,allocated
855,1287,low_traffic,0,0,65535_65535,0,2,1597336,187,0,1,0,12,0,14,1,1,pre_allocation
855,1287,low_traffic,0,0,65535_65535,0,2,1597336,202,1,1,1,13,202,14,1,1,allocated
855,1287,low_traffic,0,0,65535_65535,0,2,1597336,202,0,1,0,13,0,14,1,1,pre_allocation
855,1287,low_traffic,0,0,65535_65535,0,2,1597336,218,1,1,1,14,218,14,1,1,allocated
855,1287,low_traffic,0,0,65535_65535,0,2,1597336,218,0,1,0,14,0,14,1,1,pre_allocation
855,1287,low_traffic,0,0,65535_65535,0,2,1597336,234,1,1,1,15,234,14,1,1,allocated
855,1287,low_traffic,0,0,65535_65535,0,2,1597336,234,0,1,0,15,0,14,1,1,pre_allocation
855,1287,low_traffic,0,0,65535_65535,0,2,1597336,250,1,1,1,16,250,14,1,1,allocated
855,1287,low_traffic,0,0,65535_65535,0,2,1597336,250,0,1,0,16,0,14,1,1,pre_allocation
855,1287,low_traffic,0,0,65535_65535,0,2,1597336,266,1,1,1,17,266,14,1,1,allocated
855,1287,low_traffic,0,0,65535_65535,0,2,1597336,266,0,1,0,17,0,14,1,1,pre_allocation
855,1287,low_traffic,0,0,65535_65535,0,2,1597336,282,1,1,1,18,282,14,1,1,allocated
855,1287,low_traffic,0,0,65535_65535,0,2,1597336,282,0,1,0,18,0,14,1,1,pre_allocation
855,1287,low_traffic,0,0,65535_65535,0,2,1597336,297,1,1,1,19,297,14,1,1,allocated
855,1287,low_traffic,0,0,65535_65535,0,2,1597336,297,0,1,0,19,0,14,1,1,pre_allocation
855,1287,low_traffic,0,0,65535_65535,0,2,1597336,313,1,1,1,20,313,14,1,1,allocated
855,1287,low_traffic,0,0,65535_65535,0,2,1597336,313,0,1,0,20,0,14,1,1,pre_allocation
855,1287,low_traffic,0,0,65535_65535,0,2,1597336,329,1,1,1,21,329,14,1,1,allocated
855,1287,low_traffic,0,0,65535_65535,0,2,1597336,329,0,1,0,21,0,14,1,1,pre_allocation
855,1287,low_traffic,0,0,65535_65535,0,2,1597336,345,1,1,1,22,345,14,1,1,allocated
855,1287,low_traffic,0,0,65535_65535,0,2,1597336,345,0,1,0,22,0,14,1,1,pre_allocation
855,1287,low_traffic,0,0,65535_65535,0,2,1597336,361,1,1,1,23,361,14,1,1,allocated
855,1287,low_traffic,0,0,65535_65535,0,2,1597336,361,0,1,0,23,0,14,1,1,pre_allocation
855,1287,low_traffic,0,0,65535_65535,0,2,1597336,377,1,1,1,24,377,14,1,1,allocated
855,1287,low_traffic,0,0,65535_65535,0,2,1597336,377,0,1,0,24,0,14,1,1,pre_allocation
855,1287,low_traffic,0,0,65535_65535,0,2,1597336,393,1,1,1,25,393,14,1,1,allocated
855,1287,low_traffic,0,0,65535_65535,0,2,1597336,393,0,1,0,25,0,14,1,1,pre_allocation
855,1287,low_traffic,0,0,65535_65535,0,2,1597336,408,1,1,1,26,408,14,1,1,allocated
855,1287,low_traffic,0,0,65535_65535,0,2,1597336,408,0,1,0,26,0,14,1,1,pre_allocation
855,1287,low_traffic,0,0,65535_65535,0,2,1597336,424,1,1,1,27,424,14,1,1,allocated
855,1287,low_traffic,0,0,65535_65535,0,2,1597336,424,0,1,0,27,0,14,1,1,pre_allocation
855,1287,low_traffic,0,0,65535_65535,0,2,1597336,440,1,1,1,28,440,14,1,1,allocated
855,1287,low_traffic,0,0,65535_65535,0,2,1597336,440,0,1,0,28,0,14,1,1,pre_allocation
855,1287,low_traffic,0,0,65535_65535,0,2,1597336,456,1,1,1,29,456,14,1,1,allocated
855,1287,low_traffic,0,0,65535_65535,0,2,1597336,456,0,1,0,29,0,14,1,1,pre_allocation
855,1287,low_traffic,0,0,65535_65535,0,2,1597336,472,1,1,1,30,472,14,1,1,allocated
855,1287,low_traffic,0,0,65535_65535,0,2,1597336,472,0,1,0,30,0,14,1,1,pre_allocation
855,1287,low_traffic,0,0,65535_65535,0,2,1597336,488,1,1,1,31,488,14,1,1,allocated
855,1287,low_traffic,0,0,65535_65535,0,2,1597336,488,0,1,0,31,0,14,1,1,pre_allocation
855,1287,low_traffic,0,0,65535_65535,0,2,1597336,503,1,1,1,32,503,14,1,1,allocated
855,1287,low_traffic,0,0,65535_65535,0,2,1597336,503,0,1,0,32,0,14,1,1,pre_allocation
855,1287,low_traffic,0,0,65535_65535,0,2,1597336,519,1,1,1,33,519,14,1,1,allocated
855,1287,low_traffic,0,0,65535_65535,0,2,1597336,519,0,1,0,33,0,14,1,1,pre_allocation
855,1287,low_traffic,0,0,65535_65535,0,2,1597336,535,1,1,1,34,535,14,1,1,allocated
855,1287,low_traffic,0,0,65535_65535,0,2,1597336,535,0,1,0,34,0,14,1,1,pre_allocation
855,1287,low_traffic,0,0,65535_65535,0,2,1597336,551,1,1,1,35,551,14,1,1,allocated
855,1287,low_traffic,0,0,65535_65535,0,2,1597336,551,0,1,0,35,0,14,1,1,pre_allocation
855,1287,low_traffic,0,0,65535_65535,0,2,1597336,567,1,1,1,36,567,14,1,1,allocated
855,1287,low_traffic,0,0,65535_65535,0,2,1597336,567,0,1,0,36,0,14,1,1,pre_allocation
855,1287,low_traffic,0,0,65535_65535,0,2,1597336,583,1,1,1,37,583,14,1,1,allocated
855,1287,low_traffic,0,0,65535_65535,0,2,1597336,583,0,1,0,37,0,14,1,1,pre_allocation
855,1287,low_traffic,0,0,65535_65535,0,2,1597336,598,1,1,1,38,598,14,1,1,allocated
855,1287,low_traffic,0,0,65535_65535,0,2,1597336,598,0,1,0,38,0,14,1,1,pre_allocation
855,1287,low_traffic,0,0,65535_65535,0,2,1597336,614,1,1,1,39,614,14,1,1,allocated
855,1287,low_traffic,0,0,65535_65535,0,2,1597336,614,0,1,0,39,0,14,1,1,pre_allocation
855,1287,low_traffic,0,0,65535_65535,0,2,1597336,630,1,1,1,40,630,14,1,1,allocated
855,1287,low_traffic,0,0,65535_65535,0,2,1597336,630,0,1,0,40,0,14,1,1,pre_allocation
855,1287,low_traffic,0,0,65535_65535,0,2,1597336,646,1,1,1,41,646,14,1,1,allocated
855,1287,low_traffic,0,0,65535_65535,0,2,1597336,646,0,1,0,41,0,14,1,1,pre_allocation
855,1287,low_traffic,0,0,65535_65535,0,2,1597336,662,1,1,1,42,662,14,1,1,allocated
855,1287,low_traffic,0,0,65535_65535,0,2,1597336,662,0,1,0,42,0,14,1,1,pre_allocation
855,1287,low_traffic,0,0,65535_65535,0,2,1597336,678,1,1,1,43,678,14,1,1,allocated
855,1287,low_traffic,0,0,65535_65535,0,2,1597336,678,0,1,0,43,0,14,1,1,pre_allocation
855,1287,low_traffic,0,0,65535_65535,0,2,1597336,693,1,1,1,44,693,14,1,1,allocated
855,1287,low_traffic,0,0,65535_65535,0,2,1597336,693,0,1,0,44,0,14,1,1,pre_allocation
855,1287,low_traffic,0,0,65535_65535,0,2,1597336,709,1,1,1,45,709,14,1,1,allocated
855,1287,low_traffic,0,0,65535_65535,0,2,1597336,709,0,1,0,45,0,14,1,1,pre_allocation
855,1287,low_traffic,0,0,65535_65535,0,2,1597336,725,1,1,1,46,725,14,1,1,allocated
855,1287,low_traffic,0,0,65535_65535,0,2,1597336,725,0,1,0,46,0,14,1,1,pre_allocation
855,1287,low_traffic,0,0,65535_65535,0,2,1597336,741,1,1,1,47,741,14,1,1,allocated
855,1287,low_traffic,0,0,65535_65535,0,2,1597336,741,0,1,0,47,0,14,1,1,pre_allocation
855,1287,low_traffic,0,0,65535_65535,0,2,1597336,757,1,1,1,48,757,14,1,1,allocated
855,1287,low_traffic,0,0,65535_65535,0,2,1597336,757,0,1,0,48,0,14,1,1,pre_allocation
855,1287,low_traffic,0,0,65535_65535,0,2,1597336,773,1,1,1,49,773,14,1,1,allocated
855,1287,low_traffic,0,0,65535_65535,0,2,1597336,773,0,1,0,49,0,14,1,1,pre_allocation
855,1287,low_traffic,0,0,65535_65535,0,2,1597336,789,1,1,1,50,789,14,1,1,allocated
855,1287,low_traffic,0,0,65535_65535,0,2,1597336,789,0,1,0,50,0,14,1,1,pre_allocation
855,1287,low_traffic,0,0,65535_65535,0,2,1597336,804,1,1,1,51,804,14,1,1,allocated
855,1287,low_traffic,0,0,65535_65535,0,2,1597336,804,0,1,0,51,0,14,1,1,pre_allocation
855,1287,low_traffic,0,0,65535_65535,0,2,1597336,820,1,1,1,52,820,14,1,1,allocated
855,1287,low_traffic,0,0,65535_65535,0,2,1597336,820,0,1,0,52,0,14,1,1,pre_allocation
855,1287,low_traffic,0,0,65535_65535,0,2,1597336,836,1,1,1,53,836,14,1,1,allocated
855,1287,low_traffic,0,0,65535_65535,0,2,1597336,836,0,1,0,53,0,14,1,1,pre_allocation
855,1287,low_traffic,0,0,65535_65535,0,2,1597336,852,1,1,1,54,852,14,1,1,allocated
855,1287,low_traffic,0,0,65535_65535,1,4,251,0,0,1,0,0,0,15,1,1,pre_allocation
855,1287,low_traffic,0,0,65535_65535,1,4,251,14,1,1,1,1,14,15,1,1,allocated
855,1287,low_traffic,0,0,65535_65535,1,3,251,0,0,1,0,0,0,14,1,1,pre_allocation
855,1287,low_traffic,0,0,65535_65535,1,3,251,12,1,1,1,1,12,14,1,1,allocated
855,1287,low_traffic,0,0,65535_65535,1,4,251,14,0,1,0,1,0,15,1,1,pre_allocation
855,1287,low_traffic,0,0,65535_65535,1,4,251,32,1,1,1,2,32,15,1,1,allocated
855,1287,low_traffic,0,0,65535_65535,1,3,251,12,0,1,0,1,0,14,1,1,pre_allocation
855,1287,low_traffic,0,0,65535_65535,1,3,251,28,1,1,1,2,28,14,1,1,allocated
855,1287,low_traffic,0,0,65535_65535,1,4,251,32,0,1,0,2,0,15,1,1,pre_allocation
855,1287,low_traffic,0,0,65535_65535,1,4,251,50,1,1,1,3,50,15,1,1,allocated
855,1287,low_traffic,0,0,65535_65535,1,3,251,28,0,1,0,2,0,14,1,1,pre_allocation
855,1287,low_traffic,0,0,65535_65535,1,3,251,44,1,1,1,3,44,14,1,1,allocated
855,1287,low_traffic,0,0,65535_65535,1,4,251,50,0,1,0,3,0,15,1,1,pre_allocation
855,1287,low_traffic,0,0,65535_65535,1,4,251,68,1,1,1,4,68,15,1,1,allocated
855,1287,low_traffic,0,0,65535_65535,1,3,251,44,0,1,0,3,0,14,1,1,pre_allocation
855,1287,low_traffic,0,0,65535_65535,1,3,251,60,1,1,1,4,60,14,1,1,allocated
855,1287,low_traffic,0,0,65535_65535,1,4,251,68,0,1,0,4,0,15,1,1,pre_allocation
855,1287,low_traffic,0,0,65535_65535,1,4,251,86,1,1,1,5,86,15,1,1,allocated
855,1287,low_traffic,0,0,65535_65535,1,3,251,60,0,1,0,4,0,14,1,1,pre_allocation
855,1287,low_traffic,0,0,65535_65535,1,3,251,76,1,1,1,5,76,14,1,1,allocated
855,1287,low_traffic,0,0,65535_65535,1,4,251,86,0,1,0,5,0,15,1,1,pre_allocation
855,1287,low_traffic,0,0,65535_65535,1,4,251,103,1,1,1,6,103,15,1,1,allocated
855,1287,low_traffic,0,0,65535_65535,1,3,251,76,0,1,0,5,0,14,1,1,pre_allocation
855,1287,low_traffic,0,0,65535_65535,1,3,251,92,1,1,1,6,92,14,1,1,allocated
855,1287,low_traffic,0,0,65535_65535,1,4,251,103,0,1,0,6,0,15,1,1,pre_allocation
855,1287,low_traffic,0,0,65535_65535,1,4,251,121,1,1,1,7,121,15,1,1,allocated
855,1287,low_traffic,0,0,65535_65535,1,3,251,92,0,1,0,6,0,14,1,1,pre_allocation
855,1287,low_traffic,0,0,65535_65535,1,3,251,107,1,1,1,7,107,14,1,1,allocated
855,1287,low_traffic,0,0,65535_65535,1,4,251,121,0,1,0,7,0,15,1,1,pre_allocation
855,1287,low_traffic,0,0,65535_65535,1,4,251,139,1,1,1,8,139,15,1,1,allocated
855,1287,low_traffic,0,0,65535_65535,1,3,251,107,0,1,0,7,0,14,1,1,pre_allocation
855,1287,low_traffic,0,0,65535_65535,1,3,251,123,1,1,1,8,123,14,1,1,allocated
855,1287,low_traffic,0,0,65535_65535,1,4,251,139,0,1,0,8,0,15,1,1,pre_allocation
855,1287,low_traffic,0,0,65535_65535,1,4,251,157,1,1,1,9,157,15,1,1,allocated
855,1287,low_traffic,0,0,65535_65535,1,3,251,123,0,1,0,8,0,14,1,1,pre_allocation
855,1287,low_traffic,0,0,65535_65535,1,3,251,139,1,1,1,9,139,14,1,1,allocated
855,1287,low_traffic,0,0,65535_65535,1,4,251,157,0,1,0,9,0,15,1,1,pre_allocation
855,1287,low_traffic,0,0,65535_65535,1,4,251,175,1,1,1,10,175,15,1,1,allocated
855,1287,low_traffic,0,0,65535_65535,1,3,251,139,0,1,0,9,0,14,1,1,pre_allocation
855,1287,low_traffic,0,0,65535_65535,1,3,251,155,1,1,1,10,155,14,1,1,allocated
855,1287,low_traffic,0,0,65535_65535,1,4,251,175,0,1,0,10,0,15,1,1,pre_allocation
855,1287,low_traffic,0,0,65535_65535,1,4,251,193,1,1,1,11,193,15,1,1,allocated
855,1287,low_traffic,0,0,65535_65535,1,3,251,155,0,1,0,10,0,14,1,1,pre_allocation
855,1287,low_traffic,0,0,65535_65535,1,3,251,171,1,1,1,11,171,14,1,1,allocated
855,1287,low_traffic,0,0,65535_65535,1,4,251,193,0,1,0,11,0,15,1,1,pre_allocation
855,1287,low_traffic,0,0,65535_65535,1,4,251,210,1,1,1,12,210,15,1,1,allocated
855,1287,low_traffic,0,0,65535_65535,1,3,251,171,0,1,0,11,0,14,1,1,pre_allocation
855,1287,low_traffic,0,0,65535_65535,1,3,251,187,1,1,1,12,187,14,1,1,allocated
855,1287,low_traffic,0,0,65535_65535,1,4,251,210,0,1,0,12,0,15,1,1,pre_allocation
855,1287,low_traffic,0,0,65535_65535,1,4,251,228,1,1,1,13,228,15,1,1,allocated
855,1287,low_traffic,0,0,65535_65535,1,3,251,187,0,1,0,12,0,14,1,1,pre_allocation
855,1287,low_traffic,0,0,65535_65535,1,3,251,202,1,1,1,13,202,14,1,1,allocated
855,1287,low_traffic,0,0,65535_65535,1,4,251,228,0,1,0,13,0,15,1,1,pre_allocation
855,1287,low_traffic,0,0,65535_65535,1,4,251,246,1,1,1,14,246,15,1,1,allocated
855,1287,low_traffic,0,0,65535_65535,1,3,251,202,0,1,0,13,0,14,1,1,pre_allocation
855,1287,low_traffic,0,0,65535_65535,1,3,251,218,1,1,1,14,218,14,1,1,allocated
855,1287,low_traffic,0,0,65535_65535,1,4,251,246,0,1,0,14,0,15,1,1,pre_allocation
855,1287,low_traffic,0,0,65535_65535,1,4,251,264,1,1,1,15,264,15,1,1,allocated
855,1287,low_traffic,0,0,65535_65535,1,3,251,218,0,1,0,14,0,14,1,1,pre_allocation
855,1287,low_traffic,0,0,65535_65535,1,3,251,234,1,1,1,15,234,14,1,1,allocated
855,1287,low_traffic,0,0,65535_65535,1,4,251,264,0,1,0,15,0,15,1,1,pre_allocation
855,1287,low_traffic,0,0,65535_65535,1,4,251,282,1,1,1,16,282,15,1,1,allocated
855,1287,low_traffic,0,0,65535_65535,1,3,251,234,0,1,0,15,0,14,1,1,pre_allocation
855,1287,low_traffic,0,0,65535_65535,1,3,251,250,1,1,1,16,250,14,1,1,allocated
855,1287,low_traffic,0,0,65535_65535,1,4,251,282,0,1,0,16,0,15,1,1,pre_allocation
855,1287,low_traffic,0,0,65535_65535,1,4,251,299,1,1,1,17,299,15,1,1,allocated
855,1287,low_traffic,0,0,65535_65535,1,3,251,250,0,1,0,16,0,14,1,1,pre_allocation
855,1287,low_traffic,0,0,65535_65535,1,3,251,266,1,1,1,17,266,14,1,1,allocated
855,1287,low_traffic,0,0,65535_65535,1,4,251,299,0,1,0,17,0,15,1,1,pre_allocation
855,1287,low_traffic,0,0,65535_65535,1,4,251,317,1,1,1,18,317,15,1,1,allocated
855,1287,low_traffic,0,0,65535_65535,1,3,251,266,0,1,0,17,0,14,1,1,pre_allocation
855,1287,low_traffic,0,0,65535_65535,1,3,251,282,1,1,1,18,282,14,1,1,allocated
855,1287,low_traffic,0,0,65535_65535,1,4,251,317,0,1,0,18,0,15,1,1,pre_allocation
855,1287,low_traffic,0,0,65535_65535,1,4,251,335,1,1,1,19,335,15,1,1,allocated
855,1287,low_traffic,0,0,65535_65535,1,3,251,282,0,1,0,18,0,14,1,1,pre_allocation
855,1287,low_traffic,0,0,65535_65535,1,3,251,297,1,1,1,19,297,14,1,1,allocated
855,1287,low_traffic,0,0,65535_65535,1,4,251,335,0,1,0,19,0,15,1,1,pre_allocation
855,1287,low_traffic,0,0,65535_65535,1,4,251,353,1,1,1,20,353,15,1,1,allocated
855,1287,low_traffic,0,0,65535_65535,1,3,251,297,0,1,0,19,0,14,1,1,pre_allocation
855,1287,low_traffic,0,0,65535_65535,1,3,251,313,1,1,1,20,313,14,1,1,allocated
855,1287,low_traffic,0,0,65535_65535,1,4,251,353,0,1,0,20,0,15,1,1,pre_allocation
855,1287,low_traffic,0,0,65535_65535,1,4,251,371,1,1,1,21,371,15,1,1,allocated
855,1287,low_traffic,0,0,65535_65535,1,3,251,313,0,1,0,20,0,14,1,1,pre_allocation
855,1287,low_traffic,0,0,65535_65535,1,3,251,329,1,1,1,21,329,14,1,1,allocated
855,1287,low_traffic,0,0,65535_65535,1,4,251,371,0,1,0,21,0,15,1,1,pre_allocation
855,1287,low_traffic,0,0,65535_65535,1,4,251,389,1,1,1,22,389,15,1,1,allocated
855,1287,low_traffic,0,0,65535_65535,1,3,251,329,0,1,0,21,0,14,1,1,pre_allocation
855,1287,low_traffic,0,0,65535_65535,1,3,251,345,1,1,1,22,345,14,1,1,allocated
855,1287,low_traffic,0,0,65535_65535,1,4,251,389,0,1,0,22,0,15,1,1,pre_allocation
855,1287,low_traffic,0,0,65535_65535,1,4,251,406,1,1,1,23,406,15,1,1,allocated
855,1287,low_traffic,0,0,65535_65535,1,3,251,345,0,1,0,22,0,14,1,1,pre_allocation
855,1287,low_traffic,0,0,65535_65535,1,3,251,361,1,1,1,23,361,14,1,1,allocated
855,1287,low_traffic,0,0,65535_65535,1,4,251,406,0,1,0,23,0,15,1,1,pre_allocation
855,1287,low_traffic,0,0,65535_65535,1,4,251,424,1,1,1,24,424,15,1,1,allocated
855,1287,low_traffic,0,0,65535_65535,1,3,251,361,0,1,0,23,0,14,1,1,pre_allocation
855,1287,low_traffic,0,0,65535_65535,1,3,251,377,1,1,1,24,377,14,1,1,allocated
855,1287,low_traffic,0,0,65535_65535,1,4,251,424,0,1,0,24,0,15,1,1,pre_allocation
855,1287,low_traffic,0,0,65535_65535,1,4,251,442,1,1,1,25,442,15,1,1,allocated
855,1287,low_traffic,0,0,65535_65535,1,3,251,377,0,1,0,24,0,14,1,1,pre_allocation
855,1287,low_traffic,0,0,65535_65535,1,3,251,393,1,1,1,25,393,14,1,1,allocated
855,1287,low_traffic,0,0,65535_65535,1,4,251,442,0,1,0,25,0,15,1,1,pre_allocation
855,1287,low_traffic,0,0,65535_65535,1,4,251,460,1,1,1,26,460,15,1,1,allocated
855,1287,low_traffic,0,0,65535_65535,1,3,251,393,0,1,0,25,0,14,1,1,pre_allocation
855,1287,low_traffic,0,0,65535_65535,1,3,251,408,1,1,1,26,408,14,1,1,allocated
855,1287,low_traffic,0,0,65535_65535,1,4,251,460,0,1,0,26,0,15,1,1,pre_allocation
855,1287,low_traffic,0,0,65535_65535,1,4,251,478,1,1,1,27,478,15,1,1,allocated
855,1287,low_traffic,0,0,65535_65535,1,3,251,408,0,1,0,26,0,14,1,1,pre_allocation
855,1287,low_traffic,0,0,65535_65535,1,3,251,424,1,1,1,27,424,14,1,1,allocated
855,1287,low_traffic,0,0,65535_65535,1,4,251,478,0,1,0,27,0,15,1,1,pre_allocation
855,1287,low_traffic,0,0,65535_65535,1,4,251,495,1,1,1,28,495,15,1,1,allocated
855,1287,low_traffic,0,0,65535_65535,1,3,251,424,0,1,0,27,0,14,1,1,pre_allocation
855,1287,low_traffic,0,0,65535_65535,1,3,251,440,1,1,1,28,440,14,1,1,allocated
855,1287,low_traffic,0,0,65535_65535,1,4,251,495,0,1,0,28,0,15,1,1,pre_allocation
855,1287,low_traffic,0,0,65535_65535,1,4,251,513,1,1,1,29,513,15,1,1,allocated
855,1287,low_traffic,0,0,65535_65535,1,3,251,440,0,1,0,28,0,14,1,1,pre_allocation
855,1287,low_traffic,0,0,65535_65535,1,3,251,456,1,1,1,29,456,14,1,1,allocated
855,1287,low_traffic,0,0,65535_65535,1,4,251,513,0,1,0,29,0,15,1,1,pre_allocation
855,1287,low_traffic,0,0,65535_65535,1,4,251,531,1,1,1,30,531,15,1,1,allocated
855,1287,low_traffic,0,0,65535_65535,1,3,251,456,0,1,0,29,0,14,1,1,pre_allocation
855,1287,low_traffic,0,0,65535_65535,1,3,251,472,1,1,1,30,472,14,1,1,allocated
855,1287,low_traffic,0,0,65535_65535,1,4,251,531,0,1,0,30,0,15,1,1,pre_allocation
855,1287,low_traffic,0,0,65535_65535,1,4,251,549,1,1,1,31,549,15,1,1,allocated
855,1287,low_traffic,0,0,65535_65535,1,3,251,472,0,1,0,30,0,14,1,1,pre_allocation
855,1287,low_traffic,0,0,65535_65535,1,3,251,488,1,1,1,31,488,14,1,1,allocated
855,1287,low_traffic,0,0,65535_65535,1,4,251,549,0,1,0,31,0,15,1,1,pre_allocation
855,1287,low_traffic,0,0,65535_65535,1,4,251,567,1,1,1,32,567,15,1,1,allocated
855,1287,low_traffic,0,0,65535_65535,1,3,251,488,0,1,0,31,0,14,1,1,pre_allocation
855,1287,low_traffic,0,0,65535_65535,1,3,251,503,1,1,1,32,503,14,1,1,allocated
855,1287,low_traffic,0,0,65535_65535,1,4,251,567,0,1,0,32,0,15,1,1,pre_allocation
855,1287,low_traffic,0,0,65535_65535,1,4,251,585,1,1,1,33,585,15,1,1,allocated
855,1287,low_traffic,0,0,65535_65535,1,3,251,503,0,1,0,32,0,14,1,1,pre_allocation
855,1287,low_traffic,0,0,65535_65535,1,3,251,519,1,1,1,33,519,14,1,1,allocated
855,1287,low_traffic,0,0,65535_65535,1,4,251,585,0,1,0,33,0,15,1,1,pre_allocation
855,1287,low_traffic,0,0,65535_65535,1,4,251,602,1,1,1,34,602,15,1,1,allocated
855,1287,low_traffic,0,0,65535_65535,1,3,251,519,0,1,0,33,0,14,1,1,pre_allocation
855,1287,low_traffic,0,0,65535_65535,1,3,251,535,1,1,1,34,535,14,1,1,allocated
855,1287,low_traffic,0,0,65535_65535,1,4,251,602,0,1,0,34,0,15,1,1,pre_allocation
855,1287,low_traffic,0,0,65535_65535,1,4,251,620,1,1,1,35,620,15,1,1,allocated
855,1287,low_traffic,0,0,65535_65535,1,3,251,535,0,1,0,34,0,14,1,1,pre_allocation
855,1287,low_traffic,0,0,65535_65535,1,3,251,551,1,1,1,35,551,14,1,1,allocated
855,1287,low_traffic,0,0,65535_65535,1,4,251,620,0,1,0,35,0,15,1,1,pre_allocation
855,1287,low_traffic,0,0,65535_65535,1,4,251,638,1,1,1,36,638,15,1,1,allocated
855,1287,low_traffic,0,0,65535_65535,1,3,251,551,0,1,0,35,0,14,1,1,pre_allocation
855,1287,low_traffic,0,0,65535_65535,1,3,251,567,1,1,1,36,567,14,1,1,allocated
855,1287,low_traffic,0,0,65535_65535,1,4,251,638,0,1,0,36,0,15,1,1,pre_allocation
855,1287,low_traffic,0,0,65535_65535,1,4,251,656,1,1,1,37,656,15,1,1,allocated
855,1287,low_traffic,0,0,65535_65535,1,3,251,567,0,1,0,36,0,14,1,1,pre_allocation
855,1287,low_traffic,0,0,65535_65535,1,3,251,583,1,1,1,37,583,14,1,1,allocated
855,1287,low_traffic,0,0,65535_65535,1,4,251,656,0,1,0,37,0,15,1,1,pre_allocation
855,1287,low_traffic,0,0,65535_65535,1,4,251,674,1,1,1,38,674,15,1,1,allocated
855,1287,low_traffic,0,0,65535_65535,1,3,251,583,0,1,0,37,0,14,1,1,pre_allocation
855,1287,low_traffic,0,0,65535_65535,1,3,251,598,1,1,1,38,598,14,1,1,allocated
855,1287,low_traffic,0,0,65535_65535,1,4,251,674,0,1,0,38,0,15,1,1,pre_allocation
855,1287,low_traffic,0,0,65535_65535,1,4,251,691,1,1,1,39,691,15,1,1,allocated
855,1287,low_traffic,0,0,65535_65535,1,3,251,598,0,1,0,38,0,14,1,1,pre_allocation
855,1287,low_traffic,0,0,65535_65535,1,3,251,614,1,1,1,39,614,14,1,1,allocated
855,1287,low_traffic,0,0,65535_65535,1,4,251,691,0,1,0,39,0,15,1,1,pre_allocation
855,1287,low_traffic,0,0,65535_65535,1,4,251,709,1,1,1,40,709,15,1,1,allocated
855,1287,low_traffic,0,0,65535_65535,1,3,251,614,0,1,0,39,0,14,1,1,pre_allocation
855,1287,low_traffic,0,0,65535_65535,1,3,251,630,1,1,1,40,630,14,1,1,allocated
855,1287,low_traffic,0,0,65535_65535,1,4,251,709,0,1,0,40,0,15,1,1,pre_allocation
855,1287,low_traffic,0,0,65535_65535,1,4,251,727,1,1,1,41,727,15,1,1,allocated
855,1287,low_traffic,0,0,65535_65535,1,3,251,630,0,1,0,40,0,14,1,1,pre_allocation
855,1287,low_traffic,0,0,65535_65535,1,3,251,646,1,1,1,41,646,14,1,1,allocated
855,1287,low_traffic,0,0,65535_65535,1,4,251,727,0,1,0,41,0,15,1,1,pre_allocation
855,1287,low_traffic,0,0,65535_65535,1,4,251,745,1,1,1,42,745,15,1,1,allocated
855,1287,low_traffic,0,0,65535_65535,1,3,251,646,0,1,0,41,0,14,1,1,pre_allocation
855,1287,low_traffic,0,0,65535_65535,1,3,251,662,1,1,1,42,662,14,1,1,allocated
855,1287,low_traffic,0,0,65535_65535,1,4,251,745,0,1,0,42,0,15,1,1,pre_allocation
855,1287,low_traffic,0,0,65535_65535,1,4,251,763,1,1,1,43,763,15,1,1,allocated
855,1287,low_traffic,0,0,65535_65535,1,3,251,662,0,1,0,42,0,14,1,1,pre_allocation
855,1287,low_traffic,0,0,65535_65535,1,3,251,678,1,1,1,43,678,14,1,1,allocated
855,1287,low_traffic,0,0,65535_65535,1,4,251,763,0,1,0,43,0,15,1,1,pre_allocation
855,1287,low_traffic,0,0,65535_65535,1,4,251,781,1,1,1,44,781,15,1,1,allocated
855,1287,low_traffic,0,0,65535_65535,1,3,251,678,0,1,0,43,0,14,1,1,pre_allocation
855,1287,low_traffic,0,0,65535_65535,1,3,251,693,1,1,1,44,693,14,1,1,allocated
855,1287,low_traffic,0,0,65535_65535,1,4,251,781,0,1,0,44,0,15,1,1,pre_allocation
855,1287,low_traffic,0,0,65535_65535,1,4,251,798,1,1,1,45,798,15,1,1,allocated
855,1287,low_traffic,0,0,65535_65535,1,3,251,693,0,1,0,44,0,14,1,1,pre_allocation
855,1287,low_traffic,0,0,65535_65535,1,3,251,709,1,1,1,45,709,14,1,1,allocated
855,1287,low_traffic,0,0,65535_65535,1,4,251,798,0,1,0,45,0,15,1,1,pre_allocation
855,1287,low_traffic,0,0,65535_65535,1,4,251,816,1,1,1,46,816,15,1,1,allocated
855,1287,low_traffic,0,0,65535_65535,1,3,251,709,0,1,0,45,0,14,1,1,pre_allocation
855,1287,low_traffic,0,0,65535_65535,1,3,251,725,1,1,1,46,725,14,1,1,allocated
855,1287,low_traffic,0,0,65535_65535,1,4,251,816,0,1,0,46,0,15,1,1,pre_allocation
855,1287,low_traffic,0,0,65535_65535,1,4,251,834,1,1,1,47,834,15,1,1,allocated
855,1287,low_traffic,0,0,65535_65535,1,3,251,725,0,1,0,46,0,14,1,1,pre_allocation
855,1287,low_traffic,0,0,65535_65535,1,3,251,741,1,1,1,47,741,14,1,1,allocated
855,1287,low_traffic,0,0,65535_65535,1,4,251,834,0,1,0,47,0,15,1,1,pre_allocation
855,1287,low_traffic,0,0,65535_65535,1,4,251,852,1,1,1,48,852,15,1,1,allocated
855,1287,low_traffic,0,0,65535_65535,1,3,251,741,0,1,0,47,0,14,1,1,pre_allocation
855,1287,low_traffic,0,0,65535_65535,1,3,251,757,1,1,1,48,757,14,1,1,allocated
855,1287,low_traffic,0,0,65535_65535,1,4,251,852,0,1,0,48,0,15,1,1,pre_allocation
855,1287,low_traffic,0,0,65535_65535,1,4,251,870,1,1,1,49,870,15,1,1,allocated
855,1287,low_traffic,0,0,65535_65535,1,3,251,757,0,1,0,48,0,14,1,1,pre_allocation
855,1287,low_traffic,0,0,65535_65535,1,3,251,773,1,1,1,49,773,14,1,1,allocated
855,1287,low_traffic,0,0,65535_65535,1,4,251,870,0,1,0,49,0,15,1,1,pre_allocation
855,1287,low_traffic,0,0,65535_65535,1,4,251,888,1,1,1,50,888,15,1,1,allocated
855,1287,low_traffic,0,0,65535_65535,1,3,251,773,0,1,0,49,0,14,1,1,pre_allocation
855,1287,low_traffic,0,0,65535_65535,1,3,251,789,1,1,1,50,789,14,1,1,allocated
855,1287,low_traffic,0,0,65535_65535,1,4,251,888,0,1,0,50,0,15,1,1,pre_allocation
855,1287,low_traffic,0,0,65535_65535,1,4,251,905,1,1,1,51,905,15,1,1,allocated
855,1287,low_traffic,0,0,65535_65535,1,3,251,789,0,1,0,50,0,14,1,1,pre_allocation
855,1287,low_traffic,0,0,65535_65535,1,3,251,804,1,1,1,51,804,14,1,1,allocated
855,1287,low_traffic,0,0,65535_65535,1,4,251,905,0,1,0,51,0,15,1,1,pre_allocation
855,1287,low_traffic,0,0,65535_65535,1,4,251,923,1,1,1,52,923,15,1,1,allocated
855,1287,low_traffic,0,0,65535_65535,1,3,251,804,0,1,0,51,0,14,1,1,pre_allocation
855,1287,low_traffic,0,0,65535_65535,1,3,251,820,1,1,1,52,820,14,1,1,allocated
855,1287,low_traffic,0,0,65535_65535,1,4,251,923,0,1,0,52,0,15,1,1,pre_allocation
855,1287,low_traffic,0,0,65535_65535,1,4,251,941,1,1,1,53,941,15,1,1,allocated
855,1287,low_traffic,0,0,65535_65535,1,3,251,820,0,1,0,52,0,14,1,1,pre_allocation
855,1287,low_traffic,0,0,65535_65535,1,3,251,836,1,1,1,53,836,14,1,1,allocated
855,1287,low_traffic,0,0,65535_65535,1,4,251,941,0,1,0,53,0,15,1,1,pre_allocation
855,1287,low_traffic,0,0,65535_65535,1,4,251,959,1,1,1,54,959,15,1,1,allocated
855,1287,low_traffic,0,0,65535_65535,1,3,251,836,0,1,0,53,0,14,1,1,pre_allocation
855,1287,low_traffic,0,0,65535_65535,1,3,251,852,1,1,1,54,852,14,1,1,allocated
855,1287,low_traffic,0,0,65535_65535,1,4,251,959,0,1,0,54,0,15,1,1,pre_allocation
855,1287,low_traffic,0,0,65535_65535,1,4,251,977,1,1,1,55,977,15,1,1,allocated
855,1287,low_traffic,0,0,65535_65535,1,3,251,852,0,1,0,54,0,14,1,1,pre_allocation
855,1287,low_traffic,0,0,65535_65535,1,3,251,868,1,1,1,55,868,14,1,1,allocated
855,1287,low_traffic,0,0,65535_65535,1,4,251,977,0,1,0,55,0,15,1,1,pre_allocation
855,1287,low_traffic,0,0,65535_65535,1,4,251,994,1,1,1,56,994,15,1,1,allocated
855,1287,low_traffic,0,0,65535_65535,1,3,251,868,0,1,0,55,0,14,1,1,pre_allocation
855,1287,low_traffic,0,0,65535_65535,1,3,251,884,1,1,1,56,884,14,1,1,allocated
855,1287,low_traffic,0,0,65535_65535,1,4,251,994,0,1,0,56,0,15,1,1,pre_allocation
855,1287,low_traffic,0,0,65535_65535,1,4,251,1012,1,1,1,57,1012,15,1,1,allocated
855,1287,low_traffic,0,0,65535_65535,1,3,251,884,0,1,0,56,0,14,1,1,pre_allocation
855,1287,low_traffic,0,0,65535_65535,1,3,251,899,1,1,1,57,899,14,1,1,allocated
855,1287,low_traffic,0,0,65535_65535,1,4,251,1012,0,1,0,57,0,15,1,1,pre_allocation
855,1287,low_traffic,0,0,65535_65535,1,4,251,1030,1,1,1,58,1030,15,1,1,allocated
855,1287,low_traffic,0,0,65535_65535,1,3,251,899,0,1,0,57,0,14,1,1,pre_allocation
855,1287,low_traffic,0,0,65535_65535,1,3,251,915,1,1,1,58,915,14,1,1,allocated
855,1287,low_traffic,0,0,65535_65535,1,4,251,1030,0,1,0,58,0,15,1,1,pre_allocation
855,1287,low_traffic,0,0,65535_65535,1,4,251,1048,1,1,1,59,1048,15,1,1,allocated
855,1287,low_traffic,0,0,65535_65535,1,3,251,915,0,1,0,58,0,14,1,1,pre_allocation
855,1287,low_traffic,0,0,65535_65535,1,3,251,931,1,1,1,59,931,14,1,1,allocated
855,1287,low_traffic,0,0,65535_65535,1,4,251,1048,0,1,0,59,0,15,1,1,pre_allocation
855,1287,low_traffic,0,0,65535_65535,1,4,251,1066,1,1,1,60,1066,15,1,1,allocated
855,1287,low_traffic,0,0,65535_65535,1,3,251,931,0,1,0,59,0,14,1,1,pre_allocation
855,1287,low_traffic,0,0,65535_65535,1,3,251,947,1,1,1,60,947,14,1,1,allocated
855,1287,low_traffic,0,0,65535_65535,1,4,251,1066,0,1,0,60,0,15,1,1,pre_allocation
855,1287,low_traffic,0,0,65535_65535,1,4,251,1084,1,1,1,61,1084,15,1,1,allocated
855,1287,low_traffic,0,0,65535_65535,1,3,251,947,0,1,0,60,0,14,1,1,pre_allocation
855,1287,low_traffic,0,0,65535_65535,1,3,251,963,1,1,1,61,963,14,1,1,allocated
855,1287,low_traffic,0,0,65535_65535,1,4,251,1084,0,1,0,61,0,15,1,1,pre_allocation
855,1287,low_traffic,0,0,65535_65535,1,4,251,1101,1,1,1,62,1101,15,1,1,allocated
855,1287,low_traffic,0,0,65535_65535,1,3,251,963,0,1,0,61,0,14,1,1,pre_allocation
855,1287,low_traffic,0,0,65535_65535,1,3,251,979,1,1,1,62,979,14,1,1,allocated
855,1287,low_traffic,0,0,65535_65535,1,4,251,1101,0,1,0,62,0,15,1,1,pre_allocation
855,1287,low_traffic,0,0,65535_65535,1,4,251,1119,1,1,1,63,1119,15,1,1,allocated
855,1287,low_traffic,0,0,65535_65535,1,3,251,979,0,1,0,62,0,14,1,1,pre_allocation
855,1287,low_traffic,0,0,65535_65535,1,3,251,994,1,1,1,63,994,14,1,1,allocated
855,1287,low_traffic,0,0,65535_65535,1,4,251,1119,0,1,0,63,0,15,1,1,pre_allocation
855,1287,low_traffic,0,0,65535_65535,1,4,251,1137,1,1,1,64,1137,15,1,1,allocated
855,1287,low_traffic,0,0,65535_65535,1,3,251,994,0,1,0,63,0,14,1,1,pre_allocation
855,1287,low_traffic,0,0,65535_65535,1,3,251,1010,1,1,1,64,1010,14,1,1,allocated
855,1287,low_traffic,0,0,65535_65535,1,4,251,1137,0,1,0,64,0,15,1,1,pre_allocation
855,1287,low_traffic,0,0,65535_65535,1,4,251,1155,1,1,1,65,1155,15,1,1,allocated
855,1287,low_traffic,0,0,65535_65535,1,3,251,1010,0,1,0,64,0,14,1,1,pre_allocation
855,1287,low_traffic,0,0,65535_65535,1,3,251,1026,1,1,1,65,1026,14,1,1,allocated
855,1287,low_traffic,0,0,65535_65535,1,4,251,1155,0,1,0,65,0,15,1,1,pre_allocation
855,1287,low_traffic,0,0,65535_65535,1,4,251,1173,1,1,1,66,1173,15,1,1,allocated
855,1287,low_traffic,0,0,65535_65535,1,3,251,1026,0,1,0,65,0,14,1,1,pre_allocation
855,1287,low_traffic,0,0,65535_65535,1,3,251,1042,1,1,1,66,1042,14,1,1,allocated
855,1287,low_traffic,0,0,65535_65535,1,4,251,1173,0,1,0,66,0,15,1,1,pre_allocation
855,1287,low_traffic,0,0,65535_65535,1,4,251,1190,1,1,1,67,1190,15,1,1,allocated
855,1287,low_traffic,0,0,65535_65535,1,3,251,1042,0,1,0,66,0,14,1,1,pre_allocation
855,1287,low_traffic,0,0,65535_65535,1,3,251,1058,1,1,1,67,1058,14,1,1,allocated
855,1287,low_traffic,0,0,65535_65535,1,4,251,1190,0,1,0,67,0,15,1,1,pre_allocation
855,1287,low_traffic,0,0,65535_65535,1,4,251,1208,1,1,1,68,1208,15,1,1,allocated
855,1287,low_traffic,0,0,65535_65535,1,3,251,1058,0,1,0,67,0,14,1,1,pre_allocation
855,1287,low_traffic,0,0,65535_65535,1,3,251,1074,1,1,1,68,1074,14,1,1,allocated
855,1287,low_traffic,0,0,65535_65535,1,4,251,1208,0,1,0,68,0,15,1,1,pre_allocation
855,1287,low_traffic,0,0,65535_65535,1,4,251,1226,1,1,1,69,1226,15,1,1,allocated
855,1287,low_traffic,0,0,65535_65535,1,3,251,1074,0,1,0,68,0,14,1,1,pre_allocation
855,1287,low_traffic,0,0,65535_65535,1,3,251,1089,1,1,1,69,1089,14,1,1,allocated
855,1287,low_traffic,0,0,65535_65535,1,4,251,1226,0,1,0,69,0,15,1,1,pre_allocation
855,1287,low_traffic,0,0,65535_65535,1,4,251,1244,1,1,1,70,1244,15,1,1,allocated
855,1287,low_traffic,0,0,65535_65535,1,3,251,1089,0,1,0,69,0,14,1,1,pre_allocation
855,1287,low_traffic,0,0,65535_65535,1,3,251,1105,1,1,1,70,1105,14,1,1,allocated
855,1287,low_traffic,0,0,65535_65535,1,4,251,1244,0,1,0,70,0,15,1,1,pre_allocation
855,1287,low_traffic,0,0,65535_65535,1,4,251,1262,1,1,1,71,1262,15,1,1,allocated
855,1287,low_traffic,0,0,65535_65535,1,3,251,1105,0,1,0,70,0,14,1,1,pre_allocation
855,1287,low_traffic,0,0,65535_65535,1,3,251,1121,1,1,1,71,1121,14,1,1,allocated
855,1287,low_traffic,0,0,65535_65535,1,4,251,1262,0,1,0,71,0,15,1,1,pre_allocation
855,1287,low_traffic,0,0,65535_65535,1,4,251,1280,1,1,1,72,1280,15,1,1,allocated
855,1287,low_traffic,0,0,65535_65535,1,3,251,1121,0,1,0,71,0,14,1,1,pre_allocation
855,1287,low_traffic,0,0,65535_65535,1,3,251,1137,1,1,1,72,1137,14,1,1,allocated
855,1287,low_traffic,0,0,65535_65535,1,4,251,1280,0,1,0,72,0,15,1,1,pre_allocation
855,1287,low_traffic,0,0,65535_65535,1,4,251,1297,1,1,1,73,1297,15,1,1,allocated
855,1287,low_traffic,0,0,65535_65535,1,3,251,1137,0,1,0,72,0,14,1,1,pre_allocation
855,1287,low_traffic,0,0,65535_65535,1,3,251,1153,1,1,1,73,1153,14,1,1,allocated
855,1287,low_traffic,0,0,65535_65535,1,4,251,1297,0,1,0,73,0,15,1,1,pre_allocation
855,1287,low_traffic,0,0,65535_65535,1,4,251,1315,1,1,1,74,1315,15,1,1,allocated
855,1287,low_traffic,0,0,65535_65535,1,3,251,1153,0,1,0,73,0,14,1,1,pre_allocation
855,1287,low_traffic,0,0,65535_65535,1,3,251,1169,1,1,1,74,1169,14,1,1,allocated
855,1287,low_traffic,0,0,65535_65535,1,4,251,1315,0,1,0,74,0,15,1,1,pre_allocation
855,1287,low_traffic,0,0,65535_65535,1,4,251,1333,1,1,1,75,1333,15,1,1,allocated
855,1287,low_traffic,0,0,65535_65535,1,3,251,1169,0,1,0,74,0,14,1,1,pre_allocation
855,1287,low_traffic,0,0,65535_65535,1,3,251,1185,1,1,1,75,1185,14,1,1,allocated
855,1287,low_traffic,0,0,65535_65535,1,4,251,1333,0,1,0,75,0,15,1,1,pre_allocation
855,1287,low_traffic,0,0,65535_65535,1,4,251,1351,1,1,1,76,1351,15,1,1,allocated
855,1287,low_traffic,0,0,65535_65535,1,3,251,1185,0,1,0,75,0,14,1,1,pre_allocation
855,1287,low_traffic,0,0,65535_65535,1,3,251,1200,1,1,1,76,1200,14,1,1,allocated
855,1287,low_traffic,0,0,65535_65535,1,4,251,1351,0,1,0,76,0,15,1,1,pre_allocation
855,1287,low_traffic,0,0,65535_65535,1,4,251,1369,1,1,1,77,1369,15,1,1,allocated
855,1287,low_traffic,0,0,65535_65535,1,3,251,1200,0,1,0,76,0,14,1,1,pre_allocation
855,1287,low_traffic,0,0,65535_65535,1,3,251,1216,1,1,1,77,1216,14,1,1,allocated
855,1287,low_traffic,0,0,65535_65535,1,4,251,1369,0,1,0,77,0,15,1,1,pre_allocation
855,1287,low_traffic,0,0,65535_65535,1,4,251,1386,1,1,1,78,1386,15,1,1,allocated
855,1287,low_traffic,0,0,65535_65535,1,3,251,1216,0,1,0,77,0,14,1,1,pre_allocation
855,1287,low_traffic,0,0,65535_65535,1,3,251,1232,1,1,1,78,1232,14,1,1,allocated
855,1287,low_traffic,0,0,65535_65535,1,4,251,1386,0,1,0,78,0,15,1,1,pre_allocation
855,1287,low_traffic,0,0,65535_65535,1,4,251,1404,1,1,1,79,1404,15,1,1,allocated
855,1287,low_traffic,0,0,65535_65535,1,3,251,1232,0,1,0,78,0,14,1,1,pre_allocation
855,1287,low_traffic,0,0,65535_65535,1,3,251,1248,1,1,1,79,1248,14,1,1,allocated
855,1287,low_traffic,0,0,65535_65535,1,4,251,1404,0,1,0,79,0,15,1,1,pre_allocation
855,1287,low_traffic,0,0,65535_65535,1,4,251,1422,1,1,1,80,1422,15,1,1,allocated
855,1287,low_traffic,0,0,65535_65535,1,3,251,1248,0,1,0,79,0,14,1,1,pre_allocation
855,1287,low_traffic,0,0,65535_65535,1,3,251,1264,1,1,1,80,1264,14,1,1,allocated
855,1287,low_traffic,0,0,65535_65535,1,4,251,1422,0,1,0,80,0,15,1,1,pre_allocation
855,1287,low_traffic,0,0,65535_65535,1,4,251,1440,1,1,1,81,1440,15,1,1,allocated
855,1287,low_traffic,0,0,65535_65535,1,3,251,1264,0,1,0,80,0,14,1,1,pre_allocation
855,1287,low_traffic,0,0,65535_65535,1,3,251,1280,1,1,1,81,1280,14,1,1,allocated
855,1287,low_traffic,0,0,65535_65535,1,4,251,1440,0,1,0,81,0,15,1,1,pre_allocation
855,1287,low_traffic,0,0,65535_65535,1,4,251,1458,1,1,1,82,1458,15,1,1,allocated
855,1287,low_traffic,0,0,65535_65535,1,3,251,1280,0,1,0,81,0,14,1,1,pre_allocation
855,1287,low_traffic,0,0,65535_65535,1,3,251,1295,1,1,1,82,1295,14,1,1,allocated
855,1287,low_traffic,0,0,65535_65535,1,4,251,1458,0,1,0,82,0,15,1,1,pre_allocation
855,1287,low_traffic,0,0,65535_65535,1,4,251,1476,1,1,1,83,1476,15,1,1,allocated
855,1287,low_traffic,0,0,65535_65535,1,3,251,1295,0,1,0,82,0,14,1,1,pre_allocation
855,1287,low_traffic,0,0,65535_65535,1,3,251,1311,1,1,1,83,1311,14,1,1,allocated
855,1287,low_traffic,0,0,65535_65535,1,4,251,1476,0,1,0,83,0,15,1,1,pre_allocation
855,1287,low_traffic,0,0,65535_65535,1,4,251,1493,1,1,1,84,1493,15,1,1,allocated
855,1287,low_traffic,0,0,65535_65535,1,3,251,1311,0,1,0,83,0,14,1,1,pre_allocation
855,1287,low_traffic,0,0,65535_65535,1,3,251,1327,1,1,1,84,1327,14,1,1,allocated
855,1287,low_traffic,0,0,65535_65535,1,4,251,1493,0,1,0,84,0,15,1,1,pre_allocation
855,1287,low_traffic,0,0,65535_65535,1,4,251,1511,1,1,1,85,1511,15,1,1,allocated
855,1287,low_traffic,0,0,65535_65535,1,3,251,1327,0,1,0,84,0,14,1,1,pre_allocation
855,1287,low_traffic,0,0,65535_65535,1,3,251,1343,1,1,1,85,1343,14,1,1,allocated
855,1287,low_traffic,0,0,65535_65535,1,4,251,1511,0,1,0,85,0,15,1,1,pre_allocation
855,1287,low_traffic,0,0,65535_65535,1,4,251,1529,1,1,1,86,1529,15,1,1,allocated
855,1287,low_traffic,0,0,65535_65535,1,3,251,1343,0,1,0,85,0,14,1,1,pre_allocation
855,1287,low_traffic,0,0,65535_65535,1,3,251,1359,1,1,1,86,1359,14,1,1,allocated
855,1287,low_traffic,0,0,65535_65535,1,4,251,1529,0,1,0,86,0,15,1,1,pre_allocation
855,1287,low_traffic,0,0,65535_65535,1,4,251,1544,1,1,1,87,1544,15,1,1,allocated
855,1287,low_traffic,0,0,65535_65535,1,3,251,1359,0,1,0,86,0,14,1,1,pre_allocation
855,1287,low_traffic,0,0,65535_65535,1,3,251,1375,1,1,1,87,1375,14,1,1,allocated
855,1287,low_traffic,0,0,65535_65535,1,4,251,1544,0,1,0,87,0,15,1,1,pre_allocation
855,1287,low_traffic,0,0,65535_65535,1,4,251,1562,1,1,1,88,1562,15,1,1,allocated
855,1287,low_traffic,0,0,65535_65535,1,3,251,1375,0,1,0,87,0,14,1,1,pre_allocation
855,1287,low_traffic,0,0,65535_65535,1,3,251,1390,1,1,1,88,1390,14,1,1,allocated
855,1287,low_traffic,0,0,65535_65535,1,4,251,1562,0,1,0,88,0,15,1,1,pre_allocation
855,1287,low_traffic,0,0,65535_65535,1,4,251,1579,1,1,1,89,1579,15,1,1,allocated
855,1287,low_traffic,0,0,65535_65535,1,3,251,1390,0,1,0,88,0,14,1,1,pre_allocation
855,1287,low_traffic,0,0,65535_65535,1,3,251,1406,1,1,1,89,1406,14,1,1,allocated
855,1287,low_traffic,0,0,65535_65535,1,4,251,1579,0,1,0,89,0,15,1,1,pre_allocation
855,1287,low_traffic,0,0,65535_65535,1,4,251,1597,1,1,1,90,1597,15,1,1,allocated
855,1287,low_traffic,0,0,65535_65535,1,3,251,1406,0,1,0,89,0,14,1,1,pre_allocation
855,1287,low_traffic,0,0,65535_65535,1,3,251,1422,1,1,1,90,1422,14,1,1,allocated
855,1287,low_traffic,0,0,65535_65535,1,4,251,1597,0,1,0,90,0,15,1,1,pre_allocation
855,1287,low_traffic,0,0,65535_65535,1,4,251,1615,1,1,1,91,1615,15,1,1,allocated
855,1287,low_traffic,0,0,65535_65535,1,3,251,1422,0,1,0,90,0,14,1,1,pre_allocation
855,1287,low_traffic,0,0,65535_65535,1,3,251,1438,1,1,1,91,1438,14,1,1,allocated
855,1287,low_traffic,0,0,65535_65535,1,4,251,1615,0,1,0,91,0,15,1,1,pre_allocation
855,1287,low_traffic,0,0,65535_65535,1,4,251,1633,1,1,1,92,1633,15,1,1,allocated
855,1287,low_traffic,0,0,65535_65535,1,3,251,1438,0,1,0,91,0,14,1,1,pre_allocation
855,1287,low_traffic,0,0,65535_65535,1,3,251,1454,1,1,1,92,1454,14,1,1,allocated
855,1287,low_traffic,0,0,65535_65535,1,4,251,1633,0,1,0,92,0,15,1,1,pre_allocation
855,1287,low_traffic,0,0,65535_65535,1,4,251,1651,1,1,1,93,1651,15,1,1,allocated
855,1287,low_traffic,0,0,65535_65535,1,3,251,1454,0,1,0,92,0,14,1,1,pre_allocation
855,1287,low_traffic,0,0,65535_65535,1,3,251,1470,1,1,1,93,1470,14,1,1,allocated
855,1287,low_traffic,0,0,65535_65535,1,4,251,1651,0,1,0,93,0,15,1,1,pre_allocation
855,1287,low_traffic,0,0,65535_65535,1,4,251,1669,1,1,1,94,1669,15,1,1,allocated
855,1287,low_traffic,0,0,65535_65535,1,3,251,1470,0,1,0,93,0,14,1,1,pre_allocation
855,1287,low_traffic,0,0,65535_65535,1,3,251,1485,1,1,1,94,1485,14,1,1,allocated
855,1287,low_traffic,0,0,65535_65535,1,4,251,1669,0,1,0,94,0,15,1,1,pre_allocation
855,1287,low_traffic,0,0,65535_65535,1,4,251,1686,1,1,1,95,1686,15,1,1,allocated
855,1287,low_traffic,0,0,65535_65535,1,3,251,1485,0,1,0,94,0,14,1,1,pre_allocation
855,1287,low_traffic,0,0,65535_65535,1,3,251,1501,1,1,1,95,1501,14,1,1,allocated
855,1287,low_traffic,0,0,65535_65535,1,4,251,1686,0,1,0,95,0,15,1,1,pre_allocation
855,1287,low_traffic,0,0,65535_65535,1,4,251,1704,1,1,1,96,1704,15,1,1,allocated
855,1287,low_traffic,0,0,65535_65535,1,3,251,1501,0,1,0,95,0,14,1,1,pre_allocation
855,1287,low_traffic,0,0,65535_65535,1,3,251,1517,1,1,1,96,1517,14,1,1,allocated
855,1287,low_traffic,0,0,65535_65535,1,4,251,1704,0,1,0,96,0,15,1,1,pre_allocation
855,1287,low_traffic,0,0,65535_65535,1,4,251,1722,1,1,1,97,1722,15,1,1,allocated
855,1287,low_traffic,0,0,65535_65535,1,3,251,1517,0,1,0,96,0,14,1,1,pre_allocation
855,1287,low_traffic,0,0,65535_65535,1,3,251,1533,1,1,1,97,1533,14,1,1,allocated
855,1287,low_traffic,0,0,65535_65535,1,4,251,1722,0,1,0,97,0,15,1,1,pre_allocation
855,1287,low_traffic,0,0,65535_65535,1,4,251,1740,1,1,1,98,1740,15,1,1,allocated
855,1287,low_traffic,0,0,65535_65535,1,3,251,1533,0,1,0,97,0,14,1,1,pre_allocation
855,1287,low_traffic,0,0,65535_65535,1,3,251,1546,1,1,1,98,1546,14,1,1,allocated
855,1287,low_traffic,0,0,65535_65535,1,4,251,1740,0,1,0,98,0,15,1,1,pre_allocation
855,1287,low_traffic,0,0,65535_65535,1,4,251,1758,1,1,1,99,1758,15,1,1,allocated
855,1287,low_traffic,0,0,65535_65535,1,3,251,1546,0,1,0,98,0,14,1,1,pre_allocation
855,1287,low_traffic,0,0,65535_65535,1,3,251,1562,1,1,1,99,1562,14,1,1,allocated
855,1287,low_traffic,0,0,65535_65535,1,4,251,1758,0,1,0,99,0,15,1,1,pre_allocation
855,1287,low_traffic,0,0,65535_65535,1,4,251,1776,1,1,1,100,1776,15,1,1,allocated
855,1287,low_traffic,0,0,65535_65535,1,3,251,1562,0,1,0,99,0,14,1,1,pre_allocation
855,1287,low_traffic,0,0,65535_65535,1,3,251,1578,1,1,1,100,1578,14,1,1,allocated
855,1287,low_traffic,0,0,65535_65535,1,4,251,1776,0,1,0,100,0,15,1,1,pre_allocation
855,1287,low_traffic,0,0,65535_65535,1,4,251,1793,1,1,1,101,1793,15,1,1,allocated
855,1287,low_traffic,0,0,65535_65535,1,3,251,1578,0,1,0,100,0,14,1,1,pre_allocation
855,1287,low_traffic,0,0,65535_65535,1,3,251,1593,1,1,1,101,1593,14,1,1,allocated
855,1287,low_traffic,0,0,65535_65535,1,4,251,1793,0,1,0,101,0,15,1,1,pre_allocation
855,1287,low_traffic,0,0,65535_65535,1,4,251,1811,1,1,1,102,1811,15,1,1,allocated
855,1287,low_traffic,0,0,65535_65535,1,3,251,1593,0,1,0,101,0,14,1,1,pre_allocation
855,1287,low_traffic,0,0,65535_65535,1,3,251,1609,1,1,1,102,1609,14,1,1,allocated
855,1287,low_traffic,0,0,65535_65535,1,4,251,1811,0,1,0,102,0,15,1,1,pre_allocation
855,1287,low_traffic,0,0,65535_65535,1,4,251,1829,1,1,1,103,1829,15,1,1,allocated
855,1287,low_traffic,0,0,65535_65535,1,3,251,1609,0,1,0,102,0,14,1,1,pre_allocation
855,1287,low_traffic,0,0,65535_65535,1,3,251,1625,1,1,1,103,1625,14,1,1,allocated
855,1287,low_traffic,0,0,65535_65535,1,4,251,1829,0,1,0,103,0,15,1,1,pre_allocation
855,1287,low_traffic,0,0,65535_65535,1,4,251,1847,1,1,1,104,1847,15,1,1,allocated
855,1287,low_traffic,0,0,65535_65535,1,3,251,1625,0,1,0,103,0,14,1,1,pre_allocation
855,1287,low_traffic,0,0,65535_65535,1,3,251,1641,1,1,1,104,1641,14,1,1,allocated
855,1287,low_traffic,0,0,65535_65535,1,4,251,1847,0,1,0,104,0,15,1,1,pre_allocation
855,1287,low_traffic,0,0,65535_65535,1,4,251,1865,1,1,1,105,1865,15,1,1,allocated
855,1287,low_traffic,0,0,65535_65535,1,3,251,1641,0,1,0,104,0,14,1,1,pre_allocation
855,1287,low_traffic,0,0,65535_65535,1,3,251,1657,1,1,1,105,1657,14,1,1,allocated
855,1287,low_traffic,0,0,65535_65535,1,4,251,1865,0,1,0,105,0,15,1,1,pre_allocation
855,1287,low_traffic,0,0,65535_65535,1,4,251,1882,1,1,1,106,1882,15,1,1,allocated
855,1287,low_traffic,0,0,65535_65535,1,3,251,1657,0,1,0,105,0,14,1,1,pre_allocation
855,1287,low_traffic,0,0,65535_65535,1,3,251,1673,1,1,1,106,1673,14,1,1,allocated
967,1385,low_traffic,0,0,65535_65535,0,2,1794951,0,0,1,0,0,0,14,1,1,pre_allocation
967,1385,low_traffic,0,0,65535_65535,0,2,1794951,12,1,1,1,1,12,14,1,1,allocated
967,1385,low_traffic,0,0,65535_65535,0,1,2845957,0,0,1,0,0,0,15,1,1,pre_allocation
967,1385,low_traffic,0,0,65535_65535,0,1,2845957,14,1,1,1,1,14,15,1,1,allocated
967,1385,low_traffic,0,0,65535_65535,0,2,1794951,12,0,1,0,1,0,14,1,1,pre_allocation
967,1385,low_traffic,0,0,65535_65535,0,2,1794951,28,1,1,1,2,28,14,1,1,allocated
967,1385,low_traffic,0,0,65535_65535,0,1,2845957,14,0,1,0,1,0,15,1,1,pre_allocation
967,1385,low_traffic,0,0,65535_65535,0,1,2845957,32,1,1,1,2,32,15,1,1,allocated
967,1385,low_traffic,0,0,65535_65535,0,2,1794951,28,0,1,0,2,0,14,1,1,pre_allocation
967,1385,low_traffic,0,0,65535_65535,0,2,1794951,44,1,1,1,3,44,14,1,1,allocated
967,1385,low_traffic,0,0,65535_65535,0,1,2845957,32,0,1,0,2,0,15,1,1,pre_allocation
967,1385,low_traffic,0,0,65535_65535,0,1,2845957,50,1,1,1,3,50,15,1,1,allocated
967,1385,low_traffic,0,0,65535_65535,0,2,1794951,44,0,1,0,3,0,14,1,1,pre_allocation
967,1385,low_traffic,0,0,65535_65535,0,2,1794951,60,1,1,1,4,60,14,1,1,allocated
967,1385,low_traffic,0,0,65535_65535,0,1,2845957,50,0,1,0,3,0,15,1,1,pre_allocation
967,1385,low_traffic,0,0,65535_65535,0,1,2845957,68,1,1,1,4,68,15,1,1,allocated
967,1385,low_traffic,0,0,65535_65535,0,2,1794951,60,0,1,0,4,0,14,1,1,pre_allocation
967,1385,low_traffic,0,0,65535_65535,0,2,1794951,76,1,1,1,5,76,14,1,1,allocated
967,1385,low_traffic,0,0,65535_65535,0,1,2845957,68,0,1,0,4,0,15,1,1,pre_allocation
967,1385,low_traffic,0,0,65535_65535,0,1,2845957,86,1,1,1,5,86,15,1,1,allocated
967,1385,low_traffic,0,0,65535_65535,0,2,1794951,76,0,1,0,5,0,14,1,1,pre_allocation
967,1385,low_traffic,0,0,65535_65535,0,2,1794951,92,1,1,1,6,92,14,1,1,allocated
967,1385,low_traffic,0,0,65535_65535,0,1,2845957,86,0,1,0,5,0,15,1,1,pre_allocation
967,1385,low_traffic,0,0,65535_65535,0,1,2845957,103,1,1,1,6,103,15,1,1,allocated
967,1385,low_traffic,0,0,65535_65535,0,2,1794951,92,0,1,0,6,0,14,1,1,pre_allocation
967,1385,low_traffic,0,0,65535_65535,0,2,1794951,107,1,1,1,7,107,14,1,1,allocated
967,1385,low_traffic,0,0,65535_65535,0,1,2845957,103,0,1,0,6,0,15,1,1,pre_allocation
967,1385,low_traffic,0,0,65535_65535,0,1,2845957,121,1,1,1,7,121,15,1,1,allocated
967,1385,low_traffic,0,0,65535_65535,0,2,1794951,107,0,1,0,7,0,14,1,1,pre_allocation
967,1385,low_traffic,0,0,65535_65535,0,2,1794951,123,1,1,1,8,123,14,1,1,allocated
967,1385,low_traffic,0,0,65535_65535,0,1,2845957,121,0,1,0,7,0,15,1,1,pre_allocation
967,1385,low_traffic,0,0,65535_65535,0,1,2845957,139,1,1,1,8,139,15,1,1,allocated
967,1385,low_traffic,0,0,65535_65535,0,2,1794951,123,0,1,0,8,0,14,1,1,pre_allocation
967,1385,low_traffic,0,0,65535_65535,0,2,1794951,139,1,1,1,9,139,14,1,1,allocated
967,1385,low_traffic,0,0,65535_65535,0,1,2845957,139,0,1,0,8,0,15,1,1,pre_allocation
967,1385,low_traffic,0,0,65535_65535,0,1,2845957,157,1,1,1,9,157,15,1,1,allocated
967,1385,low_traffic,0,0,65535_65535,0,2,1794951,139,0,1,0,9,0,14,1,1,pre_allocation
967,1385,low_traffic,0,0,65535_65535,0,2,1794951,155,1,1,1,10,155,14,1,1,allocated
967,1385,low_traffic,0,0,65535_65535,0,1,2845957,157,0,1,0,9,0,15,1,1,pre_allocation
967,1385,low_traffic,0,0,65535_65535,0,1,2845957,175,1,1,1,10,175,15,1,1,allocated
967,1385,low_traffic,0,0,65535_65535,0,2,1794951,155,0,1,0,10,0,14,1,1,pre_allocation
967,1385,low_traffic,0,0,65535_65535,0,2,1794951,171,1,1,1,11,171,14,1,1,allocated
967,1385,low_traffic,0,0,65535_65535,0,1,2845957,175,0,1,0,10,0,15,1,1,pre_allocation
967,1385,low_traffic,0,0,65535_65535,0,1,2845957,193,1,1,1,11,193,15,1,1,allocated
967,1385,low_traffic,0,0,65535_65535,0,2,1794951,171,0,1,0,11,0,14,1,1,pre_allocation
967,1385,low_traffic,0,0,65535_65535,0,2,1794951,187,1,1,1,12,187,14,1,1,allocated
967,1385,low_traffic,0,0,65535_65535,0,1,2845957,193,0,1,0,11,0,15,1,1,pre_allocation
967,1385,low_traffic,0,0,65535_65535,0,1,2845957,210,1,1,1,12,210,15,1,1,allocated
967,1385,low_traffic,0,0,65535_65535,0,2,1794951,187,0,1,0,12,0,14,1,1,pre_allocation
967,1385,low_traffic,0,0,65535_65535,0,2,1794951,202,1,1,1,13,202,14,1,1,allocated
967,1385,low_traffic,0,0,65535_65535,0,1,2845957,210,0,1,0,12,0,15,1,1,pre_allocation
967,1385,low_traffic,0,0,65535_65535,0,1,2845957,228,1,1,1,13,228,15,1,1,allocated
967,1385,low_traffic,0,0,65535_65535,0,2,1794951,202,0,1,0,13,0,14,1,1,pre_allocation
967,1385,low_traffic,0,0,65535_65535,0,2,1794951,218,1,1,1,14,218,14,1,1,allocated
967,1385,low_traffic,0,0,65535_65535,0,1,2845957,228,0,1,0,13,0,15,1,1,pre_allocation
967,1385,low_traffic,0,0,65535_65535,0,1,2845957,246,1,1,1,14,246,15,1,1,allocated
967,1385,low_traffic,0,0,65535_65535,0,2,1794951,218,0,1,0,14,0,14,1,1,pre_allocation
967,1385,low_traffic,0,0,65535_65535,0,2,1794951,234,1,1,1,15,234,14,1,1,allocated
967,1385,low_traffic,0,0,65535_65535,0,1,2845957,246,0,1,0,14,0,15,1,1,pre_allocation
967,1385,low_traffic,0,0,65535_65535,0,1,2845957,264,1,1,1,15,264,15,1,1,allocated
967,1385,low_traffic,0,0,65535_65535,0,2,1794951,234,0,1,0,15,0,14,1,1,pre_allocation
967,1385,low_traffic,0,0,65535_65535,0,2,1794951,250,1,1,1,16,250,14,1,1,allocated
967,1385,low_traffic,0,0,65535_65535,0,1,2845957,264,0,1,0,15,0,15,1,1,pre_allocation
967,1385,low_traffic,0,0,65535_65535,0,1,2845957,282,1,1,1,16,282,15,1,1,allocated
967,1385,low_traffic,0,0,65535_65535,0,2,1794951,250,0,1,0,16,0,14,1,1,pre_allocation
967,1385,low_traffic,0,0,65535_65535,0,2,1794951,266,1,1,1,17,266,14,1,1,allocated
967,1385,low_traffic,0,0,65535_65535,0,1,2845957,282,0,1,0,16,0,15,1,1,pre_allocation
967,1385,low_traffic,0,0,65535_65535,0,1,2845957,299,1,1,1,17,299,15,1,1,allocated
967,1385,low_traffic,0,0,65535_65535,0,2,1794951,266,0,1,0,17,0,14,1,1,pre_allocation
967,1385,low_traffic,0,0,65535_65535,0,2,1794951,282,1,1,1,18,282,14,1,1,allocated
967,1385,low_traffic,0,0,65535_65535,0,1,2845957,299,0,1,0,17,0,15,1,1,pre_allocation
967,1385,low_traffic,0,0,65535_65535,0,1,2845957,317,1,1,1,18,317,15,1,1,allocated
967,1385,low_traffic,0,0,65535_65535,0,2,1794951,282,0,1,0,18,0,14,1,1,pre_allocation
967,1385,low_traffic,0,0,65535_65535,0,2,1794951,297,1,1,1,19,297,14,1,1,allocated
967,1385,low_traffic,0,0,65535_65535,0,1,2845957,317,0,1,0,18,0,15,1,1,pre_allocation
967,1385,low_traffic,0,0,65535_65535,0,1,2845957,335,1,1,1,19,335,15,1,1,allocated
967,1385,low_traffic,0,0,65535_65535,0,2,1794951,297,0,1,0,19,0,14,1,1,pre_allocation
967,1385,low_traffic,0,0,65535_65535,0,2,1794951,313,1,1,1,20,313,14,1,1,allocated
967,1385,low_traffic,0,0,65535_65535,0,1,2845957,335,0,1,0,19,0,15,1,1,pre_allocation
967,1385,low_traffic,0,0,65535_65535,0,1,2845957,353,1,1,1,20,353,15,1,1,allocated
967,1385,low_traffic,0,0,65535_65535,0,2,1794951,313,0,1,0,20,0,14,1,1,pre_allocation
967,1385,low_traffic,0,0,65535_65535,0,2,1794951,329,1,1,1,21,329,14,1,1,allocated
967,1385,low_traffic,0,0,65535_65535,0,1,2845957,353,0,1,0,20,0,15,1,1,pre_allocation
967,1385,low_traffic,0,0,65535_65535,0,1,2845957,371,1,1,1,21,371,15,1,1,allocated
967,1385,low_traffic,0,0,65535_65535,0,2,1794951,329,0,1,0,21,0,14,1,1,pre_allocation
967,1385,low_traffic,0,0,65535_65535,0,2,1794951,345,1,1,1,22,345,14,1,1,allocated
967,1385,low_traffic,0,0,65535_65535,0,1,2845957,371,0,1,0,21,0,15,1,1,pre_allocation
967,1385,low_traffic,0,0,65535_65535,0,1,2845957,389,1,1,1,22,389,15,1,1,allocated
967,1385,low_traffic,0,0,65535_65535,1,4,169,0,0,1,0,0,0,2,1,1,pre_allocation
967,1385,low_traffic,0,0,65535_65535,1,4,169,1,1,1,1,1,1,2,1,1,allocated
967,1385,low_traffic,0,0,65535_65535,1,3,169,0,0,1,0,0,0,14,1,1,pre_allocation
967,1385,low_traffic,0,0,65535_65535,1,3,169,12,1,1,1,1,12,14,1,1,allocated
967,1385,low_traffic,0,0,65535_65535,1,4,169,1,0,1,0,1,0,2,1,1,pre_allocation
967,1385,low_traffic,0,0,65535_65535,1,4,169,0,1,1,1,2,0,2,1,1,allocated
967,1385,low_traffic,0,0,65535_65535,1,3,169,12,0,1,0,1,0,14,1,1,pre_allocation
967,1385,low_traffic,0,0,65535_65535,1,3,169,28,1,1,1,2,28,14,1,1,allocated
967,1385,low_traffic,0,0,65535_65535,1,4,169,0,0,1,0,2,0,2,1,1,pre_allocation
967,1385,low_traffic,0,0,65535_65535,1,4,169,2,1,1,1,3,2,2,1,1,allocated
967,1385,low_traffic,0,0,65535_65535,1,3,169,28,0,1,0,2,0,14,1,1,pre_allocation
967,1385,low_traffic,0,0,65535_65535,1,3,169,44,1,1,1,3,44,14,1,1,allocated
967,1385,low_traffic,0,0,65535_65535,1,4,169,2,0,1,0,3,0,2,1,1,pre_allocation
967,1385,low_traffic,0,0,65535_65535,1,4,169,4,1,1,1,4,4,2,1,1,allocated
967,1385,low_traffic,0,0,65535_65535,1,3,169,44,0,1,0,3,0,14,1,1,pre_allocation
967,1385,low_traffic,0,0,65535_65535,1,3,169,60,1,1,1,4,60,14,1,1,allocated
967,1385,low_traffic,0,0,65535_65535,1,4,169,4,0,1,0,4,0,2,1,1,pre_allocation
967,1385,low_traffic,0,0,65535_65535,1,4,169,6,1,1,1,5,6,2,1,1,allocated
967,1385,low_traffic,0,0,65535_65535,1,3,169,60,0,1,0,4,0,14,1,1,pre_allocation
967,1385,low_traffic,0,0,65535_65535,1,3,169,76,1,1,1,5,76,14,1,1,allocated
967,1385,low_traffic,0,0,65535_65535,1,4,169,6,0,1,0,5,0,2,1,1,pre_allocation
967,1385,low_traffic,0,0,65535_65535,1,4,169,7,1,1,1,6,7,2,1,1,allocated
967,1385,low_traffic,0,0,65535_65535,1,3,169,76,0,1,0,5,0,14,1,1,pre_allocation
967,1385,low_traffic,0,0,65535_65535,1,3,169,92,1,1,1,6,92,14,1,1,allocated
967,1385,low_traffic,0,0,65535_65535,1,4,169,7,0,1,0,6,0,2,1,1,pre_allocation
967,1385,low_traffic,0,0,65535_65535,1,4,169,9,1,1,1,7,9,2,1,1,allocated
967,1385,low_traffic,0,0,65535_65535,1,3,169,92,0,1,0,6,0,14,1,1,pre_allocation
967,1385,low_traffic,0,0,65535_65535,1,3,169,107,1,1,1,7,107,14,1,1,allocated
967,1385,low_traffic,0,0,65535_65535,1,4,169,9,0,1,0,7,0,2,1,1,pre_allocation
967,1385,low_traffic,0,0,65535_65535,1,4,169,11,1,1,1,8,11,2,1,1,allocated
967,1385,low_traffic,0,0,65535_65535,1,3,169,107,0,1,0,7,0,14,1,1,pre_allocation
967,1385,low_traffic,0,0,65535_65535,1,3,169,123,1,1,1,8,123,14,1,1,allocated
967,1385,low_traffic,0,0,65535_65535,1,4,169,11,0,1,0,8,0,2,1,1,pre_allocation
967,1385,low_traffic,0,0,65535_65535,1,4,169,13,1,1,1,9,13,2,1,1,allocated
967,1385,low_traffic,0,0,65535_65535,1,3,169,123,0,1,0,8,0,14,1,1,pre_allocation
967,1385,low_traffic,0,0,65535_65535,1,3,169,139,1,1,1,9,139,14,1,1,allocated
967,1385,low_traffic,0,0,65535_65535,1,4,169,13,0,1,0,9,0,2,1,1,pre_allocation
967,1385,low_traffic,0,0,65535_65535,1,4,169,15,1,1,1,10,15,2,1,1,allocated
967,1385,low_traffic,0,0,65535_65535,1,3,169,139,0,1,0,9,0,14,1,1,pre_allocation
967,1385,low_traffic,0,0,65535_65535,1,3,169,155,1,1,1,10,155,14,1,1,allocated
967,1385,low_traffic,0,0,65535_65535,1,4,169,15,0,1,0,10,0,2,1,1,pre_allocation
967,1385,low_traffic,0,0,65535_65535,1,4,169,16,1,1,1,11,16,2,1,1,allocated
967,1385,low_traffic,0,0,65535_65535,1,3,169,155,0,1,0,10,0,14,1,1,pre_allocation
967,1385,low_traffic,0,0,65535_65535,1,3,169,171,1,1,1,11,171,14,1,1,allocated
967,1385,low_traffic,0,0,65535_65535,1,4,169,16,0,1,0,11,0,2,1,1,pre_allocation
967,1385,low_traffic,0,0,65535_65535,1,4,169,18,1,1,1,12,18,2,1,1,allocated
967,1385,low_traffic,0,0,65535_65535,1,3,169,171,0,1,0,11,0,14,1,1,pre_allocation
967,1385,low_traffic,0,0,65535_65535,1,3,169,187,1,1,1,12,187,14,1,1,allocated
967,1385,low_traffic,0,0,65535_65535,1,4,169,18,0,1,0,12,0,2,1,1,pre_allocation
967,1385,low_traffic,0,0,65535_65535,1,4,169,20,1,1,1,13,20,2,1,1,allocated
967,1385,low_traffic,0,0,65535_65535,1,3,169,187,0,1,0,12,0,14,1,1,pre_allocation
967,1385,low_traffic,0,0,65535_65535,1,3,169,202,1,1,1,13,202,14,1,1,allocated
967,1385,low_traffic,0,0,65535_65535,1,4,169,20,0,1,0,13,0,2,1,1,pre_allocation
967,1385,low_traffic,0,0,65535_65535,1,4,169,22,1,1,1,14,22,2,1,1,allocated
967,1385,low_traffic,0,0,65535_65535,1,3,169,202,0,1,0,13,0,14,1,1,pre_allocation
967,1385,low_traffic,0,0,65535_65535,1,3,169,218,1,1,1,14,218,14,1,1,allocated
967,1385,low_traffic,0,0,65535_65535,1,4,169,22,0,1,0,14,0,2,1,1,pre_allocation
967,1385,low_traffic,0,0,65535_65535,1,4,169,24,1,1,1,15,24,2,1,1,allocated
967,1385,low_traffic,0,0,65535_65535,1,3,169,218,0,1,0,14,0,14,1,1,pre_allocation
967,1385,low_traffic,0,0,65535_65535,1,3,169,234,1,1,1,15,234,14,1,1,allocated
967,1385,low_traffic,0,0,65535_65535,1,4,169,24,0,1,0,15,0,2,1,1,pre_allocation
967,1385,low_traffic,0,0,65535_65535,1,4,169,26,1,1,1,16,26,2,1,1,allocated
967,1385,low_traffic,0,0,65535_65535,1,3,169,234,0,1,0,15,0,14,1,1,pre_allocation
967,1385,low_traffic,0,0,65535_65535,1,3,169,250,1,1,1,16,250,14,1,1,allocated
967,1385,low_traffic,0,0,65535_65535,1,4,169,26,0,1,0,16,0,2,1,1,pre_allocation
967,1385,low_traffic,0,0,65535_65535,1,4,169,27,1,1,1,17,27,2,1,1,allocated
967,1385,low_traffic,0,0,65535_65535,1,3,169,250,0,1,0,16,0,14,1,1,pre_allocation
967,1385,low_traffic,0,0,65535_65535,1,3,169,266,1,1,1,17,266,14,1,1,allocated
967,1385,low_traffic,0,0,65535_65535,1,4,169,27,0,1,0,17,0,2,1,1,pre_allocation
967,1385,low_traffic,0,0,65535_65535,1,4,169,29,1,1,1,18,29,2,1,1,allocated
967,1385,low_traffic,0,0,65535_65535,1,3,169,266,0,1,0,17,0,14,1,1,pre_allocation
967,1385,low_traffic,0,0,65535_65535,1,3,169,282,1,1,1,18,282,14,1,1,allocated
967,1385,low_traffic,0,0,65535_65535,1,4,169,29,0,1,0,18,0,2,1,1,pre_allocation
967,1385,low_traffic,0,0,65535_65535,1,4,169,31,1,1,1,19,31,2,1,1,allocated
967,1385,low_traffic,0,0,65535_65535,1,3,169,282,0,1,0,18,0,14,1,1,pre_allocation
967,1385,low_traffic,0,0,65535_65535,1,3,169,297,1,1,1,19,297,14,1,1,allocated
967,1385,low_traffic,0,0,65535_65535,1,4,169,31,0,1,0,19,0,2,1,1,pre_allocation
967,1385,low_traffic,0,0,65535_65535,1,4,169,33,1,1,1,20,33,2,1,1,allocated
967,1385,low_traffic,0,0,65535_65535,1,3,169,297,0,1,0,19,0,14,1,1,pre_allocation
967,1385,low_traffic,0,0,65535_65535,1,3,169,313,1,1,1,20,313,14,1,1,allocated
967,1385,low_traffic,0,0,65535_65535,1,4,169,33,0,1,0,20,0,2,1,1,pre_allocation
967,1385,low_traffic,0,0,65535_65535,1,4,169,35,1,1,1,21,35,2,1,1,allocated
967,1385,low_traffic,0,0,65535_65535,1,3,169,313,0,1,0,20,0,14,1,1,pre_allocation
967,1385,low_traffic,0,0,65535_65535,1,3,169,329,1,1,1,21,329,14,1,1,allocated
967,1385,low_traffic,0,0,65535_65535,1,4,169,35,0,1,0,21,0,2,1,1,pre_allocation
967,1385,low_traffic,0,0,65535_65535,1,4,169,36,1,1,1,22,36,2,1,1,allocated
967,1385,low_traffic,0,0,65535_65535,1,3,169,329,0,1,0,21,0,14,1,1,pre_allocation
967,1385,low_traffic,0,0,65535_65535,1,3,169,345,1,1,1,22,345,14,1,1,allocated
967,1385,low_traffic,0,0,65535_65535,1,4,169,36,0,1,0,22,0,2,1,1,pre_allocation
967,1385,low_traffic,0,0,65535_65535,1,4,169,38,1,1,1,23,38,2,1,1,allocated
967,1385,low_traffic,0,0,65535_65535,1,3,169,345,0,1,0,22,0,14,1,1,pre_allocation
967,1385,low_traffic,0,0,65535_65535,1,3,169,361,1,1,1,23,361,14,1,1,allocated
967,1385,low_traffic,0,0,65535_65535,1,4,169,38,0,1,0,23,0,2,1,1,pre_allocation
967,1385,low_traffic,0,0,65535_65535,1,4,169,40,1,1,1,24,40,2,1,1,allocated
967,1385,low_traffic,0,0,65535_65535,1,3,169,361,0,1,0,23,0,14,1,1,pre_allocation
967,1385,low_traffic,0,0,65535_65535,1,3,169,377,1,1,1,24,377,14,1,1,allocated
967,1385,low_traffic,0,0,65535_65535,1,4,169,40,0,1,0,24,0,2,1,1,pre_allocation
967,1385,low_traffic,0,0,65535_65535,1,4,169,42,1,1,1,25,42,2,1,1,allocated
967,1385,low_traffic,0,0,65535_65535,1,3,169,377,0,1,0,24,0,14,1,1,pre_allocation
967,1385,low_traffic,0,0,65535_65535,1,3,169,393,1,1,1,25,393,14,1,1,allocated
967,1385,low_traffic,0,0,65535_65535,1,4,169,42,0,1,0,25,0,2,1,1,pre_allocation
967,1385,low_traffic,0,0,65535_65535,1,4,169,44,1,1,1,26,44,2,1,1,allocated
967,1385,low_traffic,0,0,65535_65535,1,3,169,393,0,1,0,25,0,14,1,1,pre_allocation
967,1385,low_traffic,0,0,65535_65535,1,3,169,408,1,1,1,26,408,14,1,1,allocated
967,1385,low_traffic,0,0,65535_65535,1,4,169,44,0,1,0,26,0,2,1,1,pre_allocation
967,1385,low_traffic,0,0,65535_65535,1,4,169,46,1,1,1,27,46,2,1,1,allocated
967,1385,low_traffic,0,0,65535_65535,1,3,169,408,0,1,0,26,0,14,1,1,pre_allocation
967,1385,low_traffic,0,0,65535_65535,1,3,169,424,1,1,1,27,424,14,1,1,allocated
967,1385,low_traffic,0,0,65535_65535,1,4,169,46,0,1,0,27,0,2,1,1,pre_allocation
967,1385,low_traffic,0,0,65535_65535,1,4,169,47,1,1,1,28,47,2,1,1,allocated
967,1385,low_traffic,0,0,65535_65535,1,3,169,424,0,1,0,27,0,14,1,1,pre_allocation
967,1385,low_traffic,0,0,65535_65535,1,3,169,440,1,1,1,28,440,14,1,1,allocated
967,1385,low_traffic,0,0,65535_65535,1,4,169,47,0,1,0,28,0,2,1,1,pre_allocation
967,1385,low_traffic,0,0,65535_65535,1,4,169,49,1,1,1,29,49,2,1,1,allocated
967,1385,low_traffic,0,0,65535_65535,1,3,169,440,0,1,0,28,0,14,1,1,pre_allocation
967,1385,low_traffic,0,0,65535_65535,1,3,169,456,1,1,1,29,456,14,1,1,allocated
967,1385,low_traffic,0,0,65535_65535,1,4,169,49,0,1,0,29,0,2,1,1,pre_allocation
967,1385,low_traffic,0,0,65535_65535,1,4,169,51,1,1,1,30,51,2,1,1,allocated
967,1385,low_traffic,0,0,65535_65535,1,3,169,456,0,1,0,29,0,14,1,1,pre_allocation
967,1385,low_traffic,0,0,65535_65535,1,3,169,472,1,1,1,30,472,14,1,1,allocated
967,1385,low_traffic,0,0,65535_65535,1,4,169,51,0,1,0,30,0,2,1,1,pre_allocation
967,1385,low_traffic,0,0,65535_65535,1,4,169,53,1,1,1,31,53,2,1,1,allocated
967,1385,low_traffic,0,0,65535_65535,1,3,169,472,0,1,0,30,0,14,1,1,pre_allocation
967,1385,low_traffic,0,0,65535_65535,1,3,169,488,1,1,1,31,488,14,1,1,allocated
967,1385,low_traffic,0,0,65535_65535,1,4,169,53,0,1,0,31,0,2,1,1,pre_allocation
967,1385,low_traffic,0,0,65535_65535,1,4,169,55,1,1,1,32,55,2,1,1,allocated
967,1385,low_traffic,0,0,65535_65535,1,3,169,488,0,1,0,31,0,14,1,1,pre_allocation
967,1385,low_traffic,0,0,65535_65535,1,3,169,503,1,1,1,32,503,14,1,1,allocated
967,1385,low_traffic,0,0,65535_65535,1,4,169,55,0,1,0,32,0,2,1,1,pre_allocation
967,1385,low_traffic,0,0,65535_65535,1,4,169,56,1,1,1,33,56,2,1,1,allocated
967,1385,low_traffic,0,0,65535_65535,1,3,169,503,0,1,0,32,0,14,1,1,pre_allocation
967,1385,low_traffic,0,0,65535_65535,1,3,169,519,1,1,1,33,519,14,1,1,allocated
967,1385,low_traffic,0,0,65535_65535,1,4,169,56,0,1,0,33,0,2,1,1,pre_allocation
967,1385,low_traffic,0,0,65535_65535,1,4,169,58,1,1,1,34,58,2,1,1,allocated
967,1385,low_traffic,0,0,65535_65535,1,3,169,519,0,1,0,33,0,14,1,1,pre_allocation
967,1385,low_traffic,0,0,65535_65535,1,3,169,535,1,1,1,34,535,14,1,1,allocated
967,1385,low_traffic,0,0,65535_65535,1,4,169,58,0,1,0,34,0,2,1,1,pre_allocation
967,1385,low_traffic,0,0,65535_65535,1,4,169,60,1,1,1,35,60,2,1,1,allocated
967,1385,low_traffic,0,0,65535_65535,1,3,169,535,0,1,0,34,0,14,1,1,pre_allocation
967,1385,low_traffic,0,0,65535_65535,1,3,169,551,1,1,1,35,551,14,1,1,allocated
967,1385,low_traffic,0,0,65535_65535,1,4,169,60,0,1,0,35,0,2,1,1,pre_allocation
967,1385,low_traffic,0,0,65535_65535,1,4,169,62,1,1,1,36,62,2,1,1,allocated
967,1385,low_traffic,0,0,65535_65535,1,3,169,551,0,1,0,35,0,14,1,1,pre_allocation
967,1385,low_traffic,0,0,65535_65535,1,3,169,567,1,1,1,36,567,14,1,1,allocated
967,1385,low_traffic,0,0,65535_65535,1,4,169,62,0,1,0,36,0,2,1,1,pre_allocation
967,1385,low_traffic,0,0,65535_65535,1,4,169,64,1,1,1,37,64,2,1,1,allocated
967,1385,low_traffic,0,0,65535_65535,1,3,169,567,0,1,0,36,0,14,1,1,pre_allocation
967,1385,low_traffic,0,0,65535_65535,1,3,169,583,1,1,1,37,583,14,1,1,allocated
967,1385,low_traffic,0,0,65535_65535,1,4,169,64,0,1,0,37,0,2,1,1,pre_allocation
967,1385,low_traffic,0,0,65535_65535,1,4,169,65,1,1,1,38,65,2,1,1,allocated
967,1385,low_traffic,0,0,65535_65535,1,3,169,583,0,1,0,37,0,14,1,1,pre_allocation
967,1385,low_traffic,0,0,65535_65535,1,3,169,598,1,1,1,38,598,14,1,1,allocated
967,1385,low_traffic,0,0,65535_65535,1,4,169,65,0,1,0,38,0,2,1,1,pre_allocation
967,1385,low_traffic,0,0,65535_65535,1,4,169,67,1,1,1,39,67,2,1,1,allocated
967,1385,low_traffic,0,0,65535_65535,1,3,169,598,0,1,0,38,0,14,1,1,pre_allocation
967,1385,low_traffic,0,0,65535_65535,1,3,169,614,1,1,1,39,614,14,1,1,allocated
967,1385,low_traffic,0,0,65535_65535,1,4,169,67,0,1,0,39,0,2,1,1,pre_allocation
967,1385,low_traffic,0,0,65535_65535,1,4,169,69,1,1,1,40,69,2,1,1,allocated
967,1385,low_traffic,0,0,65535_65535,1,3,169,614,0,1,0,39,0,14,1,1,pre_allocation
967,1385,low_traffic,0,0,65535_65535,1,3,169,630,1,1,1,40,630,14,1,1,allocated
967,1385,low_traffic,0,0,65535_65535,2,9,137,0,0,1,0,0,0,28,1,1,pre_allocation
967,1385,low_traffic,0,0,65535_65535,2,9,137,42,1,1,1,1,42,28,1,1,allocated
967,1385,low_traffic,0,0,65535_65535,2,8,137,0,0,1,0,0,0,28,1,1,pre_allocation
967,1385,low_traffic,0,0,65535_65535,2,8,137,42,1,1,1,1,42,28,1,1,allocated
967,1385,low_traffic,0,0,65535_65535,2,7,137,0,0,1,0,0,0,15,1,1,pre_allocation
967,1385,low_traffic,0,0,65535_65535,2,7,137,14,1,1,1,1,14,15,1,1,allocated
967,1385,low_traffic,0,0,65535_65535,2,6,137,0,0,1,0,0,0,28,1,1,pre_allocation
967,1385,low_traffic,0,0,65535_65535,2,6,137,42,1,1,1,1,42,28,1,1,allocated
967,1385,low_traffic,0,0,65535_65535,2,9,137,42,0,1,0,1,0,28,1,1,pre_allocation
967,1385,low_traffic,0,0,65535_65535,2,9,137,88,1,1,1,2,88,28,1,1,allocated
967,1385,low_traffic,0,0,65535_65535,2,8,137,42,0,1,0,1,0,28,1,1,pre_allocation
967,1385,low_traffic,0,0,65535_65535,2,8,137,88,1,1,1,2,88,28,1,1,allocated
967,1385,low_traffic,0,0,65535_65535,2,7,137,14,0,1,0,1,0,15,1,1,pre_allocation
967,1385,low_traffic,0,0,65535_65535,2,7,137,32,1,1,1,2,32,15,1,1,allocated
967,1385,low_traffic,0,0,65535_65535,2,6,137,42,0,1,0,1,0,28,1,1,pre_allocation
967,1385,low_traffic,0,0,65535_65535,2,6,137,88,1,1,1,2,88,28,1,1,allocated
967,1385,low_traffic,0,0,65535_65535,2,9,137,88,0,1,0,2,0,28,1,1,pre_allocation
967,1385,low_traffic,0,0,65535_65535,2,9,137,133,1,1,1,3,133,28,1,1,allocated
967,1385,low_traffic,0,0,65535_65535,2,8,137,88,0,1,0,2,0,28,1,1,pre_allocation
967,1385,low_traffic,0,0,65535_65535,2,8,137,133,1,1,1,3,133,28,1,1,allocated
967,1385,low_traffic,0,0,65535_65535,2,7,137,32,0,1,0,2,0,15,1,1,pre_allocation
967,1385,low_traffic,0,0,65535_65535,2,7,137,50,1,1,1,3,50,15,1,1,allocated
967,1385,low_traffic,0,0,65535_65535,2,6,137,88,0,1,0,2,0,28,1,1,pre_allocation
967,1385,low_traffic,0,0,65535_65535,2,6,137,133,1,1,1,3,133,28,1,1,allocated
967,1385,low_traffic,0,0,65535_65535,2,9,137,133,0,1,0,3,0,28,1,1,pre_allocation
967,1385,low_traffic,0,0,65535_65535,2,9,137,179,1,1,1,4,179,28,1,1,allocated
967,1385,low_traffic,0,0,65535_65535,2,8,137,133,0,1,0,3,0,28,1,1,pre_allocation
967,1385,low_traffic,0,0,65535_65535,2,8,137,179,1,1,1,4,179,28,1,1,allocated
967,1385,low_traffic,0,0,65535_65535,2,7,137,50,0,1,0,3,0,15,1,1,pre_allocation
967,1385,low_traffic,0,0,65535_65535,2,7,137,68,1,1,1,4,68,15,1,1,allocated
967,1385,low_traffic,0,0,65535_65535,2,6,137,133,0,1,0,3,0,28,1,1,pre_allocation
967,1385,low_traffic,0,0,65535_65535,2,6,137,179,1,1,1,4,179,28,1,1,allocated
967,1385,low_traffic,0,0,65535_65535,2,9,137,179,0,1,0,4,0,28,1,1,pre_allocation
967,1385,low_traffic,0,0,65535_65535,2,9,137,224,1,1,1,5,224,28,1,1,allocated
967,1385,low_traffic,0,0,65535_65535,2,8,137,179,0,1,0,4,0,28,1,1,pre_allocation
967,1385,low_traffic,0,0,65535_65535,2,8,137,224,1,1,1,5,224,28,1,1,allocated
967,1385,low_traffic,0,0,65535_65535,2,7,137,68,0,1,0,4,0,15,1,1,pre_allocation
967,1385,low_traffic,0,0,65535_65535,2,7,137,86,1,1,1,5,86,15,1,1,allocated
967,1385,low_traffic,0,0,65535_65535,2,6,137,179,0,1,0,4,0,28,1,1,pre_allocation
967,1385,low_traffic,0,0,65535_65535,2,6,137,224,1,1,1,5,224,28,1,1,allocated
967,1385,low_traffic,0,0,65535_65535,2,9,137,224,0,1,0,5,0,28,1,1,pre_allocation
967,1385,low_traffic,0,0,65535_65535,2,9,137,270,1,1,1,6,270,28,1,1,allocated
967,1385,low_traffic,0,0,65535_65535,2,8,137,224,0,1,0,5,0,28,1,1,pre_allocation
967,1385,low_traffic,0,0,65535_65535,2,8,137,270,1,1,1,6,270,28,1,1,allocated
967,1385,low_traffic,0,0,65535_65535,2,7,137,86,0,1,0,5,0,15,1,1,pre_allocation
967,1385,low_traffic,0,0,65535_65535,2,7,137,103,1,1,1,6,103,15,1,1,allocated
967,1385,low_traffic,0,0,65535_65535,2,6,137,224,0,1,0,5,0,28,1,1,pre_allocation
967,1385,low_traffic,0,0,65535_65535,2,6,137,270,1,1,1,6,270,28,1,1,allocated
967,1385,low_traffic,0,0,65535_65535,2,9,137,270,0,1,0,6,0,28,1,1,pre_allocation
967,1385,low_traffic,0,0,65535_65535,2,9,137,315,1,1,1,7,315,28,1,1,allocated
967,1385,low_traffic,0,0,65535_65535,2,8,137,270,0,1,0,6,0,28,1,1,pre_allocation
967,1385,low_traffic,0,0,65535_65535,2,8,137,315,1,1,1,7,315,28,1,1,allocated
967,1385,low_traffic,0,0,65535_65535,2,7,137,103,0,1,0,6,0,15,1,1,pre_allocation
967,1385,low_traffic,0,0,65535_65535,2,7,137,121,1,1,1,7,121,15,1,1,allocated
967,1385,low_traffic,0,0,65535_65535,2,6,137,270,0,1,0,6,0,28,1,1,pre_allocation
967,1385,low_traffic,0,0,65535_65535,2,6,137,315,1,1,1,7,315,28,1,1,allocated
967,1385,low_traffic,0,0,65535_65535,2,9,137,315,0,1,0,7,0,28,1,1,pre_allocation
967,1385,low_traffic,0,0,65535_65535,2,9,137,361,1,1,1,8,361,28,1,1,allocated
967,1385,low_traffic,0,0,65535_65535,2,8,137,315,0,1,0,7,0,28,1,1,pre_allocation
967,1385,low_traffic,0,0,65535_65535,2,8,137,361,1,1,1,8,361,28,1,1,allocated
967,1385,low_traffic,0,0,65535_65535,2,7,137,121,0,1,0,7,0,15,1,1,pre_allocation
967,1385,low_traffic,0,0,65535_65535,2,7,137,139,1,1,1,8,139,15,1,1,allocated
967,1385,low_traffic,0,0,65535_65535,2,6,137,315,0,1,0,7,0,28,1,1,pre_allocation
967,1385,low_traffic,0,0,65535_65535,2,6,137,361,1,1,1,8,361,28,1,1,allocated
967,1385,low_traffic,0,0,65535_65535,2,9,137,361,0,1,0,8,0,28,1,1,pre_allocation
967,1385,low_traffic,0,0,65535_65535,2,9,137,406,1,1,1,9,406,28,1,1,allocated
967,1385,low_traffic,0,0,65535_65535,2,8,137,361,0,1,0,8,0,28,1,1,pre_allocation
967,1385,low_traffic,0,0,65535_65535,2,8,137,406,1,1,1,9,406,28,1,1,allocated
967,1385,low_traffic,0,0,65535_65535,2,7,137,139,0,1,0,8,0,15,1,1,pre_allocation
967,1385,low_traffic,0,0,65535_65535,2,7,137,157,1,1,1,9,157,15,1,1,allocated
967,1385,low_traffic,0,0,65535_65535,2,6,137,361,0,1,0,8,0,28,1,1,pre_allocation
967,1385,low_traffic,0,0,65535_65535,2,6,137,406,1,1,1,9,406,28,1,1,allocated
967,1385,low_traffic,0,0,65535_65535,2,9,137,406,0,1,0,9,0,28,1,1,pre_allocation
967,1385,low_traffic,0,0,65535_65535,2,9,137,452,1,1,1,10,452,28,1,1,allocated
967,1385,low_traffic,0,0,65535_65535,2,8,137,406,0,1,0,9,0,28,1,1,pre_allocation
967,1385,low_traffic,0,0,65535_65535,2,8,137,452,1,1,1,10,452,28,1,1,allocated
967,1385,low_traffic,0,0,65535_65535,2,7,137,157,0,1,0,9,0,15,1,1,pre_allocation
967,1385,low_traffic,0,0,65535_65535,2,7,137,175,1,1,1,10,175,15,1,1,allocated
967,1385,low_traffic,0,0,65535_65535,2,6,137,406,0,1,0,9,0,28,1,1,pre_allocation
967,1385,low_traffic,0,0,65535_65535,2,6,137,452,1,1,1,10,452,28,1,1,allocated
967,1385,low_traffic,0,0,65535_65535,2,9,137,452,0,1,0,10,0,28,1,1,pre_allocation
967,1385,low_traffic,0,0,65535_65535,2,9,137,497,1,1,1,11,497,28,1,1,allocated
967,1385,low_traffic,0,0,65535_65535,2,8,137,452,0,1,0,10,0,28,1,1,pre_allocation
967,1385,low_traffic,0,0,65535_65535,2,8,137,497,1,1,1,11,497,28,1,1,allocated
967,1385,low_traffic,0,0,65535_65535,2,7,137,175,0,1,0,10,0,15,1,1,pre_allocation
967,1385,low_traffic,0,0,65535_65535,2,7,137,193,1,1,1,11,193,15,1,1,allocated
967,1385,low_traffic,0,0,65535_65535,2,6,137,452,0,1,0,10,0,28,1,1,pre_allocation
967,1385,low_traffic,0,0,65535_65535,2,6,137,497,1,1,1,11,497,28,1,1,allocated
967,1385,low_traffic,0,0,65535_65535,2,9,137,497,0,1,0,11,0,28,1,1,pre_allocation
967,1385,low_traffic,0,0,65535_65535,2,9,137,543,1,1,1,12,543,28,1,1,allocated
967,1385,low_traffic,0,0,65535_65535,2,8,137,497,0,1,0,11,0,28,1,1,pre_allocation
967,1385,low_traffic,0,0,65535_65535,2,8,137,543,1,1,1,12,543,28,1,1,allocated
967,1385,low_traffic,0,0,65535_65535,2,7,137,193,0,1,0,11,0,15,1,1,pre_allocation
967,1385,low_traffic,0,0,65535_65535,2,7,137,210,1,1,1,12,210,15,1,1,allocated
967,1385,low_traffic,0,0,65535_65535,2,6,137,497,0,1,0,11,0,28,1,1,pre_allocation
967,1385,low_traffic,0,0,65535_65535,2,6,137,543,1,1,1,12,543,28,1,1,allocated
967,1385,low_traffic,0,0,65535_65535,2,9,137,543,0,1,0,12,0,28,1,1,pre_allocation
967,1385,low_traffic,0,0,65535_65535,2,9,137,589,1,1,1,13,589,28,1,1,allocated
967,1385,low_traffic,0,0,65535_65535,2,8,137,543,0,1,0,12,0,28,1,1,pre_allocation
967,1385,low_traffic,0,0,65535_65535,2,8,137,589,1,1,1,13,589,28,1,1,allocated
967,1385,low_traffic,0,0,65535_65535,2,7,137,210,0,1,0,12,0,15,1,1,pre_allocation
967,1385,low_traffic,0,0,65535_65535,2,7,137,228,1,1,1,13,228,15,1,1,allocated
967,1385,low_traffic,0,0,65535_65535,2,6,137,543,0,1,0,12,0,28,1,1,pre_allocation
967,1385,low_traffic,0,0,65535_65535,2,6,137,589,1,1,1,13,589,28,1,1,allocated
967,1385,low_traffic,0,0,65535_65535,2,9,137,589,0,1,0,13,0,28,1,1,pre_allocation
967,1385,low_traffic,0,0,65535_65535,2,9,137,634,1,1,1,14,634,28,1,1,allocated
967,1385,low_traffic,0,0,65535_65535,2,8,137,589,0,1,0,13,0,28,1,1,pre_allocation
967,1385,low_traffic,0,0,65535_65535,2,8,137,634,1,1,1,14,634,28,1,1,allocated
967,1385,low_traffic,0,0,65535_65535,2,7,137,228,0,1,0,13,0,15,1,1,pre_allocation
967,1385,low_traffic,0,0,65535_65535,2,7,137,246,1,1,1,14,246,15,1,1,allocated
967,1385,low_traffic,0,0,65535_65535,2,6,137,589,0,1,0,13,0,28,1,1,pre_allocation
967,1385,low_traffic,0,0,65535_65535,2,6,137,634,1,1,1,14,634,28,1,1,allocated
967,1385,low_traffic,0,0,65535_65535,2,9,137,634,0,1,0,14,0,28,1,1,pre_allocation
967,1385,low_traffic,0,0,65535_65535,2,9,137,680,1,1,1,15,680,28,1,1,allocated
967,1385,low_traffic,0,0,65535_65535,2,8,137,634,0,1,0,14,0,28,1,1,pre_allocation
967,1385,low_traffic,0,0,65535_65535,2,8,137,680,1,1,1,15,680,28,1,1,allocated
967,1385,low_traffic,0,0,65535_65535,2,7,137,246,0,1,0,14,0,15,1,1,pre_allocation
967,1385,low_traffic,0,0,65535_65535,2,7,137,264,1,1,1,15,264,15,1,1,allocated
967,1385,low_traffic,0,0,65535_65535,2,6,137,634,0,1,0,14,0,28,1,1,pre_allocation
967,1385,low_traffic,0,0,65535_65535,2,6,137,680,1,1,1,15,680,28,1,1,allocated
967,1385,low_traffic,0,0,65535_65535,2,9,137,680,0,1,0,15,0,28,1,1,pre_allocation
967,1385,low_traffic,0,0,65535_65535,2,9,137,725,1,1,1,16,725,28,1,1,allocated
967,1385,low_traffic,0,0,65535_65535,2,8,137,680,0,1,0,15,0,28,1,1,pre_allocation
967,1385,low_traffic,0,0,65535_65535,2,8,137,725,1,1,1,16,725,28,1,1,allocated
967,1385,low_traffic,0,0,65535_65535,2,7,137,264,0,1,0,15,0,15,1,1,pre_allocation
967,1385,low_traffic,0,0,65535_65535,2,7,137,282,1,1,1,16,282,15,1,1,allocated
967,1385,low_traffic,0,0,65535_65535,2,6,137,680,0,1,0,15,0,28,1,1,pre_allocation
967,1385,low_traffic,0,0,65535_65535,2,6,137,725,1,1,1,16,725,28,1,1,allocated
967,1385,low_traffic,0,0,65535_65535,2,9,137,725,0,1,0,16,0,28,1,1,pre_allocation
967,1385,low_traffic,0,0,65535_65535,2,9,137,771,1,1,1,17,771,28,1,1,allocated
967,1385,low_traffic,0,0,65535_65535,2,8,137,725,0,1,0,16,0,28,1,1,pre_allocation
967,1385,low_traffic,0,0,65535_65535,2,8,137,771,1,1,1,17,771,28,1,1,allocated
967,1385,low_traffic,0,0,65535_65535,2,7,137,282,0,1,0,16,0,15,1,1,pre_allocation
967,1385,low_traffic,0,0,65535_65535,2,7,137,299,1,1,1,17,299,15,1,1,allocated
967,1385,low_traffic,0,0,65535_65535,2,6,137,725,0,1,0,16,0,28,1,1,pre_allocation
967,1385,low_traffic,0,0,65535_65535,2,6,137,771,1,1,1,17,771,28,1,1,allocated
967,1385,low_traffic,0,0,65535_65535,2,9,137,771,0,1,0,17,0,28,1,1,pre_allocation
967,1385,low_traffic,0,0,65535_65535,2,9,137,816,1,1,1,18,816,28,1,1,allocated
967,1385,low_traffic,0,0,65535_65535,2,8,137,771,0,1,0,17,0,28,1,1,pre_allocation
967,1385,low_traffic,0,0,65535_65535,2,8,137,816,1,1,1,18,816,28,1,1,allocated
967,1385,low_traffic,0,0,65535_65535,2,7,137,299,0,1,0,17,0,15,1,1,pre_allocation
967,1385,low_traffic,0,0,65535_65535,2,7,137,317,1,1,1,18,317,15,1,1,allocated
967,1385,low_traffic,0,0,65535_65535,2,6,137,771,0,1,0,17,0,28,1,1,pre_allocation
967,1385,low_traffic,0,0,65535_65535,2,6,137,816,1,1,1,18,816,28,1,1,allocated
967,1385,low_traffic,0,0,65535_65535,2,9,137,816,0,1,0,18,0,28,1,1,pre_allocation
967,1385,low_traffic,0,0,65535_65535,2,9,137,862,1,1,1,19,862,28,1,1,allocated
967,1385,low_traffic,0,0,65535_65535,2,8,137,816,0,1,0,18,0,28,1,1,pre_allocation
967,1385,low_traffic,0,0,65535_65535,2,8,137,862,1,1,1,19,862,28,1,1,allocated
967,1385,low_traffic,0,0,65535_65535,2,7,137,317,0,1,0,18,0,15,1,1,pre_allocation
967,1385,low_traffic,0,0,65535_65535,2,7,137,335,1,1,1,19,335,15,1,1,allocated
967,1385,low_traffic,0,0,65535_65535,2,6,137,816,0,1,0,18,0,28,1,1,pre_allocation
967,1385,low_traffic,0,0,65535_65535,2,6,137,862,1,1,1,19,862,28,1,1,allocated
967,1385,low_traffic,0,0,65535_65535,2,9,137,862,0,1,0,19,0,28,1,1,pre_allocation
967,1385,low_traffic,0,0,65535_65535,2,9,137,907,1,1,1,20,907,28,1,1,allocated
967,1385,low_traffic,0,0,65535_65535,2,8,137,862,0,1,0,19,0,28,1,1,pre_allocation
967,1385,low_traffic,0,0,65535_65535,2,8,137,907,1,1,1,20,907,28,1,1,allocated
967,1385,low_traffic,0,0,65535_65535,2,7,137,335,0,1,0,19,0,15,1,1,pre_allocation
967,1385,low_traffic,0,0,65535_65535,2,7,137,353,1,1,1,20,353,15,1,1,allocated
967,1385,low_traffic,0,0,65535_65535,2,6,137,862,0,1,0,19,0,28,1,1,pre_allocation
967,1385,low_traffic,0,0,65535_65535,2,6,137,907,1,1,1,20,907,28,1,1,allocated
967,1385,low_traffic,0,0,65535_65535,2,9,137,907,0,1,0,20,0,28,1,1,pre_allocation
967,1385,low_traffic,0,0,65535_65535,2,9,137,953,1,1,1,21,953,28,1,1,allocated
967,1385,low_traffic,0,0,65535_65535,2,8,137,907,0,1,0,20,0,28,1,1,pre_allocation
967,1385,low_traffic,0,0,65535_65535,2,8,137,953,1,1,1,21,953,28,1,1,allocated
967,1385,low_traffic,0,0,65535_65535,2,7,137,353,0,1,0,20,0,15,1,1,pre_allocation
967,1385,low_traffic,0,0,65535_65535,2,7,137,371,1,1,1,21,371,15,1,1,allocated
967,1385,low_traffic,0,0,65535_65535,2,6,137,907,0,1,0,20,0,28,1,1,pre_allocation
967,1385,low_traffic,0,0,65535_65535,2,6,137,953,1,1,1,21,953,28,1,1,allocated
967,1385,low_traffic,0,0,65535_65535,2,9,137,953,0,1,0,21,0,28,1,1,pre_allocation
967,1385,low_traffic,0,0,65535_65535,2,9,137,998,1,1,1,22,998,28,1,1,allocated
967,1385,low_traffic,0,0,65535_65535,2,8,137,953,0,1,0,21,0,28,1,1,pre_allocation
967,1385,low_traffic,0,0,65535_65535,2,8,137,998,1,1,1,22,998,28,1,1,allocated
967,1385,low_traffic,0,0,65535_65535,2,7,137,371,0,1,0,21,0,15,1,1,pre_allocation
967,1385,low_traffic,0,0,65535_65535,2,7,137,389,1,1,1,22,389,15,1,1,allocated
967,1385,low_traffic,0,0,65535_65535,2,6,137,953,0,1,0,21,0,28,1,1,pre_allocation
967,1385,low_traffic,0,0,65535_65535,2,6,137,998,1,1,1,22,998,28,1,1,allocated
967,1385,low_traffic,0,0,65535_65535,2,9,137,998,0,1,0,22,0,28,1,1,pre_allocation
967,1385,low_traffic,0,0,65535_65535,2,9,137,1044,1,1,1,23,1044,28,1,1,allocated
967,1385,low_traffic,0,0,65535_65535,2,8,137,998,0,1,0,22,0,28,1,1,pre_allocation
967,1385,low_traffic,0,0,65535_65535,2,8,137,1044,1,1,1,23,1044,28,1,1,allocated
967,1385,low_traffic,0,0,65535_65535,2,7,137,389,0,1,0,22,0,15,1,1,pre_allocation
967,1385,low_traffic,0,0,65535_65535,2,7,137,406,1,1,1,23,406,15,1,1,allocated
967,1385,low_traffic,0,0,65535_65535,2,6,137,998,0,1,0,22,0,28,1,1,pre_allocation
967,1385,low_traffic,0,0,65535_65535,2,6,137,1044,1,1,1,23,1044,28,1,1,allocated
967,1385,low_traffic,0,0,65535_65535,2,9,137,1044,0,1,0,23,0,28,1,1,pre_allocation
967,1385,low_traffic,0,0,65535_65535,2,9,137,1089,1,1,1,24,1089,28,1,1,allocated
967,1385,low_traffic,0,0,65535_65535,2,8,137,1044,0,1,0,23,0,28,1,1,pre_allocation
967,1385,low_traffic,0,0,65535_65535,2,8,137,1089,1,1,1,24,1089,28,1,1,allocated
967,1385,low_traffic,0,0,65535_65535,2,7,137,406,0,1,0,23,0,15,1,1,pre_allocation
967,1385,low_traffic,0,0,65535_65535,2,7,137,424,1,1,1,24,424,15,1,1,allocated
967,1385,low_traffic,0,0,65535_65535,2,6,137,1044,0,1,0,23,0,28,1,1,pre_allocation
967,1385,low_traffic,0,0,65535_65535,2,6,137,1089,1,1,1,24,1089,28,1,1,allocated
967,1385,low_traffic,0,0,65535_65535,2,9,137,1089,0,1,0,24,0,28,1,1,pre_allocation
967,1385,low_traffic,0,0,65535_65535,2,9,137,1135,1,1,1,25,1135,28,1,1,allocated
967,1385,low_traffic,0,0,65535_65535,2,8,137,1089,0,1,0,24,0,28,1,1,pre_allocation
967,1385,low_traffic,0,0,65535_65535,2,8,137,1135,1,1,1,25,1135,28,1,1,allocated
967,1385,low_traffic,0,0,65535_65535,2,7,137,424,0,1,0,24,0,15,1,1,pre_allocation
967,1385,low_traffic,0,0,65535_65535,2,7,137,442,1,1,1,25,442,15,1,1,allocated
967,1385,low_traffic,0,0,65535_65535,2,6,137,1089,0,1,0,24,0,28,1,1,pre_allocation
967,1385,low_traffic,0,0,65535_65535,2,6,137,1135,1,1,1,25,1135,28,1,1,allocated
967,1385,low_traffic,0,0,65535_65535,2,9,137,1135,0,1,0,25,0,28,1,1,pre_allocation
967,1385,low_traffic,0,0,65535_65535,2,9,137,1181,1,1,1,26,1181,28,1,1,allocated
967,1385,low_traffic,0,0,65535_65535,2,8,137,1135,0,1,0,25,0,28,1,1,pre_allocation
967,1385,low_traffic,0,0,65535_65535,2,8,137,1181,1,1,1,26,1181,28,1,1,allocated
967,1385,low_traffic,0,0,65535_65535,2,7,137,442,0,1,0,25,0,15,1,1,pre_allocation
967,1385,low_traffic,0,0,65535_65535,2,7,137,460,1,1,1,26,460,15,1,1,allocated
967,1385,low_traffic,0,0,65535_65535,2,6,137,1135,0,1,0,25,0,28,1,1,pre_allocation
967,1385,low_traffic,0,0,65535_65535,2,6,137,1181,1,1,1,26,1181,28,1,1,allocated
967,1385,low_traffic,0,0,65535_65535,2,9,137,1181,0,1,0,26,0,28,1,1,pre_allocation
967,1385,low_traffic,0,0,65535_65535,2,9,137,1226,1,1,1,27,1226,28,1,1,allocated
967,1385,low_traffic,0,0,65535_65535,2,8,137,1181,0,1,0,26,0,28,1,1,pre_allocation
967,1385,low_traffic,0,0,65535_65535,2,8,137,1226,1,1,1,27,1226,28,1,1,allocated
967,1385,low_traffic,0,0,65535_65535,2,7,137,460,0,1,0,26,0,15,1,1,pre_allocation
967,1385,low_traffic,0,0,65535_65535,2,7,137,478,1,1,1,27,478,15,1,1,allocated
967,1385,low_traffic,0,0,65535_65535,2,6,137,1181,0,1,0,26,0,28,1,1,pre_allocation
967,1385,low_traffic,0,0,65535_65535,2,6,137,1226,1,1,1,27,1226,28,1,1,allocated
967,1385,low_traffic,0,0,65535_65535,2,9,137,1226,0,1,0,27,0,28,1,1,pre_allocation
967,1385,low_traffic,0,0,65535_65535,2,9,137,1272,1,1,1,28,1272,28,1,1,allocated
967,1385,low_traffic,0,0,65535_65535,2,8,137,1226,0,1,0,27,0,28,1,1,pre_allocation
967,1385,low_traffic,0,0,65535_65535,2,8,137,1272,1,1,1,28,1272,28,1,1,allocated
967,1385,low_traffic,0,0,65535_65535,2,7,137,478,0,1,0,27,0,15,1,1,pre_allocation
967,1385,low_traffic,0,0,65535_65535,2,7,137,495,1,1,1,28,495,15,1,1,allocated
967,1385,low_traffic,0,0,65535_65535,2,6,137,1226,0,1,0,27,0,28,1,1,pre_allocation
967,1385,low_traffic,0,0,65535_65535,2,6,137,1272,1,1,1,28,1272,28,1,1,allocated
967,1385,low_traffic,0,0,65535_65535,2,9,137,1272,0,1,0,28,0,28,1,1,pre_allocation
967,1385,low_traffic,0,0,65535_65535,2,9,137,1317,1,1,1,29,1317,28,1,1,allocated
967,1385,low_traffic,0,0,65535_65535,2,8,137,1272,0,1,0,28,0,28,1,1,pre_allocation
967,1385,low_traffic,0,0,65535_65535,2,8,137,1317,1,1,1,29,1317,28,1,1,allocated
967,1385,low_traffic,0,0,65535_65535,2,7,137,495,0,1,0,28,0,15,1,1,pre_allocation
967,1385,low_traffic,0,0,65535_65535,2,7,137,513,1,1,1,29,513,15,1,1,allocated
967,1385,low_traffic,0,0,65535_65535,2,6,137,1272,0,1,0,28,0,28,1,1,pre_allocation
967,1385,low_traffic,0,0,65535_65535,2,6,137,1317,1,1,1,29,1317,28,1,1,allocated
967,1385,low_traffic,0,0,65535_65535,2,9,137,1317,0,1,0,29,0,28,1,1,pre_allocation
967,1385,low_traffic,0,0,65535_65535,2,9,137,1363,1,1,1,30,1363,28,1,1,allocated
967,1385,low_traffic,0,0,65535_65535,2,8,137,1317,0,1,0,29,0,28,1,1,pre_allocation
967,1385,low_traffic,0,0,65535_65535,2,8,137,1363,1,1,1,30,1363,28,1,1,allocated
967,1385,low_traffic,0,0,65535_65535,2,7,137,513,0,1,0,29,0,15,1,1,pre_allocation
967,1385,low_traffic,0,0,65535_65535,2,7,137,531,1,1,1,30,531,15,1,1,allocated
967,1385,low_traffic,0,0,65535_65535,2,6,137,1317,0,1,0,29,0,28,1,1,pre_allocation
967,1385,low_traffic,0,0,65535_65535,2,6,137,1363,1,1,1,30,1363,28,1,1,allocated
967,1385,low_traffic,0,0,65535_65535,2,9,137,1363,0,1,0,30,0,28,1,1,pre_allocation
967,1385,low_traffic,0,0,65535_65535,2,9,137,1408,1,1,1,31,1408,28,1,1,allocated
967,1385,low_traffic,0,0,65535_65535,2,8,137,1363,0,1,0,30,0,28,1,1,pre_allocation
967,1385,low_traffic,0,0,65535_65535,2,8,137,1408,1,1,1,31,1408,28,1,1,allocated
967,1385,low_traffic,0,0,65535_65535,2,7,137,531,0,1,0,30,0,15,1,1,pre_allocation
967,1385,low_traffic,0,0,65535_65535,2,7,137,549,1,1,1,31,549,15,1,1,allocated
967,1385,low_traffic,0,0,65535_65535,2,6,137,1363,0,1,0,30,0,28,1,1,pre_allocation
967,1385,low_traffic,0,0,65535_65535,2,6,137,1408,1,1,1,31,1408,28,1,1,allocated
967,1385,low_traffic,0,0,65535_65535,2,9,137,1408,0,1,0,31,0,28,1,1,pre_allocation
967,1385,low_traffic,0,0,65535_65535,2,9,137,1454,1,1,1,32,1454,28,1,1,allocated
967,1385,low_traffic,0,0,65535_65535,2,8,137,1408,0,1,0,31,0,28,1,1,pre_allocation
967,1385,low_traffic,0,0,65535_65535,2,8,137,1454,1,1,1,32,1454,28,1,1,allocated
967,1385,low_traffic,0,0,65535_65535,2,7,137,549,0,1,0,31,0,15,1,1,pre_allocation
967,1385,low_traffic,0,0,65535_65535,2,7,137,567,1,1,1,32,567,15,1,1,allocated
967,1385,low_traffic,0,0,65535_65535,2,6,137,1408,0,1,0,31,0,28,1,1,pre_allocation
967,1385,low_traffic,0,0,65535_65535,2,6,137,1454,1,1,1,32,1454,28,1,1,allocated
967,1385,low_traffic,0,0,65535_65535,2,9,137,1454,0,1,0,32,0,28,1,1,pre_allocation
967,1385,low_traffic,0,0,65535_65535,2,9,137,1499,1,1,1,33,1499,28,1,1,allocated
967,1385,low_traffic,0,0,65535_65535,2,8,137,1454,0,1,0,32,0,28,1,1,pre_allocation
967,1385,low_traffic,0,0,65535_65535,2,8,137,1499,1,1,1,33,1499,28,1,1,allocated
967,1385,low_traffic,0,0,65535_65535,2,7,137,567,0,1,0,32,0,15,1,1,pre_allocation
967,1385,low_traffic,0,0,65535_65535,2,7,137,585,1,1,1,33,585,15,1,1,allocated
967,1385,low_traffic,0,0,65535_65535,2,6,137,1454,0,1,0,32,0,28,1,1,pre_allocation
967,1385,low_traffic,0,0,65535_65535,2,6,137,1499,1,1,1,33,1499,28,1,1,allocated
967,1385,low_traffic,0,0,65535_65535,2,9,137,1499,0,1,0,33,0,28,1,1,pre_allocation
967,1385,low_traffic,0,0,65535_65535,2,9,137,1542,1,1,1,34,1542,28,1,1,allocated
967,1385,low_traffic,0,0,65535_65535,2,8,137,1499,0,1,0,33,0,28,1,1,pre_allocation
967,1385,low_traffic,0,0,65535_65535,2,8,137,1542,1,1,1,34,1542,28,1,1,allocated
967,1385,low_traffic,0,0,65535_65535,2,7,137,585,0,1,0,33,0,15,1,1,pre_allocation
967,1385,low_traffic,0,0,65535_65535,2,7,137,602,1,1,1,34,602,15,1,1,allocated
967,1385,low_traffic,0,0,65535_65535,2,6,137,1499,0,1,0,33,0,28,1,1,pre_allocation
967,1385,low_traffic,0,0,65535_65535,2,6,137,1542,1,1,1,34,1542,28,1,1,allocated
967,1385,low_traffic,0,0,65535_65535,2,9,137,1542,0,1,0,34,0,28,1,1,pre_allocation
967,1385,low_traffic,0,0,65535_65535,2,9,137,1587,1,1,1,35,1587,28,1,1,allocated
967,1385,low_traffic,0,0,65535_65535,2,8,137,1542,0,1,0,34,0,28,1,1,pre_allocation
967,1385,low_traffic,0,0,65535_65535,2,8,137,1587,1,1,1,35,1587,28,1,1,allocated
967,1385,low_traffic,0,0,65535_65535,2,7,137,602,0,1,0,34,0,15,1,1,pre_allocation
967,1385,low_traffic,0,0,65535_65535,2,7,137,620,1,1,1,35,620,15,1,1,allocated
967,1385,low_traffic,0,0,65535_65535,2,6,137,1542,0,1,0,34,0,28,1,1,pre_allocation
967,1385,low_traffic,0,0,65535_65535,2,6,137,1587,1,1,1,35,1587,28,1,1,allocated
967,1385,low_traffic,0,0,65535_65535,2,9,137,1587,0,1,0,35,0,28,1,1,pre_allocation
967,1385,low_traffic,0,0,65535_65535,2,9,137,1633,1,1,1,36,1633,28,1,1,allocated
967,1385,low_traffic,0,0,65535_65535,2,8,137,1587,0,1,0,35,0,28,1,1,pre_allocation
967,1385,low_traffic,0,0,65535_65535,2,8,137,1633,1,1,1,36,1633,28,1,1,allocated
1079,1483,low_traffic,0,0,65535_65535,0,2,2002477,0,0,1,0,0,0,14,1,1,pre_allocation
1079,1483,low_traffic,0,0,65535_65535,0,2,2002477,12,1,1,1,1,12,14,1,1,allocated
1079,1483,low_traffic,0,0,65535_65535,0,2,2002477,12,0,1,0,1,0,14,1,1,pre_allocation
1079,1483,low_traffic,0,0,65535_65535,0,2,2002477,28,1,1,1,2,28,14,1,1,allocated
1079,1483,low_traffic,0,0,65535_65535,0,2,2002477,28,0,1,0,2,0,14,1,1,pre_allocation
1079,1483,low_traffic,0,0,65535_65535,0,2,2002477,44,1,1,1,3,44,14,1,1,allocated
1079,1483,low_traffic,0,0,65535_65535,0,2,2002477,44,0,1,0,3,0,14,1,1,pre_allocation
1079,1483,low_traffic,0,0,65535_65535,0,2,2002477,60,1,1,1,4,60,14,1,1,allocated
1079,1483,low_traffic,0,0,65535_65535,0,2,2002477,60,0,1,0,4,0,14,1,1,pre_allocation
1079,1483,low_traffic,0,0,65535_65535,0,2,2002477,76,1,1,1,5,76,14,1,1,allocated
1079,1483,low_traffic,0,0,65535_65535,0,2,2002477,76,0,1,0,5,0,14,1,1,pre_allocation
1079,1483,low_traffic,0,0,65535_65535,0,2,2002477,92,1,1,1,6,92,14,1,1,allocated
1079,1483,low_traffic,0,0,65535_65535,0,2,2002477,92,0,1,0,6,0,14,1,1,pre_allocation
1079,1483,low_traffic,0,0,65535_65535,0,2,2002477,107,1,1,1,7,107,14,1,1,allocated
1079,1483,low_traffic,0,0,65535_65535,0,2,2002477,107,0,1,0,7,0,14,1,1,pre_allocation
1079,1483,low_traffic,0,0,65535_65535,0,2,2002477,123,1,1,1,8,123,14,1,1,allocated
1079,1483,low_traffic,0,0,65535_65535,0,2,2002477,123,0,1,0,8,0,14,1,1,pre_allocation
1079,1483,low_traffic,0,0,65535_65535,0,2,2002477,139,1,1,1,9,139,14,1,1,allocated
1079,1483,low_traffic,0,0,65535_65535,0,2,2002477,139,0,1,0,9,0,14,1,1,pre_allocation
1079,1483,low_traffic,0,0,65535_65535,0,2,2002477,155,1,1,1,10,155,14,1,1,allocated
1079,1483,low_traffic,0,0,65535_65535,0,2,2002477,155,0,1,0,10,0,14,1,1,pre_allocation
1079,1483,low_traffic,0,0,65535_65535,0,2,2002477,171,1,1,1,11,171,14,1,1,allocated
1079,1483,low_traffic,0,0,65535_65535,0,2,2002477,171,0,1,0,11,0,14,1,1,pre_allocation
1079,1483,low_traffic,0,0,65535_65535,0,2,2002477,187,1,1,1,12,187,14,1,1,allocated
1079,1483,low_traffic,0,0,65535_65535,0,2,2002477,187,0,1,0,12,0,14,1,1,pre_allocation
1079,1483,low_traffic,0,0,65535_65535,0,2,2002477,202,1,1,1,13,202,14,1,1,allocated
1079,1483,low_traffic,0,0,65535_65535,0,2,2002477,202,0,1,0,13,0,14,1,1,pre_allocation
1079,1483,low_traffic,0,0,65535_65535,0,2,2002477,218,1,1,1,14,218,14,1,1,allocated
1079,1483,low_traffic,0,0,65535_65535,0,2,2002477,218,0,1,0,14,0,14,1,1,pre_allocation
1079,1483,low_traffic,0,0,65535_65535,0,2,2002477,234,1,1,1,15,234,14,1,1,allocated
1079,1483,low_traffic,0,0,65535_65535,0,2,2002477,234,0,1,0,15,0,14,1,1,pre_allocation
1079,1483,low_traffic,0,0,65535_65535,0,2,2002477,250,1,1,1,16,250,14,1,1,allocated
1079,1483,low_traffic,0,0,65535_65535,0,2,2002477,250,0,1,0,16,0,14,1,1,pre_allocation
1079,1483,low_traffic,0,0,65535_65535,0,2,2002477,266,1,1,1,17,266,14,1,1,allocated
1079,1483,low_traffic,0,0,65535_65535,0,2,2002477,266,0,1,0,17,0,14,1,1,pre_allocation
1079,1483,low_traffic,0,0,65535_65535,0,2,2002477,282,1,1,1,18,282,14,1,1,allocated
1079,1483,low_traffic,0,0,65535_65535,0,2,2002477,282,0,1,0,18,0,14,1,1,pre_allocation
1079,1483,low_traffic,0,0,65535_65535,0,2,2002477,297,1,1,1,19,297,14,1,1,allocated
1079,1483,low_traffic,0,0,65535_65535,0,2,2002477,297,0,1,0,19,0,14,1,1,pre_allocation
1079,1483,low_traffic,0,0,65535_65535,0,2,2002477,313,1,1,1,20,313,14,1,1,allocated
1079,1483,low_traffic,0,0,65535_65535,0,2,2002477,313,0,1,0,20,0,14,1,1,pre_allocation
1079,1483,low_traffic,0,0,65535_65535,0,2,2002477,329,1,1,1,21,329,14,1,1,allocated
1079,1483,low_traffic,0,0,65535_65535,0,2,2002477,329,0,1,0,21,0,14,1,1,pre_allocation
1079,1483,low_traffic,0,0,65535_65535,0,2,2002477,345,1,1,1,22,345,14,1,1,allocated
1079,1483,low_traffic,0,0,65535_65535,0,2,2002477,345,0,1,0,22,0,14,1,1,pre_allocation
1079,1483,low_traffic,0,0,65535_65535,0,2,2002477,361,1,1,1,23,361,14,1,1,allocated
1079,1483,low_traffic,0,0,65535_65535,0,2,2002477,361,0,1,0,23,0,14,1,1,pre_allocation
1079,1483,low_traffic,0,0,65535_65535,0,2,2002477,377,1,1,1,24,377,14,1,1,allocated
1079,1483,low_traffic,0,0,65535_65535,0,2,2002477,377,0,1,0,24,0,14,1,1,pre_allocation
1079,1483,low_traffic,0,0,65535_65535,0,2,2002477,393,1,1,1,25,393,14,1,1,allocated
1079,1483,low_traffic,0,0,65535_65535,0,2,2002477,393,0,1,0,25,0,14,1,1,pre_allocation
1079,1483,low_traffic,0,0,65535_65535,0,2,2002477,408,1,1,1,26,408,14,1,1,allocated
1079,1483,low_traffic,0,0,65535_65535,0,2,2002477,408,0,1,0,26,0,14,1,1,pre_allocation
1079,1483,low_traffic,0,0,65535_65535,0,2,2002477,424,1,1,1,27,424,14,1,1,allocated
1079,1483,low_traffic,0,0,65535_65535,0,2,2002477,424,0,1,0,27,0,14,1,1,pre_allocation
1079,1483,low_traffic,0,0,65535_65535,0,2,2002477,440,1,1,1,28,440,14,1,1,allocated
1079,1483,low_traffic,0,0,65535_65535,0,2,2002477,440,0,1,0,28,0,14,1,1,pre_allocation
1079,1483,low_traffic,0,0,65535_65535,0,2,2002477,456,1,1,1,29,456,14,1,1,allocated
1079,1483,low_traffic,0,0,65535_65535,0,2,2002477,456,0,1,0,29,0,14,1,1,pre_allocation
1079,1483,low_traffic,0,0,65535_65535,0,2,2002477,472,1,1,1,30,472,14,1,1,allocated
1079,1483,low_traffic,0,0,65535_65535,0,2,2002477,472,0,1,0,30,0,14,1,1,pre_allocation
1079,1483,low_traffic,0,0,65535_65535,0,2,2002477,488,1,1,1,31,488,14,1,1,allocated
1079,1483,low_traffic,0,0,65535_65535,0,2,2002477,488,0,1,0,31,0,14,1,1,pre_allocation
1079,1483,low_traffic,0,0,65535_65535,0,2,2002477,503,1,1,1,32,503,14,1,1,allocated
1079,1483,low_traffic,0,0,65535_65535,0,2,2002477,503,0,1,0,32,0,14,1,1,pre_allocation
1079,1483,low_traffic,0,0,65535_65535,0,2,2002477,519,1,1,1,33,519,14,1,1,allocated
1079,1483,low_traffic,0,0,65535_65535,0,2,2002477,519,0,1,0,33,0,14,1,1,pre_allocation
1079,1483,low_traffic,0,0,65535_65535,0,2,2002477,535,1,1,1,34,535,14,1,1,allocated
1079,1483,low_traffic,0,0,65535_65535,0,2,2002477,535,0,1,0,34,0,14,1,1,pre_allocation
1079,1483,low_traffic,0,0,65535_65535,0,2,2002477,551,1,1,1,35,551,14,1,1,allocated
1079,1483,low_traffic,0,0,65535_65535,0,2,2002477,551,0,1,0,35,0,14,1,1,pre_allocation
1079,1483,low_traffic,0,0,65535_65535,0,2,2002477,567,1,1,1,36,567,14,1,1,allocated
1079,1483,low_traffic,0,0,65535_65535,0,2,2002477,567,0,1,0,36,0,14,1,1,pre_allocation
1079,1483,low_traffic,0,0,65535_65535,0,2,2002477,583,1,1,1,37,583,14,1,1,allocated
1079,1483,low_traffic,0,0,65535_65535,0,2,2002477,583,0,1,0,37,0,14,1,1,pre_allocation
1079,1483,low_traffic,0,0,65535_65535,0,2,2002477,598,1,1,1,38,598,14,1,1,allocated
1079,1483,low_traffic,0,0,65535_65535,0,2,2002477,598,0,1,0,38,0,14,1,1,pre_allocation
1079,1483,low_traffic,0,0,65535_65535,0,2,2002477,614,1,1,1,39,614,14,1,1,allocated
1079,1483,low_traffic,0,0,65535_65535,0,2,2002477,614,0,1,0,39,0,14,1,1,pre_allocation
1079,1483,low_traffic,0,0,65535_65535,0,2,2002477,630,1,1,1,40,630,14,1,1,allocated
1079,1483,low_traffic,0,0,65535_65535,0,2,2002477,630,0,1,0,40,0,14,1,1,pre_allocation
1079,1483,low_traffic,0,0,65535_65535,0,2,2002477,646,1,1,1,41,646,14,1,1,allocated
1079,1483,low_traffic,0,0,65535_65535,0,2,2002477,646,0,1,0,41,0,14,1,1,pre_allocation
1079,1483,low_traffic,0,0,65535_65535,0,2,2002477,662,1,1,1,42,662,14,1,1,allocated
1079,1483,low_traffic,0,0,65535_65535,0,2,2002477,662,0,1,0,42,0,14,1,1,pre_allocation
1079,1483,low_traffic,0,0,65535_65535,0,2,2002477,678,1,1,1,43,678,14,1,1,allocated
1079,1483,low_traffic,0,0,65535_65535,0,2,2002477,678,0,1,0,43,0,14,1,1,pre_allocation
1079,1483,low_traffic,0,0,65535_65535,0,2,2002477,693,1,1,1,44,693,14,1,1,allocated
1079,1483,low_traffic,0,0,65535_65535,1,4,251,0,0,1,0,0,0,15,1,1,pre_allocation
1079,1483,low_traffic,0,0,65535_65535,1,4,251,14,1,1,1,1,14,15,1,1,allocated
1079,1483,low_traffic,0,0,65535_65535,1,3,251,0,0,1,0,0,0,14,1,1,pre_allocation
1079,1483,low_traffic,0,0,65535_65535,1,3,251,12,1,1,1,1,12,14,1,1,allocated
1079,1483,low_traffic,0,0,65535_65535,1,4,251,14,0,1,0,1,0,15,1,1,pre_allocation
1079,1483,low_traffic,0,0,65535_65535,1,4,251,32,1,1,1,2,32,15,1,1,allocated
1079,1483,low_traffic,0,0,65535_65535,1,3,251,12,0,1,0,1,0,14,1,1,pre_allocation
1079,1483,low_traffic,0,0,65535_65535,1,3,251,28,1,1,1,2,28,14,1,1,allocated
1079,1483,low_traffic,0,0,65535_65535,1,4,251,32,0,1,0,2,0,15,1,1,pre_allocation
1079,1483,low_traffic,0,0,65535_65535,1,4,251,50,1,1,1,3,50,15,1,1,allocated
1079,1483,low_traffic,0,0,65535_65535,1,3,251,28,0,1,0,2,0,14,1,1,pre_allocation
1079,1483,low_traffic,0,0,65535_65535,1,3,251,44,1,1,1,3,44,14,1,1,allocated
1079,1483,low_traffic,0,0,65535_65535,1,4,251,50,0,1,0,3,0,15,1,1,pre_allocation
1079,1483,low_traffic,0,0,65535_65535,1,4,251,68,1,1,1,4,68,15,1,1,allocated
1079,1483,low_traffic,0,0,65535_65535,1,3,251,44,0,1,0,3,0,14,1,1,pre_allocation
1079,1483,low_traffic,0,0,65535_65535,1,3,251,60,1,1,1,4,60,14,1,1,allocated
1079,1483,low_traffic,0,0,65535_65535,1,4,251,68,0,1,0,4,0,15,1,1,pre_allocation
1079,1483,low_traffic,0,0,65535_65535,1,4,251,86,1,1,1,5,86,15,1,1,allocated
1079,1483,low_traffic,0,0,65535_65535,1,3,251,60,0,1,0,4,0,14,1,1,pre_allocation
1079,1483,low_traffic,0,0,65535_65535,1,3,251,76,1,1,1,5,76,14,1,1,allocated
1079,1483,low_traffic,0,0,65535_65535,1,4,251,86,0,1,0,5,0,15,1,1,pre_allocation
1079,1483,low_traffic,0,0,65535_65535,1,4,251,103,1,1,1,6,103,15,1,1,allocated
1079,1483,low_traffic,0,0,65535_65535,1,3,251,76,0,1,0,5,0,14,1,1,pre_allocation
1079,1483,low_traffic,0,0,65535_65535,1,3,251,92,1,1,1,6,92,14,1,1,allocated
1079,1483,low_traffic,0,0,65535_65535,1,4,251,103,0,1,0,6,0,15,1,1,pre_allocation
1079,1483,low_traffic,0,0,65535_65535,1,4,251,121,1,1,1,7,121,15,1,1,allocated
1079,1483,low_traffic,0,0,65535_65535,1,3,251,92,0,1,0,6,0,14,1,1,pre_allocation
1079,1483,low_traffic,0,0,65535_65535,1,3,251,107,1,1,1,7,107,14,1,1,allocated
1079,1483,low_traffic,0,0,65535_65535,1,4,251,121,0,1,0,7,0,15,1,1,pre_allocation
1079,1483,low_traffic,0,0,65535_65535,1,4,251,139,1,1,1,8,139,15,1,1,allocated
1079,1483,low_traffic,0,0,65535_65535,1,3,251,107,0,1,0,7,0,14,1,1,pre_allocation
1079,1483,low_traffic,0,0,65535_65535,1,3,251,123,1,1,1,8,123,14,1,1,allocated
1079,1483,low_traffic,0,0,65535_65535,1,4,251,139,0,1,0,8,0,15,1,1,pre_allocation
1079,1483,low_traffic,0,0,65535_65535,1,4,251,157,1,1,1,9,157,15,1,1,allocated
1079,1483,low_traffic,0,0,65535_65535,1,3,251,123,0,1,0,8,0,14,1,1,pre_allocation
1079,1483,low_traffic,0,0,65535_65535,1,3,251,139,1,1,1,9,139,14,1,1,allocated
1079,1483,low_traffic,0,0,65535_65535,1,4,251,157,0,1,0,9,0,15,1,1,pre_allocation
1079,1483,low_traffic,0,0,65535_65535,1,4,251,175,1,1,1,10,175,15,1,1,allocated
1079,1483,low_traffic,0,0,65535_65535,1,3,251,139,0,1,0,9,0,14,1,1,pre_allocation
1079,1483,low_traffic,0,0,65535_65535,1,3,251,155,1,1,1,10,155,14,1,1,allocated
1079,1483,low_traffic,0,0,65535_65535,1,4,251,175,0,1,0,10,0,15,1,1,pre_allocation
1079,1483,low_traffic,0,0,65535_65535,1,4,251,193,1,1,1,11,193,15,1,1,allocated
1079,1483,low_traffic,0,0,65535_65535,1,3,251,155,0,1,0,10,0,14,1,1,pre_allocation
1079,1483,low_traffic,0,0,65535_65535,1,3,251,171,1,1,1,11,171,14,1,1,allocated
1079,1483,low_traffic,0,0,65535_65535,1,4,251,193,0,1,0,11,0,15,1,1,pre_allocation
1079,1483,low_traffic,0,0,65535_65535,1,4,251,210,1,1,1,12,210,15,1,1,allocated
1079,1483,low_traffic,0,0,65535_65535,1,3,251,171,0,1,0,11,0,14,1,1,pre_allocation
1079,1483,low_traffic,0,0,65535_65535,1,3,251,187,1,1,1,12,187,14,1,1,allocated
1079,1483,low_traffic,0,0,65535_65535,1,4,251,210,0,1,0,12,0,15,1,1,pre_allocation
1079,1483,low_traffic,0,0,65535_65535,1,4,251,228,1,1,1,13,228,15,1,1,allocated
1079,1483,low_traffic,0,0,65535_65535,1,3,251,187,0,1,0,12,0,14,1,1,pre_allocation
1079,1483,low_traffic,0,0,65535_65535,1,3,251,202,1,1,1,13,202,14,1,1,allocated
1079,1483,low_traffic,0,0,65535_65535,1,4,251,228,0,1,0,13,0,15,1,1,pre_allocation
1079,1483,low_traffic,0,0,65535_65535,1,4,251,246,1,1,1,14,246,15,1,1,allocated
1079,1483,low_traffic,0,0,65535_65535,1,3,251,202,0,1,0,13,0,14,1,1,pre_allocation
1079,1483,low_traffic,0,0,65535_65535,1,3,251,218,1,1,1,14,218,14,1,1,allocated
1079,1483,low_traffic,0,0,65535_65535,1,4,251,246,0,1,0,14,0,15,1,1,pre_allocation
1079,1483,low_traffic,0,0,65535_65535,1,4,251,264,1,1,1,15,264,15,1,1,allocated
1079,1483,low_traffic,0,0,65535_65535,1,3,251,218,0,1,0,14,0,14,1,1,pre_allocation
1079,1483,low_traffic,0,0,65535_65535,1,3,251,234,1,1,1,15,234,14,1,1,allocated
1079,1483,low_traffic,0,0,65535_65535,1,4,251,264,0,1,0,15,0,15,1,1,pre_allocation
1079,1483,low_traffic,0,0,65535_65535,1,4,251,282,1,1,1,16,282,15,1,1,allocated
1079,1483,low_traffic,0,0,65535_65535,1,3,251,234,0,1,0,15,0,14,1,1,pre_allocation
1079,1483,low_traffic,0,0,65535_65535,1,3,251,250,1,1,1,16,250,14,1,1,allocated
1079,1483,low_traffic,0,0,65535_65535,1,4,251,282,0,1,0,16,0,15,1,1,pre_allocation
1079,1483,low_traffic,0,0,65535_65535,1,4,251,299,1,1,1,17,299,15,1,1,allocated
1079,1483,low_traffic,0,0,65535_65535,1,3,251,250,0,1,0,16,0,14,1,1,pre_allocation
1079,1483,low_traffic,0,0,65535_65535,1,3,251,266,1,1,1,17,266,14,1,1,allocated
1079,1483,low_traffic,0,0,65535_65535,1,4,251,299,0,1,0,17,0,15,1,1,pre_allocation
1079,1483,low_traffic,0,0,65535_65535,1,4,251,317,1,1,1,18,317,15,1,1,allocated
1079,1483,low_traffic,0,0,65535_65535,1,3,251,266,0,1,0,17,0,14,1,1,pre_allocation
1079,1483,low_traffic,0,0,65535_65535,1,3,251,282,1,1,1,18,282,14,1,1,allocated
1079,1483,low_traffic,0,0,65535_65535,1,4,251,317,0,1,0,18,0,15,1,1,pre_allocation
1079,1483,low_traffic,0,0,65535_65535,1,4,251,335,1,1,1,19,335,15,1,1,allocated
1079,1483,low_traffic,0,0,65535_65535,1,3,251,282,0,1,0,18,0,14,1,1,pre_allocation
1079,1483,low_traffic,0,0,65535_65535,1,3,251,297,1,1,1,19,297,14,1,1,allocated
1079,1483,low_traffic,0,0,65535_65535,1,4,251,335,0,1,0,19,0,15,1,1,pre_allocation
1079,1483,low_traffic,0,0,65535_65535,1,4,251,353,1,1,1,20,353,15,1,1,allocated
1079,1483,low_traffic,0,0,65535_65535,1,3,251,297,0,1,0,19,0,14,1,1,pre_allocation
1079,1483,low_traffic,0,0,65535_65535,1,3,251,313,1,1,1,20,313,14,1,1,allocated
1079,1483,low_traffic,0,0,65535_65535,1,4,251,353,0,1,0,20,0,15,1,1,pre_allocation
1079,1483,low_traffic,0,0,65535_65535,1,4,251,371,1,1,1,21,371,15,1,1,allocated
1079,1483,low_traffic,0,0,65535_65535,1,3,251,313,0,1,0,20,0,14,1,1,pre_allocation
1079,1483,low_traffic,0,0,65535_65535,1,3,251,329,1,1,1,21,329,14,1,1,allocated
1079,1483,low_traffic,0,0,65535_65535,1,4,251,371,0,1,0,21,0,15,1,1,pre_allocation
1079,1483,low_traffic,0,0,65535_65535,1,4,251,389,1,1,1,22,389,15,1,1,allocated
1079,1483,low_traffic,0,0,65535_65535,1,3,251,329,0,1,0,21,0,14,1,1,pre_allocation
1079,1483,low_traffic,0,0,65535_65535,1,3,251,345,1,1,1,22,345,14,1,1,allocated
1079,1483,low_traffic,0,0,65535_65535,1,4,251,389,0,1,0,22,0,15,1,1,pre_allocation
1079,1483,low_traffic,0,0,65535_65535,1,4,251,406,1,1,1,23,406,15,1,1,allocated
1079,1483,low_traffic,0,0,65535_65535,1,3,251,345,0,1,0,22,0,14,1,1,pre_allocation
1079,1483,low_traffic,0,0,65535_65535,1,3,251,361,1,1,1,23,361,14,1,1,allocated
1079,1483,low_traffic,0,0,65535_65535,1,4,251,406,0,1,0,23,0,15,1,1,pre_allocation
1079,1483,low_traffic,0,0,65535_65535,1,4,251,424,1,1,1,24,424,15,1,1,allocated
1079,1483,low_traffic,0,0,65535_65535,1,3,251,361,0,1,0,23,0,14,1,1,pre_allocation
1079,1483,low_traffic,0,0,65535_65535,1,3,251,377,1,1,1,24,377,14,1,1,allocated
1079,1483,low_traffic,0,0,65535_65535,1,4,251,424,0,1,0,24,0,15,1,1,pre_allocation
1079,1483,low_traffic,0,0,65535_65535,1,4,251,442,1,1,1,25,442,15,1,1,allocated
1079,1483,low_traffic,0,0,65535_65535,1,3,251,377,0,1,0,24,0,14,1,1,pre_allocation
1079,1483,low_traffic,0,0,65535_65535,1,3,251,393,1,1,1,25,393,14,1,1,allocated
1079,1483,low_traffic,0,0,65535_65535,1,4,251,442,0,1,0,25,0,15,1,1,pre_allocation
1079,1483,low_traffic,0,0,65535_65535,1,4,251,460,1,1,1,26,460,15,1,1,allocated
1079,1483,low_traffic,0,0,65535_65535,1,3,251,393,0,1,0,25,0,14,1,1,pre_allocation
1079,1483,low_traffic,0,0,65535_65535,1,3,251,408,1,1,1,26,408,14,1,1,allocated
1079,1483,low_traffic,0,0,65535_65535,1,4,251,460,0,1,0,26,0,15,1,1,pre_allocation
1079,1483,low_traffic,0,0,65535_65535,1,4,251,478,1,1,1,27,478,15,1,1,allocated
1079,1483,low_traffic,0,0,65535_65535,1,3,251,408,0,1,0,26,0,14,1,1,pre_allocation
1079,1483,low_traffic,0,0,65535_65535,1,3,251,424,1,1,1,27,424,14,1,1,allocated
1079,1483,low_traffic,0,0,65535_65535,1,4,251,478,0,1,0,27,0,15,1,1,pre_allocation
1079,1483,low_traffic,0,0,65535_65535,1,4,251,495,1,1,1,28,495,15,1,1,allocated
1079,1483,low_traffic,0,0,65535_65535,1,3,251,424,0,1,0,27,0,14,1,1,pre_allocation
1079,1483,low_traffic,0,0,65535_65535,1,3,251,440,1,1,1,28,440,14,1,1,allocated
1079,1483,low_traffic,0,0,65535_65535,1,4,251,495,0,1,0,28,0,15,1,1,pre_allocation
1079,1483,low_traffic,0,0,65535_65535,1,4,251,513,1,1,1,29,513,15,1,1,allocated
1079,1483,low_traffic,0,0,65535_65535,1,3,251,440,0,1,0,28,0,14,1,1,pre_allocation
1079,1483,low_traffic,0,0,65535_65535,1,3,251,456,1,1,1,29,456,14,1,1,allocated
1079,1483,low_traffic,0,0,65535_65535,1,4,251,513,0,1,0,29,0,15,1,1,pre_allocation
1079,1483,low_traffic,0,0,65535_65535,1,4,251,531,1,1,1,30,531,15,1,1,allocated
1079,1483,low_traffic,0,0,65535_65535,1,3,251,456,0,1,0,29,0,14,1,1,pre_allocation
1079,1483,low_traffic,0,0,65535_65535,1,3,251,472,1,1,1,30,472,14,1,1,allocated
1079,1483,low_traffic,0,0,65535_65535,1,4,251,531,0,1,0,30,0,15,1,1,pre_allocation
1079,1483,low_traffic,0,0,65535_65535,1,4,251,549,1,1,1,31,549,15,1,1,allocated
1079,1483,low_traffic,0,0,65535_65535,1,3,251,472,0,1,0,30,0,14,1,1,pre_allocation
1079,1483,low_traffic,0,0,65535_65535,1,3,251,488,1,1,1,31,488,14,1,1,allocated
1079,1483,low_traffic,0,0,65535_65535,1,4,251,549,0,1,0,31,0,15,1,1,pre_allocation
1079,1483,low_traffic,0,0,65535_65535,1,4,251,567,1,1,1,32,567,15,1,1,allocated
1079,1483,low_traffic,0,0,65535_65535,1,3,251,488,0,1,0,31,0,14,1,1,pre_allocation
1079,1483,low_traffic,0,0,65535_65535,1,3,251,503,1,1,1,32,503,14,1,1,allocated
1079,1483,low_traffic,0,0,65535_65535,1,4,251,567,0,1,0,32,0,15,1,1,pre_allocation
1079,1483,low_traffic,0,0,65535_65535,1,4,251,585,1,1,1,33,585,15,1,1,allocated
1079,1483,low_traffic,0,0,65535_65535,1,3,251,503,0,1,0,32,0,14,1,1,pre_allocation
1079,1483,low_traffic,0,0,65535_65535,1,3,251,519,1,1,1,33,519,14,1,1,allocated
1079,1483,low_traffic,0,0,65535_65535,1,4,251,585,0,1,0,33,0,15,1,1,pre_allocation
1079,1483,low_traffic,0,0,65535_65535,1,4,251,602,1,1,1,34,602,15,1,1,allocated
1079,1483,low_traffic,0,0,65535_65535,1,3,251,519,0,1,0,33,0,14,1,1,pre_allocation
1079,1483,low_traffic,0,0,65535_65535,1,3,251,535,1,1,1,34,535,14,1,1,allocated
1079,1483,low_traffic,0,0,65535_65535,1,4,251,602,0,1,0,34,0,15,1,1,pre_allocation
1079,1483,low_traffic,0,0,65535_65535,1,4,251,620,1,1,1,35,620,15,1,1,allocated
1079,1483,low_traffic,0,0,65535_65535,1,3,251,535,0,1,0,34,0,14,1,1,pre_allocation
1079,1483,low_traffic,0,0,65535_65535,1,3,251,551,1,1,1,35,551,14,1,1,allocated
1079,1483,low_traffic,0,0,65535_65535,1,4,251,620,0,1,0,35,0,15,1,1,pre_allocation
1079,1483,low_traffic,0,0,65535_65535,1,4,251,638,1,1,1,36,638,15,1,1,allocated
1079,1483,low_traffic,0,0,65535_65535,1,3,251,551,0,1,0,35,0,14,1,1,pre_allocation
1079,1483,low_traffic,0,0,65535_65535,1,3,251,567,1,1,1,36,567,14,1,1,allocated
1079,1483,low_traffic,0,0,65535_65535,1,4,251,638,0,1,0,36,0,15,1,1,pre_allocation
1079,1483,low_traffic,0,0,65535_65535,1,4,251,656,1,1,1,37,656,15,1,1,allocated
1079,1483,low_traffic,0,0,65535_65535,1,3,251,567,0,1,0,36,0,14,1,1,pre_allocation
1079,1483,low_traffic,0,0,65535_65535,1,3,251,583,1,1,1,37,583,14,1,1,allocated
1079,1483,low_traffic,0,0,65535_65535,1,4,251,656,0,1,0,37,0,15,1,1,pre_allocation
1079,1483,low_traffic,0,0,65535_65535,1,4,251,674,1,1,1,38,674,15,1,1,allocated
1079,1483,low_traffic,0,0,65535_65535,1,3,251,583,0,1,0,37,0,14,1,1,pre_allocation
1079,1483,low_traffic,0,0,65535_65535,1,3,251,598,1,1,1,38,598,14,1,1,allocated
1079,1483,low_traffic,0,0,65535_65535,1,4,251,674,0,1,0,38,0,15,1,1,pre_allocation
1079,1483,low_traffic,0,0,65535_65535,1,4,251,691,1,1,1,39,691,15,1,1,allocated
1079,1483,low_traffic,0,0,65535_65535,1,3,251,598,0,1,0,38,0,14,1,1,pre_allocation
1079,1483,low_traffic,0,0,65535_65535,1,3,251,614,1,1,1,39,614,14,1,1,allocated
1079,1483,low_traffic,0,0,65535_65535,1,4,251,691,0,1,0,39,0,15,1,1,pre_allocation
1079,1483,low_traffic,0,0,65535_65535,1,4,251,709,1,1,1,40,709,15,1,1,allocated
1079,1483,low_traffic,0,0,65535_65535,1,3,251,614,0,1,0,39,0,14,1,1,pre_allocation
1079,1483,low_traffic,0,0,65535_65535,1,3,251,630,1,1,1,40,630,14,1,1,allocated
1079,1483,low_traffic,0,0,65535_65535,1,4,251,709,0,1,0,40,0,15,1,1,pre_allocation
1079,1483,low_traffic,0,0,65535_65535,1,4,251,727,1,1,1,41,727,15,1,1,allocated
1079,1483,low_traffic,0,0,65535_65535,1,3,251,630,0,1,0,40,0,14,1,1,pre_allocation
1079,1483,low_traffic,0,0,65535_65535,1,3,251,646,1,1,1,41,646,14,1,1,allocated
1079,1483,low_traffic,0,0,65535_65535,1,4,251,727,0,1,0,41,0,15,1,1,pre_allocation
1079,1483,low_traffic,0,0,65535_65535,1,4,251,745,1,1,1,42,745,15,1,1,allocated
1079,1483,low_traffic,0,0,65535_65535,1,3,251,646,0,1,0,41,0,14,1,1,pre_allocation
1079,1483,low_traffic,0,0,65535_65535,1,3,251,662,1,1,1,42,662,14,1,1,allocated
1079,1483,low_traffic,0,0,65535_65535,1,4,251,745,0,1,0,42,0,15,1,1,pre_allocation
1079,1483,low_traffic,0,0,65535_65535,1,4,251,763,1,1,1,43,763,15,1,1,allocated
1079,1483,low_traffic,0,0,65535_65535,1,3,251,662,0,1,0,42,0,14,1,1,pre_allocation
1079,1483,low_traffic,0,0,65535_65535,1,3,251,678,1,1,1,43,678,14,1,1,allocated
1079,1483,low_traffic,0,0,65535_65535,1,4,251,763,0,1,0,43,0,15,1,1,pre_allocation
1079,1483,low_traffic,0,0,65535_65535,1,4,251,781,1,1,1,44,781,15,1,1,allocated
1079,1483,low_traffic,0,0,65535_65535,1,3,251,678,0,1,0,43,0,14,1,1,pre_allocation
1079,1483,low_traffic,0,0,65535_65535,1,3,251,693,1,1,1,44,693,14,1,1,allocated
1079,1483,low_traffic,0,0,65535_65535,1,4,251,781,0,1,0,44,0,15,1,1,pre_allocation
1079,1483,low_traffic,0,0,65535_65535,1,4,251,798,1,1,1,45,798,15,1,1,allocated
1079,1483,low_traffic,0,0,65535_65535,1,3,251,693,0,1,0,44,0,14,1,1,pre_allocation
1079,1483,low_traffic,0,0,65535_65535,1,3,251,709,1,1,1,45,709,14,1,1,allocated
1079,1483,low_traffic,0,0,65535_65535,1,4,251,798,0,1,0,45,0,15,1,1,pre_allocation
1079,1483,low_traffic,0,0,65535_65535,1,4,251,816,1,1,1,46,816,15,1,1,allocated
1079,1483,low_traffic,0,0,65535_65535,1,3,251,709,0,1,0,45,0,14,1,1,pre_allocation
1079,1483,low_traffic,0,0,65535_65535,1,3,251,725,1,1,1,46,725,14,1,1,allocated
1079,1483,low_traffic,0,0,65535_65535,1,4,251,816,0,1,0,46,0,15,1,1,pre_allocation
1079,1483,low_traffic,0,0,65535_65535,1,4,251,834,1,1,1,47,834,15,1,1,allocated
1079,1483,low_traffic,0,0,65535_65535,1,3,251,725,0,1,0,46,0,14,1,1,pre_allocation
1079,1483,low_traffic,0,0,65535_65535,1,3,251,741,1,1,1,47,741,14,1,1,allocated
1079,1483,low_traffic,0,0,65535_65535,1,4,251,834,0,1,0,47,0,15,1,1,pre_allocation
1079,1483,low_traffic,0,0,65535_65535,1,4,251,852,1,1,1,48,852,15,1,1,allocated
1079,1483,low_traffic,0,0,65535_65535,1,3,251,741,0,1,0,47,0,14,1,1,pre_allocation
1079,1483,low_traffic,0,0,65535_65535,1,3,251,757,1,1,1,48,757,14,1,1,allocated
1079,1483,low_traffic,0,0,65535_65535,1,4,251,852,0,1,0,48,0,15,1,1,pre_allocation
1079,1483,low_traffic,0,0,65535_65535,1,4,251,870,1,1,1,49,870,15,1,1,allocated
1079,1483,low_traffic,0,0,65535_65535,1,3,251,757,0,1,0,48,0,14,1,1,pre_allocation
1079,1483,low_traffic,0,0,65535_65535,1,3,251,773,1,1,1,49,773,14,1,1,allocated
1079,1483,low_traffic,0,0,65535_65535,1,4,251,870,0,1,0,49,0,15,1,1,pre_allocation
1079,1483,low_traffic,0,0,65535_65535,1,4,251,888,1,1,1,50,888,15,1,1,allocated
1079,1483,low_traffic,0,0,65535_65535,1,3,251,773,0,1,0,49,0,14,1,1,pre_allocation
1079,1483,low_traffic,0,0,65535_65535,1,3,251,789,1,1,1,50,789,14,1,1,allocated
1079,1483,low_traffic,0,0,65535_65535,1,4,251,888,0,1,0,50,0,15,1,1,pre_allocation
1079,1483,low_traffic,0,0,65535_65535,1,4,251,905,1,1,1,51,905,15,1,1,allocated
1079,1483,low_traffic,0,0,65535_65535,1,3,251,789,0,1,0,50,0,14,1,1,pre_allocation
1079,1483,low_traffic,0,0,65535_65535,1,3,251,804,1,1,1,51,804,14,1,1,allocated
1079,1483,low_traffic,0,0,65535_65535,1,4,251,905,0,1,0,51,0,15,1,1,pre_allocation
1079,1483,low_traffic,0,0,65535_65535,1,4,251,923,1,1,1,52,923,15,1,1,allocated
1079,1483,low_traffic,0,0,65535_65535,1,3,251,804,0,1,0,51,0,14,1,1,pre_allocation
1079,1483,low_traffic,0,0,65535_65535,1,3,251,820,1,1,1,52,820,14,1,1,allocated
1079,1483,low_traffic,0,0,65535_65535,1,4,251,923,0,1,0,52,0,15,1,1,pre_allocation
1079,1483,low_traffic,0,0,65535_65535,1,4,251,941,1,1,1,53,941,15,1,1,allocated
1079,1483,low_traffic,0,0,65535_65535,1,3,251,820,0,1,0,52,0,14,1,1,pre_allocation
1079,1483,low_traffic,0,0,65535_65535,1,3,251,836,1,1,1,53,836,14,1,1,allocated
1079,1483,low_traffic,0,0,65535_65535,1,4,251,941,0,1,0,53,0,15,1,1,pre_allocation
1079,1483,low_traffic,0,0,65535_65535,1,4,251,959,1,1,1,54,959,15,1,1,allocated
1079,1483,low_traffic,0,0,65535_65535,2,10,137,0,0,1,0,0,0,15,1,1,pre_allocation
1079,1483,low_traffic,0,0,65535_65535,2,10,137,14,1,1,1,1,14,15,1,1,allocated
1079,1483,low_traffic,0,0,65535_65535,2,10,137,14,0,1,0,1,0,15,1,1,pre_allocation
1079,1483,low_traffic,0,0,65535_65535,2,10,137,32,1,1,1,2,32,15,1,1,allocated
1079,1483,low_traffic,0,0,65535_65535,2,10,137,32,0,1,0,2,0,15,1,1,pre_allocation
1079,1483,low_traffic,0,0,65535_65535,2,10,137,50,1,1,1,3,50,15,1,1,allocated
1079,1483,low_traffic,0,0,65535_65535,2,10,137,50,0,1,0,3,0,15,1,1,pre_allocation
1079,1483,low_traffic,0,0,65535_65535,2,10,137,68,1,1,1,4,68,15,1,1,allocated
1079,1483,low_traffic,0,0,65535_65535,2,10,137,68,0,1,0,4,0,15,1,1,pre_allocation
1079,1483,low_traffic,0,0,65535_65535,2,10,137,86,1,1,1,5,86,15,1,1,allocated
1079,1483,low_traffic,0,0,65535_65535,2,10,137,86,0,1,0,5,0,15,1,1,pre_allocation
1079,1483,low_traffic,0,0,65535_65535,2,10,137,103,1,1,1,6,103,15,1,1,allocated
1079,1483,low_traffic,0,0,65535_65535,2,10,137,103,0,1,0,6,0,15,1,1,pre_allocation
1079,1483,low_traffic,0,0,65535_65535,2,10,137,121,1,1,1,7,121,15,1,1,allocated
1079,1483,low_traffic,0,0,65535_65535,2,10,137,121,0,1,0,7,0,15,1,1,pre_allocation
1079,1483,low_traffic,0,0,65535_65535,2,10,137,139,1,1,1,8,139,15,1,1,allocated
1079,1483,low_traffic,0,0,65535_65535,2,10,137,139,0,1,0,8,0,15,1,1,pre_allocation
1079,1483,low_traffic,0,0,65535_65535,2,10,137,157,1,1,1,9,157,15,1,1,allocated
1079,1483,low_traffic,0,0,65535_65535,2,10,137,157,0,1,0,9,0,15,1,1,pre_allocation
1079,1483,low_traffic,0,0,65535_65535,2,10,137,175,1,1,1,10,175,15,1,1,allocated
1079,1483,low_traffic,0,0,65535_65535,2,10,137,175,0,1,0,10,0,15,1,1,pre_allocation
1079,1483,low_traffic,0,0,65535_65535,2,10,137,193,1,1,1,11,193,15,1,1,allocated
1079,1483,low_traffic,0,0,65535_65535,2,10,137,193,0,1,0,11,0,15,1,1,pre_allocation
1079,1483,low_traffic,0,0,65535_65535,2,10,137,210,1,1,1,12,210,15,1,1,allocated
1079,1483,low_traffic,0,0,65535_65535,2,10,137,210,0,1,0,12,0,15,1,1,pre_allocation
1079,1483,low_traffic,0,0,65535_65535,2,10,137,228,1,1,1,13,228,15,1,1,allocated
1079,1483,low_traffic,0,0,65535_65535,2,10,137,228,0,1,0,13,0,15,1,1,pre_allocation
1079,1483,low_traffic,0,0,65535_65535,2,10,137,246,1,1,1,14,246,15,1,1,allocated
1079,1483,low_traffic,0,0,65535_65535,2,10,137,246,0,1,0,14,0,15,1,1,pre_allocation
1079,1483,low_traffic,0,0,65535_65535,2,10,137,264,1,1,1,15,264,15,1,1,allocated
1079,1483,low_traffic,0,0,65535_65535,2,10,137,264,0,1,0,15,0,15,1,1,pre_allocation
1079,1483,low_traffic,0,0,65535_65535,2,10,137,282,1,1,1,16,282,15,1,1,allocated
1079,1483,low_traffic,0,0,65535_65535,2,10,137,282,0,1,0,16,0,15,1,1,pre_allocation
1079,1483,low_traffic,0,0,65535_65535,2,10,137,299,1,1,1,17,299,15,1,1,allocated
1079,1483,low_traffic,0,0,65535_65535,2,10,137,299,0,1,0,17,0,15,1,1,pre_allocation
1079,1483,low_traffic,0,0,65535_65535,2,10,137,317,1,1,1,18,317,15,1,1,allocated
1079,1483,low_traffic,0,0,65535_65535,2,10,137,317,0,1,0,18,0,15,1,1,pre_allocation
1079,1483,low_traffic,0,0,65535_65535,2,10,137,335,1,1,1,19,335,15,1,1,allocated
1079,1483,low_traffic,0,0,65535_65535,2,10,137,335,0,1,0,19,0,15,1,1,pre_allocation
1079,1483,low_traffic,0,0,65535_65535,2,10,137,353,1,1,1,20,353,15,1,1,allocated
1079,1483,low_traffic,0,0,65535_65535,2,10,137,353,0,1,0,20,0,15,1,1,pre_allocation
1079,1483,low_traffic,0,0,65535_65535,2,10,137,371,1,1,1,21,371,15,1,1,allocated
1079,1483,low_traffic,0,0,65535_65535,2,10,137,371,0,1,0,21,0,15,1,1,pre_allocation
1079,1483,low_traffic,0,0,65535_65535,2,10,137,389,1,1,1,22,389,15,1,1,allocated
1079,1483,low_traffic,0,0,65535_65535,2,10,137,389,0,1,0,22,0,15,1,1,pre_allocation
1079,1483,low_traffic,0,0,65535_65535,2,10,137,406,1,1,1,23,406,15,1,1,allocated
1079,1483,low_traffic,0,0,65535_65535,2,10,137,406,0,1,0,23,0,15,1,1,pre_allocation
1079,1483,low_traffic,0,0,65535_65535,2,10,137,424,1,1,1,24,424,15,1,1,allocated
1079,1483,low_traffic,0,0,65535_65535,2,10,137,424,0,1,0,24,0,15,1,1,pre_allocation
1079,1483,low_traffic,0,0,65535_65535,2,10,137,442,1,1,1,25,442,15,1,1,allocated
1079,1483,low_traffic,0,0,65535_65535,2,10,137,442,0,1,0,25,0,15,1,1,pre_allocation
1079,1483,low_traffic,0,0,65535_65535,2,10,137,460,1,1,1,26,460,15,1,1,allocated
1079,1483,low_traffic,0,0,65535_65535,2,10,137,460,0,1,0,26,0,15,1,1,pre_allocation
1079,1483,low_traffic,0,0,65535_65535,2,10,137,478,1,1,1,27,478,15,1,1,allocated
1079,1483,low_traffic,0,0,65535_65535,2,10,137,478,0,1,0,27,0,15,1,1,pre_allocation
1079,1483,low_traffic,0,0,65535_65535,2,10,137,495,1,1,1,28,495,15,1,1,allocated
1079,1483,low_traffic,0,0,65535_65535,2,10,137,495,0,1,0,28,0,15,1,1,pre_allocation
1079,1483,low_traffic,0,0,65535_65535,2,10,137,513,1,1,1,29,513,15,1,1,allocated
1079,1483,low_traffic,0,0,65535_65535,2,10,137,513,0,1,0,29,0,15,1,1,pre_allocation
1079,1483,low_traffic,0,0,65535_65535,2,10,137,531,1,1,1,30,531,15,1,1,allocated
1079,1483,low_traffic,0,0,65535_65535,2,10,137,531,0,1,0,30,0,15,1,1,pre_allocation
1079,1483,low_traffic,0,0,65535_65535,2,10,137,549,1,1,1,31,549,15,1,1,allocated
1079,1483,low_traffic,0,0,65535_65535,2,10,137,549,0,1,0,31,0,15,1,1,pre_allocation
1079,1483,low_traffic,0,0,65535_65535,2,10,137,567,1,1,1,32,567,15,1,1,allocated
1079,1483,low_traffic,0,0,65535_65535,2,10,137,567,0,1,0,32,0,15,1,1,pre_allocation
1079,1483,low_traffic,0,0,65535_65535,2,10,137,585,1,1,1,33,585,15,1,1,allocated
1079,1483,low_traffic,0,0,65535_65535,2,10,137,585,0,1,0,33,0,15,1,1,pre_allocation
1079,1483,low_traffic,0,0,65535_65535,2,10,137,602,1,1,1,34,602,15,1,1,allocated
1079,1483,low_traffic,0,0,65535_65535,2,10,137,602,0,1,0,34,0,15,1,1,pre_allocation
1079,1483,low_traffic,0,0,65535_65535,2,10,137,620,1,1,1,35,620,15,1,1,allocated
1079,1483,low_traffic,0,0,65535_65535,2,10,137,620,0,1,0,35,0,15,1,1,pre_allocation
1079,1483,low_traffic,0,0,65535_65535,2,10,137,638,1,1,1,36,638,15,1,1,allocated
1079,1483,low_traffic,0,0,65535_65535,2,10,137,638,0,1,0,36,0,15,1,1,pre_allocation
1079,1483,low_traffic,0,0,65535_65535,2,10,137,656,1,1,1,37,656,15,1,1,allocated
1079,1483,low_traffic,0,0,65535_65535,2,10,137,656,0,1,0,37,0,15,1,1,pre_allocation
1079,1483,low_traffic,0,0,65535_65535,2,10,137,674,1,1,1,38,674,15,1,1,allocated
1079,1483,low_traffic,0,0,65535_65535,2,10,137,674,0,1,0,38,0,15,1,1,pre_allocation
1079,1483,low_traffic,0,0,65535_65535,2,10,137,691,1,1,1,39,691,15,1,1,allocated
1079,1483,low_traffic,0,0,65535_65535,2,10,137,691,0,1,0,39,0,15,1,1,pre_allocation
1079,1483,low_traffic,0,0,65535_65535,2,10,137,709,1,1,1,40,709,15,1,1,allocated
1079,1483,low_traffic,0,0,65535_65535,2,10,137,709,0,1,0,40,0,15,1,1,pre_allocation
1079,1483,low_traffic,0,0,65535_65535,2,10,137,727,1,1,1,41,727,15,1,1,allocated
1079,1483,low_traffic,0,0,65535_65535,2,10,137,727,0,1,0,41,0,15,1,1,pre_allocation
1079,1483,low_traffic,0,0,65535_65535,2,10,137,745,1,1,1,42,745,15,1,1,allocated
1079,1483,low_traffic,0,0,65535_65535,2,10,137,745,0,1,0,42,0,15,1,1,pre_allocation
1079,1483,low_traffic,0,0,65535_65535,2,10,137,763,1,1,1,43,763,15,1,1,allocated
1079,1483,low_traffic,0,0,65535_65535,2,10,137,763,0,1,0,43,0,15,1,1,pre_allocation
1079,1483,low_traffic,0,0,65535_65535,2,10,137,781,1,1,1,44,781,15,1,1,allocated
1079,1483,low_traffic,0,0,65535_65535,2,10,137,781,0,1,0,44,0,15,1,1,pre_allocation
1079,1483,low_traffic,0,0,65535_65535,2,10,137,798,1,1,1,45,798,15,1,1,allocated
1079,1483,low_traffic,0,0,65535_65535,2,10,137,798,0,1,0,45,0,15,1,1,pre_allocation
1079,1483,low_traffic,0,0,65535_65535,2,10,137,816,1,1,1,46,816,15,1,1,allocated
1079,1483,low_traffic,0,0,65535_65535,2,10,137,816,0,1,0,46,0,15,1,1,pre_allocation
1079,1483,low_traffic,0,0,65535_65535,2,10,137,834,1,1,1,47,834,15,1,1,allocated
1079,1483,low_traffic,0,0,65535_65535,2,10,137,834,0,1,0,47,0,15,1,1,pre_allocation
1079,1483,low_traffic,0,0,65535_65535,2,10,137,852,1,1,1,48,852,15,1,1,allocated
1079,1483,low_traffic,0,0,65535_65535,2,10,137,852,0,1,0,48,0,15,1,1,pre_allocation
1079,1483,low_traffic,0,0,65535_65535,2,10,137,870,1,1,1,49,870,15,1,1,allocated
1079,1483,low_traffic,0,0,65535_65535,2,10,137,870,0,1,0,49,0,15,1,1,pre_allocation
1079,1483,low_traffic,0,0,65535_65535,2,10,137,888,1,1,1,50,888,15,1,1,allocated
1079,1483,low_traffic,0,0,65535_65535,2,10,137,888,0,1,0,50,0,15,1,1,pre_allocation
1079,1483,low_traffic,0,0,65535_65535,2,10,137,905,1,1,1,51,905,15,1,1,allocated
1079,1483,low_traffic,0,0,65535_65535,2,10,137,905,0,1,0,51,0,15,1,1,pre_allocation
1079,1483,low_traffic,0,0,65535_65535,2,10,137,923,1,1,1,52,923,15,1,1,allocated
1079,1483,low_traffic,0,0,65535_65535,2,10,137,923,0,1,0,52,0,15,1,1,pre_allocation
1079,1483,low_traffic,0,0,65535_65535,2,10,137,941,1,1,1,53,941,15,1,1,allocated
1079,1483,low_traffic,0,0,65535_65535,2,10,137,941,0,1,0,53,0,15,1,1,pre_allocation
1079,1483,low_traffic,0,0,65535_65535,2,10,137,959,1,1,1,54,959,15,1,1,allocated
1079,1483,low_traffic,0,0,65535_65535,2,10,137,959,0,1,0,54,0,15,1,1,pre_allocation
1079,1483,low_traffic,0,0,65535_65535,2,10,137,977,1,1,1,55,977,15,1,1,allocated
1079,1483,low_traffic,0,0,65535_65535,2,10,137,977,0,1,0,55,0,15,1,1,pre_allocation
1079,1483,low_traffic,0,0,65535_65535,2,10,137,994,1,1,1,56,994,15,1,1,allocated
1079,1483,low_traffic,0,0,65535_65535,2,10,137,994,0,1,0,56,0,15,1,1,pre_allocation
1079,1483,low_traffic,0,0,65535_65535,2,10,137,1012,1,1,1,57,1012,15,1,1,allocated
1079,1483,low_traffic,0,0,65535_65535,2,10,137,1012,0,1,0,57,0,15,1,1,pre_allocation
1079,1483,low_traffic,0,0,65535_65535,2,10,137,1030,1,1,1,58,1030,15,1,1,allocated
1079,1483,low_traffic,0,0,65535_65535,2,10,137,1030,0,1,0,58,0,15,1,1,pre_allocation
1079,1483,low_traffic,0,0,65535_65535,2,10,137,1048,1,1,1,59,1048,15,1,1,allocated
1079,1483,low_traffic,0,0,65535_65535,2,10,137,1048,0,1,0,59,0,15,1,1,pre_allocation
1079,1483,low_traffic,0,0,65535_65535,2,10,137,1066,1,1,1,60,1066,15,1,1,allocated
1079,1483,low_traffic,0,0,65535_65535,2,10,137,1066,0,1,0,60,0,15,1,1,pre_allocation
1079,1483,low_traffic,0,0,65535_65535,2,10,137,1084,1,1,1,61,1084,15,1,1,allocated
1079,1483,low_traffic,0,0,65535_65535,2,10,137,1084,0,1,0,61,0,15,1,1,pre_allocation
1079,1483,low_traffic,0,0,65535_65535,2,10,137,1101,1,1,1,62,1101,15,1,1,allocated
1079,1483,low_traffic,0,0,65535_65535,2,10,137,1101,0,1,0,62,0,15,1,1,pre_allocation
1079,1483,low_traffic,0,0,65535_65535,2,10,137,1119,1,1,1,63,1119,15,1,1,allocated
1079,1483,low_traffic,0,0,65535_65535,2,10,137,1119,0,1,0,63,0,15,1,1,pre_allocation
1079,1483,low_traffic,0,0,65535_65535,2,10,137,1137,1,1,1,64,1137,15,1,1,allocated
1079,1483,low_traffic,0,0,65535_65535,2,10,137,1137,0,1,0,64,0,15,1,1,pre_allocation
1079,1483,low_traffic,0,0,65535_65535,2,10,137,1155,1,1,1,65,1155,15,1,1,allocated
1079,1483,low_traffic,0,0,65535_65535,2,10,137,1155,0,1,0,65,0,15,1,1,pre_allocation
1079,1483,low_traffic,0,0,65535_65535,2,10,137,1173,1,1,1,66,1173,15,1,1,allocated
1079,1483,low_traffic,0,0,65535_65535,2,10,137,1173,0,1,0,66,0,15,1,1,pre_allocation
1079,1483,low_traffic,0,0,65535_65535,2,10,137,1190,1,1,1,67,1190,15,1,1,allocated
1079,1483,low_traffic,0,0,65535_65535,2,10,137,1190,0,1,0,67,0,15,1,1,pre_allocation
1079,1483,low_traffic,0,0,65535_65535,2,10,137,1208,1,1,1,68,1208,15,1,1,allocated
1079,1483,low_traffic,0,0,65535_65535,2,10,137,1208,0,1,0,68,0,15,1,1,pre_allocation
1079,1483,low_traffic,0,0,65535_65535,2,10,137,1226,1,1,1,69,1226,15,1,1,allocated
1079,1483,low_traffic,0,0,65535_65535,2,10,137,1226,0,1,0,69,0,15,1,1,pre_allocation
1079,1483,low_traffic,0,0,65535_65535,2,10,137,1244,1,1,1,70,1244,15,1,1,allocated
1079,1483,low_traffic,0,0,65535_65535,2,10,137,1244,0,1,0,70,0,15,1,1,pre_allocation
1079,1483,low_traffic,0,0,65535_65535,2,10,137,1262,1,1,1,71,1262,15,1,1,allocated
1079,1483,low_traffic,0,0,65535_65535,2,10,137,1262,0,1,0,71,0,15,1,1,pre_allocation
1079,1483,low_traffic,0,0,65535_65535,2,10,137,1280,1,1,1,72,1280,15,1,1,allocated
1079,1483,low_traffic,0,0,65535_65535,2,10,137,1280,0,1,0,72,0,15,1,1,pre_allocation
1079,1483,low_traffic,0,0,65535_65535,2,10,137,1297,1,1,1,73,1297,15,1,1,allocated
1079,1483,low_traffic,0,0,65535_65535,2,10,137,1297,0,1,0,73,0,15,1,1,pre_allocation
1079,1483,low_traffic,0,0,65535_65535,2,10,137,1315,1,1,1,74,1315,15,1,1,allocated
1079,1483,low_traffic,0,0,65535_65535,2,10,137,1315,0,1,0,74,0,15,1,1,pre_allocation
1079,1483,low_traffic,0,0,65535_65535,2,10,137,1333,1,1,1,75,1333,15,1,1,allocated
1079,1483,low_traffic,0,0,65535_65535,2,10,137,1333,0,1,0,75,0,15,1,1,pre_allocation
1079,1483,low_traffic,0,0,65535_65535,2,10,137,1351,1,1,1,76,1351,15,1,1,allocated
1079,1483,low_traffic,0,0,65535_65535,2,10,137,1351,0,1,0,76,0,15,1,1,pre_allocation
1079,1483,low_traffic,0,0,65535_65535,2,10,137,1369,1,1,1,77,1369,15,1,1,allocated
1079,1483,low_traffic,0,0,65535_65535,2,10,137,1369,0,1,0,77,0,15,1,1,pre_allocation
1079,1483,low_traffic,0,0,65535_65535,2,10,137,1386,1,1,1,78,1386,15,1,1,allocated
1079,1483,low_traffic,0,0,65535_65535,2,10,137,1386,0,1,0,78,0,15,1,1,pre_allocation
1079,1483,low_traffic,0,0,65535_65535,2,10,137,1404,1,1,1,79,1404,15,1,1,allocated
1079,1483,low_traffic,0,0,65535_65535,2,10,137,1404,0,1,0,79,0,15,1,1,pre_allocation
1079,1483,low_traffic,0,0,65535_65535,2,10,137,1422,1,1,1,80,1422,15,1,1,allocated
1079,1483,low_traffic,0,0,65535_65535,2,10,137,1422,0,1,0,80,0,15,1,1,pre_allocation
1079,1483,low_traffic,0,0,65535_65535,2,10,137,1440,1,1,1,81,1440,15,1,1,allocated
1079,1483,low_traffic,0,0,65535_65535,2,10,137,1440,0,1,0,81,0,15,1,1,pre_allocation
1079,1483,low_traffic,0,0,65535_65535,2,10,137,1458,1,1,1,82,1458,15,1,1,allocated
1079,1483,low_traffic,0,0,65535_65535,2,10,137,1458,0,1,0,82,0,15,1,1,pre_allocation
1079,1483,low_traffic,0,0,65535_65535,2,10,137,1476,1,1,1,83,1476,15,1,1,allocated
1079,1483,low_traffic,0,0,65535_65535,2,10,137,1476,0,1,0,83,0,15,1,1,pre_allocation
1079,1483,low_traffic,0,0,65535_65535,2,10,137,1493,1,1,1,84,1493,15,1,1,allocated
1079,1483,low_traffic,0,0,65535_65535,2,10,137,1493,0,1,0,84,0,15,1,1,pre_allocation
1079,1483,low_traffic,0,0,65535_65535,2,10,137,1511,1,1,1,85,1511,15,1,1,allocated
1079,1483,low_traffic,0,0,65535_65535,2,10,137,1511,0,1,0,85,0,15,1,1,pre_allocation
1079,1483,low_traffic,0,0,65535_65535,2,10,137,1529,1,1,1,86,1529,15,1,1,allocated
1079,1483,low_traffic,0,0,65535_65535,2,10,137,1529,0,1,0,86,0,15,1,1,pre_allocation
1079,1483,low_traffic,0,0,65535_65535,2,10,137,1544,1,1,1,87,1544,15,1,1,allocated
1079,1483,low_traffic,0,0,65535_65535,2,10,137,1544,0,1,0,87,0,15,1,1,pre_allocation
1079,1483,low_traffic,0,0,65535_65535,2,10,137,1562,1,1,1,88,1562,15,1,1,allocated
1079,1483,low_traffic,0,0,65535_65535,2,10,137,1562,0,1,0,88,0,15,1,1,pre_allocation
1079,1483,low_traffic,0,0,65535_65535,2,10,137,1579,1,1,1,89,1579,15,1,1,allocated
1079,1483,low_traffic,0,0,65535_65535,2,10,137,1579,0,1,0,89,0,15,1,1,pre_allocation
1079,1483,low_traffic,0,0,65535_65535,2,10,137,1597,1,1,1,90,1597,15,1,1,allocated
1079,1483,low_traffic,0,0,65535_65535,2,10,137,1597,0,1,0,90,0,15,1,1,pre_allocation
1079,1483,low_traffic,0,0,65535_65535,2,10,137,1615,1,1,1,91,1615,15,1,1,allocated
1079,1483,low_traffic,0,0,65535_65535,2,10,137,1615,0,1,0,91,0,15,1,1,pre_allocation
1079,1483,low_traffic,0,0,65535_65535,2,10,137,1633,1,1,1,92,1633,15,1,1,allocated
1079,1483,low_traffic,0,0,65535_65535,2,10,137,1633,0,1,0,92,0,15,1,1,pre_allocation
1079,1483,low_traffic,0,0,65535_65535,2,10,137,1651,1,1,1,93,1651,15,1,1,allocated
1079,1483,low_traffic,0,0,65535_65535,2,10,137,1651,0,1,0,93,0,15,1,1,pre_allocation
1079,1483,low_traffic,0,0,65535_65535,2,10,137,1669,1,1,1,94,1669,15,1,1,allocated
1079,1483,low_traffic,0,0,65535_65535,2,10,137,1669,0,1,0,94,0,15,1,1,pre_allocation
1079,1483,low_traffic,0,0,65535_65535,2,10,137,1686,1,1,1,95,1686,15,1,1,allocated
1079,1483,low_traffic,0,0,65535_65535,2,10,137,1686,0,1,0,95,0,15,1,1,pre_allocation
1079,1483,low_traffic,0,0,65535_65535,2,10,137,1704,1,1,1,96,1704,15,1,1,allocated
1079,1483,low_traffic,0,0,65535_65535,2,10,137,1704,0,1,0,96,0,15,1,1,pre_allocation
1079,1483,low_traffic,0,0,65535_65535,2,10,137,1722,1,1,1,97,1722,15,1,1,allocated
1079,1483,low_traffic,0,0,65535_65535,2,10,137,1722,0,1,0,97,0,15,1,1,pre_allocation
1079,1483,low_traffic,0,0,65535_65535,2,10,137,1740,1,1,1,98,1740,15,1,1,allocated
1079,1483,low_traffic,0,0,65535_65535,2,10,137,1740,0,1,0,98,0,15,1,1,pre_allocation
1079,1483,low_traffic,0,0,65535_65535,2,10,137,1758,1,1,1,99,1758,15,1,1,allocated
1079,1483,low_traffic,0,0,65535_65535,2,10,137,1758,0,1,0,99,0,15,1,1,pre_allocation
1079,1483,low_traffic,0,0,65535_65535,2,10,137,1776,1,1,1,100,1776,15,1,1,allocated
1079,1483,low_traffic,0,0,65535_65535,2,10,137,1776,0,1,0,100,0,15,1,1,pre_allocation
1079,1483,low_traffic,0,0,65535_65535,2,10,137,1793,1,1,1,101,1793,15,1,1,allocated
1079,1483,low_traffic,0,0,65535_65535,2,10,137,1793,0,1,0,101,0,15,1,1,pre_allocation
1079,1483,low_traffic,0,0,65535_65535,2,10,137,1811,1,1,1,102,1811,15,1,1,allocated
1079,1483,low_traffic,0,0,65535_65535,2,10,137,1811,0,1,0,102,0,15,1,1,pre_allocation
1079,1483,low_traffic,0,0,65535_65535,2,10,137,1829,1,1,1,103,1829,15,1,1,allocated
1079,1483,low_traffic,0,0,65535_65535,2,10,137,1829,0,1,0,103,0,15,1,1,pre_allocation
1079,1483,low_traffic,0,0,65535_65535,2,10,137,1847,1,1,1,104,1847,15,1,1,allocated
1079,1483,low_traffic,0,0,65535_65535,2,10,137,1847,0,1,0,104,0,15,1,1,pre_allocation
1079,1483,low_traffic,0,0,65535_65535,2,10,137,1865,1,1,1,105,1865,15,1,1,allocated
1079,1483,low_traffic,0,0,65535_65535,2,10,137,1865,0,1,0,105,0,15,1,1,pre_allocation
1079,1483,low_traffic,0,0,65535_65535,2,10,137,1882,1,1,1,106,1882,15,1,1,allocated
1079,1483,low_traffic,0,0,65535_65535,2,10,137,1882,0,1,0,106,0,15,1,1,pre_allocation
1079,1483,low_traffic,0,0,65535_65535,2,10,137,1900,1,1,1,107,1900,15,1,1,allocated
1079,1483,low_traffic,0,0,65535_65535,2,10,137,1900,0,1,0,107,0,15,1,1,pre_allocation
1079,1483,low_traffic,0,0,65535_65535,2,10,137,1918,1,1,1,108,1918,15,1,1,allocated
1079,1483,low_traffic,0,0,65535_65535,2,10,137,1918,0,1,0,108,0,15,1,1,pre_allocation
1079,1483,low_traffic,0,0,65535_65535,2,10,137,1936,1,1,1,109,1936,15,1,1,allocated
1079,1483,low_traffic,0,0,65535_65535,2,10,137,1936,0,1,0,109,0,15,1,1,pre_allocation
1079,1483,low_traffic,0,0,65535_65535,2,10,137,1954,1,1,1,110,1954,15,1,1,allocated
1079,1483,low_traffic,0,0,65535_65535,2,10,137,1954,0,1,0,110,0,15,1,1,pre_allocation
1079,1483,low_traffic,0,0,65535_65535,2,10,137,1972,1,1,1,111,1972,15,1,1,allocated
1079,1483,low_traffic,0,0,65535_65535,2,10,137,1972,0,1,0,111,0,15,1,1,pre_allocation
1079,1483,low_traffic,0,0,65535_65535,2,10,137,1989,1,1,1,112,1989,15,1,1,allocated
1079,1483,low_traffic,0,0,65535_65535,2,10,137,1989,0,1,0,112,0,15,1,1,pre_allocation
1079,1483,low_traffic,0,0,65535_65535,2,10,137,2007,1,1,1,113,2007,15,1,1,allocated
1079,1483,low_traffic,0,0,65535_65535,2,10,137,2007,0,1,0,113,0,15,1,1,pre_allocation
1079,1483,low_traffic,0,0,65535_65535,2,10,137,2025,1,1,1,114,2025,15,1,1,allocated
1079,1483,low_traffic,0,0,65535_65535,2,10,137,2025,0,1,0,114,0,15,1,1,pre_allocation
1079,1483,low_traffic,0,0,65535_65535,2,10,137,2043,1,1,1,115,2043,15,1,1,allocated
