timestamp,ueImsi,sliceId,dTxBytes,dRxBytes,plr,resourceSharePct,dLostPackets,throughputMbps
4010,1,0,0,0,0.00,50.30,0,0.0000
4010,2,0,0,0,0.00,50.30,0,0.0000
4010,3,0,0,0,0.00,50.30,0,0.0000
4010,4,0,0,0,0.00,50.30,0,0.0000
4010,5,0,0,0,0.00,50.30,0,0.0000
4010,6,1,390,390,0.00,29.18,0,0.3120
4010,7,1,390,390,0.00,29.18,0,0.3120
4010,8,1,390,390,0.00,29.18,0,0.3120
4010,9,1,390,390,0.00,29.18,0,0.3120
4010,10,1,390,390,0.00,29.18,0,0.3120
4010,11,2,384,384,0.00,20.52,0,0.3072
4010,12,2,384,384,0.00,20.52,0,0.3072
4010,13,2,384,384,0.00,20.52,0,0.3072
4010,14,2,384,384,0.00,20.52,0,0.3072
4010,15,2,384,384,0.00,20.52,0,0.3072
4010,16,2,384,384,0.00,20.52,0,0.3072
4010,17,2,384,384,0.00,20.52,0,0.3072
4010,18,2,384,384,0.00,20.52,0,0.3072
4010,19,2,384,384,0.00,20.52,0,0.3072
4010,20,2,384,384,0.00,20.52,0,0.3072
