callId,timeMs,scenario,slot,bwpId,beamId,sliceId,rnti,bufQueueSize,dlTbSizeBefore,hasDemand,demandPassed,rbgAllocated,uniqueRbgs,tbSizeBytes,mcs,rank,numRbPerRbg,reason
1,503,low_traffic,0,0,65535_65535,0,2,6133,0,0,1,0,0,0,15,1,1,pre_allocation
1,503,low_traffic,0,0,65535_65535,0,2,6133,35,1,1,1,1,35,15,1,1,allocated
1,503,low_traffic,0,0,65535_65535,0,1,6133,0,0,1,0,0,0,15,1,1,pre_allocation
1,503,low_traffic,0,0,65535_65535,0,1,6133,35,1,1,1,1,35,15,1,1,allocated
1,503,low_traffic,0,0,65535_65535,0,2,6133,35,0,1,0,1,0,15,1,1,pre_allocation
1,503,low_traffic,0,0,65535_65535,0,2,6133,74,1,1,1,2,74,15,1,1,allocated
1,503,low_traffic,0,0,65535_65535,0,1,6133,35,0,1,0,1,0,15,1,1,pre_allocation
1,503,low_traffic,0,0,65535_65535,0,1,6133,74,1,1,1,2,74,15,1,1,allocated
1,503,low_traffic,0,0,65535_65535,0,2,6133,74,0,1,0,2,0,15,1,1,pre_allocation
1,503,low_traffic,0,0,65535_65535,0,2,6133,112,1,1,1,3,112,15,1,1,allocated
1,503,low_traffic,0,0,65535_65535,0,1,6133,74,0,1,0,2,0,15,1,1,pre_allocation
1,503,low_traffic,0,0,65535_65535,0,1,6133,112,1,1,1,3,112,15,1,1,allocated
1,503,low_traffic,0,0,65535_65535,0,2,6133,112,0,1,0,3,0,15,1,1,pre_allocation
1,503,low_traffic,0,0,65535_65535,0,2,6133,151,1,1,1,4,151,15,1,1,allocated
1,503,low_traffic,0,0,65535_65535,0,1,6133,112,0,1,0,3,0,15,1,1,pre_allocation
1,503,low_traffic,0,0,65535_65535,0,1,6133,151,1,1,1,4,151,15,1,1,allocated
1,503,low_traffic,0,0,65535_65535,0,2,6133,151,0,1,0,4,0,15,1,1,pre_allocation
1,503,low_traffic,0,0,65535_65535,0,2,6133,190,1,1,1,5,190,15,1,1,allocated
1,503,low_traffic,0,0,65535_65535,0,1,6133,151,0,1,0,4,0,15,1,1,pre_allocation
1,503,low_traffic,0,0,65535_65535,0,1,6133,190,1,1,1,5,190,15,1,1,allocated
1,503,low_traffic,0,0,65535_65535,0,2,6133,190,0,1,0,5,0,15,1,1,pre_allocation
1,503,low_traffic,0,0,65535_65535,0,2,6133,228,1,1,1,6,228,15,1,1,allocated
1,503,low_traffic,0,0,65535_65535,0,1,6133,190,0,1,0,5,0,15,1,1,pre_allocation
1,503,low_traffic,0,0,65535_65535,0,1,6133,228,1,1,1,6,228,15,1,1,allocated
1,503,low_traffic,0,0,65535_65535,0,2,6133,228,0,1,0,6,0,15,1,1,pre_allocation
1,503,low_traffic,0,0,65535_65535,0,2,6133,267,1,1,1,7,267,15,1,1,allocated
1,503,low_traffic,0,0,65535_65535,0,1,6133,228,0,1,0,6,0,15,1,1,pre_allocation
1,503,low_traffic,0,0,65535_65535,0,1,6133,267,1,1,1,7,267,15,1,1,allocated
1,503,low_traffic,0,0,65535_65535,0,2,6133,267,0,1,0,7,0,15,1,1,pre_allocation
1,503,low_traffic,0,0,65535_65535,0,2,6133,305,1,1,1,8,305,15,1,1,allocated
1,503,low_traffic,0,0,65535_65535,0,1,6133,267,0,1,0,7,0,15,1,1,pre_allocation
1,503,low_traffic,0,0,65535_65535,0,1,6133,305,1,1,1,8,305,15,1,1,allocated
1,503,low_traffic,0,0,65535_65535,0,2,6133,305,0,1,0,8,0,15,1,1,pre_allocation
1,503,low_traffic,0,0,65535_65535,0,2,6133,344,1,1,1,9,344,15,1,1,allocated
1,503,low_traffic,0,0,65535_65535,0,1,6133,305,0,1,0,8,0,15,1,1,pre_allocation
1,503,low_traffic,0,0,65535_65535,0,1,6133,344,1,1,1,9,344,15,1,1,allocated
1,503,low_traffic,0,0,65535_65535,0,2,6133,344,0,1,0,9,0,15,1,1,pre_allocation
1,503,low_traffic,0,0,65535_65535,0,2,6133,383,1,1,1,10,383,15,1,1,allocated
1,503,low_traffic,0,0,65535_65535,0,1,6133,344,0,1,0,9,0,15,1,1,pre_allocation
1,503,low_traffic,0,0,65535_65535,0,1,6133,383,1,1,1,10,383,15,1,1,allocated
1,503,low_traffic,0,0,65535_65535,0,2,6133,383,0,1,0,10,0,15,1,1,pre_allocation
1,503,low_traffic,0,0,65535_65535,0,2,6133,421,1,1,1,11,421,15,1,1,allocated
1,503,low_traffic,0,0,65535_65535,0,1,6133,383,0,1,0,10,0,15,1,1,pre_allocation
1,503,low_traffic,0,0,65535_65535,0,1,6133,421,1,1,1,11,421,15,1,1,allocated
1,503,low_traffic,0,0,65535_65535,0,2,6133,421,0,1,0,11,0,15,1,1,pre_allocation
1,503,low_traffic,0,0,65535_65535,0,2,6133,460,1,1,1,12,460,15,1,1,allocated
1,503,low_traffic,0,0,65535_65535,0,1,6133,421,0,1,0,11,0,15,1,1,pre_allocation
1,503,low_traffic,0,0,65535_65535,0,1,6133,460,1,1,1,12,460,15,1,1,allocated
1,503,low_traffic,0,0,65535_65535,0,2,6133,460,0,1,0,12,0,15,1,1,pre_allocation
1,503,low_traffic,0,0,65535_65535,0,2,6133,498,1,1,1,13,498,15,1,1,allocated
1,503,low_traffic,0,0,65535_65535,0,1,6133,460,0,1,0,12,0,15,1,1,pre_allocation
1,503,low_traffic,0,0,65535_65535,0,1,6133,498,1,1,1,13,498,15,1,1,allocated
1,503,low_traffic,0,0,65535_65535,0,2,6133,498,0,1,0,13,0,15,1,1,pre_allocation
1,503,low_traffic,0,0,65535_65535,0,2,6133,537,1,1,1,14,537,15,1,1,allocated
1,503,low_traffic,0,0,65535_65535,0,1,6133,498,0,1,0,13,0,15,1,1,pre_allocation
1,503,low_traffic,0,0,65535_65535,0,1,6133,537,1,1,1,14,537,15,1,1,allocated
1,503,low_traffic,0,0,65535_65535,0,2,6133,537,0,1,0,14,0,15,1,1,pre_allocation
1,503,low_traffic,0,0,65535_65535,0,2,6133,576,1,1,1,15,576,15,1,1,allocated
1,503,low_traffic,0,0,65535_65535,0,1,6133,537,0,1,0,14,0,15,1,1,pre_allocation
1,503,low_traffic,0,0,65535_65535,0,1,6133,576,1,1,1,15,576,15,1,1,allocated
1,503,low_traffic,0,0,65535_65535,0,2,6133,576,0,1,0,15,0,15,1,1,pre_allocation
1,503,low_traffic,0,0,65535_65535,0,2,6133,614,1,1,1,16,614,15,1,1,allocated
1,503,low_traffic,0,0,65535_65535,0,1,6133,576,0,1,0,15,0,15,1,1,pre_allocation
1,503,low_traffic,0,0,65535_65535,0,1,6133,614,1,1,1,16,614,15,1,1,allocated
1,503,low_traffic,0,0,65535_65535,0,2,6133,614,0,1,0,16,0,15,1,1,pre_allocation
1,503,low_traffic,0,0,65535_65535,0,2,6133,653,1,1,1,17,653,15,1,1,allocated
1,503,low_traffic,0,0,65535_65535,0,1,6133,614,0,1,0,16,0,15,1,1,pre_allocation
1,503,low_traffic,0,0,65535_65535,0,1,6133,653,1,1,1,17,653,15,1,1,allocated
1,503,low_traffic,0,0,65535_65535,0,2,6133,653,0,1,0,17,0,15,1,1,pre_allocation
1,503,low_traffic,0,0,65535_65535,0,2,6133,691,1,1,1,18,691,15,1,1,allocated
1,503,low_traffic,0,0,65535_65535,0,1,6133,653,0,1,0,17,0,15,1,1,pre_allocation
1,503,low_traffic,0,0,65535_65535,0,1,6133,691,1,1,1,18,691,15,1,1,allocated
1,503,low_traffic,0,0,65535_65535,0,2,6133,691,0,1,0,18,0,15,1,1,pre_allocation
1,503,low_traffic,0,0,65535_65535,0,2,6133,730,1,1,1,19,730,15,1,1,allocated
1,503,low_traffic,0,0,65535_65535,0,1,6133,691,0,1,0,18,0,15,1,1,pre_allocation
1,503,low_traffic,0,0,65535_65535,0,1,6133,730,1,1,1,19,730,15,1,1,allocated
1,503,low_traffic,0,0,65535_65535,0,2,6133,730,0,1,0,19,0,15,1,1,pre_allocation
1,503,low_traffic,0,0,65535_65535,0,2,6133,769,1,1,1,20,769,15,1,1,allocated
1,503,low_traffic,0,0,65535_65535,0,1,6133,730,0,1,0,19,0,15,1,1,pre_allocation
1,503,low_traffic,0,0,65535_65535,0,1,6133,769,1,1,1,20,769,15,1,1,allocated
1,503,low_traffic,0,0,65535_65535,0,2,6133,769,0,1,0,20,0,15,1,1,pre_allocation
1,503,low_traffic,0,0,65535_65535,0,2,6133,807,1,1,1,21,807,15,1,1,allocated
1,503,low_traffic,0,0,65535_65535,0,1,6133,769,0,1,0,20,0,15,1,1,pre_allocation
1,503,low_traffic,0,0,65535_65535,0,1,6133,807,1,1,1,21,807,15,1,1,allocated
1,503,low_traffic,0,0,65535_65535,0,2,6133,807,0,1,0,21,0,15,1,1,pre_allocation
1,503,low_traffic,0,0,65535_65535,0,2,6133,846,1,1,1,22,846,15,1,1,allocated
1,503,low_traffic,0,0,65535_65535,0,1,6133,807,0,1,0,21,0,15,1,1,pre_allocation
1,503,low_traffic,0,0,65535_65535,0,1,6133,846,1,1,1,22,846,15,1,1,allocated
1,503,low_traffic,0,0,65535_65535,0,2,6133,846,0,1,0,22,0,15,1,1,pre_allocation
1,503,low_traffic,0,0,65535_65535,0,2,6133,885,1,1,1,23,885,15,1,1,allocated
1,503,low_traffic,0,0,65535_65535,0,1,6133,846,0,1,0,22,0,15,1,1,pre_allocation
1,503,low_traffic,0,0,65535_65535,0,1,6133,885,1,1,1,23,885,15,1,1,allocated
1,503,low_traffic,0,0,65535_65535,0,2,6133,885,0,1,0,23,0,15,1,1,pre_allocation
1,503,low_traffic,0,0,65535_65535,0,2,6133,923,1,1,1,24,923,15,1,1,allocated
1,503,low_traffic,0,0,65535_65535,0,1,6133,885,0,1,0,23,0,15,1,1,pre_allocation
1,503,low_traffic,0,0,65535_65535,0,1,6133,923,1,1,1,24,923,15,1,1,allocated
1,503,low_traffic,0,0,65535_65535,0,2,6133,923,0,1,0,24,0,15,1,1,pre_allocation
1,503,low_traffic,0,0,65535_65535,0,2,6133,962,1,1,1,25,962,15,1,1,allocated
1,503,low_traffic,0,0,65535_65535,0,1,6133,923,0,1,0,24,0,15,1,1,pre_allocation
1,503,low_traffic,0,0,65535_65535,0,1,6133,962,1,1,1,25,962,15,1,1,allocated
1,503,low_traffic,0,0,65535_65535,0,2,6133,962,0,1,0,25,0,15,1,1,pre_allocation
1,503,low_traffic,0,0,65535_65535,0,2,6133,1000,1,1,1,26,1000,15,1,1,allocated
1,503,low_traffic,0,0,65535_65535,0,1,6133,962,0,1,0,25,0,15,1,1,pre_allocation
1,503,low_traffic,0,0,65535_65535,0,1,6133,1000,1,1,1,26,1000,15,1,1,allocated
1,503,low_traffic,0,0,65535_65535,0,2,6133,1000,0,1,0,26,0,15,1,1,pre_allocation
1,503,low_traffic,0,0,65535_65535,0,2,6133,1039,1,1,1,27,1039,15,1,1,allocated
1,503,low_traffic,0,0,65535_65535,0,1,6133,1000,0,1,0,26,0,15,1,1,pre_allocation
1,503,low_traffic,0,0,65535_65535,0,1,6133,1039,1,1,1,27,1039,15,1,1,allocated
1,503,low_traffic,0,0,65535_65535,0,2,6133,1039,0,1,0,27,0,15,1,1,pre_allocation
1,503,low_traffic,0,0,65535_65535,0,2,6133,1078,1,1,1,28,1078,15,1,1,allocated
1,503,low_traffic,0,0,65535_65535,0,1,6133,1039,0,1,0,27,0,15,1,1,pre_allocation
1,503,low_traffic,0,0,65535_65535,0,1,6133,1078,1,1,1,28,1078,15,1,1,allocated
1,503,low_traffic,0,0,65535_65535,0,2,6133,1078,0,1,0,28,0,15,1,1,pre_allocation
1,503,low_traffic,0,0,65535_65535,0,2,6133,1116,1,1,1,29,1116,15,1,1,allocated
1,503,low_traffic,0,0,65535_65535,0,1,6133,1078,0,1,0,28,0,15,1,1,pre_allocation
1,503,low_traffic,0,0,65535_65535,0,1,6133,1116,1,1,1,29,1116,15,1,1,allocated
1,503,low_traffic,0,0,65535_65535,0,2,6133,1116,0,1,0,29,0,15,1,1,pre_allocation
1,503,low_traffic,0,0,65535_65535,0,2,6133,1155,1,1,1,30,1155,15,1,1,allocated
1,503,low_traffic,0,0,65535_65535,0,1,6133,1116,0,1,0,29,0,15,1,1,pre_allocation
1,503,low_traffic,0,0,65535_65535,0,1,6133,1155,1,1,1,30,1155,15,1,1,allocated
1,503,low_traffic,0,0,65535_65535,0,2,6133,1155,0,1,0,30,0,15,1,1,pre_allocation
1,503,low_traffic,0,0,65535_65535,0,2,6133,1193,1,1,1,31,1193,15,1,1,allocated
1,503,low_traffic,0,0,65535_65535,0,1,6133,1155,0,1,0,30,0,15,1,1,pre_allocation
1,503,low_traffic,0,0,65535_65535,0,1,6133,1193,1,1,1,31,1193,15,1,1,allocated
1,503,low_traffic,0,0,65535_65535,0,2,6133,1193,0,1,0,31,0,15,1,1,pre_allocation
1,503,low_traffic,0,0,65535_65535,0,2,6133,1232,1,1,1,32,1232,15,1,1,allocated
1,503,low_traffic,0,0,65535_65535,0,1,6133,1193,0,1,0,31,0,15,1,1,pre_allocation
1,503,low_traffic,0,0,65535_65535,0,1,6133,1232,1,1,1,32,1232,15,1,1,allocated
1,503,low_traffic,0,0,65535_65535,0,2,6133,1232,0,1,0,32,0,15,1,1,pre_allocation
1,503,low_traffic,0,0,65535_65535,0,2,6133,1271,1,1,1,33,1271,15,1,1,allocated
1,503,low_traffic,0,0,65535_65535,0,1,6133,1232,0,1,0,32,0,15,1,1,pre_allocation
1,503,low_traffic,0,0,65535_65535,0,1,6133,1271,1,1,1,33,1271,15,1,1,allocated
1,503,low_traffic,0,0,65535_65535,0,2,6133,1271,0,1,0,33,0,15,1,1,pre_allocation
1,503,low_traffic,0,0,65535_65535,0,2,6133,1309,1,1,1,34,1309,15,1,1,allocated
1,503,low_traffic,0,0,65535_65535,0,1,6133,1271,0,1,0,33,0,15,1,1,pre_allocation
1,503,low_traffic,0,0,65535_65535,0,1,6133,1309,1,1,1,34,1309,15,1,1,allocated
1,503,low_traffic,0,0,65535_65535,0,2,6133,1309,0,1,0,34,0,15,1,1,pre_allocation
1,503,low_traffic,0,0,65535_65535,0,2,6133,1348,1,1,1,35,1348,15,1,1,allocated
1,503,low_traffic,0,0,65535_65535,0,1,6133,1309,0,1,0,34,0,15,1,1,pre_allocation
1,503,low_traffic,0,0,65535_65535,0,1,6133,1348,1,1,1,35,1348,15,1,1,allocated
1,503,low_traffic,0,0,65535_65535,0,2,6133,1348,0,1,0,35,0,15,1,1,pre_allocation
1,503,low_traffic,0,0,65535_65535,0,2,6133,1386,1,1,1,36,1386,15,1,1,allocated
1,503,low_traffic,0,0,65535_65535,0,1,6133,1348,0,1,0,35,0,15,1,1,pre_allocation
1,503,low_traffic,0,0,65535_65535,0,1,6133,1386,1,1,1,36,1386,15,1,1,allocated
1,503,low_traffic,0,0,65535_65535,0,2,6133,1386,0,1,0,36,0,15,1,1,pre_allocation
1,503,low_traffic,0,0,65535_65535,0,2,6133,1425,1,1,1,37,1425,15,1,1,allocated
1,503,low_traffic,0,0,65535_65535,0,1,6133,1386,0,1,0,36,0,15,1,1,pre_allocation
1,503,low_traffic,0,0,65535_65535,0,1,6133,1425,1,1,1,37,1425,15,1,1,allocated
1,503,low_traffic,0,0,65535_65535,0,2,6133,1425,0,1,0,37,0,15,1,1,pre_allocation
1,503,low_traffic,0,0,65535_65535,0,2,6133,1464,1,1,1,38,1464,15,1,1,allocated
1,503,low_traffic,0,0,65535_65535,0,1,6133,1425,0,1,0,37,0,15,1,1,pre_allocation
1,503,low_traffic,0,0,65535_65535,0,1,6133,1464,1,1,1,38,1464,15,1,1,allocated
1,503,low_traffic,0,0,65535_65535,0,2,6133,1464,0,1,0,38,0,15,1,1,pre_allocation
1,503,low_traffic,0,0,65535_65535,0,2,6133,1502,1,1,1,39,1502,15,1,1,allocated
1,503,low_traffic,0,0,65535_65535,0,1,6133,1464,0,1,0,38,0,15,1,1,pre_allocation
1,503,low_traffic,0,0,65535_65535,0,1,6133,1502,1,1,1,39,1502,15,1,1,allocated
1,503,low_traffic,0,0,65535_65535,0,2,6133,1502,0,1,0,39,0,15,1,1,pre_allocation
1,503,low_traffic,0,0,65535_65535,0,2,6133,1538,1,1,1,40,1538,15,1,1,allocated
1,503,low_traffic,0,0,65535_65535,0,1,6133,1502,0,1,0,39,0,15,1,1,pre_allocation
1,503,low_traffic,0,0,65535_65535,0,1,6133,1538,1,1,1,40,1538,15,1,1,allocated
1,503,low_traffic,0,0,65535_65535,0,2,6133,1538,0,1,0,40,0,15,1,1,pre_allocation
1,503,low_traffic,0,0,65535_65535,0,2,6133,1577,1,1,1,41,1577,15,1,1,allocated
1,503,low_traffic,0,0,65535_65535,0,1,6133,1538,0,1,0,40,0,15,1,1,pre_allocation
1,503,low_traffic,0,0,65535_65535,0,1,6133,1577,1,1,1,41,1577,15,1,1,allocated
1,503,low_traffic,0,0,65535_65535,0,2,6133,1577,0,1,0,41,0,15,1,1,pre_allocation
1,503,low_traffic,0,0,65535_65535,0,2,6133,1615,1,1,1,42,1615,15,1,1,allocated
1,503,low_traffic,0,0,65535_65535,0,1,6133,1577,0,1,0,41,0,15,1,1,pre_allocation
1,503,low_traffic,0,0,65535_65535,0,1,6133,1615,1,1,1,42,1615,15,1,1,allocated
1,503,low_traffic,0,0,65535_65535,0,2,6133,1615,0,1,0,42,0,15,1,1,pre_allocation
1,503,low_traffic,0,0,65535_65535,0,2,6133,1654,1,1,1,43,1654,15,1,1,allocated
1,503,low_traffic,0,0,65535_65535,0,1,6133,1615,0,1,0,42,0,15,1,1,pre_allocation
1,503,low_traffic,0,0,65535_65535,0,1,6133,1654,1,1,1,43,1654,15,1,1,allocated
1,503,low_traffic,0,0,65535_65535,0,2,6133,1654,0,1,0,43,0,15,1,1,pre_allocation
1,503,low_traffic,0,0,65535_65535,0,2,6133,1692,1,1,1,44,1692,15,1,1,allocated
1,503,low_traffic,0,0,65535_65535,0,1,6133,1654,0,1,0,43,0,15,1,1,pre_allocation
1,503,low_traffic,0,0,65535_65535,0,1,6133,1692,1,1,1,44,1692,15,1,1,allocated
1,503,low_traffic,0,0,65535_65535,0,2,6133,1692,0,1,0,44,0,15,1,1,pre_allocation
1,503,low_traffic,0,0,65535_65535,0,2,6133,1731,1,1,1,45,1731,15,1,1,allocated
1,503,low_traffic,0,0,65535_65535,0,1,6133,1692,0,1,0,44,0,15,1,1,pre_allocation
1,503,low_traffic,0,0,65535_65535,0,1,6133,1731,1,1,1,45,1731,15,1,1,allocated
1,503,low_traffic,0,0,65535_65535,0,2,6133,1731,0,1,0,45,0,15,1,1,pre_allocation
1,503,low_traffic,0,0,65535_65535,0,2,6133,1770,1,1,1,46,1770,15,1,1,allocated
1,503,low_traffic,0,0,65535_65535,0,1,6133,1731,0,1,0,45,0,15,1,1,pre_allocation
1,503,low_traffic,0,0,65535_65535,0,1,6133,1770,1,1,1,46,1770,15,1,1,allocated
1,503,low_traffic,0,0,65535_65535,0,2,6133,1770,0,1,0,46,0,15,1,1,pre_allocation
1,503,low_traffic,0,0,65535_65535,0,2,6133,1808,1,1,1,47,1808,15,1,1,allocated
1,503,low_traffic,0,0,65535_65535,0,1,6133,1770,0,1,0,46,0,15,1,1,pre_allocation
1,503,low_traffic,0,0,65535_65535,0,1,6133,1808,1,1,1,47,1808,15,1,1,allocated
1,503,low_traffic,0,0,65535_65535,0,2,6133,1808,0,1,0,47,0,15,1,1,pre_allocation
1,503,low_traffic,0,0,65535_65535,0,2,6133,1847,1,1,1,48,1847,15,1,1,allocated
1,503,low_traffic,0,0,65535_65535,0,1,6133,1808,0,1,0,47,0,15,1,1,pre_allocation
1,503,low_traffic,0,0,65535_65535,0,1,6133,1847,1,1,1,48,1847,15,1,1,allocated
1,503,low_traffic,0,0,65535_65535,0,2,6133,1847,0,1,0,48,0,15,1,1,pre_allocation
1,503,low_traffic,0,0,65535_65535,0,2,6133,1885,1,1,1,49,1885,15,1,1,allocated
1,503,low_traffic,0,0,65535_65535,0,1,6133,1847,0,1,0,48,0,15,1,1,pre_allocation
1,503,low_traffic,0,0,65535_65535,0,1,6133,1885,1,1,1,49,1885,15,1,1,allocated
1,503,low_traffic,0,0,65535_65535,0,2,6133,1885,0,1,0,49,0,15,1,1,pre_allocation
1,503,low_traffic,0,0,65535_65535,0,2,6133,1924,1,1,1,50,1924,15,1,1,allocated
1,503,low_traffic,0,0,65535_65535,0,1,6133,1885,0,1,0,49,0,15,1,1,pre_allocation
1,503,low_traffic,0,0,65535_65535,0,1,6133,1924,1,1,1,50,1924,15,1,1,allocated
1,503,low_traffic,0,0,65535_65535,0,2,6133,1924,0,1,0,50,0,15,1,1,pre_allocation
1,503,low_traffic,0,0,65535_65535,0,2,6133,1963,1,1,1,51,1963,15,1,1,allocated
1,503,low_traffic,0,0,65535_65535,0,1,6133,1924,0,1,0,50,0,15,1,1,pre_allocation
1,503,low_traffic,0,0,65535_65535,0,1,6133,1963,1,1,1,51,1963,15,1,1,allocated
1,503,low_traffic,0,0,65535_65535,0,2,6133,1963,0,1,0,51,0,15,1,1,pre_allocation
1,503,low_traffic,0,0,65535_65535,0,2,6133,2001,1,1,1,52,2001,15,1,1,allocated
1,503,low_traffic,0,0,65535_65535,0,1,6133,1963,0,1,0,51,0,15,1,1,pre_allocation
1,503,low_traffic,0,0,65535_65535,0,1,6133,2001,1,1,1,52,2001,15,1,1,allocated
1,503,low_traffic,0,0,65535_65535,0,2,6133,2001,0,1,0,52,0,15,1,1,pre_allocation
1,503,low_traffic,0,0,65535_65535,0,2,6133,2040,1,1,1,53,2040,15,1,1,allocated
1,503,low_traffic,0,0,65535_65535,0,1,6133,2001,0,1,0,52,0,15,1,1,pre_allocation
1,503,low_traffic,0,0,65535_65535,0,1,6133,2040,1,1,1,53,2040,15,1,1,allocated
1,503,low_traffic,0,0,65535_65535,0,2,6133,2040,0,1,0,53,0,15,1,1,pre_allocation
1,503,low_traffic,0,0,65535_65535,0,2,6133,2078,1,1,1,54,2078,15,1,1,allocated
1,503,low_traffic,0,0,65535_65535,0,1,6133,2040,0,1,0,53,0,15,1,1,pre_allocation
1,503,low_traffic,0,0,65535_65535,0,1,6133,2078,1,1,1,54,2078,15,1,1,allocated
1,503,low_traffic,0,0,65535_65535,0,2,6133,2078,0,1,0,54,0,15,1,1,pre_allocation
1,503,low_traffic,0,0,65535_65535,0,2,6133,2117,1,1,1,55,2117,15,1,1,allocated
1,503,low_traffic,0,0,65535_65535,0,1,6133,2078,0,1,0,54,0,15,1,1,pre_allocation
1,503,low_traffic,0,0,65535_65535,0,1,6133,2117,1,1,1,55,2117,15,1,1,allocated
1,503,low_traffic,0,0,65535_65535,0,2,6133,2117,0,1,0,55,0,15,1,1,pre_allocation
1,503,low_traffic,0,0,65535_65535,0,2,6133,2156,1,1,1,56,2156,15,1,1,allocated
1,503,low_traffic,0,0,65535_65535,0,1,6133,2117,0,1,0,55,0,15,1,1,pre_allocation
1,503,low_traffic,0,0,65535_65535,0,1,6133,2156,1,1,1,56,2156,15,1,1,allocated
1,503,low_traffic,0,0,65535_65535,0,2,6133,2156,0,1,0,56,0,15,1,1,pre_allocation
1,503,low_traffic,0,0,65535_65535,0,2,6133,2194,1,1,1,57,2194,15,1,1,allocated
1,503,low_traffic,0,0,65535_65535,0,1,6133,2156,0,1,0,56,0,15,1,1,pre_allocation
1,503,low_traffic,0,0,65535_65535,0,1,6133,2194,1,1,1,57,2194,15,1,1,allocated
1,503,low_traffic,0,0,65535_65535,0,2,6133,2194,0,1,0,57,0,15,1,1,pre_allocation
1,503,low_traffic,0,0,65535_65535,0,2,6133,2233,1,1,1,58,2233,15,1,1,allocated
1,503,low_traffic,0,0,65535_65535,0,1,6133,2194,0,1,0,57,0,15,1,1,pre_allocation
1,503,low_traffic,0,0,65535_65535,0,1,6133,2233,1,1,1,58,2233,15,1,1,allocated
1,503,low_traffic,0,0,65535_65535,0,2,6133,2233,0,1,0,58,0,15,1,1,pre_allocation
1,503,low_traffic,0,0,65535_65535,0,2,6133,2271,1,1,1,59,2271,15,1,1,allocated
1,503,low_traffic,0,0,65535_65535,0,1,6133,2233,0,1,0,58,0,15,1,1,pre_allocation
1,503,low_traffic,0,0,65535_65535,0,1,6133,2271,1,1,1,59,2271,15,1,1,allocated
1,503,low_traffic,0,0,65535_65535,0,2,6133,2271,0,1,0,59,0,15,1,1,pre_allocation
1,503,low_traffic,0,0,65535_65535,0,2,6133,2307,1,1,1,60,2307,15,1,1,allocated
1,503,low_traffic,0,0,65535_65535,0,1,6133,2271,0,1,0,59,0,15,1,1,pre_allocation
1,503,low_traffic,0,0,65535_65535,0,1,6133,2307,1,1,1,60,2307,15,1,1,allocated
1,503,low_traffic,0,0,65535_65535,0,2,6133,2307,0,1,0,60,0,15,1,1,pre_allocation
1,503,low_traffic,0,0,65535_65535,0,2,6133,2346,1,1,1,61,2346,15,1,1,allocated
1,503,low_traffic,0,0,65535_65535,1,4,169,0,0,1,0,0,0,15,1,1,pre_allocation
1,503,low_traffic,0,0,65535_65535,1,4,169,35,1,1,1,1,35,15,1,1,allocated
1,503,low_traffic,0,0,65535_65535,1,3,169,0,0,1,0,0,0,15,1,1,pre_allocation
1,503,low_traffic,0,0,65535_65535,1,3,169,35,1,1,1,1,35,15,1,1,allocated
1,503,low_traffic,0,0,65535_65535,1,4,169,35,0,1,0,1,0,15,1,1,pre_allocation
1,503,low_traffic,0,0,65535_65535,1,4,169,74,1,1,1,2,74,15,1,1,allocated
1,503,low_traffic,0,0,65535_65535,1,3,169,35,0,1,0,1,0,15,1,1,pre_allocation
1,503,low_traffic,0,0,65535_65535,1,3,169,74,1,1,1,2,74,15,1,1,allocated
1,503,low_traffic,0,0,65535_65535,1,4,169,74,0,1,0,2,0,15,1,1,pre_allocation
1,503,low_traffic,0,0,65535_65535,1,4,169,112,1,1,1,3,112,15,1,1,allocated
1,503,low_traffic,0,0,65535_65535,1,3,169,74,0,1,0,2,0,15,1,1,pre_allocation
1,503,low_traffic,0,0,65535_65535,1,3,169,112,1,1,1,3,112,15,1,1,allocated
1,503,low_traffic,0,0,65535_65535,1,4,169,112,0,1,0,3,0,15,1,1,pre_allocation
1,503,low_traffic,0,0,65535_65535,1,4,169,151,1,1,1,4,151,15,1,1,allocated
1,503,low_traffic,0,0,65535_65535,1,3,169,112,0,1,0,3,0,15,1,1,pre_allocation
1,503,low_traffic,0,0,65535_65535,1,3,169,151,1,1,1,4,151,15,1,1,allocated
1,503,low_traffic,0,0,65535_65535,1,4,169,151,0,1,0,4,0,15,1,1,pre_allocation
1,503,low_traffic,0,0,65535_65535,1,4,169,190,1,1,1,5,190,15,1,1,allocated
1,503,low_traffic,0,0,65535_65535,1,3,169,151,0,1,0,4,0,15,1,1,pre_allocation
1,503,low_traffic,0,0,65535_65535,1,3,169,190,1,1,1,5,190,15,1,1,allocated
1,503,low_traffic,0,0,65535_65535,1,4,169,190,0,1,0,5,0,15,1,1,pre_allocation
1,503,low_traffic,0,0,65535_65535,1,4,169,228,1,1,1,6,228,15,1,1,allocated
1,503,low_traffic,0,0,65535_65535,1,3,169,190,0,1,0,5,0,15,1,1,pre_allocation
1,503,low_traffic,0,0,65535_65535,1,3,169,228,1,1,1,6,228,15,1,1,allocated
1,503,low_traffic,0,0,65535_65535,1,4,169,228,0,1,0,6,0,15,1,1,pre_allocation
1,503,low_traffic,0,0,65535_65535,1,4,169,267,1,1,1,7,267,15,1,1,allocated
1,503,low_traffic,0,0,65535_65535,1,3,169,228,0,1,0,6,0,15,1,1,pre_allocation
1,503,low_traffic,0,0,65535_65535,1,3,169,267,1,1,1,7,267,15,1,1,allocated
1,503,low_traffic,0,0,65535_65535,1,4,169,267,0,1,0,7,0,15,1,1,pre_allocation
1,503,low_traffic,0,0,65535_65535,1,4,169,305,1,1,1,8,305,15,1,1,allocated
1,503,low_traffic,0,0,65535_65535,1,3,169,267,0,1,0,7,0,15,1,1,pre_allocation
1,503,low_traffic,0,0,65535_65535,1,3,169,305,1,1,1,8,305,15,1,1,allocated
1,503,low_traffic,0,0,65535_65535,1,4,169,305,0,1,0,8,0,15,1,1,pre_allocation
1,503,low_traffic,0,0,65535_65535,1,4,169,344,1,1,1,9,344,15,1,1,allocated
1,503,low_traffic,0,0,65535_65535,1,3,169,305,0,1,0,8,0,15,1,1,pre_allocation
1,503,low_traffic,0,0,65535_65535,1,3,169,344,1,1,1,9,344,15,1,1,allocated
1,503,low_traffic,0,0,65535_65535,1,4,169,344,0,1,0,9,0,15,1,1,pre_allocation
1,503,low_traffic,0,0,65535_65535,1,4,169,383,1,1,1,10,383,15,1,1,allocated
1,503,low_traffic,0,0,65535_65535,1,3,169,344,0,1,0,9,0,15,1,1,pre_allocation
1,503,low_traffic,0,0,65535_65535,1,3,169,383,1,1,1,10,383,15,1,1,allocated
1,503,low_traffic,0,0,65535_65535,1,4,169,383,0,1,0,10,0,15,1,1,pre_allocation
1,503,low_traffic,0,0,65535_65535,1,4,169,421,1,1,1,11,421,15,1,1,allocated
1,503,low_traffic,0,0,65535_65535,1,3,169,383,0,1,0,10,0,15,1,1,pre_allocation
1,503,low_traffic,0,0,65535_65535,1,3,169,421,1,1,1,11,421,15,1,1,allocated
1,503,low_traffic,0,0,65535_65535,1,4,169,421,0,1,0,11,0,15,1,1,pre_allocation
1,503,low_traffic,0,0,65535_65535,1,4,169,460,1,1,1,12,460,15,1,1,allocated
1,503,low_traffic,0,0,65535_65535,1,3,169,421,0,1,0,11,0,15,1,1,pre_allocation
1,503,low_traffic,0,0,65535_65535,1,3,169,460,1,1,1,12,460,15,1,1,allocated
1,503,low_traffic,0,0,65535_65535,1,4,169,460,0,1,0,12,0,15,1,1,pre_allocation
1,503,low_traffic,0,0,65535_65535,1,4,169,498,1,1,1,13,498,15,1,1,allocated
1,503,low_traffic,0,0,65535_65535,1,3,169,460,0,1,0,12,0,15,1,1,pre_allocation
1,503,low_traffic,0,0,65535_65535,1,3,169,498,1,1,1,13,498,15,1,1,allocated
1,503,low_traffic,0,0,65535_65535,1,4,169,498,0,1,0,13,0,15,1,1,pre_allocation
1,503,low_traffic,0,0,65535_65535,1,4,169,537,1,1,1,14,537,15,1,1,allocated
1,503,low_traffic,0,0,65535_65535,1,3,169,498,0,1,0,13,0,15,1,1,pre_allocation
1,503,low_traffic,0,0,65535_65535,1,3,169,537,1,1,1,14,537,15,1,1,allocated
1,503,low_traffic,0,0,65535_65535,1,4,169,537,0,1,0,14,0,15,1,1,pre_allocation
1,503,low_traffic,0,0,65535_65535,1,4,169,576,1,1,1,15,576,15,1,1,allocated
1,503,low_traffic,0,0,65535_65535,1,3,169,537,0,1,0,14,0,15,1,1,pre_allocation
1,503,low_traffic,0,0,65535_65535,1,3,169,576,1,1,1,15,576,15,1,1,allocated
1,503,low_traffic,0,0,65535_65535,1,4,169,576,0,1,0,15,0,15,1,1,pre_allocation
1,503,low_traffic,0,0,65535_65535,1,4,169,614,1,1,1,16,614,15,1,1,allocated
1,503,low_traffic,0,0,65535_65535,1,3,169,576,0,1,0,15,0,15,1,1,pre_allocation
1,503,low_traffic,0,0,65535_65535,1,3,169,614,1,1,1,16,614,15,1,1,allocated
1,503,low_traffic,0,0,65535_65535,1,4,169,614,0,1,0,16,0,15,1,1,pre_allocation
1,503,low_traffic,0,0,65535_65535,1,4,169,653,1,1,1,17,653,15,1,1,allocated
1,503,low_traffic,0,0,65535_65535,1,3,169,614,0,1,0,16,0,15,1,1,pre_allocation
1,503,low_traffic,0,0,65535_65535,1,3,169,653,1,1,1,17,653,15,1,1,allocated
1,503,low_traffic,0,0,65535_65535,1,4,169,653,0,1,0,17,0,15,1,1,pre_allocation
1,503,low_traffic,0,0,65535_65535,1,4,169,691,1,1,1,18,691,15,1,1,allocated
1,503,low_traffic,0,0,65535_65535,1,3,169,653,0,1,0,17,0,15,1,1,pre_allocation
1,503,low_traffic,0,0,65535_65535,1,3,169,691,1,1,1,18,691,15,1,1,allocated
1,503,low_traffic,0,0,65535_65535,1,4,169,691,0,1,0,18,0,15,1,1,pre_allocation
1,503,low_traffic,0,0,65535_65535,1,4,169,730,1,1,1,19,730,15,1,1,allocated
1,503,low_traffic,0,0,65535_65535,1,3,169,691,0,1,0,18,0,15,1,1,pre_allocation
1,503,low_traffic,0,0,65535_65535,1,3,169,730,1,1,1,19,730,15,1,1,allocated
1,503,low_traffic,0,0,65535_65535,1,4,169,730,0,1,0,19,0,15,1,1,pre_allocation
1,503,low_traffic,0,0,65535_65535,1,4,169,769,1,1,1,20,769,15,1,1,allocated
1,503,low_traffic,0,0,65535_65535,1,3,169,730,0,1,0,19,0,15,1,1,pre_allocation
1,503,low_traffic,0,0,65535_65535,1,3,169,769,1,1,1,20,769,15,1,1,allocated
1,503,low_traffic,0,0,65535_65535,1,4,169,769,0,1,0,20,0,15,1,1,pre_allocation
1,503,low_traffic,0,0,65535_65535,1,4,169,807,1,1,1,21,807,15,1,1,allocated
1,503,low_traffic,0,0,65535_65535,1,3,169,769,0,1,0,20,0,15,1,1,pre_allocation
1,503,low_traffic,0,0,65535_65535,1,3,169,807,1,1,1,21,807,15,1,1,allocated
1,503,low_traffic,0,0,65535_65535,1,4,169,807,0,1,0,21,0,15,1,1,pre_allocation
1,503,low_traffic,0,0,65535_65535,1,4,169,846,1,1,1,22,846,15,1,1,allocated
1,503,low_traffic,0,0,65535_65535,1,3,169,807,0,1,0,21,0,15,1,1,pre_allocation
1,503,low_traffic,0,0,65535_65535,1,3,169,846,1,1,1,22,846,15,1,1,allocated
1,503,low_traffic,0,0,65535_65535,1,4,169,846,0,1,0,22,0,15,1,1,pre_allocation
1,503,low_traffic,0,0,65535_65535,1,4,169,885,1,1,1,23,885,15,1,1,allocated
1,503,low_traffic,0,0,65535_65535,1,3,169,846,0,1,0,22,0,15,1,1,pre_allocation
1,503,low_traffic,0,0,65535_65535,1,3,169,885,1,1,1,23,885,15,1,1,allocated
1,503,low_traffic,0,0,65535_65535,1,4,169,885,0,1,0,23,0,15,1,1,pre_allocation
1,503,low_traffic,0,0,65535_65535,1,4,169,923,1,1,1,24,923,15,1,1,allocated
1,503,low_traffic,0,0,65535_65535,1,3,169,885,0,1,0,23,0,15,1,1,pre_allocation
1,503,low_traffic,0,0,65535_65535,1,3,169,923,1,1,1,24,923,15,1,1,allocated
1,503,low_traffic,0,0,65535_65535,1,4,169,923,0,1,0,24,0,15,1,1,pre_allocation
1,503,low_traffic,0,0,65535_65535,1,4,169,962,1,1,1,25,962,15,1,1,allocated
1,503,low_traffic,0,0,65535_65535,1,3,169,923,0,1,0,24,0,15,1,1,pre_allocation
1,503,low_traffic,0,0,65535_65535,1,3,169,962,1,1,1,25,962,15,1,1,allocated
1,503,low_traffic,0,0,65535_65535,1,4,169,962,0,1,0,25,0,15,1,1,pre_allocation
1,503,low_traffic,0,0,65535_65535,1,4,169,1000,1,1,1,26,1000,15,1,1,allocated
1,503,low_traffic,0,0,65535_65535,1,3,169,962,0,1,0,25,0,15,1,1,pre_allocation
1,503,low_traffic,0,0,65535_65535,1,3,169,1000,1,1,1,26,1000,15,1,1,allocated
1,503,low_traffic,0,0,65535_65535,1,4,169,1000,0,1,0,26,0,15,1,1,pre_allocation
1,503,low_traffic,0,0,65535_65535,1,4,169,1039,1,1,1,27,1039,15,1,1,allocated
1,503,low_traffic,0,0,65535_65535,1,3,169,1000,0,1,0,26,0,15,1,1,pre_allocation
1,503,low_traffic,0,0,65535_65535,1,3,169,1039,1,1,1,27,1039,15,1,1,allocated
1,503,low_traffic,0,0,65535_65535,1,4,169,1039,0,1,0,27,0,15,1,1,pre_allocation
1,503,low_traffic,0,0,65535_65535,1,4,169,1078,1,1,1,28,1078,15,1,1,allocated
1,503,low_traffic,0,0,65535_65535,1,3,169,1039,0,1,0,27,0,15,1,1,pre_allocation
1,503,low_traffic,0,0,65535_65535,1,3,169,1078,1,1,1,28,1078,15,1,1,allocated
1,503,low_traffic,0,0,65535_65535,1,4,169,1078,0,1,0,28,0,15,1,1,pre_allocation
1,503,low_traffic,0,0,65535_65535,1,4,169,1116,1,1,1,29,1116,15,1,1,allocated
1,503,low_traffic,0,0,65535_65535,1,3,169,1078,0,1,0,28,0,15,1,1,pre_allocation
1,503,low_traffic,0,0,65535_65535,1,3,169,1116,1,1,1,29,1116,15,1,1,allocated
1,503,low_traffic,0,0,65535_65535,1,4,169,1116,0,1,0,29,0,15,1,1,pre_allocation
1,503,low_traffic,0,0,65535_65535,1,4,169,1155,1,1,1,30,1155,15,1,1,allocated
1,503,low_traffic,0,0,65535_65535,1,3,169,1116,0,1,0,29,0,15,1,1,pre_allocation
1,503,low_traffic,0,0,65535_65535,1,3,169,1155,1,1,1,30,1155,15,1,1,allocated
1,503,low_traffic,0,0,65535_65535,1,4,169,1155,0,1,0,30,0,15,1,1,pre_allocation
1,503,low_traffic,0,0,65535_65535,1,4,169,1193,1,1,1,31,1193,15,1,1,allocated
1,503,low_traffic,0,0,65535_65535,1,3,169,1155,0,1,0,30,0,15,1,1,pre_allocation
1,503,low_traffic,0,0,65535_65535,1,3,169,1193,1,1,1,31,1193,15,1,1,allocated
1,503,low_traffic,0,0,65535_65535,1,4,169,1193,0,1,0,31,0,15,1,1,pre_allocation
1,503,low_traffic,0,0,65535_65535,1,4,169,1232,1,1,1,32,1232,15,1,1,allocated
1,503,low_traffic,0,0,65535_65535,1,3,169,1193,0,1,0,31,0,15,1,1,pre_allocation
1,503,low_traffic,0,0,65535_65535,1,3,169,1232,1,1,1,32,1232,15,1,1,allocated
1,503,low_traffic,0,0,65535_65535,1,4,169,1232,0,1,0,32,0,15,1,1,pre_allocation
1,503,low_traffic,0,0,65535_65535,1,4,169,1271,1,1,1,33,1271,15,1,1,allocated
1,503,low_traffic,0,0,65535_65535,1,3,169,1232,0,1,0,32,0,15,1,1,pre_allocation
1,503,low_traffic,0,0,65535_65535,1,3,169,1271,1,1,1,33,1271,15,1,1,allocated
1,503,low_traffic,0,0,65535_65535,1,4,169,1271,0,1,0,33,0,15,1,1,pre_allocation
1,503,low_traffic,0,0,65535_65535,1,4,169,1309,1,1,1,34,1309,15,1,1,allocated
1,503,low_traffic,0,0,65535_65535,1,3,169,1271,0,1,0,33,0,15,1,1,pre_allocation
1,503,low_traffic,0,0,65535_65535,1,3,169,1309,1,1,1,34,1309,15,1,1,allocated
1,503,low_traffic,0,0,65535_65535,1,4,169,1309,0,1,0,34,0,15,1,1,pre_allocation
1,503,low_traffic,0,0,65535_65535,1,4,169,1348,1,1,1,35,1348,15,1,1,allocated
1,503,low_traffic,0,0,65535_65535,1,3,169,1309,0,1,0,34,0,15,1,1,pre_allocation
1,503,low_traffic,0,0,65535_65535,1,3,169,1348,1,1,1,35,1348,15,1,1,allocated
1,503,low_traffic,0,0,65535_65535,1,4,169,1348,0,1,0,35,0,15,1,1,pre_allocation
1,503,low_traffic,0,0,65535_65535,1,4,169,1386,1,1,1,36,1386,15,1,1,allocated
1,503,low_traffic,0,0,65535_65535,1,3,169,1348,0,1,0,35,0,15,1,1,pre_allocation
1,503,low_traffic,0,0,65535_65535,1,3,169,1386,1,1,1,36,1386,15,1,1,allocated
1,503,low_traffic,0,0,65535_65535,1,4,169,1386,0,1,0,36,0,15,1,1,pre_allocation
1,503,low_traffic,0,0,65535_65535,1,4,169,1425,1,1,1,37,1425,15,1,1,allocated
1,503,low_traffic,0,0,65535_65535,1,3,169,1386,0,1,0,36,0,15,1,1,pre_allocation
1,503,low_traffic,0,0,65535_65535,1,3,169,1425,1,1,1,37,1425,15,1,1,allocated
1,503,low_traffic,0,0,65535_65535,1,4,169,1425,0,1,0,37,0,15,1,1,pre_allocation
1,503,low_traffic,0,0,65535_65535,1,4,169,1464,1,1,1,38,1464,15,1,1,allocated
1,503,low_traffic,0,0,65535_65535,1,3,169,1425,0,1,0,37,0,15,1,1,pre_allocation
1,503,low_traffic,0,0,65535_65535,1,3,169,1464,1,1,1,38,1464,15,1,1,allocated
1,503,low_traffic,0,0,65535_65535,1,4,169,1464,0,1,0,38,0,15,1,1,pre_allocation
1,503,low_traffic,0,0,65535_65535,1,4,169,1502,1,1,1,39,1502,15,1,1,allocated
1,503,low_traffic,0,0,65535_65535,1,3,169,1464,0,1,0,38,0,15,1,1,pre_allocation
1,503,low_traffic,0,0,65535_65535,1,3,169,1502,1,1,1,39,1502,15,1,1,allocated
1,503,low_traffic,0,0,65535_65535,1,4,169,1502,0,1,0,39,0,15,1,1,pre_allocation
1,503,low_traffic,0,0,65535_65535,1,4,169,1538,1,1,1,40,1538,15,1,1,allocated
1,503,low_traffic,0,0,65535_65535,1,3,169,1502,0,1,0,39,0,15,1,1,pre_allocation
1,503,low_traffic,0,0,65535_65535,1,3,169,1538,1,1,1,40,1538,15,1,1,allocated
1,503,low_traffic,0,0,65535_65535,1,4,169,1538,0,1,0,40,0,15,1,1,pre_allocation
1,503,low_traffic,0,0,65535_65535,1,4,169,1577,1,1,1,41,1577,15,1,1,allocated
1,503,low_traffic,0,0,65535_65535,1,3,169,1538,0,1,0,40,0,15,1,1,pre_allocation
1,503,low_traffic,0,0,65535_65535,1,3,169,1577,1,1,1,41,1577,15,1,1,allocated
1,503,low_traffic,0,0,65535_65535,1,4,169,1577,0,1,0,41,0,15,1,1,pre_allocation
1,503,low_traffic,0,0,65535_65535,1,4,169,1615,1,1,1,42,1615,15,1,1,allocated
1,503,low_traffic,0,0,65535_65535,1,3,169,1577,0,1,0,41,0,15,1,1,pre_allocation
1,503,low_traffic,0,0,65535_65535,1,3,169,1615,1,1,1,42,1615,15,1,1,allocated
1,503,low_traffic,0,0,65535_65535,1,4,169,1615,0,1,0,42,0,15,1,1,pre_allocation
1,503,low_traffic,0,0,65535_65535,1,4,169,1654,1,1,1,43,1654,15,1,1,allocated
1,503,low_traffic,0,0,65535_65535,1,3,169,1615,0,1,0,42,0,15,1,1,pre_allocation
1,503,low_traffic,0,0,65535_65535,1,3,169,1654,1,1,1,43,1654,15,1,1,allocated
1,503,low_traffic,0,0,65535_65535,1,4,169,1654,0,1,0,43,0,15,1,1,pre_allocation
1,503,low_traffic,0,0,65535_65535,1,4,169,1692,1,1,1,44,1692,15,1,1,allocated
1,503,low_traffic,0,0,65535_65535,1,3,169,1654,0,1,0,43,0,15,1,1,pre_allocation
1,503,low_traffic,0,0,65535_65535,1,3,169,1692,1,1,1,44,1692,15,1,1,allocated
1,503,low_traffic,0,0,65535_65535,1,4,169,1692,0,1,0,44,0,15,1,1,pre_allocation
1,503,low_traffic,0,0,65535_65535,1,4,169,1731,1,1,1,45,1731,15,1,1,allocated
1,503,low_traffic,0,0,65535_65535,1,3,169,1692,0,1,0,44,0,15,1,1,pre_allocation
1,503,low_traffic,0,0,65535_65535,1,3,169,1731,1,1,1,45,1731,15,1,1,allocated
1,503,low_traffic,0,0,65535_65535,1,4,169,1731,0,1,0,45,0,15,1,1,pre_allocation
1,503,low_traffic,0,0,65535_65535,1,4,169,1770,1,1,1,46,1770,15,1,1,allocated
1,503,low_traffic,0,0,65535_65535,1,3,169,1731,0,1,0,45,0,15,1,1,pre_allocation
1,503,low_traffic,0,0,65535_65535,1,3,169,1770,1,1,1,46,1770,15,1,1,allocated
1,503,low_traffic,0,0,65535_65535,1,4,169,1770,0,1,0,46,0,15,1,1,pre_allocation
1,503,low_traffic,0,0,65535_65535,1,4,169,1808,1,1,1,47,1808,15,1,1,allocated
1,503,low_traffic,0,0,65535_65535,1,3,169,1770,0,1,0,46,0,15,1,1,pre_allocation
1,503,low_traffic,0,0,65535_65535,1,3,169,1808,1,1,1,47,1808,15,1,1,allocated
1,503,low_traffic,0,0,65535_65535,1,4,169,1808,0,1,0,47,0,15,1,1,pre_allocation
1,503,low_traffic,0,0,65535_65535,1,4,169,1847,1,1,1,48,1847,15,1,1,allocated
1,503,low_traffic,0,0,65535_65535,1,3,169,1808,0,1,0,47,0,15,1,1,pre_allocation
1,503,low_traffic,0,0,65535_65535,1,3,169,1847,1,1,1,48,1847,15,1,1,allocated
1,503,low_traffic,0,0,65535_65535,1,4,169,1847,0,1,0,48,0,15,1,1,pre_allocation
1,503,low_traffic,0,0,65535_65535,1,4,169,1885,1,1,1,49,1885,15,1,1,allocated
1,503,low_traffic,0,0,65535_65535,1,3,169,1847,0,1,0,48,0,15,1,1,pre_allocation
1,503,low_traffic,0,0,65535_65535,1,3,169,1885,1,1,1,49,1885,15,1,1,allocated
1,503,low_traffic,0,0,65535_65535,1,4,169,1885,0,1,0,49,0,15,1,1,pre_allocation
1,503,low_traffic,0,0,65535_65535,1,4,169,1924,1,1,1,50,1924,15,1,1,allocated
1,503,low_traffic,0,0,65535_65535,1,3,169,1885,0,1,0,49,0,15,1,1,pre_allocation
1,503,low_traffic,0,0,65535_65535,1,3,169,1924,1,1,1,50,1924,15,1,1,allocated
1,503,low_traffic,0,0,65535_65535,1,4,169,1924,0,1,0,50,0,15,1,1,pre_allocation
1,503,low_traffic,0,0,65535_65535,1,4,169,1963,1,1,1,51,1963,15,1,1,allocated
1,503,low_traffic,0,0,65535_65535,1,3,169,1924,0,1,0,50,0,15,1,1,pre_allocation
1,503,low_traffic,0,0,65535_65535,1,3,169,1963,1,1,1,51,1963,15,1,1,allocated
1,503,low_traffic,0,0,65535_65535,1,4,169,1963,0,1,0,51,0,15,1,1,pre_allocation
1,503,low_traffic,0,0,65535_65535,1,4,169,2001,1,1,1,52,2001,15,1,1,allocated
1,503,low_traffic,0,0,65535_65535,1,3,169,1963,0,1,0,51,0,15,1,1,pre_allocation
1,503,low_traffic,0,0,65535_65535,1,3,169,2001,1,1,1,52,2001,15,1,1,allocated
1,503,low_traffic,0,0,65535_65535,1,4,169,2001,0,1,0,52,0,15,1,1,pre_allocation
1,503,low_traffic,0,0,65535_65535,1,4,169,2040,1,1,1,53,2040,15,1,1,allocated
1,503,low_traffic,0,0,65535_65535,1,3,169,2001,0,1,0,52,0,15,1,1,pre_allocation
1,503,low_traffic,0,0,65535_65535,1,3,169,2040,1,1,1,53,2040,15,1,1,allocated
1,503,low_traffic,0,0,65535_65535,1,4,169,2040,0,1,0,53,0,15,1,1,pre_allocation
1,503,low_traffic,0,0,65535_65535,1,4,169,2078,1,1,1,54,2078,15,1,1,allocated
1,503,low_traffic,0,0,65535_65535,1,3,169,2040,0,1,0,53,0,15,1,1,pre_allocation
1,503,low_traffic,0,0,65535_65535,1,3,169,2078,1,1,1,54,2078,15,1,1,allocated
1,503,low_traffic,0,0,65535_65535,1,4,169,2078,0,1,0,54,0,15,1,1,pre_allocation
1,503,low_traffic,0,0,65535_65535,1,4,169,2117,1,1,1,55,2117,15,1,1,allocated
1,503,low_traffic,0,0,65535_65535,1,3,169,2078,0,1,0,54,0,15,1,1,pre_allocation
1,503,low_traffic,0,0,65535_65535,1,3,169,2117,1,1,1,55,2117,15,1,1,allocated
1,503,low_traffic,0,0,65535_65535,1,4,169,2117,0,1,0,55,0,15,1,1,pre_allocation
1,503,low_traffic,0,0,65535_65535,1,4,169,2156,1,1,1,56,2156,15,1,1,allocated
1,503,low_traffic,0,0,65535_65535,1,3,169,2117,0,1,0,55,0,15,1,1,pre_allocation
1,503,low_traffic,0,0,65535_65535,1,3,169,2156,1,1,1,56,2156,15,1,1,allocated
1,503,low_traffic,0,0,65535_65535,1,4,169,2156,0,1,0,56,0,15,1,1,pre_allocation
1,503,low_traffic,0,0,65535_65535,1,4,169,2194,1,1,1,57,2194,15,1,1,allocated
1,503,low_traffic,0,0,65535_65535,1,3,169,2156,0,1,0,56,0,15,1,1,pre_allocation
1,503,low_traffic,0,0,65535_65535,1,3,169,2194,1,1,1,57,2194,15,1,1,allocated
1,503,low_traffic,0,0,65535_65535,1,4,169,2194,0,1,0,57,0,15,1,1,pre_allocation
1,503,low_traffic,0,0,65535_65535,1,4,169,2233,1,1,1,58,2233,15,1,1,allocated
1,503,low_traffic,0,0,65535_65535,1,3,169,2194,0,1,0,57,0,15,1,1,pre_allocation
1,503,low_traffic,0,0,65535_65535,1,3,169,2233,1,1,1,58,2233,15,1,1,allocated
1,503,low_traffic,0,0,65535_65535,1,4,169,2233,0,1,0,58,0,15,1,1,pre_allocation
1,503,low_traffic,0,0,65535_65535,1,4,169,2271,1,1,1,59,2271,15,1,1,allocated
1,503,low_traffic,0,0,65535_65535,1,3,169,2233,0,1,0,58,0,15,1,1,pre_allocation
1,503,low_traffic,0,0,65535_65535,1,3,169,2271,1,1,1,59,2271,15,1,1,allocated
1,503,low_traffic,0,0,65535_65535,1,4,169,2271,0,1,0,59,0,15,1,1,pre_allocation
1,503,low_traffic,0,0,65535_65535,1,4,169,2307,1,1,1,60,2307,15,1,1,allocated
1,503,low_traffic,0,0,65535_65535,1,3,169,2271,0,1,0,59,0,15,1,1,pre_allocation
1,503,low_traffic,0,0,65535_65535,1,3,169,2307,1,1,1,60,2307,15,1,1,allocated
1,503,low_traffic,0,0,65535_65535,1,4,169,2307,0,1,0,60,0,15,1,1,pre_allocation
1,503,low_traffic,0,0,65535_65535,1,4,169,2346,1,1,1,61,2346,15,1,1,allocated
1,503,low_traffic,0,0,65535_65535,1,3,169,2307,0,1,0,60,0,15,1,1,pre_allocation
1,503,low_traffic,0,0,65535_65535,1,3,169,2346,1,1,1,61,2346,15,1,1,allocated
1,503,low_traffic,0,0,65535_65535,1,4,169,2346,0,1,0,61,0,15,1,1,pre_allocation
1,503,low_traffic,0,0,65535_65535,1,4,169,2384,1,1,1,62,2384,15,1,1,allocated
1,503,low_traffic,0,0,65535_65535,1,3,169,2346,0,1,0,61,0,15,1,1,pre_allocation
1,503,low_traffic,0,0,65535_65535,1,3,169,2384,1,1,1,62,2384,15,1,1,allocated
1,503,low_traffic,0,0,65535_65535,1,4,169,2384,0,1,0,62,0,15,1,1,pre_allocation
1,503,low_traffic,0,0,65535_65535,1,4,169,2423,1,1,1,63,2423,15,1,1,allocated
1,503,low_traffic,0,0,65535_65535,1,3,169,2384,0,1,0,62,0,15,1,1,pre_allocation
1,503,low_traffic,0,0,65535_65535,1,3,169,2423,1,1,1,63,2423,15,1,1,allocated
1,503,low_traffic,0,0,65535_65535,1,4,169,2423,0,1,0,63,0,15,1,1,pre_allocation
1,503,low_traffic,0,0,65535_65535,1,4,169,2462,1,1,1,64,2462,15,1,1,allocated
1,503,low_traffic,0,0,65535_65535,1,3,169,2423,0,1,0,63,0,15,1,1,pre_allocation
1,503,low_traffic,0,0,65535_65535,1,3,169,2462,1,1,1,64,2462,15,1,1,allocated
1,503,low_traffic,0,0,65535_65535,1,4,169,2462,0,1,0,64,0,15,1,1,pre_allocation
1,503,low_traffic,0,0,65535_65535,1,4,169,2500,1,1,1,65,2500,15,1,1,allocated
1,503,low_traffic,0,0,65535_65535,1,3,169,2462,0,1,0,64,0,15,1,1,pre_allocation
1,503,low_traffic,0,0,65535_65535,1,3,169,2500,1,1,1,65,2500,15,1,1,allocated
1,503,low_traffic,0,0,65535_65535,1,4,169,2500,0,1,0,65,0,15,1,1,pre_allocation
1,503,low_traffic,0,0,65535_65535,1,4,169,2539,1,1,1,66,2539,15,1,1,allocated
1,503,low_traffic,0,0,65535_65535,1,3,169,2500,0,1,0,65,0,15,1,1,pre_allocation
1,503,low_traffic,0,0,65535_65535,1,3,169,2539,1,1,1,66,2539,15,1,1,allocated
1,503,low_traffic,0,0,65535_65535,1,4,169,2539,0,1,0,66,0,15,1,1,pre_allocation
1,503,low_traffic,0,0,65535_65535,1,4,169,2577,1,1,1,67,2577,15,1,1,allocated
1,503,low_traffic,0,0,65535_65535,1,3,169,2539,0,1,0,66,0,15,1,1,pre_allocation
1,503,low_traffic,0,0,65535_65535,1,3,169,2577,1,1,1,67,2577,15,1,1,allocated
1,503,low_traffic,0,0,65535_65535,1,4,169,2577,0,1,0,67,0,15,1,1,pre_allocation
1,503,low_traffic,0,0,65535_65535,1,4,169,2616,1,1,1,68,2616,15,1,1,allocated
1,503,low_traffic,0,0,65535_65535,1,3,169,2577,0,1,0,67,0,15,1,1,pre_allocation
1,503,low_traffic,0,0,65535_65535,1,3,169,2616,1,1,1,68,2616,15,1,1,allocated
1,503,low_traffic,0,0,65535_65535,1,4,169,2616,0,1,0,68,0,15,1,1,pre_allocation
1,503,low_traffic,0,0,65535_65535,1,4,169,2655,1,1,1,69,2655,15,1,1,allocated
1,503,low_traffic,0,0,65535_65535,1,3,169,2616,0,1,0,68,0,15,1,1,pre_allocation
1,503,low_traffic,0,0,65535_65535,1,3,169,2655,1,1,1,69,2655,15,1,1,allocated
1,503,low_traffic,0,0,65535_65535,1,4,169,2655,0,1,0,69,0,15,1,1,pre_allocation
1,503,low_traffic,0,0,65535_65535,1,4,169,2693,1,1,1,70,2693,15,1,1,allocated
1,503,low_traffic,0,0,65535_65535,1,3,169,2655,0,1,0,69,0,15,1,1,pre_allocation
1,503,low_traffic,0,0,65535_65535,1,3,169,2693,1,1,1,70,2693,15,1,1,allocated
1,503,low_traffic,0,0,65535_65535,1,4,169,2693,0,1,0,70,0,15,1,1,pre_allocation
1,503,low_traffic,0,0,65535_65535,1,4,169,2732,1,1,1,71,2732,15,1,1,allocated
1,503,low_traffic,0,0,65535_65535,1,3,169,2693,0,1,0,70,0,15,1,1,pre_allocation
1,503,low_traffic,0,0,65535_65535,1,3,169,2732,1,1,1,71,2732,15,1,1,allocated
1,503,low_traffic,0,0,65535_65535,1,4,169,2732,0,1,0,71,0,15,1,1,pre_allocation
1,503,low_traffic,0,0,65535_65535,1,4,169,2770,1,1,1,72,2770,15,1,1,allocated
1,503,low_traffic,0,0,65535_65535,1,3,169,2732,0,1,0,71,0,15,1,1,pre_allocation
1,503,low_traffic,0,0,65535_65535,1,3,169,2770,1,1,1,72,2770,15,1,1,allocated
1,503,low_traffic,0,0,65535_65535,1,4,169,2770,0,1,0,72,0,15,1,1,pre_allocation
1,503,low_traffic,0,0,65535_65535,1,4,169,2809,1,1,1,73,2809,15,1,1,allocated
76,601,low_traffic,0,0,65535_65535,0,2,228028,0,0,1,0,0,0,14,1,1,pre_allocation
76,601,low_traffic,0,0,65535_65535,0,2,228028,4,1,1,1,1,4,14,1,1,allocated
76,601,low_traffic,0,0,65535_65535,0,2,228028,4,0,1,0,1,0,14,1,1,pre_allocation
76,601,low_traffic,0,0,65535_65535,0,2,228028,12,1,1,1,2,12,14,1,1,allocated
76,601,low_traffic,0,0,65535_65535,0,2,228028,12,0,1,0,2,0,14,1,1,pre_allocation
76,601,low_traffic,0,0,65535_65535,0,2,228028,20,1,1,1,3,20,14,1,1,allocated
76,601,low_traffic,0,0,65535_65535,0,2,228028,20,0,1,0,3,0,14,1,1,pre_allocation
76,601,low_traffic,0,0,65535_65535,0,2,228028,28,1,1,1,4,28,14,1,1,allocated
76,601,low_traffic,0,0,65535_65535,0,2,228028,28,0,1,0,4,0,14,1,1,pre_allocation
76,601,low_traffic,0,0,65535_65535,0,2,228028,36,1,1,1,5,36,14,1,1,allocated
76,601,low_traffic,0,0,65535_65535,0,2,228028,36,0,1,0,5,0,14,1,1,pre_allocation
76,601,low_traffic,0,0,65535_65535,0,2,228028,44,1,1,1,6,44,14,1,1,allocated
76,601,low_traffic,0,0,65535_65535,0,2,228028,44,0,1,0,6,0,14,1,1,pre_allocation
76,601,low_traffic,0,0,65535_65535,0,2,228028,52,1,1,1,7,52,14,1,1,allocated
76,601,low_traffic,0,0,65535_65535,0,2,228028,52,0,1,0,7,0,14,1,1,pre_allocation
76,601,low_traffic,0,0,65535_65535,0,2,228028,60,1,1,1,8,60,14,1,1,allocated
76,601,low_traffic,0,0,65535_65535,0,2,228028,60,0,1,0,8,0,14,1,1,pre_allocation
76,601,low_traffic,0,0,65535_65535,0,2,228028,68,1,1,1,9,68,14,1,1,allocated
76,601,low_traffic,0,0,65535_65535,0,2,228028,68,0,1,0,9,0,14,1,1,pre_allocation
76,601,low_traffic,0,0,65535_65535,0,2,228028,76,1,1,1,10,76,14,1,1,allocated
76,601,low_traffic,0,0,65535_65535,0,2,228028,76,0,1,0,10,0,14,1,1,pre_allocation
76,601,low_traffic,0,0,65535_65535,0,2,228028,84,1,1,1,11,84,14,1,1,allocated
76,601,low_traffic,0,0,65535_65535,0,2,228028,84,0,1,0,11,0,14,1,1,pre_allocation
76,601,low_traffic,0,0,65535_65535,0,2,228028,92,1,1,1,12,92,14,1,1,allocated
76,601,low_traffic,0,0,65535_65535,0,2,228028,92,0,1,0,12,0,14,1,1,pre_allocation
76,601,low_traffic,0,0,65535_65535,0,2,228028,99,1,1,1,13,99,14,1,1,allocated
76,601,low_traffic,0,0,65535_65535,0,2,228028,99,0,1,0,13,0,14,1,1,pre_allocation
76,601,low_traffic,0,0,65535_65535,0,2,228028,107,1,1,1,14,107,14,1,1,allocated
76,601,low_traffic,0,0,65535_65535,0,2,228028,107,0,1,0,14,0,14,1,1,pre_allocation
76,601,low_traffic,0,0,65535_65535,0,2,228028,115,1,1,1,15,115,14,1,1,allocated
76,601,low_traffic,0,0,65535_65535,0,2,228028,115,0,1,0,15,0,14,1,1,pre_allocation
76,601,low_traffic,0,0,65535_65535,0,2,228028,123,1,1,1,16,123,14,1,1,allocated
76,601,low_traffic,0,0,65535_65535,0,2,228028,123,0,1,0,16,0,14,1,1,pre_allocation
76,601,low_traffic,0,0,65535_65535,0,2,228028,131,1,1,1,17,131,14,1,1,allocated
76,601,low_traffic,0,0,65535_65535,0,2,228028,131,0,1,0,17,0,14,1,1,pre_allocation
76,601,low_traffic,0,0,65535_65535,0,2,228028,139,1,1,1,18,139,14,1,1,allocated
76,601,low_traffic,0,0,65535_65535,0,2,228028,139,0,1,0,18,0,14,1,1,pre_allocation
76,601,low_traffic,0,0,65535_65535,0,2,228028,147,1,1,1,19,147,14,1,1,allocated
76,601,low_traffic,0,0,65535_65535,0,2,228028,147,0,1,0,19,0,14,1,1,pre_allocation
76,601,low_traffic,0,0,65535_65535,0,2,228028,155,1,1,1,20,155,14,1,1,allocated
76,601,low_traffic,0,0,65535_65535,0,2,228028,155,0,1,0,20,0,14,1,1,pre_allocation
76,601,low_traffic,0,0,65535_65535,0,2,228028,163,1,1,1,21,163,14,1,1,allocated
76,601,low_traffic,0,0,65535_65535,0,2,228028,163,0,1,0,21,0,14,1,1,pre_allocation
76,601,low_traffic,0,0,65535_65535,0,2,228028,171,1,1,1,22,171,14,1,1,allocated
76,601,low_traffic,0,0,65535_65535,0,2,228028,171,0,1,0,22,0,14,1,1,pre_allocation
76,601,low_traffic,0,0,65535_65535,0,2,228028,179,1,1,1,23,179,14,1,1,allocated
76,601,low_traffic,0,0,65535_65535,0,2,228028,179,0,1,0,23,0,14,1,1,pre_allocation
76,601,low_traffic,0,0,65535_65535,0,2,228028,187,1,1,1,24,187,14,1,1,allocated
76,601,low_traffic,0,0,65535_65535,0,2,228028,187,0,1,0,24,0,14,1,1,pre_allocation
76,601,low_traffic,0,0,65535_65535,0,2,228028,195,1,1,1,25,195,14,1,1,allocated
76,601,low_traffic,0,0,65535_65535,0,2,228028,195,0,1,0,25,0,14,1,1,pre_allocation
76,601,low_traffic,0,0,65535_65535,0,2,228028,202,1,1,1,26,202,14,1,1,allocated
76,601,low_traffic,0,0,65535_65535,0,2,228028,202,0,1,0,26,0,14,1,1,pre_allocation
76,601,low_traffic,0,0,65535_65535,0,2,228028,210,1,1,1,27,210,14,1,1,allocated
76,601,low_traffic,0,0,65535_65535,0,2,228028,210,0,1,0,27,0,14,1,1,pre_allocation
76,601,low_traffic,0,0,65535_65535,0,2,228028,218,1,1,1,28,218,14,1,1,allocated
76,601,low_traffic,0,0,65535_65535,0,2,228028,218,0,1,0,28,0,14,1,1,pre_allocation
76,601,low_traffic,0,0,65535_65535,0,2,228028,226,1,1,1,29,226,14,1,1,allocated
76,601,low_traffic,0,0,65535_65535,0,2,228028,226,0,1,0,29,0,14,1,1,pre_allocation
76,601,low_traffic,0,0,65535_65535,0,2,228028,234,1,1,1,30,234,14,1,1,allocated
76,601,low_traffic,0,0,65535_65535,0,2,228028,234,0,1,0,30,0,14,1,1,pre_allocation
76,601,low_traffic,0,0,65535_65535,0,2,228028,242,1,1,1,31,242,14,1,1,allocated
76,601,low_traffic,0,0,65535_65535,0,2,228028,242,0,1,0,31,0,14,1,1,pre_allocation
76,601,low_traffic,0,0,65535_65535,0,2,228028,250,1,1,1,32,250,14,1,1,allocated
76,601,low_traffic,0,0,65535_65535,0,2,228028,250,0,1,0,32,0,14,1,1,pre_allocation
76,601,low_traffic,0,0,65535_65535,0,2,228028,258,1,1,1,33,258,14,1,1,allocated
76,601,low_traffic,0,0,65535_65535,0,2,228028,258,0,1,0,33,0,14,1,1,pre_allocation
76,601,low_traffic,0,0,65535_65535,0,2,228028,266,1,1,1,34,266,14,1,1,allocated
76,601,low_traffic,0,0,65535_65535,0,2,228028,266,0,1,0,34,0,14,1,1,pre_allocation
76,601,low_traffic,0,0,65535_65535,0,2,228028,274,1,1,1,35,274,14,1,1,allocated
76,601,low_traffic,0,0,65535_65535,0,2,228028,274,0,1,0,35,0,14,1,1,pre_allocation
76,601,low_traffic,0,0,65535_65535,0,2,228028,282,1,1,1,36,282,14,1,1,allocated
76,601,low_traffic,0,0,65535_65535,0,2,228028,282,0,1,0,36,0,14,1,1,pre_allocation
76,601,low_traffic,0,0,65535_65535,0,2,228028,290,1,1,1,37,290,14,1,1,allocated
76,601,low_traffic,0,0,65535_65535,0,2,228028,290,0,1,0,37,0,14,1,1,pre_allocation
76,601,low_traffic,0,0,65535_65535,0,2,228028,297,1,1,1,38,297,14,1,1,allocated
76,601,low_traffic,0,0,65535_65535,0,2,228028,297,0,1,0,38,0,14,1,1,pre_allocation
76,601,low_traffic,0,0,65535_65535,0,2,228028,305,1,1,1,39,305,14,1,1,allocated
76,601,low_traffic,0,0,65535_65535,0,2,228028,305,0,1,0,39,0,14,1,1,pre_allocation
76,601,low_traffic,0,0,65535_65535,0,2,228028,313,1,1,1,40,313,14,1,1,allocated
76,601,low_traffic,0,0,65535_65535,0,2,228028,313,0,1,0,40,0,14,1,1,pre_allocation
76,601,low_traffic,0,0,65535_65535,0,2,228028,321,1,1,1,41,321,14,1,1,allocated
76,601,low_traffic,0,0,65535_65535,0,2,228028,321,0,1,0,41,0,14,1,1,pre_allocation
76,601,low_traffic,0,0,65535_65535,0,2,228028,329,1,1,1,42,329,14,1,1,allocated
76,601,low_traffic,0,0,65535_65535,0,2,228028,329,0,1,0,42,0,14,1,1,pre_allocation
76,601,low_traffic,0,0,65535_65535,0,2,228028,337,1,1,1,43,337,14,1,1,allocated
76,601,low_traffic,0,0,65535_65535,0,2,228028,337,0,1,0,43,0,14,1,1,pre_allocation
76,601,low_traffic,0,0,65535_65535,0,2,228028,345,1,1,1,44,345,14,1,1,allocated
76,601,low_traffic,0,0,65535_65535,0,2,228028,345,0,1,0,44,0,14,1,1,pre_allocation
76,601,low_traffic,0,0,65535_65535,0,2,228028,353,1,1,1,45,353,14,1,1,allocated
76,601,low_traffic,0,0,65535_65535,0,2,228028,353,0,1,0,45,0,14,1,1,pre_allocation
76,601,low_traffic,0,0,65535_65535,0,2,228028,361,1,1,1,46,361,14,1,1,allocated
76,601,low_traffic,0,0,65535_65535,0,2,228028,361,0,1,0,46,0,14,1,1,pre_allocation
76,601,low_traffic,0,0,65535_65535,0,2,228028,369,1,1,1,47,369,14,1,1,allocated
76,601,low_traffic,0,0,65535_65535,0,2,228028,369,0,1,0,47,0,14,1,1,pre_allocation
76,601,low_traffic,0,0,65535_65535,0,2,228028,377,1,1,1,48,377,14,1,1,allocated
76,601,low_traffic,0,0,65535_65535,0,2,228028,377,0,1,0,48,0,14,1,1,pre_allocation
76,601,low_traffic,0,0,65535_65535,0,2,228028,385,1,1,1,49,385,14,1,1,allocated
76,601,low_traffic,0,0,65535_65535,0,2,228028,385,0,1,0,49,0,14,1,1,pre_allocation
76,601,low_traffic,0,0,65535_65535,0,2,228028,393,1,1,1,50,393,14,1,1,allocated
76,601,low_traffic,0,0,65535_65535,0,2,228028,393,0,1,0,50,0,14,1,1,pre_allocation
76,601,low_traffic,0,0,65535_65535,0,2,228028,400,1,1,1,51,400,14,1,1,allocated
76,601,low_traffic,0,0,65535_65535,0,2,228028,400,0,1,0,51,0,14,1,1,pre_allocation
76,601,low_traffic,0,0,65535_65535,0,2,228028,408,1,1,1,52,408,14,1,1,allocated
76,601,low_traffic,0,0,65535_65535,0,2,228028,408,0,1,0,52,0,14,1,1,pre_allocation
76,601,low_traffic,0,0,65535_65535,0,2,228028,416,1,1,1,53,416,14,1,1,allocated
76,601,low_traffic,0,0,65535_65535,0,2,228028,416,0,1,0,53,0,14,1,1,pre_allocation
76,601,low_traffic,0,0,65535_65535,0,2,228028,424,1,1,1,54,424,14,1,1,allocated
76,601,low_traffic,0,0,65535_65535,0,2,228028,424,0,1,0,54,0,14,1,1,pre_allocation
76,601,low_traffic,0,0,65535_65535,0,2,228028,432,1,1,1,55,432,14,1,1,allocated
76,601,low_traffic,0,0,65535_65535,0,2,228028,432,0,1,0,55,0,14,1,1,pre_allocation
76,601,low_traffic,0,0,65535_65535,0,2,228028,440,1,1,1,56,440,14,1,1,allocated
76,601,low_traffic,0,0,65535_65535,0,2,228028,440,0,1,0,56,0,14,1,1,pre_allocation
76,601,low_traffic,0,0,65535_65535,0,2,228028,448,1,1,1,57,448,14,1,1,allocated
76,601,low_traffic,0,0,65535_65535,0,2,228028,448,0,1,0,57,0,14,1,1,pre_allocation
76,601,low_traffic,0,0,65535_65535,0,2,228028,456,1,1,1,58,456,14,1,1,allocated
76,601,low_traffic,0,0,65535_65535,0,2,228028,456,0,1,0,58,0,14,1,1,pre_allocation
76,601,low_traffic,0,0,65535_65535,0,2,228028,464,1,1,1,59,464,14,1,1,allocated
76,601,low_traffic,0,0,65535_65535,0,2,228028,464,0,1,0,59,0,14,1,1,pre_allocation
76,601,low_traffic,0,0,65535_65535,0,2,228028,472,1,1,1,60,472,14,1,1,allocated
76,601,low_traffic,0,0,65535_65535,0,2,228028,472,0,1,0,60,0,14,1,1,pre_allocation
76,601,low_traffic,0,0,65535_65535,0,2,228028,480,1,1,1,61,480,14,1,1,allocated
76,601,low_traffic,0,0,65535_65535,0,2,228028,480,0,1,0,61,0,14,1,1,pre_allocation
76,601,low_traffic,0,0,65535_65535,0,2,228028,488,1,1,1,62,488,14,1,1,allocated
76,601,low_traffic,0,0,65535_65535,0,2,228028,488,0,1,0,62,0,14,1,1,pre_allocation
76,601,low_traffic,0,0,65535_65535,0,2,228028,495,1,1,1,63,495,14,1,1,allocated
76,601,low_traffic,0,0,65535_65535,0,2,228028,495,0,1,0,63,0,14,1,1,pre_allocation
76,601,low_traffic,0,0,65535_65535,0,2,228028,503,1,1,1,64,503,14,1,1,allocated
76,601,low_traffic,0,0,65535_65535,0,2,228028,503,0,1,0,64,0,14,1,1,pre_allocation
76,601,low_traffic,0,0,65535_65535,0,2,228028,511,1,1,1,65,511,14,1,1,allocated
76,601,low_traffic,0,0,65535_65535,0,2,228028,511,0,1,0,65,0,14,1,1,pre_allocation
76,601,low_traffic,0,0,65535_65535,0,2,228028,519,1,1,1,66,519,14,1,1,allocated
76,601,low_traffic,0,0,65535_65535,0,2,228028,519,0,1,0,66,0,14,1,1,pre_allocation
76,601,low_traffic,0,0,65535_65535,0,2,228028,527,1,1,1,67,527,14,1,1,allocated
76,601,low_traffic,0,0,65535_65535,0,2,228028,527,0,1,0,67,0,14,1,1,pre_allocation
76,601,low_traffic,0,0,65535_65535,0,2,228028,535,1,1,1,68,535,14,1,1,allocated
76,601,low_traffic,0,0,65535_65535,0,2,228028,535,0,1,0,68,0,14,1,1,pre_allocation
76,601,low_traffic,0,0,65535_65535,0,2,228028,543,1,1,1,69,543,14,1,1,allocated
76,601,low_traffic,0,0,65535_65535,0,2,228028,543,0,1,0,69,0,14,1,1,pre_allocation
76,601,low_traffic,0,0,65535_65535,0,2,228028,551,1,1,1,70,551,14,1,1,allocated
76,601,low_traffic,0,0,65535_65535,0,2,228028,551,0,1,0,70,0,14,1,1,pre_allocation
76,601,low_traffic,0,0,65535_65535,0,2,228028,559,1,1,1,71,559,14,1,1,allocated
76,601,low_traffic,0,0,65535_65535,0,2,228028,559,0,1,0,71,0,14,1,1,pre_allocation
76,601,low_traffic,0,0,65535_65535,0,2,228028,567,1,1,1,72,567,14,1,1,allocated
76,601,low_traffic,0,0,65535_65535,0,2,228028,567,0,1,0,72,0,14,1,1,pre_allocation
76,601,low_traffic,0,0,65535_65535,0,2,228028,575,1,1,1,73,575,14,1,1,allocated
76,601,low_traffic,0,0,65535_65535,0,2,228028,575,0,1,0,73,0,14,1,1,pre_allocation
76,601,low_traffic,0,0,65535_65535,0,2,228028,583,1,1,1,74,583,14,1,1,allocated
76,601,low_traffic,0,0,65535_65535,0,2,228028,583,0,1,0,74,0,14,1,1,pre_allocation
76,601,low_traffic,0,0,65535_65535,0,2,228028,591,1,1,1,75,591,14,1,1,allocated
76,601,low_traffic,0,0,65535_65535,0,2,228028,591,0,1,0,75,0,14,1,1,pre_allocation
76,601,low_traffic,0,0,65535_65535,0,2,228028,598,1,1,1,76,598,14,1,1,allocated
76,601,low_traffic,0,0,65535_65535,0,2,228028,598,0,1,0,76,0,14,1,1,pre_allocation
76,601,low_traffic,0,0,65535_65535,0,2,228028,606,1,1,1,77,606,14,1,1,allocated
76,601,low_traffic,0,0,65535_65535,0,2,228028,606,0,1,0,77,0,14,1,1,pre_allocation
76,601,low_traffic,0,0,65535_65535,0,2,228028,614,1,1,1,78,614,14,1,1,allocated
76,601,low_traffic,0,0,65535_65535,0,2,228028,614,0,1,0,78,0,14,1,1,pre_allocation
76,601,low_traffic,0,0,65535_65535,0,2,228028,622,1,1,1,79,622,14,1,1,allocated
76,601,low_traffic,0,0,65535_65535,0,2,228028,622,0,1,0,79,0,14,1,1,pre_allocation
76,601,low_traffic,0,0,65535_65535,0,2,228028,630,1,1,1,80,630,14,1,1,allocated
76,601,low_traffic,0,0,65535_65535,0,2,228028,630,0,1,0,80,0,14,1,1,pre_allocation
76,601,low_traffic,0,0,65535_65535,0,2,228028,638,1,1,1,81,638,14,1,1,allocated
76,601,low_traffic,0,0,65535_65535,0,2,228028,638,0,1,0,81,0,14,1,1,pre_allocation
76,601,low_traffic,0,0,65535_65535,0,2,228028,646,1,1,1,82,646,14,1,1,allocated
76,601,low_traffic,0,0,65535_65535,0,2,228028,646,0,1,0,82,0,14,1,1,pre_allocation
76,601,low_traffic,0,0,65535_65535,0,2,228028,654,1,1,1,83,654,14,1,1,allocated
76,601,low_traffic,0,0,65535_65535,0,2,228028,654,0,1,0,83,0,14,1,1,pre_allocation
76,601,low_traffic,0,0,65535_65535,0,2,228028,662,1,1,1,84,662,14,1,1,allocated
76,601,low_traffic,0,0,65535_65535,0,2,228028,662,0,1,0,84,0,14,1,1,pre_allocation
76,601,low_traffic,0,0,65535_65535,0,2,228028,670,1,1,1,85,670,14,1,1,allocated
76,601,low_traffic,0,0,65535_65535,0,2,228028,670,0,1,0,85,0,14,1,1,pre_allocation
76,601,low_traffic,0,0,65535_65535,0,2,228028,678,1,1,1,86,678,14,1,1,allocated
76,601,low_traffic,0,0,65535_65535,0,2,228028,678,0,1,0,86,0,14,1,1,pre_allocation
76,601,low_traffic,0,0,65535_65535,0,2,228028,686,1,1,1,87,686,14,1,1,allocated
76,601,low_traffic,0,0,65535_65535,0,2,228028,686,0,1,0,87,0,14,1,1,pre_allocation
76,601,low_traffic,0,0,65535_65535,0,2,228028,693,1,1,1,88,693,14,1,1,allocated
76,601,low_traffic,0,0,65535_65535,0,2,228028,693,0,1,0,88,0,14,1,1,pre_allocation
76,601,low_traffic,0,0,65535_65535,0,2,228028,701,1,1,1,89,701,14,1,1,allocated
76,601,low_traffic,0,0,65535_65535,0,2,228028,701,0,1,0,89,0,14,1,1,pre_allocation
76,601,low_traffic,0,0,65535_65535,0,2,228028,709,1,1,1,90,709,14,1,1,allocated
76,601,low_traffic,0,0,65535_65535,0,2,228028,709,0,1,0,90,0,14,1,1,pre_allocation
76,601,low_traffic,0,0,65535_65535,0,2,228028,717,1,1,1,91,717,14,1,1,allocated
76,601,low_traffic,0,0,65535_65535,0,2,228028,717,0,1,0,91,0,14,1,1,pre_allocation
76,601,low_traffic,0,0,65535_65535,0,2,228028,725,1,1,1,92,725,14,1,1,allocated
76,601,low_traffic,0,0,65535_65535,0,2,228028,725,0,1,0,92,0,14,1,1,pre_allocation
76,601,low_traffic,0,0,65535_65535,0,2,228028,733,1,1,1,93,733,14,1,1,allocated
76,601,low_traffic,0,0,65535_65535,0,2,228028,733,0,1,0,93,0,14,1,1,pre_allocation
76,601,low_traffic,0,0,65535_65535,0,2,228028,741,1,1,1,94,741,14,1,1,allocated
76,601,low_traffic,0,0,65535_65535,0,2,228028,741,0,1,0,94,0,14,1,1,pre_allocation
76,601,low_traffic,0,0,65535_65535,0,2,228028,749,1,1,1,95,749,14,1,1,allocated
76,601,low_traffic,0,0,65535_65535,0,2,228028,749,0,1,0,95,0,14,1,1,pre_allocation
76,601,low_traffic,0,0,65535_65535,0,2,228028,757,1,1,1,96,757,14,1,1,allocated
76,601,low_traffic,0,0,65535_65535,0,2,228028,757,0,1,0,96,0,14,1,1,pre_allocation
76,601,low_traffic,0,0,65535_65535,0,2,228028,765,1,1,1,97,765,14,1,1,allocated
76,601,low_traffic,0,0,65535_65535,0,2,228028,765,0,1,0,97,0,14,1,1,pre_allocation
76,601,low_traffic,0,0,65535_65535,0,2,228028,773,1,1,1,98,773,14,1,1,allocated
76,601,low_traffic,0,0,65535_65535,0,2,228028,773,0,1,0,98,0,14,1,1,pre_allocation
76,601,low_traffic,0,0,65535_65535,0,2,228028,781,1,1,1,99,781,14,1,1,allocated
76,601,low_traffic,0,0,65535_65535,0,2,228028,781,0,1,0,99,0,14,1,1,pre_allocation
76,601,low_traffic,0,0,65535_65535,0,2,228028,789,1,1,1,100,789,14,1,1,allocated
76,601,low_traffic,0,0,65535_65535,0,2,228028,789,0,1,0,100,0,14,1,1,pre_allocation
76,601,low_traffic,0,0,65535_65535,0,2,228028,796,1,1,1,101,796,14,1,1,allocated
76,601,low_traffic,0,0,65535_65535,0,2,228028,796,0,1,0,101,0,14,1,1,pre_allocation
76,601,low_traffic,0,0,65535_65535,0,2,228028,804,1,1,1,102,804,14,1,1,allocated
76,601,low_traffic,0,0,65535_65535,0,2,228028,804,0,1,0,102,0,14,1,1,pre_allocation
76,601,low_traffic,0,0,65535_65535,0,2,228028,812,1,1,1,103,812,14,1,1,allocated
76,601,low_traffic,0,0,65535_65535,0,2,228028,812,0,1,0,103,0,14,1,1,pre_allocation
76,601,low_traffic,0,0,65535_65535,0,2,228028,820,1,1,1,104,820,14,1,1,allocated
76,601,low_traffic,0,0,65535_65535,0,2,228028,820,0,1,0,104,0,14,1,1,pre_allocation
76,601,low_traffic,0,0,65535_65535,0,2,228028,828,1,1,1,105,828,14,1,1,allocated
76,601,low_traffic,0,0,65535_65535,0,2,228028,828,0,1,0,105,0,14,1,1,pre_allocation
76,601,low_traffic,0,0,65535_65535,0,2,228028,836,1,1,1,106,836,14,1,1,allocated
76,601,low_traffic,0,0,65535_65535,0,2,228028,836,0,1,0,106,0,14,1,1,pre_allocation
76,601,low_traffic,0,0,65535_65535,0,2,228028,844,1,1,1,107,844,14,1,1,allocated
76,601,low_traffic,0,0,65535_65535,0,2,228028,844,0,1,0,107,0,14,1,1,pre_allocation
76,601,low_traffic,0,0,65535_65535,0,2,228028,852,1,1,1,108,852,14,1,1,allocated
76,601,low_traffic,0,0,65535_65535,0,2,228028,852,0,1,0,108,0,14,1,1,pre_allocation
76,601,low_traffic,0,0,65535_65535,0,2,228028,860,1,1,1,109,860,14,1,1,allocated
76,601,low_traffic,0,0,65535_65535,0,2,228028,860,0,1,0,109,0,14,1,1,pre_allocation
76,601,low_traffic,0,0,65535_65535,0,2,228028,868,1,1,1,110,868,14,1,1,allocated
76,601,low_traffic,0,0,65535_65535,0,2,228028,868,0,1,0,110,0,14,1,1,pre_allocation
76,601,low_traffic,0,0,65535_65535,0,2,228028,876,1,1,1,111,876,14,1,1,allocated
76,601,low_traffic,0,0,65535_65535,0,2,228028,876,0,1,0,111,0,14,1,1,pre_allocation
76,601,low_traffic,0,0,65535_65535,0,2,228028,884,1,1,1,112,884,14,1,1,allocated
76,601,low_traffic,0,0,65535_65535,0,2,228028,884,0,1,0,112,0,14,1,1,pre_allocation
76,601,low_traffic,0,0,65535_65535,0,2,228028,891,1,1,1,113,891,14,1,1,allocated
76,601,low_traffic,0,0,65535_65535,0,2,228028,891,0,1,0,113,0,14,1,1,pre_allocation
76,601,low_traffic,0,0,65535_65535,0,2,228028,899,1,1,1,114,899,14,1,1,allocated
76,601,low_traffic,0,0,65535_65535,0,2,228028,899,0,1,0,114,0,14,1,1,pre_allocation
76,601,low_traffic,0,0,65535_65535,0,2,228028,907,1,1,1,115,907,14,1,1,allocated
76,601,low_traffic,0,0,65535_65535,0,2,228028,907,0,1,0,115,0,14,1,1,pre_allocation
76,601,low_traffic,0,0,65535_65535,0,2,228028,915,1,1,1,116,915,14,1,1,allocated
76,601,low_traffic,0,0,65535_65535,0,2,228028,915,0,1,0,116,0,14,1,1,pre_allocation
76,601,low_traffic,0,0,65535_65535,0,2,228028,923,1,1,1,117,923,14,1,1,allocated
76,601,low_traffic,0,0,65535_65535,0,2,228028,923,0,1,0,117,0,14,1,1,pre_allocation
76,601,low_traffic,0,0,65535_65535,0,2,228028,931,1,1,1,118,931,14,1,1,allocated
76,601,low_traffic,0,0,65535_65535,0,2,228028,931,0,1,0,118,0,14,1,1,pre_allocation
76,601,low_traffic,0,0,65535_65535,0,2,228028,939,1,1,1,119,939,14,1,1,allocated
76,601,low_traffic,0,0,65535_65535,0,2,228028,939,0,1,0,119,0,14,1,1,pre_allocation
76,601,low_traffic,0,0,65535_65535,0,2,228028,947,1,1,1,120,947,14,1,1,allocated
76,601,low_traffic,0,0,65535_65535,0,2,228028,947,0,1,0,120,0,14,1,1,pre_allocation
76,601,low_traffic,0,0,65535_65535,0,2,228028,955,1,1,1,121,955,14,1,1,allocated
76,601,low_traffic,0,0,65535_65535,0,2,228028,955,0,1,0,121,0,14,1,1,pre_allocation
76,601,low_traffic,0,0,65535_65535,0,2,228028,963,1,1,1,122,963,14,1,1,allocated
76,601,low_traffic,0,0,65535_65535,0,2,228028,963,0,1,0,122,0,14,1,1,pre_allocation
76,601,low_traffic,0,0,65535_65535,0,2,228028,971,1,1,1,123,971,14,1,1,allocated
76,601,low_traffic,0,0,65535_65535,0,2,228028,971,0,1,0,123,0,14,1,1,pre_allocation
76,601,low_traffic,0,0,65535_65535,0,2,228028,979,1,1,1,124,979,14,1,1,allocated
76,601,low_traffic,0,0,65535_65535,0,2,228028,979,0,1,0,124,0,14,1,1,pre_allocation
76,601,low_traffic,0,0,65535_65535,0,2,228028,987,1,1,1,125,987,14,1,1,allocated
76,601,low_traffic,0,0,65535_65535,0,2,228028,987,0,1,0,125,0,14,1,1,pre_allocation
76,601,low_traffic,0,0,65535_65535,0,2,228028,994,1,1,1,126,994,14,1,1,allocated
76,601,low_traffic,0,0,65535_65535,0,2,228028,994,0,1,0,126,0,14,1,1,pre_allocation
76,601,low_traffic,0,0,65535_65535,0,2,228028,1002,1,1,1,127,1002,14,1,1,allocated
76,601,low_traffic,0,0,65535_65535,0,2,228028,1002,0,1,0,127,0,14,1,1,pre_allocation
76,601,low_traffic,0,0,65535_65535,0,2,228028,1010,1,1,1,128,1010,14,1,1,allocated
76,601,low_traffic,0,0,65535_65535,0,2,228028,1010,0,1,0,128,0,14,1,1,pre_allocation
76,601,low_traffic,0,0,65535_65535,0,2,228028,1018,1,1,1,129,1018,14,1,1,allocated
76,601,low_traffic,0,0,65535_65535,0,2,228028,1018,0,1,0,129,0,14,1,1,pre_allocation
76,601,low_traffic,0,0,65535_65535,0,2,228028,1026,1,1,1,130,1026,14,1,1,allocated
76,601,low_traffic,0,0,65535_65535,0,2,228028,1026,0,1,0,130,0,14,1,1,pre_allocation
76,601,low_traffic,0,0,65535_65535,0,2,228028,1034,1,1,1,131,1034,14,1,1,allocated
76,601,low_traffic,0,0,65535_65535,0,2,228028,1034,0,1,0,131,0,14,1,1,pre_allocation
76,601,low_traffic,0,0,65535_65535,0,2,228028,1042,1,1,1,132,1042,14,1,1,allocated
76,601,low_traffic,0,0,65535_65535,0,2,228028,1042,0,1,0,132,0,14,1,1,pre_allocation
76,601,low_traffic,0,0,65535_65535,0,2,228028,1050,1,1,1,133,1050,14,1,1,allocated
76,601,low_traffic,0,0,65535_65535,0,2,228028,1050,0,1,0,133,0,14,1,1,pre_allocation
76,601,low_traffic,0,0,65535_65535,0,2,228028,1058,1,1,1,134,1058,14,1,1,allocated
76,601,low_traffic,0,0,65535_65535,0,2,228028,1058,0,1,0,134,0,14,1,1,pre_allocation
76,601,low_traffic,0,0,65535_65535,0,2,228028,1066,1,1,1,135,1066,14,1,1,allocated
76,601,low_traffic,0,0,65535_65535,0,2,228028,1066,0,1,0,135,0,14,1,1,pre_allocation
76,601,low_traffic,0,0,65535_65535,0,2,228028,1074,1,1,1,136,1074,14,1,1,allocated
76,601,low_traffic,0,0,65535_65535,0,2,228028,1074,0,1,0,136,0,14,1,1,pre_allocation
76,601,low_traffic,0,0,65535_65535,0,2,228028,1082,1,1,1,137,1082,14,1,1,allocated
76,601,low_traffic,0,0,65535_65535,0,2,228028,1082,0,1,0,137,0,14,1,1,pre_allocation
76,601,low_traffic,0,0,65535_65535,0,2,228028,1089,1,1,1,138,1089,14,1,1,allocated
76,601,low_traffic,0,0,65535_65535,0,2,228028,1089,0,1,0,138,0,14,1,1,pre_allocation
76,601,low_traffic,0,0,65535_65535,0,2,228028,1097,1,1,1,139,1097,14,1,1,allocated
76,601,low_traffic,0,0,65535_65535,0,2,228028,1097,0,1,0,139,0,14,1,1,pre_allocation
76,601,low_traffic,0,0,65535_65535,0,2,228028,1105,1,1,1,140,1105,14,1,1,allocated
76,601,low_traffic,0,0,65535_65535,0,2,228028,1105,0,1,0,140,0,14,1,1,pre_allocation
76,601,low_traffic,0,0,65535_65535,0,2,228028,1113,1,1,1,141,1113,14,1,1,allocated
76,601,low_traffic,0,0,65535_65535,0,2,228028,1113,0,1,0,141,0,14,1,1,pre_allocation
76,601,low_traffic,0,0,65535_65535,0,2,228028,1121,1,1,1,142,1121,14,1,1,allocated
76,601,low_traffic,0,0,65535_65535,0,2,228028,1121,0,1,0,142,0,14,1,1,pre_allocation
76,601,low_traffic,0,0,65535_65535,0,2,228028,1129,1,1,1,143,1129,14,1,1,allocated
76,601,low_traffic,0,0,65535_65535,0,2,228028,1129,0,1,0,143,0,14,1,1,pre_allocation
76,601,low_traffic,0,0,65535_65535,0,2,228028,1137,1,1,1,144,1137,14,1,1,allocated
76,601,low_traffic,0,0,65535_65535,0,2,228028,1137,0,1,0,144,0,14,1,1,pre_allocation
76,601,low_traffic,0,0,65535_65535,0,2,228028,1145,1,1,1,145,1145,14,1,1,allocated
76,601,low_traffic,0,0,65535_65535,0,2,228028,1145,0,1,0,145,0,14,1,1,pre_allocation
76,601,low_traffic,0,0,65535_65535,0,2,228028,1153,1,1,1,146,1153,14,1,1,allocated
76,601,low_traffic,0,0,65535_65535,0,2,228028,1153,0,1,0,146,0,14,1,1,pre_allocation
76,601,low_traffic,0,0,65535_65535,0,2,228028,1161,1,1,1,147,1161,14,1,1,allocated
76,601,low_traffic,0,0,65535_65535,0,2,228028,1161,0,1,0,147,0,14,1,1,pre_allocation
76,601,low_traffic,0,0,65535_65535,0,2,228028,1169,1,1,1,148,1169,14,1,1,allocated
76,601,low_traffic,0,0,65535_65535,0,2,228028,1169,0,1,0,148,0,14,1,1,pre_allocation
76,601,low_traffic,0,0,65535_65535,0,2,228028,1177,1,1,1,149,1177,14,1,1,allocated
76,601,low_traffic,0,0,65535_65535,0,2,228028,1177,0,1,0,149,0,14,1,1,pre_allocation
76,601,low_traffic,0,0,65535_65535,0,2,228028,1185,1,1,1,150,1185,14,1,1,allocated
76,601,low_traffic,0,0,65535_65535,0,2,228028,1185,0,1,0,150,0,14,1,1,pre_allocation
76,601,low_traffic,0,0,65535_65535,0,2,228028,1192,1,1,1,151,1192,14,1,1,allocated
76,601,low_traffic,0,0,65535_65535,0,2,228028,1192,0,1,0,151,0,14,1,1,pre_allocation
76,601,low_traffic,0,0,65535_65535,0,2,228028,1200,1,1,1,152,1200,14,1,1,allocated
76,601,low_traffic,0,0,65535_65535,0,2,228028,1200,0,1,0,152,0,14,1,1,pre_allocation
76,601,low_traffic,0,0,65535_65535,0,2,228028,1208,1,1,1,153,1208,14,1,1,allocated
76,601,low_traffic,0,0,65535_65535,0,2,228028,1208,0,1,0,153,0,14,1,1,pre_allocation
76,601,low_traffic,0,0,65535_65535,0,2,228028,1216,1,1,1,154,1216,14,1,1,allocated
76,601,low_traffic,0,0,65535_65535,0,2,228028,1216,0,1,0,154,0,14,1,1,pre_allocation
76,601,low_traffic,0,0,65535_65535,0,2,228028,1224,1,1,1,155,1224,14,1,1,allocated
76,601,low_traffic,0,0,65535_65535,0,2,228028,1224,0,1,0,155,0,14,1,1,pre_allocation
76,601,low_traffic,0,0,65535_65535,0,2,228028,1232,1,1,1,156,1232,14,1,1,allocated
76,601,low_traffic,0,0,65535_65535,0,2,228028,1232,0,1,0,156,0,14,1,1,pre_allocation
76,601,low_traffic,0,0,65535_65535,0,2,228028,1240,1,1,1,157,1240,14,1,1,allocated
76,601,low_traffic,0,0,65535_65535,0,2,228028,1240,0,1,0,157,0,14,1,1,pre_allocation
76,601,low_traffic,0,0,65535_65535,0,2,228028,1248,1,1,1,158,1248,14,1,1,allocated
76,601,low_traffic,0,0,65535_65535,0,2,228028,1248,0,1,0,158,0,14,1,1,pre_allocation
76,601,low_traffic,0,0,65535_65535,0,2,228028,1256,1,1,1,159,1256,14,1,1,allocated
76,601,low_traffic,0,0,65535_65535,0,2,228028,1256,0,1,0,159,0,14,1,1,pre_allocation
76,601,low_traffic,0,0,65535_65535,0,2,228028,1264,1,1,1,160,1264,14,1,1,allocated
76,601,low_traffic,0,0,65535_65535,0,2,228028,1264,0,1,0,160,0,14,1,1,pre_allocation
76,601,low_traffic,0,0,65535_65535,0,2,228028,1272,1,1,1,161,1272,14,1,1,allocated
76,601,low_traffic,0,0,65535_65535,0,2,228028,1272,0,1,0,161,0,14,1,1,pre_allocation
76,601,low_traffic,0,0,65535_65535,0,2,228028,1280,1,1,1,162,1280,14,1,1,allocated
76,601,low_traffic,0,0,65535_65535,0,2,228028,1280,0,1,0,162,0,14,1,1,pre_allocation
76,601,low_traffic,0,0,65535_65535,0,2,228028,1287,1,1,1,163,1287,14,1,1,allocated
76,601,low_traffic,0,0,65535_65535,0,2,228028,1287,0,1,0,163,0,14,1,1,pre_allocation
76,601,low_traffic,0,0,65535_65535,0,2,228028,1295,1,1,1,164,1295,14,1,1,allocated
76,601,low_traffic,0,0,65535_65535,0,2,228028,1295,0,1,0,164,0,14,1,1,pre_allocation
76,601,low_traffic,0,0,65535_65535,0,2,228028,1303,1,1,1,165,1303,14,1,1,allocated
76,601,low_traffic,0,0,65535_65535,0,2,228028,1303,0,1,0,165,0,14,1,1,pre_allocation
76,601,low_traffic,0,0,65535_65535,0,2,228028,1311,1,1,1,166,1311,14,1,1,allocated
76,601,low_traffic,0,0,65535_65535,0,2,228028,1311,0,1,0,166,0,14,1,1,pre_allocation
76,601,low_traffic,0,0,65535_65535,0,2,228028,1319,1,1,1,167,1319,14,1,1,allocated
76,601,low_traffic,0,0,65535_65535,0,2,228028,1319,0,1,0,167,0,14,1,1,pre_allocation
76,601,low_traffic,0,0,65535_65535,0,2,228028,1327,1,1,1,168,1327,14,1,1,allocated
76,601,low_traffic,0,0,65535_65535,0,2,228028,1327,0,1,0,168,0,14,1,1,pre_allocation
76,601,low_traffic,0,0,65535_65535,0,2,228028,1335,1,1,1,169,1335,14,1,1,allocated
76,601,low_traffic,0,0,65535_65535,0,2,228028,1335,0,1,0,169,0,14,1,1,pre_allocation
76,601,low_traffic,0,0,65535_65535,0,2,228028,1343,1,1,1,170,1343,14,1,1,allocated
76,601,low_traffic,0,0,65535_65535,0,2,228028,1343,0,1,0,170,0,14,1,1,pre_allocation
76,601,low_traffic,0,0,65535_65535,0,2,228028,1351,1,1,1,171,1351,14,1,1,allocated
76,601,low_traffic,0,0,65535_65535,0,2,228028,1351,0,1,0,171,0,14,1,1,pre_allocation
76,601,low_traffic,0,0,65535_65535,0,2,228028,1359,1,1,1,172,1359,14,1,1,allocated
76,601,low_traffic,0,0,65535_65535,0,2,228028,1359,0,1,0,172,0,14,1,1,pre_allocation
76,601,low_traffic,0,0,65535_65535,0,2,228028,1367,1,1,1,173,1367,14,1,1,allocated
76,601,low_traffic,0,0,65535_65535,0,2,228028,1367,0,1,0,173,0,14,1,1,pre_allocation
76,601,low_traffic,0,0,65535_65535,0,2,228028,1375,1,1,1,174,1375,14,1,1,allocated
76,601,low_traffic,0,0,65535_65535,0,2,228028,1375,0,1,0,174,0,14,1,1,pre_allocation
76,601,low_traffic,0,0,65535_65535,0,2,228028,1383,1,1,1,175,1383,14,1,1,allocated
76,601,low_traffic,0,0,65535_65535,1,4,210,0,0,1,0,0,0,15,1,1,pre_allocation
76,601,low_traffic,0,0,65535_65535,1,4,210,5,1,1,1,1,5,15,1,1,allocated
76,601,low_traffic,0,0,65535_65535,1,3,169,0,0,1,0,0,0,14,1,1,pre_allocation
76,601,low_traffic,0,0,65535_65535,1,3,169,4,1,1,1,1,4,14,1,1,allocated
76,601,low_traffic,0,0,65535_65535,1,4,210,5,0,1,0,1,0,15,1,1,pre_allocation
76,601,low_traffic,0,0,65535_65535,1,4,210,14,1,1,1,2,14,15,1,1,allocated
76,601,low_traffic,0,0,65535_65535,1,3,169,4,0,1,0,1,0,14,1,1,pre_allocation
76,601,low_traffic,0,0,65535_65535,1,3,169,12,1,1,1,2,12,14,1,1,allocated
76,601,low_traffic,0,0,65535_65535,1,4,210,14,0,1,0,2,0,15,1,1,pre_allocation
76,601,low_traffic,0,0,65535_65535,1,4,210,23,1,1,1,3,23,15,1,1,allocated
76,601,low_traffic,0,0,65535_65535,1,3,169,12,0,1,0,2,0,14,1,1,pre_allocation
76,601,low_traffic,0,0,65535_65535,1,3,169,20,1,1,1,3,20,14,1,1,allocated
76,601,low_traffic,0,0,65535_65535,1,4,210,23,0,1,0,3,0,15,1,1,pre_allocation
76,601,low_traffic,0,0,65535_65535,1,4,210,32,1,1,1,4,32,15,1,1,allocated
76,601,low_traffic,0,0,65535_65535,1,3,169,20,0,1,0,3,0,14,1,1,pre_allocation
76,601,low_traffic,0,0,65535_65535,1,3,169,28,1,1,1,4,28,14,1,1,allocated
76,601,low_traffic,0,0,65535_65535,1,4,210,32,0,1,0,4,0,15,1,1,pre_allocation
76,601,low_traffic,0,0,65535_65535,1,4,210,41,1,1,1,5,41,15,1,1,allocated
76,601,low_traffic,0,0,65535_65535,1,3,169,28,0,1,0,4,0,14,1,1,pre_allocation
76,601,low_traffic,0,0,65535_65535,1,3,169,36,1,1,1,5,36,14,1,1,allocated
76,601,low_traffic,0,0,65535_65535,1,4,210,41,0,1,0,5,0,15,1,1,pre_allocation
76,601,low_traffic,0,0,65535_65535,1,4,210,50,1,1,1,6,50,15,1,1,allocated
76,601,low_traffic,0,0,65535_65535,1,3,169,36,0,1,0,5,0,14,1,1,pre_allocation
76,601,low_traffic,0,0,65535_65535,1,3,169,44,1,1,1,6,44,14,1,1,allocated
76,601,low_traffic,0,0,65535_65535,1,4,210,50,0,1,0,6,0,15,1,1,pre_allocation
76,601,low_traffic,0,0,65535_65535,1,4,210,59,1,1,1,7,59,15,1,1,allocated
76,601,low_traffic,0,0,65535_65535,1,3,169,44,0,1,0,6,0,14,1,1,pre_allocation
76,601,low_traffic,0,0,65535_65535,1,3,169,52,1,1,1,7,52,14,1,1,allocated
76,601,low_traffic,0,0,65535_65535,1,4,210,59,0,1,0,7,0,15,1,1,pre_allocation
76,601,low_traffic,0,0,65535_65535,1,4,210,68,1,1,1,8,68,15,1,1,allocated
76,601,low_traffic,0,0,65535_65535,1,3,169,52,0,1,0,7,0,14,1,1,pre_allocation
76,601,low_traffic,0,0,65535_65535,1,3,169,60,1,1,1,8,60,14,1,1,allocated
76,601,low_traffic,0,0,65535_65535,1,4,210,68,0,1,0,8,0,15,1,1,pre_allocation
76,601,low_traffic,0,0,65535_65535,1,4,210,77,1,1,1,9,77,15,1,1,allocated
76,601,low_traffic,0,0,65535_65535,1,3,169,60,0,1,0,8,0,14,1,1,pre_allocation
76,601,low_traffic,0,0,65535_65535,1,3,169,68,1,1,1,9,68,14,1,1,allocated
76,601,low_traffic,0,0,65535_65535,1,4,210,77,0,1,0,9,0,15,1,1,pre_allocation
76,601,low_traffic,0,0,65535_65535,1,4,210,86,1,1,1,10,86,15,1,1,allocated
76,601,low_traffic,0,0,65535_65535,1,3,169,68,0,1,0,9,0,14,1,1,pre_allocation
76,601,low_traffic,0,0,65535_65535,1,3,169,76,1,1,1,10,76,14,1,1,allocated
76,601,low_traffic,0,0,65535_65535,1,4,210,86,0,1,0,10,0,15,1,1,pre_allocation
76,601,low_traffic,0,0,65535_65535,1,4,210,95,1,1,1,11,95,15,1,1,allocated
76,601,low_traffic,0,0,65535_65535,1,3,169,76,0,1,0,10,0,14,1,1,pre_allocation
76,601,low_traffic,0,0,65535_65535,1,3,169,84,1,1,1,11,84,14,1,1,allocated
76,601,low_traffic,0,0,65535_65535,1,4,210,95,0,1,0,11,0,15,1,1,pre_allocation
76,601,low_traffic,0,0,65535_65535,1,4,210,103,1,1,1,12,103,15,1,1,allocated
76,601,low_traffic,0,0,65535_65535,1,3,169,84,0,1,0,11,0,14,1,1,pre_allocation
76,601,low_traffic,0,0,65535_65535,1,3,169,92,1,1,1,12,92,14,1,1,allocated
76,601,low_traffic,0,0,65535_65535,1,4,210,103,0,1,0,12,0,15,1,1,pre_allocation
76,601,low_traffic,0,0,65535_65535,1,4,210,112,1,1,1,13,112,15,1,1,allocated
76,601,low_traffic,0,0,65535_65535,1,3,169,92,0,1,0,12,0,14,1,1,pre_allocation
76,601,low_traffic,0,0,65535_65535,1,3,169,99,1,1,1,13,99,14,1,1,allocated
76,601,low_traffic,0,0,65535_65535,1,4,210,112,0,1,0,13,0,15,1,1,pre_allocation
76,601,low_traffic,0,0,65535_65535,1,4,210,121,1,1,1,14,121,15,1,1,allocated
76,601,low_traffic,0,0,65535_65535,1,3,169,99,0,1,0,13,0,14,1,1,pre_allocation
76,601,low_traffic,0,0,65535_65535,1,3,169,107,1,1,1,14,107,14,1,1,allocated
76,601,low_traffic,0,0,65535_65535,1,4,210,121,0,1,0,14,0,15,1,1,pre_allocation
76,601,low_traffic,0,0,65535_65535,1,4,210,130,1,1,1,15,130,15,1,1,allocated
76,601,low_traffic,0,0,65535_65535,1,3,169,107,0,1,0,14,0,14,1,1,pre_allocation
76,601,low_traffic,0,0,65535_65535,1,3,169,115,1,1,1,15,115,14,1,1,allocated
76,601,low_traffic,0,0,65535_65535,1,4,210,130,0,1,0,15,0,15,1,1,pre_allocation
76,601,low_traffic,0,0,65535_65535,1,4,210,139,1,1,1,16,139,15,1,1,allocated
76,601,low_traffic,0,0,65535_65535,1,3,169,115,0,1,0,15,0,14,1,1,pre_allocation
76,601,low_traffic,0,0,65535_65535,1,3,169,123,1,1,1,16,123,14,1,1,allocated
76,601,low_traffic,0,0,65535_65535,1,4,210,139,0,1,0,16,0,15,1,1,pre_allocation
76,601,low_traffic,0,0,65535_65535,1,4,210,148,1,1,1,17,148,15,1,1,allocated
76,601,low_traffic,0,0,65535_65535,1,3,169,123,0,1,0,16,0,14,1,1,pre_allocation
76,601,low_traffic,0,0,65535_65535,1,3,169,131,1,1,1,17,131,14,1,1,allocated
76,601,low_traffic,0,0,65535_65535,1,4,210,148,0,1,0,17,0,15,1,1,pre_allocation
76,601,low_traffic,0,0,65535_65535,1,4,210,157,1,1,1,18,157,15,1,1,allocated
76,601,low_traffic,0,0,65535_65535,1,3,169,131,0,1,0,17,0,14,1,1,pre_allocation
76,601,low_traffic,0,0,65535_65535,1,3,169,139,1,1,1,18,139,14,1,1,allocated
76,601,low_traffic,0,0,65535_65535,1,4,210,157,0,1,0,18,0,15,1,1,pre_allocation
76,601,low_traffic,0,0,65535_65535,1,4,210,166,1,1,1,19,166,15,1,1,allocated
76,601,low_traffic,0,0,65535_65535,1,3,169,139,0,1,0,18,0,14,1,1,pre_allocation
76,601,low_traffic,0,0,65535_65535,1,3,169,147,1,1,1,19,147,14,1,1,allocated
76,601,low_traffic,0,0,65535_65535,1,4,210,166,0,1,0,19,0,15,1,1,pre_allocation
76,601,low_traffic,0,0,65535_65535,1,4,210,175,1,1,1,20,175,15,1,1,allocated
76,601,low_traffic,0,0,65535_65535,1,3,169,147,0,1,0,19,0,14,1,1,pre_allocation
76,601,low_traffic,0,0,65535_65535,1,3,169,155,1,1,1,20,155,14,1,1,allocated
76,601,low_traffic,0,0,65535_65535,1,4,210,175,0,1,0,20,0,15,1,1,pre_allocation
76,601,low_traffic,0,0,65535_65535,1,4,210,184,1,1,1,21,184,15,1,1,allocated
76,601,low_traffic,0,0,65535_65535,1,3,169,155,0,1,0,20,0,14,1,1,pre_allocation
76,601,low_traffic,0,0,65535_65535,1,3,169,163,1,1,1,21,163,14,1,1,allocated
76,601,low_traffic,0,0,65535_65535,1,4,210,184,0,1,0,21,0,15,1,1,pre_allocation
76,601,low_traffic,0,0,65535_65535,1,4,210,193,1,1,1,22,193,15,1,1,allocated
76,601,low_traffic,0,0,65535_65535,1,3,169,163,0,1,0,21,0,14,1,1,pre_allocation
76,601,low_traffic,0,0,65535_65535,1,3,169,171,1,1,1,22,171,14,1,1,allocated
76,601,low_traffic,0,0,65535_65535,1,4,210,193,0,1,0,22,0,15,1,1,pre_allocation
76,601,low_traffic,0,0,65535_65535,1,4,210,201,1,1,1,23,201,15,1,1,allocated
76,601,low_traffic,0,0,65535_65535,1,3,169,171,0,1,0,22,0,14,1,1,pre_allocation
76,601,low_traffic,0,0,65535_65535,1,3,169,179,1,1,1,23,179,14,1,1,allocated
76,601,low_traffic,0,0,65535_65535,1,4,210,201,0,1,0,23,0,15,1,1,pre_allocation
76,601,low_traffic,0,0,65535_65535,1,4,210,210,1,1,1,24,210,15,1,1,allocated
76,601,low_traffic,0,0,65535_65535,1,3,169,179,0,1,0,23,0,14,1,1,pre_allocation
76,601,low_traffic,0,0,65535_65535,1,3,169,187,1,1,1,24,187,14,1,1,allocated
76,601,low_traffic,0,0,65535_65535,1,4,210,210,0,1,0,24,0,15,1,1,pre_allocation
76,601,low_traffic,0,0,65535_65535,1,4,210,219,1,1,1,25,219,15,1,1,allocated
76,601,low_traffic,0,0,65535_65535,1,3,169,187,0,1,0,24,0,14,1,1,pre_allocation
76,601,low_traffic,0,0,65535_65535,1,3,169,195,1,1,1,25,195,14,1,1,allocated
76,601,low_traffic,0,0,65535_65535,1,4,210,219,0,1,0,25,0,15,1,1,pre_allocation
76,601,low_traffic,0,0,65535_65535,1,4,210,228,1,1,1,26,228,15,1,1,allocated
76,601,low_traffic,0,0,65535_65535,1,3,169,195,0,1,0,25,0,14,1,1,pre_allocation
76,601,low_traffic,0,0,65535_65535,1,3,169,202,1,1,1,26,202,14,1,1,allocated
76,601,low_traffic,0,0,65535_65535,1,4,210,228,0,1,0,26,0,15,1,1,pre_allocation
76,601,low_traffic,0,0,65535_65535,1,4,210,237,1,1,1,27,237,15,1,1,allocated
76,601,low_traffic,0,0,65535_65535,1,3,169,202,0,1,0,26,0,14,1,1,pre_allocation
76,601,low_traffic,0,0,65535_65535,1,3,169,210,1,1,1,27,210,14,1,1,allocated
76,601,low_traffic,0,0,65535_65535,1,4,210,237,0,1,0,27,0,15,1,1,pre_allocation
76,601,low_traffic,0,0,65535_65535,1,4,210,246,1,1,1,28,246,15,1,1,allocated
76,601,low_traffic,0,0,65535_65535,1,3,169,210,0,1,0,27,0,14,1,1,pre_allocation
76,601,low_traffic,0,0,65535_65535,1,3,169,218,1,1,1,28,218,14,1,1,allocated
76,601,low_traffic,0,0,65535_65535,1,4,210,246,0,1,0,28,0,15,1,1,pre_allocation
76,601,low_traffic,0,0,65535_65535,1,4,210,255,1,1,1,29,255,15,1,1,allocated
76,601,low_traffic,0,0,65535_65535,1,3,169,218,0,1,0,28,0,14,1,1,pre_allocation
76,601,low_traffic,0,0,65535_65535,1,3,169,226,1,1,1,29,226,14,1,1,allocated
76,601,low_traffic,0,0,65535_65535,1,4,210,255,0,1,0,29,0,15,1,1,pre_allocation
76,601,low_traffic,0,0,65535_65535,1,4,210,264,1,1,1,30,264,15,1,1,allocated
76,601,low_traffic,0,0,65535_65535,1,3,169,226,0,1,0,29,0,14,1,1,pre_allocation
76,601,low_traffic,0,0,65535_65535,1,3,169,234,1,1,1,30,234,14,1,1,allocated
76,601,low_traffic,0,0,65535_65535,1,4,210,264,0,1,0,30,0,15,1,1,pre_allocation
76,601,low_traffic,0,0,65535_65535,1,4,210,273,1,1,1,31,273,15,1,1,allocated
76,601,low_traffic,0,0,65535_65535,1,3,169,234,0,1,0,30,0,14,1,1,pre_allocation
76,601,low_traffic,0,0,65535_65535,1,3,169,242,1,1,1,31,242,14,1,1,allocated
76,601,low_traffic,0,0,65535_65535,1,4,210,273,0,1,0,31,0,15,1,1,pre_allocation
76,601,low_traffic,0,0,65535_65535,1,4,210,282,1,1,1,32,282,15,1,1,allocated
76,601,low_traffic,0,0,65535_65535,1,3,169,242,0,1,0,31,0,14,1,1,pre_allocation
76,601,low_traffic,0,0,65535_65535,1,3,169,250,1,1,1,32,250,14,1,1,allocated
76,601,low_traffic,0,0,65535_65535,1,4,210,282,0,1,0,32,0,15,1,1,pre_allocation
76,601,low_traffic,0,0,65535_65535,1,4,210,291,1,1,1,33,291,15,1,1,allocated
76,601,low_traffic,0,0,65535_65535,1,3,169,250,0,1,0,32,0,14,1,1,pre_allocation
76,601,low_traffic,0,0,65535_65535,1,3,169,258,1,1,1,33,258,14,1,1,allocated
76,601,low_traffic,0,0,65535_65535,1,4,210,291,0,1,0,33,0,15,1,1,pre_allocation
76,601,low_traffic,0,0,65535_65535,1,4,210,299,1,1,1,34,299,15,1,1,allocated
76,601,low_traffic,0,0,65535_65535,1,3,169,258,0,1,0,33,0,14,1,1,pre_allocation
76,601,low_traffic,0,0,65535_65535,1,3,169,266,1,1,1,34,266,14,1,1,allocated
76,601,low_traffic,0,0,65535_65535,1,4,210,299,0,1,0,34,0,15,1,1,pre_allocation
76,601,low_traffic,0,0,65535_65535,1,4,210,308,1,1,1,35,308,15,1,1,allocated
76,601,low_traffic,0,0,65535_65535,1,3,169,266,0,1,0,34,0,14,1,1,pre_allocation
76,601,low_traffic,0,0,65535_65535,1,3,169,274,1,1,1,35,274,14,1,1,allocated
76,601,low_traffic,0,0,65535_65535,1,4,210,308,0,1,0,35,0,15,1,1,pre_allocation
76,601,low_traffic,0,0,65535_65535,1,4,210,317,1,1,1,36,317,15,1,1,allocated
76,601,low_traffic,0,0,65535_65535,1,3,169,274,0,1,0,35,0,14,1,1,pre_allocation
76,601,low_traffic,0,0,65535_65535,1,3,169,282,1,1,1,36,282,14,1,1,allocated
76,601,low_traffic,0,0,65535_65535,1,4,210,317,0,1,0,36,0,15,1,1,pre_allocation
76,601,low_traffic,0,0,65535_65535,1,4,210,326,1,1,1,37,326,15,1,1,allocated
76,601,low_traffic,0,0,65535_65535,1,3,169,282,0,1,0,36,0,14,1,1,pre_allocation
76,601,low_traffic,0,0,65535_65535,1,3,169,290,1,1,1,37,290,14,1,1,allocated
76,601,low_traffic,0,0,65535_65535,1,4,210,326,0,1,0,37,0,15,1,1,pre_allocation
76,601,low_traffic,0,0,65535_65535,1,4,210,335,1,1,1,38,335,15,1,1,allocated
76,601,low_traffic,0,0,65535_65535,1,3,169,290,0,1,0,37,0,14,1,1,pre_allocation
76,601,low_traffic,0,0,65535_65535,1,3,169,297,1,1,1,38,297,14,1,1,allocated
76,601,low_traffic,0,0,65535_65535,1,4,210,335,0,1,0,38,0,15,1,1,pre_allocation
76,601,low_traffic,0,0,65535_65535,1,4,210,344,1,1,1,39,344,15,1,1,allocated
76,601,low_traffic,0,0,65535_65535,1,3,169,297,0,1,0,38,0,14,1,1,pre_allocation
76,601,low_traffic,0,0,65535_65535,1,3,169,305,1,1,1,39,305,14,1,1,allocated
76,601,low_traffic,0,0,65535_65535,1,4,210,344,0,1,0,39,0,15,1,1,pre_allocation
76,601,low_traffic,0,0,65535_65535,1,4,210,353,1,1,1,40,353,15,1,1,allocated
76,601,low_traffic,0,0,65535_65535,1,3,169,305,0,1,0,39,0,14,1,1,pre_allocation
76,601,low_traffic,0,0,65535_65535,1,3,169,313,1,1,1,40,313,14,1,1,allocated
76,601,low_traffic,0,0,65535_65535,1,4,210,353,0,1,0,40,0,15,1,1,pre_allocation
76,601,low_traffic,0,0,65535_65535,1,4,210,362,1,1,1,41,362,15,1,1,allocated
76,601,low_traffic,0,0,65535_65535,1,3,169,313,0,1,0,40,0,14,1,1,pre_allocation
76,601,low_traffic,0,0,65535_65535,1,3,169,321,1,1,1,41,321,14,1,1,allocated
76,601,low_traffic,0,0,65535_65535,1,4,210,362,0,1,0,41,0,15,1,1,pre_allocation
76,601,low_traffic,0,0,65535_65535,1,4,210,371,1,1,1,42,371,15,1,1,allocated
76,601,low_traffic,0,0,65535_65535,1,3,169,321,0,1,0,41,0,14,1,1,pre_allocation
76,601,low_traffic,0,0,65535_65535,1,3,169,329,1,1,1,42,329,14,1,1,allocated
76,601,low_traffic,0,0,65535_65535,1,4,210,371,0,1,0,42,0,15,1,1,pre_allocation
76,601,low_traffic,0,0,65535_65535,1,4,210,380,1,1,1,43,380,15,1,1,allocated
76,601,low_traffic,0,0,65535_65535,1,3,169,329,0,1,0,42,0,14,1,1,pre_allocation
76,601,low_traffic,0,0,65535_65535,1,3,169,337,1,1,1,43,337,14,1,1,allocated
76,601,low_traffic,0,0,65535_65535,1,4,210,380,0,1,0,43,0,15,1,1,pre_allocation
76,601,low_traffic,0,0,65535_65535,1,4,210,389,1,1,1,44,389,15,1,1,allocated
76,601,low_traffic,0,0,65535_65535,1,3,169,337,0,1,0,43,0,14,1,1,pre_allocation
76,601,low_traffic,0,0,65535_65535,1,3,169,345,1,1,1,44,345,14,1,1,allocated
76,601,low_traffic,0,0,65535_65535,1,4,210,389,0,1,0,44,0,15,1,1,pre_allocation
76,601,low_traffic,0,0,65535_65535,1,4,210,397,1,1,1,45,397,15,1,1,allocated
76,601,low_traffic,0,0,65535_65535,1,3,169,345,0,1,0,44,0,14,1,1,pre_allocation
76,601,low_traffic,0,0,65535_65535,1,3,169,353,1,1,1,45,353,14,1,1,allocated
76,601,low_traffic,0,0,65535_65535,1,4,210,397,0,1,0,45,0,15,1,1,pre_allocation
76,601,low_traffic,0,0,65535_65535,1,4,210,406,1,1,1,46,406,15,1,1,allocated
188,699,low_traffic,0,0,65535_65535,0,2,365589,0,0,1,0,0,0,14,1,1,pre_allocation
188,699,low_traffic,0,0,65535_65535,0,2,365589,12,1,1,1,1,12,14,1,1,allocated
188,699,low_traffic,0,0,65535_65535,0,2,365589,12,0,1,0,1,0,14,1,1,pre_allocation
188,699,low_traffic,0,0,65535_65535,0,2,365589,28,1,1,1,2,28,14,1,1,allocated
188,699,low_traffic,0,0,65535_65535,0,2,365589,28,0,1,0,2,0,14,1,1,pre_allocation
188,699,low_traffic,0,0,65535_65535,0,2,365589,44,1,1,1,3,44,14,1,1,allocated
188,699,low_traffic,0,0,65535_65535,0,2,365589,44,0,1,0,3,0,14,1,1,pre_allocation
188,699,low_traffic,0,0,65535_65535,0,2,365589,60,1,1,1,4,60,14,1,1,allocated
188,699,low_traffic,0,0,65535_65535,0,2,365589,60,0,1,0,4,0,14,1,1,pre_allocation
188,699,low_traffic,0,0,65535_65535,0,2,365589,76,1,1,1,5,76,14,1,1,allocated
188,699,low_traffic,0,0,65535_65535,0,2,365589,76,0,1,0,5,0,14,1,1,pre_allocation
188,699,low_traffic,0,0,65535_65535,0,2,365589,92,1,1,1,6,92,14,1,1,allocated
188,699,low_traffic,0,0,65535_65535,0,2,365589,92,0,1,0,6,0,14,1,1,pre_allocation
188,699,low_traffic,0,0,65535_65535,0,2,365589,107,1,1,1,7,107,14,1,1,allocated
188,699,low_traffic,0,0,65535_65535,0,2,365589,107,0,1,0,7,0,14,1,1,pre_allocation
188,699,low_traffic,0,0,65535_65535,0,2,365589,123,1,1,1,8,123,14,1,1,allocated
188,699,low_traffic,0,0,65535_65535,0,2,365589,123,0,1,0,8,0,14,1,1,pre_allocation
188,699,low_traffic,0,0,65535_65535,0,2,365589,139,1,1,1,9,139,14,1,1,allocated
188,699,low_traffic,0,0,65535_65535,0,2,365589,139,0,1,0,9,0,14,1,1,pre_allocation
188,699,low_traffic,0,0,65535_65535,0,2,365589,155,1,1,1,10,155,14,1,1,allocated
188,699,low_traffic,0,0,65535_65535,0,2,365589,155,0,1,0,10,0,14,1,1,pre_allocation
188,699,low_traffic,0,0,65535_65535,0,2,365589,171,1,1,1,11,171,14,1,1,allocated
188,699,low_traffic,0,0,65535_65535,0,2,365589,171,0,1,0,11,0,14,1,1,pre_allocation
188,699,low_traffic,0,0,65535_65535,0,2,365589,187,1,1,1,12,187,14,1,1,allocated
188,699,low_traffic,0,0,65535_65535,0,2,365589,187,0,1,0,12,0,14,1,1,pre_allocation
188,699,low_traffic,0,0,65535_65535,0,2,365589,202,1,1,1,13,202,14,1,1,allocated
188,699,low_traffic,0,0,65535_65535,0,2,365589,202,0,1,0,13,0,14,1,1,pre_allocation
188,699,low_traffic,0,0,65535_65535,0,2,365589,218,1,1,1,14,218,14,1,1,allocated
188,699,low_traffic,0,0,65535_65535,0,2,365589,218,0,1,0,14,0,14,1,1,pre_allocation
188,699,low_traffic,0,0,65535_65535,0,2,365589,234,1,1,1,15,234,14,1,1,allocated
188,699,low_traffic,0,0,65535_65535,0,2,365589,234,0,1,0,15,0,14,1,1,pre_allocation
188,699,low_traffic,0,0,65535_65535,0,2,365589,250,1,1,1,16,250,14,1,1,allocated
188,699,low_traffic,0,0,65535_65535,0,2,365589,250,0,1,0,16,0,14,1,1,pre_allocation
188,699,low_traffic,0,0,65535_65535,0,2,365589,266,1,1,1,17,266,14,1,1,allocated
188,699,low_traffic,0,0,65535_65535,0,2,365589,266,0,1,0,17,0,14,1,1,pre_allocation
188,699,low_traffic,0,0,65535_65535,0,2,365589,282,1,1,1,18,282,14,1,1,allocated
188,699,low_traffic,0,0,65535_65535,0,2,365589,282,0,1,0,18,0,14,1,1,pre_allocation
188,699,low_traffic,0,0,65535_65535,0,2,365589,297,1,1,1,19,297,14,1,1,allocated
188,699,low_traffic,0,0,65535_65535,0,2,365589,297,0,1,0,19,0,14,1,1,pre_allocation
188,699,low_traffic,0,0,65535_65535,0,2,365589,313,1,1,1,20,313,14,1,1,allocated
188,699,low_traffic,0,0,65535_65535,0,2,365589,313,0,1,0,20,0,14,1,1,pre_allocation
188,699,low_traffic,0,0,65535_65535,0,2,365589,329,1,1,1,21,329,14,1,1,allocated
188,699,low_traffic,0,0,65535_65535,0,2,365589,329,0,1,0,21,0,14,1,1,pre_allocation
188,699,low_traffic,0,0,65535_65535,0,2,365589,345,1,1,1,22,345,14,1,1,allocated
188,699,low_traffic,0,0,65535_65535,0,2,365589,345,0,1,0,22,0,14,1,1,pre_allocation
188,699,low_traffic,0,0,65535_65535,0,2,365589,361,1,1,1,23,361,14,1,1,allocated
188,699,low_traffic,0,0,65535_65535,0,2,365589,361,0,1,0,23,0,14,1,1,pre_allocation
188,699,low_traffic,0,0,65535_65535,0,2,365589,377,1,1,1,24,377,14,1,1,allocated
188,699,low_traffic,0,0,65535_65535,0,2,365589,377,0,1,0,24,0,14,1,1,pre_allocation
188,699,low_traffic,0,0,65535_65535,0,2,365589,393,1,1,1,25,393,14,1,1,allocated
188,699,low_traffic,0,0,65535_65535,0,2,365589,393,0,1,0,25,0,14,1,1,pre_allocation
188,699,low_traffic,0,0,65535_65535,0,2,365589,408,1,1,1,26,408,14,1,1,allocated
188,699,low_traffic,0,0,65535_65535,0,2,365589,408,0,1,0,26,0,14,1,1,pre_allocation
188,699,low_traffic,0,0,65535_65535,0,2,365589,424,1,1,1,27,424,14,1,1,allocated
188,699,low_traffic,0,0,65535_65535,0,2,365589,424,0,1,0,27,0,14,1,1,pre_allocation
188,699,low_traffic,0,0,65535_65535,0,2,365589,440,1,1,1,28,440,14,1,1,allocated
188,699,low_traffic,0,0,65535_65535,0,2,365589,440,0,1,0,28,0,14,1,1,pre_allocation
188,699,low_traffic,0,0,65535_65535,0,2,365589,456,1,1,1,29,456,14,1,1,allocated
188,699,low_traffic,0,0,65535_65535,0,2,365589,456,0,1,0,29,0,14,1,1,pre_allocation
188,699,low_traffic,0,0,65535_65535,0,2,365589,472,1,1,1,30,472,14,1,1,allocated
188,699,low_traffic,0,0,65535_65535,0,2,365589,472,0,1,0,30,0,14,1,1,pre_allocation
188,699,low_traffic,0,0,65535_65535,0,2,365589,488,1,1,1,31,488,14,1,1,allocated
188,699,low_traffic,0,0,65535_65535,0,2,365589,488,0,1,0,31,0,14,1,1,pre_allocation
188,699,low_traffic,0,0,65535_65535,0,2,365589,503,1,1,1,32,503,14,1,1,allocated
188,699,low_traffic,0,0,65535_65535,0,2,365589,503,0,1,0,32,0,14,1,1,pre_allocation
188,699,low_traffic,0,0,65535_65535,0,2,365589,519,1,1,1,33,519,14,1,1,allocated
188,699,low_traffic,0,0,65535_65535,0,2,365589,519,0,1,0,33,0,14,1,1,pre_allocation
188,699,low_traffic,0,0,65535_65535,0,2,365589,535,1,1,1,34,535,14,1,1,allocated
188,699,low_traffic,0,0,65535_65535,0,2,365589,535,0,1,0,34,0,14,1,1,pre_allocation
188,699,low_traffic,0,0,65535_65535,0,2,365589,551,1,1,1,35,551,14,1,1,allocated
188,699,low_traffic,0,0,65535_65535,0,2,365589,551,0,1,0,35,0,14,1,1,pre_allocation
188,699,low_traffic,0,0,65535_65535,0,2,365589,567,1,1,1,36,567,14,1,1,allocated
188,699,low_traffic,0,0,65535_65535,0,2,365589,567,0,1,0,36,0,14,1,1,pre_allocation
188,699,low_traffic,0,0,65535_65535,0,2,365589,583,1,1,1,37,583,14,1,1,allocated
188,699,low_traffic,0,0,65535_65535,0,2,365589,583,0,1,0,37,0,14,1,1,pre_allocation
188,699,low_traffic,0,0,65535_65535,0,2,365589,598,1,1,1,38,598,14,1,1,allocated
188,699,low_traffic,0,0,65535_65535,0,2,365589,598,0,1,0,38,0,14,1,1,pre_allocation
188,699,low_traffic,0,0,65535_65535,0,2,365589,614,1,1,1,39,614,14,1,1,allocated
188,699,low_traffic,0,0,65535_65535,0,2,365589,614,0,1,0,39,0,14,1,1,pre_allocation
188,699,low_traffic,0,0,65535_65535,0,2,365589,630,1,1,1,40,630,14,1,1,allocated
188,699,low_traffic,0,0,65535_65535,0,2,365589,630,0,1,0,40,0,14,1,1,pre_allocation
188,699,low_traffic,0,0,65535_65535,0,2,365589,646,1,1,1,41,646,14,1,1,allocated
188,699,low_traffic,0,0,65535_65535,0,2,365589,646,0,1,0,41,0,14,1,1,pre_allocation
188,699,low_traffic,0,0,65535_65535,0,2,365589,662,1,1,1,42,662,14,1,1,allocated
188,699,low_traffic,0,0,65535_65535,0,2,365589,662,0,1,0,42,0,14,1,1,pre_allocation
188,699,low_traffic,0,0,65535_65535,0,2,365589,678,1,1,1,43,678,14,1,1,allocated
188,699,low_traffic,0,0,65535_65535,0,2,365589,678,0,1,0,43,0,14,1,1,pre_allocation
188,699,low_traffic,0,0,65535_65535,0,2,365589,693,1,1,1,44,693,14,1,1,allocated
188,699,low_traffic,0,0,65535_65535,0,2,365589,693,0,1,0,44,0,14,1,1,pre_allocation
188,699,low_traffic,0,0,65535_65535,0,2,365589,709,1,1,1,45,709,14,1,1,allocated
188,699,low_traffic,0,0,65535_65535,0,2,365589,709,0,1,0,45,0,14,1,1,pre_allocation
188,699,low_traffic,0,0,65535_65535,0,2,365589,725,1,1,1,46,725,14,1,1,allocated
188,699,low_traffic,0,0,65535_65535,0,2,365589,725,0,1,0,46,0,14,1,1,pre_allocation
188,699,low_traffic,0,0,65535_65535,0,2,365589,741,1,1,1,47,741,14,1,1,allocated
188,699,low_traffic,0,0,65535_65535,0,2,365589,741,0,1,0,47,0,14,1,1,pre_allocation
188,699,low_traffic,0,0,65535_65535,0,2,365589,757,1,1,1,48,757,14,1,1,allocated
188,699,low_traffic,0,0,65535_65535,0,2,365589,757,0,1,0,48,0,14,1,1,pre_allocation
188,699,low_traffic,0,0,65535_65535,0,2,365589,773,1,1,1,49,773,14,1,1,allocated
188,699,low_traffic,0,0,65535_65535,0,2,365589,773,0,1,0,49,0,14,1,1,pre_allocation
188,699,low_traffic,0,0,65535_65535,0,2,365589,789,1,1,1,50,789,14,1,1,allocated
188,699,low_traffic,0,0,65535_65535,0,2,365589,789,0,1,0,50,0,14,1,1,pre_allocation
188,699,low_traffic,0,0,65535_65535,0,2,365589,804,1,1,1,51,804,14,1,1,allocated
188,699,low_traffic,0,0,65535_65535,0,2,365589,804,0,1,0,51,0,14,1,1,pre_allocation
188,699,low_traffic,0,0,65535_65535,0,2,365589,820,1,1,1,52,820,14,1,1,allocated
188,699,low_traffic,0,0,65535_65535,0,2,365589,820,0,1,0,52,0,14,1,1,pre_allocation
188,699,low_traffic,0,0,65535_65535,0,2,365589,836,1,1,1,53,836,14,1,1,allocated
188,699,low_traffic,0,0,65535_65535,0,2,365589,836,0,1,0,53,0,14,1,1,pre_allocation
188,699,low_traffic,0,0,65535_65535,0,2,365589,852,1,1,1,54,852,14,1,1,allocated
188,699,low_traffic,0,0,65535_65535,0,2,365589,852,0,1,0,54,0,14,1,1,pre_allocation
188,699,low_traffic,0,0,65535_65535,0,2,365589,868,1,1,1,55,868,14,1,1,allocated
188,699,low_traffic,0,0,65535_65535,0,2,365589,868,0,1,0,55,0,14,1,1,pre_allocation
188,699,low_traffic,0,0,65535_65535,0,2,365589,884,1,1,1,56,884,14,1,1,allocated
188,699,low_traffic,0,0,65535_65535,0,2,365589,884,0,1,0,56,0,14,1,1,pre_allocation
188,699,low_traffic,0,0,65535_65535,0,2,365589,899,1,1,1,57,899,14,1,1,allocated
188,699,low_traffic,0,0,65535_65535,0,2,365589,899,0,1,0,57,0,14,1,1,pre_allocation
188,699,low_traffic,0,0,65535_65535,0,2,365589,915,1,1,1,58,915,14,1,1,allocated
188,699,low_traffic,0,0,65535_65535,0,2,365589,915,0,1,0,58,0,14,1,1,pre_allocation
188,699,low_traffic,0,0,65535_65535,0,2,365589,931,1,1,1,59,931,14,1,1,allocated
188,699,low_traffic,0,0,65535_65535,0,2,365589,931,0,1,0,59,0,14,1,1,pre_allocation
188,699,low_traffic,0,0,65535_65535,0,2,365589,947,1,1,1,60,947,14,1,1,allocated
188,699,low_traffic,0,0,65535_65535,0,2,365589,947,0,1,0,60,0,14,1,1,pre_allocation
188,699,low_traffic,0,0,65535_65535,0,2,365589,963,1,1,1,61,963,14,1,1,allocated
188,699,low_traffic,0,0,65535_65535,0,2,365589,963,0,1,0,61,0,14,1,1,pre_allocation
188,699,low_traffic,0,0,65535_65535,0,2,365589,979,1,1,1,62,979,14,1,1,allocated
188,699,low_traffic,0,0,65535_65535,0,2,365589,979,0,1,0,62,0,14,1,1,pre_allocation
188,699,low_traffic,0,0,65535_65535,0,2,365589,994,1,1,1,63,994,14,1,1,allocated
188,699,low_traffic,0,0,65535_65535,0,2,365589,994,0,1,0,63,0,14,1,1,pre_allocation
188,699,low_traffic,0,0,65535_65535,0,2,365589,1010,1,1,1,64,1010,14,1,1,allocated
188,699,low_traffic,0,0,65535_65535,0,2,365589,1010,0,1,0,64,0,14,1,1,pre_allocation
188,699,low_traffic,0,0,65535_65535,0,2,365589,1026,1,1,1,65,1026,14,1,1,allocated
188,699,low_traffic,0,0,65535_65535,0,2,365589,1026,0,1,0,65,0,14,1,1,pre_allocation
188,699,low_traffic,0,0,65535_65535,0,2,365589,1042,1,1,1,66,1042,14,1,1,allocated
188,699,low_traffic,0,0,65535_65535,0,2,365589,1042,0,1,0,66,0,14,1,1,pre_allocation
188,699,low_traffic,0,0,65535_65535,0,2,365589,1058,1,1,1,67,1058,14,1,1,allocated
188,699,low_traffic,0,0,65535_65535,0,2,365589,1058,0,1,0,67,0,14,1,1,pre_allocation
188,699,low_traffic,0,0,65535_65535,0,2,365589,1074,1,1,1,68,1074,14,1,1,allocated
188,699,low_traffic,0,0,65535_65535,0,2,365589,1074,0,1,0,68,0,14,1,1,pre_allocation
188,699,low_traffic,0,0,65535_65535,0,2,365589,1089,1,1,1,69,1089,14,1,1,allocated
188,699,low_traffic,0,0,65535_65535,0,2,365589,1089,0,1,0,69,0,14,1,1,pre_allocation
188,699,low_traffic,0,0,65535_65535,0,2,365589,1105,1,1,1,70,1105,14,1,1,allocated
188,699,low_traffic,0,0,65535_65535,0,2,365589,1105,0,1,0,70,0,14,1,1,pre_allocation
188,699,low_traffic,0,0,65535_65535,0,2,365589,1121,1,1,1,71,1121,14,1,1,allocated
188,699,low_traffic,0,0,65535_65535,0,2,365589,1121,0,1,0,71,0,14,1,1,pre_allocation
188,699,low_traffic,0,0,65535_65535,0,2,365589,1137,1,1,1,72,1137,14,1,1,allocated
188,699,low_traffic,0,0,65535_65535,0,2,365589,1137,0,1,0,72,0,14,1,1,pre_allocation
188,699,low_traffic,0,0,65535_65535,0,2,365589,1153,1,1,1,73,1153,14,1,1,allocated
188,699,low_traffic,0,0,65535_65535,0,2,365589,1153,0,1,0,73,0,14,1,1,pre_allocation
188,699,low_traffic,0,0,65535_65535,0,2,365589,1169,1,1,1,74,1169,14,1,1,allocated
188,699,low_traffic,0,0,65535_65535,0,2,365589,1169,0,1,0,74,0,14,1,1,pre_allocation
188,699,low_traffic,0,0,65535_65535,0,2,365589,1185,1,1,1,75,1185,14,1,1,allocated
188,699,low_traffic,0,0,65535_65535,0,2,365589,1185,0,1,0,75,0,14,1,1,pre_allocation
188,699,low_traffic,0,0,65535_65535,0,2,365589,1200,1,1,1,76,1200,14,1,1,allocated
188,699,low_traffic,0,0,65535_65535,0,2,365589,1200,0,1,0,76,0,14,1,1,pre_allocation
188,699,low_traffic,0,0,65535_65535,0,2,365589,1216,1,1,1,77,1216,14,1,1,allocated
188,699,low_traffic,0,0,65535_65535,0,2,365589,1216,0,1,0,77,0,14,1,1,pre_allocation
188,699,low_traffic,0,0,65535_65535,0,2,365589,1232,1,1,1,78,1232,14,1,1,allocated
188,699,low_traffic,0,0,65535_65535,0,2,365589,1232,0,1,0,78,0,14,1,1,pre_allocation
188,699,low_traffic,0,0,65535_65535,0,2,365589,1248,1,1,1,79,1248,14,1,1,allocated
188,699,low_traffic,0,0,65535_65535,0,2,365589,1248,0,1,0,79,0,14,1,1,pre_allocation
188,699,low_traffic,0,0,65535_65535,0,2,365589,1264,1,1,1,80,1264,14,1,1,allocated
188,699,low_traffic,0,0,65535_65535,0,2,365589,1264,0,1,0,80,0,14,1,1,pre_allocation
188,699,low_traffic,0,0,65535_65535,0,2,365589,1280,1,1,1,81,1280,14,1,1,allocated
188,699,low_traffic,0,0,65535_65535,0,2,365589,1280,0,1,0,81,0,14,1,1,pre_allocation
188,699,low_traffic,0,0,65535_65535,0,2,365589,1295,1,1,1,82,1295,14,1,1,allocated
188,699,low_traffic,0,0,65535_65535,0,2,365589,1295,0,1,0,82,0,14,1,1,pre_allocation
188,699,low_traffic,0,0,65535_65535,0,2,365589,1311,1,1,1,83,1311,14,1,1,allocated
188,699,low_traffic,0,0,65535_65535,0,2,365589,1311,0,1,0,83,0,14,1,1,pre_allocation
188,699,low_traffic,0,0,65535_65535,0,2,365589,1327,1,1,1,84,1327,14,1,1,allocated
188,699,low_traffic,0,0,65535_65535,0,2,365589,1327,0,1,0,84,0,14,1,1,pre_allocation
188,699,low_traffic,0,0,65535_65535,0,2,365589,1343,1,1,1,85,1343,14,1,1,allocated
188,699,low_traffic,0,0,65535_65535,0,2,365589,1343,0,1,0,85,0,14,1,1,pre_allocation
188,699,low_traffic,0,0,65535_65535,0,2,365589,1359,1,1,1,86,1359,14,1,1,allocated
188,699,low_traffic,0,0,65535_65535,0,2,365589,1359,0,1,0,86,0,14,1,1,pre_allocation
188,699,low_traffic,0,0,65535_65535,0,2,365589,1375,1,1,1,87,1375,14,1,1,allocated
188,699,low_traffic,0,0,65535_65535,0,2,365589,1375,0,1,0,87,0,14,1,1,pre_allocation
188,699,low_traffic,0,0,65535_65535,0,2,365589,1390,1,1,1,88,1390,14,1,1,allocated
188,699,low_traffic,0,0,65535_65535,0,2,365589,1390,0,1,0,88,0,14,1,1,pre_allocation
188,699,low_traffic,0,0,65535_65535,0,2,365589,1406,1,1,1,89,1406,14,1,1,allocated
188,699,low_traffic,0,0,65535_65535,0,2,365589,1406,0,1,0,89,0,14,1,1,pre_allocation
188,699,low_traffic,0,0,65535_65535,0,2,365589,1422,1,1,1,90,1422,14,1,1,allocated
188,699,low_traffic,0,0,65535_65535,0,2,365589,1422,0,1,0,90,0,14,1,1,pre_allocation
188,699,low_traffic,0,0,65535_65535,0,2,365589,1438,1,1,1,91,1438,14,1,1,allocated
188,699,low_traffic,0,0,65535_65535,0,2,365589,1438,0,1,0,91,0,14,1,1,pre_allocation
188,699,low_traffic,0,0,65535_65535,0,2,365589,1454,1,1,1,92,1454,14,1,1,allocated
188,699,low_traffic,0,0,65535_65535,0,2,365589,1454,0,1,0,92,0,14,1,1,pre_allocation
188,699,low_traffic,0,0,65535_65535,0,2,365589,1470,1,1,1,93,1470,14,1,1,allocated
188,699,low_traffic,0,0,65535_65535,0,2,365589,1470,0,1,0,93,0,14,1,1,pre_allocation
188,699,low_traffic,0,0,65535_65535,0,2,365589,1485,1,1,1,94,1485,14,1,1,allocated
188,699,low_traffic,0,0,65535_65535,0,2,365589,1485,0,1,0,94,0,14,1,1,pre_allocation
188,699,low_traffic,0,0,65535_65535,0,2,365589,1501,1,1,1,95,1501,14,1,1,allocated
188,699,low_traffic,0,0,65535_65535,1,4,251,0,0,1,0,0,0,15,1,1,pre_allocation
188,699,low_traffic,0,0,65535_65535,1,4,251,14,1,1,1,1,14,15,1,1,allocated
188,699,low_traffic,0,0,65535_65535,1,3,251,0,0,1,0,0,0,14,1,1,pre_allocation
188,699,low_traffic,0,0,65535_65535,1,3,251,12,1,1,1,1,12,14,1,1,allocated
188,699,low_traffic,0,0,65535_65535,1,4,251,14,0,1,0,1,0,15,1,1,pre_allocation
188,699,low_traffic,0,0,65535_65535,1,4,251,32,1,1,1,2,32,15,1,1,allocated
188,699,low_traffic,0,0,65535_65535,1,3,251,12,0,1,0,1,0,14,1,1,pre_allocation
188,699,low_traffic,0,0,65535_65535,1,3,251,28,1,1,1,2,28,14,1,1,allocated
188,699,low_traffic,0,0,65535_65535,1,4,251,32,0,1,0,2,0,15,1,1,pre_allocation
188,699,low_traffic,0,0,65535_65535,1,4,251,50,1,1,1,3,50,15,1,1,allocated
188,699,low_traffic,0,0,65535_65535,1,3,251,28,0,1,0,2,0,14,1,1,pre_allocation
188,699,low_traffic,0,0,65535_65535,1,3,251,44,1,1,1,3,44,14,1,1,allocated
188,699,low_traffic,0,0,65535_65535,1,4,251,50,0,1,0,3,0,15,1,1,pre_allocation
188,699,low_traffic,0,0,65535_65535,1,4,251,68,1,1,1,4,68,15,1,1,allocated
188,699,low_traffic,0,0,65535_65535,1,3,251,44,0,1,0,3,0,14,1,1,pre_allocation
188,699,low_traffic,0,0,65535_65535,1,3,251,60,1,1,1,4,60,14,1,1,allocated
188,699,low_traffic,0,0,65535_65535,1,4,251,68,0,1,0,4,0,15,1,1,pre_allocation
188,699,low_traffic,0,0,65535_65535,1,4,251,86,1,1,1,5,86,15,1,1,allocated
188,699,low_traffic,0,0,65535_65535,1,3,251,60,0,1,0,4,0,14,1,1,pre_allocation
188,699,low_traffic,0,0,65535_65535,1,3,251,76,1,1,1,5,76,14,1,1,allocated
188,699,low_traffic,0,0,65535_65535,1,4,251,86,0,1,0,5,0,15,1,1,pre_allocation
188,699,low_traffic,0,0,65535_65535,1,4,251,103,1,1,1,6,103,15,1,1,allocated
188,699,low_traffic,0,0,65535_65535,1,3,251,76,0,1,0,5,0,14,1,1,pre_allocation
188,699,low_traffic,0,0,65535_65535,1,3,251,92,1,1,1,6,92,14,1,1,allocated
188,699,low_traffic,0,0,65535_65535,1,4,251,103,0,1,0,6,0,15,1,1,pre_allocation
188,699,low_traffic,0,0,65535_65535,1,4,251,121,1,1,1,7,121,15,1,1,allocated
188,699,low_traffic,0,0,65535_65535,1,3,251,92,0,1,0,6,0,14,1,1,pre_allocation
188,699,low_traffic,0,0,65535_65535,1,3,251,107,1,1,1,7,107,14,1,1,allocated
188,699,low_traffic,0,0,65535_65535,1,4,251,121,0,1,0,7,0,15,1,1,pre_allocation
188,699,low_traffic,0,0,65535_65535,1,4,251,139,1,1,1,8,139,15,1,1,allocated
188,699,low_traffic,0,0,65535_65535,1,3,251,107,0,1,0,7,0,14,1,1,pre_allocation
188,699,low_traffic,0,0,65535_65535,1,3,251,123,1,1,1,8,123,14,1,1,allocated
188,699,low_traffic,0,0,65535_65535,1,4,251,139,0,1,0,8,0,15,1,1,pre_allocation
188,699,low_traffic,0,0,65535_65535,1,4,251,157,1,1,1,9,157,15,1,1,allocated
188,699,low_traffic,0,0,65535_65535,1,3,251,123,0,1,0,8,0,14,1,1,pre_allocation
188,699,low_traffic,0,0,65535_65535,1,3,251,139,1,1,1,9,139,14,1,1,allocated
188,699,low_traffic,0,0,65535_65535,1,4,251,157,0,1,0,9,0,15,1,1,pre_allocation
188,699,low_traffic,0,0,65535_65535,1,4,251,175,1,1,1,10,175,15,1,1,allocated
188,699,low_traffic,0,0,65535_65535,1,3,251,139,0,1,0,9,0,14,1,1,pre_allocation
188,699,low_traffic,0,0,65535_65535,1,3,251,155,1,1,1,10,155,14,1,1,allocated
188,699,low_traffic,0,0,65535_65535,1,4,251,175,0,1,0,10,0,15,1,1,pre_allocation
188,699,low_traffic,0,0,65535_65535,1,4,251,193,1,1,1,11,193,15,1,1,allocated
188,699,low_traffic,0,0,65535_65535,1,3,251,155,0,1,0,10,0,14,1,1,pre_allocation
188,699,low_traffic,0,0,65535_65535,1,3,251,171,1,1,1,11,171,14,1,1,allocated
188,699,low_traffic,0,0,65535_65535,1,4,251,193,0,1,0,11,0,15,1,1,pre_allocation
188,699,low_traffic,0,0,65535_65535,1,4,251,210,1,1,1,12,210,15,1,1,allocated
188,699,low_traffic,0,0,65535_65535,1,3,251,171,0,1,0,11,0,14,1,1,pre_allocation
188,699,low_traffic,0,0,65535_65535,1,3,251,187,1,1,1,12,187,14,1,1,allocated
188,699,low_traffic,0,0,65535_65535,1,4,251,210,0,1,0,12,0,15,1,1,pre_allocation
188,699,low_traffic,0,0,65535_65535,1,4,251,228,1,1,1,13,228,15,1,1,allocated
188,699,low_traffic,0,0,65535_65535,1,3,251,187,0,1,0,12,0,14,1,1,pre_allocation
188,699,low_traffic,0,0,65535_65535,1,3,251,202,1,1,1,13,202,14,1,1,allocated
188,699,low_traffic,0,0,65535_65535,1,4,251,228,0,1,0,13,0,15,1,1,pre_allocation
188,699,low_traffic,0,0,65535_65535,1,4,251,246,1,1,1,14,246,15,1,1,allocated
188,699,low_traffic,0,0,65535_65535,1,3,251,202,0,1,0,13,0,14,1,1,pre_allocation
188,699,low_traffic,0,0,65535_65535,1,3,251,218,1,1,1,14,218,14,1,1,allocated
188,699,low_traffic,0,0,65535_65535,1,4,251,246,0,1,0,14,0,15,1,1,pre_allocation
188,699,low_traffic,0,0,65535_65535,1,4,251,264,1,1,1,15,264,15,1,1,allocated
188,699,low_traffic,0,0,65535_65535,1,3,251,218,0,1,0,14,0,14,1,1,pre_allocation
188,699,low_traffic,0,0,65535_65535,1,3,251,234,1,1,1,15,234,14,1,1,allocated
188,699,low_traffic,0,0,65535_65535,1,4,251,264,0,1,0,15,0,15,1,1,pre_allocation
188,699,low_traffic,0,0,65535_65535,1,4,251,282,1,1,1,16,282,15,1,1,allocated
188,699,low_traffic,0,0,65535_65535,1,3,251,234,0,1,0,15,0,14,1,1,pre_allocation
188,699,low_traffic,0,0,65535_65535,1,3,251,250,1,1,1,16,250,14,1,1,allocated
188,699,low_traffic,0,0,65535_65535,1,4,251,282,0,1,0,16,0,15,1,1,pre_allocation
188,699,low_traffic,0,0,65535_65535,1,4,251,299,1,1,1,17,299,15,1,1,allocated
188,699,low_traffic,0,0,65535_65535,1,3,251,250,0,1,0,16,0,14,1,1,pre_allocation
188,699,low_traffic,0,0,65535_65535,1,3,251,266,1,1,1,17,266,14,1,1,allocated
188,699,low_traffic,0,0,65535_65535,1,4,251,299,0,1,0,17,0,15,1,1,pre_allocation
188,699,low_traffic,0,0,65535_65535,1,4,251,317,1,1,1,18,317,15,1,1,allocated
188,699,low_traffic,0,0,65535_65535,1,3,251,266,0,1,0,17,0,14,1,1,pre_allocation
188,699,low_traffic,0,0,65535_65535,1,3,251,282,1,1,1,18,282,14,1,1,allocated
188,699,low_traffic,0,0,65535_65535,1,4,251,317,0,1,0,18,0,15,1,1,pre_allocation
188,699,low_traffic,0,0,65535_65535,1,4,251,335,1,1,1,19,335,15,1,1,allocated
188,699,low_traffic,0,0,65535_65535,1,3,251,282,0,1,0,18,0,14,1,1,pre_allocation
188,699,low_traffic,0,0,65535_65535,1,3,251,297,1,1,1,19,297,14,1,1,allocated
188,699,low_traffic,0,0,65535_65535,1,4,251,335,0,1,0,19,0,15,1,1,pre_allocation
188,699,low_traffic,0,0,65535_65535,1,4,251,353,1,1,1,20,353,15,1,1,allocated
188,699,low_traffic,0,0,65535_65535,1,3,251,297,0,1,0,19,0,14,1,1,pre_allocation
188,699,low_traffic,0,0,65535_65535,1,3,251,313,1,1,1,20,313,14,1,1,allocated
188,699,low_traffic,0,0,65535_65535,1,4,251,353,0,1,0,20,0,15,1,1,pre_allocation
188,699,low_traffic,0,0,65535_65535,1,4,251,371,1,1,1,21,371,15,1,1,allocated
188,699,low_traffic,0,0,65535_65535,1,3,251,313,0,1,0,20,0,14,1,1,pre_allocation
188,699,low_traffic,0,0,65535_65535,1,3,251,329,1,1,1,21,329,14,1,1,allocated
188,699,low_traffic,0,0,65535_65535,1,4,251,371,0,1,0,21,0,15,1,1,pre_allocation
188,699,low_traffic,0,0,65535_65535,1,4,251,389,1,1,1,22,389,15,1,1,allocated
188,699,low_traffic,0,0,65535_65535,1,3,251,329,0,1,0,21,0,14,1,1,pre_allocation
188,699,low_traffic,0,0,65535_65535,1,3,251,345,1,1,1,22,345,14,1,1,allocated
188,699,low_traffic,0,0,65535_65535,1,4,251,389,0,1,0,22,0,15,1,1,pre_allocation
188,699,low_traffic,0,0,65535_65535,1,4,251,406,1,1,1,23,406,15,1,1,allocated
188,699,low_traffic,0,0,65535_65535,1,3,251,345,0,1,0,22,0,14,1,1,pre_allocation
188,699,low_traffic,0,0,65535_65535,1,3,251,361,1,1,1,23,361,14,1,1,allocated
188,699,low_traffic,0,0,65535_65535,1,4,251,406,0,1,0,23,0,15,1,1,pre_allocation
188,699,low_traffic,0,0,65535_65535,1,4,251,424,1,1,1,24,424,15,1,1,allocated
188,699,low_traffic,0,0,65535_65535,1,3,251,361,0,1,0,23,0,14,1,1,pre_allocation
188,699,low_traffic,0,0,65535_65535,1,3,251,377,1,1,1,24,377,14,1,1,allocated
188,699,low_traffic,0,0,65535_65535,1,4,251,424,0,1,0,24,0,15,1,1,pre_allocation
188,699,low_traffic,0,0,65535_65535,1,4,251,442,1,1,1,25,442,15,1,1,allocated
188,699,low_traffic,0,0,65535_65535,1,3,251,377,0,1,0,24,0,14,1,1,pre_allocation
188,699,low_traffic,0,0,65535_65535,1,3,251,393,1,1,1,25,393,14,1,1,allocated
188,699,low_traffic,0,0,65535_65535,1,4,251,442,0,1,0,25,0,15,1,1,pre_allocation
188,699,low_traffic,0,0,65535_65535,1,4,251,460,1,1,1,26,460,15,1,1,allocated
188,699,low_traffic,0,0,65535_65535,1,3,251,393,0,1,0,25,0,14,1,1,pre_allocation
188,699,low_traffic,0,0,65535_65535,1,3,251,408,1,1,1,26,408,14,1,1,allocated
188,699,low_traffic,0,0,65535_65535,1,4,251,460,0,1,0,26,0,15,1,1,pre_allocation
188,699,low_traffic,0,0,65535_65535,1,4,251,478,1,1,1,27,478,15,1,1,allocated
188,699,low_traffic,0,0,65535_65535,1,3,251,408,0,1,0,26,0,14,1,1,pre_allocation
188,699,low_traffic,0,0,65535_65535,1,3,251,424,1,1,1,27,424,14,1,1,allocated
188,699,low_traffic,0,0,65535_65535,1,4,251,478,0,1,0,27,0,15,1,1,pre_allocation
188,699,low_traffic,0,0,65535_65535,1,4,251,495,1,1,1,28,495,15,1,1,allocated
188,699,low_traffic,0,0,65535_65535,1,3,251,424,0,1,0,27,0,14,1,1,pre_allocation
188,699,low_traffic,0,0,65535_65535,1,3,251,440,1,1,1,28,440,14,1,1,allocated
188,699,low_traffic,0,0,65535_65535,1,4,251,495,0,1,0,28,0,15,1,1,pre_allocation
188,699,low_traffic,0,0,65535_65535,1,4,251,513,1,1,1,29,513,15,1,1,allocated
188,699,low_traffic,0,0,65535_65535,1,3,251,440,0,1,0,28,0,14,1,1,pre_allocation
188,699,low_traffic,0,0,65535_65535,1,3,251,456,1,1,1,29,456,14,1,1,allocated
188,699,low_traffic,0,0,65535_65535,1,4,251,513,0,1,0,29,0,15,1,1,pre_allocation
188,699,low_traffic,0,0,65535_65535,1,4,251,531,1,1,1,30,531,15,1,1,allocated
188,699,low_traffic,0,0,65535_65535,1,3,251,456,0,1,0,29,0,14,1,1,pre_allocation
188,699,low_traffic,0,0,65535_65535,1,3,251,472,1,1,1,30,472,14,1,1,allocated
188,699,low_traffic,0,0,65535_65535,1,4,251,531,0,1,0,30,0,15,1,1,pre_allocation
188,699,low_traffic,0,0,65535_65535,1,4,251,549,1,1,1,31,549,15,1,1,allocated
188,699,low_traffic,0,0,65535_65535,1,3,251,472,0,1,0,30,0,14,1,1,pre_allocation
188,699,low_traffic,0,0,65535_65535,1,3,251,488,1,1,1,31,488,14,1,1,allocated
188,699,low_traffic,0,0,65535_65535,1,4,251,549,0,1,0,31,0,15,1,1,pre_allocation
188,699,low_traffic,0,0,65535_65535,1,4,251,567,1,1,1,32,567,15,1,1,allocated
188,699,low_traffic,0,0,65535_65535,1,3,251,488,0,1,0,31,0,14,1,1,pre_allocation
188,699,low_traffic,0,0,65535_65535,1,3,251,503,1,1,1,32,503,14,1,1,allocated
188,699,low_traffic,0,0,65535_65535,1,4,251,567,0,1,0,32,0,15,1,1,pre_allocation
188,699,low_traffic,0,0,65535_65535,1,4,251,585,1,1,1,33,585,15,1,1,allocated
188,699,low_traffic,0,0,65535_65535,1,3,251,503,0,1,0,32,0,14,1,1,pre_allocation
188,699,low_traffic,0,0,65535_65535,1,3,251,519,1,1,1,33,519,14,1,1,allocated
188,699,low_traffic,0,0,65535_65535,1,4,251,585,0,1,0,33,0,15,1,1,pre_allocation
188,699,low_traffic,0,0,65535_65535,1,4,251,602,1,1,1,34,602,15,1,1,allocated
188,699,low_traffic,0,0,65535_65535,1,3,251,519,0,1,0,33,0,14,1,1,pre_allocation
188,699,low_traffic,0,0,65535_65535,1,3,251,535,1,1,1,34,535,14,1,1,allocated
188,699,low_traffic,0,0,65535_65535,1,4,251,602,0,1,0,34,0,15,1,1,pre_allocation
188,699,low_traffic,0,0,65535_65535,1,4,251,620,1,1,1,35,620,15,1,1,allocated
188,699,low_traffic,0,0,65535_65535,1,3,251,535,0,1,0,34,0,14,1,1,pre_allocation
188,699,low_traffic,0,0,65535_65535,1,3,251,551,1,1,1,35,551,14,1,1,allocated
188,699,low_traffic,0,0,65535_65535,1,4,251,620,0,1,0,35,0,15,1,1,pre_allocation
188,699,low_traffic,0,0,65535_65535,1,4,251,638,1,1,1,36,638,15,1,1,allocated
188,699,low_traffic,0,0,65535_65535,1,3,251,551,0,1,0,35,0,14,1,1,pre_allocation
188,699,low_traffic,0,0,65535_65535,1,3,251,567,1,1,1,36,567,14,1,1,allocated
188,699,low_traffic,0,0,65535_65535,1,4,251,638,0,1,0,36,0,15,1,1,pre_allocation
188,699,low_traffic,0,0,65535_65535,1,4,251,656,1,1,1,37,656,15,1,1,allocated
188,699,low_traffic,0,0,65535_65535,1,3,251,567,0,1,0,36,0,14,1,1,pre_allocation
188,699,low_traffic,0,0,65535_65535,1,3,251,583,1,1,1,37,583,14,1,1,allocated
188,699,low_traffic,0,0,65535_65535,1,4,251,656,0,1,0,37,0,15,1,1,pre_allocation
188,699,low_traffic,0,0,65535_65535,1,4,251,674,1,1,1,38,674,15,1,1,allocated
188,699,low_traffic,0,0,65535_65535,1,3,251,583,0,1,0,37,0,14,1,1,pre_allocation
188,699,low_traffic,0,0,65535_65535,1,3,251,598,1,1,1,38,598,14,1,1,allocated
188,699,low_traffic,0,0,65535_65535,1,4,251,674,0,1,0,38,0,15,1,1,pre_allocation
188,699,low_traffic,0,0,65535_65535,1,4,251,691,1,1,1,39,691,15,1,1,allocated
188,699,low_traffic,0,0,65535_65535,1,3,251,598,0,1,0,38,0,14,1,1,pre_allocation
188,699,low_traffic,0,0,65535_65535,1,3,251,614,1,1,1,39,614,14,1,1,allocated
188,699,low_traffic,0,0,65535_65535,1,4,251,691,0,1,0,39,0,15,1,1,pre_allocation
188,699,low_traffic,0,0,65535_65535,1,4,251,709,1,1,1,40,709,15,1,1,allocated
188,699,low_traffic,0,0,65535_65535,1,3,251,614,0,1,0,39,0,14,1,1,pre_allocation
188,699,low_traffic,0,0,65535_65535,1,3,251,630,1,1,1,40,630,14,1,1,allocated
188,699,low_traffic,0,0,65535_65535,1,4,251,709,0,1,0,40,0,15,1,1,pre_allocation
188,699,low_traffic,0,0,65535_65535,1,4,251,727,1,1,1,41,727,15,1,1,allocated
188,699,low_traffic,0,0,65535_65535,1,3,251,630,0,1,0,40,0,14,1,1,pre_allocation
188,699,low_traffic,0,0,65535_65535,1,3,251,646,1,1,1,41,646,14,1,1,allocated
188,699,low_traffic,0,0,65535_65535,1,4,251,727,0,1,0,41,0,15,1,1,pre_allocation
188,699,low_traffic,0,0,65535_65535,1,4,251,745,1,1,1,42,745,15,1,1,allocated
188,699,low_traffic,0,0,65535_65535,1,3,251,646,0,1,0,41,0,14,1,1,pre_allocation
188,699,low_traffic,0,0,65535_65535,1,3,251,662,1,1,1,42,662,14,1,1,allocated
188,699,low_traffic,0,0,65535_65535,1,4,251,745,0,1,0,42,0,15,1,1,pre_allocation
188,699,low_traffic,0,0,65535_65535,1,4,251,763,1,1,1,43,763,15,1,1,allocated
188,699,low_traffic,0,0,65535_65535,1,3,251,662,0,1,0,42,0,14,1,1,pre_allocation
188,699,low_traffic,0,0,65535_65535,1,3,251,678,1,1,1,43,678,14,1,1,allocated
188,699,low_traffic,0,0,65535_65535,1,4,251,763,0,1,0,43,0,15,1,1,pre_allocation
188,699,low_traffic,0,0,65535_65535,1,4,251,781,1,1,1,44,781,15,1,1,allocated
188,699,low_traffic,0,0,65535_65535,1,3,251,678,0,1,0,43,0,14,1,1,pre_allocation
188,699,low_traffic,0,0,65535_65535,1,3,251,693,1,1,1,44,693,14,1,1,allocated
188,699,low_traffic,0,0,65535_65535,1,4,251,781,0,1,0,44,0,15,1,1,pre_allocation
188,699,low_traffic,0,0,65535_65535,1,4,251,798,1,1,1,45,798,15,1,1,allocated
188,699,low_traffic,0,0,65535_65535,1,3,251,693,0,1,0,44,0,14,1,1,pre_allocation
188,699,low_traffic,0,0,65535_65535,1,3,251,709,1,1,1,45,709,14,1,1,allocated
188,699,low_traffic,0,0,65535_65535,1,4,251,798,0,1,0,45,0,15,1,1,pre_allocation
188,699,low_traffic,0,0,65535_65535,1,4,251,816,1,1,1,46,816,15,1,1,allocated
188,699,low_traffic,0,0,65535_65535,1,3,251,709,0,1,0,45,0,14,1,1,pre_allocation
188,699,low_traffic,0,0,65535_65535,1,3,251,725,1,1,1,46,725,14,1,1,allocated
188,699,low_traffic,0,0,65535_65535,1,4,251,816,0,1,0,46,0,15,1,1,pre_allocation
188,699,low_traffic,0,0,65535_65535,1,4,251,834,1,1,1,47,834,15,1,1,allocated
188,699,low_traffic,0,0,65535_65535,1,3,251,725,0,1,0,46,0,14,1,1,pre_allocation
188,699,low_traffic,0,0,65535_65535,1,3,251,741,1,1,1,47,741,14,1,1,allocated
188,699,low_traffic,0,0,65535_65535,1,4,251,834,0,1,0,47,0,15,1,1,pre_allocation
188,699,low_traffic,0,0,65535_65535,1,4,251,852,1,1,1,48,852,15,1,1,allocated
188,699,low_traffic,0,0,65535_65535,1,3,251,741,0,1,0,47,0,14,1,1,pre_allocation
188,699,low_traffic,0,0,65535_65535,1,3,251,757,1,1,1,48,757,14,1,1,allocated
188,699,low_traffic,0,0,65535_65535,1,4,251,852,0,1,0,48,0,15,1,1,pre_allocation
188,699,low_traffic,0,0,65535_65535,1,4,251,870,1,1,1,49,870,15,1,1,allocated
188,699,low_traffic,0,0,65535_65535,1,3,251,757,0,1,0,48,0,14,1,1,pre_allocation
188,699,low_traffic,0,0,65535_65535,1,3,251,773,1,1,1,49,773,14,1,1,allocated
188,699,low_traffic,0,0,65535_65535,1,4,251,870,0,1,0,49,0,15,1,1,pre_allocation
188,699,low_traffic,0,0,65535_65535,1,4,251,888,1,1,1,50,888,15,1,1,allocated
188,699,low_traffic,0,0,65535_65535,1,3,251,773,0,1,0,49,0,14,1,1,pre_allocation
188,699,low_traffic,0,0,65535_65535,1,3,251,789,1,1,1,50,789,14,1,1,allocated
188,699,low_traffic,0,0,65535_65535,1,4,251,888,0,1,0,50,0,15,1,1,pre_allocation
188,699,low_traffic,0,0,65535_65535,1,4,251,905,1,1,1,51,905,15,1,1,allocated
188,699,low_traffic,0,0,65535_65535,1,3,251,789,0,1,0,50,0,14,1,1,pre_allocation
188,699,low_traffic,0,0,65535_65535,1,3,251,804,1,1,1,51,804,14,1,1,allocated
188,699,low_traffic,0,0,65535_65535,1,4,251,905,0,1,0,51,0,15,1,1,pre_allocation
188,699,low_traffic,0,0,65535_65535,1,4,251,923,1,1,1,52,923,15,1,1,allocated
188,699,low_traffic,0,0,65535_65535,1,3,251,804,0,1,0,51,0,14,1,1,pre_allocation
188,699,low_traffic,0,0,65535_65535,1,3,251,820,1,1,1,52,820,14,1,1,allocated
188,699,low_traffic,0,0,65535_65535,1,4,251,923,0,1,0,52,0,15,1,1,pre_allocation
188,699,low_traffic,0,0,65535_65535,1,4,251,941,1,1,1,53,941,15,1,1,allocated
188,699,low_traffic,0,0,65535_65535,1,3,251,820,0,1,0,52,0,14,1,1,pre_allocation
188,699,low_traffic,0,0,65535_65535,1,3,251,836,1,1,1,53,836,14,1,1,allocated
188,699,low_traffic,0,0,65535_65535,1,4,251,941,0,1,0,53,0,15,1,1,pre_allocation
188,699,low_traffic,0,0,65535_65535,1,4,251,959,1,1,1,54,959,15,1,1,allocated
188,699,low_traffic,0,0,65535_65535,1,3,251,836,0,1,0,53,0,14,1,1,pre_allocation
188,699,low_traffic,0,0,65535_65535,1,3,251,852,1,1,1,54,852,14,1,1,allocated
188,699,low_traffic,0,0,65535_65535,1,4,251,959,0,1,0,54,0,15,1,1,pre_allocation
188,699,low_traffic,0,0,65535_65535,1,4,251,977,1,1,1,55,977,15,1,1,allocated
188,699,low_traffic,0,0,65535_65535,1,3,251,852,0,1,0,54,0,14,1,1,pre_allocation
188,699,low_traffic,0,0,65535_65535,1,3,251,868,1,1,1,55,868,14,1,1,allocated
188,699,low_traffic,0,0,65535_65535,1,4,251,977,0,1,0,55,0,15,1,1,pre_allocation
188,699,low_traffic,0,0,65535_65535,1,4,251,994,1,1,1,56,994,15,1,1,allocated
188,699,low_traffic,0,0,65535_65535,2,8,137,0,0,1,0,0,0,28,1,1,pre_allocation
188,699,low_traffic,0,0,65535_65535,2,8,137,42,1,1,1,1,42,28,1,1,allocated
188,699,low_traffic,0,0,65535_65535,2,9,137,0,0,1,0,0,0,28,1,1,pre_allocation
188,699,low_traffic,0,0,65535_65535,2,9,137,42,1,1,1,1,42,28,1,1,allocated
188,699,low_traffic,0,0,65535_65535,2,6,137,0,0,1,0,0,0,28,1,1,pre_allocation
188,699,low_traffic,0,0,65535_65535,2,6,137,42,1,1,1,1,42,28,1,1,allocated
188,699,low_traffic,0,0,65535_65535,2,7,137,0,0,1,0,0,0,15,1,1,pre_allocation
188,699,low_traffic,0,0,65535_65535,2,7,137,14,1,1,1,1,14,15,1,1,allocated
188,699,low_traffic,0,0,65535_65535,2,8,137,42,0,1,0,1,0,28,1,1,pre_allocation
188,699,low_traffic,0,0,65535_65535,2,8,137,88,1,1,1,2,88,28,1,1,allocated
188,699,low_traffic,0,0,65535_65535,2,9,137,42,0,1,0,1,0,28,1,1,pre_allocation
188,699,low_traffic,0,0,65535_65535,2,9,137,88,1,1,1,2,88,28,1,1,allocated
188,699,low_traffic,0,0,65535_65535,2,6,137,42,0,1,0,1,0,28,1,1,pre_allocation
188,699,low_traffic,0,0,65535_65535,2,6,137,88,1,1,1,2,88,28,1,1,allocated
188,699,low_traffic,0,0,65535_65535,2,7,137,14,0,1,0,1,0,15,1,1,pre_allocation
188,699,low_traffic,0,0,65535_65535,2,7,137,32,1,1,1,2,32,15,1,1,allocated
188,699,low_traffic,0,0,65535_65535,2,8,137,88,0,1,0,2,0,28,1,1,pre_allocation
188,699,low_traffic,0,0,65535_65535,2,8,137,133,1,1,1,3,133,28,1,1,allocated
188,699,low_traffic,0,0,65535_65535,2,9,137,88,0,1,0,2,0,28,1,1,pre_allocation
188,699,low_traffic,0,0,65535_65535,2,9,137,133,1,1,1,3,133,28,1,1,allocated
188,699,low_traffic,0,0,65535_65535,2,6,137,88,0,1,0,2,0,28,1,1,pre_allocation
188,699,low_traffic,0,0,65535_65535,2,6,137,133,1,1,1,3,133,28,1,1,allocated
188,699,low_traffic,0,0,65535_65535,2,7,137,32,0,1,0,2,0,15,1,1,pre_allocation
188,699,low_traffic,0,0,65535_65535,2,7,137,50,1,1,1,3,50,15,1,1,allocated
188,699,low_traffic,0,0,65535_65535,2,8,137,133,0,1,0,3,0,28,1,1,pre_allocation
188,699,low_traffic,0,0,65535_65535,2,8,137,179,1,1,1,4,179,28,1,1,allocated
188,699,low_traffic,0,0,65535_65535,2,9,137,133,0,1,0,3,0,28,1,1,pre_allocation
188,699,low_traffic,0,0,65535_65535,2,9,137,179,1,1,1,4,179,28,1,1,allocated
188,699,low_traffic,0,0,65535_65535,2,6,137,133,0,1,0,3,0,28,1,1,pre_allocation
188,699,low_traffic,0,0,65535_65535,2,6,137,179,1,1,1,4,179,28,1,1,allocated
188,699,low_traffic,0,0,65535_65535,2,7,137,50,0,1,0,3,0,15,1,1,pre_allocation
188,699,low_traffic,0,0,65535_65535,2,7,137,68,1,1,1,4,68,15,1,1,allocated
188,699,low_traffic,0,0,65535_65535,2,8,137,179,0,1,0,4,0,28,1,1,pre_allocation
188,699,low_traffic,0,0,65535_65535,2,8,137,224,1,1,1,5,224,28,1,1,allocated
188,699,low_traffic,0,0,65535_65535,2,9,137,179,0,1,0,4,0,28,1,1,pre_allocation
188,699,low_traffic,0,0,65535_65535,2,9,137,224,1,1,1,5,224,28,1,1,allocated
188,699,low_traffic,0,0,65535_65535,2,6,137,179,0,1,0,4,0,28,1,1,pre_allocation
188,699,low_traffic,0,0,65535_65535,2,6,137,224,1,1,1,5,224,28,1,1,allocated
188,699,low_traffic,0,0,65535_65535,2,7,137,68,0,1,0,4,0,15,1,1,pre_allocation
188,699,low_traffic,0,0,65535_65535,2,7,137,86,1,1,1,5,86,15,1,1,allocated
188,699,low_traffic,0,0,65535_65535,2,8,137,224,0,1,0,5,0,28,1,1,pre_allocation
188,699,low_traffic,0,0,65535_65535,2,8,137,270,1,1,1,6,270,28,1,1,allocated
188,699,low_traffic,0,0,65535_65535,2,9,137,224,0,1,0,5,0,28,1,1,pre_allocation
188,699,low_traffic,0,0,65535_65535,2,9,137,270,1,1,1,6,270,28,1,1,allocated
188,699,low_traffic,0,0,65535_65535,2,6,137,224,0,1,0,5,0,28,1,1,pre_allocation
188,699,low_traffic,0,0,65535_65535,2,6,137,270,1,1,1,6,270,28,1,1,allocated
188,699,low_traffic,0,0,65535_65535,2,7,137,86,0,1,0,5,0,15,1,1,pre_allocation
188,699,low_traffic,0,0,65535_65535,2,7,137,103,1,1,1,6,103,15,1,1,allocated
188,699,low_traffic,0,0,65535_65535,2,8,137,270,0,1,0,6,0,28,1,1,pre_allocation
188,699,low_traffic,0,0,65535_65535,2,8,137,315,1,1,1,7,315,28,1,1,allocated
188,699,low_traffic,0,0,65535_65535,2,9,137,270,0,1,0,6,0,28,1,1,pre_allocation
188,699,low_traffic,0,0,65535_65535,2,9,137,315,1,1,1,7,315,28,1,1,allocated
188,699,low_traffic,0,0,65535_65535,2,6,137,270,0,1,0,6,0,28,1,1,pre_allocation
188,699,low_traffic,0,0,65535_65535,2,6,137,315,1,1,1,7,315,28,1,1,allocated
188,699,low_traffic,0,0,65535_65535,2,7,137,103,0,1,0,6,0,15,1,1,pre_allocation
188,699,low_traffic,0,0,65535_65535,2,7,137,121,1,1,1,7,121,15,1,1,allocated
188,699,low_traffic,0,0,65535_65535,2,8,137,315,0,1,0,7,0,28,1,1,pre_allocation
188,699,low_traffic,0,0,65535_65535,2,8,137,361,1,1,1,8,361,28,1,1,allocated
188,699,low_traffic,0,0,65535_65535,2,9,137,315,0,1,0,7,0,28,1,1,pre_allocation
188,699,low_traffic,0,0,65535_65535,2,9,137,361,1,1,1,8,361,28,1,1,allocated
188,699,low_traffic,0,0,65535_65535,2,6,137,315,0,1,0,7,0,28,1,1,pre_allocation
188,699,low_traffic,0,0,65535_65535,2,6,137,361,1,1,1,8,361,28,1,1,allocated
188,699,low_traffic,0,0,65535_65535,2,7,137,121,0,1,0,7,0,15,1,1,pre_allocation
188,699,low_traffic,0,0,65535_65535,2,7,137,139,1,1,1,8,139,15,1,1,allocated
188,699,low_traffic,0,0,65535_65535,2,8,137,361,0,1,0,8,0,28,1,1,pre_allocation
188,699,low_traffic,0,0,65535_65535,2,8,137,406,1,1,1,9,406,28,1,1,allocated
188,699,low_traffic,0,0,65535_65535,2,9,137,361,0,1,0,8,0,28,1,1,pre_allocation
188,699,low_traffic,0,0,65535_65535,2,9,137,406,1,1,1,9,406,28,1,1,allocated
188,699,low_traffic,0,0,65535_65535,2,6,137,361,0,1,0,8,0,28,1,1,pre_allocation
188,699,low_traffic,0,0,65535_65535,2,6,137,406,1,1,1,9,406,28,1,1,allocated
188,699,low_traffic,0,0,65535_65535,2,7,137,139,0,1,0,8,0,15,1,1,pre_allocation
188,699,low_traffic,0,0,65535_65535,2,7,137,157,1,1,1,9,157,15,1,1,allocated
188,699,low_traffic,0,0,65535_65535,2,8,137,406,0,1,0,9,0,28,1,1,pre_allocation
188,699,low_traffic,0,0,65535_65535,2,8,137,452,1,1,1,10,452,28,1,1,allocated
188,699,low_traffic,0,0,65535_65535,2,9,137,406,0,1,0,9,0,28,1,1,pre_allocation
188,699,low_traffic,0,0,65535_65535,2,9,137,452,1,1,1,10,452,28,1,1,allocated
188,699,low_traffic,0,0,65535_65535,2,6,137,406,0,1,0,9,0,28,1,1,pre_allocation
188,699,low_traffic,0,0,65535_65535,2,6,137,452,1,1,1,10,452,28,1,1,allocated
188,699,low_traffic,0,0,65535_65535,2,7,137,157,0,1,0,9,0,15,1,1,pre_allocation
188,699,low_traffic,0,0,65535_65535,2,7,137,175,1,1,1,10,175,15,1,1,allocated
188,699,low_traffic,0,0,65535_65535,2,8,137,452,0,1,0,10,0,28,1,1,pre_allocation
188,699,low_traffic,0,0,65535_65535,2,8,137,497,1,1,1,11,497,28,1,1,allocated
188,699,low_traffic,0,0,65535_65535,2,9,137,452,0,1,0,10,0,28,1,1,pre_allocation
188,699,low_traffic,0,0,65535_65535,2,9,137,497,1,1,1,11,497,28,1,1,allocated
188,699,low_traffic,0,0,65535_65535,2,6,137,452,0,1,0,10,0,28,1,1,pre_allocation
188,699,low_traffic,0,0,65535_65535,2,6,137,497,1,1,1,11,497,28,1,1,allocated
188,699,low_traffic,0,0,65535_65535,2,7,137,175,0,1,0,10,0,15,1,1,pre_allocation
188,699,low_traffic,0,0,65535_65535,2,7,137,193,1,1,1,11,193,15,1,1,allocated
188,699,low_traffic,0,0,65535_65535,2,8,137,497,0,1,0,11,0,28,1,1,pre_allocation
188,699,low_traffic,0,0,65535_65535,2,8,137,543,1,1,1,12,543,28,1,1,allocated
188,699,low_traffic,0,0,65535_65535,2,9,137,497,0,1,0,11,0,28,1,1,pre_allocation
188,699,low_traffic,0,0,65535_65535,2,9,137,543,1,1,1,12,543,28,1,1,allocated
188,699,low_traffic,0,0,65535_65535,2,6,137,497,0,1,0,11,0,28,1,1,pre_allocation
188,699,low_traffic,0,0,65535_65535,2,6,137,543,1,1,1,12,543,28,1,1,allocated
188,699,low_traffic,0,0,65535_65535,2,7,137,193,0,1,0,11,0,15,1,1,pre_allocation
188,699,low_traffic,0,0,65535_65535,2,7,137,210,1,1,1,12,210,15,1,1,allocated
188,699,low_traffic,0,0,65535_65535,2,8,137,543,0,1,0,12,0,28,1,1,pre_allocation
188,699,low_traffic,0,0,65535_65535,2,8,137,589,1,1,1,13,589,28,1,1,allocated
188,699,low_traffic,0,0,65535_65535,2,9,137,543,0,1,0,12,0,28,1,1,pre_allocation
188,699,low_traffic,0,0,65535_65535,2,9,137,589,1,1,1,13,589,28,1,1,allocated
188,699,low_traffic,0,0,65535_65535,2,6,137,543,0,1,0,12,0,28,1,1,pre_allocation
188,699,low_traffic,0,0,65535_65535,2,6,137,589,1,1,1,13,589,28,1,1,allocated
188,699,low_traffic,0,0,65535_65535,2,7,137,210,0,1,0,12,0,15,1,1,pre_allocation
188,699,low_traffic,0,0,65535_65535,2,7,137,228,1,1,1,13,228,15,1,1,allocated
188,699,low_traffic,0,0,65535_65535,2,8,137,589,0,1,0,13,0,28,1,1,pre_allocation
188,699,low_traffic,0,0,65535_65535,2,8,137,634,1,1,1,14,634,28,1,1,allocated
188,699,low_traffic,0,0,65535_65535,2,9,137,589,0,1,0,13,0,28,1,1,pre_allocation
188,699,low_traffic,0,0,65535_65535,2,9,137,634,1,1,1,14,634,28,1,1,allocated
188,699,low_traffic,0,0,65535_65535,2,6,137,589,0,1,0,13,0,28,1,1,pre_allocation
188,699,low_traffic,0,0,65535_65535,2,6,137,634,1,1,1,14,634,28,1,1,allocated
188,699,low_traffic,0,0,65535_65535,2,7,137,228,0,1,0,13,0,15,1,1,pre_allocation
188,699,low_traffic,0,0,65535_65535,2,7,137,246,1,1,1,14,246,15,1,1,allocated
188,699,low_traffic,0,0,65535_65535,2,8,137,634,0,1,0,14,0,28,1,1,pre_allocation
188,699,low_traffic,0,0,65535_65535,2,8,137,680,1,1,1,15,680,28,1,1,allocated
188,699,low_traffic,0,0,65535_65535,2,9,137,634,0,1,0,14,0,28,1,1,pre_allocation
188,699,low_traffic,0,0,65535_65535,2,9,137,680,1,1,1,15,680,28,1,1,allocated
188,699,low_traffic,0,0,65535_65535,2,6,137,634,0,1,0,14,0,28,1,1,pre_allocation
188,699,low_traffic,0,0,65535_65535,2,6,137,680,1,1,1,15,680,28,1,1,allocated
188,699,low_traffic,0,0,65535_65535,2,7,137,246,0,1,0,14,0,15,1,1,pre_allocation
188,699,low_traffic,0,0,65535_65535,2,7,137,264,1,1,1,15,264,15,1,1,allocated
300,797,low_traffic,0,0,65535_65535,0,2,518313,0,0,1,0,0,0,12,1,1,pre_allocation
300,797,low_traffic,0,0,65535_65535,0,2,518313,9,1,1,1,1,9,12,1,1,allocated
300,797,low_traffic,0,0,65535_65535,0,2,518313,9,0,1,0,1,0,12,1,1,pre_allocation
300,797,low_traffic,0,0,65535_65535,0,2,518313,21,1,1,1,2,21,12,1,1,allocated
300,797,low_traffic,0,0,65535_65535,0,2,518313,21,0,1,0,2,0,12,1,1,pre_allocation
300,797,low_traffic,0,0,65535_65535,0,2,518313,33,1,1,1,3,33,12,1,1,allocated
300,797,low_traffic,0,0,65535_65535,0,2,518313,33,0,1,0,3,0,12,1,1,pre_allocation
300,797,low_traffic,0,0,65535_65535,0,2,518313,45,1,1,1,4,45,12,1,1,allocated
300,797,low_traffic,0,0,65535_65535,0,2,518313,45,0,1,0,4,0,12,1,1,pre_allocation
300,797,low_traffic,0,0,65535_65535,0,2,518313,58,1,1,1,5,58,12,1,1,allocated
300,797,low_traffic,0,0,65535_65535,0,2,518313,58,0,1,0,5,0,12,1,1,pre_allocation
300,797,low_traffic,0,0,65535_65535,0,2,518313,70,1,1,1,6,70,12,1,1,allocated
300,797,low_traffic,0,0,65535_65535,0,2,518313,70,0,1,0,6,0,12,1,1,pre_allocation
300,797,low_traffic,0,0,65535_65535,0,2,518313,82,1,1,1,7,82,12,1,1,allocated
300,797,low_traffic,0,0,65535_65535,0,2,518313,82,0,1,0,7,0,12,1,1,pre_allocation
300,797,low_traffic,0,0,65535_65535,0,2,518313,94,1,1,1,8,94,12,1,1,allocated
300,797,low_traffic,0,0,65535_65535,0,2,518313,94,0,1,0,8,0,12,1,1,pre_allocation
300,797,low_traffic,0,0,65535_65535,0,2,518313,106,1,1,1,9,106,12,1,1,allocated
300,797,low_traffic,0,0,65535_65535,0,2,518313,106,0,1,0,9,0,12,1,1,pre_allocation
300,797,low_traffic,0,0,65535_65535,0,2,518313,119,1,1,1,10,119,12,1,1,allocated
300,797,low_traffic,0,0,65535_65535,0,2,518313,119,0,1,0,10,0,12,1,1,pre_allocation
300,797,low_traffic,0,0,65535_65535,0,2,518313,131,1,1,1,11,131,12,1,1,allocated
300,797,low_traffic,0,0,65535_65535,0,2,518313,131,0,1,0,11,0,12,1,1,pre_allocation
300,797,low_traffic,0,0,65535_65535,0,2,518313,143,1,1,1,12,143,12,1,1,allocated
300,797,low_traffic,0,0,65535_65535,0,2,518313,143,0,1,0,12,0,12,1,1,pre_allocation
300,797,low_traffic,0,0,65535_65535,0,2,518313,155,1,1,1,13,155,12,1,1,allocated
300,797,low_traffic,0,0,65535_65535,0,2,518313,155,0,1,0,13,0,12,1,1,pre_allocation
300,797,low_traffic,0,0,65535_65535,0,2,518313,167,1,1,1,14,167,12,1,1,allocated
300,797,low_traffic,0,0,65535_65535,0,2,518313,167,0,1,0,14,0,12,1,1,pre_allocation
300,797,low_traffic,0,0,65535_65535,0,2,518313,180,1,1,1,15,180,12,1,1,allocated
300,797,low_traffic,0,0,65535_65535,0,2,518313,180,0,1,0,15,0,12,1,1,pre_allocation
300,797,low_traffic,0,0,65535_65535,0,2,518313,192,1,1,1,16,192,12,1,1,allocated
300,797,low_traffic,0,0,65535_65535,0,2,518313,192,0,1,0,16,0,12,1,1,pre_allocation
300,797,low_traffic,0,0,65535_65535,0,2,518313,204,1,1,1,17,204,12,1,1,allocated
300,797,low_traffic,0,0,65535_65535,0,2,518313,204,0,1,0,17,0,12,1,1,pre_allocation
300,797,low_traffic,0,0,65535_65535,0,2,518313,216,1,1,1,18,216,12,1,1,allocated
300,797,low_traffic,0,0,65535_65535,0,2,518313,216,0,1,0,18,0,12,1,1,pre_allocation
300,797,low_traffic,0,0,65535_65535,0,2,518313,228,1,1,1,19,228,12,1,1,allocated
300,797,low_traffic,0,0,65535_65535,0,2,518313,228,0,1,0,19,0,12,1,1,pre_allocation
300,797,low_traffic,0,0,65535_65535,0,2,518313,241,1,1,1,20,241,12,1,1,allocated
300,797,low_traffic,0,0,65535_65535,0,2,518313,241,0,1,0,20,0,12,1,1,pre_allocation
300,797,low_traffic,0,0,65535_65535,0,2,518313,253,1,1,1,21,253,12,1,1,allocated
300,797,low_traffic,0,0,65535_65535,0,2,518313,253,0,1,0,21,0,12,1,1,pre_allocation
300,797,low_traffic,0,0,65535_65535,0,2,518313,265,1,1,1,22,265,12,1,1,allocated
300,797,low_traffic,0,0,65535_65535,0,2,518313,265,0,1,0,22,0,12,1,1,pre_allocation
300,797,low_traffic,0,0,65535_65535,0,2,518313,277,1,1,1,23,277,12,1,1,allocated
300,797,low_traffic,0,0,65535_65535,0,2,518313,277,0,1,0,23,0,12,1,1,pre_allocation
300,797,low_traffic,0,0,65535_65535,0,2,518313,290,1,1,1,24,290,12,1,1,allocated
300,797,low_traffic,0,0,65535_65535,0,2,518313,290,0,1,0,24,0,12,1,1,pre_allocation
300,797,low_traffic,0,0,65535_65535,0,2,518313,302,1,1,1,25,302,12,1,1,allocated
300,797,low_traffic,0,0,65535_65535,0,2,518313,302,0,1,0,25,0,12,1,1,pre_allocation
300,797,low_traffic,0,0,65535_65535,0,2,518313,314,1,1,1,26,314,12,1,1,allocated
300,797,low_traffic,0,0,65535_65535,0,2,518313,314,0,1,0,26,0,12,1,1,pre_allocation
300,797,low_traffic,0,0,65535_65535,0,2,518313,326,1,1,1,27,326,12,1,1,allocated
300,797,low_traffic,0,0,65535_65535,0,2,518313,326,0,1,0,27,0,12,1,1,pre_allocation
300,797,low_traffic,0,0,65535_65535,0,2,518313,338,1,1,1,28,338,12,1,1,allocated
300,797,low_traffic,0,0,65535_65535,0,2,518313,338,0,1,0,28,0,12,1,1,pre_allocation
300,797,low_traffic,0,0,65535_65535,0,2,518313,351,1,1,1,29,351,12,1,1,allocated
300,797,low_traffic,0,0,65535_65535,0,2,518313,351,0,1,0,29,0,12,1,1,pre_allocation
300,797,low_traffic,0,0,65535_65535,0,2,518313,363,1,1,1,30,363,12,1,1,allocated
300,797,low_traffic,0,0,65535_65535,0,2,518313,363,0,1,0,30,0,12,1,1,pre_allocation
300,797,low_traffic,0,0,65535_65535,0,2,518313,375,1,1,1,31,375,12,1,1,allocated
300,797,low_traffic,0,0,65535_65535,0,2,518313,375,0,1,0,31,0,12,1,1,pre_allocation
300,797,low_traffic,0,0,65535_65535,0,2,518313,387,1,1,1,32,387,12,1,1,allocated
300,797,low_traffic,0,0,65535_65535,0,2,518313,387,0,1,0,32,0,12,1,1,pre_allocation
300,797,low_traffic,0,0,65535_65535,0,2,518313,399,1,1,1,33,399,12,1,1,allocated
300,797,low_traffic,0,0,65535_65535,0,2,518313,399,0,1,0,33,0,12,1,1,pre_allocation
300,797,low_traffic,0,0,65535_65535,0,2,518313,412,1,1,1,34,412,12,1,1,allocated
300,797,low_traffic,0,0,65535_65535,0,2,518313,412,0,1,0,34,0,12,1,1,pre_allocation
300,797,low_traffic,0,0,65535_65535,0,2,518313,424,1,1,1,35,424,12,1,1,allocated
300,797,low_traffic,0,0,65535_65535,0,2,518313,424,0,1,0,35,0,12,1,1,pre_allocation
300,797,low_traffic,0,0,65535_65535,0,2,518313,436,1,1,1,36,436,12,1,1,allocated
300,797,low_traffic,0,0,65535_65535,0,2,518313,436,0,1,0,36,0,12,1,1,pre_allocation
300,797,low_traffic,0,0,65535_65535,0,2,518313,448,1,1,1,37,448,12,1,1,allocated
300,797,low_traffic,0,0,65535_65535,0,2,518313,448,0,1,0,37,0,12,1,1,pre_allocation
300,797,low_traffic,0,0,65535_65535,0,2,518313,460,1,1,1,38,460,12,1,1,allocated
300,797,low_traffic,0,0,65535_65535,0,2,518313,460,0,1,0,38,0,12,1,1,pre_allocation
300,797,low_traffic,0,0,65535_65535,0,2,518313,473,1,1,1,39,473,12,1,1,allocated
300,797,low_traffic,0,0,65535_65535,0,2,518313,473,0,1,0,39,0,12,1,1,pre_allocation
300,797,low_traffic,0,0,65535_65535,0,2,518313,485,1,1,1,40,485,12,1,1,allocated
300,797,low_traffic,0,0,65535_65535,0,2,518313,485,0,1,0,40,0,12,1,1,pre_allocation
300,797,low_traffic,0,0,65535_65535,0,2,518313,497,1,1,1,41,497,12,1,1,allocated
300,797,low_traffic,0,0,65535_65535,0,2,518313,497,0,1,0,41,0,12,1,1,pre_allocation
300,797,low_traffic,0,0,65535_65535,0,2,518313,509,1,1,1,42,509,12,1,1,allocated
300,797,low_traffic,0,0,65535_65535,0,2,518313,509,0,1,0,42,0,12,1,1,pre_allocation
300,797,low_traffic,0,0,65535_65535,0,2,518313,522,1,1,1,43,522,12,1,1,allocated
300,797,low_traffic,0,0,65535_65535,0,2,518313,522,0,1,0,43,0,12,1,1,pre_allocation
300,797,low_traffic,0,0,65535_65535,0,2,518313,534,1,1,1,44,534,12,1,1,allocated
300,797,low_traffic,0,0,65535_65535,0,2,518313,534,0,1,0,44,0,12,1,1,pre_allocation
300,797,low_traffic,0,0,65535_65535,0,2,518313,546,1,1,1,45,546,12,1,1,allocated
300,797,low_traffic,0,0,65535_65535,0,2,518313,546,0,1,0,45,0,12,1,1,pre_allocation
300,797,low_traffic,0,0,65535_65535,0,2,518313,558,1,1,1,46,558,12,1,1,allocated
300,797,low_traffic,0,0,65535_65535,0,2,518313,558,0,1,0,46,0,12,1,1,pre_allocation
300,797,low_traffic,0,0,65535_65535,0,2,518313,570,1,1,1,47,570,12,1,1,allocated
300,797,low_traffic,0,0,65535_65535,0,2,518313,570,0,1,0,47,0,12,1,1,pre_allocation
300,797,low_traffic,0,0,65535_65535,0,2,518313,583,1,1,1,48,583,12,1,1,allocated
300,797,low_traffic,0,0,65535_65535,0,2,518313,583,0,1,0,48,0,12,1,1,pre_allocation
300,797,low_traffic,0,0,65535_65535,0,2,518313,595,1,1,1,49,595,12,1,1,allocated
300,797,low_traffic,0,0,65535_65535,0,2,518313,595,0,1,0,49,0,12,1,1,pre_allocation
300,797,low_traffic,0,0,65535_65535,0,2,518313,607,1,1,1,50,607,12,1,1,allocated
300,797,low_traffic,0,0,65535_65535,0,2,518313,607,0,1,0,50,0,12,1,1,pre_allocation
300,797,low_traffic,0,0,65535_65535,0,2,518313,619,1,1,1,51,619,12,1,1,allocated
300,797,low_traffic,0,0,65535_65535,0,2,518313,619,0,1,0,51,0,12,1,1,pre_allocation
300,797,low_traffic,0,0,65535_65535,0,2,518313,631,1,1,1,52,631,12,1,1,allocated
300,797,low_traffic,0,0,65535_65535,0,2,518313,631,0,1,0,52,0,12,1,1,pre_allocation
300,797,low_traffic,0,0,65535_65535,0,2,518313,644,1,1,1,53,644,12,1,1,allocated
300,797,low_traffic,0,0,65535_65535,0,2,518313,644,0,1,0,53,0,12,1,1,pre_allocation
300,797,low_traffic,0,0,65535_65535,0,2,518313,656,1,1,1,54,656,12,1,1,allocated
300,797,low_traffic,0,0,65535_65535,0,2,518313,656,0,1,0,54,0,12,1,1,pre_allocation
300,797,low_traffic,0,0,65535_65535,0,2,518313,668,1,1,1,55,668,12,1,1,allocated
300,797,low_traffic,0,0,65535_65535,0,2,518313,668,0,1,0,55,0,12,1,1,pre_allocation
300,797,low_traffic,0,0,65535_65535,0,2,518313,680,1,1,1,56,680,12,1,1,allocated
300,797,low_traffic,0,0,65535_65535,0,2,518313,680,0,1,0,56,0,12,1,1,pre_allocation
300,797,low_traffic,0,0,65535_65535,0,2,518313,692,1,1,1,57,692,12,1,1,allocated
300,797,low_traffic,0,0,65535_65535,0,2,518313,692,0,1,0,57,0,12,1,1,pre_allocation
300,797,low_traffic,0,0,65535_65535,0,2,518313,705,1,1,1,58,705,12,1,1,allocated
300,797,low_traffic,0,0,65535_65535,0,2,518313,705,0,1,0,58,0,12,1,1,pre_allocation
300,797,low_traffic,0,0,65535_65535,0,2,518313,717,1,1,1,59,717,12,1,1,allocated
300,797,low_traffic,0,0,65535_65535,0,2,518313,717,0,1,0,59,0,12,1,1,pre_allocation
300,797,low_traffic,0,0,65535_65535,0,2,518313,729,1,1,1,60,729,12,1,1,allocated
300,797,low_traffic,0,0,65535_65535,0,2,518313,729,0,1,0,60,0,12,1,1,pre_allocation
300,797,low_traffic,0,0,65535_65535,0,2,518313,741,1,1,1,61,741,12,1,1,allocated
300,797,low_traffic,0,0,65535_65535,0,2,518313,741,0,1,0,61,0,12,1,1,pre_allocation
300,797,low_traffic,0,0,65535_65535,0,2,518313,754,1,1,1,62,754,12,1,1,allocated
300,797,low_traffic,0,0,65535_65535,0,2,518313,754,0,1,0,62,0,12,1,1,pre_allocation
300,797,low_traffic,0,0,65535_65535,0,2,518313,766,1,1,1,63,766,12,1,1,allocated
300,797,low_traffic,0,0,65535_65535,0,2,518313,766,0,1,0,63,0,12,1,1,pre_allocation
300,797,low_traffic,0,0,65535_65535,0,2,518313,778,1,1,1,64,778,12,1,1,allocated
300,797,low_traffic,0,0,65535_65535,0,2,518313,778,0,1,0,64,0,12,1,1,pre_allocation
300,797,low_traffic,0,0,65535_65535,0,2,518313,790,1,1,1,65,790,12,1,1,allocated
300,797,low_traffic,0,0,65535_65535,0,2,518313,790,0,1,0,65,0,12,1,1,pre_allocation
300,797,low_traffic,0,0,65535_65535,0,2,518313,802,1,1,1,66,802,12,1,1,allocated
300,797,low_traffic,0,0,65535_65535,0,2,518313,802,0,1,0,66,0,12,1,1,pre_allocation
300,797,low_traffic,0,0,65535_65535,0,2,518313,815,1,1,1,67,815,12,1,1,allocated
300,797,low_traffic,0,0,65535_65535,0,2,518313,815,0,1,0,67,0,12,1,1,pre_allocation
300,797,low_traffic,0,0,65535_65535,0,2,518313,827,1,1,1,68,827,12,1,1,allocated
300,797,low_traffic,0,0,65535_65535,0,2,518313,827,0,1,0,68,0,12,1,1,pre_allocation
300,797,low_traffic,0,0,65535_65535,0,2,518313,839,1,1,1,69,839,12,1,1,allocated
300,797,low_traffic,0,0,65535_65535,0,2,518313,839,0,1,0,69,0,12,1,1,pre_allocation
300,797,low_traffic,0,0,65535_65535,0,2,518313,851,1,1,1,70,851,12,1,1,allocated
300,797,low_traffic,0,0,65535_65535,0,2,518313,851,0,1,0,70,0,12,1,1,pre_allocation
300,797,low_traffic,0,0,65535_65535,0,2,518313,863,1,1,1,71,863,12,1,1,allocated
300,797,low_traffic,0,0,65535_65535,0,2,518313,863,0,1,0,71,0,12,1,1,pre_allocation
300,797,low_traffic,0,0,65535_65535,0,2,518313,876,1,1,1,72,876,12,1,1,allocated
300,797,low_traffic,0,0,65535_65535,0,2,518313,876,0,1,0,72,0,12,1,1,pre_allocation
300,797,low_traffic,0,0,65535_65535,0,2,518313,888,1,1,1,73,888,12,1,1,allocated
300,797,low_traffic,0,0,65535_65535,0,2,518313,888,0,1,0,73,0,12,1,1,pre_allocation
300,797,low_traffic,0,0,65535_65535,0,2,518313,900,1,1,1,74,900,12,1,1,allocated
300,797,low_traffic,0,0,65535_65535,0,2,518313,900,0,1,0,74,0,12,1,1,pre_allocation
300,797,low_traffic,0,0,65535_65535,0,2,518313,912,1,1,1,75,912,12,1,1,allocated
300,797,low_traffic,0,0,65535_65535,0,2,518313,912,0,1,0,75,0,12,1,1,pre_allocation
300,797,low_traffic,0,0,65535_65535,0,2,518313,924,1,1,1,76,924,12,1,1,allocated
300,797,low_traffic,0,0,65535_65535,0,2,518313,924,0,1,0,76,0,12,1,1,pre_allocation
300,797,low_traffic,0,0,65535_65535,0,2,518313,937,1,1,1,77,937,12,1,1,allocated
300,797,low_traffic,0,0,65535_65535,0,2,518313,937,0,1,0,77,0,12,1,1,pre_allocation
300,797,low_traffic,0,0,65535_65535,0,2,518313,949,1,1,1,78,949,12,1,1,allocated
300,797,low_traffic,0,0,65535_65535,0,2,518313,949,0,1,0,78,0,12,1,1,pre_allocation
300,797,low_traffic,0,0,65535_65535,0,2,518313,961,1,1,1,79,961,12,1,1,allocated
300,797,low_traffic,0,0,65535_65535,0,2,518313,961,0,1,0,79,0,12,1,1,pre_allocation
300,797,low_traffic,0,0,65535_65535,0,2,518313,973,1,1,1,80,973,12,1,1,allocated
300,797,low_traffic,0,0,65535_65535,0,2,518313,973,0,1,0,80,0,12,1,1,pre_allocation
300,797,low_traffic,0,0,65535_65535,0,2,518313,986,1,1,1,81,986,12,1,1,allocated
300,797,low_traffic,0,0,65535_65535,0,2,518313,986,0,1,0,81,0,12,1,1,pre_allocation
300,797,low_traffic,0,0,65535_65535,0,2,518313,998,1,1,1,82,998,12,1,1,allocated
300,797,low_traffic,0,0,65535_65535,0,2,518313,998,0,1,0,82,0,12,1,1,pre_allocation
300,797,low_traffic,0,0,65535_65535,0,2,518313,1010,1,1,1,83,1010,12,1,1,allocated
300,797,low_traffic,0,0,65535_65535,0,2,518313,1010,0,1,0,83,0,12,1,1,pre_allocation
300,797,low_traffic,0,0,65535_65535,0,2,518313,1022,1,1,1,84,1022,12,1,1,allocated
300,797,low_traffic,0,0,65535_65535,0,2,518313,1022,0,1,0,84,0,12,1,1,pre_allocation
300,797,low_traffic,0,0,65535_65535,0,2,518313,1034,1,1,1,85,1034,12,1,1,allocated
300,797,low_traffic,0,0,65535_65535,0,2,518313,1034,0,1,0,85,0,12,1,1,pre_allocation
300,797,low_traffic,0,0,65535_65535,0,2,518313,1047,1,1,1,86,1047,12,1,1,allocated
300,797,low_traffic,0,0,65535_65535,1,4,169,0,0,1,0,0,0,15,1,1,pre_allocation
300,797,low_traffic,0,0,65535_65535,1,4,169,14,1,1,1,1,14,15,1,1,allocated
300,797,low_traffic,0,0,65535_65535,1,3,169,0,0,1,0,0,0,14,1,1,pre_allocation
300,797,low_traffic,0,0,65535_65535,1,3,169,12,1,1,1,1,12,14,1,1,allocated
300,797,low_traffic,0,0,65535_65535,1,4,169,14,0,1,0,1,0,15,1,1,pre_allocation
300,797,low_traffic,0,0,65535_65535,1,4,169,32,1,1,1,2,32,15,1,1,allocated
300,797,low_traffic,0,0,65535_65535,1,3,169,12,0,1,0,1,0,14,1,1,pre_allocation
300,797,low_traffic,0,0,65535_65535,1,3,169,28,1,1,1,2,28,14,1,1,allocated
300,797,low_traffic,0,0,65535_65535,1,4,169,32,0,1,0,2,0,15,1,1,pre_allocation
300,797,low_traffic,0,0,65535_65535,1,4,169,50,1,1,1,3,50,15,1,1,allocated
300,797,low_traffic,0,0,65535_65535,1,3,169,28,0,1,0,2,0,14,1,1,pre_allocation
300,797,low_traffic,0,0,65535_65535,1,3,169,44,1,1,1,3,44,14,1,1,allocated
300,797,low_traffic,0,0,65535_65535,1,4,169,50,0,1,0,3,0,15,1,1,pre_allocation
300,797,low_traffic,0,0,65535_65535,1,4,169,68,1,1,1,4,68,15,1,1,allocated
300,797,low_traffic,0,0,65535_65535,1,3,169,44,0,1,0,3,0,14,1,1,pre_allocation
300,797,low_traffic,0,0,65535_65535,1,3,169,60,1,1,1,4,60,14,1,1,allocated
300,797,low_traffic,0,0,65535_65535,1,4,169,68,0,1,0,4,0,15,1,1,pre_allocation
300,797,low_traffic,0,0,65535_65535,1,4,169,86,1,1,1,5,86,15,1,1,allocated
300,797,low_traffic,0,0,65535_65535,1,3,169,60,0,1,0,4,0,14,1,1,pre_allocation
300,797,low_traffic,0,0,65535_65535,1,3,169,76,1,1,1,5,76,14,1,1,allocated
300,797,low_traffic,0,0,65535_65535,1,4,169,86,0,1,0,5,0,15,1,1,pre_allocation
300,797,low_traffic,0,0,65535_65535,1,4,169,103,1,1,1,6,103,15,1,1,allocated
300,797,low_traffic,0,0,65535_65535,1,3,169,76,0,1,0,5,0,14,1,1,pre_allocation
300,797,low_traffic,0,0,65535_65535,1,3,169,92,1,1,1,6,92,14,1,1,allocated
300,797,low_traffic,0,0,65535_65535,1,4,169,103,0,1,0,6,0,15,1,1,pre_allocation
300,797,low_traffic,0,0,65535_65535,1,4,169,121,1,1,1,7,121,15,1,1,allocated
300,797,low_traffic,0,0,65535_65535,1,3,169,92,0,1,0,6,0,14,1,1,pre_allocation
300,797,low_traffic,0,0,65535_65535,1,3,169,107,1,1,1,7,107,14,1,1,allocated
300,797,low_traffic,0,0,65535_65535,1,4,169,121,0,1,0,7,0,15,1,1,pre_allocation
300,797,low_traffic,0,0,65535_65535,1,4,169,139,1,1,1,8,139,15,1,1,allocated
300,797,low_traffic,0,0,65535_65535,1,3,169,107,0,1,0,7,0,14,1,1,pre_allocation
300,797,low_traffic,0,0,65535_65535,1,3,169,123,1,1,1,8,123,14,1,1,allocated
300,797,low_traffic,0,0,65535_65535,1,4,169,139,0,1,0,8,0,15,1,1,pre_allocation
300,797,low_traffic,0,0,65535_65535,1,4,169,157,1,1,1,9,157,15,1,1,allocated
300,797,low_traffic,0,0,65535_65535,1,3,169,123,0,1,0,8,0,14,1,1,pre_allocation
300,797,low_traffic,0,0,65535_65535,1,3,169,139,1,1,1,9,139,14,1,1,allocated
300,797,low_traffic,0,0,65535_65535,1,4,169,157,0,1,0,9,0,15,1,1,pre_allocation
300,797,low_traffic,0,0,65535_65535,1,4,169,175,1,1,1,10,175,15,1,1,allocated
300,797,low_traffic,0,0,65535_65535,1,3,169,139,0,1,0,9,0,14,1,1,pre_allocation
300,797,low_traffic,0,0,65535_65535,1,3,169,155,1,1,1,10,155,14,1,1,allocated
300,797,low_traffic,0,0,65535_65535,1,4,169,175,0,1,0,10,0,15,1,1,pre_allocation
300,797,low_traffic,0,0,65535_65535,1,4,169,193,1,1,1,11,193,15,1,1,allocated
300,797,low_traffic,0,0,65535_65535,1,3,169,155,0,1,0,10,0,14,1,1,pre_allocation
300,797,low_traffic,0,0,65535_65535,1,3,169,171,1,1,1,11,171,14,1,1,allocated
300,797,low_traffic,0,0,65535_65535,1,4,169,193,0,1,0,11,0,15,1,1,pre_allocation
300,797,low_traffic,0,0,65535_65535,1,4,169,210,1,1,1,12,210,15,1,1,allocated
300,797,low_traffic,0,0,65535_65535,1,3,169,171,0,1,0,11,0,14,1,1,pre_allocation
300,797,low_traffic,0,0,65535_65535,1,3,169,187,1,1,1,12,187,14,1,1,allocated
300,797,low_traffic,0,0,65535_65535,1,4,169,210,0,1,0,12,0,15,1,1,pre_allocation
300,797,low_traffic,0,0,65535_65535,1,4,169,228,1,1,1,13,228,15,1,1,allocated
300,797,low_traffic,0,0,65535_65535,1,3,169,187,0,1,0,12,0,14,1,1,pre_allocation
300,797,low_traffic,0,0,65535_65535,1,3,169,202,1,1,1,13,202,14,1,1,allocated
300,797,low_traffic,0,0,65535_65535,1,4,169,228,0,1,0,13,0,15,1,1,pre_allocation
300,797,low_traffic,0,0,65535_65535,1,4,169,246,1,1,1,14,246,15,1,1,allocated
300,797,low_traffic,0,0,65535_65535,1,3,169,202,0,1,0,13,0,14,1,1,pre_allocation
300,797,low_traffic,0,0,65535_65535,1,3,169,218,1,1,1,14,218,14,1,1,allocated
300,797,low_traffic,0,0,65535_65535,1,4,169,246,0,1,0,14,0,15,1,1,pre_allocation
300,797,low_traffic,0,0,65535_65535,1,4,169,264,1,1,1,15,264,15,1,1,allocated
300,797,low_traffic,0,0,65535_65535,1,3,169,218,0,1,0,14,0,14,1,1,pre_allocation
300,797,low_traffic,0,0,65535_65535,1,3,169,234,1,1,1,15,234,14,1,1,allocated
300,797,low_traffic,0,0,65535_65535,1,4,169,264,0,1,0,15,0,15,1,1,pre_allocation
300,797,low_traffic,0,0,65535_65535,1,4,169,282,1,1,1,16,282,15,1,1,allocated
300,797,low_traffic,0,0,65535_65535,1,3,169,234,0,1,0,15,0,14,1,1,pre_allocation
300,797,low_traffic,0,0,65535_65535,1,3,169,250,1,1,1,16,250,14,1,1,allocated
300,797,low_traffic,0,0,65535_65535,1,4,169,282,0,1,0,16,0,15,1,1,pre_allocation
300,797,low_traffic,0,0,65535_65535,1,4,169,299,1,1,1,17,299,15,1,1,allocated
300,797,low_traffic,0,0,65535_65535,1,3,169,250,0,1,0,16,0,14,1,1,pre_allocation
300,797,low_traffic,0,0,65535_65535,1,3,169,266,1,1,1,17,266,14,1,1,allocated
300,797,low_traffic,0,0,65535_65535,1,4,169,299,0,1,0,17,0,15,1,1,pre_allocation
300,797,low_traffic,0,0,65535_65535,1,4,169,317,1,1,1,18,317,15,1,1,allocated
300,797,low_traffic,0,0,65535_65535,1,3,169,266,0,1,0,17,0,14,1,1,pre_allocation
300,797,low_traffic,0,0,65535_65535,1,3,169,282,1,1,1,18,282,14,1,1,allocated
300,797,low_traffic,0,0,65535_65535,1,4,169,317,0,1,0,18,0,15,1,1,pre_allocation
300,797,low_traffic,0,0,65535_65535,1,4,169,335,1,1,1,19,335,15,1,1,allocated
300,797,low_traffic,0,0,65535_65535,1,3,169,282,0,1,0,18,0,14,1,1,pre_allocation
300,797,low_traffic,0,0,65535_65535,1,3,169,297,1,1,1,19,297,14,1,1,allocated
300,797,low_traffic,0,0,65535_65535,1,4,169,335,0,1,0,19,0,15,1,1,pre_allocation
300,797,low_traffic,0,0,65535_65535,1,4,169,353,1,1,1,20,353,15,1,1,allocated
300,797,low_traffic,0,0,65535_65535,1,3,169,297,0,1,0,19,0,14,1,1,pre_allocation
300,797,low_traffic,0,0,65535_65535,1,3,169,313,1,1,1,20,313,14,1,1,allocated
300,797,low_traffic,0,0,65535_65535,1,4,169,353,0,1,0,20,0,15,1,1,pre_allocation
300,797,low_traffic,0,0,65535_65535,1,4,169,371,1,1,1,21,371,15,1,1,allocated
300,797,low_traffic,0,0,65535_65535,1,3,169,313,0,1,0,20,0,14,1,1,pre_allocation
300,797,low_traffic,0,0,65535_65535,1,3,169,329,1,1,1,21,329,14,1,1,allocated
300,797,low_traffic,0,0,65535_65535,1,4,169,371,0,1,0,21,0,15,1,1,pre_allocation
300,797,low_traffic,0,0,65535_65535,1,4,169,389,1,1,1,22,389,15,1,1,allocated
300,797,low_traffic,0,0,65535_65535,1,3,169,329,0,1,0,21,0,14,1,1,pre_allocation
300,797,low_traffic,0,0,65535_65535,1,3,169,345,1,1,1,22,345,14,1,1,allocated
300,797,low_traffic,0,0,65535_65535,1,4,169,389,0,1,0,22,0,15,1,1,pre_allocation
300,797,low_traffic,0,0,65535_65535,1,4,169,406,1,1,1,23,406,15,1,1,allocated
300,797,low_traffic,0,0,65535_65535,1,3,169,345,0,1,0,22,0,14,1,1,pre_allocation
300,797,low_traffic,0,0,65535_65535,1,3,169,361,1,1,1,23,361,14,1,1,allocated
300,797,low_traffic,0,0,65535_65535,1,4,169,406,0,1,0,23,0,15,1,1,pre_allocation
300,797,low_traffic,0,0,65535_65535,1,4,169,424,1,1,1,24,424,15,1,1,allocated
300,797,low_traffic,0,0,65535_65535,1,3,169,361,0,1,0,23,0,14,1,1,pre_allocation
300,797,low_traffic,0,0,65535_65535,1,3,169,377,1,1,1,24,377,14,1,1,allocated
300,797,low_traffic,0,0,65535_65535,1,4,169,424,0,1,0,24,0,15,1,1,pre_allocation
300,797,low_traffic,0,0,65535_65535,1,4,169,442,1,1,1,25,442,15,1,1,allocated
300,797,low_traffic,0,0,65535_65535,1,3,169,377,0,1,0,24,0,14,1,1,pre_allocation
300,797,low_traffic,0,0,65535_65535,1,3,169,393,1,1,1,25,393,14,1,1,allocated
300,797,low_traffic,0,0,65535_65535,1,4,169,442,0,1,0,25,0,15,1,1,pre_allocation
300,797,low_traffic,0,0,65535_65535,1,4,169,460,1,1,1,26,460,15,1,1,allocated
300,797,low_traffic,0,0,65535_65535,1,3,169,393,0,1,0,25,0,14,1,1,pre_allocation
300,797,low_traffic,0,0,65535_65535,1,3,169,408,1,1,1,26,408,14,1,1,allocated
300,797,low_traffic,0,0,65535_65535,1,4,169,460,0,1,0,26,0,15,1,1,pre_allocation
300,797,low_traffic,0,0,65535_65535,1,4,169,478,1,1,1,27,478,15,1,1,allocated
300,797,low_traffic,0,0,65535_65535,1,3,169,408,0,1,0,26,0,14,1,1,pre_allocation
300,797,low_traffic,0,0,65535_65535,1,3,169,424,1,1,1,27,424,14,1,1,allocated
300,797,low_traffic,0,0,65535_65535,1,4,169,478,0,1,0,27,0,15,1,1,pre_allocation
300,797,low_traffic,0,0,65535_65535,1,4,169,495,1,1,1,28,495,15,1,1,allocated
300,797,low_traffic,0,0,65535_65535,1,3,169,424,0,1,0,27,0,14,1,1,pre_allocation
300,797,low_traffic,0,0,65535_65535,1,3,169,440,1,1,1,28,440,14,1,1,allocated
300,797,low_traffic,0,0,65535_65535,1,4,169,495,0,1,0,28,0,15,1,1,pre_allocation
300,797,low_traffic,0,0,65535_65535,1,4,169,513,1,1,1,29,513,15,1,1,allocated
300,797,low_traffic,0,0,65535_65535,1,3,169,440,0,1,0,28,0,14,1,1,pre_allocation
300,797,low_traffic,0,0,65535_65535,1,3,169,456,1,1,1,29,456,14,1,1,allocated
300,797,low_traffic,0,0,65535_65535,1,4,169,513,0,1,0,29,0,15,1,1,pre_allocation
300,797,low_traffic,0,0,65535_65535,1,4,169,531,1,1,1,30,531,15,1,1,allocated
300,797,low_traffic,0,0,65535_65535,1,3,169,456,0,1,0,29,0,14,1,1,pre_allocation
300,797,low_traffic,0,0,65535_65535,1,3,169,472,1,1,1,30,472,14,1,1,allocated
300,797,low_traffic,0,0,65535_65535,1,4,169,531,0,1,0,30,0,15,1,1,pre_allocation
300,797,low_traffic,0,0,65535_65535,1,4,169,549,1,1,1,31,549,15,1,1,allocated
300,797,low_traffic,0,0,65535_65535,1,3,169,472,0,1,0,30,0,14,1,1,pre_allocation
300,797,low_traffic,0,0,65535_65535,1,3,169,488,1,1,1,31,488,14,1,1,allocated
300,797,low_traffic,0,0,65535_65535,1,4,169,549,0,1,0,31,0,15,1,1,pre_allocation
300,797,low_traffic,0,0,65535_65535,1,4,169,567,1,1,1,32,567,15,1,1,allocated
300,797,low_traffic,0,0,65535_65535,1,3,169,488,0,1,0,31,0,14,1,1,pre_allocation
300,797,low_traffic,0,0,65535_65535,1,3,169,503,1,1,1,32,503,14,1,1,allocated
300,797,low_traffic,0,0,65535_65535,1,4,169,567,0,1,0,32,0,15,1,1,pre_allocation
300,797,low_traffic,0,0,65535_65535,1,4,169,585,1,1,1,33,585,15,1,1,allocated
300,797,low_traffic,0,0,65535_65535,1,3,169,503,0,1,0,32,0,14,1,1,pre_allocation
300,797,low_traffic,0,0,65535_65535,1,3,169,519,1,1,1,33,519,14,1,1,allocated
300,797,low_traffic,0,0,65535_65535,1,4,169,585,0,1,0,33,0,15,1,1,pre_allocation
300,797,low_traffic,0,0,65535_65535,1,4,169,602,1,1,1,34,602,15,1,1,allocated
300,797,low_traffic,0,0,65535_65535,1,3,169,519,0,1,0,33,0,14,1,1,pre_allocation
300,797,low_traffic,0,0,65535_65535,1,3,169,535,1,1,1,34,535,14,1,1,allocated
300,797,low_traffic,0,0,65535_65535,1,4,169,602,0,1,0,34,0,15,1,1,pre_allocation
300,797,low_traffic,0,0,65535_65535,1,4,169,620,1,1,1,35,620,15,1,1,allocated
300,797,low_traffic,0,0,65535_65535,1,3,169,535,0,1,0,34,0,14,1,1,pre_allocation
300,797,low_traffic,0,0,65535_65535,1,3,169,551,1,1,1,35,551,14,1,1,allocated
300,797,low_traffic,0,0,65535_65535,1,4,169,620,0,1,0,35,0,15,1,1,pre_allocation
300,797,low_traffic,0,0,65535_65535,1,4,169,638,1,1,1,36,638,15,1,1,allocated
300,797,low_traffic,0,0,65535_65535,1,3,169,551,0,1,0,35,0,14,1,1,pre_allocation
300,797,low_traffic,0,0,65535_65535,1,3,169,567,1,1,1,36,567,14,1,1,allocated
300,797,low_traffic,0,0,65535_65535,1,4,169,638,0,1,0,36,0,15,1,1,pre_allocation
300,797,low_traffic,0,0,65535_65535,1,4,169,656,1,1,1,37,656,15,1,1,allocated
300,797,low_traffic,0,0,65535_65535,1,3,169,567,0,1,0,36,0,14,1,1,pre_allocation
300,797,low_traffic,0,0,65535_65535,1,3,169,583,1,1,1,37,583,14,1,1,allocated
300,797,low_traffic,0,0,65535_65535,1,4,169,656,0,1,0,37,0,15,1,1,pre_allocation
300,797,low_traffic,0,0,65535_65535,1,4,169,674,1,1,1,38,674,15,1,1,allocated
300,797,low_traffic,0,0,65535_65535,1,3,169,583,0,1,0,37,0,14,1,1,pre_allocation
300,797,low_traffic,0,0,65535_65535,1,3,169,598,1,1,1,38,598,14,1,1,allocated
300,797,low_traffic,0,0,65535_65535,1,4,169,674,0,1,0,38,0,15,1,1,pre_allocation
300,797,low_traffic,0,0,65535_65535,1,4,169,691,1,1,1,39,691,15,1,1,allocated
300,797,low_traffic,0,0,65535_65535,1,3,169,598,0,1,0,38,0,14,1,1,pre_allocation
300,797,low_traffic,0,0,65535_65535,1,3,169,614,1,1,1,39,614,14,1,1,allocated
300,797,low_traffic,0,0,65535_65535,1,4,169,691,0,1,0,39,0,15,1,1,pre_allocation
300,797,low_traffic,0,0,65535_65535,1,4,169,709,1,1,1,40,709,15,1,1,allocated
300,797,low_traffic,0,0,65535_65535,1,3,169,614,0,1,0,39,0,14,1,1,pre_allocation
300,797,low_traffic,0,0,65535_65535,1,3,169,630,1,1,1,40,630,14,1,1,allocated
300,797,low_traffic,0,0,65535_65535,1,4,169,709,0,1,0,40,0,15,1,1,pre_allocation
300,797,low_traffic,0,0,65535_65535,1,4,169,727,1,1,1,41,727,15,1,1,allocated
300,797,low_traffic,0,0,65535_65535,1,3,169,630,0,1,0,40,0,14,1,1,pre_allocation
300,797,low_traffic,0,0,65535_65535,1,3,169,646,1,1,1,41,646,14,1,1,allocated
300,797,low_traffic,0,0,65535_65535,1,4,169,727,0,1,0,41,0,15,1,1,pre_allocation
300,797,low_traffic,0,0,65535_65535,1,4,169,745,1,1,1,42,745,15,1,1,allocated
300,797,low_traffic,0,0,65535_65535,1,3,169,646,0,1,0,41,0,14,1,1,pre_allocation
300,797,low_traffic,0,0,65535_65535,1,3,169,662,1,1,1,42,662,14,1,1,allocated
300,797,low_traffic,0,0,65535_65535,1,4,169,745,0,1,0,42,0,15,1,1,pre_allocation
300,797,low_traffic,0,0,65535_65535,1,4,169,763,1,1,1,43,763,15,1,1,allocated
300,797,low_traffic,0,0,65535_65535,1,3,169,662,0,1,0,42,0,14,1,1,pre_allocation
300,797,low_traffic,0,0,65535_65535,1,3,169,678,1,1,1,43,678,14,1,1,allocated
300,797,low_traffic,0,0,65535_65535,1,4,169,763,0,1,0,43,0,15,1,1,pre_allocation
300,797,low_traffic,0,0,65535_65535,1,4,169,781,1,1,1,44,781,15,1,1,allocated
300,797,low_traffic,0,0,65535_65535,1,3,169,678,0,1,0,43,0,14,1,1,pre_allocation
300,797,low_traffic,0,0,65535_65535,1,3,169,693,1,1,1,44,693,14,1,1,allocated
300,797,low_traffic,0,0,65535_65535,1,4,169,781,0,1,0,44,0,15,1,1,pre_allocation
300,797,low_traffic,0,0,65535_65535,1,4,169,798,1,1,1,45,798,15,1,1,allocated
300,797,low_traffic,0,0,65535_65535,1,3,169,693,0,1,0,44,0,14,1,1,pre_allocation
300,797,low_traffic,0,0,65535_65535,1,3,169,709,1,1,1,45,709,14,1,1,allocated
300,797,low_traffic,0,0,65535_65535,1,4,169,798,0,1,0,45,0,15,1,1,pre_allocation
300,797,low_traffic,0,0,65535_65535,1,4,169,816,1,1,1,46,816,15,1,1,allocated
300,797,low_traffic,0,0,65535_65535,1,3,169,709,0,1,0,45,0,14,1,1,pre_allocation
300,797,low_traffic,0,0,65535_65535,1,3,169,725,1,1,1,46,725,14,1,1,allocated
300,797,low_traffic,0,0,65535_65535,1,4,169,816,0,1,0,46,0,15,1,1,pre_allocation
300,797,low_traffic,0,0,65535_65535,1,4,169,834,1,1,1,47,834,15,1,1,allocated
300,797,low_traffic,0,0,65535_65535,1,3,169,725,0,1,0,46,0,14,1,1,pre_allocation
300,797,low_traffic,0,0,65535_65535,1,3,169,741,1,1,1,47,741,14,1,1,allocated
300,797,low_traffic,0,0,65535_65535,1,4,169,834,0,1,0,47,0,15,1,1,pre_allocation
300,797,low_traffic,0,0,65535_65535,1,4,169,852,1,1,1,48,852,15,1,1,allocated
300,797,low_traffic,0,0,65535_65535,1,3,169,741,0,1,0,47,0,14,1,1,pre_allocation
300,797,low_traffic,0,0,65535_65535,1,3,169,757,1,1,1,48,757,14,1,1,allocated
300,797,low_traffic,0,0,65535_65535,1,4,169,852,0,1,0,48,0,15,1,1,pre_allocation
300,797,low_traffic,0,0,65535_65535,1,4,169,870,1,1,1,49,870,15,1,1,allocated
300,797,low_traffic,0,0,65535_65535,1,3,169,757,0,1,0,48,0,14,1,1,pre_allocation
300,797,low_traffic,0,0,65535_65535,1,3,169,773,1,1,1,49,773,14,1,1,allocated
300,797,low_traffic,0,0,65535_65535,1,4,169,870,0,1,0,49,0,15,1,1,pre_allocation
300,797,low_traffic,0,0,65535_65535,1,4,169,888,1,1,1,50,888,15,1,1,allocated
300,797,low_traffic,0,0,65535_65535,1,3,169,773,0,1,0,49,0,14,1,1,pre_allocation
300,797,low_traffic,0,0,65535_65535,1,3,169,789,1,1,1,50,789,14,1,1,allocated
300,797,low_traffic,0,0,65535_65535,1,4,169,888,0,1,0,50,0,15,1,1,pre_allocation
300,797,low_traffic,0,0,65535_65535,1,4,169,905,1,1,1,51,905,15,1,1,allocated
300,797,low_traffic,0,0,65535_65535,1,3,169,789,0,1,0,50,0,14,1,1,pre_allocation
300,797,low_traffic,0,0,65535_65535,1,3,169,804,1,1,1,51,804,14,1,1,allocated
300,797,low_traffic,0,0,65535_65535,1,4,169,905,0,1,0,51,0,15,1,1,pre_allocation
300,797,low_traffic,0,0,65535_65535,1,4,169,923,1,1,1,52,923,15,1,1,allocated
300,797,low_traffic,0,0,65535_65535,1,3,169,804,0,1,0,51,0,14,1,1,pre_allocation
300,797,low_traffic,0,0,65535_65535,1,3,169,820,1,1,1,52,820,14,1,1,allocated
300,797,low_traffic,0,0,65535_65535,1,4,169,923,0,1,0,52,0,15,1,1,pre_allocation
300,797,low_traffic,0,0,65535_65535,1,4,169,941,1,1,1,53,941,15,1,1,allocated
300,797,low_traffic,0,0,65535_65535,1,3,169,820,0,1,0,52,0,14,1,1,pre_allocation
300,797,low_traffic,0,0,65535_65535,1,3,169,836,1,1,1,53,836,14,1,1,allocated
300,797,low_traffic,0,0,65535_65535,1,4,169,941,0,1,0,53,0,15,1,1,pre_allocation
300,797,low_traffic,0,0,65535_65535,1,4,169,959,1,1,1,54,959,15,1,1,allocated
300,797,low_traffic,0,0,65535_65535,1,3,169,836,0,1,0,53,0,14,1,1,pre_allocation
300,797,low_traffic,0,0,65535_65535,1,3,169,852,1,1,1,54,852,14,1,1,allocated
300,797,low_traffic,0,0,65535_65535,1,4,169,959,0,1,0,54,0,15,1,1,pre_allocation
300,797,low_traffic,0,0,65535_65535,1,4,169,977,1,1,1,55,977,15,1,1,allocated
300,797,low_traffic,0,0,65535_65535,1,3,169,852,0,1,0,54,0,14,1,1,pre_allocation
300,797,low_traffic,0,0,65535_65535,1,3,169,868,1,1,1,55,868,14,1,1,allocated
300,797,low_traffic,0,0,65535_65535,1,4,169,977,0,1,0,55,0,15,1,1,pre_allocation
300,797,low_traffic,0,0,65535_65535,1,4,169,994,1,1,1,56,994,15,1,1,allocated
300,797,low_traffic,0,0,65535_65535,1,3,169,868,0,1,0,55,0,14,1,1,pre_allocation
300,797,low_traffic,0,0,65535_65535,1,3,169,884,1,1,1,56,884,14,1,1,allocated
300,797,low_traffic,0,0,65535_65535,1,4,169,994,0,1,0,56,0,15,1,1,pre_allocation
300,797,low_traffic,0,0,65535_65535,1,4,169,1012,1,1,1,57,1012,15,1,1,allocated
300,797,low_traffic,0,0,65535_65535,1,3,169,884,0,1,0,56,0,14,1,1,pre_allocation
300,797,low_traffic,0,0,65535_65535,1,3,169,899,1,1,1,57,899,14,1,1,allocated
300,797,low_traffic,0,0,65535_65535,1,4,169,1012,0,1,0,57,0,15,1,1,pre_allocation
300,797,low_traffic,0,0,65535_65535,1,4,169,1030,1,1,1,58,1030,15,1,1,allocated
300,797,low_traffic,0,0,65535_65535,1,3,169,899,0,1,0,57,0,14,1,1,pre_allocation
300,797,low_traffic,0,0,65535_65535,1,3,169,915,1,1,1,58,915,14,1,1,allocated
300,797,low_traffic,0,0,65535_65535,1,4,169,1030,0,1,0,58,0,15,1,1,pre_allocation
300,797,low_traffic,0,0,65535_65535,1,4,169,1048,1,1,1,59,1048,15,1,1,allocated
300,797,low_traffic,0,0,65535_65535,1,3,169,915,0,1,0,58,0,14,1,1,pre_allocation
300,797,low_traffic,0,0,65535_65535,1,3,169,931,1,1,1,59,931,14,1,1,allocated
300,797,low_traffic,0,0,65535_65535,1,4,169,1048,0,1,0,59,0,15,1,1,pre_allocation
300,797,low_traffic,0,0,65535_65535,1,4,169,1066,1,1,1,60,1066,15,1,1,allocated
300,797,low_traffic,0,0,65535_65535,1,3,169,931,0,1,0,59,0,14,1,1,pre_allocation
300,797,low_traffic,0,0,65535_65535,1,3,169,947,1,1,1,60,947,14,1,1,allocated
300,797,low_traffic,0,0,65535_65535,1,4,169,1066,0,1,0,60,0,15,1,1,pre_allocation
300,797,low_traffic,0,0,65535_65535,1,4,169,1084,1,1,1,61,1084,15,1,1,allocated
300,797,low_traffic,0,0,65535_65535,1,3,169,947,0,1,0,60,0,14,1,1,pre_allocation
300,797,low_traffic,0,0,65535_65535,1,3,169,963,1,1,1,61,963,14,1,1,allocated
300,797,low_traffic,0,0,65535_65535,1,4,169,1084,0,1,0,61,0,15,1,1,pre_allocation
300,797,low_traffic,0,0,65535_65535,1,4,169,1101,1,1,1,62,1101,15,1,1,allocated
300,797,low_traffic,0,0,65535_65535,1,3,169,963,0,1,0,61,0,14,1,1,pre_allocation
300,797,low_traffic,0,0,65535_65535,1,3,169,979,1,1,1,62,979,14,1,1,allocated
300,797,low_traffic,0,0,65535_65535,1,4,169,1101,0,1,0,62,0,15,1,1,pre_allocation
300,797,low_traffic,0,0,65535_65535,1,4,169,1119,1,1,1,63,1119,15,1,1,allocated
300,797,low_traffic,0,0,65535_65535,1,3,169,979,0,1,0,62,0,14,1,1,pre_allocation
300,797,low_traffic,0,0,65535_65535,1,3,169,994,1,1,1,63,994,14,1,1,allocated
300,797,low_traffic,0,0,65535_65535,2,7,137,0,0,1,0,0,0,15,1,1,pre_allocation
300,797,low_traffic,0,0,65535_65535,2,7,137,14,1,1,1,1,14,15,1,1,allocated
300,797,low_traffic,0,0,65535_65535,2,7,137,14,0,1,0,1,0,15,1,1,pre_allocation
300,797,low_traffic,0,0,65535_65535,2,7,137,32,1,1,1,2,32,15,1,1,allocated
300,797,low_traffic,0,0,65535_65535,2,7,137,32,0,1,0,2,0,15,1,1,pre_allocation
300,797,low_traffic,0,0,65535_65535,2,7,137,50,1,1,1,3,50,15,1,1,allocated
300,797,low_traffic,0,0,65535_65535,2,7,137,50,0,1,0,3,0,15,1,1,pre_allocation
300,797,low_traffic,0,0,65535_65535,2,7,137,68,1,1,1,4,68,15,1,1,allocated
300,797,low_traffic,0,0,65535_65535,2,7,137,68,0,1,0,4,0,15,1,1,pre_allocation
300,797,low_traffic,0,0,65535_65535,2,7,137,86,1,1,1,5,86,15,1,1,allocated
300,797,low_traffic,0,0,65535_65535,2,7,137,86,0,1,0,5,0,15,1,1,pre_allocation
300,797,low_traffic,0,0,65535_65535,2,7,137,103,1,1,1,6,103,15,1,1,allocated
300,797,low_traffic,0,0,65535_65535,2,7,137,103,0,1,0,6,0,15,1,1,pre_allocation
300,797,low_traffic,0,0,65535_65535,2,7,137,121,1,1,1,7,121,15,1,1,allocated
300,797,low_traffic,0,0,65535_65535,2,7,137,121,0,1,0,7,0,15,1,1,pre_allocation
300,797,low_traffic,0,0,65535_65535,2,7,137,139,1,1,1,8,139,15,1,1,allocated
300,797,low_traffic,0,0,65535_65535,2,7,137,139,0,1,0,8,0,15,1,1,pre_allocation
300,797,low_traffic,0,0,65535_65535,2,7,137,157,1,1,1,9,157,15,1,1,allocated
300,797,low_traffic,0,0,65535_65535,2,7,137,157,0,1,0,9,0,15,1,1,pre_allocation
300,797,low_traffic,0,0,65535_65535,2,7,137,175,1,1,1,10,175,15,1,1,allocated
300,797,low_traffic,0,0,65535_65535,2,7,137,175,0,1,0,10,0,15,1,1,pre_allocation
300,797,low_traffic,0,0,65535_65535,2,7,137,193,1,1,1,11,193,15,1,1,allocated
300,797,low_traffic,0,0,65535_65535,2,7,137,193,0,1,0,11,0,15,1,1,pre_allocation
300,797,low_traffic,0,0,65535_65535,2,7,137,210,1,1,1,12,210,15,1,1,allocated
300,797,low_traffic,0,0,65535_65535,2,7,137,210,0,1,0,12,0,15,1,1,pre_allocation
300,797,low_traffic,0,0,65535_65535,2,7,137,228,1,1,1,13,228,15,1,1,allocated
300,797,low_traffic,0,0,65535_65535,2,7,137,228,0,1,0,13,0,15,1,1,pre_allocation
300,797,low_traffic,0,0,65535_65535,2,7,137,246,1,1,1,14,246,15,1,1,allocated
300,797,low_traffic,0,0,65535_65535,2,7,137,246,0,1,0,14,0,15,1,1,pre_allocation
300,797,low_traffic,0,0,65535_65535,2,7,137,264,1,1,1,15,264,15,1,1,allocated
300,797,low_traffic,0,0,65535_65535,2,7,137,264,0,1,0,15,0,15,1,1,pre_allocation
300,797,low_traffic,0,0,65535_65535,2,7,137,282,1,1,1,16,282,15,1,1,allocated
300,797,low_traffic,0,0,65535_65535,2,7,137,282,0,1,0,16,0,15,1,1,pre_allocation
300,797,low_traffic,0,0,65535_65535,2,7,137,299,1,1,1,17,299,15,1,1,allocated
300,797,low_traffic,0,0,65535_65535,2,7,137,299,0,1,0,17,0,15,1,1,pre_allocation
300,797,low_traffic,0,0,65535_65535,2,7,137,317,1,1,1,18,317,15,1,1,allocated
300,797,low_traffic,0,0,65535_65535,2,7,137,317,0,1,0,18,0,15,1,1,pre_allocation
300,797,low_traffic,0,0,65535_65535,2,7,137,335,1,1,1,19,335,15,1,1,allocated
300,797,low_traffic,0,0,65535_65535,2,7,137,335,0,1,0,19,0,15,1,1,pre_allocation
300,797,low_traffic,0,0,65535_65535,2,7,137,353,1,1,1,20,353,15,1,1,allocated
300,797,low_traffic,0,0,65535_65535,2,7,137,353,0,1,0,20,0,15,1,1,pre_allocation
300,797,low_traffic,0,0,65535_65535,2,7,137,371,1,1,1,21,371,15,1,1,allocated
300,797,low_traffic,0,0,65535_65535,2,7,137,371,0,1,0,21,0,15,1,1,pre_allocation
300,797,low_traffic,0,0,65535_65535,2,7,137,389,1,1,1,22,389,15,1,1,allocated
300,797,low_traffic,0,0,65535_65535,2,7,137,389,0,1,0,22,0,15,1,1,pre_allocation
300,797,low_traffic,0,0,65535_65535,2,7,137,406,1,1,1,23,406,15,1,1,allocated
300,797,low_traffic,0,0,65535_65535,2,7,137,406,0,1,0,23,0,15,1,1,pre_allocation
300,797,low_traffic,0,0,65535_65535,2,7,137,424,1,1,1,24,424,15,1,1,allocated
300,797,low_traffic,0,0,65535_65535,2,7,137,424,0,1,0,24,0,15,1,1,pre_allocation
300,797,low_traffic,0,0,65535_65535,2,7,137,442,1,1,1,25,442,15,1,1,allocated
300,797,low_traffic,0,0,65535_65535,2,7,137,442,0,1,0,25,0,15,1,1,pre_allocation
300,797,low_traffic,0,0,65535_65535,2,7,137,460,1,1,1,26,460,15,1,1,allocated
300,797,low_traffic,0,0,65535_65535,2,7,137,460,0,1,0,26,0,15,1,1,pre_allocation
300,797,low_traffic,0,0,65535_65535,2,7,137,478,1,1,1,27,478,15,1,1,allocated
300,797,low_traffic,0,0,65535_65535,2,7,137,478,0,1,0,27,0,15,1,1,pre_allocation
300,797,low_traffic,0,0,65535_65535,2,7,137,495,1,1,1,28,495,15,1,1,allocated
300,797,low_traffic,0,0,65535_65535,2,7,137,495,0,1,0,28,0,15,1,1,pre_allocation
300,797,low_traffic,0,0,65535_65535,2,7,137,513,1,1,1,29,513,15,1,1,allocated
300,797,low_traffic,0,0,65535_65535,2,7,137,513,0,1,0,29,0,15,1,1,pre_allocation
300,797,low_traffic,0,0,65535_65535,2,7,137,531,1,1,1,30,531,15,1,1,allocated
300,797,low_traffic,0,0,65535_65535,2,7,137,531,0,1,0,30,0,15,1,1,pre_allocation
300,797,low_traffic,0,0,65535_65535,2,7,137,549,1,1,1,31,549,15,1,1,allocated
300,797,low_traffic,0,0,65535_65535,2,7,137,549,0,1,0,31,0,15,1,1,pre_allocation
300,797,low_traffic,0,0,65535_65535,2,7,137,567,1,1,1,32,567,15,1,1,allocated
300,797,low_traffic,0,0,65535_65535,2,7,137,567,0,1,0,32,0,15,1,1,pre_allocation
300,797,low_traffic,0,0,65535_65535,2,7,137,585,1,1,1,33,585,15,1,1,allocated
300,797,low_traffic,0,0,65535_65535,2,7,137,585,0,1,0,33,0,15,1,1,pre_allocation
300,797,low_traffic,0,0,65535_65535,2,7,137,602,1,1,1,34,602,15,1,1,allocated
300,797,low_traffic,0,0,65535_65535,2,7,137,602,0,1,0,34,0,15,1,1,pre_allocation
300,797,low_traffic,0,0,65535_65535,2,7,137,620,1,1,1,35,620,15,1,1,allocated
300,797,low_traffic,0,0,65535_65535,2,7,137,620,0,1,0,35,0,15,1,1,pre_allocation
300,797,low_traffic,0,0,65535_65535,2,7,137,638,1,1,1,36,638,15,1,1,allocated
300,797,low_traffic,0,0,65535_65535,2,7,137,638,0,1,0,36,0,15,1,1,pre_allocation
300,797,low_traffic,0,0,65535_65535,2,7,137,656,1,1,1,37,656,15,1,1,allocated
300,797,low_traffic,0,0,65535_65535,2,7,137,656,0,1,0,37,0,15,1,1,pre_allocation
300,797,low_traffic,0,0,65535_65535,2,7,137,674,1,1,1,38,674,15,1,1,allocated
300,797,low_traffic,0,0,65535_65535,2,7,137,674,0,1,0,38,0,15,1,1,pre_allocation
300,797,low_traffic,0,0,65535_65535,2,7,137,691,1,1,1,39,691,15,1,1,allocated
300,797,low_traffic,0,0,65535_65535,2,7,137,691,0,1,0,39,0,15,1,1,pre_allocation
300,797,low_traffic,0,0,65535_65535,2,7,137,709,1,1,1,40,709,15,1,1,allocated
300,797,low_traffic,0,0,65535_65535,2,7,137,709,0,1,0,40,0,15,1,1,pre_allocation
300,797,low_traffic,0,0,65535_65535,2,7,137,727,1,1,1,41,727,15,1,1,allocated
300,797,low_traffic,0,0,65535_65535,2,7,137,727,0,1,0,41,0,15,1,1,pre_allocation
300,797,low_traffic,0,0,65535_65535,2,7,137,745,1,1,1,42,745,15,1,1,allocated
300,797,low_traffic,0,0,65535_65535,2,7,137,745,0,1,0,42,0,15,1,1,pre_allocation
300,797,low_traffic,0,0,65535_65535,2,7,137,763,1,1,1,43,763,15,1,1,allocated
300,797,low_traffic,0,0,65535_65535,2,7,137,763,0,1,0,43,0,15,1,1,pre_allocation
300,797,low_traffic,0,0,65535_65535,2,7,137,781,1,1,1,44,781,15,1,1,allocated
300,797,low_traffic,0,0,65535_65535,2,7,137,781,0,1,0,44,0,15,1,1,pre_allocation
300,797,low_traffic,0,0,65535_65535,2,7,137,798,1,1,1,45,798,15,1,1,allocated
300,797,low_traffic,0,0,65535_65535,2,7,137,798,0,1,0,45,0,15,1,1,pre_allocation
300,797,low_traffic,0,0,65535_65535,2,7,137,816,1,1,1,46,816,15,1,1,allocated
300,797,low_traffic,0,0,65535_65535,2,7,137,816,0,1,0,46,0,15,1,1,pre_allocation
300,797,low_traffic,0,0,65535_65535,2,7,137,834,1,1,1,47,834,15,1,1,allocated
300,797,low_traffic,0,0,65535_65535,2,7,137,834,0,1,0,47,0,15,1,1,pre_allocation
300,797,low_traffic,0,0,65535_65535,2,7,137,852,1,1,1,48,852,15,1,1,allocated
300,797,low_traffic,0,0,65535_65535,2,7,137,852,0,1,0,48,0,15,1,1,pre_allocation
300,797,low_traffic,0,0,65535_65535,2,7,137,870,1,1,1,49,870,15,1,1,allocated
300,797,low_traffic,0,0,65535_65535,2,7,137,870,0,1,0,49,0,15,1,1,pre_allocation
300,797,low_traffic,0,0,65535_65535,2,7,137,888,1,1,1,50,888,15,1,1,allocated
300,797,low_traffic,0,0,65535_65535,2,7,137,888,0,1,0,50,0,15,1,1,pre_allocation
300,797,low_traffic,0,0,65535_65535,2,7,137,905,1,1,1,51,905,15,1,1,allocated
300,797,low_traffic,0,0,65535_65535,2,7,137,905,0,1,0,51,0,15,1,1,pre_allocation
300,797,low_traffic,0,0,65535_65535,2,7,137,923,1,1,1,52,923,15,1,1,allocated
300,797,low_traffic,0,0,65535_65535,2,7,137,923,0,1,0,52,0,15,1,1,pre_allocation
300,797,low_traffic,0,0,65535_65535,2,7,137,941,1,1,1,53,941,15,1,1,allocated
300,797,low_traffic,0,0,65535_65535,2,7,137,941,0,1,0,53,0,15,1,1,pre_allocation
300,797,low_traffic,0,0,65535_65535,2,7,137,959,1,1,1,54,959,15,1,1,allocated
412,895,low_traffic,0,0,65535_65535,0,1,1237215,0,0,1,0,0,0,15,1,1,pre_allocation
412,895,low_traffic,0,0,65535_65535,0,1,1237215,14,1,1,1,1,14,15,1,1,allocated
412,895,low_traffic,0,0,65535_65535,0,2,665564,0,0,1,0,0,0,14,1,1,pre_allocation
412,895,low_traffic,0,0,65535_65535,0,2,665564,12,1,1,1,1,12,14,1,1,allocated
412,895,low_traffic,0,0,65535_65535,0,1,1237215,14,0,1,0,1,0,15,1,1,pre_allocation
412,895,low_traffic,0,0,65535_65535,0,1,1237215,32,1,1,1,2,32,15,1,1,allocated
412,895,low_traffic,0,0,65535_65535,0,2,665564,12,0,1,0,1,0,14,1,1,pre_allocation
412,895,low_traffic,0,0,65535_65535,0,2,665564,28,1,1,1,2,28,14,1,1,allocated
412,895,low_traffic,0,0,65535_65535,0,1,1237215,32,0,1,0,2,0,15,1,1,pre_allocation
412,895,low_traffic,0,0,65535_65535,0,1,1237215,50,1,1,1,3,50,15,1,1,allocated
412,895,low_traffic,0,0,65535_65535,0,2,665564,28,0,1,0,2,0,14,1,1,pre_allocation
412,895,low_traffic,0,0,65535_65535,0,2,665564,44,1,1,1,3,44,14,1,1,allocated
412,895,low_traffic,0,0,65535_65535,0,1,1237215,50,0,1,0,3,0,15,1,1,pre_allocation
412,895,low_traffic,0,0,65535_65535,0,1,1237215,68,1,1,1,4,68,15,1,1,allocated
412,895,low_traffic,0,0,65535_65535,0,2,665564,44,0,1,0,3,0,14,1,1,pre_allocation
412,895,low_traffic,0,0,65535_65535,0,2,665564,60,1,1,1,4,60,14,1,1,allocated
412,895,low_traffic,0,0,65535_65535,0,1,1237215,68,0,1,0,4,0,15,1,1,pre_allocation
412,895,low_traffic,0,0,65535_65535,0,1,1237215,86,1,1,1,5,86,15,1,1,allocated
412,895,low_traffic,0,0,65535_65535,0,2,665564,60,0,1,0,4,0,14,1,1,pre_allocation
412,895,low_traffic,0,0,65535_65535,0,2,665564,76,1,1,1,5,76,14,1,1,allocated
412,895,low_traffic,0,0,65535_65535,0,1,1237215,86,0,1,0,5,0,15,1,1,pre_allocation
412,895,low_traffic,0,0,65535_65535,0,1,1237215,103,1,1,1,6,103,15,1,1,allocated
412,895,low_traffic,0,0,65535_65535,0,2,665564,76,0,1,0,5,0,14,1,1,pre_allocation
412,895,low_traffic,0,0,65535_65535,0,2,665564,92,1,1,1,6,92,14,1,1,allocated
412,895,low_traffic,0,0,65535_65535,0,1,1237215,103,0,1,0,6,0,15,1,1,pre_allocation
412,895,low_traffic,0,0,65535_65535,0,1,1237215,121,1,1,1,7,121,15,1,1,allocated
412,895,low_traffic,0,0,65535_65535,0,2,665564,92,0,1,0,6,0,14,1,1,pre_allocation
412,895,low_traffic,0,0,65535_65535,0,2,665564,107,1,1,1,7,107,14,1,1,allocated
412,895,low_traffic,0,0,65535_65535,0,1,1237215,121,0,1,0,7,0,15,1,1,pre_allocation
412,895,low_traffic,0,0,65535_65535,0,1,1237215,139,1,1,1,8,139,15,1,1,allocated
412,895,low_traffic,0,0,65535_65535,0,2,665564,107,0,1,0,7,0,14,1,1,pre_allocation
412,895,low_traffic,0,0,65535_65535,0,2,665564,123,1,1,1,8,123,14,1,1,allocated
412,895,low_traffic,0,0,65535_65535,0,1,1237215,139,0,1,0,8,0,15,1,1,pre_allocation
412,895,low_traffic,0,0,65535_65535,0,1,1237215,157,1,1,1,9,157,15,1,1,allocated
412,895,low_traffic,0,0,65535_65535,0,2,665564,123,0,1,0,8,0,14,1,1,pre_allocation
412,895,low_traffic,0,0,65535_65535,0,2,665564,139,1,1,1,9,139,14,1,1,allocated
412,895,low_traffic,0,0,65535_65535,0,1,1237215,157,0,1,0,9,0,15,1,1,pre_allocation
412,895,low_traffic,0,0,65535_65535,0,1,1237215,175,1,1,1,10,175,15,1,1,allocated
412,895,low_traffic,0,0,65535_65535,0,2,665564,139,0,1,0,9,0,14,1,1,pre_allocation
412,895,low_traffic,0,0,65535_65535,0,2,665564,155,1,1,1,10,155,14,1,1,allocated
412,895,low_traffic,0,0,65535_65535,0,1,1237215,175,0,1,0,10,0,15,1,1,pre_allocation
412,895,low_traffic,0,0,65535_65535,0,1,1237215,193,1,1,1,11,193,15,1,1,allocated
412,895,low_traffic,0,0,65535_65535,0,2,665564,155,0,1,0,10,0,14,1,1,pre_allocation
412,895,low_traffic,0,0,65535_65535,0,2,665564,171,1,1,1,11,171,14,1,1,allocated
412,895,low_traffic,0,0,65535_65535,0,1,1237215,193,0,1,0,11,0,15,1,1,pre_allocation
412,895,low_traffic,0,0,65535_65535,0,1,1237215,210,1,1,1,12,210,15,1,1,allocated
412,895,low_traffic,0,0,65535_65535,0,2,665564,171,0,1,0,11,0,14,1,1,pre_allocation
412,895,low_traffic,0,0,65535_65535,0,2,665564,187,1,1,1,12,187,14,1,1,allocated
412,895,low_traffic,0,0,65535_65535,0,1,1237215,210,0,1,0,12,0,15,1,1,pre_allocation
412,895,low_traffic,0,0,65535_65535,0,1,1237215,228,1,1,1,13,228,15,1,1,allocated
412,895,low_traffic,0,0,65535_65535,0,2,665564,187,0,1,0,12,0,14,1,1,pre_allocation
412,895,low_traffic,0,0,65535_65535,0,2,665564,202,1,1,1,13,202,14,1,1,allocated
412,895,low_traffic,0,0,65535_65535,0,1,1237215,228,0,1,0,13,0,15,1,1,pre_allocation
412,895,low_traffic,0,0,65535_65535,0,1,1237215,246,1,1,1,14,246,15,1,1,allocated
412,895,low_traffic,0,0,65535_65535,0,2,665564,202,0,1,0,13,0,14,1,1,pre_allocation
412,895,low_traffic,0,0,65535_65535,0,2,665564,218,1,1,1,14,218,14,1,1,allocated
412,895,low_traffic,0,0,65535_65535,0,1,1237215,246,0,1,0,14,0,15,1,1,pre_allocation
412,895,low_traffic,0,0,65535_65535,0,1,1237215,264,1,1,1,15,264,15,1,1,allocated
412,895,low_traffic,0,0,65535_65535,0,2,665564,218,0,1,0,14,0,14,1,1,pre_allocation
412,895,low_traffic,0,0,65535_65535,0,2,665564,234,1,1,1,15,234,14,1,1,allocated
412,895,low_traffic,0,0,65535_65535,0,1,1237215,264,0,1,0,15,0,15,1,1,pre_allocation
412,895,low_traffic,0,0,65535_65535,0,1,1237215,282,1,1,1,16,282,15,1,1,allocated
412,895,low_traffic,0,0,65535_65535,0,2,665564,234,0,1,0,15,0,14,1,1,pre_allocation
412,895,low_traffic,0,0,65535_65535,0,2,665564,250,1,1,1,16,250,14,1,1,allocated
412,895,low_traffic,0,0,65535_65535,0,1,1237215,282,0,1,0,16,0,15,1,1,pre_allocation
412,895,low_traffic,0,0,65535_65535,0,1,1237215,299,1,1,1,17,299,15,1,1,allocated
412,895,low_traffic,0,0,65535_65535,0,2,665564,250,0,1,0,16,0,14,1,1,pre_allocation
412,895,low_traffic,0,0,65535_65535,0,2,665564,266,1,1,1,17,266,14,1,1,allocated
412,895,low_traffic,0,0,65535_65535,0,1,1237215,299,0,1,0,17,0,15,1,1,pre_allocation
412,895,low_traffic,0,0,65535_65535,0,1,1237215,317,1,1,1,18,317,15,1,1,allocated
412,895,low_traffic,0,0,65535_65535,0,2,665564,266,0,1,0,17,0,14,1,1,pre_allocation
412,895,low_traffic,0,0,65535_65535,0,2,665564,282,1,1,1,18,282,14,1,1,allocated
412,895,low_traffic,0,0,65535_65535,0,1,1237215,317,0,1,0,18,0,15,1,1,pre_allocation
412,895,low_traffic,0,0,65535_65535,0,1,1237215,335,1,1,1,19,335,15,1,1,allocated
412,895,low_traffic,0,0,65535_65535,0,2,665564,282,0,1,0,18,0,14,1,1,pre_allocation
412,895,low_traffic,0,0,65535_65535,0,2,665564,297,1,1,1,19,297,14,1,1,allocated
412,895,low_traffic,0,0,65535_65535,0,1,1237215,335,0,1,0,19,0,15,1,1,pre_allocation
412,895,low_traffic,0,0,65535_65535,0,1,1237215,353,1,1,1,20,353,15,1,1,allocated
412,895,low_traffic,0,0,65535_65535,0,2,665564,297,0,1,0,19,0,14,1,1,pre_allocation
412,895,low_traffic,0,0,65535_65535,0,2,665564,313,1,1,1,20,313,14,1,1,allocated
412,895,low_traffic,0,0,65535_65535,0,1,1237215,353,0,1,0,20,0,15,1,1,pre_allocation
412,895,low_traffic,0,0,65535_65535,0,1,1237215,371,1,1,1,21,371,15,1,1,allocated
412,895,low_traffic,0,0,65535_65535,0,2,665564,313,0,1,0,20,0,14,1,1,pre_allocation
412,895,low_traffic,0,0,65535_65535,0,2,665564,329,1,1,1,21,329,14,1,1,allocated
412,895,low_traffic,0,0,65535_65535,0,1,1237215,371,0,1,0,21,0,15,1,1,pre_allocation
412,895,low_traffic,0,0,65535_65535,0,1,1237215,389,1,1,1,22,389,15,1,1,allocated
412,895,low_traffic,0,0,65535_65535,0,2,665564,329,0,1,0,21,0,14,1,1,pre_allocation
412,895,low_traffic,0,0,65535_65535,0,2,665564,345,1,1,1,22,345,14,1,1,allocated
412,895,low_traffic,0,0,65535_65535,0,1,1237215,389,0,1,0,22,0,15,1,1,pre_allocation
412,895,low_traffic,0,0,65535_65535,0,1,1237215,406,1,1,1,23,406,15,1,1,allocated
412,895,low_traffic,0,0,65535_65535,0,2,665564,345,0,1,0,22,0,14,1,1,pre_allocation
412,895,low_traffic,0,0,65535_65535,0,2,665564,361,1,1,1,23,361,14,1,1,allocated
412,895,low_traffic,0,0,65535_65535,0,1,1237215,406,0,1,0,23,0,15,1,1,pre_allocation
412,895,low_traffic,0,0,65535_65535,0,1,1237215,424,1,1,1,24,424,15,1,1,allocated
412,895,low_traffic,0,0,65535_65535,0,2,665564,361,0,1,0,23,0,14,1,1,pre_allocation
412,895,low_traffic,0,0,65535_65535,0,2,665564,377,1,1,1,24,377,14,1,1,allocated
412,895,low_traffic,0,0,65535_65535,0,1,1237215,424,0,1,0,24,0,15,1,1,pre_allocation
412,895,low_traffic,0,0,65535_65535,0,1,1237215,442,1,1,1,25,442,15,1,1,allocated
412,895,low_traffic,0,0,65535_65535,0,2,665564,377,0,1,0,24,0,14,1,1,pre_allocation
412,895,low_traffic,0,0,65535_65535,0,2,665564,393,1,1,1,25,393,14,1,1,allocated
412,895,low_traffic,0,0,65535_65535,0,1,1237215,442,0,1,0,25,0,15,1,1,pre_allocation
412,895,low_traffic,0,0,65535_65535,0,1,1237215,460,1,1,1,26,460,15,1,1,allocated
412,895,low_traffic,0,0,65535_65535,0,2,665564,393,0,1,0,25,0,14,1,1,pre_allocation
412,895,low_traffic,0,0,65535_65535,0,2,665564,408,1,1,1,26,408,14,1,1,allocated
412,895,low_traffic,0,0,65535_65535,0,1,1237215,460,0,1,0,26,0,15,1,1,pre_allocation
412,895,low_traffic,0,0,65535_65535,0,1,1237215,478,1,1,1,27,478,15,1,1,allocated
412,895,low_traffic,0,0,65535_65535,0,2,665564,408,0,1,0,26,0,14,1,1,pre_allocation
412,895,low_traffic,0,0,65535_65535,0,2,665564,424,1,1,1,27,424,14,1,1,allocated
412,895,low_traffic,0,0,65535_65535,0,1,1237215,478,0,1,0,27,0,15,1,1,pre_allocation
412,895,low_traffic,0,0,65535_65535,0,1,1237215,495,1,1,1,28,495,15,1,1,allocated
412,895,low_traffic,0,0,65535_65535,0,2,665564,424,0,1,0,27,0,14,1,1,pre_allocation
412,895,low_traffic,0,0,65535_65535,0,2,665564,440,1,1,1,28,440,14,1,1,allocated
412,895,low_traffic,0,0,65535_65535,0,1,1237215,495,0,1,0,28,0,15,1,1,pre_allocation
412,895,low_traffic,0,0,65535_65535,0,1,1237215,513,1,1,1,29,513,15,1,1,allocated
412,895,low_traffic,0,0,65535_65535,0,2,665564,440,0,1,0,28,0,14,1,1,pre_allocation
412,895,low_traffic,0,0,65535_65535,0,2,665564,456,1,1,1,29,456,14,1,1,allocated
412,895,low_traffic,0,0,65535_65535,0,1,1237215,513,0,1,0,29,0,15,1,1,pre_allocation
412,895,low_traffic,0,0,65535_65535,0,1,1237215,531,1,1,1,30,531,15,1,1,allocated
412,895,low_traffic,0,0,65535_65535,0,2,665564,456,0,1,0,29,0,14,1,1,pre_allocation
412,895,low_traffic,0,0,65535_65535,0,2,665564,472,1,1,1,30,472,14,1,1,allocated
412,895,low_traffic,0,0,65535_65535,0,1,1237215,531,0,1,0,30,0,15,1,1,pre_allocation
412,895,low_traffic,0,0,65535_65535,0,1,1237215,549,1,1,1,31,549,15,1,1,allocated
412,895,low_traffic,0,0,65535_65535,0,2,665564,472,0,1,0,30,0,14,1,1,pre_allocation
412,895,low_traffic,0,0,65535_65535,0,2,665564,488,1,1,1,31,488,14,1,1,allocated
412,895,low_traffic,0,0,65535_65535,0,1,1237215,549,0,1,0,31,0,15,1,1,pre_allocation
412,895,low_traffic,0,0,65535_65535,0,1,1237215,567,1,1,1,32,567,15,1,1,allocated
412,895,low_traffic,0,0,65535_65535,0,2,665564,488,0,1,0,31,0,14,1,1,pre_allocation
412,895,low_traffic,0,0,65535_65535,0,2,665564,503,1,1,1,32,503,14,1,1,allocated
412,895,low_traffic,0,0,65535_65535,0,1,1237215,567,0,1,0,32,0,15,1,1,pre_allocation
412,895,low_traffic,0,0,65535_65535,0,1,1237215,585,1,1,1,33,585,15,1,1,allocated
412,895,low_traffic,0,0,65535_65535,0,2,665564,503,0,1,0,32,0,14,1,1,pre_allocation
412,895,low_traffic,0,0,65535_65535,0,2,665564,519,1,1,1,33,519,14,1,1,allocated
412,895,low_traffic,0,0,65535_65535,0,1,1237215,585,0,1,0,33,0,15,1,1,pre_allocation
412,895,low_traffic,0,0,65535_65535,0,1,1237215,602,1,1,1,34,602,15,1,1,allocated
412,895,low_traffic,0,0,65535_65535,0,2,665564,519,0,1,0,33,0,14,1,1,pre_allocation
412,895,low_traffic,0,0,65535_65535,0,2,665564,535,1,1,1,34,535,14,1,1,allocated
412,895,low_traffic,0,0,65535_65535,0,1,1237215,602,0,1,0,34,0,15,1,1,pre_allocation
412,895,low_traffic,0,0,65535_65535,0,1,1237215,620,1,1,1,35,620,15,1,1,allocated
412,895,low_traffic,0,0,65535_65535,0,2,665564,535,0,1,0,34,0,14,1,1,pre_allocation
412,895,low_traffic,0,0,65535_65535,0,2,665564,551,1,1,1,35,551,14,1,1,allocated
412,895,low_traffic,0,0,65535_65535,0,1,1237215,620,0,1,0,35,0,15,1,1,pre_allocation
412,895,low_traffic,0,0,65535_65535,0,1,1237215,638,1,1,1,36,638,15,1,1,allocated
412,895,low_traffic,0,0,65535_65535,1,4,251,0,0,1,0,0,0,2,1,1,pre_allocation
412,895,low_traffic,0,0,65535_65535,1,4,251,1,1,1,1,1,1,2,1,1,allocated
412,895,low_traffic,0,0,65535_65535,1,3,251,0,0,1,0,0,0,14,1,1,pre_allocation
412,895,low_traffic,0,0,65535_65535,1,3,251,12,1,1,1,1,12,14,1,1,allocated
412,895,low_traffic,0,0,65535_65535,1,4,251,1,0,1,0,1,0,2,1,1,pre_allocation
412,895,low_traffic,0,0,65535_65535,1,4,251,0,1,1,1,2,0,2,1,1,allocated
412,895,low_traffic,0,0,65535_65535,1,3,251,12,0,1,0,1,0,14,1,1,pre_allocation
412,895,low_traffic,0,0,65535_65535,1,3,251,28,1,1,1,2,28,14,1,1,allocated
412,895,low_traffic,0,0,65535_65535,1,4,251,0,0,1,0,2,0,2,1,1,pre_allocation
412,895,low_traffic,0,0,65535_65535,1,4,251,2,1,1,1,3,2,2,1,1,allocated
412,895,low_traffic,0,0,65535_65535,1,3,251,28,0,1,0,2,0,14,1,1,pre_allocation
412,895,low_traffic,0,0,65535_65535,1,3,251,44,1,1,1,3,44,14,1,1,allocated
412,895,low_traffic,0,0,65535_65535,1,4,251,2,0,1,0,3,0,2,1,1,pre_allocation
412,895,low_traffic,0,0,65535_65535,1,4,251,4,1,1,1,4,4,2,1,1,allocated
412,895,low_traffic,0,0,65535_65535,1,3,251,44,0,1,0,3,0,14,1,1,pre_allocation
412,895,low_traffic,0,0,65535_65535,1,3,251,60,1,1,1,4,60,14,1,1,allocated
412,895,low_traffic,0,0,65535_65535,1,4,251,4,0,1,0,4,0,2,1,1,pre_allocation
412,895,low_traffic,0,0,65535_65535,1,4,251,6,1,1,1,5,6,2,1,1,allocated
412,895,low_traffic,0,0,65535_65535,1,3,251,60,0,1,0,4,0,14,1,1,pre_allocation
412,895,low_traffic,0,0,65535_65535,1,3,251,76,1,1,1,5,76,14,1,1,allocated
412,895,low_traffic,0,0,65535_65535,1,4,251,6,0,1,0,5,0,2,1,1,pre_allocation
412,895,low_traffic,0,0,65535_65535,1,4,251,7,1,1,1,6,7,2,1,1,allocated
412,895,low_traffic,0,0,65535_65535,1,3,251,76,0,1,0,5,0,14,1,1,pre_allocation
412,895,low_traffic,0,0,65535_65535,1,3,251,92,1,1,1,6,92,14,1,1,allocated
412,895,low_traffic,0,0,65535_65535,1,4,251,7,0,1,0,6,0,2,1,1,pre_allocation
412,895,low_traffic,0,0,65535_65535,1,4,251,9,1,1,1,7,9,2,1,1,allocated
412,895,low_traffic,0,0,65535_65535,1,3,251,92,0,1,0,6,0,14,1,1,pre_allocation
412,895,low_traffic,0,0,65535_65535,1,3,251,107,1,1,1,7,107,14,1,1,allocated
412,895,low_traffic,0,0,65535_65535,1,4,251,9,0,1,0,7,0,2,1,1,pre_allocation
412,895,low_traffic,0,0,65535_65535,1,4,251,11,1,1,1,8,11,2,1,1,allocated
412,895,low_traffic,0,0,65535_65535,1,3,251,107,0,1,0,7,0,14,1,1,pre_allocation
412,895,low_traffic,0,0,65535_65535,1,3,251,123,1,1,1,8,123,14,1,1,allocated
412,895,low_traffic,0,0,65535_65535,1,4,251,11,0,1,0,8,0,2,1,1,pre_allocation
412,895,low_traffic,0,0,65535_65535,1,4,251,13,1,1,1,9,13,2,1,1,allocated
412,895,low_traffic,0,0,65535_65535,1,3,251,123,0,1,0,8,0,14,1,1,pre_allocation
412,895,low_traffic,0,0,65535_65535,1,3,251,139,1,1,1,9,139,14,1,1,allocated
412,895,low_traffic,0,0,65535_65535,1,4,251,13,0,1,0,9,0,2,1,1,pre_allocation
412,895,low_traffic,0,0,65535_65535,1,4,251,15,1,1,1,10,15,2,1,1,allocated
412,895,low_traffic,0,0,65535_65535,1,3,251,139,0,1,0,9,0,14,1,1,pre_allocation
412,895,low_traffic,0,0,65535_65535,1,3,251,155,1,1,1,10,155,14,1,1,allocated
412,895,low_traffic,0,0,65535_65535,1,4,251,15,0,1,0,10,0,2,1,1,pre_allocation
412,895,low_traffic,0,0,65535_65535,1,4,251,16,1,1,1,11,16,2,1,1,allocated
412,895,low_traffic,0,0,65535_65535,1,3,251,155,0,1,0,10,0,14,1,1,pre_allocation
412,895,low_traffic,0,0,65535_65535,1,3,251,171,1,1,1,11,171,14,1,1,allocated
412,895,low_traffic,0,0,65535_65535,1,4,251,16,0,1,0,11,0,2,1,1,pre_allocation
412,895,low_traffic,0,0,65535_65535,1,4,251,18,1,1,1,12,18,2,1,1,allocated
412,895,low_traffic,0,0,65535_65535,1,3,251,171,0,1,0,11,0,14,1,1,pre_allocation
412,895,low_traffic,0,0,65535_65535,1,3,251,187,1,1,1,12,187,14,1,1,allocated
412,895,low_traffic,0,0,65535_65535,1,4,251,18,0,1,0,12,0,2,1,1,pre_allocation
412,895,low_traffic,0,0,65535_65535,1,4,251,20,1,1,1,13,20,2,1,1,allocated
412,895,low_traffic,0,0,65535_65535,1,3,251,187,0,1,0,12,0,14,1,1,pre_allocation
412,895,low_traffic,0,0,65535_65535,1,3,251,202,1,1,1,13,202,14,1,1,allocated
412,895,low_traffic,0,0,65535_65535,1,4,251,20,0,1,0,13,0,2,1,1,pre_allocation
412,895,low_traffic,0,0,65535_65535,1,4,251,22,1,1,1,14,22,2,1,1,allocated
412,895,low_traffic,0,0,65535_65535,1,3,251,202,0,1,0,13,0,14,1,1,pre_allocation
412,895,low_traffic,0,0,65535_65535,1,3,251,218,1,1,1,14,218,14,1,1,allocated
412,895,low_traffic,0,0,65535_65535,1,4,251,22,0,1,0,14,0,2,1,1,pre_allocation
412,895,low_traffic,0,0,65535_65535,1,4,251,24,1,1,1,15,24,2,1,1,allocated
412,895,low_traffic,0,0,65535_65535,1,3,251,218,0,1,0,14,0,14,1,1,pre_allocation
412,895,low_traffic,0,0,65535_65535,1,3,251,234,1,1,1,15,234,14,1,1,allocated
412,895,low_traffic,0,0,65535_65535,1,4,251,24,0,1,0,15,0,2,1,1,pre_allocation
412,895,low_traffic,0,0,65535_65535,1,4,251,26,1,1,1,16,26,2,1,1,allocated
412,895,low_traffic,0,0,65535_65535,1,3,251,234,0,1,0,15,0,14,1,1,pre_allocation
412,895,low_traffic,0,0,65535_65535,1,3,251,250,1,1,1,16,250,14,1,1,allocated
412,895,low_traffic,0,0,65535_65535,1,4,251,26,0,1,0,16,0,2,1,1,pre_allocation
412,895,low_traffic,0,0,65535_65535,1,4,251,27,1,1,1,17,27,2,1,1,allocated
412,895,low_traffic,0,0,65535_65535,1,3,251,250,0,1,0,16,0,14,1,1,pre_allocation
412,895,low_traffic,0,0,65535_65535,1,3,251,266,1,1,1,17,266,14,1,1,allocated
412,895,low_traffic,0,0,65535_65535,1,4,251,27,0,1,0,17,0,2,1,1,pre_allocation
412,895,low_traffic,0,0,65535_65535,1,4,251,29,1,1,1,18,29,2,1,1,allocated
412,895,low_traffic,0,0,65535_65535,1,3,251,266,0,1,0,17,0,14,1,1,pre_allocation
412,895,low_traffic,0,0,65535_65535,1,3,251,282,1,1,1,18,282,14,1,1,allocated
412,895,low_traffic,0,0,65535_65535,1,4,251,29,0,1,0,18,0,2,1,1,pre_allocation
412,895,low_traffic,0,0,65535_65535,1,4,251,31,1,1,1,19,31,2,1,1,allocated
412,895,low_traffic,0,0,65535_65535,1,3,251,282,0,1,0,18,0,14,1,1,pre_allocation
412,895,low_traffic,0,0,65535_65535,1,3,251,297,1,1,1,19,297,14,1,1,allocated
412,895,low_traffic,0,0,65535_65535,1,4,251,31,0,1,0,19,0,2,1,1,pre_allocation
412,895,low_traffic,0,0,65535_65535,1,4,251,33,1,1,1,20,33,2,1,1,allocated
412,895,low_traffic,0,0,65535_65535,1,3,251,297,0,1,0,19,0,14,1,1,pre_allocation
412,895,low_traffic,0,0,65535_65535,1,3,251,313,1,1,1,20,313,14,1,1,allocated
412,895,low_traffic,0,0,65535_65535,1,4,251,33,0,1,0,20,0,2,1,1,pre_allocation
412,895,low_traffic,0,0,65535_65535,1,4,251,35,1,1,1,21,35,2,1,1,allocated
412,895,low_traffic,0,0,65535_65535,1,3,251,313,0,1,0,20,0,14,1,1,pre_allocation
412,895,low_traffic,0,0,65535_65535,1,3,251,329,1,1,1,21,329,14,1,1,allocated
412,895,low_traffic,0,0,65535_65535,1,4,251,35,0,1,0,21,0,2,1,1,pre_allocation
412,895,low_traffic,0,0,65535_65535,1,4,251,36,1,1,1,22,36,2,1,1,allocated
412,895,low_traffic,0,0,65535_65535,1,3,251,329,0,1,0,21,0,14,1,1,pre_allocation
412,895,low_traffic,0,0,65535_65535,1,3,251,345,1,1,1,22,345,14,1,1,allocated
412,895,low_traffic,0,0,65535_65535,1,4,251,36,0,1,0,22,0,2,1,1,pre_allocation
412,895,low_traffic,0,0,65535_65535,1,4,251,38,1,1,1,23,38,2,1,1,allocated
412,895,low_traffic,0,0,65535_65535,1,3,251,345,0,1,0,22,0,14,1,1,pre_allocation
412,895,low_traffic,0,0,65535_65535,1,3,251,361,1,1,1,23,361,14,1,1,allocated
412,895,low_traffic,0,0,65535_65535,1,4,251,38,0,1,0,23,0,2,1,1,pre_allocation
412,895,low_traffic,0,0,65535_65535,1,4,251,40,1,1,1,24,40,2,1,1,allocated
412,895,low_traffic,0,0,65535_65535,1,3,251,361,0,1,0,23,0,14,1,1,pre_allocation
412,895,low_traffic,0,0,65535_65535,1,3,251,377,1,1,1,24,377,14,1,1,allocated
412,895,low_traffic,0,0,65535_65535,1,4,251,40,0,1,0,24,0,2,1,1,pre_allocation
412,895,low_traffic,0,0,65535_65535,1,4,251,42,1,1,1,25,42,2,1,1,allocated
412,895,low_traffic,0,0,65535_65535,1,3,251,377,0,1,0,24,0,14,1,1,pre_allocation
412,895,low_traffic,0,0,65535_65535,1,3,251,393,1,1,1,25,393,14,1,1,allocated
412,895,low_traffic,0,0,65535_65535,1,4,251,42,0,1,0,25,0,2,1,1,pre_allocation
412,895,low_traffic,0,0,65535_65535,1,4,251,44,1,1,1,26,44,2,1,1,allocated
412,895,low_traffic,0,0,65535_65535,1,3,251,393,0,1,0,25,0,14,1,1,pre_allocation
412,895,low_traffic,0,0,65535_65535,1,3,251,408,1,1,1,26,408,14,1,1,allocated
412,895,low_traffic,0,0,65535_65535,1,4,251,44,0,1,0,26,0,2,1,1,pre_allocation
412,895,low_traffic,0,0,65535_65535,1,4,251,46,1,1,1,27,46,2,1,1,allocated
412,895,low_traffic,0,0,65535_65535,1,3,251,408,0,1,0,26,0,14,1,1,pre_allocation
412,895,low_traffic,0,0,65535_65535,1,3,251,424,1,1,1,27,424,14,1,1,allocated
412,895,low_traffic,0,0,65535_65535,1,4,251,46,0,1,0,27,0,2,1,1,pre_allocation
412,895,low_traffic,0,0,65535_65535,1,4,251,47,1,1,1,28,47,2,1,1,allocated
412,895,low_traffic,0,0,65535_65535,1,3,251,424,0,1,0,27,0,14,1,1,pre_allocation
412,895,low_traffic,0,0,65535_65535,1,3,251,440,1,1,1,28,440,14,1,1,allocated
412,895,low_traffic,0,0,65535_65535,1,4,251,47,0,1,0,28,0,2,1,1,pre_allocation
412,895,low_traffic,0,0,65535_65535,1,4,251,49,1,1,1,29,49,2,1,1,allocated
412,895,low_traffic,0,0,65535_65535,1,3,251,440,0,1,0,28,0,14,1,1,pre_allocation
412,895,low_traffic,0,0,65535_65535,1,3,251,456,1,1,1,29,456,14,1,1,allocated
412,895,low_traffic,0,0,65535_65535,1,4,251,49,0,1,0,29,0,2,1,1,pre_allocation
412,895,low_traffic,0,0,65535_65535,1,4,251,51,1,1,1,30,51,2,1,1,allocated
412,895,low_traffic,0,0,65535_65535,1,3,251,456,0,1,0,29,0,14,1,1,pre_allocation
412,895,low_traffic,0,0,65535_65535,1,3,251,472,1,1,1,30,472,14,1,1,allocated
412,895,low_traffic,0,0,65535_65535,1,4,251,51,0,1,0,30,0,2,1,1,pre_allocation
412,895,low_traffic,0,0,65535_65535,1,4,251,53,1,1,1,31,53,2,1,1,allocated
412,895,low_traffic,0,0,65535_65535,1,3,251,472,0,1,0,30,0,14,1,1,pre_allocation
412,895,low_traffic,0,0,65535_65535,1,3,251,488,1,1,1,31,488,14,1,1,allocated
412,895,low_traffic,0,0,65535_65535,1,4,251,53,0,1,0,31,0,2,1,1,pre_allocation
412,895,low_traffic,0,0,65535_65535,1,4,251,55,1,1,1,32,55,2,1,1,allocated
412,895,low_traffic,0,0,65535_65535,1,3,251,488,0,1,0,31,0,14,1,1,pre_allocation
412,895,low_traffic,0,0,65535_65535,1,3,251,503,1,1,1,32,503,14,1,1,allocated
412,895,low_traffic,0,0,65535_65535,1,4,251,55,0,1,0,32,0,2,1,1,pre_allocation
412,895,low_traffic,0,0,65535_65535,1,4,251,56,1,1,1,33,56,2,1,1,allocated
412,895,low_traffic,0,0,65535_65535,1,3,251,503,0,1,0,32,0,14,1,1,pre_allocation
412,895,low_traffic,0,0,65535_65535,1,3,251,519,1,1,1,33,519,14,1,1,allocated
412,895,low_traffic,0,0,65535_65535,1,4,251,56,0,1,0,33,0,2,1,1,pre_allocation
412,895,low_traffic,0,0,65535_65535,1,4,251,58,1,1,1,34,58,2,1,1,allocated
412,895,low_traffic,0,0,65535_65535,1,3,251,519,0,1,0,33,0,14,1,1,pre_allocation
412,895,low_traffic,0,0,65535_65535,1,3,251,535,1,1,1,34,535,14,1,1,allocated
412,895,low_traffic,0,0,65535_65535,1,4,251,58,0,1,0,34,0,2,1,1,pre_allocation
412,895,low_traffic,0,0,65535_65535,1,4,251,60,1,1,1,35,60,2,1,1,allocated
412,895,low_traffic,0,0,65535_65535,1,3,251,535,0,1,0,34,0,14,1,1,pre_allocation
412,895,low_traffic,0,0,65535_65535,1,3,251,551,1,1,1,35,551,14,1,1,allocated
412,895,low_traffic,0,0,65535_65535,1,4,251,60,0,1,0,35,0,2,1,1,pre_allocation
412,895,low_traffic,0,0,65535_65535,1,4,251,62,1,1,1,36,62,2,1,1,allocated
412,895,low_traffic,0,0,65535_65535,1,3,251,551,0,1,0,35,0,14,1,1,pre_allocation
412,895,low_traffic,0,0,65535_65535,1,3,251,567,1,1,1,36,567,14,1,1,allocated
412,895,low_traffic,0,0,65535_65535,1,4,251,62,0,1,0,36,0,2,1,1,pre_allocation
412,895,low_traffic,0,0,65535_65535,1,4,251,64,1,1,1,37,64,2,1,1,allocated
412,895,low_traffic,0,0,65535_65535,1,3,251,567,0,1,0,36,0,14,1,1,pre_allocation
412,895,low_traffic,0,0,65535_65535,1,3,251,583,1,1,1,37,583,14,1,1,allocated
412,895,low_traffic,0,0,65535_65535,1,4,251,64,0,1,0,37,0,2,1,1,pre_allocation
412,895,low_traffic,0,0,65535_65535,1,4,251,65,1,1,1,38,65,2,1,1,allocated
412,895,low_traffic,0,0,65535_65535,1,3,251,583,0,1,0,37,0,14,1,1,pre_allocation
412,895,low_traffic,0,0,65535_65535,1,3,251,598,1,1,1,38,598,14,1,1,allocated
412,895,low_traffic,0,0,65535_65535,1,4,251,65,0,1,0,38,0,2,1,1,pre_allocation
412,895,low_traffic,0,0,65535_65535,1,4,251,67,1,1,1,39,67,2,1,1,allocated
412,895,low_traffic,0,0,65535_65535,1,3,251,598,0,1,0,38,0,14,1,1,pre_allocation
412,895,low_traffic,0,0,65535_65535,1,3,251,614,1,1,1,39,614,14,1,1,allocated
412,895,low_traffic,0,0,65535_65535,1,4,251,67,0,1,0,39,0,2,1,1,pre_allocation
412,895,low_traffic,0,0,65535_65535,1,4,251,69,1,1,1,40,69,2,1,1,allocated
412,895,low_traffic,0,0,65535_65535,1,3,251,614,0,1,0,39,0,14,1,1,pre_allocation
412,895,low_traffic,0,0,65535_65535,1,3,251,630,1,1,1,40,630,14,1,1,allocated
412,895,low_traffic,0,0,65535_65535,1,4,251,69,0,1,0,40,0,2,1,1,pre_allocation
412,895,low_traffic,0,0,65535_65535,1,4,251,71,1,1,1,41,71,2,1,1,allocated
412,895,low_traffic,0,0,65535_65535,1,3,251,630,0,1,0,40,0,14,1,1,pre_allocation
412,895,low_traffic,0,0,65535_65535,1,3,251,646,1,1,1,41,646,14,1,1,allocated
412,895,low_traffic,0,0,65535_65535,1,4,251,71,0,1,0,41,0,2,1,1,pre_allocation
412,895,low_traffic,0,0,65535_65535,1,4,251,73,1,1,1,42,73,2,1,1,allocated
412,895,low_traffic,0,0,65535_65535,1,3,251,646,0,1,0,41,0,14,1,1,pre_allocation
412,895,low_traffic,0,0,65535_65535,1,3,251,662,1,1,1,42,662,14,1,1,allocated
412,895,low_traffic,0,0,65535_65535,1,4,251,73,0,1,0,42,0,2,1,1,pre_allocation
412,895,low_traffic,0,0,65535_65535,1,4,251,75,1,1,1,43,75,2,1,1,allocated
412,895,low_traffic,0,0,65535_65535,1,3,251,662,0,1,0,42,0,14,1,1,pre_allocation
412,895,low_traffic,0,0,65535_65535,1,3,251,678,1,1,1,43,678,14,1,1,allocated
412,895,low_traffic,0,0,65535_65535,1,4,251,75,0,1,0,43,0,2,1,1,pre_allocation
412,895,low_traffic,0,0,65535_65535,1,4,251,76,1,1,1,44,76,2,1,1,allocated
412,895,low_traffic,0,0,65535_65535,1,3,251,678,0,1,0,43,0,14,1,1,pre_allocation
412,895,low_traffic,0,0,65535_65535,1,3,251,693,1,1,1,44,693,14,1,1,allocated
412,895,low_traffic,0,0,65535_65535,1,4,251,76,0,1,0,44,0,2,1,1,pre_allocation
412,895,low_traffic,0,0,65535_65535,1,4,251,78,1,1,1,45,78,2,1,1,allocated
412,895,low_traffic,0,0,65535_65535,1,3,251,693,0,1,0,44,0,14,1,1,pre_allocation
412,895,low_traffic,0,0,65535_65535,1,3,251,709,1,1,1,45,709,14,1,1,allocated
412,895,low_traffic,0,0,65535_65535,1,4,251,78,0,1,0,45,0,2,1,1,pre_allocation
412,895,low_traffic,0,0,65535_65535,1,4,251,80,1,1,1,46,80,2,1,1,allocated
412,895,low_traffic,0,0,65535_65535,1,3,251,709,0,1,0,45,0,14,1,1,pre_allocation
412,895,low_traffic,0,0,65535_65535,1,3,251,725,1,1,1,46,725,14,1,1,allocated
412,895,low_traffic,0,0,65535_65535,1,4,251,80,0,1,0,46,0,2,1,1,pre_allocation
412,895,low_traffic,0,0,65535_65535,1,4,251,82,1,1,1,47,82,2,1,1,allocated
412,895,low_traffic,0,0,65535_65535,1,3,251,725,0,1,0,46,0,14,1,1,pre_allocation
412,895,low_traffic,0,0,65535_65535,1,3,251,741,1,1,1,47,741,14,1,1,allocated
412,895,low_traffic,0,0,65535_65535,1,4,251,82,0,1,0,47,0,2,1,1,pre_allocation
412,895,low_traffic,0,0,65535_65535,1,4,251,84,1,1,1,48,84,2,1,1,allocated
412,895,low_traffic,0,0,65535_65535,1,3,251,741,0,1,0,47,0,14,1,1,pre_allocation
412,895,low_traffic,0,0,65535_65535,1,3,251,757,1,1,1,48,757,14,1,1,allocated
412,895,low_traffic,0,0,65535_65535,1,4,251,84,0,1,0,48,0,2,1,1,pre_allocation
412,895,low_traffic,0,0,65535_65535,1,4,251,85,1,1,1,49,85,2,1,1,allocated
412,895,low_traffic,0,0,65535_65535,1,3,251,757,0,1,0,48,0,14,1,1,pre_allocation
412,895,low_traffic,0,0,65535_65535,1,3,251,773,1,1,1,49,773,14,1,1,allocated
412,895,low_traffic,0,0,65535_65535,1,4,251,85,0,1,0,49,0,2,1,1,pre_allocation
412,895,low_traffic,0,0,65535_65535,1,4,251,87,1,1,1,50,87,2,1,1,allocated
412,895,low_traffic,0,0,65535_65535,1,3,251,773,0,1,0,49,0,14,1,1,pre_allocation
412,895,low_traffic,0,0,65535_65535,1,3,251,789,1,1,1,50,789,14,1,1,allocated
412,895,low_traffic,0,0,65535_65535,1,4,251,87,0,1,0,50,0,2,1,1,pre_allocation
412,895,low_traffic,0,0,65535_65535,1,4,251,89,1,1,1,51,89,2,1,1,allocated
412,895,low_traffic,0,0,65535_65535,1,3,251,789,0,1,0,50,0,14,1,1,pre_allocation
412,895,low_traffic,0,0,65535_65535,1,3,251,804,1,1,1,51,804,14,1,1,allocated
412,895,low_traffic,0,0,65535_65535,1,4,251,89,0,1,0,51,0,2,1,1,pre_allocation
412,895,low_traffic,0,0,65535_65535,1,4,251,91,1,1,1,52,91,2,1,1,allocated
412,895,low_traffic,0,0,65535_65535,1,3,251,804,0,1,0,51,0,14,1,1,pre_allocation
412,895,low_traffic,0,0,65535_65535,1,3,251,820,1,1,1,52,820,14,1,1,allocated
412,895,low_traffic,0,0,65535_65535,1,4,251,91,0,1,0,52,0,2,1,1,pre_allocation
412,895,low_traffic,0,0,65535_65535,1,4,251,93,1,1,1,53,93,2,1,1,allocated
412,895,low_traffic,0,0,65535_65535,1,3,251,820,0,1,0,52,0,14,1,1,pre_allocation
412,895,low_traffic,0,0,65535_65535,1,3,251,836,1,1,1,53,836,14,1,1,allocated
412,895,low_traffic,0,0,65535_65535,1,4,251,93,0,1,0,53,0,2,1,1,pre_allocation
412,895,low_traffic,0,0,65535_65535,1,4,251,95,1,1,1,54,95,2,1,1,allocated
412,895,low_traffic,0,0,65535_65535,1,3,251,836,0,1,0,53,0,14,1,1,pre_allocation
412,895,low_traffic,0,0,65535_65535,1,3,251,852,1,1,1,54,852,14,1,1,allocated
412,895,low_traffic,0,0,65535_65535,1,4,251,95,0,1,0,54,0,2,1,1,pre_allocation
412,895,low_traffic,0,0,65535_65535,1,4,251,96,1,1,1,55,96,2,1,1,allocated
412,895,low_traffic,0,0,65535_65535,1,3,251,852,0,1,0,54,0,14,1,1,pre_allocation
412,895,low_traffic,0,0,65535_65535,1,3,251,868,1,1,1,55,868,14,1,1,allocated
412,895,low_traffic,0,0,65535_65535,1,4,251,96,0,1,0,55,0,2,1,1,pre_allocation
412,895,low_traffic,0,0,65535_65535,1,4,251,98,1,1,1,56,98,2,1,1,allocated
412,895,low_traffic,0,0,65535_65535,1,3,251,868,0,1,0,55,0,14,1,1,pre_allocation
412,895,low_traffic,0,0,65535_65535,1,3,251,884,1,1,1,56,884,14,1,1,allocated
412,895,low_traffic,0,0,65535_65535,1,4,251,98,0,1,0,56,0,2,1,1,pre_allocation
412,895,low_traffic,0,0,65535_65535,1,4,251,100,1,1,1,57,100,2,1,1,allocated
412,895,low_traffic,0,0,65535_65535,1,3,251,884,0,1,0,56,0,14,1,1,pre_allocation
412,895,low_traffic,0,0,65535_65535,1,3,251,899,1,1,1,57,899,14,1,1,allocated
412,895,low_traffic,0,0,65535_65535,1,4,251,100,0,1,0,57,0,2,1,1,pre_allocation
412,895,low_traffic,0,0,65535_65535,1,4,251,102,1,1,1,58,102,2,1,1,allocated
412,895,low_traffic,0,0,65535_65535,1,3,251,899,0,1,0,57,0,14,1,1,pre_allocation
412,895,low_traffic,0,0,65535_65535,1,3,251,915,1,1,1,58,915,14,1,1,allocated
412,895,low_traffic,0,0,65535_65535,1,4,251,102,0,1,0,58,0,2,1,1,pre_allocation
412,895,low_traffic,0,0,65535_65535,1,4,251,104,1,1,1,59,104,2,1,1,allocated
412,895,low_traffic,0,0,65535_65535,1,3,251,915,0,1,0,58,0,14,1,1,pre_allocation
412,895,low_traffic,0,0,65535_65535,1,3,251,931,1,1,1,59,931,14,1,1,allocated
412,895,low_traffic,0,0,65535_65535,1,4,251,104,0,1,0,59,0,2,1,1,pre_allocation
412,895,low_traffic,0,0,65535_65535,1,4,251,105,1,1,1,60,105,2,1,1,allocated
412,895,low_traffic,0,0,65535_65535,1,3,251,931,0,1,0,59,0,14,1,1,pre_allocation
412,895,low_traffic,0,0,65535_65535,1,3,251,947,1,1,1,60,947,14,1,1,allocated
412,895,low_traffic,0,0,65535_65535,1,4,251,105,0,1,0,60,0,2,1,1,pre_allocation
412,895,low_traffic,0,0,65535_65535,1,4,251,107,1,1,1,61,107,2,1,1,allocated
412,895,low_traffic,0,0,65535_65535,1,3,251,947,0,1,0,60,0,14,1,1,pre_allocation
412,895,low_traffic,0,0,65535_65535,1,3,251,963,1,1,1,61,963,14,1,1,allocated
412,895,low_traffic,0,0,65535_65535,1,4,251,107,0,1,0,61,0,2,1,1,pre_allocation
412,895,low_traffic,0,0,65535_65535,1,4,251,109,1,1,1,62,109,2,1,1,allocated
412,895,low_traffic,0,0,65535_65535,1,3,251,963,0,1,0,61,0,14,1,1,pre_allocation
412,895,low_traffic,0,0,65535_65535,1,3,251,979,1,1,1,62,979,14,1,1,allocated
412,895,low_traffic,0,0,65535_65535,1,4,251,109,0,1,0,62,0,2,1,1,pre_allocation
412,895,low_traffic,0,0,65535_65535,1,4,251,111,1,1,1,63,111,2,1,1,allocated
412,895,low_traffic,0,0,65535_65535,1,3,251,979,0,1,0,62,0,14,1,1,pre_allocation
412,895,low_traffic,0,0,65535_65535,1,3,251,994,1,1,1,63,994,14,1,1,allocated
412,895,low_traffic,0,0,65535_65535,1,4,251,111,0,1,0,63,0,2,1,1,pre_allocation
412,895,low_traffic,0,0,65535_65535,1,4,251,113,1,1,1,64,113,2,1,1,allocated
412,895,low_traffic,0,0,65535_65535,1,3,251,994,0,1,0,63,0,14,1,1,pre_allocation
412,895,low_traffic,0,0,65535_65535,1,3,251,1010,1,1,1,64,1010,14,1,1,allocated
412,895,low_traffic,0,0,65535_65535,1,4,251,113,0,1,0,64,0,2,1,1,pre_allocation
412,895,low_traffic,0,0,65535_65535,1,4,251,114,1,1,1,65,114,2,1,1,allocated
412,895,low_traffic,0,0,65535_65535,1,3,251,1010,0,1,0,64,0,14,1,1,pre_allocation
412,895,low_traffic,0,0,65535_65535,1,3,251,1026,1,1,1,65,1026,14,1,1,allocated
412,895,low_traffic,0,0,65535_65535,1,4,251,114,0,1,0,65,0,2,1,1,pre_allocation
412,895,low_traffic,0,0,65535_65535,1,4,251,116,1,1,1,66,116,2,1,1,allocated
412,895,low_traffic,0,0,65535_65535,1,3,251,1026,0,1,0,65,0,14,1,1,pre_allocation
412,895,low_traffic,0,0,65535_65535,1,3,251,1042,1,1,1,66,1042,14,1,1,allocated
412,895,low_traffic,0,0,65535_65535,2,5,797,0,0,1,0,0,0,15,1,1,pre_allocation
412,895,low_traffic,0,0,65535_65535,2,5,797,14,1,1,1,1,14,15,1,1,allocated
412,895,low_traffic,0,0,65535_65535,2,8,137,0,0,1,0,0,0,28,1,1,pre_allocation
412,895,low_traffic,0,0,65535_65535,2,8,137,42,1,1,1,1,42,28,1,1,allocated
412,895,low_traffic,0,0,65535_65535,2,6,137,0,0,1,0,0,0,28,1,1,pre_allocation
412,895,low_traffic,0,0,65535_65535,2,6,137,42,1,1,1,1,42,28,1,1,allocated
412,895,low_traffic,0,0,65535_65535,2,9,137,0,0,1,0,0,0,28,1,1,pre_allocation
412,895,low_traffic,0,0,65535_65535,2,9,137,42,1,1,1,1,42,28,1,1,allocated
412,895,low_traffic,0,0,65535_65535,2,5,797,14,0,1,0,1,0,15,1,1,pre_allocation
412,895,low_traffic,0,0,65535_65535,2,5,797,32,1,1,1,2,32,15,1,1,allocated
412,895,low_traffic,0,0,65535_65535,2,8,137,42,0,1,0,1,0,28,1,1,pre_allocation
412,895,low_traffic,0,0,65535_65535,2,8,137,88,1,1,1,2,88,28,1,1,allocated
412,895,low_traffic,0,0,65535_65535,2,6,137,42,0,1,0,1,0,28,1,1,pre_allocation
412,895,low_traffic,0,0,65535_65535,2,6,137,88,1,1,1,2,88,28,1,1,allocated
412,895,low_traffic,0,0,65535_65535,2,9,137,42,0,1,0,1,0,28,1,1,pre_allocation
412,895,low_traffic,0,0,65535_65535,2,9,137,88,1,1,1,2,88,28,1,1,allocated
412,895,low_traffic,0,0,65535_65535,2,5,797,32,0,1,0,2,0,15,1,1,pre_allocation
412,895,low_traffic,0,0,65535_65535,2,5,797,50,1,1,1,3,50,15,1,1,allocated
412,895,low_traffic,0,0,65535_65535,2,8,137,88,0,1,0,2,0,28,1,1,pre_allocation
412,895,low_traffic,0,0,65535_65535,2,8,137,133,1,1,1,3,133,28,1,1,allocated
412,895,low_traffic,0,0,65535_65535,2,6,137,88,0,1,0,2,0,28,1,1,pre_allocation
412,895,low_traffic,0,0,65535_65535,2,6,137,133,1,1,1,3,133,28,1,1,allocated
412,895,low_traffic,0,0,65535_65535,2,9,137,88,0,1,0,2,0,28,1,1,pre_allocation
412,895,low_traffic,0,0,65535_65535,2,9,137,133,1,1,1,3,133,28,1,1,allocated
412,895,low_traffic,0,0,65535_65535,2,5,797,50,0,1,0,3,0,15,1,1,pre_allocation
412,895,low_traffic,0,0,65535_65535,2,5,797,68,1,1,1,4,68,15,1,1,allocated
412,895,low_traffic,0,0,65535_65535,2,8,137,133,0,1,0,3,0,28,1,1,pre_allocation
412,895,low_traffic,0,0,65535_65535,2,8,137,179,1,1,1,4,179,28,1,1,allocated
412,895,low_traffic,0,0,65535_65535,2,6,137,133,0,1,0,3,0,28,1,1,pre_allocation
412,895,low_traffic,0,0,65535_65535,2,6,137,179,1,1,1,4,179,28,1,1,allocated
412,895,low_traffic,0,0,65535_65535,2,9,137,133,0,1,0,3,0,28,1,1,pre_allocation
412,895,low_traffic,0,0,65535_65535,2,9,137,179,1,1,1,4,179,28,1,1,allocated
412,895,low_traffic,0,0,65535_65535,2,5,797,68,0,1,0,4,0,15,1,1,pre_allocation
412,895,low_traffic,0,0,65535_65535,2,5,797,86,1,1,1,5,86,15,1,1,allocated
412,895,low_traffic,0,0,65535_65535,2,8,137,179,0,1,0,4,0,28,1,1,pre_allocation
412,895,low_traffic,0,0,65535_65535,2,8,137,224,1,1,1,5,224,28,1,1,allocated
412,895,low_traffic,0,0,65535_65535,2,6,137,179,0,1,0,4,0,28,1,1,pre_allocation
412,895,low_traffic,0,0,65535_65535,2,6,137,224,1,1,1,5,224,28,1,1,allocated
412,895,low_traffic,0,0,65535_65535,2,9,137,179,0,1,0,4,0,28,1,1,pre_allocation
412,895,low_traffic,0,0,65535_65535,2,9,137,224,1,1,1,5,224,28,1,1,allocated
412,895,low_traffic,0,0,65535_65535,2,5,797,86,0,1,0,5,0,15,1,1,pre_allocation
412,895,low_traffic,0,0,65535_65535,2,5,797,103,1,1,1,6,103,15,1,1,allocated
412,895,low_traffic,0,0,65535_65535,2,8,137,224,0,1,0,5,0,28,1,1,pre_allocation
412,895,low_traffic,0,0,65535_65535,2,8,137,270,1,1,1,6,270,28,1,1,allocated
412,895,low_traffic,0,0,65535_65535,2,6,137,224,0,1,0,5,0,28,1,1,pre_allocation
412,895,low_traffic,0,0,65535_65535,2,6,137,270,1,1,1,6,270,28,1,1,allocated
412,895,low_traffic,0,0,65535_65535,2,9,137,224,0,1,0,5,0,28,1,1,pre_allocation
412,895,low_traffic,0,0,65535_65535,2,9,137,270,1,1,1,6,270,28,1,1,allocated
412,895,low_traffic,0,0,65535_65535,2,5,797,103,0,1,0,6,0,15,1,1,pre_allocation
412,895,low_traffic,0,0,65535_65535,2,5,797,121,1,1,1,7,121,15,1,1,allocated
412,895,low_traffic,0,0,65535_65535,2,8,137,270,0,1,0,6,0,28,1,1,pre_allocation
412,895,low_traffic,0,0,65535_65535,2,8,137,315,1,1,1,7,315,28,1,1,allocated
412,895,low_traffic,0,0,65535_65535,2,6,137,270,0,1,0,6,0,28,1,1,pre_allocation
412,895,low_traffic,0,0,65535_65535,2,6,137,315,1,1,1,7,315,28,1,1,allocated
412,895,low_traffic,0,0,65535_65535,2,9,137,270,0,1,0,6,0,28,1,1,pre_allocation
412,895,low_traffic,0,0,65535_65535,2,9,137,315,1,1,1,7,315,28,1,1,allocated
412,895,low_traffic,0,0,65535_65535,2,5,797,121,0,1,0,7,0,15,1,1,pre_allocation
412,895,low_traffic,0,0,65535_65535,2,5,797,139,1,1,1,8,139,15,1,1,allocated
412,895,low_traffic,0,0,65535_65535,2,8,137,315,0,1,0,7,0,28,1,1,pre_allocation
412,895,low_traffic,0,0,65535_65535,2,8,137,361,1,1,1,8,361,28,1,1,allocated
412,895,low_traffic,0,0,65535_65535,2,6,137,315,0,1,0,7,0,28,1,1,pre_allocation
412,895,low_traffic,0,0,65535_65535,2,6,137,361,1,1,1,8,361,28,1,1,allocated
412,895,low_traffic,0,0,65535_65535,2,9,137,315,0,1,0,7,0,28,1,1,pre_allocation
412,895,low_traffic,0,0,65535_65535,2,9,137,361,1,1,1,8,361,28,1,1,allocated
412,895,low_traffic,0,0,65535_65535,2,5,797,139,0,1,0,8,0,15,1,1,pre_allocation
412,895,low_traffic,0,0,65535_65535,2,5,797,157,1,1,1,9,157,15,1,1,allocated
412,895,low_traffic,0,0,65535_65535,2,8,137,361,0,1,0,8,0,28,1,1,pre_allocation
412,895,low_traffic,0,0,65535_65535,2,8,137,406,1,1,1,9,406,28,1,1,allocated
412,895,low_traffic,0,0,65535_65535,2,6,137,361,0,1,0,8,0,28,1,1,pre_allocation
412,895,low_traffic,0,0,65535_65535,2,6,137,406,1,1,1,9,406,28,1,1,allocated
412,895,low_traffic,0,0,65535_65535,2,9,137,361,0,1,0,8,0,28,1,1,pre_allocation
412,895,low_traffic,0,0,65535_65535,2,9,137,406,1,1,1,9,406,28,1,1,allocated
412,895,low_traffic,0,0,65535_65535,2,5,797,157,0,1,0,9,0,15,1,1,pre_allocation
412,895,low_traffic,0,0,65535_65535,2,5,797,175,1,1,1,10,175,15,1,1,allocated
412,895,low_traffic,0,0,65535_65535,2,8,137,406,0,1,0,9,0,28,1,1,pre_allocation
412,895,low_traffic,0,0,65535_65535,2,8,137,452,1,1,1,10,452,28,1,1,allocated
412,895,low_traffic,0,0,65535_65535,2,6,137,406,0,1,0,9,0,28,1,1,pre_allocation
412,895,low_traffic,0,0,65535_65535,2,6,137,452,1,1,1,10,452,28,1,1,allocated
412,895,low_traffic,0,0,65535_65535,2,9,137,406,0,1,0,9,0,28,1,1,pre_allocation
412,895,low_traffic,0,0,65535_65535,2,9,137,452,1,1,1,10,452,28,1,1,allocated
412,895,low_traffic,0,0,65535_65535,2,5,797,175,0,1,0,10,0,15,1,1,pre_allocation
412,895,low_traffic,0,0,65535_65535,2,5,797,193,1,1,1,11,193,15,1,1,allocated
412,895,low_traffic,0,0,65535_65535,2,8,137,452,0,1,0,10,0,28,1,1,pre_allocation
412,895,low_traffic,0,0,65535_65535,2,8,137,497,1,1,1,11,497,28,1,1,allocated
412,895,low_traffic,0,0,65535_65535,2,6,137,452,0,1,0,10,0,28,1,1,pre_allocation
412,895,low_traffic,0,0,65535_65535,2,6,137,497,1,1,1,11,497,28,1,1,allocated
412,895,low_traffic,0,0,65535_65535,2,9,137,452,0,1,0,10,0,28,1,1,pre_allocation
412,895,low_traffic,0,0,65535_65535,2,9,137,497,1,1,1,11,497,28,1,1,allocated
412,895,low_traffic,0,0,65535_65535,2,5,797,193,0,1,0,11,0,15,1,1,pre_allocation
412,895,low_traffic,0,0,65535_65535,2,5,797,210,1,1,1,12,210,15,1,1,allocated
412,895,low_traffic,0,0,65535_65535,2,8,137,497,0,1,0,11,0,28,1,1,pre_allocation
412,895,low_traffic,0,0,65535_65535,2,8,137,543,1,1,1,12,543,28,1,1,allocated
412,895,low_traffic,0,0,65535_65535,2,6,137,497,0,1,0,11,0,28,1,1,pre_allocation
412,895,low_traffic,0,0,65535_65535,2,6,137,543,1,1,1,12,543,28,1,1,allocated
412,895,low_traffic,0,0,65535_65535,2,9,137,497,0,1,0,11,0,28,1,1,pre_allocation
412,895,low_traffic,0,0,65535_65535,2,9,137,543,1,1,1,12,543,28,1,1,allocated
412,895,low_traffic,0,0,65535_65535,2,5,797,210,0,1,0,12,0,15,1,1,pre_allocation
412,895,low_traffic,0,0,65535_65535,2,5,797,228,1,1,1,13,228,15,1,1,allocated
412,895,low_traffic,0,0,65535_65535,2,8,137,543,0,1,0,12,0,28,1,1,pre_allocation
412,895,low_traffic,0,0,65535_65535,2,8,137,589,1,1,1,13,589,28,1,1,allocated
412,895,low_traffic,0,0,65535_65535,2,6,137,543,0,1,0,12,0,28,1,1,pre_allocation
412,895,low_traffic,0,0,65535_65535,2,6,137,589,1,1,1,13,589,28,1,1,allocated
412,895,low_traffic,0,0,65535_65535,2,9,137,543,0,1,0,12,0,28,1,1,pre_allocation
412,895,low_traffic,0,0,65535_65535,2,9,137,589,1,1,1,13,589,28,1,1,allocated
412,895,low_traffic,0,0,65535_65535,2,5,797,228,0,1,0,13,0,15,1,1,pre_allocation
412,895,low_traffic,0,0,65535_65535,2,5,797,246,1,1,1,14,246,15,1,1,allocated
412,895,low_traffic,0,0,65535_65535,2,8,137,589,0,1,0,13,0,28,1,1,pre_allocation
412,895,low_traffic,0,0,65535_65535,2,8,137,634,1,1,1,14,634,28,1,1,allocated
412,895,low_traffic,0,0,65535_65535,2,6,137,589,0,1,0,13,0,28,1,1,pre_allocation
412,895,low_traffic,0,0,65535_65535,2,6,137,634,1,1,1,14,634,28,1,1,allocated
412,895,low_traffic,0,0,65535_65535,2,9,137,589,0,1,0,13,0,28,1,1,pre_allocation
412,895,low_traffic,0,0,65535_65535,2,9,137,634,1,1,1,14,634,28,1,1,allocated
412,895,low_traffic,0,0,65535_65535,2,5,797,246,0,1,0,14,0,15,1,1,pre_allocation
412,895,low_traffic,0,0,65535_65535,2,5,797,264,1,1,1,15,264,15,1,1,allocated
412,895,low_traffic,0,0,65535_65535,2,8,137,634,0,1,0,14,0,28,1,1,pre_allocation
412,895,low_traffic,0,0,65535_65535,2,8,137,680,1,1,1,15,680,28,1,1,allocated
412,895,low_traffic,0,0,65535_65535,2,6,137,634,0,1,0,14,0,28,1,1,pre_allocation
412,895,low_traffic,0,0,65535_65535,2,6,137,680,1,1,1,15,680,28,1,1,allocated
412,895,low_traffic,0,0,65535_65535,2,9,137,634,0,1,0,14,0,28,1,1,pre_allocation
412,895,low_traffic,0,0,65535_65535,2,9,137,680,1,1,1,15,680,28,1,1,allocated
412,895,low_traffic,0,0,65535_65535,2,5,797,264,0,1,0,15,0,15,1,1,pre_allocation
412,895,low_traffic,0,0,65535_65535,2,5,797,282,1,1,1,16,282,15,1,1,allocated
412,895,low_traffic,0,0,65535_65535,2,8,137,680,0,1,0,15,0,28,1,1,pre_allocation
412,895,low_traffic,0,0,65535_65535,2,8,137,725,1,1,1,16,725,28,1,1,allocated
412,895,low_traffic,0,0,65535_65535,2,6,137,680,0,1,0,15,0,28,1,1,pre_allocation
412,895,low_traffic,0,0,65535_65535,2,6,137,725,1,1,1,16,725,28,1,1,allocated
524,993,low_traffic,0,0,65535_65535,0,2,809455,0,0,1,0,0,0,14,1,1,pre_allocation
524,993,low_traffic,0,0,65535_65535,0,2,809455,15,1,1,1,1,15,14,1,1,allocated
524,993,low_traffic,0,0,65535_65535,0,2,809455,15,0,1,0,1,0,14,1,1,pre_allocation
524,993,low_traffic,0,0,65535_65535,0,2,809455,33,1,1,1,2,33,14,1,1,allocated
524,993,low_traffic,0,0,65535_65535,0,2,809455,33,0,1,0,2,0,14,1,1,pre_allocation
524,993,low_traffic,0,0,65535_65535,0,2,809455,52,1,1,1,3,52,14,1,1,allocated
524,993,low_traffic,0,0,65535_65535,0,2,809455,52,0,1,0,3,0,14,1,1,pre_allocation
524,993,low_traffic,0,0,65535_65535,0,2,809455,70,1,1,1,4,70,14,1,1,allocated
524,993,low_traffic,0,0,65535_65535,0,2,809455,70,0,1,0,4,0,14,1,1,pre_allocation
524,993,low_traffic,0,0,65535_65535,0,2,809455,89,1,1,1,5,89,14,1,1,allocated
524,993,low_traffic,0,0,65535_65535,0,2,809455,89,0,1,0,5,0,14,1,1,pre_allocation
524,993,low_traffic,0,0,65535_65535,0,2,809455,107,1,1,1,6,107,14,1,1,allocated
524,993,low_traffic,0,0,65535_65535,0,2,809455,107,0,1,0,6,0,14,1,1,pre_allocation
524,993,low_traffic,0,0,65535_65535,0,2,809455,126,1,1,1,7,126,14,1,1,allocated
524,993,low_traffic,0,0,65535_65535,0,2,809455,126,0,1,0,7,0,14,1,1,pre_allocation
524,993,low_traffic,0,0,65535_65535,0,2,809455,144,1,1,1,8,144,14,1,1,allocated
524,993,low_traffic,0,0,65535_65535,0,2,809455,144,0,1,0,8,0,14,1,1,pre_allocation
524,993,low_traffic,0,0,65535_65535,0,2,809455,163,1,1,1,9,163,14,1,1,allocated
524,993,low_traffic,0,0,65535_65535,0,2,809455,163,0,1,0,9,0,14,1,1,pre_allocation
524,993,low_traffic,0,0,65535_65535,0,2,809455,181,1,1,1,10,181,14,1,1,allocated
524,993,low_traffic,0,0,65535_65535,0,2,809455,181,0,1,0,10,0,14,1,1,pre_allocation
524,993,low_traffic,0,0,65535_65535,0,2,809455,200,1,1,1,11,200,14,1,1,allocated
524,993,low_traffic,0,0,65535_65535,0,2,809455,200,0,1,0,11,0,14,1,1,pre_allocation
524,993,low_traffic,0,0,65535_65535,0,2,809455,218,1,1,1,12,218,14,1,1,allocated
524,993,low_traffic,0,0,65535_65535,0,2,809455,218,0,1,0,12,0,14,1,1,pre_allocation
524,993,low_traffic,0,0,65535_65535,0,2,809455,237,1,1,1,13,237,14,1,1,allocated
524,993,low_traffic,0,0,65535_65535,0,2,809455,237,0,1,0,13,0,14,1,1,pre_allocation
524,993,low_traffic,0,0,65535_65535,0,2,809455,255,1,1,1,14,255,14,1,1,allocated
524,993,low_traffic,0,0,65535_65535,0,2,809455,255,0,1,0,14,0,14,1,1,pre_allocation
524,993,low_traffic,0,0,65535_65535,0,2,809455,274,1,1,1,15,274,14,1,1,allocated
524,993,low_traffic,0,0,65535_65535,0,2,809455,274,0,1,0,15,0,14,1,1,pre_allocation
524,993,low_traffic,0,0,65535_65535,0,2,809455,292,1,1,1,16,292,14,1,1,allocated
524,993,low_traffic,0,0,65535_65535,0,2,809455,292,0,1,0,16,0,14,1,1,pre_allocation
524,993,low_traffic,0,0,65535_65535,0,2,809455,311,1,1,1,17,311,14,1,1,allocated
524,993,low_traffic,0,0,65535_65535,0,2,809455,311,0,1,0,17,0,14,1,1,pre_allocation
524,993,low_traffic,0,0,65535_65535,0,2,809455,329,1,1,1,18,329,14,1,1,allocated
524,993,low_traffic,0,0,65535_65535,0,2,809455,329,0,1,0,18,0,14,1,1,pre_allocation
524,993,low_traffic,0,0,65535_65535,0,2,809455,348,1,1,1,19,348,14,1,1,allocated
524,993,low_traffic,0,0,65535_65535,0,2,809455,348,0,1,0,19,0,14,1,1,pre_allocation
524,993,low_traffic,0,0,65535_65535,0,2,809455,366,1,1,1,20,366,14,1,1,allocated
524,993,low_traffic,0,0,65535_65535,0,2,809455,366,0,1,0,20,0,14,1,1,pre_allocation
524,993,low_traffic,0,0,65535_65535,0,2,809455,385,1,1,1,21,385,14,1,1,allocated
524,993,low_traffic,0,0,65535_65535,0,2,809455,385,0,1,0,21,0,14,1,1,pre_allocation
524,993,low_traffic,0,0,65535_65535,0,2,809455,403,1,1,1,22,403,14,1,1,allocated
524,993,low_traffic,0,0,65535_65535,0,2,809455,403,0,1,0,22,0,14,1,1,pre_allocation
524,993,low_traffic,0,0,65535_65535,0,2,809455,422,1,1,1,23,422,14,1,1,allocated
524,993,low_traffic,0,0,65535_65535,0,2,809455,422,0,1,0,23,0,14,1,1,pre_allocation
524,993,low_traffic,0,0,65535_65535,0,2,809455,440,1,1,1,24,440,14,1,1,allocated
524,993,low_traffic,0,0,65535_65535,0,2,809455,440,0,1,0,24,0,14,1,1,pre_allocation
524,993,low_traffic,0,0,65535_65535,0,2,809455,459,1,1,1,25,459,14,1,1,allocated
524,993,low_traffic,0,0,65535_65535,0,2,809455,459,0,1,0,25,0,14,1,1,pre_allocation
524,993,low_traffic,0,0,65535_65535,0,2,809455,477,1,1,1,26,477,14,1,1,allocated
524,993,low_traffic,0,0,65535_65535,0,2,809455,477,0,1,0,26,0,14,1,1,pre_allocation
524,993,low_traffic,0,0,65535_65535,0,2,809455,495,1,1,1,27,495,14,1,1,allocated
524,993,low_traffic,0,0,65535_65535,0,2,809455,495,0,1,0,27,0,14,1,1,pre_allocation
524,993,low_traffic,0,0,65535_65535,0,2,809455,514,1,1,1,28,514,14,1,1,allocated
524,993,low_traffic,0,0,65535_65535,0,2,809455,514,0,1,0,28,0,14,1,1,pre_allocation
524,993,low_traffic,0,0,65535_65535,0,2,809455,532,1,1,1,29,532,14,1,1,allocated
524,993,low_traffic,0,0,65535_65535,0,2,809455,532,0,1,0,29,0,14,1,1,pre_allocation
524,993,low_traffic,0,0,65535_65535,0,2,809455,551,1,1,1,30,551,14,1,1,allocated
524,993,low_traffic,0,0,65535_65535,0,2,809455,551,0,1,0,30,0,14,1,1,pre_allocation
524,993,low_traffic,0,0,65535_65535,0,2,809455,569,1,1,1,31,569,14,1,1,allocated
524,993,low_traffic,0,0,65535_65535,0,2,809455,569,0,1,0,31,0,14,1,1,pre_allocation
524,993,low_traffic,0,0,65535_65535,0,2,809455,588,1,1,1,32,588,14,1,1,allocated
524,993,low_traffic,0,0,65535_65535,0,2,809455,588,0,1,0,32,0,14,1,1,pre_allocation
524,993,low_traffic,0,0,65535_65535,0,2,809455,606,1,1,1,33,606,14,1,1,allocated
524,993,low_traffic,0,0,65535_65535,0,2,809455,606,0,1,0,33,0,14,1,1,pre_allocation
524,993,low_traffic,0,0,65535_65535,0,2,809455,625,1,1,1,34,625,14,1,1,allocated
524,993,low_traffic,0,0,65535_65535,0,2,809455,625,0,1,0,34,0,14,1,1,pre_allocation
524,993,low_traffic,0,0,65535_65535,0,2,809455,643,1,1,1,35,643,14,1,1,allocated
524,993,low_traffic,0,0,65535_65535,0,2,809455,643,0,1,0,35,0,14,1,1,pre_allocation
524,993,low_traffic,0,0,65535_65535,0,2,809455,662,1,1,1,36,662,14,1,1,allocated
524,993,low_traffic,0,0,65535_65535,0,2,809455,662,0,1,0,36,0,14,1,1,pre_allocation
524,993,low_traffic,0,0,65535_65535,0,2,809455,680,1,1,1,37,680,14,1,1,allocated
524,993,low_traffic,0,0,65535_65535,0,2,809455,680,0,1,0,37,0,14,1,1,pre_allocation
524,993,low_traffic,0,0,65535_65535,0,2,809455,699,1,1,1,38,699,14,1,1,allocated
524,993,low_traffic,0,0,65535_65535,0,2,809455,699,0,1,0,38,0,14,1,1,pre_allocation
524,993,low_traffic,0,0,65535_65535,0,2,809455,717,1,1,1,39,717,14,1,1,allocated
524,993,low_traffic,0,0,65535_65535,0,2,809455,717,0,1,0,39,0,14,1,1,pre_allocation
524,993,low_traffic,0,0,65535_65535,0,2,809455,736,1,1,1,40,736,14,1,1,allocated
524,993,low_traffic,0,0,65535_65535,0,2,809455,736,0,1,0,40,0,14,1,1,pre_allocation
524,993,low_traffic,0,0,65535_65535,0,2,809455,754,1,1,1,41,754,14,1,1,allocated
524,993,low_traffic,0,0,65535_65535,0,2,809455,754,0,1,0,41,0,14,1,1,pre_allocation
524,993,low_traffic,0,0,65535_65535,0,2,809455,773,1,1,1,42,773,14,1,1,allocated
524,993,low_traffic,0,0,65535_65535,0,2,809455,773,0,1,0,42,0,14,1,1,pre_allocation
524,993,low_traffic,0,0,65535_65535,0,2,809455,791,1,1,1,43,791,14,1,1,allocated
524,993,low_traffic,0,0,65535_65535,0,2,809455,791,0,1,0,43,0,14,1,1,pre_allocation
524,993,low_traffic,0,0,65535_65535,0,2,809455,810,1,1,1,44,810,14,1,1,allocated
524,993,low_traffic,0,0,65535_65535,0,2,809455,810,0,1,0,44,0,14,1,1,pre_allocation
524,993,low_traffic,0,0,65535_65535,0,2,809455,828,1,1,1,45,828,14,1,1,allocated
524,993,low_traffic,0,0,65535_65535,0,2,809455,828,0,1,0,45,0,14,1,1,pre_allocation
524,993,low_traffic,0,0,65535_65535,0,2,809455,847,1,1,1,46,847,14,1,1,allocated
524,993,low_traffic,0,0,65535_65535,0,2,809455,847,0,1,0,46,0,14,1,1,pre_allocation
524,993,low_traffic,0,0,65535_65535,0,2,809455,865,1,1,1,47,865,14,1,1,allocated
524,993,low_traffic,0,0,65535_65535,0,2,809455,865,0,1,0,47,0,14,1,1,pre_allocation
524,993,low_traffic,0,0,65535_65535,0,2,809455,884,1,1,1,48,884,14,1,1,allocated
524,993,low_traffic,0,0,65535_65535,0,2,809455,884,0,1,0,48,0,14,1,1,pre_allocation
524,993,low_traffic,0,0,65535_65535,0,2,809455,902,1,1,1,49,902,14,1,1,allocated
524,993,low_traffic,0,0,65535_65535,0,2,809455,902,0,1,0,49,0,14,1,1,pre_allocation
524,993,low_traffic,0,0,65535_65535,0,2,809455,921,1,1,1,50,921,14,1,1,allocated
524,993,low_traffic,0,0,65535_65535,0,2,809455,921,0,1,0,50,0,14,1,1,pre_allocation
524,993,low_traffic,0,0,65535_65535,0,2,809455,939,1,1,1,51,939,14,1,1,allocated
524,993,low_traffic,0,0,65535_65535,0,2,809455,939,0,1,0,51,0,14,1,1,pre_allocation
524,993,low_traffic,0,0,65535_65535,0,2,809455,957,1,1,1,52,957,14,1,1,allocated
524,993,low_traffic,0,0,65535_65535,0,2,809455,957,0,1,0,52,0,14,1,1,pre_allocation
524,993,low_traffic,0,0,65535_65535,0,2,809455,976,1,1,1,53,976,14,1,1,allocated
524,993,low_traffic,0,0,65535_65535,0,2,809455,976,0,1,0,53,0,14,1,1,pre_allocation
524,993,low_traffic,0,0,65535_65535,0,2,809455,994,1,1,1,54,994,14,1,1,allocated
524,993,low_traffic,0,0,65535_65535,0,2,809455,994,0,1,0,54,0,14,1,1,pre_allocation
524,993,low_traffic,0,0,65535_65535,0,2,809455,1013,1,1,1,55,1013,14,1,1,allocated
524,993,low_traffic,0,0,65535_65535,0,2,809455,1013,0,1,0,55,0,14,1,1,pre_allocation
524,993,low_traffic,0,0,65535_65535,0,2,809455,1031,1,1,1,56,1031,14,1,1,allocated
524,993,low_traffic,0,0,65535_65535,0,2,809455,1031,0,1,0,56,0,14,1,1,pre_allocation
524,993,low_traffic,0,0,65535_65535,0,2,809455,1050,1,1,1,57,1050,14,1,1,allocated
524,993,low_traffic,0,0,65535_65535,0,2,809455,1050,0,1,0,57,0,14,1,1,pre_allocation
524,993,low_traffic,0,0,65535_65535,0,2,809455,1068,1,1,1,58,1068,14,1,1,allocated
524,993,low_traffic,0,0,65535_65535,0,2,809455,1068,0,1,0,58,0,14,1,1,pre_allocation
524,993,low_traffic,0,0,65535_65535,0,2,809455,1087,1,1,1,59,1087,14,1,1,allocated
524,993,low_traffic,0,0,65535_65535,0,2,809455,1087,0,1,0,59,0,14,1,1,pre_allocation
524,993,low_traffic,0,0,65535_65535,0,2,809455,1105,1,1,1,60,1105,14,1,1,allocated
524,993,low_traffic,0,0,65535_65535,0,2,809455,1105,0,1,0,60,0,14,1,1,pre_allocation
524,993,low_traffic,0,0,65535_65535,0,2,809455,1124,1,1,1,61,1124,14,1,1,allocated
524,993,low_traffic,0,0,65535_65535,0,2,809455,1124,0,1,0,61,0,14,1,1,pre_allocation
524,993,low_traffic,0,0,65535_65535,0,2,809455,1142,1,1,1,62,1142,14,1,1,allocated
524,993,low_traffic,0,0,65535_65535,0,2,809455,1142,0,1,0,62,0,14,1,1,pre_allocation
524,993,low_traffic,0,0,65535_65535,0,2,809455,1161,1,1,1,63,1161,14,1,1,allocated
524,993,low_traffic,0,0,65535_65535,0,2,809455,1161,0,1,0,63,0,14,1,1,pre_allocation
524,993,low_traffic,0,0,65535_65535,0,2,809455,1179,1,1,1,64,1179,14,1,1,allocated
524,993,low_traffic,0,0,65535_65535,0,2,809455,1179,0,1,0,64,0,14,1,1,pre_allocation
524,993,low_traffic,0,0,65535_65535,0,2,809455,1198,1,1,1,65,1198,14,1,1,allocated
524,993,low_traffic,0,0,65535_65535,0,2,809455,1198,0,1,0,65,0,14,1,1,pre_allocation
524,993,low_traffic,0,0,65535_65535,0,2,809455,1216,1,1,1,66,1216,14,1,1,allocated
524,993,low_traffic,0,0,65535_65535,0,2,809455,1216,0,1,0,66,0,14,1,1,pre_allocation
524,993,low_traffic,0,0,65535_65535,0,2,809455,1235,1,1,1,67,1235,14,1,1,allocated
524,993,low_traffic,0,0,65535_65535,0,2,809455,1235,0,1,0,67,0,14,1,1,pre_allocation
524,993,low_traffic,0,0,65535_65535,0,2,809455,1253,1,1,1,68,1253,14,1,1,allocated
524,993,low_traffic,0,0,65535_65535,0,2,809455,1253,0,1,0,68,0,14,1,1,pre_allocation
524,993,low_traffic,0,0,65535_65535,0,2,809455,1272,1,1,1,69,1272,14,1,1,allocated
524,993,low_traffic,0,0,65535_65535,0,2,809455,1272,0,1,0,69,0,14,1,1,pre_allocation
524,993,low_traffic,0,0,65535_65535,0,2,809455,1290,1,1,1,70,1290,14,1,1,allocated
524,993,low_traffic,0,0,65535_65535,0,2,809455,1290,0,1,0,70,0,14,1,1,pre_allocation
524,993,low_traffic,0,0,65535_65535,0,2,809455,1309,1,1,1,71,1309,14,1,1,allocated
524,993,low_traffic,0,0,65535_65535,0,2,809455,1309,0,1,0,71,0,14,1,1,pre_allocation
524,993,low_traffic,0,0,65535_65535,0,2,809455,1327,1,1,1,72,1327,14,1,1,allocated
524,993,low_traffic,0,0,65535_65535,0,2,809455,1327,0,1,0,72,0,14,1,1,pre_allocation
524,993,low_traffic,0,0,65535_65535,0,2,809455,1346,1,1,1,73,1346,14,1,1,allocated
524,993,low_traffic,0,0,65535_65535,0,2,809455,1346,0,1,0,73,0,14,1,1,pre_allocation
524,993,low_traffic,0,0,65535_65535,0,2,809455,1364,1,1,1,74,1364,14,1,1,allocated
524,993,low_traffic,0,0,65535_65535,0,2,809455,1364,0,1,0,74,0,14,1,1,pre_allocation
524,993,low_traffic,0,0,65535_65535,0,2,809455,1383,1,1,1,75,1383,14,1,1,allocated
524,993,low_traffic,0,0,65535_65535,0,2,809455,1383,0,1,0,75,0,14,1,1,pre_allocation
524,993,low_traffic,0,0,65535_65535,0,2,809455,1401,1,1,1,76,1401,14,1,1,allocated
524,993,low_traffic,0,0,65535_65535,0,2,809455,1401,0,1,0,76,0,14,1,1,pre_allocation
524,993,low_traffic,0,0,65535_65535,0,2,809455,1419,1,1,1,77,1419,14,1,1,allocated
524,993,low_traffic,0,0,65535_65535,0,2,809455,1419,0,1,0,77,0,14,1,1,pre_allocation
524,993,low_traffic,0,0,65535_65535,0,2,809455,1438,1,1,1,78,1438,14,1,1,allocated
524,993,low_traffic,0,0,65535_65535,0,2,809455,1438,0,1,0,78,0,14,1,1,pre_allocation
524,993,low_traffic,0,0,65535_65535,0,2,809455,1456,1,1,1,79,1456,14,1,1,allocated
524,993,low_traffic,0,0,65535_65535,0,2,809455,1456,0,1,0,79,0,14,1,1,pre_allocation
524,993,low_traffic,0,0,65535_65535,0,2,809455,1475,1,1,1,80,1475,14,1,1,allocated
524,993,low_traffic,0,0,65535_65535,0,2,809455,1475,0,1,0,80,0,14,1,1,pre_allocation
524,993,low_traffic,0,0,65535_65535,0,2,809455,1493,1,1,1,81,1493,14,1,1,allocated
524,993,low_traffic,0,0,65535_65535,0,2,809455,1493,0,1,0,81,0,14,1,1,pre_allocation
524,993,low_traffic,0,0,65535_65535,0,2,809455,1512,1,1,1,82,1512,14,1,1,allocated
524,993,low_traffic,0,0,65535_65535,0,2,809455,1512,0,1,0,82,0,14,1,1,pre_allocation
524,993,low_traffic,0,0,65535_65535,0,2,809455,1530,1,1,1,83,1530,14,1,1,allocated
524,993,low_traffic,0,0,65535_65535,0,2,809455,1530,0,1,0,83,0,14,1,1,pre_allocation
524,993,low_traffic,0,0,65535_65535,0,2,809455,1546,1,1,1,84,1546,14,1,1,allocated
524,993,low_traffic,0,0,65535_65535,0,2,809455,1546,0,1,0,84,0,14,1,1,pre_allocation
524,993,low_traffic,0,0,65535_65535,0,2,809455,1564,1,1,1,85,1564,14,1,1,allocated
524,993,low_traffic,0,0,65535_65535,0,2,809455,1564,0,1,0,85,0,14,1,1,pre_allocation
524,993,low_traffic,0,0,65535_65535,0,2,809455,1583,1,1,1,86,1583,14,1,1,allocated
524,993,low_traffic,0,0,65535_65535,0,2,809455,1583,0,1,0,86,0,14,1,1,pre_allocation
524,993,low_traffic,0,0,65535_65535,0,2,809455,1601,1,1,1,87,1601,14,1,1,allocated
524,993,low_traffic,0,0,65535_65535,0,2,809455,1601,0,1,0,87,0,14,1,1,pre_allocation
524,993,low_traffic,0,0,65535_65535,0,2,809455,1620,1,1,1,88,1620,14,1,1,allocated
524,993,low_traffic,0,0,65535_65535,0,2,809455,1620,0,1,0,88,0,14,1,1,pre_allocation
524,993,low_traffic,0,0,65535_65535,0,2,809455,1638,1,1,1,89,1638,14,1,1,allocated
524,993,low_traffic,0,0,65535_65535,0,2,809455,1638,0,1,0,89,0,14,1,1,pre_allocation
524,993,low_traffic,0,0,65535_65535,0,2,809455,1657,1,1,1,90,1657,14,1,1,allocated
524,993,low_traffic,0,0,65535_65535,0,2,809455,1657,0,1,0,90,0,14,1,1,pre_allocation
524,993,low_traffic,0,0,65535_65535,0,2,809455,1675,1,1,1,91,1675,14,1,1,allocated
524,993,low_traffic,0,0,65535_65535,0,2,809455,1675,0,1,0,91,0,14,1,1,pre_allocation
524,993,low_traffic,0,0,65535_65535,0,2,809455,1694,1,1,1,92,1694,14,1,1,allocated
524,993,low_traffic,0,0,65535_65535,0,2,809455,1694,0,1,0,92,0,14,1,1,pre_allocation
524,993,low_traffic,0,0,65535_65535,0,2,809455,1712,1,1,1,93,1712,14,1,1,allocated
524,993,low_traffic,0,0,65535_65535,0,2,809455,1712,0,1,0,93,0,14,1,1,pre_allocation
524,993,low_traffic,0,0,65535_65535,0,2,809455,1731,1,1,1,94,1731,14,1,1,allocated
524,993,low_traffic,0,0,65535_65535,0,2,809455,1731,0,1,0,94,0,14,1,1,pre_allocation
524,993,low_traffic,0,0,65535_65535,0,2,809455,1749,1,1,1,95,1749,14,1,1,allocated
524,993,low_traffic,0,0,65535_65535,0,2,809455,1749,0,1,0,95,0,14,1,1,pre_allocation
524,993,low_traffic,0,0,65535_65535,0,2,809455,1768,1,1,1,96,1768,14,1,1,allocated
524,993,low_traffic,0,0,65535_65535,0,2,809455,1768,0,1,0,96,0,14,1,1,pre_allocation
524,993,low_traffic,0,0,65535_65535,0,2,809455,1786,1,1,1,97,1786,14,1,1,allocated
524,993,low_traffic,0,0,65535_65535,0,2,809455,1786,0,1,0,97,0,14,1,1,pre_allocation
524,993,low_traffic,0,0,65535_65535,0,2,809455,1805,1,1,1,98,1805,14,1,1,allocated
524,993,low_traffic,0,0,65535_65535,0,2,809455,1805,0,1,0,98,0,14,1,1,pre_allocation
524,993,low_traffic,0,0,65535_65535,0,2,809455,1823,1,1,1,99,1823,14,1,1,allocated
524,993,low_traffic,0,0,65535_65535,0,2,809455,1823,0,1,0,99,0,14,1,1,pre_allocation
524,993,low_traffic,0,0,65535_65535,0,2,809455,1842,1,1,1,100,1842,14,1,1,allocated
524,993,low_traffic,0,0,65535_65535,0,2,809455,1842,0,1,0,100,0,14,1,1,pre_allocation
524,993,low_traffic,0,0,65535_65535,0,2,809455,1860,1,1,1,101,1860,14,1,1,allocated
524,993,low_traffic,0,0,65535_65535,1,4,176,0,0,1,0,0,0,2,1,1,pre_allocation
524,993,low_traffic,0,0,65535_65535,1,4,176,2,1,1,1,1,2,2,1,1,allocated
524,993,low_traffic,0,0,65535_65535,1,3,169,0,0,1,0,0,0,14,1,1,pre_allocation
524,993,low_traffic,0,0,65535_65535,1,3,169,15,1,1,1,1,15,14,1,1,allocated
524,993,low_traffic,0,0,65535_65535,1,4,176,2,0,1,0,1,0,2,1,1,pre_allocation
524,993,low_traffic,0,0,65535_65535,1,4,176,1,1,1,1,2,1,2,1,1,allocated
524,993,low_traffic,0,0,65535_65535,1,3,169,15,0,1,0,1,0,14,1,1,pre_allocation
524,993,low_traffic,0,0,65535_65535,1,3,169,33,1,1,1,2,33,14,1,1,allocated
524,993,low_traffic,0,0,65535_65535,1,4,176,1,0,1,0,2,0,2,1,1,pre_allocation
524,993,low_traffic,0,0,65535_65535,1,4,176,3,1,1,1,3,3,2,1,1,allocated
524,993,low_traffic,0,0,65535_65535,1,3,169,33,0,1,0,2,0,14,1,1,pre_allocation
524,993,low_traffic,0,0,65535_65535,1,3,169,52,1,1,1,3,52,14,1,1,allocated
524,993,low_traffic,0,0,65535_65535,1,4,176,3,0,1,0,3,0,2,1,1,pre_allocation
524,993,low_traffic,0,0,65535_65535,1,4,176,5,1,1,1,4,5,2,1,1,allocated
524,993,low_traffic,0,0,65535_65535,1,3,169,52,0,1,0,3,0,14,1,1,pre_allocation
524,993,low_traffic,0,0,65535_65535,1,3,169,70,1,1,1,4,70,14,1,1,allocated
524,993,low_traffic,0,0,65535_65535,1,4,176,5,0,1,0,4,0,2,1,1,pre_allocation
524,993,low_traffic,0,0,65535_65535,1,4,176,7,1,1,1,5,7,2,1,1,allocated
524,993,low_traffic,0,0,65535_65535,1,3,169,70,0,1,0,4,0,14,1,1,pre_allocation
524,993,low_traffic,0,0,65535_65535,1,3,169,89,1,1,1,5,89,14,1,1,allocated
524,993,low_traffic,0,0,65535_65535,1,4,176,7,0,1,0,5,0,2,1,1,pre_allocation
524,993,low_traffic,0,0,65535_65535,1,4,176,9,1,1,1,6,9,2,1,1,allocated
524,993,low_traffic,0,0,65535_65535,1,3,169,89,0,1,0,5,0,14,1,1,pre_allocation
524,993,low_traffic,0,0,65535_65535,1,3,169,107,1,1,1,6,107,14,1,1,allocated
524,993,low_traffic,0,0,65535_65535,1,4,176,9,0,1,0,6,0,2,1,1,pre_allocation
524,993,low_traffic,0,0,65535_65535,1,4,176,11,1,1,1,7,11,2,1,1,allocated
524,993,low_traffic,0,0,65535_65535,1,3,169,107,0,1,0,6,0,14,1,1,pre_allocation
524,993,low_traffic,0,0,65535_65535,1,3,169,126,1,1,1,7,126,14,1,1,allocated
524,993,low_traffic,0,0,65535_65535,1,4,176,11,0,1,0,7,0,2,1,1,pre_allocation
524,993,low_traffic,0,0,65535_65535,1,4,176,13,1,1,1,8,13,2,1,1,allocated
524,993,low_traffic,0,0,65535_65535,1,3,169,126,0,1,0,7,0,14,1,1,pre_allocation
524,993,low_traffic,0,0,65535_65535,1,3,169,144,1,1,1,8,144,14,1,1,allocated
524,993,low_traffic,0,0,65535_65535,1,4,176,13,0,1,0,8,0,2,1,1,pre_allocation
524,993,low_traffic,0,0,65535_65535,1,4,176,16,1,1,1,9,16,2,1,1,allocated
524,993,low_traffic,0,0,65535_65535,1,3,169,144,0,1,0,8,0,14,1,1,pre_allocation
524,993,low_traffic,0,0,65535_65535,1,3,169,163,1,1,1,9,163,14,1,1,allocated
524,993,low_traffic,0,0,65535_65535,1,4,176,16,0,1,0,9,0,2,1,1,pre_allocation
524,993,low_traffic,0,0,65535_65535,1,4,176,18,1,1,1,10,18,2,1,1,allocated
524,993,low_traffic,0,0,65535_65535,1,3,169,163,0,1,0,9,0,14,1,1,pre_allocation
524,993,low_traffic,0,0,65535_65535,1,3,169,181,1,1,1,10,181,14,1,1,allocated
524,993,low_traffic,0,0,65535_65535,1,4,176,18,0,1,0,10,0,2,1,1,pre_allocation
524,993,low_traffic,0,0,65535_65535,1,4,176,20,1,1,1,11,20,2,1,1,allocated
524,993,low_traffic,0,0,65535_65535,1,3,169,181,0,1,0,10,0,14,1,1,pre_allocation
524,993,low_traffic,0,0,65535_65535,1,3,169,200,1,1,1,11,200,14,1,1,allocated
524,993,low_traffic,0,0,65535_65535,1,4,176,20,0,1,0,11,0,2,1,1,pre_allocation
524,993,low_traffic,0,0,65535_65535,1,4,176,22,1,1,1,12,22,2,1,1,allocated
524,993,low_traffic,0,0,65535_65535,1,3,169,200,0,1,0,11,0,14,1,1,pre_allocation
524,993,low_traffic,0,0,65535_65535,1,3,169,218,1,1,1,12,218,14,1,1,allocated
524,993,low_traffic,0,0,65535_65535,1,4,176,22,0,1,0,12,0,2,1,1,pre_allocation
524,993,low_traffic,0,0,65535_65535,1,4,176,24,1,1,1,13,24,2,1,1,allocated
524,993,low_traffic,0,0,65535_65535,1,3,169,218,0,1,0,12,0,14,1,1,pre_allocation
524,993,low_traffic,0,0,65535_65535,1,3,169,237,1,1,1,13,237,14,1,1,allocated
524,993,low_traffic,0,0,65535_65535,1,4,176,24,0,1,0,13,0,2,1,1,pre_allocation
524,993,low_traffic,0,0,65535_65535,1,4,176,26,1,1,1,14,26,2,1,1,allocated
524,993,low_traffic,0,0,65535_65535,1,3,169,237,0,1,0,13,0,14,1,1,pre_allocation
524,993,low_traffic,0,0,65535_65535,1,3,169,255,1,1,1,14,255,14,1,1,allocated
524,993,low_traffic,0,0,65535_65535,1,4,176,26,0,1,0,14,0,2,1,1,pre_allocation
524,993,low_traffic,0,0,65535_65535,1,4,176,28,1,1,1,15,28,2,1,1,allocated
524,993,low_traffic,0,0,65535_65535,1,3,169,255,0,1,0,14,0,14,1,1,pre_allocation
524,993,low_traffic,0,0,65535_65535,1,3,169,274,1,1,1,15,274,14,1,1,allocated
524,993,low_traffic,0,0,65535_65535,1,4,176,28,0,1,0,15,0,2,1,1,pre_allocation
524,993,low_traffic,0,0,65535_65535,1,4,176,30,1,1,1,16,30,2,1,1,allocated
524,993,low_traffic,0,0,65535_65535,1,3,169,274,0,1,0,15,0,14,1,1,pre_allocation
524,993,low_traffic,0,0,65535_65535,1,3,169,292,1,1,1,16,292,14,1,1,allocated
524,993,low_traffic,0,0,65535_65535,1,4,176,30,0,1,0,16,0,2,1,1,pre_allocation
524,993,low_traffic,0,0,65535_65535,1,4,176,32,1,1,1,17,32,2,1,1,allocated
524,993,low_traffic,0,0,65535_65535,1,3,169,292,0,1,0,16,0,14,1,1,pre_allocation
524,993,low_traffic,0,0,65535_65535,1,3,169,311,1,1,1,17,311,14,1,1,allocated
524,993,low_traffic,0,0,65535_65535,1,4,176,32,0,1,0,17,0,2,1,1,pre_allocation
524,993,low_traffic,0,0,65535_65535,1,4,176,35,1,1,1,18,35,2,1,1,allocated
524,993,low_traffic,0,0,65535_65535,1,3,169,311,0,1,0,17,0,14,1,1,pre_allocation
524,993,low_traffic,0,0,65535_65535,1,3,169,329,1,1,1,18,329,14,1,1,allocated
524,993,low_traffic,0,0,65535_65535,1,4,176,35,0,1,0,18,0,2,1,1,pre_allocation
524,993,low_traffic,0,0,65535_65535,1,4,176,37,1,1,1,19,37,2,1,1,allocated
524,993,low_traffic,0,0,65535_65535,1,3,169,329,0,1,0,18,0,14,1,1,pre_allocation
524,993,low_traffic,0,0,65535_65535,1,3,169,348,1,1,1,19,348,14,1,1,allocated
524,993,low_traffic,0,0,65535_65535,1,4,176,37,0,1,0,19,0,2,1,1,pre_allocation
524,993,low_traffic,0,0,65535_65535,1,4,176,39,1,1,1,20,39,2,1,1,allocated
524,993,low_traffic,0,0,65535_65535,1,3,169,348,0,1,0,19,0,14,1,1,pre_allocation
524,993,low_traffic,0,0,65535_65535,1,3,169,366,1,1,1,20,366,14,1,1,allocated
524,993,low_traffic,0,0,65535_65535,1,4,176,39,0,1,0,20,0,2,1,1,pre_allocation
524,993,low_traffic,0,0,65535_65535,1,4,176,41,1,1,1,21,41,2,1,1,allocated
524,993,low_traffic,0,0,65535_65535,1,3,169,366,0,1,0,20,0,14,1,1,pre_allocation
524,993,low_traffic,0,0,65535_65535,1,3,169,385,1,1,1,21,385,14,1,1,allocated
524,993,low_traffic,0,0,65535_65535,1,4,176,41,0,1,0,21,0,2,1,1,pre_allocation
524,993,low_traffic,0,0,65535_65535,1,4,176,43,1,1,1,22,43,2,1,1,allocated
524,993,low_traffic,0,0,65535_65535,1,3,169,385,0,1,0,21,0,14,1,1,pre_allocation
524,993,low_traffic,0,0,65535_65535,1,3,169,403,1,1,1,22,403,14,1,1,allocated
524,993,low_traffic,0,0,65535_65535,1,4,176,43,0,1,0,22,0,2,1,1,pre_allocation
524,993,low_traffic,0,0,65535_65535,1,4,176,45,1,1,1,23,45,2,1,1,allocated
524,993,low_traffic,0,0,65535_65535,1,3,169,403,0,1,0,22,0,14,1,1,pre_allocation
524,993,low_traffic,0,0,65535_65535,1,3,169,422,1,1,1,23,422,14,1,1,allocated
524,993,low_traffic,0,0,65535_65535,1,4,176,45,0,1,0,23,0,2,1,1,pre_allocation
524,993,low_traffic,0,0,65535_65535,1,4,176,47,1,1,1,24,47,2,1,1,allocated
524,993,low_traffic,0,0,65535_65535,1,3,169,422,0,1,0,23,0,14,1,1,pre_allocation
524,993,low_traffic,0,0,65535_65535,1,3,169,440,1,1,1,24,440,14,1,1,allocated
524,993,low_traffic,0,0,65535_65535,1,4,176,47,0,1,0,24,0,2,1,1,pre_allocation
524,993,low_traffic,0,0,65535_65535,1,4,176,49,1,1,1,25,49,2,1,1,allocated
524,993,low_traffic,0,0,65535_65535,1,3,169,440,0,1,0,24,0,14,1,1,pre_allocation
524,993,low_traffic,0,0,65535_65535,1,3,169,459,1,1,1,25,459,14,1,1,allocated
524,993,low_traffic,0,0,65535_65535,1,4,176,49,0,1,0,25,0,2,1,1,pre_allocation
524,993,low_traffic,0,0,65535_65535,1,4,176,52,1,1,1,26,52,2,1,1,allocated
524,993,low_traffic,0,0,65535_65535,1,3,169,459,0,1,0,25,0,14,1,1,pre_allocation
524,993,low_traffic,0,0,65535_65535,1,3,169,477,1,1,1,26,477,14,1,1,allocated
524,993,low_traffic,0,0,65535_65535,1,4,176,52,0,1,0,26,0,2,1,1,pre_allocation
524,993,low_traffic,0,0,65535_65535,1,4,176,54,1,1,1,27,54,2,1,1,allocated
524,993,low_traffic,0,0,65535_65535,1,3,169,477,0,1,0,26,0,14,1,1,pre_allocation
524,993,low_traffic,0,0,65535_65535,1,3,169,495,1,1,1,27,495,14,1,1,allocated
524,993,low_traffic,0,0,65535_65535,1,4,176,54,0,1,0,27,0,2,1,1,pre_allocation
524,993,low_traffic,0,0,65535_65535,1,4,176,56,1,1,1,28,56,2,1,1,allocated
524,993,low_traffic,0,0,65535_65535,1,3,169,495,0,1,0,27,0,14,1,1,pre_allocation
524,993,low_traffic,0,0,65535_65535,1,3,169,514,1,1,1,28,514,14,1,1,allocated
524,993,low_traffic,0,0,65535_65535,1,4,176,56,0,1,0,28,0,2,1,1,pre_allocation
524,993,low_traffic,0,0,65535_65535,1,4,176,58,1,1,1,29,58,2,1,1,allocated
524,993,low_traffic,0,0,65535_65535,1,3,169,514,0,1,0,28,0,14,1,1,pre_allocation
524,993,low_traffic,0,0,65535_65535,1,3,169,532,1,1,1,29,532,14,1,1,allocated
524,993,low_traffic,0,0,65535_65535,1,4,176,58,0,1,0,29,0,2,1,1,pre_allocation
524,993,low_traffic,0,0,65535_65535,1,4,176,60,1,1,1,30,60,2,1,1,allocated
524,993,low_traffic,0,0,65535_65535,1,3,169,532,0,1,0,29,0,14,1,1,pre_allocation
524,993,low_traffic,0,0,65535_65535,1,3,169,551,1,1,1,30,551,14,1,1,allocated
524,993,low_traffic,0,0,65535_65535,1,4,176,60,0,1,0,30,0,2,1,1,pre_allocation
524,993,low_traffic,0,0,65535_65535,1,4,176,62,1,1,1,31,62,2,1,1,allocated
524,993,low_traffic,0,0,65535_65535,1,3,169,551,0,1,0,30,0,14,1,1,pre_allocation
524,993,low_traffic,0,0,65535_65535,1,3,169,569,1,1,1,31,569,14,1,1,allocated
524,993,low_traffic,0,0,65535_65535,1,4,176,62,0,1,0,31,0,2,1,1,pre_allocation
524,993,low_traffic,0,0,65535_65535,1,4,176,64,1,1,1,32,64,2,1,1,allocated
524,993,low_traffic,0,0,65535_65535,1,3,169,569,0,1,0,31,0,14,1,1,pre_allocation
524,993,low_traffic,0,0,65535_65535,1,3,169,588,1,1,1,32,588,14,1,1,allocated
524,993,low_traffic,0,0,65535_65535,1,4,176,64,0,1,0,32,0,2,1,1,pre_allocation
524,993,low_traffic,0,0,65535_65535,1,4,176,66,1,1,1,33,66,2,1,1,allocated
524,993,low_traffic,0,0,65535_65535,1,3,169,588,0,1,0,32,0,14,1,1,pre_allocation
524,993,low_traffic,0,0,65535_65535,1,3,169,606,1,1,1,33,606,14,1,1,allocated
524,993,low_traffic,0,0,65535_65535,1,4,176,66,0,1,0,33,0,2,1,1,pre_allocation
524,993,low_traffic,0,0,65535_65535,1,4,176,68,1,1,1,34,68,2,1,1,allocated
524,993,low_traffic,0,0,65535_65535,1,3,169,606,0,1,0,33,0,14,1,1,pre_allocation
524,993,low_traffic,0,0,65535_65535,1,3,169,625,1,1,1,34,625,14,1,1,allocated
524,993,low_traffic,0,0,65535_65535,1,4,176,68,0,1,0,34,0,2,1,1,pre_allocation
524,993,low_traffic,0,0,65535_65535,1,4,176,71,1,1,1,35,71,2,1,1,allocated
524,993,low_traffic,0,0,65535_65535,1,3,169,625,0,1,0,34,0,14,1,1,pre_allocation
524,993,low_traffic,0,0,65535_65535,1,3,169,643,1,1,1,35,643,14,1,1,allocated
524,993,low_traffic,0,0,65535_65535,1,4,176,71,0,1,0,35,0,2,1,1,pre_allocation
524,993,low_traffic,0,0,65535_65535,1,4,176,73,1,1,1,36,73,2,1,1,allocated
524,993,low_traffic,0,0,65535_65535,1,3,169,643,0,1,0,35,0,14,1,1,pre_allocation
524,993,low_traffic,0,0,65535_65535,1,3,169,662,1,1,1,36,662,14,1,1,allocated
524,993,low_traffic,0,0,65535_65535,1,4,176,73,0,1,0,36,0,2,1,1,pre_allocation
524,993,low_traffic,0,0,65535_65535,1,4,176,75,1,1,1,37,75,2,1,1,allocated
524,993,low_traffic,0,0,65535_65535,1,3,169,662,0,1,0,36,0,14,1,1,pre_allocation
524,993,low_traffic,0,0,65535_65535,1,3,169,680,1,1,1,37,680,14,1,1,allocated
524,993,low_traffic,0,0,65535_65535,1,4,176,75,0,1,0,37,0,2,1,1,pre_allocation
524,993,low_traffic,0,0,65535_65535,1,4,176,77,1,1,1,38,77,2,1,1,allocated
524,993,low_traffic,0,0,65535_65535,1,3,169,680,0,1,0,37,0,14,1,1,pre_allocation
524,993,low_traffic,0,0,65535_65535,1,3,169,699,1,1,1,38,699,14,1,1,allocated
524,993,low_traffic,0,0,65535_65535,1,4,176,77,0,1,0,38,0,2,1,1,pre_allocation
524,993,low_traffic,0,0,65535_65535,1,4,176,79,1,1,1,39,79,2,1,1,allocated
524,993,low_traffic,0,0,65535_65535,1,3,169,699,0,1,0,38,0,14,1,1,pre_allocation
524,993,low_traffic,0,0,65535_65535,1,3,169,717,1,1,1,39,717,14,1,1,allocated
524,993,low_traffic,0,0,65535_65535,1,4,176,79,0,1,0,39,0,2,1,1,pre_allocation
524,993,low_traffic,0,0,65535_65535,1,4,176,81,1,1,1,40,81,2,1,1,allocated
524,993,low_traffic,0,0,65535_65535,1,3,169,717,0,1,0,39,0,14,1,1,pre_allocation
524,993,low_traffic,0,0,65535_65535,1,3,169,736,1,1,1,40,736,14,1,1,allocated
524,993,low_traffic,0,0,65535_65535,1,4,176,81,0,1,0,40,0,2,1,1,pre_allocation
524,993,low_traffic,0,0,65535_65535,1,4,176,83,1,1,1,41,83,2,1,1,allocated
524,993,low_traffic,0,0,65535_65535,1,3,169,736,0,1,0,40,0,14,1,1,pre_allocation
524,993,low_traffic,0,0,65535_65535,1,3,169,754,1,1,1,41,754,14,1,1,allocated
524,993,low_traffic,0,0,65535_65535,1,4,176,83,0,1,0,41,0,2,1,1,pre_allocation
524,993,low_traffic,0,0,65535_65535,1,4,176,85,1,1,1,42,85,2,1,1,allocated
524,993,low_traffic,0,0,65535_65535,1,3,169,754,0,1,0,41,0,14,1,1,pre_allocation
524,993,low_traffic,0,0,65535_65535,1,3,169,773,1,1,1,42,773,14,1,1,allocated
524,993,low_traffic,0,0,65535_65535,1,4,176,85,0,1,0,42,0,2,1,1,pre_allocation
524,993,low_traffic,0,0,65535_65535,1,4,176,88,1,1,1,43,88,2,1,1,allocated
524,993,low_traffic,0,0,65535_65535,1,3,169,773,0,1,0,42,0,14,1,1,pre_allocation
524,993,low_traffic,0,0,65535_65535,1,3,169,791,1,1,1,43,791,14,1,1,allocated
524,993,low_traffic,0,0,65535_65535,1,4,176,88,0,1,0,43,0,2,1,1,pre_allocation
524,993,low_traffic,0,0,65535_65535,1,4,176,90,1,1,1,44,90,2,1,1,allocated
524,993,low_traffic,0,0,65535_65535,1,3,169,791,0,1,0,43,0,14,1,1,pre_allocation
524,993,low_traffic,0,0,65535_65535,1,3,169,810,1,1,1,44,810,14,1,1,allocated
524,993,low_traffic,0,0,65535_65535,1,4,176,90,0,1,0,44,0,2,1,1,pre_allocation
524,993,low_traffic,0,0,65535_65535,1,4,176,92,1,1,1,45,92,2,1,1,allocated
524,993,low_traffic,0,0,65535_65535,1,3,169,810,0,1,0,44,0,14,1,1,pre_allocation
524,993,low_traffic,0,0,65535_65535,1,3,169,828,1,1,1,45,828,14,1,1,allocated
524,993,low_traffic,0,0,65535_65535,1,4,176,92,0,1,0,45,0,2,1,1,pre_allocation
524,993,low_traffic,0,0,65535_65535,1,4,176,94,1,1,1,46,94,2,1,1,allocated
524,993,low_traffic,0,0,65535_65535,2,7,137,0,0,1,0,0,0,15,1,1,pre_allocation
524,993,low_traffic,0,0,65535_65535,2,7,137,17,1,1,1,1,17,15,1,1,allocated
524,993,low_traffic,0,0,65535_65535,2,7,137,17,0,1,0,1,0,15,1,1,pre_allocation
524,993,low_traffic,0,0,65535_65535,2,7,137,38,1,1,1,2,38,15,1,1,allocated
524,993,low_traffic,0,0,65535_65535,2,7,137,38,0,1,0,2,0,15,1,1,pre_allocation
524,993,low_traffic,0,0,65535_65535,2,7,137,59,1,1,1,3,59,15,1,1,allocated
524,993,low_traffic,0,0,65535_65535,2,7,137,59,0,1,0,3,0,15,1,1,pre_allocation
524,993,low_traffic,0,0,65535_65535,2,7,137,80,1,1,1,4,80,15,1,1,allocated
524,993,low_traffic,0,0,65535_65535,2,7,137,80,0,1,0,4,0,15,1,1,pre_allocation
524,993,low_traffic,0,0,65535_65535,2,7,137,100,1,1,1,5,100,15,1,1,allocated
524,993,low_traffic,0,0,65535_65535,2,7,137,100,0,1,0,5,0,15,1,1,pre_allocation
524,993,low_traffic,0,0,65535_65535,2,7,137,121,1,1,1,6,121,15,1,1,allocated
524,993,low_traffic,0,0,65535_65535,2,7,137,121,0,1,0,6,0,15,1,1,pre_allocation
524,993,low_traffic,0,0,65535_65535,2,7,137,142,1,1,1,7,142,15,1,1,allocated
524,993,low_traffic,0,0,65535_65535,2,7,137,142,0,1,0,7,0,15,1,1,pre_allocation
524,993,low_traffic,0,0,65535_65535,2,7,137,163,1,1,1,8,163,15,1,1,allocated
524,993,low_traffic,0,0,65535_65535,2,7,137,163,0,1,0,8,0,15,1,1,pre_allocation
524,993,low_traffic,0,0,65535_65535,2,7,137,184,1,1,1,9,184,15,1,1,allocated
524,993,low_traffic,0,0,65535_65535,2,7,137,184,0,1,0,9,0,15,1,1,pre_allocation
524,993,low_traffic,0,0,65535_65535,2,7,137,204,1,1,1,10,204,15,1,1,allocated
524,993,low_traffic,0,0,65535_65535,2,7,137,204,0,1,0,10,0,15,1,1,pre_allocation
524,993,low_traffic,0,0,65535_65535,2,7,137,225,1,1,1,11,225,15,1,1,allocated
524,993,low_traffic,0,0,65535_65535,2,7,137,225,0,1,0,11,0,15,1,1,pre_allocation
524,993,low_traffic,0,0,65535_65535,2,7,137,246,1,1,1,12,246,15,1,1,allocated
524,993,low_traffic,0,0,65535_65535,2,7,137,246,0,1,0,12,0,15,1,1,pre_allocation
524,993,low_traffic,0,0,65535_65535,2,7,137,267,1,1,1,13,267,15,1,1,allocated
524,993,low_traffic,0,0,65535_65535,2,7,137,267,0,1,0,13,0,15,1,1,pre_allocation
524,993,low_traffic,0,0,65535_65535,2,7,137,288,1,1,1,14,288,15,1,1,allocated
524,993,low_traffic,0,0,65535_65535,2,7,137,288,0,1,0,14,0,15,1,1,pre_allocation
524,993,low_traffic,0,0,65535_65535,2,7,137,308,1,1,1,15,308,15,1,1,allocated
524,993,low_traffic,0,0,65535_65535,2,7,137,308,0,1,0,15,0,15,1,1,pre_allocation
524,993,low_traffic,0,0,65535_65535,2,7,137,329,1,1,1,16,329,15,1,1,allocated
524,993,low_traffic,0,0,65535_65535,2,7,137,329,0,1,0,16,0,15,1,1,pre_allocation
524,993,low_traffic,0,0,65535_65535,2,7,137,350,1,1,1,17,350,15,1,1,allocated
524,993,low_traffic,0,0,65535_65535,2,7,137,350,0,1,0,17,0,15,1,1,pre_allocation
524,993,low_traffic,0,0,65535_65535,2,7,137,371,1,1,1,18,371,15,1,1,allocated
524,993,low_traffic,0,0,65535_65535,2,7,137,371,0,1,0,18,0,15,1,1,pre_allocation
524,993,low_traffic,0,0,65535_65535,2,7,137,392,1,1,1,19,392,15,1,1,allocated
524,993,low_traffic,0,0,65535_65535,2,7,137,392,0,1,0,19,0,15,1,1,pre_allocation
524,993,low_traffic,0,0,65535_65535,2,7,137,412,1,1,1,20,412,15,1,1,allocated
524,993,low_traffic,0,0,65535_65535,2,7,137,412,0,1,0,20,0,15,1,1,pre_allocation
524,993,low_traffic,0,0,65535_65535,2,7,137,433,1,1,1,21,433,15,1,1,allocated
524,993,low_traffic,0,0,65535_65535,2,7,137,433,0,1,0,21,0,15,1,1,pre_allocation
524,993,low_traffic,0,0,65535_65535,2,7,137,454,1,1,1,22,454,15,1,1,allocated
524,993,low_traffic,0,0,65535_65535,2,7,137,454,0,1,0,22,0,15,1,1,pre_allocation
524,993,low_traffic,0,0,65535_65535,2,7,137,475,1,1,1,23,475,15,1,1,allocated
524,993,low_traffic,0,0,65535_65535,2,7,137,475,0,1,0,23,0,15,1,1,pre_allocation
524,993,low_traffic,0,0,65535_65535,2,7,137,495,1,1,1,24,495,15,1,1,allocated
524,993,low_traffic,0,0,65535_65535,2,7,137,495,0,1,0,24,0,15,1,1,pre_allocation
524,993,low_traffic,0,0,65535_65535,2,7,137,516,1,1,1,25,516,15,1,1,allocated
524,993,low_traffic,0,0,65535_65535,2,7,137,516,0,1,0,25,0,15,1,1,pre_allocation
524,993,low_traffic,0,0,65535_65535,2,7,137,537,1,1,1,26,537,15,1,1,allocated
524,993,low_traffic,0,0,65535_65535,2,7,137,537,0,1,0,26,0,15,1,1,pre_allocation
524,993,low_traffic,0,0,65535_65535,2,7,137,558,1,1,1,27,558,15,1,1,allocated
524,993,low_traffic,0,0,65535_65535,2,7,137,558,0,1,0,27,0,15,1,1,pre_allocation
524,993,low_traffic,0,0,65535_65535,2,7,137,579,1,1,1,28,579,15,1,1,allocated
524,993,low_traffic,0,0,65535_65535,2,7,137,579,0,1,0,28,0,15,1,1,pre_allocation
524,993,low_traffic,0,0,65535_65535,2,7,137,599,1,1,1,29,599,15,1,1,allocated
524,993,low_traffic,0,0,65535_65535,2,7,137,599,0,1,0,29,0,15,1,1,pre_allocation
524,993,low_traffic,0,0,65535_65535,2,7,137,620,1,1,1,30,620,15,1,1,allocated
524,993,low_traffic,0,0,65535_65535,2,7,137,620,0,1,0,30,0,15,1,1,pre_allocation
524,993,low_traffic,0,0,65535_65535,2,7,137,641,1,1,1,31,641,15,1,1,allocated
524,993,low_traffic,0,0,65535_65535,2,7,137,641,0,1,0,31,0,15,1,1,pre_allocation
524,993,low_traffic,0,0,65535_65535,2,7,137,662,1,1,1,32,662,15,1,1,allocated
524,993,low_traffic,0,0,65535_65535,2,7,137,662,0,1,0,32,0,15,1,1,pre_allocation
524,993,low_traffic,0,0,65535_65535,2,7,137,683,1,1,1,33,683,15,1,1,allocated
524,993,low_traffic,0,0,65535_65535,2,7,137,683,0,1,0,33,0,15,1,1,pre_allocation
524,993,low_traffic,0,0,65535_65535,2,7,137,703,1,1,1,34,703,15,1,1,allocated
524,993,low_traffic,0,0,65535_65535,2,7,137,703,0,1,0,34,0,15,1,1,pre_allocation
524,993,low_traffic,0,0,65535_65535,2,7,137,724,1,1,1,35,724,15,1,1,allocated
524,993,low_traffic,0,0,65535_65535,2,7,137,724,0,1,0,35,0,15,1,1,pre_allocation
524,993,low_traffic,0,0,65535_65535,2,7,137,745,1,1,1,36,745,15,1,1,allocated
524,993,low_traffic,0,0,65535_65535,2,7,137,745,0,1,0,36,0,15,1,1,pre_allocation
524,993,low_traffic,0,0,65535_65535,2,7,137,766,1,1,1,37,766,15,1,1,allocated
524,993,low_traffic,0,0,65535_65535,2,7,137,766,0,1,0,37,0,15,1,1,pre_allocation
524,993,low_traffic,0,0,65535_65535,2,7,137,787,1,1,1,38,787,15,1,1,allocated
524,993,low_traffic,0,0,65535_65535,2,7,137,787,0,1,0,38,0,15,1,1,pre_allocation
524,993,low_traffic,0,0,65535_65535,2,7,137,807,1,1,1,39,807,15,1,1,allocated
524,993,low_traffic,0,0,65535_65535,2,7,137,807,0,1,0,39,0,15,1,1,pre_allocation
524,993,low_traffic,0,0,65535_65535,2,7,137,828,1,1,1,40,828,15,1,1,allocated
524,993,low_traffic,0,0,65535_65535,2,7,137,828,0,1,0,40,0,15,1,1,pre_allocation
524,993,low_traffic,0,0,65535_65535,2,7,137,849,1,1,1,41,849,15,1,1,allocated
524,993,low_traffic,0,0,65535_65535,2,7,137,849,0,1,0,41,0,15,1,1,pre_allocation
524,993,low_traffic,0,0,65535_65535,2,7,137,870,1,1,1,42,870,15,1,1,allocated
524,993,low_traffic,0,0,65535_65535,2,7,137,870,0,1,0,42,0,15,1,1,pre_allocation
524,993,low_traffic,0,0,65535_65535,2,7,137,890,1,1,1,43,890,15,1,1,allocated
524,993,low_traffic,0,0,65535_65535,2,7,137,890,0,1,0,43,0,15,1,1,pre_allocation
524,993,low_traffic,0,0,65535_65535,2,7,137,911,1,1,1,44,911,15,1,1,allocated
524,993,low_traffic,0,0,65535_65535,2,7,137,911,0,1,0,44,0,15,1,1,pre_allocation
524,993,low_traffic,0,0,65535_65535,2,7,137,932,1,1,1,45,932,15,1,1,allocated
524,993,low_traffic,0,0,65535_65535,2,7,137,932,0,1,0,45,0,15,1,1,pre_allocation
524,993,low_traffic,0,0,65535_65535,2,7,137,953,1,1,1,46,953,15,1,1,allocated
524,993,low_traffic,0,0,65535_65535,2,7,137,953,0,1,0,46,0,15,1,1,pre_allocation
524,993,low_traffic,0,0,65535_65535,2,7,137,974,1,1,1,47,974,15,1,1,allocated
524,993,low_traffic,0,0,65535_65535,2,7,137,974,0,1,0,47,0,15,1,1,pre_allocation
524,993,low_traffic,0,0,65535_65535,2,7,137,994,1,1,1,48,994,15,1,1,allocated
524,993,low_traffic,0,0,65535_65535,2,7,137,994,0,1,0,48,0,15,1,1,pre_allocation
524,993,low_traffic,0,0,65535_65535,2,7,137,1015,1,1,1,49,1015,15,1,1,allocated
524,993,low_traffic,0,0,65535_65535,2,7,137,1015,0,1,0,49,0,15,1,1,pre_allocation
524,993,low_traffic,0,0,65535_65535,2,7,137,1036,1,1,1,50,1036,15,1,1,allocated
524,993,low_traffic,0,0,65535_65535,2,7,137,1036,0,1,0,50,0,15,1,1,pre_allocation
524,993,low_traffic,0,0,65535_65535,2,7,137,1057,1,1,1,51,1057,15,1,1,allocated
524,993,low_traffic,0,0,65535_65535,2,7,137,1057,0,1,0,51,0,15,1,1,pre_allocation
524,993,low_traffic,0,0,65535_65535,2,7,137,1078,1,1,1,52,1078,15,1,1,allocated
524,993,low_traffic,0,0,65535_65535,2,7,137,1078,0,1,0,52,0,15,1,1,pre_allocation
524,993,low_traffic,0,0,65535_65535,2,7,137,1098,1,1,1,53,1098,15,1,1,allocated
524,993,low_traffic,0,0,65535_65535,2,7,137,1098,0,1,0,53,0,15,1,1,pre_allocation
524,993,low_traffic,0,0,65535_65535,2,7,137,1119,1,1,1,54,1119,15,1,1,allocated
524,993,low_traffic,0,0,65535_65535,2,7,137,1119,0,1,0,54,0,15,1,1,pre_allocation
524,993,low_traffic,0,0,65535_65535,2,7,137,1140,1,1,1,55,1140,15,1,1,allocated
524,993,low_traffic,0,0,65535_65535,2,7,137,1140,0,1,0,55,0,15,1,1,pre_allocation
524,993,low_traffic,0,0,65535_65535,2,7,137,1161,1,1,1,56,1161,15,1,1,allocated
524,993,low_traffic,0,0,65535_65535,2,7,137,1161,0,1,0,56,0,15,1,1,pre_allocation
524,993,low_traffic,0,0,65535_65535,2,7,137,1182,1,1,1,57,1182,15,1,1,allocated
524,993,low_traffic,0,0,65535_65535,2,7,137,1182,0,1,0,57,0,15,1,1,pre_allocation
524,993,low_traffic,0,0,65535_65535,2,7,137,1202,1,1,1,58,1202,15,1,1,allocated
524,993,low_traffic,0,0,65535_65535,2,7,137,1202,0,1,0,58,0,15,1,1,pre_allocation
524,993,low_traffic,0,0,65535_65535,2,7,137,1223,1,1,1,59,1223,15,1,1,allocated
524,993,low_traffic,0,0,65535_65535,2,7,137,1223,0,1,0,59,0,15,1,1,pre_allocation
524,993,low_traffic,0,0,65535_65535,2,7,137,1244,1,1,1,60,1244,15,1,1,allocated
524,993,low_traffic,0,0,65535_65535,2,7,137,1244,0,1,0,60,0,15,1,1,pre_allocation
524,993,low_traffic,0,0,65535_65535,2,7,137,1265,1,1,1,61,1265,15,1,1,allocated
524,993,low_traffic,0,0,65535_65535,2,7,137,1265,0,1,0,61,0,15,1,1,pre_allocation
524,993,low_traffic,0,0,65535_65535,2,7,137,1285,1,1,1,62,1285,15,1,1,allocated
524,993,low_traffic,0,0,65535_65535,2,7,137,1285,0,1,0,62,0,15,1,1,pre_allocation
524,993,low_traffic,0,0,65535_65535,2,7,137,1306,1,1,1,63,1306,15,1,1,allocated
524,993,low_traffic,0,0,65535_65535,2,7,137,1306,0,1,0,63,0,15,1,1,pre_allocation
524,993,low_traffic,0,0,65535_65535,2,7,137,1327,1,1,1,64,1327,15,1,1,allocated
524,993,low_traffic,0,0,65535_65535,2,7,137,1327,0,1,0,64,0,15,1,1,pre_allocation
524,993,low_traffic,0,0,65535_65535,2,7,137,1348,1,1,1,65,1348,15,1,1,allocated
524,993,low_traffic,0,0,65535_65535,2,7,137,1348,0,1,0,65,0,15,1,1,pre_allocation
524,993,low_traffic,0,0,65535_65535,2,7,137,1369,1,1,1,66,1369,15,1,1,allocated
524,993,low_traffic,0,0,65535_65535,2,7,137,1369,0,1,0,66,0,15,1,1,pre_allocation
524,993,low_traffic,0,0,65535_65535,2,7,137,1389,1,1,1,67,1389,15,1,1,allocated
524,993,low_traffic,0,0,65535_65535,2,7,137,1389,0,1,0,67,0,15,1,1,pre_allocation
524,993,low_traffic,0,0,65535_65535,2,7,137,1410,1,1,1,68,1410,15,1,1,allocated
524,993,low_traffic,0,0,65535_65535,2,7,137,1410,0,1,0,68,0,15,1,1,pre_allocation
524,993,low_traffic,0,0,65535_65535,2,7,137,1431,1,1,1,69,1431,15,1,1,allocated
524,993,low_traffic,0,0,65535_65535,2,7,137,1431,0,1,0,69,0,15,1,1,pre_allocation
524,993,low_traffic,0,0,65535_65535,2,7,137,1452,1,1,1,70,1452,15,1,1,allocated
524,993,low_traffic,0,0,65535_65535,2,7,137,1452,0,1,0,70,0,15,1,1,pre_allocation
524,993,low_traffic,0,0,65535_65535,2,7,137,1473,1,1,1,71,1473,15,1,1,allocated
524,993,low_traffic,0,0,65535_65535,2,7,137,1473,0,1,0,71,0,15,1,1,pre_allocation
524,993,low_traffic,0,0,65535_65535,2,7,137,1493,1,1,1,72,1493,15,1,1,allocated
524,993,low_traffic,0,0,65535_65535,2,7,137,1493,0,1,0,72,0,15,1,1,pre_allocation
524,993,low_traffic,0,0,65535_65535,2,7,137,1514,1,1,1,73,1514,15,1,1,allocated
524,993,low_traffic,0,0,65535_65535,2,7,137,1514,0,1,0,73,0,15,1,1,pre_allocation
524,993,low_traffic,0,0,65535_65535,2,7,137,1535,1,1,1,74,1535,15,1,1,allocated
636,1091,low_traffic,0,0,65535_65535,0,2,967639,0,0,1,0,0,0,12,1,1,pre_allocation
636,1091,low_traffic,0,0,65535_65535,0,2,967639,11,1,1,1,1,11,12,1,1,allocated
636,1091,low_traffic,0,0,65535_65535,0,2,967639,11,0,1,0,1,0,12,1,1,pre_allocation
636,1091,low_traffic,0,0,65535_65535,0,2,967639,25,1,1,1,2,25,12,1,1,allocated
636,1091,low_traffic,0,0,65535_65535,0,2,967639,25,0,1,0,2,0,12,1,1,pre_allocation
636,1091,low_traffic,0,0,65535_65535,0,2,967639,39,1,1,1,3,39,12,1,1,allocated
636,1091,low_traffic,0,0,65535_65535,0,2,967639,39,0,1,0,3,0,12,1,1,pre_allocation
636,1091,low_traffic,0,0,65535_65535,0,2,967639,53,1,1,1,4,53,12,1,1,allocated
636,1091,low_traffic,0,0,65535_65535,0,2,967639,53,0,1,0,4,0,12,1,1,pre_allocation
636,1091,low_traffic,0,0,65535_65535,0,2,967639,68,1,1,1,5,68,12,1,1,allocated
636,1091,low_traffic,0,0,65535_65535,0,2,967639,68,0,1,0,5,0,12,1,1,pre_allocation
636,1091,low_traffic,0,0,65535_65535,0,2,967639,82,1,1,1,6,82,12,1,1,allocated
636,1091,low_traffic,0,0,65535_65535,0,2,967639,82,0,1,0,6,0,12,1,1,pre_allocation
636,1091,low_traffic,0,0,65535_65535,0,2,967639,96,1,1,1,7,96,12,1,1,allocated
636,1091,low_traffic,0,0,65535_65535,0,2,967639,96,0,1,0,7,0,12,1,1,pre_allocation
636,1091,low_traffic,0,0,65535_65535,0,2,967639,110,1,1,1,8,110,12,1,1,allocated
636,1091,low_traffic,0,0,65535_65535,0,2,967639,110,0,1,0,8,0,12,1,1,pre_allocation
636,1091,low_traffic,0,0,65535_65535,0,2,967639,125,1,1,1,9,125,12,1,1,allocated
636,1091,low_traffic,0,0,65535_65535,0,2,967639,125,0,1,0,9,0,12,1,1,pre_allocation
636,1091,low_traffic,0,0,65535_65535,0,2,967639,139,1,1,1,10,139,12,1,1,allocated
636,1091,low_traffic,0,0,65535_65535,0,2,967639,139,0,1,0,10,0,12,1,1,pre_allocation
636,1091,low_traffic,0,0,65535_65535,0,2,967639,153,1,1,1,11,153,12,1,1,allocated
636,1091,low_traffic,0,0,65535_65535,0,2,967639,153,0,1,0,11,0,12,1,1,pre_allocation
636,1091,low_traffic,0,0,65535_65535,0,2,967639,167,1,1,1,12,167,12,1,1,allocated
636,1091,low_traffic,0,0,65535_65535,0,2,967639,167,0,1,0,12,0,12,1,1,pre_allocation
636,1091,low_traffic,0,0,65535_65535,0,2,967639,182,1,1,1,13,182,12,1,1,allocated
636,1091,low_traffic,0,0,65535_65535,0,2,967639,182,0,1,0,13,0,12,1,1,pre_allocation
636,1091,low_traffic,0,0,65535_65535,0,2,967639,196,1,1,1,14,196,12,1,1,allocated
636,1091,low_traffic,0,0,65535_65535,0,2,967639,196,0,1,0,14,0,12,1,1,pre_allocation
636,1091,low_traffic,0,0,65535_65535,0,2,967639,210,1,1,1,15,210,12,1,1,allocated
636,1091,low_traffic,0,0,65535_65535,0,2,967639,210,0,1,0,15,0,12,1,1,pre_allocation
636,1091,low_traffic,0,0,65535_65535,0,2,967639,224,1,1,1,16,224,12,1,1,allocated
636,1091,low_traffic,0,0,65535_65535,0,2,967639,224,0,1,0,16,0,12,1,1,pre_allocation
636,1091,low_traffic,0,0,65535_65535,0,2,967639,239,1,1,1,17,239,12,1,1,allocated
636,1091,low_traffic,0,0,65535_65535,0,2,967639,239,0,1,0,17,0,12,1,1,pre_allocation
636,1091,low_traffic,0,0,65535_65535,0,2,967639,253,1,1,1,18,253,12,1,1,allocated
636,1091,low_traffic,0,0,65535_65535,0,2,967639,253,0,1,0,18,0,12,1,1,pre_allocation
636,1091,low_traffic,0,0,65535_65535,0,2,967639,267,1,1,1,19,267,12,1,1,allocated
636,1091,low_traffic,0,0,65535_65535,0,2,967639,267,0,1,0,19,0,12,1,1,pre_allocation
636,1091,low_traffic,0,0,65535_65535,0,2,967639,281,1,1,1,20,281,12,1,1,allocated
636,1091,low_traffic,0,0,65535_65535,0,2,967639,281,0,1,0,20,0,12,1,1,pre_allocation
636,1091,low_traffic,0,0,65535_65535,0,2,967639,296,1,1,1,21,296,12,1,1,allocated
636,1091,low_traffic,0,0,65535_65535,0,2,967639,296,0,1,0,21,0,12,1,1,pre_allocation
636,1091,low_traffic,0,0,65535_65535,0,2,967639,310,1,1,1,22,310,12,1,1,allocated
636,1091,low_traffic,0,0,65535_65535,0,2,967639,310,0,1,0,22,0,12,1,1,pre_allocation
636,1091,low_traffic,0,0,65535_65535,0,2,967639,324,1,1,1,23,324,12,1,1,allocated
636,1091,low_traffic,0,0,65535_65535,0,2,967639,324,0,1,0,23,0,12,1,1,pre_allocation
636,1091,low_traffic,0,0,65535_65535,0,2,967639,338,1,1,1,24,338,12,1,1,allocated
636,1091,low_traffic,0,0,65535_65535,0,2,967639,338,0,1,0,24,0,12,1,1,pre_allocation
636,1091,low_traffic,0,0,65535_65535,0,2,967639,353,1,1,1,25,353,12,1,1,allocated
636,1091,low_traffic,0,0,65535_65535,0,2,967639,353,0,1,0,25,0,12,1,1,pre_allocation
636,1091,low_traffic,0,0,65535_65535,0,2,967639,367,1,1,1,26,367,12,1,1,allocated
636,1091,low_traffic,0,0,65535_65535,0,2,967639,367,0,1,0,26,0,12,1,1,pre_allocation
636,1091,low_traffic,0,0,65535_65535,0,2,967639,381,1,1,1,27,381,12,1,1,allocated
636,1091,low_traffic,0,0,65535_65535,0,2,967639,381,0,1,0,27,0,12,1,1,pre_allocation
636,1091,low_traffic,0,0,65535_65535,0,2,967639,395,1,1,1,28,395,12,1,1,allocated
636,1091,low_traffic,0,0,65535_65535,0,2,967639,395,0,1,0,28,0,12,1,1,pre_allocation
636,1091,low_traffic,0,0,65535_65535,0,2,967639,410,1,1,1,29,410,12,1,1,allocated
636,1091,low_traffic,0,0,65535_65535,0,2,967639,410,0,1,0,29,0,12,1,1,pre_allocation
636,1091,low_traffic,0,0,65535_65535,0,2,967639,424,1,1,1,30,424,12,1,1,allocated
636,1091,low_traffic,0,0,65535_65535,0,2,967639,424,0,1,0,30,0,12,1,1,pre_allocation
636,1091,low_traffic,0,0,65535_65535,0,2,967639,438,1,1,1,31,438,12,1,1,allocated
636,1091,low_traffic,0,0,65535_65535,0,2,967639,438,0,1,0,31,0,12,1,1,pre_allocation
636,1091,low_traffic,0,0,65535_65535,0,2,967639,452,1,1,1,32,452,12,1,1,allocated
636,1091,low_traffic,0,0,65535_65535,0,2,967639,452,0,1,0,32,0,12,1,1,pre_allocation
636,1091,low_traffic,0,0,65535_65535,0,2,967639,467,1,1,1,33,467,12,1,1,allocated
636,1091,low_traffic,0,0,65535_65535,0,2,967639,467,0,1,0,33,0,12,1,1,pre_allocation
636,1091,low_traffic,0,0,65535_65535,0,2,967639,481,1,1,1,34,481,12,1,1,allocated
636,1091,low_traffic,0,0,65535_65535,0,2,967639,481,0,1,0,34,0,12,1,1,pre_allocation
636,1091,low_traffic,0,0,65535_65535,0,2,967639,495,1,1,1,35,495,12,1,1,allocated
636,1091,low_traffic,0,0,65535_65535,0,2,967639,495,0,1,0,35,0,12,1,1,pre_allocation
636,1091,low_traffic,0,0,65535_65535,0,2,967639,509,1,1,1,36,509,12,1,1,allocated
636,1091,low_traffic,0,0,65535_65535,0,2,967639,509,0,1,0,36,0,12,1,1,pre_allocation
636,1091,low_traffic,0,0,65535_65535,0,2,967639,524,1,1,1,37,524,12,1,1,allocated
636,1091,low_traffic,0,0,65535_65535,0,2,967639,524,0,1,0,37,0,12,1,1,pre_allocation
636,1091,low_traffic,0,0,65535_65535,0,2,967639,538,1,1,1,38,538,12,1,1,allocated
636,1091,low_traffic,0,0,65535_65535,0,2,967639,538,0,1,0,38,0,12,1,1,pre_allocation
636,1091,low_traffic,0,0,65535_65535,0,2,967639,552,1,1,1,39,552,12,1,1,allocated
636,1091,low_traffic,0,0,65535_65535,0,2,967639,552,0,1,0,39,0,12,1,1,pre_allocation
636,1091,low_traffic,0,0,65535_65535,0,2,967639,566,1,1,1,40,566,12,1,1,allocated
636,1091,low_traffic,0,0,65535_65535,0,2,967639,566,0,1,0,40,0,12,1,1,pre_allocation
636,1091,low_traffic,0,0,65535_65535,0,2,967639,581,1,1,1,41,581,12,1,1,allocated
636,1091,low_traffic,0,0,65535_65535,0,2,967639,581,0,1,0,41,0,12,1,1,pre_allocation
636,1091,low_traffic,0,0,65535_65535,0,2,967639,595,1,1,1,42,595,12,1,1,allocated
636,1091,low_traffic,0,0,65535_65535,0,2,967639,595,0,1,0,42,0,12,1,1,pre_allocation
636,1091,low_traffic,0,0,65535_65535,0,2,967639,609,1,1,1,43,609,12,1,1,allocated
636,1091,low_traffic,0,0,65535_65535,0,2,967639,609,0,1,0,43,0,12,1,1,pre_allocation
636,1091,low_traffic,0,0,65535_65535,0,2,967639,623,1,1,1,44,623,12,1,1,allocated
636,1091,low_traffic,0,0,65535_65535,0,2,967639,623,0,1,0,44,0,12,1,1,pre_allocation
636,1091,low_traffic,0,0,65535_65535,0,2,967639,638,1,1,1,45,638,12,1,1,allocated
636,1091,low_traffic,0,0,65535_65535,0,2,967639,638,0,1,0,45,0,12,1,1,pre_allocation
636,1091,low_traffic,0,0,65535_65535,0,2,967639,652,1,1,1,46,652,12,1,1,allocated
636,1091,low_traffic,0,0,65535_65535,0,2,967639,652,0,1,0,46,0,12,1,1,pre_allocation
636,1091,low_traffic,0,0,65535_65535,0,2,967639,666,1,1,1,47,666,12,1,1,allocated
636,1091,low_traffic,0,0,65535_65535,0,2,967639,666,0,1,0,47,0,12,1,1,pre_allocation
636,1091,low_traffic,0,0,65535_65535,0,2,967639,680,1,1,1,48,680,12,1,1,allocated
636,1091,low_traffic,0,0,65535_65535,0,2,967639,680,0,1,0,48,0,12,1,1,pre_allocation
636,1091,low_traffic,0,0,65535_65535,0,2,967639,695,1,1,1,49,695,12,1,1,allocated
636,1091,low_traffic,0,0,65535_65535,0,2,967639,695,0,1,0,49,0,12,1,1,pre_allocation
636,1091,low_traffic,0,0,65535_65535,0,2,967639,709,1,1,1,50,709,12,1,1,allocated
636,1091,low_traffic,0,0,65535_65535,0,2,967639,709,0,1,0,50,0,12,1,1,pre_allocation
636,1091,low_traffic,0,0,65535_65535,0,2,967639,723,1,1,1,51,723,12,1,1,allocated
636,1091,low_traffic,0,0,65535_65535,0,2,967639,723,0,1,0,51,0,12,1,1,pre_allocation
636,1091,low_traffic,0,0,65535_65535,0,2,967639,737,1,1,1,52,737,12,1,1,allocated
636,1091,low_traffic,0,0,65535_65535,0,2,967639,737,0,1,0,52,0,12,1,1,pre_allocation
636,1091,low_traffic,0,0,65535_65535,0,2,967639,751,1,1,1,53,751,12,1,1,allocated
636,1091,low_traffic,0,0,65535_65535,0,2,967639,751,0,1,0,53,0,12,1,1,pre_allocation
636,1091,low_traffic,0,0,65535_65535,0,2,967639,766,1,1,1,54,766,12,1,1,allocated
636,1091,low_traffic,0,0,65535_65535,0,2,967639,766,0,1,0,54,0,12,1,1,pre_allocation
636,1091,low_traffic,0,0,65535_65535,0,2,967639,780,1,1,1,55,780,12,1,1,allocated
636,1091,low_traffic,0,0,65535_65535,0,2,967639,780,0,1,0,55,0,12,1,1,pre_allocation
636,1091,low_traffic,0,0,65535_65535,0,2,967639,794,1,1,1,56,794,12,1,1,allocated
636,1091,low_traffic,0,0,65535_65535,0,2,967639,794,0,1,0,56,0,12,1,1,pre_allocation
636,1091,low_traffic,0,0,65535_65535,0,2,967639,808,1,1,1,57,808,12,1,1,allocated
636,1091,low_traffic,0,0,65535_65535,0,2,967639,808,0,1,0,57,0,12,1,1,pre_allocation
636,1091,low_traffic,0,0,65535_65535,0,2,967639,823,1,1,1,58,823,12,1,1,allocated
636,1091,low_traffic,0,0,65535_65535,0,2,967639,823,0,1,0,58,0,12,1,1,pre_allocation
636,1091,low_traffic,0,0,65535_65535,0,2,967639,837,1,1,1,59,837,12,1,1,allocated
636,1091,low_traffic,0,0,65535_65535,0,2,967639,837,0,1,0,59,0,12,1,1,pre_allocation
636,1091,low_traffic,0,0,65535_65535,0,2,967639,851,1,1,1,60,851,12,1,1,allocated
636,1091,low_traffic,0,0,65535_65535,0,2,967639,851,0,1,0,60,0,12,1,1,pre_allocation
636,1091,low_traffic,0,0,65535_65535,0,2,967639,865,1,1,1,61,865,12,1,1,allocated
636,1091,low_traffic,0,0,65535_65535,0,2,967639,865,0,1,0,61,0,12,1,1,pre_allocation
636,1091,low_traffic,0,0,65535_65535,0,2,967639,880,1,1,1,62,880,12,1,1,allocated
636,1091,low_traffic,0,0,65535_65535,0,2,967639,880,0,1,0,62,0,12,1,1,pre_allocation
636,1091,low_traffic,0,0,65535_65535,0,2,967639,894,1,1,1,63,894,12,1,1,allocated
636,1091,low_traffic,0,0,65535_65535,0,2,967639,894,0,1,0,63,0,12,1,1,pre_allocation
636,1091,low_traffic,0,0,65535_65535,0,2,967639,908,1,1,1,64,908,12,1,1,allocated
636,1091,low_traffic,0,0,65535_65535,0,2,967639,908,0,1,0,64,0,12,1,1,pre_allocation
636,1091,low_traffic,0,0,65535_65535,0,2,967639,922,1,1,1,65,922,12,1,1,allocated
636,1091,low_traffic,0,0,65535_65535,0,2,967639,922,0,1,0,65,0,12,1,1,pre_allocation
636,1091,low_traffic,0,0,65535_65535,0,2,967639,937,1,1,1,66,937,12,1,1,allocated
636,1091,low_traffic,0,0,65535_65535,0,2,967639,937,0,1,0,66,0,12,1,1,pre_allocation
636,1091,low_traffic,0,0,65535_65535,0,2,967639,951,1,1,1,67,951,12,1,1,allocated
636,1091,low_traffic,0,0,65535_65535,0,2,967639,951,0,1,0,67,0,12,1,1,pre_allocation
636,1091,low_traffic,0,0,65535_65535,0,2,967639,965,1,1,1,68,965,12,1,1,allocated
636,1091,low_traffic,0,0,65535_65535,0,2,967639,965,0,1,0,68,0,12,1,1,pre_allocation
636,1091,low_traffic,0,0,65535_65535,0,2,967639,979,1,1,1,69,979,12,1,1,allocated
636,1091,low_traffic,0,0,65535_65535,0,2,967639,979,0,1,0,69,0,12,1,1,pre_allocation
636,1091,low_traffic,0,0,65535_65535,0,2,967639,994,1,1,1,70,994,12,1,1,allocated
636,1091,low_traffic,0,0,65535_65535,0,2,967639,994,0,1,0,70,0,12,1,1,pre_allocation
636,1091,low_traffic,0,0,65535_65535,0,2,967639,1008,1,1,1,71,1008,12,1,1,allocated
636,1091,low_traffic,0,0,65535_65535,0,2,967639,1008,0,1,0,71,0,12,1,1,pre_allocation
636,1091,low_traffic,0,0,65535_65535,0,2,967639,1022,1,1,1,72,1022,12,1,1,allocated
636,1091,low_traffic,0,0,65535_65535,0,2,967639,1022,0,1,0,72,0,12,1,1,pre_allocation
636,1091,low_traffic,0,0,65535_65535,0,2,967639,1036,1,1,1,73,1036,12,1,1,allocated
636,1091,low_traffic,0,0,65535_65535,0,2,967639,1036,0,1,0,73,0,12,1,1,pre_allocation
636,1091,low_traffic,0,0,65535_65535,0,2,967639,1051,1,1,1,74,1051,12,1,1,allocated
636,1091,low_traffic,0,0,65535_65535,0,2,967639,1051,0,1,0,74,0,12,1,1,pre_allocation
636,1091,low_traffic,0,0,65535_65535,0,2,967639,1065,1,1,1,75,1065,12,1,1,allocated
636,1091,low_traffic,0,0,65535_65535,0,2,967639,1065,0,1,0,75,0,12,1,1,pre_allocation
636,1091,low_traffic,0,0,65535_65535,0,2,967639,1079,1,1,1,76,1079,12,1,1,allocated
636,1091,low_traffic,0,0,65535_65535,0,2,967639,1079,0,1,0,76,0,12,1,1,pre_allocation
636,1091,low_traffic,0,0,65535_65535,0,2,967639,1093,1,1,1,77,1093,12,1,1,allocated
636,1091,low_traffic,0,0,65535_65535,0,2,967639,1093,0,1,0,77,0,12,1,1,pre_allocation
636,1091,low_traffic,0,0,65535_65535,0,2,967639,1108,1,1,1,78,1108,12,1,1,allocated
636,1091,low_traffic,0,0,65535_65535,0,2,967639,1108,0,1,0,78,0,12,1,1,pre_allocation
636,1091,low_traffic,0,0,65535_65535,0,2,967639,1122,1,1,1,79,1122,12,1,1,allocated
636,1091,low_traffic,0,0,65535_65535,0,2,967639,1122,0,1,0,79,0,12,1,1,pre_allocation
636,1091,low_traffic,0,0,65535_65535,0,2,967639,1136,1,1,1,80,1136,12,1,1,allocated
636,1091,low_traffic,0,0,65535_65535,0,2,967639,1136,0,1,0,80,0,12,1,1,pre_allocation
636,1091,low_traffic,0,0,65535_65535,0,2,967639,1150,1,1,1,81,1150,12,1,1,allocated
636,1091,low_traffic,0,0,65535_65535,0,2,967639,1150,0,1,0,81,0,12,1,1,pre_allocation
636,1091,low_traffic,0,0,65535_65535,0,2,967639,1165,1,1,1,82,1165,12,1,1,allocated
636,1091,low_traffic,0,0,65535_65535,0,2,967639,1165,0,1,0,82,0,12,1,1,pre_allocation
636,1091,low_traffic,0,0,65535_65535,0,2,967639,1179,1,1,1,83,1179,12,1,1,allocated
636,1091,low_traffic,0,0,65535_65535,0,2,967639,1179,0,1,0,83,0,12,1,1,pre_allocation
636,1091,low_traffic,0,0,65535_65535,0,2,967639,1193,1,1,1,84,1193,12,1,1,allocated
636,1091,low_traffic,0,0,65535_65535,0,2,967639,1193,0,1,0,84,0,12,1,1,pre_allocation
636,1091,low_traffic,0,0,65535_65535,0,2,967639,1207,1,1,1,85,1207,12,1,1,allocated
636,1091,low_traffic,0,0,65535_65535,0,2,967639,1207,0,1,0,85,0,12,1,1,pre_allocation
636,1091,low_traffic,0,0,65535_65535,0,2,967639,1222,1,1,1,86,1222,12,1,1,allocated
636,1091,low_traffic,0,0,65535_65535,0,2,967639,1222,0,1,0,86,0,12,1,1,pre_allocation
636,1091,low_traffic,0,0,65535_65535,0,2,967639,1236,1,1,1,87,1236,12,1,1,allocated
636,1091,low_traffic,0,0,65535_65535,0,2,967639,1236,0,1,0,87,0,12,1,1,pre_allocation
636,1091,low_traffic,0,0,65535_65535,0,2,967639,1250,1,1,1,88,1250,12,1,1,allocated
636,1091,low_traffic,0,0,65535_65535,0,2,967639,1250,0,1,0,88,0,12,1,1,pre_allocation
636,1091,low_traffic,0,0,65535_65535,0,2,967639,1264,1,1,1,89,1264,12,1,1,allocated
636,1091,low_traffic,0,0,65535_65535,0,2,967639,1264,0,1,0,89,0,12,1,1,pre_allocation
636,1091,low_traffic,0,0,65535_65535,0,2,967639,1279,1,1,1,90,1279,12,1,1,allocated
636,1091,low_traffic,0,0,65535_65535,0,2,967639,1279,0,1,0,90,0,12,1,1,pre_allocation
636,1091,low_traffic,0,0,65535_65535,0,2,967639,1293,1,1,1,91,1293,12,1,1,allocated
636,1091,low_traffic,0,0,65535_65535,0,2,967639,1293,0,1,0,91,0,12,1,1,pre_allocation
636,1091,low_traffic,0,0,65535_65535,0,2,967639,1307,1,1,1,92,1307,12,1,1,allocated
636,1091,low_traffic,0,0,65535_65535,0,2,967639,1307,0,1,0,92,0,12,1,1,pre_allocation
636,1091,low_traffic,0,0,65535_65535,0,2,967639,1321,1,1,1,93,1321,12,1,1,allocated
636,1091,low_traffic,0,0,65535_65535,0,2,967639,1321,0,1,0,93,0,12,1,1,pre_allocation
636,1091,low_traffic,0,0,65535_65535,0,2,967639,1336,1,1,1,94,1336,12,1,1,allocated
636,1091,low_traffic,0,0,65535_65535,0,2,967639,1336,0,1,0,94,0,12,1,1,pre_allocation
636,1091,low_traffic,0,0,65535_65535,0,2,967639,1350,1,1,1,95,1350,12,1,1,allocated
636,1091,low_traffic,0,0,65535_65535,0,2,967639,1350,0,1,0,95,0,12,1,1,pre_allocation
636,1091,low_traffic,0,0,65535_65535,0,2,967639,1364,1,1,1,96,1364,12,1,1,allocated
636,1091,low_traffic,0,0,65535_65535,0,2,967639,1364,0,1,0,96,0,12,1,1,pre_allocation
636,1091,low_traffic,0,0,65535_65535,0,2,967639,1378,1,1,1,97,1378,12,1,1,allocated
636,1091,low_traffic,0,0,65535_65535,0,2,967639,1378,0,1,0,97,0,12,1,1,pre_allocation
636,1091,low_traffic,0,0,65535_65535,0,2,967639,1393,1,1,1,98,1393,12,1,1,allocated
636,1091,low_traffic,0,0,65535_65535,0,2,967639,1393,0,1,0,98,0,12,1,1,pre_allocation
636,1091,low_traffic,0,0,65535_65535,0,2,967639,1407,1,1,1,99,1407,12,1,1,allocated
636,1091,low_traffic,0,0,65535_65535,0,2,967639,1407,0,1,0,99,0,12,1,1,pre_allocation
636,1091,low_traffic,0,0,65535_65535,0,2,967639,1421,1,1,1,100,1421,12,1,1,allocated
636,1091,low_traffic,0,0,65535_65535,0,2,967639,1421,0,1,0,100,0,12,1,1,pre_allocation
636,1091,low_traffic,0,0,65535_65535,0,2,967639,1435,1,1,1,101,1435,12,1,1,allocated
636,1091,low_traffic,0,0,65535_65535,0,2,967639,1435,0,1,0,101,0,12,1,1,pre_allocation
636,1091,low_traffic,0,0,65535_65535,0,2,967639,1449,1,1,1,102,1449,12,1,1,allocated
636,1091,low_traffic,0,0,65535_65535,0,2,967639,1449,0,1,0,102,0,12,1,1,pre_allocation
636,1091,low_traffic,0,0,65535_65535,0,2,967639,1464,1,1,1,103,1464,12,1,1,allocated
636,1091,low_traffic,0,0,65535_65535,0,2,967639,1464,0,1,0,103,0,12,1,1,pre_allocation
636,1091,low_traffic,0,0,65535_65535,0,2,967639,1478,1,1,1,104,1478,12,1,1,allocated
636,1091,low_traffic,0,0,65535_65535,0,2,967639,1478,0,1,0,104,0,12,1,1,pre_allocation
636,1091,low_traffic,0,0,65535_65535,0,2,967639,1492,1,1,1,105,1492,12,1,1,allocated
636,1091,low_traffic,0,0,65535_65535,0,2,967639,1492,0,1,0,105,0,12,1,1,pre_allocation
636,1091,low_traffic,0,0,65535_65535,0,2,967639,1506,1,1,1,106,1506,12,1,1,allocated
636,1091,low_traffic,0,0,65535_65535,0,2,967639,1506,0,1,0,106,0,12,1,1,pre_allocation
636,1091,low_traffic,0,0,65535_65535,0,2,967639,1521,1,1,1,107,1521,12,1,1,allocated
636,1091,low_traffic,0,0,65535_65535,0,2,967639,1521,0,1,0,107,0,12,1,1,pre_allocation
636,1091,low_traffic,0,0,65535_65535,0,2,967639,1535,1,1,1,108,1535,12,1,1,allocated
636,1091,low_traffic,0,0,65535_65535,0,2,967639,1535,0,1,0,108,0,12,1,1,pre_allocation
636,1091,low_traffic,0,0,65535_65535,0,2,967639,1546,1,1,1,109,1546,12,1,1,allocated
636,1091,low_traffic,0,0,65535_65535,0,2,967639,1546,0,1,0,109,0,12,1,1,pre_allocation
636,1091,low_traffic,0,0,65535_65535,0,2,967639,1560,1,1,1,110,1560,12,1,1,allocated
636,1091,low_traffic,0,0,65535_65535,0,2,967639,1560,0,1,0,110,0,12,1,1,pre_allocation
636,1091,low_traffic,0,0,65535_65535,0,2,967639,1575,1,1,1,111,1575,12,1,1,allocated
636,1091,low_traffic,0,0,65535_65535,1,4,251,0,0,1,0,0,0,15,1,1,pre_allocation
636,1091,low_traffic,0,0,65535_65535,1,4,251,17,1,1,1,1,17,15,1,1,allocated
636,1091,low_traffic,0,0,65535_65535,1,3,251,0,0,1,0,0,0,14,1,1,pre_allocation
636,1091,low_traffic,0,0,65535_65535,1,3,251,15,1,1,1,1,15,14,1,1,allocated
636,1091,low_traffic,0,0,65535_65535,1,4,251,17,0,1,0,1,0,15,1,1,pre_allocation
636,1091,low_traffic,0,0,65535_65535,1,4,251,38,1,1,1,2,38,15,1,1,allocated
636,1091,low_traffic,0,0,65535_65535,1,3,251,15,0,1,0,1,0,14,1,1,pre_allocation
636,1091,low_traffic,0,0,65535_65535,1,3,251,33,1,1,1,2,33,14,1,1,allocated
636,1091,low_traffic,0,0,65535_65535,1,4,251,38,0,1,0,2,0,15,1,1,pre_allocation
636,1091,low_traffic,0,0,65535_65535,1,4,251,59,1,1,1,3,59,15,1,1,allocated
636,1091,low_traffic,0,0,65535_65535,1,3,251,33,0,1,0,2,0,14,1,1,pre_allocation
636,1091,low_traffic,0,0,65535_65535,1,3,251,52,1,1,1,3,52,14,1,1,allocated
636,1091,low_traffic,0,0,65535_65535,1,4,251,59,0,1,0,3,0,15,1,1,pre_allocation
636,1091,low_traffic,0,0,65535_65535,1,4,251,80,1,1,1,4,80,15,1,1,allocated
636,1091,low_traffic,0,0,65535_65535,1,3,251,52,0,1,0,3,0,14,1,1,pre_allocation
636,1091,low_traffic,0,0,65535_65535,1,3,251,70,1,1,1,4,70,14,1,1,allocated
636,1091,low_traffic,0,0,65535_65535,1,4,251,80,0,1,0,4,0,15,1,1,pre_allocation
636,1091,low_traffic,0,0,65535_65535,1,4,251,100,1,1,1,5,100,15,1,1,allocated
636,1091,low_traffic,0,0,65535_65535,1,3,251,70,0,1,0,4,0,14,1,1,pre_allocation
636,1091,low_traffic,0,0,65535_65535,1,3,251,89,1,1,1,5,89,14,1,1,allocated
636,1091,low_traffic,0,0,65535_65535,1,4,251,100,0,1,0,5,0,15,1,1,pre_allocation
636,1091,low_traffic,0,0,65535_65535,1,4,251,121,1,1,1,6,121,15,1,1,allocated
636,1091,low_traffic,0,0,65535_65535,1,3,251,89,0,1,0,5,0,14,1,1,pre_allocation
636,1091,low_traffic,0,0,65535_65535,1,3,251,107,1,1,1,6,107,14,1,1,allocated
636,1091,low_traffic,0,0,65535_65535,1,4,251,121,0,1,0,6,0,15,1,1,pre_allocation
636,1091,low_traffic,0,0,65535_65535,1,4,251,142,1,1,1,7,142,15,1,1,allocated
636,1091,low_traffic,0,0,65535_65535,1,3,251,107,0,1,0,6,0,14,1,1,pre_allocation
636,1091,low_traffic,0,0,65535_65535,1,3,251,126,1,1,1,7,126,14,1,1,allocated
636,1091,low_traffic,0,0,65535_65535,1,4,251,142,0,1,0,7,0,15,1,1,pre_allocation
636,1091,low_traffic,0,0,65535_65535,1,4,251,163,1,1,1,8,163,15,1,1,allocated
636,1091,low_traffic,0,0,65535_65535,1,3,251,126,0,1,0,7,0,14,1,1,pre_allocation
636,1091,low_traffic,0,0,65535_65535,1,3,251,144,1,1,1,8,144,14,1,1,allocated
636,1091,low_traffic,0,0,65535_65535,1,4,251,163,0,1,0,8,0,15,1,1,pre_allocation
636,1091,low_traffic,0,0,65535_65535,1,4,251,184,1,1,1,9,184,15,1,1,allocated
636,1091,low_traffic,0,0,65535_65535,1,3,251,144,0,1,0,8,0,14,1,1,pre_allocation
636,1091,low_traffic,0,0,65535_65535,1,3,251,163,1,1,1,9,163,14,1,1,allocated
636,1091,low_traffic,0,0,65535_65535,1,4,251,184,0,1,0,9,0,15,1,1,pre_allocation
636,1091,low_traffic,0,0,65535_65535,1,4,251,204,1,1,1,10,204,15,1,1,allocated
636,1091,low_traffic,0,0,65535_65535,1,3,251,163,0,1,0,9,0,14,1,1,pre_allocation
636,1091,low_traffic,0,0,65535_65535,1,3,251,181,1,1,1,10,181,14,1,1,allocated
636,1091,low_traffic,0,0,65535_65535,1,4,251,204,0,1,0,10,0,15,1,1,pre_allocation
636,1091,low_traffic,0,0,65535_65535,1,4,251,225,1,1,1,11,225,15,1,1,allocated
636,1091,low_traffic,0,0,65535_65535,1,3,251,181,0,1,0,10,0,14,1,1,pre_allocation
636,1091,low_traffic,0,0,65535_65535,1,3,251,200,1,1,1,11,200,14,1,1,allocated
636,1091,low_traffic,0,0,65535_65535,1,4,251,225,0,1,0,11,0,15,1,1,pre_allocation
636,1091,low_traffic,0,0,65535_65535,1,4,251,246,1,1,1,12,246,15,1,1,allocated
636,1091,low_traffic,0,0,65535_65535,1,3,251,200,0,1,0,11,0,14,1,1,pre_allocation
636,1091,low_traffic,0,0,65535_65535,1,3,251,218,1,1,1,12,218,14,1,1,allocated
636,1091,low_traffic,0,0,65535_65535,1,4,251,246,0,1,0,12,0,15,1,1,pre_allocation
636,1091,low_traffic,0,0,65535_65535,1,4,251,267,1,1,1,13,267,15,1,1,allocated
636,1091,low_traffic,0,0,65535_65535,1,3,251,218,0,1,0,12,0,14,1,1,pre_allocation
636,1091,low_traffic,0,0,65535_65535,1,3,251,237,1,1,1,13,237,14,1,1,allocated
636,1091,low_traffic,0,0,65535_65535,1,4,251,267,0,1,0,13,0,15,1,1,pre_allocation
636,1091,low_traffic,0,0,65535_65535,1,4,251,288,1,1,1,14,288,15,1,1,allocated
636,1091,low_traffic,0,0,65535_65535,1,3,251,237,0,1,0,13,0,14,1,1,pre_allocation
636,1091,low_traffic,0,0,65535_65535,1,3,251,255,1,1,1,14,255,14,1,1,allocated
636,1091,low_traffic,0,0,65535_65535,1,4,251,288,0,1,0,14,0,15,1,1,pre_allocation
636,1091,low_traffic,0,0,65535_65535,1,4,251,308,1,1,1,15,308,15,1,1,allocated
636,1091,low_traffic,0,0,65535_65535,1,3,251,255,0,1,0,14,0,14,1,1,pre_allocation
636,1091,low_traffic,0,0,65535_65535,1,3,251,274,1,1,1,15,274,14,1,1,allocated
636,1091,low_traffic,0,0,65535_65535,1,4,251,308,0,1,0,15,0,15,1,1,pre_allocation
636,1091,low_traffic,0,0,65535_65535,1,4,251,329,1,1,1,16,329,15,1,1,allocated
636,1091,low_traffic,0,0,65535_65535,1,3,251,274,0,1,0,15,0,14,1,1,pre_allocation
636,1091,low_traffic,0,0,65535_65535,1,3,251,292,1,1,1,16,292,14,1,1,allocated
636,1091,low_traffic,0,0,65535_65535,1,4,251,329,0,1,0,16,0,15,1,1,pre_allocation
636,1091,low_traffic,0,0,65535_65535,1,4,251,350,1,1,1,17,350,15,1,1,allocated
636,1091,low_traffic,0,0,65535_65535,1,3,251,292,0,1,0,16,0,14,1,1,pre_allocation
636,1091,low_traffic,0,0,65535_65535,1,3,251,311,1,1,1,17,311,14,1,1,allocated
636,1091,low_traffic,0,0,65535_65535,1,4,251,350,0,1,0,17,0,15,1,1,pre_allocation
636,1091,low_traffic,0,0,65535_65535,1,4,251,371,1,1,1,18,371,15,1,1,allocated
636,1091,low_traffic,0,0,65535_65535,1,3,251,311,0,1,0,17,0,14,1,1,pre_allocation
636,1091,low_traffic,0,0,65535_65535,1,3,251,329,1,1,1,18,329,14,1,1,allocated
636,1091,low_traffic,0,0,65535_65535,1,4,251,371,0,1,0,18,0,15,1,1,pre_allocation
636,1091,low_traffic,0,0,65535_65535,1,4,251,392,1,1,1,19,392,15,1,1,allocated
636,1091,low_traffic,0,0,65535_65535,1,3,251,329,0,1,0,18,0,14,1,1,pre_allocation
636,1091,low_traffic,0,0,65535_65535,1,3,251,348,1,1,1,19,348,14,1,1,allocated
636,1091,low_traffic,0,0,65535_65535,1,4,251,392,0,1,0,19,0,15,1,1,pre_allocation
636,1091,low_traffic,0,0,65535_65535,1,4,251,412,1,1,1,20,412,15,1,1,allocated
636,1091,low_traffic,0,0,65535_65535,1,3,251,348,0,1,0,19,0,14,1,1,pre_allocation
636,1091,low_traffic,0,0,65535_65535,1,3,251,366,1,1,1,20,366,14,1,1,allocated
636,1091,low_traffic,0,0,65535_65535,1,4,251,412,0,1,0,20,0,15,1,1,pre_allocation
636,1091,low_traffic,0,0,65535_65535,1,4,251,433,1,1,1,21,433,15,1,1,allocated
636,1091,low_traffic,0,0,65535_65535,1,3,251,366,0,1,0,20,0,14,1,1,pre_allocation
636,1091,low_traffic,0,0,65535_65535,1,3,251,385,1,1,1,21,385,14,1,1,allocated
636,1091,low_traffic,0,0,65535_65535,1,4,251,433,0,1,0,21,0,15,1,1,pre_allocation
636,1091,low_traffic,0,0,65535_65535,1,4,251,454,1,1,1,22,454,15,1,1,allocated
636,1091,low_traffic,0,0,65535_65535,1,3,251,385,0,1,0,21,0,14,1,1,pre_allocation
636,1091,low_traffic,0,0,65535_65535,1,3,251,403,1,1,1,22,403,14,1,1,allocated
636,1091,low_traffic,0,0,65535_65535,1,4,251,454,0,1,0,22,0,15,1,1,pre_allocation
636,1091,low_traffic,0,0,65535_65535,1,4,251,475,1,1,1,23,475,15,1,1,allocated
636,1091,low_traffic,0,0,65535_65535,1,3,251,403,0,1,0,22,0,14,1,1,pre_allocation
636,1091,low_traffic,0,0,65535_65535,1,3,251,422,1,1,1,23,422,14,1,1,allocated
636,1091,low_traffic,0,0,65535_65535,1,4,251,475,0,1,0,23,0,15,1,1,pre_allocation
636,1091,low_traffic,0,0,65535_65535,1,4,251,495,1,1,1,24,495,15,1,1,allocated
636,1091,low_traffic,0,0,65535_65535,1,3,251,422,0,1,0,23,0,14,1,1,pre_allocation
636,1091,low_traffic,0,0,65535_65535,1,3,251,440,1,1,1,24,440,14,1,1,allocated
636,1091,low_traffic,0,0,65535_65535,1,4,251,495,0,1,0,24,0,15,1,1,pre_allocation
636,1091,low_traffic,0,0,65535_65535,1,4,251,516,1,1,1,25,516,15,1,1,allocated
636,1091,low_traffic,0,0,65535_65535,1,3,251,440,0,1,0,24,0,14,1,1,pre_allocation
636,1091,low_traffic,0,0,65535_65535,1,3,251,459,1,1,1,25,459,14,1,1,allocated
636,1091,low_traffic,0,0,65535_65535,1,4,251,516,0,1,0,25,0,15,1,1,pre_allocation
636,1091,low_traffic,0,0,65535_65535,1,4,251,537,1,1,1,26,537,15,1,1,allocated
636,1091,low_traffic,0,0,65535_65535,1,3,251,459,0,1,0,25,0,14,1,1,pre_allocation
636,1091,low_traffic,0,0,65535_65535,1,3,251,477,1,1,1,26,477,14,1,1,allocated
636,1091,low_traffic,0,0,65535_65535,1,4,251,537,0,1,0,26,0,15,1,1,pre_allocation
636,1091,low_traffic,0,0,65535_65535,1,4,251,558,1,1,1,27,558,15,1,1,allocated
636,1091,low_traffic,0,0,65535_65535,1,3,251,477,0,1,0,26,0,14,1,1,pre_allocation
636,1091,low_traffic,0,0,65535_65535,1,3,251,495,1,1,1,27,495,14,1,1,allocated
636,1091,low_traffic,0,0,65535_65535,1,4,251,558,0,1,0,27,0,15,1,1,pre_allocation
636,1091,low_traffic,0,0,65535_65535,1,4,251,579,1,1,1,28,579,15,1,1,allocated
636,1091,low_traffic,0,0,65535_65535,1,3,251,495,0,1,0,27,0,14,1,1,pre_allocation
636,1091,low_traffic,0,0,65535_65535,1,3,251,514,1,1,1,28,514,14,1,1,allocated
636,1091,low_traffic,0,0,65535_65535,1,4,251,579,0,1,0,28,0,15,1,1,pre_allocation
636,1091,low_traffic,0,0,65535_65535,1,4,251,599,1,1,1,29,599,15,1,1,allocated
636,1091,low_traffic,0,0,65535_65535,1,3,251,514,0,1,0,28,0,14,1,1,pre_allocation
636,1091,low_traffic,0,0,65535_65535,1,3,251,532,1,1,1,29,532,14,1,1,allocated
636,1091,low_traffic,0,0,65535_65535,1,4,251,599,0,1,0,29,0,15,1,1,pre_allocation
636,1091,low_traffic,0,0,65535_65535,1,4,251,620,1,1,1,30,620,15,1,1,allocated
636,1091,low_traffic,0,0,65535_65535,1,3,251,532,0,1,0,29,0,14,1,1,pre_allocation
636,1091,low_traffic,0,0,65535_65535,1,3,251,551,1,1,1,30,551,14,1,1,allocated
636,1091,low_traffic,0,0,65535_65535,1,4,251,620,0,1,0,30,0,15,1,1,pre_allocation
636,1091,low_traffic,0,0,65535_65535,1,4,251,641,1,1,1,31,641,15,1,1,allocated
636,1091,low_traffic,0,0,65535_65535,1,3,251,551,0,1,0,30,0,14,1,1,pre_allocation
636,1091,low_traffic,0,0,65535_65535,1,3,251,569,1,1,1,31,569,14,1,1,allocated
636,1091,low_traffic,0,0,65535_65535,1,4,251,641,0,1,0,31,0,15,1,1,pre_allocation
636,1091,low_traffic,0,0,65535_65535,1,4,251,662,1,1,1,32,662,15,1,1,allocated
636,1091,low_traffic,0,0,65535_65535,1,3,251,569,0,1,0,31,0,14,1,1,pre_allocation
636,1091,low_traffic,0,0,65535_65535,1,3,251,588,1,1,1,32,588,14,1,1,allocated
636,1091,low_traffic,0,0,65535_65535,1,4,251,662,0,1,0,32,0,15,1,1,pre_allocation
636,1091,low_traffic,0,0,65535_65535,1,4,251,683,1,1,1,33,683,15,1,1,allocated
636,1091,low_traffic,0,0,65535_65535,1,3,251,588,0,1,0,32,0,14,1,1,pre_allocation
636,1091,low_traffic,0,0,65535_65535,1,3,251,606,1,1,1,33,606,14,1,1,allocated
636,1091,low_traffic,0,0,65535_65535,1,4,251,683,0,1,0,33,0,15,1,1,pre_allocation
636,1091,low_traffic,0,0,65535_65535,1,4,251,703,1,1,1,34,703,15,1,1,allocated
636,1091,low_traffic,0,0,65535_65535,1,3,251,606,0,1,0,33,0,14,1,1,pre_allocation
636,1091,low_traffic,0,0,65535_65535,1,3,251,625,1,1,1,34,625,14,1,1,allocated
636,1091,low_traffic,0,0,65535_65535,1,4,251,703,0,1,0,34,0,15,1,1,pre_allocation
636,1091,low_traffic,0,0,65535_65535,1,4,251,724,1,1,1,35,724,15,1,1,allocated
636,1091,low_traffic,0,0,65535_65535,1,3,251,625,0,1,0,34,0,14,1,1,pre_allocation
636,1091,low_traffic,0,0,65535_65535,1,3,251,643,1,1,1,35,643,14,1,1,allocated
636,1091,low_traffic,0,0,65535_65535,1,4,251,724,0,1,0,35,0,15,1,1,pre_allocation
636,1091,low_traffic,0,0,65535_65535,1,4,251,745,1,1,1,36,745,15,1,1,allocated
636,1091,low_traffic,0,0,65535_65535,1,3,251,643,0,1,0,35,0,14,1,1,pre_allocation
636,1091,low_traffic,0,0,65535_65535,1,3,251,662,1,1,1,36,662,14,1,1,allocated
636,1091,low_traffic,0,0,65535_65535,1,4,251,745,0,1,0,36,0,15,1,1,pre_allocation
636,1091,low_traffic,0,0,65535_65535,1,4,251,766,1,1,1,37,766,15,1,1,allocated
636,1091,low_traffic,0,0,65535_65535,1,3,251,662,0,1,0,36,0,14,1,1,pre_allocation
636,1091,low_traffic,0,0,65535_65535,1,3,251,680,1,1,1,37,680,14,1,1,allocated
636,1091,low_traffic,0,0,65535_65535,1,4,251,766,0,1,0,37,0,15,1,1,pre_allocation
636,1091,low_traffic,0,0,65535_65535,1,4,251,787,1,1,1,38,787,15,1,1,allocated
636,1091,low_traffic,0,0,65535_65535,1,3,251,680,0,1,0,37,0,14,1,1,pre_allocation
636,1091,low_traffic,0,0,65535_65535,1,3,251,699,1,1,1,38,699,14,1,1,allocated
636,1091,low_traffic,0,0,65535_65535,1,4,251,787,0,1,0,38,0,15,1,1,pre_allocation
636,1091,low_traffic,0,0,65535_65535,1,4,251,807,1,1,1,39,807,15,1,1,allocated
636,1091,low_traffic,0,0,65535_65535,1,3,251,699,0,1,0,38,0,14,1,1,pre_allocation
636,1091,low_traffic,0,0,65535_65535,1,3,251,717,1,1,1,39,717,14,1,1,allocated
636,1091,low_traffic,0,0,65535_65535,1,4,251,807,0,1,0,39,0,15,1,1,pre_allocation
636,1091,low_traffic,0,0,65535_65535,1,4,251,828,1,1,1,40,828,15,1,1,allocated
636,1091,low_traffic,0,0,65535_65535,1,3,251,717,0,1,0,39,0,14,1,1,pre_allocation
636,1091,low_traffic,0,0,65535_65535,1,3,251,736,1,1,1,40,736,14,1,1,allocated
636,1091,low_traffic,0,0,65535_65535,1,4,251,828,0,1,0,40,0,15,1,1,pre_allocation
636,1091,low_traffic,0,0,65535_65535,1,4,251,849,1,1,1,41,849,15,1,1,allocated
636,1091,low_traffic,0,0,65535_65535,1,3,251,736,0,1,0,40,0,14,1,1,pre_allocation
636,1091,low_traffic,0,0,65535_65535,1,3,251,754,1,1,1,41,754,14,1,1,allocated
636,1091,low_traffic,0,0,65535_65535,1,4,251,849,0,1,0,41,0,15,1,1,pre_allocation
636,1091,low_traffic,0,0,65535_65535,1,4,251,870,1,1,1,42,870,15,1,1,allocated
636,1091,low_traffic,0,0,65535_65535,1,3,251,754,0,1,0,41,0,14,1,1,pre_allocation
636,1091,low_traffic,0,0,65535_65535,1,3,251,773,1,1,1,42,773,14,1,1,allocated
636,1091,low_traffic,0,0,65535_65535,1,4,251,870,0,1,0,42,0,15,1,1,pre_allocation
636,1091,low_traffic,0,0,65535_65535,1,4,251,890,1,1,1,43,890,15,1,1,allocated
636,1091,low_traffic,0,0,65535_65535,1,3,251,773,0,1,0,42,0,14,1,1,pre_allocation
636,1091,low_traffic,0,0,65535_65535,1,3,251,791,1,1,1,43,791,14,1,1,allocated
636,1091,low_traffic,0,0,65535_65535,1,4,251,890,0,1,0,43,0,15,1,1,pre_allocation
636,1091,low_traffic,0,0,65535_65535,1,4,251,911,1,1,1,44,911,15,1,1,allocated
636,1091,low_traffic,0,0,65535_65535,1,3,251,791,0,1,0,43,0,14,1,1,pre_allocation
636,1091,low_traffic,0,0,65535_65535,1,3,251,810,1,1,1,44,810,14,1,1,allocated
636,1091,low_traffic,0,0,65535_65535,1,4,251,911,0,1,0,44,0,15,1,1,pre_allocation
636,1091,low_traffic,0,0,65535_65535,1,4,251,932,1,1,1,45,932,15,1,1,allocated
636,1091,low_traffic,0,0,65535_65535,1,3,251,810,0,1,0,44,0,14,1,1,pre_allocation
636,1091,low_traffic,0,0,65535_65535,1,3,251,828,1,1,1,45,828,14,1,1,allocated
636,1091,low_traffic,0,0,65535_65535,1,4,251,932,0,1,0,45,0,15,1,1,pre_allocation
636,1091,low_traffic,0,0,65535_65535,1,4,251,953,1,1,1,46,953,15,1,1,allocated
636,1091,low_traffic,0,0,65535_65535,1,3,251,828,0,1,0,45,0,14,1,1,pre_allocation
636,1091,low_traffic,0,0,65535_65535,1,3,251,847,1,1,1,46,847,14,1,1,allocated
636,1091,low_traffic,0,0,65535_65535,1,4,251,953,0,1,0,46,0,15,1,1,pre_allocation
636,1091,low_traffic,0,0,65535_65535,1,4,251,974,1,1,1,47,974,15,1,1,allocated
636,1091,low_traffic,0,0,65535_65535,1,3,251,847,0,1,0,46,0,14,1,1,pre_allocation
636,1091,low_traffic,0,0,65535_65535,1,3,251,865,1,1,1,47,865,14,1,1,allocated
636,1091,low_traffic,0,0,65535_65535,1,4,251,974,0,1,0,47,0,15,1,1,pre_allocation
636,1091,low_traffic,0,0,65535_65535,1,4,251,994,1,1,1,48,994,15,1,1,allocated
636,1091,low_traffic,0,0,65535_65535,1,3,251,865,0,1,0,47,0,14,1,1,pre_allocation
636,1091,low_traffic,0,0,65535_65535,1,3,251,884,1,1,1,48,884,14,1,1,allocated
636,1091,low_traffic,0,0,65535_65535,1,4,251,994,0,1,0,48,0,15,1,1,pre_allocation
636,1091,low_traffic,0,0,65535_65535,1,4,251,1015,1,1,1,49,1015,15,1,1,allocated
636,1091,low_traffic,0,0,65535_65535,1,3,251,884,0,1,0,48,0,14,1,1,pre_allocation
636,1091,low_traffic,0,0,65535_65535,1,3,251,902,1,1,1,49,902,14,1,1,allocated
636,1091,low_traffic,0,0,65535_65535,1,4,251,1015,0,1,0,49,0,15,1,1,pre_allocation
636,1091,low_traffic,0,0,65535_65535,1,4,251,1036,1,1,1,50,1036,15,1,1,allocated
636,1091,low_traffic,0,0,65535_65535,1,3,251,902,0,1,0,49,0,14,1,1,pre_allocation
636,1091,low_traffic,0,0,65535_65535,1,3,251,921,1,1,1,50,921,14,1,1,allocated
636,1091,low_traffic,0,0,65535_65535,1,4,251,1036,0,1,0,50,0,15,1,1,pre_allocation
636,1091,low_traffic,0,0,65535_65535,1,4,251,1057,1,1,1,51,1057,15,1,1,allocated
636,1091,low_traffic,0,0,65535_65535,1,3,251,921,0,1,0,50,0,14,1,1,pre_allocation
636,1091,low_traffic,0,0,65535_65535,1,3,251,939,1,1,1,51,939,14,1,1,allocated
636,1091,low_traffic,0,0,65535_65535,1,4,251,1057,0,1,0,51,0,15,1,1,pre_allocation
636,1091,low_traffic,0,0,65535_65535,1,4,251,1078,1,1,1,52,1078,15,1,1,allocated
636,1091,low_traffic,0,0,65535_65535,1,3,251,939,0,1,0,51,0,14,1,1,pre_allocation
636,1091,low_traffic,0,0,65535_65535,1,3,251,957,1,1,1,52,957,14,1,1,allocated
636,1091,low_traffic,0,0,65535_65535,1,4,251,1078,0,1,0,52,0,15,1,1,pre_allocation
636,1091,low_traffic,0,0,65535_65535,1,4,251,1098,1,1,1,53,1098,15,1,1,allocated
636,1091,low_traffic,0,0,65535_65535,1,3,251,957,0,1,0,52,0,14,1,1,pre_allocation
636,1091,low_traffic,0,0,65535_65535,1,3,251,976,1,1,1,53,976,14,1,1,allocated
636,1091,low_traffic,0,0,65535_65535,1,4,251,1098,0,1,0,53,0,15,1,1,pre_allocation
636,1091,low_traffic,0,0,65535_65535,1,4,251,1119,1,1,1,54,1119,15,1,1,allocated
636,1091,low_traffic,0,0,65535_65535,1,3,251,976,0,1,0,53,0,14,1,1,pre_allocation
636,1091,low_traffic,0,0,65535_65535,1,3,251,994,1,1,1,54,994,14,1,1,allocated
636,1091,low_traffic,0,0,65535_65535,1,4,251,1119,0,1,0,54,0,15,1,1,pre_allocation
636,1091,low_traffic,0,0,65535_65535,1,4,251,1140,1,1,1,55,1140,15,1,1,allocated
636,1091,low_traffic,0,0,65535_65535,1,3,251,994,0,1,0,54,0,14,1,1,pre_allocation
636,1091,low_traffic,0,0,65535_65535,1,3,251,1013,1,1,1,55,1013,14,1,1,allocated
636,1091,low_traffic,0,0,65535_65535,1,4,251,1140,0,1,0,55,0,15,1,1,pre_allocation
636,1091,low_traffic,0,0,65535_65535,1,4,251,1161,1,1,1,56,1161,15,1,1,allocated
636,1091,low_traffic,0,0,65535_65535,1,3,251,1013,0,1,0,55,0,14,1,1,pre_allocation
636,1091,low_traffic,0,0,65535_65535,1,3,251,1031,1,1,1,56,1031,14,1,1,allocated
636,1091,low_traffic,0,0,65535_65535,1,4,251,1161,0,1,0,56,0,15,1,1,pre_allocation
636,1091,low_traffic,0,0,65535_65535,1,4,251,1182,1,1,1,57,1182,15,1,1,allocated
636,1091,low_traffic,0,0,65535_65535,1,3,251,1031,0,1,0,56,0,14,1,1,pre_allocation
636,1091,low_traffic,0,0,65535_65535,1,3,251,1050,1,1,1,57,1050,14,1,1,allocated
636,1091,low_traffic,0,0,65535_65535,1,4,251,1182,0,1,0,57,0,15,1,1,pre_allocation
636,1091,low_traffic,0,0,65535_65535,1,4,251,1202,1,1,1,58,1202,15,1,1,allocated
636,1091,low_traffic,0,0,65535_65535,1,3,251,1050,0,1,0,57,0,14,1,1,pre_allocation
636,1091,low_traffic,0,0,65535_65535,1,3,251,1068,1,1,1,58,1068,14,1,1,allocated
636,1091,low_traffic,0,0,65535_65535,1,4,251,1202,0,1,0,58,0,15,1,1,pre_allocation
636,1091,low_traffic,0,0,65535_65535,1,4,251,1223,1,1,1,59,1223,15,1,1,allocated
636,1091,low_traffic,0,0,65535_65535,1,3,251,1068,0,1,0,58,0,14,1,1,pre_allocation
636,1091,low_traffic,0,0,65535_65535,1,3,251,1087,1,1,1,59,1087,14,1,1,allocated
636,1091,low_traffic,0,0,65535_65535,1,4,251,1223,0,1,0,59,0,15,1,1,pre_allocation
636,1091,low_traffic,0,0,65535_65535,1,4,251,1244,1,1,1,60,1244,15,1,1,allocated
636,1091,low_traffic,0,0,65535_65535,1,3,251,1087,0,1,0,59,0,14,1,1,pre_allocation
636,1091,low_traffic,0,0,65535_65535,1,3,251,1105,1,1,1,60,1105,14,1,1,allocated
636,1091,low_traffic,0,0,65535_65535,1,4,251,1244,0,1,0,60,0,15,1,1,pre_allocation
636,1091,low_traffic,0,0,65535_65535,1,4,251,1265,1,1,1,61,1265,15,1,1,allocated
636,1091,low_traffic,0,0,65535_65535,1,3,251,1105,0,1,0,60,0,14,1,1,pre_allocation
636,1091,low_traffic,0,0,65535_65535,1,3,251,1124,1,1,1,61,1124,14,1,1,allocated
636,1091,low_traffic,0,0,65535_65535,1,4,251,1265,0,1,0,61,0,15,1,1,pre_allocation
636,1091,low_traffic,0,0,65535_65535,1,4,251,1285,1,1,1,62,1285,15,1,1,allocated
636,1091,low_traffic,0,0,65535_65535,1,3,251,1124,0,1,0,61,0,14,1,1,pre_allocation
636,1091,low_traffic,0,0,65535_65535,1,3,251,1142,1,1,1,62,1142,14,1,1,allocated
636,1091,low_traffic,0,0,65535_65535,1,4,251,1285,0,1,0,62,0,15,1,1,pre_allocation
636,1091,low_traffic,0,0,65535_65535,1,4,251,1306,1,1,1,63,1306,15,1,1,allocated
636,1091,low_traffic,0,0,65535_65535,1,3,251,1142,0,1,0,62,0,14,1,1,pre_allocation
636,1091,low_traffic,0,0,65535_65535,1,3,251,1161,1,1,1,63,1161,14,1,1,allocated
636,1091,low_traffic,0,0,65535_65535,1,4,251,1306,0,1,0,63,0,15,1,1,pre_allocation
636,1091,low_traffic,0,0,65535_65535,1,4,251,1327,1,1,1,64,1327,15,1,1,allocated
636,1091,low_traffic,0,0,65535_65535,1,3,251,1161,0,1,0,63,0,14,1,1,pre_allocation
636,1091,low_traffic,0,0,65535_65535,1,3,251,1179,1,1,1,64,1179,14,1,1,allocated
636,1091,low_traffic,0,0,65535_65535,1,4,251,1327,0,1,0,64,0,15,1,1,pre_allocation
636,1091,low_traffic,0,0,65535_65535,1,4,251,1348,1,1,1,65,1348,15,1,1,allocated
636,1091,low_traffic,0,0,65535_65535,1,3,251,1179,0,1,0,64,0,14,1,1,pre_allocation
636,1091,low_traffic,0,0,65535_65535,1,3,251,1198,1,1,1,65,1198,14,1,1,allocated
636,1091,low_traffic,0,0,65535_65535,1,4,251,1348,0,1,0,65,0,15,1,1,pre_allocation
636,1091,low_traffic,0,0,65535_65535,1,4,251,1369,1,1,1,66,1369,15,1,1,allocated
636,1091,low_traffic,0,0,65535_65535,1,3,251,1198,0,1,0,65,0,14,1,1,pre_allocation
636,1091,low_traffic,0,0,65535_65535,1,3,251,1216,1,1,1,66,1216,14,1,1,allocated
636,1091,low_traffic,0,0,65535_65535,1,4,251,1369,0,1,0,66,0,15,1,1,pre_allocation
636,1091,low_traffic,0,0,65535_65535,1,4,251,1389,1,1,1,67,1389,15,1,1,allocated
636,1091,low_traffic,0,0,65535_65535,1,3,251,1216,0,1,0,66,0,14,1,1,pre_allocation
636,1091,low_traffic,0,0,65535_65535,1,3,251,1235,1,1,1,67,1235,14,1,1,allocated
636,1091,low_traffic,0,0,65535_65535,1,4,251,1389,0,1,0,67,0,15,1,1,pre_allocation
636,1091,low_traffic,0,0,65535_65535,1,4,251,1410,1,1,1,68,1410,15,1,1,allocated
636,1091,low_traffic,0,0,65535_65535,1,3,251,1235,0,1,0,67,0,14,1,1,pre_allocation
636,1091,low_traffic,0,0,65535_65535,1,3,251,1253,1,1,1,68,1253,14,1,1,allocated
636,1091,low_traffic,0,0,65535_65535,1,4,251,1410,0,1,0,68,0,15,1,1,pre_allocation
636,1091,low_traffic,0,0,65535_65535,1,4,251,1431,1,1,1,69,1431,15,1,1,allocated
636,1091,low_traffic,0,0,65535_65535,1,3,251,1253,0,1,0,68,0,14,1,1,pre_allocation
636,1091,low_traffic,0,0,65535_65535,1,3,251,1272,1,1,1,69,1272,14,1,1,allocated
636,1091,low_traffic,0,0,65535_65535,1,4,251,1431,0,1,0,69,0,15,1,1,pre_allocation
636,1091,low_traffic,0,0,65535_65535,1,4,251,1452,1,1,1,70,1452,15,1,1,allocated
636,1091,low_traffic,0,0,65535_65535,1,3,251,1272,0,1,0,69,0,14,1,1,pre_allocation
636,1091,low_traffic,0,0,65535_65535,1,3,251,1290,1,1,1,70,1290,14,1,1,allocated
636,1091,low_traffic,0,0,65535_65535,1,4,251,1452,0,1,0,70,0,15,1,1,pre_allocation
636,1091,low_traffic,0,0,65535_65535,1,4,251,1473,1,1,1,71,1473,15,1,1,allocated
636,1091,low_traffic,0,0,65535_65535,1,3,251,1290,0,1,0,70,0,14,1,1,pre_allocation
636,1091,low_traffic,0,0,65535_65535,1,3,251,1309,1,1,1,71,1309,14,1,1,allocated
636,1091,low_traffic,0,0,65535_65535,1,4,251,1473,0,1,0,71,0,15,1,1,pre_allocation
636,1091,low_traffic,0,0,65535_65535,1,4,251,1493,1,1,1,72,1493,15,1,1,allocated
636,1091,low_traffic,0,0,65535_65535,1,3,251,1309,0,1,0,71,0,14,1,1,pre_allocation
636,1091,low_traffic,0,0,65535_65535,1,3,251,1327,1,1,1,72,1327,14,1,1,allocated
636,1091,low_traffic,0,0,65535_65535,1,4,251,1493,0,1,0,72,0,15,1,1,pre_allocation
636,1091,low_traffic,0,0,65535_65535,1,4,251,1514,1,1,1,73,1514,15,1,1,allocated
636,1091,low_traffic,0,0,65535_65535,1,3,251,1327,0,1,0,72,0,14,1,1,pre_allocation
636,1091,low_traffic,0,0,65535_65535,1,3,251,1346,1,1,1,73,1346,14,1,1,allocated
636,1091,low_traffic,0,0,65535_65535,1,4,251,1514,0,1,0,73,0,15,1,1,pre_allocation
636,1091,low_traffic,0,0,65535_65535,1,4,251,1535,1,1,1,74,1535,15,1,1,allocated
636,1091,low_traffic,0,0,65535_65535,1,3,251,1346,0,1,0,73,0,14,1,1,pre_allocation
636,1091,low_traffic,0,0,65535_65535,1,3,251,1364,1,1,1,74,1364,14,1,1,allocated
636,1091,low_traffic,0,0,65535_65535,1,4,251,1535,0,1,0,74,0,15,1,1,pre_allocation
636,1091,low_traffic,0,0,65535_65535,1,4,251,1553,1,1,1,75,1553,15,1,1,allocated
636,1091,low_traffic,0,0,65535_65535,1,3,251,1364,0,1,0,74,0,14,1,1,pre_allocation
636,1091,low_traffic,0,0,65535_65535,1,3,251,1383,1,1,1,75,1383,14,1,1,allocated
636,1091,low_traffic,0,0,65535_65535,1,4,251,1553,0,1,0,75,0,15,1,1,pre_allocation
636,1091,low_traffic,0,0,65535_65535,1,4,251,1574,1,1,1,76,1574,15,1,1,allocated
636,1091,low_traffic,0,0,65535_65535,1,3,251,1383,0,1,0,75,0,14,1,1,pre_allocation
636,1091,low_traffic,0,0,65535_65535,1,3,251,1401,1,1,1,76,1401,14,1,1,allocated
636,1091,low_traffic,0,0,65535_65535,1,4,251,1574,0,1,0,76,0,15,1,1,pre_allocation
636,1091,low_traffic,0,0,65535_65535,1,4,251,1594,1,1,1,77,1594,15,1,1,allocated
636,1091,low_traffic,0,0,65535_65535,1,3,251,1401,0,1,0,76,0,14,1,1,pre_allocation
636,1091,low_traffic,0,0,65535_65535,1,3,251,1419,1,1,1,77,1419,14,1,1,allocated
636,1091,low_traffic,0,0,65535_65535,1,4,251,1594,0,1,0,77,0,15,1,1,pre_allocation
636,1091,low_traffic,0,0,65535_65535,1,4,251,1615,1,1,1,78,1615,15,1,1,allocated
748,1189,low_traffic,0,0,65535_65535,0,1,2164711,0,0,1,0,0,0,15,1,1,pre_allocation
748,1189,low_traffic,0,0,65535_65535,0,1,2164711,14,1,1,1,1,14,15,1,1,allocated
748,1189,low_traffic,0,0,65535_65535,0,2,1095216,0,0,1,0,0,0,14,1,1,pre_allocation
748,1189,low_traffic,0,0,65535_65535,0,2,1095216,12,1,1,1,1,12,14,1,1,allocated
748,1189,low_traffic,0,0,65535_65535,0,1,2164711,14,0,1,0,1,0,15,1,1,pre_allocation
748,1189,low_traffic,0,0,65535_65535,0,1,2164711,32,1,1,1,2,32,15,1,1,allocated
748,1189,low_traffic,0,0,65535_65535,0,2,1095216,12,0,1,0,1,0,14,1,1,pre_allocation
748,1189,low_traffic,0,0,65535_65535,0,2,1095216,28,1,1,1,2,28,14,1,1,allocated
748,1189,low_traffic,0,0,65535_65535,0,1,2164711,32,0,1,0,2,0,15,1,1,pre_allocation
748,1189,low_traffic,0,0,65535_65535,0,1,2164711,50,1,1,1,3,50,15,1,1,allocated
748,1189,low_traffic,0,0,65535_65535,0,2,1095216,28,0,1,0,2,0,14,1,1,pre_allocation
748,1189,low_traffic,0,0,65535_65535,0,2,1095216,44,1,1,1,3,44,14,1,1,allocated
748,1189,low_traffic,0,0,65535_65535,0,1,2164711,50,0,1,0,3,0,15,1,1,pre_allocation
748,1189,low_traffic,0,0,65535_65535,0,1,2164711,68,1,1,1,4,68,15,1,1,allocated
748,1189,low_traffic,0,0,65535_65535,0,2,1095216,44,0,1,0,3,0,14,1,1,pre_allocation
748,1189,low_traffic,0,0,65535_65535,0,2,1095216,60,1,1,1,4,60,14,1,1,allocated
748,1189,low_traffic,0,0,65535_65535,0,1,2164711,68,0,1,0,4,0,15,1,1,pre_allocation
748,1189,low_traffic,0,0,65535_65535,0,1,2164711,86,1,1,1,5,86,15,1,1,allocated
748,1189,low_traffic,0,0,65535_65535,0,2,1095216,60,0,1,0,4,0,14,1,1,pre_allocation
748,1189,low_traffic,0,0,65535_65535,0,2,1095216,76,1,1,1,5,76,14,1,1,allocated
748,1189,low_traffic,0,0,65535_65535,0,1,2164711,86,0,1,0,5,0,15,1,1,pre_allocation
748,1189,low_traffic,0,0,65535_65535,0,1,2164711,103,1,1,1,6,103,15,1,1,allocated
748,1189,low_traffic,0,0,65535_65535,0,2,1095216,76,0,1,0,5,0,14,1,1,pre_allocation
748,1189,low_traffic,0,0,65535_65535,0,2,1095216,92,1,1,1,6,92,14,1,1,allocated
748,1189,low_traffic,0,0,65535_65535,0,1,2164711,103,0,1,0,6,0,15,1,1,pre_allocation
748,1189,low_traffic,0,0,65535_65535,0,1,2164711,121,1,1,1,7,121,15,1,1,allocated
748,1189,low_traffic,0,0,65535_65535,0,2,1095216,92,0,1,0,6,0,14,1,1,pre_allocation
748,1189,low_traffic,0,0,65535_65535,0,2,1095216,107,1,1,1,7,107,14,1,1,allocated
748,1189,low_traffic,0,0,65535_65535,0,1,2164711,121,0,1,0,7,0,15,1,1,pre_allocation
748,1189,low_traffic,0,0,65535_65535,0,1,2164711,139,1,1,1,8,139,15,1,1,allocated
748,1189,low_traffic,0,0,65535_65535,0,2,1095216,107,0,1,0,7,0,14,1,1,pre_allocation
748,1189,low_traffic,0,0,65535_65535,0,2,1095216,123,1,1,1,8,123,14,1,1,allocated
748,1189,low_traffic,0,0,65535_65535,0,1,2164711,139,0,1,0,8,0,15,1,1,pre_allocation
748,1189,low_traffic,0,0,65535_65535,0,1,2164711,157,1,1,1,9,157,15,1,1,allocated
748,1189,low_traffic,0,0,65535_65535,0,2,1095216,123,0,1,0,8,0,14,1,1,pre_allocation
748,1189,low_traffic,0,0,65535_65535,0,2,1095216,139,1,1,1,9,139,14,1,1,allocated
748,1189,low_traffic,0,0,65535_65535,0,1,2164711,157,0,1,0,9,0,15,1,1,pre_allocation
748,1189,low_traffic,0,0,65535_65535,0,1,2164711,175,1,1,1,10,175,15,1,1,allocated
748,1189,low_traffic,0,0,65535_65535,0,2,1095216,139,0,1,0,9,0,14,1,1,pre_allocation
748,1189,low_traffic,0,0,65535_65535,0,2,1095216,155,1,1,1,10,155,14,1,1,allocated
748,1189,low_traffic,0,0,65535_65535,0,1,2164711,175,0,1,0,10,0,15,1,1,pre_allocation
748,1189,low_traffic,0,0,65535_65535,0,1,2164711,193,1,1,1,11,193,15,1,1,allocated
748,1189,low_traffic,0,0,65535_65535,0,2,1095216,155,0,1,0,10,0,14,1,1,pre_allocation
748,1189,low_traffic,0,0,65535_65535,0,2,1095216,171,1,1,1,11,171,14,1,1,allocated
748,1189,low_traffic,0,0,65535_65535,0,1,2164711,193,0,1,0,11,0,15,1,1,pre_allocation
748,1189,low_traffic,0,0,65535_65535,0,1,2164711,210,1,1,1,12,210,15,1,1,allocated
748,1189,low_traffic,0,0,65535_65535,0,2,1095216,171,0,1,0,11,0,14,1,1,pre_allocation
748,1189,low_traffic,0,0,65535_65535,0,2,1095216,187,1,1,1,12,187,14,1,1,allocated
748,1189,low_traffic,0,0,65535_65535,0,1,2164711,210,0,1,0,12,0,15,1,1,pre_allocation
748,1189,low_traffic,0,0,65535_65535,0,1,2164711,228,1,1,1,13,228,15,1,1,allocated
748,1189,low_traffic,0,0,65535_65535,0,2,1095216,187,0,1,0,12,0,14,1,1,pre_allocation
748,1189,low_traffic,0,0,65535_65535,0,2,1095216,202,1,1,1,13,202,14,1,1,allocated
748,1189,low_traffic,0,0,65535_65535,0,1,2164711,228,0,1,0,13,0,15,1,1,pre_allocation
748,1189,low_traffic,0,0,65535_65535,0,1,2164711,246,1,1,1,14,246,15,1,1,allocated
748,1189,low_traffic,0,0,65535_65535,0,2,1095216,202,0,1,0,13,0,14,1,1,pre_allocation
748,1189,low_traffic,0,0,65535_65535,0,2,1095216,218,1,1,1,14,218,14,1,1,allocated
748,1189,low_traffic,0,0,65535_65535,0,1,2164711,246,0,1,0,14,0,15,1,1,pre_allocation
748,1189,low_traffic,0,0,65535_65535,0,1,2164711,264,1,1,1,15,264,15,1,1,allocated
748,1189,low_traffic,0,0,65535_65535,0,2,1095216,218,0,1,0,14,0,14,1,1,pre_allocation
748,1189,low_traffic,0,0,65535_65535,0,2,1095216,234,1,1,1,15,234,14,1,1,allocated
748,1189,low_traffic,0,0,65535_65535,0,1,2164711,264,0,1,0,15,0,15,1,1,pre_allocation
748,1189,low_traffic,0,0,65535_65535,0,1,2164711,282,1,1,1,16,282,15,1,1,allocated
748,1189,low_traffic,0,0,65535_65535,0,2,1095216,234,0,1,0,15,0,14,1,1,pre_allocation
748,1189,low_traffic,0,0,65535_65535,0,2,1095216,250,1,1,1,16,250,14,1,1,allocated
748,1189,low_traffic,0,0,65535_65535,0,1,2164711,282,0,1,0,16,0,15,1,1,pre_allocation
748,1189,low_traffic,0,0,65535_65535,0,1,2164711,299,1,1,1,17,299,15,1,1,allocated
748,1189,low_traffic,0,0,65535_65535,0,2,1095216,250,0,1,0,16,0,14,1,1,pre_allocation
748,1189,low_traffic,0,0,65535_65535,0,2,1095216,266,1,1,1,17,266,14,1,1,allocated
748,1189,low_traffic,0,0,65535_65535,0,1,2164711,299,0,1,0,17,0,15,1,1,pre_allocation
748,1189,low_traffic,0,0,65535_65535,0,1,2164711,317,1,1,1,18,317,15,1,1,allocated
748,1189,low_traffic,0,0,65535_65535,0,2,1095216,266,0,1,0,17,0,14,1,1,pre_allocation
748,1189,low_traffic,0,0,65535_65535,0,2,1095216,282,1,1,1,18,282,14,1,1,allocated
748,1189,low_traffic,0,0,65535_65535,0,1,2164711,317,0,1,0,18,0,15,1,1,pre_allocation
748,1189,low_traffic,0,0,65535_65535,0,1,2164711,335,1,1,1,19,335,15,1,1,allocated
748,1189,low_traffic,0,0,65535_65535,0,2,1095216,282,0,1,0,18,0,14,1,1,pre_allocation
748,1189,low_traffic,0,0,65535_65535,0,2,1095216,297,1,1,1,19,297,14,1,1,allocated
748,1189,low_traffic,0,0,65535_65535,0,1,2164711,335,0,1,0,19,0,15,1,1,pre_allocation
748,1189,low_traffic,0,0,65535_65535,0,1,2164711,353,1,1,1,20,353,15,1,1,allocated
748,1189,low_traffic,0,0,65535_65535,0,2,1095216,297,0,1,0,19,0,14,1,1,pre_allocation
748,1189,low_traffic,0,0,65535_65535,0,2,1095216,313,1,1,1,20,313,14,1,1,allocated
748,1189,low_traffic,0,0,65535_65535,0,1,2164711,353,0,1,0,20,0,15,1,1,pre_allocation
748,1189,low_traffic,0,0,65535_65535,0,1,2164711,371,1,1,1,21,371,15,1,1,allocated
748,1189,low_traffic,0,0,65535_65535,0,2,1095216,313,0,1,0,20,0,14,1,1,pre_allocation
748,1189,low_traffic,0,0,65535_65535,0,2,1095216,329,1,1,1,21,329,14,1,1,allocated
748,1189,low_traffic,0,0,65535_65535,0,1,2164711,371,0,1,0,21,0,15,1,1,pre_allocation
748,1189,low_traffic,0,0,65535_65535,0,1,2164711,389,1,1,1,22,389,15,1,1,allocated
748,1189,low_traffic,0,0,65535_65535,0,2,1095216,329,0,1,0,21,0,14,1,1,pre_allocation
748,1189,low_traffic,0,0,65535_65535,0,2,1095216,345,1,1,1,22,345,14,1,1,allocated
748,1189,low_traffic,0,0,65535_65535,0,1,2164711,389,0,1,0,22,0,15,1,1,pre_allocation
748,1189,low_traffic,0,0,65535_65535,0,1,2164711,406,1,1,1,23,406,15,1,1,allocated
748,1189,low_traffic,0,0,65535_65535,0,2,1095216,345,0,1,0,22,0,14,1,1,pre_allocation
748,1189,low_traffic,0,0,65535_65535,0,2,1095216,361,1,1,1,23,361,14,1,1,allocated
748,1189,low_traffic,0,0,65535_65535,0,1,2164711,406,0,1,0,23,0,15,1,1,pre_allocation
748,1189,low_traffic,0,0,65535_65535,0,1,2164711,424,1,1,1,24,424,15,1,1,allocated
748,1189,low_traffic,0,0,65535_65535,0,2,1095216,361,0,1,0,23,0,14,1,1,pre_allocation
748,1189,low_traffic,0,0,65535_65535,0,2,1095216,377,1,1,1,24,377,14,1,1,allocated
748,1189,low_traffic,0,0,65535_65535,0,1,2164711,424,0,1,0,24,0,15,1,1,pre_allocation
748,1189,low_traffic,0,0,65535_65535,0,1,2164711,442,1,1,1,25,442,15,1,1,allocated
748,1189,low_traffic,0,0,65535_65535,0,2,1095216,377,0,1,0,24,0,14,1,1,pre_allocation
748,1189,low_traffic,0,0,65535_65535,0,2,1095216,393,1,1,1,25,393,14,1,1,allocated
748,1189,low_traffic,0,0,65535_65535,0,1,2164711,442,0,1,0,25,0,15,1,1,pre_allocation
748,1189,low_traffic,0,0,65535_65535,0,1,2164711,460,1,1,1,26,460,15,1,1,allocated
748,1189,low_traffic,0,0,65535_65535,0,2,1095216,393,0,1,0,25,0,14,1,1,pre_allocation
748,1189,low_traffic,0,0,65535_65535,0,2,1095216,408,1,1,1,26,408,14,1,1,allocated
748,1189,low_traffic,0,0,65535_65535,0,1,2164711,460,0,1,0,26,0,15,1,1,pre_allocation
748,1189,low_traffic,0,0,65535_65535,0,1,2164711,478,1,1,1,27,478,15,1,1,allocated
748,1189,low_traffic,0,0,65535_65535,0,2,1095216,408,0,1,0,26,0,14,1,1,pre_allocation
748,1189,low_traffic,0,0,65535_65535,0,2,1095216,424,1,1,1,27,424,14,1,1,allocated
748,1189,low_traffic,0,0,65535_65535,0,1,2164711,478,0,1,0,27,0,15,1,1,pre_allocation
748,1189,low_traffic,0,0,65535_65535,0,1,2164711,495,1,1,1,28,495,15,1,1,allocated
748,1189,low_traffic,0,0,65535_65535,0,2,1095216,424,0,1,0,27,0,14,1,1,pre_allocation
748,1189,low_traffic,0,0,65535_65535,0,2,1095216,440,1,1,1,28,440,14,1,1,allocated
748,1189,low_traffic,0,0,65535_65535,0,1,2164711,495,0,1,0,28,0,15,1,1,pre_allocation
748,1189,low_traffic,0,0,65535_65535,0,1,2164711,513,1,1,1,29,513,15,1,1,allocated
748,1189,low_traffic,0,0,65535_65535,0,2,1095216,440,0,1,0,28,0,14,1,1,pre_allocation
748,1189,low_traffic,0,0,65535_65535,0,2,1095216,456,1,1,1,29,456,14,1,1,allocated
748,1189,low_traffic,0,0,65535_65535,0,1,2164711,513,0,1,0,29,0,15,1,1,pre_allocation
748,1189,low_traffic,0,0,65535_65535,0,1,2164711,531,1,1,1,30,531,15,1,1,allocated
748,1189,low_traffic,0,0,65535_65535,0,2,1095216,456,0,1,0,29,0,14,1,1,pre_allocation
748,1189,low_traffic,0,0,65535_65535,0,2,1095216,472,1,1,1,30,472,14,1,1,allocated
748,1189,low_traffic,0,0,65535_65535,0,1,2164711,531,0,1,0,30,0,15,1,1,pre_allocation
748,1189,low_traffic,0,0,65535_65535,0,1,2164711,549,1,1,1,31,549,15,1,1,allocated
748,1189,low_traffic,0,0,65535_65535,0,2,1095216,472,0,1,0,30,0,14,1,1,pre_allocation
748,1189,low_traffic,0,0,65535_65535,0,2,1095216,488,1,1,1,31,488,14,1,1,allocated
748,1189,low_traffic,0,0,65535_65535,0,1,2164711,549,0,1,0,31,0,15,1,1,pre_allocation
748,1189,low_traffic,0,0,65535_65535,0,1,2164711,567,1,1,1,32,567,15,1,1,allocated
748,1189,low_traffic,0,0,65535_65535,0,2,1095216,488,0,1,0,31,0,14,1,1,pre_allocation
748,1189,low_traffic,0,0,65535_65535,0,2,1095216,503,1,1,1,32,503,14,1,1,allocated
748,1189,low_traffic,0,0,65535_65535,0,1,2164711,567,0,1,0,32,0,15,1,1,pre_allocation
748,1189,low_traffic,0,0,65535_65535,0,1,2164711,585,1,1,1,33,585,15,1,1,allocated
748,1189,low_traffic,0,0,65535_65535,0,2,1095216,503,0,1,0,32,0,14,1,1,pre_allocation
748,1189,low_traffic,0,0,65535_65535,0,2,1095216,519,1,1,1,33,519,14,1,1,allocated
748,1189,low_traffic,0,0,65535_65535,0,1,2164711,585,0,1,0,33,0,15,1,1,pre_allocation
748,1189,low_traffic,0,0,65535_65535,0,1,2164711,602,1,1,1,34,602,15,1,1,allocated
748,1189,low_traffic,0,0,65535_65535,0,2,1095216,519,0,1,0,33,0,14,1,1,pre_allocation
748,1189,low_traffic,0,0,65535_65535,0,2,1095216,535,1,1,1,34,535,14,1,1,allocated
748,1189,low_traffic,0,0,65535_65535,0,1,2164711,602,0,1,0,34,0,15,1,1,pre_allocation
748,1189,low_traffic,0,0,65535_65535,0,1,2164711,620,1,1,1,35,620,15,1,1,allocated
748,1189,low_traffic,0,0,65535_65535,0,2,1095216,535,0,1,0,34,0,14,1,1,pre_allocation
748,1189,low_traffic,0,0,65535_65535,0,2,1095216,551,1,1,1,35,551,14,1,1,allocated
748,1189,low_traffic,0,0,65535_65535,0,1,2164711,620,0,1,0,35,0,15,1,1,pre_allocation
748,1189,low_traffic,0,0,65535_65535,0,1,2164711,638,1,1,1,36,638,15,1,1,allocated
748,1189,low_traffic,0,0,65535_65535,0,2,1095216,551,0,1,0,35,0,14,1,1,pre_allocation
748,1189,low_traffic,0,0,65535_65535,0,2,1095216,567,1,1,1,36,567,14,1,1,allocated
748,1189,low_traffic,0,0,65535_65535,0,1,2164711,638,0,1,0,36,0,15,1,1,pre_allocation
748,1189,low_traffic,0,0,65535_65535,0,1,2164711,656,1,1,1,37,656,15,1,1,allocated
748,1189,low_traffic,0,0,65535_65535,0,2,1095216,567,0,1,0,36,0,14,1,1,pre_allocation
748,1189,low_traffic,0,0,65535_65535,0,2,1095216,583,1,1,1,37,583,14,1,1,allocated
748,1189,low_traffic,0,0,65535_65535,0,1,2164711,656,0,1,0,37,0,15,1,1,pre_allocation
748,1189,low_traffic,0,0,65535_65535,0,1,2164711,674,1,1,1,38,674,15,1,1,allocated
748,1189,low_traffic,0,0,65535_65535,0,2,1095216,583,0,1,0,37,0,14,1,1,pre_allocation
748,1189,low_traffic,0,0,65535_65535,0,2,1095216,598,1,1,1,38,598,14,1,1,allocated
748,1189,low_traffic,0,0,65535_65535,0,1,2164711,674,0,1,0,38,0,15,1,1,pre_allocation
748,1189,low_traffic,0,0,65535_65535,0,1,2164711,691,1,1,1,39,691,15,1,1,allocated
748,1189,low_traffic,0,0,65535_65535,0,2,1095216,598,0,1,0,38,0,14,1,1,pre_allocation
748,1189,low_traffic,0,0,65535_65535,0,2,1095216,614,1,1,1,39,614,14,1,1,allocated
748,1189,low_traffic,0,0,65535_65535,0,1,2164711,691,0,1,0,39,0,15,1,1,pre_allocation
748,1189,low_traffic,0,0,65535_65535,0,1,2164711,709,1,1,1,40,709,15,1,1,allocated
748,1189,low_traffic,0,0,65535_65535,0,2,1095216,614,0,1,0,39,0,14,1,1,pre_allocation
748,1189,low_traffic,0,0,65535_65535,0,2,1095216,630,1,1,1,40,630,14,1,1,allocated
748,1189,low_traffic,0,0,65535_65535,0,1,2164711,709,0,1,0,40,0,15,1,1,pre_allocation
748,1189,low_traffic,0,0,65535_65535,0,1,2164711,727,1,1,1,41,727,15,1,1,allocated
748,1189,low_traffic,0,0,65535_65535,0,2,1095216,630,0,1,0,40,0,14,1,1,pre_allocation
748,1189,low_traffic,0,0,65535_65535,0,2,1095216,646,1,1,1,41,646,14,1,1,allocated
748,1189,low_traffic,0,0,65535_65535,0,1,2164711,727,0,1,0,41,0,15,1,1,pre_allocation
748,1189,low_traffic,0,0,65535_65535,0,1,2164711,745,1,1,1,42,745,15,1,1,allocated
748,1189,low_traffic,0,0,65535_65535,0,2,1095216,646,0,1,0,41,0,14,1,1,pre_allocation
748,1189,low_traffic,0,0,65535_65535,0,2,1095216,662,1,1,1,42,662,14,1,1,allocated
748,1189,low_traffic,0,0,65535_65535,0,1,2164711,745,0,1,0,42,0,15,1,1,pre_allocation
748,1189,low_traffic,0,0,65535_65535,0,1,2164711,763,1,1,1,43,763,15,1,1,allocated
748,1189,low_traffic,0,0,65535_65535,0,2,1095216,662,0,1,0,42,0,14,1,1,pre_allocation
748,1189,low_traffic,0,0,65535_65535,0,2,1095216,678,1,1,1,43,678,14,1,1,allocated
748,1189,low_traffic,0,0,65535_65535,0,1,2164711,763,0,1,0,43,0,15,1,1,pre_allocation
748,1189,low_traffic,0,0,65535_65535,0,1,2164711,781,1,1,1,44,781,15,1,1,allocated
748,1189,low_traffic,0,0,65535_65535,0,2,1095216,678,0,1,0,43,0,14,1,1,pre_allocation
748,1189,low_traffic,0,0,65535_65535,0,2,1095216,693,1,1,1,44,693,14,1,1,allocated
748,1189,low_traffic,0,0,65535_65535,0,1,2164711,781,0,1,0,44,0,15,1,1,pre_allocation
748,1189,low_traffic,0,0,65535_65535,0,1,2164711,798,1,1,1,45,798,15,1,1,allocated
748,1189,low_traffic,0,0,65535_65535,0,2,1095216,693,0,1,0,44,0,14,1,1,pre_allocation
748,1189,low_traffic,0,0,65535_65535,0,2,1095216,709,1,1,1,45,709,14,1,1,allocated
748,1189,low_traffic,0,0,65535_65535,0,1,2164711,798,0,1,0,45,0,15,1,1,pre_allocation
748,1189,low_traffic,0,0,65535_65535,0,1,2164711,816,1,1,1,46,816,15,1,1,allocated
748,1189,low_traffic,0,0,65535_65535,0,2,1095216,709,0,1,0,45,0,14,1,1,pre_allocation
748,1189,low_traffic,0,0,65535_65535,0,2,1095216,725,1,1,1,46,725,14,1,1,allocated
748,1189,low_traffic,0,0,65535_65535,0,1,2164711,816,0,1,0,46,0,15,1,1,pre_allocation
748,1189,low_traffic,0,0,65535_65535,0,1,2164711,834,1,1,1,47,834,15,1,1,allocated
748,1189,low_traffic,0,0,65535_65535,0,2,1095216,725,0,1,0,46,0,14,1,1,pre_allocation
748,1189,low_traffic,0,0,65535_65535,0,2,1095216,741,1,1,1,47,741,14,1,1,allocated
748,1189,low_traffic,0,0,65535_65535,0,1,2164711,834,0,1,0,47,0,15,1,1,pre_allocation
748,1189,low_traffic,0,0,65535_65535,0,1,2164711,852,1,1,1,48,852,15,1,1,allocated
748,1189,low_traffic,0,0,65535_65535,1,4,169,0,0,1,0,0,0,2,1,1,pre_allocation
748,1189,low_traffic,0,0,65535_65535,1,4,169,1,1,1,1,1,1,2,1,1,allocated
748,1189,low_traffic,0,0,65535_65535,1,3,169,0,0,1,0,0,0,14,1,1,pre_allocation
748,1189,low_traffic,0,0,65535_65535,1,3,169,12,1,1,1,1,12,14,1,1,allocated
748,1189,low_traffic,0,0,65535_65535,1,4,169,1,0,1,0,1,0,2,1,1,pre_allocation
748,1189,low_traffic,0,0,65535_65535,1,4,169,0,1,1,1,2,0,2,1,1,allocated
748,1189,low_traffic,0,0,65535_65535,1,3,169,12,0,1,0,1,0,14,1,1,pre_allocation
748,1189,low_traffic,0,0,65535_65535,1,3,169,28,1,1,1,2,28,14,1,1,allocated
748,1189,low_traffic,0,0,65535_65535,1,4,169,0,0,1,0,2,0,2,1,1,pre_allocation
748,1189,low_traffic,0,0,65535_65535,1,4,169,2,1,1,1,3,2,2,1,1,allocated
748,1189,low_traffic,0,0,65535_65535,1,3,169,28,0,1,0,2,0,14,1,1,pre_allocation
748,1189,low_traffic,0,0,65535_65535,1,3,169,44,1,1,1,3,44,14,1,1,allocated
748,1189,low_traffic,0,0,65535_65535,1,4,169,2,0,1,0,3,0,2,1,1,pre_allocation
748,1189,low_traffic,0,0,65535_65535,1,4,169,4,1,1,1,4,4,2,1,1,allocated
748,1189,low_traffic,0,0,65535_65535,1,3,169,44,0,1,0,3,0,14,1,1,pre_allocation
748,1189,low_traffic,0,0,65535_65535,1,3,169,60,1,1,1,4,60,14,1,1,allocated
748,1189,low_traffic,0,0,65535_65535,1,4,169,4,0,1,0,4,0,2,1,1,pre_allocation
748,1189,low_traffic,0,0,65535_65535,1,4,169,6,1,1,1,5,6,2,1,1,allocated
748,1189,low_traffic,0,0,65535_65535,1,3,169,60,0,1,0,4,0,14,1,1,pre_allocation
748,1189,low_traffic,0,0,65535_65535,1,3,169,76,1,1,1,5,76,14,1,1,allocated
748,1189,low_traffic,0,0,65535_65535,1,4,169,6,0,1,0,5,0,2,1,1,pre_allocation
748,1189,low_traffic,0,0,65535_65535,1,4,169,7,1,1,1,6,7,2,1,1,allocated
748,1189,low_traffic,0,0,65535_65535,1,3,169,76,0,1,0,5,0,14,1,1,pre_allocation
748,1189,low_traffic,0,0,65535_65535,1,3,169,92,1,1,1,6,92,14,1,1,allocated
748,1189,low_traffic,0,0,65535_65535,1,4,169,7,0,1,0,6,0,2,1,1,pre_allocation
748,1189,low_traffic,0,0,65535_65535,1,4,169,9,1,1,1,7,9,2,1,1,allocated
748,1189,low_traffic,0,0,65535_65535,1,3,169,92,0,1,0,6,0,14,1,1,pre_allocation
748,1189,low_traffic,0,0,65535_65535,1,3,169,107,1,1,1,7,107,14,1,1,allocated
748,1189,low_traffic,0,0,65535_65535,1,4,169,9,0,1,0,7,0,2,1,1,pre_allocation
748,1189,low_traffic,0,0,65535_65535,1,4,169,11,1,1,1,8,11,2,1,1,allocated
748,1189,low_traffic,0,0,65535_65535,1,3,169,107,0,1,0,7,0,14,1,1,pre_allocation
748,1189,low_traffic,0,0,65535_65535,1,3,169,123,1,1,1,8,123,14,1,1,allocated
748,1189,low_traffic,0,0,65535_65535,1,4,169,11,0,1,0,8,0,2,1,1,pre_allocation
748,1189,low_traffic,0,0,65535_65535,1,4,169,13,1,1,1,9,13,2,1,1,allocated
748,1189,low_traffic,0,0,65535_65535,1,3,169,123,0,1,0,8,0,14,1,1,pre_allocation
748,1189,low_traffic,0,0,65535_65535,1,3,169,139,1,1,1,9,139,14,1,1,allocated
748,1189,low_traffic,0,0,65535_65535,1,4,169,13,0,1,0,9,0,2,1,1,pre_allocation
748,1189,low_traffic,0,0,65535_65535,1,4,169,15,1,1,1,10,15,2,1,1,allocated
748,1189,low_traffic,0,0,65535_65535,1,3,169,139,0,1,0,9,0,14,1,1,pre_allocation
748,1189,low_traffic,0,0,65535_65535,1,3,169,155,1,1,1,10,155,14,1,1,allocated
748,1189,low_traffic,0,0,65535_65535,1,4,169,15,0,1,0,10,0,2,1,1,pre_allocation
748,1189,low_traffic,0,0,65535_65535,1,4,169,16,1,1,1,11,16,2,1,1,allocated
748,1189,low_traffic,0,0,65535_65535,1,3,169,155,0,1,0,10,0,14,1,1,pre_allocation
748,1189,low_traffic,0,0,65535_65535,1,3,169,171,1,1,1,11,171,14,1,1,allocated
748,1189,low_traffic,0,0,65535_65535,1,4,169,16,0,1,0,11,0,2,1,1,pre_allocation
748,1189,low_traffic,0,0,65535_65535,1,4,169,18,1,1,1,12,18,2,1,1,allocated
748,1189,low_traffic,0,0,65535_65535,1,3,169,171,0,1,0,11,0,14,1,1,pre_allocation
748,1189,low_traffic,0,0,65535_65535,1,3,169,187,1,1,1,12,187,14,1,1,allocated
748,1189,low_traffic,0,0,65535_65535,1,4,169,18,0,1,0,12,0,2,1,1,pre_allocation
748,1189,low_traffic,0,0,65535_65535,1,4,169,20,1,1,1,13,20,2,1,1,allocated
748,1189,low_traffic,0,0,65535_65535,1,3,169,187,0,1,0,12,0,14,1,1,pre_allocation
748,1189,low_traffic,0,0,65535_65535,1,3,169,202,1,1,1,13,202,14,1,1,allocated
748,1189,low_traffic,0,0,65535_65535,1,4,169,20,0,1,0,13,0,2,1,1,pre_allocation
748,1189,low_traffic,0,0,65535_65535,1,4,169,22,1,1,1,14,22,2,1,1,allocated
748,1189,low_traffic,0,0,65535_65535,1,3,169,202,0,1,0,13,0,14,1,1,pre_allocation
748,1189,low_traffic,0,0,65535_65535,1,3,169,218,1,1,1,14,218,14,1,1,allocated
748,1189,low_traffic,0,0,65535_65535,1,4,169,22,0,1,0,14,0,2,1,1,pre_allocation
748,1189,low_traffic,0,0,65535_65535,1,4,169,24,1,1,1,15,24,2,1,1,allocated
748,1189,low_traffic,0,0,65535_65535,1,3,169,218,0,1,0,14,0,14,1,1,pre_allocation
748,1189,low_traffic,0,0,65535_65535,1,3,169,234,1,1,1,15,234,14,1,1,allocated
748,1189,low_traffic,0,0,65535_65535,1,4,169,24,0,1,0,15,0,2,1,1,pre_allocation
748,1189,low_traffic,0,0,65535_65535,1,4,169,26,1,1,1,16,26,2,1,1,allocated
748,1189,low_traffic,0,0,65535_65535,1,3,169,234,0,1,0,15,0,14,1,1,pre_allocation
748,1189,low_traffic,0,0,65535_65535,1,3,169,250,1,1,1,16,250,14,1,1,allocated
748,1189,low_traffic,0,0,65535_65535,1,4,169,26,0,1,0,16,0,2,1,1,pre_allocation
748,1189,low_traffic,0,0,65535_65535,1,4,169,27,1,1,1,17,27,2,1,1,allocated
748,1189,low_traffic,0,0,65535_65535,1,3,169,250,0,1,0,16,0,14,1,1,pre_allocation
748,1189,low_traffic,0,0,65535_65535,1,3,169,266,1,1,1,17,266,14,1,1,allocated
748,1189,low_traffic,0,0,65535_65535,1,4,169,27,0,1,0,17,0,2,1,1,pre_allocation
748,1189,low_traffic,0,0,65535_65535,1,4,169,29,1,1,1,18,29,2,1,1,allocated
748,1189,low_traffic,0,0,65535_65535,1,3,169,266,0,1,0,17,0,14,1,1,pre_allocation
748,1189,low_traffic,0,0,65535_65535,1,3,169,282,1,1,1,18,282,14,1,1,allocated
748,1189,low_traffic,0,0,65535_65535,1,4,169,29,0,1,0,18,0,2,1,1,pre_allocation
748,1189,low_traffic,0,0,65535_65535,1,4,169,31,1,1,1,19,31,2,1,1,allocated
748,1189,low_traffic,0,0,65535_65535,1,3,169,282,0,1,0,18,0,14,1,1,pre_allocation
748,1189,low_traffic,0,0,65535_65535,1,3,169,297,1,1,1,19,297,14,1,1,allocated
748,1189,low_traffic,0,0,65535_65535,1,4,169,31,0,1,0,19,0,2,1,1,pre_allocation
748,1189,low_traffic,0,0,65535_65535,1,4,169,33,1,1,1,20,33,2,1,1,allocated
748,1189,low_traffic,0,0,65535_65535,1,3,169,297,0,1,0,19,0,14,1,1,pre_allocation
748,1189,low_traffic,0,0,65535_65535,1,3,169,313,1,1,1,20,313,14,1,1,allocated
748,1189,low_traffic,0,0,65535_65535,1,4,169,33,0,1,0,20,0,2,1,1,pre_allocation
748,1189,low_traffic,0,0,65535_65535,1,4,169,35,1,1,1,21,35,2,1,1,allocated
748,1189,low_traffic,0,0,65535_65535,1,3,169,313,0,1,0,20,0,14,1,1,pre_allocation
748,1189,low_traffic,0,0,65535_65535,1,3,169,329,1,1,1,21,329,14,1,1,allocated
748,1189,low_traffic,0,0,65535_65535,1,4,169,35,0,1,0,21,0,2,1,1,pre_allocation
748,1189,low_traffic,0,0,65535_65535,1,4,169,36,1,1,1,22,36,2,1,1,allocated
748,1189,low_traffic,0,0,65535_65535,1,3,169,329,0,1,0,21,0,14,1,1,pre_allocation
748,1189,low_traffic,0,0,65535_65535,1,3,169,345,1,1,1,22,345,14,1,1,allocated
748,1189,low_traffic,0,0,65535_65535,1,4,169,36,0,1,0,22,0,2,1,1,pre_allocation
748,1189,low_traffic,0,0,65535_65535,1,4,169,38,1,1,1,23,38,2,1,1,allocated
748,1189,low_traffic,0,0,65535_65535,1,3,169,345,0,1,0,22,0,14,1,1,pre_allocation
748,1189,low_traffic,0,0,65535_65535,1,3,169,361,1,1,1,23,361,14,1,1,allocated
748,1189,low_traffic,0,0,65535_65535,1,4,169,38,0,1,0,23,0,2,1,1,pre_allocation
748,1189,low_traffic,0,0,65535_65535,1,4,169,40,1,1,1,24,40,2,1,1,allocated
748,1189,low_traffic,0,0,65535_65535,1,3,169,361,0,1,0,23,0,14,1,1,pre_allocation
748,1189,low_traffic,0,0,65535_65535,1,3,169,377,1,1,1,24,377,14,1,1,allocated
748,1189,low_traffic,0,0,65535_65535,1,4,169,40,0,1,0,24,0,2,1,1,pre_allocation
748,1189,low_traffic,0,0,65535_65535,1,4,169,42,1,1,1,25,42,2,1,1,allocated
748,1189,low_traffic,0,0,65535_65535,1,3,169,377,0,1,0,24,0,14,1,1,pre_allocation
748,1189,low_traffic,0,0,65535_65535,1,3,169,393,1,1,1,25,393,14,1,1,allocated
748,1189,low_traffic,0,0,65535_65535,1,4,169,42,0,1,0,25,0,2,1,1,pre_allocation
748,1189,low_traffic,0,0,65535_65535,1,4,169,44,1,1,1,26,44,2,1,1,allocated
748,1189,low_traffic,0,0,65535_65535,1,3,169,393,0,1,0,25,0,14,1,1,pre_allocation
748,1189,low_traffic,0,0,65535_65535,1,3,169,408,1,1,1,26,408,14,1,1,allocated
748,1189,low_traffic,0,0,65535_65535,1,4,169,44,0,1,0,26,0,2,1,1,pre_allocation
748,1189,low_traffic,0,0,65535_65535,1,4,169,46,1,1,1,27,46,2,1,1,allocated
748,1189,low_traffic,0,0,65535_65535,1,3,169,408,0,1,0,26,0,14,1,1,pre_allocation
748,1189,low_traffic,0,0,65535_65535,1,3,169,424,1,1,1,27,424,14,1,1,allocated
748,1189,low_traffic,0,0,65535_65535,1,4,169,46,0,1,0,27,0,2,1,1,pre_allocation
748,1189,low_traffic,0,0,65535_65535,1,4,169,47,1,1,1,28,47,2,1,1,allocated
748,1189,low_traffic,0,0,65535_65535,1,3,169,424,0,1,0,27,0,14,1,1,pre_allocation
748,1189,low_traffic,0,0,65535_65535,1,3,169,440,1,1,1,28,440,14,1,1,allocated
748,1189,low_traffic,0,0,65535_65535,1,4,169,47,0,1,0,28,0,2,1,1,pre_allocation
748,1189,low_traffic,0,0,65535_65535,1,4,169,49,1,1,1,29,49,2,1,1,allocated
748,1189,low_traffic,0,0,65535_65535,1,3,169,440,0,1,0,28,0,14,1,1,pre_allocation
748,1189,low_traffic,0,0,65535_65535,1,3,169,456,1,1,1,29,456,14,1,1,allocated
748,1189,low_traffic,0,0,65535_65535,1,4,169,49,0,1,0,29,0,2,1,1,pre_allocation
748,1189,low_traffic,0,0,65535_65535,1,4,169,51,1,1,1,30,51,2,1,1,allocated
748,1189,low_traffic,0,0,65535_65535,1,3,169,456,0,1,0,29,0,14,1,1,pre_allocation
748,1189,low_traffic,0,0,65535_65535,1,3,169,472,1,1,1,30,472,14,1,1,allocated
748,1189,low_traffic,0,0,65535_65535,1,4,169,51,0,1,0,30,0,2,1,1,pre_allocation
748,1189,low_traffic,0,0,65535_65535,1,4,169,53,1,1,1,31,53,2,1,1,allocated
748,1189,low_traffic,0,0,65535_65535,1,3,169,472,0,1,0,30,0,14,1,1,pre_allocation
748,1189,low_traffic,0,0,65535_65535,1,3,169,488,1,1,1,31,488,14,1,1,allocated
748,1189,low_traffic,0,0,65535_65535,1,4,169,53,0,1,0,31,0,2,1,1,pre_allocation
748,1189,low_traffic,0,0,65535_65535,1,4,169,55,1,1,1,32,55,2,1,1,allocated
748,1189,low_traffic,0,0,65535_65535,1,3,169,488,0,1,0,31,0,14,1,1,pre_allocation
748,1189,low_traffic,0,0,65535_65535,1,3,169,503,1,1,1,32,503,14,1,1,allocated
748,1189,low_traffic,0,0,65535_65535,1,4,169,55,0,1,0,32,0,2,1,1,pre_allocation
748,1189,low_traffic,0,0,65535_65535,1,4,169,56,1,1,1,33,56,2,1,1,allocated
748,1189,low_traffic,0,0,65535_65535,1,3,169,503,0,1,0,32,0,14,1,1,pre_allocation
748,1189,low_traffic,0,0,65535_65535,1,3,169,519,1,1,1,33,519,14,1,1,allocated
748,1189,low_traffic,0,0,65535_65535,1,4,169,56,0,1,0,33,0,2,1,1,pre_allocation
748,1189,low_traffic,0,0,65535_65535,1,4,169,58,1,1,1,34,58,2,1,1,allocated
748,1189,low_traffic,0,0,65535_65535,1,3,169,519,0,1,0,33,0,14,1,1,pre_allocation
748,1189,low_traffic,0,0,65535_65535,1,3,169,535,1,1,1,34,535,14,1,1,allocated
748,1189,low_traffic,0,0,65535_65535,1,4,169,58,0,1,0,34,0,2,1,1,pre_allocation
748,1189,low_traffic,0,0,65535_65535,1,4,169,60,1,1,1,35,60,2,1,1,allocated
748,1189,low_traffic,0,0,65535_65535,1,3,169,535,0,1,0,34,0,14,1,1,pre_allocation
748,1189,low_traffic,0,0,65535_65535,1,3,169,551,1,1,1,35,551,14,1,1,allocated
748,1189,low_traffic,0,0,65535_65535,1,4,169,60,0,1,0,35,0,2,1,1,pre_allocation
748,1189,low_traffic,0,0,65535_65535,1,4,169,62,1,1,1,36,62,2,1,1,allocated
748,1189,low_traffic,0,0,65535_65535,1,3,169,551,0,1,0,35,0,14,1,1,pre_allocation
748,1189,low_traffic,0,0,65535_65535,1,3,169,567,1,1,1,36,567,14,1,1,allocated
748,1189,low_traffic,0,0,65535_65535,1,4,169,62,0,1,0,36,0,2,1,1,pre_allocation
748,1189,low_traffic,0,0,65535_65535,1,4,169,64,1,1,1,37,64,2,1,1,allocated
748,1189,low_traffic,0,0,65535_65535,1,3,169,567,0,1,0,36,0,14,1,1,pre_allocation
748,1189,low_traffic,0,0,65535_65535,1,3,169,583,1,1,1,37,583,14,1,1,allocated
748,1189,low_traffic,0,0,65535_65535,1,4,169,64,0,1,0,37,0,2,1,1,pre_allocation
748,1189,low_traffic,0,0,65535_65535,1,4,169,65,1,1,1,38,65,2,1,1,allocated
748,1189,low_traffic,0,0,65535_65535,1,3,169,583,0,1,0,37,0,14,1,1,pre_allocation
748,1189,low_traffic,0,0,65535_65535,1,3,169,598,1,1,1,38,598,14,1,1,allocated
748,1189,low_traffic,0,0,65535_65535,1,4,169,65,0,1,0,38,0,2,1,1,pre_allocation
748,1189,low_traffic,0,0,65535_65535,1,4,169,67,1,1,1,39,67,2,1,1,allocated
748,1189,low_traffic,0,0,65535_65535,1,3,169,598,0,1,0,38,0,14,1,1,pre_allocation
748,1189,low_traffic,0,0,65535_65535,1,3,169,614,1,1,1,39,614,14,1,1,allocated
748,1189,low_traffic,0,0,65535_65535,1,4,169,67,0,1,0,39,0,2,1,1,pre_allocation
748,1189,low_traffic,0,0,65535_65535,1,4,169,69,1,1,1,40,69,2,1,1,allocated
748,1189,low_traffic,0,0,65535_65535,1,3,169,614,0,1,0,39,0,14,1,1,pre_allocation
748,1189,low_traffic,0,0,65535_65535,1,3,169,630,1,1,1,40,630,14,1,1,allocated
748,1189,low_traffic,0,0,65535_65535,1,4,169,69,0,1,0,40,0,2,1,1,pre_allocation
748,1189,low_traffic,0,0,65535_65535,1,4,169,71,1,1,1,41,71,2,1,1,allocated
748,1189,low_traffic,0,0,65535_65535,1,3,169,630,0,1,0,40,0,14,1,1,pre_allocation
748,1189,low_traffic,0,0,65535_65535,1,3,169,646,1,1,1,41,646,14,1,1,allocated
748,1189,low_traffic,0,0,65535_65535,1,4,169,71,0,1,0,41,0,2,1,1,pre_allocation
748,1189,low_traffic,0,0,65535_65535,1,4,169,73,1,1,1,42,73,2,1,1,allocated
748,1189,low_traffic,0,0,65535_65535,1,3,169,646,0,1,0,41,0,14,1,1,pre_allocation
748,1189,low_traffic,0,0,65535_65535,1,3,169,662,1,1,1,42,662,14,1,1,allocated
748,1189,low_traffic,0,0,65535_65535,1,4,169,73,0,1,0,42,0,2,1,1,pre_allocation
748,1189,low_traffic,0,0,65535_65535,1,4,169,75,1,1,1,43,75,2,1,1,allocated
748,1189,low_traffic,0,0,65535_65535,1,3,169,662,0,1,0,42,0,14,1,1,pre_allocation
748,1189,low_traffic,0,0,65535_65535,1,3,169,678,1,1,1,43,678,14,1,1,allocated
748,1189,low_traffic,0,0,65535_65535,1,4,169,75,0,1,0,43,0,2,1,1,pre_allocation
748,1189,low_traffic,0,0,65535_65535,1,4,169,76,1,1,1,44,76,2,1,1,allocated
748,1189,low_traffic,0,0,65535_65535,1,3,169,678,0,1,0,43,0,14,1,1,pre_allocation
748,1189,low_traffic,0,0,65535_65535,1,3,169,693,1,1,1,44,693,14,1,1,allocated
748,1189,low_traffic,0,0,65535_65535,1,4,169,76,0,1,0,44,0,2,1,1,pre_allocation
748,1189,low_traffic,0,0,65535_65535,1,4,169,78,1,1,1,45,78,2,1,1,allocated
748,1189,low_traffic,0,0,65535_65535,1,3,169,693,0,1,0,44,0,14,1,1,pre_allocation
748,1189,low_traffic,0,0,65535_65535,1,3,169,709,1,1,1,45,709,14,1,1,allocated
748,1189,low_traffic,0,0,65535_65535,1,4,169,78,0,1,0,45,0,2,1,1,pre_allocation
748,1189,low_traffic,0,0,65535_65535,1,4,169,80,1,1,1,46,80,2,1,1,allocated
748,1189,low_traffic,0,0,65535_65535,1,3,169,709,0,1,0,45,0,14,1,1,pre_allocation
748,1189,low_traffic,0,0,65535_65535,1,3,169,725,1,1,1,46,725,14,1,1,allocated
748,1189,low_traffic,0,0,65535_65535,1,4,169,80,0,1,0,46,0,2,1,1,pre_allocation
748,1189,low_traffic,0,0,65535_65535,1,4,169,82,1,1,1,47,82,2,1,1,allocated
748,1189,low_traffic,0,0,65535_65535,1,3,169,725,0,1,0,46,0,14,1,1,pre_allocation
748,1189,low_traffic,0,0,65535_65535,1,3,169,741,1,1,1,47,741,14,1,1,allocated
748,1189,low_traffic,0,0,65535_65535,1,4,169,82,0,1,0,47,0,2,1,1,pre_allocation
748,1189,low_traffic,0,0,65535_65535,1,4,169,84,1,1,1,48,84,2,1,1,allocated
748,1189,low_traffic,0,0,65535_65535,1,3,169,741,0,1,0,47,0,14,1,1,pre_allocation
748,1189,low_traffic,0,0,65535_65535,1,3,169,757,1,1,1,48,757,14,1,1,allocated
748,1189,low_traffic,0,0,65535_65535,1,4,169,84,0,1,0,48,0,2,1,1,pre_allocation
748,1189,low_traffic,0,0,65535_65535,1,4,169,85,1,1,1,49,85,2,1,1,allocated
748,1189,low_traffic,0,0,65535_65535,1,3,169,757,0,1,0,48,0,14,1,1,pre_allocation
748,1189,low_traffic,0,0,65535_65535,1,3,169,773,1,1,1,49,773,14,1,1,allocated
748,1189,low_traffic,0,0,65535_65535,1,4,169,85,0,1,0,49,0,2,1,1,pre_allocation
748,1189,low_traffic,0,0,65535_65535,1,4,169,87,1,1,1,50,87,2,1,1,allocated
748,1189,low_traffic,0,0,65535_65535,1,3,169,773,0,1,0,49,0,14,1,1,pre_allocation
748,1189,low_traffic,0,0,65535_65535,1,3,169,789,1,1,1,50,789,14,1,1,allocated
748,1189,low_traffic,0,0,65535_65535,1,4,169,87,0,1,0,50,0,2,1,1,pre_allocation
748,1189,low_traffic,0,0,65535_65535,1,4,169,89,1,1,1,51,89,2,1,1,allocated
748,1189,low_traffic,0,0,65535_65535,1,3,169,789,0,1,0,50,0,14,1,1,pre_allocation
748,1189,low_traffic,0,0,65535_65535,1,3,169,804,1,1,1,51,804,14,1,1,allocated
748,1189,low_traffic,0,0,65535_65535,1,4,169,89,0,1,0,51,0,2,1,1,pre_allocation
748,1189,low_traffic,0,0,65535_65535,1,4,169,91,1,1,1,52,91,2,1,1,allocated
748,1189,low_traffic,0,0,65535_65535,1,3,169,804,0,1,0,51,0,14,1,1,pre_allocation
748,1189,low_traffic,0,0,65535_65535,1,3,169,820,1,1,1,52,820,14,1,1,allocated
748,1189,low_traffic,0,0,65535_65535,1,4,169,91,0,1,0,52,0,2,1,1,pre_allocation
748,1189,low_traffic,0,0,65535_65535,1,4,169,93,1,1,1,53,93,2,1,1,allocated
748,1189,low_traffic,0,0,65535_65535,1,3,169,820,0,1,0,52,0,14,1,1,pre_allocation
748,1189,low_traffic,0,0,65535_65535,1,3,169,836,1,1,1,53,836,14,1,1,allocated
748,1189,low_traffic,0,0,65535_65535,1,4,169,93,0,1,0,53,0,2,1,1,pre_allocation
748,1189,low_traffic,0,0,65535_65535,1,4,169,95,1,1,1,54,95,2,1,1,allocated
748,1189,low_traffic,0,0,65535_65535,1,3,169,836,0,1,0,53,0,14,1,1,pre_allocation
748,1189,low_traffic,0,0,65535_65535,1,3,169,852,1,1,1,54,852,14,1,1,allocated
748,1189,low_traffic,0,0,65535_65535,1,4,169,95,0,1,0,54,0,2,1,1,pre_allocation
748,1189,low_traffic,0,0,65535_65535,1,4,169,96,1,1,1,55,96,2,1,1,allocated
748,1189,low_traffic,0,0,65535_65535,1,3,169,852,0,1,0,54,0,14,1,1,pre_allocation
748,1189,low_traffic,0,0,65535_65535,1,3,169,868,1,1,1,55,868,14,1,1,allocated
748,1189,low_traffic,0,0,65535_65535,1,4,169,96,0,1,0,55,0,2,1,1,pre_allocation
748,1189,low_traffic,0,0,65535_65535,1,4,169,98,1,1,1,56,98,2,1,1,allocated
748,1189,low_traffic,0,0,65535_65535,1,3,169,868,0,1,0,55,0,14,1,1,pre_allocation
748,1189,low_traffic,0,0,65535_65535,1,3,169,884,1,1,1,56,884,14,1,1,allocated
748,1189,low_traffic,0,0,65535_65535,1,4,169,98,0,1,0,56,0,2,1,1,pre_allocation
748,1189,low_traffic,0,0,65535_65535,1,4,169,100,1,1,1,57,100,2,1,1,allocated
748,1189,low_traffic,0,0,65535_65535,1,3,169,884,0,1,0,56,0,14,1,1,pre_allocation
748,1189,low_traffic,0,0,65535_65535,1,3,169,899,1,1,1,57,899,14,1,1,allocated
748,1189,low_traffic,0,0,65535_65535,2,10,137,0,0,1,0,0,0,15,1,1,pre_allocation
748,1189,low_traffic,0,0,65535_65535,2,10,137,14,1,1,1,1,14,15,1,1,allocated
748,1189,low_traffic,0,0,65535_65535,2,8,137,0,0,1,0,0,0,28,1,1,pre_allocation
748,1189,low_traffic,0,0,65535_65535,2,8,137,42,1,1,1,1,42,28,1,1,allocated
748,1189,low_traffic,0,0,65535_65535,2,6,137,0,0,1,0,0,0,28,1,1,pre_allocation
748,1189,low_traffic,0,0,65535_65535,2,6,137,42,1,1,1,1,42,28,1,1,allocated
748,1189,low_traffic,0,0,65535_65535,2,9,137,0,0,1,0,0,0,28,1,1,pre_allocation
748,1189,low_traffic,0,0,65535_65535,2,9,137,42,1,1,1,1,42,28,1,1,allocated
748,1189,low_traffic,0,0,65535_65535,2,10,137,14,0,1,0,1,0,15,1,1,pre_allocation
748,1189,low_traffic,0,0,65535_65535,2,10,137,32,1,1,1,2,32,15,1,1,allocated
748,1189,low_traffic,0,0,65535_65535,2,8,137,42,0,1,0,1,0,28,1,1,pre_allocation
748,1189,low_traffic,0,0,65535_65535,2,8,137,88,1,1,1,2,88,28,1,1,allocated
748,1189,low_traffic,0,0,65535_65535,2,6,137,42,0,1,0,1,0,28,1,1,pre_allocation
748,1189,low_traffic,0,0,65535_65535,2,6,137,88,1,1,1,2,88,28,1,1,allocated
748,1189,low_traffic,0,0,65535_65535,2,9,137,42,0,1,0,1,0,28,1,1,pre_allocation
748,1189,low_traffic,0,0,65535_65535,2,9,137,88,1,1,1,2,88,28,1,1,allocated
748,1189,low_traffic,0,0,65535_65535,2,10,137,32,0,1,0,2,0,15,1,1,pre_allocation
748,1189,low_traffic,0,0,65535_65535,2,10,137,50,1,1,1,3,50,15,1,1,allocated
748,1189,low_traffic,0,0,65535_65535,2,8,137,88,0,1,0,2,0,28,1,1,pre_allocation
748,1189,low_traffic,0,0,65535_65535,2,8,137,133,1,1,1,3,133,28,1,1,allocated
748,1189,low_traffic,0,0,65535_65535,2,6,137,88,0,1,0,2,0,28,1,1,pre_allocation
748,1189,low_traffic,0,0,65535_65535,2,6,137,133,1,1,1,3,133,28,1,1,allocated
748,1189,low_traffic,0,0,65535_65535,2,9,137,88,0,1,0,2,0,28,1,1,pre_allocation
748,1189,low_traffic,0,0,65535_65535,2,9,137,133,1,1,1,3,133,28,1,1,allocated
748,1189,low_traffic,0,0,65535_65535,2,10,137,50,0,1,0,3,0,15,1,1,pre_allocation
748,1189,low_traffic,0,0,65535_65535,2,10,137,68,1,1,1,4,68,15,1,1,allocated
748,1189,low_traffic,0,0,65535_65535,2,8,137,133,0,1,0,3,0,28,1,1,pre_allocation
748,1189,low_traffic,0,0,65535_65535,2,8,137,179,1,1,1,4,179,28,1,1,allocated
748,1189,low_traffic,0,0,65535_65535,2,6,137,133,0,1,0,3,0,28,1,1,pre_allocation
748,1189,low_traffic,0,0,65535_65535,2,6,137,179,1,1,1,4,179,28,1,1,allocated
748,1189,low_traffic,0,0,65535_65535,2,9,137,133,0,1,0,3,0,28,1,1,pre_allocation
748,1189,low_traffic,0,0,65535_65535,2,9,137,179,1,1,1,4,179,28,1,1,allocated
748,1189,low_traffic,0,0,65535_65535,2,10,137,68,0,1,0,4,0,15,1,1,pre_allocation
748,1189,low_traffic,0,0,65535_65535,2,10,137,86,1,1,1,5,86,15,1,1,allocated
748,1189,low_traffic,0,0,65535_65535,2,8,137,179,0,1,0,4,0,28,1,1,pre_allocation
748,1189,low_traffic,0,0,65535_65535,2,8,137,224,1,1,1,5,224,28,1,1,allocated
748,1189,low_traffic,0,0,65535_65535,2,6,137,179,0,1,0,4,0,28,1,1,pre_allocation
748,1189,low_traffic,0,0,65535_65535,2,6,137,224,1,1,1,5,224,28,1,1,allocated
748,1189,low_traffic,0,0,65535_65535,2,9,137,179,0,1,0,4,0,28,1,1,pre_allocation
748,1189,low_traffic,0,0,65535_65535,2,9,137,224,1,1,1,5,224,28,1,1,allocated
748,1189,low_traffic,0,0,65535_65535,2,10,137,86,0,1,0,5,0,15,1,1,pre_allocation
748,1189,low_traffic,0,0,65535_65535,2,10,137,103,1,1,1,6,103,15,1,1,allocated
748,1189,low_traffic,0,0,65535_65535,2,8,137,224,0,1,0,5,0,28,1,1,pre_allocation
748,1189,low_traffic,0,0,65535_65535,2,8,137,270,1,1,1,6,270,28,1,1,allocated
748,1189,low_traffic,0,0,65535_65535,2,6,137,224,0,1,0,5,0,28,1,1,pre_allocation
748,1189,low_traffic,0,0,65535_65535,2,6,137,270,1,1,1,6,270,28,1,1,allocated
748,1189,low_traffic,0,0,65535_65535,2,9,137,224,0,1,0,5,0,28,1,1,pre_allocation
748,1189,low_traffic,0,0,65535_65535,2,9,137,270,1,1,1,6,270,28,1,1,allocated
748,1189,low_traffic,0,0,65535_65535,2,10,137,103,0,1,0,6,0,15,1,1,pre_allocation
748,1189,low_traffic,0,0,65535_65535,2,10,137,121,1,1,1,7,121,15,1,1,allocated
748,1189,low_traffic,0,0,65535_65535,2,8,137,270,0,1,0,6,0,28,1,1,pre_allocation
748,1189,low_traffic,0,0,65535_65535,2,8,137,315,1,1,1,7,315,28,1,1,allocated
748,1189,low_traffic,0,0,65535_65535,2,6,137,270,0,1,0,6,0,28,1,1,pre_allocation
748,1189,low_traffic,0,0,65535_65535,2,6,137,315,1,1,1,7,315,28,1,1,allocated
748,1189,low_traffic,0,0,65535_65535,2,9,137,270,0,1,0,6,0,28,1,1,pre_allocation
748,1189,low_traffic,0,0,65535_65535,2,9,137,315,1,1,1,7,315,28,1,1,allocated
748,1189,low_traffic,0,0,65535_65535,2,10,137,121,0,1,0,7,0,15,1,1,pre_allocation
748,1189,low_traffic,0,0,65535_65535,2,10,137,139,1,1,1,8,139,15,1,1,allocated
748,1189,low_traffic,0,0,65535_65535,2,8,137,315,0,1,0,7,0,28,1,1,pre_allocation
748,1189,low_traffic,0,0,65535_65535,2,8,137,361,1,1,1,8,361,28,1,1,allocated
748,1189,low_traffic,0,0,65535_65535,2,6,137,315,0,1,0,7,0,28,1,1,pre_allocation
748,1189,low_traffic,0,0,65535_65535,2,6,137,361,1,1,1,8,361,28,1,1,allocated
748,1189,low_traffic,0,0,65535_65535,2,9,137,315,0,1,0,7,0,28,1,1,pre_allocation
748,1189,low_traffic,0,0,65535_65535,2,9,137,361,1,1,1,8,361,28,1,1,allocated
748,1189,low_traffic,0,0,65535_65535,2,10,137,139,0,1,0,8,0,15,1,1,pre_allocation
748,1189,low_traffic,0,0,65535_65535,2,10,137,157,1,1,1,9,157,15,1,1,allocated
748,1189,low_traffic,0,0,65535_65535,2,8,137,361,0,1,0,8,0,28,1,1,pre_allocation
748,1189,low_traffic,0,0,65535_65535,2,8,137,406,1,1,1,9,406,28,1,1,allocated
748,1189,low_traffic,0,0,65535_65535,2,6,137,361,0,1,0,8,0,28,1,1,pre_allocation
748,1189,low_traffic,0,0,65535_65535,2,6,137,406,1,1,1,9,406,28,1,1,allocated
748,1189,low_traffic,0,0,65535_65535,2,9,137,361,0,1,0,8,0,28,1,1,pre_allocation
748,1189,low_traffic,0,0,65535_65535,2,9,137,406,1,1,1,9,406,28,1,1,allocated
748,1189,low_traffic,0,0,65535_65535,2,10,137,157,0,1,0,9,0,15,1,1,pre_allocation
748,1189,low_traffic,0,0,65535_65535,2,10,137,175,1,1,1,10,175,15,1,1,allocated
748,1189,low_traffic,0,0,65535_65535,2,8,137,406,0,1,0,9,0,28,1,1,pre_allocation
748,1189,low_traffic,0,0,65535_65535,2,8,137,452,1,1,1,10,452,28,1,1,allocated
748,1189,low_traffic,0,0,65535_65535,2,6,137,406,0,1,0,9,0,28,1,1,pre_allocation
748,1189,low_traffic,0,0,65535_65535,2,6,137,452,1,1,1,10,452,28,1,1,allocated
748,1189,low_traffic,0,0,65535_65535,2,9,137,406,0,1,0,9,0,28,1,1,pre_allocation
748,1189,low_traffic,0,0,65535_65535,2,9,137,452,1,1,1,10,452,28,1,1,allocated
748,1189,low_traffic,0,0,65535_65535,2,10,137,175,0,1,0,10,0,15,1,1,pre_allocation
748,1189,low_traffic,0,0,65535_65535,2,10,137,193,1,1,1,11,193,15,1,1,allocated
748,1189,low_traffic,0,0,65535_65535,2,8,137,452,0,1,0,10,0,28,1,1,pre_allocation
748,1189,low_traffic,0,0,65535_65535,2,8,137,497,1,1,1,11,497,28,1,1,allocated
748,1189,low_traffic,0,0,65535_65535,2,6,137,452,0,1,0,10,0,28,1,1,pre_allocation
748,1189,low_traffic,0,0,65535_65535,2,6,137,497,1,1,1,11,497,28,1,1,allocated
748,1189,low_traffic,0,0,65535_65535,2,9,137,452,0,1,0,10,0,28,1,1,pre_allocation
748,1189,low_traffic,0,0,65535_65535,2,9,137,497,1,1,1,11,497,28,1,1,allocated
748,1189,low_traffic,0,0,65535_65535,2,10,137,193,0,1,0,11,0,15,1,1,pre_allocation
748,1189,low_traffic,0,0,65535_65535,2,10,137,210,1,1,1,12,210,15,1,1,allocated
748,1189,low_traffic,0,0,65535_65535,2,8,137,497,0,1,0,11,0,28,1,1,pre_allocation
748,1189,low_traffic,0,0,65535_65535,2,8,137,543,1,1,1,12,543,28,1,1,allocated
748,1189,low_traffic,0,0,65535_65535,2,6,137,497,0,1,0,11,0,28,1,1,pre_allocation
748,1189,low_traffic,0,0,65535_65535,2,6,137,543,1,1,1,12,543,28,1,1,allocated
748,1189,low_traffic,0,0,65535_65535,2,9,137,497,0,1,0,11,0,28,1,1,pre_allocation
748,1189,low_traffic,0,0,65535_65535,2,9,137,543,1,1,1,12,543,28,1,1,allocated
748,1189,low_traffic,0,0,65535_65535,2,10,137,210,0,1,0,12,0,15,1,1,pre_allocation
748,1189,low_traffic,0,0,65535_65535,2,10,137,228,1,1,1,13,228,15,1,1,allocated
748,1189,low_traffic,0,0,65535_65535,2,8,137,543,0,1,0,12,0,28,1,1,pre_allocation
748,1189,low_traffic,0,0,65535_65535,2,8,137,589,1,1,1,13,589,28,1,1,allocated
748,1189,low_traffic,0,0,65535_65535,2,6,137,543,0,1,0,12,0,28,1,1,pre_allocation
748,1189,low_traffic,0,0,65535_65535,2,6,137,589,1,1,1,13,589,28,1,1,allocated
748,1189,low_traffic,0,0,65535_65535,2,9,137,543,0,1,0,12,0,28,1,1,pre_allocation
748,1189,low_traffic,0,0,65535_65535,2,9,137,589,1,1,1,13,589,28,1,1,allocated
748,1189,low_traffic,0,0,65535_65535,2,10,137,228,0,1,0,13,0,15,1,1,pre_allocation
748,1189,low_traffic,0,0,65535_65535,2,10,137,246,1,1,1,14,246,15,1,1,allocated
748,1189,low_traffic,0,0,65535_65535,2,8,137,589,0,1,0,13,0,28,1,1,pre_allocation
748,1189,low_traffic,0,0,65535_65535,2,8,137,634,1,1,1,14,634,28,1,1,allocated
748,1189,low_traffic,0,0,65535_65535,2,6,137,589,0,1,0,13,0,28,1,1,pre_allocation
748,1189,low_traffic,0,0,65535_65535,2,6,137,634,1,1,1,14,634,28,1,1,allocated
748,1189,low_traffic,0,0,65535_65535,2,9,137,589,0,1,0,13,0,28,1,1,pre_allocation
748,1189,low_traffic,0,0,65535_65535,2,9,137,634,1,1,1,14,634,28,1,1,allocated
748,1189,low_traffic,0,0,65535_65535,2,10,137,246,0,1,0,14,0,15,1,1,pre_allocation
748,1189,low_traffic,0,0,65535_65535,2,10,137,264,1,1,1,15,264,15,1,1,allocated
860,1287,low_traffic,0,0,65535_65535,0,2,1237067,0,0,1,0,0,0,14,1,1,pre_allocation
860,1287,low_traffic,0,0,65535_65535,0,2,1237067,12,1,1,1,1,12,14,1,1,allocated
860,1287,low_traffic,0,0,65535_65535,0,2,1237067,12,0,1,0,1,0,14,1,1,pre_allocation
860,1287,low_traffic,0,0,65535_65535,0,2,1237067,28,1,1,1,2,28,14,1,1,allocated
860,1287,low_traffic,0,0,65535_65535,0,2,1237067,28,0,1,0,2,0,14,1,1,pre_allocation
860,1287,low_traffic,0,0,65535_65535,0,2,1237067,44,1,1,1,3,44,14,1,1,allocated
860,1287,low_traffic,0,0,65535_65535,0,2,1237067,44,0,1,0,3,0,14,1,1,pre_allocation
860,1287,low_traffic,0,0,65535_65535,0,2,1237067,60,1,1,1,4,60,14,1,1,allocated
860,1287,low_traffic,0,0,65535_65535,0,2,1237067,60,0,1,0,4,0,14,1,1,pre_allocation
860,1287,low_traffic,0,0,65535_65535,0,2,1237067,76,1,1,1,5,76,14,1,1,allocated
860,1287,low_traffic,0,0,65535_65535,0,2,1237067,76,0,1,0,5,0,14,1,1,pre_allocation
860,1287,low_traffic,0,0,65535_65535,0,2,1237067,92,1,1,1,6,92,14,1,1,allocated
860,1287,low_traffic,0,0,65535_65535,0,2,1237067,92,0,1,0,6,0,14,1,1,pre_allocation
860,1287,low_traffic,0,0,65535_65535,0,2,1237067,107,1,1,1,7,107,14,1,1,allocated
860,1287,low_traffic,0,0,65535_65535,0,2,1237067,107,0,1,0,7,0,14,1,1,pre_allocation
860,1287,low_traffic,0,0,65535_65535,0,2,1237067,123,1,1,1,8,123,14,1,1,allocated
860,1287,low_traffic,0,0,65535_65535,0,2,1237067,123,0,1,0,8,0,14,1,1,pre_allocation
860,1287,low_traffic,0,0,65535_65535,0,2,1237067,139,1,1,1,9,139,14,1,1,allocated
860,1287,low_traffic,0,0,65535_65535,0,2,1237067,139,0,1,0,9,0,14,1,1,pre_allocation
860,1287,low_traffic,0,0,65535_65535,0,2,1237067,155,1,1,1,10,155,14,1,1,allocated
860,1287,low_traffic,0,0,65535_65535,0,2,1237067,155,0,1,0,10,0,14,1,1,pre_allocation
860,1287,low_traffic,0,0,65535_65535,0,2,1237067,171,1,1,1,11,171,14,1,1,allocated
860,1287,low_traffic,0,0,65535_65535,0,2,1237067,171,0,1,0,11,0,14,1,1,pre_allocation
860,1287,low_traffic,0,0,65535_65535,0,2,1237067,187,1,1,1,12,187,14,1,1,allocated
860,1287,low_traffic,0,0,65535_65535,0,2,1237067,187,0,1,0,12,0,14,1,1,pre_allocation
860,1287,low_traffic,0,0,65535_65535,0,2,1237067,202,1,1,1,13,202,14,1,1,allocated
860,1287,low_traffic,0,0,65535_65535,0,2,1237067,202,0,1,0,13,0,14,1,1,pre_allocation
860,1287,low_traffic,0,0,65535_65535,0,2,1237067,218,1,1,1,14,218,14,1,1,allocated
860,1287,low_traffic,0,0,65535_65535,0,2,1237067,218,0,1,0,14,0,14,1,1,pre_allocation
860,1287,low_traffic,0,0,65535_65535,0,2,1237067,234,1,1,1,15,234,14,1,1,allocated
860,1287,low_traffic,0,0,65535_65535,0,2,1237067,234,0,1,0,15,0,14,1,1,pre_allocation
860,1287,low_traffic,0,0,65535_65535,0,2,1237067,250,1,1,1,16,250,14,1,1,allocated
860,1287,low_traffic,0,0,65535_65535,0,2,1237067,250,0,1,0,16,0,14,1,1,pre_allocation
860,1287,low_traffic,0,0,65535_65535,0,2,1237067,266,1,1,1,17,266,14,1,1,allocated
860,1287,low_traffic,0,0,65535_65535,0,2,1237067,266,0,1,0,17,0,14,1,1,pre_allocation
860,1287,low_traffic,0,0,65535_65535,0,2,1237067,282,1,1,1,18,282,14,1,1,allocated
860,1287,low_traffic,0,0,65535_65535,0,2,1237067,282,0,1,0,18,0,14,1,1,pre_allocation
860,1287,low_traffic,0,0,65535_65535,0,2,1237067,297,1,1,1,19,297,14,1,1,allocated
860,1287,low_traffic,0,0,65535_65535,0,2,1237067,297,0,1,0,19,0,14,1,1,pre_allocation
860,1287,low_traffic,0,0,65535_65535,0,2,1237067,313,1,1,1,20,313,14,1,1,allocated
860,1287,low_traffic,0,0,65535_65535,0,2,1237067,313,0,1,0,20,0,14,1,1,pre_allocation
860,1287,low_traffic,0,0,65535_65535,0,2,1237067,329,1,1,1,21,329,14,1,1,allocated
860,1287,low_traffic,0,0,65535_65535,0,2,1237067,329,0,1,0,21,0,14,1,1,pre_allocation
860,1287,low_traffic,0,0,65535_65535,0,2,1237067,345,1,1,1,22,345,14,1,1,allocated
860,1287,low_traffic,0,0,65535_65535,0,2,1237067,345,0,1,0,22,0,14,1,1,pre_allocation
860,1287,low_traffic,0,0,65535_65535,0,2,1237067,361,1,1,1,23,361,14,1,1,allocated
860,1287,low_traffic,0,0,65535_65535,0,2,1237067,361,0,1,0,23,0,14,1,1,pre_allocation
860,1287,low_traffic,0,0,65535_65535,0,2,1237067,377,1,1,1,24,377,14,1,1,allocated
860,1287,low_traffic,0,0,65535_65535,0,2,1237067,377,0,1,0,24,0,14,1,1,pre_allocation
860,1287,low_traffic,0,0,65535_65535,0,2,1237067,393,1,1,1,25,393,14,1,1,allocated
860,1287,low_traffic,0,0,65535_65535,0,2,1237067,393,0,1,0,25,0,14,1,1,pre_allocation
860,1287,low_traffic,0,0,65535_65535,0,2,1237067,408,1,1,1,26,408,14,1,1,allocated
860,1287,low_traffic,0,0,65535_65535,0,2,1237067,408,0,1,0,26,0,14,1,1,pre_allocation
860,1287,low_traffic,0,0,65535_65535,0,2,1237067,424,1,1,1,27,424,14,1,1,allocated
860,1287,low_traffic,0,0,65535_65535,0,2,1237067,424,0,1,0,27,0,14,1,1,pre_allocation
860,1287,low_traffic,0,0,65535_65535,0,2,1237067,440,1,1,1,28,440,14,1,1,allocated
860,1287,low_traffic,0,0,65535_65535,0,2,1237067,440,0,1,0,28,0,14,1,1,pre_allocation
860,1287,low_traffic,0,0,65535_65535,0,2,1237067,456,1,1,1,29,456,14,1,1,allocated
860,1287,low_traffic,0,0,65535_65535,0,2,1237067,456,0,1,0,29,0,14,1,1,pre_allocation
860,1287,low_traffic,0,0,65535_65535,0,2,1237067,472,1,1,1,30,472,14,1,1,allocated
860,1287,low_traffic,0,0,65535_65535,0,2,1237067,472,0,1,0,30,0,14,1,1,pre_allocation
860,1287,low_traffic,0,0,65535_65535,0,2,1237067,488,1,1,1,31,488,14,1,1,allocated
860,1287,low_traffic,0,0,65535_65535,0,2,1237067,488,0,1,0,31,0,14,1,1,pre_allocation
860,1287,low_traffic,0,0,65535_65535,0,2,1237067,503,1,1,1,32,503,14,1,1,allocated
860,1287,low_traffic,0,0,65535_65535,0,2,1237067,503,0,1,0,32,0,14,1,1,pre_allocation
860,1287,low_traffic,0,0,65535_65535,0,2,1237067,519,1,1,1,33,519,14,1,1,allocated
860,1287,low_traffic,0,0,65535_65535,0,2,1237067,519,0,1,0,33,0,14,1,1,pre_allocation
860,1287,low_traffic,0,0,65535_65535,0,2,1237067,535,1,1,1,34,535,14,1,1,allocated
860,1287,low_traffic,0,0,65535_65535,0,2,1237067,535,0,1,0,34,0,14,1,1,pre_allocation
860,1287,low_traffic,0,0,65535_65535,0,2,1237067,551,1,1,1,35,551,14,1,1,allocated
860,1287,low_traffic,0,0,65535_65535,0,2,1237067,551,0,1,0,35,0,14,1,1,pre_allocation
860,1287,low_traffic,0,0,65535_65535,0,2,1237067,567,1,1,1,36,567,14,1,1,allocated
860,1287,low_traffic,0,0,65535_65535,0,2,1237067,567,0,1,0,36,0,14,1,1,pre_allocation
860,1287,low_traffic,0,0,65535_65535,0,2,1237067,583,1,1,1,37,583,14,1,1,allocated
860,1287,low_traffic,0,0,65535_65535,0,2,1237067,583,0,1,0,37,0,14,1,1,pre_allocation
860,1287,low_traffic,0,0,65535_65535,0,2,1237067,598,1,1,1,38,598,14,1,1,allocated
860,1287,low_traffic,0,0,65535_65535,0,2,1237067,598,0,1,0,38,0,14,1,1,pre_allocation
860,1287,low_traffic,0,0,65535_65535,0,2,1237067,614,1,1,1,39,614,14,1,1,allocated
860,1287,low_traffic,0,0,65535_65535,0,2,1237067,614,0,1,0,39,0,14,1,1,pre_allocation
860,1287,low_traffic,0,0,65535_65535,0,2,1237067,630,1,1,1,40,630,14,1,1,allocated
860,1287,low_traffic,0,0,65535_65535,0,2,1237067,630,0,1,0,40,0,14,1,1,pre_allocation
860,1287,low_traffic,0,0,65535_65535,0,2,1237067,646,1,1,1,41,646,14,1,1,allocated
860,1287,low_traffic,0,0,65535_65535,0,2,1237067,646,0,1,0,41,0,14,1,1,pre_allocation
860,1287,low_traffic,0,0,65535_65535,0,2,1237067,662,1,1,1,42,662,14,1,1,allocated
860,1287,low_traffic,0,0,65535_65535,0,2,1237067,662,0,1,0,42,0,14,1,1,pre_allocation
860,1287,low_traffic,0,0,65535_65535,0,2,1237067,678,1,1,1,43,678,14,1,1,allocated
860,1287,low_traffic,0,0,65535_65535,0,2,1237067,678,0,1,0,43,0,14,1,1,pre_allocation
860,1287,low_traffic,0,0,65535_65535,0,2,1237067,693,1,1,1,44,693,14,1,1,allocated
860,1287,low_traffic,0,0,65535_65535,0,2,1237067,693,0,1,0,44,0,14,1,1,pre_allocation
860,1287,low_traffic,0,0,65535_65535,0,2,1237067,709,1,1,1,45,709,14,1,1,allocated
860,1287,low_traffic,0,0,65535_65535,0,2,1237067,709,0,1,0,45,0,14,1,1,pre_allocation
860,1287,low_traffic,0,0,65535_65535,0,2,1237067,725,1,1,1,46,725,14,1,1,allocated
860,1287,low_traffic,0,0,65535_65535,0,2,1237067,725,0,1,0,46,0,14,1,1,pre_allocation
860,1287,low_traffic,0,0,65535_65535,0,2,1237067,741,1,1,1,47,741,14,1,1,allocated
860,1287,low_traffic,0,0,65535_65535,0,2,1237067,741,0,1,0,47,0,14,1,1,pre_allocation
860,1287,low_traffic,0,0,65535_65535,0,2,1237067,757,1,1,1,48,757,14,1,1,allocated
860,1287,low_traffic,0,0,65535_65535,0,2,1237067,757,0,1,0,48,0,14,1,1,pre_allocation
860,1287,low_traffic,0,0,65535_65535,0,2,1237067,773,1,1,1,49,773,14,1,1,allocated
860,1287,low_traffic,0,0,65535_65535,0,2,1237067,773,0,1,0,49,0,14,1,1,pre_allocation
860,1287,low_traffic,0,0,65535_65535,0,2,1237067,789,1,1,1,50,789,14,1,1,allocated
860,1287,low_traffic,0,0,65535_65535,0,2,1237067,789,0,1,0,50,0,14,1,1,pre_allocation
860,1287,low_traffic,0,0,65535_65535,0,2,1237067,804,1,1,1,51,804,14,1,1,allocated
860,1287,low_traffic,0,0,65535_65535,0,2,1237067,804,0,1,0,51,0,14,1,1,pre_allocation
860,1287,low_traffic,0,0,65535_65535,0,2,1237067,820,1,1,1,52,820,14,1,1,allocated
860,1287,low_traffic,0,0,65535_65535,0,2,1237067,820,0,1,0,52,0,14,1,1,pre_allocation
860,1287,low_traffic,0,0,65535_65535,0,2,1237067,836,1,1,1,53,836,14,1,1,allocated
860,1287,low_traffic,0,0,65535_65535,0,2,1237067,836,0,1,0,53,0,14,1,1,pre_allocation
860,1287,low_traffic,0,0,65535_65535,0,2,1237067,852,1,1,1,54,852,14,1,1,allocated
860,1287,low_traffic,0,0,65535_65535,0,2,1237067,852,0,1,0,54,0,14,1,1,pre_allocation
860,1287,low_traffic,0,0,65535_65535,0,2,1237067,868,1,1,1,55,868,14,1,1,allocated
860,1287,low_traffic,0,0,65535_65535,0,2,1237067,868,0,1,0,55,0,14,1,1,pre_allocation
860,1287,low_traffic,0,0,65535_65535,0,2,1237067,884,1,1,1,56,884,14,1,1,allocated
860,1287,low_traffic,0,0,65535_65535,0,2,1237067,884,0,1,0,56,0,14,1,1,pre_allocation
860,1287,low_traffic,0,0,65535_65535,0,2,1237067,899,1,1,1,57,899,14,1,1,allocated
860,1287,low_traffic,0,0,65535_65535,0,2,1237067,899,0,1,0,57,0,14,1,1,pre_allocation
860,1287,low_traffic,0,0,65535_65535,0,2,1237067,915,1,1,1,58,915,14,1,1,allocated
860,1287,low_traffic,0,0,65535_65535,0,2,1237067,915,0,1,0,58,0,14,1,1,pre_allocation
860,1287,low_traffic,0,0,65535_65535,0,2,1237067,931,1,1,1,59,931,14,1,1,allocated
860,1287,low_traffic,0,0,65535_65535,0,2,1237067,931,0,1,0,59,0,14,1,1,pre_allocation
860,1287,low_traffic,0,0,65535_65535,0,2,1237067,947,1,1,1,60,947,14,1,1,allocated
860,1287,low_traffic,0,0,65535_65535,0,2,1237067,947,0,1,0,60,0,14,1,1,pre_allocation
860,1287,low_traffic,0,0,65535_65535,0,2,1237067,963,1,1,1,61,963,14,1,1,allocated
860,1287,low_traffic,0,0,65535_65535,0,2,1237067,963,0,1,0,61,0,14,1,1,pre_allocation
860,1287,low_traffic,0,0,65535_65535,0,2,1237067,979,1,1,1,62,979,14,1,1,allocated
860,1287,low_traffic,0,0,65535_65535,0,2,1237067,979,0,1,0,62,0,14,1,1,pre_allocation
860,1287,low_traffic,0,0,65535_65535,0,2,1237067,994,1,1,1,63,994,14,1,1,allocated
860,1287,low_traffic,0,0,65535_65535,0,2,1237067,994,0,1,0,63,0,14,1,1,pre_allocation
860,1287,low_traffic,0,0,65535_65535,0,2,1237067,1010,1,1,1,64,1010,14,1,1,allocated
860,1287,low_traffic,0,0,65535_65535,0,2,1237067,1010,0,1,0,64,0,14,1,1,pre_allocation
860,1287,low_traffic,0,0,65535_65535,0,2,1237067,1026,1,1,1,65,1026,14,1,1,allocated
860,1287,low_traffic,0,0,65535_65535,0,2,1237067,1026,0,1,0,65,0,14,1,1,pre_allocation
860,1287,low_traffic,0,0,65535_65535,0,2,1237067,1042,1,1,1,66,1042,14,1,1,allocated
860,1287,low_traffic,0,0,65535_65535,0,2,1237067,1042,0,1,0,66,0,14,1,1,pre_allocation
860,1287,low_traffic,0,0,65535_65535,0,2,1237067,1058,1,1,1,67,1058,14,1,1,allocated
860,1287,low_traffic,0,0,65535_65535,0,2,1237067,1058,0,1,0,67,0,14,1,1,pre_allocation
860,1287,low_traffic,0,0,65535_65535,0,2,1237067,1074,1,1,1,68,1074,14,1,1,allocated
860,1287,low_traffic,0,0,65535_65535,0,2,1237067,1074,0,1,0,68,0,14,1,1,pre_allocation
860,1287,low_traffic,0,0,65535_65535,0,2,1237067,1089,1,1,1,69,1089,14,1,1,allocated
860,1287,low_traffic,0,0,65535_65535,0,2,1237067,1089,0,1,0,69,0,14,1,1,pre_allocation
860,1287,low_traffic,0,0,65535_65535,0,2,1237067,1105,1,1,1,70,1105,14,1,1,allocated
860,1287,low_traffic,0,0,65535_65535,0,2,1237067,1105,0,1,0,70,0,14,1,1,pre_allocation
860,1287,low_traffic,0,0,65535_65535,0,2,1237067,1121,1,1,1,71,1121,14,1,1,allocated
860,1287,low_traffic,0,0,65535_65535,0,2,1237067,1121,0,1,0,71,0,14,1,1,pre_allocation
860,1287,low_traffic,0,0,65535_65535,0,2,1237067,1137,1,1,1,72,1137,14,1,1,allocated
860,1287,low_traffic,0,0,65535_65535,0,2,1237067,1137,0,1,0,72,0,14,1,1,pre_allocation
860,1287,low_traffic,0,0,65535_65535,0,2,1237067,1153,1,1,1,73,1153,14,1,1,allocated
860,1287,low_traffic,0,0,65535_65535,0,2,1237067,1153,0,1,0,73,0,14,1,1,pre_allocation
860,1287,low_traffic,0,0,65535_65535,0,2,1237067,1169,1,1,1,74,1169,14,1,1,allocated
860,1287,low_traffic,0,0,65535_65535,0,2,1237067,1169,0,1,0,74,0,14,1,1,pre_allocation
860,1287,low_traffic,0,0,65535_65535,0,2,1237067,1185,1,1,1,75,1185,14,1,1,allocated
860,1287,low_traffic,0,0,65535_65535,0,2,1237067,1185,0,1,0,75,0,14,1,1,pre_allocation
860,1287,low_traffic,0,0,65535_65535,0,2,1237067,1200,1,1,1,76,1200,14,1,1,allocated
860,1287,low_traffic,0,0,65535_65535,0,2,1237067,1200,0,1,0,76,0,14,1,1,pre_allocation
860,1287,low_traffic,0,0,65535_65535,0,2,1237067,1216,1,1,1,77,1216,14,1,1,allocated
860,1287,low_traffic,0,0,65535_65535,0,2,1237067,1216,0,1,0,77,0,14,1,1,pre_allocation
860,1287,low_traffic,0,0,65535_65535,0,2,1237067,1232,1,1,1,78,1232,14,1,1,allocated
860,1287,low_traffic,0,0,65535_65535,0,2,1237067,1232,0,1,0,78,0,14,1,1,pre_allocation
860,1287,low_traffic,0,0,65535_65535,0,2,1237067,1248,1,1,1,79,1248,14,1,1,allocated
860,1287,low_traffic,0,0,65535_65535,0,2,1237067,1248,0,1,0,79,0,14,1,1,pre_allocation
860,1287,low_traffic,0,0,65535_65535,0,2,1237067,1264,1,1,1,80,1264,14,1,1,allocated
860,1287,low_traffic,0,0,65535_65535,0,2,1237067,1264,0,1,0,80,0,14,1,1,pre_allocation
860,1287,low_traffic,0,0,65535_65535,0,2,1237067,1280,1,1,1,81,1280,14,1,1,allocated
860,1287,low_traffic,0,0,65535_65535,0,2,1237067,1280,0,1,0,81,0,14,1,1,pre_allocation
860,1287,low_traffic,0,0,65535_65535,0,2,1237067,1295,1,1,1,82,1295,14,1,1,allocated
860,1287,low_traffic,0,0,65535_65535,0,2,1237067,1295,0,1,0,82,0,14,1,1,pre_allocation
860,1287,low_traffic,0,0,65535_65535,0,2,1237067,1311,1,1,1,83,1311,14,1,1,allocated
860,1287,low_traffic,0,0,65535_65535,0,2,1237067,1311,0,1,0,83,0,14,1,1,pre_allocation
860,1287,low_traffic,0,0,65535_65535,0,2,1237067,1327,1,1,1,84,1327,14,1,1,allocated
860,1287,low_traffic,0,0,65535_65535,0,2,1237067,1327,0,1,0,84,0,14,1,1,pre_allocation
860,1287,low_traffic,0,0,65535_65535,0,2,1237067,1343,1,1,1,85,1343,14,1,1,allocated
860,1287,low_traffic,0,0,65535_65535,0,2,1237067,1343,0,1,0,85,0,14,1,1,pre_allocation
860,1287,low_traffic,0,0,65535_65535,0,2,1237067,1359,1,1,1,86,1359,14,1,1,allocated
860,1287,low_traffic,0,0,65535_65535,0,2,1237067,1359,0,1,0,86,0,14,1,1,pre_allocation
860,1287,low_traffic,0,0,65535_65535,0,2,1237067,1375,1,1,1,87,1375,14,1,1,allocated
860,1287,low_traffic,0,0,65535_65535,0,2,1237067,1375,0,1,0,87,0,14,1,1,pre_allocation
860,1287,low_traffic,0,0,65535_65535,0,2,1237067,1390,1,1,1,88,1390,14,1,1,allocated
860,1287,low_traffic,0,0,65535_65535,0,2,1237067,1390,0,1,0,88,0,14,1,1,pre_allocation
860,1287,low_traffic,0,0,65535_65535,0,2,1237067,1406,1,1,1,89,1406,14,1,1,allocated
860,1287,low_traffic,0,0,65535_65535,0,2,1237067,1406,0,1,0,89,0,14,1,1,pre_allocation
860,1287,low_traffic,0,0,65535_65535,0,2,1237067,1422,1,1,1,90,1422,14,1,1,allocated
860,1287,low_traffic,0,0,65535_65535,0,2,1237067,1422,0,1,0,90,0,14,1,1,pre_allocation
860,1287,low_traffic,0,0,65535_65535,0,2,1237067,1438,1,1,1,91,1438,14,1,1,allocated
860,1287,low_traffic,0,0,65535_65535,0,2,1237067,1438,0,1,0,91,0,14,1,1,pre_allocation
860,1287,low_traffic,0,0,65535_65535,0,2,1237067,1454,1,1,1,92,1454,14,1,1,allocated
860,1287,low_traffic,0,0,65535_65535,0,2,1237067,1454,0,1,0,92,0,14,1,1,pre_allocation
860,1287,low_traffic,0,0,65535_65535,0,2,1237067,1470,1,1,1,93,1470,14,1,1,allocated
860,1287,low_traffic,0,0,65535_65535,0,2,1237067,1470,0,1,0,93,0,14,1,1,pre_allocation
860,1287,low_traffic,0,0,65535_65535,0,2,1237067,1485,1,1,1,94,1485,14,1,1,allocated
860,1287,low_traffic,0,0,65535_65535,0,2,1237067,1485,0,1,0,94,0,14,1,1,pre_allocation
860,1287,low_traffic,0,0,65535_65535,0,2,1237067,1501,1,1,1,95,1501,14,1,1,allocated
860,1287,low_traffic,0,0,65535_65535,0,2,1237067,1501,0,1,0,95,0,14,1,1,pre_allocation
860,1287,low_traffic,0,0,65535_65535,0,2,1237067,1517,1,1,1,96,1517,14,1,1,allocated
860,1287,low_traffic,0,0,65535_65535,0,2,1237067,1517,0,1,0,96,0,14,1,1,pre_allocation
860,1287,low_traffic,0,0,65535_65535,0,2,1237067,1533,1,1,1,97,1533,14,1,1,allocated
860,1287,low_traffic,0,0,65535_65535,0,2,1237067,1533,0,1,0,97,0,14,1,1,pre_allocation
860,1287,low_traffic,0,0,65535_65535,0,2,1237067,1546,1,1,1,98,1546,14,1,1,allocated
860,1287,low_traffic,0,0,65535_65535,0,2,1237067,1546,0,1,0,98,0,14,1,1,pre_allocation
860,1287,low_traffic,0,0,65535_65535,0,2,1237067,1562,1,1,1,99,1562,14,1,1,allocated
860,1287,low_traffic,0,0,65535_65535,0,2,1237067,1562,0,1,0,99,0,14,1,1,pre_allocation
860,1287,low_traffic,0,0,65535_65535,0,2,1237067,1578,1,1,1,100,1578,14,1,1,allocated
860,1287,low_traffic,0,0,65535_65535,0,2,1237067,1578,0,1,0,100,0,14,1,1,pre_allocation
860,1287,low_traffic,0,0,65535_65535,0,2,1237067,1593,1,1,1,101,1593,14,1,1,allocated
860,1287,low_traffic,0,0,65535_65535,0,2,1237067,1593,0,1,0,101,0,14,1,1,pre_allocation
860,1287,low_traffic,0,0,65535_65535,0,2,1237067,1609,1,1,1,102,1609,14,1,1,allocated
860,1287,low_traffic,0,0,65535_65535,0,2,1237067,1609,0,1,0,102,0,14,1,1,pre_allocation
860,1287,low_traffic,0,0,65535_65535,0,2,1237067,1625,1,1,1,103,1625,14,1,1,allocated
860,1287,low_traffic,0,0,65535_65535,0,2,1237067,1625,0,1,0,103,0,14,1,1,pre_allocation
860,1287,low_traffic,0,0,65535_65535,0,2,1237067,1641,1,1,1,104,1641,14,1,1,allocated
860,1287,low_traffic,0,0,65535_65535,0,2,1237067,1641,0,1,0,104,0,14,1,1,pre_allocation
860,1287,low_traffic,0,0,65535_65535,0,2,1237067,1657,1,1,1,105,1657,14,1,1,allocated
860,1287,low_traffic,0,0,65535_65535,0,2,1237067,1657,0,1,0,105,0,14,1,1,pre_allocation
860,1287,low_traffic,0,0,65535_65535,0,2,1237067,1673,1,1,1,106,1673,14,1,1,allocated
860,1287,low_traffic,0,0,65535_65535,0,2,1237067,1673,0,1,0,106,0,14,1,1,pre_allocation
860,1287,low_traffic,0,0,65535_65535,0,2,1237067,1688,1,1,1,107,1688,14,1,1,allocated
860,1287,low_traffic,0,0,65535_65535,0,2,1237067,1688,0,1,0,107,0,14,1,1,pre_allocation
860,1287,low_traffic,0,0,65535_65535,0,2,1237067,1704,1,1,1,108,1704,14,1,1,allocated
860,1287,low_traffic,0,0,65535_65535,0,2,1237067,1704,0,1,0,108,0,14,1,1,pre_allocation
860,1287,low_traffic,0,0,65535_65535,0,2,1237067,1720,1,1,1,109,1720,14,1,1,allocated
860,1287,low_traffic,0,0,65535_65535,0,2,1237067,1720,0,1,0,109,0,14,1,1,pre_allocation
860,1287,low_traffic,0,0,65535_65535,0,2,1237067,1736,1,1,1,110,1736,14,1,1,allocated
860,1287,low_traffic,0,0,65535_65535,0,2,1237067,1736,0,1,0,110,0,14,1,1,pre_allocation
860,1287,low_traffic,0,0,65535_65535,0,2,1237067,1752,1,1,1,111,1752,14,1,1,allocated
860,1287,low_traffic,0,0,65535_65535,1,4,251,0,0,1,0,0,0,15,1,1,pre_allocation
860,1287,low_traffic,0,0,65535_65535,1,4,251,14,1,1,1,1,14,15,1,1,allocated
860,1287,low_traffic,0,0,65535_65535,1,3,251,0,0,1,0,0,0,14,1,1,pre_allocation
860,1287,low_traffic,0,0,65535_65535,1,3,251,12,1,1,1,1,12,14,1,1,allocated
860,1287,low_traffic,0,0,65535_65535,1,4,251,14,0,1,0,1,0,15,1,1,pre_allocation
860,1287,low_traffic,0,0,65535_65535,1,4,251,32,1,1,1,2,32,15,1,1,allocated
860,1287,low_traffic,0,0,65535_65535,1,3,251,12,0,1,0,1,0,14,1,1,pre_allocation
860,1287,low_traffic,0,0,65535_65535,1,3,251,28,1,1,1,2,28,14,1,1,allocated
860,1287,low_traffic,0,0,65535_65535,1,4,251,32,0,1,0,2,0,15,1,1,pre_allocation
860,1287,low_traffic,0,0,65535_65535,1,4,251,50,1,1,1,3,50,15,1,1,allocated
860,1287,low_traffic,0,0,65535_65535,1,3,251,28,0,1,0,2,0,14,1,1,pre_allocation
860,1287,low_traffic,0,0,65535_65535,1,3,251,44,1,1,1,3,44,14,1,1,allocated
860,1287,low_traffic,0,0,65535_65535,1,4,251,50,0,1,0,3,0,15,1,1,pre_allocation
860,1287,low_traffic,0,0,65535_65535,1,4,251,68,1,1,1,4,68,15,1,1,allocated
860,1287,low_traffic,0,0,65535_65535,1,3,251,44,0,1,0,3,0,14,1,1,pre_allocation
860,1287,low_traffic,0,0,65535_65535,1,3,251,60,1,1,1,4,60,14,1,1,allocated
860,1287,low_traffic,0,0,65535_65535,1,4,251,68,0,1,0,4,0,15,1,1,pre_allocation
860,1287,low_traffic,0,0,65535_65535,1,4,251,86,1,1,1,5,86,15,1,1,allocated
860,1287,low_traffic,0,0,65535_65535,1,3,251,60,0,1,0,4,0,14,1,1,pre_allocation
860,1287,low_traffic,0,0,65535_65535,1,3,251,76,1,1,1,5,76,14,1,1,allocated
860,1287,low_traffic,0,0,65535_65535,1,4,251,86,0,1,0,5,0,15,1,1,pre_allocation
860,1287,low_traffic,0,0,65535_65535,1,4,251,103,1,1,1,6,103,15,1,1,allocated
860,1287,low_traffic,0,0,65535_65535,1,3,251,76,0,1,0,5,0,14,1,1,pre_allocation
860,1287,low_traffic,0,0,65535_65535,1,3,251,92,1,1,1,6,92,14,1,1,allocated
860,1287,low_traffic,0,0,65535_65535,1,4,251,103,0,1,0,6,0,15,1,1,pre_allocation
860,1287,low_traffic,0,0,65535_65535,1,4,251,121,1,1,1,7,121,15,1,1,allocated
860,1287,low_traffic,0,0,65535_65535,1,3,251,92,0,1,0,6,0,14,1,1,pre_allocation
860,1287,low_traffic,0,0,65535_65535,1,3,251,107,1,1,1,7,107,14,1,1,allocated
860,1287,low_traffic,0,0,65535_65535,1,4,251,121,0,1,0,7,0,15,1,1,pre_allocation
860,1287,low_traffic,0,0,65535_65535,1,4,251,139,1,1,1,8,139,15,1,1,allocated
860,1287,low_traffic,0,0,65535_65535,1,3,251,107,0,1,0,7,0,14,1,1,pre_allocation
860,1287,low_traffic,0,0,65535_65535,1,3,251,123,1,1,1,8,123,14,1,1,allocated
860,1287,low_traffic,0,0,65535_65535,1,4,251,139,0,1,0,8,0,15,1,1,pre_allocation
860,1287,low_traffic,0,0,65535_65535,1,4,251,157,1,1,1,9,157,15,1,1,allocated
860,1287,low_traffic,0,0,65535_65535,1,3,251,123,0,1,0,8,0,14,1,1,pre_allocation
860,1287,low_traffic,0,0,65535_65535,1,3,251,139,1,1,1,9,139,14,1,1,allocated
860,1287,low_traffic,0,0,65535_65535,1,4,251,157,0,1,0,9,0,15,1,1,pre_allocation
860,1287,low_traffic,0,0,65535_65535,1,4,251,175,1,1,1,10,175,15,1,1,allocated
860,1287,low_traffic,0,0,65535_65535,1,3,251,139,0,1,0,9,0,14,1,1,pre_allocation
860,1287,low_traffic,0,0,65535_65535,1,3,251,155,1,1,1,10,155,14,1,1,allocated
860,1287,low_traffic,0,0,65535_65535,1,4,251,175,0,1,0,10,0,15,1,1,pre_allocation
860,1287,low_traffic,0,0,65535_65535,1,4,251,193,1,1,1,11,193,15,1,1,allocated
860,1287,low_traffic,0,0,65535_65535,1,3,251,155,0,1,0,10,0,14,1,1,pre_allocation
860,1287,low_traffic,0,0,65535_65535,1,3,251,171,1,1,1,11,171,14,1,1,allocated
860,1287,low_traffic,0,0,65535_65535,1,4,251,193,0,1,0,11,0,15,1,1,pre_allocation
860,1287,low_traffic,0,0,65535_65535,1,4,251,210,1,1,1,12,210,15,1,1,allocated
860,1287,low_traffic,0,0,65535_65535,1,3,251,171,0,1,0,11,0,14,1,1,pre_allocation
860,1287,low_traffic,0,0,65535_65535,1,3,251,187,1,1,1,12,187,14,1,1,allocated
860,1287,low_traffic,0,0,65535_65535,1,4,251,210,0,1,0,12,0,15,1,1,pre_allocation
860,1287,low_traffic,0,0,65535_65535,1,4,251,228,1,1,1,13,228,15,1,1,allocated
860,1287,low_traffic,0,0,65535_65535,1,3,251,187,0,1,0,12,0,14,1,1,pre_allocation
860,1287,low_traffic,0,0,65535_65535,1,3,251,202,1,1,1,13,202,14,1,1,allocated
860,1287,low_traffic,0,0,65535_65535,1,4,251,228,0,1,0,13,0,15,1,1,pre_allocation
860,1287,low_traffic,0,0,65535_65535,1,4,251,246,1,1,1,14,246,15,1,1,allocated
860,1287,low_traffic,0,0,65535_65535,1,3,251,202,0,1,0,13,0,14,1,1,pre_allocation
860,1287,low_traffic,0,0,65535_65535,1,3,251,218,1,1,1,14,218,14,1,1,allocated
860,1287,low_traffic,0,0,65535_65535,1,4,251,246,0,1,0,14,0,15,1,1,pre_allocation
860,1287,low_traffic,0,0,65535_65535,1,4,251,264,1,1,1,15,264,15,1,1,allocated
860,1287,low_traffic,0,0,65535_65535,1,3,251,218,0,1,0,14,0,14,1,1,pre_allocation
860,1287,low_traffic,0,0,65535_65535,1,3,251,234,1,1,1,15,234,14,1,1,allocated
860,1287,low_traffic,0,0,65535_65535,1,4,251,264,0,1,0,15,0,15,1,1,pre_allocation
860,1287,low_traffic,0,0,65535_65535,1,4,251,282,1,1,1,16,282,15,1,1,allocated
860,1287,low_traffic,0,0,65535_65535,1,3,251,234,0,1,0,15,0,14,1,1,pre_allocation
860,1287,low_traffic,0,0,65535_65535,1,3,251,250,1,1,1,16,250,14,1,1,allocated
860,1287,low_traffic,0,0,65535_65535,1,4,251,282,0,1,0,16,0,15,1,1,pre_allocation
860,1287,low_traffic,0,0,65535_65535,1,4,251,299,1,1,1,17,299,15,1,1,allocated
860,1287,low_traffic,0,0,65535_65535,1,3,251,250,0,1,0,16,0,14,1,1,pre_allocation
860,1287,low_traffic,0,0,65535_65535,1,3,251,266,1,1,1,17,266,14,1,1,allocated
860,1287,low_traffic,0,0,65535_65535,1,4,251,299,0,1,0,17,0,15,1,1,pre_allocation
860,1287,low_traffic,0,0,65535_65535,1,4,251,317,1,1,1,18,317,15,1,1,allocated
860,1287,low_traffic,0,0,65535_65535,1,3,251,266,0,1,0,17,0,14,1,1,pre_allocation
860,1287,low_traffic,0,0,65535_65535,1,3,251,282,1,1,1,18,282,14,1,1,allocated
860,1287,low_traffic,0,0,65535_65535,1,4,251,317,0,1,0,18,0,15,1,1,pre_allocation
860,1287,low_traffic,0,0,65535_65535,1,4,251,335,1,1,1,19,335,15,1,1,allocated
860,1287,low_traffic,0,0,65535_65535,1,3,251,282,0,1,0,18,0,14,1,1,pre_allocation
860,1287,low_traffic,0,0,65535_65535,1,3,251,297,1,1,1,19,297,14,1,1,allocated
860,1287,low_traffic,0,0,65535_65535,1,4,251,335,0,1,0,19,0,15,1,1,pre_allocation
860,1287,low_traffic,0,0,65535_65535,1,4,251,353,1,1,1,20,353,15,1,1,allocated
860,1287,low_traffic,0,0,65535_65535,1,3,251,297,0,1,0,19,0,14,1,1,pre_allocation
860,1287,low_traffic,0,0,65535_65535,1,3,251,313,1,1,1,20,313,14,1,1,allocated
860,1287,low_traffic,0,0,65535_65535,1,4,251,353,0,1,0,20,0,15,1,1,pre_allocation
860,1287,low_traffic,0,0,65535_65535,1,4,251,371,1,1,1,21,371,15,1,1,allocated
860,1287,low_traffic,0,0,65535_65535,1,3,251,313,0,1,0,20,0,14,1,1,pre_allocation
860,1287,low_traffic,0,0,65535_65535,1,3,251,329,1,1,1,21,329,14,1,1,allocated
860,1287,low_traffic,0,0,65535_65535,1,4,251,371,0,1,0,21,0,15,1,1,pre_allocation
860,1287,low_traffic,0,0,65535_65535,1,4,251,389,1,1,1,22,389,15,1,1,allocated
860,1287,low_traffic,0,0,65535_65535,1,3,251,329,0,1,0,21,0,14,1,1,pre_allocation
860,1287,low_traffic,0,0,65535_65535,1,3,251,345,1,1,1,22,345,14,1,1,allocated
860,1287,low_traffic,0,0,65535_65535,1,4,251,389,0,1,0,22,0,15,1,1,pre_allocation
860,1287,low_traffic,0,0,65535_65535,1,4,251,406,1,1,1,23,406,15,1,1,allocated
860,1287,low_traffic,0,0,65535_65535,1,3,251,345,0,1,0,22,0,14,1,1,pre_allocation
860,1287,low_traffic,0,0,65535_65535,1,3,251,361,1,1,1,23,361,14,1,1,allocated
860,1287,low_traffic,0,0,65535_65535,1,4,251,406,0,1,0,23,0,15,1,1,pre_allocation
860,1287,low_traffic,0,0,65535_65535,1,4,251,424,1,1,1,24,424,15,1,1,allocated
860,1287,low_traffic,0,0,65535_65535,1,3,251,361,0,1,0,23,0,14,1,1,pre_allocation
860,1287,low_traffic,0,0,65535_65535,1,3,251,377,1,1,1,24,377,14,1,1,allocated
860,1287,low_traffic,0,0,65535_65535,1,4,251,424,0,1,0,24,0,15,1,1,pre_allocation
860,1287,low_traffic,0,0,65535_65535,1,4,251,442,1,1,1,25,442,15,1,1,allocated
860,1287,low_traffic,0,0,65535_65535,1,3,251,377,0,1,0,24,0,14,1,1,pre_allocation
860,1287,low_traffic,0,0,65535_65535,1,3,251,393,1,1,1,25,393,14,1,1,allocated
860,1287,low_traffic,0,0,65535_65535,1,4,251,442,0,1,0,25,0,15,1,1,pre_allocation
860,1287,low_traffic,0,0,65535_65535,1,4,251,460,1,1,1,26,460,15,1,1,allocated
860,1287,low_traffic,0,0,65535_65535,1,3,251,393,0,1,0,25,0,14,1,1,pre_allocation
860,1287,low_traffic,0,0,65535_65535,1,3,251,408,1,1,1,26,408,14,1,1,allocated
860,1287,low_traffic,0,0,65535_65535,1,4,251,460,0,1,0,26,0,15,1,1,pre_allocation
860,1287,low_traffic,0,0,65535_65535,1,4,251,478,1,1,1,27,478,15,1,1,allocated
860,1287,low_traffic,0,0,65535_65535,1,3,251,408,0,1,0,26,0,14,1,1,pre_allocation
860,1287,low_traffic,0,0,65535_65535,1,3,251,424,1,1,1,27,424,14,1,1,allocated
860,1287,low_traffic,0,0,65535_65535,1,4,251,478,0,1,0,27,0,15,1,1,pre_allocation
860,1287,low_traffic,0,0,65535_65535,1,4,251,495,1,1,1,28,495,15,1,1,allocated
860,1287,low_traffic,0,0,65535_65535,1,3,251,424,0,1,0,27,0,14,1,1,pre_allocation
860,1287,low_traffic,0,0,65535_65535,1,3,251,440,1,1,1,28,440,14,1,1,allocated
860,1287,low_traffic,0,0,65535_65535,1,4,251,495,0,1,0,28,0,15,1,1,pre_allocation
860,1287,low_traffic,0,0,65535_65535,1,4,251,513,1,1,1,29,513,15,1,1,allocated
860,1287,low_traffic,0,0,65535_65535,1,3,251,440,0,1,0,28,0,14,1,1,pre_allocation
860,1287,low_traffic,0,0,65535_65535,1,3,251,456,1,1,1,29,456,14,1,1,allocated
860,1287,low_traffic,0,0,65535_65535,1,4,251,513,0,1,0,29,0,15,1,1,pre_allocation
860,1287,low_traffic,0,0,65535_65535,1,4,251,531,1,1,1,30,531,15,1,1,allocated
860,1287,low_traffic,0,0,65535_65535,1,3,251,456,0,1,0,29,0,14,1,1,pre_allocation
860,1287,low_traffic,0,0,65535_65535,1,3,251,472,1,1,1,30,472,14,1,1,allocated
860,1287,low_traffic,0,0,65535_65535,1,4,251,531,0,1,0,30,0,15,1,1,pre_allocation
860,1287,low_traffic,0,0,65535_65535,1,4,251,549,1,1,1,31,549,15,1,1,allocated
860,1287,low_traffic,0,0,65535_65535,1,3,251,472,0,1,0,30,0,14,1,1,pre_allocation
860,1287,low_traffic,0,0,65535_65535,1,3,251,488,1,1,1,31,488,14,1,1,allocated
860,1287,low_traffic,0,0,65535_65535,1,4,251,549,0,1,0,31,0,15,1,1,pre_allocation
860,1287,low_traffic,0,0,65535_65535,1,4,251,567,1,1,1,32,567,15,1,1,allocated
860,1287,low_traffic,0,0,65535_65535,1,3,251,488,0,1,0,31,0,14,1,1,pre_allocation
860,1287,low_traffic,0,0,65535_65535,1,3,251,503,1,1,1,32,503,14,1,1,allocated
860,1287,low_traffic,0,0,65535_65535,1,4,251,567,0,1,0,32,0,15,1,1,pre_allocation
860,1287,low_traffic,0,0,65535_65535,1,4,251,585,1,1,1,33,585,15,1,1,allocated
860,1287,low_traffic,0,0,65535_65535,1,3,251,503,0,1,0,32,0,14,1,1,pre_allocation
860,1287,low_traffic,0,0,65535_65535,1,3,251,519,1,1,1,33,519,14,1,1,allocated
860,1287,low_traffic,0,0,65535_65535,1,4,251,585,0,1,0,33,0,15,1,1,pre_allocation
860,1287,low_traffic,0,0,65535_65535,1,4,251,602,1,1,1,34,602,15,1,1,allocated
860,1287,low_traffic,0,0,65535_65535,1,3,251,519,0,1,0,33,0,14,1,1,pre_allocation
860,1287,low_traffic,0,0,65535_65535,1,3,251,535,1,1,1,34,535,14,1,1,allocated
860,1287,low_traffic,0,0,65535_65535,1,4,251,602,0,1,0,34,0,15,1,1,pre_allocation
860,1287,low_traffic,0,0,65535_65535,1,4,251,620,1,1,1,35,620,15,1,1,allocated
860,1287,low_traffic,0,0,65535_65535,1,3,251,535,0,1,0,34,0,14,1,1,pre_allocation
860,1287,low_traffic,0,0,65535_65535,1,3,251,551,1,1,1,35,551,14,1,1,allocated
860,1287,low_traffic,0,0,65535_65535,1,4,251,620,0,1,0,35,0,15,1,1,pre_allocation
860,1287,low_traffic,0,0,65535_65535,1,4,251,638,1,1,1,36,638,15,1,1,allocated
860,1287,low_traffic,0,0,65535_65535,1,3,251,551,0,1,0,35,0,14,1,1,pre_allocation
860,1287,low_traffic,0,0,65535_65535,1,3,251,567,1,1,1,36,567,14,1,1,allocated
860,1287,low_traffic,0,0,65535_65535,1,4,251,638,0,1,0,36,0,15,1,1,pre_allocation
860,1287,low_traffic,0,0,65535_65535,1,4,251,656,1,1,1,37,656,15,1,1,allocated
860,1287,low_traffic,0,0,65535_65535,1,3,251,567,0,1,0,36,0,14,1,1,pre_allocation
860,1287,low_traffic,0,0,65535_65535,1,3,251,583,1,1,1,37,583,14,1,1,allocated
860,1287,low_traffic,0,0,65535_65535,1,4,251,656,0,1,0,37,0,15,1,1,pre_allocation
860,1287,low_traffic,0,0,65535_65535,1,4,251,674,1,1,1,38,674,15,1,1,allocated
860,1287,low_traffic,0,0,65535_65535,1,3,251,583,0,1,0,37,0,14,1,1,pre_allocation
860,1287,low_traffic,0,0,65535_65535,1,3,251,598,1,1,1,38,598,14,1,1,allocated
860,1287,low_traffic,0,0,65535_65535,1,4,251,674,0,1,0,38,0,15,1,1,pre_allocation
860,1287,low_traffic,0,0,65535_65535,1,4,251,691,1,1,1,39,691,15,1,1,allocated
860,1287,low_traffic,0,0,65535_65535,1,3,251,598,0,1,0,38,0,14,1,1,pre_allocation
860,1287,low_traffic,0,0,65535_65535,1,3,251,614,1,1,1,39,614,14,1,1,allocated
860,1287,low_traffic,0,0,65535_65535,1,4,251,691,0,1,0,39,0,15,1,1,pre_allocation
860,1287,low_traffic,0,0,65535_65535,1,4,251,709,1,1,1,40,709,15,1,1,allocated
860,1287,low_traffic,0,0,65535_65535,1,3,251,614,0,1,0,39,0,14,1,1,pre_allocation
860,1287,low_traffic,0,0,65535_65535,1,3,251,630,1,1,1,40,630,14,1,1,allocated
860,1287,low_traffic,0,0,65535_65535,1,4,251,709,0,1,0,40,0,15,1,1,pre_allocation
860,1287,low_traffic,0,0,65535_65535,1,4,251,727,1,1,1,41,727,15,1,1,allocated
860,1287,low_traffic,0,0,65535_65535,1,3,251,630,0,1,0,40,0,14,1,1,pre_allocation
860,1287,low_traffic,0,0,65535_65535,1,3,251,646,1,1,1,41,646,14,1,1,allocated
860,1287,low_traffic,0,0,65535_65535,1,4,251,727,0,1,0,41,0,15,1,1,pre_allocation
860,1287,low_traffic,0,0,65535_65535,1,4,251,745,1,1,1,42,745,15,1,1,allocated
860,1287,low_traffic,0,0,65535_65535,1,3,251,646,0,1,0,41,0,14,1,1,pre_allocation
860,1287,low_traffic,0,0,65535_65535,1,3,251,662,1,1,1,42,662,14,1,1,allocated
860,1287,low_traffic,0,0,65535_65535,1,4,251,745,0,1,0,42,0,15,1,1,pre_allocation
860,1287,low_traffic,0,0,65535_65535,1,4,251,763,1,1,1,43,763,15,1,1,allocated
860,1287,low_traffic,0,0,65535_65535,1,3,251,662,0,1,0,42,0,14,1,1,pre_allocation
860,1287,low_traffic,0,0,65535_65535,1,3,251,678,1,1,1,43,678,14,1,1,allocated
860,1287,low_traffic,0,0,65535_65535,1,4,251,763,0,1,0,43,0,15,1,1,pre_allocation
860,1287,low_traffic,0,0,65535_65535,1,4,251,781,1,1,1,44,781,15,1,1,allocated
860,1287,low_traffic,0,0,65535_65535,1,3,251,678,0,1,0,43,0,14,1,1,pre_allocation
860,1287,low_traffic,0,0,65535_65535,1,3,251,693,1,1,1,44,693,14,1,1,allocated
860,1287,low_traffic,0,0,65535_65535,1,4,251,781,0,1,0,44,0,15,1,1,pre_allocation
860,1287,low_traffic,0,0,65535_65535,1,4,251,798,1,1,1,45,798,15,1,1,allocated
860,1287,low_traffic,0,0,65535_65535,1,3,251,693,0,1,0,44,0,14,1,1,pre_allocation
860,1287,low_traffic,0,0,65535_65535,1,3,251,709,1,1,1,45,709,14,1,1,allocated
860,1287,low_traffic,0,0,65535_65535,1,4,251,798,0,1,0,45,0,15,1,1,pre_allocation
860,1287,low_traffic,0,0,65535_65535,1,4,251,816,1,1,1,46,816,15,1,1,allocated
860,1287,low_traffic,0,0,65535_65535,1,3,251,709,0,1,0,45,0,14,1,1,pre_allocation
860,1287,low_traffic,0,0,65535_65535,1,3,251,725,1,1,1,46,725,14,1,1,allocated
860,1287,low_traffic,0,0,65535_65535,1,4,251,816,0,1,0,46,0,15,1,1,pre_allocation
860,1287,low_traffic,0,0,65535_65535,1,4,251,834,1,1,1,47,834,15,1,1,allocated
860,1287,low_traffic,0,0,65535_65535,1,3,251,725,0,1,0,46,0,14,1,1,pre_allocation
860,1287,low_traffic,0,0,65535_65535,1,3,251,741,1,1,1,47,741,14,1,1,allocated
860,1287,low_traffic,0,0,65535_65535,1,4,251,834,0,1,0,47,0,15,1,1,pre_allocation
860,1287,low_traffic,0,0,65535_65535,1,4,251,852,1,1,1,48,852,15,1,1,allocated
860,1287,low_traffic,0,0,65535_65535,1,3,251,741,0,1,0,47,0,14,1,1,pre_allocation
860,1287,low_traffic,0,0,65535_65535,1,3,251,757,1,1,1,48,757,14,1,1,allocated
860,1287,low_traffic,0,0,65535_65535,1,4,251,852,0,1,0,48,0,15,1,1,pre_allocation
860,1287,low_traffic,0,0,65535_65535,1,4,251,870,1,1,1,49,870,15,1,1,allocated
860,1287,low_traffic,0,0,65535_65535,1,3,251,757,0,1,0,48,0,14,1,1,pre_allocation
860,1287,low_traffic,0,0,65535_65535,1,3,251,773,1,1,1,49,773,14,1,1,allocated
860,1287,low_traffic,0,0,65535_65535,1,4,251,870,0,1,0,49,0,15,1,1,pre_allocation
860,1287,low_traffic,0,0,65535_65535,1,4,251,888,1,1,1,50,888,15,1,1,allocated
860,1287,low_traffic,0,0,65535_65535,1,3,251,773,0,1,0,49,0,14,1,1,pre_allocation
860,1287,low_traffic,0,0,65535_65535,1,3,251,789,1,1,1,50,789,14,1,1,allocated
860,1287,low_traffic,0,0,65535_65535,1,4,251,888,0,1,0,50,0,15,1,1,pre_allocation
860,1287,low_traffic,0,0,65535_65535,1,4,251,905,1,1,1,51,905,15,1,1,allocated
860,1287,low_traffic,0,0,65535_65535,1,3,251,789,0,1,0,50,0,14,1,1,pre_allocation
860,1287,low_traffic,0,0,65535_65535,1,3,251,804,1,1,1,51,804,14,1,1,allocated
860,1287,low_traffic,0,0,65535_65535,1,4,251,905,0,1,0,51,0,15,1,1,pre_allocation
860,1287,low_traffic,0,0,65535_65535,1,4,251,923,1,1,1,52,923,15,1,1,allocated
860,1287,low_traffic,0,0,65535_65535,1,3,251,804,0,1,0,51,0,14,1,1,pre_allocation
860,1287,low_traffic,0,0,65535_65535,1,3,251,820,1,1,1,52,820,14,1,1,allocated
860,1287,low_traffic,0,0,65535_65535,1,4,251,923,0,1,0,52,0,15,1,1,pre_allocation
860,1287,low_traffic,0,0,65535_65535,1,4,251,941,1,1,1,53,941,15,1,1,allocated
860,1287,low_traffic,0,0,65535_65535,1,3,251,820,0,1,0,52,0,14,1,1,pre_allocation
860,1287,low_traffic,0,0,65535_65535,1,3,251,836,1,1,1,53,836,14,1,1,allocated
860,1287,low_traffic,0,0,65535_65535,1,4,251,941,0,1,0,53,0,15,1,1,pre_allocation
860,1287,low_traffic,0,0,65535_65535,1,4,251,959,1,1,1,54,959,15,1,1,allocated
860,1287,low_traffic,0,0,65535_65535,1,3,251,836,0,1,0,53,0,14,1,1,pre_allocation
860,1287,low_traffic,0,0,65535_65535,1,3,251,852,1,1,1,54,852,14,1,1,allocated
860,1287,low_traffic,0,0,65535_65535,1,4,251,959,0,1,0,54,0,15,1,1,pre_allocation
860,1287,low_traffic,0,0,65535_65535,1,4,251,977,1,1,1,55,977,15,1,1,allocated
860,1287,low_traffic,0,0,65535_65535,1,3,251,852,0,1,0,54,0,14,1,1,pre_allocation
860,1287,low_traffic,0,0,65535_65535,1,3,251,868,1,1,1,55,868,14,1,1,allocated
860,1287,low_traffic,0,0,65535_65535,1,4,251,977,0,1,0,55,0,15,1,1,pre_allocation
860,1287,low_traffic,0,0,65535_65535,1,4,251,994,1,1,1,56,994,15,1,1,allocated
860,1287,low_traffic,0,0,65535_65535,1,3,251,868,0,1,0,55,0,14,1,1,pre_allocation
860,1287,low_traffic,0,0,65535_65535,1,3,251,884,1,1,1,56,884,14,1,1,allocated
860,1287,low_traffic,0,0,65535_65535,1,4,251,994,0,1,0,56,0,15,1,1,pre_allocation
860,1287,low_traffic,0,0,65535_65535,1,4,251,1012,1,1,1,57,1012,15,1,1,allocated
860,1287,low_traffic,0,0,65535_65535,1,3,251,884,0,1,0,56,0,14,1,1,pre_allocation
860,1287,low_traffic,0,0,65535_65535,1,3,251,899,1,1,1,57,899,14,1,1,allocated
860,1287,low_traffic,0,0,65535_65535,1,4,251,1012,0,1,0,57,0,15,1,1,pre_allocation
860,1287,low_traffic,0,0,65535_65535,1,4,251,1030,1,1,1,58,1030,15,1,1,allocated
860,1287,low_traffic,0,0,65535_65535,1,3,251,899,0,1,0,57,0,14,1,1,pre_allocation
860,1287,low_traffic,0,0,65535_65535,1,3,251,915,1,1,1,58,915,14,1,1,allocated
860,1287,low_traffic,0,0,65535_65535,1,4,251,1030,0,1,0,58,0,15,1,1,pre_allocation
860,1287,low_traffic,0,0,65535_65535,1,4,251,1048,1,1,1,59,1048,15,1,1,allocated
860,1287,low_traffic,0,0,65535_65535,1,3,251,915,0,1,0,58,0,14,1,1,pre_allocation
860,1287,low_traffic,0,0,65535_65535,1,3,251,931,1,1,1,59,931,14,1,1,allocated
860,1287,low_traffic,0,0,65535_65535,1,4,251,1048,0,1,0,59,0,15,1,1,pre_allocation
860,1287,low_traffic,0,0,65535_65535,1,4,251,1066,1,1,1,60,1066,15,1,1,allocated
860,1287,low_traffic,0,0,65535_65535,1,3,251,931,0,1,0,59,0,14,1,1,pre_allocation
860,1287,low_traffic,0,0,65535_65535,1,3,251,947,1,1,1,60,947,14,1,1,allocated
860,1287,low_traffic,0,0,65535_65535,1,4,251,1066,0,1,0,60,0,15,1,1,pre_allocation
860,1287,low_traffic,0,0,65535_65535,1,4,251,1084,1,1,1,61,1084,15,1,1,allocated
860,1287,low_traffic,0,0,65535_65535,1,3,251,947,0,1,0,60,0,14,1,1,pre_allocation
860,1287,low_traffic,0,0,65535_65535,1,3,251,963,1,1,1,61,963,14,1,1,allocated
860,1287,low_traffic,0,0,65535_65535,1,4,251,1084,0,1,0,61,0,15,1,1,pre_allocation
860,1287,low_traffic,0,0,65535_65535,1,4,251,1101,1,1,1,62,1101,15,1,1,allocated
860,1287,low_traffic,0,0,65535_65535,1,3,251,963,0,1,0,61,0,14,1,1,pre_allocation
860,1287,low_traffic,0,0,65535_65535,1,3,251,979,1,1,1,62,979,14,1,1,allocated
860,1287,low_traffic,0,0,65535_65535,1,4,251,1101,0,1,0,62,0,15,1,1,pre_allocation
860,1287,low_traffic,0,0,65535_65535,1,4,251,1119,1,1,1,63,1119,15,1,1,allocated
860,1287,low_traffic,0,0,65535_65535,1,3,251,979,0,1,0,62,0,14,1,1,pre_allocation
860,1287,low_traffic,0,0,65535_65535,1,3,251,994,1,1,1,63,994,14,1,1,allocated
860,1287,low_traffic,0,0,65535_65535,1,4,251,1119,0,1,0,63,0,15,1,1,pre_allocation
860,1287,low_traffic,0,0,65535_65535,1,4,251,1137,1,1,1,64,1137,15,1,1,allocated
860,1287,low_traffic,0,0,65535_65535,1,3,251,994,0,1,0,63,0,14,1,1,pre_allocation
860,1287,low_traffic,0,0,65535_65535,1,3,251,1010,1,1,1,64,1010,14,1,1,allocated
860,1287,low_traffic,0,0,65535_65535,1,4,251,1137,0,1,0,64,0,15,1,1,pre_allocation
860,1287,low_traffic,0,0,65535_65535,1,4,251,1155,1,1,1,65,1155,15,1,1,allocated
860,1287,low_traffic,0,0,65535_65535,1,3,251,1010,0,1,0,64,0,14,1,1,pre_allocation
860,1287,low_traffic,0,0,65535_65535,1,3,251,1026,1,1,1,65,1026,14,1,1,allocated
860,1287,low_traffic,0,0,65535_65535,1,4,251,1155,0,1,0,65,0,15,1,1,pre_allocation
860,1287,low_traffic,0,0,65535_65535,1,4,251,1173,1,1,1,66,1173,15,1,1,allocated
860,1287,low_traffic,0,0,65535_65535,1,3,251,1026,0,1,0,65,0,14,1,1,pre_allocation
860,1287,low_traffic,0,0,65535_65535,1,3,251,1042,1,1,1,66,1042,14,1,1,allocated
860,1287,low_traffic,0,0,65535_65535,1,4,251,1173,0,1,0,66,0,15,1,1,pre_allocation
860,1287,low_traffic,0,0,65535_65535,1,4,251,1190,1,1,1,67,1190,15,1,1,allocated
860,1287,low_traffic,0,0,65535_65535,1,3,251,1042,0,1,0,66,0,14,1,1,pre_allocation
860,1287,low_traffic,0,0,65535_65535,1,3,251,1058,1,1,1,67,1058,14,1,1,allocated
860,1287,low_traffic,0,0,65535_65535,1,4,251,1190,0,1,0,67,0,15,1,1,pre_allocation
860,1287,low_traffic,0,0,65535_65535,1,4,251,1208,1,1,1,68,1208,15,1,1,allocated
860,1287,low_traffic,0,0,65535_65535,1,3,251,1058,0,1,0,67,0,14,1,1,pre_allocation
860,1287,low_traffic,0,0,65535_65535,1,3,251,1074,1,1,1,68,1074,14,1,1,allocated
860,1287,low_traffic,0,0,65535_65535,1,4,251,1208,0,1,0,68,0,15,1,1,pre_allocation
860,1287,low_traffic,0,0,65535_65535,1,4,251,1226,1,1,1,69,1226,15,1,1,allocated
860,1287,low_traffic,0,0,65535_65535,1,3,251,1074,0,1,0,68,0,14,1,1,pre_allocation
860,1287,low_traffic,0,0,65535_65535,1,3,251,1089,1,1,1,69,1089,14,1,1,allocated
860,1287,low_traffic,0,0,65535_65535,1,4,251,1226,0,1,0,69,0,15,1,1,pre_allocation
860,1287,low_traffic,0,0,65535_65535,1,4,251,1244,1,1,1,70,1244,15,1,1,allocated
860,1287,low_traffic,0,0,65535_65535,1,3,251,1089,0,1,0,69,0,14,1,1,pre_allocation
860,1287,low_traffic,0,0,65535_65535,1,3,251,1105,1,1,1,70,1105,14,1,1,allocated
860,1287,low_traffic,0,0,65535_65535,1,4,251,1244,0,1,0,70,0,15,1,1,pre_allocation
860,1287,low_traffic,0,0,65535_65535,1,4,251,1262,1,1,1,71,1262,15,1,1,allocated
860,1287,low_traffic,0,0,65535_65535,1,3,251,1105,0,1,0,70,0,14,1,1,pre_allocation
860,1287,low_traffic,0,0,65535_65535,1,3,251,1121,1,1,1,71,1121,14,1,1,allocated
860,1287,low_traffic,0,0,65535_65535,1,4,251,1262,0,1,0,71,0,15,1,1,pre_allocation
860,1287,low_traffic,0,0,65535_65535,1,4,251,1280,1,1,1,72,1280,15,1,1,allocated
860,1287,low_traffic,0,0,65535_65535,1,3,251,1121,0,1,0,71,0,14,1,1,pre_allocation
860,1287,low_traffic,0,0,65535_65535,1,3,251,1137,1,1,1,72,1137,14,1,1,allocated
860,1287,low_traffic,0,0,65535_65535,1,4,251,1280,0,1,0,72,0,15,1,1,pre_allocation
860,1287,low_traffic,0,0,65535_65535,1,4,251,1297,1,1,1,73,1297,15,1,1,allocated
860,1287,low_traffic,0,0,65535_65535,1,3,251,1137,0,1,0,72,0,14,1,1,pre_allocation
860,1287,low_traffic,0,0,65535_65535,1,3,251,1153,1,1,1,73,1153,14,1,1,allocated
860,1287,low_traffic,0,0,65535_65535,1,4,251,1297,0,1,0,73,0,15,1,1,pre_allocation
860,1287,low_traffic,0,0,65535_65535,1,4,251,1315,1,1,1,74,1315,15,1,1,allocated
860,1287,low_traffic,0,0,65535_65535,1,3,251,1153,0,1,0,73,0,14,1,1,pre_allocation
860,1287,low_traffic,0,0,65535_65535,1,3,251,1169,1,1,1,74,1169,14,1,1,allocated
860,1287,low_traffic,0,0,65535_65535,1,4,251,1315,0,1,0,74,0,15,1,1,pre_allocation
860,1287,low_traffic,0,0,65535_65535,1,4,251,1333,1,1,1,75,1333,15,1,1,allocated
860,1287,low_traffic,0,0,65535_65535,1,3,251,1169,0,1,0,74,0,14,1,1,pre_allocation
860,1287,low_traffic,0,0,65535_65535,1,3,251,1185,1,1,1,75,1185,14,1,1,allocated
860,1287,low_traffic,0,0,65535_65535,1,4,251,1333,0,1,0,75,0,15,1,1,pre_allocation
860,1287,low_traffic,0,0,65535_65535,1,4,251,1351,1,1,1,76,1351,15,1,1,allocated
860,1287,low_traffic,0,0,65535_65535,1,3,251,1185,0,1,0,75,0,14,1,1,pre_allocation
860,1287,low_traffic,0,0,65535_65535,1,3,251,1200,1,1,1,76,1200,14,1,1,allocated
860,1287,low_traffic,0,0,65535_65535,1,4,251,1351,0,1,0,76,0,15,1,1,pre_allocation
860,1287,low_traffic,0,0,65535_65535,1,4,251,1369,1,1,1,77,1369,15,1,1,allocated
860,1287,low_traffic,0,0,65535_65535,1,3,251,1200,0,1,0,76,0,14,1,1,pre_allocation
860,1287,low_traffic,0,0,65535_65535,1,3,251,1216,1,1,1,77,1216,14,1,1,allocated
860,1287,low_traffic,0,0,65535_65535,1,4,251,1369,0,1,0,77,0,15,1,1,pre_allocation
860,1287,low_traffic,0,0,65535_65535,1,4,251,1386,1,1,1,78,1386,15,1,1,allocated
972,1385,low_traffic,0,0,65535_65535,0,2,1371178,0,0,1,0,0,0,12,1,1,pre_allocation
972,1385,low_traffic,0,0,65535_65535,0,2,1371178,11,1,1,1,1,11,12,1,1,allocated
972,1385,low_traffic,0,0,65535_65535,0,2,1371178,11,0,1,0,1,0,12,1,1,pre_allocation
972,1385,low_traffic,0,0,65535_65535,0,2,1371178,25,1,1,1,2,25,12,1,1,allocated
972,1385,low_traffic,0,0,65535_65535,0,2,1371178,25,0,1,0,2,0,12,1,1,pre_allocation
972,1385,low_traffic,0,0,65535_65535,0,2,1371178,39,1,1,1,3,39,12,1,1,allocated
972,1385,low_traffic,0,0,65535_65535,0,2,1371178,39,0,1,0,3,0,12,1,1,pre_allocation
972,1385,low_traffic,0,0,65535_65535,0,2,1371178,53,1,1,1,4,53,12,1,1,allocated
972,1385,low_traffic,0,0,65535_65535,0,2,1371178,53,0,1,0,4,0,12,1,1,pre_allocation
972,1385,low_traffic,0,0,65535_65535,0,2,1371178,68,1,1,1,5,68,12,1,1,allocated
972,1385,low_traffic,0,0,65535_65535,0,2,1371178,68,0,1,0,5,0,12,1,1,pre_allocation
972,1385,low_traffic,0,0,65535_65535,0,2,1371178,82,1,1,1,6,82,12,1,1,allocated
972,1385,low_traffic,0,0,65535_65535,0,2,1371178,82,0,1,0,6,0,12,1,1,pre_allocation
972,1385,low_traffic,0,0,65535_65535,0,2,1371178,96,1,1,1,7,96,12,1,1,allocated
972,1385,low_traffic,0,0,65535_65535,0,2,1371178,96,0,1,0,7,0,12,1,1,pre_allocation
972,1385,low_traffic,0,0,65535_65535,0,2,1371178,110,1,1,1,8,110,12,1,1,allocated
972,1385,low_traffic,0,0,65535_65535,0,2,1371178,110,0,1,0,8,0,12,1,1,pre_allocation
972,1385,low_traffic,0,0,65535_65535,0,2,1371178,125,1,1,1,9,125,12,1,1,allocated
972,1385,low_traffic,0,0,65535_65535,0,2,1371178,125,0,1,0,9,0,12,1,1,pre_allocation
972,1385,low_traffic,0,0,65535_65535,0,2,1371178,139,1,1,1,10,139,12,1,1,allocated
972,1385,low_traffic,0,0,65535_65535,0,2,1371178,139,0,1,0,10,0,12,1,1,pre_allocation
972,1385,low_traffic,0,0,65535_65535,0,2,1371178,153,1,1,1,11,153,12,1,1,allocated
972,1385,low_traffic,0,0,65535_65535,0,2,1371178,153,0,1,0,11,0,12,1,1,pre_allocation
972,1385,low_traffic,0,0,65535_65535,0,2,1371178,167,1,1,1,12,167,12,1,1,allocated
972,1385,low_traffic,0,0,65535_65535,0,2,1371178,167,0,1,0,12,0,12,1,1,pre_allocation
972,1385,low_traffic,0,0,65535_65535,0,2,1371178,182,1,1,1,13,182,12,1,1,allocated
972,1385,low_traffic,0,0,65535_65535,0,2,1371178,182,0,1,0,13,0,12,1,1,pre_allocation
972,1385,low_traffic,0,0,65535_65535,0,2,1371178,196,1,1,1,14,196,12,1,1,allocated
972,1385,low_traffic,0,0,65535_65535,0,2,1371178,196,0,1,0,14,0,12,1,1,pre_allocation
972,1385,low_traffic,0,0,65535_65535,0,2,1371178,210,1,1,1,15,210,12,1,1,allocated
972,1385,low_traffic,0,0,65535_65535,0,2,1371178,210,0,1,0,15,0,12,1,1,pre_allocation
972,1385,low_traffic,0,0,65535_65535,0,2,1371178,224,1,1,1,16,224,12,1,1,allocated
972,1385,low_traffic,0,0,65535_65535,0,2,1371178,224,0,1,0,16,0,12,1,1,pre_allocation
972,1385,low_traffic,0,0,65535_65535,0,2,1371178,239,1,1,1,17,239,12,1,1,allocated
972,1385,low_traffic,0,0,65535_65535,0,2,1371178,239,0,1,0,17,0,12,1,1,pre_allocation
972,1385,low_traffic,0,0,65535_65535,0,2,1371178,253,1,1,1,18,253,12,1,1,allocated
972,1385,low_traffic,0,0,65535_65535,0,2,1371178,253,0,1,0,18,0,12,1,1,pre_allocation
972,1385,low_traffic,0,0,65535_65535,0,2,1371178,267,1,1,1,19,267,12,1,1,allocated
972,1385,low_traffic,0,0,65535_65535,0,2,1371178,267,0,1,0,19,0,12,1,1,pre_allocation
972,1385,low_traffic,0,0,65535_65535,0,2,1371178,281,1,1,1,20,281,12,1,1,allocated
972,1385,low_traffic,0,0,65535_65535,0,2,1371178,281,0,1,0,20,0,12,1,1,pre_allocation
972,1385,low_traffic,0,0,65535_65535,0,2,1371178,296,1,1,1,21,296,12,1,1,allocated
972,1385,low_traffic,0,0,65535_65535,0,2,1371178,296,0,1,0,21,0,12,1,1,pre_allocation
972,1385,low_traffic,0,0,65535_65535,0,2,1371178,310,1,1,1,22,310,12,1,1,allocated
972,1385,low_traffic,0,0,65535_65535,0,2,1371178,310,0,1,0,22,0,12,1,1,pre_allocation
972,1385,low_traffic,0,0,65535_65535,0,2,1371178,324,1,1,1,23,324,12,1,1,allocated
972,1385,low_traffic,0,0,65535_65535,0,2,1371178,324,0,1,0,23,0,12,1,1,pre_allocation
972,1385,low_traffic,0,0,65535_65535,0,2,1371178,338,1,1,1,24,338,12,1,1,allocated
972,1385,low_traffic,0,0,65535_65535,0,2,1371178,338,0,1,0,24,0,12,1,1,pre_allocation
972,1385,low_traffic,0,0,65535_65535,0,2,1371178,353,1,1,1,25,353,12,1,1,allocated
972,1385,low_traffic,0,0,65535_65535,0,2,1371178,353,0,1,0,25,0,12,1,1,pre_allocation
972,1385,low_traffic,0,0,65535_65535,0,2,1371178,367,1,1,1,26,367,12,1,1,allocated
972,1385,low_traffic,0,0,65535_65535,0,2,1371178,367,0,1,0,26,0,12,1,1,pre_allocation
972,1385,low_traffic,0,0,65535_65535,0,2,1371178,381,1,1,1,27,381,12,1,1,allocated
972,1385,low_traffic,0,0,65535_65535,0,2,1371178,381,0,1,0,27,0,12,1,1,pre_allocation
972,1385,low_traffic,0,0,65535_65535,0,2,1371178,395,1,1,1,28,395,12,1,1,allocated
972,1385,low_traffic,0,0,65535_65535,0,2,1371178,395,0,1,0,28,0,12,1,1,pre_allocation
972,1385,low_traffic,0,0,65535_65535,0,2,1371178,410,1,1,1,29,410,12,1,1,allocated
972,1385,low_traffic,0,0,65535_65535,0,2,1371178,410,0,1,0,29,0,12,1,1,pre_allocation
972,1385,low_traffic,0,0,65535_65535,0,2,1371178,424,1,1,1,30,424,12,1,1,allocated
972,1385,low_traffic,0,0,65535_65535,0,2,1371178,424,0,1,0,30,0,12,1,1,pre_allocation
972,1385,low_traffic,0,0,65535_65535,0,2,1371178,438,1,1,1,31,438,12,1,1,allocated
972,1385,low_traffic,0,0,65535_65535,0,2,1371178,438,0,1,0,31,0,12,1,1,pre_allocation
972,1385,low_traffic,0,0,65535_65535,0,2,1371178,452,1,1,1,32,452,12,1,1,allocated
972,1385,low_traffic,0,0,65535_65535,0,2,1371178,452,0,1,0,32,0,12,1,1,pre_allocation
972,1385,low_traffic,0,0,65535_65535,0,2,1371178,467,1,1,1,33,467,12,1,1,allocated
972,1385,low_traffic,0,0,65535_65535,0,2,1371178,467,0,1,0,33,0,12,1,1,pre_allocation
972,1385,low_traffic,0,0,65535_65535,0,2,1371178,481,1,1,1,34,481,12,1,1,allocated
972,1385,low_traffic,0,0,65535_65535,0,2,1371178,481,0,1,0,34,0,12,1,1,pre_allocation
972,1385,low_traffic,0,0,65535_65535,0,2,1371178,495,1,1,1,35,495,12,1,1,allocated
972,1385,low_traffic,0,0,65535_65535,0,2,1371178,495,0,1,0,35,0,12,1,1,pre_allocation
972,1385,low_traffic,0,0,65535_65535,0,2,1371178,509,1,1,1,36,509,12,1,1,allocated
972,1385,low_traffic,0,0,65535_65535,0,2,1371178,509,0,1,0,36,0,12,1,1,pre_allocation
972,1385,low_traffic,0,0,65535_65535,0,2,1371178,524,1,1,1,37,524,12,1,1,allocated
972,1385,low_traffic,0,0,65535_65535,0,2,1371178,524,0,1,0,37,0,12,1,1,pre_allocation
972,1385,low_traffic,0,0,65535_65535,0,2,1371178,538,1,1,1,38,538,12,1,1,allocated
972,1385,low_traffic,0,0,65535_65535,0,2,1371178,538,0,1,0,38,0,12,1,1,pre_allocation
972,1385,low_traffic,0,0,65535_65535,0,2,1371178,552,1,1,1,39,552,12,1,1,allocated
972,1385,low_traffic,0,0,65535_65535,0,2,1371178,552,0,1,0,39,0,12,1,1,pre_allocation
972,1385,low_traffic,0,0,65535_65535,0,2,1371178,566,1,1,1,40,566,12,1,1,allocated
972,1385,low_traffic,0,0,65535_65535,0,2,1371178,566,0,1,0,40,0,12,1,1,pre_allocation
972,1385,low_traffic,0,0,65535_65535,0,2,1371178,581,1,1,1,41,581,12,1,1,allocated
972,1385,low_traffic,0,0,65535_65535,0,2,1371178,581,0,1,0,41,0,12,1,1,pre_allocation
972,1385,low_traffic,0,0,65535_65535,0,2,1371178,595,1,1,1,42,595,12,1,1,allocated
972,1385,low_traffic,0,0,65535_65535,0,2,1371178,595,0,1,0,42,0,12,1,1,pre_allocation
972,1385,low_traffic,0,0,65535_65535,0,2,1371178,609,1,1,1,43,609,12,1,1,allocated
972,1385,low_traffic,0,0,65535_65535,0,2,1371178,609,0,1,0,43,0,12,1,1,pre_allocation
972,1385,low_traffic,0,0,65535_65535,0,2,1371178,623,1,1,1,44,623,12,1,1,allocated
972,1385,low_traffic,0,0,65535_65535,0,2,1371178,623,0,1,0,44,0,12,1,1,pre_allocation
972,1385,low_traffic,0,0,65535_65535,0,2,1371178,638,1,1,1,45,638,12,1,1,allocated
972,1385,low_traffic,0,0,65535_65535,0,2,1371178,638,0,1,0,45,0,12,1,1,pre_allocation
972,1385,low_traffic,0,0,65535_65535,0,2,1371178,652,1,1,1,46,652,12,1,1,allocated
972,1385,low_traffic,0,0,65535_65535,0,2,1371178,652,0,1,0,46,0,12,1,1,pre_allocation
972,1385,low_traffic,0,0,65535_65535,0,2,1371178,666,1,1,1,47,666,12,1,1,allocated
972,1385,low_traffic,0,0,65535_65535,0,2,1371178,666,0,1,0,47,0,12,1,1,pre_allocation
972,1385,low_traffic,0,0,65535_65535,0,2,1371178,680,1,1,1,48,680,12,1,1,allocated
972,1385,low_traffic,0,0,65535_65535,0,2,1371178,680,0,1,0,48,0,12,1,1,pre_allocation
972,1385,low_traffic,0,0,65535_65535,0,2,1371178,695,1,1,1,49,695,12,1,1,allocated
972,1385,low_traffic,0,0,65535_65535,0,2,1371178,695,0,1,0,49,0,12,1,1,pre_allocation
972,1385,low_traffic,0,0,65535_65535,0,2,1371178,709,1,1,1,50,709,12,1,1,allocated
972,1385,low_traffic,0,0,65535_65535,0,2,1371178,709,0,1,0,50,0,12,1,1,pre_allocation
972,1385,low_traffic,0,0,65535_65535,0,2,1371178,723,1,1,1,51,723,12,1,1,allocated
972,1385,low_traffic,0,0,65535_65535,0,2,1371178,723,0,1,0,51,0,12,1,1,pre_allocation
972,1385,low_traffic,0,0,65535_65535,0,2,1371178,737,1,1,1,52,737,12,1,1,allocated
972,1385,low_traffic,0,0,65535_65535,0,2,1371178,737,0,1,0,52,0,12,1,1,pre_allocation
972,1385,low_traffic,0,0,65535_65535,0,2,1371178,751,1,1,1,53,751,12,1,1,allocated
972,1385,low_traffic,0,0,65535_65535,0,2,1371178,751,0,1,0,53,0,12,1,1,pre_allocation
972,1385,low_traffic,0,0,65535_65535,0,2,1371178,766,1,1,1,54,766,12,1,1,allocated
972,1385,low_traffic,0,0,65535_65535,0,2,1371178,766,0,1,0,54,0,12,1,1,pre_allocation
972,1385,low_traffic,0,0,65535_65535,0,2,1371178,780,1,1,1,55,780,12,1,1,allocated
972,1385,low_traffic,0,0,65535_65535,0,2,1371178,780,0,1,0,55,0,12,1,1,pre_allocation
972,1385,low_traffic,0,0,65535_65535,0,2,1371178,794,1,1,1,56,794,12,1,1,allocated
972,1385,low_traffic,0,0,65535_65535,0,2,1371178,794,0,1,0,56,0,12,1,1,pre_allocation
972,1385,low_traffic,0,0,65535_65535,0,2,1371178,808,1,1,1,57,808,12,1,1,allocated
972,1385,low_traffic,0,0,65535_65535,0,2,1371178,808,0,1,0,57,0,12,1,1,pre_allocation
972,1385,low_traffic,0,0,65535_65535,0,2,1371178,823,1,1,1,58,823,12,1,1,allocated
972,1385,low_traffic,0,0,65535_65535,0,2,1371178,823,0,1,0,58,0,12,1,1,pre_allocation
972,1385,low_traffic,0,0,65535_65535,0,2,1371178,837,1,1,1,59,837,12,1,1,allocated
972,1385,low_traffic,0,0,65535_65535,0,2,1371178,837,0,1,0,59,0,12,1,1,pre_allocation
972,1385,low_traffic,0,0,65535_65535,0,2,1371178,851,1,1,1,60,851,12,1,1,allocated
972,1385,low_traffic,0,0,65535_65535,1,4,169,0,0,1,0,0,0,15,1,1,pre_allocation
972,1385,low_traffic,0,0,65535_65535,1,4,169,17,1,1,1,1,17,15,1,1,allocated
972,1385,low_traffic,0,0,65535_65535,1,3,169,0,0,1,0,0,0,14,1,1,pre_allocation
972,1385,low_traffic,0,0,65535_65535,1,3,169,15,1,1,1,1,15,14,1,1,allocated
972,1385,low_traffic,0,0,65535_65535,1,4,169,17,0,1,0,1,0,15,1,1,pre_allocation
972,1385,low_traffic,0,0,65535_65535,1,4,169,38,1,1,1,2,38,15,1,1,allocated
972,1385,low_traffic,0,0,65535_65535,1,3,169,15,0,1,0,1,0,14,1,1,pre_allocation
972,1385,low_traffic,0,0,65535_65535,1,3,169,33,1,1,1,2,33,14,1,1,allocated
972,1385,low_traffic,0,0,65535_65535,1,4,169,38,0,1,0,2,0,15,1,1,pre_allocation
972,1385,low_traffic,0,0,65535_65535,1,4,169,59,1,1,1,3,59,15,1,1,allocated
972,1385,low_traffic,0,0,65535_65535,1,3,169,33,0,1,0,2,0,14,1,1,pre_allocation
972,1385,low_traffic,0,0,65535_65535,1,3,169,52,1,1,1,3,52,14,1,1,allocated
972,1385,low_traffic,0,0,65535_65535,1,4,169,59,0,1,0,3,0,15,1,1,pre_allocation
972,1385,low_traffic,0,0,65535_65535,1,4,169,80,1,1,1,4,80,15,1,1,allocated
972,1385,low_traffic,0,0,65535_65535,1,3,169,52,0,1,0,3,0,14,1,1,pre_allocation
972,1385,low_traffic,0,0,65535_65535,1,3,169,70,1,1,1,4,70,14,1,1,allocated
972,1385,low_traffic,0,0,65535_65535,1,4,169,80,0,1,0,4,0,15,1,1,pre_allocation
972,1385,low_traffic,0,0,65535_65535,1,4,169,100,1,1,1,5,100,15,1,1,allocated
972,1385,low_traffic,0,0,65535_65535,1,3,169,70,0,1,0,4,0,14,1,1,pre_allocation
972,1385,low_traffic,0,0,65535_65535,1,3,169,89,1,1,1,5,89,14,1,1,allocated
972,1385,low_traffic,0,0,65535_65535,1,4,169,100,0,1,0,5,0,15,1,1,pre_allocation
972,1385,low_traffic,0,0,65535_65535,1,4,169,121,1,1,1,6,121,15,1,1,allocated
972,1385,low_traffic,0,0,65535_65535,1,3,169,89,0,1,0,5,0,14,1,1,pre_allocation
972,1385,low_traffic,0,0,65535_65535,1,3,169,107,1,1,1,6,107,14,1,1,allocated
972,1385,low_traffic,0,0,65535_65535,1,4,169,121,0,1,0,6,0,15,1,1,pre_allocation
972,1385,low_traffic,0,0,65535_65535,1,4,169,142,1,1,1,7,142,15,1,1,allocated
972,1385,low_traffic,0,0,65535_65535,1,3,169,107,0,1,0,6,0,14,1,1,pre_allocation
972,1385,low_traffic,0,0,65535_65535,1,3,169,126,1,1,1,7,126,14,1,1,allocated
972,1385,low_traffic,0,0,65535_65535,1,4,169,142,0,1,0,7,0,15,1,1,pre_allocation
972,1385,low_traffic,0,0,65535_65535,1,4,169,163,1,1,1,8,163,15,1,1,allocated
972,1385,low_traffic,0,0,65535_65535,1,3,169,126,0,1,0,7,0,14,1,1,pre_allocation
972,1385,low_traffic,0,0,65535_65535,1,3,169,144,1,1,1,8,144,14,1,1,allocated
972,1385,low_traffic,0,0,65535_65535,1,4,169,163,0,1,0,8,0,15,1,1,pre_allocation
972,1385,low_traffic,0,0,65535_65535,1,4,169,184,1,1,1,9,184,15,1,1,allocated
972,1385,low_traffic,0,0,65535_65535,1,3,169,144,0,1,0,8,0,14,1,1,pre_allocation
972,1385,low_traffic,0,0,65535_65535,1,3,169,163,1,1,1,9,163,14,1,1,allocated
972,1385,low_traffic,0,0,65535_65535,1,4,169,184,0,1,0,9,0,15,1,1,pre_allocation
972,1385,low_traffic,0,0,65535_65535,1,4,169,204,1,1,1,10,204,15,1,1,allocated
972,1385,low_traffic,0,0,65535_65535,1,3,169,163,0,1,0,9,0,14,1,1,pre_allocation
972,1385,low_traffic,0,0,65535_65535,1,3,169,181,1,1,1,10,181,14,1,1,allocated
972,1385,low_traffic,0,0,65535_65535,1,4,169,204,0,1,0,10,0,15,1,1,pre_allocation
972,1385,low_traffic,0,0,65535_65535,1,4,169,225,1,1,1,11,225,15,1,1,allocated
972,1385,low_traffic,0,0,65535_65535,1,3,169,181,0,1,0,10,0,14,1,1,pre_allocation
972,1385,low_traffic,0,0,65535_65535,1,3,169,200,1,1,1,11,200,14,1,1,allocated
972,1385,low_traffic,0,0,65535_65535,1,4,169,225,0,1,0,11,0,15,1,1,pre_allocation
972,1385,low_traffic,0,0,65535_65535,1,4,169,246,1,1,1,12,246,15,1,1,allocated
972,1385,low_traffic,0,0,65535_65535,1,3,169,200,0,1,0,11,0,14,1,1,pre_allocation
972,1385,low_traffic,0,0,65535_65535,1,3,169,218,1,1,1,12,218,14,1,1,allocated
972,1385,low_traffic,0,0,65535_65535,1,4,169,246,0,1,0,12,0,15,1,1,pre_allocation
972,1385,low_traffic,0,0,65535_65535,1,4,169,267,1,1,1,13,267,15,1,1,allocated
972,1385,low_traffic,0,0,65535_65535,1,3,169,218,0,1,0,12,0,14,1,1,pre_allocation
972,1385,low_traffic,0,0,65535_65535,1,3,169,237,1,1,1,13,237,14,1,1,allocated
972,1385,low_traffic,0,0,65535_65535,1,4,169,267,0,1,0,13,0,15,1,1,pre_allocation
972,1385,low_traffic,0,0,65535_65535,1,4,169,288,1,1,1,14,288,15,1,1,allocated
972,1385,low_traffic,0,0,65535_65535,1,3,169,237,0,1,0,13,0,14,1,1,pre_allocation
972,1385,low_traffic,0,0,65535_65535,1,3,169,255,1,1,1,14,255,14,1,1,allocated
972,1385,low_traffic,0,0,65535_65535,1,4,169,288,0,1,0,14,0,15,1,1,pre_allocation
972,1385,low_traffic,0,0,65535_65535,1,4,169,308,1,1,1,15,308,15,1,1,allocated
972,1385,low_traffic,0,0,65535_65535,1,3,169,255,0,1,0,14,0,14,1,1,pre_allocation
972,1385,low_traffic,0,0,65535_65535,1,3,169,274,1,1,1,15,274,14,1,1,allocated
972,1385,low_traffic,0,0,65535_65535,1,4,169,308,0,1,0,15,0,15,1,1,pre_allocation
972,1385,low_traffic,0,0,65535_65535,1,4,169,329,1,1,1,16,329,15,1,1,allocated
972,1385,low_traffic,0,0,65535_65535,1,3,169,274,0,1,0,15,0,14,1,1,pre_allocation
972,1385,low_traffic,0,0,65535_65535,1,3,169,292,1,1,1,16,292,14,1,1,allocated
972,1385,low_traffic,0,0,65535_65535,1,4,169,329,0,1,0,16,0,15,1,1,pre_allocation
972,1385,low_traffic,0,0,65535_65535,1,4,169,350,1,1,1,17,350,15,1,1,allocated
972,1385,low_traffic,0,0,65535_65535,1,3,169,292,0,1,0,16,0,14,1,1,pre_allocation
972,1385,low_traffic,0,0,65535_65535,1,3,169,311,1,1,1,17,311,14,1,1,allocated
972,1385,low_traffic,0,0,65535_65535,1,4,169,350,0,1,0,17,0,15,1,1,pre_allocation
972,1385,low_traffic,0,0,65535_65535,1,4,169,371,1,1,1,18,371,15,1,1,allocated
972,1385,low_traffic,0,0,65535_65535,1,3,169,311,0,1,0,17,0,14,1,1,pre_allocation
972,1385,low_traffic,0,0,65535_65535,1,3,169,329,1,1,1,18,329,14,1,1,allocated
972,1385,low_traffic,0,0,65535_65535,1,4,169,371,0,1,0,18,0,15,1,1,pre_allocation
972,1385,low_traffic,0,0,65535_65535,1,4,169,392,1,1,1,19,392,15,1,1,allocated
972,1385,low_traffic,0,0,65535_65535,1,3,169,329,0,1,0,18,0,14,1,1,pre_allocation
972,1385,low_traffic,0,0,65535_65535,1,3,169,348,1,1,1,19,348,14,1,1,allocated
972,1385,low_traffic,0,0,65535_65535,1,4,169,392,0,1,0,19,0,15,1,1,pre_allocation
972,1385,low_traffic,0,0,65535_65535,1,4,169,412,1,1,1,20,412,15,1,1,allocated
972,1385,low_traffic,0,0,65535_65535,1,3,169,348,0,1,0,19,0,14,1,1,pre_allocation
972,1385,low_traffic,0,0,65535_65535,1,3,169,366,1,1,1,20,366,14,1,1,allocated
972,1385,low_traffic,0,0,65535_65535,1,4,169,412,0,1,0,20,0,15,1,1,pre_allocation
972,1385,low_traffic,0,0,65535_65535,1,4,169,433,1,1,1,21,433,15,1,1,allocated
972,1385,low_traffic,0,0,65535_65535,1,3,169,366,0,1,0,20,0,14,1,1,pre_allocation
972,1385,low_traffic,0,0,65535_65535,1,3,169,385,1,1,1,21,385,14,1,1,allocated
972,1385,low_traffic,0,0,65535_65535,1,4,169,433,0,1,0,21,0,15,1,1,pre_allocation
972,1385,low_traffic,0,0,65535_65535,1,4,169,454,1,1,1,22,454,15,1,1,allocated
972,1385,low_traffic,0,0,65535_65535,1,3,169,385,0,1,0,21,0,14,1,1,pre_allocation
972,1385,low_traffic,0,0,65535_65535,1,3,169,403,1,1,1,22,403,14,1,1,allocated
972,1385,low_traffic,0,0,65535_65535,1,4,169,454,0,1,0,22,0,15,1,1,pre_allocation
972,1385,low_traffic,0,0,65535_65535,1,4,169,475,1,1,1,23,475,15,1,1,allocated
972,1385,low_traffic,0,0,65535_65535,1,3,169,403,0,1,0,22,0,14,1,1,pre_allocation
972,1385,low_traffic,0,0,65535_65535,1,3,169,422,1,1,1,23,422,14,1,1,allocated
972,1385,low_traffic,0,0,65535_65535,1,4,169,475,0,1,0,23,0,15,1,1,pre_allocation
972,1385,low_traffic,0,0,65535_65535,1,4,169,495,1,1,1,24,495,15,1,1,allocated
972,1385,low_traffic,0,0,65535_65535,1,3,169,422,0,1,0,23,0,14,1,1,pre_allocation
972,1385,low_traffic,0,0,65535_65535,1,3,169,440,1,1,1,24,440,14,1,1,allocated
972,1385,low_traffic,0,0,65535_65535,1,4,169,495,0,1,0,24,0,15,1,1,pre_allocation
972,1385,low_traffic,0,0,65535_65535,1,4,169,516,1,1,1,25,516,15,1,1,allocated
972,1385,low_traffic,0,0,65535_65535,1,3,169,440,0,1,0,24,0,14,1,1,pre_allocation
972,1385,low_traffic,0,0,65535_65535,1,3,169,459,1,1,1,25,459,14,1,1,allocated
972,1385,low_traffic,0,0,65535_65535,1,4,169,516,0,1,0,25,0,15,1,1,pre_allocation
972,1385,low_traffic,0,0,65535_65535,1,4,169,537,1,1,1,26,537,15,1,1,allocated
972,1385,low_traffic,0,0,65535_65535,1,3,169,459,0,1,0,25,0,14,1,1,pre_allocation
972,1385,low_traffic,0,0,65535_65535,1,3,169,477,1,1,1,26,477,14,1,1,allocated
972,1385,low_traffic,0,0,65535_65535,1,4,169,537,0,1,0,26,0,15,1,1,pre_allocation
972,1385,low_traffic,0,0,65535_65535,1,4,169,558,1,1,1,27,558,15,1,1,allocated
972,1385,low_traffic,0,0,65535_65535,1,3,169,477,0,1,0,26,0,14,1,1,pre_allocation
972,1385,low_traffic,0,0,65535_65535,1,3,169,495,1,1,1,27,495,14,1,1,allocated
972,1385,low_traffic,0,0,65535_65535,1,4,169,558,0,1,0,27,0,15,1,1,pre_allocation
972,1385,low_traffic,0,0,65535_65535,1,4,169,579,1,1,1,28,579,15,1,1,allocated
972,1385,low_traffic,0,0,65535_65535,1,3,169,495,0,1,0,27,0,14,1,1,pre_allocation
972,1385,low_traffic,0,0,65535_65535,1,3,169,514,1,1,1,28,514,14,1,1,allocated
972,1385,low_traffic,0,0,65535_65535,1,4,169,579,0,1,0,28,0,15,1,1,pre_allocation
972,1385,low_traffic,0,0,65535_65535,1,4,169,599,1,1,1,29,599,15,1,1,allocated
972,1385,low_traffic,0,0,65535_65535,1,3,169,514,0,1,0,28,0,14,1,1,pre_allocation
972,1385,low_traffic,0,0,65535_65535,1,3,169,532,1,1,1,29,532,14,1,1,allocated
972,1385,low_traffic,0,0,65535_65535,1,4,169,599,0,1,0,29,0,15,1,1,pre_allocation
972,1385,low_traffic,0,0,65535_65535,1,4,169,620,1,1,1,30,620,15,1,1,allocated
972,1385,low_traffic,0,0,65535_65535,1,3,169,532,0,1,0,29,0,14,1,1,pre_allocation
972,1385,low_traffic,0,0,65535_65535,1,3,169,551,1,1,1,30,551,14,1,1,allocated
972,1385,low_traffic,0,0,65535_65535,1,4,169,620,0,1,0,30,0,15,1,1,pre_allocation
972,1385,low_traffic,0,0,65535_65535,1,4,169,641,1,1,1,31,641,15,1,1,allocated
972,1385,low_traffic,0,0,65535_65535,1,3,169,551,0,1,0,30,0,14,1,1,pre_allocation
972,1385,low_traffic,0,0,65535_65535,1,3,169,569,1,1,1,31,569,14,1,1,allocated
972,1385,low_traffic,0,0,65535_65535,1,4,169,641,0,1,0,31,0,15,1,1,pre_allocation
972,1385,low_traffic,0,0,65535_65535,1,4,169,662,1,1,1,32,662,15,1,1,allocated
972,1385,low_traffic,0,0,65535_65535,1,3,169,569,0,1,0,31,0,14,1,1,pre_allocation
972,1385,low_traffic,0,0,65535_65535,1,3,169,588,1,1,1,32,588,14,1,1,allocated
972,1385,low_traffic,0,0,65535_65535,1,4,169,662,0,1,0,32,0,15,1,1,pre_allocation
972,1385,low_traffic,0,0,65535_65535,1,4,169,683,1,1,1,33,683,15,1,1,allocated
972,1385,low_traffic,0,0,65535_65535,1,3,169,588,0,1,0,32,0,14,1,1,pre_allocation
972,1385,low_traffic,0,0,65535_65535,1,3,169,606,1,1,1,33,606,14,1,1,allocated
972,1385,low_traffic,0,0,65535_65535,1,4,169,683,0,1,0,33,0,15,1,1,pre_allocation
972,1385,low_traffic,0,0,65535_65535,1,4,169,703,1,1,1,34,703,15,1,1,allocated
972,1385,low_traffic,0,0,65535_65535,1,3,169,606,0,1,0,33,0,14,1,1,pre_allocation
972,1385,low_traffic,0,0,65535_65535,1,3,169,625,1,1,1,34,625,14,1,1,allocated
972,1385,low_traffic,0,0,65535_65535,1,4,169,703,0,1,0,34,0,15,1,1,pre_allocation
972,1385,low_traffic,0,0,65535_65535,1,4,169,724,1,1,1,35,724,15,1,1,allocated
972,1385,low_traffic,0,0,65535_65535,1,3,169,625,0,1,0,34,0,14,1,1,pre_allocation
972,1385,low_traffic,0,0,65535_65535,1,3,169,643,1,1,1,35,643,14,1,1,allocated
972,1385,low_traffic,0,0,65535_65535,1,4,169,724,0,1,0,35,0,15,1,1,pre_allocation
972,1385,low_traffic,0,0,65535_65535,1,4,169,745,1,1,1,36,745,15,1,1,allocated
972,1385,low_traffic,0,0,65535_65535,1,3,169,643,0,1,0,35,0,14,1,1,pre_allocation
972,1385,low_traffic,0,0,65535_65535,1,3,169,662,1,1,1,36,662,14,1,1,allocated
972,1385,low_traffic,0,0,65535_65535,1,4,169,745,0,1,0,36,0,15,1,1,pre_allocation
972,1385,low_traffic,0,0,65535_65535,1,4,169,766,1,1,1,37,766,15,1,1,allocated
972,1385,low_traffic,0,0,65535_65535,1,3,169,662,0,1,0,36,0,14,1,1,pre_allocation
972,1385,low_traffic,0,0,65535_65535,1,3,169,680,1,1,1,37,680,14,1,1,allocated
972,1385,low_traffic,0,0,65535_65535,1,4,169,766,0,1,0,37,0,15,1,1,pre_allocation
972,1385,low_traffic,0,0,65535_65535,1,4,169,787,1,1,1,38,787,15,1,1,allocated
972,1385,low_traffic,0,0,65535_65535,1,3,169,680,0,1,0,37,0,14,1,1,pre_allocation
972,1385,low_traffic,0,0,65535_65535,1,3,169,699,1,1,1,38,699,14,1,1,allocated
972,1385,low_traffic,0,0,65535_65535,1,4,169,787,0,1,0,38,0,15,1,1,pre_allocation
972,1385,low_traffic,0,0,65535_65535,1,4,169,807,1,1,1,39,807,15,1,1,allocated
972,1385,low_traffic,0,0,65535_65535,1,3,169,699,0,1,0,38,0,14,1,1,pre_allocation
972,1385,low_traffic,0,0,65535_65535,1,3,169,717,1,1,1,39,717,14,1,1,allocated
972,1385,low_traffic,0,0,65535_65535,1,4,169,807,0,1,0,39,0,15,1,1,pre_allocation
972,1385,low_traffic,0,0,65535_65535,1,4,169,828,1,1,1,40,828,15,1,1,allocated
972,1385,low_traffic,0,0,65535_65535,1,3,169,717,0,1,0,39,0,14,1,1,pre_allocation
972,1385,low_traffic,0,0,65535_65535,1,3,169,736,1,1,1,40,736,14,1,1,allocated
972,1385,low_traffic,0,0,65535_65535,1,4,169,828,0,1,0,40,0,15,1,1,pre_allocation
972,1385,low_traffic,0,0,65535_65535,1,4,169,849,1,1,1,41,849,15,1,1,allocated
972,1385,low_traffic,0,0,65535_65535,1,3,169,736,0,1,0,40,0,14,1,1,pre_allocation
972,1385,low_traffic,0,0,65535_65535,1,3,169,754,1,1,1,41,754,14,1,1,allocated
972,1385,low_traffic,0,0,65535_65535,1,4,169,849,0,1,0,41,0,15,1,1,pre_allocation
972,1385,low_traffic,0,0,65535_65535,1,4,169,870,1,1,1,42,870,15,1,1,allocated
972,1385,low_traffic,0,0,65535_65535,1,3,169,754,0,1,0,41,0,14,1,1,pre_allocation
972,1385,low_traffic,0,0,65535_65535,1,3,169,773,1,1,1,42,773,14,1,1,allocated
972,1385,low_traffic,0,0,65535_65535,1,4,169,870,0,1,0,42,0,15,1,1,pre_allocation
972,1385,low_traffic,0,0,65535_65535,1,4,169,890,1,1,1,43,890,15,1,1,allocated
972,1385,low_traffic,0,0,65535_65535,1,3,169,773,0,1,0,42,0,14,1,1,pre_allocation
972,1385,low_traffic,0,0,65535_65535,1,3,169,791,1,1,1,43,791,14,1,1,allocated
972,1385,low_traffic,0,0,65535_65535,1,4,169,890,0,1,0,43,0,15,1,1,pre_allocation
972,1385,low_traffic,0,0,65535_65535,1,4,169,911,1,1,1,44,911,15,1,1,allocated
972,1385,low_traffic,0,0,65535_65535,1,3,169,791,0,1,0,43,0,14,1,1,pre_allocation
972,1385,low_traffic,0,0,65535_65535,1,3,169,810,1,1,1,44,810,14,1,1,allocated
972,1385,low_traffic,0,0,65535_65535,1,4,169,911,0,1,0,44,0,15,1,1,pre_allocation
972,1385,low_traffic,0,0,65535_65535,1,4,169,932,1,1,1,45,932,15,1,1,allocated
972,1385,low_traffic,0,0,65535_65535,1,3,169,810,0,1,0,44,0,14,1,1,pre_allocation
972,1385,low_traffic,0,0,65535_65535,1,3,169,828,1,1,1,45,828,14,1,1,allocated
972,1385,low_traffic,0,0,65535_65535,1,4,169,932,0,1,0,45,0,15,1,1,pre_allocation
972,1385,low_traffic,0,0,65535_65535,1,4,169,953,1,1,1,46,953,15,1,1,allocated
972,1385,low_traffic,0,0,65535_65535,1,3,169,828,0,1,0,45,0,14,1,1,pre_allocation
972,1385,low_traffic,0,0,65535_65535,1,3,169,847,1,1,1,46,847,14,1,1,allocated
972,1385,low_traffic,0,0,65535_65535,1,4,169,953,0,1,0,46,0,15,1,1,pre_allocation
972,1385,low_traffic,0,0,65535_65535,1,4,169,974,1,1,1,47,974,15,1,1,allocated
972,1385,low_traffic,0,0,65535_65535,1,3,169,847,0,1,0,46,0,14,1,1,pre_allocation
972,1385,low_traffic,0,0,65535_65535,1,3,169,865,1,1,1,47,865,14,1,1,allocated
972,1385,low_traffic,0,0,65535_65535,1,4,169,974,0,1,0,47,0,15,1,1,pre_allocation
972,1385,low_traffic,0,0,65535_65535,1,4,169,994,1,1,1,48,994,15,1,1,allocated
972,1385,low_traffic,0,0,65535_65535,1,3,169,865,0,1,0,47,0,14,1,1,pre_allocation
972,1385,low_traffic,0,0,65535_65535,1,3,169,884,1,1,1,48,884,14,1,1,allocated
972,1385,low_traffic,0,0,65535_65535,1,4,169,994,0,1,0,48,0,15,1,1,pre_allocation
972,1385,low_traffic,0,0,65535_65535,1,4,169,1015,1,1,1,49,1015,15,1,1,allocated
972,1385,low_traffic,0,0,65535_65535,1,3,169,884,0,1,0,48,0,14,1,1,pre_allocation
972,1385,low_traffic,0,0,65535_65535,1,3,169,902,1,1,1,49,902,14,1,1,allocated
972,1385,low_traffic,0,0,65535_65535,1,4,169,1015,0,1,0,49,0,15,1,1,pre_allocation
972,1385,low_traffic,0,0,65535_65535,1,4,169,1036,1,1,1,50,1036,15,1,1,allocated
972,1385,low_traffic,0,0,65535_65535,1,3,169,902,0,1,0,49,0,14,1,1,pre_allocation
972,1385,low_traffic,0,0,65535_65535,1,3,169,921,1,1,1,50,921,14,1,1,allocated
972,1385,low_traffic,0,0,65535_65535,1,4,169,1036,0,1,0,50,0,15,1,1,pre_allocation
972,1385,low_traffic,0,0,65535_65535,1,4,169,1057,1,1,1,51,1057,15,1,1,allocated
972,1385,low_traffic,0,0,65535_65535,1,3,169,921,0,1,0,50,0,14,1,1,pre_allocation
972,1385,low_traffic,0,0,65535_65535,1,3,169,939,1,1,1,51,939,14,1,1,allocated
972,1385,low_traffic,0,0,65535_65535,1,4,169,1057,0,1,0,51,0,15,1,1,pre_allocation
972,1385,low_traffic,0,0,65535_65535,1,4,169,1078,1,1,1,52,1078,15,1,1,allocated
972,1385,low_traffic,0,0,65535_65535,1,3,169,939,0,1,0,51,0,14,1,1,pre_allocation
972,1385,low_traffic,0,0,65535_65535,1,3,169,957,1,1,1,52,957,14,1,1,allocated
972,1385,low_traffic,0,0,65535_65535,1,4,169,1078,0,1,0,52,0,15,1,1,pre_allocation
972,1385,low_traffic,0,0,65535_65535,1,4,169,1098,1,1,1,53,1098,15,1,1,allocated
972,1385,low_traffic,0,0,65535_65535,1,3,169,957,0,1,0,52,0,14,1,1,pre_allocation
972,1385,low_traffic,0,0,65535_65535,1,3,169,976,1,1,1,53,976,14,1,1,allocated
972,1385,low_traffic,0,0,65535_65535,1,4,169,1098,0,1,0,53,0,15,1,1,pre_allocation
972,1385,low_traffic,0,0,65535_65535,1,4,169,1119,1,1,1,54,1119,15,1,1,allocated
972,1385,low_traffic,0,0,65535_65535,1,3,169,976,0,1,0,53,0,14,1,1,pre_allocation
972,1385,low_traffic,0,0,65535_65535,1,3,169,994,1,1,1,54,994,14,1,1,allocated
972,1385,low_traffic,0,0,65535_65535,1,4,169,1119,0,1,0,54,0,15,1,1,pre_allocation
972,1385,low_traffic,0,0,65535_65535,1,4,169,1140,1,1,1,55,1140,15,1,1,allocated
972,1385,low_traffic,0,0,65535_65535,1,3,169,994,0,1,0,54,0,14,1,1,pre_allocation
972,1385,low_traffic,0,0,65535_65535,1,3,169,1013,1,1,1,55,1013,14,1,1,allocated
972,1385,low_traffic,0,0,65535_65535,1,4,169,1140,0,1,0,55,0,15,1,1,pre_allocation
972,1385,low_traffic,0,0,65535_65535,1,4,169,1161,1,1,1,56,1161,15,1,1,allocated
972,1385,low_traffic,0,0,65535_65535,1,3,169,1013,0,1,0,55,0,14,1,1,pre_allocation
972,1385,low_traffic,0,0,65535_65535,1,3,169,1031,1,1,1,56,1031,14,1,1,allocated
972,1385,low_traffic,0,0,65535_65535,1,4,169,1161,0,1,0,56,0,15,1,1,pre_allocation
972,1385,low_traffic,0,0,65535_65535,1,4,169,1182,1,1,1,57,1182,15,1,1,allocated
972,1385,low_traffic,0,0,65535_65535,1,3,169,1031,0,1,0,56,0,14,1,1,pre_allocation
972,1385,low_traffic,0,0,65535_65535,1,3,169,1050,1,1,1,57,1050,14,1,1,allocated
972,1385,low_traffic,0,0,65535_65535,1,4,169,1182,0,1,0,57,0,15,1,1,pre_allocation
972,1385,low_traffic,0,0,65535_65535,1,4,169,1202,1,1,1,58,1202,15,1,1,allocated
972,1385,low_traffic,0,0,65535_65535,1,3,169,1050,0,1,0,57,0,14,1,1,pre_allocation
972,1385,low_traffic,0,0,65535_65535,1,3,169,1068,1,1,1,58,1068,14,1,1,allocated
972,1385,low_traffic,0,0,65535_65535,1,4,169,1202,0,1,0,58,0,15,1,1,pre_allocation
972,1385,low_traffic,0,0,65535_65535,1,4,169,1223,1,1,1,59,1223,15,1,1,allocated
972,1385,low_traffic,0,0,65535_65535,1,3,169,1068,0,1,0,58,0,14,1,1,pre_allocation
972,1385,low_traffic,0,0,65535_65535,1,3,169,1087,1,1,1,59,1087,14,1,1,allocated
972,1385,low_traffic,0,0,65535_65535,1,4,169,1223,0,1,0,59,0,15,1,1,pre_allocation
972,1385,low_traffic,0,0,65535_65535,1,4,169,1244,1,1,1,60,1244,15,1,1,allocated
972,1385,low_traffic,0,0,65535_65535,1,3,169,1087,0,1,0,59,0,14,1,1,pre_allocation
972,1385,low_traffic,0,0,65535_65535,1,3,169,1105,1,1,1,60,1105,14,1,1,allocated
972,1385,low_traffic,0,0,65535_65535,1,4,169,1244,0,1,0,60,0,15,1,1,pre_allocation
972,1385,low_traffic,0,0,65535_65535,1,4,169,1265,1,1,1,61,1265,15,1,1,allocated
972,1385,low_traffic,0,0,65535_65535,1,3,169,1105,0,1,0,60,0,14,1,1,pre_allocation
972,1385,low_traffic,0,0,65535_65535,1,3,169,1124,1,1,1,61,1124,14,1,1,allocated
972,1385,low_traffic,0,0,65535_65535,1,4,169,1265,0,1,0,61,0,15,1,1,pre_allocation
972,1385,low_traffic,0,0,65535_65535,1,4,169,1285,1,1,1,62,1285,15,1,1,allocated
972,1385,low_traffic,0,0,65535_65535,1,3,169,1124,0,1,0,61,0,14,1,1,pre_allocation
972,1385,low_traffic,0,0,65535_65535,1,3,169,1142,1,1,1,62,1142,14,1,1,allocated
972,1385,low_traffic,0,0,65535_65535,1,4,169,1285,0,1,0,62,0,15,1,1,pre_allocation
972,1385,low_traffic,0,0,65535_65535,1,4,169,1306,1,1,1,63,1306,15,1,1,allocated
972,1385,low_traffic,0,0,65535_65535,1,3,169,1142,0,1,0,62,0,14,1,1,pre_allocation
972,1385,low_traffic,0,0,65535_65535,1,3,169,1161,1,1,1,63,1161,14,1,1,allocated
972,1385,low_traffic,0,0,65535_65535,1,4,169,1306,0,1,0,63,0,15,1,1,pre_allocation
972,1385,low_traffic,0,0,65535_65535,1,4,169,1327,1,1,1,64,1327,15,1,1,allocated
972,1385,low_traffic,0,0,65535_65535,1,3,169,1161,0,1,0,63,0,14,1,1,pre_allocation
972,1385,low_traffic,0,0,65535_65535,1,3,169,1179,1,1,1,64,1179,14,1,1,allocated
972,1385,low_traffic,0,0,65535_65535,1,4,169,1327,0,1,0,64,0,15,1,1,pre_allocation
972,1385,low_traffic,0,0,65535_65535,1,4,169,1348,1,1,1,65,1348,15,1,1,allocated
972,1385,low_traffic,0,0,65535_65535,1,3,169,1179,0,1,0,64,0,14,1,1,pre_allocation
972,1385,low_traffic,0,0,65535_65535,1,3,169,1198,1,1,1,65,1198,14,1,1,allocated
972,1385,low_traffic,0,0,65535_65535,1,4,169,1348,0,1,0,65,0,15,1,1,pre_allocation
972,1385,low_traffic,0,0,65535_65535,1,4,169,1369,1,1,1,66,1369,15,1,1,allocated
972,1385,low_traffic,0,0,65535_65535,1,3,169,1198,0,1,0,65,0,14,1,1,pre_allocation
972,1385,low_traffic,0,0,65535_65535,1,3,169,1216,1,1,1,66,1216,14,1,1,allocated
972,1385,low_traffic,0,0,65535_65535,1,4,169,1369,0,1,0,66,0,15,1,1,pre_allocation
972,1385,low_traffic,0,0,65535_65535,1,4,169,1389,1,1,1,67,1389,15,1,1,allocated
972,1385,low_traffic,0,0,65535_65535,1,3,169,1216,0,1,0,66,0,14,1,1,pre_allocation
972,1385,low_traffic,0,0,65535_65535,1,3,169,1235,1,1,1,67,1235,14,1,1,allocated
972,1385,low_traffic,0,0,65535_65535,1,4,169,1389,0,1,0,67,0,15,1,1,pre_allocation
972,1385,low_traffic,0,0,65535_65535,1,4,169,1410,1,1,1,68,1410,15,1,1,allocated
972,1385,low_traffic,0,0,65535_65535,1,3,169,1235,0,1,0,67,0,14,1,1,pre_allocation
972,1385,low_traffic,0,0,65535_65535,1,3,169,1253,1,1,1,68,1253,14,1,1,allocated
972,1385,low_traffic,0,0,65535_65535,1,4,169,1410,0,1,0,68,0,15,1,1,pre_allocation
972,1385,low_traffic,0,0,65535_65535,1,4,169,1431,1,1,1,69,1431,15,1,1,allocated
972,1385,low_traffic,0,0,65535_65535,1,3,169,1253,0,1,0,68,0,14,1,1,pre_allocation
972,1385,low_traffic,0,0,65535_65535,1,3,169,1272,1,1,1,69,1272,14,1,1,allocated
972,1385,low_traffic,0,0,65535_65535,1,4,169,1431,0,1,0,69,0,15,1,1,pre_allocation
972,1385,low_traffic,0,0,65535_65535,1,4,169,1452,1,1,1,70,1452,15,1,1,allocated
972,1385,low_traffic,0,0,65535_65535,1,3,169,1272,0,1,0,69,0,14,1,1,pre_allocation
972,1385,low_traffic,0,0,65535_65535,1,3,169,1290,1,1,1,70,1290,14,1,1,allocated
972,1385,low_traffic,0,0,65535_65535,1,4,169,1452,0,1,0,70,0,15,1,1,pre_allocation
972,1385,low_traffic,0,0,65535_65535,1,4,169,1473,1,1,1,71,1473,15,1,1,allocated
972,1385,low_traffic,0,0,65535_65535,1,3,169,1290,0,1,0,70,0,14,1,1,pre_allocation
972,1385,low_traffic,0,0,65535_65535,1,3,169,1309,1,1,1,71,1309,14,1,1,allocated
972,1385,low_traffic,0,0,65535_65535,1,4,169,1473,0,1,0,71,0,15,1,1,pre_allocation
972,1385,low_traffic,0,0,65535_65535,1,4,169,1493,1,1,1,72,1493,15,1,1,allocated
972,1385,low_traffic,0,0,65535_65535,1,3,169,1309,0,1,0,71,0,14,1,1,pre_allocation
972,1385,low_traffic,0,0,65535_65535,1,3,169,1327,1,1,1,72,1327,14,1,1,allocated
972,1385,low_traffic,0,0,65535_65535,1,4,169,1493,0,1,0,72,0,15,1,1,pre_allocation
972,1385,low_traffic,0,0,65535_65535,1,4,169,1514,1,1,1,73,1514,15,1,1,allocated
972,1385,low_traffic,0,0,65535_65535,1,3,169,1327,0,1,0,72,0,14,1,1,pre_allocation
972,1385,low_traffic,0,0,65535_65535,1,3,169,1346,1,1,1,73,1346,14,1,1,allocated
972,1385,low_traffic,0,0,65535_65535,1,4,169,1514,0,1,0,73,0,15,1,1,pre_allocation
972,1385,low_traffic,0,0,65535_65535,1,4,169,1535,1,1,1,74,1535,15,1,1,allocated
972,1385,low_traffic,0,0,65535_65535,1,3,169,1346,0,1,0,73,0,14,1,1,pre_allocation
972,1385,low_traffic,0,0,65535_65535,1,3,169,1364,1,1,1,74,1364,14,1,1,allocated
972,1385,low_traffic,0,0,65535_65535,1,4,169,1535,0,1,0,74,0,15,1,1,pre_allocation
972,1385,low_traffic,0,0,65535_65535,1,4,169,1553,1,1,1,75,1553,15,1,1,allocated
972,1385,low_traffic,0,0,65535_65535,1,3,169,1364,0,1,0,74,0,14,1,1,pre_allocation
972,1385,low_traffic,0,0,65535_65535,1,3,169,1383,1,1,1,75,1383,14,1,1,allocated
972,1385,low_traffic,0,0,65535_65535,1,4,169,1553,0,1,0,75,0,15,1,1,pre_allocation
972,1385,low_traffic,0,0,65535_65535,1,4,169,1574,1,1,1,76,1574,15,1,1,allocated
972,1385,low_traffic,0,0,65535_65535,1,3,169,1383,0,1,0,75,0,14,1,1,pre_allocation
972,1385,low_traffic,0,0,65535_65535,1,3,169,1401,1,1,1,76,1401,14,1,1,allocated
972,1385,low_traffic,0,0,65535_65535,1,4,169,1574,0,1,0,76,0,15,1,1,pre_allocation
972,1385,low_traffic,0,0,65535_65535,1,4,169,1594,1,1,1,77,1594,15,1,1,allocated
972,1385,low_traffic,0,0,65535_65535,2,10,137,0,0,1,0,0,0,15,1,1,pre_allocation
972,1385,low_traffic,0,0,65535_65535,2,10,137,17,1,1,1,1,17,15,1,1,allocated
972,1385,low_traffic,0,0,65535_65535,2,5,137,0,0,1,0,0,0,15,1,1,pre_allocation
972,1385,low_traffic,0,0,65535_65535,2,5,137,17,1,1,1,1,17,15,1,1,allocated
972,1385,low_traffic,0,0,65535_65535,2,9,137,0,0,1,0,0,0,28,1,1,pre_allocation
972,1385,low_traffic,0,0,65535_65535,2,9,137,50,1,1,1,1,50,28,1,1,allocated
972,1385,low_traffic,0,0,65535_65535,2,8,137,0,0,1,0,0,0,28,1,1,pre_allocation
972,1385,low_traffic,0,0,65535_65535,2,8,137,50,1,1,1,1,50,28,1,1,allocated
972,1385,low_traffic,0,0,65535_65535,2,6,137,0,0,1,0,0,0,28,1,1,pre_allocation
972,1385,low_traffic,0,0,65535_65535,2,6,137,50,1,1,1,1,50,28,1,1,allocated
972,1385,low_traffic,0,0,65535_65535,2,10,137,17,0,1,0,1,0,15,1,1,pre_allocation
972,1385,low_traffic,0,0,65535_65535,2,10,137,38,1,1,1,2,38,15,1,1,allocated
972,1385,low_traffic,0,0,65535_65535,2,5,137,17,0,1,0,1,0,15,1,1,pre_allocation
972,1385,low_traffic,0,0,65535_65535,2,5,137,38,1,1,1,2,38,15,1,1,allocated
972,1385,low_traffic,0,0,65535_65535,2,9,137,50,0,1,0,1,0,28,1,1,pre_allocation
972,1385,low_traffic,0,0,65535_65535,2,9,137,103,1,1,1,2,103,28,1,1,allocated
972,1385,low_traffic,0,0,65535_65535,2,8,137,50,0,1,0,1,0,28,1,1,pre_allocation
972,1385,low_traffic,0,0,65535_65535,2,8,137,103,1,1,1,2,103,28,1,1,allocated
972,1385,low_traffic,0,0,65535_65535,2,6,137,50,0,1,0,1,0,28,1,1,pre_allocation
972,1385,low_traffic,0,0,65535_65535,2,6,137,103,1,1,1,2,103,28,1,1,allocated
972,1385,low_traffic,0,0,65535_65535,2,10,137,38,0,1,0,2,0,15,1,1,pre_allocation
972,1385,low_traffic,0,0,65535_65535,2,10,137,59,1,1,1,3,59,15,1,1,allocated
972,1385,low_traffic,0,0,65535_65535,2,5,137,38,0,1,0,2,0,15,1,1,pre_allocation
972,1385,low_traffic,0,0,65535_65535,2,5,137,59,1,1,1,3,59,15,1,1,allocated
972,1385,low_traffic,0,0,65535_65535,2,9,137,103,0,1,0,2,0,28,1,1,pre_allocation
972,1385,low_traffic,0,0,65535_65535,2,9,137,156,1,1,1,3,156,28,1,1,allocated
972,1385,low_traffic,0,0,65535_65535,2,8,137,103,0,1,0,2,0,28,1,1,pre_allocation
972,1385,low_traffic,0,0,65535_65535,2,8,137,156,1,1,1,3,156,28,1,1,allocated
972,1385,low_traffic,0,0,65535_65535,2,6,137,103,0,1,0,2,0,28,1,1,pre_allocation
972,1385,low_traffic,0,0,65535_65535,2,6,137,156,1,1,1,3,156,28,1,1,allocated
972,1385,low_traffic,0,0,65535_65535,2,10,137,59,0,1,0,3,0,15,1,1,pre_allocation
972,1385,low_traffic,0,0,65535_65535,2,10,137,80,1,1,1,4,80,15,1,1,allocated
972,1385,low_traffic,0,0,65535_65535,2,5,137,59,0,1,0,3,0,15,1,1,pre_allocation
972,1385,low_traffic,0,0,65535_65535,2,5,137,80,1,1,1,4,80,15,1,1,allocated
972,1385,low_traffic,0,0,65535_65535,2,9,137,156,0,1,0,3,0,28,1,1,pre_allocation
972,1385,low_traffic,0,0,65535_65535,2,9,137,209,1,1,1,4,209,28,1,1,allocated
972,1385,low_traffic,0,0,65535_65535,2,8,137,156,0,1,0,3,0,28,1,1,pre_allocation
972,1385,low_traffic,0,0,65535_65535,2,8,137,209,1,1,1,4,209,28,1,1,allocated
972,1385,low_traffic,0,0,65535_65535,2,6,137,156,0,1,0,3,0,28,1,1,pre_allocation
972,1385,low_traffic,0,0,65535_65535,2,6,137,209,1,1,1,4,209,28,1,1,allocated
972,1385,low_traffic,0,0,65535_65535,2,10,137,80,0,1,0,4,0,15,1,1,pre_allocation
972,1385,low_traffic,0,0,65535_65535,2,10,137,100,1,1,1,5,100,15,1,1,allocated
972,1385,low_traffic,0,0,65535_65535,2,5,137,80,0,1,0,4,0,15,1,1,pre_allocation
972,1385,low_traffic,0,0,65535_65535,2,5,137,100,1,1,1,5,100,15,1,1,allocated
972,1385,low_traffic,0,0,65535_65535,2,9,137,209,0,1,0,4,0,28,1,1,pre_allocation
972,1385,low_traffic,0,0,65535_65535,2,9,137,262,1,1,1,5,262,28,1,1,allocated
972,1385,low_traffic,0,0,65535_65535,2,8,137,209,0,1,0,4,0,28,1,1,pre_allocation
972,1385,low_traffic,0,0,65535_65535,2,8,137,262,1,1,1,5,262,28,1,1,allocated
972,1385,low_traffic,0,0,65535_65535,2,6,137,209,0,1,0,4,0,28,1,1,pre_allocation
972,1385,low_traffic,0,0,65535_65535,2,6,137,262,1,1,1,5,262,28,1,1,allocated
972,1385,low_traffic,0,0,65535_65535,2,10,137,100,0,1,0,5,0,15,1,1,pre_allocation
972,1385,low_traffic,0,0,65535_65535,2,10,137,121,1,1,1,6,121,15,1,1,allocated
972,1385,low_traffic,0,0,65535_65535,2,5,137,100,0,1,0,5,0,15,1,1,pre_allocation
972,1385,low_traffic,0,0,65535_65535,2,5,137,121,1,1,1,6,121,15,1,1,allocated
972,1385,low_traffic,0,0,65535_65535,2,9,137,262,0,1,0,5,0,28,1,1,pre_allocation
972,1385,low_traffic,0,0,65535_65535,2,9,137,315,1,1,1,6,315,28,1,1,allocated
972,1385,low_traffic,0,0,65535_65535,2,8,137,262,0,1,0,5,0,28,1,1,pre_allocation
972,1385,low_traffic,0,0,65535_65535,2,8,137,315,1,1,1,6,315,28,1,1,allocated
972,1385,low_traffic,0,0,65535_65535,2,6,137,262,0,1,0,5,0,28,1,1,pre_allocation
972,1385,low_traffic,0,0,65535_65535,2,6,137,315,1,1,1,6,315,28,1,1,allocated
972,1385,low_traffic,0,0,65535_65535,2,10,137,121,0,1,0,6,0,15,1,1,pre_allocation
972,1385,low_traffic,0,0,65535_65535,2,10,137,142,1,1,1,7,142,15,1,1,allocated
972,1385,low_traffic,0,0,65535_65535,2,5,137,121,0,1,0,6,0,15,1,1,pre_allocation
972,1385,low_traffic,0,0,65535_65535,2,5,137,142,1,1,1,7,142,15,1,1,allocated
972,1385,low_traffic,0,0,65535_65535,2,9,137,315,0,1,0,6,0,28,1,1,pre_allocation
972,1385,low_traffic,0,0,65535_65535,2,9,137,368,1,1,1,7,368,28,1,1,allocated
972,1385,low_traffic,0,0,65535_65535,2,8,137,315,0,1,0,6,0,28,1,1,pre_allocation
972,1385,low_traffic,0,0,65535_65535,2,8,137,368,1,1,1,7,368,28,1,1,allocated
972,1385,low_traffic,0,0,65535_65535,2,6,137,315,0,1,0,6,0,28,1,1,pre_allocation
972,1385,low_traffic,0,0,65535_65535,2,6,137,368,1,1,1,7,368,28,1,1,allocated
972,1385,low_traffic,0,0,65535_65535,2,10,137,142,0,1,0,7,0,15,1,1,pre_allocation
972,1385,low_traffic,0,0,65535_65535,2,10,137,163,1,1,1,8,163,15,1,1,allocated
972,1385,low_traffic,0,0,65535_65535,2,5,137,142,0,1,0,7,0,15,1,1,pre_allocation
972,1385,low_traffic,0,0,65535_65535,2,5,137,163,1,1,1,8,163,15,1,1,allocated
972,1385,low_traffic,0,0,65535_65535,2,9,137,368,0,1,0,7,0,28,1,1,pre_allocation
972,1385,low_traffic,0,0,65535_65535,2,9,137,422,1,1,1,8,422,28,1,1,allocated
972,1385,low_traffic,0,0,65535_65535,2,8,137,368,0,1,0,7,0,28,1,1,pre_allocation
972,1385,low_traffic,0,0,65535_65535,2,8,137,422,1,1,1,8,422,28,1,1,allocated
972,1385,low_traffic,0,0,65535_65535,2,6,137,368,0,1,0,7,0,28,1,1,pre_allocation
972,1385,low_traffic,0,0,65535_65535,2,6,137,422,1,1,1,8,422,28,1,1,allocated
972,1385,low_traffic,0,0,65535_65535,2,10,137,163,0,1,0,8,0,15,1,1,pre_allocation
972,1385,low_traffic,0,0,65535_65535,2,10,137,184,1,1,1,9,184,15,1,1,allocated
972,1385,low_traffic,0,0,65535_65535,2,5,137,163,0,1,0,8,0,15,1,1,pre_allocation
972,1385,low_traffic,0,0,65535_65535,2,5,137,184,1,1,1,9,184,15,1,1,allocated
972,1385,low_traffic,0,0,65535_65535,2,9,137,422,0,1,0,8,0,28,1,1,pre_allocation
972,1385,low_traffic,0,0,65535_65535,2,9,137,475,1,1,1,9,475,28,1,1,allocated
972,1385,low_traffic,0,0,65535_65535,2,8,137,422,0,1,0,8,0,28,1,1,pre_allocation
972,1385,low_traffic,0,0,65535_65535,2,8,137,475,1,1,1,9,475,28,1,1,allocated
972,1385,low_traffic,0,0,65535_65535,2,6,137,422,0,1,0,8,0,28,1,1,pre_allocation
972,1385,low_traffic,0,0,65535_65535,2,6,137,475,1,1,1,9,475,28,1,1,allocated
972,1385,low_traffic,0,0,65535_65535,2,10,137,184,0,1,0,9,0,15,1,1,pre_allocation
972,1385,low_traffic,0,0,65535_65535,2,10,137,204,1,1,1,10,204,15,1,1,allocated
972,1385,low_traffic,0,0,65535_65535,2,5,137,184,0,1,0,9,0,15,1,1,pre_allocation
972,1385,low_traffic,0,0,65535_65535,2,5,137,204,1,1,1,10,204,15,1,1,allocated
972,1385,low_traffic,0,0,65535_65535,2,9,137,475,0,1,0,9,0,28,1,1,pre_allocation
972,1385,low_traffic,0,0,65535_65535,2,9,137,528,1,1,1,10,528,28,1,1,allocated
972,1385,low_traffic,0,0,65535_65535,2,8,137,475,0,1,0,9,0,28,1,1,pre_allocation
972,1385,low_traffic,0,0,65535_65535,2,8,137,528,1,1,1,10,528,28,1,1,allocated
972,1385,low_traffic,0,0,65535_65535,2,6,137,475,0,1,0,9,0,28,1,1,pre_allocation
972,1385,low_traffic,0,0,65535_65535,2,6,137,528,1,1,1,10,528,28,1,1,allocated
972,1385,low_traffic,0,0,65535_65535,2,10,137,204,0,1,0,10,0,15,1,1,pre_allocation
972,1385,low_traffic,0,0,65535_65535,2,10,137,225,1,1,1,11,225,15,1,1,allocated
972,1385,low_traffic,0,0,65535_65535,2,5,137,204,0,1,0,10,0,15,1,1,pre_allocation
972,1385,low_traffic,0,0,65535_65535,2,5,137,225,1,1,1,11,225,15,1,1,allocated
972,1385,low_traffic,0,0,65535_65535,2,9,137,528,0,1,0,10,0,28,1,1,pre_allocation
972,1385,low_traffic,0,0,65535_65535,2,9,137,581,1,1,1,11,581,28,1,1,allocated
1084,1483,low_traffic,0,0,65535_65535,0,2,1532884,0,0,1,0,0,0,14,1,1,pre_allocation
1084,1483,low_traffic,0,0,65535_65535,0,2,1532884,12,1,1,1,1,12,14,1,1,allocated
1084,1483,low_traffic,0,0,65535_65535,0,2,1532884,12,0,1,0,1,0,14,1,1,pre_allocation
1084,1483,low_traffic,0,0,65535_65535,0,2,1532884,28,1,1,1,2,28,14,1,1,allocated
1084,1483,low_traffic,0,0,65535_65535,0,2,1532884,28,0,1,0,2,0,14,1,1,pre_allocation
1084,1483,low_traffic,0,0,65535_65535,0,2,1532884,44,1,1,1,3,44,14,1,1,allocated
1084,1483,low_traffic,0,0,65535_65535,0,2,1532884,44,0,1,0,3,0,14,1,1,pre_allocation
1084,1483,low_traffic,0,0,65535_65535,0,2,1532884,60,1,1,1,4,60,14,1,1,allocated
1084,1483,low_traffic,0,0,65535_65535,0,2,1532884,60,0,1,0,4,0,14,1,1,pre_allocation
1084,1483,low_traffic,0,0,65535_65535,0,2,1532884,76,1,1,1,5,76,14,1,1,allocated
1084,1483,low_traffic,0,0,65535_65535,0,2,1532884,76,0,1,0,5,0,14,1,1,pre_allocation
1084,1483,low_traffic,0,0,65535_65535,0,2,1532884,92,1,1,1,6,92,14,1,1,allocated
1084,1483,low_traffic,0,0,65535_65535,0,2,1532884,92,0,1,0,6,0,14,1,1,pre_allocation
1084,1483,low_traffic,0,0,65535_65535,0,2,1532884,107,1,1,1,7,107,14,1,1,allocated
1084,1483,low_traffic,0,0,65535_65535,0,2,1532884,107,0,1,0,7,0,14,1,1,pre_allocation
1084,1483,low_traffic,0,0,65535_65535,0,2,1532884,123,1,1,1,8,123,14,1,1,allocated
1084,1483,low_traffic,0,0,65535_65535,0,2,1532884,123,0,1,0,8,0,14,1,1,pre_allocation
1084,1483,low_traffic,0,0,65535_65535,0,2,1532884,139,1,1,1,9,139,14,1,1,allocated
1084,1483,low_traffic,0,0,65535_65535,0,2,1532884,139,0,1,0,9,0,14,1,1,pre_allocation
1084,1483,low_traffic,0,0,65535_65535,0,2,1532884,155,1,1,1,10,155,14,1,1,allocated
1084,1483,low_traffic,0,0,65535_65535,0,2,1532884,155,0,1,0,10,0,14,1,1,pre_allocation
1084,1483,low_traffic,0,0,65535_65535,0,2,1532884,171,1,1,1,11,171,14,1,1,allocated
1084,1483,low_traffic,0,0,65535_65535,0,2,1532884,171,0,1,0,11,0,14,1,1,pre_allocation
1084,1483,low_traffic,0,0,65535_65535,0,2,1532884,187,1,1,1,12,187,14,1,1,allocated
1084,1483,low_traffic,0,0,65535_65535,0,2,1532884,187,0,1,0,12,0,14,1,1,pre_allocation
1084,1483,low_traffic,0,0,65535_65535,0,2,1532884,202,1,1,1,13,202,14,1,1,allocated
1084,1483,low_traffic,0,0,65535_65535,0,2,1532884,202,0,1,0,13,0,14,1,1,pre_allocation
1084,1483,low_traffic,0,0,65535_65535,0,2,1532884,218,1,1,1,14,218,14,1,1,allocated
1084,1483,low_traffic,0,0,65535_65535,0,2,1532884,218,0,1,0,14,0,14,1,1,pre_allocation
1084,1483,low_traffic,0,0,65535_65535,0,2,1532884,234,1,1,1,15,234,14,1,1,allocated
1084,1483,low_traffic,0,0,65535_65535,0,2,1532884,234,0,1,0,15,0,14,1,1,pre_allocation
1084,1483,low_traffic,0,0,65535_65535,0,2,1532884,250,1,1,1,16,250,14,1,1,allocated
1084,1483,low_traffic,0,0,65535_65535,0,2,1532884,250,0,1,0,16,0,14,1,1,pre_allocation
1084,1483,low_traffic,0,0,65535_65535,0,2,1532884,266,1,1,1,17,266,14,1,1,allocated
1084,1483,low_traffic,0,0,65535_65535,0,2,1532884,266,0,1,0,17,0,14,1,1,pre_allocation
1084,1483,low_traffic,0,0,65535_65535,0,2,1532884,282,1,1,1,18,282,14,1,1,allocated
1084,1483,low_traffic,0,0,65535_65535,0,2,1532884,282,0,1,0,18,0,14,1,1,pre_allocation
1084,1483,low_traffic,0,0,65535_65535,0,2,1532884,297,1,1,1,19,297,14,1,1,allocated
1084,1483,low_traffic,0,0,65535_65535,0,2,1532884,297,0,1,0,19,0,14,1,1,pre_allocation
1084,1483,low_traffic,0,0,65535_65535,0,2,1532884,313,1,1,1,20,313,14,1,1,allocated
1084,1483,low_traffic,0,0,65535_65535,0,2,1532884,313,0,1,0,20,0,14,1,1,pre_allocation
1084,1483,low_traffic,0,0,65535_65535,0,2,1532884,329,1,1,1,21,329,14,1,1,allocated
1084,1483,low_traffic,0,0,65535_65535,0,2,1532884,329,0,1,0,21,0,14,1,1,pre_allocation
1084,1483,low_traffic,0,0,65535_65535,0,2,1532884,345,1,1,1,22,345,14,1,1,allocated
1084,1483,low_traffic,0,0,65535_65535,0,2,1532884,345,0,1,0,22,0,14,1,1,pre_allocation
1084,1483,low_traffic,0,0,65535_65535,0,2,1532884,361,1,1,1,23,361,14,1,1,allocated
1084,1483,low_traffic,0,0,65535_65535,0,2,1532884,361,0,1,0,23,0,14,1,1,pre_allocation
1084,1483,low_traffic,0,0,65535_65535,0,2,1532884,377,1,1,1,24,377,14,1,1,allocated
1084,1483,low_traffic,0,0,65535_65535,0,2,1532884,377,0,1,0,24,0,14,1,1,pre_allocation
1084,1483,low_traffic,0,0,65535_65535,0,2,1532884,393,1,1,1,25,393,14,1,1,allocated
1084,1483,low_traffic,0,0,65535_65535,0,2,1532884,393,0,1,0,25,0,14,1,1,pre_allocation
1084,1483,low_traffic,0,0,65535_65535,0,2,1532884,408,1,1,1,26,408,14,1,1,allocated
1084,1483,low_traffic,0,0,65535_65535,0,2,1532884,408,0,1,0,26,0,14,1,1,pre_allocation
1084,1483,low_traffic,0,0,65535_65535,0,2,1532884,424,1,1,1,27,424,14,1,1,allocated
1084,1483,low_traffic,0,0,65535_65535,0,2,1532884,424,0,1,0,27,0,14,1,1,pre_allocation
1084,1483,low_traffic,0,0,65535_65535,0,2,1532884,440,1,1,1,28,440,14,1,1,allocated
1084,1483,low_traffic,0,0,65535_65535,0,2,1532884,440,0,1,0,28,0,14,1,1,pre_allocation
1084,1483,low_traffic,0,0,65535_65535,0,2,1532884,456,1,1,1,29,456,14,1,1,allocated
1084,1483,low_traffic,0,0,65535_65535,0,2,1532884,456,0,1,0,29,0,14,1,1,pre_allocation
1084,1483,low_traffic,0,0,65535_65535,0,2,1532884,472,1,1,1,30,472,14,1,1,allocated
1084,1483,low_traffic,0,0,65535_65535,0,2,1532884,472,0,1,0,30,0,14,1,1,pre_allocation
1084,1483,low_traffic,0,0,65535_65535,0,2,1532884,488,1,1,1,31,488,14,1,1,allocated
1084,1483,low_traffic,0,0,65535_65535,0,2,1532884,488,0,1,0,31,0,14,1,1,pre_allocation
1084,1483,low_traffic,0,0,65535_65535,0,2,1532884,503,1,1,1,32,503,14,1,1,allocated
1084,1483,low_traffic,0,0,65535_65535,0,2,1532884,503,0,1,0,32,0,14,1,1,pre_allocation
1084,1483,low_traffic,0,0,65535_65535,0,2,1532884,519,1,1,1,33,519,14,1,1,allocated
1084,1483,low_traffic,0,0,65535_65535,0,2,1532884,519,0,1,0,33,0,14,1,1,pre_allocation
1084,1483,low_traffic,0,0,65535_65535,0,2,1532884,535,1,1,1,34,535,14,1,1,allocated
1084,1483,low_traffic,0,0,65535_65535,0,2,1532884,535,0,1,0,34,0,14,1,1,pre_allocation
1084,1483,low_traffic,0,0,65535_65535,0,2,1532884,551,1,1,1,35,551,14,1,1,allocated
1084,1483,low_traffic,0,0,65535_65535,0,2,1532884,551,0,1,0,35,0,14,1,1,pre_allocation
1084,1483,low_traffic,0,0,65535_65535,0,2,1532884,567,1,1,1,36,567,14,1,1,allocated
1084,1483,low_traffic,0,0,65535_65535,0,2,1532884,567,0,1,0,36,0,14,1,1,pre_allocation
1084,1483,low_traffic,0,0,65535_65535,0,2,1532884,583,1,1,1,37,583,14,1,1,allocated
1084,1483,low_traffic,0,0,65535_65535,0,2,1532884,583,0,1,0,37,0,14,1,1,pre_allocation
1084,1483,low_traffic,0,0,65535_65535,0,2,1532884,598,1,1,1,38,598,14,1,1,allocated
1084,1483,low_traffic,0,0,65535_65535,0,2,1532884,598,0,1,0,38,0,14,1,1,pre_allocation
1084,1483,low_traffic,0,0,65535_65535,0,2,1532884,614,1,1,1,39,614,14,1,1,allocated
1084,1483,low_traffic,0,0,65535_65535,0,2,1532884,614,0,1,0,39,0,14,1,1,pre_allocation
1084,1483,low_traffic,0,0,65535_65535,0,2,1532884,630,1,1,1,40,630,14,1,1,allocated
1084,1483,low_traffic,0,0,65535_65535,0,2,1532884,630,0,1,0,40,0,14,1,1,pre_allocation
1084,1483,low_traffic,0,0,65535_65535,0,2,1532884,646,1,1,1,41,646,14,1,1,allocated
1084,1483,low_traffic,0,0,65535_65535,0,2,1532884,646,0,1,0,41,0,14,1,1,pre_allocation
1084,1483,low_traffic,0,0,65535_65535,0,2,1532884,662,1,1,1,42,662,14,1,1,allocated
1084,1483,low_traffic,0,0,65535_65535,0,2,1532884,662,0,1,0,42,0,14,1,1,pre_allocation
1084,1483,low_traffic,0,0,65535_65535,0,2,1532884,678,1,1,1,43,678,14,1,1,allocated
1084,1483,low_traffic,0,0,65535_65535,0,2,1532884,678,0,1,0,43,0,14,1,1,pre_allocation
1084,1483,low_traffic,0,0,65535_65535,0,2,1532884,693,1,1,1,44,693,14,1,1,allocated
1084,1483,low_traffic,0,0,65535_65535,0,2,1532884,693,0,1,0,44,0,14,1,1,pre_allocation
1084,1483,low_traffic,0,0,65535_65535,0,2,1532884,709,1,1,1,45,709,14,1,1,allocated
1084,1483,low_traffic,0,0,65535_65535,0,2,1532884,709,0,1,0,45,0,14,1,1,pre_allocation
1084,1483,low_traffic,0,0,65535_65535,0,2,1532884,725,1,1,1,46,725,14,1,1,allocated
1084,1483,low_traffic,0,0,65535_65535,0,2,1532884,725,0,1,0,46,0,14,1,1,pre_allocation
1084,1483,low_traffic,0,0,65535_65535,0,2,1532884,741,1,1,1,47,741,14,1,1,allocated
1084,1483,low_traffic,0,0,65535_65535,0,2,1532884,741,0,1,0,47,0,14,1,1,pre_allocation
1084,1483,low_traffic,0,0,65535_65535,0,2,1532884,757,1,1,1,48,757,14,1,1,allocated
1084,1483,low_traffic,0,0,65535_65535,0,2,1532884,757,0,1,0,48,0,14,1,1,pre_allocation
1084,1483,low_traffic,0,0,65535_65535,0,2,1532884,773,1,1,1,49,773,14,1,1,allocated
1084,1483,low_traffic,0,0,65535_65535,0,2,1532884,773,0,1,0,49,0,14,1,1,pre_allocation
1084,1483,low_traffic,0,0,65535_65535,0,2,1532884,789,1,1,1,50,789,14,1,1,allocated
1084,1483,low_traffic,0,0,65535_65535,0,2,1532884,789,0,1,0,50,0,14,1,1,pre_allocation
1084,1483,low_traffic,0,0,65535_65535,0,2,1532884,804,1,1,1,51,804,14,1,1,allocated
1084,1483,low_traffic,0,0,65535_65535,0,2,1532884,804,0,1,0,51,0,14,1,1,pre_allocation
1084,1483,low_traffic,0,0,65535_65535,0,2,1532884,820,1,1,1,52,820,14,1,1,allocated
1084,1483,low_traffic,0,0,65535_65535,0,2,1532884,820,0,1,0,52,0,14,1,1,pre_allocation
1084,1483,low_traffic,0,0,65535_65535,0,2,1532884,836,1,1,1,53,836,14,1,1,allocated
1084,1483,low_traffic,0,0,65535_65535,0,2,1532884,836,0,1,0,53,0,14,1,1,pre_allocation
1084,1483,low_traffic,0,0,65535_65535,0,2,1532884,852,1,1,1,54,852,14,1,1,allocated
1084,1483,low_traffic,0,0,65535_65535,0,2,1532884,852,0,1,0,54,0,14,1,1,pre_allocation
1084,1483,low_traffic,0,0,65535_65535,0,2,1532884,868,1,1,1,55,868,14,1,1,allocated
1084,1483,low_traffic,0,0,65535_65535,0,2,1532884,868,0,1,0,55,0,14,1,1,pre_allocation
1084,1483,low_traffic,0,0,65535_65535,0,2,1532884,884,1,1,1,56,884,14,1,1,allocated
1084,1483,low_traffic,0,0,65535_65535,0,2,1532884,884,0,1,0,56,0,14,1,1,pre_allocation
1084,1483,low_traffic,0,0,65535_65535,0,2,1532884,899,1,1,1,57,899,14,1,1,allocated
1084,1483,low_traffic,0,0,65535_65535,0,2,1532884,899,0,1,0,57,0,14,1,1,pre_allocation
1084,1483,low_traffic,0,0,65535_65535,0,2,1532884,915,1,1,1,58,915,14,1,1,allocated
1084,1483,low_traffic,0,0,65535_65535,0,2,1532884,915,0,1,0,58,0,14,1,1,pre_allocation
1084,1483,low_traffic,0,0,65535_65535,0,2,1532884,931,1,1,1,59,931,14,1,1,allocated
1084,1483,low_traffic,0,0,65535_65535,0,2,1532884,931,0,1,0,59,0,14,1,1,pre_allocation
1084,1483,low_traffic,0,0,65535_65535,0,2,1532884,947,1,1,1,60,947,14,1,1,allocated
1084,1483,low_traffic,0,0,65535_65535,0,2,1532884,947,0,1,0,60,0,14,1,1,pre_allocation
1084,1483,low_traffic,0,0,65535_65535,0,2,1532884,963,1,1,1,61,963,14,1,1,allocated
1084,1483,low_traffic,0,0,65535_65535,0,2,1532884,963,0,1,0,61,0,14,1,1,pre_allocation
1084,1483,low_traffic,0,0,65535_65535,0,2,1532884,979,1,1,1,62,979,14,1,1,allocated
1084,1483,low_traffic,0,0,65535_65535,0,2,1532884,979,0,1,0,62,0,14,1,1,pre_allocation
1084,1483,low_traffic,0,0,65535_65535,0,2,1532884,994,1,1,1,63,994,14,1,1,allocated
1084,1483,low_traffic,0,0,65535_65535,0,2,1532884,994,0,1,0,63,0,14,1,1,pre_allocation
1084,1483,low_traffic,0,0,65535_65535,0,2,1532884,1010,1,1,1,64,1010,14,1,1,allocated
1084,1483,low_traffic,0,0,65535_65535,0,2,1532884,1010,0,1,0,64,0,14,1,1,pre_allocation
1084,1483,low_traffic,0,0,65535_65535,0,2,1532884,1026,1,1,1,65,1026,14,1,1,allocated
1084,1483,low_traffic,0,0,65535_65535,0,2,1532884,1026,0,1,0,65,0,14,1,1,pre_allocation
1084,1483,low_traffic,0,0,65535_65535,0,2,1532884,1042,1,1,1,66,1042,14,1,1,allocated
1084,1483,low_traffic,0,0,65535_65535,0,2,1532884,1042,0,1,0,66,0,14,1,1,pre_allocation
1084,1483,low_traffic,0,0,65535_65535,0,2,1532884,1058,1,1,1,67,1058,14,1,1,allocated
1084,1483,low_traffic,0,0,65535_65535,0,2,1532884,1058,0,1,0,67,0,14,1,1,pre_allocation
1084,1483,low_traffic,0,0,65535_65535,0,2,1532884,1074,1,1,1,68,1074,14,1,1,allocated
1084,1483,low_traffic,0,0,65535_65535,0,2,1532884,1074,0,1,0,68,0,14,1,1,pre_allocation
1084,1483,low_traffic,0,0,65535_65535,0,2,1532884,1089,1,1,1,69,1089,14,1,1,allocated
1084,1483,low_traffic,0,0,65535_65535,0,2,1532884,1089,0,1,0,69,0,14,1,1,pre_allocation
1084,1483,low_traffic,0,0,65535_65535,0,2,1532884,1105,1,1,1,70,1105,14,1,1,allocated
1084,1483,low_traffic,0,0,65535_65535,0,2,1532884,1105,0,1,0,70,0,14,1,1,pre_allocation
1084,1483,low_traffic,0,0,65535_65535,0,2,1532884,1121,1,1,1,71,1121,14,1,1,allocated
1084,1483,low_traffic,0,0,65535_65535,0,2,1532884,1121,0,1,0,71,0,14,1,1,pre_allocation
1084,1483,low_traffic,0,0,65535_65535,0,2,1532884,1137,1,1,1,72,1137,14,1,1,allocated
1084,1483,low_traffic,0,0,65535_65535,0,2,1532884,1137,0,1,0,72,0,14,1,1,pre_allocation
1084,1483,low_traffic,0,0,65535_65535,0,2,1532884,1153,1,1,1,73,1153,14,1,1,allocated
1084,1483,low_traffic,0,0,65535_65535,0,2,1532884,1153,0,1,0,73,0,14,1,1,pre_allocation
1084,1483,low_traffic,0,0,65535_65535,0,2,1532884,1169,1,1,1,74,1169,14,1,1,allocated
1084,1483,low_traffic,0,0,65535_65535,0,2,1532884,1169,0,1,0,74,0,14,1,1,pre_allocation
1084,1483,low_traffic,0,0,65535_65535,0,2,1532884,1185,1,1,1,75,1185,14,1,1,allocated
1084,1483,low_traffic,0,0,65535_65535,0,2,1532884,1185,0,1,0,75,0,14,1,1,pre_allocation
1084,1483,low_traffic,0,0,65535_65535,0,2,1532884,1200,1,1,1,76,1200,14,1,1,allocated
1084,1483,low_traffic,0,0,65535_65535,0,2,1532884,1200,0,1,0,76,0,14,1,1,pre_allocation
1084,1483,low_traffic,0,0,65535_65535,0,2,1532884,1216,1,1,1,77,1216,14,1,1,allocated
1084,1483,low_traffic,0,0,65535_65535,0,2,1532884,1216,0,1,0,77,0,14,1,1,pre_allocation
1084,1483,low_traffic,0,0,65535_65535,0,2,1532884,1232,1,1,1,78,1232,14,1,1,allocated
1084,1483,low_traffic,0,0,65535_65535,0,2,1532884,1232,0,1,0,78,0,14,1,1,pre_allocation
1084,1483,low_traffic,0,0,65535_65535,0,2,1532884,1248,1,1,1,79,1248,14,1,1,allocated
1084,1483,low_traffic,0,0,65535_65535,0,2,1532884,1248,0,1,0,79,0,14,1,1,pre_allocation
1084,1483,low_traffic,0,0,65535_65535,0,2,1532884,1264,1,1,1,80,1264,14,1,1,allocated
1084,1483,low_traffic,0,0,65535_65535,0,2,1532884,1264,0,1,0,80,0,14,1,1,pre_allocation
1084,1483,low_traffic,0,0,65535_65535,0,2,1532884,1280,1,1,1,81,1280,14,1,1,allocated
1084,1483,low_traffic,0,0,65535_65535,0,2,1532884,1280,0,1,0,81,0,14,1,1,pre_allocation
1084,1483,low_traffic,0,0,65535_65535,0,2,1532884,1295,1,1,1,82,1295,14,1,1,allocated
1084,1483,low_traffic,0,0,65535_65535,0,2,1532884,1295,0,1,0,82,0,14,1,1,pre_allocation
1084,1483,low_traffic,0,0,65535_65535,0,2,1532884,1311,1,1,1,83,1311,14,1,1,allocated
1084,1483,low_traffic,0,0,65535_65535,0,2,1532884,1311,0,1,0,83,0,14,1,1,pre_allocation
1084,1483,low_traffic,0,0,65535_65535,0,2,1532884,1327,1,1,1,84,1327,14,1,1,allocated
1084,1483,low_traffic,0,0,65535_65535,0,2,1532884,1327,0,1,0,84,0,14,1,1,pre_allocation
1084,1483,low_traffic,0,0,65535_65535,0,2,1532884,1343,1,1,1,85,1343,14,1,1,allocated
1084,1483,low_traffic,0,0,65535_65535,0,2,1532884,1343,0,1,0,85,0,14,1,1,pre_allocation
1084,1483,low_traffic,0,0,65535_65535,0,2,1532884,1359,1,1,1,86,1359,14,1,1,allocated
1084,1483,low_traffic,0,0,65535_65535,0,2,1532884,1359,0,1,0,86,0,14,1,1,pre_allocation
1084,1483,low_traffic,0,0,65535_65535,0,2,1532884,1375,1,1,1,87,1375,14,1,1,allocated
1084,1483,low_traffic,0,0,65535_65535,0,2,1532884,1375,0,1,0,87,0,14,1,1,pre_allocation
1084,1483,low_traffic,0,0,65535_65535,0,2,1532884,1390,1,1,1,88,1390,14,1,1,allocated
1084,1483,low_traffic,0,0,65535_65535,0,2,1532884,1390,0,1,0,88,0,14,1,1,pre_allocation
1084,1483,low_traffic,0,0,65535_65535,0,2,1532884,1406,1,1,1,89,1406,14,1,1,allocated
1084,1483,low_traffic,0,0,65535_65535,0,2,1532884,1406,0,1,0,89,0,14,1,1,pre_allocation
1084,1483,low_traffic,0,0,65535_65535,0,2,1532884,1422,1,1,1,90,1422,14,1,1,allocated
1084,1483,low_traffic,0,0,65535_65535,0,2,1532884,1422,0,1,0,90,0,14,1,1,pre_allocation
1084,1483,low_traffic,0,0,65535_65535,0,2,1532884,1438,1,1,1,91,1438,14,1,1,allocated
1084,1483,low_traffic,0,0,65535_65535,0,2,1532884,1438,0,1,0,91,0,14,1,1,pre_allocation
1084,1483,low_traffic,0,0,65535_65535,0,2,1532884,1454,1,1,1,92,1454,14,1,1,allocated
1084,1483,low_traffic,0,0,65535_65535,0,2,1532884,1454,0,1,0,92,0,14,1,1,pre_allocation
1084,1483,low_traffic,0,0,65535_65535,0,2,1532884,1470,1,1,1,93,1470,14,1,1,allocated
1084,1483,low_traffic,0,0,65535_65535,0,2,1532884,1470,0,1,0,93,0,14,1,1,pre_allocation
1084,1483,low_traffic,0,0,65535_65535,0,2,1532884,1485,1,1,1,94,1485,14,1,1,allocated
1084,1483,low_traffic,0,0,65535_65535,0,2,1532884,1485,0,1,0,94,0,14,1,1,pre_allocation
1084,1483,low_traffic,0,0,65535_65535,0,2,1532884,1501,1,1,1,95,1501,14,1,1,allocated
1084,1483,low_traffic,0,0,65535_65535,0,2,1532884,1501,0,1,0,95,0,14,1,1,pre_allocation
1084,1483,low_traffic,0,0,65535_65535,0,2,1532884,1517,1,1,1,96,1517,14,1,1,allocated
1084,1483,low_traffic,0,0,65535_65535,0,2,1532884,1517,0,1,0,96,0,14,1,1,pre_allocation
1084,1483,low_traffic,0,0,65535_65535,0,2,1532884,1533,1,1,1,97,1533,14,1,1,allocated
1084,1483,low_traffic,0,0,65535_65535,0,2,1532884,1533,0,1,0,97,0,14,1,1,pre_allocation
1084,1483,low_traffic,0,0,65535_65535,0,2,1532884,1546,1,1,1,98,1546,14,1,1,allocated
1084,1483,low_traffic,0,0,65535_65535,0,2,1532884,1546,0,1,0,98,0,14,1,1,pre_allocation
1084,1483,low_traffic,0,0,65535_65535,0,2,1532884,1562,1,1,1,99,1562,14,1,1,allocated
1084,1483,low_traffic,0,0,65535_65535,0,2,1532884,1562,0,1,0,99,0,14,1,1,pre_allocation
1084,1483,low_traffic,0,0,65535_65535,0,2,1532884,1578,1,1,1,100,1578,14,1,1,allocated
1084,1483,low_traffic,0,0,65535_65535,0,2,1532884,1578,0,1,0,100,0,14,1,1,pre_allocation
1084,1483,low_traffic,0,0,65535_65535,0,2,1532884,1593,1,1,1,101,1593,14,1,1,allocated
1084,1483,low_traffic,0,0,65535_65535,0,2,1532884,1593,0,1,0,101,0,14,1,1,pre_allocation
1084,1483,low_traffic,0,0,65535_65535,0,2,1532884,1609,1,1,1,102,1609,14,1,1,allocated
1084,1483,low_traffic,0,0,65535_65535,0,2,1532884,1609,0,1,0,102,0,14,1,1,pre_allocation
1084,1483,low_traffic,0,0,65535_65535,0,2,1532884,1625,1,1,1,103,1625,14,1,1,allocated
1084,1483,low_traffic,0,0,65535_65535,0,2,1532884,1625,0,1,0,103,0,14,1,1,pre_allocation
1084,1483,low_traffic,0,0,65535_65535,0,2,1532884,1641,1,1,1,104,1641,14,1,1,allocated
1084,1483,low_traffic,0,0,65535_65535,0,2,1532884,1641,0,1,0,104,0,14,1,1,pre_allocation
1084,1483,low_traffic,0,0,65535_65535,0,2,1532884,1657,1,1,1,105,1657,14,1,1,allocated
1084,1483,low_traffic,0,0,65535_65535,0,2,1532884,1657,0,1,0,105,0,14,1,1,pre_allocation
1084,1483,low_traffic,0,0,65535_65535,0,2,1532884,1673,1,1,1,106,1673,14,1,1,allocated
1084,1483,low_traffic,0,0,65535_65535,0,2,1532884,1673,0,1,0,106,0,14,1,1,pre_allocation
1084,1483,low_traffic,0,0,65535_65535,0,2,1532884,1688,1,1,1,107,1688,14,1,1,allocated
1084,1483,low_traffic,0,0,65535_65535,0,2,1532884,1688,0,1,0,107,0,14,1,1,pre_allocation
1084,1483,low_traffic,0,0,65535_65535,0,2,1532884,1704,1,1,1,108,1704,14,1,1,allocated
1084,1483,low_traffic,0,0,65535_65535,0,2,1532884,1704,0,1,0,108,0,14,1,1,pre_allocation
1084,1483,low_traffic,0,0,65535_65535,0,2,1532884,1720,1,1,1,109,1720,14,1,1,allocated
1084,1483,low_traffic,0,0,65535_65535,0,2,1532884,1720,0,1,0,109,0,14,1,1,pre_allocation
1084,1483,low_traffic,0,0,65535_65535,0,2,1532884,1736,1,1,1,110,1736,14,1,1,allocated
1084,1483,low_traffic,0,0,65535_65535,0,2,1532884,1736,0,1,0,110,0,14,1,1,pre_allocation
1084,1483,low_traffic,0,0,65535_65535,0,2,1532884,1752,1,1,1,111,1752,14,1,1,allocated
1084,1483,low_traffic,0,0,65535_65535,0,2,1532884,1752,0,1,0,111,0,14,1,1,pre_allocation
1084,1483,low_traffic,0,0,65535_65535,0,2,1532884,1768,1,1,1,112,1768,14,1,1,allocated
1084,1483,low_traffic,0,0,65535_65535,0,2,1532884,1768,0,1,0,112,0,14,1,1,pre_allocation
1084,1483,low_traffic,0,0,65535_65535,0,2,1532884,1783,1,1,1,113,1783,14,1,1,allocated
1084,1483,low_traffic,0,0,65535_65535,0,2,1532884,1783,0,1,0,113,0,14,1,1,pre_allocation
1084,1483,low_traffic,0,0,65535_65535,0,2,1532884,1799,1,1,1,114,1799,14,1,1,allocated
1084,1483,low_traffic,0,0,65535_65535,0,2,1532884,1799,0,1,0,114,0,14,1,1,pre_allocation
1084,1483,low_traffic,0,0,65535_65535,0,2,1532884,1815,1,1,1,115,1815,14,1,1,allocated
1084,1483,low_traffic,0,0,65535_65535,0,2,1532884,1815,0,1,0,115,0,14,1,1,pre_allocation
1084,1483,low_traffic,0,0,65535_65535,0,2,1532884,1831,1,1,1,116,1831,14,1,1,allocated
1084,1483,low_traffic,0,0,65535_65535,0,2,1532884,1831,0,1,0,116,0,14,1,1,pre_allocation
1084,1483,low_traffic,0,0,65535_65535,0,2,1532884,1847,1,1,1,117,1847,14,1,1,allocated
1084,1483,low_traffic,0,0,65535_65535,0,2,1532884,1847,0,1,0,117,0,14,1,1,pre_allocation
1084,1483,low_traffic,0,0,65535_65535,0,2,1532884,1863,1,1,1,118,1863,14,1,1,allocated
1084,1483,low_traffic,0,0,65535_65535,0,2,1532884,1863,0,1,0,118,0,14,1,1,pre_allocation
1084,1483,low_traffic,0,0,65535_65535,0,2,1532884,1878,1,1,1,119,1878,14,1,1,allocated
1084,1483,low_traffic,0,0,65535_65535,0,2,1532884,1878,0,1,0,119,0,14,1,1,pre_allocation
1084,1483,low_traffic,0,0,65535_65535,0,2,1532884,1894,1,1,1,120,1894,14,1,1,allocated
1084,1483,low_traffic,0,0,65535_65535,0,2,1532884,1894,0,1,0,120,0,14,1,1,pre_allocation
1084,1483,low_traffic,0,0,65535_65535,0,2,1532884,1910,1,1,1,121,1910,14,1,1,allocated
1084,1483,low_traffic,0,0,65535_65535,0,2,1532884,1910,0,1,0,121,0,14,1,1,pre_allocation
1084,1483,low_traffic,0,0,65535_65535,0,2,1532884,1926,1,1,1,122,1926,14,1,1,allocated
1084,1483,low_traffic,0,0,65535_65535,0,2,1532884,1926,0,1,0,122,0,14,1,1,pre_allocation
1084,1483,low_traffic,0,0,65535_65535,0,2,1532884,1942,1,1,1,123,1942,14,1,1,allocated
1084,1483,low_traffic,0,0,65535_65535,0,2,1532884,1942,0,1,0,123,0,14,1,1,pre_allocation
1084,1483,low_traffic,0,0,65535_65535,0,2,1532884,1958,1,1,1,124,1958,14,1,1,allocated
1084,1483,low_traffic,0,0,65535_65535,0,2,1532884,1958,0,1,0,124,0,14,1,1,pre_allocation
1084,1483,low_traffic,0,0,65535_65535,0,2,1532884,1974,1,1,1,125,1974,14,1,1,allocated
1084,1483,low_traffic,0,0,65535_65535,0,2,1532884,1974,0,1,0,125,0,14,1,1,pre_allocation
1084,1483,low_traffic,0,0,65535_65535,0,2,1532884,1989,1,1,1,126,1989,14,1,1,allocated
1084,1483,low_traffic,0,0,65535_65535,0,2,1532884,1989,0,1,0,126,0,14,1,1,pre_allocation
1084,1483,low_traffic,0,0,65535_65535,0,2,1532884,2005,1,1,1,127,2005,14,1,1,allocated
1084,1483,low_traffic,0,0,65535_65535,0,2,1532884,2005,0,1,0,127,0,14,1,1,pre_allocation
1084,1483,low_traffic,0,0,65535_65535,0,2,1532884,2021,1,1,1,128,2021,14,1,1,allocated
1084,1483,low_traffic,0,0,65535_65535,0,2,1532884,2021,0,1,0,128,0,14,1,1,pre_allocation
1084,1483,low_traffic,0,0,65535_65535,0,2,1532884,2037,1,1,1,129,2037,14,1,1,allocated
1084,1483,low_traffic,0,0,65535_65535,0,2,1532884,2037,0,1,0,129,0,14,1,1,pre_allocation
1084,1483,low_traffic,0,0,65535_65535,0,2,1532884,2053,1,1,1,130,2053,14,1,1,allocated
1084,1483,low_traffic,0,0,65535_65535,0,2,1532884,2053,0,1,0,130,0,14,1,1,pre_allocation
1084,1483,low_traffic,0,0,65535_65535,0,2,1532884,2069,1,1,1,131,2069,14,1,1,allocated
1084,1483,low_traffic,0,0,65535_65535,0,2,1532884,2069,0,1,0,131,0,14,1,1,pre_allocation
1084,1483,low_traffic,0,0,65535_65535,0,2,1532884,2084,1,1,1,132,2084,14,1,1,allocated
1084,1483,low_traffic,0,0,65535_65535,0,2,1532884,2084,0,1,0,132,0,14,1,1,pre_allocation
1084,1483,low_traffic,0,0,65535_65535,0,2,1532884,2100,1,1,1,133,2100,14,1,1,allocated
1084,1483,low_traffic,0,0,65535_65535,0,2,1532884,2100,0,1,0,133,0,14,1,1,pre_allocation
1084,1483,low_traffic,0,0,65535_65535,0,2,1532884,2116,1,1,1,134,2116,14,1,1,allocated
1084,1483,low_traffic,0,0,65535_65535,0,2,1532884,2116,0,1,0,134,0,14,1,1,pre_allocation
1084,1483,low_traffic,0,0,65535_65535,0,2,1532884,2132,1,1,1,135,2132,14,1,1,allocated
1084,1483,low_traffic,0,0,65535_65535,0,2,1532884,2132,0,1,0,135,0,14,1,1,pre_allocation
1084,1483,low_traffic,0,0,65535_65535,0,2,1532884,2148,1,1,1,136,2148,14,1,1,allocated
1084,1483,low_traffic,0,0,65535_65535,0,2,1532884,2148,0,1,0,136,0,14,1,1,pre_allocation
1084,1483,low_traffic,0,0,65535_65535,0,2,1532884,2164,1,1,1,137,2164,14,1,1,allocated
1084,1483,low_traffic,0,0,65535_65535,0,2,1532884,2164,0,1,0,137,0,14,1,1,pre_allocation
1084,1483,low_traffic,0,0,65535_65535,0,2,1532884,2179,1,1,1,138,2179,14,1,1,allocated
1084,1483,low_traffic,0,0,65535_65535,0,2,1532884,2179,0,1,0,138,0,14,1,1,pre_allocation
1084,1483,low_traffic,0,0,65535_65535,0,2,1532884,2195,1,1,1,139,2195,14,1,1,allocated
1084,1483,low_traffic,0,0,65535_65535,0,2,1532884,2195,0,1,0,139,0,14,1,1,pre_allocation
1084,1483,low_traffic,0,0,65535_65535,0,2,1532884,2211,1,1,1,140,2211,14,1,1,allocated
1084,1483,low_traffic,0,0,65535_65535,0,2,1532884,2211,0,1,0,140,0,14,1,1,pre_allocation
1084,1483,low_traffic,0,0,65535_65535,0,2,1532884,2227,1,1,1,141,2227,14,1,1,allocated
1084,1483,low_traffic,0,0,65535_65535,0,2,1532884,2227,0,1,0,141,0,14,1,1,pre_allocation
1084,1483,low_traffic,0,0,65535_65535,0,2,1532884,2243,1,1,1,142,2243,14,1,1,allocated
1084,1483,low_traffic,0,0,65535_65535,0,2,1532884,2243,0,1,0,142,0,14,1,1,pre_allocation
1084,1483,low_traffic,0,0,65535_65535,0,2,1532884,2259,1,1,1,143,2259,14,1,1,allocated
1084,1483,low_traffic,0,0,65535_65535,0,2,1532884,2259,0,1,0,143,0,14,1,1,pre_allocation
1084,1483,low_traffic,0,0,65535_65535,0,2,1532884,2274,1,1,1,144,2274,14,1,1,allocated
1084,1483,low_traffic,0,0,65535_65535,0,2,1532884,2274,0,1,0,144,0,14,1,1,pre_allocation
1084,1483,low_traffic,0,0,65535_65535,0,2,1532884,2290,1,1,1,145,2290,14,1,1,allocated
1084,1483,low_traffic,0,0,65535_65535,0,2,1532884,2290,0,1,0,145,0,14,1,1,pre_allocation
1084,1483,low_traffic,0,0,65535_65535,0,2,1532884,2303,1,1,1,146,2303,14,1,1,allocated
1084,1483,low_traffic,0,0,65535_65535,0,2,1532884,2303,0,1,0,146,0,14,1,1,pre_allocation
1084,1483,low_traffic,0,0,65535_65535,0,2,1532884,2319,1,1,1,147,2319,14,1,1,allocated
1084,1483,low_traffic,0,0,65535_65535,0,2,1532884,2319,0,1,0,147,0,14,1,1,pre_allocation
1084,1483,low_traffic,0,0,65535_65535,0,2,1532884,2335,1,1,1,148,2335,14,1,1,allocated
1084,1483,low_traffic,0,0,65535_65535,1,4,251,0,0,1,0,0,0,2,1,1,pre_allocation
1084,1483,low_traffic,0,0,65535_65535,1,4,251,1,1,1,1,1,1,2,1,1,allocated
1084,1483,low_traffic,0,0,65535_65535,1,3,251,0,0,1,0,0,0,14,1,1,pre_allocation
1084,1483,low_traffic,0,0,65535_65535,1,3,251,12,1,1,1,1,12,14,1,1,allocated
1084,1483,low_traffic,0,0,65535_65535,1,4,251,1,0,1,0,1,0,2,1,1,pre_allocation
1084,1483,low_traffic,0,0,65535_65535,1,4,251,0,1,1,1,2,0,2,1,1,allocated
1084,1483,low_traffic,0,0,65535_65535,1,3,251,12,0,1,0,1,0,14,1,1,pre_allocation
1084,1483,low_traffic,0,0,65535_65535,1,3,251,28,1,1,1,2,28,14,1,1,allocated
1084,1483,low_traffic,0,0,65535_65535,1,4,251,0,0,1,0,2,0,2,1,1,pre_allocation
1084,1483,low_traffic,0,0,65535_65535,1,4,251,2,1,1,1,3,2,2,1,1,allocated
1084,1483,low_traffic,0,0,65535_65535,1,3,251,28,0,1,0,2,0,14,1,1,pre_allocation
1084,1483,low_traffic,0,0,65535_65535,1,3,251,44,1,1,1,3,44,14,1,1,allocated
1084,1483,low_traffic,0,0,65535_65535,1,4,251,2,0,1,0,3,0,2,1,1,pre_allocation
1084,1483,low_traffic,0,0,65535_65535,1,4,251,4,1,1,1,4,4,2,1,1,allocated
1084,1483,low_traffic,0,0,65535_65535,1,3,251,44,0,1,0,3,0,14,1,1,pre_allocation
1084,1483,low_traffic,0,0,65535_65535,1,3,251,60,1,1,1,4,60,14,1,1,allocated
1084,1483,low_traffic,0,0,65535_65535,1,4,251,4,0,1,0,4,0,2,1,1,pre_allocation
1084,1483,low_traffic,0,0,65535_65535,1,4,251,6,1,1,1,5,6,2,1,1,allocated
1084,1483,low_traffic,0,0,65535_65535,1,3,251,60,0,1,0,4,0,14,1,1,pre_allocation
1084,1483,low_traffic,0,0,65535_65535,1,3,251,76,1,1,1,5,76,14,1,1,allocated
1084,1483,low_traffic,0,0,65535_65535,1,4,251,6,0,1,0,5,0,2,1,1,pre_allocation
1084,1483,low_traffic,0,0,65535_65535,1,4,251,7,1,1,1,6,7,2,1,1,allocated
1084,1483,low_traffic,0,0,65535_65535,1,3,251,76,0,1,0,5,0,14,1,1,pre_allocation
1084,1483,low_traffic,0,0,65535_65535,1,3,251,92,1,1,1,6,92,14,1,1,allocated
1084,1483,low_traffic,0,0,65535_65535,1,4,251,7,0,1,0,6,0,2,1,1,pre_allocation
1084,1483,low_traffic,0,0,65535_65535,1,4,251,9,1,1,1,7,9,2,1,1,allocated
1084,1483,low_traffic,0,0,65535_65535,1,3,251,92,0,1,0,6,0,14,1,1,pre_allocation
1084,1483,low_traffic,0,0,65535_65535,1,3,251,107,1,1,1,7,107,14,1,1,allocated
1084,1483,low_traffic,0,0,65535_65535,1,4,251,9,0,1,0,7,0,2,1,1,pre_allocation
1084,1483,low_traffic,0,0,65535_65535,1,4,251,11,1,1,1,8,11,2,1,1,allocated
1084,1483,low_traffic,0,0,65535_65535,1,3,251,107,0,1,0,7,0,14,1,1,pre_allocation
1084,1483,low_traffic,0,0,65535_65535,1,3,251,123,1,1,1,8,123,14,1,1,allocated
1084,1483,low_traffic,0,0,65535_65535,1,4,251,11,0,1,0,8,0,2,1,1,pre_allocation
1084,1483,low_traffic,0,0,65535_65535,1,4,251,13,1,1,1,9,13,2,1,1,allocated
1084,1483,low_traffic,0,0,65535_65535,1,3,251,123,0,1,0,8,0,14,1,1,pre_allocation
1084,1483,low_traffic,0,0,65535_65535,1,3,251,139,1,1,1,9,139,14,1,1,allocated
1084,1483,low_traffic,0,0,65535_65535,1,4,251,13,0,1,0,9,0,2,1,1,pre_allocation
1084,1483,low_traffic,0,0,65535_65535,1,4,251,15,1,1,1,10,15,2,1,1,allocated
1084,1483,low_traffic,0,0,65535_65535,1,3,251,139,0,1,0,9,0,14,1,1,pre_allocation
1084,1483,low_traffic,0,0,65535_65535,1,3,251,155,1,1,1,10,155,14,1,1,allocated
1084,1483,low_traffic,0,0,65535_65535,1,4,251,15,0,1,0,10,0,2,1,1,pre_allocation
1084,1483,low_traffic,0,0,65535_65535,1,4,251,16,1,1,1,11,16,2,1,1,allocated
1084,1483,low_traffic,0,0,65535_65535,1,3,251,155,0,1,0,10,0,14,1,1,pre_allocation
1084,1483,low_traffic,0,0,65535_65535,1,3,251,171,1,1,1,11,171,14,1,1,allocated
1084,1483,low_traffic,0,0,65535_65535,1,4,251,16,0,1,0,11,0,2,1,1,pre_allocation
1084,1483,low_traffic,0,0,65535_65535,1,4,251,18,1,1,1,12,18,2,1,1,allocated
1084,1483,low_traffic,0,0,65535_65535,1,3,251,171,0,1,0,11,0,14,1,1,pre_allocation
1084,1483,low_traffic,0,0,65535_65535,1,3,251,187,1,1,1,12,187,14,1,1,allocated
1084,1483,low_traffic,0,0,65535_65535,1,4,251,18,0,1,0,12,0,2,1,1,pre_allocation
1084,1483,low_traffic,0,0,65535_65535,1,4,251,20,1,1,1,13,20,2,1,1,allocated
1084,1483,low_traffic,0,0,65535_65535,1,3,251,187,0,1,0,12,0,14,1,1,pre_allocation
1084,1483,low_traffic,0,0,65535_65535,1,3,251,202,1,1,1,13,202,14,1,1,allocated
1084,1483,low_traffic,0,0,65535_65535,1,4,251,20,0,1,0,13,0,2,1,1,pre_allocation
1084,1483,low_traffic,0,0,65535_65535,1,4,251,22,1,1,1,14,22,2,1,1,allocated
1084,1483,low_traffic,0,0,65535_65535,1,3,251,202,0,1,0,13,0,14,1,1,pre_allocation
1084,1483,low_traffic,0,0,65535_65535,1,3,251,218,1,1,1,14,218,14,1,1,allocated
1084,1483,low_traffic,0,0,65535_65535,1,4,251,22,0,1,0,14,0,2,1,1,pre_allocation
1084,1483,low_traffic,0,0,65535_65535,1,4,251,24,1,1,1,15,24,2,1,1,allocated
1084,1483,low_traffic,0,0,65535_65535,1,3,251,218,0,1,0,14,0,14,1,1,pre_allocation
1084,1483,low_traffic,0,0,65535_65535,1,3,251,234,1,1,1,15,234,14,1,1,allocated
1084,1483,low_traffic,0,0,65535_65535,1,4,251,24,0,1,0,15,0,2,1,1,pre_allocation
1084,1483,low_traffic,0,0,65535_65535,1,4,251,26,1,1,1,16,26,2,1,1,allocated
1084,1483,low_traffic,0,0,65535_65535,1,3,251,234,0,1,0,15,0,14,1,1,pre_allocation
1084,1483,low_traffic,0,0,65535_65535,1,3,251,250,1,1,1,16,250,14,1,1,allocated
1084,1483,low_traffic,0,0,65535_65535,1,4,251,26,0,1,0,16,0,2,1,1,pre_allocation
1084,1483,low_traffic,0,0,65535_65535,1,4,251,27,1,1,1,17,27,2,1,1,allocated
1084,1483,low_traffic,0,0,65535_65535,1,3,251,250,0,1,0,16,0,14,1,1,pre_allocation
1084,1483,low_traffic,0,0,65535_65535,1,3,251,266,1,1,1,17,266,14,1,1,allocated
1084,1483,low_traffic,0,0,65535_65535,1,4,251,27,0,1,0,17,0,2,1,1,pre_allocation
1084,1483,low_traffic,0,0,65535_65535,1,4,251,29,1,1,1,18,29,2,1,1,allocated
1084,1483,low_traffic,0,0,65535_65535,1,3,251,266,0,1,0,17,0,14,1,1,pre_allocation
1084,1483,low_traffic,0,0,65535_65535,1,3,251,282,1,1,1,18,282,14,1,1,allocated
1084,1483,low_traffic,0,0,65535_65535,1,4,251,29,0,1,0,18,0,2,1,1,pre_allocation
1084,1483,low_traffic,0,0,65535_65535,1,4,251,31,1,1,1,19,31,2,1,1,allocated
1084,1483,low_traffic,0,0,65535_65535,1,3,251,282,0,1,0,18,0,14,1,1,pre_allocation
1084,1483,low_traffic,0,0,65535_65535,1,3,251,297,1,1,1,19,297,14,1,1,allocated
1084,1483,low_traffic,0,0,65535_65535,1,4,251,31,0,1,0,19,0,2,1,1,pre_allocation
1084,1483,low_traffic,0,0,65535_65535,1,4,251,33,1,1,1,20,33,2,1,1,allocated
1084,1483,low_traffic,0,0,65535_65535,1,3,251,297,0,1,0,19,0,14,1,1,pre_allocation
1084,1483,low_traffic,0,0,65535_65535,1,3,251,313,1,1,1,20,313,14,1,1,allocated
1084,1483,low_traffic,0,0,65535_65535,1,4,251,33,0,1,0,20,0,2,1,1,pre_allocation
1084,1483,low_traffic,0,0,65535_65535,1,4,251,35,1,1,1,21,35,2,1,1,allocated
1084,1483,low_traffic,0,0,65535_65535,1,3,251,313,0,1,0,20,0,14,1,1,pre_allocation
1084,1483,low_traffic,0,0,65535_65535,1,3,251,329,1,1,1,21,329,14,1,1,allocated
1084,1483,low_traffic,0,0,65535_65535,1,4,251,35,0,1,0,21,0,2,1,1,pre_allocation
1084,1483,low_traffic,0,0,65535_65535,1,4,251,36,1,1,1,22,36,2,1,1,allocated
1084,1483,low_traffic,0,0,65535_65535,1,3,251,329,0,1,0,21,0,14,1,1,pre_allocation
1084,1483,low_traffic,0,0,65535_65535,1,3,251,345,1,1,1,22,345,14,1,1,allocated
1084,1483,low_traffic,0,0,65535_65535,1,4,251,36,0,1,0,22,0,2,1,1,pre_allocation
1084,1483,low_traffic,0,0,65535_65535,1,4,251,38,1,1,1,23,38,2,1,1,allocated
1084,1483,low_traffic,0,0,65535_65535,1,3,251,345,0,1,0,22,0,14,1,1,pre_allocation
1084,1483,low_traffic,0,0,65535_65535,1,3,251,361,1,1,1,23,361,14,1,1,allocated
1084,1483,low_traffic,0,0,65535_65535,1,4,251,38,0,1,0,23,0,2,1,1,pre_allocation
1084,1483,low_traffic,0,0,65535_65535,1,4,251,40,1,1,1,24,40,2,1,1,allocated
1084,1483,low_traffic,0,0,65535_65535,1,3,251,361,0,1,0,23,0,14,1,1,pre_allocation
1084,1483,low_traffic,0,0,65535_65535,1,3,251,377,1,1,1,24,377,14,1,1,allocated
1084,1483,low_traffic,0,0,65535_65535,1,4,251,40,0,1,0,24,0,2,1,1,pre_allocation
1084,1483,low_traffic,0,0,65535_65535,1,4,251,42,1,1,1,25,42,2,1,1,allocated
1084,1483,low_traffic,0,0,65535_65535,1,3,251,377,0,1,0,24,0,14,1,1,pre_allocation
1084,1483,low_traffic,0,0,65535_65535,1,3,251,393,1,1,1,25,393,14,1,1,allocated
1084,1483,low_traffic,0,0,65535_65535,1,4,251,42,0,1,0,25,0,2,1,1,pre_allocation
1084,1483,low_traffic,0,0,65535_65535,1,4,251,44,1,1,1,26,44,2,1,1,allocated
1084,1483,low_traffic,0,0,65535_65535,1,3,251,393,0,1,0,25,0,14,1,1,pre_allocation
1084,1483,low_traffic,0,0,65535_65535,1,3,251,408,1,1,1,26,408,14,1,1,allocated
1084,1483,low_traffic,0,0,65535_65535,1,4,251,44,0,1,0,26,0,2,1,1,pre_allocation
1084,1483,low_traffic,0,0,65535_65535,1,4,251,46,1,1,1,27,46,2,1,1,allocated
1084,1483,low_traffic,0,0,65535_65535,1,3,251,408,0,1,0,26,0,14,1,1,pre_allocation
1084,1483,low_traffic,0,0,65535_65535,1,3,251,424,1,1,1,27,424,14,1,1,allocated
1084,1483,low_traffic,0,0,65535_65535,1,4,251,46,0,1,0,27,0,2,1,1,pre_allocation
1084,1483,low_traffic,0,0,65535_65535,1,4,251,47,1,1,1,28,47,2,1,1,allocated
1084,1483,low_traffic,0,0,65535_65535,1,3,251,424,0,1,0,27,0,14,1,1,pre_allocation
1084,1483,low_traffic,0,0,65535_65535,1,3,251,440,1,1,1,28,440,14,1,1,allocated
1084,1483,low_traffic,0,0,65535_65535,1,4,251,47,0,1,0,28,0,2,1,1,pre_allocation
1084,1483,low_traffic,0,0,65535_65535,1,4,251,49,1,1,1,29,49,2,1,1,allocated
1084,1483,low_traffic,0,0,65535_65535,1,3,251,440,0,1,0,28,0,14,1,1,pre_allocation
1084,1483,low_traffic,0,0,65535_65535,1,3,251,456,1,1,1,29,456,14,1,1,allocated
1084,1483,low_traffic,0,0,65535_65535,1,4,251,49,0,1,0,29,0,2,1,1,pre_allocation
1084,1483,low_traffic,0,0,65535_65535,1,4,251,51,1,1,1,30,51,2,1,1,allocated
1084,1483,low_traffic,0,0,65535_65535,1,3,251,456,0,1,0,29,0,14,1,1,pre_allocation
1084,1483,low_traffic,0,0,65535_65535,1,3,251,472,1,1,1,30,472,14,1,1,allocated
1084,1483,low_traffic,0,0,65535_65535,1,4,251,51,0,1,0,30,0,2,1,1,pre_allocation
1084,1483,low_traffic,0,0,65535_65535,1,4,251,53,1,1,1,31,53,2,1,1,allocated
1084,1483,low_traffic,0,0,65535_65535,1,3,251,472,0,1,0,30,0,14,1,1,pre_allocation
1084,1483,low_traffic,0,0,65535_65535,1,3,251,488,1,1,1,31,488,14,1,1,allocated
1084,1483,low_traffic,0,0,65535_65535,1,4,251,53,0,1,0,31,0,2,1,1,pre_allocation
1084,1483,low_traffic,0,0,65535_65535,1,4,251,55,1,1,1,32,55,2,1,1,allocated
1084,1483,low_traffic,0,0,65535_65535,1,3,251,488,0,1,0,31,0,14,1,1,pre_allocation
1084,1483,low_traffic,0,0,65535_65535,1,3,251,503,1,1,1,32,503,14,1,1,allocated
1084,1483,low_traffic,0,0,65535_65535,1,4,251,55,0,1,0,32,0,2,1,1,pre_allocation
1084,1483,low_traffic,0,0,65535_65535,1,4,251,56,1,1,1,33,56,2,1,1,allocated
1084,1483,low_traffic,0,0,65535_65535,1,3,251,503,0,1,0,32,0,14,1,1,pre_allocation
1084,1483,low_traffic,0,0,65535_65535,1,3,251,519,1,1,1,33,519,14,1,1,allocated
1084,1483,low_traffic,0,0,65535_65535,1,4,251,56,0,1,0,33,0,2,1,1,pre_allocation
1084,1483,low_traffic,0,0,65535_65535,1,4,251,58,1,1,1,34,58,2,1,1,allocated
1084,1483,low_traffic,0,0,65535_65535,1,3,251,519,0,1,0,33,0,14,1,1,pre_allocation
1084,1483,low_traffic,0,0,65535_65535,1,3,251,535,1,1,1,34,535,14,1,1,allocated
1084,1483,low_traffic,0,0,65535_65535,1,4,251,58,0,1,0,34,0,2,1,1,pre_allocation
1084,1483,low_traffic,0,0,65535_65535,1,4,251,60,1,1,1,35,60,2,1,1,allocated
1084,1483,low_traffic,0,0,65535_65535,1,3,251,535,0,1,0,34,0,14,1,1,pre_allocation
1084,1483,low_traffic,0,0,65535_65535,1,3,251,551,1,1,1,35,551,14,1,1,allocated
1084,1483,low_traffic,0,0,65535_65535,1,4,251,60,0,1,0,35,0,2,1,1,pre_allocation
1084,1483,low_traffic,0,0,65535_65535,1,4,251,62,1,1,1,36,62,2,1,1,allocated
1084,1483,low_traffic,0,0,65535_65535,1,3,251,551,0,1,0,35,0,14,1,1,pre_allocation
1084,1483,low_traffic,0,0,65535_65535,1,3,251,567,1,1,1,36,567,14,1,1,allocated
1084,1483,low_traffic,0,0,65535_65535,1,4,251,62,0,1,0,36,0,2,1,1,pre_allocation
1084,1483,low_traffic,0,0,65535_65535,1,4,251,64,1,1,1,37,64,2,1,1,allocated
1084,1483,low_traffic,0,0,65535_65535,1,3,251,567,0,1,0,36,0,14,1,1,pre_allocation
1084,1483,low_traffic,0,0,65535_65535,1,3,251,583,1,1,1,37,583,14,1,1,allocated
1084,1483,low_traffic,0,0,65535_65535,1,4,251,64,0,1,0,37,0,2,1,1,pre_allocation
1084,1483,low_traffic,0,0,65535_65535,1,4,251,65,1,1,1,38,65,2,1,1,allocated
1084,1483,low_traffic,0,0,65535_65535,1,3,251,583,0,1,0,37,0,14,1,1,pre_allocation
1084,1483,low_traffic,0,0,65535_65535,1,3,251,598,1,1,1,38,598,14,1,1,allocated
1084,1483,low_traffic,0,0,65535_65535,1,4,251,65,0,1,0,38,0,2,1,1,pre_allocation
1084,1483,low_traffic,0,0,65535_65535,1,4,251,67,1,1,1,39,67,2,1,1,allocated
1084,1483,low_traffic,0,0,65535_65535,1,3,251,598,0,1,0,38,0,14,1,1,pre_allocation
1084,1483,low_traffic,0,0,65535_65535,1,3,251,614,1,1,1,39,614,14,1,1,allocated
1084,1483,low_traffic,0,0,65535_65535,1,4,251,67,0,1,0,39,0,2,1,1,pre_allocation
1084,1483,low_traffic,0,0,65535_65535,1,4,251,69,1,1,1,40,69,2,1,1,allocated
1084,1483,low_traffic,0,0,65535_65535,1,3,251,614,0,1,0,39,0,14,1,1,pre_allocation
1084,1483,low_traffic,0,0,65535_65535,1,3,251,630,1,1,1,40,630,14,1,1,allocated
1084,1483,low_traffic,0,0,65535_65535,1,4,251,69,0,1,0,40,0,2,1,1,pre_allocation
1084,1483,low_traffic,0,0,65535_65535,1,4,251,71,1,1,1,41,71,2,1,1,allocated
1084,1483,low_traffic,0,0,65535_65535,1,3,251,630,0,1,0,40,0,14,1,1,pre_allocation
1084,1483,low_traffic,0,0,65535_65535,1,3,251,646,1,1,1,41,646,14,1,1,allocated
1084,1483,low_traffic,0,0,65535_65535,1,4,251,71,0,1,0,41,0,2,1,1,pre_allocation
1084,1483,low_traffic,0,0,65535_65535,1,4,251,73,1,1,1,42,73,2,1,1,allocated
1084,1483,low_traffic,0,0,65535_65535,1,3,251,646,0,1,0,41,0,14,1,1,pre_allocation
1084,1483,low_traffic,0,0,65535_65535,1,3,251,662,1,1,1,42,662,14,1,1,allocated
1084,1483,low_traffic,0,0,65535_65535,1,4,251,73,0,1,0,42,0,2,1,1,pre_allocation
1084,1483,low_traffic,0,0,65535_65535,1,4,251,75,1,1,1,43,75,2,1,1,allocated
1084,1483,low_traffic,0,0,65535_65535,1,3,251,662,0,1,0,42,0,14,1,1,pre_allocation
1084,1483,low_traffic,0,0,65535_65535,1,3,251,678,1,1,1,43,678,14,1,1,allocated
1084,1483,low_traffic,0,0,65535_65535,1,4,251,75,0,1,0,43,0,2,1,1,pre_allocation
1084,1483,low_traffic,0,0,65535_65535,1,4,251,76,1,1,1,44,76,2,1,1,allocated
1084,1483,low_traffic,0,0,65535_65535,1,3,251,678,0,1,0,43,0,14,1,1,pre_allocation
1084,1483,low_traffic,0,0,65535_65535,1,3,251,693,1,1,1,44,693,14,1,1,allocated
1084,1483,low_traffic,0,0,65535_65535,1,4,251,76,0,1,0,44,0,2,1,1,pre_allocation
1084,1483,low_traffic,0,0,65535_65535,1,4,251,78,1,1,1,45,78,2,1,1,allocated
1084,1483,low_traffic,0,0,65535_65535,1,3,251,693,0,1,0,44,0,14,1,1,pre_allocation
1084,1483,low_traffic,0,0,65535_65535,1,3,251,709,1,1,1,45,709,14,1,1,allocated
1084,1483,low_traffic,0,0,65535_65535,1,4,251,78,0,1,0,45,0,2,1,1,pre_allocation
1084,1483,low_traffic,0,0,65535_65535,1,4,251,80,1,1,1,46,80,2,1,1,allocated
1084,1483,low_traffic,0,0,65535_65535,1,3,251,709,0,1,0,45,0,14,1,1,pre_allocation
1084,1483,low_traffic,0,0,65535_65535,1,3,251,725,1,1,1,46,725,14,1,1,allocated
1084,1483,low_traffic,0,0,65535_65535,1,4,251,80,0,1,0,46,0,2,1,1,pre_allocation
1084,1483,low_traffic,0,0,65535_65535,1,4,251,82,1,1,1,47,82,2,1,1,allocated
1084,1483,low_traffic,0,0,65535_65535,1,3,251,725,0,1,0,46,0,14,1,1,pre_allocation
1084,1483,low_traffic,0,0,65535_65535,1,3,251,741,1,1,1,47,741,14,1,1,allocated
1084,1483,low_traffic,0,0,65535_65535,1,4,251,82,0,1,0,47,0,2,1,1,pre_allocation
1084,1483,low_traffic,0,0,65535_65535,1,4,251,84,1,1,1,48,84,2,1,1,allocated
1084,1483,low_traffic,0,0,65535_65535,1,3,251,741,0,1,0,47,0,14,1,1,pre_allocation
1084,1483,low_traffic,0,0,65535_65535,1,3,251,757,1,1,1,48,757,14,1,1,allocated
1084,1483,low_traffic,0,0,65535_65535,1,4,251,84,0,1,0,48,0,2,1,1,pre_allocation
1084,1483,low_traffic,0,0,65535_65535,1,4,251,85,1,1,1,49,85,2,1,1,allocated
1084,1483,low_traffic,0,0,65535_65535,1,3,251,757,0,1,0,48,0,14,1,1,pre_allocation
1084,1483,low_traffic,0,0,65535_65535,1,3,251,773,1,1,1,49,773,14,1,1,allocated
1084,1483,low_traffic,0,0,65535_65535,1,4,251,85,0,1,0,49,0,2,1,1,pre_allocation
1084,1483,low_traffic,0,0,65535_65535,1,4,251,87,1,1,1,50,87,2,1,1,allocated
1084,1483,low_traffic,0,0,65535_65535,1,3,251,773,0,1,0,49,0,14,1,1,pre_allocation
1084,1483,low_traffic,0,0,65535_65535,1,3,251,789,1,1,1,50,789,14,1,1,allocated
1084,1483,low_traffic,0,0,65535_65535,1,4,251,87,0,1,0,50,0,2,1,1,pre_allocation
1084,1483,low_traffic,0,0,65535_65535,1,4,251,89,1,1,1,51,89,2,1,1,allocated
1084,1483,low_traffic,0,0,65535_65535,1,3,251,789,0,1,0,50,0,14,1,1,pre_allocation
1084,1483,low_traffic,0,0,65535_65535,1,3,251,804,1,1,1,51,804,14,1,1,allocated
1084,1483,low_traffic,0,0,65535_65535,1,4,251,89,0,1,0,51,0,2,1,1,pre_allocation
1084,1483,low_traffic,0,0,65535_65535,1,4,251,91,1,1,1,52,91,2,1,1,allocated
1084,1483,low_traffic,0,0,65535_65535,1,3,251,804,0,1,0,51,0,14,1,1,pre_allocation
1084,1483,low_traffic,0,0,65535_65535,1,3,251,820,1,1,1,52,820,14,1,1,allocated
1084,1483,low_traffic,0,0,65535_65535,1,4,251,91,0,1,0,52,0,2,1,1,pre_allocation
1084,1483,low_traffic,0,0,65535_65535,1,4,251,93,1,1,1,53,93,2,1,1,allocated
1084,1483,low_traffic,0,0,65535_65535,1,3,251,820,0,1,0,52,0,14,1,1,pre_allocation
1084,1483,low_traffic,0,0,65535_65535,1,3,251,836,1,1,1,53,836,14,1,1,allocated
1084,1483,low_traffic,0,0,65535_65535,1,4,251,93,0,1,0,53,0,2,1,1,pre_allocation
1084,1483,low_traffic,0,0,65535_65535,1,4,251,95,1,1,1,54,95,2,1,1,allocated
1084,1483,low_traffic,0,0,65535_65535,1,3,251,836,0,1,0,53,0,14,1,1,pre_allocation
1084,1483,low_traffic,0,0,65535_65535,1,3,251,852,1,1,1,54,852,14,1,1,allocated
1084,1483,low_traffic,0,0,65535_65535,1,4,251,95,0,1,0,54,0,2,1,1,pre_allocation
1084,1483,low_traffic,0,0,65535_65535,1,4,251,96,1,1,1,55,96,2,1,1,allocated
1084,1483,low_traffic,0,0,65535_65535,1,3,251,852,0,1,0,54,0,14,1,1,pre_allocation
1084,1483,low_traffic,0,0,65535_65535,1,3,251,868,1,1,1,55,868,14,1,1,allocated
1084,1483,low_traffic,0,0,65535_65535,1,4,251,96,0,1,0,55,0,2,1,1,pre_allocation
1084,1483,low_traffic,0,0,65535_65535,1,4,251,98,1,1,1,56,98,2,1,1,allocated
1084,1483,low_traffic,0,0,65535_65535,1,3,251,868,0,1,0,55,0,14,1,1,pre_allocation
1084,1483,low_traffic,0,0,65535_65535,1,3,251,884,1,1,1,56,884,14,1,1,allocated
1084,1483,low_traffic,0,0,65535_65535,1,4,251,98,0,1,0,56,0,2,1,1,pre_allocation
1084,1483,low_traffic,0,0,65535_65535,1,4,251,100,1,1,1,57,100,2,1,1,allocated
1084,1483,low_traffic,0,0,65535_65535,1,3,251,884,0,1,0,56,0,14,1,1,pre_allocation
1084,1483,low_traffic,0,0,65535_65535,1,3,251,899,1,1,1,57,899,14,1,1,allocated
1084,1483,low_traffic,0,0,65535_65535,1,4,251,100,0,1,0,57,0,2,1,1,pre_allocation
1084,1483,low_traffic,0,0,65535_65535,1,4,251,102,1,1,1,58,102,2,1,1,allocated
1084,1483,low_traffic,0,0,65535_65535,1,3,251,899,0,1,0,57,0,14,1,1,pre_allocation
1084,1483,low_traffic,0,0,65535_65535,1,3,251,915,1,1,1,58,915,14,1,1,allocated
1084,1483,low_traffic,0,0,65535_65535,1,4,251,102,0,1,0,58,0,2,1,1,pre_allocation
1084,1483,low_traffic,0,0,65535_65535,1,4,251,104,1,1,1,59,104,2,1,1,allocated
1084,1483,low_traffic,0,0,65535_65535,1,3,251,915,0,1,0,58,0,14,1,1,pre_allocation
1084,1483,low_traffic,0,0,65535_65535,1,3,251,931,1,1,1,59,931,14,1,1,allocated
