timestamp,ueImsi,sliceId,dTxBytes,dRxBytes,plr,resourceSharePct,dLostPackets,throughputMbps,bufferBytes
1110,1,0,25976,1528,94.12,20.86,16,1.2224,1412577
1110,2,0,25976,1528,94.12,20.86,16,1.2224,1412611
1110,3,0,25976,3056,88.24,20.86,15,2.4448,1412473
1110,4,0,25976,3056,88.24,20.86,15,2.4448,1412427
1110,5,0,25976,3056,88.24,20.86,15,2.4448,1412489
1110,6,1,390,546,0.00,48.02,0,0.4368,87
1110,7,1,390,546,0.00,48.02,0,0.4368,87
1110,8,1,390,546,0.00,48.02,0,0.4368,87
1110,9,1,390,546,0.00,48.02,0,0.4368,87
1110,10,1,390,546,0.00,48.02,0,0.4368,87
1110,11,2,16000,1280,92.00,31.13,115,1.0240,938703
1110,12,2,16000,1280,92.00,31.13,115,1.0240,938739
1110,13,2,16000,1280,92.00,31.13,115,1.0240,938643
1110,14,2,16000,1152,92.80,31.13,116,0.9216,938672
1110,15,2,16000,1280,92.00,31.13,115,1.0240,938785
1110,16,2,16000,1280,92.00,31.13,115,1.0240,938787
1110,17,2,16000,1280,92.00,31.13,115,1.0240,938778
1110,18,2,16000,1280,92.00,31.13,115,1.0240,938680
1110,19,2,16000,1280,92.00,31.13,115,1.0240,938789
1110,20,2,16000,1152,92.80,31.13,116,0.9216,938814
