timestamp,ueImsi,sliceId,dTxBytes,dRxBytes,plr,resourceSharePct,dLostPackets,throughputMbps,bufferBytes
1510,1,0,35144,21392,39.13,26.61,9,17.1136,732430
1510,2,0,35144,22920,34.78,26.61,8,18.3360,226732
1510,3,1,1014,936,7.69,54.65,1,0.7488,87
1510,4,1,1014,936,7.69,54.65,1,0.7488,87
1510,5,2,256,128,50.00,18.74,1,0.1024,137
1510,6,2,256,256,0.00,18.74,0,0.2048,137
1510,7,2,256,256,0.00,18.74,0,0.2048,137
1510,8,2,256,0,100.00,18.74,2,0.0000,137
1510,9,2,256,256,0.00,18.74,0,0.2048,137
1510,10,2,256,256,0.00,18.74,0,0.2048,137
