timestamp,sliceId,dedicatedPRB,minPRB,maxPRB
510,0,41.434631954498016,41.434631954498016,100.0
510,1,35.64789174707776,35.64789174707776,100.0
510,2,22.917476298424237,22.917476298424237,100.0
520,0,37.575231535321045,37.575231535321045,100.0
520,1,42.00498554454516,42.00498554454516,100.0
520,2,20.419782920133798,20.419782920133798,100.0
530,0,42.992102206388616,42.992102206388616,100.0
530,1,36.609733618741245,36.609733618741245,100.0
530,2,20.398164174870132,20.398164174870132,100.0
540,0,34.86163121430819,34.86163121430819,100.0
540,1,40.59839308322512,40.59839308322512,100.0
540,2,24.53997570246669,24.53997570246669,100.0
550,0,32.77580625544657,32.77580625544657,100.0
550,1,41.348145580255554,41.348145580255554,100.0
550,2,25.876048164297867,25.876048164297867,100.0
560,0,30.326656556486853,30.326656556486853,100.0
560,1,27.31490497315776,27.31490497315776,100.0
560,2,42.35843847035539,42.35843847035539,100.0
570,0,45.01576726714573,45.01576726714573,100.0
570,1,34.571832600372076,34.571832600372076,100.0
570,2,20.412400132482194,20.412400132482194,100.0
580,0,26.08995355230511,26.08995355230511,100.0
580,1,51.8822827394459,51.8822827394459,100.0
580,2,22.027763708249008,22.027763708249008,100.0
590,0,42.1944493791049,42.1944493791049,100.0
590,1,27.936375103093937,27.936375103093937,100.0
590,2,29.86917551780116,29.86917551780116,100.0
600,0,25.548787215334972,25.548787215334972,100.0
600,1,32.73211585996831,32.73211585996831,100.0
600,2,41.71909692469672,41.71909692469672,100.0
610,0,48.52408013094973,48.52408013094973,100.0
610,1,32.56160542329013,32.56160542329013,100.0
610,2,18.914314445760144,18.914314445760144,100.0
