timestamp,ueImsi,sliceId,dTxBytes,dRxBytes,plr,resourceSharePct,dLostPackets,throughputMbps,bufferBytes
1510,1,0,35144,33616,4.35,24.03,1,26.8928,1537
1510,2,0,35144,0,100.00,24.03,23,0.0000,3106925
1510,3,1,1014,0,100.00,45.00,13,0.0000,87
1510,4,1,1014,1014,0.00,45.00,0,0.8112,28
1510,5,2,256,0,100.00,30.97,2,0.0000,401
1510,6,2,256,256,0.00,30.97,0,0.2048,137
1510,7,2,256,256,0.00,30.97,0,0.2048,137
1510,8,2,256,256,0.00,30.97,0,0.2048,137
1510,9,2,256,256,0.00,30.97,0,0.2048,137
1510,10,2,256,0,100.00,30.97,2,0.0000,401
