timestamp,ueImsi,sliceId,dTxBytes,dRxBytes,plr,resourceSharePct,dLostPackets,throughputMbps,bufferBytes
880,1,0,18336,4584,75.00,26.96,9,3.6672,580711
880,2,0,18336,4584,75.00,26.96,9,3.6672,580670
880,3,0,18336,4584,75.00,26.96,9,3.6672,580789
880,4,0,18336,4584,75.00,26.96,9,3.6672,580685
880,5,0,18336,4584,75.00,26.96,9,3.6672,580777
880,6,1,390,390,0.00,47.62,0,0.3120,87
880,7,1,390,390,0.00,47.62,0,0.3120,87
880,8,1,390,390,0.00,47.62,0,0.3120,87
880,9,1,390,390,0.00,47.62,0,0.3120,87
880,10,1,390,390,0.00,47.62,0,0.3120,87
880,11,2,256,256,0.00,25.42,0,0.2048,137
880,12,2,256,256,0.00,25.42,0,0.2048,137
880,13,2,256,256,0.00,25.42,0,0.2048,89
880,14,2,256,256,0.00,25.42,0,0.2048,137
880,15,2,256,256,0.00,25.42,0,0.2048,137
880,16,2,256,256,0.00,25.42,0,0.2048,89
880,17,2,256,256,0.00,25.42,0,0.2048,89
880,18,2,256,256,0.00,25.42,0,0.2048,89
880,19,2,256,256,0.00,25.42,0,0.2048,89
880,20,2,256,256,0.00,25.42,0,0.2048,89
