timestamp,sliceId,dedicatedPRB,minPRB,maxPRB
510,0,26.257644067529895,26.257644067529895,100.0
510,1,44.60393957275662,44.60393957275662,100.0
510,2,29.13841635971348,29.13841635971348,100.0
520,0,38.44124364803409,38.44124364803409,100.0
520,1,29.05833616412512,29.05833616412512,100.0
520,2,32.5004201878408,32.5004201878408,100.0
530,0,29.440907845183954,29.440907845183954,100.0
530,1,43.20237453630789,43.20237453630789,100.0
530,2,27.35671761850816,27.35671761850816,100.0
540,0,30.531705867927005,30.531705867927005,100.0
540,1,27.289128175381972,27.289128175381972,100.0
540,2,42.17916595669102,42.17916595669102,100.0
550,0,26.91923230615062,26.91923230615062,100.0
550,1,38.928911725447236,38.928911725447236,100.0
550,2,34.15185596840216,34.15185596840216,100.0
560,0,51.10655888933312,51.10655888933312,100.0
560,1,25.21176847812473,25.21176847812473,100.0
560,2,23.681672632542163,23.681672632542163,100.0
570,0,29.704151905223515,29.704151905223515,100.0
570,1,41.90252750650673,41.90252750650673,100.0
570,2,28.39332058826976,28.39332058826976,100.0
580,0,39.14341149066912,39.14341149066912,100.0
580,1,40.45982056043238,40.45982056043238,100.0
580,2,20.396767948898507,20.396767948898507,100.0
590,0,21.74584588383777,21.74584588383777,100.0
590,1,50.00333033846226,50.00333033846226,100.0
590,2,28.250823777699974,28.250823777699974,100.0
600,0,28.355572629254937,28.355572629254937,100.0
600,1,31.208008482929966,31.208008482929966,100.0
600,2,40.436418887815094,40.436418887815094,100.0
610,0,21.22431395928083,21.22431395928083,100.0
610,1,38.32971269457124,38.32971269457124,100.0
610,2,40.44597334614794,40.44597334614794,100.0
620,0,21.544350060245893,21.544350060245893,100.0
620,1,43.442251416419985,43.442251416419985,100.0
620,2,35.013398523334125,35.013398523334125,100.0
630,0,22.58714615296756,22.58714615296756,100.0
630,1,52.940950259176745,52.940950259176745,100.0
630,2,24.4719035878557,24.4719035878557,100.0
640,0,21.63719094135359,21.63719094135359,100.0
640,1,47.88331273500856,47.88331273500856,100.0
640,2,30.479496323637857,30.479496323637857,100.0
650,0,32.81151997387233,32.81151997387233,100.0
650,1,35.822095854322086,35.822095854322086,100.0
650,2,31.366384171805585,31.366384171805585,100.0
660,0,23.329509892571675,23.329509892571675,100.0
660,1,41.188889637076755,41.188889637076755,100.0
660,2,35.48160047035157,35.48160047035157,100.0
670,0,28.198333564748523,28.198333564748523,100.0
670,1,35.84180944771571,35.84180944771571,100.0
670,2,35.959856987535765,35.959856987535765,100.0
680,0,21.033353680175686,21.033353680175686,100.0
680,1,41.05004267919239,41.05004267919239,100.0
680,2,37.91660364063192,37.91660364063192,100.0
690,0,24.856105491399223,24.856105491399223,100.0
690,1,43.77483546046353,43.77483546046353,100.0
690,2,31.36905904813725,31.36905904813725,100.0
700,0,32.40981762566951,32.40981762566951,100.0
700,1,37.79222333967981,37.79222333967981,100.0
700,2,29.797959034650685,29.797959034650685,100.0
710,0,26.45370151610516,26.45370151610516,100.0
710,1,48.93729284328495,48.93729284328495,100.0
710,2,24.609005640609897,24.609005640609897,100.0
720,0,21.07035000570267,21.07035000570267,100.0
720,1,39.91982263588303,39.91982263588303,100.0
720,2,39.0098273584143,39.0098273584143,100.0
730,0,23.074481000256046,23.074481000256046,100.0
730,1,36.25090793727485,36.25090793727485,100.0
730,2,40.674611062469104,40.674611062469104,100.0
740,0,23.209062522341185,23.209062522341185,100.0
740,1,54.647530361678776,54.647530361678776,100.0
740,2,22.143407115980036,22.143407115980036,100.0
750,0,29.662403574892448,29.662403574892448,100.0
750,1,38.873535352701104,38.873535352701104,100.0
750,2,31.46406107240645,31.46406107240645,100.0
760,0,24.687269704346555,24.687269704346555,100.0
760,1,55.60925615605867,55.60925615605867,100.0
760,2,19.703474139594768,19.703474139594768,100.0
770,0,41.60012838427485,41.60012838427485,100.0
770,1,28.458525930166484,28.458525930166484,100.0
770,2,29.941345685558655,29.941345685558655,100.0
780,0,24.16691736427068,24.16691736427068,100.0
780,1,28.28177473706529,28.28177473706529,100.0
780,2,47.551307898664035,47.551307898664035,100.0
790,0,24.221216622028184,24.221216622028184,100.0
790,1,49.88380354278356,49.88380354278356,100.0
790,2,25.894979835188263,25.894979835188263,100.0
800,0,22.654467710057684,22.654467710057684,100.0
800,1,37.231256063090626,37.231256063090626,100.0
800,2,40.114276226851686,40.114276226851686,100.0
810,0,26.53413525652621,26.53413525652621,100.0
810,1,38.925006210271604,38.925006210271604,100.0
810,2,34.54085853320219,34.54085853320219,100.0
820,0,22.40292118993575,22.40292118993575,100.0
820,1,29.620308625908066,29.620308625908066,100.0
820,2,47.97677018415618,47.97677018415618,100.0
830,0,23.111302860090344,23.111302860090344,100.0
830,1,51.99953594251794,51.99953594251794,100.0
830,2,24.889161197391715,24.889161197391715,100.0
840,0,23.64161003073414,23.64161003073414,100.0
840,1,41.97187000359946,41.97187000359946,100.0
840,2,34.386519965666395,34.386519965666395,100.0
850,0,30.127161026422694,30.127161026422694,100.0
850,1,43.076835971717806,43.076835971717806,100.0
850,2,26.796003001859503,26.796003001859503,100.0
860,0,22.844304359542587,22.844304359542587,100.0
860,1,46.12475187654747,46.12475187654747,100.0
860,2,31.030943763909946,31.030943763909946,100.0
870,0,25.461712089980338,25.461712089980338,100.0
870,1,52.31163676881522,52.31163676881522,100.0
870,2,22.226651141204446,22.226651141204446,100.0
880,0,30.358120619125184,30.358120619125184,100.0
880,1,29.023222544532096,29.023222544532096,100.0
880,2,40.618656836342716,40.618656836342716,100.0
890,0,33.94388840357709,33.94388840357709,100.0
890,1,28.309721199947624,28.309721199947624,100.0
890,2,37.746390396475284,37.746390396475284,100.0
900,0,22.864774746565132,22.864774746565132,100.0
900,1,37.00657216183949,37.00657216183949,100.0
900,2,40.12865309159538,40.12865309159538,100.0
910,0,27.056756085130402,27.056756085130402,100.0
910,1,43.54165306815055,43.54165306815055,100.0
910,2,29.40159084671905,29.40159084671905,100.0
920,0,45.337450929586474,45.337450929586474,100.0
920,1,31.920385065548352,31.920385065548352,100.0
920,2,22.742164004865174,22.742164004865174,100.0
930,0,36.71264095531036,36.71264095531036,100.0
930,1,34.60849535091697,34.60849535091697,100.0
930,2,28.678863693772673,28.678863693772673,100.0
940,0,34.48824796747849,34.48824796747849,100.0
940,1,46.494256250702776,46.494256250702776,100.0
940,2,19.01749578181873,19.01749578181873,100.0
950,0,23.6231122681903,23.6231122681903,100.0
950,1,26.93663272880728,26.93663272880728,100.0
950,2,49.44025500300242,49.44025500300242,100.0
960,0,21.13568484132601,21.13568484132601,100.0
960,1,42.7442087349176,42.7442087349176,100.0
960,2,36.12010642375639,36.12010642375639,100.0
970,0,22.92217822460592,22.92217822460592,100.0
970,1,40.91932367253601,40.91932367253601,100.0
970,2,36.158498102858076,36.158498102858076,100.0
980,0,27.602024467840003,27.602024467840003,100.0
980,1,46.67420397486797,46.67420397486797,100.0
980,2,25.72377155729203,25.72377155729203,100.0
990,0,34.15489407605172,34.15489407605172,100.0
990,1,42.55156307195874,42.55156307195874,100.0
990,2,23.293542851989553,23.293542851989553,100.0
1000,0,20.366406039082882,20.366406039082882,100.0
1000,1,42.06961511338209,42.06961511338209,100.0
1000,2,37.56397884753503,37.56397884753503,100.0
1010,0,24.576441860947405,24.576441860947405,100.0
1010,1,45.02677748235309,45.02677748235309,100.0
1010,2,30.3967806566995,30.3967806566995,100.0
1020,0,23.179998662843058,23.179998662843058,100.0
1020,1,28.866319219377594,28.866319219377594,100.0
1020,2,47.95368211777935,47.95368211777935,100.0
1030,0,22.932659226765868,22.932659226765868,100.0
1030,1,33.96054210656064,33.96054210656064,100.0
1030,2,43.1067986666735,43.1067986666735,100.0
1040,0,26.89665657059536,26.89665657059536,100.0
1040,1,54.65576799664347,54.65576799664347,100.0
1040,2,18.44757543276117,18.44757543276117,100.0
1050,0,20.415441364650462,20.415441364650462,100.0
1050,1,40.87555490297976,40.87555490297976,100.0
1050,2,38.70900373236979,38.70900373236979,100.0
1060,0,23.139251480024264,23.139251480024264,100.0
1060,1,48.57906524382123,48.57906524382123,100.0
1060,2,28.281683276154496,28.281683276154496,100.0
1070,0,34.438496338237,34.438496338237,100.0
1070,1,34.18831093448752,34.18831093448752,100.0
1070,2,31.37319272727548,31.37319272727548,100.0
1080,0,30.825372746682394,30.825372746682394,100.0
1080,1,48.68432718112834,48.68432718112834,100.0
1080,2,20.490300072189267,20.490300072189267,100.0
1090,0,25.085960093799308,25.085960093799308,100.0
1090,1,46.922437076982526,46.922437076982526,100.0
1090,2,27.99160282921817,27.99160282921817,100.0
1100,0,23.63356609988179,23.63356609988179,100.0
1100,1,43.69949152830016,43.69949152830016,100.0
1100,2,32.66694237181805,32.66694237181805,100.0
1110,0,23.52903460824122,23.52903460824122,100.0
1110,1,53.42803995599561,53.42803995599561,100.0
1110,2,23.042925435763177,23.042925435763177,100.0
1120,0,32.00643374879996,32.00643374879996,100.0
1120,1,36.27400635662359,36.27400635662359,100.0
1120,2,31.719559894576456,31.719559894576456,100.0
1130,0,28.489741848338806,28.489741848338806,100.0
1130,1,32.85728989626206,32.85728989626206,100.0
1130,2,38.65296825539914,38.65296825539914,100.0
1140,0,23.23977185122016,23.23977185122016,100.0
1140,1,38.879026447503875,38.879026447503875,100.0
1140,2,37.88120170127597,37.88120170127597,100.0
1150,0,23.750260932680785,23.750260932680785,100.0
1150,1,52.93932719595611,52.93932719595611,100.0
1150,2,23.31041187136311,23.31041187136311,100.0
1160,0,24.238428177212317,24.238428177212317,100.0
1160,1,38.1855174926707,38.1855174926707,100.0
1160,2,37.57605433011699,37.57605433011699,100.0
1170,0,30.04496278033767,30.04496278033767,100.0
1170,1,35.559666360705236,35.559666360705236,100.0
1170,2,34.3953708589571,34.3953708589571,100.0
1180,0,21.296093827499984,21.296093827499984,100.0
1180,1,43.252623370624306,43.252623370624306,100.0
1180,2,35.451282801875706,35.451282801875706,100.0
1190,0,23.114808082077282,23.114808082077282,100.0
1190,1,33.52248146404003,33.52248146404003,100.0
1190,2,43.36271045388269,43.36271045388269,100.0
1200,0,21.23032130458541,21.23032130458541,100.0
1200,1,44.97257190072784,44.97257190072784,100.0
1200,2,33.79710679468674,33.79710679468674,100.0
1210,0,27.801741077337695,27.801741077337695,100.0
1210,1,29.378247348719484,29.378247348719484,100.0
1210,2,42.82001157394283,42.82001157394283,100.0
1220,0,24.228859894339358,24.228859894339358,100.0
1220,1,53.192174085367874,53.192174085367874,100.0
1220,2,22.57896602029277,22.57896602029277,100.0
1230,0,32.706304214281396,32.706304214281396,100.0
1230,1,49.72213681926814,49.72213681926814,100.0
1230,2,17.57155896645048,17.57155896645048,100.0
1240,0,28.53880850205674,28.53880850205674,100.0
1240,1,40.36175735504697,40.36175735504697,100.0
1240,2,31.0994341428963,31.0994341428963,100.0
1250,0,25.772334647674388,25.772334647674388,100.0
1250,1,40.485862263216355,40.485862263216355,100.0
1250,2,33.741803089109254,33.741803089109254,100.0
1260,0,21.37891972902734,21.37891972902734,100.0
1260,1,40.25779199851331,40.25779199851331,100.0
1260,2,38.36328827245935,38.36328827245935,100.0
1270,0,26.057467133372043,26.057467133372043,100.0
1270,1,37.644005551564334,37.644005551564334,100.0
1270,2,36.298527315063616,36.298527315063616,100.0
1280,0,26.00627892910159,26.00627892910159,100.0
1280,1,28.146875502080675,28.146875502080675,100.0
1280,2,45.84684556881773,45.84684556881773,100.0
1290,0,31.9147097022195,31.9147097022195,100.0
1290,1,40.73498151381727,40.73498151381727,100.0
1290,2,27.35030878396323,27.35030878396323,100.0
1300,0,22.902270028535334,22.902270028535334,100.0
1300,1,56.43845859631538,56.43845859631538,100.0
1300,2,20.659271375149288,20.659271375149288,100.0
1310,0,27.129489125716326,27.129489125716326,100.0
1310,1,49.427106213372966,49.427106213372966,100.0
1310,2,23.443404660910712,23.443404660910712,100.0
1320,0,25.788536628990382,25.788536628990382,100.0
1320,1,44.64728598777966,44.64728598777966,100.0
1320,2,29.56417738322996,29.56417738322996,100.0
1330,0,25.86613809617112,25.86613809617112,100.0
1330,1,51.644124842560046,51.644124842560046,100.0
1330,2,22.489737061268837,22.489737061268837,100.0
1340,0,25.050081389088945,25.050081389088945,100.0
1340,1,48.906161870517394,48.906161870517394,100.0
1340,2,26.043756740393654,26.043756740393654,100.0
1350,0,21.462298231760933,21.462298231760933,100.0
1350,1,38.59283044676999,38.59283044676999,100.0
1350,2,39.94487132146908,39.94487132146908,100.0
1360,0,25.737499081113814,25.737499081113814,100.0
1360,1,52.38429230301972,52.38429230301972,100.0
1360,2,21.87820861586648,21.87820861586648,100.0
1370,0,22.984838298613305,22.984838298613305,100.0
1370,1,43.17537692191946,43.17537692191946,100.0
1370,2,33.839784779467244,33.839784779467244,100.0
1380,0,25.671735715387843,25.671735715387843,100.0
1380,1,52.409344022298775,52.409344022298775,100.0
1380,2,21.918920262313378,21.918920262313378,100.0
1390,0,26.450377823301224,26.450377823301224,100.0
1390,1,31.309540634182948,31.309540634182948,100.0
1390,2,42.24008154251583,42.24008154251583,100.0
1400,0,24.214204297183024,24.214204297183024,100.0
1400,1,44.88444061261135,44.88444061261135,100.0
1400,2,30.901355090205623,30.901355090205623,100.0
1410,0,28.126529406761286,28.126529406761286,100.0
1410,1,29.739298997414963,29.739298997414963,100.0
1410,2,42.13417159582376,42.13417159582376,100.0
1420,0,26.447838930731884,26.447838930731884,100.0
1420,1,30.81157658886188,30.81157658886188,100.0
1420,2,42.74058448040624,42.74058448040624,100.0
1430,0,24.799338905930373,24.799338905930373,100.0
1430,1,32.62311348109963,32.62311348109963,100.0
1430,2,42.577547612969994,42.577547612969994,100.0
1440,0,28.579520038551955,28.579520038551955,100.0
1440,1,42.92057453677221,42.92057453677221,100.0
1440,2,28.49990542467584,28.49990542467584,100.0
1450,0,25.483754392491413,25.483754392491413,100.0
1450,1,50.49208991589569,50.49208991589569,100.0
1450,2,24.0241556916129,24.0241556916129,100.0
1460,0,25.366954136109303,25.366954136109303,100.0
1460,1,44.69792251360301,44.69792251360301,100.0
1460,2,29.93512335028769,29.93512335028769,100.0
1470,0,27.446181565224272,27.446181565224272,100.0
1470,1,38.99773295341997,38.99773295341997,100.0
1470,2,33.55608548135576,33.55608548135576,100.0
1480,0,28.089158226668044,28.089158226668044,100.0
1480,1,45.28949810229421,45.28949810229421,100.0
1480,2,26.621343671037746,26.621343671037746,100.0
1490,0,22.510509906674507,22.510509906674507,100.0
1490,1,43.73590174393004,43.73590174393004,100.0
1490,2,33.75358834939546,33.75358834939546,100.0
1500,0,27.477466861135426,27.477466861135426,100.0
1500,1,47.97431352303887,47.97431352303887,100.0
1500,2,24.548219615825705,24.548219615825705,100.0
