timestamp,sliceId,dedicatedPRB,minPRB,maxPRB
510,0,32.197424193084814,32.197424193084814,100.0
510,1,27.271199974789685,27.271199974789685,100.0
510,2,40.53137583212549,40.53137583212549,100.0
520,0,30.158243970812613,30.158243970812613,100.0
520,1,31.93633967319235,31.93633967319235,100.0
520,2,37.90541635599504,37.90541635599504,100.0
530,0,21.598241273949952,21.598241273949952,100.0
530,1,33.85545190726806,33.85545190726806,100.0
530,2,44.546306818781986,44.546306818781986,100.0
540,0,21.30818454995797,21.30818454995797,100.0
540,1,43.376723571561804,43.376723571561804,100.0
540,2,35.31509187848023,35.31509187848023,100.0
550,0,25.40196949531044,25.40196949531044,100.0
550,1,53.88813331064859,53.88813331064859,100.0
550,2,20.709897194040973,20.709897194040973,100.0
