timestamp,ueImsi,sliceId,dTxBytes,dRxBytes,plr,resourceSharePct,dLostPackets,throughputMbps,bufferBytes
750,1,0,25976,1528,94.12,36.56,16,1.2224,574146
750,2,0,25976,1528,94.12,36.56,16,1.2224,574033
750,3,0,25976,1528,94.12,36.56,16,1.2224,574043
750,4,0,25976,1528,94.12,36.56,16,1.2224,574034
750,5,0,25976,1528,94.12,36.56,16,1.2224,574026
750,6,1,390,234,40.00,31.32,2,0.1872,87
750,7,1,390,234,40.00,31.32,2,0.1872,87
750,8,1,390,234,40.00,31.32,2,0.1872,87
750,9,1,390,234,40.00,31.32,2,0.1872,87
750,10,1,390,234,40.00,31.32,2,0.1872,87
750,11,2,16000,768,95.20,32.11,119,0.6144,384079
750,12,2,16000,768,95.20,32.11,119,0.6144,384081
750,13,2,16000,768,95.20,32.11,119,0.6144,384078
750,14,2,16000,768,95.20,32.11,119,0.6144,384068
750,15,2,16000,768,95.20,32.11,119,0.6144,384138
750,16,2,16000,640,96.00,32.11,120,0.5120,384162
750,17,2,16000,640,96.00,32.11,120,0.5120,384140
750,18,2,16000,640,96.00,32.11,120,0.5120,384034
750,19,2,16000,768,95.20,32.11,119,0.6144,384128
750,20,2,16000,768,95.20,32.11,119,0.6144,384131
