timestamp,ueImsi,sliceId,dTxBytes,dRxBytes,plr,resourceSharePct,dLostPackets,throughputMbps,bufferBytes
560,1,0,24448,1528,93.75,41.66,15,1.2224,136889
560,2,0,24448,1528,93.75,41.66,15,1.2224,136402
560,3,0,24448,3056,87.50,41.66,14,2.4448,136018
560,4,0,24448,3056,87.50,41.66,14,2.4448,135249
560,5,0,24448,3056,87.50,41.66,14,2.4448,135245
560,6,1,390,312,20.00,25.00,1,0.2496,169
560,7,1,390,312,20.00,25.00,1,0.2496,169
560,8,1,390,312,20.00,25.00,1,0.2496,169
560,9,1,390,312,20.00,25.00,1,0.2496,169
560,10,1,390,312,20.00,25.00,1,0.2496,169
560,11,2,16000,512,96.80,33.34,121,0.4096,91583
560,12,2,16000,512,96.80,33.34,121,0.4096,91583
560,13,2,16000,768,95.20,33.34,119,0.6144,91293
560,14,2,16000,768,95.20,33.34,119,0.6144,90869
560,15,2,16000,896,94.40,33.34,118,0.7168,90739
560,16,2,16000,896,94.40,33.34,118,0.7168,90739
560,17,2,16000,512,96.80,33.34,121,0.4096,90686
560,18,2,16000,1024,93.60,33.34,117,0.8192,90647
560,19,2,16000,1024,93.60,33.34,117,0.8192,90637
560,20,2,16000,1024,93.60,33.34,117,0.8192,90637
