timestamp,sliceId,dedicatedPRB,minPRB,maxPRB
510,0,39.00991632418307,39.00991632418307,100.0
510,1,35.87532601046342,35.87532601046342,100.0
510,2,25.11475766535351,25.11475766535351,100.0
520,0,48.983173461613596,48.983173461613596,100.0
520,1,31.173902995581976,31.173902995581976,100.0
520,2,19.84292354280443,19.84292354280443,100.0
530,0,30.190147898159157,30.190147898159157,100.0
530,1,35.81737430548407,35.81737430548407,100.0
530,2,33.99247779635677,33.99247779635677,100.0
540,0,26.429939083465438,26.429939083465438,100.0
540,1,48.86030034777148,48.86030034777148,100.0
540,2,24.709760568763084,24.709760568763084,100.0
550,0,22.472444637379443,22.472444637379443,100.0
550,1,36.33924609116496,36.33924609116496,100.0
550,2,41.188309271455594,41.188309271455594,100.0
560,0,36.18714271161299,36.18714271161299,100.0
560,1,40.94960242034825,40.94960242034825,100.0
560,2,22.86325486803876,22.86325486803876,100.0
570,0,25.61032281703241,25.61032281703241,100.0
570,1,26.182094006330825,26.182094006330825,100.0
570,2,48.20758317663676,48.20758317663676,100.0
