timestamp,ueImsi,sliceId,dTxBytes,dRxBytes,plr,resourceSharePct,dLostPackets,throughputMbps,bufferBytes
560,1,0,24448,1528,93.75,16.67,15,1.2224,137551
560,2,0,24448,1528,93.75,16.67,15,1.2224,136585
560,3,0,24448,1528,93.75,16.67,15,1.2224,136587
560,4,0,24448,1528,93.75,16.67,15,1.2224,136102
560,5,0,24448,1528,93.75,16.67,15,1.2224,135817
560,6,1,390,312,20.00,70.00,1,0.2496,169
560,7,1,390,312,20.00,70.00,1,0.2496,169
560,8,1,390,312,20.00,70.00,1,0.2496,169
560,9,1,390,312,20.00,70.00,1,0.2496,169
560,10,1,390,312,20.00,70.00,1,0.2496,169
560,11,2,16000,384,97.60,13.34,122,0.3072,90474
560,12,2,16000,512,96.80,13.34,121,0.4096,90674
560,13,2,16000,384,97.60,13.34,122,0.3072,90477
560,14,2,16000,640,96.00,13.34,120,0.5120,90124
560,15,2,16000,768,95.20,13.34,119,0.6144,90186
560,16,2,16000,768,95.20,13.34,119,0.6144,90186
560,17,2,16000,768,95.20,13.34,119,0.6144,90079
560,18,2,16000,768,95.20,13.34,119,0.6144,90086
560,19,2,16000,768,95.20,13.34,119,0.6144,89686
560,20,2,16000,896,94.40,13.34,118,0.7168,88919
