timestamp,sliceId,dedicatedPRB,minPRB,maxPRB
510,0,42.66828953481031,42.66828953481031,100.0
510,1,31.64371691969278,31.64371691969278,100.0
510,2,25.687993545496912,25.687993545496912,100.0
520,0,22.644459926521606,22.644459926521606,100.0
520,1,58.149780991775145,58.149780991775145,100.0
520,2,19.205759081703246,19.205759081703246,100.0
530,0,25.65573500584809,25.65573500584809,100.0
530,1,45.27886638470808,45.27886638470808,100.0
530,2,29.065398609443832,29.065398609443832,100.0
540,0,31.412311968262657,31.412311968262657,100.0
540,1,29.93949310735513,29.93949310735513,100.0
540,2,38.648194924382224,38.648194924382224,100.0
550,0,23.98250918922872,23.98250918922872,100.0
550,1,29.570515361069717,29.570515361069717,100.0
550,2,46.44697544970157,46.44697544970157,100.0
560,0,31.674590369304756,31.674590369304756,100.0
560,1,29.217941423982218,29.217941423982218,100.0
560,2,39.10746820671302,39.10746820671302,100.0
570,0,24.865094089839822,24.865094089839822,100.0
570,1,29.389036188099787,29.389036188099787,100.0
570,2,45.7458697220604,45.7458697220604,100.0
580,0,40.844240641337684,40.844240641337684,100.0
580,1,27.17951245779833,27.17951245779833,100.0
580,2,31.976246900863973,31.976246900863973,100.0
590,0,30.5919924670345,30.5919924670345,100.0
590,1,29.16616205527648,29.16616205527648,100.0
590,2,40.24184547768902,40.24184547768902,100.0
600,0,45.18526859709779,45.18526859709779,100.0
600,1,30.346736758718507,30.346736758718507,100.0
600,2,24.467994644183715,24.467994644183715,100.0
610,0,25.803097598929686,25.803097598929686,100.0
610,1,32.746827464134,32.746827464134,100.0
610,2,41.45007493693632,41.45007493693632,100.0
620,0,23.62945527303105,23.62945527303105,100.0
620,1,48.63086880159758,48.63086880159758,100.0
620,2,27.739675925371376,27.739675925371376,100.0
630,0,29.65485903818773,29.65485903818773,100.0
630,1,43.085035952591234,43.085035952591234,100.0
630,2,27.260105009221032,27.260105009221032,100.0
640,0,39.04459794302939,39.04459794302939,100.0
640,1,36.22740957820851,36.22740957820851,100.0
640,2,24.727992478762108,24.727992478762108,100.0
650,0,25.60285334036967,25.60285334036967,100.0
650,1,33.60868098158035,33.60868098158035,100.0
650,2,40.78846567804998,40.78846567804998,100.0
660,0,33.55401610358887,33.55401610358887,100.0
660,1,31.287347445091797,31.287347445091797,100.0
660,2,35.15863645131934,35.15863645131934,100.0
670,0,33.118772200651705,33.118772200651705,100.0
670,1,30.037300829943227,30.037300829943227,100.0
670,2,36.843926969405075,36.843926969405075,100.0
680,0,33.60379913935514,33.60379913935514,100.0
680,1,30.502261108214633,30.502261108214633,100.0
680,2,35.89393975243023,35.89393975243023,100.0
690,0,33.08779446022879,33.08779446022879,100.0
690,1,39.718055978191536,39.718055978191536,100.0
690,2,27.194149561579678,27.194149561579678,100.0
700,0,24.324730609613404,24.324730609613404,100.0
700,1,34.98212555167637,34.98212555167637,100.0
700,2,40.693143838710235,40.693143838710235,100.0
710,0,31.388718606938316,31.388718606938316,100.0
710,1,39.940885755806924,39.940885755806924,100.0
710,2,28.670395637254764,28.670395637254764,100.0
720,0,23.341207058272275,23.341207058272275,100.0
720,1,35.95748638260171,35.95748638260171,100.0
720,2,40.701306559126024,40.701306559126024,100.0
730,0,34.37829697455873,34.37829697455873,100.0
730,1,39.748899558595916,39.748899558595916,100.0
730,2,25.87280346684535,25.87280346684535,100.0
740,0,28.93966950269835,28.93966950269835,100.0
740,1,38.57725418340032,38.57725418340032,100.0
740,2,32.48307631390133,32.48307631390133,100.0
750,0,30.450372501210964,30.450372501210964,100.0
750,1,42.334007057049874,42.334007057049874,100.0
750,2,27.21562044173917,27.21562044173917,100.0
760,0,38.94322433149645,38.94322433149645,100.0
760,1,31.880450789785836,31.880450789785836,100.0
760,2,29.176324878717708,29.176324878717708,100.0
770,0,25.20295800017518,25.20295800017518,100.0
770,1,51.91751025068574,51.91751025068574,100.0
770,2,22.879531749139076,22.879531749139076,100.0
780,0,25.612096574555842,25.612096574555842,100.0
780,1,43.112547608304844,43.112547608304844,100.0
780,2,31.275355817139317,31.275355817139317,100.0
790,0,30.58359317991214,30.58359317991214,100.0
790,1,32.684618454284376,32.684618454284376,100.0
790,2,36.73178836580349,36.73178836580349,100.0
800,0,35.93487435606827,35.93487435606827,100.0
800,1,26.912088976242437,26.912088976242437,100.0
800,2,37.1530366676893,37.1530366676893,100.0
810,0,41.253981277515564,41.253981277515564,100.0
810,1,32.37053075068064,32.37053075068064,100.0
810,2,26.3754879718038,26.3754879718038,100.0
820,0,26.118502684062406,26.118502684062406,100.0
820,1,35.52328542151684,35.52328542151684,100.0
820,2,38.358211894420755,38.358211894420755,100.0
830,0,24.645013679159725,24.645013679159725,100.0
830,1,36.03723559081431,36.03723559081431,100.0
830,2,39.31775073002596,39.31775073002596,100.0
840,0,30.43472403570302,30.43472403570302,100.0
840,1,35.89378898091822,35.89378898091822,100.0
840,2,33.67148698337876,33.67148698337876,100.0
850,0,30.428748636020497,30.428748636020497,100.0
850,1,29.406210675437062,29.406210675437062,100.0
850,2,40.16504068854244,40.16504068854244,100.0
860,0,42.93186876537286,42.93186876537286,100.0
860,1,30.463003152733503,30.463003152733503,100.0
860,2,26.605128081893636,26.605128081893636,100.0
870,0,24.552081331602242,24.552081331602242,100.0
870,1,37.69467366681089,37.69467366681089,100.0
870,2,37.75324500158687,37.75324500158687,100.0
880,0,25.653967430350722,25.653967430350722,100.0
880,1,28.56982108617544,28.56982108617544,100.0
880,2,45.77621148347384,45.77621148347384,100.0
890,0,34.03771459266805,34.03771459266805,100.0
890,1,27.59434200227806,27.59434200227806,100.0
890,2,38.367943405053886,38.367943405053886,100.0
900,0,40.3464986389942,40.3464986389942,100.0
900,1,24.598923189924594,24.598923189924594,100.0
900,2,35.05457817108121,35.05457817108121,100.0
910,0,39.8389997832782,39.8389997832782,100.0
910,1,28.540183997293838,28.540183997293838,100.0
910,2,31.620816219427976,31.620816219427976,100.0
920,0,36.61209774074704,36.61209774074704,100.0
920,1,28.41081986547905,28.41081986547905,100.0
920,2,34.97708239377392,34.97708239377392,100.0
930,0,33.18619522443298,33.18619522443298,100.0
930,1,26.167193584681996,26.167193584681996,100.0
930,2,40.64661119088503,40.64661119088503,100.0
940,0,24.71257077039989,24.71257077039989,100.0
940,1,30.44375781985854,30.44375781985854,100.0
940,2,44.84367140974157,44.84367140974157,100.0
950,0,29.449848576968275,29.449848576968275,100.0
950,1,47.980733332015554,47.980733332015554,100.0
950,2,22.569418091016182,22.569418091016182,100.0
960,0,34.09568829232923,34.09568829232923,100.0
960,1,35.853871919409094,35.853871919409094,100.0
960,2,30.050439788261674,30.050439788261674,100.0
970,0,29.47288642921515,29.47288642921515,100.0
970,1,43.81120562406825,43.81120562406825,100.0
970,2,26.715907946716595,26.715907946716595,100.0
980,0,39.029811725081856,39.029811725081856,100.0
980,1,40.3445095045633,40.3445095045633,100.0
980,2,20.62567877035485,20.62567877035485,100.0
990,0,42.56162065435165,42.56162065435165,100.0
990,1,29.307353092264922,29.307353092264922,100.0
990,2,28.131026253383435,28.131026253383435,100.0
1000,0,42.26643405214817,42.26643405214817,100.0
1000,1,37.32146747256352,37.32146747256352,100.0
1000,2,20.412098475288314,20.412098475288314,100.0
1010,0,25.814181444407115,25.814181444407115,100.0
1010,1,31.581735212605285,31.581735212605285,100.0
1010,2,42.60408334298761,42.60408334298761,100.0
1020,0,30.130277423296036,30.130277423296036,100.0
1020,1,26.881867356734617,26.881867356734617,100.0
1020,2,42.98785521996935,42.98785521996935,100.0
1030,0,31.801693489788057,31.801693489788057,100.0
1030,1,36.733336968992404,36.733336968992404,100.0
1030,2,31.464969541219546,31.464969541219546,100.0
1040,0,44.65452872302212,44.65452872302212,100.0
1040,1,34.52987595920335,34.52987595920335,100.0
1040,2,20.815595317774545,20.815595317774545,100.0
1050,0,42.772953337839084,42.772953337839084,100.0
1050,1,30.794004077252797,30.794004077252797,100.0
1050,2,26.433042584908122,26.433042584908122,100.0
1060,0,24.854904048210077,24.854904048210077,100.0
1060,1,44.16904395047502,44.16904395047502,100.0
1060,2,30.9760520013149,30.9760520013149,100.0
1070,0,27.40081143420484,27.40081143420484,100.0
1070,1,47.836794162269506,47.836794162269506,100.0
1070,2,24.76239440352565,24.76239440352565,100.0
1080,0,25.846149517603994,25.846149517603994,100.0
1080,1,37.947791769785525,37.947791769785525,100.0
1080,2,36.20605871261049,36.20605871261049,100.0
1090,0,32.19507925027582,32.19507925027582,100.0
1090,1,47.97050809321434,47.97050809321434,100.0
1090,2,19.83441265650984,19.83441265650984,100.0
1100,0,53.09410530068407,53.09410530068407,100.0
1100,1,26.31707671948894,26.31707671948894,100.0
1100,2,20.58881797982699,20.58881797982699,100.0
1110,0,26.27885966364773,26.27885966364773,100.0
1110,1,47.18378173520297,47.18378173520297,100.0
1110,2,26.537358601149297,26.537358601149297,100.0
1120,0,33.14316157599437,33.14316157599437,100.0
1120,1,33.202942906547044,33.202942906547044,100.0
1120,2,33.653895517458594,33.653895517458594,100.0
1130,0,27.586272417855458,27.586272417855458,100.0
1130,1,32.742539787749244,32.742539787749244,100.0
1130,2,39.67118779439531,39.67118779439531,100.0
1140,0,28.567859593160332,28.567859593160332,100.0
1140,1,45.11204374720171,45.11204374720171,100.0
1140,2,26.320096659637947,26.320096659637947,100.0
1150,0,23.822206088144437,23.822206088144437,100.0
1150,1,35.78165780114267,35.78165780114267,100.0
1150,2,40.39613611071289,40.39613611071289,100.0
1160,0,44.372522668904764,44.372522668904764,100.0
1160,1,25.542857108266315,25.542857108266315,100.0
1160,2,30.08462022282891,30.08462022282891,100.0
1170,0,39.401235251083364,39.401235251083364,100.0
1170,1,38.640509735687644,38.640509735687644,100.0
1170,2,21.958255013229007,21.958255013229007,100.0
1180,0,33.382479569251394,33.382479569251394,100.0
1180,1,27.416943893887957,27.416943893887957,100.0
1180,2,39.200576536860645,39.200576536860645,100.0
1190,0,26.88997589647821,26.88997589647821,100.0
1190,1,39.0175684057325,39.0175684057325,100.0
1190,2,34.09245569778929,34.09245569778929,100.0
1200,0,26.10668312219483,26.10668312219483,100.0
1200,1,40.877514057983,40.877514057983,100.0
1200,2,33.01580281982217,33.01580281982217,100.0
1210,0,34.036398970905914,34.036398970905914,100.0
1210,1,34.28509916362897,34.28509916362897,100.0
1210,2,31.67850186546512,31.67850186546512,100.0
1220,0,27.92844667469848,27.92844667469848,100.0
1220,1,28.79728283816561,28.79728283816561,100.0
1220,2,43.274270487135915,43.274270487135915,100.0
1230,0,35.936689687030544,35.936689687030544,100.0
1230,1,27.295613384746165,27.295613384746165,100.0
1230,2,36.767696928223295,36.767696928223295,100.0
1240,0,24.868477922985697,24.868477922985697,100.0
1240,1,31.96195638087825,31.96195638087825,100.0
1240,2,43.16956569613606,43.16956569613606,100.0
1250,0,23.254105873637304,23.254105873637304,100.0
1250,1,48.985063875388995,48.985063875388995,100.0
1250,2,27.760830250973704,27.760830250973704,100.0
1260,0,37.6443119777986,37.6443119777986,100.0
1260,1,38.456931469042,38.456931469042,100.0
1260,2,23.8987565531594,23.8987565531594,100.0
1270,0,37.924511227584425,37.924511227584425,100.0
1270,1,40.11114366714241,40.11114366714241,100.0
1270,2,21.964345105273182,21.964345105273182,100.0
1280,0,35.01671878927887,35.01671878927887,100.0
1280,1,42.28893390892489,42.28893390892489,100.0
1280,2,22.694347301796252,22.694347301796252,100.0
1290,0,37.82375641632141,37.82375641632141,100.0
1290,1,35.56759453743043,35.56759453743043,100.0
1290,2,26.60864904624815,26.60864904624815,100.0
1300,0,25.868114059666965,25.868114059666965,100.0
1300,1,33.734730645623486,33.734730645623486,100.0
1300,2,40.39715529470955,40.39715529470955,100.0
1310,0,26.630143990130662,26.630143990130662,100.0
1310,1,49.28315160512291,49.28315160512291,100.0
1310,2,24.086704404746424,24.086704404746424,100.0
1320,0,28.03688762743294,28.03688762743294,100.0
1320,1,49.58045633451803,49.58045633451803,100.0
1320,2,22.38265603804903,22.38265603804903,100.0
1330,0,41.02731060518544,41.02731060518544,100.0
1330,1,38.27408744512499,38.27408744512499,100.0
1330,2,20.698601949689564,20.698601949689564,100.0
1340,0,25.372754459393406,25.372754459393406,100.0
1340,1,51.44510072560418,51.44510072560418,100.0
1340,2,23.18214481500243,23.18214481500243,100.0
1350,0,31.07913239090887,31.07913239090887,100.0
1350,1,49.32470784798382,49.32470784798382,100.0
1350,2,19.596159761107312,19.596159761107312,100.0
1360,0,23.760271219336758,23.760271219336758,100.0
1360,1,44.70266210426319,44.70266210426319,100.0
1360,2,31.537066676400055,31.537066676400055,100.0
1370,0,28.74939614187053,28.74939614187053,100.0
1370,1,47.10358674488819,47.10358674488819,100.0
1370,2,24.147017113241283,24.147017113241283,100.0
1380,0,33.91560542416948,33.91560542416948,100.0
1380,1,41.52315184181725,41.52315184181725,100.0
1380,2,24.561242734013273,24.561242734013273,100.0
1390,0,24.66261873150809,24.66261873150809,100.0
1390,1,30.53662593634263,30.53662593634263,100.0
1390,2,44.80075533214928,44.80075533214928,100.0
1400,0,31.24608311898284,31.24608311898284,100.0
1400,1,43.57319240625389,43.57319240625389,100.0
1400,2,25.180724474763288,25.180724474763288,100.0
1410,0,31.620504470311534,31.620504470311534,100.0
1410,1,36.632309753464305,36.632309753464305,100.0
1410,2,31.747185776224157,31.747185776224157,100.0
1420,0,23.468257930126452,23.468257930126452,100.0
1420,1,34.84465212926288,34.84465212926288,100.0
1420,2,41.68708994061067,41.68708994061067,100.0
1430,0,34.64315294747435,34.64315294747435,100.0
1430,1,41.618602877937896,41.618602877937896,100.0
1430,2,23.738244174587763,23.738244174587763,100.0
1440,0,26.22150723006985,26.22150723006985,100.0
1440,1,45.22345398654124,45.22345398654124,100.0
1440,2,28.55503878338892,28.55503878338892,100.0
1450,0,27.21769468453944,27.21769468453944,100.0
1450,1,38.35178118894957,38.35178118894957,100.0
1450,2,34.43052412651099,34.43052412651099,100.0
1460,0,40.15212226417843,40.15212226417843,100.0
1460,1,29.895693264488425,29.895693264488425,100.0
1460,2,29.952184471333144,29.952184471333144,100.0
1470,0,22.797612723079915,22.797612723079915,100.0
1470,1,27.291314595885964,27.291314595885964,100.0
1470,2,49.91107268103412,49.91107268103412,100.0
1480,0,30.85054039766947,30.85054039766947,100.0
1480,1,41.181706168972994,41.181706168972994,100.0
1480,2,27.967753433357544,27.967753433357544,100.0
1490,0,21.760491493936577,21.760491493936577,100.0
1490,1,46.98052209264054,46.98052209264054,100.0
1490,2,31.258986413422885,31.258986413422885,100.0
1500,0,20.518543129443003,20.518543129443003,100.0
1500,1,41.12257043562642,41.12257043562642,100.0
1500,2,38.358886434930575,38.358886434930575,100.0
