timestamp,ueImsi,sliceId,dTxBytes,dRxBytes,plr,resourceSharePct,dLostPackets,throughputMbps,bufferBytes
1510,1,0,35144,33616,4.35,44.00,1,26.8928,168074
1510,2,0,35144,19864,43.48,44.00,10,15.8912,1499725
1510,3,1,1014,1248,0.00,35.92,0,0.9984,87
1510,4,1,1014,936,7.69,35.92,1,0.7488,87
1510,5,2,256,0,100.00,20.08,2,0.0000,137
1510,6,2,256,256,0.00,20.08,0,0.2048,137
1510,7,2,256,256,0.00,20.08,0,0.2048,137
1510,8,2,256,0,100.00,20.08,2,0.0000,137
1510,9,2,256,0,100.00,20.08,2,0.0000,137
1510,10,2,256,256,0.00,20.08,0,0.2048,137
