timestamp,ueImsi,sliceId,dTxBytes,dRxBytes,plr,resourceSharePct,dLostPackets,throughputMbps,bufferBytes
1510,1,0,18336,15280,16.67,31.02,2,12.2240,848
1510,2,0,18336,13752,25.00,31.02,3,11.0016,546421
1510,3,0,18336,16808,8.33,31.02,1,13.4464,187610
1510,4,0,18336,7640,58.33,31.02,7,6.1120,1051944
1510,5,0,18336,0,100.00,31.02,12,0.0000,1700750
1510,6,1,390,0,100.00,37.64,5,0.0000,87
1510,7,1,390,390,0.00,37.64,0,0.3120,87
1510,8,1,390,702,0.00,37.64,0,0.5616,989
1510,9,1,390,0,100.00,37.64,5,0.0000,579
1510,10,1,390,390,0.00,37.64,0,0.3120,87
1510,11,2,384,256,33.33,31.34,1,0.2048,117
1510,12,2,384,256,33.33,31.34,1,0.2048,137
1510,13,2,384,256,33.33,31.34,1,0.2048,137
1510,14,2,384,0,100.00,31.34,3,0.0000,269
1510,15,2,384,256,33.33,31.34,1,0.2048,137
1510,16,2,384,256,33.33,31.34,1,0.2048,137
1510,17,2,384,1280,0.00,31.34,0,1.0240,137
1510,18,2,384,0,100.00,31.34,3,0.0000,137
1510,19,2,384,256,33.33,31.34,1,0.2048,137
1510,20,2,384,0,100.00,31.34,3,0.0000,137
