timestamp,ueImsi,sliceId,dTxBytes,dRxBytes,plr,resourceSharePct,dLostPackets,throughputMbps,bufferBytes
560,1,0,24448,3056,87.50,36.67,14,2.4448,135532
560,2,0,24448,3056,87.50,36.67,14,2.4448,135540
560,3,0,24448,3056,87.50,36.67,14,2.4448,135443
560,4,0,24448,3056,87.50,36.67,14,2.4448,135442
560,5,0,24448,1528,93.75,36.67,15,1.2224,134961
560,6,1,390,312,20.00,25.00,1,0.2496,169
560,7,1,390,312,20.00,25.00,1,0.2496,169
560,8,1,390,312,20.00,25.00,1,0.2496,169
560,9,1,390,312,20.00,25.00,1,0.2496,169
560,10,1,390,312,20.00,25.00,1,0.2496,169
560,11,2,16000,896,94.40,38.33,118,0.7168,90795
560,12,2,16000,896,94.40,38.33,118,0.7168,90795
560,13,2,16000,896,94.40,38.33,118,0.7168,90405
560,14,2,16000,896,94.40,38.33,118,0.7168,90113
560,15,2,16000,1152,92.80,38.33,116,0.9216,90076
560,16,2,16000,1152,92.80,38.33,116,0.9216,90076
560,17,2,16000,1152,92.80,38.33,116,0.9216,90076
560,18,2,16000,1152,92.80,38.33,116,0.9216,90076
560,19,2,16000,1024,93.60,38.33,117,0.8192,90062
560,20,2,16000,1024,93.60,38.33,117,0.8192,90055
