timestamp,sliceId,dedicatedPRB,minPRB,maxPRB
510,0,40.263009038742176,40.263009038742176,100.0
510,1,41.770135004463214,41.770135004463214,100.0
510,2,17.966855956794614,17.966855956794614,100.0
520,0,35.04919479431412,35.04919479431412,100.0
520,1,32.090755590755904,32.090755590755904,100.0
520,2,32.86004961492997,32.86004961492997,100.0
530,0,31.047480008503335,31.047480008503335,100.0
530,1,36.064870783951584,36.064870783951584,100.0
530,2,32.88764920754508,32.88764920754508,100.0
540,0,39.78642745112928,39.78642745112928,100.0
540,1,24.964424219131732,24.964424219131732,100.0
540,2,35.24914832973899,35.24914832973899,100.0
550,0,45.1561297968647,45.1561297968647,100.0
550,1,24.781599186568247,24.781599186568247,100.0
550,2,30.062271016567056,30.062271016567056,100.0
560,0,35.7851353463715,35.7851353463715,100.0
560,1,35.51641070096273,35.51641070096273,100.0
560,2,28.698453952665766,28.698453952665766,100.0
570,0,33.67462292241697,33.67462292241697,100.0
570,1,34.8098404403601,34.8098404403601,100.0
570,2,31.515536637222937,31.515536637222937,100.0
580,0,45.62034903027195,45.62034903027195,100.0
580,1,33.55330026643631,33.55330026643631,100.0
580,2,20.826350703291734,20.826350703291734,100.0
590,0,31.15961828085505,31.15961828085505,100.0
590,1,38.19789765731147,38.19789765731147,100.0
590,2,30.642484061833475,30.642484061833475,100.0
600,0,30.1998869690805,30.1998869690805,100.0
600,1,43.32087523477289,43.32087523477289,100.0
600,2,26.479237796146617,26.479237796146617,100.0
610,0,31.667476266903645,31.667476266903645,100.0
610,1,40.00061293612319,40.00061293612319,100.0
610,2,28.33191079697317,28.33191079697317,100.0
620,0,34.83121905955353,34.83121905955353,100.0
620,1,46.88321548824397,46.88321548824397,100.0
620,2,18.285565452202494,18.285565452202494,100.0
630,0,21.878276180398128,21.878276180398128,100.0
630,1,49.64716928698993,49.64716928698993,100.0
630,2,28.47455453261194,28.47455453261194,100.0
640,0,29.909874305502804,29.909874305502804,100.0
640,1,31.126898375855994,31.126898375855994,100.0
640,2,38.9632273186412,38.9632273186412,100.0
650,0,24.216933117898385,24.216933117898385,100.0
650,1,42.92280250016582,42.92280250016582,100.0
650,2,32.86026438193579,32.86026438193579,100.0
660,0,31.415076677357757,31.415076677357757,100.0
660,1,37.60140092322229,37.60140092322229,100.0
660,2,30.98352239941995,30.98352239941995,100.0
670,0,28.21843192728378,28.21843192728378,100.0
670,1,30.374049025342675,30.374049025342675,100.0
670,2,41.40751904737354,41.40751904737354,100.0
680,0,26.972205940941297,26.972205940941297,100.0
680,1,25.938957313769684,25.938957313769684,100.0
680,2,47.08883674528902,47.08883674528902,100.0
690,0,29.09549303817571,29.09549303817571,100.0
690,1,36.88637816935789,36.88637816935789,100.0
690,2,34.0181287924664,34.0181287924664,100.0
700,0,20.343712909449398,20.343712909449398,100.0
700,1,45.34921238889037,45.34921238889037,100.0
700,2,34.30707470166023,34.30707470166023,100.0
710,0,20.765994170562387,20.765994170562387,100.0
710,1,42.05182326151156,42.05182326151156,100.0
710,2,37.182182567926056,37.182182567926056,100.0
720,0,22.037797882379813,22.037797882379813,100.0
720,1,42.19602001417527,42.19602001417527,100.0
720,2,35.76618210344492,35.76618210344492,100.0
730,0,27.65685080311224,27.65685080311224,100.0
730,1,44.975927852695484,44.975927852695484,100.0
730,2,27.367221344192274,27.367221344192274,100.0
740,0,24.179478735939522,24.179478735939522,100.0
740,1,31.434801215686093,31.434801215686093,100.0
740,2,44.385720048374395,44.385720048374395,100.0
750,0,23.537293720649526,23.537293720649526,100.0
750,1,43.234743426423414,43.234743426423414,100.0
750,2,33.22796285292706,33.22796285292706,100.0
760,0,35.64948577094324,35.64948577094324,100.0
760,1,26.360195506014634,26.360195506014634,100.0
760,2,37.99031872304213,37.99031872304213,100.0
770,0,25.663007847229235,25.663007847229235,100.0
770,1,40.94867716240876,40.94867716240876,100.0
770,2,33.38831499036201,33.38831499036201,100.0
780,0,21.68788241419329,21.68788241419329,100.0
780,1,44.05459654597064,44.05459654597064,100.0
780,2,34.25752103983607,34.25752103983607,100.0
790,0,23.95127011548826,23.95127011548826,100.0
790,1,38.40353316642443,38.40353316642443,100.0
790,2,37.645196718087305,37.645196718087305,100.0
800,0,28.617597815397243,28.617597815397243,100.0
800,1,33.63289314973606,33.63289314973606,100.0
800,2,37.74950903486669,37.74950903486669,100.0
810,0,25.326158656695995,25.326158656695995,100.0
810,1,40.086364468749004,40.086364468749004,100.0
810,2,34.587476874554994,34.587476874554994,100.0
820,0,22.88098604534004,22.88098604534004,100.0
820,1,51.00761754282522,51.00761754282522,100.0
820,2,26.111396411834747,26.111396411834747,100.0
830,0,29.48253079125119,29.48253079125119,100.0
830,1,49.58149403948583,49.58149403948583,100.0
830,2,20.935975169262978,20.935975169262978,100.0
840,0,27.338994992153687,27.338994992153687,100.0
840,1,44.57522776616651,44.57522776616651,100.0
840,2,28.085777241679803,28.085777241679803,100.0
850,0,30.07529072528684,30.07529072528684,100.0
850,1,45.95897300000179,45.95897300000179,100.0
850,2,23.965736274711375,23.965736274711375,100.0
860,0,27.000431002945145,27.000431002945145,100.0
860,1,45.74509086670578,45.74509086670578,100.0
860,2,27.254478130349085,27.254478130349085,100.0
870,0,34.65914341633022,34.65914341633022,100.0
870,1,45.49354684194745,45.49354684194745,100.0
870,2,19.84730974172233,19.84730974172233,100.0
880,0,35.93508735667079,35.93508735667079,100.0
880,1,36.5417788982683,36.5417788982683,100.0
880,2,27.523133745060914,27.523133745060914,100.0
890,0,22.496004289574344,22.496004289574344,100.0
890,1,46.34321748705972,46.34321748705972,100.0
890,2,31.160778223365938,31.160778223365938,100.0
900,0,37.44373679923323,37.44373679923323,100.0
900,1,35.37004868098607,35.37004868098607,100.0
900,2,27.186214519780698,27.186214519780698,100.0
910,0,29.6049738279926,29.6049738279926,100.0
910,1,51.92498611743937,51.92498611743937,100.0
910,2,18.470040054568038,18.470040054568038,100.0
920,0,31.365579374739376,31.365579374739376,100.0
920,1,43.532101972820925,43.532101972820925,100.0
920,2,25.102318652439703,25.102318652439703,100.0
930,0,21.33564730870515,21.33564730870515,100.0
930,1,44.17349480866182,44.17349480866182,100.0
930,2,34.49085788263303,34.49085788263303,100.0
940,0,24.741376901739763,24.741376901739763,100.0
940,1,39.26409879760296,39.26409879760296,100.0
940,2,35.99452430065727,35.99452430065727,100.0
950,0,24.7906104737321,24.7906104737321,100.0
950,1,44.300056676408786,44.300056676408786,100.0
950,2,30.909332849859105,30.909332849859105,100.0
960,0,29.073880623775928,29.073880623775928,100.0
960,1,48.498440668851636,48.498440668851636,100.0
960,2,22.42767870737243,22.42767870737243,100.0
970,0,38.50888299919753,38.50888299919753,100.0
970,1,37.22326063983065,37.22326063983065,100.0
970,2,24.267856360971823,24.267856360971823,100.0
980,0,21.650704305489192,21.650704305489192,100.0
980,1,42.78731672615856,42.78731672615856,100.0
980,2,35.56197896835225,35.56197896835225,100.0
990,0,24.489649477151705,24.489649477151705,100.0
990,1,46.76429368664597,46.76429368664597,100.0
990,2,28.746056836202328,28.746056836202328,100.0
1000,0,22.846039471942003,22.846039471942003,100.0
1000,1,45.20624779195529,45.20624779195529,100.0
1000,2,31.94771273610271,31.94771273610271,100.0
1010,0,24.457391560825187,24.457391560825187,100.0
1010,1,56.427492038318135,56.427492038318135,100.0
1010,2,19.115116400856685,19.115116400856685,100.0
1020,0,21.57448761333594,21.57448761333594,100.0
1020,1,43.83369706890302,43.83369706890302,100.0
1020,2,34.591815317761046,34.591815317761046,100.0
1030,0,22.910584358635713,22.910584358635713,100.0
1030,1,34.450934122526164,34.450934122526164,100.0
1030,2,42.63848151883812,42.63848151883812,100.0
1040,0,30.048559231668747,30.048559231668747,100.0
1040,1,37.64524916808081,37.64524916808081,100.0
1040,2,32.30619160025044,32.30619160025044,100.0
1050,0,31.589063256742172,31.589063256742172,100.0
1050,1,42.41627864679228,42.41627864679228,100.0
1050,2,25.994658096465557,25.994658096465557,100.0
1060,0,30.710133499115987,30.710133499115987,100.0
1060,1,27.40827060502733,27.40827060502733,100.0
1060,2,41.881595895856684,41.881595895856684,100.0
1070,0,22.414297168148497,22.414297168148497,100.0
1070,1,27.214103840755367,27.214103840755367,100.0
1070,2,50.371598991096135,50.371598991096135,100.0
1080,0,23.488226001300855,23.488226001300855,100.0
1080,1,45.62458205011591,45.62458205011591,100.0
1080,2,30.887191948583236,30.887191948583236,100.0
1090,0,21.044839802193984,21.044839802193984,100.0
1090,1,41.53455013808534,41.53455013808534,100.0
1090,2,37.42061005972067,37.42061005972067,100.0
1100,0,30.842787907460245,30.842787907460245,100.0
1100,1,43.4103712771685,43.4103712771685,100.0
1100,2,25.746840815371254,25.746840815371254,100.0
1110,0,24.35889546263586,24.35889546263586,100.0
1110,1,54.42785766552235,54.42785766552235,100.0
1110,2,21.21324687184179,21.21324687184179,100.0
1120,0,46.22921698635963,46.22921698635963,100.0
1120,1,31.07095147075425,31.07095147075425,100.0
1120,2,22.69983154288612,22.69983154288612,100.0
1130,0,33.63308305101912,33.63308305101912,100.0
1130,1,39.05758147860104,39.05758147860104,100.0
1130,2,27.309335470379835,27.309335470379835,100.0
1140,0,25.412652221067734,25.412652221067734,100.0
1140,1,52.57145721134149,52.57145721134149,100.0
1140,2,22.01589056759078,22.01589056759078,100.0
1150,0,27.405101054974327,27.405101054974327,100.0
1150,1,48.32493809570304,48.32493809570304,100.0
1150,2,24.269960849322626,24.269960849322626,100.0
1160,0,24.772431486447346,24.772431486447346,100.0
1160,1,54.40966283578537,54.40966283578537,100.0
1160,2,20.817905677767296,20.817905677767296,100.0
1170,0,28.60067089904701,28.60067089904701,100.0
1170,1,29.62519591323398,29.62519591323398,100.0
1170,2,41.77413318771902,41.77413318771902,100.0
1180,0,24.610232020060167,24.610232020060167,100.0
1180,1,42.507702349592485,42.507702349592485,100.0
1180,2,32.88206563034735,32.88206563034735,100.0
1190,0,24.55533764565977,24.55533764565977,100.0
1190,1,42.5894511309641,42.5894511309641,100.0
1190,2,32.85521122337614,32.85521122337614,100.0
1200,0,23.543058326597098,23.543058326597098,100.0
1200,1,42.23133248814208,42.23133248814208,100.0
1200,2,34.22560918526082,34.22560918526082,100.0
1210,0,29.01565801432209,29.01565801432209,100.0
1210,1,31.17874420717112,31.17874420717112,100.0
1210,2,39.805597778506794,39.805597778506794,100.0
1220,0,31.270055184223395,31.270055184223395,100.0
1220,1,43.726956918952425,43.726956918952425,100.0
1220,2,25.002987896824187,25.002987896824187,100.0
1230,0,25.626169165210715,25.626169165210715,100.0
1230,1,36.87898627932864,36.87898627932864,100.0
1230,2,37.49484455546065,37.49484455546065,100.0
1240,0,23.33131349976265,23.33131349976265,100.0
1240,1,50.13509111315728,50.13509111315728,100.0
1240,2,26.533595387080062,26.533595387080062,100.0
1250,0,29.352058324009136,29.352058324009136,100.0
1250,1,35.30405741194337,35.30405741194337,100.0
1250,2,35.34388426404751,35.34388426404751,100.0
1260,0,25.82029009760228,25.82029009760228,100.0
1260,1,30.913439792205278,30.913439792205278,100.0
1260,2,43.26627011019244,43.26627011019244,100.0
1270,0,28.94785589451454,28.94785589451454,100.0
1270,1,47.186064051488366,47.186064051488366,100.0
1270,2,23.866080053997102,23.866080053997102,100.0
1280,0,30.172081910695038,30.172081910695038,100.0
1280,1,41.38386142932819,41.38386142932819,100.0
1280,2,28.44405665997677,28.44405665997677,100.0
1290,0,24.052049941919478,24.052049941919478,100.0
1290,1,46.05538073018741,46.05538073018741,100.0
1290,2,29.89256932789311,29.89256932789311,100.0
1300,0,25.09137356088405,25.09137356088405,100.0
1300,1,50.498071758266065,50.498071758266065,100.0
1300,2,24.4105546808499,24.4105546808499,100.0
1310,0,28.11481534220593,28.11481534220593,100.0
1310,1,50.68294499503831,50.68294499503831,100.0
1310,2,21.20223966275577,21.20223966275577,100.0
1320,0,24.666619657146775,24.666619657146775,100.0
1320,1,38.07370220207817,38.07370220207817,100.0
1320,2,37.259678140775065,37.259678140775065,100.0
1330,0,20.356384605810987,20.356384605810987,100.0
1330,1,44.04117922485716,44.04117922485716,100.0
1330,2,35.60243616933185,35.60243616933185,100.0
1340,0,24.565183822319575,24.565183822319575,100.0
1340,1,38.99372403300143,38.99372403300143,100.0
1340,2,36.441092144679,36.441092144679,100.0
1350,0,22.518928170005125,22.518928170005125,100.0
1350,1,46.78151380080378,46.78151380080378,100.0
1350,2,30.6995580291911,30.6995580291911,100.0
1360,0,29.625227723234122,29.625227723234122,100.0
1360,1,32.159029378112585,32.159029378112585,100.0
1360,2,38.215742898653296,38.215742898653296,100.0
1370,0,25.662853533789264,25.662853533789264,100.0
1370,1,37.30656698010535,37.30656698010535,100.0
1370,2,37.03057948610539,37.03057948610539,100.0
1380,0,27.243296920261695,27.243296920261695,100.0
1380,1,40.48213543930943,40.48213543930943,100.0
1380,2,32.27456764042888,32.27456764042888,100.0
1390,0,28.069225717387692,28.069225717387692,100.0
1390,1,35.303926983011145,35.303926983011145,100.0
1390,2,36.62684729960116,36.62684729960116,100.0
1400,0,25.856813783150685,25.856813783150685,100.0
1400,1,48.70109734587375,48.70109734587375,100.0
1400,2,25.44208887097557,25.44208887097557,100.0
1410,0,23.844879884769927,23.844879884769927,100.0
1410,1,38.918599478071876,38.918599478071876,100.0
1410,2,37.23652063715821,37.23652063715821,100.0
1420,0,25.642470958948106,25.642470958948106,100.0
1420,1,40.095081111053766,40.095081111053766,100.0
1420,2,34.26244792999813,34.26244792999813,100.0
1430,0,26.25261262396816,26.25261262396816,100.0
1430,1,30.687298282653547,30.687298282653547,100.0
1430,2,43.06008909337828,43.06008909337828,100.0
1440,0,33.4321313170289,33.4321313170289,100.0
1440,1,36.45009960427624,36.45009960427624,100.0
1440,2,30.117769078694863,30.117769078694863,100.0
1450,0,22.53995291389439,22.53995291389439,100.0
1450,1,28.144522578183746,28.144522578183746,100.0
1450,2,49.31552450792187,49.31552450792187,100.0
1460,0,30.01935301992339,30.01935301992339,100.0
1460,1,24.493176790715538,24.493176790715538,100.0
1460,2,45.487470189361076,45.487470189361076,100.0
1470,0,26.080271120207392,26.080271120207392,100.0
1470,1,33.47352260369155,33.47352260369155,100.0
1470,2,40.446206276101066,40.446206276101066,100.0
1480,0,24.522243512577912,24.522243512577912,100.0
1480,1,35.240929933012964,35.240929933012964,100.0
1480,2,40.23682655440912,40.23682655440912,100.0
1490,0,23.28499652905571,23.28499652905571,100.0
1490,1,47.54736813774625,47.54736813774625,100.0
1490,2,29.16763533319804,29.16763533319804,100.0
1500,0,32.18375654717596,32.18375654717596,100.0
1500,1,25.675796811047935,25.675796811047935,100.0
1500,2,42.140446641776094,42.140446641776094,100.0
