timestamp,ueImsi,sliceId,dTxBytes,dRxBytes,plr,resourceSharePct,dLostPackets,throughputMbps,bufferBytes
560,1,0,24448,1528,93.75,22.30,15,1.2224,136196
560,2,0,24448,1528,93.75,22.30,15,1.2224,136198
560,3,0,24448,1528,93.75,22.30,15,1.2224,136209
560,4,0,24448,0,100.00,22.30,16,0.0000,136199
560,5,0,24448,1528,93.75,22.30,15,1.2224,136203
560,6,1,390,312,20.00,45.05,1,0.2496,169
560,7,1,390,312,20.00,45.05,1,0.2496,169
560,8,1,390,312,20.00,45.05,1,0.2496,169
560,9,1,390,312,20.00,45.05,1,0.2496,169
560,10,1,390,312,20.00,45.05,1,0.2496,169
560,11,2,16000,1024,93.60,32.65,117,0.8192,89534
560,12,2,16000,1024,93.60,32.65,117,0.8192,89534
560,13,2,16000,1024,93.60,32.65,117,0.8192,89519
560,14,2,16000,1024,93.60,32.65,117,0.8192,89519
560,15,2,16000,1024,93.60,32.65,117,0.8192,89605
560,16,2,16000,1024,93.60,32.65,117,0.8192,89498
560,17,2,16000,896,94.40,32.65,118,0.7168,89487
560,18,2,16000,1024,93.60,32.65,117,0.8192,89496
560,19,2,16000,1024,93.60,32.65,117,0.8192,89585
560,20,2,16000,1024,93.60,32.65,117,0.8192,89593
