timestamp,ueImsi,sliceId,dTxBytes,dRxBytes,plr,resourceSharePct,dLostPackets,throughputMbps,bufferBytes
1510,1,0,35144,3056,91.30,25.16,21,2.4448,1531224
1510,2,0,35144,35144,0.00,25.16,0,28.1152,1537
1510,3,1,1014,936,7.69,40.55,1,0.7488,87
1510,4,1,1014,936,7.69,40.55,1,0.7488,87
1510,5,2,256,256,0.00,34.29,0,0.2048,137
1510,6,2,256,0,100.00,34.29,2,0.0000,137
1510,7,2,256,0,100.00,34.29,2,0.0000,137
1510,8,2,256,256,0.00,34.29,0,0.2048,137
1510,9,2,256,256,0.00,34.29,0,0.2048,137
1510,10,2,256,256,0.00,34.29,0,0.2048,137
