timestamp,ueImsi,sliceId,dTxBytes,dRxBytes,plr,resourceSharePct,dLostPackets,throughputMbps,bufferBytes
560,1,0,24448,3056,87.50,41.66,14,2.4448,132313
560,2,0,24448,1528,93.75,41.66,15,1.2224,131931
560,3,0,24448,1528,93.75,41.66,15,1.2224,131642
560,4,0,24448,3056,87.50,41.66,14,2.4448,131246
560,5,0,24448,3056,87.50,41.66,14,2.4448,131252
560,6,1,390,312,20.00,35.00,1,0.2496,169
560,7,1,390,312,20.00,35.00,1,0.2496,169
560,8,1,390,312,20.00,35.00,1,0.2496,169
560,9,1,390,312,20.00,35.00,1,0.2496,169
560,10,1,390,312,20.00,35.00,1,0.2496,169
560,11,2,16000,640,96.00,23.34,120,0.5120,92155
560,12,2,16000,512,96.80,23.34,121,0.4096,92254
560,13,2,16000,640,96.00,23.34,120,0.5120,91854
560,14,2,16000,640,96.00,23.34,120,0.5120,91854
560,15,2,16000,640,96.00,23.34,120,0.5120,91826
560,16,2,16000,768,95.20,23.34,119,0.6144,91636
560,17,2,16000,640,96.00,23.34,120,0.5120,91715
560,18,2,16000,640,96.00,23.34,120,0.5120,91715
560,19,2,16000,896,94.40,23.34,118,0.7168,91331
560,20,2,16000,1024,93.60,23.34,117,0.8192,91235
