timestamp,sliceId,dedicatedPRB,minPRB,maxPRB
510,0,33.93962503019291,33.93962503019291,100.0
510,1,47.68094102166992,47.68094102166992,100.0
510,2,18.379433948137176,18.379433948137176,100.0
520,0,31.81023783769879,31.81023783769879,100.0
520,1,29.086466842373955,29.086466842373955,100.0
520,2,39.10329531992726,39.10329531992726,100.0
530,0,33.89266614148086,33.89266614148086,100.0
530,1,44.1473908416941,44.1473908416941,100.0
530,2,21.959943016825044,21.959943016825044,100.0
540,0,44.078868525416624,44.078868525416624,100.0
540,1,31.30624134494534,31.30624134494534,100.0
540,2,24.61489012963803,24.61489012963803,100.0
550,0,39.03718243399481,39.03718243399481,100.0
550,1,28.619160344534922,28.619160344534922,100.0
550,2,32.343657221470274,32.343657221470274,100.0
560,0,33.47756983591786,33.47756983591786,100.0
560,1,41.587584595781536,41.587584595781536,100.0
560,2,24.934845568300602,24.934845568300602,100.0
570,0,48.01938483694042,48.01938483694042,100.0
570,1,29.750496434483008,29.750496434483008,100.0
570,2,22.23011872857658,22.23011872857658,100.0
580,0,43.19122837403499,43.19122837403499,100.0
580,1,34.47423281944381,34.47423281944381,100.0
580,2,22.33453880652119,22.33453880652119,100.0
590,0,32.60630530843919,32.60630530843919,100.0
590,1,39.21217562390805,39.21217562390805,100.0
590,2,28.18151906765276,28.18151906765276,100.0
600,0,27.86120374056552,27.86120374056552,100.0
600,1,51.23373936326718,51.23373936326718,100.0
600,2,20.905056896167302,20.905056896167302,100.0
610,0,26.827674746726345,26.827674746726345,100.0
610,1,27.15543423670117,27.15543423670117,100.0
610,2,46.016891016572494,46.016891016572494,100.0
620,0,27.026563972032907,27.026563972032907,100.0
620,1,34.10009880556719,34.10009880556719,100.0
620,2,38.8733372223999,38.8733372223999,100.0
630,0,20.51862595902223,20.51862595902223,100.0
630,1,42.691369469139715,42.691369469139715,100.0
630,2,36.790004571838054,36.790004571838054,100.0
640,0,22.426778533996806,22.426778533996806,100.0
640,1,42.22015431693349,42.22015431693349,100.0
640,2,35.3530671490697,35.3530671490697,100.0
650,0,29.4546216855073,29.4546216855073,100.0
650,1,42.21372974646853,42.21372974646853,100.0
650,2,28.331648568024175,28.331648568024175,100.0
660,0,33.06472258879033,33.06472258879033,100.0
660,1,30.42368913218055,30.42368913218055,100.0
660,2,36.51158827902913,36.51158827902913,100.0
670,0,38.56431540697238,38.56431540697238,100.0
670,1,43.16593640199968,43.16593640199968,100.0
670,2,18.26974819102794,18.26974819102794,100.0
680,0,20.758591603146527,20.758591603146527,100.0
680,1,44.3294878321031,44.3294878321031,100.0
680,2,34.911920564750375,34.911920564750375,100.0
690,0,32.830757462434455,32.830757462434455,100.0
690,1,44.66933200830178,44.66933200830178,100.0
690,2,22.49991052926376,22.49991052926376,100.0
700,0,21.342098035372732,21.342098035372732,100.0
700,1,42.91578976392019,42.91578976392019,100.0
700,2,35.74211220070709,35.74211220070709,100.0
710,0,22.79888621628157,22.79888621628157,100.0
710,1,31.030049701135077,31.030049701135077,100.0
710,2,46.17106408258336,46.17106408258336,100.0
720,0,22.667169945014546,22.667169945014546,100.0
720,1,39.40055090194161,39.40055090194161,100.0
720,2,37.93227915304385,37.93227915304385,100.0
730,0,24.17611047229801,24.17611047229801,100.0
730,1,55.79633181841358,55.79633181841358,100.0
730,2,20.02755770928841,20.02755770928841,100.0
740,0,22.247767959192313,22.247767959192313,100.0
740,1,47.2486436522563,47.2486436522563,100.0
740,2,30.50358838855139,30.50358838855139,100.0
750,0,22.585607545898227,22.585607545898227,100.0
750,1,40.65972775746515,40.65972775746515,100.0
750,2,36.754664696636624,36.754664696636624,100.0
760,0,28.53125542517951,28.53125542517951,100.0
760,1,36.39445268466073,36.39445268466073,100.0
760,2,35.07429189015977,35.07429189015977,100.0
770,0,22.553094926910067,22.553094926910067,100.0
770,1,39.83856810719043,39.83856810719043,100.0
770,2,37.60833696589951,37.60833696589951,100.0
780,0,22.737219722261557,22.737219722261557,100.0
780,1,41.088086418491265,41.088086418491265,100.0
780,2,36.17469385924718,36.17469385924718,100.0
790,0,21.417573744896053,21.417573744896053,100.0
790,1,37.570280687593,37.570280687593,100.0
790,2,41.01214556751095,41.01214556751095,100.0
800,0,24.42800913212298,24.42800913212298,100.0
800,1,42.15761767099108,42.15761767099108,100.0
800,2,33.41437319688595,33.41437319688595,100.0
810,0,27.19292332444126,27.19292332444126,100.0
810,1,38.79625132696642,38.79625132696642,100.0
810,2,34.01082534859232,34.01082534859232,100.0
820,0,24.154856413149762,24.154856413149762,100.0
820,1,44.80901641977953,44.80901641977953,100.0
820,2,31.0361271670707,31.0361271670707,100.0
830,0,30.421961884213438,30.421961884213438,100.0
830,1,37.25198978101834,37.25198978101834,100.0
830,2,32.32604833476824,32.32604833476824,100.0
840,0,26.029479867635786,26.029479867635786,100.0
840,1,35.5676652839223,35.5676652839223,100.0
840,2,38.40285484844191,38.40285484844191,100.0
850,0,25.466732966237092,25.466732966237092,100.0
850,1,51.4223779612492,51.4223779612492,100.0
850,2,23.110889072513714,23.110889072513714,100.0
860,0,22.69361146320683,22.69361146320683,100.0
860,1,56.706836803658966,56.706836803658966,100.0
860,2,20.599551733134202,20.599551733134202,100.0
870,0,23.170196467351083,23.170196467351083,100.0
870,1,56.29016462731792,56.29016462731792,100.0
870,2,20.53963890533101,20.53963890533101,100.0
880,0,22.861160564262978,22.861160564262978,100.0
880,1,45.00384009037531,45.00384009037531,100.0
880,2,32.134999345361706,32.134999345361706,100.0
890,0,24.241085043874573,24.241085043874573,100.0
890,1,52.987804072653574,52.987804072653574,100.0
890,2,22.77111088347186,22.77111088347186,100.0
900,0,26.546669243988152,26.546669243988152,100.0
900,1,36.144740063894155,36.144740063894155,100.0
900,2,37.30859069211769,37.30859069211769,100.0
910,0,30.356752114084372,30.356752114084372,100.0
910,1,46.77240900642089,46.77240900642089,100.0
910,2,22.87083887949473,22.87083887949473,100.0
920,0,25.486635227435865,25.486635227435865,100.0
920,1,51.83418755773894,51.83418755773894,100.0
920,2,22.6791772148252,22.6791772148252,100.0
930,0,49.06514994374952,49.06514994374952,100.0
930,1,26.850336239659367,26.850336239659367,100.0
930,2,24.084513816591116,24.084513816591116,100.0
940,0,31.33827323231192,31.33827323231192,100.0
940,1,24.73066582217074,24.73066582217074,100.0
940,2,43.931060945517345,43.931060945517345,100.0
950,0,22.505629376851427,22.505629376851427,100.0
950,1,54.334815129232794,54.334815129232794,100.0
950,2,23.159555493915786,23.159555493915786,100.0
960,0,20.946803786478142,20.946803786478142,100.0
960,1,42.488708086479306,42.488708086479306,100.0
960,2,36.56448812704255,36.56448812704255,100.0
970,0,31.726451005435308,31.726451005435308,100.0
970,1,36.9225759371599,36.9225759371599,100.0
970,2,31.350973057404797,31.350973057404797,100.0
980,0,25.96615655859248,25.96615655859248,100.0
980,1,27.782111509585988,27.782111509585988,100.0
980,2,46.251731931821546,46.251731931821546,100.0
990,0,30.264225480340894,30.264225480340894,100.0
990,1,39.53308369364533,39.53308369364533,100.0
990,2,30.20269082601378,30.20269082601378,100.0
1000,0,32.79772404239784,32.79772404239784,100.0
1000,1,40.91060417202167,40.91060417202167,100.0
1000,2,26.291671785580494,26.291671785580494,100.0
1010,0,29.096918497273865,29.096918497273865,100.0
1010,1,30.00515585577734,30.00515585577734,100.0
1010,2,40.8979256469488,40.8979256469488,100.0
1020,0,31.440268619941452,31.440268619941452,100.0
1020,1,36.439751627291514,36.439751627291514,100.0
1020,2,32.11997975276704,32.11997975276704,100.0
1030,0,21.828959995566926,21.828959995566926,100.0
1030,1,43.10727788125441,43.10727788125441,100.0
1030,2,35.06376212317866,35.06376212317866,100.0
1040,0,37.28890871548487,37.28890871548487,100.0
1040,1,36.77363840657072,36.77363840657072,100.0
1040,2,25.937452877944416,25.937452877944416,100.0
1050,0,29.28682164084052,29.28682164084052,100.0
1050,1,34.125227327814436,34.125227327814436,100.0
1050,2,36.58795103134506,36.58795103134506,100.0
1060,0,23.514019988339403,23.514019988339403,100.0
1060,1,41.214775384790585,41.214775384790585,100.0
1060,2,35.27120462687001,35.27120462687001,100.0
1070,0,23.783007330488783,23.783007330488783,100.0
1070,1,54.92513985043496,54.92513985043496,100.0
1070,2,21.291852819076258,21.291852819076258,100.0
1080,0,22.534457792356985,22.534457792356985,100.0
1080,1,34.97007518890452,34.97007518890452,100.0
1080,2,42.495467018738495,42.495467018738495,100.0
1090,0,26.333278258961162,26.333278258961162,100.0
1090,1,52.11758376733998,52.11758376733998,100.0
1090,2,21.549137973698866,21.549137973698866,100.0
1100,0,22.515005638012,22.515005638012,100.0
1100,1,53.23728441194149,53.23728441194149,100.0
1100,2,24.24770995004651,24.24770995004651,100.0
1110,0,24.211761431639705,24.211761431639705,100.0
1110,1,33.21582485433865,33.21582485433865,100.0
1110,2,42.57241371402165,42.57241371402165,100.0
1120,0,29.81445836451192,29.81445836451192,100.0
1120,1,49.513248876794385,49.513248876794385,100.0
1120,2,20.672292758693693,20.672292758693693,100.0
1130,0,28.208858969225005,28.208858969225005,100.0
1130,1,44.41398201681609,44.41398201681609,100.0
1130,2,27.377159013958906,27.377159013958906,100.0
1140,0,26.44745677407146,26.44745677407146,100.0
1140,1,45.90846867394487,45.90846867394487,100.0
1140,2,27.644074551983678,27.644074551983678,100.0
1150,0,23.31707764948103,23.31707764948103,100.0
1150,1,44.224486405740635,44.224486405740635,100.0
1150,2,32.458435944778344,32.458435944778344,100.0
1160,0,30.421922764054088,30.421922764054088,100.0
1160,1,31.877282145067053,31.877282145067053,100.0
1160,2,37.700795090878856,37.700795090878856,100.0
1170,0,27.03526046858447,27.03526046858447,100.0
1170,1,35.440369933342396,35.440369933342396,100.0
1170,2,37.52436959807313,37.52436959807313,100.0
1180,0,32.17408628747762,32.17408628747762,100.0
1180,1,48.45957131265178,48.45957131265178,100.0
1180,2,19.366342399870597,19.366342399870597,100.0
1190,0,23.86880900670994,23.86880900670994,100.0
1190,1,52.21689580343357,52.21689580343357,100.0
1190,2,23.91429518985649,23.91429518985649,100.0
1200,0,30.268664307962222,30.268664307962222,100.0
1200,1,38.536870402701034,38.536870402701034,100.0
1200,2,31.194465289336744,31.194465289336744,100.0
1210,0,23.07974696370797,23.07974696370797,100.0
1210,1,56.51224254609176,56.51224254609176,100.0
1210,2,20.408010490200283,20.408010490200283,100.0
1220,0,27.8163292527812,27.8163292527812,100.0
1220,1,39.71542477903573,39.71542477903573,100.0
1220,2,32.468245968183076,32.468245968183076,100.0
1230,0,25.554299766379785,25.554299766379785,100.0
1230,1,38.30405917183196,38.30405917183196,100.0
1230,2,36.14164106178825,36.14164106178825,100.0
1240,0,25.527014760356025,25.527014760356025,100.0
1240,1,52.56710828079928,52.56710828079928,100.0
1240,2,21.90587695884471,21.90587695884471,100.0
1250,0,31.881422861078285,31.881422861078285,100.0
1250,1,34.30776719831874,34.30776719831874,100.0
1250,2,33.81080994060298,33.81080994060298,100.0
1260,0,31.139546649287965,31.139546649287965,100.0
1260,1,41.62127516622424,41.62127516622424,100.0
1260,2,27.239178184487812,27.239178184487812,100.0
1270,0,26.511496025798575,26.511496025798575,100.0
1270,1,37.92560817755168,37.92560817755168,100.0
1270,2,35.56289579664974,35.56289579664974,100.0
1280,0,30.96048081906315,30.96048081906315,100.0
1280,1,45.5718831380493,45.5718831380493,100.0
1280,2,23.467636042887545,23.467636042887545,100.0
1290,0,25.32505947871344,25.32505947871344,100.0
1290,1,46.014967317344066,46.014967317344066,100.0
1290,2,28.659973203942492,28.659973203942492,100.0
1300,0,26.382641766147515,26.382641766147515,100.0
1300,1,51.719033402265005,51.719033402265005,100.0
1300,2,21.898324831587495,21.898324831587495,100.0
1310,0,29.880014368551187,29.880014368551187,100.0
1310,1,35.356788720774354,35.356788720774354,100.0
1310,2,34.763196910674466,34.763196910674466,100.0
1320,0,31.058152204661283,31.058152204661283,100.0
1320,1,42.13817348399843,42.13817348399843,100.0
1320,2,26.80367431134029,26.80367431134029,100.0
1330,0,28.619331805705052,28.619331805705052,100.0
1330,1,32.744783231853134,32.744783231853134,100.0
1330,2,38.635884962441814,38.635884962441814,100.0
1340,0,24.167448563713986,24.167448563713986,100.0
1340,1,41.630404738389686,41.630404738389686,100.0
1340,2,34.20214669789633,34.20214669789633,100.0
1350,0,23.98482942491815,23.98482942491815,100.0
1350,1,48.51342830448137,48.51342830448137,100.0
1350,2,27.501742270600488,27.501742270600488,100.0
1360,0,21.562765801841778,21.562765801841778,100.0
1360,1,46.43288400735276,46.43288400735276,100.0
1360,2,32.00435019080546,32.00435019080546,100.0
1370,0,28.155830888691536,28.155830888691536,100.0
1370,1,44.96780439844572,44.96780439844572,100.0
1370,2,26.876364712862745,26.876364712862745,100.0
1380,0,23.417582470280554,23.417582470280554,100.0
1380,1,48.77760842991601,48.77760842991601,100.0
1380,2,27.804809099803435,27.804809099803435,100.0
1390,0,31.47149678543727,31.47149678543727,100.0
1390,1,44.88677198951629,44.88677198951629,100.0
1390,2,23.64173122504643,23.64173122504643,100.0
1400,0,21.19250436914244,21.19250436914244,100.0
1400,1,43.828389212959266,43.828389212959266,100.0
1400,2,34.9791064178983,34.9791064178983,100.0
1410,0,20.674189878127276,20.674189878127276,100.0
1410,1,43.57371829447156,43.57371829447156,100.0
1410,2,35.752091827401166,35.752091827401166,100.0
1420,0,26.931839062332237,26.931839062332237,100.0
1420,1,47.94670701760507,47.94670701760507,100.0
1420,2,25.12145392006269,25.12145392006269,100.0
1430,0,22.663150391433934,22.663150391433934,100.0
1430,1,26.655347507432626,26.655347507432626,100.0
1430,2,50.68150210113345,50.68150210113345,100.0
1440,0,23.04549271130544,23.04549271130544,100.0
1440,1,48.20165896162714,48.20165896162714,100.0
1440,2,28.752848327067426,28.752848327067426,100.0
1450,0,38.73591428040838,38.73591428040838,100.0
1450,1,34.871193386367274,34.871193386367274,100.0
1450,2,26.39289233322435,26.39289233322435,100.0
1460,0,23.749835543866993,23.749835543866993,100.0
1460,1,44.32197436945498,44.32197436945498,100.0
1460,2,31.928190086678033,31.928190086678033,100.0
1470,0,21.339570372362633,21.339570372362633,100.0
1470,1,48.5983670607193,48.5983670607193,100.0
1470,2,30.06206256691807,30.06206256691807,100.0
1480,0,24.693510704107062,24.693510704107062,100.0
1480,1,38.28560747940074,38.28560747940074,100.0
1480,2,37.02088181649219,37.02088181649219,100.0
1490,0,27.640392832414474,27.640392832414474,100.0
1490,1,46.76414499779962,46.76414499779962,100.0
1490,2,25.59546216978591,25.59546216978591,100.0
1500,0,22.767508852694977,22.767508852694977,100.0
1500,1,45.44663715700905,45.44663715700905,100.0
1500,2,31.78585399029597,31.78585399029597,100.0
