timestamp,sliceId,dedicatedPRB,minPRB,maxPRB
510,0,23.90103103261638,23.90103103261638,100.0
510,1,41.74112075564584,41.74112075564584,100.0
510,2,34.35784821173779,34.35784821173779,100.0
520,0,41.91438129654979,41.91438129654979,100.0
520,1,35.641812578180094,35.641812578180094,100.0
520,2,22.443806125270115,22.443806125270115,100.0
530,0,24.49259755342822,24.49259755342822,100.0
530,1,38.66042028146814,38.66042028146814,100.0
530,2,36.84698216510364,36.84698216510364,100.0
540,0,26.208003503814304,26.208003503814304,100.0
540,1,27.83335546029489,27.83335546029489,100.0
540,2,45.95864103589082,45.95864103589082,100.0
550,0,38.95741836506426,38.95741836506426,100.0
550,1,43.88010915727607,43.88010915727607,100.0
550,2,17.16247247765967,17.16247247765967,100.0
560,0,24.11767998730349,24.11767998730349,100.0
560,1,53.857167768601464,53.857167768601464,100.0
560,2,22.025152244095032,22.025152244095032,100.0
570,0,32.4092434914815,32.4092434914815,100.0
570,1,48.85970292180705,48.85970292180705,100.0
570,2,18.73105358671145,18.73105358671145,100.0
580,0,22.35585222641253,22.35585222641253,100.0
580,1,47.31772040325255,47.31772040325255,100.0
580,2,30.32642737033492,30.32642737033492,100.0
590,0,22.042026270636978,22.042026270636978,100.0
590,1,50.90008625631592,50.90008625631592,100.0
590,2,27.057887473047103,27.057887473047103,100.0
600,0,41.80013660013268,41.80013660013268,100.0
600,1,36.37028258043566,36.37028258043566,100.0
600,2,21.82958081943166,21.82958081943166,100.0
610,0,25.155628622092998,25.155628622092998,100.0
610,1,47.050124526912164,47.050124526912164,100.0
610,2,27.794246850994845,27.794246850994845,100.0
620,0,22.352278203621363,22.352278203621363,100.0
620,1,50.80870269803795,50.80870269803795,100.0
620,2,26.8390190983407,26.8390190983407,100.0
630,0,21.748880517077925,21.748880517077925,100.0
630,1,50.79002536835821,50.79002536835821,100.0
630,2,27.461094114563867,27.461094114563867,100.0
640,0,22.957968980404743,22.957968980404743,100.0
640,1,53.213701411099436,53.213701411099436,100.0
640,2,23.828329608495828,23.828329608495828,100.0
650,0,22.81061036982292,22.81061036982292,100.0
650,1,51.569365967900715,51.569365967900715,100.0
650,2,25.620023662276363,25.620023662276363,100.0
660,0,24.02464007187189,24.02464007187189,100.0
660,1,55.31993438797376,55.31993438797376,100.0
660,2,20.65542554015436,20.65542554015436,100.0
670,0,23.496582070909362,23.496582070909362,100.0
670,1,48.358697906973596,48.358697906973596,100.0
670,2,28.144720022117042,28.144720022117042,100.0
680,0,21.49717764374538,21.49717764374538,100.0
680,1,43.85113165563344,43.85113165563344,100.0
680,2,34.651690700621174,34.651690700621174,100.0
690,0,23.32351804670651,23.32351804670651,100.0
690,1,53.57778807259363,53.57778807259363,100.0
690,2,23.098693880699877,23.098693880699877,100.0
700,0,23.07482874062319,23.07482874062319,100.0
700,1,45.62234353475526,45.62234353475526,100.0
700,2,31.302827724621547,31.302827724621547,100.0
710,0,28.189551343196484,28.189551343196484,100.0
710,1,44.99473744193024,44.99473744193024,100.0
710,2,26.81571121487327,26.81571121487327,100.0
720,0,21.905089630295528,21.905089630295528,100.0
720,1,50.68305350291886,50.68305350291886,100.0
720,2,27.411856866785623,27.411856866785623,100.0
730,0,22.199918948488943,22.199918948488943,100.0
730,1,48.04662247576518,48.04662247576518,100.0
730,2,29.753458575745874,29.753458575745874,100.0
740,0,23.99151665922353,23.99151665922353,100.0
740,1,54.08454217557651,54.08454217557651,100.0
740,2,21.923941165199956,21.923941165199956,100.0
750,0,21.35219422956894,21.35219422956894,100.0
750,1,45.287357608405365,45.287357608405365,100.0
750,2,33.3604481620257,33.3604481620257,100.0
760,0,28.323513200271066,28.323513200271066,100.0
760,1,43.00475059477352,43.00475059477352,100.0
760,2,28.671736204955412,28.671736204955412,100.0
770,0,22.74481720346635,22.74481720346635,100.0
770,1,57.49609636759438,57.49609636759438,100.0
770,2,19.75908642893926,19.75908642893926,100.0
780,0,20.99880516342273,20.99880516342273,100.0
780,1,50.4172177436784,50.4172177436784,100.0
780,2,28.583977092898884,28.583977092898884,100.0
