timestamp,sliceId,dedicatedPRB,minPRB,maxPRB
510,0,26.945685279981458,26.945685279981458,100.0
510,1,39.31197828806634,39.31197828806634,100.0
510,2,33.7423364319522,33.7423364319522,100.0
520,0,42.80593846710229,42.80593846710229,100.0
520,1,33.811842993847065,33.811842993847065,100.0
520,2,23.38221853905065,23.38221853905065,100.0
530,0,40.45687584688541,40.45687584688541,100.0
530,1,31.839178778329437,31.839178778329437,100.0
530,2,27.70394537478516,27.70394537478516,100.0
540,0,37.92943126219025,37.92943126219025,100.0
540,1,30.690953947571202,30.690953947571202,100.0
540,2,31.379614790238552,31.379614790238552,100.0
550,0,24.53934338015182,24.53934338015182,100.0
550,1,28.129918744380777,28.129918744380777,100.0
550,2,47.3307378754674,47.3307378754674,100.0
560,0,25.898296569972505,25.898296569972505,100.0
560,1,55.23279444133856,55.23279444133856,100.0
560,2,18.868908988688936,18.868908988688936,100.0
570,0,39.39563340773438,39.39563340773438,100.0
570,1,42.66760983078935,42.66760983078935,100.0
570,2,17.936756761476264,17.936756761476264,100.0
580,0,30.22661171957648,30.22661171957648,100.0
580,1,38.119439923882396,38.119439923882396,100.0
580,2,31.65394835654113,31.65394835654113,100.0
590,0,31.28720771504876,31.28720771504876,100.0
590,1,43.378037608072546,43.378037608072546,100.0
590,2,25.334754676878696,25.334754676878696,100.0
600,0,20.64201410071532,20.64201410071532,100.0
600,1,46.279123205125686,46.279123205125686,100.0
600,2,33.07886269415899,33.07886269415899,100.0
610,0,44.69358597091302,44.69358597091302,100.0
610,1,35.87262676293829,35.87262676293829,100.0
610,2,19.433787266148688,19.433787266148688,100.0
620,0,25.022008821632614,25.022008821632614,100.0
620,1,46.28121621155351,46.28121621155351,100.0
620,2,28.696774966813877,28.696774966813877,100.0
630,0,26.566688699268425,26.566688699268425,100.0
630,1,52.974100211317655,52.974100211317655,100.0
630,2,20.45921108941392,20.45921108941392,100.0
640,0,38.687079991736674,38.687079991736674,100.0
640,1,32.91530840653541,32.91530840653541,100.0
640,2,28.397611601727913,28.397611601727913,100.0
650,0,25.14659156313208,25.14659156313208,100.0
650,1,51.55205839772257,51.55205839772257,100.0
650,2,23.301350039145348,23.301350039145348,100.0
660,0,26.427531680885142,26.427531680885142,100.0
660,1,28.28721013285429,28.28721013285429,100.0
660,2,45.28525818626056,45.28525818626056,100.0
670,0,31.427136192427717,31.427136192427717,100.0
670,1,44.562216991683215,44.562216991683215,100.0
670,2,24.010646815889082,24.010646815889082,100.0
680,0,34.2191174417651,34.2191174417651,100.0
680,1,47.11698446490244,47.11698446490244,100.0
680,2,18.66389809333246,18.66389809333246,100.0
690,0,25.20136800425031,25.20136800425031,100.0
690,1,49.16401463265076,49.16401463265076,100.0
690,2,25.634617363098933,25.634617363098933,100.0
700,0,29.79803784277667,29.79803784277667,100.0
700,1,38.50104129526326,38.50104129526326,100.0
700,2,31.700920861960064,31.700920861960064,100.0
710,0,30.466510134397605,30.466510134397605,100.0
710,1,51.08468954368613,51.08468954368613,100.0
710,2,18.44880032191626,18.44880032191626,100.0
720,0,33.22249024110759,33.22249024110759,100.0
720,1,44.99447176843009,44.99447176843009,100.0
720,2,21.78303799046232,21.78303799046232,100.0
730,0,20.514946099487315,20.514946099487315,100.0
730,1,42.64800356494872,42.64800356494872,100.0
730,2,36.837050335563966,36.837050335563966,100.0
740,0,44.902453646423965,44.902453646423965,100.0
740,1,37.28241385216482,37.28241385216482,100.0
740,2,17.815132501411217,17.815132501411217,100.0
750,0,22.32164332375547,22.32164332375547,100.0
750,1,31.146268796703996,31.146268796703996,100.0
750,2,46.532087879540526,46.532087879540526,100.0
760,0,31.119167643142376,31.119167643142376,100.0
760,1,41.87637664385071,41.87637664385071,100.0
760,2,27.004455713006912,27.004455713006912,100.0
770,0,30.583464412624252,30.583464412624252,100.0
770,1,38.287447517679205,38.287447517679205,100.0
770,2,31.129088069696554,31.129088069696554,100.0
780,0,47.56476216933888,47.56476216933888,100.0
780,1,31.0272054574733,31.0272054574733,100.0
780,2,21.408032373187837,21.408032373187837,100.0
790,0,25.71001003789291,25.71001003789291,100.0
790,1,53.142391303128534,53.142391303128534,100.0
790,2,21.147598658978552,21.147598658978552,100.0
800,0,45.151162580924215,45.151162580924215,100.0
800,1,28.26733220875083,28.26733220875083,100.0
800,2,26.581505210324963,26.581505210324963,100.0
810,0,22.857986417865675,22.857986417865675,100.0
810,1,49.78320072792549,49.78320072792549,100.0
810,2,27.358812854208843,27.358812854208843,100.0
820,0,46.95136389172562,46.95136389172562,100.0
820,1,29.96551148342772,29.96551148342772,100.0
820,2,23.083124624846658,23.083124624846658,100.0
830,0,30.47504250994477,30.47504250994477,100.0
830,1,28.690798101922294,28.690798101922294,100.0
830,2,40.83415938813294,40.83415938813294,100.0
840,0,53.35595398169075,53.35595398169075,100.0
840,1,26.14498078531738,26.14498078531738,100.0
840,2,20.49906523299187,20.49906523299187,100.0
850,0,21.03731464416317,21.03731464416317,100.0
850,1,44.55171162760148,44.55171162760148,100.0
850,2,34.410973728235355,34.410973728235355,100.0
860,0,50.276805669211996,50.276805669211996,100.0
860,1,30.939673310187572,30.939673310187572,100.0
860,2,18.78352102060043,18.78352102060043,100.0
870,0,26.878801066272217,26.878801066272217,100.0
870,1,46.546187467069586,46.546187467069586,100.0
870,2,26.575011466658193,26.575011466658193,100.0
880,0,26.351318823896904,26.351318823896904,100.0
880,1,29.973900150835647,29.973900150835647,100.0
880,2,43.67478102526746,43.67478102526746,100.0
890,0,40.92782285119115,40.92782285119115,100.0
890,1,26.176449071348795,26.176449071348795,100.0
890,2,32.89572807746005,32.89572807746005,100.0
900,0,24.555175619828624,24.555175619828624,100.0
900,1,37.8363840171897,37.8363840171897,100.0
900,2,37.60844036298168,37.60844036298168,100.0
910,0,47.21569813544427,47.21569813544427,100.0
910,1,34.39680621816188,34.39680621816188,100.0
910,2,18.38749564639386,18.38749564639386,100.0
920,0,26.746102368455283,26.746102368455283,100.0
920,1,47.22678618908385,47.22678618908385,100.0
920,2,26.02711144246086,26.02711144246086,100.0
930,0,33.0905945425895,33.0905945425895,100.0
930,1,29.408378214535997,29.408378214535997,100.0
930,2,37.5010272428745,37.5010272428745,100.0
940,0,48.255917594309736,48.255917594309736,100.0
940,1,29.094019812613514,29.094019812613514,100.0
940,2,22.650062593076754,22.650062593076754,100.0
950,0,29.042040864204544,29.042040864204544,100.0
950,1,33.425491206569745,33.425491206569745,100.0
950,2,37.53246792922572,37.53246792922572,100.0
960,0,29.462123091283303,29.462123091283303,100.0
960,1,40.99092979751486,40.99092979751486,100.0
960,2,29.546947111201842,29.546947111201842,100.0
970,0,48.27777746455298,48.27777746455298,100.0
970,1,24.73639223529866,24.73639223529866,100.0
970,2,26.98583030014836,26.98583030014836,100.0
980,0,40.05081128014204,40.05081128014204,100.0
980,1,31.98087248285535,31.98087248285535,100.0
980,2,27.968316237002615,27.968316237002615,100.0
990,0,26.696948554658462,26.696948554658462,100.0
990,1,49.15651784954165,49.15651784954165,100.0
990,2,24.146533595799887,24.146533595799887,100.0
1000,0,38.32838765215786,38.32838765215786,100.0
1000,1,38.800574213040264,38.800574213040264,100.0
1000,2,22.87103813480188,22.87103813480188,100.0
1010,0,22.979707285021433,22.979707285021433,100.0
1010,1,27.45516532787857,27.45516532787857,100.0
1010,2,49.56512738709999,49.56512738709999,100.0
1020,0,40.42525673210707,40.42525673210707,100.0
1020,1,38.9202232331123,38.9202232331123,100.0
1020,2,20.65452003478062,20.65452003478062,100.0
1030,0,22.617022605827437,22.617022605827437,100.0
1030,1,51.1402324735608,51.1402324735608,100.0
1030,2,26.242744920611777,26.242744920611777,100.0
1040,0,38.44347559458862,38.44347559458862,100.0
1040,1,34.9208371096328,34.9208371096328,100.0
1040,2,26.63568729577858,26.63568729577858,100.0
1050,0,36.26091605141652,36.26091605141652,100.0
1050,1,44.23831052591653,44.23831052591653,100.0
1050,2,19.50077342266694,19.50077342266694,100.0
1060,0,21.37660755928233,21.37660755928233,100.0
1060,1,34.13061831412848,34.13061831412848,100.0
1060,2,44.49277412658918,44.49277412658918,100.0
1070,0,36.52557796481937,36.52557796481937,100.0
1070,1,34.551344564555876,34.551344564555876,100.0
1070,2,28.923077470624758,28.923077470624758,100.0
1080,0,34.83047933078032,34.83047933078032,100.0
1080,1,39.17612159704086,39.17612159704086,100.0
1080,2,25.993399072178818,25.993399072178818,100.0
1090,0,27.950433839297794,27.950433839297794,100.0
1090,1,45.12584135234186,45.12584135234186,100.0
1090,2,26.92372480836035,26.92372480836035,100.0
1100,0,21.887587197278766,21.887587197278766,100.0
1100,1,50.11995337819355,50.11995337819355,100.0
1100,2,27.99245942452768,27.99245942452768,100.0
1110,0,36.093549974912,36.093549974912,100.0
1110,1,39.17775039616066,39.17775039616066,100.0
1110,2,24.72869962892734,24.72869962892734,100.0
1120,0,23.06996019064146,23.06996019064146,100.0
1120,1,56.95016623234701,56.95016623234701,100.0
1120,2,19.979873577011535,19.979873577011535,100.0
1130,0,38.72150336550837,38.72150336550837,100.0
1130,1,32.39560850079095,32.39560850079095,100.0
1130,2,28.88288813370068,28.88288813370068,100.0
1140,0,38.18448695312261,38.18448695312261,100.0
1140,1,35.716392522623565,35.716392522623565,100.0
1140,2,26.099120524253827,26.099120524253827,100.0
1150,0,32.4475165151543,32.4475165151543,100.0
1150,1,42.48228961351084,42.48228961351084,100.0
1150,2,25.07019387133486,25.07019387133486,100.0
1160,0,23.996433530483923,23.996433530483923,100.0
1160,1,54.88233566613716,54.88233566613716,100.0
1160,2,21.121230803378918,21.121230803378918,100.0
1170,0,25.951990076994836,25.951990076994836,100.0
1170,1,48.442817200600416,48.442817200600416,100.0
1170,2,25.60519272240475,25.60519272240475,100.0
1180,0,40.75675115114296,40.75675115114296,100.0
1180,1,33.10708219411417,33.10708219411417,100.0
1180,2,26.136166654742876,26.136166654742876,100.0
1190,0,29.573777138487955,29.573777138487955,100.0
1190,1,36.540897752741785,36.540897752741785,100.0
1190,2,33.88532510877027,33.88532510877027,100.0
1200,0,38.21697571361652,38.21697571361652,100.0
1200,1,44.37823880734096,44.37823880734096,100.0
1200,2,17.404785479042513,17.404785479042513,100.0
1210,0,31.528638412224417,31.528638412224417,100.0
1210,1,38.32901489921764,38.32901489921764,100.0
1210,2,30.142346688557943,30.142346688557943,100.0
1220,0,35.57670547967541,35.57670547967541,100.0
1220,1,30.63335062177628,30.63335062177628,100.0
1220,2,33.789943898548316,33.789943898548316,100.0
1230,0,38.85847431743683,38.85847431743683,100.0
1230,1,41.358206768528525,41.358206768528525,100.0
1230,2,19.783318914034645,19.783318914034645,100.0
1240,0,21.17258980609299,21.17258980609299,100.0
1240,1,48.69383968079364,48.69383968079364,100.0
1240,2,30.133570513113366,30.133570513113366,100.0
1250,0,33.1639225939649,33.1639225939649,100.0
1250,1,48.30241729760353,48.30241729760353,100.0
1250,2,18.533660108431565,18.533660108431565,100.0
1260,0,25.91477750247581,25.91477750247581,100.0
1260,1,52.013589119184964,52.013589119184964,100.0
1260,2,22.071633378339218,22.071633378339218,100.0
1270,0,40.37918247986242,40.37918247986242,100.0
1270,1,35.48153235330907,35.48153235330907,100.0
1270,2,24.13928516682851,24.13928516682851,100.0
1280,0,25.32700582537761,25.32700582537761,100.0
1280,1,51.685296437298575,51.685296437298575,100.0
1280,2,22.98769773732381,22.98769773732381,100.0
1290,0,26.58076785767886,26.58076785767886,100.0
1290,1,47.99252049988652,47.99252049988652,100.0
1290,2,25.426711642434626,25.426711642434626,100.0
1300,0,32.79610002846134,32.79610002846134,100.0
1300,1,34.12873782343292,34.12873782343292,100.0
1300,2,33.07516214810574,33.07516214810574,100.0
1310,0,37.456626301217455,37.456626301217455,100.0
1310,1,43.703150455080824,43.703150455080824,100.0
1310,2,18.840223243701708,18.840223243701708,100.0
1320,0,26.887056231700324,26.887056231700324,100.0
1320,1,37.910457248214044,37.910457248214044,100.0
1320,2,35.20248652008563,35.20248652008563,100.0
1330,0,38.17277936185628,38.17277936185628,100.0
1330,1,32.480187990627684,32.480187990627684,100.0
1330,2,29.34703264751605,29.34703264751605,100.0
1340,0,36.67991983760761,36.67991983760761,100.0
1340,1,38.42638502170323,38.42638502170323,100.0
1340,2,24.893695140689154,24.893695140689154,100.0
1350,0,25.221778058941762,25.221778058941762,100.0
1350,1,48.35911951320167,48.35911951320167,100.0
1350,2,26.419102427856565,26.419102427856565,100.0
1360,0,23.185536794845152,23.185536794845152,100.0
1360,1,29.002745944151805,29.002745944151805,100.0
1360,2,47.81171726100305,47.81171726100305,100.0
1370,0,39.361876304318535,39.361876304318535,100.0
1370,1,42.74702919800058,42.74702919800058,100.0
1370,2,17.891094497680886,17.891094497680886,100.0
1380,0,20.83792871120688,20.83792871120688,100.0
1380,1,41.39286187372956,41.39286187372956,100.0
1380,2,37.76920941506356,37.76920941506356,100.0
1390,0,54.40108833968099,54.40108833968099,100.0
1390,1,26.096827558819435,26.096827558819435,100.0
1390,2,19.502084101499573,19.502084101499573,100.0
1400,0,31.44146105396993,31.44146105396993,100.0
1400,1,47.05284130936719,47.05284130936719,100.0
1400,2,21.505697636662873,21.505697636662873,100.0
1410,0,24.616766021187242,24.616766021187242,100.0
1410,1,54.96129408431854,54.96129408431854,100.0
1410,2,20.421939894494226,20.421939894494226,100.0
1420,0,24.08243277347745,24.08243277347745,100.0
1420,1,55.74737401796304,55.74737401796304,100.0
1420,2,20.17019320855952,20.17019320855952,100.0
1430,0,38.990598582255195,38.990598582255195,100.0
1430,1,31.549002989471177,31.549002989471177,100.0
1430,2,29.46039842827364,29.46039842827364,100.0
1440,0,24.422677090243173,24.422677090243173,100.0
1440,1,27.039944518314762,27.039944518314762,100.0
1440,2,48.53737839144206,48.53737839144206,100.0
1450,0,34.963625399094155,34.963625399094155,100.0
1450,1,46.654815840722094,46.654815840722094,100.0
1450,2,18.38155876018375,18.38155876018375,100.0
1460,0,23.27601480500133,23.27601480500133,100.0
1460,1,49.61465626395314,49.61465626395314,100.0
1460,2,27.10932893104553,27.10932893104553,100.0
1470,0,31.586275234708516,31.586275234708516,100.0
1470,1,39.424105620149355,39.424105620149355,100.0
1470,2,28.989619145142132,28.989619145142132,100.0
1480,0,26.605026809910214,26.605026809910214,100.0
1480,1,53.179647609901416,53.179647609901416,100.0
1480,2,20.215325580188363,20.215325580188363,100.0
1490,0,22.360983391547514,22.360983391547514,100.0
1490,1,53.53851170331421,53.53851170331421,100.0
1490,2,24.10050490513829,24.10050490513829,100.0
1500,0,24.61119735556859,24.61119735556859,100.0
1500,1,54.2194211925077,54.2194211925077,100.0
1500,2,21.169381451923723,21.169381451923723,100.0
1510,0,30.658425363428233,30.658425363428233,100.0
1510,1,33.31748086809989,33.31748086809989,100.0
1510,2,36.02409376847188,36.02409376847188,100.0
