timestamp,ueImsi,sliceId,dTxBytes,dRxBytes,plr,resourceSharePct,dLostPackets,throughputMbps,bufferBytes
560,1,0,24448,1528,93.75,35.98,15,1.2224,136498
560,2,0,24448,1528,93.75,35.98,15,1.2224,136499
560,3,0,24448,1528,93.75,35.98,15,1.2224,136561
560,4,0,24448,1528,93.75,35.98,15,1.2224,136546
560,5,0,24448,1528,93.75,35.98,15,1.2224,136562
560,6,1,780,624,20.00,37.89,2,0.4992,87
560,7,1,780,624,20.00,37.89,2,0.4992,87
560,8,1,780,624,20.00,37.89,2,0.4992,87
560,9,1,780,624,20.00,37.89,2,0.4992,87
560,10,1,780,624,20.00,37.89,2,0.4992,87
560,11,2,16000,512,96.80,26.13,121,0.4096,91059
560,12,2,16000,512,96.80,26.13,121,0.4096,91150
560,13,2,16000,512,96.80,26.13,121,0.4096,91051
560,14,2,16000,512,96.80,26.13,121,0.4096,91051
560,15,2,16000,512,96.80,26.13,121,0.4096,91114
560,16,2,16000,512,96.80,26.13,121,0.4096,91130
560,17,2,16000,512,96.80,26.13,121,0.4096,91133
560,18,2,16000,640,96.00,26.13,120,0.5120,91122
560,19,2,16000,640,96.00,26.13,120,0.5120,91120
560,20,2,16000,640,96.00,26.13,120,0.5120,91113
