timestamp,ueImsi,sliceId,dTxBytes,dRxBytes,plr,resourceSharePct,dLostPackets,throughputMbps,bufferBytes
590,1,0,1528,0,100.00,40.36,1,0.0000,182
590,2,0,1528,0,100.00,40.36,1,0.0000,91
590,3,0,1528,0,100.00,40.36,1,0.0000,98
590,4,0,1528,0,100.00,40.36,1,0.0000,174
590,5,0,1528,0,100.00,40.36,1,0.0000,174
590,6,1,390,390,0.00,35.33,0,0.3120,87
590,7,1,390,390,0.00,35.33,0,0.3120,87
590,8,1,390,390,0.00,35.33,0,0.3120,87
590,9,1,390,390,0.00,35.33,0,0.3120,87
590,10,1,390,390,0.00,35.33,0,0.3120,87
590,11,2,384,256,33.33,24.31,1,0.2048,62
590,12,2,384,256,33.33,24.31,1,0.2048,62
590,13,2,384,256,33.33,24.31,1,0.2048,62
590,14,2,384,256,33.33,24.31,1,0.2048,62
590,15,2,384,256,33.33,24.31,1,0.2048,62
590,16,2,384,384,0.00,24.31,0,0.3072,137
590,17,2,384,384,0.00,24.31,0,0.3072,137
590,18,2,384,256,33.33,24.31,1,0.2048,62
590,19,2,384,384,0.00,24.31,0,0.3072,137
590,20,2,384,384,0.00,24.31,0,0.3072,137
