timestamp,ueImsi,sliceId,dTxBytes,dRxBytes,plr,resourceSharePct,dLostPackets,throughputMbps
520,1,0,18336,4584,75.00,28.57,9,3.6672
520,2,0,18336,4584,75.00,28.57,9,3.6672
520,3,0,18336,4584,75.00,28.57,9,3.6672
520,4,0,18336,4584,75.00,28.57,9,3.6672
520,5,0,18336,4584,75.00,28.57,9,3.6672
520,6,1,390,390,0.00,51.43,0,0.3120
520,7,1,390,390,0.00,51.43,0,0.3120
520,8,1,390,390,0.00,51.43,0,0.3120
520,9,1,390,390,0.00,51.43,0,0.3120
520,10,1,390,390,0.00,51.43,0,0.3120
520,11,2,256,384,0.00,20.00,0,0.3072
520,12,2,256,384,0.00,20.00,0,0.3072
520,13,2,256,384,0.00,20.00,0,0.3072
520,14,2,256,384,0.00,20.00,0,0.3072
520,15,2,256,384,0.00,20.00,0,0.3072
520,16,2,256,384,0.00,20.00,0,0.3072
520,17,2,256,384,0.00,20.00,0,0.3072
520,18,2,256,384,0.00,20.00,0,0.3072
520,19,2,256,384,0.00,20.00,0,0.3072
520,20,2,256,384,0.00,20.00,0,0.3072
