timestamp,ueImsi,sliceId,dTxBytes,dRxBytes,plr,resourceSharePct,dLostPackets,throughputMbps,bufferBytes
1510,1,0,18336,0,100.00,29.59,12,0.0000,1714749
1510,2,0,18336,3056,83.33,29.59,10,2.4448,1490041
1510,3,0,18336,6112,66.67,29.59,8,4.8896,1199301
1510,4,0,18336,1528,91.67,29.59,11,1.2224,1314594
1510,5,0,18336,0,100.00,29.59,12,0.0000,1729357
1510,6,1,390,390,0.00,30.25,0,0.3120,87
1510,7,1,390,0,100.00,30.25,5,0.0000,23954
1510,8,1,390,390,0.00,30.25,0,0.3120,87
1510,9,1,390,624,0.00,30.25,0,0.4992,169
1510,10,1,390,0,100.00,30.25,5,0.0000,333
1510,11,2,384,256,33.33,40.16,1,0.2048,137
1510,12,2,384,256,33.33,40.16,1,0.2048,137
1510,13,2,384,256,33.33,40.16,1,0.2048,137
1510,14,2,384,256,33.33,40.16,1,0.2048,137
1510,15,2,384,256,33.33,40.16,1,0.2048,44
1510,16,2,384,0,100.00,40.16,3,0.0000,464
1510,17,2,384,256,33.33,40.16,1,0.2048,137
1510,18,2,384,0,100.00,40.16,3,0.0000,401
1510,19,2,384,256,33.33,40.16,1,0.2048,137
1510,20,2,384,256,33.33,40.16,1,0.2048,137
