timestamp,sliceId,dedicatedPRB,minPRB,maxPRB
510,0,32.59099485080738,32.59099485080738,100.0
510,1,38.6948546908797,38.6948546908797,100.0
510,2,28.714150458312933,28.714150458312933,100.0
520,0,34.26107826911477,34.26107826911477,100.0
520,1,24.674746364397084,24.674746364397084,100.0
520,2,41.06417536648815,41.06417536648815,100.0
530,0,44.8460234056169,44.8460234056169,100.0
530,1,28.335662770079306,28.335662770079306,100.0
530,2,26.818313824303804,26.818313824303804,100.0
540,0,23.65025323322364,23.65025323322364,100.0
540,1,49.05369626020016,49.05369626020016,100.0
540,2,27.296050506576204,27.296050506576204,100.0
550,0,39.586888406321705,39.586888406321705,100.0
550,1,27.690620231414275,27.690620231414275,100.0
550,2,32.72249136226402,32.72249136226402,100.0
560,0,49.63608519243948,49.63608519243948,100.0
560,1,26.88274732661096,26.88274732661096,100.0
560,2,23.48116748094956,23.48116748094956,100.0
570,0,48.577566697107876,48.577566697107876,100.0
570,1,31.050211854137704,31.050211854137704,100.0
570,2,20.37222144875442,20.37222144875442,100.0
580,0,24.23329555330442,24.23329555330442,100.0
580,1,34.25629339525568,34.25629339525568,100.0
580,2,41.5104110514399,41.5104110514399,100.0
590,0,33.18760425101116,33.18760425101116,100.0
590,1,34.23163024797022,34.23163024797022,100.0
590,2,32.58076550101862,32.58076550101862,100.0
600,0,25.29436586283893,25.29436586283893,100.0
600,1,28.02158632860156,28.02158632860156,100.0
600,2,46.68404780855951,46.68404780855951,100.0
610,0,40.704844164460695,40.704844164460695,100.0
610,1,32.23130923467312,32.23130923467312,100.0
610,2,27.063846600866174,27.063846600866174,100.0
620,0,33.16703896730743,33.16703896730743,100.0
620,1,33.341288554482496,33.341288554482496,100.0
620,2,33.49167247821008,33.49167247821008,100.0
630,0,34.48090346976631,34.48090346976631,100.0
630,1,30.925687709254962,30.925687709254962,100.0
630,2,34.59340882097872,34.59340882097872,100.0
640,0,28.21331585047121,28.21331585047121,100.0
640,1,32.08900077291706,32.08900077291706,100.0
640,2,39.69768337661174,39.69768337661174,100.0
650,0,28.54039818224865,28.54039818224865,100.0
650,1,42.67080375847726,42.67080375847726,100.0
650,2,28.7887980592741,28.7887980592741,100.0
660,0,31.781187531862898,31.781187531862898,100.0
660,1,28.083466992956886,28.083466992956886,100.0
660,2,40.135345475180216,40.135345475180216,100.0
670,0,36.20683918462172,36.20683918462172,100.0
670,1,26.83091823947145,26.83091823947145,100.0
670,2,36.96224257590683,36.96224257590683,100.0
680,0,27.361345872637006,27.361345872637006,100.0
680,1,28.89860454415134,28.89860454415134,100.0
680,2,43.740049583211665,43.740049583211665,100.0
690,0,23.145706529543446,23.145706529543446,100.0
690,1,28.852901270087607,28.852901270087607,100.0
690,2,48.00139220036894,48.00139220036894,100.0
700,0,40.43283005689644,40.43283005689644,100.0
700,1,33.4441657659966,33.4441657659966,100.0
700,2,26.123004177106957,26.123004177106957,100.0
710,0,27.10712768172453,27.10712768172453,100.0
710,1,44.82632183669451,44.82632183669451,100.0
710,2,28.066550481580965,28.066550481580965,100.0
720,0,33.966930903426785,33.966930903426785,100.0
720,1,43.98551308747101,43.98551308747101,100.0
720,2,22.047556009102202,22.047556009102202,100.0
730,0,39.97232911367913,39.97232911367913,100.0
730,1,37.169956111049245,37.169956111049245,100.0
730,2,22.857714775271628,22.857714775271628,100.0
740,0,38.66305186574365,38.66305186574365,100.0
740,1,26.990603895165926,26.990603895165926,100.0
740,2,34.34634423909043,34.34634423909043,100.0
750,0,29.972568216556883,29.972568216556883,100.0
750,1,46.47252155081552,46.47252155081552,100.0
750,2,23.554910232627595,23.554910232627595,100.0
760,0,37.08736183409489,37.08736183409489,100.0
760,1,26.15980197895309,26.15980197895309,100.0
760,2,36.752836186952024,36.752836186952024,100.0
770,0,30.297048587871927,30.297048587871927,100.0
770,1,39.63976379183832,39.63976379183832,100.0
770,2,30.06318762028975,30.06318762028975,100.0
780,0,39.35812159706876,39.35812159706876,100.0
780,1,34.76572550950278,34.76572550950278,100.0
780,2,25.87615289342847,25.87615289342847,100.0
790,0,52.03352021981766,52.03352021981766,100.0
790,1,28.37258691810134,28.37258691810134,100.0
790,2,19.593892862081,19.593892862081,100.0
800,0,35.398951610726456,35.398951610726456,100.0
800,1,35.05991740713795,35.05991740713795,100.0
800,2,29.541130982135588,29.541130982135588,100.0
810,0,47.6084288104061,47.6084288104061,100.0
810,1,29.63928889561397,29.63928889561397,100.0
810,2,22.752282293979935,22.752282293979935,100.0
820,0,35.53548300607192,35.53548300607192,100.0
820,1,38.67360411179804,38.67360411179804,100.0
820,2,25.79091288213004,25.79091288213004,100.0
830,0,41.09768991443313,41.09768991443313,100.0
830,1,32.8411573125791,32.8411573125791,100.0
830,2,26.06115277298777,26.06115277298777,100.0
840,0,34.48905024434447,34.48905024434447,100.0
840,1,37.014516551928224,37.014516551928224,100.0
840,2,28.496433203727317,28.496433203727317,100.0
850,0,21.944881293754147,21.944881293754147,100.0
850,1,43.47166447162358,43.47166447162358,100.0
850,2,34.58345423462227,34.58345423462227,100.0
860,0,44.06924041461784,44.06924041461784,100.0
860,1,28.74142251728553,28.74142251728553,100.0
860,2,27.18933706809663,27.18933706809663,100.0
870,0,38.0584220741426,38.0584220741426,100.0
870,1,27.053336749667707,27.053336749667707,100.0
870,2,34.88824117618971,34.88824117618971,100.0
880,0,45.541580376791124,45.541580376791124,100.0
880,1,35.99362112887844,35.99362112887844,100.0
880,2,18.464798494330438,18.464798494330438,100.0
890,0,52.114710684722176,52.114710684722176,100.0
890,1,27.847851719483867,27.847851719483867,100.0
890,2,20.037437595793957,20.037437595793957,100.0
900,0,34.4200350271113,34.4200350271113,100.0
900,1,29.164442209459917,29.164442209459917,100.0
900,2,36.41552276342879,36.41552276342879,100.0
910,0,24.67180373102793,24.67180373102793,100.0
910,1,38.63932729584859,38.63932729584859,100.0
910,2,36.68886897312349,36.68886897312349,100.0
920,0,28.280955280410858,28.280955280410858,100.0
920,1,30.50607957398279,30.50607957398279,100.0
920,2,41.21296514560635,41.21296514560635,100.0
930,0,28.62906472430104,28.62906472430104,100.0
930,1,45.716308088865595,45.716308088865595,100.0
930,2,25.654627186833366,25.654627186833366,100.0
940,0,46.72094606500321,46.72094606500321,100.0
940,1,29.092971272080803,29.092971272080803,100.0
940,2,24.186082662915986,24.186082662915986,100.0
950,0,46.02768946476876,46.02768946476876,100.0
950,1,34.08717118417856,34.08717118417856,100.0
950,2,19.885139351052683,19.885139351052683,100.0
960,0,30.519921041482856,30.519921041482856,100.0
960,1,35.410612932950635,35.410612932950635,100.0
960,2,34.069466025566506,34.069466025566506,100.0
970,0,41.10178474832231,41.10178474832231,100.0
970,1,38.40245176319437,38.40245176319437,100.0
970,2,20.495763488483323,20.495763488483323,100.0
980,0,31.11082400100778,31.11082400100778,100.0
980,1,44.16333366267292,44.16333366267292,100.0
980,2,24.72584233631931,24.72584233631931,100.0
990,0,31.08349692378343,31.08349692378343,100.0
990,1,31.374430498582186,31.374430498582186,100.0
990,2,37.542072577634386,37.542072577634386,100.0
1000,0,36.87980573772664,36.87980573772664,100.0
1000,1,36.9367992499575,36.9367992499575,100.0
1000,2,26.183395012315856,26.183395012315856,100.0
1010,0,23.458443529792902,23.458443529792902,100.0
1010,1,29.786841056951335,29.786841056951335,100.0
1010,2,46.754715413255774,46.754715413255774,100.0
1020,0,24.937863364781318,24.937863364781318,100.0
1020,1,36.97147188691587,36.97147188691587,100.0
1020,2,38.09066474830281,38.09066474830281,100.0
1030,0,44.47218546518484,44.47218546518484,100.0
1030,1,29.053657068506933,29.053657068506933,100.0
1030,2,26.474157466308224,26.474157466308224,100.0
1040,0,38.5420041394917,38.5420041394917,100.0
1040,1,35.67294546350911,35.67294546350911,100.0
1040,2,25.78505039699919,25.78505039699919,100.0
1050,0,25.08493280214028,25.08493280214028,100.0
1050,1,48.93137368037345,48.93137368037345,100.0
1050,2,25.983693517486277,25.983693517486277,100.0
1060,0,38.17467189951381,38.17467189951381,100.0
1060,1,42.187260320085656,42.187260320085656,100.0
1060,2,19.638067780400533,19.638067780400533,100.0
1070,0,39.60960417230445,39.60960417230445,100.0
1070,1,37.07801145878358,37.07801145878358,100.0
1070,2,23.312384368911975,23.312384368911975,100.0
1080,0,29.89862273035912,29.89862273035912,100.0
1080,1,44.06068530806414,44.06068530806414,100.0
1080,2,26.040691961576734,26.040691961576734,100.0
1090,0,21.681839828628394,21.681839828628394,100.0
1090,1,51.619974777212974,51.619974777212974,100.0
1090,2,26.698185394158642,26.698185394158642,100.0
1100,0,34.999442157436555,34.999442157436555,100.0
1100,1,27.228559864845913,27.228559864845913,100.0
1100,2,37.77199797771754,37.77199797771754,100.0
1110,0,36.90606900023164,36.90606900023164,100.0
1110,1,27.724849031698852,27.724849031698852,100.0
1110,2,35.369081968069516,35.369081968069516,100.0
1120,0,47.59071599483288,47.59071599483288,100.0
1120,1,27.384584210866013,27.384584210866013,100.0
1120,2,25.024699794301103,25.024699794301103,100.0
1130,0,26.98103115568486,26.98103115568486,100.0
1130,1,47.76617895700771,47.76617895700771,100.0
1130,2,25.25278988730743,25.25278988730743,100.0
1140,0,43.37230019978592,43.37230019978592,100.0
1140,1,29.584072813146484,29.584072813146484,100.0
1140,2,27.043626987067604,27.043626987067604,100.0
1150,0,35.92504090011262,35.92504090011262,100.0
1150,1,33.068236416800715,33.068236416800715,100.0
1150,2,31.006722683086664,31.006722683086664,100.0
1160,0,34.486954867623766,34.486954867623766,100.0
1160,1,28.97017986077724,28.97017986077724,100.0
1160,2,36.542865271599,36.542865271599,100.0
1170,0,36.376274069883166,36.376274069883166,100.0
1170,1,33.228107936235446,33.228107936235446,100.0
1170,2,30.395617993881395,30.395617993881395,100.0
1180,0,26.490052743385263,26.490052743385263,100.0
1180,1,42.98177846388904,42.98177846388904,100.0
1180,2,30.528168792725708,30.528168792725708,100.0
1190,0,47.123192794647096,47.123192794647096,100.0
1190,1,34.1100547564343,34.1100547564343,100.0
1190,2,18.766752448918595,18.766752448918595,100.0
1200,0,43.800694743307425,43.800694743307425,100.0
1200,1,26.74532513823052,26.74532513823052,100.0
1200,2,29.453980118462063,29.453980118462063,100.0
1210,0,27.87888362403328,27.87888362403328,100.0
1210,1,43.14240652906479,43.14240652906479,100.0
1210,2,28.97870984690193,28.97870984690193,100.0
1220,0,42.95926653064341,42.95926653064341,100.0
1220,1,30.447745496925645,30.447745496925645,100.0
1220,2,26.592987972430947,26.592987972430947,100.0
1230,0,26.904003656608865,26.904003656608865,100.0
1230,1,49.000159525789634,49.000159525789634,100.0
1230,2,24.09583681760151,24.09583681760151,100.0
1240,0,36.50929717551513,36.50929717551513,100.0
1240,1,33.77782843777067,33.77782843777067,100.0
1240,2,29.712874386714194,29.712874386714194,100.0
1250,0,27.411503996275123,27.411503996275123,100.0
1250,1,29.00626915831005,29.00626915831005,100.0
1250,2,43.58222684541483,43.58222684541483,100.0
1260,0,42.91269131090635,42.91269131090635,100.0
1260,1,28.024021419992824,28.024021419992824,100.0
1260,2,29.06328726910083,29.06328726910083,100.0
1270,0,46.27570690357134,46.27570690357134,100.0
1270,1,30.094419408069516,30.094419408069516,100.0
1270,2,23.62987368835915,23.62987368835915,100.0
1280,0,21.65390365497657,21.65390365497657,100.0
1280,1,41.06425185894294,41.06425185894294,100.0
1280,2,37.2818444860805,37.2818444860805,100.0
1290,0,25.250402480304196,25.250402480304196,100.0
1290,1,42.39016817895491,42.39016817895491,100.0
1290,2,32.35942934074089,32.35942934074089,100.0
1300,0,46.21560635424894,46.21560635424894,100.0
1300,1,32.29819238133687,32.29819238133687,100.0
1300,2,21.48620126441419,21.48620126441419,100.0
1310,0,43.473015376949,43.473015376949,100.0
1310,1,25.083082341534556,25.083082341534556,100.0
1310,2,31.44390228151644,31.44390228151644,100.0
1320,0,45.46293441476932,45.46293441476932,100.0
1320,1,28.301394973381967,28.301394973381967,100.0
1320,2,26.23567061184872,26.23567061184872,100.0
1330,0,26.778229217712525,26.778229217712525,100.0
1330,1,42.19297866787828,42.19297866787828,100.0
1330,2,31.028792114409192,31.028792114409192,100.0
1340,0,31.092405807814615,31.092405807814615,100.0
1340,1,34.95232751307567,34.95232751307567,100.0
1340,2,33.955266679109705,33.955266679109705,100.0
1350,0,43.41568742871189,43.41568742871189,100.0
1350,1,32.34267572225266,32.34267572225266,100.0
1350,2,24.241636849035448,24.241636849035448,100.0
1360,0,30.670730966642513,30.670730966642513,100.0
1360,1,29.62172955678337,29.62172955678337,100.0
1360,2,39.70753947657412,39.70753947657412,100.0
1370,0,30.38714494359629,30.38714494359629,100.0
1370,1,33.787304500882286,33.787304500882286,100.0
1370,2,35.825550555521424,35.825550555521424,100.0
1380,0,41.17549994436157,41.17549994436157,100.0
1380,1,26.686870690010743,26.686870690010743,100.0
1380,2,32.13762936562769,32.13762936562769,100.0
1390,0,27.27477625808507,27.27477625808507,100.0
1390,1,51.16687895230887,51.16687895230887,100.0
1390,2,21.55834478960605,21.55834478960605,100.0
1400,0,25.986922653029687,25.986922653029687,100.0
1400,1,35.95168662716263,35.95168662716263,100.0
1400,2,38.06139071980769,38.06139071980769,100.0
1410,0,47.99163316817162,47.99163316817162,100.0
1410,1,25.793313503471705,25.793313503471705,100.0
1410,2,26.215053328356692,26.215053328356692,100.0
1420,0,32.277883258488835,32.277883258488835,100.0
1420,1,46.021029556946836,46.021029556946836,100.0
1420,2,21.701087184564326,21.701087184564326,100.0
1430,0,25.82471812872924,25.82471812872924,100.0
1430,1,31.911254089306716,31.911254089306716,100.0
1430,2,42.26402778196404,42.26402778196404,100.0
1440,0,24.383788088293535,24.383788088293535,100.0
1440,1,37.2959647618581,37.2959647618581,100.0
1440,2,38.32024714984836,38.32024714984836,100.0
1450,0,46.64830768164291,46.64830768164291,100.0
1450,1,28.066865388336083,28.066865388336083,100.0
1450,2,25.28482693002101,25.28482693002101,100.0
1460,0,25.598073300257933,25.598073300257933,100.0
1460,1,47.49075895191085,47.49075895191085,100.0
1460,2,26.911167747831215,26.911167747831215,100.0
1470,0,24.82377447188357,24.82377447188357,100.0
1470,1,46.810988696217024,46.810988696217024,100.0
1470,2,28.36523683189941,28.36523683189941,100.0
1480,0,28.464655767021576,28.464655767021576,100.0
1480,1,36.84527975245063,36.84527975245063,100.0
1480,2,34.6900644805278,34.6900644805278,100.0
1490,0,30.7305173320359,30.7305173320359,100.0
1490,1,45.4281601319518,45.4281601319518,100.0
1490,2,23.8413225360123,23.8413225360123,100.0
1500,0,49.15153671061368,49.15153671061368,100.0
1500,1,30.26080781684056,30.26080781684056,100.0
1500,2,20.58765547254576,20.58765547254576,100.0
