timestamp,ueImsi,sliceId,dTxBytes,dRxBytes,plr,resourceSharePct,dLostPackets,throughputMbps,bufferBytes,dlBufferBytes,ulBufferBytes,macBufferBytes,congestionPct,lastDrlActionStatus
10600,1,0,128736,0,100.00,36.66,112,0.0000,1200005,74720,1200005,1274725,12.16,applied
10600,2,0,128736,46664,66.07,36.66,74,3.7331,1198889,73730,1198889,1272619,12.14,applied
10600,3,0,128736,76136,44.64,36.66,50,6.0909,1199818,73793,1199818,1273611,12.15,applied
10600,4,0,128736,0,100.00,36.66,112,0.0000,34,75671,34,75705,0.72,applied
10600,5,0,128736,0,100.00,36.66,112,0.0000,7592,73733,7592,81325,0.78,applied
10600,6,1,0,0,0.00,40.00,0,0.0000,34,0,34,34,0.00,applied
10600,7,1,0,0,0.00,40.00,0,0.0000,34,0,34,34,0.00,applied
10600,8,1,0,0,0.00,40.00,0,0.0000,34,0,34,34,0.00,applied
10600,9,1,0,0,0.00,40.00,0,0.0000,34,0,34,34,0.00,applied
10600,10,1,0,0,0.00,40.00,0,0.0000,34,0,34,34,0.00,applied
10600,11,1,0,0,0.00,40.00,0,0.0000,34,0,34,34,0.00,applied
10600,12,1,0,0,0.00,40.00,0,0.0000,34,0,34,34,0.00,applied
10600,13,1,0,0,0.00,40.00,0,0.0000,34,0,34,34,0.00,applied
10600,14,2,63772,940,89.80,23.33,44,0.0752,4727932,4727932,51,4727983,45.09,applied
10600,15,2,63772,0,100.00,23.33,49,0.0000,4728031,4728031,51,4728082,45.09,applied
10600,16,2,63772,0,100.00,23.33,49,0.0000,4727953,4727953,51,4728004,45.09,applied
10600,17,2,63772,0,100.00,23.33,49,0.0000,4730496,4730496,51,4730547,45.11,applied
10600,18,2,63772,0,100.00,23.33,49,0.0000,4728033,4728033,51,4728084,45.09,applied
