timestamp,ueImsi,sliceId,dTxBytes,dRxBytes,plr,resourceSharePct,dLostPackets,throughputMbps,bufferBytes
560,1,0,24448,3056,87.50,36.67,14,2.4448,135430
560,2,0,24448,3056,87.50,36.67,14,2.4448,135433
560,3,0,24448,3056,87.50,36.67,14,2.4448,135433
560,4,0,24448,3056,87.50,36.67,14,2.4448,135334
560,5,0,24448,3056,87.50,36.67,14,2.4448,135431
560,6,1,390,312,20.00,36.51,1,0.2496,169
560,7,1,390,312,20.00,36.51,1,0.2496,169
560,8,1,390,312,20.00,36.51,1,0.2496,169
560,9,1,390,312,20.00,36.51,1,0.2496,169
560,10,1,390,312,20.00,36.51,1,0.2496,169
560,11,2,16000,768,95.20,26.82,119,0.6144,90102
560,12,2,16000,768,95.20,26.82,119,0.6144,90102
560,13,2,16000,768,95.20,26.82,119,0.6144,90104
560,14,2,16000,768,95.20,26.82,119,0.6144,90096
560,15,2,16000,768,95.20,26.82,119,0.6144,90173
560,16,2,16000,896,94.40,26.82,118,0.7168,90179
560,17,2,16000,768,95.20,26.82,119,0.6144,90074
560,18,2,16000,768,95.20,26.82,119,0.6144,90067
560,19,2,16000,768,95.20,26.82,119,0.6144,90155
560,20,2,16000,768,95.20,26.82,119,0.6144,90156
