callId,timeMs,scenario,slot,bwpId,beamId,sliceId,rnti,bufQueueSize,dlTbSizeBefore,hasDemand,demandPassed,rbgAllocated,uniqueRbgs,tbSizeBytes,mcs,rank,numRbPerRbg,reason
1,503,low_traffic,0,0,65535_65535,0,2,6133,0,0,1,0,0,0,15,1,1,pre_allocation
1,503,low_traffic,0,0,65535_65535,0,2,6133,35,1,1,1,1,35,15,1,1,allocated
1,503,low_traffic,0,0,65535_65535,0,1,6133,0,0,1,0,0,0,15,1,1,pre_allocation
1,503,low_traffic,0,0,65535_65535,0,1,6133,35,1,1,1,1,35,15,1,1,allocated
1,503,low_traffic,0,0,65535_65535,0,2,6133,35,0,1,0,1,0,15,1,1,pre_allocation
1,503,low_traffic,0,0,65535_65535,0,2,6133,74,1,1,1,2,74,15,1,1,allocated
1,503,low_traffic,0,0,65535_65535,0,1,6133,35,0,1,0,1,0,15,1,1,pre_allocation
1,503,low_traffic,0,0,65535_65535,0,1,6133,74,1,1,1,2,74,15,1,1,allocated
1,503,low_traffic,0,0,65535_65535,0,2,6133,74,0,1,0,2,0,15,1,1,pre_allocation
1,503,low_traffic,0,0,65535_65535,0,2,6133,112,1,1,1,3,112,15,1,1,allocated
1,503,low_traffic,0,0,65535_65535,0,1,6133,74,0,1,0,2,0,15,1,1,pre_allocation
1,503,low_traffic,0,0,65535_65535,0,1,6133,112,1,1,1,3,112,15,1,1,allocated
1,503,low_traffic,0,0,65535_65535,0,2,6133,112,0,1,0,3,0,15,1,1,pre_allocation
1,503,low_traffic,0,0,65535_65535,0,2,6133,151,1,1,1,4,151,15,1,1,allocated
1,503,low_traffic,0,0,65535_65535,0,1,6133,112,0,1,0,3,0,15,1,1,pre_allocation
1,503,low_traffic,0,0,65535_65535,0,1,6133,151,1,1,1,4,151,15,1,1,allocated
1,503,low_traffic,0,0,65535_65535,0,2,6133,151,0,1,0,4,0,15,1,1,pre_allocation
1,503,low_traffic,0,0,65535_65535,0,2,6133,190,1,1,1,5,190,15,1,1,allocated
1,503,low_traffic,0,0,65535_65535,0,1,6133,151,0,1,0,4,0,15,1,1,pre_allocation
1,503,low_traffic,0,0,65535_65535,0,1,6133,190,1,1,1,5,190,15,1,1,allocated
1,503,low_traffic,0,0,65535_65535,0,2,6133,190,0,1,0,5,0,15,1,1,pre_allocation
1,503,low_traffic,0,0,65535_65535,0,2,6133,228,1,1,1,6,228,15,1,1,allocated
1,503,low_traffic,0,0,65535_65535,0,1,6133,190,0,1,0,5,0,15,1,1,pre_allocation
1,503,low_traffic,0,0,65535_65535,0,1,6133,228,1,1,1,6,228,15,1,1,allocated
1,503,low_traffic,0,0,65535_65535,0,2,6133,228,0,1,0,6,0,15,1,1,pre_allocation
1,503,low_traffic,0,0,65535_65535,0,2,6133,267,1,1,1,7,267,15,1,1,allocated
1,503,low_traffic,0,0,65535_65535,0,1,6133,228,0,1,0,6,0,15,1,1,pre_allocation
1,503,low_traffic,0,0,65535_65535,0,1,6133,267,1,1,1,7,267,15,1,1,allocated
1,503,low_traffic,0,0,65535_65535,0,2,6133,267,0,1,0,7,0,15,1,1,pre_allocation
1,503,low_traffic,0,0,65535_65535,0,2,6133,305,1,1,1,8,305,15,1,1,allocated
1,503,low_traffic,0,0,65535_65535,0,1,6133,267,0,1,0,7,0,15,1,1,pre_allocation
1,503,low_traffic,0,0,65535_65535,0,1,6133,305,1,1,1,8,305,15,1,1,allocated
1,503,low_traffic,0,0,65535_65535,0,2,6133,305,0,1,0,8,0,15,1,1,pre_allocation
1,503,low_traffic,0,0,65535_65535,0,2,6133,344,1,1,1,9,344,15,1,1,allocated
1,503,low_traffic,0,0,65535_65535,0,1,6133,305,0,1,0,8,0,15,1,1,pre_allocation
1,503,low_traffic,0,0,65535_65535,0,1,6133,344,1,1,1,9,344,15,1,1,allocated
1,503,low_traffic,0,0,65535_65535,0,2,6133,344,0,1,0,9,0,15,1,1,pre_allocation
1,503,low_traffic,0,0,65535_65535,0,2,6133,383,1,1,1,10,383,15,1,1,allocated
1,503,low_traffic,0,0,65535_65535,0,1,6133,344,0,1,0,9,0,15,1,1,pre_allocation
1,503,low_traffic,0,0,65535_65535,0,1,6133,383,1,1,1,10,383,15,1,1,allocated
1,503,low_traffic,0,0,65535_65535,0,2,6133,383,0,1,0,10,0,15,1,1,pre_allocation
1,503,low_traffic,0,0,65535_65535,0,2,6133,421,1,1,1,11,421,15,1,1,allocated
1,503,low_traffic,0,0,65535_65535,0,1,6133,383,0,1,0,10,0,15,1,1,pre_allocation
1,503,low_traffic,0,0,65535_65535,0,1,6133,421,1,1,1,11,421,15,1,1,allocated
1,503,low_traffic,0,0,65535_65535,0,2,6133,421,0,1,0,11,0,15,1,1,pre_allocation
1,503,low_traffic,0,0,65535_65535,0,2,6133,460,1,1,1,12,460,15,1,1,allocated
1,503,low_traffic,0,0,65535_65535,0,1,6133,421,0,1,0,11,0,15,1,1,pre_allocation
1,503,low_traffic,0,0,65535_65535,0,1,6133,460,1,1,1,12,460,15,1,1,allocated
1,503,low_traffic,0,0,65535_65535,0,2,6133,460,0,1,0,12,0,15,1,1,pre_allocation
1,503,low_traffic,0,0,65535_65535,0,2,6133,498,1,1,1,13,498,15,1,1,allocated
1,503,low_traffic,0,0,65535_65535,0,1,6133,460,0,1,0,12,0,15,1,1,pre_allocation
1,503,low_traffic,0,0,65535_65535,0,1,6133,498,1,1,1,13,498,15,1,1,allocated
1,503,low_traffic,0,0,65535_65535,0,2,6133,498,0,1,0,13,0,15,1,1,pre_allocation
1,503,low_traffic,0,0,65535_65535,0,2,6133,537,1,1,1,14,537,15,1,1,allocated
1,503,low_traffic,0,0,65535_65535,0,1,6133,498,0,1,0,13,0,15,1,1,pre_allocation
1,503,low_traffic,0,0,65535_65535,0,1,6133,537,1,1,1,14,537,15,1,1,allocated
1,503,low_traffic,0,0,65535_65535,0,2,6133,537,0,1,0,14,0,15,1,1,pre_allocation
1,503,low_traffic,0,0,65535_65535,0,2,6133,576,1,1,1,15,576,15,1,1,allocated
1,503,low_traffic,0,0,65535_65535,0,1,6133,537,0,1,0,14,0,15,1,1,pre_allocation
1,503,low_traffic,0,0,65535_65535,0,1,6133,576,1,1,1,15,576,15,1,1,allocated
1,503,low_traffic,0,0,65535_65535,0,2,6133,576,0,1,0,15,0,15,1,1,pre_allocation
1,503,low_traffic,0,0,65535_65535,0,2,6133,614,1,1,1,16,614,15,1,1,allocated
1,503,low_traffic,0,0,65535_65535,0,1,6133,576,0,1,0,15,0,15,1,1,pre_allocation
1,503,low_traffic,0,0,65535_65535,0,1,6133,614,1,1,1,16,614,15,1,1,allocated
1,503,low_traffic,0,0,65535_65535,0,2,6133,614,0,1,0,16,0,15,1,1,pre_allocation
1,503,low_traffic,0,0,65535_65535,0,2,6133,653,1,1,1,17,653,15,1,1,allocated
1,503,low_traffic,0,0,65535_65535,0,1,6133,614,0,1,0,16,0,15,1,1,pre_allocation
1,503,low_traffic,0,0,65535_65535,0,1,6133,653,1,1,1,17,653,15,1,1,allocated
1,503,low_traffic,0,0,65535_65535,0,2,6133,653,0,1,0,17,0,15,1,1,pre_allocation
1,503,low_traffic,0,0,65535_65535,0,2,6133,691,1,1,1,18,691,15,1,1,allocated
1,503,low_traffic,0,0,65535_65535,0,1,6133,653,0,1,0,17,0,15,1,1,pre_allocation
1,503,low_traffic,0,0,65535_65535,0,1,6133,691,1,1,1,18,691,15,1,1,allocated
1,503,low_traffic,0,0,65535_65535,0,2,6133,691,0,1,0,18,0,15,1,1,pre_allocation
1,503,low_traffic,0,0,65535_65535,0,2,6133,730,1,1,1,19,730,15,1,1,allocated
1,503,low_traffic,0,0,65535_65535,0,1,6133,691,0,1,0,18,0,15,1,1,pre_allocation
1,503,low_traffic,0,0,65535_65535,0,1,6133,730,1,1,1,19,730,15,1,1,allocated
1,503,low_traffic,0,0,65535_65535,0,2,6133,730,0,1,0,19,0,15,1,1,pre_allocation
1,503,low_traffic,0,0,65535_65535,0,2,6133,769,1,1,1,20,769,15,1,1,allocated
1,503,low_traffic,0,0,65535_65535,0,1,6133,730,0,1,0,19,0,15,1,1,pre_allocation
1,503,low_traffic,0,0,65535_65535,0,1,6133,769,1,1,1,20,769,15,1,1,allocated
1,503,low_traffic,0,0,65535_65535,0,2,6133,769,0,1,0,20,0,15,1,1,pre_allocation
1,503,low_traffic,0,0,65535_65535,0,2,6133,807,1,1,1,21,807,15,1,1,allocated
1,503,low_traffic,0,0,65535_65535,0,1,6133,769,0,1,0,20,0,15,1,1,pre_allocation
1,503,low_traffic,0,0,65535_65535,0,1,6133,807,1,1,1,21,807,15,1,1,allocated
1,503,low_traffic,0,0,65535_65535,0,2,6133,807,0,1,0,21,0,15,1,1,pre_allocation
1,503,low_traffic,0,0,65535_65535,0,2,6133,846,1,1,1,22,846,15,1,1,allocated
1,503,low_traffic,0,0,65535_65535,0,1,6133,807,0,1,0,21,0,15,1,1,pre_allocation
1,503,low_traffic,0,0,65535_65535,0,1,6133,846,1,1,1,22,846,15,1,1,allocated
1,503,low_traffic,0,0,65535_65535,0,2,6133,846,0,1,0,22,0,15,1,1,pre_allocation
1,503,low_traffic,0,0,65535_65535,0,2,6133,885,1,1,1,23,885,15,1,1,allocated
1,503,low_traffic,0,0,65535_65535,0,1,6133,846,0,1,0,22,0,15,1,1,pre_allocation
1,503,low_traffic,0,0,65535_65535,0,1,6133,885,1,1,1,23,885,15,1,1,allocated
1,503,low_traffic,0,0,65535_65535,0,2,6133,885,0,1,0,23,0,15,1,1,pre_allocation
1,503,low_traffic,0,0,65535_65535,0,2,6133,923,1,1,1,24,923,15,1,1,allocated
1,503,low_traffic,0,0,65535_65535,0,1,6133,885,0,1,0,23,0,15,1,1,pre_allocation
1,503,low_traffic,0,0,65535_65535,0,1,6133,923,1,1,1,24,923,15,1,1,allocated
1,503,low_traffic,0,0,65535_65535,0,2,6133,923,0,1,0,24,0,15,1,1,pre_allocation
1,503,low_traffic,0,0,65535_65535,0,2,6133,962,1,1,1,25,962,15,1,1,allocated
1,503,low_traffic,0,0,65535_65535,0,1,6133,923,0,1,0,24,0,15,1,1,pre_allocation
1,503,low_traffic,0,0,65535_65535,0,1,6133,962,1,1,1,25,962,15,1,1,allocated
1,503,low_traffic,0,0,65535_65535,0,2,6133,962,0,1,0,25,0,15,1,1,pre_allocation
1,503,low_traffic,0,0,65535_65535,0,2,6133,1000,1,1,1,26,1000,15,1,1,allocated
1,503,low_traffic,0,0,65535_65535,0,1,6133,962,0,1,0,25,0,15,1,1,pre_allocation
1,503,low_traffic,0,0,65535_65535,0,1,6133,1000,1,1,1,26,1000,15,1,1,allocated
1,503,low_traffic,0,0,65535_65535,0,2,6133,1000,0,1,0,26,0,15,1,1,pre_allocation
1,503,low_traffic,0,0,65535_65535,0,2,6133,1039,1,1,1,27,1039,15,1,1,allocated
1,503,low_traffic,0,0,65535_65535,0,1,6133,1000,0,1,0,26,0,15,1,1,pre_allocation
1,503,low_traffic,0,0,65535_65535,0,1,6133,1039,1,1,1,27,1039,15,1,1,allocated
1,503,low_traffic,0,0,65535_65535,0,2,6133,1039,0,1,0,27,0,15,1,1,pre_allocation
1,503,low_traffic,0,0,65535_65535,0,2,6133,1078,1,1,1,28,1078,15,1,1,allocated
1,503,low_traffic,0,0,65535_65535,0,1,6133,1039,0,1,0,27,0,15,1,1,pre_allocation
1,503,low_traffic,0,0,65535_65535,0,1,6133,1078,1,1,1,28,1078,15,1,1,allocated
1,503,low_traffic,0,0,65535_65535,0,2,6133,1078,0,1,0,28,0,15,1,1,pre_allocation
1,503,low_traffic,0,0,65535_65535,0,2,6133,1116,1,1,1,29,1116,15,1,1,allocated
1,503,low_traffic,0,0,65535_65535,0,1,6133,1078,0,1,0,28,0,15,1,1,pre_allocation
1,503,low_traffic,0,0,65535_65535,0,1,6133,1116,1,1,1,29,1116,15,1,1,allocated
1,503,low_traffic,0,0,65535_65535,0,2,6133,1116,0,1,0,29,0,15,1,1,pre_allocation
1,503,low_traffic,0,0,65535_65535,0,2,6133,1155,1,1,1,30,1155,15,1,1,allocated
1,503,low_traffic,0,0,65535_65535,0,1,6133,1116,0,1,0,29,0,15,1,1,pre_allocation
1,503,low_traffic,0,0,65535_65535,0,1,6133,1155,1,1,1,30,1155,15,1,1,allocated
1,503,low_traffic,0,0,65535_65535,0,2,6133,1155,0,1,0,30,0,15,1,1,pre_allocation
1,503,low_traffic,0,0,65535_65535,0,2,6133,1193,1,1,1,31,1193,15,1,1,allocated
1,503,low_traffic,0,0,65535_65535,0,1,6133,1155,0,1,0,30,0,15,1,1,pre_allocation
1,503,low_traffic,0,0,65535_65535,0,1,6133,1193,1,1,1,31,1193,15,1,1,allocated
1,503,low_traffic,0,0,65535_65535,0,2,6133,1193,0,1,0,31,0,15,1,1,pre_allocation
1,503,low_traffic,0,0,65535_65535,0,2,6133,1232,1,1,1,32,1232,15,1,1,allocated
1,503,low_traffic,0,0,65535_65535,0,1,6133,1193,0,1,0,31,0,15,1,1,pre_allocation
1,503,low_traffic,0,0,65535_65535,0,1,6133,1232,1,1,1,32,1232,15,1,1,allocated
1,503,low_traffic,0,0,65535_65535,0,2,6133,1232,0,1,0,32,0,15,1,1,pre_allocation
1,503,low_traffic,0,0,65535_65535,0,2,6133,1271,1,1,1,33,1271,15,1,1,allocated
1,503,low_traffic,0,0,65535_65535,0,1,6133,1232,0,1,0,32,0,15,1,1,pre_allocation
1,503,low_traffic,0,0,65535_65535,0,1,6133,1271,1,1,1,33,1271,15,1,1,allocated
1,503,low_traffic,0,0,65535_65535,0,2,6133,1271,0,1,0,33,0,15,1,1,pre_allocation
1,503,low_traffic,0,0,65535_65535,0,2,6133,1309,1,1,1,34,1309,15,1,1,allocated
1,503,low_traffic,0,0,65535_65535,0,1,6133,1271,0,1,0,33,0,15,1,1,pre_allocation
1,503,low_traffic,0,0,65535_65535,0,1,6133,1309,1,1,1,34,1309,15,1,1,allocated
1,503,low_traffic,0,0,65535_65535,0,2,6133,1309,0,1,0,34,0,15,1,1,pre_allocation
1,503,low_traffic,0,0,65535_65535,0,2,6133,1348,1,1,1,35,1348,15,1,1,allocated
1,503,low_traffic,0,0,65535_65535,0,1,6133,1309,0,1,0,34,0,15,1,1,pre_allocation
1,503,low_traffic,0,0,65535_65535,0,1,6133,1348,1,1,1,35,1348,15,1,1,allocated
1,503,low_traffic,0,0,65535_65535,0,2,6133,1348,0,1,0,35,0,15,1,1,pre_allocation
1,503,low_traffic,0,0,65535_65535,0,2,6133,1386,1,1,1,36,1386,15,1,1,allocated
1,503,low_traffic,0,0,65535_65535,0,1,6133,1348,0,1,0,35,0,15,1,1,pre_allocation
1,503,low_traffic,0,0,65535_65535,0,1,6133,1386,1,1,1,36,1386,15,1,1,allocated
1,503,low_traffic,0,0,65535_65535,0,2,6133,1386,0,1,0,36,0,15,1,1,pre_allocation
1,503,low_traffic,0,0,65535_65535,0,2,6133,1425,1,1,1,37,1425,15,1,1,allocated
1,503,low_traffic,0,0,65535_65535,0,1,6133,1386,0,1,0,36,0,15,1,1,pre_allocation
1,503,low_traffic,0,0,65535_65535,0,1,6133,1425,1,1,1,37,1425,15,1,1,allocated
1,503,low_traffic,0,0,65535_65535,0,2,6133,1425,0,1,0,37,0,15,1,1,pre_allocation
1,503,low_traffic,0,0,65535_65535,0,2,6133,1464,1,1,1,38,1464,15,1,1,allocated
1,503,low_traffic,0,0,65535_65535,0,1,6133,1425,0,1,0,37,0,15,1,1,pre_allocation
1,503,low_traffic,0,0,65535_65535,0,1,6133,1464,1,1,1,38,1464,15,1,1,allocated
1,503,low_traffic,0,0,65535_65535,0,2,6133,1464,0,1,0,38,0,15,1,1,pre_allocation
1,503,low_traffic,0,0,65535_65535,0,2,6133,1502,1,1,1,39,1502,15,1,1,allocated
1,503,low_traffic,0,0,65535_65535,0,1,6133,1464,0,1,0,38,0,15,1,1,pre_allocation
1,503,low_traffic,0,0,65535_65535,0,1,6133,1502,1,1,1,39,1502,15,1,1,allocated
1,503,low_traffic,0,0,65535_65535,0,2,6133,1502,0,1,0,39,0,15,1,1,pre_allocation
1,503,low_traffic,0,0,65535_65535,0,2,6133,1538,1,1,1,40,1538,15,1,1,allocated
1,503,low_traffic,0,0,65535_65535,0,1,6133,1502,0,1,0,39,0,15,1,1,pre_allocation
1,503,low_traffic,0,0,65535_65535,0,1,6133,1538,1,1,1,40,1538,15,1,1,allocated
1,503,low_traffic,0,0,65535_65535,0,2,6133,1538,0,1,0,40,0,15,1,1,pre_allocation
1,503,low_traffic,0,0,65535_65535,0,2,6133,1577,1,1,1,41,1577,15,1,1,allocated
1,503,low_traffic,0,0,65535_65535,0,1,6133,1538,0,1,0,40,0,15,1,1,pre_allocation
1,503,low_traffic,0,0,65535_65535,0,1,6133,1577,1,1,1,41,1577,15,1,1,allocated
1,503,low_traffic,0,0,65535_65535,0,2,6133,1577,0,1,0,41,0,15,1,1,pre_allocation
1,503,low_traffic,0,0,65535_65535,0,2,6133,1615,1,1,1,42,1615,15,1,1,allocated
1,503,low_traffic,0,0,65535_65535,0,1,6133,1577,0,1,0,41,0,15,1,1,pre_allocation
1,503,low_traffic,0,0,65535_65535,0,1,6133,1615,1,1,1,42,1615,15,1,1,allocated
1,503,low_traffic,0,0,65535_65535,0,2,6133,1615,0,1,0,42,0,15,1,1,pre_allocation
1,503,low_traffic,0,0,65535_65535,0,2,6133,1654,1,1,1,43,1654,15,1,1,allocated
1,503,low_traffic,0,0,65535_65535,0,1,6133,1615,0,1,0,42,0,15,1,1,pre_allocation
1,503,low_traffic,0,0,65535_65535,0,1,6133,1654,1,1,1,43,1654,15,1,1,allocated
1,503,low_traffic,0,0,65535_65535,0,2,6133,1654,0,1,0,43,0,15,1,1,pre_allocation
1,503,low_traffic,0,0,65535_65535,0,2,6133,1692,1,1,1,44,1692,15,1,1,allocated
1,503,low_traffic,0,0,65535_65535,0,1,6133,1654,0,1,0,43,0,15,1,1,pre_allocation
1,503,low_traffic,0,0,65535_65535,0,1,6133,1692,1,1,1,44,1692,15,1,1,allocated
1,503,low_traffic,0,0,65535_65535,0,2,6133,1692,0,1,0,44,0,15,1,1,pre_allocation
1,503,low_traffic,0,0,65535_65535,0,2,6133,1731,1,1,1,45,1731,15,1,1,allocated
1,503,low_traffic,0,0,65535_65535,0,1,6133,1692,0,1,0,44,0,15,1,1,pre_allocation
1,503,low_traffic,0,0,65535_65535,0,1,6133,1731,1,1,1,45,1731,15,1,1,allocated
1,503,low_traffic,0,0,65535_65535,0,2,6133,1731,0,1,0,45,0,15,1,1,pre_allocation
1,503,low_traffic,0,0,65535_65535,0,2,6133,1770,1,1,1,46,1770,15,1,1,allocated
1,503,low_traffic,0,0,65535_65535,0,1,6133,1731,0,1,0,45,0,15,1,1,pre_allocation
1,503,low_traffic,0,0,65535_65535,0,1,6133,1770,1,1,1,46,1770,15,1,1,allocated
1,503,low_traffic,0,0,65535_65535,0,2,6133,1770,0,1,0,46,0,15,1,1,pre_allocation
1,503,low_traffic,0,0,65535_65535,0,2,6133,1808,1,1,1,47,1808,15,1,1,allocated
1,503,low_traffic,0,0,65535_65535,0,1,6133,1770,0,1,0,46,0,15,1,1,pre_allocation
1,503,low_traffic,0,0,65535_65535,0,1,6133,1808,1,1,1,47,1808,15,1,1,allocated
1,503,low_traffic,0,0,65535_65535,0,2,6133,1808,0,1,0,47,0,15,1,1,pre_allocation
1,503,low_traffic,0,0,65535_65535,0,2,6133,1847,1,1,1,48,1847,15,1,1,allocated
1,503,low_traffic,0,0,65535_65535,0,1,6133,1808,0,1,0,47,0,15,1,1,pre_allocation
1,503,low_traffic,0,0,65535_65535,0,1,6133,1847,1,1,1,48,1847,15,1,1,allocated
1,503,low_traffic,0,0,65535_65535,0,2,6133,1847,0,1,0,48,0,15,1,1,pre_allocation
1,503,low_traffic,0,0,65535_65535,0,2,6133,1885,1,1,1,49,1885,15,1,1,allocated
1,503,low_traffic,0,0,65535_65535,0,1,6133,1847,0,1,0,48,0,15,1,1,pre_allocation
1,503,low_traffic,0,0,65535_65535,0,1,6133,1885,1,1,1,49,1885,15,1,1,allocated
1,503,low_traffic,0,0,65535_65535,0,2,6133,1885,0,1,0,49,0,15,1,1,pre_allocation
1,503,low_traffic,0,0,65535_65535,0,2,6133,1924,1,1,1,50,1924,15,1,1,allocated
1,503,low_traffic,0,0,65535_65535,0,1,6133,1885,0,1,0,49,0,15,1,1,pre_allocation
1,503,low_traffic,0,0,65535_65535,0,1,6133,1924,1,1,1,50,1924,15,1,1,allocated
1,503,low_traffic,0,0,65535_65535,0,2,6133,1924,0,1,0,50,0,15,1,1,pre_allocation
1,503,low_traffic,0,0,65535_65535,0,2,6133,1963,1,1,1,51,1963,15,1,1,allocated
1,503,low_traffic,0,0,65535_65535,0,1,6133,1924,0,1,0,50,0,15,1,1,pre_allocation
1,503,low_traffic,0,0,65535_65535,0,1,6133,1963,1,1,1,51,1963,15,1,1,allocated
1,503,low_traffic,0,0,65535_65535,0,2,6133,1963,0,1,0,51,0,15,1,1,pre_allocation
1,503,low_traffic,0,0,65535_65535,0,2,6133,2001,1,1,1,52,2001,15,1,1,allocated
1,503,low_traffic,0,0,65535_65535,0,1,6133,1963,0,1,0,51,0,15,1,1,pre_allocation
1,503,low_traffic,0,0,65535_65535,0,1,6133,2001,1,1,1,52,2001,15,1,1,allocated
1,503,low_traffic,0,0,65535_65535,0,2,6133,2001,0,1,0,52,0,15,1,1,pre_allocation
1,503,low_traffic,0,0,65535_65535,0,2,6133,2040,1,1,1,53,2040,15,1,1,allocated
1,503,low_traffic,0,0,65535_65535,0,1,6133,2001,0,1,0,52,0,15,1,1,pre_allocation
1,503,low_traffic,0,0,65535_65535,0,1,6133,2040,1,1,1,53,2040,15,1,1,allocated
1,503,low_traffic,0,0,65535_65535,0,2,6133,2040,0,1,0,53,0,15,1,1,pre_allocation
1,503,low_traffic,0,0,65535_65535,0,2,6133,2078,1,1,1,54,2078,15,1,1,allocated
1,503,low_traffic,0,0,65535_65535,0,1,6133,2040,0,1,0,53,0,15,1,1,pre_allocation
1,503,low_traffic,0,0,65535_65535,0,1,6133,2078,1,1,1,54,2078,15,1,1,allocated
1,503,low_traffic,0,0,65535_65535,0,2,6133,2078,0,1,0,54,0,15,1,1,pre_allocation
1,503,low_traffic,0,0,65535_65535,0,2,6133,2117,1,1,1,55,2117,15,1,1,allocated
1,503,low_traffic,0,0,65535_65535,0,1,6133,2078,0,1,0,54,0,15,1,1,pre_allocation
1,503,low_traffic,0,0,65535_65535,0,1,6133,2117,1,1,1,55,2117,15,1,1,allocated
1,503,low_traffic,0,0,65535_65535,0,2,6133,2117,0,1,0,55,0,15,1,1,pre_allocation
1,503,low_traffic,0,0,65535_65535,0,2,6133,2156,1,1,1,56,2156,15,1,1,allocated
1,503,low_traffic,0,0,65535_65535,0,1,6133,2117,0,1,0,55,0,15,1,1,pre_allocation
1,503,low_traffic,0,0,65535_65535,0,1,6133,2156,1,1,1,56,2156,15,1,1,allocated
1,503,low_traffic,0,0,65535_65535,0,2,6133,2156,0,1,0,56,0,15,1,1,pre_allocation
1,503,low_traffic,0,0,65535_65535,0,2,6133,2194,1,1,1,57,2194,15,1,1,allocated
1,503,low_traffic,0,0,65535_65535,0,1,6133,2156,0,1,0,56,0,15,1,1,pre_allocation
1,503,low_traffic,0,0,65535_65535,0,1,6133,2194,1,1,1,57,2194,15,1,1,allocated
1,503,low_traffic,0,0,65535_65535,0,2,6133,2194,0,1,0,57,0,15,1,1,pre_allocation
1,503,low_traffic,0,0,65535_65535,0,2,6133,2233,1,1,1,58,2233,15,1,1,allocated
1,503,low_traffic,0,0,65535_65535,0,1,6133,2194,0,1,0,57,0,15,1,1,pre_allocation
1,503,low_traffic,0,0,65535_65535,0,1,6133,2233,1,1,1,58,2233,15,1,1,allocated
1,503,low_traffic,0,0,65535_65535,0,2,6133,2233,0,1,0,58,0,15,1,1,pre_allocation
1,503,low_traffic,0,0,65535_65535,0,2,6133,2271,1,1,1,59,2271,15,1,1,allocated
1,503,low_traffic,0,0,65535_65535,0,1,6133,2233,0,1,0,58,0,15,1,1,pre_allocation
1,503,low_traffic,0,0,65535_65535,0,1,6133,2271,1,1,1,59,2271,15,1,1,allocated
1,503,low_traffic,0,0,65535_65535,0,2,6133,2271,0,1,0,59,0,15,1,1,pre_allocation
1,503,low_traffic,0,0,65535_65535,0,2,6133,2307,1,1,1,60,2307,15,1,1,allocated
1,503,low_traffic,0,0,65535_65535,0,1,6133,2271,0,1,0,59,0,15,1,1,pre_allocation
1,503,low_traffic,0,0,65535_65535,0,1,6133,2307,1,1,1,60,2307,15,1,1,allocated
1,503,low_traffic,0,0,65535_65535,0,2,6133,2307,0,1,0,60,0,15,1,1,pre_allocation
1,503,low_traffic,0,0,65535_65535,0,2,6133,2346,1,1,1,61,2346,15,1,1,allocated
1,503,low_traffic,0,0,65535_65535,1,4,169,0,0,1,0,0,0,15,1,1,pre_allocation
1,503,low_traffic,0,0,65535_65535,1,4,169,35,1,1,1,1,35,15,1,1,allocated
1,503,low_traffic,0,0,65535_65535,1,3,169,0,0,1,0,0,0,15,1,1,pre_allocation
1,503,low_traffic,0,0,65535_65535,1,3,169,35,1,1,1,1,35,15,1,1,allocated
1,503,low_traffic,0,0,65535_65535,1,4,169,35,0,1,0,1,0,15,1,1,pre_allocation
1,503,low_traffic,0,0,65535_65535,1,4,169,74,1,1,1,2,74,15,1,1,allocated
1,503,low_traffic,0,0,65535_65535,1,3,169,35,0,1,0,1,0,15,1,1,pre_allocation
1,503,low_traffic,0,0,65535_65535,1,3,169,74,1,1,1,2,74,15,1,1,allocated
1,503,low_traffic,0,0,65535_65535,1,4,169,74,0,1,0,2,0,15,1,1,pre_allocation
1,503,low_traffic,0,0,65535_65535,1,4,169,112,1,1,1,3,112,15,1,1,allocated
1,503,low_traffic,0,0,65535_65535,1,3,169,74,0,1,0,2,0,15,1,1,pre_allocation
1,503,low_traffic,0,0,65535_65535,1,3,169,112,1,1,1,3,112,15,1,1,allocated
1,503,low_traffic,0,0,65535_65535,1,4,169,112,0,1,0,3,0,15,1,1,pre_allocation
1,503,low_traffic,0,0,65535_65535,1,4,169,151,1,1,1,4,151,15,1,1,allocated
1,503,low_traffic,0,0,65535_65535,1,3,169,112,0,1,0,3,0,15,1,1,pre_allocation
1,503,low_traffic,0,0,65535_65535,1,3,169,151,1,1,1,4,151,15,1,1,allocated
1,503,low_traffic,0,0,65535_65535,1,4,169,151,0,1,0,4,0,15,1,1,pre_allocation
1,503,low_traffic,0,0,65535_65535,1,4,169,190,1,1,1,5,190,15,1,1,allocated
1,503,low_traffic,0,0,65535_65535,1,3,169,151,0,1,0,4,0,15,1,1,pre_allocation
1,503,low_traffic,0,0,65535_65535,1,3,169,190,1,1,1,5,190,15,1,1,allocated
1,503,low_traffic,0,0,65535_65535,1,4,169,190,0,1,0,5,0,15,1,1,pre_allocation
1,503,low_traffic,0,0,65535_65535,1,4,169,228,1,1,1,6,228,15,1,1,allocated
1,503,low_traffic,0,0,65535_65535,1,3,169,190,0,1,0,5,0,15,1,1,pre_allocation
1,503,low_traffic,0,0,65535_65535,1,3,169,228,1,1,1,6,228,15,1,1,allocated
1,503,low_traffic,0,0,65535_65535,1,4,169,228,0,1,0,6,0,15,1,1,pre_allocation
1,503,low_traffic,0,0,65535_65535,1,4,169,267,1,1,1,7,267,15,1,1,allocated
1,503,low_traffic,0,0,65535_65535,1,3,169,228,0,1,0,6,0,15,1,1,pre_allocation
1,503,low_traffic,0,0,65535_65535,1,3,169,267,1,1,1,7,267,15,1,1,allocated
1,503,low_traffic,0,0,65535_65535,1,4,169,267,0,1,0,7,0,15,1,1,pre_allocation
1,503,low_traffic,0,0,65535_65535,1,4,169,305,1,1,1,8,305,15,1,1,allocated
1,503,low_traffic,0,0,65535_65535,1,3,169,267,0,1,0,7,0,15,1,1,pre_allocation
1,503,low_traffic,0,0,65535_65535,1,3,169,305,1,1,1,8,305,15,1,1,allocated
1,503,low_traffic,0,0,65535_65535,1,4,169,305,0,1,0,8,0,15,1,1,pre_allocation
1,503,low_traffic,0,0,65535_65535,1,4,169,344,1,1,1,9,344,15,1,1,allocated
1,503,low_traffic,0,0,65535_65535,1,3,169,305,0,1,0,8,0,15,1,1,pre_allocation
1,503,low_traffic,0,0,65535_65535,1,3,169,344,1,1,1,9,344,15,1,1,allocated
1,503,low_traffic,0,0,65535_65535,1,4,169,344,0,1,0,9,0,15,1,1,pre_allocation
1,503,low_traffic,0,0,65535_65535,1,4,169,383,1,1,1,10,383,15,1,1,allocated
1,503,low_traffic,0,0,65535_65535,1,3,169,344,0,1,0,9,0,15,1,1,pre_allocation
1,503,low_traffic,0,0,65535_65535,1,3,169,383,1,1,1,10,383,15,1,1,allocated
1,503,low_traffic,0,0,65535_65535,1,4,169,383,0,1,0,10,0,15,1,1,pre_allocation
1,503,low_traffic,0,0,65535_65535,1,4,169,421,1,1,1,11,421,15,1,1,allocated
1,503,low_traffic,0,0,65535_65535,1,3,169,383,0,1,0,10,0,15,1,1,pre_allocation
1,503,low_traffic,0,0,65535_65535,1,3,169,421,1,1,1,11,421,15,1,1,allocated
1,503,low_traffic,0,0,65535_65535,1,4,169,421,0,1,0,11,0,15,1,1,pre_allocation
1,503,low_traffic,0,0,65535_65535,1,4,169,460,1,1,1,12,460,15,1,1,allocated
1,503,low_traffic,0,0,65535_65535,1,3,169,421,0,1,0,11,0,15,1,1,pre_allocation
1,503,low_traffic,0,0,65535_65535,1,3,169,460,1,1,1,12,460,15,1,1,allocated
1,503,low_traffic,0,0,65535_65535,1,4,169,460,0,1,0,12,0,15,1,1,pre_allocation
1,503,low_traffic,0,0,65535_65535,1,4,169,498,1,1,1,13,498,15,1,1,allocated
1,503,low_traffic,0,0,65535_65535,1,3,169,460,0,1,0,12,0,15,1,1,pre_allocation
1,503,low_traffic,0,0,65535_65535,1,3,169,498,1,1,1,13,498,15,1,1,allocated
1,503,low_traffic,0,0,65535_65535,1,4,169,498,0,1,0,13,0,15,1,1,pre_allocation
1,503,low_traffic,0,0,65535_65535,1,4,169,537,1,1,1,14,537,15,1,1,allocated
1,503,low_traffic,0,0,65535_65535,1,3,169,498,0,1,0,13,0,15,1,1,pre_allocation
1,503,low_traffic,0,0,65535_65535,1,3,169,537,1,1,1,14,537,15,1,1,allocated
1,503,low_traffic,0,0,65535_65535,1,4,169,537,0,1,0,14,0,15,1,1,pre_allocation
1,503,low_traffic,0,0,65535_65535,1,4,169,576,1,1,1,15,576,15,1,1,allocated
1,503,low_traffic,0,0,65535_65535,1,3,169,537,0,1,0,14,0,15,1,1,pre_allocation
1,503,low_traffic,0,0,65535_65535,1,3,169,576,1,1,1,15,576,15,1,1,allocated
1,503,low_traffic,0,0,65535_65535,1,4,169,576,0,1,0,15,0,15,1,1,pre_allocation
1,503,low_traffic,0,0,65535_65535,1,4,169,614,1,1,1,16,614,15,1,1,allocated
1,503,low_traffic,0,0,65535_65535,1,3,169,576,0,1,0,15,0,15,1,1,pre_allocation
1,503,low_traffic,0,0,65535_65535,1,3,169,614,1,1,1,16,614,15,1,1,allocated
1,503,low_traffic,0,0,65535_65535,1,4,169,614,0,1,0,16,0,15,1,1,pre_allocation
1,503,low_traffic,0,0,65535_65535,1,4,169,653,1,1,1,17,653,15,1,1,allocated
1,503,low_traffic,0,0,65535_65535,1,3,169,614,0,1,0,16,0,15,1,1,pre_allocation
1,503,low_traffic,0,0,65535_65535,1,3,169,653,1,1,1,17,653,15,1,1,allocated
1,503,low_traffic,0,0,65535_65535,1,4,169,653,0,1,0,17,0,15,1,1,pre_allocation
1,503,low_traffic,0,0,65535_65535,1,4,169,691,1,1,1,18,691,15,1,1,allocated
1,503,low_traffic,0,0,65535_65535,1,3,169,653,0,1,0,17,0,15,1,1,pre_allocation
1,503,low_traffic,0,0,65535_65535,1,3,169,691,1,1,1,18,691,15,1,1,allocated
1,503,low_traffic,0,0,65535_65535,1,4,169,691,0,1,0,18,0,15,1,1,pre_allocation
1,503,low_traffic,0,0,65535_65535,1,4,169,730,1,1,1,19,730,15,1,1,allocated
1,503,low_traffic,0,0,65535_65535,1,3,169,691,0,1,0,18,0,15,1,1,pre_allocation
1,503,low_traffic,0,0,65535_65535,1,3,169,730,1,1,1,19,730,15,1,1,allocated
1,503,low_traffic,0,0,65535_65535,1,4,169,730,0,1,0,19,0,15,1,1,pre_allocation
1,503,low_traffic,0,0,65535_65535,1,4,169,769,1,1,1,20,769,15,1,1,allocated
1,503,low_traffic,0,0,65535_65535,1,3,169,730,0,1,0,19,0,15,1,1,pre_allocation
1,503,low_traffic,0,0,65535_65535,1,3,169,769,1,1,1,20,769,15,1,1,allocated
1,503,low_traffic,0,0,65535_65535,1,4,169,769,0,1,0,20,0,15,1,1,pre_allocation
1,503,low_traffic,0,0,65535_65535,1,4,169,807,1,1,1,21,807,15,1,1,allocated
1,503,low_traffic,0,0,65535_65535,1,3,169,769,0,1,0,20,0,15,1,1,pre_allocation
1,503,low_traffic,0,0,65535_65535,1,3,169,807,1,1,1,21,807,15,1,1,allocated
1,503,low_traffic,0,0,65535_65535,1,4,169,807,0,1,0,21,0,15,1,1,pre_allocation
1,503,low_traffic,0,0,65535_65535,1,4,169,846,1,1,1,22,846,15,1,1,allocated
1,503,low_traffic,0,0,65535_65535,1,3,169,807,0,1,0,21,0,15,1,1,pre_allocation
1,503,low_traffic,0,0,65535_65535,1,3,169,846,1,1,1,22,846,15,1,1,allocated
1,503,low_traffic,0,0,65535_65535,1,4,169,846,0,1,0,22,0,15,1,1,pre_allocation
1,503,low_traffic,0,0,65535_65535,1,4,169,885,1,1,1,23,885,15,1,1,allocated
1,503,low_traffic,0,0,65535_65535,1,3,169,846,0,1,0,22,0,15,1,1,pre_allocation
1,503,low_traffic,0,0,65535_65535,1,3,169,885,1,1,1,23,885,15,1,1,allocated
1,503,low_traffic,0,0,65535_65535,1,4,169,885,0,1,0,23,0,15,1,1,pre_allocation
1,503,low_traffic,0,0,65535_65535,1,4,169,923,1,1,1,24,923,15,1,1,allocated
1,503,low_traffic,0,0,65535_65535,1,3,169,885,0,1,0,23,0,15,1,1,pre_allocation
1,503,low_traffic,0,0,65535_65535,1,3,169,923,1,1,1,24,923,15,1,1,allocated
1,503,low_traffic,0,0,65535_65535,1,4,169,923,0,1,0,24,0,15,1,1,pre_allocation
1,503,low_traffic,0,0,65535_65535,1,4,169,962,1,1,1,25,962,15,1,1,allocated
1,503,low_traffic,0,0,65535_65535,1,3,169,923,0,1,0,24,0,15,1,1,pre_allocation
1,503,low_traffic,0,0,65535_65535,1,3,169,962,1,1,1,25,962,15,1,1,allocated
1,503,low_traffic,0,0,65535_65535,1,4,169,962,0,1,0,25,0,15,1,1,pre_allocation
1,503,low_traffic,0,0,65535_65535,1,4,169,1000,1,1,1,26,1000,15,1,1,allocated
1,503,low_traffic,0,0,65535_65535,1,3,169,962,0,1,0,25,0,15,1,1,pre_allocation
1,503,low_traffic,0,0,65535_65535,1,3,169,1000,1,1,1,26,1000,15,1,1,allocated
1,503,low_traffic,0,0,65535_65535,1,4,169,1000,0,1,0,26,0,15,1,1,pre_allocation
1,503,low_traffic,0,0,65535_65535,1,4,169,1039,1,1,1,27,1039,15,1,1,allocated
1,503,low_traffic,0,0,65535_65535,1,3,169,1000,0,1,0,26,0,15,1,1,pre_allocation
1,503,low_traffic,0,0,65535_65535,1,3,169,1039,1,1,1,27,1039,15,1,1,allocated
1,503,low_traffic,0,0,65535_65535,1,4,169,1039,0,1,0,27,0,15,1,1,pre_allocation
1,503,low_traffic,0,0,65535_65535,1,4,169,1078,1,1,1,28,1078,15,1,1,allocated
1,503,low_traffic,0,0,65535_65535,1,3,169,1039,0,1,0,27,0,15,1,1,pre_allocation
1,503,low_traffic,0,0,65535_65535,1,3,169,1078,1,1,1,28,1078,15,1,1,allocated
1,503,low_traffic,0,0,65535_65535,1,4,169,1078,0,1,0,28,0,15,1,1,pre_allocation
1,503,low_traffic,0,0,65535_65535,1,4,169,1116,1,1,1,29,1116,15,1,1,allocated
1,503,low_traffic,0,0,65535_65535,1,3,169,1078,0,1,0,28,0,15,1,1,pre_allocation
1,503,low_traffic,0,0,65535_65535,1,3,169,1116,1,1,1,29,1116,15,1,1,allocated
1,503,low_traffic,0,0,65535_65535,1,4,169,1116,0,1,0,29,0,15,1,1,pre_allocation
1,503,low_traffic,0,0,65535_65535,1,4,169,1155,1,1,1,30,1155,15,1,1,allocated
1,503,low_traffic,0,0,65535_65535,1,3,169,1116,0,1,0,29,0,15,1,1,pre_allocation
1,503,low_traffic,0,0,65535_65535,1,3,169,1155,1,1,1,30,1155,15,1,1,allocated
1,503,low_traffic,0,0,65535_65535,1,4,169,1155,0,1,0,30,0,15,1,1,pre_allocation
1,503,low_traffic,0,0,65535_65535,1,4,169,1193,1,1,1,31,1193,15,1,1,allocated
1,503,low_traffic,0,0,65535_65535,1,3,169,1155,0,1,0,30,0,15,1,1,pre_allocation
1,503,low_traffic,0,0,65535_65535,1,3,169,1193,1,1,1,31,1193,15,1,1,allocated
1,503,low_traffic,0,0,65535_65535,1,4,169,1193,0,1,0,31,0,15,1,1,pre_allocation
1,503,low_traffic,0,0,65535_65535,1,4,169,1232,1,1,1,32,1232,15,1,1,allocated
1,503,low_traffic,0,0,65535_65535,1,3,169,1193,0,1,0,31,0,15,1,1,pre_allocation
1,503,low_traffic,0,0,65535_65535,1,3,169,1232,1,1,1,32,1232,15,1,1,allocated
1,503,low_traffic,0,0,65535_65535,1,4,169,1232,0,1,0,32,0,15,1,1,pre_allocation
1,503,low_traffic,0,0,65535_65535,1,4,169,1271,1,1,1,33,1271,15,1,1,allocated
1,503,low_traffic,0,0,65535_65535,1,3,169,1232,0,1,0,32,0,15,1,1,pre_allocation
1,503,low_traffic,0,0,65535_65535,1,3,169,1271,1,1,1,33,1271,15,1,1,allocated
1,503,low_traffic,0,0,65535_65535,1,4,169,1271,0,1,0,33,0,15,1,1,pre_allocation
1,503,low_traffic,0,0,65535_65535,1,4,169,1309,1,1,1,34,1309,15,1,1,allocated
1,503,low_traffic,0,0,65535_65535,1,3,169,1271,0,1,0,33,0,15,1,1,pre_allocation
1,503,low_traffic,0,0,65535_65535,1,3,169,1309,1,1,1,34,1309,15,1,1,allocated
1,503,low_traffic,0,0,65535_65535,1,4,169,1309,0,1,0,34,0,15,1,1,pre_allocation
1,503,low_traffic,0,0,65535_65535,1,4,169,1348,1,1,1,35,1348,15,1,1,allocated
1,503,low_traffic,0,0,65535_65535,1,3,169,1309,0,1,0,34,0,15,1,1,pre_allocation
1,503,low_traffic,0,0,65535_65535,1,3,169,1348,1,1,1,35,1348,15,1,1,allocated
1,503,low_traffic,0,0,65535_65535,1,4,169,1348,0,1,0,35,0,15,1,1,pre_allocation
1,503,low_traffic,0,0,65535_65535,1,4,169,1386,1,1,1,36,1386,15,1,1,allocated
1,503,low_traffic,0,0,65535_65535,1,3,169,1348,0,1,0,35,0,15,1,1,pre_allocation
1,503,low_traffic,0,0,65535_65535,1,3,169,1386,1,1,1,36,1386,15,1,1,allocated
1,503,low_traffic,0,0,65535_65535,1,4,169,1386,0,1,0,36,0,15,1,1,pre_allocation
1,503,low_traffic,0,0,65535_65535,1,4,169,1425,1,1,1,37,1425,15,1,1,allocated
1,503,low_traffic,0,0,65535_65535,1,3,169,1386,0,1,0,36,0,15,1,1,pre_allocation
1,503,low_traffic,0,0,65535_65535,1,3,169,1425,1,1,1,37,1425,15,1,1,allocated
1,503,low_traffic,0,0,65535_65535,1,4,169,1425,0,1,0,37,0,15,1,1,pre_allocation
1,503,low_traffic,0,0,65535_65535,1,4,169,1464,1,1,1,38,1464,15,1,1,allocated
1,503,low_traffic,0,0,65535_65535,1,3,169,1425,0,1,0,37,0,15,1,1,pre_allocation
1,503,low_traffic,0,0,65535_65535,1,3,169,1464,1,1,1,38,1464,15,1,1,allocated
1,503,low_traffic,0,0,65535_65535,1,4,169,1464,0,1,0,38,0,15,1,1,pre_allocation
1,503,low_traffic,0,0,65535_65535,1,4,169,1502,1,1,1,39,1502,15,1,1,allocated
1,503,low_traffic,0,0,65535_65535,1,3,169,1464,0,1,0,38,0,15,1,1,pre_allocation
1,503,low_traffic,0,0,65535_65535,1,3,169,1502,1,1,1,39,1502,15,1,1,allocated
1,503,low_traffic,0,0,65535_65535,1,4,169,1502,0,1,0,39,0,15,1,1,pre_allocation
1,503,low_traffic,0,0,65535_65535,1,4,169,1538,1,1,1,40,1538,15,1,1,allocated
1,503,low_traffic,0,0,65535_65535,1,3,169,1502,0,1,0,39,0,15,1,1,pre_allocation
1,503,low_traffic,0,0,65535_65535,1,3,169,1538,1,1,1,40,1538,15,1,1,allocated
1,503,low_traffic,0,0,65535_65535,1,4,169,1538,0,1,0,40,0,15,1,1,pre_allocation
1,503,low_traffic,0,0,65535_65535,1,4,169,1577,1,1,1,41,1577,15,1,1,allocated
1,503,low_traffic,0,0,65535_65535,1,3,169,1538,0,1,0,40,0,15,1,1,pre_allocation
1,503,low_traffic,0,0,65535_65535,1,3,169,1577,1,1,1,41,1577,15,1,1,allocated
1,503,low_traffic,0,0,65535_65535,1,4,169,1577,0,1,0,41,0,15,1,1,pre_allocation
1,503,low_traffic,0,0,65535_65535,1,4,169,1615,1,1,1,42,1615,15,1,1,allocated
1,503,low_traffic,0,0,65535_65535,1,3,169,1577,0,1,0,41,0,15,1,1,pre_allocation
1,503,low_traffic,0,0,65535_65535,1,3,169,1615,1,1,1,42,1615,15,1,1,allocated
1,503,low_traffic,0,0,65535_65535,1,4,169,1615,0,1,0,42,0,15,1,1,pre_allocation
1,503,low_traffic,0,0,65535_65535,1,4,169,1654,1,1,1,43,1654,15,1,1,allocated
1,503,low_traffic,0,0,65535_65535,1,3,169,1615,0,1,0,42,0,15,1,1,pre_allocation
1,503,low_traffic,0,0,65535_65535,1,3,169,1654,1,1,1,43,1654,15,1,1,allocated
1,503,low_traffic,0,0,65535_65535,1,4,169,1654,0,1,0,43,0,15,1,1,pre_allocation
1,503,low_traffic,0,0,65535_65535,1,4,169,1692,1,1,1,44,1692,15,1,1,allocated
1,503,low_traffic,0,0,65535_65535,1,3,169,1654,0,1,0,43,0,15,1,1,pre_allocation
1,503,low_traffic,0,0,65535_65535,1,3,169,1692,1,1,1,44,1692,15,1,1,allocated
1,503,low_traffic,0,0,65535_65535,1,4,169,1692,0,1,0,44,0,15,1,1,pre_allocation
1,503,low_traffic,0,0,65535_65535,1,4,169,1731,1,1,1,45,1731,15,1,1,allocated
1,503,low_traffic,0,0,65535_65535,1,3,169,1692,0,1,0,44,0,15,1,1,pre_allocation
1,503,low_traffic,0,0,65535_65535,1,3,169,1731,1,1,1,45,1731,15,1,1,allocated
1,503,low_traffic,0,0,65535_65535,1,4,169,1731,0,1,0,45,0,15,1,1,pre_allocation
1,503,low_traffic,0,0,65535_65535,1,4,169,1770,1,1,1,46,1770,15,1,1,allocated
1,503,low_traffic,0,0,65535_65535,1,3,169,1731,0,1,0,45,0,15,1,1,pre_allocation
1,503,low_traffic,0,0,65535_65535,1,3,169,1770,1,1,1,46,1770,15,1,1,allocated
1,503,low_traffic,0,0,65535_65535,1,4,169,1770,0,1,0,46,0,15,1,1,pre_allocation
1,503,low_traffic,0,0,65535_65535,1,4,169,1808,1,1,1,47,1808,15,1,1,allocated
1,503,low_traffic,0,0,65535_65535,1,3,169,1770,0,1,0,46,0,15,1,1,pre_allocation
1,503,low_traffic,0,0,65535_65535,1,3,169,1808,1,1,1,47,1808,15,1,1,allocated
1,503,low_traffic,0,0,65535_65535,1,4,169,1808,0,1,0,47,0,15,1,1,pre_allocation
1,503,low_traffic,0,0,65535_65535,1,4,169,1847,1,1,1,48,1847,15,1,1,allocated
1,503,low_traffic,0,0,65535_65535,1,3,169,1808,0,1,0,47,0,15,1,1,pre_allocation
1,503,low_traffic,0,0,65535_65535,1,3,169,1847,1,1,1,48,1847,15,1,1,allocated
1,503,low_traffic,0,0,65535_65535,1,4,169,1847,0,1,0,48,0,15,1,1,pre_allocation
1,503,low_traffic,0,0,65535_65535,1,4,169,1885,1,1,1,49,1885,15,1,1,allocated
1,503,low_traffic,0,0,65535_65535,1,3,169,1847,0,1,0,48,0,15,1,1,pre_allocation
1,503,low_traffic,0,0,65535_65535,1,3,169,1885,1,1,1,49,1885,15,1,1,allocated
1,503,low_traffic,0,0,65535_65535,1,4,169,1885,0,1,0,49,0,15,1,1,pre_allocation
1,503,low_traffic,0,0,65535_65535,1,4,169,1924,1,1,1,50,1924,15,1,1,allocated
1,503,low_traffic,0,0,65535_65535,1,3,169,1885,0,1,0,49,0,15,1,1,pre_allocation
1,503,low_traffic,0,0,65535_65535,1,3,169,1924,1,1,1,50,1924,15,1,1,allocated
1,503,low_traffic,0,0,65535_65535,1,4,169,1924,0,1,0,50,0,15,1,1,pre_allocation
1,503,low_traffic,0,0,65535_65535,1,4,169,1963,1,1,1,51,1963,15,1,1,allocated
1,503,low_traffic,0,0,65535_65535,1,3,169,1924,0,1,0,50,0,15,1,1,pre_allocation
1,503,low_traffic,0,0,65535_65535,1,3,169,1963,1,1,1,51,1963,15,1,1,allocated
1,503,low_traffic,0,0,65535_65535,1,4,169,1963,0,1,0,51,0,15,1,1,pre_allocation
1,503,low_traffic,0,0,65535_65535,1,4,169,2001,1,1,1,52,2001,15,1,1,allocated
1,503,low_traffic,0,0,65535_65535,1,3,169,1963,0,1,0,51,0,15,1,1,pre_allocation
1,503,low_traffic,0,0,65535_65535,1,3,169,2001,1,1,1,52,2001,15,1,1,allocated
1,503,low_traffic,0,0,65535_65535,1,4,169,2001,0,1,0,52,0,15,1,1,pre_allocation
1,503,low_traffic,0,0,65535_65535,1,4,169,2040,1,1,1,53,2040,15,1,1,allocated
1,503,low_traffic,0,0,65535_65535,1,3,169,2001,0,1,0,52,0,15,1,1,pre_allocation
1,503,low_traffic,0,0,65535_65535,1,3,169,2040,1,1,1,53,2040,15,1,1,allocated
1,503,low_traffic,0,0,65535_65535,1,4,169,2040,0,1,0,53,0,15,1,1,pre_allocation
1,503,low_traffic,0,0,65535_65535,1,4,169,2078,1,1,1,54,2078,15,1,1,allocated
1,503,low_traffic,0,0,65535_65535,1,3,169,2040,0,1,0,53,0,15,1,1,pre_allocation
1,503,low_traffic,0,0,65535_65535,1,3,169,2078,1,1,1,54,2078,15,1,1,allocated
1,503,low_traffic,0,0,65535_65535,1,4,169,2078,0,1,0,54,0,15,1,1,pre_allocation
1,503,low_traffic,0,0,65535_65535,1,4,169,2117,1,1,1,55,2117,15,1,1,allocated
1,503,low_traffic,0,0,65535_65535,1,3,169,2078,0,1,0,54,0,15,1,1,pre_allocation
1,503,low_traffic,0,0,65535_65535,1,3,169,2117,1,1,1,55,2117,15,1,1,allocated
1,503,low_traffic,0,0,65535_65535,1,4,169,2117,0,1,0,55,0,15,1,1,pre_allocation
1,503,low_traffic,0,0,65535_65535,1,4,169,2156,1,1,1,56,2156,15,1,1,allocated
1,503,low_traffic,0,0,65535_65535,1,3,169,2117,0,1,0,55,0,15,1,1,pre_allocation
1,503,low_traffic,0,0,65535_65535,1,3,169,2156,1,1,1,56,2156,15,1,1,allocated
1,503,low_traffic,0,0,65535_65535,1,4,169,2156,0,1,0,56,0,15,1,1,pre_allocation
1,503,low_traffic,0,0,65535_65535,1,4,169,2194,1,1,1,57,2194,15,1,1,allocated
1,503,low_traffic,0,0,65535_65535,1,3,169,2156,0,1,0,56,0,15,1,1,pre_allocation
1,503,low_traffic,0,0,65535_65535,1,3,169,2194,1,1,1,57,2194,15,1,1,allocated
1,503,low_traffic,0,0,65535_65535,1,4,169,2194,0,1,0,57,0,15,1,1,pre_allocation
1,503,low_traffic,0,0,65535_65535,1,4,169,2233,1,1,1,58,2233,15,1,1,allocated
1,503,low_traffic,0,0,65535_65535,1,3,169,2194,0,1,0,57,0,15,1,1,pre_allocation
1,503,low_traffic,0,0,65535_65535,1,3,169,2233,1,1,1,58,2233,15,1,1,allocated
1,503,low_traffic,0,0,65535_65535,1,4,169,2233,0,1,0,58,0,15,1,1,pre_allocation
1,503,low_traffic,0,0,65535_65535,1,4,169,2271,1,1,1,59,2271,15,1,1,allocated
1,503,low_traffic,0,0,65535_65535,1,3,169,2233,0,1,0,58,0,15,1,1,pre_allocation
1,503,low_traffic,0,0,65535_65535,1,3,169,2271,1,1,1,59,2271,15,1,1,allocated
1,503,low_traffic,0,0,65535_65535,1,4,169,2271,0,1,0,59,0,15,1,1,pre_allocation
1,503,low_traffic,0,0,65535_65535,1,4,169,2307,1,1,1,60,2307,15,1,1,allocated
1,503,low_traffic,0,0,65535_65535,1,3,169,2271,0,1,0,59,0,15,1,1,pre_allocation
1,503,low_traffic,0,0,65535_65535,1,3,169,2307,1,1,1,60,2307,15,1,1,allocated
1,503,low_traffic,0,0,65535_65535,1,4,169,2307,0,1,0,60,0,15,1,1,pre_allocation
1,503,low_traffic,0,0,65535_65535,1,4,169,2346,1,1,1,61,2346,15,1,1,allocated
1,503,low_traffic,0,0,65535_65535,1,3,169,2307,0,1,0,60,0,15,1,1,pre_allocation
1,503,low_traffic,0,0,65535_65535,1,3,169,2346,1,1,1,61,2346,15,1,1,allocated
1,503,low_traffic,0,0,65535_65535,1,4,169,2346,0,1,0,61,0,15,1,1,pre_allocation
1,503,low_traffic,0,0,65535_65535,1,4,169,2384,1,1,1,62,2384,15,1,1,allocated
1,503,low_traffic,0,0,65535_65535,1,3,169,2346,0,1,0,61,0,15,1,1,pre_allocation
1,503,low_traffic,0,0,65535_65535,1,3,169,2384,1,1,1,62,2384,15,1,1,allocated
1,503,low_traffic,0,0,65535_65535,1,4,169,2384,0,1,0,62,0,15,1,1,pre_allocation
1,503,low_traffic,0,0,65535_65535,1,4,169,2423,1,1,1,63,2423,15,1,1,allocated
1,503,low_traffic,0,0,65535_65535,1,3,169,2384,0,1,0,62,0,15,1,1,pre_allocation
1,503,low_traffic,0,0,65535_65535,1,3,169,2423,1,1,1,63,2423,15,1,1,allocated
1,503,low_traffic,0,0,65535_65535,1,4,169,2423,0,1,0,63,0,15,1,1,pre_allocation
1,503,low_traffic,0,0,65535_65535,1,4,169,2462,1,1,1,64,2462,15,1,1,allocated
1,503,low_traffic,0,0,65535_65535,1,3,169,2423,0,1,0,63,0,15,1,1,pre_allocation
1,503,low_traffic,0,0,65535_65535,1,3,169,2462,1,1,1,64,2462,15,1,1,allocated
1,503,low_traffic,0,0,65535_65535,1,4,169,2462,0,1,0,64,0,15,1,1,pre_allocation
1,503,low_traffic,0,0,65535_65535,1,4,169,2500,1,1,1,65,2500,15,1,1,allocated
1,503,low_traffic,0,0,65535_65535,1,3,169,2462,0,1,0,64,0,15,1,1,pre_allocation
1,503,low_traffic,0,0,65535_65535,1,3,169,2500,1,1,1,65,2500,15,1,1,allocated
1,503,low_traffic,0,0,65535_65535,1,4,169,2500,0,1,0,65,0,15,1,1,pre_allocation
1,503,low_traffic,0,0,65535_65535,1,4,169,2539,1,1,1,66,2539,15,1,1,allocated
1,503,low_traffic,0,0,65535_65535,1,3,169,2500,0,1,0,65,0,15,1,1,pre_allocation
1,503,low_traffic,0,0,65535_65535,1,3,169,2539,1,1,1,66,2539,15,1,1,allocated
1,503,low_traffic,0,0,65535_65535,1,4,169,2539,0,1,0,66,0,15,1,1,pre_allocation
1,503,low_traffic,0,0,65535_65535,1,4,169,2577,1,1,1,67,2577,15,1,1,allocated
1,503,low_traffic,0,0,65535_65535,1,3,169,2539,0,1,0,66,0,15,1,1,pre_allocation
1,503,low_traffic,0,0,65535_65535,1,3,169,2577,1,1,1,67,2577,15,1,1,allocated
1,503,low_traffic,0,0,65535_65535,1,4,169,2577,0,1,0,67,0,15,1,1,pre_allocation
1,503,low_traffic,0,0,65535_65535,1,4,169,2616,1,1,1,68,2616,15,1,1,allocated
1,503,low_traffic,0,0,65535_65535,1,3,169,2577,0,1,0,67,0,15,1,1,pre_allocation
1,503,low_traffic,0,0,65535_65535,1,3,169,2616,1,1,1,68,2616,15,1,1,allocated
1,503,low_traffic,0,0,65535_65535,1,4,169,2616,0,1,0,68,0,15,1,1,pre_allocation
1,503,low_traffic,0,0,65535_65535,1,4,169,2655,1,1,1,69,2655,15,1,1,allocated
1,503,low_traffic,0,0,65535_65535,1,3,169,2616,0,1,0,68,0,15,1,1,pre_allocation
1,503,low_traffic,0,0,65535_65535,1,3,169,2655,1,1,1,69,2655,15,1,1,allocated
1,503,low_traffic,0,0,65535_65535,1,4,169,2655,0,1,0,69,0,15,1,1,pre_allocation
1,503,low_traffic,0,0,65535_65535,1,4,169,2693,1,1,1,70,2693,15,1,1,allocated
1,503,low_traffic,0,0,65535_65535,1,3,169,2655,0,1,0,69,0,15,1,1,pre_allocation
1,503,low_traffic,0,0,65535_65535,1,3,169,2693,1,1,1,70,2693,15,1,1,allocated
1,503,low_traffic,0,0,65535_65535,1,4,169,2693,0,1,0,70,0,15,1,1,pre_allocation
1,503,low_traffic,0,0,65535_65535,1,4,169,2732,1,1,1,71,2732,15,1,1,allocated
1,503,low_traffic,0,0,65535_65535,1,3,169,2693,0,1,0,70,0,15,1,1,pre_allocation
1,503,low_traffic,0,0,65535_65535,1,3,169,2732,1,1,1,71,2732,15,1,1,allocated
1,503,low_traffic,0,0,65535_65535,1,4,169,2732,0,1,0,71,0,15,1,1,pre_allocation
1,503,low_traffic,0,0,65535_65535,1,4,169,2770,1,1,1,72,2770,15,1,1,allocated
1,503,low_traffic,0,0,65535_65535,1,3,169,2732,0,1,0,71,0,15,1,1,pre_allocation
1,503,low_traffic,0,0,65535_65535,1,3,169,2770,1,1,1,72,2770,15,1,1,allocated
1,503,low_traffic,0,0,65535_65535,1,4,169,2770,0,1,0,72,0,15,1,1,pre_allocation
1,503,low_traffic,0,0,65535_65535,1,4,169,2809,1,1,1,73,2809,15,1,1,allocated
70,601,low_traffic,0,0,65535_65535,0,2,72431,0,0,1,0,0,0,28,1,1,pre_allocation
70,601,low_traffic,0,0,65535_65535,0,2,72431,4,1,1,1,1,4,28,1,1,allocated
70,601,low_traffic,0,0,65535_65535,0,1,107776,0,0,1,0,0,0,26,1,1,pre_allocation
70,601,low_traffic,0,0,65535_65535,0,1,107776,4,1,1,1,1,4,26,1,1,allocated
70,601,low_traffic,0,0,65535_65535,0,2,72431,4,0,1,0,1,0,28,1,1,pre_allocation
70,601,low_traffic,0,0,65535_65535,0,2,72431,12,1,1,1,2,12,28,1,1,allocated
70,601,low_traffic,0,0,65535_65535,0,1,107776,4,0,1,0,1,0,26,1,1,pre_allocation
70,601,low_traffic,0,0,65535_65535,0,1,107776,11,1,1,1,2,11,26,1,1,allocated
70,601,low_traffic,0,0,65535_65535,0,2,72431,12,0,1,0,2,0,28,1,1,pre_allocation
70,601,low_traffic,0,0,65535_65535,0,2,72431,19,1,1,1,3,19,28,1,1,allocated
70,601,low_traffic,0,0,65535_65535,0,1,107776,11,0,1,0,2,0,26,1,1,pre_allocation
70,601,low_traffic,0,0,65535_65535,0,1,107776,18,1,1,1,3,18,26,1,1,allocated
70,601,low_traffic,0,0,65535_65535,0,2,72431,19,0,1,0,3,0,28,1,1,pre_allocation
70,601,low_traffic,0,0,65535_65535,0,2,72431,27,1,1,1,4,27,28,1,1,allocated
70,601,low_traffic,0,0,65535_65535,0,1,107776,18,0,1,0,3,0,26,1,1,pre_allocation
70,601,low_traffic,0,0,65535_65535,0,1,107776,25,1,1,1,4,25,26,1,1,allocated
70,601,low_traffic,0,0,65535_65535,0,2,72431,27,0,1,0,4,0,28,1,1,pre_allocation
70,601,low_traffic,0,0,65535_65535,0,2,72431,34,1,1,1,5,34,28,1,1,allocated
70,601,low_traffic,0,0,65535_65535,0,1,107776,25,0,1,0,4,0,26,1,1,pre_allocation
70,601,low_traffic,0,0,65535_65535,0,1,107776,32,1,1,1,5,32,26,1,1,allocated
70,601,low_traffic,0,0,65535_65535,0,2,72431,34,0,1,0,5,0,28,1,1,pre_allocation
70,601,low_traffic,0,0,65535_65535,0,2,72431,42,1,1,1,6,42,28,1,1,allocated
70,601,low_traffic,0,0,65535_65535,0,1,107776,32,0,1,0,5,0,26,1,1,pre_allocation
70,601,low_traffic,0,0,65535_65535,0,1,107776,39,1,1,1,6,39,26,1,1,allocated
70,601,low_traffic,0,0,65535_65535,0,2,72431,42,0,1,0,6,0,28,1,1,pre_allocation
70,601,low_traffic,0,0,65535_65535,0,2,72431,50,1,1,1,7,50,28,1,1,allocated
70,601,low_traffic,0,0,65535_65535,0,1,107776,39,0,1,0,6,0,26,1,1,pre_allocation
70,601,low_traffic,0,0,65535_65535,0,1,107776,46,1,1,1,7,46,26,1,1,allocated
70,601,low_traffic,0,0,65535_65535,0,2,72431,50,0,1,0,7,0,28,1,1,pre_allocation
70,601,low_traffic,0,0,65535_65535,0,2,72431,57,1,1,1,8,57,28,1,1,allocated
70,601,low_traffic,0,0,65535_65535,0,1,107776,46,0,1,0,7,0,26,1,1,pre_allocation
70,601,low_traffic,0,0,65535_65535,0,1,107776,53,1,1,1,8,53,26,1,1,allocated
70,601,low_traffic,0,0,65535_65535,0,2,72431,57,0,1,0,8,0,28,1,1,pre_allocation
70,601,low_traffic,0,0,65535_65535,0,2,72431,65,1,1,1,9,65,28,1,1,allocated
70,601,low_traffic,0,0,65535_65535,0,1,107776,53,0,1,0,8,0,26,1,1,pre_allocation
70,601,low_traffic,0,0,65535_65535,0,1,107776,60,1,1,1,9,60,26,1,1,allocated
70,601,low_traffic,0,0,65535_65535,0,2,72431,65,0,1,0,9,0,28,1,1,pre_allocation
70,601,low_traffic,0,0,65535_65535,0,2,72431,72,1,1,1,10,72,28,1,1,allocated
70,601,low_traffic,0,0,65535_65535,0,1,107776,60,0,1,0,9,0,26,1,1,pre_allocation
70,601,low_traffic,0,0,65535_65535,0,1,107776,67,1,1,1,10,67,26,1,1,allocated
70,601,low_traffic,0,0,65535_65535,0,2,72431,72,0,1,0,10,0,28,1,1,pre_allocation
70,601,low_traffic,0,0,65535_65535,0,2,72431,80,1,1,1,11,80,28,1,1,allocated
70,601,low_traffic,0,0,65535_65535,0,1,107776,67,0,1,0,10,0,26,1,1,pre_allocation
70,601,low_traffic,0,0,65535_65535,0,1,107776,74,1,1,1,11,74,26,1,1,allocated
70,601,low_traffic,0,0,65535_65535,0,2,72431,80,0,1,0,11,0,28,1,1,pre_allocation
70,601,low_traffic,0,0,65535_65535,0,2,72431,88,1,1,1,12,88,28,1,1,allocated
70,601,low_traffic,0,0,65535_65535,0,1,107776,74,0,1,0,11,0,26,1,1,pre_allocation
70,601,low_traffic,0,0,65535_65535,0,1,107776,81,1,1,1,12,81,26,1,1,allocated
70,601,low_traffic,0,0,65535_65535,0,2,72431,88,0,1,0,12,0,28,1,1,pre_allocation
70,601,low_traffic,0,0,65535_65535,0,2,72431,95,1,1,1,13,95,28,1,1,allocated
70,601,low_traffic,0,0,65535_65535,0,1,107776,81,0,1,0,12,0,26,1,1,pre_allocation
70,601,low_traffic,0,0,65535_65535,0,1,107776,88,1,1,1,13,88,26,1,1,allocated
70,601,low_traffic,0,0,65535_65535,0,2,72431,95,0,1,0,13,0,28,1,1,pre_allocation
70,601,low_traffic,0,0,65535_65535,0,2,72431,103,1,1,1,14,103,28,1,1,allocated
70,601,low_traffic,0,0,65535_65535,0,1,107776,88,0,1,0,13,0,26,1,1,pre_allocation
70,601,low_traffic,0,0,65535_65535,0,1,107776,95,1,1,1,14,95,26,1,1,allocated
70,601,low_traffic,0,0,65535_65535,0,2,72431,103,0,1,0,14,0,28,1,1,pre_allocation
70,601,low_traffic,0,0,65535_65535,0,2,72431,110,1,1,1,15,110,28,1,1,allocated
70,601,low_traffic,0,0,65535_65535,0,1,107776,95,0,1,0,14,0,26,1,1,pre_allocation
70,601,low_traffic,0,0,65535_65535,0,1,107776,102,1,1,1,15,102,26,1,1,allocated
70,601,low_traffic,0,0,65535_65535,0,2,72431,110,0,1,0,15,0,28,1,1,pre_allocation
70,601,low_traffic,0,0,65535_65535,0,2,72431,118,1,1,1,16,118,28,1,1,allocated
70,601,low_traffic,0,0,65535_65535,0,1,107776,102,0,1,0,15,0,26,1,1,pre_allocation
70,601,low_traffic,0,0,65535_65535,0,1,107776,109,1,1,1,16,109,26,1,1,allocated
70,601,low_traffic,0,0,65535_65535,0,2,72431,118,0,1,0,16,0,28,1,1,pre_allocation
70,601,low_traffic,0,0,65535_65535,0,2,72431,126,1,1,1,17,126,28,1,1,allocated
70,601,low_traffic,0,0,65535_65535,0,1,107776,109,0,1,0,16,0,26,1,1,pre_allocation
70,601,low_traffic,0,0,65535_65535,0,1,107776,116,1,1,1,17,116,26,1,1,allocated
70,601,low_traffic,0,0,65535_65535,0,2,72431,126,0,1,0,17,0,28,1,1,pre_allocation
70,601,low_traffic,0,0,65535_65535,0,2,72431,133,1,1,1,18,133,28,1,1,allocated
70,601,low_traffic,0,0,65535_65535,0,1,107776,116,0,1,0,17,0,26,1,1,pre_allocation
70,601,low_traffic,0,0,65535_65535,0,1,107776,123,1,1,1,18,123,26,1,1,allocated
70,601,low_traffic,0,0,65535_65535,0,2,72431,133,0,1,0,18,0,28,1,1,pre_allocation
70,601,low_traffic,0,0,65535_65535,0,2,72431,141,1,1,1,19,141,28,1,1,allocated
70,601,low_traffic,0,0,65535_65535,0,1,107776,123,0,1,0,18,0,26,1,1,pre_allocation
70,601,low_traffic,0,0,65535_65535,0,1,107776,130,1,1,1,19,130,26,1,1,allocated
70,601,low_traffic,0,0,65535_65535,0,2,72431,141,0,1,0,19,0,28,1,1,pre_allocation
70,601,low_traffic,0,0,65535_65535,0,2,72431,148,1,1,1,20,148,28,1,1,allocated
70,601,low_traffic,0,0,65535_65535,0,1,107776,130,0,1,0,19,0,26,1,1,pre_allocation
70,601,low_traffic,0,0,65535_65535,0,1,107776,137,1,1,1,20,137,26,1,1,allocated
70,601,low_traffic,0,0,65535_65535,0,2,72431,148,0,1,0,20,0,28,1,1,pre_allocation
70,601,low_traffic,0,0,65535_65535,0,2,72431,156,1,1,1,21,156,28,1,1,allocated
70,601,low_traffic,0,0,65535_65535,0,1,107776,137,0,1,0,20,0,26,1,1,pre_allocation
70,601,low_traffic,0,0,65535_65535,0,1,107776,144,1,1,1,21,144,26,1,1,allocated
70,601,low_traffic,0,0,65535_65535,0,2,72431,156,0,1,0,21,0,28,1,1,pre_allocation
70,601,low_traffic,0,0,65535_65535,0,2,72431,163,1,1,1,22,163,28,1,1,allocated
70,601,low_traffic,0,0,65535_65535,0,1,107776,144,0,1,0,21,0,26,1,1,pre_allocation
70,601,low_traffic,0,0,65535_65535,0,1,107776,151,1,1,1,22,151,26,1,1,allocated
70,601,low_traffic,0,0,65535_65535,0,2,72431,163,0,1,0,22,0,28,1,1,pre_allocation
70,601,low_traffic,0,0,65535_65535,0,2,72431,171,1,1,1,23,171,28,1,1,allocated
70,601,low_traffic,0,0,65535_65535,0,1,107776,151,0,1,0,22,0,26,1,1,pre_allocation
70,601,low_traffic,0,0,65535_65535,0,1,107776,158,1,1,1,23,158,26,1,1,allocated
70,601,low_traffic,0,0,65535_65535,0,2,72431,171,0,1,0,23,0,28,1,1,pre_allocation
70,601,low_traffic,0,0,65535_65535,0,2,72431,179,1,1,1,24,179,28,1,1,allocated
70,601,low_traffic,0,0,65535_65535,0,1,107776,158,0,1,0,23,0,26,1,1,pre_allocation
70,601,low_traffic,0,0,65535_65535,0,1,107776,165,1,1,1,24,165,26,1,1,allocated
70,601,low_traffic,0,0,65535_65535,0,2,72431,179,0,1,0,24,0,28,1,1,pre_allocation
70,601,low_traffic,0,0,65535_65535,0,2,72431,186,1,1,1,25,186,28,1,1,allocated
70,601,low_traffic,0,0,65535_65535,0,1,107776,165,0,1,0,24,0,26,1,1,pre_allocation
70,601,low_traffic,0,0,65535_65535,0,1,107776,172,1,1,1,25,172,26,1,1,allocated
70,601,low_traffic,0,0,65535_65535,0,2,72431,186,0,1,0,25,0,28,1,1,pre_allocation
70,601,low_traffic,0,0,65535_65535,0,2,72431,194,1,1,1,26,194,28,1,1,allocated
70,601,low_traffic,0,0,65535_65535,1,4,251,0,0,1,0,0,0,28,1,1,pre_allocation
70,601,low_traffic,0,0,65535_65535,1,4,251,4,1,1,1,1,4,28,1,1,allocated
70,601,low_traffic,0,0,65535_65535,1,3,251,0,0,1,0,0,0,28,1,1,pre_allocation
70,601,low_traffic,0,0,65535_65535,1,3,251,4,1,1,1,1,4,28,1,1,allocated
70,601,low_traffic,0,0,65535_65535,1,4,251,4,0,1,0,1,0,28,1,1,pre_allocation
70,601,low_traffic,0,0,65535_65535,1,4,251,12,1,1,1,2,12,28,1,1,allocated
70,601,low_traffic,0,0,65535_65535,1,3,251,4,0,1,0,1,0,28,1,1,pre_allocation
70,601,low_traffic,0,0,65535_65535,1,3,251,12,1,1,1,2,12,28,1,1,allocated
70,601,low_traffic,0,0,65535_65535,1,4,251,12,0,1,0,2,0,28,1,1,pre_allocation
70,601,low_traffic,0,0,65535_65535,1,4,251,19,1,1,1,3,19,28,1,1,allocated
70,601,low_traffic,0,0,65535_65535,1,3,251,12,0,1,0,2,0,28,1,1,pre_allocation
70,601,low_traffic,0,0,65535_65535,1,3,251,19,1,1,1,3,19,28,1,1,allocated
70,601,low_traffic,0,0,65535_65535,1,4,251,19,0,1,0,3,0,28,1,1,pre_allocation
70,601,low_traffic,0,0,65535_65535,1,4,251,27,1,1,1,4,27,28,1,1,allocated
70,601,low_traffic,0,0,65535_65535,1,3,251,19,0,1,0,3,0,28,1,1,pre_allocation
70,601,low_traffic,0,0,65535_65535,1,3,251,27,1,1,1,4,27,28,1,1,allocated
70,601,low_traffic,0,0,65535_65535,1,4,251,27,0,1,0,4,0,28,1,1,pre_allocation
70,601,low_traffic,0,0,65535_65535,1,4,251,34,1,1,1,5,34,28,1,1,allocated
70,601,low_traffic,0,0,65535_65535,1,3,251,27,0,1,0,4,0,28,1,1,pre_allocation
70,601,low_traffic,0,0,65535_65535,1,3,251,34,1,1,1,5,34,28,1,1,allocated
70,601,low_traffic,0,0,65535_65535,1,4,251,34,0,1,0,5,0,28,1,1,pre_allocation
70,601,low_traffic,0,0,65535_65535,1,4,251,42,1,1,1,6,42,28,1,1,allocated
70,601,low_traffic,0,0,65535_65535,1,3,251,34,0,1,0,5,0,28,1,1,pre_allocation
70,601,low_traffic,0,0,65535_65535,1,3,251,42,1,1,1,6,42,28,1,1,allocated
70,601,low_traffic,0,0,65535_65535,1,4,251,42,0,1,0,6,0,28,1,1,pre_allocation
70,601,low_traffic,0,0,65535_65535,1,4,251,50,1,1,1,7,50,28,1,1,allocated
70,601,low_traffic,0,0,65535_65535,1,3,251,42,0,1,0,6,0,28,1,1,pre_allocation
70,601,low_traffic,0,0,65535_65535,1,3,251,50,1,1,1,7,50,28,1,1,allocated
70,601,low_traffic,0,0,65535_65535,1,4,251,50,0,1,0,7,0,28,1,1,pre_allocation
70,601,low_traffic,0,0,65535_65535,1,4,251,57,1,1,1,8,57,28,1,1,allocated
70,601,low_traffic,0,0,65535_65535,1,3,251,50,0,1,0,7,0,28,1,1,pre_allocation
70,601,low_traffic,0,0,65535_65535,1,3,251,57,1,1,1,8,57,28,1,1,allocated
70,601,low_traffic,0,0,65535_65535,1,4,251,57,0,1,0,8,0,28,1,1,pre_allocation
70,601,low_traffic,0,0,65535_65535,1,4,251,65,1,1,1,9,65,28,1,1,allocated
70,601,low_traffic,0,0,65535_65535,1,3,251,57,0,1,0,8,0,28,1,1,pre_allocation
70,601,low_traffic,0,0,65535_65535,1,3,251,65,1,1,1,9,65,28,1,1,allocated
70,601,low_traffic,0,0,65535_65535,1,4,251,65,0,1,0,9,0,28,1,1,pre_allocation
70,601,low_traffic,0,0,65535_65535,1,4,251,72,1,1,1,10,72,28,1,1,allocated
70,601,low_traffic,0,0,65535_65535,1,3,251,65,0,1,0,9,0,28,1,1,pre_allocation
70,601,low_traffic,0,0,65535_65535,1,3,251,72,1,1,1,10,72,28,1,1,allocated
70,601,low_traffic,0,0,65535_65535,1,4,251,72,0,1,0,10,0,28,1,1,pre_allocation
70,601,low_traffic,0,0,65535_65535,1,4,251,80,1,1,1,11,80,28,1,1,allocated
70,601,low_traffic,0,0,65535_65535,1,3,251,72,0,1,0,10,0,28,1,1,pre_allocation
70,601,low_traffic,0,0,65535_65535,1,3,251,80,1,1,1,11,80,28,1,1,allocated
70,601,low_traffic,0,0,65535_65535,1,4,251,80,0,1,0,11,0,28,1,1,pre_allocation
70,601,low_traffic,0,0,65535_65535,1,4,251,88,1,1,1,12,88,28,1,1,allocated
70,601,low_traffic,0,0,65535_65535,1,3,251,80,0,1,0,11,0,28,1,1,pre_allocation
70,601,low_traffic,0,0,65535_65535,1,3,251,88,1,1,1,12,88,28,1,1,allocated
70,601,low_traffic,0,0,65535_65535,1,4,251,88,0,1,0,12,0,28,1,1,pre_allocation
70,601,low_traffic,0,0,65535_65535,1,4,251,95,1,1,1,13,95,28,1,1,allocated
70,601,low_traffic,0,0,65535_65535,1,3,251,88,0,1,0,12,0,28,1,1,pre_allocation
70,601,low_traffic,0,0,65535_65535,1,3,251,95,1,1,1,13,95,28,1,1,allocated
70,601,low_traffic,0,0,65535_65535,1,4,251,95,0,1,0,13,0,28,1,1,pre_allocation
70,601,low_traffic,0,0,65535_65535,1,4,251,103,1,1,1,14,103,28,1,1,allocated
70,601,low_traffic,0,0,65535_65535,1,3,251,95,0,1,0,13,0,28,1,1,pre_allocation
70,601,low_traffic,0,0,65535_65535,1,3,251,103,1,1,1,14,103,28,1,1,allocated
70,601,low_traffic,0,0,65535_65535,1,4,251,103,0,1,0,14,0,28,1,1,pre_allocation
70,601,low_traffic,0,0,65535_65535,1,4,251,110,1,1,1,15,110,28,1,1,allocated
70,601,low_traffic,0,0,65535_65535,1,3,251,103,0,1,0,14,0,28,1,1,pre_allocation
70,601,low_traffic,0,0,65535_65535,1,3,251,110,1,1,1,15,110,28,1,1,allocated
70,601,low_traffic,0,0,65535_65535,1,4,251,110,0,1,0,15,0,28,1,1,pre_allocation
70,601,low_traffic,0,0,65535_65535,1,4,251,118,1,1,1,16,118,28,1,1,allocated
70,601,low_traffic,0,0,65535_65535,1,3,251,110,0,1,0,15,0,28,1,1,pre_allocation
70,601,low_traffic,0,0,65535_65535,1,3,251,118,1,1,1,16,118,28,1,1,allocated
70,601,low_traffic,0,0,65535_65535,1,4,251,118,0,1,0,16,0,28,1,1,pre_allocation
70,601,low_traffic,0,0,65535_65535,1,4,251,126,1,1,1,17,126,28,1,1,allocated
70,601,low_traffic,0,0,65535_65535,1,3,251,118,0,1,0,16,0,28,1,1,pre_allocation
70,601,low_traffic,0,0,65535_65535,1,3,251,126,1,1,1,17,126,28,1,1,allocated
70,601,low_traffic,0,0,65535_65535,1,4,251,126,0,1,0,17,0,28,1,1,pre_allocation
70,601,low_traffic,0,0,65535_65535,1,4,251,133,1,1,1,18,133,28,1,1,allocated
70,601,low_traffic,0,0,65535_65535,1,3,251,126,0,1,0,17,0,28,1,1,pre_allocation
70,601,low_traffic,0,0,65535_65535,1,3,251,133,1,1,1,18,133,28,1,1,allocated
70,601,low_traffic,0,0,65535_65535,1,4,251,133,0,1,0,18,0,28,1,1,pre_allocation
70,601,low_traffic,0,0,65535_65535,1,4,251,141,1,1,1,19,141,28,1,1,allocated
70,601,low_traffic,0,0,65535_65535,1,3,251,133,0,1,0,18,0,28,1,1,pre_allocation
70,601,low_traffic,0,0,65535_65535,1,3,251,141,1,1,1,19,141,28,1,1,allocated
70,601,low_traffic,0,0,65535_65535,1,4,251,141,0,1,0,19,0,28,1,1,pre_allocation
70,601,low_traffic,0,0,65535_65535,1,4,251,148,1,1,1,20,148,28,1,1,allocated
70,601,low_traffic,0,0,65535_65535,1,3,251,141,0,1,0,19,0,28,1,1,pre_allocation
70,601,low_traffic,0,0,65535_65535,1,3,251,148,1,1,1,20,148,28,1,1,allocated
70,601,low_traffic,0,0,65535_65535,1,4,251,148,0,1,0,20,0,28,1,1,pre_allocation
70,601,low_traffic,0,0,65535_65535,1,4,251,156,1,1,1,21,156,28,1,1,allocated
70,601,low_traffic,0,0,65535_65535,1,3,251,148,0,1,0,20,0,28,1,1,pre_allocation
70,601,low_traffic,0,0,65535_65535,1,3,251,156,1,1,1,21,156,28,1,1,allocated
70,601,low_traffic,0,0,65535_65535,1,4,251,156,0,1,0,21,0,28,1,1,pre_allocation
70,601,low_traffic,0,0,65535_65535,1,4,251,163,1,1,1,22,163,28,1,1,allocated
70,601,low_traffic,0,0,65535_65535,1,3,251,156,0,1,0,21,0,28,1,1,pre_allocation
70,601,low_traffic,0,0,65535_65535,1,3,251,163,1,1,1,22,163,28,1,1,allocated
70,601,low_traffic,0,0,65535_65535,1,4,251,163,0,1,0,22,0,28,1,1,pre_allocation
70,601,low_traffic,0,0,65535_65535,1,4,251,171,1,1,1,23,171,28,1,1,allocated
70,601,low_traffic,0,0,65535_65535,1,3,251,163,0,1,0,22,0,28,1,1,pre_allocation
70,601,low_traffic,0,0,65535_65535,1,3,251,171,1,1,1,23,171,28,1,1,allocated
70,601,low_traffic,0,0,65535_65535,1,4,251,171,0,1,0,23,0,28,1,1,pre_allocation
70,601,low_traffic,0,0,65535_65535,1,4,251,179,1,1,1,24,179,28,1,1,allocated
70,601,low_traffic,0,0,65535_65535,1,3,251,171,0,1,0,23,0,28,1,1,pre_allocation
70,601,low_traffic,0,0,65535_65535,1,3,251,179,1,1,1,24,179,28,1,1,allocated
70,601,low_traffic,0,0,65535_65535,1,4,251,179,0,1,0,24,0,28,1,1,pre_allocation
70,601,low_traffic,0,0,65535_65535,1,4,251,186,1,1,1,25,186,28,1,1,allocated
70,601,low_traffic,0,0,65535_65535,1,3,251,179,0,1,0,24,0,28,1,1,pre_allocation
70,601,low_traffic,0,0,65535_65535,1,3,251,186,1,1,1,25,186,28,1,1,allocated
70,601,low_traffic,0,0,65535_65535,1,4,251,186,0,1,0,25,0,28,1,1,pre_allocation
70,601,low_traffic,0,0,65535_65535,1,4,251,194,1,1,1,26,194,28,1,1,allocated
70,601,low_traffic,0,0,65535_65535,1,3,251,186,0,1,0,25,0,28,1,1,pre_allocation
70,601,low_traffic,0,0,65535_65535,1,3,251,194,1,1,1,26,194,28,1,1,allocated
70,601,low_traffic,0,0,65535_65535,1,4,251,194,0,1,0,26,0,28,1,1,pre_allocation
70,601,low_traffic,0,0,65535_65535,1,4,251,201,1,1,1,27,201,28,1,1,allocated
70,601,low_traffic,0,0,65535_65535,1,3,251,194,0,1,0,26,0,28,1,1,pre_allocation
70,601,low_traffic,0,0,65535_65535,1,3,251,201,1,1,1,27,201,28,1,1,allocated
70,601,low_traffic,0,0,65535_65535,1,4,251,201,0,1,0,27,0,28,1,1,pre_allocation
70,601,low_traffic,0,0,65535_65535,1,4,251,209,1,1,1,28,209,28,1,1,allocated
70,601,low_traffic,0,0,65535_65535,1,3,251,201,0,1,0,27,0,28,1,1,pre_allocation
70,601,low_traffic,0,0,65535_65535,1,3,251,209,1,1,1,28,209,28,1,1,allocated
70,601,low_traffic,0,0,65535_65535,1,4,251,209,0,1,0,28,0,28,1,1,pre_allocation
70,601,low_traffic,0,0,65535_65535,1,4,251,217,1,1,1,29,217,28,1,1,allocated
70,601,low_traffic,0,0,65535_65535,1,3,251,209,0,1,0,28,0,28,1,1,pre_allocation
70,601,low_traffic,0,0,65535_65535,1,3,251,217,1,1,1,29,217,28,1,1,allocated
70,601,low_traffic,0,0,65535_65535,1,4,251,217,0,1,0,29,0,28,1,1,pre_allocation
70,601,low_traffic,0,0,65535_65535,1,4,251,224,1,1,1,30,224,28,1,1,allocated
70,601,low_traffic,0,0,65535_65535,1,3,251,217,0,1,0,29,0,28,1,1,pre_allocation
70,601,low_traffic,0,0,65535_65535,1,3,251,224,1,1,1,30,224,28,1,1,allocated
70,601,low_traffic,0,0,65535_65535,1,4,251,224,0,1,0,30,0,28,1,1,pre_allocation
70,601,low_traffic,0,0,65535_65535,1,4,251,232,1,1,1,31,232,28,1,1,allocated
70,601,low_traffic,0,0,65535_65535,1,3,251,224,0,1,0,30,0,28,1,1,pre_allocation
70,601,low_traffic,0,0,65535_65535,1,3,251,232,1,1,1,31,232,28,1,1,allocated
70,601,low_traffic,0,0,65535_65535,1,4,251,232,0,1,0,31,0,28,1,1,pre_allocation
70,601,low_traffic,0,0,65535_65535,1,4,251,239,1,1,1,32,239,28,1,1,allocated
70,601,low_traffic,0,0,65535_65535,1,3,251,232,0,1,0,31,0,28,1,1,pre_allocation
70,601,low_traffic,0,0,65535_65535,1,3,251,239,1,1,1,32,239,28,1,1,allocated
70,601,low_traffic,0,0,65535_65535,1,4,251,239,0,1,0,32,0,28,1,1,pre_allocation
70,601,low_traffic,0,0,65535_65535,1,4,251,247,1,1,1,33,247,28,1,1,allocated
70,601,low_traffic,0,0,65535_65535,1,3,251,239,0,1,0,32,0,28,1,1,pre_allocation
70,601,low_traffic,0,0,65535_65535,1,3,251,247,1,1,1,33,247,28,1,1,allocated
70,601,low_traffic,0,0,65535_65535,1,4,251,247,0,1,0,33,0,28,1,1,pre_allocation
70,601,low_traffic,0,0,65535_65535,1,4,251,255,1,1,1,34,255,28,1,1,allocated
70,601,low_traffic,0,0,65535_65535,1,3,251,247,0,1,0,33,0,28,1,1,pre_allocation
70,601,low_traffic,0,0,65535_65535,1,3,251,255,1,1,1,34,255,28,1,1,allocated
70,601,low_traffic,0,0,65535_65535,1,4,251,255,0,1,0,34,0,28,1,1,pre_allocation
70,601,low_traffic,0,0,65535_65535,1,4,251,262,1,1,1,35,262,28,1,1,allocated
70,601,low_traffic,0,0,65535_65535,1,3,251,255,0,1,0,34,0,28,1,1,pre_allocation
70,601,low_traffic,0,0,65535_65535,1,3,251,262,1,1,1,35,262,28,1,1,allocated
70,601,low_traffic,0,0,65535_65535,1,4,251,262,0,1,0,35,0,28,1,1,pre_allocation
70,601,low_traffic,0,0,65535_65535,1,4,251,270,1,1,1,36,270,28,1,1,allocated
70,601,low_traffic,0,0,65535_65535,1,3,251,262,0,1,0,35,0,28,1,1,pre_allocation
70,601,low_traffic,0,0,65535_65535,1,3,251,270,1,1,1,36,270,28,1,1,allocated
70,601,low_traffic,0,0,65535_65535,1,4,251,270,0,1,0,36,0,28,1,1,pre_allocation
70,601,low_traffic,0,0,65535_65535,1,4,251,277,1,1,1,37,277,28,1,1,allocated
70,601,low_traffic,0,0,65535_65535,1,3,251,270,0,1,0,36,0,28,1,1,pre_allocation
70,601,low_traffic,0,0,65535_65535,1,3,251,277,1,1,1,37,277,28,1,1,allocated
70,601,low_traffic,0,0,65535_65535,1,4,251,277,0,1,0,37,0,28,1,1,pre_allocation
70,601,low_traffic,0,0,65535_65535,1,4,251,285,1,1,1,38,285,28,1,1,allocated
70,601,low_traffic,0,0,65535_65535,1,3,251,277,0,1,0,37,0,28,1,1,pre_allocation
70,601,low_traffic,0,0,65535_65535,1,3,251,285,1,1,1,38,285,28,1,1,allocated
70,601,low_traffic,0,0,65535_65535,1,4,251,285,0,1,0,38,0,28,1,1,pre_allocation
70,601,low_traffic,0,0,65535_65535,1,4,251,293,1,1,1,39,293,28,1,1,allocated
70,601,low_traffic,0,0,65535_65535,1,3,251,285,0,1,0,38,0,28,1,1,pre_allocation
70,601,low_traffic,0,0,65535_65535,1,3,251,293,1,1,1,39,293,28,1,1,allocated
70,601,low_traffic,0,0,65535_65535,1,4,251,293,0,1,0,39,0,28,1,1,pre_allocation
70,601,low_traffic,0,0,65535_65535,1,4,251,300,1,1,1,40,300,28,1,1,allocated
70,601,low_traffic,0,0,65535_65535,1,3,251,293,0,1,0,39,0,28,1,1,pre_allocation
70,601,low_traffic,0,0,65535_65535,1,3,251,300,1,1,1,40,300,28,1,1,allocated
70,601,low_traffic,0,0,65535_65535,1,4,251,300,0,1,0,40,0,28,1,1,pre_allocation
70,601,low_traffic,0,0,65535_65535,1,4,251,308,1,1,1,41,308,28,1,1,allocated
70,601,low_traffic,0,0,65535_65535,1,3,251,300,0,1,0,40,0,28,1,1,pre_allocation
70,601,low_traffic,0,0,65535_65535,1,3,251,308,1,1,1,41,308,28,1,1,allocated
70,601,low_traffic,0,0,65535_65535,1,4,251,308,0,1,0,41,0,28,1,1,pre_allocation
70,601,low_traffic,0,0,65535_65535,1,4,251,315,1,1,1,42,315,28,1,1,allocated
70,601,low_traffic,0,0,65535_65535,1,3,251,308,0,1,0,41,0,28,1,1,pre_allocation
70,601,low_traffic,0,0,65535_65535,1,3,251,315,1,1,1,42,315,28,1,1,allocated
70,601,low_traffic,0,0,65535_65535,1,4,251,315,0,1,0,42,0,28,1,1,pre_allocation
70,601,low_traffic,0,0,65535_65535,1,4,251,323,1,1,1,43,323,28,1,1,allocated
70,601,low_traffic,0,0,65535_65535,1,3,251,315,0,1,0,42,0,28,1,1,pre_allocation
70,601,low_traffic,0,0,65535_65535,1,3,251,323,1,1,1,43,323,28,1,1,allocated
70,601,low_traffic,0,0,65535_65535,1,4,251,323,0,1,0,43,0,28,1,1,pre_allocation
70,601,low_traffic,0,0,65535_65535,1,4,251,330,1,1,1,44,330,28,1,1,allocated
70,601,low_traffic,0,0,65535_65535,1,3,251,323,0,1,0,43,0,28,1,1,pre_allocation
70,601,low_traffic,0,0,65535_65535,1,3,251,330,1,1,1,44,330,28,1,1,allocated
70,601,low_traffic,0,0,65535_65535,1,4,251,330,0,1,0,44,0,28,1,1,pre_allocation
70,601,low_traffic,0,0,65535_65535,1,4,251,338,1,1,1,45,338,28,1,1,allocated
70,601,low_traffic,0,0,65535_65535,1,3,251,330,0,1,0,44,0,28,1,1,pre_allocation
70,601,low_traffic,0,0,65535_65535,1,3,251,338,1,1,1,45,338,28,1,1,allocated
70,601,low_traffic,0,0,65535_65535,1,4,251,338,0,1,0,45,0,28,1,1,pre_allocation
70,601,low_traffic,0,0,65535_65535,1,4,251,346,1,1,1,46,346,28,1,1,allocated
70,601,low_traffic,0,0,65535_65535,1,3,251,338,0,1,0,45,0,28,1,1,pre_allocation
70,601,low_traffic,0,0,65535_65535,1,3,251,346,1,1,1,46,346,28,1,1,allocated
70,601,low_traffic,0,0,65535_65535,1,4,251,346,0,1,0,46,0,28,1,1,pre_allocation
70,601,low_traffic,0,0,65535_65535,1,4,251,353,1,1,1,47,353,28,1,1,allocated
70,601,low_traffic,0,0,65535_65535,1,3,251,346,0,1,0,46,0,28,1,1,pre_allocation
70,601,low_traffic,0,0,65535_65535,1,3,251,353,1,1,1,47,353,28,1,1,allocated
70,601,low_traffic,0,0,65535_65535,1,4,251,353,0,1,0,47,0,28,1,1,pre_allocation
70,601,low_traffic,0,0,65535_65535,1,4,251,361,1,1,1,48,361,28,1,1,allocated
70,601,low_traffic,0,0,65535_65535,1,3,251,353,0,1,0,47,0,28,1,1,pre_allocation
70,601,low_traffic,0,0,65535_65535,1,3,251,361,1,1,1,48,361,28,1,1,allocated
70,601,low_traffic,0,0,65535_65535,1,4,251,361,0,1,0,48,0,28,1,1,pre_allocation
70,601,low_traffic,0,0,65535_65535,1,4,251,368,1,1,1,49,368,28,1,1,allocated
70,601,low_traffic,0,0,65535_65535,1,3,251,361,0,1,0,48,0,28,1,1,pre_allocation
70,601,low_traffic,0,0,65535_65535,1,3,251,368,1,1,1,49,368,28,1,1,allocated
70,601,low_traffic,0,0,65535_65535,1,4,251,368,0,1,0,49,0,28,1,1,pre_allocation
70,601,low_traffic,0,0,65535_65535,1,4,251,376,1,1,1,50,376,28,1,1,allocated
70,601,low_traffic,0,0,65535_65535,1,3,251,368,0,1,0,49,0,28,1,1,pre_allocation
70,601,low_traffic,0,0,65535_65535,1,3,251,376,1,1,1,50,376,28,1,1,allocated
70,601,low_traffic,0,0,65535_65535,1,4,251,376,0,1,0,50,0,28,1,1,pre_allocation
70,601,low_traffic,0,0,65535_65535,1,4,251,384,1,1,1,51,384,28,1,1,allocated
70,601,low_traffic,0,0,65535_65535,1,3,251,376,0,1,0,50,0,28,1,1,pre_allocation
70,601,low_traffic,0,0,65535_65535,1,3,251,384,1,1,1,51,384,28,1,1,allocated
70,601,low_traffic,0,0,65535_65535,1,4,251,384,0,1,0,51,0,28,1,1,pre_allocation
70,601,low_traffic,0,0,65535_65535,1,4,251,391,1,1,1,52,391,28,1,1,allocated
70,601,low_traffic,0,0,65535_65535,1,3,251,384,0,1,0,51,0,28,1,1,pre_allocation
70,601,low_traffic,0,0,65535_65535,1,3,251,391,1,1,1,52,391,28,1,1,allocated
70,601,low_traffic,0,0,65535_65535,1,4,251,391,0,1,0,52,0,28,1,1,pre_allocation
70,601,low_traffic,0,0,65535_65535,1,4,251,399,1,1,1,53,399,28,1,1,allocated
70,601,low_traffic,0,0,65535_65535,1,3,251,391,0,1,0,52,0,28,1,1,pre_allocation
70,601,low_traffic,0,0,65535_65535,1,3,251,399,1,1,1,53,399,28,1,1,allocated
70,601,low_traffic,0,0,65535_65535,1,4,251,399,0,1,0,53,0,28,1,1,pre_allocation
70,601,low_traffic,0,0,65535_65535,1,4,251,406,1,1,1,54,406,28,1,1,allocated
70,601,low_traffic,0,0,65535_65535,1,3,251,399,0,1,0,53,0,28,1,1,pre_allocation
70,601,low_traffic,0,0,65535_65535,1,3,251,406,1,1,1,54,406,28,1,1,allocated
70,601,low_traffic,0,0,65535_65535,1,4,251,406,0,1,0,54,0,28,1,1,pre_allocation
70,601,low_traffic,0,0,65535_65535,1,4,251,414,1,1,1,55,414,28,1,1,allocated
70,601,low_traffic,0,0,65535_65535,1,3,251,406,0,1,0,54,0,28,1,1,pre_allocation
70,601,low_traffic,0,0,65535_65535,1,3,251,414,1,1,1,55,414,28,1,1,allocated
70,601,low_traffic,0,0,65535_65535,1,4,251,414,0,1,0,55,0,28,1,1,pre_allocation
70,601,low_traffic,0,0,65535_65535,1,4,251,422,1,1,1,56,422,28,1,1,allocated
70,601,low_traffic,0,0,65535_65535,1,3,251,414,0,1,0,55,0,28,1,1,pre_allocation
70,601,low_traffic,0,0,65535_65535,1,3,251,422,1,1,1,56,422,28,1,1,allocated
70,601,low_traffic,0,0,65535_65535,1,4,251,422,0,1,0,56,0,28,1,1,pre_allocation
70,601,low_traffic,0,0,65535_65535,1,4,251,429,1,1,1,57,429,28,1,1,allocated
70,601,low_traffic,0,0,65535_65535,1,3,251,422,0,1,0,56,0,28,1,1,pre_allocation
70,601,low_traffic,0,0,65535_65535,1,3,251,429,1,1,1,57,429,28,1,1,allocated
70,601,low_traffic,0,0,65535_65535,1,4,251,429,0,1,0,57,0,28,1,1,pre_allocation
70,601,low_traffic,0,0,65535_65535,1,4,251,437,1,1,1,58,437,28,1,1,allocated
70,601,low_traffic,0,0,65535_65535,1,3,251,429,0,1,0,57,0,28,1,1,pre_allocation
70,601,low_traffic,0,0,65535_65535,1,3,251,437,1,1,1,58,437,28,1,1,allocated
70,601,low_traffic,0,0,65535_65535,1,4,251,437,0,1,0,58,0,28,1,1,pre_allocation
70,601,low_traffic,0,0,65535_65535,1,4,251,444,1,1,1,59,444,28,1,1,allocated
70,601,low_traffic,0,0,65535_65535,1,3,251,437,0,1,0,58,0,28,1,1,pre_allocation
70,601,low_traffic,0,0,65535_65535,1,3,251,444,1,1,1,59,444,28,1,1,allocated
70,601,low_traffic,0,0,65535_65535,1,4,251,444,0,1,0,59,0,28,1,1,pre_allocation
70,601,low_traffic,0,0,65535_65535,1,4,251,452,1,1,1,60,452,28,1,1,allocated
70,601,low_traffic,0,0,65535_65535,1,3,251,444,0,1,0,59,0,28,1,1,pre_allocation
70,601,low_traffic,0,0,65535_65535,1,3,251,452,1,1,1,60,452,28,1,1,allocated
70,601,low_traffic,0,0,65535_65535,1,4,251,452,0,1,0,60,0,28,1,1,pre_allocation
70,601,low_traffic,0,0,65535_65535,1,4,251,459,1,1,1,61,459,28,1,1,allocated
70,601,low_traffic,0,0,65535_65535,1,3,251,452,0,1,0,60,0,28,1,1,pre_allocation
70,601,low_traffic,0,0,65535_65535,1,3,251,459,1,1,1,61,459,28,1,1,allocated
70,601,low_traffic,0,0,65535_65535,1,4,251,459,0,1,0,61,0,28,1,1,pre_allocation
70,601,low_traffic,0,0,65535_65535,1,4,251,467,1,1,1,62,467,28,1,1,allocated
70,601,low_traffic,0,0,65535_65535,1,3,251,459,0,1,0,61,0,28,1,1,pre_allocation
70,601,low_traffic,0,0,65535_65535,1,3,251,467,1,1,1,62,467,28,1,1,allocated
70,601,low_traffic,0,0,65535_65535,1,4,251,467,0,1,0,62,0,28,1,1,pre_allocation
70,601,low_traffic,0,0,65535_65535,1,4,251,475,1,1,1,63,475,28,1,1,allocated
70,601,low_traffic,0,0,65535_65535,1,3,251,467,0,1,0,62,0,28,1,1,pre_allocation
70,601,low_traffic,0,0,65535_65535,1,3,251,475,1,1,1,63,475,28,1,1,allocated
70,601,low_traffic,0,0,65535_65535,1,4,251,475,0,1,0,63,0,28,1,1,pre_allocation
70,601,low_traffic,0,0,65535_65535,1,4,251,482,1,1,1,64,482,28,1,1,allocated
70,601,low_traffic,0,0,65535_65535,1,3,251,475,0,1,0,63,0,28,1,1,pre_allocation
70,601,low_traffic,0,0,65535_65535,1,3,251,482,1,1,1,64,482,28,1,1,allocated
70,601,low_traffic,0,0,65535_65535,1,4,251,482,0,1,0,64,0,28,1,1,pre_allocation
70,601,low_traffic,0,0,65535_65535,1,4,251,490,1,1,1,65,490,28,1,1,allocated
70,601,low_traffic,0,0,65535_65535,1,3,251,482,0,1,0,64,0,28,1,1,pre_allocation
70,601,low_traffic,0,0,65535_65535,1,3,251,490,1,1,1,65,490,28,1,1,allocated
70,601,low_traffic,0,0,65535_65535,1,4,251,490,0,1,0,65,0,28,1,1,pre_allocation
70,601,low_traffic,0,0,65535_65535,1,4,251,497,1,1,1,66,497,28,1,1,allocated
70,601,low_traffic,0,0,65535_65535,1,3,251,490,0,1,0,65,0,28,1,1,pre_allocation
70,601,low_traffic,0,0,65535_65535,1,3,251,497,1,1,1,66,497,28,1,1,allocated
70,601,low_traffic,0,0,65535_65535,1,4,251,497,0,1,0,66,0,28,1,1,pre_allocation
70,601,low_traffic,0,0,65535_65535,1,4,251,505,1,1,1,67,505,28,1,1,allocated
70,601,low_traffic,0,0,65535_65535,1,3,251,497,0,1,0,66,0,28,1,1,pre_allocation
70,601,low_traffic,0,0,65535_65535,1,3,251,505,1,1,1,67,505,28,1,1,allocated
70,601,low_traffic,0,0,65535_65535,1,4,251,505,0,1,0,67,0,28,1,1,pre_allocation
70,601,low_traffic,0,0,65535_65535,1,4,251,513,1,1,1,68,513,28,1,1,allocated
70,601,low_traffic,0,0,65535_65535,1,3,251,505,0,1,0,67,0,28,1,1,pre_allocation
70,601,low_traffic,0,0,65535_65535,1,3,251,513,1,1,1,68,513,28,1,1,allocated
70,601,low_traffic,0,0,65535_65535,1,4,251,513,0,1,0,68,0,28,1,1,pre_allocation
70,601,low_traffic,0,0,65535_65535,1,4,251,520,1,1,1,69,520,28,1,1,allocated
70,601,low_traffic,0,0,65535_65535,1,3,251,513,0,1,0,68,0,28,1,1,pre_allocation
70,601,low_traffic,0,0,65535_65535,1,3,251,520,1,1,1,69,520,28,1,1,allocated
70,601,low_traffic,0,0,65535_65535,1,4,251,520,0,1,0,69,0,28,1,1,pre_allocation
70,601,low_traffic,0,0,65535_65535,1,4,251,528,1,1,1,70,528,28,1,1,allocated
70,601,low_traffic,0,0,65535_65535,1,3,251,520,0,1,0,69,0,28,1,1,pre_allocation
70,601,low_traffic,0,0,65535_65535,1,3,251,528,1,1,1,70,528,28,1,1,allocated
70,601,low_traffic,0,0,65535_65535,1,4,251,528,0,1,0,70,0,28,1,1,pre_allocation
70,601,low_traffic,0,0,65535_65535,1,4,251,535,1,1,1,71,535,28,1,1,allocated
70,601,low_traffic,0,0,65535_65535,1,3,251,528,0,1,0,70,0,28,1,1,pre_allocation
70,601,low_traffic,0,0,65535_65535,1,3,251,535,1,1,1,71,535,28,1,1,allocated
70,601,low_traffic,0,0,65535_65535,1,4,251,535,0,1,0,71,0,28,1,1,pre_allocation
70,601,low_traffic,0,0,65535_65535,1,4,251,543,1,1,1,72,543,28,1,1,allocated
70,601,low_traffic,0,0,65535_65535,1,3,251,535,0,1,0,71,0,28,1,1,pre_allocation
70,601,low_traffic,0,0,65535_65535,1,3,251,543,1,1,1,72,543,28,1,1,allocated
70,601,low_traffic,0,0,65535_65535,1,4,251,543,0,1,0,72,0,28,1,1,pre_allocation
70,601,low_traffic,0,0,65535_65535,1,4,251,551,1,1,1,73,551,28,1,1,allocated
70,601,low_traffic,0,0,65535_65535,1,3,251,543,0,1,0,72,0,28,1,1,pre_allocation
70,601,low_traffic,0,0,65535_65535,1,3,251,551,1,1,1,73,551,28,1,1,allocated
70,601,low_traffic,0,0,65535_65535,1,4,251,551,0,1,0,73,0,28,1,1,pre_allocation
70,601,low_traffic,0,0,65535_65535,1,4,251,558,1,1,1,74,558,28,1,1,allocated
70,601,low_traffic,0,0,65535_65535,1,3,251,551,0,1,0,73,0,28,1,1,pre_allocation
70,601,low_traffic,0,0,65535_65535,1,3,251,558,1,1,1,74,558,28,1,1,allocated
70,601,low_traffic,0,0,65535_65535,1,4,251,558,0,1,0,74,0,28,1,1,pre_allocation
70,601,low_traffic,0,0,65535_65535,1,4,251,566,1,1,1,75,566,28,1,1,allocated
70,601,low_traffic,0,0,65535_65535,1,3,251,558,0,1,0,74,0,28,1,1,pre_allocation
70,601,low_traffic,0,0,65535_65535,1,3,251,566,1,1,1,75,566,28,1,1,allocated
70,601,low_traffic,0,0,65535_65535,1,4,251,566,0,1,0,75,0,28,1,1,pre_allocation
70,601,low_traffic,0,0,65535_65535,1,4,251,573,1,1,1,76,573,28,1,1,allocated
70,601,low_traffic,0,0,65535_65535,1,3,251,566,0,1,0,75,0,28,1,1,pre_allocation
70,601,low_traffic,0,0,65535_65535,1,3,251,573,1,1,1,76,573,28,1,1,allocated
70,601,low_traffic,0,0,65535_65535,1,4,251,573,0,1,0,76,0,28,1,1,pre_allocation
70,601,low_traffic,0,0,65535_65535,1,4,251,581,1,1,1,77,581,28,1,1,allocated
70,601,low_traffic,0,0,65535_65535,1,3,251,573,0,1,0,76,0,28,1,1,pre_allocation
70,601,low_traffic,0,0,65535_65535,1,3,251,581,1,1,1,77,581,28,1,1,allocated
70,601,low_traffic,0,0,65535_65535,1,4,251,581,0,1,0,77,0,28,1,1,pre_allocation
70,601,low_traffic,0,0,65535_65535,1,4,251,589,1,1,1,78,589,28,1,1,allocated
70,601,low_traffic,0,0,65535_65535,1,3,251,581,0,1,0,77,0,28,1,1,pre_allocation
70,601,low_traffic,0,0,65535_65535,1,3,251,589,1,1,1,78,589,28,1,1,allocated
70,601,low_traffic,0,0,65535_65535,1,4,251,589,0,1,0,78,0,28,1,1,pre_allocation
70,601,low_traffic,0,0,65535_65535,1,4,251,596,1,1,1,79,596,28,1,1,allocated
70,601,low_traffic,0,0,65535_65535,1,3,251,589,0,1,0,78,0,28,1,1,pre_allocation
70,601,low_traffic,0,0,65535_65535,1,3,251,596,1,1,1,79,596,28,1,1,allocated
70,601,low_traffic,0,0,65535_65535,1,4,251,596,0,1,0,79,0,28,1,1,pre_allocation
70,601,low_traffic,0,0,65535_65535,1,4,251,604,1,1,1,80,604,28,1,1,allocated
70,601,low_traffic,0,0,65535_65535,1,3,251,596,0,1,0,79,0,28,1,1,pre_allocation
70,601,low_traffic,0,0,65535_65535,1,3,251,604,1,1,1,80,604,28,1,1,allocated
70,601,low_traffic,0,0,65535_65535,1,4,251,604,0,1,0,80,0,28,1,1,pre_allocation
70,601,low_traffic,0,0,65535_65535,1,4,251,611,1,1,1,81,611,28,1,1,allocated
70,601,low_traffic,0,0,65535_65535,1,3,251,604,0,1,0,80,0,28,1,1,pre_allocation
70,601,low_traffic,0,0,65535_65535,1,3,251,611,1,1,1,81,611,28,1,1,allocated
70,601,low_traffic,0,0,65535_65535,1,4,251,611,0,1,0,81,0,28,1,1,pre_allocation
70,601,low_traffic,0,0,65535_65535,1,4,251,619,1,1,1,82,619,28,1,1,allocated
70,601,low_traffic,0,0,65535_65535,1,3,251,611,0,1,0,81,0,28,1,1,pre_allocation
70,601,low_traffic,0,0,65535_65535,1,3,251,619,1,1,1,82,619,28,1,1,allocated
70,601,low_traffic,0,0,65535_65535,1,4,251,619,0,1,0,82,0,28,1,1,pre_allocation
70,601,low_traffic,0,0,65535_65535,1,4,251,626,1,1,1,83,626,28,1,1,allocated
70,601,low_traffic,0,0,65535_65535,1,3,251,619,0,1,0,82,0,28,1,1,pre_allocation
70,601,low_traffic,0,0,65535_65535,1,3,251,626,1,1,1,83,626,28,1,1,allocated
70,601,low_traffic,0,0,65535_65535,1,4,251,626,0,1,0,83,0,28,1,1,pre_allocation
70,601,low_traffic,0,0,65535_65535,1,4,251,634,1,1,1,84,634,28,1,1,allocated
70,601,low_traffic,0,0,65535_65535,1,3,251,626,0,1,0,83,0,28,1,1,pre_allocation
70,601,low_traffic,0,0,65535_65535,1,3,251,634,1,1,1,84,634,28,1,1,allocated
70,601,low_traffic,0,0,65535_65535,1,4,251,634,0,1,0,84,0,28,1,1,pre_allocation
70,601,low_traffic,0,0,65535_65535,1,4,251,642,1,1,1,85,642,28,1,1,allocated
70,601,low_traffic,0,0,65535_65535,1,3,251,634,0,1,0,84,0,28,1,1,pre_allocation
70,601,low_traffic,0,0,65535_65535,1,3,251,642,1,1,1,85,642,28,1,1,allocated
70,601,low_traffic,0,0,65535_65535,1,4,251,642,0,1,0,85,0,28,1,1,pre_allocation
70,601,low_traffic,0,0,65535_65535,1,4,251,649,1,1,1,86,649,28,1,1,allocated
70,601,low_traffic,0,0,65535_65535,1,3,251,642,0,1,0,85,0,28,1,1,pre_allocation
70,601,low_traffic,0,0,65535_65535,1,3,251,649,1,1,1,86,649,28,1,1,allocated
70,601,low_traffic,0,0,65535_65535,1,4,251,649,0,1,0,86,0,28,1,1,pre_allocation
70,601,low_traffic,0,0,65535_65535,1,4,251,657,1,1,1,87,657,28,1,1,allocated
70,601,low_traffic,0,0,65535_65535,1,3,251,649,0,1,0,86,0,28,1,1,pre_allocation
70,601,low_traffic,0,0,65535_65535,1,3,251,657,1,1,1,87,657,28,1,1,allocated
70,601,low_traffic,0,0,65535_65535,1,4,251,657,0,1,0,87,0,28,1,1,pre_allocation
70,601,low_traffic,0,0,65535_65535,1,4,251,664,1,1,1,88,664,28,1,1,allocated
70,601,low_traffic,0,0,65535_65535,1,3,251,657,0,1,0,87,0,28,1,1,pre_allocation
70,601,low_traffic,0,0,65535_65535,1,3,251,664,1,1,1,88,664,28,1,1,allocated
70,601,low_traffic,0,0,65535_65535,1,4,251,664,0,1,0,88,0,28,1,1,pre_allocation
70,601,low_traffic,0,0,65535_65535,1,4,251,672,1,1,1,89,672,28,1,1,allocated
70,601,low_traffic,0,0,65535_65535,1,3,251,664,0,1,0,88,0,28,1,1,pre_allocation
70,601,low_traffic,0,0,65535_65535,1,3,251,672,1,1,1,89,672,28,1,1,allocated
70,601,low_traffic,0,0,65535_65535,1,4,251,672,0,1,0,89,0,28,1,1,pre_allocation
70,601,low_traffic,0,0,65535_65535,1,4,251,680,1,1,1,90,680,28,1,1,allocated
70,601,low_traffic,0,0,65535_65535,1,3,251,672,0,1,0,89,0,28,1,1,pre_allocation
70,601,low_traffic,0,0,65535_65535,1,3,251,680,1,1,1,90,680,28,1,1,allocated
70,601,low_traffic,0,0,65535_65535,1,4,251,680,0,1,0,90,0,28,1,1,pre_allocation
70,601,low_traffic,0,0,65535_65535,1,4,251,687,1,1,1,91,687,28,1,1,allocated
70,601,low_traffic,0,0,65535_65535,1,3,251,680,0,1,0,90,0,28,1,1,pre_allocation
70,601,low_traffic,0,0,65535_65535,1,3,251,687,1,1,1,91,687,28,1,1,allocated
70,601,low_traffic,0,0,65535_65535,1,4,251,687,0,1,0,91,0,28,1,1,pre_allocation
70,601,low_traffic,0,0,65535_65535,1,4,251,695,1,1,1,92,695,28,1,1,allocated
70,601,low_traffic,0,0,65535_65535,1,3,251,687,0,1,0,91,0,28,1,1,pre_allocation
70,601,low_traffic,0,0,65535_65535,1,3,251,695,1,1,1,92,695,28,1,1,allocated
70,601,low_traffic,0,0,65535_65535,1,4,251,695,0,1,0,92,0,28,1,1,pre_allocation
70,601,low_traffic,0,0,65535_65535,1,4,251,702,1,1,1,93,702,28,1,1,allocated
70,601,low_traffic,0,0,65535_65535,1,3,251,695,0,1,0,92,0,28,1,1,pre_allocation
70,601,low_traffic,0,0,65535_65535,1,3,251,702,1,1,1,93,702,28,1,1,allocated
70,601,low_traffic,0,0,65535_65535,1,4,251,702,0,1,0,93,0,28,1,1,pre_allocation
70,601,low_traffic,0,0,65535_65535,1,4,251,710,1,1,1,94,710,28,1,1,allocated
70,601,low_traffic,0,0,65535_65535,1,3,251,702,0,1,0,93,0,28,1,1,pre_allocation
70,601,low_traffic,0,0,65535_65535,1,3,251,710,1,1,1,94,710,28,1,1,allocated
70,601,low_traffic,0,0,65535_65535,1,4,251,710,0,1,0,94,0,28,1,1,pre_allocation
70,601,low_traffic,0,0,65535_65535,1,4,251,718,1,1,1,95,718,28,1,1,allocated
70,601,low_traffic,0,0,65535_65535,1,3,251,710,0,1,0,94,0,28,1,1,pre_allocation
70,601,low_traffic,0,0,65535_65535,1,3,251,718,1,1,1,95,718,28,1,1,allocated
70,601,low_traffic,0,0,65535_65535,1,4,251,718,0,1,0,95,0,28,1,1,pre_allocation
70,601,low_traffic,0,0,65535_65535,1,4,251,725,1,1,1,96,725,28,1,1,allocated
70,601,low_traffic,0,0,65535_65535,1,3,251,718,0,1,0,95,0,28,1,1,pre_allocation
70,601,low_traffic,0,0,65535_65535,1,3,251,725,1,1,1,96,725,28,1,1,allocated
70,601,low_traffic,0,0,65535_65535,1,4,251,725,0,1,0,96,0,28,1,1,pre_allocation
70,601,low_traffic,0,0,65535_65535,1,4,251,733,1,1,1,97,733,28,1,1,allocated
70,601,low_traffic,0,0,65535_65535,1,3,251,725,0,1,0,96,0,28,1,1,pre_allocation
70,601,low_traffic,0,0,65535_65535,1,3,251,733,1,1,1,97,733,28,1,1,allocated
70,601,low_traffic,0,0,65535_65535,1,4,251,733,0,1,0,97,0,28,1,1,pre_allocation
70,601,low_traffic,0,0,65535_65535,1,4,251,740,1,1,1,98,740,28,1,1,allocated
70,601,low_traffic,0,0,65535_65535,1,3,251,733,0,1,0,97,0,28,1,1,pre_allocation
70,601,low_traffic,0,0,65535_65535,1,3,251,740,1,1,1,98,740,28,1,1,allocated
70,601,low_traffic,0,0,65535_65535,1,4,251,740,0,1,0,98,0,28,1,1,pre_allocation
70,601,low_traffic,0,0,65535_65535,1,4,251,748,1,1,1,99,748,28,1,1,allocated
70,601,low_traffic,0,0,65535_65535,1,3,251,740,0,1,0,98,0,28,1,1,pre_allocation
70,601,low_traffic,0,0,65535_65535,1,3,251,748,1,1,1,99,748,28,1,1,allocated
70,601,low_traffic,0,0,65535_65535,1,4,251,748,0,1,0,99,0,28,1,1,pre_allocation
70,601,low_traffic,0,0,65535_65535,1,4,251,756,1,1,1,100,756,28,1,1,allocated
70,601,low_traffic,0,0,65535_65535,1,3,251,748,0,1,0,99,0,28,1,1,pre_allocation
70,601,low_traffic,0,0,65535_65535,1,3,251,756,1,1,1,100,756,28,1,1,allocated
70,601,low_traffic,0,0,65535_65535,1,4,251,756,0,1,0,100,0,28,1,1,pre_allocation
70,601,low_traffic,0,0,65535_65535,1,4,251,763,1,1,1,101,763,28,1,1,allocated
70,601,low_traffic,0,0,65535_65535,1,3,251,756,0,1,0,100,0,28,1,1,pre_allocation
70,601,low_traffic,0,0,65535_65535,1,3,251,763,1,1,1,101,763,28,1,1,allocated
70,601,low_traffic,0,0,65535_65535,1,4,251,763,0,1,0,101,0,28,1,1,pre_allocation
70,601,low_traffic,0,0,65535_65535,1,4,251,771,1,1,1,102,771,28,1,1,allocated
70,601,low_traffic,0,0,65535_65535,1,3,251,763,0,1,0,101,0,28,1,1,pre_allocation
70,601,low_traffic,0,0,65535_65535,1,3,251,771,1,1,1,102,771,28,1,1,allocated
70,601,low_traffic,0,0,65535_65535,1,4,251,771,0,1,0,102,0,28,1,1,pre_allocation
70,601,low_traffic,0,0,65535_65535,1,4,251,778,1,1,1,103,778,28,1,1,allocated
70,601,low_traffic,0,0,65535_65535,1,3,251,771,0,1,0,102,0,28,1,1,pre_allocation
70,601,low_traffic,0,0,65535_65535,1,3,251,778,1,1,1,103,778,28,1,1,allocated
70,601,low_traffic,0,0,65535_65535,1,4,251,778,0,1,0,103,0,28,1,1,pre_allocation
70,601,low_traffic,0,0,65535_65535,1,4,251,786,1,1,1,104,786,28,1,1,allocated
70,601,low_traffic,0,0,65535_65535,1,3,251,778,0,1,0,103,0,28,1,1,pre_allocation
70,601,low_traffic,0,0,65535_65535,1,3,251,786,1,1,1,104,786,28,1,1,allocated
70,601,low_traffic,0,0,65535_65535,1,4,251,786,0,1,0,104,0,28,1,1,pre_allocation
70,601,low_traffic,0,0,65535_65535,1,4,251,793,1,1,1,105,793,28,1,1,allocated
70,601,low_traffic,0,0,65535_65535,1,3,251,786,0,1,0,104,0,28,1,1,pre_allocation
70,601,low_traffic,0,0,65535_65535,1,3,251,793,1,1,1,105,793,28,1,1,allocated
70,601,low_traffic,0,0,65535_65535,1,4,251,793,0,1,0,105,0,28,1,1,pre_allocation
70,601,low_traffic,0,0,65535_65535,1,4,251,801,1,1,1,106,801,28,1,1,allocated
70,601,low_traffic,0,0,65535_65535,1,3,251,793,0,1,0,105,0,28,1,1,pre_allocation
70,601,low_traffic,0,0,65535_65535,1,3,251,801,1,1,1,106,801,28,1,1,allocated
70,601,low_traffic,0,0,65535_65535,1,4,251,801,0,1,0,106,0,28,1,1,pre_allocation
70,601,low_traffic,0,0,65535_65535,1,4,251,809,1,1,1,107,809,28,1,1,allocated
70,601,low_traffic,0,0,65535_65535,1,3,251,801,0,1,0,106,0,28,1,1,pre_allocation
70,601,low_traffic,0,0,65535_65535,1,3,251,809,1,1,1,107,809,28,1,1,allocated
70,601,low_traffic,0,0,65535_65535,1,4,251,809,0,1,0,107,0,28,1,1,pre_allocation
70,601,low_traffic,0,0,65535_65535,1,4,251,816,1,1,1,108,816,28,1,1,allocated
148,699,low_traffic,0,0,65535_65535,0,2,212030,0,0,1,0,0,0,28,1,1,pre_allocation
148,699,low_traffic,0,0,65535_65535,0,2,212030,4,1,1,1,1,4,28,1,1,allocated
148,699,low_traffic,0,0,65535_65535,0,1,268930,0,0,1,0,0,0,24,1,1,pre_allocation
148,699,low_traffic,0,0,65535_65535,0,1,268930,3,1,1,1,1,3,24,1,1,allocated
148,699,low_traffic,0,0,65535_65535,0,2,212030,4,0,1,0,1,0,28,1,1,pre_allocation
148,699,low_traffic,0,0,65535_65535,0,2,212030,12,1,1,1,2,12,28,1,1,allocated
148,699,low_traffic,0,0,65535_65535,0,1,268930,3,0,1,0,1,0,24,1,1,pre_allocation
148,699,low_traffic,0,0,65535_65535,0,1,268930,9,1,1,1,2,9,24,1,1,allocated
148,699,low_traffic,0,0,65535_65535,0,2,212030,12,0,1,0,2,0,28,1,1,pre_allocation
148,699,low_traffic,0,0,65535_65535,0,2,212030,19,1,1,1,3,19,28,1,1,allocated
148,699,low_traffic,0,0,65535_65535,0,1,268930,9,0,1,0,2,0,24,1,1,pre_allocation
148,699,low_traffic,0,0,65535_65535,0,1,268930,15,1,1,1,3,15,24,1,1,allocated
148,699,low_traffic,0,0,65535_65535,0,2,212030,19,0,1,0,3,0,28,1,1,pre_allocation
148,699,low_traffic,0,0,65535_65535,0,2,212030,27,1,1,1,4,27,28,1,1,allocated
148,699,low_traffic,0,0,65535_65535,0,1,268930,15,0,1,0,3,0,24,1,1,pre_allocation
148,699,low_traffic,0,0,65535_65535,0,1,268930,21,1,1,1,4,21,24,1,1,allocated
148,699,low_traffic,0,0,65535_65535,0,2,212030,27,0,1,0,4,0,28,1,1,pre_allocation
148,699,low_traffic,0,0,65535_65535,0,2,212030,34,1,1,1,5,34,28,1,1,allocated
148,699,low_traffic,0,0,65535_65535,0,1,268930,21,0,1,0,4,0,24,1,1,pre_allocation
148,699,low_traffic,0,0,65535_65535,0,1,268930,27,1,1,1,5,27,24,1,1,allocated
148,699,low_traffic,0,0,65535_65535,0,2,212030,34,0,1,0,5,0,28,1,1,pre_allocation
148,699,low_traffic,0,0,65535_65535,0,2,212030,42,1,1,1,6,42,28,1,1,allocated
148,699,low_traffic,0,0,65535_65535,0,1,268930,27,0,1,0,5,0,24,1,1,pre_allocation
148,699,low_traffic,0,0,65535_65535,0,1,268930,34,1,1,1,6,34,24,1,1,allocated
148,699,low_traffic,0,0,65535_65535,0,2,212030,42,0,1,0,6,0,28,1,1,pre_allocation
148,699,low_traffic,0,0,65535_65535,0,2,212030,50,1,1,1,7,50,28,1,1,allocated
148,699,low_traffic,0,0,65535_65535,0,1,268930,34,0,1,0,6,0,24,1,1,pre_allocation
148,699,low_traffic,0,0,65535_65535,0,1,268930,40,1,1,1,7,40,24,1,1,allocated
148,699,low_traffic,0,0,65535_65535,0,2,212030,50,0,1,0,7,0,28,1,1,pre_allocation
148,699,low_traffic,0,0,65535_65535,0,2,212030,57,1,1,1,8,57,28,1,1,allocated
148,699,low_traffic,0,0,65535_65535,0,1,268930,40,0,1,0,7,0,24,1,1,pre_allocation
148,699,low_traffic,0,0,65535_65535,0,1,268930,46,1,1,1,8,46,24,1,1,allocated
148,699,low_traffic,0,0,65535_65535,0,2,212030,57,0,1,0,8,0,28,1,1,pre_allocation
148,699,low_traffic,0,0,65535_65535,0,2,212030,65,1,1,1,9,65,28,1,1,allocated
148,699,low_traffic,0,0,65535_65535,0,1,268930,46,0,1,0,8,0,24,1,1,pre_allocation
148,699,low_traffic,0,0,65535_65535,0,1,268930,52,1,1,1,9,52,24,1,1,allocated
148,699,low_traffic,0,0,65535_65535,0,2,212030,65,0,1,0,9,0,28,1,1,pre_allocation
148,699,low_traffic,0,0,65535_65535,0,2,212030,72,1,1,1,10,72,28,1,1,allocated
148,699,low_traffic,0,0,65535_65535,0,1,268930,52,0,1,0,9,0,24,1,1,pre_allocation
148,699,low_traffic,0,0,65535_65535,0,1,268930,58,1,1,1,10,58,24,1,1,allocated
148,699,low_traffic,0,0,65535_65535,0,2,212030,72,0,1,0,10,0,28,1,1,pre_allocation
148,699,low_traffic,0,0,65535_65535,0,2,212030,80,1,1,1,11,80,28,1,1,allocated
148,699,low_traffic,0,0,65535_65535,0,1,268930,58,0,1,0,10,0,24,1,1,pre_allocation
148,699,low_traffic,0,0,65535_65535,0,1,268930,65,1,1,1,11,65,24,1,1,allocated
148,699,low_traffic,0,0,65535_65535,0,2,212030,80,0,1,0,11,0,28,1,1,pre_allocation
148,699,low_traffic,0,0,65535_65535,0,2,212030,88,1,1,1,12,88,28,1,1,allocated
148,699,low_traffic,0,0,65535_65535,0,1,268930,65,0,1,0,11,0,24,1,1,pre_allocation
148,699,low_traffic,0,0,65535_65535,0,1,268930,71,1,1,1,12,71,24,1,1,allocated
148,699,low_traffic,0,0,65535_65535,0,2,212030,88,0,1,0,12,0,28,1,1,pre_allocation
148,699,low_traffic,0,0,65535_65535,0,2,212030,95,1,1,1,13,95,28,1,1,allocated
148,699,low_traffic,0,0,65535_65535,0,1,268930,71,0,1,0,12,0,24,1,1,pre_allocation
148,699,low_traffic,0,0,65535_65535,0,1,268930,77,1,1,1,13,77,24,1,1,allocated
148,699,low_traffic,0,0,65535_65535,0,2,212030,95,0,1,0,13,0,28,1,1,pre_allocation
148,699,low_traffic,0,0,65535_65535,0,2,212030,103,1,1,1,14,103,28,1,1,allocated
148,699,low_traffic,0,0,65535_65535,0,1,268930,77,0,1,0,13,0,24,1,1,pre_allocation
148,699,low_traffic,0,0,65535_65535,0,1,268930,83,1,1,1,14,83,24,1,1,allocated
148,699,low_traffic,0,0,65535_65535,0,2,212030,103,0,1,0,14,0,28,1,1,pre_allocation
148,699,low_traffic,0,0,65535_65535,0,2,212030,110,1,1,1,15,110,28,1,1,allocated
148,699,low_traffic,0,0,65535_65535,0,1,268930,83,0,1,0,14,0,24,1,1,pre_allocation
148,699,low_traffic,0,0,65535_65535,0,1,268930,89,1,1,1,15,89,24,1,1,allocated
148,699,low_traffic,0,0,65535_65535,0,2,212030,110,0,1,0,15,0,28,1,1,pre_allocation
148,699,low_traffic,0,0,65535_65535,0,2,212030,118,1,1,1,16,118,28,1,1,allocated
148,699,low_traffic,0,0,65535_65535,0,1,268930,89,0,1,0,15,0,24,1,1,pre_allocation
148,699,low_traffic,0,0,65535_65535,0,1,268930,96,1,1,1,16,96,24,1,1,allocated
148,699,low_traffic,0,0,65535_65535,0,2,212030,118,0,1,0,16,0,28,1,1,pre_allocation
148,699,low_traffic,0,0,65535_65535,0,2,212030,126,1,1,1,17,126,28,1,1,allocated
148,699,low_traffic,0,0,65535_65535,0,1,268930,96,0,1,0,16,0,24,1,1,pre_allocation
148,699,low_traffic,0,0,65535_65535,0,1,268930,102,1,1,1,17,102,24,1,1,allocated
148,699,low_traffic,0,0,65535_65535,0,2,212030,126,0,1,0,17,0,28,1,1,pre_allocation
148,699,low_traffic,0,0,65535_65535,0,2,212030,133,1,1,1,18,133,28,1,1,allocated
148,699,low_traffic,0,0,65535_65535,0,1,268930,102,0,1,0,17,0,24,1,1,pre_allocation
148,699,low_traffic,0,0,65535_65535,0,1,268930,108,1,1,1,18,108,24,1,1,allocated
148,699,low_traffic,0,0,65535_65535,0,2,212030,133,0,1,0,18,0,28,1,1,pre_allocation
148,699,low_traffic,0,0,65535_65535,0,2,212030,141,1,1,1,19,141,28,1,1,allocated
148,699,low_traffic,0,0,65535_65535,0,1,268930,108,0,1,0,18,0,24,1,1,pre_allocation
148,699,low_traffic,0,0,65535_65535,0,1,268930,114,1,1,1,19,114,24,1,1,allocated
148,699,low_traffic,0,0,65535_65535,0,2,212030,141,0,1,0,19,0,28,1,1,pre_allocation
148,699,low_traffic,0,0,65535_65535,0,2,212030,148,1,1,1,20,148,28,1,1,allocated
148,699,low_traffic,0,0,65535_65535,0,1,268930,114,0,1,0,19,0,24,1,1,pre_allocation
148,699,low_traffic,0,0,65535_65535,0,1,268930,120,1,1,1,20,120,24,1,1,allocated
148,699,low_traffic,0,0,65535_65535,0,2,212030,148,0,1,0,20,0,28,1,1,pre_allocation
148,699,low_traffic,0,0,65535_65535,0,2,212030,156,1,1,1,21,156,28,1,1,allocated
148,699,low_traffic,0,0,65535_65535,0,1,268930,120,0,1,0,20,0,24,1,1,pre_allocation
148,699,low_traffic,0,0,65535_65535,0,1,268930,126,1,1,1,21,126,24,1,1,allocated
148,699,low_traffic,0,0,65535_65535,0,2,212030,156,0,1,0,21,0,28,1,1,pre_allocation
148,699,low_traffic,0,0,65535_65535,0,2,212030,163,1,1,1,22,163,28,1,1,allocated
148,699,low_traffic,0,0,65535_65535,0,1,268930,126,0,1,0,21,0,24,1,1,pre_allocation
148,699,low_traffic,0,0,65535_65535,0,1,268930,133,1,1,1,22,133,24,1,1,allocated
148,699,low_traffic,0,0,65535_65535,0,2,212030,163,0,1,0,22,0,28,1,1,pre_allocation
148,699,low_traffic,0,0,65535_65535,0,2,212030,171,1,1,1,23,171,28,1,1,allocated
148,699,low_traffic,0,0,65535_65535,0,1,268930,133,0,1,0,22,0,24,1,1,pre_allocation
148,699,low_traffic,0,0,65535_65535,0,1,268930,139,1,1,1,23,139,24,1,1,allocated
148,699,low_traffic,0,0,65535_65535,0,2,212030,171,0,1,0,23,0,28,1,1,pre_allocation
148,699,low_traffic,0,0,65535_65535,0,2,212030,179,1,1,1,24,179,28,1,1,allocated
148,699,low_traffic,0,0,65535_65535,0,1,268930,139,0,1,0,23,0,24,1,1,pre_allocation
148,699,low_traffic,0,0,65535_65535,0,1,268930,145,1,1,1,24,145,24,1,1,allocated
148,699,low_traffic,0,0,65535_65535,0,2,212030,179,0,1,0,24,0,28,1,1,pre_allocation
148,699,low_traffic,0,0,65535_65535,0,2,212030,186,1,1,1,25,186,28,1,1,allocated
148,699,low_traffic,0,0,65535_65535,0,1,268930,145,0,1,0,24,0,24,1,1,pre_allocation
148,699,low_traffic,0,0,65535_65535,0,1,268930,151,1,1,1,25,151,24,1,1,allocated
148,699,low_traffic,0,0,65535_65535,0,2,212030,186,0,1,0,25,0,28,1,1,pre_allocation
148,699,low_traffic,0,0,65535_65535,0,2,212030,194,1,1,1,26,194,28,1,1,allocated
148,699,low_traffic,0,0,65535_65535,0,1,268930,151,0,1,0,25,0,24,1,1,pre_allocation
148,699,low_traffic,0,0,65535_65535,0,1,268930,157,1,1,1,26,157,24,1,1,allocated
148,699,low_traffic,0,0,65535_65535,0,2,212030,194,0,1,0,26,0,28,1,1,pre_allocation
148,699,low_traffic,0,0,65535_65535,0,2,212030,201,1,1,1,27,201,28,1,1,allocated
148,699,low_traffic,0,0,65535_65535,0,1,268930,157,0,1,0,26,0,24,1,1,pre_allocation
148,699,low_traffic,0,0,65535_65535,0,1,268930,164,1,1,1,27,164,24,1,1,allocated
148,699,low_traffic,0,0,65535_65535,0,2,212030,201,0,1,0,27,0,28,1,1,pre_allocation
148,699,low_traffic,0,0,65535_65535,0,2,212030,209,1,1,1,28,209,28,1,1,allocated
148,699,low_traffic,0,0,65535_65535,0,1,268930,164,0,1,0,27,0,24,1,1,pre_allocation
148,699,low_traffic,0,0,65535_65535,0,1,268930,170,1,1,1,28,170,24,1,1,allocated
148,699,low_traffic,0,0,65535_65535,0,2,212030,209,0,1,0,28,0,28,1,1,pre_allocation
148,699,low_traffic,0,0,65535_65535,0,2,212030,217,1,1,1,29,217,28,1,1,allocated
148,699,low_traffic,0,0,65535_65535,0,1,268930,170,0,1,0,28,0,24,1,1,pre_allocation
148,699,low_traffic,0,0,65535_65535,0,1,268930,176,1,1,1,29,176,24,1,1,allocated
148,699,low_traffic,0,0,65535_65535,1,4,251,0,0,1,0,0,0,28,1,1,pre_allocation
148,699,low_traffic,0,0,65535_65535,1,4,251,4,1,1,1,1,4,28,1,1,allocated
148,699,low_traffic,0,0,65535_65535,1,3,251,0,0,1,0,0,0,28,1,1,pre_allocation
148,699,low_traffic,0,0,65535_65535,1,3,251,4,1,1,1,1,4,28,1,1,allocated
148,699,low_traffic,0,0,65535_65535,1,4,251,4,0,1,0,1,0,28,1,1,pre_allocation
148,699,low_traffic,0,0,65535_65535,1,4,251,12,1,1,1,2,12,28,1,1,allocated
148,699,low_traffic,0,0,65535_65535,1,3,251,4,0,1,0,1,0,28,1,1,pre_allocation
148,699,low_traffic,0,0,65535_65535,1,3,251,12,1,1,1,2,12,28,1,1,allocated
148,699,low_traffic,0,0,65535_65535,1,4,251,12,0,1,0,2,0,28,1,1,pre_allocation
148,699,low_traffic,0,0,65535_65535,1,4,251,19,1,1,1,3,19,28,1,1,allocated
148,699,low_traffic,0,0,65535_65535,1,3,251,12,0,1,0,2,0,28,1,1,pre_allocation
148,699,low_traffic,0,0,65535_65535,1,3,251,19,1,1,1,3,19,28,1,1,allocated
148,699,low_traffic,0,0,65535_65535,1,4,251,19,0,1,0,3,0,28,1,1,pre_allocation
148,699,low_traffic,0,0,65535_65535,1,4,251,27,1,1,1,4,27,28,1,1,allocated
148,699,low_traffic,0,0,65535_65535,1,3,251,19,0,1,0,3,0,28,1,1,pre_allocation
148,699,low_traffic,0,0,65535_65535,1,3,251,27,1,1,1,4,27,28,1,1,allocated
148,699,low_traffic,0,0,65535_65535,1,4,251,27,0,1,0,4,0,28,1,1,pre_allocation
148,699,low_traffic,0,0,65535_65535,1,4,251,34,1,1,1,5,34,28,1,1,allocated
148,699,low_traffic,0,0,65535_65535,1,3,251,27,0,1,0,4,0,28,1,1,pre_allocation
148,699,low_traffic,0,0,65535_65535,1,3,251,34,1,1,1,5,34,28,1,1,allocated
148,699,low_traffic,0,0,65535_65535,1,4,251,34,0,1,0,5,0,28,1,1,pre_allocation
148,699,low_traffic,0,0,65535_65535,1,4,251,42,1,1,1,6,42,28,1,1,allocated
148,699,low_traffic,0,0,65535_65535,1,3,251,34,0,1,0,5,0,28,1,1,pre_allocation
148,699,low_traffic,0,0,65535_65535,1,3,251,42,1,1,1,6,42,28,1,1,allocated
148,699,low_traffic,0,0,65535_65535,1,4,251,42,0,1,0,6,0,28,1,1,pre_allocation
148,699,low_traffic,0,0,65535_65535,1,4,251,50,1,1,1,7,50,28,1,1,allocated
148,699,low_traffic,0,0,65535_65535,1,3,251,42,0,1,0,6,0,28,1,1,pre_allocation
148,699,low_traffic,0,0,65535_65535,1,3,251,50,1,1,1,7,50,28,1,1,allocated
148,699,low_traffic,0,0,65535_65535,1,4,251,50,0,1,0,7,0,28,1,1,pre_allocation
148,699,low_traffic,0,0,65535_65535,1,4,251,57,1,1,1,8,57,28,1,1,allocated
148,699,low_traffic,0,0,65535_65535,1,3,251,50,0,1,0,7,0,28,1,1,pre_allocation
148,699,low_traffic,0,0,65535_65535,1,3,251,57,1,1,1,8,57,28,1,1,allocated
148,699,low_traffic,0,0,65535_65535,1,4,251,57,0,1,0,8,0,28,1,1,pre_allocation
148,699,low_traffic,0,0,65535_65535,1,4,251,65,1,1,1,9,65,28,1,1,allocated
148,699,low_traffic,0,0,65535_65535,1,3,251,57,0,1,0,8,0,28,1,1,pre_allocation
148,699,low_traffic,0,0,65535_65535,1,3,251,65,1,1,1,9,65,28,1,1,allocated
148,699,low_traffic,0,0,65535_65535,1,4,251,65,0,1,0,9,0,28,1,1,pre_allocation
148,699,low_traffic,0,0,65535_65535,1,4,251,72,1,1,1,10,72,28,1,1,allocated
148,699,low_traffic,0,0,65535_65535,1,3,251,65,0,1,0,9,0,28,1,1,pre_allocation
148,699,low_traffic,0,0,65535_65535,1,3,251,72,1,1,1,10,72,28,1,1,allocated
148,699,low_traffic,0,0,65535_65535,1,4,251,72,0,1,0,10,0,28,1,1,pre_allocation
148,699,low_traffic,0,0,65535_65535,1,4,251,80,1,1,1,11,80,28,1,1,allocated
148,699,low_traffic,0,0,65535_65535,1,3,251,72,0,1,0,10,0,28,1,1,pre_allocation
148,699,low_traffic,0,0,65535_65535,1,3,251,80,1,1,1,11,80,28,1,1,allocated
148,699,low_traffic,0,0,65535_65535,1,4,251,80,0,1,0,11,0,28,1,1,pre_allocation
148,699,low_traffic,0,0,65535_65535,1,4,251,88,1,1,1,12,88,28,1,1,allocated
148,699,low_traffic,0,0,65535_65535,1,3,251,80,0,1,0,11,0,28,1,1,pre_allocation
148,699,low_traffic,0,0,65535_65535,1,3,251,88,1,1,1,12,88,28,1,1,allocated
148,699,low_traffic,0,0,65535_65535,1,4,251,88,0,1,0,12,0,28,1,1,pre_allocation
148,699,low_traffic,0,0,65535_65535,1,4,251,95,1,1,1,13,95,28,1,1,allocated
148,699,low_traffic,0,0,65535_65535,1,3,251,88,0,1,0,12,0,28,1,1,pre_allocation
148,699,low_traffic,0,0,65535_65535,1,3,251,95,1,1,1,13,95,28,1,1,allocated
148,699,low_traffic,0,0,65535_65535,1,4,251,95,0,1,0,13,0,28,1,1,pre_allocation
148,699,low_traffic,0,0,65535_65535,1,4,251,103,1,1,1,14,103,28,1,1,allocated
148,699,low_traffic,0,0,65535_65535,1,3,251,95,0,1,0,13,0,28,1,1,pre_allocation
148,699,low_traffic,0,0,65535_65535,1,3,251,103,1,1,1,14,103,28,1,1,allocated
148,699,low_traffic,0,0,65535_65535,1,4,251,103,0,1,0,14,0,28,1,1,pre_allocation
148,699,low_traffic,0,0,65535_65535,1,4,251,110,1,1,1,15,110,28,1,1,allocated
148,699,low_traffic,0,0,65535_65535,1,3,251,103,0,1,0,14,0,28,1,1,pre_allocation
148,699,low_traffic,0,0,65535_65535,1,3,251,110,1,1,1,15,110,28,1,1,allocated
148,699,low_traffic,0,0,65535_65535,1,4,251,110,0,1,0,15,0,28,1,1,pre_allocation
148,699,low_traffic,0,0,65535_65535,1,4,251,118,1,1,1,16,118,28,1,1,allocated
148,699,low_traffic,0,0,65535_65535,1,3,251,110,0,1,0,15,0,28,1,1,pre_allocation
148,699,low_traffic,0,0,65535_65535,1,3,251,118,1,1,1,16,118,28,1,1,allocated
148,699,low_traffic,0,0,65535_65535,1,4,251,118,0,1,0,16,0,28,1,1,pre_allocation
148,699,low_traffic,0,0,65535_65535,1,4,251,126,1,1,1,17,126,28,1,1,allocated
148,699,low_traffic,0,0,65535_65535,1,3,251,118,0,1,0,16,0,28,1,1,pre_allocation
148,699,low_traffic,0,0,65535_65535,1,3,251,126,1,1,1,17,126,28,1,1,allocated
148,699,low_traffic,0,0,65535_65535,1,4,251,126,0,1,0,17,0,28,1,1,pre_allocation
148,699,low_traffic,0,0,65535_65535,1,4,251,133,1,1,1,18,133,28,1,1,allocated
148,699,low_traffic,0,0,65535_65535,1,3,251,126,0,1,0,17,0,28,1,1,pre_allocation
148,699,low_traffic,0,0,65535_65535,1,3,251,133,1,1,1,18,133,28,1,1,allocated
148,699,low_traffic,0,0,65535_65535,1,4,251,133,0,1,0,18,0,28,1,1,pre_allocation
148,699,low_traffic,0,0,65535_65535,1,4,251,141,1,1,1,19,141,28,1,1,allocated
148,699,low_traffic,0,0,65535_65535,1,3,251,133,0,1,0,18,0,28,1,1,pre_allocation
148,699,low_traffic,0,0,65535_65535,1,3,251,141,1,1,1,19,141,28,1,1,allocated
148,699,low_traffic,0,0,65535_65535,1,4,251,141,0,1,0,19,0,28,1,1,pre_allocation
148,699,low_traffic,0,0,65535_65535,1,4,251,148,1,1,1,20,148,28,1,1,allocated
148,699,low_traffic,0,0,65535_65535,1,3,251,141,0,1,0,19,0,28,1,1,pre_allocation
148,699,low_traffic,0,0,65535_65535,1,3,251,148,1,1,1,20,148,28,1,1,allocated
148,699,low_traffic,0,0,65535_65535,1,4,251,148,0,1,0,20,0,28,1,1,pre_allocation
148,699,low_traffic,0,0,65535_65535,1,4,251,156,1,1,1,21,156,28,1,1,allocated
148,699,low_traffic,0,0,65535_65535,1,3,251,148,0,1,0,20,0,28,1,1,pre_allocation
148,699,low_traffic,0,0,65535_65535,1,3,251,156,1,1,1,21,156,28,1,1,allocated
148,699,low_traffic,0,0,65535_65535,1,4,251,156,0,1,0,21,0,28,1,1,pre_allocation
148,699,low_traffic,0,0,65535_65535,1,4,251,163,1,1,1,22,163,28,1,1,allocated
148,699,low_traffic,0,0,65535_65535,1,3,251,156,0,1,0,21,0,28,1,1,pre_allocation
148,699,low_traffic,0,0,65535_65535,1,3,251,163,1,1,1,22,163,28,1,1,allocated
148,699,low_traffic,0,0,65535_65535,1,4,251,163,0,1,0,22,0,28,1,1,pre_allocation
148,699,low_traffic,0,0,65535_65535,1,4,251,171,1,1,1,23,171,28,1,1,allocated
148,699,low_traffic,0,0,65535_65535,1,3,251,163,0,1,0,22,0,28,1,1,pre_allocation
148,699,low_traffic,0,0,65535_65535,1,3,251,171,1,1,1,23,171,28,1,1,allocated
148,699,low_traffic,0,0,65535_65535,1,4,251,171,0,1,0,23,0,28,1,1,pre_allocation
148,699,low_traffic,0,0,65535_65535,1,4,251,179,1,1,1,24,179,28,1,1,allocated
148,699,low_traffic,0,0,65535_65535,1,3,251,171,0,1,0,23,0,28,1,1,pre_allocation
148,699,low_traffic,0,0,65535_65535,1,3,251,179,1,1,1,24,179,28,1,1,allocated
148,699,low_traffic,0,0,65535_65535,1,4,251,179,0,1,0,24,0,28,1,1,pre_allocation
148,699,low_traffic,0,0,65535_65535,1,4,251,186,1,1,1,25,186,28,1,1,allocated
148,699,low_traffic,0,0,65535_65535,1,3,251,179,0,1,0,24,0,28,1,1,pre_allocation
148,699,low_traffic,0,0,65535_65535,1,3,251,186,1,1,1,25,186,28,1,1,allocated
148,699,low_traffic,0,0,65535_65535,1,4,251,186,0,1,0,25,0,28,1,1,pre_allocation
148,699,low_traffic,0,0,65535_65535,1,4,251,194,1,1,1,26,194,28,1,1,allocated
148,699,low_traffic,0,0,65535_65535,1,3,251,186,0,1,0,25,0,28,1,1,pre_allocation
148,699,low_traffic,0,0,65535_65535,1,3,251,194,1,1,1,26,194,28,1,1,allocated
148,699,low_traffic,0,0,65535_65535,1,4,251,194,0,1,0,26,0,28,1,1,pre_allocation
148,699,low_traffic,0,0,65535_65535,1,4,251,201,1,1,1,27,201,28,1,1,allocated
148,699,low_traffic,0,0,65535_65535,1,3,251,194,0,1,0,26,0,28,1,1,pre_allocation
148,699,low_traffic,0,0,65535_65535,1,3,251,201,1,1,1,27,201,28,1,1,allocated
148,699,low_traffic,0,0,65535_65535,1,4,251,201,0,1,0,27,0,28,1,1,pre_allocation
148,699,low_traffic,0,0,65535_65535,1,4,251,209,1,1,1,28,209,28,1,1,allocated
148,699,low_traffic,0,0,65535_65535,1,3,251,201,0,1,0,27,0,28,1,1,pre_allocation
148,699,low_traffic,0,0,65535_65535,1,3,251,209,1,1,1,28,209,28,1,1,allocated
148,699,low_traffic,0,0,65535_65535,1,4,251,209,0,1,0,28,0,28,1,1,pre_allocation
148,699,low_traffic,0,0,65535_65535,1,4,251,217,1,1,1,29,217,28,1,1,allocated
148,699,low_traffic,0,0,65535_65535,1,3,251,209,0,1,0,28,0,28,1,1,pre_allocation
148,699,low_traffic,0,0,65535_65535,1,3,251,217,1,1,1,29,217,28,1,1,allocated
148,699,low_traffic,0,0,65535_65535,1,4,251,217,0,1,0,29,0,28,1,1,pre_allocation
148,699,low_traffic,0,0,65535_65535,1,4,251,224,1,1,1,30,224,28,1,1,allocated
148,699,low_traffic,0,0,65535_65535,1,3,251,217,0,1,0,29,0,28,1,1,pre_allocation
148,699,low_traffic,0,0,65535_65535,1,3,251,224,1,1,1,30,224,28,1,1,allocated
148,699,low_traffic,0,0,65535_65535,1,4,251,224,0,1,0,30,0,28,1,1,pre_allocation
148,699,low_traffic,0,0,65535_65535,1,4,251,232,1,1,1,31,232,28,1,1,allocated
148,699,low_traffic,0,0,65535_65535,1,3,251,224,0,1,0,30,0,28,1,1,pre_allocation
148,699,low_traffic,0,0,65535_65535,1,3,251,232,1,1,1,31,232,28,1,1,allocated
148,699,low_traffic,0,0,65535_65535,1,4,251,232,0,1,0,31,0,28,1,1,pre_allocation
148,699,low_traffic,0,0,65535_65535,1,4,251,239,1,1,1,32,239,28,1,1,allocated
148,699,low_traffic,0,0,65535_65535,1,3,251,232,0,1,0,31,0,28,1,1,pre_allocation
148,699,low_traffic,0,0,65535_65535,1,3,251,239,1,1,1,32,239,28,1,1,allocated
148,699,low_traffic,0,0,65535_65535,1,4,251,239,0,1,0,32,0,28,1,1,pre_allocation
148,699,low_traffic,0,0,65535_65535,1,4,251,247,1,1,1,33,247,28,1,1,allocated
148,699,low_traffic,0,0,65535_65535,1,3,251,239,0,1,0,32,0,28,1,1,pre_allocation
148,699,low_traffic,0,0,65535_65535,1,3,251,247,1,1,1,33,247,28,1,1,allocated
148,699,low_traffic,0,0,65535_65535,1,4,251,247,0,1,0,33,0,28,1,1,pre_allocation
148,699,low_traffic,0,0,65535_65535,1,4,251,255,1,1,1,34,255,28,1,1,allocated
148,699,low_traffic,0,0,65535_65535,1,3,251,247,0,1,0,33,0,28,1,1,pre_allocation
148,699,low_traffic,0,0,65535_65535,1,3,251,255,1,1,1,34,255,28,1,1,allocated
148,699,low_traffic,0,0,65535_65535,1,4,251,255,0,1,0,34,0,28,1,1,pre_allocation
148,699,low_traffic,0,0,65535_65535,1,4,251,262,1,1,1,35,262,28,1,1,allocated
148,699,low_traffic,0,0,65535_65535,1,3,251,255,0,1,0,34,0,28,1,1,pre_allocation
148,699,low_traffic,0,0,65535_65535,1,3,251,262,1,1,1,35,262,28,1,1,allocated
148,699,low_traffic,0,0,65535_65535,1,4,251,262,0,1,0,35,0,28,1,1,pre_allocation
148,699,low_traffic,0,0,65535_65535,1,4,251,270,1,1,1,36,270,28,1,1,allocated
148,699,low_traffic,0,0,65535_65535,1,3,251,262,0,1,0,35,0,28,1,1,pre_allocation
148,699,low_traffic,0,0,65535_65535,1,3,251,270,1,1,1,36,270,28,1,1,allocated
148,699,low_traffic,0,0,65535_65535,1,4,251,270,0,1,0,36,0,28,1,1,pre_allocation
148,699,low_traffic,0,0,65535_65535,1,4,251,277,1,1,1,37,277,28,1,1,allocated
148,699,low_traffic,0,0,65535_65535,1,3,251,270,0,1,0,36,0,28,1,1,pre_allocation
148,699,low_traffic,0,0,65535_65535,1,3,251,277,1,1,1,37,277,28,1,1,allocated
148,699,low_traffic,0,0,65535_65535,1,4,251,277,0,1,0,37,0,28,1,1,pre_allocation
148,699,low_traffic,0,0,65535_65535,1,4,251,285,1,1,1,38,285,28,1,1,allocated
148,699,low_traffic,0,0,65535_65535,1,3,251,277,0,1,0,37,0,28,1,1,pre_allocation
148,699,low_traffic,0,0,65535_65535,1,3,251,285,1,1,1,38,285,28,1,1,allocated
148,699,low_traffic,0,0,65535_65535,1,4,251,285,0,1,0,38,0,28,1,1,pre_allocation
148,699,low_traffic,0,0,65535_65535,1,4,251,293,1,1,1,39,293,28,1,1,allocated
148,699,low_traffic,0,0,65535_65535,1,3,251,285,0,1,0,38,0,28,1,1,pre_allocation
148,699,low_traffic,0,0,65535_65535,1,3,251,293,1,1,1,39,293,28,1,1,allocated
148,699,low_traffic,0,0,65535_65535,1,4,251,293,0,1,0,39,0,28,1,1,pre_allocation
148,699,low_traffic,0,0,65535_65535,1,4,251,300,1,1,1,40,300,28,1,1,allocated
148,699,low_traffic,0,0,65535_65535,1,3,251,293,0,1,0,39,0,28,1,1,pre_allocation
148,699,low_traffic,0,0,65535_65535,1,3,251,300,1,1,1,40,300,28,1,1,allocated
148,699,low_traffic,0,0,65535_65535,1,4,251,300,0,1,0,40,0,28,1,1,pre_allocation
148,699,low_traffic,0,0,65535_65535,1,4,251,308,1,1,1,41,308,28,1,1,allocated
148,699,low_traffic,0,0,65535_65535,1,3,251,300,0,1,0,40,0,28,1,1,pre_allocation
148,699,low_traffic,0,0,65535_65535,1,3,251,308,1,1,1,41,308,28,1,1,allocated
148,699,low_traffic,0,0,65535_65535,1,4,251,308,0,1,0,41,0,28,1,1,pre_allocation
148,699,low_traffic,0,0,65535_65535,1,4,251,315,1,1,1,42,315,28,1,1,allocated
148,699,low_traffic,0,0,65535_65535,1,3,251,308,0,1,0,41,0,28,1,1,pre_allocation
148,699,low_traffic,0,0,65535_65535,1,3,251,315,1,1,1,42,315,28,1,1,allocated
148,699,low_traffic,0,0,65535_65535,1,4,251,315,0,1,0,42,0,28,1,1,pre_allocation
148,699,low_traffic,0,0,65535_65535,1,4,251,323,1,1,1,43,323,28,1,1,allocated
148,699,low_traffic,0,0,65535_65535,1,3,251,315,0,1,0,42,0,28,1,1,pre_allocation
148,699,low_traffic,0,0,65535_65535,1,3,251,323,1,1,1,43,323,28,1,1,allocated
148,699,low_traffic,0,0,65535_65535,1,4,251,323,0,1,0,43,0,28,1,1,pre_allocation
148,699,low_traffic,0,0,65535_65535,1,4,251,330,1,1,1,44,330,28,1,1,allocated
148,699,low_traffic,0,0,65535_65535,1,3,251,323,0,1,0,43,0,28,1,1,pre_allocation
148,699,low_traffic,0,0,65535_65535,1,3,251,330,1,1,1,44,330,28,1,1,allocated
148,699,low_traffic,0,0,65535_65535,1,4,251,330,0,1,0,44,0,28,1,1,pre_allocation
148,699,low_traffic,0,0,65535_65535,1,4,251,338,1,1,1,45,338,28,1,1,allocated
148,699,low_traffic,0,0,65535_65535,1,3,251,330,0,1,0,44,0,28,1,1,pre_allocation
148,699,low_traffic,0,0,65535_65535,1,3,251,338,1,1,1,45,338,28,1,1,allocated
148,699,low_traffic,0,0,65535_65535,1,4,251,338,0,1,0,45,0,28,1,1,pre_allocation
148,699,low_traffic,0,0,65535_65535,1,4,251,346,1,1,1,46,346,28,1,1,allocated
148,699,low_traffic,0,0,65535_65535,1,3,251,338,0,1,0,45,0,28,1,1,pre_allocation
148,699,low_traffic,0,0,65535_65535,1,3,251,346,1,1,1,46,346,28,1,1,allocated
148,699,low_traffic,0,0,65535_65535,1,4,251,346,0,1,0,46,0,28,1,1,pre_allocation
148,699,low_traffic,0,0,65535_65535,1,4,251,353,1,1,1,47,353,28,1,1,allocated
148,699,low_traffic,0,0,65535_65535,1,3,251,346,0,1,0,46,0,28,1,1,pre_allocation
148,699,low_traffic,0,0,65535_65535,1,3,251,353,1,1,1,47,353,28,1,1,allocated
148,699,low_traffic,0,0,65535_65535,1,4,251,353,0,1,0,47,0,28,1,1,pre_allocation
148,699,low_traffic,0,0,65535_65535,1,4,251,361,1,1,1,48,361,28,1,1,allocated
148,699,low_traffic,0,0,65535_65535,1,3,251,353,0,1,0,47,0,28,1,1,pre_allocation
148,699,low_traffic,0,0,65535_65535,1,3,251,361,1,1,1,48,361,28,1,1,allocated
148,699,low_traffic,0,0,65535_65535,1,4,251,361,0,1,0,48,0,28,1,1,pre_allocation
148,699,low_traffic,0,0,65535_65535,1,4,251,368,1,1,1,49,368,28,1,1,allocated
148,699,low_traffic,0,0,65535_65535,1,3,251,361,0,1,0,48,0,28,1,1,pre_allocation
148,699,low_traffic,0,0,65535_65535,1,3,251,368,1,1,1,49,368,28,1,1,allocated
148,699,low_traffic,0,0,65535_65535,1,4,251,368,0,1,0,49,0,28,1,1,pre_allocation
148,699,low_traffic,0,0,65535_65535,1,4,251,376,1,1,1,50,376,28,1,1,allocated
148,699,low_traffic,0,0,65535_65535,1,3,251,368,0,1,0,49,0,28,1,1,pre_allocation
148,699,low_traffic,0,0,65535_65535,1,3,251,376,1,1,1,50,376,28,1,1,allocated
148,699,low_traffic,0,0,65535_65535,1,4,251,376,0,1,0,50,0,28,1,1,pre_allocation
148,699,low_traffic,0,0,65535_65535,1,4,251,384,1,1,1,51,384,28,1,1,allocated
148,699,low_traffic,0,0,65535_65535,1,3,251,376,0,1,0,50,0,28,1,1,pre_allocation
148,699,low_traffic,0,0,65535_65535,1,3,251,384,1,1,1,51,384,28,1,1,allocated
148,699,low_traffic,0,0,65535_65535,1,4,251,384,0,1,0,51,0,28,1,1,pre_allocation
148,699,low_traffic,0,0,65535_65535,1,4,251,391,1,1,1,52,391,28,1,1,allocated
148,699,low_traffic,0,0,65535_65535,1,3,251,384,0,1,0,51,0,28,1,1,pre_allocation
148,699,low_traffic,0,0,65535_65535,1,3,251,391,1,1,1,52,391,28,1,1,allocated
148,699,low_traffic,0,0,65535_65535,1,4,251,391,0,1,0,52,0,28,1,1,pre_allocation
148,699,low_traffic,0,0,65535_65535,1,4,251,399,1,1,1,53,399,28,1,1,allocated
148,699,low_traffic,0,0,65535_65535,1,3,251,391,0,1,0,52,0,28,1,1,pre_allocation
148,699,low_traffic,0,0,65535_65535,1,3,251,399,1,1,1,53,399,28,1,1,allocated
148,699,low_traffic,0,0,65535_65535,1,4,251,399,0,1,0,53,0,28,1,1,pre_allocation
148,699,low_traffic,0,0,65535_65535,1,4,251,406,1,1,1,54,406,28,1,1,allocated
148,699,low_traffic,0,0,65535_65535,1,3,251,399,0,1,0,53,0,28,1,1,pre_allocation
148,699,low_traffic,0,0,65535_65535,1,3,251,406,1,1,1,54,406,28,1,1,allocated
148,699,low_traffic,0,0,65535_65535,1,4,251,406,0,1,0,54,0,28,1,1,pre_allocation
148,699,low_traffic,0,0,65535_65535,1,4,251,414,1,1,1,55,414,28,1,1,allocated
148,699,low_traffic,0,0,65535_65535,1,3,251,406,0,1,0,54,0,28,1,1,pre_allocation
148,699,low_traffic,0,0,65535_65535,1,3,251,414,1,1,1,55,414,28,1,1,allocated
148,699,low_traffic,0,0,65535_65535,1,4,251,414,0,1,0,55,0,28,1,1,pre_allocation
148,699,low_traffic,0,0,65535_65535,1,4,251,422,1,1,1,56,422,28,1,1,allocated
148,699,low_traffic,0,0,65535_65535,1,3,251,414,0,1,0,55,0,28,1,1,pre_allocation
148,699,low_traffic,0,0,65535_65535,1,3,251,422,1,1,1,56,422,28,1,1,allocated
148,699,low_traffic,0,0,65535_65535,1,4,251,422,0,1,0,56,0,28,1,1,pre_allocation
148,699,low_traffic,0,0,65535_65535,1,4,251,429,1,1,1,57,429,28,1,1,allocated
148,699,low_traffic,0,0,65535_65535,1,3,251,422,0,1,0,56,0,28,1,1,pre_allocation
148,699,low_traffic,0,0,65535_65535,1,3,251,429,1,1,1,57,429,28,1,1,allocated
148,699,low_traffic,0,0,65535_65535,1,4,251,429,0,1,0,57,0,28,1,1,pre_allocation
148,699,low_traffic,0,0,65535_65535,1,4,251,437,1,1,1,58,437,28,1,1,allocated
148,699,low_traffic,0,0,65535_65535,1,3,251,429,0,1,0,57,0,28,1,1,pre_allocation
148,699,low_traffic,0,0,65535_65535,1,3,251,437,1,1,1,58,437,28,1,1,allocated
148,699,low_traffic,0,0,65535_65535,1,4,251,437,0,1,0,58,0,28,1,1,pre_allocation
148,699,low_traffic,0,0,65535_65535,1,4,251,444,1,1,1,59,444,28,1,1,allocated
148,699,low_traffic,0,0,65535_65535,1,3,251,437,0,1,0,58,0,28,1,1,pre_allocation
148,699,low_traffic,0,0,65535_65535,1,3,251,444,1,1,1,59,444,28,1,1,allocated
148,699,low_traffic,0,0,65535_65535,1,4,251,444,0,1,0,59,0,28,1,1,pre_allocation
148,699,low_traffic,0,0,65535_65535,1,4,251,452,1,1,1,60,452,28,1,1,allocated
148,699,low_traffic,0,0,65535_65535,1,3,251,444,0,1,0,59,0,28,1,1,pre_allocation
148,699,low_traffic,0,0,65535_65535,1,3,251,452,1,1,1,60,452,28,1,1,allocated
148,699,low_traffic,0,0,65535_65535,1,4,251,452,0,1,0,60,0,28,1,1,pre_allocation
148,699,low_traffic,0,0,65535_65535,1,4,251,459,1,1,1,61,459,28,1,1,allocated
148,699,low_traffic,0,0,65535_65535,1,3,251,452,0,1,0,60,0,28,1,1,pre_allocation
148,699,low_traffic,0,0,65535_65535,1,3,251,459,1,1,1,61,459,28,1,1,allocated
148,699,low_traffic,0,0,65535_65535,1,4,251,459,0,1,0,61,0,28,1,1,pre_allocation
148,699,low_traffic,0,0,65535_65535,1,4,251,467,1,1,1,62,467,28,1,1,allocated
148,699,low_traffic,0,0,65535_65535,1,3,251,459,0,1,0,61,0,28,1,1,pre_allocation
148,699,low_traffic,0,0,65535_65535,1,3,251,467,1,1,1,62,467,28,1,1,allocated
148,699,low_traffic,0,0,65535_65535,1,4,251,467,0,1,0,62,0,28,1,1,pre_allocation
148,699,low_traffic,0,0,65535_65535,1,4,251,475,1,1,1,63,475,28,1,1,allocated
148,699,low_traffic,0,0,65535_65535,1,3,251,467,0,1,0,62,0,28,1,1,pre_allocation
148,699,low_traffic,0,0,65535_65535,1,3,251,475,1,1,1,63,475,28,1,1,allocated
148,699,low_traffic,0,0,65535_65535,1,4,251,475,0,1,0,63,0,28,1,1,pre_allocation
148,699,low_traffic,0,0,65535_65535,1,4,251,482,1,1,1,64,482,28,1,1,allocated
148,699,low_traffic,0,0,65535_65535,1,3,251,475,0,1,0,63,0,28,1,1,pre_allocation
148,699,low_traffic,0,0,65535_65535,1,3,251,482,1,1,1,64,482,28,1,1,allocated
148,699,low_traffic,0,0,65535_65535,1,4,251,482,0,1,0,64,0,28,1,1,pre_allocation
148,699,low_traffic,0,0,65535_65535,1,4,251,490,1,1,1,65,490,28,1,1,allocated
148,699,low_traffic,0,0,65535_65535,1,3,251,482,0,1,0,64,0,28,1,1,pre_allocation
148,699,low_traffic,0,0,65535_65535,1,3,251,490,1,1,1,65,490,28,1,1,allocated
148,699,low_traffic,0,0,65535_65535,1,4,251,490,0,1,0,65,0,28,1,1,pre_allocation
148,699,low_traffic,0,0,65535_65535,1,4,251,497,1,1,1,66,497,28,1,1,allocated
148,699,low_traffic,0,0,65535_65535,1,3,251,490,0,1,0,65,0,28,1,1,pre_allocation
148,699,low_traffic,0,0,65535_65535,1,3,251,497,1,1,1,66,497,28,1,1,allocated
148,699,low_traffic,0,0,65535_65535,1,4,251,497,0,1,0,66,0,28,1,1,pre_allocation
148,699,low_traffic,0,0,65535_65535,1,4,251,505,1,1,1,67,505,28,1,1,allocated
148,699,low_traffic,0,0,65535_65535,1,3,251,497,0,1,0,66,0,28,1,1,pre_allocation
148,699,low_traffic,0,0,65535_65535,1,3,251,505,1,1,1,67,505,28,1,1,allocated
148,699,low_traffic,0,0,65535_65535,1,4,251,505,0,1,0,67,0,28,1,1,pre_allocation
148,699,low_traffic,0,0,65535_65535,1,4,251,513,1,1,1,68,513,28,1,1,allocated
148,699,low_traffic,0,0,65535_65535,1,3,251,505,0,1,0,67,0,28,1,1,pre_allocation
148,699,low_traffic,0,0,65535_65535,1,3,251,513,1,1,1,68,513,28,1,1,allocated
148,699,low_traffic,0,0,65535_65535,1,4,251,513,0,1,0,68,0,28,1,1,pre_allocation
148,699,low_traffic,0,0,65535_65535,1,4,251,520,1,1,1,69,520,28,1,1,allocated
148,699,low_traffic,0,0,65535_65535,1,3,251,513,0,1,0,68,0,28,1,1,pre_allocation
148,699,low_traffic,0,0,65535_65535,1,3,251,520,1,1,1,69,520,28,1,1,allocated
148,699,low_traffic,0,0,65535_65535,1,4,251,520,0,1,0,69,0,28,1,1,pre_allocation
148,699,low_traffic,0,0,65535_65535,1,4,251,528,1,1,1,70,528,28,1,1,allocated
148,699,low_traffic,0,0,65535_65535,1,3,251,520,0,1,0,69,0,28,1,1,pre_allocation
148,699,low_traffic,0,0,65535_65535,1,3,251,528,1,1,1,70,528,28,1,1,allocated
148,699,low_traffic,0,0,65535_65535,1,4,251,528,0,1,0,70,0,28,1,1,pre_allocation
148,699,low_traffic,0,0,65535_65535,1,4,251,535,1,1,1,71,535,28,1,1,allocated
148,699,low_traffic,0,0,65535_65535,1,3,251,528,0,1,0,70,0,28,1,1,pre_allocation
148,699,low_traffic,0,0,65535_65535,1,3,251,535,1,1,1,71,535,28,1,1,allocated
148,699,low_traffic,0,0,65535_65535,1,4,251,535,0,1,0,71,0,28,1,1,pre_allocation
148,699,low_traffic,0,0,65535_65535,1,4,251,543,1,1,1,72,543,28,1,1,allocated
148,699,low_traffic,0,0,65535_65535,1,3,251,535,0,1,0,71,0,28,1,1,pre_allocation
148,699,low_traffic,0,0,65535_65535,1,3,251,543,1,1,1,72,543,28,1,1,allocated
148,699,low_traffic,0,0,65535_65535,1,4,251,543,0,1,0,72,0,28,1,1,pre_allocation
148,699,low_traffic,0,0,65535_65535,1,4,251,551,1,1,1,73,551,28,1,1,allocated
148,699,low_traffic,0,0,65535_65535,1,3,251,543,0,1,0,72,0,28,1,1,pre_allocation
148,699,low_traffic,0,0,65535_65535,1,3,251,551,1,1,1,73,551,28,1,1,allocated
148,699,low_traffic,0,0,65535_65535,1,4,251,551,0,1,0,73,0,28,1,1,pre_allocation
148,699,low_traffic,0,0,65535_65535,1,4,251,558,1,1,1,74,558,28,1,1,allocated
148,699,low_traffic,0,0,65535_65535,1,3,251,551,0,1,0,73,0,28,1,1,pre_allocation
148,699,low_traffic,0,0,65535_65535,1,3,251,558,1,1,1,74,558,28,1,1,allocated
148,699,low_traffic,0,0,65535_65535,1,4,251,558,0,1,0,74,0,28,1,1,pre_allocation
148,699,low_traffic,0,0,65535_65535,1,4,251,566,1,1,1,75,566,28,1,1,allocated
148,699,low_traffic,0,0,65535_65535,1,3,251,558,0,1,0,74,0,28,1,1,pre_allocation
148,699,low_traffic,0,0,65535_65535,1,3,251,566,1,1,1,75,566,28,1,1,allocated
148,699,low_traffic,0,0,65535_65535,1,4,251,566,0,1,0,75,0,28,1,1,pre_allocation
148,699,low_traffic,0,0,65535_65535,1,4,251,573,1,1,1,76,573,28,1,1,allocated
148,699,low_traffic,0,0,65535_65535,1,3,251,566,0,1,0,75,0,28,1,1,pre_allocation
148,699,low_traffic,0,0,65535_65535,1,3,251,573,1,1,1,76,573,28,1,1,allocated
148,699,low_traffic,0,0,65535_65535,1,4,251,573,0,1,0,76,0,28,1,1,pre_allocation
148,699,low_traffic,0,0,65535_65535,1,4,251,581,1,1,1,77,581,28,1,1,allocated
148,699,low_traffic,0,0,65535_65535,1,3,251,573,0,1,0,76,0,28,1,1,pre_allocation
148,699,low_traffic,0,0,65535_65535,1,3,251,581,1,1,1,77,581,28,1,1,allocated
148,699,low_traffic,0,0,65535_65535,1,4,251,581,0,1,0,77,0,28,1,1,pre_allocation
148,699,low_traffic,0,0,65535_65535,1,4,251,589,1,1,1,78,589,28,1,1,allocated
148,699,low_traffic,0,0,65535_65535,1,3,251,581,0,1,0,77,0,28,1,1,pre_allocation
148,699,low_traffic,0,0,65535_65535,1,3,251,589,1,1,1,78,589,28,1,1,allocated
148,699,low_traffic,0,0,65535_65535,1,4,251,589,0,1,0,78,0,28,1,1,pre_allocation
148,699,low_traffic,0,0,65535_65535,1,4,251,596,1,1,1,79,596,28,1,1,allocated
148,699,low_traffic,0,0,65535_65535,1,3,251,589,0,1,0,78,0,28,1,1,pre_allocation
148,699,low_traffic,0,0,65535_65535,1,3,251,596,1,1,1,79,596,28,1,1,allocated
148,699,low_traffic,0,0,65535_65535,1,4,251,596,0,1,0,79,0,28,1,1,pre_allocation
148,699,low_traffic,0,0,65535_65535,1,4,251,604,1,1,1,80,604,28,1,1,allocated
148,699,low_traffic,0,0,65535_65535,1,3,251,596,0,1,0,79,0,28,1,1,pre_allocation
148,699,low_traffic,0,0,65535_65535,1,3,251,604,1,1,1,80,604,28,1,1,allocated
148,699,low_traffic,0,0,65535_65535,1,4,251,604,0,1,0,80,0,28,1,1,pre_allocation
148,699,low_traffic,0,0,65535_65535,1,4,251,611,1,1,1,81,611,28,1,1,allocated
148,699,low_traffic,0,0,65535_65535,1,3,251,604,0,1,0,80,0,28,1,1,pre_allocation
148,699,low_traffic,0,0,65535_65535,1,3,251,611,1,1,1,81,611,28,1,1,allocated
148,699,low_traffic,0,0,65535_65535,1,4,251,611,0,1,0,81,0,28,1,1,pre_allocation
148,699,low_traffic,0,0,65535_65535,1,4,251,619,1,1,1,82,619,28,1,1,allocated
148,699,low_traffic,0,0,65535_65535,1,3,251,611,0,1,0,81,0,28,1,1,pre_allocation
148,699,low_traffic,0,0,65535_65535,1,3,251,619,1,1,1,82,619,28,1,1,allocated
148,699,low_traffic,0,0,65535_65535,1,4,251,619,0,1,0,82,0,28,1,1,pre_allocation
148,699,low_traffic,0,0,65535_65535,1,4,251,626,1,1,1,83,626,28,1,1,allocated
148,699,low_traffic,0,0,65535_65535,1,3,251,619,0,1,0,82,0,28,1,1,pre_allocation
148,699,low_traffic,0,0,65535_65535,1,3,251,626,1,1,1,83,626,28,1,1,allocated
148,699,low_traffic,0,0,65535_65535,1,4,251,626,0,1,0,83,0,28,1,1,pre_allocation
148,699,low_traffic,0,0,65535_65535,1,4,251,634,1,1,1,84,634,28,1,1,allocated
148,699,low_traffic,0,0,65535_65535,1,3,251,626,0,1,0,83,0,28,1,1,pre_allocation
148,699,low_traffic,0,0,65535_65535,1,3,251,634,1,1,1,84,634,28,1,1,allocated
148,699,low_traffic,0,0,65535_65535,1,4,251,634,0,1,0,84,0,28,1,1,pre_allocation
148,699,low_traffic,0,0,65535_65535,1,4,251,642,1,1,1,85,642,28,1,1,allocated
148,699,low_traffic,0,0,65535_65535,1,3,251,634,0,1,0,84,0,28,1,1,pre_allocation
148,699,low_traffic,0,0,65535_65535,1,3,251,642,1,1,1,85,642,28,1,1,allocated
148,699,low_traffic,0,0,65535_65535,1,4,251,642,0,1,0,85,0,28,1,1,pre_allocation
148,699,low_traffic,0,0,65535_65535,1,4,251,649,1,1,1,86,649,28,1,1,allocated
148,699,low_traffic,0,0,65535_65535,1,3,251,642,0,1,0,85,0,28,1,1,pre_allocation
148,699,low_traffic,0,0,65535_65535,1,3,251,649,1,1,1,86,649,28,1,1,allocated
148,699,low_traffic,0,0,65535_65535,1,4,251,649,0,1,0,86,0,28,1,1,pre_allocation
148,699,low_traffic,0,0,65535_65535,1,4,251,657,1,1,1,87,657,28,1,1,allocated
148,699,low_traffic,0,0,65535_65535,2,10,137,0,0,1,0,0,0,28,1,1,pre_allocation
148,699,low_traffic,0,0,65535_65535,2,10,137,4,1,1,1,1,4,28,1,1,allocated
148,699,low_traffic,0,0,65535_65535,2,9,137,0,0,1,0,0,0,28,1,1,pre_allocation
148,699,low_traffic,0,0,65535_65535,2,9,137,4,1,1,1,1,4,28,1,1,allocated
148,699,low_traffic,0,0,65535_65535,2,7,137,0,0,1,0,0,0,28,1,1,pre_allocation
148,699,low_traffic,0,0,65535_65535,2,7,137,4,1,1,1,1,4,28,1,1,allocated
148,699,low_traffic,0,0,65535_65535,2,6,137,0,0,1,0,0,0,28,1,1,pre_allocation
148,699,low_traffic,0,0,65535_65535,2,6,137,4,1,1,1,1,4,28,1,1,allocated
148,699,low_traffic,0,0,65535_65535,2,5,137,0,0,1,0,0,0,28,1,1,pre_allocation
148,699,low_traffic,0,0,65535_65535,2,5,137,4,1,1,1,1,4,28,1,1,allocated
148,699,low_traffic,0,0,65535_65535,2,10,137,4,0,1,0,1,0,28,1,1,pre_allocation
148,699,low_traffic,0,0,65535_65535,2,10,137,12,1,1,1,2,12,28,1,1,allocated
148,699,low_traffic,0,0,65535_65535,2,9,137,4,0,1,0,1,0,28,1,1,pre_allocation
148,699,low_traffic,0,0,65535_65535,2,9,137,12,1,1,1,2,12,28,1,1,allocated
148,699,low_traffic,0,0,65535_65535,2,7,137,4,0,1,0,1,0,28,1,1,pre_allocation
148,699,low_traffic,0,0,65535_65535,2,7,137,12,1,1,1,2,12,28,1,1,allocated
148,699,low_traffic,0,0,65535_65535,2,6,137,4,0,1,0,1,0,28,1,1,pre_allocation
148,699,low_traffic,0,0,65535_65535,2,6,137,12,1,1,1,2,12,28,1,1,allocated
148,699,low_traffic,0,0,65535_65535,2,5,137,4,0,1,0,1,0,28,1,1,pre_allocation
148,699,low_traffic,0,0,65535_65535,2,5,137,12,1,1,1,2,12,28,1,1,allocated
148,699,low_traffic,0,0,65535_65535,2,10,137,12,0,1,0,2,0,28,1,1,pre_allocation
148,699,low_traffic,0,0,65535_65535,2,10,137,19,1,1,1,3,19,28,1,1,allocated
148,699,low_traffic,0,0,65535_65535,2,9,137,12,0,1,0,2,0,28,1,1,pre_allocation
148,699,low_traffic,0,0,65535_65535,2,9,137,19,1,1,1,3,19,28,1,1,allocated
148,699,low_traffic,0,0,65535_65535,2,7,137,12,0,1,0,2,0,28,1,1,pre_allocation
148,699,low_traffic,0,0,65535_65535,2,7,137,19,1,1,1,3,19,28,1,1,allocated
148,699,low_traffic,0,0,65535_65535,2,6,137,12,0,1,0,2,0,28,1,1,pre_allocation
148,699,low_traffic,0,0,65535_65535,2,6,137,19,1,1,1,3,19,28,1,1,allocated
148,699,low_traffic,0,0,65535_65535,2,5,137,12,0,1,0,2,0,28,1,1,pre_allocation
148,699,low_traffic,0,0,65535_65535,2,5,137,19,1,1,1,3,19,28,1,1,allocated
148,699,low_traffic,0,0,65535_65535,2,10,137,19,0,1,0,3,0,28,1,1,pre_allocation
148,699,low_traffic,0,0,65535_65535,2,10,137,27,1,1,1,4,27,28,1,1,allocated
148,699,low_traffic,0,0,65535_65535,2,9,137,19,0,1,0,3,0,28,1,1,pre_allocation
148,699,low_traffic,0,0,65535_65535,2,9,137,27,1,1,1,4,27,28,1,1,allocated
148,699,low_traffic,0,0,65535_65535,2,7,137,19,0,1,0,3,0,28,1,1,pre_allocation
148,699,low_traffic,0,0,65535_65535,2,7,137,27,1,1,1,4,27,28,1,1,allocated
148,699,low_traffic,0,0,65535_65535,2,6,137,19,0,1,0,3,0,28,1,1,pre_allocation
148,699,low_traffic,0,0,65535_65535,2,6,137,27,1,1,1,4,27,28,1,1,allocated
148,699,low_traffic,0,0,65535_65535,2,5,137,19,0,1,0,3,0,28,1,1,pre_allocation
148,699,low_traffic,0,0,65535_65535,2,5,137,27,1,1,1,4,27,28,1,1,allocated
148,699,low_traffic,0,0,65535_65535,2,10,137,27,0,1,0,4,0,28,1,1,pre_allocation
148,699,low_traffic,0,0,65535_65535,2,10,137,34,1,1,1,5,34,28,1,1,allocated
148,699,low_traffic,0,0,65535_65535,2,9,137,27,0,1,0,4,0,28,1,1,pre_allocation
148,699,low_traffic,0,0,65535_65535,2,9,137,34,1,1,1,5,34,28,1,1,allocated
148,699,low_traffic,0,0,65535_65535,2,7,137,27,0,1,0,4,0,28,1,1,pre_allocation
148,699,low_traffic,0,0,65535_65535,2,7,137,34,1,1,1,5,34,28,1,1,allocated
148,699,low_traffic,0,0,65535_65535,2,6,137,27,0,1,0,4,0,28,1,1,pre_allocation
148,699,low_traffic,0,0,65535_65535,2,6,137,34,1,1,1,5,34,28,1,1,allocated
148,699,low_traffic,0,0,65535_65535,2,5,137,27,0,1,0,4,0,28,1,1,pre_allocation
148,699,low_traffic,0,0,65535_65535,2,5,137,34,1,1,1,5,34,28,1,1,allocated
148,699,low_traffic,0,0,65535_65535,2,10,137,34,0,1,0,5,0,28,1,1,pre_allocation
148,699,low_traffic,0,0,65535_65535,2,10,137,42,1,1,1,6,42,28,1,1,allocated
148,699,low_traffic,0,0,65535_65535,2,9,137,34,0,1,0,5,0,28,1,1,pre_allocation
148,699,low_traffic,0,0,65535_65535,2,9,137,42,1,1,1,6,42,28,1,1,allocated
148,699,low_traffic,0,0,65535_65535,2,7,137,34,0,1,0,5,0,28,1,1,pre_allocation
148,699,low_traffic,0,0,65535_65535,2,7,137,42,1,1,1,6,42,28,1,1,allocated
148,699,low_traffic,0,0,65535_65535,2,6,137,34,0,1,0,5,0,28,1,1,pre_allocation
148,699,low_traffic,0,0,65535_65535,2,6,137,42,1,1,1,6,42,28,1,1,allocated
148,699,low_traffic,0,0,65535_65535,2,5,137,34,0,1,0,5,0,28,1,1,pre_allocation
148,699,low_traffic,0,0,65535_65535,2,5,137,42,1,1,1,6,42,28,1,1,allocated
148,699,low_traffic,0,0,65535_65535,2,10,137,42,0,1,0,6,0,28,1,1,pre_allocation
148,699,low_traffic,0,0,65535_65535,2,10,137,50,1,1,1,7,50,28,1,1,allocated
148,699,low_traffic,0,0,65535_65535,2,9,137,42,0,1,0,6,0,28,1,1,pre_allocation
148,699,low_traffic,0,0,65535_65535,2,9,137,50,1,1,1,7,50,28,1,1,allocated
148,699,low_traffic,0,0,65535_65535,2,7,137,42,0,1,0,6,0,28,1,1,pre_allocation
148,699,low_traffic,0,0,65535_65535,2,7,137,50,1,1,1,7,50,28,1,1,allocated
148,699,low_traffic,0,0,65535_65535,2,6,137,42,0,1,0,6,0,28,1,1,pre_allocation
148,699,low_traffic,0,0,65535_65535,2,6,137,50,1,1,1,7,50,28,1,1,allocated
148,699,low_traffic,0,0,65535_65535,2,5,137,42,0,1,0,6,0,28,1,1,pre_allocation
148,699,low_traffic,0,0,65535_65535,2,5,137,50,1,1,1,7,50,28,1,1,allocated
239,798,low_traffic,0,0,65535_65535,0,2,330572,0,0,1,0,0,0,28,1,1,pre_allocation
239,798,low_traffic,0,0,65535_65535,0,2,330572,95,1,1,1,1,95,28,1,1,allocated
239,798,low_traffic,0,0,65535_65535,0,1,412641,0,0,1,0,0,0,26,1,1,pre_allocation
239,798,low_traffic,0,0,65535_65535,0,1,412641,88,1,1,1,1,88,26,1,1,allocated
239,798,low_traffic,0,0,65535_65535,0,2,330572,95,0,1,0,1,0,28,1,1,pre_allocation
239,798,low_traffic,0,0,65535_65535,0,2,330572,194,1,1,1,2,194,28,1,1,allocated
239,798,low_traffic,0,0,65535_65535,0,1,412641,88,0,1,0,1,0,26,1,1,pre_allocation
239,798,low_traffic,0,0,65535_65535,0,1,412641,179,1,1,1,2,179,26,1,1,allocated
239,798,low_traffic,0,0,65535_65535,0,2,330572,194,0,1,0,2,0,28,1,1,pre_allocation
239,798,low_traffic,0,0,65535_65535,0,2,330572,293,1,1,1,3,293,28,1,1,allocated
239,798,low_traffic,0,0,65535_65535,0,1,412641,179,0,1,0,2,0,26,1,1,pre_allocation
239,798,low_traffic,0,0,65535_65535,0,1,412641,270,1,1,1,3,270,26,1,1,allocated
239,798,low_traffic,0,0,65535_65535,0,2,330572,293,0,1,0,3,0,28,1,1,pre_allocation
239,798,low_traffic,0,0,65535_65535,0,2,330572,391,1,1,1,4,391,28,1,1,allocated
239,798,low_traffic,0,0,65535_65535,0,1,412641,270,0,1,0,3,0,26,1,1,pre_allocation
239,798,low_traffic,0,0,65535_65535,0,1,412641,361,1,1,1,4,361,26,1,1,allocated
239,798,low_traffic,0,0,65535_65535,0,2,330572,391,0,1,0,4,0,28,1,1,pre_allocation
239,798,low_traffic,0,0,65535_65535,0,2,330572,490,1,1,1,5,490,28,1,1,allocated
239,798,low_traffic,0,0,65535_65535,0,1,412641,361,0,1,0,4,0,26,1,1,pre_allocation
239,798,low_traffic,0,0,65535_65535,0,1,412641,452,1,1,1,5,452,26,1,1,allocated
239,798,low_traffic,0,0,65535_65535,0,2,330572,490,0,1,0,5,0,28,1,1,pre_allocation
239,798,low_traffic,0,0,65535_65535,0,2,330572,589,1,1,1,6,589,28,1,1,allocated
239,798,low_traffic,0,0,65535_65535,0,1,412641,452,0,1,0,5,0,26,1,1,pre_allocation
239,798,low_traffic,0,0,65535_65535,0,1,412641,543,1,1,1,6,543,26,1,1,allocated
239,798,low_traffic,0,0,65535_65535,0,2,330572,589,0,1,0,6,0,28,1,1,pre_allocation
239,798,low_traffic,0,0,65535_65535,0,2,330572,687,1,1,1,7,687,28,1,1,allocated
239,798,low_traffic,0,0,65535_65535,0,1,412641,543,0,1,0,6,0,26,1,1,pre_allocation
239,798,low_traffic,0,0,65535_65535,0,1,412641,635,1,1,1,7,635,26,1,1,allocated
239,798,low_traffic,0,0,65535_65535,0,2,330572,687,0,1,0,7,0,28,1,1,pre_allocation
239,798,low_traffic,0,0,65535_65535,0,2,330572,786,1,1,1,8,786,28,1,1,allocated
239,798,low_traffic,0,0,65535_65535,0,1,412641,635,0,1,0,7,0,26,1,1,pre_allocation
239,798,low_traffic,0,0,65535_65535,0,1,412641,726,1,1,1,8,726,26,1,1,allocated
239,798,low_traffic,0,0,65535_65535,0,2,330572,786,0,1,0,8,0,28,1,1,pre_allocation
239,798,low_traffic,0,0,65535_65535,0,2,330572,885,1,1,1,9,885,28,1,1,allocated
239,798,low_traffic,0,0,65535_65535,0,1,412641,726,0,1,0,8,0,26,1,1,pre_allocation
239,798,low_traffic,0,0,65535_65535,0,1,412641,817,1,1,1,9,817,26,1,1,allocated
239,798,low_traffic,0,0,65535_65535,0,2,330572,885,0,1,0,9,0,28,1,1,pre_allocation
239,798,low_traffic,0,0,65535_65535,0,2,330572,983,1,1,1,10,983,28,1,1,allocated
239,798,low_traffic,0,0,65535_65535,0,1,412641,817,0,1,0,9,0,26,1,1,pre_allocation
239,798,low_traffic,0,0,65535_65535,0,1,412641,908,1,1,1,10,908,26,1,1,allocated
239,798,low_traffic,0,0,65535_65535,0,2,330572,983,0,1,0,10,0,28,1,1,pre_allocation
239,798,low_traffic,0,0,65535_65535,0,2,330572,1082,1,1,1,11,1082,28,1,1,allocated
239,798,low_traffic,0,0,65535_65535,0,1,412641,908,0,1,0,10,0,26,1,1,pre_allocation
239,798,low_traffic,0,0,65535_65535,0,1,412641,999,1,1,1,11,999,26,1,1,allocated
239,798,low_traffic,0,0,65535_65535,0,2,330572,1082,0,1,0,11,0,28,1,1,pre_allocation
239,798,low_traffic,0,0,65535_65535,0,2,330572,1181,1,1,1,12,1181,28,1,1,allocated
239,798,low_traffic,0,0,65535_65535,0,1,412641,999,0,1,0,11,0,26,1,1,pre_allocation
239,798,low_traffic,0,0,65535_65535,0,1,412641,1090,1,1,1,12,1090,26,1,1,allocated
239,798,low_traffic,0,0,65535_65535,0,2,330572,1181,0,1,0,12,0,28,1,1,pre_allocation
239,798,low_traffic,0,0,65535_65535,0,2,330572,1279,1,1,1,13,1279,28,1,1,allocated
239,798,low_traffic,0,0,65535_65535,0,1,412641,1090,0,1,0,12,0,26,1,1,pre_allocation
239,798,low_traffic,0,0,65535_65535,0,1,412641,1182,1,1,1,13,1182,26,1,1,allocated
239,798,low_traffic,0,0,65535_65535,0,2,330572,1279,0,1,0,13,0,28,1,1,pre_allocation
239,798,low_traffic,0,0,65535_65535,0,2,330572,1378,1,1,1,14,1378,28,1,1,allocated
239,798,low_traffic,0,0,65535_65535,0,1,412641,1182,0,1,0,13,0,26,1,1,pre_allocation
239,798,low_traffic,0,0,65535_65535,0,1,412641,1273,1,1,1,14,1273,26,1,1,allocated
239,798,low_traffic,0,0,65535_65535,0,2,330572,1378,0,1,0,14,0,28,1,1,pre_allocation
239,798,low_traffic,0,0,65535_65535,0,2,330572,1477,1,1,1,15,1477,28,1,1,allocated
239,798,low_traffic,0,0,65535_65535,0,1,412641,1273,0,1,0,14,0,26,1,1,pre_allocation
239,798,low_traffic,0,0,65535_65535,0,1,412641,1364,1,1,1,15,1364,26,1,1,allocated
239,798,low_traffic,0,0,65535_65535,0,2,330572,1477,0,1,0,15,0,28,1,1,pre_allocation
239,798,low_traffic,0,0,65535_65535,0,2,330572,1572,1,1,1,16,1572,28,1,1,allocated
239,798,low_traffic,0,0,65535_65535,0,1,412641,1364,0,1,0,15,0,26,1,1,pre_allocation
239,798,low_traffic,0,0,65535_65535,0,1,412641,1455,1,1,1,16,1455,26,1,1,allocated
239,798,low_traffic,0,0,65535_65535,0,2,330572,1572,0,1,0,16,0,28,1,1,pre_allocation
239,798,low_traffic,0,0,65535_65535,0,2,330572,1671,1,1,1,17,1671,28,1,1,allocated
239,798,low_traffic,0,0,65535_65535,0,1,412641,1455,0,1,0,16,0,26,1,1,pre_allocation
239,798,low_traffic,0,0,65535_65535,0,1,412641,1543,1,1,1,17,1543,26,1,1,allocated
239,798,low_traffic,0,0,65535_65535,0,2,330572,1671,0,1,0,17,0,28,1,1,pre_allocation
239,798,low_traffic,0,0,65535_65535,0,2,330572,1770,1,1,1,18,1770,28,1,1,allocated
239,798,low_traffic,0,0,65535_65535,0,1,412641,1543,0,1,0,17,0,26,1,1,pre_allocation
239,798,low_traffic,0,0,65535_65535,0,1,412641,1634,1,1,1,18,1634,26,1,1,allocated
239,798,low_traffic,0,0,65535_65535,0,2,330572,1770,0,1,0,18,0,28,1,1,pre_allocation
239,798,low_traffic,0,0,65535_65535,0,2,330572,1868,1,1,1,19,1868,28,1,1,allocated
239,798,low_traffic,0,0,65535_65535,0,1,412641,1634,0,1,0,18,0,26,1,1,pre_allocation
239,798,low_traffic,0,0,65535_65535,0,1,412641,1726,1,1,1,19,1726,26,1,1,allocated
239,798,low_traffic,0,0,65535_65535,0,2,330572,1868,0,1,0,19,0,28,1,1,pre_allocation
239,798,low_traffic,0,0,65535_65535,0,2,330572,1967,1,1,1,20,1967,28,1,1,allocated
239,798,low_traffic,0,0,65535_65535,0,1,412641,1726,0,1,0,19,0,26,1,1,pre_allocation
239,798,low_traffic,0,0,65535_65535,0,1,412641,1817,1,1,1,20,1817,26,1,1,allocated
239,798,low_traffic,0,0,65535_65535,0,2,330572,1967,0,1,0,20,0,28,1,1,pre_allocation
239,798,low_traffic,0,0,65535_65535,0,2,330572,2066,1,1,1,21,2066,28,1,1,allocated
239,798,low_traffic,0,0,65535_65535,0,1,412641,1817,0,1,0,20,0,26,1,1,pre_allocation
239,798,low_traffic,0,0,65535_65535,0,1,412641,1908,1,1,1,21,1908,26,1,1,allocated
239,798,low_traffic,0,0,65535_65535,0,2,330572,2066,0,1,0,21,0,28,1,1,pre_allocation
239,798,low_traffic,0,0,65535_65535,0,2,330572,2164,1,1,1,22,2164,28,1,1,allocated
239,798,low_traffic,0,0,65535_65535,0,1,412641,1908,0,1,0,21,0,26,1,1,pre_allocation
239,798,low_traffic,0,0,65535_65535,0,1,412641,1999,1,1,1,22,1999,26,1,1,allocated
239,798,low_traffic,0,0,65535_65535,0,2,330572,2164,0,1,0,22,0,28,1,1,pre_allocation
239,798,low_traffic,0,0,65535_65535,0,2,330572,2263,1,1,1,23,2263,28,1,1,allocated
239,798,low_traffic,0,0,65535_65535,0,1,412641,1999,0,1,0,22,0,26,1,1,pre_allocation
239,798,low_traffic,0,0,65535_65535,0,1,412641,2090,1,1,1,23,2090,26,1,1,allocated
239,798,low_traffic,0,0,65535_65535,0,2,330572,2263,0,1,0,23,0,28,1,1,pre_allocation
239,798,low_traffic,0,0,65535_65535,0,2,330572,2359,1,1,1,24,2359,28,1,1,allocated
239,798,low_traffic,0,0,65535_65535,0,1,412641,2090,0,1,0,23,0,26,1,1,pre_allocation
239,798,low_traffic,0,0,65535_65535,0,1,412641,2181,1,1,1,24,2181,26,1,1,allocated
239,798,low_traffic,0,0,65535_65535,0,2,330572,2359,0,1,0,24,0,28,1,1,pre_allocation
239,798,low_traffic,0,0,65535_65535,0,2,330572,2457,1,1,1,25,2457,28,1,1,allocated
239,798,low_traffic,0,0,65535_65535,0,1,412641,2181,0,1,0,24,0,26,1,1,pre_allocation
239,798,low_traffic,0,0,65535_65535,0,1,412641,2273,1,1,1,25,2273,26,1,1,allocated
239,798,low_traffic,0,0,65535_65535,0,2,330572,2457,0,1,0,25,0,28,1,1,pre_allocation
239,798,low_traffic,0,0,65535_65535,0,2,330572,2556,1,1,1,26,2556,28,1,1,allocated
239,798,low_traffic,0,0,65535_65535,0,1,412641,2273,0,1,0,25,0,26,1,1,pre_allocation
239,798,low_traffic,0,0,65535_65535,0,1,412641,2361,1,1,1,26,2361,26,1,1,allocated
239,798,low_traffic,0,0,65535_65535,0,2,330572,2556,0,1,0,26,0,28,1,1,pre_allocation
239,798,low_traffic,0,0,65535_65535,0,2,330572,2655,1,1,1,27,2655,28,1,1,allocated
239,798,low_traffic,0,0,65535_65535,0,1,412641,2361,0,1,0,26,0,26,1,1,pre_allocation
239,798,low_traffic,0,0,65535_65535,0,1,412641,2452,1,1,1,27,2452,26,1,1,allocated
239,798,low_traffic,0,0,65535_65535,0,2,330572,2655,0,1,0,27,0,28,1,1,pre_allocation
239,798,low_traffic,0,0,65535_65535,0,2,330572,2753,1,1,1,28,2753,28,1,1,allocated
239,798,low_traffic,0,0,65535_65535,0,1,412641,2452,0,1,0,27,0,26,1,1,pre_allocation
239,798,low_traffic,0,0,65535_65535,0,1,412641,2543,1,1,1,28,2543,26,1,1,allocated
239,798,low_traffic,0,0,65535_65535,0,2,330572,2753,0,1,0,28,0,28,1,1,pre_allocation
239,798,low_traffic,0,0,65535_65535,0,2,330572,2852,1,1,1,29,2852,28,1,1,allocated
239,798,low_traffic,0,0,65535_65535,0,1,412641,2543,0,1,0,28,0,26,1,1,pre_allocation
239,798,low_traffic,0,0,65535_65535,0,1,412641,2634,1,1,1,29,2634,26,1,1,allocated
239,798,low_traffic,0,0,65535_65535,1,4,333,0,0,1,0,0,0,28,1,1,pre_allocation
239,798,low_traffic,0,0,65535_65535,1,4,333,95,1,1,1,1,95,28,1,1,allocated
239,798,low_traffic,0,0,65535_65535,1,3,333,0,0,1,0,0,0,28,1,1,pre_allocation
239,798,low_traffic,0,0,65535_65535,1,3,333,95,1,1,1,1,95,28,1,1,allocated
239,798,low_traffic,0,0,65535_65535,1,4,333,95,0,1,0,1,0,28,1,1,pre_allocation
239,798,low_traffic,0,0,65535_65535,1,4,333,194,1,1,1,2,194,28,1,1,allocated
239,798,low_traffic,0,0,65535_65535,1,3,333,95,0,1,0,1,0,28,1,1,pre_allocation
239,798,low_traffic,0,0,65535_65535,1,3,333,194,1,1,1,2,194,28,1,1,allocated
239,798,low_traffic,0,0,65535_65535,1,4,333,194,0,1,0,2,0,28,1,1,pre_allocation
239,798,low_traffic,0,0,65535_65535,1,4,333,293,1,1,1,3,293,28,1,1,allocated
239,798,low_traffic,0,0,65535_65535,1,3,333,194,0,1,0,2,0,28,1,1,pre_allocation
239,798,low_traffic,0,0,65535_65535,1,3,333,293,1,1,1,3,293,28,1,1,allocated
239,798,low_traffic,0,0,65535_65535,1,4,333,293,0,1,0,3,0,28,1,1,pre_allocation
239,798,low_traffic,0,0,65535_65535,1,4,333,391,1,1,1,4,391,28,1,1,allocated
239,798,low_traffic,0,0,65535_65535,1,3,333,293,0,1,0,3,0,28,1,1,pre_allocation
239,798,low_traffic,0,0,65535_65535,1,3,333,391,1,1,1,4,391,28,1,1,allocated
239,798,low_traffic,0,0,65535_65535,1,4,333,391,0,1,0,4,0,28,1,1,pre_allocation
239,798,low_traffic,0,0,65535_65535,1,4,333,490,1,1,1,5,490,28,1,1,allocated
239,798,low_traffic,0,0,65535_65535,1,3,333,391,0,1,0,4,0,28,1,1,pre_allocation
239,798,low_traffic,0,0,65535_65535,1,3,333,490,1,1,1,5,490,28,1,1,allocated
239,798,low_traffic,0,0,65535_65535,1,4,333,490,0,1,0,5,0,28,1,1,pre_allocation
239,798,low_traffic,0,0,65535_65535,1,4,333,589,1,1,1,6,589,28,1,1,allocated
239,798,low_traffic,0,0,65535_65535,1,3,333,490,0,1,0,5,0,28,1,1,pre_allocation
239,798,low_traffic,0,0,65535_65535,1,3,333,589,1,1,1,6,589,28,1,1,allocated
239,798,low_traffic,0,0,65535_65535,1,4,333,589,0,1,0,6,0,28,1,1,pre_allocation
239,798,low_traffic,0,0,65535_65535,1,4,333,687,1,1,1,7,687,28,1,1,allocated
239,798,low_traffic,0,0,65535_65535,1,3,333,589,0,1,0,6,0,28,1,1,pre_allocation
239,798,low_traffic,0,0,65535_65535,1,3,333,687,1,1,1,7,687,28,1,1,allocated
239,798,low_traffic,0,0,65535_65535,1,4,333,687,0,1,0,7,0,28,1,1,pre_allocation
239,798,low_traffic,0,0,65535_65535,1,4,333,786,1,1,1,8,786,28,1,1,allocated
239,798,low_traffic,0,0,65535_65535,1,3,333,687,0,1,0,7,0,28,1,1,pre_allocation
239,798,low_traffic,0,0,65535_65535,1,3,333,786,1,1,1,8,786,28,1,1,allocated
239,798,low_traffic,0,0,65535_65535,1,4,333,786,0,1,0,8,0,28,1,1,pre_allocation
239,798,low_traffic,0,0,65535_65535,1,4,333,885,1,1,1,9,885,28,1,1,allocated
239,798,low_traffic,0,0,65535_65535,1,3,333,786,0,1,0,8,0,28,1,1,pre_allocation
239,798,low_traffic,0,0,65535_65535,1,3,333,885,1,1,1,9,885,28,1,1,allocated
239,798,low_traffic,0,0,65535_65535,1,4,333,885,0,1,0,9,0,28,1,1,pre_allocation
239,798,low_traffic,0,0,65535_65535,1,4,333,983,1,1,1,10,983,28,1,1,allocated
239,798,low_traffic,0,0,65535_65535,1,3,333,885,0,1,0,9,0,28,1,1,pre_allocation
239,798,low_traffic,0,0,65535_65535,1,3,333,983,1,1,1,10,983,28,1,1,allocated
239,798,low_traffic,0,0,65535_65535,1,4,333,983,0,1,0,10,0,28,1,1,pre_allocation
239,798,low_traffic,0,0,65535_65535,1,4,333,1082,1,1,1,11,1082,28,1,1,allocated
239,798,low_traffic,0,0,65535_65535,1,3,333,983,0,1,0,10,0,28,1,1,pre_allocation
239,798,low_traffic,0,0,65535_65535,1,3,333,1082,1,1,1,11,1082,28,1,1,allocated
239,798,low_traffic,0,0,65535_65535,1,4,333,1082,0,1,0,11,0,28,1,1,pre_allocation
239,798,low_traffic,0,0,65535_65535,1,4,333,1181,1,1,1,12,1181,28,1,1,allocated
239,798,low_traffic,0,0,65535_65535,1,3,333,1082,0,1,0,11,0,28,1,1,pre_allocation
239,798,low_traffic,0,0,65535_65535,1,3,333,1181,1,1,1,12,1181,28,1,1,allocated
239,798,low_traffic,0,0,65535_65535,1,4,333,1181,0,1,0,12,0,28,1,1,pre_allocation
239,798,low_traffic,0,0,65535_65535,1,4,333,1279,1,1,1,13,1279,28,1,1,allocated
239,798,low_traffic,0,0,65535_65535,1,3,333,1181,0,1,0,12,0,28,1,1,pre_allocation
239,798,low_traffic,0,0,65535_65535,1,3,333,1279,1,1,1,13,1279,28,1,1,allocated
239,798,low_traffic,0,0,65535_65535,1,4,333,1279,0,1,0,13,0,28,1,1,pre_allocation
239,798,low_traffic,0,0,65535_65535,1,4,333,1378,1,1,1,14,1378,28,1,1,allocated
239,798,low_traffic,0,0,65535_65535,1,3,333,1279,0,1,0,13,0,28,1,1,pre_allocation
239,798,low_traffic,0,0,65535_65535,1,3,333,1378,1,1,1,14,1378,28,1,1,allocated
239,798,low_traffic,0,0,65535_65535,1,4,333,1378,0,1,0,14,0,28,1,1,pre_allocation
239,798,low_traffic,0,0,65535_65535,1,4,333,1477,1,1,1,15,1477,28,1,1,allocated
239,798,low_traffic,0,0,65535_65535,1,3,333,1378,0,1,0,14,0,28,1,1,pre_allocation
239,798,low_traffic,0,0,65535_65535,1,3,333,1477,1,1,1,15,1477,28,1,1,allocated
239,798,low_traffic,0,0,65535_65535,1,4,333,1477,0,1,0,15,0,28,1,1,pre_allocation
239,798,low_traffic,0,0,65535_65535,1,4,333,1572,1,1,1,16,1572,28,1,1,allocated
239,798,low_traffic,0,0,65535_65535,1,3,333,1477,0,1,0,15,0,28,1,1,pre_allocation
239,798,low_traffic,0,0,65535_65535,1,3,333,1572,1,1,1,16,1572,28,1,1,allocated
239,798,low_traffic,0,0,65535_65535,1,4,333,1572,0,1,0,16,0,28,1,1,pre_allocation
239,798,low_traffic,0,0,65535_65535,1,4,333,1671,1,1,1,17,1671,28,1,1,allocated
239,798,low_traffic,0,0,65535_65535,1,3,333,1572,0,1,0,16,0,28,1,1,pre_allocation
239,798,low_traffic,0,0,65535_65535,1,3,333,1671,1,1,1,17,1671,28,1,1,allocated
239,798,low_traffic,0,0,65535_65535,1,4,333,1671,0,1,0,17,0,28,1,1,pre_allocation
239,798,low_traffic,0,0,65535_65535,1,4,333,1770,1,1,1,18,1770,28,1,1,allocated
239,798,low_traffic,0,0,65535_65535,1,3,333,1671,0,1,0,17,0,28,1,1,pre_allocation
239,798,low_traffic,0,0,65535_65535,1,3,333,1770,1,1,1,18,1770,28,1,1,allocated
239,798,low_traffic,0,0,65535_65535,1,4,333,1770,0,1,0,18,0,28,1,1,pre_allocation
239,798,low_traffic,0,0,65535_65535,1,4,333,1868,1,1,1,19,1868,28,1,1,allocated
239,798,low_traffic,0,0,65535_65535,1,3,333,1770,0,1,0,18,0,28,1,1,pre_allocation
239,798,low_traffic,0,0,65535_65535,1,3,333,1868,1,1,1,19,1868,28,1,1,allocated
239,798,low_traffic,0,0,65535_65535,1,4,333,1868,0,1,0,19,0,28,1,1,pre_allocation
239,798,low_traffic,0,0,65535_65535,1,4,333,1967,1,1,1,20,1967,28,1,1,allocated
239,798,low_traffic,0,0,65535_65535,1,3,333,1868,0,1,0,19,0,28,1,1,pre_allocation
239,798,low_traffic,0,0,65535_65535,1,3,333,1967,1,1,1,20,1967,28,1,1,allocated
239,798,low_traffic,0,0,65535_65535,1,4,333,1967,0,1,0,20,0,28,1,1,pre_allocation
239,798,low_traffic,0,0,65535_65535,1,4,333,2066,1,1,1,21,2066,28,1,1,allocated
239,798,low_traffic,0,0,65535_65535,1,3,333,1967,0,1,0,20,0,28,1,1,pre_allocation
239,798,low_traffic,0,0,65535_65535,1,3,333,2066,1,1,1,21,2066,28,1,1,allocated
239,798,low_traffic,0,0,65535_65535,1,4,333,2066,0,1,0,21,0,28,1,1,pre_allocation
239,798,low_traffic,0,0,65535_65535,1,4,333,2164,1,1,1,22,2164,28,1,1,allocated
239,798,low_traffic,0,0,65535_65535,1,3,333,2066,0,1,0,21,0,28,1,1,pre_allocation
239,798,low_traffic,0,0,65535_65535,1,3,333,2164,1,1,1,22,2164,28,1,1,allocated
239,798,low_traffic,0,0,65535_65535,1,4,333,2164,0,1,0,22,0,28,1,1,pre_allocation
239,798,low_traffic,0,0,65535_65535,1,4,333,2263,1,1,1,23,2263,28,1,1,allocated
239,798,low_traffic,0,0,65535_65535,1,3,333,2164,0,1,0,22,0,28,1,1,pre_allocation
239,798,low_traffic,0,0,65535_65535,1,3,333,2263,1,1,1,23,2263,28,1,1,allocated
239,798,low_traffic,0,0,65535_65535,1,4,333,2263,0,1,0,23,0,28,1,1,pre_allocation
239,798,low_traffic,0,0,65535_65535,1,4,333,2359,1,1,1,24,2359,28,1,1,allocated
239,798,low_traffic,0,0,65535_65535,1,3,333,2263,0,1,0,23,0,28,1,1,pre_allocation
239,798,low_traffic,0,0,65535_65535,1,3,333,2359,1,1,1,24,2359,28,1,1,allocated
239,798,low_traffic,0,0,65535_65535,1,4,333,2359,0,1,0,24,0,28,1,1,pre_allocation
239,798,low_traffic,0,0,65535_65535,1,4,333,2457,1,1,1,25,2457,28,1,1,allocated
239,798,low_traffic,0,0,65535_65535,1,3,333,2359,0,1,0,24,0,28,1,1,pre_allocation
239,798,low_traffic,0,0,65535_65535,1,3,333,2457,1,1,1,25,2457,28,1,1,allocated
239,798,low_traffic,0,0,65535_65535,1,4,333,2457,0,1,0,25,0,28,1,1,pre_allocation
239,798,low_traffic,0,0,65535_65535,1,4,333,2556,1,1,1,26,2556,28,1,1,allocated
239,798,low_traffic,0,0,65535_65535,1,3,333,2457,0,1,0,25,0,28,1,1,pre_allocation
239,798,low_traffic,0,0,65535_65535,1,3,333,2556,1,1,1,26,2556,28,1,1,allocated
239,798,low_traffic,0,0,65535_65535,1,4,333,2556,0,1,0,26,0,28,1,1,pre_allocation
239,798,low_traffic,0,0,65535_65535,1,4,333,2655,1,1,1,27,2655,28,1,1,allocated
239,798,low_traffic,0,0,65535_65535,1,3,333,2556,0,1,0,26,0,28,1,1,pre_allocation
239,798,low_traffic,0,0,65535_65535,1,3,333,2655,1,1,1,27,2655,28,1,1,allocated
239,798,low_traffic,0,0,65535_65535,1,4,333,2655,0,1,0,27,0,28,1,1,pre_allocation
239,798,low_traffic,0,0,65535_65535,1,4,333,2753,1,1,1,28,2753,28,1,1,allocated
239,798,low_traffic,0,0,65535_65535,1,3,333,2655,0,1,0,27,0,28,1,1,pre_allocation
239,798,low_traffic,0,0,65535_65535,1,3,333,2753,1,1,1,28,2753,28,1,1,allocated
239,798,low_traffic,0,0,65535_65535,1,4,333,2753,0,1,0,28,0,28,1,1,pre_allocation
239,798,low_traffic,0,0,65535_65535,1,4,333,2852,1,1,1,29,2852,28,1,1,allocated
239,798,low_traffic,0,0,65535_65535,1,3,333,2753,0,1,0,28,0,28,1,1,pre_allocation
239,798,low_traffic,0,0,65535_65535,1,3,333,2852,1,1,1,29,2852,28,1,1,allocated
239,798,low_traffic,0,0,65535_65535,1,4,333,2852,0,1,0,29,0,28,1,1,pre_allocation
239,798,low_traffic,0,0,65535_65535,1,4,333,2951,1,1,1,30,2951,28,1,1,allocated
239,798,low_traffic,0,0,65535_65535,1,3,333,2852,0,1,0,29,0,28,1,1,pre_allocation
239,798,low_traffic,0,0,65535_65535,1,3,333,2951,1,1,1,30,2951,28,1,1,allocated
239,798,low_traffic,0,0,65535_65535,1,4,333,2951,0,1,0,30,0,28,1,1,pre_allocation
239,798,low_traffic,0,0,65535_65535,1,4,333,3049,1,1,1,31,3049,28,1,1,allocated
239,798,low_traffic,0,0,65535_65535,1,3,333,2951,0,1,0,30,0,28,1,1,pre_allocation
239,798,low_traffic,0,0,65535_65535,1,3,333,3049,1,1,1,31,3049,28,1,1,allocated
239,798,low_traffic,0,0,65535_65535,1,4,333,3049,0,1,0,31,0,28,1,1,pre_allocation
239,798,low_traffic,0,0,65535_65535,1,4,333,3145,1,1,1,32,3145,28,1,1,allocated
239,798,low_traffic,0,0,65535_65535,1,3,333,3049,0,1,0,31,0,28,1,1,pre_allocation
239,798,low_traffic,0,0,65535_65535,1,3,333,3145,1,1,1,32,3145,28,1,1,allocated
239,798,low_traffic,0,0,65535_65535,1,4,333,3145,0,1,0,32,0,28,1,1,pre_allocation
239,798,low_traffic,0,0,65535_65535,1,4,333,3244,1,1,1,33,3244,28,1,1,allocated
239,798,low_traffic,0,0,65535_65535,1,3,333,3145,0,1,0,32,0,28,1,1,pre_allocation
239,798,low_traffic,0,0,65535_65535,1,3,333,3244,1,1,1,33,3244,28,1,1,allocated
239,798,low_traffic,0,0,65535_65535,1,4,333,3244,0,1,0,33,0,28,1,1,pre_allocation
239,798,low_traffic,0,0,65535_65535,1,4,333,3342,1,1,1,34,3342,28,1,1,allocated
239,798,low_traffic,0,0,65535_65535,1,3,333,3244,0,1,0,33,0,28,1,1,pre_allocation
239,798,low_traffic,0,0,65535_65535,1,3,333,3342,1,1,1,34,3342,28,1,1,allocated
239,798,low_traffic,0,0,65535_65535,1,4,333,3342,0,1,0,34,0,28,1,1,pre_allocation
239,798,low_traffic,0,0,65535_65535,1,4,333,3441,1,1,1,35,3441,28,1,1,allocated
239,798,low_traffic,0,0,65535_65535,1,3,333,3342,0,1,0,34,0,28,1,1,pre_allocation
239,798,low_traffic,0,0,65535_65535,1,3,333,3441,1,1,1,35,3441,28,1,1,allocated
239,798,low_traffic,0,0,65535_65535,1,4,333,3441,0,1,0,35,0,28,1,1,pre_allocation
239,798,low_traffic,0,0,65535_65535,1,4,333,3540,1,1,1,36,3540,28,1,1,allocated
239,798,low_traffic,0,0,65535_65535,1,3,333,3441,0,1,0,35,0,28,1,1,pre_allocation
239,798,low_traffic,0,0,65535_65535,1,3,333,3540,1,1,1,36,3540,28,1,1,allocated
239,798,low_traffic,0,0,65535_65535,1,4,333,3540,0,1,0,36,0,28,1,1,pre_allocation
239,798,low_traffic,0,0,65535_65535,1,4,333,3638,1,1,1,37,3638,28,1,1,allocated
239,798,low_traffic,0,0,65535_65535,1,3,333,3540,0,1,0,36,0,28,1,1,pre_allocation
239,798,low_traffic,0,0,65535_65535,1,3,333,3638,1,1,1,37,3638,28,1,1,allocated
239,798,low_traffic,0,0,65535_65535,1,4,333,3638,0,1,0,37,0,28,1,1,pre_allocation
239,798,low_traffic,0,0,65535_65535,1,4,333,3737,1,1,1,38,3737,28,1,1,allocated
239,798,low_traffic,0,0,65535_65535,1,3,333,3638,0,1,0,37,0,28,1,1,pre_allocation
239,798,low_traffic,0,0,65535_65535,1,3,333,3737,1,1,1,38,3737,28,1,1,allocated
239,798,low_traffic,0,0,65535_65535,1,4,333,3737,0,1,0,38,0,28,1,1,pre_allocation
239,798,low_traffic,0,0,65535_65535,1,4,333,3833,1,1,1,39,3833,28,1,1,allocated
239,798,low_traffic,0,0,65535_65535,1,3,333,3737,0,1,0,38,0,28,1,1,pre_allocation
239,798,low_traffic,0,0,65535_65535,1,3,333,3833,1,1,1,39,3833,28,1,1,allocated
239,798,low_traffic,0,0,65535_65535,1,4,333,3833,0,1,0,39,0,28,1,1,pre_allocation
239,798,low_traffic,0,0,65535_65535,1,4,333,3931,1,1,1,40,3931,28,1,1,allocated
239,798,low_traffic,0,0,65535_65535,1,3,333,3833,0,1,0,39,0,28,1,1,pre_allocation
239,798,low_traffic,0,0,65535_65535,1,3,333,3931,1,1,1,40,3931,28,1,1,allocated
239,798,low_traffic,0,0,65535_65535,1,4,333,3931,0,1,0,40,0,28,1,1,pre_allocation
239,798,low_traffic,0,0,65535_65535,1,4,333,4030,1,1,1,41,4030,28,1,1,allocated
239,798,low_traffic,0,0,65535_65535,1,3,333,3931,0,1,0,40,0,28,1,1,pre_allocation
239,798,low_traffic,0,0,65535_65535,1,3,333,4030,1,1,1,41,4030,28,1,1,allocated
239,798,low_traffic,0,0,65535_65535,1,4,333,4030,0,1,0,41,0,28,1,1,pre_allocation
239,798,low_traffic,0,0,65535_65535,1,4,333,4129,1,1,1,42,4129,28,1,1,allocated
239,798,low_traffic,0,0,65535_65535,1,3,333,4030,0,1,0,41,0,28,1,1,pre_allocation
239,798,low_traffic,0,0,65535_65535,1,3,333,4129,1,1,1,42,4129,28,1,1,allocated
239,798,low_traffic,0,0,65535_65535,1,4,333,4129,0,1,0,42,0,28,1,1,pre_allocation
239,798,low_traffic,0,0,65535_65535,1,4,333,4227,1,1,1,43,4227,28,1,1,allocated
239,798,low_traffic,0,0,65535_65535,1,3,333,4129,0,1,0,42,0,28,1,1,pre_allocation
239,798,low_traffic,0,0,65535_65535,1,3,333,4227,1,1,1,43,4227,28,1,1,allocated
239,798,low_traffic,0,0,65535_65535,1,4,333,4227,0,1,0,43,0,28,1,1,pre_allocation
239,798,low_traffic,0,0,65535_65535,1,4,333,4326,1,1,1,44,4326,28,1,1,allocated
239,798,low_traffic,0,0,65535_65535,1,3,333,4227,0,1,0,43,0,28,1,1,pre_allocation
239,798,low_traffic,0,0,65535_65535,1,3,333,4326,1,1,1,44,4326,28,1,1,allocated
239,798,low_traffic,0,0,65535_65535,1,4,333,4326,0,1,0,44,0,28,1,1,pre_allocation
239,798,low_traffic,0,0,65535_65535,1,4,333,4425,1,1,1,45,4425,28,1,1,allocated
239,798,low_traffic,0,0,65535_65535,1,3,333,4326,0,1,0,44,0,28,1,1,pre_allocation
239,798,low_traffic,0,0,65535_65535,1,3,333,4425,1,1,1,45,4425,28,1,1,allocated
239,798,low_traffic,0,0,65535_65535,1,4,333,4425,0,1,0,45,0,28,1,1,pre_allocation
239,798,low_traffic,0,0,65535_65535,1,4,333,4523,1,1,1,46,4523,28,1,1,allocated
239,798,low_traffic,0,0,65535_65535,1,3,333,4425,0,1,0,45,0,28,1,1,pre_allocation
239,798,low_traffic,0,0,65535_65535,1,3,333,4523,1,1,1,46,4523,28,1,1,allocated
239,798,low_traffic,0,0,65535_65535,1,4,333,4523,0,1,0,46,0,28,1,1,pre_allocation
239,798,low_traffic,0,0,65535_65535,1,4,333,4619,1,1,1,47,4619,28,1,1,allocated
239,798,low_traffic,0,0,65535_65535,1,3,333,4523,0,1,0,46,0,28,1,1,pre_allocation
239,798,low_traffic,0,0,65535_65535,1,3,333,4619,1,1,1,47,4619,28,1,1,allocated
239,798,low_traffic,0,0,65535_65535,1,4,333,4619,0,1,0,47,0,28,1,1,pre_allocation
239,798,low_traffic,0,0,65535_65535,1,4,333,4718,1,1,1,48,4718,28,1,1,allocated
239,798,low_traffic,0,0,65535_65535,1,3,333,4619,0,1,0,47,0,28,1,1,pre_allocation
239,798,low_traffic,0,0,65535_65535,1,3,333,4718,1,1,1,48,4718,28,1,1,allocated
239,798,low_traffic,0,0,65535_65535,1,4,333,4718,0,1,0,48,0,28,1,1,pre_allocation
239,798,low_traffic,0,0,65535_65535,1,4,333,4816,1,1,1,49,4816,28,1,1,allocated
239,798,low_traffic,0,0,65535_65535,1,3,333,4718,0,1,0,48,0,28,1,1,pre_allocation
239,798,low_traffic,0,0,65535_65535,1,3,333,4816,1,1,1,49,4816,28,1,1,allocated
239,798,low_traffic,0,0,65535_65535,1,4,333,4816,0,1,0,49,0,28,1,1,pre_allocation
239,798,low_traffic,0,0,65535_65535,1,4,333,4915,1,1,1,50,4915,28,1,1,allocated
239,798,low_traffic,0,0,65535_65535,1,3,333,4816,0,1,0,49,0,28,1,1,pre_allocation
239,798,low_traffic,0,0,65535_65535,1,3,333,4915,1,1,1,50,4915,28,1,1,allocated
239,798,low_traffic,0,0,65535_65535,1,4,333,4915,0,1,0,50,0,28,1,1,pre_allocation
239,798,low_traffic,0,0,65535_65535,1,4,333,5014,1,1,1,51,5014,28,1,1,allocated
239,798,low_traffic,0,0,65535_65535,1,3,333,4915,0,1,0,50,0,28,1,1,pre_allocation
239,798,low_traffic,0,0,65535_65535,1,3,333,5014,1,1,1,51,5014,28,1,1,allocated
239,798,low_traffic,0,0,65535_65535,1,4,333,5014,0,1,0,51,0,28,1,1,pre_allocation
239,798,low_traffic,0,0,65535_65535,1,4,333,5112,1,1,1,52,5112,28,1,1,allocated
239,798,low_traffic,0,0,65535_65535,1,3,333,5014,0,1,0,51,0,28,1,1,pre_allocation
239,798,low_traffic,0,0,65535_65535,1,3,333,5112,1,1,1,52,5112,28,1,1,allocated
239,798,low_traffic,0,0,65535_65535,1,4,333,5112,0,1,0,52,0,28,1,1,pre_allocation
239,798,low_traffic,0,0,65535_65535,1,4,333,5211,1,1,1,53,5211,28,1,1,allocated
239,798,low_traffic,0,0,65535_65535,1,3,333,5112,0,1,0,52,0,28,1,1,pre_allocation
239,798,low_traffic,0,0,65535_65535,1,3,333,5211,1,1,1,53,5211,28,1,1,allocated
239,798,low_traffic,0,0,65535_65535,1,4,333,5211,0,1,0,53,0,28,1,1,pre_allocation
239,798,low_traffic,0,0,65535_65535,1,4,333,5310,1,1,1,54,5310,28,1,1,allocated
239,798,low_traffic,0,0,65535_65535,1,3,333,5211,0,1,0,53,0,28,1,1,pre_allocation
239,798,low_traffic,0,0,65535_65535,1,3,333,5310,1,1,1,54,5310,28,1,1,allocated
239,798,low_traffic,0,0,65535_65535,1,4,333,5310,0,1,0,54,0,28,1,1,pre_allocation
239,798,low_traffic,0,0,65535_65535,1,4,333,5405,1,1,1,55,5405,28,1,1,allocated
239,798,low_traffic,0,0,65535_65535,1,3,333,5310,0,1,0,54,0,28,1,1,pre_allocation
239,798,low_traffic,0,0,65535_65535,1,3,333,5405,1,1,1,55,5405,28,1,1,allocated
239,798,low_traffic,0,0,65535_65535,1,4,333,5405,0,1,0,55,0,28,1,1,pre_allocation
239,798,low_traffic,0,0,65535_65535,1,4,333,5504,1,1,1,56,5504,28,1,1,allocated
239,798,low_traffic,0,0,65535_65535,1,3,333,5405,0,1,0,55,0,28,1,1,pre_allocation
239,798,low_traffic,0,0,65535_65535,1,3,333,5504,1,1,1,56,5504,28,1,1,allocated
239,798,low_traffic,0,0,65535_65535,1,4,333,5504,0,1,0,56,0,28,1,1,pre_allocation
239,798,low_traffic,0,0,65535_65535,1,4,333,5603,1,1,1,57,5603,28,1,1,allocated
239,798,low_traffic,0,0,65535_65535,1,3,333,5504,0,1,0,56,0,28,1,1,pre_allocation
239,798,low_traffic,0,0,65535_65535,1,3,333,5603,1,1,1,57,5603,28,1,1,allocated
239,798,low_traffic,0,0,65535_65535,1,4,333,5603,0,1,0,57,0,28,1,1,pre_allocation
239,798,low_traffic,0,0,65535_65535,1,4,333,5701,1,1,1,58,5701,28,1,1,allocated
239,798,low_traffic,0,0,65535_65535,1,3,333,5603,0,1,0,57,0,28,1,1,pre_allocation
239,798,low_traffic,0,0,65535_65535,1,3,333,5701,1,1,1,58,5701,28,1,1,allocated
239,798,low_traffic,0,0,65535_65535,1,4,333,5701,0,1,0,58,0,28,1,1,pre_allocation
239,798,low_traffic,0,0,65535_65535,1,4,333,5800,1,1,1,59,5800,28,1,1,allocated
239,798,low_traffic,0,0,65535_65535,1,3,333,5701,0,1,0,58,0,28,1,1,pre_allocation
239,798,low_traffic,0,0,65535_65535,1,3,333,5800,1,1,1,59,5800,28,1,1,allocated
239,798,low_traffic,0,0,65535_65535,1,4,333,5800,0,1,0,59,0,28,1,1,pre_allocation
239,798,low_traffic,0,0,65535_65535,1,4,333,5899,1,1,1,60,5899,28,1,1,allocated
239,798,low_traffic,0,0,65535_65535,1,3,333,5800,0,1,0,59,0,28,1,1,pre_allocation
239,798,low_traffic,0,0,65535_65535,1,3,333,5899,1,1,1,60,5899,28,1,1,allocated
239,798,low_traffic,0,0,65535_65535,1,4,333,5899,0,1,0,60,0,28,1,1,pre_allocation
239,798,low_traffic,0,0,65535_65535,1,4,333,5997,1,1,1,61,5997,28,1,1,allocated
239,798,low_traffic,0,0,65535_65535,1,3,333,5899,0,1,0,60,0,28,1,1,pre_allocation
239,798,low_traffic,0,0,65535_65535,1,3,333,5997,1,1,1,61,5997,28,1,1,allocated
239,798,low_traffic,0,0,65535_65535,1,4,333,5997,0,1,0,61,0,28,1,1,pre_allocation
239,798,low_traffic,0,0,65535_65535,1,4,333,6096,1,1,1,62,6096,28,1,1,allocated
239,798,low_traffic,0,0,65535_65535,1,3,333,5997,0,1,0,61,0,28,1,1,pre_allocation
239,798,low_traffic,0,0,65535_65535,1,3,333,6096,1,1,1,62,6096,28,1,1,allocated
239,798,low_traffic,0,0,65535_65535,1,4,333,6096,0,1,0,62,0,28,1,1,pre_allocation
239,798,low_traffic,0,0,65535_65535,1,4,333,6192,1,1,1,63,6192,28,1,1,allocated
239,798,low_traffic,0,0,65535_65535,1,3,333,6096,0,1,0,62,0,28,1,1,pre_allocation
239,798,low_traffic,0,0,65535_65535,1,3,333,6192,1,1,1,63,6192,28,1,1,allocated
239,798,low_traffic,0,0,65535_65535,1,4,333,6192,0,1,0,63,0,28,1,1,pre_allocation
239,798,low_traffic,0,0,65535_65535,1,4,333,6290,1,1,1,64,6290,28,1,1,allocated
239,798,low_traffic,0,0,65535_65535,1,3,333,6192,0,1,0,63,0,28,1,1,pre_allocation
239,798,low_traffic,0,0,65535_65535,1,3,333,6290,1,1,1,64,6290,28,1,1,allocated
239,798,low_traffic,0,0,65535_65535,1,4,333,6290,0,1,0,64,0,28,1,1,pre_allocation
239,798,low_traffic,0,0,65535_65535,1,4,333,6389,1,1,1,65,6389,28,1,1,allocated
239,798,low_traffic,0,0,65535_65535,1,3,333,6290,0,1,0,64,0,28,1,1,pre_allocation
239,798,low_traffic,0,0,65535_65535,1,3,333,6389,1,1,1,65,6389,28,1,1,allocated
239,798,low_traffic,0,0,65535_65535,1,4,333,6389,0,1,0,65,0,28,1,1,pre_allocation
239,798,low_traffic,0,0,65535_65535,1,4,333,6488,1,1,1,66,6488,28,1,1,allocated
239,798,low_traffic,0,0,65535_65535,1,3,333,6389,0,1,0,65,0,28,1,1,pre_allocation
239,798,low_traffic,0,0,65535_65535,1,3,333,6488,1,1,1,66,6488,28,1,1,allocated
239,798,low_traffic,0,0,65535_65535,1,4,333,6488,0,1,0,66,0,28,1,1,pre_allocation
239,798,low_traffic,0,0,65535_65535,1,4,333,6586,1,1,1,67,6586,28,1,1,allocated
239,798,low_traffic,0,0,65535_65535,1,3,333,6488,0,1,0,66,0,28,1,1,pre_allocation
239,798,low_traffic,0,0,65535_65535,1,3,333,6586,1,1,1,67,6586,28,1,1,allocated
239,798,low_traffic,0,0,65535_65535,1,4,333,6586,0,1,0,67,0,28,1,1,pre_allocation
239,798,low_traffic,0,0,65535_65535,1,4,333,6685,1,1,1,68,6685,28,1,1,allocated
239,798,low_traffic,0,0,65535_65535,1,3,333,6586,0,1,0,67,0,28,1,1,pre_allocation
239,798,low_traffic,0,0,65535_65535,1,3,333,6685,1,1,1,68,6685,28,1,1,allocated
239,798,low_traffic,0,0,65535_65535,1,4,333,6685,0,1,0,68,0,28,1,1,pre_allocation
239,798,low_traffic,0,0,65535_65535,1,4,333,6784,1,1,1,69,6784,28,1,1,allocated
239,798,low_traffic,0,0,65535_65535,1,3,333,6685,0,1,0,68,0,28,1,1,pre_allocation
239,798,low_traffic,0,0,65535_65535,1,3,333,6784,1,1,1,69,6784,28,1,1,allocated
239,798,low_traffic,0,0,65535_65535,1,4,333,6784,0,1,0,69,0,28,1,1,pre_allocation
239,798,low_traffic,0,0,65535_65535,1,4,333,6882,1,1,1,70,6882,28,1,1,allocated
239,798,low_traffic,0,0,65535_65535,1,3,333,6784,0,1,0,69,0,28,1,1,pre_allocation
239,798,low_traffic,0,0,65535_65535,1,3,333,6882,1,1,1,70,6882,28,1,1,allocated
239,798,low_traffic,0,0,65535_65535,1,4,333,6882,0,1,0,70,0,28,1,1,pre_allocation
239,798,low_traffic,0,0,65535_65535,1,4,333,6978,1,1,1,71,6978,28,1,1,allocated
239,798,low_traffic,0,0,65535_65535,1,3,333,6882,0,1,0,70,0,28,1,1,pre_allocation
239,798,low_traffic,0,0,65535_65535,1,3,333,6978,1,1,1,71,6978,28,1,1,allocated
239,798,low_traffic,0,0,65535_65535,1,4,333,6978,0,1,0,71,0,28,1,1,pre_allocation
239,798,low_traffic,0,0,65535_65535,1,4,333,7077,1,1,1,72,7077,28,1,1,allocated
239,798,low_traffic,0,0,65535_65535,1,3,333,6978,0,1,0,71,0,28,1,1,pre_allocation
239,798,low_traffic,0,0,65535_65535,1,3,333,7077,1,1,1,72,7077,28,1,1,allocated
239,798,low_traffic,0,0,65535_65535,1,4,333,7077,0,1,0,72,0,28,1,1,pre_allocation
239,798,low_traffic,0,0,65535_65535,1,4,333,7175,1,1,1,73,7175,28,1,1,allocated
239,798,low_traffic,0,0,65535_65535,1,3,333,7077,0,1,0,72,0,28,1,1,pre_allocation
239,798,low_traffic,0,0,65535_65535,1,3,333,7175,1,1,1,73,7175,28,1,1,allocated
239,798,low_traffic,0,0,65535_65535,1,4,333,7175,0,1,0,73,0,28,1,1,pre_allocation
239,798,low_traffic,0,0,65535_65535,1,4,333,7274,1,1,1,74,7274,28,1,1,allocated
239,798,low_traffic,0,0,65535_65535,1,3,333,7175,0,1,0,73,0,28,1,1,pre_allocation
239,798,low_traffic,0,0,65535_65535,1,3,333,7274,1,1,1,74,7274,28,1,1,allocated
239,798,low_traffic,0,0,65535_65535,1,4,333,7274,0,1,0,74,0,28,1,1,pre_allocation
239,798,low_traffic,0,0,65535_65535,1,4,333,7373,1,1,1,75,7373,28,1,1,allocated
239,798,low_traffic,0,0,65535_65535,1,3,333,7274,0,1,0,74,0,28,1,1,pre_allocation
239,798,low_traffic,0,0,65535_65535,1,3,333,7373,1,1,1,75,7373,28,1,1,allocated
239,798,low_traffic,0,0,65535_65535,1,4,333,7373,0,1,0,75,0,28,1,1,pre_allocation
239,798,low_traffic,0,0,65535_65535,1,4,333,7471,1,1,1,76,7471,28,1,1,allocated
239,798,low_traffic,0,0,65535_65535,1,3,333,7373,0,1,0,75,0,28,1,1,pre_allocation
239,798,low_traffic,0,0,65535_65535,1,3,333,7471,1,1,1,76,7471,28,1,1,allocated
239,798,low_traffic,0,0,65535_65535,1,4,333,7471,0,1,0,76,0,28,1,1,pre_allocation
239,798,low_traffic,0,0,65535_65535,1,4,333,7570,1,1,1,77,7570,28,1,1,allocated
239,798,low_traffic,0,0,65535_65535,1,3,333,7471,0,1,0,76,0,28,1,1,pre_allocation
239,798,low_traffic,0,0,65535_65535,1,3,333,7570,1,1,1,77,7570,28,1,1,allocated
239,798,low_traffic,0,0,65535_65535,1,4,333,7570,0,1,0,77,0,28,1,1,pre_allocation
239,798,low_traffic,0,0,65535_65535,1,4,333,7666,1,1,1,78,7666,28,1,1,allocated
239,798,low_traffic,0,0,65535_65535,1,3,333,7570,0,1,0,77,0,28,1,1,pre_allocation
239,798,low_traffic,0,0,65535_65535,1,3,333,7666,1,1,1,78,7666,28,1,1,allocated
239,798,low_traffic,0,0,65535_65535,1,4,333,7666,0,1,0,78,0,28,1,1,pre_allocation
239,798,low_traffic,0,0,65535_65535,1,4,333,7764,1,1,1,79,7764,28,1,1,allocated
239,798,low_traffic,0,0,65535_65535,1,3,333,7666,0,1,0,78,0,28,1,1,pre_allocation
239,798,low_traffic,0,0,65535_65535,1,3,333,7764,1,1,1,79,7764,28,1,1,allocated
239,798,low_traffic,0,0,65535_65535,1,4,333,7764,0,1,0,79,0,28,1,1,pre_allocation
239,798,low_traffic,0,0,65535_65535,1,4,333,7863,1,1,1,80,7863,28,1,1,allocated
239,798,low_traffic,0,0,65535_65535,1,3,333,7764,0,1,0,79,0,28,1,1,pre_allocation
239,798,low_traffic,0,0,65535_65535,1,3,333,7863,1,1,1,80,7863,28,1,1,allocated
239,798,low_traffic,0,0,65535_65535,1,4,333,7863,0,1,0,80,0,28,1,1,pre_allocation
239,798,low_traffic,0,0,65535_65535,1,4,333,7962,1,1,1,81,7962,28,1,1,allocated
239,798,low_traffic,0,0,65535_65535,1,3,333,7863,0,1,0,80,0,28,1,1,pre_allocation
239,798,low_traffic,0,0,65535_65535,1,3,333,7962,1,1,1,81,7962,28,1,1,allocated
239,798,low_traffic,0,0,65535_65535,1,4,333,7962,0,1,0,81,0,28,1,1,pre_allocation
239,798,low_traffic,0,0,65535_65535,1,4,333,8060,1,1,1,82,8060,28,1,1,allocated
239,798,low_traffic,0,0,65535_65535,1,3,333,7962,0,1,0,81,0,28,1,1,pre_allocation
239,798,low_traffic,0,0,65535_65535,1,3,333,8060,1,1,1,82,8060,28,1,1,allocated
239,798,low_traffic,0,0,65535_65535,1,4,333,8060,0,1,0,82,0,28,1,1,pre_allocation
239,798,low_traffic,0,0,65535_65535,1,4,333,8159,1,1,1,83,8159,28,1,1,allocated
239,798,low_traffic,0,0,65535_65535,1,3,333,8060,0,1,0,82,0,28,1,1,pre_allocation
239,798,low_traffic,0,0,65535_65535,1,3,333,8159,1,1,1,83,8159,28,1,1,allocated
239,798,low_traffic,0,0,65535_65535,1,4,333,8159,0,1,0,83,0,28,1,1,pre_allocation
239,798,low_traffic,0,0,65535_65535,1,4,333,8258,1,1,1,84,8258,28,1,1,allocated
239,798,low_traffic,0,0,65535_65535,1,3,333,8159,0,1,0,83,0,28,1,1,pre_allocation
239,798,low_traffic,0,0,65535_65535,1,3,333,8258,1,1,1,84,8258,28,1,1,allocated
239,798,low_traffic,0,0,65535_65535,1,4,333,8258,0,1,0,84,0,28,1,1,pre_allocation
239,798,low_traffic,0,0,65535_65535,1,4,333,8356,1,1,1,85,8356,28,1,1,allocated
239,798,low_traffic,0,0,65535_65535,1,3,333,8258,0,1,0,84,0,28,1,1,pre_allocation
239,798,low_traffic,0,0,65535_65535,1,3,333,8356,1,1,1,85,8356,28,1,1,allocated
239,798,low_traffic,0,0,65535_65535,1,4,333,8356,0,1,0,85,0,28,1,1,pre_allocation
239,798,low_traffic,0,0,65535_65535,1,4,333,8452,1,1,1,86,8452,28,1,1,allocated
239,798,low_traffic,0,0,65535_65535,1,3,333,8356,0,1,0,85,0,28,1,1,pre_allocation
239,798,low_traffic,0,0,65535_65535,1,3,333,8452,1,1,1,86,8452,28,1,1,allocated
239,798,low_traffic,0,0,65535_65535,1,4,333,8452,0,1,0,86,0,28,1,1,pre_allocation
239,798,low_traffic,0,0,65535_65535,1,4,333,8551,1,1,1,87,8551,28,1,1,allocated
239,798,low_traffic,0,0,65535_65535,1,3,333,8452,0,1,0,86,0,28,1,1,pre_allocation
239,798,low_traffic,0,0,65535_65535,1,3,333,8551,1,1,1,87,8551,28,1,1,allocated
239,798,low_traffic,0,0,65535_65535,1,4,333,8551,0,1,0,87,0,28,1,1,pre_allocation
239,798,low_traffic,0,0,65535_65535,1,4,333,8649,1,1,1,88,8649,28,1,1,allocated
239,798,low_traffic,0,0,65535_65535,1,3,333,8551,0,1,0,87,0,28,1,1,pre_allocation
239,798,low_traffic,0,0,65535_65535,1,3,333,8649,1,1,1,88,8649,28,1,1,allocated
239,798,low_traffic,0,0,65535_65535,1,4,333,8649,0,1,0,88,0,28,1,1,pre_allocation
239,798,low_traffic,0,0,65535_65535,1,4,333,8748,1,1,1,89,8748,28,1,1,allocated
239,798,low_traffic,0,0,65535_65535,1,3,333,8649,0,1,0,88,0,28,1,1,pre_allocation
239,798,low_traffic,0,0,65535_65535,1,3,333,8748,1,1,1,89,8748,28,1,1,allocated
239,798,low_traffic,0,0,65535_65535,1,4,333,8748,0,1,0,89,0,28,1,1,pre_allocation
239,798,low_traffic,0,0,65535_65535,1,4,333,8847,1,1,1,90,8847,28,1,1,allocated
239,798,low_traffic,0,0,65535_65535,1,3,333,8748,0,1,0,89,0,28,1,1,pre_allocation
239,798,low_traffic,0,0,65535_65535,1,3,333,8847,1,1,1,90,8847,28,1,1,allocated
239,798,low_traffic,0,0,65535_65535,1,4,333,8847,0,1,0,90,0,28,1,1,pre_allocation
239,798,low_traffic,0,0,65535_65535,1,4,333,8945,1,1,1,91,8945,28,1,1,allocated
239,798,low_traffic,0,0,65535_65535,1,3,333,8847,0,1,0,90,0,28,1,1,pre_allocation
239,798,low_traffic,0,0,65535_65535,1,3,333,8945,1,1,1,91,8945,28,1,1,allocated
239,798,low_traffic,0,0,65535_65535,1,4,333,8945,0,1,0,91,0,28,1,1,pre_allocation
239,798,low_traffic,0,0,65535_65535,1,4,333,9044,1,1,1,92,9044,28,1,1,allocated
239,798,low_traffic,0,0,65535_65535,1,3,333,8945,0,1,0,91,0,28,1,1,pre_allocation
239,798,low_traffic,0,0,65535_65535,1,3,333,9044,1,1,1,92,9044,28,1,1,allocated
239,798,low_traffic,0,0,65535_65535,1,4,333,9044,0,1,0,92,0,28,1,1,pre_allocation
239,798,low_traffic,0,0,65535_65535,1,4,333,9143,1,1,1,93,9143,28,1,1,allocated
239,798,low_traffic,0,0,65535_65535,1,3,333,9044,0,1,0,92,0,28,1,1,pre_allocation
239,798,low_traffic,0,0,65535_65535,1,3,333,9143,1,1,1,93,9143,28,1,1,allocated
239,798,low_traffic,0,0,65535_65535,1,4,333,9143,0,1,0,93,0,28,1,1,pre_allocation
239,798,low_traffic,0,0,65535_65535,1,4,333,9238,1,1,1,94,9238,28,1,1,allocated
239,798,low_traffic,0,0,65535_65535,1,3,333,9143,0,1,0,93,0,28,1,1,pre_allocation
239,798,low_traffic,0,0,65535_65535,1,3,333,9238,1,1,1,94,9238,28,1,1,allocated
239,798,low_traffic,0,0,65535_65535,1,4,333,9238,0,1,0,94,0,28,1,1,pre_allocation
239,798,low_traffic,0,0,65535_65535,1,4,333,9337,1,1,1,95,9337,28,1,1,allocated
239,798,low_traffic,0,0,65535_65535,1,3,333,9238,0,1,0,94,0,28,1,1,pre_allocation
239,798,low_traffic,0,0,65535_65535,1,3,333,9337,1,1,1,95,9337,28,1,1,allocated
239,798,low_traffic,0,0,65535_65535,1,4,333,9337,0,1,0,95,0,28,1,1,pre_allocation
239,798,low_traffic,0,0,65535_65535,1,4,333,9436,1,1,1,96,9436,28,1,1,allocated
239,798,low_traffic,0,0,65535_65535,1,3,333,9337,0,1,0,95,0,28,1,1,pre_allocation
239,798,low_traffic,0,0,65535_65535,1,3,333,9436,1,1,1,96,9436,28,1,1,allocated
239,798,low_traffic,0,0,65535_65535,1,4,333,9436,0,1,0,96,0,28,1,1,pre_allocation
239,798,low_traffic,0,0,65535_65535,1,4,333,9534,1,1,1,97,9534,28,1,1,allocated
239,798,low_traffic,0,0,65535_65535,1,3,333,9436,0,1,0,96,0,28,1,1,pre_allocation
239,798,low_traffic,0,0,65535_65535,1,3,333,9534,1,1,1,97,9534,28,1,1,allocated
239,798,low_traffic,0,0,65535_65535,1,4,333,9534,0,1,0,97,0,28,1,1,pre_allocation
239,798,low_traffic,0,0,65535_65535,1,4,333,9633,1,1,1,98,9633,28,1,1,allocated
239,798,low_traffic,0,0,65535_65535,1,3,333,9534,0,1,0,97,0,28,1,1,pre_allocation
239,798,low_traffic,0,0,65535_65535,1,3,333,9633,1,1,1,98,9633,28,1,1,allocated
239,798,low_traffic,0,0,65535_65535,1,4,333,9633,0,1,0,98,0,28,1,1,pre_allocation
239,798,low_traffic,0,0,65535_65535,1,4,333,9732,1,1,1,99,9732,28,1,1,allocated
239,798,low_traffic,0,0,65535_65535,1,3,333,9633,0,1,0,98,0,28,1,1,pre_allocation
239,798,low_traffic,0,0,65535_65535,1,3,333,9732,1,1,1,99,9732,28,1,1,allocated
239,798,low_traffic,0,0,65535_65535,1,4,333,9732,0,1,0,99,0,28,1,1,pre_allocation
239,798,low_traffic,0,0,65535_65535,1,4,333,9831,1,1,1,100,9831,28,1,1,allocated
239,798,low_traffic,0,0,65535_65535,1,3,333,9732,0,1,0,99,0,28,1,1,pre_allocation
239,798,low_traffic,0,0,65535_65535,1,3,333,9831,1,1,1,100,9831,28,1,1,allocated
239,798,low_traffic,0,0,65535_65535,1,4,333,9831,0,1,0,100,0,28,1,1,pre_allocation
239,798,low_traffic,0,0,65535_65535,1,4,333,9929,1,1,1,101,9929,28,1,1,allocated
239,798,low_traffic,0,0,65535_65535,1,3,333,9831,0,1,0,100,0,28,1,1,pre_allocation
239,798,low_traffic,0,0,65535_65535,1,3,333,9929,1,1,1,101,9929,28,1,1,allocated
239,798,low_traffic,0,0,65535_65535,1,4,333,9929,0,1,0,101,0,28,1,1,pre_allocation
239,798,low_traffic,0,0,65535_65535,1,4,333,10025,1,1,1,102,10025,28,1,1,allocated
239,798,low_traffic,0,0,65535_65535,1,3,333,9929,0,1,0,101,0,28,1,1,pre_allocation
239,798,low_traffic,0,0,65535_65535,1,3,333,10025,1,1,1,102,10025,28,1,1,allocated
239,798,low_traffic,0,0,65535_65535,1,4,333,10025,0,1,0,102,0,28,1,1,pre_allocation
239,798,low_traffic,0,0,65535_65535,1,4,333,10124,1,1,1,103,10124,28,1,1,allocated
239,798,low_traffic,0,0,65535_65535,1,3,333,10025,0,1,0,102,0,28,1,1,pre_allocation
239,798,low_traffic,0,0,65535_65535,1,3,333,10124,1,1,1,103,10124,28,1,1,allocated
239,798,low_traffic,0,0,65535_65535,1,4,333,10124,0,1,0,103,0,28,1,1,pre_allocation
239,798,low_traffic,0,0,65535_65535,1,4,333,10222,1,1,1,104,10222,28,1,1,allocated
239,798,low_traffic,0,0,65535_65535,1,3,333,10124,0,1,0,103,0,28,1,1,pre_allocation
239,798,low_traffic,0,0,65535_65535,1,3,333,10222,1,1,1,104,10222,28,1,1,allocated
306,895,low_traffic,0,0,65535_65535,0,2,473881,0,0,1,0,0,0,28,1,1,pre_allocation
306,895,low_traffic,0,0,65535_65535,0,2,473881,4,1,1,1,1,4,28,1,1,allocated
306,895,low_traffic,0,0,65535_65535,0,1,577589,0,0,1,0,0,0,26,1,1,pre_allocation
306,895,low_traffic,0,0,65535_65535,0,1,577589,4,1,1,1,1,4,26,1,1,allocated
306,895,low_traffic,0,0,65535_65535,0,2,473881,4,0,1,0,1,0,28,1,1,pre_allocation
306,895,low_traffic,0,0,65535_65535,0,2,473881,12,1,1,1,2,12,28,1,1,allocated
306,895,low_traffic,0,0,65535_65535,0,1,577589,4,0,1,0,1,0,26,1,1,pre_allocation
306,895,low_traffic,0,0,65535_65535,0,1,577589,11,1,1,1,2,11,26,1,1,allocated
306,895,low_traffic,0,0,65535_65535,0,2,473881,12,0,1,0,2,0,28,1,1,pre_allocation
306,895,low_traffic,0,0,65535_65535,0,2,473881,19,1,1,1,3,19,28,1,1,allocated
306,895,low_traffic,0,0,65535_65535,0,1,577589,11,0,1,0,2,0,26,1,1,pre_allocation
306,895,low_traffic,0,0,65535_65535,0,1,577589,18,1,1,1,3,18,26,1,1,allocated
306,895,low_traffic,0,0,65535_65535,0,2,473881,19,0,1,0,3,0,28,1,1,pre_allocation
306,895,low_traffic,0,0,65535_65535,0,2,473881,27,1,1,1,4,27,28,1,1,allocated
306,895,low_traffic,0,0,65535_65535,0,1,577589,18,0,1,0,3,0,26,1,1,pre_allocation
306,895,low_traffic,0,0,65535_65535,0,1,577589,25,1,1,1,4,25,26,1,1,allocated
306,895,low_traffic,0,0,65535_65535,0,2,473881,27,0,1,0,4,0,28,1,1,pre_allocation
306,895,low_traffic,0,0,65535_65535,0,2,473881,34,1,1,1,5,34,28,1,1,allocated
306,895,low_traffic,0,0,65535_65535,0,1,577589,25,0,1,0,4,0,26,1,1,pre_allocation
306,895,low_traffic,0,0,65535_65535,0,1,577589,32,1,1,1,5,32,26,1,1,allocated
306,895,low_traffic,0,0,65535_65535,0,2,473881,34,0,1,0,5,0,28,1,1,pre_allocation
306,895,low_traffic,0,0,65535_65535,0,2,473881,42,1,1,1,6,42,28,1,1,allocated
306,895,low_traffic,0,0,65535_65535,0,1,577589,32,0,1,0,5,0,26,1,1,pre_allocation
306,895,low_traffic,0,0,65535_65535,0,1,577589,39,1,1,1,6,39,26,1,1,allocated
306,895,low_traffic,0,0,65535_65535,0,2,473881,42,0,1,0,6,0,28,1,1,pre_allocation
306,895,low_traffic,0,0,65535_65535,0,2,473881,50,1,1,1,7,50,28,1,1,allocated
306,895,low_traffic,0,0,65535_65535,0,1,577589,39,0,1,0,6,0,26,1,1,pre_allocation
306,895,low_traffic,0,0,65535_65535,0,1,577589,46,1,1,1,7,46,26,1,1,allocated
306,895,low_traffic,0,0,65535_65535,0,2,473881,50,0,1,0,7,0,28,1,1,pre_allocation
306,895,low_traffic,0,0,65535_65535,0,2,473881,57,1,1,1,8,57,28,1,1,allocated
306,895,low_traffic,0,0,65535_65535,0,1,577589,46,0,1,0,7,0,26,1,1,pre_allocation
306,895,low_traffic,0,0,65535_65535,0,1,577589,53,1,1,1,8,53,26,1,1,allocated
306,895,low_traffic,0,0,65535_65535,0,2,473881,57,0,1,0,8,0,28,1,1,pre_allocation
306,895,low_traffic,0,0,65535_65535,0,2,473881,65,1,1,1,9,65,28,1,1,allocated
306,895,low_traffic,0,0,65535_65535,0,1,577589,53,0,1,0,8,0,26,1,1,pre_allocation
306,895,low_traffic,0,0,65535_65535,0,1,577589,60,1,1,1,9,60,26,1,1,allocated
306,895,low_traffic,0,0,65535_65535,0,2,473881,65,0,1,0,9,0,28,1,1,pre_allocation
306,895,low_traffic,0,0,65535_65535,0,2,473881,72,1,1,1,10,72,28,1,1,allocated
306,895,low_traffic,0,0,65535_65535,0,1,577589,60,0,1,0,9,0,26,1,1,pre_allocation
306,895,low_traffic,0,0,65535_65535,0,1,577589,67,1,1,1,10,67,26,1,1,allocated
306,895,low_traffic,0,0,65535_65535,0,2,473881,72,0,1,0,10,0,28,1,1,pre_allocation
306,895,low_traffic,0,0,65535_65535,0,2,473881,80,1,1,1,11,80,28,1,1,allocated
306,895,low_traffic,0,0,65535_65535,0,1,577589,67,0,1,0,10,0,26,1,1,pre_allocation
306,895,low_traffic,0,0,65535_65535,0,1,577589,74,1,1,1,11,74,26,1,1,allocated
306,895,low_traffic,0,0,65535_65535,0,2,473881,80,0,1,0,11,0,28,1,1,pre_allocation
306,895,low_traffic,0,0,65535_65535,0,2,473881,88,1,1,1,12,88,28,1,1,allocated
306,895,low_traffic,0,0,65535_65535,0,1,577589,74,0,1,0,11,0,26,1,1,pre_allocation
306,895,low_traffic,0,0,65535_65535,0,1,577589,81,1,1,1,12,81,26,1,1,allocated
306,895,low_traffic,0,0,65535_65535,0,2,473881,88,0,1,0,12,0,28,1,1,pre_allocation
306,895,low_traffic,0,0,65535_65535,0,2,473881,95,1,1,1,13,95,28,1,1,allocated
306,895,low_traffic,0,0,65535_65535,0,1,577589,81,0,1,0,12,0,26,1,1,pre_allocation
306,895,low_traffic,0,0,65535_65535,0,1,577589,88,1,1,1,13,88,26,1,1,allocated
306,895,low_traffic,0,0,65535_65535,0,2,473881,95,0,1,0,13,0,28,1,1,pre_allocation
306,895,low_traffic,0,0,65535_65535,0,2,473881,103,1,1,1,14,103,28,1,1,allocated
306,895,low_traffic,0,0,65535_65535,0,1,577589,88,0,1,0,13,0,26,1,1,pre_allocation
306,895,low_traffic,0,0,65535_65535,0,1,577589,95,1,1,1,14,95,26,1,1,allocated
306,895,low_traffic,0,0,65535_65535,0,2,473881,103,0,1,0,14,0,28,1,1,pre_allocation
306,895,low_traffic,0,0,65535_65535,0,2,473881,110,1,1,1,15,110,28,1,1,allocated
306,895,low_traffic,0,0,65535_65535,0,1,577589,95,0,1,0,14,0,26,1,1,pre_allocation
306,895,low_traffic,0,0,65535_65535,0,1,577589,102,1,1,1,15,102,26,1,1,allocated
306,895,low_traffic,0,0,65535_65535,0,2,473881,110,0,1,0,15,0,28,1,1,pre_allocation
306,895,low_traffic,0,0,65535_65535,0,2,473881,118,1,1,1,16,118,28,1,1,allocated
306,895,low_traffic,0,0,65535_65535,0,1,577589,102,0,1,0,15,0,26,1,1,pre_allocation
306,895,low_traffic,0,0,65535_65535,0,1,577589,109,1,1,1,16,109,26,1,1,allocated
306,895,low_traffic,0,0,65535_65535,0,2,473881,118,0,1,0,16,0,28,1,1,pre_allocation
306,895,low_traffic,0,0,65535_65535,0,2,473881,126,1,1,1,17,126,28,1,1,allocated
306,895,low_traffic,0,0,65535_65535,0,1,577589,109,0,1,0,16,0,26,1,1,pre_allocation
306,895,low_traffic,0,0,65535_65535,0,1,577589,116,1,1,1,17,116,26,1,1,allocated
306,895,low_traffic,0,0,65535_65535,0,2,473881,126,0,1,0,17,0,28,1,1,pre_allocation
306,895,low_traffic,0,0,65535_65535,0,2,473881,133,1,1,1,18,133,28,1,1,allocated
306,895,low_traffic,0,0,65535_65535,0,1,577589,116,0,1,0,17,0,26,1,1,pre_allocation
306,895,low_traffic,0,0,65535_65535,0,1,577589,123,1,1,1,18,123,26,1,1,allocated
306,895,low_traffic,0,0,65535_65535,0,2,473881,133,0,1,0,18,0,28,1,1,pre_allocation
306,895,low_traffic,0,0,65535_65535,0,2,473881,141,1,1,1,19,141,28,1,1,allocated
306,895,low_traffic,0,0,65535_65535,0,1,577589,123,0,1,0,18,0,26,1,1,pre_allocation
306,895,low_traffic,0,0,65535_65535,0,1,577589,130,1,1,1,19,130,26,1,1,allocated
306,895,low_traffic,0,0,65535_65535,0,2,473881,141,0,1,0,19,0,28,1,1,pre_allocation
306,895,low_traffic,0,0,65535_65535,0,2,473881,148,1,1,1,20,148,28,1,1,allocated
306,895,low_traffic,0,0,65535_65535,0,1,577589,130,0,1,0,19,0,26,1,1,pre_allocation
306,895,low_traffic,0,0,65535_65535,0,1,577589,137,1,1,1,20,137,26,1,1,allocated
306,895,low_traffic,0,0,65535_65535,0,2,473881,148,0,1,0,20,0,28,1,1,pre_allocation
306,895,low_traffic,0,0,65535_65535,0,2,473881,156,1,1,1,21,156,28,1,1,allocated
306,895,low_traffic,0,0,65535_65535,0,1,577589,137,0,1,0,20,0,26,1,1,pre_allocation
306,895,low_traffic,0,0,65535_65535,0,1,577589,144,1,1,1,21,144,26,1,1,allocated
306,895,low_traffic,0,0,65535_65535,0,2,473881,156,0,1,0,21,0,28,1,1,pre_allocation
306,895,low_traffic,0,0,65535_65535,0,2,473881,163,1,1,1,22,163,28,1,1,allocated
306,895,low_traffic,0,0,65535_65535,0,1,577589,144,0,1,0,21,0,26,1,1,pre_allocation
306,895,low_traffic,0,0,65535_65535,0,1,577589,151,1,1,1,22,151,26,1,1,allocated
306,895,low_traffic,0,0,65535_65535,1,4,333,0,0,1,0,0,0,28,1,1,pre_allocation
306,895,low_traffic,0,0,65535_65535,1,4,333,4,1,1,1,1,4,28,1,1,allocated
306,895,low_traffic,0,0,65535_65535,1,3,333,0,0,1,0,0,0,28,1,1,pre_allocation
306,895,low_traffic,0,0,65535_65535,1,3,333,4,1,1,1,1,4,28,1,1,allocated
306,895,low_traffic,0,0,65535_65535,1,4,333,4,0,1,0,1,0,28,1,1,pre_allocation
306,895,low_traffic,0,0,65535_65535,1,4,333,12,1,1,1,2,12,28,1,1,allocated
306,895,low_traffic,0,0,65535_65535,1,3,333,4,0,1,0,1,0,28,1,1,pre_allocation
306,895,low_traffic,0,0,65535_65535,1,3,333,12,1,1,1,2,12,28,1,1,allocated
306,895,low_traffic,0,0,65535_65535,1,4,333,12,0,1,0,2,0,28,1,1,pre_allocation
306,895,low_traffic,0,0,65535_65535,1,4,333,19,1,1,1,3,19,28,1,1,allocated
306,895,low_traffic,0,0,65535_65535,1,3,333,12,0,1,0,2,0,28,1,1,pre_allocation
306,895,low_traffic,0,0,65535_65535,1,3,333,19,1,1,1,3,19,28,1,1,allocated
306,895,low_traffic,0,0,65535_65535,1,4,333,19,0,1,0,3,0,28,1,1,pre_allocation
306,895,low_traffic,0,0,65535_65535,1,4,333,27,1,1,1,4,27,28,1,1,allocated
306,895,low_traffic,0,0,65535_65535,1,3,333,19,0,1,0,3,0,28,1,1,pre_allocation
306,895,low_traffic,0,0,65535_65535,1,3,333,27,1,1,1,4,27,28,1,1,allocated
306,895,low_traffic,0,0,65535_65535,1,4,333,27,0,1,0,4,0,28,1,1,pre_allocation
306,895,low_traffic,0,0,65535_65535,1,4,333,34,1,1,1,5,34,28,1,1,allocated
306,895,low_traffic,0,0,65535_65535,1,3,333,27,0,1,0,4,0,28,1,1,pre_allocation
306,895,low_traffic,0,0,65535_65535,1,3,333,34,1,1,1,5,34,28,1,1,allocated
306,895,low_traffic,0,0,65535_65535,1,4,333,34,0,1,0,5,0,28,1,1,pre_allocation
306,895,low_traffic,0,0,65535_65535,1,4,333,42,1,1,1,6,42,28,1,1,allocated
306,895,low_traffic,0,0,65535_65535,1,3,333,34,0,1,0,5,0,28,1,1,pre_allocation
306,895,low_traffic,0,0,65535_65535,1,3,333,42,1,1,1,6,42,28,1,1,allocated
306,895,low_traffic,0,0,65535_65535,1,4,333,42,0,1,0,6,0,28,1,1,pre_allocation
306,895,low_traffic,0,0,65535_65535,1,4,333,50,1,1,1,7,50,28,1,1,allocated
306,895,low_traffic,0,0,65535_65535,1,3,333,42,0,1,0,6,0,28,1,1,pre_allocation
306,895,low_traffic,0,0,65535_65535,1,3,333,50,1,1,1,7,50,28,1,1,allocated
306,895,low_traffic,0,0,65535_65535,1,4,333,50,0,1,0,7,0,28,1,1,pre_allocation
306,895,low_traffic,0,0,65535_65535,1,4,333,57,1,1,1,8,57,28,1,1,allocated
306,895,low_traffic,0,0,65535_65535,1,3,333,50,0,1,0,7,0,28,1,1,pre_allocation
306,895,low_traffic,0,0,65535_65535,1,3,333,57,1,1,1,8,57,28,1,1,allocated
306,895,low_traffic,0,0,65535_65535,1,4,333,57,0,1,0,8,0,28,1,1,pre_allocation
306,895,low_traffic,0,0,65535_65535,1,4,333,65,1,1,1,9,65,28,1,1,allocated
306,895,low_traffic,0,0,65535_65535,1,3,333,57,0,1,0,8,0,28,1,1,pre_allocation
306,895,low_traffic,0,0,65535_65535,1,3,333,65,1,1,1,9,65,28,1,1,allocated
306,895,low_traffic,0,0,65535_65535,1,4,333,65,0,1,0,9,0,28,1,1,pre_allocation
306,895,low_traffic,0,0,65535_65535,1,4,333,72,1,1,1,10,72,28,1,1,allocated
306,895,low_traffic,0,0,65535_65535,1,3,333,65,0,1,0,9,0,28,1,1,pre_allocation
306,895,low_traffic,0,0,65535_65535,1,3,333,72,1,1,1,10,72,28,1,1,allocated
306,895,low_traffic,0,0,65535_65535,1,4,333,72,0,1,0,10,0,28,1,1,pre_allocation
306,895,low_traffic,0,0,65535_65535,1,4,333,80,1,1,1,11,80,28,1,1,allocated
306,895,low_traffic,0,0,65535_65535,1,3,333,72,0,1,0,10,0,28,1,1,pre_allocation
306,895,low_traffic,0,0,65535_65535,1,3,333,80,1,1,1,11,80,28,1,1,allocated
306,895,low_traffic,0,0,65535_65535,1,4,333,80,0,1,0,11,0,28,1,1,pre_allocation
306,895,low_traffic,0,0,65535_65535,1,4,333,88,1,1,1,12,88,28,1,1,allocated
306,895,low_traffic,0,0,65535_65535,1,3,333,80,0,1,0,11,0,28,1,1,pre_allocation
306,895,low_traffic,0,0,65535_65535,1,3,333,88,1,1,1,12,88,28,1,1,allocated
306,895,low_traffic,0,0,65535_65535,1,4,333,88,0,1,0,12,0,28,1,1,pre_allocation
306,895,low_traffic,0,0,65535_65535,1,4,333,95,1,1,1,13,95,28,1,1,allocated
306,895,low_traffic,0,0,65535_65535,1,3,333,88,0,1,0,12,0,28,1,1,pre_allocation
306,895,low_traffic,0,0,65535_65535,1,3,333,95,1,1,1,13,95,28,1,1,allocated
306,895,low_traffic,0,0,65535_65535,1,4,333,95,0,1,0,13,0,28,1,1,pre_allocation
306,895,low_traffic,0,0,65535_65535,1,4,333,103,1,1,1,14,103,28,1,1,allocated
306,895,low_traffic,0,0,65535_65535,1,3,333,95,0,1,0,13,0,28,1,1,pre_allocation
306,895,low_traffic,0,0,65535_65535,1,3,333,103,1,1,1,14,103,28,1,1,allocated
306,895,low_traffic,0,0,65535_65535,1,4,333,103,0,1,0,14,0,28,1,1,pre_allocation
306,895,low_traffic,0,0,65535_65535,1,4,333,110,1,1,1,15,110,28,1,1,allocated
306,895,low_traffic,0,0,65535_65535,1,3,333,103,0,1,0,14,0,28,1,1,pre_allocation
306,895,low_traffic,0,0,65535_65535,1,3,333,110,1,1,1,15,110,28,1,1,allocated
306,895,low_traffic,0,0,65535_65535,1,4,333,110,0,1,0,15,0,28,1,1,pre_allocation
306,895,low_traffic,0,0,65535_65535,1,4,333,118,1,1,1,16,118,28,1,1,allocated
306,895,low_traffic,0,0,65535_65535,1,3,333,110,0,1,0,15,0,28,1,1,pre_allocation
306,895,low_traffic,0,0,65535_65535,1,3,333,118,1,1,1,16,118,28,1,1,allocated
306,895,low_traffic,0,0,65535_65535,1,4,333,118,0,1,0,16,0,28,1,1,pre_allocation
306,895,low_traffic,0,0,65535_65535,1,4,333,126,1,1,1,17,126,28,1,1,allocated
306,895,low_traffic,0,0,65535_65535,1,3,333,118,0,1,0,16,0,28,1,1,pre_allocation
306,895,low_traffic,0,0,65535_65535,1,3,333,126,1,1,1,17,126,28,1,1,allocated
306,895,low_traffic,0,0,65535_65535,1,4,333,126,0,1,0,17,0,28,1,1,pre_allocation
306,895,low_traffic,0,0,65535_65535,1,4,333,133,1,1,1,18,133,28,1,1,allocated
306,895,low_traffic,0,0,65535_65535,1,3,333,126,0,1,0,17,0,28,1,1,pre_allocation
306,895,low_traffic,0,0,65535_65535,1,3,333,133,1,1,1,18,133,28,1,1,allocated
306,895,low_traffic,0,0,65535_65535,1,4,333,133,0,1,0,18,0,28,1,1,pre_allocation
306,895,low_traffic,0,0,65535_65535,1,4,333,141,1,1,1,19,141,28,1,1,allocated
306,895,low_traffic,0,0,65535_65535,1,3,333,133,0,1,0,18,0,28,1,1,pre_allocation
306,895,low_traffic,0,0,65535_65535,1,3,333,141,1,1,1,19,141,28,1,1,allocated
306,895,low_traffic,0,0,65535_65535,1,4,333,141,0,1,0,19,0,28,1,1,pre_allocation
306,895,low_traffic,0,0,65535_65535,1,4,333,148,1,1,1,20,148,28,1,1,allocated
306,895,low_traffic,0,0,65535_65535,1,3,333,141,0,1,0,19,0,28,1,1,pre_allocation
306,895,low_traffic,0,0,65535_65535,1,3,333,148,1,1,1,20,148,28,1,1,allocated
306,895,low_traffic,0,0,65535_65535,1,4,333,148,0,1,0,20,0,28,1,1,pre_allocation
306,895,low_traffic,0,0,65535_65535,1,4,333,156,1,1,1,21,156,28,1,1,allocated
306,895,low_traffic,0,0,65535_65535,1,3,333,148,0,1,0,20,0,28,1,1,pre_allocation
306,895,low_traffic,0,0,65535_65535,1,3,333,156,1,1,1,21,156,28,1,1,allocated
306,895,low_traffic,0,0,65535_65535,1,4,333,156,0,1,0,21,0,28,1,1,pre_allocation
306,895,low_traffic,0,0,65535_65535,1,4,333,163,1,1,1,22,163,28,1,1,allocated
306,895,low_traffic,0,0,65535_65535,1,3,333,156,0,1,0,21,0,28,1,1,pre_allocation
306,895,low_traffic,0,0,65535_65535,1,3,333,163,1,1,1,22,163,28,1,1,allocated
306,895,low_traffic,0,0,65535_65535,1,4,333,163,0,1,0,22,0,28,1,1,pre_allocation
306,895,low_traffic,0,0,65535_65535,1,4,333,171,1,1,1,23,171,28,1,1,allocated
306,895,low_traffic,0,0,65535_65535,1,3,333,163,0,1,0,22,0,28,1,1,pre_allocation
306,895,low_traffic,0,0,65535_65535,1,3,333,171,1,1,1,23,171,28,1,1,allocated
306,895,low_traffic,0,0,65535_65535,1,4,333,171,0,1,0,23,0,28,1,1,pre_allocation
306,895,low_traffic,0,0,65535_65535,1,4,333,179,1,1,1,24,179,28,1,1,allocated
306,895,low_traffic,0,0,65535_65535,1,3,333,171,0,1,0,23,0,28,1,1,pre_allocation
306,895,low_traffic,0,0,65535_65535,1,3,333,179,1,1,1,24,179,28,1,1,allocated
306,895,low_traffic,0,0,65535_65535,1,4,333,179,0,1,0,24,0,28,1,1,pre_allocation
306,895,low_traffic,0,0,65535_65535,1,4,333,186,1,1,1,25,186,28,1,1,allocated
306,895,low_traffic,0,0,65535_65535,1,3,333,179,0,1,0,24,0,28,1,1,pre_allocation
306,895,low_traffic,0,0,65535_65535,1,3,333,186,1,1,1,25,186,28,1,1,allocated
306,895,low_traffic,0,0,65535_65535,1,4,333,186,0,1,0,25,0,28,1,1,pre_allocation
306,895,low_traffic,0,0,65535_65535,1,4,333,194,1,1,1,26,194,28,1,1,allocated
306,895,low_traffic,0,0,65535_65535,1,3,333,186,0,1,0,25,0,28,1,1,pre_allocation
306,895,low_traffic,0,0,65535_65535,1,3,333,194,1,1,1,26,194,28,1,1,allocated
306,895,low_traffic,0,0,65535_65535,1,4,333,194,0,1,0,26,0,28,1,1,pre_allocation
306,895,low_traffic,0,0,65535_65535,1,4,333,201,1,1,1,27,201,28,1,1,allocated
306,895,low_traffic,0,0,65535_65535,1,3,333,194,0,1,0,26,0,28,1,1,pre_allocation
306,895,low_traffic,0,0,65535_65535,1,3,333,201,1,1,1,27,201,28,1,1,allocated
306,895,low_traffic,0,0,65535_65535,1,4,333,201,0,1,0,27,0,28,1,1,pre_allocation
306,895,low_traffic,0,0,65535_65535,1,4,333,209,1,1,1,28,209,28,1,1,allocated
306,895,low_traffic,0,0,65535_65535,1,3,333,201,0,1,0,27,0,28,1,1,pre_allocation
306,895,low_traffic,0,0,65535_65535,1,3,333,209,1,1,1,28,209,28,1,1,allocated
306,895,low_traffic,0,0,65535_65535,1,4,333,209,0,1,0,28,0,28,1,1,pre_allocation
306,895,low_traffic,0,0,65535_65535,1,4,333,217,1,1,1,29,217,28,1,1,allocated
306,895,low_traffic,0,0,65535_65535,1,3,333,209,0,1,0,28,0,28,1,1,pre_allocation
306,895,low_traffic,0,0,65535_65535,1,3,333,217,1,1,1,29,217,28,1,1,allocated
306,895,low_traffic,0,0,65535_65535,1,4,333,217,0,1,0,29,0,28,1,1,pre_allocation
306,895,low_traffic,0,0,65535_65535,1,4,333,224,1,1,1,30,224,28,1,1,allocated
306,895,low_traffic,0,0,65535_65535,1,3,333,217,0,1,0,29,0,28,1,1,pre_allocation
306,895,low_traffic,0,0,65535_65535,1,3,333,224,1,1,1,30,224,28,1,1,allocated
306,895,low_traffic,0,0,65535_65535,1,4,333,224,0,1,0,30,0,28,1,1,pre_allocation
306,895,low_traffic,0,0,65535_65535,1,4,333,232,1,1,1,31,232,28,1,1,allocated
306,895,low_traffic,0,0,65535_65535,1,3,333,224,0,1,0,30,0,28,1,1,pre_allocation
306,895,low_traffic,0,0,65535_65535,1,3,333,232,1,1,1,31,232,28,1,1,allocated
306,895,low_traffic,0,0,65535_65535,1,4,333,232,0,1,0,31,0,28,1,1,pre_allocation
306,895,low_traffic,0,0,65535_65535,1,4,333,239,1,1,1,32,239,28,1,1,allocated
306,895,low_traffic,0,0,65535_65535,1,3,333,232,0,1,0,31,0,28,1,1,pre_allocation
306,895,low_traffic,0,0,65535_65535,1,3,333,239,1,1,1,32,239,28,1,1,allocated
306,895,low_traffic,0,0,65535_65535,1,4,333,239,0,1,0,32,0,28,1,1,pre_allocation
306,895,low_traffic,0,0,65535_65535,1,4,333,247,1,1,1,33,247,28,1,1,allocated
306,895,low_traffic,0,0,65535_65535,1,3,333,239,0,1,0,32,0,28,1,1,pre_allocation
306,895,low_traffic,0,0,65535_65535,1,3,333,247,1,1,1,33,247,28,1,1,allocated
306,895,low_traffic,0,0,65535_65535,1,4,333,247,0,1,0,33,0,28,1,1,pre_allocation
306,895,low_traffic,0,0,65535_65535,1,4,333,255,1,1,1,34,255,28,1,1,allocated
306,895,low_traffic,0,0,65535_65535,1,3,333,247,0,1,0,33,0,28,1,1,pre_allocation
306,895,low_traffic,0,0,65535_65535,1,3,333,255,1,1,1,34,255,28,1,1,allocated
306,895,low_traffic,0,0,65535_65535,1,4,333,255,0,1,0,34,0,28,1,1,pre_allocation
306,895,low_traffic,0,0,65535_65535,1,4,333,262,1,1,1,35,262,28,1,1,allocated
306,895,low_traffic,0,0,65535_65535,1,3,333,255,0,1,0,34,0,28,1,1,pre_allocation
306,895,low_traffic,0,0,65535_65535,1,3,333,262,1,1,1,35,262,28,1,1,allocated
306,895,low_traffic,0,0,65535_65535,1,4,333,262,0,1,0,35,0,28,1,1,pre_allocation
306,895,low_traffic,0,0,65535_65535,1,4,333,270,1,1,1,36,270,28,1,1,allocated
306,895,low_traffic,0,0,65535_65535,1,3,333,262,0,1,0,35,0,28,1,1,pre_allocation
306,895,low_traffic,0,0,65535_65535,1,3,333,270,1,1,1,36,270,28,1,1,allocated
306,895,low_traffic,0,0,65535_65535,1,4,333,270,0,1,0,36,0,28,1,1,pre_allocation
306,895,low_traffic,0,0,65535_65535,1,4,333,277,1,1,1,37,277,28,1,1,allocated
306,895,low_traffic,0,0,65535_65535,1,3,333,270,0,1,0,36,0,28,1,1,pre_allocation
306,895,low_traffic,0,0,65535_65535,1,3,333,277,1,1,1,37,277,28,1,1,allocated
306,895,low_traffic,0,0,65535_65535,1,4,333,277,0,1,0,37,0,28,1,1,pre_allocation
306,895,low_traffic,0,0,65535_65535,1,4,333,285,1,1,1,38,285,28,1,1,allocated
306,895,low_traffic,0,0,65535_65535,1,3,333,277,0,1,0,37,0,28,1,1,pre_allocation
306,895,low_traffic,0,0,65535_65535,1,3,333,285,1,1,1,38,285,28,1,1,allocated
306,895,low_traffic,0,0,65535_65535,1,4,333,285,0,1,0,38,0,28,1,1,pre_allocation
306,895,low_traffic,0,0,65535_65535,1,4,333,293,1,1,1,39,293,28,1,1,allocated
306,895,low_traffic,0,0,65535_65535,1,3,333,285,0,1,0,38,0,28,1,1,pre_allocation
306,895,low_traffic,0,0,65535_65535,1,3,333,293,1,1,1,39,293,28,1,1,allocated
306,895,low_traffic,0,0,65535_65535,1,4,333,293,0,1,0,39,0,28,1,1,pre_allocation
306,895,low_traffic,0,0,65535_65535,1,4,333,300,1,1,1,40,300,28,1,1,allocated
306,895,low_traffic,0,0,65535_65535,1,3,333,293,0,1,0,39,0,28,1,1,pre_allocation
306,895,low_traffic,0,0,65535_65535,1,3,333,300,1,1,1,40,300,28,1,1,allocated
306,895,low_traffic,0,0,65535_65535,1,4,333,300,0,1,0,40,0,28,1,1,pre_allocation
306,895,low_traffic,0,0,65535_65535,1,4,333,308,1,1,1,41,308,28,1,1,allocated
306,895,low_traffic,0,0,65535_65535,1,3,333,300,0,1,0,40,0,28,1,1,pre_allocation
306,895,low_traffic,0,0,65535_65535,1,3,333,308,1,1,1,41,308,28,1,1,allocated
306,895,low_traffic,0,0,65535_65535,1,4,333,308,0,1,0,41,0,28,1,1,pre_allocation
306,895,low_traffic,0,0,65535_65535,1,4,333,315,1,1,1,42,315,28,1,1,allocated
306,895,low_traffic,0,0,65535_65535,1,3,333,308,0,1,0,41,0,28,1,1,pre_allocation
306,895,low_traffic,0,0,65535_65535,1,3,333,315,1,1,1,42,315,28,1,1,allocated
306,895,low_traffic,0,0,65535_65535,1,4,333,315,0,1,0,42,0,28,1,1,pre_allocation
306,895,low_traffic,0,0,65535_65535,1,4,333,323,1,1,1,43,323,28,1,1,allocated
306,895,low_traffic,0,0,65535_65535,1,3,333,315,0,1,0,42,0,28,1,1,pre_allocation
306,895,low_traffic,0,0,65535_65535,1,3,333,323,1,1,1,43,323,28,1,1,allocated
306,895,low_traffic,0,0,65535_65535,1,4,333,323,0,1,0,43,0,28,1,1,pre_allocation
306,895,low_traffic,0,0,65535_65535,1,4,333,330,1,1,1,44,330,28,1,1,allocated
306,895,low_traffic,0,0,65535_65535,1,3,333,323,0,1,0,43,0,28,1,1,pre_allocation
306,895,low_traffic,0,0,65535_65535,1,3,333,330,1,1,1,44,330,28,1,1,allocated
306,895,low_traffic,0,0,65535_65535,1,4,333,330,0,1,0,44,0,28,1,1,pre_allocation
306,895,low_traffic,0,0,65535_65535,1,4,333,338,1,1,1,45,338,28,1,1,allocated
306,895,low_traffic,0,0,65535_65535,1,3,333,330,0,1,0,44,0,28,1,1,pre_allocation
306,895,low_traffic,0,0,65535_65535,1,3,333,338,1,1,1,45,338,28,1,1,allocated
306,895,low_traffic,0,0,65535_65535,1,4,333,338,0,1,0,45,0,28,1,1,pre_allocation
306,895,low_traffic,0,0,65535_65535,1,4,333,346,1,1,1,46,346,28,1,1,allocated
306,895,low_traffic,0,0,65535_65535,1,3,333,338,0,1,0,45,0,28,1,1,pre_allocation
306,895,low_traffic,0,0,65535_65535,1,3,333,346,1,1,1,46,346,28,1,1,allocated
306,895,low_traffic,0,0,65535_65535,1,4,333,346,0,1,0,46,0,28,1,1,pre_allocation
306,895,low_traffic,0,0,65535_65535,1,4,333,353,1,1,1,47,353,28,1,1,allocated
306,895,low_traffic,0,0,65535_65535,1,3,333,346,0,1,0,46,0,28,1,1,pre_allocation
306,895,low_traffic,0,0,65535_65535,1,3,333,353,1,1,1,47,353,28,1,1,allocated
306,895,low_traffic,0,0,65535_65535,1,4,333,353,0,1,0,47,0,28,1,1,pre_allocation
306,895,low_traffic,0,0,65535_65535,1,4,333,361,1,1,1,48,361,28,1,1,allocated
306,895,low_traffic,0,0,65535_65535,1,3,333,353,0,1,0,47,0,28,1,1,pre_allocation
306,895,low_traffic,0,0,65535_65535,1,3,333,361,1,1,1,48,361,28,1,1,allocated
306,895,low_traffic,0,0,65535_65535,1,4,333,361,0,1,0,48,0,28,1,1,pre_allocation
306,895,low_traffic,0,0,65535_65535,1,4,333,368,1,1,1,49,368,28,1,1,allocated
306,895,low_traffic,0,0,65535_65535,1,3,333,361,0,1,0,48,0,28,1,1,pre_allocation
306,895,low_traffic,0,0,65535_65535,1,3,333,368,1,1,1,49,368,28,1,1,allocated
306,895,low_traffic,0,0,65535_65535,1,4,333,368,0,1,0,49,0,28,1,1,pre_allocation
306,895,low_traffic,0,0,65535_65535,1,4,333,376,1,1,1,50,376,28,1,1,allocated
306,895,low_traffic,0,0,65535_65535,1,3,333,368,0,1,0,49,0,28,1,1,pre_allocation
306,895,low_traffic,0,0,65535_65535,1,3,333,376,1,1,1,50,376,28,1,1,allocated
306,895,low_traffic,0,0,65535_65535,1,4,333,376,0,1,0,50,0,28,1,1,pre_allocation
306,895,low_traffic,0,0,65535_65535,1,4,333,384,1,1,1,51,384,28,1,1,allocated
306,895,low_traffic,0,0,65535_65535,1,3,333,376,0,1,0,50,0,28,1,1,pre_allocation
306,895,low_traffic,0,0,65535_65535,1,3,333,384,1,1,1,51,384,28,1,1,allocated
306,895,low_traffic,0,0,65535_65535,1,4,333,384,0,1,0,51,0,28,1,1,pre_allocation
306,895,low_traffic,0,0,65535_65535,1,4,333,391,1,1,1,52,391,28,1,1,allocated
306,895,low_traffic,0,0,65535_65535,1,3,333,384,0,1,0,51,0,28,1,1,pre_allocation
306,895,low_traffic,0,0,65535_65535,1,3,333,391,1,1,1,52,391,28,1,1,allocated
306,895,low_traffic,0,0,65535_65535,1,4,333,391,0,1,0,52,0,28,1,1,pre_allocation
306,895,low_traffic,0,0,65535_65535,1,4,333,399,1,1,1,53,399,28,1,1,allocated
306,895,low_traffic,0,0,65535_65535,1,3,333,391,0,1,0,52,0,28,1,1,pre_allocation
306,895,low_traffic,0,0,65535_65535,1,3,333,399,1,1,1,53,399,28,1,1,allocated
306,895,low_traffic,0,0,65535_65535,1,4,333,399,0,1,0,53,0,28,1,1,pre_allocation
306,895,low_traffic,0,0,65535_65535,1,4,333,406,1,1,1,54,406,28,1,1,allocated
306,895,low_traffic,0,0,65535_65535,1,3,333,399,0,1,0,53,0,28,1,1,pre_allocation
306,895,low_traffic,0,0,65535_65535,1,3,333,406,1,1,1,54,406,28,1,1,allocated
306,895,low_traffic,0,0,65535_65535,1,4,333,406,0,1,0,54,0,28,1,1,pre_allocation
306,895,low_traffic,0,0,65535_65535,1,4,333,414,1,1,1,55,414,28,1,1,allocated
306,895,low_traffic,0,0,65535_65535,1,3,333,406,0,1,0,54,0,28,1,1,pre_allocation
306,895,low_traffic,0,0,65535_65535,1,3,333,414,1,1,1,55,414,28,1,1,allocated
306,895,low_traffic,0,0,65535_65535,1,4,333,414,0,1,0,55,0,28,1,1,pre_allocation
306,895,low_traffic,0,0,65535_65535,1,4,333,422,1,1,1,56,422,28,1,1,allocated
306,895,low_traffic,0,0,65535_65535,1,3,333,414,0,1,0,55,0,28,1,1,pre_allocation
306,895,low_traffic,0,0,65535_65535,1,3,333,422,1,1,1,56,422,28,1,1,allocated
306,895,low_traffic,0,0,65535_65535,1,4,333,422,0,1,0,56,0,28,1,1,pre_allocation
306,895,low_traffic,0,0,65535_65535,1,4,333,429,1,1,1,57,429,28,1,1,allocated
306,895,low_traffic,0,0,65535_65535,1,3,333,422,0,1,0,56,0,28,1,1,pre_allocation
306,895,low_traffic,0,0,65535_65535,1,3,333,429,1,1,1,57,429,28,1,1,allocated
306,895,low_traffic,0,0,65535_65535,1,4,333,429,0,1,0,57,0,28,1,1,pre_allocation
306,895,low_traffic,0,0,65535_65535,1,4,333,437,1,1,1,58,437,28,1,1,allocated
306,895,low_traffic,0,0,65535_65535,1,3,333,429,0,1,0,57,0,28,1,1,pre_allocation
306,895,low_traffic,0,0,65535_65535,1,3,333,437,1,1,1,58,437,28,1,1,allocated
306,895,low_traffic,0,0,65535_65535,1,4,333,437,0,1,0,58,0,28,1,1,pre_allocation
306,895,low_traffic,0,0,65535_65535,1,4,333,444,1,1,1,59,444,28,1,1,allocated
306,895,low_traffic,0,0,65535_65535,1,3,333,437,0,1,0,58,0,28,1,1,pre_allocation
306,895,low_traffic,0,0,65535_65535,1,3,333,444,1,1,1,59,444,28,1,1,allocated
306,895,low_traffic,0,0,65535_65535,1,4,333,444,0,1,0,59,0,28,1,1,pre_allocation
306,895,low_traffic,0,0,65535_65535,1,4,333,452,1,1,1,60,452,28,1,1,allocated
306,895,low_traffic,0,0,65535_65535,1,3,333,444,0,1,0,59,0,28,1,1,pre_allocation
306,895,low_traffic,0,0,65535_65535,1,3,333,452,1,1,1,60,452,28,1,1,allocated
306,895,low_traffic,0,0,65535_65535,1,4,333,452,0,1,0,60,0,28,1,1,pre_allocation
306,895,low_traffic,0,0,65535_65535,1,4,333,459,1,1,1,61,459,28,1,1,allocated
306,895,low_traffic,0,0,65535_65535,1,3,333,452,0,1,0,60,0,28,1,1,pre_allocation
306,895,low_traffic,0,0,65535_65535,1,3,333,459,1,1,1,61,459,28,1,1,allocated
306,895,low_traffic,0,0,65535_65535,1,4,333,459,0,1,0,61,0,28,1,1,pre_allocation
306,895,low_traffic,0,0,65535_65535,1,4,333,467,1,1,1,62,467,28,1,1,allocated
306,895,low_traffic,0,0,65535_65535,1,3,333,459,0,1,0,61,0,28,1,1,pre_allocation
306,895,low_traffic,0,0,65535_65535,1,3,333,467,1,1,1,62,467,28,1,1,allocated
306,895,low_traffic,0,0,65535_65535,1,4,333,467,0,1,0,62,0,28,1,1,pre_allocation
306,895,low_traffic,0,0,65535_65535,1,4,333,475,1,1,1,63,475,28,1,1,allocated
306,895,low_traffic,0,0,65535_65535,1,3,333,467,0,1,0,62,0,28,1,1,pre_allocation
306,895,low_traffic,0,0,65535_65535,1,3,333,475,1,1,1,63,475,28,1,1,allocated
306,895,low_traffic,0,0,65535_65535,1,4,333,475,0,1,0,63,0,28,1,1,pre_allocation
306,895,low_traffic,0,0,65535_65535,1,4,333,482,1,1,1,64,482,28,1,1,allocated
306,895,low_traffic,0,0,65535_65535,1,3,333,475,0,1,0,63,0,28,1,1,pre_allocation
306,895,low_traffic,0,0,65535_65535,1,3,333,482,1,1,1,64,482,28,1,1,allocated
306,895,low_traffic,0,0,65535_65535,1,4,333,482,0,1,0,64,0,28,1,1,pre_allocation
306,895,low_traffic,0,0,65535_65535,1,4,333,490,1,1,1,65,490,28,1,1,allocated
306,895,low_traffic,0,0,65535_65535,1,3,333,482,0,1,0,64,0,28,1,1,pre_allocation
306,895,low_traffic,0,0,65535_65535,1,3,333,490,1,1,1,65,490,28,1,1,allocated
306,895,low_traffic,0,0,65535_65535,1,4,333,490,0,1,0,65,0,28,1,1,pre_allocation
306,895,low_traffic,0,0,65535_65535,1,4,333,497,1,1,1,66,497,28,1,1,allocated
306,895,low_traffic,0,0,65535_65535,1,3,333,490,0,1,0,65,0,28,1,1,pre_allocation
306,895,low_traffic,0,0,65535_65535,1,3,333,497,1,1,1,66,497,28,1,1,allocated
306,895,low_traffic,0,0,65535_65535,1,4,333,497,0,1,0,66,0,28,1,1,pre_allocation
306,895,low_traffic,0,0,65535_65535,1,4,333,505,1,1,1,67,505,28,1,1,allocated
306,895,low_traffic,0,0,65535_65535,1,3,333,497,0,1,0,66,0,28,1,1,pre_allocation
306,895,low_traffic,0,0,65535_65535,1,3,333,505,1,1,1,67,505,28,1,1,allocated
306,895,low_traffic,0,0,65535_65535,1,4,333,505,0,1,0,67,0,28,1,1,pre_allocation
306,895,low_traffic,0,0,65535_65535,1,4,333,513,1,1,1,68,513,28,1,1,allocated
306,895,low_traffic,0,0,65535_65535,1,3,333,505,0,1,0,67,0,28,1,1,pre_allocation
306,895,low_traffic,0,0,65535_65535,1,3,333,513,1,1,1,68,513,28,1,1,allocated
306,895,low_traffic,0,0,65535_65535,1,4,333,513,0,1,0,68,0,28,1,1,pre_allocation
306,895,low_traffic,0,0,65535_65535,1,4,333,520,1,1,1,69,520,28,1,1,allocated
306,895,low_traffic,0,0,65535_65535,1,3,333,513,0,1,0,68,0,28,1,1,pre_allocation
306,895,low_traffic,0,0,65535_65535,1,3,333,520,1,1,1,69,520,28,1,1,allocated
306,895,low_traffic,0,0,65535_65535,1,4,333,520,0,1,0,69,0,28,1,1,pre_allocation
306,895,low_traffic,0,0,65535_65535,1,4,333,528,1,1,1,70,528,28,1,1,allocated
306,895,low_traffic,0,0,65535_65535,1,3,333,520,0,1,0,69,0,28,1,1,pre_allocation
306,895,low_traffic,0,0,65535_65535,1,3,333,528,1,1,1,70,528,28,1,1,allocated
306,895,low_traffic,0,0,65535_65535,1,4,333,528,0,1,0,70,0,28,1,1,pre_allocation
306,895,low_traffic,0,0,65535_65535,1,4,333,535,1,1,1,71,535,28,1,1,allocated
306,895,low_traffic,0,0,65535_65535,1,3,333,528,0,1,0,70,0,28,1,1,pre_allocation
306,895,low_traffic,0,0,65535_65535,1,3,333,535,1,1,1,71,535,28,1,1,allocated
306,895,low_traffic,0,0,65535_65535,1,4,333,535,0,1,0,71,0,28,1,1,pre_allocation
306,895,low_traffic,0,0,65535_65535,1,4,333,543,1,1,1,72,543,28,1,1,allocated
306,895,low_traffic,0,0,65535_65535,1,3,333,535,0,1,0,71,0,28,1,1,pre_allocation
306,895,low_traffic,0,0,65535_65535,1,3,333,543,1,1,1,72,543,28,1,1,allocated
306,895,low_traffic,0,0,65535_65535,1,4,333,543,0,1,0,72,0,28,1,1,pre_allocation
306,895,low_traffic,0,0,65535_65535,1,4,333,551,1,1,1,73,551,28,1,1,allocated
306,895,low_traffic,0,0,65535_65535,1,3,333,543,0,1,0,72,0,28,1,1,pre_allocation
306,895,low_traffic,0,0,65535_65535,1,3,333,551,1,1,1,73,551,28,1,1,allocated
306,895,low_traffic,0,0,65535_65535,1,4,333,551,0,1,0,73,0,28,1,1,pre_allocation
306,895,low_traffic,0,0,65535_65535,1,4,333,558,1,1,1,74,558,28,1,1,allocated
306,895,low_traffic,0,0,65535_65535,1,3,333,551,0,1,0,73,0,28,1,1,pre_allocation
306,895,low_traffic,0,0,65535_65535,1,3,333,558,1,1,1,74,558,28,1,1,allocated
306,895,low_traffic,0,0,65535_65535,1,4,333,558,0,1,0,74,0,28,1,1,pre_allocation
306,895,low_traffic,0,0,65535_65535,1,4,333,566,1,1,1,75,566,28,1,1,allocated
306,895,low_traffic,0,0,65535_65535,1,3,333,558,0,1,0,74,0,28,1,1,pre_allocation
306,895,low_traffic,0,0,65535_65535,1,3,333,566,1,1,1,75,566,28,1,1,allocated
306,895,low_traffic,0,0,65535_65535,1,4,333,566,0,1,0,75,0,28,1,1,pre_allocation
306,895,low_traffic,0,0,65535_65535,1,4,333,573,1,1,1,76,573,28,1,1,allocated
306,895,low_traffic,0,0,65535_65535,1,3,333,566,0,1,0,75,0,28,1,1,pre_allocation
306,895,low_traffic,0,0,65535_65535,1,3,333,573,1,1,1,76,573,28,1,1,allocated
306,895,low_traffic,0,0,65535_65535,1,4,333,573,0,1,0,76,0,28,1,1,pre_allocation
306,895,low_traffic,0,0,65535_65535,1,4,333,581,1,1,1,77,581,28,1,1,allocated
306,895,low_traffic,0,0,65535_65535,1,3,333,573,0,1,0,76,0,28,1,1,pre_allocation
306,895,low_traffic,0,0,65535_65535,1,3,333,581,1,1,1,77,581,28,1,1,allocated
306,895,low_traffic,0,0,65535_65535,1,4,333,581,0,1,0,77,0,28,1,1,pre_allocation
306,895,low_traffic,0,0,65535_65535,1,4,333,589,1,1,1,78,589,28,1,1,allocated
306,895,low_traffic,0,0,65535_65535,1,3,333,581,0,1,0,77,0,28,1,1,pre_allocation
306,895,low_traffic,0,0,65535_65535,1,3,333,589,1,1,1,78,589,28,1,1,allocated
306,895,low_traffic,0,0,65535_65535,1,4,333,589,0,1,0,78,0,28,1,1,pre_allocation
306,895,low_traffic,0,0,65535_65535,1,4,333,596,1,1,1,79,596,28,1,1,allocated
306,895,low_traffic,0,0,65535_65535,1,3,333,589,0,1,0,78,0,28,1,1,pre_allocation
306,895,low_traffic,0,0,65535_65535,1,3,333,596,1,1,1,79,596,28,1,1,allocated
306,895,low_traffic,0,0,65535_65535,1,4,333,596,0,1,0,79,0,28,1,1,pre_allocation
306,895,low_traffic,0,0,65535_65535,1,4,333,604,1,1,1,80,604,28,1,1,allocated
306,895,low_traffic,0,0,65535_65535,1,3,333,596,0,1,0,79,0,28,1,1,pre_allocation
306,895,low_traffic,0,0,65535_65535,1,3,333,604,1,1,1,80,604,28,1,1,allocated
306,895,low_traffic,0,0,65535_65535,2,10,137,0,0,1,0,0,0,28,1,1,pre_allocation
306,895,low_traffic,0,0,65535_65535,2,10,137,4,1,1,1,1,4,28,1,1,allocated
306,895,low_traffic,0,0,65535_65535,2,9,137,0,0,1,0,0,0,28,1,1,pre_allocation
306,895,low_traffic,0,0,65535_65535,2,9,137,4,1,1,1,1,4,28,1,1,allocated
306,895,low_traffic,0,0,65535_65535,2,7,137,0,0,1,0,0,0,28,1,1,pre_allocation
306,895,low_traffic,0,0,65535_65535,2,7,137,4,1,1,1,1,4,28,1,1,allocated
306,895,low_traffic,0,0,65535_65535,2,6,137,0,0,1,0,0,0,28,1,1,pre_allocation
306,895,low_traffic,0,0,65535_65535,2,6,137,4,1,1,1,1,4,28,1,1,allocated
306,895,low_traffic,0,0,65535_65535,2,5,137,0,0,1,0,0,0,28,1,1,pre_allocation
306,895,low_traffic,0,0,65535_65535,2,5,137,4,1,1,1,1,4,28,1,1,allocated
306,895,low_traffic,0,0,65535_65535,2,10,137,4,0,1,0,1,0,28,1,1,pre_allocation
306,895,low_traffic,0,0,65535_65535,2,10,137,12,1,1,1,2,12,28,1,1,allocated
306,895,low_traffic,0,0,65535_65535,2,9,137,4,0,1,0,1,0,28,1,1,pre_allocation
306,895,low_traffic,0,0,65535_65535,2,9,137,12,1,1,1,2,12,28,1,1,allocated
306,895,low_traffic,0,0,65535_65535,2,7,137,4,0,1,0,1,0,28,1,1,pre_allocation
306,895,low_traffic,0,0,65535_65535,2,7,137,12,1,1,1,2,12,28,1,1,allocated
306,895,low_traffic,0,0,65535_65535,2,6,137,4,0,1,0,1,0,28,1,1,pre_allocation
306,895,low_traffic,0,0,65535_65535,2,6,137,12,1,1,1,2,12,28,1,1,allocated
306,895,low_traffic,0,0,65535_65535,2,5,137,4,0,1,0,1,0,28,1,1,pre_allocation
306,895,low_traffic,0,0,65535_65535,2,5,137,12,1,1,1,2,12,28,1,1,allocated
306,895,low_traffic,0,0,65535_65535,2,10,137,12,0,1,0,2,0,28,1,1,pre_allocation
306,895,low_traffic,0,0,65535_65535,2,10,137,19,1,1,1,3,19,28,1,1,allocated
306,895,low_traffic,0,0,65535_65535,2,9,137,12,0,1,0,2,0,28,1,1,pre_allocation
306,895,low_traffic,0,0,65535_65535,2,9,137,19,1,1,1,3,19,28,1,1,allocated
306,895,low_traffic,0,0,65535_65535,2,7,137,12,0,1,0,2,0,28,1,1,pre_allocation
306,895,low_traffic,0,0,65535_65535,2,7,137,19,1,1,1,3,19,28,1,1,allocated
306,895,low_traffic,0,0,65535_65535,2,6,137,12,0,1,0,2,0,28,1,1,pre_allocation
306,895,low_traffic,0,0,65535_65535,2,6,137,19,1,1,1,3,19,28,1,1,allocated
306,895,low_traffic,0,0,65535_65535,2,5,137,12,0,1,0,2,0,28,1,1,pre_allocation
306,895,low_traffic,0,0,65535_65535,2,5,137,19,1,1,1,3,19,28,1,1,allocated
306,895,low_traffic,0,0,65535_65535,2,10,137,19,0,1,0,3,0,28,1,1,pre_allocation
306,895,low_traffic,0,0,65535_65535,2,10,137,27,1,1,1,4,27,28,1,1,allocated
306,895,low_traffic,0,0,65535_65535,2,9,137,19,0,1,0,3,0,28,1,1,pre_allocation
306,895,low_traffic,0,0,65535_65535,2,9,137,27,1,1,1,4,27,28,1,1,allocated
306,895,low_traffic,0,0,65535_65535,2,7,137,19,0,1,0,3,0,28,1,1,pre_allocation
306,895,low_traffic,0,0,65535_65535,2,7,137,27,1,1,1,4,27,28,1,1,allocated
306,895,low_traffic,0,0,65535_65535,2,6,137,19,0,1,0,3,0,28,1,1,pre_allocation
306,895,low_traffic,0,0,65535_65535,2,6,137,27,1,1,1,4,27,28,1,1,allocated
306,895,low_traffic,0,0,65535_65535,2,5,137,19,0,1,0,3,0,28,1,1,pre_allocation
306,895,low_traffic,0,0,65535_65535,2,5,137,27,1,1,1,4,27,28,1,1,allocated
306,895,low_traffic,0,0,65535_65535,2,10,137,27,0,1,0,4,0,28,1,1,pre_allocation
306,895,low_traffic,0,0,65535_65535,2,10,137,34,1,1,1,5,34,28,1,1,allocated
306,895,low_traffic,0,0,65535_65535,2,9,137,27,0,1,0,4,0,28,1,1,pre_allocation
306,895,low_traffic,0,0,65535_65535,2,9,137,34,1,1,1,5,34,28,1,1,allocated
306,895,low_traffic,0,0,65535_65535,2,7,137,27,0,1,0,4,0,28,1,1,pre_allocation
306,895,low_traffic,0,0,65535_65535,2,7,137,34,1,1,1,5,34,28,1,1,allocated
306,895,low_traffic,0,0,65535_65535,2,6,137,27,0,1,0,4,0,28,1,1,pre_allocation
306,895,low_traffic,0,0,65535_65535,2,6,137,34,1,1,1,5,34,28,1,1,allocated
306,895,low_traffic,0,0,65535_65535,2,5,137,27,0,1,0,4,0,28,1,1,pre_allocation
306,895,low_traffic,0,0,65535_65535,2,5,137,34,1,1,1,5,34,28,1,1,allocated
306,895,low_traffic,0,0,65535_65535,2,10,137,34,0,1,0,5,0,28,1,1,pre_allocation
306,895,low_traffic,0,0,65535_65535,2,10,137,42,1,1,1,6,42,28,1,1,allocated
306,895,low_traffic,0,0,65535_65535,2,9,137,34,0,1,0,5,0,28,1,1,pre_allocation
306,895,low_traffic,0,0,65535_65535,2,9,137,42,1,1,1,6,42,28,1,1,allocated
306,895,low_traffic,0,0,65535_65535,2,7,137,34,0,1,0,5,0,28,1,1,pre_allocation
306,895,low_traffic,0,0,65535_65535,2,7,137,42,1,1,1,6,42,28,1,1,allocated
306,895,low_traffic,0,0,65535_65535,2,6,137,34,0,1,0,5,0,28,1,1,pre_allocation
306,895,low_traffic,0,0,65535_65535,2,6,137,42,1,1,1,6,42,28,1,1,allocated
306,895,low_traffic,0,0,65535_65535,2,5,137,34,0,1,0,5,0,28,1,1,pre_allocation
306,895,low_traffic,0,0,65535_65535,2,5,137,42,1,1,1,6,42,28,1,1,allocated
306,895,low_traffic,0,0,65535_65535,2,10,137,42,0,1,0,6,0,28,1,1,pre_allocation
306,895,low_traffic,0,0,65535_65535,2,10,137,50,1,1,1,7,50,28,1,1,allocated
306,895,low_traffic,0,0,65535_65535,2,9,137,42,0,1,0,6,0,28,1,1,pre_allocation
306,895,low_traffic,0,0,65535_65535,2,9,137,50,1,1,1,7,50,28,1,1,allocated
306,895,low_traffic,0,0,65535_65535,2,7,137,42,0,1,0,6,0,28,1,1,pre_allocation
306,895,low_traffic,0,0,65535_65535,2,7,137,50,1,1,1,7,50,28,1,1,allocated
306,895,low_traffic,0,0,65535_65535,2,6,137,42,0,1,0,6,0,28,1,1,pre_allocation
306,895,low_traffic,0,0,65535_65535,2,6,137,50,1,1,1,7,50,28,1,1,allocated
306,895,low_traffic,0,0,65535_65535,2,5,137,42,0,1,0,6,0,28,1,1,pre_allocation
306,895,low_traffic,0,0,65535_65535,2,5,137,50,1,1,1,7,50,28,1,1,allocated
306,895,low_traffic,0,0,65535_65535,2,10,137,50,0,1,0,7,0,28,1,1,pre_allocation
306,895,low_traffic,0,0,65535_65535,2,10,137,57,1,1,1,8,57,28,1,1,allocated
306,895,low_traffic,0,0,65535_65535,2,9,137,50,0,1,0,7,0,28,1,1,pre_allocation
306,895,low_traffic,0,0,65535_65535,2,9,137,57,1,1,1,8,57,28,1,1,allocated
306,895,low_traffic,0,0,65535_65535,2,7,137,50,0,1,0,7,0,28,1,1,pre_allocation
306,895,low_traffic,0,0,65535_65535,2,7,137,57,1,1,1,8,57,28,1,1,allocated
306,895,low_traffic,0,0,65535_65535,2,6,137,50,0,1,0,7,0,28,1,1,pre_allocation
306,895,low_traffic,0,0,65535_65535,2,6,137,57,1,1,1,8,57,28,1,1,allocated
306,895,low_traffic,0,0,65535_65535,2,5,137,50,0,1,0,7,0,28,1,1,pre_allocation
306,895,low_traffic,0,0,65535_65535,2,5,137,57,1,1,1,8,57,28,1,1,allocated
306,895,low_traffic,0,0,65535_65535,2,10,137,57,0,1,0,8,0,28,1,1,pre_allocation
306,895,low_traffic,0,0,65535_65535,2,10,137,65,1,1,1,9,65,28,1,1,allocated
306,895,low_traffic,0,0,65535_65535,2,9,137,57,0,1,0,8,0,28,1,1,pre_allocation
306,895,low_traffic,0,0,65535_65535,2,9,137,65,1,1,1,9,65,28,1,1,allocated
306,895,low_traffic,0,0,65535_65535,2,7,137,57,0,1,0,8,0,28,1,1,pre_allocation
306,895,low_traffic,0,0,65535_65535,2,7,137,65,1,1,1,9,65,28,1,1,allocated
306,895,low_traffic,0,0,65535_65535,2,6,137,57,0,1,0,8,0,28,1,1,pre_allocation
306,895,low_traffic,0,0,65535_65535,2,6,137,65,1,1,1,9,65,28,1,1,allocated
306,895,low_traffic,0,0,65535_65535,2,5,137,57,0,1,0,8,0,28,1,1,pre_allocation
306,895,low_traffic,0,0,65535_65535,2,5,137,65,1,1,1,9,65,28,1,1,allocated
306,895,low_traffic,0,0,65535_65535,2,10,137,65,0,1,0,9,0,28,1,1,pre_allocation
306,895,low_traffic,0,0,65535_65535,2,10,137,72,1,1,1,10,72,28,1,1,allocated
306,895,low_traffic,0,0,65535_65535,2,9,137,65,0,1,0,9,0,28,1,1,pre_allocation
306,895,low_traffic,0,0,65535_65535,2,9,137,72,1,1,1,10,72,28,1,1,allocated
306,895,low_traffic,0,0,65535_65535,2,7,137,65,0,1,0,9,0,28,1,1,pre_allocation
306,895,low_traffic,0,0,65535_65535,2,7,137,72,1,1,1,10,72,28,1,1,allocated
306,895,low_traffic,0,0,65535_65535,2,6,137,65,0,1,0,9,0,28,1,1,pre_allocation
306,895,low_traffic,0,0,65535_65535,2,6,137,72,1,1,1,10,72,28,1,1,allocated
306,895,low_traffic,0,0,65535_65535,2,5,137,65,0,1,0,9,0,28,1,1,pre_allocation
306,895,low_traffic,0,0,65535_65535,2,5,137,72,1,1,1,10,72,28,1,1,allocated
306,895,low_traffic,0,0,65535_65535,2,10,137,72,0,1,0,10,0,28,1,1,pre_allocation
306,895,low_traffic,0,0,65535_65535,2,10,137,80,1,1,1,11,80,28,1,1,allocated
306,895,low_traffic,0,0,65535_65535,2,9,137,72,0,1,0,10,0,28,1,1,pre_allocation
306,895,low_traffic,0,0,65535_65535,2,9,137,80,1,1,1,11,80,28,1,1,allocated
306,895,low_traffic,0,0,65535_65535,2,7,137,72,0,1,0,10,0,28,1,1,pre_allocation
306,895,low_traffic,0,0,65535_65535,2,7,137,80,1,1,1,11,80,28,1,1,allocated
306,895,low_traffic,0,0,65535_65535,2,6,137,72,0,1,0,10,0,28,1,1,pre_allocation
306,895,low_traffic,0,0,65535_65535,2,6,137,80,1,1,1,11,80,28,1,1,allocated
306,895,low_traffic,0,0,65535_65535,2,5,137,72,0,1,0,10,0,28,1,1,pre_allocation
306,895,low_traffic,0,0,65535_65535,2,5,137,80,1,1,1,11,80,28,1,1,allocated
306,895,low_traffic,0,0,65535_65535,2,10,137,80,0,1,0,11,0,28,1,1,pre_allocation
306,895,low_traffic,0,0,65535_65535,2,10,137,88,1,1,1,12,88,28,1,1,allocated
306,895,low_traffic,0,0,65535_65535,2,9,137,80,0,1,0,11,0,28,1,1,pre_allocation
306,895,low_traffic,0,0,65535_65535,2,9,137,88,1,1,1,12,88,28,1,1,allocated
306,895,low_traffic,0,0,65535_65535,2,7,137,80,0,1,0,11,0,28,1,1,pre_allocation
306,895,low_traffic,0,0,65535_65535,2,7,137,88,1,1,1,12,88,28,1,1,allocated
306,895,low_traffic,0,0,65535_65535,2,6,137,80,0,1,0,11,0,28,1,1,pre_allocation
306,895,low_traffic,0,0,65535_65535,2,6,137,88,1,1,1,12,88,28,1,1,allocated
306,895,low_traffic,0,0,65535_65535,2,5,137,80,0,1,0,11,0,28,1,1,pre_allocation
306,895,low_traffic,0,0,65535_65535,2,5,137,88,1,1,1,12,88,28,1,1,allocated
306,895,low_traffic,0,0,65535_65535,2,10,137,88,0,1,0,12,0,28,1,1,pre_allocation
306,895,low_traffic,0,0,65535_65535,2,10,137,95,1,1,1,13,95,28,1,1,allocated
306,895,low_traffic,0,0,65535_65535,2,9,137,88,0,1,0,12,0,28,1,1,pre_allocation
306,895,low_traffic,0,0,65535_65535,2,9,137,95,1,1,1,13,95,28,1,1,allocated
366,993,low_traffic,0,0,65535_65535,0,2,614836,0,0,1,0,0,0,28,1,1,pre_allocation
366,993,low_traffic,0,0,65535_65535,0,2,614836,4,1,1,1,1,4,28,1,1,allocated
366,993,low_traffic,0,0,65535_65535,0,1,743379,0,0,1,0,0,0,24,1,1,pre_allocation
366,993,low_traffic,0,0,65535_65535,0,1,743379,3,1,1,1,1,3,24,1,1,allocated
366,993,low_traffic,0,0,65535_65535,0,2,614836,4,0,1,0,1,0,28,1,1,pre_allocation
366,993,low_traffic,0,0,65535_65535,0,2,614836,12,1,1,1,2,12,28,1,1,allocated
366,993,low_traffic,0,0,65535_65535,0,1,743379,3,0,1,0,1,0,24,1,1,pre_allocation
366,993,low_traffic,0,0,65535_65535,0,1,743379,9,1,1,1,2,9,24,1,1,allocated
366,993,low_traffic,0,0,65535_65535,0,2,614836,12,0,1,0,2,0,28,1,1,pre_allocation
366,993,low_traffic,0,0,65535_65535,0,2,614836,19,1,1,1,3,19,28,1,1,allocated
366,993,low_traffic,0,0,65535_65535,0,1,743379,9,0,1,0,2,0,24,1,1,pre_allocation
366,993,low_traffic,0,0,65535_65535,0,1,743379,15,1,1,1,3,15,24,1,1,allocated
366,993,low_traffic,0,0,65535_65535,0,2,614836,19,0,1,0,3,0,28,1,1,pre_allocation
366,993,low_traffic,0,0,65535_65535,0,2,614836,27,1,1,1,4,27,28,1,1,allocated
366,993,low_traffic,0,0,65535_65535,0,1,743379,15,0,1,0,3,0,24,1,1,pre_allocation
366,993,low_traffic,0,0,65535_65535,0,1,743379,21,1,1,1,4,21,24,1,1,allocated
366,993,low_traffic,0,0,65535_65535,0,2,614836,27,0,1,0,4,0,28,1,1,pre_allocation
366,993,low_traffic,0,0,65535_65535,0,2,614836,34,1,1,1,5,34,28,1,1,allocated
366,993,low_traffic,0,0,65535_65535,0,1,743379,21,0,1,0,4,0,24,1,1,pre_allocation
366,993,low_traffic,0,0,65535_65535,0,1,743379,27,1,1,1,5,27,24,1,1,allocated
366,993,low_traffic,0,0,65535_65535,0,2,614836,34,0,1,0,5,0,28,1,1,pre_allocation
366,993,low_traffic,0,0,65535_65535,0,2,614836,42,1,1,1,6,42,28,1,1,allocated
366,993,low_traffic,0,0,65535_65535,0,1,743379,27,0,1,0,5,0,24,1,1,pre_allocation
366,993,low_traffic,0,0,65535_65535,0,1,743379,34,1,1,1,6,34,24,1,1,allocated
366,993,low_traffic,0,0,65535_65535,0,2,614836,42,0,1,0,6,0,28,1,1,pre_allocation
366,993,low_traffic,0,0,65535_65535,0,2,614836,50,1,1,1,7,50,28,1,1,allocated
366,993,low_traffic,0,0,65535_65535,0,1,743379,34,0,1,0,6,0,24,1,1,pre_allocation
366,993,low_traffic,0,0,65535_65535,0,1,743379,40,1,1,1,7,40,24,1,1,allocated
366,993,low_traffic,0,0,65535_65535,0,2,614836,50,0,1,0,7,0,28,1,1,pre_allocation
366,993,low_traffic,0,0,65535_65535,0,2,614836,57,1,1,1,8,57,28,1,1,allocated
366,993,low_traffic,0,0,65535_65535,0,1,743379,40,0,1,0,7,0,24,1,1,pre_allocation
366,993,low_traffic,0,0,65535_65535,0,1,743379,46,1,1,1,8,46,24,1,1,allocated
366,993,low_traffic,0,0,65535_65535,0,2,614836,57,0,1,0,8,0,28,1,1,pre_allocation
366,993,low_traffic,0,0,65535_65535,0,2,614836,65,1,1,1,9,65,28,1,1,allocated
366,993,low_traffic,0,0,65535_65535,0,1,743379,46,0,1,0,8,0,24,1,1,pre_allocation
366,993,low_traffic,0,0,65535_65535,0,1,743379,52,1,1,1,9,52,24,1,1,allocated
366,993,low_traffic,0,0,65535_65535,0,2,614836,65,0,1,0,9,0,28,1,1,pre_allocation
366,993,low_traffic,0,0,65535_65535,0,2,614836,72,1,1,1,10,72,28,1,1,allocated
366,993,low_traffic,0,0,65535_65535,0,1,743379,52,0,1,0,9,0,24,1,1,pre_allocation
366,993,low_traffic,0,0,65535_65535,0,1,743379,58,1,1,1,10,58,24,1,1,allocated
366,993,low_traffic,0,0,65535_65535,0,2,614836,72,0,1,0,10,0,28,1,1,pre_allocation
366,993,low_traffic,0,0,65535_65535,0,2,614836,80,1,1,1,11,80,28,1,1,allocated
366,993,low_traffic,0,0,65535_65535,0,1,743379,58,0,1,0,10,0,24,1,1,pre_allocation
366,993,low_traffic,0,0,65535_65535,0,1,743379,65,1,1,1,11,65,24,1,1,allocated
366,993,low_traffic,0,0,65535_65535,0,2,614836,80,0,1,0,11,0,28,1,1,pre_allocation
366,993,low_traffic,0,0,65535_65535,0,2,614836,88,1,1,1,12,88,28,1,1,allocated
366,993,low_traffic,0,0,65535_65535,0,1,743379,65,0,1,0,11,0,24,1,1,pre_allocation
366,993,low_traffic,0,0,65535_65535,0,1,743379,71,1,1,1,12,71,24,1,1,allocated
366,993,low_traffic,0,0,65535_65535,0,2,614836,88,0,1,0,12,0,28,1,1,pre_allocation
366,993,low_traffic,0,0,65535_65535,0,2,614836,95,1,1,1,13,95,28,1,1,allocated
366,993,low_traffic,0,0,65535_65535,0,1,743379,71,0,1,0,12,0,24,1,1,pre_allocation
366,993,low_traffic,0,0,65535_65535,0,1,743379,77,1,1,1,13,77,24,1,1,allocated
366,993,low_traffic,0,0,65535_65535,0,2,614836,95,0,1,0,13,0,28,1,1,pre_allocation
366,993,low_traffic,0,0,65535_65535,0,2,614836,103,1,1,1,14,103,28,1,1,allocated
366,993,low_traffic,0,0,65535_65535,0,1,743379,77,0,1,0,13,0,24,1,1,pre_allocation
366,993,low_traffic,0,0,65535_65535,0,1,743379,83,1,1,1,14,83,24,1,1,allocated
366,993,low_traffic,0,0,65535_65535,0,2,614836,103,0,1,0,14,0,28,1,1,pre_allocation
366,993,low_traffic,0,0,65535_65535,0,2,614836,110,1,1,1,15,110,28,1,1,allocated
366,993,low_traffic,0,0,65535_65535,0,1,743379,83,0,1,0,14,0,24,1,1,pre_allocation
366,993,low_traffic,0,0,65535_65535,0,1,743379,89,1,1,1,15,89,24,1,1,allocated
366,993,low_traffic,0,0,65535_65535,0,2,614836,110,0,1,0,15,0,28,1,1,pre_allocation
366,993,low_traffic,0,0,65535_65535,0,2,614836,118,1,1,1,16,118,28,1,1,allocated
366,993,low_traffic,0,0,65535_65535,0,1,743379,89,0,1,0,15,0,24,1,1,pre_allocation
366,993,low_traffic,0,0,65535_65535,0,1,743379,96,1,1,1,16,96,24,1,1,allocated
366,993,low_traffic,0,0,65535_65535,0,2,614836,118,0,1,0,16,0,28,1,1,pre_allocation
366,993,low_traffic,0,0,65535_65535,0,2,614836,126,1,1,1,17,126,28,1,1,allocated
366,993,low_traffic,0,0,65535_65535,0,1,743379,96,0,1,0,16,0,24,1,1,pre_allocation
366,993,low_traffic,0,0,65535_65535,0,1,743379,102,1,1,1,17,102,24,1,1,allocated
366,993,low_traffic,0,0,65535_65535,0,2,614836,126,0,1,0,17,0,28,1,1,pre_allocation
366,993,low_traffic,0,0,65535_65535,0,2,614836,133,1,1,1,18,133,28,1,1,allocated
366,993,low_traffic,0,0,65535_65535,0,1,743379,102,0,1,0,17,0,24,1,1,pre_allocation
366,993,low_traffic,0,0,65535_65535,0,1,743379,108,1,1,1,18,108,24,1,1,allocated
366,993,low_traffic,0,0,65535_65535,0,2,614836,133,0,1,0,18,0,28,1,1,pre_allocation
366,993,low_traffic,0,0,65535_65535,0,2,614836,141,1,1,1,19,141,28,1,1,allocated
366,993,low_traffic,0,0,65535_65535,0,1,743379,108,0,1,0,18,0,24,1,1,pre_allocation
366,993,low_traffic,0,0,65535_65535,0,1,743379,114,1,1,1,19,114,24,1,1,allocated
366,993,low_traffic,0,0,65535_65535,0,2,614836,141,0,1,0,19,0,28,1,1,pre_allocation
366,993,low_traffic,0,0,65535_65535,0,2,614836,148,1,1,1,20,148,28,1,1,allocated
366,993,low_traffic,0,0,65535_65535,0,1,743379,114,0,1,0,19,0,24,1,1,pre_allocation
366,993,low_traffic,0,0,65535_65535,0,1,743379,120,1,1,1,20,120,24,1,1,allocated
366,993,low_traffic,0,0,65535_65535,0,2,614836,148,0,1,0,20,0,28,1,1,pre_allocation
366,993,low_traffic,0,0,65535_65535,0,2,614836,156,1,1,1,21,156,28,1,1,allocated
366,993,low_traffic,0,0,65535_65535,0,1,743379,120,0,1,0,20,0,24,1,1,pre_allocation
366,993,low_traffic,0,0,65535_65535,0,1,743379,126,1,1,1,21,126,24,1,1,allocated
366,993,low_traffic,0,0,65535_65535,0,2,614836,156,0,1,0,21,0,28,1,1,pre_allocation
366,993,low_traffic,0,0,65535_65535,0,2,614836,163,1,1,1,22,163,28,1,1,allocated
366,993,low_traffic,0,0,65535_65535,0,1,743379,126,0,1,0,21,0,24,1,1,pre_allocation
366,993,low_traffic,0,0,65535_65535,0,1,743379,133,1,1,1,22,133,24,1,1,allocated
366,993,low_traffic,0,0,65535_65535,0,2,614836,163,0,1,0,22,0,28,1,1,pre_allocation
366,993,low_traffic,0,0,65535_65535,0,2,614836,171,1,1,1,23,171,28,1,1,allocated
366,993,low_traffic,0,0,65535_65535,0,1,743379,133,0,1,0,22,0,24,1,1,pre_allocation
366,993,low_traffic,0,0,65535_65535,0,1,743379,139,1,1,1,23,139,24,1,1,allocated
366,993,low_traffic,0,0,65535_65535,0,2,614836,171,0,1,0,23,0,28,1,1,pre_allocation
366,993,low_traffic,0,0,65535_65535,0,2,614836,179,1,1,1,24,179,28,1,1,allocated
366,993,low_traffic,0,0,65535_65535,0,1,743379,139,0,1,0,23,0,24,1,1,pre_allocation
366,993,low_traffic,0,0,65535_65535,0,1,743379,145,1,1,1,24,145,24,1,1,allocated
366,993,low_traffic,0,0,65535_65535,0,2,614836,179,0,1,0,24,0,28,1,1,pre_allocation
366,993,low_traffic,0,0,65535_65535,0,2,614836,186,1,1,1,25,186,28,1,1,allocated
366,993,low_traffic,0,0,65535_65535,0,1,743379,145,0,1,0,24,0,24,1,1,pre_allocation
366,993,low_traffic,0,0,65535_65535,0,1,743379,151,1,1,1,25,151,24,1,1,allocated
366,993,low_traffic,0,0,65535_65535,0,2,614836,186,0,1,0,25,0,28,1,1,pre_allocation
366,993,low_traffic,0,0,65535_65535,0,2,614836,194,1,1,1,26,194,28,1,1,allocated
366,993,low_traffic,0,0,65535_65535,0,1,743379,151,0,1,0,25,0,24,1,1,pre_allocation
366,993,low_traffic,0,0,65535_65535,0,1,743379,157,1,1,1,26,157,24,1,1,allocated
366,993,low_traffic,0,0,65535_65535,0,2,614836,194,0,1,0,26,0,28,1,1,pre_allocation
366,993,low_traffic,0,0,65535_65535,0,2,614836,201,1,1,1,27,201,28,1,1,allocated
366,993,low_traffic,0,0,65535_65535,0,1,743379,157,0,1,0,26,0,24,1,1,pre_allocation
366,993,low_traffic,0,0,65535_65535,0,1,743379,164,1,1,1,27,164,24,1,1,allocated
366,993,low_traffic,0,0,65535_65535,1,4,251,0,0,1,0,0,0,28,1,1,pre_allocation
366,993,low_traffic,0,0,65535_65535,1,4,251,4,1,1,1,1,4,28,1,1,allocated
366,993,low_traffic,0,0,65535_65535,1,3,251,0,0,1,0,0,0,28,1,1,pre_allocation
366,993,low_traffic,0,0,65535_65535,1,3,251,4,1,1,1,1,4,28,1,1,allocated
366,993,low_traffic,0,0,65535_65535,1,4,251,4,0,1,0,1,0,28,1,1,pre_allocation
366,993,low_traffic,0,0,65535_65535,1,4,251,12,1,1,1,2,12,28,1,1,allocated
366,993,low_traffic,0,0,65535_65535,1,3,251,4,0,1,0,1,0,28,1,1,pre_allocation
366,993,low_traffic,0,0,65535_65535,1,3,251,12,1,1,1,2,12,28,1,1,allocated
366,993,low_traffic,0,0,65535_65535,1,4,251,12,0,1,0,2,0,28,1,1,pre_allocation
366,993,low_traffic,0,0,65535_65535,1,4,251,19,1,1,1,3,19,28,1,1,allocated
366,993,low_traffic,0,0,65535_65535,1,3,251,12,0,1,0,2,0,28,1,1,pre_allocation
366,993,low_traffic,0,0,65535_65535,1,3,251,19,1,1,1,3,19,28,1,1,allocated
366,993,low_traffic,0,0,65535_65535,1,4,251,19,0,1,0,3,0,28,1,1,pre_allocation
366,993,low_traffic,0,0,65535_65535,1,4,251,27,1,1,1,4,27,28,1,1,allocated
366,993,low_traffic,0,0,65535_65535,1,3,251,19,0,1,0,3,0,28,1,1,pre_allocation
366,993,low_traffic,0,0,65535_65535,1,3,251,27,1,1,1,4,27,28,1,1,allocated
366,993,low_traffic,0,0,65535_65535,1,4,251,27,0,1,0,4,0,28,1,1,pre_allocation
366,993,low_traffic,0,0,65535_65535,1,4,251,34,1,1,1,5,34,28,1,1,allocated
366,993,low_traffic,0,0,65535_65535,1,3,251,27,0,1,0,4,0,28,1,1,pre_allocation
366,993,low_traffic,0,0,65535_65535,1,3,251,34,1,1,1,5,34,28,1,1,allocated
366,993,low_traffic,0,0,65535_65535,1,4,251,34,0,1,0,5,0,28,1,1,pre_allocation
366,993,low_traffic,0,0,65535_65535,1,4,251,42,1,1,1,6,42,28,1,1,allocated
366,993,low_traffic,0,0,65535_65535,1,3,251,34,0,1,0,5,0,28,1,1,pre_allocation
366,993,low_traffic,0,0,65535_65535,1,3,251,42,1,1,1,6,42,28,1,1,allocated
366,993,low_traffic,0,0,65535_65535,1,4,251,42,0,1,0,6,0,28,1,1,pre_allocation
366,993,low_traffic,0,0,65535_65535,1,4,251,50,1,1,1,7,50,28,1,1,allocated
366,993,low_traffic,0,0,65535_65535,1,3,251,42,0,1,0,6,0,28,1,1,pre_allocation
366,993,low_traffic,0,0,65535_65535,1,3,251,50,1,1,1,7,50,28,1,1,allocated
366,993,low_traffic,0,0,65535_65535,1,4,251,50,0,1,0,7,0,28,1,1,pre_allocation
366,993,low_traffic,0,0,65535_65535,1,4,251,57,1,1,1,8,57,28,1,1,allocated
366,993,low_traffic,0,0,65535_65535,1,3,251,50,0,1,0,7,0,28,1,1,pre_allocation
366,993,low_traffic,0,0,65535_65535,1,3,251,57,1,1,1,8,57,28,1,1,allocated
366,993,low_traffic,0,0,65535_65535,1,4,251,57,0,1,0,8,0,28,1,1,pre_allocation
366,993,low_traffic,0,0,65535_65535,1,4,251,65,1,1,1,9,65,28,1,1,allocated
366,993,low_traffic,0,0,65535_65535,1,3,251,57,0,1,0,8,0,28,1,1,pre_allocation
366,993,low_traffic,0,0,65535_65535,1,3,251,65,1,1,1,9,65,28,1,1,allocated
366,993,low_traffic,0,0,65535_65535,1,4,251,65,0,1,0,9,0,28,1,1,pre_allocation
366,993,low_traffic,0,0,65535_65535,1,4,251,72,1,1,1,10,72,28,1,1,allocated
366,993,low_traffic,0,0,65535_65535,1,3,251,65,0,1,0,9,0,28,1,1,pre_allocation
366,993,low_traffic,0,0,65535_65535,1,3,251,72,1,1,1,10,72,28,1,1,allocated
366,993,low_traffic,0,0,65535_65535,1,4,251,72,0,1,0,10,0,28,1,1,pre_allocation
366,993,low_traffic,0,0,65535_65535,1,4,251,80,1,1,1,11,80,28,1,1,allocated
366,993,low_traffic,0,0,65535_65535,1,3,251,72,0,1,0,10,0,28,1,1,pre_allocation
366,993,low_traffic,0,0,65535_65535,1,3,251,80,1,1,1,11,80,28,1,1,allocated
366,993,low_traffic,0,0,65535_65535,1,4,251,80,0,1,0,11,0,28,1,1,pre_allocation
366,993,low_traffic,0,0,65535_65535,1,4,251,88,1,1,1,12,88,28,1,1,allocated
366,993,low_traffic,0,0,65535_65535,1,3,251,80,0,1,0,11,0,28,1,1,pre_allocation
366,993,low_traffic,0,0,65535_65535,1,3,251,88,1,1,1,12,88,28,1,1,allocated
366,993,low_traffic,0,0,65535_65535,1,4,251,88,0,1,0,12,0,28,1,1,pre_allocation
366,993,low_traffic,0,0,65535_65535,1,4,251,95,1,1,1,13,95,28,1,1,allocated
366,993,low_traffic,0,0,65535_65535,1,3,251,88,0,1,0,12,0,28,1,1,pre_allocation
366,993,low_traffic,0,0,65535_65535,1,3,251,95,1,1,1,13,95,28,1,1,allocated
366,993,low_traffic,0,0,65535_65535,1,4,251,95,0,1,0,13,0,28,1,1,pre_allocation
366,993,low_traffic,0,0,65535_65535,1,4,251,103,1,1,1,14,103,28,1,1,allocated
366,993,low_traffic,0,0,65535_65535,1,3,251,95,0,1,0,13,0,28,1,1,pre_allocation
366,993,low_traffic,0,0,65535_65535,1,3,251,103,1,1,1,14,103,28,1,1,allocated
366,993,low_traffic,0,0,65535_65535,1,4,251,103,0,1,0,14,0,28,1,1,pre_allocation
366,993,low_traffic,0,0,65535_65535,1,4,251,110,1,1,1,15,110,28,1,1,allocated
366,993,low_traffic,0,0,65535_65535,1,3,251,103,0,1,0,14,0,28,1,1,pre_allocation
366,993,low_traffic,0,0,65535_65535,1,3,251,110,1,1,1,15,110,28,1,1,allocated
366,993,low_traffic,0,0,65535_65535,1,4,251,110,0,1,0,15,0,28,1,1,pre_allocation
366,993,low_traffic,0,0,65535_65535,1,4,251,118,1,1,1,16,118,28,1,1,allocated
366,993,low_traffic,0,0,65535_65535,1,3,251,110,0,1,0,15,0,28,1,1,pre_allocation
366,993,low_traffic,0,0,65535_65535,1,3,251,118,1,1,1,16,118,28,1,1,allocated
366,993,low_traffic,0,0,65535_65535,1,4,251,118,0,1,0,16,0,28,1,1,pre_allocation
366,993,low_traffic,0,0,65535_65535,1,4,251,126,1,1,1,17,126,28,1,1,allocated
366,993,low_traffic,0,0,65535_65535,1,3,251,118,0,1,0,16,0,28,1,1,pre_allocation
366,993,low_traffic,0,0,65535_65535,1,3,251,126,1,1,1,17,126,28,1,1,allocated
366,993,low_traffic,0,0,65535_65535,1,4,251,126,0,1,0,17,0,28,1,1,pre_allocation
366,993,low_traffic,0,0,65535_65535,1,4,251,133,1,1,1,18,133,28,1,1,allocated
366,993,low_traffic,0,0,65535_65535,1,3,251,126,0,1,0,17,0,28,1,1,pre_allocation
366,993,low_traffic,0,0,65535_65535,1,3,251,133,1,1,1,18,133,28,1,1,allocated
366,993,low_traffic,0,0,65535_65535,1,4,251,133,0,1,0,18,0,28,1,1,pre_allocation
366,993,low_traffic,0,0,65535_65535,1,4,251,141,1,1,1,19,141,28,1,1,allocated
366,993,low_traffic,0,0,65535_65535,1,3,251,133,0,1,0,18,0,28,1,1,pre_allocation
366,993,low_traffic,0,0,65535_65535,1,3,251,141,1,1,1,19,141,28,1,1,allocated
366,993,low_traffic,0,0,65535_65535,1,4,251,141,0,1,0,19,0,28,1,1,pre_allocation
366,993,low_traffic,0,0,65535_65535,1,4,251,148,1,1,1,20,148,28,1,1,allocated
366,993,low_traffic,0,0,65535_65535,1,3,251,141,0,1,0,19,0,28,1,1,pre_allocation
366,993,low_traffic,0,0,65535_65535,1,3,251,148,1,1,1,20,148,28,1,1,allocated
366,993,low_traffic,0,0,65535_65535,1,4,251,148,0,1,0,20,0,28,1,1,pre_allocation
366,993,low_traffic,0,0,65535_65535,1,4,251,156,1,1,1,21,156,28,1,1,allocated
366,993,low_traffic,0,0,65535_65535,1,3,251,148,0,1,0,20,0,28,1,1,pre_allocation
366,993,low_traffic,0,0,65535_65535,1,3,251,156,1,1,1,21,156,28,1,1,allocated
366,993,low_traffic,0,0,65535_65535,1,4,251,156,0,1,0,21,0,28,1,1,pre_allocation
366,993,low_traffic,0,0,65535_65535,1,4,251,163,1,1,1,22,163,28,1,1,allocated
366,993,low_traffic,0,0,65535_65535,1,3,251,156,0,1,0,21,0,28,1,1,pre_allocation
366,993,low_traffic,0,0,65535_65535,1,3,251,163,1,1,1,22,163,28,1,1,allocated
366,993,low_traffic,0,0,65535_65535,1,4,251,163,0,1,0,22,0,28,1,1,pre_allocation
366,993,low_traffic,0,0,65535_65535,1,4,251,171,1,1,1,23,171,28,1,1,allocated
366,993,low_traffic,0,0,65535_65535,1,3,251,163,0,1,0,22,0,28,1,1,pre_allocation
366,993,low_traffic,0,0,65535_65535,1,3,251,171,1,1,1,23,171,28,1,1,allocated
366,993,low_traffic,0,0,65535_65535,1,4,251,171,0,1,0,23,0,28,1,1,pre_allocation
366,993,low_traffic,0,0,65535_65535,1,4,251,179,1,1,1,24,179,28,1,1,allocated
366,993,low_traffic,0,0,65535_65535,1,3,251,171,0,1,0,23,0,28,1,1,pre_allocation
366,993,low_traffic,0,0,65535_65535,1,3,251,179,1,1,1,24,179,28,1,1,allocated
366,993,low_traffic,0,0,65535_65535,1,4,251,179,0,1,0,24,0,28,1,1,pre_allocation
366,993,low_traffic,0,0,65535_65535,1,4,251,186,1,1,1,25,186,28,1,1,allocated
366,993,low_traffic,0,0,65535_65535,1,3,251,179,0,1,0,24,0,28,1,1,pre_allocation
366,993,low_traffic,0,0,65535_65535,1,3,251,186,1,1,1,25,186,28,1,1,allocated
366,993,low_traffic,0,0,65535_65535,1,4,251,186,0,1,0,25,0,28,1,1,pre_allocation
366,993,low_traffic,0,0,65535_65535,1,4,251,194,1,1,1,26,194,28,1,1,allocated
366,993,low_traffic,0,0,65535_65535,1,3,251,186,0,1,0,25,0,28,1,1,pre_allocation
366,993,low_traffic,0,0,65535_65535,1,3,251,194,1,1,1,26,194,28,1,1,allocated
366,993,low_traffic,0,0,65535_65535,1,4,251,194,0,1,0,26,0,28,1,1,pre_allocation
366,993,low_traffic,0,0,65535_65535,1,4,251,201,1,1,1,27,201,28,1,1,allocated
366,993,low_traffic,0,0,65535_65535,1,3,251,194,0,1,0,26,0,28,1,1,pre_allocation
366,993,low_traffic,0,0,65535_65535,1,3,251,201,1,1,1,27,201,28,1,1,allocated
366,993,low_traffic,0,0,65535_65535,1,4,251,201,0,1,0,27,0,28,1,1,pre_allocation
366,993,low_traffic,0,0,65535_65535,1,4,251,209,1,1,1,28,209,28,1,1,allocated
366,993,low_traffic,0,0,65535_65535,1,3,251,201,0,1,0,27,0,28,1,1,pre_allocation
366,993,low_traffic,0,0,65535_65535,1,3,251,209,1,1,1,28,209,28,1,1,allocated
366,993,low_traffic,0,0,65535_65535,1,4,251,209,0,1,0,28,0,28,1,1,pre_allocation
366,993,low_traffic,0,0,65535_65535,1,4,251,217,1,1,1,29,217,28,1,1,allocated
366,993,low_traffic,0,0,65535_65535,1,3,251,209,0,1,0,28,0,28,1,1,pre_allocation
366,993,low_traffic,0,0,65535_65535,1,3,251,217,1,1,1,29,217,28,1,1,allocated
366,993,low_traffic,0,0,65535_65535,1,4,251,217,0,1,0,29,0,28,1,1,pre_allocation
366,993,low_traffic,0,0,65535_65535,1,4,251,224,1,1,1,30,224,28,1,1,allocated
366,993,low_traffic,0,0,65535_65535,1,3,251,217,0,1,0,29,0,28,1,1,pre_allocation
366,993,low_traffic,0,0,65535_65535,1,3,251,224,1,1,1,30,224,28,1,1,allocated
366,993,low_traffic,0,0,65535_65535,1,4,251,224,0,1,0,30,0,28,1,1,pre_allocation
366,993,low_traffic,0,0,65535_65535,1,4,251,232,1,1,1,31,232,28,1,1,allocated
366,993,low_traffic,0,0,65535_65535,1,3,251,224,0,1,0,30,0,28,1,1,pre_allocation
366,993,low_traffic,0,0,65535_65535,1,3,251,232,1,1,1,31,232,28,1,1,allocated
366,993,low_traffic,0,0,65535_65535,1,4,251,232,0,1,0,31,0,28,1,1,pre_allocation
366,993,low_traffic,0,0,65535_65535,1,4,251,239,1,1,1,32,239,28,1,1,allocated
366,993,low_traffic,0,0,65535_65535,1,3,251,232,0,1,0,31,0,28,1,1,pre_allocation
366,993,low_traffic,0,0,65535_65535,1,3,251,239,1,1,1,32,239,28,1,1,allocated
366,993,low_traffic,0,0,65535_65535,1,4,251,239,0,1,0,32,0,28,1,1,pre_allocation
366,993,low_traffic,0,0,65535_65535,1,4,251,247,1,1,1,33,247,28,1,1,allocated
366,993,low_traffic,0,0,65535_65535,1,3,251,239,0,1,0,32,0,28,1,1,pre_allocation
366,993,low_traffic,0,0,65535_65535,1,3,251,247,1,1,1,33,247,28,1,1,allocated
366,993,low_traffic,0,0,65535_65535,1,4,251,247,0,1,0,33,0,28,1,1,pre_allocation
366,993,low_traffic,0,0,65535_65535,1,4,251,255,1,1,1,34,255,28,1,1,allocated
366,993,low_traffic,0,0,65535_65535,1,3,251,247,0,1,0,33,0,28,1,1,pre_allocation
366,993,low_traffic,0,0,65535_65535,1,3,251,255,1,1,1,34,255,28,1,1,allocated
366,993,low_traffic,0,0,65535_65535,1,4,251,255,0,1,0,34,0,28,1,1,pre_allocation
366,993,low_traffic,0,0,65535_65535,1,4,251,262,1,1,1,35,262,28,1,1,allocated
366,993,low_traffic,0,0,65535_65535,1,3,251,255,0,1,0,34,0,28,1,1,pre_allocation
366,993,low_traffic,0,0,65535_65535,1,3,251,262,1,1,1,35,262,28,1,1,allocated
366,993,low_traffic,0,0,65535_65535,1,4,251,262,0,1,0,35,0,28,1,1,pre_allocation
366,993,low_traffic,0,0,65535_65535,1,4,251,270,1,1,1,36,270,28,1,1,allocated
366,993,low_traffic,0,0,65535_65535,1,3,251,262,0,1,0,35,0,28,1,1,pre_allocation
366,993,low_traffic,0,0,65535_65535,1,3,251,270,1,1,1,36,270,28,1,1,allocated
366,993,low_traffic,0,0,65535_65535,1,4,251,270,0,1,0,36,0,28,1,1,pre_allocation
366,993,low_traffic,0,0,65535_65535,1,4,251,277,1,1,1,37,277,28,1,1,allocated
366,993,low_traffic,0,0,65535_65535,1,3,251,270,0,1,0,36,0,28,1,1,pre_allocation
366,993,low_traffic,0,0,65535_65535,1,3,251,277,1,1,1,37,277,28,1,1,allocated
366,993,low_traffic,0,0,65535_65535,1,4,251,277,0,1,0,37,0,28,1,1,pre_allocation
366,993,low_traffic,0,0,65535_65535,1,4,251,285,1,1,1,38,285,28,1,1,allocated
366,993,low_traffic,0,0,65535_65535,1,3,251,277,0,1,0,37,0,28,1,1,pre_allocation
366,993,low_traffic,0,0,65535_65535,1,3,251,285,1,1,1,38,285,28,1,1,allocated
366,993,low_traffic,0,0,65535_65535,1,4,251,285,0,1,0,38,0,28,1,1,pre_allocation
366,993,low_traffic,0,0,65535_65535,1,4,251,293,1,1,1,39,293,28,1,1,allocated
366,993,low_traffic,0,0,65535_65535,1,3,251,285,0,1,0,38,0,28,1,1,pre_allocation
366,993,low_traffic,0,0,65535_65535,1,3,251,293,1,1,1,39,293,28,1,1,allocated
366,993,low_traffic,0,0,65535_65535,1,4,251,293,0,1,0,39,0,28,1,1,pre_allocation
366,993,low_traffic,0,0,65535_65535,1,4,251,300,1,1,1,40,300,28,1,1,allocated
366,993,low_traffic,0,0,65535_65535,1,3,251,293,0,1,0,39,0,28,1,1,pre_allocation
366,993,low_traffic,0,0,65535_65535,1,3,251,300,1,1,1,40,300,28,1,1,allocated
366,993,low_traffic,0,0,65535_65535,1,4,251,300,0,1,0,40,0,28,1,1,pre_allocation
366,993,low_traffic,0,0,65535_65535,1,4,251,308,1,1,1,41,308,28,1,1,allocated
366,993,low_traffic,0,0,65535_65535,1,3,251,300,0,1,0,40,0,28,1,1,pre_allocation
366,993,low_traffic,0,0,65535_65535,1,3,251,308,1,1,1,41,308,28,1,1,allocated
366,993,low_traffic,0,0,65535_65535,1,4,251,308,0,1,0,41,0,28,1,1,pre_allocation
366,993,low_traffic,0,0,65535_65535,1,4,251,315,1,1,1,42,315,28,1,1,allocated
366,993,low_traffic,0,0,65535_65535,1,3,251,308,0,1,0,41,0,28,1,1,pre_allocation
366,993,low_traffic,0,0,65535_65535,1,3,251,315,1,1,1,42,315,28,1,1,allocated
366,993,low_traffic,0,0,65535_65535,1,4,251,315,0,1,0,42,0,28,1,1,pre_allocation
366,993,low_traffic,0,0,65535_65535,1,4,251,323,1,1,1,43,323,28,1,1,allocated
366,993,low_traffic,0,0,65535_65535,1,3,251,315,0,1,0,42,0,28,1,1,pre_allocation
366,993,low_traffic,0,0,65535_65535,1,3,251,323,1,1,1,43,323,28,1,1,allocated
366,993,low_traffic,0,0,65535_65535,1,4,251,323,0,1,0,43,0,28,1,1,pre_allocation
366,993,low_traffic,0,0,65535_65535,1,4,251,330,1,1,1,44,330,28,1,1,allocated
366,993,low_traffic,0,0,65535_65535,1,3,251,323,0,1,0,43,0,28,1,1,pre_allocation
366,993,low_traffic,0,0,65535_65535,1,3,251,330,1,1,1,44,330,28,1,1,allocated
366,993,low_traffic,0,0,65535_65535,1,4,251,330,0,1,0,44,0,28,1,1,pre_allocation
366,993,low_traffic,0,0,65535_65535,1,4,251,338,1,1,1,45,338,28,1,1,allocated
366,993,low_traffic,0,0,65535_65535,1,3,251,330,0,1,0,44,0,28,1,1,pre_allocation
366,993,low_traffic,0,0,65535_65535,1,3,251,338,1,1,1,45,338,28,1,1,allocated
366,993,low_traffic,0,0,65535_65535,1,4,251,338,0,1,0,45,0,28,1,1,pre_allocation
366,993,low_traffic,0,0,65535_65535,1,4,251,346,1,1,1,46,346,28,1,1,allocated
366,993,low_traffic,0,0,65535_65535,1,3,251,338,0,1,0,45,0,28,1,1,pre_allocation
366,993,low_traffic,0,0,65535_65535,1,3,251,346,1,1,1,46,346,28,1,1,allocated
366,993,low_traffic,0,0,65535_65535,1,4,251,346,0,1,0,46,0,28,1,1,pre_allocation
366,993,low_traffic,0,0,65535_65535,1,4,251,353,1,1,1,47,353,28,1,1,allocated
366,993,low_traffic,0,0,65535_65535,1,3,251,346,0,1,0,46,0,28,1,1,pre_allocation
366,993,low_traffic,0,0,65535_65535,1,3,251,353,1,1,1,47,353,28,1,1,allocated
366,993,low_traffic,0,0,65535_65535,1,4,251,353,0,1,0,47,0,28,1,1,pre_allocation
366,993,low_traffic,0,0,65535_65535,1,4,251,361,1,1,1,48,361,28,1,1,allocated
366,993,low_traffic,0,0,65535_65535,1,3,251,353,0,1,0,47,0,28,1,1,pre_allocation
366,993,low_traffic,0,0,65535_65535,1,3,251,361,1,1,1,48,361,28,1,1,allocated
366,993,low_traffic,0,0,65535_65535,1,4,251,361,0,1,0,48,0,28,1,1,pre_allocation
366,993,low_traffic,0,0,65535_65535,1,4,251,368,1,1,1,49,368,28,1,1,allocated
366,993,low_traffic,0,0,65535_65535,1,3,251,361,0,1,0,48,0,28,1,1,pre_allocation
366,993,low_traffic,0,0,65535_65535,1,3,251,368,1,1,1,49,368,28,1,1,allocated
366,993,low_traffic,0,0,65535_65535,1,4,251,368,0,1,0,49,0,28,1,1,pre_allocation
366,993,low_traffic,0,0,65535_65535,1,4,251,376,1,1,1,50,376,28,1,1,allocated
366,993,low_traffic,0,0,65535_65535,1,3,251,368,0,1,0,49,0,28,1,1,pre_allocation
366,993,low_traffic,0,0,65535_65535,1,3,251,376,1,1,1,50,376,28,1,1,allocated
366,993,low_traffic,0,0,65535_65535,1,4,251,376,0,1,0,50,0,28,1,1,pre_allocation
366,993,low_traffic,0,0,65535_65535,1,4,251,384,1,1,1,51,384,28,1,1,allocated
366,993,low_traffic,0,0,65535_65535,1,3,251,376,0,1,0,50,0,28,1,1,pre_allocation
366,993,low_traffic,0,0,65535_65535,1,3,251,384,1,1,1,51,384,28,1,1,allocated
366,993,low_traffic,0,0,65535_65535,1,4,251,384,0,1,0,51,0,28,1,1,pre_allocation
366,993,low_traffic,0,0,65535_65535,1,4,251,391,1,1,1,52,391,28,1,1,allocated
366,993,low_traffic,0,0,65535_65535,1,3,251,384,0,1,0,51,0,28,1,1,pre_allocation
366,993,low_traffic,0,0,65535_65535,1,3,251,391,1,1,1,52,391,28,1,1,allocated
366,993,low_traffic,0,0,65535_65535,1,4,251,391,0,1,0,52,0,28,1,1,pre_allocation
366,993,low_traffic,0,0,65535_65535,1,4,251,399,1,1,1,53,399,28,1,1,allocated
366,993,low_traffic,0,0,65535_65535,1,3,251,391,0,1,0,52,0,28,1,1,pre_allocation
366,993,low_traffic,0,0,65535_65535,1,3,251,399,1,1,1,53,399,28,1,1,allocated
366,993,low_traffic,0,0,65535_65535,1,4,251,399,0,1,0,53,0,28,1,1,pre_allocation
366,993,low_traffic,0,0,65535_65535,1,4,251,406,1,1,1,54,406,28,1,1,allocated
366,993,low_traffic,0,0,65535_65535,1,3,251,399,0,1,0,53,0,28,1,1,pre_allocation
366,993,low_traffic,0,0,65535_65535,1,3,251,406,1,1,1,54,406,28,1,1,allocated
366,993,low_traffic,0,0,65535_65535,1,4,251,406,0,1,0,54,0,28,1,1,pre_allocation
366,993,low_traffic,0,0,65535_65535,1,4,251,414,1,1,1,55,414,28,1,1,allocated
366,993,low_traffic,0,0,65535_65535,1,3,251,406,0,1,0,54,0,28,1,1,pre_allocation
366,993,low_traffic,0,0,65535_65535,1,3,251,414,1,1,1,55,414,28,1,1,allocated
366,993,low_traffic,0,0,65535_65535,1,4,251,414,0,1,0,55,0,28,1,1,pre_allocation
366,993,low_traffic,0,0,65535_65535,1,4,251,422,1,1,1,56,422,28,1,1,allocated
366,993,low_traffic,0,0,65535_65535,1,3,251,414,0,1,0,55,0,28,1,1,pre_allocation
366,993,low_traffic,0,0,65535_65535,1,3,251,422,1,1,1,56,422,28,1,1,allocated
366,993,low_traffic,0,0,65535_65535,1,4,251,422,0,1,0,56,0,28,1,1,pre_allocation
366,993,low_traffic,0,0,65535_65535,1,4,251,429,1,1,1,57,429,28,1,1,allocated
366,993,low_traffic,0,0,65535_65535,1,3,251,422,0,1,0,56,0,28,1,1,pre_allocation
366,993,low_traffic,0,0,65535_65535,1,3,251,429,1,1,1,57,429,28,1,1,allocated
366,993,low_traffic,0,0,65535_65535,1,4,251,429,0,1,0,57,0,28,1,1,pre_allocation
366,993,low_traffic,0,0,65535_65535,1,4,251,437,1,1,1,58,437,28,1,1,allocated
366,993,low_traffic,0,0,65535_65535,1,3,251,429,0,1,0,57,0,28,1,1,pre_allocation
366,993,low_traffic,0,0,65535_65535,1,3,251,437,1,1,1,58,437,28,1,1,allocated
366,993,low_traffic,0,0,65535_65535,1,4,251,437,0,1,0,58,0,28,1,1,pre_allocation
366,993,low_traffic,0,0,65535_65535,1,4,251,444,1,1,1,59,444,28,1,1,allocated
366,993,low_traffic,0,0,65535_65535,1,3,251,437,0,1,0,58,0,28,1,1,pre_allocation
366,993,low_traffic,0,0,65535_65535,1,3,251,444,1,1,1,59,444,28,1,1,allocated
366,993,low_traffic,0,0,65535_65535,1,4,251,444,0,1,0,59,0,28,1,1,pre_allocation
366,993,low_traffic,0,0,65535_65535,1,4,251,452,1,1,1,60,452,28,1,1,allocated
366,993,low_traffic,0,0,65535_65535,1,3,251,444,0,1,0,59,0,28,1,1,pre_allocation
366,993,low_traffic,0,0,65535_65535,1,3,251,452,1,1,1,60,452,28,1,1,allocated
366,993,low_traffic,0,0,65535_65535,1,4,251,452,0,1,0,60,0,28,1,1,pre_allocation
366,993,low_traffic,0,0,65535_65535,1,4,251,459,1,1,1,61,459,28,1,1,allocated
366,993,low_traffic,0,0,65535_65535,1,3,251,452,0,1,0,60,0,28,1,1,pre_allocation
366,993,low_traffic,0,0,65535_65535,1,3,251,459,1,1,1,61,459,28,1,1,allocated
366,993,low_traffic,0,0,65535_65535,1,4,251,459,0,1,0,61,0,28,1,1,pre_allocation
366,993,low_traffic,0,0,65535_65535,1,4,251,467,1,1,1,62,467,28,1,1,allocated
366,993,low_traffic,0,0,65535_65535,1,3,251,459,0,1,0,61,0,28,1,1,pre_allocation
366,993,low_traffic,0,0,65535_65535,1,3,251,467,1,1,1,62,467,28,1,1,allocated
366,993,low_traffic,0,0,65535_65535,1,4,251,467,0,1,0,62,0,28,1,1,pre_allocation
366,993,low_traffic,0,0,65535_65535,1,4,251,475,1,1,1,63,475,28,1,1,allocated
366,993,low_traffic,0,0,65535_65535,1,3,251,467,0,1,0,62,0,28,1,1,pre_allocation
366,993,low_traffic,0,0,65535_65535,1,3,251,475,1,1,1,63,475,28,1,1,allocated
366,993,low_traffic,0,0,65535_65535,1,4,251,475,0,1,0,63,0,28,1,1,pre_allocation
366,993,low_traffic,0,0,65535_65535,1,4,251,482,1,1,1,64,482,28,1,1,allocated
366,993,low_traffic,0,0,65535_65535,1,3,251,475,0,1,0,63,0,28,1,1,pre_allocation
366,993,low_traffic,0,0,65535_65535,1,3,251,482,1,1,1,64,482,28,1,1,allocated
366,993,low_traffic,0,0,65535_65535,1,4,251,482,0,1,0,64,0,28,1,1,pre_allocation
366,993,low_traffic,0,0,65535_65535,1,4,251,490,1,1,1,65,490,28,1,1,allocated
366,993,low_traffic,0,0,65535_65535,1,3,251,482,0,1,0,64,0,28,1,1,pre_allocation
366,993,low_traffic,0,0,65535_65535,1,3,251,490,1,1,1,65,490,28,1,1,allocated
366,993,low_traffic,0,0,65535_65535,1,4,251,490,0,1,0,65,0,28,1,1,pre_allocation
366,993,low_traffic,0,0,65535_65535,1,4,251,497,1,1,1,66,497,28,1,1,allocated
366,993,low_traffic,0,0,65535_65535,1,3,251,490,0,1,0,65,0,28,1,1,pre_allocation
366,993,low_traffic,0,0,65535_65535,1,3,251,497,1,1,1,66,497,28,1,1,allocated
366,993,low_traffic,0,0,65535_65535,1,4,251,497,0,1,0,66,0,28,1,1,pre_allocation
366,993,low_traffic,0,0,65535_65535,1,4,251,505,1,1,1,67,505,28,1,1,allocated
366,993,low_traffic,0,0,65535_65535,1,3,251,497,0,1,0,66,0,28,1,1,pre_allocation
366,993,low_traffic,0,0,65535_65535,1,3,251,505,1,1,1,67,505,28,1,1,allocated
366,993,low_traffic,0,0,65535_65535,1,4,251,505,0,1,0,67,0,28,1,1,pre_allocation
366,993,low_traffic,0,0,65535_65535,1,4,251,513,1,1,1,68,513,28,1,1,allocated
366,993,low_traffic,0,0,65535_65535,1,3,251,505,0,1,0,67,0,28,1,1,pre_allocation
366,993,low_traffic,0,0,65535_65535,1,3,251,513,1,1,1,68,513,28,1,1,allocated
366,993,low_traffic,0,0,65535_65535,1,4,251,513,0,1,0,68,0,28,1,1,pre_allocation
366,993,low_traffic,0,0,65535_65535,1,4,251,520,1,1,1,69,520,28,1,1,allocated
366,993,low_traffic,0,0,65535_65535,1,3,251,513,0,1,0,68,0,28,1,1,pre_allocation
366,993,low_traffic,0,0,65535_65535,1,3,251,520,1,1,1,69,520,28,1,1,allocated
366,993,low_traffic,0,0,65535_65535,1,4,251,520,0,1,0,69,0,28,1,1,pre_allocation
366,993,low_traffic,0,0,65535_65535,1,4,251,528,1,1,1,70,528,28,1,1,allocated
366,993,low_traffic,0,0,65535_65535,1,3,251,520,0,1,0,69,0,28,1,1,pre_allocation
366,993,low_traffic,0,0,65535_65535,1,3,251,528,1,1,1,70,528,28,1,1,allocated
366,993,low_traffic,0,0,65535_65535,1,4,251,528,0,1,0,70,0,28,1,1,pre_allocation
366,993,low_traffic,0,0,65535_65535,1,4,251,535,1,1,1,71,535,28,1,1,allocated
366,993,low_traffic,0,0,65535_65535,1,3,251,528,0,1,0,70,0,28,1,1,pre_allocation
366,993,low_traffic,0,0,65535_65535,1,3,251,535,1,1,1,71,535,28,1,1,allocated
366,993,low_traffic,0,0,65535_65535,1,4,251,535,0,1,0,71,0,28,1,1,pre_allocation
366,993,low_traffic,0,0,65535_65535,1,4,251,543,1,1,1,72,543,28,1,1,allocated
366,993,low_traffic,0,0,65535_65535,1,3,251,535,0,1,0,71,0,28,1,1,pre_allocation
366,993,low_traffic,0,0,65535_65535,1,3,251,543,1,1,1,72,543,28,1,1,allocated
366,993,low_traffic,0,0,65535_65535,1,4,251,543,0,1,0,72,0,28,1,1,pre_allocation
366,993,low_traffic,0,0,65535_65535,1,4,251,551,1,1,1,73,551,28,1,1,allocated
366,993,low_traffic,0,0,65535_65535,1,3,251,543,0,1,0,72,0,28,1,1,pre_allocation
366,993,low_traffic,0,0,65535_65535,1,3,251,551,1,1,1,73,551,28,1,1,allocated
366,993,low_traffic,0,0,65535_65535,1,4,251,551,0,1,0,73,0,28,1,1,pre_allocation
366,993,low_traffic,0,0,65535_65535,1,4,251,558,1,1,1,74,558,28,1,1,allocated
366,993,low_traffic,0,0,65535_65535,1,3,251,551,0,1,0,73,0,28,1,1,pre_allocation
366,993,low_traffic,0,0,65535_65535,1,3,251,558,1,1,1,74,558,28,1,1,allocated
366,993,low_traffic,0,0,65535_65535,1,4,251,558,0,1,0,74,0,28,1,1,pre_allocation
366,993,low_traffic,0,0,65535_65535,1,4,251,566,1,1,1,75,566,28,1,1,allocated
366,993,low_traffic,0,0,65535_65535,1,3,251,558,0,1,0,74,0,28,1,1,pre_allocation
366,993,low_traffic,0,0,65535_65535,1,3,251,566,1,1,1,75,566,28,1,1,allocated
366,993,low_traffic,0,0,65535_65535,1,4,251,566,0,1,0,75,0,28,1,1,pre_allocation
366,993,low_traffic,0,0,65535_65535,1,4,251,573,1,1,1,76,573,28,1,1,allocated
366,993,low_traffic,0,0,65535_65535,1,3,251,566,0,1,0,75,0,28,1,1,pre_allocation
366,993,low_traffic,0,0,65535_65535,1,3,251,573,1,1,1,76,573,28,1,1,allocated
366,993,low_traffic,0,0,65535_65535,1,4,251,573,0,1,0,76,0,28,1,1,pre_allocation
366,993,low_traffic,0,0,65535_65535,1,4,251,581,1,1,1,77,581,28,1,1,allocated
366,993,low_traffic,0,0,65535_65535,1,3,251,573,0,1,0,76,0,28,1,1,pre_allocation
366,993,low_traffic,0,0,65535_65535,1,3,251,581,1,1,1,77,581,28,1,1,allocated
366,993,low_traffic,0,0,65535_65535,1,4,251,581,0,1,0,77,0,28,1,1,pre_allocation
366,993,low_traffic,0,0,65535_65535,1,4,251,589,1,1,1,78,589,28,1,1,allocated
366,993,low_traffic,0,0,65535_65535,1,3,251,581,0,1,0,77,0,28,1,1,pre_allocation
366,993,low_traffic,0,0,65535_65535,1,3,251,589,1,1,1,78,589,28,1,1,allocated
366,993,low_traffic,0,0,65535_65535,1,4,251,589,0,1,0,78,0,28,1,1,pre_allocation
366,993,low_traffic,0,0,65535_65535,1,4,251,596,1,1,1,79,596,28,1,1,allocated
366,993,low_traffic,0,0,65535_65535,1,3,251,589,0,1,0,78,0,28,1,1,pre_allocation
366,993,low_traffic,0,0,65535_65535,1,3,251,596,1,1,1,79,596,28,1,1,allocated
366,993,low_traffic,0,0,65535_65535,1,4,251,596,0,1,0,79,0,28,1,1,pre_allocation
366,993,low_traffic,0,0,65535_65535,1,4,251,604,1,1,1,80,604,28,1,1,allocated
366,993,low_traffic,0,0,65535_65535,1,3,251,596,0,1,0,79,0,28,1,1,pre_allocation
366,993,low_traffic,0,0,65535_65535,1,3,251,604,1,1,1,80,604,28,1,1,allocated
366,993,low_traffic,0,0,65535_65535,1,4,251,604,0,1,0,80,0,28,1,1,pre_allocation
366,993,low_traffic,0,0,65535_65535,1,4,251,611,1,1,1,81,611,28,1,1,allocated
366,993,low_traffic,0,0,65535_65535,1,3,251,604,0,1,0,80,0,28,1,1,pre_allocation
366,993,low_traffic,0,0,65535_65535,1,3,251,611,1,1,1,81,611,28,1,1,allocated
366,993,low_traffic,0,0,65535_65535,1,4,251,611,0,1,0,81,0,28,1,1,pre_allocation
366,993,low_traffic,0,0,65535_65535,1,4,251,619,1,1,1,82,619,28,1,1,allocated
366,993,low_traffic,0,0,65535_65535,1,3,251,611,0,1,0,81,0,28,1,1,pre_allocation
366,993,low_traffic,0,0,65535_65535,1,3,251,619,1,1,1,82,619,28,1,1,allocated
366,993,low_traffic,0,0,65535_65535,1,4,251,619,0,1,0,82,0,28,1,1,pre_allocation
366,993,low_traffic,0,0,65535_65535,1,4,251,626,1,1,1,83,626,28,1,1,allocated
366,993,low_traffic,0,0,65535_65535,1,3,251,619,0,1,0,82,0,28,1,1,pre_allocation
366,993,low_traffic,0,0,65535_65535,1,3,251,626,1,1,1,83,626,28,1,1,allocated
366,993,low_traffic,0,0,65535_65535,1,4,251,626,0,1,0,83,0,28,1,1,pre_allocation
366,993,low_traffic,0,0,65535_65535,1,4,251,634,1,1,1,84,634,28,1,1,allocated
366,993,low_traffic,0,0,65535_65535,1,3,251,626,0,1,0,83,0,28,1,1,pre_allocation
366,993,low_traffic,0,0,65535_65535,1,3,251,634,1,1,1,84,634,28,1,1,allocated
366,993,low_traffic,0,0,65535_65535,1,4,251,634,0,1,0,84,0,28,1,1,pre_allocation
366,993,low_traffic,0,0,65535_65535,1,4,251,642,1,1,1,85,642,28,1,1,allocated
366,993,low_traffic,0,0,65535_65535,1,3,251,634,0,1,0,84,0,28,1,1,pre_allocation
366,993,low_traffic,0,0,65535_65535,1,3,251,642,1,1,1,85,642,28,1,1,allocated
366,993,low_traffic,0,0,65535_65535,1,4,251,642,0,1,0,85,0,28,1,1,pre_allocation
366,993,low_traffic,0,0,65535_65535,1,4,251,649,1,1,1,86,649,28,1,1,allocated
366,993,low_traffic,0,0,65535_65535,1,3,251,642,0,1,0,85,0,28,1,1,pre_allocation
366,993,low_traffic,0,0,65535_65535,1,3,251,649,1,1,1,86,649,28,1,1,allocated
366,993,low_traffic,0,0,65535_65535,1,4,251,649,0,1,0,86,0,28,1,1,pre_allocation
366,993,low_traffic,0,0,65535_65535,1,4,251,657,1,1,1,87,657,28,1,1,allocated
366,993,low_traffic,0,0,65535_65535,1,3,251,649,0,1,0,86,0,28,1,1,pre_allocation
366,993,low_traffic,0,0,65535_65535,1,3,251,657,1,1,1,87,657,28,1,1,allocated
366,993,low_traffic,0,0,65535_65535,1,4,251,657,0,1,0,87,0,28,1,1,pre_allocation
366,993,low_traffic,0,0,65535_65535,1,4,251,664,1,1,1,88,664,28,1,1,allocated
366,993,low_traffic,0,0,65535_65535,1,3,251,657,0,1,0,87,0,28,1,1,pre_allocation
366,993,low_traffic,0,0,65535_65535,1,3,251,664,1,1,1,88,664,28,1,1,allocated
366,993,low_traffic,0,0,65535_65535,1,4,251,664,0,1,0,88,0,28,1,1,pre_allocation
366,993,low_traffic,0,0,65535_65535,1,4,251,672,1,1,1,89,672,28,1,1,allocated
366,993,low_traffic,0,0,65535_65535,1,3,251,664,0,1,0,88,0,28,1,1,pre_allocation
366,993,low_traffic,0,0,65535_65535,1,3,251,672,1,1,1,89,672,28,1,1,allocated
366,993,low_traffic,0,0,65535_65535,1,4,251,672,0,1,0,89,0,28,1,1,pre_allocation
366,993,low_traffic,0,0,65535_65535,1,4,251,680,1,1,1,90,680,28,1,1,allocated
366,993,low_traffic,0,0,65535_65535,1,3,251,672,0,1,0,89,0,28,1,1,pre_allocation
366,993,low_traffic,0,0,65535_65535,1,3,251,680,1,1,1,90,680,28,1,1,allocated
366,993,low_traffic,0,0,65535_65535,1,4,251,680,0,1,0,90,0,28,1,1,pre_allocation
366,993,low_traffic,0,0,65535_65535,1,4,251,687,1,1,1,91,687,28,1,1,allocated
366,993,low_traffic,0,0,65535_65535,1,3,251,680,0,1,0,90,0,28,1,1,pre_allocation
366,993,low_traffic,0,0,65535_65535,1,3,251,687,1,1,1,91,687,28,1,1,allocated
366,993,low_traffic,0,0,65535_65535,1,4,251,687,0,1,0,91,0,28,1,1,pre_allocation
366,993,low_traffic,0,0,65535_65535,1,4,251,695,1,1,1,92,695,28,1,1,allocated
366,993,low_traffic,0,0,65535_65535,1,3,251,687,0,1,0,91,0,28,1,1,pre_allocation
366,993,low_traffic,0,0,65535_65535,1,3,251,695,1,1,1,92,695,28,1,1,allocated
366,993,low_traffic,0,0,65535_65535,1,4,251,695,0,1,0,92,0,28,1,1,pre_allocation
366,993,low_traffic,0,0,65535_65535,1,4,251,702,1,1,1,93,702,28,1,1,allocated
366,993,low_traffic,0,0,65535_65535,1,3,251,695,0,1,0,92,0,28,1,1,pre_allocation
366,993,low_traffic,0,0,65535_65535,1,3,251,702,1,1,1,93,702,28,1,1,allocated
366,993,low_traffic,0,0,65535_65535,1,4,251,702,0,1,0,93,0,28,1,1,pre_allocation
366,993,low_traffic,0,0,65535_65535,1,4,251,710,1,1,1,94,710,28,1,1,allocated
366,993,low_traffic,0,0,65535_65535,1,3,251,702,0,1,0,93,0,28,1,1,pre_allocation
366,993,low_traffic,0,0,65535_65535,1,3,251,710,1,1,1,94,710,28,1,1,allocated
366,993,low_traffic,0,0,65535_65535,1,4,251,710,0,1,0,94,0,28,1,1,pre_allocation
366,993,low_traffic,0,0,65535_65535,1,4,251,718,1,1,1,95,718,28,1,1,allocated
366,993,low_traffic,0,0,65535_65535,1,3,251,710,0,1,0,94,0,28,1,1,pre_allocation
366,993,low_traffic,0,0,65535_65535,1,3,251,718,1,1,1,95,718,28,1,1,allocated
366,993,low_traffic,0,0,65535_65535,1,4,251,718,0,1,0,95,0,28,1,1,pre_allocation
366,993,low_traffic,0,0,65535_65535,1,4,251,725,1,1,1,96,725,28,1,1,allocated
366,993,low_traffic,0,0,65535_65535,1,3,251,718,0,1,0,95,0,28,1,1,pre_allocation
366,993,low_traffic,0,0,65535_65535,1,3,251,725,1,1,1,96,725,28,1,1,allocated
366,993,low_traffic,0,0,65535_65535,1,4,251,725,0,1,0,96,0,28,1,1,pre_allocation
366,993,low_traffic,0,0,65535_65535,1,4,251,733,1,1,1,97,733,28,1,1,allocated
366,993,low_traffic,0,0,65535_65535,1,3,251,725,0,1,0,96,0,28,1,1,pre_allocation
366,993,low_traffic,0,0,65535_65535,1,3,251,733,1,1,1,97,733,28,1,1,allocated
366,993,low_traffic,0,0,65535_65535,1,4,251,733,0,1,0,97,0,28,1,1,pre_allocation
366,993,low_traffic,0,0,65535_65535,1,4,251,740,1,1,1,98,740,28,1,1,allocated
366,993,low_traffic,0,0,65535_65535,1,3,251,733,0,1,0,97,0,28,1,1,pre_allocation
366,993,low_traffic,0,0,65535_65535,1,3,251,740,1,1,1,98,740,28,1,1,allocated
366,993,low_traffic,0,0,65535_65535,1,4,251,740,0,1,0,98,0,28,1,1,pre_allocation
366,993,low_traffic,0,0,65535_65535,1,4,251,748,1,1,1,99,748,28,1,1,allocated
366,993,low_traffic,0,0,65535_65535,1,3,251,740,0,1,0,98,0,28,1,1,pre_allocation
366,993,low_traffic,0,0,65535_65535,1,3,251,748,1,1,1,99,748,28,1,1,allocated
366,993,low_traffic,0,0,65535_65535,1,4,251,748,0,1,0,99,0,28,1,1,pre_allocation
366,993,low_traffic,0,0,65535_65535,1,4,251,756,1,1,1,100,756,28,1,1,allocated
366,993,low_traffic,0,0,65535_65535,1,3,251,748,0,1,0,99,0,28,1,1,pre_allocation
366,993,low_traffic,0,0,65535_65535,1,3,251,756,1,1,1,100,756,28,1,1,allocated
366,993,low_traffic,0,0,65535_65535,1,4,251,756,0,1,0,100,0,28,1,1,pre_allocation
366,993,low_traffic,0,0,65535_65535,1,4,251,763,1,1,1,101,763,28,1,1,allocated
366,993,low_traffic,0,0,65535_65535,1,3,251,756,0,1,0,100,0,28,1,1,pre_allocation
366,993,low_traffic,0,0,65535_65535,1,3,251,763,1,1,1,101,763,28,1,1,allocated
366,993,low_traffic,0,0,65535_65535,1,4,251,763,0,1,0,101,0,28,1,1,pre_allocation
366,993,low_traffic,0,0,65535_65535,1,4,251,771,1,1,1,102,771,28,1,1,allocated
366,993,low_traffic,0,0,65535_65535,1,3,251,763,0,1,0,101,0,28,1,1,pre_allocation
366,993,low_traffic,0,0,65535_65535,1,3,251,771,1,1,1,102,771,28,1,1,allocated
366,993,low_traffic,0,0,65535_65535,1,4,251,771,0,1,0,102,0,28,1,1,pre_allocation
366,993,low_traffic,0,0,65535_65535,1,4,251,778,1,1,1,103,778,28,1,1,allocated
366,993,low_traffic,0,0,65535_65535,1,3,251,771,0,1,0,102,0,28,1,1,pre_allocation
366,993,low_traffic,0,0,65535_65535,1,3,251,778,1,1,1,103,778,28,1,1,allocated
366,993,low_traffic,0,0,65535_65535,1,4,251,778,0,1,0,103,0,28,1,1,pre_allocation
366,993,low_traffic,0,0,65535_65535,1,4,251,786,1,1,1,104,786,28,1,1,allocated
366,993,low_traffic,0,0,65535_65535,1,3,251,778,0,1,0,103,0,28,1,1,pre_allocation
366,993,low_traffic,0,0,65535_65535,1,3,251,786,1,1,1,104,786,28,1,1,allocated
366,993,low_traffic,0,0,65535_65535,1,4,251,786,0,1,0,104,0,28,1,1,pre_allocation
366,993,low_traffic,0,0,65535_65535,1,4,251,793,1,1,1,105,793,28,1,1,allocated
366,993,low_traffic,0,0,65535_65535,1,3,251,786,0,1,0,104,0,28,1,1,pre_allocation
366,993,low_traffic,0,0,65535_65535,1,3,251,793,1,1,1,105,793,28,1,1,allocated
366,993,low_traffic,0,0,65535_65535,1,4,251,793,0,1,0,105,0,28,1,1,pre_allocation
366,993,low_traffic,0,0,65535_65535,1,4,251,801,1,1,1,106,801,28,1,1,allocated
366,993,low_traffic,0,0,65535_65535,1,3,251,793,0,1,0,105,0,28,1,1,pre_allocation
366,993,low_traffic,0,0,65535_65535,1,3,251,801,1,1,1,106,801,28,1,1,allocated
445,1091,low_traffic,0,0,65535_65535,0,2,715395,0,0,1,0,0,0,28,1,1,pre_allocation
445,1091,low_traffic,0,0,65535_65535,0,2,715395,4,1,1,1,1,4,28,1,1,allocated
445,1091,low_traffic,0,0,65535_65535,0,1,873922,0,0,1,0,0,0,26,1,1,pre_allocation
445,1091,low_traffic,0,0,65535_65535,0,1,873922,4,1,1,1,1,4,26,1,1,allocated
445,1091,low_traffic,0,0,65535_65535,0,2,715395,4,0,1,0,1,0,28,1,1,pre_allocation
445,1091,low_traffic,0,0,65535_65535,0,2,715395,12,1,1,1,2,12,28,1,1,allocated
445,1091,low_traffic,0,0,65535_65535,0,1,873922,4,0,1,0,1,0,26,1,1,pre_allocation
445,1091,low_traffic,0,0,65535_65535,0,1,873922,11,1,1,1,2,11,26,1,1,allocated
445,1091,low_traffic,0,0,65535_65535,0,2,715395,12,0,1,0,2,0,28,1,1,pre_allocation
445,1091,low_traffic,0,0,65535_65535,0,2,715395,19,1,1,1,3,19,28,1,1,allocated
445,1091,low_traffic,0,0,65535_65535,0,1,873922,11,0,1,0,2,0,26,1,1,pre_allocation
445,1091,low_traffic,0,0,65535_65535,0,1,873922,18,1,1,1,3,18,26,1,1,allocated
445,1091,low_traffic,0,0,65535_65535,0,2,715395,19,0,1,0,3,0,28,1,1,pre_allocation
445,1091,low_traffic,0,0,65535_65535,0,2,715395,27,1,1,1,4,27,28,1,1,allocated
445,1091,low_traffic,0,0,65535_65535,0,1,873922,18,0,1,0,3,0,26,1,1,pre_allocation
445,1091,low_traffic,0,0,65535_65535,0,1,873922,25,1,1,1,4,25,26,1,1,allocated
445,1091,low_traffic,0,0,65535_65535,0,2,715395,27,0,1,0,4,0,28,1,1,pre_allocation
445,1091,low_traffic,0,0,65535_65535,0,2,715395,34,1,1,1,5,34,28,1,1,allocated
445,1091,low_traffic,0,0,65535_65535,0,1,873922,25,0,1,0,4,0,26,1,1,pre_allocation
445,1091,low_traffic,0,0,65535_65535,0,1,873922,32,1,1,1,5,32,26,1,1,allocated
445,1091,low_traffic,0,0,65535_65535,0,2,715395,34,0,1,0,5,0,28,1,1,pre_allocation
445,1091,low_traffic,0,0,65535_65535,0,2,715395,42,1,1,1,6,42,28,1,1,allocated
445,1091,low_traffic,0,0,65535_65535,0,1,873922,32,0,1,0,5,0,26,1,1,pre_allocation
445,1091,low_traffic,0,0,65535_65535,0,1,873922,39,1,1,1,6,39,26,1,1,allocated
445,1091,low_traffic,0,0,65535_65535,0,2,715395,42,0,1,0,6,0,28,1,1,pre_allocation
445,1091,low_traffic,0,0,65535_65535,0,2,715395,50,1,1,1,7,50,28,1,1,allocated
445,1091,low_traffic,0,0,65535_65535,0,1,873922,39,0,1,0,6,0,26,1,1,pre_allocation
445,1091,low_traffic,0,0,65535_65535,0,1,873922,46,1,1,1,7,46,26,1,1,allocated
445,1091,low_traffic,0,0,65535_65535,0,2,715395,50,0,1,0,7,0,28,1,1,pre_allocation
445,1091,low_traffic,0,0,65535_65535,0,2,715395,57,1,1,1,8,57,28,1,1,allocated
445,1091,low_traffic,0,0,65535_65535,0,1,873922,46,0,1,0,7,0,26,1,1,pre_allocation
445,1091,low_traffic,0,0,65535_65535,0,1,873922,53,1,1,1,8,53,26,1,1,allocated
445,1091,low_traffic,0,0,65535_65535,0,2,715395,57,0,1,0,8,0,28,1,1,pre_allocation
445,1091,low_traffic,0,0,65535_65535,0,2,715395,65,1,1,1,9,65,28,1,1,allocated
445,1091,low_traffic,0,0,65535_65535,0,1,873922,53,0,1,0,8,0,26,1,1,pre_allocation
445,1091,low_traffic,0,0,65535_65535,0,1,873922,60,1,1,1,9,60,26,1,1,allocated
445,1091,low_traffic,0,0,65535_65535,0,2,715395,65,0,1,0,9,0,28,1,1,pre_allocation
445,1091,low_traffic,0,0,65535_65535,0,2,715395,72,1,1,1,10,72,28,1,1,allocated
445,1091,low_traffic,0,0,65535_65535,0,1,873922,60,0,1,0,9,0,26,1,1,pre_allocation
445,1091,low_traffic,0,0,65535_65535,0,1,873922,67,1,1,1,10,67,26,1,1,allocated
445,1091,low_traffic,0,0,65535_65535,0,2,715395,72,0,1,0,10,0,28,1,1,pre_allocation
445,1091,low_traffic,0,0,65535_65535,0,2,715395,80,1,1,1,11,80,28,1,1,allocated
445,1091,low_traffic,0,0,65535_65535,0,1,873922,67,0,1,0,10,0,26,1,1,pre_allocation
445,1091,low_traffic,0,0,65535_65535,0,1,873922,74,1,1,1,11,74,26,1,1,allocated
445,1091,low_traffic,0,0,65535_65535,0,2,715395,80,0,1,0,11,0,28,1,1,pre_allocation
445,1091,low_traffic,0,0,65535_65535,0,2,715395,88,1,1,1,12,88,28,1,1,allocated
445,1091,low_traffic,0,0,65535_65535,0,1,873922,74,0,1,0,11,0,26,1,1,pre_allocation
445,1091,low_traffic,0,0,65535_65535,0,1,873922,81,1,1,1,12,81,26,1,1,allocated
445,1091,low_traffic,0,0,65535_65535,0,2,715395,88,0,1,0,12,0,28,1,1,pre_allocation
445,1091,low_traffic,0,0,65535_65535,0,2,715395,95,1,1,1,13,95,28,1,1,allocated
445,1091,low_traffic,0,0,65535_65535,0,1,873922,81,0,1,0,12,0,26,1,1,pre_allocation
445,1091,low_traffic,0,0,65535_65535,0,1,873922,88,1,1,1,13,88,26,1,1,allocated
445,1091,low_traffic,0,0,65535_65535,0,2,715395,95,0,1,0,13,0,28,1,1,pre_allocation
445,1091,low_traffic,0,0,65535_65535,0,2,715395,103,1,1,1,14,103,28,1,1,allocated
445,1091,low_traffic,0,0,65535_65535,0,1,873922,88,0,1,0,13,0,26,1,1,pre_allocation
445,1091,low_traffic,0,0,65535_65535,0,1,873922,95,1,1,1,14,95,26,1,1,allocated
445,1091,low_traffic,0,0,65535_65535,0,2,715395,103,0,1,0,14,0,28,1,1,pre_allocation
445,1091,low_traffic,0,0,65535_65535,0,2,715395,110,1,1,1,15,110,28,1,1,allocated
445,1091,low_traffic,0,0,65535_65535,0,1,873922,95,0,1,0,14,0,26,1,1,pre_allocation
445,1091,low_traffic,0,0,65535_65535,0,1,873922,102,1,1,1,15,102,26,1,1,allocated
445,1091,low_traffic,0,0,65535_65535,0,2,715395,110,0,1,0,15,0,28,1,1,pre_allocation
445,1091,low_traffic,0,0,65535_65535,0,2,715395,118,1,1,1,16,118,28,1,1,allocated
445,1091,low_traffic,0,0,65535_65535,0,1,873922,102,0,1,0,15,0,26,1,1,pre_allocation
445,1091,low_traffic,0,0,65535_65535,0,1,873922,109,1,1,1,16,109,26,1,1,allocated
445,1091,low_traffic,0,0,65535_65535,0,2,715395,118,0,1,0,16,0,28,1,1,pre_allocation
445,1091,low_traffic,0,0,65535_65535,0,2,715395,126,1,1,1,17,126,28,1,1,allocated
445,1091,low_traffic,0,0,65535_65535,0,1,873922,109,0,1,0,16,0,26,1,1,pre_allocation
445,1091,low_traffic,0,0,65535_65535,0,1,873922,116,1,1,1,17,116,26,1,1,allocated
445,1091,low_traffic,0,0,65535_65535,0,2,715395,126,0,1,0,17,0,28,1,1,pre_allocation
445,1091,low_traffic,0,0,65535_65535,0,2,715395,133,1,1,1,18,133,28,1,1,allocated
445,1091,low_traffic,0,0,65535_65535,0,1,873922,116,0,1,0,17,0,26,1,1,pre_allocation
445,1091,low_traffic,0,0,65535_65535,0,1,873922,123,1,1,1,18,123,26,1,1,allocated
445,1091,low_traffic,0,0,65535_65535,0,2,715395,133,0,1,0,18,0,28,1,1,pre_allocation
445,1091,low_traffic,0,0,65535_65535,0,2,715395,141,1,1,1,19,141,28,1,1,allocated
445,1091,low_traffic,0,0,65535_65535,0,1,873922,123,0,1,0,18,0,26,1,1,pre_allocation
445,1091,low_traffic,0,0,65535_65535,0,1,873922,130,1,1,1,19,130,26,1,1,allocated
445,1091,low_traffic,0,0,65535_65535,0,2,715395,141,0,1,0,19,0,28,1,1,pre_allocation
445,1091,low_traffic,0,0,65535_65535,0,2,715395,148,1,1,1,20,148,28,1,1,allocated
445,1091,low_traffic,0,0,65535_65535,0,1,873922,130,0,1,0,19,0,26,1,1,pre_allocation
445,1091,low_traffic,0,0,65535_65535,0,1,873922,137,1,1,1,20,137,26,1,1,allocated
445,1091,low_traffic,0,0,65535_65535,0,2,715395,148,0,1,0,20,0,28,1,1,pre_allocation
445,1091,low_traffic,0,0,65535_65535,0,2,715395,156,1,1,1,21,156,28,1,1,allocated
445,1091,low_traffic,0,0,65535_65535,0,1,873922,137,0,1,0,20,0,26,1,1,pre_allocation
445,1091,low_traffic,0,0,65535_65535,0,1,873922,144,1,1,1,21,144,26,1,1,allocated
445,1091,low_traffic,0,0,65535_65535,0,2,715395,156,0,1,0,21,0,28,1,1,pre_allocation
445,1091,low_traffic,0,0,65535_65535,0,2,715395,163,1,1,1,22,163,28,1,1,allocated
445,1091,low_traffic,0,0,65535_65535,0,1,873922,144,0,1,0,21,0,26,1,1,pre_allocation
445,1091,low_traffic,0,0,65535_65535,0,1,873922,151,1,1,1,22,151,26,1,1,allocated
445,1091,low_traffic,0,0,65535_65535,1,4,333,0,0,1,0,0,0,28,1,1,pre_allocation
445,1091,low_traffic,0,0,65535_65535,1,4,333,4,1,1,1,1,4,28,1,1,allocated
445,1091,low_traffic,0,0,65535_65535,1,3,333,0,0,1,0,0,0,28,1,1,pre_allocation
445,1091,low_traffic,0,0,65535_65535,1,3,333,4,1,1,1,1,4,28,1,1,allocated
445,1091,low_traffic,0,0,65535_65535,1,4,333,4,0,1,0,1,0,28,1,1,pre_allocation
445,1091,low_traffic,0,0,65535_65535,1,4,333,12,1,1,1,2,12,28,1,1,allocated
445,1091,low_traffic,0,0,65535_65535,1,3,333,4,0,1,0,1,0,28,1,1,pre_allocation
445,1091,low_traffic,0,0,65535_65535,1,3,333,12,1,1,1,2,12,28,1,1,allocated
445,1091,low_traffic,0,0,65535_65535,1,4,333,12,0,1,0,2,0,28,1,1,pre_allocation
445,1091,low_traffic,0,0,65535_65535,1,4,333,19,1,1,1,3,19,28,1,1,allocated
445,1091,low_traffic,0,0,65535_65535,1,3,333,12,0,1,0,2,0,28,1,1,pre_allocation
445,1091,low_traffic,0,0,65535_65535,1,3,333,19,1,1,1,3,19,28,1,1,allocated
445,1091,low_traffic,0,0,65535_65535,1,4,333,19,0,1,0,3,0,28,1,1,pre_allocation
445,1091,low_traffic,0,0,65535_65535,1,4,333,27,1,1,1,4,27,28,1,1,allocated
445,1091,low_traffic,0,0,65535_65535,1,3,333,19,0,1,0,3,0,28,1,1,pre_allocation
445,1091,low_traffic,0,0,65535_65535,1,3,333,27,1,1,1,4,27,28,1,1,allocated
445,1091,low_traffic,0,0,65535_65535,1,4,333,27,0,1,0,4,0,28,1,1,pre_allocation
445,1091,low_traffic,0,0,65535_65535,1,4,333,34,1,1,1,5,34,28,1,1,allocated
445,1091,low_traffic,0,0,65535_65535,1,3,333,27,0,1,0,4,0,28,1,1,pre_allocation
445,1091,low_traffic,0,0,65535_65535,1,3,333,34,1,1,1,5,34,28,1,1,allocated
445,1091,low_traffic,0,0,65535_65535,1,4,333,34,0,1,0,5,0,28,1,1,pre_allocation
445,1091,low_traffic,0,0,65535_65535,1,4,333,42,1,1,1,6,42,28,1,1,allocated
445,1091,low_traffic,0,0,65535_65535,1,3,333,34,0,1,0,5,0,28,1,1,pre_allocation
445,1091,low_traffic,0,0,65535_65535,1,3,333,42,1,1,1,6,42,28,1,1,allocated
445,1091,low_traffic,0,0,65535_65535,1,4,333,42,0,1,0,6,0,28,1,1,pre_allocation
445,1091,low_traffic,0,0,65535_65535,1,4,333,50,1,1,1,7,50,28,1,1,allocated
445,1091,low_traffic,0,0,65535_65535,1,3,333,42,0,1,0,6,0,28,1,1,pre_allocation
445,1091,low_traffic,0,0,65535_65535,1,3,333,50,1,1,1,7,50,28,1,1,allocated
445,1091,low_traffic,0,0,65535_65535,1,4,333,50,0,1,0,7,0,28,1,1,pre_allocation
445,1091,low_traffic,0,0,65535_65535,1,4,333,57,1,1,1,8,57,28,1,1,allocated
445,1091,low_traffic,0,0,65535_65535,1,3,333,50,0,1,0,7,0,28,1,1,pre_allocation
445,1091,low_traffic,0,0,65535_65535,1,3,333,57,1,1,1,8,57,28,1,1,allocated
445,1091,low_traffic,0,0,65535_65535,1,4,333,57,0,1,0,8,0,28,1,1,pre_allocation
445,1091,low_traffic,0,0,65535_65535,1,4,333,65,1,1,1,9,65,28,1,1,allocated
445,1091,low_traffic,0,0,65535_65535,1,3,333,57,0,1,0,8,0,28,1,1,pre_allocation
445,1091,low_traffic,0,0,65535_65535,1,3,333,65,1,1,1,9,65,28,1,1,allocated
445,1091,low_traffic,0,0,65535_65535,1,4,333,65,0,1,0,9,0,28,1,1,pre_allocation
445,1091,low_traffic,0,0,65535_65535,1,4,333,72,1,1,1,10,72,28,1,1,allocated
445,1091,low_traffic,0,0,65535_65535,1,3,333,65,0,1,0,9,0,28,1,1,pre_allocation
445,1091,low_traffic,0,0,65535_65535,1,3,333,72,1,1,1,10,72,28,1,1,allocated
445,1091,low_traffic,0,0,65535_65535,1,4,333,72,0,1,0,10,0,28,1,1,pre_allocation
445,1091,low_traffic,0,0,65535_65535,1,4,333,80,1,1,1,11,80,28,1,1,allocated
445,1091,low_traffic,0,0,65535_65535,1,3,333,72,0,1,0,10,0,28,1,1,pre_allocation
445,1091,low_traffic,0,0,65535_65535,1,3,333,80,1,1,1,11,80,28,1,1,allocated
445,1091,low_traffic,0,0,65535_65535,1,4,333,80,0,1,0,11,0,28,1,1,pre_allocation
445,1091,low_traffic,0,0,65535_65535,1,4,333,88,1,1,1,12,88,28,1,1,allocated
445,1091,low_traffic,0,0,65535_65535,1,3,333,80,0,1,0,11,0,28,1,1,pre_allocation
445,1091,low_traffic,0,0,65535_65535,1,3,333,88,1,1,1,12,88,28,1,1,allocated
445,1091,low_traffic,0,0,65535_65535,1,4,333,88,0,1,0,12,0,28,1,1,pre_allocation
445,1091,low_traffic,0,0,65535_65535,1,4,333,95,1,1,1,13,95,28,1,1,allocated
445,1091,low_traffic,0,0,65535_65535,1,3,333,88,0,1,0,12,0,28,1,1,pre_allocation
445,1091,low_traffic,0,0,65535_65535,1,3,333,95,1,1,1,13,95,28,1,1,allocated
445,1091,low_traffic,0,0,65535_65535,1,4,333,95,0,1,0,13,0,28,1,1,pre_allocation
445,1091,low_traffic,0,0,65535_65535,1,4,333,103,1,1,1,14,103,28,1,1,allocated
445,1091,low_traffic,0,0,65535_65535,1,3,333,95,0,1,0,13,0,28,1,1,pre_allocation
445,1091,low_traffic,0,0,65535_65535,1,3,333,103,1,1,1,14,103,28,1,1,allocated
445,1091,low_traffic,0,0,65535_65535,1,4,333,103,0,1,0,14,0,28,1,1,pre_allocation
445,1091,low_traffic,0,0,65535_65535,1,4,333,110,1,1,1,15,110,28,1,1,allocated
445,1091,low_traffic,0,0,65535_65535,1,3,333,103,0,1,0,14,0,28,1,1,pre_allocation
445,1091,low_traffic,0,0,65535_65535,1,3,333,110,1,1,1,15,110,28,1,1,allocated
445,1091,low_traffic,0,0,65535_65535,1,4,333,110,0,1,0,15,0,28,1,1,pre_allocation
445,1091,low_traffic,0,0,65535_65535,1,4,333,118,1,1,1,16,118,28,1,1,allocated
445,1091,low_traffic,0,0,65535_65535,1,3,333,110,0,1,0,15,0,28,1,1,pre_allocation
445,1091,low_traffic,0,0,65535_65535,1,3,333,118,1,1,1,16,118,28,1,1,allocated
445,1091,low_traffic,0,0,65535_65535,1,4,333,118,0,1,0,16,0,28,1,1,pre_allocation
445,1091,low_traffic,0,0,65535_65535,1,4,333,126,1,1,1,17,126,28,1,1,allocated
445,1091,low_traffic,0,0,65535_65535,1,3,333,118,0,1,0,16,0,28,1,1,pre_allocation
445,1091,low_traffic,0,0,65535_65535,1,3,333,126,1,1,1,17,126,28,1,1,allocated
445,1091,low_traffic,0,0,65535_65535,1,4,333,126,0,1,0,17,0,28,1,1,pre_allocation
445,1091,low_traffic,0,0,65535_65535,1,4,333,133,1,1,1,18,133,28,1,1,allocated
445,1091,low_traffic,0,0,65535_65535,1,3,333,126,0,1,0,17,0,28,1,1,pre_allocation
445,1091,low_traffic,0,0,65535_65535,1,3,333,133,1,1,1,18,133,28,1,1,allocated
445,1091,low_traffic,0,0,65535_65535,1,4,333,133,0,1,0,18,0,28,1,1,pre_allocation
445,1091,low_traffic,0,0,65535_65535,1,4,333,141,1,1,1,19,141,28,1,1,allocated
445,1091,low_traffic,0,0,65535_65535,1,3,333,133,0,1,0,18,0,28,1,1,pre_allocation
445,1091,low_traffic,0,0,65535_65535,1,3,333,141,1,1,1,19,141,28,1,1,allocated
445,1091,low_traffic,0,0,65535_65535,1,4,333,141,0,1,0,19,0,28,1,1,pre_allocation
445,1091,low_traffic,0,0,65535_65535,1,4,333,148,1,1,1,20,148,28,1,1,allocated
445,1091,low_traffic,0,0,65535_65535,1,3,333,141,0,1,0,19,0,28,1,1,pre_allocation
445,1091,low_traffic,0,0,65535_65535,1,3,333,148,1,1,1,20,148,28,1,1,allocated
445,1091,low_traffic,0,0,65535_65535,1,4,333,148,0,1,0,20,0,28,1,1,pre_allocation
445,1091,low_traffic,0,0,65535_65535,1,4,333,156,1,1,1,21,156,28,1,1,allocated
445,1091,low_traffic,0,0,65535_65535,1,3,333,148,0,1,0,20,0,28,1,1,pre_allocation
445,1091,low_traffic,0,0,65535_65535,1,3,333,156,1,1,1,21,156,28,1,1,allocated
445,1091,low_traffic,0,0,65535_65535,1,4,333,156,0,1,0,21,0,28,1,1,pre_allocation
445,1091,low_traffic,0,0,65535_65535,1,4,333,163,1,1,1,22,163,28,1,1,allocated
445,1091,low_traffic,0,0,65535_65535,1,3,333,156,0,1,0,21,0,28,1,1,pre_allocation
445,1091,low_traffic,0,0,65535_65535,1,3,333,163,1,1,1,22,163,28,1,1,allocated
445,1091,low_traffic,0,0,65535_65535,1,4,333,163,0,1,0,22,0,28,1,1,pre_allocation
445,1091,low_traffic,0,0,65535_65535,1,4,333,171,1,1,1,23,171,28,1,1,allocated
445,1091,low_traffic,0,0,65535_65535,1,3,333,163,0,1,0,22,0,28,1,1,pre_allocation
445,1091,low_traffic,0,0,65535_65535,1,3,333,171,1,1,1,23,171,28,1,1,allocated
445,1091,low_traffic,0,0,65535_65535,1,4,333,171,0,1,0,23,0,28,1,1,pre_allocation
445,1091,low_traffic,0,0,65535_65535,1,4,333,179,1,1,1,24,179,28,1,1,allocated
445,1091,low_traffic,0,0,65535_65535,1,3,333,171,0,1,0,23,0,28,1,1,pre_allocation
445,1091,low_traffic,0,0,65535_65535,1,3,333,179,1,1,1,24,179,28,1,1,allocated
445,1091,low_traffic,0,0,65535_65535,1,4,333,179,0,1,0,24,0,28,1,1,pre_allocation
445,1091,low_traffic,0,0,65535_65535,1,4,333,186,1,1,1,25,186,28,1,1,allocated
445,1091,low_traffic,0,0,65535_65535,1,3,333,179,0,1,0,24,0,28,1,1,pre_allocation
445,1091,low_traffic,0,0,65535_65535,1,3,333,186,1,1,1,25,186,28,1,1,allocated
445,1091,low_traffic,0,0,65535_65535,1,4,333,186,0,1,0,25,0,28,1,1,pre_allocation
445,1091,low_traffic,0,0,65535_65535,1,4,333,194,1,1,1,26,194,28,1,1,allocated
445,1091,low_traffic,0,0,65535_65535,1,3,333,186,0,1,0,25,0,28,1,1,pre_allocation
445,1091,low_traffic,0,0,65535_65535,1,3,333,194,1,1,1,26,194,28,1,1,allocated
445,1091,low_traffic,0,0,65535_65535,1,4,333,194,0,1,0,26,0,28,1,1,pre_allocation
445,1091,low_traffic,0,0,65535_65535,1,4,333,201,1,1,1,27,201,28,1,1,allocated
445,1091,low_traffic,0,0,65535_65535,1,3,333,194,0,1,0,26,0,28,1,1,pre_allocation
445,1091,low_traffic,0,0,65535_65535,1,3,333,201,1,1,1,27,201,28,1,1,allocated
445,1091,low_traffic,0,0,65535_65535,1,4,333,201,0,1,0,27,0,28,1,1,pre_allocation
445,1091,low_traffic,0,0,65535_65535,1,4,333,209,1,1,1,28,209,28,1,1,allocated
445,1091,low_traffic,0,0,65535_65535,1,3,333,201,0,1,0,27,0,28,1,1,pre_allocation
445,1091,low_traffic,0,0,65535_65535,1,3,333,209,1,1,1,28,209,28,1,1,allocated
445,1091,low_traffic,0,0,65535_65535,1,4,333,209,0,1,0,28,0,28,1,1,pre_allocation
445,1091,low_traffic,0,0,65535_65535,1,4,333,217,1,1,1,29,217,28,1,1,allocated
445,1091,low_traffic,0,0,65535_65535,1,3,333,209,0,1,0,28,0,28,1,1,pre_allocation
445,1091,low_traffic,0,0,65535_65535,1,3,333,217,1,1,1,29,217,28,1,1,allocated
445,1091,low_traffic,0,0,65535_65535,1,4,333,217,0,1,0,29,0,28,1,1,pre_allocation
445,1091,low_traffic,0,0,65535_65535,1,4,333,224,1,1,1,30,224,28,1,1,allocated
445,1091,low_traffic,0,0,65535_65535,1,3,333,217,0,1,0,29,0,28,1,1,pre_allocation
445,1091,low_traffic,0,0,65535_65535,1,3,333,224,1,1,1,30,224,28,1,1,allocated
445,1091,low_traffic,0,0,65535_65535,1,4,333,224,0,1,0,30,0,28,1,1,pre_allocation
445,1091,low_traffic,0,0,65535_65535,1,4,333,232,1,1,1,31,232,28,1,1,allocated
445,1091,low_traffic,0,0,65535_65535,1,3,333,224,0,1,0,30,0,28,1,1,pre_allocation
445,1091,low_traffic,0,0,65535_65535,1,3,333,232,1,1,1,31,232,28,1,1,allocated
445,1091,low_traffic,0,0,65535_65535,1,4,333,232,0,1,0,31,0,28,1,1,pre_allocation
445,1091,low_traffic,0,0,65535_65535,1,4,333,239,1,1,1,32,239,28,1,1,allocated
445,1091,low_traffic,0,0,65535_65535,1,3,333,232,0,1,0,31,0,28,1,1,pre_allocation
445,1091,low_traffic,0,0,65535_65535,1,3,333,239,1,1,1,32,239,28,1,1,allocated
445,1091,low_traffic,0,0,65535_65535,1,4,333,239,0,1,0,32,0,28,1,1,pre_allocation
445,1091,low_traffic,0,0,65535_65535,1,4,333,247,1,1,1,33,247,28,1,1,allocated
445,1091,low_traffic,0,0,65535_65535,1,3,333,239,0,1,0,32,0,28,1,1,pre_allocation
445,1091,low_traffic,0,0,65535_65535,1,3,333,247,1,1,1,33,247,28,1,1,allocated
445,1091,low_traffic,0,0,65535_65535,1,4,333,247,0,1,0,33,0,28,1,1,pre_allocation
445,1091,low_traffic,0,0,65535_65535,1,4,333,255,1,1,1,34,255,28,1,1,allocated
445,1091,low_traffic,0,0,65535_65535,1,3,333,247,0,1,0,33,0,28,1,1,pre_allocation
445,1091,low_traffic,0,0,65535_65535,1,3,333,255,1,1,1,34,255,28,1,1,allocated
445,1091,low_traffic,0,0,65535_65535,1,4,333,255,0,1,0,34,0,28,1,1,pre_allocation
445,1091,low_traffic,0,0,65535_65535,1,4,333,262,1,1,1,35,262,28,1,1,allocated
445,1091,low_traffic,0,0,65535_65535,1,3,333,255,0,1,0,34,0,28,1,1,pre_allocation
445,1091,low_traffic,0,0,65535_65535,1,3,333,262,1,1,1,35,262,28,1,1,allocated
445,1091,low_traffic,0,0,65535_65535,1,4,333,262,0,1,0,35,0,28,1,1,pre_allocation
445,1091,low_traffic,0,0,65535_65535,1,4,333,270,1,1,1,36,270,28,1,1,allocated
445,1091,low_traffic,0,0,65535_65535,1,3,333,262,0,1,0,35,0,28,1,1,pre_allocation
445,1091,low_traffic,0,0,65535_65535,1,3,333,270,1,1,1,36,270,28,1,1,allocated
445,1091,low_traffic,0,0,65535_65535,1,4,333,270,0,1,0,36,0,28,1,1,pre_allocation
445,1091,low_traffic,0,0,65535_65535,1,4,333,277,1,1,1,37,277,28,1,1,allocated
445,1091,low_traffic,0,0,65535_65535,1,3,333,270,0,1,0,36,0,28,1,1,pre_allocation
445,1091,low_traffic,0,0,65535_65535,1,3,333,277,1,1,1,37,277,28,1,1,allocated
445,1091,low_traffic,0,0,65535_65535,1,4,333,277,0,1,0,37,0,28,1,1,pre_allocation
445,1091,low_traffic,0,0,65535_65535,1,4,333,285,1,1,1,38,285,28,1,1,allocated
445,1091,low_traffic,0,0,65535_65535,1,3,333,277,0,1,0,37,0,28,1,1,pre_allocation
445,1091,low_traffic,0,0,65535_65535,1,3,333,285,1,1,1,38,285,28,1,1,allocated
445,1091,low_traffic,0,0,65535_65535,1,4,333,285,0,1,0,38,0,28,1,1,pre_allocation
445,1091,low_traffic,0,0,65535_65535,1,4,333,293,1,1,1,39,293,28,1,1,allocated
445,1091,low_traffic,0,0,65535_65535,1,3,333,285,0,1,0,38,0,28,1,1,pre_allocation
445,1091,low_traffic,0,0,65535_65535,1,3,333,293,1,1,1,39,293,28,1,1,allocated
445,1091,low_traffic,0,0,65535_65535,1,4,333,293,0,1,0,39,0,28,1,1,pre_allocation
445,1091,low_traffic,0,0,65535_65535,1,4,333,300,1,1,1,40,300,28,1,1,allocated
445,1091,low_traffic,0,0,65535_65535,1,3,333,293,0,1,0,39,0,28,1,1,pre_allocation
445,1091,low_traffic,0,0,65535_65535,1,3,333,300,1,1,1,40,300,28,1,1,allocated
445,1091,low_traffic,0,0,65535_65535,1,4,333,300,0,1,0,40,0,28,1,1,pre_allocation
445,1091,low_traffic,0,0,65535_65535,1,4,333,308,1,1,1,41,308,28,1,1,allocated
445,1091,low_traffic,0,0,65535_65535,1,3,333,300,0,1,0,40,0,28,1,1,pre_allocation
445,1091,low_traffic,0,0,65535_65535,1,3,333,308,1,1,1,41,308,28,1,1,allocated
445,1091,low_traffic,0,0,65535_65535,1,4,333,308,0,1,0,41,0,28,1,1,pre_allocation
445,1091,low_traffic,0,0,65535_65535,1,4,333,315,1,1,1,42,315,28,1,1,allocated
445,1091,low_traffic,0,0,65535_65535,1,3,333,308,0,1,0,41,0,28,1,1,pre_allocation
445,1091,low_traffic,0,0,65535_65535,1,3,333,315,1,1,1,42,315,28,1,1,allocated
445,1091,low_traffic,0,0,65535_65535,1,4,333,315,0,1,0,42,0,28,1,1,pre_allocation
445,1091,low_traffic,0,0,65535_65535,1,4,333,323,1,1,1,43,323,28,1,1,allocated
445,1091,low_traffic,0,0,65535_65535,1,3,333,315,0,1,0,42,0,28,1,1,pre_allocation
445,1091,low_traffic,0,0,65535_65535,1,3,333,323,1,1,1,43,323,28,1,1,allocated
445,1091,low_traffic,0,0,65535_65535,1,4,333,323,0,1,0,43,0,28,1,1,pre_allocation
445,1091,low_traffic,0,0,65535_65535,1,4,333,330,1,1,1,44,330,28,1,1,allocated
445,1091,low_traffic,0,0,65535_65535,1,3,333,323,0,1,0,43,0,28,1,1,pre_allocation
445,1091,low_traffic,0,0,65535_65535,1,3,333,330,1,1,1,44,330,28,1,1,allocated
445,1091,low_traffic,0,0,65535_65535,1,4,333,330,0,1,0,44,0,28,1,1,pre_allocation
445,1091,low_traffic,0,0,65535_65535,1,4,333,338,1,1,1,45,338,28,1,1,allocated
445,1091,low_traffic,0,0,65535_65535,1,3,333,330,0,1,0,44,0,28,1,1,pre_allocation
445,1091,low_traffic,0,0,65535_65535,1,3,333,338,1,1,1,45,338,28,1,1,allocated
445,1091,low_traffic,0,0,65535_65535,1,4,333,338,0,1,0,45,0,28,1,1,pre_allocation
445,1091,low_traffic,0,0,65535_65535,1,4,333,346,1,1,1,46,346,28,1,1,allocated
445,1091,low_traffic,0,0,65535_65535,1,3,333,338,0,1,0,45,0,28,1,1,pre_allocation
445,1091,low_traffic,0,0,65535_65535,1,3,333,346,1,1,1,46,346,28,1,1,allocated
445,1091,low_traffic,0,0,65535_65535,1,4,333,346,0,1,0,46,0,28,1,1,pre_allocation
445,1091,low_traffic,0,0,65535_65535,1,4,333,353,1,1,1,47,353,28,1,1,allocated
445,1091,low_traffic,0,0,65535_65535,1,3,333,346,0,1,0,46,0,28,1,1,pre_allocation
445,1091,low_traffic,0,0,65535_65535,1,3,333,353,1,1,1,47,353,28,1,1,allocated
445,1091,low_traffic,0,0,65535_65535,1,4,333,353,0,1,0,47,0,28,1,1,pre_allocation
445,1091,low_traffic,0,0,65535_65535,1,4,333,361,1,1,1,48,361,28,1,1,allocated
445,1091,low_traffic,0,0,65535_65535,1,3,333,353,0,1,0,47,0,28,1,1,pre_allocation
445,1091,low_traffic,0,0,65535_65535,1,3,333,361,1,1,1,48,361,28,1,1,allocated
445,1091,low_traffic,0,0,65535_65535,1,4,333,361,0,1,0,48,0,28,1,1,pre_allocation
445,1091,low_traffic,0,0,65535_65535,1,4,333,368,1,1,1,49,368,28,1,1,allocated
445,1091,low_traffic,0,0,65535_65535,1,3,333,361,0,1,0,48,0,28,1,1,pre_allocation
445,1091,low_traffic,0,0,65535_65535,1,3,333,368,1,1,1,49,368,28,1,1,allocated
445,1091,low_traffic,0,0,65535_65535,1,4,333,368,0,1,0,49,0,28,1,1,pre_allocation
445,1091,low_traffic,0,0,65535_65535,1,4,333,376,1,1,1,50,376,28,1,1,allocated
445,1091,low_traffic,0,0,65535_65535,1,3,333,368,0,1,0,49,0,28,1,1,pre_allocation
445,1091,low_traffic,0,0,65535_65535,1,3,333,376,1,1,1,50,376,28,1,1,allocated
445,1091,low_traffic,0,0,65535_65535,1,4,333,376,0,1,0,50,0,28,1,1,pre_allocation
445,1091,low_traffic,0,0,65535_65535,1,4,333,384,1,1,1,51,384,28,1,1,allocated
445,1091,low_traffic,0,0,65535_65535,1,3,333,376,0,1,0,50,0,28,1,1,pre_allocation
445,1091,low_traffic,0,0,65535_65535,1,3,333,384,1,1,1,51,384,28,1,1,allocated
445,1091,low_traffic,0,0,65535_65535,1,4,333,384,0,1,0,51,0,28,1,1,pre_allocation
445,1091,low_traffic,0,0,65535_65535,1,4,333,391,1,1,1,52,391,28,1,1,allocated
445,1091,low_traffic,0,0,65535_65535,1,3,333,384,0,1,0,51,0,28,1,1,pre_allocation
445,1091,low_traffic,0,0,65535_65535,1,3,333,391,1,1,1,52,391,28,1,1,allocated
445,1091,low_traffic,0,0,65535_65535,1,4,333,391,0,1,0,52,0,28,1,1,pre_allocation
445,1091,low_traffic,0,0,65535_65535,1,4,333,399,1,1,1,53,399,28,1,1,allocated
445,1091,low_traffic,0,0,65535_65535,1,3,333,391,0,1,0,52,0,28,1,1,pre_allocation
445,1091,low_traffic,0,0,65535_65535,1,3,333,399,1,1,1,53,399,28,1,1,allocated
445,1091,low_traffic,0,0,65535_65535,1,4,333,399,0,1,0,53,0,28,1,1,pre_allocation
445,1091,low_traffic,0,0,65535_65535,1,4,333,406,1,1,1,54,406,28,1,1,allocated
445,1091,low_traffic,0,0,65535_65535,1,3,333,399,0,1,0,53,0,28,1,1,pre_allocation
445,1091,low_traffic,0,0,65535_65535,1,3,333,406,1,1,1,54,406,28,1,1,allocated
445,1091,low_traffic,0,0,65535_65535,1,4,333,406,0,1,0,54,0,28,1,1,pre_allocation
445,1091,low_traffic,0,0,65535_65535,1,4,333,414,1,1,1,55,414,28,1,1,allocated
445,1091,low_traffic,0,0,65535_65535,1,3,333,406,0,1,0,54,0,28,1,1,pre_allocation
445,1091,low_traffic,0,0,65535_65535,1,3,333,414,1,1,1,55,414,28,1,1,allocated
445,1091,low_traffic,0,0,65535_65535,1,4,333,414,0,1,0,55,0,28,1,1,pre_allocation
445,1091,low_traffic,0,0,65535_65535,1,4,333,422,1,1,1,56,422,28,1,1,allocated
445,1091,low_traffic,0,0,65535_65535,1,3,333,414,0,1,0,55,0,28,1,1,pre_allocation
445,1091,low_traffic,0,0,65535_65535,1,3,333,422,1,1,1,56,422,28,1,1,allocated
445,1091,low_traffic,0,0,65535_65535,1,4,333,422,0,1,0,56,0,28,1,1,pre_allocation
445,1091,low_traffic,0,0,65535_65535,1,4,333,429,1,1,1,57,429,28,1,1,allocated
445,1091,low_traffic,0,0,65535_65535,1,3,333,422,0,1,0,56,0,28,1,1,pre_allocation
445,1091,low_traffic,0,0,65535_65535,1,3,333,429,1,1,1,57,429,28,1,1,allocated
445,1091,low_traffic,0,0,65535_65535,1,4,333,429,0,1,0,57,0,28,1,1,pre_allocation
445,1091,low_traffic,0,0,65535_65535,1,4,333,437,1,1,1,58,437,28,1,1,allocated
445,1091,low_traffic,0,0,65535_65535,1,3,333,429,0,1,0,57,0,28,1,1,pre_allocation
445,1091,low_traffic,0,0,65535_65535,1,3,333,437,1,1,1,58,437,28,1,1,allocated
445,1091,low_traffic,0,0,65535_65535,1,4,333,437,0,1,0,58,0,28,1,1,pre_allocation
445,1091,low_traffic,0,0,65535_65535,1,4,333,444,1,1,1,59,444,28,1,1,allocated
445,1091,low_traffic,0,0,65535_65535,1,3,333,437,0,1,0,58,0,28,1,1,pre_allocation
445,1091,low_traffic,0,0,65535_65535,1,3,333,444,1,1,1,59,444,28,1,1,allocated
445,1091,low_traffic,0,0,65535_65535,1,4,333,444,0,1,0,59,0,28,1,1,pre_allocation
445,1091,low_traffic,0,0,65535_65535,1,4,333,452,1,1,1,60,452,28,1,1,allocated
445,1091,low_traffic,0,0,65535_65535,1,3,333,444,0,1,0,59,0,28,1,1,pre_allocation
445,1091,low_traffic,0,0,65535_65535,1,3,333,452,1,1,1,60,452,28,1,1,allocated
445,1091,low_traffic,0,0,65535_65535,1,4,333,452,0,1,0,60,0,28,1,1,pre_allocation
445,1091,low_traffic,0,0,65535_65535,1,4,333,459,1,1,1,61,459,28,1,1,allocated
445,1091,low_traffic,0,0,65535_65535,1,3,333,452,0,1,0,60,0,28,1,1,pre_allocation
445,1091,low_traffic,0,0,65535_65535,1,3,333,459,1,1,1,61,459,28,1,1,allocated
445,1091,low_traffic,0,0,65535_65535,1,4,333,459,0,1,0,61,0,28,1,1,pre_allocation
445,1091,low_traffic,0,0,65535_65535,1,4,333,467,1,1,1,62,467,28,1,1,allocated
445,1091,low_traffic,0,0,65535_65535,1,3,333,459,0,1,0,61,0,28,1,1,pre_allocation
445,1091,low_traffic,0,0,65535_65535,1,3,333,467,1,1,1,62,467,28,1,1,allocated
445,1091,low_traffic,0,0,65535_65535,1,4,333,467,0,1,0,62,0,28,1,1,pre_allocation
445,1091,low_traffic,0,0,65535_65535,1,4,333,475,1,1,1,63,475,28,1,1,allocated
445,1091,low_traffic,0,0,65535_65535,1,3,333,467,0,1,0,62,0,28,1,1,pre_allocation
445,1091,low_traffic,0,0,65535_65535,1,3,333,475,1,1,1,63,475,28,1,1,allocated
445,1091,low_traffic,0,0,65535_65535,1,4,333,475,0,1,0,63,0,28,1,1,pre_allocation
445,1091,low_traffic,0,0,65535_65535,1,4,333,482,1,1,1,64,482,28,1,1,allocated
445,1091,low_traffic,0,0,65535_65535,1,3,333,475,0,1,0,63,0,28,1,1,pre_allocation
445,1091,low_traffic,0,0,65535_65535,1,3,333,482,1,1,1,64,482,28,1,1,allocated
445,1091,low_traffic,0,0,65535_65535,1,4,333,482,0,1,0,64,0,28,1,1,pre_allocation
445,1091,low_traffic,0,0,65535_65535,1,4,333,490,1,1,1,65,490,28,1,1,allocated
445,1091,low_traffic,0,0,65535_65535,1,3,333,482,0,1,0,64,0,28,1,1,pre_allocation
445,1091,low_traffic,0,0,65535_65535,1,3,333,490,1,1,1,65,490,28,1,1,allocated
445,1091,low_traffic,0,0,65535_65535,1,4,333,490,0,1,0,65,0,28,1,1,pre_allocation
445,1091,low_traffic,0,0,65535_65535,1,4,333,497,1,1,1,66,497,28,1,1,allocated
445,1091,low_traffic,0,0,65535_65535,1,3,333,490,0,1,0,65,0,28,1,1,pre_allocation
445,1091,low_traffic,0,0,65535_65535,1,3,333,497,1,1,1,66,497,28,1,1,allocated
445,1091,low_traffic,0,0,65535_65535,1,4,333,497,0,1,0,66,0,28,1,1,pre_allocation
445,1091,low_traffic,0,0,65535_65535,1,4,333,505,1,1,1,67,505,28,1,1,allocated
445,1091,low_traffic,0,0,65535_65535,1,3,333,497,0,1,0,66,0,28,1,1,pre_allocation
445,1091,low_traffic,0,0,65535_65535,1,3,333,505,1,1,1,67,505,28,1,1,allocated
445,1091,low_traffic,0,0,65535_65535,1,4,333,505,0,1,0,67,0,28,1,1,pre_allocation
445,1091,low_traffic,0,0,65535_65535,1,4,333,513,1,1,1,68,513,28,1,1,allocated
445,1091,low_traffic,0,0,65535_65535,1,3,333,505,0,1,0,67,0,28,1,1,pre_allocation
445,1091,low_traffic,0,0,65535_65535,1,3,333,513,1,1,1,68,513,28,1,1,allocated
445,1091,low_traffic,0,0,65535_65535,1,4,333,513,0,1,0,68,0,28,1,1,pre_allocation
445,1091,low_traffic,0,0,65535_65535,1,4,333,520,1,1,1,69,520,28,1,1,allocated
445,1091,low_traffic,0,0,65535_65535,1,3,333,513,0,1,0,68,0,28,1,1,pre_allocation
445,1091,low_traffic,0,0,65535_65535,1,3,333,520,1,1,1,69,520,28,1,1,allocated
445,1091,low_traffic,0,0,65535_65535,1,4,333,520,0,1,0,69,0,28,1,1,pre_allocation
445,1091,low_traffic,0,0,65535_65535,1,4,333,528,1,1,1,70,528,28,1,1,allocated
445,1091,low_traffic,0,0,65535_65535,1,3,333,520,0,1,0,69,0,28,1,1,pre_allocation
445,1091,low_traffic,0,0,65535_65535,1,3,333,528,1,1,1,70,528,28,1,1,allocated
445,1091,low_traffic,0,0,65535_65535,1,4,333,528,0,1,0,70,0,28,1,1,pre_allocation
445,1091,low_traffic,0,0,65535_65535,1,4,333,535,1,1,1,71,535,28,1,1,allocated
445,1091,low_traffic,0,0,65535_65535,1,3,333,528,0,1,0,70,0,28,1,1,pre_allocation
445,1091,low_traffic,0,0,65535_65535,1,3,333,535,1,1,1,71,535,28,1,1,allocated
445,1091,low_traffic,0,0,65535_65535,1,4,333,535,0,1,0,71,0,28,1,1,pre_allocation
445,1091,low_traffic,0,0,65535_65535,1,4,333,543,1,1,1,72,543,28,1,1,allocated
445,1091,low_traffic,0,0,65535_65535,1,3,333,535,0,1,0,71,0,28,1,1,pre_allocation
445,1091,low_traffic,0,0,65535_65535,1,3,333,543,1,1,1,72,543,28,1,1,allocated
445,1091,low_traffic,0,0,65535_65535,1,4,333,543,0,1,0,72,0,28,1,1,pre_allocation
445,1091,low_traffic,0,0,65535_65535,1,4,333,551,1,1,1,73,551,28,1,1,allocated
445,1091,low_traffic,0,0,65535_65535,1,3,333,543,0,1,0,72,0,28,1,1,pre_allocation
445,1091,low_traffic,0,0,65535_65535,1,3,333,551,1,1,1,73,551,28,1,1,allocated
445,1091,low_traffic,0,0,65535_65535,1,4,333,551,0,1,0,73,0,28,1,1,pre_allocation
445,1091,low_traffic,0,0,65535_65535,1,4,333,558,1,1,1,74,558,28,1,1,allocated
445,1091,low_traffic,0,0,65535_65535,1,3,333,551,0,1,0,73,0,28,1,1,pre_allocation
445,1091,low_traffic,0,0,65535_65535,1,3,333,558,1,1,1,74,558,28,1,1,allocated
445,1091,low_traffic,0,0,65535_65535,1,4,333,558,0,1,0,74,0,28,1,1,pre_allocation
445,1091,low_traffic,0,0,65535_65535,1,4,333,566,1,1,1,75,566,28,1,1,allocated
445,1091,low_traffic,0,0,65535_65535,1,3,333,558,0,1,0,74,0,28,1,1,pre_allocation
445,1091,low_traffic,0,0,65535_65535,1,3,333,566,1,1,1,75,566,28,1,1,allocated
445,1091,low_traffic,0,0,65535_65535,1,4,333,566,0,1,0,75,0,28,1,1,pre_allocation
445,1091,low_traffic,0,0,65535_65535,1,4,333,573,1,1,1,76,573,28,1,1,allocated
445,1091,low_traffic,0,0,65535_65535,1,3,333,566,0,1,0,75,0,28,1,1,pre_allocation
445,1091,low_traffic,0,0,65535_65535,1,3,333,573,1,1,1,76,573,28,1,1,allocated
445,1091,low_traffic,0,0,65535_65535,1,4,333,573,0,1,0,76,0,28,1,1,pre_allocation
445,1091,low_traffic,0,0,65535_65535,1,4,333,581,1,1,1,77,581,28,1,1,allocated
445,1091,low_traffic,0,0,65535_65535,1,3,333,573,0,1,0,76,0,28,1,1,pre_allocation
445,1091,low_traffic,0,0,65535_65535,1,3,333,581,1,1,1,77,581,28,1,1,allocated
445,1091,low_traffic,0,0,65535_65535,1,4,333,581,0,1,0,77,0,28,1,1,pre_allocation
445,1091,low_traffic,0,0,65535_65535,1,4,333,589,1,1,1,78,589,28,1,1,allocated
445,1091,low_traffic,0,0,65535_65535,1,3,333,581,0,1,0,77,0,28,1,1,pre_allocation
445,1091,low_traffic,0,0,65535_65535,1,3,333,589,1,1,1,78,589,28,1,1,allocated
445,1091,low_traffic,0,0,65535_65535,1,4,333,589,0,1,0,78,0,28,1,1,pre_allocation
445,1091,low_traffic,0,0,65535_65535,1,4,333,596,1,1,1,79,596,28,1,1,allocated
445,1091,low_traffic,0,0,65535_65535,1,3,333,589,0,1,0,78,0,28,1,1,pre_allocation
445,1091,low_traffic,0,0,65535_65535,1,3,333,596,1,1,1,79,596,28,1,1,allocated
445,1091,low_traffic,0,0,65535_65535,1,4,333,596,0,1,0,79,0,28,1,1,pre_allocation
445,1091,low_traffic,0,0,65535_65535,1,4,333,604,1,1,1,80,604,28,1,1,allocated
445,1091,low_traffic,0,0,65535_65535,1,3,333,596,0,1,0,79,0,28,1,1,pre_allocation
445,1091,low_traffic,0,0,65535_65535,1,3,333,604,1,1,1,80,604,28,1,1,allocated
445,1091,low_traffic,0,0,65535_65535,1,4,333,604,0,1,0,80,0,28,1,1,pre_allocation
445,1091,low_traffic,0,0,65535_65535,1,4,333,611,1,1,1,81,611,28,1,1,allocated
445,1091,low_traffic,0,0,65535_65535,1,3,333,604,0,1,0,80,0,28,1,1,pre_allocation
445,1091,low_traffic,0,0,65535_65535,1,3,333,611,1,1,1,81,611,28,1,1,allocated
445,1091,low_traffic,0,0,65535_65535,1,4,333,611,0,1,0,81,0,28,1,1,pre_allocation
445,1091,low_traffic,0,0,65535_65535,1,4,333,619,1,1,1,82,619,28,1,1,allocated
445,1091,low_traffic,0,0,65535_65535,1,3,333,611,0,1,0,81,0,28,1,1,pre_allocation
445,1091,low_traffic,0,0,65535_65535,1,3,333,619,1,1,1,82,619,28,1,1,allocated
445,1091,low_traffic,0,0,65535_65535,1,4,333,619,0,1,0,82,0,28,1,1,pre_allocation
445,1091,low_traffic,0,0,65535_65535,1,4,333,626,1,1,1,83,626,28,1,1,allocated
445,1091,low_traffic,0,0,65535_65535,1,3,333,619,0,1,0,82,0,28,1,1,pre_allocation
445,1091,low_traffic,0,0,65535_65535,1,3,333,626,1,1,1,83,626,28,1,1,allocated
445,1091,low_traffic,0,0,65535_65535,1,4,333,626,0,1,0,83,0,28,1,1,pre_allocation
445,1091,low_traffic,0,0,65535_65535,1,4,333,634,1,1,1,84,634,28,1,1,allocated
445,1091,low_traffic,0,0,65535_65535,1,3,333,626,0,1,0,83,0,28,1,1,pre_allocation
445,1091,low_traffic,0,0,65535_65535,1,3,333,634,1,1,1,84,634,28,1,1,allocated
445,1091,low_traffic,0,0,65535_65535,1,4,333,634,0,1,0,84,0,28,1,1,pre_allocation
445,1091,low_traffic,0,0,65535_65535,1,4,333,642,1,1,1,85,642,28,1,1,allocated
445,1091,low_traffic,0,0,65535_65535,1,3,333,634,0,1,0,84,0,28,1,1,pre_allocation
445,1091,low_traffic,0,0,65535_65535,1,3,333,642,1,1,1,85,642,28,1,1,allocated
445,1091,low_traffic,0,0,65535_65535,1,4,333,642,0,1,0,85,0,28,1,1,pre_allocation
445,1091,low_traffic,0,0,65535_65535,1,4,333,649,1,1,1,86,649,28,1,1,allocated
445,1091,low_traffic,0,0,65535_65535,1,3,333,642,0,1,0,85,0,28,1,1,pre_allocation
445,1091,low_traffic,0,0,65535_65535,1,3,333,649,1,1,1,86,649,28,1,1,allocated
445,1091,low_traffic,0,0,65535_65535,1,4,333,649,0,1,0,86,0,28,1,1,pre_allocation
445,1091,low_traffic,0,0,65535_65535,1,4,333,657,1,1,1,87,657,28,1,1,allocated
445,1091,low_traffic,0,0,65535_65535,2,10,137,0,0,1,0,0,0,28,1,1,pre_allocation
445,1091,low_traffic,0,0,65535_65535,2,10,137,4,1,1,1,1,4,28,1,1,allocated
445,1091,low_traffic,0,0,65535_65535,2,9,137,0,0,1,0,0,0,28,1,1,pre_allocation
445,1091,low_traffic,0,0,65535_65535,2,9,137,4,1,1,1,1,4,28,1,1,allocated
445,1091,low_traffic,0,0,65535_65535,2,7,137,0,0,1,0,0,0,28,1,1,pre_allocation
445,1091,low_traffic,0,0,65535_65535,2,7,137,4,1,1,1,1,4,28,1,1,allocated
445,1091,low_traffic,0,0,65535_65535,2,6,137,0,0,1,0,0,0,28,1,1,pre_allocation
445,1091,low_traffic,0,0,65535_65535,2,6,137,4,1,1,1,1,4,28,1,1,allocated
445,1091,low_traffic,0,0,65535_65535,2,5,137,0,0,1,0,0,0,28,1,1,pre_allocation
445,1091,low_traffic,0,0,65535_65535,2,5,137,4,1,1,1,1,4,28,1,1,allocated
445,1091,low_traffic,0,0,65535_65535,2,10,137,4,0,1,0,1,0,28,1,1,pre_allocation
445,1091,low_traffic,0,0,65535_65535,2,10,137,12,1,1,1,2,12,28,1,1,allocated
445,1091,low_traffic,0,0,65535_65535,2,9,137,4,0,1,0,1,0,28,1,1,pre_allocation
445,1091,low_traffic,0,0,65535_65535,2,9,137,12,1,1,1,2,12,28,1,1,allocated
445,1091,low_traffic,0,0,65535_65535,2,7,137,4,0,1,0,1,0,28,1,1,pre_allocation
445,1091,low_traffic,0,0,65535_65535,2,7,137,12,1,1,1,2,12,28,1,1,allocated
445,1091,low_traffic,0,0,65535_65535,2,6,137,4,0,1,0,1,0,28,1,1,pre_allocation
445,1091,low_traffic,0,0,65535_65535,2,6,137,12,1,1,1,2,12,28,1,1,allocated
445,1091,low_traffic,0,0,65535_65535,2,5,137,4,0,1,0,1,0,28,1,1,pre_allocation
445,1091,low_traffic,0,0,65535_65535,2,5,137,12,1,1,1,2,12,28,1,1,allocated
445,1091,low_traffic,0,0,65535_65535,2,10,137,12,0,1,0,2,0,28,1,1,pre_allocation
445,1091,low_traffic,0,0,65535_65535,2,10,137,19,1,1,1,3,19,28,1,1,allocated
445,1091,low_traffic,0,0,65535_65535,2,9,137,12,0,1,0,2,0,28,1,1,pre_allocation
445,1091,low_traffic,0,0,65535_65535,2,9,137,19,1,1,1,3,19,28,1,1,allocated
445,1091,low_traffic,0,0,65535_65535,2,7,137,12,0,1,0,2,0,28,1,1,pre_allocation
445,1091,low_traffic,0,0,65535_65535,2,7,137,19,1,1,1,3,19,28,1,1,allocated
445,1091,low_traffic,0,0,65535_65535,2,6,137,12,0,1,0,2,0,28,1,1,pre_allocation
445,1091,low_traffic,0,0,65535_65535,2,6,137,19,1,1,1,3,19,28,1,1,allocated
445,1091,low_traffic,0,0,65535_65535,2,5,137,12,0,1,0,2,0,28,1,1,pre_allocation
445,1091,low_traffic,0,0,65535_65535,2,5,137,19,1,1,1,3,19,28,1,1,allocated
445,1091,low_traffic,0,0,65535_65535,2,10,137,19,0,1,0,3,0,28,1,1,pre_allocation
445,1091,low_traffic,0,0,65535_65535,2,10,137,27,1,1,1,4,27,28,1,1,allocated
445,1091,low_traffic,0,0,65535_65535,2,9,137,19,0,1,0,3,0,28,1,1,pre_allocation
445,1091,low_traffic,0,0,65535_65535,2,9,137,27,1,1,1,4,27,28,1,1,allocated
445,1091,low_traffic,0,0,65535_65535,2,7,137,19,0,1,0,3,0,28,1,1,pre_allocation
445,1091,low_traffic,0,0,65535_65535,2,7,137,27,1,1,1,4,27,28,1,1,allocated
445,1091,low_traffic,0,0,65535_65535,2,6,137,19,0,1,0,3,0,28,1,1,pre_allocation
445,1091,low_traffic,0,0,65535_65535,2,6,137,27,1,1,1,4,27,28,1,1,allocated
445,1091,low_traffic,0,0,65535_65535,2,5,137,19,0,1,0,3,0,28,1,1,pre_allocation
445,1091,low_traffic,0,0,65535_65535,2,5,137,27,1,1,1,4,27,28,1,1,allocated
445,1091,low_traffic,0,0,65535_65535,2,10,137,27,0,1,0,4,0,28,1,1,pre_allocation
445,1091,low_traffic,0,0,65535_65535,2,10,137,34,1,1,1,5,34,28,1,1,allocated
445,1091,low_traffic,0,0,65535_65535,2,9,137,27,0,1,0,4,0,28,1,1,pre_allocation
445,1091,low_traffic,0,0,65535_65535,2,9,137,34,1,1,1,5,34,28,1,1,allocated
445,1091,low_traffic,0,0,65535_65535,2,7,137,27,0,1,0,4,0,28,1,1,pre_allocation
445,1091,low_traffic,0,0,65535_65535,2,7,137,34,1,1,1,5,34,28,1,1,allocated
445,1091,low_traffic,0,0,65535_65535,2,6,137,27,0,1,0,4,0,28,1,1,pre_allocation
445,1091,low_traffic,0,0,65535_65535,2,6,137,34,1,1,1,5,34,28,1,1,allocated
445,1091,low_traffic,0,0,65535_65535,2,5,137,27,0,1,0,4,0,28,1,1,pre_allocation
445,1091,low_traffic,0,0,65535_65535,2,5,137,34,1,1,1,5,34,28,1,1,allocated
445,1091,low_traffic,0,0,65535_65535,2,10,137,34,0,1,0,5,0,28,1,1,pre_allocation
445,1091,low_traffic,0,0,65535_65535,2,10,137,42,1,1,1,6,42,28,1,1,allocated
445,1091,low_traffic,0,0,65535_65535,2,9,137,34,0,1,0,5,0,28,1,1,pre_allocation
445,1091,low_traffic,0,0,65535_65535,2,9,137,42,1,1,1,6,42,28,1,1,allocated
445,1091,low_traffic,0,0,65535_65535,2,7,137,34,0,1,0,5,0,28,1,1,pre_allocation
445,1091,low_traffic,0,0,65535_65535,2,7,137,42,1,1,1,6,42,28,1,1,allocated
445,1091,low_traffic,0,0,65535_65535,2,6,137,34,0,1,0,5,0,28,1,1,pre_allocation
445,1091,low_traffic,0,0,65535_65535,2,6,137,42,1,1,1,6,42,28,1,1,allocated
445,1091,low_traffic,0,0,65535_65535,2,5,137,34,0,1,0,5,0,28,1,1,pre_allocation
445,1091,low_traffic,0,0,65535_65535,2,5,137,42,1,1,1,6,42,28,1,1,allocated
445,1091,low_traffic,0,0,65535_65535,2,10,137,42,0,1,0,6,0,28,1,1,pre_allocation
445,1091,low_traffic,0,0,65535_65535,2,10,137,50,1,1,1,7,50,28,1,1,allocated
445,1091,low_traffic,0,0,65535_65535,2,9,137,42,0,1,0,6,0,28,1,1,pre_allocation
445,1091,low_traffic,0,0,65535_65535,2,9,137,50,1,1,1,7,50,28,1,1,allocated
445,1091,low_traffic,0,0,65535_65535,2,7,137,42,0,1,0,6,0,28,1,1,pre_allocation
445,1091,low_traffic,0,0,65535_65535,2,7,137,50,1,1,1,7,50,28,1,1,allocated
445,1091,low_traffic,0,0,65535_65535,2,6,137,42,0,1,0,6,0,28,1,1,pre_allocation
445,1091,low_traffic,0,0,65535_65535,2,6,137,50,1,1,1,7,50,28,1,1,allocated
445,1091,low_traffic,0,0,65535_65535,2,5,137,42,0,1,0,6,0,28,1,1,pre_allocation
445,1091,low_traffic,0,0,65535_65535,2,5,137,50,1,1,1,7,50,28,1,1,allocated
445,1091,low_traffic,0,0,65535_65535,2,10,137,50,0,1,0,7,0,28,1,1,pre_allocation
445,1091,low_traffic,0,0,65535_65535,2,10,137,57,1,1,1,8,57,28,1,1,allocated
445,1091,low_traffic,0,0,65535_65535,2,9,137,50,0,1,0,7,0,28,1,1,pre_allocation
445,1091,low_traffic,0,0,65535_65535,2,9,137,57,1,1,1,8,57,28,1,1,allocated
445,1091,low_traffic,0,0,65535_65535,2,7,137,50,0,1,0,7,0,28,1,1,pre_allocation
445,1091,low_traffic,0,0,65535_65535,2,7,137,57,1,1,1,8,57,28,1,1,allocated
445,1091,low_traffic,0,0,65535_65535,2,6,137,50,0,1,0,7,0,28,1,1,pre_allocation
445,1091,low_traffic,0,0,65535_65535,2,6,137,57,1,1,1,8,57,28,1,1,allocated
445,1091,low_traffic,0,0,65535_65535,2,5,137,50,0,1,0,7,0,28,1,1,pre_allocation
445,1091,low_traffic,0,0,65535_65535,2,5,137,57,1,1,1,8,57,28,1,1,allocated
445,1091,low_traffic,0,0,65535_65535,2,10,137,57,0,1,0,8,0,28,1,1,pre_allocation
445,1091,low_traffic,0,0,65535_65535,2,10,137,65,1,1,1,9,65,28,1,1,allocated
445,1091,low_traffic,0,0,65535_65535,2,9,137,57,0,1,0,8,0,28,1,1,pre_allocation
445,1091,low_traffic,0,0,65535_65535,2,9,137,65,1,1,1,9,65,28,1,1,allocated
445,1091,low_traffic,0,0,65535_65535,2,7,137,57,0,1,0,8,0,28,1,1,pre_allocation
445,1091,low_traffic,0,0,65535_65535,2,7,137,65,1,1,1,9,65,28,1,1,allocated
445,1091,low_traffic,0,0,65535_65535,2,6,137,57,0,1,0,8,0,28,1,1,pre_allocation
445,1091,low_traffic,0,0,65535_65535,2,6,137,65,1,1,1,9,65,28,1,1,allocated
445,1091,low_traffic,0,0,65535_65535,2,5,137,57,0,1,0,8,0,28,1,1,pre_allocation
445,1091,low_traffic,0,0,65535_65535,2,5,137,65,1,1,1,9,65,28,1,1,allocated
445,1091,low_traffic,0,0,65535_65535,2,10,137,65,0,1,0,9,0,28,1,1,pre_allocation
445,1091,low_traffic,0,0,65535_65535,2,10,137,72,1,1,1,10,72,28,1,1,allocated
445,1091,low_traffic,0,0,65535_65535,2,9,137,65,0,1,0,9,0,28,1,1,pre_allocation
445,1091,low_traffic,0,0,65535_65535,2,9,137,72,1,1,1,10,72,28,1,1,allocated
445,1091,low_traffic,0,0,65535_65535,2,7,137,65,0,1,0,9,0,28,1,1,pre_allocation
445,1091,low_traffic,0,0,65535_65535,2,7,137,72,1,1,1,10,72,28,1,1,allocated
445,1091,low_traffic,0,0,65535_65535,2,6,137,65,0,1,0,9,0,28,1,1,pre_allocation
445,1091,low_traffic,0,0,65535_65535,2,6,137,72,1,1,1,10,72,28,1,1,allocated
517,1189,low_traffic,0,0,65535_65535,0,2,858093,0,0,1,0,0,0,28,1,1,pre_allocation
517,1189,low_traffic,0,0,65535_65535,0,2,858093,4,1,1,1,1,4,28,1,1,allocated
517,1189,low_traffic,0,0,65535_65535,0,1,1041155,0,0,1,0,0,0,26,1,1,pre_allocation
517,1189,low_traffic,0,0,65535_65535,0,1,1041155,4,1,1,1,1,4,26,1,1,allocated
517,1189,low_traffic,0,0,65535_65535,0,2,858093,4,0,1,0,1,0,28,1,1,pre_allocation
517,1189,low_traffic,0,0,65535_65535,0,2,858093,12,1,1,1,2,12,28,1,1,allocated
517,1189,low_traffic,0,0,65535_65535,0,1,1041155,4,0,1,0,1,0,26,1,1,pre_allocation
517,1189,low_traffic,0,0,65535_65535,0,1,1041155,11,1,1,1,2,11,26,1,1,allocated
517,1189,low_traffic,0,0,65535_65535,0,2,858093,12,0,1,0,2,0,28,1,1,pre_allocation
517,1189,low_traffic,0,0,65535_65535,0,2,858093,19,1,1,1,3,19,28,1,1,allocated
517,1189,low_traffic,0,0,65535_65535,0,1,1041155,11,0,1,0,2,0,26,1,1,pre_allocation
517,1189,low_traffic,0,0,65535_65535,0,1,1041155,18,1,1,1,3,18,26,1,1,allocated
517,1189,low_traffic,0,0,65535_65535,0,2,858093,19,0,1,0,3,0,28,1,1,pre_allocation
517,1189,low_traffic,0,0,65535_65535,0,2,858093,27,1,1,1,4,27,28,1,1,allocated
517,1189,low_traffic,0,0,65535_65535,0,1,1041155,18,0,1,0,3,0,26,1,1,pre_allocation
517,1189,low_traffic,0,0,65535_65535,0,1,1041155,25,1,1,1,4,25,26,1,1,allocated
517,1189,low_traffic,0,0,65535_65535,0,2,858093,27,0,1,0,4,0,28,1,1,pre_allocation
517,1189,low_traffic,0,0,65535_65535,0,2,858093,34,1,1,1,5,34,28,1,1,allocated
517,1189,low_traffic,0,0,65535_65535,0,1,1041155,25,0,1,0,4,0,26,1,1,pre_allocation
517,1189,low_traffic,0,0,65535_65535,0,1,1041155,32,1,1,1,5,32,26,1,1,allocated
517,1189,low_traffic,0,0,65535_65535,0,2,858093,34,0,1,0,5,0,28,1,1,pre_allocation
517,1189,low_traffic,0,0,65535_65535,0,2,858093,42,1,1,1,6,42,28,1,1,allocated
517,1189,low_traffic,0,0,65535_65535,0,1,1041155,32,0,1,0,5,0,26,1,1,pre_allocation
517,1189,low_traffic,0,0,65535_65535,0,1,1041155,39,1,1,1,6,39,26,1,1,allocated
517,1189,low_traffic,0,0,65535_65535,0,2,858093,42,0,1,0,6,0,28,1,1,pre_allocation
517,1189,low_traffic,0,0,65535_65535,0,2,858093,50,1,1,1,7,50,28,1,1,allocated
517,1189,low_traffic,0,0,65535_65535,0,1,1041155,39,0,1,0,6,0,26,1,1,pre_allocation
517,1189,low_traffic,0,0,65535_65535,0,1,1041155,46,1,1,1,7,46,26,1,1,allocated
517,1189,low_traffic,0,0,65535_65535,0,2,858093,50,0,1,0,7,0,28,1,1,pre_allocation
517,1189,low_traffic,0,0,65535_65535,0,2,858093,57,1,1,1,8,57,28,1,1,allocated
517,1189,low_traffic,0,0,65535_65535,0,1,1041155,46,0,1,0,7,0,26,1,1,pre_allocation
517,1189,low_traffic,0,0,65535_65535,0,1,1041155,53,1,1,1,8,53,26,1,1,allocated
517,1189,low_traffic,0,0,65535_65535,0,2,858093,57,0,1,0,8,0,28,1,1,pre_allocation
517,1189,low_traffic,0,0,65535_65535,0,2,858093,65,1,1,1,9,65,28,1,1,allocated
517,1189,low_traffic,0,0,65535_65535,0,1,1041155,53,0,1,0,8,0,26,1,1,pre_allocation
517,1189,low_traffic,0,0,65535_65535,0,1,1041155,60,1,1,1,9,60,26,1,1,allocated
517,1189,low_traffic,0,0,65535_65535,0,2,858093,65,0,1,0,9,0,28,1,1,pre_allocation
517,1189,low_traffic,0,0,65535_65535,0,2,858093,72,1,1,1,10,72,28,1,1,allocated
517,1189,low_traffic,0,0,65535_65535,0,1,1041155,60,0,1,0,9,0,26,1,1,pre_allocation
517,1189,low_traffic,0,0,65535_65535,0,1,1041155,67,1,1,1,10,67,26,1,1,allocated
517,1189,low_traffic,0,0,65535_65535,0,2,858093,72,0,1,0,10,0,28,1,1,pre_allocation
517,1189,low_traffic,0,0,65535_65535,0,2,858093,80,1,1,1,11,80,28,1,1,allocated
517,1189,low_traffic,0,0,65535_65535,0,1,1041155,67,0,1,0,10,0,26,1,1,pre_allocation
517,1189,low_traffic,0,0,65535_65535,0,1,1041155,74,1,1,1,11,74,26,1,1,allocated
517,1189,low_traffic,0,0,65535_65535,0,2,858093,80,0,1,0,11,0,28,1,1,pre_allocation
517,1189,low_traffic,0,0,65535_65535,0,2,858093,88,1,1,1,12,88,28,1,1,allocated
517,1189,low_traffic,0,0,65535_65535,0,1,1041155,74,0,1,0,11,0,26,1,1,pre_allocation
517,1189,low_traffic,0,0,65535_65535,0,1,1041155,81,1,1,1,12,81,26,1,1,allocated
517,1189,low_traffic,0,0,65535_65535,0,2,858093,88,0,1,0,12,0,28,1,1,pre_allocation
517,1189,low_traffic,0,0,65535_65535,0,2,858093,95,1,1,1,13,95,28,1,1,allocated
517,1189,low_traffic,0,0,65535_65535,0,1,1041155,81,0,1,0,12,0,26,1,1,pre_allocation
517,1189,low_traffic,0,0,65535_65535,0,1,1041155,88,1,1,1,13,88,26,1,1,allocated
517,1189,low_traffic,0,0,65535_65535,0,2,858093,95,0,1,0,13,0,28,1,1,pre_allocation
517,1189,low_traffic,0,0,65535_65535,0,2,858093,103,1,1,1,14,103,28,1,1,allocated
517,1189,low_traffic,0,0,65535_65535,0,1,1041155,88,0,1,0,13,0,26,1,1,pre_allocation
517,1189,low_traffic,0,0,65535_65535,0,1,1041155,95,1,1,1,14,95,26,1,1,allocated
517,1189,low_traffic,0,0,65535_65535,0,2,858093,103,0,1,0,14,0,28,1,1,pre_allocation
517,1189,low_traffic,0,0,65535_65535,0,2,858093,110,1,1,1,15,110,28,1,1,allocated
517,1189,low_traffic,0,0,65535_65535,0,1,1041155,95,0,1,0,14,0,26,1,1,pre_allocation
517,1189,low_traffic,0,0,65535_65535,0,1,1041155,102,1,1,1,15,102,26,1,1,allocated
517,1189,low_traffic,0,0,65535_65535,0,2,858093,110,0,1,0,15,0,28,1,1,pre_allocation
517,1189,low_traffic,0,0,65535_65535,0,2,858093,118,1,1,1,16,118,28,1,1,allocated
517,1189,low_traffic,0,0,65535_65535,0,1,1041155,102,0,1,0,15,0,26,1,1,pre_allocation
517,1189,low_traffic,0,0,65535_65535,0,1,1041155,109,1,1,1,16,109,26,1,1,allocated
517,1189,low_traffic,0,0,65535_65535,0,2,858093,118,0,1,0,16,0,28,1,1,pre_allocation
517,1189,low_traffic,0,0,65535_65535,0,2,858093,126,1,1,1,17,126,28,1,1,allocated
517,1189,low_traffic,0,0,65535_65535,0,1,1041155,109,0,1,0,16,0,26,1,1,pre_allocation
517,1189,low_traffic,0,0,65535_65535,0,1,1041155,116,1,1,1,17,116,26,1,1,allocated
517,1189,low_traffic,0,0,65535_65535,0,2,858093,126,0,1,0,17,0,28,1,1,pre_allocation
517,1189,low_traffic,0,0,65535_65535,0,2,858093,133,1,1,1,18,133,28,1,1,allocated
517,1189,low_traffic,0,0,65535_65535,0,1,1041155,116,0,1,0,17,0,26,1,1,pre_allocation
517,1189,low_traffic,0,0,65535_65535,0,1,1041155,123,1,1,1,18,123,26,1,1,allocated
517,1189,low_traffic,0,0,65535_65535,0,2,858093,133,0,1,0,18,0,28,1,1,pre_allocation
517,1189,low_traffic,0,0,65535_65535,0,2,858093,141,1,1,1,19,141,28,1,1,allocated
517,1189,low_traffic,0,0,65535_65535,0,1,1041155,123,0,1,0,18,0,26,1,1,pre_allocation
517,1189,low_traffic,0,0,65535_65535,0,1,1041155,130,1,1,1,19,130,26,1,1,allocated
517,1189,low_traffic,0,0,65535_65535,0,2,858093,141,0,1,0,19,0,28,1,1,pre_allocation
517,1189,low_traffic,0,0,65535_65535,0,2,858093,148,1,1,1,20,148,28,1,1,allocated
517,1189,low_traffic,0,0,65535_65535,0,1,1041155,130,0,1,0,19,0,26,1,1,pre_allocation
517,1189,low_traffic,0,0,65535_65535,0,1,1041155,137,1,1,1,20,137,26,1,1,allocated
517,1189,low_traffic,0,0,65535_65535,0,2,858093,148,0,1,0,20,0,28,1,1,pre_allocation
517,1189,low_traffic,0,0,65535_65535,0,2,858093,156,1,1,1,21,156,28,1,1,allocated
517,1189,low_traffic,0,0,65535_65535,0,1,1041155,137,0,1,0,20,0,26,1,1,pre_allocation
517,1189,low_traffic,0,0,65535_65535,0,1,1041155,144,1,1,1,21,144,26,1,1,allocated
517,1189,low_traffic,0,0,65535_65535,0,2,858093,156,0,1,0,21,0,28,1,1,pre_allocation
517,1189,low_traffic,0,0,65535_65535,0,2,858093,163,1,1,1,22,163,28,1,1,allocated
517,1189,low_traffic,0,0,65535_65535,0,1,1041155,144,0,1,0,21,0,26,1,1,pre_allocation
517,1189,low_traffic,0,0,65535_65535,0,1,1041155,151,1,1,1,22,151,26,1,1,allocated
517,1189,low_traffic,0,0,65535_65535,1,4,333,0,0,1,0,0,0,28,1,1,pre_allocation
517,1189,low_traffic,0,0,65535_65535,1,4,333,4,1,1,1,1,4,28,1,1,allocated
517,1189,low_traffic,0,0,65535_65535,1,3,333,0,0,1,0,0,0,28,1,1,pre_allocation
517,1189,low_traffic,0,0,65535_65535,1,3,333,4,1,1,1,1,4,28,1,1,allocated
517,1189,low_traffic,0,0,65535_65535,1,4,333,4,0,1,0,1,0,28,1,1,pre_allocation
517,1189,low_traffic,0,0,65535_65535,1,4,333,12,1,1,1,2,12,28,1,1,allocated
517,1189,low_traffic,0,0,65535_65535,1,3,333,4,0,1,0,1,0,28,1,1,pre_allocation
517,1189,low_traffic,0,0,65535_65535,1,3,333,12,1,1,1,2,12,28,1,1,allocated
517,1189,low_traffic,0,0,65535_65535,1,4,333,12,0,1,0,2,0,28,1,1,pre_allocation
517,1189,low_traffic,0,0,65535_65535,1,4,333,19,1,1,1,3,19,28,1,1,allocated
517,1189,low_traffic,0,0,65535_65535,1,3,333,12,0,1,0,2,0,28,1,1,pre_allocation
517,1189,low_traffic,0,0,65535_65535,1,3,333,19,1,1,1,3,19,28,1,1,allocated
517,1189,low_traffic,0,0,65535_65535,1,4,333,19,0,1,0,3,0,28,1,1,pre_allocation
517,1189,low_traffic,0,0,65535_65535,1,4,333,27,1,1,1,4,27,28,1,1,allocated
517,1189,low_traffic,0,0,65535_65535,1,3,333,19,0,1,0,3,0,28,1,1,pre_allocation
517,1189,low_traffic,0,0,65535_65535,1,3,333,27,1,1,1,4,27,28,1,1,allocated
517,1189,low_traffic,0,0,65535_65535,1,4,333,27,0,1,0,4,0,28,1,1,pre_allocation
517,1189,low_traffic,0,0,65535_65535,1,4,333,34,1,1,1,5,34,28,1,1,allocated
517,1189,low_traffic,0,0,65535_65535,1,3,333,27,0,1,0,4,0,28,1,1,pre_allocation
517,1189,low_traffic,0,0,65535_65535,1,3,333,34,1,1,1,5,34,28,1,1,allocated
517,1189,low_traffic,0,0,65535_65535,1,4,333,34,0,1,0,5,0,28,1,1,pre_allocation
517,1189,low_traffic,0,0,65535_65535,1,4,333,42,1,1,1,6,42,28,1,1,allocated
517,1189,low_traffic,0,0,65535_65535,1,3,333,34,0,1,0,5,0,28,1,1,pre_allocation
517,1189,low_traffic,0,0,65535_65535,1,3,333,42,1,1,1,6,42,28,1,1,allocated
517,1189,low_traffic,0,0,65535_65535,1,4,333,42,0,1,0,6,0,28,1,1,pre_allocation
517,1189,low_traffic,0,0,65535_65535,1,4,333,50,1,1,1,7,50,28,1,1,allocated
517,1189,low_traffic,0,0,65535_65535,1,3,333,42,0,1,0,6,0,28,1,1,pre_allocation
517,1189,low_traffic,0,0,65535_65535,1,3,333,50,1,1,1,7,50,28,1,1,allocated
517,1189,low_traffic,0,0,65535_65535,1,4,333,50,0,1,0,7,0,28,1,1,pre_allocation
517,1189,low_traffic,0,0,65535_65535,1,4,333,57,1,1,1,8,57,28,1,1,allocated
517,1189,low_traffic,0,0,65535_65535,1,3,333,50,0,1,0,7,0,28,1,1,pre_allocation
517,1189,low_traffic,0,0,65535_65535,1,3,333,57,1,1,1,8,57,28,1,1,allocated
517,1189,low_traffic,0,0,65535_65535,1,4,333,57,0,1,0,8,0,28,1,1,pre_allocation
517,1189,low_traffic,0,0,65535_65535,1,4,333,65,1,1,1,9,65,28,1,1,allocated
517,1189,low_traffic,0,0,65535_65535,1,3,333,57,0,1,0,8,0,28,1,1,pre_allocation
517,1189,low_traffic,0,0,65535_65535,1,3,333,65,1,1,1,9,65,28,1,1,allocated
517,1189,low_traffic,0,0,65535_65535,1,4,333,65,0,1,0,9,0,28,1,1,pre_allocation
517,1189,low_traffic,0,0,65535_65535,1,4,333,72,1,1,1,10,72,28,1,1,allocated
517,1189,low_traffic,0,0,65535_65535,1,3,333,65,0,1,0,9,0,28,1,1,pre_allocation
517,1189,low_traffic,0,0,65535_65535,1,3,333,72,1,1,1,10,72,28,1,1,allocated
517,1189,low_traffic,0,0,65535_65535,1,4,333,72,0,1,0,10,0,28,1,1,pre_allocation
517,1189,low_traffic,0,0,65535_65535,1,4,333,80,1,1,1,11,80,28,1,1,allocated
517,1189,low_traffic,0,0,65535_65535,1,3,333,72,0,1,0,10,0,28,1,1,pre_allocation
517,1189,low_traffic,0,0,65535_65535,1,3,333,80,1,1,1,11,80,28,1,1,allocated
517,1189,low_traffic,0,0,65535_65535,1,4,333,80,0,1,0,11,0,28,1,1,pre_allocation
517,1189,low_traffic,0,0,65535_65535,1,4,333,88,1,1,1,12,88,28,1,1,allocated
517,1189,low_traffic,0,0,65535_65535,1,3,333,80,0,1,0,11,0,28,1,1,pre_allocation
517,1189,low_traffic,0,0,65535_65535,1,3,333,88,1,1,1,12,88,28,1,1,allocated
517,1189,low_traffic,0,0,65535_65535,1,4,333,88,0,1,0,12,0,28,1,1,pre_allocation
517,1189,low_traffic,0,0,65535_65535,1,4,333,95,1,1,1,13,95,28,1,1,allocated
517,1189,low_traffic,0,0,65535_65535,1,3,333,88,0,1,0,12,0,28,1,1,pre_allocation
517,1189,low_traffic,0,0,65535_65535,1,3,333,95,1,1,1,13,95,28,1,1,allocated
517,1189,low_traffic,0,0,65535_65535,1,4,333,95,0,1,0,13,0,28,1,1,pre_allocation
517,1189,low_traffic,0,0,65535_65535,1,4,333,103,1,1,1,14,103,28,1,1,allocated
517,1189,low_traffic,0,0,65535_65535,1,3,333,95,0,1,0,13,0,28,1,1,pre_allocation
517,1189,low_traffic,0,0,65535_65535,1,3,333,103,1,1,1,14,103,28,1,1,allocated
517,1189,low_traffic,0,0,65535_65535,1,4,333,103,0,1,0,14,0,28,1,1,pre_allocation
517,1189,low_traffic,0,0,65535_65535,1,4,333,110,1,1,1,15,110,28,1,1,allocated
517,1189,low_traffic,0,0,65535_65535,1,3,333,103,0,1,0,14,0,28,1,1,pre_allocation
517,1189,low_traffic,0,0,65535_65535,1,3,333,110,1,1,1,15,110,28,1,1,allocated
517,1189,low_traffic,0,0,65535_65535,1,4,333,110,0,1,0,15,0,28,1,1,pre_allocation
517,1189,low_traffic,0,0,65535_65535,1,4,333,118,1,1,1,16,118,28,1,1,allocated
517,1189,low_traffic,0,0,65535_65535,1,3,333,110,0,1,0,15,0,28,1,1,pre_allocation
517,1189,low_traffic,0,0,65535_65535,1,3,333,118,1,1,1,16,118,28,1,1,allocated
517,1189,low_traffic,0,0,65535_65535,1,4,333,118,0,1,0,16,0,28,1,1,pre_allocation
517,1189,low_traffic,0,0,65535_65535,1,4,333,126,1,1,1,17,126,28,1,1,allocated
517,1189,low_traffic,0,0,65535_65535,1,3,333,118,0,1,0,16,0,28,1,1,pre_allocation
517,1189,low_traffic,0,0,65535_65535,1,3,333,126,1,1,1,17,126,28,1,1,allocated
517,1189,low_traffic,0,0,65535_65535,1,4,333,126,0,1,0,17,0,28,1,1,pre_allocation
517,1189,low_traffic,0,0,65535_65535,1,4,333,133,1,1,1,18,133,28,1,1,allocated
517,1189,low_traffic,0,0,65535_65535,1,3,333,126,0,1,0,17,0,28,1,1,pre_allocation
517,1189,low_traffic,0,0,65535_65535,1,3,333,133,1,1,1,18,133,28,1,1,allocated
517,1189,low_traffic,0,0,65535_65535,1,4,333,133,0,1,0,18,0,28,1,1,pre_allocation
517,1189,low_traffic,0,0,65535_65535,1,4,333,141,1,1,1,19,141,28,1,1,allocated
517,1189,low_traffic,0,0,65535_65535,1,3,333,133,0,1,0,18,0,28,1,1,pre_allocation
517,1189,low_traffic,0,0,65535_65535,1,3,333,141,1,1,1,19,141,28,1,1,allocated
517,1189,low_traffic,0,0,65535_65535,1,4,333,141,0,1,0,19,0,28,1,1,pre_allocation
517,1189,low_traffic,0,0,65535_65535,1,4,333,148,1,1,1,20,148,28,1,1,allocated
517,1189,low_traffic,0,0,65535_65535,1,3,333,141,0,1,0,19,0,28,1,1,pre_allocation
517,1189,low_traffic,0,0,65535_65535,1,3,333,148,1,1,1,20,148,28,1,1,allocated
517,1189,low_traffic,0,0,65535_65535,1,4,333,148,0,1,0,20,0,28,1,1,pre_allocation
517,1189,low_traffic,0,0,65535_65535,1,4,333,156,1,1,1,21,156,28,1,1,allocated
517,1189,low_traffic,0,0,65535_65535,1,3,333,148,0,1,0,20,0,28,1,1,pre_allocation
517,1189,low_traffic,0,0,65535_65535,1,3,333,156,1,1,1,21,156,28,1,1,allocated
517,1189,low_traffic,0,0,65535_65535,1,4,333,156,0,1,0,21,0,28,1,1,pre_allocation
517,1189,low_traffic,0,0,65535_65535,1,4,333,163,1,1,1,22,163,28,1,1,allocated
517,1189,low_traffic,0,0,65535_65535,1,3,333,156,0,1,0,21,0,28,1,1,pre_allocation
517,1189,low_traffic,0,0,65535_65535,1,3,333,163,1,1,1,22,163,28,1,1,allocated
517,1189,low_traffic,0,0,65535_65535,1,4,333,163,0,1,0,22,0,28,1,1,pre_allocation
517,1189,low_traffic,0,0,65535_65535,1,4,333,171,1,1,1,23,171,28,1,1,allocated
517,1189,low_traffic,0,0,65535_65535,1,3,333,163,0,1,0,22,0,28,1,1,pre_allocation
517,1189,low_traffic,0,0,65535_65535,1,3,333,171,1,1,1,23,171,28,1,1,allocated
517,1189,low_traffic,0,0,65535_65535,1,4,333,171,0,1,0,23,0,28,1,1,pre_allocation
517,1189,low_traffic,0,0,65535_65535,1,4,333,179,1,1,1,24,179,28,1,1,allocated
517,1189,low_traffic,0,0,65535_65535,1,3,333,171,0,1,0,23,0,28,1,1,pre_allocation
517,1189,low_traffic,0,0,65535_65535,1,3,333,179,1,1,1,24,179,28,1,1,allocated
517,1189,low_traffic,0,0,65535_65535,1,4,333,179,0,1,0,24,0,28,1,1,pre_allocation
517,1189,low_traffic,0,0,65535_65535,1,4,333,186,1,1,1,25,186,28,1,1,allocated
517,1189,low_traffic,0,0,65535_65535,1,3,333,179,0,1,0,24,0,28,1,1,pre_allocation
517,1189,low_traffic,0,0,65535_65535,1,3,333,186,1,1,1,25,186,28,1,1,allocated
517,1189,low_traffic,0,0,65535_65535,1,4,333,186,0,1,0,25,0,28,1,1,pre_allocation
517,1189,low_traffic,0,0,65535_65535,1,4,333,194,1,1,1,26,194,28,1,1,allocated
517,1189,low_traffic,0,0,65535_65535,1,3,333,186,0,1,0,25,0,28,1,1,pre_allocation
517,1189,low_traffic,0,0,65535_65535,1,3,333,194,1,1,1,26,194,28,1,1,allocated
517,1189,low_traffic,0,0,65535_65535,1,4,333,194,0,1,0,26,0,28,1,1,pre_allocation
517,1189,low_traffic,0,0,65535_65535,1,4,333,201,1,1,1,27,201,28,1,1,allocated
517,1189,low_traffic,0,0,65535_65535,1,3,333,194,0,1,0,26,0,28,1,1,pre_allocation
517,1189,low_traffic,0,0,65535_65535,1,3,333,201,1,1,1,27,201,28,1,1,allocated
517,1189,low_traffic,0,0,65535_65535,1,4,333,201,0,1,0,27,0,28,1,1,pre_allocation
517,1189,low_traffic,0,0,65535_65535,1,4,333,209,1,1,1,28,209,28,1,1,allocated
517,1189,low_traffic,0,0,65535_65535,1,3,333,201,0,1,0,27,0,28,1,1,pre_allocation
517,1189,low_traffic,0,0,65535_65535,1,3,333,209,1,1,1,28,209,28,1,1,allocated
517,1189,low_traffic,0,0,65535_65535,1,4,333,209,0,1,0,28,0,28,1,1,pre_allocation
517,1189,low_traffic,0,0,65535_65535,1,4,333,217,1,1,1,29,217,28,1,1,allocated
517,1189,low_traffic,0,0,65535_65535,1,3,333,209,0,1,0,28,0,28,1,1,pre_allocation
517,1189,low_traffic,0,0,65535_65535,1,3,333,217,1,1,1,29,217,28,1,1,allocated
517,1189,low_traffic,0,0,65535_65535,1,4,333,217,0,1,0,29,0,28,1,1,pre_allocation
517,1189,low_traffic,0,0,65535_65535,1,4,333,224,1,1,1,30,224,28,1,1,allocated
517,1189,low_traffic,0,0,65535_65535,1,3,333,217,0,1,0,29,0,28,1,1,pre_allocation
517,1189,low_traffic,0,0,65535_65535,1,3,333,224,1,1,1,30,224,28,1,1,allocated
517,1189,low_traffic,0,0,65535_65535,1,4,333,224,0,1,0,30,0,28,1,1,pre_allocation
517,1189,low_traffic,0,0,65535_65535,1,4,333,232,1,1,1,31,232,28,1,1,allocated
517,1189,low_traffic,0,0,65535_65535,1,3,333,224,0,1,0,30,0,28,1,1,pre_allocation
517,1189,low_traffic,0,0,65535_65535,1,3,333,232,1,1,1,31,232,28,1,1,allocated
517,1189,low_traffic,0,0,65535_65535,1,4,333,232,0,1,0,31,0,28,1,1,pre_allocation
517,1189,low_traffic,0,0,65535_65535,1,4,333,239,1,1,1,32,239,28,1,1,allocated
517,1189,low_traffic,0,0,65535_65535,1,3,333,232,0,1,0,31,0,28,1,1,pre_allocation
517,1189,low_traffic,0,0,65535_65535,1,3,333,239,1,1,1,32,239,28,1,1,allocated
517,1189,low_traffic,0,0,65535_65535,1,4,333,239,0,1,0,32,0,28,1,1,pre_allocation
517,1189,low_traffic,0,0,65535_65535,1,4,333,247,1,1,1,33,247,28,1,1,allocated
517,1189,low_traffic,0,0,65535_65535,1,3,333,239,0,1,0,32,0,28,1,1,pre_allocation
517,1189,low_traffic,0,0,65535_65535,1,3,333,247,1,1,1,33,247,28,1,1,allocated
517,1189,low_traffic,0,0,65535_65535,1,4,333,247,0,1,0,33,0,28,1,1,pre_allocation
517,1189,low_traffic,0,0,65535_65535,1,4,333,255,1,1,1,34,255,28,1,1,allocated
517,1189,low_traffic,0,0,65535_65535,1,3,333,247,0,1,0,33,0,28,1,1,pre_allocation
517,1189,low_traffic,0,0,65535_65535,1,3,333,255,1,1,1,34,255,28,1,1,allocated
517,1189,low_traffic,0,0,65535_65535,1,4,333,255,0,1,0,34,0,28,1,1,pre_allocation
517,1189,low_traffic,0,0,65535_65535,1,4,333,262,1,1,1,35,262,28,1,1,allocated
517,1189,low_traffic,0,0,65535_65535,1,3,333,255,0,1,0,34,0,28,1,1,pre_allocation
517,1189,low_traffic,0,0,65535_65535,1,3,333,262,1,1,1,35,262,28,1,1,allocated
517,1189,low_traffic,0,0,65535_65535,1,4,333,262,0,1,0,35,0,28,1,1,pre_allocation
517,1189,low_traffic,0,0,65535_65535,1,4,333,270,1,1,1,36,270,28,1,1,allocated
517,1189,low_traffic,0,0,65535_65535,1,3,333,262,0,1,0,35,0,28,1,1,pre_allocation
517,1189,low_traffic,0,0,65535_65535,1,3,333,270,1,1,1,36,270,28,1,1,allocated
517,1189,low_traffic,0,0,65535_65535,1,4,333,270,0,1,0,36,0,28,1,1,pre_allocation
517,1189,low_traffic,0,0,65535_65535,1,4,333,277,1,1,1,37,277,28,1,1,allocated
517,1189,low_traffic,0,0,65535_65535,1,3,333,270,0,1,0,36,0,28,1,1,pre_allocation
517,1189,low_traffic,0,0,65535_65535,1,3,333,277,1,1,1,37,277,28,1,1,allocated
517,1189,low_traffic,0,0,65535_65535,1,4,333,277,0,1,0,37,0,28,1,1,pre_allocation
517,1189,low_traffic,0,0,65535_65535,1,4,333,285,1,1,1,38,285,28,1,1,allocated
517,1189,low_traffic,0,0,65535_65535,1,3,333,277,0,1,0,37,0,28,1,1,pre_allocation
517,1189,low_traffic,0,0,65535_65535,1,3,333,285,1,1,1,38,285,28,1,1,allocated
517,1189,low_traffic,0,0,65535_65535,1,4,333,285,0,1,0,38,0,28,1,1,pre_allocation
517,1189,low_traffic,0,0,65535_65535,1,4,333,293,1,1,1,39,293,28,1,1,allocated
517,1189,low_traffic,0,0,65535_65535,1,3,333,285,0,1,0,38,0,28,1,1,pre_allocation
517,1189,low_traffic,0,0,65535_65535,1,3,333,293,1,1,1,39,293,28,1,1,allocated
517,1189,low_traffic,0,0,65535_65535,1,4,333,293,0,1,0,39,0,28,1,1,pre_allocation
517,1189,low_traffic,0,0,65535_65535,1,4,333,300,1,1,1,40,300,28,1,1,allocated
517,1189,low_traffic,0,0,65535_65535,1,3,333,293,0,1,0,39,0,28,1,1,pre_allocation
517,1189,low_traffic,0,0,65535_65535,1,3,333,300,1,1,1,40,300,28,1,1,allocated
517,1189,low_traffic,0,0,65535_65535,1,4,333,300,0,1,0,40,0,28,1,1,pre_allocation
517,1189,low_traffic,0,0,65535_65535,1,4,333,308,1,1,1,41,308,28,1,1,allocated
517,1189,low_traffic,0,0,65535_65535,1,3,333,300,0,1,0,40,0,28,1,1,pre_allocation
517,1189,low_traffic,0,0,65535_65535,1,3,333,308,1,1,1,41,308,28,1,1,allocated
517,1189,low_traffic,0,0,65535_65535,1,4,333,308,0,1,0,41,0,28,1,1,pre_allocation
517,1189,low_traffic,0,0,65535_65535,1,4,333,315,1,1,1,42,315,28,1,1,allocated
517,1189,low_traffic,0,0,65535_65535,1,3,333,308,0,1,0,41,0,28,1,1,pre_allocation
517,1189,low_traffic,0,0,65535_65535,1,3,333,315,1,1,1,42,315,28,1,1,allocated
517,1189,low_traffic,0,0,65535_65535,1,4,333,315,0,1,0,42,0,28,1,1,pre_allocation
517,1189,low_traffic,0,0,65535_65535,1,4,333,323,1,1,1,43,323,28,1,1,allocated
517,1189,low_traffic,0,0,65535_65535,1,3,333,315,0,1,0,42,0,28,1,1,pre_allocation
517,1189,low_traffic,0,0,65535_65535,1,3,333,323,1,1,1,43,323,28,1,1,allocated
517,1189,low_traffic,0,0,65535_65535,1,4,333,323,0,1,0,43,0,28,1,1,pre_allocation
517,1189,low_traffic,0,0,65535_65535,1,4,333,330,1,1,1,44,330,28,1,1,allocated
517,1189,low_traffic,0,0,65535_65535,1,3,333,323,0,1,0,43,0,28,1,1,pre_allocation
517,1189,low_traffic,0,0,65535_65535,1,3,333,330,1,1,1,44,330,28,1,1,allocated
517,1189,low_traffic,0,0,65535_65535,1,4,333,330,0,1,0,44,0,28,1,1,pre_allocation
517,1189,low_traffic,0,0,65535_65535,1,4,333,338,1,1,1,45,338,28,1,1,allocated
517,1189,low_traffic,0,0,65535_65535,1,3,333,330,0,1,0,44,0,28,1,1,pre_allocation
517,1189,low_traffic,0,0,65535_65535,1,3,333,338,1,1,1,45,338,28,1,1,allocated
517,1189,low_traffic,0,0,65535_65535,1,4,333,338,0,1,0,45,0,28,1,1,pre_allocation
517,1189,low_traffic,0,0,65535_65535,1,4,333,346,1,1,1,46,346,28,1,1,allocated
517,1189,low_traffic,0,0,65535_65535,1,3,333,338,0,1,0,45,0,28,1,1,pre_allocation
517,1189,low_traffic,0,0,65535_65535,1,3,333,346,1,1,1,46,346,28,1,1,allocated
517,1189,low_traffic,0,0,65535_65535,1,4,333,346,0,1,0,46,0,28,1,1,pre_allocation
517,1189,low_traffic,0,0,65535_65535,1,4,333,353,1,1,1,47,353,28,1,1,allocated
517,1189,low_traffic,0,0,65535_65535,1,3,333,346,0,1,0,46,0,28,1,1,pre_allocation
517,1189,low_traffic,0,0,65535_65535,1,3,333,353,1,1,1,47,353,28,1,1,allocated
517,1189,low_traffic,0,0,65535_65535,1,4,333,353,0,1,0,47,0,28,1,1,pre_allocation
517,1189,low_traffic,0,0,65535_65535,1,4,333,361,1,1,1,48,361,28,1,1,allocated
517,1189,low_traffic,0,0,65535_65535,1,3,333,353,0,1,0,47,0,28,1,1,pre_allocation
517,1189,low_traffic,0,0,65535_65535,1,3,333,361,1,1,1,48,361,28,1,1,allocated
517,1189,low_traffic,0,0,65535_65535,1,4,333,361,0,1,0,48,0,28,1,1,pre_allocation
517,1189,low_traffic,0,0,65535_65535,1,4,333,368,1,1,1,49,368,28,1,1,allocated
517,1189,low_traffic,0,0,65535_65535,1,3,333,361,0,1,0,48,0,28,1,1,pre_allocation
517,1189,low_traffic,0,0,65535_65535,1,3,333,368,1,1,1,49,368,28,1,1,allocated
517,1189,low_traffic,0,0,65535_65535,1,4,333,368,0,1,0,49,0,28,1,1,pre_allocation
517,1189,low_traffic,0,0,65535_65535,1,4,333,376,1,1,1,50,376,28,1,1,allocated
517,1189,low_traffic,0,0,65535_65535,1,3,333,368,0,1,0,49,0,28,1,1,pre_allocation
517,1189,low_traffic,0,0,65535_65535,1,3,333,376,1,1,1,50,376,28,1,1,allocated
517,1189,low_traffic,0,0,65535_65535,1,4,333,376,0,1,0,50,0,28,1,1,pre_allocation
517,1189,low_traffic,0,0,65535_65535,1,4,333,384,1,1,1,51,384,28,1,1,allocated
517,1189,low_traffic,0,0,65535_65535,1,3,333,376,0,1,0,50,0,28,1,1,pre_allocation
517,1189,low_traffic,0,0,65535_65535,1,3,333,384,1,1,1,51,384,28,1,1,allocated
517,1189,low_traffic,0,0,65535_65535,1,4,333,384,0,1,0,51,0,28,1,1,pre_allocation
517,1189,low_traffic,0,0,65535_65535,1,4,333,391,1,1,1,52,391,28,1,1,allocated
517,1189,low_traffic,0,0,65535_65535,1,3,333,384,0,1,0,51,0,28,1,1,pre_allocation
517,1189,low_traffic,0,0,65535_65535,1,3,333,391,1,1,1,52,391,28,1,1,allocated
517,1189,low_traffic,0,0,65535_65535,1,4,333,391,0,1,0,52,0,28,1,1,pre_allocation
517,1189,low_traffic,0,0,65535_65535,1,4,333,399,1,1,1,53,399,28,1,1,allocated
517,1189,low_traffic,0,0,65535_65535,1,3,333,391,0,1,0,52,0,28,1,1,pre_allocation
517,1189,low_traffic,0,0,65535_65535,1,3,333,399,1,1,1,53,399,28,1,1,allocated
517,1189,low_traffic,0,0,65535_65535,1,4,333,399,0,1,0,53,0,28,1,1,pre_allocation
517,1189,low_traffic,0,0,65535_65535,1,4,333,406,1,1,1,54,406,28,1,1,allocated
517,1189,low_traffic,0,0,65535_65535,1,3,333,399,0,1,0,53,0,28,1,1,pre_allocation
517,1189,low_traffic,0,0,65535_65535,1,3,333,406,1,1,1,54,406,28,1,1,allocated
517,1189,low_traffic,0,0,65535_65535,1,4,333,406,0,1,0,54,0,28,1,1,pre_allocation
517,1189,low_traffic,0,0,65535_65535,1,4,333,414,1,1,1,55,414,28,1,1,allocated
517,1189,low_traffic,0,0,65535_65535,1,3,333,406,0,1,0,54,0,28,1,1,pre_allocation
517,1189,low_traffic,0,0,65535_65535,1,3,333,414,1,1,1,55,414,28,1,1,allocated
517,1189,low_traffic,0,0,65535_65535,1,4,333,414,0,1,0,55,0,28,1,1,pre_allocation
517,1189,low_traffic,0,0,65535_65535,1,4,333,422,1,1,1,56,422,28,1,1,allocated
517,1189,low_traffic,0,0,65535_65535,1,3,333,414,0,1,0,55,0,28,1,1,pre_allocation
517,1189,low_traffic,0,0,65535_65535,1,3,333,422,1,1,1,56,422,28,1,1,allocated
517,1189,low_traffic,0,0,65535_65535,1,4,333,422,0,1,0,56,0,28,1,1,pre_allocation
517,1189,low_traffic,0,0,65535_65535,1,4,333,429,1,1,1,57,429,28,1,1,allocated
517,1189,low_traffic,0,0,65535_65535,1,3,333,422,0,1,0,56,0,28,1,1,pre_allocation
517,1189,low_traffic,0,0,65535_65535,1,3,333,429,1,1,1,57,429,28,1,1,allocated
517,1189,low_traffic,0,0,65535_65535,1,4,333,429,0,1,0,57,0,28,1,1,pre_allocation
517,1189,low_traffic,0,0,65535_65535,1,4,333,437,1,1,1,58,437,28,1,1,allocated
517,1189,low_traffic,0,0,65535_65535,1,3,333,429,0,1,0,57,0,28,1,1,pre_allocation
517,1189,low_traffic,0,0,65535_65535,1,3,333,437,1,1,1,58,437,28,1,1,allocated
517,1189,low_traffic,0,0,65535_65535,1,4,333,437,0,1,0,58,0,28,1,1,pre_allocation
517,1189,low_traffic,0,0,65535_65535,1,4,333,444,1,1,1,59,444,28,1,1,allocated
517,1189,low_traffic,0,0,65535_65535,1,3,333,437,0,1,0,58,0,28,1,1,pre_allocation
517,1189,low_traffic,0,0,65535_65535,1,3,333,444,1,1,1,59,444,28,1,1,allocated
517,1189,low_traffic,0,0,65535_65535,1,4,333,444,0,1,0,59,0,28,1,1,pre_allocation
517,1189,low_traffic,0,0,65535_65535,1,4,333,452,1,1,1,60,452,28,1,1,allocated
517,1189,low_traffic,0,0,65535_65535,1,3,333,444,0,1,0,59,0,28,1,1,pre_allocation
517,1189,low_traffic,0,0,65535_65535,1,3,333,452,1,1,1,60,452,28,1,1,allocated
517,1189,low_traffic,0,0,65535_65535,1,4,333,452,0,1,0,60,0,28,1,1,pre_allocation
517,1189,low_traffic,0,0,65535_65535,1,4,333,459,1,1,1,61,459,28,1,1,allocated
517,1189,low_traffic,0,0,65535_65535,1,3,333,452,0,1,0,60,0,28,1,1,pre_allocation
517,1189,low_traffic,0,0,65535_65535,1,3,333,459,1,1,1,61,459,28,1,1,allocated
517,1189,low_traffic,0,0,65535_65535,1,4,333,459,0,1,0,61,0,28,1,1,pre_allocation
517,1189,low_traffic,0,0,65535_65535,1,4,333,467,1,1,1,62,467,28,1,1,allocated
517,1189,low_traffic,0,0,65535_65535,1,3,333,459,0,1,0,61,0,28,1,1,pre_allocation
517,1189,low_traffic,0,0,65535_65535,1,3,333,467,1,1,1,62,467,28,1,1,allocated
517,1189,low_traffic,0,0,65535_65535,1,4,333,467,0,1,0,62,0,28,1,1,pre_allocation
517,1189,low_traffic,0,0,65535_65535,1,4,333,475,1,1,1,63,475,28,1,1,allocated
517,1189,low_traffic,0,0,65535_65535,1,3,333,467,0,1,0,62,0,28,1,1,pre_allocation
517,1189,low_traffic,0,0,65535_65535,1,3,333,475,1,1,1,63,475,28,1,1,allocated
517,1189,low_traffic,0,0,65535_65535,1,4,333,475,0,1,0,63,0,28,1,1,pre_allocation
517,1189,low_traffic,0,0,65535_65535,1,4,333,482,1,1,1,64,482,28,1,1,allocated
517,1189,low_traffic,0,0,65535_65535,1,3,333,475,0,1,0,63,0,28,1,1,pre_allocation
517,1189,low_traffic,0,0,65535_65535,1,3,333,482,1,1,1,64,482,28,1,1,allocated
517,1189,low_traffic,0,0,65535_65535,1,4,333,482,0,1,0,64,0,28,1,1,pre_allocation
517,1189,low_traffic,0,0,65535_65535,1,4,333,490,1,1,1,65,490,28,1,1,allocated
517,1189,low_traffic,0,0,65535_65535,1,3,333,482,0,1,0,64,0,28,1,1,pre_allocation
517,1189,low_traffic,0,0,65535_65535,1,3,333,490,1,1,1,65,490,28,1,1,allocated
517,1189,low_traffic,0,0,65535_65535,1,4,333,490,0,1,0,65,0,28,1,1,pre_allocation
517,1189,low_traffic,0,0,65535_65535,1,4,333,497,1,1,1,66,497,28,1,1,allocated
517,1189,low_traffic,0,0,65535_65535,1,3,333,490,0,1,0,65,0,28,1,1,pre_allocation
517,1189,low_traffic,0,0,65535_65535,1,3,333,497,1,1,1,66,497,28,1,1,allocated
517,1189,low_traffic,0,0,65535_65535,1,4,333,497,0,1,0,66,0,28,1,1,pre_allocation
517,1189,low_traffic,0,0,65535_65535,1,4,333,505,1,1,1,67,505,28,1,1,allocated
517,1189,low_traffic,0,0,65535_65535,1,3,333,497,0,1,0,66,0,28,1,1,pre_allocation
517,1189,low_traffic,0,0,65535_65535,1,3,333,505,1,1,1,67,505,28,1,1,allocated
517,1189,low_traffic,0,0,65535_65535,1,4,333,505,0,1,0,67,0,28,1,1,pre_allocation
517,1189,low_traffic,0,0,65535_65535,1,4,333,513,1,1,1,68,513,28,1,1,allocated
517,1189,low_traffic,0,0,65535_65535,1,3,333,505,0,1,0,67,0,28,1,1,pre_allocation
517,1189,low_traffic,0,0,65535_65535,1,3,333,513,1,1,1,68,513,28,1,1,allocated
517,1189,low_traffic,0,0,65535_65535,1,4,333,513,0,1,0,68,0,28,1,1,pre_allocation
517,1189,low_traffic,0,0,65535_65535,1,4,333,520,1,1,1,69,520,28,1,1,allocated
517,1189,low_traffic,0,0,65535_65535,1,3,333,513,0,1,0,68,0,28,1,1,pre_allocation
517,1189,low_traffic,0,0,65535_65535,1,3,333,520,1,1,1,69,520,28,1,1,allocated
517,1189,low_traffic,0,0,65535_65535,1,4,333,520,0,1,0,69,0,28,1,1,pre_allocation
517,1189,low_traffic,0,0,65535_65535,1,4,333,528,1,1,1,70,528,28,1,1,allocated
517,1189,low_traffic,0,0,65535_65535,1,3,333,520,0,1,0,69,0,28,1,1,pre_allocation
517,1189,low_traffic,0,0,65535_65535,1,3,333,528,1,1,1,70,528,28,1,1,allocated
517,1189,low_traffic,0,0,65535_65535,1,4,333,528,0,1,0,70,0,28,1,1,pre_allocation
517,1189,low_traffic,0,0,65535_65535,1,4,333,535,1,1,1,71,535,28,1,1,allocated
517,1189,low_traffic,0,0,65535_65535,1,3,333,528,0,1,0,70,0,28,1,1,pre_allocation
517,1189,low_traffic,0,0,65535_65535,1,3,333,535,1,1,1,71,535,28,1,1,allocated
517,1189,low_traffic,0,0,65535_65535,1,4,333,535,0,1,0,71,0,28,1,1,pre_allocation
517,1189,low_traffic,0,0,65535_65535,1,4,333,543,1,1,1,72,543,28,1,1,allocated
517,1189,low_traffic,0,0,65535_65535,1,3,333,535,0,1,0,71,0,28,1,1,pre_allocation
517,1189,low_traffic,0,0,65535_65535,1,3,333,543,1,1,1,72,543,28,1,1,allocated
517,1189,low_traffic,0,0,65535_65535,1,4,333,543,0,1,0,72,0,28,1,1,pre_allocation
517,1189,low_traffic,0,0,65535_65535,1,4,333,551,1,1,1,73,551,28,1,1,allocated
517,1189,low_traffic,0,0,65535_65535,1,3,333,543,0,1,0,72,0,28,1,1,pre_allocation
517,1189,low_traffic,0,0,65535_65535,1,3,333,551,1,1,1,73,551,28,1,1,allocated
517,1189,low_traffic,0,0,65535_65535,1,4,333,551,0,1,0,73,0,28,1,1,pre_allocation
517,1189,low_traffic,0,0,65535_65535,1,4,333,558,1,1,1,74,558,28,1,1,allocated
517,1189,low_traffic,0,0,65535_65535,1,3,333,551,0,1,0,73,0,28,1,1,pre_allocation
517,1189,low_traffic,0,0,65535_65535,1,3,333,558,1,1,1,74,558,28,1,1,allocated
517,1189,low_traffic,0,0,65535_65535,1,4,333,558,0,1,0,74,0,28,1,1,pre_allocation
517,1189,low_traffic,0,0,65535_65535,1,4,333,566,1,1,1,75,566,28,1,1,allocated
517,1189,low_traffic,0,0,65535_65535,1,3,333,558,0,1,0,74,0,28,1,1,pre_allocation
517,1189,low_traffic,0,0,65535_65535,1,3,333,566,1,1,1,75,566,28,1,1,allocated
517,1189,low_traffic,0,0,65535_65535,1,4,333,566,0,1,0,75,0,28,1,1,pre_allocation
517,1189,low_traffic,0,0,65535_65535,1,4,333,573,1,1,1,76,573,28,1,1,allocated
517,1189,low_traffic,0,0,65535_65535,1,3,333,566,0,1,0,75,0,28,1,1,pre_allocation
517,1189,low_traffic,0,0,65535_65535,1,3,333,573,1,1,1,76,573,28,1,1,allocated
517,1189,low_traffic,0,0,65535_65535,1,4,333,573,0,1,0,76,0,28,1,1,pre_allocation
517,1189,low_traffic,0,0,65535_65535,1,4,333,581,1,1,1,77,581,28,1,1,allocated
517,1189,low_traffic,0,0,65535_65535,1,3,333,573,0,1,0,76,0,28,1,1,pre_allocation
517,1189,low_traffic,0,0,65535_65535,1,3,333,581,1,1,1,77,581,28,1,1,allocated
517,1189,low_traffic,0,0,65535_65535,1,4,333,581,0,1,0,77,0,28,1,1,pre_allocation
517,1189,low_traffic,0,0,65535_65535,1,4,333,589,1,1,1,78,589,28,1,1,allocated
517,1189,low_traffic,0,0,65535_65535,1,3,333,581,0,1,0,77,0,28,1,1,pre_allocation
517,1189,low_traffic,0,0,65535_65535,1,3,333,589,1,1,1,78,589,28,1,1,allocated
517,1189,low_traffic,0,0,65535_65535,1,4,333,589,0,1,0,78,0,28,1,1,pre_allocation
517,1189,low_traffic,0,0,65535_65535,1,4,333,596,1,1,1,79,596,28,1,1,allocated
517,1189,low_traffic,0,0,65535_65535,1,3,333,589,0,1,0,78,0,28,1,1,pre_allocation
517,1189,low_traffic,0,0,65535_65535,1,3,333,596,1,1,1,79,596,28,1,1,allocated
517,1189,low_traffic,0,0,65535_65535,1,4,333,596,0,1,0,79,0,28,1,1,pre_allocation
517,1189,low_traffic,0,0,65535_65535,1,4,333,604,1,1,1,80,604,28,1,1,allocated
517,1189,low_traffic,0,0,65535_65535,1,3,333,596,0,1,0,79,0,28,1,1,pre_allocation
517,1189,low_traffic,0,0,65535_65535,1,3,333,604,1,1,1,80,604,28,1,1,allocated
517,1189,low_traffic,0,0,65535_65535,1,4,333,604,0,1,0,80,0,28,1,1,pre_allocation
517,1189,low_traffic,0,0,65535_65535,1,4,333,611,1,1,1,81,611,28,1,1,allocated
517,1189,low_traffic,0,0,65535_65535,1,3,333,604,0,1,0,80,0,28,1,1,pre_allocation
517,1189,low_traffic,0,0,65535_65535,1,3,333,611,1,1,1,81,611,28,1,1,allocated
517,1189,low_traffic,0,0,65535_65535,1,4,333,611,0,1,0,81,0,28,1,1,pre_allocation
517,1189,low_traffic,0,0,65535_65535,1,4,333,619,1,1,1,82,619,28,1,1,allocated
517,1189,low_traffic,0,0,65535_65535,1,3,333,611,0,1,0,81,0,28,1,1,pre_allocation
517,1189,low_traffic,0,0,65535_65535,1,3,333,619,1,1,1,82,619,28,1,1,allocated
517,1189,low_traffic,0,0,65535_65535,1,4,333,619,0,1,0,82,0,28,1,1,pre_allocation
517,1189,low_traffic,0,0,65535_65535,1,4,333,626,1,1,1,83,626,28,1,1,allocated
517,1189,low_traffic,0,0,65535_65535,1,3,333,619,0,1,0,82,0,28,1,1,pre_allocation
517,1189,low_traffic,0,0,65535_65535,1,3,333,626,1,1,1,83,626,28,1,1,allocated
517,1189,low_traffic,0,0,65535_65535,1,4,333,626,0,1,0,83,0,28,1,1,pre_allocation
517,1189,low_traffic,0,0,65535_65535,1,4,333,634,1,1,1,84,634,28,1,1,allocated
517,1189,low_traffic,0,0,65535_65535,1,3,333,626,0,1,0,83,0,28,1,1,pre_allocation
517,1189,low_traffic,0,0,65535_65535,1,3,333,634,1,1,1,84,634,28,1,1,allocated
517,1189,low_traffic,0,0,65535_65535,1,4,333,634,0,1,0,84,0,28,1,1,pre_allocation
517,1189,low_traffic,0,0,65535_65535,1,4,333,642,1,1,1,85,642,28,1,1,allocated
517,1189,low_traffic,0,0,65535_65535,1,3,333,634,0,1,0,84,0,28,1,1,pre_allocation
517,1189,low_traffic,0,0,65535_65535,1,3,333,642,1,1,1,85,642,28,1,1,allocated
517,1189,low_traffic,0,0,65535_65535,1,4,333,642,0,1,0,85,0,28,1,1,pre_allocation
517,1189,low_traffic,0,0,65535_65535,1,4,333,649,1,1,1,86,649,28,1,1,allocated
517,1189,low_traffic,0,0,65535_65535,1,3,333,642,0,1,0,85,0,28,1,1,pre_allocation
517,1189,low_traffic,0,0,65535_65535,1,3,333,649,1,1,1,86,649,28,1,1,allocated
517,1189,low_traffic,0,0,65535_65535,1,4,333,649,0,1,0,86,0,28,1,1,pre_allocation
517,1189,low_traffic,0,0,65535_65535,1,4,333,657,1,1,1,87,657,28,1,1,allocated
517,1189,low_traffic,0,0,65535_65535,2,10,137,0,0,1,0,0,0,26,1,1,pre_allocation
517,1189,low_traffic,0,0,65535_65535,2,10,137,4,1,1,1,1,4,26,1,1,allocated
517,1189,low_traffic,0,0,65535_65535,2,9,137,0,0,1,0,0,0,28,1,1,pre_allocation
517,1189,low_traffic,0,0,65535_65535,2,9,137,4,1,1,1,1,4,28,1,1,allocated
517,1189,low_traffic,0,0,65535_65535,2,7,137,0,0,1,0,0,0,28,1,1,pre_allocation
517,1189,low_traffic,0,0,65535_65535,2,7,137,4,1,1,1,1,4,28,1,1,allocated
517,1189,low_traffic,0,0,65535_65535,2,6,137,0,0,1,0,0,0,28,1,1,pre_allocation
517,1189,low_traffic,0,0,65535_65535,2,6,137,4,1,1,1,1,4,28,1,1,allocated
517,1189,low_traffic,0,0,65535_65535,2,5,137,0,0,1,0,0,0,28,1,1,pre_allocation
517,1189,low_traffic,0,0,65535_65535,2,5,137,4,1,1,1,1,4,28,1,1,allocated
517,1189,low_traffic,0,0,65535_65535,2,10,137,4,0,1,0,1,0,26,1,1,pre_allocation
517,1189,low_traffic,0,0,65535_65535,2,10,137,11,1,1,1,2,11,26,1,1,allocated
517,1189,low_traffic,0,0,65535_65535,2,9,137,4,0,1,0,1,0,28,1,1,pre_allocation
517,1189,low_traffic,0,0,65535_65535,2,9,137,12,1,1,1,2,12,28,1,1,allocated
517,1189,low_traffic,0,0,65535_65535,2,7,137,4,0,1,0,1,0,28,1,1,pre_allocation
517,1189,low_traffic,0,0,65535_65535,2,7,137,12,1,1,1,2,12,28,1,1,allocated
517,1189,low_traffic,0,0,65535_65535,2,6,137,4,0,1,0,1,0,28,1,1,pre_allocation
517,1189,low_traffic,0,0,65535_65535,2,6,137,12,1,1,1,2,12,28,1,1,allocated
517,1189,low_traffic,0,0,65535_65535,2,5,137,4,0,1,0,1,0,28,1,1,pre_allocation
517,1189,low_traffic,0,0,65535_65535,2,5,137,12,1,1,1,2,12,28,1,1,allocated
517,1189,low_traffic,0,0,65535_65535,2,10,137,11,0,1,0,2,0,26,1,1,pre_allocation
517,1189,low_traffic,0,0,65535_65535,2,10,137,18,1,1,1,3,18,26,1,1,allocated
517,1189,low_traffic,0,0,65535_65535,2,9,137,12,0,1,0,2,0,28,1,1,pre_allocation
517,1189,low_traffic,0,0,65535_65535,2,9,137,19,1,1,1,3,19,28,1,1,allocated
517,1189,low_traffic,0,0,65535_65535,2,7,137,12,0,1,0,2,0,28,1,1,pre_allocation
517,1189,low_traffic,0,0,65535_65535,2,7,137,19,1,1,1,3,19,28,1,1,allocated
517,1189,low_traffic,0,0,65535_65535,2,6,137,12,0,1,0,2,0,28,1,1,pre_allocation
517,1189,low_traffic,0,0,65535_65535,2,6,137,19,1,1,1,3,19,28,1,1,allocated
517,1189,low_traffic,0,0,65535_65535,2,5,137,12,0,1,0,2,0,28,1,1,pre_allocation
517,1189,low_traffic,0,0,65535_65535,2,5,137,19,1,1,1,3,19,28,1,1,allocated
517,1189,low_traffic,0,0,65535_65535,2,10,137,18,0,1,0,3,0,26,1,1,pre_allocation
517,1189,low_traffic,0,0,65535_65535,2,10,137,25,1,1,1,4,25,26,1,1,allocated
517,1189,low_traffic,0,0,65535_65535,2,9,137,19,0,1,0,3,0,28,1,1,pre_allocation
517,1189,low_traffic,0,0,65535_65535,2,9,137,27,1,1,1,4,27,28,1,1,allocated
517,1189,low_traffic,0,0,65535_65535,2,7,137,19,0,1,0,3,0,28,1,1,pre_allocation
517,1189,low_traffic,0,0,65535_65535,2,7,137,27,1,1,1,4,27,28,1,1,allocated
517,1189,low_traffic,0,0,65535_65535,2,6,137,19,0,1,0,3,0,28,1,1,pre_allocation
517,1189,low_traffic,0,0,65535_65535,2,6,137,27,1,1,1,4,27,28,1,1,allocated
517,1189,low_traffic,0,0,65535_65535,2,5,137,19,0,1,0,3,0,28,1,1,pre_allocation
517,1189,low_traffic,0,0,65535_65535,2,5,137,27,1,1,1,4,27,28,1,1,allocated
517,1189,low_traffic,0,0,65535_65535,2,10,137,25,0,1,0,4,0,26,1,1,pre_allocation
517,1189,low_traffic,0,0,65535_65535,2,10,137,32,1,1,1,5,32,26,1,1,allocated
517,1189,low_traffic,0,0,65535_65535,2,9,137,27,0,1,0,4,0,28,1,1,pre_allocation
517,1189,low_traffic,0,0,65535_65535,2,9,137,34,1,1,1,5,34,28,1,1,allocated
517,1189,low_traffic,0,0,65535_65535,2,7,137,27,0,1,0,4,0,28,1,1,pre_allocation
517,1189,low_traffic,0,0,65535_65535,2,7,137,34,1,1,1,5,34,28,1,1,allocated
517,1189,low_traffic,0,0,65535_65535,2,6,137,27,0,1,0,4,0,28,1,1,pre_allocation
517,1189,low_traffic,0,0,65535_65535,2,6,137,34,1,1,1,5,34,28,1,1,allocated
517,1189,low_traffic,0,0,65535_65535,2,5,137,27,0,1,0,4,0,28,1,1,pre_allocation
517,1189,low_traffic,0,0,65535_65535,2,5,137,34,1,1,1,5,34,28,1,1,allocated
517,1189,low_traffic,0,0,65535_65535,2,10,137,32,0,1,0,5,0,26,1,1,pre_allocation
517,1189,low_traffic,0,0,65535_65535,2,10,137,39,1,1,1,6,39,26,1,1,allocated
517,1189,low_traffic,0,0,65535_65535,2,9,137,34,0,1,0,5,0,28,1,1,pre_allocation
517,1189,low_traffic,0,0,65535_65535,2,9,137,42,1,1,1,6,42,28,1,1,allocated
517,1189,low_traffic,0,0,65535_65535,2,7,137,34,0,1,0,5,0,28,1,1,pre_allocation
517,1189,low_traffic,0,0,65535_65535,2,7,137,42,1,1,1,6,42,28,1,1,allocated
517,1189,low_traffic,0,0,65535_65535,2,6,137,34,0,1,0,5,0,28,1,1,pre_allocation
517,1189,low_traffic,0,0,65535_65535,2,6,137,42,1,1,1,6,42,28,1,1,allocated
517,1189,low_traffic,0,0,65535_65535,2,5,137,34,0,1,0,5,0,28,1,1,pre_allocation
517,1189,low_traffic,0,0,65535_65535,2,5,137,42,1,1,1,6,42,28,1,1,allocated
517,1189,low_traffic,0,0,65535_65535,2,10,137,39,0,1,0,6,0,26,1,1,pre_allocation
517,1189,low_traffic,0,0,65535_65535,2,10,137,46,1,1,1,7,46,26,1,1,allocated
517,1189,low_traffic,0,0,65535_65535,2,9,137,42,0,1,0,6,0,28,1,1,pre_allocation
517,1189,low_traffic,0,0,65535_65535,2,9,137,50,1,1,1,7,50,28,1,1,allocated
517,1189,low_traffic,0,0,65535_65535,2,7,137,42,0,1,0,6,0,28,1,1,pre_allocation
517,1189,low_traffic,0,0,65535_65535,2,7,137,50,1,1,1,7,50,28,1,1,allocated
517,1189,low_traffic,0,0,65535_65535,2,6,137,42,0,1,0,6,0,28,1,1,pre_allocation
517,1189,low_traffic,0,0,65535_65535,2,6,137,50,1,1,1,7,50,28,1,1,allocated
517,1189,low_traffic,0,0,65535_65535,2,5,137,42,0,1,0,6,0,28,1,1,pre_allocation
517,1189,low_traffic,0,0,65535_65535,2,5,137,50,1,1,1,7,50,28,1,1,allocated
517,1189,low_traffic,0,0,65535_65535,2,10,137,46,0,1,0,7,0,26,1,1,pre_allocation
517,1189,low_traffic,0,0,65535_65535,2,10,137,53,1,1,1,8,53,26,1,1,allocated
517,1189,low_traffic,0,0,65535_65535,2,9,137,50,0,1,0,7,0,28,1,1,pre_allocation
517,1189,low_traffic,0,0,65535_65535,2,9,137,57,1,1,1,8,57,28,1,1,allocated
517,1189,low_traffic,0,0,65535_65535,2,7,137,50,0,1,0,7,0,28,1,1,pre_allocation
517,1189,low_traffic,0,0,65535_65535,2,7,137,57,1,1,1,8,57,28,1,1,allocated
517,1189,low_traffic,0,0,65535_65535,2,6,137,50,0,1,0,7,0,28,1,1,pre_allocation
517,1189,low_traffic,0,0,65535_65535,2,6,137,57,1,1,1,8,57,28,1,1,allocated
517,1189,low_traffic,0,0,65535_65535,2,5,137,50,0,1,0,7,0,28,1,1,pre_allocation
517,1189,low_traffic,0,0,65535_65535,2,5,137,57,1,1,1,8,57,28,1,1,allocated
517,1189,low_traffic,0,0,65535_65535,2,10,137,53,0,1,0,8,0,26,1,1,pre_allocation
517,1189,low_traffic,0,0,65535_65535,2,10,137,60,1,1,1,9,60,26,1,1,allocated
517,1189,low_traffic,0,0,65535_65535,2,9,137,57,0,1,0,8,0,28,1,1,pre_allocation
517,1189,low_traffic,0,0,65535_65535,2,9,137,65,1,1,1,9,65,28,1,1,allocated
517,1189,low_traffic,0,0,65535_65535,2,7,137,57,0,1,0,8,0,28,1,1,pre_allocation
517,1189,low_traffic,0,0,65535_65535,2,7,137,65,1,1,1,9,65,28,1,1,allocated
517,1189,low_traffic,0,0,65535_65535,2,6,137,57,0,1,0,8,0,28,1,1,pre_allocation
517,1189,low_traffic,0,0,65535_65535,2,6,137,65,1,1,1,9,65,28,1,1,allocated
517,1189,low_traffic,0,0,65535_65535,2,5,137,57,0,1,0,8,0,28,1,1,pre_allocation
517,1189,low_traffic,0,0,65535_65535,2,5,137,65,1,1,1,9,65,28,1,1,allocated
517,1189,low_traffic,0,0,65535_65535,2,10,137,60,0,1,0,9,0,26,1,1,pre_allocation
517,1189,low_traffic,0,0,65535_65535,2,10,137,67,1,1,1,10,67,26,1,1,allocated
517,1189,low_traffic,0,0,65535_65535,2,9,137,65,0,1,0,9,0,28,1,1,pre_allocation
517,1189,low_traffic,0,0,65535_65535,2,9,137,72,1,1,1,10,72,28,1,1,allocated
517,1189,low_traffic,0,0,65535_65535,2,7,137,65,0,1,0,9,0,28,1,1,pre_allocation
517,1189,low_traffic,0,0,65535_65535,2,7,137,72,1,1,1,10,72,28,1,1,allocated
517,1189,low_traffic,0,0,65535_65535,2,6,137,65,0,1,0,9,0,28,1,1,pre_allocation
517,1189,low_traffic,0,0,65535_65535,2,6,137,72,1,1,1,10,72,28,1,1,allocated
583,1287,low_traffic,0,0,65535_65535,0,2,1012133,0,0,1,0,0,0,28,1,1,pre_allocation
583,1287,low_traffic,0,0,65535_65535,0,2,1012133,4,1,1,1,1,4,28,1,1,allocated
583,1287,low_traffic,0,0,65535_65535,0,1,1216534,0,0,1,0,0,0,26,1,1,pre_allocation
583,1287,low_traffic,0,0,65535_65535,0,1,1216534,4,1,1,1,1,4,26,1,1,allocated
583,1287,low_traffic,0,0,65535_65535,0,2,1012133,4,0,1,0,1,0,28,1,1,pre_allocation
583,1287,low_traffic,0,0,65535_65535,0,2,1012133,12,1,1,1,2,12,28,1,1,allocated
583,1287,low_traffic,0,0,65535_65535,0,1,1216534,4,0,1,0,1,0,26,1,1,pre_allocation
583,1287,low_traffic,0,0,65535_65535,0,1,1216534,11,1,1,1,2,11,26,1,1,allocated
583,1287,low_traffic,0,0,65535_65535,0,2,1012133,12,0,1,0,2,0,28,1,1,pre_allocation
583,1287,low_traffic,0,0,65535_65535,0,2,1012133,19,1,1,1,3,19,28,1,1,allocated
583,1287,low_traffic,0,0,65535_65535,0,1,1216534,11,0,1,0,2,0,26,1,1,pre_allocation
583,1287,low_traffic,0,0,65535_65535,0,1,1216534,18,1,1,1,3,18,26,1,1,allocated
583,1287,low_traffic,0,0,65535_65535,0,2,1012133,19,0,1,0,3,0,28,1,1,pre_allocation
583,1287,low_traffic,0,0,65535_65535,0,2,1012133,27,1,1,1,4,27,28,1,1,allocated
583,1287,low_traffic,0,0,65535_65535,0,1,1216534,18,0,1,0,3,0,26,1,1,pre_allocation
583,1287,low_traffic,0,0,65535_65535,0,1,1216534,25,1,1,1,4,25,26,1,1,allocated
583,1287,low_traffic,0,0,65535_65535,0,2,1012133,27,0,1,0,4,0,28,1,1,pre_allocation
583,1287,low_traffic,0,0,65535_65535,0,2,1012133,34,1,1,1,5,34,28,1,1,allocated
583,1287,low_traffic,0,0,65535_65535,0,1,1216534,25,0,1,0,4,0,26,1,1,pre_allocation
583,1287,low_traffic,0,0,65535_65535,0,1,1216534,32,1,1,1,5,32,26,1,1,allocated
583,1287,low_traffic,0,0,65535_65535,0,2,1012133,34,0,1,0,5,0,28,1,1,pre_allocation
583,1287,low_traffic,0,0,65535_65535,0,2,1012133,42,1,1,1,6,42,28,1,1,allocated
583,1287,low_traffic,0,0,65535_65535,0,1,1216534,32,0,1,0,5,0,26,1,1,pre_allocation
583,1287,low_traffic,0,0,65535_65535,0,1,1216534,39,1,1,1,6,39,26,1,1,allocated
583,1287,low_traffic,0,0,65535_65535,0,2,1012133,42,0,1,0,6,0,28,1,1,pre_allocation
583,1287,low_traffic,0,0,65535_65535,0,2,1012133,50,1,1,1,7,50,28,1,1,allocated
583,1287,low_traffic,0,0,65535_65535,0,1,1216534,39,0,1,0,6,0,26,1,1,pre_allocation
583,1287,low_traffic,0,0,65535_65535,0,1,1216534,46,1,1,1,7,46,26,1,1,allocated
583,1287,low_traffic,0,0,65535_65535,0,2,1012133,50,0,1,0,7,0,28,1,1,pre_allocation
583,1287,low_traffic,0,0,65535_65535,0,2,1012133,57,1,1,1,8,57,28,1,1,allocated
583,1287,low_traffic,0,0,65535_65535,0,1,1216534,46,0,1,0,7,0,26,1,1,pre_allocation
583,1287,low_traffic,0,0,65535_65535,0,1,1216534,53,1,1,1,8,53,26,1,1,allocated
583,1287,low_traffic,0,0,65535_65535,0,2,1012133,57,0,1,0,8,0,28,1,1,pre_allocation
583,1287,low_traffic,0,0,65535_65535,0,2,1012133,65,1,1,1,9,65,28,1,1,allocated
583,1287,low_traffic,0,0,65535_65535,0,1,1216534,53,0,1,0,8,0,26,1,1,pre_allocation
583,1287,low_traffic,0,0,65535_65535,0,1,1216534,60,1,1,1,9,60,26,1,1,allocated
583,1287,low_traffic,0,0,65535_65535,0,2,1012133,65,0,1,0,9,0,28,1,1,pre_allocation
583,1287,low_traffic,0,0,65535_65535,0,2,1012133,72,1,1,1,10,72,28,1,1,allocated
583,1287,low_traffic,0,0,65535_65535,0,1,1216534,60,0,1,0,9,0,26,1,1,pre_allocation
583,1287,low_traffic,0,0,65535_65535,0,1,1216534,67,1,1,1,10,67,26,1,1,allocated
583,1287,low_traffic,0,0,65535_65535,0,2,1012133,72,0,1,0,10,0,28,1,1,pre_allocation
583,1287,low_traffic,0,0,65535_65535,0,2,1012133,80,1,1,1,11,80,28,1,1,allocated
583,1287,low_traffic,0,0,65535_65535,0,1,1216534,67,0,1,0,10,0,26,1,1,pre_allocation
583,1287,low_traffic,0,0,65535_65535,0,1,1216534,74,1,1,1,11,74,26,1,1,allocated
583,1287,low_traffic,0,0,65535_65535,0,2,1012133,80,0,1,0,11,0,28,1,1,pre_allocation
583,1287,low_traffic,0,0,65535_65535,0,2,1012133,88,1,1,1,12,88,28,1,1,allocated
583,1287,low_traffic,0,0,65535_65535,0,1,1216534,74,0,1,0,11,0,26,1,1,pre_allocation
583,1287,low_traffic,0,0,65535_65535,0,1,1216534,81,1,1,1,12,81,26,1,1,allocated
583,1287,low_traffic,0,0,65535_65535,0,2,1012133,88,0,1,0,12,0,28,1,1,pre_allocation
583,1287,low_traffic,0,0,65535_65535,0,2,1012133,95,1,1,1,13,95,28,1,1,allocated
583,1287,low_traffic,0,0,65535_65535,0,1,1216534,81,0,1,0,12,0,26,1,1,pre_allocation
583,1287,low_traffic,0,0,65535_65535,0,1,1216534,88,1,1,1,13,88,26,1,1,allocated
583,1287,low_traffic,0,0,65535_65535,0,2,1012133,95,0,1,0,13,0,28,1,1,pre_allocation
583,1287,low_traffic,0,0,65535_65535,0,2,1012133,103,1,1,1,14,103,28,1,1,allocated
583,1287,low_traffic,0,0,65535_65535,0,1,1216534,88,0,1,0,13,0,26,1,1,pre_allocation
583,1287,low_traffic,0,0,65535_65535,0,1,1216534,95,1,1,1,14,95,26,1,1,allocated
583,1287,low_traffic,0,0,65535_65535,0,2,1012133,103,0,1,0,14,0,28,1,1,pre_allocation
583,1287,low_traffic,0,0,65535_65535,0,2,1012133,110,1,1,1,15,110,28,1,1,allocated
583,1287,low_traffic,0,0,65535_65535,0,1,1216534,95,0,1,0,14,0,26,1,1,pre_allocation
583,1287,low_traffic,0,0,65535_65535,0,1,1216534,102,1,1,1,15,102,26,1,1,allocated
583,1287,low_traffic,0,0,65535_65535,0,2,1012133,110,0,1,0,15,0,28,1,1,pre_allocation
583,1287,low_traffic,0,0,65535_65535,0,2,1012133,118,1,1,1,16,118,28,1,1,allocated
583,1287,low_traffic,0,0,65535_65535,0,1,1216534,102,0,1,0,15,0,26,1,1,pre_allocation
583,1287,low_traffic,0,0,65535_65535,0,1,1216534,109,1,1,1,16,109,26,1,1,allocated
583,1287,low_traffic,0,0,65535_65535,0,2,1012133,118,0,1,0,16,0,28,1,1,pre_allocation
583,1287,low_traffic,0,0,65535_65535,0,2,1012133,126,1,1,1,17,126,28,1,1,allocated
583,1287,low_traffic,0,0,65535_65535,0,1,1216534,109,0,1,0,16,0,26,1,1,pre_allocation
583,1287,low_traffic,0,0,65535_65535,0,1,1216534,116,1,1,1,17,116,26,1,1,allocated
583,1287,low_traffic,0,0,65535_65535,0,2,1012133,126,0,1,0,17,0,28,1,1,pre_allocation
583,1287,low_traffic,0,0,65535_65535,0,2,1012133,133,1,1,1,18,133,28,1,1,allocated
583,1287,low_traffic,0,0,65535_65535,0,1,1216534,116,0,1,0,17,0,26,1,1,pre_allocation
583,1287,low_traffic,0,0,65535_65535,0,1,1216534,123,1,1,1,18,123,26,1,1,allocated
583,1287,low_traffic,0,0,65535_65535,0,2,1012133,133,0,1,0,18,0,28,1,1,pre_allocation
583,1287,low_traffic,0,0,65535_65535,0,2,1012133,141,1,1,1,19,141,28,1,1,allocated
583,1287,low_traffic,0,0,65535_65535,0,1,1216534,123,0,1,0,18,0,26,1,1,pre_allocation
583,1287,low_traffic,0,0,65535_65535,0,1,1216534,130,1,1,1,19,130,26,1,1,allocated
583,1287,low_traffic,0,0,65535_65535,0,2,1012133,141,0,1,0,19,0,28,1,1,pre_allocation
583,1287,low_traffic,0,0,65535_65535,0,2,1012133,148,1,1,1,20,148,28,1,1,allocated
583,1287,low_traffic,0,0,65535_65535,0,1,1216534,130,0,1,0,19,0,26,1,1,pre_allocation
583,1287,low_traffic,0,0,65535_65535,0,1,1216534,137,1,1,1,20,137,26,1,1,allocated
583,1287,low_traffic,0,0,65535_65535,0,2,1012133,148,0,1,0,20,0,28,1,1,pre_allocation
583,1287,low_traffic,0,0,65535_65535,0,2,1012133,156,1,1,1,21,156,28,1,1,allocated
583,1287,low_traffic,0,0,65535_65535,0,1,1216534,137,0,1,0,20,0,26,1,1,pre_allocation
583,1287,low_traffic,0,0,65535_65535,0,1,1216534,144,1,1,1,21,144,26,1,1,allocated
583,1287,low_traffic,0,0,65535_65535,0,2,1012133,156,0,1,0,21,0,28,1,1,pre_allocation
583,1287,low_traffic,0,0,65535_65535,0,2,1012133,163,1,1,1,22,163,28,1,1,allocated
583,1287,low_traffic,0,0,65535_65535,0,1,1216534,144,0,1,0,21,0,26,1,1,pre_allocation
583,1287,low_traffic,0,0,65535_65535,0,1,1216534,151,1,1,1,22,151,26,1,1,allocated
583,1287,low_traffic,0,0,65535_65535,0,2,1012133,163,0,1,0,22,0,28,1,1,pre_allocation
583,1287,low_traffic,0,0,65535_65535,0,2,1012133,171,1,1,1,23,171,28,1,1,allocated
583,1287,low_traffic,0,0,65535_65535,0,1,1216534,151,0,1,0,22,0,26,1,1,pre_allocation
583,1287,low_traffic,0,0,65535_65535,0,1,1216534,158,1,1,1,23,158,26,1,1,allocated
583,1287,low_traffic,0,0,65535_65535,0,2,1012133,171,0,1,0,23,0,28,1,1,pre_allocation
583,1287,low_traffic,0,0,65535_65535,0,2,1012133,179,1,1,1,24,179,28,1,1,allocated
583,1287,low_traffic,0,0,65535_65535,0,1,1216534,158,0,1,0,23,0,26,1,1,pre_allocation
583,1287,low_traffic,0,0,65535_65535,0,1,1216534,165,1,1,1,24,165,26,1,1,allocated
583,1287,low_traffic,0,0,65535_65535,0,2,1012133,179,0,1,0,24,0,28,1,1,pre_allocation
583,1287,low_traffic,0,0,65535_65535,0,2,1012133,186,1,1,1,25,186,28,1,1,allocated
583,1287,low_traffic,0,0,65535_65535,0,1,1216534,165,0,1,0,24,0,26,1,1,pre_allocation
583,1287,low_traffic,0,0,65535_65535,0,1,1216534,172,1,1,1,25,172,26,1,1,allocated
583,1287,low_traffic,0,0,65535_65535,0,2,1012133,186,0,1,0,25,0,28,1,1,pre_allocation
583,1287,low_traffic,0,0,65535_65535,0,2,1012133,194,1,1,1,26,194,28,1,1,allocated
583,1287,low_traffic,0,0,65535_65535,0,1,1216534,172,0,1,0,25,0,26,1,1,pre_allocation
583,1287,low_traffic,0,0,65535_65535,0,1,1216534,179,1,1,1,26,179,26,1,1,allocated
583,1287,low_traffic,0,0,65535_65535,0,2,1012133,194,0,1,0,26,0,28,1,1,pre_allocation
583,1287,low_traffic,0,0,65535_65535,0,2,1012133,201,1,1,1,27,201,28,1,1,allocated
583,1287,low_traffic,0,0,65535_65535,0,1,1216534,179,0,1,0,26,0,26,1,1,pre_allocation
583,1287,low_traffic,0,0,65535_65535,0,1,1216534,186,1,1,1,27,186,26,1,1,allocated
583,1287,low_traffic,0,0,65535_65535,0,2,1012133,201,0,1,0,27,0,28,1,1,pre_allocation
583,1287,low_traffic,0,0,65535_65535,0,2,1012133,209,1,1,1,28,209,28,1,1,allocated
583,1287,low_traffic,0,0,65535_65535,0,1,1216534,186,0,1,0,27,0,26,1,1,pre_allocation
583,1287,low_traffic,0,0,65535_65535,0,1,1216534,193,1,1,1,28,193,26,1,1,allocated
583,1287,low_traffic,0,0,65535_65535,0,2,1012133,209,0,1,0,28,0,28,1,1,pre_allocation
583,1287,low_traffic,0,0,65535_65535,0,2,1012133,217,1,1,1,29,217,28,1,1,allocated
583,1287,low_traffic,0,0,65535_65535,0,1,1216534,193,0,1,0,28,0,26,1,1,pre_allocation
583,1287,low_traffic,0,0,65535_65535,0,1,1216534,200,1,1,1,29,200,26,1,1,allocated
583,1287,low_traffic,0,0,65535_65535,1,4,333,0,0,1,0,0,0,28,1,1,pre_allocation
583,1287,low_traffic,0,0,65535_65535,1,4,333,4,1,1,1,1,4,28,1,1,allocated
583,1287,low_traffic,0,0,65535_65535,1,3,333,0,0,1,0,0,0,28,1,1,pre_allocation
583,1287,low_traffic,0,0,65535_65535,1,3,333,4,1,1,1,1,4,28,1,1,allocated
583,1287,low_traffic,0,0,65535_65535,1,4,333,4,0,1,0,1,0,28,1,1,pre_allocation
583,1287,low_traffic,0,0,65535_65535,1,4,333,12,1,1,1,2,12,28,1,1,allocated
583,1287,low_traffic,0,0,65535_65535,1,3,333,4,0,1,0,1,0,28,1,1,pre_allocation
583,1287,low_traffic,0,0,65535_65535,1,3,333,12,1,1,1,2,12,28,1,1,allocated
583,1287,low_traffic,0,0,65535_65535,1,4,333,12,0,1,0,2,0,28,1,1,pre_allocation
583,1287,low_traffic,0,0,65535_65535,1,4,333,19,1,1,1,3,19,28,1,1,allocated
583,1287,low_traffic,0,0,65535_65535,1,3,333,12,0,1,0,2,0,28,1,1,pre_allocation
583,1287,low_traffic,0,0,65535_65535,1,3,333,19,1,1,1,3,19,28,1,1,allocated
583,1287,low_traffic,0,0,65535_65535,1,4,333,19,0,1,0,3,0,28,1,1,pre_allocation
583,1287,low_traffic,0,0,65535_65535,1,4,333,27,1,1,1,4,27,28,1,1,allocated
583,1287,low_traffic,0,0,65535_65535,1,3,333,19,0,1,0,3,0,28,1,1,pre_allocation
583,1287,low_traffic,0,0,65535_65535,1,3,333,27,1,1,1,4,27,28,1,1,allocated
583,1287,low_traffic,0,0,65535_65535,1,4,333,27,0,1,0,4,0,28,1,1,pre_allocation
583,1287,low_traffic,0,0,65535_65535,1,4,333,34,1,1,1,5,34,28,1,1,allocated
583,1287,low_traffic,0,0,65535_65535,1,3,333,27,0,1,0,4,0,28,1,1,pre_allocation
583,1287,low_traffic,0,0,65535_65535,1,3,333,34,1,1,1,5,34,28,1,1,allocated
583,1287,low_traffic,0,0,65535_65535,1,4,333,34,0,1,0,5,0,28,1,1,pre_allocation
583,1287,low_traffic,0,0,65535_65535,1,4,333,42,1,1,1,6,42,28,1,1,allocated
583,1287,low_traffic,0,0,65535_65535,1,3,333,34,0,1,0,5,0,28,1,1,pre_allocation
583,1287,low_traffic,0,0,65535_65535,1,3,333,42,1,1,1,6,42,28,1,1,allocated
583,1287,low_traffic,0,0,65535_65535,1,4,333,42,0,1,0,6,0,28,1,1,pre_allocation
583,1287,low_traffic,0,0,65535_65535,1,4,333,50,1,1,1,7,50,28,1,1,allocated
583,1287,low_traffic,0,0,65535_65535,1,3,333,42,0,1,0,6,0,28,1,1,pre_allocation
583,1287,low_traffic,0,0,65535_65535,1,3,333,50,1,1,1,7,50,28,1,1,allocated
583,1287,low_traffic,0,0,65535_65535,1,4,333,50,0,1,0,7,0,28,1,1,pre_allocation
583,1287,low_traffic,0,0,65535_65535,1,4,333,57,1,1,1,8,57,28,1,1,allocated
583,1287,low_traffic,0,0,65535_65535,1,3,333,50,0,1,0,7,0,28,1,1,pre_allocation
583,1287,low_traffic,0,0,65535_65535,1,3,333,57,1,1,1,8,57,28,1,1,allocated
583,1287,low_traffic,0,0,65535_65535,1,4,333,57,0,1,0,8,0,28,1,1,pre_allocation
583,1287,low_traffic,0,0,65535_65535,1,4,333,65,1,1,1,9,65,28,1,1,allocated
583,1287,low_traffic,0,0,65535_65535,1,3,333,57,0,1,0,8,0,28,1,1,pre_allocation
583,1287,low_traffic,0,0,65535_65535,1,3,333,65,1,1,1,9,65,28,1,1,allocated
583,1287,low_traffic,0,0,65535_65535,1,4,333,65,0,1,0,9,0,28,1,1,pre_allocation
583,1287,low_traffic,0,0,65535_65535,1,4,333,72,1,1,1,10,72,28,1,1,allocated
583,1287,low_traffic,0,0,65535_65535,1,3,333,65,0,1,0,9,0,28,1,1,pre_allocation
583,1287,low_traffic,0,0,65535_65535,1,3,333,72,1,1,1,10,72,28,1,1,allocated
583,1287,low_traffic,0,0,65535_65535,1,4,333,72,0,1,0,10,0,28,1,1,pre_allocation
583,1287,low_traffic,0,0,65535_65535,1,4,333,80,1,1,1,11,80,28,1,1,allocated
583,1287,low_traffic,0,0,65535_65535,1,3,333,72,0,1,0,10,0,28,1,1,pre_allocation
583,1287,low_traffic,0,0,65535_65535,1,3,333,80,1,1,1,11,80,28,1,1,allocated
583,1287,low_traffic,0,0,65535_65535,1,4,333,80,0,1,0,11,0,28,1,1,pre_allocation
583,1287,low_traffic,0,0,65535_65535,1,4,333,88,1,1,1,12,88,28,1,1,allocated
583,1287,low_traffic,0,0,65535_65535,1,3,333,80,0,1,0,11,0,28,1,1,pre_allocation
583,1287,low_traffic,0,0,65535_65535,1,3,333,88,1,1,1,12,88,28,1,1,allocated
583,1287,low_traffic,0,0,65535_65535,1,4,333,88,0,1,0,12,0,28,1,1,pre_allocation
583,1287,low_traffic,0,0,65535_65535,1,4,333,95,1,1,1,13,95,28,1,1,allocated
583,1287,low_traffic,0,0,65535_65535,1,3,333,88,0,1,0,12,0,28,1,1,pre_allocation
583,1287,low_traffic,0,0,65535_65535,1,3,333,95,1,1,1,13,95,28,1,1,allocated
583,1287,low_traffic,0,0,65535_65535,1,4,333,95,0,1,0,13,0,28,1,1,pre_allocation
583,1287,low_traffic,0,0,65535_65535,1,4,333,103,1,1,1,14,103,28,1,1,allocated
583,1287,low_traffic,0,0,65535_65535,1,3,333,95,0,1,0,13,0,28,1,1,pre_allocation
583,1287,low_traffic,0,0,65535_65535,1,3,333,103,1,1,1,14,103,28,1,1,allocated
583,1287,low_traffic,0,0,65535_65535,1,4,333,103,0,1,0,14,0,28,1,1,pre_allocation
583,1287,low_traffic,0,0,65535_65535,1,4,333,110,1,1,1,15,110,28,1,1,allocated
583,1287,low_traffic,0,0,65535_65535,1,3,333,103,0,1,0,14,0,28,1,1,pre_allocation
583,1287,low_traffic,0,0,65535_65535,1,3,333,110,1,1,1,15,110,28,1,1,allocated
583,1287,low_traffic,0,0,65535_65535,1,4,333,110,0,1,0,15,0,28,1,1,pre_allocation
583,1287,low_traffic,0,0,65535_65535,1,4,333,118,1,1,1,16,118,28,1,1,allocated
583,1287,low_traffic,0,0,65535_65535,1,3,333,110,0,1,0,15,0,28,1,1,pre_allocation
583,1287,low_traffic,0,0,65535_65535,1,3,333,118,1,1,1,16,118,28,1,1,allocated
583,1287,low_traffic,0,0,65535_65535,1,4,333,118,0,1,0,16,0,28,1,1,pre_allocation
583,1287,low_traffic,0,0,65535_65535,1,4,333,126,1,1,1,17,126,28,1,1,allocated
583,1287,low_traffic,0,0,65535_65535,1,3,333,118,0,1,0,16,0,28,1,1,pre_allocation
583,1287,low_traffic,0,0,65535_65535,1,3,333,126,1,1,1,17,126,28,1,1,allocated
583,1287,low_traffic,0,0,65535_65535,1,4,333,126,0,1,0,17,0,28,1,1,pre_allocation
583,1287,low_traffic,0,0,65535_65535,1,4,333,133,1,1,1,18,133,28,1,1,allocated
583,1287,low_traffic,0,0,65535_65535,1,3,333,126,0,1,0,17,0,28,1,1,pre_allocation
583,1287,low_traffic,0,0,65535_65535,1,3,333,133,1,1,1,18,133,28,1,1,allocated
583,1287,low_traffic,0,0,65535_65535,1,4,333,133,0,1,0,18,0,28,1,1,pre_allocation
583,1287,low_traffic,0,0,65535_65535,1,4,333,141,1,1,1,19,141,28,1,1,allocated
583,1287,low_traffic,0,0,65535_65535,1,3,333,133,0,1,0,18,0,28,1,1,pre_allocation
583,1287,low_traffic,0,0,65535_65535,1,3,333,141,1,1,1,19,141,28,1,1,allocated
583,1287,low_traffic,0,0,65535_65535,1,4,333,141,0,1,0,19,0,28,1,1,pre_allocation
583,1287,low_traffic,0,0,65535_65535,1,4,333,148,1,1,1,20,148,28,1,1,allocated
583,1287,low_traffic,0,0,65535_65535,1,3,333,141,0,1,0,19,0,28,1,1,pre_allocation
583,1287,low_traffic,0,0,65535_65535,1,3,333,148,1,1,1,20,148,28,1,1,allocated
583,1287,low_traffic,0,0,65535_65535,1,4,333,148,0,1,0,20,0,28,1,1,pre_allocation
583,1287,low_traffic,0,0,65535_65535,1,4,333,156,1,1,1,21,156,28,1,1,allocated
583,1287,low_traffic,0,0,65535_65535,1,3,333,148,0,1,0,20,0,28,1,1,pre_allocation
583,1287,low_traffic,0,0,65535_65535,1,3,333,156,1,1,1,21,156,28,1,1,allocated
583,1287,low_traffic,0,0,65535_65535,1,4,333,156,0,1,0,21,0,28,1,1,pre_allocation
583,1287,low_traffic,0,0,65535_65535,1,4,333,163,1,1,1,22,163,28,1,1,allocated
583,1287,low_traffic,0,0,65535_65535,1,3,333,156,0,1,0,21,0,28,1,1,pre_allocation
583,1287,low_traffic,0,0,65535_65535,1,3,333,163,1,1,1,22,163,28,1,1,allocated
583,1287,low_traffic,0,0,65535_65535,1,4,333,163,0,1,0,22,0,28,1,1,pre_allocation
583,1287,low_traffic,0,0,65535_65535,1,4,333,171,1,1,1,23,171,28,1,1,allocated
583,1287,low_traffic,0,0,65535_65535,1,3,333,163,0,1,0,22,0,28,1,1,pre_allocation
583,1287,low_traffic,0,0,65535_65535,1,3,333,171,1,1,1,23,171,28,1,1,allocated
583,1287,low_traffic,0,0,65535_65535,1,4,333,171,0,1,0,23,0,28,1,1,pre_allocation
583,1287,low_traffic,0,0,65535_65535,1,4,333,179,1,1,1,24,179,28,1,1,allocated
583,1287,low_traffic,0,0,65535_65535,1,3,333,171,0,1,0,23,0,28,1,1,pre_allocation
583,1287,low_traffic,0,0,65535_65535,1,3,333,179,1,1,1,24,179,28,1,1,allocated
583,1287,low_traffic,0,0,65535_65535,1,4,333,179,0,1,0,24,0,28,1,1,pre_allocation
583,1287,low_traffic,0,0,65535_65535,1,4,333,186,1,1,1,25,186,28,1,1,allocated
583,1287,low_traffic,0,0,65535_65535,1,3,333,179,0,1,0,24,0,28,1,1,pre_allocation
583,1287,low_traffic,0,0,65535_65535,1,3,333,186,1,1,1,25,186,28,1,1,allocated
583,1287,low_traffic,0,0,65535_65535,1,4,333,186,0,1,0,25,0,28,1,1,pre_allocation
583,1287,low_traffic,0,0,65535_65535,1,4,333,194,1,1,1,26,194,28,1,1,allocated
583,1287,low_traffic,0,0,65535_65535,1,3,333,186,0,1,0,25,0,28,1,1,pre_allocation
583,1287,low_traffic,0,0,65535_65535,1,3,333,194,1,1,1,26,194,28,1,1,allocated
583,1287,low_traffic,0,0,65535_65535,1,4,333,194,0,1,0,26,0,28,1,1,pre_allocation
583,1287,low_traffic,0,0,65535_65535,1,4,333,201,1,1,1,27,201,28,1,1,allocated
583,1287,low_traffic,0,0,65535_65535,1,3,333,194,0,1,0,26,0,28,1,1,pre_allocation
583,1287,low_traffic,0,0,65535_65535,1,3,333,201,1,1,1,27,201,28,1,1,allocated
583,1287,low_traffic,0,0,65535_65535,1,4,333,201,0,1,0,27,0,28,1,1,pre_allocation
583,1287,low_traffic,0,0,65535_65535,1,4,333,209,1,1,1,28,209,28,1,1,allocated
583,1287,low_traffic,0,0,65535_65535,1,3,333,201,0,1,0,27,0,28,1,1,pre_allocation
583,1287,low_traffic,0,0,65535_65535,1,3,333,209,1,1,1,28,209,28,1,1,allocated
583,1287,low_traffic,0,0,65535_65535,1,4,333,209,0,1,0,28,0,28,1,1,pre_allocation
583,1287,low_traffic,0,0,65535_65535,1,4,333,217,1,1,1,29,217,28,1,1,allocated
583,1287,low_traffic,0,0,65535_65535,1,3,333,209,0,1,0,28,0,28,1,1,pre_allocation
583,1287,low_traffic,0,0,65535_65535,1,3,333,217,1,1,1,29,217,28,1,1,allocated
583,1287,low_traffic,0,0,65535_65535,1,4,333,217,0,1,0,29,0,28,1,1,pre_allocation
583,1287,low_traffic,0,0,65535_65535,1,4,333,224,1,1,1,30,224,28,1,1,allocated
583,1287,low_traffic,0,0,65535_65535,1,3,333,217,0,1,0,29,0,28,1,1,pre_allocation
583,1287,low_traffic,0,0,65535_65535,1,3,333,224,1,1,1,30,224,28,1,1,allocated
583,1287,low_traffic,0,0,65535_65535,1,4,333,224,0,1,0,30,0,28,1,1,pre_allocation
583,1287,low_traffic,0,0,65535_65535,1,4,333,232,1,1,1,31,232,28,1,1,allocated
583,1287,low_traffic,0,0,65535_65535,1,3,333,224,0,1,0,30,0,28,1,1,pre_allocation
583,1287,low_traffic,0,0,65535_65535,1,3,333,232,1,1,1,31,232,28,1,1,allocated
583,1287,low_traffic,0,0,65535_65535,1,4,333,232,0,1,0,31,0,28,1,1,pre_allocation
583,1287,low_traffic,0,0,65535_65535,1,4,333,239,1,1,1,32,239,28,1,1,allocated
583,1287,low_traffic,0,0,65535_65535,1,3,333,232,0,1,0,31,0,28,1,1,pre_allocation
583,1287,low_traffic,0,0,65535_65535,1,3,333,239,1,1,1,32,239,28,1,1,allocated
583,1287,low_traffic,0,0,65535_65535,1,4,333,239,0,1,0,32,0,28,1,1,pre_allocation
583,1287,low_traffic,0,0,65535_65535,1,4,333,247,1,1,1,33,247,28,1,1,allocated
583,1287,low_traffic,0,0,65535_65535,1,3,333,239,0,1,0,32,0,28,1,1,pre_allocation
583,1287,low_traffic,0,0,65535_65535,1,3,333,247,1,1,1,33,247,28,1,1,allocated
583,1287,low_traffic,0,0,65535_65535,1,4,333,247,0,1,0,33,0,28,1,1,pre_allocation
583,1287,low_traffic,0,0,65535_65535,1,4,333,255,1,1,1,34,255,28,1,1,allocated
583,1287,low_traffic,0,0,65535_65535,1,3,333,247,0,1,0,33,0,28,1,1,pre_allocation
583,1287,low_traffic,0,0,65535_65535,1,3,333,255,1,1,1,34,255,28,1,1,allocated
583,1287,low_traffic,0,0,65535_65535,1,4,333,255,0,1,0,34,0,28,1,1,pre_allocation
583,1287,low_traffic,0,0,65535_65535,1,4,333,262,1,1,1,35,262,28,1,1,allocated
583,1287,low_traffic,0,0,65535_65535,1,3,333,255,0,1,0,34,0,28,1,1,pre_allocation
583,1287,low_traffic,0,0,65535_65535,1,3,333,262,1,1,1,35,262,28,1,1,allocated
583,1287,low_traffic,0,0,65535_65535,1,4,333,262,0,1,0,35,0,28,1,1,pre_allocation
583,1287,low_traffic,0,0,65535_65535,1,4,333,270,1,1,1,36,270,28,1,1,allocated
583,1287,low_traffic,0,0,65535_65535,1,3,333,262,0,1,0,35,0,28,1,1,pre_allocation
583,1287,low_traffic,0,0,65535_65535,1,3,333,270,1,1,1,36,270,28,1,1,allocated
583,1287,low_traffic,0,0,65535_65535,1,4,333,270,0,1,0,36,0,28,1,1,pre_allocation
583,1287,low_traffic,0,0,65535_65535,1,4,333,277,1,1,1,37,277,28,1,1,allocated
583,1287,low_traffic,0,0,65535_65535,1,3,333,270,0,1,0,36,0,28,1,1,pre_allocation
583,1287,low_traffic,0,0,65535_65535,1,3,333,277,1,1,1,37,277,28,1,1,allocated
583,1287,low_traffic,0,0,65535_65535,1,4,333,277,0,1,0,37,0,28,1,1,pre_allocation
583,1287,low_traffic,0,0,65535_65535,1,4,333,285,1,1,1,38,285,28,1,1,allocated
583,1287,low_traffic,0,0,65535_65535,1,3,333,277,0,1,0,37,0,28,1,1,pre_allocation
583,1287,low_traffic,0,0,65535_65535,1,3,333,285,1,1,1,38,285,28,1,1,allocated
583,1287,low_traffic,0,0,65535_65535,1,4,333,285,0,1,0,38,0,28,1,1,pre_allocation
583,1287,low_traffic,0,0,65535_65535,1,4,333,293,1,1,1,39,293,28,1,1,allocated
583,1287,low_traffic,0,0,65535_65535,1,3,333,285,0,1,0,38,0,28,1,1,pre_allocation
583,1287,low_traffic,0,0,65535_65535,1,3,333,293,1,1,1,39,293,28,1,1,allocated
583,1287,low_traffic,0,0,65535_65535,1,4,333,293,0,1,0,39,0,28,1,1,pre_allocation
583,1287,low_traffic,0,0,65535_65535,1,4,333,300,1,1,1,40,300,28,1,1,allocated
583,1287,low_traffic,0,0,65535_65535,1,3,333,293,0,1,0,39,0,28,1,1,pre_allocation
583,1287,low_traffic,0,0,65535_65535,1,3,333,300,1,1,1,40,300,28,1,1,allocated
583,1287,low_traffic,0,0,65535_65535,1,4,333,300,0,1,0,40,0,28,1,1,pre_allocation
583,1287,low_traffic,0,0,65535_65535,1,4,333,308,1,1,1,41,308,28,1,1,allocated
583,1287,low_traffic,0,0,65535_65535,1,3,333,300,0,1,0,40,0,28,1,1,pre_allocation
583,1287,low_traffic,0,0,65535_65535,1,3,333,308,1,1,1,41,308,28,1,1,allocated
583,1287,low_traffic,0,0,65535_65535,1,4,333,308,0,1,0,41,0,28,1,1,pre_allocation
583,1287,low_traffic,0,0,65535_65535,1,4,333,315,1,1,1,42,315,28,1,1,allocated
583,1287,low_traffic,0,0,65535_65535,1,3,333,308,0,1,0,41,0,28,1,1,pre_allocation
583,1287,low_traffic,0,0,65535_65535,1,3,333,315,1,1,1,42,315,28,1,1,allocated
583,1287,low_traffic,0,0,65535_65535,1,4,333,315,0,1,0,42,0,28,1,1,pre_allocation
583,1287,low_traffic,0,0,65535_65535,1,4,333,323,1,1,1,43,323,28,1,1,allocated
583,1287,low_traffic,0,0,65535_65535,1,3,333,315,0,1,0,42,0,28,1,1,pre_allocation
583,1287,low_traffic,0,0,65535_65535,1,3,333,323,1,1,1,43,323,28,1,1,allocated
583,1287,low_traffic,0,0,65535_65535,1,4,333,323,0,1,0,43,0,28,1,1,pre_allocation
583,1287,low_traffic,0,0,65535_65535,1,4,333,330,1,1,1,44,330,28,1,1,allocated
583,1287,low_traffic,0,0,65535_65535,1,3,333,323,0,1,0,43,0,28,1,1,pre_allocation
583,1287,low_traffic,0,0,65535_65535,1,3,333,330,1,1,1,44,330,28,1,1,allocated
583,1287,low_traffic,0,0,65535_65535,1,4,333,330,0,1,0,44,0,28,1,1,pre_allocation
583,1287,low_traffic,0,0,65535_65535,1,4,333,338,1,1,1,45,338,28,1,1,allocated
583,1287,low_traffic,0,0,65535_65535,1,3,333,330,0,1,0,44,0,28,1,1,pre_allocation
583,1287,low_traffic,0,0,65535_65535,1,3,333,338,1,1,1,45,338,28,1,1,allocated
583,1287,low_traffic,0,0,65535_65535,1,4,333,338,0,1,0,45,0,28,1,1,pre_allocation
583,1287,low_traffic,0,0,65535_65535,1,4,333,346,1,1,1,46,346,28,1,1,allocated
583,1287,low_traffic,0,0,65535_65535,1,3,333,338,0,1,0,45,0,28,1,1,pre_allocation
583,1287,low_traffic,0,0,65535_65535,1,3,333,346,1,1,1,46,346,28,1,1,allocated
583,1287,low_traffic,0,0,65535_65535,1,4,333,346,0,1,0,46,0,28,1,1,pre_allocation
583,1287,low_traffic,0,0,65535_65535,1,4,333,353,1,1,1,47,353,28,1,1,allocated
583,1287,low_traffic,0,0,65535_65535,1,3,333,346,0,1,0,46,0,28,1,1,pre_allocation
583,1287,low_traffic,0,0,65535_65535,1,3,333,353,1,1,1,47,353,28,1,1,allocated
583,1287,low_traffic,0,0,65535_65535,1,4,333,353,0,1,0,47,0,28,1,1,pre_allocation
583,1287,low_traffic,0,0,65535_65535,1,4,333,361,1,1,1,48,361,28,1,1,allocated
583,1287,low_traffic,0,0,65535_65535,1,3,333,353,0,1,0,47,0,28,1,1,pre_allocation
583,1287,low_traffic,0,0,65535_65535,1,3,333,361,1,1,1,48,361,28,1,1,allocated
583,1287,low_traffic,0,0,65535_65535,1,4,333,361,0,1,0,48,0,28,1,1,pre_allocation
583,1287,low_traffic,0,0,65535_65535,1,4,333,368,1,1,1,49,368,28,1,1,allocated
583,1287,low_traffic,0,0,65535_65535,1,3,333,361,0,1,0,48,0,28,1,1,pre_allocation
583,1287,low_traffic,0,0,65535_65535,1,3,333,368,1,1,1,49,368,28,1,1,allocated
583,1287,low_traffic,0,0,65535_65535,1,4,333,368,0,1,0,49,0,28,1,1,pre_allocation
583,1287,low_traffic,0,0,65535_65535,1,4,333,376,1,1,1,50,376,28,1,1,allocated
583,1287,low_traffic,0,0,65535_65535,1,3,333,368,0,1,0,49,0,28,1,1,pre_allocation
583,1287,low_traffic,0,0,65535_65535,1,3,333,376,1,1,1,50,376,28,1,1,allocated
583,1287,low_traffic,0,0,65535_65535,1,4,333,376,0,1,0,50,0,28,1,1,pre_allocation
583,1287,low_traffic,0,0,65535_65535,1,4,333,384,1,1,1,51,384,28,1,1,allocated
583,1287,low_traffic,0,0,65535_65535,1,3,333,376,0,1,0,50,0,28,1,1,pre_allocation
583,1287,low_traffic,0,0,65535_65535,1,3,333,384,1,1,1,51,384,28,1,1,allocated
583,1287,low_traffic,0,0,65535_65535,1,4,333,384,0,1,0,51,0,28,1,1,pre_allocation
583,1287,low_traffic,0,0,65535_65535,1,4,333,391,1,1,1,52,391,28,1,1,allocated
583,1287,low_traffic,0,0,65535_65535,1,3,333,384,0,1,0,51,0,28,1,1,pre_allocation
583,1287,low_traffic,0,0,65535_65535,1,3,333,391,1,1,1,52,391,28,1,1,allocated
583,1287,low_traffic,0,0,65535_65535,1,4,333,391,0,1,0,52,0,28,1,1,pre_allocation
583,1287,low_traffic,0,0,65535_65535,1,4,333,399,1,1,1,53,399,28,1,1,allocated
583,1287,low_traffic,0,0,65535_65535,1,3,333,391,0,1,0,52,0,28,1,1,pre_allocation
583,1287,low_traffic,0,0,65535_65535,1,3,333,399,1,1,1,53,399,28,1,1,allocated
583,1287,low_traffic,0,0,65535_65535,1,4,333,399,0,1,0,53,0,28,1,1,pre_allocation
583,1287,low_traffic,0,0,65535_65535,1,4,333,406,1,1,1,54,406,28,1,1,allocated
583,1287,low_traffic,0,0,65535_65535,1,3,333,399,0,1,0,53,0,28,1,1,pre_allocation
583,1287,low_traffic,0,0,65535_65535,1,3,333,406,1,1,1,54,406,28,1,1,allocated
583,1287,low_traffic,0,0,65535_65535,1,4,333,406,0,1,0,54,0,28,1,1,pre_allocation
583,1287,low_traffic,0,0,65535_65535,1,4,333,414,1,1,1,55,414,28,1,1,allocated
583,1287,low_traffic,0,0,65535_65535,1,3,333,406,0,1,0,54,0,28,1,1,pre_allocation
583,1287,low_traffic,0,0,65535_65535,1,3,333,414,1,1,1,55,414,28,1,1,allocated
583,1287,low_traffic,0,0,65535_65535,1,4,333,414,0,1,0,55,0,28,1,1,pre_allocation
583,1287,low_traffic,0,0,65535_65535,1,4,333,422,1,1,1,56,422,28,1,1,allocated
583,1287,low_traffic,0,0,65535_65535,1,3,333,414,0,1,0,55,0,28,1,1,pre_allocation
583,1287,low_traffic,0,0,65535_65535,1,3,333,422,1,1,1,56,422,28,1,1,allocated
583,1287,low_traffic,0,0,65535_65535,1,4,333,422,0,1,0,56,0,28,1,1,pre_allocation
583,1287,low_traffic,0,0,65535_65535,1,4,333,429,1,1,1,57,429,28,1,1,allocated
583,1287,low_traffic,0,0,65535_65535,1,3,333,422,0,1,0,56,0,28,1,1,pre_allocation
583,1287,low_traffic,0,0,65535_65535,1,3,333,429,1,1,1,57,429,28,1,1,allocated
583,1287,low_traffic,0,0,65535_65535,1,4,333,429,0,1,0,57,0,28,1,1,pre_allocation
583,1287,low_traffic,0,0,65535_65535,1,4,333,437,1,1,1,58,437,28,1,1,allocated
583,1287,low_traffic,0,0,65535_65535,1,3,333,429,0,1,0,57,0,28,1,1,pre_allocation
583,1287,low_traffic,0,0,65535_65535,1,3,333,437,1,1,1,58,437,28,1,1,allocated
583,1287,low_traffic,0,0,65535_65535,1,4,333,437,0,1,0,58,0,28,1,1,pre_allocation
583,1287,low_traffic,0,0,65535_65535,1,4,333,444,1,1,1,59,444,28,1,1,allocated
583,1287,low_traffic,0,0,65535_65535,1,3,333,437,0,1,0,58,0,28,1,1,pre_allocation
583,1287,low_traffic,0,0,65535_65535,1,3,333,444,1,1,1,59,444,28,1,1,allocated
583,1287,low_traffic,0,0,65535_65535,1,4,333,444,0,1,0,59,0,28,1,1,pre_allocation
583,1287,low_traffic,0,0,65535_65535,1,4,333,452,1,1,1,60,452,28,1,1,allocated
583,1287,low_traffic,0,0,65535_65535,1,3,333,444,0,1,0,59,0,28,1,1,pre_allocation
583,1287,low_traffic,0,0,65535_65535,1,3,333,452,1,1,1,60,452,28,1,1,allocated
583,1287,low_traffic,0,0,65535_65535,1,4,333,452,0,1,0,60,0,28,1,1,pre_allocation
583,1287,low_traffic,0,0,65535_65535,1,4,333,459,1,1,1,61,459,28,1,1,allocated
583,1287,low_traffic,0,0,65535_65535,1,3,333,452,0,1,0,60,0,28,1,1,pre_allocation
583,1287,low_traffic,0,0,65535_65535,1,3,333,459,1,1,1,61,459,28,1,1,allocated
583,1287,low_traffic,0,0,65535_65535,1,4,333,459,0,1,0,61,0,28,1,1,pre_allocation
583,1287,low_traffic,0,0,65535_65535,1,4,333,467,1,1,1,62,467,28,1,1,allocated
583,1287,low_traffic,0,0,65535_65535,1,3,333,459,0,1,0,61,0,28,1,1,pre_allocation
583,1287,low_traffic,0,0,65535_65535,1,3,333,467,1,1,1,62,467,28,1,1,allocated
583,1287,low_traffic,0,0,65535_65535,1,4,333,467,0,1,0,62,0,28,1,1,pre_allocation
583,1287,low_traffic,0,0,65535_65535,1,4,333,475,1,1,1,63,475,28,1,1,allocated
583,1287,low_traffic,0,0,65535_65535,1,3,333,467,0,1,0,62,0,28,1,1,pre_allocation
583,1287,low_traffic,0,0,65535_65535,1,3,333,475,1,1,1,63,475,28,1,1,allocated
583,1287,low_traffic,0,0,65535_65535,1,4,333,475,0,1,0,63,0,28,1,1,pre_allocation
583,1287,low_traffic,0,0,65535_65535,1,4,333,482,1,1,1,64,482,28,1,1,allocated
583,1287,low_traffic,0,0,65535_65535,1,3,333,475,0,1,0,63,0,28,1,1,pre_allocation
583,1287,low_traffic,0,0,65535_65535,1,3,333,482,1,1,1,64,482,28,1,1,allocated
583,1287,low_traffic,0,0,65535_65535,1,4,333,482,0,1,0,64,0,28,1,1,pre_allocation
583,1287,low_traffic,0,0,65535_65535,1,4,333,490,1,1,1,65,490,28,1,1,allocated
583,1287,low_traffic,0,0,65535_65535,1,3,333,482,0,1,0,64,0,28,1,1,pre_allocation
583,1287,low_traffic,0,0,65535_65535,1,3,333,490,1,1,1,65,490,28,1,1,allocated
583,1287,low_traffic,0,0,65535_65535,1,4,333,490,0,1,0,65,0,28,1,1,pre_allocation
583,1287,low_traffic,0,0,65535_65535,1,4,333,497,1,1,1,66,497,28,1,1,allocated
583,1287,low_traffic,0,0,65535_65535,1,3,333,490,0,1,0,65,0,28,1,1,pre_allocation
583,1287,low_traffic,0,0,65535_65535,1,3,333,497,1,1,1,66,497,28,1,1,allocated
583,1287,low_traffic,0,0,65535_65535,1,4,333,497,0,1,0,66,0,28,1,1,pre_allocation
583,1287,low_traffic,0,0,65535_65535,1,4,333,505,1,1,1,67,505,28,1,1,allocated
583,1287,low_traffic,0,0,65535_65535,1,3,333,497,0,1,0,66,0,28,1,1,pre_allocation
583,1287,low_traffic,0,0,65535_65535,1,3,333,505,1,1,1,67,505,28,1,1,allocated
583,1287,low_traffic,0,0,65535_65535,1,4,333,505,0,1,0,67,0,28,1,1,pre_allocation
583,1287,low_traffic,0,0,65535_65535,1,4,333,513,1,1,1,68,513,28,1,1,allocated
583,1287,low_traffic,0,0,65535_65535,1,3,333,505,0,1,0,67,0,28,1,1,pre_allocation
583,1287,low_traffic,0,0,65535_65535,1,3,333,513,1,1,1,68,513,28,1,1,allocated
583,1287,low_traffic,0,0,65535_65535,1,4,333,513,0,1,0,68,0,28,1,1,pre_allocation
583,1287,low_traffic,0,0,65535_65535,1,4,333,520,1,1,1,69,520,28,1,1,allocated
583,1287,low_traffic,0,0,65535_65535,1,3,333,513,0,1,0,68,0,28,1,1,pre_allocation
583,1287,low_traffic,0,0,65535_65535,1,3,333,520,1,1,1,69,520,28,1,1,allocated
583,1287,low_traffic,0,0,65535_65535,1,4,333,520,0,1,0,69,0,28,1,1,pre_allocation
583,1287,low_traffic,0,0,65535_65535,1,4,333,528,1,1,1,70,528,28,1,1,allocated
583,1287,low_traffic,0,0,65535_65535,1,3,333,520,0,1,0,69,0,28,1,1,pre_allocation
583,1287,low_traffic,0,0,65535_65535,1,3,333,528,1,1,1,70,528,28,1,1,allocated
583,1287,low_traffic,0,0,65535_65535,1,4,333,528,0,1,0,70,0,28,1,1,pre_allocation
583,1287,low_traffic,0,0,65535_65535,1,4,333,535,1,1,1,71,535,28,1,1,allocated
583,1287,low_traffic,0,0,65535_65535,1,3,333,528,0,1,0,70,0,28,1,1,pre_allocation
583,1287,low_traffic,0,0,65535_65535,1,3,333,535,1,1,1,71,535,28,1,1,allocated
583,1287,low_traffic,0,0,65535_65535,1,4,333,535,0,1,0,71,0,28,1,1,pre_allocation
583,1287,low_traffic,0,0,65535_65535,1,4,333,543,1,1,1,72,543,28,1,1,allocated
583,1287,low_traffic,0,0,65535_65535,1,3,333,535,0,1,0,71,0,28,1,1,pre_allocation
583,1287,low_traffic,0,0,65535_65535,1,3,333,543,1,1,1,72,543,28,1,1,allocated
583,1287,low_traffic,0,0,65535_65535,1,4,333,543,0,1,0,72,0,28,1,1,pre_allocation
583,1287,low_traffic,0,0,65535_65535,1,4,333,551,1,1,1,73,551,28,1,1,allocated
583,1287,low_traffic,0,0,65535_65535,1,3,333,543,0,1,0,72,0,28,1,1,pre_allocation
583,1287,low_traffic,0,0,65535_65535,1,3,333,551,1,1,1,73,551,28,1,1,allocated
583,1287,low_traffic,0,0,65535_65535,1,4,333,551,0,1,0,73,0,28,1,1,pre_allocation
583,1287,low_traffic,0,0,65535_65535,1,4,333,558,1,1,1,74,558,28,1,1,allocated
583,1287,low_traffic,0,0,65535_65535,1,3,333,551,0,1,0,73,0,28,1,1,pre_allocation
583,1287,low_traffic,0,0,65535_65535,1,3,333,558,1,1,1,74,558,28,1,1,allocated
583,1287,low_traffic,0,0,65535_65535,1,4,333,558,0,1,0,74,0,28,1,1,pre_allocation
583,1287,low_traffic,0,0,65535_65535,1,4,333,566,1,1,1,75,566,28,1,1,allocated
583,1287,low_traffic,0,0,65535_65535,1,3,333,558,0,1,0,74,0,28,1,1,pre_allocation
583,1287,low_traffic,0,0,65535_65535,1,3,333,566,1,1,1,75,566,28,1,1,allocated
583,1287,low_traffic,0,0,65535_65535,1,4,333,566,0,1,0,75,0,28,1,1,pre_allocation
583,1287,low_traffic,0,0,65535_65535,1,4,333,573,1,1,1,76,573,28,1,1,allocated
583,1287,low_traffic,0,0,65535_65535,1,3,333,566,0,1,0,75,0,28,1,1,pre_allocation
583,1287,low_traffic,0,0,65535_65535,1,3,333,573,1,1,1,76,573,28,1,1,allocated
583,1287,low_traffic,0,0,65535_65535,1,4,333,573,0,1,0,76,0,28,1,1,pre_allocation
583,1287,low_traffic,0,0,65535_65535,1,4,333,581,1,1,1,77,581,28,1,1,allocated
583,1287,low_traffic,0,0,65535_65535,1,3,333,573,0,1,0,76,0,28,1,1,pre_allocation
583,1287,low_traffic,0,0,65535_65535,1,3,333,581,1,1,1,77,581,28,1,1,allocated
583,1287,low_traffic,0,0,65535_65535,1,4,333,581,0,1,0,77,0,28,1,1,pre_allocation
583,1287,low_traffic,0,0,65535_65535,1,4,333,589,1,1,1,78,589,28,1,1,allocated
583,1287,low_traffic,0,0,65535_65535,1,3,333,581,0,1,0,77,0,28,1,1,pre_allocation
583,1287,low_traffic,0,0,65535_65535,1,3,333,589,1,1,1,78,589,28,1,1,allocated
583,1287,low_traffic,0,0,65535_65535,1,4,333,589,0,1,0,78,0,28,1,1,pre_allocation
583,1287,low_traffic,0,0,65535_65535,1,4,333,596,1,1,1,79,596,28,1,1,allocated
583,1287,low_traffic,0,0,65535_65535,1,3,333,589,0,1,0,78,0,28,1,1,pre_allocation
583,1287,low_traffic,0,0,65535_65535,1,3,333,596,1,1,1,79,596,28,1,1,allocated
583,1287,low_traffic,0,0,65535_65535,1,4,333,596,0,1,0,79,0,28,1,1,pre_allocation
583,1287,low_traffic,0,0,65535_65535,1,4,333,604,1,1,1,80,604,28,1,1,allocated
583,1287,low_traffic,0,0,65535_65535,1,3,333,596,0,1,0,79,0,28,1,1,pre_allocation
583,1287,low_traffic,0,0,65535_65535,1,3,333,604,1,1,1,80,604,28,1,1,allocated
583,1287,low_traffic,0,0,65535_65535,1,4,333,604,0,1,0,80,0,28,1,1,pre_allocation
583,1287,low_traffic,0,0,65535_65535,1,4,333,611,1,1,1,81,611,28,1,1,allocated
583,1287,low_traffic,0,0,65535_65535,1,3,333,604,0,1,0,80,0,28,1,1,pre_allocation
583,1287,low_traffic,0,0,65535_65535,1,3,333,611,1,1,1,81,611,28,1,1,allocated
583,1287,low_traffic,0,0,65535_65535,1,4,333,611,0,1,0,81,0,28,1,1,pre_allocation
583,1287,low_traffic,0,0,65535_65535,1,4,333,619,1,1,1,82,619,28,1,1,allocated
583,1287,low_traffic,0,0,65535_65535,1,3,333,611,0,1,0,81,0,28,1,1,pre_allocation
583,1287,low_traffic,0,0,65535_65535,1,3,333,619,1,1,1,82,619,28,1,1,allocated
583,1287,low_traffic,0,0,65535_65535,1,4,333,619,0,1,0,82,0,28,1,1,pre_allocation
583,1287,low_traffic,0,0,65535_65535,1,4,333,626,1,1,1,83,626,28,1,1,allocated
583,1287,low_traffic,0,0,65535_65535,1,3,333,619,0,1,0,82,0,28,1,1,pre_allocation
583,1287,low_traffic,0,0,65535_65535,1,3,333,626,1,1,1,83,626,28,1,1,allocated
583,1287,low_traffic,0,0,65535_65535,1,4,333,626,0,1,0,83,0,28,1,1,pre_allocation
583,1287,low_traffic,0,0,65535_65535,1,4,333,634,1,1,1,84,634,28,1,1,allocated
583,1287,low_traffic,0,0,65535_65535,1,3,333,626,0,1,0,83,0,28,1,1,pre_allocation
583,1287,low_traffic,0,0,65535_65535,1,3,333,634,1,1,1,84,634,28,1,1,allocated
583,1287,low_traffic,0,0,65535_65535,1,4,333,634,0,1,0,84,0,28,1,1,pre_allocation
583,1287,low_traffic,0,0,65535_65535,1,4,333,642,1,1,1,85,642,28,1,1,allocated
583,1287,low_traffic,0,0,65535_65535,1,3,333,634,0,1,0,84,0,28,1,1,pre_allocation
583,1287,low_traffic,0,0,65535_65535,1,3,333,642,1,1,1,85,642,28,1,1,allocated
583,1287,low_traffic,0,0,65535_65535,1,4,333,642,0,1,0,85,0,28,1,1,pre_allocation
583,1287,low_traffic,0,0,65535_65535,1,4,333,649,1,1,1,86,649,28,1,1,allocated
583,1287,low_traffic,0,0,65535_65535,1,3,333,642,0,1,0,85,0,28,1,1,pre_allocation
583,1287,low_traffic,0,0,65535_65535,1,3,333,649,1,1,1,86,649,28,1,1,allocated
583,1287,low_traffic,0,0,65535_65535,1,4,333,649,0,1,0,86,0,28,1,1,pre_allocation
583,1287,low_traffic,0,0,65535_65535,1,4,333,657,1,1,1,87,657,28,1,1,allocated
583,1287,low_traffic,0,0,65535_65535,1,3,333,649,0,1,0,86,0,28,1,1,pre_allocation
583,1287,low_traffic,0,0,65535_65535,1,3,333,657,1,1,1,87,657,28,1,1,allocated
583,1287,low_traffic,0,0,65535_65535,1,4,333,657,0,1,0,87,0,28,1,1,pre_allocation
583,1287,low_traffic,0,0,65535_65535,1,4,333,664,1,1,1,88,664,28,1,1,allocated
583,1287,low_traffic,0,0,65535_65535,1,3,333,657,0,1,0,87,0,28,1,1,pre_allocation
583,1287,low_traffic,0,0,65535_65535,1,3,333,664,1,1,1,88,664,28,1,1,allocated
583,1287,low_traffic,0,0,65535_65535,1,4,333,664,0,1,0,88,0,28,1,1,pre_allocation
583,1287,low_traffic,0,0,65535_65535,1,4,333,672,1,1,1,89,672,28,1,1,allocated
583,1287,low_traffic,0,0,65535_65535,1,3,333,664,0,1,0,88,0,28,1,1,pre_allocation
583,1287,low_traffic,0,0,65535_65535,1,3,333,672,1,1,1,89,672,28,1,1,allocated
583,1287,low_traffic,0,0,65535_65535,1,4,333,672,0,1,0,89,0,28,1,1,pre_allocation
583,1287,low_traffic,0,0,65535_65535,1,4,333,680,1,1,1,90,680,28,1,1,allocated
583,1287,low_traffic,0,0,65535_65535,1,3,333,672,0,1,0,89,0,28,1,1,pre_allocation
583,1287,low_traffic,0,0,65535_65535,1,3,333,680,1,1,1,90,680,28,1,1,allocated
583,1287,low_traffic,0,0,65535_65535,1,4,333,680,0,1,0,90,0,28,1,1,pre_allocation
583,1287,low_traffic,0,0,65535_65535,1,4,333,687,1,1,1,91,687,28,1,1,allocated
583,1287,low_traffic,0,0,65535_65535,1,3,333,680,0,1,0,90,0,28,1,1,pre_allocation
583,1287,low_traffic,0,0,65535_65535,1,3,333,687,1,1,1,91,687,28,1,1,allocated
583,1287,low_traffic,0,0,65535_65535,1,4,333,687,0,1,0,91,0,28,1,1,pre_allocation
583,1287,low_traffic,0,0,65535_65535,1,4,333,695,1,1,1,92,695,28,1,1,allocated
583,1287,low_traffic,0,0,65535_65535,1,3,333,687,0,1,0,91,0,28,1,1,pre_allocation
583,1287,low_traffic,0,0,65535_65535,1,3,333,695,1,1,1,92,695,28,1,1,allocated
583,1287,low_traffic,0,0,65535_65535,1,4,333,695,0,1,0,92,0,28,1,1,pre_allocation
583,1287,low_traffic,0,0,65535_65535,1,4,333,702,1,1,1,93,702,28,1,1,allocated
583,1287,low_traffic,0,0,65535_65535,1,3,333,695,0,1,0,92,0,28,1,1,pre_allocation
583,1287,low_traffic,0,0,65535_65535,1,3,333,702,1,1,1,93,702,28,1,1,allocated
583,1287,low_traffic,0,0,65535_65535,1,4,333,702,0,1,0,93,0,28,1,1,pre_allocation
583,1287,low_traffic,0,0,65535_65535,1,4,333,710,1,1,1,94,710,28,1,1,allocated
583,1287,low_traffic,0,0,65535_65535,1,3,333,702,0,1,0,93,0,28,1,1,pre_allocation
583,1287,low_traffic,0,0,65535_65535,1,3,333,710,1,1,1,94,710,28,1,1,allocated
583,1287,low_traffic,0,0,65535_65535,1,4,333,710,0,1,0,94,0,28,1,1,pre_allocation
583,1287,low_traffic,0,0,65535_65535,1,4,333,718,1,1,1,95,718,28,1,1,allocated
583,1287,low_traffic,0,0,65535_65535,1,3,333,710,0,1,0,94,0,28,1,1,pre_allocation
583,1287,low_traffic,0,0,65535_65535,1,3,333,718,1,1,1,95,718,28,1,1,allocated
583,1287,low_traffic,0,0,65535_65535,1,4,333,718,0,1,0,95,0,28,1,1,pre_allocation
583,1287,low_traffic,0,0,65535_65535,1,4,333,725,1,1,1,96,725,28,1,1,allocated
583,1287,low_traffic,0,0,65535_65535,1,3,333,718,0,1,0,95,0,28,1,1,pre_allocation
583,1287,low_traffic,0,0,65535_65535,1,3,333,725,1,1,1,96,725,28,1,1,allocated
583,1287,low_traffic,0,0,65535_65535,1,4,333,725,0,1,0,96,0,28,1,1,pre_allocation
583,1287,low_traffic,0,0,65535_65535,1,4,333,733,1,1,1,97,733,28,1,1,allocated
583,1287,low_traffic,0,0,65535_65535,1,3,333,725,0,1,0,96,0,28,1,1,pre_allocation
583,1287,low_traffic,0,0,65535_65535,1,3,333,733,1,1,1,97,733,28,1,1,allocated
583,1287,low_traffic,0,0,65535_65535,1,4,333,733,0,1,0,97,0,28,1,1,pre_allocation
583,1287,low_traffic,0,0,65535_65535,1,4,333,740,1,1,1,98,740,28,1,1,allocated
583,1287,low_traffic,0,0,65535_65535,1,3,333,733,0,1,0,97,0,28,1,1,pre_allocation
583,1287,low_traffic,0,0,65535_65535,1,3,333,740,1,1,1,98,740,28,1,1,allocated
583,1287,low_traffic,0,0,65535_65535,1,4,333,740,0,1,0,98,0,28,1,1,pre_allocation
583,1287,low_traffic,0,0,65535_65535,1,4,333,748,1,1,1,99,748,28,1,1,allocated
583,1287,low_traffic,0,0,65535_65535,1,3,333,740,0,1,0,98,0,28,1,1,pre_allocation
583,1287,low_traffic,0,0,65535_65535,1,3,333,748,1,1,1,99,748,28,1,1,allocated
583,1287,low_traffic,0,0,65535_65535,1,4,333,748,0,1,0,99,0,28,1,1,pre_allocation
583,1287,low_traffic,0,0,65535_65535,1,4,333,756,1,1,1,100,756,28,1,1,allocated
583,1287,low_traffic,0,0,65535_65535,1,3,333,748,0,1,0,99,0,28,1,1,pre_allocation
583,1287,low_traffic,0,0,65535_65535,1,3,333,756,1,1,1,100,756,28,1,1,allocated
583,1287,low_traffic,0,0,65535_65535,1,4,333,756,0,1,0,100,0,28,1,1,pre_allocation
583,1287,low_traffic,0,0,65535_65535,1,4,333,763,1,1,1,101,763,28,1,1,allocated
583,1287,low_traffic,0,0,65535_65535,1,3,333,756,0,1,0,100,0,28,1,1,pre_allocation
583,1287,low_traffic,0,0,65535_65535,1,3,333,763,1,1,1,101,763,28,1,1,allocated
583,1287,low_traffic,0,0,65535_65535,1,4,333,763,0,1,0,101,0,28,1,1,pre_allocation
583,1287,low_traffic,0,0,65535_65535,1,4,333,771,1,1,1,102,771,28,1,1,allocated
583,1287,low_traffic,0,0,65535_65535,1,3,333,763,0,1,0,101,0,28,1,1,pre_allocation
583,1287,low_traffic,0,0,65535_65535,1,3,333,771,1,1,1,102,771,28,1,1,allocated
583,1287,low_traffic,0,0,65535_65535,1,4,333,771,0,1,0,102,0,28,1,1,pre_allocation
583,1287,low_traffic,0,0,65535_65535,1,4,333,778,1,1,1,103,778,28,1,1,allocated
583,1287,low_traffic,0,0,65535_65535,1,3,333,771,0,1,0,102,0,28,1,1,pre_allocation
583,1287,low_traffic,0,0,65535_65535,1,3,333,778,1,1,1,103,778,28,1,1,allocated
583,1287,low_traffic,0,0,65535_65535,1,4,333,778,0,1,0,103,0,28,1,1,pre_allocation
583,1287,low_traffic,0,0,65535_65535,1,4,333,786,1,1,1,104,786,28,1,1,allocated
583,1287,low_traffic,0,0,65535_65535,1,3,333,778,0,1,0,103,0,28,1,1,pre_allocation
583,1287,low_traffic,0,0,65535_65535,1,3,333,786,1,1,1,104,786,28,1,1,allocated
653,1385,low_traffic,0,0,65535_65535,0,2,1092362,0,0,1,0,0,0,28,1,1,pre_allocation
653,1385,low_traffic,0,0,65535_65535,0,2,1092362,4,1,1,1,1,4,28,1,1,allocated
653,1385,low_traffic,0,0,65535_65535,0,1,1330891,0,0,1,0,0,0,26,1,1,pre_allocation
653,1385,low_traffic,0,0,65535_65535,0,1,1330891,4,1,1,1,1,4,26,1,1,allocated
653,1385,low_traffic,0,0,65535_65535,0,2,1092362,4,0,1,0,1,0,28,1,1,pre_allocation
653,1385,low_traffic,0,0,65535_65535,0,2,1092362,12,1,1,1,2,12,28,1,1,allocated
653,1385,low_traffic,0,0,65535_65535,0,1,1330891,4,0,1,0,1,0,26,1,1,pre_allocation
653,1385,low_traffic,0,0,65535_65535,0,1,1330891,11,1,1,1,2,11,26,1,1,allocated
653,1385,low_traffic,0,0,65535_65535,0,2,1092362,12,0,1,0,2,0,28,1,1,pre_allocation
653,1385,low_traffic,0,0,65535_65535,0,2,1092362,19,1,1,1,3,19,28,1,1,allocated
653,1385,low_traffic,0,0,65535_65535,0,1,1330891,11,0,1,0,2,0,26,1,1,pre_allocation
653,1385,low_traffic,0,0,65535_65535,0,1,1330891,18,1,1,1,3,18,26,1,1,allocated
653,1385,low_traffic,0,0,65535_65535,0,2,1092362,19,0,1,0,3,0,28,1,1,pre_allocation
653,1385,low_traffic,0,0,65535_65535,0,2,1092362,27,1,1,1,4,27,28,1,1,allocated
653,1385,low_traffic,0,0,65535_65535,0,1,1330891,18,0,1,0,3,0,26,1,1,pre_allocation
653,1385,low_traffic,0,0,65535_65535,0,1,1330891,25,1,1,1,4,25,26,1,1,allocated
653,1385,low_traffic,0,0,65535_65535,0,2,1092362,27,0,1,0,4,0,28,1,1,pre_allocation
653,1385,low_traffic,0,0,65535_65535,0,2,1092362,34,1,1,1,5,34,28,1,1,allocated
653,1385,low_traffic,0,0,65535_65535,0,1,1330891,25,0,1,0,4,0,26,1,1,pre_allocation
653,1385,low_traffic,0,0,65535_65535,0,1,1330891,32,1,1,1,5,32,26,1,1,allocated
653,1385,low_traffic,0,0,65535_65535,0,2,1092362,34,0,1,0,5,0,28,1,1,pre_allocation
653,1385,low_traffic,0,0,65535_65535,0,2,1092362,42,1,1,1,6,42,28,1,1,allocated
653,1385,low_traffic,0,0,65535_65535,0,1,1330891,32,0,1,0,5,0,26,1,1,pre_allocation
653,1385,low_traffic,0,0,65535_65535,0,1,1330891,39,1,1,1,6,39,26,1,1,allocated
653,1385,low_traffic,0,0,65535_65535,0,2,1092362,42,0,1,0,6,0,28,1,1,pre_allocation
653,1385,low_traffic,0,0,65535_65535,0,2,1092362,50,1,1,1,7,50,28,1,1,allocated
653,1385,low_traffic,0,0,65535_65535,0,1,1330891,39,0,1,0,6,0,26,1,1,pre_allocation
653,1385,low_traffic,0,0,65535_65535,0,1,1330891,46,1,1,1,7,46,26,1,1,allocated
653,1385,low_traffic,0,0,65535_65535,0,2,1092362,50,0,1,0,7,0,28,1,1,pre_allocation
653,1385,low_traffic,0,0,65535_65535,0,2,1092362,57,1,1,1,8,57,28,1,1,allocated
653,1385,low_traffic,0,0,65535_65535,0,1,1330891,46,0,1,0,7,0,26,1,1,pre_allocation
653,1385,low_traffic,0,0,65535_65535,0,1,1330891,53,1,1,1,8,53,26,1,1,allocated
653,1385,low_traffic,0,0,65535_65535,0,2,1092362,57,0,1,0,8,0,28,1,1,pre_allocation
653,1385,low_traffic,0,0,65535_65535,0,2,1092362,65,1,1,1,9,65,28,1,1,allocated
653,1385,low_traffic,0,0,65535_65535,0,1,1330891,53,0,1,0,8,0,26,1,1,pre_allocation
653,1385,low_traffic,0,0,65535_65535,0,1,1330891,60,1,1,1,9,60,26,1,1,allocated
653,1385,low_traffic,0,0,65535_65535,0,2,1092362,65,0,1,0,9,0,28,1,1,pre_allocation
653,1385,low_traffic,0,0,65535_65535,0,2,1092362,72,1,1,1,10,72,28,1,1,allocated
653,1385,low_traffic,0,0,65535_65535,0,1,1330891,60,0,1,0,9,0,26,1,1,pre_allocation
653,1385,low_traffic,0,0,65535_65535,0,1,1330891,67,1,1,1,10,67,26,1,1,allocated
653,1385,low_traffic,0,0,65535_65535,0,2,1092362,72,0,1,0,10,0,28,1,1,pre_allocation
653,1385,low_traffic,0,0,65535_65535,0,2,1092362,80,1,1,1,11,80,28,1,1,allocated
653,1385,low_traffic,0,0,65535_65535,0,1,1330891,67,0,1,0,10,0,26,1,1,pre_allocation
653,1385,low_traffic,0,0,65535_65535,0,1,1330891,74,1,1,1,11,74,26,1,1,allocated
653,1385,low_traffic,0,0,65535_65535,0,2,1092362,80,0,1,0,11,0,28,1,1,pre_allocation
653,1385,low_traffic,0,0,65535_65535,0,2,1092362,88,1,1,1,12,88,28,1,1,allocated
653,1385,low_traffic,0,0,65535_65535,0,1,1330891,74,0,1,0,11,0,26,1,1,pre_allocation
653,1385,low_traffic,0,0,65535_65535,0,1,1330891,81,1,1,1,12,81,26,1,1,allocated
653,1385,low_traffic,0,0,65535_65535,0,2,1092362,88,0,1,0,12,0,28,1,1,pre_allocation
653,1385,low_traffic,0,0,65535_65535,0,2,1092362,95,1,1,1,13,95,28,1,1,allocated
653,1385,low_traffic,0,0,65535_65535,0,1,1330891,81,0,1,0,12,0,26,1,1,pre_allocation
653,1385,low_traffic,0,0,65535_65535,0,1,1330891,88,1,1,1,13,88,26,1,1,allocated
653,1385,low_traffic,0,0,65535_65535,0,2,1092362,95,0,1,0,13,0,28,1,1,pre_allocation
653,1385,low_traffic,0,0,65535_65535,0,2,1092362,103,1,1,1,14,103,28,1,1,allocated
653,1385,low_traffic,0,0,65535_65535,0,1,1330891,88,0,1,0,13,0,26,1,1,pre_allocation
653,1385,low_traffic,0,0,65535_65535,0,1,1330891,95,1,1,1,14,95,26,1,1,allocated
653,1385,low_traffic,0,0,65535_65535,0,2,1092362,103,0,1,0,14,0,28,1,1,pre_allocation
653,1385,low_traffic,0,0,65535_65535,0,2,1092362,110,1,1,1,15,110,28,1,1,allocated
653,1385,low_traffic,0,0,65535_65535,0,1,1330891,95,0,1,0,14,0,26,1,1,pre_allocation
653,1385,low_traffic,0,0,65535_65535,0,1,1330891,102,1,1,1,15,102,26,1,1,allocated
653,1385,low_traffic,0,0,65535_65535,0,2,1092362,110,0,1,0,15,0,28,1,1,pre_allocation
653,1385,low_traffic,0,0,65535_65535,0,2,1092362,118,1,1,1,16,118,28,1,1,allocated
653,1385,low_traffic,0,0,65535_65535,0,1,1330891,102,0,1,0,15,0,26,1,1,pre_allocation
653,1385,low_traffic,0,0,65535_65535,0,1,1330891,109,1,1,1,16,109,26,1,1,allocated
653,1385,low_traffic,0,0,65535_65535,0,2,1092362,118,0,1,0,16,0,28,1,1,pre_allocation
653,1385,low_traffic,0,0,65535_65535,0,2,1092362,126,1,1,1,17,126,28,1,1,allocated
653,1385,low_traffic,0,0,65535_65535,0,1,1330891,109,0,1,0,16,0,26,1,1,pre_allocation
653,1385,low_traffic,0,0,65535_65535,0,1,1330891,116,1,1,1,17,116,26,1,1,allocated
653,1385,low_traffic,0,0,65535_65535,0,2,1092362,126,0,1,0,17,0,28,1,1,pre_allocation
653,1385,low_traffic,0,0,65535_65535,0,2,1092362,133,1,1,1,18,133,28,1,1,allocated
653,1385,low_traffic,0,0,65535_65535,0,1,1330891,116,0,1,0,17,0,26,1,1,pre_allocation
653,1385,low_traffic,0,0,65535_65535,0,1,1330891,123,1,1,1,18,123,26,1,1,allocated
653,1385,low_traffic,0,0,65535_65535,0,2,1092362,133,0,1,0,18,0,28,1,1,pre_allocation
653,1385,low_traffic,0,0,65535_65535,0,2,1092362,141,1,1,1,19,141,28,1,1,allocated
653,1385,low_traffic,0,0,65535_65535,0,1,1330891,123,0,1,0,18,0,26,1,1,pre_allocation
653,1385,low_traffic,0,0,65535_65535,0,1,1330891,130,1,1,1,19,130,26,1,1,allocated
653,1385,low_traffic,0,0,65535_65535,0,2,1092362,141,0,1,0,19,0,28,1,1,pre_allocation
653,1385,low_traffic,0,0,65535_65535,0,2,1092362,148,1,1,1,20,148,28,1,1,allocated
653,1385,low_traffic,0,0,65535_65535,0,1,1330891,130,0,1,0,19,0,26,1,1,pre_allocation
653,1385,low_traffic,0,0,65535_65535,0,1,1330891,137,1,1,1,20,137,26,1,1,allocated
653,1385,low_traffic,0,0,65535_65535,0,2,1092362,148,0,1,0,20,0,28,1,1,pre_allocation
653,1385,low_traffic,0,0,65535_65535,0,2,1092362,156,1,1,1,21,156,28,1,1,allocated
653,1385,low_traffic,0,0,65535_65535,0,1,1330891,137,0,1,0,20,0,26,1,1,pre_allocation
653,1385,low_traffic,0,0,65535_65535,0,1,1330891,144,1,1,1,21,144,26,1,1,allocated
653,1385,low_traffic,0,0,65535_65535,0,2,1092362,156,0,1,0,21,0,28,1,1,pre_allocation
653,1385,low_traffic,0,0,65535_65535,0,2,1092362,163,1,1,1,22,163,28,1,1,allocated
653,1385,low_traffic,0,0,65535_65535,0,1,1330891,144,0,1,0,21,0,26,1,1,pre_allocation
653,1385,low_traffic,0,0,65535_65535,0,1,1330891,151,1,1,1,22,151,26,1,1,allocated
653,1385,low_traffic,0,0,65535_65535,1,4,333,0,0,1,0,0,0,28,1,1,pre_allocation
653,1385,low_traffic,0,0,65535_65535,1,4,333,4,1,1,1,1,4,28,1,1,allocated
653,1385,low_traffic,0,0,65535_65535,1,3,333,0,0,1,0,0,0,28,1,1,pre_allocation
653,1385,low_traffic,0,0,65535_65535,1,3,333,4,1,1,1,1,4,28,1,1,allocated
653,1385,low_traffic,0,0,65535_65535,1,4,333,4,0,1,0,1,0,28,1,1,pre_allocation
653,1385,low_traffic,0,0,65535_65535,1,4,333,12,1,1,1,2,12,28,1,1,allocated
653,1385,low_traffic,0,0,65535_65535,1,3,333,4,0,1,0,1,0,28,1,1,pre_allocation
653,1385,low_traffic,0,0,65535_65535,1,3,333,12,1,1,1,2,12,28,1,1,allocated
653,1385,low_traffic,0,0,65535_65535,1,4,333,12,0,1,0,2,0,28,1,1,pre_allocation
653,1385,low_traffic,0,0,65535_65535,1,4,333,19,1,1,1,3,19,28,1,1,allocated
653,1385,low_traffic,0,0,65535_65535,1,3,333,12,0,1,0,2,0,28,1,1,pre_allocation
653,1385,low_traffic,0,0,65535_65535,1,3,333,19,1,1,1,3,19,28,1,1,allocated
653,1385,low_traffic,0,0,65535_65535,1,4,333,19,0,1,0,3,0,28,1,1,pre_allocation
653,1385,low_traffic,0,0,65535_65535,1,4,333,27,1,1,1,4,27,28,1,1,allocated
653,1385,low_traffic,0,0,65535_65535,1,3,333,19,0,1,0,3,0,28,1,1,pre_allocation
653,1385,low_traffic,0,0,65535_65535,1,3,333,27,1,1,1,4,27,28,1,1,allocated
653,1385,low_traffic,0,0,65535_65535,1,4,333,27,0,1,0,4,0,28,1,1,pre_allocation
653,1385,low_traffic,0,0,65535_65535,1,4,333,34,1,1,1,5,34,28,1,1,allocated
653,1385,low_traffic,0,0,65535_65535,1,3,333,27,0,1,0,4,0,28,1,1,pre_allocation
653,1385,low_traffic,0,0,65535_65535,1,3,333,34,1,1,1,5,34,28,1,1,allocated
653,1385,low_traffic,0,0,65535_65535,1,4,333,34,0,1,0,5,0,28,1,1,pre_allocation
653,1385,low_traffic,0,0,65535_65535,1,4,333,42,1,1,1,6,42,28,1,1,allocated
653,1385,low_traffic,0,0,65535_65535,1,3,333,34,0,1,0,5,0,28,1,1,pre_allocation
653,1385,low_traffic,0,0,65535_65535,1,3,333,42,1,1,1,6,42,28,1,1,allocated
653,1385,low_traffic,0,0,65535_65535,1,4,333,42,0,1,0,6,0,28,1,1,pre_allocation
653,1385,low_traffic,0,0,65535_65535,1,4,333,50,1,1,1,7,50,28,1,1,allocated
653,1385,low_traffic,0,0,65535_65535,1,3,333,42,0,1,0,6,0,28,1,1,pre_allocation
653,1385,low_traffic,0,0,65535_65535,1,3,333,50,1,1,1,7,50,28,1,1,allocated
653,1385,low_traffic,0,0,65535_65535,1,4,333,50,0,1,0,7,0,28,1,1,pre_allocation
653,1385,low_traffic,0,0,65535_65535,1,4,333,57,1,1,1,8,57,28,1,1,allocated
653,1385,low_traffic,0,0,65535_65535,1,3,333,50,0,1,0,7,0,28,1,1,pre_allocation
653,1385,low_traffic,0,0,65535_65535,1,3,333,57,1,1,1,8,57,28,1,1,allocated
653,1385,low_traffic,0,0,65535_65535,1,4,333,57,0,1,0,8,0,28,1,1,pre_allocation
653,1385,low_traffic,0,0,65535_65535,1,4,333,65,1,1,1,9,65,28,1,1,allocated
653,1385,low_traffic,0,0,65535_65535,1,3,333,57,0,1,0,8,0,28,1,1,pre_allocation
653,1385,low_traffic,0,0,65535_65535,1,3,333,65,1,1,1,9,65,28,1,1,allocated
653,1385,low_traffic,0,0,65535_65535,1,4,333,65,0,1,0,9,0,28,1,1,pre_allocation
653,1385,low_traffic,0,0,65535_65535,1,4,333,72,1,1,1,10,72,28,1,1,allocated
653,1385,low_traffic,0,0,65535_65535,1,3,333,65,0,1,0,9,0,28,1,1,pre_allocation
653,1385,low_traffic,0,0,65535_65535,1,3,333,72,1,1,1,10,72,28,1,1,allocated
653,1385,low_traffic,0,0,65535_65535,1,4,333,72,0,1,0,10,0,28,1,1,pre_allocation
653,1385,low_traffic,0,0,65535_65535,1,4,333,80,1,1,1,11,80,28,1,1,allocated
653,1385,low_traffic,0,0,65535_65535,1,3,333,72,0,1,0,10,0,28,1,1,pre_allocation
653,1385,low_traffic,0,0,65535_65535,1,3,333,80,1,1,1,11,80,28,1,1,allocated
653,1385,low_traffic,0,0,65535_65535,1,4,333,80,0,1,0,11,0,28,1,1,pre_allocation
653,1385,low_traffic,0,0,65535_65535,1,4,333,88,1,1,1,12,88,28,1,1,allocated
653,1385,low_traffic,0,0,65535_65535,1,3,333,80,0,1,0,11,0,28,1,1,pre_allocation
653,1385,low_traffic,0,0,65535_65535,1,3,333,88,1,1,1,12,88,28,1,1,allocated
653,1385,low_traffic,0,0,65535_65535,1,4,333,88,0,1,0,12,0,28,1,1,pre_allocation
653,1385,low_traffic,0,0,65535_65535,1,4,333,95,1,1,1,13,95,28,1,1,allocated
653,1385,low_traffic,0,0,65535_65535,1,3,333,88,0,1,0,12,0,28,1,1,pre_allocation
653,1385,low_traffic,0,0,65535_65535,1,3,333,95,1,1,1,13,95,28,1,1,allocated
653,1385,low_traffic,0,0,65535_65535,1,4,333,95,0,1,0,13,0,28,1,1,pre_allocation
653,1385,low_traffic,0,0,65535_65535,1,4,333,103,1,1,1,14,103,28,1,1,allocated
653,1385,low_traffic,0,0,65535_65535,1,3,333,95,0,1,0,13,0,28,1,1,pre_allocation
653,1385,low_traffic,0,0,65535_65535,1,3,333,103,1,1,1,14,103,28,1,1,allocated
653,1385,low_traffic,0,0,65535_65535,1,4,333,103,0,1,0,14,0,28,1,1,pre_allocation
653,1385,low_traffic,0,0,65535_65535,1,4,333,110,1,1,1,15,110,28,1,1,allocated
653,1385,low_traffic,0,0,65535_65535,1,3,333,103,0,1,0,14,0,28,1,1,pre_allocation
653,1385,low_traffic,0,0,65535_65535,1,3,333,110,1,1,1,15,110,28,1,1,allocated
653,1385,low_traffic,0,0,65535_65535,1,4,333,110,0,1,0,15,0,28,1,1,pre_allocation
653,1385,low_traffic,0,0,65535_65535,1,4,333,118,1,1,1,16,118,28,1,1,allocated
653,1385,low_traffic,0,0,65535_65535,1,3,333,110,0,1,0,15,0,28,1,1,pre_allocation
653,1385,low_traffic,0,0,65535_65535,1,3,333,118,1,1,1,16,118,28,1,1,allocated
653,1385,low_traffic,0,0,65535_65535,1,4,333,118,0,1,0,16,0,28,1,1,pre_allocation
653,1385,low_traffic,0,0,65535_65535,1,4,333,126,1,1,1,17,126,28,1,1,allocated
653,1385,low_traffic,0,0,65535_65535,1,3,333,118,0,1,0,16,0,28,1,1,pre_allocation
653,1385,low_traffic,0,0,65535_65535,1,3,333,126,1,1,1,17,126,28,1,1,allocated
653,1385,low_traffic,0,0,65535_65535,1,4,333,126,0,1,0,17,0,28,1,1,pre_allocation
653,1385,low_traffic,0,0,65535_65535,1,4,333,133,1,1,1,18,133,28,1,1,allocated
653,1385,low_traffic,0,0,65535_65535,1,3,333,126,0,1,0,17,0,28,1,1,pre_allocation
653,1385,low_traffic,0,0,65535_65535,1,3,333,133,1,1,1,18,133,28,1,1,allocated
653,1385,low_traffic,0,0,65535_65535,1,4,333,133,0,1,0,18,0,28,1,1,pre_allocation
653,1385,low_traffic,0,0,65535_65535,1,4,333,141,1,1,1,19,141,28,1,1,allocated
653,1385,low_traffic,0,0,65535_65535,1,3,333,133,0,1,0,18,0,28,1,1,pre_allocation
653,1385,low_traffic,0,0,65535_65535,1,3,333,141,1,1,1,19,141,28,1,1,allocated
653,1385,low_traffic,0,0,65535_65535,1,4,333,141,0,1,0,19,0,28,1,1,pre_allocation
653,1385,low_traffic,0,0,65535_65535,1,4,333,148,1,1,1,20,148,28,1,1,allocated
653,1385,low_traffic,0,0,65535_65535,1,3,333,141,0,1,0,19,0,28,1,1,pre_allocation
653,1385,low_traffic,0,0,65535_65535,1,3,333,148,1,1,1,20,148,28,1,1,allocated
653,1385,low_traffic,0,0,65535_65535,1,4,333,148,0,1,0,20,0,28,1,1,pre_allocation
653,1385,low_traffic,0,0,65535_65535,1,4,333,156,1,1,1,21,156,28,1,1,allocated
653,1385,low_traffic,0,0,65535_65535,1,3,333,148,0,1,0,20,0,28,1,1,pre_allocation
653,1385,low_traffic,0,0,65535_65535,1,3,333,156,1,1,1,21,156,28,1,1,allocated
653,1385,low_traffic,0,0,65535_65535,1,4,333,156,0,1,0,21,0,28,1,1,pre_allocation
653,1385,low_traffic,0,0,65535_65535,1,4,333,163,1,1,1,22,163,28,1,1,allocated
653,1385,low_traffic,0,0,65535_65535,1,3,333,156,0,1,0,21,0,28,1,1,pre_allocation
653,1385,low_traffic,0,0,65535_65535,1,3,333,163,1,1,1,22,163,28,1,1,allocated
653,1385,low_traffic,0,0,65535_65535,1,4,333,163,0,1,0,22,0,28,1,1,pre_allocation
653,1385,low_traffic,0,0,65535_65535,1,4,333,171,1,1,1,23,171,28,1,1,allocated
653,1385,low_traffic,0,0,65535_65535,1,3,333,163,0,1,0,22,0,28,1,1,pre_allocation
653,1385,low_traffic,0,0,65535_65535,1,3,333,171,1,1,1,23,171,28,1,1,allocated
653,1385,low_traffic,0,0,65535_65535,1,4,333,171,0,1,0,23,0,28,1,1,pre_allocation
653,1385,low_traffic,0,0,65535_65535,1,4,333,179,1,1,1,24,179,28,1,1,allocated
653,1385,low_traffic,0,0,65535_65535,1,3,333,171,0,1,0,23,0,28,1,1,pre_allocation
653,1385,low_traffic,0,0,65535_65535,1,3,333,179,1,1,1,24,179,28,1,1,allocated
653,1385,low_traffic,0,0,65535_65535,1,4,333,179,0,1,0,24,0,28,1,1,pre_allocation
653,1385,low_traffic,0,0,65535_65535,1,4,333,186,1,1,1,25,186,28,1,1,allocated
653,1385,low_traffic,0,0,65535_65535,1,3,333,179,0,1,0,24,0,28,1,1,pre_allocation
653,1385,low_traffic,0,0,65535_65535,1,3,333,186,1,1,1,25,186,28,1,1,allocated
653,1385,low_traffic,0,0,65535_65535,1,4,333,186,0,1,0,25,0,28,1,1,pre_allocation
653,1385,low_traffic,0,0,65535_65535,1,4,333,194,1,1,1,26,194,28,1,1,allocated
653,1385,low_traffic,0,0,65535_65535,1,3,333,186,0,1,0,25,0,28,1,1,pre_allocation
653,1385,low_traffic,0,0,65535_65535,1,3,333,194,1,1,1,26,194,28,1,1,allocated
653,1385,low_traffic,0,0,65535_65535,1,4,333,194,0,1,0,26,0,28,1,1,pre_allocation
653,1385,low_traffic,0,0,65535_65535,1,4,333,201,1,1,1,27,201,28,1,1,allocated
653,1385,low_traffic,0,0,65535_65535,1,3,333,194,0,1,0,26,0,28,1,1,pre_allocation
653,1385,low_traffic,0,0,65535_65535,1,3,333,201,1,1,1,27,201,28,1,1,allocated
653,1385,low_traffic,0,0,65535_65535,1,4,333,201,0,1,0,27,0,28,1,1,pre_allocation
653,1385,low_traffic,0,0,65535_65535,1,4,333,209,1,1,1,28,209,28,1,1,allocated
653,1385,low_traffic,0,0,65535_65535,1,3,333,201,0,1,0,27,0,28,1,1,pre_allocation
653,1385,low_traffic,0,0,65535_65535,1,3,333,209,1,1,1,28,209,28,1,1,allocated
653,1385,low_traffic,0,0,65535_65535,1,4,333,209,0,1,0,28,0,28,1,1,pre_allocation
653,1385,low_traffic,0,0,65535_65535,1,4,333,217,1,1,1,29,217,28,1,1,allocated
653,1385,low_traffic,0,0,65535_65535,1,3,333,209,0,1,0,28,0,28,1,1,pre_allocation
653,1385,low_traffic,0,0,65535_65535,1,3,333,217,1,1,1,29,217,28,1,1,allocated
653,1385,low_traffic,0,0,65535_65535,1,4,333,217,0,1,0,29,0,28,1,1,pre_allocation
653,1385,low_traffic,0,0,65535_65535,1,4,333,224,1,1,1,30,224,28,1,1,allocated
653,1385,low_traffic,0,0,65535_65535,1,3,333,217,0,1,0,29,0,28,1,1,pre_allocation
653,1385,low_traffic,0,0,65535_65535,1,3,333,224,1,1,1,30,224,28,1,1,allocated
653,1385,low_traffic,0,0,65535_65535,1,4,333,224,0,1,0,30,0,28,1,1,pre_allocation
653,1385,low_traffic,0,0,65535_65535,1,4,333,232,1,1,1,31,232,28,1,1,allocated
653,1385,low_traffic,0,0,65535_65535,1,3,333,224,0,1,0,30,0,28,1,1,pre_allocation
653,1385,low_traffic,0,0,65535_65535,1,3,333,232,1,1,1,31,232,28,1,1,allocated
653,1385,low_traffic,0,0,65535_65535,1,4,333,232,0,1,0,31,0,28,1,1,pre_allocation
653,1385,low_traffic,0,0,65535_65535,1,4,333,239,1,1,1,32,239,28,1,1,allocated
653,1385,low_traffic,0,0,65535_65535,1,3,333,232,0,1,0,31,0,28,1,1,pre_allocation
653,1385,low_traffic,0,0,65535_65535,1,3,333,239,1,1,1,32,239,28,1,1,allocated
653,1385,low_traffic,0,0,65535_65535,1,4,333,239,0,1,0,32,0,28,1,1,pre_allocation
653,1385,low_traffic,0,0,65535_65535,1,4,333,247,1,1,1,33,247,28,1,1,allocated
653,1385,low_traffic,0,0,65535_65535,1,3,333,239,0,1,0,32,0,28,1,1,pre_allocation
653,1385,low_traffic,0,0,65535_65535,1,3,333,247,1,1,1,33,247,28,1,1,allocated
653,1385,low_traffic,0,0,65535_65535,1,4,333,247,0,1,0,33,0,28,1,1,pre_allocation
653,1385,low_traffic,0,0,65535_65535,1,4,333,255,1,1,1,34,255,28,1,1,allocated
653,1385,low_traffic,0,0,65535_65535,1,3,333,247,0,1,0,33,0,28,1,1,pre_allocation
653,1385,low_traffic,0,0,65535_65535,1,3,333,255,1,1,1,34,255,28,1,1,allocated
653,1385,low_traffic,0,0,65535_65535,1,4,333,255,0,1,0,34,0,28,1,1,pre_allocation
653,1385,low_traffic,0,0,65535_65535,1,4,333,262,1,1,1,35,262,28,1,1,allocated
653,1385,low_traffic,0,0,65535_65535,1,3,333,255,0,1,0,34,0,28,1,1,pre_allocation
653,1385,low_traffic,0,0,65535_65535,1,3,333,262,1,1,1,35,262,28,1,1,allocated
653,1385,low_traffic,0,0,65535_65535,1,4,333,262,0,1,0,35,0,28,1,1,pre_allocation
653,1385,low_traffic,0,0,65535_65535,1,4,333,270,1,1,1,36,270,28,1,1,allocated
653,1385,low_traffic,0,0,65535_65535,1,3,333,262,0,1,0,35,0,28,1,1,pre_allocation
653,1385,low_traffic,0,0,65535_65535,1,3,333,270,1,1,1,36,270,28,1,1,allocated
653,1385,low_traffic,0,0,65535_65535,1,4,333,270,0,1,0,36,0,28,1,1,pre_allocation
653,1385,low_traffic,0,0,65535_65535,1,4,333,277,1,1,1,37,277,28,1,1,allocated
653,1385,low_traffic,0,0,65535_65535,1,3,333,270,0,1,0,36,0,28,1,1,pre_allocation
653,1385,low_traffic,0,0,65535_65535,1,3,333,277,1,1,1,37,277,28,1,1,allocated
653,1385,low_traffic,0,0,65535_65535,1,4,333,277,0,1,0,37,0,28,1,1,pre_allocation
653,1385,low_traffic,0,0,65535_65535,1,4,333,285,1,1,1,38,285,28,1,1,allocated
653,1385,low_traffic,0,0,65535_65535,1,3,333,277,0,1,0,37,0,28,1,1,pre_allocation
653,1385,low_traffic,0,0,65535_65535,1,3,333,285,1,1,1,38,285,28,1,1,allocated
653,1385,low_traffic,0,0,65535_65535,1,4,333,285,0,1,0,38,0,28,1,1,pre_allocation
653,1385,low_traffic,0,0,65535_65535,1,4,333,293,1,1,1,39,293,28,1,1,allocated
653,1385,low_traffic,0,0,65535_65535,1,3,333,285,0,1,0,38,0,28,1,1,pre_allocation
653,1385,low_traffic,0,0,65535_65535,1,3,333,293,1,1,1,39,293,28,1,1,allocated
653,1385,low_traffic,0,0,65535_65535,1,4,333,293,0,1,0,39,0,28,1,1,pre_allocation
653,1385,low_traffic,0,0,65535_65535,1,4,333,300,1,1,1,40,300,28,1,1,allocated
653,1385,low_traffic,0,0,65535_65535,1,3,333,293,0,1,0,39,0,28,1,1,pre_allocation
653,1385,low_traffic,0,0,65535_65535,1,3,333,300,1,1,1,40,300,28,1,1,allocated
653,1385,low_traffic,0,0,65535_65535,1,4,333,300,0,1,0,40,0,28,1,1,pre_allocation
653,1385,low_traffic,0,0,65535_65535,1,4,333,308,1,1,1,41,308,28,1,1,allocated
653,1385,low_traffic,0,0,65535_65535,1,3,333,300,0,1,0,40,0,28,1,1,pre_allocation
653,1385,low_traffic,0,0,65535_65535,1,3,333,308,1,1,1,41,308,28,1,1,allocated
653,1385,low_traffic,0,0,65535_65535,1,4,333,308,0,1,0,41,0,28,1,1,pre_allocation
653,1385,low_traffic,0,0,65535_65535,1,4,333,315,1,1,1,42,315,28,1,1,allocated
653,1385,low_traffic,0,0,65535_65535,1,3,333,308,0,1,0,41,0,28,1,1,pre_allocation
653,1385,low_traffic,0,0,65535_65535,1,3,333,315,1,1,1,42,315,28,1,1,allocated
653,1385,low_traffic,0,0,65535_65535,1,4,333,315,0,1,0,42,0,28,1,1,pre_allocation
653,1385,low_traffic,0,0,65535_65535,1,4,333,323,1,1,1,43,323,28,1,1,allocated
653,1385,low_traffic,0,0,65535_65535,1,3,333,315,0,1,0,42,0,28,1,1,pre_allocation
653,1385,low_traffic,0,0,65535_65535,1,3,333,323,1,1,1,43,323,28,1,1,allocated
653,1385,low_traffic,0,0,65535_65535,1,4,333,323,0,1,0,43,0,28,1,1,pre_allocation
653,1385,low_traffic,0,0,65535_65535,1,4,333,330,1,1,1,44,330,28,1,1,allocated
653,1385,low_traffic,0,0,65535_65535,1,3,333,323,0,1,0,43,0,28,1,1,pre_allocation
653,1385,low_traffic,0,0,65535_65535,1,3,333,330,1,1,1,44,330,28,1,1,allocated
653,1385,low_traffic,0,0,65535_65535,1,4,333,330,0,1,0,44,0,28,1,1,pre_allocation
653,1385,low_traffic,0,0,65535_65535,1,4,333,338,1,1,1,45,338,28,1,1,allocated
653,1385,low_traffic,0,0,65535_65535,1,3,333,330,0,1,0,44,0,28,1,1,pre_allocation
653,1385,low_traffic,0,0,65535_65535,1,3,333,338,1,1,1,45,338,28,1,1,allocated
653,1385,low_traffic,0,0,65535_65535,1,4,333,338,0,1,0,45,0,28,1,1,pre_allocation
653,1385,low_traffic,0,0,65535_65535,1,4,333,346,1,1,1,46,346,28,1,1,allocated
653,1385,low_traffic,0,0,65535_65535,1,3,333,338,0,1,0,45,0,28,1,1,pre_allocation
653,1385,low_traffic,0,0,65535_65535,1,3,333,346,1,1,1,46,346,28,1,1,allocated
653,1385,low_traffic,0,0,65535_65535,1,4,333,346,0,1,0,46,0,28,1,1,pre_allocation
653,1385,low_traffic,0,0,65535_65535,1,4,333,353,1,1,1,47,353,28,1,1,allocated
653,1385,low_traffic,0,0,65535_65535,1,3,333,346,0,1,0,46,0,28,1,1,pre_allocation
653,1385,low_traffic,0,0,65535_65535,1,3,333,353,1,1,1,47,353,28,1,1,allocated
653,1385,low_traffic,0,0,65535_65535,1,4,333,353,0,1,0,47,0,28,1,1,pre_allocation
653,1385,low_traffic,0,0,65535_65535,1,4,333,361,1,1,1,48,361,28,1,1,allocated
653,1385,low_traffic,0,0,65535_65535,1,3,333,353,0,1,0,47,0,28,1,1,pre_allocation
653,1385,low_traffic,0,0,65535_65535,1,3,333,361,1,1,1,48,361,28,1,1,allocated
653,1385,low_traffic,0,0,65535_65535,1,4,333,361,0,1,0,48,0,28,1,1,pre_allocation
653,1385,low_traffic,0,0,65535_65535,1,4,333,368,1,1,1,49,368,28,1,1,allocated
653,1385,low_traffic,0,0,65535_65535,1,3,333,361,0,1,0,48,0,28,1,1,pre_allocation
653,1385,low_traffic,0,0,65535_65535,1,3,333,368,1,1,1,49,368,28,1,1,allocated
653,1385,low_traffic,0,0,65535_65535,1,4,333,368,0,1,0,49,0,28,1,1,pre_allocation
653,1385,low_traffic,0,0,65535_65535,1,4,333,376,1,1,1,50,376,28,1,1,allocated
653,1385,low_traffic,0,0,65535_65535,1,3,333,368,0,1,0,49,0,28,1,1,pre_allocation
653,1385,low_traffic,0,0,65535_65535,1,3,333,376,1,1,1,50,376,28,1,1,allocated
653,1385,low_traffic,0,0,65535_65535,1,4,333,376,0,1,0,50,0,28,1,1,pre_allocation
653,1385,low_traffic,0,0,65535_65535,1,4,333,384,1,1,1,51,384,28,1,1,allocated
653,1385,low_traffic,0,0,65535_65535,1,3,333,376,0,1,0,50,0,28,1,1,pre_allocation
653,1385,low_traffic,0,0,65535_65535,1,3,333,384,1,1,1,51,384,28,1,1,allocated
653,1385,low_traffic,0,0,65535_65535,1,4,333,384,0,1,0,51,0,28,1,1,pre_allocation
653,1385,low_traffic,0,0,65535_65535,1,4,333,391,1,1,1,52,391,28,1,1,allocated
653,1385,low_traffic,0,0,65535_65535,1,3,333,384,0,1,0,51,0,28,1,1,pre_allocation
653,1385,low_traffic,0,0,65535_65535,1,3,333,391,1,1,1,52,391,28,1,1,allocated
653,1385,low_traffic,0,0,65535_65535,1,4,333,391,0,1,0,52,0,28,1,1,pre_allocation
653,1385,low_traffic,0,0,65535_65535,1,4,333,399,1,1,1,53,399,28,1,1,allocated
653,1385,low_traffic,0,0,65535_65535,1,3,333,391,0,1,0,52,0,28,1,1,pre_allocation
653,1385,low_traffic,0,0,65535_65535,1,3,333,399,1,1,1,53,399,28,1,1,allocated
653,1385,low_traffic,0,0,65535_65535,1,4,333,399,0,1,0,53,0,28,1,1,pre_allocation
653,1385,low_traffic,0,0,65535_65535,1,4,333,406,1,1,1,54,406,28,1,1,allocated
653,1385,low_traffic,0,0,65535_65535,1,3,333,399,0,1,0,53,0,28,1,1,pre_allocation
653,1385,low_traffic,0,0,65535_65535,1,3,333,406,1,1,1,54,406,28,1,1,allocated
653,1385,low_traffic,0,0,65535_65535,1,4,333,406,0,1,0,54,0,28,1,1,pre_allocation
653,1385,low_traffic,0,0,65535_65535,1,4,333,414,1,1,1,55,414,28,1,1,allocated
653,1385,low_traffic,0,0,65535_65535,1,3,333,406,0,1,0,54,0,28,1,1,pre_allocation
653,1385,low_traffic,0,0,65535_65535,1,3,333,414,1,1,1,55,414,28,1,1,allocated
653,1385,low_traffic,0,0,65535_65535,1,4,333,414,0,1,0,55,0,28,1,1,pre_allocation
653,1385,low_traffic,0,0,65535_65535,1,4,333,422,1,1,1,56,422,28,1,1,allocated
653,1385,low_traffic,0,0,65535_65535,1,3,333,414,0,1,0,55,0,28,1,1,pre_allocation
653,1385,low_traffic,0,0,65535_65535,1,3,333,422,1,1,1,56,422,28,1,1,allocated
653,1385,low_traffic,0,0,65535_65535,1,4,333,422,0,1,0,56,0,28,1,1,pre_allocation
653,1385,low_traffic,0,0,65535_65535,1,4,333,429,1,1,1,57,429,28,1,1,allocated
653,1385,low_traffic,0,0,65535_65535,1,3,333,422,0,1,0,56,0,28,1,1,pre_allocation
653,1385,low_traffic,0,0,65535_65535,1,3,333,429,1,1,1,57,429,28,1,1,allocated
653,1385,low_traffic,0,0,65535_65535,1,4,333,429,0,1,0,57,0,28,1,1,pre_allocation
653,1385,low_traffic,0,0,65535_65535,1,4,333,437,1,1,1,58,437,28,1,1,allocated
653,1385,low_traffic,0,0,65535_65535,1,3,333,429,0,1,0,57,0,28,1,1,pre_allocation
653,1385,low_traffic,0,0,65535_65535,1,3,333,437,1,1,1,58,437,28,1,1,allocated
653,1385,low_traffic,0,0,65535_65535,1,4,333,437,0,1,0,58,0,28,1,1,pre_allocation
653,1385,low_traffic,0,0,65535_65535,1,4,333,444,1,1,1,59,444,28,1,1,allocated
653,1385,low_traffic,0,0,65535_65535,1,3,333,437,0,1,0,58,0,28,1,1,pre_allocation
653,1385,low_traffic,0,0,65535_65535,1,3,333,444,1,1,1,59,444,28,1,1,allocated
653,1385,low_traffic,0,0,65535_65535,1,4,333,444,0,1,0,59,0,28,1,1,pre_allocation
653,1385,low_traffic,0,0,65535_65535,1,4,333,452,1,1,1,60,452,28,1,1,allocated
653,1385,low_traffic,0,0,65535_65535,1,3,333,444,0,1,0,59,0,28,1,1,pre_allocation
653,1385,low_traffic,0,0,65535_65535,1,3,333,452,1,1,1,60,452,28,1,1,allocated
653,1385,low_traffic,0,0,65535_65535,1,4,333,452,0,1,0,60,0,28,1,1,pre_allocation
653,1385,low_traffic,0,0,65535_65535,1,4,333,459,1,1,1,61,459,28,1,1,allocated
653,1385,low_traffic,0,0,65535_65535,1,3,333,452,0,1,0,60,0,28,1,1,pre_allocation
653,1385,low_traffic,0,0,65535_65535,1,3,333,459,1,1,1,61,459,28,1,1,allocated
653,1385,low_traffic,0,0,65535_65535,1,4,333,459,0,1,0,61,0,28,1,1,pre_allocation
653,1385,low_traffic,0,0,65535_65535,1,4,333,467,1,1,1,62,467,28,1,1,allocated
653,1385,low_traffic,0,0,65535_65535,1,3,333,459,0,1,0,61,0,28,1,1,pre_allocation
653,1385,low_traffic,0,0,65535_65535,1,3,333,467,1,1,1,62,467,28,1,1,allocated
653,1385,low_traffic,0,0,65535_65535,1,4,333,467,0,1,0,62,0,28,1,1,pre_allocation
653,1385,low_traffic,0,0,65535_65535,1,4,333,475,1,1,1,63,475,28,1,1,allocated
653,1385,low_traffic,0,0,65535_65535,1,3,333,467,0,1,0,62,0,28,1,1,pre_allocation
653,1385,low_traffic,0,0,65535_65535,1,3,333,475,1,1,1,63,475,28,1,1,allocated
653,1385,low_traffic,0,0,65535_65535,1,4,333,475,0,1,0,63,0,28,1,1,pre_allocation
653,1385,low_traffic,0,0,65535_65535,1,4,333,482,1,1,1,64,482,28,1,1,allocated
653,1385,low_traffic,0,0,65535_65535,1,3,333,475,0,1,0,63,0,28,1,1,pre_allocation
653,1385,low_traffic,0,0,65535_65535,1,3,333,482,1,1,1,64,482,28,1,1,allocated
653,1385,low_traffic,0,0,65535_65535,1,4,333,482,0,1,0,64,0,28,1,1,pre_allocation
653,1385,low_traffic,0,0,65535_65535,1,4,333,490,1,1,1,65,490,28,1,1,allocated
653,1385,low_traffic,0,0,65535_65535,1,3,333,482,0,1,0,64,0,28,1,1,pre_allocation
653,1385,low_traffic,0,0,65535_65535,1,3,333,490,1,1,1,65,490,28,1,1,allocated
653,1385,low_traffic,0,0,65535_65535,1,4,333,490,0,1,0,65,0,28,1,1,pre_allocation
653,1385,low_traffic,0,0,65535_65535,1,4,333,497,1,1,1,66,497,28,1,1,allocated
653,1385,low_traffic,0,0,65535_65535,1,3,333,490,0,1,0,65,0,28,1,1,pre_allocation
653,1385,low_traffic,0,0,65535_65535,1,3,333,497,1,1,1,66,497,28,1,1,allocated
653,1385,low_traffic,0,0,65535_65535,1,4,333,497,0,1,0,66,0,28,1,1,pre_allocation
653,1385,low_traffic,0,0,65535_65535,1,4,333,505,1,1,1,67,505,28,1,1,allocated
653,1385,low_traffic,0,0,65535_65535,1,3,333,497,0,1,0,66,0,28,1,1,pre_allocation
653,1385,low_traffic,0,0,65535_65535,1,3,333,505,1,1,1,67,505,28,1,1,allocated
653,1385,low_traffic,0,0,65535_65535,1,4,333,505,0,1,0,67,0,28,1,1,pre_allocation
653,1385,low_traffic,0,0,65535_65535,1,4,333,513,1,1,1,68,513,28,1,1,allocated
653,1385,low_traffic,0,0,65535_65535,1,3,333,505,0,1,0,67,0,28,1,1,pre_allocation
653,1385,low_traffic,0,0,65535_65535,1,3,333,513,1,1,1,68,513,28,1,1,allocated
653,1385,low_traffic,0,0,65535_65535,1,4,333,513,0,1,0,68,0,28,1,1,pre_allocation
653,1385,low_traffic,0,0,65535_65535,1,4,333,520,1,1,1,69,520,28,1,1,allocated
653,1385,low_traffic,0,0,65535_65535,1,3,333,513,0,1,0,68,0,28,1,1,pre_allocation
653,1385,low_traffic,0,0,65535_65535,1,3,333,520,1,1,1,69,520,28,1,1,allocated
653,1385,low_traffic,0,0,65535_65535,1,4,333,520,0,1,0,69,0,28,1,1,pre_allocation
653,1385,low_traffic,0,0,65535_65535,1,4,333,528,1,1,1,70,528,28,1,1,allocated
653,1385,low_traffic,0,0,65535_65535,1,3,333,520,0,1,0,69,0,28,1,1,pre_allocation
653,1385,low_traffic,0,0,65535_65535,1,3,333,528,1,1,1,70,528,28,1,1,allocated
653,1385,low_traffic,0,0,65535_65535,1,4,333,528,0,1,0,70,0,28,1,1,pre_allocation
653,1385,low_traffic,0,0,65535_65535,1,4,333,535,1,1,1,71,535,28,1,1,allocated
653,1385,low_traffic,0,0,65535_65535,1,3,333,528,0,1,0,70,0,28,1,1,pre_allocation
653,1385,low_traffic,0,0,65535_65535,1,3,333,535,1,1,1,71,535,28,1,1,allocated
653,1385,low_traffic,0,0,65535_65535,1,4,333,535,0,1,0,71,0,28,1,1,pre_allocation
653,1385,low_traffic,0,0,65535_65535,1,4,333,543,1,1,1,72,543,28,1,1,allocated
653,1385,low_traffic,0,0,65535_65535,1,3,333,535,0,1,0,71,0,28,1,1,pre_allocation
653,1385,low_traffic,0,0,65535_65535,1,3,333,543,1,1,1,72,543,28,1,1,allocated
653,1385,low_traffic,0,0,65535_65535,1,4,333,543,0,1,0,72,0,28,1,1,pre_allocation
653,1385,low_traffic,0,0,65535_65535,1,4,333,551,1,1,1,73,551,28,1,1,allocated
653,1385,low_traffic,0,0,65535_65535,1,3,333,543,0,1,0,72,0,28,1,1,pre_allocation
653,1385,low_traffic,0,0,65535_65535,1,3,333,551,1,1,1,73,551,28,1,1,allocated
653,1385,low_traffic,0,0,65535_65535,1,4,333,551,0,1,0,73,0,28,1,1,pre_allocation
653,1385,low_traffic,0,0,65535_65535,1,4,333,558,1,1,1,74,558,28,1,1,allocated
653,1385,low_traffic,0,0,65535_65535,1,3,333,551,0,1,0,73,0,28,1,1,pre_allocation
653,1385,low_traffic,0,0,65535_65535,1,3,333,558,1,1,1,74,558,28,1,1,allocated
653,1385,low_traffic,0,0,65535_65535,1,4,333,558,0,1,0,74,0,28,1,1,pre_allocation
653,1385,low_traffic,0,0,65535_65535,1,4,333,566,1,1,1,75,566,28,1,1,allocated
653,1385,low_traffic,0,0,65535_65535,1,3,333,558,0,1,0,74,0,28,1,1,pre_allocation
653,1385,low_traffic,0,0,65535_65535,1,3,333,566,1,1,1,75,566,28,1,1,allocated
653,1385,low_traffic,0,0,65535_65535,1,4,333,566,0,1,0,75,0,28,1,1,pre_allocation
653,1385,low_traffic,0,0,65535_65535,1,4,333,573,1,1,1,76,573,28,1,1,allocated
653,1385,low_traffic,0,0,65535_65535,1,3,333,566,0,1,0,75,0,28,1,1,pre_allocation
653,1385,low_traffic,0,0,65535_65535,1,3,333,573,1,1,1,76,573,28,1,1,allocated
653,1385,low_traffic,0,0,65535_65535,1,4,333,573,0,1,0,76,0,28,1,1,pre_allocation
653,1385,low_traffic,0,0,65535_65535,1,4,333,581,1,1,1,77,581,28,1,1,allocated
653,1385,low_traffic,0,0,65535_65535,1,3,333,573,0,1,0,76,0,28,1,1,pre_allocation
653,1385,low_traffic,0,0,65535_65535,1,3,333,581,1,1,1,77,581,28,1,1,allocated
653,1385,low_traffic,0,0,65535_65535,1,4,333,581,0,1,0,77,0,28,1,1,pre_allocation
653,1385,low_traffic,0,0,65535_65535,1,4,333,589,1,1,1,78,589,28,1,1,allocated
653,1385,low_traffic,0,0,65535_65535,1,3,333,581,0,1,0,77,0,28,1,1,pre_allocation
653,1385,low_traffic,0,0,65535_65535,1,3,333,589,1,1,1,78,589,28,1,1,allocated
653,1385,low_traffic,0,0,65535_65535,1,4,333,589,0,1,0,78,0,28,1,1,pre_allocation
653,1385,low_traffic,0,0,65535_65535,1,4,333,596,1,1,1,79,596,28,1,1,allocated
653,1385,low_traffic,0,0,65535_65535,1,3,333,589,0,1,0,78,0,28,1,1,pre_allocation
653,1385,low_traffic,0,0,65535_65535,1,3,333,596,1,1,1,79,596,28,1,1,allocated
653,1385,low_traffic,0,0,65535_65535,1,4,333,596,0,1,0,79,0,28,1,1,pre_allocation
653,1385,low_traffic,0,0,65535_65535,1,4,333,604,1,1,1,80,604,28,1,1,allocated
653,1385,low_traffic,0,0,65535_65535,1,3,333,596,0,1,0,79,0,28,1,1,pre_allocation
653,1385,low_traffic,0,0,65535_65535,1,3,333,604,1,1,1,80,604,28,1,1,allocated
653,1385,low_traffic,0,0,65535_65535,2,10,137,0,0,1,0,0,0,28,1,1,pre_allocation
653,1385,low_traffic,0,0,65535_65535,2,10,137,4,1,1,1,1,4,28,1,1,allocated
653,1385,low_traffic,0,0,65535_65535,2,9,137,0,0,1,0,0,0,28,1,1,pre_allocation
653,1385,low_traffic,0,0,65535_65535,2,9,137,4,1,1,1,1,4,28,1,1,allocated
653,1385,low_traffic,0,0,65535_65535,2,7,137,0,0,1,0,0,0,28,1,1,pre_allocation
653,1385,low_traffic,0,0,65535_65535,2,7,137,4,1,1,1,1,4,28,1,1,allocated
653,1385,low_traffic,0,0,65535_65535,2,6,137,0,0,1,0,0,0,28,1,1,pre_allocation
653,1385,low_traffic,0,0,65535_65535,2,6,137,4,1,1,1,1,4,28,1,1,allocated
653,1385,low_traffic,0,0,65535_65535,2,5,137,0,0,1,0,0,0,28,1,1,pre_allocation
653,1385,low_traffic,0,0,65535_65535,2,5,137,4,1,1,1,1,4,28,1,1,allocated
653,1385,low_traffic,0,0,65535_65535,2,10,137,4,0,1,0,1,0,28,1,1,pre_allocation
653,1385,low_traffic,0,0,65535_65535,2,10,137,12,1,1,1,2,12,28,1,1,allocated
653,1385,low_traffic,0,0,65535_65535,2,9,137,4,0,1,0,1,0,28,1,1,pre_allocation
653,1385,low_traffic,0,0,65535_65535,2,9,137,12,1,1,1,2,12,28,1,1,allocated
653,1385,low_traffic,0,0,65535_65535,2,7,137,4,0,1,0,1,0,28,1,1,pre_allocation
653,1385,low_traffic,0,0,65535_65535,2,7,137,12,1,1,1,2,12,28,1,1,allocated
653,1385,low_traffic,0,0,65535_65535,2,6,137,4,0,1,0,1,0,28,1,1,pre_allocation
653,1385,low_traffic,0,0,65535_65535,2,6,137,12,1,1,1,2,12,28,1,1,allocated
653,1385,low_traffic,0,0,65535_65535,2,5,137,4,0,1,0,1,0,28,1,1,pre_allocation
653,1385,low_traffic,0,0,65535_65535,2,5,137,12,1,1,1,2,12,28,1,1,allocated
653,1385,low_traffic,0,0,65535_65535,2,10,137,12,0,1,0,2,0,28,1,1,pre_allocation
653,1385,low_traffic,0,0,65535_65535,2,10,137,19,1,1,1,3,19,28,1,1,allocated
653,1385,low_traffic,0,0,65535_65535,2,9,137,12,0,1,0,2,0,28,1,1,pre_allocation
653,1385,low_traffic,0,0,65535_65535,2,9,137,19,1,1,1,3,19,28,1,1,allocated
653,1385,low_traffic,0,0,65535_65535,2,7,137,12,0,1,0,2,0,28,1,1,pre_allocation
653,1385,low_traffic,0,0,65535_65535,2,7,137,19,1,1,1,3,19,28,1,1,allocated
653,1385,low_traffic,0,0,65535_65535,2,6,137,12,0,1,0,2,0,28,1,1,pre_allocation
653,1385,low_traffic,0,0,65535_65535,2,6,137,19,1,1,1,3,19,28,1,1,allocated
653,1385,low_traffic,0,0,65535_65535,2,5,137,12,0,1,0,2,0,28,1,1,pre_allocation
653,1385,low_traffic,0,0,65535_65535,2,5,137,19,1,1,1,3,19,28,1,1,allocated
653,1385,low_traffic,0,0,65535_65535,2,10,137,19,0,1,0,3,0,28,1,1,pre_allocation
653,1385,low_traffic,0,0,65535_65535,2,10,137,27,1,1,1,4,27,28,1,1,allocated
653,1385,low_traffic,0,0,65535_65535,2,9,137,19,0,1,0,3,0,28,1,1,pre_allocation
653,1385,low_traffic,0,0,65535_65535,2,9,137,27,1,1,1,4,27,28,1,1,allocated
653,1385,low_traffic,0,0,65535_65535,2,7,137,19,0,1,0,3,0,28,1,1,pre_allocation
653,1385,low_traffic,0,0,65535_65535,2,7,137,27,1,1,1,4,27,28,1,1,allocated
653,1385,low_traffic,0,0,65535_65535,2,6,137,19,0,1,0,3,0,28,1,1,pre_allocation
653,1385,low_traffic,0,0,65535_65535,2,6,137,27,1,1,1,4,27,28,1,1,allocated
653,1385,low_traffic,0,0,65535_65535,2,5,137,19,0,1,0,3,0,28,1,1,pre_allocation
653,1385,low_traffic,0,0,65535_65535,2,5,137,27,1,1,1,4,27,28,1,1,allocated
653,1385,low_traffic,0,0,65535_65535,2,10,137,27,0,1,0,4,0,28,1,1,pre_allocation
653,1385,low_traffic,0,0,65535_65535,2,10,137,34,1,1,1,5,34,28,1,1,allocated
653,1385,low_traffic,0,0,65535_65535,2,9,137,27,0,1,0,4,0,28,1,1,pre_allocation
653,1385,low_traffic,0,0,65535_65535,2,9,137,34,1,1,1,5,34,28,1,1,allocated
653,1385,low_traffic,0,0,65535_65535,2,7,137,27,0,1,0,4,0,28,1,1,pre_allocation
653,1385,low_traffic,0,0,65535_65535,2,7,137,34,1,1,1,5,34,28,1,1,allocated
653,1385,low_traffic,0,0,65535_65535,2,6,137,27,0,1,0,4,0,28,1,1,pre_allocation
653,1385,low_traffic,0,0,65535_65535,2,6,137,34,1,1,1,5,34,28,1,1,allocated
653,1385,low_traffic,0,0,65535_65535,2,5,137,27,0,1,0,4,0,28,1,1,pre_allocation
653,1385,low_traffic,0,0,65535_65535,2,5,137,34,1,1,1,5,34,28,1,1,allocated
653,1385,low_traffic,0,0,65535_65535,2,10,137,34,0,1,0,5,0,28,1,1,pre_allocation
653,1385,low_traffic,0,0,65535_65535,2,10,137,42,1,1,1,6,42,28,1,1,allocated
653,1385,low_traffic,0,0,65535_65535,2,9,137,34,0,1,0,5,0,28,1,1,pre_allocation
653,1385,low_traffic,0,0,65535_65535,2,9,137,42,1,1,1,6,42,28,1,1,allocated
653,1385,low_traffic,0,0,65535_65535,2,7,137,34,0,1,0,5,0,28,1,1,pre_allocation
653,1385,low_traffic,0,0,65535_65535,2,7,137,42,1,1,1,6,42,28,1,1,allocated
653,1385,low_traffic,0,0,65535_65535,2,6,137,34,0,1,0,5,0,28,1,1,pre_allocation
653,1385,low_traffic,0,0,65535_65535,2,6,137,42,1,1,1,6,42,28,1,1,allocated
653,1385,low_traffic,0,0,65535_65535,2,5,137,34,0,1,0,5,0,28,1,1,pre_allocation
653,1385,low_traffic,0,0,65535_65535,2,5,137,42,1,1,1,6,42,28,1,1,allocated
653,1385,low_traffic,0,0,65535_65535,2,10,137,42,0,1,0,6,0,28,1,1,pre_allocation
653,1385,low_traffic,0,0,65535_65535,2,10,137,50,1,1,1,7,50,28,1,1,allocated
653,1385,low_traffic,0,0,65535_65535,2,9,137,42,0,1,0,6,0,28,1,1,pre_allocation
653,1385,low_traffic,0,0,65535_65535,2,9,137,50,1,1,1,7,50,28,1,1,allocated
653,1385,low_traffic,0,0,65535_65535,2,7,137,42,0,1,0,6,0,28,1,1,pre_allocation
653,1385,low_traffic,0,0,65535_65535,2,7,137,50,1,1,1,7,50,28,1,1,allocated
653,1385,low_traffic,0,0,65535_65535,2,6,137,42,0,1,0,6,0,28,1,1,pre_allocation
653,1385,low_traffic,0,0,65535_65535,2,6,137,50,1,1,1,7,50,28,1,1,allocated
653,1385,low_traffic,0,0,65535_65535,2,5,137,42,0,1,0,6,0,28,1,1,pre_allocation
653,1385,low_traffic,0,0,65535_65535,2,5,137,50,1,1,1,7,50,28,1,1,allocated
653,1385,low_traffic,0,0,65535_65535,2,10,137,50,0,1,0,7,0,28,1,1,pre_allocation
653,1385,low_traffic,0,0,65535_65535,2,10,137,57,1,1,1,8,57,28,1,1,allocated
653,1385,low_traffic,0,0,65535_65535,2,9,137,50,0,1,0,7,0,28,1,1,pre_allocation
653,1385,low_traffic,0,0,65535_65535,2,9,137,57,1,1,1,8,57,28,1,1,allocated
653,1385,low_traffic,0,0,65535_65535,2,7,137,50,0,1,0,7,0,28,1,1,pre_allocation
653,1385,low_traffic,0,0,65535_65535,2,7,137,57,1,1,1,8,57,28,1,1,allocated
653,1385,low_traffic,0,0,65535_65535,2,6,137,50,0,1,0,7,0,28,1,1,pre_allocation
653,1385,low_traffic,0,0,65535_65535,2,6,137,57,1,1,1,8,57,28,1,1,allocated
653,1385,low_traffic,0,0,65535_65535,2,5,137,50,0,1,0,7,0,28,1,1,pre_allocation
653,1385,low_traffic,0,0,65535_65535,2,5,137,57,1,1,1,8,57,28,1,1,allocated
653,1385,low_traffic,0,0,65535_65535,2,10,137,57,0,1,0,8,0,28,1,1,pre_allocation
653,1385,low_traffic,0,0,65535_65535,2,10,137,65,1,1,1,9,65,28,1,1,allocated
653,1385,low_traffic,0,0,65535_65535,2,9,137,57,0,1,0,8,0,28,1,1,pre_allocation
653,1385,low_traffic,0,0,65535_65535,2,9,137,65,1,1,1,9,65,28,1,1,allocated
653,1385,low_traffic,0,0,65535_65535,2,7,137,57,0,1,0,8,0,28,1,1,pre_allocation
653,1385,low_traffic,0,0,65535_65535,2,7,137,65,1,1,1,9,65,28,1,1,allocated
653,1385,low_traffic,0,0,65535_65535,2,6,137,57,0,1,0,8,0,28,1,1,pre_allocation
653,1385,low_traffic,0,0,65535_65535,2,6,137,65,1,1,1,9,65,28,1,1,allocated
653,1385,low_traffic,0,0,65535_65535,2,5,137,57,0,1,0,8,0,28,1,1,pre_allocation
653,1385,low_traffic,0,0,65535_65535,2,5,137,65,1,1,1,9,65,28,1,1,allocated
653,1385,low_traffic,0,0,65535_65535,2,10,137,65,0,1,0,9,0,28,1,1,pre_allocation
653,1385,low_traffic,0,0,65535_65535,2,10,137,72,1,1,1,10,72,28,1,1,allocated
653,1385,low_traffic,0,0,65535_65535,2,9,137,65,0,1,0,9,0,28,1,1,pre_allocation
653,1385,low_traffic,0,0,65535_65535,2,9,137,72,1,1,1,10,72,28,1,1,allocated
653,1385,low_traffic,0,0,65535_65535,2,7,137,65,0,1,0,9,0,28,1,1,pre_allocation
653,1385,low_traffic,0,0,65535_65535,2,7,137,72,1,1,1,10,72,28,1,1,allocated
653,1385,low_traffic,0,0,65535_65535,2,6,137,65,0,1,0,9,0,28,1,1,pre_allocation
653,1385,low_traffic,0,0,65535_65535,2,6,137,72,1,1,1,10,72,28,1,1,allocated
653,1385,low_traffic,0,0,65535_65535,2,5,137,65,0,1,0,9,0,28,1,1,pre_allocation
653,1385,low_traffic,0,0,65535_65535,2,5,137,72,1,1,1,10,72,28,1,1,allocated
653,1385,low_traffic,0,0,65535_65535,2,10,137,72,0,1,0,10,0,28,1,1,pre_allocation
653,1385,low_traffic,0,0,65535_65535,2,10,137,80,1,1,1,11,80,28,1,1,allocated
653,1385,low_traffic,0,0,65535_65535,2,9,137,72,0,1,0,10,0,28,1,1,pre_allocation
653,1385,low_traffic,0,0,65535_65535,2,9,137,80,1,1,1,11,80,28,1,1,allocated
653,1385,low_traffic,0,0,65535_65535,2,7,137,72,0,1,0,10,0,28,1,1,pre_allocation
653,1385,low_traffic,0,0,65535_65535,2,7,137,80,1,1,1,11,80,28,1,1,allocated
653,1385,low_traffic,0,0,65535_65535,2,6,137,72,0,1,0,10,0,28,1,1,pre_allocation
653,1385,low_traffic,0,0,65535_65535,2,6,137,80,1,1,1,11,80,28,1,1,allocated
653,1385,low_traffic,0,0,65535_65535,2,5,137,72,0,1,0,10,0,28,1,1,pre_allocation
653,1385,low_traffic,0,0,65535_65535,2,5,137,80,1,1,1,11,80,28,1,1,allocated
653,1385,low_traffic,0,0,65535_65535,2,10,137,80,0,1,0,11,0,28,1,1,pre_allocation
653,1385,low_traffic,0,0,65535_65535,2,10,137,88,1,1,1,12,88,28,1,1,allocated
653,1385,low_traffic,0,0,65535_65535,2,9,137,80,0,1,0,11,0,28,1,1,pre_allocation
653,1385,low_traffic,0,0,65535_65535,2,9,137,88,1,1,1,12,88,28,1,1,allocated
653,1385,low_traffic,0,0,65535_65535,2,7,137,80,0,1,0,11,0,28,1,1,pre_allocation
653,1385,low_traffic,0,0,65535_65535,2,7,137,88,1,1,1,12,88,28,1,1,allocated
653,1385,low_traffic,0,0,65535_65535,2,6,137,80,0,1,0,11,0,28,1,1,pre_allocation
653,1385,low_traffic,0,0,65535_65535,2,6,137,88,1,1,1,12,88,28,1,1,allocated
653,1385,low_traffic,0,0,65535_65535,2,5,137,80,0,1,0,11,0,28,1,1,pre_allocation
653,1385,low_traffic,0,0,65535_65535,2,5,137,88,1,1,1,12,88,28,1,1,allocated
653,1385,low_traffic,0,0,65535_65535,2,10,137,88,0,1,0,12,0,28,1,1,pre_allocation
653,1385,low_traffic,0,0,65535_65535,2,10,137,95,1,1,1,13,95,28,1,1,allocated
653,1385,low_traffic,0,0,65535_65535,2,9,137,88,0,1,0,12,0,28,1,1,pre_allocation
653,1385,low_traffic,0,0,65535_65535,2,9,137,95,1,1,1,13,95,28,1,1,allocated
719,1484,low_traffic,0,0,65535_65535,0,2,1180455,0,0,1,0,0,0,28,1,1,pre_allocation
719,1484,low_traffic,0,0,65535_65535,0,2,1180455,88,1,1,1,1,88,28,1,1,allocated
719,1484,low_traffic,0,0,65535_65535,0,1,1446668,0,0,1,0,0,0,24,1,1,pre_allocation
719,1484,low_traffic,0,0,65535_65535,0,1,1446668,71,1,1,1,1,71,24,1,1,allocated
719,1484,low_traffic,0,0,65535_65535,0,2,1180455,88,0,1,0,1,0,28,1,1,pre_allocation
719,1484,low_traffic,0,0,65535_65535,0,2,1180455,179,1,1,1,2,179,28,1,1,allocated
719,1484,low_traffic,0,0,65535_65535,0,1,1446668,71,0,1,0,1,0,24,1,1,pre_allocation
719,1484,low_traffic,0,0,65535_65535,0,1,1446668,145,1,1,1,2,145,24,1,1,allocated
719,1484,low_traffic,0,0,65535_65535,0,2,1180455,179,0,1,0,2,0,28,1,1,pre_allocation
719,1484,low_traffic,0,0,65535_65535,0,2,1180455,270,1,1,1,3,270,28,1,1,allocated
719,1484,low_traffic,0,0,65535_65535,0,1,1446668,145,0,1,0,2,0,24,1,1,pre_allocation
719,1484,low_traffic,0,0,65535_65535,0,1,1446668,219,1,1,1,3,219,24,1,1,allocated
719,1484,low_traffic,0,0,65535_65535,0,2,1180455,270,0,1,0,3,0,28,1,1,pre_allocation
719,1484,low_traffic,0,0,65535_65535,0,2,1180455,361,1,1,1,4,361,28,1,1,allocated
719,1484,low_traffic,0,0,65535_65535,0,1,1446668,219,0,1,0,3,0,24,1,1,pre_allocation
719,1484,low_traffic,0,0,65535_65535,0,1,1446668,294,1,1,1,4,294,24,1,1,allocated
719,1484,low_traffic,0,0,65535_65535,0,2,1180455,361,0,1,0,4,0,28,1,1,pre_allocation
719,1484,low_traffic,0,0,65535_65535,0,2,1180455,452,1,1,1,5,452,28,1,1,allocated
719,1484,low_traffic,0,0,65535_65535,0,1,1446668,294,0,1,0,4,0,24,1,1,pre_allocation
719,1484,low_traffic,0,0,65535_65535,0,1,1446668,368,1,1,1,5,368,24,1,1,allocated
719,1484,low_traffic,0,0,65535_65535,0,2,1180455,452,0,1,0,5,0,28,1,1,pre_allocation
719,1484,low_traffic,0,0,65535_65535,0,2,1180455,543,1,1,1,6,543,28,1,1,allocated
719,1484,low_traffic,0,0,65535_65535,0,1,1446668,368,0,1,0,5,0,24,1,1,pre_allocation
719,1484,low_traffic,0,0,65535_65535,0,1,1446668,442,1,1,1,6,442,24,1,1,allocated
719,1484,low_traffic,0,0,65535_65535,0,2,1180455,543,0,1,0,6,0,28,1,1,pre_allocation
719,1484,low_traffic,0,0,65535_65535,0,2,1180455,634,1,1,1,7,634,28,1,1,allocated
719,1484,low_traffic,0,0,65535_65535,0,1,1446668,442,0,1,0,6,0,24,1,1,pre_allocation
719,1484,low_traffic,0,0,65535_65535,0,1,1446668,516,1,1,1,7,516,24,1,1,allocated
719,1484,low_traffic,0,0,65535_65535,0,2,1180455,634,0,1,0,7,0,28,1,1,pre_allocation
719,1484,low_traffic,0,0,65535_65535,0,2,1180455,725,1,1,1,8,725,28,1,1,allocated
719,1484,low_traffic,0,0,65535_65535,0,1,1446668,516,0,1,0,7,0,24,1,1,pre_allocation
719,1484,low_traffic,0,0,65535_65535,0,1,1446668,591,1,1,1,8,591,24,1,1,allocated
719,1484,low_traffic,0,0,65535_65535,0,2,1180455,725,0,1,0,8,0,28,1,1,pre_allocation
719,1484,low_traffic,0,0,65535_65535,0,2,1180455,816,1,1,1,9,816,28,1,1,allocated
719,1484,low_traffic,0,0,65535_65535,0,1,1446668,591,0,1,0,8,0,24,1,1,pre_allocation
719,1484,low_traffic,0,0,65535_65535,0,1,1446668,665,1,1,1,9,665,24,1,1,allocated
719,1484,low_traffic,0,0,65535_65535,0,2,1180455,816,0,1,0,9,0,28,1,1,pre_allocation
719,1484,low_traffic,0,0,65535_65535,0,2,1180455,907,1,1,1,10,907,28,1,1,allocated
719,1484,low_traffic,0,0,65535_65535,0,1,1446668,665,0,1,0,9,0,24,1,1,pre_allocation
719,1484,low_traffic,0,0,65535_65535,0,1,1446668,739,1,1,1,10,739,24,1,1,allocated
719,1484,low_traffic,0,0,65535_65535,0,2,1180455,907,0,1,0,10,0,28,1,1,pre_allocation
719,1484,low_traffic,0,0,65535_65535,0,2,1180455,998,1,1,1,11,998,28,1,1,allocated
719,1484,low_traffic,0,0,65535_65535,0,1,1446668,739,0,1,0,10,0,24,1,1,pre_allocation
719,1484,low_traffic,0,0,65535_65535,0,1,1446668,813,1,1,1,11,813,24,1,1,allocated
719,1484,low_traffic,0,0,65535_65535,0,2,1180455,998,0,1,0,11,0,28,1,1,pre_allocation
719,1484,low_traffic,0,0,65535_65535,0,2,1180455,1089,1,1,1,12,1089,28,1,1,allocated
719,1484,low_traffic,0,0,65535_65535,0,1,1446668,813,0,1,0,11,0,24,1,1,pre_allocation
719,1484,low_traffic,0,0,65535_65535,0,1,1446668,888,1,1,1,12,888,24,1,1,allocated
719,1484,low_traffic,0,0,65535_65535,0,2,1180455,1089,0,1,0,12,0,28,1,1,pre_allocation
719,1484,low_traffic,0,0,65535_65535,0,2,1180455,1181,1,1,1,13,1181,28,1,1,allocated
719,1484,low_traffic,0,0,65535_65535,0,1,1446668,888,0,1,0,12,0,24,1,1,pre_allocation
719,1484,low_traffic,0,0,65535_65535,0,1,1446668,962,1,1,1,13,962,24,1,1,allocated
719,1484,low_traffic,0,0,65535_65535,0,2,1180455,1181,0,1,0,13,0,28,1,1,pre_allocation
719,1484,low_traffic,0,0,65535_65535,0,2,1180455,1272,1,1,1,14,1272,28,1,1,allocated
719,1484,low_traffic,0,0,65535_65535,0,1,1446668,962,0,1,0,13,0,24,1,1,pre_allocation
719,1484,low_traffic,0,0,65535_65535,0,1,1446668,1036,1,1,1,14,1036,24,1,1,allocated
719,1484,low_traffic,0,0,65535_65535,0,2,1180455,1272,0,1,0,14,0,28,1,1,pre_allocation
719,1484,low_traffic,0,0,65535_65535,0,2,1180455,1363,1,1,1,15,1363,28,1,1,allocated
719,1484,low_traffic,0,0,65535_65535,0,1,1446668,1036,0,1,0,14,0,24,1,1,pre_allocation
719,1484,low_traffic,0,0,65535_65535,0,1,1446668,1110,1,1,1,15,1110,24,1,1,allocated
719,1484,low_traffic,0,0,65535_65535,0,2,1180455,1363,0,1,0,15,0,28,1,1,pre_allocation
719,1484,low_traffic,0,0,65535_65535,0,2,1180455,1454,1,1,1,16,1454,28,1,1,allocated
719,1484,low_traffic,0,0,65535_65535,0,1,1446668,1110,0,1,0,15,0,24,1,1,pre_allocation
719,1484,low_traffic,0,0,65535_65535,0,1,1446668,1185,1,1,1,16,1185,24,1,1,allocated
719,1484,low_traffic,0,0,65535_65535,0,2,1180455,1454,0,1,0,16,0,28,1,1,pre_allocation
719,1484,low_traffic,0,0,65535_65535,0,2,1180455,1542,1,1,1,17,1542,28,1,1,allocated
719,1484,low_traffic,0,0,65535_65535,0,1,1446668,1185,0,1,0,16,0,24,1,1,pre_allocation
719,1484,low_traffic,0,0,65535_65535,0,1,1446668,1259,1,1,1,17,1259,24,1,1,allocated
719,1484,low_traffic,0,0,65535_65535,0,2,1180455,1542,0,1,0,17,0,28,1,1,pre_allocation
719,1484,low_traffic,0,0,65535_65535,0,2,1180455,1633,1,1,1,18,1633,28,1,1,allocated
719,1484,low_traffic,0,0,65535_65535,0,1,1446668,1259,0,1,0,17,0,24,1,1,pre_allocation
719,1484,low_traffic,0,0,65535_65535,0,1,1446668,1333,1,1,1,18,1333,24,1,1,allocated
719,1484,low_traffic,0,0,65535_65535,0,2,1180455,1633,0,1,0,18,0,28,1,1,pre_allocation
719,1484,low_traffic,0,0,65535_65535,0,2,1180455,1724,1,1,1,19,1724,28,1,1,allocated
719,1484,low_traffic,0,0,65535_65535,0,1,1446668,1333,0,1,0,18,0,24,1,1,pre_allocation
719,1484,low_traffic,0,0,65535_65535,0,1,1446668,1407,1,1,1,19,1407,24,1,1,allocated
719,1484,low_traffic,0,0,65535_65535,0,2,1180455,1724,0,1,0,19,0,28,1,1,pre_allocation
719,1484,low_traffic,0,0,65535_65535,0,2,1180455,1815,1,1,1,20,1815,28,1,1,allocated
719,1484,low_traffic,0,0,65535_65535,0,1,1446668,1407,0,1,0,19,0,24,1,1,pre_allocation
719,1484,low_traffic,0,0,65535_65535,0,1,1446668,1482,1,1,1,20,1482,24,1,1,allocated
719,1484,low_traffic,0,0,65535_65535,0,2,1180455,1815,0,1,0,20,0,28,1,1,pre_allocation
719,1484,low_traffic,0,0,65535_65535,0,2,1180455,1906,1,1,1,21,1906,28,1,1,allocated
719,1484,low_traffic,0,0,65535_65535,0,1,1446668,1482,0,1,0,20,0,24,1,1,pre_allocation
719,1484,low_traffic,0,0,65535_65535,0,1,1446668,1553,1,1,1,21,1553,24,1,1,allocated
719,1484,low_traffic,0,0,65535_65535,0,2,1180455,1906,0,1,0,21,0,28,1,1,pre_allocation
719,1484,low_traffic,0,0,65535_65535,0,2,1180455,1997,1,1,1,22,1997,28,1,1,allocated
719,1484,low_traffic,0,0,65535_65535,0,1,1446668,1553,0,1,0,21,0,24,1,1,pre_allocation
719,1484,low_traffic,0,0,65535_65535,0,1,1446668,1627,1,1,1,22,1627,24,1,1,allocated
719,1484,low_traffic,0,0,65535_65535,0,2,1180455,1997,0,1,0,22,0,28,1,1,pre_allocation
719,1484,low_traffic,0,0,65535_65535,0,2,1180455,2088,1,1,1,23,2088,28,1,1,allocated
719,1484,low_traffic,0,0,65535_65535,0,1,1446668,1627,0,1,0,22,0,24,1,1,pre_allocation
719,1484,low_traffic,0,0,65535_65535,0,1,1446668,1701,1,1,1,23,1701,24,1,1,allocated
719,1484,low_traffic,0,0,65535_65535,0,2,1180455,2088,0,1,0,23,0,28,1,1,pre_allocation
719,1484,low_traffic,0,0,65535_65535,0,2,1180455,2179,1,1,1,24,2179,28,1,1,allocated
719,1484,low_traffic,0,0,65535_65535,0,1,1446668,1701,0,1,0,23,0,24,1,1,pre_allocation
719,1484,low_traffic,0,0,65535_65535,0,1,1446668,1776,1,1,1,24,1776,24,1,1,allocated
719,1484,low_traffic,0,0,65535_65535,0,2,1180455,2179,0,1,0,24,0,28,1,1,pre_allocation
719,1484,low_traffic,0,0,65535_65535,0,2,1180455,2271,1,1,1,25,2271,28,1,1,allocated
719,1484,low_traffic,0,0,65535_65535,0,1,1446668,1776,0,1,0,24,0,24,1,1,pre_allocation
719,1484,low_traffic,0,0,65535_65535,0,1,1446668,1850,1,1,1,25,1850,24,1,1,allocated
719,1484,low_traffic,0,0,65535_65535,0,2,1180455,2271,0,1,0,25,0,28,1,1,pre_allocation
719,1484,low_traffic,0,0,65535_65535,0,2,1180455,2359,1,1,1,26,2359,28,1,1,allocated
719,1484,low_traffic,0,0,65535_65535,0,1,1446668,1850,0,1,0,25,0,24,1,1,pre_allocation
719,1484,low_traffic,0,0,65535_65535,0,1,1446668,1924,1,1,1,26,1924,24,1,1,allocated
719,1484,low_traffic,0,0,65535_65535,0,2,1180455,2359,0,1,0,26,0,28,1,1,pre_allocation
719,1484,low_traffic,0,0,65535_65535,0,2,1180455,2450,1,1,1,27,2450,28,1,1,allocated
719,1484,low_traffic,0,0,65535_65535,0,1,1446668,1924,0,1,0,26,0,24,1,1,pre_allocation
719,1484,low_traffic,0,0,65535_65535,0,1,1446668,1998,1,1,1,27,1998,24,1,1,allocated
719,1484,low_traffic,0,0,65535_65535,0,2,1180455,2450,0,1,0,27,0,28,1,1,pre_allocation
719,1484,low_traffic,0,0,65535_65535,0,2,1180455,2541,1,1,1,28,2541,28,1,1,allocated
719,1484,low_traffic,0,0,65535_65535,0,1,1446668,1998,0,1,0,27,0,24,1,1,pre_allocation
719,1484,low_traffic,0,0,65535_65535,0,1,1446668,2073,1,1,1,28,2073,24,1,1,allocated
719,1484,low_traffic,0,0,65535_65535,0,2,1180455,2541,0,1,0,28,0,28,1,1,pre_allocation
719,1484,low_traffic,0,0,65535_65535,0,2,1180455,2632,1,1,1,29,2632,28,1,1,allocated
719,1484,low_traffic,0,0,65535_65535,0,1,1446668,2073,0,1,0,28,0,24,1,1,pre_allocation
719,1484,low_traffic,0,0,65535_65535,0,1,1446668,2147,1,1,1,29,2147,24,1,1,allocated
719,1484,low_traffic,0,0,65535_65535,1,4,415,0,0,1,0,0,0,28,1,1,pre_allocation
719,1484,low_traffic,0,0,65535_65535,1,4,415,88,1,1,1,1,88,28,1,1,allocated
719,1484,low_traffic,0,0,65535_65535,1,3,415,0,0,1,0,0,0,28,1,1,pre_allocation
719,1484,low_traffic,0,0,65535_65535,1,3,415,88,1,1,1,1,88,28,1,1,allocated
719,1484,low_traffic,0,0,65535_65535,1,4,415,88,0,1,0,1,0,28,1,1,pre_allocation
719,1484,low_traffic,0,0,65535_65535,1,4,415,179,1,1,1,2,179,28,1,1,allocated
719,1484,low_traffic,0,0,65535_65535,1,3,415,88,0,1,0,1,0,28,1,1,pre_allocation
719,1484,low_traffic,0,0,65535_65535,1,3,415,179,1,1,1,2,179,28,1,1,allocated
719,1484,low_traffic,0,0,65535_65535,1,4,415,179,0,1,0,2,0,28,1,1,pre_allocation
719,1484,low_traffic,0,0,65535_65535,1,4,415,270,1,1,1,3,270,28,1,1,allocated
719,1484,low_traffic,0,0,65535_65535,1,3,415,179,0,1,0,2,0,28,1,1,pre_allocation
719,1484,low_traffic,0,0,65535_65535,1,3,415,270,1,1,1,3,270,28,1,1,allocated
719,1484,low_traffic,0,0,65535_65535,1,4,415,270,0,1,0,3,0,28,1,1,pre_allocation
719,1484,low_traffic,0,0,65535_65535,1,4,415,361,1,1,1,4,361,28,1,1,allocated
719,1484,low_traffic,0,0,65535_65535,1,3,415,270,0,1,0,3,0,28,1,1,pre_allocation
719,1484,low_traffic,0,0,65535_65535,1,3,415,361,1,1,1,4,361,28,1,1,allocated
719,1484,low_traffic,0,0,65535_65535,1,4,415,361,0,1,0,4,0,28,1,1,pre_allocation
719,1484,low_traffic,0,0,65535_65535,1,4,415,452,1,1,1,5,452,28,1,1,allocated
719,1484,low_traffic,0,0,65535_65535,1,3,415,361,0,1,0,4,0,28,1,1,pre_allocation
719,1484,low_traffic,0,0,65535_65535,1,3,415,452,1,1,1,5,452,28,1,1,allocated
719,1484,low_traffic,0,0,65535_65535,1,4,415,452,0,1,0,5,0,28,1,1,pre_allocation
719,1484,low_traffic,0,0,65535_65535,1,4,415,543,1,1,1,6,543,28,1,1,allocated
719,1484,low_traffic,0,0,65535_65535,1,3,415,452,0,1,0,5,0,28,1,1,pre_allocation
719,1484,low_traffic,0,0,65535_65535,1,3,415,543,1,1,1,6,543,28,1,1,allocated
719,1484,low_traffic,0,0,65535_65535,1,4,415,543,0,1,0,6,0,28,1,1,pre_allocation
719,1484,low_traffic,0,0,65535_65535,1,4,415,634,1,1,1,7,634,28,1,1,allocated
719,1484,low_traffic,0,0,65535_65535,1,3,415,543,0,1,0,6,0,28,1,1,pre_allocation
719,1484,low_traffic,0,0,65535_65535,1,3,415,634,1,1,1,7,634,28,1,1,allocated
719,1484,low_traffic,0,0,65535_65535,1,4,415,634,0,1,0,7,0,28,1,1,pre_allocation
719,1484,low_traffic,0,0,65535_65535,1,4,415,725,1,1,1,8,725,28,1,1,allocated
719,1484,low_traffic,0,0,65535_65535,1,3,415,634,0,1,0,7,0,28,1,1,pre_allocation
719,1484,low_traffic,0,0,65535_65535,1,3,415,725,1,1,1,8,725,28,1,1,allocated
719,1484,low_traffic,0,0,65535_65535,1,4,415,725,0,1,0,8,0,28,1,1,pre_allocation
719,1484,low_traffic,0,0,65535_65535,1,4,415,816,1,1,1,9,816,28,1,1,allocated
719,1484,low_traffic,0,0,65535_65535,1,3,415,725,0,1,0,8,0,28,1,1,pre_allocation
719,1484,low_traffic,0,0,65535_65535,1,3,415,816,1,1,1,9,816,28,1,1,allocated
719,1484,low_traffic,0,0,65535_65535,1,4,415,816,0,1,0,9,0,28,1,1,pre_allocation
719,1484,low_traffic,0,0,65535_65535,1,4,415,907,1,1,1,10,907,28,1,1,allocated
719,1484,low_traffic,0,0,65535_65535,1,3,415,816,0,1,0,9,0,28,1,1,pre_allocation
719,1484,low_traffic,0,0,65535_65535,1,3,415,907,1,1,1,10,907,28,1,1,allocated
719,1484,low_traffic,0,0,65535_65535,1,4,415,907,0,1,0,10,0,28,1,1,pre_allocation
719,1484,low_traffic,0,0,65535_65535,1,4,415,998,1,1,1,11,998,28,1,1,allocated
719,1484,low_traffic,0,0,65535_65535,1,3,415,907,0,1,0,10,0,28,1,1,pre_allocation
719,1484,low_traffic,0,0,65535_65535,1,3,415,998,1,1,1,11,998,28,1,1,allocated
719,1484,low_traffic,0,0,65535_65535,1,4,415,998,0,1,0,11,0,28,1,1,pre_allocation
719,1484,low_traffic,0,0,65535_65535,1,4,415,1089,1,1,1,12,1089,28,1,1,allocated
719,1484,low_traffic,0,0,65535_65535,1,3,415,998,0,1,0,11,0,28,1,1,pre_allocation
719,1484,low_traffic,0,0,65535_65535,1,3,415,1089,1,1,1,12,1089,28,1,1,allocated
719,1484,low_traffic,0,0,65535_65535,1,4,415,1089,0,1,0,12,0,28,1,1,pre_allocation
719,1484,low_traffic,0,0,65535_65535,1,4,415,1181,1,1,1,13,1181,28,1,1,allocated
719,1484,low_traffic,0,0,65535_65535,1,3,415,1089,0,1,0,12,0,28,1,1,pre_allocation
719,1484,low_traffic,0,0,65535_65535,1,3,415,1181,1,1,1,13,1181,28,1,1,allocated
719,1484,low_traffic,0,0,65535_65535,1,4,415,1181,0,1,0,13,0,28,1,1,pre_allocation
719,1484,low_traffic,0,0,65535_65535,1,4,415,1272,1,1,1,14,1272,28,1,1,allocated
719,1484,low_traffic,0,0,65535_65535,1,3,415,1181,0,1,0,13,0,28,1,1,pre_allocation
719,1484,low_traffic,0,0,65535_65535,1,3,415,1272,1,1,1,14,1272,28,1,1,allocated
719,1484,low_traffic,0,0,65535_65535,1,4,415,1272,0,1,0,14,0,28,1,1,pre_allocation
719,1484,low_traffic,0,0,65535_65535,1,4,415,1363,1,1,1,15,1363,28,1,1,allocated
719,1484,low_traffic,0,0,65535_65535,1,3,415,1272,0,1,0,14,0,28,1,1,pre_allocation
719,1484,low_traffic,0,0,65535_65535,1,3,415,1363,1,1,1,15,1363,28,1,1,allocated
719,1484,low_traffic,0,0,65535_65535,1,4,415,1363,0,1,0,15,0,28,1,1,pre_allocation
719,1484,low_traffic,0,0,65535_65535,1,4,415,1454,1,1,1,16,1454,28,1,1,allocated
719,1484,low_traffic,0,0,65535_65535,1,3,415,1363,0,1,0,15,0,28,1,1,pre_allocation
719,1484,low_traffic,0,0,65535_65535,1,3,415,1454,1,1,1,16,1454,28,1,1,allocated
719,1484,low_traffic,0,0,65535_65535,1,4,415,1454,0,1,0,16,0,28,1,1,pre_allocation
719,1484,low_traffic,0,0,65535_65535,1,4,415,1542,1,1,1,17,1542,28,1,1,allocated
719,1484,low_traffic,0,0,65535_65535,1,3,415,1454,0,1,0,16,0,28,1,1,pre_allocation
719,1484,low_traffic,0,0,65535_65535,1,3,415,1542,1,1,1,17,1542,28,1,1,allocated
719,1484,low_traffic,0,0,65535_65535,1,4,415,1542,0,1,0,17,0,28,1,1,pre_allocation
719,1484,low_traffic,0,0,65535_65535,1,4,415,1633,1,1,1,18,1633,28,1,1,allocated
719,1484,low_traffic,0,0,65535_65535,1,3,415,1542,0,1,0,17,0,28,1,1,pre_allocation
719,1484,low_traffic,0,0,65535_65535,1,3,415,1633,1,1,1,18,1633,28,1,1,allocated
719,1484,low_traffic,0,0,65535_65535,1,4,415,1633,0,1,0,18,0,28,1,1,pre_allocation
719,1484,low_traffic,0,0,65535_65535,1,4,415,1724,1,1,1,19,1724,28,1,1,allocated
719,1484,low_traffic,0,0,65535_65535,1,3,415,1633,0,1,0,18,0,28,1,1,pre_allocation
719,1484,low_traffic,0,0,65535_65535,1,3,415,1724,1,1,1,19,1724,28,1,1,allocated
719,1484,low_traffic,0,0,65535_65535,1,4,415,1724,0,1,0,19,0,28,1,1,pre_allocation
719,1484,low_traffic,0,0,65535_65535,1,4,415,1815,1,1,1,20,1815,28,1,1,allocated
719,1484,low_traffic,0,0,65535_65535,1,3,415,1724,0,1,0,19,0,28,1,1,pre_allocation
719,1484,low_traffic,0,0,65535_65535,1,3,415,1815,1,1,1,20,1815,28,1,1,allocated
719,1484,low_traffic,0,0,65535_65535,1,4,415,1815,0,1,0,20,0,28,1,1,pre_allocation
719,1484,low_traffic,0,0,65535_65535,1,4,415,1906,1,1,1,21,1906,28,1,1,allocated
719,1484,low_traffic,0,0,65535_65535,1,3,415,1815,0,1,0,20,0,28,1,1,pre_allocation
719,1484,low_traffic,0,0,65535_65535,1,3,415,1906,1,1,1,21,1906,28,1,1,allocated
719,1484,low_traffic,0,0,65535_65535,1,4,415,1906,0,1,0,21,0,28,1,1,pre_allocation
719,1484,low_traffic,0,0,65535_65535,1,4,415,1997,1,1,1,22,1997,28,1,1,allocated
719,1484,low_traffic,0,0,65535_65535,1,3,415,1906,0,1,0,21,0,28,1,1,pre_allocation
719,1484,low_traffic,0,0,65535_65535,1,3,415,1997,1,1,1,22,1997,28,1,1,allocated
719,1484,low_traffic,0,0,65535_65535,1,4,415,1997,0,1,0,22,0,28,1,1,pre_allocation
719,1484,low_traffic,0,0,65535_65535,1,4,415,2088,1,1,1,23,2088,28,1,1,allocated
719,1484,low_traffic,0,0,65535_65535,1,3,415,1997,0,1,0,22,0,28,1,1,pre_allocation
719,1484,low_traffic,0,0,65535_65535,1,3,415,2088,1,1,1,23,2088,28,1,1,allocated
719,1484,low_traffic,0,0,65535_65535,1,4,415,2088,0,1,0,23,0,28,1,1,pre_allocation
719,1484,low_traffic,0,0,65535_65535,1,4,415,2179,1,1,1,24,2179,28,1,1,allocated
719,1484,low_traffic,0,0,65535_65535,1,3,415,2088,0,1,0,23,0,28,1,1,pre_allocation
719,1484,low_traffic,0,0,65535_65535,1,3,415,2179,1,1,1,24,2179,28,1,1,allocated
719,1484,low_traffic,0,0,65535_65535,1,4,415,2179,0,1,0,24,0,28,1,1,pre_allocation
719,1484,low_traffic,0,0,65535_65535,1,4,415,2271,1,1,1,25,2271,28,1,1,allocated
719,1484,low_traffic,0,0,65535_65535,1,3,415,2179,0,1,0,24,0,28,1,1,pre_allocation
719,1484,low_traffic,0,0,65535_65535,1,3,415,2271,1,1,1,25,2271,28,1,1,allocated
719,1484,low_traffic,0,0,65535_65535,1,4,415,2271,0,1,0,25,0,28,1,1,pre_allocation
719,1484,low_traffic,0,0,65535_65535,1,4,415,2359,1,1,1,26,2359,28,1,1,allocated
719,1484,low_traffic,0,0,65535_65535,1,3,415,2271,0,1,0,25,0,28,1,1,pre_allocation
719,1484,low_traffic,0,0,65535_65535,1,3,415,2359,1,1,1,26,2359,28,1,1,allocated
719,1484,low_traffic,0,0,65535_65535,1,4,415,2359,0,1,0,26,0,28,1,1,pre_allocation
719,1484,low_traffic,0,0,65535_65535,1,4,415,2450,1,1,1,27,2450,28,1,1,allocated
719,1484,low_traffic,0,0,65535_65535,1,3,415,2359,0,1,0,26,0,28,1,1,pre_allocation
719,1484,low_traffic,0,0,65535_65535,1,3,415,2450,1,1,1,27,2450,28,1,1,allocated
719,1484,low_traffic,0,0,65535_65535,1,4,415,2450,0,1,0,27,0,28,1,1,pre_allocation
719,1484,low_traffic,0,0,65535_65535,1,4,415,2541,1,1,1,28,2541,28,1,1,allocated
719,1484,low_traffic,0,0,65535_65535,1,3,415,2450,0,1,0,27,0,28,1,1,pre_allocation
719,1484,low_traffic,0,0,65535_65535,1,3,415,2541,1,1,1,28,2541,28,1,1,allocated
719,1484,low_traffic,0,0,65535_65535,1,4,415,2541,0,1,0,28,0,28,1,1,pre_allocation
719,1484,low_traffic,0,0,65535_65535,1,4,415,2632,1,1,1,29,2632,28,1,1,allocated
719,1484,low_traffic,0,0,65535_65535,1,3,415,2541,0,1,0,28,0,28,1,1,pre_allocation
719,1484,low_traffic,0,0,65535_65535,1,3,415,2632,1,1,1,29,2632,28,1,1,allocated
719,1484,low_traffic,0,0,65535_65535,1,4,415,2632,0,1,0,29,0,28,1,1,pre_allocation
719,1484,low_traffic,0,0,65535_65535,1,4,415,2723,1,1,1,30,2723,28,1,1,allocated
719,1484,low_traffic,0,0,65535_65535,1,3,415,2632,0,1,0,29,0,28,1,1,pre_allocation
719,1484,low_traffic,0,0,65535_65535,1,3,415,2723,1,1,1,30,2723,28,1,1,allocated
719,1484,low_traffic,0,0,65535_65535,1,4,415,2723,0,1,0,30,0,28,1,1,pre_allocation
719,1484,low_traffic,0,0,65535_65535,1,4,415,2814,1,1,1,31,2814,28,1,1,allocated
719,1484,low_traffic,0,0,65535_65535,1,3,415,2723,0,1,0,30,0,28,1,1,pre_allocation
719,1484,low_traffic,0,0,65535_65535,1,3,415,2814,1,1,1,31,2814,28,1,1,allocated
719,1484,low_traffic,0,0,65535_65535,1,4,415,2814,0,1,0,31,0,28,1,1,pre_allocation
719,1484,low_traffic,0,0,65535_65535,1,4,415,2905,1,1,1,32,2905,28,1,1,allocated
719,1484,low_traffic,0,0,65535_65535,1,3,415,2814,0,1,0,31,0,28,1,1,pre_allocation
719,1484,low_traffic,0,0,65535_65535,1,3,415,2905,1,1,1,32,2905,28,1,1,allocated
719,1484,low_traffic,0,0,65535_65535,1,4,415,2905,0,1,0,32,0,28,1,1,pre_allocation
719,1484,low_traffic,0,0,65535_65535,1,4,415,2996,1,1,1,33,2996,28,1,1,allocated
719,1484,low_traffic,0,0,65535_65535,1,3,415,2905,0,1,0,32,0,28,1,1,pre_allocation
719,1484,low_traffic,0,0,65535_65535,1,3,415,2996,1,1,1,33,2996,28,1,1,allocated
719,1484,low_traffic,0,0,65535_65535,1,4,415,2996,0,1,0,33,0,28,1,1,pre_allocation
719,1484,low_traffic,0,0,65535_65535,1,4,415,3084,1,1,1,34,3084,28,1,1,allocated
719,1484,low_traffic,0,0,65535_65535,1,3,415,2996,0,1,0,33,0,28,1,1,pre_allocation
719,1484,low_traffic,0,0,65535_65535,1,3,415,3084,1,1,1,34,3084,28,1,1,allocated
719,1484,low_traffic,0,0,65535_65535,1,4,415,3084,0,1,0,34,0,28,1,1,pre_allocation
719,1484,low_traffic,0,0,65535_65535,1,4,415,3175,1,1,1,35,3175,28,1,1,allocated
719,1484,low_traffic,0,0,65535_65535,1,3,415,3084,0,1,0,34,0,28,1,1,pre_allocation
719,1484,low_traffic,0,0,65535_65535,1,3,415,3175,1,1,1,35,3175,28,1,1,allocated
719,1484,low_traffic,0,0,65535_65535,1,4,415,3175,0,1,0,35,0,28,1,1,pre_allocation
719,1484,low_traffic,0,0,65535_65535,1,4,415,3266,1,1,1,36,3266,28,1,1,allocated
719,1484,low_traffic,0,0,65535_65535,1,3,415,3175,0,1,0,35,0,28,1,1,pre_allocation
719,1484,low_traffic,0,0,65535_65535,1,3,415,3266,1,1,1,36,3266,28,1,1,allocated
719,1484,low_traffic,0,0,65535_65535,1,4,415,3266,0,1,0,36,0,28,1,1,pre_allocation
719,1484,low_traffic,0,0,65535_65535,1,4,415,3357,1,1,1,37,3357,28,1,1,allocated
719,1484,low_traffic,0,0,65535_65535,1,3,415,3266,0,1,0,36,0,28,1,1,pre_allocation
719,1484,low_traffic,0,0,65535_65535,1,3,415,3357,1,1,1,37,3357,28,1,1,allocated
719,1484,low_traffic,0,0,65535_65535,1,4,415,3357,0,1,0,37,0,28,1,1,pre_allocation
719,1484,low_traffic,0,0,65535_65535,1,4,415,3449,1,1,1,38,3449,28,1,1,allocated
719,1484,low_traffic,0,0,65535_65535,1,3,415,3357,0,1,0,37,0,28,1,1,pre_allocation
719,1484,low_traffic,0,0,65535_65535,1,3,415,3449,1,1,1,38,3449,28,1,1,allocated
719,1484,low_traffic,0,0,65535_65535,1,4,415,3449,0,1,0,38,0,28,1,1,pre_allocation
719,1484,low_traffic,0,0,65535_65535,1,4,415,3540,1,1,1,39,3540,28,1,1,allocated
719,1484,low_traffic,0,0,65535_65535,1,3,415,3449,0,1,0,38,0,28,1,1,pre_allocation
719,1484,low_traffic,0,0,65535_65535,1,3,415,3540,1,1,1,39,3540,28,1,1,allocated
719,1484,low_traffic,0,0,65535_65535,1,4,415,3540,0,1,0,39,0,28,1,1,pre_allocation
719,1484,low_traffic,0,0,65535_65535,1,4,415,3631,1,1,1,40,3631,28,1,1,allocated
719,1484,low_traffic,0,0,65535_65535,1,3,415,3540,0,1,0,39,0,28,1,1,pre_allocation
719,1484,low_traffic,0,0,65535_65535,1,3,415,3631,1,1,1,40,3631,28,1,1,allocated
719,1484,low_traffic,0,0,65535_65535,1,4,415,3631,0,1,0,40,0,28,1,1,pre_allocation
719,1484,low_traffic,0,0,65535_65535,1,4,415,3722,1,1,1,41,3722,28,1,1,allocated
719,1484,low_traffic,0,0,65535_65535,1,3,415,3631,0,1,0,40,0,28,1,1,pre_allocation
719,1484,low_traffic,0,0,65535_65535,1,3,415,3722,1,1,1,41,3722,28,1,1,allocated
719,1484,low_traffic,0,0,65535_65535,1,4,415,3722,0,1,0,41,0,28,1,1,pre_allocation
719,1484,low_traffic,0,0,65535_65535,1,4,415,3813,1,1,1,42,3813,28,1,1,allocated
719,1484,low_traffic,0,0,65535_65535,1,3,415,3722,0,1,0,41,0,28,1,1,pre_allocation
719,1484,low_traffic,0,0,65535_65535,1,3,415,3813,1,1,1,42,3813,28,1,1,allocated
719,1484,low_traffic,0,0,65535_65535,1,4,415,3813,0,1,0,42,0,28,1,1,pre_allocation
719,1484,low_traffic,0,0,65535_65535,1,4,415,3901,1,1,1,43,3901,28,1,1,allocated
719,1484,low_traffic,0,0,65535_65535,1,3,415,3813,0,1,0,42,0,28,1,1,pre_allocation
719,1484,low_traffic,0,0,65535_65535,1,3,415,3901,1,1,1,43,3901,28,1,1,allocated
719,1484,low_traffic,0,0,65535_65535,1,4,415,3901,0,1,0,43,0,28,1,1,pre_allocation
719,1484,low_traffic,0,0,65535_65535,1,4,415,3992,1,1,1,44,3992,28,1,1,allocated
719,1484,low_traffic,0,0,65535_65535,1,3,415,3901,0,1,0,43,0,28,1,1,pre_allocation
719,1484,low_traffic,0,0,65535_65535,1,3,415,3992,1,1,1,44,3992,28,1,1,allocated
719,1484,low_traffic,0,0,65535_65535,1,4,415,3992,0,1,0,44,0,28,1,1,pre_allocation
719,1484,low_traffic,0,0,65535_65535,1,4,415,4083,1,1,1,45,4083,28,1,1,allocated
719,1484,low_traffic,0,0,65535_65535,1,3,415,3992,0,1,0,44,0,28,1,1,pre_allocation
719,1484,low_traffic,0,0,65535_65535,1,3,415,4083,1,1,1,45,4083,28,1,1,allocated
719,1484,low_traffic,0,0,65535_65535,1,4,415,4083,0,1,0,45,0,28,1,1,pre_allocation
719,1484,low_traffic,0,0,65535_65535,1,4,415,4174,1,1,1,46,4174,28,1,1,allocated
719,1484,low_traffic,0,0,65535_65535,1,3,415,4083,0,1,0,45,0,28,1,1,pre_allocation
719,1484,low_traffic,0,0,65535_65535,1,3,415,4174,1,1,1,46,4174,28,1,1,allocated
719,1484,low_traffic,0,0,65535_65535,1,4,415,4174,0,1,0,46,0,28,1,1,pre_allocation
719,1484,low_traffic,0,0,65535_65535,1,4,415,4265,1,1,1,47,4265,28,1,1,allocated
719,1484,low_traffic,0,0,65535_65535,1,3,415,4174,0,1,0,46,0,28,1,1,pre_allocation
719,1484,low_traffic,0,0,65535_65535,1,3,415,4265,1,1,1,47,4265,28,1,1,allocated
719,1484,low_traffic,0,0,65535_65535,1,4,415,4265,0,1,0,47,0,28,1,1,pre_allocation
719,1484,low_traffic,0,0,65535_65535,1,4,415,4356,1,1,1,48,4356,28,1,1,allocated
719,1484,low_traffic,0,0,65535_65535,1,3,415,4265,0,1,0,47,0,28,1,1,pre_allocation
719,1484,low_traffic,0,0,65535_65535,1,3,415,4356,1,1,1,48,4356,28,1,1,allocated
719,1484,low_traffic,0,0,65535_65535,1,4,415,4356,0,1,0,48,0,28,1,1,pre_allocation
719,1484,low_traffic,0,0,65535_65535,1,4,415,4447,1,1,1,49,4447,28,1,1,allocated
719,1484,low_traffic,0,0,65535_65535,1,3,415,4356,0,1,0,48,0,28,1,1,pre_allocation
719,1484,low_traffic,0,0,65535_65535,1,3,415,4447,1,1,1,49,4447,28,1,1,allocated
719,1484,low_traffic,0,0,65535_65535,1,4,415,4447,0,1,0,49,0,28,1,1,pre_allocation
719,1484,low_traffic,0,0,65535_65535,1,4,415,4539,1,1,1,50,4539,28,1,1,allocated
719,1484,low_traffic,0,0,65535_65535,1,3,415,4447,0,1,0,49,0,28,1,1,pre_allocation
719,1484,low_traffic,0,0,65535_65535,1,3,415,4539,1,1,1,50,4539,28,1,1,allocated
719,1484,low_traffic,0,0,65535_65535,1,4,415,4539,0,1,0,50,0,28,1,1,pre_allocation
719,1484,low_traffic,0,0,65535_65535,1,4,415,4627,1,1,1,51,4627,28,1,1,allocated
719,1484,low_traffic,0,0,65535_65535,1,3,415,4539,0,1,0,50,0,28,1,1,pre_allocation
719,1484,low_traffic,0,0,65535_65535,1,3,415,4627,1,1,1,51,4627,28,1,1,allocated
719,1484,low_traffic,0,0,65535_65535,1,4,415,4627,0,1,0,51,0,28,1,1,pre_allocation
719,1484,low_traffic,0,0,65535_65535,1,4,415,4718,1,1,1,52,4718,28,1,1,allocated
719,1484,low_traffic,0,0,65535_65535,1,3,415,4627,0,1,0,51,0,28,1,1,pre_allocation
719,1484,low_traffic,0,0,65535_65535,1,3,415,4718,1,1,1,52,4718,28,1,1,allocated
719,1484,low_traffic,0,0,65535_65535,1,4,415,4718,0,1,0,52,0,28,1,1,pre_allocation
719,1484,low_traffic,0,0,65535_65535,1,4,415,4809,1,1,1,53,4809,28,1,1,allocated
719,1484,low_traffic,0,0,65535_65535,1,3,415,4718,0,1,0,52,0,28,1,1,pre_allocation
719,1484,low_traffic,0,0,65535_65535,1,3,415,4809,1,1,1,53,4809,28,1,1,allocated
719,1484,low_traffic,0,0,65535_65535,1,4,415,4809,0,1,0,53,0,28,1,1,pre_allocation
719,1484,low_traffic,0,0,65535_65535,1,4,415,4900,1,1,1,54,4900,28,1,1,allocated
719,1484,low_traffic,0,0,65535_65535,1,3,415,4809,0,1,0,53,0,28,1,1,pre_allocation
719,1484,low_traffic,0,0,65535_65535,1,3,415,4900,1,1,1,54,4900,28,1,1,allocated
719,1484,low_traffic,0,0,65535_65535,1,4,415,4900,0,1,0,54,0,28,1,1,pre_allocation
719,1484,low_traffic,0,0,65535_65535,1,4,415,4991,1,1,1,55,4991,28,1,1,allocated
719,1484,low_traffic,0,0,65535_65535,1,3,415,4900,0,1,0,54,0,28,1,1,pre_allocation
719,1484,low_traffic,0,0,65535_65535,1,3,415,4991,1,1,1,55,4991,28,1,1,allocated
719,1484,low_traffic,0,0,65535_65535,1,4,415,4991,0,1,0,55,0,28,1,1,pre_allocation
719,1484,low_traffic,0,0,65535_65535,1,4,415,5082,1,1,1,56,5082,28,1,1,allocated
719,1484,low_traffic,0,0,65535_65535,1,3,415,4991,0,1,0,55,0,28,1,1,pre_allocation
719,1484,low_traffic,0,0,65535_65535,1,3,415,5082,1,1,1,56,5082,28,1,1,allocated
719,1484,low_traffic,0,0,65535_65535,1,4,415,5082,0,1,0,56,0,28,1,1,pre_allocation
719,1484,low_traffic,0,0,65535_65535,1,4,415,5173,1,1,1,57,5173,28,1,1,allocated
719,1484,low_traffic,0,0,65535_65535,1,3,415,5082,0,1,0,56,0,28,1,1,pre_allocation
719,1484,low_traffic,0,0,65535_65535,1,3,415,5173,1,1,1,57,5173,28,1,1,allocated
719,1484,low_traffic,0,0,65535_65535,1,4,415,5173,0,1,0,57,0,28,1,1,pre_allocation
719,1484,low_traffic,0,0,65535_65535,1,4,415,5264,1,1,1,58,5264,28,1,1,allocated
719,1484,low_traffic,0,0,65535_65535,1,3,415,5173,0,1,0,57,0,28,1,1,pre_allocation
719,1484,low_traffic,0,0,65535_65535,1,3,415,5264,1,1,1,58,5264,28,1,1,allocated
719,1484,low_traffic,0,0,65535_65535,1,4,415,5264,0,1,0,58,0,28,1,1,pre_allocation
719,1484,low_traffic,0,0,65535_65535,1,4,415,5355,1,1,1,59,5355,28,1,1,allocated
719,1484,low_traffic,0,0,65535_65535,1,3,415,5264,0,1,0,58,0,28,1,1,pre_allocation
719,1484,low_traffic,0,0,65535_65535,1,3,415,5355,1,1,1,59,5355,28,1,1,allocated
719,1484,low_traffic,0,0,65535_65535,1,4,415,5355,0,1,0,59,0,28,1,1,pre_allocation
719,1484,low_traffic,0,0,65535_65535,1,4,415,5443,1,1,1,60,5443,28,1,1,allocated
719,1484,low_traffic,0,0,65535_65535,1,3,415,5355,0,1,0,59,0,28,1,1,pre_allocation
719,1484,low_traffic,0,0,65535_65535,1,3,415,5443,1,1,1,60,5443,28,1,1,allocated
719,1484,low_traffic,0,0,65535_65535,1,4,415,5443,0,1,0,60,0,28,1,1,pre_allocation
719,1484,low_traffic,0,0,65535_65535,1,4,415,5534,1,1,1,61,5534,28,1,1,allocated
719,1484,low_traffic,0,0,65535_65535,1,3,415,5443,0,1,0,60,0,28,1,1,pre_allocation
719,1484,low_traffic,0,0,65535_65535,1,3,415,5534,1,1,1,61,5534,28,1,1,allocated
719,1484,low_traffic,0,0,65535_65535,1,4,415,5534,0,1,0,61,0,28,1,1,pre_allocation
719,1484,low_traffic,0,0,65535_65535,1,4,415,5625,1,1,1,62,5625,28,1,1,allocated
719,1484,low_traffic,0,0,65535_65535,1,3,415,5534,0,1,0,61,0,28,1,1,pre_allocation
719,1484,low_traffic,0,0,65535_65535,1,3,415,5625,1,1,1,62,5625,28,1,1,allocated
719,1484,low_traffic,0,0,65535_65535,1,4,415,5625,0,1,0,62,0,28,1,1,pre_allocation
719,1484,low_traffic,0,0,65535_65535,1,4,415,5717,1,1,1,63,5717,28,1,1,allocated
719,1484,low_traffic,0,0,65535_65535,1,3,415,5625,0,1,0,62,0,28,1,1,pre_allocation
719,1484,low_traffic,0,0,65535_65535,1,3,415,5717,1,1,1,63,5717,28,1,1,allocated
719,1484,low_traffic,0,0,65535_65535,1,4,415,5717,0,1,0,63,0,28,1,1,pre_allocation
719,1484,low_traffic,0,0,65535_65535,1,4,415,5808,1,1,1,64,5808,28,1,1,allocated
719,1484,low_traffic,0,0,65535_65535,1,3,415,5717,0,1,0,63,0,28,1,1,pre_allocation
719,1484,low_traffic,0,0,65535_65535,1,3,415,5808,1,1,1,64,5808,28,1,1,allocated
719,1484,low_traffic,0,0,65535_65535,1,4,415,5808,0,1,0,64,0,28,1,1,pre_allocation
719,1484,low_traffic,0,0,65535_65535,1,4,415,5899,1,1,1,65,5899,28,1,1,allocated
719,1484,low_traffic,0,0,65535_65535,1,3,415,5808,0,1,0,64,0,28,1,1,pre_allocation
719,1484,low_traffic,0,0,65535_65535,1,3,415,5899,1,1,1,65,5899,28,1,1,allocated
719,1484,low_traffic,0,0,65535_65535,1,4,415,5899,0,1,0,65,0,28,1,1,pre_allocation
719,1484,low_traffic,0,0,65535_65535,1,4,415,5990,1,1,1,66,5990,28,1,1,allocated
719,1484,low_traffic,0,0,65535_65535,1,3,415,5899,0,1,0,65,0,28,1,1,pre_allocation
719,1484,low_traffic,0,0,65535_65535,1,3,415,5990,1,1,1,66,5990,28,1,1,allocated
719,1484,low_traffic,0,0,65535_65535,1,4,415,5990,0,1,0,66,0,28,1,1,pre_allocation
719,1484,low_traffic,0,0,65535_65535,1,4,415,6081,1,1,1,67,6081,28,1,1,allocated
719,1484,low_traffic,0,0,65535_65535,1,3,415,5990,0,1,0,66,0,28,1,1,pre_allocation
719,1484,low_traffic,0,0,65535_65535,1,3,415,6081,1,1,1,67,6081,28,1,1,allocated
719,1484,low_traffic,0,0,65535_65535,1,4,415,6081,0,1,0,67,0,28,1,1,pre_allocation
719,1484,low_traffic,0,0,65535_65535,1,4,415,6169,1,1,1,68,6169,28,1,1,allocated
719,1484,low_traffic,0,0,65535_65535,1,3,415,6081,0,1,0,67,0,28,1,1,pre_allocation
719,1484,low_traffic,0,0,65535_65535,1,3,415,6169,1,1,1,68,6169,28,1,1,allocated
719,1484,low_traffic,0,0,65535_65535,1,4,415,6169,0,1,0,68,0,28,1,1,pre_allocation
719,1484,low_traffic,0,0,65535_65535,1,4,415,6260,1,1,1,69,6260,28,1,1,allocated
719,1484,low_traffic,0,0,65535_65535,1,3,415,6169,0,1,0,68,0,28,1,1,pre_allocation
719,1484,low_traffic,0,0,65535_65535,1,3,415,6260,1,1,1,69,6260,28,1,1,allocated
719,1484,low_traffic,0,0,65535_65535,1,4,415,6260,0,1,0,69,0,28,1,1,pre_allocation
719,1484,low_traffic,0,0,65535_65535,1,4,415,6351,1,1,1,70,6351,28,1,1,allocated
719,1484,low_traffic,0,0,65535_65535,1,3,415,6260,0,1,0,69,0,28,1,1,pre_allocation
719,1484,low_traffic,0,0,65535_65535,1,3,415,6351,1,1,1,70,6351,28,1,1,allocated
719,1484,low_traffic,0,0,65535_65535,1,4,415,6351,0,1,0,70,0,28,1,1,pre_allocation
719,1484,low_traffic,0,0,65535_65535,1,4,415,6442,1,1,1,71,6442,28,1,1,allocated
719,1484,low_traffic,0,0,65535_65535,1,3,415,6351,0,1,0,70,0,28,1,1,pre_allocation
719,1484,low_traffic,0,0,65535_65535,1,3,415,6442,1,1,1,71,6442,28,1,1,allocated
719,1484,low_traffic,0,0,65535_65535,1,4,415,6442,0,1,0,71,0,28,1,1,pre_allocation
719,1484,low_traffic,0,0,65535_65535,1,4,415,6533,1,1,1,72,6533,28,1,1,allocated
719,1484,low_traffic,0,0,65535_65535,1,3,415,6442,0,1,0,71,0,28,1,1,pre_allocation
719,1484,low_traffic,0,0,65535_65535,1,3,415,6533,1,1,1,72,6533,28,1,1,allocated
719,1484,low_traffic,0,0,65535_65535,1,4,415,6533,0,1,0,72,0,28,1,1,pre_allocation
719,1484,low_traffic,0,0,65535_65535,1,4,415,6624,1,1,1,73,6624,28,1,1,allocated
719,1484,low_traffic,0,0,65535_65535,1,3,415,6533,0,1,0,72,0,28,1,1,pre_allocation
719,1484,low_traffic,0,0,65535_65535,1,3,415,6624,1,1,1,73,6624,28,1,1,allocated
719,1484,low_traffic,0,0,65535_65535,1,4,415,6624,0,1,0,73,0,28,1,1,pre_allocation
719,1484,low_traffic,0,0,65535_65535,1,4,415,6715,1,1,1,74,6715,28,1,1,allocated
719,1484,low_traffic,0,0,65535_65535,1,3,415,6624,0,1,0,73,0,28,1,1,pre_allocation
719,1484,low_traffic,0,0,65535_65535,1,3,415,6715,1,1,1,74,6715,28,1,1,allocated
719,1484,low_traffic,0,0,65535_65535,1,4,415,6715,0,1,0,74,0,28,1,1,pre_allocation
719,1484,low_traffic,0,0,65535_65535,1,4,415,6807,1,1,1,75,6807,28,1,1,allocated
719,1484,low_traffic,0,0,65535_65535,1,3,415,6715,0,1,0,74,0,28,1,1,pre_allocation
719,1484,low_traffic,0,0,65535_65535,1,3,415,6807,1,1,1,75,6807,28,1,1,allocated
719,1484,low_traffic,0,0,65535_65535,1,4,415,6807,0,1,0,75,0,28,1,1,pre_allocation
719,1484,low_traffic,0,0,65535_65535,1,4,415,6895,1,1,1,76,6895,28,1,1,allocated
719,1484,low_traffic,0,0,65535_65535,1,3,415,6807,0,1,0,75,0,28,1,1,pre_allocation
719,1484,low_traffic,0,0,65535_65535,1,3,415,6895,1,1,1,76,6895,28,1,1,allocated
719,1484,low_traffic,0,0,65535_65535,1,4,415,6895,0,1,0,76,0,28,1,1,pre_allocation
719,1484,low_traffic,0,0,65535_65535,1,4,415,6986,1,1,1,77,6986,28,1,1,allocated
719,1484,low_traffic,0,0,65535_65535,1,3,415,6895,0,1,0,76,0,28,1,1,pre_allocation
719,1484,low_traffic,0,0,65535_65535,1,3,415,6986,1,1,1,77,6986,28,1,1,allocated
719,1484,low_traffic,0,0,65535_65535,1,4,415,6986,0,1,0,77,0,28,1,1,pre_allocation
719,1484,low_traffic,0,0,65535_65535,1,4,415,7077,1,1,1,78,7077,28,1,1,allocated
719,1484,low_traffic,0,0,65535_65535,1,3,415,6986,0,1,0,77,0,28,1,1,pre_allocation
719,1484,low_traffic,0,0,65535_65535,1,3,415,7077,1,1,1,78,7077,28,1,1,allocated
719,1484,low_traffic,0,0,65535_65535,1,4,415,7077,0,1,0,78,0,28,1,1,pre_allocation
719,1484,low_traffic,0,0,65535_65535,1,4,415,7168,1,1,1,79,7168,28,1,1,allocated
719,1484,low_traffic,0,0,65535_65535,1,3,415,7077,0,1,0,78,0,28,1,1,pre_allocation
719,1484,low_traffic,0,0,65535_65535,1,3,415,7168,1,1,1,79,7168,28,1,1,allocated
719,1484,low_traffic,0,0,65535_65535,1,4,415,7168,0,1,0,79,0,28,1,1,pre_allocation
719,1484,low_traffic,0,0,65535_65535,1,4,415,7259,1,1,1,80,7259,28,1,1,allocated
719,1484,low_traffic,0,0,65535_65535,1,3,415,7168,0,1,0,79,0,28,1,1,pre_allocation
719,1484,low_traffic,0,0,65535_65535,1,3,415,7259,1,1,1,80,7259,28,1,1,allocated
719,1484,low_traffic,0,0,65535_65535,1,4,415,7259,0,1,0,80,0,28,1,1,pre_allocation
719,1484,low_traffic,0,0,65535_65535,1,4,415,7350,1,1,1,81,7350,28,1,1,allocated
719,1484,low_traffic,0,0,65535_65535,1,3,415,7259,0,1,0,80,0,28,1,1,pre_allocation
719,1484,low_traffic,0,0,65535_65535,1,3,415,7350,1,1,1,81,7350,28,1,1,allocated
719,1484,low_traffic,0,0,65535_65535,1,4,415,7350,0,1,0,81,0,28,1,1,pre_allocation
719,1484,low_traffic,0,0,65535_65535,1,4,415,7441,1,1,1,82,7441,28,1,1,allocated
719,1484,low_traffic,0,0,65535_65535,1,3,415,7350,0,1,0,81,0,28,1,1,pre_allocation
719,1484,low_traffic,0,0,65535_65535,1,3,415,7441,1,1,1,82,7441,28,1,1,allocated
719,1484,low_traffic,0,0,65535_65535,1,4,415,7441,0,1,0,82,0,28,1,1,pre_allocation
719,1484,low_traffic,0,0,65535_65535,1,4,415,7532,1,1,1,83,7532,28,1,1,allocated
719,1484,low_traffic,0,0,65535_65535,1,3,415,7441,0,1,0,82,0,28,1,1,pre_allocation
719,1484,low_traffic,0,0,65535_65535,1,3,415,7532,1,1,1,83,7532,28,1,1,allocated
719,1484,low_traffic,0,0,65535_65535,1,4,415,7532,0,1,0,83,0,28,1,1,pre_allocation
719,1484,low_traffic,0,0,65535_65535,1,4,415,7623,1,1,1,84,7623,28,1,1,allocated
719,1484,low_traffic,0,0,65535_65535,1,3,415,7532,0,1,0,83,0,28,1,1,pre_allocation
719,1484,low_traffic,0,0,65535_65535,1,3,415,7623,1,1,1,84,7623,28,1,1,allocated
719,1484,low_traffic,0,0,65535_65535,1,4,415,7623,0,1,0,84,0,28,1,1,pre_allocation
719,1484,low_traffic,0,0,65535_65535,1,4,415,7711,1,1,1,85,7711,28,1,1,allocated
719,1484,low_traffic,0,0,65535_65535,1,3,415,7623,0,1,0,84,0,28,1,1,pre_allocation
719,1484,low_traffic,0,0,65535_65535,1,3,415,7711,1,1,1,85,7711,28,1,1,allocated
719,1484,low_traffic,0,0,65535_65535,1,4,415,7711,0,1,0,85,0,28,1,1,pre_allocation
719,1484,low_traffic,0,0,65535_65535,1,4,415,7802,1,1,1,86,7802,28,1,1,allocated
719,1484,low_traffic,0,0,65535_65535,1,3,415,7711,0,1,0,85,0,28,1,1,pre_allocation
719,1484,low_traffic,0,0,65535_65535,1,3,415,7802,1,1,1,86,7802,28,1,1,allocated
719,1484,low_traffic,0,0,65535_65535,1,4,415,7802,0,1,0,86,0,28,1,1,pre_allocation
719,1484,low_traffic,0,0,65535_65535,1,4,415,7893,1,1,1,87,7893,28,1,1,allocated
719,1484,low_traffic,0,0,65535_65535,1,3,415,7802,0,1,0,86,0,28,1,1,pre_allocation
719,1484,low_traffic,0,0,65535_65535,1,3,415,7893,1,1,1,87,7893,28,1,1,allocated
719,1484,low_traffic,0,0,65535_65535,1,4,415,7893,0,1,0,87,0,28,1,1,pre_allocation
719,1484,low_traffic,0,0,65535_65535,1,4,415,7985,1,1,1,88,7985,28,1,1,allocated
719,1484,low_traffic,0,0,65535_65535,1,3,415,7893,0,1,0,87,0,28,1,1,pre_allocation
719,1484,low_traffic,0,0,65535_65535,1,3,415,7985,1,1,1,88,7985,28,1,1,allocated
719,1484,low_traffic,0,0,65535_65535,1,4,415,7985,0,1,0,88,0,28,1,1,pre_allocation
719,1484,low_traffic,0,0,65535_65535,1,4,415,8076,1,1,1,89,8076,28,1,1,allocated
719,1484,low_traffic,0,0,65535_65535,1,3,415,7985,0,1,0,88,0,28,1,1,pre_allocation
719,1484,low_traffic,0,0,65535_65535,1,3,415,8076,1,1,1,89,8076,28,1,1,allocated
719,1484,low_traffic,0,0,65535_65535,1,4,415,8076,0,1,0,89,0,28,1,1,pre_allocation
719,1484,low_traffic,0,0,65535_65535,1,4,415,8167,1,1,1,90,8167,28,1,1,allocated
719,1484,low_traffic,0,0,65535_65535,1,3,415,8076,0,1,0,89,0,28,1,1,pre_allocation
719,1484,low_traffic,0,0,65535_65535,1,3,415,8167,1,1,1,90,8167,28,1,1,allocated
719,1484,low_traffic,0,0,65535_65535,1,4,415,8167,0,1,0,90,0,28,1,1,pre_allocation
719,1484,low_traffic,0,0,65535_65535,1,4,415,8258,1,1,1,91,8258,28,1,1,allocated
719,1484,low_traffic,0,0,65535_65535,1,3,415,8167,0,1,0,90,0,28,1,1,pre_allocation
719,1484,low_traffic,0,0,65535_65535,1,3,415,8258,1,1,1,91,8258,28,1,1,allocated
719,1484,low_traffic,0,0,65535_65535,1,4,415,8258,0,1,0,91,0,28,1,1,pre_allocation
719,1484,low_traffic,0,0,65535_65535,1,4,415,8349,1,1,1,92,8349,28,1,1,allocated
719,1484,low_traffic,0,0,65535_65535,1,3,415,8258,0,1,0,91,0,28,1,1,pre_allocation
719,1484,low_traffic,0,0,65535_65535,1,3,415,8349,1,1,1,92,8349,28,1,1,allocated
719,1484,low_traffic,0,0,65535_65535,1,4,415,8349,0,1,0,92,0,28,1,1,pre_allocation
719,1484,low_traffic,0,0,65535_65535,1,4,415,8437,1,1,1,93,8437,28,1,1,allocated
719,1484,low_traffic,0,0,65535_65535,1,3,415,8349,0,1,0,92,0,28,1,1,pre_allocation
719,1484,low_traffic,0,0,65535_65535,1,3,415,8437,1,1,1,93,8437,28,1,1,allocated
719,1484,low_traffic,0,0,65535_65535,1,4,415,8437,0,1,0,93,0,28,1,1,pre_allocation
719,1484,low_traffic,0,0,65535_65535,1,4,415,8528,1,1,1,94,8528,28,1,1,allocated
719,1484,low_traffic,0,0,65535_65535,1,3,415,8437,0,1,0,93,0,28,1,1,pre_allocation
719,1484,low_traffic,0,0,65535_65535,1,3,415,8528,1,1,1,94,8528,28,1,1,allocated
719,1484,low_traffic,0,0,65535_65535,1,4,415,8528,0,1,0,94,0,28,1,1,pre_allocation
719,1484,low_traffic,0,0,65535_65535,1,4,415,8619,1,1,1,95,8619,28,1,1,allocated
719,1484,low_traffic,0,0,65535_65535,1,3,415,8528,0,1,0,94,0,28,1,1,pre_allocation
719,1484,low_traffic,0,0,65535_65535,1,3,415,8619,1,1,1,95,8619,28,1,1,allocated
719,1484,low_traffic,0,0,65535_65535,1,4,415,8619,0,1,0,95,0,28,1,1,pre_allocation
719,1484,low_traffic,0,0,65535_65535,1,4,415,8710,1,1,1,96,8710,28,1,1,allocated
719,1484,low_traffic,0,0,65535_65535,1,3,415,8619,0,1,0,95,0,28,1,1,pre_allocation
719,1484,low_traffic,0,0,65535_65535,1,3,415,8710,1,1,1,96,8710,28,1,1,allocated
719,1484,low_traffic,0,0,65535_65535,1,4,415,8710,0,1,0,96,0,28,1,1,pre_allocation
719,1484,low_traffic,0,0,65535_65535,1,4,415,8801,1,1,1,97,8801,28,1,1,allocated
719,1484,low_traffic,0,0,65535_65535,1,3,415,8710,0,1,0,96,0,28,1,1,pre_allocation
719,1484,low_traffic,0,0,65535_65535,1,3,415,8801,1,1,1,97,8801,28,1,1,allocated
719,1484,low_traffic,0,0,65535_65535,1,4,415,8801,0,1,0,97,0,28,1,1,pre_allocation
719,1484,low_traffic,0,0,65535_65535,1,4,415,8892,1,1,1,98,8892,28,1,1,allocated
719,1484,low_traffic,0,0,65535_65535,1,3,415,8801,0,1,0,97,0,28,1,1,pre_allocation
719,1484,low_traffic,0,0,65535_65535,1,3,415,8892,1,1,1,98,8892,28,1,1,allocated
719,1484,low_traffic,0,0,65535_65535,1,4,415,8892,0,1,0,98,0,28,1,1,pre_allocation
719,1484,low_traffic,0,0,65535_65535,1,4,415,8983,1,1,1,99,8983,28,1,1,allocated
719,1484,low_traffic,0,0,65535_65535,1,3,415,8892,0,1,0,98,0,28,1,1,pre_allocation
719,1484,low_traffic,0,0,65535_65535,1,3,415,8983,1,1,1,99,8983,28,1,1,allocated
719,1484,low_traffic,0,0,65535_65535,1,4,415,8983,0,1,0,99,0,28,1,1,pre_allocation
719,1484,low_traffic,0,0,65535_65535,1,4,415,9075,1,1,1,100,9075,28,1,1,allocated
719,1484,low_traffic,0,0,65535_65535,1,3,415,8983,0,1,0,99,0,28,1,1,pre_allocation
719,1484,low_traffic,0,0,65535_65535,1,3,415,9075,1,1,1,100,9075,28,1,1,allocated
719,1484,low_traffic,0,0,65535_65535,1,4,415,9075,0,1,0,100,0,28,1,1,pre_allocation
719,1484,low_traffic,0,0,65535_65535,1,4,415,9166,1,1,1,101,9166,28,1,1,allocated
719,1484,low_traffic,0,0,65535_65535,1,3,415,9075,0,1,0,100,0,28,1,1,pre_allocation
719,1484,low_traffic,0,0,65535_65535,1,3,415,9166,1,1,1,101,9166,28,1,1,allocated
719,1484,low_traffic,0,0,65535_65535,1,4,415,9166,0,1,0,101,0,28,1,1,pre_allocation
719,1484,low_traffic,0,0,65535_65535,1,4,415,9254,1,1,1,102,9254,28,1,1,allocated
719,1484,low_traffic,0,0,65535_65535,1,3,415,9166,0,1,0,101,0,28,1,1,pre_allocation
719,1484,low_traffic,0,0,65535_65535,1,3,415,9254,1,1,1,102,9254,28,1,1,allocated
719,1484,low_traffic,0,0,65535_65535,1,4,415,9254,0,1,0,102,0,28,1,1,pre_allocation
719,1484,low_traffic,0,0,65535_65535,1,4,415,9345,1,1,1,103,9345,28,1,1,allocated
719,1484,low_traffic,0,0,65535_65535,1,3,415,9254,0,1,0,102,0,28,1,1,pre_allocation
719,1484,low_traffic,0,0,65535_65535,1,3,415,9345,1,1,1,103,9345,28,1,1,allocated
719,1484,low_traffic,0,0,65535_65535,1,4,415,9345,0,1,0,103,0,28,1,1,pre_allocation
719,1484,low_traffic,0,0,65535_65535,1,4,415,9436,1,1,1,104,9436,28,1,1,allocated
719,1484,low_traffic,0,0,65535_65535,1,3,415,9345,0,1,0,103,0,28,1,1,pre_allocation
719,1484,low_traffic,0,0,65535_65535,1,3,415,9436,1,1,1,104,9436,28,1,1,allocated
