timestamp,ueImsi,sliceId,dTxBytes,dRxBytes,plr,resourceSharePct,dLostPackets,throughputMbps,bufferBytes
560,1,0,24448,1528,93.75,44.03,15,1.2224,134568
560,2,0,24448,1528,93.75,44.03,15,1.2224,134455
560,3,0,24448,1528,93.75,44.03,15,1.2224,134440
560,4,0,24448,1528,93.75,44.03,15,1.2224,134453
560,5,0,24448,1528,93.75,44.03,15,1.2224,134436
560,6,1,390,312,20.00,37.34,1,0.2496,169
560,7,1,390,312,20.00,37.34,1,0.2496,169
560,8,1,390,312,20.00,37.34,1,0.2496,169
560,9,1,390,312,20.00,37.34,1,0.2496,169
560,10,1,390,312,20.00,37.34,1,0.2496,169
560,11,2,16000,768,95.20,18.62,119,0.6144,90319
560,12,2,16000,640,96.00,18.62,120,0.5120,90411
560,13,2,16000,768,95.20,18.62,119,0.6144,90322
560,14,2,16000,768,95.20,18.62,119,0.6144,90322
560,15,2,16000,512,96.80,18.62,121,0.4096,90342
560,16,2,16000,512,96.80,18.62,121,0.4096,90359
560,17,2,16000,512,96.80,18.62,121,0.4096,90368
560,18,2,16000,512,96.80,18.62,121,0.4096,90368
560,19,2,16000,512,96.80,18.62,121,0.4096,90365
560,20,2,16000,512,96.80,18.62,121,0.4096,90365
