timestamp,ueImsi,sliceId,dTxBytes,dRxBytes,plr,resourceSharePct,dLostPackets,throughputMbps,bufferBytes,dlBufferBytes,ulBufferBytes,macBufferBytes,congestionPct,lastDrlActionStatus
9900,1,0,128736,0,100.00,33.83,112,0.0000,1199892,0,1199892,1199892,11.44,applied
9900,2,0,128736,11052,91.96,33.83,103,0.8842,1200005,0,1200005,1200005,11.44,applied
9900,3,0,128736,68768,50.00,33.83,56,5.5014,1200005,0,1200005,1200005,11.44,applied
9900,4,0,128736,0,100.00,33.83,112,0.0000,34,0,34,34,0.00,applied
9900,5,0,128736,0,100.00,33.83,112,0.0000,34,0,34,34,0.00,applied
9900,6,1,0,0,0.00,29.70,0,0.0000,34,0,34,34,0.00,applied
9900,7,1,0,0,0.00,29.70,0,0.0000,34,0,34,34,0.00,applied
9900,8,1,0,0,0.00,29.70,0,0.0000,34,0,34,34,0.00,applied
9900,9,1,0,0,0.00,29.70,0,0.0000,34,0,34,34,0.00,applied
9900,10,1,0,0,0.00,29.70,0,0.0000,34,0,34,34,0.00,applied
9900,11,1,0,0,0.00,29.70,0,0.0000,34,0,34,34,0.00,applied
9900,12,1,0,0,0.00,29.70,0,0.0000,34,0,34,34,0.00,applied
9900,13,1,0,0,0.00,29.70,0,0.0000,34,0,34,34,0.00,applied
9900,14,2,65200,940,90.00,36.47,45,0.0752,1043,1043,51,1094,0.01,applied
9900,15,2,65200,0,100.00,36.47,50,0.0000,1074,1074,51,1125,0.01,applied
9900,16,2,65200,940,90.00,36.47,45,0.0752,1036,1036,51,1087,0.01,applied
9900,17,2,65200,0,100.00,36.47,50,0.0000,1418,1418,51,1469,0.01,applied
9900,18,2,65200,0,100.00,36.47,50,0.0000,1074,1074,51,1125,0.01,applied
