timestamp,ueImsi,sliceId,dTxBytes,dRxBytes,plr,resourceSharePct,dLostPackets,throughputMbps,bufferBytes,dlBufferBytes,ulBufferBytes,macBufferBytes,congestionPct,lastDrlActionStatus
9900,1,0,128736,0,100.00,40.25,112,0.0000,1199403,60915,1199403,1260318,12.02,applied
9900,2,0,128736,34384,75.00,40.25,84,2.7507,1200005,60253,1200005,1260258,12.02,applied
9900,3,0,128736,4912,96.43,40.25,108,0.3930,1200005,60321,1200005,1260326,12.02,applied
9900,4,0,128736,0,100.00,40.25,112,0.0000,34,61520,34,61554,0.59,applied
9900,5,0,128736,0,100.00,40.25,112,0.0000,3914,60321,3914,64235,0.61,applied
9900,6,1,0,0,0.00,33.74,0,0.0000,34,0,34,34,0.00,applied
9900,7,1,0,0,0.00,33.74,0,0.0000,34,0,34,34,0.00,applied
9900,8,1,0,0,0.00,33.74,0,0.0000,34,0,34,34,0.00,applied
9900,9,1,0,0,0.00,33.74,0,0.0000,34,0,34,34,0.00,applied
9900,10,1,0,0,0.00,33.74,0,0.0000,34,0,34,34,0.00,applied
9900,11,1,0,0,0.00,33.74,0,0.0000,34,0,34,34,0.00,applied
9900,12,1,0,0,0.00,33.74,0,0.0000,34,0,34,34,0.00,applied
9900,13,1,0,0,0.00,33.74,0,0.0000,34,0,34,34,0.00,applied
9900,14,2,65200,940,90.00,26.01,45,0.0752,3834366,3834366,51,3834417,36.57,applied
9900,15,2,65200,0,100.00,26.01,50,0.0000,3834480,3834480,51,3834531,36.57,applied
9900,16,2,65200,940,90.00,26.01,45,0.0752,3834366,3834366,51,3834417,36.57,applied
9900,17,2,65200,0,100.00,26.01,50,0.0000,3836977,3836977,51,3837028,36.59,applied
9900,18,2,65200,0,100.00,26.01,50,0.0000,3834366,3834366,51,3834417,36.57,applied
