timestamp,ueImsi,sliceId,dTxBytes,dRxBytes,plr,resourceSharePct,dLostPackets,throughputMbps,bufferBytes
3960,1,0,25976,4584,82.35,34.14,14,3.6672,7917858
3960,2,0,25976,4584,82.35,34.14,14,3.6672,7917844
3960,3,0,25976,4584,82.35,34.14,14,3.6672,7917965
3960,4,0,25976,3056,88.24,34.14,15,2.4448,7917781
3960,5,0,25976,3056,88.24,34.14,15,2.4448,7917628
3960,6,1,390,390,0.00,29.22,0,0.3120,87
3960,7,1,390,390,0.00,29.22,0,0.3120,87
3960,8,1,390,390,0.00,29.22,0,0.3120,87
3960,9,1,390,390,0.00,29.22,0,0.3120,87
3960,10,1,390,390,0.00,29.22,0,0.3120,87
3960,11,2,16000,2176,86.40,36.64,108,1.7408,4846447
3960,12,2,16000,2176,86.40,36.64,108,1.7408,4846489
3960,13,2,16000,2176,86.40,36.64,108,1.7408,4846442
3960,14,2,16000,2176,86.40,36.64,108,1.7408,4846408
3960,15,2,16000,2176,86.40,36.64,108,1.7408,4846401
3960,16,2,16000,2176,86.40,36.64,108,1.7408,4846497
3960,17,2,16000,2176,86.40,36.64,108,1.7408,4846514
3960,18,2,16000,2176,86.40,36.64,108,1.7408,4846262
3960,19,2,16000,2176,86.40,36.64,108,1.7408,4846502
3960,20,2,16000,2176,86.40,36.64,108,1.7408,4846482
