timestamp,sliceId,dedicatedPRB,minPRB,maxPRB
510,0,36.85898457974393,36.85898457974393,100.0
510,1,37.4861007272012,37.4861007272012,100.0
510,2,25.65491469305487,25.65491469305487,100.0
520,0,37.00819370166931,37.00819370166931,100.0
520,1,32.938354007890055,32.938354007890055,100.0
520,2,30.053452290440635,30.053452290440635,100.0
530,0,53.907460467948454,53.907460467948454,100.0
530,1,26.117041737002104,26.117041737002104,100.0
530,2,19.975497795049435,19.975497795049435,100.0
540,0,30.99940137569431,30.99940137569431,100.0
540,1,38.976571981423945,38.976571981423945,100.0
540,2,30.02402664288175,30.02402664288175,100.0
550,0,37.28723270386157,37.28723270386157,100.0
550,1,38.0668881367403,38.0668881367403,100.0
550,2,24.64587915939813,24.64587915939813,100.0
