timestamp,sliceId,dedicatedPRB,minPRB,maxPRB
600,0,36.38173125172486,36.38173125172486,100.0
600,1,39.359672821542006,39.359672821542006,100.0
600,2,24.258595926733133,24.258595926733133,100.0
700,0,21.419222191327204,21.419222191327204,100.0
700,1,43.01522982383451,43.01522982383451,100.0
700,2,35.56554798483829,35.56554798483829,100.0
800,0,24.426503538757395,24.426503538757395,100.0
800,1,43.0072308099266,43.0072308099266,100.0
800,2,32.566265651316016,32.566265651316016,100.0
900,0,24.54796357318814,24.54796357318814,100.0
900,1,48.32214362489647,48.32214362489647,100.0
900,2,27.129892801915386,27.129892801915386,100.0
1000,0,37.495746182584284,37.495746182584284,100.0
1000,1,42.20142088324021,42.20142088324021,100.0
1000,2,20.302832934175512,20.302832934175512,100.0
1100,0,20.361752828979302,20.361752828979302,100.0
1100,1,43.608357778228175,43.608357778228175,100.0
1100,2,36.029889392792526,36.029889392792526,100.0
1200,0,38.84193569316095,38.84193569316095,100.0
1200,1,38.3068491054927,38.3068491054927,100.0
1200,2,22.85121520134636,22.85121520134636,100.0
1300,0,21.087180665306644,21.087180665306644,100.0
1300,1,44.96333156513593,44.96333156513593,100.0
1300,2,33.94948776955742,33.94948776955742,100.0
1400,0,33.24545427979089,33.24545427979089,100.0
1400,1,46.8566723026144,46.8566723026144,100.0
1400,2,19.89787341759472,19.89787341759472,100.0
1500,0,42.523759957091976,42.523759957091976,100.0
1500,1,31.255394961986475,31.255394961986475,100.0
1500,2,26.22084508092155,26.22084508092155,100.0
1600,0,31.843841315101184,31.843841315101184,100.0
1600,1,32.34776734780972,32.34776734780972,100.0
1600,2,35.808391337089105,35.808391337089105,100.0
1700,0,25.70908727485493,25.70908727485493,100.0
1700,1,40.86908389844546,40.86908389844546,100.0
1700,2,33.42182882669961,33.42182882669961,100.0
1800,0,29.494327299664636,29.494327299664636,100.0
1800,1,27.860562581061473,27.860562581061473,100.0
1800,2,42.645110119273895,42.645110119273895,100.0
1900,0,33.81220388781365,33.81220388781365,100.0
1900,1,40.76423982170378,40.76423982170378,100.0
1900,2,25.42355629048257,25.42355629048257,100.0
2000,0,32.42340822054403,32.42340822054403,100.0
2000,1,32.98826831699606,32.98826831699606,100.0
2000,2,34.588323462459904,34.588323462459904,100.0
2100,0,37.68338191670752,37.68338191670752,100.0
2100,1,28.211566717507942,28.211566717507942,100.0
2100,2,34.10505136578455,34.10505136578455,100.0
2200,0,36.74181129425437,36.74181129425437,100.0
2200,1,38.52203230279191,38.52203230279191,100.0
2200,2,24.736156402953718,24.736156402953718,100.0
2300,0,35.51825426300201,35.51825426300201,100.0
2300,1,36.8415386921719,36.8415386921719,100.0
2300,2,27.64020704482608,27.64020704482608,100.0
2400,0,49.484958843261964,49.484958843261964,100.0
2400,1,27.348996745281333,27.348996745281333,100.0
2400,2,23.1660444114567,23.1660444114567,100.0
2500,0,41.48921051868907,41.48921051868907,100.0
2500,1,31.397361663633745,31.397361663633745,100.0
2500,2,27.113427817677184,27.113427817677184,100.0
2600,0,26.46210638952552,26.46210638952552,100.0
2600,1,32.56490314090044,32.56490314090044,100.0
2600,2,40.972990469574036,40.972990469574036,100.0
2700,0,32.65684451562905,32.65684451562905,100.0
2700,1,30.585288455478356,30.585288455478356,100.0
2700,2,36.757867028892605,36.757867028892605,100.0
2800,0,31.784305093277542,31.784305093277542,100.0
2800,1,37.82037975606816,37.82037975606816,100.0
2800,2,30.3953151506543,30.3953151506543,100.0
2900,0,31.054804000434334,31.054804000434334,100.0
2900,1,45.95626725628515,45.95626725628515,100.0
2900,2,22.98892874328053,22.98892874328053,100.0
3000,0,38.055093196960314,38.055093196960314,100.0
3000,1,29.540041928497153,29.540041928497153,100.0
3000,2,32.404864874542525,32.404864874542525,100.0
3100,0,30.17325569550081,30.17325569550081,100.0
3100,1,42.16163832619779,42.16163832619779,100.0
3100,2,27.66510597830139,27.66510597830139,100.0
3200,0,36.82496527042952,36.82496527042952,100.0
3200,1,44.984463919812924,44.984463919812924,100.0
3200,2,18.19057080975756,18.19057080975756,100.0
3300,0,26.85456031409494,26.85456031409494,100.0
3300,1,35.9157852211949,35.9157852211949,100.0
3300,2,37.229654464710165,37.229654464710165,100.0
3400,0,42.31896367865563,42.31896367865563,100.0
3400,1,33.00707668047541,33.00707668047541,100.0
3400,2,24.673959640868976,24.673959640868976,100.0
3500,0,30.498675921755392,30.498675921755392,100.0
3500,1,47.415704962224254,47.415704962224254,100.0
3500,2,22.085619116020354,22.085619116020354,100.0
3600,0,36.99659002611294,36.99659002611294,100.0
3600,1,45.00091875967779,45.00091875967779,100.0
3600,2,18.002491214209275,18.002491214209275,100.0
3700,0,26.2277478501039,26.2277478501039,100.0
3700,1,51.51760398900962,51.51760398900962,100.0
3700,2,22.254648160886482,22.254648160886482,100.0
3800,0,35.91899395945245,35.91899395945245,100.0
3800,1,36.07407796866977,36.07407796866977,100.0
3800,2,28.00692807187778,28.00692807187778,100.0
3900,0,47.94545545189678,47.94545545189678,100.0
3900,1,25.68742808045864,25.68742808045864,100.0
3900,2,26.36711646764458,26.36711646764458,100.0
4000,0,51.415705263130775,51.415705263130775,100.0
4000,1,26.79560044193736,26.79560044193736,100.0
4000,2,21.788694294931872,21.788694294931872,100.0
4100,0,28.954200482331494,28.954200482331494,100.0
4100,1,41.66577963439416,41.66577963439416,100.0
4100,2,29.380019883274343,29.380019883274343,100.0
4200,0,24.587264386710753,24.587264386710753,100.0
4200,1,32.95765895275798,32.95765895275798,100.0
4200,2,42.45507666053127,42.45507666053127,100.0
4300,0,26.858731445173518,26.858731445173518,100.0
4300,1,43.736394118274596,43.736394118274596,100.0
4300,2,29.404874436551886,29.404874436551886,100.0
4400,0,42.99783812888301,42.99783812888301,100.0
4400,1,26.050953996071907,26.050953996071907,100.0
4400,2,30.95120787504509,30.95120787504509,100.0
4500,0,24.52253766027947,24.52253766027947,100.0
4500,1,46.08618683613532,46.08618683613532,100.0
4500,2,29.391275503585213,29.391275503585213,100.0
4600,0,29.932367658857135,29.932367658857135,100.0
4600,1,39.01784597983558,39.01784597983558,100.0
4600,2,31.0497863613073,31.0497863613073,100.0
4700,0,23.36455924088229,23.36455924088229,100.0
4700,1,52.728691206593425,52.728691206593425,100.0
4700,2,23.906749552524285,23.906749552524285,100.0
4800,0,34.80090539987369,34.80090539987369,100.0
4800,1,32.00103936125182,32.00103936125182,100.0
4800,2,33.19805523887449,33.19805523887449,100.0
4900,0,37.86763189178903,37.86763189178903,100.0
4900,1,30.694972619039007,30.694972619039007,100.0
4900,2,31.43739548917196,31.43739548917196,100.0
5000,0,41.58545889794275,41.58545889794275,100.0
5000,1,36.0141985340583,36.0141985340583,100.0
5000,2,22.400342567998944,22.400342567998944,100.0
5100,0,35.645753319552064,35.645753319552064,100.0
5100,1,38.16992245483245,38.16992245483245,100.0
5100,2,26.184324225615484,26.184324225615484,100.0
5200,0,27.341245869625304,27.341245869625304,100.0
5200,1,29.83957467174304,29.83957467174304,100.0
5200,2,42.81917945863165,42.81917945863165,100.0
5300,0,47.70878805000242,47.70878805000242,100.0
5300,1,30.693636542353374,30.693636542353374,100.0
5300,2,21.597575407644204,21.597575407644204,100.0
5400,0,31.74965770767343,31.74965770767343,100.0
5400,1,33.8562565059641,33.8562565059641,100.0
5400,2,34.394085786362474,34.394085786362474,100.0
5500,0,36.41113567840753,36.41113567840753,100.0
5500,1,28.442785626074183,28.442785626074183,100.0
5500,2,35.14607869551828,35.14607869551828,100.0
5600,0,28.963273269803224,28.963273269803224,100.0
5600,1,36.394956778285504,36.394956778285504,100.0
5600,2,34.64176995191128,34.64176995191128,100.0
5700,0,24.529296657992976,24.529296657992976,100.0
5700,1,51.37334533404283,51.37334533404283,100.0
5700,2,24.097358007964196,24.097358007964196,100.0
5800,0,48.560707556305374,48.560707556305374,100.0
5800,1,28.66368644025654,28.66368644025654,100.0
5800,2,22.775606003438085,22.775606003438085,100.0
5900,0,24.147192650946163,24.147192650946163,100.0
5900,1,44.33643106867257,44.33643106867257,100.0
5900,2,31.516376280381266,31.516376280381266,100.0
6000,0,30.517554653463975,30.517554653463975,100.0
6000,1,31.116366534265588,31.116366534265588,100.0
6000,2,38.36607881227044,38.36607881227044,100.0
6100,0,27.785071776889573,27.785071776889573,100.0
6100,1,41.63239955470587,41.63239955470587,100.0
6100,2,30.582528668404557,30.582528668404557,100.0
6200,0,38.87166136331191,38.87166136331191,100.0
6200,1,24.892401841742302,24.892401841742302,100.0
6200,2,36.235936794945786,36.235936794945786,100.0
6300,0,36.23989630379061,36.23989630379061,100.0
6300,1,31.601873440043406,31.601873440043406,100.0
6300,2,32.158230256165986,32.158230256165986,100.0
6400,0,25.825350352913023,25.825350352913023,100.0
6400,1,54.40071638146756,54.40071638146756,100.0
6400,2,19.773933265619416,19.773933265619416,100.0
6500,0,26.354178463822237,26.354178463822237,100.0
6500,1,48.22655450069115,48.22655450069115,100.0
6500,2,25.419267035486605,25.419267035486605,100.0
6600,0,38.6507158382209,38.6507158382209,100.0
6600,1,28.19870605488002,28.19870605488002,100.0
6600,2,33.15057810689909,33.15057810689909,100.0
6700,0,27.630146024946878,27.630146024946878,100.0
6700,1,36.79980967513751,36.79980967513751,100.0
6700,2,35.570044299915615,35.570044299915615,100.0
6800,0,26.480285969569227,26.480285969569227,100.0
6800,1,52.999824729247194,52.999824729247194,100.0
6800,2,20.519889301183593,20.519889301183593,100.0
6900,0,48.97995878951599,48.97995878951599,100.0
6900,1,28.787333785502806,28.787333785502806,100.0
6900,2,22.2327074249812,22.2327074249812,100.0
7000,0,24.720069341994673,24.720069341994673,100.0
7000,1,45.9458989059058,45.9458989059058,100.0
7000,2,29.33403175209953,29.33403175209953,100.0
7100,0,33.309419703491706,33.309419703491706,100.0
7100,1,35.30392124725352,35.30392124725352,100.0
7100,2,31.386659049254774,31.386659049254774,100.0
7200,0,37.99810049701241,37.99810049701241,100.0
7200,1,32.417537281105126,32.417537281105126,100.0
7200,2,29.584362221882476,29.584362221882476,100.0
7300,0,24.99600608377081,24.99600608377081,100.0
7300,1,54.693789868218325,54.693789868218325,100.0
7300,2,20.310204048010878,20.310204048010878,100.0
7400,0,38.16061986776997,38.16061986776997,100.0
7400,1,24.692374364629078,24.692374364629078,100.0
7400,2,37.14700576760095,37.14700576760095,100.0
7500,0,27.501645253383543,27.501645253383543,100.0
7500,1,39.56081515890351,39.56081515890351,100.0
7500,2,32.93753958771294,32.93753958771294,100.0
7600,0,34.32514394471612,34.32514394471612,100.0
7600,1,37.42799653146767,37.42799653146767,100.0
7600,2,28.24685952381621,28.24685952381621,100.0
7700,0,49.841063017250264,49.841063017250264,100.0
7700,1,27.997850732746386,27.997850732746386,100.0
7700,2,22.161086250003358,22.161086250003358,100.0
7800,0,34.91481906234725,34.91481906234725,100.0
7800,1,42.556766766410384,42.556766766410384,100.0
7800,2,22.52841417124237,22.52841417124237,100.0
7900,0,37.42362868249065,37.42362868249065,100.0
7900,1,34.34717643524431,34.34717643524431,100.0
7900,2,28.22919488226504,28.22919488226504,100.0
8000,0,47.080194577151204,47.080194577151204,100.0
8000,1,29.55659844759847,29.55659844759847,100.0
8000,2,23.363206975250336,23.363206975250336,100.0
8100,0,35.09956113119604,35.09956113119604,100.0
8100,1,28.495670444956872,28.495670444956872,100.0
8100,2,36.40476842384709,36.40476842384709,100.0
8200,0,29.17718698249303,29.17718698249303,100.0
8200,1,35.0642129564259,35.0642129564259,100.0
8200,2,35.75860006108107,35.75860006108107,100.0
8300,0,27.971785132145037,27.971785132145037,100.0
8300,1,46.5939551860626,46.5939551860626,100.0
8300,2,25.43425968179236,25.43425968179236,100.0
8400,0,35.70521572999807,35.70521572999807,100.0
8400,1,43.801991408687115,43.801991408687115,100.0
8400,2,20.492792861314825,20.492792861314825,100.0
8500,0,28.542327079630127,28.542327079630127,100.0
8500,1,32.2763875706169,32.2763875706169,100.0
8500,2,39.181285349752976,39.181285349752976,100.0
8600,0,39.94852898992782,39.94852898992782,100.0
8600,1,35.10841141753199,35.10841141753199,100.0
8600,2,24.943059592540184,24.943059592540184,100.0
8700,0,27.530056730977837,27.530056730977837,100.0
8700,1,38.48150073194535,38.48150073194535,100.0
8700,2,33.98844253707682,33.98844253707682,100.0
8800,0,40.93321610203983,40.93321610203983,100.0
8800,1,29.280224075095106,29.280224075095106,100.0
8800,2,29.786559822865065,29.786559822865065,100.0
8900,0,24.60866824819875,24.60866824819875,100.0
8900,1,54.67099966990069,54.67099966990069,100.0
8900,2,20.720332081900573,20.720332081900573,100.0
9000,0,40.423016540066556,40.423016540066556,100.0
9000,1,30.32240822215917,30.32240822215917,100.0
9000,2,29.254575237774265,29.254575237774265,100.0
9100,0,24.781431903251775,24.781431903251775,100.0
9100,1,38.32953840606367,38.32953840606367,100.0
9100,2,36.889029690684566,36.889029690684566,100.0
9200,0,25.47025286529172,25.47025286529172,100.0
9200,1,41.52904551515365,41.52904551515365,100.0
9200,2,33.000701619554626,33.000701619554626,100.0
9300,0,32.97539159153592,32.97539159153592,100.0
9300,1,38.57774631027135,38.57774631027135,100.0
9300,2,28.446862098192728,28.446862098192728,100.0
9400,0,25.78590304324681,25.78590304324681,100.0
9400,1,41.636190957656915,41.636190957656915,100.0
9400,2,32.57790599909629,32.57790599909629,100.0
9500,0,29.52942038165036,29.52942038165036,100.0
9500,1,46.432382332773905,46.432382332773905,100.0
9500,2,24.03819728557573,24.03819728557573,100.0
9600,0,21.472861943053797,21.472861943053797,100.0
9600,1,42.0631409462293,42.0631409462293,100.0
9600,2,36.463997110716896,36.463997110716896,100.0
9700,0,37.13395843132883,37.13395843132883,100.0
9700,1,41.25948093922061,41.25948093922061,100.0
9700,2,21.60656062945056,21.60656062945056,100.0
9800,0,38.97521231475326,38.97521231475326,100.0
9800,1,28.858946303348777,28.858946303348777,100.0
9800,2,32.16584138189796,32.16584138189796,100.0
9900,0,37.376876616938596,37.376876616938596,100.0
9900,1,40.12410098747399,40.12410098747399,100.0
9900,2,22.49902239558741,22.49902239558741,100.0
