timestamp,ueImsi,sliceId,dTxBytes,dRxBytes,plr,resourceSharePct,dLostPackets,throughputMbps,bufferBytes
1510,1,0,18336,0,100.00,34.46,12,0.0000,1705372
1510,2,0,18336,4584,75.00,34.46,9,3.6672,1495452
1510,3,0,18336,7640,58.33,34.46,7,6.1120,1196036
1510,4,0,18336,1528,91.67,34.46,11,1.2224,1371338
1510,5,0,18336,0,100.00,34.46,12,0.0000,1680426
1510,6,1,390,390,0.00,28.09,0,0.3120,87
1510,7,1,390,0,100.00,28.09,5,0.0000,87
1510,8,1,390,390,0.00,28.09,0,0.3120,87
1510,9,1,390,936,0.00,28.09,0,0.7488,497
1510,10,1,390,0,100.00,28.09,5,0.0000,806
1510,11,2,384,256,33.33,37.45,1,0.2048,137
1510,12,2,384,256,33.33,37.45,1,0.2048,137
1510,13,2,384,256,33.33,37.45,1,0.2048,137
1510,14,2,384,256,33.33,37.45,1,0.2048,137
1510,15,2,384,256,33.33,37.45,1,0.2048,51
1510,16,2,384,0,100.00,37.45,3,0.0000,269
1510,17,2,384,256,33.33,37.45,1,0.2048,137
1510,18,2,384,0,100.00,37.45,3,0.0000,2024
1510,19,2,384,256,33.33,37.45,1,0.2048,137
1510,20,2,384,0,100.00,37.45,3,0.0000,137
