timestamp,ueImsi,sliceId,dTxBytes,dRxBytes,plr,resourceSharePct,dLostPackets,throughputMbps,bufferBytes
560,1,0,24448,1528,93.75,37.83,15,1.2224,136679
560,2,0,24448,1528,93.75,37.83,15,1.2224,136672
560,3,0,24448,1528,93.75,37.83,15,1.2224,136741
560,4,0,24448,1528,93.75,37.83,15,1.2224,136650
560,5,0,24448,1528,93.75,37.83,15,1.2224,136644
560,6,1,780,624,20.00,30.81,2,0.4992,87
560,7,1,780,624,20.00,30.81,2,0.4992,126
560,8,1,780,624,20.00,30.81,2,0.4992,126
560,9,1,780,624,20.00,30.81,2,0.4992,126
560,10,1,780,624,20.00,30.81,2,0.4992,126
560,11,2,16000,768,95.20,31.36,119,0.6144,90771
560,12,2,16000,768,95.20,31.36,119,0.6144,90761
560,13,2,16000,768,95.20,31.36,119,0.6144,90761
560,14,2,16000,768,95.20,31.36,119,0.6144,90785
560,15,2,16000,768,95.20,31.36,119,0.6144,90733
560,16,2,16000,896,94.40,31.36,118,0.7168,90741
560,17,2,16000,896,94.40,31.36,118,0.7168,90742
560,18,2,16000,896,94.40,31.36,118,0.7168,90747
560,19,2,16000,768,95.20,31.36,119,0.6144,90723
560,20,2,16000,768,95.20,31.36,119,0.6144,90730
