timestamp,sliceId,dedicatedPRB,minPRB,maxPRB
510,0,21.9981327356409,21.9981327356409,100.0
510,1,34.23425948349229,34.23425948349229,100.0
510,2,43.76760778086682,43.76760778086682,100.0
520,0,29.361226217604408,29.361226217604408,100.0
520,1,27.524836658762492,27.524836658762492,100.0
520,2,43.11393712363309,43.11393712363309,100.0
530,0,27.080610666860604,27.080610666860604,100.0
530,1,39.93771874959434,39.93771874959434,100.0
530,2,32.98167058354506,32.98167058354506,100.0
540,0,27.69026311244379,27.69026311244379,100.0
540,1,36.112617366694785,36.112617366694785,100.0
540,2,36.19711952086141,36.19711952086141,100.0
550,0,33.8214213751406,33.8214213751406,100.0
550,1,46.13629748570948,46.13629748570948,100.0
550,2,20.042281139149914,20.042281139149914,100.0
560,0,36.339301171961544,36.339301171961544,100.0
560,1,31.678883286158026,31.678883286158026,100.0
560,2,31.981815541880433,31.981815541880433,100.0
570,0,42.63851163874015,42.63851163874015,100.0
570,1,30.557440150726933,30.557440150726933,100.0
570,2,26.804048210532926,26.804048210532926,100.0
580,0,27.376863216547616,27.376863216547616,100.0
580,1,26.53637614291222,26.53637614291222,100.0
580,2,46.086760640540156,46.086760640540156,100.0
590,0,43.72364497169943,43.72364497169943,100.0
590,1,28.42642409112141,28.42642409112141,100.0
590,2,27.849930937179156,27.849930937179156,100.0
600,0,35.23918564681643,35.23918564681643,100.0
600,1,41.435905666521634,41.435905666521634,100.0
600,2,23.32490868666193,23.32490868666193,100.0
610,0,38.00488051442622,38.00488051442622,100.0
610,1,39.31787660562488,39.31787660562488,100.0
610,2,22.677242879948906,22.677242879948906,100.0
620,0,23.834095581198905,23.834095581198905,100.0
620,1,53.767658326409304,53.767658326409304,100.0
620,2,22.398246092391787,22.398246092391787,100.0
630,0,34.91444805494217,34.91444805494217,100.0
630,1,26.228858821301543,26.228858821301543,100.0
630,2,38.856693123756294,38.856693123756294,100.0
640,0,36.97420781595188,36.97420781595188,100.0
640,1,36.36896424126491,36.36896424126491,100.0
640,2,26.656827942783213,26.656827942783213,100.0
650,0,30.993917367275802,30.993917367275802,100.0
650,1,47.132228904139204,47.132228904139204,100.0
650,2,21.87385372858499,21.87385372858499,100.0
660,0,26.701371757314803,26.701371757314803,100.0
660,1,49.3300216386109,49.3300216386109,100.0
660,2,23.96860660407429,23.96860660407429,100.0
670,0,30.645135401330425,30.645135401330425,100.0
670,1,45.35086350302084,45.35086350302084,100.0
670,2,24.004001095648736,24.004001095648736,100.0
680,0,36.464570178383745,36.464570178383745,100.0
680,1,25.80907103438169,25.80907103438169,100.0
680,2,37.72635878723456,37.72635878723456,100.0
690,0,48.24215365485718,48.24215365485718,100.0
690,1,27.49138684517754,27.49138684517754,100.0
690,2,24.266459499965283,24.266459499965283,100.0
700,0,33.63714709050337,33.63714709050337,100.0
700,1,31.02234816035375,31.02234816035375,100.0
700,2,35.34050474914287,35.34050474914287,100.0
710,0,33.9277850039114,33.9277850039114,100.0
710,1,46.137713368048416,46.137713368048416,100.0
710,2,19.934501628040184,19.934501628040184,100.0
720,0,27.86310009511353,27.86310009511353,100.0
720,1,38.33752074117217,38.33752074117217,100.0
720,2,33.79937916371429,33.79937916371429,100.0
730,0,41.01096992285528,41.01096992285528,100.0
730,1,32.37758263421973,32.37758263421973,100.0
730,2,26.611447442925005,26.611447442925005,100.0
740,0,33.18389606904154,33.18389606904154,100.0
740,1,27.4714166556133,27.4714166556133,100.0
740,2,39.34468727534516,39.34468727534516,100.0
750,0,38.96664472679222,38.96664472679222,100.0
750,1,30.706097335648074,30.706097335648074,100.0
750,2,30.32725793755971,30.32725793755971,100.0
760,0,31.857236103444453,31.857236103444453,100.0
760,1,39.44583289153538,39.44583289153538,100.0
760,2,28.696931005020165,28.696931005020165,100.0
770,0,30.14999878043555,30.14999878043555,100.0
770,1,35.88929143772861,35.88929143772861,100.0
770,2,33.96070978183584,33.96070978183584,100.0
780,0,26.829979438101354,26.829979438101354,100.0
780,1,43.40471384461456,43.40471384461456,100.0
780,2,29.76530671728409,29.76530671728409,100.0
790,0,23.43237339845996,23.43237339845996,100.0
790,1,42.922352523401585,42.922352523401585,100.0
790,2,33.645274078138456,33.645274078138456,100.0
800,0,23.03834131825877,23.03834131825877,100.0
800,1,55.13860900321311,55.13860900321311,100.0
800,2,21.82304967852811,21.82304967852811,100.0
810,0,38.015892926649435,38.015892926649435,100.0
810,1,41.44430663197101,41.44430663197101,100.0
810,2,20.53980044137956,20.53980044137956,100.0
820,0,42.293594511805246,42.293594511805246,100.0
820,1,28.014527438496632,28.014527438496632,100.0
820,2,29.69187804969813,29.69187804969813,100.0
830,0,42.28728746337117,42.28728746337117,100.0
830,1,27.60096993094153,27.60096993094153,100.0
830,2,30.111742605687304,30.111742605687304,100.0
840,0,26.16816713024233,26.16816713024233,100.0
840,1,48.33368291768513,48.33368291768513,100.0
840,2,25.498149952072534,25.498149952072534,100.0
850,0,42.89476896287808,42.89476896287808,100.0
850,1,29.23999659858637,29.23999659858637,100.0
850,2,27.865234438535545,27.865234438535545,100.0
860,0,26.80792741311035,26.80792741311035,100.0
860,1,36.95550269777981,36.95550269777981,100.0
860,2,36.23656988910984,36.23656988910984,100.0
870,0,47.63763516272152,47.63763516272152,100.0
870,1,31.379919234254704,31.379919234254704,100.0
870,2,20.98244560302377,20.98244560302377,100.0
880,0,22.382238063768252,22.382238063768252,100.0
880,1,38.76618873777575,38.76618873777575,100.0
880,2,38.85157319845599,38.85157319845599,100.0
890,0,25.619205743609275,25.619205743609275,100.0
890,1,50.70993416208944,50.70993416208944,100.0
890,2,23.670860094301283,23.670860094301283,100.0
900,0,30.454459772441776,30.454459772441776,100.0
900,1,37.874237583358386,37.874237583358386,100.0
900,2,31.67130264419985,31.67130264419985,100.0
910,0,22.756413095610558,22.756413095610558,100.0
910,1,49.9485625941149,49.9485625941149,100.0
910,2,27.295024310274542,27.295024310274542,100.0
920,0,31.92098153170782,31.92098153170782,100.0
920,1,40.78800959546059,40.78800959546059,100.0
920,2,27.291008872831586,27.291008872831586,100.0
930,0,33.614748776588065,33.614748776588065,100.0
930,1,34.83910108401221,34.83910108401221,100.0
930,2,31.54615013939972,31.54615013939972,100.0
940,0,39.83764871640084,39.83764871640084,100.0
940,1,29.91029036523304,29.91029036523304,100.0
940,2,30.25206091836611,30.25206091836611,100.0
950,0,42.11994798546006,42.11994798546006,100.0
950,1,34.298245688924574,34.298245688924574,100.0
950,2,23.581806325615368,23.581806325615368,100.0
960,0,36.21224862746536,36.21224862746536,100.0
960,1,40.65149223622681,40.65149223622681,100.0
960,2,23.13625913630784,23.13625913630784,100.0
970,0,35.08327900816152,35.08327900816152,100.0
970,1,44.98213903250079,44.98213903250079,100.0
970,2,19.9345819593377,19.9345819593377,100.0
980,0,45.75617776016196,45.75617776016196,100.0
980,1,29.96993872934738,29.96993872934738,100.0
980,2,24.273883510490652,24.273883510490652,100.0
990,0,23.344977669601548,23.344977669601548,100.0
990,1,28.59663919949783,28.59663919949783,100.0
990,2,48.05838313090063,48.05838313090063,100.0
1000,0,35.592833127092916,35.592833127092916,100.0
1000,1,32.84173062232053,32.84173062232053,100.0
1000,2,31.565436250586554,31.565436250586554,100.0
1010,0,25.517388692973213,25.517388692973213,100.0
1010,1,30.95753191840273,30.95753191840273,100.0
1010,2,43.52507938862406,43.52507938862406,100.0
1020,0,26.720565977878213,26.720565977878213,100.0
1020,1,45.758740369253445,45.758740369253445,100.0
1020,2,27.52069365286833,27.52069365286833,100.0
1030,0,38.68029425160566,38.68029425160566,100.0
1030,1,27.872852587629794,27.872852587629794,100.0
1030,2,33.44685316076455,33.44685316076455,100.0
1040,0,29.01773662796867,29.01773662796867,100.0
1040,1,33.00917957043161,33.00917957043161,100.0
1040,2,37.973083801599714,37.973083801599714,100.0
1050,0,30.033442228722272,30.033442228722272,100.0
1050,1,47.82865800044912,47.82865800044912,100.0
1050,2,22.137899770828607,22.137899770828607,100.0
1060,0,28.262158284717113,28.262158284717113,100.0
1060,1,38.200303907819155,38.200303907819155,100.0
1060,2,33.537537807463735,33.537537807463735,100.0
1070,0,25.009865287886367,25.009865287886367,100.0
1070,1,50.95751272787743,50.95751272787743,100.0
1070,2,24.0326219842362,24.0326219842362,100.0
1080,0,32.59858419380749,32.59858419380749,100.0
1080,1,45.23723325926945,45.23723325926945,100.0
1080,2,22.164182546923062,22.164182546923062,100.0
1090,0,49.06760758237861,49.06760758237861,100.0
1090,1,25.893009252401093,25.893009252401093,100.0
1090,2,25.03938316522029,25.03938316522029,100.0
1100,0,45.61451371320256,45.61451371320256,100.0
1100,1,26.669095678252503,26.669095678252503,100.0
1100,2,27.716390608544938,27.716390608544938,100.0
1110,0,42.26251767928617,42.26251767928617,100.0
1110,1,33.47361586431313,33.47361586431313,100.0
1110,2,24.263866456400695,24.263866456400695,100.0
1120,0,34.42522137166065,34.42522137166065,100.0
1120,1,38.07033390846703,38.07033390846703,100.0
1120,2,27.504444719872325,27.504444719872325,100.0
1130,0,29.04024814090546,29.04024814090546,100.0
1130,1,46.84484179821802,46.84484179821802,100.0
1130,2,24.11491006087652,24.11491006087652,100.0
1140,0,38.44270424332142,38.44270424332142,100.0
1140,1,43.65893528803986,43.65893528803986,100.0
1140,2,17.89836046863872,17.89836046863872,100.0
1150,0,33.919039238061075,33.919039238061075,100.0
1150,1,33.745264378833085,33.745264378833085,100.0
1150,2,32.33569638310585,32.33569638310585,100.0
1160,0,44.62897156929936,44.62897156929936,100.0
1160,1,26.747840275010898,26.747840275010898,100.0
1160,2,28.62318815568974,28.62318815568974,100.0
1170,0,40.50696897166263,40.50696897166263,100.0
1170,1,27.18014209034022,27.18014209034022,100.0
1170,2,32.31288893799715,32.31288893799715,100.0
1180,0,42.71580676379334,42.71580676379334,100.0
1180,1,30.45351735890679,30.45351735890679,100.0
1180,2,26.830675877299864,26.830675877299864,100.0
1190,0,44.43019008454201,44.43019008454201,100.0
1190,1,37.953525257336736,37.953525257336736,100.0
1190,2,17.616284658121256,17.616284658121256,100.0
1200,0,31.981183377894112,31.981183377894112,100.0
1200,1,33.96086229567866,33.96086229567866,100.0
1200,2,34.057954326427236,34.057954326427236,100.0
1210,0,33.19636784394212,33.19636784394212,100.0
1210,1,37.91030200993667,37.91030200993667,100.0
1210,2,28.893330146121208,28.893330146121208,100.0
1220,0,41.383451702367836,41.383451702367836,100.0
1220,1,32.00975148734292,32.00975148734292,100.0
1220,2,26.606796810289257,26.606796810289257,100.0
1230,0,35.71278886585218,35.71278886585218,100.0
1230,1,34.89527595993404,34.89527595993404,100.0
1230,2,29.391935174213778,29.391935174213778,100.0
1240,0,41.51726392193289,41.51726392193289,100.0
1240,1,36.663923681353616,36.663923681353616,100.0
1240,2,21.81881239671349,21.81881239671349,100.0
1250,0,49.300567665132164,49.300567665132164,100.0
1250,1,32.304286153304105,32.304286153304105,100.0
1250,2,18.39514618156373,18.39514618156373,100.0
1260,0,45.97304463975933,45.97304463975933,100.0
1260,1,26.182425371077734,26.182425371077734,100.0
1260,2,27.844529989162943,27.844529989162943,100.0
1270,0,34.33836169623915,34.33836169623915,100.0
1270,1,34.46881050617001,34.46881050617001,100.0
1270,2,31.19282779759085,31.19282779759085,100.0
1280,0,46.03183215412411,46.03183215412411,100.0
1280,1,29.280220161076763,29.280220161076763,100.0
1280,2,24.687947684799123,24.687947684799123,100.0
1290,0,46.862469978146706,46.862469978146706,100.0
1290,1,29.656713372587223,29.656713372587223,100.0
1290,2,23.48081664926606,23.48081664926606,100.0
1300,0,29.53685769706921,29.53685769706921,100.0
1300,1,43.60001162832084,43.60001162832084,100.0
1300,2,26.86313067460995,26.86313067460995,100.0
1310,0,43.247436433128186,43.247436433128186,100.0
1310,1,26.32512044687535,26.32512044687535,100.0
1310,2,30.42744311999647,30.42744311999647,100.0
1320,0,33.2765437054997,33.2765437054997,100.0
1320,1,37.06494572165926,37.06494572165926,100.0
1320,2,29.658510572841042,29.658510572841042,100.0
1330,0,32.64501217491366,32.64501217491366,100.0
1330,1,33.88007712229443,33.88007712229443,100.0
1330,2,33.47491070279192,33.47491070279192,100.0
1340,0,22.456544338280114,22.456544338280114,100.0
1340,1,40.09899796771297,40.09899796771297,100.0
1340,2,37.444457694006914,37.444457694006914,100.0
1350,0,39.187311121574034,39.187311121574034,100.0
1350,1,36.81107366295729,36.81107366295729,100.0
1350,2,24.001615215468668,24.001615215468668,100.0
1360,0,41.41546911392422,41.41546911392422,100.0
1360,1,36.69951461680769,36.69951461680769,100.0
1360,2,21.885016269268093,21.885016269268093,100.0
1370,0,38.57667096711705,38.57667096711705,100.0
1370,1,41.20605175732419,41.20605175732419,100.0
1370,2,20.21727727555876,20.21727727555876,100.0
1380,0,30.301363702172736,30.301363702172736,100.0
1380,1,44.60199150644759,44.60199150644759,100.0
1380,2,25.096644791379674,25.096644791379674,100.0
1390,0,41.83770798504004,41.83770798504004,100.0
1390,1,27.549490250810077,27.549490250810077,100.0
1390,2,30.612801764149882,30.612801764149882,100.0
1400,0,52.699531096228135,52.699531096228135,100.0
1400,1,26.62724847803448,26.62724847803448,100.0
1400,2,20.673220425737377,20.673220425737377,100.0
1410,0,36.19804954830728,36.19804954830728,100.0
1410,1,28.667592552637554,28.667592552637554,100.0
1410,2,35.13435789905517,35.13435789905517,100.0
1420,0,24.072739865183497,24.072739865183497,100.0
1420,1,27.27365215182517,27.27365215182517,100.0
1420,2,48.65360798299133,48.65360798299133,100.0
1430,0,38.95945785689994,38.95945785689994,100.0
1430,1,27.82670955888448,27.82670955888448,100.0
1430,2,33.21383258421559,33.21383258421559,100.0
1440,0,26.15726642594743,26.15726642594743,100.0
1440,1,51.180153550407525,51.180153550407525,100.0
1440,2,22.662580023645045,22.662580023645045,100.0
1450,0,48.79452012042973,48.79452012042973,100.0
1450,1,27.5180875420996,27.5180875420996,100.0
1450,2,23.687392337470666,23.687392337470666,100.0
1460,0,39.09588598314737,39.09588598314737,100.0
1460,1,43.07783533076317,43.07783533076317,100.0
1460,2,17.826278686089463,17.826278686089463,100.0
1470,0,29.723100767236033,29.723100767236033,100.0
1470,1,28.178377127850407,28.178377127850407,100.0
1470,2,42.09852210491356,42.09852210491356,100.0
1480,0,40.859361744172105,40.859361744172105,100.0
1480,1,32.13283865721405,32.13283865721405,100.0
1480,2,27.00779959861384,27.00779959861384,100.0
1490,0,24.012289832533547,24.012289832533547,100.0
1490,1,48.62453723340977,48.62453723340977,100.0
1490,2,27.363172934056678,27.363172934056678,100.0
1500,0,41.9942372879564,41.9942372879564,100.0
1500,1,30.437968923944208,30.437968923944208,100.0
1500,2,27.567793788099394,27.567793788099394,100.0
