timestamp,sliceId,dedicatedPRB,minPRB,maxPRB
510,0,28.553054045187192,28.553054045187192,100.0
510,1,26.021142497407762,26.021142497407762,100.0
510,2,45.425803457405046,45.425803457405046,100.0
520,0,38.04297779755663,38.04297779755663,100.0
520,1,34.041367857645476,34.041367857645476,100.0
520,2,27.91565434479789,27.91565434479789,100.0
530,0,37.59141627100483,37.59141627100483,100.0
530,1,33.99689020571072,33.99689020571072,100.0
530,2,28.41169352328445,28.41169352328445,100.0
540,0,52.0434441520249,52.0434441520249,100.0
540,1,25.180616884336015,25.180616884336015,100.0
540,2,22.77593896363908,22.77593896363908,100.0
550,0,39.78619700875996,39.78619700875996,100.0
550,1,38.5316009681953,38.5316009681953,100.0
550,2,21.68220202304474,21.68220202304474,100.0
