timestamp,ueImsi,sliceId,dTxBytes,dRxBytes,plr,resourceSharePct,dLostPackets,throughputMbps,bufferBytes
560,1,0,24448,1528,93.75,33.47,15,1.2224,136186
560,2,0,24448,1528,93.75,33.47,15,1.2224,136195
560,3,0,24448,1528,93.75,33.47,15,1.2224,136258
560,4,0,24448,1528,93.75,33.47,15,1.2224,136250
560,5,0,24448,1528,93.75,33.47,15,1.2224,136250
560,6,1,780,624,20.00,43.43,2,0.4992,87
560,7,1,780,624,20.00,43.43,2,0.4992,87
560,8,1,780,624,20.00,43.43,2,0.4992,87
560,9,1,780,624,20.00,43.43,2,0.4992,87
560,10,1,780,624,20.00,43.43,2,0.4992,87
560,11,2,16000,512,96.80,23.10,121,0.4096,91839
560,12,2,16000,512,96.80,23.10,121,0.4096,91835
560,13,2,16000,512,96.80,23.10,121,0.4096,91839
560,14,2,16000,512,96.80,23.10,121,0.4096,91739
560,15,2,16000,512,96.80,23.10,121,0.4096,91797
560,16,2,16000,512,96.80,23.10,121,0.4096,91814
560,17,2,16000,512,96.80,23.10,121,0.4096,91815
560,18,2,16000,512,96.80,23.10,121,0.4096,91813
560,19,2,16000,512,96.80,23.10,121,0.4096,91810
560,20,2,16000,512,96.80,23.10,121,0.4096,91818
