timestamp,sliceId,dedicatedPRB,minPRB,maxPRB
510,0,36.78847819879748,36.78847819879748,100.0
510,1,41.54175932352825,41.54175932352825,100.0
510,2,21.66976247767427,21.66976247767427,100.0
520,0,24.61854756593611,24.61854756593611,100.0
520,1,49.36260699577104,49.36260699577104,100.0
520,2,26.018845438292853,26.018845438292853,100.0
530,0,34.50345286361192,34.50345286361192,100.0
530,1,32.12394240654876,32.12394240654876,100.0
530,2,33.37260472983933,33.37260472983933,100.0
540,0,47.296204717028914,47.296204717028914,100.0
540,1,30.728579588966454,30.728579588966454,100.0
540,2,21.97521569400464,21.97521569400464,100.0
550,0,48.92395177772309,48.92395177772309,100.0
550,1,25.97968227624604,25.97968227624604,100.0
550,2,25.09636594603087,25.09636594603087,100.0
560,0,48.166840309605284,48.166840309605284,100.0
560,1,28.83245738611399,28.83245738611399,100.0
560,2,23.000702304280722,23.000702304280722,100.0
570,0,52.517772130436626,52.517772130436626,100.0
570,1,28.030331398811036,28.030331398811036,100.0
570,2,19.451896470752356,19.451896470752356,100.0
580,0,52.20006358381218,52.20006358381218,100.0
580,1,26.792849608580603,26.792849608580603,100.0
580,2,21.007086807607223,21.007086807607223,100.0
590,0,53.65470032010251,53.65470032010251,100.0
590,1,26.341468947252622,26.341468947252622,100.0
590,2,20.003830732644868,20.003830732644868,100.0
600,0,46.943336825558596,46.943336825558596,100.0
600,1,27.976672913275852,27.976672913275852,100.0
600,2,25.079990261165552,25.079990261165552,100.0
610,0,39.96111548172116,39.96111548172116,100.0
610,1,28.8845864941199,28.8845864941199,100.0
610,2,31.154298024158937,31.154298024158937,100.0
620,0,50.44950497830919,50.44950497830919,100.0
620,1,29.140608971406586,29.140608971406586,100.0
620,2,20.409886050284236,20.409886050284236,100.0
630,0,31.91800024412578,31.91800024412578,100.0
630,1,43.00625236427672,43.00625236427672,100.0
630,2,25.075747391597496,25.075747391597496,100.0
640,0,40.2533767465829,40.2533767465829,100.0
640,1,39.79356479612844,39.79356479612844,100.0
640,2,19.953058457288655,19.953058457288655,100.0
650,0,46.88937109161475,46.88937109161475,100.0
650,1,29.62288926100675,29.62288926100675,100.0
650,2,23.487739647378504,23.487739647378504,100.0
660,0,49.20467754233303,49.20467754233303,100.0
660,1,28.637542413725715,28.637542413725715,100.0
660,2,22.15778004394125,22.15778004394125,100.0
670,0,51.515439927330384,51.515439927330384,100.0
670,1,27.660929294241264,27.660929294241264,100.0
670,2,20.82363077842835,20.82363077842835,100.0
680,0,41.35830674470618,41.35830674470618,100.0
680,1,39.76806367368609,39.76806367368609,100.0
680,2,18.873629581607737,18.873629581607737,100.0
690,0,51.706590514183596,51.706590514183596,100.0
690,1,26.530869659656354,26.530869659656354,100.0
690,2,21.762539826160047,21.762539826160047,100.0
700,0,44.148389162100436,44.148389162100436,100.0
700,1,31.193269741161302,31.193269741161302,100.0
700,2,24.658341096738262,24.658341096738262,100.0
710,0,40.21953139129418,40.21953139129418,100.0
710,1,39.773636976018224,39.773636976018224,100.0
710,2,20.006831632687604,20.006831632687604,100.0
720,0,47.862565741294816,47.862565741294816,100.0
720,1,27.980914435478216,27.980914435478216,100.0
720,2,24.15651982322697,24.15651982322697,100.0
730,0,32.991232980689404,32.991232980689404,100.0
730,1,40.42635214412348,40.42635214412348,100.0
730,2,26.582414875187123,26.582414875187123,100.0
740,0,50.06809489161596,50.06809489161596,100.0
740,1,30.153638385731767,30.153638385731767,100.0
740,2,19.778266722652283,19.778266722652283,100.0
750,0,42.7263142615809,42.7263142615809,100.0
750,1,35.28995532288142,35.28995532288142,100.0
750,2,21.98373041553768,21.98373041553768,100.0
760,0,42.370846007511744,42.370846007511744,100.0
760,1,39.61388455498189,39.61388455498189,100.0
760,2,18.01526943750637,18.01526943750637,100.0
770,0,38.16809344116818,38.16809344116818,100.0
770,1,40.79257034092316,40.79257034092316,100.0
770,2,21.039336217908662,21.039336217908662,100.0
780,0,53.73839034774439,53.73839034774439,100.0
780,1,26.170779439803297,26.170779439803297,100.0
780,2,20.0908302124523,20.0908302124523,100.0
790,0,44.68069159133471,44.68069159133471,100.0
790,1,32.379374474216554,32.379374474216554,100.0
790,2,22.939933934448742,22.939933934448742,100.0
800,0,44.1847922541259,44.1847922541259,100.0
800,1,36.50034392696847,36.50034392696847,100.0
800,2,19.314863818905625,19.314863818905625,100.0
810,0,47.37552835215107,47.37552835215107,100.0
810,1,30.413314499824306,30.413314499824306,100.0
810,2,22.211157148024625,22.211157148024625,100.0
820,0,48.31671619331701,48.31671619331701,100.0
820,1,28.658806367164935,28.658806367164935,100.0
820,2,23.024477439518055,23.024477439518055,100.0
830,0,49.178960564992416,49.178960564992416,100.0
830,1,30.254994492552466,30.254994492552466,100.0
830,2,20.56604494245512,20.56604494245512,100.0
840,0,47.506904619751104,47.506904619751104,100.0
840,1,30.2902125733277,30.2902125733277,100.0
840,2,22.2028828069212,22.2028828069212,100.0
850,0,47.41154208975333,47.41154208975333,100.0
850,1,32.58083367599656,32.58083367599656,100.0
850,2,20.00762423425012,20.00762423425012,100.0
860,0,50.84156042575927,50.84156042575927,100.0
860,1,28.759034275107997,28.759034275107997,100.0
860,2,20.399405299132738,20.399405299132738,100.0
870,0,39.76187344516275,39.76187344516275,100.0
870,1,42.14998246089474,42.14998246089474,100.0
870,2,18.088144093942507,18.088144093942507,100.0
880,0,53.81074471736267,53.81074471736267,100.0
880,1,26.43676472164835,26.43676472164835,100.0
880,2,19.752490560988974,19.752490560988974,100.0
890,0,53.407991082530245,53.407991082530245,100.0
890,1,26.265576689477086,26.265576689477086,100.0
890,2,20.32643222799266,20.32643222799266,100.0
900,0,36.07203744462283,36.07203744462283,100.0
900,1,43.39873619147833,43.39873619147833,100.0
900,2,20.529226363898847,20.529226363898847,100.0
910,0,49.815148227767466,49.815148227767466,100.0
910,1,29.86584306509773,29.86584306509773,100.0
910,2,20.319008707134795,20.319008707134795,100.0
920,0,49.93055452775764,49.93055452775764,100.0
920,1,29.316691631069297,29.316691631069297,100.0
920,2,20.75275384117307,20.75275384117307,100.0
930,0,29.794449878266484,29.794449878266484,100.0
930,1,45.55865093679696,45.55865093679696,100.0
930,2,24.64689918493656,24.64689918493656,100.0
940,0,55.150451652706025,55.150451652706025,100.0
940,1,25.65084123221294,25.65084123221294,100.0
940,2,19.198707115081042,19.198707115081042,100.0
950,0,41.497922012137465,41.497922012137465,100.0
950,1,40.57118164372399,40.57118164372399,100.0
950,2,17.930896344138546,17.930896344138546,100.0
960,0,46.632135945932674,46.632135945932674,100.0
960,1,33.68265036236411,33.68265036236411,100.0
960,2,19.68521369170321,19.68521369170321,100.0
970,0,45.884307345535845,45.884307345535845,100.0
970,1,30.766047796942136,30.766047796942136,100.0
970,2,23.349644857522023,23.349644857522023,100.0
980,0,38.2928942183931,38.2928942183931,100.0
980,1,38.12330716082906,38.12330716082906,100.0
980,2,23.583798620777834,23.583798620777834,100.0
990,0,48.00601853554406,48.00601853554406,100.0
990,1,25.646555475439825,25.646555475439825,100.0
990,2,26.347425989016116,26.347425989016116,100.0
1000,0,48.49557474164119,48.49557474164119,100.0
1000,1,27.153972255859486,27.153972255859486,100.0
1000,2,24.350453002499318,24.350453002499318,100.0
1010,0,48.70998911318753,48.70998911318753,100.0
1010,1,30.79927625311355,30.79927625311355,100.0
1010,2,20.490734633698914,20.490734633698914,100.0
1020,0,50.55373204951079,50.55373204951079,100.0
1020,1,28.125237810461694,28.125237810461694,100.0
1020,2,21.32103014002751,21.32103014002751,100.0
1030,0,37.127202479674835,37.127202479674835,100.0
1030,1,43.5842479934583,43.5842479934583,100.0
1030,2,19.28854952686687,19.28854952686687,100.0
1040,0,52.98937053962104,52.98937053962104,100.0
1040,1,25.62503118762554,25.62503118762554,100.0
1040,2,21.385598272753427,21.385598272753427,100.0
1050,0,49.96081630489117,49.96081630489117,100.0
1050,1,30.944352762645945,30.944352762645945,100.0
1050,2,19.094830932462887,19.094830932462887,100.0
1060,0,47.68659506942321,47.68659506942321,100.0
1060,1,33.07712494312669,33.07712494312669,100.0
1060,2,19.236279987450096,19.236279987450096,100.0
1070,0,51.42026932452134,51.42026932452134,100.0
1070,1,27.740786880410656,27.740786880410656,100.0
1070,2,20.838943795068015,20.838943795068015,100.0
1080,0,34.451603599796655,34.451603599796655,100.0
1080,1,46.03118063863062,46.03118063863062,100.0
1080,2,19.51721576157272,19.51721576157272,100.0
1090,0,43.86117817823752,43.86117817823752,100.0
1090,1,37.355974490906064,37.355974490906064,100.0
1090,2,18.782847330856423,18.782847330856423,100.0
1100,0,51.85014652899077,51.85014652899077,100.0
1100,1,25.681298936636505,25.681298936636505,100.0
1100,2,22.468554534372725,22.468554534372725,100.0
1110,0,29.60180747337097,29.60180747337097,100.0
1110,1,49.710391737554986,49.710391737554986,100.0
1110,2,20.68780078907404,20.68780078907404,100.0
1120,0,52.82187248004252,52.82187248004252,100.0
1120,1,26.779788619424682,26.779788619424682,100.0
1120,2,20.398338900532785,20.398338900532785,100.0
1130,0,36.07524063300912,36.07524063300912,100.0
1130,1,44.44643909113816,44.44643909113816,100.0
1130,2,19.478320275852713,19.478320275852713,100.0
1140,0,40.96524335901559,40.96524335901559,100.0
1140,1,33.66935809163113,33.66935809163113,100.0
1140,2,25.36539854935327,25.36539854935327,100.0
1150,0,50.23923549521834,50.23923549521834,100.0
1150,1,29.701556336962053,29.701556336962053,100.0
1150,2,20.059208167819605,20.059208167819605,100.0
1160,0,48.13031685846042,48.13031685846042,100.0
1160,1,28.492143599970454,28.492143599970454,100.0
1160,2,23.37753954156913,23.37753954156913,100.0
1170,0,51.92001913825304,51.92001913825304,100.0
1170,1,28.217018550216594,28.217018550216594,100.0
1170,2,19.86296231153037,19.86296231153037,100.0
1180,0,45.41248482808743,45.41248482808743,100.0
1180,1,33.82059796407857,33.82059796407857,100.0
1180,2,20.766917207834002,20.766917207834002,100.0
1190,0,41.95732226897385,41.95732226897385,100.0
1190,1,39.59709977178033,39.59709977178033,100.0
1190,2,18.445577959245817,18.445577959245817,100.0
1200,0,44.77770845429383,44.77770845429383,100.0
1200,1,31.73740183466177,31.73740183466177,100.0
1200,2,23.4848897110444,23.4848897110444,100.0
1210,0,47.25753499620872,47.25753499620872,100.0
1210,1,31.152319988656775,31.152319988656775,100.0
1210,2,21.590145015134507,21.590145015134507,100.0
1220,0,42.55110492945434,42.55110492945434,100.0
1220,1,38.11691645253956,38.11691645253956,100.0
1220,2,19.331978618006097,19.331978618006097,100.0
1230,0,40.65605784239024,40.65605784239024,100.0
1230,1,28.468476286057577,28.468476286057577,100.0
1230,2,30.875465871552183,30.875465871552183,100.0
1240,0,50.51870469281867,50.51870469281867,100.0
1240,1,27.925790114104615,27.925790114104615,100.0
1240,2,21.55550519307672,21.55550519307672,100.0
1250,0,34.787233869486876,34.787233869486876,100.0
1250,1,44.385060225977604,44.385060225977604,100.0
1250,2,20.82770590453552,20.82770590453552,100.0
1260,0,52.1467968535976,52.1467968535976,100.0
1260,1,27.792320716177837,27.792320716177837,100.0
1260,2,20.06088243022457,20.06088243022457,100.0
1270,0,39.90036121885789,39.90036121885789,100.0
1270,1,41.64723197655975,41.64723197655975,100.0
1270,2,18.452406804582367,18.452406804582367,100.0
1280,0,46.84104594830339,46.84104594830339,100.0
1280,1,31.457870733929788,31.457870733929788,100.0
1280,2,21.701083317766823,21.701083317766823,100.0
1290,0,30.77713934371444,30.77713934371444,100.0
1290,1,34.51746731622535,34.51746731622535,100.0
1290,2,34.70539334006021,34.70539334006021,100.0
1300,0,51.36413500472011,51.36413500472011,100.0
1300,1,29.009908677659546,29.009908677659546,100.0
1300,2,19.625956317620346,19.625956317620346,100.0
