timestamp,ueImsi,sliceId,dTxBytes,dRxBytes,plr,resourceSharePct,dLostPackets,throughputMbps,bufferBytes
1310,1,0,24448,4584,81.25,51.36,13,3.6672,1650661
1310,2,0,24448,4584,81.25,51.36,13,3.6672,1650736
1310,3,0,24448,4584,81.25,51.36,13,3.6672,1650773
1310,4,0,24448,4584,81.25,51.36,13,3.6672,1650594
1310,5,0,24448,4584,81.25,51.36,13,3.6672,1650554
1310,6,1,390,390,0.00,29.01,0,0.3120,87
1310,7,1,390,390,0.00,29.01,0,0.3120,87
1310,8,1,390,390,0.00,29.01,0,0.3120,87
1310,9,1,390,390,0.00,29.01,0,0.3120,87
1310,10,1,390,390,0.00,29.01,0,0.3120,87
1310,11,2,16000,1408,91.20,19.63,114,1.1264,1230174
1310,12,2,16000,1280,92.00,19.63,115,1.0240,1230080
1310,13,2,16000,1408,91.20,19.63,114,1.1264,1230120
1310,14,2,16000,1280,92.00,19.63,115,1.0240,1230078
1310,15,2,16000,1280,92.00,19.63,115,1.0240,1230066
1310,16,2,16000,1408,91.20,19.63,114,1.1264,1230256
1310,17,2,16000,1408,91.20,19.63,114,1.1264,1230079
1310,18,2,16000,1408,91.20,19.63,114,1.1264,1230079
1310,19,2,16000,1408,91.20,19.63,114,1.1264,1230056
1310,20,2,16000,1280,92.00,19.63,115,1.0240,1230045
