timestamp,ueImsi,sliceId,dTxBytes,dRxBytes,plr,resourceSharePct,dLostPackets,throughputMbps,bufferBytes
2450,1,0,24448,3056,87.50,23.93,14,2.4448,4462622
2450,2,0,24448,4584,81.25,23.93,13,3.6672,4462285
2450,3,0,24448,4584,81.25,23.93,13,3.6672,4462356
2450,4,0,24448,4584,81.25,23.93,13,3.6672,4462475
2450,5,0,24448,4584,81.25,23.93,13,3.6672,4462383
2450,6,1,390,390,0.00,43.64,0,0.3120,87
2450,7,1,390,390,0.00,43.64,0,0.3120,87
2450,8,1,390,390,0.00,43.64,0,0.3120,87
2450,9,1,390,390,0.00,43.64,0,0.3120,87
2450,10,1,390,390,0.00,43.64,0,0.3120,87
2450,11,2,16000,2304,85.60,32.42,107,1.8432,2730746
2450,12,2,16000,2176,86.40,32.42,108,1.7408,2730680
2450,13,2,16000,2304,85.60,32.42,107,1.8432,2730877
2450,14,2,16000,2304,85.60,32.42,107,1.8432,2730672
2450,15,2,16000,2304,85.60,32.42,107,1.8432,2730655
2450,16,2,16000,2304,85.60,32.42,107,1.8432,2730889
2450,17,2,16000,2304,85.60,32.42,107,1.8432,2730768
2450,18,2,16000,2304,85.60,32.42,107,1.8432,2730761
2450,19,2,16000,2432,84.80,32.42,106,1.9456,2730744
2450,20,2,16000,2432,84.80,32.42,106,1.9456,2730770
