timestamp,ueImsi,sliceId,dTxBytes,dRxBytes,plr,resourceSharePct,dLostPackets,throughputMbps,bufferBytes
1510,1,0,35144,32088,8.70,29.32,2,25.6704,1556237
1510,2,0,35144,36672,0.00,29.32,0,29.3376,1537
1510,3,1,1014,936,7.69,30.16,1,0.7488,87
1510,4,1,1014,936,7.69,30.16,1,0.7488,87
1510,5,2,256,256,0.00,40.52,0,0.2048,137
1510,6,2,256,0,100.00,40.52,2,0.0000,269
1510,7,2,256,0,100.00,40.52,2,0.0000,137
1510,8,2,256,256,0.00,40.52,0,0.2048,137
1510,9,2,256,256,0.00,40.52,0,0.2048,137
1510,10,2,256,256,0.00,40.52,0,0.2048,137
