timestamp,ueImsi,sliceId,dTxBytes,dRxBytes,plr,resourceSharePct,dLostPackets,throughputMbps,bufferBytes
560,1,0,24448,3056,87.50,46.66,14,2.4448,133777
560,2,0,24448,3056,87.50,46.66,14,2.4448,133488
560,3,0,24448,3056,87.50,46.66,14,2.4448,133490
560,4,0,24448,3056,87.50,46.66,14,2.4448,133300
560,5,0,24448,3056,87.50,46.66,14,2.4448,133296
560,6,1,390,312,20.00,40.00,1,0.2496,169
560,7,1,390,312,20.00,40.00,1,0.2496,169
560,8,1,390,312,20.00,40.00,1,0.2496,169
560,9,1,390,312,20.00,40.00,1,0.2496,169
560,10,1,390,312,20.00,40.00,1,0.2496,169
560,11,2,16000,640,96.00,13.33,120,0.5120,90678
560,12,2,16000,512,96.80,13.33,121,0.4096,90671
560,13,2,16000,640,96.00,13.33,120,0.5120,90688
560,14,2,16000,640,96.00,13.33,120,0.5120,90598
560,15,2,16000,640,96.00,13.33,120,0.5120,90657
560,16,2,16000,640,96.00,13.33,120,0.5120,90660
560,17,2,16000,640,96.00,13.33,120,0.5120,90660
560,18,2,16000,640,96.00,13.33,120,0.5120,90665
560,19,2,16000,256,98.40,13.33,123,0.2048,90631
560,20,2,16000,512,96.80,13.33,121,0.4096,90531
