timestamp,ueImsi,sliceId,dTxBytes,dRxBytes,plr,resourceSharePct,dLostPackets,throughputMbps,bufferBytes
730,1,0,25976,1528,94.12,36.65,16,1.2224,530633
730,2,0,25976,1528,94.12,36.65,16,1.2224,530658
730,3,0,25976,1528,94.12,36.65,16,1.2224,530528
730,4,0,25976,1528,94.12,36.65,16,1.2224,530573
730,5,0,25976,1528,94.12,36.65,16,1.2224,530646
730,6,1,390,312,20.00,38.96,1,0.2496,87
730,7,1,390,312,20.00,38.96,1,0.2496,87
730,8,1,390,312,20.00,38.96,1,0.2496,87
730,9,1,390,312,20.00,38.96,1,0.2496,87
730,10,1,390,312,20.00,38.96,1,0.2496,87
730,11,2,16000,512,96.80,24.39,121,0.4096,354283
730,12,2,16000,640,96.00,24.39,120,0.5120,354298
730,13,2,16000,640,96.00,24.39,120,0.5120,354268
730,14,2,16000,640,96.00,24.39,120,0.5120,354275
730,15,2,16000,640,96.00,24.39,120,0.5120,354311
730,16,2,16000,640,96.00,24.39,120,0.5120,354249
730,17,2,16000,640,96.00,24.39,120,0.5120,354274
730,18,2,16000,640,96.00,24.39,120,0.5120,354266
730,19,2,16000,640,96.00,24.39,120,0.5120,354333
730,20,2,16000,640,96.00,24.39,120,0.5120,354308
