timestamp,sliceId,dedicatedPRB,minPRB,maxPRB
510,0,31.303338548014032,31.303338548014032,100.0
510,1,34.478281220361296,34.478281220361296,100.0
510,2,34.21838023162468,34.21838023162468,100.0
520,0,28.24541314098163,28.24541314098163,100.0
520,1,29.212113373292798,29.212113373292798,100.0
520,2,42.542473485725566,42.542473485725566,100.0
530,0,24.49945055960062,24.49945055960062,100.0
530,1,29.545220701208088,29.545220701208088,100.0
530,2,45.95532873919129,45.95532873919129,100.0
540,0,26.975743019167027,26.975743019167027,100.0
540,1,26.343472865231664,26.343472865231664,100.0
540,2,46.68078411560132,46.68078411560132,100.0
550,0,38.80006778677155,38.80006778677155,100.0
550,1,27.300874357387723,27.300874357387723,100.0
550,2,33.89905785584073,33.89905785584073,100.0
