timestamp,sliceId,dedicatedPRB,minPRB,maxPRB
510,0,28.70342628940934,28.70342628940934,100.0
510,1,43.107745060928316,43.107745060928316,100.0
510,2,28.18882864966235,28.18882864966235,100.0
520,0,30.273449568705235,30.273449568705235,100.0
520,1,43.76129198173279,43.76129198173279,100.0
520,2,25.96525844956199,25.96525844956199,100.0
530,0,35.074151585118486,35.074151585118486,100.0
530,1,35.169001424419044,35.169001424419044,100.0
530,2,29.75684699046248,29.75684699046248,100.0
540,0,28.57664205837252,28.57664205837252,100.0
540,1,43.431929526420355,43.431929526420355,100.0
540,2,27.99142841520712,27.99142841520712,100.0
550,0,43.76091498239881,43.76091498239881,100.0
550,1,27.7072821793895,27.7072821793895,100.0
550,2,28.5318028382117,28.5318028382117,100.0
560,0,41.21357393002537,41.21357393002537,100.0
560,1,26.932684263059848,26.932684263059848,100.0
560,2,31.853741806914798,31.853741806914798,100.0
570,0,31.53367258186227,31.53367258186227,100.0
570,1,46.2876945787045,46.2876945787045,100.0
570,2,22.178632839433227,22.178632839433227,100.0
580,0,31.090477233492674,31.090477233492674,100.0
580,1,50.80730575497769,50.80730575497769,100.0
580,2,18.102217011529635,18.102217011529635,100.0
590,0,49.894724863642935,49.894724863642935,100.0
590,1,29.10345253687113,29.10345253687113,100.0
590,2,21.001822599485934,21.001822599485934,100.0
600,0,28.879381657265146,28.879381657265146,100.0
600,1,36.80388320928782,36.80388320928782,100.0
600,2,34.31673513344704,34.31673513344704,100.0
610,0,30.596799246408356,30.596799246408356,100.0
610,1,39.63632687357924,39.63632687357924,100.0
610,2,29.7668738800124,29.7668738800124,100.0
620,0,29.882659487935005,29.882659487935005,100.0
620,1,43.21082516683449,43.21082516683449,100.0
620,2,26.90651534523051,26.90651534523051,100.0
630,0,39.72633509632067,39.72633509632067,100.0
630,1,24.13420019860837,24.13420019860837,100.0
630,2,36.13946470507097,36.13946470507097,100.0
640,0,43.369817118888754,43.369817118888754,100.0
640,1,35.90182090370965,35.90182090370965,100.0
640,2,20.728361977401605,20.728361977401605,100.0
650,0,23.392611335185602,23.392611335185602,100.0
650,1,44.137547333608545,44.137547333608545,100.0
650,2,32.46984133120585,32.46984133120585,100.0
660,0,26.985030033045966,26.985030033045966,100.0
660,1,43.145188338319976,43.145188338319976,100.0
660,2,29.869781628634062,29.869781628634062,100.0
670,0,21.86598221310053,21.86598221310053,100.0
670,1,44.529675269013204,44.529675269013204,100.0
670,2,33.60434251788627,33.60434251788627,100.0
680,0,37.584934883441676,37.584934883441676,100.0
680,1,39.280350174091865,39.280350174091865,100.0
680,2,23.134714942466456,23.134714942466456,100.0
690,0,35.75695339952182,35.75695339952182,100.0
690,1,37.65051603561945,37.65051603561945,100.0
690,2,26.592530564858745,26.592530564858745,100.0
700,0,23.76230108190328,23.76230108190328,100.0
700,1,55.67692054934592,55.67692054934592,100.0
700,2,20.560778368750803,20.560778368750803,100.0
710,0,39.442245976117306,39.442245976117306,100.0
710,1,29.43347762323885,29.43347762323885,100.0
710,2,31.12427640064384,31.12427640064384,100.0
720,0,37.660012496079865,37.660012496079865,100.0
720,1,35.651737556929355,35.651737556929355,100.0
720,2,26.688249946990783,26.688249946990783,100.0
730,0,40.23212006781907,40.23212006781907,100.0
730,1,38.80076012090624,38.80076012090624,100.0
730,2,20.967119811274692,20.967119811274692,100.0
740,0,32.07735358357482,32.07735358357482,100.0
740,1,30.477470835022523,30.477470835022523,100.0
740,2,37.44517558140266,37.44517558140266,100.0
750,0,32.66843418912339,32.66843418912339,100.0
750,1,38.602353594734,38.602353594734,100.0
750,2,28.72921221614262,28.72921221614262,100.0
760,0,42.5887958107718,42.5887958107718,100.0
760,1,37.43496960741147,37.43496960741147,100.0
760,2,19.97623458181673,19.97623458181673,100.0
770,0,41.52221261717137,41.52221261717137,100.0
770,1,36.9480350863568,36.9480350863568,100.0
770,2,21.529752296471834,21.529752296471834,100.0
780,0,39.768133224224265,39.768133224224265,100.0
780,1,32.88463365376641,32.88463365376641,100.0
780,2,27.347233122009328,27.347233122009328,100.0
790,0,43.61826990152333,43.61826990152333,100.0
790,1,31.09531647271609,31.09531647271609,100.0
790,2,25.286413625760584,25.286413625760584,100.0
800,0,39.7197075136635,39.7197075136635,100.0
800,1,31.082246445667426,31.082246445667426,100.0
800,2,29.198046040669084,29.198046040669084,100.0
810,0,23.37022605187169,23.37022605187169,100.0
810,1,32.86472079939769,32.86472079939769,100.0
810,2,43.76505314873063,43.76505314873063,100.0
820,0,53.56707166490011,53.56707166490011,100.0
820,1,26.532853498943567,26.532853498943567,100.0
820,2,19.900074836156328,19.900074836156328,100.0
830,0,34.591973602327606,34.591973602327606,100.0
830,1,40.62873847296379,40.62873847296379,100.0
830,2,24.7792879247086,24.7792879247086,100.0
840,0,36.18207991903593,36.18207991903593,100.0
840,1,29.95441397895055,29.95441397895055,100.0
840,2,33.86350610201352,33.86350610201352,100.0
850,0,35.59660985688692,35.59660985688692,100.0
850,1,34.447104694524576,34.447104694524576,100.0
850,2,29.95628544858851,29.95628544858851,100.0
860,0,40.81551822313357,40.81551822313357,100.0
860,1,38.38213441927182,38.38213441927182,100.0
860,2,20.802347357594602,20.802347357594602,100.0
870,0,38.941662485110065,38.941662485110065,100.0
870,1,41.09730290120285,41.09730290120285,100.0
870,2,19.96103461368708,19.96103461368708,100.0
880,0,42.94119689894869,42.94119689894869,100.0
880,1,26.756739754537584,26.756739754537584,100.0
880,2,30.30206334651373,30.30206334651373,100.0
890,0,49.24702527970837,49.24702527970837,100.0
890,1,30.442899502192184,30.442899502192184,100.0
890,2,20.310075218099456,20.310075218099456,100.0
900,0,39.048187263383696,39.048187263383696,100.0
900,1,34.672754055847236,34.672754055847236,100.0
900,2,26.27905868076907,26.27905868076907,100.0
910,0,31.472904450296767,31.472904450296767,100.0
910,1,32.88087400339197,32.88087400339197,100.0
910,2,35.64622154631126,35.64622154631126,100.0
920,0,48.00793225630576,48.00793225630576,100.0
920,1,30.17691268114223,30.17691268114223,100.0
920,2,21.81515506255201,21.81515506255201,100.0
930,0,29.711274615210154,29.711274615210154,100.0
930,1,50.51630178529843,50.51630178529843,100.0
930,2,19.772423599491418,19.772423599491418,100.0
940,0,37.40705358425947,37.40705358425947,100.0
940,1,37.962378881293745,37.962378881293745,100.0
940,2,24.630567534446772,24.630567534446772,100.0
950,0,23.741654800409027,23.741654800409027,100.0
950,1,50.12648159078502,50.12648159078502,100.0
950,2,26.131863608805965,26.131863608805965,100.0
960,0,53.70277432797901,53.70277432797901,100.0
960,1,26.48226669388938,26.48226669388938,100.0
960,2,19.81495897813161,19.81495897813161,100.0
970,0,30.16902070783599,30.16902070783599,100.0
970,1,48.88982144301019,48.88982144301019,100.0
970,2,20.941157849153814,20.941157849153814,100.0
980,0,23.923465420469984,23.923465420469984,100.0
980,1,42.65121304819141,42.65121304819141,100.0
980,2,33.425321531338604,33.425321531338604,100.0
990,0,42.223767679398435,42.223767679398435,100.0
990,1,24.485390816784943,24.485390816784943,100.0
990,2,33.29084150381662,33.29084150381662,100.0
1000,0,47.20644422145233,47.20644422145233,100.0
1000,1,33.23986056497679,33.23986056497679,100.0
1000,2,19.553695213570883,19.553695213570883,100.0
1010,0,34.24018377259457,34.24018377259457,100.0
1010,1,38.26296038996638,38.26296038996638,100.0
1010,2,27.496855837439043,27.496855837439043,100.0
1020,0,35.517615585119245,35.517615585119245,100.0
1020,1,32.06321720075747,32.06321720075747,100.0
1020,2,32.4191672141233,32.4191672141233,100.0
1030,0,38.829491515172386,38.829491515172386,100.0
1030,1,40.47483873093133,40.47483873093133,100.0
1030,2,20.695669753896283,20.695669753896283,100.0
1040,0,40.83667091982309,40.83667091982309,100.0
1040,1,29.535822577810798,29.535822577810798,100.0
1040,2,29.627506502366106,29.627506502366106,100.0
1050,0,30.557407366136285,30.557407366136285,100.0
1050,1,45.198009511607914,45.198009511607914,100.0
1050,2,24.2445831222558,24.2445831222558,100.0
1060,0,24.749223421197403,24.749223421197403,100.0
1060,1,45.28348225862564,45.28348225862564,100.0
1060,2,29.96729432017696,29.96729432017696,100.0
1070,0,28.75759119674008,28.75759119674008,100.0
1070,1,45.673545856626305,45.673545856626305,100.0
1070,2,25.568862946633626,25.568862946633626,100.0
1080,0,31.799555835985377,31.799555835985377,100.0
1080,1,28.429755956001816,28.429755956001816,100.0
1080,2,39.7706882080128,39.7706882080128,100.0
1090,0,28.628039679824465,28.628039679824465,100.0
1090,1,35.58163524355646,35.58163524355646,100.0
1090,2,35.79032507661907,35.79032507661907,100.0
1100,0,41.44556276282165,41.44556276282165,100.0
1100,1,33.04662892956407,33.04662892956407,100.0
1100,2,25.507808307614276,25.507808307614276,100.0
1110,0,27.790093080480272,27.790093080480272,100.0
1110,1,37.95411773316407,37.95411773316407,100.0
1110,2,34.25578918635567,34.25578918635567,100.0
1120,0,23.53515965336524,23.53515965336524,100.0
1120,1,42.46908050594244,42.46908050594244,100.0
1120,2,33.995759840692315,33.995759840692315,100.0
1130,0,26.749426423951512,26.749426423951512,100.0
1130,1,37.52218343561934,37.52218343561934,100.0
1130,2,35.728390140429156,35.728390140429156,100.0
1140,0,39.803745764171936,39.803745764171936,100.0
1140,1,27.208590805707882,27.208590805707882,100.0
1140,2,32.987663430120186,32.987663430120186,100.0
1150,0,25.78718842171585,25.78718842171585,100.0
1150,1,29.307737959921692,29.307737959921692,100.0
1150,2,44.90507361836246,44.90507361836246,100.0
1160,0,25.01475819479999,25.01475819479999,100.0
1160,1,26.976434732849086,26.976434732849086,100.0
1160,2,48.008807072350926,48.008807072350926,100.0
1170,0,29.5426043175608,29.5426043175608,100.0
1170,1,49.16039411988011,49.16039411988011,100.0
1170,2,21.297001562559085,21.297001562559085,100.0
1180,0,24.678688000732283,24.678688000732283,100.0
1180,1,48.513315217704374,48.513315217704374,100.0
1180,2,26.807996781563347,26.807996781563347,100.0
1190,0,25.50660258342884,25.50660258342884,100.0
1190,1,41.46924916176001,41.46924916176001,100.0
1190,2,33.02414825481116,33.02414825481116,100.0
1200,0,31.900535390776408,31.900535390776408,100.0
1200,1,29.63018064458292,29.63018064458292,100.0
1200,2,38.46928396464067,38.46928396464067,100.0
1210,0,36.2791115616398,36.2791115616398,100.0
1210,1,31.317692945053356,31.317692945053356,100.0
1210,2,32.40319549330684,32.40319549330684,100.0
1220,0,26.99131518325506,26.99131518325506,100.0
1220,1,49.251512340252745,49.251512340252745,100.0
1220,2,23.75717247649219,23.75717247649219,100.0
1230,0,41.33420671434336,41.33420671434336,100.0
1230,1,27.907351913507604,27.907351913507604,100.0
1230,2,30.758441372149044,30.758441372149044,100.0
1240,0,48.01925162797364,48.01925162797364,100.0
1240,1,27.940361717095158,27.940361717095158,100.0
1240,2,24.040386654931208,24.040386654931208,100.0
1250,0,36.62533856639312,36.62533856639312,100.0
1250,1,26.94598222639334,26.94598222639334,100.0
1250,2,36.42867920721354,36.42867920721354,100.0
1260,0,42.39069831631206,42.39069831631206,100.0
1260,1,33.86164542118596,33.86164542118596,100.0
1260,2,23.74765626250198,23.74765626250198,100.0
1270,0,24.594370125966307,24.594370125966307,100.0
1270,1,47.66865496556276,47.66865496556276,100.0
1270,2,27.73697490847094,27.73697490847094,100.0
1280,0,28.243691652876496,28.243691652876496,100.0
1280,1,27.315307391270714,27.315307391270714,100.0
1280,2,44.441000955852786,44.441000955852786,100.0
1290,0,33.52856952899631,33.52856952899631,100.0
1290,1,43.33988002104917,43.33988002104917,100.0
1290,2,23.131550449954517,23.131550449954517,100.0
1300,0,34.877495555489716,34.877495555489716,100.0
1300,1,34.93614525961048,34.93614525961048,100.0
1300,2,30.186359184899814,30.186359184899814,100.0
1310,0,37.679676355856486,37.679676355856486,100.0
1310,1,40.30724230825297,40.30724230825297,100.0
1310,2,22.013081335890554,22.013081335890554,100.0
1320,0,25.016966780693682,25.016966780693682,100.0
1320,1,54.52303851962924,54.52303851962924,100.0
1320,2,20.459994699677083,20.459994699677083,100.0
1330,0,29.990789998269975,29.990789998269975,100.0
1330,1,38.06062379625361,38.06062379625361,100.0
1330,2,31.94858620547642,31.94858620547642,100.0
1340,0,31.37545343330339,31.37545343330339,100.0
1340,1,41.20387445537798,41.20387445537798,100.0
1340,2,27.420672111318623,27.420672111318623,100.0
1350,0,38.4884288635299,38.4884288635299,100.0
1350,1,30.103412602449765,30.103412602449765,100.0
1350,2,31.40815853402033,31.40815853402033,100.0
1360,0,33.88317793150915,33.88317793150915,100.0
1360,1,46.61329965254203,46.61329965254203,100.0
1360,2,19.503522415948822,19.503522415948822,100.0
1370,0,35.42309709167444,35.42309709167444,100.0
1370,1,28.809460472103165,28.809460472103165,100.0
1370,2,35.767442436222396,35.767442436222396,100.0
1380,0,33.380876316829045,33.380876316829045,100.0
1380,1,33.017228512610764,33.017228512610764,100.0
1380,2,33.60189517056019,33.60189517056019,100.0
1390,0,46.01596577113219,46.01596577113219,100.0
1390,1,24.35581451307393,24.35581451307393,100.0
1390,2,29.62821971579388,29.62821971579388,100.0
1400,0,44.711984355636424,44.711984355636424,100.0
1400,1,31.614626054407545,31.614626054407545,100.0
1400,2,23.673389589956027,23.673389589956027,100.0
1410,0,26.333973395330222,26.333973395330222,100.0
1410,1,41.17718224817055,41.17718224817055,100.0
1410,2,32.48884435649922,32.48884435649922,100.0
1420,0,37.37238182452204,37.37238182452204,100.0
1420,1,33.27700532091985,33.27700532091985,100.0
1420,2,29.35061285455811,29.35061285455811,100.0
1430,0,44.68473997077915,44.68473997077915,100.0
1430,1,26.61344812607136,26.61344812607136,100.0
1430,2,28.701811903149487,28.701811903149487,100.0
1440,0,38.67060786120186,38.67060786120186,100.0
1440,1,33.573417356761425,33.573417356761425,100.0
1440,2,27.75597478203672,27.75597478203672,100.0
1450,0,37.01332102863375,37.01332102863375,100.0
1450,1,37.74091419070427,37.74091419070427,100.0
1450,2,25.24576478066198,25.24576478066198,100.0
1460,0,31.190326950373137,31.190326950373137,100.0
1460,1,29.242436184596905,29.242436184596905,100.0
1460,2,39.56723686502996,39.56723686502996,100.0
1470,0,49.28863782168976,49.28863782168976,100.0
1470,1,29.932218333465404,29.932218333465404,100.0
1470,2,20.779143844844842,20.779143844844842,100.0
1480,0,40.5215073469433,40.5215073469433,100.0
1480,1,37.24809169647113,37.24809169647113,100.0
1480,2,22.230400956585576,22.230400956585576,100.0
1490,0,23.740639986605768,23.740639986605768,100.0
1490,1,31.616564133777135,31.616564133777135,100.0
1490,2,44.64279587961709,44.64279587961709,100.0
1500,0,28.99194688544989,28.99194688544989,100.0
1500,1,34.68975372082867,34.68975372082867,100.0
1500,2,36.318299393721446,36.318299393721446,100.0
1510,0,28.314961836965086,28.314961836965086,100.0
1510,1,35.43928460085517,35.43928460085517,100.0
1510,2,36.24575356217976,36.24575356217976,100.0
1520,0,23.045540743999325,23.045540743999325,100.0
1520,1,40.09841665295897,40.09841665295897,100.0
1520,2,36.85604260304171,36.85604260304171,100.0
1530,0,44.070721990288405,44.070721990288405,100.0
1530,1,31.97669411543316,31.97669411543316,100.0
1530,2,23.952583894278433,23.952583894278433,100.0
1540,0,39.64940158846759,39.64940158846759,100.0
1540,1,30.73818116721218,30.73818116721218,100.0
1540,2,29.612417244320234,29.612417244320234,100.0
1550,0,22.747216283908095,22.747216283908095,100.0
1550,1,35.53187181912237,35.53187181912237,100.0
1550,2,41.72091189696953,41.72091189696953,100.0
1560,0,29.967527160131237,29.967527160131237,100.0
1560,1,26.200661509541572,26.200661509541572,100.0
1560,2,43.8318113303272,43.8318113303272,100.0
1570,0,39.37946866913027,39.37946866913027,100.0
1570,1,34.67448040976995,34.67448040976995,100.0
1570,2,25.946050921099793,25.946050921099793,100.0
1580,0,38.893753345233215,38.893753345233215,100.0
1580,1,34.61181022553927,34.61181022553927,100.0
1580,2,26.49443642922752,26.49443642922752,100.0
1590,0,52.84728945651215,52.84728945651215,100.0
1590,1,25.198631829988393,25.198631829988393,100.0
1590,2,21.954078713499456,21.954078713499456,100.0
1600,0,40.150650660133955,40.150650660133955,100.0
1600,1,39.21102949808072,39.21102949808072,100.0
1600,2,20.638319841785318,20.638319841785318,100.0
1610,0,41.6768594058316,41.6768594058316,100.0
1610,1,35.57945428005472,35.57945428005472,100.0
1610,2,22.74368631411369,22.74368631411369,100.0
1620,0,31.367211458447525,31.367211458447525,100.0
1620,1,47.359169060808256,47.359169060808256,100.0
1620,2,21.273619480744223,21.273619480744223,100.0
1630,0,30.79823470903066,30.79823470903066,100.0
1630,1,44.77353851998336,44.77353851998336,100.0
1630,2,24.42822677098598,24.42822677098598,100.0
1640,0,36.02001624775056,36.02001624775056,100.0
1640,1,39.17822823656558,39.17822823656558,100.0
1640,2,24.801755515683848,24.801755515683848,100.0
1650,0,41.562320452206976,41.562320452206976,100.0
1650,1,29.73737797908204,29.73737797908204,100.0
1650,2,28.700301568710984,28.700301568710984,100.0
1660,0,30.057860392063883,30.057860392063883,100.0
1660,1,29.457465598799402,29.457465598799402,100.0
1660,2,40.48467400913672,40.48467400913672,100.0
1670,0,37.53029758835345,37.53029758835345,100.0
1670,1,36.10399067913252,36.10399067913252,100.0
1670,2,26.36571173251403,26.36571173251403,100.0
1680,0,38.4405196455464,38.4405196455464,100.0
1680,1,41.08812811641106,41.08812811641106,100.0
1680,2,20.471352238042535,20.471352238042535,100.0
1690,0,38.71432437891765,38.71432437891765,100.0
1690,1,34.45226975778433,34.45226975778433,100.0
1690,2,26.833405863298015,26.833405863298015,100.0
1700,0,32.668936616133195,32.668936616133195,100.0
1700,1,37.66549100530671,37.66549100530671,100.0
1700,2,29.66557237856009,29.66557237856009,100.0
1710,0,29.996652459610228,29.996652459610228,100.0
1710,1,38.023255700354454,38.023255700354454,100.0
1710,2,31.980091840035325,31.980091840035325,100.0
1720,0,23.56827809316534,23.56827809316534,100.0
1720,1,38.332868742344075,38.332868742344075,100.0
1720,2,38.098853164490585,38.098853164490585,100.0
1730,0,21.832931554693083,21.832931554693083,100.0
1730,1,53.00810036904318,53.00810036904318,100.0
1730,2,25.158968076263744,25.158968076263744,100.0
1740,0,31.296262665699448,31.296262665699448,100.0
1740,1,41.17929010979217,41.17929010979217,100.0
1740,2,27.524447224508375,27.524447224508375,100.0
1750,0,31.72457908355427,31.72457908355427,100.0
1750,1,42.8428069219538,42.8428069219538,100.0
1750,2,25.432613994491927,25.432613994491927,100.0
1760,0,27.295635012154502,27.295635012154502,100.0
1760,1,44.89039838265754,44.89039838265754,100.0
1760,2,27.81396660518797,27.81396660518797,100.0
1770,0,31.484661067341836,31.484661067341836,100.0
1770,1,50.55718114782386,50.55718114782386,100.0
1770,2,17.95815778483431,17.95815778483431,100.0
1780,0,28.441799906114916,28.441799906114916,100.0
1780,1,38.03024207270865,38.03024207270865,100.0
1780,2,33.52795802117643,33.52795802117643,100.0
1790,0,30.475331431851348,30.475331431851348,100.0
1790,1,25.385849413073284,25.385849413073284,100.0
1790,2,44.13881915507537,44.13881915507537,100.0
1800,0,30.451529065584204,30.451529065584204,100.0
1800,1,34.9688615206033,34.9688615206033,100.0
1800,2,34.5796094138125,34.5796094138125,100.0
1810,0,33.573287569275834,33.573287569275834,100.0
1810,1,40.39052861840947,40.39052861840947,100.0
1810,2,26.036183812314697,26.036183812314697,100.0
1820,0,35.185304792193186,35.185304792193186,100.0
1820,1,26.267634052308853,26.267634052308853,100.0
1820,2,38.547061155497964,38.547061155497964,100.0
1830,0,29.75669121789356,29.75669121789356,100.0
1830,1,36.696831375664715,36.696831375664715,100.0
1830,2,33.546477406441724,33.546477406441724,100.0
1840,0,28.95877320401153,28.95877320401153,100.0
1840,1,35.66701760239202,35.66701760239202,100.0
1840,2,35.37420919359645,35.37420919359645,100.0
1850,0,49.689680891218956,49.689680891218956,100.0
1850,1,30.81181831154757,30.81181831154757,100.0
1850,2,19.498500797233472,19.498500797233472,100.0
1860,0,26.71256567413457,26.71256567413457,100.0
1860,1,37.575381150958215,37.575381150958215,100.0
1860,2,35.71205317490722,35.71205317490722,100.0
1870,0,27.361384407364703,27.361384407364703,100.0
1870,1,43.344259016968245,43.344259016968245,100.0
1870,2,29.294356575667052,29.294356575667052,100.0
1880,0,37.552633266080235,37.552633266080235,100.0
1880,1,32.64059429524486,32.64059429524486,100.0
1880,2,29.8067724386749,29.8067724386749,100.0
1890,0,24.02123883011066,24.02123883011066,100.0
1890,1,45.9077275718838,45.9077275718838,100.0
1890,2,30.07103359800555,30.07103359800555,100.0
1900,0,41.883282050520144,41.883282050520144,100.0
1900,1,37.5766778627234,37.5766778627234,100.0
1900,2,20.54004008675645,20.54004008675645,100.0
1910,0,27.81712943649991,27.81712943649991,100.0
1910,1,42.586018062473784,42.586018062473784,100.0
1910,2,29.596852501026298,29.596852501026298,100.0
1920,0,26.912804275790624,26.912804275790624,100.0
1920,1,47.67513896816471,47.67513896816471,100.0
1920,2,25.412056756044667,25.412056756044667,100.0
1930,0,25.07149260745367,25.07149260745367,100.0
1930,1,42.87404745758422,42.87404745758422,100.0
1930,2,32.05445993496211,32.05445993496211,100.0
1940,0,41.001771937163,41.001771937163,100.0
1940,1,34.93931429760504,34.93931429760504,100.0
1940,2,24.05891376523196,24.05891376523196,100.0
1950,0,37.0196191562275,37.0196191562275,100.0
1950,1,27.11610375629123,27.11610375629123,100.0
1950,2,35.86427708748126,35.86427708748126,100.0
1960,0,36.708994322168934,36.708994322168934,100.0
1960,1,35.27484260615928,35.27484260615928,100.0
1960,2,28.016163071671784,28.016163071671784,100.0
1970,0,39.55224145978441,39.55224145978441,100.0
1970,1,36.3372613559905,36.3372613559905,100.0
1970,2,24.1104971842251,24.1104971842251,100.0
1980,0,32.56640117628615,32.56640117628615,100.0
1980,1,40.69282607283534,40.69282607283534,100.0
1980,2,26.740772750878516,26.740772750878516,100.0
1990,0,31.327805518788608,31.327805518788608,100.0
1990,1,37.21904565626532,37.21904565626532,100.0
1990,2,31.453148824946076,31.453148824946076,100.0
2000,0,51.793638937533245,51.793638937533245,100.0
2000,1,25.584978780236323,25.584978780236323,100.0
2000,2,22.621382282230442,22.621382282230442,100.0
2010,0,27.52106932270555,27.52106932270555,100.0
2010,1,28.91275253608523,28.91275253608523,100.0
2010,2,43.56617814120923,43.56617814120923,100.0
2020,0,53.500946403467054,53.500946403467054,100.0
2020,1,25.26512555994003,25.26512555994003,100.0
2020,2,21.233928036592914,21.233928036592914,100.0
2030,0,28.556420170414913,28.556420170414913,100.0
2030,1,31.79820128787926,31.79820128787926,100.0
2030,2,39.64537854170584,39.64537854170584,100.0
2040,0,32.722319306644444,32.722319306644444,100.0
2040,1,37.24816401359251,37.24816401359251,100.0
2040,2,30.029516679763056,30.029516679763056,100.0
2050,0,28.415774117481234,28.415774117481234,100.0
2050,1,33.077472021444315,33.077472021444315,100.0
2050,2,38.50675386107445,38.50675386107445,100.0
2060,0,24.2934123657346,24.2934123657346,100.0
2060,1,43.077753903260025,43.077753903260025,100.0
2060,2,32.62883373100537,32.62883373100537,100.0
2070,0,32.52504572922711,32.52504572922711,100.0
2070,1,28.85514555893005,28.85514555893005,100.0
2070,2,38.61980871184284,38.61980871184284,100.0
2080,0,35.04765292665873,35.04765292665873,100.0
2080,1,32.59370126432143,32.59370126432143,100.0
2080,2,32.35864580901984,32.35864580901984,100.0
2090,0,23.339836178626765,23.339836178626765,100.0
2090,1,49.48895411342166,49.48895411342166,100.0
2090,2,27.171209707951572,27.171209707951572,100.0
2100,0,22.719450600719977,22.719450600719977,100.0
2100,1,46.24263742191857,46.24263742191857,100.0
2100,2,31.03791197736145,31.03791197736145,100.0
2110,0,38.98564969013286,38.98564969013286,100.0
2110,1,35.331041103536684,35.331041103536684,100.0
2110,2,25.683309206330456,25.683309206330456,100.0
2120,0,46.57339057816002,46.57339057816002,100.0
2120,1,28.41472272143634,28.41472272143634,100.0
2120,2,25.011886700403636,25.011886700403636,100.0
2130,0,26.27914880294532,26.27914880294532,100.0
2130,1,34.07524295217,34.07524295217,100.0
2130,2,39.64560824488468,39.64560824488468,100.0
2140,0,23.013104627281766,23.013104627281766,100.0
2140,1,47.09400964687955,47.09400964687955,100.0
2140,2,29.89288572583868,29.89288572583868,100.0
2150,0,31.572499943771383,31.572499943771383,100.0
2150,1,46.98767542604675,46.98767542604675,100.0
2150,2,21.439824630181874,21.439824630181874,100.0
2160,0,26.115438921278304,26.115438921278304,100.0
2160,1,37.91204471793186,37.91204471793186,100.0
2160,2,35.972516360789825,35.972516360789825,100.0
2170,0,35.47803561068146,35.47803561068146,100.0
2170,1,42.43537970552224,42.43537970552224,100.0
2170,2,22.086584683796307,22.086584683796307,100.0
2180,0,27.447574246343763,27.447574246343763,100.0
2180,1,43.92937635721672,43.92937635721672,100.0
2180,2,28.62304939643953,28.62304939643953,100.0
2190,0,38.530929378516966,38.530929378516966,100.0
2190,1,26.308586979994597,26.308586979994597,100.0
2190,2,35.16048364148844,35.16048364148844,100.0
2200,0,39.475476055455985,39.475476055455985,100.0
2200,1,41.81394815758554,41.81394815758554,100.0
2200,2,18.71057578695847,18.71057578695847,100.0
2210,0,34.25791944048133,34.25791944048133,100.0
2210,1,40.96854762173707,40.96854762173707,100.0
2210,2,24.77353293778159,24.77353293778159,100.0
2220,0,48.75216045847365,48.75216045847365,100.0
2220,1,31.708730862972732,31.708730862972732,100.0
2220,2,19.53910867855362,19.53910867855362,100.0
2230,0,34.46844612303836,34.46844612303836,100.0
2230,1,38.72880379524588,38.72880379524588,100.0
2230,2,26.802750081715754,26.802750081715754,100.0
2240,0,28.64881494674328,28.64881494674328,100.0
2240,1,46.450000848241935,46.450000848241935,100.0
2240,2,24.901184205014793,24.901184205014793,100.0
2250,0,38.24123845700688,38.24123845700688,100.0
2250,1,39.94234624396906,39.94234624396906,100.0
2250,2,21.81641529902406,21.81641529902406,100.0
2260,0,23.212988400129834,23.212988400129834,100.0
2260,1,51.722789743276905,51.722789743276905,100.0
2260,2,25.06422185659325,25.06422185659325,100.0
2270,0,37.91073459066943,37.91073459066943,100.0
2270,1,31.41022005307069,31.41022005307069,100.0
2270,2,30.67904535625988,30.67904535625988,100.0
2280,0,32.227993233205495,32.227993233205495,100.0
2280,1,32.81408205914676,32.81408205914676,100.0
2280,2,34.957924707647756,34.957924707647756,100.0
2290,0,28.70352666704464,28.70352666704464,100.0
2290,1,49.928834212862476,49.928834212862476,100.0
2290,2,21.367639120092885,21.367639120092885,100.0
2300,0,42.738286333313695,42.738286333313695,100.0
2300,1,39.11924147491427,39.11924147491427,100.0
2300,2,18.14247219177204,18.14247219177204,100.0
2310,0,27.119310152210396,27.119310152210396,100.0
2310,1,50.11492450854347,50.11492450854347,100.0
2310,2,22.765765339246137,22.765765339246137,100.0
2320,0,26.83611580176376,26.83611580176376,100.0
2320,1,44.58954345356902,44.58954345356902,100.0
2320,2,28.57434074466722,28.57434074466722,100.0
2330,0,33.41338338724913,33.41338338724913,100.0
2330,1,39.11650694403785,39.11650694403785,100.0
2330,2,27.47010966871303,27.47010966871303,100.0
2340,0,37.474081964772346,37.474081964772346,100.0
2340,1,34.99256661387092,34.99256661387092,100.0
2340,2,27.533351421356738,27.533351421356738,100.0
2350,0,25.87667323534734,25.87667323534734,100.0
2350,1,27.259862285101526,27.259862285101526,100.0
2350,2,46.86346447955113,46.86346447955113,100.0
2360,0,34.88413504774031,34.88413504774031,100.0
2360,1,27.567241867502535,27.567241867502535,100.0
2360,2,37.54862308475717,37.54862308475717,100.0
2370,0,32.43294613896388,32.43294613896388,100.0
2370,1,32.5524528004099,32.5524528004099,100.0
2370,2,35.014601060626234,35.014601060626234,100.0
2380,0,21.818199159257702,21.818199159257702,100.0
2380,1,34.57477308572865,34.57477308572865,100.0
2380,2,43.60702775501365,43.60702775501365,100.0
2390,0,21.73475650995104,21.73475650995104,100.0
2390,1,44.822102043117084,44.822102043117084,100.0
2390,2,33.44314144693188,33.44314144693188,100.0
2400,0,25.717878886639163,25.717878886639163,100.0
2400,1,53.83900295146529,53.83900295146529,100.0
2400,2,20.443118161895548,20.443118161895548,100.0
2410,0,41.277905021471405,41.277905021471405,100.0
2410,1,36.596989841717466,36.596989841717466,100.0
2410,2,22.125105136811136,22.125105136811136,100.0
2420,0,27.848227767808176,27.848227767808176,100.0
2420,1,39.35483212596378,39.35483212596378,100.0
2420,2,32.79694010622804,32.79694010622804,100.0
2430,0,36.71622997855101,36.71622997855101,100.0
2430,1,41.51025313310169,41.51025313310169,100.0
2430,2,21.7735168883473,21.7735168883473,100.0
2440,0,40.93353344066729,40.93353344066729,100.0
2440,1,26.28192394508899,26.28192394508899,100.0
2440,2,32.784542614243726,32.784542614243726,100.0
2450,0,34.11736251947743,34.11736251947743,100.0
2450,1,32.44265449686806,32.44265449686806,100.0
2450,2,33.43998298365452,33.43998298365452,100.0
2460,0,33.35665713128117,33.35665713128117,100.0
2460,1,26.891460391597622,26.891460391597622,100.0
2460,2,39.75188247712122,39.75188247712122,100.0
2470,0,25.63336525928495,25.63336525928495,100.0
2470,1,34.37996702358481,34.37996702358481,100.0
2470,2,39.98666771713024,39.98666771713024,100.0
2480,0,34.887661116373536,34.887661116373536,100.0
2480,1,44.8514439595635,44.8514439595635,100.0
2480,2,20.260894924062967,20.260894924062967,100.0
2490,0,37.41797205336425,37.41797205336425,100.0
2490,1,29.23543620836801,29.23543620836801,100.0
2490,2,33.34659173826775,33.34659173826775,100.0
2500,0,30.107936799477198,30.107936799477198,100.0
2500,1,33.03182862127777,33.03182862127777,100.0
2500,2,36.86023457924505,36.86023457924505,100.0
2510,0,26.96623041135152,26.96623041135152,100.0
2510,1,53.4830402487655,53.4830402487655,100.0
2510,2,19.55072933988298,19.55072933988298,100.0
2520,0,28.220136058538653,28.220136058538653,100.0
2520,1,32.97927355740888,32.97927355740888,100.0
2520,2,38.80059038405247,38.80059038405247,100.0
2530,0,41.49940230361233,41.49940230361233,100.0
2530,1,33.04813487646616,33.04813487646616,100.0
2530,2,25.45246281992152,25.45246281992152,100.0
2540,0,29.296146478108014,29.296146478108014,100.0
2540,1,27.946628447353582,27.946628447353582,100.0
2540,2,42.757225074538404,42.757225074538404,100.0
2550,0,25.82547469461638,25.82547469461638,100.0
2550,1,40.352886360507235,40.352886360507235,100.0
2550,2,33.82163894487638,33.82163894487638,100.0
2560,0,49.70330493975179,49.70330493975179,100.0
2560,1,28.21788657412875,28.21788657412875,100.0
2560,2,22.078808486119463,22.078808486119463,100.0
2570,0,24.361606240465704,24.361606240465704,100.0
2570,1,47.611704196208116,47.611704196208116,100.0
2570,2,28.02668956332618,28.02668956332618,100.0
2580,0,38.907156664235444,38.907156664235444,100.0
2580,1,43.77843102262787,43.77843102262787,100.0
2580,2,17.3144123131367,17.3144123131367,100.0
2590,0,23.746009125856894,23.746009125856894,100.0
2590,1,31.64228901170865,31.64228901170865,100.0
2590,2,44.61170186243446,44.61170186243446,100.0
2600,0,37.78639579581247,37.78639579581247,100.0
2600,1,41.015925297866694,41.015925297866694,100.0
2600,2,21.19767890632083,21.19767890632083,100.0
2610,0,38.43760694739263,38.43760694739263,100.0
2610,1,31.136958022377982,31.136958022377982,100.0
2610,2,30.425435030229387,30.425435030229387,100.0
2620,0,22.21487282160427,22.21487282160427,100.0
2620,1,55.953351796015596,55.953351796015596,100.0
2620,2,21.831775382380137,21.831775382380137,100.0
2630,0,41.456324714543335,41.456324714543335,100.0
2630,1,24.921836845645785,24.921836845645785,100.0
2630,2,33.62183843981088,33.62183843981088,100.0
2640,0,27.997822128656026,27.997822128656026,100.0
2640,1,45.659937299432556,45.659937299432556,100.0
2640,2,26.34224057191143,26.34224057191143,100.0
2650,0,43.8498216927767,43.8498216927767,100.0
2650,1,37.77672492155156,37.77672492155156,100.0
2650,2,18.373453385671723,18.373453385671723,100.0
2660,0,37.510519635902405,37.510519635902405,100.0
2660,1,38.91803557979171,38.91803557979171,100.0
2660,2,23.571444784305882,23.571444784305882,100.0
2670,0,50.64337571495622,50.64337571495622,100.0
2670,1,25.751798083221157,25.751798083221157,100.0
2670,2,23.60482620182261,23.60482620182261,100.0
2680,0,26.1452389664577,26.1452389664577,100.0
2680,1,54.56115932326499,54.56115932326499,100.0
2680,2,19.293601710277322,19.293601710277322,100.0
2690,0,22.39125320807185,22.39125320807185,100.0
2690,1,53.60593353188206,53.60593353188206,100.0
2690,2,24.0028132600461,24.0028132600461,100.0
2700,0,25.16552298596978,25.16552298596978,100.0
2700,1,32.71192863899364,32.71192863899364,100.0
2700,2,42.122548375036594,42.122548375036594,100.0
2710,0,28.176382636874553,28.176382636874553,100.0
2710,1,28.68426548424361,28.68426548424361,100.0
2710,2,43.13935187888184,43.13935187888184,100.0
2720,0,27.895536258727937,27.895536258727937,100.0
2720,1,30.200287454007167,30.200287454007167,100.0
2720,2,41.904176287264896,41.904176287264896,100.0
2730,0,37.201131551533635,37.201131551533635,100.0
2730,1,40.94699090841738,40.94699090841738,100.0
2730,2,21.85187754004898,21.85187754004898,100.0
2740,0,24.360684615207134,24.360684615207134,100.0
2740,1,49.555080104738586,49.555080104738586,100.0
2740,2,26.084235280054273,26.084235280054273,100.0
2750,0,22.151893973508326,22.151893973508326,100.0
2750,1,39.03484908836197,39.03484908836197,100.0
2750,2,38.8132569381297,38.8132569381297,100.0
2760,0,32.11371882553225,32.11371882553225,100.0
2760,1,38.00201236803502,38.00201236803502,100.0
2760,2,29.884268806432736,29.884268806432736,100.0
2770,0,44.406943050070105,44.406943050070105,100.0
2770,1,30.162362372999446,30.162362372999446,100.0
2770,2,25.430694576930446,25.430694576930446,100.0
2780,0,27.3008673671616,27.3008673671616,100.0
2780,1,50.6199198511655,50.6199198511655,100.0
2780,2,22.0792127816729,22.0792127816729,100.0
2790,0,36.98333791116461,36.98333791116461,100.0
2790,1,25.150821185441025,25.150821185441025,100.0
2790,2,37.86584090339437,37.86584090339437,100.0
2800,0,22.929436370912676,22.929436370912676,100.0
2800,1,49.52291499777722,49.52291499777722,100.0
2800,2,27.547648631310107,27.547648631310107,100.0
2810,0,43.143968681499956,43.143968681499956,100.0
2810,1,36.77740130457672,36.77740130457672,100.0
2810,2,20.078630013923327,20.078630013923327,100.0
2820,0,28.792279971391636,28.792279971391636,100.0
2820,1,42.93816580229573,42.93816580229573,100.0
2820,2,28.26955422631265,28.26955422631265,100.0
2830,0,29.526627422862806,29.526627422862806,100.0
2830,1,48.62189828972836,48.62189828972836,100.0
2830,2,21.85147428740884,21.85147428740884,100.0
2840,0,46.49676167553099,46.49676167553099,100.0
2840,1,32.653220798305114,32.653220798305114,100.0
2840,2,20.850017526163892,20.850017526163892,100.0
2850,0,44.193294854338596,44.193294854338596,100.0
2850,1,29.535472110748156,29.535472110748156,100.0
2850,2,26.271233034913248,26.271233034913248,100.0
2860,0,26.03836785366364,26.03836785366364,100.0
2860,1,44.089826836989445,44.089826836989445,100.0
2860,2,29.87180530934691,29.87180530934691,100.0
2870,0,21.52475230276715,21.52475230276715,100.0
2870,1,48.47577441600875,48.47577441600875,100.0
2870,2,29.999473281224105,29.999473281224105,100.0
2880,0,50.65169132711762,50.65169132711762,100.0
2880,1,28.170697351741236,28.170697351741236,100.0
2880,2,21.17761132114115,21.17761132114115,100.0
2890,0,35.405689621846584,35.405689621846584,100.0
2890,1,29.05555587997265,29.05555587997265,100.0
2890,2,35.53875449818077,35.53875449818077,100.0
2900,0,35.84910913585317,35.84910913585317,100.0
2900,1,30.40604008290574,30.40604008290574,100.0
2900,2,33.7448507812411,33.7448507812411,100.0
2910,0,22.151638882180197,22.151638882180197,100.0
2910,1,46.02577418029299,46.02577418029299,100.0
2910,2,31.822586937526808,31.822586937526808,100.0
2920,0,44.900979226728424,44.900979226728424,100.0
2920,1,26.614013918868885,26.614013918868885,100.0
2920,2,28.485006854402688,28.485006854402688,100.0
2930,0,37.65518643549296,37.65518643549296,100.0
2930,1,41.38042659702782,41.38042659702782,100.0
2930,2,20.964386967479236,20.964386967479236,100.0
2940,0,35.74966461521861,35.74966461521861,100.0
2940,1,29.506028579604383,29.506028579604383,100.0
2940,2,34.744306805177004,34.744306805177004,100.0
2950,0,39.3639253267541,39.3639253267541,100.0
2950,1,42.03881596727786,42.03881596727786,100.0
2950,2,18.597258705968034,18.597258705968034,100.0
2960,0,45.23212519684845,45.23212519684845,100.0
2960,1,28.818101037108292,28.818101037108292,100.0
2960,2,25.949773766043272,25.949773766043272,100.0
2970,0,24.06657383861143,24.06657383861143,100.0
2970,1,49.84181548769071,49.84181548769071,100.0
2970,2,26.09161067369787,26.09161067369787,100.0
2980,0,35.904488887709284,35.904488887709284,100.0
2980,1,28.14800195412627,28.14800195412627,100.0
2980,2,35.94750915816445,35.94750915816445,100.0
2990,0,42.03979949692014,42.03979949692014,100.0
2990,1,40.13369330369947,40.13369330369947,100.0
2990,2,17.82650719938041,17.82650719938041,100.0
3000,0,38.563141791013486,38.563141791013486,100.0
3000,1,29.855593760852372,29.855593760852372,100.0
3000,2,31.581264448134156,31.581264448134156,100.0
3010,0,34.84660456548282,34.84660456548282,100.0
3010,1,27.480611976835384,27.480611976835384,100.0
3010,2,37.672783457681795,37.672783457681795,100.0
3020,0,34.04924383885939,34.04924383885939,100.0
3020,1,39.263704922821454,39.263704922821454,100.0
3020,2,26.687051238319153,26.687051238319153,100.0
3030,0,46.902341389665516,46.902341389665516,100.0
3030,1,25.735392723565344,25.735392723565344,100.0
3030,2,27.362265886769144,27.362265886769144,100.0
3040,0,28.292204146515644,28.292204146515644,100.0
3040,1,51.91121952830664,51.91121952830664,100.0
3040,2,19.79657632517772,19.79657632517772,100.0
3050,0,28.924792491815836,28.924792491815836,100.0
3050,1,41.391486692305435,41.391486692305435,100.0
3050,2,29.68372081587873,29.68372081587873,100.0
3060,0,39.121053978682966,39.121053978682966,100.0
3060,1,31.723166425757533,31.723166425757533,100.0
3060,2,29.155779595559505,29.155779595559505,100.0
3070,0,50.00725420461205,50.00725420461205,100.0
3070,1,28.78347215805066,28.78347215805066,100.0
3070,2,21.209273637337304,21.209273637337304,100.0
3080,0,28.22152572480897,28.22152572480897,100.0
3080,1,30.79051421076171,30.79051421076171,100.0
3080,2,40.987960064429316,40.987960064429316,100.0
3090,0,37.352244390783945,37.352244390783945,100.0
3090,1,44.05181452331163,44.05181452331163,100.0
3090,2,18.59594108590443,18.59594108590443,100.0
3100,0,35.80918867720953,35.80918867720953,100.0
3100,1,35.40121151008323,35.40121151008323,100.0
3100,2,28.789599812707245,28.789599812707245,100.0
3110,0,33.59717519785191,33.59717519785191,100.0
3110,1,36.14355890460127,36.14355890460127,100.0
3110,2,30.25926589754683,30.25926589754683,100.0
3120,0,33.97282963522105,33.97282963522105,100.0
3120,1,45.731829707590265,45.731829707590265,100.0
3120,2,20.295340657188685,20.295340657188685,100.0
3130,0,35.63287233685991,35.63287233685991,100.0
3130,1,45.30723020649605,45.30723020649605,100.0
3130,2,19.05989745664403,19.05989745664403,100.0
3140,0,26.915437438334234,26.915437438334234,100.0
3140,1,30.977054353090445,30.977054353090445,100.0
3140,2,42.107508208575325,42.107508208575325,100.0
3150,0,35.963938457570734,35.963938457570734,100.0
3150,1,32.11354819533163,32.11354819533163,100.0
3150,2,31.922513347097635,31.922513347097635,100.0
3160,0,30.534638602423136,30.534638602423136,100.0
3160,1,30.512931845673307,30.512931845673307,100.0
3160,2,38.952429551903556,38.952429551903556,100.0
3170,0,30.412589187454053,30.412589187454053,100.0
3170,1,40.3963623744346,40.3963623744346,100.0
3170,2,29.191048438111338,29.191048438111338,100.0
3180,0,36.0432876497456,36.0432876497456,100.0
3180,1,35.087989147375076,35.087989147375076,100.0
3180,2,28.86872320287932,28.86872320287932,100.0
3190,0,27.054791501655146,27.054791501655146,100.0
3190,1,43.865369751741646,43.865369751741646,100.0
3190,2,29.079838746603215,29.079838746603215,100.0
3200,0,34.36020647495695,34.36020647495695,100.0
3200,1,31.526526476571608,31.526526476571608,100.0
3200,2,34.11326704847146,34.11326704847146,100.0
3210,0,34.29540838790585,34.29540838790585,100.0
3210,1,37.125819060903275,37.125819060903275,100.0
3210,2,28.578772551190873,28.578772551190873,100.0
3220,0,40.96845110997667,40.96845110997667,100.0
3220,1,29.397954734980857,29.397954734980857,100.0
3220,2,29.633594155042474,29.633594155042474,100.0
3230,0,49.13773729607093,49.13773729607093,100.0
3230,1,28.580385146427762,28.580385146427762,100.0
3230,2,22.281877557501307,22.281877557501307,100.0
3240,0,39.425586417727835,39.425586417727835,100.0
3240,1,37.563203568386314,37.563203568386314,100.0
3240,2,23.011210013885854,23.011210013885854,100.0
3250,0,46.85779734621568,46.85779734621568,100.0
3250,1,31.658255065461006,31.658255065461006,100.0
3250,2,21.483947588323304,21.483947588323304,100.0
3260,0,43.44246723966174,43.44246723966174,100.0
3260,1,33.98596666010335,33.98596666010335,100.0
3260,2,22.571566100234914,22.571566100234914,100.0
3270,0,43.87392590989935,43.87392590989935,100.0
3270,1,31.389181679071786,31.389181679071786,100.0
3270,2,24.736892411028865,24.736892411028865,100.0
3280,0,46.78907425998127,46.78907425998127,100.0
3280,1,30.472910056489066,30.472910056489066,100.0
3280,2,22.738015683529667,22.738015683529667,100.0
3290,0,36.78187241670852,36.78187241670852,100.0
3290,1,34.14760600615465,34.14760600615465,100.0
3290,2,29.070521577136837,29.070521577136837,100.0
3300,0,41.64164840450718,41.64164840450718,100.0
3300,1,30.834382554769334,30.834382554769334,100.0
3300,2,27.523969040723482,27.523969040723482,100.0
3310,0,46.67999669589073,46.67999669589073,100.0
3310,1,34.91514704425644,34.91514704425644,100.0
3310,2,18.40485625985283,18.40485625985283,100.0
3320,0,40.50550854652939,40.50550854652939,100.0
3320,1,24.891245584785796,24.891245584785796,100.0
3320,2,34.60324586868482,34.60324586868482,100.0
3330,0,50.141989608699646,50.141989608699646,100.0
3330,1,27.486001704294978,27.486001704294978,100.0
3330,2,22.372008687005383,22.372008687005383,100.0
3340,0,44.63995841511553,44.63995841511553,100.0
3340,1,26.741890004373154,26.741890004373154,100.0
3340,2,28.61815158051132,28.61815158051132,100.0
3350,0,33.32031999718923,33.32031999718923,100.0
3350,1,33.65517516739606,33.65517516739606,100.0
3350,2,33.02450483541472,33.02450483541472,100.0
3360,0,26.561924971392255,26.561924971392255,100.0
3360,1,38.69639161815955,38.69639161815955,100.0
3360,2,34.741683410448196,34.741683410448196,100.0
3370,0,31.78607749491229,31.78607749491229,100.0
3370,1,33.83318687548203,33.83318687548203,100.0
3370,2,34.38073562960568,34.38073562960568,100.0
3380,0,42.41399859469344,42.41399859469344,100.0
3380,1,39.35020438126905,39.35020438126905,100.0
3380,2,18.235797024037513,18.235797024037513,100.0
3390,0,36.11997174129593,36.11997174129593,100.0
3390,1,35.674814948816376,35.674814948816376,100.0
3390,2,28.2052133098877,28.2052133098877,100.0
3400,0,25.36623293235926,25.36623293235926,100.0
3400,1,50.052602492784196,50.052602492784196,100.0
3400,2,24.581164574856555,24.581164574856555,100.0
3410,0,25.31984912192383,25.31984912192383,100.0
3410,1,30.228849198185625,30.228849198185625,100.0
3410,2,44.45130167989054,44.45130167989054,100.0
3420,0,22.93745601422313,22.93745601422313,100.0
3420,1,57.32819273187759,57.32819273187759,100.0
3420,2,19.734351253899284,19.734351253899284,100.0
3430,0,38.772493981698844,38.772493981698844,100.0
3430,1,39.94693691504166,39.94693691504166,100.0
3430,2,21.280569103259502,21.280569103259502,100.0
3440,0,28.293545634995017,28.293545634995017,100.0
3440,1,45.72154691293902,45.72154691293902,100.0
3440,2,25.984907452065965,25.984907452065965,100.0
3450,0,47.07115324489574,47.07115324489574,100.0
3450,1,31.231184891799785,31.231184891799785,100.0
3450,2,21.697661863304475,21.697661863304475,100.0
3460,0,46.12382868101853,46.12382868101853,100.0
3460,1,24.807971506539413,24.807971506539413,100.0
3460,2,29.068199812442053,29.068199812442053,100.0
3470,0,50.114891473842874,50.114891473842874,100.0
3470,1,27.739455735366462,27.739455735366462,100.0
3470,2,22.14565279079067,22.14565279079067,100.0
3480,0,46.746351820973764,46.746351820973764,100.0
3480,1,30.580286255847707,30.580286255847707,100.0
3480,2,22.673361923178533,22.673361923178533,100.0
3490,0,23.019673486341066,23.019673486341066,100.0
3490,1,32.891656679337146,32.891656679337146,100.0
3490,2,44.08866983432179,44.08866983432179,100.0
3500,0,43.69338771757223,43.69338771757223,100.0
3500,1,35.605210444063694,35.605210444063694,100.0
3500,2,20.701401838364074,20.701401838364074,100.0
3510,0,35.455333383680596,35.455333383680596,100.0
3510,1,39.80144385771759,39.80144385771759,100.0
3510,2,24.743222758601807,24.743222758601807,100.0
3520,0,28.218994191934488,28.218994191934488,100.0
3520,1,45.88424019295819,45.88424019295819,100.0
3520,2,25.896765615107327,25.896765615107327,100.0
3530,0,27.297998832375033,27.297998832375033,100.0
3530,1,51.97607220632342,51.97607220632342,100.0
3530,2,20.725928961301545,20.725928961301545,100.0
3540,0,38.25224317635036,38.25224317635036,100.0
3540,1,34.72389340175281,34.72389340175281,100.0
3540,2,27.02386342189683,27.02386342189683,100.0
3550,0,49.24773203134841,49.24773203134841,100.0
3550,1,26.043085790021397,26.043085790021397,100.0
3550,2,24.7091821786302,24.7091821786302,100.0
3560,0,37.43909997400719,37.43909997400719,100.0
3560,1,42.26060601712038,42.26060601712038,100.0
3560,2,20.300294008872417,20.300294008872417,100.0
3570,0,28.644604158573845,28.644604158573845,100.0
3570,1,46.24149332209739,46.24149332209739,100.0
3570,2,25.11390251932876,25.11390251932876,100.0
3580,0,31.07735495928,31.07735495928,100.0
3580,1,46.20708162244572,46.20708162244572,100.0
3580,2,22.71556341827427,22.71556341827427,100.0
3590,0,23.015198784301308,23.015198784301308,100.0
3590,1,37.91540840164054,37.91540840164054,100.0
3590,2,39.069392814058155,39.069392814058155,100.0
3600,0,27.43811942425807,27.43811942425807,100.0
3600,1,53.676968320467445,53.676968320467445,100.0
3600,2,18.8849122552745,18.8849122552745,100.0
3610,0,25.543387480817692,25.543387480817692,100.0
3610,1,55.2361998885036,55.2361998885036,100.0
3610,2,19.2204126306787,19.2204126306787,100.0
3620,0,26.362713363748874,26.362713363748874,100.0
3620,1,33.72607944604897,33.72607944604897,100.0
3620,2,39.911207190202155,39.911207190202155,100.0
3630,0,41.747960997043606,41.747960997043606,100.0
3630,1,26.252293684003792,26.252293684003792,100.0
3630,2,31.9997453189526,31.9997453189526,100.0
3640,0,31.0839366478448,31.0839366478448,100.0
3640,1,44.53101927008757,44.53101927008757,100.0
3640,2,24.38504408206763,24.38504408206763,100.0
3650,0,50.40335950659836,50.40335950659836,100.0
3650,1,29.335630374854333,29.335630374854333,100.0
3650,2,20.261010118547304,20.261010118547304,100.0
3660,0,30.985318480874962,30.985318480874962,100.0
3660,1,44.62543709682586,44.62543709682586,100.0
3660,2,24.38924442229917,24.38924442229917,100.0
3670,0,44.71583443400673,44.71583443400673,100.0
3670,1,25.427831723535206,25.427831723535206,100.0
3670,2,29.85633384245807,29.85633384245807,100.0
3680,0,43.27118550150777,43.27118550150777,100.0
3680,1,34.62742790249747,34.62742790249747,100.0
3680,2,22.10138659599476,22.10138659599476,100.0
3690,0,39.498779546488066,39.498779546488066,100.0
3690,1,38.657949689565385,38.657949689565385,100.0
3690,2,21.84327076394655,21.84327076394655,100.0
3700,0,23.702614846866748,23.702614846866748,100.0
3700,1,28.574209457855197,28.574209457855197,100.0
3700,2,47.723175695278044,47.723175695278044,100.0
3710,0,46.72369014406914,46.72369014406914,100.0
3710,1,33.27205810732613,33.27205810732613,100.0
3710,2,20.004251748604734,20.004251748604734,100.0
3720,0,43.91408827547613,43.91408827547613,100.0
3720,1,36.22410000589795,36.22410000589795,100.0
3720,2,19.861811718625912,19.861811718625912,100.0
3730,0,30.22427827143659,30.22427827143659,100.0
3730,1,46.56345594740141,46.56345594740141,100.0
3730,2,23.212265781162007,23.212265781162007,100.0
3740,0,23.22254759507191,23.22254759507191,100.0
3740,1,33.07985409158617,33.07985409158617,100.0
3740,2,43.69759831334192,43.69759831334192,100.0
3750,0,27.571900748911037,27.571900748911037,100.0
3750,1,49.40904657798315,49.40904657798315,100.0
3750,2,23.019052673105804,23.019052673105804,100.0
3760,0,41.99048949041654,41.99048949041654,100.0
3760,1,32.246557661034146,32.246557661034146,100.0
3760,2,25.762952848549318,25.762952848549318,100.0
3770,0,38.43376905589924,38.43376905589924,100.0
3770,1,40.93941861979163,40.93941861979163,100.0
3770,2,20.626812324309128,20.626812324309128,100.0
3780,0,33.53678574010269,33.53678574010269,100.0
3780,1,39.49285288868437,39.49285288868437,100.0
3780,2,26.97036137121294,26.97036137121294,100.0
3790,0,34.448410460411004,34.448410460411004,100.0
3790,1,47.08944490139565,47.08944490139565,100.0
3790,2,18.46214463819334,18.46214463819334,100.0
3800,0,37.22546582836209,37.22546582836209,100.0
3800,1,33.06680742734072,33.06680742734072,100.0
3800,2,29.70772674429719,29.70772674429719,100.0
3810,0,28.673868339250753,28.673868339250753,100.0
3810,1,36.73711752702384,36.73711752702384,100.0
3810,2,34.58901413372541,34.58901413372541,100.0
3820,0,33.1717734713107,33.1717734713107,100.0
3820,1,36.08837720089462,36.08837720089462,100.0
3820,2,30.739849327794676,30.739849327794676,100.0
3830,0,26.73153992509876,26.73153992509876,100.0
3830,1,47.431576839083846,47.431576839083846,100.0
3830,2,25.836883235817403,25.836883235817403,100.0
3840,0,41.22263668599334,41.22263668599334,100.0
3840,1,31.378085305173855,31.378085305173855,100.0
3840,2,27.399278008832802,27.399278008832802,100.0
3850,0,39.69670204331318,39.69670204331318,100.0
3850,1,24.5995110872308,24.5995110872308,100.0
3850,2,35.703786869456025,35.703786869456025,100.0
3860,0,23.342509302403077,23.342509302403077,100.0
3860,1,36.31719201257293,36.31719201257293,100.0
3860,2,40.340298685023996,40.340298685023996,100.0
3870,0,35.660438640285086,35.660438640285086,100.0
3870,1,29.474246669234404,29.474246669234404,100.0
3870,2,34.86531469048051,34.86531469048051,100.0
3880,0,24.738759875402934,24.738759875402934,100.0
3880,1,47.18942736317479,47.18942736317479,100.0
3880,2,28.071812761422287,28.071812761422287,100.0
3890,0,30.207090423516092,30.207090423516092,100.0
3890,1,29.04390904951747,29.04390904951747,100.0
3890,2,40.74900052696645,40.74900052696645,100.0
3900,0,37.33901325773482,37.33901325773482,100.0
3900,1,33.00438682940297,33.00438682940297,100.0
3900,2,29.65659991286222,29.65659991286222,100.0
3910,0,40.8788164900128,40.8788164900128,100.0
3910,1,37.69497581812698,37.69497581812698,100.0
3910,2,21.426207691860228,21.426207691860228,100.0
3920,0,23.096499252690606,23.096499252690606,100.0
3920,1,51.502870586067885,51.502870586067885,100.0
3920,2,25.400630161241512,25.400630161241512,100.0
3930,0,47.54999407885033,47.54999407885033,100.0
3930,1,32.37087857013275,32.37087857013275,100.0
3930,2,20.07912735101693,20.07912735101693,100.0
3940,0,29.04087656411659,29.04087656411659,100.0
3940,1,45.80653586253101,45.80653586253101,100.0
3940,2,25.152587573352402,25.152587573352402,100.0
3950,0,21.37933564544187,21.37933564544187,100.0
3950,1,36.35251275559986,36.35251275559986,100.0
3950,2,42.26815159895827,42.26815159895827,100.0
3960,0,26.880719072557397,26.880719072557397,100.0
3960,1,49.89114228020844,49.89114228020844,100.0
3960,2,23.228138647234164,23.228138647234164,100.0
3970,0,40.430737745040624,40.430737745040624,100.0
3970,1,37.36431496277858,37.36431496277858,100.0
3970,2,22.204947292180794,22.204947292180794,100.0
3980,0,32.61000979625085,32.61000979625085,100.0
3980,1,36.97296543761938,36.97296543761938,100.0
3980,2,30.417024766129785,30.417024766129785,100.0
3990,0,26.541986626481467,26.541986626481467,100.0
3990,1,47.06958425000766,47.06958425000766,100.0
3990,2,26.388429123510885,26.388429123510885,100.0
4000,0,51.143602111327134,51.143602111327134,100.0
4000,1,28.83023738290362,28.83023738290362,100.0
4000,2,20.026160505769248,20.026160505769248,100.0
