timestamp,ueImsi,sliceId,dTxBytes,dRxBytes,plr,resourceSharePct,dLostPackets,throughputMbps,bufferBytes
560,1,0,24448,1528,93.75,46.66,15,1.2224,137477
560,2,0,24448,3056,87.50,46.66,14,2.4448,137073
560,3,0,24448,3056,87.50,46.66,14,2.4448,136976
560,4,0,24448,3056,87.50,46.66,14,2.4448,136984
560,5,0,24448,3056,87.50,46.66,14,2.4448,136978
560,6,1,390,312,20.00,30.00,1,0.2496,169
560,7,1,390,312,20.00,30.00,1,0.2496,169
560,8,1,390,312,20.00,30.00,1,0.2496,169
560,9,1,390,312,20.00,30.00,1,0.2496,169
560,10,1,390,312,20.00,30.00,1,0.2496,169
560,11,2,16000,640,96.00,23.34,120,0.5120,89639
560,12,2,16000,640,96.00,23.34,120,0.5120,89732
560,13,2,16000,768,95.20,23.34,119,0.6144,89248
560,14,2,16000,768,95.20,23.34,119,0.6144,89248
560,15,2,16000,640,96.00,23.34,120,0.5120,89202
560,16,2,16000,640,96.00,23.34,120,0.5120,89208
560,17,2,16000,640,96.00,23.34,120,0.5120,89216
560,18,2,16000,640,96.00,23.34,120,0.5120,88911
560,19,2,16000,1024,93.60,23.34,117,0.8192,88513
560,20,2,16000,896,94.40,23.34,118,0.7168,88504
