timestamp,ueImsi,sliceId,dTxBytes,dRxBytes,plr,resourceSharePct,dLostPackets,throughputMbps,bufferBytes
1510,1,0,35144,29032,17.39,26.66,4,23.2256,1190488
1510,2,0,35144,30560,13.04,26.66,3,24.4480,853799
1510,3,1,1014,702,30.77,50.00,4,0.5616,333
1510,4,1,1014,702,30.77,50.00,4,0.5616,333
1510,5,2,256,256,0.00,23.34,0,0.2048,54
1510,6,2,256,256,0.00,23.34,0,0.2048,54
1510,7,2,256,256,0.00,23.34,0,0.2048,54
1510,8,2,256,0,100.00,23.34,2,0.0000,137
1510,9,2,256,256,0.00,23.34,0,0.2048,47
1510,10,2,256,256,0.00,23.34,0,0.2048,47
