timestamp,sliceId,dedicatedPRB,minPRB,maxPRB
510,0,32.98960057402399,32.98960057402399,100.0
510,1,32.60090793689847,32.60090793689847,100.0
510,2,34.40949148907754,34.40949148907754,100.0
520,0,24.34437703637014,24.34437703637014,100.0
520,1,49.1250449427221,49.1250449427221,100.0
520,2,26.530578020907754,26.530578020907754,100.0
530,0,28.79478574476662,28.79478574476662,100.0
530,1,28.949998016671998,28.949998016671998,100.0
530,2,42.25521623856139,42.25521623856139,100.0
540,0,23.25156693236722,23.25156693236722,100.0
540,1,46.57789847296624,46.57789847296624,100.0
540,2,30.17053459466654,30.17053459466654,100.0
550,0,27.858199361475627,27.858199361475627,100.0
550,1,34.42744867668246,34.42744867668246,100.0
550,2,37.71435196184191,37.71435196184191,100.0
