timestamp,ueImsi,sliceId,dTxBytes,dRxBytes,plr,resourceSharePct,dLostPackets,throughputMbps,bufferBytes
1510,1,0,18336,19864,0.00,26.66,0,15.8912,28519
1510,2,0,18336,12224,33.33,26.66,4,9.7792,628706
1510,3,0,18336,1528,91.67,26.66,11,1.2224,379465
1510,4,0,18336,7640,58.33,26.66,7,6.1120,1118147
1510,5,0,18336,0,100.00,26.66,12,0.0000,1692571
1510,6,1,390,546,0.00,25.00,0,0.4368,169
1510,7,1,390,390,0.00,25.00,0,0.3120,87
1510,8,1,390,78,80.00,25.00,4,0.0624,87
1510,9,1,390,0,100.00,25.00,5,0.0000,2159
1510,10,1,390,390,0.00,25.00,0,0.3120,87
1510,11,2,384,384,0.00,48.33,0,0.3072,95
1510,12,2,384,1664,0.00,48.33,0,1.3312,137
1510,13,2,384,256,33.33,48.33,1,0.2048,137
1510,14,2,384,0,100.00,48.33,3,0.0000,1061
1510,15,2,384,256,33.33,48.33,1,0.2048,137
1510,16,2,384,256,33.33,48.33,1,0.2048,137
1510,17,2,384,384,0.00,48.33,0,0.3072,137
1510,18,2,384,0,100.00,48.33,3,0.0000,2957
1510,19,2,384,256,33.33,48.33,1,0.2048,137
1510,20,2,384,0,100.00,48.33,3,0.0000,137
