timestamp,ueImsi,sliceId,dTxBytes,dRxBytes,plr,resourceSharePct,dLostPackets,throughputMbps,bufferBytes
1510,1,0,18336,18336,0.00,37.89,0,14.6688,2729
1510,2,0,18336,12224,33.33,37.89,4,9.7792,483767
1510,3,0,18336,15280,16.67,37.89,2,12.2240,115146
1510,4,0,18336,7640,58.33,37.89,7,6.1120,1020419
1510,5,0,18336,0,100.00,37.89,12,0.0000,1689255
1510,6,1,390,0,100.00,42.23,5,0.0000,87
1510,7,1,390,390,0.00,42.23,0,0.3120,87
1510,8,1,390,0,100.00,42.23,5,0.0000,87
1510,9,1,390,0,100.00,42.23,5,0.0000,1153
1510,10,1,390,390,0.00,42.23,0,0.3120,87
1510,11,2,384,256,33.33,19.88,1,0.2048,96
1510,12,2,384,256,33.33,19.88,1,0.2048,15
1510,13,2,384,256,33.33,19.88,1,0.2048,137
1510,14,2,384,0,100.00,19.88,3,0.0000,533
1510,15,2,384,256,33.33,19.88,1,0.2048,137
1510,16,2,384,256,33.33,19.88,1,0.2048,137
1510,17,2,384,256,33.33,19.88,1,0.2048,137
1510,18,2,384,0,100.00,19.88,3,0.0000,1732
1510,19,2,384,256,33.33,19.88,1,0.2048,137
1510,20,2,384,0,100.00,19.88,3,0.0000,137
