timestamp,sliceId,dedicatedPRB,minPRB,maxPRB
510,0,43.3201817502957,43.3201817502957,100.0
510,1,26.418641336308617,26.418641336308617,100.0
510,2,30.261176913395687,30.261176913395687,100.0
520,0,33.669130264257994,33.669130264257994,100.0
520,1,35.01583940449922,35.01583940449922,100.0
520,2,31.3150303312428,31.3150303312428,100.0
530,0,33.174118414059095,33.174118414059095,100.0
530,1,31.30119009411456,31.30119009411456,100.0
530,2,35.524691491826346,35.524691491826346,100.0
540,0,25.605152414152865,25.605152414152865,100.0
540,1,45.91481129984324,45.91481129984324,100.0
540,2,28.4800362860039,28.4800362860039,100.0
550,0,42.18955706052494,42.18955706052494,100.0
550,1,28.0693848056866,28.0693848056866,100.0
550,2,29.741058133788474,29.741058133788474,100.0
560,0,35.7982641701213,35.7982641701213,100.0
560,1,41.91518855652294,41.91518855652294,100.0
560,2,22.28654727335576,22.28654727335576,100.0
570,0,23.66048558200663,23.66048558200663,100.0
570,1,44.491336294266645,44.491336294266645,100.0
570,2,31.848178123726722,31.848178123726722,100.0
580,0,39.137143775506786,39.137143775506786,100.0
580,1,29.190413550961637,29.190413550961637,100.0
580,2,31.672442673531588,31.672442673531588,100.0
590,0,50.3045125497739,50.3045125497739,100.0
590,1,26.84872689145812,26.84872689145812,100.0
590,2,22.846760558767993,22.846760558767993,100.0
600,0,39.916204657676815,39.916204657676815,100.0
600,1,34.120230440177835,34.120230440177835,100.0
600,2,25.963564902145354,25.963564902145354,100.0
610,0,30.15281845224894,30.15281845224894,100.0
610,1,41.038178824473114,41.038178824473114,100.0
610,2,28.809002723277956,28.809002723277956,100.0
620,0,23.34260904694616,23.34260904694616,100.0
620,1,45.22687058349096,45.22687058349096,100.0
620,2,31.430520369562885,31.430520369562885,100.0
630,0,41.75813505968811,41.75813505968811,100.0
630,1,34.05296654182691,34.05296654182691,100.0
630,2,24.188898398484984,24.188898398484984,100.0
640,0,26.134450020630528,26.134450020630528,100.0
640,1,40.7604764294092,40.7604764294092,100.0
640,2,33.10507354996027,33.10507354996027,100.0
650,0,34.46828493332678,34.46828493332678,100.0
650,1,40.82607179787578,40.82607179787578,100.0
650,2,24.705643268797445,24.705643268797445,100.0
660,0,28.36176907665963,28.36176907665963,100.0
660,1,49.99323715524919,49.99323715524919,100.0
660,2,21.64499376809118,21.64499376809118,100.0
670,0,46.45225730302572,46.45225730302572,100.0
670,1,27.338066344226476,27.338066344226476,100.0
670,2,26.209676352747817,26.209676352747817,100.0
680,0,30.86683368448758,30.86683368448758,100.0
680,1,30.56107975234904,30.56107975234904,100.0
680,2,38.572086563163374,38.572086563163374,100.0
690,0,22.845702277933857,22.845702277933857,100.0
690,1,43.460891826550125,43.460891826550125,100.0
690,2,33.693405895516015,33.693405895516015,100.0
700,0,27.215236720915296,27.215236720915296,100.0
700,1,37.097324496729755,37.097324496729755,100.0
700,2,35.687438782354945,35.687438782354945,100.0
710,0,44.21508285231664,44.21508285231664,100.0
710,1,37.13264487429916,37.13264487429916,100.0
710,2,18.65227227338421,18.65227227338421,100.0
720,0,24.08284463969337,24.08284463969337,100.0
720,1,50.74444583032409,50.74444583032409,100.0
720,2,25.17270952998254,25.17270952998254,100.0
730,0,39.33023862321476,39.33023862321476,100.0
730,1,25.359380952033355,25.359380952033355,100.0
730,2,35.31038042475188,35.31038042475188,100.0
740,0,33.50774452496887,33.50774452496887,100.0
740,1,37.582186842403424,37.582186842403424,100.0
740,2,28.910068632627706,28.910068632627706,100.0
750,0,28.266311390326827,28.266311390326827,100.0
750,1,49.53957775600112,49.53957775600112,100.0
750,2,22.194110853672054,22.194110853672054,100.0
760,0,37.59708575785097,37.59708575785097,100.0
760,1,36.73606003033904,36.73606003033904,100.0
760,2,25.666854211809998,25.666854211809998,100.0
770,0,25.074332737016075,25.074332737016075,100.0
770,1,53.730473024673906,53.730473024673906,100.0
770,2,21.195194238310023,21.195194238310023,100.0
780,0,25.140638188590653,25.140638188590653,100.0
780,1,46.63229844048414,46.63229844048414,100.0
780,2,28.227063370925215,28.227063370925215,100.0
790,0,51.443965985777126,51.443965985777126,100.0
790,1,27.5724570640825,27.5724570640825,100.0
790,2,20.98357695014036,20.98357695014036,100.0
800,0,30.03862794076345,30.03862794076345,100.0
800,1,33.06393719672071,33.06393719672071,100.0
800,2,36.897434862515844,36.897434862515844,100.0
810,0,27.314112159260805,27.314112159260805,100.0
810,1,51.58482103972845,51.58482103972845,100.0
810,2,21.101066801010745,21.101066801010745,100.0
820,0,28.984983471674187,28.984983471674187,100.0
820,1,35.92862018868572,35.92862018868572,100.0
820,2,35.086396339640096,35.086396339640096,100.0
830,0,29.491153346136223,29.491153346136223,100.0
830,1,44.859884088985915,44.859884088985915,100.0
830,2,25.648962564877863,25.648962564877863,100.0
840,0,36.95903421400235,36.95903421400235,100.0
840,1,44.45158863795565,44.45158863795565,100.0
840,2,18.589377148041994,18.589377148041994,100.0
850,0,36.571206604026564,36.571206604026564,100.0
850,1,35.71801329443245,35.71801329443245,100.0
850,2,27.710780101540994,27.710780101540994,100.0
860,0,37.84731731273937,37.84731731273937,100.0
860,1,34.34810797794124,34.34810797794124,100.0
860,2,27.804574709319397,27.804574709319397,100.0
870,0,46.265473020765164,46.265473020765164,100.0
870,1,31.03761256702032,31.03761256702032,100.0
870,2,22.696914412214525,22.696914412214525,100.0
880,0,27.138926861709344,27.138926861709344,100.0
880,1,33.277629551390596,33.277629551390596,100.0
880,2,39.58344358690006,39.58344358690006,100.0
890,0,34.36187031523092,34.36187031523092,100.0
890,1,40.243550408588455,40.243550408588455,100.0
890,2,25.39457927618063,25.39457927618063,100.0
900,0,32.93335688779347,32.93335688779347,100.0
900,1,33.54128804189634,33.54128804189634,100.0
900,2,33.52535507031019,33.52535507031019,100.0
910,0,37.8369398288632,37.8369398288632,100.0
910,1,42.862653206461296,42.862653206461296,100.0
910,2,19.300406964675492,19.300406964675492,100.0
920,0,23.011230438856657,23.011230438856657,100.0
920,1,48.790729215235054,48.790729215235054,100.0
920,2,28.198040345908282,28.198040345908282,100.0
930,0,50.77107374315113,50.77107374315113,100.0
930,1,28.773585609514775,28.773585609514775,100.0
930,2,20.45534064733409,20.45534064733409,100.0
940,0,30.768030154136454,30.768030154136454,100.0
940,1,27.73200616913552,27.73200616913552,100.0
940,2,41.49996367672803,41.49996367672803,100.0
950,0,42.34307676535397,42.34307676535397,100.0
950,1,29.28911476979414,29.28911476979414,100.0
950,2,28.367808464851898,28.367808464851898,100.0
960,0,24.36203746728084,24.36203746728084,100.0
960,1,27.363707223406276,27.363707223406276,100.0
960,2,48.274255309312885,48.274255309312885,100.0
970,0,36.45267995234046,36.45267995234046,100.0
970,1,28.932357431366896,28.932357431366896,100.0
970,2,34.61496261629264,34.61496261629264,100.0
980,0,23.040157697373413,23.040157697373413,100.0
980,1,38.962012771057076,38.962012771057076,100.0
980,2,37.99782953156952,37.99782953156952,100.0
990,0,39.36055026402702,39.36055026402702,100.0
990,1,34.19086254467748,34.19086254467748,100.0
990,2,26.4485871912955,26.4485871912955,100.0
1000,0,33.60559840247198,33.60559840247198,100.0
1000,1,44.914758205765736,44.914758205765736,100.0
1000,2,21.479643391762284,21.479643391762284,100.0
1010,0,29.733026273070706,29.733026273070706,100.0
1010,1,47.28249753753187,47.28249753753187,100.0
1010,2,22.984476189397427,22.984476189397427,100.0
1020,0,21.742472354422105,21.742472354422105,100.0
1020,1,36.63137584096046,36.63137584096046,100.0
1020,2,41.626151804617436,41.626151804617436,100.0
1030,0,23.668404618806832,23.668404618806832,100.0
1030,1,32.92999961388938,32.92999961388938,100.0
1030,2,43.40159576730379,43.40159576730379,100.0
1040,0,26.55990090983615,26.55990090983615,100.0
1040,1,26.189450879528398,26.189450879528398,100.0
1040,2,47.25064821063545,47.25064821063545,100.0
1050,0,39.84243750239471,39.84243750239471,100.0
1050,1,39.44008193453491,39.44008193453491,100.0
1050,2,20.717480563070385,20.717480563070385,100.0
1060,0,48.560679240416306,48.560679240416306,100.0
1060,1,33.19891284645159,33.19891284645159,100.0
1060,2,18.240407913132113,18.240407913132113,100.0
1070,0,25.554643183904556,25.554643183904556,100.0
1070,1,29.92703791985306,29.92703791985306,100.0
1070,2,44.518318896242384,44.518318896242384,100.0
1080,0,31.695366573602392,31.695366573602392,100.0
1080,1,27.202165508635197,27.202165508635197,100.0
1080,2,41.10246791776242,41.10246791776242,100.0
1090,0,37.91426772144762,37.91426772144762,100.0
1090,1,28.51207735614651,28.51207735614651,100.0
1090,2,33.573654922405865,33.573654922405865,100.0
1100,0,36.90772892248033,36.90772892248033,100.0
1100,1,44.92054396096887,44.92054396096887,100.0
1100,2,18.171727116550795,18.171727116550795,100.0
1110,0,23.467818007903503,23.467818007903503,100.0
1110,1,31.931624243165363,31.931624243165363,100.0
1110,2,44.60055774893114,44.60055774893114,100.0
1120,0,40.294383925521764,40.294383925521764,100.0
1120,1,37.94346231443067,37.94346231443067,100.0
1120,2,21.762153760047564,21.762153760047564,100.0
1130,0,24.52984491189265,24.52984491189265,100.0
1130,1,43.31707682690368,43.31707682690368,100.0
1130,2,32.153078261203675,32.153078261203675,100.0
1140,0,45.025280480388695,45.025280480388695,100.0
1140,1,29.83298201628855,29.83298201628855,100.0
1140,2,25.14173750332275,25.14173750332275,100.0
1150,0,23.708584589148987,23.708584589148987,100.0
1150,1,50.11492700863099,50.11492700863099,100.0
1150,2,26.176488402220027,26.176488402220027,100.0
1160,0,26.262091963606178,26.262091963606178,100.0
1160,1,27.337365110595872,27.337365110595872,100.0
1160,2,46.40054292579795,46.40054292579795,100.0
1170,0,23.787434402468975,23.787434402468975,100.0
1170,1,42.59785782085619,42.59785782085619,100.0
1170,2,33.614707776674834,33.614707776674834,100.0
1180,0,22.685968554169612,22.685968554169612,100.0
1180,1,50.36364548330735,50.36364548330735,100.0
1180,2,26.950385962523036,26.950385962523036,100.0
1190,0,25.811065167424285,25.811065167424285,100.0
1190,1,28.26497223489643,28.26497223489643,100.0
1190,2,45.9239625976793,45.9239625976793,100.0
1200,0,36.43198713307498,36.43198713307498,100.0
1200,1,24.590690903919615,24.590690903919615,100.0
1200,2,38.97732196300541,38.97732196300541,100.0
1210,0,25.450103239177015,25.450103239177015,100.0
1210,1,52.82195057615272,52.82195057615272,100.0
1210,2,21.727946184670262,21.727946184670262,100.0
1220,0,41.60781263831924,41.60781263831924,100.0
1220,1,25.711322166367484,25.711322166367484,100.0
1220,2,32.680865195313274,32.680865195313274,100.0
1230,0,28.9459609565987,28.9459609565987,100.0
1230,1,28.743085045939072,28.743085045939072,100.0
1230,2,42.31095399746223,42.31095399746223,100.0
1240,0,30.079596903837107,30.079596903837107,100.0
1240,1,45.18027948382738,45.18027948382738,100.0
1240,2,24.740123612335513,24.740123612335513,100.0
1250,0,31.12217561265694,31.12217561265694,100.0
1250,1,46.8490053973199,46.8490053973199,100.0
1250,2,22.028818990023176,22.028818990023176,100.0
1260,0,31.907577501126454,31.907577501126454,100.0
1260,1,26.634646808181227,26.634646808181227,100.0
1260,2,41.45777569069233,41.45777569069233,100.0
1270,0,45.99743760967695,45.99743760967695,100.0
1270,1,28.974699761721624,28.974699761721624,100.0
1270,2,25.027862628601433,25.027862628601433,100.0
1280,0,44.098392942312415,44.098392942312415,100.0
1280,1,31.327780880187404,31.327780880187404,100.0
1280,2,24.573826177500173,24.573826177500173,100.0
1290,0,32.749531827348726,32.749531827348726,100.0
1290,1,39.499150375548105,39.499150375548105,100.0
1290,2,27.751317797103177,27.751317797103177,100.0
1300,0,33.39335429554505,33.39335429554505,100.0
1300,1,27.81789490296785,27.81789490296785,100.0
1300,2,38.78875080148709,38.78875080148709,100.0
1310,0,33.12187525631741,33.12187525631741,100.0
1310,1,40.605949956036845,40.605949956036845,100.0
1310,2,26.272174787645742,26.272174787645742,100.0
1320,0,51.03807344666538,51.03807344666538,100.0
1320,1,25.870326528610104,25.870326528610104,100.0
1320,2,23.091600024724524,23.091600024724524,100.0
1330,0,36.27853473496425,36.27853473496425,100.0
1330,1,25.500472989891193,25.500472989891193,100.0
1330,2,38.22099227514456,38.22099227514456,100.0
1340,0,36.8517222458997,36.8517222458997,100.0
1340,1,41.30331704283322,41.30331704283322,100.0
1340,2,21.844960711267085,21.844960711267085,100.0
1350,0,45.659535235654346,45.659535235654346,100.0
1350,1,26.358914006440394,26.358914006440394,100.0
1350,2,27.98155075790526,27.98155075790526,100.0
1360,0,26.09650560388178,26.09650560388178,100.0
1360,1,40.071290851300965,40.071290851300965,100.0
1360,2,33.832203544817254,33.832203544817254,100.0
1370,0,28.86099653367311,28.86099653367311,100.0
1370,1,41.67656456946677,41.67656456946677,100.0
1370,2,29.46243889686013,29.46243889686013,100.0
1380,0,39.501627832754195,39.501627832754195,100.0
1380,1,41.076075500154445,41.076075500154445,100.0
1380,2,19.422296667091363,19.422296667091363,100.0
1390,0,33.663878512823885,33.663878512823885,100.0
1390,1,36.89566218542672,36.89566218542672,100.0
1390,2,29.44045930174939,29.44045930174939,100.0
1400,0,43.06997515326659,43.06997515326659,100.0
1400,1,29.191436168849748,29.191436168849748,100.0
1400,2,27.738588677883673,27.738588677883673,100.0
1410,0,26.878591895918426,26.878591895918426,100.0
1410,1,48.611361455842086,48.611361455842086,100.0
1410,2,24.510046648239488,24.510046648239488,100.0
1420,0,25.130637507875907,25.130637507875907,100.0
1420,1,38.241517652140125,38.241517652140125,100.0
1420,2,36.62784483998397,36.62784483998397,100.0
1430,0,45.90869066268044,45.90869066268044,100.0
1430,1,27.727050588218873,27.727050588218873,100.0
1430,2,26.3642587491007,26.3642587491007,100.0
1440,0,25.884278689171413,25.884278689171413,100.0
1440,1,39.20994259387483,39.20994259387483,100.0
1440,2,34.90577871695377,34.90577871695377,100.0
1450,0,49.03289381557242,49.03289381557242,100.0
1450,1,32.491683162623545,32.491683162623545,100.0
1450,2,18.475423021804037,18.475423021804037,100.0
1460,0,26.991536451580938,26.991536451580938,100.0
1460,1,48.390190957878524,48.390190957878524,100.0
1460,2,24.618272590540546,24.618272590540546,100.0
1470,0,41.7914784423176,41.7914784423176,100.0
1470,1,27.86705585633098,27.86705585633098,100.0
1470,2,30.34146570135142,30.34146570135142,100.0
1480,0,33.64390048092029,33.64390048092029,100.0
1480,1,32.344116871863854,32.344116871863854,100.0
1480,2,34.01198264721587,34.01198264721587,100.0
1490,0,46.558262231020755,46.558262231020755,100.0
1490,1,29.845207538160434,29.845207538160434,100.0
1490,2,23.596530230818814,23.596530230818814,100.0
1500,0,50.18566397427573,50.18566397427573,100.0
1500,1,28.52840097842969,28.52840097842969,100.0
1500,2,21.285935047294586,21.285935047294586,100.0
