timestamp,ueImsi,sliceId,dTxBytes,dRxBytes,plr,resourceSharePct,dLostPackets,throughputMbps,bufferBytes
1510,1,0,35144,0,100.00,23.69,23,0.0000,3183685
1510,2,0,35144,18336,47.83,23.69,11,14.6688,1732474
1510,3,1,1014,936,7.69,35.30,1,0.7488,87
1510,4,1,1014,936,7.69,35.30,1,0.7488,87
1510,5,2,256,0,100.00,41.01,2,0.0000,137
1510,6,2,256,256,0.00,41.01,0,0.2048,137
1510,7,2,256,0,100.00,41.01,2,0.0000,269
1510,8,2,256,256,0.00,41.01,0,0.2048,137
1510,9,2,256,256,0.00,41.01,0,0.2048,137
1510,10,2,256,3200,0.00,41.01,0,2.5600,137
