timestamp,sliceId,dedicatedPRB,minPRB,maxPRB,algorithm
510,0,21.66499972343445,21.66499972343445,100.0,1
510,1,50.00000029802323,50.00000029802323,100.0,1
510,2,28.33499997854233,28.33499997854233,100.0,1
520,0,31.664999723434452,31.664999723434452,100.0,1
520,1,25.000000298023224,25.000000298023224,100.0,1
520,2,43.33499997854233,43.33499997854233,100.0,1
530,0,21.66499972343445,21.66499972343445,100.0,1
530,1,50.00000029802323,50.00000029802323,100.0,1
530,2,28.33499997854233,28.33499997854233,100.0,1
540,0,36.66499972343445,36.66499972343445,100.0,0
540,1,50.00000029802323,50.00000029802323,100.0,0
540,2,13.334999978542328,13.334999978542328,100.0,0
550,0,36.66499972343445,36.66499972343445,100.0,0
550,1,50.00000029802323,50.00000029802323,100.0,0
550,2,13.334999978542328,13.334999978542328,100.0,0
