timestamp,ueImsi,sliceId,dTxBytes,dRxBytes,plr,resourceSharePct,dLostPackets,throughputMbps,bufferBytes
1510,1,0,18336,0,100.00,30.76,12,0.0000,1692259
1510,2,0,18336,4584,75.00,30.76,9,3.6672,1477614
1510,3,0,18336,6112,66.67,30.76,8,4.8896,1168547
1510,4,0,18336,0,100.00,30.76,12,0.0000,1309133
1510,5,0,18336,0,100.00,30.76,12,0.0000,1699069
1510,6,1,390,390,0.00,37.78,0,0.3120,87
1510,7,1,390,0,100.00,37.78,5,0.0000,232
1510,8,1,390,390,0.00,37.78,0,0.3120,87
1510,9,1,390,390,0.00,37.78,0,0.3120,169
1510,10,1,390,0,100.00,37.78,5,0.0000,333
1510,11,2,384,256,33.33,31.46,1,0.2048,137
1510,12,2,384,256,33.33,31.46,1,0.2048,137
1510,13,2,384,256,33.33,31.46,1,0.2048,137
1510,14,2,384,256,33.33,31.46,1,0.2048,137
1510,15,2,384,256,33.33,31.46,1,0.2048,66
1510,16,2,384,0,100.00,31.46,3,0.0000,269
1510,17,2,384,256,33.33,31.46,1,0.2048,137
1510,18,2,384,0,100.00,31.46,3,0.0000,137
1510,19,2,384,256,33.33,31.46,1,0.2048,137
1510,20,2,384,256,33.33,31.46,1,0.2048,137
