timestamp,ueImsi,sliceId,dTxBytes,dRxBytes,plr,resourceSharePct,dLostPackets,throughputMbps,bufferBytes
600,1,0,18336,4584,75.00,61.67,9,3.6672,141968
600,2,0,18336,4584,75.00,61.67,9,3.6672,140699
600,3,0,18336,6112,66.67,61.67,8,4.8896,139802
600,4,0,18336,4584,75.00,61.67,9,3.6672,139225
600,5,0,18336,4584,75.00,61.67,9,3.6672,138452
600,6,1,390,390,0.00,25.00,0,0.3120,87
600,7,1,390,390,0.00,25.00,0,0.3120,87
600,8,1,390,390,0.00,25.00,0,0.3120,87
600,9,1,390,390,0.00,25.00,0,0.3120,87
600,10,1,390,390,0.00,25.00,0,0.3120,87
600,11,2,256,384,0.00,13.33,0,0.3072,89
600,12,2,256,384,0.00,13.33,0,0.3072,89
600,13,2,256,384,0.00,13.33,0,0.3072,179
600,14,2,256,384,0.00,13.33,0,0.3072,179
600,15,2,256,384,0.00,13.33,0,0.3072,269
600,16,2,256,384,0.00,13.33,0,0.3072,89
600,17,2,256,384,0.00,13.33,0,0.3072,89
600,18,2,256,384,0.00,13.33,0,0.3072,89
600,19,2,256,384,0.00,13.33,0,0.3072,89
600,20,2,256,384,0.00,13.33,0,0.3072,89
