timestamp,ueImsi,sliceId,dTxBytes,dRxBytes,plr,resourceSharePct,dLostPackets,throughputMbps,bufferBytes
1510,1,0,35144,42784,0.00,46.66,0,34.2272,343751
1510,2,0,35144,24448,30.43,46.66,7,19.5584,1629343
1510,3,1,1014,1716,0.00,20.00,0,1.3728,87
1510,4,1,1014,702,30.77,20.00,4,0.5616,170
1510,5,2,256,0,100.00,33.34,2,0.0000,137
1510,6,2,256,0,100.00,33.34,2,0.0000,137
1510,7,2,256,256,0.00,33.34,0,0.2048,137
1510,8,2,256,0,100.00,33.34,2,0.0000,137
1510,9,2,256,0,100.00,33.34,2,0.0000,137
1510,10,2,256,256,0.00,33.34,0,0.2048,137
