timestamp,sliceId,dedicatedPRB,minPRB,maxPRB
510,0,23.350498446852047,23.350498446852047,100.0
510,1,31.56552306797873,31.56552306797873,100.0
510,2,45.083978485169226,45.083978485169226,100.0
520,0,32.36207796422564,32.36207796422564,100.0
520,1,31.09948495464936,31.09948495464936,100.0
520,2,36.538437081125,36.538437081125,100.0
530,0,27.391131442782957,27.391131442782957,100.0
530,1,38.37111545094289,38.37111545094289,100.0
530,2,34.237753106274155,34.237753106274155,100.0
540,0,39.14113106045803,39.14113106045803,100.0
540,1,40.27457984633328,40.27457984633328,100.0
540,2,20.58428909320869,20.58428909320869,100.0
550,0,20.494145694506624,20.494145694506624,100.0
550,1,39.28445450383896,39.28445450383896,100.0
550,2,40.221399801654414,40.221399801654414,100.0
560,0,21.565208113783818,21.565208113783818,100.0
560,1,38.80111573236945,38.80111573236945,100.0
560,2,39.633676153846736,39.633676153846736,100.0
570,0,21.813435809789063,21.813435809789063,100.0
570,1,40.39286275093355,40.39286275093355,100.0
570,2,37.79370143927739,37.79370143927739,100.0
580,0,26.886485453241228,26.886485453241228,100.0
580,1,33.27766521493848,33.27766521493848,100.0
580,2,39.8358493318203,39.8358493318203,100.0
590,0,22.89648582135175,22.89648582135175,100.0
590,1,25.608211471754455,25.608211471754455,100.0
590,2,51.495302706893796,51.495302706893796,100.0
600,0,22.29255346398539,22.29255346398539,100.0
600,1,29.36048111623214,29.36048111623214,100.0
600,2,48.34696541978247,48.34696541978247,100.0
610,0,23.932740098607542,23.932740098607542,100.0
610,1,29.613593666623174,29.613593666623174,100.0
610,2,46.45366623476928,46.45366623476928,100.0
620,0,21.91926176555352,21.91926176555352,100.0
620,1,29.837813324591078,29.837813324591078,100.0
620,2,48.242924909855404,48.242924909855404,100.0
630,0,22.163058258882216,22.163058258882216,100.0
630,1,30.086206526604407,30.086206526604407,100.0
630,2,47.75073521451338,47.75073521451338,100.0
640,0,20.818307821922037,20.818307821922037,100.0
640,1,43.92430948483286,43.92430948483286,100.0
640,2,35.2573826932451,35.2573826932451,100.0
650,0,22.414138226271465,22.414138226271465,100.0
650,1,41.828606335377444,41.828606335377444,100.0
650,2,35.757255438351095,35.757255438351095,100.0
660,0,23.52775680180231,23.52775680180231,100.0
660,1,32.088990397967144,32.088990397967144,100.0
660,2,44.383252800230544,44.383252800230544,100.0
670,0,20.54851568726851,20.54851568726851,100.0
670,1,42.7576333313157,42.7576333313157,100.0
670,2,36.693850981415785,36.693850981415785,100.0
680,0,20.945195557677888,20.945195557677888,100.0
680,1,40.90633471589359,40.90633471589359,100.0
680,2,38.148469726428516,38.148469726428516,100.0
690,0,25.325812545568212,25.325812545568212,100.0
690,1,30.154000278927235,30.154000278927235,100.0
690,2,44.52018717550455,44.52018717550455,100.0
700,0,24.562047267600086,24.562047267600086,100.0
700,1,28.152853636394703,28.152853636394703,100.0
700,2,47.285099096005204,47.285099096005204,100.0
710,0,21.360474997686843,21.360474997686843,100.0
710,1,40.250670693305516,40.250670693305516,100.0
710,2,38.38885430900765,38.38885430900765,100.0
720,0,23.84212447688828,23.84212447688828,100.0
720,1,29.887787701550337,29.887787701550337,100.0
720,2,46.270087821561376,46.270087821561376,100.0
730,0,22.849260846586784,22.849260846586784,100.0
730,1,40.88022891969025,40.88022891969025,100.0
730,2,36.270510233722966,36.270510233722966,100.0
740,0,23.150737227069357,23.150737227069357,100.0
740,1,25.890713371853526,25.890713371853526,100.0
740,2,50.958549401077114,50.958549401077114,100.0
750,0,24.96554124517385,24.96554124517385,100.0
750,1,28.29513793201251,28.29513793201251,100.0
750,2,46.73932082281364,46.73932082281364,100.0
760,0,23.028082684525597,23.028082684525597,100.0
760,1,37.853395107957525,37.853395107957525,100.0
760,2,39.118522207516875,39.118522207516875,100.0
770,0,22.799373605204693,22.799373605204693,100.0
770,1,36.442351449998334,36.442351449998334,100.0
770,2,40.75827494479697,40.75827494479697,100.0
780,0,21.98606456985329,21.98606456985329,100.0
780,1,34.59339557729283,34.59339557729283,100.0
780,2,43.42053985285388,43.42053985285388,100.0
790,0,25.913813926768945,25.913813926768945,100.0
790,1,30.096015587112547,30.096015587112547,100.0
790,2,43.990170486118515,43.990170486118515,100.0
800,0,23.239728270769934,23.239728270769934,100.0
800,1,38.67548805070237,38.67548805070237,100.0
800,2,38.0847836785277,38.0847836785277,100.0
810,0,25.573774632731272,25.573774632731272,100.0
810,1,31.032493601451872,31.032493601451872,100.0
810,2,43.39373176581685,43.39373176581685,100.0
820,0,23.751472419645438,23.751472419645438,100.0
820,1,30.689181863022206,30.689181863022206,100.0
820,2,45.559345717332356,45.559345717332356,100.0
830,0,21.710068870887813,21.710068870887813,100.0
830,1,34.1071173976633,34.1071173976633,100.0
830,2,44.18281373144889,44.18281373144889,100.0
840,0,21.07920285373145,21.07920285373145,100.0
840,1,40.95303066010171,40.95303066010171,100.0
840,2,37.967766486166845,37.967766486166845,100.0
850,0,22.404531132789025,22.404531132789025,100.0
850,1,46.31344846724231,46.31344846724231,100.0
850,2,31.282020399968673,31.282020399968673,100.0
860,0,23.50068210641042,23.50068210641042,100.0
860,1,26.52998740285622,26.52998740285622,100.0
860,2,49.96933049073336,49.96933049073336,100.0
870,0,24.475242198263476,24.475242198263476,100.0
870,1,30.120920967445198,30.120920967445198,100.0
870,2,45.403836834291326,45.403836834291326,100.0
880,0,22.822394526006175,22.822394526006175,100.0
880,1,34.6579929907899,34.6579929907899,100.0
880,2,42.51961248320393,42.51961248320393,100.0
890,0,22.79003952812171,22.79003952812171,100.0
890,1,34.29953633318912,34.29953633318912,100.0
890,2,42.91042413868917,42.91042413868917,100.0
900,0,21.976557926594158,21.976557926594158,100.0
900,1,35.62173241443477,35.62173241443477,100.0
900,2,42.40170965897107,42.40170965897107,100.0
910,0,21.396602169805995,21.396602169805995,100.0
910,1,46.78075831163937,46.78075831163937,100.0
910,2,31.822639518554634,31.822639518554634,100.0
920,0,23.075426399204556,23.075426399204556,100.0
920,1,27.249911913990697,27.249911913990697,100.0
920,2,49.67466168680475,49.67466168680475,100.0
930,0,22.71460846396934,22.71460846396934,100.0
930,1,26.673689164630165,26.673689164630165,100.0
930,2,50.61170237140049,50.61170237140049,100.0
940,0,27.879601241405666,27.879601241405666,100.0
940,1,30.739493484640445,30.739493484640445,100.0
940,2,41.380905273953886,41.380905273953886,100.0
