timestamp,ueImsi,sliceId,dTxBytes,dRxBytes,plr,resourceSharePct,dLostPackets,throughputMbps,bufferBytes
1510,1,0,18336,0,100.00,21.66,12,0.0000,1703828
1510,2,0,18336,1528,91.67,21.66,11,1.2224,1440210
1510,3,0,18336,4584,75.00,21.66,9,3.6672,1073413
1510,4,0,18336,1528,91.67,21.66,11,1.2224,1312787
1510,5,0,18336,0,100.00,21.66,12,0.0000,1684242
1510,6,1,390,390,0.00,55.00,0,0.3120,87
1510,7,1,390,0,100.00,55.00,5,0.0000,251
1510,8,1,390,390,0.00,55.00,0,0.3120,87
1510,9,1,390,546,0.00,55.00,0,0.4368,169
1510,10,1,390,2574,0.00,55.00,0,2.0592,579
1510,11,2,384,256,33.33,23.34,1,0.2048,21
1510,12,2,384,256,33.33,23.34,1,0.2048,137
1510,13,2,384,256,33.33,23.34,1,0.2048,137
1510,14,2,384,256,33.33,23.34,1,0.2048,137
1510,15,2,384,256,33.33,23.34,1,0.2048,87
1510,16,2,384,0,100.00,23.34,3,0.0000,1450
1510,17,2,384,256,33.33,23.34,1,0.2048,137
1510,18,2,384,0,100.00,23.34,3,0.0000,1540
1510,19,2,384,256,33.33,23.34,1,0.2048,137
1510,20,2,384,256,33.33,23.34,1,0.2048,137
