timestamp,sliceId,dedicatedPRB,minPRB,maxPRB
510,0,24.668977363227757,24.668977363227757,100.0
510,1,38.96776359662861,38.96776359662861,100.0
510,2,36.36325904014364,36.36325904014364,100.0
520,0,38.02213225216197,38.02213225216197,100.0
520,1,29.24366116252437,29.24366116252437,100.0
520,2,32.73420658531366,32.73420658531366,100.0
530,0,26.58083939759925,26.58083939759925,100.0
530,1,30.76463254119539,30.76463254119539,100.0
530,2,42.65452806120537,42.65452806120537,100.0
540,0,32.462394420432425,32.462394420432425,100.0
540,1,44.47829790423176,44.47829790423176,100.0
540,2,23.059307675335823,23.059307675335823,100.0
550,0,34.3568566742632,34.3568566742632,100.0
550,1,45.28195328907184,45.28195328907184,100.0
550,2,20.36119003666496,20.36119003666496,100.0
560,0,23.930594554193036,23.930594554193036,100.0
560,1,48.63811209834819,48.63811209834819,100.0
560,2,27.431293347458773,27.431293347458773,100.0
570,0,39.07497233222343,39.07497233222343,100.0
570,1,39.372862561639984,39.372862561639984,100.0
570,2,21.55216510613658,21.55216510613658,100.0
580,0,49.01366241805276,49.01366241805276,100.0
580,1,30.990534660523156,30.990534660523156,100.0
580,2,19.995802921424083,19.995802921424083,100.0
590,0,24.369843341964557,24.369843341964557,100.0
590,1,34.549829733453755,34.549829733453755,100.0
590,2,41.0803269245817,41.0803269245817,100.0
600,0,36.03331482987495,36.03331482987495,100.0
600,1,35.752478250613464,35.752478250613464,100.0
600,2,28.214206919511575,28.214206919511575,100.0
610,0,23.62553151878877,23.62553151878877,100.0
610,1,27.940310822576432,27.940310822576432,100.0
610,2,48.4341576586348,48.4341576586348,100.0
620,0,30.043849228806007,30.043849228806007,100.0
620,1,33.609242429227024,33.609242429227024,100.0
620,2,36.346908341966966,36.346908341966966,100.0
630,0,21.69294956529166,21.69294956529166,100.0
630,1,35.22480888271788,35.22480888271788,100.0
630,2,43.08224155199045,43.08224155199045,100.0
640,0,26.87169493883793,26.87169493883793,100.0
640,1,53.12820698599552,53.12820698599552,100.0
640,2,20.00009807516655,20.00009807516655,100.0
650,0,26.660067024559503,26.660067024559503,100.0
650,1,29.88660052526101,29.88660052526101,100.0
650,2,43.453332450179495,43.453332450179495,100.0
660,0,22.55088641401557,22.55088641401557,100.0
660,1,41.376974082456464,41.376974082456464,100.0
660,2,36.072139503527964,36.072139503527964,100.0
670,0,24.951465929107215,24.951465929107215,100.0
670,1,36.91113716394837,36.91113716394837,100.0
670,2,38.13739690694442,38.13739690694442,100.0
680,0,25.195500307429626,25.195500307429626,100.0
680,1,37.801177769338054,37.801177769338054,100.0
680,2,37.00332192323232,37.00332192323232,100.0
690,0,35.87152874550973,35.87152874550973,100.0
690,1,26.48028284876119,26.48028284876119,100.0
690,2,37.64818840572908,37.64818840572908,100.0
700,0,24.209408595218207,24.209408595218207,100.0
700,1,45.37852676553153,45.37852676553153,100.0
700,2,30.412064639250264,30.412064639250264,100.0
710,0,29.14602495074793,29.14602495074793,100.0
710,1,50.084893967095375,50.084893967095375,100.0
710,2,20.769081082156696,20.769081082156696,100.0
720,0,30.330973299313023,30.330973299313023,100.0
720,1,45.26124119740498,45.26124119740498,100.0
720,2,24.407785503282003,24.407785503282003,100.0
730,0,24.355163465368022,24.355163465368022,100.0
730,1,54.15802423702106,54.15802423702106,100.0
730,2,21.48681229761093,21.48681229761093,100.0
740,0,41.82322913633184,41.82322913633184,100.0
740,1,34.243828704643384,34.243828704643384,100.0
740,2,23.932942159024776,23.932942159024776,100.0
750,0,26.928747397454,26.928747397454,100.0
750,1,45.065397759690775,45.065397759690775,100.0
750,2,28.00585484285523,28.00585484285523,100.0
760,0,42.44396897008132,42.44396897008132,100.0
760,1,34.55587426735401,34.55587426735401,100.0
760,2,23.000156762564668,23.000156762564668,100.0
770,0,29.52973623589171,29.52973623589171,100.0
770,1,40.113856129751625,40.113856129751625,100.0
770,2,30.356407634356664,30.356407634356664,100.0
780,0,27.10899955652273,27.10899955652273,100.0
780,1,41.471857008744344,41.471857008744344,100.0
780,2,31.41914343473293,31.41914343473293,100.0
790,0,34.745257347011545,34.745257347011545,100.0
790,1,36.41615420125244,36.41615420125244,100.0
790,2,28.838588451736026,28.838588451736026,100.0
800,0,29.49764260281644,29.49764260281644,100.0
800,1,40.106370550495356,40.106370550495356,100.0
800,2,30.3959868466882,30.3959868466882,100.0
810,0,32.924967057787704,32.924967057787704,100.0
810,1,29.197669634977302,29.197669634977302,100.0
810,2,37.877363307235,37.877363307235,100.0
820,0,21.844750466650346,21.844750466650346,100.0
820,1,42.90769442172697,42.90769442172697,100.0
820,2,35.24755511162269,35.24755511162269,100.0
830,0,27.298407838214928,27.298407838214928,100.0
830,1,40.490479083517876,40.490479083517876,100.0
830,2,32.211113078267196,32.211113078267196,100.0
840,0,22.126105344201164,22.126105344201164,100.0
840,1,47.26943963588524,47.26943963588524,100.0
840,2,30.604455019913594,30.604455019913594,100.0
850,0,27.338930522806727,27.338930522806727,100.0
850,1,53.06564290835788,53.06564290835788,100.0
850,2,19.595426568835382,19.595426568835382,100.0
860,0,32.125932565675456,32.125932565675456,100.0
860,1,41.10571607193254,41.10571607193254,100.0
860,2,26.768351362392007,26.768351362392007,100.0
870,0,22.1368228450313,22.1368228450313,100.0
870,1,41.89980861332147,41.89980861332147,100.0
870,2,35.963368541647235,35.963368541647235,100.0
880,0,20.896327567094666,20.896327567094666,100.0
880,1,43.126397163539785,43.126397163539785,100.0
880,2,35.97727526936555,35.97727526936555,100.0
890,0,25.049754456804905,25.049754456804905,100.0
890,1,54.42330745812733,54.42330745812733,100.0
890,2,20.526938085067766,20.526938085067766,100.0
900,0,21.63683202788798,21.63683202788798,100.0
900,1,55.3337396118773,55.3337396118773,100.0
900,2,23.02942836023473,23.02942836023473,100.0
910,0,22.72082009475883,22.72082009475883,100.0
910,1,28.927079691814093,28.927079691814093,100.0
910,2,48.35210021342707,48.35210021342707,100.0
920,0,26.946519628125003,26.946519628125003,100.0
920,1,28.679398324709183,28.679398324709183,100.0
920,2,44.37408204716582,44.37408204716582,100.0
930,0,26.87976314891128,26.87976314891128,100.0
930,1,44.96887826236604,44.96887826236604,100.0
930,2,28.151358588722687,28.151358588722687,100.0
940,0,22.148053610406624,22.148053610406624,100.0
940,1,43.26490574469375,43.26490574469375,100.0
940,2,34.58704064489962,34.58704064489962,100.0
950,0,21.412226971999036,21.412226971999036,100.0
950,1,38.34045205871086,38.34045205871086,100.0
950,2,40.2473209692901,40.2473209692901,100.0
960,0,24.379723501625573,24.379723501625573,100.0
960,1,52.49702416746944,52.49702416746944,100.0
960,2,23.123252330904997,23.123252330904997,100.0
970,0,27.416308954424007,27.416308954424007,100.0
970,1,47.07255232559288,47.07255232559288,100.0
970,2,25.511138719983112,25.511138719983112,100.0
980,0,31.32896344928504,31.32896344928504,100.0
980,1,42.31393956517404,42.31393956517404,100.0
980,2,26.357096985540917,26.357096985540917,100.0
990,0,22.682588888479145,22.682588888479145,100.0
990,1,42.69942296306376,42.69942296306376,100.0
990,2,34.61798814845709,34.61798814845709,100.0
1000,0,20.922123707401692,20.922123707401692,100.0
1000,1,35.08914061932856,35.08914061932856,100.0
1000,2,43.98873567326975,43.98873567326975,100.0
1010,0,21.625764918601195,21.625764918601195,100.0
1010,1,34.273437912700444,34.273437912700444,100.0
1010,2,44.10079716869836,44.10079716869836,100.0
1020,0,21.637967604963464,21.637967604963464,100.0
1020,1,47.8725841276595,47.8725841276595,100.0
1020,2,30.489448267377036,30.489448267377036,100.0
1030,0,22.41333655069401,22.41333655069401,100.0
1030,1,44.96562510530047,44.96562510530047,100.0
1030,2,32.62103834400553,32.62103834400553,100.0
1040,0,23.443618425797847,23.443618425797847,100.0
1040,1,41.0582559622173,41.0582559622173,100.0
1040,2,35.49812561198485,35.49812561198485,100.0
1050,0,23.624860615653496,23.624860615653496,100.0
1050,1,48.561846807414994,48.561846807414994,100.0
1050,2,27.81329257693151,27.81329257693151,100.0
1060,0,24.015976251751216,24.015976251751216,100.0
1060,1,53.355638908067924,53.355638908067924,100.0
1060,2,22.62838484018086,22.62838484018086,100.0
1070,0,25.281201729085616,25.281201729085616,100.0
1070,1,30.994153185043405,30.994153185043405,100.0
1070,2,43.72464508587099,43.72464508587099,100.0
1080,0,21.85384009324334,21.85384009324334,100.0
1080,1,32.691153657879866,32.691153657879866,100.0
1080,2,45.45500624887679,45.45500624887679,100.0
1090,0,25.123943430139274,25.123943430139274,100.0
1090,1,26.713469080265384,26.713469080265384,100.0
1090,2,48.162587489595346,48.162587489595346,100.0
1100,0,22.00889642473882,22.00889642473882,100.0
1100,1,42.29711673453883,42.29711673453883,100.0
1100,2,35.69398684072235,35.69398684072235,100.0
1110,0,21.240004738729436,21.240004738729436,100.0
1110,1,42.72078879679538,42.72078879679538,100.0
1110,2,36.039206464475185,36.039206464475185,100.0
1120,0,32.84344355176274,32.84344355176274,100.0
1120,1,38.01025055137052,38.01025055137052,100.0
1120,2,29.146305896866743,29.146305896866743,100.0
1130,0,23.980702258816656,23.980702258816656,100.0
1130,1,35.041602856373544,35.041602856373544,100.0
1130,2,40.9776948848098,40.9776948848098,100.0
1140,0,23.746090592722,23.746090592722,100.0
1140,1,51.850067425917125,51.850067425917125,100.0
1140,2,24.403841981360888,24.403841981360888,100.0
1150,0,21.115438231492973,21.115438231492973,100.0
1150,1,39.327521530173584,39.327521530173584,100.0
1150,2,39.55704023833345,39.55704023833345,100.0
1160,0,20.746950388951753,20.746950388951753,100.0
1160,1,40.11585482352194,40.11585482352194,100.0
1160,2,39.1371947875263,39.1371947875263,100.0
1170,0,22.093295226287104,22.093295226287104,100.0
1170,1,42.6214421608771,42.6214421608771,100.0
1170,2,35.28526261283579,35.28526261283579,100.0
1180,0,32.980950340656165,32.980950340656165,100.0
1180,1,37.26228057183313,37.26228057183313,100.0
1180,2,29.756769087510705,29.756769087510705,100.0
1190,0,23.55035267510635,23.55035267510635,100.0
1190,1,42.38491812021498,42.38491812021498,100.0
1190,2,34.064729204678684,34.064729204678684,100.0
1200,0,26.183762700153284,26.183762700153284,100.0
1200,1,52.840486953154986,52.840486953154986,100.0
1200,2,20.97575034669173,20.97575034669173,100.0
1210,0,20.756822886391184,20.756822886391184,100.0
1210,1,46.5564315835589,46.5564315835589,100.0
1210,2,32.686745530049926,32.686745530049926,100.0
1220,0,23.919179945865725,23.919179945865725,100.0
1220,1,33.80490490862962,33.80490490862962,100.0
1220,2,42.27591514550466,42.27591514550466,100.0
1230,0,24.11910623571101,24.11910623571101,100.0
1230,1,44.24857797505607,44.24857797505607,100.0
1230,2,31.63231578923292,31.63231578923292,100.0
1240,0,28.771178335906217,28.771178335906217,100.0
1240,1,44.81193377490447,44.81193377490447,100.0
1240,2,26.416887889189322,26.416887889189322,100.0
1250,0,22.725589050549722,22.725589050549722,100.0
1250,1,51.184056882365205,51.184056882365205,100.0
1250,2,26.090354067085077,26.090354067085077,100.0
1260,0,24.96826955007131,24.96826955007131,100.0
1260,1,52.826077502798306,52.826077502798306,100.0
1260,2,22.20565294713039,22.20565294713039,100.0
1270,0,23.211611269293968,23.211611269293968,100.0
1270,1,55.66530594312164,55.66530594312164,100.0
1270,2,21.12308278758439,21.12308278758439,100.0
1280,0,22.954199593054227,22.954199593054227,100.0
1280,1,55.09785378405383,55.09785378405383,100.0
1280,2,21.94794662289195,21.94794662289195,100.0
1290,0,22.343257874903895,22.343257874903895,100.0
1290,1,49.10809778438238,49.10809778438238,100.0
1290,2,28.548644340713736,28.548644340713736,100.0
1300,0,22.230021309353774,22.230021309353774,100.0
1300,1,38.22928138914775,38.22928138914775,100.0
1300,2,39.540697301498476,39.540697301498476,100.0
1310,0,23.58851619299211,23.58851619299211,100.0
1310,1,29.949680588209993,29.949680588209993,100.0
1310,2,46.461803218797904,46.461803218797904,100.0
1320,0,21.762806447581212,21.762806447581212,100.0
1320,1,36.66374687777977,36.66374687777977,100.0
1320,2,41.573446674639015,41.573446674639015,100.0
1330,0,31.559903329440438,31.559903329440438,100.0
1330,1,41.0583123877579,41.0583123877579,100.0
1330,2,27.381784282801668,27.381784282801668,100.0
1340,0,39.600452117999026,39.600452117999026,100.0
1340,1,41.922107284750545,41.922107284750545,100.0
1340,2,18.477440597250432,18.477440597250432,100.0
1350,0,27.425847559371146,27.425847559371146,100.0
1350,1,46.99017084017852,46.99017084017852,100.0
1350,2,25.583981600450343,25.583981600450343,100.0
1360,0,29.456501804636154,29.456501804636154,100.0
1360,1,39.18703518699655,39.18703518699655,100.0
1360,2,31.356463008367296,31.356463008367296,100.0
1370,0,26.493066576290524,26.493066576290524,100.0
1370,1,30.86422430654282,30.86422430654282,100.0
1370,2,42.64270911716665,42.64270911716665,100.0
1380,0,29.165369772493754,29.165369772493754,100.0
1380,1,44.44926249827472,44.44926249827472,100.0
1380,2,26.385367729231525,26.385367729231525,100.0
1390,0,22.47509142217104,22.47509142217104,100.0
1390,1,26.950188780867812,26.950188780867812,100.0
1390,2,50.57471979696114,50.57471979696114,100.0
1400,0,23.24919085778369,23.24919085778369,100.0
1400,1,40.41425407507284,40.41425407507284,100.0
1400,2,36.336555067143465,36.336555067143465,100.0
1410,0,24.98224671422498,24.98224671422498,100.0
1410,1,54.53524746523403,54.53524746523403,100.0
1410,2,20.482505820541004,20.482505820541004,100.0
1420,0,23.2381984473223,23.2381984473223,100.0
1420,1,44.29949946507816,44.29949946507816,100.0
1420,2,32.46230208759954,32.46230208759954,100.0
1430,0,33.62025403185968,33.62025403185968,100.0
1430,1,42.473625631993976,42.473625631993976,100.0
1430,2,23.906120336146344,23.906120336146344,100.0
1440,0,24.530601413041715,24.530601413041715,100.0
1440,1,43.3326192497267,43.3326192497267,100.0
1440,2,32.136779337231594,32.136779337231594,100.0
1450,0,23.37864220669997,23.37864220669997,100.0
1450,1,41.6667845742548,41.6667845742548,100.0
1450,2,34.95457321904523,34.95457321904523,100.0
1460,0,24.39720147112834,24.39720147112834,100.0
1460,1,53.86603820547777,53.86603820547777,100.0
1460,2,21.736760323393895,21.736760323393895,100.0
1470,0,24.137874212750766,24.137874212750766,100.0
1470,1,48.30341647849803,48.30341647849803,100.0
1470,2,27.558709308751205,27.558709308751205,100.0
1480,0,39.12543297732829,39.12543297732829,100.0
1480,1,43.10506818701892,43.10506818701892,100.0
1480,2,17.76949883565279,17.76949883565279,100.0
1490,0,30.301096598032323,30.301096598032323,100.0
1490,1,44.81167661626388,44.81167661626388,100.0
1490,2,24.887226785703792,24.887226785703792,100.0
1500,0,24.965814971907577,24.965814971907577,100.0
1500,1,36.2457034230658,36.2457034230658,100.0
1500,2,38.788481605026625,38.788481605026625,100.0
