timestamp,ueImsi,sliceId,dTxBytes,dRxBytes,plr,resourceSharePct,dLostPackets,throughputMbps,bufferBytes,dlBufferBytes,ulBufferBytes,macBufferBytes,congestionPct,lastDrlActionStatus
10600,1,0,194844,1356,98.84,41.66,171,0.1085,1199846,197063,1199846,1396909,13.32,applied
10600,2,0,194844,3812,97.69,41.66,169,0.3050,1199918,197068,1199918,1396986,13.32,applied
10600,3,0,194844,71352,65.90,41.66,114,5.7082,1200005,197069,1200005,1397074,13.32,applied
10600,4,0,194844,0,100.00,41.66,173,0.0000,1200005,200529,1200005,1400534,13.36,applied
10600,5,0,194844,16092,91.91,41.66,159,1.2874,1200005,197061,1200005,1397066,13.32,applied
10600,6,1,0,0,0.00,30.00,0,0.0000,34,0,34,34,0.00,applied
10600,7,1,0,0,0.00,30.00,0,0.0000,34,0,34,34,0.00,applied
10600,8,1,0,0,0.00,30.00,0,0.0000,34,0,34,34,0.00,applied
10600,9,1,0,0,0.00,30.00,0,0.0000,34,0,34,34,0.00,applied
10600,10,1,0,0,0.00,30.00,0,0.0000,34,0,34,34,0.00,applied
10600,11,1,0,0,0.00,30.00,0,0.0000,34,0,34,34,0.00,applied
10600,12,1,0,0,0.00,30.00,0,0.0000,34,0,34,34,0.00,applied
10600,13,1,0,0,0.00,30.00,0,0.0000,34,0,34,34,0.00,applied
10600,14,2,63772,0,100.00,28.33,49,0.0000,6405289,6405289,51,6405340,61.09,applied
10600,15,2,63772,0,100.00,28.33,49,0.0000,6405408,6405408,34,6405442,61.09,applied
10600,16,2,63772,0,100.00,28.33,49,0.0000,6405294,6405294,51,6405345,61.09,applied
10600,17,2,63772,0,100.00,28.33,49,0.0000,6407923,6407923,51,6407974,61.11,applied
10600,18,2,63772,0,100.00,28.33,49,0.0000,6405296,6405296,51,6405347,61.09,applied
10600,19,2,63772,752,91.84,28.33,45,0.0602,6405297,6405297,51,6405348,61.09,applied
10600,20,2,63772,940,89.80,28.33,44,0.0752,6405294,6405294,51,6405345,61.09,applied
10600,21,2,63772,0,100.00,28.33,49,0.0000,6405946,6405946,51,6405997,61.09,applied
10600,22,2,63772,0,100.00,28.33,49,0.0000,6406763,6406763,51,6406814,61.10,applied
10600,23,2,63772,0,100.00,28.33,49,0.0000,6405289,6405289,51,6405340,61.09,applied
10600,24,2,63772,940,89.80,28.33,44,0.0752,6405291,6405291,51,6405342,61.09,applied
10600,25,2,63772,940,89.80,28.33,44,0.0752,6405295,6405295,51,6405346,61.09,applied
10600,26,2,63772,0,100.00,28.33,49,0.0000,6405293,6405293,51,6405344,61.09,applied
10600,27,2,63772,0,100.00,28.33,49,0.0000,6405445,6405445,34,6405479,61.09,applied
10600,28,2,63772,0,100.00,28.33,49,0.0000,6405413,6405413,51,6405464,61.09,applied
10600,29,2,63772,0,100.00,28.33,49,0.0000,6407727,6407727,51,6407778,61.11,applied
10600,30,2,63772,0,100.00,28.33,49,0.0000,6405297,6405297,51,6405348,61.09,applied
10600,31,2,63772,940,89.80,28.33,44,0.0752,6405297,6405297,51,6405348,61.09,applied
10600,32,2,63772,0,100.00,28.33,49,0.0000,6405290,6405290,51,6405341,61.09,applied
10600,33,2,63772,0,100.00,28.33,49,0.0000,6407208,6407208,51,6407259,61.10,applied
