timestamp,ueImsi,sliceId,dTxBytes,dRxBytes,plr,resourceSharePct,dLostPackets,throughputMbps,bufferBytes
630,1,0,25976,6112,76.47,51.79,13,4.8896,264681
630,2,0,25976,6112,76.47,51.79,13,4.8896,264702
630,3,0,25976,6112,76.47,51.79,13,4.8896,264621
630,4,0,25976,6112,76.47,51.79,13,4.8896,264622
630,5,0,25976,7640,70.59,51.79,12,6.1120,264592
630,6,1,390,390,0.00,27.89,0,0.3120,87
630,7,1,390,390,0.00,27.89,0,0.3120,87
630,8,1,390,390,0.00,27.89,0,0.3120,87
630,9,1,390,390,0.00,27.89,0,0.3120,87
630,10,1,390,390,0.00,27.89,0,0.3120,87
630,11,2,16000,1024,93.60,20.32,117,0.8192,194160
630,12,2,16000,1152,92.80,20.32,116,0.9216,194153
630,13,2,16000,1152,92.80,20.32,116,0.9216,194168
630,14,2,16000,1280,92.00,20.32,115,1.0240,194201
630,15,2,16000,1280,92.00,20.32,115,1.0240,194205
630,16,2,16000,1280,92.00,20.32,115,1.0240,194198
630,17,2,16000,1280,92.00,20.32,115,1.0240,194210
630,18,2,16000,1152,92.80,20.32,116,0.9216,194163
630,19,2,16000,1152,92.80,20.32,116,0.9216,194184
630,20,2,16000,1280,92.00,20.32,115,1.0240,194183
