timestamp,ueImsi,sliceId,dTxBytes,dRxBytes,plr,resourceSharePct,dLostPackets,throughputMbps,bufferBytes
1510,1,0,35144,32088,8.70,37.70,2,25.6704,658861
1510,2,0,35144,35144,0.00,37.70,0,28.1152,110536
1510,3,1,1014,936,7.69,38.94,1,0.7488,87
1510,4,1,1014,936,7.69,38.94,1,0.7488,87
1510,5,2,256,256,0.00,23.35,0,0.2048,54
1510,6,2,256,256,0.00,23.35,0,0.2048,47
1510,7,2,256,256,0.00,23.35,0,0.2048,54
1510,8,2,256,0,100.00,23.35,2,0.0000,137
1510,9,2,256,256,0.00,23.35,0,0.2048,54
1510,10,2,256,256,0.00,23.35,0,0.2048,54
