timestamp,ueImsi,sliceId,dTxBytes,dRxBytes,plr,resourceSharePct,dLostPackets,throughputMbps,bufferBytes,dlBufferBytes,ulBufferBytes,macBufferBytes,congestionPct,lastDrlActionStatus
9900,1,0,193616,3684,98.26,25.99,169,0.2947,1200005,170888,1200005,1370893,13.07,applied
9900,2,0,193616,8596,95.93,25.99,165,0.6877,1200005,170890,1200005,1370895,13.07,applied
9900,3,0,193616,65084,69.19,25.99,119,5.2067,1200005,170889,1200005,1370894,13.07,applied
9900,4,0,193616,0,100.00,25.99,172,0.0000,1200005,173641,1200005,1373646,13.10,applied
9900,5,0,193616,3684,98.26,25.99,169,0.2947,1200005,170888,1200005,1370893,13.07,applied
9900,6,1,0,0,0.00,26.38,0,0.0000,34,0,34,34,0.00,applied
9900,7,1,0,0,0.00,26.38,0,0.0000,34,0,34,34,0.00,applied
9900,8,1,0,0,0.00,26.38,0,0.0000,34,0,34,34,0.00,applied
9900,9,1,0,0,0.00,26.38,0,0.0000,34,0,34,34,0.00,applied
9900,10,1,0,0,0.00,26.38,0,0.0000,34,0,34,34,0.00,applied
9900,11,1,0,0,0.00,26.38,0,0.0000,34,0,34,34,0.00,applied
9900,12,1,0,0,0.00,26.38,0,0.0000,34,0,34,34,0.00,applied
9900,13,1,0,0,0.00,26.38,0,0.0000,34,0,34,34,0.00,applied
9900,14,2,65200,0,100.00,47.64,50,0.0000,5573653,5573653,51,5573704,53.15,applied
9900,15,2,65200,0,100.00,47.64,50,0.0000,5573757,5573757,34,5573791,53.16,applied
9900,16,2,65200,0,100.00,47.64,50,0.0000,5573671,5573671,51,5573722,53.16,applied
9900,17,2,65200,0,100.00,47.64,50,0.0000,5575952,5575952,51,5576003,53.18,applied
9900,18,2,65200,0,100.00,47.64,50,0.0000,5573672,5573672,51,5573723,53.16,applied
9900,19,2,65200,1128,88.00,47.64,44,0.0902,5573656,5573656,51,5573707,53.16,applied
9900,20,2,65200,1128,88.00,47.64,44,0.0902,5573672,5573672,51,5573723,53.16,applied
9900,21,2,65200,0,100.00,47.64,50,0.0000,5574217,5574217,51,5574268,53.16,applied
9900,22,2,65200,0,100.00,47.64,50,0.0000,5574912,5574912,51,5574963,53.17,applied
9900,23,2,65200,0,100.00,47.64,50,0.0000,5573662,5573662,51,5573713,53.16,applied
9900,24,2,65200,1128,88.00,47.64,44,0.0902,5573669,5573669,51,5573720,53.16,applied
9900,25,2,65200,0,100.00,47.64,50,0.0000,5573669,5573669,51,5573720,53.16,applied
9900,26,2,65200,0,100.00,47.64,50,0.0000,5573654,5573654,51,5573705,53.15,applied
9900,27,2,65200,0,100.00,47.64,50,0.0000,5573771,5573771,51,5573822,53.16,applied
9900,28,2,65200,0,100.00,47.64,50,0.0000,5573808,5573808,51,5573859,53.16,applied
9900,29,2,65200,0,100.00,47.64,50,0.0000,5575809,5575809,51,5575860,53.18,applied
9900,30,2,65200,0,100.00,47.64,50,0.0000,5573665,5573665,51,5573716,53.16,applied
9900,31,2,65200,1128,88.00,47.64,44,0.0902,5573665,5573665,51,5573716,53.16,applied
9900,32,2,65200,0,100.00,47.64,50,0.0000,5573666,5573666,51,5573717,53.16,applied
9900,33,2,65200,0,100.00,47.64,50,0.0000,5575392,5575392,51,5575443,53.17,applied
