timestamp,sliceId,dedicatedPRB,minPRB,maxPRB
510,0,43.117176644760626,43.117176644760626,100.0
510,1,36.225196685682754,36.225196685682754,100.0
510,2,20.657626669556617,20.657626669556617,100.0
520,0,24.493930343272645,24.493930343272645,100.0
520,1,46.716215901132976,46.716215901132976,100.0
520,2,28.789853755594375,28.789853755594375,100.0
530,0,23.71720243308104,23.71720243308104,100.0
530,1,31.660054279914135,31.660054279914135,100.0
530,2,44.622743287004816,44.622743287004816,100.0
540,0,35.88435766759005,35.88435766759005,100.0
540,1,42.67751518057722,42.67751518057722,100.0
540,2,21.438127151832745,21.438127151832745,100.0
550,0,41.62383774988541,41.62383774988541,100.0
550,1,32.231248029271406,32.231248029271406,100.0
550,2,26.14491422084319,26.14491422084319,100.0
560,0,46.17385731252829,46.17385731252829,100.0
560,1,32.136364259503495,32.136364259503495,100.0
560,2,21.689778427968225,21.689778427968225,100.0
570,0,38.238859612225895,38.238859612225895,100.0
570,1,38.37975046552228,38.37975046552228,100.0
570,2,23.381389922251824,23.381389922251824,100.0
580,0,24.72991738333462,24.72991738333462,100.0
580,1,48.069427972819035,48.069427972819035,100.0
580,2,27.200654643846345,27.200654643846345,100.0
590,0,27.938577955960834,27.938577955960834,100.0
590,1,34.817771485799206,34.817771485799206,100.0
590,2,37.24365055823996,37.24365055823996,100.0
600,0,32.25998893056586,32.25998893056586,100.0
600,1,46.49757855480712,46.49757855480712,100.0
600,2,21.242432514627023,21.242432514627023,100.0
610,0,31.414181223273786,31.414181223273786,100.0
610,1,46.73415878409258,46.73415878409258,100.0
610,2,21.85165999263364,21.85165999263364,100.0
620,0,22.2600255537841,22.2600255537841,100.0
620,1,39.40465464431746,39.40465464431746,100.0
620,2,38.335319801898436,38.335319801898436,100.0
630,0,25.439201791370426,25.439201791370426,100.0
630,1,43.40714718647962,43.40714718647962,100.0
630,2,31.15365102214997,31.15365102214997,100.0
640,0,21.81090214391641,21.81090214391641,100.0
640,1,43.77950922506745,43.77950922506745,100.0
640,2,34.40958863101615,34.40958863101615,100.0
650,0,38.19724887615805,38.19724887615805,100.0
650,1,33.110510794940936,33.110510794940936,100.0
650,2,28.692240328901008,28.692240328901008,100.0
660,0,23.134029575132598,23.134029575132598,100.0
660,1,27.631641760515784,27.631641760515784,100.0
660,2,49.23432866435162,49.23432866435162,100.0
670,0,23.175009538241632,23.175009538241632,100.0
670,1,30.16154629797157,30.16154629797157,100.0
670,2,46.66344416378681,46.66344416378681,100.0
680,0,22.78632569699605,22.78632569699605,100.0
680,1,40.472841166820395,40.472841166820395,100.0
680,2,36.740833136183554,36.740833136183554,100.0
690,0,23.50159551295184,23.50159551295184,100.0
690,1,52.84070618466167,52.84070618466167,100.0
690,2,23.6576983023865,23.6576983023865,100.0
700,0,28.263966442875997,28.263966442875997,100.0
700,1,44.1351572407012,44.1351572407012,100.0
700,2,27.600876316422806,27.600876316422806,100.0
710,0,21.593754715234546,21.593754715234546,100.0
710,1,49.81297084541926,49.81297084541926,100.0
710,2,28.593274439346196,28.593274439346196,100.0
720,0,32.38268965932721,32.38268965932721,100.0
720,1,37.30090288986154,37.30090288986154,100.0
720,2,30.31640745081125,30.31640745081125,100.0
730,0,31.15498447897372,31.15498447897372,100.0
730,1,31.27670355040203,31.27670355040203,100.0
730,2,37.56831197062425,37.56831197062425,100.0
740,0,32.476040609190946,32.476040609190946,100.0
740,1,37.12315460888374,37.12315460888374,100.0
740,2,30.400804781925316,30.400804781925316,100.0
750,0,36.026277639986546,36.026277639986546,100.0
750,1,28.961164315120442,28.961164315120442,100.0
750,2,35.01255804489302,35.01255804489302,100.0
760,0,22.537660361588994,22.537660361588994,100.0
760,1,40.91150155122111,40.91150155122111,100.0
760,2,36.550838087189895,36.550838087189895,100.0
770,0,22.033282716562557,22.033282716562557,100.0
770,1,45.491477501199014,45.491477501199014,100.0
770,2,32.47523978223843,32.47523978223843,100.0
780,0,26.201139976003773,26.201139976003773,100.0
780,1,44.53330010086406,44.53330010086406,100.0
780,2,29.265559923132162,29.265559923132162,100.0
790,0,35.26356309762237,35.26356309762237,100.0
790,1,34.26616293382176,34.26616293382176,100.0
790,2,30.470273968555865,30.470273968555865,100.0
800,0,23.219014960593835,23.219014960593835,100.0
800,1,30.570326598625147,30.570326598625147,100.0
800,2,46.21065844078102,46.21065844078102,100.0
810,0,23.51622746216898,23.51622746216898,100.0
810,1,44.061557574779066,44.061557574779066,100.0
810,2,32.42221496305195,32.42221496305195,100.0
820,0,20.580654226442732,20.580654226442732,100.0
820,1,44.24141527916556,44.24141527916556,100.0
820,2,35.17793049439171,35.17793049439171,100.0
830,0,28.52842637969571,28.52842637969571,100.0
830,1,45.0747730582316,45.0747730582316,100.0
830,2,26.39680056207269,26.39680056207269,100.0
840,0,23.10128901111428,23.10128901111428,100.0
840,1,41.24933545003515,41.24933545003515,100.0
840,2,35.64937553885057,35.64937553885057,100.0
850,0,35.74660014174752,35.74660014174752,100.0
850,1,45.52741410326963,45.52741410326963,100.0
850,2,18.72598575498285,18.72598575498285,100.0
860,0,24.925693249980558,24.925693249980558,100.0
860,1,33.98995199317204,33.98995199317204,100.0
860,2,41.08435475684741,41.08435475684741,100.0
870,0,37.207711204585955,37.207711204585955,100.0
870,1,39.92666052638594,39.92666052638594,100.0
870,2,22.8656282690281,22.8656282690281,100.0
880,0,32.97054378840224,32.97054378840224,100.0
880,1,30.380357228615935,30.380357228615935,100.0
880,2,36.64909898298183,36.64909898298183,100.0
890,0,24.008060811539856,24.008060811539856,100.0
890,1,30.131763701224614,30.131763701224614,100.0
890,2,45.86017548723553,45.86017548723553,100.0
900,0,24.456917907583048,24.456917907583048,100.0
900,1,26.884118794949487,26.884118794949487,100.0
900,2,48.65896329746747,48.65896329746747,100.0
910,0,25.333451146278968,25.333451146278968,100.0
910,1,52.96895876459891,52.96895876459891,100.0
910,2,21.697590089122126,21.697590089122126,100.0
920,0,23.372858697270466,23.372858697270466,100.0
920,1,29.93058773545732,29.93058773545732,100.0
920,2,46.69655356727221,46.69655356727221,100.0
930,0,29.104950985562333,29.104950985562333,100.0
930,1,36.01937442434778,36.01937442434778,100.0
930,2,34.875674590089886,34.875674590089886,100.0
940,0,33.04769926015889,33.04769926015889,100.0
940,1,31.159318776763445,31.159318776763445,100.0
940,2,35.792981963077665,35.792981963077665,100.0
950,0,29.85898193583004,29.85898193583004,100.0
950,1,48.477681309179424,48.477681309179424,100.0
950,2,21.66333675499054,21.66333675499054,100.0
960,0,25.71194450532108,25.71194450532108,100.0
960,1,51.71266814948622,51.71266814948622,100.0
960,2,22.575387345192713,22.575387345192713,100.0
970,0,25.965571004154782,25.965571004154782,100.0
970,1,51.34517826657273,51.34517826657273,100.0
970,2,22.689250729272494,22.689250729272494,100.0
980,0,23.387555139303924,23.387555139303924,100.0
980,1,47.05968403495991,47.05968403495991,100.0
980,2,29.55276082573617,29.55276082573617,100.0
990,0,25.929981768068238,25.929981768068238,100.0
990,1,32.20094995969651,32.20094995969651,100.0
990,2,41.86906827223525,41.86906827223525,100.0
1000,0,27.53919697928889,27.53919697928889,100.0
1000,1,48.45457670603833,48.45457670603833,100.0
1000,2,24.00622631467278,24.00622631467278,100.0
1010,0,22.57138920539892,22.57138920539892,100.0
1010,1,40.16123090795097,40.16123090795097,100.0
1010,2,37.26737988665011,37.26737988665011,100.0
1020,0,25.482291022313756,25.482291022313756,100.0
1020,1,28.63815989197166,28.63815989197166,100.0
1020,2,45.87954908571459,45.87954908571459,100.0
1030,0,22.91973920770306,22.91973920770306,100.0
1030,1,56.7556900613553,56.7556900613553,100.0
1030,2,20.324570730941634,20.324570730941634,100.0
1040,0,32.48083713264885,32.48083713264885,100.0
1040,1,33.31587939760773,33.31587939760773,100.0
1040,2,34.203283469743425,34.203283469743425,100.0
1050,0,28.269553715929597,28.269553715929597,100.0
1050,1,49.16438154847301,49.16438154847301,100.0
1050,2,22.566064735597394,22.566064735597394,100.0
1060,0,22.392517005194122,22.392517005194122,100.0
1060,1,47.065783687009244,47.065783687009244,100.0
1060,2,30.541699307796627,30.541699307796627,100.0
1070,0,30.057887824465872,30.057887824465872,100.0
1070,1,49.927779425470284,49.927779425470284,100.0
1070,2,20.014332750063847,20.014332750063847,100.0
1080,0,29.35555161980737,29.35555161980737,100.0
1080,1,51.74042614804301,51.74042614804301,100.0
1080,2,18.90402223214962,18.90402223214962,100.0
1090,0,30.695176606184475,30.695176606184475,100.0
1090,1,31.65109424377144,31.65109424377144,100.0
1090,2,37.65372915004409,37.65372915004409,100.0
1100,0,26.31081489545303,26.31081489545303,100.0
1100,1,30.79856277641565,30.79856277641565,100.0
1100,2,42.89062232813132,42.89062232813132,100.0
1110,0,24.144551360538465,24.144551360538465,100.0
1110,1,41.60773026227972,41.60773026227972,100.0
1110,2,34.247718377181805,34.247718377181805,100.0
1120,0,30.901409995244684,30.901409995244684,100.0
1120,1,48.37845397520615,48.37845397520615,100.0
1120,2,20.72013602954918,20.72013602954918,100.0
1130,0,22.76522511026918,22.76522511026918,100.0
1130,1,35.791518611383786,35.791518611383786,100.0
1130,2,41.44325627834703,41.44325627834703,100.0
1140,0,26.22919016119284,26.22919016119284,100.0
1140,1,53.45807338624054,53.45807338624054,100.0
1140,2,20.31273645256662,20.31273645256662,100.0
1150,0,24.18047119154351,24.18047119154351,100.0
1150,1,37.38130751354578,37.38130751354578,100.0
1150,2,38.43822129491071,38.43822129491071,100.0
1160,0,23.884542157567594,23.884542157567594,100.0
1160,1,47.57247947687955,47.57247947687955,100.0
1160,2,28.542978365552855,28.542978365552855,100.0
1170,0,24.930695203686852,24.930695203686852,100.0
1170,1,45.31918325402584,45.31918325402584,100.0
1170,2,29.75012154228731,29.75012154228731,100.0
1180,0,26.139550400832817,26.139550400832817,100.0
1180,1,44.62296038510687,44.62296038510687,100.0
1180,2,29.237489214060314,29.237489214060314,100.0
1190,0,26.30067387157322,26.30067387157322,100.0
1190,1,48.02721515662163,48.02721515662163,100.0
1190,2,25.67211097180515,25.67211097180515,100.0
1200,0,24.782375074164552,24.782375074164552,100.0
1200,1,50.262008002194094,50.262008002194094,100.0
1200,2,24.95561692364136,24.95561692364136,100.0
1210,0,22.77340679342513,22.77340679342513,100.0
1210,1,53.56375469957846,53.56375469957846,100.0
1210,2,23.662838506996405,23.662838506996405,100.0
1220,0,24.764882444814447,24.764882444814447,100.0
1220,1,52.14502650619335,52.14502650619335,100.0
1220,2,23.0900910489922,23.0900910489922,100.0
1230,0,22.852581595671094,22.852581595671094,100.0
1230,1,44.14573138214075,44.14573138214075,100.0
1230,2,33.00168702218816,33.00168702218816,100.0
1240,0,49.55331516862014,49.55331516862014,100.0
1240,1,28.428402691969605,28.428402691969605,100.0
1240,2,22.018282139410257,22.018282139410257,100.0
1250,0,24.713134506650004,24.713134506650004,100.0
1250,1,32.28062739507517,32.28062739507517,100.0
1250,2,43.00623809827482,43.00623809827482,100.0
1260,0,28.275351256665505,28.275351256665505,100.0
1260,1,37.67660157054021,37.67660157054021,100.0
1260,2,34.0480471727943,34.0480471727943,100.0
1270,0,26.26950491886743,26.26950491886743,100.0
1270,1,37.90318164720093,37.90318164720093,100.0
1270,2,35.82731343393164,35.82731343393164,100.0
1280,0,21.50039213788446,21.50039213788446,100.0
1280,1,53.312473219692414,53.312473219692414,100.0
1280,2,25.187134642423132,25.187134642423132,100.0
1290,0,23.542861758319795,23.542861758319795,100.0
1290,1,47.358450239380815,47.358450239380815,100.0
1290,2,29.098688002299394,29.098688002299394,100.0
1300,0,21.89244884791763,21.89244884791763,100.0
1300,1,48.31490525366655,48.31490525366655,100.0
1300,2,29.792645898415813,29.792645898415813,100.0
1310,0,24.872094454943745,24.872094454943745,100.0
1310,1,44.8472513875924,44.8472513875924,100.0
1310,2,30.280654157463854,30.280654157463854,100.0
1320,0,22.843459415149496,22.843459415149496,100.0
1320,1,34.012486403219185,34.012486403219185,100.0
1320,2,43.14405418163132,43.14405418163132,100.0
1330,0,25.149034327198862,25.149034327198862,100.0
1330,1,30.30006101598561,30.30006101598561,100.0
1330,2,44.550904656815526,44.550904656815526,100.0
1340,0,30.304134633455803,30.304134633455803,100.0
1340,1,36.31188419861059,36.31188419861059,100.0
1340,2,33.3839811679336,33.3839811679336,100.0
1350,0,24.994747241251503,24.994747241251503,100.0
1350,1,27.833353271240767,27.833353271240767,100.0
1350,2,47.17189948750773,47.17189948750773,100.0
1360,0,24.77562320655742,24.77562320655742,100.0
1360,1,30.614256057328724,30.614256057328724,100.0
1360,2,44.610120736113856,44.610120736113856,100.0
1370,0,31.50246186551317,31.50246186551317,100.0
1370,1,36.44187251972524,36.44187251972524,100.0
1370,2,32.05566561476159,32.05566561476159,100.0
1380,0,22.3785410178442,22.3785410178442,100.0
1380,1,43.648823910199496,43.648823910199496,100.0
1380,2,33.972635071956304,33.972635071956304,100.0
1390,0,23.88602590388158,23.88602590388158,100.0
1390,1,55.82989835882426,55.82989835882426,100.0
1390,2,20.284075737294156,20.284075737294156,100.0
1400,0,23.62827812977094,23.62827812977094,100.0
1400,1,48.03169660949322,48.03169660949322,100.0
1400,2,28.340025260735846,28.340025260735846,100.0
1410,0,21.54397739558675,21.54397739558675,100.0
1410,1,48.83331125450604,48.83331125450604,100.0
1410,2,29.62271134990721,29.62271134990721,100.0
1420,0,30.81982956434761,30.81982956434761,100.0
1420,1,43.127020076875546,43.127020076875546,100.0
1420,2,26.053150358776843,26.053150358776843,100.0
1430,0,22.849832371142472,22.849832371142472,100.0
1430,1,27.131839459858497,27.131839459858497,100.0
1430,2,50.01832816899903,50.01832816899903,100.0
1440,0,22.28386776228217,22.28386776228217,100.0
1440,1,45.80881602921968,45.80881602921968,100.0
1440,2,31.90731620849815,31.90731620849815,100.0
1450,0,25.480150815760354,25.480150815760354,100.0
1450,1,41.98726349367409,41.98726349367409,100.0
1450,2,32.532585690565554,32.532585690565554,100.0
1460,0,33.80920542466194,33.80920542466194,100.0
1460,1,46.71106605554212,46.71106605554212,100.0
1460,2,19.479728519795934,19.479728519795934,100.0
1470,0,24.149854142938338,24.149854142938338,100.0
1470,1,50.48060042613663,50.48060042613663,100.0
1470,2,25.369545430925022,25.369545430925022,100.0
1480,0,22.891189918486013,22.891189918486013,100.0
1480,1,40.61200634827322,40.61200634827322,100.0
1480,2,36.49680373324077,36.49680373324077,100.0
1490,0,28.358126071459765,28.358126071459765,100.0
1490,1,48.527477580687,48.527477580687,100.0
1490,2,23.114396347853237,23.114396347853237,100.0
1500,0,30.264947126848067,30.264947126848067,100.0
1500,1,42.58722051708575,42.58722051708575,100.0
1500,2,27.147832356066193,27.147832356066193,100.0
