timestamp,sliceId,dedicatedPRB,minPRB,maxPRB
510,0,40.03687704013633,40.03687704013633,100.0
510,1,24.950807604437205,24.950807604437205,100.0
510,2,35.01231535542647,35.01231535542647,100.0
520,0,31.52133808912533,31.52133808912533,100.0
520,1,43.88131211086197,43.88131211086197,100.0
520,2,24.5973498000127,24.5973498000127,100.0
530,0,31.266810595625515,31.266810595625515,100.0
530,1,37.75780990097122,37.75780990097122,100.0
530,2,30.975379503403268,30.975379503403268,100.0
540,0,35.578793385406975,35.578793385406975,100.0
540,1,25.524326597854554,25.524326597854554,100.0
540,2,38.89688001673847,38.89688001673847,100.0
550,0,31.399783870397247,31.399783870397247,100.0
550,1,46.30656972131008,46.30656972131008,100.0
550,2,22.293646408292663,22.293646408292663,100.0
