timestamp,sliceId,dedicatedPRB,minPRB,maxPRB
510,0,36.021890068119184,36.021890068119184,100.0
510,1,29.942022956659276,29.942022956659276,100.0
510,2,34.03608697522155,34.03608697522155,100.0
520,0,41.917482270415604,41.917482270415604,100.0
520,1,30.992049082263378,30.992049082263378,100.0
520,2,27.09046864732102,27.09046864732102,100.0
530,0,32.295994479918235,32.295994479918235,100.0
530,1,32.286325095459084,32.286325095459084,100.0
530,2,35.417680424622695,35.417680424622695,100.0
540,0,38.67849091823376,38.67849091823376,100.0
540,1,31.90645971939131,31.90645971939131,100.0
540,2,29.415049362374923,29.415049362374923,100.0
550,0,36.91403408981884,36.91403408981884,100.0
550,1,37.61588583550909,37.61588583550909,100.0
550,2,25.470080074672076,25.470080074672076,100.0
560,0,30.386586944248016,30.386586944248016,100.0
560,1,39.33866440132678,39.33866440132678,100.0
560,2,30.2747486544252,30.2747486544252,100.0
570,0,35.28463321012056,35.28463321012056,100.0
570,1,36.60093625562283,36.60093625562283,100.0
570,2,28.11443053425662,28.11443053425662,100.0
580,0,24.753458270095475,24.753458270095475,100.0
580,1,33.7621149828192,33.7621149828192,100.0
580,2,41.48442674708532,41.48442674708532,100.0
590,0,40.9182574439686,40.9182574439686,100.0
590,1,37.58374257587912,37.58374257587912,100.0
590,2,21.497999980152287,21.497999980152287,100.0
600,0,39.555515763862815,39.555515763862815,100.0
600,1,36.45843050854627,36.45843050854627,100.0
600,2,23.986053727590917,23.986053727590917,100.0
610,0,39.53278656108112,39.53278656108112,100.0
610,1,40.83870625669383,40.83870625669383,100.0
610,2,19.628507182225043,19.628507182225043,100.0
620,0,34.71665692503279,34.71665692503279,100.0
620,1,33.265325944039844,33.265325944039844,100.0
620,2,32.01801713092737,32.01801713092737,100.0
630,0,39.61179290209726,39.61179290209726,100.0
630,1,41.36545055493014,41.36545055493014,100.0
630,2,19.022756542972612,19.022756542972612,100.0
640,0,24.86710928055203,24.86710928055203,100.0
640,1,37.94754624657642,37.94754624657642,100.0
640,2,37.185344472871556,37.185344472871556,100.0
650,0,47.48998943965883,47.48998943965883,100.0
650,1,30.562860732849984,30.562860732849984,100.0
650,2,21.94714982749119,21.94714982749119,100.0
660,0,39.01653302469037,39.01653302469037,100.0
660,1,32.739774736228135,32.739774736228135,100.0
660,2,28.24369223908149,28.24369223908149,100.0
670,0,41.7681720070885,41.7681720070885,100.0
670,1,28.686428668238417,28.686428668238417,100.0
670,2,29.545399324673085,29.545399324673085,100.0
680,0,34.73316398078132,34.73316398078132,100.0
680,1,31.20528437609369,31.20528437609369,100.0
680,2,34.06155164312501,34.06155164312501,100.0
690,0,35.85180901973694,35.85180901973694,100.0
690,1,25.8932154447354,25.8932154447354,100.0
690,2,38.25497553552766,38.25497553552766,100.0
700,0,27.747933214068766,27.747933214068766,100.0
700,1,31.360874431738267,31.360874431738267,100.0
700,2,40.89119235419298,40.89119235419298,100.0
710,0,24.66596530076298,24.66596530076298,100.0
710,1,56.34483701788624,56.34483701788624,100.0
710,2,18.989197681350774,18.989197681350774,100.0
720,0,50.47764176415661,50.47764176415661,100.0
720,1,27.982841410403108,27.982841410403108,100.0
720,2,21.539516825440284,21.539516825440284,100.0
730,0,32.554619018413334,32.554619018413334,100.0
730,1,27.806919504460975,27.806919504460975,100.0
730,2,39.638461477125695,39.638461477125695,100.0
740,0,28.684475807435007,28.684475807435007,100.0
740,1,35.85095823144017,35.85095823144017,100.0
740,2,35.464565961124826,35.464565961124826,100.0
750,0,26.165628943886325,26.165628943886325,100.0
750,1,26.526620857972137,26.526620857972137,100.0
750,2,47.30775019814154,47.30775019814154,100.0
760,0,25.865377897500665,25.865377897500665,100.0
760,1,35.23051616148701,35.23051616148701,100.0
760,2,38.904105941012325,38.904105941012325,100.0
770,0,34.11190409692859,34.11190409692859,100.0
770,1,39.504303274010624,39.504303274010624,100.0
770,2,26.383792629060785,26.383792629060785,100.0
780,0,45.9202570353257,45.9202570353257,100.0
780,1,31.80588902010469,31.80588902010469,100.0
780,2,22.273853944569623,22.273853944569623,100.0
790,0,26.628557850870237,26.628557850870237,100.0
790,1,36.11336640323317,36.11336640323317,100.0
790,2,37.25807574589658,37.25807574589658,100.0
800,0,28.118682390956383,28.118682390956383,100.0
800,1,29.090628468560503,29.090628468560503,100.0
800,2,42.79068914048312,42.79068914048312,100.0
810,0,37.51586057446134,37.51586057446134,100.0
810,1,36.39176702987109,36.39176702987109,100.0
810,2,26.092372395667564,26.092372395667564,100.0
820,0,22.772812373513666,22.772812373513666,100.0
820,1,42.89217903034133,42.89217903034133,100.0
820,2,34.335008596145,34.335008596145,100.0
830,0,25.070298345433873,25.070298345433873,100.0
830,1,40.47234492391876,40.47234492391876,100.0
830,2,34.45735673064737,34.45735673064737,100.0
840,0,45.50933193571331,45.50933193571331,100.0
840,1,32.247782616338604,32.247782616338604,100.0
840,2,22.242885447948087,22.242885447948087,100.0
850,0,24.741993459664695,24.741993459664695,100.0
850,1,48.04116188206829,48.04116188206829,100.0
850,2,27.216844658267014,27.216844658267014,100.0
860,0,38.32720805067442,38.32720805067442,100.0
860,1,44.43278302532717,44.43278302532717,100.0
860,2,17.240008923998403,17.240008923998403,100.0
870,0,32.36534725801497,32.36534725801497,100.0
870,1,46.1433909906558,46.1433909906558,100.0
870,2,21.49126175132923,21.49126175132923,100.0
880,0,36.865632806246865,36.865632806246865,100.0
880,1,32.81143854993009,32.81143854993009,100.0
880,2,30.322928643823055,30.322928643823055,100.0
890,0,23.092705882186483,23.092705882186483,100.0
890,1,35.010535377729354,35.010535377729354,100.0
890,2,41.89675874008416,41.89675874008416,100.0
900,0,22.751884933328252,22.751884933328252,100.0
900,1,47.9735957162683,47.9735957162683,100.0
900,2,29.274519350403445,29.274519350403445,100.0
910,0,35.956921579445314,35.956921579445314,100.0
910,1,36.87860834977407,36.87860834977407,100.0
910,2,27.164470070780617,27.164470070780617,100.0
920,0,43.27579338462437,43.27579338462437,100.0
920,1,28.002313227620046,28.002313227620046,100.0
920,2,28.721893387755575,28.721893387755575,100.0
930,0,39.659067452682194,39.659067452682194,100.0
930,1,39.2926163333518,39.2926163333518,100.0
930,2,21.048316213966014,21.048316213966014,100.0
940,0,21.08467055296207,21.08467055296207,100.0
940,1,44.25248602664894,44.25248602664894,100.0
940,2,34.662843420388995,34.662843420388995,100.0
950,0,41.10810331720835,41.10810331720835,100.0
950,1,26.387101864190203,26.387101864190203,100.0
950,2,32.504794818601454,32.504794818601454,100.0
960,0,46.169891054726286,46.169891054726286,100.0
960,1,34.13306489485678,34.13306489485678,100.0
960,2,19.69704405041693,19.69704405041693,100.0
970,0,42.94103721626493,42.94103721626493,100.0
970,1,33.670931589827966,33.670931589827966,100.0
970,2,23.388031193907096,23.388031193907096,100.0
980,0,25.331025629478273,25.331025629478273,100.0
980,1,27.221724887976485,27.221724887976485,100.0
980,2,47.44724948254524,47.44724948254524,100.0
990,0,31.140314959633663,31.140314959633663,100.0
990,1,47.262931166822206,47.262931166822206,100.0
990,2,21.596753873544138,21.596753873544138,100.0
1000,0,23.499088464362714,23.499088464362714,100.0
1000,1,44.22832080061829,44.22832080061829,100.0
1000,2,32.272590735019,32.272590735019,100.0
1010,0,45.89188448043948,45.89188448043948,100.0
1010,1,31.23013170866701,31.23013170866701,100.0
1010,2,22.877983810893504,22.877983810893504,100.0
1020,0,30.32566199579613,30.32566199579613,100.0
1020,1,30.193849618853445,30.193849618853445,100.0
1020,2,39.480488385350434,39.480488385350434,100.0
1030,0,34.22507609083748,34.22507609083748,100.0
1030,1,43.132793501954495,43.132793501954495,100.0
1030,2,22.642130407208015,22.642130407208015,100.0
1040,0,22.32023180377861,22.32023180377861,100.0
1040,1,41.845055881742475,41.845055881742475,100.0
1040,2,35.834712314478914,35.834712314478914,100.0
1050,0,48.65721331483294,48.65721331483294,100.0
1050,1,31.06518572747457,31.06518572747457,100.0
1050,2,20.27760095769248,20.27760095769248,100.0
1060,0,40.03837604690839,40.03837604690839,100.0
1060,1,34.861096716095815,34.861096716095815,100.0
1060,2,25.100527236995784,25.100527236995784,100.0
1070,0,31.978243427779756,31.978243427779756,100.0
1070,1,48.62040954801109,48.62040954801109,100.0
1070,2,19.401347024209166,19.401347024209166,100.0
1080,0,25.966946188615488,25.966946188615488,100.0
1080,1,53.30538764476371,53.30538764476371,100.0
1080,2,20.727666166620807,20.727666166620807,100.0
1090,0,26.50875398121608,26.50875398121608,100.0
1090,1,28.347583731637236,28.347583731637236,100.0
1090,2,45.14366228714669,45.14366228714669,100.0
1100,0,22.36258112504962,22.36258112504962,100.0
1100,1,54.74630861081309,54.74630861081309,100.0
1100,2,22.89111026413729,22.89111026413729,100.0
1110,0,27.35524019337918,27.35524019337918,100.0
1110,1,51.625403303166465,51.625403303166465,100.0
1110,2,21.01935650345435,21.01935650345435,100.0
1120,0,28.762629512064187,28.762629512064187,100.0
1120,1,33.20410308793269,33.20410308793269,100.0
1120,2,38.03326740000314,38.03326740000314,100.0
1130,0,28.17398075205438,28.17398075205438,100.0
1130,1,43.39740217720065,43.39740217720065,100.0
1130,2,28.428617070744984,28.428617070744984,100.0
1140,0,32.65860784911961,32.65860784911961,100.0
1140,1,44.431421264393585,44.431421264393585,100.0
1140,2,22.90997088648681,22.90997088648681,100.0
1150,0,33.23282812921041,33.23282812921041,100.0
1150,1,39.55522044817196,39.55522044817196,100.0
1150,2,27.21195142261763,27.21195142261763,100.0
1160,0,35.60997494655711,35.60997494655711,100.0
1160,1,42.703301274461836,42.703301274461836,100.0
1160,2,21.686723778981055,21.686723778981055,100.0
1170,0,33.42356665308639,33.42356665308639,100.0
1170,1,34.07091902179374,34.07091902179374,100.0
1170,2,32.50551432511987,32.50551432511987,100.0
1180,0,22.711266559132863,22.711266559132863,100.0
1180,1,47.950571990143324,47.950571990143324,100.0
1180,2,29.338161450723817,29.338161450723817,100.0
1190,0,26.316989360905808,26.316989360905808,100.0
1190,1,53.485745355208515,53.485745355208515,100.0
1190,2,20.197265283885677,20.197265283885677,100.0
1200,0,22.643048571444872,22.643048571444872,100.0
1200,1,44.37088333587012,44.37088333587012,100.0
1200,2,32.986068092685,32.986068092685,100.0
1210,0,23.64441309289247,23.64441309289247,100.0
1210,1,54.26929486587342,54.26929486587342,100.0
1210,2,22.08629204123411,22.08629204123411,100.0
1220,0,36.16828553975859,36.16828553975859,100.0
1220,1,44.87637246154491,44.87637246154491,100.0
1220,2,18.9553419986965,18.9553419986965,100.0
1230,0,40.54333831886221,40.54333831886221,100.0
1230,1,30.82082952219184,30.82082952219184,100.0
1230,2,28.635832158945952,28.635832158945952,100.0
1240,0,32.84256361368045,32.84256361368045,100.0
1240,1,42.32256627882355,42.32256627882355,100.0
1240,2,24.834870107496,24.834870107496,100.0
1250,0,38.01839223462136,38.01839223462136,100.0
1250,1,40.71716220493749,40.71716220493749,100.0
1250,2,21.264445560441153,21.264445560441153,100.0
1260,0,25.55728239825404,25.55728239825404,100.0
1260,1,38.331769213212716,38.331769213212716,100.0
1260,2,36.110948388533245,36.110948388533245,100.0
1270,0,30.608506829049613,30.608506829049613,100.0
1270,1,49.471534048976096,49.471534048976096,100.0
1270,2,19.919959121974294,19.919959121974294,100.0
1280,0,24.09479910762834,24.09479910762834,100.0
1280,1,51.29671714328392,51.29671714328392,100.0
1280,2,24.608483749087743,24.608483749087743,100.0
1290,0,22.574041322262694,22.574041322262694,100.0
1290,1,47.934240296585784,47.934240296585784,100.0
1290,2,29.49171838115152,29.49171838115152,100.0
1300,0,37.273982055958385,37.273982055958385,100.0
1300,1,29.99811794954906,29.99811794954906,100.0
1300,2,32.72789999449256,32.72789999449256,100.0
1310,0,37.736955444957296,37.736955444957296,100.0
1310,1,25.650161636976897,25.650161636976897,100.0
1310,2,36.612882918065814,36.612882918065814,100.0
1320,0,24.744401998788966,24.744401998788966,100.0
1320,1,40.535295986603174,40.535295986603174,100.0
1320,2,34.72030201460787,34.72030201460787,100.0
1330,0,43.599373564257476,43.599373564257476,100.0
1330,1,29.35231658600633,29.35231658600633,100.0
1330,2,27.048309849736203,27.048309849736203,100.0
1340,0,22.07682091567916,22.07682091567916,100.0
1340,1,37.06223058939522,37.06223058939522,100.0
1340,2,40.86094849492562,40.86094849492562,100.0
1350,0,26.549273444521603,26.549273444521603,100.0
1350,1,44.07819764007318,44.07819764007318,100.0
1350,2,29.372528915405226,29.372528915405226,100.0
1360,0,24.011176657224613,24.011176657224613,100.0
1360,1,54.04045652947423,54.04045652947423,100.0
1360,2,21.948366813301163,21.948366813301163,100.0
1370,0,23.369639428821,23.369639428821,100.0
1370,1,54.92749102426716,54.92749102426716,100.0
1370,2,21.702869546911842,21.702869546911842,100.0
1380,0,22.85624412266703,22.85624412266703,100.0
1380,1,54.28283551236244,54.28283551236244,100.0
1380,2,22.860920364970532,22.860920364970532,100.0
1390,0,23.18052474682793,23.18052474682793,100.0
1390,1,55.659168805332925,55.659168805332925,100.0
1390,2,21.16030644783915,21.16030644783915,100.0
1400,0,24.153414311637185,24.153414311637185,100.0
1400,1,50.28286107001827,50.28286107001827,100.0
1400,2,25.56372461834455,25.56372461834455,100.0
1410,0,33.809004817446365,33.809004817446365,100.0
1410,1,43.19251308754306,43.19251308754306,100.0
1410,2,22.998482095010583,22.998482095010583,100.0
1420,0,30.910173408183194,30.910173408183194,100.0
1420,1,50.890075116987646,50.890075116987646,100.0
1420,2,18.199751474829167,18.199751474829167,100.0
1430,0,32.3092764879272,32.3092764879272,100.0
1430,1,37.41082120708336,37.41082120708336,100.0
1430,2,30.27990230498944,30.27990230498944,100.0
1440,0,26.027338884762486,26.027338884762486,100.0
1440,1,47.23748484177306,47.23748484177306,100.0
1440,2,26.735176273464468,26.735176273464468,100.0
1450,0,35.097494019420715,35.097494019420715,100.0
1450,1,34.05862101352489,34.05862101352489,100.0
1450,2,30.843884967054393,30.843884967054393,100.0
1460,0,34.63406905032429,34.63406905032429,100.0
1460,1,46.37951815640399,46.37951815640399,100.0
1460,2,18.986412793271718,18.986412793271718,100.0
1470,0,30.760789195780337,30.760789195780337,100.0
1470,1,48.109815095708015,48.109815095708015,100.0
1470,2,21.129395708511655,21.129395708511655,100.0
1480,0,27.095775460944495,27.095775460944495,100.0
1480,1,51.62326406231349,51.62326406231349,100.0
1480,2,21.28096047674201,21.28096047674201,100.0
1490,0,30.58293035112285,30.58293035112285,100.0
1490,1,33.92364043815674,33.92364043815674,100.0
1490,2,35.493429210720414,35.493429210720414,100.0
1500,0,47.625225817166175,47.625225817166175,100.0
1500,1,26.684061164051435,26.684061164051435,100.0
1500,2,25.69071301878239,25.69071301878239,100.0
