timestamp,sliceId,dedicatedPRB,minPRB,maxPRB
510,0,40.979039852125275,40.979039852125275,100.0
510,1,35.0260720773658,35.0260720773658,100.0
510,2,23.994888070508928,23.994888070508928,100.0
520,0,34.15183736611286,34.15183736611286,100.0
520,1,38.34242827782951,38.34242827782951,100.0
520,2,27.50573435605763,27.50573435605763,100.0
530,0,26.599482219094035,26.599482219094035,100.0
530,1,37.037702236167014,37.037702236167014,100.0
530,2,36.36281554473896,36.36281554473896,100.0
540,0,23.8669401879606,23.8669401879606,100.0
540,1,45.669079318515436,45.669079318515436,100.0
540,2,30.46398049352397,30.46398049352397,100.0
550,0,35.38380135347199,35.38380135347199,100.0
550,1,35.43691812446434,35.43691812446434,100.0
550,2,29.179280522063667,29.179280522063667,100.0
560,0,33.97909060389055,33.97909060389055,100.0
560,1,32.46799233798323,32.46799233798323,100.0
560,2,33.55291705812622,33.55291705812622,100.0
570,0,27.65959389946794,27.65959389946794,100.0
570,1,33.592061720615376,33.592061720615376,100.0
570,2,38.74834437991669,38.74834437991669,100.0
580,0,40.245252963206404,40.245252963206404,100.0
580,1,35.71859569276209,35.71859569276209,100.0
580,2,24.036151344031513,24.036151344031513,100.0
590,0,42.43313069787208,42.43313069787208,100.0
590,1,27.330902548820045,27.330902548820045,100.0
590,2,30.23596675330788,30.23596675330788,100.0
600,0,34.74549778402939,34.74549778402939,100.0
600,1,35.43918039446373,35.43918039446373,100.0
600,2,29.815321821506878,29.815321821506878,100.0
610,0,32.94318250899108,32.94318250899108,100.0
610,1,35.07149084266875,35.07149084266875,100.0
610,2,31.985326648340173,31.985326648340173,100.0
620,0,43.716604403045814,43.716604403045814,100.0
620,1,23.791717187737778,23.791717187737778,100.0
620,2,32.491678409216405,32.491678409216405,100.0
630,0,45.99038410535913,45.99038410535913,100.0
630,1,30.303900941747653,30.303900941747653,100.0
630,2,23.70571495289322,23.70571495289322,100.0
640,0,24.638952186413015,24.638952186413015,100.0
640,1,42.26639004410856,42.26639004410856,100.0
640,2,33.094657769478424,33.094657769478424,100.0
650,0,37.460304996486485,37.460304996486485,100.0
650,1,43.155742673211726,43.155742673211726,100.0
650,2,19.38395233030179,19.38395233030179,100.0
660,0,45.338481052077896,45.338481052077896,100.0
660,1,35.719534332521384,35.719534332521384,100.0
660,2,18.941984615400713,18.941984615400713,100.0
670,0,32.524448623477404,32.524448623477404,100.0
670,1,40.63901667634507,40.63901667634507,100.0
670,2,26.836534700177534,26.836534700177534,100.0
680,0,34.95663457168327,34.95663457168327,100.0
680,1,32.469511374433104,32.469511374433104,100.0
680,2,32.573854053883636,32.573854053883636,100.0
690,0,38.92321935217169,38.92321935217169,100.0
690,1,34.92217474883634,34.92217474883634,100.0
690,2,26.154605898991974,26.154605898991974,100.0
700,0,40.05935669531824,40.05935669531824,100.0
700,1,34.51185590212172,34.51185590212172,100.0
700,2,25.428787402560033,25.428787402560033,100.0
710,0,34.881318759994805,34.881318759994805,100.0
710,1,35.884321054936095,35.884321054936095,100.0
710,2,29.234360185069097,29.234360185069097,100.0
720,0,30.23993431711091,30.23993431711091,100.0
720,1,31.61234602926541,31.61234602926541,100.0
720,2,38.14771965362369,38.14771965362369,100.0
730,0,32.75804539582855,32.75804539582855,100.0
730,1,31.39286646965256,31.39286646965256,100.0
730,2,35.8490881345189,35.8490881345189,100.0
740,0,45.387049680010264,45.387049680010264,100.0
740,1,31.062443659862783,31.062443659862783,100.0
740,2,23.55050666012696,23.55050666012696,100.0
750,0,38.15447311395549,38.15447311395549,100.0
750,1,33.15350674263624,33.15350674263624,100.0
750,2,28.692020143408275,28.692020143408275,100.0
760,0,29.67271493198994,29.67271493198994,100.0
760,1,37.25540756556741,37.25540756556741,100.0
760,2,33.071877502442646,33.071877502442646,100.0
770,0,30.712449455542277,30.712449455542277,100.0
770,1,33.22451978077169,33.22451978077169,100.0
770,2,36.06303076368604,36.06303076368604,100.0
780,0,26.19478954206954,26.19478954206954,100.0
780,1,40.95118857372112,40.95118857372112,100.0
780,2,32.85402188420933,32.85402188420933,100.0
790,0,26.78722853120138,26.78722853120138,100.0
790,1,45.19543285917491,45.19543285917491,100.0
790,2,28.017338609623714,28.017338609623714,100.0
800,0,30.680971176672156,30.680971176672156,100.0
800,1,42.67005917638943,42.67005917638943,100.0
800,2,26.648969646938415,26.648969646938415,100.0
810,0,48.8718653549548,48.8718653549548,100.0
810,1,28.679821425581785,28.679821425581785,100.0
810,2,22.448313219463426,22.448313219463426,100.0
820,0,26.88823100557457,26.88823100557457,100.0
820,1,29.395242413869443,29.395242413869443,100.0
820,2,43.716526580556,43.716526580556,100.0
830,0,22.755027649498537,22.755027649498537,100.0
830,1,57.707155121112905,57.707155121112905,100.0
830,2,19.537817229388548,19.537817229388548,100.0
840,0,44.648041067618195,44.648041067618195,100.0
840,1,32.18396355972967,32.18396355972967,100.0
840,2,23.16799537265214,23.16799537265214,100.0
850,0,37.134365179843684,37.134365179843684,100.0
850,1,29.048716618078707,29.048716618078707,100.0
850,2,33.81691820207761,33.81691820207761,100.0
860,0,28.40557249738298,28.40557249738298,100.0
860,1,30.726408356481542,30.726408356481542,100.0
860,2,40.86801914613549,40.86801914613549,100.0
870,0,24.856642633037506,24.856642633037506,100.0
870,1,56.339283267962,56.339283267962,100.0
870,2,18.804074099000488,18.804074099000488,100.0
880,0,43.78398350571655,43.78398350571655,100.0
880,1,29.721071003502463,29.721071003502463,100.0
880,2,26.494945490780985,26.494945490780985,100.0
890,0,28.928869415473002,28.928869415473002,100.0
890,1,48.583866854540254,48.583866854540254,100.0
890,2,22.487263729986743,22.487263729986743,100.0
900,0,42.07628978129551,42.07628978129551,100.0
900,1,36.13486732926585,36.13486732926585,100.0
900,2,21.788842889438644,21.788842889438644,100.0
910,0,25.081285221849136,25.081285221849136,100.0
910,1,52.542359915731375,52.542359915731375,100.0
910,2,22.3763548624195,22.3763548624195,100.0
920,0,38.87401600615459,38.87401600615459,100.0
920,1,31.915322524430017,31.915322524430017,100.0
920,2,29.2106614694154,29.2106614694154,100.0
930,0,28.688604238120384,28.688604238120384,100.0
930,1,48.414691743144225,48.414691743144225,100.0
930,2,22.896704018735388,22.896704018735388,100.0
940,0,32.24677039239503,32.24677039239503,100.0
940,1,31.41787099325074,31.41787099325074,100.0
940,2,36.33535861435423,36.33535861435423,100.0
950,0,22.26734282803215,22.26734282803215,100.0
950,1,57.74714519795875,57.74714519795875,100.0
950,2,19.98551197400911,19.98551197400911,100.0
960,0,28.286367786087762,28.286367786087762,100.0
960,1,37.495956007293614,37.495956007293614,100.0
960,2,34.21767620661863,34.21767620661863,100.0
970,0,29.43335130574357,29.43335130574357,100.0
970,1,51.63530244534906,51.63530244534906,100.0
970,2,18.931346248907367,18.931346248907367,100.0
980,0,35.613482299845614,35.613482299845614,100.0
980,1,26.084802953046093,26.084802953046093,100.0
980,2,38.3017147471083,38.3017147471083,100.0
990,0,33.48252125247285,33.48252125247285,100.0
990,1,35.24324378569425,35.24324378569425,100.0
990,2,31.274234961832903,31.274234961832903,100.0
1000,0,23.402357566232663,23.402357566232663,100.0
1000,1,52.64593014986493,52.64593014986493,100.0
1000,2,23.951712283902417,23.951712283902417,100.0
1010,0,39.25432164868886,39.25432164868886,100.0
1010,1,28.54050031418303,28.54050031418303,100.0
1010,2,32.205178037128114,32.205178037128114,100.0
1020,0,25.24804084012239,25.24804084012239,100.0
1020,1,55.65235583756256,55.65235583756256,100.0
1020,2,19.09960332231505,19.09960332231505,100.0
1030,0,42.853596380698036,42.853596380698036,100.0
1030,1,24.7862838762859,24.7862838762859,100.0
1030,2,32.360119743016064,32.360119743016064,100.0
1040,0,22.73830246526294,22.73830246526294,100.0
1040,1,48.898512078405055,48.898512078405055,100.0
1040,2,28.363185456332,28.363185456332,100.0
1050,0,40.1106433235566,40.1106433235566,100.0
1050,1,40.11598598256919,40.11598598256919,100.0
1050,2,19.7733706938742,19.7733706938742,100.0
1060,0,25.893561444989714,25.893561444989714,100.0
1060,1,29.82540681536258,29.82540681536258,100.0
1060,2,44.28103173964771,44.28103173964771,100.0
1070,0,27.583451364729083,27.583451364729083,100.0
1070,1,51.801427897342634,51.801427897342634,100.0
1070,2,20.615120737928276,20.615120737928276,100.0
1080,0,28.014738174649896,28.014738174649896,100.0
1080,1,25.709680731900274,25.709680731900274,100.0
1080,2,46.275581093449844,46.275581093449844,100.0
1090,0,25.26394289600248,25.26394289600248,100.0
1090,1,53.53950827634036,53.53950827634036,100.0
1090,2,21.196548827657168,21.196548827657168,100.0
1100,0,40.8191173755882,40.8191173755882,100.0
1100,1,32.510998883390705,32.510998883390705,100.0
1100,2,26.669883741021106,26.669883741021106,100.0
1110,0,33.02018447554613,33.02018447554613,100.0
1110,1,39.555472345430026,39.555472345430026,100.0
1110,2,27.424343179023847,27.424343179023847,100.0
1120,0,26.044666586953692,26.044666586953692,100.0
1120,1,52.372718397064425,52.372718397064425,100.0
1120,2,21.5826150159819,21.5826150159819,100.0
1130,0,35.765537479061784,35.765537479061784,100.0
1130,1,37.59930118712087,37.59930118712087,100.0
1130,2,26.635161333817347,26.635161333817347,100.0
1140,0,35.81398851309602,35.81398851309602,100.0
1140,1,44.55917223998328,44.55917223998328,100.0
1140,2,19.626839246920696,19.626839246920696,100.0
1150,0,33.242341422934985,33.242341422934985,100.0
1150,1,40.35046632684781,40.35046632684781,100.0
1150,2,26.407192250217204,26.407192250217204,100.0
1160,0,27.583424264721856,27.583424264721856,100.0
1160,1,39.92961207986081,39.92961207986081,100.0
1160,2,32.486963655417334,32.486963655417334,100.0
1170,0,42.86698128575799,42.86698128575799,100.0
1170,1,32.08209594055386,32.08209594055386,100.0
1170,2,25.05092277368815,25.05092277368815,100.0
1180,0,38.90043466560891,38.90043466560891,100.0
1180,1,33.470861160622874,33.470861160622874,100.0
1180,2,27.62870417376822,27.62870417376822,100.0
1190,0,30.50692221643188,30.50692221643188,100.0
1190,1,33.94421339716994,33.94421339716994,100.0
1190,2,35.548864386398186,35.548864386398186,100.0
1200,0,29.309856421197043,29.309856421197043,100.0
1200,1,43.67562135073256,43.67562135073256,100.0
1200,2,27.01452222807039,27.01452222807039,100.0
1210,0,45.44974433469301,45.44974433469301,100.0
1210,1,31.56088115354955,31.56088115354955,100.0
1210,2,22.98937451175744,22.98937451175744,100.0
1220,0,36.22054251893928,36.22054251893928,100.0
1220,1,28.33294937234243,28.33294937234243,100.0
1220,2,35.44650810871829,35.44650810871829,100.0
1230,0,46.8194709387144,46.8194709387144,100.0
1230,1,31.603512879836583,31.603512879836583,100.0
1230,2,21.57701618144901,21.57701618144901,100.0
1240,0,32.8897721657901,32.8897721657901,100.0
1240,1,25.258204952843887,25.258204952843887,100.0
1240,2,41.85202288136601,41.85202288136601,100.0
1250,0,33.48546408888436,33.48546408888436,100.0
1250,1,34.944449275416844,34.944449275416844,100.0
1250,2,31.57008663569879,31.57008663569879,100.0
1260,0,28.586919250018074,28.586919250018074,100.0
1260,1,49.95617518971329,49.95617518971329,100.0
1260,2,21.45690556026864,21.45690556026864,100.0
1270,0,32.197544791773055,32.197544791773055,100.0
1270,1,48.86538005641444,48.86538005641444,100.0
1270,2,18.937075151812497,18.937075151812497,100.0
1280,0,22.518661609770245,22.518661609770245,100.0
1280,1,48.40347486356867,48.40347486356867,100.0
1280,2,29.077863526661083,29.077863526661083,100.0
1290,0,24.365468656470142,24.365468656470142,100.0
1290,1,39.319944351241396,39.319944351241396,100.0
1290,2,36.31458699228846,36.31458699228846,100.0
1300,0,26.25669847961143,26.25669847961143,100.0
1300,1,45.36071475608692,45.36071475608692,100.0
1300,2,28.382586764301653,28.382586764301653,100.0
1310,0,35.902208930334126,35.902208930334126,100.0
1310,1,36.75969790726709,36.75969790726709,100.0
1310,2,27.338093162398792,27.338093162398792,100.0
1320,0,22.692968312600094,22.692968312600094,100.0
1320,1,49.146939555672986,49.146939555672986,100.0
1320,2,28.16009213172692,28.16009213172692,100.0
1330,0,27.012486082152066,27.012486082152066,100.0
1330,1,46.23976700993733,46.23976700993733,100.0
1330,2,26.747746907910614,26.747746907910614,100.0
1340,0,38.652930802459466,38.652930802459466,100.0
1340,1,41.79938429033911,41.79938429033911,100.0
1340,2,19.547684907201425,19.547684907201425,100.0
1350,0,40.545076187856345,40.545076187856345,100.0
1350,1,33.28244160866177,33.28244160866177,100.0
1350,2,26.172482203481884,26.172482203481884,100.0
1360,0,42.18806711953646,42.18806711953646,100.0
1360,1,31.773930152467788,31.773930152467788,100.0
1360,2,26.038002727995764,26.038002727995764,100.0
1370,0,30.43006437838345,30.43006437838345,100.0
1370,1,48.245886135993196,48.245886135993196,100.0
1370,2,21.32404948562336,21.32404948562336,100.0
1380,0,37.177477742635,37.177477742635,100.0
1380,1,37.543740642362835,37.543740642362835,100.0
1380,2,25.27878161500216,25.27878161500216,100.0
1390,0,23.97308298149069,23.97308298149069,100.0
1390,1,36.09927486248441,36.09927486248441,100.0
1390,2,39.9276421560249,39.9276421560249,100.0
1400,0,33.0489269135603,33.0489269135603,100.0
1400,1,31.136325658003084,31.136325658003084,100.0
1400,2,35.81474742843662,35.81474742843662,100.0
1410,0,38.82278277844944,38.82278277844944,100.0
1410,1,36.059776937521,36.059776937521,100.0
1410,2,25.117440284029563,25.117440284029563,100.0
1420,0,38.14319770740977,38.14319770740977,100.0
1420,1,37.92780465462846,37.92780465462846,100.0
1420,2,23.928997637961775,23.928997637961775,100.0
1430,0,24.001601264627972,24.001601264627972,100.0
1430,1,42.169372655863874,42.169372655863874,100.0
1430,2,33.829026079508154,33.829026079508154,100.0
1440,0,32.92925151789432,32.92925151789432,100.0
1440,1,29.366621159433592,29.366621159433592,100.0
1440,2,37.704127322672086,37.704127322672086,100.0
1450,0,28.680852973049433,28.680852973049433,100.0
1450,1,40.66636307472571,40.66636307472571,100.0
1450,2,30.65278395222486,30.65278395222486,100.0
1460,0,35.9801206143119,35.9801206143119,100.0
1460,1,36.78885314816712,36.78885314816712,100.0
1460,2,27.23102623752098,27.23102623752098,100.0
1470,0,27.69895418803243,27.69895418803243,100.0
1470,1,38.561233088932426,38.561233088932426,100.0
1470,2,33.73981272303514,33.73981272303514,100.0
1480,0,36.37537245744629,36.37537245744629,100.0
1480,1,41.089001596968835,41.089001596968835,100.0
1480,2,22.53562594558488,22.53562594558488,100.0
1490,0,27.776672145345305,27.776672145345305,100.0
1490,1,47.07596818558804,47.07596818558804,100.0
1490,2,25.14735966906666,25.14735966906666,100.0
1500,0,28.09539761612626,28.09539761612626,100.0
1500,1,29.273553067785503,29.273553067785503,100.0
1500,2,42.63104931608825,42.63104931608825,100.0
