timestamp,ueImsi,sliceId,dTxBytes,dRxBytes,plr,resourceSharePct,dLostPackets,throughputMbps,bufferBytes
1510,1,0,18336,0,100.00,31.66,12,0.0000,1660163
1510,2,0,18336,3056,83.33,31.66,10,2.4448,1454037
1510,3,0,18336,4584,75.00,31.66,9,3.6672,1119366
1510,4,0,18336,0,100.00,31.66,12,0.0000,1210636
1510,5,0,18336,0,100.00,31.66,12,0.0000,1668823
1510,6,1,390,390,0.00,45.00,0,0.3120,87
1510,7,1,390,0,100.00,45.00,5,0.0000,4122
1510,8,1,390,390,0.00,45.00,0,0.3120,87
1510,9,1,390,468,0.00,45.00,0,0.3744,169
1510,10,1,390,0,100.00,45.00,5,0.0000,333
1510,11,2,384,256,33.33,23.34,1,0.2048,42
1510,12,2,384,256,33.33,23.34,1,0.2048,137
1510,13,2,384,256,33.33,23.34,1,0.2048,137
1510,14,2,384,256,33.33,23.34,1,0.2048,137
1510,15,2,384,256,33.33,23.34,1,0.2048,97
1510,16,2,384,0,100.00,23.34,3,0.0000,1815
1510,17,2,384,256,33.33,23.34,1,0.2048,137
1510,18,2,384,0,100.00,23.34,3,0.0000,338
1510,19,2,384,256,33.33,23.34,1,0.2048,137
1510,20,2,384,256,33.33,23.34,1,0.2048,137
