timestamp,sliceId,dedicatedPRB,minPRB,maxPRB
510,0,31.041978205707238,31.041978205707238,100.0
510,1,39.21535668879523,39.21535668879523,100.0
510,2,29.74266510549754,29.74266510549754,100.0
520,0,30.14411531102964,30.14411531102964,100.0
520,1,36.410184804081545,36.410184804081545,100.0
520,2,33.44569988488881,33.44569988488881,100.0
530,0,37.35561718787942,37.35561718787942,100.0
530,1,40.485206243575846,40.485206243575846,100.0
530,2,22.15917656854474,22.15917656854474,100.0
540,0,22.183568598112718,22.183568598112718,100.0
540,1,42.96830059722454,42.96830059722454,100.0
540,2,34.84813080466274,34.84813080466274,100.0
550,0,25.73530494328399,25.73530494328399,100.0
550,1,28.660055186632537,28.660055186632537,100.0
550,2,45.604639870083474,45.604639870083474,100.0
560,0,21.808762056418036,21.808762056418036,100.0
560,1,54.725044310903634,54.725044310903634,100.0
560,2,23.466193632678333,23.466193632678333,100.0
570,0,31.05100245983025,31.05100245983025,100.0
570,1,31.982727309569132,31.982727309569132,100.0
570,2,36.96627023060062,36.96627023060062,100.0
