timestamp,ueImsi,sliceId,dTxBytes,dRxBytes,plr,resourceSharePct,dLostPackets,throughputMbps,bufferBytes
850,1,0,25976,1528,94.12,36.90,16,1.2224,808859
850,2,0,25976,1528,94.12,36.90,16,1.2224,808937
850,3,0,25976,1528,94.12,36.90,16,1.2224,808703
850,4,0,25976,1528,94.12,36.90,16,1.2224,808714
850,5,0,25976,1528,94.12,36.90,16,1.2224,808688
850,6,1,390,468,0.00,38.39,0,0.3744,87
850,7,1,390,468,0.00,38.39,0,0.3744,87
850,8,1,390,468,0.00,38.39,0,0.3744,87
850,9,1,390,468,0.00,38.39,0,0.3744,87
850,10,1,390,468,0.00,38.39,0,0.3744,87
850,11,2,16000,1024,93.60,24.70,117,0.8192,538519
850,12,2,16000,1024,93.60,24.70,117,0.8192,538518
850,13,2,16000,1024,93.60,24.70,117,0.8192,538512
850,14,2,16000,1152,92.80,24.70,116,0.9216,538395
850,15,2,16000,1152,92.80,24.70,116,0.9216,538599
850,16,2,16000,1152,92.80,24.70,116,0.9216,538616
850,17,2,16000,1152,92.80,24.70,116,0.9216,538461
850,18,2,16000,1152,92.80,24.70,116,0.9216,538605
850,19,2,16000,1152,92.80,24.70,116,0.9216,538488
850,20,2,16000,1152,92.80,24.70,116,0.9216,538486
