timestamp,ueImsi,sliceId,dTxBytes,dRxBytes,plr,resourceSharePct,dLostPackets,throughputMbps,bufferBytes
1510,1,0,35144,29032,17.39,28.36,4,23.2256,89480
1510,2,0,35144,16808,52.17,28.36,12,13.4464,1453879
1510,3,1,1014,936,7.69,45.05,1,0.7488,87
1510,4,1,1014,1014,0.00,45.05,0,0.8112,87
1510,5,2,256,0,100.00,26.59,2,0.0000,137
1510,6,2,256,256,0.00,26.59,0,0.2048,137
1510,7,2,256,256,0.00,26.59,0,0.2048,137
1510,8,2,256,0,100.00,26.59,2,0.0000,137
1510,9,2,256,0,100.00,26.59,2,0.0000,137
1510,10,2,256,256,0.00,26.59,0,0.2048,137
