timestamp,sliceId,dedicatedPRB,minPRB,maxPRB
510,0,46.397138976756644,46.397138976756644,100.0
510,1,28.80899580049576,28.80899580049576,100.0
510,2,24.79386522274759,24.79386522274759,100.0
520,0,26.426528787996123,26.426528787996123,100.0
520,1,33.0541691761456,33.0541691761456,100.0
520,2,40.51930203585829,40.51930203585829,100.0
530,0,50.67115298571123,50.67115298571123,100.0
530,1,28.334693320544492,28.334693320544492,100.0
530,2,20.994153693744284,20.994153693744284,100.0
540,0,32.52064475479172,32.52064475479172,100.0
540,1,46.583399918777985,46.583399918777985,100.0
540,2,20.895955326430293,20.895955326430293,100.0
550,0,47.755431969058485,47.755431969058485,100.0
550,1,29.498280114377053,29.498280114377053,100.0
550,2,22.746287916564466,22.746287916564466,100.0
560,0,35.921763314814854,35.921763314814854,100.0
560,1,26.44977601624564,26.44977601624564,100.0
560,2,37.62846066893952,37.62846066893952,100.0
570,0,42.701982351820455,42.701982351820455,100.0
570,1,30.29693705923966,30.29693705923966,100.0
570,2,27.001080588939885,27.001080588939885,100.0
580,0,38.761334923619565,38.761334923619565,100.0
580,1,26.60582278196708,26.60582278196708,100.0
580,2,34.63284229441336,34.63284229441336,100.0
590,0,23.962116934037965,23.962116934037965,100.0
590,1,44.70082493681054,44.70082493681054,100.0
590,2,31.3370581291515,31.3370581291515,100.0
600,0,49.738290696800235,49.738290696800235,100.0
600,1,28.895746480732136,28.895746480732136,100.0
600,2,21.36596282246763,21.36596282246763,100.0
610,0,29.44320414834451,29.44320414834451,100.0
610,1,26.40355103119844,26.40355103119844,100.0
610,2,44.15324482045705,44.15324482045705,100.0
620,0,28.555909020833713,28.555909020833713,100.0
620,1,41.493478235693146,41.493478235693146,100.0
620,2,29.950612743473133,29.950612743473133,100.0
630,0,50.13282816290805,50.13282816290805,100.0
630,1,28.850655098235293,28.850655098235293,100.0
630,2,21.016516738856662,21.016516738856662,100.0
640,0,46.910829390256545,46.910829390256545,100.0
640,1,25.580112828355904,25.580112828355904,100.0
640,2,27.509057781387565,27.509057781387565,100.0
650,0,45.929573401745785,45.929573401745785,100.0
650,1,31.9803663053352,31.9803663053352,100.0
650,2,22.09006029291902,22.09006029291902,100.0
660,0,46.06657105193796,46.06657105193796,100.0
660,1,30.724958189236435,30.724958189236435,100.0
660,2,23.208470758825605,23.208470758825605,100.0
670,0,39.20663295441895,39.20663295441895,100.0
670,1,40.578970348502494,40.578970348502494,100.0
670,2,20.214396697078556,20.214396697078556,100.0
680,0,25.88454909657567,25.88454909657567,100.0
680,1,32.1672868398888,32.1672868398888,100.0
680,2,41.94816406353553,41.94816406353553,100.0
690,0,36.83095356749478,36.83095356749478,100.0
690,1,31.84934549289177,31.84934549289177,100.0
690,2,31.319700939613444,31.319700939613444,100.0
700,0,45.94362246037286,45.94362246037286,100.0
700,1,28.12302267662052,28.12302267662052,100.0
700,2,25.93335486300663,25.93335486300663,100.0
710,0,26.41069905148028,26.41069905148028,100.0
710,1,33.38311481176035,33.38311481176035,100.0
710,2,40.20618613675937,40.20618613675937,100.0
720,0,21.003002544661776,21.003002544661776,100.0
720,1,47.06482830142878,47.06482830142878,100.0
720,2,31.93216915390944,31.93216915390944,100.0
730,0,25.052424754699366,25.052424754699366,100.0
730,1,34.26306358191145,34.26306358191145,100.0
730,2,40.68451166338919,40.68451166338919,100.0
740,0,38.967593696554644,38.967593696554644,100.0
740,1,37.783679379866776,37.783679379866776,100.0
740,2,23.248726923578584,23.248726923578584,100.0
750,0,35.77217702579778,35.77217702579778,100.0
750,1,37.63775980902081,37.63775980902081,100.0
750,2,26.59006316518142,26.59006316518142,100.0
760,0,44.96078516390687,44.96078516390687,100.0
760,1,29.15592649846696,29.15592649846696,100.0
760,2,25.88328833762617,25.88328833762617,100.0
770,0,41.96440939839374,41.96440939839374,100.0
770,1,27.89477715823011,27.89477715823011,100.0
770,2,30.140813443376143,30.140813443376143,100.0
780,0,37.087177266254606,37.087177266254606,100.0
780,1,28.52647452094592,28.52647452094592,100.0
780,2,34.38634821279948,34.38634821279948,100.0
790,0,28.644498555637004,28.644498555637004,100.0
790,1,40.817012580205905,40.817012580205905,100.0
790,2,30.538488864157088,30.538488864157088,100.0
800,0,36.52382932936305,36.52382932936305,100.0
800,1,27.214794017898647,27.214794017898647,100.0
800,2,36.2613766527383,36.2613766527383,100.0
810,0,22.489556810483876,22.489556810483876,100.0
810,1,43.99956521697636,43.99956521697636,100.0
810,2,33.51087797253977,33.51087797253977,100.0
820,0,25.045885363513314,25.045885363513314,100.0
820,1,42.7491277613562,42.7491277613562,100.0
820,2,32.204986875130494,32.204986875130494,100.0
830,0,43.997761838562866,43.997761838562866,100.0
830,1,37.193038226219365,37.193038226219365,100.0
830,2,18.809199935217773,18.809199935217773,100.0
840,0,46.200445483756035,46.200445483756035,100.0
840,1,27.66467995096701,27.66467995096701,100.0
840,2,26.134874565276956,26.134874565276956,100.0
850,0,26.018922525651337,26.018922525651337,100.0
850,1,51.416873414295154,51.416873414295154,100.0
850,2,22.564204060053513,22.564204060053513,100.0
860,0,37.72364657650755,37.72364657650755,100.0
860,1,37.86817815172696,37.86817815172696,100.0
860,2,24.408175271765487,24.408175271765487,100.0
870,0,37.8702662977105,37.8702662977105,100.0
870,1,24.227240418289796,24.227240418289796,100.0
870,2,37.9024932839997,37.9024932839997,100.0
880,0,43.96979346945231,43.96979346945231,100.0
880,1,32.03916175535346,32.03916175535346,100.0
880,2,23.991044775194233,23.991044775194233,100.0
890,0,51.32195696552224,51.32195696552224,100.0
890,1,26.128730783917355,26.128730783917355,100.0
890,2,22.549312250560412,22.549312250560412,100.0
900,0,35.56359697626505,35.56359697626505,100.0
900,1,38.27705920552146,38.27705920552146,100.0
900,2,26.1593438182135,26.1593438182135,100.0
910,0,32.50377735597719,32.50377735597719,100.0
910,1,29.07101302278401,29.07101302278401,100.0
910,2,38.4252096212388,38.4252096212388,100.0
920,0,47.41804900455448,47.41804900455448,100.0
920,1,33.09343791678958,33.09343791678958,100.0
920,2,19.488513078655938,19.488513078655938,100.0
930,0,41.37207892961066,41.37207892961066,100.0
930,1,29.753894615191612,29.753894615191612,100.0
930,2,28.874026455197725,28.874026455197725,100.0
940,0,26.647623832233023,26.647623832233023,100.0
940,1,40.122062411047565,40.122062411047565,100.0
940,2,33.23031375671941,33.23031375671941,100.0
950,0,42.51313416107342,42.51313416107342,100.0
950,1,28.853422169294678,28.853422169294678,100.0
950,2,28.63344366963191,28.63344366963191,100.0
960,0,32.191755197879004,32.191755197879004,100.0
960,1,44.32142011204567,44.32142011204567,100.0
960,2,23.48682469007532,23.48682469007532,100.0
970,0,47.34089691582982,47.34089691582982,100.0
970,1,28.974317877135686,28.974317877135686,100.0
970,2,23.684785207034494,23.684785207034494,100.0
980,0,41.68939256033847,41.68939256033847,100.0
980,1,39.47382882595987,39.47382882595987,100.0
980,2,18.836778613701668,18.836778613701668,100.0
990,0,29.336122390845453,29.336122390845453,100.0
990,1,34.44365339369403,34.44365339369403,100.0
990,2,36.220224215460526,36.220224215460526,100.0
1000,0,28.555879172603937,28.555879172603937,100.0
1000,1,32.87663292669478,32.87663292669478,100.0
1000,2,38.56748790070128,38.56748790070128,100.0
1010,0,42.852958098950836,42.852958098950836,100.0
1010,1,27.327557782168764,27.327557782168764,100.0
1010,2,29.819484118880403,29.819484118880403,100.0
1020,0,41.701242199069846,41.701242199069846,100.0
1020,1,27.51155061487143,27.51155061487143,100.0
1020,2,30.787207186058723,30.787207186058723,100.0
1030,0,29.130759214988235,29.130759214988235,100.0
1030,1,46.90363339006593,46.90363339006593,100.0
1030,2,23.965607394945838,23.965607394945838,100.0
1040,0,40.24801011908041,40.24801011908041,100.0
1040,1,27.669688931952063,27.669688931952063,100.0
1040,2,32.08230094896752,32.08230094896752,100.0
1050,0,25.145720541476614,25.145720541476614,100.0
1050,1,38.48537839595859,38.48537839595859,100.0
1050,2,36.368901062564795,36.368901062564795,100.0
1060,0,40.26451869054116,40.26451869054116,100.0
1060,1,32.01702088556494,32.01702088556494,100.0
1060,2,27.718460423893905,27.718460423893905,100.0
1070,0,34.04692486502811,34.04692486502811,100.0
1070,1,38.41513100470086,38.41513100470086,100.0
1070,2,27.53794413027103,27.53794413027103,100.0
1080,0,43.14930630304018,43.14930630304018,100.0
1080,1,35.30416523634118,35.30416523634118,100.0
1080,2,21.546528460618646,21.546528460618646,100.0
1090,0,34.090710622507984,34.090710622507984,100.0
1090,1,32.03558845431451,32.03558845431451,100.0
1090,2,33.87370092317751,33.87370092317751,100.0
1100,0,38.42212021761569,38.42212021761569,100.0
1100,1,41.55295749751552,41.55295749751552,100.0
1100,2,20.02492228486879,20.02492228486879,100.0
1110,0,32.73364445674745,32.73364445674745,100.0
1110,1,28.445506021864865,28.445506021864865,100.0
1110,2,38.82084952138769,38.82084952138769,100.0
1120,0,22.25021760236344,22.25021760236344,100.0
1120,1,44.689774553524636,44.689774553524636,100.0
1120,2,33.06000784411193,33.06000784411193,100.0
1130,0,29.968835110774872,29.968835110774872,100.0
1130,1,49.03303516900594,49.03303516900594,100.0
1130,2,20.99812972021919,20.99812972021919,100.0
1140,0,30.388939627735358,30.388939627735358,100.0
1140,1,34.3621390696436,34.3621390696436,100.0
1140,2,35.24892130262105,35.24892130262105,100.0
1150,0,37.104508553427316,37.104508553427316,100.0
1150,1,40.29496035026129,40.29496035026129,100.0
1150,2,22.600531096311407,22.600531096311407,100.0
1160,0,35.479586356037,35.479586356037,100.0
1160,1,41.421992894713746,41.421992894713746,100.0
1160,2,23.09842074924926,23.09842074924926,100.0
1170,0,27.374566705080372,27.374566705080372,100.0
1170,1,43.39026881707443,43.39026881707443,100.0
1170,2,29.235164477845192,29.235164477845192,100.0
1180,0,41.5489851154144,41.5489851154144,100.0
1180,1,34.41819150759504,34.41819150759504,100.0
1180,2,24.03282337699056,24.03282337699056,100.0
1190,0,48.42930918011966,48.42930918011966,100.0
1190,1,26.200620533946516,26.200620533946516,100.0
1190,2,25.37007028593382,25.37007028593382,100.0
1200,0,23.73877052634586,23.73877052634586,100.0
1200,1,30.951958741693076,30.951958741693076,100.0
1200,2,45.30927073196107,45.30927073196107,100.0
1210,0,25.742882826603164,25.742882826603164,100.0
1210,1,51.36580666102266,51.36580666102266,100.0
1210,2,22.891310512374172,22.891310512374172,100.0
1220,0,33.71860507993316,33.71860507993316,100.0
1220,1,45.660933337598294,45.660933337598294,100.0
1220,2,20.620461582468547,20.620461582468547,100.0
1230,0,28.02106047509765,28.02106047509765,100.0
1230,1,29.03144549323997,29.03144549323997,100.0
1230,2,42.94749403166238,42.94749403166238,100.0
1240,0,24.34384203391878,24.34384203391878,100.0
1240,1,48.20868387468541,48.20868387468541,100.0
1240,2,27.447474091395808,27.447474091395808,100.0
1250,0,40.98409786088771,40.98409786088771,100.0
1250,1,40.745923717309765,40.745923717309765,100.0
1250,2,18.269978421802534,18.269978421802534,100.0
1260,0,30.696567707861394,30.696567707861394,100.0
1260,1,42.36546228509507,42.36546228509507,100.0
1260,2,26.93797000704354,26.93797000704354,100.0
1270,0,33.76866259553631,33.76866259553631,100.0
1270,1,27.513980325306413,27.513980325306413,100.0
1270,2,38.71735707915727,38.71735707915727,100.0
1280,0,32.33651460558328,32.33651460558328,100.0
1280,1,33.073006953876906,33.073006953876906,100.0
1280,2,34.59047844053981,34.59047844053981,100.0
1290,0,46.320324386270784,46.320324386270784,100.0
1290,1,26.475264153215903,26.475264153215903,100.0
1290,2,27.204411460513313,27.204411460513313,100.0
1300,0,42.950473298130156,42.950473298130156,100.0
1300,1,31.376307635870216,31.376307635870216,100.0
1300,2,25.673219065999625,25.673219065999625,100.0
1310,0,34.44157687743644,34.44157687743644,100.0
1310,1,37.915588102168115,37.915588102168115,100.0
1310,2,27.642835020395434,27.642835020395434,100.0
1320,0,33.726926377088475,33.726926377088475,100.0
1320,1,37.34348012545598,37.34348012545598,100.0
1320,2,28.929593497455546,28.929593497455546,100.0
1330,0,35.266332022406495,35.266332022406495,100.0
1330,1,36.17082815617711,36.17082815617711,100.0
1330,2,28.562839821416397,28.562839821416397,100.0
1340,0,33.62881067381623,33.62881067381623,100.0
1340,1,32.0044754799332,32.0044754799332,100.0
1340,2,34.366713846250576,34.366713846250576,100.0
1350,0,44.91428873243638,44.91428873243638,100.0
1350,1,33.40364794396774,33.40364794396774,100.0
1350,2,21.682063323595877,21.682063323595877,100.0
1360,0,32.834790790112564,32.834790790112564,100.0
1360,1,34.27953236088278,34.27953236088278,100.0
1360,2,32.88567684900465,32.88567684900465,100.0
1370,0,26.875590853386843,26.875590853386843,100.0
1370,1,45.92295396412062,45.92295396412062,100.0
1370,2,27.201455182492534,27.201455182492534,100.0
1380,0,52.25861685356378,52.25861685356378,100.0
1380,1,26.851897047692862,26.851897047692862,100.0
1380,2,20.88948609874336,20.88948609874336,100.0
1390,0,46.368071619321704,46.368071619321704,100.0
1390,1,33.987422050726934,33.987422050726934,100.0
1390,2,19.644506329951362,19.644506329951362,100.0
1400,0,24.381502419554486,24.381502419554486,100.0
1400,1,43.213645494143336,43.213645494143336,100.0
1400,2,32.404852086302185,32.404852086302185,100.0
1410,0,31.11575163232958,31.11575163232958,100.0
1410,1,36.2223994676825,36.2223994676825,100.0
1410,2,32.66184889998793,32.66184889998793,100.0
1420,0,27.986734281535043,27.986734281535043,100.0
1420,1,38.65492672337827,38.65492672337827,100.0
1420,2,33.35833899508668,33.35833899508668,100.0
1430,0,39.12755489897579,39.12755489897579,100.0
1430,1,31.13172285292258,31.13172285292258,100.0
1430,2,29.740722248101637,29.740722248101637,100.0
1440,0,29.82726046422044,29.82726046422044,100.0
1440,1,47.647567150580144,47.647567150580144,100.0
1440,2,22.525172385199415,22.525172385199415,100.0
1450,0,51.00677974414801,51.00677974414801,100.0
1450,1,28.550153857020966,28.550153857020966,100.0
1450,2,20.44306639883102,20.44306639883102,100.0
1460,0,32.80450653041515,32.80450653041515,100.0
1460,1,31.67134925465135,31.67134925465135,100.0
1460,2,35.52414421493349,35.52414421493349,100.0
1470,0,43.26758236327339,43.26758236327339,100.0
1470,1,30.304149803657943,30.304149803657943,100.0
1470,2,26.42826783306868,26.42826783306868,100.0
1480,0,30.432551547425433,30.432551547425433,100.0
1480,1,49.2123834439549,49.2123834439549,100.0
1480,2,20.355065008619672,20.355065008619672,100.0
1490,0,30.44633348667553,30.44633348667553,100.0
1490,1,34.98153430090409,34.98153430090409,100.0
1490,2,34.57213221242038,34.57213221242038,100.0
1500,0,24.324302400390117,24.324302400390117,100.0
1500,1,27.751164035441683,27.751164035441683,100.0
1500,2,47.9245335641682,47.9245335641682,100.0
