timestamp,ueImsi,sliceId,dTxBytes,dRxBytes,plr,resourceSharePct,dLostPackets,throughputMbps,bufferBytes
560,1,0,24448,1528,93.75,24.01,15,1.2224,136943
560,2,0,24448,1528,93.75,24.01,15,1.2224,136952
560,3,0,24448,1528,93.75,24.01,15,1.2224,137029
560,4,0,24448,1528,93.75,24.01,15,1.2224,136923
560,5,0,24448,1528,93.75,24.01,15,1.2224,136916
560,6,1,780,624,20.00,38.28,2,0.4992,87
560,7,1,780,624,20.00,38.28,2,0.4992,87
560,8,1,780,624,20.00,38.28,2,0.4992,87
560,9,1,780,624,20.00,38.28,2,0.4992,87
560,10,1,780,624,20.00,38.28,2,0.4992,87
560,11,2,16000,768,95.20,37.71,119,0.6144,91242
560,12,2,16000,768,95.20,37.71,119,0.6144,91242
560,13,2,16000,768,95.20,37.71,119,0.6144,91250
560,14,2,16000,768,95.20,37.71,119,0.6144,91250
560,15,2,16000,768,95.20,37.71,119,0.6144,91316
560,16,2,16000,896,94.40,37.71,118,0.7168,91233
560,17,2,16000,896,94.40,37.71,118,0.7168,91241
560,18,2,16000,896,94.40,37.71,118,0.7168,91241
560,19,2,16000,896,94.40,37.71,118,0.7168,91231
560,20,2,16000,896,94.40,37.71,118,0.7168,91231
