timestamp,sliceId,dedicatedPRB,minPRB,maxPRB
510,0,40.13864264998103,40.13864264998103,100.0
510,1,32.981342266050234,32.981342266050234,100.0
510,2,26.88001508396874,26.88001508396874,100.0
520,0,36.6890927875641,36.6890927875641,100.0
520,1,27.329823391589674,27.329823391589674,100.0
520,2,35.98108382084623,35.98108382084623,100.0
530,0,37.705640873335255,37.705640873335255,100.0
530,1,43.86338764976726,43.86338764976726,100.0
530,2,18.430971476897486,18.430971476897486,100.0
540,0,31.658602748737074,31.658602748737074,100.0
540,1,42.41449422872665,42.41449422872665,100.0
540,2,25.926903022536273,25.926903022536273,100.0
550,0,50.56650510145153,50.56650510145153,100.0
550,1,30.71737906445978,30.71737906445978,100.0
550,2,18.716115834088694,18.716115834088694,100.0
560,0,27.900975960580993,27.900975960580993,100.0
560,1,39.96811252735928,39.96811252735928,100.0
560,2,32.130911512059726,32.130911512059726,100.0
570,0,23.92699875223283,23.92699875223283,100.0
570,1,44.8057395711781,44.8057395711781,100.0
570,2,31.267261676589065,31.267261676589065,100.0
580,0,24.35965747453942,24.35965747453942,100.0
580,1,41.381787654117,41.381787654117,100.0
580,2,34.25855487134359,34.25855487134359,100.0
590,0,26.330474268149562,26.330474268149562,100.0
590,1,30.069478779197002,30.069478779197002,100.0
590,2,43.600046952653436,43.600046952653436,100.0
600,0,25.720639169126652,25.720639169126652,100.0
600,1,44.917505720564634,44.917505720564634,100.0
600,2,29.36185511030871,29.36185511030871,100.0
610,0,39.339612134050796,39.339612134050796,100.0
610,1,37.373742400613516,37.373742400613516,100.0
610,2,23.28664546533568,23.28664546533568,100.0
620,0,49.305486677077845,49.305486677077845,100.0
620,1,27.448107392882882,27.448107392882882,100.0
620,2,23.24640593003927,23.24640593003927,100.0
630,0,21.34884967504672,21.34884967504672,100.0
630,1,43.46452540410113,43.46452540410113,100.0
630,2,35.186624920852154,35.186624920852154,100.0
640,0,38.53978943734164,38.53978943734164,100.0
640,1,39.58638786758687,39.58638786758687,100.0
640,2,21.873822695071492,21.873822695071492,100.0
650,0,26.652834534081887,26.652834534081887,100.0
650,1,52.665462802469484,52.665462802469484,100.0
650,2,20.681702663448625,20.681702663448625,100.0
660,0,27.677398846819223,27.677398846819223,100.0
660,1,52.33031828505344,52.33031828505344,100.0
660,2,19.992282868127347,19.992282868127347,100.0
670,0,26.82039558231829,26.82039558231829,100.0
670,1,39.07293913627691,39.07293913627691,100.0
670,2,34.106665281404815,34.106665281404815,100.0
680,0,33.93384306028746,33.93384306028746,100.0
680,1,28.69540295367301,28.69540295367301,100.0
680,2,37.37075398603954,37.37075398603954,100.0
690,0,37.22151277898394,37.22151277898394,100.0
690,1,39.595245006021294,39.595245006021294,100.0
690,2,23.18324221499476,23.18324221499476,100.0
700,0,34.400900618589105,34.400900618589105,100.0
700,1,46.06299449459125,46.06299449459125,100.0
700,2,19.53610488681965,19.53610488681965,100.0
710,0,31.164943497882092,31.164943497882092,100.0
710,1,43.67866124908083,43.67866124908083,100.0
710,2,25.156395253037083,25.156395253037083,100.0
720,0,46.34748860295691,46.34748860295691,100.0
720,1,31.322818609689147,31.322818609689147,100.0
720,2,22.329692787353945,22.329692787353945,100.0
730,0,34.56275230288952,34.56275230288952,100.0
730,1,41.47133792794111,41.47133792794111,100.0
730,2,23.965909769169365,23.965909769169365,100.0
740,0,37.97345756758469,37.97345756758469,100.0
740,1,29.46706209903664,29.46706209903664,100.0
740,2,32.55948033337867,32.55948033337867,100.0
750,0,25.845047377178442,25.845047377178442,100.0
750,1,37.32692586205373,37.32692586205373,100.0
750,2,36.82802676076783,36.82802676076783,100.0
760,0,34.231905829658025,34.231905829658025,100.0
760,1,34.46549470707131,34.46549470707131,100.0
760,2,31.302599463270663,31.302599463270663,100.0
770,0,26.493027876653013,26.493027876653013,100.0
770,1,40.344460750599985,40.344460750599985,100.0
770,2,33.162511372747005,33.162511372747005,100.0
780,0,32.28827559718832,32.28827559718832,100.0
780,1,36.26075191808641,36.26075191808641,100.0
780,2,31.450972484725277,31.450972484725277,100.0
790,0,39.72211724949158,39.72211724949158,100.0
790,1,33.12293273299688,33.12293273299688,100.0
790,2,27.15495001751154,27.15495001751154,100.0
800,0,31.668164151964746,31.668164151964746,100.0
800,1,35.42746290350344,35.42746290350344,100.0
800,2,32.90437294453182,32.90437294453182,100.0
810,0,30.51967980652297,30.51967980652297,100.0
810,1,48.23594582279866,48.23594582279866,100.0
810,2,21.244374370678365,21.244374370678365,100.0
820,0,34.08508659438548,34.08508659438548,100.0
820,1,44.6167744128382,44.6167744128382,100.0
820,2,21.298138992776313,21.298138992776313,100.0
830,0,23.58923983429509,23.58923983429509,100.0
830,1,55.498614630659915,55.498614630659915,100.0
830,2,20.912145535044996,20.912145535044996,100.0
840,0,53.714959759491,53.714959759491,100.0
840,1,26.402589490259754,26.402589490259754,100.0
840,2,19.882450750249248,19.882450750249248,100.0
850,0,24.543701535202107,24.543701535202107,100.0
850,1,53.97099439783434,53.97099439783434,100.0
850,2,21.485304066963565,21.485304066963565,100.0
860,0,26.260332244041162,26.260332244041162,100.0
860,1,40.63515873465752,40.63515873465752,100.0
860,2,33.104509021301325,33.104509021301325,100.0
870,0,30.6648496460501,30.6648496460501,100.0
870,1,25.12889019810709,25.12889019810709,100.0
870,2,44.20626015584281,44.20626015584281,100.0
880,0,39.40638291237424,39.40638291237424,100.0
880,1,42.93638574400144,42.93638574400144,100.0
880,2,17.657231343624318,17.657231343624318,100.0
890,0,27.251969877564285,27.251969877564285,100.0
890,1,39.7626488150338,39.7626488150338,100.0
890,2,32.985381307401916,32.985381307401916,100.0
900,0,29.556577990472295,29.556577990472295,100.0
900,1,39.50183414002569,39.50183414002569,100.0
900,2,30.941587869502023,30.941587869502023,100.0
910,0,42.09587589258924,42.09587589258924,100.0
910,1,37.752007918209394,37.752007918209394,100.0
910,2,20.152116189201365,20.152116189201365,100.0
920,0,36.92895612754267,36.92895612754267,100.0
920,1,36.98809522785433,36.98809522785433,100.0
920,2,26.08294864460301,26.08294864460301,100.0
930,0,36.07239285635953,36.07239285635953,100.0
930,1,29.05961129734509,29.05961129734509,100.0
930,2,34.86799584629539,34.86799584629539,100.0
940,0,35.126093927324945,35.126093927324945,100.0
940,1,34.34599036381291,34.34599036381291,100.0
940,2,30.527915708862146,30.527915708862146,100.0
950,0,48.34373220243753,48.34373220243753,100.0
950,1,27.303059686014592,27.303059686014592,100.0
950,2,24.35320811154788,24.35320811154788,100.0
960,0,30.699751266056026,30.699751266056026,100.0
960,1,32.79264806687085,32.79264806687085,100.0
960,2,36.50760066707312,36.50760066707312,100.0
970,0,26.827404278098893,26.827404278098893,100.0
970,1,42.38358110989538,42.38358110989538,100.0
970,2,30.789014612005726,30.789014612005726,100.0
980,0,33.91759089712326,33.91759089712326,100.0
980,1,39.78459782149193,39.78459782149193,100.0
980,2,26.29781128138481,26.29781128138481,100.0
990,0,33.650302611760274,33.650302611760274,100.0
990,1,38.89983920948739,38.89983920948739,100.0
990,2,27.44985817875234,27.44985817875234,100.0
1000,0,39.105731157815114,39.105731157815114,100.0
1000,1,34.02814097097463,34.02814097097463,100.0
1000,2,26.866127871210253,26.866127871210253,100.0
1010,0,22.304084099327685,22.304084099327685,100.0
1010,1,49.82906306810983,49.82906306810983,100.0
1010,2,27.86685283256248,27.86685283256248,100.0
1020,0,24.656704118499345,24.656704118499345,100.0
1020,1,29.991748573717896,29.991748573717896,100.0
1020,2,45.35154730778276,45.35154730778276,100.0
1030,0,47.23842312825977,47.23842312825977,100.0
1030,1,33.73812016139734,33.73812016139734,100.0
1030,2,19.02345671034289,19.02345671034289,100.0
1040,0,31.812469070367673,31.812469070367673,100.0
1040,1,44.99731014003573,44.99731014003573,100.0
1040,2,23.19022078959661,23.19022078959661,100.0
1050,0,38.55633237775593,38.55633237775593,100.0
1050,1,33.89936786239202,33.89936786239202,100.0
1050,2,27.54429975985204,27.54429975985204,100.0
1060,0,26.643583371948548,26.643583371948548,100.0
1060,1,33.11096790201128,33.11096790201128,100.0
1060,2,40.24544872604018,40.24544872604018,100.0
1070,0,28.248444636688962,28.248444636688962,100.0
1070,1,29.4604473720223,29.4604473720223,100.0
1070,2,42.29110799128873,42.29110799128873,100.0
1080,0,39.51200682185601,39.51200682185601,100.0
1080,1,42.59898684285438,42.59898684285438,100.0
1080,2,17.889006335289608,17.889006335289608,100.0
1090,0,31.48665525460078,31.48665525460078,100.0
1090,1,32.749228819837185,32.749228819837185,100.0
1090,2,35.76411592556204,35.76411592556204,100.0
1100,0,26.82924626247135,26.82924626247135,100.0
1100,1,42.704934795969095,42.704934795969095,100.0
1100,2,30.465818941559554,30.465818941559554,100.0
1110,0,37.48668471222199,37.48668471222199,100.0
1110,1,27.257680479098983,27.257680479098983,100.0
1110,2,35.255634808679034,35.255634808679034,100.0
1120,0,49.85263524191622,49.85263524191622,100.0
1120,1,28.88562593072877,28.88562593072877,100.0
1120,2,21.26173882735501,21.26173882735501,100.0
1130,0,41.95146731247606,41.95146731247606,100.0
1130,1,25.626186308117703,25.626186308117703,100.0
1130,2,32.422346379406235,32.422346379406235,100.0
1140,0,44.921510181161906,44.921510181161906,100.0
1140,1,33.38218455264208,33.38218455264208,100.0
1140,2,21.69630526619602,21.69630526619602,100.0
1150,0,42.517132126133305,42.517132126133305,100.0
1150,1,38.06680540728307,38.06680540728307,100.0
1150,2,19.416062466583625,19.416062466583625,100.0
1160,0,35.588084469050926,35.588084469050926,100.0
1160,1,39.47016421091999,39.47016421091999,100.0
1160,2,24.94175132002908,24.94175132002908,100.0
1170,0,25.58139049762142,25.58139049762142,100.0
1170,1,39.27779439623959,39.27779439623959,100.0
1170,2,35.140815106138994,35.140815106138994,100.0
1180,0,33.105337148065864,33.105337148065864,100.0
1180,1,41.36637962576097,41.36637962576097,100.0
1180,2,25.52828322617316,25.52828322617316,100.0
1190,0,32.88765612212579,32.88765612212579,100.0
1190,1,31.256297752564233,31.256297752564233,100.0
1190,2,35.85604612530998,35.85604612530998,100.0
1200,0,40.10993554017016,40.10993554017016,100.0
1200,1,40.380242872758465,40.380242872758465,100.0
1200,2,19.50982158707138,19.50982158707138,100.0
1210,0,35.73742309685969,35.73742309685969,100.0
1210,1,39.01607549750544,39.01607549750544,100.0
1210,2,25.246501405634863,25.246501405634863,100.0
1220,0,52.28195425316707,52.28195425316707,100.0
1220,1,26.817309263111632,26.817309263111632,100.0
1220,2,20.90073648372129,20.90073648372129,100.0
1230,0,50.268311321762695,50.268311321762695,100.0
1230,1,31.120423074052006,31.120423074052006,100.0
1230,2,18.6112656041853,18.6112656041853,100.0
1240,0,24.151953701106777,24.151953701106777,100.0
1240,1,55.97527945795883,55.97527945795883,100.0
1240,2,19.872766840934396,19.872766840934396,100.0
1250,0,39.83235193593907,39.83235193593907,100.0
1250,1,31.296030938934074,31.296030938934074,100.0
1250,2,28.871617125126857,28.871617125126857,100.0
1260,0,30.717662763474156,30.717662763474156,100.0
1260,1,26.42131430849904,26.42131430849904,100.0
1260,2,42.861022928026806,42.861022928026806,100.0
1270,0,26.959611014656215,26.959611014656215,100.0
1270,1,30.9671945089318,30.9671945089318,100.0
1270,2,42.07319447641198,42.07319447641198,100.0
1280,0,45.1978281059596,45.1978281059596,100.0
1280,1,31.053383775843713,31.053383775843713,100.0
1280,2,23.74878811819668,23.74878811819668,100.0
1290,0,40.61382510868592,40.61382510868592,100.0
1290,1,40.58545957947787,40.58545957947787,100.0
1290,2,18.800715311836214,18.800715311836214,100.0
1300,0,28.473969527840975,28.473969527840975,100.0
1300,1,48.37062521558992,48.37062521558992,100.0
1300,2,23.155405256569107,23.155405256569107,100.0
1310,0,39.30831078647752,39.30831078647752,100.0
1310,1,25.292323932071387,25.292323932071387,100.0
1310,2,35.39936528145109,35.39936528145109,100.0
1320,0,32.15578546686116,32.15578546686116,100.0
1320,1,31.669934429464856,31.669934429464856,100.0
1320,2,36.174280103673986,36.174280103673986,100.0
1330,0,39.604623977334725,39.604623977334725,100.0
1330,1,30.345607083769416,30.345607083769416,100.0
1330,2,30.049768938895866,30.049768938895866,100.0
1340,0,26.219733707362757,26.219733707362757,100.0
1340,1,48.46992099850185,48.46992099850185,100.0
1340,2,25.310345294135395,25.310345294135395,100.0
1350,0,36.395763869616424,36.395763869616424,100.0
1350,1,25.513630427275437,25.513630427275437,100.0
1350,2,38.090605703108146,38.090605703108146,100.0
1360,0,44.55749811648876,44.55749811648876,100.0
1360,1,26.585676510918045,26.585676510918045,100.0
1360,2,28.8568253725932,28.8568253725932,100.0
1370,0,34.00278472314773,34.00278472314773,100.0
1370,1,33.90560026834555,33.90560026834555,100.0
1370,2,32.091615008506736,32.091615008506736,100.0
1380,0,49.56710631345972,49.56710631345972,100.0
1380,1,28.24321865488524,28.24321865488524,100.0
1380,2,22.189675031655042,22.189675031655042,100.0
1390,0,31.81058377764243,31.81058377764243,100.0
1390,1,35.09821309307524,35.09821309307524,100.0
1390,2,33.091203129282334,33.091203129282334,100.0
1400,0,24.305288902275706,24.305288902275706,100.0
1400,1,29.468526850283062,29.468526850283062,100.0
1400,2,46.226184247441246,46.226184247441246,100.0
1410,0,36.48465962354398,36.48465962354398,100.0
1410,1,24.796900426468323,24.796900426468323,100.0
1410,2,38.71843994998769,38.71843994998769,100.0
1420,0,22.989749423350123,22.989749423350123,100.0
1420,1,38.77784171704766,38.77784171704766,100.0
1420,2,38.232408859602224,38.232408859602224,100.0
1430,0,28.635661396590223,28.635661396590223,100.0
1430,1,45.70679516136636,45.70679516136636,100.0
1430,2,25.657543442043423,25.657543442043423,100.0
1440,0,24.65849470379145,24.65849470379145,100.0
1440,1,48.72419993115011,48.72419993115011,100.0
1440,2,26.617305365058435,26.617305365058435,100.0
1450,0,37.27315242323333,37.27315242323333,100.0
1450,1,34.62247638508275,34.62247638508275,100.0
1450,2,28.104371191683924,28.104371191683924,100.0
1460,0,23.29506179538832,23.29506179538832,100.0
1460,1,38.53531949649023,38.53531949649023,100.0
1460,2,38.169618708121455,38.169618708121455,100.0
1470,0,44.79484790352481,44.79484790352481,100.0
1470,1,27.501844855553603,27.501844855553603,100.0
1470,2,27.703307240921575,27.703307240921575,100.0
1480,0,36.64532102311225,36.64532102311225,100.0
1480,1,26.402690895186804,26.402690895186804,100.0
1480,2,36.95198808170094,36.95198808170094,100.0
1490,0,22.866044383941734,22.866044383941734,100.0
1490,1,38.725884827507926,38.725884827507926,100.0
1490,2,38.40807078855034,38.40807078855034,100.0
1500,0,32.73922174320648,32.73922174320648,100.0
1500,1,29.950235204470932,29.950235204470932,100.0
1500,2,37.310543052322586,37.310543052322586,100.0
