timestamp,ueImsi,sliceId,dTxBytes,dRxBytes,plr,resourceSharePct,dLostPackets,throughputMbps,bufferBytes
1510,1,0,18336,16808,8.33,44.00,1,13.4464,491
1510,2,0,18336,15280,16.67,44.00,2,12.2240,523250
1510,3,0,18336,16808,8.33,44.00,1,13.4464,163209
1510,4,0,18336,9168,50.00,44.00,6,7.3344,1035973
1510,5,0,18336,0,100.00,44.00,12,0.0000,1704865
1510,6,1,390,0,100.00,33.21,5,0.0000,169
1510,7,1,390,390,0.00,33.21,0,0.3120,87
1510,8,1,390,78,80.00,33.21,4,0.0624,333
1510,9,1,390,0,100.00,33.21,5,0.0000,87
1510,10,1,390,390,0.00,33.21,0,0.3120,87
1510,11,2,384,256,33.33,22.79,1,0.2048,28
1510,12,2,384,256,33.33,22.79,1,0.2048,137
1510,13,2,384,256,33.33,22.79,1,0.2048,137
1510,14,2,384,0,100.00,22.79,3,0.0000,1081
1510,15,2,384,256,33.33,22.79,1,0.2048,137
1510,16,2,384,256,33.33,22.79,1,0.2048,137
1510,17,2,384,0,100.00,22.79,3,0.0000,137
1510,18,2,384,0,100.00,22.79,3,0.0000,2615
1510,19,2,384,256,33.33,22.79,1,0.2048,137
1510,20,2,384,1024,0.00,22.79,0,0.8192,137
