timestamp,ueImsi,sliceId,dTxBytes,dRxBytes,plr,resourceSharePct,dLostPackets,throughputMbps,bufferBytes,dlBufferBytes,ulBufferBytes,macBufferBytes,congestionPct,lastDrlActionStatus
9900,1,0,128736,0,100.00,29.88,112,0.0000,1200005,56441,1200005,1256446,11.98,applied
9900,2,0,128736,103152,25.00,29.88,28,8.2522,1198669,55719,1198669,1254388,11.96,applied
9900,3,0,128736,216128,0.00,29.88,0,17.2902,1196853,55719,1196853,1252572,11.95,applied
9900,4,0,128736,0,100.00,29.88,112,0.0000,34,57069,34,57103,0.54,applied
9900,5,0,128736,0,100.00,29.88,112,0.0000,34,55787,34,55821,0.53,applied
9900,6,1,0,0,0.00,27.77,0,0.0000,34,0,34,34,0.00,applied
9900,7,1,0,0,0.00,27.77,0,0.0000,34,0,34,34,0.00,applied
9900,8,1,0,0,0.00,27.77,0,0.0000,34,0,34,34,0.00,applied
9900,9,1,0,0,0.00,27.77,0,0.0000,34,0,34,34,0.00,applied
9900,10,1,0,0,0.00,27.77,0,0.0000,34,0,34,34,0.00,applied
9900,11,1,0,0,0.00,27.77,0,0.0000,34,0,34,34,0.00,applied
9900,12,1,0,0,0.00,27.77,0,0.0000,34,0,34,34,0.00,applied
9900,13,1,0,0,0.00,27.77,0,0.0000,34,0,34,34,0.00,applied
9900,14,2,65200,0,100.00,42.35,50,0.0000,3578418,3578418,51,3578469,34.13,applied
9900,15,2,65200,0,100.00,42.35,50,0.0000,3578448,3578448,51,3578499,34.13,applied
9900,16,2,65200,940,90.00,42.35,45,0.0752,3578418,3578418,51,3578469,34.13,applied
9900,17,2,65200,0,100.00,42.35,50,0.0000,3580764,3580764,51,3580815,34.15,applied
9900,18,2,65200,0,100.00,42.35,50,0.0000,3578448,3578448,51,3578499,34.13,applied
