timestamp,ueImsi,sliceId,dTxBytes,dRxBytes,plr,resourceSharePct,dLostPackets,throughputMbps,bufferBytes
560,1,0,24448,4584,81.25,43.88,13,3.6672,123588
560,2,0,24448,4584,81.25,43.88,13,3.6672,123487
560,3,0,24448,4584,81.25,43.88,13,3.6672,123495
560,4,0,24448,4584,81.25,43.88,13,3.6672,123509
560,5,0,24448,4584,81.25,43.88,13,3.6672,123498
560,6,1,390,390,0.00,29.10,0,0.3120,87
560,7,1,390,390,0.00,29.10,0,0.3120,87
560,8,1,390,390,0.00,29.10,0,0.3120,87
560,9,1,390,390,0.00,29.10,0,0.3120,87
560,10,1,390,390,0.00,29.10,0,0.3120,87
560,11,2,16000,1152,92.80,27.02,116,0.9216,86927
560,12,2,16000,1280,92.00,27.02,115,1.0240,87008
560,13,2,16000,1152,92.80,27.02,116,0.9216,86936
560,14,2,16000,1408,91.20,27.02,114,1.1264,86987
560,15,2,16000,1408,91.20,27.02,114,1.1264,86980
560,16,2,16000,1280,92.00,27.02,115,1.0240,86976
560,17,2,16000,1280,92.00,27.02,115,1.0240,86979
560,18,2,16000,1152,92.80,27.02,116,0.9216,86934
560,19,2,16000,1280,92.00,27.02,115,1.0240,86979
560,20,2,16000,1408,91.20,27.02,114,1.1264,86993
