timestamp,ueImsi,sliceId,dTxBytes,dRxBytes,plr,resourceSharePct,dLostPackets,throughputMbps,bufferBytes
560,1,0,24448,1528,93.75,37.35,15,1.2224,135818
560,2,0,24448,1528,93.75,37.35,15,1.2224,135803
560,3,0,24448,1528,93.75,37.35,15,1.2224,135698
560,4,0,24448,1528,93.75,37.35,15,1.2224,135706
560,5,0,24448,1528,93.75,37.35,15,1.2224,135685
560,6,1,390,312,20.00,28.90,1,0.2496,169
560,7,1,390,312,20.00,28.90,1,0.2496,169
560,8,1,390,312,20.00,28.90,1,0.2496,169
560,9,1,390,312,20.00,28.90,1,0.2496,169
560,10,1,390,312,20.00,28.90,1,0.2496,169
560,11,2,16000,768,95.20,33.75,119,0.6144,90385
560,12,2,16000,896,94.40,33.75,118,0.7168,90393
560,13,2,16000,768,95.20,33.75,119,0.6144,90395
560,14,2,16000,768,95.20,33.75,119,0.6144,90411
560,15,2,16000,768,95.20,33.75,119,0.6144,90441
560,16,2,16000,768,95.20,33.75,119,0.6144,90449
560,17,2,16000,1408,91.20,33.75,114,1.1264,90458
560,18,2,16000,896,94.40,33.75,118,0.7168,90457
560,19,2,16000,768,95.20,33.75,119,0.6144,90469
560,20,2,16000,768,95.20,33.75,119,0.6144,90463
