timestamp,sliceId,dedicatedPRB,minPRB,maxPRB
510,0,39.493595400566456,39.493595400566456,100.0
510,1,34.81489103511226,34.81489103511226,100.0
510,2,25.691513564321284,25.691513564321284,100.0
520,0,36.480261801652794,36.480261801652794,100.0
520,1,26.488369770741688,26.488369770741688,100.0
520,2,37.03136842760553,37.03136842760553,100.0
530,0,33.94717630469387,33.94717630469387,100.0
530,1,44.70052786686253,44.70052786686253,100.0
530,2,21.35229582844361,21.35229582844361,100.0
540,0,36.03748618105808,36.03748618105808,100.0
540,1,29.07434287557124,29.07434287557124,100.0
540,2,34.88817094337069,34.88817094337069,100.0
550,0,38.73415766300218,38.73415766300218,100.0
550,1,31.08028307266537,31.08028307266537,100.0
550,2,30.18555926433245,30.18555926433245,100.0
560,0,35.19917566894037,35.19917566894037,100.0
560,1,26.05184402992157,26.05184402992157,100.0
560,2,38.74898030113807,38.74898030113807,100.0
570,0,31.55426239433403,31.55426239433403,100.0
570,1,40.804037086962666,40.804037086962666,100.0
570,2,27.64170051870331,27.64170051870331,100.0
580,0,30.09173637182173,30.09173637182173,100.0
580,1,49.007770345635464,49.007770345635464,100.0
580,2,20.900493282542804,20.900493282542804,100.0
590,0,24.44738613064807,24.44738613064807,100.0
590,1,43.97911939229084,43.97911939229084,100.0
590,2,31.573494477061093,31.573494477061093,100.0
600,0,39.166641387531,39.166641387531,100.0
600,1,26.648778701826515,26.648778701826515,100.0
600,2,34.18457991064249,34.18457991064249,100.0
610,0,24.598816120430712,24.598816120430712,100.0
610,1,42.48972554994878,42.48972554994878,100.0
610,2,32.911458329620515,32.911458329620515,100.0
620,0,30.479234787820918,30.479234787820918,100.0
620,1,36.83581870250047,36.83581870250047,100.0
620,2,32.68494650967861,32.68494650967861,100.0
630,0,23.81617522609795,23.81617522609795,100.0
630,1,29.846413792718053,29.846413792718053,100.0
630,2,46.337410981184,46.337410981184,100.0
640,0,47.54166980415202,47.54166980415202,100.0
640,1,29.376653518834097,29.376653518834097,100.0
640,2,23.081676677013885,23.081676677013885,100.0
650,0,31.682879269897946,31.682879269897946,100.0
650,1,25.981939400396147,25.981939400396147,100.0
650,2,42.335181329705904,42.335181329705904,100.0
660,0,41.12868620531968,41.12868620531968,100.0
660,1,32.80990367766292,32.80990367766292,100.0
660,2,26.0614101170174,26.0614101170174,100.0
670,0,37.41803806200602,37.41803806200602,100.0
670,1,32.372951955769366,32.372951955769366,100.0
670,2,30.20900998222461,30.20900998222461,100.0
680,0,36.74746771336581,36.74746771336581,100.0
680,1,34.500738964135394,34.500738964135394,100.0
680,2,28.7517933224988,28.7517933224988,100.0
690,0,25.8277253058053,25.8277253058053,100.0
690,1,35.34816006824403,35.34816006824403,100.0
690,2,38.82411462595068,38.82411462595068,100.0
700,0,33.28476096829696,33.28476096829696,100.0
700,1,30.988333530143315,30.988333530143315,100.0
700,2,35.72690550155973,35.72690550155973,100.0
710,0,32.34178762371938,32.34178762371938,100.0
710,1,31.02662093310453,31.02662093310453,100.0
710,2,36.6315914431761,36.6315914431761,100.0
720,0,41.6855971815816,41.6855971815816,100.0
720,1,29.095950654195757,29.095950654195757,100.0
720,2,29.21845216422264,29.21845216422264,100.0
730,0,51.32847881695297,51.32847881695297,100.0
730,1,26.914543840238448,26.914543840238448,100.0
730,2,21.75697734280858,21.75697734280858,100.0
740,0,35.07362077141221,35.07362077141221,100.0
740,1,27.178771745262587,27.178771745262587,100.0
740,2,37.747607483325204,37.747607483325204,100.0
750,0,47.81840905293269,47.81840905293269,100.0
750,1,33.73261688207451,33.73261688207451,100.0
750,2,18.44897406499281,18.44897406499281,100.0
760,0,25.763952509370604,25.763952509370604,100.0
760,1,39.67453472149529,39.67453472149529,100.0
760,2,34.56151276913411,34.56151276913411,100.0
770,0,32.34324319219408,32.34324319219408,100.0
770,1,35.78765459162418,35.78765459162418,100.0
770,2,31.869102216181734,31.869102216181734,100.0
780,0,47.15448692092422,47.15448692092422,100.0
780,1,29.770501208722333,29.770501208722333,100.0
780,2,23.07501187035345,23.07501187035345,100.0
790,0,37.08104191588888,37.08104191588888,100.0
790,1,29.06139248290135,29.06139248290135,100.0
790,2,33.85756560120978,33.85756560120978,100.0
800,0,30.820652549608262,30.820652549608262,100.0
800,1,44.46633880907683,44.46633880907683,100.0
800,2,24.7130086413149,24.7130086413149,100.0
810,0,37.6064439031803,37.6064439031803,100.0
810,1,41.48005191368552,41.48005191368552,100.0
810,2,20.913504183134172,20.913504183134172,100.0
820,0,32.36646619610907,32.36646619610907,100.0
820,1,32.176835613411114,32.176835613411114,100.0
820,2,35.456698190479806,35.456698190479806,100.0
830,0,26.969761484544364,26.969761484544364,100.0
830,1,49.94660049510769,49.94660049510769,100.0
830,2,23.08363802034794,23.08363802034794,100.0
840,0,39.04247654896535,39.04247654896535,100.0
840,1,32.88491004833987,32.88491004833987,100.0
840,2,28.072613402694778,28.072613402694778,100.0
850,0,34.29852762135045,34.29852762135045,100.0
850,1,31.281029795515487,31.281029795515487,100.0
850,2,34.42044258313406,34.42044258313406,100.0
860,0,28.916696394121043,28.916696394121043,100.0
860,1,27.774844051765022,27.774844051765022,100.0
860,2,43.30845955411393,43.30845955411393,100.0
870,0,33.09435129416005,33.09435129416005,100.0
870,1,35.05168611458094,35.05168611458094,100.0
870,2,31.853962591259013,31.853962591259013,100.0
880,0,27.794304793727104,27.794304793727104,100.0
880,1,33.65172526918425,33.65172526918425,100.0
880,2,38.55396993708865,38.55396993708865,100.0
890,0,37.25278045943274,37.25278045943274,100.0
890,1,25.661461268883638,25.661461268883638,100.0
890,2,37.08575827168363,37.08575827168363,100.0
900,0,45.31533904499635,45.31533904499635,100.0
900,1,30.168209572211847,30.168209572211847,100.0
900,2,24.516451382791814,24.516451382791814,100.0
910,0,35.80584248777668,35.80584248777668,100.0
910,1,27.142004854833885,27.142004854833885,100.0
910,2,37.052152657389435,37.052152657389435,100.0
920,0,43.190373647922584,43.190373647922584,100.0
920,1,34.7965238436536,34.7965238436536,100.0
920,2,22.013102508423803,22.013102508423803,100.0
930,0,25.09762782518955,25.09762782518955,100.0
930,1,32.26772210788829,32.26772210788829,100.0
930,2,42.63465006692216,42.63465006692216,100.0
940,0,28.914146238056667,28.914146238056667,100.0
940,1,29.925588872589564,29.925588872589564,100.0
940,2,41.16026488935377,41.16026488935377,100.0
950,0,41.267385598293934,41.267385598293934,100.0
950,1,32.54834095404192,32.54834095404192,100.0
950,2,26.18427344766414,26.18427344766414,100.0
960,0,23.394015190570805,23.394015190570805,100.0
960,1,38.455329060077595,38.455329060077595,100.0
960,2,38.15065574935159,38.15065574935159,100.0
970,0,40.54365561664285,40.54365561664285,100.0
970,1,31.516737762542498,31.516737762542498,100.0
970,2,27.939606620814654,27.939606620814654,100.0
980,0,35.14150048286788,35.14150048286788,100.0
980,1,35.88531805469283,35.88531805469283,100.0
980,2,28.973181462439296,28.973181462439296,100.0
990,0,42.813896687074255,42.813896687074255,100.0
990,1,39.392453243664214,39.392453243664214,100.0
990,2,17.79365006926154,17.79365006926154,100.0
1000,0,39.15908346991023,39.15908346991023,100.0
1000,1,27.89918525542548,27.89918525542548,100.0
1000,2,32.9417312746643,32.9417312746643,100.0
1010,0,37.71092775290467,37.71092775290467,100.0
1010,1,30.367188967201148,30.367188967201148,100.0
1010,2,31.921883279894185,31.921883279894185,100.0
1020,0,46.32457269545578,46.32457269545578,100.0
1020,1,29.58234881118209,29.58234881118209,100.0
1020,2,24.09307849336213,24.09307849336213,100.0
1030,0,36.89298272698303,36.89298272698303,100.0
1030,1,25.896908394266905,25.896908394266905,100.0
1030,2,37.21010887875006,37.21010887875006,100.0
1040,0,30.128807375567945,30.128807375567945,100.0
1040,1,25.82718552761677,25.82718552761677,100.0
1040,2,44.044007096815285,44.044007096815285,100.0
1050,0,45.91162464533131,45.91162464533131,100.0
1050,1,28.903152515410348,28.903152515410348,100.0
1050,2,25.185222839258348,25.185222839258348,100.0
1060,0,35.3712208473504,35.3712208473504,100.0
1060,1,35.48787790010003,35.48787790010003,100.0
1060,2,29.14090125254957,29.14090125254957,100.0
1070,0,38.91843820839586,38.91843820839586,100.0
1070,1,28.51868689527919,28.51868689527919,100.0
1070,2,32.56287489632495,32.56287489632495,100.0
1080,0,23.98071736536926,23.98071736536926,100.0
1080,1,44.91807667881372,44.91807667881372,100.0
1080,2,31.101205955817022,31.101205955817022,100.0
1090,0,24.168981737363847,24.168981737363847,100.0
1090,1,44.224361519829756,44.224361519829756,100.0
1090,2,31.606656742806393,31.606656742806393,100.0
1100,0,43.3234274211322,43.3234274211322,100.0
1100,1,26.185804773240097,26.185804773240097,100.0
1100,2,30.490767805627712,30.490767805627712,100.0
1110,0,41.04954953545253,41.04954953545253,100.0
1110,1,25.10170497286811,25.10170497286811,100.0
1110,2,33.84874549167937,33.84874549167937,100.0
1120,0,33.09359501161812,33.09359501161812,100.0
1120,1,35.8399592981945,35.8399592981945,100.0
1120,2,31.066445690187372,31.066445690187372,100.0
1130,0,31.32598365269808,31.32598365269808,100.0
1130,1,29.235475697495524,29.235475697495524,100.0
1130,2,39.4385406498064,39.4385406498064,100.0
1140,0,38.42668788219925,38.42668788219925,100.0
1140,1,33.57544186390676,33.57544186390676,100.0
1140,2,27.997870253893975,27.997870253893975,100.0
1150,0,37.511073705671485,37.511073705671485,100.0
1150,1,38.11441074337579,38.11441074337579,100.0
1150,2,24.374515550952726,24.374515550952726,100.0
1160,0,46.64063025081897,46.64063025081897,100.0
1160,1,26.15375264765619,26.15375264765619,100.0
1160,2,27.205617101524837,27.205617101524837,100.0
1170,0,25.567733112338942,25.567733112338942,100.0
1170,1,47.06040397462537,47.06040397462537,100.0
1170,2,27.3718629130357,27.3718629130357,100.0
1180,0,28.736335205014786,28.736335205014786,100.0
1180,1,51.749529770790645,51.749529770790645,100.0
1180,2,19.514135024194555,19.514135024194555,100.0
1190,0,21.55635169122814,21.55635169122814,100.0
1190,1,42.69897476619852,42.69897476619852,100.0
1190,2,35.74467354257334,35.74467354257334,100.0
1200,0,22.961378036281708,22.961378036281708,100.0
1200,1,52.52097174783159,52.52097174783159,100.0
1200,2,24.5176502158867,24.5176502158867,100.0
1210,0,37.67541274612071,37.67541274612071,100.0
1210,1,35.71734170044923,35.71734170044923,100.0
1210,2,26.607245553430058,26.607245553430058,100.0
1220,0,29.04409922010875,29.04409922010875,100.0
1220,1,34.56470982888696,34.56470982888696,100.0
1220,2,36.39119095100429,36.39119095100429,100.0
1230,0,45.503122075652925,45.503122075652925,100.0
1230,1,33.99176720264829,33.99176720264829,100.0
1230,2,20.505110721698788,20.505110721698788,100.0
1240,0,24.337616033985775,24.337616033985775,100.0
1240,1,43.144856639809085,43.144856639809085,100.0
1240,2,32.51752732620514,32.51752732620514,100.0
1250,0,45.63853398576037,45.63853398576037,100.0
1250,1,27.27328164367293,27.27328164367293,100.0
1250,2,27.088184370566704,27.088184370566704,100.0
1260,0,44.6153582442375,44.6153582442375,100.0
1260,1,28.113340562354395,28.113340562354395,100.0
1260,2,27.271301193408103,27.271301193408103,100.0
1270,0,28.587259144171284,28.587259144171284,100.0
1270,1,45.32505150584901,45.32505150584901,100.0
1270,2,26.087689349979698,26.087689349979698,100.0
1280,0,44.84302768384033,44.84302768384033,100.0
1280,1,25.65233621452634,25.65233621452634,100.0
1280,2,29.50463610163333,29.50463610163333,100.0
1290,0,50.61126133596514,50.61126133596514,100.0
1290,1,26.64201943261908,26.64201943261908,100.0
1290,2,22.74671923141578,22.74671923141578,100.0
1300,0,29.5689800943302,29.5689800943302,100.0
1300,1,43.87134746039938,43.87134746039938,100.0
1300,2,26.559672445270415,26.559672445270415,100.0
1310,0,32.8836533595277,32.8836533595277,100.0
1310,1,39.27749059409326,39.27749059409326,100.0
1310,2,27.83885604637905,27.83885604637905,100.0
1320,0,29.470043456407076,29.470043456407076,100.0
1320,1,24.95741707145172,24.95741707145172,100.0
1320,2,45.5725394721412,45.5725394721412,100.0
1330,0,27.62056077593669,27.62056077593669,100.0
1330,1,25.557563191656158,25.557563191656158,100.0
1330,2,46.82187603240715,46.82187603240715,100.0
1340,0,33.61759129621672,33.61759129621672,100.0
1340,1,40.51157307913273,40.51157307913273,100.0
1340,2,25.87083562465054,25.87083562465054,100.0
1350,0,51.5509183637988,51.5509183637988,100.0
1350,1,27.389159662740898,27.389159662740898,100.0
1350,2,21.05992197346031,21.05992197346031,100.0
1360,0,41.794631602902335,41.794631602902335,100.0
1360,1,37.29997529465562,37.29997529465562,100.0
1360,2,20.905393102442044,20.905393102442044,100.0
1370,0,28.08150660470187,28.08150660470187,100.0
1370,1,47.499552086499406,47.499552086499406,100.0
1370,2,24.41894130879872,24.41894130879872,100.0
1380,0,25.738972538055826,25.738972538055826,100.0
1380,1,25.73823467635647,25.73823467635647,100.0
1380,2,48.52279278558771,48.52279278558771,100.0
1390,0,46.618952718570526,46.618952718570526,100.0
1390,1,34.81715678228291,34.81715678228291,100.0
1390,2,18.563890499146567,18.563890499146567,100.0
1400,0,28.564838512432843,28.564838512432843,100.0
1400,1,30.21679527881197,30.21679527881197,100.0
1400,2,41.218366208755185,41.218366208755185,100.0
1410,0,34.67893152056344,34.67893152056344,100.0
1410,1,30.009603599675174,30.009603599675174,100.0
1410,2,35.31146487976138,35.31146487976138,100.0
1420,0,26.929131170551408,26.929131170551408,100.0
1420,1,47.52250875351362,47.52250875351362,100.0
1420,2,25.548360075934973,25.548360075934973,100.0
1430,0,46.44134310987598,46.44134310987598,100.0
1430,1,28.66257810389824,28.66257810389824,100.0
1430,2,24.89607878622579,24.89607878622579,100.0
1440,0,36.60868821834067,36.60868821834067,100.0
1440,1,33.519882574412975,33.519882574412975,100.0
1440,2,29.871429207246358,29.871429207246358,100.0
1450,0,28.23284927880154,28.23284927880154,100.0
1450,1,28.243015973719476,28.243015973719476,100.0
1450,2,43.52413474747898,43.52413474747898,100.0
1460,0,30.470344600524292,30.470344600524292,100.0
1460,1,41.45008961220697,41.45008961220697,100.0
1460,2,28.079565787268745,28.079565787268745,100.0
1470,0,40.478244478210875,40.478244478210875,100.0
1470,1,29.998289086624176,29.998289086624176,100.0
1470,2,29.52346643516494,29.52346643516494,100.0
1480,0,41.80947174541223,41.80947174541223,100.0
1480,1,33.24336781485889,33.24336781485889,100.0
1480,2,24.947160439728883,24.947160439728883,100.0
1490,0,45.14436897612805,45.14436897612805,100.0
1490,1,28.232755295581757,28.232755295581757,100.0
1490,2,26.622875728290197,26.622875728290197,100.0
1500,0,38.923388133775106,38.923388133775106,100.0
1500,1,35.07045047212185,35.07045047212185,100.0
1500,2,26.006161394103046,26.006161394103046,100.0
