timestamp,sliceId,dedicatedPRB,minPRB,maxPRB
600,0,30.101048065880505,30.101048065880505,100.0
600,1,38.17679816388188,38.17679816388188,100.0
600,2,31.72215377023762,31.72215377023762,100.0
700,0,37.61233512165331,37.61233512165331,100.0
700,1,41.422629447653634,41.422629447653634,100.0
700,2,20.965035430693053,20.965035430693053,100.0
800,0,42.94932068233665,42.94932068233665,100.0
800,1,33.29467551470658,33.29467551470658,100.0
800,2,23.756003802956773,23.756003802956773,100.0
900,0,38.406212073839136,38.406212073839136,100.0
900,1,36.525857653327265,36.525857653327265,100.0
900,2,25.0679302728336,25.0679302728336,100.0
1000,0,36.68282230215168,36.68282230215168,100.0
1000,1,29.603163618600814,29.603163618600814,100.0
1000,2,33.714014079247505,33.714014079247505,100.0
1100,0,30.643603216767225,30.643603216767225,100.0
1100,1,42.48951884724593,42.48951884724593,100.0
1100,2,26.866877935986842,26.866877935986842,100.0
1200,0,21.473618562291506,21.473618562291506,100.0
1200,1,34.31204387741865,34.31204387741865,100.0
1200,2,44.21433756028984,44.21433756028984,100.0
1300,0,32.55416428764509,32.55416428764509,100.0
1300,1,33.65338007109744,33.65338007109744,100.0
1300,2,33.792455641257476,33.792455641257476,100.0
1400,0,24.65995564254808,24.65995564254808,100.0
1400,1,30.958342997351917,30.958342997351917,100.0
1400,2,44.3817013601,44.3817013601,100.0
1500,0,28.558091835526888,28.558091835526888,100.0
1500,1,44.36256973686024,44.36256973686024,100.0
1500,2,27.079338427612875,27.079338427612875,100.0
1600,0,37.97154089950208,37.97154089950208,100.0
1600,1,37.426567785017824,37.426567785017824,100.0
1600,2,24.6018913154801,24.6018913154801,100.0
1700,0,40.42991352125354,40.42991352125354,100.0
1700,1,37.937637191357375,37.937637191357375,100.0
1700,2,21.632449287389083,21.632449287389083,100.0
1800,0,37.898867212591014,37.898867212591014,100.0
1800,1,44.84382989735143,44.84382989735143,100.0
1800,2,17.257302890057552,17.257302890057552,100.0
1900,0,27.978205653644427,27.978205653644427,100.0
1900,1,50.940543469893825,50.940543469893825,100.0
1900,2,21.08125087646175,21.08125087646175,100.0
2000,0,49.101433805442454,49.101433805442454,100.0
2000,1,30.055818915722167,30.055818915722167,100.0
2000,2,20.842747278835386,20.842747278835386,100.0
2100,0,50.644426304805165,50.644426304805165,100.0
2100,1,25.70775868436258,25.70775868436258,100.0
2100,2,23.647815010832257,23.647815010832257,100.0
2200,0,26.84461809914741,26.84461809914741,100.0
2200,1,48.42590078730931,48.42590078730931,100.0
2200,2,24.729481113543287,24.729481113543287,100.0
2300,0,24.087671002323244,24.087671002323244,100.0
2300,1,46.71657190922816,46.71657190922816,100.0
2300,2,29.195757088448605,29.195757088448605,100.0
2400,0,30.431266734681735,30.431266734681735,100.0
2400,1,47.59733048702156,47.59733048702156,100.0
2400,2,21.971402778296707,21.971402778296707,100.0
2500,0,26.798961975270284,26.798961975270284,100.0
2500,1,37.31504605247861,37.31504605247861,100.0
2500,2,35.88599197225111,35.88599197225111,100.0
2600,0,33.483579021990096,33.483579021990096,100.0
2600,1,43.65522585353867,43.65522585353867,100.0
2600,2,22.86119512447124,22.86119512447124,100.0
2700,0,42.79215043874662,42.79215043874662,100.0
2700,1,25.583943743637676,25.583943743637676,100.0
2700,2,31.623905817615704,31.623905817615704,100.0
2800,0,44.907999668805296,44.907999668805296,100.0
2800,1,34.861616180216984,34.861616180216984,100.0
2800,2,20.230384150977727,20.230384150977727,100.0
2900,0,34.804090309106265,34.804090309106265,100.0
2900,1,34.99829776390332,34.99829776390332,100.0
2900,2,30.19761192699042,30.19761192699042,100.0
3000,0,47.06789044519386,47.06789044519386,100.0
3000,1,30.03898254240639,30.03898254240639,100.0
3000,2,22.893127012399756,22.893127012399756,100.0
3100,0,37.892491723621184,37.892491723621184,100.0
3100,1,35.31441759458262,35.31441759458262,100.0
3100,2,26.7930906817962,26.7930906817962,100.0
3200,0,39.48960750270864,39.48960750270864,100.0
3200,1,43.17929432562484,43.17929432562484,100.0
3200,2,17.331098171666522,17.331098171666522,100.0
3300,0,32.812910980052656,32.812910980052656,100.0
3300,1,42.17114648713074,42.17114648713074,100.0
3300,2,25.015942532816602,25.015942532816602,100.0
3400,0,36.15809206470898,36.15809206470898,100.0
3400,1,32.70092234886937,32.70092234886937,100.0
3400,2,31.140985586421653,31.140985586421653,100.0
3500,0,42.09329087548347,42.09329087548347,100.0
3500,1,29.16093483343606,29.16093483343606,100.0
3500,2,28.745774291080473,28.745774291080473,100.0
3600,0,24.56507705571299,24.56507705571299,100.0
3600,1,43.25347669873568,43.25347669873568,100.0
3600,2,32.18144624555132,32.18144624555132,100.0
3700,0,27.812506305187558,27.812506305187558,100.0
3700,1,26.877070448949702,26.877070448949702,100.0
3700,2,45.310423245862744,45.310423245862744,100.0
3800,0,31.456203323576737,31.456203323576737,100.0
3800,1,30.34029847536222,30.34029847536222,100.0
3800,2,38.20349820106104,38.20349820106104,100.0
3900,0,26.615547604686725,26.615547604686725,100.0
3900,1,26.94041331471159,26.94041331471159,100.0
3900,2,46.444039080601684,46.444039080601684,100.0
4000,0,47.63487003717939,47.63487003717939,100.0
4000,1,31.348344747856622,31.348344747856622,100.0
4000,2,21.01678521496399,21.01678521496399,100.0
4100,0,41.74805439019245,41.74805439019245,100.0
4100,1,39.38968560016644,39.38968560016644,100.0
4100,2,18.862260009641112,18.862260009641112,100.0
4200,0,27.919023624475415,27.919023624475415,100.0
4200,1,42.53889484106472,42.53889484106472,100.0
4200,2,29.542081534459868,29.542081534459868,100.0
4300,0,29.887845319440594,29.887845319440594,100.0
4300,1,31.21614878836807,31.21614878836807,100.0
4300,2,38.89600589219133,38.89600589219133,100.0
4400,0,43.87538924405558,43.87538924405558,100.0
4400,1,30.006395132483306,30.006395132483306,100.0
4400,2,26.11821562346111,26.11821562346111,100.0
4500,0,36.97434040641406,36.97434040641406,100.0
4500,1,29.58256709147985,29.58256709147985,100.0
4500,2,33.4430925021061,33.4430925021061,100.0
4600,0,28.63252449912135,28.63252449912135,100.0
4600,1,28.162623267494062,28.162623267494062,100.0
4600,2,43.204852233384585,43.204852233384585,100.0
4700,0,33.09657775187181,33.09657775187181,100.0
4700,1,34.87406071508307,34.87406071508307,100.0
4700,2,32.02936153304511,32.02936153304511,100.0
4800,0,22.725612305005612,22.725612305005612,100.0
4800,1,48.150173898195966,48.150173898195966,100.0
4800,2,29.124213796798422,29.124213796798422,100.0
4900,0,37.76928173941505,37.76928173941505,100.0
4900,1,30.47341307855041,30.47341307855041,100.0
4900,2,31.75730518203454,31.75730518203454,100.0
5000,0,37.26724413690205,37.26724413690205,100.0
5000,1,33.64263440185476,33.64263440185476,100.0
5000,2,29.09012146124319,29.09012146124319,100.0
5100,0,25.781692243331804,25.781692243331804,100.0
5100,1,34.69353178893869,34.69353178893869,100.0
5100,2,39.52477596772951,39.52477596772951,100.0
5200,0,34.15475570837244,34.15475570837244,100.0
5200,1,35.95500512089601,35.95500512089601,100.0
5200,2,29.890239170731554,29.890239170731554,100.0
5300,0,29.88487366216479,29.88487366216479,100.0
5300,1,47.56499049302968,47.56499049302968,100.0
5300,2,22.55013584480553,22.55013584480553,100.0
5400,0,27.406755877354133,27.406755877354133,100.0
5400,1,39.32074023529724,39.32074023529724,100.0
5400,2,33.272503887348634,33.272503887348634,100.0
5500,0,28.469275347850626,28.469275347850626,100.0
5500,1,27.575171816548288,27.575171816548288,100.0
5500,2,43.95555283560108,43.95555283560108,100.0
5600,0,42.43457405291617,42.43457405291617,100.0
5600,1,26.717590298582355,26.717590298582355,100.0
5600,2,30.847835648501476,30.847835648501476,100.0
5700,0,40.79680961710199,40.79680961710199,100.0
5700,1,31.171287154190075,31.171287154190075,100.0
5700,2,28.03190322870793,28.03190322870793,100.0
5800,0,46.28955472710042,46.28955472710042,100.0
5800,1,31.7292046486043,31.7292046486043,100.0
5800,2,21.98124062429528,21.98124062429528,100.0
5900,0,26.749070633369836,26.749070633369836,100.0
5900,1,40.878482830012466,40.878482830012466,100.0
5900,2,32.372446536617694,32.372446536617694,100.0
6000,0,30.769660605637796,30.769660605637796,100.0
6000,1,43.072260100961955,43.072260100961955,100.0
6000,2,26.15807929340025,26.15807929340025,100.0
6100,0,23.4038980432816,23.4038980432816,100.0
6100,1,28.129471495495977,28.129471495495977,100.0
6100,2,48.46663046122242,48.46663046122242,100.0
6200,0,33.8247145956258,33.8247145956258,100.0
6200,1,33.84595184589076,33.84595184589076,100.0
6200,2,32.32933355848344,32.32933355848344,100.0
6300,0,41.24657700600874,41.24657700600874,100.0
6300,1,30.542957645150782,30.542957645150782,100.0
6300,2,28.210465348840486,28.210465348840486,100.0
6400,0,23.077213009893967,23.077213009893967,100.0
6400,1,46.47074029334568,46.47074029334568,100.0
6400,2,30.452046696760366,30.452046696760366,100.0
6500,0,33.98337293130167,33.98337293130167,100.0
6500,1,29.62909396141844,29.62909396141844,100.0
6500,2,36.38753310727989,36.38753310727989,100.0
6600,0,45.70803513489029,45.70803513489029,100.0
6600,1,32.48568032917538,32.48568032917538,100.0
6600,2,21.806284535934335,21.806284535934335,100.0
6700,0,27.053614444687984,27.053614444687984,100.0
6700,1,45.79481352925061,45.79481352925061,100.0
6700,2,27.151572026061416,27.151572026061416,100.0
6800,0,41.48593164816624,41.48593164816624,100.0
6800,1,37.7556298154506,37.7556298154506,100.0
6800,2,20.758438536383164,20.758438536383164,100.0
6900,0,27.319528498729483,27.319528498729483,100.0
6900,1,46.51803758062447,46.51803758062447,100.0
6900,2,26.162433920646045,26.162433920646045,100.0
7000,0,37.42320086243518,37.42320086243518,100.0
7000,1,27.45539060907154,27.45539060907154,100.0
7000,2,35.12140852849328,35.12140852849328,100.0
7100,0,31.207721087994265,31.207721087994265,100.0
7100,1,32.64725704042715,32.64725704042715,100.0
7100,2,36.145021871578585,36.145021871578585,100.0
7200,0,31.981610049708024,31.981610049708024,100.0
7200,1,48.274550890277624,48.274550890277624,100.0
7200,2,19.743839060014352,19.743839060014352,100.0
7300,0,29.280060089557036,29.280060089557036,100.0
7300,1,44.60161859033291,44.60161859033291,100.0
7300,2,26.118321320110066,26.118321320110066,100.0
7400,0,36.50254976607925,36.50254976607925,100.0
7400,1,45.30619270653805,45.30619270653805,100.0
7400,2,18.191257527382703,18.191257527382703,100.0
7500,0,22.876651499808627,22.876651499808627,100.0
7500,1,33.61852645125026,33.61852645125026,100.0
7500,2,43.504822048941115,43.504822048941115,100.0
7600,0,25.321725994424437,25.321725994424437,100.0
7600,1,27.925946566817778,27.925946566817778,100.0
7600,2,46.75232743875778,46.75232743875778,100.0
7700,0,38.76808597638731,38.76808597638731,100.0
7700,1,27.8546215994091,27.8546215994091,100.0
7700,2,33.37729242420359,33.37729242420359,100.0
7800,0,37.076175946355555,37.076175946355555,100.0
7800,1,31.677880864429774,31.677880864429774,100.0
7800,2,31.245943189214675,31.245943189214675,100.0
7900,0,26.46106601503489,26.46106601503489,100.0
7900,1,29.614582854727487,29.614582854727487,100.0
7900,2,43.924351130237625,43.924351130237625,100.0
8000,0,33.484753113327756,33.484753113327756,100.0
8000,1,48.34925829121183,48.34925829121183,100.0
8000,2,18.16598859546041,18.16598859546041,100.0
8100,0,36.26069819204875,36.26069819204875,100.0
8100,1,45.225757048368884,45.225757048368884,100.0
8100,2,18.513544759582366,18.513544759582366,100.0
8200,0,24.449093234214203,24.449093234214203,100.0
8200,1,56.47509233967449,56.47509233967449,100.0
8200,2,19.075814426111304,19.075814426111304,100.0
8300,0,28.744354755210296,28.744354755210296,100.0
8300,1,47.32626262904319,47.32626262904319,100.0
8300,2,23.929382615746523,23.929382615746523,100.0
8400,0,24.076753809294953,24.076753809294953,100.0
8400,1,38.10367234859227,38.10367234859227,100.0
8400,2,37.819573842112774,37.819573842112774,100.0
8500,0,39.13434698388972,39.13434698388972,100.0
8500,1,26.011348644064082,26.011348644064082,100.0
8500,2,34.854304372046194,34.854304372046194,100.0
8600,0,29.619567283599846,29.619567283599846,100.0
8600,1,37.52975988159455,37.52975988159455,100.0
8600,2,32.850672834805614,32.850672834805614,100.0
8700,0,28.628644457976204,28.628644457976204,100.0
8700,1,46.42616714661909,46.42616714661909,100.0
8700,2,24.945188395404706,24.945188395404706,100.0
8800,0,22.240512035798748,22.240512035798748,100.0
8800,1,36.76582249072535,36.76582249072535,100.0
8800,2,40.99366547347591,40.99366547347591,100.0
8900,0,33.2306396593069,33.2306396593069,100.0
8900,1,34.134466881791894,34.134466881791894,100.0
8900,2,32.6348934589012,32.6348934589012,100.0
9000,0,25.579253103920287,25.579253103920287,100.0
9000,1,28.59181872403756,28.59181872403756,100.0
9000,2,45.82892817204216,45.82892817204216,100.0
9100,0,43.774290394423744,43.774290394423744,100.0
9100,1,31.90424059243306,31.90424059243306,100.0
9100,2,24.321469013143197,24.321469013143197,100.0
9200,0,23.502704986986224,23.502704986986224,100.0
9200,1,51.60992173213121,51.60992173213121,100.0
9200,2,24.887373280882564,24.887373280882564,100.0
9300,0,27.265662003298168,27.265662003298168,100.0
9300,1,39.6040378610438,39.6040378610438,100.0
9300,2,33.13030013565803,33.13030013565803,100.0
9400,0,26.648294161986197,26.648294161986197,100.0
9400,1,48.624584695574946,48.624584695574946,100.0
9400,2,24.72712114243886,24.72712114243886,100.0
9500,0,33.8424980052274,33.8424980052274,100.0
9500,1,40.372012112431186,40.372012112431186,100.0
9500,2,25.785489882341423,25.785489882341423,100.0
9600,0,47.01022143836231,47.01022143836231,100.0
9600,1,33.55808036874494,33.55808036874494,100.0
9600,2,19.431698192892753,19.431698192892753,100.0
9700,0,28.761178024890242,28.761178024890242,100.0
9700,1,28.07310832417952,28.07310832417952,100.0
9700,2,43.165713650930236,43.165713650930236,100.0
9800,0,39.83620697600667,39.83620697600667,100.0
9800,1,31.781261748603917,31.781261748603917,100.0
9800,2,28.382531275389404,28.382531275389404,100.0
9900,0,36.054627052079155,36.054627052079155,100.0
9900,1,27.43115713009584,27.43115713009584,100.0
9900,2,36.514215817825004,36.514215817825004,100.0
