timestamp,ueImsi,sliceId,dTxBytes,dRxBytes,plr,resourceSharePct,dLostPackets,throughputMbps,bufferBytes
1510,1,0,18336,19864,0.00,26.87,0,15.8912,2425
1510,2,0,18336,13752,25.00,26.87,3,11.0016,497982
1510,3,0,18336,16808,8.33,26.87,1,13.4464,151083
1510,4,0,18336,7640,58.33,26.87,7,6.1120,1031812
1510,5,0,18336,0,100.00,26.87,12,0.0000,1681128
1510,6,1,390,156,60.00,45.53,3,0.1248,87
1510,7,1,390,390,0.00,45.53,0,0.3120,87
1510,8,1,390,0,100.00,45.53,5,0.0000,169
1510,9,1,390,0,100.00,45.53,5,0.0000,87
1510,10,1,390,390,0.00,45.53,0,0.3120,87
1510,11,2,384,256,33.33,27.60,1,0.2048,114
1510,12,2,384,256,33.33,27.60,1,0.2048,137
1510,13,2,384,256,33.33,27.60,1,0.2048,137
1510,14,2,384,0,100.00,27.60,3,0.0000,269
1510,15,2,384,256,33.33,27.60,1,0.2048,137
1510,16,2,384,256,33.33,27.60,1,0.2048,137
1510,17,2,384,512,0.00,27.60,0,0.4096,137
1510,18,2,384,0,100.00,27.60,3,0.0000,137
1510,19,2,384,256,33.33,27.60,1,0.2048,137
1510,20,2,384,384,0.00,27.60,0,0.3072,137
