timestamp,ueImsi,sliceId,dTxBytes,dRxBytes,plr,resourceSharePct,dLostPackets,throughputMbps,bufferBytes
560,1,0,24448,3056,87.50,51.67,14,2.4448,136370
560,2,0,24448,3056,87.50,51.67,14,2.4448,135805
560,3,0,24448,3056,87.50,51.67,14,2.4448,135866
560,4,0,24448,3056,87.50,51.67,14,2.4448,135866
560,5,0,24448,3056,87.50,51.67,14,2.4448,135767
560,6,1,780,624,20.00,35.00,2,0.4992,87
560,7,1,780,624,20.00,35.00,2,0.4992,126
560,8,1,780,624,20.00,35.00,2,0.4992,87
560,9,1,780,624,20.00,35.00,2,0.4992,87
560,10,1,780,624,20.00,35.00,2,0.4992,87
560,11,2,16000,384,97.60,13.34,122,0.3072,91730
560,12,2,16000,384,97.60,13.34,122,0.3072,91730
560,13,2,16000,384,97.60,13.34,122,0.3072,91340
560,14,2,16000,384,97.60,13.34,122,0.3072,91340
560,15,2,16000,384,97.60,13.34,122,0.3072,91407
560,16,2,16000,256,98.40,13.34,123,0.2048,91105
560,17,2,16000,256,98.40,13.34,123,0.2048,91106
560,18,2,16000,256,98.40,13.34,123,0.2048,91113
560,19,2,16000,256,98.40,13.34,123,0.2048,91110
560,20,2,16000,256,98.40,13.34,123,0.2048,91103
