timestamp,ueImsi,sliceId,dTxBytes,dRxBytes,plr,resourceSharePct,dLostPackets,throughputMbps,bufferBytes
1510,1,0,35144,25976,26.09,22.53,6,20.7808,139717
1510,2,0,35144,15280,56.52,22.53,13,12.2240,1484027
1510,3,1,1014,624,38.46,40.43,5,0.4992,87
1510,4,1,1014,936,7.69,40.43,1,0.7488,87
1510,5,2,256,0,100.00,37.03,2,0.0000,269
1510,6,2,256,0,100.00,37.03,2,0.0000,137
1510,7,2,256,256,0.00,37.03,0,0.2048,137
1510,8,2,256,0,100.00,37.03,2,0.0000,137
1510,9,2,256,0,100.00,37.03,2,0.0000,401
1510,10,2,256,256,0.00,37.03,0,0.2048,137
