timestamp,ueImsi,sliceId,dTxBytes,dRxBytes,plr,resourceSharePct,dLostPackets,throughputMbps,bufferBytes
690,1,0,25976,7640,70.59,53.05,12,6.1120,383847
690,2,0,25976,6112,76.47,53.05,13,4.8896,383773
690,3,0,25976,6112,76.47,53.05,13,4.8896,383668
690,4,0,25976,6112,76.47,53.05,13,4.8896,383715
690,5,0,25976,6112,76.47,53.05,13,4.8896,383718
690,6,1,390,390,0.00,26.78,0,0.3120,87
690,7,1,390,390,0.00,26.78,0,0.3120,87
690,8,1,390,390,0.00,26.78,0,0.3120,87
690,9,1,390,390,0.00,26.78,0,0.3120,87
690,10,1,390,390,0.00,26.78,0,0.3120,87
690,11,2,16000,1152,92.80,20.17,116,0.9216,286234
690,12,2,16000,1152,92.80,20.17,116,0.9216,286210
690,13,2,16000,1280,92.00,20.17,115,1.0240,286219
690,14,2,16000,1152,92.80,20.17,116,0.9216,286296
690,15,2,16000,1152,92.80,20.17,116,0.9216,286276
690,16,2,16000,1152,92.80,20.17,116,0.9216,286291
690,17,2,16000,1152,92.80,20.17,116,0.9216,286304
690,18,2,16000,1280,92.00,20.17,115,1.0240,286226
690,19,2,16000,1280,92.00,20.17,115,1.0240,286317
690,20,2,16000,1280,92.00,20.17,115,1.0240,286318
