timestamp,ueImsi,sliceId,dTxBytes,dRxBytes,plr,resourceSharePct,dLostPackets,throughputMbps,bufferBytes,dlBufferBytes,ulBufferBytes,macBufferBytes,congestionPct,lastDrlActionStatus
10600,1,0,128736,0,100.00,26.66,112,0.0000,1200005,94093,1200005,1294098,12.34,applied
10600,2,0,128736,0,100.00,26.66,112,0.0000,1200005,94098,1200005,1294103,12.34,applied
10600,3,0,128736,159640,0.00,26.66,0,12.7712,1200005,94098,1200005,1294103,12.34,applied
10600,4,0,128736,0,100.00,26.66,112,0.0000,34,94098,34,94132,0.90,applied
10600,5,0,128736,278756,0.00,26.66,0,22.3005,750,94110,750,94860,0.90,applied
10600,6,1,0,0,0.00,45.00,0,0.0000,34,0,34,34,0.00,applied
10600,7,1,0,0,0.00,45.00,0,0.0000,34,0,34,34,0.00,applied
10600,8,1,0,0,0.00,45.00,0,0.0000,34,0,34,34,0.00,applied
10600,9,1,0,0,0.00,45.00,0,0.0000,19,0,19,19,0.00,applied
10600,10,1,0,0,0.00,45.00,0,0.0000,34,0,34,34,0.00,applied
10600,11,1,0,0,0.00,45.00,0,0.0000,147,0,147,147,0.00,applied
10600,12,1,0,0,0.00,45.00,0,0.0000,34,0,34,34,0.00,applied
10600,13,1,0,0,0.00,45.00,0,0.0000,34,0,34,34,0.00,applied
10600,14,2,63772,1692,81.63,28.33,40,0.1354,5766335,5766335,51,5766386,54.99,applied
10600,15,2,63772,0,100.00,28.33,49,0.0000,5766324,5766324,51,5766375,54.99,applied
10600,16,2,63772,940,89.80,28.33,44,0.0752,5766335,5766335,51,5766386,54.99,applied
10600,17,2,63772,0,100.00,28.33,49,0.0000,5767492,5767492,51,5767543,55.00,applied
10600,18,2,63772,0,100.00,28.33,49,0.0000,5766324,5766324,51,5766375,54.99,applied
