timestamp,sliceId,dedicatedPRB,minPRB,maxPRB
510,0,22.6010485249192,22.6010485249192,100.0
510,1,50.62173120267548,50.62173120267548,100.0
510,2,26.777220272405323,26.777220272405323,100.0
520,0,24.222025713481663,24.222025713481663,100.0
520,1,27.108719089525053,27.108719089525053,100.0
520,2,48.66925519699329,48.66925519699329,100.0
530,0,28.440736766685294,28.440736766685294,100.0
530,1,29.016145905199597,29.016145905199597,100.0
530,2,42.54311732811511,42.54311732811511,100.0
540,0,25.601134641817413,25.601134641817413,100.0
540,1,49.686607977919365,49.686607977919365,100.0
540,2,24.712257380263214,24.712257380263214,100.0
550,0,44.73811832767799,44.73811832767799,100.0
550,1,32.670029595093055,32.670029595093055,100.0
550,2,22.591852077228953,22.591852077228953,100.0
560,0,23.587940262793886,23.587940262793886,100.0
560,1,45.82418444089945,45.82418444089945,100.0
560,2,30.587875296306667,30.587875296306667,100.0
570,0,27.80453613087996,27.80453613087996,100.0
570,1,46.70520055620423,46.70520055620423,100.0
570,2,25.490263312915808,25.490263312915808,100.0
580,0,22.22656079168137,22.22656079168137,100.0
580,1,48.06173360563208,48.06173360563208,100.0
580,2,29.71170560268655,29.71170560268655,100.0
590,0,21.03174519013793,21.03174519013793,100.0
590,1,42.567953222795495,42.567953222795495,100.0
590,2,36.40030158706658,36.40030158706658,100.0
600,0,23.867793391840543,23.867793391840543,100.0
600,1,34.130190471834254,34.130190471834254,100.0
600,2,42.0020161363252,42.0020161363252,100.0
610,0,38.770581390868976,38.770581390868976,100.0
610,1,33.89825503218448,33.89825503218448,100.0
610,2,27.331163576946548,27.331163576946548,100.0
620,0,30.227570300007567,30.227570300007567,100.0
620,1,38.891753502267356,38.891753502267356,100.0
620,2,30.880676197725077,30.880676197725077,100.0
630,0,44.3984896431974,44.3984896431974,100.0
630,1,29.770392912300707,29.770392912300707,100.0
630,2,25.831117444501885,25.831117444501885,100.0
640,0,32.73414392005946,32.73414392005946,100.0
640,1,26.028849842160994,26.028849842160994,100.0
640,2,41.23700623777955,41.23700623777955,100.0
650,0,29.655503500855286,29.655503500855286,100.0
650,1,38.80742620207436,38.80742620207436,100.0
650,2,31.537070297070358,31.537070297070358,100.0
660,0,38.41438557624503,38.41438557624503,100.0
660,1,36.7494705199501,36.7494705199501,100.0
660,2,24.836143903804864,24.836143903804864,100.0
670,0,24.921813337971425,24.921813337971425,100.0
670,1,28.190645313862518,28.190645313862518,100.0
670,2,46.88754134816606,46.88754134816606,100.0
680,0,25.01855648274869,25.01855648274869,100.0
680,1,39.46578440959823,39.46578440959823,100.0
680,2,35.51565910765309,35.51565910765309,100.0
690,0,27.922266398028118,27.922266398028118,100.0
690,1,26.903688204948807,26.903688204948807,100.0
690,2,45.17404539702308,45.17404539702308,100.0
700,0,51.20161418495538,51.20161418495538,100.0
700,1,24.952586574242005,24.952586574242005,100.0
700,2,23.845799240802627,23.845799240802627,100.0
710,0,30.05808606216331,30.05808606216331,100.0
710,1,36.875277109757974,36.875277109757974,100.0
710,2,33.06663682807873,33.06663682807873,100.0
720,0,52.72975976238913,52.72975976238913,100.0
720,1,25.704917381109528,25.704917381109528,100.0
720,2,21.565322856501346,21.565322856501346,100.0
730,0,47.890394205154365,47.890394205154365,100.0
730,1,28.30383808667234,28.30383808667234,100.0
730,2,23.8057677081733,23.8057677081733,100.0
740,0,49.680464724283574,49.680464724283574,100.0
740,1,31.91803364451948,31.91803364451948,100.0
740,2,18.40150163119695,18.40150163119695,100.0
750,0,49.775470564594606,49.775470564594606,100.0
750,1,28.718606326421337,28.718606326421337,100.0
750,2,21.50592310898406,21.50592310898406,100.0
760,0,45.839956251500425,45.839956251500425,100.0
760,1,33.814538092758326,33.814538092758326,100.0
760,2,20.345505655741256,20.345505655741256,100.0
770,0,39.79819522453889,39.79819522453889,100.0
770,1,33.19856539040628,33.19856539040628,100.0
770,2,27.003239385054833,27.003239385054833,100.0
780,0,54.53509932158056,54.53509932158056,100.0
780,1,25.60902691789359,25.60902691789359,100.0
780,2,19.855873760525856,19.855873760525856,100.0
790,0,53.39227613730609,53.39227613730609,100.0
790,1,25.642026364808174,25.642026364808174,100.0
790,2,20.96569749788574,20.96569749788574,100.0
800,0,54.40869415782225,54.40869415782225,100.0
800,1,26.275180213915494,26.275180213915494,100.0
800,2,19.31612562826226,19.31612562826226,100.0
810,0,40.612981656830804,40.612981656830804,100.0
810,1,39.01901707681562,39.01901707681562,100.0
810,2,20.36800126635358,20.36800126635358,100.0
820,0,52.01479386958944,52.01479386958944,100.0
820,1,27.221090085913737,27.221090085913737,100.0
820,2,20.764116044496824,20.764116044496824,100.0
830,0,29.922332350125497,29.922332350125497,100.0
830,1,29.134570936160003,29.134570936160003,100.0
830,2,40.943096713714496,40.943096713714496,100.0
840,0,50.69567935530424,50.69567935530424,100.0
840,1,28.751199935949813,28.751199935949813,100.0
840,2,20.55312070874595,20.55312070874595,100.0
850,0,48.651201631897436,48.651201631897436,100.0
850,1,28.372974324930624,28.372974324930624,100.0
850,2,22.975824043171944,22.975824043171944,100.0
860,0,36.700539165606216,36.700539165606216,100.0
860,1,30.557581000486856,30.557581000486856,100.0
860,2,32.74187983390693,32.74187983390693,100.0
870,0,53.21488215373186,53.21488215373186,100.0
870,1,25.650400551584042,25.650400551584042,100.0
870,2,21.13471729468411,21.13471729468411,100.0
880,0,42.68086486032239,42.68086486032239,100.0
880,1,31.409504500651302,31.409504500651302,100.0
880,2,25.90963063902631,25.90963063902631,100.0
890,0,25.071477446735855,25.071477446735855,100.0
890,1,53.90992786408147,53.90992786408147,100.0
890,2,21.018594689182667,21.018594689182667,100.0
900,0,37.20168345874825,37.20168345874825,100.0
900,1,34.67444646721695,34.67444646721695,100.0
900,2,28.123870074034805,28.123870074034805,100.0
910,0,25.526905548463397,25.526905548463397,100.0
910,1,52.69219834870238,52.69219834870238,100.0
910,2,21.780896102834234,21.780896102834234,100.0
920,0,38.062431557754586,38.062431557754586,100.0
920,1,26.42644307075002,26.42644307075002,100.0
920,2,35.511125371495396,35.511125371495396,100.0
930,0,51.835700471654214,51.835700471654214,100.0
930,1,28.939722307895206,28.939722307895206,100.0
930,2,19.224577220450595,19.224577220450595,100.0
940,0,32.89633765710612,32.89633765710612,100.0
940,1,38.525260744002985,38.525260744002985,100.0
940,2,28.578401598890892,28.578401598890892,100.0
950,0,23.29232526727265,23.29232526727265,100.0
950,1,37.871068640671865,37.871068640671865,100.0
950,2,38.83660609205548,38.83660609205548,100.0
960,0,35.37646435108858,35.37646435108858,100.0
960,1,37.3997427081378,37.3997427081378,100.0
960,2,27.223792940773627,27.223792940773627,100.0
970,0,24.570352145439013,24.570352145439013,100.0
970,1,42.35815974476638,42.35815974476638,100.0
970,2,33.0714881097946,33.0714881097946,100.0
980,0,25.7838051613274,25.7838051613274,100.0
980,1,46.539822244917715,46.539822244917715,100.0
980,2,27.676372593754884,27.676372593754884,100.0
990,0,22.558523924920898,22.558523924920898,100.0
990,1,34.07714628387068,34.07714628387068,100.0
990,2,43.36432979120842,43.36432979120842,100.0
1000,0,20.88338182297437,20.88338182297437,100.0
1000,1,38.510859799700455,38.510859799700455,100.0
1000,2,40.60575837732516,40.60575837732516,100.0
1010,0,48.35864871966826,48.35864871966826,100.0
1010,1,27.529206330569195,27.529206330569195,100.0
1010,2,24.11214494976254,24.11214494976254,100.0
1020,0,28.542880940714216,28.542880940714216,100.0
1020,1,39.1874187225292,39.1874187225292,100.0
1020,2,32.269700336756586,32.269700336756586,100.0
1030,0,43.613967720206546,43.613967720206546,100.0
1030,1,31.02420229688408,31.02420229688408,100.0
1030,2,25.361829982909374,25.361829982909374,100.0
1040,0,31.83889985815854,31.83889985815854,100.0
1040,1,46.99593861229851,46.99593861229851,100.0
1040,2,21.165161529542946,21.165161529542946,100.0
1050,0,41.95913738071966,41.95913738071966,100.0
1050,1,24.05072180526673,24.05072180526673,100.0
1050,2,33.990140814013614,33.990140814013614,100.0
1060,0,40.15318636872236,40.15318636872236,100.0
1060,1,28.29324529691368,28.29324529691368,100.0
1060,2,31.55356833436396,31.55356833436396,100.0
1070,0,26.274177680687387,26.274177680687387,100.0
1070,1,47.726714071427274,47.726714071427274,100.0
1070,2,25.99910824788534,25.99910824788534,100.0
1080,0,28.513835484244147,28.513835484244147,100.0
1080,1,26.937815707510214,26.937815707510214,100.0
1080,2,44.54834880824565,44.54834880824565,100.0
1090,0,28.488334026551225,28.488334026551225,100.0
1090,1,47.2403227838167,47.2403227838167,100.0
1090,2,24.271343189632073,24.271343189632073,100.0
1100,0,21.521075086912504,21.521075086912504,100.0
1100,1,41.47890393901938,41.47890393901938,100.0
1100,2,37.000020974068114,37.000020974068114,100.0
1110,0,43.67819444840081,43.67819444840081,100.0
1110,1,36.51549467495081,36.51549467495081,100.0
1110,2,19.806310876648382,19.806310876648382,100.0
1120,0,25.707322083255512,25.707322083255512,100.0
1120,1,48.352865394080126,48.352865394080126,100.0
1120,2,25.93981252266436,25.93981252266436,100.0
1130,0,32.45050196144279,32.45050196144279,100.0
1130,1,43.27235069601628,43.27235069601628,100.0
1130,2,24.27714734254093,24.27714734254093,100.0
1140,0,35.6841178993555,35.6841178993555,100.0
1140,1,32.403398129688526,32.403398129688526,100.0
1140,2,31.912483970955975,31.912483970955975,100.0
1150,0,33.06473020366187,33.06473020366187,100.0
1150,1,40.51408160031744,40.51408160031744,100.0
1150,2,26.4211881960207,26.4211881960207,100.0
1160,0,37.66662362067763,37.66662362067763,100.0
1160,1,26.96833265745966,26.96833265745966,100.0
1160,2,35.36504372186272,35.36504372186272,100.0
1170,0,29.329787614509794,29.329787614509794,100.0
1170,1,50.50478971047623,50.50478971047623,100.0
1170,2,20.165422675013982,20.165422675013982,100.0
1180,0,24.463769448696407,24.463769448696407,100.0
1180,1,44.429402616342976,44.429402616342976,100.0
1180,2,31.106827934960613,31.106827934960613,100.0
1190,0,42.14943668073179,42.14943668073179,100.0
1190,1,26.568130189632104,26.568130189632104,100.0
1190,2,31.28243312963611,31.28243312963611,100.0
1200,0,45.523532763733684,45.523532763733684,100.0
1200,1,29.366774906018733,29.366774906018733,100.0
1200,2,25.109692330247587,25.109692330247587,100.0
1210,0,28.804998682922196,28.804998682922196,100.0
1210,1,30.83423138931784,30.83423138931784,100.0
1210,2,40.36076992775997,40.36076992775997,100.0
1220,0,27.542797081638803,27.542797081638803,100.0
1220,1,37.067196537344884,37.067196537344884,100.0
1220,2,35.39000638101631,35.39000638101631,100.0
1230,0,37.49855295116598,37.49855295116598,100.0
1230,1,36.14591579629393,36.14591579629393,100.0
1230,2,26.355531252540082,26.355531252540082,100.0
1240,0,36.09388302112404,36.09388302112404,100.0
1240,1,33.72626613360217,33.72626613360217,100.0
1240,2,30.17985084527379,30.17985084527379,100.0
1250,0,26.496228437694274,26.496228437694274,100.0
1250,1,52.51918968455811,52.51918968455811,100.0
1250,2,20.98458187774761,20.98458187774761,100.0
1260,0,34.850638707980586,34.850638707980586,100.0
1260,1,37.29950993554086,37.29950993554086,100.0
1260,2,27.849851356478567,27.849851356478567,100.0
1270,0,37.847545044375494,37.847545044375494,100.0
1270,1,38.369990301093196,38.369990301093196,100.0
1270,2,23.782464654531317,23.782464654531317,100.0
1280,0,30.637886242700997,30.637886242700997,100.0
1280,1,42.34378459472974,42.34378459472974,100.0
1280,2,27.018329162569266,27.018329162569266,100.0
1290,0,29.396999671097134,29.396999671097134,100.0
1290,1,49.6295245476793,49.6295245476793,100.0
1290,2,20.973475781223566,20.973475781223566,100.0
1300,0,30.792042226159218,30.792042226159218,100.0
1300,1,39.59830075155053,39.59830075155053,100.0
1300,2,29.609657022290257,29.609657022290257,100.0
1310,0,31.612245202812456,31.612245202812456,100.0
1310,1,45.53037308014958,45.53037308014958,100.0
1310,2,22.85738171703796,22.85738171703796,100.0
1320,0,28.257957587374577,28.257957587374577,100.0
1320,1,30.33189830713754,30.33189830713754,100.0
1320,2,41.41014410548789,41.41014410548789,100.0
1330,0,28.6854813796611,28.6854813796611,100.0
1330,1,52.48000397927576,52.48000397927576,100.0
1330,2,18.834514641063155,18.834514641063155,100.0
1340,0,21.573046834546354,21.573046834546354,100.0
1340,1,42.97447242299719,42.97447242299719,100.0
1340,2,35.45248074245645,35.45248074245645,100.0
1350,0,37.910689946205835,37.910689946205835,100.0
1350,1,35.48238946514757,35.48238946514757,100.0
1350,2,26.606920588646588,26.606920588646588,100.0
1360,0,21.29169633044487,21.29169633044487,100.0
1360,1,48.80126943700574,48.80126943700574,100.0
1360,2,29.90703423254939,29.90703423254939,100.0
1370,0,26.199427078662424,26.199427078662424,100.0
1370,1,37.96719254635772,37.96719254635772,100.0
1370,2,35.83338037497985,35.83338037497985,100.0
1380,0,29.76013628866305,29.76013628866305,100.0
1380,1,27.706998849151137,27.706998849151137,100.0
1380,2,42.53286486218582,42.53286486218582,100.0
1390,0,39.73730581371384,39.73730581371384,100.0
1390,1,31.17930971829753,31.17930971829753,100.0
1390,2,29.083384467988633,29.083384467988633,100.0
1400,0,34.74351615016688,34.74351615016688,100.0
1400,1,34.75242187013096,34.75242187013096,100.0
1400,2,30.504061979702158,30.504061979702158,100.0
1410,0,27.483400831757503,27.483400831757503,100.0
1410,1,37.460327040696285,37.460327040696285,100.0
1410,2,35.05627212754621,35.05627212754621,100.0
1420,0,46.125360968167826,46.125360968167826,100.0
1420,1,34.098774452090964,34.098774452090964,100.0
1420,2,19.77586457974121,19.77586457974121,100.0
1430,0,33.22900204132918,33.22900204132918,100.0
1430,1,30.346401555938733,30.346401555938733,100.0
1430,2,36.424596402732085,36.424596402732085,100.0
1440,0,23.16936836635506,23.16936836635506,100.0
1440,1,33.240692809567975,33.240692809567975,100.0
1440,2,43.58993882407697,43.58993882407697,100.0
1450,0,25.832017076445634,25.832017076445634,100.0
1450,1,51.2817846266326,51.2817846266326,100.0
1450,2,22.886198296921773,22.886198296921773,100.0
1460,0,38.69145868960195,38.69145868960195,100.0
1460,1,33.417372365532,33.417372365532,100.0
1460,2,27.891168944866042,27.891168944866042,100.0
1470,0,39.47546103525818,39.47546103525818,100.0
1470,1,26.16189926913225,26.16189926913225,100.0
1470,2,34.36263969560957,34.36263969560957,100.0
1480,0,37.200951771625036,37.200951771625036,100.0
1480,1,44.2480569036796,44.2480569036796,100.0
1480,2,18.55099132469537,18.55099132469537,100.0
1490,0,35.048291691592915,35.048291691592915,100.0
1490,1,36.69688500469497,36.69688500469497,100.0
1490,2,28.254823303712122,28.254823303712122,100.0
1500,0,29.15358060101674,29.15358060101674,100.0
1500,1,41.44522201768696,41.44522201768696,100.0
1500,2,29.401197381296306,29.401197381296306,100.0
