timestamp,ueImsi,sliceId,dTxBytes,dRxBytes,plr,resourceSharePct,dLostPackets,throughputMbps,bufferBytes
560,1,0,24448,0,100.00,26.66,16,0.0000,137772
560,2,0,24448,1528,93.75,26.66,15,1.2224,136594
560,3,0,24448,1528,93.75,26.66,15,1.2224,136305
560,4,0,24448,1528,93.75,26.66,15,1.2224,136305
560,5,0,24448,1528,93.75,26.66,15,1.2224,136309
560,6,1,390,312,20.00,25.00,1,0.2496,169
560,7,1,390,312,20.00,25.00,1,0.2496,169
560,8,1,390,312,20.00,25.00,1,0.2496,169
560,9,1,390,312,20.00,25.00,1,0.2496,169
560,10,1,390,312,20.00,25.00,1,0.2496,169
560,11,2,16000,1152,92.80,48.33,116,0.9216,90296
560,12,2,16000,1152,92.80,48.33,116,0.9216,90299
560,13,2,16000,1152,92.80,48.33,116,0.9216,89715
560,14,2,16000,1152,92.80,48.33,116,0.9216,89724
560,15,2,16000,1408,91.20,48.33,114,1.1264,89404
560,16,2,16000,1536,90.40,48.33,113,1.2288,89312
560,17,2,16000,1664,89.60,48.33,112,1.3312,89212
560,18,2,16000,1536,90.40,48.33,113,1.2288,89281
560,19,2,16000,1536,90.40,48.33,113,1.2288,89305
560,20,2,16000,1536,90.40,48.33,113,1.2288,89305
