timestamp,sliceId,dedicatedPRB,minPRB,maxPRB
510,0,38.57692118237608,38.57692118237608,100.0
510,1,39.15686550912311,39.15686550912311,100.0
510,2,22.266213308500802,22.266213308500802,100.0
520,0,33.62703332490858,33.62703332490858,100.0
520,1,34.66205905015231,34.66205905015231,100.0
520,2,31.71090762493911,31.71090762493911,100.0
530,0,25.559135267648873,25.559135267648873,100.0
530,1,36.79943381700617,36.79943381700617,100.0
530,2,37.64143091534496,37.64143091534496,100.0
540,0,28.563100733701585,28.563100733701585,100.0
540,1,51.10284783936008,51.10284783936008,100.0
540,2,20.33405142693833,20.33405142693833,100.0
550,0,44.3450949996959,44.3450949996959,100.0
550,1,37.09057320181931,37.09057320181931,100.0
550,2,18.564331798484794,18.564331798484794,100.0
560,0,37.52580469036679,37.52580469036679,100.0
560,1,42.94730988303666,42.94730988303666,100.0
560,2,19.526885426596557,19.526885426596557,100.0
570,0,37.71124113493284,37.71124113493284,100.0
570,1,33.75358764404272,33.75358764404272,100.0
570,2,28.53517122102445,28.53517122102445,100.0
580,0,47.64362366194269,47.64362366194269,100.0
580,1,33.56235543807703,33.56235543807703,100.0
580,2,18.79402089998028,18.79402089998028,100.0
590,0,39.15856206992338,39.15856206992338,100.0
590,1,32.38020664100922,32.38020664100922,100.0
590,2,28.461231289067413,28.461231289067413,100.0
600,0,39.01243327174191,39.01243327174191,100.0
600,1,37.59701947400789,37.59701947400789,100.0
600,2,23.39054725425021,23.39054725425021,100.0
610,0,41.05736376793468,41.05736376793468,100.0
610,1,34.42025789535409,34.42025789535409,100.0
610,2,24.522378336711228,24.522378336711228,100.0
620,0,45.60149007755611,45.60149007755611,100.0
620,1,27.523663908162526,27.523663908162526,100.0
620,2,26.874846014281374,26.874846014281374,100.0
630,0,46.864896054736214,46.864896054736214,100.0
630,1,30.117920166512523,30.117920166512523,100.0
630,2,23.017183778751264,23.017183778751264,100.0
640,0,41.86166336982976,41.86166336982976,100.0
640,1,40.40322340191293,40.40322340191293,100.0
640,2,17.73511322825731,17.73511322825731,100.0
650,0,27.936587304369265,27.936587304369265,100.0
650,1,33.35986798139685,33.35986798139685,100.0
650,2,38.703544714233885,38.703544714233885,100.0
660,0,43.52320136174789,43.52320136174789,100.0
660,1,29.585381504141704,29.585381504141704,100.0
660,2,26.89141713411042,26.89141713411042,100.0
670,0,51.66927902274626,51.66927902274626,100.0
670,1,27.786132190401347,27.786132190401347,100.0
670,2,20.544588786852387,20.544588786852387,100.0
680,0,33.26600150740989,33.26600150740989,100.0
680,1,29.072934966331054,29.072934966331054,100.0
680,2,37.66106352625906,37.66106352625906,100.0
690,0,38.310283302555725,38.310283302555725,100.0
690,1,31.39049414350194,31.39049414350194,100.0
690,2,30.299222553942347,30.299222553942347,100.0
700,0,49.940410242645015,49.940410242645015,100.0
700,1,28.819407333363355,28.819407333363355,100.0
700,2,21.240182423991634,21.240182423991634,100.0
710,0,47.15740736602978,47.15740736602978,100.0
710,1,29.842929724009025,29.842929724009025,100.0
710,2,22.999662909961195,22.999662909961195,100.0
720,0,37.84262470261076,37.84262470261076,100.0
720,1,38.33831045762499,38.33831045762499,100.0
720,2,23.81906483976426,23.81906483976426,100.0
730,0,35.48548024403491,35.48548024403491,100.0
730,1,29.25741484038985,29.25741484038985,100.0
730,2,35.25710491557525,35.25710491557525,100.0
740,0,50.21537188673697,50.21537188673697,100.0
740,1,26.834975831612773,26.834975831612773,100.0
740,2,22.949652281650256,22.949652281650256,100.0
750,0,37.98287031569957,37.98287031569957,100.0
750,1,34.92964633661027,34.92964633661027,100.0
750,2,27.087483347690156,27.087483347690156,100.0
760,0,26.50776311623739,26.50776311623739,100.0
760,1,51.925907128681125,51.925907128681125,100.0
760,2,21.566329755081483,21.566329755081483,100.0
770,0,40.38416437077493,40.38416437077493,100.0
770,1,32.112528637158974,32.112528637158974,100.0
770,2,27.50330699206609,27.50330699206609,100.0
780,0,40.96618611809165,40.96618611809165,100.0
780,1,28.530408551490904,28.530408551490904,100.0
780,2,30.50340533041745,30.50340533041745,100.0
790,0,42.82076506249397,42.82076506249397,100.0
790,1,33.838518207508734,33.838518207508734,100.0
790,2,23.3407167299973,23.3407167299973,100.0
800,0,29.3341165397403,29.3341165397403,100.0
800,1,42.01065623207213,42.01065623207213,100.0
800,2,28.65522722818758,28.65522722818758,100.0
810,0,39.76273965949106,39.76273965949106,100.0
810,1,29.979298459913583,29.979298459913583,100.0
810,2,30.257961880595353,30.257961880595353,100.0
820,0,39.932406360884784,39.932406360884784,100.0
820,1,27.38199402455182,27.38199402455182,100.0
820,2,32.6855996145634,32.6855996145634,100.0
830,0,22.02970625693119,22.02970625693119,100.0
830,1,44.15101469395981,44.15101469395981,100.0
830,2,33.819279049109014,33.819279049109014,100.0
840,0,39.561861667490014,39.561861667490014,100.0
840,1,29.186058132752958,29.186058132752958,100.0
840,2,31.252080199757025,31.252080199757025,100.0
850,0,38.03847530130495,38.03847530130495,100.0
850,1,36.77933108695598,36.77933108695598,100.0
850,2,25.182193611739073,25.182193611739073,100.0
860,0,32.69189795450313,32.69189795450313,100.0
860,1,30.90080594038672,30.90080594038672,100.0
860,2,36.407296105110134,36.407296105110134,100.0
870,0,34.52733210657556,34.52733210657556,100.0
870,1,37.77414551290188,37.77414551290188,100.0
870,2,27.69852238052256,27.69852238052256,100.0
880,0,34.37263750895939,34.37263750895939,100.0
880,1,39.90863274304951,39.90863274304951,100.0
880,2,25.71872974799109,25.71872974799109,100.0
890,0,31.44596129069598,31.44596129069598,100.0
890,1,39.891995371428315,39.891995371428315,100.0
890,2,28.66204333787571,28.66204333787571,100.0
900,0,33.436630019646415,33.436630019646415,100.0
900,1,32.7538296773659,32.7538296773659,100.0
900,2,33.809540302987685,33.809540302987685,100.0
910,0,43.794833271156506,43.794833271156506,100.0
910,1,31.83850753086217,31.83850753086217,100.0
910,2,24.36665919798132,24.36665919798132,100.0
920,0,46.159657826292246,46.159657826292246,100.0
920,1,31.111029262335844,31.111029262335844,100.0
920,2,22.729312911371913,22.729312911371913,100.0
930,0,38.15240710578975,38.15240710578975,100.0
930,1,41.44039619440022,41.44039619440022,100.0
930,2,20.407196699810033,20.407196699810033,100.0
940,0,37.30924199909095,37.30924199909095,100.0
940,1,43.26582968327703,43.26582968327703,100.0
940,2,19.42492831763202,19.42492831763202,100.0
950,0,38.70968568262487,38.70968568262487,100.0
950,1,39.2603267371134,39.2603267371134,100.0
950,2,22.02998758026173,22.02998758026173,100.0
960,0,35.63572360218543,35.63572360218543,100.0
960,1,43.94421826068994,43.94421826068994,100.0
960,2,20.42005813712463,20.42005813712463,100.0
970,0,31.905613999838323,31.905613999838323,100.0
970,1,48.02771793326316,48.02771793326316,100.0
970,2,20.066668066898526,20.066668066898526,100.0
980,0,45.94031456801871,45.94031456801871,100.0
980,1,35.64912110321223,35.64912110321223,100.0
980,2,18.410564328769066,18.410564328769066,100.0
990,0,42.24318120383226,42.24318120383226,100.0
990,1,33.63684101970719,33.63684101970719,100.0
990,2,24.119977776460555,24.119977776460555,100.0
1000,0,38.43751583991579,38.43751583991579,100.0
1000,1,33.00793255970348,33.00793255970348,100.0
1000,2,28.554551600380723,28.554551600380723,100.0
1010,0,47.010032248779844,47.010032248779844,100.0
1010,1,27.00657913175985,27.00657913175985,100.0
1010,2,25.9833886194603,25.9833886194603,100.0
1020,0,45.31590903787017,45.31590903787017,100.0
1020,1,29.260470412823825,29.260470412823825,100.0
1020,2,25.423620549306,25.423620549306,100.0
1030,0,40.662816071075916,40.662816071075916,100.0
1030,1,26.58827743484552,26.58827743484552,100.0
1030,2,32.74890649407857,32.74890649407857,100.0
1040,0,46.356046795703996,46.356046795703996,100.0
1040,1,30.995284719363635,30.995284719363635,100.0
1040,2,22.64866848493236,22.64866848493236,100.0
1050,0,42.294619081905985,42.294619081905985,100.0
1050,1,36.486598775573455,36.486598775573455,100.0
1050,2,21.218782142520567,21.218782142520567,100.0
1060,0,41.44571385231084,41.44571385231084,100.0
1060,1,40.23092473800753,40.23092473800753,100.0
1060,2,18.32336140968163,18.32336140968163,100.0
1070,0,32.355697427842586,32.355697427842586,100.0
1070,1,38.73947710174224,38.73947710174224,100.0
1070,2,28.904825470415176,28.904825470415176,100.0
1080,0,37.361173855695974,37.361173855695974,100.0
1080,1,40.405481999360624,40.405481999360624,100.0
1080,2,22.23334414494341,22.23334414494341,100.0
1090,0,49.33647036472141,49.33647036472141,100.0
1090,1,31.304218905874887,31.304218905874887,100.0
1090,2,19.35931072940371,19.35931072940371,100.0
1100,0,42.99636300076017,42.99636300076017,100.0
1100,1,26.494880367844466,26.494880367844466,100.0
1100,2,30.50875663139538,30.50875663139538,100.0
1110,0,42.30708083110579,42.30708083110579,100.0
1110,1,32.08137227372452,32.08137227372452,100.0
1110,2,25.611546895169695,25.611546895169695,100.0
1120,0,30.36223672793656,30.36223672793656,100.0
1120,1,48.81618921221398,48.81618921221398,100.0
1120,2,20.82157405984947,20.82157405984947,100.0
1130,0,46.01153052036489,46.01153052036489,100.0
1130,1,34.60555589676256,34.60555589676256,100.0
1130,2,19.38291358287255,19.38291358287255,100.0
1140,0,42.92027437457298,42.92027437457298,100.0
1140,1,35.040051042529946,35.040051042529946,100.0
1140,2,22.039674582897074,22.039674582897074,100.0
1150,0,40.5357234853411,40.5357234853411,100.0
1150,1,39.158504803568825,39.158504803568825,100.0
1150,2,20.305771711090085,20.305771711090085,100.0
1160,0,39.751302001079125,39.751302001079125,100.0
1160,1,42.25474091602207,42.25474091602207,100.0
1160,2,17.993957082898802,17.993957082898802,100.0
1170,0,28.73203713088045,28.73203713088045,100.0
1170,1,50.1459420910915,50.1459420910915,100.0
1170,2,21.122020778028052,21.122020778028052,100.0
1180,0,37.098675261765266,37.098675261765266,100.0
1180,1,39.19905874586416,39.19905874586416,100.0
1180,2,23.702265992370577,23.702265992370577,100.0
1190,0,38.051472490183286,38.051472490183286,100.0
1190,1,40.906292276890944,40.906292276890944,100.0
1190,2,21.04223523292578,21.04223523292578,100.0
1200,0,44.651175587856294,44.651175587856294,100.0
1200,1,29.96445397122195,29.96445397122195,100.0
1200,2,25.384370440921757,25.384370440921757,100.0
1210,0,29.9957112560645,29.9957112560645,100.0
1210,1,29.692178015705807,29.692178015705807,100.0
1210,2,40.312110728229705,40.312110728229705,100.0
1220,0,36.28591338003922,36.28591338003922,100.0
1220,1,32.96342216050391,32.96342216050391,100.0
1220,2,30.750664459456882,30.750664459456882,100.0
1230,0,35.106885462689604,35.106885462689604,100.0
1230,1,39.00486510808882,39.00486510808882,100.0
1230,2,25.88824942922158,25.88824942922158,100.0
1240,0,40.035943471198365,40.035943471198365,100.0
1240,1,32.89438980651463,32.89438980651463,100.0
1240,2,27.069666722286996,27.069666722286996,100.0
1250,0,30.484810207022743,30.484810207022743,100.0
1250,1,29.260672352064574,29.260672352064574,100.0
1250,2,40.254517440912686,40.254517440912686,100.0
1260,0,26.46892634280728,26.46892634280728,100.0
1260,1,36.12567727534478,36.12567727534478,100.0
1260,2,37.405396381847936,37.405396381847936,100.0
1270,0,52.10261030490402,52.10261030490402,100.0
1270,1,26.868947882194195,26.868947882194195,100.0
1270,2,21.028441812901782,21.028441812901782,100.0
1280,0,28.773004136545627,28.773004136545627,100.0
1280,1,48.59381520881288,48.59381520881288,100.0
1280,2,22.633180654641492,22.633180654641492,100.0
1290,0,34.67629533682642,34.67629533682642,100.0
1290,1,38.2240249830184,38.2240249830184,100.0
1290,2,27.09967968015518,27.09967968015518,100.0
1300,0,36.062393139290464,36.062393139290464,100.0
1300,1,29.961070506620413,29.961070506620413,100.0
1300,2,33.97653635408912,33.97653635408912,100.0
1310,0,31.618036736778155,31.618036736778155,100.0
1310,1,41.144963269072576,41.144963269072576,100.0
1310,2,27.23699999414928,27.23699999414928,100.0
1320,0,27.22002513880577,27.22002513880577,100.0
1320,1,33.02877321945713,33.02877321945713,100.0
1320,2,39.7512016417371,39.7512016417371,100.0
1330,0,49.91935547312175,49.91935547312175,100.0
1330,1,28.55839020194487,28.55839020194487,100.0
1330,2,21.52225432493339,21.52225432493339,100.0
1340,0,24.264792373786225,24.264792373786225,100.0
1340,1,43.22829047824675,43.22829047824675,100.0
1340,2,32.50691714796702,32.50691714796702,100.0
1350,0,26.596793488915072,26.596793488915072,100.0
1350,1,30.850557069695235,30.850557069695235,100.0
1350,2,42.552649441389704,42.552649441389704,100.0
1360,0,31.590373816489482,31.590373816489482,100.0
1360,1,48.588959391291326,48.588959391291326,100.0
1360,2,19.820666792219193,19.820666792219193,100.0
1370,0,40.0862672878279,40.0862672878279,100.0
1370,1,30.15371537440299,30.15371537440299,100.0
1370,2,29.760017337769106,29.760017337769106,100.0
1380,0,25.739515051480787,25.739515051480787,100.0
1380,1,53.922176893402664,53.922176893402664,100.0
1380,2,20.33830805511656,20.33830805511656,100.0
1390,0,36.11200911413397,36.11200911413397,100.0
1390,1,40.269902888623385,40.269902888623385,100.0
1390,2,23.618087997242647,23.618087997242647,100.0
1400,0,47.67653414109974,47.67653414109974,100.0
1400,1,28.457690509264598,28.457690509264598,100.0
1400,2,23.86577534963566,23.86577534963566,100.0
1410,0,29.966338747339467,29.966338747339467,100.0
1410,1,40.00696561653265,40.00696561653265,100.0
1410,2,30.026695636127876,30.026695636127876,100.0
1420,0,25.136786407188712,25.136786407188712,100.0
1420,1,51.25221176926556,51.25221176926556,100.0
1420,2,23.611001823545735,23.611001823545735,100.0
1430,0,37.588172314445636,37.588172314445636,100.0
1430,1,34.58390019162129,34.58390019162129,100.0
1430,2,27.827927493933082,27.827927493933082,100.0
1440,0,25.4813039818082,25.4813039818082,100.0
1440,1,38.72055938432574,38.72055938432574,100.0
1440,2,35.798136633866065,35.798136633866065,100.0
1450,0,23.140488665834823,23.140488665834823,100.0
1450,1,50.60822928063858,50.60822928063858,100.0
1450,2,26.25128205352659,26.25128205352659,100.0
1460,0,27.505754287334643,27.505754287334643,100.0
1460,1,38.58383870599641,38.58383870599641,100.0
1460,2,33.91040700666894,33.91040700666894,100.0
1470,0,23.06860238021244,23.06860238021244,100.0
1470,1,53.69582445059308,53.69582445059308,100.0
1470,2,23.235573169194485,23.235573169194485,100.0
1480,0,23.685232966498894,23.685232966498894,100.0
1480,1,51.02942659095322,51.02942659095322,100.0
1480,2,25.285340442547888,25.285340442547888,100.0
1490,0,34.69597998414611,34.69597998414611,100.0
1490,1,37.96665739191455,37.96665739191455,100.0
1490,2,27.33736262393933,27.33736262393933,100.0
1500,0,38.34568282337748,38.34568282337748,100.0
1500,1,28.325531234765716,28.325531234765716,100.0
1500,2,33.3287859418568,33.3287859418568,100.0
