timestamp,ueImsi,sliceId,dTxBytes,dRxBytes,plr,resourceSharePct,dLostPackets,throughputMbps,bufferBytes
560,1,0,24448,4584,81.25,34.05,13,3.6672,126168
560,2,0,24448,4584,81.25,34.05,13,3.6672,126165
560,3,0,24448,4584,81.25,34.05,13,3.6672,126196
560,4,0,24448,4584,81.25,34.05,13,3.6672,126097
560,5,0,24448,4584,81.25,34.05,13,3.6672,126101
560,6,1,390,390,0.00,26.32,0,0.3120,87
560,7,1,390,390,0.00,26.32,0,0.3120,87
560,8,1,390,390,0.00,26.32,0,0.3120,87
560,9,1,390,390,0.00,26.32,0,0.3120,87
560,10,1,390,390,0.00,26.32,0,0.3120,87
560,11,2,16000,1664,89.60,39.63,112,1.3312,85931
560,12,2,16000,1664,89.60,39.63,112,1.3312,85921
560,13,2,16000,1792,88.80,39.63,111,1.4336,85940
560,14,2,16000,1792,88.80,39.63,111,1.4336,85873
560,15,2,16000,1792,88.80,39.63,111,1.4336,85882
560,16,2,16000,1664,89.60,39.63,112,1.3312,85907
560,17,2,16000,1792,88.80,39.63,111,1.4336,85878
560,18,2,16000,1664,89.60,39.63,112,1.3312,85937
560,19,2,16000,1792,88.80,39.63,111,1.4336,85884
560,20,2,16000,1792,88.80,39.63,111,1.4336,85886
