timestamp_ms,ue_id,slice_id,direction,thr_mbps,tx_bytes,plr_pct,effective_lost_pct,rsh_pct
600,1,0,UL,0.0000,0,100.00,100.00,40.00
600,2,0,UL,0.0000,0,100.00,100.00,40.00
600,3,0,UL,4.7155,58944,53.85,53.85,40.00
600,4,0,UL,0.0000,0,100.00,100.00,40.00
600,5,0,UL,9.2346,115432,9.62,9.62,40.00
600,14,2,DL,0.3427,4284,93.18,93.18,45.00
600,15,2,DL,0.3427,4284,93.18,93.18,45.00
600,16,2,DL,0.3427,4284,93.18,93.18,45.00
600,17,2,DL,0.0000,0,100.00,100.00,45.00
600,18,2,DL,0.3427,4284,93.18,93.18,45.00
600,1,0,DL,0.0000,0,100.00,100.00,40.00
600,2,0,DL,0.0000,0,100.00,100.00,40.00
600,3,0,DL,0.0000,0,100.00,100.00,40.00
600,4,0,DL,0.0000,0,100.00,100.00,40.00
600,5,0,DL,0.0000,0,100.00,100.00,40.00
600,14,2,UL,0.0000,0,0.00,0.00,45.00
600,15,2,UL,0.0000,0,100.00,100.00,45.00
600,16,2,UL,0.0000,0,0.00,0.00,45.00
600,17,2,UL,0.0000,0,100.00,100.00,45.00
600,18,2,UL,0.0000,0,50.00,50.00,45.00
700,1,0,UL,0.0000,0,100.00,100.00,40.00
700,2,0,UL,0.6877,8596,96.63,96.63,40.00
700,3,0,UL,6.0909,76136,70.19,70.19,40.00
700,4,0,UL,0.0000,0,100.00,100.00,40.00
700,5,0,UL,20.1392,251740,1.44,1.44,40.00
700,14,2,DL,0.2826,3532,96.63,96.63,45.00
700,15,2,DL,0.3427,4284,96.63,96.63,45.00
700,16,2,DL,0.2826,3532,96.63,96.63,45.00
700,17,2,DL,0.0000,0,100.00,100.00,45.00
700,18,2,DL,0.3126,3908,96.63,96.63,45.00
700,1,0,DL,0.0000,0,100.00,100.00,40.00
700,2,0,DL,0.0000,0,100.00,100.00,40.00
700,3,0,DL,0.0000,0,100.00,100.00,40.00
700,4,0,DL,0.0000,0,100.00,100.00,40.00
700,5,0,DL,0.0000,0,100.00,100.00,40.00
700,14,2,UL,0.0000,0,0.00,0.00,45.00
700,15,2,UL,0.0000,0,88.89,88.89,45.00
700,16,2,UL,0.0000,0,11.11,11.11,45.00
700,17,2,UL,0.0000,0,100.00,100.00,45.00
700,18,2,UL,0.0000,0,77.78,77.78,45.00
800,1,0,UL,0.0000,0,100.00,100.00,24.07
800,2,0,UL,4.7155,58944,84.62,84.62,24.07
800,3,0,UL,16.4061,205076,46.47,46.47,24.07
800,4,0,UL,0.0000,0,100.00,100.00,24.07
800,5,0,UL,30.0614,375768,1.92,1.92,24.07
800,14,2,DL,0.2074,2592,97.74,97.74,45.49
800,15,2,DL,0.3277,4096,97.74,97.74,45.49
800,16,2,DL,0.2224,2780,97.74,97.74,45.49
800,17,2,DL,0.0000,0,100.00,100.00,45.49
800,18,2,DL,0.3126,3908,97.74,97.74,45.49
800,1,0,DL,0.0000,0,100.00,100.00,24.07
800,2,0,DL,0.0000,0,100.00,100.00,24.07
800,3,0,DL,0.0000,0,100.00,100.00,24.07
800,4,0,DL,0.0000,0,100.00,100.00,24.07
800,5,0,DL,0.0000,0,100.00,100.00,24.07
800,14,2,UL,0.0000,0,0.00,0.00,45.49
800,15,2,UL,0.0000,0,92.86,92.86,45.49
800,16,2,UL,0.0000,0,35.71,35.71,45.49
800,17,2,UL,0.0000,0,100.00,100.00,45.49
800,18,2,UL,0.0000,0,78.57,78.57,45.49
900,1,0,UL,0.0000,0,100.00,100.00,44.88
900,2,0,UL,8.4486,105608,79.33,79.33,44.88
900,3,0,UL,28.7843,359804,29.57,29.57,44.88
900,4,0,UL,0.0000,0,100.00,100.00,44.88
900,5,0,UL,31.1421,389276,23.80,23.80,44.88
900,14,2,DL,0.1322,1652,98.31,98.31,18.08
900,15,2,DL,0.3277,4096,98.31,98.31,18.08
900,16,2,DL,0.2074,2592,98.31,98.31,18.08
900,17,2,DL,0.0000,0,100.00,100.00,18.08
900,18,2,DL,0.2976,3720,98.31,98.31,18.08
900,1,0,DL,0.0000,0,100.00,100.00,44.88
900,2,0,DL,0.0000,0,100.00,100.00,44.88
900,3,0,DL,0.0000,0,100.00,100.00,44.88
900,4,0,DL,0.0000,0,100.00,100.00,44.88
900,5,0,DL,0.0000,0,100.00,100.00,44.88
900,14,2,UL,0.0000,0,0.00,0.00,18.08
900,15,2,UL,0.0000,0,94.74,94.74,18.08
900,16,2,UL,0.0000,0,5.26,5.26,18.08
900,17,2,UL,0.0000,0,100.00,100.00,18.08
900,18,2,UL,0.0000,0,73.68,73.68,18.08
1000,1,0,UL,0.0000,0,100.00,100.00,30.79
1000,2,0,UL,12.3782,154728,75.77,75.77,30.79
1000,3,0,UL,34.2858,428572,32.88,32.88,30.79
1000,4,0,UL,0.0000,0,100.00,100.00,30.79
1000,5,0,UL,32.5174,406468,36.35,36.35,30.79
1000,14,2,DL,0.0570,712,98.65,98.65,28.67
1000,15,2,DL,0.3277,4096,98.65,98.65,28.67
1000,16,2,DL,0.0720,900,98.65,98.65,28.67
1000,17,2,DL,0.0000,0,100.00,100.00,28.67
1000,18,2,DL,0.2675,3344,98.65,98.65,28.67
1000,1,0,DL,0.0000,0,100.00,100.00,30.79
1000,2,0,DL,0.0000,0,100.00,100.00,30.79
1000,3,0,DL,0.0000,0,100.00,100.00,30.79
1000,4,0,DL,0.0000,0,100.00,100.00,30.79
1000,5,0,DL,0.0000,0,100.00,100.00,30.79
1000,14,2,UL,0.0182,228,0.00,0.00,28.67
1000,15,2,UL,0.0000,0,95.83,95.83,28.67
1000,16,2,UL,0.0032,40,4.17,4.17,28.67
1000,17,2,UL,0.0000,0,100.00,100.00,28.67
1000,18,2,UL,0.0000,0,70.83,70.83,28.67
1000,6,1,UL,0.0000,0,100.00,100.00,40.53
1100,1,0,UL,0.0000,0,100.00,100.00,29.47
1100,2,0,UL,16.2096,202620,73.56,73.56,29.47
1100,3,0,UL,37.8224,472780,38.30,38.30,29.47
1100,4,0,UL,0.0000,0,100.00,100.00,29.47
1100,5,0,UL,60.1229,751536,1.92,1.92,29.47
1100,14,2,DL,0.0000,0,98.88,98.88,31.30
1100,15,2,DL,0.3277,4096,98.88,98.88,31.30
1100,16,2,DL,0.0000,0,98.88,98.88,31.30
1100,17,2,DL,0.0000,0,100.00,100.00,31.30
1100,18,2,DL,0.2374,2968,98.88,98.88,31.30
1100,1,0,DL,0.0000,0,100.00,100.00,29.47
1100,2,0,DL,0.0000,0,100.00,100.00,29.47
1100,3,0,DL,0.0000,0,100.00,100.00,29.47
1100,4,0,DL,0.0000,0,100.00,100.00,29.47
1100,5,0,DL,0.0000,0,100.00,100.00,29.47
1100,14,2,UL,0.0934,1168,0.00,0.00,31.30
1100,15,2,UL,0.0000,0,96.55,96.55,31.30
1100,16,2,UL,0.0784,980,3.45,3.45,31.30
1100,17,2,UL,0.0000,0,100.00,100.00,31.30
1100,18,2,UL,0.0000,0,65.52,65.52,31.30
1100,6,1,UL,0.0000,0,100.00,100.00,39.22
1100,7,1,UL,0.0086,108,0.00,0.00,39.22
1100,8,1,UL,0.0086,108,0.00,0.00,39.22
1200,1,0,UL,0.0000,0,100.00,100.00,21.30
1200,2,0,UL,22.1040,276300,69.14,69.14,21.30
1200,3,0,UL,44.4045,555056,38.00,38.00,21.30
1200,4,0,UL,0.0000,0,100.00,100.00,21.30
1200,5,0,UL,70.4381,880476,1.65,1.65,21.30
1200,14,2,DL,0.0000,0,99.04,99.04,39.96
1200,15,2,DL,0.3277,4096,99.04,99.04,39.96
1200,16,2,DL,0.0000,0,99.04,99.04,39.96
1200,17,2,DL,0.0000,0,100.00,100.00,39.96
1200,18,2,DL,0.1923,2404,99.04,99.04,39.96
1200,1,0,DL,0.0000,0,100.00,100.00,21.30
1200,2,0,DL,0.0000,0,100.00,100.00,21.30
1200,3,0,DL,0.0000,0,100.00,100.00,21.30
1200,4,0,DL,0.0000,0,100.00,100.00,21.30
1200,5,0,DL,0.0000,0,100.00,100.00,21.30
1200,14,2,UL,0.1686,2108,0.00,0.00,39.96
1200,15,2,UL,0.0000,0,97.06,97.06,39.96
1200,16,2,UL,0.1536,1920,2.94,2.94,39.96
1200,17,2,UL,0.0000,0,100.00,100.00,39.96
1200,18,2,UL,0.0000,0,64.71,64.71,39.96
1200,6,1,UL,0.0000,0,100.00,100.00,38.74
1200,7,1,UL,0.0000,0,0.00,0.00,38.74
1200,8,1,UL,0.0000,0,0.00,0.00,38.74
1200,9,1,UL,0.0086,108,0.00,0.00,38.74
1300,1,0,UL,0.0000,0,100.00,100.00,24.64
1300,2,0,UL,22.6934,283668,72.27,72.27,24.64
1300,3,0,UL,49.3165,616456,39.74,39.74,24.64
1300,4,0,UL,0.0000,0,100.00,100.00,24.64
1300,5,0,UL,80.8515,1010644,1.20,1.20,24.64
1300,14,2,DL,0.0000,0,99.16,99.16,32.24
1300,15,2,DL,0.3277,4096,99.16,99.16,32.24
1300,16,2,DL,0.0000,0,99.16,99.16,32.24
1300,17,2,DL,0.0000,0,100.00,100.00,32.24
1300,18,2,DL,0.1622,2028,99.16,99.16,32.24
1300,1,0,DL,0.0000,0,100.00,100.00,24.64
1300,2,0,DL,0.0000,0,100.00,100.00,24.64
1300,3,0,DL,0.0000,0,100.00,100.00,24.64
1300,4,0,DL,0.0000,0,100.00,100.00,24.64
1300,5,0,DL,0.0000,0,100.00,100.00,24.64
1300,14,2,UL,0.2438,3048,0.00,0.00,32.24
1300,15,2,UL,0.0000,0,97.44,97.44,32.24
1300,16,2,UL,0.1686,2108,12.82,12.82,32.24
1300,17,2,UL,0.0000,0,100.00,100.00,32.24
1300,18,2,UL,0.0000,0,69.23,69.23,32.24
1300,6,1,UL,0.0000,0,100.00,100.00,43.13
1300,7,1,UL,0.0000,0,0.00,0.00,43.13
1300,8,1,UL,0.0000,0,0.00,0.00,43.13
1300,9,1,UL,0.0000,0,0.00,0.00,43.13
1300,10,1,UL,0.0000,0,100.00,100.00,43.13
1400,1,0,UL,0.0000,0,100.00,100.00,39.79
1400,2,0,UL,28.6861,358576,68.84,68.84,39.79
1400,3,0,UL,63.9542,799428,30.52,30.52,39.79
1400,4,0,UL,0.0000,0,100.00,100.00,39.79
1400,5,0,UL,81.2445,1015556,11.74,11.74,39.79
1400,14,2,DL,0.0000,0,99.25,99.25,29.10
1400,15,2,DL,0.3277,4096,99.25,99.25,29.10
1400,16,2,DL,0.0000,0,99.25,99.25,29.10
1400,17,2,DL,0.0000,0,100.00,100.00,29.10
1400,18,2,DL,0.1622,2028,99.25,99.25,29.10
1400,1,0,DL,0.0000,0,100.00,100.00,39.79
1400,2,0,DL,0.0000,0,100.00,100.00,39.79
1400,3,0,DL,0.0000,0,100.00,100.00,39.79
1400,4,0,DL,0.0000,0,100.00,100.00,39.79
1400,5,0,DL,0.0000,0,100.00,100.00,39.79
1400,14,2,UL,0.2890,3612,4.55,4.55,29.10
1400,15,2,UL,0.0000,0,97.73,97.73,29.10
1400,16,2,UL,0.2890,3612,4.55,4.55,29.10
1400,17,2,UL,0.0000,0,100.00,100.00,29.10
1400,18,2,UL,0.0000,0,61.36,61.36,29.10
1400,6,1,UL,0.0000,0,100.00,100.00,31.11
1400,7,1,UL,0.0000,0,0.00,0.00,31.11
1400,8,1,UL,0.0000,0,0.00,0.00,31.11
1400,9,1,UL,0.0000,0,0.00,0.00,31.11
1400,10,1,UL,0.0000,0,100.00,100.00,31.11
1400,11,1,UL,0.0086,108,0.00,0.00,31.11
1400,12,1,UL,0.0000,0,100.00,100.00,31.11
1500,1,0,UL,0.0000,0,100.00,100.00,38.41
1500,2,0,UL,32.6157,407696,68.11,68.11,38.41
1500,3,0,UL,68.0803,851004,33.43,33.43,38.41
1500,4,0,UL,0.0000,0,100.00,100.00,38.41
1500,5,0,UL,90.8720,1135900,11.14,11.14,38.41
1500,14,2,DL,0.0000,0,99.33,99.33,28.60
1500,15,2,DL,0.3277,4096,99.33,99.33,28.60
1500,16,2,DL,0.0000,0,99.33,99.33,28.60
1500,17,2,DL,0.0000,0,100.00,100.00,28.60
1500,18,2,DL,0.0870,1088,99.33,99.33,28.60
1500,1,0,DL,0.0000,0,100.00,100.00,38.41
1500,2,0,DL,0.0000,0,100.00,100.00,38.41
1500,3,0,DL,0.0000,0,100.00,100.00,38.41
1500,4,0,DL,0.0000,0,100.00,100.00,38.41
1500,5,0,DL,0.0000,0,100.00,100.00,38.41
1500,14,2,UL,0.3040,3800,12.24,12.24,28.60
1500,15,2,UL,0.0000,0,97.96,97.96,28.60
1500,16,2,UL,0.3642,4552,4.08,4.08,28.60
1500,17,2,UL,0.0000,0,100.00,100.00,28.60
1500,18,2,UL,0.0000,0,59.18,59.18,28.60
1500,6,1,UL,0.0000,0,100.00,100.00,32.99
1500,7,1,UL,0.0000,0,0.00,0.00,32.99
1500,8,1,UL,0.0000,0,0.00,0.00,32.99
1500,9,1,UL,0.0000,0,0.00,0.00,32.99
1500,10,1,UL,0.0000,0,100.00,100.00,32.99
1500,11,1,UL,0.0000,0,0.00,0.00,32.99
1500,12,1,UL,0.0000,0,100.00,100.00,32.99
1500,13,1,UL,0.0086,108,0.00,0.00,32.99
1600,1,0,UL,0.0000,0,100.00,100.00,31.18
1600,2,0,UL,33.4998,418748,70.22,70.22,31.18
1600,3,0,UL,69.4557,868196,38.25,38.25,31.18
1600,4,0,UL,0.0000,0,100.00,100.00,31.18
1600,5,0,UL,97.5523,1219404,13.28,13.28,31.18
1600,14,2,DL,0.0000,0,99.39,99.39,23.29
1600,15,2,DL,0.3277,4096,99.39,99.39,23.29
1600,16,2,DL,0.0000,0,99.39,99.39,23.29
1600,17,2,DL,0.0000,0,100.00,100.00,23.29
1600,18,2,DL,0.0419,524,99.39,99.39,23.29
1600,1,0,DL,0.0000,0,100.00,100.00,31.18
1600,2,0,DL,0.0000,0,100.00,100.00,31.18
1600,3,0,DL,0.0000,0,100.00,100.00,31.18
1600,4,0,DL,0.0000,0,100.00,100.00,31.18
1600,5,0,DL,0.0000,0,100.00,100.00,31.18
1600,14,2,UL,0.4394,5492,3.70,3.70,23.29
1600,15,2,UL,0.0000,0,98.15,98.15,23.29
1600,16,2,UL,0.4394,5492,3.70,3.70,23.29
1600,17,2,UL,0.0000,0,100.00,100.00,23.29
1600,18,2,UL,0.0000,0,62.96,62.96,23.29
1600,6,1,UL,0.0000,0,100.00,100.00,45.53
1600,7,1,UL,0.0000,0,0.00,0.00,45.53
1600,8,1,UL,0.0000,0,0.00,0.00,45.53
1600,9,1,UL,0.0000,0,0.00,0.00,45.53
1600,10,1,UL,0.0000,0,100.00,100.00,45.53
1600,11,1,UL,0.0000,0,0.00,0.00,45.53
1600,12,1,UL,0.0000,0,100.00,100.00,45.53
1600,13,1,UL,0.0000,0,0.00,0.00,45.53
1700,1,0,UL,0.0000,0,100.00,100.00,41.30
1700,2,0,UL,37.7242,471552,69.26,69.26,41.30
1700,3,0,UL,77.9043,973804,36.51,36.51,41.30
1700,4,0,UL,0.0000,0,100.00,100.00,41.30
1700,5,0,UL,116.9056,1461320,4.72,4.72,41.30
1700,14,2,DL,0.0000,0,99.44,99.44,18.63
1700,15,2,DL,0.3277,4096,99.44,99.44,18.63
1700,16,2,DL,0.0000,0,99.44,99.44,18.63
1700,17,2,DL,0.0000,0,100.00,100.00,18.63
1700,18,2,DL,0.0419,524,99.44,99.44,18.63
1700,1,0,DL,0.0000,0,100.00,100.00,41.30
1700,2,0,DL,0.0000,0,100.00,100.00,41.30
1700,3,0,DL,0.0000,0,100.00,100.00,41.30
1700,4,0,DL,0.0000,0,100.00,100.00,41.30
1700,5,0,DL,0.0000,0,100.00,100.00,41.30
1700,14,2,UL,0.5146,6432,3.39,3.39,18.63
1700,15,2,UL,0.0000,0,98.31,98.31,18.63
1700,16,2,UL,0.5146,6432,3.39,3.39,18.63
1700,17,2,UL,0.0000,0,100.00,100.00,18.63
1700,18,2,UL,0.0000,0,66.10,66.10,18.63
1700,6,1,UL,0.0000,0,100.00,100.00,40.07
1700,7,1,UL,0.0000,0,0.00,0.00,40.07
1700,8,1,UL,0.0000,0,0.00,0.00,40.07
1700,9,1,UL,0.0000,0,0.00,0.00,40.07
1700,10,1,UL,0.0000,0,100.00,100.00,40.07
1700,11,1,UL,0.0000,0,0.00,0.00,40.07
1700,12,1,UL,0.0000,0,100.00,100.00,40.07
1700,13,1,UL,0.0000,0,0.00,0.00,40.07
1800,1,0,UL,0.0000,0,100.00,100.00,31.43
1800,2,0,UL,41.2608,515760,68.98,68.98,31.43
1800,3,0,UL,86.7459,1084324,34.79,34.79,31.43
1800,4,0,UL,0.0000,0,100.00,100.00,31.43
1800,5,0,UL,130.4627,1630784,1.92,1.92,31.43
1800,14,2,DL,0.0000,0,99.48,99.48,31.27
1800,15,2,DL,0.3277,4096,99.48,99.48,31.27
1800,16,2,DL,0.0000,0,99.48,99.48,31.27
1800,17,2,DL,0.0000,0,100.00,100.00,31.27
1800,18,2,DL,0.0419,524,99.48,99.48,31.27
1800,1,0,DL,0.0000,0,100.00,100.00,31.43
1800,2,0,DL,0.0000,0,100.00,100.00,31.43
1800,3,0,DL,0.0000,0,100.00,100.00,31.43
1800,4,0,DL,0.0000,0,100.00,100.00,31.43
1800,5,0,DL,0.0000,0,100.00,100.00,31.43
1800,14,2,UL,0.5898,7372,3.12,3.12,31.27
1800,15,2,UL,0.0000,0,98.44,98.44,31.27
1800,16,2,UL,0.5898,7372,3.12,3.12,31.27
1800,17,2,UL,0.0000,0,100.00,100.00,31.27
1800,18,2,UL,0.0000,0,68.75,68.75,31.27
1800,6,1,UL,0.0000,0,100.00,100.00,37.30
1800,7,1,UL,0.0000,0,0.00,0.00,37.30
1800,8,1,UL,0.0000,0,0.00,0.00,37.30
1800,9,1,UL,0.0000,0,0.00,0.00,37.30
1800,10,1,UL,0.0000,0,100.00,100.00,37.30
1800,11,1,UL,0.0000,0,0.00,0.00,37.30
1800,12,1,UL,0.0000,0,100.00,100.00,37.30
1800,13,1,UL,0.0000,0,0.00,0.00,37.30
1900,1,0,UL,0.0000,0,100.00,100.00,37.54
1900,2,0,UL,44.1098,551372,69.20,69.20,37.54
1900,3,0,UL,93.6227,1170284,34.64,34.64,37.54
1900,4,0,UL,0.0000,0,100.00,100.00,37.54
1900,5,0,UL,140.6797,1758496,1.78,1.78,37.54
1900,14,2,DL,0.0000,0,99.52,99.52,23.32
1900,15,2,DL,0.3277,4096,99.52,99.52,23.32
1900,16,2,DL,0.0000,0,99.52,99.52,23.32
1900,17,2,DL,0.0000,0,100.00,100.00,23.32
1900,18,2,DL,0.0419,524,99.52,99.52,23.32
1900,1,0,DL,0.0000,0,100.00,100.00,37.54
1900,2,0,DL,0.0000,0,100.00,100.00,37.54
1900,3,0,DL,0.0000,0,100.00,100.00,37.54
1900,4,0,DL,0.0000,0,100.00,100.00,37.54
1900,5,0,DL,0.0000,0,100.00,100.00,37.54
1900,14,2,UL,0.6650,8312,2.90,2.90,23.32
1900,15,2,UL,0.0000,0,98.55,98.55,23.32
1900,16,2,UL,0.6650,8312,2.90,2.90,23.32
1900,17,2,UL,0.0000,0,100.00,100.00,23.32
1900,18,2,UL,0.0000,0,71.01,71.01,23.32
1900,6,1,UL,0.0000,0,100.00,100.00,39.14
1900,7,1,UL,0.0000,0,0.00,0.00,39.14
1900,8,1,UL,0.0000,0,0.00,0.00,39.14
1900,9,1,UL,0.0000,0,0.00,0.00,39.14
1900,10,1,UL,0.0000,0,100.00,100.00,39.14
1900,11,1,UL,0.0000,0,0.00,0.00,39.14
1900,12,1,UL,0.0000,0,100.00,100.00,39.14
1900,13,1,UL,0.0000,0,0.00,0.00,39.14
2000,1,0,UL,0.0000,0,100.00,100.00,27.16
2000,2,0,UL,50.1024,626280,67.35,67.35,27.16
2000,3,0,UL,106.0992,1326240,30.86,30.86,27.16
2000,4,0,UL,0.0000,0,100.00,100.00,27.16
2000,5,0,UL,150.8966,1886208,1.66,1.66,27.16
2000,14,2,DL,0.0000,0,99.55,99.55,24.75
2000,15,2,DL,0.3277,4096,99.55,99.55,24.75
2000,16,2,DL,0.0000,0,99.55,99.55,24.75
2000,17,2,DL,0.0000,0,100.00,100.00,24.75
2000,18,2,DL,0.0419,524,99.55,99.55,24.75
2000,1,0,DL,0.0000,0,100.00,100.00,27.16
2000,2,0,DL,0.0000,0,100.00,100.00,27.16
2000,3,0,DL,0.0000,0,100.00,100.00,27.16
2000,4,0,DL,0.0000,0,100.00,100.00,27.16
2000,5,0,DL,0.0000,0,100.00,100.00,27.16
2000,14,2,UL,0.7402,9252,2.70,2.70,24.75
2000,15,2,UL,0.0000,0,98.65,98.65,24.75
2000,16,2,UL,0.7402,9252,2.70,2.70,24.75
2000,17,2,UL,0.0000,0,100.00,100.00,24.75
2000,18,2,UL,0.0000,0,72.97,72.97,24.75
2000,6,1,UL,0.0000,0,100.00,100.00,48.08
2000,7,1,UL,0.0000,0,0.00,0.00,48.08
2000,8,1,UL,0.0000,0,0.00,0.00,48.08
2000,9,1,UL,0.0000,0,0.00,0.00,48.08
2000,10,1,UL,0.0000,0,100.00,100.00,48.08
2000,11,1,UL,0.0000,0,0.00,0.00,48.08
2000,12,1,UL,0.0000,0,100.00,100.00,48.08
2000,13,1,UL,0.0000,0,0.00,0.00,48.08
2100,1,0,UL,0.0000,0,100.00,100.00,29.31
2100,2,0,UL,53.1478,664348,67.53,67.53,29.31
2100,3,0,UL,106.7869,1334836,34.75,34.75,29.31
2100,4,0,UL,0.0000,0,100.00,100.00,29.31
2100,5,0,UL,161.4083,2017604,1.38,1.38,29.31
2100,14,2,DL,0.0000,0,99.58,99.58,26.11
2100,15,2,DL,0.3277,4096,99.58,99.58,26.11
2100,16,2,DL,0.0000,0,99.58,99.58,26.11
2100,17,2,DL,0.0000,0,100.00,100.00,26.11
2100,18,2,DL,0.0419,524,99.58,99.58,26.11
2100,1,0,DL,0.0000,0,100.00,100.00,29.31
2100,2,0,DL,0.0000,0,100.00,100.00,29.31
2100,3,0,DL,0.0000,0,100.00,100.00,29.31
2100,4,0,DL,0.0000,0,100.00,100.00,29.31
2100,5,0,DL,0.0000,0,100.00,100.00,29.31
2100,14,2,UL,0.8154,10192,2.53,2.53,26.11
2100,15,2,UL,0.0000,0,98.73,98.73,26.11
2100,16,2,UL,0.8154,10192,2.53,2.53,26.11
2100,17,2,UL,0.0000,0,100.00,100.00,26.11
2100,18,2,UL,0.0000,0,74.68,74.68,26.11
2100,6,1,UL,0.0000,0,100.00,100.00,44.58
2100,7,1,UL,0.0000,0,0.00,0.00,44.58
2100,8,1,UL,0.0000,0,0.00,0.00,44.58
2100,9,1,UL,0.0000,0,0.00,0.00,44.58
2100,10,1,UL,0.0000,0,100.00,100.00,44.58
2100,11,1,UL,0.0000,0,0.00,0.00,44.58
2100,12,1,UL,0.0000,0,100.00,100.00,44.58
2100,13,1,UL,0.0000,0,0.00,0.00,44.58
2200,1,0,UL,0.0000,0,100.00,100.00,30.96
2200,2,0,UL,56.2915,703644,67.63,67.63,30.96
2200,3,0,UL,112.8778,1410972,35.08,35.08,30.96
2200,4,0,UL,0.0000,0,100.00,100.00,30.96
2200,5,0,UL,171.4288,2142860,1.41,1.41,30.96
2200,14,2,DL,0.0000,0,99.60,99.60,29.95
2200,15,2,DL,0.3277,4096,99.60,99.60,29.95
2200,16,2,DL,0.0000,0,99.60,99.60,29.95
2200,17,2,DL,0.0000,0,100.00,100.00,29.95
2200,18,2,DL,0.0419,524,99.60,99.60,29.95
2200,1,0,DL,0.0000,0,100.00,100.00,30.96
2200,2,0,DL,0.0000,0,100.00,100.00,30.96
2200,3,0,DL,0.0000,0,100.00,100.00,30.96
2200,4,0,DL,0.0000,0,100.00,100.00,30.96
2200,5,0,DL,0.0000,0,100.00,100.00,30.96
2200,14,2,UL,0.8906,11132,2.38,2.38,29.95
2200,15,2,UL,0.0000,0,98.81,98.81,29.95
2200,16,2,UL,0.8906,11132,2.38,2.38,29.95
2200,17,2,UL,0.0000,0,100.00,100.00,29.95
2200,18,2,UL,0.0000,0,76.19,76.19,29.95
2200,6,1,UL,0.0000,0,100.00,100.00,39.09
2200,7,1,UL,0.0000,0,0.00,0.00,39.09
2200,8,1,UL,0.0000,0,0.00,0.00,39.09
2200,9,1,UL,0.0000,0,0.00,0.00,39.09
2200,10,1,UL,0.0000,0,100.00,100.00,39.09
2200,11,1,UL,0.0000,0,0.00,0.00,39.09
2200,12,1,UL,0.0000,0,100.00,100.00,39.09
2200,13,1,UL,0.0000,0,0.00,0.00,39.09
2300,1,0,UL,0.0000,0,100.00,100.00,23.55
2300,2,0,UL,60.0246,750308,67.40,67.40,23.55
2300,3,0,UL,126.5331,1581664,31.27,31.27,23.55
2300,4,0,UL,0.0000,0,100.00,100.00,23.55
2300,5,0,UL,181.6458,2270572,1.33,1.33,23.55
2300,14,2,DL,0.0000,0,99.63,99.63,32.47
2300,15,2,DL,0.3277,4096,99.63,99.63,32.47
2300,16,2,DL,0.0000,0,99.63,99.63,32.47
2300,17,2,DL,0.0000,0,100.00,100.00,32.47
2300,18,2,DL,0.0419,524,99.63,99.63,32.47
2300,1,0,DL,0.0000,0,100.00,100.00,23.55
2300,2,0,DL,0.0000,0,100.00,100.00,23.55
2300,3,0,DL,0.0000,0,100.00,100.00,23.55
2300,4,0,DL,0.0000,0,100.00,100.00,23.55
2300,5,0,DL,0.0000,0,100.00,100.00,23.55
2300,14,2,UL,0.9658,12072,2.25,2.25,32.47
2300,15,2,UL,0.0000,0,98.88,98.88,32.47
2300,16,2,UL,0.9658,12072,2.25,2.25,32.47
2300,17,2,UL,0.0000,0,100.00,100.00,32.47
2300,18,2,UL,0.0000,0,77.53,77.53,32.47
2300,6,1,UL,0.0000,0,100.00,100.00,43.97
2300,7,1,UL,0.0000,0,0.00,0.00,43.97
2300,8,1,UL,0.0000,0,0.00,0.00,43.97
2300,9,1,UL,0.0000,0,0.00,0.00,43.97
2300,10,1,UL,0.0000,0,100.00,100.00,43.97
2300,11,1,UL,0.0000,0,0.00,0.00,43.97
2300,12,1,UL,0.0000,0,100.00,100.00,43.97
2300,13,1,UL,0.0000,0,0.00,0.00,43.97
2400,1,0,UL,0.0000,0,100.00,100.00,41.24
2400,2,0,UL,63.4630,793288,67.36,67.36,41.24
2400,3,0,UL,128.9891,1612364,33.65,33.65,41.24
2400,4,0,UL,0.0000,0,100.00,100.00,41.24
2400,5,0,UL,186.6560,2333200,3.99,3.99,41.24
2400,14,2,DL,0.0000,0,99.65,99.65,21.91
2400,15,2,DL,0.3277,4096,99.65,99.65,21.91
2400,16,2,DL,0.0000,0,99.65,99.65,21.91
2400,17,2,DL,0.0000,0,100.00,100.00,21.91
2400,18,2,DL,0.0419,524,99.65,99.65,21.91
2400,1,0,DL,0.0000,0,100.00,100.00,41.24
2400,2,0,DL,0.0000,0,100.00,100.00,41.24
2400,3,0,DL,0.0000,0,100.00,100.00,41.24
2400,4,0,DL,0.0000,0,100.00,100.00,41.24
2400,5,0,DL,0.0000,0,100.00,100.00,41.24
2400,14,2,UL,1.0410,13012,2.13,2.13,21.91
2400,15,2,UL,0.0000,0,98.94,98.94,21.91
2400,16,2,UL,1.0410,13012,2.13,2.13,21.91
2400,17,2,UL,0.0000,0,100.00,100.00,21.91
2400,18,2,UL,0.0000,0,78.72,78.72,21.91
2400,6,1,UL,0.0000,0,100.00,100.00,36.85
2400,7,1,UL,0.0000,0,0.00,0.00,36.85
2400,8,1,UL,0.0000,0,0.00,0.00,36.85
2400,9,1,UL,0.0000,0,0.00,0.00,36.85
2400,10,1,UL,0.0000,0,100.00,100.00,36.85
2400,11,1,UL,0.0000,0,0.00,0.00,36.85
2400,12,1,UL,0.0000,0,100.00,100.00,36.85
2400,13,1,UL,0.0000,0,0.00,0.00,36.85
2500,1,0,UL,0.0000,0,100.00,100.00,40.95
2500,2,0,UL,71.2240,890300,65.19,65.19,40.95
2500,3,0,UL,140.7779,1759724,31.20,31.20,40.95
2500,4,0,UL,0.0000,0,100.00,100.00,40.95
2500,5,0,UL,190.3891,2379864,6.96,6.96,40.95
2500,14,2,DL,0.0000,0,99.66,99.66,32.20
2500,15,2,DL,0.3277,4096,99.66,99.66,32.20
2500,16,2,DL,0.0000,0,99.66,99.66,32.20
2500,17,2,DL,0.0000,0,100.00,100.00,32.20
2500,18,2,DL,0.0419,524,99.66,99.66,32.20
2500,1,0,DL,0.0000,0,100.00,100.00,40.95
2500,2,0,DL,0.0000,0,100.00,100.00,40.95
2500,3,0,DL,0.0000,0,100.00,100.00,40.95
2500,4,0,DL,0.0000,0,100.00,100.00,40.95
2500,5,0,DL,0.0000,0,100.00,100.00,40.95
2500,14,2,UL,1.1162,13952,2.02,2.02,32.20
2500,15,2,UL,0.0000,0,98.99,98.99,32.20
2500,16,2,UL,1.1162,13952,2.02,2.02,32.20
2500,17,2,UL,0.0000,0,100.00,100.00,32.20
2500,18,2,UL,0.0000,0,79.80,79.80,32.20
2500,6,1,UL,0.0000,0,100.00,100.00,26.85
2500,7,1,UL,0.0000,0,0.00,0.00,26.85
2500,8,1,UL,0.0000,0,0.00,0.00,26.85
2500,9,1,UL,0.0000,0,0.00,0.00,26.85
2500,10,1,UL,0.0000,0,100.00,100.00,26.85
2500,11,1,UL,0.0000,0,0.00,0.00,26.85
2500,12,1,UL,0.0000,0,100.00,100.00,26.85
2500,13,1,UL,0.0000,0,0.00,0.00,26.85
2600,1,0,UL,0.0000,0,100.00,100.00,38.51
2600,2,0,UL,73.8765,923456,65.61,65.61,38.51
2600,3,0,UL,144.0198,1800248,32.97,32.97,38.51
2600,4,0,UL,0.0000,0,100.00,100.00,38.51
2600,5,0,UL,212.1984,2652480,1.23,1.23,38.51
2600,14,2,DL,0.0000,0,99.68,99.68,24.56
2600,15,2,DL,0.3277,4096,99.68,99.68,24.56
2600,16,2,DL,0.0000,0,99.68,99.68,24.56
2600,17,2,DL,0.0000,0,100.00,100.00,24.56
2600,18,2,DL,0.0419,524,99.68,99.68,24.56
2600,1,0,DL,0.0000,0,100.00,100.00,38.51
2600,2,0,DL,0.0000,0,100.00,100.00,38.51
2600,3,0,DL,0.0000,0,100.00,100.00,38.51
2600,4,0,DL,0.0000,0,100.00,100.00,38.51
2600,5,0,DL,0.0000,0,100.00,100.00,38.51
2600,14,2,UL,1.1914,14892,1.92,1.92,24.56
2600,15,2,UL,0.0000,0,99.04,99.04,24.56
2600,16,2,UL,1.1914,14892,1.92,1.92,24.56
2600,17,2,UL,0.0000,0,100.00,100.00,24.56
2600,18,2,UL,0.0000,0,80.77,80.77,24.56
2600,6,1,UL,0.0000,0,100.00,100.00,36.93
2600,7,1,UL,0.0000,0,0.00,0.00,36.93
2600,8,1,UL,0.0000,0,0.00,0.00,36.93
2600,9,1,UL,0.0000,0,0.00,0.00,36.93
2600,10,1,UL,0.0000,0,100.00,100.00,36.93
2600,11,1,UL,0.0000,0,0.00,0.00,36.93
2600,12,1,UL,0.0000,0,100.00,100.00,36.93
2600,13,1,UL,0.0000,0,0.00,0.00,36.93
2700,1,0,UL,0.0000,0,100.00,100.00,32.26
2700,2,0,UL,75.2518,940648,66.56,66.56,32.26
2700,3,0,UL,154.5315,1931644,31.34,31.34,32.26
2700,4,0,UL,0.0000,0,100.00,100.00,32.26
2700,5,0,UL,222.5136,2781420,1.13,1.13,32.26
2700,14,2,DL,0.0000,0,99.69,99.69,28.26
2700,15,2,DL,0.3277,4096,99.69,99.69,28.26
2700,16,2,DL,0.0000,0,99.69,99.69,28.26
2700,17,2,DL,0.0000,0,100.00,100.00,28.26
2700,18,2,DL,0.0419,524,99.69,99.69,28.26
2700,1,0,DL,0.0000,0,100.00,100.00,32.26
2700,2,0,DL,0.0000,0,100.00,100.00,32.26
2700,3,0,DL,0.0000,0,100.00,100.00,32.26
2700,4,0,DL,0.0000,0,100.00,100.00,32.26
2700,5,0,DL,0.0000,0,100.00,100.00,32.26
2700,14,2,UL,1.2666,15832,1.83,1.83,28.26
2700,15,2,UL,0.0000,0,99.08,99.08,28.26
2700,16,2,UL,1.2666,15832,1.83,1.83,28.26
2700,17,2,UL,0.0000,0,100.00,100.00,28.26
2700,18,2,UL,0.0000,0,81.65,81.65,28.26
2700,6,1,UL,0.0000,0,100.00,100.00,39.48
2700,7,1,UL,0.0000,0,0.00,0.00,39.48
2700,8,1,UL,0.0000,0,0.00,0.00,39.48
2700,9,1,UL,0.0000,0,0.00,0.00,39.48
2700,10,1,UL,0.0000,0,100.00,100.00,39.48
2700,11,1,UL,0.0000,0,0.00,0.00,39.48
2700,12,1,UL,0.0000,0,100.00,100.00,39.48
2700,13,1,UL,0.0000,0,0.00,0.00,39.48
2800,1,0,UL,0.0000,0,100.00,100.00,38.67
2800,2,0,UL,79.6726,995908,66.14,66.14,38.67
2800,3,0,UL,162.1942,2027428,31.06,31.06,38.67
2800,4,0,UL,0.0000,0,100.00,100.00,38.67
2800,5,0,UL,232.6323,2907904,1.13,1.13,38.67
2800,14,2,DL,0.0000,0,99.71,99.71,32.58
2800,15,2,DL,0.3277,4096,99.71,99.71,32.58
2800,16,2,DL,0.0000,0,99.71,99.71,32.58
2800,17,2,DL,0.0000,0,100.00,100.00,32.58
2800,18,2,DL,0.0419,524,99.71,99.71,32.58
2800,1,0,DL,0.0000,0,100.00,100.00,38.67
2800,2,0,DL,0.0000,0,100.00,100.00,38.67
2800,3,0,DL,0.0000,0,100.00,100.00,38.67
2800,4,0,DL,0.0000,0,100.00,100.00,38.67
2800,5,0,DL,0.0000,0,100.00,100.00,38.67
2800,14,2,UL,1.3418,16772,1.75,1.75,32.58
2800,15,2,UL,0.0000,0,99.12,99.12,32.58
2800,16,2,UL,1.3418,16772,1.75,1.75,32.58
2800,17,2,UL,0.0000,0,100.00,100.00,32.58
2800,18,2,UL,0.0000,0,82.46,82.46,32.58
2800,6,1,UL,0.0000,0,100.00,100.00,28.75
2800,7,1,UL,0.0000,0,0.00,0.00,28.75
2800,8,1,UL,0.0000,0,0.00,0.00,28.75
2800,9,1,UL,0.0000,0,0.00,0.00,28.75
2800,10,1,UL,0.0000,0,100.00,100.00,28.75
2800,11,1,UL,0.0000,0,0.00,0.00,28.75
2800,12,1,UL,0.0000,0,100.00,100.00,28.75
2800,13,1,UL,0.0000,0,0.00,0.00,28.75
2900,1,0,UL,0.0000,0,100.00,100.00,27.58
2900,2,0,UL,83.3075,1041344,66.07,66.07,27.58
2900,3,0,UL,173.7866,2172332,29.21,29.21,27.58
2900,4,0,UL,0.0000,0,100.00,100.00,27.58
2900,5,0,UL,242.6528,3033160,1.16,1.16,27.58
2900,14,2,DL,0.0000,0,99.72,99.72,41.21
2900,15,2,DL,0.3277,4096,99.72,99.72,41.21
2900,16,2,DL,0.0000,0,99.72,99.72,41.21
2900,17,2,DL,0.0000,0,100.00,100.00,41.21
2900,18,2,DL,0.0419,524,99.72,99.72,41.21
2900,1,0,DL,0.0000,0,100.00,100.00,27.58
2900,2,0,DL,0.0000,0,100.00,100.00,27.58
2900,3,0,DL,0.0000,0,100.00,100.00,27.58
2900,4,0,DL,0.0000,0,100.00,100.00,27.58
2900,5,0,DL,0.0000,0,100.00,100.00,27.58
2900,14,2,UL,1.4170,17712,1.68,1.68,41.21
2900,15,2,UL,0.0000,0,99.16,99.16,41.21
2900,16,2,UL,1.4019,17524,2.52,2.52,41.21
2900,17,2,UL,0.0000,0,100.00,100.00,41.21
2900,18,2,UL,0.0000,0,83.19,83.19,41.21
2900,6,1,UL,0.0000,0,100.00,100.00,31.21
2900,7,1,UL,0.0000,0,0.00,0.00,31.21
2900,8,1,UL,0.0000,0,0.00,0.00,31.21
2900,9,1,UL,0.0000,0,0.00,0.00,31.21
2900,10,1,UL,0.0000,0,100.00,100.00,31.21
2900,11,1,UL,0.0000,0,0.00,0.00,31.21
2900,12,1,UL,0.0000,0,100.00,100.00,31.21
2900,13,1,UL,0.0000,0,0.00,0.00,31.21
3000,1,0,UL,0.0000,0,100.00,100.00,24.74
3000,2,0,UL,87.5318,1094148,65.78,65.78,24.74
3000,3,0,UL,176.2426,2203032,31.11,31.11,24.74
3000,4,0,UL,0.0000,0,100.00,100.00,24.74
3000,5,0,UL,253.0662,3163328,1.08,1.08,24.74
3000,14,2,DL,0.0000,0,99.73,99.73,44.68
3000,15,2,DL,0.3277,4096,99.73,99.73,44.68
3000,16,2,DL,0.0000,0,99.73,99.73,44.68
3000,17,2,DL,0.0000,0,100.00,100.00,44.68
3000,18,2,DL,0.0419,524,99.73,99.73,44.68
3000,1,0,DL,0.0000,0,100.00,100.00,24.74
3000,2,0,DL,0.0000,0,100.00,100.00,24.74
3000,3,0,DL,0.0000,0,100.00,100.00,24.74
3000,4,0,DL,0.0000,0,100.00,100.00,24.74
3000,5,0,DL,0.0000,0,100.00,100.00,24.74
3000,14,2,UL,1.4922,18652,1.61,1.61,44.68
3000,15,2,UL,0.0000,0,99.19,99.19,44.68
3000,16,2,UL,1.4922,18652,1.61,1.61,44.68
3000,17,2,UL,0.0000,0,100.00,100.00,44.68
3000,18,2,UL,0.0000,0,83.87,83.87,44.68
3000,6,1,UL,0.0000,0,100.00,100.00,30.58
3000,7,1,UL,0.0000,0,0.00,0.00,30.58
3000,8,1,UL,0.0000,0,0.00,0.00,30.58
3000,9,1,UL,0.0000,0,0.00,0.00,30.58
3000,10,1,UL,0.0000,0,100.00,100.00,30.58
3000,11,1,UL,0.0000,0,0.00,0.00,30.58
3000,12,1,UL,0.0000,0,100.00,100.00,30.58
3000,13,1,UL,0.0000,0,0.00,0.00,30.58
3100,1,0,UL,0.0000,0,100.00,100.00,22.67
3100,2,0,UL,91.4614,1143268,65.62,65.62,22.67
3100,3,0,UL,182.8246,2285308,31.28,31.28,22.67
3100,4,0,UL,0.0000,0,100.00,100.00,22.67
3100,5,0,UL,263.5779,3294724,0.92,0.92,22.67
3100,14,2,DL,0.0000,0,99.74,99.74,41.75
3100,15,2,DL,0.3277,4096,99.74,99.74,41.75
3100,16,2,DL,0.0000,0,99.74,99.74,41.75
3100,17,2,DL,0.0000,0,100.00,100.00,41.75
3100,18,2,DL,0.0419,524,99.74,99.74,41.75
3100,1,0,DL,0.0000,0,100.00,100.00,22.67
3100,2,0,DL,0.0000,0,100.00,100.00,22.67
3100,3,0,DL,0.0000,0,100.00,100.00,22.67
3100,4,0,DL,0.0000,0,100.00,100.00,22.67
3100,5,0,DL,0.0000,0,100.00,100.00,22.67
3100,14,2,UL,1.5674,19592,1.55,1.55,41.75
3100,15,2,UL,0.0000,0,99.22,99.22,41.75
3100,16,2,UL,1.5674,19592,1.55,1.55,41.75
3100,17,2,UL,0.0000,0,100.00,100.00,41.75
3100,18,2,UL,0.0000,0,84.50,84.50,41.75
3100,6,1,UL,0.0000,0,100.00,100.00,35.58
3100,7,1,UL,0.0086,108,0.00,0.00,35.58
3100,8,1,UL,0.0086,108,0.00,0.00,35.58
3100,9,1,UL,0.0000,0,0.00,0.00,35.58
3100,10,1,UL,0.0000,0,100.00,100.00,35.58
3100,11,1,UL,0.0000,0,0.00,0.00,35.58
3100,12,1,UL,0.0000,0,100.00,100.00,35.58
3100,13,1,UL,0.0000,0,0.00,0.00,35.58
3200,1,0,UL,0.0000,0,100.00,100.00,47.24
3200,2,0,UL,96.5699,1207124,65.04,65.04,47.24
3200,3,0,UL,189.5050,2368812,31.40,31.40,47.24
3200,4,0,UL,0.0000,0,100.00,100.00,47.24
3200,5,0,UL,267.9005,3348756,3.02,3.02,47.24
3200,14,2,DL,0.0000,0,99.75,99.75,18.90
3200,15,2,DL,0.3277,4096,99.75,99.75,18.90
3200,16,2,DL,0.0000,0,99.75,99.75,18.90
3200,17,2,DL,0.0000,0,100.00,100.00,18.90
3200,18,2,DL,0.0419,524,99.75,99.75,18.90
3200,1,0,DL,0.0000,0,100.00,100.00,47.24
3200,2,0,DL,0.0000,0,100.00,100.00,47.24
3200,3,0,DL,0.0000,0,100.00,100.00,47.24
3200,4,0,DL,0.0000,0,100.00,100.00,47.24
3200,5,0,DL,0.0000,0,100.00,100.00,47.24
3200,14,2,UL,1.6426,20532,1.49,1.49,18.90
3200,15,2,UL,0.0000,0,99.25,99.25,18.90
3200,16,2,UL,1.6426,20532,1.49,1.49,18.90
3200,17,2,UL,0.0000,0,100.00,100.00,18.90
3200,18,2,UL,0.0000,0,85.07,85.07,18.90
3200,6,1,UL,0.0000,0,100.00,100.00,33.86
3200,7,1,UL,0.0000,0,0.00,0.00,33.86
3200,8,1,UL,0.0000,0,0.00,0.00,33.86
3200,9,1,UL,0.0086,108,0.00,0.00,33.86
3200,10,1,UL,0.0000,0,100.00,100.00,33.86
3200,11,1,UL,0.0000,0,0.00,0.00,33.86
3200,12,1,UL,0.0000,0,100.00,100.00,33.86
3200,13,1,UL,0.0000,0,0.00,0.00,33.86
3300,1,0,UL,0.0000,0,100.00,100.00,24.61
3300,2,0,UL,98.1418,1226772,65.74,65.74,24.61
3300,3,0,UL,202.7674,2534592,29.22,29.22,24.61
3300,4,0,UL,0.0000,0,100.00,100.00,24.61
3300,5,0,UL,283.5206,3544008,1.03,1.03,24.61
3300,14,2,DL,0.0000,0,99.76,99.76,34.13
3300,15,2,DL,0.3277,4096,99.76,99.76,34.13
3300,16,2,DL,0.0000,0,99.76,99.76,34.13
3300,17,2,DL,0.0000,0,100.00,100.00,34.13
3300,18,2,DL,0.0419,524,99.76,99.76,34.13
3300,1,0,DL,0.0000,0,100.00,100.00,24.61
3300,2,0,DL,0.0000,0,100.00,100.00,24.61
3300,3,0,DL,0.0000,0,100.00,100.00,24.61
3300,4,0,DL,0.0000,0,100.00,100.00,24.61
3300,5,0,DL,0.0000,0,100.00,100.00,24.61
3300,14,2,UL,1.7178,21472,1.44,1.44,34.13
3300,15,2,UL,0.0000,0,99.28,99.28,34.13
3300,16,2,UL,1.7178,21472,1.44,1.44,34.13
3300,17,2,UL,0.0000,0,100.00,100.00,34.13
3300,18,2,UL,0.0000,0,85.61,85.61,34.13
3300,6,1,UL,0.0000,0,100.00,100.00,41.27
3300,7,1,UL,0.0000,0,0.00,0.00,41.27
3300,8,1,UL,0.0000,0,0.00,0.00,41.27
3300,9,1,UL,0.0000,0,0.00,0.00,41.27
3300,10,1,UL,0.0000,0,100.00,100.00,41.27
3300,11,1,UL,0.0000,0,0.00,0.00,41.27
3300,12,1,UL,0.0000,0,100.00,100.00,41.27
3300,13,1,UL,0.0000,0,0.00,0.00,41.27
3400,1,0,UL,0.0000,0,100.00,100.00,37.74
3400,2,0,UL,103.0538,1288172,65.26,65.26,37.74
3400,3,0,UL,213.3773,2667216,28.08,28.08,37.74
3400,4,0,UL,0.0000,0,100.00,100.00,37.74
3400,5,0,UL,293.8358,3672948,0.96,0.96,37.74
3400,14,2,DL,0.0000,0,99.77,99.77,29.68
3400,15,2,DL,0.3277,4096,99.77,99.77,29.68
3400,16,2,DL,0.0000,0,99.77,99.77,29.68
3400,17,2,DL,0.0000,0,100.00,100.00,29.68
3400,18,2,DL,0.0419,524,99.77,99.77,29.68
3400,1,0,DL,0.0000,0,100.00,100.00,37.74
3400,2,0,DL,0.0000,0,100.00,100.00,37.74
3400,3,0,DL,0.0000,0,100.00,100.00,37.74
3400,4,0,DL,0.0000,0,100.00,100.00,37.74
3400,5,0,DL,0.0000,0,100.00,100.00,37.74
3400,14,2,UL,1.7930,22412,1.39,1.39,29.68
3400,15,2,UL,0.0000,0,99.31,99.31,29.68
3400,16,2,UL,1.7779,22224,2.08,2.08,29.68
3400,17,2,UL,0.0000,0,100.00,100.00,29.68
3400,18,2,UL,0.0000,0,86.11,86.11,29.68
3400,6,1,UL,0.0000,0,100.00,100.00,32.59
3400,7,1,UL,0.0000,0,0.00,0.00,32.59
3400,8,1,UL,0.0000,0,0.00,0.00,32.59
3400,9,1,UL,0.0000,0,0.00,0.00,32.59
3400,10,1,UL,0.0000,0,100.00,100.00,32.59
3400,11,1,UL,0.0086,108,0.00,0.00,32.59
3400,12,1,UL,0.0000,0,100.00,100.00,32.59
3400,13,1,UL,0.0000,0,0.00,0.00,32.59
3500,1,0,UL,0.0000,0,100.00,100.00,37.26
3500,2,0,UL,107.4746,1343432,64.98,64.98,37.26
3500,3,0,UL,221.0400,2763000,27.98,27.98,37.26
3500,4,0,UL,0.0000,0,100.00,100.00,37.26
3500,5,0,UL,300.2214,3752768,2.18,2.18,37.26
3500,14,2,DL,0.0000,0,99.78,99.78,33.06
3500,15,2,DL,0.3277,4096,99.78,99.78,33.06
3500,16,2,DL,0.0000,0,99.78,99.78,33.06
3500,17,2,DL,0.0000,0,100.00,100.00,33.06
3500,18,2,DL,0.0419,524,99.78,99.78,33.06
3500,1,0,DL,0.0000,0,100.00,100.00,37.26
3500,2,0,DL,0.0000,0,100.00,100.00,37.26
3500,3,0,DL,0.0000,0,100.00,100.00,37.26
3500,4,0,DL,0.0000,0,100.00,100.00,37.26
3500,5,0,DL,0.0000,0,100.00,100.00,37.26
3500,14,2,UL,1.7930,22412,4.70,4.70,33.06
3500,15,2,UL,0.0000,0,99.33,99.33,33.06
3500,16,2,UL,1.8531,23164,2.01,2.01,33.06
3500,17,2,UL,0.0000,0,100.00,100.00,33.06
3500,18,2,UL,0.0000,0,86.58,86.58,33.06
3500,6,1,UL,0.0000,0,100.00,100.00,29.68
3500,7,1,UL,0.0000,0,0.00,0.00,29.68
3500,8,1,UL,0.0000,0,0.00,0.00,29.68
3500,9,1,UL,0.0000,0,0.00,0.00,29.68
3500,10,1,UL,0.0000,0,100.00,100.00,29.68
3500,11,1,UL,0.0000,0,0.00,0.00,29.68
3500,12,1,UL,0.0000,0,100.00,100.00,29.68
3500,13,1,UL,0.0086,108,0.00,0.00,29.68
3600,1,0,UL,0.0000,0,100.00,100.00,31.88
3600,2,0,UL,111.5024,1393780,64.85,64.85,31.88
3600,3,0,UL,222.8083,2785104,29.76,29.76,31.88
3600,4,0,UL,0.0000,0,100.00,100.00,31.88
3600,5,0,UL,303.9546,3799432,4.18,4.18,31.88
3600,14,2,DL,0.0000,0,99.78,99.78,28.66
3600,15,2,DL,0.3277,4096,99.78,99.78,28.66
3600,16,2,DL,0.0000,0,99.78,99.78,28.66
3600,17,2,DL,0.0000,0,100.00,100.00,28.66
3600,18,2,DL,0.0419,524,99.78,99.78,28.66
3600,1,0,DL,0.0000,0,100.00,100.00,31.88
3600,2,0,DL,0.0000,0,100.00,100.00,31.88
3600,3,0,DL,0.0000,0,100.00,100.00,31.88
3600,4,0,DL,0.0000,0,100.00,100.00,31.88
3600,5,0,DL,0.0000,0,100.00,100.00,31.88
3600,14,2,UL,1.9283,24104,1.95,1.95,28.66
3600,15,2,UL,0.0000,0,99.35,99.35,28.66
3600,16,2,UL,1.9434,24292,1.30,1.30,28.66
3600,17,2,UL,0.0000,0,100.00,100.00,28.66
3600,18,2,UL,0.0000,0,87.01,87.01,28.66
3600,6,1,UL,0.0000,0,100.00,100.00,39.46
3600,7,1,UL,0.0000,0,0.00,0.00,39.46
3600,8,1,UL,0.0000,0,0.00,0.00,39.46
3600,9,1,UL,0.0000,0,0.00,0.00,39.46
3600,10,1,UL,0.0000,0,100.00,100.00,39.46
3600,11,1,UL,0.0000,0,0.00,0.00,39.46
3600,12,1,UL,0.0000,0,100.00,100.00,39.46
3600,13,1,UL,0.0000,0,0.00,0.00,39.46
3700,1,0,UL,0.0000,0,100.00,100.00,40.61
3700,2,0,UL,113.9584,1424480,65.20,65.20,40.61
3700,3,0,UL,230.4710,2880888,29.61,29.61,40.61
3700,4,0,UL,0.0000,0,100.00,100.00,40.61
3700,5,0,UL,323.8973,4048716,1.08,1.08,40.61
3700,14,2,DL,0.0000,0,99.79,99.79,33.88
3700,15,2,DL,0.3277,4096,99.79,99.79,33.88
3700,16,2,DL,0.0000,0,99.79,99.79,33.88
3700,17,2,DL,0.0000,0,100.00,100.00,33.88
3700,18,2,DL,0.0419,524,99.79,99.79,33.88
3700,1,0,DL,0.0000,0,100.00,100.00,40.61
3700,2,0,DL,0.0000,0,100.00,100.00,40.61
3700,3,0,DL,0.0000,0,100.00,100.00,40.61
3700,4,0,DL,0.0000,0,100.00,100.00,40.61
3700,5,0,DL,0.0000,0,100.00,100.00,40.61
3700,14,2,UL,2.0035,25044,1.89,1.89,33.88
3700,15,2,UL,0.0000,0,99.37,99.37,33.88
3700,16,2,UL,2.0186,25232,1.26,1.26,33.88
3700,17,2,UL,0.0000,0,100.00,100.00,33.88
3700,18,2,UL,0.0000,0,87.42,87.42,33.88
3700,6,1,UL,0.0000,0,100.00,100.00,25.51
3700,7,1,UL,0.0000,0,0.00,0.00,25.51
3700,8,1,UL,0.0000,0,0.00,0.00,25.51
3700,9,1,UL,0.0000,0,0.00,0.00,25.51
3700,10,1,UL,0.0000,0,100.00,100.00,25.51
3700,11,1,UL,0.0000,0,0.00,0.00,25.51
3700,12,1,UL,0.0000,0,100.00,100.00,25.51
3700,13,1,UL,0.0000,0,0.00,0.00,25.51
3800,1,0,UL,0.0000,0,100.00,100.00,28.49
3800,2,0,UL,117.6915,1471144,65.14,65.14,28.49
3800,3,0,UL,232.2394,2902992,31.22,31.22,28.49
3800,4,0,UL,0.0000,0,100.00,100.00,28.49
3800,5,0,UL,334.0160,4175200,1.08,1.08,28.49
3800,14,2,DL,0.0000,0,99.80,99.80,44.12
3800,15,2,DL,0.3277,4096,99.80,99.80,44.12
3800,16,2,DL,0.0000,0,99.80,99.80,44.12
3800,17,2,DL,0.0000,0,100.00,100.00,44.12
3800,18,2,DL,0.0419,524,99.80,99.80,44.12
3800,1,0,DL,0.0000,0,100.00,100.00,28.49
3800,2,0,DL,0.0000,0,100.00,100.00,28.49
3800,3,0,DL,0.0000,0,100.00,100.00,28.49
3800,4,0,DL,0.0000,0,100.00,100.00,28.49
3800,5,0,DL,0.0000,0,100.00,100.00,28.49
3800,14,2,UL,2.0787,25984,1.83,1.83,44.12
3800,15,2,UL,0.0000,0,99.39,99.39,44.12
3800,16,2,UL,2.0938,26172,1.22,1.22,44.12
3800,17,2,UL,0.0000,0,100.00,100.00,44.12
3800,18,2,UL,0.0000,0,87.80,87.80,44.12
3800,6,1,UL,0.0000,0,100.00,100.00,27.39
3800,7,1,UL,0.0000,0,0.00,0.00,27.39
3800,8,1,UL,0.0000,0,0.00,0.00,27.39
3800,9,1,UL,0.0000,0,0.00,0.00,27.39
3800,10,1,UL,0.0000,0,100.00,100.00,27.39
3800,11,1,UL,0.0000,0,0.00,0.00,27.39
3800,12,1,UL,0.0000,0,100.00,100.00,27.39
3800,13,1,UL,0.0000,0,0.00,0.00,27.39
3900,1,0,UL,0.0000,0,100.00,100.00,44.90
3900,2,0,UL,121.2282,1515352,65.15,65.15,44.90
3900,3,0,UL,245.6000,3070000,29.40,29.40,44.90
3900,4,0,UL,0.0000,0,100.00,100.00,44.90
3900,5,0,UL,344.1347,4301684,1.07,1.07,44.90
3900,14,2,DL,0.0000,0,99.80,99.80,21.36
3900,15,2,DL,0.3277,4096,99.80,99.80,21.36
3900,16,2,DL,0.0000,0,99.80,99.80,21.36
3900,17,2,DL,0.0000,0,100.00,100.00,21.36
3900,18,2,DL,0.0419,524,99.80,99.80,21.36
3900,1,0,DL,0.0000,0,100.00,100.00,44.90
3900,2,0,DL,0.0000,0,100.00,100.00,44.90
3900,3,0,DL,0.0000,0,100.00,100.00,44.90
3900,4,0,DL,0.0000,0,100.00,100.00,44.90
3900,5,0,DL,0.0000,0,100.00,100.00,44.90
3900,14,2,UL,2.1539,26924,1.78,1.78,21.36
3900,15,2,UL,0.0000,0,99.41,99.41,21.36
3900,16,2,UL,2.1690,27112,1.18,1.18,21.36
3900,17,2,UL,0.0000,0,100.00,100.00,21.36
3900,18,2,UL,0.0000,0,88.17,88.17,21.36
3900,6,1,UL,0.0000,0,100.00,100.00,33.74
3900,7,1,UL,0.0000,0,0.00,0.00,33.74
3900,8,1,UL,0.0000,0,0.00,0.00,33.74
3900,9,1,UL,0.0000,0,0.00,0.00,33.74
3900,10,1,UL,0.0000,0,100.00,100.00,33.74
3900,11,1,UL,0.0000,0,0.00,0.00,33.74
3900,12,1,UL,0.0000,0,100.00,100.00,33.74
3900,13,1,UL,0.0000,0,0.00,0.00,33.74
4000,1,0,UL,0.0000,0,100.00,100.00,37.42
4000,2,0,UL,126.2384,1577980,64.75,64.75,37.42
4000,3,0,UL,250.5120,3131400,30.04,30.04,37.42
4000,4,0,UL,0.0000,0,100.00,100.00,37.42
4000,5,0,UL,354.1552,4426940,1.10,1.10,37.42
4000,14,2,DL,0.0000,0,99.81,99.81,32.80
4000,15,2,DL,0.3277,4096,99.81,99.81,32.80
4000,16,2,DL,0.0000,0,99.81,99.81,32.80
4000,17,2,DL,0.0000,0,100.00,100.00,32.80
4000,18,2,DL,0.0419,524,99.81,99.81,32.80
4000,1,0,DL,0.0000,0,100.00,100.00,37.42
4000,2,0,DL,0.0000,0,100.00,100.00,37.42
4000,3,0,DL,0.0000,0,100.00,100.00,37.42
4000,4,0,DL,0.0000,0,100.00,100.00,37.42
4000,5,0,DL,0.0000,0,100.00,100.00,37.42
4000,14,2,UL,2.2291,27864,1.72,1.72,32.80
4000,15,2,UL,0.0000,0,99.43,99.43,32.80
4000,16,2,UL,2.2442,28052,1.15,1.15,32.80
4000,17,2,UL,0.0000,0,100.00,100.00,32.80
4000,18,2,UL,0.0000,0,88.51,88.51,32.80
4000,6,1,UL,0.0000,0,100.00,100.00,29.77
4000,7,1,UL,0.0000,0,0.00,0.00,29.77
4000,8,1,UL,0.0000,0,0.00,0.00,29.77
4000,9,1,UL,0.0000,0,0.00,0.00,29.77
4000,10,1,UL,0.0000,0,100.00,100.00,29.77
4000,11,1,UL,0.0000,0,0.00,0.00,29.77
4000,12,1,UL,0.0000,0,100.00,100.00,29.77
4000,13,1,UL,0.0000,0,0.00,0.00,29.77
4100,1,0,UL,0.0000,0,100.00,100.00,22.38
4100,2,0,UL,131.1504,1639380,64.39,64.39,22.38
4100,3,0,UL,259.1571,3239464,29.63,29.63,22.38
4100,4,0,UL,0.0000,0,100.00,100.00,22.38
4100,5,0,UL,364.6669,4558336,0.99,0.99,22.38
4100,14,2,DL,0.0000,0,99.81,99.81,35.08
4100,15,2,DL,0.3277,4096,99.81,99.81,35.08
4100,16,2,DL,0.0000,0,99.81,99.81,35.08
4100,17,2,DL,0.0000,0,100.00,100.00,35.08
4100,18,2,DL,0.0419,524,99.81,99.81,35.08
4100,1,0,DL,0.0000,0,100.00,100.00,22.38
4100,2,0,DL,0.0000,0,100.00,100.00,22.38
4100,3,0,DL,0.0000,0,100.00,100.00,22.38
4100,4,0,DL,0.0000,0,100.00,100.00,22.38
4100,5,0,DL,0.0000,0,100.00,100.00,22.38
4100,14,2,UL,2.3043,28804,1.68,1.68,35.08
4100,15,2,UL,0.0000,0,99.44,99.44,35.08
4100,16,2,UL,2.3043,28804,1.68,1.68,35.08
4100,17,2,UL,0.0000,0,100.00,100.00,35.08
4100,18,2,UL,0.0000,0,88.83,88.83,35.08
4100,6,1,UL,0.0000,0,100.00,100.00,42.54
4100,7,1,UL,0.0000,0,0.00,0.00,42.54
4100,8,1,UL,0.0000,0,0.00,0.00,42.54
4100,9,1,UL,0.0000,0,0.00,0.00,42.54
4100,10,1,UL,0.0000,0,100.00,100.00,42.54
4100,11,1,UL,0.0000,0,0.00,0.00,42.54
4100,12,1,UL,0.0000,0,100.00,100.00,42.54
4100,13,1,UL,0.0000,0,0.00,0.00,42.54
4200,1,0,UL,0.0000,0,100.00,100.00,33.61
4200,2,0,UL,134.9818,1687272,64.35,64.35,33.61
4200,3,0,UL,264.9533,3311916,30.02,30.02,33.61
4200,4,0,UL,0.0000,0,100.00,100.00,33.61
4200,5,0,UL,368.8912,4611140,2.57,2.57,33.61
4200,14,2,DL,0.0000,0,99.82,99.82,25.97
4200,15,2,DL,0.3277,4096,99.82,99.82,25.97
4200,16,2,DL,0.0000,0,99.82,99.82,25.97
4200,17,2,DL,0.0000,0,100.00,100.00,25.97
4200,18,2,DL,0.0419,524,99.82,99.82,25.97
4200,1,0,DL,0.0000,0,100.00,100.00,33.61
4200,2,0,DL,0.0000,0,100.00,100.00,33.61
4200,3,0,DL,0.0000,0,100.00,100.00,33.61
4200,4,0,DL,0.0000,0,100.00,100.00,33.61
4200,5,0,DL,0.0000,0,100.00,100.00,33.61
4200,14,2,UL,2.3795,29744,1.63,1.63,25.97
4200,15,2,UL,0.0000,0,99.46,99.46,25.97
4200,16,2,UL,2.3946,29932,1.09,1.09,25.97
4200,17,2,UL,0.0000,0,100.00,100.00,25.97
4200,18,2,UL,0.0000,0,89.13,89.13,25.97
4200,6,1,UL,0.0000,0,100.00,100.00,40.41
4200,7,1,UL,0.0000,0,0.00,0.00,40.41
4200,8,1,UL,0.0000,0,0.00,0.00,40.41
4200,9,1,UL,0.0000,0,0.00,0.00,40.41
4200,10,1,UL,0.0000,0,100.00,100.00,40.41
4200,11,1,UL,0.0000,0,0.00,0.00,40.41
4200,12,1,UL,0.0000,0,100.00,100.00,40.41
4200,13,1,UL,0.0000,0,0.00,0.00,40.41
4300,1,0,UL,0.0000,0,100.00,100.00,46.10
4300,2,0,UL,137.8307,1722884,64.55,64.55,46.10
4300,3,0,UL,279.0998,3488748,28.22,28.22,46.10
4300,4,0,UL,0.0000,0,100.00,100.00,46.10
4300,5,0,UL,384.6096,4807620,1.09,1.09,46.10
4300,14,2,DL,0.0000,0,99.82,99.82,25.87
4300,15,2,DL,0.3277,4096,99.82,99.82,25.87
4300,16,2,DL,0.0000,0,99.82,99.82,25.87
4300,17,2,DL,0.0000,0,100.00,100.00,25.87
4300,18,2,DL,0.0419,524,99.82,99.82,25.87
4300,1,0,DL,0.0000,0,100.00,100.00,46.10
4300,2,0,DL,0.0000,0,100.00,100.00,46.10
4300,3,0,DL,0.0000,0,100.00,100.00,46.10
4300,4,0,DL,0.0000,0,100.00,100.00,46.10
4300,5,0,DL,0.0000,0,100.00,100.00,46.10
4300,14,2,UL,2.4547,30684,1.59,1.59,25.87
4300,15,2,UL,0.0000,0,99.47,99.47,25.87
4300,16,2,UL,2.4698,30872,1.06,1.06,25.87
4300,17,2,UL,0.0000,0,100.00,100.00,25.87
4300,18,2,UL,0.0000,0,89.42,89.42,25.87
4300,6,1,UL,0.0000,0,100.00,100.00,28.03
4300,7,1,UL,0.0000,0,0.00,0.00,28.03
4300,8,1,UL,0.0000,0,0.00,0.00,28.03
4300,9,1,UL,0.0000,0,0.00,0.00,28.03
4300,10,1,UL,0.0000,0,100.00,100.00,28.03
4300,11,1,UL,0.0000,0,0.00,0.00,28.03
4300,12,1,UL,0.0000,0,100.00,100.00,28.03
4300,13,1,UL,0.0000,0,0.00,0.00,28.03
4400,1,0,UL,0.0000,0,100.00,100.00,41.22
4400,2,0,UL,145.2970,1816212,63.59,63.59,41.22
4400,3,0,UL,279.7875,3497344,29.89,29.89,41.22
4400,4,0,UL,0.0000,0,100.00,100.00,41.22
4400,5,0,UL,389.2269,4865336,2.46,2.46,41.22
4400,14,2,DL,0.0000,0,99.83,99.83,33.10
4400,15,2,DL,0.3277,4096,99.83,99.83,33.10
4400,16,2,DL,0.0000,0,99.83,99.83,33.10
4400,17,2,DL,0.0000,0,100.00,100.00,33.10
4400,18,2,DL,0.0419,524,99.83,99.83,33.10
4400,1,0,DL,0.0000,0,100.00,100.00,41.22
4400,2,0,DL,0.0000,0,100.00,100.00,41.22
4400,3,0,DL,0.0000,0,100.00,100.00,41.22
4400,4,0,DL,0.0000,0,100.00,100.00,41.22
4400,5,0,DL,0.0000,0,100.00,100.00,41.22
4400,14,2,UL,2.5299,31624,1.55,1.55,33.10
4400,15,2,UL,0.0000,0,99.48,99.48,33.10
4400,16,2,UL,2.5450,31812,1.03,1.03,33.10
4400,17,2,UL,0.0000,0,100.00,100.00,33.10
4400,18,2,UL,0.0000,0,89.69,89.69,33.10
4400,6,1,UL,0.0000,0,100.00,100.00,25.68
4400,7,1,UL,0.0000,0,0.00,0.00,25.68
4400,8,1,UL,0.0000,0,0.00,0.00,25.68
4400,9,1,UL,0.0000,0,0.00,0.00,25.68
4400,10,1,UL,0.0000,0,100.00,100.00,25.68
4400,11,1,UL,0.0000,0,0.00,0.00,25.68
4400,12,1,UL,0.0000,0,100.00,100.00,25.68
4400,13,1,UL,0.0000,0,0.00,0.00,25.68
4500,1,0,UL,0.0000,0,100.00,100.00,39.56
4500,2,0,UL,145.4934,1818668,64.45,64.45,39.56
4500,3,0,UL,293.7376,3671720,28.23,28.23,39.56
4500,4,0,UL,0.0000,0,100.00,100.00,39.56
4500,5,0,UL,402.8822,5036028,1.56,1.56,39.56
4500,14,2,DL,0.0000,0,99.83,99.83,23.93
4500,15,2,DL,0.3277,4096,99.83,99.83,23.93
4500,16,2,DL,0.0000,0,99.83,99.83,23.93
4500,17,2,DL,0.0000,0,100.00,100.00,23.93
4500,18,2,DL,0.0419,524,99.83,99.83,23.93
4500,1,0,DL,0.0000,0,100.00,100.00,39.56
4500,2,0,DL,0.0000,0,100.00,100.00,39.56
4500,3,0,DL,0.0000,0,100.00,100.00,39.56
4500,4,0,DL,0.0000,0,100.00,100.00,39.56
4500,5,0,DL,0.0000,0,100.00,100.00,39.56
4500,14,2,UL,2.6051,32564,1.51,1.51,23.93
4500,15,2,UL,0.0000,0,99.50,99.50,23.93
4500,16,2,UL,2.6202,32752,1.01,1.01,23.93
4500,17,2,UL,0.0000,0,100.00,100.00,23.93
4500,18,2,UL,0.0000,0,89.95,89.95,23.93
4500,6,1,UL,0.0000,0,100.00,100.00,36.51
4500,7,1,UL,0.0000,0,0.00,0.00,36.51
4500,8,1,UL,0.0000,0,0.00,0.00,36.51
4500,9,1,UL,0.0000,0,0.00,0.00,36.51
4500,10,1,UL,0.0000,0,100.00,100.00,36.51
4500,11,1,UL,0.0000,0,0.00,0.00,36.51
4500,12,1,UL,0.0000,0,100.00,100.00,36.51
4500,13,1,UL,0.0000,0,0.00,0.00,36.51
4600,1,0,UL,0.0000,0,100.00,100.00,34.07
4600,2,0,UL,155.9069,1948836,62.83,62.83,34.07
4600,3,0,UL,298.6496,3733120,28.81,28.81,34.07
4600,4,0,UL,0.0000,0,100.00,100.00,34.07
4600,5,0,UL,409.3661,5117076,2.41,2.41,34.07
4600,14,2,DL,0.0000,0,99.84,99.84,40.75
4600,15,2,DL,0.3277,4096,99.84,99.84,40.75
4600,16,2,DL,0.0000,0,99.84,99.84,40.75
4600,17,2,DL,0.0000,0,100.00,100.00,40.75
4600,18,2,DL,0.0419,524,99.84,99.84,40.75
4600,1,0,DL,0.0000,0,100.00,100.00,34.07
4600,2,0,DL,0.0000,0,100.00,100.00,34.07
4600,3,0,DL,0.0000,0,100.00,100.00,34.07
4600,4,0,DL,0.0000,0,100.00,100.00,34.07
4600,5,0,DL,0.0000,0,100.00,100.00,34.07
4600,14,2,UL,2.6803,33504,1.47,1.47,40.75
4600,15,2,UL,0.0000,0,99.51,99.51,40.75
4600,16,2,UL,2.6954,33692,0.98,0.98,40.75
4600,17,2,UL,0.0000,0,100.00,100.00,40.75
4600,18,2,UL,0.0000,0,90.20,90.20,40.75
4600,6,1,UL,0.0000,0,100.00,100.00,25.18
4600,7,1,UL,0.0000,0,0.00,0.00,25.18
4600,8,1,UL,0.0000,0,0.00,0.00,25.18
4600,9,1,UL,0.0000,0,0.00,0.00,25.18
4600,10,1,UL,0.0000,0,100.00,100.00,25.18
4600,11,1,UL,0.0000,0,0.00,0.00,25.18
4600,12,1,UL,0.0000,0,100.00,100.00,25.18
4600,13,1,UL,0.0000,0,0.00,0.00,25.18
4700,1,0,UL,0.0000,0,100.00,100.00,48.92
4700,2,0,UL,160.7206,2009008,62.60,62.60,48.92
4700,3,0,UL,318.0029,3975036,25.99,25.99,48.92
4700,4,0,UL,0.0000,0,100.00,100.00,48.92
4700,5,0,UL,425.3792,5317240,1.01,1.01,48.92
4700,14,2,DL,0.0000,0,99.84,99.84,25.00
4700,15,2,DL,0.3277,4096,99.84,99.84,25.00
4700,16,2,DL,0.0000,0,99.84,99.84,25.00
4700,17,2,DL,0.0000,0,100.00,100.00,25.00
4700,18,2,DL,0.0419,524,99.84,99.84,25.00
4700,1,0,DL,0.0000,0,100.00,100.00,48.92
4700,2,0,DL,0.0000,0,100.00,100.00,48.92
4700,3,0,DL,0.0000,0,100.00,100.00,48.92
4700,4,0,DL,0.0000,0,100.00,100.00,48.92
4700,5,0,DL,0.0000,0,100.00,100.00,48.92
4700,14,2,UL,2.7555,34444,1.44,1.44,25.00
4700,15,2,UL,0.0000,0,99.52,99.52,25.00
4700,16,2,UL,2.7706,34632,0.96,0.96,25.00
4700,17,2,UL,0.0000,0,100.00,100.00,25.00
4700,18,2,UL,0.0000,0,90.43,90.43,25.00
4700,6,1,UL,0.0000,0,100.00,100.00,26.07
4700,7,1,UL,0.0000,0,0.00,0.00,26.07
4700,8,1,UL,0.0000,0,0.00,0.00,26.07
4700,9,1,UL,0.0000,0,0.00,0.00,26.07
4700,10,1,UL,0.0000,0,100.00,100.00,26.07
4700,11,1,UL,0.0000,0,0.00,0.00,26.07
4700,12,1,UL,0.0000,0,100.00,100.00,26.07
4700,13,1,UL,0.0000,0,0.00,0.00,26.07
4800,1,0,UL,0.0000,0,100.00,100.00,29.58
4800,2,0,UL,162.8819,2036024,62.98,62.98,29.58
4800,3,0,UL,321.6378,4020472,26.90,26.90,29.58
4800,4,0,UL,0.0000,0,100.00,100.00,29.58
4800,5,0,UL,435.2032,5440040,1.09,1.09,29.58
4800,14,2,DL,0.0000,0,99.84,99.84,25.48
4800,15,2,DL,0.3277,4096,99.84,99.84,25.48
4800,16,2,DL,0.0000,0,99.84,99.84,25.48
4800,17,2,DL,0.0000,0,100.00,100.00,25.48
4800,18,2,DL,0.0419,524,99.84,99.84,25.48
4800,1,0,DL,0.0000,0,100.00,100.00,29.58
4800,2,0,DL,0.0000,0,100.00,100.00,29.58
4800,3,0,DL,0.0000,0,100.00,100.00,29.58
4800,4,0,DL,0.0000,0,100.00,100.00,29.58
4800,5,0,DL,0.0000,0,100.00,100.00,29.58
4800,14,2,UL,2.8307,35384,1.40,1.40,25.48
4800,15,2,UL,0.0000,0,99.53,99.53,25.48
4800,16,2,UL,2.8458,35572,0.93,0.93,25.48
4800,17,2,UL,0.0000,0,100.00,100.00,25.48
4800,18,2,UL,0.0000,0,90.65,90.65,25.48
4800,6,1,UL,0.0000,0,100.00,100.00,44.94
4800,7,1,UL,0.0000,0,0.00,0.00,44.94
4800,8,1,UL,0.0000,0,0.00,0.00,44.94
4800,9,1,UL,0.0000,0,0.00,0.00,44.94
4800,10,1,UL,0.0000,0,100.00,100.00,44.94
4800,11,1,UL,0.0000,0,0.00,0.00,44.94
4800,12,1,UL,0.0000,0,100.00,100.00,44.94
4800,13,1,UL,0.0000,0,0.00,0.00,44.94
4900,1,0,UL,0.0000,0,100.00,100.00,27.66
4900,2,0,UL,168.5798,2107248,62.56,62.56,27.66
4900,3,0,UL,325.6656,4070820,27.67,27.67,27.66
4900,4,0,UL,0.0000,0,100.00,100.00,27.66
4900,5,0,UL,445.6166,5570208,1.03,1.03,27.66
4900,14,2,DL,0.0000,0,99.85,99.85,20.59
4900,15,2,DL,0.3277,4096,99.85,99.85,20.59
4900,16,2,DL,0.0000,0,99.85,99.85,20.59
4900,17,2,DL,0.0000,0,100.00,100.00,20.59
4900,18,2,DL,0.0419,524,99.85,99.85,20.59
4900,1,0,DL,0.0000,0,100.00,100.00,27.66
4900,2,0,DL,0.0000,0,100.00,100.00,27.66
4900,3,0,DL,0.0000,0,100.00,100.00,27.66
4900,4,0,DL,0.0000,0,100.00,100.00,27.66
4900,5,0,DL,0.0000,0,100.00,100.00,27.66
4900,14,2,UL,2.9059,36324,1.37,1.37,20.59
4900,15,2,UL,0.0000,0,99.54,99.54,20.59
4900,16,2,UL,2.9210,36512,0.91,0.91,20.59
4900,17,2,UL,0.0000,0,100.00,100.00,20.59
4900,18,2,UL,0.0000,0,90.87,90.87,20.59
4900,6,1,UL,0.0000,0,100.00,100.00,51.75
4900,7,1,UL,0.0000,0,0.00,0.00,51.75
4900,8,1,UL,0.0000,0,0.00,0.00,51.75
4900,9,1,UL,0.0000,0,0.00,0.00,51.75
4900,10,1,UL,0.0000,0,100.00,100.00,51.75
4900,11,1,UL,0.0000,0,0.00,0.00,51.75
4900,12,1,UL,0.0000,0,100.00,100.00,51.75
4900,13,1,UL,0.0000,0,0.00,0.00,51.75
5000,1,0,UL,0.0000,0,100.00,100.00,31.59
5000,2,0,UL,168.6781,2108476,63.37,63.37,31.59
5000,3,0,UL,331.1670,4139588,28.08,28.08,31.59
5000,4,0,UL,0.0000,0,100.00,100.00,31.59
5000,5,0,UL,455.4406,5693008,1.09,1.09,31.59
5000,14,2,DL,0.0000,0,99.85,99.85,34.27
5000,15,2,DL,0.3277,4096,99.85,99.85,34.27
5000,16,2,DL,0.0000,0,99.85,99.85,34.27
5000,17,2,DL,0.0000,0,100.00,100.00,34.27
5000,18,2,DL,0.0419,524,99.85,99.85,34.27
5000,1,0,DL,0.0000,0,100.00,100.00,31.59
5000,2,0,DL,0.0000,0,100.00,100.00,31.59
5000,3,0,DL,0.0000,0,100.00,100.00,31.59
5000,4,0,DL,0.0000,0,100.00,100.00,31.59
5000,5,0,DL,0.0000,0,100.00,100.00,31.59
5000,14,2,UL,2.9811,37264,1.34,1.34,34.27
5000,15,2,UL,0.0000,0,99.55,99.55,34.27
5000,16,2,UL,2.9962,37452,0.89,0.89,34.27
5000,17,2,UL,0.0000,0,100.00,100.00,34.27
5000,18,2,UL,0.0000,0,91.07,91.07,34.27
5000,6,1,UL,0.0086,108,66.67,66.67,34.14
5000,7,1,UL,0.0000,0,0.00,0.00,34.14
5000,8,1,UL,0.0000,0,0.00,0.00,34.14
5000,9,1,UL,0.0000,0,0.00,0.00,34.14
5000,10,1,UL,0.0000,0,100.00,100.00,34.14
5000,11,1,UL,0.0000,0,0.00,0.00,34.14
5000,12,1,UL,0.0000,0,100.00,100.00,34.14
5000,13,1,UL,0.0000,0,0.00,0.00,34.14
5100,1,0,UL,0.0000,0,100.00,100.00,44.68
5100,2,0,UL,169.8570,2123212,63.91,63.91,44.68
5100,3,0,UL,339.8122,4247652,27.80,27.80,44.68
5100,4,0,UL,0.0000,0,100.00,100.00,44.68
5100,5,0,UL,466.0506,5825632,0.98,0.98,44.68
5100,14,2,DL,0.0000,0,99.85,99.85,23.85
5100,15,2,DL,0.3277,4096,99.85,99.85,23.85
5100,16,2,DL,0.0000,0,99.85,99.85,23.85
5100,17,2,DL,0.0000,0,100.00,100.00,23.85
5100,18,2,DL,0.0419,524,99.85,99.85,23.85
5100,1,0,DL,0.0000,0,100.00,100.00,44.68
5100,2,0,DL,0.0000,0,100.00,100.00,44.68
5100,3,0,DL,0.0000,0,100.00,100.00,44.68
5100,4,0,DL,0.0000,0,100.00,100.00,44.68
5100,5,0,DL,0.0000,0,100.00,100.00,44.68
5100,14,2,UL,3.0563,38204,1.31,1.31,23.85
5100,15,2,UL,0.0000,0,99.56,99.56,23.85
5100,16,2,UL,3.0714,38392,0.87,0.87,23.85
5100,17,2,UL,0.0000,0,100.00,100.00,23.85
5100,18,2,UL,0.0000,0,91.27,91.27,23.85
5100,6,1,UL,0.0000,0,66.67,66.67,31.47
5100,7,1,UL,0.0086,108,0.00,0.00,31.47
5100,8,1,UL,0.0086,108,0.00,0.00,31.47
5100,9,1,UL,0.0000,0,0.00,0.00,31.47
5100,10,1,UL,0.0000,0,100.00,100.00,31.47
5100,11,1,UL,0.0000,0,0.00,0.00,31.47
5100,12,1,UL,0.0000,0,100.00,100.00,31.47
5100,13,1,UL,0.0000,0,0.00,0.00,31.47
5200,1,0,UL,0.0000,0,100.00,100.00,48.42
5200,2,0,UL,173.6883,2171104,63.88,63.88,48.42
5200,3,0,UL,346.8854,4336068,27.87,27.87,48.42
5200,4,0,UL,0.0000,0,100.00,100.00,48.42
5200,5,0,UL,466.0506,5825632,3.08,3.08,48.42
5200,14,2,DL,0.0000,0,99.86,99.86,25.16
5200,15,2,DL,0.3277,4096,99.86,99.86,25.16
5200,16,2,DL,0.0000,0,99.86,99.86,25.16
5200,17,2,DL,0.0000,0,100.00,100.00,25.16
5200,18,2,DL,0.0419,524,99.86,99.86,25.16
5200,1,0,DL,0.0000,0,100.00,100.00,48.42
5200,2,0,DL,0.0000,0,100.00,100.00,48.42
5200,3,0,DL,0.0000,0,100.00,100.00,48.42
5200,4,0,DL,0.0000,0,100.00,100.00,48.42
5200,5,0,DL,0.0000,0,100.00,100.00,48.42
5200,14,2,UL,3.1315,39144,1.28,1.28,25.16
5200,15,2,UL,0.0000,0,99.57,99.57,25.16
5200,16,2,UL,3.1466,39332,0.85,0.85,25.16
5200,17,2,UL,0.0000,0,100.00,100.00,25.16
5200,18,2,UL,0.0000,0,91.45,91.45,25.16
5200,6,1,UL,0.0000,0,66.67,66.67,26.42
5200,7,1,UL,0.0000,0,0.00,0.00,26.42
5200,8,1,UL,0.0000,0,0.00,0.00,26.42
5200,9,1,UL,0.0086,108,0.00,0.00,26.42
5200,10,1,UL,0.0000,0,100.00,100.00,26.42
5200,11,1,UL,0.0000,0,0.00,0.00,26.42
5200,12,1,UL,0.0000,0,100.00,100.00,26.42
5200,13,1,UL,0.0000,0,0.00,0.00,26.42
5300,1,0,UL,0.0000,0,100.00,100.00,31.93
5300,2,0,UL,176.3408,2204260,64.09,64.09,31.93
5300,3,0,UL,362.1126,4526408,26.27,26.27,31.93
5300,4,0,UL,0.0000,0,100.00,100.00,31.93
5300,5,0,UL,466.0506,5825632,5.10,5.10,31.93
5300,14,2,DL,0.0000,0,99.86,99.86,40.95
5300,15,2,DL,0.3277,4096,99.86,99.86,40.95
5300,16,2,DL,0.0000,0,99.86,99.86,40.95
5300,17,2,DL,0.0000,0,100.00,100.00,40.95
5300,18,2,DL,0.0419,524,99.86,99.86,40.95
5300,1,0,DL,0.0000,0,100.00,100.00,31.93
5300,2,0,DL,0.0000,0,100.00,100.00,31.93
5300,3,0,DL,0.0000,0,100.00,100.00,31.93
5300,4,0,DL,0.0000,0,100.00,100.00,31.93
5300,5,0,DL,0.0000,0,100.00,100.00,31.93
5300,14,2,UL,3.2067,40084,1.26,1.26,40.95
5300,15,2,UL,0.0000,0,99.58,99.58,40.95
5300,16,2,UL,3.2218,40272,0.84,0.84,40.95
5300,17,2,UL,0.0000,0,100.00,100.00,40.95
5300,18,2,UL,0.0000,0,91.63,91.63,40.95
5300,6,1,UL,0.0000,0,66.67,66.67,27.11
5300,7,1,UL,0.0000,0,0.00,0.00,27.11
5300,8,1,UL,0.0000,0,0.00,0.00,27.11
5300,9,1,UL,0.0000,0,0.00,0.00,27.11
5300,10,1,UL,0.0000,0,100.00,100.00,27.11
5300,11,1,UL,0.0000,0,0.00,0.00,27.11
5300,12,1,UL,0.0000,0,100.00,100.00,27.11
5300,13,1,UL,0.0000,0,0.00,0.00,27.11
5400,1,0,UL,0.0000,0,100.00,100.00,39.09
5400,2,0,UL,182.8246,2285308,63.54,63.54,39.09
5400,3,0,UL,362.8003,4535004,27.64,27.64,39.09
5400,4,0,UL,0.0000,0,100.00,100.00,39.09
5400,5,0,UL,466.0506,5825632,7.05,7.05,39.09
5400,14,2,DL,0.0000,0,99.86,99.86,31.10
5400,15,2,DL,0.3277,4096,99.86,99.86,31.10
5400,16,2,DL,0.0000,0,99.86,99.86,31.10
5400,17,2,DL,0.0000,0,100.00,100.00,31.10
5400,18,2,DL,0.0419,524,99.86,99.86,31.10
5400,1,0,DL,0.0000,0,100.00,100.00,39.09
5400,2,0,DL,0.0000,0,100.00,100.00,39.09
5400,3,0,DL,0.0000,0,100.00,100.00,39.09
5400,4,0,DL,0.0000,0,100.00,100.00,39.09
5400,5,0,DL,0.0000,0,100.00,100.00,39.09
5400,14,2,UL,3.2819,41024,1.23,1.23,31.10
5400,15,2,UL,0.0000,0,99.59,99.59,31.10
5400,16,2,UL,3.2970,41212,0.82,0.82,31.10
5400,17,2,UL,0.0000,0,100.00,100.00,31.10
5400,18,2,UL,0.0000,0,91.80,91.80,31.10
5400,6,1,UL,0.0000,0,66.67,66.67,29.81
5400,7,1,UL,0.0000,0,0.00,0.00,29.81
5400,8,1,UL,0.0000,0,0.00,0.00,29.81
5400,9,1,UL,0.0000,0,0.00,0.00,29.81
5400,10,1,UL,0.0000,0,100.00,100.00,29.81
5400,11,1,UL,0.0086,108,0.00,0.00,29.81
5400,12,1,UL,0.0000,0,100.00,100.00,29.81
5400,13,1,UL,0.0000,0,0.00,0.00,29.81
5500,1,0,UL,0.0000,0,100.00,100.00,30.77
5500,2,0,UL,192.6486,2408108,62.35,62.35,30.77
5500,3,0,UL,366.1405,4576756,28.44,28.44,30.77
5500,4,0,UL,0.0000,0,100.00,100.00,30.77
5500,5,0,UL,466.0506,5825632,8.91,8.91,30.77
5500,14,2,DL,0.0000,0,99.87,99.87,39.44
5500,15,2,DL,0.3277,4096,99.87,99.87,39.44
5500,16,2,DL,0.0000,0,99.87,99.87,39.44
5500,17,2,DL,0.0000,0,100.00,100.00,39.44
5500,18,2,DL,0.0419,524,99.87,99.87,39.44
5500,1,0,DL,0.0000,0,100.00,100.00,30.77
5500,2,0,DL,0.0000,0,100.00,100.00,30.77
5500,3,0,DL,0.0000,0,100.00,100.00,30.77
5500,4,0,DL,0.0000,0,100.00,100.00,30.77
5500,5,0,DL,0.0000,0,100.00,100.00,30.77
5500,14,2,UL,3.3571,41964,1.20,1.20,39.44
5500,15,2,UL,0.0000,0,99.60,99.60,39.44
5500,16,2,UL,3.3722,42152,0.80,0.80,39.44
5500,17,2,UL,0.0000,0,100.00,100.00,39.44
5500,18,2,UL,0.0000,0,91.97,91.97,39.44
5500,6,1,UL,0.0000,0,66.67,66.67,29.80
5500,7,1,UL,0.0000,0,0.00,0.00,29.80
5500,8,1,UL,0.0000,0,0.00,0.00,29.80
5500,9,1,UL,0.0000,0,0.00,0.00,29.80
5500,10,1,UL,0.0000,0,100.00,100.00,29.80
5500,11,1,UL,0.0000,0,0.00,0.00,29.80
5500,12,1,UL,0.0000,0,100.00,100.00,29.80
5500,13,1,UL,0.0086,108,0.00,0.00,29.80
5600,1,0,UL,0.0000,0,100.00,100.00,32.36
5600,2,0,UL,196.7747,2459684,62.29,62.29,32.36
5600,3,0,UL,379.5994,4744992,27.26,27.26,32.36
5600,4,0,UL,0.0000,0,100.00,100.00,32.36
5600,5,0,UL,466.0506,5825632,10.69,10.69,32.36
5600,14,2,DL,0.0000,0,99.87,99.87,40.29
5600,15,2,DL,0.3277,4096,99.87,99.87,40.29
5600,16,2,DL,0.0000,0,99.87,99.87,40.29
5600,17,2,DL,0.0000,0,100.00,100.00,40.29
5600,18,2,DL,0.0419,524,99.87,99.87,40.29
5600,1,0,DL,0.0000,0,100.00,100.00,32.36
5600,2,0,DL,0.0000,0,100.00,100.00,32.36
5600,3,0,DL,0.0000,0,100.00,100.00,32.36
5600,4,0,DL,0.0000,0,100.00,100.00,32.36
5600,5,0,DL,0.0000,0,100.00,100.00,32.36
5600,14,2,UL,3.4323,42904,1.18,1.18,40.29
5600,15,2,UL,0.0000,0,99.61,99.61,40.29
5600,16,2,UL,3.4474,43092,0.79,0.79,40.29
5600,17,2,UL,0.0000,0,100.00,100.00,40.29
5600,18,2,UL,0.0000,0,92.13,92.13,40.29
5600,6,1,UL,0.0000,0,66.67,66.67,27.34
5600,7,1,UL,0.0000,0,0.00,0.00,27.34
5600,8,1,UL,0.0000,0,0.00,0.00,27.34
5600,9,1,UL,0.0000,0,0.00,0.00,27.34
5600,10,1,UL,0.0000,0,100.00,100.00,27.34
5600,11,1,UL,0.0000,0,0.00,0.00,27.34
5600,12,1,UL,0.0000,0,100.00,100.00,27.34
5600,13,1,UL,0.0000,0,0.00,0.00,27.34
5700,1,0,UL,0.0000,0,100.00,100.00,27.52
5700,2,0,UL,198.0518,2475648,62.78,62.78,27.52
5700,3,0,UL,388.6374,4857968,26.96,26.96,27.52
5700,4,0,UL,0.0000,0,100.00,100.00,27.52
5700,5,0,UL,466.0506,5825632,12.41,12.41,27.52
5700,14,2,DL,0.0000,0,99.87,99.87,40.45
5700,15,2,DL,0.3277,4096,99.87,99.87,40.45
5700,16,2,DL,0.0000,0,99.87,99.87,40.45
5700,17,2,DL,0.0000,0,100.00,100.00,40.45
5700,18,2,DL,0.0419,524,99.87,99.87,40.45
5700,1,0,DL,0.0000,0,100.00,100.00,27.52
5700,2,0,DL,0.0000,0,100.00,100.00,27.52
5700,3,0,DL,0.0000,0,100.00,100.00,27.52
5700,4,0,DL,0.0000,0,100.00,100.00,27.52
5700,5,0,DL,0.0000,0,100.00,100.00,27.52
5700,14,2,UL,3.5075,43844,1.16,1.16,40.45
5700,15,2,UL,0.0000,0,99.61,99.61,40.45
5700,16,2,UL,3.5226,44032,0.77,0.77,40.45
5700,17,2,UL,0.0000,0,100.00,100.00,40.45
5700,18,2,UL,0.0000,0,92.28,92.28,40.45
5700,6,1,UL,0.0000,0,66.67,66.67,32.03
5700,7,1,UL,0.0000,0,0.00,0.00,32.03
5700,8,1,UL,0.0000,0,0.00,0.00,32.03
5700,9,1,UL,0.0000,0,0.00,0.00,32.03
5700,10,1,UL,0.0000,0,100.00,100.00,32.03
5700,11,1,UL,0.0000,0,0.00,0.00,32.03
5700,12,1,UL,0.0000,0,100.00,100.00,32.03
5700,13,1,UL,0.0000,0,0.00,0.00,32.03
5800,1,0,UL,0.0000,0,100.00,100.00,44.25
5800,2,0,UL,198.8378,2485472,63.33,63.33,44.25
5800,3,0,UL,388.6374,4857968,28.33,28.33,44.25
5800,4,0,UL,0.0000,0,100.00,100.00,44.25
5800,5,0,UL,466.0506,5825632,14.06,14.06,44.25
5800,14,2,DL,0.0000,0,99.87,99.87,25.19
5800,15,2,DL,0.3277,4096,99.87,99.87,25.19
5800,16,2,DL,0.0000,0,99.87,99.87,25.19
5800,17,2,DL,0.0000,0,100.00,100.00,25.19
5800,18,2,DL,0.0419,524,99.87,99.87,25.19
5800,1,0,DL,0.0000,0,100.00,100.00,44.25
5800,2,0,DL,0.0000,0,100.00,100.00,44.25
5800,3,0,DL,0.0000,0,100.00,100.00,44.25
5800,4,0,DL,0.0000,0,100.00,100.00,44.25
5800,5,0,DL,0.0000,0,100.00,100.00,44.25
5800,14,2,UL,3.5827,44784,1.14,1.14,25.19
5800,15,2,UL,0.0000,0,99.62,99.62,25.19
5800,16,2,UL,3.5978,44972,0.76,0.76,25.19
5800,17,2,UL,0.0000,0,100.00,100.00,25.19
5800,18,2,UL,0.0000,0,92.42,92.42,25.19
5800,6,1,UL,0.0000,0,66.67,66.67,30.55
5800,7,1,UL,0.0000,0,0.00,0.00,30.55
5800,8,1,UL,0.0000,0,0.00,0.00,30.55
5800,9,1,UL,0.0000,0,0.00,0.00,30.55
5800,10,1,UL,0.0000,0,100.00,100.00,30.55
5800,11,1,UL,0.0000,0,0.00,0.00,30.55
5800,12,1,UL,0.0000,0,100.00,100.00,30.55
5800,13,1,UL,0.0000,0,0.00,0.00,30.55
5900,1,0,UL,0.0000,0,100.00,100.00,22.33
5900,2,0,UL,205.7146,2571432,62.77,62.77,22.33
5900,3,0,UL,397.4790,4968488,28.06,28.06,22.33
5900,4,0,UL,0.0000,0,100.00,100.00,22.33
5900,5,0,UL,466.0506,5825632,15.65,15.65,22.33
5900,14,2,DL,0.0000,0,99.88,99.88,29.77
5900,15,2,DL,0.3277,4096,99.88,99.88,29.77
5900,16,2,DL,0.0000,0,99.88,99.88,29.77
5900,17,2,DL,0.0000,0,100.00,100.00,29.77
5900,18,2,DL,0.0419,524,99.88,99.88,29.77
5900,1,0,DL,0.0000,0,100.00,100.00,22.33
5900,2,0,DL,0.0000,0,100.00,100.00,22.33
5900,3,0,DL,0.0000,0,100.00,100.00,22.33
5900,4,0,DL,0.0000,0,100.00,100.00,22.33
5900,5,0,DL,0.0000,0,100.00,100.00,22.33
5900,14,2,UL,3.6579,45724,1.12,1.12,29.77
5900,15,2,UL,0.0000,0,99.63,99.63,29.77
5900,16,2,UL,3.6730,45912,0.74,0.74,29.77
5900,17,2,UL,0.0000,0,100.00,100.00,29.77
5900,18,2,UL,0.0000,0,92.57,92.57,29.77
5900,6,1,UL,0.0000,0,66.67,66.67,47.90
5900,7,1,UL,0.0000,0,0.00,0.00,47.90
5900,8,1,UL,0.0000,0,0.00,0.00,47.90
5900,9,1,UL,0.0000,0,0.00,0.00,47.90
5900,10,1,UL,0.0000,0,100.00,100.00,47.90
5900,11,1,UL,0.0000,0,0.00,0.00,47.90
5900,12,1,UL,0.0000,0,100.00,100.00,47.90
5900,13,1,UL,0.0000,0,0.00,0.00,47.90
6000,1,0,UL,0.0000,0,100.00,100.00,22.47
6000,2,0,UL,211.4125,2642656,62.44,62.44,22.47
6000,3,0,UL,403.2752,5040940,28.35,28.35,22.47
6000,4,0,UL,0.0000,0,100.00,100.00,22.47
6000,5,0,UL,466.0506,5825632,17.19,17.19,22.47
6000,14,2,DL,0.0000,0,99.88,99.88,41.27
6000,15,2,DL,0.3277,4096,99.88,99.88,41.27
6000,16,2,DL,0.0000,0,99.88,99.88,41.27
6000,17,2,DL,0.0000,0,100.00,100.00,41.27
6000,18,2,DL,0.0419,524,99.88,99.88,41.27
6000,1,0,DL,0.0000,0,100.00,100.00,22.47
6000,2,0,DL,0.0000,0,100.00,100.00,22.47
6000,3,0,DL,0.0000,0,100.00,100.00,22.47
6000,4,0,DL,0.0000,0,100.00,100.00,22.47
6000,5,0,DL,0.0000,0,100.00,100.00,22.47
6000,14,2,UL,3.7331,46664,1.09,1.09,41.27
6000,15,2,UL,0.0000,0,99.64,99.64,41.27
6000,16,2,UL,3.7482,46852,0.73,0.73,41.27
6000,17,2,UL,0.0000,0,100.00,100.00,41.27
6000,18,2,UL,0.0000,0,92.70,92.70,41.27
6000,6,1,UL,0.0000,0,66.67,66.67,36.26
6000,7,1,UL,0.0000,0,0.00,0.00,36.26
6000,8,1,UL,0.0000,0,0.00,0.00,36.26
6000,9,1,UL,0.0000,0,0.00,0.00,36.26
6000,10,1,UL,0.0000,0,100.00,100.00,36.26
6000,11,1,UL,0.0000,0,0.00,0.00,36.26
6000,12,1,UL,0.0000,0,100.00,100.00,36.26
6000,13,1,UL,0.0000,0,0.00,0.00,36.26
6100,1,0,UL,0.0000,0,100.00,100.00,29.50
6100,2,0,UL,212.9843,2662304,62.83,62.83,29.50
6100,3,0,UL,413.0010,5162512,27.93,27.93,29.50
6100,4,0,UL,0.0000,0,100.00,100.00,29.50
6100,5,0,UL,466.0506,5825632,18.67,18.67,29.50
6100,14,2,DL,0.0000,0,99.88,99.88,40.35
6100,15,2,DL,0.3277,4096,99.88,99.88,40.35
6100,16,2,DL,0.0000,0,99.88,99.88,40.35
6100,17,2,DL,0.0000,0,100.00,100.00,40.35
6100,18,2,DL,0.0419,524,99.88,99.88,40.35
6100,1,0,DL,0.0000,0,100.00,100.00,29.50
6100,2,0,DL,0.0000,0,100.00,100.00,29.50
6100,3,0,DL,0.0000,0,100.00,100.00,29.50
6100,4,0,DL,0.0000,0,100.00,100.00,29.50
6100,5,0,DL,0.0000,0,100.00,100.00,29.50
6100,14,2,UL,3.8083,47604,1.08,1.08,40.35
6100,15,2,UL,0.0000,0,99.64,99.64,40.35
6100,16,2,UL,3.8234,47792,0.72,0.72,40.35
6100,17,2,UL,0.0000,0,100.00,100.00,40.35
6100,18,2,UL,0.0000,0,92.83,92.83,40.35
6100,6,1,UL,0.0000,0,66.67,66.67,30.14
6100,7,1,UL,0.0000,0,0.00,0.00,30.14
6100,8,1,UL,0.0000,0,0.00,0.00,30.14
6100,9,1,UL,0.0000,0,0.00,0.00,30.14
6100,10,1,UL,0.0000,0,100.00,100.00,30.14
6100,11,1,UL,0.0000,0,0.00,0.00,30.14
6100,12,1,UL,0.0000,0,100.00,100.00,30.14
6100,13,1,UL,0.0000,0,0.00,0.00,30.14
6200,1,0,UL,0.0000,0,100.00,100.00,43.88
6200,2,0,UL,218.3875,2729844,62.56,62.56,43.88
6200,3,0,UL,422.5302,5281628,27.56,27.56,43.88
6200,4,0,UL,0.0000,0,100.00,100.00,43.88
6200,5,0,UL,466.0506,5825632,20.09,20.09,43.88
6200,14,2,DL,0.0000,0,99.88,99.88,24.07
6200,15,2,DL,0.3277,4096,99.88,99.88,24.07
6200,16,2,DL,0.0000,0,99.88,99.88,24.07
6200,17,2,DL,0.0000,0,100.00,100.00,24.07
6200,18,2,DL,0.0419,524,99.88,99.88,24.07
6200,1,0,DL,0.0717,896,98.46,98.46,43.88
6200,2,0,DL,0.0000,0,98.46,98.46,43.88
6200,3,0,DL,0.0000,0,98.68,98.68,43.88
6200,4,0,DL,0.0614,768,98.68,98.68,43.88
6200,5,0,DL,0.0000,0,98.68,98.68,43.88
6200,14,2,UL,3.8835,48544,1.06,1.06,24.07
6200,15,2,UL,0.0000,0,99.65,99.65,24.07
6200,16,2,UL,3.8986,48732,0.70,0.70,24.07
6200,17,2,UL,0.0000,0,100.00,100.00,24.07
6200,18,2,UL,0.0000,0,92.96,92.96,24.07
6200,6,1,UL,0.0000,0,66.67,66.67,32.05
6200,7,1,UL,0.0000,0,0.00,0.00,32.05
6200,8,1,UL,0.0000,0,0.00,0.00,32.05
6200,9,1,UL,0.0000,0,0.00,0.00,32.05
6200,10,1,UL,0.0000,0,100.00,100.00,32.05
6200,11,1,UL,0.0000,0,0.00,0.00,32.05
6200,12,1,UL,0.0000,0,100.00,100.00,32.05
6200,13,1,UL,0.0000,0,0.00,0.00,32.05
6300,1,0,UL,0.0000,0,100.00,100.00,24.56
6300,2,0,UL,221.6560,2770700,62.64,62.64,24.56
6300,3,0,UL,425.9072,5323840,28.22,28.22,24.56
6300,4,0,UL,0.0000,0,100.00,100.00,24.56
6300,5,0,UL,465.9891,5824864,21.47,21.47,24.56
6300,14,2,DL,0.0000,0,99.88,99.88,38.45
6300,15,2,DL,0.3277,4096,99.88,99.88,38.45
6300,16,2,DL,0.0000,0,99.88,99.88,38.45
6300,17,2,DL,0.0000,0,100.00,100.00,38.45
6300,18,2,DL,0.0419,524,99.88,99.88,38.45
6300,1,0,DL,0.0717,896,98.49,98.49,24.56
6300,2,0,DL,0.0000,0,98.49,98.49,24.56
6300,3,0,DL,0.0000,0,98.70,98.70,24.56
6300,4,0,DL,0.0614,768,98.70,98.70,24.56
6300,5,0,DL,0.0000,0,98.70,98.70,24.56
6300,14,2,UL,3.8835,48544,2.77,2.77,38.45
6300,15,2,UL,0.0000,0,99.65,99.65,38.45
6300,16,2,UL,3.9738,49672,0.69,0.69,38.45
6300,17,2,UL,0.0000,0,100.00,100.00,38.45
6300,18,2,UL,0.0000,0,93.08,93.08,38.45
6300,6,1,UL,0.0000,0,66.67,66.67,36.99
6300,7,1,UL,0.0000,0,0.00,0.00,36.99
6300,8,1,UL,0.0000,0,0.00,0.00,36.99
6300,9,1,UL,0.0000,0,0.00,0.00,36.99
6300,10,1,UL,0.0000,0,100.00,100.00,36.99
6300,11,1,UL,0.0000,0,0.00,0.00,36.99
6300,12,1,UL,0.0000,0,100.00,100.00,36.99
6300,13,1,UL,0.0000,0,0.00,0.00,36.99
6400,1,0,UL,0.0000,0,100.00,100.00,29.22
6400,2,0,UL,224.4067,2805084,62.82,62.82,29.22
6400,3,0,UL,432.2928,5403660,28.38,28.38,29.22
6400,4,0,UL,0.0000,0,100.00,100.00,29.22
6400,5,0,UL,465.9891,5824864,22.80,22.80,29.22
6400,14,2,DL,0.0000,0,99.89,99.89,44.01
6400,15,2,DL,0.3277,4096,99.89,99.89,44.01
6400,16,2,DL,0.0000,0,99.89,99.89,44.01
6400,17,2,DL,0.0000,0,100.00,100.00,44.01
6400,18,2,DL,0.0419,524,99.89,99.89,44.01
6400,1,0,DL,0.0717,896,98.51,98.51,29.22
6400,2,0,DL,0.0000,0,98.51,98.51,29.22
6400,3,0,DL,0.0000,0,98.73,98.73,29.22
6400,4,0,DL,0.0614,768,98.73,98.73,29.22
6400,5,0,DL,0.0000,0,98.73,98.73,29.22
6400,14,2,UL,3.9437,49296,3.06,3.06,44.01
6400,15,2,UL,0.0000,0,99.66,99.66,44.01
6400,16,2,UL,4.0490,50612,0.68,0.68,44.01
6400,17,2,UL,0.0000,0,100.00,100.00,44.01
6400,18,2,UL,0.0000,0,93.20,93.20,44.01
6400,6,1,UL,0.0000,0,66.67,66.67,26.77
6400,7,1,UL,0.0000,0,0.00,0.00,26.77
6400,8,1,UL,0.0000,0,0.00,0.00,26.77
6400,9,1,UL,0.0000,0,0.00,0.00,26.77
6400,10,1,UL,0.0000,0,100.00,100.00,26.77
6400,11,1,UL,0.0000,0,0.00,0.00,26.77
6400,12,1,UL,0.0000,0,100.00,100.00,26.77
6400,13,1,UL,0.0000,0,0.00,0.00,26.77
6500,1,0,UL,0.0000,0,100.00,100.00,43.92
6500,2,0,UL,227.9434,2849292,62.86,62.86,43.92
6500,3,0,UL,448.0112,5600140,27.01,27.01,43.92
6500,4,0,UL,0.0000,0,100.00,100.00,43.92
6500,5,0,UL,465.9891,5824864,24.08,24.08,43.92
6500,14,2,DL,0.0000,0,99.89,99.89,28.02
6500,15,2,DL,0.3277,4096,99.89,99.89,28.02
6500,16,2,DL,0.0000,0,99.89,99.89,28.02
6500,17,2,DL,0.0000,0,100.00,100.00,28.02
6500,18,2,DL,0.0419,524,99.89,99.89,28.02
6500,1,0,DL,0.0717,896,98.54,98.54,43.92
6500,2,0,DL,0.0000,0,98.54,98.54,43.92
6500,3,0,DL,0.0000,0,98.75,98.75,43.92
6500,4,0,DL,0.0614,768,98.75,98.75,43.92
6500,5,0,DL,0.0000,0,98.75,98.75,43.92
6500,14,2,UL,4.0790,50988,1.67,1.67,28.02
6500,15,2,UL,0.0000,0,99.67,99.67,28.02
6500,16,2,UL,4.1242,51552,0.67,0.67,28.02
6500,17,2,UL,0.0000,0,100.00,100.00,28.02
6500,18,2,UL,0.0000,0,93.31,93.31,28.02
6500,6,1,UL,0.0000,0,66.67,66.67,28.06
6500,7,1,UL,0.0000,0,0.00,0.00,28.06
6500,8,1,UL,0.0000,0,0.00,0.00,28.06
6500,9,1,UL,0.0000,0,0.00,0.00,28.06
6500,10,1,UL,0.0000,0,100.00,100.00,28.06
6500,11,1,UL,0.0000,0,0.00,0.00,28.06
6500,12,1,UL,0.0000,0,100.00,100.00,28.06
6500,13,1,UL,0.0000,0,0.00,0.00,28.06
6600,1,0,UL,0.0000,0,100.00,100.00,28.73
6600,2,0,UL,233.1501,2914376,62.64,62.64,28.73
6600,3,0,UL,448.0112,5600140,28.22,28.22,28.73
6600,4,0,UL,0.0000,0,100.00,100.00,28.73
6600,5,0,UL,465.9891,5824864,25.34,25.34,28.73
6600,14,2,DL,0.0000,0,99.89,99.89,33.49
6600,15,2,DL,0.3277,4096,99.89,99.89,33.49
6600,16,2,DL,0.0000,0,99.89,99.89,33.49
6600,17,2,DL,0.0000,0,100.00,100.00,33.49
6600,18,2,DL,0.0419,524,99.89,99.89,33.49
6600,1,0,DL,0.0717,896,98.56,98.56,28.73
6600,2,0,DL,0.0000,0,98.56,98.56,28.73
6600,3,0,DL,0.0000,0,98.77,98.77,28.73
6600,4,0,DL,0.0614,768,98.77,98.77,28.73
6600,5,0,DL,0.0000,0,98.77,98.77,28.73
6600,14,2,UL,4.1542,51928,1.64,1.64,33.49
6600,15,2,UL,0.0000,0,99.67,99.67,33.49
6600,16,2,UL,4.1994,52492,0.66,0.66,33.49
6600,17,2,UL,0.0000,0,100.00,100.00,33.49
6600,18,2,UL,0.0000,0,93.42,93.42,33.49
6600,6,1,UL,0.0000,0,66.67,66.67,37.78
6600,7,1,UL,0.0000,0,0.00,0.00,37.78
6600,8,1,UL,0.0000,0,0.00,0.00,37.78
6600,9,1,UL,0.0000,0,0.00,0.00,37.78
6600,10,1,UL,0.0000,0,100.00,100.00,37.78
6600,11,1,UL,0.0000,0,0.00,0.00,37.78
6600,12,1,UL,0.0000,0,100.00,100.00,37.78
6600,13,1,UL,0.0000,0,0.00,0.00,37.78
6700,1,0,UL,0.0000,0,100.00,100.00,33.95
6700,2,0,UL,239.6339,2995424,62.22,62.22,33.95
6700,3,0,UL,470.6064,5882580,25.81,25.81,33.95
6700,4,0,UL,0.0000,0,100.00,100.00,33.95
6700,5,0,UL,465.9891,5824864,26.54,26.54,33.95
6700,14,2,DL,0.0000,0,99.89,99.89,37.61
6700,15,2,DL,0.3277,4096,99.89,99.89,37.61
6700,16,2,DL,0.0000,0,99.89,99.89,37.61
6700,17,2,DL,0.0000,0,100.00,100.00,37.61
6700,18,2,DL,0.0419,524,99.89,99.89,37.61
6700,1,0,DL,0.0819,1024,98.38,98.38,33.95
6700,2,0,DL,0.0000,0,98.38,98.38,33.95
6700,3,0,DL,0.0000,0,98.38,98.38,33.95
6700,4,0,DL,0.0717,896,98.59,98.59,33.95
6700,5,0,DL,0.0000,0,98.38,98.38,33.95
6700,14,2,UL,4.2294,52868,1.62,1.62,37.61
6700,15,2,UL,0.0000,0,99.68,99.68,37.61
6700,16,2,UL,4.2746,53432,0.65,0.65,37.61
6700,17,2,UL,0.0000,0,100.00,100.00,37.61
6700,18,2,UL,0.0000,0,93.53,93.53,37.61
6700,6,1,UL,0.0000,0,66.67,66.67,28.44
6700,7,1,UL,0.0000,0,0.00,0.00,28.44
6700,8,1,UL,0.0000,0,0.00,0.00,28.44
6700,9,1,UL,0.0000,0,0.00,0.00,28.44
6700,10,1,UL,0.0000,0,100.00,100.00,28.44
6700,11,1,UL,0.0000,0,0.00,0.00,28.44
6700,12,1,UL,0.0000,0,100.00,100.00,28.44
6700,13,1,UL,0.0000,0,0.00,0.00,28.44
6800,1,0,UL,0.0000,0,100.00,100.00,26.75
6800,2,0,UL,244.4374,3055468,62.07,62.07,26.75
6800,3,0,UL,472.4525,5905656,26.70,26.70,26.75
6800,4,0,UL,0.0000,0,100.00,100.00,26.75
6800,5,0,UL,465.9686,5824608,27.70,27.70,26.75
6800,14,2,DL,0.0000,0,99.89,99.89,37.76
6800,15,2,DL,0.3277,4096,99.89,99.89,37.76
6800,16,2,DL,0.0000,0,99.89,99.89,37.76
6800,17,2,DL,0.0000,0,100.00,100.00,37.76
6800,18,2,DL,0.0419,524,99.89,99.89,37.76
6800,1,0,DL,0.0819,1024,98.41,98.41,26.75
6800,2,0,DL,0.0000,0,98.41,98.41,26.75
6800,3,0,DL,0.0000,0,98.41,98.41,26.75
6800,4,0,DL,0.0717,896,98.61,98.61,26.75
6800,5,0,DL,0.0000,0,98.41,98.41,26.75
6800,14,2,UL,4.3046,53808,1.59,1.59,37.76
6800,15,2,UL,0.0000,0,99.68,99.68,37.76
6800,16,2,UL,4.3498,54372,0.64,0.64,37.76
6800,17,2,UL,0.0000,0,100.00,100.00,37.76
6800,18,2,UL,0.0000,0,93.63,93.63,37.76
6800,6,1,UL,0.0000,0,66.67,66.67,35.49
6800,7,1,UL,0.0000,0,0.00,0.00,35.49
6800,8,1,UL,0.0000,0,0.00,0.00,35.49
6800,9,1,UL,0.0000,0,0.00,0.00,35.49
6800,10,1,UL,0.0000,0,100.00,100.00,35.49
6800,11,1,UL,0.0000,0,0.00,0.00,35.49
6800,12,1,UL,0.0000,0,100.00,100.00,35.49
6800,13,1,UL,0.0000,0,0.00,0.00,35.49
6900,1,0,UL,0.0000,0,100.00,100.00,31.94
6900,2,0,UL,247.1882,3089852,62.24,62.24,31.94
6900,3,0,UL,483.0624,6038280,26.22,26.22,31.94
6900,4,0,UL,0.0000,0,100.00,100.00,31.94
6900,5,0,UL,465.9686,5824608,28.83,28.83,31.94
6900,14,2,DL,0.0000,0,99.89,99.89,28.78
6900,15,2,DL,0.3277,4096,99.89,99.89,28.78
6900,16,2,DL,0.0000,0,99.89,99.89,28.78
6900,17,2,DL,0.0000,0,100.00,100.00,28.78
6900,18,2,DL,0.0419,524,99.89,99.89,28.78
6900,1,0,DL,0.0819,1024,98.43,98.43,31.94
6900,2,0,DL,0.0000,0,98.43,98.43,31.94
6900,3,0,DL,0.0000,0,98.43,98.43,31.94
6900,4,0,DL,0.0717,896,98.63,98.63,31.94
6900,5,0,DL,0.0000,0,98.43,98.43,31.94
6900,14,2,UL,4.3798,54748,1.57,1.57,28.78
6900,15,2,UL,0.0000,0,99.69,99.69,28.78
6900,16,2,UL,4.4099,55124,0.94,0.94,28.78
6900,17,2,UL,0.0000,0,100.00,100.00,28.78
6900,18,2,UL,0.0000,0,93.73,93.73,28.78
6900,6,1,UL,0.0000,0,66.67,66.67,39.28
6900,7,1,UL,0.0000,0,0.00,0.00,39.28
6900,8,1,UL,0.0000,0,0.00,0.00,39.28
6900,9,1,UL,0.0000,0,0.00,0.00,39.28
6900,10,1,UL,0.0000,0,100.00,100.00,39.28
6900,11,1,UL,0.0000,0,0.00,0.00,39.28
6900,12,1,UL,0.0000,0,100.00,100.00,39.28
6900,13,1,UL,0.0000,0,0.00,0.00,39.28
7000,1,0,UL,0.0000,0,100.00,100.00,33.13
7000,2,0,UL,247.4829,3093536,62.78,62.78,33.13
7000,3,0,UL,485.4202,6067752,27.00,27.00,33.13
7000,4,0,UL,0.0000,0,100.00,100.00,33.13
7000,5,0,UL,465.9686,5824608,29.93,29.93,33.13
7000,14,2,DL,0.0000,0,99.90,99.90,37.96
7000,15,2,DL,0.3277,4096,99.90,99.90,37.96
7000,16,2,DL,0.0000,0,99.90,99.90,37.96
7000,17,2,DL,0.0000,0,100.00,100.00,37.96
7000,18,2,DL,0.0419,524,99.90,99.90,37.96
7000,1,0,DL,0.0819,1024,98.46,98.46,33.13
7000,2,0,DL,0.0000,0,98.46,98.46,33.13
7000,3,0,DL,0.0000,0,98.46,98.46,33.13
7000,4,0,DL,0.0717,896,98.65,98.65,33.13
7000,5,0,DL,0.0000,0,98.46,98.46,33.13
7000,14,2,UL,4.4550,55688,1.54,1.54,37.96
7000,15,2,UL,0.0000,0,99.69,99.69,37.96
7000,16,2,UL,4.5002,56252,0.62,0.62,37.96
7000,17,2,UL,0.0000,0,100.00,100.00,37.96
7000,18,2,UL,0.0000,0,93.83,93.83,37.96
7000,6,1,UL,0.0000,0,75.00,75.00,28.91
7000,7,1,UL,0.0000,0,0.00,0.00,28.91
7000,8,1,UL,0.0000,0,0.00,0.00,28.91
7000,9,1,UL,0.0000,0,0.00,0.00,28.91
7000,10,1,UL,0.0000,0,100.00,100.00,28.91
7000,11,1,UL,0.0000,0,0.00,0.00,28.91
7000,12,1,UL,0.0000,0,100.00,100.00,28.91
7000,13,1,UL,0.0000,0,0.00,0.00,28.91
7100,1,0,UL,0.0000,0,100.00,100.00,36.64
7100,2,0,UL,253.5738,3169672,62.44,62.44,36.64
7100,3,0,UL,492.3952,6154940,27.07,27.07,36.64
7100,4,0,UL,0.0000,0,100.00,100.00,36.64
7100,5,0,UL,465.9686,5824608,30.99,30.99,36.64
7100,14,2,DL,0.0000,0,99.90,99.90,31.17
7100,15,2,DL,0.3277,4096,99.90,99.90,31.17
7100,16,2,DL,0.0000,0,99.90,99.90,31.17
7100,17,2,DL,0.0000,0,100.00,100.00,31.17
7100,18,2,DL,0.0419,524,99.90,99.90,31.17
7100,1,0,DL,0.0819,1024,98.48,98.48,36.64
7100,2,0,DL,0.0000,0,98.48,98.48,36.64
7100,3,0,DL,0.0000,0,98.48,98.48,36.64
7100,4,0,DL,0.0717,896,98.67,98.67,36.64
7100,5,0,DL,0.0000,0,98.48,98.48,36.64
7100,14,2,UL,4.5302,56628,1.52,1.52,31.17
7100,15,2,UL,0.0000,0,99.70,99.70,31.17
7100,16,2,UL,4.5754,57192,0.61,0.61,31.17
7100,17,2,UL,0.0000,0,100.00,100.00,31.17
7100,18,2,UL,0.0000,0,93.92,93.92,31.17
7100,6,1,UL,0.0000,0,75.00,75.00,32.19
7100,7,1,UL,0.0086,108,0.00,0.00,32.19
7100,8,1,UL,0.0086,108,0.00,0.00,32.19
7100,9,1,UL,0.0000,0,0.00,0.00,32.19
7100,10,1,UL,0.0000,0,100.00,100.00,32.19
7100,11,1,UL,0.0000,0,0.00,0.00,32.19
7100,12,1,UL,0.0000,0,100.00,100.00,32.19
7100,13,1,UL,0.0000,0,0.00,0.00,32.19
7200,1,0,UL,0.0000,0,100.00,100.00,26.22
7200,2,0,UL,254.0650,3175812,62.93,62.93,26.22
7200,3,0,UL,498.2896,6228620,27.31,27.31,26.22
7200,4,0,UL,0.0000,0,100.00,100.00,26.22
7200,5,0,UL,465.9686,5824608,32.02,32.02,26.22
7200,14,2,DL,0.0000,0,99.90,99.90,42.19
7200,15,2,DL,0.3277,4096,99.90,99.90,42.19
7200,16,2,DL,0.0000,0,99.90,99.90,42.19
7200,17,2,DL,0.0000,0,100.00,100.00,42.19
7200,18,2,DL,0.0419,524,99.90,99.90,42.19
7200,1,0,DL,0.0819,1024,98.50,98.50,26.22
7200,2,0,DL,0.0000,0,98.50,98.50,26.22
7200,3,0,DL,0.0000,0,98.50,98.50,26.22
7200,4,0,DL,0.0717,896,98.69,98.69,26.22
7200,5,0,DL,0.0000,0,98.50,98.50,26.22
7200,14,2,UL,4.6054,57568,1.50,1.50,42.19
7200,15,2,UL,0.0000,0,99.70,99.70,42.19
7200,16,2,UL,4.6506,58132,0.60,0.60,42.19
7200,17,2,UL,0.0000,0,100.00,100.00,42.19
7200,18,2,UL,0.0000,0,94.01,94.01,42.19
7200,6,1,UL,0.0000,0,75.00,75.00,31.58
7200,7,1,UL,0.0000,0,0.00,0.00,31.58
7200,8,1,UL,0.0000,0,0.00,0.00,31.58
7200,9,1,UL,0.0086,108,0.00,0.00,31.58
7200,10,1,UL,0.0000,0,100.00,100.00,31.58
7200,11,1,UL,0.0000,0,0.00,0.00,31.58
7200,12,1,UL,0.0000,0,100.00,100.00,31.58
7200,13,1,UL,0.0000,0,0.00,0.00,31.58
7300,1,0,UL,0.0000,0,100.00,100.00,46.46
7300,2,0,UL,262.0224,3275280,62.33,62.33,46.46
7300,3,0,UL,504.2822,6303528,27.52,27.52,46.46
7300,4,0,UL,0.0000,0,100.00,100.00,46.46
7300,5,0,UL,465.9686,5824608,33.02,33.02,46.46
7300,14,2,DL,0.0000,0,99.90,99.90,21.69
7300,15,2,DL,0.3277,4096,99.90,99.90,21.69
7300,16,2,DL,0.0000,0,99.90,99.90,21.69
7300,17,2,DL,0.0000,0,100.00,100.00,21.69
7300,18,2,DL,0.0419,524,99.90,99.90,21.69
7300,1,0,DL,0.0819,1024,98.53,98.53,46.46
7300,2,0,DL,0.0000,0,98.53,98.53,46.46
7300,3,0,DL,0.0000,0,98.53,98.53,46.46
7300,4,0,DL,0.0717,896,98.71,98.71,46.46
7300,5,0,DL,0.0000,0,98.53,98.53,46.46
7300,14,2,UL,4.6806,58508,1.47,1.47,21.69
7300,15,2,UL,0.0000,0,99.71,99.71,21.69
7300,16,2,UL,4.7258,59072,0.59,0.59,21.69
7300,17,2,UL,0.0000,0,100.00,100.00,21.69
7300,18,2,UL,0.0000,0,94.10,94.10,21.69
7300,6,1,UL,0.0000,0,75.00,75.00,31.85
7300,7,1,UL,0.0000,0,0.00,0.00,31.85
7300,8,1,UL,0.0000,0,0.00,0.00,31.85
7300,9,1,UL,0.0000,0,0.00,0.00,31.85
7300,10,1,UL,0.0000,0,100.00,100.00,31.85
7300,11,1,UL,0.0000,0,0.00,0.00,31.85
7300,12,1,UL,0.0000,0,100.00,100.00,31.85
7300,13,1,UL,0.0000,0,0.00,0.00,31.85
7400,1,0,UL,0.0000,0,100.00,100.00,26.51
7400,2,0,UL,262.7101,3283876,62.78,62.78,26.51
7400,3,0,UL,514.3027,6428784,27.15,27.15,26.51
7400,4,0,UL,0.0000,0,100.00,100.00,26.51
7400,5,0,UL,465.9686,5824608,33.99,33.99,26.51
7400,14,2,DL,0.0000,0,99.90,99.90,28.40
7400,15,2,DL,0.3277,4096,99.90,99.90,28.40
7400,16,2,DL,0.0000,0,99.90,99.90,28.40
7400,17,2,DL,0.0000,0,100.00,100.00,28.40
7400,18,2,DL,0.0419,524,99.90,99.90,28.40
7400,1,0,DL,0.0819,1024,98.55,98.55,26.51
7400,2,0,DL,0.0000,0,98.55,98.55,26.51
7400,3,0,DL,0.0000,0,98.55,98.55,26.51
7400,4,0,DL,0.0717,896,98.73,98.73,26.51
7400,5,0,DL,0.0000,0,98.55,98.55,26.51
7400,14,2,UL,4.7558,59448,1.45,1.45,28.40
7400,15,2,UL,0.0000,0,99.71,99.71,28.40
7400,16,2,UL,4.8010,60012,0.58,0.58,28.40
7400,17,2,UL,0.0000,0,100.00,100.00,28.40
7400,18,2,UL,0.0000,0,94.19,94.19,28.40
7400,6,1,UL,0.0000,0,75.00,75.00,45.09
7400,7,1,UL,0.0000,0,0.00,0.00,45.09
7400,8,1,UL,0.0000,0,0.00,0.00,45.09
7400,9,1,UL,0.0000,0,0.00,0.00,45.09
7400,10,1,UL,0.0000,0,100.00,100.00,45.09
7400,11,1,UL,0.0086,108,0.00,0.00,45.09
7400,12,1,UL,0.0000,0,100.00,100.00,45.09
7400,13,1,UL,0.0000,0,0.00,0.00,45.09
7500,1,0,UL,0.0000,0,100.00,100.00,26.32
7500,2,0,UL,267.6221,3345276,62.63,62.63,26.32
7500,3,0,UL,517.9376,6474220,27.68,27.68,26.32
7500,4,0,UL,0.0000,0,100.00,100.00,26.32
7500,5,0,UL,465.9686,5824608,34.93,34.93,26.32
7500,14,2,DL,0.0000,0,99.90,99.90,37.10
7500,15,2,DL,0.3277,4096,99.90,99.90,37.10
7500,16,2,DL,0.0000,0,99.90,99.90,37.10
7500,17,2,DL,0.0000,0,100.00,100.00,37.10
7500,18,2,DL,0.0419,524,99.90,99.90,37.10
7500,1,0,DL,0.0819,1024,98.57,98.57,26.32
7500,2,0,DL,0.0000,0,98.57,98.57,26.32
7500,3,0,DL,0.0000,0,98.57,98.57,26.32
7500,4,0,DL,0.0717,896,98.75,98.75,26.32
7500,5,0,DL,0.0000,0,98.57,98.57,26.32
7500,14,2,UL,4.8310,60388,1.43,1.43,37.10
7500,15,2,UL,0.0000,0,99.71,99.71,37.10
7500,16,2,UL,4.8762,60952,0.57,0.57,37.10
7500,17,2,UL,0.0000,0,100.00,100.00,37.10
7500,18,2,UL,0.0000,0,94.27,94.27,37.10
7500,6,1,UL,0.0000,0,75.00,75.00,36.57
7500,7,1,UL,0.0000,0,0.00,0.00,36.57
7500,8,1,UL,0.0000,0,0.00,0.00,36.57
7500,9,1,UL,0.0000,0,0.00,0.00,36.57
7500,10,1,UL,0.0000,0,100.00,100.00,36.57
7500,11,1,UL,0.0000,0,0.00,0.00,36.57
7500,12,1,UL,0.0000,0,100.00,100.00,36.57
7500,13,1,UL,0.0086,108,0.00,0.00,36.57
7600,1,0,UL,0.0000,0,100.00,100.00,29.63
7600,2,0,UL,273.8112,3422640,62.30,62.30,29.63
7600,3,0,UL,523.9302,6549128,27.87,27.87,29.63
7600,4,0,UL,0.0000,0,100.00,100.00,29.63
7600,5,0,UL,465.9686,5824608,35.85,35.85,29.63
7600,14,2,DL,0.0000,0,99.91,99.91,27.76
7600,15,2,DL,0.3277,4096,99.91,99.91,27.76
7600,16,2,DL,0.0000,0,99.91,99.91,27.76
7600,17,2,DL,0.0000,0,100.00,100.00,27.76
7600,18,2,DL,0.0419,524,99.91,99.91,27.76
7600,1,0,DL,0.0819,1024,98.59,98.59,29.63
7600,2,0,DL,0.0000,0,98.59,98.59,29.63
7600,3,0,DL,0.0000,0,98.59,98.59,29.63
7600,4,0,DL,0.0717,896,98.77,98.77,29.63
7600,5,0,DL,0.0000,0,98.59,98.59,29.63
7600,14,2,UL,4.9062,61328,1.41,1.41,27.76
7600,15,2,UL,0.0000,0,99.72,99.72,27.76
7600,16,2,UL,4.9514,61892,0.56,0.56,27.76
7600,17,2,UL,0.0000,0,100.00,100.00,27.76
7600,18,2,UL,0.0000,0,94.35,94.35,27.76
7600,6,1,UL,0.0000,0,75.00,75.00,42.61
7600,7,1,UL,0.0000,0,0.00,0.00,42.61
7600,8,1,UL,0.0000,0,0.00,0.00,42.61
7600,9,1,UL,0.0000,0,0.00,0.00,42.61
7600,10,1,UL,0.0000,0,100.00,100.00,42.61
7600,11,1,UL,0.0000,0,0.00,0.00,42.61
7600,12,1,UL,0.0000,0,100.00,100.00,42.61
7600,13,1,UL,0.0000,0,0.00,0.00,42.61
7700,1,0,UL,0.0000,0,100.00,100.00,28.44
7700,2,0,UL,278.5267,3481584,62.18,62.18,28.44
7700,3,0,UL,540.9258,6761572,26.56,26.56,28.44
7700,4,0,UL,0.0000,0,100.00,100.00,28.44
7700,5,0,UL,465.9686,5824608,36.74,36.74,28.44
7700,14,2,DL,0.0000,0,99.91,99.91,37.23
7700,15,2,DL,0.3277,4096,99.91,99.91,37.23
7700,16,2,DL,0.0000,0,99.91,99.91,37.23
7700,17,2,DL,0.0000,0,100.00,100.00,37.23
7700,18,2,DL,0.0419,524,99.91,99.91,37.23
7700,1,0,DL,0.0819,1024,98.61,98.61,28.44
7700,2,0,DL,0.0000,0,98.61,98.61,28.44
7700,3,0,DL,0.0000,0,98.61,98.61,28.44
7700,4,0,DL,0.0717,896,98.78,98.78,28.44
7700,5,0,DL,0.0000,0,98.61,98.61,28.44
7700,14,2,UL,4.9814,62268,1.39,1.39,37.23
7700,15,2,UL,0.0000,0,99.72,99.72,37.23
7700,16,2,UL,5.0266,62832,0.56,0.56,37.23
7700,17,2,UL,0.0000,0,100.00,100.00,37.23
7700,18,2,UL,0.0000,0,94.43,94.43,37.23
7700,6,1,UL,0.0000,0,75.00,75.00,34.33
7700,7,1,UL,0.0000,0,0.00,0.00,34.33
7700,8,1,UL,0.0000,0,0.00,0.00,34.33
7700,9,1,UL,0.0000,0,0.00,0.00,34.33
7700,10,1,UL,0.0000,0,100.00,100.00,34.33
7700,11,1,UL,0.0000,0,0.00,0.00,34.33
7700,12,1,UL,0.0000,0,100.00,100.00,34.33
7700,13,1,UL,0.0000,0,0.00,0.00,34.33
7800,1,0,UL,0.0000,0,100.00,100.00,44.53
7800,2,0,UL,282.7510,3534388,62.14,62.14,44.53
7800,3,0,UL,541.5152,6768940,27.50,27.50,44.53
7800,4,0,UL,0.0000,0,100.00,100.00,44.53
7800,5,0,UL,465.9686,5824608,37.61,37.61,44.53
7800,14,2,DL,0.0000,0,99.91,99.91,26.42
7800,15,2,DL,0.3277,4096,99.91,99.91,26.42
7800,16,2,DL,0.0000,0,99.91,99.91,26.42
7800,17,2,DL,0.0000,0,100.00,100.00,26.42
7800,18,2,DL,0.0419,524,99.91,99.91,26.42
7800,1,0,DL,0.0819,1024,98.63,98.63,44.53
7800,2,0,DL,0.0000,0,98.63,98.63,44.53
7800,3,0,DL,0.0000,0,98.63,98.63,44.53
7800,4,0,DL,0.0717,896,98.80,98.80,44.53
7800,5,0,DL,0.0000,0,98.63,98.63,44.53
7800,14,2,UL,5.0566,63208,1.37,1.37,26.42
7800,15,2,UL,0.0000,0,99.73,99.73,26.42
7800,16,2,UL,5.1018,63772,0.55,0.55,26.42
7800,17,2,UL,0.0000,0,100.00,100.00,26.42
7800,18,2,UL,0.0000,0,94.51,94.51,26.42
7800,6,1,UL,0.0000,0,75.00,75.00,29.05
7800,7,1,UL,0.0000,0,0.00,0.00,29.05
7800,8,1,UL,0.0000,0,0.00,0.00,29.05
7800,9,1,UL,0.0000,0,0.00,0.00,29.05
7800,10,1,UL,0.0000,0,100.00,100.00,29.05
7800,11,1,UL,0.0000,0,0.00,0.00,29.05
7800,12,1,UL,0.0000,0,100.00,100.00,29.05
7800,13,1,UL,0.0000,0,0.00,0.00,29.05
7900,1,0,UL,0.0000,0,100.00,100.00,43.49
7900,2,0,UL,286.2877,3578596,62.18,62.18,43.49
7900,3,0,UL,544.9536,6811920,28.02,28.02,43.49
7900,4,0,UL,0.0000,0,100.00,100.00,43.49
7900,5,0,UL,465.9686,5824608,38.45,38.45,43.49
7900,14,2,DL,0.0000,0,99.91,99.91,19.21
7900,15,2,DL,0.3277,4096,99.91,99.91,19.21
7900,16,2,DL,0.0000,0,99.91,99.91,19.21
7900,17,2,DL,0.0000,0,100.00,100.00,19.21
7900,18,2,DL,0.0419,524,99.91,99.91,19.21
7900,1,0,DL,0.0819,1024,98.65,98.65,43.49
7900,2,0,DL,0.0000,0,98.65,98.65,43.49
7900,3,0,DL,0.0000,0,98.65,98.65,43.49
7900,4,0,DL,0.0717,896,98.82,98.82,43.49
7900,5,0,DL,0.0000,0,98.65,98.65,43.49
7900,14,2,UL,5.1318,64148,1.36,1.36,19.21
7900,15,2,UL,0.0000,0,99.73,99.73,19.21
7900,16,2,UL,5.1619,64524,0.81,0.81,19.21
7900,17,2,UL,0.0000,0,100.00,100.00,19.21
7900,18,2,UL,0.0000,0,94.58,94.58,19.21
7900,6,1,UL,0.0000,0,75.00,75.00,37.30
7900,7,1,UL,0.0000,0,0.00,0.00,37.30
7900,8,1,UL,0.0000,0,0.00,0.00,37.30
7900,9,1,UL,0.0000,0,0.00,0.00,37.30
7900,10,1,UL,0.0000,0,100.00,100.00,37.30
7900,11,1,UL,0.0000,0,0.00,0.00,37.30
7900,12,1,UL,0.0000,0,100.00,100.00,37.30
7900,13,1,UL,0.0000,0,0.00,0.00,37.30
8000,1,0,UL,0.0000,0,100.00,100.00,30.10
8000,2,0,UL,286.6806,3583508,62.63,62.63,30.10
8000,3,0,UL,555.5635,6944544,27.60,27.60,30.10
8000,4,0,UL,0.0000,0,100.00,100.00,30.10
8000,5,0,UL,465.9686,5824608,39.27,39.27,30.10
8000,14,2,DL,0.0000,0,99.91,99.91,35.39
8000,15,2,DL,0.3277,4096,99.91,99.91,35.39
8000,16,2,DL,0.0000,0,99.91,99.91,35.39
8000,17,2,DL,0.0000,0,100.00,100.00,35.39
8000,18,2,DL,0.0419,524,99.91,99.91,35.39
8000,1,0,DL,0.0819,1024,98.66,98.66,30.10
8000,2,0,DL,0.0000,0,98.66,98.66,30.10
8000,3,0,DL,0.0000,0,98.66,98.66,30.10
8000,4,0,DL,0.0717,896,98.83,98.83,30.10
8000,5,0,DL,0.0000,0,98.66,98.66,30.10
8000,14,2,UL,5.2070,65088,1.34,1.34,35.39
8000,15,2,UL,0.0000,0,99.73,99.73,35.39
8000,16,2,UL,5.2522,65652,0.53,0.53,35.39
8000,17,2,UL,0.0000,0,100.00,100.00,35.39
8000,18,2,UL,0.0000,0,94.65,94.65,35.39
8000,6,1,UL,0.0000,0,75.00,75.00,34.51
8000,7,1,UL,0.0000,0,0.00,0.00,34.51
8000,8,1,UL,0.0000,0,0.00,0.00,34.51
8000,9,1,UL,0.0000,0,0.00,0.00,34.51
8000,10,1,UL,0.0000,0,100.00,100.00,34.51
8000,11,1,UL,0.0000,0,0.00,0.00,34.51
8000,12,1,UL,0.0000,0,100.00,100.00,34.51
8000,13,1,UL,0.0000,0,0.00,0.00,34.51
8100,1,0,UL,0.0000,0,100.00,100.00,38.15
8100,2,0,UL,288.3507,3604384,62.91,62.91,38.15
8100,3,0,UL,569.8083,7122604,26.72,26.72,38.15
8100,4,0,UL,0.0000,0,100.00,100.00,38.15
8100,5,0,UL,465.9686,5824608,40.07,40.07,38.15
8100,14,2,DL,0.0000,0,99.91,99.91,27.45
8100,15,2,DL,0.3277,4096,99.91,99.91,27.45
8100,16,2,DL,0.0000,0,99.91,99.91,27.45
8100,17,2,DL,0.0000,0,100.00,100.00,27.45
8100,18,2,DL,0.0419,524,99.91,99.91,27.45
8100,1,0,DL,0.0819,1024,98.68,98.68,38.15
8100,2,0,DL,0.0000,0,98.68,98.68,38.15
8100,3,0,DL,0.0000,0,98.68,98.68,38.15
8100,4,0,DL,0.0717,896,98.85,98.85,38.15
8100,5,0,DL,0.0000,0,98.68,98.68,38.15
8100,14,2,UL,5.2822,66028,1.32,1.32,27.45
8100,15,2,UL,0.0000,0,99.74,99.74,27.45
8100,16,2,UL,5.3274,66592,0.53,0.53,27.45
8100,17,2,UL,0.0000,0,100.00,100.00,27.45
8100,18,2,UL,0.0000,0,94.72,94.72,27.45
8100,6,1,UL,0.0000,0,75.00,75.00,34.40
8100,7,1,UL,0.0000,0,0.00,0.00,34.40
8100,8,1,UL,0.0000,0,0.00,0.00,34.40
8100,9,1,UL,0.0000,0,0.00,0.00,34.40
8100,10,1,UL,0.0000,0,100.00,100.00,34.40
8100,11,1,UL,0.0000,0,0.00,0.00,34.40
8100,12,1,UL,0.0000,0,100.00,100.00,34.40
8100,13,1,UL,0.0000,0,0.00,0.00,34.40
8200,1,0,UL,0.0000,0,100.00,100.00,39.73
8200,2,0,UL,291.3962,3642452,63.00,63.00,39.73
8200,3,0,UL,571.1837,7139796,27.49,27.49,39.73
8200,4,0,UL,0.0000,0,100.00,100.00,39.73
8200,5,0,UL,465.9686,5824608,40.85,40.85,39.73
8200,14,2,DL,0.0000,0,99.91,99.91,28.43
8200,15,2,DL,0.3277,4096,99.91,99.91,28.43
8200,16,2,DL,0.0000,0,99.91,99.91,28.43
8200,17,2,DL,0.0000,0,100.00,100.00,28.43
8200,18,2,DL,0.0419,524,99.91,99.91,28.43
8200,1,0,DL,0.0819,1024,98.70,98.70,39.73
8200,2,0,DL,0.0000,0,98.70,98.70,39.73
8200,3,0,DL,0.0000,0,98.70,98.70,39.73
8200,4,0,DL,0.0717,896,98.86,98.86,39.73
8200,5,0,DL,0.0000,0,98.70,98.70,39.73
8200,14,2,UL,5.3574,66968,1.30,1.30,28.43
8200,15,2,UL,0.0000,0,99.74,99.74,28.43
8200,16,2,UL,5.4026,67532,0.52,0.52,28.43
8200,17,2,UL,0.0000,0,100.00,100.00,28.43
8200,18,2,UL,0.0000,0,94.79,94.79,28.43
8200,6,1,UL,0.0000,0,75.00,75.00,31.84
8200,7,1,UL,0.0000,0,0.00,0.00,31.84
8200,8,1,UL,0.0000,0,0.00,0.00,31.84
8200,9,1,UL,0.0000,0,0.00,0.00,31.84
8200,10,1,UL,0.0000,0,100.00,100.00,31.84
8200,11,1,UL,0.0000,0,0.00,0.00,31.84
8200,12,1,UL,0.0000,0,100.00,100.00,31.84
8200,13,1,UL,0.0000,0,0.00,0.00,31.84
8300,1,0,UL,0.0000,0,100.00,100.00,27.80
8300,2,0,UL,294.0486,3675608,63.15,63.15,27.80
8300,3,0,UL,584.8390,7310488,26.71,26.71,27.80
8300,4,0,UL,0.0000,0,100.00,100.00,27.80
8300,5,0,UL,465.9686,5824608,41.61,41.61,27.80
8300,14,2,DL,0.0000,0,99.91,99.91,37.05
8300,15,2,DL,0.3277,4096,99.91,99.91,37.05
8300,16,2,DL,0.0000,0,99.91,99.91,37.05
8300,17,2,DL,0.0000,0,100.00,100.00,37.05
8300,18,2,DL,0.0419,524,99.91,99.91,37.05
8300,1,0,DL,0.0819,1024,98.72,98.72,27.80
8300,2,0,DL,0.0000,0,98.72,98.72,27.80
8300,3,0,DL,0.0000,0,98.72,98.72,27.80
8300,4,0,DL,0.0717,896,98.88,98.88,27.80
8300,5,0,DL,0.0000,0,98.72,98.72,27.80
8300,14,2,UL,5.4326,67908,1.29,1.29,37.05
8300,15,2,UL,0.0000,0,99.74,99.74,37.05
8300,16,2,UL,5.4778,68472,0.51,0.51,37.05
8300,17,2,UL,0.0000,0,100.00,100.00,37.05
8300,18,2,UL,0.0000,0,94.86,94.86,37.05
8300,6,1,UL,0.0000,0,75.00,75.00,35.14
8300,7,1,UL,0.0000,0,0.00,0.00,35.14
8300,8,1,UL,0.0000,0,0.00,0.00,35.14
8300,9,1,UL,0.0000,0,0.00,0.00,35.14
8300,10,1,UL,0.0000,0,100.00,100.00,35.14
8300,11,1,UL,0.0000,0,0.00,0.00,35.14
8300,12,1,UL,0.0000,0,100.00,100.00,35.14
8300,13,1,UL,0.0000,0,0.00,0.00,35.14
8400,1,0,UL,0.0000,0,100.00,100.00,35.51
8400,2,0,UL,298.0765,3725956,63.12,63.12,35.51
8400,3,0,UL,587.6880,7346100,27.29,27.29,35.51
8400,4,0,UL,0.0000,0,100.00,100.00,35.51
8400,5,0,UL,465.9686,5824608,42.35,42.35,35.51
8400,14,2,DL,0.0000,0,99.91,99.91,36.15
8400,15,2,DL,0.3277,4096,99.91,99.91,36.15
8400,16,2,DL,0.0000,0,99.91,99.91,36.15
8400,17,2,DL,0.0000,0,100.00,100.00,36.15
8400,18,2,DL,0.0419,524,99.91,99.91,36.15
8400,1,0,DL,0.0819,1024,98.73,98.73,35.51
8400,2,0,DL,0.0000,0,98.73,98.73,35.51
8400,3,0,DL,0.0000,0,98.73,98.73,35.51
8400,4,0,DL,0.0717,896,98.89,98.89,35.51
8400,5,0,DL,0.0000,0,98.73,98.73,35.51
8400,14,2,UL,5.5078,68848,1.27,1.27,36.15
8400,15,2,UL,0.0000,0,99.75,99.75,36.15
8400,16,2,UL,5.5530,69412,0.51,0.51,36.15
8400,17,2,UL,0.0000,0,100.00,100.00,36.15
8400,18,2,UL,0.0000,0,94.92,94.92,36.15
8400,6,1,UL,0.0000,0,75.00,75.00,28.34
8400,7,1,UL,0.0000,0,0.00,0.00,28.34
8400,8,1,UL,0.0000,0,0.00,0.00,28.34
8400,9,1,UL,0.0000,0,0.00,0.00,28.34
8400,10,1,UL,0.0000,0,100.00,100.00,28.34
8400,11,1,UL,0.0000,0,0.00,0.00,28.34
8400,12,1,UL,0.0000,0,100.00,100.00,28.34
8400,13,1,UL,0.0000,0,0.00,0.00,28.34
8500,1,0,UL,0.0000,0,100.00,100.00,33.84
8500,2,0,UL,301.5149,3768936,63.16,63.16,33.84
8500,3,0,UL,593.2877,7416096,27.52,27.52,33.84
8500,4,0,UL,0.0000,0,100.00,100.00,33.84
8500,5,0,UL,465.9686,5824608,43.07,43.07,33.84
8500,14,2,DL,0.0000,0,99.92,99.92,34.38
8500,15,2,DL,0.3277,4096,99.92,99.92,34.38
8500,16,2,DL,0.0000,0,99.92,99.92,34.38
8500,17,2,DL,0.0000,0,100.00,100.00,34.38
8500,18,2,DL,0.0419,524,99.92,99.92,34.38
8500,1,0,DL,0.0819,1024,98.75,98.75,33.84
8500,2,0,DL,0.0000,0,98.75,98.75,33.84
8500,3,0,DL,0.0000,0,98.75,98.75,33.84
8500,4,0,DL,0.0717,896,98.90,98.90,33.84
8500,5,0,DL,0.0000,0,98.75,98.75,33.84
8500,14,2,UL,5.5830,69788,1.25,1.25,34.38
8500,15,2,UL,0.0000,0,99.75,99.75,34.38
8500,16,2,UL,5.6282,70352,0.50,0.50,34.38
8500,17,2,UL,0.0000,0,100.00,100.00,34.38
8500,18,2,UL,0.0000,0,94.99,94.99,34.38
8500,6,1,UL,0.0000,0,75.00,75.00,31.77
8500,7,1,UL,0.0000,0,0.00,0.00,31.77
8500,8,1,UL,0.0000,0,0.00,0.00,31.77
8500,9,1,UL,0.0000,0,0.00,0.00,31.77
8500,10,1,UL,0.0000,0,100.00,100.00,31.77
8500,11,1,UL,0.0000,0,0.00,0.00,31.77
8500,12,1,UL,0.0000,0,100.00,100.00,31.77
8500,13,1,UL,0.0000,0,0.00,0.00,31.77
8600,1,0,UL,0.0000,0,100.00,100.00,33.40
8600,2,0,UL,311.0442,3888052,62.46,62.46,33.40
8600,3,0,UL,600.1645,7502056,27.58,27.58,33.40
8600,4,0,UL,0.0000,0,100.00,100.00,33.40
8600,5,0,UL,465.9686,5824608,43.77,43.77,33.40
8600,14,2,DL,0.0000,0,99.92,99.92,28.53
8600,15,2,DL,0.3277,4096,99.92,99.92,28.53
8600,16,2,DL,0.0000,0,99.92,99.92,28.53
8600,17,2,DL,0.0000,0,100.00,100.00,28.53
8600,18,2,DL,0.0419,524,99.92,99.92,28.53
8600,1,0,DL,0.0819,1024,98.76,98.76,33.40
8600,2,0,DL,0.0000,0,98.76,98.76,33.40
8600,3,0,DL,0.0000,0,98.76,98.76,33.40
8600,4,0,DL,0.0717,896,98.92,98.92,33.40
8600,5,0,DL,0.0000,0,98.76,98.76,33.40
8600,14,2,UL,5.6582,70728,1.24,1.24,28.53
8600,15,2,UL,0.0000,0,99.75,99.75,28.53
8600,16,2,UL,5.7034,71292,0.50,0.50,28.53
8600,17,2,UL,0.0000,0,100.00,100.00,28.53
8600,18,2,UL,0.0000,0,95.05,95.05,28.53
8600,6,1,UL,0.0000,0,75.00,75.00,38.07
8600,7,1,UL,0.0000,0,0.00,0.00,38.07
8600,8,1,UL,0.0000,0,0.00,0.00,38.07
8600,9,1,UL,0.0000,0,0.00,0.00,38.07
8600,10,1,UL,0.0000,0,100.00,100.00,38.07
8600,11,1,UL,0.0000,0,0.00,0.00,38.07
8600,12,1,UL,0.0000,0,100.00,100.00,38.07
8600,13,1,UL,0.0000,0,0.00,0.00,38.07
8700,1,0,UL,0.0000,0,100.00,100.00,23.26
8700,2,0,UL,313.1072,3913840,62.67,62.67,23.26
8700,3,0,UL,607.0413,7588016,27.64,27.64,23.26
8700,4,0,UL,0.0000,0,100.00,100.00,23.26
8700,5,0,UL,465.9686,5824608,44.46,44.46,23.26
8700,14,2,DL,0.0000,0,99.92,99.92,34.19
8700,15,2,DL,0.3277,4096,99.92,99.92,34.19
8700,16,2,DL,0.0000,0,99.92,99.92,34.19
8700,17,2,DL,0.0000,0,100.00,100.00,34.19
8700,18,2,DL,0.0419,524,99.92,99.92,34.19
8700,1,0,DL,0.0819,1024,98.78,98.78,23.26
8700,2,0,DL,0.0000,0,98.78,98.78,23.26
8700,3,0,DL,0.0000,0,98.78,98.78,23.26
8700,4,0,DL,0.0717,896,98.93,98.93,23.26
8700,5,0,DL,0.0000,0,98.78,98.78,23.26
8700,14,2,UL,5.7334,71668,1.22,1.22,34.19
8700,15,2,UL,0.0000,0,99.76,99.76,34.19
8700,16,2,UL,5.7786,72232,0.49,0.49,34.19
8700,17,2,UL,0.0000,0,100.00,100.00,34.19
8700,18,2,UL,0.0000,0,95.11,95.11,34.19
8700,6,1,UL,0.0000,0,75.00,75.00,42.55
8700,7,1,UL,0.0000,0,0.00,0.00,42.55
8700,8,1,UL,0.0000,0,0.00,0.00,42.55
8700,9,1,UL,0.0000,0,0.00,0.00,42.55
8700,10,1,UL,0.0000,0,100.00,100.00,42.55
8700,11,1,UL,0.0000,0,0.00,0.00,42.55
8700,12,1,UL,0.0000,0,100.00,100.00,42.55
8700,13,1,UL,0.0000,0,0.00,0.00,42.55
8800,1,0,UL,0.0000,0,100.00,100.00,28.08
8800,2,0,UL,314.7773,3934716,62.93,62.93,28.08
8800,3,0,UL,614.5075,7681344,27.63,27.63,28.08
8800,4,0,UL,0.0000,0,100.00,100.00,28.08
8800,5,0,UL,465.9686,5824608,45.12,45.12,28.08
8800,14,2,DL,0.0000,0,99.92,99.92,39.21
8800,15,2,DL,0.3277,4096,99.92,99.92,39.21
8800,16,2,DL,0.0000,0,99.92,99.92,39.21
8800,17,2,DL,0.0000,0,100.00,100.00,39.21
8800,18,2,DL,0.0419,524,99.92,99.92,39.21
8800,1,0,DL,0.0819,1024,98.79,98.79,28.08
8800,2,0,DL,0.0000,0,98.79,98.79,28.08
8800,3,0,DL,0.0000,0,98.79,98.79,28.08
8800,4,0,DL,0.0717,896,98.94,98.94,28.08
8800,5,0,DL,0.0000,0,98.79,98.79,28.08
8800,14,2,UL,5.8086,72608,1.21,1.21,39.21
8800,15,2,UL,0.0000,0,99.76,99.76,39.21
8800,16,2,UL,5.7786,72232,1.69,1.69,39.21
8800,17,2,UL,0.0000,0,100.00,100.00,39.21
8800,18,2,UL,0.0000,0,95.17,95.17,39.21
8800,6,1,UL,0.0000,0,75.00,75.00,32.71
8800,7,1,UL,0.0000,0,0.00,0.00,32.71
8800,8,1,UL,0.0000,0,0.00,0.00,32.71
8800,9,1,UL,0.0000,0,0.00,0.00,32.71
8800,10,1,UL,0.0000,0,100.00,100.00,32.71
8800,11,1,UL,0.0000,0,0.00,0.00,32.71
8800,12,1,UL,0.0000,0,100.00,100.00,32.71
8800,13,1,UL,0.0000,0,0.00,0.00,32.71
8900,1,0,UL,0.0000,0,100.00,100.00,25.38
8900,2,0,UL,322.5382,4031728,62.46,62.46,25.38
8900,3,0,UL,620.0090,7750112,27.85,27.85,25.38
8900,4,0,UL,0.0000,0,100.00,100.00,25.38
8900,5,0,UL,465.9686,5824608,45.78,45.78,25.38
8900,14,2,DL,0.0000,0,99.92,99.92,34.56
8900,15,2,DL,0.3277,4096,99.92,99.92,34.56
8900,16,2,DL,0.0000,0,99.92,99.92,34.56
8900,17,2,DL,0.0000,0,100.00,100.00,34.56
8900,18,2,DL,0.0419,524,99.92,99.92,34.56
8900,1,0,DL,0.0819,1024,98.81,98.81,25.38
8900,2,0,DL,0.0000,0,98.81,98.81,25.38
8900,3,0,DL,0.0000,0,98.81,98.81,25.38
8900,4,0,DL,0.0717,896,98.96,98.96,25.38
8900,5,0,DL,0.0000,0,98.81,98.81,25.38
8900,14,2,UL,5.8838,73548,1.19,1.19,34.56
8900,15,2,UL,0.0000,0,99.76,99.76,34.56
8900,16,2,UL,5.9139,73924,0.72,0.72,34.56
8900,17,2,UL,0.0000,0,100.00,100.00,34.56
8900,18,2,UL,0.0000,0,95.23,95.23,34.56
8900,6,1,UL,0.0000,0,75.00,75.00,40.06
8900,7,1,UL,0.0000,0,0.00,0.00,40.06
8900,8,1,UL,0.0000,0,0.00,0.00,40.06
8900,9,1,UL,0.0000,0,0.00,0.00,40.06
8900,10,1,UL,0.0000,0,100.00,100.00,40.06
8900,11,1,UL,0.0000,0,0.00,0.00,40.06
8900,12,1,UL,0.0000,0,100.00,100.00,40.06
8900,13,1,UL,0.0000,0,0.00,0.00,40.06
9000,1,0,UL,0.0000,0,100.00,100.00,38.42
9000,2,0,UL,322.5382,4031728,62.91,62.91,38.42
9000,3,0,UL,624.5280,7806600,28.19,28.19,38.42
9000,4,0,UL,0.0000,0,100.00,100.00,38.42
9000,5,0,UL,465.9686,5824608,46.42,46.42,38.42
9000,14,2,DL,0.0000,0,99.92,99.92,20.20
9000,15,2,DL,0.3277,4096,99.92,99.92,20.20
9000,16,2,DL,0.0000,0,99.92,99.92,20.20
9000,17,2,DL,0.0000,0,100.00,100.00,20.20
9000,18,2,DL,0.0419,524,99.92,99.92,20.20
9000,1,0,DL,0.0819,1024,98.82,98.82,38.42
9000,2,0,DL,0.0000,0,98.82,98.82,38.42
9000,3,0,DL,0.0000,0,98.82,98.82,38.42
9000,4,0,DL,0.0717,896,98.97,98.97,38.42
9000,5,0,DL,0.0000,0,98.82,98.82,38.42
9000,14,2,UL,5.9590,74488,1.18,1.18,20.20
9000,15,2,UL,0.0000,0,99.76,99.76,20.20
9000,16,2,UL,5.9891,74864,0.71,0.71,20.20
9000,17,2,UL,0.0000,0,100.00,100.00,20.20
9000,18,2,UL,0.0000,0,95.28,95.28,20.20
9000,6,1,UL,0.0000,0,80.00,80.00,41.38
9000,7,1,UL,0.0000,0,0.00,0.00,41.38
9000,8,1,UL,0.0000,0,0.00,0.00,41.38
9000,9,1,UL,0.0000,0,0.00,0.00,41.38
9000,10,1,UL,0.0000,0,100.00,100.00,41.38
9000,11,1,UL,0.0000,0,0.00,0.00,41.38
9000,12,1,UL,0.0000,0,100.00,100.00,41.38
9000,13,1,UL,0.0000,0,0.00,0.00,41.38
9100,1,0,UL,0.0000,0,100.00,100.00,42.29
9100,2,0,UL,326.8608,4085760,62.85,62.85,42.29
9100,3,0,UL,633.9590,7924488,27.95,27.95,42.29
9100,4,0,UL,0.0000,0,100.00,100.00,42.29
9100,5,0,UL,465.9686,5824608,47.04,47.04,42.29
9100,14,2,DL,0.0000,0,99.92,99.92,30.54
9100,15,2,DL,0.3277,4096,99.92,99.92,30.54
9100,16,2,DL,0.0000,0,99.92,99.92,30.54
9100,17,2,DL,0.0000,0,100.00,100.00,30.54
9100,18,2,DL,0.0419,524,99.92,99.92,30.54
9100,1,0,DL,0.0819,1024,98.84,98.84,42.29
9100,2,0,DL,0.0000,0,98.84,98.84,42.29
9100,3,0,DL,0.0000,0,98.84,98.84,42.29
9100,4,0,DL,0.0717,896,98.98,98.98,42.29
9100,5,0,DL,0.0000,0,98.84,98.84,42.29
9100,14,2,UL,5.9590,74488,2.33,2.33,30.54
9100,15,2,UL,0.0000,0,99.77,99.77,30.54
9100,16,2,UL,6.0643,75804,0.70,0.70,30.54
9100,17,2,UL,0.0000,0,100.00,100.00,30.54
9100,18,2,UL,0.0000,0,95.34,95.34,30.54
9100,6,1,UL,0.0000,0,80.00,80.00,27.17
9100,7,1,UL,0.0086,108,0.00,0.00,27.17
9100,8,1,UL,0.0086,108,0.00,0.00,27.17
9100,9,1,UL,0.0000,0,0.00,0.00,27.17
9100,10,1,UL,0.0000,0,100.00,100.00,27.17
9100,11,1,UL,0.0000,0,0.00,0.00,27.17
9100,12,1,UL,0.0000,0,100.00,100.00,27.17
9100,13,1,UL,0.0000,0,0.00,0.00,27.17
9200,1,0,UL,0.0000,0,100.00,100.00,49.99
9200,2,0,UL,330.4957,4131196,62.87,62.87,49.99
9200,3,0,UL,643.4883,8043604,27.71,27.71,49.99
9200,4,0,UL,0.0000,0,100.00,100.00,49.99
9200,5,0,UL,465.9686,5824608,47.65,47.65,49.99
9200,14,2,DL,0.0000,0,99.92,99.92,18.36
9200,15,2,DL,0.3277,4096,99.92,99.92,18.36
9200,16,2,DL,0.0000,0,99.92,99.92,18.36
9200,17,2,DL,0.0000,0,100.00,100.00,18.36
9200,18,2,DL,0.0419,524,99.92,99.92,18.36
9200,1,0,DL,0.0819,1024,98.85,98.85,49.99
9200,2,0,DL,0.0000,0,98.85,98.85,49.99
9200,3,0,DL,0.0000,0,98.85,98.85,49.99
9200,4,0,DL,0.0717,896,98.99,98.99,49.99
9200,5,0,DL,0.0000,0,98.85,98.85,49.99
9200,14,2,UL,6.0944,76180,1.38,1.38,18.36
9200,15,2,UL,0.0000,0,99.77,99.77,18.36
9200,16,2,UL,6.1395,76744,0.69,0.69,18.36
9200,17,2,UL,0.0000,0,100.00,100.00,18.36
9200,18,2,UL,0.0000,0,95.39,95.39,18.36
9200,6,1,UL,0.0000,0,80.00,80.00,31.65
9200,7,1,UL,0.0000,0,0.00,0.00,31.65
9200,8,1,UL,0.0000,0,0.00,0.00,31.65
9200,9,1,UL,0.0086,108,0.00,0.00,31.65
9200,10,1,UL,0.0000,0,100.00,100.00,31.65
9200,11,1,UL,0.0000,0,0.00,0.00,31.65
9200,12,1,UL,0.0000,0,100.00,100.00,31.65
9200,13,1,UL,0.0000,0,0.00,0.00,31.65
9300,1,0,UL,0.0000,0,100.00,100.00,22.65
9300,2,0,UL,335.5059,4193824,62.73,62.73,22.65
9300,3,0,UL,650.4634,8130792,27.75,27.75,22.65
9300,4,0,UL,0.0000,0,100.00,100.00,22.65
9300,5,0,UL,465.9686,5824608,48.24,48.24,22.65
9300,14,2,DL,0.0000,0,99.92,99.92,21.57
9300,15,2,DL,0.3277,4096,99.92,99.92,21.57
9300,16,2,DL,0.0000,0,99.92,99.92,21.57
9300,17,2,DL,0.0000,0,100.00,100.00,21.57
9300,18,2,DL,0.0419,524,99.92,99.92,21.57
9300,1,0,DL,0.0819,1024,98.86,98.86,22.65
9300,2,0,DL,0.0000,0,98.86,98.86,22.65
9300,3,0,DL,0.0000,0,98.86,98.86,22.65
9300,4,0,DL,0.0717,896,99.00,99.00,22.65
9300,5,0,DL,0.0000,0,98.86,98.86,22.65
9300,14,2,UL,6.1696,77120,1.37,1.37,21.57
9300,15,2,UL,0.0000,0,99.77,99.77,21.57
9300,16,2,UL,6.1997,77496,0.91,0.91,21.57
9300,17,2,UL,0.0000,0,100.00,100.00,21.57
9300,18,2,UL,0.0000,0,95.44,95.44,21.57
9300,6,1,UL,0.0000,0,80.00,80.00,55.78
9300,7,1,UL,0.0000,0,0.00,0.00,55.78
9300,8,1,UL,0.0000,0,0.00,0.00,55.78
9300,9,1,UL,0.0000,0,0.00,0.00,55.78
9300,10,1,UL,0.0000,0,100.00,100.00,55.78
9300,11,1,UL,0.0000,0,0.00,0.00,55.78
9300,12,1,UL,0.0000,0,100.00,100.00,55.78
9300,13,1,UL,0.0000,0,0.00,0.00,55.78
9400,1,0,UL,0.0000,0,100.00,100.00,29.31
9400,2,0,UL,336.6848,4208560,63.02,63.02,29.31
9400,3,0,UL,656.4560,8205700,27.91,27.91,29.31
9400,4,0,UL,0.0000,0,100.00,100.00,29.31
9400,5,0,UL,465.9686,5824608,48.82,48.82,29.31
9400,14,2,DL,0.0000,0,99.92,99.92,35.65
9400,15,2,DL,0.3277,4096,99.92,99.92,35.65
9400,16,2,DL,0.0000,0,99.92,99.92,35.65
9400,17,2,DL,0.0000,0,100.00,100.00,35.65
9400,18,2,DL,0.0419,524,99.92,99.92,35.65
9400,1,0,DL,0.0819,1024,98.87,98.87,29.31
9400,2,0,DL,0.0000,0,98.87,98.87,29.31
9400,3,0,DL,0.0000,0,98.87,98.87,29.31
9400,4,0,DL,0.0717,896,99.02,99.02,29.31
9400,5,0,DL,0.0000,0,98.87,98.87,29.31
9400,14,2,UL,6.2448,78060,1.35,1.35,35.65
9400,15,2,UL,0.0000,0,99.77,99.77,35.65
9400,16,2,UL,6.2899,78624,0.68,0.68,35.65
9400,17,2,UL,0.0000,0,100.00,100.00,35.65
9400,18,2,UL,0.0000,0,95.50,95.50,35.65
9400,6,1,UL,0.0000,0,80.00,80.00,35.04
9400,7,1,UL,0.0000,0,0.00,0.00,35.04
9400,8,1,UL,0.0000,0,0.00,0.00,35.04
9400,9,1,UL,0.0000,0,0.00,0.00,35.04
9400,10,1,UL,0.0000,0,100.00,100.00,35.04
9400,11,1,UL,0.0086,108,0.00,0.00,35.04
9400,12,1,UL,0.0000,0,100.00,100.00,35.04
9400,13,1,UL,0.0000,0,0.00,0.00,35.04
9500,1,0,UL,0.0000,0,100.00,100.00,34.16
9500,2,0,UL,341.9898,4274872,62.85,62.85,34.16
9500,3,0,UL,673.6480,8420600,26.84,26.84,34.16
9500,4,0,UL,0.0000,0,100.00,100.00,34.16
9500,5,0,UL,465.9686,5824608,49.39,49.39,34.16
9500,14,2,DL,0.0000,0,99.93,99.93,29.94
9500,15,2,DL,0.3277,4096,99.93,99.93,29.94
9500,16,2,DL,0.0000,0,99.93,99.93,29.94
9500,17,2,DL,0.0000,0,100.00,100.00,29.94
9500,18,2,DL,0.0419,524,99.93,99.93,29.94
9500,1,0,DL,0.0819,1024,98.89,98.89,34.16
9500,2,0,DL,0.0000,0,98.89,98.89,34.16
9500,3,0,DL,0.0000,0,98.89,98.89,34.16
9500,4,0,DL,0.0717,896,99.03,99.03,34.16
9500,5,0,DL,0.0000,0,98.89,98.89,34.16
9500,14,2,UL,6.3200,79000,1.34,1.34,29.94
9500,15,2,UL,0.0000,0,99.78,99.78,29.94
9500,16,2,UL,6.3501,79376,0.89,0.89,29.94
9500,17,2,UL,0.0000,0,100.00,100.00,29.94
9500,18,2,UL,0.0000,0,95.55,95.55,29.94
9500,6,1,UL,0.0000,0,80.00,80.00,35.90
9500,7,1,UL,0.0000,0,0.00,0.00,35.90
9500,8,1,UL,0.0000,0,0.00,0.00,35.90
9500,9,1,UL,0.0000,0,0.00,0.00,35.90
9500,10,1,UL,0.0000,0,100.00,100.00,35.90
9500,11,1,UL,0.0000,0,0.00,0.00,35.90
9500,12,1,UL,0.0000,0,100.00,100.00,35.90
9500,13,1,UL,0.0086,108,0.00,0.00,35.90
9600,1,0,UL,0.0000,0,100.00,100.00,40.49
9600,2,0,UL,346.2141,4327676,62.81,62.81,40.49
9600,3,0,UL,682.2931,8528664,26.72,26.72,40.49
9600,4,0,UL,0.0000,0,100.00,100.00,40.49
9600,5,0,UL,465.9686,5824608,49.95,49.95,40.49
9600,14,2,DL,0.0000,0,99.93,99.93,22.51
9600,15,2,DL,0.3277,4096,99.93,99.93,22.51
9600,16,2,DL,0.0000,0,99.93,99.93,22.51
9600,17,2,DL,0.0000,0,100.00,100.00,22.51
9600,18,2,DL,0.0419,524,99.93,99.93,22.51
9600,1,0,DL,0.0819,1024,98.90,98.90,40.49
9600,2,0,DL,0.0000,0,98.90,98.90,40.49
9600,3,0,DL,0.0000,0,98.90,98.90,40.49
9600,4,0,DL,0.0717,896,99.04,99.04,40.49
9600,5,0,DL,0.0000,0,98.90,98.90,40.49
9600,14,2,UL,6.3952,79940,1.32,1.32,22.51
9600,15,2,UL,0.0000,0,99.78,99.78,22.51
9600,16,2,UL,6.4403,80504,0.66,0.66,22.51
9600,17,2,UL,0.0000,0,100.00,100.00,22.51
9600,18,2,UL,0.0000,0,95.59,95.59,22.51
9600,6,1,UL,0.0000,0,80.00,80.00,37.01
9600,7,1,UL,0.0000,0,0.00,0.00,37.01
9600,8,1,UL,0.0000,0,0.00,0.00,37.01
9600,9,1,UL,0.0000,0,0.00,0.00,37.01
9600,10,1,UL,0.0000,0,100.00,100.00,37.01
9600,11,1,UL,0.0000,0,0.00,0.00,37.01
9600,12,1,UL,0.0000,0,100.00,100.00,37.01
9600,13,1,UL,0.0000,0,0.00,0.00,37.01
9700,1,0,UL,0.0000,0,100.00,100.00,32.90
9700,2,0,UL,352.1085,4401356,62.59,62.59,32.90
9700,3,0,UL,686.9104,8586380,27.03,27.03,32.90
9700,4,0,UL,0.0000,0,100.00,100.00,32.90
9700,5,0,UL,465.9686,5824608,50.50,50.50,32.90
9700,14,2,DL,0.0000,0,99.93,99.93,27.20
9700,15,2,DL,0.3277,4096,99.93,99.93,27.20
9700,16,2,DL,0.0000,0,99.93,99.93,27.20
9700,17,2,DL,0.0000,0,100.00,100.00,27.20
9700,18,2,DL,0.0419,524,99.93,99.93,27.20
9700,1,0,DL,0.0819,1024,98.91,98.91,32.90
9700,2,0,DL,0.0000,0,98.91,98.91,32.90
9700,3,0,DL,0.0000,0,98.91,98.91,32.90
9700,4,0,DL,0.0717,896,99.05,99.05,32.90
9700,5,0,DL,0.0000,0,98.91,98.91,32.90
9700,14,2,UL,6.4704,80880,1.31,1.31,27.20
9700,15,2,UL,0.0000,0,99.78,99.78,27.20
9700,16,2,UL,6.5155,81444,0.65,0.65,27.20
9700,17,2,UL,0.0000,0,100.00,100.00,27.20
9700,18,2,UL,0.0000,0,95.64,95.64,27.20
9700,6,1,UL,0.0000,0,80.00,80.00,39.91
9700,7,1,UL,0.0000,0,0.00,0.00,39.91
9700,8,1,UL,0.0000,0,0.00,0.00,39.91
9700,9,1,UL,0.0000,0,0.00,0.00,39.91
9700,10,1,UL,0.0000,0,100.00,100.00,39.91
9700,11,1,UL,0.0000,0,0.00,0.00,39.91
9700,12,1,UL,0.0000,0,100.00,100.00,39.91
9700,13,1,UL,0.0000,0,0.00,0.00,39.91
9800,1,0,UL,0.0000,0,100.00,100.00,31.34
9800,2,0,UL,352.1085,4401356,62.99,62.99,31.34
9800,3,0,UL,686.9104,8586380,27.81,27.81,31.34
9800,4,0,UL,0.0000,0,100.00,100.00,31.34
9800,5,0,UL,465.9686,5824608,51.03,51.03,31.34
9800,14,2,DL,0.0000,0,99.93,99.93,38.79
9800,15,2,DL,0.3277,4096,99.93,99.93,38.79
9800,16,2,DL,0.0000,0,99.93,99.93,38.79
9800,17,2,DL,0.0000,0,100.00,100.00,38.79
9800,18,2,DL,0.0419,524,99.93,99.93,38.79
9800,1,0,DL,0.0819,1024,98.92,98.92,31.34
9800,2,0,DL,0.0000,0,98.92,98.92,31.34
9800,3,0,DL,0.0000,0,98.92,98.92,31.34
9800,4,0,DL,0.0717,896,99.06,99.06,31.34
9800,5,0,DL,0.0000,0,98.92,98.92,31.34
9800,14,2,UL,6.5456,81820,1.29,1.29,38.79
9800,15,2,UL,0.0000,0,99.78,99.78,38.79
9800,16,2,UL,6.5907,82384,0.65,0.65,38.79
9800,17,2,UL,0.0000,0,100.00,100.00,38.79
9800,18,2,UL,0.0000,0,95.69,95.69,38.79
9800,6,1,UL,0.0000,0,80.00,80.00,29.87
9800,7,1,UL,0.0000,0,0.00,0.00,29.87
9800,8,1,UL,0.0000,0,0.00,0.00,29.87
9800,9,1,UL,0.0000,0,0.00,0.00,29.87
9800,10,1,UL,0.0000,0,100.00,100.00,29.87
9800,11,1,UL,0.0000,0,0.00,0.00,29.87
9800,12,1,UL,0.0000,0,100.00,100.00,29.87
9800,13,1,UL,0.0000,0,0.00,0.00,29.87
9900,1,0,UL,0.0163,204,99.99,99.99,47.36
9900,2,0,UL,361.2448,4515560,62.43,62.43,47.36
9900,3,0,UL,701.7446,8771808,27.04,27.04,47.36
9900,4,0,UL,0.0000,0,100.00,100.00,47.36
9900,5,0,UL,465.9686,5824608,51.55,51.55,47.36
9900,14,2,DL,0.0000,0,99.93,99.93,23.22
9900,15,2,DL,0.3277,4096,99.93,99.93,23.22
9900,16,2,DL,0.0000,0,99.93,99.93,23.22
9900,17,2,DL,0.0000,0,100.00,100.00,23.22
9900,18,2,DL,0.0419,524,99.93,99.93,23.22
9900,1,0,DL,0.0000,0,98.93,98.93,47.36
9900,2,0,DL,0.0000,0,98.93,98.93,47.36
9900,3,0,DL,0.0000,0,98.93,98.93,47.36
9900,4,0,DL,0.0717,896,99.07,99.07,47.36
9900,5,0,DL,0.0000,0,98.93,98.93,47.36
9900,14,2,UL,6.6208,82760,1.28,1.28,23.22
9900,15,2,UL,0.0000,0,99.79,99.79,23.22
9900,16,2,UL,6.6509,83136,0.85,0.85,23.22
9900,17,2,UL,0.0000,0,100.00,100.00,23.22
9900,18,2,UL,0.0000,0,95.74,95.74,23.22
9900,6,1,UL,0.0000,0,80.00,80.00,29.43
9900,7,1,UL,0.0000,0,0.00,0.00,29.43
9900,8,1,UL,0.0000,0,0.00,0.00,29.43
9900,9,1,UL,0.0000,0,0.00,0.00,29.43
9900,10,1,UL,0.0000,0,100.00,100.00,29.43
9900,11,1,UL,0.0000,0,0.00,0.00,29.43
9900,12,1,UL,0.0000,0,100.00,100.00,29.43
9900,13,1,UL,0.0000,0,0.00,0.00,29.43
