timestamp,ueImsi,sliceId,dTxBytes,dRxBytes,plr,resourceSharePct,dLostPackets,throughputMbps,bufferBytes
1510,1,0,18336,16808,8.33,36.29,1,13.4464,3177
1510,2,0,18336,15280,16.67,36.29,2,12.2240,543745
1510,3,0,18336,19864,0.00,36.29,0,15.8912,190127
1510,4,0,18336,9168,50.00,36.29,6,7.3344,1052027
1510,5,0,18336,0,100.00,36.29,12,0.0000,1602023
1510,6,1,390,702,0.00,38.02,0,0.5616,169
1510,7,1,390,390,0.00,38.02,0,0.3120,87
1510,8,1,390,624,0.00,38.02,0,0.4992,251
1510,9,1,390,0,100.00,38.02,5,0.0000,87
1510,10,1,390,390,0.00,38.02,0,0.3120,87
1510,11,2,384,256,33.33,25.68,1,0.2048,117
1510,12,2,384,256,33.33,25.68,1,0.2048,137
1510,13,2,384,256,33.33,25.68,1,0.2048,137
1510,14,2,384,0,100.00,25.68,3,0.0000,1056
1510,15,2,384,256,33.33,25.68,1,0.2048,137
1510,16,2,384,256,33.33,25.68,1,0.2048,137
1510,17,2,384,896,0.00,25.68,0,0.7168,137
1510,18,2,384,0,100.00,25.68,3,0.0000,269
1510,19,2,384,256,33.33,25.68,1,0.2048,137
1510,20,2,384,384,0.00,25.68,0,0.3072,137
