timestamp,sliceId,dedicatedPRB,minPRB,maxPRB
510,0,43.55021146882234,43.55021146882234,100.0
510,1,32.20447936989645,32.20447936989645,100.0
510,2,24.245309161281217,24.245309161281217,100.0
520,0,48.72648991275253,48.72648991275253,100.0
520,1,30.195983288031357,30.195983288031357,100.0
520,2,21.07752679921612,21.07752679921612,100.0
530,0,40.58292888492699,40.58292888492699,100.0
530,1,33.36851812518857,33.36851812518857,100.0
530,2,26.04855298988443,26.04855298988443,100.0
540,0,35.033430985406056,35.033430985406056,100.0
540,1,37.27585258020456,37.27585258020456,100.0
540,2,27.690716434389394,27.690716434389394,100.0
550,0,23.43019952780435,23.43019952780435,100.0
550,1,47.93844569197782,47.93844569197782,100.0
550,2,28.631354780217833,28.631354780217833,100.0
560,0,36.298879427810505,36.298879427810505,100.0
560,1,36.71398708340286,36.71398708340286,100.0
560,2,26.98713348878663,26.98713348878663,100.0
570,0,20.283200737178635,20.283200737178635,100.0
570,1,43.27968338469058,43.27968338469058,100.0
570,2,36.43711587813079,36.43711587813079,100.0
580,0,22.468204583813993,22.468204583813993,100.0
580,1,44.86951412038107,44.86951412038107,100.0
580,2,32.66228129580494,32.66228129580494,100.0
590,0,43.06415807587835,43.06415807587835,100.0
590,1,25.539066068311495,25.539066068311495,100.0
590,2,31.396775855810148,31.396775855810148,100.0
600,0,31.771846793625347,31.771846793625347,100.0
600,1,30.229900099710587,30.229900099710587,100.0
600,2,37.99825310666407,37.99825310666407,100.0
610,0,28.762970613204146,28.762970613204146,100.0
610,1,52.38118976426295,52.38118976426295,100.0
610,2,18.855839622532912,18.855839622532912,100.0
620,0,35.554869882448926,35.554869882448926,100.0
620,1,43.45427245373819,43.45427245373819,100.0
620,2,20.990857663812893,20.990857663812893,100.0
630,0,22.295409927572106,22.295409927572106,100.0
630,1,50.825882410887935,50.825882410887935,100.0
630,2,26.878707661539963,26.878707661539963,100.0
640,0,24.704560086547655,24.704560086547655,100.0
640,1,48.845192239061156,48.845192239061156,100.0
640,2,26.450247674391193,26.450247674391193,100.0
650,0,24.343472222970224,24.343472222970224,100.0
650,1,51.23085344684013,51.23085344684013,100.0
650,2,24.425674330189658,24.425674330189658,100.0
660,0,21.921493686154143,21.921493686154143,100.0
660,1,40.71471455065454,40.71471455065454,100.0
660,2,37.36379176319132,37.36379176319132,100.0
670,0,25.67470339809589,25.67470339809589,100.0
670,1,48.57319041584978,48.57319041584978,100.0
670,2,25.75210618605434,25.75210618605434,100.0
680,0,36.21932717302107,36.21932717302107,100.0
680,1,43.97957099540768,43.97957099540768,100.0
680,2,19.80110183157125,19.80110183157125,100.0
690,0,28.42440727631701,28.42440727631701,100.0
690,1,35.234169374613025,35.234169374613025,100.0
690,2,36.34142334906997,36.34142334906997,100.0
700,0,42.697642858986605,42.697642858986605,100.0
700,1,37.383096884026614,37.383096884026614,100.0
700,2,19.91926025698679,19.91926025698679,100.0
710,0,24.92777254814483,24.92777254814483,100.0
710,1,55.11206090936418,55.11206090936418,100.0
710,2,19.960166542490988,19.960166542490988,100.0
720,0,40.012789886080135,40.012789886080135,100.0
720,1,34.58827488060262,34.58827488060262,100.0
720,2,25.398935233317243,25.398935233317243,100.0
730,0,35.97837705407584,35.97837705407584,100.0
730,1,42.549151672330744,42.549151672330744,100.0
730,2,21.472471273593413,21.472471273593413,100.0
740,0,23.97831644139499,23.97831644139499,100.0
740,1,49.532676483681065,49.532676483681065,100.0
740,2,26.489007074923943,26.489007074923943,100.0
750,0,34.09230067822896,34.09230067822896,100.0
750,1,29.076946493685956,29.076946493685956,100.0
750,2,36.83075282808509,36.83075282808509,100.0
760,0,43.50626097826692,43.50626097826692,100.0
760,1,35.13200683245372,35.13200683245372,100.0
760,2,21.36173218927936,21.36173218927936,100.0
770,0,28.393022532146773,28.393022532146773,100.0
770,1,35.81594176249527,35.81594176249527,100.0
770,2,35.791035705357956,35.791035705357956,100.0
780,0,23.79065241832978,23.79065241832978,100.0
780,1,26.32291381379034,26.32291381379034,100.0
780,2,49.88643376787989,49.88643376787989,100.0
790,0,25.089223401945727,25.089223401945727,100.0
790,1,34.35579737915147,34.35579737915147,100.0
790,2,40.55497921890281,40.55497921890281,100.0
800,0,40.27432598953712,40.27432598953712,100.0
800,1,40.2255028454378,40.2255028454378,100.0
800,2,19.500171165025083,19.500171165025083,100.0
810,0,33.79299972141792,33.79299972141792,100.0
810,1,39.90473253563028,39.90473253563028,100.0
810,2,26.302267742951795,26.302267742951795,100.0
820,0,39.44361861081347,39.44361861081347,100.0
820,1,28.544719557291394,28.544719557291394,100.0
820,2,32.01166183189514,32.01166183189514,100.0
830,0,30.0937196763156,30.0937196763156,100.0
830,1,30.218333189153597,30.218333189153597,100.0
830,2,39.68794713453081,39.68794713453081,100.0
840,0,25.374077664907972,25.374077664907972,100.0
840,1,30.883458950463314,30.883458950463314,100.0
840,2,43.74246338462871,43.74246338462871,100.0
850,0,51.85876120734741,51.85876120734741,100.0
850,1,25.706015504635708,25.706015504635708,100.0
850,2,22.435223288016882,22.435223288016882,100.0
860,0,26.856810432585508,26.856810432585508,100.0
860,1,31.666156271664274,31.666156271664274,100.0
860,2,41.477033295750225,41.477033295750225,100.0
870,0,46.27232629334272,46.27232629334272,100.0
870,1,35.190125229551214,35.190125229551214,100.0
870,2,18.537548477106057,18.537548477106057,100.0
880,0,25.139237399722187,25.139237399722187,100.0
880,1,41.88963231096188,41.88963231096188,100.0
880,2,32.971130289315944,32.971130289315944,100.0
890,0,22.16916933736727,22.16916933736727,100.0
890,1,44.93615912590517,44.93615912590517,100.0
890,2,32.89467153672756,32.89467153672756,100.0
900,0,22.785940473901338,22.785940473901338,100.0
900,1,42.20404166866064,42.20404166866064,100.0
900,2,35.01001785743804,35.01001785743804,100.0
910,0,31.558410788651063,31.558410788651063,100.0
910,1,37.51973906351368,37.51973906351368,100.0
910,2,30.92185014783525,30.92185014783525,100.0
920,0,39.107665193579805,39.107665193579805,100.0
920,1,25.029656836898546,25.029656836898546,100.0
920,2,35.86267796952165,35.86267796952165,100.0
930,0,38.216940818800474,38.216940818800474,100.0
930,1,35.00986591191864,35.00986591191864,100.0
930,2,26.77319326928089,26.77319326928089,100.0
940,0,32.95111066538937,32.95111066538937,100.0
940,1,45.15931118539705,45.15931118539705,100.0
940,2,21.88957814921358,21.88957814921358,100.0
950,0,25.167912824132273,25.167912824132273,100.0
950,1,39.742525937924725,39.742525937924725,100.0
950,2,35.089561237943016,35.089561237943016,100.0
960,0,37.09691766517942,37.09691766517942,100.0
960,1,37.44479788772529,37.44479788772529,100.0
960,2,25.45828444709529,25.45828444709529,100.0
970,0,31.926208269715428,31.926208269715428,100.0
970,1,34.59529684154108,34.59529684154108,100.0
970,2,33.47849488874349,33.47849488874349,100.0
980,0,38.79605552383311,38.79605552383311,100.0
980,1,36.01860012218184,36.01860012218184,100.0
980,2,25.185344353985055,25.185344353985055,100.0
990,0,37.73254965145315,37.73254965145315,100.0
990,1,41.603547161182775,41.603547161182775,100.0
990,2,20.663903187364074,20.663903187364074,100.0
1000,0,23.1167984468581,23.1167984468581,100.0
1000,1,29.474116933511397,29.474116933511397,100.0
1000,2,47.409084619630505,47.409084619630505,100.0
1010,0,36.918701604794435,36.918701604794435,100.0
1010,1,42.295724364511265,42.295724364511265,100.0
1010,2,20.78557403069429,20.78557403069429,100.0
1020,0,22.672732301878618,22.672732301878618,100.0
1020,1,35.55858478628644,35.55858478628644,100.0
1020,2,41.768682911834944,41.768682911834944,100.0
1030,0,27.364266984296137,27.364266984296137,100.0
1030,1,35.2112335842545,35.2112335842545,100.0
1030,2,37.42449943144936,37.42449943144936,100.0
1040,0,36.56707505661304,36.56707505661304,100.0
1040,1,42.838139707489916,42.838139707489916,100.0
1040,2,20.594785235897053,20.594785235897053,100.0
1050,0,23.275889089464528,23.275889089464528,100.0
1050,1,38.04814591770177,38.04814591770177,100.0
1050,2,38.67596499283372,38.67596499283372,100.0
1060,0,51.503532469532374,51.503532469532374,100.0
1060,1,28.57418621392914,28.57418621392914,100.0
1060,2,19.922281316538488,19.922281316538488,100.0
1070,0,43.14293311893568,43.14293311893568,100.0
1070,1,35.873709821053524,35.873709821053524,100.0
1070,2,20.9833570600108,20.9833570600108,100.0
1080,0,28.24282430545694,28.24282430545694,100.0
1080,1,42.70554091431545,42.70554091431545,100.0
1080,2,29.05163478022761,29.05163478022761,100.0
1090,0,29.685577307538136,29.685577307538136,100.0
1090,1,46.518348271005976,46.518348271005976,100.0
1090,2,23.796074421455888,23.796074421455888,100.0
1100,0,37.51111100246164,37.51111100246164,100.0
1100,1,35.07427456322741,35.07427456322741,100.0
1100,2,27.41461443431095,27.41461443431095,100.0
1110,0,32.60620225710669,32.60620225710669,100.0
1110,1,28.487456575949704,28.487456575949704,100.0
1110,2,38.90634116694361,38.90634116694361,100.0
1120,0,35.85335099339792,35.85335099339792,100.0
1120,1,28.57648380520046,28.57648380520046,100.0
1120,2,35.57016520140163,35.57016520140163,100.0
1130,0,21.704255868709176,21.704255868709176,100.0
1130,1,41.32102152027439,41.32102152027439,100.0
1130,2,36.97472261101644,36.97472261101644,100.0
1140,0,41.07220050225816,41.07220050225816,100.0
1140,1,31.312800605474212,31.312800605474212,100.0
1140,2,27.61499889226763,27.61499889226763,100.0
1150,0,40.827679905847994,40.827679905847994,100.0
1150,1,40.14623912396387,40.14623912396387,100.0
1150,2,19.026080970188154,19.026080970188154,100.0
1160,0,29.034288335784897,29.034288335784897,100.0
1160,1,38.623788831433515,38.623788831433515,100.0
1160,2,32.34192283278159,32.34192283278159,100.0
1170,0,52.16609654882451,52.16609654882451,100.0
1170,1,28.070826547891116,28.070826547891116,100.0
1170,2,19.76307690328437,19.76307690328437,100.0
1180,0,33.93417861712379,33.93417861712379,100.0
1180,1,31.120996948750086,31.120996948750086,100.0
1180,2,34.944824434126126,34.944824434126126,100.0
1190,0,35.19698109669772,35.19698109669772,100.0
1190,1,37.69676252479093,37.69676252479093,100.0
1190,2,27.106256378511357,27.106256378511357,100.0
1200,0,22.7119162355725,22.7119162355725,100.0
1200,1,37.11238627772112,37.11238627772112,100.0
1200,2,40.175697486706376,40.175697486706376,100.0
1210,0,39.47632648114989,39.47632648114989,100.0
1210,1,26.787944011636977,26.787944011636977,100.0
1210,2,33.73572950721314,33.73572950721314,100.0
1220,0,28.22395329957444,28.22395329957444,100.0
1220,1,39.81864760373334,39.81864760373334,100.0
1220,2,31.957399096692217,31.957399096692217,100.0
1230,0,34.188809106843635,34.188809106843635,100.0
1230,1,28.944799427685865,28.944799427685865,100.0
1230,2,36.86639146547051,36.86639146547051,100.0
1240,0,35.23757146723578,35.23757146723578,100.0
1240,1,35.16488115771171,35.16488115771171,100.0
1240,2,29.597547375052514,29.597547375052514,100.0
1250,0,39.71015324252246,39.71015324252246,100.0
1250,1,26.478326091477093,26.478326091477093,100.0
1250,2,33.81152066600045,33.81152066600045,100.0
1260,0,39.39655629445138,39.39655629445138,100.0
1260,1,39.048100465567714,39.048100465567714,100.0
1260,2,21.555343239980903,21.555343239980903,100.0
1270,0,38.86627486314177,38.86627486314177,100.0
1270,1,31.763109447214987,31.763109447214987,100.0
1270,2,29.37061568964324,29.37061568964324,100.0
1280,0,40.20929602346551,40.20929602346551,100.0
1280,1,40.14184863687783,40.14184863687783,100.0
1280,2,19.648855339656656,19.648855339656656,100.0
1290,0,28.638087334204197,28.638087334204197,100.0
1290,1,52.75191378004611,52.75191378004611,100.0
1290,2,18.609998885749697,18.609998885749697,100.0
1300,0,44.21332163337277,44.21332163337277,100.0
1300,1,33.083619542883405,33.083619542883405,100.0
1300,2,22.70305882374383,22.70305882374383,100.0
1310,0,41.094248351249696,41.094248351249696,100.0
1310,1,40.87843480360635,40.87843480360635,100.0
1310,2,18.027316845143947,18.027316845143947,100.0
1320,0,21.66861227943806,21.66861227943806,100.0
1320,1,45.60579081123818,45.60579081123818,100.0
1320,2,32.72559690932376,32.72559690932376,100.0
1330,0,39.625948643273766,39.625948643273766,100.0
1330,1,31.29455118743074,31.29455118743074,100.0
1330,2,29.079500169295503,29.079500169295503,100.0
1340,0,48.694252092623806,48.694252092623806,100.0
1340,1,28.78550447971417,28.78550447971417,100.0
1340,2,22.520243427662027,22.520243427662027,100.0
1350,0,24.913859762556182,24.913859762556182,100.0
1350,1,28.514427866956986,28.514427866956986,100.0
1350,2,46.57171237048683,46.57171237048683,100.0
1360,0,27.60696696206747,27.60696696206747,100.0
1360,1,39.07100550608234,39.07100550608234,100.0
1360,2,33.322027531850196,33.322027531850196,100.0
1370,0,28.734520386954166,28.734520386954166,100.0
1370,1,30.12483293490004,30.12483293490004,100.0
1370,2,41.1406466781458,41.1406466781458,100.0
1380,0,44.80255993981086,44.80255993981086,100.0
1380,1,26.540132376581827,26.540132376581827,100.0
1380,2,28.657307683607325,28.657307683607325,100.0
1390,0,40.232840441886346,40.232840441886346,100.0
1390,1,30.96098268361729,30.96098268361729,100.0
1390,2,28.80617687449636,28.80617687449636,100.0
1400,0,36.66043169231452,36.66043169231452,100.0
1400,1,37.38496531464403,37.38496531464403,100.0
1400,2,25.954602993041455,25.954602993041455,100.0
1410,0,33.23122854017592,33.23122854017592,100.0
1410,1,40.06767151583128,40.06767151583128,100.0
1410,2,26.701099943992794,26.701099943992794,100.0
1420,0,29.799920231820458,29.799920231820458,100.0
1420,1,32.624189223656856,32.624189223656856,100.0
1420,2,37.57589054452268,37.57589054452268,100.0
1430,0,24.896975939101036,24.896975939101036,100.0
1430,1,26.443967653902334,26.443967653902334,100.0
1430,2,48.659056406996626,48.659056406996626,100.0
1440,0,24.464050702104526,24.464050702104526,100.0
1440,1,29.493973560521326,29.493973560521326,100.0
1440,2,46.04197573737415,46.04197573737415,100.0
1450,0,51.98573780808222,51.98573780808222,100.0
1450,1,26.98023181416055,26.98023181416055,100.0
1450,2,21.034030377757233,21.034030377757233,100.0
1460,0,23.448288847433325,23.448288847433325,100.0
1460,1,52.66279903896658,52.66279903896658,100.0
1460,2,23.88891211360009,23.88891211360009,100.0
1470,0,29.314469537581587,29.314469537581587,100.0
1470,1,43.64578329595323,43.64578329595323,100.0
1470,2,27.039747166465194,27.039747166465194,100.0
1480,0,24.732863482226193,24.732863482226193,100.0
1480,1,48.72717216094479,48.72717216094479,100.0
1480,2,26.53996435682901,26.53996435682901,100.0
1490,0,24.36477875054911,24.36477875054911,100.0
1490,1,32.03041856786987,32.03041856786987,100.0
1490,2,43.60480268158102,43.60480268158102,100.0
1500,0,41.794582100373475,41.794582100373475,100.0
1500,1,30.864595678286612,30.864595678286612,100.0
1500,2,27.340822221339913,27.340822221339913,100.0
