timestamp,sliceId,dedicatedPRB,minPRB,maxPRB
510,0,24.823332899039123,24.823332899039123,100.0
510,1,48.183317078485416,48.183317078485416,100.0
510,2,26.99335002247546,26.99335002247546,100.0
520,0,44.2684975880633,44.2684975880633,100.0
520,1,37.45954440174275,37.45954440174275,100.0
520,2,18.271958010193963,18.271958010193963,100.0
530,0,35.70992634710489,35.70992634710489,100.0
530,1,42.10867484532385,42.10867484532385,100.0
530,2,22.18139880757127,22.18139880757127,100.0
540,0,22.654013552161377,22.654013552161377,100.0
540,1,52.44960580006974,52.44960580006974,100.0
540,2,24.896380647768872,24.896380647768872,100.0
550,0,32.84729810055494,32.84729810055494,100.0
550,1,35.390916450053275,35.390916450053275,100.0
550,2,31.761785449391795,31.761785449391795,100.0
560,0,37.781670085535225,37.781670085535225,100.0
560,1,27.451325833213513,27.451325833213513,100.0
560,2,34.767004081251265,34.767004081251265,100.0
570,0,31.440056003317807,31.440056003317807,100.0
570,1,50.18948980110065,50.18948980110065,100.0
570,2,18.370454195581537,18.370454195581537,100.0
580,0,34.780276568995546,34.780276568995546,100.0
580,1,27.147576702039032,27.147576702039032,100.0
580,2,38.072146728965414,38.072146728965414,100.0
590,0,33.157168459870526,33.157168459870526,100.0
590,1,45.76813602189594,45.76813602189594,100.0
590,2,21.074695518233533,21.074695518233533,100.0
600,0,23.76032051998743,23.76032051998743,100.0
600,1,34.75833785136126,34.75833785136126,100.0
600,2,41.4813416286513,41.4813416286513,100.0
610,0,33.90989353558797,33.90989353558797,100.0
610,1,31.367188757052933,31.367188757052933,100.0
610,2,34.7229177073591,34.7229177073591,100.0
620,0,22.805775774481233,22.805775774481233,100.0
620,1,30.710847487683512,30.710847487683512,100.0
620,2,46.48337673783526,46.48337673783526,100.0
630,0,30.332953466589412,30.332953466589412,100.0
630,1,32.61081472699659,32.61081472699659,100.0
630,2,37.056231806414,37.056231806414,100.0
640,0,39.0552151954355,39.0552151954355,100.0
640,1,32.74209315508814,32.74209315508814,100.0
640,2,28.202691649476357,28.202691649476357,100.0
650,0,25.97167747049829,25.97167747049829,100.0
650,1,35.63006748453883,35.63006748453883,100.0
650,2,38.39825504496288,38.39825504496288,100.0
660,0,32.870749320781016,32.870749320781016,100.0
660,1,36.70135411983437,36.70135411983437,100.0
660,2,30.427896559384603,30.427896559384603,100.0
670,0,36.39852946736792,36.39852946736792,100.0
670,1,38.5521902321254,38.5521902321254,100.0
670,2,25.04928030050668,25.04928030050668,100.0
680,0,44.12353606668851,44.12353606668851,100.0
680,1,36.13211198033316,36.13211198033316,100.0
680,2,19.744351952978338,19.744351952978338,100.0
690,0,34.160739201125764,34.160739201125764,100.0
690,1,43.22426980989519,43.22426980989519,100.0
690,2,22.614990988979045,22.614990988979045,100.0
700,0,33.21793922558386,33.21793922558386,100.0
700,1,37.01901048983225,37.01901048983225,100.0
700,2,29.76305028458389,29.76305028458389,100.0
710,0,38.587544628410534,38.587544628410534,100.0
710,1,32.984674076896496,32.984674076896496,100.0
710,2,28.427781294692984,28.427781294692984,100.0
720,0,40.781142803891136,40.781142803891136,100.0
720,1,28.46814998395676,28.46814998395676,100.0
720,2,30.750707212152108,30.750707212152108,100.0
730,0,40.4981458483052,40.4981458483052,100.0
730,1,30.50129942754325,30.50129942754325,100.0
730,2,29.00055472415155,29.00055472415155,100.0
740,0,34.20608014980999,34.20608014980999,100.0
740,1,41.4248587844926,41.4248587844926,100.0
740,2,24.369061065697405,24.369061065697405,100.0
750,0,50.97736645203532,50.97736645203532,100.0
750,1,27.97118098706196,27.97118098706196,100.0
750,2,21.05145256090272,21.05145256090272,100.0
760,0,26.286971635823974,26.286971635823974,100.0
760,1,49.65092992768529,49.65092992768529,100.0
760,2,24.062098436490743,24.062098436490743,100.0
770,0,38.77458634540372,38.77458634540372,100.0
770,1,42.05034618748046,42.05034618748046,100.0
770,2,19.175067467115824,19.175067467115824,100.0
780,0,37.28090457473613,37.28090457473613,100.0
780,1,34.3648397365205,34.3648397365205,100.0
780,2,28.35425568874337,28.35425568874337,100.0
790,0,38.98422813547113,38.98422813547113,100.0
790,1,32.113303195226116,32.113303195226116,100.0
790,2,28.902468669302756,28.902468669302756,100.0
800,0,52.32103655048578,52.32103655048578,100.0
800,1,27.59429338678121,27.59429338678121,100.0
800,2,20.08467006273301,20.08467006273301,100.0
810,0,34.286181328684734,34.286181328684734,100.0
810,1,45.94298091123733,45.94298091123733,100.0
810,2,19.77083776007793,19.77083776007793,100.0
820,0,35.28263940259462,35.28263940259462,100.0
820,1,23.88821822480137,23.88821822480137,100.0
820,2,40.82914237260401,40.82914237260401,100.0
830,0,42.40971081937292,42.40971081937292,100.0
830,1,35.30335239180034,35.30335239180034,100.0
830,2,22.286936788826754,22.286936788826754,100.0
840,0,25.411455242511536,25.411455242511536,100.0
840,1,29.459429180684715,29.459429180684715,100.0
840,2,45.129115576803756,45.129115576803756,100.0
850,0,44.30499113840458,44.30499113840458,100.0
850,1,29.922851971176623,29.922851971176623,100.0
850,2,25.772156890418803,25.772156890418803,100.0
860,0,44.99452918274267,44.99452918274267,100.0
860,1,26.076070604869212,26.076070604869212,100.0
860,2,28.929400212388117,28.929400212388117,100.0
870,0,35.423524637355776,35.423524637355776,100.0
870,1,36.50092849571458,36.50092849571458,100.0
870,2,28.075546866929646,28.075546866929646,100.0
880,0,30.73393408752946,30.73393408752946,100.0
880,1,29.828191157472133,29.828191157472133,100.0
880,2,39.43787475499842,39.43787475499842,100.0
890,0,28.230921306381347,28.230921306381347,100.0
890,1,32.203531658565176,32.203531658565176,100.0
890,2,39.565547035053484,39.565547035053484,100.0
900,0,32.970177050248715,32.970177050248715,100.0
900,1,34.98624078473577,34.98624078473577,100.0
900,2,32.043582165015515,32.043582165015515,100.0
910,0,21.031079531167148,21.031079531167148,100.0
910,1,41.677330315754254,41.677330315754254,100.0
910,2,37.2915901530786,37.2915901530786,100.0
920,0,31.25163752847968,31.25163752847968,100.0
920,1,49.94451503361369,49.94451503361369,100.0
920,2,18.80384743790663,18.80384743790663,100.0
930,0,36.306350002220825,36.306350002220825,100.0
930,1,42.774744827908755,42.774744827908755,100.0
930,2,20.918905169870417,20.918905169870417,100.0
940,0,24.206342454816415,24.206342454816415,100.0
940,1,52.43117203633436,52.43117203633436,100.0
940,2,23.36248550884923,23.36248550884923,100.0
950,0,41.02018100767391,41.02018100767391,100.0
950,1,40.12783479822034,40.12783479822034,100.0
950,2,18.851984194105746,18.851984194105746,100.0
960,0,28.863925411624404,28.863925411624404,100.0
960,1,47.53370243749201,47.53370243749201,100.0
960,2,23.60237215088359,23.60237215088359,100.0
970,0,39.435346055258535,39.435346055258535,100.0
970,1,32.533148966711614,32.533148966711614,100.0
970,2,28.031504978029847,28.031504978029847,100.0
980,0,25.261173499465368,25.261173499465368,100.0
980,1,42.378851231743134,42.378851231743134,100.0
980,2,32.3599752687915,32.3599752687915,100.0
990,0,25.225794485955078,25.225794485955078,100.0
990,1,42.517671141480015,42.517671141480015,100.0
990,2,32.25653437256491,32.25653437256491,100.0
1000,0,20.60493729530794,20.60493729530794,100.0
1000,1,42.7675830789327,42.7675830789327,100.0
1000,2,36.627479625759364,36.627479625759364,100.0
1010,0,37.79418103536592,37.79418103536592,100.0
1010,1,33.09111514328521,33.09111514328521,100.0
1010,2,29.114703821348865,29.114703821348865,100.0
1020,0,26.182285146843864,26.182285146843864,100.0
1020,1,45.872385755330946,45.872385755330946,100.0
1020,2,27.945329097825184,27.945329097825184,100.0
1030,0,43.93762853418025,43.93762853418025,100.0
1030,1,34.8319051973203,34.8319051973203,100.0
1030,2,21.230466268499445,21.230466268499445,100.0
1040,0,26.392896596706283,26.392896596706283,100.0
1040,1,30.06025230542414,30.06025230542414,100.0
1040,2,43.54685109786958,43.54685109786958,100.0
1050,0,24.622565155469818,24.622565155469818,100.0
1050,1,54.627728751655546,54.627728751655546,100.0
1050,2,20.749706092874646,20.749706092874646,100.0
1060,0,30.571303305314622,30.571303305314622,100.0
1060,1,35.95098058054633,35.95098058054633,100.0
1060,2,33.47771611413904,33.47771611413904,100.0
1070,0,35.75370019903795,35.75370019903795,100.0
1070,1,34.33205677562845,34.33205677562845,100.0
1070,2,29.914243025333594,29.914243025333594,100.0
1080,0,28.59476426114721,28.59476426114721,100.0
1080,1,35.76392171486095,35.76392171486095,100.0
1080,2,35.641314023991846,35.641314023991846,100.0
1090,0,40.636392492045914,40.636392492045914,100.0
1090,1,33.14214489344117,33.14214489344117,100.0
1090,2,26.221462614512912,26.221462614512912,100.0
1100,0,29.57098215379298,29.57098215379298,100.0
1100,1,34.264823898813624,34.264823898813624,100.0
1100,2,36.1641939473934,36.1641939473934,100.0
1110,0,41.969238440232374,41.969238440232374,100.0
1110,1,27.64601864036177,27.64601864036177,100.0
1110,2,30.384742919405873,30.384742919405873,100.0
1120,0,29.344958195065495,29.344958195065495,100.0
1120,1,38.32722857298119,38.32722857298119,100.0
1120,2,32.327813231953314,32.327813231953314,100.0
1130,0,31.976863672515975,31.976863672515975,100.0
1130,1,27.417895217727118,27.417895217727118,100.0
1130,2,40.6052411097569,40.6052411097569,100.0
1140,0,45.62800871216701,45.62800871216701,100.0
1140,1,30.57417309227714,30.57417309227714,100.0
1140,2,23.79781819555585,23.79781819555585,100.0
1150,0,25.84503802090658,25.84503802090658,100.0
1150,1,37.19051981544954,37.19051981544954,100.0
1150,2,36.96444216364389,36.96444216364389,100.0
1160,0,29.147492761570266,29.147492761570266,100.0
1160,1,31.87870086052522,31.87870086052522,100.0
1160,2,38.97380637790452,38.97380637790452,100.0
1170,0,23.355452676016828,23.355452676016828,100.0
1170,1,38.052858377849425,38.052858377849425,100.0
1170,2,38.59168894613376,38.59168894613376,100.0
1180,0,41.01135157138992,41.01135157138992,100.0
1180,1,40.10156348216348,40.10156348216348,100.0
1180,2,18.887084946446603,18.887084946446603,100.0
1190,0,50.918285827867884,50.918285827867884,100.0
1190,1,29.721377750257936,29.721377750257936,100.0
1190,2,19.36033642187418,19.36033642187418,100.0
1200,0,32.06565886708876,32.06565886708876,100.0
1200,1,47.17899464977872,47.17899464977872,100.0
1200,2,20.755346483132524,20.755346483132524,100.0
1210,0,48.391859127812644,48.391859127812644,100.0
1210,1,31.28085800384275,31.28085800384275,100.0
1210,2,20.327282868344604,20.327282868344604,100.0
1220,0,22.39024412830797,22.39024412830797,100.0
1220,1,29.658127409469827,29.658127409469827,100.0
1220,2,47.9516284622222,47.9516284622222,100.0
1230,0,35.89648265009719,35.89648265009719,100.0
1230,1,32.68923942020048,32.68923942020048,100.0
1230,2,31.41427792970233,31.41427792970233,100.0
1240,0,24.798445975177764,24.798445975177764,100.0
1240,1,42.65915466442263,42.65915466442263,100.0
1240,2,32.5423993603996,32.5423993603996,100.0
1250,0,39.46424242139291,39.46424242139291,100.0
1250,1,29.074985277579113,29.074985277579113,100.0
1250,2,31.460772301027973,31.460772301027973,100.0
1260,0,41.39920376315522,41.39920376315522,100.0
1260,1,32.524819127033155,32.524819127033155,100.0
1260,2,26.07597710981163,26.07597710981163,100.0
1270,0,34.714172229054775,34.714172229054775,100.0
1270,1,34.33988227763372,34.33988227763372,100.0
1270,2,30.945945493311513,30.945945493311513,100.0
1280,0,29.089230670338683,29.089230670338683,100.0
1280,1,33.36404592987847,33.36404592987847,100.0
1280,2,37.54672339978284,37.54672339978284,100.0
1290,0,42.654843286720954,42.654843286720954,100.0
1290,1,33.44155905637285,33.44155905637285,100.0
1290,2,23.90359765690619,23.90359765690619,100.0
1300,0,50.31801795216387,50.31801795216387,100.0
1300,1,24.67319728690188,24.67319728690188,100.0
1300,2,25.00878476093425,25.00878476093425,100.0
1310,0,36.05083027828731,36.05083027828731,100.0
1310,1,24.585907862677455,24.585907862677455,100.0
1310,2,39.36326185903524,39.36326185903524,100.0
1320,0,36.63576804643354,36.63576804643354,100.0
1320,1,39.10635089448118,39.10635089448118,100.0
1320,2,24.25788105908529,24.25788105908529,100.0
1330,0,29.361627398000234,29.361627398000234,100.0
1330,1,34.602384972769926,34.602384972769926,100.0
1330,2,36.03598762922984,36.03598762922984,100.0
1340,0,32.01207979993771,32.01207979993771,100.0
1340,1,47.34306414432234,47.34306414432234,100.0
1340,2,20.644856055739957,20.644856055739957,100.0
1350,0,26.663766412203984,26.663766412203984,100.0
1350,1,30.145450480669776,30.145450480669776,100.0
1350,2,43.190783107126244,43.190783107126244,100.0
1360,0,48.47633496172953,48.47633496172953,100.0
1360,1,31.901406861552434,31.901406861552434,100.0
1360,2,19.622258176718038,19.622258176718038,100.0
1370,0,42.287594537644324,42.287594537644324,100.0
1370,1,39.54681238563165,39.54681238563165,100.0
1370,2,18.165593076724033,18.165593076724033,100.0
1380,0,43.52224408582782,43.52224408582782,100.0
1380,1,25.46729450608452,25.46729450608452,100.0
1380,2,31.010461408087654,31.010461408087654,100.0
1390,0,41.61229867656153,41.61229867656153,100.0
1390,1,36.79283571570906,36.79283571570906,100.0
1390,2,21.594865607729407,21.594865607729407,100.0
1400,0,40.59880467559035,40.59880467559035,100.0
1400,1,27.822610053651754,27.822610053651754,100.0
1400,2,31.578585270757902,31.578585270757902,100.0
1410,0,24.421525678424338,24.421525678424338,100.0
1410,1,40.686883009552425,40.686883009552425,100.0
1410,2,34.89159131202324,34.89159131202324,100.0
1420,0,27.872642153841014,27.872642153841014,100.0
1420,1,46.705967710431544,46.705967710431544,100.0
1420,2,25.42139013572744,25.42139013572744,100.0
1430,0,44.8647418909505,44.8647418909505,100.0
1430,1,32.73420232388221,32.73420232388221,100.0
1430,2,22.401055785167294,22.401055785167294,100.0
1440,0,42.439682694261414,42.439682694261414,100.0
1440,1,33.079274452184,33.079274452184,100.0
1440,2,24.481042853554573,24.481042853554573,100.0
1450,0,48.2130337639955,48.2130337639955,100.0
1450,1,30.221003834901726,30.221003834901726,100.0
1450,2,21.56596240110278,21.56596240110278,100.0
1460,0,51.99393430076037,51.99393430076037,100.0
1460,1,26.219760092547784,26.219760092547784,100.0
1460,2,21.78630560669185,21.78630560669185,100.0
1470,0,41.50897713588409,41.50897713588409,100.0
1470,1,25.484917714695133,25.484917714695133,100.0
1470,2,33.00610514942078,33.00610514942078,100.0
1480,0,35.01387492781484,35.01387492781484,100.0
1480,1,42.556888112096,42.556888112096,100.0
1480,2,22.42923696008917,22.42923696008917,100.0
1490,0,46.21774610344879,46.21774610344879,100.0
1490,1,33.330022252721726,33.330022252721726,100.0
1490,2,20.452231643829492,20.452231643829492,100.0
1500,0,39.260829330328,39.260829330328,100.0
1500,1,32.51476906705742,32.51476906705742,100.0
1500,2,28.22440160261457,28.22440160261457,100.0
