timestamp,ueImsi,sliceId,dTxBytes,dRxBytes,plr,resourceSharePct,dLostPackets,throughputMbps,bufferBytes
1410,1,0,25976,4584,82.35,29.55,14,3.6672,2073923
1410,2,0,25976,4584,82.35,29.55,14,3.6672,2073903
1410,3,0,25976,4584,82.35,29.55,14,3.6672,2073888
1410,4,0,25976,4584,82.35,29.55,14,3.6672,2073888
1410,5,0,25976,4584,82.35,29.55,14,3.6672,2073876
1410,6,1,390,390,0.00,27.22,0,0.3120,87
1410,7,1,390,390,0.00,27.22,0,0.3120,87
1410,8,1,390,390,0.00,27.22,0,0.3120,87
1410,9,1,390,390,0.00,27.22,0,0.3120,87
1410,10,1,390,390,0.00,27.22,0,0.3120,87
1410,11,2,16000,2688,83.20,43.23,104,2.1504,1276947
1410,12,2,16000,2688,83.20,43.23,104,2.1504,1276936
1410,13,2,16000,2688,83.20,43.23,104,2.1504,1277001
1410,14,2,16000,2688,83.20,43.23,104,2.1504,1276930
1410,15,2,16000,2688,83.20,43.23,104,2.1504,1276961
1410,16,2,16000,2688,83.20,43.23,104,2.1504,1277000
1410,17,2,16000,2688,83.20,43.23,104,2.1504,1276987
1410,18,2,16000,2688,83.20,43.23,104,2.1504,1277025
1410,19,2,16000,2688,83.20,43.23,104,2.1504,1277021
1410,20,2,16000,2688,83.20,43.23,104,2.1504,1276945
