timestamp,ueImsi,sliceId,dTxBytes,dRxBytes,plr,resourceSharePct,dLostPackets,throughputMbps,bufferBytes
560,1,0,24448,1528,93.75,25.50,15,1.2224,137076
560,2,0,24448,1528,93.75,25.50,15,1.2224,137069
560,3,0,24448,1528,93.75,25.50,15,1.2224,136970
560,4,0,24448,1528,93.75,25.50,15,1.2224,136964
560,5,0,24448,1528,93.75,25.50,15,1.2224,137067
560,6,1,390,312,20.00,54.99,1,0.2496,169
560,7,1,390,312,20.00,54.99,1,0.2496,169
560,8,1,390,312,20.00,54.99,1,0.2496,169
560,9,1,390,312,20.00,54.99,1,0.2496,169
560,10,1,390,312,20.00,54.99,1,0.2496,169
560,11,2,16000,640,96.00,19.51,120,0.5120,89155
560,12,2,16000,640,96.00,19.51,120,0.5120,89162
560,13,2,16000,640,96.00,19.51,120,0.5120,89156
560,14,2,16000,768,95.20,19.51,119,0.6144,89047
560,15,2,16000,768,95.20,19.51,119,0.6144,89100
560,16,2,16000,768,95.20,19.51,119,0.6144,89100
560,17,2,16000,768,95.20,19.51,119,0.6144,89117
560,18,2,16000,768,95.20,19.51,119,0.6144,89115
560,19,2,16000,768,95.20,19.51,119,0.6144,89099
560,20,2,16000,768,95.20,19.51,119,0.6144,89099
