timestamp,ueImsi,sliceId,dTxBytes,dRxBytes,plr,resourceSharePct,dLostPackets,throughputMbps,bufferBytes
590,1,0,24448,1528,93.75,16.66,15,1.2224,205963
590,2,0,24448,0,100.00,16.66,16,0.0000,205100
590,3,0,24448,0,100.00,16.66,16,0.0000,204888
590,4,0,24448,0,100.00,16.66,16,0.0000,204889
590,5,0,24448,1528,93.75,16.66,15,1.2224,204035
590,6,1,390,468,0.00,30.00,0,0.3744,87
590,7,1,390,468,0.00,30.00,0,0.3744,87
590,8,1,390,468,0.00,30.00,0,0.3744,87
590,9,1,390,468,0.00,30.00,0,0.3744,87
590,10,1,390,468,0.00,30.00,0,0.3744,87
590,11,2,16000,1024,93.60,53.34,117,0.8192,137008
590,12,2,16000,1024,93.60,53.34,117,0.8192,137117
590,13,2,16000,1408,91.20,53.34,114,1.1264,136421
590,14,2,16000,1280,92.00,53.34,115,1.0240,135688
590,15,2,16000,1408,91.20,53.34,114,1.1264,135264
590,16,2,16000,1408,91.20,53.34,114,1.1264,135254
590,17,2,16000,1408,91.20,53.34,114,1.1264,135254
590,18,2,16000,1408,91.20,53.34,114,1.1264,135148
590,19,2,16000,1408,91.20,53.34,114,1.1264,135226
590,20,2,16000,1408,91.20,53.34,114,1.1264,135146
