timestamp,ueImsi,sliceId,dTxBytes,dRxBytes,plr,resourceSharePct,dLostPackets,throughputMbps,bufferBytes
800,1,0,24448,1528,93.75,31.46,15,1.2224,693428
800,2,0,24448,1528,93.75,31.46,15,1.2224,693505
800,3,0,24448,1528,93.75,31.46,15,1.2224,693340
800,4,0,24448,1528,93.75,31.46,15,1.2224,693330
800,5,0,24448,1528,93.75,31.46,15,1.2224,693491
800,6,1,390,468,0.00,26.23,0,0.3744,87
800,7,1,390,468,0.00,26.23,0,0.3744,87
800,8,1,390,468,0.00,26.23,0,0.3744,87
800,9,1,390,468,0.00,26.23,0,0.3744,87
800,10,1,390,468,0.00,26.23,0,0.3744,87
800,11,2,16000,1024,93.60,42.31,117,0.8192,458195
800,12,2,16000,1024,93.60,42.31,117,0.8192,458191
800,13,2,16000,1024,93.60,42.31,117,0.8192,458059
800,14,2,16000,1024,93.60,42.31,117,0.8192,458079
800,15,2,16000,1024,93.60,42.31,117,0.8192,458177
800,16,2,16000,1024,93.60,42.31,117,0.8192,458137
800,17,2,16000,1024,93.60,42.31,117,0.8192,458138
800,18,2,16000,1024,93.60,42.31,117,0.8192,458169
800,19,2,16000,1024,93.60,42.31,117,0.8192,458141
800,20,2,16000,1024,93.60,42.31,117,0.8192,458130
