timestamp,ueImsi,sliceId,dTxBytes,dRxBytes,plr,resourceSharePct,dLostPackets,throughputMbps,bufferBytes,dlBufferBytes,ulBufferBytes,macBufferBytes,congestionPct,lastDrlActionStatus
10600,1,0,128736,0,100.00,16.66,112,0.0000,1200005,86993,1200005,1286998,12.27,applied
10600,2,0,128736,105608,23.21,16.66,26,8.4486,1200005,85776,1200005,1285781,12.26,applied
10600,3,0,128736,131396,4.46,16.66,5,10.5117,1200005,85776,1200005,1285781,12.26,applied
10600,4,0,128736,0,100.00,16.66,112,0.0000,34,87789,34,87823,0.84,applied
10600,5,0,128736,69996,49.11,16.66,55,5.5997,39823,85776,39823,125599,1.20,applied
10600,6,1,0,0,0.00,20.00,0,0.0000,34,0,34,34,0.00,applied
10600,7,1,0,0,0.00,20.00,0,0.0000,34,0,34,34,0.00,applied
10600,8,1,0,0,0.00,20.00,0,0.0000,34,0,34,34,0.00,applied
10600,9,1,0,0,0.00,20.00,0,0.0000,34,0,34,34,0.00,applied
10600,10,1,0,0,0.00,20.00,0,0.0000,34,0,34,34,0.00,applied
10600,11,1,0,0,0.00,20.00,0,0.0000,34,0,34,34,0.00,applied
10600,12,1,0,0,0.00,20.00,0,0.0000,34,0,34,34,0.00,applied
10600,13,1,0,0,0.00,20.00,0,0.0000,147,0,147,147,0.00,applied
10600,14,2,63772,940,89.80,63.33,44,0.0752,5493425,5493425,51,5493476,52.39,applied
10600,15,2,63772,0,100.00,63.33,49,0.0000,5493700,5493700,51,5493751,52.39,applied
10600,16,2,63772,940,89.80,63.33,44,0.0752,5493493,5493493,51,5493544,52.39,applied
10600,17,2,63772,0,100.00,63.33,49,0.0000,5498017,5498017,51,5498068,52.43,applied
10600,18,2,63772,0,100.00,63.33,49,0.0000,5493700,5493700,51,5493751,52.39,applied
