timestamp,ueImsi,sliceId,dTxBytes,dRxBytes,plr,resourceSharePct,dLostPackets,throughputMbps,bufferBytes
630,1,0,25976,4584,82.35,25.23,14,3.6672,286180
630,2,0,25976,4584,82.35,25.23,14,3.6672,286208
630,3,0,25976,4584,82.35,25.23,14,3.6672,286209
630,4,0,25976,4584,82.35,25.23,14,3.6672,286130
630,5,0,25976,3056,88.24,25.23,15,2.4448,286120
630,6,1,390,390,0.00,29.91,0,0.3120,87
630,7,1,390,390,0.00,29.91,0,0.3120,87
630,8,1,390,390,0.00,29.91,0,0.3120,87
630,9,1,390,390,0.00,29.91,0,0.3120,87
630,10,1,390,390,0.00,29.91,0,0.3120,87
630,11,2,16000,2688,83.20,44.87,104,2.1504,184664
630,12,2,16000,2560,84.00,44.87,105,2.0480,184696
630,13,2,16000,2688,83.20,44.87,104,2.1504,184668
630,14,2,16000,2688,83.20,44.87,104,2.1504,184738
630,15,2,16000,2688,83.20,44.87,104,2.1504,184650
630,16,2,16000,2688,83.20,44.87,104,2.1504,184730
630,17,2,16000,2688,83.20,44.87,104,2.1504,184734
630,18,2,16000,2688,83.20,44.87,104,2.1504,184662
630,19,2,16000,2688,83.20,44.87,104,2.1504,184732
630,20,2,16000,2688,83.20,44.87,104,2.1504,184734
