timestamp,ueImsi,sliceId,dTxBytes,dRxBytes,plr,resourceSharePct,dLostPackets,throughputMbps,bufferBytes
1510,1,0,35144,30560,13.04,32.26,3,24.4480,208087
1510,2,0,35144,18336,47.83,32.26,11,14.6688,1527917
1510,3,1,1014,0,100.00,36.36,13,0.0000,87
1510,4,1,1014,1014,0.00,36.36,0,0.8112,87
1510,5,2,256,0,100.00,31.38,2,0.0000,137
1510,6,2,256,0,100.00,31.38,2,0.0000,137
1510,7,2,256,256,0.00,31.38,0,0.2048,137
1510,8,2,256,0,100.00,31.38,2,0.0000,533
1510,9,2,256,0,100.00,31.38,2,0.0000,137
1510,10,2,256,256,0.00,31.38,0,0.2048,137
