timestamp,ueImsi,sliceId,dTxBytes,dRxBytes,plr,resourceSharePct,dLostPackets,throughputMbps,bufferBytes
560,1,0,24448,1528,93.75,22.19,15,1.2224,137149
560,2,0,24448,1528,93.75,22.19,15,1.2224,137044
560,3,0,24448,1528,93.75,22.19,15,1.2224,137115
560,4,0,24448,1528,93.75,22.19,15,1.2224,137123
560,5,0,24448,1528,93.75,22.19,15,1.2224,137115
560,6,1,780,624,20.00,49.88,2,0.4992,87
560,7,1,780,624,20.00,49.88,2,0.4992,87
560,8,1,780,624,20.00,49.88,2,0.4992,87
560,9,1,780,624,20.00,49.88,2,0.4992,87
560,10,1,780,624,20.00,49.88,2,0.4992,87
560,11,2,16000,640,96.00,27.94,120,0.5120,91635
560,12,2,16000,640,96.00,27.94,120,0.5120,91634
560,13,2,16000,640,96.00,27.94,120,0.5120,91641
560,14,2,16000,640,96.00,27.94,120,0.5120,91641
560,15,2,16000,512,96.80,27.94,121,0.4096,91700
560,16,2,16000,640,96.00,27.94,120,0.5120,91721
560,17,2,16000,640,96.00,27.94,120,0.5120,91716
560,18,2,16000,640,96.00,27.94,120,0.5120,91716
560,19,2,16000,640,96.00,27.94,120,0.5120,91715
560,20,2,16000,640,96.00,27.94,120,0.5120,91703
