timestamp,ueImsi,sliceId,dTxBytes,dRxBytes,plr,resourceSharePct,dLostPackets,throughputMbps,bufferBytes
1030,1,0,18336,3056,83.33,27.64,10,2.4448,817506
1030,2,0,18336,3056,83.33,27.64,10,2.4448,817512
1030,3,0,18336,1528,91.67,27.64,11,1.2224,817528
1030,4,0,18336,1528,91.67,27.64,11,1.2224,817549
1030,5,0,18336,1528,91.67,27.64,11,1.2224,817530
1030,6,1,390,234,40.00,49.19,2,0.1872,87
1030,7,1,390,234,40.00,49.19,2,0.1872,87
1030,8,1,390,234,40.00,49.19,2,0.1872,87
1030,9,1,390,234,40.00,49.19,2,0.1872,87
1030,10,1,390,234,40.00,49.19,2,0.1872,87
1030,11,2,384,256,33.33,23.16,1,0.2048,47
1030,12,2,384,256,33.33,23.16,1,0.2048,47
1030,13,2,384,256,33.33,23.16,1,0.2048,47
1030,14,2,384,256,33.33,23.16,1,0.2048,47
1030,15,2,384,256,33.33,23.16,1,0.2048,47
1030,16,2,384,256,33.33,23.16,1,0.2048,47
1030,17,2,384,256,33.33,23.16,1,0.2048,137
1030,18,2,384,256,33.33,23.16,1,0.2048,47
1030,19,2,384,256,33.33,23.16,1,0.2048,47
1030,20,2,384,256,33.33,23.16,1,0.2048,137
