timestamp,sliceId,dedicatedPRB,minPRB,maxPRB
510,0,37.15837862996767,37.15837862996767,100.0
510,1,40.09792498771615,40.09792498771615,100.0
510,2,22.743696382316177,22.743696382316177,100.0
520,0,35.95175885292935,35.95175885292935,100.0
520,1,40.34243384188977,40.34243384188977,100.0
520,2,23.705807305180876,23.705807305180876,100.0
530,0,31.42450112524623,31.42450112524623,100.0
530,1,39.54866864257296,39.54866864257296,100.0
530,2,29.02683023218081,29.02683023218081,100.0
540,0,29.89739243332138,29.89739243332138,100.0
540,1,36.299478826936735,36.299478826936735,100.0
540,2,33.803128739741894,33.803128739741894,100.0
550,0,33.19886931329474,33.19886931329474,100.0
550,1,31.89674762959379,31.89674762959379,100.0
550,2,34.90438305711147,34.90438305711147,100.0
