timestamp,ueImsi,sliceId,dTxBytes,dRxBytes,plr,resourceSharePct,dLostPackets,throughputMbps,bufferBytes
560,1,0,24448,1528,93.75,22.94,15,1.2224,135973
560,2,0,24448,1528,93.75,22.94,15,1.2224,135975
560,3,0,24448,1528,93.75,22.94,15,1.2224,136044
560,4,0,24448,1528,93.75,22.94,15,1.2224,135945
560,5,0,24448,1528,93.75,22.94,15,1.2224,135945
560,6,1,780,624,20.00,29.18,2,0.4992,87
560,7,1,780,624,20.00,29.18,2,0.4992,126
560,8,1,780,624,20.00,29.18,2,0.4992,126
560,9,1,780,624,20.00,29.18,2,0.4992,126
560,10,1,780,624,20.00,29.18,2,0.4992,126
560,11,2,16000,1024,93.60,47.88,117,0.8192,90579
560,12,2,16000,1024,93.60,47.88,117,0.8192,90580
560,13,2,16000,1024,93.60,47.88,117,0.8192,90578
560,14,2,16000,896,94.40,47.88,118,0.7168,90563
560,15,2,16000,1024,93.60,47.88,117,0.8192,90642
560,16,2,16000,1024,93.60,47.88,117,0.8192,90642
560,17,2,16000,1024,93.60,47.88,117,0.8192,90650
560,18,2,16000,1024,93.60,47.88,117,0.8192,90650
560,19,2,16000,1024,93.60,47.88,117,0.8192,90646
560,20,2,16000,1152,92.80,47.88,116,0.9216,90532
