timestamp,sliceId,dedicatedPRB,minPRB,maxPRB
510,0,35.593755970091415,35.593755970091415,100.0
510,1,27.2920031947682,27.2920031947682,100.0
510,2,37.114240835140386,37.114240835140386,100.0
520,0,27.4204018087448,27.4204018087448,100.0
520,1,46.2009408917669,46.2009408917669,100.0
520,2,26.37865729948831,26.37865729948831,100.0
530,0,37.36569717561008,37.36569717561008,100.0
530,1,29.246100650948907,29.246100650948907,100.0
530,2,33.38820217344101,33.38820217344101,100.0
540,0,22.331811801696507,22.331811801696507,100.0
540,1,49.16399655418317,49.16399655418317,100.0
540,2,28.504191644120326,28.504191644120326,100.0
550,0,40.328143917094536,40.328143917094536,100.0
550,1,38.76882913517809,38.76882913517809,100.0
550,2,20.903026947727376,20.903026947727376,100.0
