timestamp,ueImsi,sliceId,dTxBytes,dRxBytes,plr,resourceSharePct,dLostPackets,throughputMbps,bufferBytes
3140,1,0,24448,1528,93.75,21.46,15,1.2224,6060678
3140,2,0,24448,3056,87.50,21.46,14,2.4448,6060788
3140,3,0,24448,3056,87.50,21.46,14,2.4448,6060630
3140,4,0,24448,1528,93.75,21.46,15,1.2224,6060495
3140,5,0,24448,1528,93.75,21.46,15,1.2224,6060434
3140,6,1,390,390,0.00,38.17,0,0.3120,87
3140,7,1,390,390,0.00,38.17,0,0.3120,87
3140,8,1,390,390,0.00,38.17,0,0.3120,87
3140,9,1,390,390,0.00,38.17,0,0.3120,87
3140,10,1,390,390,0.00,38.17,0,0.3120,87
3140,11,2,16000,2432,84.80,40.37,106,1.9456,3682141
3140,12,2,16000,2304,85.60,40.37,107,1.8432,3682148
3140,13,2,16000,2432,84.80,40.37,106,1.9456,3682097
3140,14,2,16000,2304,85.60,40.37,107,1.8432,3682191
3140,15,2,16000,2304,85.60,40.37,107,1.8432,3682051
3140,16,2,16000,2432,84.80,40.37,106,1.9456,3682143
3140,17,2,16000,2432,84.80,40.37,106,1.9456,3682048
3140,18,2,16000,2432,84.80,40.37,106,1.9456,3682161
3140,19,2,16000,2304,85.60,40.37,107,1.8432,3682062
3140,20,2,16000,2432,84.80,40.37,106,1.9456,3682121
