timestamp,sliceId,dedicatedPRB,minPRB,maxPRB
510,0,31.256279442116664,31.256279442116664,100.0
510,1,30.415244109639517,30.415244109639517,100.0
510,2,38.32847644824382,38.32847644824382,100.0
520,0,44.628129836753494,44.628129836753494,100.0
520,1,37.41284172196848,37.41284172196848,100.0
520,2,17.95902844127802,17.95902844127802,100.0
530,0,43.94418812328497,43.94418812328497,100.0
530,1,26.02944040677625,26.02944040677625,100.0
530,2,30.026371469938777,30.026371469938777,100.0
540,0,32.42415614340985,32.42415614340985,100.0
540,1,35.05475111658078,35.05475111658078,100.0
540,2,32.52109274000936,32.52109274000936,100.0
550,0,35.44882871272532,35.44882871272532,100.0
550,1,38.26332263261109,38.26332263261109,100.0
550,2,26.28784865466358,26.28784865466358,100.0
