timestamp,sliceId,dedicatedPRB,minPRB,maxPRB
510,0,30.11708502598963,30.11708502598963,100.0
510,1,27.061218963836826,27.061218963836826,100.0
510,2,42.82169601017354,42.82169601017354,100.0
520,0,47.67648971821757,47.67648971821757,100.0
520,1,28.080769726332704,28.080769726332704,100.0
520,2,24.24274055544974,24.24274055544974,100.0
530,0,36.33714015818861,36.33714015818861,100.0
530,1,33.41095329390641,33.41095329390641,100.0
530,2,30.251906547904987,30.251906547904987,100.0
540,0,33.10030764251769,33.10030764251769,100.0
540,1,27.997301603537295,27.997301603537295,100.0
540,2,38.90239075394501,38.90239075394501,100.0
550,0,25.830790900557993,25.830790900557993,100.0
550,1,35.34645798715502,35.34645798715502,100.0
550,2,38.822751112286994,38.822751112286994,100.0
