timestamp,sliceId,dedicatedPRB,minPRB,maxPRB
510,0,27.792603727950528,27.792603727950528,100.0
510,1,27.22570781941624,27.22570781941624,100.0
510,2,44.981688452633236,44.981688452633236,100.0
520,0,43.83317398082558,43.83317398082558,100.0
520,1,31.22695943197849,31.22695943197849,100.0
520,2,24.93986658719593,24.93986658719593,100.0
530,0,29.602927840428617,29.602927840428617,100.0
530,1,28.724380675536498,28.724380675536498,100.0
530,2,41.672691484034885,41.672691484034885,100.0
540,0,24.889816604532943,24.889816604532943,100.0
540,1,32.13897707584498,32.13897707584498,100.0
540,2,42.97120631962208,42.97120631962208,100.0
550,0,27.82087287521285,27.82087287521285,100.0
550,1,34.574655343215795,34.574655343215795,100.0
550,2,37.604471781571355,37.604471781571355,100.0
560,0,25.923773249795985,25.923773249795985,100.0
560,1,48.372063210181736,48.372063210181736,100.0
560,2,25.70416354002227,25.70416354002227,100.0
570,0,44.847320878603846,44.847320878603846,100.0
570,1,30.687129669454073,30.687129669454073,100.0
570,2,24.46554945194208,24.46554945194208,100.0
580,0,48.865848374414064,48.865848374414064,100.0
580,1,27.18746263967179,27.18746263967179,100.0
580,2,23.946688985914143,23.946688985914143,100.0
590,0,25.832685528695837,25.832685528695837,100.0
590,1,53.63813029066304,53.63813029066304,100.0
590,2,20.52918418064112,20.52918418064112,100.0
600,0,49.08851675465612,49.08851675465612,100.0
600,1,28.395021488513827,28.395021488513827,100.0
600,2,22.516461756830058,22.516461756830058,100.0
610,0,31.6119661303782,31.6119661303782,100.0
610,1,40.440529969710084,40.440529969710084,100.0
610,2,27.94750389991172,27.94750389991172,100.0
620,0,26.00470821759836,26.00470821759836,100.0
620,1,42.818430309160746,42.818430309160746,100.0
620,2,31.1768614732409,31.1768614732409,100.0
630,0,32.14202515555168,32.14202515555168,100.0
630,1,26.986739063569527,26.986739063569527,100.0
630,2,40.8712357808788,40.8712357808788,100.0
640,0,31.573206637496014,31.573206637496014,100.0
640,1,42.787300010331414,42.787300010331414,100.0
640,2,25.639493352172575,25.639493352172575,100.0
650,0,49.671678525262095,49.671678525262095,100.0
650,1,29.675067719892994,29.675067719892994,100.0
650,2,20.653253754844904,20.653253754844904,100.0
660,0,25.063013285501622,25.063013285501622,100.0
660,1,33.65479987959471,33.65479987959471,100.0
660,2,41.28218683490367,41.28218683490367,100.0
670,0,21.850956252686817,21.850956252686817,100.0
670,1,49.27947054211943,49.27947054211943,100.0
670,2,28.869573205193756,28.869573205193756,100.0
680,0,37.15868889761282,37.15868889761282,100.0
680,1,26.574652995653146,26.574652995653146,100.0
680,2,36.26665810673404,36.26665810673404,100.0
690,0,29.806748652357662,29.806748652357662,100.0
690,1,31.992331825785815,31.992331825785815,100.0
690,2,38.20091952185653,38.20091952185653,100.0
700,0,33.54813358423061,33.54813358423061,100.0
700,1,40.61326120243115,40.61326120243115,100.0
700,2,25.83860521333824,25.83860521333824,100.0
710,0,27.51468760439052,27.51468760439052,100.0
710,1,27.131217715295257,27.131217715295257,100.0
710,2,45.35409468031422,45.35409468031422,100.0
720,0,31.4404420982606,31.4404420982606,100.0
720,1,25.84941722634938,25.84941722634938,100.0
720,2,42.710140675390015,42.710140675390015,100.0
730,0,49.42062366031029,49.42062366031029,100.0
730,1,29.910218146856803,29.910218146856803,100.0
730,2,20.6691581928329,20.6691581928329,100.0
740,0,37.354386422321795,37.354386422321795,100.0
740,1,25.93611880127846,25.93611880127846,100.0
740,2,36.709494776399744,36.709494776399744,100.0
750,0,24.060688137686824,24.060688137686824,100.0
750,1,56.126080988685835,56.126080988685835,100.0
750,2,19.81323087362734,19.81323087362734,100.0
760,0,43.870492380846805,43.870492380846805,100.0
760,1,37.68821260790482,37.68821260790482,100.0
760,2,18.44129501124837,18.44129501124837,100.0
770,0,28.093769490156937,28.093769490156937,100.0
770,1,47.26844635829065,47.26844635829065,100.0
770,2,24.637784151552417,24.637784151552417,100.0
780,0,28.84392900712967,28.84392900712967,100.0
780,1,30.8517027613549,30.8517027613549,100.0
780,2,40.30436823151543,40.30436823151543,100.0
790,0,33.482868635518805,33.482868635518805,100.0
790,1,44.495063333929394,44.495063333929394,100.0
790,2,22.022068030551804,22.022068030551804,100.0
800,0,24.212060826433245,24.212060826433245,100.0
800,1,44.265563103498295,44.265563103498295,100.0
800,2,31.522376070068457,31.522376070068457,100.0
810,0,36.71830132443692,36.71830132443692,100.0
810,1,24.21621272917684,24.21621272917684,100.0
810,2,39.06548594638624,39.06548594638624,100.0
820,0,29.50002764673853,29.50002764673853,100.0
820,1,38.05816439488453,38.05816439488453,100.0
820,2,32.44180795837694,32.44180795837694,100.0
830,0,32.155249679156924,32.155249679156924,100.0
830,1,40.256535921691835,40.256535921691835,100.0
830,2,27.588214399151234,27.588214399151234,100.0
840,0,41.09348702411836,41.09348702411836,100.0
840,1,38.08775400622583,38.08775400622583,100.0
840,2,20.818758969655818,20.818758969655818,100.0
850,0,24.31657205161071,24.31657205161071,100.0
850,1,44.591395349502285,44.591395349502285,100.0
850,2,31.09203259888701,31.09203259888701,100.0
860,0,25.658320854869075,25.658320854869075,100.0
860,1,34.271628859897476,34.271628859897476,100.0
860,2,40.07005028523345,40.07005028523345,100.0
870,0,28.106444876144497,28.106444876144497,100.0
870,1,47.261771415940814,47.261771415940814,100.0
870,2,24.631783707914696,24.631783707914696,100.0
880,0,41.75219592039855,41.75219592039855,100.0
880,1,36.86458751261258,36.86458751261258,100.0
880,2,21.383216566988878,21.383216566988878,100.0
890,0,27.61891402123327,27.61891402123327,100.0
890,1,51.26475297990159,51.26475297990159,100.0
890,2,21.116332998865143,21.116332998865143,100.0
900,0,30.754509972650684,30.754509972650684,100.0
900,1,37.15708950385047,37.15708950385047,100.0
900,2,32.08840052349885,32.08840052349885,100.0
910,0,47.86542436767165,47.86542436767165,100.0
910,1,28.66898665147207,28.66898665147207,100.0
910,2,23.46558898085628,23.46558898085628,100.0
920,0,44.852841238679666,44.852841238679666,100.0
920,1,29.233655021289717,29.233655021289717,100.0
920,2,25.91350374003062,25.91350374003062,100.0
930,0,29.12779096210428,29.12779096210428,100.0
930,1,37.65947453000134,37.65947453000134,100.0
930,2,33.212734507894375,33.212734507894375,100.0
940,0,42.71020334341487,42.71020334341487,100.0
940,1,28.826798559022144,28.826798559022144,100.0
940,2,28.462998097562988,28.462998097562988,100.0
950,0,32.697390212222224,32.697390212222224,100.0
950,1,42.863811466195564,42.863811466195564,100.0
950,2,24.438798321582222,24.438798321582222,100.0
960,0,26.052164254714494,26.052164254714494,100.0
960,1,30.103819921330576,30.103819921330576,100.0
960,2,43.844015823954926,43.844015823954926,100.0
970,0,24.888935339177916,24.888935339177916,100.0
970,1,53.98165325462789,53.98165325462789,100.0
970,2,21.129411406194198,21.129411406194198,100.0
980,0,22.483158453532027,22.483158453532027,100.0
980,1,49.38482054226343,49.38482054226343,100.0
980,2,28.132021004204542,28.132021004204542,100.0
990,0,31.210353410425245,31.210353410425245,100.0
990,1,31.24691645345859,31.24691645345859,100.0
990,2,37.54273013611616,37.54273013611616,100.0
1000,0,29.61084751598483,29.61084751598483,100.0
1000,1,29.43113583353692,29.43113583353692,100.0
1000,2,40.95801665047826,40.95801665047826,100.0
1010,0,28.735365947796875,28.735365947796875,100.0
1010,1,49.916178272980936,49.916178272980936,100.0
1010,2,21.34845577922219,21.34845577922219,100.0
1020,0,21.694423378008015,21.694423378008015,100.0
1020,1,46.415120862335975,46.415120862335975,100.0
1020,2,31.89045575965601,31.89045575965601,100.0
1030,0,40.641973392870845,40.641973392870845,100.0
1030,1,35.020700509588195,35.020700509588195,100.0
1030,2,24.337326097540963,24.337326097540963,100.0
1040,0,40.487281800936465,40.487281800936465,100.0
1040,1,41.80837356645408,41.80837356645408,100.0
1040,2,17.704344632609452,17.704344632609452,100.0
1050,0,38.270337169451246,38.270337169451246,100.0
1050,1,31.598919878016602,31.598919878016602,100.0
1050,2,30.13074295253216,30.13074295253216,100.0
1060,0,24.505030299020163,24.505030299020163,100.0
1060,1,40.688973188781134,40.688973188781134,100.0
1060,2,34.80599651219871,34.80599651219871,100.0
1070,0,38.39160138053993,38.39160138053993,100.0
1070,1,43.36721897869376,43.36721897869376,100.0
1070,2,18.241179640766312,18.241179640766312,100.0
1080,0,40.834730469744144,40.834730469744144,100.0
1080,1,32.31623523933944,32.31623523933944,100.0
1080,2,26.849034290916418,26.849034290916418,100.0
1090,0,47.52930444070965,47.52930444070965,100.0
1090,1,30.5646753627303,30.5646753627303,100.0
1090,2,21.906020196560043,21.906020196560043,100.0
1100,0,30.5507527239175,30.5507527239175,100.0
1100,1,38.17092994706432,38.17092994706432,100.0
1100,2,31.278317329018172,31.278317329018172,100.0
1110,0,26.706203235963162,26.706203235963162,100.0
1110,1,46.89862224589821,46.89862224589821,100.0
1110,2,26.39517451813863,26.39517451813863,100.0
1120,0,40.6057039141197,40.6057039141197,100.0
1120,1,39.37708130717068,39.37708130717068,100.0
1120,2,20.017214778709626,20.017214778709626,100.0
1130,0,46.00875021670815,46.00875021670815,100.0
1130,1,35.309883898466346,35.309883898466346,100.0
1130,2,18.681365884825503,18.681365884825503,100.0
1140,0,41.8290392802396,41.8290392802396,100.0
1140,1,34.29665273553147,34.29665273553147,100.0
1140,2,23.87430798422893,23.87430798422893,100.0
1150,0,47.13060844110163,47.13060844110163,100.0
1150,1,25.456819501542068,25.456819501542068,100.0
1150,2,27.4125720573563,27.4125720573563,100.0
1160,0,25.627799005171546,25.627799005171546,100.0
1160,1,37.593541018069196,37.593541018069196,100.0
1160,2,36.77865997675925,36.77865997675925,100.0
1170,0,23.30249927354618,23.30249927354618,100.0
1170,1,54.432707881150975,54.432707881150975,100.0
1170,2,22.26479284530285,22.26479284530285,100.0
1180,0,26.718410241608115,26.718410241608115,100.0
1180,1,41.87581132837502,41.87581132837502,100.0
1180,2,31.405778430016863,31.405778430016863,100.0
1190,0,23.096872092172855,23.096872092172855,100.0
1190,1,40.26749090099493,40.26749090099493,100.0
1190,2,36.63563700683221,36.63563700683221,100.0
1200,0,22.974042606275606,22.974042606275606,100.0
1200,1,49.37837567471138,49.37837567471138,100.0
1200,2,27.647581719013015,27.647581719013015,100.0
1210,0,41.755616817862,41.755616817862,100.0
1210,1,36.98201349339183,36.98201349339183,100.0
1210,2,21.26236968874617,21.26236968874617,100.0
1220,0,23.973164811384017,23.973164811384017,100.0
1220,1,48.26653919877145,48.26653919877145,100.0
1220,2,27.76029598984454,27.76029598984454,100.0
1230,0,27.054242303482663,27.054242303482663,100.0
1230,1,31.043992211291975,31.043992211291975,100.0
1230,2,41.90176548522536,41.90176548522536,100.0
1240,0,38.69163533477829,38.69163533477829,100.0
1240,1,36.0817807043572,36.0817807043572,100.0
1240,2,25.226583960864513,25.226583960864513,100.0
1250,0,32.60079143004961,32.60079143004961,100.0
1250,1,39.71144799437315,39.71144799437315,100.0
1250,2,27.687760575577236,27.687760575577236,100.0
1260,0,29.49041722661351,29.49041722661351,100.0
1260,1,35.19485960698032,35.19485960698032,100.0
1260,2,35.31472316640617,35.31472316640617,100.0
1270,0,21.57834604477041,21.57834604477041,100.0
1270,1,45.910752672977516,45.910752672977516,100.0
1270,2,32.51090128225207,32.51090128225207,100.0
1280,0,23.128679877752038,23.128679877752038,100.0
1280,1,35.9463690666372,35.9463690666372,100.0
1280,2,40.92495105561076,40.92495105561076,100.0
1290,0,41.12377859284766,41.12377859284766,100.0
1290,1,36.403590900317226,36.403590900317226,100.0
1290,2,22.472630506835106,22.472630506835106,100.0
1300,0,40.910752092555825,40.910752092555825,100.0
1300,1,38.269889328731125,38.269889328731125,100.0
1300,2,20.81935857871306,20.81935857871306,100.0
1310,0,29.18400364570411,29.18400364570411,100.0
1310,1,44.70875505799281,44.70875505799281,100.0
1310,2,26.10724129630308,26.10724129630308,100.0
1320,0,28.014121778824798,28.014121778824798,100.0
1320,1,38.52498528402344,38.52498528402344,100.0
1320,2,33.46089293715176,33.46089293715176,100.0
1330,0,27.237594392025024,27.237594392025024,100.0
1330,1,32.659340238671305,32.659340238671305,100.0
1330,2,40.10306536930367,40.10306536930367,100.0
1340,0,36.271654079749645,36.271654079749645,100.0
1340,1,29.9884516149636,29.9884516149636,100.0
1340,2,33.73989430528676,33.73989430528676,100.0
1350,0,28.736511978464257,28.736511978464257,100.0
1350,1,38.092610088012314,38.092610088012314,100.0
1350,2,33.170877933523435,33.170877933523435,100.0
1360,0,23.487393344741474,23.487393344741474,100.0
1360,1,52.27832170596465,52.27832170596465,100.0
1360,2,24.234284949293876,24.234284949293876,100.0
1370,0,39.561385785349906,39.561385785349906,100.0
1370,1,29.100647305155665,29.100647305155665,100.0
1370,2,31.337966909494426,31.337966909494426,100.0
1380,0,25.4666929578463,25.4666929578463,100.0
1380,1,37.47100451430071,37.47100451430071,100.0
1380,2,37.062302527852985,37.062302527852985,100.0
1390,0,34.81479541759458,34.81479541759458,100.0
1390,1,32.871862111669856,32.871862111669856,100.0
1390,2,32.31334247073557,32.31334247073557,100.0
1400,0,26.655030078979948,26.655030078979948,100.0
1400,1,38.19279786434653,38.19279786434653,100.0
1400,2,35.15217205667353,35.15217205667353,100.0
1410,0,28.682192989203624,28.682192989203624,100.0
1410,1,37.304236744739605,37.304236744739605,100.0
1410,2,34.01357026605677,34.01357026605677,100.0
1420,0,25.43363454215578,25.43363454215578,100.0
1420,1,49.94229620256039,49.94229620256039,100.0
1420,2,24.624069255283835,24.624069255283835,100.0
1430,0,45.128370237509465,45.128370237509465,100.0
1430,1,34.13077293280983,34.13077293280983,100.0
1430,2,20.74085682968071,20.74085682968071,100.0
1440,0,23.377409517358842,23.377409517358842,100.0
1440,1,49.746402471925244,49.746402471925244,100.0
1440,2,26.876188010715918,26.876188010715918,100.0
1450,0,40.106159717437414,40.106159717437414,100.0
1450,1,26.716767327474837,26.716767327474837,100.0
1450,2,33.17707295508774,33.17707295508774,100.0
1460,0,28.09741890527089,28.09741890527089,100.0
1460,1,36.6939746380517,36.6939746380517,100.0
1460,2,35.208606456677416,35.208606456677416,100.0
1470,0,22.358975007799504,22.358975007799504,100.0
1470,1,44.29873836029892,44.29873836029892,100.0
1470,2,33.34228663190157,33.34228663190157,100.0
1480,0,54.36614126905791,54.36614126905791,100.0
1480,1,25.929430109680062,25.929430109680062,100.0
1480,2,19.70442862126202,19.70442862126202,100.0
1490,0,25.225285820458144,25.225285820458144,100.0
1490,1,42.66542250720685,42.66542250720685,100.0
1490,2,32.109291672335004,32.109291672335004,100.0
1500,0,26.18803063668392,26.18803063668392,100.0
1500,1,47.13448042903624,47.13448042903624,100.0
1500,2,26.677488934279843,26.677488934279843,100.0
