timestamp,sliceId,dedicatedPRB,minPRB,maxPRB
510,0,29.738293970485834,29.738293970485834,100.0
510,1,34.99368516669447,34.99368516669447,100.0
510,2,35.268020862819704,35.268020862819704,100.0
520,0,28.333022286298892,28.333022286298892,100.0
520,1,37.17792759055051,37.17792759055051,100.0
520,2,34.4890501231506,34.4890501231506,100.0
530,0,24.026053176460483,24.026053176460483,100.0
530,1,29.163146988440214,29.163146988440214,100.0
530,2,46.8107998350993,46.8107998350993,100.0
540,0,36.36234880997558,36.36234880997558,100.0
540,1,30.773378375415327,30.773378375415327,100.0
540,2,32.8642728146091,32.8642728146091,100.0
550,0,25.665493691140504,25.665493691140504,100.0
550,1,42.75377180961964,42.75377180961964,100.0
550,2,31.58073449923985,31.58073449923985,100.0
560,0,35.50233985942246,35.50233985942246,100.0
560,1,35.56660714019973,35.56660714019973,100.0
560,2,28.93105300037781,28.93105300037781,100.0
570,0,31.402048560434665,31.402048560434665,100.0
570,1,42.41412234142331,42.41412234142331,100.0
570,2,26.18382909814203,26.18382909814203,100.0
580,0,23.73712034004263,23.73712034004263,100.0
580,1,51.21632854869672,51.21632854869672,100.0
580,2,25.046551111260655,25.046551111260655,100.0
590,0,45.661681897122094,45.661681897122094,100.0
590,1,31.815547470797362,31.815547470797362,100.0
590,2,22.522770632080547,22.522770632080547,100.0
600,0,31.08187286931379,31.08187286931379,100.0
600,1,46.95068474942376,46.95068474942376,100.0
600,2,21.967442381262458,21.967442381262458,100.0
610,0,28.973690760781107,28.973690760781107,100.0
610,1,26.48269796164074,26.48269796164074,100.0
610,2,44.54361127757816,44.54361127757816,100.0
620,0,26.788177593639656,26.788177593639656,100.0
620,1,36.39361227884902,36.39361227884902,100.0
620,2,36.81821012751133,36.81821012751133,100.0
630,0,29.592427386415153,29.592427386415153,100.0
630,1,35.558235862698,35.558235862698,100.0
630,2,34.849336750886856,34.849336750886856,100.0
640,0,26.1253892799273,26.1253892799273,100.0
640,1,37.354466254867845,37.354466254867845,100.0
640,2,36.52014446520485,36.52014446520485,100.0
650,0,23.24524015525549,23.24524015525549,100.0
650,1,42.77291018317649,42.77291018317649,100.0
650,2,33.98184966156801,33.98184966156801,100.0
660,0,25.501424422294296,25.501424422294296,100.0
660,1,26.53064406797041,26.53064406797041,100.0
660,2,47.967931509735294,47.967931509735294,100.0
670,0,30.913322728958093,30.913322728958093,100.0
670,1,33.94173554526506,33.94173554526506,100.0
670,2,35.14494172577686,35.14494172577686,100.0
680,0,34.66705733716399,34.66705733716399,100.0
680,1,39.30839629557865,39.30839629557865,100.0
680,2,26.024546367257358,26.024546367257358,100.0
690,0,39.976258730574,39.976258730574,100.0
690,1,33.20936832961189,33.20936832961189,100.0
690,2,26.814372939814106,26.814372939814106,100.0
700,0,21.57266685695286,21.57266685695286,100.0
700,1,41.13964218895768,41.13964218895768,100.0
700,2,37.287690954089456,37.287690954089456,100.0
710,0,30.428351547269095,30.428351547269095,100.0
710,1,46.21978443722902,46.21978443722902,100.0
710,2,23.35186401550188,23.35186401550188,100.0
720,0,41.52128957178653,41.52128957178653,100.0
720,1,32.88503499828354,32.88503499828354,100.0
720,2,25.59367542992993,25.59367542992993,100.0
730,0,42.871778401326175,42.871778401326175,100.0
730,1,36.43973484455317,36.43973484455317,100.0
730,2,20.68848675412065,20.68848675412065,100.0
740,0,43.1288076216624,43.1288076216624,100.0
740,1,29.969208870131187,29.969208870131187,100.0
740,2,26.901983508206406,26.901983508206406,100.0
750,0,32.540714074069484,32.540714074069484,100.0
750,1,43.66103810881421,43.66103810881421,100.0
750,2,23.79824781711631,23.79824781711631,100.0
760,0,42.68731319101996,42.68731319101996,100.0
760,1,29.21979148542315,29.21979148542315,100.0
760,2,28.092895323556892,28.092895323556892,100.0
770,0,28.88452547536292,28.88452547536292,100.0
770,1,36.405286982373994,36.405286982373994,100.0
770,2,34.710187542263085,34.710187542263085,100.0
780,0,37.40845553014921,37.40845553014921,100.0
780,1,32.78444571770371,32.78444571770371,100.0
780,2,29.807098752147077,29.807098752147077,100.0
790,0,32.39583292623825,32.39583292623825,100.0
790,1,27.43352888957239,27.43352888957239,100.0
790,2,40.17063818418936,40.17063818418936,100.0
800,0,28.81768472876737,28.81768472876737,100.0
800,1,46.792382528068785,46.792382528068785,100.0
800,2,24.38993274316384,24.38993274316384,100.0
810,0,27.574927722352164,27.574927722352164,100.0
810,1,30.466308053517093,30.466308053517093,100.0
810,2,41.958764224130746,41.958764224130746,100.0
820,0,49.63196736917137,49.63196736917137,100.0
820,1,30.46178204775253,30.46178204775253,100.0
820,2,19.906250583076098,19.906250583076098,100.0
830,0,40.31754248544475,40.31754248544475,100.0
830,1,31.484374602171545,31.484374602171545,100.0
830,2,28.198082912383715,28.198082912383715,100.0
840,0,22.151228440407543,22.151228440407543,100.0
840,1,30.350695187468148,30.350695187468148,100.0
840,2,47.49807637212431,47.49807637212431,100.0
850,0,24.766859478920356,24.766859478920356,100.0
850,1,51.64141026938145,51.64141026938145,100.0
850,2,23.591730251698195,23.591730251698195,100.0
860,0,36.07343362621906,36.07343362621906,100.0
860,1,31.579166301950302,31.579166301950302,100.0
860,2,32.34740007183065,32.34740007183065,100.0
870,0,29.83507066756618,29.83507066756618,100.0
870,1,28.404772646623787,28.404772646623787,100.0
870,2,41.76015668581003,41.76015668581003,100.0
880,0,38.49617951745308,38.49617951745308,100.0
880,1,34.293948474431296,34.293948474431296,100.0
880,2,27.209872008115628,27.209872008115628,100.0
890,0,28.069776122389158,28.069776122389158,100.0
890,1,31.258268605399653,31.258268605399653,100.0
890,2,40.67195527221119,40.67195527221119,100.0
900,0,29.20272334785855,29.20272334785855,100.0
900,1,27.71928255833693,27.71928255833693,100.0
900,2,43.07799409380453,43.07799409380453,100.0
910,0,51.34088284171126,51.34088284171126,100.0
910,1,28.56274929133026,28.56274929133026,100.0
910,2,20.09636786695848,20.09636786695848,100.0
920,0,36.6500344039004,36.6500344039004,100.0
920,1,24.185986798472314,24.185986798472314,100.0
920,2,39.16397879762729,39.16397879762729,100.0
930,0,22.970659930226134,22.970659930226134,100.0
930,1,54.64593147707819,54.64593147707819,100.0
930,2,22.38340859269567,22.38340859269567,100.0
940,0,34.627443599862175,34.627443599862175,100.0
940,1,45.399435349390224,45.399435349390224,100.0
940,2,19.973121050747594,19.973121050747594,100.0
950,0,33.444636008770765,33.444636008770765,100.0
950,1,38.13185233592461,38.13185233592461,100.0
950,2,28.423511655304623,28.423511655304623,100.0
960,0,36.87675307697534,36.87675307697534,100.0
960,1,34.70467349368806,34.70467349368806,100.0
960,2,28.418573429336607,28.418573429336607,100.0
970,0,23.9219796302476,23.9219796302476,100.0
970,1,28.25070845582906,28.25070845582906,100.0
970,2,47.827311913923346,47.827311913923346,100.0
980,0,30.61468598064709,30.61468598064709,100.0
980,1,27.674056556959048,27.674056556959048,100.0
980,2,41.71125746239386,41.71125746239386,100.0
990,0,30.2997990055465,30.2997990055465,100.0
990,1,32.18396706021892,32.18396706021892,100.0
990,2,37.51623393423458,37.51623393423458,100.0
1000,0,36.292671300214316,36.292671300214316,100.0
1000,1,31.718081960532007,31.718081960532007,100.0
1000,2,31.98924673925369,31.98924673925369,100.0
1010,0,28.9685438290183,28.9685438290183,100.0
1010,1,27.381269134047837,27.381269134047837,100.0
1010,2,43.650187036933865,43.650187036933865,100.0
1020,0,28.72619132533941,28.72619132533941,100.0
1020,1,41.140405620019735,41.140405620019735,100.0
1020,2,30.13340305464085,30.13340305464085,100.0
1030,0,23.678812389512842,23.678812389512842,100.0
1030,1,53.01181060323004,53.01181060323004,100.0
1030,2,23.30937700725712,23.30937700725712,100.0
1040,0,24.95395730959926,24.95395730959926,100.0
1040,1,26.414683382998504,26.414683382998504,100.0
1040,2,48.631359307402235,48.631359307402235,100.0
1050,0,31.285752038506054,31.285752038506054,100.0
1050,1,32.931790110661524,32.931790110661524,100.0
1050,2,35.78245785083243,35.78245785083243,100.0
1060,0,24.861473308073368,24.861473308073368,100.0
1060,1,40.65657509908821,40.65657509908821,100.0
1060,2,34.48195159283841,34.48195159283841,100.0
1070,0,28.52503718073104,28.52503718073104,100.0
1070,1,33.23846360020679,33.23846360020679,100.0
1070,2,38.236499219062175,38.236499219062175,100.0
1080,0,44.37367623489147,44.37367623489147,100.0
1080,1,29.298363179162752,29.298363179162752,100.0
1080,2,26.32796058594578,26.32796058594578,100.0
1090,0,21.991772653622427,21.991772653622427,100.0
1090,1,35.83331990806341,35.83331990806341,100.0
1090,2,42.17490743831417,42.17490743831417,100.0
1100,0,32.60975895877552,32.60975895877552,100.0
1100,1,38.988691468322436,38.988691468322436,100.0
1100,2,28.40154957290204,28.40154957290204,100.0
1110,0,26.263320534185546,26.263320534185546,100.0
1110,1,26.198806890721166,26.198806890721166,100.0
1110,2,47.53787257509329,47.53787257509329,100.0
1120,0,22.554970864697374,22.554970864697374,100.0
1120,1,40.242911567054705,40.242911567054705,100.0
1120,2,37.202117568247914,37.202117568247914,100.0
1130,0,23.42623008786259,23.42623008786259,100.0
1130,1,50.87459175109187,50.87459175109187,100.0
1130,2,25.699178161045538,25.699178161045538,100.0
1140,0,34.98605760145917,34.98605760145917,100.0
1140,1,33.34659201406661,33.34659201406661,100.0
1140,2,31.66735038447421,31.66735038447421,100.0
1150,0,24.972831647174317,24.972831647174317,100.0
1150,1,25.70667583860366,25.70667583860366,100.0
1150,2,49.32049251422203,49.32049251422203,100.0
1160,0,36.61249435928376,36.61249435928376,100.0
1160,1,31.278043743949453,31.278043743949453,100.0
1160,2,32.109461896766796,32.109461896766796,100.0
1170,0,27.603856725379174,27.603856725379174,100.0
1170,1,30.036482152125433,30.036482152125433,100.0
1170,2,42.359661122495396,42.359661122495396,100.0
1180,0,29.38667303980741,29.38667303980741,100.0
1180,1,39.91746783937826,39.91746783937826,100.0
1180,2,30.695859120814323,30.695859120814323,100.0
1190,0,40.48453037155742,40.48453037155742,100.0
1190,1,37.19501308319151,37.19501308319151,100.0
1190,2,22.32045654525107,22.32045654525107,100.0
1200,0,42.222556409103284,42.222556409103284,100.0
1200,1,26.595646309366018,26.595646309366018,100.0
1200,2,31.1817972815307,31.1817972815307,100.0
1210,0,32.08939036748462,32.08939036748462,100.0
1210,1,29.55244935114444,29.55244935114444,100.0
1210,2,38.35816028137096,38.35816028137096,100.0
1220,0,37.80033989184097,37.80033989184097,100.0
1220,1,32.121702833956384,32.121702833956384,100.0
1220,2,30.07795727420265,30.07795727420265,100.0
1230,0,41.8200707708171,41.8200707708171,100.0
1230,1,26.62752443511997,26.62752443511997,100.0
1230,2,31.552404794062937,31.552404794062937,100.0
1240,0,32.10618588346817,32.10618588346817,100.0
1240,1,28.360828136796417,28.360828136796417,100.0
1240,2,39.532985979735415,39.532985979735415,100.0
1250,0,33.13720257420325,33.13720257420325,100.0
1250,1,41.20442927138567,41.20442927138567,100.0
1250,2,25.658368154411082,25.658368154411082,100.0
1260,0,36.59576468138056,36.59576468138056,100.0
1260,1,31.90966174168649,31.90966174168649,100.0
1260,2,31.49457357693295,31.49457357693295,100.0
1270,0,25.126828789114597,25.126828789114597,100.0
1270,1,28.80216825049588,28.80216825049588,100.0
1270,2,46.07100296038953,46.07100296038953,100.0
1280,0,34.99139929878951,34.99139929878951,100.0
1280,1,32.77363065571329,32.77363065571329,100.0
1280,2,32.2349700454972,32.2349700454972,100.0
1290,0,49.554971594492,49.554971594492,100.0
1290,1,31.719249316028296,31.719249316028296,100.0
1290,2,18.725779089479698,18.725779089479698,100.0
1300,0,31.782896469896865,31.782896469896865,100.0
1300,1,35.218791817744744,35.218791817744744,100.0
1300,2,32.99831171235839,32.99831171235839,100.0
1310,0,34.47174771777941,34.47174771777941,100.0
1310,1,40.71794390241511,40.71794390241511,100.0
1310,2,24.810308379805484,24.810308379805484,100.0
1320,0,38.338396713238296,38.338396713238296,100.0
1320,1,42.118323513640455,42.118323513640455,100.0
1320,2,19.54327977312125,19.54327977312125,100.0
1330,0,46.554052641570365,46.554052641570365,100.0
1330,1,24.6394763348138,24.6394763348138,100.0
1330,2,28.806471023615842,28.806471023615842,100.0
1340,0,26.495155242908368,26.495155242908368,100.0
1340,1,39.36610798030258,39.36610798030258,100.0
1340,2,34.138736776789045,34.138736776789045,100.0
1350,0,47.87154685936185,47.87154685936185,100.0
1350,1,27.49271526033883,27.49271526033883,100.0
1350,2,24.63573788029933,24.63573788029933,100.0
1360,0,41.18963812663643,41.18963812663643,100.0
1360,1,34.49014411259523,34.49014411259523,100.0
1360,2,24.320217760768344,24.320217760768344,100.0
1370,0,24.107749305855446,24.107749305855446,100.0
1370,1,40.8404571935681,40.8404571935681,100.0
1370,2,35.05179350057646,35.05179350057646,100.0
1380,0,29.874594410598256,29.874594410598256,100.0
1380,1,33.235499684223875,33.235499684223875,100.0
1380,2,36.88990590517788,36.88990590517788,100.0
1390,0,31.121660397756727,31.121660397756727,100.0
1390,1,40.57571446673269,40.57571446673269,100.0
1390,2,28.302625135510578,28.302625135510578,100.0
1400,0,50.07856951705612,50.07856951705612,100.0
1400,1,26.41672813111045,26.41672813111045,100.0
1400,2,23.504702351833433,23.504702351833433,100.0
1410,0,22.43694454031471,22.43694454031471,100.0
1410,1,41.66824286772238,41.66824286772238,100.0
1410,2,35.89481259196291,35.89481259196291,100.0
1420,0,25.357833378927236,25.357833378927236,100.0
1420,1,51.405050375030456,51.405050375030456,100.0
1420,2,23.237116246042312,23.237116246042312,100.0
1430,0,43.274572723806784,43.274572723806784,100.0
1430,1,31.60209653294379,31.60209653294379,100.0
1430,2,25.12333074324943,25.12333074324943,100.0
1440,0,43.456840402101584,43.456840402101584,100.0
1440,1,31.71541090588745,31.71541090588745,100.0
1440,2,24.82774869201097,24.82774869201097,100.0
1450,0,33.41055620387428,33.41055620387428,100.0
1450,1,30.888631771414193,30.888631771414193,100.0
1450,2,35.70081202471154,35.70081202471154,100.0
1460,0,35.35444991099283,35.35444991099283,100.0
1460,1,33.73508117996743,33.73508117996743,100.0
1460,2,30.910468909039746,30.910468909039746,100.0
1470,0,29.194088859012528,29.194088859012528,100.0
1470,1,45.11466445161342,45.11466445161342,100.0
1470,2,25.691246689374047,25.691246689374047,100.0
1480,0,39.19782867953893,39.19782867953893,100.0
1480,1,36.563499294661305,36.563499294661305,100.0
1480,2,24.238672025799772,24.238672025799772,100.0
1490,0,29.230886876465217,29.230886876465217,100.0
1490,1,29.25336148969333,29.25336148969333,100.0
1490,2,41.51575163384146,41.51575163384146,100.0
1500,0,30.152228917219702,30.152228917219702,100.0
1500,1,40.94756826475757,40.94756826475757,100.0
1500,2,28.900202818022724,28.900202818022724,100.0
