timestamp,ueImsi,sliceId,dTxBytes,dRxBytes,plr,resourceSharePct,dLostPackets,throughputMbps,bufferBytes
560,1,0,24448,1528,93.75,30.67,15,1.2224,136191
560,2,0,24448,1528,93.75,30.67,15,1.2224,136283
560,3,0,24448,1528,93.75,30.67,15,1.2224,136182
560,4,0,24448,1528,93.75,30.67,15,1.2224,136109
560,5,0,24448,1528,93.75,30.67,15,1.2224,136188
560,6,1,390,312,20.00,37.47,1,0.2496,169
560,7,1,390,312,20.00,37.47,1,0.2496,169
560,8,1,390,312,20.00,37.47,1,0.2496,169
560,9,1,390,312,20.00,37.47,1,0.2496,169
560,10,1,390,312,20.00,37.47,1,0.2496,169
560,11,2,16000,896,94.40,31.86,118,0.7168,89998
560,12,2,16000,896,94.40,31.86,118,0.7168,89998
560,13,2,16000,896,94.40,31.86,118,0.7168,89989
560,14,2,16000,896,94.40,31.86,118,0.7168,89990
560,15,2,16000,896,94.40,31.86,118,0.7168,89970
560,16,2,16000,1024,93.60,31.86,117,0.8192,89962
560,17,2,16000,896,94.40,31.86,118,0.7168,89816
560,18,2,16000,1024,93.60,31.86,117,0.8192,89964
560,19,2,16000,896,94.40,31.86,118,0.7168,89965
560,20,2,16000,896,94.40,31.86,118,0.7168,89966
