timestamp,sliceId,dedicatedPRB,minPRB,maxPRB
510,0,38.58103784688092,38.58103784688092,100.0
510,1,36.409095533462335,36.409095533462335,100.0
510,2,25.00986661965675,25.00986661965675,100.0
520,0,21.961724725389182,21.961724725389182,100.0
520,1,32.29007261037685,32.29007261037685,100.0
520,2,45.748202664233965,45.748202664233965,100.0
530,0,20.677430361623255,20.677430361623255,100.0
530,1,45.58682114276921,45.58682114276921,100.0
530,2,33.73574849560753,33.73574849560753,100.0
540,0,55.07787548241932,55.07787548241932,100.0
540,1,26.024309061540567,26.024309061540567,100.0
540,2,18.897815456040117,18.897815456040117,100.0
550,0,32.97995299056796,32.97995299056796,100.0
550,1,49.08613974060246,49.08613974060246,100.0
550,2,17.933907268829568,17.933907268829568,100.0
560,0,54.010455459605666,54.010455459605666,100.0
560,1,26.33855572572473,26.33855572572473,100.0
560,2,19.650988814669592,19.650988814669592,100.0
570,0,51.99565429787919,51.99565429787919,100.0
570,1,26.031793916215385,26.031793916215385,100.0
570,2,21.97255178590543,21.97255178590543,100.0
580,0,52.56022930457267,52.56022930457267,100.0
580,1,25.8012150833302,25.8012150833302,100.0
580,2,21.638555612097125,21.638555612097125,100.0
590,0,46.961371441285294,46.961371441285294,100.0
590,1,27.68865662390642,27.68865662390642,100.0
590,2,25.34997193480828,25.34997193480828,100.0
600,0,54.04142021517557,54.04142021517557,100.0
600,1,26.480708391111907,26.480708391111907,100.0
600,2,19.47787139371252,19.47787139371252,100.0
610,0,45.02815550999591,45.02815550999591,100.0
610,1,33.78066155211671,33.78066155211671,100.0
610,2,21.19118293788737,21.19118293788737,100.0
620,0,50.49637416431023,50.49637416431023,100.0
620,1,29.850091082451826,29.850091082451826,100.0
620,2,19.65353475323795,19.65353475323795,100.0
630,0,46.8445960729693,46.8445960729693,100.0
630,1,30.15911386924864,30.15911386924864,100.0
630,2,22.996290057782065,22.996290057782065,100.0
640,0,45.64921687489644,45.64921687489644,100.0
640,1,34.43761785113939,34.43761785113939,100.0
640,2,19.913165273964168,19.913165273964168,100.0
650,0,45.76950796444778,45.76950796444778,100.0
650,1,35.65879892957977,35.65879892957977,100.0
650,2,18.571693105972457,18.571693105972457,100.0
660,0,46.47610587310544,46.47610587310544,100.0
660,1,34.525290309184676,34.525290309184676,100.0
660,2,18.998603817709895,18.998603817709895,100.0
670,0,49.94289185667673,49.94289185667673,100.0
670,1,28.894968302820367,28.894968302820367,100.0
670,2,21.162139840502903,21.162139840502903,100.0
680,0,52.6702177143161,52.6702177143161,100.0
680,1,26.42178545667383,26.42178545667383,100.0
680,2,20.907996829010063,20.907996829010063,100.0
690,0,49.85173285364939,49.85173285364939,100.0
690,1,27.911385473022026,27.911385473022026,100.0
690,2,22.23688167332859,22.23688167332859,100.0
700,0,50.980445208673665,50.980445208673665,100.0
700,1,28.86359160555007,28.86359160555007,100.0
700,2,20.155963185776265,20.155963185776265,100.0
710,0,48.857685465857045,48.857685465857045,100.0
710,1,29.679640490537988,29.679640490537988,100.0
710,2,21.462674043604974,21.462674043604974,100.0
720,0,35.62065918822012,35.62065918822012,100.0
720,1,43.92353810574466,43.92353810574466,100.0
720,2,20.455802706035225,20.455802706035225,100.0
730,0,49.165425896372874,49.165425896372874,100.0
730,1,27.449635884377628,27.449635884377628,100.0
730,2,23.384938219249502,23.384938219249502,100.0
740,0,44.14310351050409,44.14310351050409,100.0
740,1,36.20591904468352,36.20591904468352,100.0
740,2,19.650977444812394,19.650977444812394,100.0
750,0,52.72478085786341,52.72478085786341,100.0
750,1,27.539165897257345,27.539165897257345,100.0
750,2,19.736053244879244,19.736053244879244,100.0
760,0,37.32206794602341,37.32206794602341,100.0
760,1,37.16219747214352,37.16219747214352,100.0
760,2,25.515734581833065,25.515734581833065,100.0
770,0,51.26609870602672,51.26609870602672,100.0
770,1,26.2262259453947,26.2262259453947,100.0
770,2,22.507675348578577,22.507675348578577,100.0
780,0,38.26056248537639,38.26056248537639,100.0
780,1,43.09603602521018,43.09603602521018,100.0
780,2,18.64340148941342,18.64340148941342,100.0
790,0,51.243252821185116,51.243252821185116,100.0
790,1,28.839073181509704,28.839073181509704,100.0
790,2,19.917673997305176,19.917673997305176,100.0
800,0,49.30552197738058,49.30552197738058,100.0
800,1,30.693787045221242,30.693787045221242,100.0
800,2,20.000690977398182,20.000690977398182,100.0
810,0,37.73442385993887,37.73442385993887,100.0
810,1,43.84361992551447,43.84361992551447,100.0
810,2,18.421956214546658,18.421956214546658,100.0
820,0,46.24111104805219,46.24111104805219,100.0
820,1,27.543348218364414,27.543348218364414,100.0
820,2,26.21554073358339,26.21554073358339,100.0
830,0,50.33637258167589,50.33637258167589,100.0
830,1,28.935878713885177,28.935878713885177,100.0
830,2,20.727748704438937,20.727748704438937,100.0
840,0,52.00866182687144,52.00866182687144,100.0
840,1,28.762322296289707,28.762322296289707,100.0
840,2,19.229015876838858,19.229015876838858,100.0
850,0,47.209075672372485,47.209075672372485,100.0
850,1,32.01390875317456,32.01390875317456,100.0
850,2,20.77701557445295,20.77701557445295,100.0
860,0,51.27168101673494,51.27168101673494,100.0
860,1,26.000522258893042,26.000522258893042,100.0
860,2,22.727796724372006,22.727796724372006,100.0
870,0,45.711523457893996,45.711523457893996,100.0
870,1,35.47113628382461,35.47113628382461,100.0
870,2,18.817340258281394,18.817340258281394,100.0
880,0,48.91622628953354,48.91622628953354,100.0
880,1,27.40351485644109,27.40351485644109,100.0
880,2,23.68025885402537,23.68025885402537,100.0
890,0,30.050875778454554,30.050875778454554,100.0
890,1,50.08842504756623,50.08842504756623,100.0
890,2,19.860699173979214,19.860699173979214,100.0
900,0,41.662493178941276,41.662493178941276,100.0
900,1,30.748582392079786,30.748582392079786,100.0
900,2,27.588924428978938,27.588924428978938,100.0
910,0,45.681232492241094,45.681232492241094,100.0
910,1,27.6822095182653,27.6822095182653,100.0
910,2,26.636557989493614,26.636557989493614,100.0
920,0,49.154161558652184,49.154161558652184,100.0
920,1,31.55077982675965,31.55077982675965,100.0
920,2,19.29505861458816,19.29505861458816,100.0
930,0,52.97634689674043,52.97634689674043,100.0
930,1,25.289220027681846,25.289220027681846,100.0
930,2,21.734433075577716,21.734433075577716,100.0
940,0,47.88852087853008,47.88852087853008,100.0
940,1,26.44846645084189,26.44846645084189,100.0
940,2,25.663012670628028,25.663012670628028,100.0
950,0,48.52423416675629,48.52423416675629,100.0
950,1,30.66448497344228,30.66448497344228,100.0
950,2,20.811280859801435,20.811280859801435,100.0
960,0,43.529273255618065,43.529273255618065,100.0
960,1,29.478482108456554,29.478482108456554,100.0
960,2,26.992244635925378,26.992244635925378,100.0
970,0,46.77836504909628,46.77836504909628,100.0
970,1,28.39334070570352,28.39334070570352,100.0
970,2,24.828294245200205,24.828294245200205,100.0
980,0,36.59587375214009,36.59587375214009,100.0
980,1,39.958219855626176,39.958219855626176,100.0
980,2,23.445906392233727,23.445906392233727,100.0
990,0,49.82825110736447,49.82825110736447,100.0
990,1,28.036648892545767,28.036648892545767,100.0
990,2,22.135100000089754,22.135100000089754,100.0
1000,0,52.39069008794639,52.39069008794639,100.0
1000,1,27.311556428936694,27.311556428936694,100.0
1000,2,20.297753483116914,20.297753483116914,100.0
1010,0,32.056359273062625,32.056359273062625,100.0
1010,1,40.3734951222253,40.3734951222253,100.0
1010,2,27.570145604712064,27.570145604712064,100.0
1020,0,51.041998934510026,51.041998934510026,100.0
1020,1,26.208091731259486,26.208091731259486,100.0
1020,2,22.7499093342305,22.7499093342305,100.0
1030,0,50.61992634617701,50.61992634617701,100.0
1030,1,27.310056083349593,27.310056083349593,100.0
1030,2,22.070017570473393,22.070017570473393,100.0
1040,0,40.623112010497486,40.623112010497486,100.0
1040,1,38.832921029873376,38.832921029873376,100.0
1040,2,20.54396695962914,20.54396695962914,100.0
1050,0,44.555458000355955,44.555458000355955,100.0
1050,1,36.42654767135425,36.42654767135425,100.0
1050,2,19.0179943282898,19.0179943282898,100.0
1060,0,41.62430377029332,41.62430377029332,100.0
1060,1,37.20314222145829,37.20314222145829,100.0
1060,2,21.17255400824839,21.17255400824839,100.0
1070,0,42.01540681915346,42.01540681915346,100.0
1070,1,30.972037971311572,30.972037971311572,100.0
1070,2,27.012555209534973,27.012555209534973,100.0
1080,0,48.99851374191195,48.99851374191195,100.0
1080,1,30.65759257073637,30.65759257073637,100.0
1080,2,20.343893687351684,20.343893687351684,100.0
1090,0,44.03383767270771,44.03383767270771,100.0
1090,1,28.348564242966273,28.348564242966273,100.0
1090,2,27.617598084326016,27.617598084326016,100.0
1100,0,51.16506074082234,51.16506074082234,100.0
1100,1,25.946827543001444,25.946827543001444,100.0
1100,2,22.88811171617622,22.88811171617622,100.0
1110,0,50.64266248165047,50.64266248165047,100.0
1110,1,28.07239767963315,28.07239767963315,100.0
1110,2,21.284939838716383,21.284939838716383,100.0
1120,0,37.66367203053401,37.66367203053401,100.0
1120,1,44.363707120458706,44.363707120458706,100.0
1120,2,17.97262084900728,17.97262084900728,100.0
1130,0,46.735040817883764,46.735040817883764,100.0
1130,1,29.230838924382674,29.230838924382674,100.0
1130,2,24.034120257733555,24.034120257733555,100.0
1140,0,49.45095445367239,49.45095445367239,100.0
1140,1,30.472352871370624,30.472352871370624,100.0
1140,2,20.076692674957,20.076692674957,100.0
1150,0,47.59503882026366,47.59503882026366,100.0
1150,1,26.616286392075207,26.616286392075207,100.0
1150,2,25.788674787661137,25.788674787661137,100.0
1160,0,35.542004169404464,35.542004169404464,100.0
1160,1,45.11208362297027,45.11208362297027,100.0
1160,2,19.34591220762527,19.34591220762527,100.0
1170,0,52.882373900389034,52.882373900389034,100.0
1170,1,26.274286449204176,26.274286449204176,100.0
1170,2,20.84333965040679,20.84333965040679,100.0
1180,0,46.38726053366277,46.38726053366277,100.0
1180,1,32.451159165243794,32.451159165243794,100.0
1180,2,21.161580301093437,21.161580301093437,100.0
1190,0,45.74512844723933,45.74512844723933,100.0
1190,1,32.64015489072472,32.64015489072472,100.0
1190,2,21.614716662035953,21.614716662035953,100.0
1200,0,52.030949893959324,52.030949893959324,100.0
1200,1,26.813844333972668,26.813844333972668,100.0
1200,2,21.155205772068005,21.155205772068005,100.0
1210,0,48.532140888427755,48.532140888427755,100.0
1210,1,31.465209401773254,31.465209401773254,100.0
1210,2,20.00264970979899,20.00264970979899,100.0
1220,0,42.671651303086676,42.671651303086676,100.0
1220,1,39.410770112808684,39.410770112808684,100.0
1220,2,17.91757858410465,17.91757858410465,100.0
1230,0,53.43229077836803,53.43229077836803,100.0
1230,1,26.82895712633008,26.82895712633008,100.0
1230,2,19.738752095301898,19.738752095301898,100.0
1240,0,51.52132441487688,51.52132441487688,100.0
1240,1,28.19533389796412,28.19533389796412,100.0
1240,2,20.283341687159005,20.283341687159005,100.0
1250,0,43.007062086955855,43.007062086955855,100.0
1250,1,34.47255636226477,34.47255636226477,100.0
1250,2,22.52038155077938,22.52038155077938,100.0
1260,0,42.451880061873865,42.451880061873865,100.0
1260,1,30.63556611482975,30.63556611482975,100.0
1260,2,26.91255382329639,26.91255382329639,100.0
1270,0,50.72672966228343,50.72672966228343,100.0
1270,1,28.310479208491664,28.310479208491664,100.0
1270,2,20.96279112922491,20.96279112922491,100.0
1280,0,48.24073804338486,48.24073804338486,100.0
1280,1,26.78507816833478,26.78507816833478,100.0
1280,2,24.974183788280364,24.974183788280364,100.0
1290,0,47.41922292079677,47.41922292079677,100.0
1290,1,25.45698964098642,25.45698964098642,100.0
1290,2,27.123787438216812,27.123787438216812,100.0
1300,0,44.76764622268888,44.76764622268888,100.0
1300,1,35.04097107950782,35.04097107950782,100.0
1300,2,20.191382697803288,20.191382697803288,100.0
1310,0,46.18108816082476,46.18108816082476,100.0
1310,1,35.403967064561655,35.403967064561655,100.0
1310,2,18.414944774613602,18.414944774613602,100.0
1320,0,39.456298832818526,39.456298832818526,100.0
1320,1,33.617201896394334,33.617201896394334,100.0
1320,2,26.92649927078714,26.92649927078714,100.0
1330,0,42.56793482176629,42.56793482176629,100.0
1330,1,32.25618995689527,32.25618995689527,100.0
1330,2,25.175875221338433,25.175875221338433,100.0
1340,0,52.512052464647184,52.512052464647184,100.0
1340,1,25.61820865975688,25.61820865975688,100.0
1340,2,21.869738875595935,21.869738875595935,100.0
1350,0,39.81974942865862,39.81974942865862,100.0
1350,1,38.481971295348586,38.481971295348586,100.0
1350,2,21.698279275992803,21.698279275992803,100.0
1360,0,47.145367304002846,47.145367304002846,100.0
1360,1,26.22028263912734,26.22028263912734,100.0
1360,2,26.634350056869817,26.634350056869817,100.0
1370,0,46.28121401400349,46.28121401400349,100.0
1370,1,25.500648433830193,25.500648433830193,100.0
1370,2,28.21813755216633,28.21813755216633,100.0
1380,0,45.64326074028661,45.64326074028661,100.0
1380,1,34.89230695821743,34.89230695821743,100.0
1380,2,19.464432301495954,19.464432301495954,100.0
1390,0,37.21977125164888,37.21977125164888,100.0
1390,1,41.59116313855634,41.59116313855634,100.0
1390,2,21.189065609794774,21.189065609794774,100.0
1400,0,47.239386506137464,47.239386506137464,100.0
1400,1,30.133558092713535,30.133558092713535,100.0
1400,2,22.627055401149004,22.627055401149004,100.0
1410,0,44.90384709478018,44.90384709478018,100.0
1410,1,33.382174666328,33.382174666328,100.0
1410,2,21.713978238891823,21.713978238891823,100.0
1420,0,34.491156130821466,34.491156130821466,100.0
1420,1,38.49661534480624,38.49661534480624,100.0
1420,2,27.012228524372293,27.012228524372293,100.0
1430,0,38.01781823775857,38.01781823775857,100.0
1430,1,34.6879497118733,34.6879497118733,100.0
1430,2,27.294232050368123,27.294232050368123,100.0
1440,0,45.23247851275956,45.23247851275956,100.0
1440,1,34.119599077743786,34.119599077743786,100.0
1440,2,20.64792240949665,20.64792240949665,100.0
