timestamp,ueImsi,sliceId,dTxBytes,dRxBytes,plr,resourceSharePct,dLostPackets,throughputMbps,bufferBytes,dlBufferBytes,ulBufferBytes,macBufferBytes,congestionPct,lastDrlActionStatus
10600,1,0,128736,0,100.00,41.66,112,0.0000,1196387,83812,1196387,1280199,12.21,applied
10600,2,0,128736,61400,55.36,41.66,62,4.9120,1200005,82697,1200005,1282702,12.23,applied
10600,3,0,128736,128940,6.25,41.66,7,10.3152,1200005,82765,1200005,1282770,12.23,applied
10600,4,0,128736,0,100.00,41.66,112,0.0000,34,84268,34,84302,0.80,applied
10600,5,0,128736,0,100.00,41.66,112,0.0000,5451,82765,5451,88216,0.84,applied
10600,6,1,0,0,0.00,20.00,0,0.0000,34,0,34,34,0.00,applied
10600,7,1,0,0,0.00,20.00,0,0.0000,34,0,34,34,0.00,applied
10600,8,1,0,0,0.00,20.00,0,0.0000,34,0,34,34,0.00,applied
10600,9,1,0,0,0.00,20.00,0,0.0000,34,0,34,34,0.00,applied
10600,10,1,0,0,0.00,20.00,0,0.0000,34,0,34,34,0.00,applied
10600,11,1,0,0,0.00,20.00,0,0.0000,34,0,34,34,0.00,applied
10600,12,1,0,0,0.00,20.00,0,0.0000,34,0,34,34,0.00,applied
10600,13,1,0,0,0.00,20.00,0,0.0000,147,0,147,147,0.00,applied
10600,14,2,63772,940,89.80,38.33,44,0.0752,5241237,5241237,51,5241288,49.98,applied
10600,15,2,63772,0,100.00,38.33,49,0.0000,5241310,5241310,51,5241361,49.99,applied
10600,16,2,63772,940,89.80,38.33,44,0.0752,5241237,5241237,51,5241288,49.98,applied
10600,17,2,63772,0,100.00,38.33,49,0.0000,5243323,5243323,51,5243374,50.00,applied
10600,18,2,63772,0,100.00,38.33,49,0.0000,5241310,5241310,51,5241361,49.99,applied
