timestamp,ueImsi,sliceId,dTxBytes,dRxBytes,plr,resourceSharePct,dLostPackets,throughputMbps,bufferBytes
870,1,0,25976,1528,94.12,26.11,16,1.2224,855990
870,2,0,25976,1528,94.12,26.11,16,1.2224,855972
870,3,0,25976,1528,94.12,26.11,16,1.2224,855861
870,4,0,25976,1528,94.12,26.11,16,1.2224,855876
870,5,0,25976,1528,94.12,26.11,16,1.2224,855991
870,6,1,390,468,0.00,44.51,0,0.3744,87
870,7,1,390,468,0.00,44.51,0,0.3744,87
870,8,1,390,468,0.00,44.51,0,0.3744,87
870,9,1,390,468,0.00,44.51,0,0.3744,87
870,10,1,390,468,0.00,44.51,0,0.3744,87
870,11,2,16000,768,95.20,29.37,119,0.6144,568888
870,12,2,16000,768,95.20,29.37,119,0.6144,568984
870,13,2,16000,768,95.20,29.37,119,0.6144,568894
870,14,2,16000,768,95.20,29.37,119,0.6144,568872
870,15,2,16000,896,94.40,29.37,118,0.7168,568962
870,16,2,16000,896,94.40,29.37,118,0.7168,568962
870,17,2,16000,896,94.40,29.37,118,0.7168,568916
870,18,2,16000,896,94.40,29.37,118,0.7168,568940
870,19,2,16000,1024,93.60,29.37,117,0.8192,568943
870,20,2,16000,896,94.40,29.37,118,0.7168,568917
