timestamp,ueImsi,sliceId,dTxBytes,dRxBytes,plr,resourceSharePct,dLostPackets,throughputMbps,bufferBytes
1460,1,0,24448,3056,87.50,22.66,14,2.4448,2194004
1460,2,0,24448,3056,87.50,22.66,14,2.4448,2193988
1460,3,0,24448,3056,87.50,22.66,14,2.4448,2193863
1460,4,0,24448,1528,93.75,22.66,15,1.2224,2193865
1460,5,0,24448,1528,93.75,22.66,15,1.2224,2193793
1460,6,1,390,390,0.00,36.00,0,0.3120,87
1460,7,1,390,390,0.00,36.00,0,0.3120,87
1460,8,1,390,390,0.00,36.00,0,0.3120,87
1460,9,1,390,390,0.00,36.00,0,0.3120,87
1460,10,1,390,390,0.00,36.00,0,0.3120,87
1460,11,2,16000,2432,84.80,41.34,106,1.9456,1343462
1460,12,2,16000,2432,84.80,41.34,106,1.9456,1343438
1460,13,2,16000,2560,84.00,41.34,105,2.0480,1343388
1460,14,2,16000,2432,84.80,41.34,106,1.9456,1343284
1460,15,2,16000,2432,84.80,41.34,106,1.9456,1343357
1460,16,2,16000,2560,84.00,41.34,105,2.0480,1343420
1460,17,2,16000,2432,84.80,41.34,106,1.9456,1343249
1460,18,2,16000,2560,84.00,41.34,105,2.0480,1343406
1460,19,2,16000,2432,84.80,41.34,106,1.9456,1343270
1460,20,2,16000,2432,84.80,41.34,106,1.9456,1343279
