timestamp_ms,ue_id,slice,thr_mbps,tx_bytes_delta,rx_bytes_delta,tx_packets_delta,rx_packets_delta,loss_pct_interval,buffer_bytes,dropped_packets_delta,rsh_configured_pct
510,1,eMBB,4.8896,16808,6112,11,4,0.00,1537,0,33.33
510,2,eMBB,0.0000,16808,0,11,0,0.00,1537,0,33.33
510,3,eMBB,0.0000,16808,0,11,0,0.00,1537,0,33.33
510,4,eMBB,4.8896,16808,6112,11,4,0.00,1537,0,33.33
510,5,eMBB,0.0000,16808,0,11,0,0.00,1537,0,33.33
510,6,URLLC,0.0624,312,78,4,1,0.00,87,0,40.00
510,7,URLLC,0.0624,312,78,4,1,0.00,87,0,40.00
510,8,URLLC,0.0624,312,78,4,1,0.00,87,0,40.00
510,9,URLLC,0.0624,312,78,4,1,0.00,87,0,40.00
510,10,URLLC,0.0000,312,0,4,0,0.00,87,0,40.00
510,11,MTC,0.0000,256,0,2,0,0.00,0,0,26.67
510,12,MTC,0.0000,256,0,2,0,0.00,0,0,26.67
510,13,MTC,0.0000,256,0,2,0,0.00,0,0,26.67
510,14,MTC,0.0000,256,0,2,0,0.00,0,0,26.67
510,15,MTC,0.0000,256,0,2,0,0.00,0,0,26.67
510,16,MTC,0.0000,256,0,2,0,0.00,0,0,26.67
510,17,MTC,0.0000,256,0,2,0,0.00,0,0,26.67
510,18,MTC,0.0000,256,0,2,0,0.00,0,0,26.67
510,19,MTC,0.0000,256,0,2,0,0.00,0,0,26.67
510,20,MTC,0.0000,256,0,2,0,0.00,0,0,26.67
520,1,eMBB,0.0000,18336,0,12,0,0.00,1537,0,24.34
520,2,eMBB,0.0000,18336,0,12,0,0.00,1537,0,24.34
520,3,eMBB,0.0000,18336,0,12,0,0.00,1537,0,24.34
520,4,eMBB,0.0000,18336,0,12,0,0.00,1537,0,24.34
520,5,eMBB,0.0000,18336,0,12,0,0.00,1537,0,24.34
520,6,URLLC,0.0000,390,0,5,0,0.00,87,0,31.13
520,7,URLLC,0.0000,390,0,5,0,0.00,87,0,31.13
520,8,URLLC,0.0000,390,0,5,0,0.00,87,0,31.13
520,9,URLLC,0.0000,390,0,5,0,0.00,87,0,31.13
520,10,URLLC,0.0000,390,0,5,0,0.00,87,0,31.13
520,11,MTC,0.0000,256,0,2,0,0.00,0,0,44.53
520,12,MTC,0.0000,256,0,2,0,0.00,0,0,44.53
520,13,MTC,0.0000,256,0,2,0,0.00,0,0,44.53
520,14,MTC,0.0000,256,0,2,0,0.00,0,0,44.53
520,15,MTC,0.0000,256,0,2,0,0.00,0,0,44.53
520,16,MTC,0.0000,256,0,2,0,0.00,0,0,44.53
520,17,MTC,0.0000,256,0,2,0,0.00,0,0,44.53
520,18,MTC,0.0000,256,0,2,0,0.00,0,0,44.53
520,19,MTC,0.0000,256,0,2,0,0.00,0,0,44.53
520,20,MTC,0.0000,256,0,2,0,0.00,0,0,44.53
530,1,eMBB,0.0000,16808,0,11,0,0.00,1537,0,24.19
530,2,eMBB,0.0000,16808,0,11,0,0.00,1537,0,24.19
530,3,eMBB,0.0000,16808,0,11,0,0.00,1537,0,24.19
530,4,eMBB,0.0000,16808,0,11,0,0.00,1537,0,24.19
530,5,eMBB,4.8896,16808,6112,11,4,0.00,1537,0,24.19
530,6,URLLC,0.0000,390,0,5,0,0.00,87,0,40.65
530,7,URLLC,0.0000,390,0,5,0,0.00,87,0,40.65
530,8,URLLC,0.0000,390,0,5,0,0.00,87,0,40.65
530,9,URLLC,0.0000,390,0,5,0,0.00,87,0,40.65
530,10,URLLC,0.0000,390,0,5,0,0.00,87,0,40.65
530,11,MTC,0.0000,384,0,3,0,0.00,0,0,35.17
530,12,MTC,0.0000,384,0,3,0,0.00,0,0,35.17
530,13,MTC,0.0000,384,0,3,0,0.00,0,0,35.17
530,14,MTC,0.0000,384,0,3,0,0.00,0,0,35.17
530,15,MTC,0.0000,384,0,3,0,0.00,0,0,35.17
530,16,MTC,0.0000,384,0,3,0,0.00,0,0,35.17
530,17,MTC,0.0000,384,0,3,0,0.00,0,0,35.17
530,18,MTC,0.0000,384,0,3,0,0.00,0,0,35.17
530,19,MTC,0.0000,384,0,3,0,0.00,0,0,35.17
530,20,MTC,0.0000,384,0,3,0,0.00,0,0,35.17
540,1,eMBB,2.4448,18336,3056,12,2,0.00,53195,0,36.53
540,2,eMBB,0.0000,18336,0,12,0,0.00,54432,0,36.53
540,3,eMBB,0.0000,18336,0,12,0,0.00,54432,0,36.53
540,4,eMBB,1.2224,18336,1528,12,1,0.00,54350,0,36.53
540,5,eMBB,0.0000,18336,0,12,0,0.00,54393,0,36.53
540,6,URLLC,0.9984,390,1248,5,16,0.00,1317,0,39.49
540,7,URLLC,0.9984,390,1248,5,16,0.00,1317,0,39.49
540,8,URLLC,0.9984,390,1248,5,16,0.00,1317,0,39.49
540,9,URLLC,0.9984,390,1248,5,16,0.00,1317,0,39.49
540,10,URLLC,0.0000,390,0,5,0,0.00,515,0,39.49
540,11,MTC,0.3072,256,384,2,3,0.00,838,0,23.97
540,12,MTC,0.3072,256,384,2,3,0.00,838,0,23.97
540,13,MTC,0.0000,256,0,2,0,0.00,838,0,23.97
540,14,MTC,0.0000,256,0,2,0,0.00,838,0,23.97
540,15,MTC,0.0000,256,0,2,0,0.00,838,0,23.97
540,16,MTC,0.1024,256,128,2,1,0.00,838,0,23.97
540,17,MTC,0.0000,256,0,2,0,0.00,799,0,23.97
540,18,MTC,0.0000,256,0,2,0,0.00,799,0,23.97
540,19,MTC,0.3072,256,384,2,3,0.00,799,0,23.97
540,20,MTC,0.3072,256,384,2,3,0.00,799,0,23.97
550,1,eMBB,0.0000,18336,0,12,0,0.00,53195,0,32.09
550,2,eMBB,0.0000,18336,0,12,0,0.00,54432,0,32.09
550,3,eMBB,0.0000,18336,0,12,0,0.00,54432,0,32.09
550,4,eMBB,0.0000,18336,0,12,0,0.00,54350,0,32.09
550,5,eMBB,0.0000,18336,0,12,0,0.00,54393,0,32.09
550,6,URLLC,0.0000,390,0,5,0,0.00,1317,0,27.30
550,7,URLLC,0.0000,390,0,5,0,0.00,1317,0,27.30
550,8,URLLC,0.0000,390,0,5,0,0.00,1317,0,27.30
550,9,URLLC,0.0000,390,0,5,0,0.00,1317,0,27.30
550,10,URLLC,0.0000,390,0,5,0,0.00,515,0,27.30
550,11,MTC,0.0000,384,0,3,0,0.00,838,0,40.61
550,12,MTC,0.0000,384,0,3,0,0.00,838,0,40.61
550,13,MTC,0.1024,384,128,3,1,0.00,838,0,40.61
550,14,MTC,0.3072,384,384,3,3,0.00,838,0,40.61
550,15,MTC,0.0000,384,0,3,0,0.00,838,0,40.61
550,16,MTC,0.0000,384,0,3,0,0.00,838,0,40.61
550,17,MTC,0.0000,384,0,3,0,0.00,799,0,40.61
550,18,MTC,0.2048,384,256,3,2,0.00,799,0,40.61
550,19,MTC,0.0000,384,0,3,0,0.00,799,0,40.61
550,20,MTC,0.0000,384,0,3,0,0.00,799,0,40.61
560,1,eMBB,0.0000,16808,0,11,0,0.00,53195,0,35.09
560,2,eMBB,0.0000,16808,0,11,0,0.00,54432,0,35.09
560,3,eMBB,0.0000,16808,0,11,0,0.00,54432,0,35.09
560,4,eMBB,0.0000,16808,0,11,0,0.00,54350,0,35.09
560,5,eMBB,0.0000,16808,0,11,0,0.00,54393,0,35.09
560,6,URLLC,0.0000,390,0,5,0,0.00,1317,0,43.77
560,7,URLLC,0.0000,390,0,5,0,0.00,1317,0,43.77
560,8,URLLC,0.0000,390,0,5,0,0.00,1317,0,43.77
560,9,URLLC,0.0000,390,0,5,0,0.00,1317,0,43.77
560,10,URLLC,0.0000,390,0,5,0,0.00,515,0,43.77
560,11,MTC,0.0000,256,0,2,0,0.00,838,0,21.14
560,12,MTC,0.0000,256,0,2,0,0.00,838,0,21.14
560,13,MTC,0.2048,256,256,2,2,0.00,838,0,21.14
560,14,MTC,0.0000,256,0,2,0,0.00,838,0,21.14
560,15,MTC,0.0000,256,0,2,0,0.00,838,0,21.14
560,16,MTC,0.0000,256,0,2,0,0.00,838,0,21.14
560,17,MTC,0.0000,256,0,2,0,0.00,799,0,21.14
560,18,MTC,0.1024,256,128,2,1,0.00,799,0,21.14
560,19,MTC,0.0000,256,0,2,0,0.00,799,0,21.14
560,20,MTC,0.0000,256,0,2,0,0.00,799,0,21.14
570,1,eMBB,0.0000,18336,0,12,0,0.00,110470,0,25.67
570,2,eMBB,0.0000,18336,0,12,0,0.00,113293,0,25.67
570,3,eMBB,0.0000,18336,0,12,0,0.00,108697,0,25.67
570,4,eMBB,0.0000,18336,0,12,0,0.00,113060,0,25.67
570,5,eMBB,0.0000,18336,0,12,0,0.00,113247,0,25.67
570,6,URLLC,0.8112,390,1014,5,13,0.00,269,0,39.12
570,7,URLLC,0.8112,390,1014,5,13,0.00,276,0,39.12
570,8,URLLC,0.8112,390,1014,5,13,0.00,269,0,39.12
570,9,URLLC,0.8112,390,1014,5,13,0.00,277,0,39.12
570,10,URLLC,0.0000,390,0,5,0,0.00,1132,0,39.12
570,11,MTC,0.3072,384,384,3,3,0.00,1333,0,35.21
570,12,MTC,0.3072,384,384,3,3,0.00,1334,0,35.21
570,13,MTC,0.0000,384,0,3,0,0.00,1820,0,35.21
570,14,MTC,0.0000,384,0,3,0,0.00,1784,0,35.21
570,15,MTC,0.0000,384,0,3,0,0.00,1568,0,35.21
570,16,MTC,0.0000,384,0,3,0,0.00,1694,0,35.21
570,17,MTC,0.0000,384,0,3,0,0.00,1651,0,35.21
570,18,MTC,0.0000,384,0,3,0,0.00,1689,0,35.21
570,19,MTC,0.4096,384,512,3,4,0.00,1302,0,35.21
570,20,MTC,0.4096,384,512,3,4,0.00,1294,0,35.21
580,1,eMBB,15.8912,18336,19864,12,13,0.00,111338,0,46.35
580,2,eMBB,0.0000,18336,0,12,0,0.00,126064,0,46.35
580,3,eMBB,0.0000,18336,0,12,0,0.00,126739,0,46.35
580,4,eMBB,7.3344,18336,9168,12,6,0.00,121380,0,46.35
580,5,eMBB,0.0000,18336,0,12,0,0.00,126609,0,46.35
580,6,URLLC,0.4992,390,624,5,8,0.00,87,0,29.06
580,7,URLLC,0.4992,390,624,5,8,0.00,87,0,29.06
580,8,URLLC,0.4992,390,624,5,8,0.00,87,0,29.06
580,9,URLLC,0.4992,390,624,5,8,0.00,87,0,29.06
580,10,URLLC,0.0000,390,0,5,0,0.00,1029,0,29.06
580,11,MTC,1.3312,256,1664,2,13,0.00,47,0,24.58
580,12,MTC,1.3312,256,1664,2,13,0.00,39,0,24.58
580,13,MTC,0.1024,256,128,2,1,0.00,1832,0,24.58
580,14,MTC,0.2048,256,256,2,2,0.00,1695,0,24.58
580,15,MTC,0.0000,256,0,2,0,0.00,1168,0,24.58
580,16,MTC,0.0000,256,0,2,0,0.00,1417,0,24.58
580,17,MTC,0.0000,256,0,2,0,0.00,1798,0,24.58
580,18,MTC,0.1024,256,128,2,1,0.00,1809,0,24.58
580,19,MTC,1.2288,256,1536,2,12,0.00,39,0,24.58
580,20,MTC,1.2288,256,1536,2,12,0.00,39,0,24.58
590,1,eMBB,6.1120,16808,7640,11,5,0.00,119150,0,53.66
590,2,eMBB,0.0000,16808,0,11,0,0.00,140527,0,53.66
590,3,eMBB,0.0000,16808,0,11,0,0.00,138394,0,53.66
590,4,eMBB,2.4448,16808,3056,11,2,0.00,136049,0,53.66
590,5,eMBB,0.0000,16808,0,11,0,0.00,138264,0,53.66
590,6,URLLC,0.3120,390,390,5,5,0.00,87,0,26.67
590,7,URLLC,0.3120,390,390,5,5,0.00,87,0,26.67
590,8,URLLC,0.3120,390,390,5,5,0.00,87,0,26.67
590,9,URLLC,0.3120,390,390,5,5,0.00,87,0,26.67
590,10,URLLC,0.0000,390,0,5,0,0.00,913,0,26.67
590,11,MTC,0.2048,384,256,3,2,0.00,47,0,19.68
590,12,MTC,0.2048,384,256,3,2,0.00,39,0,19.68
590,13,MTC,0.0000,384,0,3,0,0.00,1340,0,19.68
590,14,MTC,0.0000,384,0,3,0,0.00,1236,0,19.68
590,15,MTC,0.0000,384,0,3,0,0.00,1265,0,19.68
590,16,MTC,0.0000,384,0,3,0,0.00,1432,0,19.68
590,17,MTC,0.0000,384,0,3,0,0.00,1723,0,19.68
590,18,MTC,0.0000,384,0,3,0,0.00,1437,0,19.68
590,19,MTC,0.2048,384,256,3,2,0.00,39,0,19.68
590,20,MTC,0.2048,384,256,3,2,0.00,39,0,19.68
600,1,eMBB,44.0064,18336,55008,12,36,0.00,70823,0,41.36
600,2,eMBB,0.0000,18336,0,12,0,0.00,153827,0,41.36
600,3,eMBB,0.0000,18336,0,12,0,0.00,138394,0,41.36
600,4,eMBB,19.5584,18336,24448,12,16,0.00,125229,0,41.36
600,5,eMBB,0.0000,18336,0,12,0,0.00,162591,0,41.36
600,6,URLLC,0.3120,390,390,5,5,0.00,87,0,40.43
600,7,URLLC,0.3120,390,390,5,5,0.00,87,0,40.43
600,8,URLLC,0.3120,390,390,5,5,0.00,87,0,40.43
600,9,URLLC,0.3120,390,390,5,5,0.00,87,0,40.43
600,10,URLLC,0.0000,390,0,5,0,0.00,1287,0,40.43
600,11,MTC,0.3072,256,384,2,3,0.00,33,0,18.21
600,12,MTC,0.3072,256,384,2,3,0.00,24,0,18.21
600,13,MTC,0.0000,256,0,2,0,0.00,1434,0,18.21
600,14,MTC,0.0000,256,0,2,0,0.00,899,0,18.21
600,15,MTC,0.0000,256,0,2,0,0.00,1484,0,18.21
600,16,MTC,0.0000,256,0,2,0,0.00,1432,0,18.21
600,17,MTC,0.0000,256,0,2,0,0.00,1723,0,18.21
600,18,MTC,0.0000,256,0,2,0,0.00,230,0,18.21
600,19,MTC,0.3072,256,384,2,3,0.00,24,0,18.21
600,20,MTC,0.3072,256,384,2,3,0.00,24,0,18.21
610,1,eMBB,39.1168,18336,48896,12,32,0.00,37317,0,26.94
610,2,eMBB,0.0000,18336,0,12,0,0.00,175011,0,26.94
610,3,eMBB,0.0000,18336,0,12,0,0.00,170468,0,26.94
610,4,eMBB,17.1136,18336,21392,12,14,0.00,121022,0,26.94
610,5,eMBB,0.0000,18336,0,12,0,0.00,162591,0,26.94
610,6,URLLC,0.3120,390,390,5,5,0.00,87,0,53.97
610,7,URLLC,0.3120,390,390,5,5,0.00,87,0,53.97
610,8,URLLC,0.3120,390,390,5,5,0.00,87,0,53.97
610,9,URLLC,0.3120,390,390,5,5,0.00,87,0,53.97
610,10,URLLC,0.0000,390,0,5,0,0.00,1287,0,53.97
610,11,MTC,0.2048,384,256,3,2,0.00,137,0,19.09
610,12,MTC,0.2048,384,256,3,2,0.00,137,0,19.09
610,13,MTC,0.0000,384,0,3,0,0.00,1491,0,19.09
610,14,MTC,0.0000,384,0,3,0,0.00,137,0,19.09
610,15,MTC,0.0000,384,0,3,0,0.00,1979,0,19.09
610,16,MTC,0.0000,384,0,3,0,0.00,1847,0,19.09
610,17,MTC,0.0000,384,0,3,0,0.00,2438,0,19.09
610,18,MTC,0.0000,384,0,3,0,0.00,137,0,19.09
610,19,MTC,0.2048,384,256,3,2,0.00,137,0,19.09
610,20,MTC,0.2048,384,256,3,2,0.00,137,0,19.09
620,1,eMBB,19.5584,16808,24448,11,16,0.00,44115,0,32.30
620,2,eMBB,0.0000,16808,0,11,0,0.00,178081,0,32.30
620,3,eMBB,0.0000,16808,0,11,0,0.00,170468,0,32.30
620,4,eMBB,7.3344,16808,9168,11,6,0.00,134390,0,32.30
620,5,eMBB,0.0000,16808,0,11,0,0.00,162591,0,32.30
620,6,URLLC,0.2496,390,312,5,4,0.00,87,0,40.61
620,7,URLLC,0.2496,390,312,5,4,0.00,87,0,40.61
620,8,URLLC,0.2496,390,312,5,4,0.00,87,0,40.61
620,9,URLLC,0.2496,390,312,5,4,0.00,87,0,40.61
620,10,URLLC,0.0000,390,0,5,0,0.00,1287,0,40.61
620,11,MTC,0.2048,256,256,2,2,0.00,137,0,27.10
620,12,MTC,0.2048,256,256,2,2,0.00,137,0,27.10
620,13,MTC,0.0000,256,0,2,0,0.00,525,0,27.10
620,14,MTC,0.0000,256,0,2,0,0.00,74,0,27.10
620,15,MTC,0.0000,256,0,2,0,0.00,684,0,27.10
620,16,MTC,0.0000,256,0,2,0,0.00,775,0,27.10
620,17,MTC,0.0000,256,0,2,0,0.00,2663,0,27.10
620,18,MTC,0.0000,256,0,2,0,0.00,74,0,27.10
620,19,MTC,0.2048,256,256,2,2,0.00,137,0,27.10
620,20,MTC,0.2048,256,256,2,2,0.00,137,0,27.10
630,1,eMBB,34.2272,18336,42784,12,28,0.00,18355,0,29.35
630,2,eMBB,0.0000,18336,0,12,0,0.00,208051,0,29.35
630,3,eMBB,0.0000,18336,0,12,0,0.00,213230,0,29.35
630,4,eMBB,17.1136,18336,21392,12,14,0.00,131466,0,29.35
630,5,eMBB,0.0000,18336,0,12,0,0.00,206808,0,29.35
630,6,URLLC,0.3120,390,390,5,5,0.00,87,0,37.77
630,7,URLLC,0.3120,390,390,5,5,0.00,87,0,37.77
630,8,URLLC,0.3120,390,390,5,5,0.00,87,0,37.77
630,9,URLLC,0.3120,390,390,5,5,0.00,87,0,37.77
630,10,URLLC,0.0000,390,0,5,0,0.00,1287,0,37.77
630,11,MTC,0.3072,384,384,3,3,0.00,137,0,32.89
630,12,MTC,0.3072,384,384,3,3,0.00,137,0,32.89
630,13,MTC,0.0000,384,0,3,0,0.00,137,0,32.89
630,14,MTC,0.0000,384,0,3,0,0.00,137,0,32.89
630,15,MTC,0.0000,384,0,3,0,0.00,966,0,32.89
630,16,MTC,0.0000,384,0,3,0,0.00,897,0,32.89
630,17,MTC,0.0000,384,0,3,0,0.00,2663,0,32.89
630,18,MTC,0.0000,384,0,3,0,0.00,137,0,32.89
630,19,MTC,0.3072,384,384,3,3,0.00,137,0,32.89
630,20,MTC,0.3072,384,384,3,3,0.00,137,0,32.89
640,1,eMBB,28.1152,18336,35144,12,23,0.00,3069,0,52.83
640,2,eMBB,0.0000,18336,0,12,0,0.00,213338,0,52.83
640,3,eMBB,0.0000,18336,0,12,0,0.00,213230,0,52.83
640,4,eMBB,14.6688,18336,18336,12,12,0.00,130478,0,52.83
640,5,eMBB,0.0000,18336,0,12,0,0.00,206808,0,52.83
640,6,URLLC,0.3744,390,468,5,6,0.00,87,0,26.42
640,7,URLLC,0.3744,390,468,5,6,0.00,87,0,26.42
640,8,URLLC,0.3744,390,468,5,6,0.00,87,0,26.42
640,9,URLLC,0.3744,390,468,5,6,0.00,87,0,26.42
640,10,URLLC,0.0000,390,0,5,0,0.00,1287,0,26.42
640,11,MTC,0.3072,256,384,2,3,0.00,137,0,20.74
640,12,MTC,0.3072,256,384,2,3,0.00,137,0,20.74
640,13,MTC,0.0000,256,0,2,0,0.00,171,0,20.74
640,14,MTC,0.0000,256,0,2,0,0.00,56,0,20.74
640,15,MTC,0.0000,256,0,2,0,0.00,966,0,20.74
640,16,MTC,0.0000,256,0,2,0,0.00,757,0,20.74
640,17,MTC,0.0000,256,0,2,0,0.00,2663,0,20.74
640,18,MTC,0.0000,256,0,2,0,0.00,137,0,20.74
640,19,MTC,0.3072,256,384,2,3,0.00,137,0,20.74
640,20,MTC,0.3072,256,384,2,3,0.00,137,0,20.74
650,1,eMBB,14.6688,16808,18336,11,12,0.00,4019,0,37.12
650,2,eMBB,0.0000,16808,0,11,0,0.00,231127,0,37.12
650,3,eMBB,0.0000,16808,0,11,0,0.00,251384,0,37.12
650,4,eMBB,19.5584,16808,24448,11,16,0.00,126206,0,37.12
650,5,eMBB,0.0000,16808,0,11,0,0.00,243430,0,37.12
650,6,URLLC,0.3120,390,390,5,5,0.00,87,0,24.77
650,7,URLLC,0.3120,390,390,5,5,0.00,87,0,24.77
650,8,URLLC,0.3120,390,390,5,5,0.00,87,0,24.77
650,9,URLLC,0.3120,390,390,5,5,0.00,87,0,24.77
650,10,URLLC,0.0000,390,0,5,0,0.00,3215,0,24.77
650,11,MTC,0.2048,384,256,3,2,0.00,137,0,38.11
650,12,MTC,0.2048,384,256,3,2,0.00,137,0,38.11
650,13,MTC,0.0000,384,0,3,0,0.00,283,0,38.11
650,14,MTC,0.0000,384,0,3,0,0.00,62,0,38.11
650,15,MTC,0.0000,384,0,3,0,0.00,966,0,38.11
650,16,MTC,0.0000,384,0,3,0,0.00,533,0,38.11
650,17,MTC,0.0000,384,0,3,0,0.00,2663,0,38.11
650,18,MTC,0.0000,384,0,3,0,0.00,56,0,38.11
650,19,MTC,0.2048,384,256,3,2,0.00,137,0,38.11
650,20,MTC,0.2048,384,256,3,2,0.00,137,0,38.11
660,1,eMBB,14.6688,18336,18336,12,12,0.00,1537,0,26.13
660,2,eMBB,0.0000,18336,0,12,0,0.00,249371,0,26.13
660,3,eMBB,0.0000,18336,0,12,0,0.00,251384,0,26.13
660,4,eMBB,15.8912,18336,19864,12,13,0.00,120665,0,26.13
660,5,eMBB,0.0000,18336,0,12,0,0.00,243430,0,26.13
660,6,URLLC,0.3120,390,390,5,5,0.00,87,0,29.93
660,7,URLLC,0.3120,390,390,5,5,0.00,87,0,29.93
660,8,URLLC,0.3120,390,390,5,5,0.00,87,0,29.93
660,9,URLLC,0.3120,390,390,5,5,0.00,87,0,29.93
660,10,URLLC,0.0000,390,0,5,0,0.00,3255,0,29.93
660,11,MTC,0.3072,256,384,2,3,0.00,137,0,43.94
660,12,MTC,0.3072,256,384,2,3,0.00,137,0,43.94
660,13,MTC,0.0000,256,0,2,0,0.00,283,0,43.94
660,14,MTC,0.0000,256,0,2,0,0.00,137,0,43.94
660,15,MTC,0.0000,256,0,2,0,0.00,966,0,43.94
660,16,MTC,0.0000,256,0,2,0,0.00,533,0,43.94
660,17,MTC,0.0000,256,0,2,0,0.00,3817,0,43.94
660,18,MTC,0.0000,256,0,2,0,0.00,137,0,43.94
660,19,MTC,0.3072,256,384,2,3,0.00,137,0,43.94
660,20,MTC,0.3072,256,384,2,3,0.00,137,0,43.94
670,1,eMBB,8.5568,18336,10696,12,7,0.00,7329,0,28.89
670,2,eMBB,0.0000,18336,0,12,0,0.00,275141,0,28.89
670,3,eMBB,0.0000,18336,0,12,0,0.00,251384,0,28.89
670,4,eMBB,11.0016,18336,13752,12,9,0.00,120379,0,28.89
670,5,eMBB,0.0000,18336,0,12,0,0.00,287198,0,28.89
670,6,URLLC,0.3120,390,390,5,5,0.00,87,0,31.68
670,7,URLLC,0.3120,390,390,5,5,0.00,87,0,31.68
670,8,URLLC,0.3120,390,390,5,5,0.00,87,0,31.68
670,9,URLLC,0.3120,390,390,5,5,0.00,87,0,31.68
670,10,URLLC,0.0000,390,0,5,0,0.00,3255,0,31.68
670,11,MTC,0.2048,384,256,3,2,0.00,137,0,39.43
670,12,MTC,0.2048,384,256,3,2,0.00,137,0,39.43
670,13,MTC,0.0000,384,0,3,0,0.00,401,0,39.43
670,14,MTC,0.0000,384,0,3,0,0.00,137,0,39.43
670,15,MTC,0.0000,384,0,3,0,0.00,2073,0,39.43
670,16,MTC,0.0000,384,0,3,0,0.00,980,0,39.43
670,17,MTC,0.0000,384,0,3,0,0.00,3817,0,39.43
670,18,MTC,0.0000,384,0,3,0,0.00,137,0,39.43
670,19,MTC,0.2048,384,256,3,2,0.00,137,0,39.43
670,20,MTC,0.2048,384,256,3,2,0.00,137,0,39.43
680,1,eMBB,14.6688,16808,18336,11,12,0.00,6346,0,33.92
680,2,eMBB,0.0000,16808,0,11,0,0.00,283144,0,33.92
680,3,eMBB,0.0000,16808,0,11,0,0.00,300155,0,33.92
680,4,eMBB,18.3360,16808,22920,11,15,0.00,120894,0,33.92
680,5,eMBB,0.0000,16808,0,11,0,0.00,287198,0,33.92
680,6,URLLC,0.3120,390,390,5,5,0.00,87,0,34.64
680,7,URLLC,0.3120,390,390,5,5,0.00,87,0,34.64
680,8,URLLC,0.3120,390,390,5,5,0.00,87,0,34.64
680,9,URLLC,0.3120,390,390,5,5,0.00,87,0,34.64
680,10,URLLC,0.0000,390,0,5,0,0.00,3312,0,34.64
680,11,MTC,0.3072,256,384,2,3,0.00,137,0,31.44
680,12,MTC,0.3072,256,384,2,3,0.00,137,0,31.44
680,13,MTC,0.0000,256,0,2,0,0.00,74,0,31.44
680,14,MTC,0.0000,256,0,2,0,0.00,74,0,31.44
680,15,MTC,0.0000,256,0,2,0,0.00,2207,0,31.44
680,16,MTC,0.0000,256,0,2,0,0.00,269,0,31.44
680,17,MTC,0.0000,256,0,2,0,0.00,2422,0,31.44
680,18,MTC,0.0000,256,0,2,0,0.00,137,0,31.44
680,19,MTC,0.3072,256,384,2,3,0.00,137,0,31.44
680,20,MTC,0.3072,256,384,2,3,0.00,137,0,31.44
690,1,eMBB,7.3344,18336,9168,12,6,0.00,13856,0,30.17
690,2,eMBB,0.0000,18336,0,12,0,0.00,309623,0,30.17
690,3,eMBB,0.0000,18336,0,12,0,0.00,300155,0,30.17
690,4,eMBB,3.6672,18336,4584,12,3,0.00,133717,0,30.17
690,5,eMBB,0.0000,18336,0,12,0,0.00,325352,0,30.17
690,6,URLLC,0.2496,390,312,5,4,0.00,87,0,50.21
690,7,URLLC,0.2496,390,312,5,4,0.00,87,0,50.21
690,8,URLLC,0.2496,390,312,5,4,0.00,87,0,50.21
690,9,URLLC,0.2496,390,312,5,4,0.00,87,0,50.21
690,10,URLLC,0.0000,390,0,5,0,0.00,3434,0,50.21
690,11,MTC,0.2048,384,256,3,2,0.00,137,0,19.61
690,12,MTC,0.2048,384,256,3,2,0.00,137,0,19.61
690,13,MTC,0.2048,384,256,3,2,0.00,98,0,19.61
690,14,MTC,0.3072,384,384,3,3,0.00,137,0,19.61
690,15,MTC,0.0000,384,0,3,0,0.00,2223,0,19.61
690,16,MTC,0.0000,384,0,3,0,0.00,401,0,19.61
690,17,MTC,0.0000,384,0,3,0,0.00,2270,0,19.61
690,18,MTC,0.0000,384,0,3,0,0.00,92,0,19.61
690,19,MTC,0.2048,384,256,3,2,0.00,137,0,19.61
690,20,MTC,0.2048,384,256,3,2,0.00,137,0,19.61
700,1,eMBB,24.4480,18336,30560,12,20,0.00,4033,0,28.88
700,2,eMBB,0.0000,18336,0,12,0,0.00,322508,0,28.88
700,3,eMBB,0.0000,18336,0,12,0,0.00,300155,0,28.88
700,4,eMBB,17.1136,18336,21392,12,14,0.00,130840,0,28.88
700,5,eMBB,0.0000,18336,0,12,0,0.00,337219,0,28.88
700,6,URLLC,0.3120,390,390,5,5,0.00,87,0,31.95
700,7,URLLC,0.3120,390,390,5,5,0.00,87,0,31.95
700,8,URLLC,0.3120,390,390,5,5,0.00,87,0,31.95
700,9,URLLC,0.3120,390,390,5,5,0.00,87,0,31.95
700,10,URLLC,0.0000,390,0,5,0,0.00,3434,0,31.95
700,11,MTC,0.2048,256,256,2,2,0.00,137,0,39.17
700,12,MTC,0.2048,256,256,2,2,0.00,137,0,39.17
700,13,MTC,0.0000,256,0,2,0,0.00,137,0,39.17
700,14,MTC,0.0000,256,0,2,0,0.00,137,0,39.17
700,15,MTC,0.0000,256,0,2,0,0.00,2223,0,39.17
700,16,MTC,0.0000,256,0,2,0,0.00,311,0,39.17
700,17,MTC,0.0000,256,0,2,0,0.00,2270,0,39.17
700,18,MTC,0.0000,256,0,2,0,0.00,137,0,39.17
700,19,MTC,0.2048,256,256,2,2,0.00,137,0,39.17
700,20,MTC,0.2048,256,256,2,2,0.00,137,0,39.17
710,1,eMBB,14.6688,16808,18336,11,12,0.00,4601,0,46.47
710,2,eMBB,0.0000,16808,0,11,0,0.00,333879,0,46.47
710,3,eMBB,0.0000,16808,0,11,0,0.00,300155,0,46.47
710,4,eMBB,25.6704,16808,32088,11,21,0.00,117170,0,46.47
710,5,eMBB,0.0000,16808,0,11,0,0.00,361401,0,46.47
710,6,URLLC,0.3744,390,468,5,6,0.00,87,0,27.23
710,7,URLLC,0.0000,390,0,5,0,0.00,87,0,27.23
710,8,URLLC,0.3744,390,468,5,6,0.00,87,0,27.23
710,9,URLLC,0.3744,390,468,5,6,0.00,87,0,27.23
710,10,URLLC,0.0000,390,0,5,0,0.00,3434,0,27.23
710,11,MTC,0.3072,384,384,3,3,0.00,137,0,26.30
710,12,MTC,0.3072,384,384,3,3,0.00,137,0,26.30
710,13,MTC,0.0000,384,0,3,0,0.00,303,0,26.30
710,14,MTC,0.0000,384,0,3,0,0.00,137,0,26.30
710,15,MTC,0.0000,384,0,3,0,0.00,2976,0,26.30
710,16,MTC,0.0000,384,0,3,0,0.00,401,0,26.30
710,17,MTC,0.0000,384,0,3,0,0.00,2270,0,26.30
710,18,MTC,0.0000,384,0,3,0,0.00,137,0,26.30
710,19,MTC,0.3072,384,384,3,3,0.00,137,0,26.30
710,20,MTC,0.3072,384,384,3,3,0.00,137,0,26.30
720,1,eMBB,15.8912,18336,19864,12,13,0.00,2167,0,34.03
720,2,eMBB,0.0000,18336,0,12,0,0.00,349410,0,34.03
720,3,eMBB,0.0000,18336,0,12,0,0.00,368925,0,34.03
720,4,eMBB,13.4464,18336,16808,12,11,0.00,119025,0,34.03
720,5,eMBB,0.0000,18336,0,12,0,0.00,361401,0,34.03
720,6,URLLC,0.3120,390,390,5,5,0.00,87,0,42.34
720,7,URLLC,0.0000,390,0,5,0,0.00,87,0,42.34
720,8,URLLC,0.3120,390,390,5,5,0.00,87,0,42.34
720,9,URLLC,0.3120,390,390,5,5,0.00,87,0,42.34
720,10,URLLC,0.0000,390,0,5,0,0.00,3434,0,42.34
720,11,MTC,0.3072,256,384,2,3,0.00,137,0,23.63
720,12,MTC,0.3072,256,384,2,3,0.00,137,0,23.63
720,13,MTC,0.0000,256,0,2,0,0.00,303,0,23.63
720,14,MTC,0.0000,256,0,2,0,0.00,137,0,23.63
720,15,MTC,0.0000,256,0,2,0,0.00,2976,0,23.63
720,16,MTC,0.0000,256,0,2,0,0.00,387,0,23.63
720,17,MTC,0.0000,256,0,2,0,0.00,2270,0,23.63
720,18,MTC,0.0000,256,0,2,0,0.00,47,0,23.63
720,19,MTC,0.3072,256,384,2,3,0.00,137,0,23.63
720,20,MTC,0.3072,256,384,2,3,0.00,137,0,23.63
730,1,eMBB,13.4464,18336,16808,12,11,0.00,1537,0,26.11
730,2,eMBB,0.0000,18336,0,12,0,0.00,364796,0,26.11
730,3,eMBB,0.0000,18336,0,12,0,0.00,368925,0,26.11
730,4,eMBB,11.0016,18336,13752,12,9,0.00,119614,0,26.11
730,5,eMBB,0.0000,18336,0,12,0,0.00,361401,0,26.11
730,6,URLLC,0.3120,390,390,5,5,0.00,87,0,44.84
730,7,URLLC,0.0000,390,0,5,0,0.00,87,0,44.84
730,8,URLLC,0.3120,390,390,5,5,0.00,87,0,44.84
730,9,URLLC,0.3120,390,390,5,5,0.00,87,0,44.84
730,10,URLLC,0.0000,390,0,5,0,0.00,3434,0,44.84
730,11,MTC,0.2048,384,256,3,2,0.00,137,0,29.06
730,12,MTC,0.2048,384,256,3,2,0.00,137,0,29.06
730,13,MTC,0.0000,384,0,3,0,0.00,733,0,29.06
730,14,MTC,0.0000,384,0,3,0,0.00,137,0,29.06
730,15,MTC,0.0000,384,0,3,0,0.00,3084,0,29.06
730,16,MTC,0.0000,384,0,3,0,0.00,329,0,29.06
730,17,MTC,0.0000,384,0,3,0,0.00,2270,0,29.06
730,18,MTC,0.0000,384,0,3,0,0.00,137,0,29.06
730,19,MTC,0.2048,384,256,3,2,0.00,137,0,29.06
730,20,MTC,0.2048,384,256,3,2,0.00,137,0,29.06
740,1,eMBB,14.6688,16808,18336,11,12,0.00,1537,0,40.17
740,2,eMBB,0.0000,16808,0,11,0,0.00,370878,0,40.17
740,3,eMBB,0.0000,16808,0,11,0,0.00,405434,0,40.17
740,4,eMBB,14.6688,16808,18336,11,12,0.00,117617,0,40.17
740,5,eMBB,0.0000,16808,0,11,0,0.00,399335,0,40.17
740,6,URLLC,0.3120,390,390,5,5,0.00,87,0,31.80
740,7,URLLC,1.3104,390,1638,5,21,0.00,87,0,31.80
740,8,URLLC,0.3120,390,390,5,5,0.00,87,0,31.80
740,9,URLLC,0.3120,390,390,5,5,0.00,87,0,31.80
740,10,URLLC,0.0000,390,0,5,0,0.00,3434,0,31.80
740,11,MTC,0.3072,256,384,2,3,0.00,137,0,28.03
740,12,MTC,0.3072,256,384,2,3,0.00,137,0,28.03
740,13,MTC,0.0000,256,0,2,0,0.00,733,0,28.03
740,14,MTC,0.0000,256,0,2,0,0.00,137,0,28.03
740,15,MTC,0.0000,256,0,2,0,0.00,3084,0,28.03
740,16,MTC,0.0000,256,0,2,0,0.00,533,0,28.03
740,17,MTC,0.0000,256,0,2,0,0.00,2270,0,28.03
740,18,MTC,0.3072,256,384,2,3,0.00,137,0,28.03
740,19,MTC,0.3072,256,384,2,3,0.00,137,0,28.03
740,20,MTC,0.3072,256,384,2,3,0.00,137,0,28.03
750,1,eMBB,11.0016,18336,13752,12,9,0.00,1537,0,29.05
750,2,eMBB,0.0000,18336,0,12,0,0.00,392704,0,29.05
750,3,eMBB,0.0000,18336,0,12,0,0.00,405434,0,29.05
750,4,eMBB,14.6688,18336,18336,12,12,0.00,115246,0,29.05
750,5,eMBB,0.0000,18336,0,12,0,0.00,399335,0,29.05
750,6,URLLC,0.3120,390,390,5,5,0.00,87,0,41.92
750,7,URLLC,0.3120,390,390,5,5,0.00,87,0,41.92
750,8,URLLC,0.3120,390,390,5,5,0.00,87,0,41.92
750,9,URLLC,0.3120,390,390,5,5,0.00,87,0,41.92
750,10,URLLC,0.0000,390,0,5,0,0.00,3434,0,41.92
750,11,MTC,0.2048,384,256,3,2,0.00,137,0,29.04
750,12,MTC,0.2048,384,256,3,2,0.00,137,0,29.04
750,13,MTC,0.0000,384,0,3,0,0.00,805,0,29.04
750,14,MTC,0.0000,384,0,3,0,0.00,137,0,29.04
750,15,MTC,0.0000,384,0,3,0,0.00,3084,0,29.04
750,16,MTC,0.0000,384,0,3,0,0.00,533,0,29.04
750,17,MTC,0.0000,384,0,3,0,0.00,3270,0,29.04
750,18,MTC,0.0000,384,0,3,0,0.00,137,0,29.04
750,19,MTC,0.2048,384,256,3,2,0.00,137,0,29.04
750,20,MTC,0.2048,384,256,3,2,0.00,137,0,29.04
760,1,eMBB,15.8912,18336,19864,12,13,0.00,1537,0,37.55
760,2,eMBB,0.0000,18336,0,12,0,0.00,405960,0,37.55
760,3,eMBB,0.0000,18336,0,12,0,0.00,405434,0,37.55
760,4,eMBB,17.1136,18336,21392,12,14,0.00,115155,0,37.55
760,5,eMBB,0.0000,18336,0,12,0,0.00,434790,0,37.55
760,6,URLLC,0.2496,390,312,5,4,0.00,87,0,31.03
760,7,URLLC,0.2496,390,312,5,4,0.00,87,0,31.03
760,8,URLLC,0.2496,390,312,5,4,0.00,87,0,31.03
760,9,URLLC,0.2496,390,312,5,4,0.00,87,0,31.03
760,10,URLLC,0.0000,390,0,5,0,0.00,3434,0,31.03
760,11,MTC,0.2048,256,256,2,2,0.00,137,0,31.42
760,12,MTC,0.2048,256,256,2,2,0.00,137,0,31.42
760,13,MTC,0.0000,256,0,2,0,0.00,805,0,31.42
760,14,MTC,0.0000,256,0,2,0,0.00,137,0,31.42
760,15,MTC,0.0000,256,0,2,0,0.00,3084,0,31.42
760,16,MTC,0.0000,256,0,2,0,0.00,328,0,31.42
760,17,MTC,0.0000,256,0,2,0,0.00,2851,0,31.42
760,18,MTC,0.0000,256,0,2,0,0.00,137,0,31.42
760,19,MTC,0.2048,256,256,2,2,0.00,137,0,31.42
760,20,MTC,0.2048,256,256,2,2,0.00,137,0,31.42
770,1,eMBB,14.6688,16808,18336,11,12,0.00,2609,0,31.46
770,2,eMBB,0.0000,16808,0,11,0,0.00,417152,0,31.46
770,3,eMBB,0.0000,16808,0,11,0,0.00,455571,0,31.46
770,4,eMBB,15.8912,16808,19864,11,13,0.00,114154,0,31.46
770,5,eMBB,0.0000,16808,0,11,0,0.00,463490,0,31.46
770,6,URLLC,0.3120,390,390,5,5,0.00,87,0,31.98
770,7,URLLC,0.3120,390,390,5,5,0.00,87,0,31.98
770,8,URLLC,0.3120,390,390,5,5,0.00,87,0,31.98
770,9,URLLC,0.3120,390,390,5,5,0.00,87,0,31.98
770,10,URLLC,0.0000,390,0,5,0,0.00,6643,0,31.98
770,11,MTC,0.3072,384,384,3,3,0.00,137,0,36.56
770,12,MTC,0.3072,384,384,3,3,0.00,137,0,36.56
770,13,MTC,0.0000,384,0,3,0,0.00,805,0,36.56
770,14,MTC,0.0000,384,0,3,0,0.00,137,0,36.56
770,15,MTC,0.0000,384,0,3,0,0.00,3084,0,36.56
770,16,MTC,0.0000,384,0,3,0,0.00,328,0,36.56
770,17,MTC,0.0000,384,0,3,0,0.00,2851,0,36.56
770,18,MTC,0.0000,384,0,3,0,0.00,137,0,36.56
770,19,MTC,0.3072,384,384,3,3,0.00,137,0,36.56
770,20,MTC,0.3072,384,384,3,3,0.00,137,0,36.56
780,1,eMBB,13.4464,18336,16808,12,11,0.00,3509,0,22.41
780,2,eMBB,0.0000,18336,0,12,0,0.00,435806,0,22.41
780,3,eMBB,0.0000,18336,0,12,0,0.00,485721,0,22.41
780,4,eMBB,13.4464,18336,16808,12,11,0.00,114918,0,22.41
780,5,eMBB,0.0000,18336,0,12,0,0.00,463490,0,22.41
780,6,URLLC,0.3744,390,468,5,6,0.00,87,0,35.97
780,7,URLLC,0.3744,390,468,5,6,0.00,87,0,35.97
780,8,URLLC,0.3744,390,468,5,6,0.00,87,0,35.97
780,9,URLLC,0.3744,390,468,5,6,0.00,87,0,35.97
780,10,URLLC,0.0000,390,0,5,0,0.00,6643,0,35.97
780,11,MTC,0.3072,256,384,2,3,0.00,137,0,41.62
780,12,MTC,0.3072,256,384,2,3,0.00,137,0,41.62
780,13,MTC,0.0000,256,0,2,0,0.00,805,0,41.62
780,14,MTC,0.0000,256,0,2,0,0.00,137,0,41.62
780,15,MTC,0.0000,256,0,2,0,0.00,3084,0,41.62
780,16,MTC,0.0000,256,0,2,0,0.00,137,0,41.62
780,17,MTC,0.0000,256,0,2,0,0.00,137,0,41.62
780,18,MTC,3.2768,256,4096,2,32,0.00,137,0,41.62
780,19,MTC,0.3072,256,384,2,3,0.00,137,0,41.62
780,20,MTC,0.3072,256,384,2,3,0.00,137,0,41.62
790,1,eMBB,15.8912,18336,19864,12,13,0.00,2193,0,29.21
790,2,eMBB,0.0000,18336,0,12,0,0.00,444739,0,29.21
790,3,eMBB,0.0000,18336,0,12,0,0.00,485721,0,29.21
790,4,eMBB,24.4480,18336,30560,12,20,0.00,105743,0,29.21
790,5,eMBB,0.0000,18336,0,12,0,0.00,494886,0,29.21
790,6,URLLC,0.3120,390,390,5,5,0.00,87,0,36.36
790,7,URLLC,0.3120,390,390,5,5,0.00,87,0,36.36
790,8,URLLC,0.3120,390,390,5,5,0.00,87,0,36.36
790,9,URLLC,0.3120,390,390,5,5,0.00,87,0,36.36
790,10,URLLC,0.0000,390,0,5,0,0.00,6643,0,36.36
790,11,MTC,0.2048,384,256,3,2,0.00,137,0,34.42
790,12,MTC,0.2048,384,256,3,2,0.00,137,0,34.42
790,13,MTC,1.7408,384,2176,3,17,0.00,805,0,34.42
790,14,MTC,2.8672,384,3584,3,28,0.00,137,0,34.42
790,15,MTC,0.0000,384,0,3,0,0.00,3084,0,34.42
790,16,MTC,0.0000,384,0,3,0,0.00,137,0,34.42
790,17,MTC,0.0000,384,0,3,0,0.00,137,0,34.42
790,18,MTC,0.0000,384,0,3,0,0.00,137,0,34.42
790,19,MTC,0.2048,384,256,3,2,0.00,137,0,34.42
790,20,MTC,0.2048,384,256,3,2,0.00,137,0,34.42
800,1,eMBB,14.6688,16808,18336,11,12,0.00,1537,0,36.03
800,2,eMBB,0.0000,16808,0,11,0,0.00,466313,0,36.03
800,3,eMBB,0.0000,16808,0,11,0,0.00,517634,0,36.03
800,4,eMBB,17.1136,16808,21392,11,14,0.00,98864,0,36.03
800,5,eMBB,0.0000,16808,0,11,0,0.00,508219,0,36.03
800,6,URLLC,0.3120,390,390,5,5,0.00,87,0,33.88
800,7,URLLC,0.3120,390,390,5,5,0.00,87,0,33.88
800,8,URLLC,0.3120,390,390,5,5,0.00,87,0,33.88
800,9,URLLC,0.3120,390,390,5,5,0.00,87,0,33.88
800,10,URLLC,0.0000,390,0,5,0,0.00,7496,0,33.88
800,11,MTC,0.3072,256,384,2,3,0.00,137,0,30.09
800,12,MTC,0.3072,256,384,2,3,0.00,137,0,30.09
800,13,MTC,0.0000,256,0,2,0,0.00,805,0,30.09
800,14,MTC,0.0000,256,0,2,0,0.00,137,0,30.09
800,15,MTC,0.0000,256,0,2,0,0.00,3084,0,30.09
800,16,MTC,0.0000,256,0,2,0,0.00,137,0,30.09
800,17,MTC,0.0000,256,0,2,0,0.00,137,0,30.09
800,18,MTC,0.0000,256,0,2,0,0.00,137,0,30.09
800,19,MTC,0.3072,256,384,2,3,0.00,137,0,30.09
800,20,MTC,0.3072,256,384,2,3,0.00,137,0,30.09
810,1,eMBB,14.6688,18336,18336,12,12,0.00,1537,0,30.09
810,2,eMBB,0.0000,18336,0,12,0,0.00,479096,0,30.09
810,3,eMBB,0.0000,18336,0,12,0,0.00,517634,0,30.09
810,4,eMBB,15.8912,18336,19864,12,13,0.00,92629,0,30.09
810,5,eMBB,0.0000,18336,0,12,0,0.00,528843,0,30.09
810,6,URLLC,0.3120,390,390,5,5,0.00,87,0,42.31
810,7,URLLC,0.3120,390,390,5,5,0.00,87,0,42.31
810,8,URLLC,0.3120,390,390,5,5,0.00,87,0,42.31
810,9,URLLC,0.3120,390,390,5,5,0.00,87,0,42.31
810,10,URLLC,0.0000,390,0,5,0,0.00,7496,0,42.31
810,11,MTC,0.2048,384,256,3,2,0.00,137,0,27.60
810,12,MTC,0.2048,384,256,3,2,0.00,137,0,27.60
810,13,MTC,0.0000,384,0,3,0,0.00,805,0,27.60
810,14,MTC,0.0000,384,0,3,0,0.00,137,0,27.60
810,15,MTC,0.0000,384,0,3,0,0.00,3084,0,27.60
810,16,MTC,0.0000,384,0,3,0,0.00,665,0,27.60
810,17,MTC,0.0000,384,0,3,0,0.00,137,0,27.60
810,18,MTC,0.0000,384,0,3,0,0.00,137,0,27.60
810,19,MTC,0.2048,384,256,3,2,0.00,137,0,27.60
810,20,MTC,0.2048,384,256,3,2,0.00,137,0,27.60
820,1,eMBB,12.2240,18336,15280,12,10,0.00,1537,0,48.61
820,2,eMBB,0.0000,18336,0,12,0,0.00,495353,0,48.61
820,3,eMBB,0.0000,18336,0,12,0,0.00,543188,0,48.61
820,4,eMBB,20.7808,18336,25976,12,17,0.00,82156,0,48.61
820,5,eMBB,0.0000,18336,0,12,0,0.00,528843,0,48.61
820,6,URLLC,0.3120,390,390,5,5,0.00,87,0,28.81
820,7,URLLC,0.3120,390,390,5,5,0.00,87,0,28.81
820,8,URLLC,0.3120,390,390,5,5,0.00,87,0,28.81
820,9,URLLC,0.3120,390,390,5,5,0.00,87,0,28.81
820,10,URLLC,0.0000,390,0,5,0,0.00,7620,0,28.81
820,11,MTC,0.3072,256,384,2,3,0.00,137,0,22.58
820,12,MTC,0.3072,256,384,2,3,0.00,137,0,22.58
820,13,MTC,0.0000,256,0,2,0,0.00,805,0,22.58
820,14,MTC,0.0000,256,0,2,0,0.00,137,0,22.58
820,15,MTC,0.0000,256,0,2,0,0.00,3084,0,22.58
820,16,MTC,0.0000,256,0,2,0,0.00,665,0,22.58
820,17,MTC,0.0000,256,0,2,0,0.00,137,0,22.58
820,18,MTC,0.0000,256,0,2,0,0.00,137,0,22.58
820,19,MTC,0.3072,256,384,2,3,0.00,137,0,22.58
820,20,MTC,0.3072,256,384,2,3,0.00,137,0,22.58
830,1,eMBB,13.4464,16808,16808,11,11,0.00,1537,0,41.09
830,2,eMBB,0.0000,16808,0,11,0,0.00,516108,0,41.09
830,3,eMBB,0.0000,16808,0,11,0,0.00,543188,0,41.09
830,4,eMBB,22.0032,16808,27504,11,18,0.00,76174,0,41.09
830,5,eMBB,0.0000,16808,0,11,0,0.00,557967,0,41.09
830,6,URLLC,0.2496,390,312,5,4,0.00,87,0,37.50
830,7,URLLC,0.2496,390,312,5,4,0.00,87,0,37.50
830,8,URLLC,0.2496,390,312,5,4,0.00,87,0,37.50
830,9,URLLC,0.2496,390,312,5,4,0.00,87,0,37.50
830,10,URLLC,0.0000,390,0,5,0,0.00,7620,0,37.50
830,11,MTC,0.2048,384,256,3,2,0.00,137,0,21.41
830,12,MTC,0.2048,384,256,3,2,0.00,137,0,21.41
830,13,MTC,0.0000,384,0,3,0,0.00,805,0,21.41
830,14,MTC,0.0000,384,0,3,0,0.00,137,0,21.41
830,15,MTC,0.0000,384,0,3,0,0.00,3084,0,21.41
830,16,MTC,0.0000,384,0,3,0,0.00,665,0,21.41
830,17,MTC,0.0000,384,0,3,0,0.00,137,0,21.41
830,18,MTC,0.0000,384,0,3,0,0.00,137,0,21.41
830,19,MTC,0.2048,384,256,3,2,0.00,137,0,21.41
830,20,MTC,0.2048,384,256,3,2,0.00,137,0,21.41
840,1,eMBB,14.6688,18336,18336,12,12,0.00,2882,0,28.56
840,2,eMBB,0.0000,18336,0,12,0,0.00,526525,0,28.56
840,3,eMBB,0.0000,18336,0,12,0,0.00,578967,0,28.56
840,4,eMBB,20.7808,18336,25976,12,17,0.00,69906,0,28.56
840,5,eMBB,0.0000,18336,0,12,0,0.00,557967,0,28.56
840,6,URLLC,0.3120,390,390,5,5,0.00,87,0,47.00
840,7,URLLC,0.3120,390,390,5,5,0.00,87,0,47.00
840,8,URLLC,0.3120,390,390,5,5,0.00,87,0,47.00
840,9,URLLC,0.3120,390,390,5,5,0.00,87,0,47.00
840,10,URLLC,0.0000,390,0,5,0,0.00,8490,0,47.00
840,11,MTC,0.2048,256,256,2,2,0.00,137,0,24.44
840,12,MTC,0.2048,256,256,2,2,0.00,137,0,24.44
840,13,MTC,0.0000,256,0,2,0,0.00,805,0,24.44
840,14,MTC,0.0000,256,0,2,0,0.00,137,0,24.44
840,15,MTC,0.0000,256,0,2,0,0.00,5254,0,24.44
840,16,MTC,0.0000,256,0,2,0,0.00,269,0,24.44
840,17,MTC,0.0000,256,0,2,0,0.00,269,0,24.44
840,18,MTC,0.0000,256,0,2,0,0.00,137,0,24.44
840,19,MTC,0.2048,256,256,2,2,0.00,137,0,24.44
840,20,MTC,0.2048,256,256,2,2,0.00,137,0,24.44
850,1,eMBB,15.8912,18336,19864,12,13,0.00,3069,0,25.43
850,2,eMBB,0.0000,18336,0,12,0,0.00,544400,0,25.43
850,3,eMBB,0.0000,18336,0,12,0,0.00,578967,0,25.43
850,4,eMBB,14.6688,18336,18336,12,12,0.00,71412,0,25.43
850,5,eMBB,0.0000,18336,0,12,0,0.00,594253,0,25.43
850,6,URLLC,0.3744,390,468,5,6,0.00,87,0,40.72
850,7,URLLC,0.3744,390,468,5,6,0.00,87,0,40.72
850,8,URLLC,0.3744,390,468,5,6,0.00,87,0,40.72
850,9,URLLC,0.3744,390,468,5,6,0.00,87,0,40.72
850,10,URLLC,0.0000,390,0,5,0,0.00,8490,0,40.72
850,11,MTC,0.3072,384,384,3,3,0.00,137,0,33.85
850,12,MTC,0.3072,384,384,3,3,0.00,137,0,33.85
850,13,MTC,0.0000,384,0,3,0,0.00,805,0,33.85
850,14,MTC,0.0000,384,0,3,0,0.00,137,0,33.85
850,15,MTC,0.0000,384,0,3,0,0.00,5254,0,33.85
850,16,MTC,0.0000,384,0,3,0,0.00,137,0,33.85
850,17,MTC,0.0000,384,0,3,0,0.00,99,0,33.85
850,18,MTC,0.0000,384,0,3,0,0.00,137,0,33.85
850,19,MTC,0.3072,384,384,3,3,0.00,137,0,33.85
850,20,MTC,0.3072,384,384,3,3,0.00,137,0,33.85
860,1,eMBB,14.6688,16808,18336,11,12,0.00,1537,0,20.52
860,2,eMBB,0.0000,16808,0,11,0,0.00,544400,0,20.52
860,3,eMBB,0.0000,16808,0,11,0,0.00,621266,0,20.52
860,4,eMBB,17.1136,16808,21392,11,14,0.00,65754,0,20.52
860,5,eMBB,0.0000,16808,0,11,0,0.00,594253,0,20.52
860,6,URLLC,0.3120,390,390,5,5,0.00,87,0,43.03
860,7,URLLC,0.3120,390,390,5,5,0.00,87,0,43.03
860,8,URLLC,0.3120,390,390,5,5,0.00,87,0,43.03
860,9,URLLC,0.3120,390,390,5,5,0.00,87,0,43.03
860,10,URLLC,0.0000,390,0,5,0,0.00,8490,0,43.03
860,11,MTC,0.3072,256,384,2,3,0.00,137,0,36.45
860,12,MTC,0.3072,256,384,2,3,0.00,137,0,36.45
860,13,MTC,0.0000,256,0,2,0,0.00,805,0,36.45
860,14,MTC,0.0000,256,0,2,0,0.00,137,0,36.45
860,15,MTC,0.0000,256,0,2,0,0.00,4970,0,36.45
860,16,MTC,0.0000,256,0,2,0,0.00,269,0,36.45
860,17,MTC,0.0000,256,0,2,0,0.00,533,0,36.45
860,18,MTC,0.0000,256,0,2,0,0.00,137,0,36.45
860,19,MTC,0.3072,256,384,2,3,0.00,137,0,36.45
860,20,MTC,0.3072,256,384,2,3,0.00,137,0,36.45
870,1,eMBB,14.6688,18336,18336,12,12,0.00,2831,0,22.92
870,2,eMBB,0.0000,18336,0,12,0,0.00,571390,0,22.92
870,3,eMBB,0.0000,18336,0,12,0,0.00,621266,0,22.92
870,4,eMBB,15.8912,18336,19864,12,13,0.00,62906,0,22.92
870,5,eMBB,0.0000,18336,0,12,0,0.00,629987,0,22.92
870,6,URLLC,0.3120,390,390,5,5,0.00,87,0,34.57
870,7,URLLC,0.3120,390,390,5,5,0.00,87,0,34.57
870,8,URLLC,0.3120,390,390,5,5,0.00,87,0,34.57
870,9,URLLC,0.3120,390,390,5,5,0.00,87,0,34.57
870,10,URLLC,0.0000,390,0,5,0,0.00,8490,0,34.57
870,11,MTC,0.2048,384,256,3,2,0.00,137,0,42.51
870,12,MTC,0.2048,384,256,3,2,0.00,137,0,42.51
870,13,MTC,0.0000,384,0,3,0,0.00,805,0,42.51
870,14,MTC,0.0000,384,0,3,0,0.00,137,0,42.51
870,15,MTC,0.0000,384,0,3,0,0.00,4970,0,42.51
870,16,MTC,0.0000,384,0,3,0,0.00,137,0,42.51
870,17,MTC,0.0000,384,0,3,0,0.00,137,0,42.51
870,18,MTC,0.0000,384,0,3,0,0.00,137,0,42.51
870,19,MTC,0.2048,384,256,3,2,0.00,137,0,42.51
870,20,MTC,0.2048,384,256,3,2,0.00,137,0,42.51
880,1,eMBB,13.4464,18336,16808,12,11,0.00,1537,0,25.65
880,2,eMBB,0.0000,18336,0,12,0,0.00,598333,0,25.65
880,3,eMBB,0.0000,18336,0,12,0,0.00,646802,0,25.65
880,4,eMBB,19.5584,18336,24448,12,16,0.00,56032,0,25.65
880,5,eMBB,2.4448,18336,3056,12,2,0.00,629987,0,25.65
880,6,URLLC,0.3120,390,390,5,5,0.00,87,0,33.50
880,7,URLLC,0.3120,390,390,5,5,0.00,87,0,33.50
880,8,URLLC,0.3120,390,390,5,5,0.00,87,0,33.50
880,9,URLLC,0.3120,390,390,5,5,0.00,87,0,33.50
880,10,URLLC,0.0000,390,0,5,0,0.00,9691,0,33.50
880,11,MTC,0.3072,256,384,2,3,0.00,137,0,40.85
880,12,MTC,0.3072,256,384,2,3,0.00,137,0,40.85
880,13,MTC,0.0000,256,0,2,0,0.00,805,0,40.85
880,14,MTC,0.0000,256,0,2,0,0.00,137,0,40.85
880,15,MTC,0.0000,256,0,2,0,0.00,4970,0,40.85
880,16,MTC,0.0000,256,0,2,0,0.00,255,0,40.85
880,17,MTC,0.0000,256,0,2,0,0.00,269,0,40.85
880,18,MTC,4.7104,256,5888,2,46,0.00,137,0,40.85
880,19,MTC,0.3072,256,384,2,3,0.00,137,0,40.85
880,20,MTC,0.3072,256,384,2,3,0.00,137,0,40.85
890,1,eMBB,12.2240,16808,15280,11,10,0.00,1537,0,22.49
890,2,eMBB,0.0000,16808,0,11,0,0.00,615998,0,22.49
890,3,eMBB,0.0000,16808,0,11,0,0.00,677041,0,22.49
890,4,eMBB,13.4464,16808,16808,11,11,0.00,52773,0,22.49
890,5,eMBB,0.0000,16808,0,11,0,0.00,655317,0,22.49
890,6,URLLC,0.3120,390,390,5,5,0.00,87,0,29.57
890,7,URLLC,0.3120,390,390,5,5,0.00,87,0,29.57
890,8,URLLC,0.3120,390,390,5,5,0.00,87,0,29.57
890,9,URLLC,0.3120,390,390,5,5,0.00,87,0,29.57
890,10,URLLC,0.0000,390,0,5,0,0.00,9691,0,29.57
890,11,MTC,0.2048,384,256,3,2,0.00,137,0,47.94
890,12,MTC,0.2048,384,256,3,2,0.00,137,0,47.94
890,13,MTC,0.2048,384,256,3,2,0.00,805,0,47.94
890,14,MTC,2.9696,384,3712,3,29,0.00,269,0,47.94
890,15,MTC,0.0000,384,0,3,0,0.00,4970,0,47.94
890,16,MTC,0.0000,384,0,3,0,0.00,255,0,47.94
890,17,MTC,0.0000,384,0,3,0,0.00,137,0,47.94
890,18,MTC,0.3072,384,384,3,3,0.00,137,0,47.94
890,19,MTC,0.2048,384,256,3,2,0.00,137,0,47.94
890,20,MTC,0.2048,384,256,3,2,0.00,137,0,47.94
900,1,eMBB,14.6688,18336,18336,12,12,0.00,335,0,22.93
900,2,eMBB,0.0000,18336,0,12,0,0.00,630603,0,22.93
900,3,eMBB,0.0000,18336,0,12,0,0.00,677041,0,22.93
900,4,eMBB,18.3360,18336,22920,12,15,0.00,52858,0,22.93
900,5,eMBB,0.0000,18336,0,12,0,0.00,655317,0,22.93
900,6,URLLC,0.2496,390,312,5,4,0.00,87,0,45.25
900,7,URLLC,0.2496,390,312,5,4,0.00,87,0,45.25
900,8,URLLC,0.2496,390,312,5,4,0.00,87,0,45.25
900,9,URLLC,0.2496,390,312,5,4,0.00,87,0,45.25
900,10,URLLC,0.0000,390,0,5,0,0.00,9691,0,45.25
900,11,MTC,0.2048,256,256,2,2,0.00,137,0,31.81
900,12,MTC,0.2048,256,256,2,2,0.00,137,0,31.81
900,13,MTC,0.0000,256,0,2,0,0.00,805,0,31.81
900,14,MTC,0.0000,256,0,2,0,0.00,64,0,31.81
900,15,MTC,0.0000,256,0,2,0,0.00,4970,0,31.81
900,16,MTC,0.0000,256,0,2,0,0.00,533,0,31.81
900,17,MTC,0.0000,256,0,2,0,0.00,137,0,31.81
900,18,MTC,0.3072,256,384,2,3,0.00,137,0,31.81
900,19,MTC,0.2048,256,256,2,2,0.00,137,0,31.81
900,20,MTC,0.2048,256,256,2,2,0.00,137,0,31.81
910,1,eMBB,14.6688,18336,18336,12,12,0.00,3380,0,30.52
910,2,eMBB,0.0000,18336,0,12,0,0.00,630603,0,30.52
910,3,eMBB,0.0000,18336,0,12,0,0.00,713461,0,30.52
910,4,eMBB,17.1136,18336,21392,12,14,0.00,50639,0,30.52
910,5,eMBB,0.0000,18336,0,12,0,0.00,697054,0,30.52
910,6,URLLC,0.3120,390,390,5,5,0.00,87,0,40.66
910,7,URLLC,0.3120,390,390,5,5,0.00,87,0,40.66
910,8,URLLC,0.3120,390,390,5,5,0.00,87,0,40.66
910,9,URLLC,0.3120,390,390,5,5,0.00,87,0,40.66
910,10,URLLC,0.0000,390,0,5,0,0.00,10689,0,40.66
910,11,MTC,0.3072,384,384,3,3,0.00,137,0,28.82
910,12,MTC,0.3072,384,384,3,3,0.00,137,0,28.82
910,13,MTC,0.0000,384,0,3,0,0.00,805,0,28.82
910,14,MTC,0.0000,384,0,3,0,0.00,64,0,28.82
910,15,MTC,0.0000,384,0,3,0,0.00,4963,0,28.82
910,16,MTC,0.0000,384,0,3,0,0.00,533,0,28.82
910,17,MTC,0.0000,384,0,3,0,0.00,137,0,28.82
910,18,MTC,0.2048,384,256,3,2,0.00,137,0,28.82
910,19,MTC,0.3072,384,384,3,3,0.00,137,0,28.82
910,20,MTC,0.3072,384,384,3,3,0.00,137,0,28.82
920,1,eMBB,14.6688,16808,18336,11,12,0.00,4601,0,51.12
920,2,eMBB,0.0000,16808,0,11,0,0.00,662014,0,51.12
920,3,eMBB,0.0000,16808,0,11,0,0.00,726776,0,51.12
920,4,eMBB,19.5584,16808,24448,11,16,0.00,44517,0,51.12
920,5,eMBB,0.0000,16808,0,11,0,0.00,697054,0,51.12
920,6,URLLC,0.3744,390,468,5,6,0.00,87,0,26.71
920,7,URLLC,0.3744,390,468,5,6,0.00,87,0,26.71
920,8,URLLC,0.3744,390,468,5,6,0.00,87,0,26.71
920,9,URLLC,0.3744,390,468,5,6,0.00,87,0,26.71
920,10,URLLC,0.0000,390,0,5,0,0.00,10689,0,26.71
920,11,MTC,0.3072,256,384,2,3,0.00,137,0,22.17
920,12,MTC,0.3072,256,384,2,3,0.00,137,0,22.17
920,13,MTC,0.0000,256,0,2,0,0.00,805,0,22.17
920,14,MTC,0.0000,256,0,2,0,0.00,137,0,22.17
920,15,MTC,0.0000,256,0,2,0,0.00,3196,0,22.17
920,16,MTC,0.0000,256,0,2,0,0.00,137,0,22.17
920,17,MTC,0.0000,256,0,2,0,0.00,137,0,22.17
920,18,MTC,0.5120,256,640,2,5,0.00,137,0,22.17
920,19,MTC,0.3072,256,384,2,3,0.00,137,0,22.17
920,20,MTC,0.3072,256,384,2,3,0.00,137,0,22.17
930,1,eMBB,15.8912,18336,19864,12,13,0.00,1537,0,23.87
930,2,eMBB,0.0000,18336,0,12,0,0.00,662014,0,23.87
930,3,eMBB,0.0000,18336,0,12,0,0.00,744349,0,23.87
930,4,eMBB,18.3360,18336,22920,12,15,0.00,40446,0,23.87
930,5,eMBB,0.0000,18336,0,12,0,0.00,734881,0,23.87
930,6,URLLC,0.3120,390,390,5,5,0.00,87,0,43.41
930,7,URLLC,0.3120,390,390,5,5,0.00,87,0,43.41
930,8,URLLC,0.3120,390,390,5,5,0.00,87,0,43.41
930,9,URLLC,0.3120,390,390,5,5,0.00,87,0,43.41
930,10,URLLC,0.0000,390,0,5,0,0.00,10729,0,43.41
930,11,MTC,0.2048,384,256,3,2,0.00,137,0,32.72
930,12,MTC,0.2048,384,256,3,2,0.00,137,0,32.72
930,13,MTC,0.0000,384,0,3,0,0.00,805,0,32.72
930,14,MTC,0.0000,384,0,3,0,0.00,137,0,32.72
930,15,MTC,0.0000,384,0,3,0,0.00,3196,0,32.72
930,16,MTC,0.0000,384,0,3,0,0.00,137,0,32.72
930,17,MTC,0.0000,384,0,3,0,0.00,269,0,32.72
930,18,MTC,0.1024,384,128,3,1,0.00,137,0,32.72
930,19,MTC,0.2048,384,256,3,2,0.00,137,0,32.72
930,20,MTC,0.2048,384,256,3,2,0.00,137,0,32.72
940,1,eMBB,13.4464,18336,16808,12,11,0.00,1537,0,22.01
940,2,eMBB,0.0000,18336,0,12,0,0.00,693027,0,22.01
940,3,eMBB,0.0000,18336,0,12,0,0.00,757860,0,22.01
940,4,eMBB,12.2240,18336,15280,12,10,0.00,40725,0,22.01
940,5,eMBB,0.0000,18336,0,12,0,0.00,740732,0,22.01
940,6,URLLC,0.3120,390,390,5,5,0.00,87,0,54.54
940,7,URLLC,0.3120,390,390,5,5,0.00,87,0,54.54
940,8,URLLC,0.3120,390,390,5,5,0.00,87,0,54.54
940,9,URLLC,0.3120,390,390,5,5,0.00,87,0,54.54
940,10,URLLC,0.0000,390,0,5,0,0.00,10900,0,54.54
940,11,MTC,0.3072,256,384,2,3,0.00,137,0,23.45
940,12,MTC,0.3072,256,384,2,3,0.00,137,0,23.45
940,13,MTC,0.0000,256,0,2,0,0.00,805,0,23.45
940,14,MTC,0.0000,256,0,2,0,0.00,137,0,23.45
940,15,MTC,0.0000,256,0,2,0,0.00,3243,0,23.45
940,16,MTC,0.0000,256,0,2,0,0.00,665,0,23.45
940,17,MTC,0.0000,256,0,2,0,0.00,269,0,23.45
940,18,MTC,0.2048,256,256,2,2,0.00,137,0,23.45
940,19,MTC,0.3072,256,384,2,3,0.00,137,0,23.45
940,20,MTC,0.3072,256,384,2,3,0.00,137,0,23.45
950,1,eMBB,14.6688,16808,18336,11,12,0.00,1537,0,27.09
950,2,eMBB,0.0000,16808,0,11,0,0.00,693027,0,27.09
950,3,eMBB,0.0000,16808,0,11,0,0.00,780705,0,27.09
950,4,eMBB,18.3360,16808,22920,11,15,0.00,32560,0,27.09
950,5,eMBB,0.0000,16808,0,11,0,0.00,740732,0,27.09
950,6,URLLC,0.3120,390,390,5,5,0.00,87,0,37.31
950,7,URLLC,0.3120,390,390,5,5,0.00,87,0,37.31
950,8,URLLC,0.3120,390,390,5,5,0.00,87,0,37.31
950,9,URLLC,0.3120,390,390,5,5,0.00,87,0,37.31
950,10,URLLC,0.0000,390,0,5,0,0.00,10900,0,37.31
950,11,MTC,0.2048,384,256,3,2,0.00,137,0,35.60
950,12,MTC,0.2048,384,256,3,2,0.00,137,0,35.60
950,13,MTC,0.0000,384,0,3,0,0.00,805,0,35.60
950,14,MTC,0.0000,384,0,3,0,0.00,137,0,35.60
950,15,MTC,0.0000,384,0,3,0,0.00,3487,0,35.60
950,16,MTC,0.0000,384,0,3,0,0.00,665,0,35.60
950,17,MTC,0.0000,384,0,3,0,0.00,269,0,35.60
950,18,MTC,0.2048,384,256,3,2,0.00,137,0,35.60
950,19,MTC,0.2048,384,256,3,2,0.00,137,0,35.60
950,20,MTC,0.2048,384,256,3,2,0.00,137,0,35.60
960,1,eMBB,11.0016,18336,13752,12,9,0.00,1537,0,30.17
960,2,eMBB,0.0000,18336,0,12,0,0.00,728234,0,30.17
960,3,eMBB,0.0000,18336,0,12,0,0.00,780705,0,30.17
960,4,eMBB,22.0032,18336,27504,12,18,0.00,21763,0,30.17
960,5,eMBB,0.0000,18336,0,12,0,0.00,790940,0,30.17
960,6,URLLC,0.3120,390,390,5,5,0.00,87,0,36.35
960,7,URLLC,0.3120,390,390,5,5,0.00,87,0,36.35
960,8,URLLC,0.3120,390,390,5,5,0.00,87,0,36.35
960,9,URLLC,0.3120,390,390,5,5,0.00,87,0,36.35
960,10,URLLC,0.0000,390,0,5,0,0.00,10941,0,36.35
960,11,MTC,0.3072,256,384,2,3,0.00,137,0,33.48
960,12,MTC,0.3072,256,384,2,3,0.00,137,0,33.48
960,13,MTC,0.0000,256,0,2,0,0.00,805,0,33.48
960,14,MTC,0.0000,256,0,2,0,0.00,137,0,33.48
960,15,MTC,0.0000,256,0,2,0,0.00,3487,0,33.48
960,16,MTC,0.0000,256,0,2,0,0.00,442,0,33.48
960,17,MTC,0.0000,256,0,2,0,0.00,609,0,33.48
960,18,MTC,0.2048,256,256,2,2,0.00,137,0,33.48
960,19,MTC,0.3072,256,384,2,3,0.00,137,0,33.48
960,20,MTC,0.3072,256,384,2,3,0.00,137,0,33.48
970,1,eMBB,15.8912,18336,19864,12,13,0.00,1537,0,30.12
970,2,eMBB,0.0000,18336,0,12,0,0.00,745044,0,30.12
970,3,eMBB,0.0000,18336,0,12,0,0.00,803659,0,30.12
970,4,eMBB,15.8912,18336,19864,12,13,0.00,23043,0,30.12
970,5,eMBB,0.0000,18336,0,12,0,0.00,802723,0,30.12
970,6,URLLC,0.2496,390,312,5,4,0.00,87,0,50.17
970,7,URLLC,0.2496,390,312,5,4,0.00,87,0,50.17
970,8,URLLC,0.2496,390,312,5,4,0.00,87,0,50.17
970,9,URLLC,0.2496,390,312,5,4,0.00,87,0,50.17
970,10,URLLC,0.0000,390,0,5,0,0.00,7382,0,50.17
970,11,MTC,0.2048,384,256,3,2,0.00,137,0,19.70
970,12,MTC,0.2048,384,256,3,2,0.00,137,0,19.70
970,13,MTC,0.0000,384,0,3,0,0.00,805,0,19.70
970,14,MTC,0.0000,384,0,3,0,0.00,137,0,19.70
970,15,MTC,0.0000,384,0,3,0,0.00,2460,0,19.70
970,16,MTC,0.0000,384,0,3,0,0.00,269,0,19.70
970,17,MTC,0.0000,384,0,3,0,0.00,269,0,19.70
970,18,MTC,0.2048,384,256,3,2,0.00,137,0,19.70
970,19,MTC,0.2048,384,256,3,2,0.00,137,0,19.70
970,20,MTC,0.2048,384,256,3,2,0.00,137,0,19.70
980,1,eMBB,14.6688,16808,18336,11,12,0.00,3699,0,30.11
980,2,eMBB,0.0000,16808,0,11,0,0.00,757258,0,30.11
980,3,eMBB,0.0000,16808,0,11,0,0.00,829238,0,30.11
980,4,eMBB,14.6688,16808,18336,11,12,0.00,25574,0,30.11
980,5,eMBB,1.2224,16808,1528,11,1,0.00,826254,0,30.11
980,6,URLLC,0.3120,390,390,5,5,0.00,87,0,40.08
980,7,URLLC,0.3120,390,390,5,5,0.00,87,0,40.08
980,8,URLLC,0.3120,390,390,5,5,0.00,87,0,40.08
980,9,URLLC,0.3120,390,390,5,5,0.00,87,0,40.08
980,10,URLLC,0.0000,390,0,5,0,0.00,7399,0,40.08
980,11,MTC,0.2048,256,256,2,2,0.00,137,0,29.81
980,12,MTC,0.2048,256,256,2,2,0.00,137,0,29.81
980,13,MTC,0.0000,256,0,2,0,0.00,805,0,29.81
980,14,MTC,0.0000,256,0,2,0,0.00,137,0,29.81
980,15,MTC,0.0000,256,0,2,0,0.00,2460,0,29.81
980,16,MTC,0.0000,256,0,2,0,0.00,507,0,29.81
980,17,MTC,0.0000,256,0,2,0,0.00,401,0,29.81
980,18,MTC,0.4096,256,512,2,4,0.00,137,0,29.81
980,19,MTC,0.2048,256,256,2,2,0.00,137,0,29.81
980,20,MTC,0.2048,256,256,2,2,0.00,137,0,29.81
990,1,eMBB,14.6688,18336,18336,12,12,0.00,3069,0,33.02
990,2,eMBB,0.0000,18336,0,12,0,0.00,779204,0,33.02
990,3,eMBB,0.0000,18336,0,12,0,0.00,829238,0,33.02
990,4,eMBB,15.8912,18336,19864,12,13,0.00,22354,0,33.02
990,5,eMBB,0.0000,18336,0,12,0,0.00,826254,0,33.02
990,6,URLLC,0.3744,390,468,5,6,0.00,87,0,47.52
990,7,URLLC,0.3744,390,468,5,6,0.00,87,0,47.52
990,8,URLLC,0.3744,390,468,5,6,0.00,87,0,47.52
990,9,URLLC,0.3744,390,468,5,6,0.00,87,0,47.52
990,10,URLLC,0.0000,390,0,5,0,0.00,4935,0,47.52
990,11,MTC,0.3072,384,384,3,3,0.00,137,0,19.46
990,12,MTC,0.3072,384,384,3,3,0.00,137,0,19.46
990,13,MTC,0.0000,384,0,3,0,0.00,805,0,19.46
990,14,MTC,3.9936,384,4992,3,39,0.00,269,0,19.46
990,15,MTC,0.0000,384,0,3,0,0.00,2664,0,19.46
990,16,MTC,0.0000,384,0,3,0,0.00,401,0,19.46
990,17,MTC,0.0000,384,0,3,0,0.00,269,0,19.46
990,18,MTC,0.0000,384,0,3,0,0.00,137,0,19.46
990,19,MTC,0.3072,384,384,3,3,0.00,137,0,19.46
990,20,MTC,0.3072,384,384,3,3,0.00,137,0,19.46
1000,1,eMBB,14.6688,18336,18336,12,12,0.00,1537,0,35.78
1000,2,eMBB,0.0000,18336,0,12,0,0.00,779204,0,35.78
1000,3,eMBB,0.0000,18336,0,12,0,0.00,854729,0,35.78
1000,4,eMBB,23.2256,18336,29032,12,19,0.00,12475,0,35.78
1000,5,eMBB,0.0000,18336,0,12,0,0.00,826254,0,35.78
1000,6,URLLC,0.3120,390,390,5,5,0.00,87,0,42.91
1000,7,URLLC,0.3120,390,390,5,5,0.00,87,0,42.91
1000,8,URLLC,0.3120,390,390,5,5,0.00,87,0,42.91
1000,9,URLLC,0.3120,390,390,5,5,0.00,87,0,42.91
1000,10,URLLC,0.0000,390,0,5,0,0.00,4935,0,42.91
1000,11,MTC,0.3072,256,384,2,3,0.00,137,0,21.31
1000,12,MTC,0.3072,256,384,2,3,0.00,137,0,21.31
1000,13,MTC,0.0000,256,0,2,0,0.00,805,0,21.31
1000,14,MTC,0.4096,256,512,2,4,0.00,137,0,21.31
1000,15,MTC,0.0000,256,0,2,0,0.00,2664,0,21.31
1000,16,MTC,0.0000,256,0,2,0,0.00,401,0,21.31
1000,17,MTC,0.0000,256,0,2,0,0.00,117,0,21.31
1000,18,MTC,0.1024,256,128,2,1,0.00,137,0,21.31
1000,19,MTC,0.3072,256,384,2,3,0.00,137,0,21.31
1000,20,MTC,0.3072,256,384,2,3,0.00,137,0,21.31
1010,1,eMBB,14.6688,16808,18336,11,12,0.00,1537,0,23.01
1010,2,eMBB,0.0000,16808,0,11,0,0.00,810395,0,23.01
1010,3,eMBB,0.0000,16808,0,11,0,0.00,876553,0,23.01
1010,4,eMBB,19.5584,16808,24448,11,16,0.00,3873,0,23.01
1010,5,eMBB,0.0000,16808,0,11,0,0.00,864206,0,23.01
1010,6,URLLC,0.3120,390,390,5,5,0.00,87,0,57.11
1010,7,URLLC,0.3120,390,390,5,5,0.00,87,0,57.11
1010,8,URLLC,0.3120,390,390,5,5,0.00,87,0,57.11
1010,9,URLLC,0.3120,390,390,5,5,0.00,87,0,57.11
1010,10,URLLC,0.0000,390,0,5,0,0.00,3589,0,57.11
1010,11,MTC,0.2048,384,256,3,2,0.00,137,0,19.87
1010,12,MTC,0.2048,384,256,3,2,0.00,137,0,19.87
1010,13,MTC,0.0000,384,0,3,0,0.00,805,0,19.87
1010,14,MTC,0.0000,384,0,3,0,0.00,137,0,19.87
1010,15,MTC,0.0000,384,0,3,0,0.00,2535,0,19.87
1010,16,MTC,0.0000,384,0,3,0,0.00,401,0,19.87
1010,17,MTC,0.0000,384,0,3,0,0.00,533,0,19.87
1010,18,MTC,0.0000,384,0,3,0,0.00,137,0,19.87
1010,19,MTC,0.2048,384,256,3,2,0.00,137,0,19.87
1010,20,MTC,0.2048,384,256,3,2,0.00,137,0,19.87
1020,1,eMBB,14.6688,18336,18336,12,12,0.00,1537,0,32.67
1020,2,eMBB,0.0000,18336,0,12,0,0.00,810395,0,32.67
1020,3,eMBB,0.0000,18336,0,12,0,0.00,876553,0,32.67
1020,4,eMBB,14.6688,18336,18336,12,12,0.00,1537,0,32.67
1020,5,eMBB,0.0000,18336,0,12,0,0.00,864206,0,32.67
1020,6,URLLC,0.3120,390,390,5,5,0.00,87,0,41.13
1020,7,URLLC,0.3120,390,390,5,5,0.00,87,0,41.13
1020,8,URLLC,0.3120,390,390,5,5,0.00,87,0,41.13
1020,9,URLLC,0.3120,390,390,5,5,0.00,87,0,41.13
1020,10,URLLC,0.0000,390,0,5,0,0.00,3589,0,41.13
1020,11,MTC,0.3072,256,384,2,3,0.00,137,0,26.20
1020,12,MTC,0.3072,256,384,2,3,0.00,137,0,26.20
1020,13,MTC,0.0000,256,0,2,0,0.00,805,0,26.20
1020,14,MTC,0.4096,256,512,2,4,0.00,137,0,26.20
1020,15,MTC,0.0000,256,0,2,0,0.00,2535,0,26.20
1020,16,MTC,0.0000,256,0,2,0,0.00,1323,0,26.20
1020,17,MTC,0.0000,256,0,2,0,0.00,771,0,26.20
1020,18,MTC,0.0000,256,0,2,0,0.00,137,0,26.20
1020,19,MTC,0.3072,256,384,2,3,0.00,137,0,26.20
1020,20,MTC,0.3072,256,384,2,3,0.00,137,0,26.20
1030,1,eMBB,12.2240,18336,15280,12,10,0.00,1537,0,38.37
1030,2,eMBB,0.0000,18336,0,12,0,0.00,837668,0,38.37
1030,3,eMBB,0.0000,18336,0,12,0,0.00,900741,0,38.37
1030,4,eMBB,13.4464,18336,16808,12,11,0.00,1537,0,38.37
1030,5,eMBB,0.0000,18336,0,12,0,0.00,913183,0,38.37
1030,6,URLLC,0.3120,390,390,5,5,0.00,87,0,41.00
1030,7,URLLC,0.3120,390,390,5,5,0.00,87,0,41.00
1030,8,URLLC,0.3120,390,390,5,5,0.00,87,0,41.00
1030,9,URLLC,0.3120,390,390,5,5,0.00,87,0,41.00
1030,10,URLLC,0.0000,390,0,5,0,0.00,3449,0,41.00
1030,11,MTC,0.2048,384,256,3,2,0.00,137,0,20.63
1030,12,MTC,0.2048,384,256,3,2,0.00,137,0,20.63
1030,13,MTC,0.0000,384,0,3,0,0.00,805,0,20.63
1030,14,MTC,0.3072,384,384,3,3,0.00,137,0,20.63
1030,15,MTC,0.0000,384,0,3,0,0.00,2904,0,20.63
1030,16,MTC,0.0000,384,0,3,0,0.00,1171,0,20.63
1030,17,MTC,0.0000,384,0,3,0,0.00,751,0,20.63
1030,18,MTC,0.0000,384,0,3,0,0.00,137,0,20.63
1030,19,MTC,0.2048,384,256,3,2,0.00,137,0,20.63
1030,20,MTC,0.2048,384,256,3,2,0.00,137,0,20.63
1040,1,eMBB,13.4464,16808,16808,11,11,0.00,1799,0,31.05
1040,2,eMBB,0.0000,16808,0,11,0,0.00,859074,0,31.05
1040,3,eMBB,0.0000,16808,0,11,0,0.00,924798,0,31.05
1040,4,eMBB,14.6688,16808,18336,11,12,0.00,4209,0,31.05
1040,5,eMBB,0.0000,16808,0,11,0,0.00,913183,0,31.05
1040,6,URLLC,0.2496,390,312,5,4,0.00,87,0,44.94
1040,7,URLLC,0.2496,390,312,5,4,0.00,87,0,44.94
1040,8,URLLC,0.2496,390,312,5,4,0.00,87,0,44.94
1040,9,URLLC,0.2496,390,312,5,4,0.00,87,0,44.94
1040,10,URLLC,0.0000,390,0,5,0,0.00,2946,0,44.94
1040,11,MTC,0.2048,256,256,2,2,0.00,137,0,24.01
1040,12,MTC,0.2048,256,256,2,2,0.00,137,0,24.01
1040,13,MTC,0.0000,256,0,2,0,0.00,805,0,24.01
1040,14,MTC,0.2048,256,256,2,2,0.00,137,0,24.01
1040,15,MTC,0.0000,256,0,2,0,0.00,2856,0,24.01
1040,16,MTC,0.0000,256,0,2,0,0.00,1171,0,24.01
1040,17,MTC,0.0000,256,0,2,0,0.00,545,0,24.01
1040,18,MTC,0.0000,256,0,2,0,0.00,137,0,24.01
1040,19,MTC,0.2048,256,256,2,2,0.00,137,0,24.01
1040,20,MTC,0.2048,256,256,2,2,0.00,137,0,24.01
1050,1,eMBB,14.6688,18336,18336,12,12,0.00,2202,0,27.52
1050,2,eMBB,0.0000,18336,0,12,0,0.00,870840,0,27.52
1050,3,eMBB,0.0000,18336,0,12,0,0.00,937766,0,27.52
1050,4,eMBB,14.6688,18336,18336,12,12,0.00,3429,0,27.52
1050,5,eMBB,0.0000,18336,0,12,0,0.00,942249,0,27.52
1050,6,URLLC,0.3120,390,390,5,5,0.00,87,0,41.86
1050,7,URLLC,0.3120,390,390,5,5,0.00,87,0,41.86
1050,8,URLLC,0.3120,390,390,5,5,0.00,87,0,41.86
1050,9,URLLC,0.3120,390,390,5,5,0.00,87,0,41.86
1050,10,URLLC,0.0000,390,0,5,0,0.00,799,0,41.86
1050,11,MTC,0.3072,384,384,3,3,0.00,137,0,30.61
1050,12,MTC,0.3072,384,384,3,3,0.00,137,0,30.61
1050,13,MTC,0.0000,384,0,3,0,0.00,805,0,30.61
1050,14,MTC,0.2048,384,256,3,2,0.00,137,0,30.61
1050,15,MTC,0.0000,384,0,3,0,0.00,2329,0,30.61
1050,16,MTC,0.0000,384,0,3,0,0.00,1171,0,30.61
1050,17,MTC,0.0000,384,0,3,0,0.00,545,0,30.61
1050,18,MTC,0.0000,384,0,3,0,0.00,137,0,30.61
1050,19,MTC,0.3072,384,384,3,3,0.00,137,0,30.61
1050,20,MTC,0.3072,384,384,3,3,0.00,137,0,30.61
1060,1,eMBB,14.6688,18336,18336,12,12,0.00,3152,0,24.35
1060,2,eMBB,0.0000,18336,0,12,0,0.00,894436,0,24.35
1060,3,eMBB,0.0000,18336,0,12,0,0.00,960704,0,24.35
1060,4,eMBB,11.0016,18336,13752,12,9,0.00,7978,0,24.35
1060,5,eMBB,0.0000,18336,0,12,0,0.00,966324,0,24.35
1060,6,URLLC,0.3744,390,468,5,6,0.00,87,0,44.09
1060,7,URLLC,0.3744,390,468,5,6,0.00,87,0,44.09
1060,8,URLLC,0.3744,390,468,5,6,0.00,87,0,44.09
1060,9,URLLC,0.3744,390,468,5,6,0.00,87,0,44.09
1060,10,URLLC,0.0000,390,0,5,0,0.00,251,0,44.09
1060,11,MTC,0.3072,256,384,2,3,0.00,137,0,31.56
1060,12,MTC,0.3072,256,384,2,3,0.00,137,0,31.56
1060,13,MTC,0.0000,256,0,2,0,0.00,805,0,31.56
1060,14,MTC,0.0000,256,0,2,0,0.00,137,0,31.56
1060,15,MTC,0.0000,256,0,2,0,0.00,2351,0,31.56
1060,16,MTC,0.0000,256,0,2,0,0.00,1171,0,31.56
1060,17,MTC,0.0000,256,0,2,0,0.00,137,0,31.56
1060,18,MTC,0.0000,256,0,2,0,0.00,137,0,31.56
1060,19,MTC,0.3072,256,384,2,3,0.00,137,0,31.56
1060,20,MTC,0.3072,256,384,2,3,0.00,137,0,31.56
1070,1,eMBB,15.8912,16808,19864,11,13,0.00,1537,0,40.08
1070,2,eMBB,0.0000,16808,0,11,0,0.00,897813,0,40.08
1070,3,eMBB,0.0000,16808,0,11,0,0.00,960704,0,40.08
1070,4,eMBB,18.3360,16808,22920,11,15,0.00,3442,0,40.08
1070,5,eMBB,0.0000,16808,0,11,0,0.00,971890,0,40.08
1070,6,URLLC,0.3120,390,390,5,5,0.00,87,0,39.27
1070,7,URLLC,0.3120,390,390,5,5,0.00,87,0,39.27
1070,8,URLLC,0.3120,390,390,5,5,0.00,87,0,39.27
1070,9,URLLC,0.3120,390,390,5,5,0.00,87,0,39.27
1070,10,URLLC,0.0000,390,0,5,0,0.00,333,0,39.27
1070,11,MTC,0.2048,384,256,3,2,0.00,137,0,20.65
1070,12,MTC,0.2048,384,256,3,2,0.00,137,0,20.65
1070,13,MTC,0.0000,384,0,3,0,0.00,805,0,20.65
1070,14,MTC,0.4096,384,512,3,4,0.00,39,0,20.65
1070,15,MTC,0.0000,384,0,3,0,0.00,1386,0,20.65
1070,16,MTC,0.0000,384,0,3,0,0.00,1516,0,20.65
1070,17,MTC,0.0000,384,0,3,0,0.00,137,0,20.65
1070,18,MTC,1.5360,384,1920,3,15,0.00,21,0,20.65
1070,19,MTC,0.2048,384,256,3,2,0.00,137,0,20.65
1070,20,MTC,0.2048,384,256,3,2,0.00,137,0,20.65
1080,1,eMBB,14.6688,18336,18336,12,12,0.00,1537,0,50.80
1080,2,eMBB,0.0000,18336,0,12,0,0.00,923361,0,50.80
1080,3,eMBB,0.0000,18336,0,12,0,0.00,960704,0,50.80
1080,4,eMBB,13.4464,18336,16808,12,11,0.00,1983,0,50.80
1080,5,eMBB,1.2224,18336,1528,12,1,0.00,971890,0,50.80
1080,6,URLLC,0.3120,390,390,5,5,0.00,87,0,31.06
1080,7,URLLC,0.3120,390,390,5,5,0.00,87,0,31.06
1080,8,URLLC,0.3120,390,390,5,5,0.00,87,0,31.06
1080,9,URLLC,0.3120,390,390,5,5,0.00,87,0,31.06
1080,10,URLLC,0.0000,390,0,5,0,0.00,87,0,31.06
1080,11,MTC,0.3072,256,384,2,3,0.00,137,0,18.14
1080,12,MTC,0.3072,256,384,2,3,0.00,137,0,18.14
1080,13,MTC,0.0000,256,0,2,0,0.00,805,0,18.14
1080,14,MTC,0.0000,256,0,2,0,0.00,137,0,18.14
1080,15,MTC,0.0000,256,0,2,0,0.00,1386,0,18.14
1080,16,MTC,0.0000,256,0,2,0,0.00,137,0,18.14
1080,17,MTC,0.0000,256,0,2,0,0.00,137,0,18.14
1080,18,MTC,0.3072,256,384,2,3,0.00,137,0,18.14
1080,19,MTC,0.3072,256,384,2,3,0.00,137,0,18.14
1080,20,MTC,0.3072,256,384,2,3,0.00,137,0,18.14
1090,1,eMBB,13.4464,18336,16808,12,11,0.00,1537,0,35.36
1090,2,eMBB,0.0000,18336,0,12,0,0.00,942484,0,35.36
1090,3,eMBB,0.0000,18336,0,12,0,0.00,960704,0,35.36
1090,4,eMBB,14.6688,18336,18336,12,12,0.00,2366,0,35.36
1090,5,eMBB,0.0000,18336,0,12,0,0.00,971890,0,35.36
1090,6,URLLC,0.3120,390,390,5,5,0.00,87,0,37.05
1090,7,URLLC,0.3120,390,390,5,5,0.00,87,0,37.05
1090,8,URLLC,0.3120,390,390,5,5,0.00,87,0,37.05
1090,9,URLLC,0.3120,390,390,5,5,0.00,87,0,37.05
1090,10,URLLC,0.0000,390,0,5,0,0.00,497,0,37.05
1090,11,MTC,0.2048,384,256,3,2,0.00,137,0,27.59
1090,12,MTC,0.2048,384,256,3,2,0.00,137,0,27.59
1090,13,MTC,0.0000,384,0,3,0,0.00,805,0,27.59
1090,14,MTC,0.5120,384,640,3,5,0.00,137,0,27.59
1090,15,MTC,0.0000,384,0,3,0,0.00,1386,0,27.59
1090,16,MTC,0.0000,384,0,3,0,0.00,269,0,27.59
1090,17,MTC,0.0000,384,0,3,0,0.00,137,0,27.59
1090,18,MTC,0.0000,384,0,3,0,0.00,137,0,27.59
1090,19,MTC,0.2048,384,256,3,2,0.00,137,0,27.59
1090,20,MTC,0.2048,384,256,3,2,0.00,137,0,27.59
1100,1,eMBB,13.4464,16808,16808,11,11,0.00,1537,0,35.03
1100,2,eMBB,0.0000,16808,0,11,0,0.00,942484,0,35.03
1100,3,eMBB,0.0000,16808,0,11,0,0.00,1022954,0,35.03
1100,4,eMBB,12.2240,16808,15280,11,10,0.00,1537,0,35.03
1100,5,eMBB,0.0000,16808,0,11,0,0.00,971890,0,35.03
1100,6,URLLC,0.3120,390,390,5,5,0.00,87,0,35.54
1100,7,URLLC,0.3120,390,390,5,5,0.00,87,0,35.54
1100,8,URLLC,0.3120,390,390,5,5,0.00,87,0,35.54
1100,9,URLLC,0.3120,390,390,5,5,0.00,87,0,35.54
1100,10,URLLC,0.0000,390,0,5,0,0.00,497,0,35.54
1100,11,MTC,0.3072,256,384,2,3,0.00,137,0,29.42
1100,12,MTC,0.3072,256,384,2,3,0.00,137,0,29.42
1100,13,MTC,0.0000,256,0,2,0,0.00,805,0,29.42
1100,14,MTC,0.0000,256,0,2,0,0.00,137,0,29.42
1100,15,MTC,0.0000,256,0,2,0,0.00,2194,0,29.42
1100,16,MTC,0.0000,256,0,2,0,0.00,269,0,29.42
1100,17,MTC,0.0000,256,0,2,0,0.00,137,0,29.42
1100,18,MTC,0.0000,256,0,2,0,0.00,137,0,29.42
1100,19,MTC,0.3072,256,384,2,3,0.00,137,0,29.42
1100,20,MTC,0.3072,256,384,2,3,0.00,137,0,29.42
1110,1,eMBB,13.4464,18336,16808,12,11,0.00,2973,0,27.15
1110,2,eMBB,0.0000,18336,0,12,0,0.00,967871,0,27.15
1110,3,eMBB,0.0000,18336,0,12,0,0.00,1022954,0,27.15
1110,4,eMBB,15.8912,18336,19864,12,13,0.00,1278,0,27.15
1110,5,eMBB,0.0000,18336,0,12,0,0.00,971890,0,27.15
1110,6,URLLC,0.2496,390,312,5,4,0.00,87,0,49.16
1110,7,URLLC,0.2496,390,312,5,4,0.00,87,0,49.16
1110,8,URLLC,0.2496,390,312,5,4,0.00,87,0,49.16
1110,9,URLLC,0.2496,390,312,5,4,0.00,87,0,49.16
1110,10,URLLC,0.0000,390,0,5,0,0.00,661,0,49.16
1110,11,MTC,0.2048,384,256,3,2,0.00,137,0,23.69
1110,12,MTC,0.2048,384,256,3,2,0.00,137,0,23.69
1110,13,MTC,0.0000,384,0,3,0,0.00,805,0,23.69
1110,14,MTC,0.3072,384,384,3,3,0.00,137,0,23.69
1110,15,MTC,0.0000,384,0,3,0,0.00,1507,0,23.69
1110,16,MTC,0.0000,384,0,3,0,0.00,313,0,23.69
1110,17,MTC,0.0000,384,0,3,0,0.00,1341,0,23.69
1110,18,MTC,0.8192,384,1024,3,8,0.00,137,0,23.69
1110,19,MTC,0.2048,384,256,3,2,0.00,137,0,23.69
1110,20,MTC,0.2048,384,256,3,2,0.00,137,0,23.69
1120,1,eMBB,14.6688,18336,18336,12,12,0.00,3562,0,34.67
1120,2,eMBB,0.0000,18336,0,12,0,0.00,993070,0,34.67
1120,3,eMBB,0.0000,18336,0,12,0,0.00,1059178,0,34.67
1120,4,eMBB,14.6688,18336,18336,12,12,0.00,4154,0,34.67
1120,5,eMBB,0.0000,18336,0,12,0,0.00,1070837,0,34.67
1120,6,URLLC,0.3120,390,390,5,5,0.00,87,0,40.90
1120,7,URLLC,0.3120,390,390,5,5,0.00,87,0,40.90
1120,8,URLLC,0.3120,390,390,5,5,0.00,87,0,40.90
1120,9,URLLC,0.3120,390,390,5,5,0.00,87,0,40.90
1120,10,URLLC,0.0000,390,0,5,0,0.00,87,0,40.90
1120,11,MTC,0.2048,256,256,2,2,0.00,137,0,24.43
1120,12,MTC,0.2048,256,256,2,2,0.00,137,0,24.43
1120,13,MTC,0.0000,256,0,2,0,0.00,805,0,24.43
1120,14,MTC,0.1024,256,128,2,1,0.00,137,0,24.43
1120,15,MTC,0.0000,256,0,2,0,0.00,1507,0,24.43
1120,16,MTC,0.0000,256,0,2,0,0.00,401,0,24.43
1120,17,MTC,0.0000,256,0,2,0,0.00,1341,0,24.43
1120,18,MTC,0.2048,256,256,2,2,0.00,137,0,24.43
1120,19,MTC,0.2048,256,256,2,2,0.00,137,0,24.43
1120,20,MTC,0.2048,256,256,2,2,0.00,137,0,24.43
1130,1,eMBB,14.6688,16808,18336,11,12,0.00,4601,0,31.64
1130,2,eMBB,0.0000,16808,0,11,0,0.00,1010366,0,31.64
1130,3,eMBB,0.0000,16808,0,11,0,0.00,1083885,0,31.64
1130,4,eMBB,14.6688,16808,18336,11,12,0.00,4601,0,31.64
1130,5,eMBB,0.0000,16808,0,11,0,0.00,1083858,0,31.64
1130,6,URLLC,0.3744,390,468,5,6,0.00,87,0,49.58
1130,7,URLLC,0.3744,390,468,5,6,0.00,87,0,49.58
1130,8,URLLC,0.3744,390,468,5,6,0.00,87,0,49.58
1130,9,URLLC,0.3744,390,468,5,6,0.00,87,0,49.58
1130,10,URLLC,0.0000,390,0,5,0,0.00,497,0,49.58
1130,11,MTC,0.3072,384,384,3,3,0.00,137,0,18.78
1130,12,MTC,0.3072,384,384,3,3,0.00,137,0,18.78
1130,13,MTC,0.0000,384,0,3,0,0.00,805,0,18.78
1130,14,MTC,0.3072,384,384,3,3,0.00,137,0,18.78
1130,15,MTC,0.0000,384,0,3,0,0.00,1507,0,18.78
1130,16,MTC,0.0000,384,0,3,0,0.00,533,0,18.78
1130,17,MTC,0.0000,384,0,3,0,0.00,1341,0,18.78
1130,18,MTC,0.1024,384,128,3,1,0.00,137,0,18.78
1130,19,MTC,0.3072,384,384,3,3,0.00,137,0,18.78
1130,20,MTC,0.3072,384,384,3,3,0.00,137,0,18.78
1140,1,eMBB,15.8912,18336,19864,12,13,0.00,1537,0,36.80
1140,2,eMBB,0.0000,18336,0,12,0,0.00,1010366,0,36.80
1140,3,eMBB,0.0000,18336,0,12,0,0.00,1101779,0,36.80
1140,4,eMBB,12.2240,18336,15280,12,10,0.00,4776,0,36.80
1140,5,eMBB,2.4448,18336,3056,12,2,0.00,1100673,0,36.80
1140,6,URLLC,0.3120,390,390,5,5,0.00,87,0,43.72
1140,7,URLLC,0.3120,390,390,5,5,0.00,87,0,43.72
1140,8,URLLC,0.3120,390,390,5,5,0.00,87,0,43.72
1140,9,URLLC,0.3120,390,390,5,5,0.00,87,0,43.72
1140,10,URLLC,0.0000,390,0,5,0,0.00,169,0,43.72
1140,11,MTC,0.3072,256,384,2,3,0.00,137,0,19.48
1140,12,MTC,0.3072,256,384,2,3,0.00,137,0,19.48
1140,13,MTC,0.0000,256,0,2,0,0.00,805,0,19.48
1140,14,MTC,0.5120,256,640,2,5,0.00,137,0,19.48
1140,15,MTC,0.0000,256,0,2,0,0.00,1507,0,19.48
1140,16,MTC,0.0000,256,0,2,0,0.00,533,0,19.48
1140,17,MTC,0.0000,256,0,2,0,0.00,1341,0,19.48
1140,18,MTC,0.2048,256,256,2,2,0.00,137,0,19.48
1140,19,MTC,0.3072,256,384,2,3,0.00,137,0,19.48
1140,20,MTC,0.3072,256,384,2,3,0.00,137,0,19.48
1150,1,eMBB,13.4464,18336,16808,12,11,0.00,1537,0,25.61
1150,2,eMBB,0.0000,18336,0,12,0,0.00,1034262,0,25.61
1150,3,eMBB,0.0000,18336,0,12,0,0.00,1119140,0,25.61
1150,4,eMBB,13.4464,18336,16808,12,11,0.00,5584,0,25.61
1150,5,eMBB,0.0000,18336,0,12,0,0.00,1100673,0,25.61
1150,6,URLLC,0.3120,390,390,5,5,0.00,87,0,30.13
1150,7,URLLC,0.3120,390,390,5,5,0.00,87,0,30.13
1150,8,URLLC,0.3120,390,390,5,5,0.00,87,0,30.13
1150,9,URLLC,0.3120,390,390,5,5,0.00,87,0,30.13
1150,10,URLLC,0.0000,390,0,5,0,0.00,169,0,30.13
1150,11,MTC,0.2048,384,256,3,2,0.00,137,0,44.26
1150,12,MTC,0.2048,384,256,3,2,0.00,137,0,44.26
1150,13,MTC,0.0000,384,0,3,0,0.00,13560,0,44.26
1150,14,MTC,0.4096,384,512,3,4,0.00,137,0,44.26
1150,15,MTC,0.0000,384,0,3,0,0.00,1507,0,44.26
1150,16,MTC,0.0000,384,0,3,0,0.00,750,0,44.26
1150,17,MTC,0.0000,384,0,3,0,0.00,1341,0,44.26
1150,18,MTC,0.5120,384,640,3,5,0.00,137,0,44.26
1150,19,MTC,0.2048,384,256,3,2,0.00,137,0,44.26
1150,20,MTC,0.2048,384,256,3,2,0.00,137,0,44.26
1160,1,eMBB,13.4464,16808,16808,11,11,0.00,2911,0,27.74
1160,2,eMBB,0.0000,16808,0,11,0,0.00,1056934,0,27.74
1160,3,eMBB,0.0000,16808,0,11,0,0.00,1119140,0,27.74
1160,4,eMBB,12.2240,16808,15280,11,10,0.00,4920,0,27.74
1160,5,eMBB,0.0000,16808,0,11,0,0.00,1136719,0,27.74
1160,6,URLLC,0.3120,390,390,5,5,0.00,87,0,34.93
1160,7,URLLC,0.3120,390,390,5,5,0.00,87,0,34.93
1160,8,URLLC,0.3120,390,390,5,5,0.00,87,0,34.93
1160,9,URLLC,0.3120,390,390,5,5,0.00,87,0,34.93
1160,10,URLLC,0.0000,390,0,5,0,0.00,415,0,34.93
1160,11,MTC,0.3072,256,384,2,3,0.00,137,0,37.33
1160,12,MTC,0.3072,256,384,2,3,0.00,137,0,37.33
1160,13,MTC,0.0000,256,0,2,0,0.00,13560,0,37.33
1160,14,MTC,0.0000,256,0,2,0,0.00,137,0,37.33
1160,15,MTC,0.0000,256,0,2,0,0.00,2395,0,37.33
1160,16,MTC,0.0000,256,0,2,0,0.00,533,0,37.33
1160,17,MTC,0.0000,256,0,2,0,0.00,2511,0,37.33
1160,18,MTC,0.2048,256,256,2,2,0.00,137,0,37.33
1160,19,MTC,0.3072,256,384,2,3,0.00,137,0,37.33
1160,20,MTC,0.3072,256,384,2,3,0.00,137,0,37.33
1170,1,eMBB,13.4464,18336,16808,12,11,0.00,1537,0,25.19
1170,2,eMBB,0.0000,18336,0,12,0,0.00,1068408,0,25.19
1170,3,eMBB,0.0000,18336,0,12,0,0.00,1119140,0,25.19
1170,4,eMBB,17.1136,18336,21392,12,14,0.00,441,0,25.19
1170,5,eMBB,0.0000,18336,0,12,0,0.00,1149996,0,25.19
1170,6,URLLC,0.3120,390,390,5,5,0.00,87,0,42.67
1170,7,URLLC,0.3120,390,390,5,5,0.00,87,0,42.67
1170,8,URLLC,0.3120,390,390,5,5,0.00,87,0,42.67
1170,9,URLLC,0.3120,390,390,5,5,0.00,87,0,42.67
1170,10,URLLC,0.0000,390,0,5,0,0.00,333,0,42.67
1170,11,MTC,0.2048,384,256,3,2,0.00,137,0,32.14
1170,12,MTC,0.2048,384,256,3,2,0.00,137,0,32.14
1170,13,MTC,0.0000,384,0,3,0,0.00,13560,0,32.14
1170,14,MTC,0.1024,384,128,3,1,0.00,137,0,32.14
1170,15,MTC,0.0000,384,0,3,0,0.00,2395,0,32.14
1170,16,MTC,0.0000,384,0,3,0,0.00,533,0,32.14
1170,17,MTC,0.0000,384,0,3,0,0.00,137,0,32.14
1170,18,MTC,0.3072,384,384,3,3,0.00,137,0,32.14
1170,19,MTC,0.2048,384,256,3,2,0.00,137,0,32.14
1170,20,MTC,0.2048,384,256,3,2,0.00,137,0,32.14
1180,1,eMBB,14.6688,18336,18336,12,12,0.00,1661,0,24.40
1180,2,eMBB,0.0000,18336,0,12,0,0.00,1089111,0,24.40
1180,3,eMBB,0.0000,18336,0,12,0,0.00,1119140,0,24.40
1180,4,eMBB,14.6688,18336,18336,12,12,0.00,4722,0,24.40
1180,5,eMBB,0.0000,18336,0,12,0,0.00,1173928,0,24.40
1180,6,URLLC,0.2496,390,312,5,4,0.00,87,0,48.86
1180,7,URLLC,0.2496,390,312,5,4,0.00,87,0,48.86
1180,8,URLLC,0.2496,390,312,5,4,0.00,87,0,48.86
1180,9,URLLC,0.2496,390,312,5,4,0.00,87,0,48.86
1180,10,URLLC,0.0000,390,0,5,0,0.00,333,0,48.86
1180,11,MTC,0.2048,256,256,2,2,0.00,137,0,26.73
1180,12,MTC,0.2048,256,256,2,2,0.00,137,0,26.73
1180,13,MTC,0.0000,256,0,2,0,0.00,13560,0,26.73
1180,14,MTC,0.3072,256,384,2,3,0.00,137,0,26.73
1180,15,MTC,0.0000,256,0,2,0,0.00,2395,0,26.73
1180,16,MTC,0.0000,256,0,2,0,0.00,737,0,26.73
1180,17,MTC,0.0000,256,0,2,0,0.00,137,0,26.73
1180,18,MTC,0.2048,256,256,2,2,0.00,137,0,26.73
1180,19,MTC,0.2048,256,256,2,2,0.00,137,0,26.73
1180,20,MTC,0.2048,256,256,2,2,0.00,137,0,26.73
1190,1,eMBB,14.6688,16808,18336,11,12,0.00,1929,0,24.45
1190,2,eMBB,0.0000,16808,0,11,0,0.00,1089111,0,24.45
1190,3,eMBB,0.0000,16808,0,11,0,0.00,1119140,0,24.45
1190,4,eMBB,14.6688,16808,18336,11,12,0.00,4066,0,24.45
1190,5,eMBB,0.0000,16808,0,11,0,0.00,1173928,0,24.45
1190,6,URLLC,0.3120,390,390,5,5,0.00,87,0,30.85
1190,7,URLLC,0.3120,390,390,5,5,0.00,87,0,30.85
1190,8,URLLC,0.3120,390,390,5,5,0.00,87,0,30.85
1190,9,URLLC,0.3120,390,390,5,5,0.00,87,0,30.85
1190,10,URLLC,0.0000,390,0,5,0,0.00,579,0,30.85
1190,11,MTC,0.3072,384,384,3,3,0.00,137,0,44.69
1190,12,MTC,0.3072,384,384,3,3,0.00,137,0,44.69
1190,13,MTC,0.0000,384,0,3,0,0.00,12022,0,44.69
1190,14,MTC,0.3072,384,384,3,3,0.00,137,0,44.69
1190,15,MTC,0.0000,384,0,3,0,0.00,1061,0,44.69
1190,16,MTC,0.0000,384,0,3,0,0.00,465,0,44.69
1190,17,MTC,0.0000,384,0,3,0,0.00,137,0,44.69
1190,18,MTC,0.2048,384,256,3,2,0.00,137,0,44.69
1190,19,MTC,0.3072,384,384,3,3,0.00,137,0,44.69
1190,20,MTC,0.3072,384,384,3,3,0.00,137,0,44.69
1200,1,eMBB,14.6688,18336,18336,12,12,0.00,3069,0,26.40
1200,2,eMBB,0.0000,18336,0,12,0,0.00,1112738,0,26.40
1200,3,eMBB,0.0000,18336,0,12,0,0.00,1205573,0,26.40
1200,4,eMBB,14.6688,18336,18336,12,12,0.00,3830,0,26.40
1200,5,eMBB,0.0000,18336,0,12,0,0.00,1209751,0,26.40
1200,6,URLLC,0.3744,390,468,5,6,0.00,87,0,38.19
1200,7,URLLC,0.3744,390,468,5,6,0.00,87,0,38.19
1200,8,URLLC,0.3744,390,468,5,6,0.00,87,0,38.19
1200,9,URLLC,0.3744,390,468,5,6,0.00,87,0,38.19
1200,10,URLLC,0.0000,390,0,5,0,0.00,87,0,38.19
1200,11,MTC,0.3072,256,384,2,3,0.00,137,0,35.41
1200,12,MTC,0.3072,256,384,2,3,0.00,137,0,35.41
1200,13,MTC,0.0000,256,0,2,0,0.00,12022,0,35.41
1200,14,MTC,0.3072,256,384,2,3,0.00,137,0,35.41
1200,15,MTC,0.0000,256,0,2,0,0.00,1061,0,35.41
1200,16,MTC,0.0000,256,0,2,0,0.00,401,0,35.41
1200,17,MTC,0.0000,256,0,2,0,0.00,137,0,35.41
1200,18,MTC,0.2048,256,256,2,2,0.00,137,0,35.41
1200,19,MTC,0.3072,256,384,2,3,0.00,137,0,35.41
1200,20,MTC,0.3072,256,384,2,3,0.00,137,0,35.41
1210,1,eMBB,14.6688,18336,18336,12,12,0.00,1537,0,40.09
1210,2,eMBB,0.0000,18336,0,12,0,0.00,1112738,0,40.09
1210,3,eMBB,0.0000,18336,0,12,0,0.00,1205573,0,40.09
1210,4,eMBB,15.8912,18336,19864,12,13,0.00,1134,0,40.09
1210,5,eMBB,0.0000,18336,0,12,0,0.00,1216992,0,40.09
1210,6,URLLC,0.3120,390,390,5,5,0.00,87,0,39.97
1210,7,URLLC,0.3120,390,390,5,5,0.00,87,0,39.97
1210,8,URLLC,0.3120,390,390,5,5,0.00,87,0,39.97
1210,9,URLLC,0.3120,390,390,5,5,0.00,87,0,39.97
1210,10,URLLC,0.0000,390,0,5,0,0.00,415,0,39.97
1210,11,MTC,0.2048,384,256,3,2,0.00,137,0,19.93
1210,12,MTC,0.2048,384,256,3,2,0.00,137,0,19.93
1210,13,MTC,0.0000,384,0,3,0,0.00,12022,0,19.93
1210,14,MTC,0.2048,384,256,3,2,0.00,137,0,19.93
1210,15,MTC,0.0000,384,0,3,0,0.00,1061,0,19.93
1210,16,MTC,0.0000,384,0,3,0,0.00,401,0,19.93
1210,17,MTC,0.0000,384,0,3,0,0.00,137,0,19.93
1210,18,MTC,0.0000,384,0,3,0,0.00,137,0,19.93
1210,19,MTC,0.2048,384,256,3,2,0.00,137,0,19.93
1210,20,MTC,0.2048,384,256,3,2,0.00,137,0,19.93
1220,1,eMBB,13.4464,16808,16808,11,11,0.00,2143,0,34.06
1220,2,eMBB,0.0000,16808,0,11,0,0.00,1154574,0,34.06
1220,3,eMBB,0.0000,16808,0,11,0,0.00,1205573,0,34.06
1220,4,eMBB,11.0016,16808,13752,11,9,0.00,5254,0,34.06
1220,5,eMBB,0.0000,16808,0,11,0,0.00,1240220,0,34.06
1220,6,URLLC,0.3120,390,390,5,5,0.00,87,0,35.10
1220,7,URLLC,0.3120,390,390,5,5,0.00,87,0,35.10
1220,8,URLLC,0.3120,390,390,5,5,0.00,87,0,35.10
1220,9,URLLC,0.3120,390,390,5,5,0.00,87,0,35.10
1220,10,URLLC,0.0000,390,0,5,0,0.00,333,0,35.10
1220,11,MTC,0.3072,256,384,2,3,0.00,137,0,30.84
1220,12,MTC,0.3072,256,384,2,3,0.00,137,0,30.84
1220,13,MTC,0.0000,256,0,2,0,0.00,12818,0,30.84
1220,14,MTC,0.5120,256,640,2,5,0.00,137,0,30.84
1220,15,MTC,0.0000,256,0,2,0,0.00,552,0,30.84
1220,16,MTC,0.0000,256,0,2,0,0.00,137,0,30.84
1220,17,MTC,0.0000,256,0,2,0,0.00,1325,0,30.84
1220,18,MTC,0.0000,256,0,2,0,0.00,137,0,30.84
1220,19,MTC,0.3072,256,384,2,3,0.00,137,0,30.84
1220,20,MTC,0.3072,256,384,2,3,0.00,137,0,30.84
1230,1,eMBB,14.6688,18336,18336,12,12,0.00,1537,0,26.47
1230,2,eMBB,0.0000,18336,0,12,0,0.00,1154574,0,26.47
1230,3,eMBB,0.0000,18336,0,12,0,0.00,1258457,0,26.47
1230,4,eMBB,13.4464,18336,16808,12,11,0.00,4326,0,26.47
1230,5,eMBB,0.0000,18336,0,12,0,0.00,1240220,0,26.47
1230,6,URLLC,0.3120,390,390,5,5,0.00,87,0,31.18
1230,7,URLLC,0.3120,390,390,5,5,0.00,87,0,31.18
1230,8,URLLC,0.3120,390,390,5,5,0.00,87,0,31.18
1230,9,URLLC,0.3120,390,390,5,5,0.00,87,0,31.18
1230,10,URLLC,0.0000,390,0,5,0,0.00,251,0,31.18
1230,11,MTC,0.2048,384,256,3,2,0.00,137,0,42.35
1230,12,MTC,0.2048,384,256,3,2,0.00,137,0,42.35
1230,13,MTC,0.0000,384,0,3,0,0.00,12818,0,42.35
1230,14,MTC,0.0000,384,0,3,0,0.00,137,0,42.35
1230,15,MTC,0.0000,384,0,3,0,0.00,137,0,42.35
1230,16,MTC,0.0000,384,0,3,0,0.00,137,0,42.35
1230,17,MTC,0.0000,384,0,3,0,0.00,1216,0,42.35
1230,18,MTC,0.0000,384,0,3,0,0.00,137,0,42.35
1230,19,MTC,0.2048,384,256,3,2,0.00,137,0,42.35
1230,20,MTC,0.2048,384,256,3,2,0.00,137,0,42.35
1240,1,eMBB,13.4464,18336,16808,12,11,0.00,1537,0,44.64
1240,2,eMBB,0.0000,18336,0,12,0,0.00,1186345,0,44.64
1240,3,eMBB,0.0000,18336,0,12,0,0.00,1274485,0,44.64
1240,4,eMBB,15.8912,18336,19864,12,13,0.00,1537,0,44.64
1240,5,eMBB,0.0000,18336,0,12,0,0.00,1277993,0,44.64
1240,6,URLLC,0.3120,390,390,5,5,0.00,87,0,31.86
1240,7,URLLC,0.3120,390,390,5,5,0.00,87,0,31.86
1240,8,URLLC,0.3120,390,390,5,5,0.00,87,0,31.86
1240,9,URLLC,0.3120,390,390,5,5,0.00,87,0,31.86
1240,10,URLLC,0.0000,390,0,5,0,0.00,579,0,31.86
1240,11,MTC,0.3072,256,384,2,3,0.00,137,0,23.50
1240,12,MTC,0.3072,256,384,2,3,0.00,137,0,23.50
1240,13,MTC,0.0000,256,0,2,0,0.00,12818,0,23.50
1240,14,MTC,0.0000,256,0,2,0,0.00,137,0,23.50
1240,15,MTC,0.0000,256,0,2,0,0.00,269,0,23.50
1240,16,MTC,0.0000,256,0,2,0,0.00,401,0,23.50
1240,17,MTC,0.0000,256,0,2,0,0.00,584,0,23.50
1240,18,MTC,0.0000,256,0,2,0,0.00,137,0,23.50
1240,19,MTC,0.3072,256,384,2,3,0.00,137,0,23.50
1240,20,MTC,0.3072,256,384,2,3,0.00,137,0,23.50
1250,1,eMBB,13.4464,16808,16808,11,11,0.00,1537,0,25.85
1250,2,eMBB,0.0000,16808,0,11,0,0.00,1199197,0,25.85
1250,3,eMBB,0.0000,16808,0,11,0,0.00,1286300,0,25.85
1250,4,eMBB,12.2240,16808,15280,11,10,0.00,4577,0,25.85
1250,5,eMBB,0.0000,16808,0,11,0,0.00,1277993,0,25.85
1250,6,URLLC,0.2496,390,312,5,4,0.00,87,0,47.06
1250,7,URLLC,0.2496,390,312,5,4,0.00,87,0,47.06
1250,8,URLLC,0.2496,390,312,5,4,0.00,87,0,47.06
1250,9,URLLC,0.2496,390,312,5,4,0.00,87,0,47.06
1250,10,URLLC,0.0000,390,0,5,0,0.00,642,0,47.06
1250,11,MTC,0.2048,384,256,3,2,0.00,137,0,27.09
1250,12,MTC,0.2048,384,256,3,2,0.00,137,0,27.09
1250,13,MTC,0.0000,384,0,3,0,0.00,12416,0,27.09
1250,14,MTC,0.4096,384,512,3,4,0.00,137,0,27.09
1250,15,MTC,0.0000,384,0,3,0,0.00,269,0,27.09
1250,16,MTC,0.0000,384,0,3,0,0.00,401,0,27.09
1250,17,MTC,0.0000,384,0,3,0,0.00,584,0,27.09
1250,18,MTC,0.0000,384,0,3,0,0.00,137,0,27.09
1250,19,MTC,0.2048,384,256,3,2,0.00,137,0,27.09
1250,20,MTC,0.2048,384,256,3,2,0.00,137,0,27.09
1260,1,eMBB,14.6688,18336,18336,12,12,0.00,2859,0,37.06
1260,2,eMBB,0.0000,18336,0,12,0,0.00,1199197,0,37.06
1260,3,eMBB,0.0000,18336,0,12,0,0.00,1307289,0,37.06
1260,4,eMBB,17.1136,18336,21392,12,14,0.00,3847,0,37.06
1260,5,eMBB,0.0000,18336,0,12,0,0.00,1305354,0,37.06
1260,6,URLLC,0.3120,390,390,5,5,0.00,87,0,33.65
1260,7,URLLC,0.3120,390,390,5,5,0.00,87,0,33.65
1260,8,URLLC,0.3120,390,390,5,5,0.00,87,0,33.65
1260,9,URLLC,0.3120,390,390,5,5,0.00,87,0,33.65
1260,10,URLLC,0.0000,390,0,5,0,0.00,169,0,33.65
1260,11,MTC,0.2048,256,256,2,2,0.00,137,0,29.29
1260,12,MTC,0.2048,256,256,2,2,0.00,137,0,29.29
1260,13,MTC,0.0000,256,0,2,0,0.00,12416,0,29.29
1260,14,MTC,0.2048,256,256,2,2,0.00,137,0,29.29
1260,15,MTC,0.0000,256,0,2,0,0.00,665,0,29.29
1260,16,MTC,0.0000,256,0,2,0,0.00,137,0,29.29
1260,17,MTC,0.0000,256,0,2,0,0.00,137,0,29.29
1260,18,MTC,0.0000,256,0,2,0,0.00,137,0,29.29
1260,19,MTC,0.2048,256,256,2,2,0.00,137,0,29.29
1260,20,MTC,0.2048,256,256,2,2,0.00,137,0,29.29
1270,1,eMBB,15.8912,18336,19864,12,13,0.00,3069,0,41.51
1270,2,eMBB,0.0000,18336,0,12,0,0.00,1199197,0,41.51
1270,3,eMBB,0.0000,18336,0,12,0,0.00,1312739,0,41.51
1270,4,eMBB,14.6688,18336,18336,12,12,0.00,3256,0,41.51
1270,5,eMBB,0.0000,18336,0,12,0,0.00,1305354,0,41.51
1270,6,URLLC,0.3744,390,468,5,6,0.00,87,0,26.40
1270,7,URLLC,0.3744,390,468,5,6,0.00,87,0,26.40
1270,8,URLLC,0.3744,390,468,5,6,0.00,87,0,26.40
1270,9,URLLC,0.3744,390,468,5,6,0.00,87,0,26.40
1270,10,URLLC,0.0000,390,0,5,0,0.00,169,0,26.40
1270,11,MTC,0.3072,384,384,3,3,0.00,137,0,32.08
1270,12,MTC,0.3072,384,384,3,3,0.00,137,0,32.08
1270,13,MTC,0.0000,384,0,3,0,0.00,12416,0,32.08
1270,14,MTC,0.1024,384,128,3,1,0.00,137,0,32.08
1270,15,MTC,0.0000,384,0,3,0,0.00,665,0,32.08
1270,16,MTC,0.0000,384,0,3,0,0.00,137,0,32.08
1270,17,MTC,0.0000,384,0,3,0,0.00,137,0,32.08
1270,18,MTC,0.0000,384,0,3,0,0.00,137,0,32.08
1270,19,MTC,0.3072,384,384,3,3,0.00,137,0,32.08
1270,20,MTC,0.3072,384,384,3,3,0.00,137,0,32.08
1280,1,eMBB,14.6688,16808,18336,11,12,0.00,1537,0,27.27
1280,2,eMBB,0.0000,16808,0,11,0,0.00,1199197,0,27.27
1280,3,eMBB,0.0000,16808,0,11,0,0.00,1337209,0,27.27
1280,4,eMBB,13.4464,16808,16808,11,11,0.00,4694,0,27.27
1280,5,eMBB,0.0000,16808,0,11,0,0.00,1330569,0,27.27
1280,6,URLLC,0.3120,390,390,5,5,0.00,87,0,49.44
1280,7,URLLC,0.3120,390,390,5,5,0.00,87,0,49.44
1280,8,URLLC,0.3120,390,390,5,5,0.00,87,0,49.44
1280,9,URLLC,0.3120,390,390,5,5,0.00,87,0,49.44
1280,10,URLLC,0.0000,390,0,5,0,0.00,188,0,49.44
1280,11,MTC,0.3072,256,384,2,3,0.00,137,0,23.30
1280,12,MTC,0.3072,256,384,2,3,0.00,137,0,23.30
1280,13,MTC,0.0000,256,0,2,0,0.00,13002,0,23.30
1280,14,MTC,0.2048,256,256,2,2,0.00,269,0,23.30
1280,15,MTC,0.0000,256,0,2,0,0.00,533,0,23.30
1280,16,MTC,0.0000,256,0,2,0,0.00,533,0,23.30
1280,17,MTC,0.0000,256,0,2,0,0.00,665,0,23.30
1280,18,MTC,1.6384,256,2048,2,16,0.00,137,0,23.30
1280,19,MTC,0.3072,256,384,2,3,0.00,137,0,23.30
1280,20,MTC,0.3072,256,384,2,3,0.00,137,0,23.30
1290,1,eMBB,14.6688,18336,18336,12,12,0.00,3372,0,23.58
1290,2,eMBB,0.0000,18336,0,12,0,0.00,1268053,0,23.58
1290,3,eMBB,0.0000,18336,0,12,0,0.00,1341148,0,23.58
1290,4,eMBB,14.6688,18336,18336,12,12,0.00,1864,0,23.58
1290,5,eMBB,0.0000,18336,0,12,0,0.00,1360362,0,23.58
1290,6,URLLC,0.3120,390,390,5,5,0.00,87,0,46.22
1290,7,URLLC,0.3120,390,390,5,5,0.00,87,0,46.22
1290,8,URLLC,0.3120,390,390,5,5,0.00,87,0,46.22
1290,9,URLLC,0.3120,390,390,5,5,0.00,87,0,46.22
1290,10,URLLC,0.0000,390,0,5,0,0.00,188,0,46.22
1290,11,MTC,0.2048,384,256,3,2,0.00,137,0,30.20
1290,12,MTC,0.2048,384,256,3,2,0.00,137,0,30.20
1290,13,MTC,2.3552,384,2944,3,23,0.00,13002,0,30.20
1290,14,MTC,0.1024,384,128,3,1,0.00,137,0,30.20
1290,15,MTC,0.0000,384,0,3,0,0.00,533,0,30.20
1290,16,MTC,0.0000,384,0,3,0,0.00,533,0,30.20
1290,17,MTC,0.0000,384,0,3,0,0.00,430,0,30.20
1290,18,MTC,0.2048,384,256,3,2,0.00,137,0,30.20
1290,19,MTC,0.2048,384,256,3,2,0.00,137,0,30.20
1290,20,MTC,0.2048,384,256,3,2,0.00,137,0,30.20
1300,1,eMBB,12.2240,18336,15280,12,10,0.00,2375,0,30.29
1300,2,eMBB,0.0000,18336,0,12,0,0.00,1293731,0,30.29
1300,3,eMBB,0.0000,18336,0,12,0,0.00,1360698,0,30.29
1300,4,eMBB,13.4464,18336,16808,12,11,0.00,1472,0,30.29
1300,5,eMBB,0.0000,18336,0,12,0,0.00,1365964,0,30.29
1300,6,URLLC,0.3120,390,390,5,5,0.00,87,0,28.56
1300,7,URLLC,0.3120,390,390,5,5,0.00,87,0,28.56
1300,8,URLLC,0.3120,390,390,5,5,0.00,87,0,28.56
1300,9,URLLC,0.3120,390,390,5,5,0.00,87,0,28.56
1300,10,URLLC,0.0000,390,0,5,0,0.00,87,0,28.56
1300,11,MTC,0.3072,256,384,2,3,0.00,137,0,41.15
1300,12,MTC,0.3072,256,384,2,3,0.00,137,0,41.15
1300,13,MTC,0.0000,256,0,2,0,0.00,13002,0,41.15
1300,14,MTC,0.3072,256,384,2,3,0.00,137,0,41.15
1300,15,MTC,0.0000,256,0,2,0,0.00,958,0,41.15
1300,16,MTC,0.0000,256,0,2,0,0.00,844,0,41.15
1300,17,MTC,0.0000,256,0,2,0,0.00,137,0,41.15
1300,18,MTC,0.2048,256,256,2,2,0.00,137,0,41.15
1300,19,MTC,0.3072,256,384,2,3,0.00,137,0,41.15
1300,20,MTC,0.3072,256,384,2,3,0.00,137,0,41.15
1310,1,eMBB,13.4464,16808,16808,11,11,0.00,1537,0,24.73
1310,2,eMBB,0.0000,16808,0,11,0,0.00,1293731,0,24.73
1310,3,eMBB,0.0000,16808,0,11,0,0.00,1390931,0,24.73
1310,4,eMBB,13.4464,16808,16808,11,11,0.00,1537,0,24.73
1310,5,eMBB,0.0000,16808,0,11,0,0.00,1383920,0,24.73
1310,6,URLLC,0.3120,390,390,5,5,0.00,87,0,55.34
1310,7,URLLC,0.3120,390,390,5,5,0.00,87,0,55.34
1310,8,URLLC,0.3120,390,390,5,5,0.00,87,0,55.34
1310,9,URLLC,0.3120,390,390,5,5,0.00,87,0,55.34
1310,10,URLLC,0.0000,390,0,5,0,0.00,87,0,55.34
1310,11,MTC,0.2048,384,256,3,2,0.00,137,0,19.93
1310,12,MTC,0.2048,384,256,3,2,0.00,137,0,19.93
1310,13,MTC,0.0000,384,0,3,0,0.00,13002,0,19.93
1310,14,MTC,0.4096,384,512,3,4,0.00,137,0,19.93
1310,15,MTC,0.0000,384,0,3,0,0.00,891,0,19.93
1310,16,MTC,0.0000,384,0,3,0,0.00,844,0,19.93
1310,17,MTC,0.0000,384,0,3,0,0.00,137,0,19.93
1310,18,MTC,0.5120,384,640,3,5,0.00,137,0,19.93
1310,19,MTC,0.2048,384,256,3,2,0.00,137,0,19.93
1310,20,MTC,0.2048,384,256,3,2,0.00,137,0,19.93
1320,1,eMBB,14.6688,18336,18336,12,12,0.00,2700,0,31.67
1320,2,eMBB,0.0000,18336,0,12,0,0.00,1323590,0,31.67
1320,3,eMBB,0.0000,18336,0,12,0,0.00,1390931,0,31.67
1320,4,eMBB,14.6688,18336,18336,12,12,0.00,1894,0,31.67
1320,5,eMBB,0.0000,18336,0,12,0,0.00,1383920,0,31.67
1320,6,URLLC,0.2496,390,312,5,4,0.00,87,0,33.27
1320,7,URLLC,0.2496,390,312,5,4,0.00,87,0,33.27
1320,8,URLLC,0.2496,390,312,5,4,0.00,87,0,33.27
1320,9,URLLC,0.2496,390,312,5,4,0.00,87,0,33.27
1320,10,URLLC,0.0000,390,0,5,0,0.00,594,0,33.27
1320,11,MTC,0.2048,256,256,2,2,0.00,137,0,35.06
1320,12,MTC,0.2048,256,256,2,2,0.00,137,0,35.06
1320,13,MTC,0.0000,256,0,2,0,0.00,12266,0,35.06
1320,14,MTC,0.1024,256,128,2,1,0.00,269,0,35.06
1320,15,MTC,0.0000,256,0,2,0,0.00,891,0,35.06
1320,16,MTC,0.0000,256,0,2,0,0.00,533,0,35.06
1320,17,MTC,0.0000,256,0,2,0,0.00,401,0,35.06
1320,18,MTC,0.1024,256,128,2,1,0.00,137,0,35.06
1320,19,MTC,0.2048,256,256,2,2,0.00,137,0,35.06
1320,20,MTC,0.2048,256,256,2,2,0.00,137,0,35.06
1330,1,eMBB,14.6688,18336,18336,12,12,0.00,1929,0,53.09
1330,2,eMBB,0.0000,18336,0,12,0,0.00,1338868,0,53.09
1330,3,eMBB,0.0000,18336,0,12,0,0.00,1422719,0,53.09
1330,4,eMBB,15.8912,18336,19864,12,13,0.00,3441,0,53.09
1330,5,eMBB,0.0000,18336,0,12,0,0.00,1432560,0,53.09
1330,6,URLLC,0.3120,390,390,5,5,0.00,87,0,26.91
1330,7,URLLC,0.3120,390,390,5,5,0.00,87,0,26.91
1330,8,URLLC,0.3120,390,390,5,5,0.00,87,0,26.91
1330,9,URLLC,0.3120,390,390,5,5,0.00,87,0,26.91
1330,10,URLLC,0.0000,390,0,5,0,0.00,251,0,26.91
1330,11,MTC,0.3072,384,384,3,3,0.00,137,0,20.00
1330,12,MTC,0.3072,384,384,3,3,0.00,137,0,20.00
1330,13,MTC,0.0000,384,0,3,0,0.00,12266,0,20.00
1330,14,MTC,0.3072,384,384,3,3,0.00,137,0,20.00
1330,15,MTC,0.0000,384,0,3,0,0.00,797,0,20.00
1330,16,MTC,0.0000,384,0,3,0,0.00,375,0,20.00
1330,17,MTC,0.0000,384,0,3,0,0.00,556,0,20.00
1330,18,MTC,0.0000,384,0,3,0,0.00,137,0,20.00
1330,19,MTC,0.3072,384,384,3,3,0.00,137,0,20.00
1330,20,MTC,0.3072,384,384,3,3,0.00,137,0,20.00
1340,1,eMBB,14.6688,16808,18336,11,12,0.00,4601,0,30.22
1340,2,eMBB,0.0000,16808,0,11,0,0.00,1338868,0,30.22
1340,3,eMBB,0.0000,16808,0,11,0,0.00,1422719,0,30.22
1340,4,eMBB,14.6688,16808,18336,11,12,0.00,4601,0,30.22
1340,5,eMBB,1.2224,16808,1528,11,1,0.00,1449859,0,30.22
1340,6,URLLC,0.3744,390,468,5,6,0.00,87,0,25.74
1340,7,URLLC,0.3744,390,468,5,6,0.00,87,0,25.74
1340,8,URLLC,0.3744,390,468,5,6,0.00,87,0,25.74
1340,9,URLLC,0.3744,390,468,5,6,0.00,87,0,25.74
1340,10,URLLC,0.0000,390,0,5,0,0.00,251,0,25.74
1340,11,MTC,0.3072,256,384,2,3,0.00,137,0,44.04
1340,12,MTC,0.3072,256,384,2,3,0.00,137,0,44.04
1340,13,MTC,0.0000,256,0,2,0,0.00,12266,0,44.04
1340,14,MTC,0.1024,256,128,2,1,0.00,137,0,44.04
1340,15,MTC,0.0000,256,0,2,0,0.00,797,0,44.04
1340,16,MTC,0.0000,256,0,2,0,0.00,137,0,44.04
1340,17,MTC,0.0000,256,0,2,0,0.00,556,0,44.04
1340,18,MTC,0.0000,256,0,2,0,0.00,137,0,44.04
1340,19,MTC,0.3072,256,384,2,3,0.00,137,0,44.04
1340,20,MTC,0.3072,256,384,2,3,0.00,137,0,44.04
1350,1,eMBB,15.8912,18336,19864,12,13,0.00,1537,0,28.19
1350,2,eMBB,0.0000,18336,0,12,0,0.00,1370071,0,28.19
1350,3,eMBB,0.0000,18336,0,12,0,0.00,1456240,0,28.19
1350,4,eMBB,14.6688,18336,18336,12,12,0.00,3681,0,28.19
1350,5,eMBB,0.0000,18336,0,12,0,0.00,1449386,0,28.19
1350,6,URLLC,0.3120,390,390,5,5,0.00,87,0,41.51
1350,7,URLLC,0.3120,390,390,5,5,0.00,87,0,41.51
1350,8,URLLC,0.3120,390,390,5,5,0.00,87,0,41.51
1350,9,URLLC,0.3120,390,390,5,5,0.00,87,0,41.51
1350,10,URLLC,0.0000,390,0,5,0,0.00,251,0,41.51
1350,11,MTC,0.2048,384,256,3,2,0.00,137,0,30.30
1350,12,MTC,0.2048,384,256,3,2,0.00,137,0,30.30
1350,13,MTC,0.0000,384,0,3,0,0.00,12266,0,30.30
1350,14,MTC,0.4096,384,512,3,4,0.00,137,0,30.30
1350,15,MTC,0.0000,384,0,3,0,0.00,797,0,30.30
1350,16,MTC,0.0000,384,0,3,0,0.00,137,0,30.30
1350,17,MTC,0.0000,384,0,3,0,0.00,665,0,30.30
1350,18,MTC,0.0000,384,0,3,0,0.00,137,0,30.30
1350,19,MTC,0.2048,384,256,3,2,0.00,137,0,30.30
1350,20,MTC,0.2048,384,256,3,2,0.00,137,0,30.30
1360,1,eMBB,13.4464,18336,16808,12,11,0.00,1537,0,23.96
1360,2,eMBB,0.0000,18336,0,12,0,0.00,1389813,0,23.96
1360,3,eMBB,0.0000,18336,0,12,0,0.00,1456240,0,23.96
1360,4,eMBB,12.2240,18336,15280,12,10,0.00,4523,0,23.96
1360,5,eMBB,0.0000,18336,0,12,0,0.00,1478452,0,23.96
1360,6,URLLC,0.3120,390,390,5,5,0.00,87,0,52.02
1360,7,URLLC,0.3120,390,390,5,5,0.00,87,0,52.02
1360,8,URLLC,0.3120,390,390,5,5,0.00,87,0,52.02
1360,9,URLLC,0.3120,390,390,5,5,0.00,87,0,52.02
1360,10,URLLC,0.0000,390,0,5,0,0.00,907,0,52.02
1360,11,MTC,0.3072,256,384,2,3,0.00,137,0,24.02
1360,12,MTC,0.3072,256,384,2,3,0.00,137,0,24.02
1360,13,MTC,0.0000,256,0,2,0,0.00,12266,0,24.02
1360,14,MTC,0.6144,256,768,2,6,0.00,137,0,24.02
1360,15,MTC,0.0000,256,0,2,0,0.00,1323,0,24.02
1360,16,MTC,0.0000,256,0,2,0,0.00,137,0,24.02
1360,17,MTC,0.0000,256,0,2,0,0.00,724,0,24.02
1360,18,MTC,0.0000,256,0,2,0,0.00,137,0,24.02
1360,19,MTC,0.3072,256,384,2,3,0.00,137,0,24.02
1360,20,MTC,0.3072,256,384,2,3,0.00,137,0,24.02
1370,1,eMBB,14.6688,16808,18336,11,12,0.00,1537,0,27.25
1370,2,eMBB,0.0000,16808,0,11,0,0.00,1412261,0,27.25
1370,3,eMBB,0.0000,16808,0,11,0,0.00,1456240,0,27.25
1370,4,eMBB,14.6688,16808,18336,11,12,0.00,1430,0,27.25
1370,5,eMBB,0.0000,16808,0,11,0,0.00,1484196,0,27.25
1370,6,URLLC,0.3120,390,390,5,5,0.00,87,0,50.22
1370,7,URLLC,0.3120,390,390,5,5,0.00,87,0,50.22
1370,8,URLLC,0.3120,390,390,5,5,0.00,87,0,50.22
1370,9,URLLC,0.3120,390,390,5,5,0.00,87,0,50.22
1370,10,URLLC,0.0000,390,0,5,0,0.00,989,0,50.22
1370,11,MTC,0.2048,384,256,3,2,0.00,137,0,22.54
1370,12,MTC,0.2048,384,256,3,2,0.00,137,0,22.54
1370,13,MTC,0.0000,384,0,3,0,0.00,12266,0,22.54
1370,14,MTC,0.0000,384,0,3,0,0.00,137,0,22.54
1370,15,MTC,0.0000,384,0,3,0,0.00,1323,0,22.54
1370,16,MTC,0.0000,384,0,3,0,0.00,137,0,22.54
1370,17,MTC,0.0000,384,0,3,0,0.00,137,0,22.54
1370,18,MTC,0.1024,384,128,3,1,0.00,137,0,22.54
1370,19,MTC,0.2048,384,256,3,2,0.00,137,0,22.54
1370,20,MTC,0.2048,384,256,3,2,0.00,137,0,22.54
1380,1,eMBB,13.4464,18336,16808,12,11,0.00,1537,0,51.69
1380,2,eMBB,0.0000,18336,0,12,0,0.00,1422678,0,51.69
1380,3,eMBB,0.0000,18336,0,12,0,0.00,1506359,0,51.69
1380,4,eMBB,13.4464,18336,16808,12,11,0.00,2155,0,51.69
1380,5,eMBB,0.0000,18336,0,12,0,0.00,1502161,0,51.69
1380,6,URLLC,0.3120,390,390,5,5,0.00,87,0,28.79
1380,7,URLLC,0.3120,390,390,5,5,0.00,87,0,28.79
1380,8,URLLC,0.3120,390,390,5,5,0.00,87,0,28.79
1380,9,URLLC,0.3120,390,390,5,5,0.00,87,0,28.79
1380,10,URLLC,0.0000,390,0,5,0,0.00,989,0,28.79
1380,11,MTC,0.3072,256,384,2,3,0.00,137,0,19.52
1380,12,MTC,0.3072,256,384,2,3,0.00,137,0,19.52
1380,13,MTC,0.0000,256,0,2,0,0.00,14005,0,19.52
1380,14,MTC,0.2048,256,256,2,2,0.00,137,0,19.52
1380,15,MTC,0.0000,256,0,2,0,0.00,1643,0,19.52
1380,16,MTC,0.0000,256,0,2,0,0.00,137,0,19.52
1380,17,MTC,0.0000,256,0,2,0,0.00,137,0,19.52
1380,18,MTC,1.3312,256,1664,2,13,0.00,137,0,19.52
1380,19,MTC,0.3072,256,384,2,3,0.00,137,0,19.52
1380,20,MTC,0.3072,256,384,2,3,0.00,137,0,19.52
1390,1,eMBB,13.4464,18336,16808,12,11,0.00,1537,0,21.98
1390,2,eMBB,0.0000,18336,0,12,0,0.00,1442362,0,21.98
1390,3,eMBB,0.0000,18336,0,12,0,0.00,1530060,0,21.98
1390,4,eMBB,13.4464,18336,16808,12,11,0.00,3754,0,21.98
1390,5,eMBB,0.0000,18336,0,12,0,0.00,1502161,0,21.98
1390,6,URLLC,0.2496,390,312,5,4,0.00,87,0,44.88
1390,7,URLLC,0.2496,390,312,5,4,0.00,87,0,44.88
1390,8,URLLC,0.2496,390,312,5,4,0.00,87,0,44.88
1390,9,URLLC,0.2496,390,312,5,4,0.00,87,0,44.88
1390,10,URLLC,0.0000,390,0,5,0,0.00,989,0,44.88
1390,11,MTC,0.2048,384,256,3,2,0.00,137,0,33.14
1390,12,MTC,0.2048,384,256,3,2,0.00,137,0,33.14
1390,13,MTC,0.0000,384,0,3,0,0.00,11156,0,33.14
1390,14,MTC,0.0000,384,0,3,0,0.00,137,0,33.14
1390,15,MTC,0.0000,384,0,3,0,0.00,1643,0,33.14
1390,16,MTC,0.0000,384,0,3,0,0.00,137,0,33.14
1390,17,MTC,0.0000,384,0,3,0,0.00,137,0,33.14
1390,18,MTC,0.7168,384,896,3,7,0.00,137,0,33.14
1390,19,MTC,0.2048,384,256,3,2,0.00,137,0,33.14
1390,20,MTC,0.2048,384,256,3,2,0.00,137,0,33.14
1400,1,eMBB,14.6688,16808,18336,11,12,0.00,3425,0,29.10
1400,2,eMBB,0.0000,16808,0,11,0,0.00,1460439,0,29.10
1400,3,eMBB,0.0000,16808,0,11,0,0.00,1543152,0,29.10
1400,4,eMBB,17.1136,16808,21392,11,14,0.00,4095,0,29.10
1400,5,eMBB,1.2224,16808,1528,11,1,0.00,1551558,0,29.10
1400,6,URLLC,0.3120,390,390,5,5,0.00,87,0,34.73
1400,7,URLLC,0.3120,390,390,5,5,0.00,87,0,34.73
1400,8,URLLC,0.3120,390,390,5,5,0.00,87,0,34.73
1400,9,URLLC,0.3120,390,390,5,5,0.00,87,0,34.73
1400,10,URLLC,0.0000,390,0,5,0,0.00,1662,0,34.73
1400,11,MTC,0.2048,256,256,2,2,0.00,137,0,36.17
1400,12,MTC,0.2048,256,256,2,2,0.00,137,0,36.17
1400,13,MTC,0.0000,256,0,2,0,0.00,11156,0,36.17
1400,14,MTC,0.0000,256,0,2,0,0.00,137,0,36.17
1400,15,MTC,0.0000,256,0,2,0,0.00,1978,0,36.17
1400,16,MTC,0.0000,256,0,2,0,0.00,929,0,36.17
1400,17,MTC,0.0000,256,0,2,0,0.00,1061,0,36.17
1400,18,MTC,0.0000,256,0,2,0,0.00,137,0,36.17
1400,19,MTC,0.2048,256,256,2,2,0.00,137,0,36.17
1400,20,MTC,0.2048,256,256,2,2,0.00,137,0,36.17
1410,1,eMBB,14.6688,18336,18336,12,12,0.00,3069,0,36.11
1410,2,eMBB,0.0000,18336,0,12,0,0.00,1465723,0,36.11
1410,3,eMBB,0.0000,18336,0,12,0,0.00,1559300,0,36.11
1410,4,eMBB,13.4464,18336,16808,12,11,0.00,3659,0,36.11
1410,5,eMBB,0.0000,18336,0,12,0,0.00,1551558,0,36.11
1410,6,URLLC,0.3744,390,468,5,6,0.00,87,0,39.52
1410,7,URLLC,0.3744,390,468,5,6,0.00,87,0,39.52
1410,8,URLLC,0.3744,390,468,5,6,0.00,87,0,39.52
1410,9,URLLC,0.3744,390,468,5,6,0.00,87,0,39.52
1410,10,URLLC,0.0000,390,0,5,0,0.00,1662,0,39.52
1410,11,MTC,0.3072,384,384,3,3,0.00,137,0,24.37
1410,12,MTC,0.3072,384,384,3,3,0.00,137,0,24.37
1410,13,MTC,0.0000,384,0,3,0,0.00,11156,0,24.37
1410,14,MTC,0.4096,384,512,3,4,0.00,137,0,24.37
1410,15,MTC,0.0000,384,0,3,0,0.00,137,0,24.37
1410,16,MTC,0.0000,384,0,3,0,0.00,929,0,24.37
1410,17,MTC,0.0000,384,0,3,0,0.00,1061,0,24.37
1410,18,MTC,0.0000,384,0,3,0,0.00,137,0,24.37
1410,19,MTC,0.3072,384,384,3,3,0.00,137,0,24.37
1410,20,MTC,0.3072,384,384,3,3,0.00,137,0,24.37
1420,1,eMBB,14.6688,18336,18336,12,12,0.00,1537,0,45.55
1420,2,eMBB,0.0000,18336,0,12,0,0.00,1487059,0,45.55
1420,3,eMBB,0.0000,18336,0,12,0,0.00,1580186,0,45.55
1420,4,eMBB,15.8912,18336,19864,12,13,0.00,3201,0,45.55
1420,5,eMBB,2.4448,18336,3056,12,2,0.00,1583275,0,45.55
1420,6,URLLC,0.3120,390,390,5,5,0.00,87,0,30.76
1420,7,URLLC,0.3120,390,390,5,5,0.00,87,0,30.76
1420,8,URLLC,0.3120,390,390,5,5,0.00,87,0,30.76
1420,9,URLLC,0.3120,390,390,5,5,0.00,87,0,30.76
1420,10,URLLC,0.0000,390,0,5,0,0.00,1662,0,30.76
1420,11,MTC,0.3072,256,384,2,3,0.00,137,0,23.69
1420,12,MTC,0.3072,256,384,2,3,0.00,137,0,23.69
1420,13,MTC,0.0000,256,0,2,0,0.00,11156,0,23.69
1420,14,MTC,0.1024,256,128,2,1,0.00,137,0,23.69
1420,15,MTC,0.0000,256,0,2,0,0.00,137,0,23.69
1420,16,MTC,0.0000,256,0,2,0,0.00,739,0,23.69
1420,17,MTC,0.0000,256,0,2,0,0.00,797,0,23.69
1420,18,MTC,0.0000,256,0,2,0,0.00,137,0,23.69
1420,19,MTC,0.3072,256,384,2,3,0.00,137,0,23.69
1420,20,MTC,0.3072,256,384,2,3,0.00,137,0,23.69
1430,1,eMBB,14.6688,16808,18336,11,12,0.00,1537,0,37.93
1430,2,eMBB,0.0000,16808,0,11,0,0.00,1503040,0,37.93
1430,3,eMBB,0.0000,16808,0,11,0,0.00,1589469,0,37.93
1430,4,eMBB,12.2240,16808,15280,11,10,0.00,4544,0,37.93
1430,5,eMBB,1.2224,16808,1528,11,1,0.00,1599449,0,37.93
1430,6,URLLC,0.3120,390,390,5,5,0.00,87,0,37.84
1430,7,URLLC,0.3120,390,390,5,5,0.00,87,0,37.84
1430,8,URLLC,0.3120,390,390,5,5,0.00,87,0,37.84
1430,9,URLLC,0.3120,390,390,5,5,0.00,87,0,37.84
1430,10,URLLC,0.0000,390,0,5,0,0.00,1662,0,37.84
1430,11,MTC,0.2048,384,256,3,2,0.00,137,0,24.23
1430,12,MTC,0.2048,384,256,3,2,0.00,137,0,24.23
1430,13,MTC,0.0000,384,0,3,0,0.00,11156,0,24.23
1430,14,MTC,0.2048,384,256,3,2,0.00,137,0,24.23
1430,15,MTC,0.0000,384,0,3,0,0.00,269,0,24.23
1430,16,MTC,0.0000,384,0,3,0,0.00,739,0,24.23
1430,17,MTC,0.0000,384,0,3,0,0.00,137,0,24.23
1430,18,MTC,0.5120,384,640,3,5,0.00,126,0,24.23
1430,19,MTC,0.2048,384,256,3,2,0.00,137,0,24.23
1430,20,MTC,0.2048,384,256,3,2,0.00,137,0,24.23
1440,1,eMBB,13.4464,18336,16808,12,11,0.00,1537,0,36.21
1440,2,eMBB,0.0000,18336,0,12,0,0.00,1518471,0,36.21
1440,3,eMBB,0.0000,18336,0,12,0,0.00,1613766,0,36.21
1440,4,eMBB,12.2240,18336,15280,12,10,0.00,3662,0,36.21
1440,5,eMBB,0.0000,18336,0,12,0,0.00,1617074,0,36.21
1440,6,URLLC,0.3120,390,390,5,5,0.00,87,0,38.85
1440,7,URLLC,0.3120,390,390,5,5,0.00,87,0,38.85
1440,8,URLLC,0.3120,390,390,5,5,0.00,87,0,38.85
1440,9,URLLC,0.3120,390,390,5,5,0.00,87,0,38.85
1440,10,URLLC,0.0000,390,0,5,0,0.00,1662,0,38.85
1440,11,MTC,0.3072,256,384,2,3,0.00,137,0,24.94
1440,12,MTC,0.3072,256,384,2,3,0.00,137,0,24.94
1440,13,MTC,0.0000,256,0,2,0,0.00,11156,0,24.94
1440,14,MTC,0.3072,256,384,2,3,0.00,137,0,24.94
1440,15,MTC,0.0000,256,0,2,0,0.00,401,0,24.94
1440,16,MTC,0.0000,256,0,2,0,0.00,739,0,24.94
1440,17,MTC,0.0000,256,0,2,0,0.00,466,0,24.94
1440,18,MTC,0.0000,256,0,2,0,0.00,137,0,24.94
1440,19,MTC,0.3072,256,384,2,3,0.00,137,0,24.94
1440,20,MTC,0.3072,256,384,2,3,0.00,137,0,24.94
1450,1,eMBB,13.4464,18336,16808,12,11,0.00,1537,0,36.94
1450,2,eMBB,0.0000,18336,0,12,0,0.00,1518471,0,36.94
1450,3,eMBB,0.0000,18336,0,12,0,0.00,1618491,0,36.94
1450,4,eMBB,13.4464,18336,16808,12,11,0.00,1537,0,36.94
1450,5,eMBB,0.0000,18336,0,12,0,0.00,1627731,0,36.94
1450,6,URLLC,0.3120,390,390,5,5,0.00,87,0,38.87
1450,7,URLLC,0.3120,390,390,5,5,0.00,87,0,38.87
1450,8,URLLC,0.3120,390,390,5,5,0.00,87,0,38.87
1450,9,URLLC,0.3120,390,390,5,5,0.00,87,0,38.87
1450,10,URLLC,0.0000,390,0,5,0,0.00,3094,0,38.87
1450,11,MTC,0.2048,384,256,3,2,0.00,137,0,24.19
1450,12,MTC,0.2048,384,256,3,2,0.00,137,0,24.19
1450,13,MTC,0.0000,384,0,3,0,0.00,12357,0,24.19
1450,14,MTC,0.0000,384,0,3,0,0.00,137,0,24.19
1450,15,MTC,0.0000,384,0,3,0,0.00,363,0,24.19
1450,16,MTC,0.0000,384,0,3,0,0.00,947,0,24.19
1450,17,MTC,0.0000,384,0,3,0,0.00,137,0,24.19
1450,18,MTC,0.1024,384,128,3,1,0.00,137,0,24.19
1450,19,MTC,0.2048,384,256,3,2,0.00,137,0,24.19
1450,20,MTC,0.2048,384,256,3,2,0.00,137,0,24.19
1460,1,eMBB,13.4464,16808,16808,11,11,0.00,1537,0,29.98
1460,2,eMBB,0.0000,16808,0,11,0,0.00,1543385,0,29.98
1460,3,eMBB,0.0000,16808,0,11,0,0.00,1640891,0,29.98
1460,4,eMBB,17.1136,16808,21392,11,14,0.00,3976,0,29.98
1460,5,eMBB,0.0000,16808,0,11,0,0.00,1627731,0,29.98
1460,6,URLLC,0.2496,390,312,5,4,0.00,87,0,35.75
1460,7,URLLC,0.2496,390,312,5,4,0.00,87,0,35.75
1460,8,URLLC,0.2496,390,312,5,4,0.00,87,0,35.75
1460,9,URLLC,0.2496,390,312,5,4,0.00,87,0,35.75
1460,10,URLLC,0.0000,390,0,5,0,0.00,3093,0,35.75
1460,11,MTC,0.2048,256,256,2,2,0.00,137,0,34.27
1460,12,MTC,0.2048,256,256,2,2,0.00,137,0,34.27
1460,13,MTC,0.0000,256,0,2,0,0.00,8370,0,34.27
1460,14,MTC,0.9216,256,1152,2,9,0.00,137,0,34.27
1460,15,MTC,0.0000,256,0,2,0,0.00,363,0,34.27
1460,16,MTC,0.0000,256,0,2,0,0.00,947,0,34.27
1460,17,MTC,0.0000,256,0,2,0,0.00,98,0,34.27
1460,18,MTC,0.3072,256,384,2,3,0.00,137,0,34.27
1460,19,MTC,0.2048,256,256,2,2,0.00,137,0,34.27
1460,20,MTC,0.2048,256,256,2,2,0.00,137,0,34.27
1470,1,eMBB,14.6688,18336,18336,12,12,0.00,1203,0,40.21
1470,2,eMBB,0.0000,18336,0,12,0,0.00,1566323,0,40.21
1470,3,eMBB,0.0000,18336,0,12,0,0.00,1640891,0,40.21
1470,4,eMBB,14.6688,18336,18336,12,12,0.00,3124,0,40.21
1470,5,eMBB,0.0000,18336,0,12,0,0.00,1627731,0,40.21
1470,6,URLLC,0.3120,390,390,5,5,0.00,87,0,31.32
1470,7,URLLC,0.3120,390,390,5,5,0.00,87,0,31.32
1470,8,URLLC,0.3120,390,390,5,5,0.00,87,0,31.32
1470,9,URLLC,0.3120,390,390,5,5,0.00,87,0,31.32
1470,10,URLLC,0.0000,390,0,5,0,0.00,2901,0,31.32
1470,11,MTC,0.3072,384,384,3,3,0.00,137,0,28.48
1470,12,MTC,0.3072,384,384,3,3,0.00,137,0,28.48
1470,13,MTC,0.0000,384,0,3,0,0.00,6877,0,28.48
1470,14,MTC,0.0000,384,0,3,0,0.00,137,0,28.48
1470,15,MTC,0.0000,384,0,3,0,0.00,929,0,28.48
1470,16,MTC,0.0000,384,0,3,0,0.00,947,0,28.48
1470,17,MTC,0.0000,384,0,3,0,0.00,401,0,28.48
1470,18,MTC,0.2048,384,256,3,2,0.00,137,0,28.48
1470,19,MTC,0.3072,384,384,3,3,0.00,137,0,28.48
1470,20,MTC,0.3072,384,384,3,3,0.00,137,0,28.48
1480,1,eMBB,15.8912,18336,19864,12,13,0.00,3069,0,34.66
1480,2,eMBB,0.0000,18336,0,12,0,0.00,1589917,0,34.66
1480,3,eMBB,0.0000,18336,0,12,0,0.00,1672203,0,34.66
1480,4,eMBB,14.6688,18336,18336,12,12,0.00,3850,0,34.66
1480,5,eMBB,0.0000,18336,0,12,0,0.00,1627731,0,34.66
1480,6,URLLC,0.3744,390,468,5,6,0.00,87,0,30.15
1480,7,URLLC,0.3744,390,468,5,6,0.00,87,0,30.15
1480,8,URLLC,0.3744,390,468,5,6,0.00,87,0,30.15
1480,9,URLLC,0.3744,390,468,5,6,0.00,87,0,30.15
1480,10,URLLC,0.0000,390,0,5,0,0.00,2901,0,30.15
1480,11,MTC,0.3072,256,384,2,3,0.00,137,0,35.20
1480,12,MTC,0.3072,256,384,2,3,0.00,137,0,35.20
1480,13,MTC,1.7408,256,2176,2,17,0.00,6165,0,35.20
1480,14,MTC,0.0000,256,0,2,0,0.00,137,0,35.20
1480,15,MTC,0.0000,256,0,2,0,0.00,929,0,35.20
1480,16,MTC,0.0000,256,0,2,0,0.00,947,0,35.20
1480,17,MTC,0.0000,256,0,2,0,0.00,137,0,35.20
1480,18,MTC,0.3072,256,384,2,3,0.00,137,0,35.20
1480,19,MTC,0.3072,256,384,2,3,0.00,137,0,35.20
1480,20,MTC,0.3072,256,384,2,3,0.00,137,0,35.20
1490,1,eMBB,14.6688,16808,18336,11,12,0.00,1537,0,53.27
1490,2,eMBB,0.0000,16808,0,11,0,0.00,1589917,0,53.27
1490,3,eMBB,0.0000,16808,0,11,0,0.00,1696079,0,53.27
1490,4,eMBB,15.8912,16808,19864,11,13,0.00,1537,0,53.27
1490,5,eMBB,0.0000,16808,0,11,0,0.00,1627731,0,53.27
1490,6,URLLC,0.3120,390,390,5,5,0.00,87,0,26.40
1490,7,URLLC,0.3120,390,390,5,5,0.00,87,0,26.40
1490,8,URLLC,0.3120,390,390,5,5,0.00,87,0,26.40
1490,9,URLLC,0.3120,390,390,5,5,0.00,87,0,26.40
1490,10,URLLC,0.0000,390,0,5,0,0.00,2901,0,26.40
1490,11,MTC,0.2048,384,256,3,2,0.00,137,0,20.33
1490,12,MTC,0.2048,384,256,3,2,0.00,137,0,20.33
1490,13,MTC,0.0000,384,0,3,0,0.00,6165,0,20.33
1490,14,MTC,0.1024,384,128,3,1,0.00,401,0,20.33
1490,15,MTC,0.0000,384,0,3,0,0.00,929,0,20.33
1490,16,MTC,0.0000,384,0,3,0,0.00,947,0,20.33
1490,17,MTC,0.0000,384,0,3,0,0.00,249,0,20.33
1490,18,MTC,0.1024,384,128,3,1,0.00,137,0,20.33
1490,19,MTC,0.2048,384,256,3,2,0.00,137,0,20.33
1490,20,MTC,0.2048,384,256,3,2,0.00,137,0,20.33
1500,1,eMBB,14.6688,18336,18336,12,12,0.00,2650,0,29.94
1500,2,eMBB,0.0000,18336,0,12,0,0.00,1613885,0,29.94
1500,3,eMBB,0.0000,18336,0,12,0,0.00,1700367,0,29.94
1500,4,eMBB,12.2240,18336,15280,12,10,0.00,3066,0,29.94
1500,5,eMBB,0.0000,18336,0,12,0,0.00,1718697,0,29.94
1500,6,URLLC,0.3120,390,390,5,5,0.00,87,0,40.99
1500,7,URLLC,0.3120,390,390,5,5,0.00,87,0,40.99
1500,8,URLLC,0.3120,390,390,5,5,0.00,87,0,40.99
1500,9,URLLC,0.3120,390,390,5,5,0.00,87,0,40.99
1500,10,URLLC,0.0000,390,0,5,0,0.00,2901,0,40.99
1500,11,MTC,0.3072,256,384,2,3,0.00,137,0,29.07
1500,12,MTC,0.3072,256,384,2,3,0.00,137,0,29.07
1500,13,MTC,0.0000,256,0,2,0,0.00,5417,0,29.07
1500,14,MTC,0.4096,256,512,2,4,0.00,137,0,29.07
1500,15,MTC,0.0000,256,0,2,0,0.00,929,0,29.07
1500,16,MTC,0.0000,256,0,2,0,0.00,947,0,29.07
1500,17,MTC,0.0000,256,0,2,0,0.00,249,0,29.07
1500,18,MTC,0.5120,256,640,2,5,0.00,137,0,29.07
1500,19,MTC,0.3072,256,384,2,3,0.00,137,0,29.07
1500,20,MTC,0.3072,256,384,2,3,0.00,137,0,29.07
1510,1,eMBB,12.2240,18336,15280,12,10,0.00,2610,0,26.41
1510,2,eMBB,0.0000,18336,0,12,0,0.00,1639456,0,26.41
1510,3,eMBB,0.0000,18336,0,12,0,0.00,1724201,0,26.41
1510,4,eMBB,12.2240,18336,15280,12,10,0.00,2264,0,26.41
1510,5,eMBB,0.0000,18336,0,12,0,0.00,1718697,0,26.41
1510,6,URLLC,0.3120,390,390,5,5,0.00,87,0,26.13
1510,7,URLLC,0.3120,390,390,5,5,0.00,87,0,26.13
1510,8,URLLC,0.3120,390,390,5,5,0.00,87,0,26.13
1510,9,URLLC,0.3120,390,390,5,5,0.00,87,0,26.13
1510,10,URLLC,0.0000,390,0,5,0,0.00,3480,0,26.13
1510,11,MTC,0.2048,384,256,3,2,0.00,137,0,47.45
1510,12,MTC,0.2048,384,256,3,2,0.00,137,0,47.45
1510,13,MTC,0.0000,384,0,3,0,0.00,5417,0,47.45
1510,14,MTC,0.0000,384,0,3,0,0.00,137,0,47.45
1510,15,MTC,0.0000,384,0,3,0,0.00,929,0,47.45
1510,16,MTC,0.0000,384,0,3,0,0.00,1985,0,47.45
1510,17,MTC,0.0000,384,0,3,0,0.00,757,0,47.45
1510,18,MTC,0.0000,384,0,3,0,0.00,137,0,47.45
1510,19,MTC,0.2048,384,256,3,2,0.00,137,0,47.45
1510,20,MTC,0.2048,384,256,3,2,0.00,137,0,47.45
