timestamp,ueImsi,sliceId,dTxBytes,dRxBytes,plr,resourceSharePct,dLostPackets,throughputMbps,bufferBytes
1510,1,0,18336,18336,0.00,46.66,0,14.6688,36
1510,2,0,18336,15280,16.67,46.66,2,12.2240,519425
1510,3,0,18336,21392,0.00,46.66,0,17.1136,232153
1510,4,0,18336,9168,50.00,46.66,6,7.3344,1071936
1510,5,0,18336,0,100.00,46.66,12,0.0000,1730027
1510,6,1,390,156,60.00,20.00,3,0.1248,87
1510,7,1,390,390,0.00,20.00,0,0.3120,87
1510,8,1,390,390,0.00,20.00,0,0.3120,415
1510,9,1,390,0,100.00,20.00,5,0.0000,333
1510,10,1,390,390,0.00,20.00,0,0.3120,87
1510,11,2,384,256,33.33,33.34,1,0.2048,111
1510,12,2,384,256,33.33,33.34,1,0.2048,137
1510,13,2,384,256,33.33,33.34,1,0.2048,137
1510,14,2,384,0,100.00,33.34,3,0.0000,1566
1510,15,2,384,2176,0.00,33.34,0,1.7408,137
1510,16,2,384,256,33.33,33.34,1,0.2048,137
1510,17,2,384,256,33.33,33.34,1,0.2048,137
1510,18,2,384,0,100.00,33.34,3,0.0000,848
1510,19,2,384,256,33.33,33.34,1,0.2048,137
1510,20,2,384,0,100.00,33.34,3,0.0000,137
