timestamp,ueImsi,sliceId,dTxBytes,dRxBytes,plr,resourceSharePct,dLostPackets,throughputMbps,bufferBytes
1510,1,0,35144,33616,4.35,28.10,1,26.8928,1537
1510,2,0,35144,0,100.00,28.10,23,0.0000,3163721
1510,3,1,1014,0,100.00,39.05,13,0.0000,169
1510,4,1,1014,312,69.23,39.05,9,0.2496,928
1510,5,2,256,0,100.00,32.85,2,0.0000,137
1510,6,2,256,256,0.00,32.85,0,0.2048,137
1510,7,2,256,256,0.00,32.85,0,0.2048,137
1510,8,2,256,256,0.00,32.85,0,0.2048,137
1510,9,2,256,256,0.00,32.85,0,0.2048,137
1510,10,2,256,0,100.00,32.85,2,0.0000,797
