timestamp,ueImsi,sliceId,dTxBytes,dRxBytes,plr,resourceSharePct,dLostPackets,throughputMbps,bufferBytes
560,1,0,24448,1528,93.75,21.66,15,1.2224,136295
560,2,0,24448,1528,93.75,21.66,15,1.2224,136303
560,3,0,24448,3056,87.50,21.66,14,2.4448,136291
560,4,0,24448,1528,93.75,21.66,15,1.2224,136284
560,5,0,24448,1528,93.75,21.66,15,1.2224,136195
560,6,1,390,312,20.00,25.00,1,0.2496,169
560,7,1,390,312,20.00,25.00,1,0.2496,169
560,8,1,390,312,20.00,25.00,1,0.2496,169
560,9,1,390,312,20.00,25.00,1,0.2496,169
560,10,1,390,312,20.00,25.00,1,0.2496,169
560,11,2,16000,1280,92.00,53.33,115,1.0240,90773
560,12,2,16000,1280,92.00,53.33,115,1.0240,90774
560,13,2,16000,1280,92.00,53.33,115,1.0240,90846
560,14,2,16000,1280,92.00,53.33,115,1.0240,90846
560,15,2,16000,1280,92.00,53.33,115,1.0240,90836
560,16,2,16000,1280,92.00,53.33,115,1.0240,90894
560,17,2,16000,256,98.40,53.33,123,0.2048,90740
560,18,2,16000,1280,92.00,53.33,115,1.0240,90711
560,19,2,16000,1280,92.00,53.33,115,1.0240,90923
560,20,2,16000,1280,92.00,53.33,115,1.0240,90910
