timestamp,ueImsi,sliceId,dTxBytes,dRxBytes,plr,resourceSharePct,dLostPackets,throughputMbps,bufferBytes
1510,1,0,18336,16808,8.33,24.20,1,13.4464,1537
1510,2,0,18336,0,100.00,24.20,12,0.0000,1666793
1510,3,0,18336,0,100.00,24.20,12,0.0000,1660106
1510,4,0,18336,13752,25.00,24.20,3,11.0016,4547
1510,5,0,18336,0,100.00,24.20,12,0.0000,1669080
1510,6,1,390,390,0.00,29.11,0,0.3120,87
1510,7,1,390,390,0.00,29.11,0,0.3120,87
1510,8,1,390,390,0.00,29.11,0,0.3120,87
1510,9,1,390,390,0.00,29.11,0,0.3120,87
1510,10,1,390,0,100.00,29.11,5,0.0000,333
1510,11,2,384,256,33.33,46.69,1,0.2048,137
1510,12,2,384,256,33.33,46.69,1,0.2048,137
1510,13,2,384,0,100.00,46.69,3,0.0000,137
1510,14,2,384,384,0.00,46.69,0,0.3072,137
1510,15,2,384,0,100.00,46.69,3,0.0000,19338
1510,16,2,384,0,100.00,46.69,3,0.0000,730
1510,17,2,384,0,100.00,46.69,3,0.0000,533
1510,18,2,384,0,100.00,46.69,3,0.0000,137
1510,19,2,384,256,33.33,46.69,1,0.2048,137
1510,20,2,384,256,33.33,46.69,1,0.2048,137
