timestamp,ueImsi,sliceId,dTxBytes,dRxBytes,plr,resourceSharePct,dLostPackets,throughputMbps,bufferBytes
4610,1,0,24448,3056,87.50,20.19,14,2.4448,9405177
4610,2,0,24448,3056,87.50,20.19,14,2.4448,9405108
4610,3,0,24448,1528,93.75,20.19,15,1.2224,9404865
4610,4,0,24448,1528,93.75,20.19,15,1.2224,9404958
4610,5,0,24448,1528,93.75,20.19,15,1.2224,9404879
4610,6,1,390,390,0.00,44.07,0,0.3120,87
4610,7,1,390,390,0.00,44.07,0,0.3120,87
4610,8,1,390,390,0.00,44.07,0,0.3120,87
4610,9,1,390,390,0.00,44.07,0,0.3120,87
4610,10,1,390,390,0.00,44.07,0,0.3120,87
4610,11,2,16000,2560,84.00,35.74,105,2.0480,5753487
4610,12,2,16000,2688,83.20,35.74,104,2.1504,5753497
4610,13,2,16000,2560,84.00,35.74,105,2.0480,5753515
4610,14,2,16000,2688,83.20,35.74,104,2.1504,5753320
4610,15,2,16000,2688,83.20,35.74,104,2.1504,5753334
4610,16,2,16000,2688,83.20,35.74,104,2.1504,5753462
4610,17,2,16000,2688,83.20,35.74,104,2.1504,5753485
4610,18,2,16000,2560,84.00,35.74,105,2.0480,5753475
4610,19,2,16000,2688,83.20,35.74,104,2.1504,5753440
4610,20,2,16000,2688,83.20,35.74,104,2.1504,5753430
