timestamp,ueImsi,sliceId,dTxBytes,dRxBytes,plr,resourceSharePct,dLostPackets,throughputMbps,bufferBytes
7190,1,0,24448,3056,87.50,28.69,14,2.4448,10498896
7190,2,0,24448,4584,81.25,28.69,13,3.6672,10498514
7190,3,0,24448,3056,87.50,28.69,14,2.4448,10498321
7190,4,0,24448,4584,81.25,28.69,13,3.6672,10498536
7190,5,0,24448,4584,81.25,28.69,13,3.6672,10498409
7190,6,1,390,390,0.00,29.24,0,0.3120,87
7190,7,1,390,390,0.00,29.24,0,0.3120,87
7190,8,1,390,390,0.00,29.24,0,0.3120,87
7190,9,1,390,390,0.00,29.24,0,0.3120,87
7190,10,1,390,390,0.00,29.24,0,0.3120,87
7190,11,2,16000,2560,84.00,42.07,105,2.0480,9346824
7190,12,2,16000,2688,83.20,42.07,104,2.1504,9346883
7190,13,2,16000,2560,84.00,42.07,105,2.0480,9346629
7190,14,2,16000,2688,83.20,42.07,104,2.1504,9346613
7190,15,2,16000,2688,83.20,42.07,104,2.1504,9346721
7190,16,2,16000,2560,84.00,42.07,105,2.0480,9346407
7190,17,2,16000,2688,83.20,42.07,104,2.1504,9346425
7190,18,2,16000,2560,84.00,42.07,105,2.0480,9346582
7190,19,2,16000,2688,83.20,42.07,104,2.1504,9346271
7190,20,2,16000,2688,83.20,42.07,104,2.1504,9346529
