timestamp,ueImsi,sliceId,dTxBytes,dRxBytes,plr,resourceSharePct,dLostPackets,throughputMbps,bufferBytes
600,1,0,18336,4584,75.00,34.80,9,3.6672,142517
600,2,0,18336,3056,83.33,34.80,10,2.4448,142396
600,3,0,18336,4584,75.00,34.80,9,3.6672,142472
600,4,0,18336,4584,75.00,34.80,9,3.6672,142481
600,5,0,18336,4584,75.00,34.80,9,3.6672,142489
600,6,1,390,390,0.00,37.67,0,0.3120,87
600,7,1,390,390,0.00,37.67,0,0.3120,87
600,8,1,390,390,0.00,37.67,0,0.3120,87
600,9,1,390,390,0.00,37.67,0,0.3120,87
600,10,1,390,390,0.00,37.67,0,0.3120,87
600,11,2,256,384,0.00,27.52,0,0.3072,47
600,12,2,256,384,0.00,27.52,0,0.3072,179
600,13,2,256,256,0.00,27.52,0,0.2048,137
600,14,2,256,384,0.00,27.52,0,0.3072,89
600,15,2,256,384,0.00,27.52,0,0.3072,89
600,16,2,256,384,0.00,27.52,0,0.3072,137
600,17,2,256,384,0.00,27.52,0,0.3072,137
600,18,2,256,384,0.00,27.52,0,0.3072,89
600,19,2,256,384,0.00,27.52,0,0.3072,137
600,20,2,256,384,0.00,27.52,0,0.3072,89
