timestamp,sliceId,dedicatedPRB,minPRB,maxPRB
510,0,41.124183735393274,41.124183735393274,100.0
510,1,27.961247791877565,27.961247791877565,100.0
510,2,30.91456847272917,30.91456847272917,100.0
520,0,33.33143967800715,33.33143967800715,100.0
520,1,42.21800905055023,42.21800905055023,100.0
520,2,24.450551271442617,24.450551271442617,100.0
530,0,21.438303412332655,21.438303412332655,100.0
530,1,32.41726386536951,32.41726386536951,100.0
530,2,46.144432722297836,46.144432722297836,100.0
540,0,24.55396976880308,24.55396976880308,100.0
540,1,44.08703473466873,44.08703473466873,100.0
540,2,31.358995496528188,31.358995496528188,100.0
550,0,47.48484605303864,47.48484605303864,100.0
550,1,34.200026842330104,34.200026842330104,100.0
550,2,18.31512710463127,18.31512710463127,100.0
