timestamp,sliceId,dedicatedPRB,minPRB,maxPRB
510,0,37.94648526422465,37.94648526422465,100.0
510,1,25.924389366112642,25.924389366112642,100.0
510,2,36.12912536966271,36.12912536966271,100.0
520,0,33.032058539792104,33.032058539792104,100.0
520,1,28.95885473050192,28.95885473050192,100.0
520,2,38.009086729705984,38.009086729705984,100.0
530,0,38.14692143360332,38.14692143360332,100.0
530,1,40.782671054749606,40.782671054749606,100.0
530,2,21.070407511647065,21.070407511647065,100.0
540,0,47.194169565616036,47.194169565616036,100.0
540,1,25.900708487623596,25.900708487623596,100.0
540,2,26.905121946760364,26.905121946760364,100.0
550,0,29.262212919124153,29.262212919124153,100.0
550,1,37.00731428102709,37.00731428102709,100.0
550,2,33.730472799848755,33.730472799848755,100.0
560,0,26.177275896072917,26.177275896072917,100.0
560,1,31.15126161509171,31.15126161509171,100.0
560,2,42.671462488835374,42.671462488835374,100.0
570,0,36.566423016883384,36.566423016883384,100.0
570,1,28.80989942453878,28.80989942453878,100.0
570,2,34.62367755857784,34.62367755857784,100.0
580,0,41.698501699482456,41.698501699482456,100.0
580,1,34.5888365385423,34.5888365385423,100.0
580,2,23.712661761975244,23.712661761975244,100.0
590,0,38.44309422581459,38.44309422581459,100.0
590,1,34.16110870018158,34.16110870018158,100.0
590,2,27.395797074003838,27.395797074003838,100.0
600,0,34.918768106777016,34.918768106777016,100.0
600,1,24.4111381383681,24.4111381383681,100.0
600,2,40.67009375485489,40.67009375485489,100.0
610,0,29.925112784768004,29.925112784768004,100.0
610,1,36.665354187552005,36.665354187552005,100.0
610,2,33.40953302767999,33.40953302767999,100.0
620,0,31.146628821403542,31.146628821403542,100.0
620,1,41.18951763020083,41.18951763020083,100.0
620,2,27.66385354839562,27.66385354839562,100.0
630,0,46.467339249071586,46.467339249071586,100.0
630,1,28.326734801831243,28.326734801831243,100.0
630,2,25.20592594909718,25.20592594909718,100.0
640,0,24.969325286829562,24.969325286829562,100.0
640,1,39.900092779892034,39.900092779892034,100.0
640,2,35.13058193327841,35.13058193327841,100.0
650,0,24.248727926800072,24.248727926800072,100.0
650,1,32.43309281646658,32.43309281646658,100.0
650,2,43.318179256733345,43.318179256733345,100.0
660,0,28.555507349067998,28.555507349067998,100.0
660,1,29.830526435491628,29.830526435491628,100.0
660,2,41.61396621544038,41.61396621544038,100.0
670,0,35.65349605611564,35.65349605611564,100.0
670,1,33.48175697783448,33.48175697783448,100.0
670,2,30.86474696604988,30.86474696604988,100.0
680,0,39.57337350123321,39.57337350123321,100.0
680,1,35.563237861097114,35.563237861097114,100.0
680,2,24.86338863766967,24.86338863766967,100.0
690,0,42.88282324380496,42.88282324380496,100.0
690,1,32.01792620536466,32.01792620536466,100.0
690,2,25.099250550830376,25.099250550830376,100.0
700,0,30.44050366557323,30.44050366557323,100.0
700,1,36.17190898373201,36.17190898373201,100.0
700,2,33.387587350694766,33.387587350694766,100.0
710,0,31.405908167403297,31.405908167403297,100.0
710,1,49.85608621229555,49.85608621229555,100.0
710,2,18.738005620301156,18.738005620301156,100.0
720,0,27.230081500080306,27.230081500080306,100.0
720,1,28.725314574846095,28.725314574846095,100.0
720,2,44.0446039250736,44.0446039250736,100.0
730,0,22.594718472708266,22.594718472708266,100.0
730,1,46.36857915723396,46.36857915723396,100.0
730,2,31.036702370057778,31.036702370057778,100.0
740,0,29.894002366037586,29.894002366037586,100.0
740,1,38.91173221057813,38.91173221057813,100.0
740,2,31.19426542338428,31.19426542338428,100.0
750,0,33.267647432478434,33.267647432478434,100.0
750,1,38.12748225543604,38.12748225543604,100.0
750,2,28.604870312085527,28.604870312085527,100.0
760,0,38.204603578190024,38.204603578190024,100.0
760,1,27.41786968809784,27.41786968809784,100.0
760,2,34.37752673371214,34.37752673371214,100.0
770,0,38.90361389699769,38.90361389699769,100.0
770,1,31.545923893658724,31.545923893658724,100.0
770,2,29.550462209343593,29.550462209343593,100.0
780,0,25.7491725832897,25.7491725832897,100.0
780,1,27.26994947615637,27.26994947615637,100.0
780,2,46.98087794055393,46.98087794055393,100.0
790,0,44.64230086577293,44.64230086577293,100.0
790,1,27.57482809258641,27.57482809258641,100.0
790,2,27.782871041640668,27.782871041640668,100.0
800,0,27.689958991263936,27.689958991263936,100.0
800,1,27.37448647981658,27.37448647981658,100.0
800,2,44.93555452891948,44.93555452891948,100.0
810,0,42.94366849396696,42.94366849396696,100.0
810,1,24.55627618002889,24.55627618002889,100.0
810,2,32.50005532600416,32.50005532600416,100.0
820,0,23.60929368837208,23.60929368837208,100.0
820,1,51.48134217639079,51.48134217639079,100.0
820,2,24.90936413523713,24.90936413523713,100.0
830,0,35.87292185352916,35.87292185352916,100.0
830,1,37.8649710948976,37.8649710948976,100.0
830,2,26.262107051573242,26.262107051573242,100.0
840,0,26.398651719400146,26.398651719400146,100.0
840,1,30.42850708251963,30.42850708251963,100.0
840,2,43.17284119808023,43.17284119808023,100.0
850,0,42.007593924706555,42.007593924706555,100.0
850,1,37.61643837781549,37.61643837781549,100.0
850,2,20.37596769747796,20.37596769747796,100.0
860,0,29.951165953592383,29.951165953592383,100.0
860,1,31.670916600680204,31.670916600680204,100.0
860,2,38.377917445727405,38.377917445727405,100.0
870,0,45.545471340063706,45.545471340063706,100.0
870,1,29.721976358635704,29.721976358635704,100.0
870,2,24.732552301300586,24.732552301300586,100.0
880,0,37.72157150109736,37.72157150109736,100.0
880,1,28.764605229394093,28.764605229394093,100.0
880,2,33.51382326950855,33.51382326950855,100.0
890,0,29.750080337062574,29.750080337062574,100.0
890,1,34.76756766184244,34.76756766184244,100.0
890,2,35.48235200109498,35.48235200109498,100.0
900,0,41.6763830963756,41.6763830963756,100.0
900,1,26.222065293636554,26.222065293636554,100.0
900,2,32.101551609987844,32.101551609987844,100.0
910,0,22.46595307751426,22.46595307751426,100.0
910,1,30.38634558446448,30.38634558446448,100.0
910,2,47.147701338021264,47.147701338021264,100.0
920,0,30.605849230958782,30.605849230958782,100.0
920,1,45.4760927601309,45.4760927601309,100.0
920,2,23.91805800891032,23.91805800891032,100.0
930,0,27.49217417426256,27.49217417426256,100.0
930,1,40.81342476751558,40.81342476751558,100.0
930,2,31.69440105822187,31.69440105822187,100.0
940,0,34.22895260010498,34.22895260010498,100.0
940,1,39.78495692759253,39.78495692759253,100.0
940,2,25.986090472302486,25.986090472302486,100.0
950,0,39.37367134681337,39.37367134681337,100.0
950,1,36.91208389768692,36.91208389768692,100.0
950,2,23.714244755499717,23.714244755499717,100.0
960,0,26.088362515280846,26.088362515280846,100.0
960,1,39.75985925034586,39.75985925034586,100.0
960,2,34.151778234373296,34.151778234373296,100.0
970,0,29.23019334943455,29.23019334943455,100.0
970,1,25.91598959085787,25.91598959085787,100.0
970,2,44.85381705970758,44.85381705970758,100.0
980,0,36.297434973119714,36.297434973119714,100.0
980,1,27.829722118154827,27.829722118154827,100.0
980,2,35.87284290872547,35.87284290872547,100.0
990,0,28.190138335472838,28.190138335472838,100.0
990,1,33.34637814807283,33.34637814807283,100.0
990,2,38.46348351645433,38.46348351645433,100.0
1000,0,29.3288876582709,29.3288876582709,100.0
1000,1,46.79892679752116,46.79892679752116,100.0
1000,2,23.87218554420794,23.87218554420794,100.0
1010,0,22.930070060379986,22.930070060379986,100.0
1010,1,53.15634888947759,53.15634888947759,100.0
1010,2,23.913581050142433,23.913581050142433,100.0
1020,0,38.951299834852385,38.951299834852385,100.0
1020,1,33.97359289716031,33.97359289716031,100.0
1020,2,27.075107267987313,27.075107267987313,100.0
1030,0,47.9257837420237,47.9257837420237,100.0
1030,1,30.916885362779322,30.916885362779322,100.0
1030,2,21.15733089519698,21.15733089519698,100.0
1040,0,32.994312685502706,32.994312685502706,100.0
1040,1,37.21907257088192,37.21907257088192,100.0
1040,2,29.78661474361538,29.78661474361538,100.0
1050,0,29.916108116266415,29.916108116266415,100.0
1050,1,34.83605923148052,34.83605923148052,100.0
1050,2,35.24783265225307,35.24783265225307,100.0
1060,0,35.324142339588306,35.324142339588306,100.0
1060,1,31.499265759638917,31.499265759638917,100.0
1060,2,33.17659190077278,33.17659190077278,100.0
1070,0,25.612377869875182,25.612377869875182,100.0
1070,1,34.751740564138885,34.751740564138885,100.0
1070,2,39.63588156598594,39.63588156598594,100.0
1080,0,24.454095353511985,24.454095353511985,100.0
1080,1,39.09696371649207,39.09696371649207,100.0
1080,2,36.448940929995935,36.448940929995935,100.0
1090,0,30.303961331064716,30.303961331064716,100.0
1090,1,27.86825702264783,27.86825702264783,100.0
1090,2,41.82778164628746,41.82778164628746,100.0
1100,0,21.57951990971577,21.57951990971577,100.0
1100,1,41.17081073945615,41.17081073945615,100.0
1100,2,37.24966935082807,37.24966935082807,100.0
1110,0,34.8502343368278,34.8502343368278,100.0
1110,1,39.89838511489097,39.89838511489097,100.0
1110,2,25.251380548281222,25.251380548281222,100.0
1120,0,50.97049501662695,50.97049501662695,100.0
1120,1,29.27380720958346,29.27380720958346,100.0
1120,2,19.75569777378959,19.75569777378959,100.0
1130,0,38.05025509578172,38.05025509578172,100.0
1130,1,31.57046762684977,31.57046762684977,100.0
1130,2,30.379277277368516,30.379277277368516,100.0
1140,0,30.79561727533643,30.79561727533643,100.0
1140,1,38.89465021385655,38.89465021385655,100.0
1140,2,30.30973251080703,30.30973251080703,100.0
1150,0,39.522995819158446,39.522995819158446,100.0
1150,1,36.54437194218321,36.54437194218321,100.0
1150,2,23.932632238658346,23.932632238658346,100.0
1160,0,39.025324965976424,39.025324965976424,100.0
1160,1,24.043049282125047,24.043049282125047,100.0
1160,2,36.93162575189854,36.93162575189854,100.0
1170,0,48.33709699226024,48.33709699226024,100.0
1170,1,27.067572122218444,27.067572122218444,100.0
1170,2,24.595330885521317,24.595330885521317,100.0
1180,0,36.69187150592275,36.69187150592275,100.0
1180,1,24.711886652592046,24.711886652592046,100.0
1180,2,38.59624184148521,38.59624184148521,100.0
1190,0,39.68273302701725,39.68273302701725,100.0
1190,1,32.00218192025912,32.00218192025912,100.0
1190,2,28.31508505272363,28.31508505272363,100.0
1200,0,26.301684571910794,26.301684571910794,100.0
1200,1,48.80390570908716,48.80390570908716,100.0
1200,2,24.89440971900205,24.89440971900205,100.0
1210,0,35.45166635942774,35.45166635942774,100.0
1210,1,34.235968443463264,34.235968443463264,100.0
1210,2,30.312365197108992,30.312365197108992,100.0
1220,0,27.612983526240725,27.612983526240725,100.0
1220,1,36.51073324516793,36.51073324516793,100.0
1220,2,35.876283228591355,35.876283228591355,100.0
1230,0,32.25618443875332,32.25618443875332,100.0
1230,1,37.71822679229273,37.71822679229273,100.0
1230,2,30.02558876895394,30.02558876895394,100.0
1240,0,34.70012755552476,34.70012755552476,100.0
1240,1,34.47930144813529,34.47930144813529,100.0
1240,2,30.820570996339946,30.820570996339946,100.0
1250,0,29.9188664671992,29.9188664671992,100.0
1250,1,27.30216350526601,27.30216350526601,100.0
1250,2,42.77897002753479,42.77897002753479,100.0
1260,0,45.22249884262407,45.22249884262407,100.0
1260,1,33.06209416743602,33.06209416743602,100.0
1260,2,21.715406989939908,21.715406989939908,100.0
1270,0,43.94079082526879,43.94079082526879,100.0
1270,1,26.753632248627685,26.753632248627685,100.0
1270,2,29.305576926103523,29.305576926103523,100.0
1280,0,28.02843727773341,28.02843727773341,100.0
1280,1,39.16036108473966,39.16036108473966,100.0
1280,2,32.811201637526935,32.811201637526935,100.0
1290,0,27.11906452909159,27.11906452909159,100.0
1290,1,39.90884657591758,39.90884657591758,100.0
1290,2,32.97208889499083,32.97208889499083,100.0
1300,0,33.48414757733975,33.48414757733975,100.0
1300,1,26.373226200202836,26.373226200202836,100.0
1300,2,40.14262622245743,40.14262622245743,100.0
1310,0,33.924553250268,33.924553250268,100.0
1310,1,31.188090848231326,31.188090848231326,100.0
1310,2,34.88735590150068,34.88735590150068,100.0
1320,0,49.59202999979161,49.59202999979161,100.0
1320,1,27.379555501103663,27.379555501103663,100.0
1320,2,23.028414499104723,23.028414499104723,100.0
1330,0,23.059981261799912,23.059981261799912,100.0
1330,1,26.90486333179537,26.90486333179537,100.0
1330,2,50.03515540640472,50.03515540640472,100.0
1340,0,39.72227295463816,39.72227295463816,100.0
1340,1,34.22485102828623,34.22485102828623,100.0
1340,2,26.052876017075615,26.052876017075615,100.0
1350,0,24.708566234744726,24.708566234744726,100.0
1350,1,42.76239345968021,42.76239345968021,100.0
1350,2,32.529040305575066,32.529040305575066,100.0
1360,0,40.04640780085204,40.04640780085204,100.0
1360,1,28.66915205029133,28.66915205029133,100.0
1360,2,31.28444014885663,31.28444014885663,100.0
1370,0,42.46011698662133,42.46011698662133,100.0
1370,1,26.717753664296318,26.717753664296318,100.0
1370,2,30.822129349082367,30.822129349082367,100.0
1380,0,25.87208416953583,25.87208416953583,100.0
1380,1,34.06209666093346,34.06209666093346,100.0
1380,2,40.06581916953071,40.06581916953071,100.0
1390,0,38.75791364508385,38.75791364508385,100.0
1390,1,30.486909857068746,30.486909857068746,100.0
1390,2,30.7551764978474,30.7551764978474,100.0
1400,0,27.99096892506666,27.99096892506666,100.0
1400,1,28.982361303196,28.982361303196,100.0
1400,2,43.02666977173734,43.02666977173734,100.0
1410,0,37.740282046548074,37.740282046548074,100.0
1410,1,39.46650354108795,39.46650354108795,100.0
1410,2,22.793214412363973,22.793214412363973,100.0
1420,0,35.94662880059215,35.94662880059215,100.0
1420,1,31.30088375075636,31.30088375075636,100.0
1420,2,32.75248744865149,32.75248744865149,100.0
1430,0,37.01534473109442,37.01534473109442,100.0
1430,1,28.733268322715727,28.733268322715727,100.0
1430,2,34.251386946189854,34.251386946189854,100.0
1440,0,43.228936041397404,43.228936041397404,100.0
1440,1,31.471023623367035,31.471023623367035,100.0
1440,2,25.300040335235558,25.300040335235558,100.0
1450,0,30.007663816699182,30.007663816699182,100.0
1450,1,37.748269216249305,37.748269216249305,100.0
1450,2,32.24406696705151,32.24406696705151,100.0
1460,0,41.98509371900132,41.98509371900132,100.0
1460,1,24.121385827813178,24.121385827813178,100.0
1460,2,33.8935204531855,33.8935204531855,100.0
1470,0,27.06077870593912,27.06077870593912,100.0
1470,1,28.803657884298552,28.803657884298552,100.0
1470,2,44.135563409762334,44.135563409762334,100.0
1480,0,51.13085305679411,51.13085305679411,100.0
1480,1,28.471193978341557,28.471193978341557,100.0
1480,2,20.39795296486433,20.39795296486433,100.0
1490,0,36.971444173173786,36.971444173173786,100.0
1490,1,25.464652354326482,25.464652354326482,100.0
1490,2,37.56390347249973,37.56390347249973,100.0
1500,0,44.10444587167659,44.10444587167659,100.0
1500,1,28.16100830260968,28.16100830260968,100.0
1500,2,27.73454582571373,27.73454582571373,100.0
