timestamp,ueImsi,sliceId,dTxBytes,dRxBytes,plr,resourceSharePct,dLostPackets,throughputMbps,bufferBytes
1510,1,0,35144,24448,30.43,31.66,7,19.5584,426009
1510,2,0,35144,15280,56.52,31.66,13,12.2240,1664615
1510,3,1,1014,2418,0.00,55.00,0,1.9344,87
1510,4,1,1014,1014,0.00,55.00,0,0.8112,87
1510,5,2,256,0,100.00,13.33,2,0.0000,153
1510,6,2,256,512,0.00,13.33,0,0.4096,137
1510,7,2,256,256,0.00,13.33,0,0.2048,137
1510,8,2,256,0,100.00,13.33,2,0.0000,137
1510,9,2,256,0,100.00,13.33,2,0.0000,153
1510,10,2,256,256,0.00,13.33,0,0.2048,137
