timestamp,ueImsi,sliceId,dTxBytes,dRxBytes,plr,resourceSharePct,dLostPackets,throughputMbps,bufferBytes
1510,1,0,18336,0,100.00,48.11,12,0.0000,1692787
1510,2,0,18336,3056,83.33,48.11,10,2.4448,1470445
1510,3,0,18336,9168,50.00,48.11,6,7.3344,1150926
1510,4,0,18336,4584,75.00,48.11,9,3.6672,1342087
1510,5,0,18336,0,100.00,48.11,12,0.0000,1649900
1510,6,1,390,390,0.00,29.29,0,0.3120,87
1510,7,1,390,0,100.00,29.29,5,0.0000,87
1510,8,1,390,390,0.00,29.29,0,0.3120,87
1510,9,1,390,390,0.00,29.29,0,0.3120,497
1510,10,1,390,0,100.00,29.29,5,0.0000,3203
1510,11,2,384,256,33.33,22.60,1,0.2048,137
1510,12,2,384,256,33.33,22.60,1,0.2048,137
1510,13,2,384,256,33.33,22.60,1,0.2048,137
1510,14,2,384,256,33.33,22.60,1,0.2048,137
1510,15,2,384,256,33.33,22.60,1,0.2048,87
1510,16,2,384,0,100.00,22.60,3,0.0000,137
1510,17,2,384,256,33.33,22.60,1,0.2048,137
1510,18,2,384,0,100.00,22.60,3,0.0000,303
1510,19,2,384,256,33.33,22.60,1,0.2048,137
1510,20,2,384,256,33.33,22.60,1,0.2048,137
