timestamp,ueImsi,sliceId,dTxBytes,dRxBytes,plr,resourceSharePct,dLostPackets,throughputMbps,bufferBytes
570,1,0,25976,3056,88.24,21.66,15,2.4448,146903
570,2,0,25976,3056,88.24,21.66,15,2.4448,146892
570,3,0,25976,3056,88.24,21.66,15,2.4448,146886
570,4,0,25976,3056,88.24,21.66,15,2.4448,146815
570,5,0,25976,3056,88.24,21.66,15,2.4448,146820
570,6,1,390,390,0.00,40.00,0,0.3120,87
570,7,1,390,390,0.00,40.00,0,0.3120,87
570,8,1,390,390,0.00,40.00,0,0.3120,87
570,9,1,390,390,0.00,40.00,0,0.3120,87
570,10,1,390,390,0.00,40.00,0,0.3120,87
570,11,2,16000,1792,88.80,38.33,111,1.4336,102121
570,12,2,16000,1792,88.80,38.33,111,1.4336,102130
570,13,2,16000,1792,88.80,38.33,111,1.4336,102101
570,14,2,16000,1792,88.80,38.33,111,1.4336,102088
570,15,2,16000,1792,88.80,38.33,111,1.4336,102151
570,16,2,16000,1920,88.00,38.33,110,1.5360,102143
570,17,2,16000,1792,88.80,38.33,111,1.4336,102151
570,18,2,16000,1792,88.80,38.33,111,1.4336,102079
570,19,2,16000,1792,88.80,38.33,111,1.4336,102158
570,20,2,16000,1792,88.80,38.33,111,1.4336,102151
