timestamp,sliceId,dedicatedPRB,minPRB,maxPRB
510,0,44.29295157571611,44.29295157571611,100.0
510,1,30.528522917222695,30.528522917222695,100.0
510,2,25.178525507061195,25.178525507061195,100.0
520,0,36.47735004576759,36.47735004576759,100.0
520,1,39.49035541002172,39.49035541002172,100.0
520,2,24.0322945442107,24.0322945442107,100.0
530,0,27.306455828577782,27.306455828577782,100.0
530,1,36.33151829969294,36.33151829969294,100.0
530,2,36.36202587172929,36.36202587172929,100.0
540,0,34.52280898181702,34.52280898181702,100.0
540,1,31.134024766487773,31.134024766487773,100.0
540,2,34.3431662516952,34.3431662516952,100.0
550,0,35.81319538283122,35.81319538283122,100.0
550,1,30.155810839045916,30.155810839045916,100.0
550,2,34.03099377812286,34.03099377812286,100.0
560,0,29.07769952710525,29.07769952710525,100.0
560,1,43.26767080971404,43.26767080971404,100.0
560,2,27.654629663180707,27.654629663180707,100.0
570,0,36.815777706749905,36.815777706749905,100.0
570,1,44.952521711264964,44.952521711264964,100.0
570,2,18.231700581985134,18.231700581985134,100.0
580,0,34.309355267419896,34.309355267419896,100.0
580,1,29.967364775888562,29.967364775888562,100.0
580,2,35.723279956691556,35.723279956691556,100.0
590,0,29.778942208126207,29.778942208126207,100.0
590,1,36.87949546174073,36.87949546174073,100.0
590,2,33.341562330133065,33.341562330133065,100.0
600,0,25.133874146025814,25.133874146025814,100.0
600,1,50.29292056696606,50.29292056696606,100.0
600,2,24.57320528700813,24.57320528700813,100.0
610,0,24.51219306791149,24.51219306791149,100.0
610,1,52.20287779788989,52.20287779788989,100.0
610,2,23.28492913419863,23.28492913419863,100.0
620,0,32.39033320498568,32.39033320498568,100.0
620,1,36.49522835713989,36.49522835713989,100.0
620,2,31.114438437874437,31.114438437874437,100.0
630,0,22.71287228616211,22.71287228616211,100.0
630,1,28.25048555034571,28.25048555034571,100.0
630,2,49.03664216349219,49.03664216349219,100.0
640,0,22.677970222292277,22.677970222292277,100.0
640,1,46.1975636769557,46.1975636769557,100.0
640,2,31.124466100752024,31.124466100752024,100.0
650,0,20.887574796351206,20.887574796351206,100.0
650,1,37.25910214441268,37.25910214441268,100.0
650,2,41.85332305923611,41.85332305923611,100.0
660,0,27.61804023345168,27.61804023345168,100.0
660,1,34.411074931644116,34.411074931644116,100.0
660,2,37.97088483490421,37.97088483490421,100.0
670,0,39.1785702998132,39.1785702998132,100.0
670,1,37.300425443773754,37.300425443773754,100.0
670,2,23.521004256413043,23.521004256413043,100.0
680,0,27.769774573903216,27.769774573903216,100.0
680,1,40.74161201382338,40.74161201382338,100.0
680,2,31.4886134122734,31.4886134122734,100.0
690,0,31.186051744679478,31.186051744679478,100.0
690,1,37.900146465186026,37.900146465186026,100.0
690,2,30.9138017901345,30.9138017901345,100.0
700,0,34.420395134155335,34.420395134155335,100.0
700,1,26.98226493990458,26.98226493990458,100.0
700,2,38.59733992594008,38.59733992594008,100.0
710,0,34.645759859330326,34.645759859330326,100.0
710,1,42.97653930409435,42.97653930409435,100.0
710,2,22.37770083657532,22.37770083657532,100.0
720,0,38.245124731348504,38.245124731348504,100.0
720,1,33.98684664023918,33.98684664023918,100.0
720,2,27.768028628412324,27.768028628412324,100.0
730,0,40.51695648733031,40.51695648733031,100.0
730,1,26.16287037106843,26.16287037106843,100.0
730,2,33.32017314160125,33.32017314160125,100.0
740,0,27.064516650487374,27.064516650487374,100.0
740,1,46.46206734386808,46.46206734386808,100.0
740,2,26.473416005644545,26.473416005644545,100.0
750,0,25.04237852727175,25.04237852727175,100.0
750,1,45.859807447803924,45.859807447803924,100.0
750,2,29.09781402492433,29.09781402492433,100.0
760,0,31.7983058072725,31.7983058072725,100.0
760,1,33.06889354728953,33.06889354728953,100.0
760,2,35.13280064543798,35.13280064543798,100.0
770,0,23.07812931235395,23.07812931235395,100.0
770,1,36.48845080741343,36.48845080741343,100.0
770,2,40.43341988023261,40.43341988023261,100.0
780,0,39.02656365854159,39.02656365854159,100.0
780,1,42.96838074276777,42.96838074276777,100.0
780,2,18.00505559869064,18.00505559869064,100.0
790,0,33.60129350013366,33.60129350013366,100.0
790,1,36.181482961589026,36.181482961589026,100.0
790,2,30.217223538277317,30.217223538277317,100.0
800,0,22.530819967136186,22.530819967136186,100.0
800,1,39.54205517794046,39.54205517794046,100.0
800,2,37.927124854923356,37.927124854923356,100.0
810,0,24.697748140296092,24.697748140296092,100.0
810,1,30.33185856557285,30.33185856557285,100.0
810,2,44.970393294131064,44.970393294131064,100.0
820,0,32.28096642524497,32.28096642524497,100.0
820,1,43.49266713282532,43.49266713282532,100.0
820,2,24.22636644192971,24.22636644192971,100.0
830,0,46.881478136553724,46.881478136553724,100.0
830,1,30.525234261430107,30.525234261430107,100.0
830,2,22.59328760201618,22.59328760201618,100.0
840,0,45.233112187217806,45.233112187217806,100.0
840,1,29.615902111226333,29.615902111226333,100.0
840,2,25.150985701555868,25.150985701555868,100.0
850,0,30.124253733840078,30.124253733840078,100.0
850,1,32.823484156829245,32.823484156829245,100.0
850,2,37.052262109330684,37.052262109330684,100.0
860,0,44.36380302088708,44.36380302088708,100.0
860,1,35.650355501530626,35.650355501530626,100.0
860,2,19.985841477582287,19.985841477582287,100.0
870,0,28.569113802286118,28.569113802286118,100.0
870,1,26.371076067339615,26.371076067339615,100.0
870,2,45.05981013037427,45.05981013037427,100.0
880,0,31.07982260752148,31.07982260752148,100.0
880,1,48.31706031485552,48.31706031485552,100.0
880,2,20.603117077623008,20.603117077623008,100.0
890,0,26.066330893638863,26.066330893638863,100.0
890,1,27.43145501187011,27.43145501187011,100.0
890,2,46.50221409449104,46.50221409449104,100.0
900,0,43.22484469496196,43.22484469496196,100.0
900,1,32.48125732919923,32.48125732919923,100.0
900,2,24.293897975838814,24.293897975838814,100.0
910,0,35.08740173530005,35.08740173530005,100.0
910,1,28.33233175696857,28.33233175696857,100.0
910,2,36.58026650773139,36.58026650773139,100.0
920,0,28.748498768914615,28.748498768914615,100.0
920,1,47.74724007063968,47.74724007063968,100.0
920,2,23.504261160445708,23.504261160445708,100.0
930,0,37.46534036571647,37.46534036571647,100.0
930,1,34.18273010469267,34.18273010469267,100.0
930,2,28.351929529590848,28.351929529590848,100.0
940,0,38.62336782313901,38.62336782313901,100.0
940,1,26.789873695334908,26.789873695334908,100.0
940,2,34.58675848152608,34.58675848152608,100.0
950,0,35.88072211215292,35.88072211215292,100.0
950,1,40.9307410364085,40.9307410364085,100.0
950,2,23.188536851438585,23.188536851438585,100.0
960,0,33.77644041955406,33.77644041955406,100.0
960,1,41.104711579863064,41.104711579863064,100.0
960,2,25.118848000582876,25.118848000582876,100.0
970,0,24.65949050818817,24.65949050818817,100.0
970,1,27.539822825900472,27.539822825900472,100.0
970,2,47.800686665911364,47.800686665911364,100.0
980,0,29.06046804810019,29.06046804810019,100.0
980,1,41.432233846921726,41.432233846921726,100.0
980,2,29.50729810497809,29.50729810497809,100.0
990,0,32.214861539220614,32.214861539220614,100.0
990,1,42.90248691499761,42.90248691499761,100.0
990,2,24.88265154578178,24.88265154578178,100.0
1000,0,33.525960730754235,33.525960730754235,100.0
1000,1,41.882627987735376,41.882627987735376,100.0
1000,2,24.591411281510375,24.591411281510375,100.0
1010,0,34.1856059315759,34.1856059315759,100.0
1010,1,43.77721844555232,43.77721844555232,100.0
1010,2,22.037175622871786,22.037175622871786,100.0
1020,0,23.286769055041436,23.286769055041436,100.0
1020,1,56.30138684225414,56.30138684225414,100.0
1020,2,20.411844102704425,20.411844102704425,100.0
1030,0,21.371216380262766,21.371216380262766,100.0
1030,1,39.883798103824844,39.883798103824844,100.0
1030,2,38.74498551591239,38.74498551591239,100.0
1040,0,43.040216241368036,43.040216241368036,100.0
1040,1,32.19062877128097,32.19062877128097,100.0
1040,2,24.769154987350994,24.769154987350994,100.0
1050,0,44.598142945164135,44.598142945164135,100.0
1050,1,29.79595346568627,29.79595346568627,100.0
1050,2,25.605903589149605,25.605903589149605,100.0
1060,0,34.05599695981063,34.05599695981063,100.0
1060,1,34.37108062364167,34.37108062364167,100.0
1060,2,31.572922416547712,31.572922416547712,100.0
1070,0,22.860073190910786,22.860073190910786,100.0
1070,1,43.208875857942445,43.208875857942445,100.0
1070,2,33.93105095114677,33.93105095114677,100.0
1080,0,42.92025061557241,42.92025061557241,100.0
1080,1,32.22661397386474,32.22661397386474,100.0
1080,2,24.853135410562857,24.853135410562857,100.0
1090,0,29.56771850073978,29.56771850073978,100.0
1090,1,29.247914130120588,29.247914130120588,100.0
1090,2,41.18436736913963,41.18436736913963,100.0
1100,0,36.99261689343712,36.99261689343712,100.0
1100,1,28.497225321248614,28.497225321248614,100.0
1100,2,34.51015778531426,34.51015778531426,100.0
1110,0,26.215618228712543,26.215618228712543,100.0
1110,1,51.227776055366306,51.227776055366306,100.0
1110,2,22.556605715921147,22.556605715921147,100.0
1120,0,34.42542348813347,34.42542348813347,100.0
1120,1,40.98525503160891,40.98525503160891,100.0
1120,2,24.58932148025763,24.58932148025763,100.0
1130,0,45.6178523182326,45.6178523182326,100.0
1130,1,31.97484222000982,31.97484222000982,100.0
1130,2,22.40730546175758,22.40730546175758,100.0
1140,0,25.700482450590883,25.700482450590883,100.0
1140,1,51.88746551326341,51.88746551326341,100.0
1140,2,22.412052036145717,22.412052036145717,100.0
1150,0,36.442062171878256,36.442062171878256,100.0
1150,1,29.47400071120031,29.47400071120031,100.0
1150,2,34.08393711692143,34.08393711692143,100.0
1160,0,38.75362926045253,38.75362926045253,100.0
1160,1,42.65856235421507,42.65856235421507,100.0
1160,2,18.587808385332405,18.587808385332405,100.0
1170,0,33.64149502569303,33.64149502569303,100.0
1170,1,28.98585204207542,28.98585204207542,100.0
1170,2,37.372652932231546,37.372652932231546,100.0
1180,0,33.70874642575071,33.70874642575071,100.0
1180,1,45.48721761773289,45.48721761773289,100.0
1180,2,20.804035956516394,20.804035956516394,100.0
1190,0,37.014523989764946,37.014523989764946,100.0
1190,1,36.77833292633175,36.77833292633175,100.0
1190,2,26.207143083903304,26.207143083903304,100.0
1200,0,37.09173155254828,37.09173155254828,100.0
1200,1,29.664604918546132,29.664604918546132,100.0
1200,2,33.243663528905586,33.243663528905586,100.0
1210,0,28.807261750238922,28.807261750238922,100.0
1210,1,40.22156808270853,40.22156808270853,100.0
1210,2,30.97117016705255,30.97117016705255,100.0
1220,0,50.139711909475594,50.139711909475594,100.0
1220,1,27.414720776809542,27.414720776809542,100.0
1220,2,22.445567313714864,22.445567313714864,100.0
1230,0,28.944499251033324,28.944499251033324,100.0
1230,1,40.50099317336396,40.50099317336396,100.0
1230,2,30.554507575602713,30.554507575602713,100.0
1240,0,37.21461648263248,37.21461648263248,100.0
1240,1,30.546883737857527,30.546883737857527,100.0
1240,2,32.23849977951,32.23849977951,100.0
1250,0,24.47649733122451,24.47649733122451,100.0
1250,1,43.206550474124825,43.206550474124825,100.0
1250,2,32.316952194650675,32.316952194650675,100.0
1260,0,29.961528862009445,29.961528862009445,100.0
1260,1,32.43636057145534,32.43636057145534,100.0
1260,2,37.60211056653522,37.60211056653522,100.0
1270,0,46.28518493081825,46.28518493081825,100.0
1270,1,30.129197787759722,30.129197787759722,100.0
1270,2,23.58561728142204,23.58561728142204,100.0
1280,0,25.497365847322108,25.497365847322108,100.0
1280,1,33.89745230726598,33.89745230726598,100.0
1280,2,40.60518184541193,40.60518184541193,100.0
1290,0,22.483091491779913,22.483091491779913,100.0
1290,1,48.13163922404877,48.13163922404877,100.0
1290,2,29.38526928417131,29.38526928417131,100.0
1300,0,34.82218268404667,34.82218268404667,100.0
1300,1,31.464443005851763,31.464443005851763,100.0
1300,2,33.71337431010157,33.71337431010157,100.0
1310,0,32.050267272932665,32.050267272932665,100.0
1310,1,33.0092977568194,33.0092977568194,100.0
1310,2,34.94043497024793,34.94043497024793,100.0
1320,0,47.38895652593001,47.38895652593001,100.0
1320,1,29.663589364477616,29.663589364477616,100.0
1320,2,22.94745410959237,22.94745410959237,100.0
1330,0,28.72202319047734,28.72202319047734,100.0
1330,1,49.70745239773741,49.70745239773741,100.0
1330,2,21.570524411785247,21.570524411785247,100.0
1340,0,42.60828434010217,42.60828434010217,100.0
1340,1,31.914519883600317,31.914519883600317,100.0
1340,2,25.477195776297506,25.477195776297506,100.0
1350,0,44.35921242325073,44.35921242325073,100.0
1350,1,31.260469420445713,31.260469420445713,100.0
1350,2,24.380318156303566,24.380318156303566,100.0
1360,0,22.099382602344768,22.099382602344768,100.0
1360,1,51.2543967861531,51.2543967861531,100.0
1360,2,26.64622061150213,26.64622061150213,100.0
1370,0,37.48873624458893,37.48873624458893,100.0
1370,1,24.19634173436491,24.19634173436491,100.0
1370,2,38.31492202104616,38.31492202104616,100.0
1380,0,38.508817905444445,38.508817905444445,100.0
1380,1,26.569529448114647,26.569529448114647,100.0
1380,2,34.921652646440904,34.921652646440904,100.0
1390,0,26.42227463921533,26.42227463921533,100.0
1390,1,48.587985522940045,48.587985522940045,100.0
1390,2,24.989739837844624,24.989739837844624,100.0
1400,0,23.422477884674027,23.422477884674027,100.0
1400,1,45.75424529284618,45.75424529284618,100.0
1400,2,30.8232768224798,30.8232768224798,100.0
1410,0,33.927235032897386,33.927235032897386,100.0
1410,1,31.655598333236323,31.655598333236323,100.0
1410,2,34.417166633866294,34.417166633866294,100.0
1420,0,47.27576038315833,47.27576038315833,100.0
1420,1,29.653102522096997,29.653102522096997,100.0
1420,2,23.07113709474468,23.07113709474468,100.0
1430,0,30.401895130085098,30.401895130085098,100.0
1430,1,40.173247731610275,40.173247731610275,100.0
1430,2,29.424857138304635,29.424857138304635,100.0
1440,0,30.099214138386323,30.099214138386323,100.0
1440,1,28.60604688145127,28.60604688145127,100.0
1440,2,41.294738980162414,41.294738980162414,100.0
1450,0,41.19215081397736,41.19215081397736,100.0
1450,1,25.9314476679925,25.9314476679925,100.0
1450,2,32.87640151803015,32.87640151803015,100.0
1460,0,37.09268302196502,37.09268302196502,100.0
1460,1,30.54825881757942,30.54825881757942,100.0
1460,2,32.359058160455554,32.359058160455554,100.0
1470,0,24.007148704246564,24.007148704246564,100.0
1470,1,28.719664361859294,28.719664361859294,100.0
1470,2,47.273186933894145,47.273186933894145,100.0
1480,0,31.954974383562778,31.954974383562778,100.0
1480,1,39.38524490739563,39.38524490739563,100.0
1480,2,28.659780709041595,28.659780709041595,100.0
1490,0,29.319002235433423,29.319002235433423,100.0
1490,1,38.30859635768824,38.30859635768824,100.0
1490,2,32.372401406878346,32.372401406878346,100.0
1500,0,46.073184536271114,46.073184536271114,100.0
1500,1,33.465621020527394,33.465621020527394,100.0
1500,2,20.461194443201492,20.461194443201492,100.0
