timestamp,ueImsi,sliceId,dTxBytes,dRxBytes,plr,resourceSharePct,dLostPackets,throughputMbps,bufferBytes
560,1,0,24448,1528,93.75,37.65,15,1.2224,136396
560,2,0,24448,1528,93.75,37.65,15,1.2224,136397
560,3,0,24448,1528,93.75,37.65,15,1.2224,136397
560,4,0,24448,1528,93.75,37.65,15,1.2224,136284
560,5,0,24448,1528,93.75,37.65,15,1.2224,136410
560,6,1,390,312,20.00,40.23,1,0.2496,169
560,7,1,390,312,20.00,40.23,1,0.2496,169
560,8,1,390,312,20.00,40.23,1,0.2496,169
560,9,1,390,312,20.00,40.23,1,0.2496,169
560,10,1,390,312,20.00,40.23,1,0.2496,169
560,11,2,16000,640,96.00,22.12,120,0.5120,89434
560,12,2,16000,768,95.20,22.12,119,0.6144,89424
560,13,2,16000,640,96.00,22.12,120,0.5120,89434
560,14,2,16000,640,96.00,22.12,120,0.5120,89434
560,15,2,16000,640,96.00,22.12,120,0.5120,89386
560,16,2,16000,768,95.20,22.12,119,0.6144,89400
560,17,2,16000,768,95.20,22.12,119,0.6144,89392
560,18,2,16000,768,95.20,22.12,119,0.6144,89390
560,19,2,16000,768,95.20,22.12,119,0.6144,89509
560,20,2,16000,768,95.20,22.12,119,0.6144,89495
