timestamp,sliceId,dedicatedPRB,minPRB,maxPRB
510,0,25.42346702707064,25.42346702707064,100.0
510,1,51.03099080530278,51.03099080530278,100.0
510,2,23.545542167626582,23.545542167626582,100.0
520,0,28.408311828202088,28.408311828202088,100.0
520,1,44.3620318006854,44.3620318006854,100.0
520,2,27.229656371112508,27.229656371112508,100.0
530,0,28.838068413549067,28.838068413549067,100.0
530,1,36.45647921356323,36.45647921356323,100.0
530,2,34.7054523728877,34.7054523728877,100.0
540,0,27.754404107179703,27.754404107179703,100.0
540,1,37.14121222185351,37.14121222185351,100.0
540,2,35.10438367096679,35.10438367096679,100.0
550,0,37.74525361853223,37.74525361853223,100.0
550,1,29.8370474604615,29.8370474604615,100.0
550,2,32.41769892100628,32.41769892100628,100.0
