timestamp,ueImsi,sliceId,dTxBytes,dRxBytes,plr,resourceSharePct,dLostPackets,throughputMbps,bufferBytes
1510,1,0,35144,35144,0.00,31.66,0,28.1152,239224
1510,2,0,35144,19864,43.48,31.66,10,15.8912,1555177
1510,3,1,1014,624,38.46,55.00,5,0.4992,333
1510,4,1,1014,936,7.69,55.00,1,0.7488,87
1510,5,2,256,0,100.00,13.33,2,0.0000,533
1510,6,2,256,256,0.00,13.33,0,0.2048,137
1510,7,2,256,256,0.00,13.33,0,0.2048,137
1510,8,2,256,0,100.00,13.33,2,0.0000,137
1510,9,2,256,0,100.00,13.33,2,0.0000,137
1510,10,2,256,256,0.00,13.33,0,0.2048,137
