timestamp,sliceId,dedicatedPRB,minPRB,maxPRB
510,0,36.24905092461314,36.24905092461314,100.0
510,1,38.507111253651615,38.507111253651615,100.0
510,2,25.24383782173526,25.24383782173526,100.0
520,0,49.39261502661272,49.39261502661272,100.0
520,1,25.726490356539557,25.726490356539557,100.0
520,2,24.88089461684772,24.88089461684772,100.0
530,0,25.589815468788657,25.589815468788657,100.0
530,1,54.90424243311951,54.90424243311951,100.0
530,2,19.50594209809183,19.50594209809183,100.0
540,0,22.138707923382974,22.138707923382974,100.0
540,1,52.50501820358148,52.50501820358148,100.0
540,2,25.356273873035555,25.356273873035555,100.0
550,0,24.21018143825993,24.21018143825993,100.0
550,1,31.315066934354707,31.315066934354707,100.0
550,2,44.47475162738536,44.47475162738536,100.0
