timestamp,sliceId,dedicatedPRB,minPRB,maxPRB
510,0,40.74398570124801,40.74398570124801,100.0
510,1,39.76523630257019,39.76523630257019,100.0
510,2,19.49077799618181,19.49077799618181,100.0
520,0,37.730314567532396,37.730314567532396,100.0
520,1,41.55025364262795,41.55025364262795,100.0
520,2,20.719431789839653,20.719431789839653,100.0
530,0,39.21316471865283,39.21316471865283,100.0
530,1,35.76075065644566,35.76075065644566,100.0
530,2,25.026084624901518,25.026084624901518,100.0
540,0,30.299770261629575,30.299770261629575,100.0
540,1,35.58699480513864,35.58699480513864,100.0
540,2,34.11323493323179,34.11323493323179,100.0
550,0,28.747799963737346,28.747799963737346,100.0
550,1,38.84020166944981,38.84020166944981,100.0
550,2,32.41199836681284,32.41199836681284,100.0
560,0,37.64061253568875,37.64061253568875,100.0
560,1,34.51419251738045,34.51419251738045,100.0
560,2,27.845194946930796,27.845194946930796,100.0
570,0,22.89908571871349,22.89908571871349,100.0
570,1,51.84697836876131,51.84697836876131,100.0
570,2,25.2539359125252,25.2539359125252,100.0
580,0,35.7812174112515,35.7812174112515,100.0
580,1,26.544721970023467,26.544721970023467,100.0
580,2,37.674060618725036,37.674060618725036,100.0
590,0,26.2805199728357,26.2805199728357,100.0
590,1,38.613943701543676,38.613943701543676,100.0
590,2,35.105536325620626,35.105536325620626,100.0
600,0,24.058705369559906,24.058705369559906,100.0
600,1,50.549794536955375,50.549794536955375,100.0
600,2,25.391500093484737,25.391500093484737,100.0
610,0,47.38877138166803,47.38877138166803,100.0
610,1,29.25007781070948,29.25007781070948,100.0
610,2,23.361150807622497,23.361150807622497,100.0
620,0,44.532741675595524,44.532741675595524,100.0
620,1,29.396933924543305,29.396933924543305,100.0
620,2,26.070324399861178,26.070324399861178,100.0
630,0,26.071148813101193,26.071148813101193,100.0
630,1,42.553554210423925,42.553554210423925,100.0
630,2,31.375296976474875,31.375296976474875,100.0
640,0,36.5412693145019,36.5412693145019,100.0
640,1,29.94264538319429,29.94264538319429,100.0
640,2,33.51608530230381,33.51608530230381,100.0
650,0,37.621373964059075,37.621373964059075,100.0
650,1,42.96025077748944,42.96025077748944,100.0
650,2,19.41837525845148,19.41837525845148,100.0
660,0,24.060751610760928,24.060751610760928,100.0
660,1,33.620908179794554,33.620908179794554,100.0
660,2,42.318340209444514,42.318340209444514,100.0
670,0,27.88968898215164,27.88968898215164,100.0
670,1,30.67819815701175,30.67819815701175,100.0
670,2,41.43211286083661,41.43211286083661,100.0
680,0,25.758252421885132,25.758252421885132,100.0
680,1,47.78095300815492,47.78095300815492,100.0
680,2,26.460794569959955,26.460794569959955,100.0
690,0,26.429397039169842,26.429397039169842,100.0
690,1,47.80283925350439,47.80283925350439,100.0
690,2,25.76776370732577,25.76776370732577,100.0
700,0,29.779018696831255,29.779018696831255,100.0
700,1,34.84749950684816,34.84749950684816,100.0
700,2,35.37348179632058,35.37348179632058,100.0
710,0,36.19486611626918,36.19486611626918,100.0
710,1,42.82374563273721,42.82374563273721,100.0
710,2,20.98138825099362,20.98138825099362,100.0
720,0,29.033295905350926,29.033295905350926,100.0
720,1,33.88744494673186,33.88744494673186,100.0
720,2,37.07925914791721,37.07925914791721,100.0
730,0,37.14254079433223,37.14254079433223,100.0
730,1,43.73651689512623,43.73651689512623,100.0
730,2,19.12094231054154,19.12094231054154,100.0
740,0,23.955467102754124,23.955467102754124,100.0
740,1,25.970298519430834,25.970298519430834,100.0
740,2,50.07423437781504,50.07423437781504,100.0
750,0,31.96286800193495,31.96286800193495,100.0
750,1,36.15734598447211,36.15734598447211,100.0
750,2,31.879786013592938,31.879786013592938,100.0
760,0,22.743642491744417,22.743642491744417,100.0
760,1,35.857908942413346,35.857908942413346,100.0
760,2,41.398448565842244,41.398448565842244,100.0
770,0,36.703272939451594,36.703272939451594,100.0
770,1,41.512366027331076,41.512366027331076,100.0
770,2,21.784361033217333,21.784361033217333,100.0
780,0,39.58697102901972,39.58697102901972,100.0
780,1,28.371280176334945,28.371280176334945,100.0
780,2,32.04174879464533,32.04174879464533,100.0
790,0,35.33330913027408,35.33330913027408,100.0
790,1,41.613154547899775,41.613154547899775,100.0
790,2,23.053536321826144,23.053536321826144,100.0
800,0,32.3831671393346,32.3831671393346,100.0
800,1,38.93436839113223,38.93436839113223,100.0
800,2,28.68246446953317,28.68246446953317,100.0
810,0,27.13133353602163,27.13133353602163,100.0
810,1,40.09559150341031,40.09559150341031,100.0
810,2,32.77307496056806,32.77307496056806,100.0
820,0,41.717838147809246,41.717838147809246,100.0
820,1,39.740288399064724,39.740288399064724,100.0
820,2,18.541873453126033,18.541873453126033,100.0
830,0,33.64217549022827,33.64217549022827,100.0
830,1,34.13839539071011,34.13839539071011,100.0
830,2,32.21942911906162,32.21942911906162,100.0
840,0,34.97172378431602,34.97172378431602,100.0
840,1,30.401003048038067,30.401003048038067,100.0
840,2,34.62727316764591,34.62727316764591,100.0
850,0,31.770829865798877,31.770829865798877,100.0
850,1,48.98358750272952,48.98358750272952,100.0
850,2,19.2455826314716,19.2455826314716,100.0
860,0,23.180746573473655,23.180746573473655,100.0
860,1,38.2723917133947,38.2723917133947,100.0
860,2,38.546861713131655,38.546861713131655,100.0
870,0,35.99264929096374,35.99264929096374,100.0
870,1,44.802158260966955,44.802158260966955,100.0
870,2,19.205192448069305,19.205192448069305,100.0
880,0,38.70191616588713,38.70191616588713,100.0
880,1,27.456599579423123,27.456599579423123,100.0
880,2,33.84148425468975,33.84148425468975,100.0
890,0,34.57333577846605,34.57333577846605,100.0
890,1,25.8868160733061,25.8868160733061,100.0
890,2,39.53984814822784,39.53984814822784,100.0
900,0,37.90858923825939,37.90858923825939,100.0
900,1,24.908866080121776,24.908866080121776,100.0
900,2,37.18254468161884,37.18254468161884,100.0
910,0,23.461163212801925,23.461163212801925,100.0
910,1,44.94993727669286,44.94993727669286,100.0
910,2,31.588899510505225,31.588899510505225,100.0
920,0,27.575838182086798,27.575838182086798,100.0
920,1,49.69922214195971,49.69922214195971,100.0
920,2,22.724939675953486,22.724939675953486,100.0
930,0,42.92062298858008,42.92062298858008,100.0
930,1,27.007627271568595,27.007627271568595,100.0
930,2,30.071749739851317,30.071749739851317,100.0
940,0,34.28978064134887,34.28978064134887,100.0
940,1,37.20823244604109,37.20823244604109,100.0
940,2,28.501986912610057,28.501986912610057,100.0
950,0,29.791762719519692,29.791762719519692,100.0
950,1,46.745714076489406,46.745714076489406,100.0
950,2,23.462523203990898,23.462523203990898,100.0
960,0,30.038369077638162,30.038369077638162,100.0
960,1,42.13499516298942,42.13499516298942,100.0
960,2,27.82663575937242,27.82663575937242,100.0
970,0,36.34055724423231,36.34055724423231,100.0
970,1,38.185340446008595,38.185340446008595,100.0
970,2,25.4741023097591,25.4741023097591,100.0
980,0,39.639603390470626,39.639603390470626,100.0
980,1,29.502588823802856,29.502588823802856,100.0
980,2,30.85780778572652,30.85780778572652,100.0
990,0,27.313158132931843,27.313158132931843,100.0
990,1,37.133018611296784,37.133018611296784,100.0
990,2,35.553823255771384,35.553823255771384,100.0
1000,0,28.152305256029354,28.152305256029354,100.0
1000,1,49.47339665166277,49.47339665166277,100.0
1000,2,22.374298092307882,22.374298092307882,100.0
1010,0,51.80189841716606,51.80189841716606,100.0
1010,1,27.920163929684428,27.920163929684428,100.0
1010,2,20.277937653149515,20.277937653149515,100.0
1020,0,29.730324121733464,29.730324121733464,100.0
1020,1,33.04311348881887,33.04311348881887,100.0
1020,2,37.22656238944767,37.22656238944767,100.0
1030,0,46.02827478335508,46.02827478335508,100.0
1030,1,26.2243970369531,26.2243970369531,100.0
1030,2,27.747328179691817,27.747328179691817,100.0
1040,0,44.27071340055385,44.27071340055385,100.0
1040,1,32.59059234080425,32.59059234080425,100.0
1040,2,23.1386942586419,23.1386942586419,100.0
1050,0,46.57033671348578,46.57033671348578,100.0
1050,1,29.516252550482946,29.516252550482946,100.0
1050,2,23.91341073603127,23.91341073603127,100.0
1060,0,28.36778050456446,28.36778050456446,100.0
1060,1,52.4185980115674,52.4185980115674,100.0
1060,2,19.213621483868142,19.213621483868142,100.0
1070,0,22.551345042783318,22.551345042783318,100.0
1070,1,39.02594550241697,39.02594550241697,100.0
1070,2,38.42270945479971,38.42270945479971,100.0
1080,0,38.47680426785557,38.47680426785557,100.0
1080,1,32.6985508060295,32.6985508060295,100.0
1080,2,28.824644926114928,28.824644926114928,100.0
1090,0,27.857768291167755,27.857768291167755,100.0
1090,1,48.918485321673174,48.918485321673174,100.0
1090,2,23.22374638715907,23.22374638715907,100.0
1100,0,29.394175638546038,29.394175638546038,100.0
1100,1,39.60738986030839,39.60738986030839,100.0
1100,2,30.998434501145578,30.998434501145578,100.0
1110,0,33.20484094095631,33.20484094095631,100.0
1110,1,27.68541284696934,27.68541284696934,100.0
1110,2,39.10974621207435,39.10974621207435,100.0
1120,0,33.01417736120118,33.01417736120118,100.0
1120,1,37.82172309463234,37.82172309463234,100.0
1120,2,29.164099544166476,29.164099544166476,100.0
1130,0,44.339580758752604,44.339580758752604,100.0
1130,1,32.63552845808954,32.63552845808954,100.0
1130,2,23.024890783157865,23.024890783157865,100.0
1140,0,48.318483483998484,48.318483483998484,100.0
1140,1,32.28288926599857,32.28288926599857,100.0
1140,2,19.398627250002946,19.398627250002946,100.0
1150,0,33.63646600041381,33.63646600041381,100.0
1150,1,43.01896306393358,43.01896306393358,100.0
1150,2,23.344570935652612,23.344570935652612,100.0
1160,0,44.472034799185565,44.472034799185565,100.0
1160,1,34.524626115116774,34.524626115116774,100.0
1160,2,21.003339085697657,21.003339085697657,100.0
1170,0,28.22508453395663,28.22508453395663,100.0
1170,1,47.746131378410404,47.746131378410404,100.0
1170,2,24.028784087632964,24.028784087632964,100.0
1180,0,35.80851110248538,35.80851110248538,100.0
1180,1,34.07627657730091,34.07627657730091,100.0
1180,2,30.1152123202137,30.1152123202137,100.0
1190,0,52.234032824812694,52.234032824812694,100.0
1190,1,27.10111544037867,27.10111544037867,100.0
1190,2,20.664851734808636,20.664851734808636,100.0
1200,0,34.54033509481293,34.54033509481293,100.0
1200,1,35.56959755422859,35.56959755422859,100.0
1200,2,29.89006735095848,29.89006735095848,100.0
1210,0,34.50128925850643,34.50128925850643,100.0
1210,1,31.99237732276921,31.99237732276921,100.0
1210,2,33.50633341872436,33.50633341872436,100.0
1220,0,46.909252197298,46.909252197298,100.0
1220,1,28.416823000570986,28.416823000570986,100.0
1220,2,24.673924802131015,24.673924802131015,100.0
1230,0,31.182488909674444,31.182488909674444,100.0
1230,1,37.71713962782949,37.71713962782949,100.0
1230,2,31.100371462496067,31.100371462496067,100.0
1240,0,43.009959776527694,43.009959776527694,100.0
1240,1,26.72889713042253,26.72889713042253,100.0
1240,2,30.261143093049775,30.261143093049775,100.0
1250,0,30.98423304114235,30.98423304114235,100.0
1250,1,36.48217565532121,36.48217565532121,100.0
1250,2,32.533591303536454,32.533591303536454,100.0
1260,0,35.60644838684349,35.60644838684349,100.0
1260,1,36.06683375596702,36.06683375596702,100.0
1260,2,28.326717857189486,28.326717857189486,100.0
1270,0,33.13698121571561,33.13698121571561,100.0
1270,1,39.117972103941476,39.117972103941476,100.0
1270,2,27.74504668034291,27.74504668034291,100.0
1280,0,41.489545544004116,41.489545544004116,100.0
1280,1,37.944163340402866,37.944163340402866,100.0
1280,2,20.56629111559302,20.56629111559302,100.0
1290,0,44.10847771050115,44.10847771050115,100.0
1290,1,28.287788920760352,28.287788920760352,100.0
1290,2,27.603733368738503,27.603733368738503,100.0
1300,0,32.1262815468086,32.1262815468086,100.0
1300,1,37.728064849719175,37.728064849719175,100.0
1300,2,30.145653603472226,30.145653603472226,100.0
1310,0,45.93724222521689,45.93724222521689,100.0
1310,1,28.856991604282957,28.856991604282957,100.0
1310,2,25.205766170500148,25.205766170500148,100.0
1320,0,48.211592177359464,48.211592177359464,100.0
1320,1,26.555861228225986,26.555861228225986,100.0
1320,2,25.23254659441456,25.23254659441456,100.0
1330,0,37.4210377074572,37.4210377074572,100.0
1330,1,25.90604208281917,25.90604208281917,100.0
1330,2,36.672920209723635,36.672920209723635,100.0
1340,0,36.836360142168544,36.836360142168544,100.0
1340,1,43.75250095868377,43.75250095868377,100.0
1340,2,19.41113889914769,19.41113889914769,100.0
1350,0,23.61581998210254,23.61581998210254,100.0
1350,1,44.89723420807247,44.89723420807247,100.0
1350,2,31.486945809825002,31.486945809825002,100.0
1360,0,48.44889147988918,48.44889147988918,100.0
1360,1,32.220550122716205,32.220550122716205,100.0
1360,2,19.330558397394608,19.330558397394608,100.0
1370,0,48.89233372571707,48.89233372571707,100.0
1370,1,28.056562558564007,28.056562558564007,100.0
1370,2,23.051103715718916,23.051103715718916,100.0
1380,0,37.295791889980315,37.295791889980315,100.0
1380,1,34.38325743621091,34.38325743621091,100.0
1380,2,28.32095067380878,28.32095067380878,100.0
1390,0,40.29985513539598,40.29985513539598,100.0
1390,1,29.51589123342902,29.51589123342902,100.0
1390,2,30.184253631175007,30.184253631175007,100.0
1400,0,31.87639012679393,31.87639012679393,100.0
1400,1,30.873936361746434,30.873936361746434,100.0
1400,2,37.24967351145964,37.24967351145964,100.0
1410,0,52.131440602519994,52.131440602519994,100.0
1410,1,26.830193546086505,26.830193546086505,100.0
1410,2,21.038365851393507,21.038365851393507,100.0
1420,0,38.858772770114875,38.858772770114875,100.0
1420,1,29.391548271307542,29.391548271307542,100.0
1420,2,31.749678958577583,31.749678958577583,100.0
1430,0,34.997131922883185,34.997131922883185,100.0
1430,1,28.22409057129564,28.22409057129564,100.0
1430,2,36.77877750582117,36.77877750582117,100.0
1440,0,33.575660954232454,33.575660954232454,100.0
1440,1,35.83554409009803,35.83554409009803,100.0
1440,2,30.588794955669524,30.588794955669524,100.0
1450,0,25.586283317419966,25.586283317419966,100.0
1450,1,49.934784581921534,49.934784581921534,100.0
1450,2,24.4789321006585,24.4789321006585,100.0
1460,0,37.64769613055195,37.64769613055195,100.0
1460,1,43.29172281771972,43.29172281771972,100.0
1460,2,19.060581051728338,19.060581051728338,100.0
1470,0,20.641642354690116,20.641642354690116,100.0
1470,1,42.042085542645204,42.042085542645204,100.0
1470,2,37.31627210266469,37.31627210266469,100.0
1480,0,32.90788957158328,32.90788957158328,100.0
1480,1,39.50131126364681,39.50131126364681,100.0
1480,2,27.59079916476991,27.59079916476991,100.0
1490,0,33.77997584317798,33.77997584317798,100.0
1490,1,45.28423901948603,45.28423901948603,100.0
1490,2,20.935785137335987,20.935785137335987,100.0
1500,0,35.263260978870385,35.263260978870385,100.0
1500,1,34.18329056792161,34.18329056792161,100.0
1500,2,30.55344845320801,30.55344845320801,100.0
