timestamp,sliceId,dedicatedPRB,minPRB,maxPRB
510,0,43.72600165398952,43.72600165398952,100.0
510,1,31.44718892999189,31.44718892999189,100.0
510,2,24.82680941601859,24.82680941601859,100.0
520,0,49.73009277150617,49.73009277150617,100.0
520,1,29.064680434238184,29.064680434238184,100.0
520,2,21.20522679425565,21.20522679425565,100.0
530,0,47.68147127547825,47.68147127547825,100.0
530,1,30.618426488803408,30.618426488803408,100.0
530,2,21.700102235718337,21.700102235718337,100.0
540,0,39.17272674268499,39.17272674268499,100.0
540,1,41.170888369811706,41.170888369811706,100.0
540,2,19.6563848875033,19.6563848875033,100.0
550,0,30.739507179566083,30.739507179566083,100.0
550,1,47.93016181030932,47.93016181030932,100.0
550,2,21.3303310101246,21.3303310101246,100.0
560,0,47.17678276510263,47.17678276510263,100.0
560,1,34.31543754640211,34.31543754640211,100.0
560,2,18.50777968849528,18.50777968849528,100.0
570,0,36.461649954434094,36.461649954434094,100.0
570,1,42.26591624253204,42.26591624253204,100.0
570,2,21.272433803033863,21.272433803033863,100.0
580,0,35.94362400615778,35.94362400615778,100.0
580,1,24.97898445908167,24.97898445908167,100.0
580,2,39.07739153476055,39.07739153476055,100.0
590,0,25.895217927804243,25.895217927804243,100.0
590,1,54.14701217506119,54.14701217506119,100.0
590,2,19.957769897134558,19.957769897134558,100.0
600,0,31.17164716001963,31.17164716001963,100.0
600,1,47.078182697760354,47.078182697760354,100.0
600,2,21.750170142220018,21.750170142220018,100.0
610,0,20.6994360168499,20.6994360168499,100.0
610,1,39.96140804975875,39.96140804975875,100.0
610,2,39.339155933391346,39.339155933391346,100.0
620,0,30.039380660893332,30.039380660893332,100.0
620,1,44.65121119819185,44.65121119819185,100.0
620,2,25.30940814091481,25.30940814091481,100.0
630,0,21.83257932867056,21.83257932867056,100.0
630,1,42.79639745086643,42.79639745086643,100.0
630,2,35.37102322046303,35.37102322046303,100.0
640,0,28.250306296457982,28.250306296457982,100.0
640,1,49.86931418502873,49.86931418502873,100.0
640,2,21.880379518513287,21.880379518513287,100.0
650,0,35.48112131807475,35.48112131807475,100.0
650,1,39.97601704655236,39.97601704655236,100.0
650,2,24.542861635372894,24.542861635372894,100.0
660,0,41.597721751251306,41.597721751251306,100.0
660,1,39.23989136985549,39.23989136985549,100.0
660,2,19.16238687889321,19.16238687889321,100.0
670,0,39.228873347517926,39.228873347517926,100.0
670,1,40.263196832543166,40.263196832543166,100.0
670,2,20.5079298199389,20.5079298199389,100.0
680,0,25.114981604678675,25.114981604678675,100.0
680,1,33.04538236123125,33.04538236123125,100.0
680,2,41.83963603409008,41.83963603409008,100.0
690,0,34.57596612094472,34.57596612094472,100.0
690,1,47.00237030977299,47.00237030977299,100.0
690,2,18.42166356928228,18.42166356928228,100.0
700,0,28.128302416863814,28.128302416863814,100.0
700,1,36.744622727742325,36.744622727742325,100.0
700,2,35.12707485539386,35.12707485539386,100.0
710,0,26.60485129242676,26.60485129242676,100.0
710,1,26.9176047262213,26.9176047262213,100.0
710,2,46.47754398135194,46.47754398135194,100.0
720,0,28.333409426781763,28.333409426781763,100.0
720,1,28.062319379846244,28.062319379846244,100.0
720,2,43.60427119337199,43.60427119337199,100.0
730,0,26.565224809874522,26.565224809874522,100.0
730,1,29.199153137678024,29.199153137678024,100.0
730,2,44.235622052447454,44.235622052447454,100.0
740,0,25.165974114095707,25.165974114095707,100.0
740,1,39.46171663871256,39.46171663871256,100.0
740,2,35.37230924719172,35.37230924719172,100.0
750,0,51.58443516733073,51.58443516733073,100.0
750,1,27.960128001651967,27.960128001651967,100.0
750,2,20.455436831017305,20.455436831017305,100.0
760,0,28.977706319012096,28.977706319012096,100.0
760,1,32.79515573672096,32.79515573672096,100.0
760,2,38.227137944266936,38.227137944266936,100.0
770,0,36.73138276559909,36.73138276559909,100.0
770,1,25.557206517104834,25.557206517104834,100.0
770,2,37.71141071729606,37.71141071729606,100.0
780,0,29.452812640398708,29.452812640398708,100.0
780,1,33.7350302077028,33.7350302077028,100.0
780,2,36.8121571518985,36.8121571518985,100.0
790,0,23.883225216997936,23.883225216997936,100.0
790,1,39.87245279184427,39.87245279184427,100.0
790,2,36.24432199115779,36.24432199115779,100.0
800,0,24.8133933314439,24.8133933314439,100.0
800,1,35.71496980909848,35.71496980909848,100.0
800,2,39.471636859457625,39.471636859457625,100.0
810,0,23.0578084395101,23.0578084395101,100.0
810,1,27.365763073225395,27.365763073225395,100.0
810,2,49.5764284872645,49.5764284872645,100.0
820,0,47.71336667135434,47.71336667135434,100.0
820,1,27.282504366034356,27.282504366034356,100.0
820,2,25.004128962611304,25.004128962611304,100.0
830,0,23.762542698438775,23.762542698438775,100.0
830,1,42.12978269057541,42.12978269057541,100.0
830,2,34.10767461098582,34.10767461098582,100.0
840,0,40.35401036159697,40.35401036159697,100.0
840,1,34.24876996991587,34.24876996991587,100.0
840,2,25.39721966848716,25.39721966848716,100.0
850,0,26.141527206449776,26.141527206449776,100.0
850,1,46.62573985976687,46.62573985976687,100.0
850,2,27.232732933783353,27.232732933783353,100.0
860,0,23.99545940538623,23.99545940538623,100.0
860,1,27.939112883379952,27.939112883379952,100.0
860,2,48.06542771123381,48.06542771123381,100.0
870,0,32.91649133500238,32.91649133500238,100.0
870,1,37.55671662181966,37.55671662181966,100.0
870,2,29.526792043177963,29.526792043177963,100.0
880,0,40.48039735050316,40.48039735050316,100.0
880,1,42.46515995522698,42.46515995522698,100.0
880,2,17.05444269426985,17.05444269426985,100.0
890,0,29.358701566177892,29.358701566177892,100.0
890,1,50.29121403269385,50.29121403269385,100.0
890,2,20.35008440112825,20.35008440112825,100.0
900,0,24.595558625959633,24.595558625959633,100.0
900,1,48.238581637336644,48.238581637336644,100.0
900,2,27.165859736703723,27.165859736703723,100.0
910,0,21.045407397050514,21.045407397050514,100.0
910,1,44.98687243679974,44.98687243679974,100.0
910,2,33.96772016614975,33.96772016614975,100.0
920,0,30.802463471679886,30.802463471679886,100.0
920,1,30.55399435488169,30.55399435488169,100.0
920,2,38.64354217343842,38.64354217343842,100.0
930,0,32.48249572932966,32.48249572932966,100.0
930,1,46.46697093401974,46.46697093401974,100.0
930,2,21.050533336650588,21.050533336650588,100.0
940,0,37.30443270474881,37.30443270474881,100.0
940,1,28.067033547590537,28.067033547590537,100.0
940,2,34.62853374766065,34.62853374766065,100.0
950,0,30.651585362352712,30.651585362352712,100.0
950,1,35.43982136926126,35.43982136926126,100.0
950,2,33.90859326838603,33.90859326838603,100.0
960,0,50.71249965965837,50.71249965965837,100.0
960,1,28.48750693294784,28.48750693294784,100.0
960,2,20.799993407393792,20.799993407393792,100.0
970,0,40.62760298547931,40.62760298547931,100.0
970,1,38.43969718047036,38.43969718047036,100.0
970,2,20.932699834050332,20.932699834050332,100.0
980,0,30.90529516846393,30.90529516846393,100.0
980,1,47.98336829360735,47.98336829360735,100.0
980,2,21.111336537928715,21.111336537928715,100.0
990,0,30.046406011902395,30.046406011902395,100.0
990,1,47.58840211316771,47.58840211316771,100.0
990,2,22.365191874929895,22.365191874929895,100.0
1000,0,35.74429143258891,35.74429143258891,100.0
1000,1,30.886321888966055,30.886321888966055,100.0
1000,2,33.36938667844503,33.36938667844503,100.0
1010,0,32.32356238889758,32.32356238889758,100.0
1010,1,30.574353245401014,30.574353245401014,100.0
1010,2,37.1020843657014,37.1020843657014,100.0
1020,0,40.13708282507036,40.13708282507036,100.0
1020,1,33.19074641621626,33.19074641621626,100.0
1020,2,26.67217075871339,26.67217075871339,100.0
1030,0,32.920629544586696,32.920629544586696,100.0
1030,1,37.65299622905419,37.65299622905419,100.0
1030,2,29.42637422635912,29.42637422635912,100.0
1040,0,30.599313901563978,30.599313901563978,100.0
1040,1,25.34671715165906,25.34671715165906,100.0
1040,2,44.05396894677697,44.05396894677697,100.0
1050,0,22.706980656205957,22.706980656205957,100.0
1050,1,35.90201339923728,35.90201339923728,100.0
1050,2,41.39100594455676,41.39100594455676,100.0
1060,0,36.56921574641751,36.56921574641751,100.0
1060,1,28.975230644174744,28.975230644174744,100.0
1060,2,34.45555360940775,34.45555360940775,100.0
1070,0,28.652453464919496,28.652453464919496,100.0
1070,1,26.877035102396174,26.877035102396174,100.0
1070,2,44.470511432684326,44.470511432684326,100.0
1080,0,32.72279530246308,32.72279530246308,100.0
1080,1,28.910408019252838,28.910408019252838,100.0
1080,2,38.366796678284075,38.366796678284075,100.0
1090,0,48.927659502022614,48.927659502022614,100.0
1090,1,28.555752645064114,28.555752645064114,100.0
1090,2,22.51658785291328,22.51658785291328,100.0
1100,0,32.766201988437274,32.766201988437274,100.0
1100,1,49.396953135815366,49.396953135815366,100.0
1100,2,17.836844875747357,17.836844875747357,100.0
1110,0,42.24850922783724,42.24850922783724,100.0
1110,1,34.43968158294527,34.43968158294527,100.0
1110,2,23.3118091892175,23.3118091892175,100.0
1120,0,26.153488835848414,26.153488835848414,100.0
1120,1,41.9239997651547,41.9239997651547,100.0
1120,2,31.92251139899689,31.92251139899689,100.0
1130,0,30.144804639606555,30.144804639606555,100.0
1130,1,36.4807878502605,36.4807878502605,100.0
1130,2,33.374407510132954,33.374407510132954,100.0
1140,0,48.95746260596132,48.95746260596132,100.0
1140,1,25.104284493137662,25.104284493137662,100.0
1140,2,25.93825290090103,25.93825290090103,100.0
1150,0,28.08401828119634,28.08401828119634,100.0
1150,1,32.38537523107002,32.38537523107002,100.0
1150,2,39.53060648773365,39.53060648773365,100.0
1160,0,37.153836748452775,37.153836748452775,100.0
1160,1,34.919998339783994,34.919998339783994,100.0
1160,2,27.92616491176323,27.92616491176323,100.0
1170,0,24.775002150667515,24.775002150667515,100.0
1170,1,45.79793606277313,45.79793606277313,100.0
1170,2,29.42706178655936,29.42706178655936,100.0
1180,0,44.5590197180453,44.5590197180453,100.0
1180,1,28.222685852374973,28.222685852374973,100.0
1180,2,27.218294429579725,27.218294429579725,100.0
1190,0,41.849542992651664,41.849542992651664,100.0
1190,1,25.121605187856012,25.121605187856012,100.0
1190,2,33.028851819492324,33.028851819492324,100.0
1200,0,24.020773698113686,24.020773698113686,100.0
1200,1,47.8077325740275,47.8077325740275,100.0
1200,2,28.17149372785882,28.17149372785882,100.0
1210,0,33.14761805093455,33.14761805093455,100.0
1210,1,44.42123529986931,44.42123529986931,100.0
1210,2,22.431146649196137,22.431146649196137,100.0
1220,0,24.53829210400656,24.53829210400656,100.0
1220,1,54.749988124321966,54.749988124321966,100.0
1220,2,20.711719771671472,20.711719771671472,100.0
1230,0,26.447893160710407,26.447893160710407,100.0
1230,1,51.54447983521124,51.54447983521124,100.0
1230,2,22.007627004078355,22.007627004078355,100.0
1240,0,23.1899451361748,23.1899451361748,100.0
1240,1,55.97322664937159,55.97322664937159,100.0
1240,2,20.836828214453607,20.836828214453607,100.0
1250,0,21.19687272826873,21.19687272826873,100.0
1250,1,45.08357197335666,45.08357197335666,100.0
1250,2,33.719555298374615,33.719555298374615,100.0
1260,0,28.279467577785887,28.279467577785887,100.0
1260,1,44.270740417559786,44.270740417559786,100.0
1260,2,27.449792004654327,27.449792004654327,100.0
1270,0,29.30729816948567,29.30729816948567,100.0
1270,1,39.48637501949682,39.48637501949682,100.0
1270,2,31.206326811017515,31.206326811017515,100.0
1280,0,29.326791903132193,29.326791903132193,100.0
1280,1,43.47953527578167,43.47953527578167,100.0
1280,2,27.193672821086135,27.193672821086135,100.0
1290,0,26.13072802885833,26.13072802885833,100.0
1290,1,41.19342613078986,41.19342613078986,100.0
1290,2,32.67584584035181,32.67584584035181,100.0
1300,0,51.602147824930235,51.602147824930235,100.0
1300,1,27.63573126676233,27.63573126676233,100.0
1300,2,20.76212090830744,20.76212090830744,100.0
1310,0,27.237090749533326,27.237090749533326,100.0
1310,1,34.96967830845957,34.96967830845957,100.0
1310,2,37.793230942007106,37.793230942007106,100.0
1320,0,41.22963261490759,41.22963261490759,100.0
1320,1,39.27428263774277,39.27428263774277,100.0
1320,2,19.49608474734964,19.49608474734964,100.0
1330,0,41.39967520139738,41.39967520139738,100.0
1330,1,39.071199183971636,39.071199183971636,100.0
1330,2,19.529125614630978,19.529125614630978,100.0
1340,0,24.091056189128096,24.091056189128096,100.0
1340,1,28.181925728800227,28.181925728800227,100.0
1340,2,47.72701808207168,47.72701808207168,100.0
1350,0,38.34947472798706,38.34947472798706,100.0
1350,1,27.503670713978188,27.503670713978188,100.0
1350,2,34.14685455803476,34.14685455803476,100.0
1360,0,25.1284429471525,25.1284429471525,100.0
1360,1,56.3922519770522,56.3922519770522,100.0
1360,2,18.479305075795292,18.479305075795292,100.0
1370,0,41.33013290016036,41.33013290016036,100.0
1370,1,29.20242224205095,29.20242224205095,100.0
1370,2,29.467444857788692,29.467444857788692,100.0
1380,0,26.868037900950902,26.868037900950902,100.0
1380,1,32.78249845514514,32.78249845514514,100.0
1380,2,40.34946364390396,40.34946364390396,100.0
1390,0,26.15195540572494,26.15195540572494,100.0
1390,1,52.1376022920357,52.1376022920357,100.0
1390,2,21.71044230223935,21.71044230223935,100.0
1400,0,41.58676006567133,41.58676006567133,100.0
1400,1,31.090964697200295,31.090964697200295,100.0
1400,2,27.32227523712838,27.32227523712838,100.0
1410,0,51.391701061563076,51.391701061563076,100.0
1410,1,25.275348425392874,25.275348425392874,100.0
1410,2,23.332950513044064,23.332950513044064,100.0
1420,0,28.9368795682069,28.9368795682069,100.0
1420,1,35.43844262817238,35.43844262817238,100.0
1420,2,35.62467780362072,35.62467780362072,100.0
1430,0,29.480864970112574,29.480864970112574,100.0
1430,1,50.78638840377162,50.78638840377162,100.0
1430,2,19.732746626115805,19.732746626115805,100.0
1440,0,30.021474112056783,30.021474112056783,100.0
1440,1,34.029533598974595,34.029533598974595,100.0
1440,2,35.948992288968626,35.948992288968626,100.0
1450,0,42.873606943559295,42.873606943559295,100.0
1450,1,29.494164846733504,29.494164846733504,100.0
1450,2,27.6322282097072,27.6322282097072,100.0
1460,0,38.61158864071904,38.61158864071904,100.0
1460,1,36.00952619556978,36.00952619556978,100.0
1460,2,25.378885163711185,25.378885163711185,100.0
1470,0,38.668768506100115,38.668768506100115,100.0
1470,1,37.50497318952007,37.50497318952007,100.0
1470,2,23.82625830437981,23.82625830437981,100.0
1480,0,35.52241687667653,35.52241687667653,100.0
1480,1,27.449921558669587,27.449921558669587,100.0
1480,2,37.02766156465388,37.02766156465388,100.0
1490,0,22.28662457583792,22.28662457583792,100.0
1490,1,41.63756191909292,41.63756191909292,100.0
1490,2,36.075813505069156,36.075813505069156,100.0
1500,0,40.68241609290051,40.68241609290051,100.0
1500,1,34.28958685395684,34.28958685395684,100.0
1500,2,25.027997053142652,25.027997053142652,100.0
