timestamp,ueImsi,sliceId,dTxBytes,dRxBytes,plr,resourceSharePct,dLostPackets,throughputMbps,bufferBytes
1510,1,0,18336,16808,8.33,30.73,1,13.4464,1376
1510,2,0,18336,12224,33.33,30.73,4,9.7792,504222
1510,3,0,18336,16808,8.33,30.73,1,13.4464,129990
1510,4,0,18336,7640,58.33,30.73,7,6.1120,1023362
1510,5,0,18336,0,100.00,30.73,12,0.0000,1683349
1510,6,1,390,312,20.00,38.94,1,0.2496,87
1510,7,1,390,390,0.00,38.94,0,0.3120,87
1510,8,1,390,0,100.00,38.94,5,0.0000,169
1510,9,1,390,0,100.00,38.94,5,0.0000,1544
1510,10,1,390,390,0.00,38.94,0,0.3120,87
1510,11,2,384,256,33.33,30.32,1,0.2048,117
1510,12,2,384,256,33.33,30.32,1,0.2048,137
1510,13,2,384,256,33.33,30.32,1,0.2048,137
1510,14,2,384,0,100.00,30.32,3,0.0000,137
1510,15,2,384,256,33.33,30.32,1,0.2048,137
1510,16,2,384,256,33.33,30.32,1,0.2048,137
1510,17,2,384,768,0.00,30.32,0,0.6144,137
1510,18,2,384,0,100.00,30.32,3,0.0000,1415
1510,19,2,384,256,33.33,30.32,1,0.2048,137
1510,20,2,384,0,100.00,30.32,3,0.0000,137
