timestamp,ueImsi,sliceId,dTxBytes,dRxBytes,plr,resourceSharePct,dLostPackets,throughputMbps,bufferBytes,dlBufferBytes,ulBufferBytes,macBufferBytes,congestionPct,lastDrlActionStatus
9900,1,0,193616,1356,98.84,30.49,170,0.1085,1200005,184440,1200005,1384445,13.20,applied
9900,2,0,193616,1356,98.84,30.49,170,0.1085,1200005,184443,1200005,1384448,13.20,applied
9900,3,0,193616,7496,95.93,30.49,165,0.5997,1200005,184449,1200005,1384454,13.20,applied
9900,4,0,193616,0,100.00,30.49,172,0.0000,1200005,187049,1200005,1387054,13.23,applied
9900,5,0,193616,12408,93.60,30.49,161,0.9926,1200005,184440,1200005,1384445,13.20,applied
9900,6,1,0,0,0.00,29.87,0,0.0000,34,0,34,34,0.00,applied
9900,7,1,0,0,0.00,29.87,0,0.0000,34,0,34,34,0.00,applied
9900,8,1,0,0,0.00,29.87,0,0.0000,34,0,34,34,0.00,applied
9900,9,1,0,0,0.00,29.87,0,0.0000,34,0,34,34,0.00,applied
9900,10,1,0,0,0.00,29.87,0,0.0000,34,0,34,34,0.00,applied
9900,11,1,0,0,0.00,29.87,0,0.0000,34,0,34,34,0.00,applied
9900,12,1,0,0,0.00,29.87,0,0.0000,34,0,34,34,0.00,applied
9900,13,1,0,0,0.00,29.87,0,0.0000,34,0,34,34,0.00,applied
9900,14,2,65200,0,100.00,39.65,50,0.0000,5940597,5940597,51,5940648,56.65,applied
9900,15,2,65200,0,100.00,39.65,50,0.0000,5940718,5940718,34,5940752,56.66,applied
9900,16,2,65200,0,100.00,39.65,50,0.0000,5940600,5940600,51,5940651,56.65,applied
9900,17,2,65200,0,100.00,39.65,50,0.0000,5942678,5942678,51,5942729,56.67,applied
9900,18,2,65200,0,100.00,39.65,50,0.0000,5940608,5940608,51,5940659,56.65,applied
9900,19,2,65200,940,90.00,39.65,45,0.0752,5940593,5940593,51,5940644,56.65,applied
9900,20,2,65200,940,90.00,39.65,45,0.0752,5940592,5940592,51,5940643,56.65,applied
9900,21,2,65200,0,100.00,39.65,50,0.0000,5941068,5941068,51,5941119,56.66,applied
9900,22,2,65200,0,100.00,39.65,50,0.0000,5941808,5941808,51,5941859,56.67,applied
9900,23,2,65200,0,100.00,39.65,50,0.0000,5940591,5940591,51,5940642,56.65,applied
9900,24,2,65200,940,90.00,39.65,45,0.0752,5940597,5940597,51,5940648,56.65,applied
9900,25,2,65200,1692,82.00,39.65,41,0.1354,5940596,5940596,51,5940647,56.65,applied
9900,26,2,65200,0,100.00,39.65,50,0.0000,5940597,5940597,51,5940648,56.65,applied
9900,27,2,65200,0,100.00,39.65,50,0.0000,5940721,5940721,51,5940772,56.66,applied
9900,28,2,65200,0,100.00,39.65,50,0.0000,5940786,5940786,51,5940837,56.66,applied
9900,29,2,65200,0,100.00,39.65,50,0.0000,5942526,5942526,51,5942577,56.67,applied
9900,30,2,65200,0,100.00,39.65,50,0.0000,5940595,5940595,51,5940646,56.65,applied
9900,31,2,65200,940,90.00,39.65,45,0.0752,5940597,5940597,51,5940648,56.65,applied
9900,32,2,65200,0,100.00,39.65,50,0.0000,5940596,5940596,51,5940647,56.65,applied
9900,33,2,65200,0,100.00,39.65,50,0.0000,5942034,5942034,51,5942085,56.67,applied
