timestamp,ueImsi,sliceId,dTxBytes,dRxBytes,plr,resourceSharePct,dLostPackets,throughputMbps,bufferBytes
560,1,0,24448,1528,93.75,50.67,15,1.2224,134636
560,2,0,24448,1528,93.75,50.67,15,1.2224,134620
560,3,0,24448,1528,93.75,50.67,15,1.2224,134620
560,4,0,24448,1528,93.75,50.67,15,1.2224,134635
560,5,0,24448,1528,93.75,50.67,15,1.2224,134518
560,6,1,390,312,20.00,25.53,1,0.2496,169
560,7,1,390,312,20.00,25.53,1,0.2496,169
560,8,1,390,312,20.00,25.53,1,0.2496,169
560,9,1,390,312,20.00,25.53,1,0.2496,169
560,10,1,390,312,20.00,25.53,1,0.2496,169
560,11,2,16000,512,96.80,23.80,121,0.4096,90583
560,12,2,16000,512,96.80,23.80,121,0.4096,90392
560,13,2,16000,512,96.80,23.80,121,0.4096,90586
560,14,2,16000,512,96.80,23.80,121,0.4096,90503
560,15,2,16000,640,96.00,23.80,120,0.5120,90457
560,16,2,16000,640,96.00,23.80,120,0.5120,90467
560,17,2,16000,512,96.80,23.80,121,0.4096,90495
560,18,2,16000,640,96.00,23.80,120,0.5120,90458
560,19,2,16000,512,96.80,23.80,121,0.4096,90563
560,20,2,16000,640,96.00,23.80,120,0.5120,90471
