timestamp,sliceId,dedicatedPRB,minPRB,maxPRB
600,0,42.71890495138297,42.71890495138297,100.0
600,1,36.97480803893443,36.97480803893443,100.0
600,2,20.306287009682606,20.306287009682606,100.0
700,0,42.172524007664165,42.172524007664165,100.0
700,1,38.57299824218413,38.57299824218413,100.0
700,2,19.254477750151715,19.254477750151715,100.0
800,0,32.424334289251824,32.424334289251824,100.0
800,1,35.74534987665846,35.74534987665846,100.0
800,2,31.830315834089724,31.830315834089724,100.0
900,0,29.902726391390576,29.902726391390576,100.0
900,1,35.82116320085969,35.82116320085969,100.0
900,2,34.276110407749734,34.276110407749734,100.0
1000,0,38.1891795633811,38.1891795633811,100.0
1000,1,42.70190653605463,42.70190653605463,100.0
1000,2,19.108913900564257,19.108913900564257,100.0
1100,0,29.881188921185338,29.881188921185338,100.0
1100,1,32.72066522052626,32.72066522052626,100.0
1100,2,37.39814585828841,37.39814585828841,100.0
1200,0,37.94431796076237,37.94431796076237,100.0
1200,1,25.64820156351596,25.64820156351596,100.0
1200,2,36.40748047572168,36.40748047572168,100.0
1300,0,30.39361332789854,30.39361332789854,100.0
1300,1,44.943647873186514,44.943647873186514,100.0
1300,2,24.66273879891494,24.66273879891494,100.0
1400,0,37.26747831298915,37.26747831298915,100.0
1400,1,36.22403166592454,36.22403166592454,100.0
1400,2,26.508490021086306,26.508490021086306,100.0
1500,0,23.735903370753014,23.735903370753014,100.0
1500,1,54.56051346898248,54.56051346898248,100.0
1500,2,21.703583160264508,21.703583160264508,100.0
1600,0,34.50563578994736,34.50563578994736,100.0
1600,1,26.220526633505326,26.220526633505326,100.0
1600,2,39.273837576547315,39.273837576547315,100.0
1700,0,20.81355867645785,20.81355867645785,100.0
1700,1,38.77790758937032,38.77790758937032,100.0
1700,2,40.40853373417184,40.40853373417184,100.0
1800,0,36.50103703932032,36.50103703932032,100.0
1800,1,44.011966788034606,44.011966788034606,100.0
1800,2,19.486996172645075,19.486996172645075,100.0
1900,0,39.3440953902803,39.3440953902803,100.0
1900,1,35.8650127559576,35.8650127559576,100.0
1900,2,24.7908918537621,24.7908918537621,100.0
2000,0,38.777227435999585,38.777227435999585,100.0
2000,1,33.65269339753515,33.65269339753515,100.0
2000,2,27.570079166465266,27.570079166465266,100.0
2100,0,46.485333741009384,46.485333741009384,100.0
2100,1,32.485134084280574,32.485134084280574,100.0
2100,2,21.02953217471004,21.02953217471004,100.0
2200,0,25.191090056145747,25.191090056145747,100.0
2200,1,35.84411210821408,35.84411210821408,100.0
2200,2,38.96479783564018,38.96479783564018,100.0
2300,0,44.06381126245405,44.06381126245405,100.0
2300,1,34.37248676760559,34.37248676760559,100.0
2300,2,21.56370196994036,21.56370196994036,100.0
2400,0,30.65078505601086,30.65078505601086,100.0
2400,1,34.05669768203886,34.05669768203886,100.0
2400,2,35.29251726195029,35.29251726195029,100.0
2500,0,33.52275441694522,33.52275441694522,100.0
2500,1,37.56471144944686,37.56471144944686,100.0
2500,2,28.912534133607913,28.912534133607913,100.0
2600,0,30.42657034973699,30.42657034973699,100.0
2600,1,37.709179023432775,37.709179023432775,100.0
2600,2,31.86425062683023,31.86425062683023,100.0
2700,0,48.900315644054835,48.900315644054835,100.0
2700,1,29.930879721897487,29.930879721897487,100.0
2700,2,21.16880463404767,21.16880463404767,100.0
2800,0,32.33642214312098,32.33642214312098,100.0
2800,1,46.439198223555415,46.439198223555415,100.0
2800,2,21.224379633323608,21.224379633323608,100.0
2900,0,42.20530333507256,42.20530333507256,100.0
2900,1,27.181047347397442,27.181047347397442,100.0
2900,2,30.61364931753,30.61364931753,100.0
3000,0,42.61978749765284,42.61978749765284,100.0
3000,1,38.69601245595103,38.69601245595103,100.0
3000,2,18.684200046396132,18.684200046396132,100.0
3100,0,23.798458866038544,23.798458866038544,100.0
3100,1,52.576393331552666,52.576393331552666,100.0
3100,2,23.62514780240879,23.62514780240879,100.0
3200,0,35.00635420477652,35.00635420477652,100.0
3200,1,34.2995645274528,34.2995645274528,100.0
3200,2,30.694081267770684,30.694081267770684,100.0
3300,0,22.815891807806235,22.815891807806235,100.0
3300,1,43.996926026722896,43.996926026722896,100.0
3300,2,33.18718216547087,33.18718216547087,100.0
3400,0,40.32242241113936,40.32242241113936,100.0
3400,1,36.528639798648,36.528639798648,100.0
3400,2,23.14893779021264,23.14893779021264,100.0
3500,0,41.33991543537597,41.33991543537597,100.0
3500,1,38.272806829273755,38.272806829273755,100.0
3500,2,20.387277735350278,20.387277735350278,100.0
3600,0,34.52168745185711,34.52168745185711,100.0
3600,1,25.436049241609048,25.436049241609048,100.0
3600,2,40.04226330653384,40.04226330653384,100.0
3700,0,40.66261627343775,40.66261627343775,100.0
3700,1,34.48467183378576,34.48467183378576,100.0
3700,2,24.8527118927765,24.8527118927765,100.0
3800,0,44.29506928758013,44.29506928758013,100.0
3800,1,29.028355843192156,29.028355843192156,100.0
3800,2,26.67657486922772,26.67657486922772,100.0
3900,0,31.303467865476097,31.303467865476097,100.0
3900,1,42.96035598069011,42.96035598069011,100.0
3900,2,25.736176153833796,25.736176153833796,100.0
4000,0,30.787052089472244,30.787052089472244,100.0
4000,1,38.9448111317253,38.9448111317253,100.0
4000,2,30.26813677880246,30.26813677880246,100.0
4100,0,27.450183746525425,27.450183746525425,100.0
4100,1,43.727880782268045,43.727880782268045,100.0
4100,2,28.82193547120653,28.82193547120653,100.0
4200,0,32.25883570320843,32.25883570320843,100.0
4200,1,34.56312043194738,34.56312043194738,100.0
4200,2,33.178043864844184,33.178043864844184,100.0
4300,0,30.981444572389417,30.981444572389417,100.0
4300,1,26.485837252827228,26.485837252827228,100.0
4300,2,42.532718174783355,42.532718174783355,100.0
4400,0,50.014000665200776,50.014000665200776,100.0
4400,1,31.358683019765245,31.358683019765245,100.0
4400,2,18.62731631503398,18.62731631503398,100.0
4500,0,33.540548916986864,33.540548916986864,100.0
4500,1,39.81151010547169,39.81151010547169,100.0
4500,2,26.647940977541456,26.647940977541456,100.0
4600,0,39.24807511591618,39.24807511591618,100.0
4600,1,27.829782226912293,27.829782226912293,100.0
4600,2,32.92214265717153,32.92214265717153,100.0
4700,0,47.95548181910541,47.95548181910541,100.0
4700,1,31.78921217024955,31.78921217024955,100.0
4700,2,20.25530601064505,20.25530601064505,100.0
4800,0,30.584688185625495,30.584688185625495,100.0
4800,1,29.296769889529234,29.296769889529234,100.0
4800,2,40.11854192484527,40.11854192484527,100.0
4900,0,35.33666121745937,35.33666121745937,100.0
4900,1,33.85055967573826,33.85055967573826,100.0
4900,2,30.812779106802367,30.812779106802367,100.0
5000,0,21.100044941519247,21.100044941519247,100.0
5000,1,39.26239461704484,39.26239461704484,100.0
5000,2,39.637560441435916,39.637560441435916,100.0
5100,0,29.849988300120433,29.849988300120433,100.0
5100,1,46.31055529839293,46.31055529839293,100.0
5100,2,23.839456401486636,23.839456401486636,100.0
5200,0,32.7786511326583,32.7786511326583,100.0
5200,1,44.96489066294469,44.96489066294469,100.0
5200,2,22.256458204397006,22.256458204397006,100.0
5300,0,26.545870338205805,26.545870338205805,100.0
5300,1,36.32540350044957,36.32540350044957,100.0
5300,2,37.128726161344616,37.128726161344616,100.0
5400,0,38.86558369992933,38.86558369992933,100.0
5400,1,37.84907512065112,37.84907512065112,100.0
5400,2,23.285341179419554,23.285341179419554,100.0
5500,0,25.414650887332336,25.414650887332336,100.0
5500,1,30.616672344415406,30.616672344415406,100.0
5500,2,43.96867676825225,43.96867676825225,100.0
5600,0,49.80680309031938,49.80680309031938,100.0
5600,1,30.2043181654496,30.2043181654496,100.0
5600,2,19.98887874423102,19.98887874423102,100.0
5700,0,33.05054320237033,33.05054320237033,100.0
5700,1,41.336868201686315,41.336868201686315,100.0
5700,2,25.612588595943347,25.612588595943347,100.0
5800,0,41.030563836942704,41.030563836942704,100.0
5800,1,24.311423463834362,24.311423463834362,100.0
5800,2,34.65801269922294,34.65801269922294,100.0
5900,0,34.326539435285,34.326539435285,100.0
5900,1,38.749742515957195,38.749742515957195,100.0
5900,2,26.923718048757806,26.923718048757806,100.0
6000,0,33.13024093973375,33.13024093973375,100.0
6000,1,43.93991265230852,43.93991265230852,100.0
6000,2,22.929846407957722,22.929846407957722,100.0
6100,0,31.455915388368616,31.455915388368616,100.0
6100,1,48.57346219451202,48.57346219451202,100.0
6100,2,19.970622417119372,19.970622417119372,100.0
6200,0,26.185808910647633,26.185808910647633,100.0
6200,1,36.908152232703266,36.908152232703266,100.0
6200,2,36.9060388566491,36.9060388566491,100.0
6300,0,36.391606470282426,36.391606470282426,100.0
6300,1,35.42702645857986,35.42702645857986,100.0
6300,2,28.181367071137714,28.181367071137714,100.0
6400,0,33.79855849728381,33.79855849728381,100.0
6400,1,39.04274528422222,39.04274528422222,100.0
6400,2,27.158696218493972,27.158696218493972,100.0
6500,0,21.148333071953637,21.148333071953637,100.0
6500,1,49.06267503127058,49.06267503127058,100.0
6500,2,29.78899189677579,29.78899189677579,100.0
6600,0,27.247744776781396,27.247744776781396,100.0
6600,1,51.47540867731091,51.47540867731091,100.0
6600,2,21.27684654590769,21.27684654590769,100.0
6700,0,33.157333702602095,33.157333702602095,100.0
6700,1,36.55562819990119,36.55562819990119,100.0
6700,2,30.287038097496726,30.287038097496726,100.0
6800,0,46.68129745214885,46.68129745214885,100.0
6800,1,30.64377054166264,30.64377054166264,100.0
6800,2,22.674932006188513,22.674932006188513,100.0
6900,0,43.3703151456072,43.3703151456072,100.0
6900,1,25.13100851587657,25.13100851587657,100.0
6900,2,31.49867633851623,31.49867633851623,100.0
7000,0,30.01630867076976,30.01630867076976,100.0
7000,1,30.841235597916413,30.841235597916413,100.0
7000,2,39.14245573131383,39.14245573131383,100.0
7100,0,25.62559047683163,25.62559047683163,100.0
7100,1,35.854657866091536,35.854657866091536,100.0
7100,2,38.51975165707684,38.51975165707684,100.0
7200,0,33.994471087280644,33.994471087280644,100.0
7200,1,42.5373784917515,42.5373784917515,100.0
7200,2,23.46815042096786,23.46815042096786,100.0
7300,0,25.07060989006825,25.07060989006825,100.0
7300,1,45.731898098488834,45.731898098488834,100.0
7300,2,29.19749201144291,29.19749201144291,100.0
7400,0,24.31857452634679,24.31857452634679,100.0
7400,1,40.11133765037605,40.11133765037605,100.0
7400,2,35.57008782327717,35.57008782327717,100.0
7500,0,27.225961366273864,27.225961366273864,100.0
7500,1,35.43578303647513,35.43578303647513,100.0
7500,2,37.33825559725101,37.33825559725101,100.0
7600,0,24.1431552584688,24.1431552584688,100.0
7600,1,41.424440774398605,41.424440774398605,100.0
7600,2,34.4324039671326,34.4324039671326,100.0
7700,0,36.14844652783816,36.14844652783816,100.0
7700,1,43.85331741833032,43.85331741833032,100.0
7700,2,19.998236053831526,19.998236053831526,100.0
7800,0,36.679036975910876,36.679036975910876,100.0
7800,1,25.960199261175283,25.960199261175283,100.0
7800,2,37.36076376291384,37.36076376291384,100.0
7900,0,25.322477501237984,25.322477501237984,100.0
7900,1,32.384500451023044,32.384500451023044,100.0
7900,2,42.29302204773898,42.29302204773898,100.0
8000,0,32.27447598839519,32.27447598839519,100.0
8000,1,38.01375617561333,38.01375617561333,100.0
8000,2,29.711767835991477,29.711767835991477,100.0
8100,0,21.97842788619303,21.97842788619303,100.0
8100,1,44.420957175080765,44.420957175080765,100.0
8100,2,33.6006149387262,33.6006149387262,100.0
8200,0,49.84036328798086,49.84036328798086,100.0
8200,1,28.401824443512307,28.401824443512307,100.0
8200,2,21.757812268506836,21.757812268506836,100.0
8300,0,29.416425601726072,29.416425601726072,100.0
8300,1,44.1019327521778,44.1019327521778,100.0
8300,2,26.481641646096126,26.481641646096126,100.0
8400,0,28.857205271531818,28.857205271531818,100.0
8400,1,44.151551479171594,44.151551479171594,100.0
8400,2,26.99124324929659,26.99124324929659,100.0
8500,0,31.26911225827343,31.26911225827343,100.0
8500,1,40.39434248644369,40.39434248644369,100.0
8500,2,28.336545255282886,28.336545255282886,100.0
8600,0,43.631627104673775,43.631627104673775,100.0
8600,1,35.086748951780145,35.086748951780145,100.0
8600,2,21.281623943546073,21.281623943546073,100.0
8700,0,37.9414476293619,37.9414476293619,100.0
8700,1,26.254853091762165,26.254853091762165,100.0
8700,2,35.80369927887594,35.80369927887594,100.0
8800,0,34.66306790485631,34.66306790485631,100.0
8800,1,39.7518216565231,39.7518216565231,100.0
8800,2,25.58511043862059,25.58511043862059,100.0
8900,0,28.728823543491693,28.728823543491693,100.0
8900,1,38.994827863378475,38.994827863378475,100.0
8900,2,32.276348593129825,32.276348593129825,100.0
9000,0,33.093483251264665,33.093483251264665,100.0
9000,1,41.507712179724734,41.507712179724734,100.0
9000,2,25.398804569010608,25.398804569010608,100.0
9100,0,37.457972637497136,37.457972637497136,100.0
9100,1,44.79497540588642,44.79497540588642,100.0
9100,2,17.747051956616446,17.747051956616446,100.0
9200,0,29.678330030844048,29.678330030844048,100.0
9200,1,35.80029804062595,35.80029804062595,100.0
9200,2,34.52137192853001,34.52137192853001,100.0
9300,0,29.5969599448562,29.5969599448562,100.0
9300,1,50.161867910978856,50.161867910978856,100.0
9300,2,20.24117214416496,20.24117214416496,100.0
9400,0,23.448618456604002,23.448618456604002,100.0
9400,1,57.378179971845675,57.378179971845675,100.0
9400,2,19.173201571550326,19.173201571550326,100.0
9500,0,35.29429500732427,35.29429500732427,100.0
9500,1,27.998583941536097,27.998583941536097,100.0
9500,2,36.70712105113964,36.70712105113964,100.0
9600,0,51.49276337475119,51.49276337475119,100.0
9600,1,27.639567900707174,27.639567900707174,100.0
9600,2,20.867668724541627,20.867668724541627,100.0
9700,0,33.58206890607383,33.58206890607383,100.0
9700,1,37.93251148973565,37.93251148973565,100.0
9700,2,28.485419604190525,28.485419604190525,100.0
9800,0,22.888939288734054,22.888939288734054,100.0
9800,1,52.52534894443372,52.52534894443372,100.0
9800,2,24.58571176683222,24.58571176683222,100.0
9900,0,40.98611106310603,40.98611106310603,100.0
9900,1,31.438671349798586,31.438671349798586,100.0
9900,2,27.57521758709538,27.57521758709538,100.0
