timestamp,ueImsi,sliceId,dTxBytes,dRxBytes,plr,resourceSharePct,dLostPackets,throughputMbps,bufferBytes
600,1,0,18336,3056,83.33,21.66,10,2.4448,140105
600,2,0,18336,4584,75.00,21.66,9,3.6672,139621
600,3,0,18336,4584,75.00,21.66,9,3.6672,138728
600,4,0,18336,4584,75.00,21.66,9,3.6672,138241
600,5,0,18336,4584,75.00,21.66,9,3.6672,137657
600,6,1,390,390,0.00,25.00,0,0.3120,87
600,7,1,390,390,0.00,25.00,0,0.3120,87
600,8,1,390,390,0.00,25.00,0,0.3120,87
600,9,1,390,390,0.00,25.00,0,0.3120,87
600,10,1,390,390,0.00,25.00,0,0.3120,87
600,11,2,256,384,0.00,53.34,0,0.3072,137
600,12,2,256,384,0.00,53.34,0,0.3072,137
600,13,2,256,384,0.00,53.34,0,0.3072,137
600,14,2,256,384,0.00,53.34,0,0.3072,137
600,15,2,256,384,0.00,53.34,0,0.3072,137
600,16,2,256,384,0.00,53.34,0,0.3072,137
600,17,2,256,384,0.00,53.34,0,0.3072,137
600,18,2,256,384,0.00,53.34,0,0.3072,137
600,19,2,256,384,0.00,53.34,0,0.3072,137
600,20,2,256,384,0.00,53.34,0,0.3072,137
