timestamp,ueImsi,sliceId,dTxBytes,dRxBytes,plr,resourceSharePct,dLostPackets,throughputMbps,bufferBytes
560,1,0,24448,3056,87.50,23.46,14,2.4448,132556
560,2,0,24448,3056,87.50,23.46,14,2.4448,132603
560,3,0,24448,3056,87.50,23.46,14,2.4448,132618
560,4,0,24448,3056,87.50,23.46,14,2.4448,132645
560,5,0,24448,3056,87.50,23.46,14,2.4448,132547
560,6,1,780,702,10.00,44.16,1,0.5616,87
560,7,1,780,702,10.00,44.16,1,0.5616,87
560,8,1,780,702,10.00,44.16,1,0.5616,87
560,9,1,780,702,10.00,44.16,1,0.5616,87
560,10,1,780,702,10.00,44.16,1,0.5616,87
560,11,2,16000,1408,91.20,32.37,114,1.1264,87923
560,12,2,16000,1408,91.20,32.37,114,1.1264,87856
560,13,2,16000,1408,91.20,32.37,114,1.1264,87929
560,14,2,16000,1408,91.20,32.37,114,1.1264,87899
560,15,2,16000,1408,91.20,32.37,114,1.1264,87894
560,16,2,16000,1408,91.20,32.37,114,1.1264,87914
560,17,2,16000,1408,91.20,32.37,114,1.1264,87920
560,18,2,16000,1408,91.20,32.37,114,1.1264,87922
560,19,2,16000,1408,91.20,32.37,114,1.1264,87922
560,20,2,16000,1408,91.20,32.37,114,1.1264,87823
