timestamp,sliceId,dedicatedPRB,minPRB,maxPRB
510,0,26.260534537360307,26.260534537360307,100.0
510,1,37.43134238765098,37.43134238765098,100.0
510,2,36.308123074988714,36.308123074988714,100.0
520,0,26.493644990448605,26.493644990448605,100.0
520,1,42.445705529514335,42.445705529514335,100.0
520,2,31.06064948003706,31.06064948003706,100.0
530,0,32.145783046983865,32.145783046983865,100.0
530,1,31.050036412787897,31.050036412787897,100.0
530,2,36.80418054022824,36.80418054022824,100.0
540,0,24.949253804075465,24.949253804075465,100.0
540,1,38.42148117471292,38.42148117471292,100.0
540,2,36.62926502121161,36.62926502121161,100.0
550,0,33.2965828541685,33.2965828541685,100.0
550,1,36.85222987210217,36.85222987210217,100.0
550,2,29.85118727372933,29.85118727372933,100.0
