timestamp,sliceId,dedicatedPRB,minPRB,maxPRB,algorithm
510,0,21.665,21.665,100.0,2
510,1,35.0,35.0,100.0,2
510,2,43.335,43.335,100.0,2
520,0,16.665,16.665,100.0,0
520,1,30.000000000000004,30.000000000000004,100.0,0
520,2,53.335,53.335,100.0,0
530,0,16.665,16.665,100.0,2
530,1,45.0,45.0,100.0,2
530,2,38.334999999999994,38.334999999999994,100.0,2
540,0,56.665,56.665,100.0,0
540,1,30.000000000000004,30.000000000000004,100.0,0
540,2,13.334999999999999,13.334999999999999,100.0,0
550,0,16.665,16.665,100.0,0
550,1,60.00000000000001,60.00000000000001,100.0,0
550,2,23.335,23.335,100.0,0
