timestamp,ueImsi,sliceId,dTxBytes,dRxBytes,plr,resourceSharePct,dLostPackets,throughputMbps,bufferBytes
660,1,0,25976,1528,94.12,34.29,16,1.2224,369186
660,2,0,25976,1528,94.12,34.29,16,1.2224,369176
660,3,0,25976,1528,94.12,34.29,16,1.2224,369111
660,4,0,25976,1528,94.12,34.29,16,1.2224,369112
660,5,0,25976,1528,94.12,34.29,16,1.2224,369281
660,6,1,390,468,0.00,34.00,0,0.3744,87
660,7,1,390,468,0.00,34.00,0,0.3744,87
660,8,1,390,468,0.00,34.00,0,0.3744,87
660,9,1,390,468,0.00,34.00,0,0.3744,87
660,10,1,390,468,0.00,34.00,0,0.3744,87
660,11,2,16000,768,95.20,31.72,119,0.6144,244981
660,12,2,16000,896,94.40,31.72,118,0.7168,245132
660,13,2,16000,768,95.20,31.72,119,0.6144,244997
660,14,2,16000,768,95.20,31.72,119,0.6144,245019
660,15,2,16000,768,95.20,31.72,119,0.6144,245077
660,16,2,16000,768,95.20,31.72,119,0.6144,245089
660,17,2,16000,768,95.20,31.72,119,0.6144,245036
660,18,2,16000,768,95.20,31.72,119,0.6144,245094
660,19,2,16000,768,95.20,31.72,119,0.6144,245084
660,20,2,16000,768,95.20,31.72,119,0.6144,245101
