timestamp,sliceId,dedicatedPRB,minPRB,maxPRB
510,0,30.67057963290255,30.67057963290255,100.0
510,1,36.48835433965984,36.48835433965984,100.0
510,2,32.841066027437606,32.841066027437606,100.0
520,0,39.861408412736445,39.861408412736445,100.0
520,1,39.99477628301891,39.99477628301891,100.0
520,2,20.143815304244654,20.143815304244654,100.0
530,0,28.18033123204336,28.18033123204336,100.0
530,1,32.2038907246741,32.2038907246741,100.0
530,2,39.61577804328253,39.61577804328253,100.0
540,0,42.620306731502104,42.620306731502104,100.0
540,1,31.80600634935722,31.80600634935722,100.0
540,2,25.573686919140677,25.573686919140677,100.0
550,0,36.27289696134077,36.27289696134077,100.0
550,1,27.528802291269294,27.528802291269294,100.0
550,2,36.198300747389936,36.198300747389936,100.0
