timestamp,ueImsi,sliceId,dTxBytes,dRxBytes,plr,resourceSharePct,dLostPackets,throughputMbps,bufferBytes
1510,1,0,18336,18336,0.00,43.65,0,14.6688,1474
1510,2,0,18336,12224,33.33,43.65,4,9.7792,559729
1510,3,0,18336,15280,16.67,43.65,2,12.2240,193419
1510,4,0,18336,7640,58.33,43.65,7,6.1120,1055465
1510,5,0,18336,0,100.00,43.65,12,0.0000,1726444
1510,6,1,390,858,0.00,24.89,0,0.6864,169
1510,7,1,390,390,0.00,24.89,0,0.3120,87
1510,8,1,390,0,100.00,24.89,5,0.0000,87
1510,9,1,390,0,100.00,24.89,5,0.0000,333
1510,10,1,390,390,0.00,24.89,0,0.3120,87
1510,11,2,384,256,33.33,31.46,1,0.2048,114
1510,12,2,384,256,33.33,31.46,1,0.2048,137
1510,13,2,384,256,33.33,31.46,1,0.2048,137
1510,14,2,384,0,100.00,31.46,3,0.0000,137
1510,15,2,384,0,100.00,31.46,3,0.0000,137
1510,16,2,384,256,33.33,31.46,1,0.2048,137
1510,17,2,384,0,100.00,31.46,3,0.0000,137
1510,18,2,384,0,100.00,31.46,3,0.0000,137
1510,19,2,384,256,33.33,31.46,1,0.2048,137
1510,20,2,384,0,100.00,31.46,3,0.0000,137
