timestamp,sliceId,dedicatedPRB,minPRB,maxPRB
510,0,24.80934884566464,24.80934884566464,100.0
510,1,44.515107458513675,44.515107458513675,100.0
510,2,30.675543695821684,30.675543695821684,100.0
520,0,22.88198183915283,22.88198183915283,100.0
520,1,44.36780859158177,44.36780859158177,100.0
520,2,32.750209569265394,32.750209569265394,100.0
530,0,40.80798592113123,40.80798592113123,100.0
530,1,35.54348344046356,35.54348344046356,100.0
530,2,23.648530638405223,23.648530638405223,100.0
540,0,46.21263689723566,46.21263689723566,100.0
540,1,31.655332500970708,31.655332500970708,100.0
540,2,22.132030601793634,22.132030601793634,100.0
550,0,33.49666801014672,33.49666801014672,100.0
550,1,43.44702027638403,43.44702027638403,100.0
550,2,23.056311713469245,23.056311713469245,100.0
