timestamp,ueImsi,sliceId,dTxBytes,dRxBytes,plr,resourceSharePct,dLostPackets,throughputMbps,bufferBytes
560,1,0,24448,3056,87.50,33.50,14,2.4448,133786
560,2,0,24448,3056,87.50,33.50,14,2.4448,133789
560,3,0,24448,1528,93.75,33.50,15,1.2224,133779
560,4,0,24448,1528,93.75,33.50,15,1.2224,133696
560,5,0,24448,3056,87.50,33.50,14,2.4448,133808
560,6,1,390,312,20.00,43.45,1,0.2496,169
560,7,1,390,312,20.00,43.45,1,0.2496,169
560,8,1,390,312,20.00,43.45,1,0.2496,169
560,9,1,390,312,20.00,43.45,1,0.2496,169
560,10,1,390,312,20.00,43.45,1,0.2496,169
560,11,2,16000,640,96.00,23.06,120,0.5120,90887
560,12,2,16000,640,96.00,23.06,120,0.5120,90879
560,13,2,16000,640,96.00,23.06,120,0.5120,90878
560,14,2,16000,640,96.00,23.06,120,0.5120,90886
560,15,2,16000,640,96.00,23.06,120,0.5120,90966
560,16,2,16000,640,96.00,23.06,120,0.5120,90968
560,17,2,16000,640,96.00,23.06,120,0.5120,90867
560,18,2,16000,640,96.00,23.06,120,0.5120,90867
560,19,2,16000,768,95.20,23.06,119,0.6144,90947
560,20,2,16000,640,96.00,23.06,120,0.5120,90953
