timestamp,ueImsi,sliceId,dTxBytes,dRxBytes,plr,resourceSharePct,dLostPackets,throughputMbps,bufferBytes
1510,1,0,35144,24448,30.43,29.67,7,19.5584,307206
1510,2,0,35144,15280,56.52,29.67,13,12.2240,1583889
1510,3,1,1014,0,100.00,44.59,13,0.0000,87
1510,4,1,1014,1014,0.00,44.59,0,0.8112,87
1510,5,2,256,0,100.00,25.74,2,0.0000,137
1510,6,2,256,256,0.00,25.74,0,0.2048,137
1510,7,2,256,256,0.00,25.74,0,0.2048,137
1510,8,2,256,0,100.00,25.74,2,0.0000,137
1510,9,2,256,0,100.00,25.74,2,0.0000,401
1510,10,2,256,256,0.00,25.74,0,0.2048,137
