timestamp,ueImsi,sliceId,dTxBytes,dRxBytes,plr,resourceSharePct,dLostPackets,throughputMbps,bufferBytes,dlBufferBytes,ulBufferBytes,macBufferBytes,congestionPct,lastDrlActionStatus
10600,1,0,128736,0,100.00,16.66,112,0.0000,1199808,82269,1199808,1282077,12.23,applied
10600,2,0,128736,34384,75.00,16.66,84,2.7507,1200005,82269,1200005,1282274,12.23,applied
10600,3,0,128736,6140,95.54,16.66,107,0.4912,1200005,82269,1200005,1282274,12.23,applied
10600,4,0,128736,0,100.00,16.66,112,0.0000,34,82269,34,82303,0.78,applied
10600,5,0,128736,0,100.00,16.66,112,0.0000,2019,82272,2019,84291,0.80,applied
10600,6,1,0,0,0.00,25.00,0,0.0000,34,0,34,34,0.00,applied
10600,7,1,0,0,0.00,25.00,0,0.0000,34,0,34,34,0.00,applied
10600,8,1,0,0,0.00,25.00,0,0.0000,34,0,34,34,0.00,applied
10600,9,1,0,0,0.00,25.00,0,0.0000,34,0,34,34,0.00,applied
10600,10,1,0,0,0.00,25.00,0,0.0000,34,0,34,34,0.00,applied
10600,11,1,0,0,0.00,25.00,0,0.0000,147,0,147,147,0.00,applied
10600,12,1,0,0,0.00,25.00,0,0.0000,34,0,34,34,0.00,applied
10600,13,1,0,0,0.00,25.00,0,0.0000,34,0,34,34,0.00,applied
10600,14,2,63772,1316,85.71,58.33,42,0.1053,4989057,4989057,51,4989108,47.58,applied
10600,15,2,63772,0,100.00,58.33,49,0.0000,4989054,4989054,51,4989105,47.58,applied
10600,16,2,63772,1504,83.67,58.33,41,0.1203,4989057,4989057,51,4989108,47.58,applied
10600,17,2,63772,0,100.00,58.33,49,0.0000,4990222,4990222,51,4990273,47.59,applied
10600,18,2,63772,0,100.00,58.33,49,0.0000,4989057,4989057,51,4989108,47.58,applied
