timestamp,ueImsi,sliceId,dTxBytes,dRxBytes,plr,resourceSharePct,dLostPackets,throughputMbps,bufferBytes
560,1,0,24448,1528,93.75,35.09,15,1.2224,136372
560,2,0,24448,1528,93.75,35.09,15,1.2224,136380
560,3,0,24448,1528,93.75,35.09,15,1.2224,136351
560,4,0,24448,1528,93.75,35.09,15,1.2224,136358
560,5,0,24448,1528,93.75,35.09,15,1.2224,136365
560,6,1,780,624,20.00,32.91,2,0.4992,126
560,7,1,780,624,20.00,32.91,2,0.4992,126
560,8,1,780,624,20.00,32.91,2,0.4992,126
560,9,1,780,624,20.00,32.91,2,0.4992,87
560,10,1,780,624,20.00,32.91,2,0.4992,87
560,11,2,16000,768,95.20,32.00,119,0.6144,91641
560,12,2,16000,640,96.00,32.00,120,0.5120,91634
560,13,2,16000,768,95.20,32.00,119,0.6144,91651
560,14,2,16000,768,95.20,32.00,119,0.6144,91651
560,15,2,16000,640,96.00,32.00,120,0.5120,91621
560,16,2,16000,640,96.00,32.00,120,0.5120,91613
560,17,2,16000,640,96.00,32.00,120,0.5120,91613
560,18,2,16000,640,96.00,32.00,120,0.5120,91613
560,19,2,16000,640,96.00,32.00,120,0.5120,91602
560,20,2,16000,640,96.00,32.00,120,0.5120,91592
