timestamp,ueImsi,sliceId,dTxBytes,dRxBytes,plr,resourceSharePct,dLostPackets,throughputMbps,bufferBytes
1290,1,0,25976,1528,94.12,27.19,16,1.2224,1829360
1290,2,0,25976,1528,94.12,27.19,16,1.2224,1829378
1290,3,0,25976,1528,94.12,27.19,16,1.2224,1829293
1290,4,0,25976,1528,94.12,27.19,16,1.2224,1829223
1290,5,0,25976,1528,94.12,27.19,16,1.2224,1829172
1290,6,1,390,468,0.00,37.02,0,0.3744,87
1290,7,1,390,468,0.00,37.02,0,0.3744,87
1290,8,1,390,468,0.00,37.02,0,0.3744,87
1290,9,1,390,468,0.00,37.02,0,0.3744,87
1290,10,1,390,468,0.00,37.02,0,0.3744,87
1290,11,2,16000,1024,93.60,35.79,117,0.8192,1226989
1290,12,2,16000,896,94.40,35.79,118,0.7168,1227174
1290,13,2,16000,896,94.40,35.79,118,0.7168,1227030
1290,14,2,16000,896,94.40,35.79,118,0.7168,1227030
1290,15,2,16000,896,94.40,35.79,118,0.7168,1227065
1290,16,2,16000,896,94.40,35.79,118,0.7168,1227167
1290,17,2,16000,896,94.40,35.79,118,0.7168,1227077
1290,18,2,16000,1024,93.60,35.79,117,0.8192,1227127
1290,19,2,16000,896,94.40,35.79,118,0.7168,1227130
1290,20,2,16000,896,94.40,35.79,118,0.7168,1227132
