timestamp,ueImsi,sliceId,dTxBytes,dRxBytes,plr,resourceSharePct,dLostPackets,throughputMbps,bufferBytes
1510,1,0,18336,0,100.00,37.13,12,0.0000,1723592
1510,2,0,18336,3056,83.33,37.13,10,2.4448,1460333
1510,3,0,18336,6112,66.67,37.13,8,4.8896,1133006
1510,4,0,18336,0,100.00,37.13,12,0.0000,1340016
1510,5,0,18336,0,100.00,37.13,12,0.0000,1698933
1510,6,1,390,390,0.00,40.31,0,0.3120,87
1510,7,1,390,0,100.00,40.31,5,0.0000,430
1510,8,1,390,390,0.00,40.31,0,0.3120,87
1510,9,1,390,234,40.00,40.31,2,0.1872,169
1510,10,1,390,0,100.00,40.31,5,0.0000,497
1510,11,2,384,256,33.33,22.56,1,0.2048,137
1510,12,2,384,256,33.33,22.56,1,0.2048,137
1510,13,2,384,256,33.33,22.56,1,0.2048,137
1510,14,2,384,256,33.33,22.56,1,0.2048,137
1510,15,2,384,256,33.33,22.56,1,0.2048,87
1510,16,2,384,0,100.00,22.56,3,0.0000,451
1510,17,2,384,256,33.33,22.56,1,0.2048,137
1510,18,2,384,0,100.00,22.56,3,0.0000,153
1510,19,2,384,256,33.33,22.56,1,0.2048,137
1510,20,2,384,0,100.00,22.56,3,0.0000,137
