timestamp,sliceId,dedicatedPRB,minPRB,maxPRB
510,0,38.42042456401699,38.42042456401699,100.0
510,1,40.11176051153114,40.11176051153114,100.0
510,2,21.46781492445188,21.46781492445188,100.0
520,0,22.40209284495631,22.40209284495631,100.0
520,1,39.78772830329549,39.78772830329549,100.0
520,2,37.8101788517482,37.8101788517482,100.0
530,0,23.963297419255063,23.963297419255063,100.0
530,1,46.723939053889715,46.723939053889715,100.0
530,2,29.312763526855218,29.312763526855218,100.0
540,0,33.168629870714696,33.168629870714696,100.0
540,1,44.4238444319667,44.4238444319667,100.0
540,2,22.407525697318608,22.407525697318608,100.0
550,0,35.95650919522269,35.95650919522269,100.0
550,1,30.395212634533298,30.395212634533298,100.0
550,2,33.64827817024402,33.64827817024402,100.0
560,0,21.828293630008485,21.828293630008485,100.0
560,1,53.33119501076364,53.33119501076364,100.0
560,2,24.840511359227868,24.840511359227868,100.0
570,0,27.222008150151954,27.222008150151954,100.0
570,1,49.85825219398147,49.85825219398147,100.0
570,2,22.91973965586658,22.91973965586658,100.0
580,0,21.203638746836255,21.203638746836255,100.0
580,1,47.519062863267365,47.519062863267365,100.0
580,2,31.27729838989638,31.27729838989638,100.0
590,0,21.979311992886192,21.979311992886192,100.0
590,1,56.39520230440505,56.39520230440505,100.0
590,2,21.62548570270875,21.62548570270875,100.0
600,0,23.39101075521209,23.39101075521209,100.0
600,1,53.22765497981257,53.22765497981257,100.0
600,2,23.381334264975347,23.381334264975347,100.0
610,0,22.894915642662546,22.894915642662546,100.0
610,1,48.50968641771526,48.50968641771526,100.0
610,2,28.595397939622195,28.595397939622195,100.0
620,0,27.068408047380128,27.068408047380128,100.0
620,1,46.891952476287116,46.891952476287116,100.0
620,2,26.039639476332766,26.039639476332766,100.0
630,0,24.930071573718575,24.930071573718575,100.0
630,1,53.75621948122392,53.75621948122392,100.0
630,2,21.313708945057503,21.313708945057503,100.0
640,0,22.25453542144373,22.25453542144373,100.0
640,1,57.55623241320902,57.55623241320902,100.0
640,2,20.189232165347256,20.189232165347256,100.0
650,0,21.69799803577873,21.69799803577873,100.0
650,1,54.87948267631386,54.87948267631386,100.0
650,2,23.422519287907406,23.422519287907406,100.0
660,0,23.500170923529936,23.500170923529936,100.0
660,1,45.826434547578685,45.826434547578685,100.0
660,2,30.67339452889137,30.67339452889137,100.0
670,0,23.260916134228303,23.260916134228303,100.0
670,1,54.36871559339065,54.36871559339065,100.0
670,2,22.370368272381043,22.370368272381043,100.0
680,0,22.36910492409752,22.36910492409752,100.0
680,1,57.13593923051421,57.13593923051421,100.0
680,2,20.494955845388276,20.494955845388276,100.0
690,0,23.009823855189257,23.009823855189257,100.0
690,1,56.61081155412809,56.61081155412809,100.0
690,2,20.379364590682652,20.379364590682652,100.0
700,0,27.02944711035224,27.02944711035224,100.0
700,1,49.90815606271439,49.90815606271439,100.0
700,2,23.06239682693338,23.06239682693338,100.0
710,0,30.25534895282892,30.25534895282892,100.0
710,1,44.74559607277831,44.74559607277831,100.0
710,2,24.999054974392777,24.999054974392777,100.0
720,0,22.38678614805053,22.38678614805053,100.0
720,1,48.231062938935125,48.231062938935125,100.0
720,2,29.38215091301435,29.38215091301435,100.0
730,0,25.2865985675916,25.2865985675916,100.0
730,1,51.46810766051517,51.46810766051517,100.0
730,2,23.24529377189323,23.24529377189323,100.0
740,0,20.933535775888533,20.933535775888533,100.0
740,1,49.0988769428497,49.0988769428497,100.0
740,2,29.96758728126177,29.96758728126177,100.0
750,0,29.27592702146331,29.27592702146331,100.0
750,1,50.47723788085163,50.47723788085163,100.0
750,2,20.246835097685057,20.246835097685057,100.0
760,0,23.79951445097542,23.79951445097542,100.0
760,1,51.25822927943406,51.25822927943406,100.0
760,2,24.94225626959052,24.94225626959052,100.0
770,0,22.58403510261242,22.58403510261242,100.0
770,1,52.04242099898673,52.04242099898673,100.0
770,2,25.373543898400847,25.373543898400847,100.0
780,0,22.7712203761461,22.7712203761461,100.0
780,1,39.13733609164785,39.13733609164785,100.0
780,2,38.09144353220605,38.09144353220605,100.0
790,0,25.51519266723934,25.51519266723934,100.0
790,1,52.53938030117067,52.53938030117067,100.0
790,2,21.94542703158999,21.94542703158999,100.0
800,0,24.202503444265556,24.202503444265556,100.0
800,1,42.68859684619668,42.68859684619668,100.0
800,2,33.10889970953776,33.10889970953776,100.0
810,0,31.889684103864514,31.889684103864514,100.0
810,1,41.305781589175126,41.305781589175126,100.0
810,2,26.80453430696037,26.80453430696037,100.0
820,0,22.25535386909751,22.25535386909751,100.0
820,1,48.665421428192765,48.665421428192765,100.0
820,2,29.079224702709727,29.079224702709727,100.0
830,0,24.439912184886207,24.439912184886207,100.0
830,1,48.55942051292242,48.55942051292242,100.0
830,2,27.000667302191374,27.000667302191374,100.0
840,0,20.642947753627475,20.642947753627475,100.0
840,1,47.585023379102395,47.585023379102395,100.0
840,2,31.77202886727013,31.77202886727013,100.0
850,0,25.419903200793215,25.419903200793215,100.0
850,1,53.804639154458144,53.804639154458144,100.0
850,2,20.775457644748652,20.775457644748652,100.0
860,0,22.854307601612593,22.854307601612593,100.0
860,1,50.40263961498095,50.40263961498095,100.0
860,2,26.743052783406462,26.743052783406462,100.0
