timestamp,ueImsi,sliceId,dTxBytes,dRxBytes,plr,resourceSharePct,dLostPackets,throughputMbps,bufferBytes
1510,1,0,18336,0,100.00,51.67,12,0.0000,1680310
1510,2,0,18336,3056,83.33,51.67,10,2.4448,1465869
1510,3,0,18336,6112,66.67,51.67,8,4.8896,1144126
1510,4,0,18336,7640,58.33,51.67,7,6.1120,1237492
1510,5,0,18336,0,100.00,51.67,12,0.0000,1682877
1510,6,1,390,390,0.00,35.00,0,0.3120,87
1510,7,1,390,0,100.00,35.00,5,0.0000,169
1510,8,1,390,390,0.00,35.00,0,0.3120,87
1510,9,1,390,1014,0.00,35.00,0,0.8112,87
1510,10,1,390,0,100.00,35.00,5,0.0000,1602
1510,11,2,384,256,33.33,13.34,1,0.2048,86
1510,12,2,384,256,33.33,13.34,1,0.2048,137
1510,13,2,384,256,33.33,13.34,1,0.2048,137
1510,14,2,384,256,33.33,13.34,1,0.2048,137
1510,15,2,384,256,33.33,13.34,1,0.2048,95
1510,16,2,384,0,100.00,13.34,3,0.0000,866
1510,17,2,384,256,33.33,13.34,1,0.2048,137
1510,18,2,384,0,100.00,13.34,3,0.0000,1589
1510,19,2,384,256,33.33,13.34,1,0.2048,137
1510,20,2,384,256,33.33,13.34,1,0.2048,137
