timestamp,ueImsi,sliceId,dTxBytes,dRxBytes,plr,resourceSharePct,dLostPackets,throughputMbps,bufferBytes,dlBufferBytes,ulBufferBytes,macBufferBytes,congestionPct,lastDrlActionStatus
9900,1,0,128736,0,100.00,23.97,112,0.0000,1200005,90029,1200005,1290034,12.30,applied
9900,2,0,128736,9824,92.86,23.97,104,0.7859,1200005,89792,1200005,1289797,12.30,applied
9900,3,0,128736,78592,42.86,23.97,48,6.2874,1200005,89792,1200005,1289797,12.30,applied
9900,4,0,128736,0,100.00,23.97,112,0.0000,34,90257,34,90291,0.86,applied
9900,5,0,128736,0,100.00,23.97,112,0.0000,3914,89792,3914,93706,0.89,applied
9900,6,1,0,0,0.00,54.87,0,0.0000,17,0,17,17,0.00,applied
9900,7,1,0,0,0.00,54.87,0,0.0000,34,0,34,34,0.00,applied
9900,8,1,0,0,0.00,54.87,0,0.0000,34,0,34,34,0.00,applied
9900,9,1,0,0,0.00,54.87,0,0.0000,34,0,34,34,0.00,applied
9900,10,1,0,0,0.00,54.87,0,0.0000,34,0,34,34,0.00,applied
9900,11,1,0,0,0.00,54.87,0,0.0000,34,0,34,34,0.00,applied
9900,12,1,0,0,0.00,54.87,0,0.0000,34,0,34,34,0.00,applied
9900,13,1,0,0,0.00,54.87,0,0.0000,34,0,34,34,0.00,applied
9900,14,2,65200,940,90.00,21.16,45,0.0752,5496448,5496448,51,5496499,52.42,applied
9900,15,2,65200,0,100.00,21.16,50,0.0000,5496508,5496508,51,5496559,52.42,applied
9900,16,2,65200,940,90.00,21.16,45,0.0752,5496448,5496448,51,5496499,52.42,applied
9900,17,2,65200,0,100.00,21.16,50,0.0000,5498343,5498343,51,5498394,52.44,applied
9900,18,2,65200,0,100.00,21.16,50,0.0000,5496508,5496508,51,5496559,52.42,applied
