timestamp,ueImsi,sliceId,dTxBytes,dRxBytes,plr,resourceSharePct,dLostPackets,throughputMbps,bufferBytes
820,1,0,25976,1528,94.12,33.86,16,1.2224,738019
820,2,0,25976,1528,94.12,33.86,16,1.2224,738010
820,3,0,25976,1528,94.12,33.86,16,1.2224,737931
820,4,0,25976,1528,94.12,33.86,16,1.2224,737933
820,5,0,25976,1528,94.12,33.86,16,1.2224,737983
820,6,1,390,234,40.00,33.89,2,0.1872,87
820,7,1,390,234,40.00,33.89,2,0.1872,87
820,8,1,390,234,40.00,33.89,2,0.1872,87
820,9,1,390,234,40.00,33.89,2,0.1872,87
820,10,1,390,234,40.00,33.89,2,0.1872,87
820,11,2,16000,768,95.20,32.25,119,0.6144,490588
820,12,2,16000,640,96.00,32.25,120,0.5120,490565
820,13,2,16000,768,95.20,32.25,119,0.6144,490584
820,14,2,16000,896,94.40,32.25,118,0.7168,490604
820,15,2,16000,768,95.20,32.25,119,0.6144,490646
820,16,2,16000,640,96.00,32.25,120,0.5120,490549
820,17,2,16000,768,95.20,32.25,119,0.6144,490512
820,18,2,16000,768,95.20,32.25,119,0.6144,490517
820,19,2,16000,768,95.20,32.25,119,0.6144,490643
820,20,2,16000,768,95.20,32.25,119,0.6144,490654
