timestamp,ueImsi,sliceId,dTxBytes,dRxBytes,plr,resourceSharePct,dLostPackets,throughputMbps,bufferBytes
560,1,0,24448,3056,87.50,32.61,14,2.4448,135825
560,2,0,24448,3056,87.50,32.61,14,2.4448,135804
560,3,0,24448,3056,87.50,32.61,14,2.4448,135730
560,4,0,24448,3056,87.50,32.61,14,2.4448,135716
560,5,0,24448,3056,87.50,32.61,14,2.4448,135706
560,6,1,390,312,20.00,35.83,1,0.2496,169
560,7,1,390,312,20.00,35.83,1,0.2496,169
560,8,1,390,312,20.00,35.83,1,0.2496,169
560,9,1,390,312,20.00,35.83,1,0.2496,169
560,10,1,390,312,20.00,35.83,1,0.2496,169
560,11,2,16000,896,94.40,31.57,118,0.7168,89440
560,12,2,16000,896,94.40,31.57,118,0.7168,89455
560,13,2,16000,896,94.40,31.57,118,0.7168,89440
560,14,2,16000,896,94.40,31.57,118,0.7168,89436
560,15,2,16000,1024,93.60,31.57,117,0.8192,89497
560,16,2,16000,1024,93.60,31.57,117,0.8192,89512
560,17,2,16000,1024,93.60,31.57,117,0.8192,89405
560,18,2,16000,1024,93.60,31.57,117,0.8192,89422
560,19,2,16000,896,94.40,31.57,118,0.7168,89489
560,20,2,16000,1024,93.60,31.57,117,0.8192,89497
