timestamp,ueImsi,sliceId,dTxBytes,dRxBytes,plr,resourceSharePct,dLostPackets,throughputMbps,bufferBytes,dlBufferBytes,ulBufferBytes,macBufferBytes,congestionPct,lastDrlActionStatus
9900,1,0,193616,8852,94.77,27.03,163,0.7082,1200005,183136,1200005,1383141,13.19,applied
9900,2,0,193616,2712,97.67,27.03,168,0.2170,1200005,183137,1200005,1383142,13.19,applied
9900,3,0,193616,53060,73.84,27.03,127,4.2448,1199921,183136,1199921,1383057,13.19,applied
9900,4,0,193616,256,98.84,27.03,170,0.0205,1200005,186147,1200005,1386152,13.22,applied
9900,5,0,193616,5168,96.51,27.03,166,0.4134,1200005,183137,1200005,1383142,13.19,applied
9900,6,1,0,0,0.00,46.39,0,0.0000,34,0,34,34,0.00,applied
9900,7,1,0,0,0.00,46.39,0,0.0000,34,0,34,34,0.00,applied
9900,8,1,0,0,0.00,46.39,0,0.0000,34,0,34,34,0.00,applied
9900,9,1,0,0,0.00,46.39,0,0.0000,34,0,34,34,0.00,applied
9900,10,1,0,0,0.00,46.39,0,0.0000,34,0,34,34,0.00,applied
9900,11,1,0,0,0.00,46.39,0,0.0000,34,0,34,34,0.00,applied
9900,12,1,0,0,0.00,46.39,0,0.0000,34,0,34,34,0.00,applied
9900,13,1,0,0,0.00,46.39,0,0.0000,34,0,34,34,0.00,applied
9900,14,2,65200,0,100.00,26.58,50,0.0000,5963416,5963416,51,5963467,56.87,applied
9900,15,2,65200,0,100.00,26.58,50,0.0000,5963535,5963535,34,5963569,56.87,applied
9900,16,2,65200,0,100.00,26.58,50,0.0000,5963420,5963420,51,5963471,56.87,applied
9900,17,2,65200,0,100.00,26.58,50,0.0000,5965650,5965650,51,5965701,56.89,applied
9900,18,2,65200,0,100.00,26.58,50,0.0000,5963424,5963424,51,5963475,56.87,applied
9900,19,2,65200,940,90.00,26.58,45,0.0752,5963416,5963416,51,5963467,56.87,applied
9900,20,2,65200,940,90.00,26.58,45,0.0752,5963417,5963417,51,5963468,56.87,applied
9900,21,2,65200,0,100.00,26.58,50,0.0000,5963852,5963852,51,5963903,56.88,applied
9900,22,2,65200,0,100.00,26.58,50,0.0000,5964571,5964571,51,5964622,56.88,applied
9900,23,2,65200,0,100.00,26.58,50,0.0000,5963416,5963416,51,5963467,56.87,applied
9900,24,2,65200,940,90.00,26.58,45,0.0752,5963421,5963421,51,5963472,56.87,applied
9900,25,2,65200,940,90.00,26.58,45,0.0752,5963421,5963421,51,5963472,56.87,applied
9900,26,2,65200,0,100.00,26.58,50,0.0000,5963421,5963421,51,5963472,56.87,applied
9900,27,2,65200,0,100.00,26.58,50,0.0000,5963500,5963500,51,5963551,56.87,applied
9900,28,2,65200,0,100.00,26.58,50,0.0000,5963515,5963515,51,5963566,56.87,applied
9900,29,2,65200,0,100.00,26.58,50,0.0000,5965469,5965469,51,5965520,56.89,applied
9900,30,2,65200,0,100.00,26.58,50,0.0000,5963419,5963419,51,5963470,56.87,applied
9900,31,2,65200,940,90.00,26.58,45,0.0752,5963420,5963420,51,5963471,56.87,applied
9900,32,2,65200,0,100.00,26.58,50,0.0000,5963419,5963419,51,5963470,56.87,applied
9900,33,2,65200,0,100.00,26.58,50,0.0000,5965192,5965192,51,5965243,56.89,applied
