timestamp,sliceId,dedicatedPRB,minPRB,maxPRB
510,0,33.87723697901512,33.87723697901512,100.0
510,1,43.798760947365125,43.798760947365125,100.0
510,2,22.324002073619752,22.324002073619752,100.0
520,0,35.6107702713217,35.6107702713217,100.0
520,1,34.39141354808834,34.39141354808834,100.0
520,2,29.997816180589965,29.997816180589965,100.0
530,0,49.72638968104,49.72638968104,100.0
530,1,27.4105535493758,27.4105535493758,100.0
530,2,22.863056769584205,22.863056769584205,100.0
540,0,41.917735119784375,41.917735119784375,100.0
540,1,38.06938617731953,38.06938617731953,100.0
540,2,20.012878702896103,20.012878702896103,100.0
550,0,26.486647028443993,26.486647028443993,100.0
550,1,39.36558513072289,39.36558513072289,100.0
550,2,34.14776784083312,34.14776784083312,100.0
560,0,26.666055220333973,26.666055220333973,100.0
560,1,53.10799512976521,53.10799512976521,100.0
560,2,20.225949649900816,20.225949649900816,100.0
570,0,32.30880053430205,32.30880053430205,100.0
570,1,39.24361065112531,39.24361065112531,100.0
570,2,28.44758881457265,28.44758881457265,100.0
580,0,33.149089528854226,33.149089528854226,100.0
580,1,42.51778638346787,42.51778638346787,100.0
580,2,24.333124087677902,24.333124087677902,100.0
590,0,35.15521348460392,35.15521348460392,100.0
590,1,31.682597621310403,31.682597621310403,100.0
590,2,33.16218889408567,33.16218889408567,100.0
600,0,48.41573647180735,48.41573647180735,100.0
600,1,26.364477295673222,26.364477295673222,100.0
600,2,25.219786232519432,25.219786232519432,100.0
610,0,31.25702183996214,31.25702183996214,100.0
610,1,41.394241322408135,41.394241322408135,100.0
610,2,27.34873683762974,27.34873683762974,100.0
620,0,32.22677218975852,32.22677218975852,100.0
620,1,40.309605965252196,40.309605965252196,100.0
620,2,27.463621844989294,27.463621844989294,100.0
630,0,39.67145004085535,39.67145004085535,100.0
630,1,24.042968316119584,24.042968316119584,100.0
630,2,36.28558164302507,36.28558164302507,100.0
640,0,48.197633591104754,48.197633591104754,100.0
640,1,32.667863080478845,32.667863080478845,100.0
640,2,19.13450332841641,19.13450332841641,100.0
650,0,30.50030923643363,30.50030923643363,100.0
650,1,37.94046165476422,37.94046165476422,100.0
650,2,31.559229108802157,31.559229108802157,100.0
660,0,24.04642964372716,24.04642964372716,100.0
660,1,34.035362659188564,34.035362659188564,100.0
660,2,41.918207697084284,41.918207697084284,100.0
670,0,29.812401079271734,29.812401079271734,100.0
670,1,43.84170382417672,43.84170382417672,100.0
670,2,26.345895096551548,26.345895096551548,100.0
680,0,29.37905914404013,29.37905914404013,100.0
680,1,47.51014043758256,47.51014043758256,100.0
680,2,23.110800418377302,23.110800418377302,100.0
690,0,30.97617360166303,30.97617360166303,100.0
690,1,48.126451042592684,48.126451042592684,100.0
690,2,20.89737535574428,20.89737535574428,100.0
700,0,34.85501164222759,34.85501164222759,100.0
700,1,33.226145951829466,33.226145951829466,100.0
700,2,31.91884240594294,31.91884240594294,100.0
710,0,35.60272088947286,35.60272088947286,100.0
710,1,41.61231139664101,41.61231139664101,100.0
710,2,22.78496771388613,22.78496771388613,100.0
720,0,32.657247335618564,32.657247335618564,100.0
720,1,26.443941377939105,26.443941377939105,100.0
720,2,40.898811286442324,40.898811286442324,100.0
730,0,37.981906766076264,37.981906766076264,100.0
730,1,40.08834162105297,40.08834162105297,100.0
730,2,21.929751612870767,21.929751612870767,100.0
740,0,26.465803846072323,26.465803846072323,100.0
740,1,51.977958711736235,51.977958711736235,100.0
740,2,21.556237442191446,21.556237442191446,100.0
750,0,27.511478560572776,27.511478560572776,100.0
750,1,49.64745661420633,49.64745661420633,100.0
750,2,22.841064825220897,22.841064825220897,100.0
760,0,39.95760179866532,39.95760179866532,100.0
760,1,29.107904617894363,29.107904617894363,100.0
760,2,30.934493583440315,30.934493583440315,100.0
770,0,28.925085141358785,28.925085141358785,100.0
770,1,38.212899812772825,38.212899812772825,100.0
770,2,32.86201504586839,32.86201504586839,100.0
780,0,38.00067057392863,38.00067057392863,100.0
780,1,31.334429465745306,31.334429465745306,100.0
780,2,30.664899960326064,30.664899960326064,100.0
790,0,24.010980896607045,24.010980896607045,100.0
790,1,43.49436836732236,43.49436836732236,100.0
790,2,32.494650736070604,32.494650736070604,100.0
800,0,22.452415948442813,22.452415948442813,100.0
800,1,44.86574991295181,44.86574991295181,100.0
800,2,32.68183413860537,32.68183413860537,100.0
810,0,46.46493825210263,46.46493825210263,100.0
810,1,33.88034714192564,33.88034714192564,100.0
810,2,19.654714605971733,19.654714605971733,100.0
820,0,48.19237785600309,48.19237785600309,100.0
820,1,27.334670285570194,27.334670285570194,100.0
820,2,24.47295185842672,24.47295185842672,100.0
830,0,30.609249409662574,30.609249409662574,100.0
830,1,29.41846505841757,29.41846505841757,100.0
830,2,39.97228553191986,39.97228553191986,100.0
840,0,27.866111677891748,27.866111677891748,100.0
840,1,42.02655759388789,42.02655759388789,100.0
840,2,30.107330728220376,30.107330728220376,100.0
850,0,22.860368762643617,22.860368762643617,100.0
850,1,44.261329570413494,44.261329570413494,100.0
850,2,32.87830166694289,32.87830166694289,100.0
860,0,26.29802212676508,26.29802212676508,100.0
860,1,42.900514713499824,42.900514713499824,100.0
860,2,30.8014631597351,30.8014631597351,100.0
870,0,37.40518434741626,37.40518434741626,100.0
870,1,35.78787228693727,35.78787228693727,100.0
870,2,26.80694336564648,26.80694336564648,100.0
880,0,40.71499959589395,40.71499959589395,100.0
880,1,32.95440691558219,32.95440691558219,100.0
880,2,26.330593488523856,26.330593488523856,100.0
890,0,34.729069208366,34.729069208366,100.0
890,1,30.670999569718525,30.670999569718525,100.0
890,2,34.59993122191548,34.59993122191548,100.0
900,0,39.31305266307331,39.31305266307331,100.0
900,1,35.25706840674149,35.25706840674149,100.0
900,2,25.4298789301852,25.4298789301852,100.0
910,0,27.019536103749648,27.019536103749648,100.0
910,1,40.91269948597353,40.91269948597353,100.0
910,2,32.06776441027681,32.06776441027681,100.0
920,0,27.20270804626454,27.20270804626454,100.0
920,1,36.593114804376455,36.593114804376455,100.0
920,2,36.20417714935901,36.20417714935901,100.0
930,0,36.43332152021525,36.43332152021525,100.0
930,1,32.81683938289348,32.81683938289348,100.0
930,2,30.749839096891275,30.749839096891275,100.0
940,0,32.36066450286844,32.36066450286844,100.0
940,1,39.20901370084866,39.20901370084866,100.0
940,2,28.430321796282897,28.430321796282897,100.0
950,0,35.063290378176085,35.063290378176085,100.0
950,1,36.495092804911664,36.495092804911664,100.0
950,2,28.441616816912248,28.441616816912248,100.0
960,0,24.213793797648602,24.213793797648602,100.0
960,1,54.43748602844405,54.43748602844405,100.0
960,2,21.34872017390735,21.34872017390735,100.0
970,0,37.966821045263266,37.966821045263266,100.0
970,1,28.699172996932067,28.699172996932067,100.0
970,2,33.33400595780468,33.33400595780468,100.0
980,0,36.59168279918212,36.59168279918212,100.0
980,1,34.625516431815065,34.625516431815065,100.0
980,2,28.78280076900283,28.78280076900283,100.0
990,0,49.672436389426046,49.672436389426046,100.0
990,1,28.16143029942061,28.16143029942061,100.0
990,2,22.166133311153345,22.166133311153345,100.0
1000,0,38.882268570599166,38.882268570599166,100.0
1000,1,30.837442326956115,30.837442326956115,100.0
1000,2,30.280289102444712,30.280289102444712,100.0
1010,0,29.8066825655074,29.8066825655074,100.0
1010,1,36.17403801473775,36.17403801473775,100.0
1010,2,34.019279419754845,34.019279419754845,100.0
1020,0,27.297595925299245,27.297595925299245,100.0
1020,1,38.24478200715176,38.24478200715176,100.0
1020,2,34.457622067548996,34.457622067548996,100.0
1030,0,46.53437062927536,46.53437062927536,100.0
1030,1,31.17363766942587,31.17363766942587,100.0
1030,2,22.29199170129877,22.29199170129877,100.0
1040,0,41.11196131425184,41.11196131425184,100.0
1040,1,32.10897360720024,32.10897360720024,100.0
1040,2,26.779065078547916,26.779065078547916,100.0
1050,0,22.422007030607027,22.422007030607027,100.0
1050,1,52.544880592269806,52.544880592269806,100.0
1050,2,25.033112377123174,25.033112377123174,100.0
1060,0,49.34438732199609,49.34438732199609,100.0
1060,1,27.913188492295006,27.913188492295006,100.0
1060,2,22.74242418570891,22.74242418570891,100.0
1070,0,47.70185565088879,47.70185565088879,100.0
1070,1,29.939743793326677,29.939743793326677,100.0
1070,2,22.358400555784534,22.358400555784534,100.0
1080,0,34.89778955097405,34.89778955097405,100.0
1080,1,38.65842697640887,38.65842697640887,100.0
1080,2,26.44378347261709,26.44378347261709,100.0
1090,0,36.02956815722907,36.02956815722907,100.0
1090,1,27.22403907620211,27.22403907620211,100.0
1090,2,36.74639276656882,36.74639276656882,100.0
1100,0,39.43998627800145,39.43998627800145,100.0
1100,1,40.928251708656106,40.928251708656106,100.0
1100,2,19.631762013342456,19.631762013342456,100.0
1110,0,23.537066787438384,23.537066787438384,100.0
1110,1,54.54922443430759,54.54922443430759,100.0
1110,2,21.913708778254033,21.913708778254033,100.0
1120,0,43.000328355235126,43.000328355235126,100.0
1120,1,36.20667830319811,36.20667830319811,100.0
1120,2,20.792993341566763,20.792993341566763,100.0
1130,0,42.338671081599635,42.338671081599635,100.0
1130,1,29.264161973628866,29.264161973628866,100.0
1130,2,28.397166944771502,28.397166944771502,100.0
1140,0,30.140203584059677,30.140203584059677,100.0
1140,1,35.45911280375314,35.45911280375314,100.0
1140,2,34.40068361218717,34.40068361218717,100.0
1150,0,28.426307715769088,28.426307715769088,100.0
1150,1,49.23770726284458,49.23770726284458,100.0
1150,2,22.33598502138633,22.33598502138633,100.0
1160,0,36.089315162098515,36.089315162098515,100.0
1160,1,27.34712706885291,27.34712706885291,100.0
1160,2,36.563557769048586,36.563557769048586,100.0
1170,0,52.353473137727455,52.353473137727455,100.0
1170,1,26.519328509400395,26.519328509400395,100.0
1170,2,21.127198352872142,21.127198352872142,100.0
1180,0,27.290907186793252,27.290907186793252,100.0
1180,1,30.670944805553642,30.670944805553642,100.0
1180,2,42.038148007653106,42.038148007653106,100.0
1190,0,23.186660600397964,23.186660600397964,100.0
1190,1,25.831375148715217,25.831375148715217,100.0
1190,2,50.98196425088681,50.98196425088681,100.0
1200,0,23.783180420415437,23.783180420415437,100.0
1200,1,52.23375011005955,52.23375011005955,100.0
1200,2,23.98306946952502,23.98306946952502,100.0
1210,0,26.869280450667876,26.869280450667876,100.0
1210,1,53.09427166152507,53.09427166152507,100.0
1210,2,20.036447887807046,20.036447887807046,100.0
1220,0,33.46716729841784,33.46716729841784,100.0
1220,1,37.962367138401326,37.962367138401326,100.0
1220,2,28.57046556318083,28.57046556318083,100.0
1230,0,32.00105066057495,32.00105066057495,100.0
1230,1,32.697597078088364,32.697597078088364,100.0
1230,2,35.30135226133668,35.30135226133668,100.0
1240,0,42.536336533808694,42.536336533808694,100.0
1240,1,31.424600498765994,31.424600498765994,100.0
1240,2,26.03906296742531,26.03906296742531,100.0
1250,0,53.01880341367807,53.01880341367807,100.0
1250,1,27.64856039292059,27.64856039292059,100.0
1250,2,19.33263619340134,19.33263619340134,100.0
1260,0,39.345907659511084,39.345907659511084,100.0
1260,1,27.391942189039415,27.391942189039415,100.0
1260,2,33.262150151449504,33.262150151449504,100.0
1270,0,37.658441578085665,37.658441578085665,100.0
1270,1,43.86200561941837,43.86200561941837,100.0
1270,2,18.47955280249597,18.47955280249597,100.0
1280,0,31.78105202996204,31.78105202996204,100.0
1280,1,34.00359847067157,34.00359847067157,100.0
1280,2,34.21534949936639,34.21534949936639,100.0
1290,0,24.489427016405855,24.489427016405855,100.0
1290,1,30.23394307762115,30.23394307762115,100.0
1290,2,45.276629905972996,45.276629905972996,100.0
1300,0,27.08138023635143,27.08138023635143,100.0
1300,1,32.35853478986171,32.35853478986171,100.0
1300,2,40.56008497378687,40.56008497378687,100.0
1310,0,24.13574094852197,24.13574094852197,100.0
1310,1,37.71181274184978,37.71181274184978,100.0
1310,2,38.15244630962825,38.15244630962825,100.0
1320,0,32.70085627102897,32.70085627102897,100.0
1320,1,28.01509201233329,28.01509201233329,100.0
1320,2,39.284051716637734,39.284051716637734,100.0
1330,0,26.475782753809522,26.475782753809522,100.0
1330,1,39.35683494332193,39.35683494332193,100.0
1330,2,34.167382302868546,34.167382302868546,100.0
1340,0,46.68285168141131,46.68285168141131,100.0
1340,1,30.72798380316961,30.72798380316961,100.0
1340,2,22.58916451541908,22.58916451541908,100.0
1350,0,25.74526896562238,25.74526896562238,100.0
1350,1,44.261451696681874,44.261451696681874,100.0
1350,2,29.99327933769574,29.99327933769574,100.0
1360,0,33.58182754343642,33.58182754343642,100.0
1360,1,42.676993376056636,42.676993376056636,100.0
1360,2,23.741179080506942,23.741179080506942,100.0
1370,0,27.093307625715973,27.093307625715973,100.0
1370,1,34.74837696453934,34.74837696453934,100.0
1370,2,38.15831540974469,38.15831540974469,100.0
1380,0,29.75690799187913,29.75690799187913,100.0
1380,1,44.88467725455143,44.88467725455143,100.0
1380,2,25.358414753569434,25.358414753569434,100.0
1390,0,35.44710733114861,35.44710733114861,100.0
1390,1,33.35530824226558,33.35530824226558,100.0
1390,2,31.197584426585824,31.197584426585824,100.0
1400,0,33.93865072236492,33.93865072236492,100.0
1400,1,35.152634491055544,35.152634491055544,100.0
1400,2,30.908714786579537,30.908714786579537,100.0
1410,0,52.66487979264072,52.66487979264072,100.0
1410,1,27.715693389658867,27.715693389658867,100.0
1410,2,19.619426817700415,19.619426817700415,100.0
1420,0,22.794787130962188,22.794787130962188,100.0
1420,1,34.18842875347763,34.18842875347763,100.0
1420,2,43.01678411556018,43.01678411556018,100.0
1430,0,40.75642730811139,40.75642730811139,100.0
1430,1,29.315328812715418,29.315328812715418,100.0
1430,2,29.928243879173188,29.928243879173188,100.0
1440,0,26.06794581724383,26.06794581724383,100.0
1440,1,37.03221308672459,37.03221308672459,100.0
1440,2,36.89984109603159,36.89984109603159,100.0
1450,0,26.083061228051363,26.083061228051363,100.0
1450,1,42.25008292194201,42.25008292194201,100.0
1450,2,31.66685585000662,31.66685585000662,100.0
1460,0,28.431801499820033,28.431801499820033,100.0
1460,1,40.66097823765009,40.66097823765009,100.0
1460,2,30.907220262529876,30.907220262529876,100.0
1470,0,35.35058877437125,35.35058877437125,100.0
1470,1,31.032395074032593,31.032395074032593,100.0
1470,2,33.61701615159616,33.61701615159616,100.0
1480,0,43.86042501880498,43.86042501880498,100.0
1480,1,27.816296020832166,27.816296020832166,100.0
1480,2,28.323278960362853,28.323278960362853,100.0
1490,0,32.79114243460123,32.79114243460123,100.0
1490,1,34.72999545238723,34.72999545238723,100.0
1490,2,32.478862113011544,32.478862113011544,100.0
1500,0,43.45161309892778,43.45161309892778,100.0
1500,1,26.495621510772654,26.495621510772654,100.0
1500,2,30.05276539029957,30.05276539029957,100.0
