timestamp,sliceId,dedicatedPRB,minPRB,maxPRB
510,0,34.8045724574455,34.8045724574455,100.0
510,1,32.43742982456933,32.43742982456933,100.0
510,2,32.75799771798516,32.75799771798516,100.0
520,0,43.435255154923205,43.435255154923205,100.0
520,1,24.65571952342002,24.65571952342002,100.0
520,2,31.90902532165678,31.90902532165678,100.0
530,0,25.341910557911817,25.341910557911817,100.0
530,1,34.45250689478797,34.45250689478797,100.0
530,2,40.2055825473002,40.2055825473002,100.0
540,0,38.67465191725054,38.67465191725054,100.0
540,1,34.154294652309666,34.154294652309666,100.0
540,2,27.17105343043979,27.17105343043979,100.0
550,0,37.657681407732305,37.657681407732305,100.0
550,1,30.060078216448673,30.060078216448673,100.0
550,2,32.28224037581903,32.28224037581903,100.0
560,0,24.234307008613566,24.234307008613566,100.0
560,1,37.31204211897739,37.31204211897739,100.0
560,2,38.45365087240904,38.45365087240904,100.0
570,0,21.950153476355595,21.950153476355595,100.0
570,1,44.38871320729412,44.38871320729412,100.0
570,2,33.66113331635029,33.66113331635029,100.0
580,0,27.227360392731093,27.227360392731093,100.0
580,1,40.36382229233676,40.36382229233676,100.0
580,2,32.40881731493215,32.40881731493215,100.0
590,0,43.007891479491036,43.007891479491036,100.0
590,1,25.106592429900054,25.106592429900054,100.0
590,2,31.885516090608913,31.885516090608913,100.0
600,0,45.20764495802643,45.20764495802643,100.0
600,1,31.749758497314755,31.749758497314755,100.0
600,2,23.042596544658814,23.042596544658814,100.0
610,0,47.88830279049089,47.88830279049089,100.0
610,1,29.187780603388337,29.187780603388337,100.0
610,2,22.92391660612077,22.92391660612077,100.0
620,0,30.41845938627165,30.41845938627165,100.0
620,1,32.48008777264604,32.48008777264604,100.0
620,2,37.10145284108231,37.10145284108231,100.0
630,0,44.07066361527876,44.07066361527876,100.0
630,1,29.39671606572915,29.39671606572915,100.0
630,2,26.532620318992084,26.532620318992084,100.0
640,0,46.51368711903855,46.51368711903855,100.0
640,1,25.9002052827152,25.9002052827152,100.0
640,2,27.58610759824625,27.58610759824625,100.0
650,0,37.47764509671438,37.47764509671438,100.0
650,1,41.17106422035112,41.17106422035112,100.0
650,2,21.351290682934494,21.351290682934494,100.0
660,0,34.96773982276525,34.96773982276525,100.0
660,1,44.9387856645963,44.9387856645963,100.0
660,2,20.093474512638448,20.093474512638448,100.0
670,0,29.260986714159067,29.260986714159067,100.0
670,1,40.789777797850704,40.789777797850704,100.0
670,2,29.94923548799023,29.94923548799023,100.0
680,0,36.41255807925911,36.41255807925911,100.0
680,1,31.575840951245222,31.575840951245222,100.0
680,2,32.01160096949567,32.01160096949567,100.0
690,0,41.63815449398037,41.63815449398037,100.0
690,1,33.51489572991911,33.51489572991911,100.0
690,2,24.846949776100516,24.846949776100516,100.0
700,0,39.32781016503781,39.32781016503781,100.0
700,1,30.181912540009932,30.181912540009932,100.0
700,2,30.49027729495226,30.49027729495226,100.0
710,0,28.979105684295725,28.979105684295725,100.0
710,1,37.015593834084356,37.015593834084356,100.0
710,2,34.00530048161993,34.00530048161993,100.0
720,0,27.85994611540552,27.85994611540552,100.0
720,1,27.487728816754252,27.487728816754252,100.0
720,2,44.65232506784024,44.65232506784024,100.0
730,0,43.35212622739918,43.35212622739918,100.0
730,1,30.092275139860842,30.092275139860842,100.0
730,2,26.555598632739986,26.555598632739986,100.0
740,0,42.81999822481314,42.81999822481314,100.0
740,1,31.614394375539685,31.614394375539685,100.0
740,2,25.565607399647178,25.565607399647178,100.0
750,0,26.994017403381587,26.994017403381587,100.0
750,1,47.938006671442984,47.938006671442984,100.0
750,2,25.067975925175435,25.067975925175435,100.0
760,0,33.09899411412813,33.09899411412813,100.0
760,1,36.53095397937024,36.53095397937024,100.0
760,2,30.370051906501626,30.370051906501626,100.0
770,0,37.45986622655049,37.45986622655049,100.0
770,1,31.035932986530053,31.035932986530053,100.0
770,2,31.50420078691947,31.50420078691947,100.0
780,0,26.887605465414254,26.887605465414254,100.0
780,1,35.889943525521694,35.889943525521694,100.0
780,2,37.22245100906405,37.22245100906405,100.0
790,0,38.86937662026091,38.86937662026091,100.0
790,1,25.664090683084833,25.664090683084833,100.0
790,2,35.466532696654255,35.466532696654255,100.0
800,0,33.79328489107334,33.79328489107334,100.0
800,1,30.072637456629316,30.072637456629316,100.0
800,2,36.13407765229734,36.13407765229734,100.0
810,0,33.26834267374078,33.26834267374078,100.0
810,1,37.61452472052053,37.61452472052053,100.0
810,2,29.117132605738693,29.117132605738693,100.0
820,0,37.305699876760414,37.305699876760414,100.0
820,1,39.693649234741045,39.693649234741045,100.0
820,2,23.00065088849854,23.00065088849854,100.0
830,0,36.06373564678565,36.06373564678565,100.0
830,1,29.159693316584377,29.159693316584377,100.0
830,2,34.77657103662997,34.77657103662997,100.0
840,0,32.975339113917535,32.975339113917535,100.0
840,1,31.316803820292822,31.316803820292822,100.0
840,2,35.707857065789646,35.707857065789646,100.0
850,0,27.096151568897252,27.096151568897252,100.0
850,1,36.751016521894655,36.751016521894655,100.0
850,2,36.152831909208096,36.152831909208096,100.0
860,0,48.12335720719019,48.12335720719019,100.0
860,1,30.60314446902813,30.60314446902813,100.0
860,2,21.273498323781684,21.273498323781684,100.0
870,0,27.664976747221314,27.664976747221314,100.0
870,1,46.40040645743363,46.40040645743363,100.0
870,2,25.934616795345057,25.934616795345057,100.0
880,0,34.064798781601816,34.064798781601816,100.0
880,1,39.30372977597069,39.30372977597069,100.0
880,2,26.6314714424275,26.6314714424275,100.0
890,0,32.23462475138659,32.23462475138659,100.0
890,1,29.684990890473507,29.684990890473507,100.0
890,2,38.080384358139916,38.080384358139916,100.0
900,0,48.426146008751694,48.426146008751694,100.0
900,1,28.171252471186165,28.171252471186165,100.0
900,2,23.402601520062156,23.402601520062156,100.0
910,0,40.13836242827923,40.13836242827923,100.0
910,1,34.843393079706075,34.843393079706075,100.0
910,2,25.018244492014695,25.018244492014695,100.0
920,0,30.10038259737524,30.10038259737524,100.0
920,1,28.527915056796033,28.527915056796033,100.0
920,2,41.37170234582872,41.37170234582872,100.0
930,0,35.2948126780573,35.2948126780573,100.0
930,1,40.299149861573916,40.299149861573916,100.0
930,2,24.406037460368793,24.406037460368793,100.0
940,0,33.648217013090054,33.648217013090054,100.0
940,1,42.70481800101266,42.70481800101266,100.0
940,2,23.64696498589729,23.64696498589729,100.0
950,0,44.925724718502956,44.925724718502956,100.0
950,1,36.061352058626014,36.061352058626014,100.0
950,2,19.012923222871024,19.012923222871024,100.0
960,0,33.75438585148376,33.75438585148376,100.0
960,1,47.23696590888565,47.23696590888565,100.0
960,2,19.008648239630592,19.008648239630592,100.0
970,0,37.624641051331885,37.624641051331885,100.0
970,1,30.359877571170852,30.359877571170852,100.0
970,2,32.015481377497274,32.015481377497274,100.0
980,0,27.271606027907,27.271606027907,100.0
980,1,38.63559718310711,38.63559718310711,100.0
980,2,34.09279678898589,34.09279678898589,100.0
990,0,39.006227495921244,39.006227495921244,100.0
990,1,26.39378714813505,26.39378714813505,100.0
990,2,34.59998535594371,34.59998535594371,100.0
1000,0,33.04536510563185,33.04536510563185,100.0
1000,1,44.464178153856366,44.464178153856366,100.0
1000,2,22.49045674051178,22.49045674051178,100.0
1010,0,27.0182472437534,27.0182472437534,100.0
1010,1,43.84111630475303,43.84111630475303,100.0
1010,2,29.140636451493563,29.140636451493563,100.0
1020,0,26.719938406966186,26.719938406966186,100.0
1020,1,42.960250259971865,42.960250259971865,100.0
1020,2,30.319811333061942,30.319811333061942,100.0
1030,0,29.959680652025632,29.959680652025632,100.0
1030,1,48.24580930669384,48.24580930669384,100.0
1030,2,21.794510041280517,21.794510041280517,100.0
1040,0,44.03982103717051,44.03982103717051,100.0
1040,1,34.96242030092949,34.96242030092949,100.0
1040,2,20.997758661899997,20.997758661899997,100.0
1050,0,38.71053549313581,38.71053549313581,100.0
1050,1,30.007141276481764,30.007141276481764,100.0
1050,2,31.28232323038242,31.28232323038242,100.0
1060,0,45.57743496372076,45.57743496372076,100.0
1060,1,29.583501090933627,29.583501090933627,100.0
1060,2,24.839063945345615,24.839063945345615,100.0
1070,0,38.52253522515666,38.52253522515666,100.0
1070,1,37.21691579122612,37.21691579122612,100.0
1070,2,24.260548983617227,24.260548983617227,100.0
1080,0,27.51021746012561,27.51021746012561,100.0
1080,1,38.94574519820484,38.94574519820484,100.0
1080,2,33.54403734166956,33.54403734166956,100.0
1090,0,22.517343975626254,22.517343975626254,100.0
1090,1,47.72076347115601,47.72076347115601,100.0
1090,2,29.761892553217738,29.761892553217738,100.0
1100,0,29.659407218690927,29.659407218690927,100.0
1100,1,46.04830146712744,46.04830146712744,100.0
1100,2,24.292291314181636,24.292291314181636,100.0
1110,0,38.92639815085055,38.92639815085055,100.0
1110,1,33.578847331300786,33.578847331300786,100.0
1110,2,27.494754517848662,27.494754517848662,100.0
1120,0,27.419331531585517,27.419331531585517,100.0
1120,1,49.681539442701,49.681539442701,100.0
1120,2,22.89912902571348,22.89912902571348,100.0
1130,0,43.2394414874632,43.2394414874632,100.0
1130,1,28.784680393549632,28.784680393549632,100.0
1130,2,27.97587811898716,27.97587811898716,100.0
1140,0,28.241262237837013,28.241262237837013,100.0
1140,1,50.74325888803061,50.74325888803061,100.0
1140,2,21.015478874132388,21.015478874132388,100.0
1150,0,25.196549637050182,25.196549637050182,100.0
1150,1,47.71317987633231,47.71317987633231,100.0
1150,2,27.090270486617513,27.090270486617513,100.0
1160,0,23.23841497116066,23.23841497116066,100.0
1160,1,30.484577182722315,30.484577182722315,100.0
1160,2,46.27700784611702,46.27700784611702,100.0
1170,0,21.497263955701435,21.497263955701435,100.0
1170,1,42.46962385236748,42.46962385236748,100.0
1170,2,36.03311219193108,36.03311219193108,100.0
1180,0,30.562259705217038,30.562259705217038,100.0
1180,1,38.87560085066343,38.87560085066343,100.0
1180,2,30.56213944411953,30.56213944411953,100.0
1190,0,32.20802616089391,32.20802616089391,100.0
1190,1,46.680163689309644,46.680163689309644,100.0
1190,2,21.11181014979644,21.11181014979644,100.0
1200,0,40.51635802959619,40.51635802959619,100.0
1200,1,28.63938527485022,28.63938527485022,100.0
1200,2,30.844256695553597,30.844256695553597,100.0
1210,0,41.30011654746431,41.30011654746431,100.0
1210,1,32.11066567881975,32.11066567881975,100.0
1210,2,26.589217773715934,26.589217773715934,100.0
1220,0,26.467697524643302,26.467697524643302,100.0
1220,1,35.062566184346785,35.062566184346785,100.0
1220,2,38.469736291009916,38.469736291009916,100.0
1230,0,23.060794862149233,23.060794862149233,100.0
1230,1,57.91748485859281,57.91748485859281,100.0
1230,2,19.02172027925796,19.02172027925796,100.0
1240,0,24.57978764096539,24.57978764096539,100.0
1240,1,45.420612556442926,45.420612556442926,100.0
1240,2,29.999599802591685,29.999599802591685,100.0
1250,0,22.20928757306522,22.20928757306522,100.0
1250,1,44.974028721301394,44.974028721301394,100.0
1250,2,32.81668370563338,32.81668370563338,100.0
1260,0,29.11358655056684,29.11358655056684,100.0
1260,1,41.44228607571255,41.44228607571255,100.0
1260,2,29.4441273737206,29.4441273737206,100.0
1270,0,23.996325306770764,23.996325306770764,100.0
1270,1,47.40303937573084,47.40303937573084,100.0
1270,2,28.6006353174984,28.6006353174984,100.0
1280,0,41.11131216090826,41.11131216090826,100.0
1280,1,40.44798300382561,40.44798300382561,100.0
1280,2,18.440704835266118,18.440704835266118,100.0
1290,0,23.841744180853762,23.841744180853762,100.0
1290,1,56.04213921567385,56.04213921567385,100.0
1290,2,20.116116603472385,20.116116603472385,100.0
1300,0,37.56901947832782,37.56901947832782,100.0
1300,1,31.397479243030535,31.397479243030535,100.0
1300,2,31.03350127864165,31.03350127864165,100.0
1310,0,45.09415998682857,45.09415998682857,100.0
1310,1,34.0486218789342,34.0486218789342,100.0
1310,2,20.857218134237225,20.857218134237225,100.0
1320,0,36.91693181780654,36.91693181780654,100.0
1320,1,29.208616879104166,29.208616879104166,100.0
1320,2,33.874451303089295,33.874451303089295,100.0
1330,0,23.940962648717406,23.940962648717406,100.0
1330,1,48.97230633808466,48.97230633808466,100.0
1330,2,27.08673101319794,27.08673101319794,100.0
1340,0,38.65413859097313,38.65413859097313,100.0
1340,1,38.95620591463757,38.95620591463757,100.0
1340,2,22.389655494389306,22.389655494389306,100.0
1350,0,31.534163675424114,31.534163675424114,100.0
1350,1,32.94059079897829,32.94059079897829,100.0
1350,2,35.52524552559759,35.52524552559759,100.0
1360,0,30.2138948237478,30.2138948237478,100.0
1360,1,30.4290719676358,30.4290719676358,100.0
1360,2,39.3570332086164,39.3570332086164,100.0
1370,0,28.547450521258543,28.547450521258543,100.0
1370,1,34.666096321519944,34.666096321519944,100.0
1370,2,36.78645315722151,36.78645315722151,100.0
1380,0,45.13041966317343,45.13041966317343,100.0
1380,1,31.722990420619922,31.722990420619922,100.0
1380,2,23.146589916206654,23.146589916206654,100.0
1390,0,29.499429906427,29.499429906427,100.0
1390,1,39.42866457028179,39.42866457028179,100.0
1390,2,31.071905523291214,31.071905523291214,100.0
1400,0,35.88580250333686,35.88580250333686,100.0
1400,1,43.456182131747035,43.456182131747035,100.0
1400,2,20.65801536491611,20.65801536491611,100.0
1410,0,40.87664355350276,40.87664355350276,100.0
1410,1,29.13393248446478,29.13393248446478,100.0
1410,2,29.989423962032458,29.989423962032458,100.0
1420,0,33.22817223307625,33.22817223307625,100.0
1420,1,43.98090312492292,43.98090312492292,100.0
1420,2,22.790924642000824,22.790924642000824,100.0
1430,0,24.313349962745427,24.313349962745427,100.0
1430,1,40.9734820314338,40.9734820314338,100.0
1430,2,34.71316800582078,34.71316800582078,100.0
1440,0,34.12193611646424,34.12193611646424,100.0
1440,1,42.443244960178404,42.443244960178404,100.0
1440,2,23.434818923357366,23.434818923357366,100.0
1450,0,46.87349111543991,46.87349111543991,100.0
1450,1,29.882118398357466,29.882118398357466,100.0
1450,2,23.244390486202615,23.244390486202615,100.0
1460,0,25.69004640099642,25.69004640099642,100.0
1460,1,38.685035080962216,38.685035080962216,100.0
1460,2,35.62491851804136,35.62491851804136,100.0
1470,0,44.81346175838406,44.81346175838406,100.0
1470,1,37.63795241746796,37.63795241746796,100.0
1470,2,17.54858582414799,17.54858582414799,100.0
1480,0,28.651419734633933,28.651419734633933,100.0
1480,1,34.688718469376745,34.688718469376745,100.0
1480,2,36.65986179598932,36.65986179598932,100.0
1490,0,41.272401101376566,41.272401101376566,100.0
1490,1,33.22451860789953,33.22451860789953,100.0
1490,2,25.5030802907239,25.5030802907239,100.0
1500,0,30.662818539946468,30.662818539946468,100.0
1500,1,27.176583338304006,27.176583338304006,100.0
1500,2,42.16059812174953,42.16059812174953,100.0
