timestamp,sliceId,dedicatedPRB,minPRB,maxPRB
510,0,44.737651016907776,44.737651016907776,100.0
510,1,25.891817445543765,25.891817445543765,100.0
510,2,29.370531537548466,29.370531537548466,100.0
520,0,24.725290547579796,24.725290547579796,100.0
520,1,43.66415120713464,43.66415120713464,100.0
520,2,31.61055824528557,31.61055824528557,100.0
530,0,29.369882527650365,29.369882527650365,100.0
530,1,49.84251227564375,49.84251227564375,100.0
530,2,20.787605196705872,20.787605196705872,100.0
540,0,25.972206665671226,25.972206665671226,100.0
540,1,47.42576069085933,47.42576069085933,100.0
540,2,26.602032643469453,26.602032643469453,100.0
550,0,30.112779037976644,30.112779037976644,100.0
550,1,44.07681269104319,44.07681269104319,100.0
550,2,25.81040827098016,25.81040827098016,100.0
560,0,29.52580968891273,29.52580968891273,100.0
560,1,47.40997660971711,47.40997660971711,100.0
560,2,23.064213701370157,23.064213701370157,100.0
570,0,33.58650688079926,33.58650688079926,100.0
570,1,39.12473125594853,39.12473125594853,100.0
570,2,27.28876186325221,27.28876186325221,100.0
580,0,25.646830758059764,25.646830758059764,100.0
580,1,41.9676671779465,41.9676671779465,100.0
580,2,32.38550206399374,32.38550206399374,100.0
590,0,21.429051831534174,21.429051831534174,100.0
590,1,48.91269363237933,48.91269363237933,100.0
590,2,29.658254536086492,29.658254536086492,100.0
600,0,23.481808705533734,23.481808705533734,100.0
600,1,51.33292846267776,51.33292846267776,100.0
600,2,25.185262831788496,25.185262831788496,100.0
610,0,21.7688037220075,21.7688037220075,100.0
610,1,54.968768174542326,54.968768174542326,100.0
610,2,23.262428103450166,23.262428103450166,100.0
620,0,21.448451813867635,21.448451813867635,100.0
620,1,50.302413291313286,50.302413291313286,100.0
620,2,28.24913489481908,28.24913489481908,100.0
630,0,27.902426038825723,27.902426038825723,100.0
630,1,44.71782174971135,44.71782174971135,100.0
630,2,27.379752211462932,27.379752211462932,100.0
640,0,28.14878113296404,28.14878113296404,100.0
640,1,46.5807278857407,46.5807278857407,100.0
640,2,25.270490981295257,25.270490981295257,100.0
650,0,28.88467195970052,28.88467195970052,100.0
650,1,45.64151700767145,45.64151700767145,100.0
650,2,25.473811032628035,25.473811032628035,100.0
660,0,28.793433781519752,28.793433781519752,100.0
660,1,43.192794665918306,43.192794665918306,100.0
660,2,28.01377155256195,28.01377155256195,100.0
670,0,23.777131707236542,23.777131707236542,100.0
670,1,36.70163868108753,36.70163868108753,100.0
670,2,39.52122961167593,39.52122961167593,100.0
680,0,26.051103622836493,26.051103622836493,100.0
680,1,50.695226558888315,50.695226558888315,100.0
680,2,23.253669818275196,23.253669818275196,100.0
690,0,21.361394390846204,21.361394390846204,100.0
690,1,50.3665816723194,50.3665816723194,100.0
690,2,28.2720239368344,28.2720239368344,100.0
700,0,22.984500740844982,22.984500740844982,100.0
700,1,50.03949337555995,50.03949337555995,100.0
700,2,26.976005883595068,26.976005883595068,100.0
710,0,22.56370521268311,22.56370521268311,100.0
710,1,54.48894930673455,54.48894930673455,100.0
710,2,22.947345480582342,22.947345480582342,100.0
720,0,21.617802625467185,21.617802625467185,100.0
720,1,48.46515458896034,48.46515458896034,100.0
720,2,29.917042785572477,29.917042785572477,100.0
730,0,26.777719508901964,26.777719508901964,100.0
730,1,46.52642457506169,46.52642457506169,100.0
730,2,26.695855916036347,26.695855916036347,100.0
740,0,22.195471980444268,22.195471980444268,100.0
740,1,51.49908186455872,51.49908186455872,100.0
740,2,26.305446154997014,26.305446154997014,100.0
750,0,27.313945556212317,27.313945556212317,100.0
750,1,39.190584144237725,39.190584144237725,100.0
750,2,33.49547029954996,33.49547029954996,100.0
760,0,26.927464113540477,26.927464113540477,100.0
760,1,43.35074520625696,43.35074520625696,100.0
760,2,29.721790680202563,29.721790680202563,100.0
770,0,28.01344583465627,28.01344583465627,100.0
770,1,49.830257902228944,49.830257902228944,100.0
770,2,22.15629626311479,22.15629626311479,100.0
780,0,23.149446756721414,23.149446756721414,100.0
780,1,48.19174397196891,48.19174397196891,100.0
780,2,28.658809271309675,28.658809271309675,100.0
790,0,25.10925293160679,25.10925293160679,100.0
790,1,38.65070356000412,38.65070356000412,100.0
790,2,36.2400435083891,36.2400435083891,100.0
800,0,22.465797063440032,22.465797063440032,100.0
800,1,40.91641808341399,40.91641808341399,100.0
800,2,36.61778485314598,36.61778485314598,100.0
810,0,26.698480283449438,26.698480283449438,100.0
810,1,40.036014241747374,40.036014241747374,100.0
810,2,33.265505474803184,33.265505474803184,100.0
820,0,22.39374608042988,22.39374608042988,100.0
820,1,44.510904269576486,44.510904269576486,100.0
820,2,33.095349649993636,33.095349649993636,100.0
830,0,24.19221757709989,24.19221757709989,100.0
830,1,54.8854968580176,54.8854968580176,100.0
830,2,20.922285564882515,20.922285564882515,100.0
840,0,23.930717419171128,23.930717419171128,100.0
840,1,50.91139738338052,50.91139738338052,100.0
840,2,25.157885197448355,25.157885197448355,100.0
850,0,23.722993977370265,23.722993977370265,100.0
850,1,54.46637110468273,54.46637110468273,100.0
850,2,21.810634917947,21.810634917947,100.0
860,0,24.94763800259625,24.94763800259625,100.0
860,1,53.492684323083076,53.492684323083076,100.0
860,2,21.559677674320675,21.559677674320675,100.0
870,0,25.975259624102677,25.975259624102677,100.0
870,1,45.712067648531516,45.712067648531516,100.0
870,2,28.31267272736581,28.31267272736581,100.0
880,0,25.283343812738924,25.283343812738924,100.0
880,1,55.581879690752636,55.581879690752636,100.0
880,2,19.13477649650845,19.13477649650845,100.0
890,0,21.665207136717772,21.665207136717772,100.0
890,1,49.47996376577117,49.47996376577117,100.0
890,2,28.854829097511058,28.854829097511058,100.0
900,0,22.074333370345894,22.074333370345894,100.0
900,1,41.36186496673887,41.36186496673887,100.0
900,2,36.56380166291524,36.56380166291524,100.0
910,0,25.667724609644704,25.667724609644704,100.0
910,1,41.204734350735905,41.204734350735905,100.0
910,2,33.12754103961939,33.12754103961939,100.0
920,0,25.98585311689018,25.98585311689018,100.0
920,1,43.70040286649193,43.70040286649193,100.0
920,2,30.313744016617893,30.313744016617893,100.0
930,0,26.034105085022542,26.034105085022542,100.0
930,1,39.434982561934184,39.434982561934184,100.0
930,2,34.53091235304328,34.53091235304328,100.0
940,0,28.9942199667269,28.9942199667269,100.0
940,1,43.157699025743,43.157699025743,100.0
940,2,27.8480810075301,27.8480810075301,100.0
950,0,23.30364673599898,23.30364673599898,100.0
950,1,55.57337797984792,55.57337797984792,100.0
950,2,21.12297528415311,21.12297528415311,100.0
960,0,26.044077353313426,26.044077353313426,100.0
960,1,55.28173368858421,55.28173368858421,100.0
960,2,18.674188958102363,18.674188958102363,100.0
970,0,26.107106252782962,26.107106252782962,100.0
970,1,48.937812718922864,48.937812718922864,100.0
970,2,24.955081028294174,24.955081028294174,100.0
980,0,24.15894210933864,24.15894210933864,100.0
980,1,54.46419635268106,54.46419635268106,100.0
980,2,21.3768615379803,21.3768615379803,100.0
990,0,22.152103973665184,22.152103973665184,100.0
990,1,50.31064426500467,50.31064426500467,100.0
990,2,27.53725176133015,27.53725176133015,100.0
1000,0,25.86606890386909,25.86606890386909,100.0
1000,1,48.78533624436713,48.78533624436713,100.0
1000,2,25.348594851763785,25.348594851763785,100.0
1010,0,27.205182247142456,27.205182247142456,100.0
1010,1,50.25679212872276,50.25679212872276,100.0
1010,2,22.538025624134793,22.538025624134793,100.0
1020,0,22.39163334573965,22.39163334573965,100.0
1020,1,52.35008829527843,52.35008829527843,100.0
1020,2,25.25827835898192,25.25827835898192,100.0
1030,0,23.259245678964426,23.259245678964426,100.0
1030,1,55.00651088094099,55.00651088094099,100.0
1030,2,21.73424344009458,21.73424344009458,100.0
1040,0,27.527081612573134,27.527081612573134,100.0
1040,1,53.04602779682287,53.04602779682287,100.0
1040,2,19.42689059060399,19.42689059060399,100.0
1050,0,22.759653837472925,22.759653837472925,100.0
1050,1,47.67870616848464,47.67870616848464,100.0
1050,2,29.561639994042437,29.561639994042437,100.0
1060,0,30.04794995598738,30.04794995598738,100.0
1060,1,38.677097618983794,38.677097618983794,100.0
1060,2,31.274952425028836,31.274952425028836,100.0
