timestamp_ms,ue_id,slice,thr_mbps,tx_bytes_delta,rx_bytes_delta,tx_packets_delta,rx_packets_delta,loss_pct_interval,buffer_bytes,dropped_packets_delta,rsh_configured_pct
510,1,eMBB,8.5568,33616,10696,22,7,0.00,3069,0,33.33
510,2,eMBB,19.5584,33616,24448,22,16,0.00,3069,0,33.33
510,3,URLLC,0.4992,936,624,12,8,0.00,87,0,40.00
510,4,URLLC,0.4992,936,624,12,8,0.00,87,0,40.00
510,5,MTC,0.1024,256,128,2,1,0.00,137,0,26.67
510,6,MTC,0.0000,256,0,2,0,0.00,137,0,26.67
510,7,MTC,0.0000,256,0,2,0,0.00,137,0,26.67
510,8,MTC,0.1024,256,128,2,1,0.00,137,0,26.67
510,9,MTC,0.1024,256,128,2,1,0.00,137,0,26.67
510,10,MTC,0.1024,256,128,2,1,0.00,137,0,26.67
520,1,eMBB,11.0016,35144,13752,23,9,0.00,30809,0,24.21
520,2,eMBB,2.4448,35144,3056,23,2,0.00,30809,0,24.21
520,3,URLLC,0.8112,936,1014,12,13,0.00,333,0,48.56
520,4,URLLC,0.8112,936,1014,12,13,0.00,333,0,48.56
520,5,MTC,0.1024,256,128,2,1,0.00,137,0,27.24
520,6,MTC,0.0000,256,0,2,0,0.00,137,0,27.24
520,7,MTC,0.0000,256,0,2,0,0.00,137,0,27.24
520,8,MTC,0.1024,256,128,2,1,0.00,137,0,27.24
520,9,MTC,0.1024,256,128,2,1,0.00,137,0,27.24
520,10,MTC,0.1024,256,128,2,1,0.00,137,0,27.24
530,1,eMBB,7.3344,35144,9168,23,6,0.00,63399,0,32.68
530,2,eMBB,7.3344,35144,9168,23,6,0.00,49042,0,32.68
530,3,URLLC,0.7488,1014,936,13,12,0.00,87,0,31.60
530,4,URLLC,0.7488,1014,936,13,12,0.00,87,0,31.60
530,5,MTC,0.3072,256,384,2,3,0.00,137,0,35.72
530,6,MTC,0.0000,256,0,2,0,0.00,137,0,35.72
530,7,MTC,0.0000,256,0,2,0,0.00,89,0,35.72
530,8,MTC,0.3072,256,384,2,3,0.00,137,0,35.72
530,9,MTC,0.3072,256,384,2,3,0.00,137,0,35.72
530,10,MTC,0.3072,256,384,2,3,0.00,137,0,35.72
540,1,eMBB,20.7808,35144,25976,23,17,0.00,61203,0,32.29
540,2,eMBB,46.4512,35144,58064,23,38,0.00,32434,0,32.29
540,3,URLLC,0.8112,936,1014,12,13,0.00,87,0,42.40
540,4,URLLC,0.8112,936,1014,12,13,0.00,87,0,42.40
540,5,MTC,0.2048,256,256,2,2,0.00,137,0,25.31
540,6,MTC,0.0000,256,0,2,0,0.00,68,0,25.31
540,7,MTC,0.0000,256,0,2,0,0.00,137,0,25.31
540,8,MTC,0.2048,256,256,2,2,0.00,137,0,25.31
540,9,MTC,0.2048,256,256,2,2,0.00,137,0,25.31
540,10,MTC,0.2048,256,256,2,2,0.00,137,0,25.31
550,1,eMBB,24.4480,35144,30560,23,20,0.00,77051,0,40.27
550,2,eMBB,30.5600,35144,38200,23,25,0.00,10584,0,40.27
550,3,URLLC,0.6240,1014,780,13,10,0.00,87,0,30.07
550,4,URLLC,0.6240,1014,780,13,10,0.00,87,0,30.07
550,5,MTC,0.2048,256,256,2,2,0.00,137,0,29.66
550,6,MTC,0.0000,256,0,2,0,0.00,137,0,29.66
550,7,MTC,0.0000,256,0,2,0,0.00,56,0,29.66
550,8,MTC,0.2048,256,256,2,2,0.00,137,0,29.66
550,9,MTC,0.2048,256,256,2,2,0.00,137,0,29.66
550,10,MTC,0.2048,256,256,2,2,0.00,137,0,29.66
560,1,eMBB,12.2240,35144,15280,23,10,0.00,78753,0,40.56
560,2,eMBB,50.1184,35144,62648,23,41,0.00,8386,0,40.56
560,3,URLLC,0.8112,936,1014,12,13,0.00,87,0,24.95
560,4,URLLC,0.8112,936,1014,12,13,0.00,87,0,24.95
560,5,MTC,0.2048,256,256,2,2,0.00,137,0,34.50
560,6,MTC,0.0000,256,0,2,0,0.00,137,0,34.50
560,7,MTC,0.0000,256,0,2,0,0.00,171,0,34.50
560,8,MTC,0.2048,256,256,2,2,0.00,137,0,34.50
560,9,MTC,0.2048,256,256,2,2,0.00,137,0,34.50
560,10,MTC,0.2048,256,256,2,2,0.00,137,0,34.50
570,1,eMBB,19.5584,35144,24448,23,16,0.00,87474,0,46.14
570,2,eMBB,26.8928,35144,33616,23,22,0.00,8397,0,46.14
570,3,URLLC,0.8736,1014,1092,13,14,0.00,169,0,26.93
570,4,URLLC,0.8736,1014,1092,13,14,0.00,169,0,26.93
570,5,MTC,0.2048,256,256,2,2,0.00,137,0,26.92
570,6,MTC,0.0000,256,0,2,0,0.00,137,0,26.92
570,7,MTC,0.0000,256,0,2,0,0.00,137,0,26.92
570,8,MTC,0.2048,256,256,2,2,0.00,137,0,26.92
570,9,MTC,0.2048,256,256,2,2,0.00,137,0,26.92
570,10,MTC,0.2048,256,256,2,2,0.00,137,0,26.92
580,1,eMBB,19.5584,35144,24448,23,16,0.00,112066,0,48.03
580,2,eMBB,31.7824,35144,39728,23,26,0.00,1537,0,48.03
580,3,URLLC,0.8112,936,1014,12,13,0.00,87,0,28.39
580,4,URLLC,0.8112,936,1014,12,13,0.00,87,0,28.39
580,5,MTC,0.3072,256,384,2,3,0.00,137,0,23.58
580,6,MTC,0.0000,256,0,2,0,0.00,137,0,23.58
580,7,MTC,0.0000,256,0,2,0,0.00,39,0,23.58
580,8,MTC,0.3072,256,384,2,3,0.00,137,0,23.58
580,9,MTC,0.3072,256,384,2,3,0.00,137,0,23.58
580,10,MTC,0.3072,256,384,2,3,0.00,137,0,23.58
590,1,eMBB,19.5584,35144,24448,23,16,0.00,123411,0,54.75
590,2,eMBB,28.1152,35144,35144,23,23,0.00,1537,0,54.75
590,3,URLLC,0.7488,1014,936,13,12,0.00,87,0,25.80
590,4,URLLC,0.7488,1014,936,13,12,0.00,87,0,25.80
590,5,MTC,0.2048,256,256,2,2,0.00,137,0,19.45
590,6,MTC,0.0000,256,0,2,0,0.00,50,0,19.45
590,7,MTC,0.0000,256,0,2,0,0.00,137,0,19.45
590,8,MTC,0.2048,256,256,2,2,0.00,137,0,19.45
590,9,MTC,0.2048,256,256,2,2,0.00,137,0,19.45
590,10,MTC,0.2048,256,256,2,2,0.00,137,0,19.45
600,1,eMBB,20.7808,35144,25976,23,17,0.00,133198,0,35.34
600,2,eMBB,25.6704,35144,32088,23,21,0.00,1587,0,35.34
600,3,URLLC,0.8112,936,1014,12,13,0.00,87,0,26.23
600,4,URLLC,0.8112,936,1014,12,13,0.00,87,0,26.23
600,5,MTC,0.2048,256,256,2,2,0.00,137,0,38.43
600,6,MTC,0.0000,256,0,2,0,0.00,137,0,38.43
600,7,MTC,0.0000,256,0,2,0,0.00,269,0,38.43
600,8,MTC,0.2048,256,256,2,2,0.00,137,0,38.43
600,9,MTC,0.2048,256,256,2,2,0.00,137,0,38.43
600,10,MTC,0.2048,256,256,2,2,0.00,137,0,38.43
610,1,eMBB,11.0016,35144,13752,23,9,0.00,149697,0,25.65
610,2,eMBB,24.4480,35144,30560,23,20,0.00,1537,0,25.65
610,3,URLLC,0.7488,1014,936,13,12,0.00,87,0,41.56
610,4,URLLC,0.7488,1014,936,13,12,0.00,87,0,41.56
610,5,MTC,0.2048,256,256,2,2,0.00,137,0,32.78
610,6,MTC,0.0000,256,0,2,0,0.00,137,0,32.78
610,7,MTC,0.0000,256,0,2,0,0.00,137,0,32.78
610,8,MTC,0.2048,256,256,2,2,0.00,137,0,32.78
610,9,MTC,0.2048,256,256,2,2,0.00,137,0,32.78
610,10,MTC,0.2048,256,256,2,2,0.00,137,0,32.78
620,1,eMBB,22.0032,33616,27504,22,18,0.00,162185,0,48.14
620,2,eMBB,29.3376,33616,36672,22,24,0.00,2834,0,48.14
620,3,URLLC,0.6864,936,858,12,11,0.00,87,0,30.55
620,4,URLLC,0.6864,936,858,12,11,0.00,87,0,30.55
620,5,MTC,0.2048,256,256,2,2,0.00,137,0,21.31
620,6,MTC,0.0000,256,0,2,0,0.00,137,0,21.31
620,7,MTC,0.0000,256,0,2,0,0.00,137,0,21.31
620,8,MTC,0.2048,256,256,2,2,0.00,137,0,21.31
620,9,MTC,0.2048,256,256,2,2,0.00,137,0,21.31
620,10,MTC,0.2048,256,256,2,2,0.00,137,0,21.31
630,1,eMBB,17.1136,35144,21392,23,14,0.00,170285,0,37.08
630,2,eMBB,29.3376,35144,36672,23,24,0.00,1736,0,37.08
630,3,URLLC,0.8112,1014,1014,13,13,0.00,87,0,32.79
630,4,URLLC,0.8112,1014,1014,13,13,0.00,87,0,32.79
630,5,MTC,0.2048,384,256,3,2,0.00,137,0,30.13
630,6,MTC,0.0000,384,0,3,0,0.00,137,0,30.13
630,7,MTC,0.0000,384,0,3,0,0.00,137,0,30.13
630,8,MTC,0.2048,384,256,3,2,0.00,137,0,30.13
630,9,MTC,0.2048,384,256,3,2,0.00,137,0,30.13
630,10,MTC,0.2048,384,256,3,2,0.00,137,0,30.13
640,1,eMBB,17.1136,35144,21392,23,14,0.00,180421,0,32.21
640,2,eMBB,29.3376,35144,36672,23,24,0.00,7665,0,32.21
640,3,URLLC,0.8112,936,1014,12,13,0.00,251,0,35.88
640,4,URLLC,0.8112,936,1014,12,13,0.00,251,0,35.88
640,5,MTC,0.2048,256,256,2,2,0.00,137,0,31.91
640,6,MTC,0.0000,256,0,2,0,0.00,137,0,31.91
640,7,MTC,0.0000,256,0,2,0,0.00,137,0,31.91
640,8,MTC,0.2048,256,256,2,2,0.00,137,0,31.91
640,9,MTC,0.2048,256,256,2,2,0.00,137,0,31.91
640,10,MTC,0.2048,256,256,2,2,0.00,137,0,31.91
650,1,eMBB,22.0032,35144,27504,23,18,0.00,193371,0,51.84
650,2,eMBB,29.3376,35144,36672,23,24,0.00,1537,0,51.84
650,3,URLLC,0.8112,1014,1014,13,13,0.00,87,0,28.95
650,4,URLLC,0.8112,1014,1014,13,13,0.00,87,0,28.95
650,5,MTC,0.2048,256,256,2,2,0.00,137,0,19.22
650,6,MTC,0.0000,256,0,2,0,0.00,137,0,19.22
650,7,MTC,0.0000,256,0,2,0,0.00,137,0,19.22
650,8,MTC,0.2048,256,256,2,2,0.00,137,0,19.22
650,9,MTC,0.2048,256,256,2,2,0.00,137,0,19.22
650,10,MTC,0.2048,256,256,2,2,0.00,137,0,19.22
660,1,eMBB,18.3360,35144,22920,23,15,0.00,208262,0,31.59
660,2,eMBB,28.1152,35144,35144,23,23,0.00,1537,0,31.59
660,3,URLLC,0.8112,936,1014,12,13,0.00,87,0,32.54
660,4,URLLC,0.8112,936,1014,12,13,0.00,87,0,32.54
660,5,MTC,0.2048,256,256,2,2,0.00,137,0,35.87
660,6,MTC,0.0000,256,0,2,0,0.00,137,0,35.87
660,7,MTC,0.0000,256,0,2,0,0.00,137,0,35.87
660,8,MTC,0.2048,256,256,2,2,0.00,137,0,35.87
660,9,MTC,0.2048,256,256,2,2,0.00,137,0,35.87
660,10,MTC,0.2048,256,256,2,2,0.00,137,0,35.87
670,1,eMBB,2.4448,35144,3056,23,2,0.00,214902,0,48.42
670,2,eMBB,28.1152,35144,35144,23,23,0.00,1537,0,48.42
670,3,URLLC,0.7488,1014,936,13,12,0.00,87,0,30.97
670,4,URLLC,0.7488,1014,936,13,12,0.00,87,0,30.97
670,5,MTC,0.2048,256,256,2,2,0.00,137,0,20.60
670,6,MTC,0.0000,256,0,2,0,0.00,137,0,20.60
670,7,MTC,0.0000,256,0,2,0,0.00,137,0,20.60
670,8,MTC,0.2048,256,256,2,2,0.00,137,0,20.60
670,9,MTC,0.2048,256,256,2,2,0.00,137,0,20.60
670,10,MTC,0.2048,256,256,2,2,0.00,137,0,20.60
680,1,eMBB,33.0048,35144,41256,23,27,0.00,238384,0,36.50
680,2,eMBB,26.8928,35144,33616,23,22,0.00,3069,0,36.50
680,3,URLLC,0.8112,936,1014,12,13,0.00,87,0,43.04
680,4,URLLC,0.8112,936,1014,12,13,0.00,87,0,43.04
680,5,MTC,0.2048,256,256,2,2,0.00,137,0,20.45
680,6,MTC,0.0000,256,0,2,0,0.00,137,0,20.45
680,7,MTC,0.0000,256,0,2,0,0.00,137,0,20.45
680,8,MTC,0.2048,256,256,2,2,0.00,137,0,20.45
680,9,MTC,0.2048,256,256,2,2,0.00,137,0,20.45
680,10,MTC,0.2048,256,256,2,2,0.00,137,0,20.45
690,1,eMBB,12.2240,35144,15280,23,10,0.00,247165,0,50.86
690,2,eMBB,25.6704,35144,32088,23,21,0.00,1537,0,50.86
690,3,URLLC,0.6240,1014,780,13,10,0.00,87,0,26.50
690,4,URLLC,0.6240,1014,780,13,10,0.00,87,0,26.50
690,5,MTC,0.2048,256,256,2,2,0.00,137,0,22.64
690,6,MTC,0.0000,256,0,2,0,0.00,137,0,22.64
690,7,MTC,0.0000,256,0,2,0,0.00,137,0,22.64
690,8,MTC,0.2048,256,256,2,2,0.00,137,0,22.64
690,9,MTC,0.2048,256,256,2,2,0.00,137,0,22.64
690,10,MTC,0.2048,256,256,2,2,0.00,137,0,22.64
700,1,eMBB,17.1136,35144,21392,23,14,0.00,262479,0,26.02
700,2,eMBB,29.3376,35144,36672,23,24,0.00,6128,0,26.02
700,3,URLLC,0.8112,936,1014,12,13,0.00,87,0,27.84
700,4,URLLC,0.8112,936,1014,12,13,0.00,87,0,27.84
700,5,MTC,0.2048,256,256,2,2,0.00,137,0,46.13
700,6,MTC,0.0000,256,0,2,0,0.00,137,0,46.13
700,7,MTC,0.0000,256,0,2,0,0.00,137,0,46.13
700,8,MTC,0.2048,256,256,2,2,0.00,137,0,46.13
700,9,MTC,0.2048,256,256,2,2,0.00,137,0,46.13
700,10,MTC,0.2048,256,256,2,2,0.00,137,0,46.13
710,1,eMBB,12.2240,35144,15280,23,10,0.00,276424,0,33.36
710,2,eMBB,29.3376,35144,36672,23,24,0.00,6133,0,33.36
710,3,URLLC,0.8736,1014,1092,13,14,0.00,169,0,30.27
710,4,URLLC,0.8736,1014,1092,13,14,0.00,169,0,30.27
710,5,MTC,0.3072,256,384,2,3,0.00,137,0,36.37
710,6,MTC,0.0000,256,0,2,0,0.00,137,0,36.37
710,7,MTC,0.0000,256,0,2,0,0.00,137,0,36.37
710,8,MTC,0.3072,256,384,2,3,0.00,137,0,36.37
710,9,MTC,0.3072,256,384,2,3,0.00,137,0,36.37
710,10,MTC,0.3072,256,384,2,3,0.00,137,0,36.37
720,1,eMBB,22.0032,35144,27504,23,18,0.00,290135,0,26.18
720,2,eMBB,29.3376,35144,36672,23,24,0.00,1537,0,26.18
720,3,URLLC,0.8112,936,1014,12,13,0.00,87,0,47.81
720,4,URLLC,0.8112,936,1014,12,13,0.00,87,0,47.81
720,5,MTC,0.2048,256,256,2,2,0.00,137,0,26.01
720,6,MTC,0.0000,256,0,2,0,0.00,137,0,26.01
720,7,MTC,0.0000,256,0,2,0,0.00,137,0,26.01
720,8,MTC,0.2048,256,256,2,2,0.00,137,0,26.01
720,9,MTC,0.2048,256,256,2,2,0.00,137,0,26.01
720,10,MTC,0.2048,256,256,2,2,0.00,137,0,26.01
730,1,eMBB,13.4464,35144,16808,23,11,0.00,307586,0,29.56
730,2,eMBB,25.6704,35144,32088,23,21,0.00,3246,0,29.56
730,3,URLLC,0.7488,1014,936,13,12,0.00,87,0,35.29
730,4,URLLC,0.7488,1014,936,13,12,0.00,87,0,35.29
730,5,MTC,0.2048,256,256,2,2,0.00,137,0,35.16
730,6,MTC,0.0000,256,0,2,0,0.00,137,0,35.16
730,7,MTC,0.0000,256,0,2,0,0.00,137,0,35.16
730,8,MTC,0.2048,256,256,2,2,0.00,137,0,35.16
730,9,MTC,0.2048,256,256,2,2,0.00,137,0,35.16
730,10,MTC,0.2048,256,256,2,2,0.00,137,0,35.16
740,1,eMBB,12.2240,33616,15280,22,10,0.00,324686,0,36.31
740,2,eMBB,26.8928,33616,33616,22,22,0.00,1537,0,36.31
740,3,URLLC,0.8112,936,1014,12,13,0.00,87,0,35.05
740,4,URLLC,0.8112,936,1014,12,13,0.00,87,0,35.05
740,5,MTC,0.2048,256,256,2,2,0.00,137,0,28.64
740,6,MTC,0.0000,256,0,2,0,0.00,137,0,28.64
740,7,MTC,0.0000,256,0,2,0,0.00,137,0,28.64
740,8,MTC,0.2048,256,256,2,2,0.00,137,0,28.64
740,9,MTC,0.2048,256,256,2,2,0.00,137,0,28.64
740,10,MTC,0.2048,256,256,2,2,0.00,137,0,28.64
750,1,eMBB,0.0000,35144,0,23,0,0.00,330312,0,30.20
750,2,eMBB,29.3376,35144,36672,23,24,0.00,1537,0,30.20
750,3,URLLC,0.7488,1014,936,13,12,0.00,87,0,40.39
750,4,URLLC,0.7488,1014,936,13,12,0.00,87,0,40.39
750,5,MTC,0.2048,384,256,3,2,0.00,137,0,29.41
750,6,MTC,0.0000,384,0,3,0,0.00,137,0,29.41
750,7,MTC,0.0000,384,0,3,0,0.00,137,0,29.41
750,8,MTC,0.2048,384,256,3,2,0.00,137,0,29.41
750,9,MTC,0.2048,384,256,3,2,0.00,137,0,29.41
750,10,MTC,0.2048,384,256,3,2,0.00,137,0,29.41
760,1,eMBB,12.2240,35144,15280,23,10,0.00,357441,0,29.81
760,2,eMBB,25.6704,35144,32088,23,21,0.00,1537,0,29.81
760,3,URLLC,0.6864,936,858,12,11,0.00,87,0,44.13
760,4,URLLC,0.6864,936,858,12,11,0.00,87,0,44.13
760,5,MTC,0.2048,256,256,2,2,0.00,137,0,26.06
760,6,MTC,0.0000,256,0,2,0,0.00,137,0,26.06
760,7,MTC,0.0000,256,0,2,0,0.00,137,0,26.06
760,8,MTC,0.2048,256,256,2,2,0.00,137,0,26.06
760,9,MTC,0.2048,256,256,2,2,0.00,137,0,26.06
760,10,MTC,0.2048,256,256,2,2,0.00,137,0,26.06
770,1,eMBB,0.0000,35144,0,23,0,0.00,371644,0,32.36
770,2,eMBB,29.3376,35144,36672,23,24,0.00,6525,0,32.36
770,3,URLLC,0.8112,1014,1014,13,13,0.00,87,0,40.50
770,4,URLLC,0.8112,1014,1014,13,13,0.00,87,0,40.50
770,5,MTC,0.2048,256,256,2,2,0.00,137,0,27.13
770,6,MTC,0.0000,256,0,2,0,0.00,137,0,27.13
770,7,MTC,0.0000,256,0,2,0,0.00,137,0,27.13
770,8,MTC,0.2048,256,256,2,2,0.00,137,0,27.13
770,9,MTC,0.2048,256,256,2,2,0.00,137,0,27.13
770,10,MTC,0.2048,256,256,2,2,0.00,137,0,27.13
780,1,eMBB,0.0000,35144,0,23,0,0.00,386026,0,27.36
780,2,eMBB,29.3376,35144,36672,23,24,0.00,7665,0,27.36
780,3,URLLC,0.8112,936,1014,12,13,0.00,251,0,32.81
780,4,URLLC,0.8112,936,1014,12,13,0.00,251,0,32.81
780,5,MTC,0.2048,256,256,2,2,0.00,137,0,39.84
780,6,MTC,0.0000,256,0,2,0,0.00,137,0,39.84
780,7,MTC,0.0000,256,0,2,0,0.00,137,0,39.84
780,8,MTC,0.2048,256,256,2,2,0.00,137,0,39.84
780,9,MTC,0.2048,256,256,2,2,0.00,137,0,39.84
780,10,MTC,0.2048,256,256,2,2,0.00,137,0,39.84
790,1,eMBB,0.0000,35144,0,23,0,0.00,406360,0,24.80
790,2,eMBB,29.3376,35144,36672,23,24,0.00,1537,0,24.80
790,3,URLLC,0.8112,1014,1014,13,13,0.00,87,0,35.08
790,4,URLLC,0.8112,1014,1014,13,13,0.00,87,0,35.08
790,5,MTC,0.2048,256,256,2,2,0.00,137,0,40.12
790,6,MTC,0.0000,256,0,2,0,0.00,137,0,40.12
790,7,MTC,0.0000,256,0,2,0,0.00,137,0,40.12
790,8,MTC,0.2048,256,256,2,2,0.00,137,0,40.12
790,9,MTC,0.2048,256,256,2,2,0.00,137,0,40.12
790,10,MTC,0.2048,256,256,2,2,0.00,137,0,40.12
800,1,eMBB,0.0000,35144,0,23,0,0.00,416822,0,27.25
800,2,eMBB,25.6704,35144,32088,23,21,0.00,4258,0,27.25
800,3,URLLC,0.8112,936,1014,12,13,0.00,87,0,41.14
800,4,URLLC,0.8112,936,1014,12,13,0.00,87,0,41.14
800,5,MTC,0.2048,256,256,2,2,0.00,137,0,31.61
800,6,MTC,0.0000,256,0,2,0,0.00,137,0,31.61
800,7,MTC,0.0000,256,0,2,0,0.00,137,0,31.61
800,8,MTC,0.2048,256,256,2,2,0.00,137,0,31.61
800,9,MTC,0.2048,256,256,2,2,0.00,137,0,31.61
800,10,MTC,0.2048,256,256,2,2,0.00,137,0,31.61
810,1,eMBB,0.0000,35144,0,23,0,0.00,422548,0,40.48
810,2,eMBB,30.5600,35144,38200,23,25,0.00,1537,0,40.48
810,3,URLLC,0.7488,1014,936,13,12,0.00,87,0,41.02
810,4,URLLC,0.7488,1014,936,13,12,0.00,87,0,41.02
810,5,MTC,0.2048,256,256,2,2,0.00,137,0,18.50
810,6,MTC,0.0000,256,0,2,0,0.00,137,0,18.50
810,7,MTC,0.0000,256,0,2,0,0.00,137,0,18.50
810,8,MTC,0.2048,256,256,2,2,0.00,137,0,18.50
810,9,MTC,0.2048,256,256,2,2,0.00,137,0,18.50
810,10,MTC,0.2048,256,256,2,2,0.00,137,0,18.50
820,1,eMBB,117.3504,35144,146688,23,96,0.00,442020,0,23.40
820,2,eMBB,24.4480,35144,30560,23,20,0.00,1537,0,23.40
820,3,URLLC,0.8112,936,1014,12,13,0.00,87,0,27.81
820,4,URLLC,0.8112,936,1014,12,13,0.00,87,0,27.81
820,5,MTC,0.3072,256,384,2,3,0.00,137,0,48.79
820,6,MTC,0.0000,256,0,2,0,0.00,137,0,48.79
820,7,MTC,0.0000,256,0,2,0,0.00,137,0,48.79
820,8,MTC,0.3072,256,384,2,3,0.00,137,0,48.79
820,9,MTC,0.3072,256,384,2,3,0.00,137,0,48.79
820,10,MTC,0.3072,256,384,2,3,0.00,137,0,48.79
830,1,eMBB,0.0000,35144,0,23,0,0.00,460252,0,29.03
830,2,eMBB,26.8928,35144,33616,23,22,0.00,4023,0,29.03
830,3,URLLC,0.6240,1014,780,13,10,0.00,87,0,29.54
830,4,URLLC,0.6240,1014,780,13,10,0.00,87,0,29.54
830,5,MTC,0.1024,256,128,2,1,0.00,137,0,41.43
830,6,MTC,0.0000,256,0,2,0,0.00,137,0,41.43
830,7,MTC,0.0000,256,0,2,0,0.00,137,0,41.43
830,8,MTC,0.1024,256,128,2,1,0.00,137,0,41.43
830,9,MTC,0.1024,256,128,2,1,0.00,137,0,41.43
830,10,MTC,0.1024,256,128,2,1,0.00,137,0,41.43
840,1,eMBB,33.0048,35144,41256,23,27,0.00,472744,0,27.59
840,2,eMBB,29.3376,35144,36672,23,24,0.00,5844,0,27.59
840,3,URLLC,0.8112,936,1014,12,13,0.00,87,0,47.83
840,4,URLLC,0.8112,936,1014,12,13,0.00,87,0,47.83
840,5,MTC,0.2048,256,256,2,2,0.00,137,0,24.58
840,6,MTC,0.0000,256,0,2,0,0.00,137,0,24.58
840,7,MTC,0.0000,256,0,2,0,0.00,137,0,24.58
840,8,MTC,0.2048,256,256,2,2,0.00,137,0,24.58
840,9,MTC,0.2048,256,256,2,2,0.00,137,0,24.58
840,10,MTC,0.2048,256,256,2,2,0.00,137,0,24.58
850,1,eMBB,13.4464,35144,16808,23,11,0.00,487526,0,33.32
850,2,eMBB,29.3376,35144,36672,23,24,0.00,7205,0,33.32
850,3,URLLC,0.8736,1014,1092,13,14,0.00,169,0,39.49
850,4,URLLC,0.8736,1014,1092,13,14,0.00,169,0,39.49
850,5,MTC,0.3072,256,384,2,3,0.00,137,0,27.19
850,6,MTC,0.0000,256,0,2,0,0.00,137,0,27.19
850,7,MTC,0.0000,256,0,2,0,0.00,269,0,27.19
850,8,MTC,0.3072,256,384,2,3,0.00,137,0,27.19
850,9,MTC,0.3072,256,384,2,3,0.00,137,0,27.19
850,10,MTC,0.3072,256,384,2,3,0.00,137,0,27.19
860,1,eMBB,18.3360,33616,22920,22,15,0.00,501619,0,44.11
860,2,eMBB,30.5600,33616,38200,22,25,0.00,3069,0,44.11
860,3,URLLC,0.8112,936,1014,12,13,0.00,87,0,35.33
860,4,URLLC,0.8112,936,1014,12,13,0.00,87,0,35.33
860,5,MTC,0.2048,256,256,2,2,0.00,137,0,20.55
860,6,MTC,0.0000,256,0,2,0,0.00,137,0,20.55
860,7,MTC,0.0000,256,0,2,0,0.00,137,0,20.55
860,8,MTC,0.2048,256,256,2,2,0.00,137,0,20.55
860,9,MTC,0.2048,256,256,2,2,0.00,137,0,20.55
860,10,MTC,0.2048,256,256,2,2,0.00,137,0,20.55
870,1,eMBB,15.8912,35144,19864,23,13,0.00,515157,0,26.02
870,2,eMBB,28.1152,35144,35144,23,23,0.00,1537,0,26.02
870,3,URLLC,0.7488,1014,936,13,12,0.00,87,0,48.58
870,4,URLLC,0.7488,1014,936,13,12,0.00,87,0,48.58
870,5,MTC,0.2048,384,256,3,2,0.00,137,0,25.39
870,6,MTC,0.0000,384,0,3,0,0.00,137,0,25.39
870,7,MTC,0.0000,384,0,3,0,0.00,137,0,25.39
870,8,MTC,0.2048,384,256,3,2,0.00,137,0,25.39
870,9,MTC,0.2048,384,256,3,2,0.00,137,0,25.39
870,10,MTC,0.2048,384,256,3,2,0.00,137,0,25.39
880,1,eMBB,0.0000,35144,0,23,0,0.00,534835,0,26.19
880,2,eMBB,24.4480,35144,30560,23,20,0.00,1537,0,26.19
880,3,URLLC,0.8112,936,1014,12,13,0.00,87,0,37.37
880,4,URLLC,0.8112,936,1014,12,13,0.00,87,0,37.37
880,5,MTC,0.2048,256,256,2,2,0.00,137,0,36.43
880,6,MTC,0.0000,256,0,2,0,0.00,137,0,36.43
880,7,MTC,0.0000,256,0,2,0,0.00,137,0,36.43
880,8,MTC,0.2048,256,256,2,2,0.00,137,0,36.43
880,9,MTC,0.2048,256,256,2,2,0.00,137,0,36.43
880,10,MTC,0.2048,256,256,2,2,0.00,137,0,36.43
890,1,eMBB,14.6688,35144,18336,23,12,0.00,545046,0,31.89
890,2,eMBB,26.8928,35144,33616,23,22,0.00,1537,0,31.89
890,3,URLLC,0.7488,1014,936,13,12,0.00,87,0,41.83
890,4,URLLC,0.7488,1014,936,13,12,0.00,87,0,41.83
890,5,MTC,0.2048,256,256,2,2,0.00,137,0,26.28
890,6,MTC,0.0000,256,0,2,0,0.00,137,0,26.28
890,7,MTC,0.0000,256,0,2,0,0.00,137,0,26.28
890,8,MTC,0.2048,256,256,2,2,0.00,137,0,26.28
890,9,MTC,0.2048,256,256,2,2,0.00,137,0,26.28
890,10,MTC,0.2048,256,256,2,2,0.00,137,0,26.28
900,1,eMBB,12.2240,35144,15280,23,10,0.00,564637,0,33.18
900,2,eMBB,28.1152,35144,35144,23,23,0.00,1537,0,33.18
900,3,URLLC,0.6864,936,858,12,11,0.00,87,0,26.78
900,4,URLLC,0.6864,936,858,12,11,0.00,87,0,26.78
900,5,MTC,0.2048,256,256,2,2,0.00,137,0,40.04
900,6,MTC,0.0000,256,0,2,0,0.00,137,0,40.04
900,7,MTC,0.0000,256,0,2,0,0.00,137,0,40.04
900,8,MTC,0.2048,256,256,2,2,0.00,137,0,40.04
900,9,MTC,0.2048,256,256,2,2,0.00,137,0,40.04
900,10,MTC,0.2048,256,256,2,2,0.00,137,0,40.04
910,1,eMBB,36.6720,35144,45840,23,30,0.00,580788,0,41.49
910,2,eMBB,29.3376,35144,36672,23,24,0.00,5798,0,41.49
910,3,URLLC,0.8112,1014,1014,13,13,0.00,87,0,31.46
910,4,URLLC,0.8112,1014,1014,13,13,0.00,87,0,31.46
910,5,MTC,0.2048,256,256,2,2,0.00,137,0,27.05
910,6,MTC,0.0000,256,0,2,0,0.00,137,0,27.05
910,7,MTC,0.0000,256,0,2,0,0.00,137,0,27.05
910,8,MTC,0.2048,256,256,2,2,0.00,137,0,27.05
910,9,MTC,0.2048,256,256,2,2,0.00,137,0,27.05
910,10,MTC,0.2048,256,256,2,2,0.00,137,0,27.05
920,1,eMBB,15.8912,35144,19864,23,13,0.00,600101,0,25.99
920,2,eMBB,29.3376,35144,36672,23,24,0.00,7665,0,25.99
920,3,URLLC,0.8112,936,1014,12,13,0.00,251,0,45.51
920,4,URLLC,0.8112,936,1014,12,13,0.00,251,0,45.51
920,5,MTC,0.2048,256,256,2,2,0.00,137,0,28.51
920,6,MTC,0.0000,256,0,2,0,0.00,137,0,28.51
920,7,MTC,0.0000,256,0,2,0,0.00,137,0,28.51
920,8,MTC,0.2048,256,256,2,2,0.00,137,0,28.51
920,9,MTC,0.2048,256,256,2,2,0.00,137,0,28.51
920,10,MTC,0.2048,256,256,2,2,0.00,137,0,28.51
930,1,eMBB,4.8896,35144,6112,23,4,0.00,614927,0,35.82
930,2,eMBB,29.3376,35144,36672,23,24,0.00,1537,0,35.82
930,3,URLLC,0.8112,1014,1014,13,13,0.00,87,0,34.16
930,4,URLLC,0.8112,1014,1014,13,13,0.00,87,0,34.16
930,5,MTC,0.2048,256,256,2,2,0.00,137,0,30.02
930,6,MTC,0.0000,256,0,2,0,0.00,137,0,30.02
930,7,MTC,0.0000,256,0,2,0,0.00,137,0,30.02
930,8,MTC,0.2048,256,256,2,2,0.00,137,0,30.02
930,9,MTC,0.2048,256,256,2,2,0.00,137,0,30.02
930,10,MTC,0.2048,256,256,2,2,0.00,137,0,30.02
940,1,eMBB,23.2256,35144,29032,23,19,0.00,638032,0,30.81
940,2,eMBB,28.1152,35144,35144,23,23,0.00,1537,0,30.81
940,3,URLLC,0.8112,936,1014,12,13,0.00,87,0,38.53
940,4,URLLC,0.8112,936,1014,12,13,0.00,87,0,38.53
940,5,MTC,0.3072,256,384,2,3,0.00,137,0,30.66
940,6,MTC,0.0000,256,0,2,0,0.00,137,0,30.66
940,7,MTC,0.0000,256,0,2,0,0.00,137,0,30.66
940,8,MTC,0.3072,256,384,2,3,0.00,137,0,30.66
940,9,MTC,0.3072,256,384,2,3,0.00,137,0,30.66
940,10,MTC,0.3072,256,384,2,3,0.00,137,0,30.66
950,1,eMBB,14.6688,35144,18336,23,12,0.00,657237,0,24.60
950,2,eMBB,25.6704,35144,32088,23,21,0.00,2878,0,24.60
950,3,URLLC,0.7488,1014,936,13,12,0.00,87,0,39.21
950,4,URLLC,0.7488,1014,936,13,12,0.00,87,0,39.21
950,5,MTC,0.2048,256,256,2,2,0.00,137,0,36.19
950,6,MTC,0.0000,256,0,2,0,0.00,137,0,36.19
950,7,MTC,0.0000,256,0,2,0,0.00,137,0,36.19
950,8,MTC,0.2048,256,256,2,2,0.00,137,0,36.19
950,9,MTC,0.2048,256,256,2,2,0.00,137,0,36.19
950,10,MTC,0.2048,256,256,2,2,0.00,137,0,36.19
960,1,eMBB,0.0000,35144,0,23,0,0.00,661989,0,42.52
960,2,eMBB,28.1152,35144,35144,23,23,0.00,1537,0,42.52
960,3,URLLC,0.8112,936,1014,12,13,0.00,87,0,28.27
960,4,URLLC,0.8112,936,1014,12,13,0.00,87,0,28.27
960,5,MTC,0.2048,256,256,2,2,0.00,137,0,29.21
960,6,MTC,0.0000,256,0,2,0,0.00,137,0,29.21
960,7,MTC,0.0000,256,0,2,0,0.00,137,0,29.21
960,8,MTC,0.2048,256,256,2,2,0.00,137,0,29.21
960,9,MTC,0.2048,256,256,2,2,0.00,137,0,29.21
960,10,MTC,0.2048,256,256,2,2,0.00,137,0,29.21
970,1,eMBB,30.5600,35144,38200,23,25,0.00,679926,0,41.69
970,2,eMBB,25.6704,35144,32088,23,21,0.00,1537,0,41.69
970,3,URLLC,0.6240,1014,780,13,10,0.00,87,0,39.07
970,4,URLLC,0.6240,1014,780,13,10,0.00,87,0,39.07
970,5,MTC,0.1024,256,128,2,1,0.00,137,0,19.23
970,6,MTC,0.0000,256,0,2,0,0.00,137,0,19.23
970,7,MTC,0.0000,256,0,2,0,0.00,137,0,19.23
970,8,MTC,0.1024,256,128,2,1,0.00,137,0,19.23
970,9,MTC,0.1024,256,128,2,1,0.00,137,0,19.23
970,10,MTC,0.1024,256,128,2,1,0.00,137,0,19.23
980,1,eMBB,2.4448,33616,3056,22,2,0.00,691952,0,29.25
980,2,eMBB,29.3376,33616,36672,22,24,0.00,5661,0,29.25
980,3,URLLC,0.8112,936,1014,12,13,0.00,87,0,26.50
980,4,URLLC,0.8112,936,1014,12,13,0.00,87,0,26.50
980,5,MTC,0.3072,256,384,2,3,0.00,137,0,44.25
980,6,MTC,0.0000,256,0,2,0,0.00,137,0,44.25
980,7,MTC,0.0000,256,0,2,0,0.00,137,0,44.25
980,8,MTC,0.3072,256,384,2,3,0.00,137,0,44.25
980,9,MTC,0.3072,256,384,2,3,0.00,137,0,44.25
980,10,MTC,0.3072,256,384,2,3,0.00,137,0,44.25
990,1,eMBB,20.7808,35144,25976,23,17,0.00,706011,0,38.29
990,2,eMBB,29.3376,35144,36672,23,24,0.00,7665,0,38.29
990,3,URLLC,0.8736,1014,1092,13,14,0.00,169,0,39.15
990,4,URLLC,0.8736,1014,1092,13,14,0.00,169,0,39.15
990,5,MTC,0.2048,384,256,3,2,0.00,137,0,22.56
990,6,MTC,0.0000,384,0,3,0,0.00,137,0,22.56
990,7,MTC,0.0000,384,0,3,0,0.00,269,0,22.56
990,8,MTC,0.2048,384,256,3,2,0.00,137,0,22.56
990,9,MTC,0.2048,384,256,3,2,0.00,137,0,22.56
990,10,MTC,0.2048,384,256,3,2,0.00,137,0,22.56
1000,1,eMBB,22.0032,35144,27504,23,18,0.00,725821,0,25.04
1000,2,eMBB,29.3376,35144,36672,23,24,0.00,2154,0,25.04
1000,3,URLLC,0.8112,936,1014,12,13,0.00,87,0,55.12
1000,4,URLLC,0.8112,936,1014,12,13,0.00,87,0,55.12
1000,5,MTC,0.2048,256,256,2,2,0.00,137,0,19.84
1000,6,MTC,0.0000,256,0,2,0,0.00,137,0,19.84
1000,7,MTC,0.0000,256,0,2,0,0.00,137,0,19.84
1000,8,MTC,0.2048,256,256,2,2,0.00,137,0,19.84
1000,9,MTC,0.2048,256,256,2,2,0.00,137,0,19.84
1000,10,MTC,0.2048,256,256,2,2,0.00,137,0,19.84
1010,1,eMBB,18.3360,35144,22920,23,15,0.00,745176,0,26.91
1010,2,eMBB,28.1152,35144,35144,23,23,0.00,3069,0,26.91
1010,3,URLLC,0.7488,1014,936,13,12,0.00,87,0,34.07
1010,4,URLLC,0.7488,1014,936,13,12,0.00,87,0,34.07
1010,5,MTC,0.2048,256,256,2,2,0.00,137,0,39.02
1010,6,MTC,0.0000,256,0,2,0,0.00,137,0,39.02
1010,7,MTC,0.0000,256,0,2,0,0.00,137,0,39.02
1010,8,MTC,0.2048,256,256,2,2,0.00,137,0,39.02
1010,9,MTC,0.2048,256,256,2,2,0.00,137,0,39.02
1010,10,MTC,0.2048,256,256,2,2,0.00,137,0,39.02
1020,1,eMBB,8.5568,35144,10696,23,7,0.00,754294,0,24.54
1020,2,eMBB,25.6704,35144,32088,23,21,0.00,3069,0,24.54
1020,3,URLLC,0.8112,936,1014,12,13,0.00,87,0,39.95
1020,4,URLLC,0.8112,936,1014,12,13,0.00,87,0,39.95
1020,5,MTC,0.2048,256,256,2,2,0.00,137,0,35.51
1020,6,MTC,0.0000,256,0,2,0,0.00,137,0,35.51
1020,7,MTC,0.0000,256,0,2,0,0.00,137,0,35.51
1020,8,MTC,0.2048,256,256,2,2,0.00,137,0,35.51
1020,9,MTC,0.2048,256,256,2,2,0.00,137,0,35.51
1020,10,MTC,0.2048,256,256,2,2,0.00,137,0,35.51
1030,1,eMBB,0.0000,35144,0,23,0,0.00,776103,0,43.33
1030,2,eMBB,29.3376,35144,36672,23,24,0.00,3069,0,43.33
1030,3,URLLC,0.7488,1014,936,13,12,0.00,87,0,25.63
1030,4,URLLC,0.7488,1014,936,13,12,0.00,87,0,25.63
1030,5,MTC,0.2048,256,256,2,2,0.00,137,0,31.04
1030,6,MTC,0.0000,256,0,2,0,0.00,137,0,31.04
1030,7,MTC,0.0000,256,0,2,0,0.00,137,0,31.04
1030,8,MTC,0.2048,256,256,2,2,0.00,137,0,31.04
1030,9,MTC,0.2048,256,256,2,2,0.00,137,0,31.04
1030,10,MTC,0.2048,256,256,2,2,0.00,137,0,31.04
1040,1,eMBB,34.2272,35144,42784,23,28,0.00,782385,0,41.13
1040,2,eMBB,25.6704,35144,32088,23,21,0.00,3069,0,41.13
1040,3,URLLC,0.6864,936,858,12,11,0.00,87,0,24.99
1040,4,URLLC,0.6864,936,858,12,11,0.00,87,0,24.99
1040,5,MTC,0.2048,256,256,2,2,0.00,137,0,33.88
1040,6,MTC,0.0000,256,0,2,0,0.00,137,0,33.88
1040,7,MTC,0.0000,256,0,2,0,0.00,137,0,33.88
1040,8,MTC,0.2048,256,256,2,2,0.00,137,0,33.88
1040,9,MTC,0.2048,256,256,2,2,0.00,137,0,33.88
1040,10,MTC,0.2048,256,256,2,2,0.00,137,0,33.88
1050,1,eMBB,0.0000,35144,0,23,0,0.00,799659,0,49.68
1050,2,eMBB,29.3376,35144,36672,23,24,0.00,1537,0,49.68
1050,3,URLLC,0.8112,1014,1014,13,13,0.00,87,0,28.12
1050,4,URLLC,0.8112,1014,1014,13,13,0.00,87,0,28.12
1050,5,MTC,0.2048,256,256,2,2,0.00,137,0,22.20
1050,6,MTC,0.0000,256,0,2,0,0.00,137,0,22.20
1050,7,MTC,0.0000,256,0,2,0,0.00,137,0,22.20
1050,8,MTC,0.2048,256,256,2,2,0.00,137,0,22.20
1050,9,MTC,0.2048,256,256,2,2,0.00,137,0,22.20
1050,10,MTC,0.2048,256,256,2,2,0.00,137,0,22.20
1060,1,eMBB,36.6720,35144,45840,23,30,0.00,805156,0,34.77
1060,2,eMBB,29.3376,35144,36672,23,24,0.00,6133,0,34.77
1060,3,URLLC,0.8112,936,1014,12,13,0.00,251,0,33.49
1060,4,URLLC,0.8112,936,1014,12,13,0.00,251,0,33.49
1060,5,MTC,0.2048,256,256,2,2,0.00,137,0,31.73
1060,6,MTC,0.0000,256,0,2,0,0.00,137,0,31.73
1060,7,MTC,0.0000,256,0,2,0,0.00,137,0,31.73
1060,8,MTC,0.2048,256,256,2,2,0.00,137,0,31.73
1060,9,MTC,0.2048,256,256,2,2,0.00,137,0,31.73
1060,10,MTC,0.2048,256,256,2,2,0.00,137,0,31.73
1070,1,eMBB,0.0000,35144,0,23,0,0.00,817916,0,41.15
1070,2,eMBB,29.3376,35144,36672,23,24,0.00,1537,0,41.15
1070,3,URLLC,0.8112,1014,1014,13,13,0.00,87,0,35.93
1070,4,URLLC,0.8112,1014,1014,13,13,0.00,87,0,35.93
1070,5,MTC,0.3072,256,384,2,3,0.00,137,0,22.92
1070,6,MTC,0.0000,256,0,2,0,0.00,137,0,22.92
1070,7,MTC,0.0000,256,0,2,0,0.00,269,0,22.92
1070,8,MTC,0.3072,256,384,2,3,0.00,137,0,22.92
1070,9,MTC,0.3072,256,384,2,3,0.00,137,0,22.92
1070,10,MTC,0.3072,256,384,2,3,0.00,137,0,22.92
1080,1,eMBB,18.3360,35144,22920,23,15,0.00,830071,0,26.93
1080,2,eMBB,26.8928,35144,33616,23,22,0.00,2004,0,26.93
1080,3,URLLC,0.8112,936,1014,12,13,0.00,87,0,31.98
1080,4,URLLC,0.8112,936,1014,12,13,0.00,87,0,31.98
1080,5,MTC,0.2048,256,256,2,2,0.00,137,0,41.09
1080,6,MTC,0.0000,256,0,2,0,0.00,137,0,41.09
1080,7,MTC,0.0000,256,0,2,0,0.00,137,0,41.09
1080,8,MTC,0.2048,256,256,2,2,0.00,137,0,41.09
1080,9,MTC,0.2048,256,256,2,2,0.00,137,0,41.09
1080,10,MTC,0.2048,256,256,2,2,0.00,137,0,41.09
1090,1,eMBB,39.1168,35144,48896,23,32,0.00,853924,0,27.87
1090,2,eMBB,28.1152,35144,35144,23,23,0.00,1537,0,27.87
1090,3,URLLC,0.7488,1014,936,13,12,0.00,87,0,35.22
1090,4,URLLC,0.7488,1014,936,13,12,0.00,87,0,35.22
1090,5,MTC,0.2048,256,256,2,2,0.00,137,0,36.91
1090,6,MTC,0.0000,256,0,2,0,0.00,137,0,36.91
1090,7,MTC,0.0000,256,0,2,0,0.00,137,0,36.91
1090,8,MTC,0.2048,256,256,2,2,0.00,137,0,36.91
1090,9,MTC,0.2048,256,256,2,2,0.00,137,0,36.91
1090,10,MTC,0.2048,256,256,2,2,0.00,137,0,36.91
1100,1,eMBB,14.6688,33616,18336,22,12,0.00,866546,0,44.83
1100,2,eMBB,24.4480,33616,30560,22,20,0.00,1537,0,44.83
1100,3,URLLC,0.8112,936,1014,12,13,0.00,87,0,26.18
1100,4,URLLC,0.8112,936,1014,12,13,0.00,87,0,26.18
1100,5,MTC,0.2048,256,256,2,2,0.00,137,0,29.00
1100,6,MTC,0.0000,256,0,2,0,0.00,137,0,29.00
1100,7,MTC,0.0000,256,0,2,0,0.00,137,0,29.00
1100,8,MTC,0.2048,256,256,2,2,0.00,137,0,29.00
1100,9,MTC,0.2048,256,256,2,2,0.00,137,0,29.00
1100,10,MTC,0.2048,256,256,2,2,0.00,137,0,29.00
1110,1,eMBB,22.0032,35144,27504,23,18,0.00,874361,0,29.34
1110,2,eMBB,28.1152,35144,35144,23,23,0.00,1537,0,29.34
1110,3,URLLC,0.6240,1014,780,13,10,0.00,87,0,37.06
1110,4,URLLC,0.6240,1014,780,13,10,0.00,87,0,37.06
1110,5,MTC,0.2048,384,256,3,2,0.00,137,0,33.59
1110,6,MTC,0.0000,384,0,3,0,0.00,137,0,33.59
1110,7,MTC,0.0000,384,0,3,0,0.00,137,0,33.59
1110,8,MTC,0.2048,384,256,3,2,0.00,137,0,33.59
1110,9,MTC,0.2048,384,256,3,2,0.00,137,0,33.59
1110,10,MTC,0.2048,384,256,3,2,0.00,137,0,33.59
1120,1,eMBB,0.0000,35144,0,23,0,0.00,885166,0,30.08
1120,2,eMBB,29.3376,35144,36672,23,24,0.00,2803,0,30.08
1120,3,URLLC,0.8112,936,1014,12,13,0.00,87,0,26.69
1120,4,URLLC,0.8112,936,1014,12,13,0.00,87,0,26.69
1120,5,MTC,0.2048,256,256,2,2,0.00,137,0,43.23
1120,6,MTC,0.0000,256,0,2,0,0.00,137,0,43.23
1120,7,MTC,0.0000,256,0,2,0,0.00,137,0,43.23
1120,8,MTC,0.2048,256,256,2,2,0.00,137,0,43.23
1120,9,MTC,0.2048,256,256,2,2,0.00,137,0,43.23
1120,10,MTC,0.2048,256,256,2,2,0.00,137,0,43.23
1130,1,eMBB,33.0048,35144,41256,23,27,0.00,910236,0,27.63
1130,2,eMBB,29.3376,35144,36672,23,24,0.00,7665,0,27.63
1130,3,URLLC,0.8736,1014,1092,13,14,0.00,169,0,44.40
1130,4,URLLC,0.8736,1014,1092,13,14,0.00,169,0,44.40
1130,5,MTC,0.2048,256,256,2,2,0.00,137,0,27.97
1130,6,MTC,0.0000,256,0,2,0,0.00,137,0,27.97
1130,7,MTC,0.0000,256,0,2,0,0.00,137,0,27.97
1130,8,MTC,0.2048,256,256,2,2,0.00,137,0,27.97
1130,9,MTC,0.2048,256,256,2,2,0.00,137,0,27.97
1130,10,MTC,0.2048,256,256,2,2,0.00,137,0,27.97
1140,1,eMBB,11.0016,35144,13752,23,9,0.00,916097,0,46.16
1140,2,eMBB,29.3376,35144,36672,23,24,0.00,1537,0,46.16
1140,3,URLLC,0.8112,936,1014,12,13,0.00,87,0,33.39
1140,4,URLLC,0.8112,936,1014,12,13,0.00,87,0,33.39
1140,5,MTC,0.2048,256,256,2,2,0.00,137,0,20.45
1140,6,MTC,0.0000,256,0,2,0,0.00,137,0,20.45
1140,7,MTC,0.0000,256,0,2,0,0.00,137,0,20.45
1140,8,MTC,0.2048,256,256,2,2,0.00,137,0,20.45
1140,9,MTC,0.2048,256,256,2,2,0.00,137,0,20.45
1140,10,MTC,0.2048,256,256,2,2,0.00,137,0,20.45
1150,1,eMBB,0.0000,35144,0,23,0,0.00,925332,0,24.37
1150,2,eMBB,28.1152,35144,35144,23,23,0.00,1537,0,24.37
1150,3,URLLC,0.7488,1014,936,13,12,0.00,87,0,54.27
1150,4,URLLC,0.7488,1014,936,13,12,0.00,87,0,54.27
1150,5,MTC,0.2048,256,256,2,2,0.00,137,0,21.37
1150,6,MTC,0.0000,256,0,2,0,0.00,137,0,21.37
1150,7,MTC,0.0000,256,0,2,0,0.00,137,0,21.37
1150,8,MTC,0.2048,256,256,2,2,0.00,137,0,21.37
1150,9,MTC,0.2048,256,256,2,2,0.00,137,0,21.37
1150,10,MTC,0.2048,256,256,2,2,0.00,137,0,21.37
1160,1,eMBB,22.0032,35144,27504,23,18,0.00,952368,0,25.01
1160,2,eMBB,23.2256,35144,29032,23,19,0.00,1537,0,25.01
1160,3,URLLC,0.8112,936,1014,12,13,0.00,87,0,48.29
1160,4,URLLC,0.8112,936,1014,12,13,0.00,87,0,48.29
1160,5,MTC,0.2048,256,256,2,2,0.00,137,0,26.70
1160,6,MTC,0.0000,256,0,2,0,0.00,137,0,26.70
1160,7,MTC,0.0000,256,0,2,0,0.00,269,0,26.70
1160,8,MTC,0.2048,256,256,2,2,0.00,137,0,26.70
1160,9,MTC,0.2048,256,256,2,2,0.00,137,0,26.70
1160,10,MTC,0.2048,256,256,2,2,0.00,137,0,26.70
1170,1,eMBB,24.4480,35144,30560,23,20,0.00,975951,0,26.20
1170,2,eMBB,29.3376,35144,36672,23,24,0.00,1537,0,26.20
1170,3,URLLC,0.7488,1014,936,13,12,0.00,87,0,52.98
1170,4,URLLC,0.7488,1014,936,13,12,0.00,87,0,52.98
1170,5,MTC,0.2048,256,256,2,2,0.00,137,0,20.82
1170,6,MTC,0.0000,256,0,2,0,0.00,49,0,20.82
1170,7,MTC,0.0000,256,0,2,0,0.00,160,0,20.82
1170,8,MTC,0.2048,256,256,2,2,0.00,137,0,20.82
1170,9,MTC,0.2048,256,256,2,2,0.00,137,0,20.82
1170,10,MTC,0.2048,256,256,2,2,0.00,137,0,20.82
1180,1,eMBB,8.5568,35144,10696,23,7,0.00,986522,0,37.04
1180,2,eMBB,26.8928,35144,33616,23,22,0.00,2879,0,37.04
1180,3,URLLC,0.6864,936,858,12,11,0.00,87,0,45.50
1180,4,URLLC,0.6864,936,858,12,11,0.00,87,0,45.50
1180,5,MTC,0.2048,256,256,2,2,0.00,137,0,17.46
1180,6,MTC,0.0000,256,0,2,0,0.00,137,0,17.46
1180,7,MTC,0.0000,256,0,2,0,0.00,269,0,17.46
1180,8,MTC,0.2048,256,256,2,2,0.00,137,0,17.46
1180,9,MTC,0.2048,256,256,2,2,0.00,137,0,17.46
1180,10,MTC,0.2048,256,256,2,2,0.00,137,0,17.46
1190,1,eMBB,0.0000,35144,0,23,0,0.00,998187,0,24.23
1190,2,eMBB,30.5600,35144,38200,23,25,0.00,4765,0,24.23
1190,3,URLLC,0.8112,1014,1014,13,13,0.00,87,0,54.73
1190,4,URLLC,0.8112,1014,1014,13,13,0.00,87,0,54.73
1190,5,MTC,0.2048,256,256,2,2,0.00,137,0,21.04
1190,6,MTC,0.0000,256,0,2,0,0.00,137,0,21.04
1190,7,MTC,0.0000,256,0,2,0,0.00,137,0,21.04
1190,8,MTC,0.2048,256,256,2,2,0.00,137,0,21.04
1190,9,MTC,0.2048,256,256,2,2,0.00,137,0,21.04
1190,10,MTC,0.2048,256,256,2,2,0.00,137,0,21.04
1200,1,eMBB,28.1152,35144,35144,23,23,0.00,1022631,0,25.86
1200,2,eMBB,28.1152,35144,35144,23,23,0.00,7660,0,25.86
1200,3,URLLC,0.8112,936,1014,12,13,0.00,251,0,30.96
1200,4,URLLC,0.8112,936,1014,12,13,0.00,251,0,30.96
1200,5,MTC,0.3072,256,384,2,3,0.00,137,0,43.18
1200,6,MTC,0.0000,256,0,2,0,0.00,137,0,43.18
1200,7,MTC,0.0000,256,0,2,0,0.00,137,0,43.18
1200,8,MTC,0.3072,256,384,2,3,0.00,137,0,43.18
1200,9,MTC,0.3072,256,384,2,3,0.00,137,0,43.18
1200,10,MTC,0.3072,256,384,2,3,0.00,137,0,43.18
1210,1,eMBB,0.0000,35144,0,23,0,0.00,1028503,0,36.27
1210,2,eMBB,30.5600,35144,38200,23,25,0.00,1537,0,36.27
1210,3,URLLC,0.8112,1014,1014,13,13,0.00,87,0,41.51
1210,4,URLLC,0.8112,1014,1014,13,13,0.00,87,0,41.51
1210,5,MTC,0.2048,256,256,2,2,0.00,137,0,22.23
1210,6,MTC,0.0000,256,0,2,0,0.00,137,0,22.23
1210,7,MTC,0.0000,256,0,2,0,0.00,137,0,22.23
1210,8,MTC,0.2048,256,256,2,2,0.00,137,0,22.23
1210,9,MTC,0.2048,256,256,2,2,0.00,137,0,22.23
1210,10,MTC,0.2048,256,256,2,2,0.00,137,0,22.23
1220,1,eMBB,46.4512,33616,58064,22,38,0.00,1042638,0,41.12
1220,2,eMBB,28.1152,33616,35144,22,23,0.00,1537,0,41.12
1220,3,URLLC,0.8112,936,1014,12,13,0.00,87,0,37.53
1220,4,URLLC,0.8112,936,1014,12,13,0.00,87,0,37.53
1220,5,MTC,0.2048,256,256,2,2,0.00,137,0,21.35
1220,6,MTC,0.0000,256,0,2,0,0.00,137,0,21.35
1220,7,MTC,0.0000,256,0,2,0,0.00,137,0,21.35
1220,8,MTC,0.2048,256,256,2,2,0.00,137,0,21.35
1220,9,MTC,0.2048,256,256,2,2,0.00,137,0,21.35
1220,10,MTC,0.2048,256,256,2,2,0.00,137,0,21.35
1230,1,eMBB,13.4464,35144,16808,23,11,0.00,1056514,0,42.54
1230,2,eMBB,28.1152,35144,35144,23,23,0.00,1537,0,42.54
1230,3,URLLC,0.7488,1014,936,13,12,0.00,87,0,31.47
1230,4,URLLC,0.7488,1014,936,13,12,0.00,87,0,31.47
1230,5,MTC,0.2048,384,256,3,2,0.00,137,0,26.00
1230,6,MTC,0.0000,384,0,3,0,0.00,137,0,26.00
1230,7,MTC,0.0000,384,0,3,0,0.00,137,0,26.00
1230,8,MTC,0.2048,384,256,3,2,0.00,137,0,26.00
1230,9,MTC,0.2048,384,256,3,2,0.00,137,0,26.00
1230,10,MTC,0.2048,384,256,3,2,0.00,137,0,26.00
1240,1,eMBB,0.0000,35144,0,23,0,0.00,1057796,0,52.94
1240,2,eMBB,24.4480,35144,30560,23,20,0.00,1537,0,52.94
1240,3,URLLC,0.8112,936,1014,12,13,0.00,87,0,27.48
1240,4,URLLC,0.8112,936,1014,12,13,0.00,87,0,27.48
1240,5,MTC,0.2048,256,256,2,2,0.00,137,0,19.58
1240,6,MTC,0.0000,256,0,2,0,0.00,137,0,19.58
1240,7,MTC,0.0000,256,0,2,0,0.00,137,0,19.58
1240,8,MTC,0.2048,256,256,2,2,0.00,137,0,19.58
1240,9,MTC,0.2048,256,256,2,2,0.00,137,0,19.58
1240,10,MTC,0.2048,256,256,2,2,0.00,137,0,19.58
1250,1,eMBB,26.8928,35144,33616,23,22,0.00,1076956,0,40.04
1250,2,eMBB,26.8928,35144,33616,23,22,0.00,1537,0,40.04
1250,3,URLLC,0.6240,1014,780,13,10,0.00,87,0,26.76
1250,4,URLLC,0.6240,1014,780,13,10,0.00,87,0,26.76
1250,5,MTC,0.2048,256,256,2,2,0.00,137,0,33.20
1250,6,MTC,0.0000,256,0,2,0,0.00,137,0,33.20
1250,7,MTC,0.0000,256,0,2,0,0.00,137,0,33.20
1250,8,MTC,0.2048,256,256,2,2,0.00,137,0,33.20
1250,9,MTC,0.2048,256,256,2,2,0.00,137,0,33.20
1250,10,MTC,0.2048,256,256,2,2,0.00,137,0,33.20
1260,1,eMBB,30.5600,35144,38200,23,25,0.00,1086180,0,25.75
1260,2,eMBB,29.3376,35144,36672,23,24,0.00,5388,0,25.75
1260,3,URLLC,0.8112,936,1014,12,13,0.00,87,0,55.48
1260,4,URLLC,0.8112,936,1014,12,13,0.00,87,0,55.48
1260,5,MTC,0.2048,256,256,2,2,0.00,137,0,18.77
1260,6,MTC,0.0000,256,0,2,0,0.00,269,0,18.77
1260,7,MTC,0.0000,256,0,2,0,0.00,137,0,18.77
1260,8,MTC,0.2048,256,256,2,2,0.00,137,0,18.77
1260,9,MTC,0.2048,256,256,2,2,0.00,137,0,18.77
1260,10,MTC,0.2048,256,256,2,2,0.00,137,0,18.77
1270,1,eMBB,22.0032,35144,27504,23,18,0.00,1104641,0,48.80
1270,2,eMBB,29.3376,35144,36672,23,24,0.00,7665,0,48.80
1270,3,URLLC,0.8736,1014,1092,13,14,0.00,169,0,30.55
1270,4,URLLC,0.8736,1014,1092,13,14,0.00,169,0,30.55
1270,5,MTC,0.2048,256,256,2,2,0.00,137,0,20.65
1270,6,MTC,0.0000,256,0,2,0,0.00,137,0,20.65
1270,7,MTC,0.0000,256,0,2,0,0.00,269,0,20.65
1270,8,MTC,0.2048,256,256,2,2,0.00,137,0,20.65
1270,9,MTC,0.2048,256,256,2,2,0.00,137,0,20.65
1270,10,MTC,0.2048,256,256,2,2,0.00,137,0,20.65
1280,1,eMBB,15.8912,35144,19864,23,13,0.00,1110345,0,34.66
1280,2,eMBB,29.3376,35144,36672,23,24,0.00,1537,0,34.66
1280,3,URLLC,0.8112,936,1014,12,13,0.00,87,0,29.92
1280,4,URLLC,0.8112,936,1014,12,13,0.00,87,0,29.92
1280,5,MTC,0.2048,256,256,2,2,0.00,137,0,35.42
1280,6,MTC,0.0000,256,0,2,0,0.00,137,0,35.42
1280,7,MTC,0.0000,256,0,2,0,0.00,137,0,35.42
1280,8,MTC,0.2048,256,256,2,2,0.00,137,0,35.42
1280,9,MTC,0.2048,256,256,2,2,0.00,137,0,35.42
1280,10,MTC,0.2048,256,256,2,2,0.00,137,0,35.42
1290,1,eMBB,0.0000,35144,0,23,0,0.00,1115796,0,30.28
1290,2,eMBB,28.1152,35144,35144,23,23,0.00,1537,0,30.28
1290,3,URLLC,0.7488,1014,936,13,12,0.00,87,0,27.00
1290,4,URLLC,0.7488,1014,936,13,12,0.00,87,0,27.00
1290,5,MTC,0.2048,256,256,2,2,0.00,137,0,42.72
1290,6,MTC,0.0000,256,0,2,0,0.00,137,0,42.72
1290,7,MTC,0.0000,256,0,2,0,0.00,137,0,42.72
1290,8,MTC,0.2048,256,256,2,2,0.00,137,0,42.72
1290,9,MTC,0.2048,256,256,2,2,0.00,137,0,42.72
1290,10,MTC,0.2048,256,256,2,2,0.00,137,0,42.72
1300,1,eMBB,0.0000,35144,0,23,0,0.00,1136302,0,42.65
1300,2,eMBB,28.1152,35144,35144,23,23,0.00,1537,0,42.65
1300,3,URLLC,0.8112,936,1014,12,13,0.00,87,0,36.87
1300,4,URLLC,0.8112,936,1014,12,13,0.00,87,0,36.87
1300,5,MTC,0.3072,256,384,2,3,0.00,137,0,20.48
1300,6,MTC,0.0000,256,0,2,0,0.00,137,0,20.48
1300,7,MTC,0.0000,256,0,2,0,0.00,137,0,20.48
1300,8,MTC,0.3072,256,384,2,3,0.00,137,0,20.48
1300,9,MTC,0.3072,256,384,2,3,0.00,137,0,20.48
1300,10,MTC,0.3072,256,384,2,3,0.00,137,0,20.48
1310,1,eMBB,0.0000,35144,0,23,0,0.00,1142086,0,37.03
1310,2,eMBB,23.2256,35144,29032,23,19,0.00,1537,0,37.03
1310,3,URLLC,0.7488,1014,936,13,12,0.00,87,0,40.24
1310,4,URLLC,0.7488,1014,936,13,12,0.00,87,0,40.24
1310,5,MTC,0.2048,256,256,2,2,0.00,137,0,22.74
1310,6,MTC,0.0000,256,0,2,0,0.00,137,0,22.74
1310,7,MTC,0.0000,256,0,2,0,0.00,137,0,22.74
1310,8,MTC,0.2048,256,256,2,2,0.00,137,0,22.74
1310,9,MTC,0.2048,256,256,2,2,0.00,137,0,22.74
1310,10,MTC,0.2048,256,256,2,2,0.00,137,0,22.74
1320,1,eMBB,0.0000,35144,0,23,0,0.00,1146953,0,33.65
1320,2,eMBB,28.1152,35144,35144,23,23,0.00,2571,0,33.65
1320,3,URLLC,0.6864,936,858,12,11,0.00,87,0,37.31
1320,4,URLLC,0.6864,936,858,12,11,0.00,87,0,37.31
1320,5,MTC,0.1024,256,128,2,1,0.00,137,0,29.04
1320,6,MTC,0.0000,256,0,2,0,0.00,137,0,29.04
1320,7,MTC,0.0000,256,0,2,0,0.00,137,0,29.04
1320,8,MTC,0.1024,256,128,2,1,0.00,137,0,29.04
1320,9,MTC,0.1024,256,128,2,1,0.00,137,0,29.04
1320,10,MTC,0.1024,256,128,2,1,0.00,137,0,29.04
1330,1,eMBB,0.0000,35144,0,23,0,0.00,1178951,0,43.90
1330,2,eMBB,29.3376,35144,36672,23,24,0.00,2260,0,43.90
1330,3,URLLC,0.8112,1014,1014,13,13,0.00,87,0,32.51
1330,4,URLLC,0.8112,1014,1014,13,13,0.00,87,0,32.51
1330,5,MTC,0.3072,256,384,2,3,0.00,137,0,23.59
1330,6,MTC,0.0000,256,0,2,0,0.00,137,0,23.59
1330,7,MTC,0.0000,256,0,2,0,0.00,137,0,23.59
1330,8,MTC,0.3072,256,384,2,3,0.00,137,0,23.59
1330,9,MTC,0.3072,256,384,2,3,0.00,137,0,23.59
1330,10,MTC,0.3072,256,384,2,3,0.00,137,0,23.59
1340,1,eMBB,0.0000,33616,0,22,0,0.00,1185343,0,47.12
1340,2,eMBB,29.3376,33616,36672,22,24,0.00,7665,0,47.12
1340,3,URLLC,0.8112,936,1014,12,13,0.00,251,0,26.65
1340,4,URLLC,0.8112,936,1014,12,13,0.00,251,0,26.65
1340,5,MTC,0.2048,256,256,2,2,0.00,137,0,26.24
1340,6,MTC,0.0000,256,0,2,0,0.00,137,0,26.24
1340,7,MTC,0.0000,256,0,2,0,0.00,137,0,26.24
1340,8,MTC,0.2048,256,256,2,2,0.00,137,0,26.24
1340,9,MTC,0.2048,256,256,2,2,0.00,137,0,26.24
1340,10,MTC,0.2048,256,256,2,2,0.00,137,0,26.24
1350,1,eMBB,0.0000,35144,0,23,0,0.00,1184496,0,39.52
1350,2,eMBB,30.5600,35144,38200,23,25,0.00,3069,0,39.52
1350,3,URLLC,0.8112,1014,1014,13,13,0.00,87,0,32.40
1350,4,URLLC,0.8112,1014,1014,13,13,0.00,87,0,32.40
1350,5,MTC,0.2048,384,256,3,2,0.00,137,0,28.08
1350,6,MTC,0.0000,384,0,3,0,0.00,137,0,28.08
1350,7,MTC,0.0000,384,0,3,0,0.00,269,0,28.08
1350,8,MTC,0.2048,384,256,3,2,0.00,137,0,28.08
1350,9,MTC,0.2048,384,256,3,2,0.00,137,0,28.08
1350,10,MTC,0.2048,384,256,3,2,0.00,137,0,28.08
1360,1,eMBB,0.0000,35144,0,23,0,0.00,1207903,0,42.16
1360,2,eMBB,26.8928,35144,33616,23,22,0.00,3069,0,42.16
1360,3,URLLC,0.8112,936,1014,12,13,0.00,87,0,33.47
1360,4,URLLC,0.8112,936,1014,12,13,0.00,87,0,33.47
1360,5,MTC,0.2048,256,256,2,2,0.00,137,0,24.37
1360,6,MTC,0.0000,256,0,2,0,0.00,137,0,24.37
1360,7,MTC,0.0000,256,0,2,0,0.00,137,0,24.37
1360,8,MTC,0.2048,256,256,2,2,0.00,137,0,24.37
1360,9,MTC,0.2048,256,256,2,2,0.00,137,0,24.37
1360,10,MTC,0.2048,256,256,2,2,0.00,137,0,24.37
1370,1,eMBB,0.0000,35144,0,23,0,0.00,1222570,0,38.61
1370,2,eMBB,28.1152,35144,35144,23,23,0.00,1537,0,38.61
1370,3,URLLC,0.7488,1014,936,13,12,0.00,87,0,40.92
1370,4,URLLC,0.7488,1014,936,13,12,0.00,87,0,40.92
1370,5,MTC,0.2048,256,256,2,2,0.00,137,0,20.47
1370,6,MTC,0.0000,256,0,2,0,0.00,137,0,20.47
1370,7,MTC,0.0000,256,0,2,0,0.00,137,0,20.47
1370,8,MTC,0.2048,256,256,2,2,0.00,137,0,20.47
1370,9,MTC,0.2048,256,256,2,2,0.00,137,0,20.47
1370,10,MTC,0.2048,256,256,2,2,0.00,137,0,20.47
1380,1,eMBB,0.0000,35144,0,23,0,0.00,1238867,0,22.51
1380,2,eMBB,24.4480,35144,30560,23,20,0.00,2487,0,22.51
1380,3,URLLC,0.8112,936,1014,12,13,0.00,87,0,51.12
1380,4,URLLC,0.8112,936,1014,12,13,0.00,87,0,51.12
1380,5,MTC,0.2048,256,256,2,2,0.00,137,0,26.37
1380,6,MTC,0.0000,256,0,2,0,0.00,137,0,26.37
1380,7,MTC,0.0000,256,0,2,0,0.00,137,0,26.37
1380,8,MTC,0.2048,256,256,2,2,0.00,137,0,26.37
1380,9,MTC,0.2048,256,256,2,2,0.00,137,0,26.37
1380,10,MTC,0.2048,256,256,2,2,0.00,137,0,26.37
1390,1,eMBB,171.1360,35144,213920,23,140,0.00,1252022,0,36.38
1390,2,eMBB,28.1152,35144,35144,23,23,0.00,3069,0,36.38
1390,3,URLLC,0.6240,1014,780,13,10,0.00,87,0,31.14
1390,4,URLLC,0.6240,1014,780,13,10,0.00,87,0,31.14
1390,5,MTC,0.2048,256,256,2,2,0.00,137,0,32.47
1390,6,MTC,0.0000,256,0,2,0,0.00,137,0,32.47
1390,7,MTC,0.0000,256,0,2,0,0.00,137,0,32.47
1390,8,MTC,0.2048,256,256,2,2,0.00,137,0,32.47
1390,9,MTC,0.2048,256,256,2,2,0.00,137,0,32.47
1390,10,MTC,0.2048,256,256,2,2,0.00,137,0,32.47
1400,1,eMBB,25.6704,35144,32088,23,21,0.00,1265980,0,44.09
1400,2,eMBB,29.3376,35144,36672,23,24,0.00,6570,0,44.09
1400,3,URLLC,0.8112,936,1014,12,13,0.00,87,0,31.56
1400,4,URLLC,0.8112,936,1014,12,13,0.00,87,0,31.56
1400,5,MTC,0.2048,256,256,2,2,0.00,137,0,24.35
1400,6,MTC,0.0000,256,0,2,0,0.00,269,0,24.35
1400,7,MTC,0.0000,256,0,2,0,0.00,137,0,24.35
1400,8,MTC,0.2048,256,256,2,2,0.00,137,0,24.35
1400,9,MTC,0.2048,256,256,2,2,0.00,137,0,24.35
1400,10,MTC,0.2048,256,256,2,2,0.00,137,0,24.35
1410,1,eMBB,0.0000,35144,0,23,0,0.00,1269856,0,30.72
1410,2,eMBB,29.3376,35144,36672,23,24,0.00,6133,0,30.72
1410,3,URLLC,0.8736,1014,1092,13,14,0.00,169,0,48.32
1410,4,URLLC,0.8736,1014,1092,13,14,0.00,169,0,48.32
1410,5,MTC,0.2048,256,256,2,2,0.00,137,0,20.97
1410,6,MTC,0.0000,256,0,2,0,0.00,137,0,20.97
1410,7,MTC,0.0000,256,0,2,0,0.00,269,0,20.97
1410,8,MTC,0.2048,256,256,2,2,0.00,137,0,20.97
1410,9,MTC,0.2048,256,256,2,2,0.00,137,0,20.97
1410,10,MTC,0.2048,256,256,2,2,0.00,137,0,20.97
1420,1,eMBB,48.8960,35144,61120,23,40,0.00,1293234,0,38.28
1420,2,eMBB,29.3376,35144,36672,23,24,0.00,1537,0,38.28
1420,3,URLLC,0.8112,936,1014,12,13,0.00,87,0,33.44
1420,4,URLLC,0.8112,936,1014,12,13,0.00,87,0,33.44
1420,5,MTC,0.3072,256,384,2,3,0.00,137,0,28.28
1420,6,MTC,0.0000,256,0,2,0,0.00,137,0,28.28
1420,7,MTC,0.0000,256,0,2,0,0.00,213,0,28.28
1420,8,MTC,0.3072,256,384,2,3,0.00,137,0,28.28
1420,9,MTC,0.3072,256,384,2,3,0.00,137,0,28.28
1420,10,MTC,0.3072,256,384,2,3,0.00,137,0,28.28
1430,1,eMBB,15.8912,35144,19864,23,13,0.00,1308925,0,21.18
1430,2,eMBB,25.6704,35144,32088,23,21,0.00,4383,0,21.18
1430,3,URLLC,0.7488,1014,936,13,12,0.00,87,0,43.98
1430,4,URLLC,0.7488,1014,936,13,12,0.00,87,0,43.98
1430,5,MTC,0.2048,256,256,2,2,0.00,137,0,34.84
1430,6,MTC,0.0000,256,0,2,0,0.00,137,0,34.84
1430,7,MTC,0.0000,256,0,2,0,0.00,269,0,34.84
1430,8,MTC,0.2048,256,256,2,2,0.00,137,0,34.84
1430,9,MTC,0.2048,256,256,2,2,0.00,137,0,34.84
1430,10,MTC,0.2048,256,256,2,2,0.00,137,0,34.84
1440,1,eMBB,0.0000,35144,0,23,0,0.00,1321107,0,48.73
1440,2,eMBB,29.3376,35144,36672,23,24,0.00,1537,0,48.73
1440,3,URLLC,0.8112,936,1014,12,13,0.00,87,0,31.38
1440,4,URLLC,0.8112,936,1014,12,13,0.00,87,0,31.38
1440,5,MTC,0.2048,256,256,2,2,0.00,137,0,19.89
1440,6,MTC,0.0000,256,0,2,0,0.00,137,0,19.89
1440,7,MTC,0.0000,256,0,2,0,0.00,231,0,19.89
1440,8,MTC,0.2048,256,256,2,2,0.00,137,0,19.89
1440,9,MTC,0.2048,256,256,2,2,0.00,137,0,19.89
1440,10,MTC,0.2048,256,256,2,2,0.00,137,0,19.89
1450,1,eMBB,30.5600,35144,38200,23,25,0.00,1344752,0,41.53
1450,2,eMBB,26.8928,35144,33616,23,22,0.00,1537,0,41.53
1450,3,URLLC,0.7488,1014,936,13,12,0.00,87,0,31.89
1450,4,URLLC,0.7488,1014,936,13,12,0.00,87,0,31.89
1450,5,MTC,0.2048,256,256,2,2,0.00,137,0,26.57
1450,6,MTC,0.0000,256,0,2,0,0.00,137,0,26.57
1450,7,MTC,0.0000,256,0,2,0,0.00,137,0,26.57
1450,8,MTC,0.2048,256,256,2,2,0.00,137,0,26.57
1450,9,MTC,0.2048,256,256,2,2,0.00,137,0,26.57
1450,10,MTC,0.2048,256,256,2,2,0.00,137,0,26.57
1460,1,eMBB,14.6688,33616,18336,22,12,0.00,1343625,0,46.96
1460,2,eMBB,25.6704,33616,32088,22,21,0.00,1537,0,46.96
1460,3,URLLC,0.6864,936,858,12,11,0.00,87,0,33.37
1460,4,URLLC,0.6864,936,858,12,11,0.00,87,0,33.37
1460,5,MTC,0.2048,256,256,2,2,0.00,137,0,19.67
1460,6,MTC,0.0000,256,0,2,0,0.00,137,0,19.67
1460,7,MTC,0.0000,256,0,2,0,0.00,137,0,19.67
1460,8,MTC,0.2048,256,256,2,2,0.00,137,0,19.67
1460,9,MTC,0.2048,256,256,2,2,0.00,137,0,19.67
1460,10,MTC,0.2048,256,256,2,2,0.00,137,0,19.67
1470,1,eMBB,0.0000,35144,0,23,0,0.00,1362218,0,31.73
1470,2,eMBB,29.3376,35144,36672,23,24,0.00,3712,0,31.73
1470,3,URLLC,0.8112,1014,1014,13,13,0.00,87,0,37.89
1470,4,URLLC,0.8112,1014,1014,13,13,0.00,87,0,37.89
1470,5,MTC,0.2048,384,256,3,2,0.00,137,0,30.38
1470,6,MTC,0.0000,384,0,3,0,0.00,137,0,30.38
1470,7,MTC,0.0000,384,0,3,0,0.00,137,0,30.38
1470,8,MTC,0.2048,384,256,3,2,0.00,137,0,30.38
1470,9,MTC,0.2048,384,256,3,2,0.00,137,0,30.38
1470,10,MTC,0.2048,384,256,3,2,0.00,137,0,30.38
1480,1,eMBB,25.6704,35144,32088,23,21,0.00,1387554,0,41.48
1480,2,eMBB,29.3376,35144,36672,23,24,0.00,7665,0,41.48
1480,3,URLLC,0.8112,936,1014,12,13,0.00,251,0,39.33
1480,4,URLLC,0.8112,936,1014,12,13,0.00,251,0,39.33
1480,5,MTC,0.2048,256,256,2,2,0.00,137,0,19.19
1480,6,MTC,0.0000,256,0,2,0,0.00,137,0,19.19
1480,7,MTC,0.0000,256,0,2,0,0.00,137,0,19.19
1480,8,MTC,0.2048,256,256,2,2,0.00,137,0,19.19
1480,9,MTC,0.2048,256,256,2,2,0.00,137,0,19.19
1480,10,MTC,0.2048,256,256,2,2,0.00,137,0,19.19
1490,1,eMBB,26.8928,35144,33616,23,22,0.00,1387786,0,24.08
1490,2,eMBB,29.3376,35144,36672,23,24,0.00,5526,0,24.08
1490,3,URLLC,0.8112,1014,1014,13,13,0.00,87,0,40.25
1490,4,URLLC,0.8112,1014,1014,13,13,0.00,87,0,40.25
1490,5,MTC,0.2048,256,256,2,2,0.00,137,0,35.67
1490,6,MTC,0.0000,256,0,2,0,0.00,137,0,35.67
1490,7,MTC,0.0000,256,0,2,0,0.00,137,0,35.67
1490,8,MTC,0.2048,256,256,2,2,0.00,137,0,35.67
1490,9,MTC,0.2048,256,256,2,2,0.00,137,0,35.67
1490,10,MTC,0.2048,256,256,2,2,0.00,137,0,35.67
1500,1,eMBB,22.0032,35144,27504,23,18,0.00,1412394,0,25.86
1500,2,eMBB,28.1152,35144,35144,23,23,0.00,1537,0,25.86
1500,3,URLLC,0.8112,936,1014,12,13,0.00,87,0,29.19
1500,4,URLLC,0.8112,936,1014,12,13,0.00,87,0,29.19
1500,5,MTC,0.2048,256,256,2,2,0.00,137,0,44.94
1500,6,MTC,0.0000,256,0,2,0,0.00,137,0,44.94
1500,7,MTC,0.0000,256,0,2,0,0.00,137,0,44.94
1500,8,MTC,0.2048,256,256,2,2,0.00,137,0,44.94
1500,9,MTC,0.2048,256,256,2,2,0.00,137,0,44.94
1500,10,MTC,0.2048,256,256,2,2,0.00,137,0,44.94
1510,1,eMBB,12.2240,35144,15280,23,10,0.00,1425962,0,29.92
1510,2,eMBB,28.1152,35144,35144,23,23,0.00,1537,0,29.92
1510,3,URLLC,0.7488,1014,936,13,12,0.00,87,0,46.79
1510,4,URLLC,0.7488,1014,936,13,12,0.00,87,0,46.79
1510,5,MTC,0.2048,256,256,2,2,0.00,137,0,23.29
1510,6,MTC,0.0000,256,0,2,0,0.00,137,0,23.29
1510,7,MTC,0.0000,256,0,2,0,0.00,137,0,23.29
1510,8,MTC,0.2048,256,256,2,2,0.00,137,0,23.29
1510,9,MTC,0.2048,256,256,2,2,0.00,137,0,23.29
1510,10,MTC,0.2048,256,256,2,2,0.00,137,0,23.29
