timestamp,sliceId,dedicatedPRB,minPRB,maxPRB
510,0,25.535977063220468,25.535977063220468,100.0
510,1,36.26698398558864,36.26698398558864,100.0
510,2,38.1970389511909,38.1970389511909,100.0
520,0,29.972374734762475,29.972374734762475,100.0
520,1,32.912521603831316,32.912521603831316,100.0
520,2,37.11510366140621,37.11510366140621,100.0
530,0,50.25924943610291,50.25924943610291,100.0
530,1,26.67092795533356,26.67092795533356,100.0
530,2,23.069822608563527,23.069822608563527,100.0
540,0,49.01879174726878,49.01879174726878,100.0
540,1,32.73511295581873,32.73511295581873,100.0
540,2,18.246095296912497,18.246095296912497,100.0
550,0,39.96647006752577,39.96647006752577,100.0
550,1,42.8313395042987,42.8313395042987,100.0
550,2,17.20219042817553,17.20219042817553,100.0
560,0,54.37653150230511,54.37653150230511,100.0
560,1,26.200127391496892,26.200127391496892,100.0
560,2,19.42334110619799,19.42334110619799,100.0
570,0,51.92779233206549,51.92779233206549,100.0
570,1,27.955712303345493,27.955712303345493,100.0
570,2,20.11649536458902,20.11649536458902,100.0
580,0,42.39168587990032,42.39168587990032,100.0
580,1,29.226261022966703,29.226261022966703,100.0
580,2,28.38205309713298,28.38205309713298,100.0
590,0,53.70387282529383,53.70387282529383,100.0
590,1,26.160247873409798,26.160247873409798,100.0
590,2,20.135879301296367,20.135879301296367,100.0
600,0,45.983780177748564,45.983780177748564,100.0
600,1,27.889084271883924,27.889084271883924,100.0
600,2,26.12713555036752,26.12713555036752,100.0
610,0,53.45679482216812,53.45679482216812,100.0
610,1,26.484838745772443,26.484838745772443,100.0
610,2,20.058366432059444,20.058366432059444,100.0
620,0,50.577685515424385,50.577685515424385,100.0
620,1,29.086163295903027,29.086163295903027,100.0
620,2,20.336151188672584,20.336151188672584,100.0
630,0,39.70923044218285,39.70923044218285,100.0
630,1,42.82247770710632,42.82247770710632,100.0
630,2,17.46829185071083,17.46829185071083,100.0
640,0,54.7170990510094,54.7170990510094,100.0
640,1,25.919956329010656,25.919956329010656,100.0
640,2,19.36294461997995,19.36294461997995,100.0
650,0,44.38027710524596,44.38027710524596,100.0
650,1,37.12335680722717,37.12335680722717,100.0
650,2,18.496366087526876,18.496366087526876,100.0
660,0,51.13738268930681,51.13738268930681,100.0
660,1,30.49034345481308,30.49034345481308,100.0
660,2,18.37227385588011,18.37227385588011,100.0
670,0,38.6651639074284,38.6651639074284,100.0
670,1,44.002702028441455,44.002702028441455,100.0
670,2,17.332134064130145,17.332134064130145,100.0
680,0,48.44945563088748,48.44945563088748,100.0
680,1,29.254073416124015,29.254073416124015,100.0
680,2,22.296470952988514,22.296470952988514,100.0
690,0,47.58830628172424,47.58830628172424,100.0
690,1,33.71066499117312,33.71066499117312,100.0
690,2,18.701028727102646,18.701028727102646,100.0
700,0,51.389346464063955,51.389346464063955,100.0
700,1,28.4363922275067,28.4363922275067,100.0
700,2,20.174261308429358,20.174261308429358,100.0
710,0,44.73073053976947,44.73073053976947,100.0
710,1,36.913720340093086,36.913720340093086,100.0
710,2,18.355549120137447,18.355549120137447,100.0
720,0,52.246895434442706,52.246895434442706,100.0
720,1,27.808655626329404,27.808655626329404,100.0
720,2,19.944448939227875,19.944448939227875,100.0
730,0,47.89336222465359,47.89336222465359,100.0
730,1,31.284737522525706,31.284737522525706,100.0
730,2,20.821900252820686,20.821900252820686,100.0
740,0,37.794210520827214,37.794210520827214,100.0
740,1,39.51392377024968,39.51392377024968,100.0
740,2,22.69186570892311,22.69186570892311,100.0
750,0,46.71272159674242,46.71272159674242,100.0
750,1,30.63473577607647,30.63473577607647,100.0
750,2,22.65254262718111,22.65254262718111,100.0
760,0,43.60397356144938,43.60397356144938,100.0
760,1,37.24872466884953,37.24872466884953,100.0
760,2,19.147301769701087,19.147301769701087,100.0
770,0,50.21772789292176,50.21772789292176,100.0
770,1,31.080673275923132,31.080673275923132,100.0
770,2,18.70159883115511,18.70159883115511,100.0
780,0,50.66938310946336,50.66938310946336,100.0
780,1,27.96110591650426,27.96110591650426,100.0
780,2,21.36951097403238,21.36951097403238,100.0
790,0,37.1088714819097,37.1088714819097,100.0
790,1,39.99043204691225,39.99043204691225,100.0
790,2,22.900696471178055,22.900696471178055,100.0
800,0,43.60185643999277,43.60185643999277,100.0
800,1,38.488124180911555,38.488124180911555,100.0
800,2,17.910019379095665,17.910019379095665,100.0
810,0,49.048699634560144,49.048699634560144,100.0
810,1,29.764482404156574,29.764482404156574,100.0
810,2,21.186817961283282,21.186817961283282,100.0
820,0,48.04445671991648,48.04445671991648,100.0
820,1,33.096000558509985,33.096000558509985,100.0
820,2,18.85954272157353,18.85954272157353,100.0
830,0,35.86822837648146,35.86822837648146,100.0
830,1,44.59294288394561,44.59294288394561,100.0
830,2,19.538828739572935,19.538828739572935,100.0
840,0,44.150368296709885,44.150368296709885,100.0
840,1,37.39923294139959,37.39923294139959,100.0
840,2,18.450398761890533,18.450398761890533,100.0
850,0,50.33339316754836,50.33339316754836,100.0
850,1,30.92892437839344,30.92892437839344,100.0
850,2,18.73768245405822,18.73768245405822,100.0
860,0,52.18782998260774,52.18782998260774,100.0
860,1,25.733207041396877,25.733207041396877,100.0
860,2,22.07896297599539,22.07896297599539,100.0
870,0,49.697148302020544,49.697148302020544,100.0
870,1,30.20199376374237,30.20199376374237,100.0
870,2,20.10085793423709,20.10085793423709,100.0
880,0,35.37264542813922,35.37264542813922,100.0
880,1,40.95394936380548,40.95394936380548,100.0
880,2,23.673405208055303,23.673405208055303,100.0
890,0,48.080129894161885,48.080129894161885,100.0
890,1,28.428552219290143,28.428552219290143,100.0
890,2,23.49131788654797,23.49131788654797,100.0
900,0,45.456953414237915,45.456953414237915,100.0
900,1,33.81024968466592,33.81024968466592,100.0
900,2,20.73279690109617,20.73279690109617,100.0
910,0,51.251143134662414,51.251143134662414,100.0
910,1,27.32567621028732,27.32567621028732,100.0
910,2,21.42318065505027,21.42318065505027,100.0
920,0,38.11978038180609,38.11978038180609,100.0
920,1,37.253521054186336,37.253521054186336,100.0
920,2,24.62669856400757,24.62669856400757,100.0
930,0,42.22400923994757,42.22400923994757,100.0
930,1,30.972517856291837,30.972517856291837,100.0
930,2,26.8034729037606,26.8034729037606,100.0
940,0,46.21361811511686,46.21361811511686,100.0
940,1,31.992366353310782,31.992366353310782,100.0
940,2,21.794015531572363,21.794015531572363,100.0
950,0,42.63222381934178,42.63222381934178,100.0
950,1,31.48686061591578,31.48686061591578,100.0
950,2,25.88091556474244,25.88091556474244,100.0
960,0,41.67746510742365,41.67746510742365,100.0
960,1,37.81881193164101,37.81881193164101,100.0
960,2,20.50372296093535,20.50372296093535,100.0
970,0,40.35966883665937,40.35966883665937,100.0
970,1,41.571675481431555,41.571675481431555,100.0
970,2,18.068655681909085,18.068655681909085,100.0
980,0,47.51079585679823,47.51079585679823,100.0
980,1,31.167351338713388,31.167351338713388,100.0
980,2,21.321852804488376,21.321852804488376,100.0
990,0,49.65676054090738,49.65676054090738,100.0
990,1,26.572175260469855,26.572175260469855,100.0
990,2,23.771064198622767,23.771064198622767,100.0
1000,0,49.74075660436112,49.74075660436112,100.0
1000,1,28.41664244528644,28.41664244528644,100.0
1000,2,21.84260095035245,21.84260095035245,100.0
1010,0,41.89232211419721,41.89232211419721,100.0
1010,1,35.80894950140711,35.80894950140711,100.0
1010,2,22.298728384395673,22.298728384395673,100.0
1020,0,51.96351253760211,51.96351253760211,100.0
1020,1,27.882769720506328,27.882769720506328,100.0
1020,2,20.153717741891576,20.153717741891576,100.0
1030,0,45.44834472554789,45.44834472554789,100.0
1030,1,35.26799679007894,35.26799679007894,100.0
1030,2,19.28365848437317,19.28365848437317,100.0
1040,0,40.91127231147256,40.91127231147256,100.0
1040,1,41.205652980493504,41.205652980493504,100.0
1040,2,17.88307470803395,17.88307470803395,100.0
1050,0,34.673943475791454,34.673943475791454,100.0
1050,1,44.129539691642314,44.129539691642314,100.0
1050,2,21.19651683256624,21.19651683256624,100.0
1060,0,50.72763366483735,50.72763366483735,100.0
1060,1,26.863884459460685,26.863884459460685,100.0
1060,2,22.40848187570197,22.40848187570197,100.0
1070,0,51.070104148409314,51.070104148409314,100.0
1070,1,29.789212602014693,29.789212602014693,100.0
1070,2,19.140683249575993,19.140683249575993,100.0
1080,0,52.71639955459876,52.71639955459876,100.0
1080,1,27.82650858502646,27.82650858502646,100.0
1080,2,19.457091860374774,19.457091860374774,100.0
