timestamp,sliceId,dedicatedPRB,minPRB,maxPRB,algorithm
510,0,41.66499972343445,41.66499972343445,100.0,0
510,1,40.000000298023224,40.000000298023224,100.0,0
510,2,18.334999978542328,18.334999978542328,100.0,0
520,0,21.66499972343445,21.66499972343445,100.0,1
520,1,20.000000298023224,20.000000298023224,100.0,1
520,2,58.33499997854232,58.33499997854232,100.0,1
530,0,16.66499972343445,16.66499972343445,100.0,0
530,1,60.000000298023224,60.000000298023224,100.0,0
530,2,23.334999978542328,23.334999978542328,100.0,0
540,0,36.66499972343445,36.66499972343445,100.0,0
540,1,40.000000298023224,40.000000298023224,100.0,0
540,2,23.334999978542328,23.334999978542328,100.0,0
550,0,51.664999723434455,51.664999723434455,100.0,1
550,1,25.000000298023227,25.000000298023227,100.0,1
550,2,23.33499997854233,23.33499997854233,100.0,1
