timestamp,ueImsi,sliceId,dTxBytes,dRxBytes,plr,resourceSharePct,dLostPackets,throughputMbps,bufferBytes
1510,1,0,18336,16808,8.33,41.66,1,13.4464,291917
1510,2,0,18336,18336,0.00,41.66,0,14.6688,292610
1510,3,0,18336,16808,8.33,41.66,1,13.4464,295170
1510,4,0,18336,16808,8.33,41.66,1,13.4464,302312
1510,5,0,18336,18336,0.00,41.66,0,14.6688,306498
1510,6,1,390,0,100.00,30.00,5,0.0000,87
1510,7,1,390,0,100.00,30.00,5,0.0000,579
1510,8,1,390,390,0.00,30.00,0,0.3120,87
1510,9,1,390,390,0.00,30.00,0,0.3120,87
1510,10,1,390,390,0.00,30.00,0,0.3120,87
1510,11,2,384,256,33.33,28.34,1,0.2048,55
1510,12,2,384,256,33.33,28.34,1,0.2048,137
1510,13,2,384,256,33.33,28.34,1,0.2048,22
1510,14,2,384,0,100.00,28.34,3,0.0000,1648
1510,15,2,384,0,100.00,28.34,3,0.0000,328
1510,16,2,384,0,100.00,28.34,3,0.0000,269
1510,17,2,384,256,33.33,28.34,1,0.2048,137
1510,18,2,384,0,100.00,28.34,3,0.0000,2381
1510,19,2,384,256,33.33,28.34,1,0.2048,137
1510,20,2,384,0,100.00,28.34,3,0.0000,137
