timestamp,sliceId,dedicatedPRB,minPRB,maxPRB
510,0,36.92075467677981,36.92075467677981,100.0
510,1,32.50848941836702,32.50848941836702,100.0
510,2,30.57075590485318,30.57075590485318,100.0
520,0,36.256877673539364,36.256877673539364,100.0
520,1,29.365499610512693,29.365499610512693,100.0
520,2,34.37762271594795,34.37762271594795,100.0
530,0,24.12819256807816,24.12819256807816,100.0
530,1,38.28648368864499,38.28648368864499,100.0
530,2,37.58532374327685,37.58532374327685,100.0
540,0,23.772205106475454,23.772205106475454,100.0
540,1,40.74012375451945,40.74012375451945,100.0
540,2,35.4876711390051,35.4876711390051,100.0
550,0,23.00376816968966,23.00376816968966,100.0
550,1,32.69913427387323,32.69913427387323,100.0
550,2,44.29709755643712,44.29709755643712,100.0
