timestamp,ueImsi,sliceId,dTxBytes,dRxBytes,plr,resourceSharePct,dLostPackets,throughputMbps,bufferBytes
560,1,0,24448,1528,93.75,39.77,15,1.2224,136013
560,2,0,24448,1528,93.75,39.77,15,1.2224,136016
560,3,0,24448,1528,93.75,39.77,15,1.2224,136000
560,4,0,24448,1528,93.75,39.77,15,1.2224,136007
560,5,0,24448,1528,93.75,39.77,15,1.2224,135991
560,6,1,390,312,20.00,32.80,1,0.2496,169
560,7,1,390,312,20.00,32.80,1,0.2496,169
560,8,1,390,312,20.00,32.80,1,0.2496,169
560,9,1,390,312,20.00,32.80,1,0.2496,169
560,10,1,390,312,20.00,32.80,1,0.2496,169
560,11,2,16000,896,94.40,27.43,118,0.7168,89904
560,12,2,16000,896,94.40,27.43,118,0.7168,89904
560,13,2,16000,896,94.40,27.43,118,0.7168,89914
560,14,2,16000,896,94.40,27.43,118,0.7168,89914
560,15,2,16000,896,94.40,27.43,118,0.7168,89894
560,16,2,16000,768,95.20,27.43,119,0.6144,89886
560,17,2,16000,896,94.40,27.43,118,0.7168,89900
560,18,2,16000,768,95.20,27.43,119,0.6144,89878
560,19,2,16000,896,94.40,27.43,118,0.7168,89872
560,20,2,16000,896,94.40,27.43,118,0.7168,89872
