timestamp,ueImsi,sliceId,dTxBytes,dRxBytes,plr,resourceSharePct,dLostPackets,throughputMbps,bufferBytes
1510,1,0,18336,13752,25.00,28.87,3,11.0016,98424
1510,2,0,18336,15280,16.67,28.87,2,12.2240,38623
1510,3,0,18336,15280,16.67,28.87,2,12.2240,38561
1510,4,0,18336,15280,16.67,28.87,2,12.2240,38569
1510,5,0,18336,15280,16.67,28.87,2,12.2240,38540
1510,6,1,390,390,0.00,47.29,0,0.3120,87
1510,7,1,390,390,0.00,47.29,0,0.3120,87
1510,8,1,390,0,100.00,47.29,5,0.0000,87
1510,9,1,390,390,0.00,47.29,0,0.3120,87
1510,10,1,390,390,0.00,47.29,0,0.3120,87
1510,11,2,384,256,33.33,23.85,1,0.2048,137
1510,12,2,384,256,33.33,23.85,1,0.2048,137
1510,13,2,384,256,33.33,23.85,1,0.2048,137
1510,14,2,384,256,33.33,23.85,1,0.2048,137
1510,15,2,384,0,100.00,23.85,3,0.0000,137
1510,16,2,384,256,33.33,23.85,1,0.2048,137
1510,17,2,384,256,33.33,23.85,1,0.2048,137
1510,18,2,384,0,100.00,23.85,3,0.0000,137
1510,19,2,384,256,33.33,23.85,1,0.2048,137
1510,20,2,384,256,33.33,23.85,1,0.2048,137
