timestamp,ueImsi,sliceId,dTxBytes,dRxBytes,plr,resourceSharePct,dLostPackets,throughputMbps,bufferBytes
1510,1,0,18336,15280,16.67,26.66,2,12.2240,3811
1510,2,0,18336,10696,41.67,26.66,5,8.5568,593881
1510,3,0,18336,13752,25.00,26.66,3,11.0016,292576
1510,4,0,18336,6112,66.67,26.66,8,4.8896,1095802
1510,5,0,18336,0,100.00,26.66,12,0.0000,1728789
1510,6,1,390,156,60.00,55.00,3,0.1248,169
1510,7,1,390,390,0.00,55.00,0,0.3120,87
1510,8,1,390,156,60.00,55.00,3,0.1248,251
1510,9,1,390,0,100.00,55.00,5,0.0000,862
1510,10,1,390,390,0.00,55.00,0,0.3120,87
1510,11,2,384,256,33.33,18.34,1,0.2048,79
1510,12,2,384,0,100.00,18.34,3,0.0000,21
1510,13,2,384,256,33.33,18.34,1,0.2048,137
1510,14,2,384,0,100.00,18.34,3,0.0000,137
1510,15,2,384,0,100.00,18.34,3,0.0000,137
1510,16,2,384,256,33.33,18.34,1,0.2048,137
1510,17,2,384,0,100.00,18.34,3,0.0000,91
1510,18,2,384,0,100.00,18.34,3,0.0000,637
1510,19,2,384,256,33.33,18.34,1,0.2048,137
1510,20,2,384,384,0.00,18.34,0,0.3072,137
