timestamp,sliceId,dedicatedPRB,minPRB,maxPRB
510,0,24.986989456263373,24.986989456263373,100.0
510,1,27.014119030757687,27.014119030757687,100.0
510,2,47.99889151297894,47.99889151297894,100.0
520,0,29.56659970610202,29.56659970610202,100.0
520,1,29.74952679496427,29.74952679496427,100.0
520,2,40.68387349893371,40.68387349893371,100.0
530,0,25.974723445357554,25.974723445357554,100.0
530,1,51.99333524118761,51.99333524118761,100.0
530,2,22.031941313454826,22.031941313454826,100.0
540,0,46.40498353444866,46.40498353444866,100.0
540,1,31.619353322538725,31.619353322538725,100.0
540,2,21.975663143012618,21.975663143012618,100.0
550,0,30.88160925411484,30.88160925411484,100.0
550,1,41.410795209987796,41.410795209987796,100.0
550,2,27.70759553589736,27.70759553589736,100.0
560,0,43.08357730125728,43.08357730125728,100.0
560,1,27.102258604439854,27.102258604439854,100.0
560,2,29.814164094302882,29.814164094302882,100.0
570,0,28.726096009080887,28.726096009080887,100.0
570,1,43.425883322609536,43.425883322609536,100.0
570,2,27.84802066830958,27.84802066830958,100.0
580,0,30.041169709693143,30.041169709693143,100.0
580,1,28.87417604815387,28.87417604815387,100.0
580,2,41.084654242152986,41.084654242152986,100.0
590,0,21.746890653321753,21.746890653321753,100.0
590,1,38.30091576836906,38.30091576836906,100.0
590,2,39.95219357830919,39.95219357830919,100.0
600,0,30.446092656998207,30.446092656998207,100.0
600,1,47.08918889589123,47.08918889589123,100.0
600,2,22.46471844711056,22.46471844711056,100.0
610,0,24.032304193697712,24.032304193697712,100.0
610,1,37.18284789699533,37.18284789699533,100.0
610,2,38.78484790930696,38.78484790930696,100.0
620,0,22.250467808609592,22.250467808609592,100.0
620,1,55.161097818751536,55.161097818751536,100.0
620,2,22.588434372638872,22.588434372638872,100.0
630,0,42.75076250552635,42.75076250552635,100.0
630,1,32.99219079655271,32.99219079655271,100.0
630,2,24.257046697920938,24.257046697920938,100.0
640,0,24.499295318391876,24.499295318391876,100.0
640,1,55.49469031755703,55.49469031755703,100.0
640,2,20.006014364051094,20.006014364051094,100.0
650,0,24.1478994795047,24.1478994795047,100.0
650,1,40.95312530976323,40.95312530976323,100.0
650,2,34.898975210732075,34.898975210732075,100.0
660,0,23.98602390077255,23.98602390077255,100.0
660,1,40.58268737742342,40.58268737742342,100.0
660,2,35.43128872180403,35.43128872180403,100.0
670,0,43.06140233425399,43.06140233425399,100.0
670,1,28.5803766733852,28.5803766733852,100.0
670,2,28.35822099236082,28.35822099236082,100.0
680,0,32.797058002434575,32.797058002434575,100.0
680,1,42.33081793004463,42.33081793004463,100.0
680,2,24.872124067520794,24.872124067520794,100.0
690,0,25.978835865176215,25.978835865176215,100.0
690,1,37.81572189263066,37.81572189263066,100.0
690,2,36.205442242193115,36.205442242193115,100.0
700,0,33.58169187309497,33.58169187309497,100.0
700,1,43.08966235720868,43.08966235720868,100.0
700,2,23.328645769696347,23.328645769696347,100.0
710,0,31.23365879133119,31.23365879133119,100.0
710,1,31.48788850503244,31.48788850503244,100.0
710,2,37.27845270363637,37.27845270363637,100.0
720,0,23.14645454369866,23.14645454369866,100.0
720,1,41.01003549622765,41.01003549622765,100.0
720,2,35.84350996007368,35.84350996007368,100.0
730,0,23.833446142814534,23.833446142814534,100.0
730,1,48.69439517326274,48.69439517326274,100.0
730,2,27.47215868392272,27.47215868392272,100.0
740,0,24.902805621923953,24.902805621923953,100.0
740,1,50.34335712331547,50.34335712331547,100.0
740,2,24.753837254760583,24.753837254760583,100.0
750,0,24.93620221883407,24.93620221883407,100.0
750,1,41.0684038488341,41.0684038488341,100.0
750,2,33.99539393233183,33.99539393233183,100.0
760,0,24.58127718696832,24.58127718696832,100.0
760,1,50.07944940521898,50.07944940521898,100.0
760,2,25.339273407812694,25.339273407812694,100.0
770,0,37.63954494835708,37.63954494835708,100.0
770,1,34.52679219490307,34.52679219490307,100.0
770,2,27.83366285673986,27.83366285673986,100.0
780,0,20.93656392743914,20.93656392743914,100.0
780,1,41.097853252187086,41.097853252187086,100.0
780,2,37.96558282037377,37.96558282037377,100.0
790,0,23.305205217189563,23.305205217189563,100.0
790,1,26.832130595880464,26.832130595880464,100.0
790,2,49.862664186929976,49.862664186929976,100.0
800,0,27.98865895499501,27.98865895499501,100.0
800,1,37.606344900369386,37.606344900369386,100.0
800,2,34.404996144635604,34.404996144635604,100.0
810,0,27.602225297787786,27.602225297787786,100.0
810,1,36.76222562951924,36.76222562951924,100.0
810,2,35.63554907269297,35.63554907269297,100.0
820,0,24.663498066246557,24.663498066246557,100.0
820,1,49.331198875111404,49.331198875111404,100.0
820,2,26.00530305864204,26.00530305864204,100.0
830,0,23.016924944545806,23.016924944545806,100.0
830,1,43.274797627784665,43.274797627784665,100.0
830,2,33.70827742766952,33.70827742766952,100.0
840,0,27.69297456301104,27.69297456301104,100.0
840,1,52.708792790713446,52.708792790713446,100.0
840,2,19.59823264627553,19.59823264627553,100.0
850,0,25.019753984232175,25.019753984232175,100.0
850,1,46.15496846816659,46.15496846816659,100.0
850,2,28.825277547601242,28.825277547601242,100.0
860,0,21.969763870780724,21.969763870780724,100.0
860,1,50.58318056038667,50.58318056038667,100.0
860,2,27.447055568832603,27.447055568832603,100.0
870,0,26.595200475466807,26.595200475466807,100.0
870,1,31.66976536015192,31.66976536015192,100.0
870,2,41.73503416438128,41.73503416438128,100.0
880,0,22.98245611193832,22.98245611193832,100.0
880,1,39.18123224376955,39.18123224376955,100.0
880,2,37.836311644292145,37.836311644292145,100.0
890,0,23.534291509797185,23.534291509797185,100.0
890,1,45.05682777372008,45.05682777372008,100.0
890,2,31.408880716482734,31.408880716482734,100.0
900,0,26.198611748846222,26.198611748846222,100.0
900,1,51.88999491742724,51.88999491742724,100.0
900,2,21.911393333726522,21.911393333726522,100.0
910,0,39.711681144881126,39.711681144881126,100.0
910,1,36.54807030501453,36.54807030501453,100.0
910,2,23.740248550104347,23.740248550104347,100.0
920,0,29.26001932116009,29.26001932116009,100.0
920,1,47.461557062085284,47.461557062085284,100.0
920,2,23.278423616754623,23.278423616754623,100.0
930,0,29.849904924563425,29.849904924563425,100.0
930,1,50.87617434457283,50.87617434457283,100.0
930,2,19.273920730863747,19.273920730863747,100.0
940,0,22.81439754374408,22.81439754374408,100.0
940,1,47.700906972257116,47.700906972257116,100.0
940,2,29.484695483998813,29.484695483998813,100.0
950,0,26.75817341577322,26.75817341577322,100.0
950,1,51.381177469441816,51.381177469441816,100.0
950,2,21.86064911478496,21.86064911478496,100.0
960,0,22.600513819360387,22.600513819360387,100.0
960,1,45.868423138030586,45.868423138030586,100.0
960,2,31.53106304260903,31.53106304260903,100.0
970,0,24.97777253362915,24.97777253362915,100.0
970,1,49.97986817007343,49.97986817007343,100.0
970,2,25.042359296297416,25.042359296297416,100.0
980,0,23.611408539148908,23.611408539148908,100.0
980,1,49.737681043418235,49.737681043418235,100.0
980,2,26.65091041743286,26.65091041743286,100.0
990,0,23.843725035606372,23.843725035606372,100.0
990,1,28.393632826416326,28.393632826416326,100.0
990,2,47.76264213797731,47.76264213797731,100.0
1000,0,23.006375668769998,23.006375668769998,100.0
1000,1,40.14941985175848,40.14941985175848,100.0
1000,2,36.84420447947153,36.84420447947153,100.0
1010,0,24.701676853398098,24.701676853398098,100.0
1010,1,51.4464928191961,51.4464928191961,100.0
1010,2,23.851830327405803,23.851830327405803,100.0
1020,0,21.65623377927225,21.65623377927225,100.0
1020,1,41.31934940219326,41.31934940219326,100.0
1020,2,37.02441681853449,37.02441681853449,100.0
1030,0,27.26720279852004,27.26720279852004,100.0
1030,1,52.35195241812411,52.35195241812411,100.0
1030,2,20.380844783355855,20.380844783355855,100.0
1040,0,23.98875450193305,23.98875450193305,100.0
1040,1,36.780916897976766,36.780916897976766,100.0
1040,2,39.23032860009018,39.23032860009018,100.0
1050,0,31.28275394470045,31.28275394470045,100.0
1050,1,38.595122198375705,38.595122198375705,100.0
1050,2,30.122123856923842,30.122123856923842,100.0
1060,0,30.210433849270512,30.210433849270512,100.0
1060,1,40.782412713743696,40.782412713743696,100.0
1060,2,29.0071534369858,29.0071534369858,100.0
1070,0,23.415683496844444,23.415683496844444,100.0
1070,1,53.70263111412622,53.70263111412622,100.0
1070,2,22.881685389029332,22.881685389029332,100.0
1080,0,26.19580928100469,26.19580928100469,100.0
1080,1,36.43168140650876,36.43168140650876,100.0
1080,2,37.37250931248654,37.37250931248654,100.0
1090,0,31.798715979996985,31.798715979996985,100.0
1090,1,26.630600260290997,26.630600260290997,100.0
1090,2,41.570683759712026,41.570683759712026,100.0
1100,0,41.18148305291896,41.18148305291896,100.0
1100,1,25.588322678634945,25.588322678634945,100.0
1100,2,33.23019426844609,33.23019426844609,100.0
1110,0,28.685409433668685,28.685409433668685,100.0
1110,1,24.701724316615724,24.701724316615724,100.0
1110,2,46.61286624971559,46.61286624971559,100.0
1120,0,27.840038190339527,27.840038190339527,100.0
1120,1,29.24831954239602,29.24831954239602,100.0
1120,2,42.91164226726447,42.91164226726447,100.0
1130,0,26.14099510432699,26.14099510432699,100.0
1130,1,27.83337471580431,27.83337471580431,100.0
1130,2,46.025630179868706,46.025630179868706,100.0
1140,0,29.304636109769238,29.304636109769238,100.0
1140,1,30.81742623011226,30.81742623011226,100.0
1140,2,39.8779376601185,39.8779376601185,100.0
1150,0,35.16453861255045,35.16453861255045,100.0
1150,1,26.317484695151748,26.317484695151748,100.0
1150,2,38.517976692297815,38.517976692297815,100.0
1160,0,29.332229602704587,29.332229602704587,100.0
1160,1,28.21989416566794,28.21989416566794,100.0
1160,2,42.44787623162748,42.44787623162748,100.0
1170,0,26.643656377475285,26.643656377475285,100.0
1170,1,26.18558256890345,26.18558256890345,100.0
1170,2,47.17076105362128,47.17076105362128,100.0
1180,0,27.750444470731004,27.750444470731004,100.0
1180,1,29.257475005609805,29.257475005609805,100.0
1180,2,42.99208052365919,42.99208052365919,100.0
1190,0,23.445548769537737,23.445548769537737,100.0
1190,1,25.590561423303427,25.590561423303427,100.0
1190,2,50.963889807158836,50.963889807158836,100.0
1200,0,27.231554032050354,27.231554032050354,100.0
1200,1,38.27136507869838,38.27136507869838,100.0
1200,2,34.49708088925127,34.49708088925127,100.0
1210,0,25.28985205092856,25.28985205092856,100.0
1210,1,29.46378085066483,29.46378085066483,100.0
1210,2,45.246367098406616,45.246367098406616,100.0
1220,0,29.18248091387451,29.18248091387451,100.0
1220,1,44.60008174701806,44.60008174701806,100.0
1220,2,26.217437339107423,26.217437339107423,100.0
1230,0,28.612941052528317,28.612941052528317,100.0
1230,1,40.526818097149544,40.526818097149544,100.0
1230,2,30.860240850322146,30.860240850322146,100.0
1240,0,22.118088339312326,22.118088339312326,100.0
1240,1,43.23588696556051,43.23588696556051,100.0
1240,2,34.64602469512717,34.64602469512717,100.0
1250,0,21.536486134865267,21.536486134865267,100.0
1250,1,38.782118076852626,38.782118076852626,100.0
1250,2,39.6813957882821,39.6813957882821,100.0
1260,0,31.177204903932093,31.177204903932093,100.0
1260,1,35.610063757797626,35.610063757797626,100.0
1260,2,33.21273133827029,33.21273133827029,100.0
1270,0,23.86773270707306,23.86773270707306,100.0
1270,1,31.67239877714651,31.67239877714651,100.0
1270,2,44.45986851578043,44.45986851578043,100.0
1280,0,23.336822139452963,23.336822139452963,100.0
1280,1,40.9317969321272,40.9317969321272,100.0
1280,2,35.731380928419846,35.731380928419846,100.0
1290,0,24.544552140917915,24.544552140917915,100.0
1290,1,52.096134753154985,52.096134753154985,100.0
1290,2,23.3593131059271,23.3593131059271,100.0
1300,0,28.21041385037465,28.21041385037465,100.0
1300,1,44.67050974025416,44.67050974025416,100.0
1300,2,27.1190764093712,27.1190764093712,100.0
1310,0,31.386338459995184,31.386338459995184,100.0
1310,1,32.99046121851056,32.99046121851056,100.0
1310,2,35.62320032149426,35.62320032149426,100.0
1320,0,22.53115506560227,22.53115506560227,100.0
1320,1,42.21757619679825,42.21757619679825,100.0
1320,2,35.25126873759948,35.25126873759948,100.0
1330,0,28.620545287658288,28.620545287658288,100.0
1330,1,31.328784930604996,31.328784930604996,100.0
1330,2,40.050669781736715,40.050669781736715,100.0
1340,0,22.306968640436363,22.306968640436363,100.0
1340,1,39.412996823960874,39.412996823960874,100.0
1340,2,38.28003453560276,38.28003453560276,100.0
1350,0,22.492425840232567,22.492425840232567,100.0
1350,1,35.69883773682028,35.69883773682028,100.0
1350,2,41.808736422947156,41.808736422947156,100.0
1360,0,33.73035801209808,33.73035801209808,100.0
1360,1,41.474246435552985,41.474246435552985,100.0
1360,2,24.795395552348936,24.795395552348936,100.0
1370,0,20.271216115575914,20.271216115575914,100.0
1370,1,43.038800971996125,43.038800971996125,100.0
1370,2,36.68998291242795,36.68998291242795,100.0
1380,0,30.961033883777418,30.961033883777418,100.0
1380,1,35.0932921816633,35.0932921816633,100.0
1380,2,33.94567393455929,33.94567393455929,100.0
1390,0,28.84261956765129,28.84261956765129,100.0
1390,1,43.96480703222171,43.96480703222171,100.0
1390,2,27.192573400127007,27.192573400127007,100.0
1400,0,22.97045348101711,22.97045348101711,100.0
1400,1,47.76073318264555,47.76073318264555,100.0
1400,2,29.268813336337345,29.268813336337345,100.0
1410,0,30.29955076739135,30.29955076739135,100.0
1410,1,43.75134105060756,43.75134105060756,100.0
1410,2,25.949108182001098,25.949108182001098,100.0
1420,0,21.311306482299035,21.311306482299035,100.0
1420,1,43.90898821799611,43.90898821799611,100.0
1420,2,34.77970529970486,34.77970529970486,100.0
1430,0,24.462240574811233,24.462240574811233,100.0
1430,1,37.52691578700727,37.52691578700727,100.0
1430,2,38.0108436381815,38.0108436381815,100.0
1440,0,25.101263312743193,25.101263312743193,100.0
1440,1,42.24074226620771,42.24074226620771,100.0
1440,2,32.657994421049096,32.657994421049096,100.0
1450,0,23.122288543299426,23.122288543299426,100.0
1450,1,45.98165823112102,45.98165823112102,100.0
1450,2,30.896053225579557,30.896053225579557,100.0
1460,0,22.90111174259845,22.90111174259845,100.0
1460,1,27.079088724171385,27.079088724171385,100.0
1460,2,50.01979953323017,50.01979953323017,100.0
1470,0,24.188350850833178,24.188350850833178,100.0
1470,1,42.55753662371824,42.55753662371824,100.0
1470,2,33.25411252544859,33.25411252544859,100.0
1480,0,31.545630463574014,31.545630463574014,100.0
1480,1,38.37495835791774,38.37495835791774,100.0
1480,2,30.07941117850824,30.07941117850824,100.0
1490,0,27.3561604261832,27.3561604261832,100.0
1490,1,47.797639828981026,47.797639828981026,100.0
1490,2,24.846199744835772,24.846199744835772,100.0
1500,0,25.321499530697945,25.321499530697945,100.0
1500,1,50.36175071268393,50.36175071268393,100.0
1500,2,24.316749756618123,24.316749756618123,100.0
