timestamp,ueImsi,sliceId,dTxBytes,dRxBytes,plr,resourceSharePct,dLostPackets,throughputMbps,bufferBytes
1510,1,0,35144,38200,0.00,41.66,0,30.5600,247658
1510,2,0,35144,22920,34.78,41.66,8,18.3360,1598699
1510,3,1,1014,546,46.15,25.00,6,0.4368,87
1510,4,1,1014,858,15.38,25.00,2,0.6864,26
1510,5,2,256,0,100.00,33.34,2,0.0000,137
1510,6,2,256,0,100.00,33.34,2,0.0000,137
1510,7,2,256,256,0.00,33.34,0,0.2048,137
1510,8,2,256,0,100.00,33.34,2,0.0000,413
1510,9,2,256,0,100.00,33.34,2,0.0000,533
1510,10,2,256,256,0.00,33.34,0,0.2048,137
