timestamp,sliceId,dedicatedPRB,minPRB,maxPRB
510,0,43.377142349167585,43.377142349167585,100.0
510,1,34.09799405432794,34.09799405432794,100.0
510,2,22.524863596504474,22.524863596504474,100.0
520,0,25.51101916450148,25.51101916450148,100.0
520,1,28.055445468840666,28.055445468840666,100.0
520,2,46.43353536665785,46.43353536665785,100.0
530,0,38.18165468798648,38.18165468798648,100.0
530,1,29.272005926497467,29.272005926497467,100.0
530,2,32.546339385516056,32.546339385516056,100.0
540,0,39.152578876727425,39.152578876727425,100.0
540,1,28.03010261804288,28.03010261804288,100.0
540,2,32.81731850522969,32.81731850522969,100.0
550,0,29.029150748425632,29.029150748425632,100.0
550,1,25.716833724330414,25.716833724330414,100.0
550,2,45.254015527243965,45.254015527243965,100.0
560,0,33.171707709907935,33.171707709907935,100.0
560,1,38.50163022274366,38.50163022274366,100.0
560,2,28.326662067348394,28.326662067348394,100.0
570,0,28.51223734122999,28.51223734122999,100.0
570,1,31.137518318067226,31.137518318067226,100.0
570,2,40.35024434070279,40.35024434070279,100.0
580,0,31.688969248897802,31.688969248897802,100.0
580,1,34.05535663095659,34.05535663095659,100.0
580,2,34.255674120145606,34.255674120145606,100.0
590,0,44.40982052451107,44.40982052451107,100.0
590,1,31.792820671394985,31.792820671394985,100.0
590,2,23.797358804093953,23.797358804093953,100.0
600,0,29.126042962355754,29.126042962355754,100.0
600,1,46.528073627238044,46.528073627238044,100.0
600,2,24.345883410406216,24.345883410406216,100.0
610,0,29.382277703602323,29.382277703602323,100.0
610,1,41.13741667336737,41.13741667336737,100.0
610,2,29.48030562303032,29.48030562303032,100.0
620,0,47.27143471165217,47.27143471165217,100.0
620,1,26.54064527116009,26.54064527116009,100.0
620,2,26.18792001718774,26.18792001718774,100.0
630,0,37.89310506262294,37.89310506262294,100.0
630,1,33.7151823640686,33.7151823640686,100.0
630,2,28.39171257330846,28.39171257330846,100.0
640,0,24.68911409875867,24.68911409875867,100.0
640,1,55.06973759148873,55.06973759148873,100.0
640,2,20.2411483097526,20.2411483097526,100.0
650,0,26.898236775042466,26.898236775042466,100.0
650,1,47.95778502107291,47.95778502107291,100.0
650,2,25.143978203884625,25.143978203884625,100.0
660,0,25.90302474178855,25.90302474178855,100.0
660,1,50.168537036886285,50.168537036886285,100.0
660,2,23.928438221325166,23.928438221325166,100.0
670,0,23.69693801947918,23.69693801947918,100.0
670,1,27.449597469910426,27.449597469910426,100.0
670,2,48.85346451061039,48.85346451061039,100.0
680,0,44.39295651948243,44.39295651948243,100.0
680,1,31.25220913422807,31.25220913422807,100.0
680,2,24.354834346289497,24.354834346289497,100.0
690,0,31.544788685566814,31.544788685566814,100.0
690,1,37.70736310028931,37.70736310028931,100.0
690,2,30.747848214143886,30.747848214143886,100.0
700,0,38.57330860671547,38.57330860671547,100.0
700,1,26.138650134460782,26.138650134460782,100.0
700,2,35.288041258823746,35.288041258823746,100.0
710,0,28.662209401060224,28.662209401060224,100.0
710,1,35.72688497334404,35.72688497334404,100.0
710,2,35.610905625595734,35.610905625595734,100.0
720,0,35.49592329455076,35.49592329455076,100.0
720,1,43.49255063472805,43.49255063472805,100.0
720,2,21.0115260707212,21.0115260707212,100.0
730,0,25.67081403114101,25.67081403114101,100.0
730,1,45.160112383954335,45.160112383954335,100.0
730,2,29.16907358490466,29.16907358490466,100.0
740,0,24.169840688778166,24.169840688778166,100.0
740,1,53.38183884837502,53.38183884837502,100.0
740,2,22.448320462846826,22.448320462846826,100.0
750,0,34.365506585212344,34.365506585212344,100.0
750,1,38.09079220844128,38.09079220844128,100.0
750,2,27.543701206346377,27.543701206346377,100.0
760,0,31.958541207746947,31.958541207746947,100.0
760,1,32.76414137220737,32.76414137220737,100.0
760,2,35.2773174200457,35.2773174200457,100.0
770,0,22.89593982988764,22.89593982988764,100.0
770,1,42.583024698979024,42.583024698979024,100.0
770,2,34.52103547113333,34.52103547113333,100.0
780,0,33.48267583133319,33.48267583133319,100.0
780,1,29.147387484463106,29.147387484463106,100.0
780,2,37.369936684203715,37.369936684203715,100.0
790,0,33.11105117914802,33.11105117914802,100.0
790,1,39.5657071721531,39.5657071721531,100.0
790,2,27.323241648698875,27.323241648698875,100.0
800,0,35.11068163047216,35.11068163047216,100.0
800,1,31.81029311293812,31.81029311293812,100.0
800,2,33.07902525658973,33.07902525658973,100.0
810,0,37.34132477933031,37.34132477933031,100.0
810,1,28.028518413356412,28.028518413356412,100.0
810,2,34.63015680731329,34.63015680731329,100.0
820,0,31.978651348073384,31.978651348073384,100.0
820,1,39.30586346624542,39.30586346624542,100.0
820,2,28.715485185681207,28.715485185681207,100.0
830,0,34.99944229648204,34.99944229648204,100.0
830,1,34.79168924571303,34.79168924571303,100.0
830,2,30.208868457804932,30.208868457804932,100.0
840,0,26.5798545172186,26.5798545172186,100.0
840,1,29.88980302963593,29.88980302963593,100.0
840,2,43.53034245314548,43.53034245314548,100.0
850,0,39.85650534715152,39.85650534715152,100.0
850,1,27.74878448695893,27.74878448695893,100.0
850,2,32.39471016588955,32.39471016588955,100.0
860,0,25.741565686121593,25.741565686121593,100.0
860,1,36.68713131728282,36.68713131728282,100.0
860,2,37.57130299659559,37.57130299659559,100.0
870,0,21.36663523762232,21.36663523762232,100.0
870,1,44.26690472428057,44.26690472428057,100.0
870,2,34.36646003809711,34.36646003809711,100.0
880,0,36.95039306830971,36.95039306830971,100.0
880,1,26.014468736756864,26.014468736756864,100.0
880,2,37.035138194933424,37.035138194933424,100.0
890,0,40.0854440115202,40.0854440115202,100.0
890,1,28.502838620407033,28.502838620407033,100.0
890,2,31.411717368072768,31.411717368072768,100.0
900,0,48.07833353200528,48.07833353200528,100.0
900,1,31.51667301246956,31.51667301246956,100.0
900,2,20.40499345552516,20.40499345552516,100.0
910,0,26.08292355979074,26.08292355979074,100.0
910,1,47.549055551986804,47.549055551986804,100.0
910,2,26.36802088822247,26.36802088822247,100.0
920,0,31.121123301960885,31.121123301960885,100.0
920,1,35.05768458308721,35.05768458308721,100.0
920,2,33.821192114951906,33.821192114951906,100.0
930,0,25.745586262697234,25.745586262697234,100.0
930,1,26.35423549374441,26.35423549374441,100.0
930,2,47.90017824355836,47.90017824355836,100.0
940,0,28.025762679981725,28.025762679981725,100.0
940,1,33.9747255881439,33.9747255881439,100.0
940,2,37.99951173187438,37.99951173187438,100.0
950,0,32.052892710573,32.052892710573,100.0
950,1,28.62501599395881,28.62501599395881,100.0
950,2,39.322091295468184,39.322091295468184,100.0
960,0,26.679562202890384,26.679562202890384,100.0
960,1,31.669897222895145,31.669897222895145,100.0
960,2,41.65054057421447,41.65054057421447,100.0
970,0,26.862209635841477,26.862209635841477,100.0
970,1,26.87294570203521,26.87294570203521,100.0
970,2,46.26484466212332,46.26484466212332,100.0
980,0,40.86956123664894,40.86956123664894,100.0
980,1,26.13462240050099,26.13462240050099,100.0
980,2,32.99581636285007,32.99581636285007,100.0
990,0,46.20334104525077,46.20334104525077,100.0
990,1,26.87488570382426,26.87488570382426,100.0
990,2,26.921773250924975,26.921773250924975,100.0
1000,0,36.34448042858681,36.34448042858681,100.0
1000,1,36.409331040405235,36.409331040405235,100.0
1000,2,27.246188531007952,27.246188531007952,100.0
1010,0,25.577234811374645,25.577234811374645,100.0
1010,1,39.251860104579436,39.251860104579436,100.0
1010,2,35.17090508404592,35.17090508404592,100.0
1020,0,31.48025181692572,31.48025181692572,100.0
1020,1,32.33857193247819,32.33857193247819,100.0
1020,2,36.181176250596096,36.181176250596096,100.0
1030,0,44.30230600631937,44.30230600631937,100.0
1030,1,30.596587194572678,30.596587194572678,100.0
1030,2,25.101106799107953,25.101106799107953,100.0
1040,0,46.17089650968912,46.17089650968912,100.0
1040,1,34.18144670520434,34.18144670520434,100.0
1040,2,19.64765678510654,19.64765678510654,100.0
1050,0,30.261280861735752,30.261280861735752,100.0
1050,1,49.74853698232595,49.74853698232595,100.0
1050,2,19.990182155938296,19.990182155938296,100.0
1060,0,23.30487131511495,23.30487131511495,100.0
1060,1,36.46494417835697,36.46494417835697,100.0
1060,2,40.23018450652808,40.23018450652808,100.0
1070,0,36.87601787130795,36.87601787130795,100.0
1070,1,41.00161748475158,41.00161748475158,100.0
1070,2,22.12236464394047,22.12236464394047,100.0
1080,0,36.31792519253221,36.31792519253221,100.0
1080,1,44.52341901329425,44.52341901329425,100.0
1080,2,19.15865579417355,19.15865579417355,100.0
1090,0,25.096879248717357,25.096879248717357,100.0
1090,1,48.18453859701858,48.18453859701858,100.0
1090,2,26.718582154264077,26.718582154264077,100.0
1100,0,39.954247404474025,39.954247404474025,100.0
1100,1,29.926605049129908,29.926605049129908,100.0
1100,2,30.119147546396068,30.119147546396068,100.0
1110,0,37.103255027336694,37.103255027336694,100.0
1110,1,29.581614695861713,29.581614695861713,100.0
1110,2,33.3151302768016,33.3151302768016,100.0
1120,0,30.55591840155163,30.55591840155163,100.0
1120,1,44.73095682394889,44.73095682394889,100.0
1120,2,24.713124774499484,24.713124774499484,100.0
1130,0,34.06654823343633,34.06654823343633,100.0
1130,1,41.66841685282367,41.66841685282367,100.0
1130,2,24.265034913740003,24.265034913740003,100.0
1140,0,24.326745876782653,24.326745876782653,100.0
1140,1,46.79908712553201,46.79908712553201,100.0
1140,2,28.874166997685336,28.874166997685336,100.0
1150,0,47.449967408190815,47.449967408190815,100.0
1150,1,28.695360196380616,28.695360196380616,100.0
1150,2,23.85467239542856,23.85467239542856,100.0
1160,0,35.655897723424395,35.655897723424395,100.0
1160,1,40.69882089328721,40.69882089328721,100.0
1160,2,23.64528138328839,23.64528138328839,100.0
1170,0,34.90052437511182,34.90052437511182,100.0
1170,1,37.00756341278459,37.00756341278459,100.0
1170,2,28.091912212103587,28.091912212103587,100.0
1180,0,28.951015206164733,28.951015206164733,100.0
1180,1,49.86729683685439,49.86729683685439,100.0
1180,2,21.18168795698088,21.18168795698088,100.0
1190,0,37.56521631358659,37.56521631358659,100.0
1190,1,29.057633196714107,29.057633196714107,100.0
1190,2,33.377150489699304,33.377150489699304,100.0
1200,0,35.72138051395194,35.72138051395194,100.0
1200,1,37.98672674392968,37.98672674392968,100.0
1200,2,26.291892742118385,26.291892742118385,100.0
1210,0,40.913664657383706,40.913664657383706,100.0
1210,1,28.388196725022585,28.388196725022585,100.0
1210,2,30.698138617593713,30.698138617593713,100.0
1220,0,28.111126507220263,28.111126507220263,100.0
1220,1,49.919865437672115,49.919865437672115,100.0
1220,2,21.96900805510762,21.96900805510762,100.0
1230,0,41.45276291989186,41.45276291989186,100.0
1230,1,37.63315492403213,37.63315492403213,100.0
1230,2,20.91408215607602,20.91408215607602,100.0
1240,0,24.43616930344946,24.43616930344946,100.0
1240,1,35.611651404426794,35.611651404426794,100.0
1240,2,39.95217929212375,39.95217929212375,100.0
1250,0,23.800061961384092,23.800061961384092,100.0
1250,1,44.88098947030175,44.88098947030175,100.0
1250,2,31.31894856831416,31.31894856831416,100.0
1260,0,47.18463525635577,47.18463525635577,100.0
1260,1,30.78692389312548,30.78692389312548,100.0
1260,2,22.02844085051876,22.02844085051876,100.0
1270,0,35.126285275836004,35.126285275836004,100.0
1270,1,32.24601966463552,32.24601966463552,100.0
1270,2,32.62769505952849,32.62769505952849,100.0
1280,0,32.67045373106896,32.67045373106896,100.0
1280,1,36.35397908784487,36.35397908784487,100.0
1280,2,30.975567181086184,30.975567181086184,100.0
1290,0,49.80585948384414,49.80585948384414,100.0
1290,1,30.03653628992321,30.03653628992321,100.0
1290,2,20.157604226232653,20.157604226232653,100.0
1300,0,29.47460743749786,29.47460743749786,100.0
1300,1,35.47628402615742,35.47628402615742,100.0
1300,2,35.04910853634472,35.04910853634472,100.0
1310,0,39.26775885151659,39.26775885151659,100.0
1310,1,43.29640314941878,43.29640314941878,100.0
1310,2,17.435837999064628,17.435837999064628,100.0
1320,0,49.305551117894666,49.305551117894666,100.0
1320,1,26.758546903796127,26.758546903796127,100.0
1320,2,23.93590197830921,23.93590197830921,100.0
1330,0,24.87034393483264,24.87034393483264,100.0
1330,1,34.478604080268866,34.478604080268866,100.0
1330,2,40.65105198489849,40.65105198489849,100.0
1340,0,38.88725832355186,38.88725832355186,100.0
1340,1,37.456954501001455,37.456954501001455,100.0
1340,2,23.655787175446676,23.655787175446676,100.0
1350,0,30.389482834056352,30.389482834056352,100.0
1350,1,25.147525463347858,25.147525463347858,100.0
1350,2,44.46299170259579,44.46299170259579,100.0
1360,0,24.237726643953277,24.237726643953277,100.0
1360,1,43.791754224355536,43.791754224355536,100.0
1360,2,31.970519131691184,31.970519131691184,100.0
1370,0,28.27566508027757,28.27566508027757,100.0
1370,1,52.933575880790094,52.933575880790094,100.0
1370,2,18.790759038932343,18.790759038932343,100.0
1380,0,32.89426715595047,32.89426715595047,100.0
1380,1,33.68919559014159,33.68919559014159,100.0
1380,2,33.41653725390795,33.41653725390795,100.0
1390,0,25.65686191171196,25.65686191171196,100.0
1390,1,41.48557122526674,41.48557122526674,100.0
1390,2,32.85756686302131,32.85756686302131,100.0
1400,0,41.53755792713144,41.53755792713144,100.0
1400,1,39.16791850870444,39.16791850870444,100.0
1400,2,19.29452356416412,19.29452356416412,100.0
1410,0,30.329225701692188,30.329225701692188,100.0
1410,1,33.48514219526164,33.48514219526164,100.0
1410,2,36.185632103046174,36.185632103046174,100.0
1420,0,24.772084256798486,24.772084256798486,100.0
1420,1,28.694393296388192,28.694393296388192,100.0
1420,2,46.53352244681332,46.53352244681332,100.0
1430,0,30.966761793737618,30.966761793737618,100.0
1430,1,41.250194336805514,41.250194336805514,100.0
1430,2,27.78304386945687,27.78304386945687,100.0
1440,0,20.987883531294052,20.987883531294052,100.0
1440,1,46.653950919241794,46.653950919241794,100.0
1440,2,32.35816554946416,32.35816554946416,100.0
1450,0,24.90501088598877,24.90501088598877,100.0
1450,1,30.809551385960777,30.809551385960777,100.0
1450,2,44.28543772805045,44.28543772805045,100.0
1460,0,24.360059630104843,24.360059630104843,100.0
1460,1,51.47211066715869,51.47211066715869,100.0
1460,2,24.16782970273647,24.16782970273647,100.0
1470,0,43.37828553719465,43.37828553719465,100.0
1470,1,35.56953092777292,35.56953092777292,100.0
1470,2,21.052183535032427,21.052183535032427,100.0
1480,0,26.23479951597271,26.23479951597271,100.0
1480,1,38.307410475358814,38.307410475358814,100.0
1480,2,35.45779000866847,35.45779000866847,100.0
1490,0,34.311436189736156,34.311436189736156,100.0
1490,1,25.161892519434296,25.161892519434296,100.0
1490,2,40.52667129082954,40.52667129082954,100.0
1500,0,40.92800907270414,40.92800907270414,100.0
1500,1,39.219198027338365,39.219198027338365,100.0
1500,2,19.85279289995749,19.85279289995749,100.0
