timestamp,sliceId,dedicatedPRB,minPRB,maxPRB
510,0,43.86626238745181,43.86626238745181,100.0
510,1,24.334288210740493,24.334288210740493,100.0
510,2,31.79944940180769,31.79944940180769,100.0
520,0,35.72644137229003,35.72644137229003,100.0
520,1,30.23067961145359,30.23067961145359,100.0
520,2,34.042879016256386,34.042879016256386,100.0
530,0,34.89133447266357,34.89133447266357,100.0
530,1,31.047537277715996,31.047537277715996,100.0
530,2,34.06112824962043,34.06112824962043,100.0
540,0,35.15489118649668,35.15489118649668,100.0
540,1,27.667732986048076,27.667732986048076,100.0
540,2,37.17737582745525,37.17737582745525,100.0
550,0,44.62481105246048,44.62481105246048,100.0
550,1,30.92197633355794,30.92197633355794,100.0
550,2,24.453212613981584,24.453212613981584,100.0
560,0,37.20541215580663,37.20541215580663,100.0
560,1,30.015667000612407,30.015667000612407,100.0
560,2,32.77892084358096,32.77892084358096,100.0
570,0,36.79833941664925,36.79833941664925,100.0
570,1,39.28958029501338,39.28958029501338,100.0
570,2,23.912080288337368,23.912080288337368,100.0
580,0,28.366243663458796,28.366243663458796,100.0
580,1,29.97169458833489,29.97169458833489,100.0
580,2,41.66206174820631,41.66206174820631,100.0
590,0,43.58934050538007,43.58934050538007,100.0
590,1,37.220393158327404,37.220393158327404,100.0
590,2,19.190266336292535,19.190266336292535,100.0
600,0,35.11936545629828,35.11936545629828,100.0
600,1,44.53637991489663,44.53637991489663,100.0
600,2,20.344254628805086,20.344254628805086,100.0
610,0,26.484423581806283,26.484423581806283,100.0
610,1,47.421036843415834,47.421036843415834,100.0
610,2,26.094539574777887,26.094539574777887,100.0
620,0,42.93486039821144,42.93486039821144,100.0
620,1,36.78468944350847,36.78468944350847,100.0
620,2,20.280450158280104,20.280450158280104,100.0
630,0,31.574310871787514,31.574310871787514,100.0
630,1,34.98821854753793,34.98821854753793,100.0
630,2,33.43747058067456,33.43747058067456,100.0
640,0,25.08133178696098,25.08133178696098,100.0
640,1,54.38644221613782,54.38644221613782,100.0
640,2,20.532225996901193,20.532225996901193,100.0
650,0,39.043008314569214,39.043008314569214,100.0
650,1,32.93480600239785,32.93480600239785,100.0
650,2,28.02218568303294,28.02218568303294,100.0
660,0,38.94164917018535,38.94164917018535,100.0
660,1,35.07732071951693,35.07732071951693,100.0
660,2,25.981030110297716,25.981030110297716,100.0
670,0,38.84468590801971,38.84468590801971,100.0
670,1,31.94679533180015,31.94679533180015,100.0
670,2,29.20851876018015,29.20851876018015,100.0
680,0,38.601407402071864,38.601407402071864,100.0
680,1,33.28975280121343,33.28975280121343,100.0
680,2,28.1088397967147,28.1088397967147,100.0
690,0,26.259550824563316,26.259550824563316,100.0
690,1,38.284597242202025,38.284597242202025,100.0
690,2,35.45585193323466,35.45585193323466,100.0
700,0,26.001962047386932,26.001962047386932,100.0
700,1,33.876627493434,33.876627493434,100.0
700,2,40.12141045917907,40.12141045917907,100.0
710,0,46.713952621157276,46.713952621157276,100.0
710,1,24.61251826830878,24.61251826830878,100.0
710,2,28.673529110533945,28.673529110533945,100.0
720,0,22.170536462480428,22.170536462480428,100.0
720,1,51.684323937359856,51.684323937359856,100.0
720,2,26.145139600159716,26.145139600159716,100.0
730,0,34.55666848056793,34.55666848056793,100.0
730,1,43.437472626255335,43.437472626255335,100.0
730,2,22.00585889317673,22.00585889317673,100.0
740,0,39.64372619076932,39.64372619076932,100.0
740,1,41.11925981480431,41.11925981480431,100.0
740,2,19.23701399442638,19.23701399442638,100.0
750,0,38.42250373395128,38.42250373395128,100.0
750,1,36.54011165450012,36.54011165450012,100.0
750,2,25.037384611548596,25.037384611548596,100.0
760,0,32.00972020837644,32.00972020837644,100.0
760,1,45.89429155088578,45.89429155088578,100.0
760,2,22.09598824073778,22.09598824073778,100.0
770,0,25.379213475031797,25.379213475031797,100.0
770,1,46.31045560393048,46.31045560393048,100.0
770,2,28.310330921037735,28.310330921037735,100.0
780,0,35.11744703348746,35.11744703348746,100.0
780,1,45.02950773759658,45.02950773759658,100.0
780,2,19.853045228915967,19.853045228915967,100.0
790,0,26.983698509317694,26.983698509317694,100.0
790,1,49.05134565445379,49.05134565445379,100.0
790,2,23.964955836228523,23.964955836228523,100.0
800,0,27.592506729068777,27.592506729068777,100.0
800,1,37.416444125894465,37.416444125894465,100.0
800,2,34.991049145036754,34.991049145036754,100.0
810,0,24.059149635376393,24.059149635376393,100.0
810,1,50.43626663975845,50.43626663975845,100.0
810,2,25.50458372486516,25.50458372486516,100.0
820,0,28.78158602568892,28.78158602568892,100.0
820,1,39.135669138732496,39.135669138732496,100.0
820,2,32.08274483557858,32.08274483557858,100.0
830,0,30.44062751963746,30.44062751963746,100.0
830,1,48.50754234156776,48.50754234156776,100.0
830,2,21.051830138794774,21.051830138794774,100.0
840,0,32.229494136206824,32.229494136206824,100.0
840,1,45.441964741951594,45.441964741951594,100.0
840,2,22.328541121841578,22.328541121841578,100.0
850,0,30.02824420253041,30.02824420253041,100.0
850,1,35.326265320046645,35.326265320046645,100.0
850,2,34.645490477422946,34.645490477422946,100.0
860,0,39.21985777025904,39.21985777025904,100.0
860,1,35.57298361998967,35.57298361998967,100.0
860,2,25.20715860975129,25.20715860975129,100.0
870,0,41.951993111086516,41.951993111086516,100.0
870,1,29.580002660847597,29.580002660847597,100.0
870,2,28.46800422806588,28.46800422806588,100.0
880,0,45.486497818045294,45.486497818045294,100.0
880,1,32.018315084366314,32.018315084366314,100.0
880,2,22.495187097588396,22.495187097588396,100.0
890,0,37.32944701757435,37.32944701757435,100.0
890,1,34.514145751568535,34.514145751568535,100.0
890,2,28.156407230857123,28.156407230857123,100.0
900,0,25.59963402730656,25.59963402730656,100.0
900,1,26.551332051076,26.551332051076,100.0
900,2,47.84903392161745,47.84903392161745,100.0
910,0,26.233082632681892,26.233082632681892,100.0
910,1,43.17443880941892,43.17443880941892,100.0
910,2,30.592478557899177,30.592478557899177,100.0
920,0,27.056765500434487,27.056765500434487,100.0
920,1,51.208124496175515,51.208124496175515,100.0
920,2,21.735110003389998,21.735110003389998,100.0
930,0,25.006294784908967,25.006294784908967,100.0
930,1,30.91989861143189,30.91989861143189,100.0
930,2,44.07380660365915,44.07380660365915,100.0
940,0,23.627634516293277,23.627634516293277,100.0
940,1,56.899559912868234,56.899559912868234,100.0
940,2,19.472805570838485,19.472805570838485,100.0
950,0,22.53288286455008,22.53288286455008,100.0
950,1,46.49537128745404,46.49537128745404,100.0
950,2,30.97174584799588,30.97174584799588,100.0
960,0,43.239743534764976,43.239743534764976,100.0
960,1,27.19186698210455,27.19186698210455,100.0
960,2,29.568389483130474,29.568389483130474,100.0
970,0,34.233839634836684,34.233839634836684,100.0
970,1,39.17433246621675,39.17433246621675,100.0
970,2,26.591827898946573,26.591827898946573,100.0
980,0,35.121187977418124,35.121187977418124,100.0
980,1,43.37499904332813,43.37499904332813,100.0
980,2,21.50381297925374,21.50381297925374,100.0
990,0,26.265680483535007,26.265680483535007,100.0
990,1,32.099355482298115,32.099355482298115,100.0
990,2,41.634964034166885,41.634964034166885,100.0
1000,0,27.90896317551511,27.90896317551511,100.0
1000,1,38.88664428397522,38.88664428397522,100.0
1000,2,33.20439254050967,33.20439254050967,100.0
1010,0,48.04484835471211,48.04484835471211,100.0
1010,1,27.79592205531614,27.79592205531614,100.0
1010,2,24.159229589971748,24.159229589971748,100.0
1020,0,31.07411235367867,31.07411235367867,100.0
1020,1,44.83346289395703,44.83346289395703,100.0
1020,2,24.092424752364302,24.092424752364302,100.0
1030,0,37.551121768255136,37.551121768255136,100.0
1030,1,33.10382804649498,33.10382804649498,100.0
1030,2,29.34505018524989,29.34505018524989,100.0
1040,0,21.9761633270309,21.9761633270309,100.0
1040,1,33.596863991707124,33.596863991707124,100.0
1040,2,44.42697268126198,44.42697268126198,100.0
1050,0,22.788736483621346,22.788736483621346,100.0
1050,1,41.993069107268404,41.993069107268404,100.0
1050,2,35.21819440911025,35.21819440911025,100.0
1060,0,22.23154860860726,22.23154860860726,100.0
1060,1,54.38320626281187,54.38320626281187,100.0
1060,2,23.385245128580877,23.385245128580877,100.0
1070,0,24.659205294429597,24.659205294429597,100.0
1070,1,38.25536957881818,38.25536957881818,100.0
1070,2,37.08542512675221,37.08542512675221,100.0
1080,0,22.051218874486317,22.051218874486317,100.0
1080,1,37.76217119290693,37.76217119290693,100.0
1080,2,40.18660993260676,40.18660993260676,100.0
1090,0,43.4470901942891,43.4470901942891,100.0
1090,1,29.8704498737374,29.8704498737374,100.0
1090,2,26.68245993197349,26.68245993197349,100.0
1100,0,40.51966753667227,40.51966753667227,100.0
1100,1,40.73566869234045,40.73566869234045,100.0
1100,2,18.744663770987284,18.744663770987284,100.0
1110,0,33.26550346531791,33.26550346531791,100.0
1110,1,31.804078453148055,31.804078453148055,100.0
1110,2,34.930418081534036,34.930418081534036,100.0
1120,0,40.00646491918701,40.00646491918701,100.0
1120,1,35.26994142576697,35.26994142576697,100.0
1120,2,24.723593655046013,24.723593655046013,100.0
1130,0,44.22278688716305,44.22278688716305,100.0
1130,1,29.805049519963916,29.805049519963916,100.0
1130,2,25.97216359287303,25.97216359287303,100.0
1140,0,37.30394575116589,37.30394575116589,100.0
1140,1,38.60740252442103,38.60740252442103,100.0
1140,2,24.08865172441308,24.08865172441308,100.0
1150,0,32.40457385507164,32.40457385507164,100.0
1150,1,37.86841900606309,37.86841900606309,100.0
1150,2,29.727007138865268,29.727007138865268,100.0
1160,0,40.22344955171776,40.22344955171776,100.0
1160,1,31.561691663264952,31.561691663264952,100.0
1160,2,28.2148587850173,28.2148587850173,100.0
1170,0,29.235520802194827,29.235520802194827,100.0
1170,1,26.047969622405105,26.047969622405105,100.0
1170,2,44.716509575400075,44.716509575400075,100.0
1180,0,27.38244714220991,27.38244714220991,100.0
1180,1,49.74121532479504,49.74121532479504,100.0
1180,2,22.87633753299505,22.87633753299505,100.0
1190,0,42.3610007350119,42.3610007350119,100.0
1190,1,27.759323090303294,27.759323090303294,100.0
1190,2,29.87967617468481,29.87967617468481,100.0
1200,0,52.107100071394626,52.107100071394626,100.0
1200,1,26.966752125228506,26.966752125228506,100.0
1200,2,20.926147803376864,20.926147803376864,100.0
1210,0,40.147372834935666,40.147372834935666,100.0
1210,1,40.57640916712996,40.57640916712996,100.0
1210,2,19.27621799793437,19.27621799793437,100.0
1220,0,28.346616612577474,28.346616612577474,100.0
1220,1,40.32091159263846,40.32091159263846,100.0
1220,2,31.332471794784066,31.332471794784066,100.0
1230,0,33.840717680967394,33.840717680967394,100.0
1230,1,32.32074850986545,32.32074850986545,100.0
1230,2,33.83853380916716,33.83853380916716,100.0
1240,0,26.331658563674814,26.331658563674814,100.0
1240,1,34.771539283402255,34.771539283402255,100.0
1240,2,38.896802152922945,38.896802152922945,100.0
1250,0,32.582491112092846,32.582491112092846,100.0
1250,1,37.66523366341892,37.66523366341892,100.0
1250,2,29.752275224488233,29.752275224488233,100.0
1260,0,37.56853700450904,37.56853700450904,100.0
1260,1,31.53644011748899,31.53644011748899,100.0
1260,2,30.895022878001978,30.895022878001978,100.0
1270,0,44.3399024782118,44.3399024782118,100.0
1270,1,36.073428696125816,36.073428696125816,100.0
1270,2,19.586668825662386,19.586668825662386,100.0
1280,0,37.776587162718876,37.776587162718876,100.0
1280,1,43.31777090800423,43.31777090800423,100.0
1280,2,18.9056419292769,18.9056419292769,100.0
1290,0,37.00101795336943,37.00101795336943,100.0
1290,1,32.983820316063536,32.983820316063536,100.0
1290,2,30.015161730567037,30.015161730567037,100.0
1300,0,30.568840367680643,30.568840367680643,100.0
1300,1,31.59242873895908,31.59242873895908,100.0
1300,2,37.83873089336028,37.83873089336028,100.0
1310,0,30.97594231756292,30.97594231756292,100.0
1310,1,28.983731837075222,28.983731837075222,100.0
1310,2,40.040325845361856,40.040325845361856,100.0
1320,0,30.32741474436895,30.32741474436895,100.0
1320,1,35.50115945436678,35.50115945436678,100.0
1320,2,34.171425801264284,34.171425801264284,100.0
1330,0,39.95923629098693,39.95923629098693,100.0
1330,1,42.07814587100921,42.07814587100921,100.0
1330,2,17.96261783800385,17.96261783800385,100.0
1340,0,29.020997920700058,29.020997920700058,100.0
1340,1,29.37425322303371,29.37425322303371,100.0
1340,2,41.60474885626624,41.60474885626624,100.0
1350,0,42.69322670969048,42.69322670969048,100.0
1350,1,27.6001614149524,27.6001614149524,100.0
1350,2,29.706611875357126,29.706611875357126,100.0
1360,0,20.897586498102438,20.897586498102438,100.0
1360,1,43.57720325656574,43.57720325656574,100.0
1360,2,35.52521024533182,35.52521024533182,100.0
1370,0,32.982991987466804,32.982991987466804,100.0
1370,1,42.880459113710465,42.880459113710465,100.0
1370,2,24.13654889882273,24.13654889882273,100.0
1380,0,28.535324289957035,28.535324289957035,100.0
1380,1,31.089637639648473,31.089637639648473,100.0
1380,2,40.37503807039449,40.37503807039449,100.0
1390,0,34.80171913743092,34.80171913743092,100.0
1390,1,38.44972965092077,38.44972965092077,100.0
1390,2,26.7485512116483,26.7485512116483,100.0
1400,0,34.58883330254231,34.58883330254231,100.0
1400,1,28.47129243407094,28.47129243407094,100.0
1400,2,36.93987426338674,36.93987426338674,100.0
1410,0,40.34221073166816,40.34221073166816,100.0
1410,1,29.82763946228385,29.82763946228385,100.0
1410,2,29.83014980604799,29.83014980604799,100.0
1420,0,41.71626516903804,41.71626516903804,100.0
1420,1,33.68207649007458,33.68207649007458,100.0
1420,2,24.601658340887393,24.601658340887393,100.0
1430,0,36.12652840547334,36.12652840547334,100.0
1430,1,25.436174859040218,25.436174859040218,100.0
1430,2,38.43729673548645,38.43729673548645,100.0
1440,0,21.346596160706582,21.346596160706582,100.0
1440,1,46.40320044132024,46.40320044132024,100.0
1440,2,32.25020339797318,32.25020339797318,100.0
1450,0,23.831595336923307,23.831595336923307,100.0
1450,1,49.523563498149855,49.523563498149855,100.0
1450,2,26.644841164926834,26.644841164926834,100.0
1460,0,25.87345832078639,25.87345832078639,100.0
1460,1,50.52533079689484,50.52533079689484,100.0
1460,2,23.601210882318775,23.601210882318775,100.0
1470,0,23.343872632155804,23.343872632155804,100.0
1470,1,40.25055433601404,40.25055433601404,100.0
1470,2,36.40557303183016,36.40557303183016,100.0
1480,0,47.738737505279715,47.738737505279715,100.0
1480,1,31.573763860197364,31.573763860197364,100.0
1480,2,20.687498634522928,20.687498634522928,100.0
1490,0,26.606599266222364,26.606599266222364,100.0
1490,1,43.69583046466945,43.69583046466945,100.0
1490,2,29.69757026910819,29.69757026910819,100.0
1500,0,39.82345140394386,39.82345140394386,100.0
1500,1,23.807807595046707,23.807807595046707,100.0
1500,2,36.36874100100943,36.36874100100943,100.0
