timestamp,sliceId,dedicatedPRB,minPRB,maxPRB
600,0,32.10156834814975,32.10156834814975,100.0
600,1,26.097884083668387,26.097884083668387,100.0
600,2,41.80054756818187,41.80054756818187,100.0
700,0,26.997968086436906,26.997968086436906,100.0
700,1,37.93712982994797,37.93712982994797,100.0
700,2,35.06490208361512,35.06490208361512,100.0
800,0,23.96789813408523,23.96789813408523,100.0
800,1,52.872338200982185,52.872338200982185,100.0
800,2,23.159763664932594,23.159763664932594,100.0
900,0,26.638246650263447,26.638246650263447,100.0
900,1,40.189924179457925,40.189924179457925,100.0
900,2,33.171829170278635,33.171829170278635,100.0
1000,0,31.41352469667904,31.41352469667904,100.0
1000,1,38.060378480387406,38.060378480387406,100.0
1000,2,30.526096822933553,30.526096822933553,100.0
1100,0,44.92721037034046,44.92721037034046,100.0
1100,1,29.12276782384974,29.12276782384974,100.0
1100,2,25.950021805809797,25.950021805809797,100.0
1200,0,34.19442492940237,34.19442492940237,100.0
1200,1,29.824963682446953,29.824963682446953,100.0
1200,2,35.98061138815068,35.98061138815068,100.0
1300,0,30.30753860779466,30.30753860779466,100.0
1300,1,39.452863666461354,39.452863666461354,100.0
1300,2,30.239597725743984,30.239597725743984,100.0
1400,0,34.24034744670443,34.24034744670443,100.0
1400,1,33.19646850818591,33.19646850818591,100.0
1400,2,32.56318404510966,32.56318404510966,100.0
1500,0,29.469107706581603,29.469107706581603,100.0
1500,1,37.816575674630585,37.816575674630585,100.0
1500,2,32.71431661878783,32.71431661878783,100.0
1600,0,28.93975011655556,28.93975011655556,100.0
1600,1,41.59122099280352,41.59122099280352,100.0
1600,2,29.46902889064092,29.46902889064092,100.0
1700,0,26.371075213055917,26.371075213055917,100.0
1700,1,30.084603308418224,30.084603308418224,100.0
1700,2,43.54432147852586,43.54432147852586,100.0
1800,0,25.418216609967292,25.418216609967292,100.0
1800,1,32.79302458120045,32.79302458120045,100.0
1800,2,41.78875880883226,41.78875880883226,100.0
1900,0,31.83048491586978,31.83048491586978,100.0
1900,1,39.13109992909954,39.13109992909954,100.0
1900,2,29.038415155030673,29.038415155030673,100.0
2000,0,35.77833940252502,35.77833940252502,100.0
2000,1,41.8495107582385,41.8495107582385,100.0
2000,2,22.37214983923648,22.37214983923648,100.0
2100,0,31.61391581612297,31.61391581612297,100.0
2100,1,30.79726208333057,30.79726208333057,100.0
2100,2,37.58882210054647,37.58882210054647,100.0
2200,0,33.217483888354835,33.217483888354835,100.0
2200,1,27.493998663438525,27.493998663438525,100.0
2200,2,39.28851744820664,39.28851744820664,100.0
2300,0,41.69141154460644,41.69141154460644,100.0
2300,1,38.05811869271814,38.05811869271814,100.0
2300,2,20.250469762675422,20.250469762675422,100.0
2400,0,27.842210947355785,27.842210947355785,100.0
2400,1,35.04456358647332,35.04456358647332,100.0
2400,2,37.11322546617089,37.11322546617089,100.0
2500,0,40.19599501758169,40.19599501758169,100.0
2500,1,24.596232246651418,24.596232246651418,100.0
2500,2,35.207772735766895,35.207772735766895,100.0
2600,0,38.767313078514555,38.767313078514555,100.0
2600,1,40.04793788077223,40.04793788077223,100.0
2600,2,21.184749040713207,21.184749040713207,100.0
2700,0,34.2048280555328,34.2048280555328,100.0
2700,1,28.26006036381386,28.26006036381386,100.0
2700,2,37.53511158065335,37.53511158065335,100.0
2800,0,45.27374317366885,45.27374317366885,100.0
2800,1,29.782067322683105,29.782067322683105,100.0
2800,2,24.944189503648058,24.944189503648058,100.0
2900,0,43.67964589201541,43.67964589201541,100.0
2900,1,27.53536705741166,27.53536705741166,100.0
2900,2,28.78498705057293,28.78498705057293,100.0
3000,0,27.947774911352184,27.947774911352184,100.0
3000,1,47.37407954016852,47.37407954016852,100.0
3000,2,24.678145548479286,24.678145548479286,100.0
3100,0,21.95877294368206,21.95877294368206,100.0
3100,1,43.510216543374256,43.510216543374256,100.0
3100,2,34.53101051294368,34.53101051294368,100.0
3200,0,36.77176261937936,36.77176261937936,100.0
3200,1,24.256291874118848,24.256291874118848,100.0
3200,2,38.9719455065018,38.9719455065018,100.0
3300,0,39.767368038240804,39.767368038240804,100.0
3300,1,31.558147997794865,31.558147997794865,100.0
3300,2,28.674483963964327,28.674483963964327,100.0
3400,0,40.299732564161026,40.299732564161026,100.0
3400,1,26.94738052834308,26.94738052834308,100.0
3400,2,32.752886907495906,32.752886907495906,100.0
3500,0,40.06750508727171,40.06750508727171,100.0
3500,1,29.287633899790666,29.287633899790666,100.0
3500,2,30.644861012937614,30.644861012937614,100.0
3600,0,27.402565175094495,27.402565175094495,100.0
3600,1,49.329183523564204,49.329183523564204,100.0
3600,2,23.268251301341298,23.268251301341298,100.0
3700,0,27.555538067241493,27.555538067241493,100.0
3700,1,34.50241537455431,34.50241537455431,100.0
3700,2,37.942046558204204,37.942046558204204,100.0
3800,0,48.08731008840084,48.08731008840084,100.0
3800,1,28.985752444217894,28.985752444217894,100.0
3800,2,22.926937467381265,22.926937467381265,100.0
3900,0,44.98814815398865,44.98814815398865,100.0
3900,1,30.572325091025576,30.572325091025576,100.0
3900,2,24.43952675498578,24.43952675498578,100.0
4000,0,37.28835821712355,37.28835821712355,100.0
4000,1,31.86547001064749,31.86547001064749,100.0
4000,2,30.84617177222896,30.84617177222896,100.0
4100,0,21.721942257250625,21.721942257250625,100.0
4100,1,49.58164304007441,49.58164304007441,100.0
4100,2,28.696414702674964,28.696414702674964,100.0
4200,0,24.868501540132492,24.868501540132492,100.0
4200,1,41.36618277976294,41.36618277976294,100.0
4200,2,33.76531568010457,33.76531568010457,100.0
4300,0,41.77885027573834,41.77885027573834,100.0
4300,1,39.138746833472105,39.138746833472105,100.0
4300,2,19.08240289078955,19.08240289078955,100.0
4400,0,38.331692944218496,38.331692944218496,100.0
4400,1,33.15368580628151,33.15368580628151,100.0
4400,2,28.514621249499996,28.514621249499996,100.0
4500,0,41.36051920305107,41.36051920305107,100.0
4500,1,37.28209487635334,37.28209487635334,100.0
4500,2,21.357385920595597,21.357385920595597,100.0
4600,0,44.8638549146101,44.8638549146101,100.0
4600,1,27.980501723142194,27.980501723142194,100.0
4600,2,27.155643362247705,27.155643362247705,100.0
4700,0,50.44656588216498,50.44656588216498,100.0
4700,1,27.95150237577957,27.95150237577957,100.0
4700,2,21.60193174205544,21.60193174205544,100.0
4800,0,28.848152608588318,28.848152608588318,100.0
4800,1,35.62406512542925,35.62406512542925,100.0
4800,2,35.52778226598245,35.52778226598245,100.0
4900,0,31.803962939554857,31.803962939554857,100.0
4900,1,42.256551861566535,42.256551861566535,100.0
4900,2,25.939485198878614,25.939485198878614,100.0
5000,0,25.625772065844245,25.625772065844245,100.0
5000,1,51.85799095897736,51.85799095897736,100.0
5000,2,22.516236975178405,22.516236975178405,100.0
5100,0,42.08167966791031,42.08167966791031,100.0
5100,1,36.78838798872993,36.78838798872993,100.0
5100,2,21.129932343359766,21.129932343359766,100.0
5200,0,23.8578316197414,23.8578316197414,100.0
5200,1,32.4585672253443,32.4585672253443,100.0
5200,2,43.68360115491431,43.68360115491431,100.0
5300,0,28.286284295841796,28.286284295841796,100.0
5300,1,28.344312354922717,28.344312354922717,100.0
5300,2,43.36940334923549,43.36940334923549,100.0
5400,0,27.812164968448094,27.812164968448094,100.0
5400,1,51.58328338722896,51.58328338722896,100.0
5400,2,20.604551644322942,20.604551644322942,100.0
5500,0,24.013517053146096,24.013517053146096,100.0
5500,1,53.90988155066042,53.90988155066042,100.0
5500,2,22.076601396193485,22.076601396193485,100.0
5600,0,44.48717036539136,44.48717036539136,100.0
5600,1,37.93727941151075,37.93727941151075,100.0
5600,2,17.575550223097892,17.575550223097892,100.0
5700,0,37.04264483191724,37.04264483191724,100.0
5700,1,38.37108779506945,38.37108779506945,100.0
5700,2,24.58626737301331,24.58626737301331,100.0
5800,0,50.58825935704097,50.58825935704097,100.0
5800,1,27.48206656454722,27.48206656454722,100.0
5800,2,21.929674078411825,21.929674078411825,100.0
5900,0,51.88095292463616,51.88095292463616,100.0
5900,1,28.246930762355827,28.246930762355827,100.0
5900,2,19.87211631300801,19.87211631300801,100.0
6000,0,34.541148476951165,34.541148476951165,100.0
6000,1,32.817811131053745,32.817811131053745,100.0
6000,2,32.64104039199509,32.64104039199509,100.0
6100,0,25.12821122857377,25.12821122857377,100.0
6100,1,33.89230260852466,33.89230260852466,100.0
6100,2,40.97948616290157,40.97948616290157,100.0
6200,0,40.325142947373074,40.325142947373074,100.0
6200,1,39.65370702799734,39.65370702799734,100.0
6200,2,20.02115002462959,20.02115002462959,100.0
6300,0,25.6006342664734,25.6006342664734,100.0
6300,1,36.3477706679021,36.3477706679021,100.0
6300,2,38.05159506562452,38.05159506562452,100.0
6400,0,47.37663186236459,47.37663186236459,100.0
6400,1,27.534566495439133,27.534566495439133,100.0
6400,2,25.08880164219628,25.08880164219628,100.0
6500,0,39.45181327720676,39.45181327720676,100.0
6500,1,35.286917404551026,35.286917404551026,100.0
6500,2,25.261269318242213,25.261269318242213,100.0
6600,0,28.993743744448658,28.993743744448658,100.0
6600,1,40.95283990887143,40.95283990887143,100.0
6600,2,30.053416346679914,30.053416346679914,100.0
6700,0,40.721011549598984,40.721011549598984,100.0
6700,1,25.65731721611582,25.65731721611582,100.0
6700,2,33.6216712342852,33.6216712342852,100.0
6800,0,42.278634714144864,42.278634714144864,100.0
6800,1,27.81062303093003,27.81062303093003,100.0
6800,2,29.910742254925104,29.910742254925104,100.0
6900,0,31.30600666346148,31.30600666346148,100.0
6900,1,37.516080999216214,37.516080999216214,100.0
6900,2,31.177912337322315,31.177912337322315,100.0
7000,0,29.579155822001074,29.579155822001074,100.0
7000,1,35.78044751772115,35.78044751772115,100.0
7000,2,34.64039666027779,34.64039666027779,100.0
7100,0,27.431010717817017,27.431010717817017,100.0
7100,1,27.373949147859328,27.373949147859328,100.0
7100,2,45.195040134323655,45.195040134323655,100.0
7200,0,33.75789121581575,33.75789121581575,100.0
7200,1,44.56388205098201,44.56388205098201,100.0
7200,2,21.678226733202248,21.678226733202248,100.0
7300,0,31.736524439048814,31.736524439048814,100.0
7300,1,45.65065509478586,45.65065509478586,100.0
7300,2,22.612820466165324,22.612820466165324,100.0
7400,0,46.75865800138211,46.75865800138211,100.0
7400,1,33.71727379818788,33.71727379818788,100.0
7400,2,19.524068200430005,19.524068200430005,100.0
7500,0,43.30587123357209,43.30587123357209,100.0
7500,1,32.57619990445354,32.57619990445354,100.0
7500,2,24.117928861974374,24.117928861974374,100.0
7600,0,25.43480989429498,25.43480989429498,100.0
7600,1,31.590673080665145,31.590673080665145,100.0
7600,2,42.97451702503987,42.97451702503987,100.0
7700,0,38.102006706774084,38.102006706774084,100.0
7700,1,25.377283162470977,25.377283162470977,100.0
7700,2,36.52071013075494,36.52071013075494,100.0
7800,0,23.52712316738363,23.52712316738363,100.0
7800,1,45.388393949790114,45.388393949790114,100.0
7800,2,31.084482882826265,31.084482882826265,100.0
7900,0,29.653128891590015,29.653128891590015,100.0
7900,1,49.33893519929609,49.33893519929609,100.0
7900,2,21.0079359091139,21.0079359091139,100.0
8000,0,50.949117467890325,50.949117467890325,100.0
8000,1,27.39197604048944,27.39197604048944,100.0
8000,2,21.65890649162023,21.65890649162023,100.0
8100,0,33.44490035105635,33.44490035105635,100.0
8100,1,36.71301984595411,36.71301984595411,100.0
8100,2,29.842079802989552,29.842079802989552,100.0
8200,0,24.249138306350275,24.249138306350275,100.0
8200,1,36.480863576520996,36.480863576520996,100.0
8200,2,39.269998117128736,39.269998117128736,100.0
8300,0,32.89801720820446,32.89801720820446,100.0
8300,1,36.86189110057027,36.86189110057027,100.0
8300,2,30.24009169122528,30.24009169122528,100.0
8400,0,25.228778418105303,25.228778418105303,100.0
8400,1,46.5793795012972,46.5793795012972,100.0
8400,2,28.191842080597507,28.191842080597507,100.0
8500,0,29.43890573230079,29.43890573230079,100.0
8500,1,51.80348994612489,51.80348994612489,100.0
8500,2,18.757604321574323,18.757604321574323,100.0
8600,0,21.70919851385056,21.70919851385056,100.0
8600,1,37.650527421676394,37.650527421676394,100.0
8600,2,40.640274064473054,40.640274064473054,100.0
8700,0,49.12718768191007,49.12718768191007,100.0
8700,1,32.44339355402314,32.44339355402314,100.0
8700,2,18.429418764066792,18.429418764066792,100.0
8800,0,39.315284799897434,39.315284799897434,100.0
8800,1,28.433592214651092,28.433592214651092,100.0
8800,2,32.25112298545147,32.25112298545147,100.0
8900,0,33.18148614476581,33.18148614476581,100.0
8900,1,35.644718671450306,35.644718671450306,100.0
8900,2,31.17379518378387,31.17379518378387,100.0
9000,0,31.6620298308544,31.6620298308544,100.0
9000,1,46.44266257529131,46.44266257529131,100.0
9000,2,21.895307593854298,21.895307593854298,100.0
9100,0,27.159912318603542,27.159912318603542,100.0
9100,1,26.135095154913124,26.135095154913124,100.0
9100,2,46.70499252648334,46.70499252648334,100.0
9200,0,26.455815788005697,26.455815788005697,100.0
9200,1,36.91689174186141,36.91689174186141,100.0
9200,2,36.627292470132886,36.627292470132886,100.0
9300,0,31.432949904275365,31.432949904275365,100.0
9300,1,36.51662640802642,36.51662640802642,100.0
9300,2,32.05042368769821,32.05042368769821,100.0
9400,0,28.23480061575085,28.23480061575085,100.0
9400,1,32.75095156926219,32.75095156926219,100.0
9400,2,39.01424781498695,39.01424781498695,100.0
9500,0,25.255779045177064,25.255779045177064,100.0
9500,1,32.18241297221844,32.18241297221844,100.0
9500,2,42.56180798260451,42.56180798260451,100.0
9600,0,29.58774717071461,29.58774717071461,100.0
9600,1,43.9113956511049,43.9113956511049,100.0
9600,2,26.5008571781805,26.5008571781805,100.0
9700,0,43.8490193216279,43.8490193216279,100.0
9700,1,24.904397401308547,24.904397401308547,100.0
9700,2,31.24658327706355,31.24658327706355,100.0
9800,0,35.48012650875321,35.48012650875321,100.0
9800,1,25.082818587972756,25.082818587972756,100.0
9800,2,39.43705490327404,39.43705490327404,100.0
9900,0,28.861520477445897,28.861520477445897,100.0
9900,1,40.08444435885635,40.08444435885635,100.0
9900,2,31.05403516369776,31.05403516369776,100.0
