timestamp,sliceId,dedicatedPRB,minPRB,maxPRB
510,0,36.85785582993859,36.85785582993859,100.0
510,1,37.98798374828637,37.98798374828637,100.0
510,2,25.15416042177504,25.15416042177504,100.0
520,0,34.63901290592002,34.63901290592002,100.0
520,1,25.986337185743242,25.986337185743242,100.0
520,2,39.37464990833674,39.37464990833674,100.0
530,0,35.707762632638385,35.707762632638385,100.0
530,1,38.70434021802842,38.70434021802842,100.0
530,2,25.587897149333187,25.587897149333187,100.0
540,0,24.719781929725173,24.719781929725173,100.0
540,1,51.977870069102636,51.977870069102636,100.0
540,2,23.302348001172184,23.302348001172184,100.0
550,0,43.017132262959656,43.017132262959656,100.0
550,1,38.52818917713805,38.52818917713805,100.0
550,2,18.454678559902288,18.454678559902288,100.0
560,0,31.283507900633943,31.283507900633943,100.0
560,1,27.197105265680634,27.197105265680634,100.0
560,2,41.519386833685424,41.519386833685424,100.0
570,0,26.84925301029389,26.84925301029389,100.0
570,1,39.82702824202631,39.82702824202631,100.0
570,2,33.323718747679806,33.323718747679806,100.0
580,0,40.76426325854676,40.76426325854676,100.0
580,1,24.283720022133572,24.283720022133572,100.0
580,2,34.95201671931967,34.95201671931967,100.0
590,0,39.72377529773385,39.72377529773385,100.0
590,1,31.566531923942186,31.566531923942186,100.0
590,2,28.709692778323966,28.709692778323966,100.0
600,0,29.507570466664447,29.507570466664447,100.0
600,1,37.418307075527544,37.418307075527544,100.0
600,2,33.07412245780801,33.07412245780801,100.0
610,0,37.46800167503445,37.46800167503445,100.0
610,1,32.10007242965525,32.10007242965525,100.0
610,2,30.431925895310297,30.431925895310297,100.0
620,0,32.867709186274716,32.867709186274716,100.0
620,1,35.58461827168514,35.58461827168514,100.0
620,2,31.547672542040157,31.547672542040157,100.0
630,0,38.67921421895755,38.67921421895755,100.0
630,1,28.015631083356585,28.015631083356585,100.0
630,2,33.30515469768587,33.30515469768587,100.0
640,0,40.64895858583174,40.64895858583174,100.0
640,1,40.048619655398205,40.048619655398205,100.0
640,2,19.302421758770056,19.302421758770056,100.0
650,0,29.92858985841766,29.92858985841766,100.0
650,1,34.47067338811527,34.47067338811527,100.0
650,2,35.600736753467075,35.600736753467075,100.0
660,0,48.37606733487927,48.37606733487927,100.0
660,1,31.657174086055278,31.657174086055278,100.0
660,2,19.966758579065445,19.966758579065445,100.0
670,0,25.73420367170313,25.73420367170313,100.0
670,1,52.83807139161093,52.83807139161093,100.0
670,2,21.42772493668593,21.42772493668593,100.0
680,0,24.839700639448548,24.839700639448548,100.0
680,1,51.31917423540332,51.31917423540332,100.0
680,2,23.841125125148118,23.841125125148118,100.0
690,0,22.691973548198305,22.691973548198305,100.0
690,1,34.135473836491926,34.135473836491926,100.0
690,2,43.17255261530977,43.17255261530977,100.0
700,0,25.71484143878169,25.71484143878169,100.0
700,1,41.10631312362164,41.10631312362164,100.0
700,2,33.178845437596685,33.178845437596685,100.0
710,0,23.564040715663197,23.564040715663197,100.0
710,1,51.17333595882467,51.17333595882467,100.0
710,2,25.262623325512134,25.262623325512134,100.0
720,0,27.9549208130097,27.9549208130097,100.0
720,1,31.675386627121377,31.675386627121377,100.0
720,2,40.36969255986893,40.36969255986893,100.0
730,0,39.49442859771901,39.49442859771901,100.0
730,1,28.848187465356133,28.848187465356133,100.0
730,2,31.657383936924855,31.657383936924855,100.0
740,0,21.11879902848032,21.11879902848032,100.0
740,1,46.64565696156291,46.64565696156291,100.0
740,2,32.23554400995676,32.23554400995676,100.0
750,0,36.1644017591539,36.1644017591539,100.0
750,1,31.99671244028878,31.99671244028878,100.0
750,2,31.838885800557325,31.838885800557325,100.0
760,0,24.283906735331907,24.283906735331907,100.0
760,1,52.6205950847806,52.6205950847806,100.0
760,2,23.095498179887503,23.095498179887503,100.0
770,0,41.261175336768176,41.261175336768176,100.0
770,1,41.37389295394943,41.37389295394943,100.0
770,2,17.364931709282395,17.364931709282395,100.0
780,0,24.40797427183665,24.40797427183665,100.0
780,1,31.973914636775476,31.973914636775476,100.0
780,2,43.61811109138787,43.61811109138787,100.0
790,0,24.34731664318833,24.34731664318833,100.0
790,1,46.80019207895707,46.80019207895707,100.0
790,2,28.852491277854604,28.852491277854604,100.0
800,0,37.86622699258947,37.86622699258947,100.0
800,1,39.49340889593221,39.49340889593221,100.0
800,2,22.640364111478316,22.640364111478316,100.0
810,0,24.792989409649994,24.792989409649994,100.0
810,1,40.294688608263215,40.294688608263215,100.0
810,2,34.912321982086794,34.912321982086794,100.0
820,0,25.345366154868504,25.345366154868504,100.0
820,1,33.43454630286132,33.43454630286132,100.0
820,2,41.22008754227018,41.22008754227018,100.0
830,0,43.16602389164541,43.16602389164541,100.0
830,1,36.74168748459486,36.74168748459486,100.0
830,2,20.092288623759718,20.092288623759718,100.0
840,0,29.78045955847769,29.78045955847769,100.0
840,1,38.42662206021765,38.42662206021765,100.0
840,2,31.79291838130466,31.79291838130466,100.0
850,0,36.88306129436511,36.88306129436511,100.0
850,1,34.27627768191981,34.27627768191981,100.0
850,2,28.840661023715075,28.840661023715075,100.0
860,0,27.23703837925826,27.23703837925826,100.0
860,1,37.606198327892464,37.606198327892464,100.0
860,2,35.156763292849284,35.156763292849284,100.0
870,0,23.684854492308006,23.684854492308006,100.0
870,1,26.957327880570524,26.957327880570524,100.0
870,2,49.35781762712147,49.35781762712147,100.0
880,0,29.660021619387795,29.660021619387795,100.0
880,1,44.178715335597786,44.178715335597786,100.0
880,2,26.161263045014422,26.161263045014422,100.0
890,0,32.61786675379182,32.61786675379182,100.0
890,1,36.55088717692113,36.55088717692113,100.0
890,2,30.83124606928705,30.83124606928705,100.0
900,0,38.93119472394082,38.93119472394082,100.0
900,1,28.06958652141418,28.06958652141418,100.0
900,2,32.999218754645,32.999218754645,100.0
910,0,44.039579081900925,44.039579081900925,100.0
910,1,30.45931603950236,30.45931603950236,100.0
910,2,25.501104878596713,25.501104878596713,100.0
920,0,26.15135803922857,26.15135803922857,100.0
920,1,38.042259887736144,38.042259887736144,100.0
920,2,35.80638207303528,35.80638207303528,100.0
930,0,27.981180591910682,27.981180591910682,100.0
930,1,51.0769168318822,51.0769168318822,100.0
930,2,20.941902576207113,20.941902576207113,100.0
940,0,29.780070519246028,29.780070519246028,100.0
940,1,34.60599366730763,34.60599366730763,100.0
940,2,35.613935813446346,35.613935813446346,100.0
950,0,25.107001653590387,25.107001653590387,100.0
950,1,36.13465105639643,36.13465105639643,100.0
950,2,38.758347290013184,38.758347290013184,100.0
960,0,37.28909356985518,37.28909356985518,100.0
960,1,37.81514444248339,37.81514444248339,100.0
960,2,24.89576198766144,24.89576198766144,100.0
970,0,28.951336425698713,28.951336425698713,100.0
970,1,35.89624491817231,35.89624491817231,100.0
970,2,35.15241865612899,35.15241865612899,100.0
980,0,30.769305708371377,30.769305708371377,100.0
980,1,45.520039512120185,45.520039512120185,100.0
980,2,23.71065477950844,23.71065477950844,100.0
990,0,29.55654534630806,29.55654534630806,100.0
990,1,49.38703452151635,49.38703452151635,100.0
990,2,21.05642013217559,21.05642013217559,100.0
1000,0,29.794652736062023,29.794652736062023,100.0
1000,1,30.200752152629484,30.200752152629484,100.0
1000,2,40.0045951113085,40.0045951113085,100.0
1010,0,32.47341362093387,32.47341362093387,100.0
1010,1,29.768374422992533,29.768374422992533,100.0
1010,2,37.7582119560736,37.7582119560736,100.0
1020,0,44.32826382779825,44.32826382779825,100.0
1020,1,27.756155854949753,27.756155854949753,100.0
1020,2,27.91558031725198,27.91558031725198,100.0
1030,0,27.835432513227655,27.835432513227655,100.0
1030,1,33.189872486458505,33.189872486458505,100.0
1030,2,38.974695000313844,38.974695000313844,100.0
1040,0,22.810862928944683,22.810862928944683,100.0
1040,1,33.79379101890614,33.79379101890614,100.0
1040,2,43.39534605214917,43.39534605214917,100.0
1050,0,37.97848851990842,37.97848851990842,100.0
1050,1,33.54533027684409,33.54533027684409,100.0
1050,2,28.476181203247496,28.476181203247496,100.0
1060,0,27.44649221811638,27.44649221811638,100.0
1060,1,31.74762128557594,31.74762128557594,100.0
1060,2,40.80588649630768,40.80588649630768,100.0
1070,0,23.068254096647266,23.068254096647266,100.0
1070,1,39.974093736663676,39.974093736663676,100.0
1070,2,36.95765216668905,36.95765216668905,100.0
1080,0,29.825122082218147,29.825122082218147,100.0
1080,1,38.301847857858924,38.301847857858924,100.0
1080,2,31.87303005992294,31.87303005992294,100.0
1090,0,28.42369787214402,28.42369787214402,100.0
1090,1,38.72037600276807,38.72037600276807,100.0
1090,2,32.85592612508791,32.85592612508791,100.0
1100,0,24.928326013167972,24.928326013167972,100.0
1100,1,50.41931904752768,50.41931904752768,100.0
1100,2,24.65235493930435,24.65235493930435,100.0
1110,0,25.947599420179866,25.947599420179866,100.0
1110,1,43.31386410706846,43.31386410706846,100.0
1110,2,30.738536472751665,30.738536472751665,100.0
1120,0,30.64674244566768,30.64674244566768,100.0
1120,1,49.45342241162585,49.45342241162585,100.0
1120,2,19.89983514270646,19.89983514270646,100.0
1130,0,25.007556873825553,25.007556873825553,100.0
1130,1,31.226019221626228,31.226019221626228,100.0
1130,2,43.76642390454821,43.76642390454821,100.0
1140,0,29.46152452428302,29.46152452428302,100.0
1140,1,33.75143355107145,33.75143355107145,100.0
1140,2,36.78704192464552,36.78704192464552,100.0
1150,0,29.099240876769876,29.099240876769876,100.0
1150,1,29.670524964960816,29.670524964960816,100.0
1150,2,41.230234158269305,41.230234158269305,100.0
1160,0,35.749659095250095,35.749659095250095,100.0
1160,1,37.496944278357574,37.496944278357574,100.0
1160,2,26.753396626392327,26.753396626392327,100.0
1170,0,36.256127149310814,36.256127149310814,100.0
1170,1,31.92502209804411,31.92502209804411,100.0
1170,2,31.818850752645076,31.818850752645076,100.0
1180,0,30.66000050127452,30.66000050127452,100.0
1180,1,41.75601739399541,41.75601739399541,100.0
1180,2,27.583982104730076,27.583982104730076,100.0
1190,0,29.238303255936103,29.238303255936103,100.0
1190,1,50.76493617110249,50.76493617110249,100.0
1190,2,19.99676057296141,19.99676057296141,100.0
1200,0,30.836751749730574,30.836751749730574,100.0
1200,1,48.095063610951414,48.095063610951414,100.0
1200,2,21.06818463931802,21.06818463931802,100.0
1210,0,25.882917761037277,25.882917761037277,100.0
1210,1,49.755504179436464,49.755504179436464,100.0
1210,2,24.361578059526256,24.361578059526256,100.0
1220,0,23.48238731075007,23.48238731075007,100.0
1220,1,38.93592490356894,38.93592490356894,100.0
1220,2,37.581687785681,37.581687785681,100.0
1230,0,33.815138520574195,33.815138520574195,100.0
1230,1,35.583600059404205,35.583600059404205,100.0
1230,2,30.601261420021597,30.601261420021597,100.0
1240,0,33.63708686011633,33.63708686011633,100.0
1240,1,34.13555498243681,34.13555498243681,100.0
1240,2,32.22735815744686,32.22735815744686,100.0
1250,0,36.189347045162364,36.189347045162364,100.0
1250,1,44.76106682924249,44.76106682924249,100.0
1250,2,19.049586125595148,19.049586125595148,100.0
1260,0,28.539783703793265,28.539783703793265,100.0
1260,1,30.18277281286565,30.18277281286565,100.0
1260,2,41.277443483341095,41.277443483341095,100.0
1270,0,31.725477601840673,31.725477601840673,100.0
1270,1,31.617141580972685,31.617141580972685,100.0
1270,2,36.65738081718665,36.65738081718665,100.0
1280,0,26.323275656507484,26.323275656507484,100.0
1280,1,52.03496156692884,52.03496156692884,100.0
1280,2,21.641762776563674,21.641762776563674,100.0
1290,0,28.702230737868316,28.702230737868316,100.0
1290,1,44.53165123103503,44.53165123103503,100.0
1290,2,26.766118031096653,26.766118031096653,100.0
1300,0,29.687099677380402,29.687099677380402,100.0
1300,1,42.45632468152865,42.45632468152865,100.0
1300,2,27.85657564109094,27.85657564109094,100.0
1310,0,41.935326382373006,41.935326382373006,100.0
1310,1,38.31345100070901,38.31345100070901,100.0
1310,2,19.751222616917996,19.751222616917996,100.0
1320,0,43.99042539001955,43.99042539001955,100.0
1320,1,30.436765041451828,30.436765041451828,100.0
1320,2,25.572809568528633,25.572809568528633,100.0
1330,0,22.570316769713486,22.570316769713486,100.0
1330,1,39.42246452074196,39.42246452074196,100.0
1330,2,38.007218709544546,38.007218709544546,100.0
1340,0,26.171867607763854,26.171867607763854,100.0
1340,1,46.018718953650556,46.018718953650556,100.0
1340,2,27.809413438585583,27.809413438585583,100.0
1350,0,36.974848679677166,36.974848679677166,100.0
1350,1,36.347408442841264,36.347408442841264,100.0
1350,2,26.67774287748158,26.67774287748158,100.0
1360,0,28.106331030131248,28.106331030131248,100.0
1360,1,37.056779422443135,37.056779422443135,100.0
1360,2,34.83688954742561,34.83688954742561,100.0
1370,0,41.33900221264671,41.33900221264671,100.0
1370,1,37.802839019006576,37.802839019006576,100.0
1370,2,20.858158768346712,20.858158768346712,100.0
1380,0,38.17705433601937,38.17705433601937,100.0
1380,1,35.64911983024484,35.64911983024484,100.0
1380,2,26.173825833735798,26.173825833735798,100.0
1390,0,48.72025904828229,48.72025904828229,100.0
1390,1,32.67856891739069,32.67856891739069,100.0
1390,2,18.60117203432702,18.60117203432702,100.0
1400,0,33.94380914999328,33.94380914999328,100.0
1400,1,44.765604477199616,44.765604477199616,100.0
1400,2,21.290586372807105,21.290586372807105,100.0
1410,0,24.005985156496443,24.005985156496443,100.0
1410,1,28.87304656424839,28.87304656424839,100.0
1410,2,47.12096827925517,47.12096827925517,100.0
1420,0,23.362186347904895,23.362186347904895,100.0
1420,1,32.62174946892624,32.62174946892624,100.0
1420,2,44.016064183168865,44.016064183168865,100.0
1430,0,29.10647039317609,29.10647039317609,100.0
1430,1,32.39800376809331,32.39800376809331,100.0
1430,2,38.49552583873061,38.49552583873061,100.0
1440,0,31.520974091139774,31.520974091139774,100.0
1440,1,27.820592929119282,27.820592929119282,100.0
1440,2,40.658432979740944,40.658432979740944,100.0
1450,0,23.545807877881888,23.545807877881888,100.0
1450,1,32.78173079036524,32.78173079036524,100.0
1450,2,43.672461331752885,43.672461331752885,100.0
1460,0,48.98475338081699,48.98475338081699,100.0
1460,1,29.958486067111927,29.958486067111927,100.0
1460,2,21.05676055207108,21.05676055207108,100.0
1470,0,34.30406005570314,34.30406005570314,100.0
1470,1,28.192981469574175,28.192981469574175,100.0
1470,2,37.50295847472269,37.50295847472269,100.0
1480,0,44.6102547676796,44.6102547676796,100.0
1480,1,25.107306817309528,25.107306817309528,100.0
1480,2,30.28243841501087,30.28243841501087,100.0
1490,0,37.84042820817164,37.84042820817164,100.0
1490,1,33.47340163763059,33.47340163763059,100.0
1490,2,28.686170154197775,28.686170154197775,100.0
1500,0,23.642521408171387,23.642521408171387,100.0
1500,1,43.86652981278581,43.86652981278581,100.0
1500,2,32.49094877904281,32.49094877904281,100.0
