timestamp,ueImsi,sliceId,dTxBytes,dRxBytes,plr,resourceSharePct,dLostPackets,throughputMbps,bufferBytes
560,1,0,24448,3056,87.50,40.93,14,2.4448,135900
560,2,0,24448,3056,87.50,40.93,14,2.4448,135900
560,3,0,24448,1528,93.75,40.93,15,1.2224,135970
560,4,0,24448,3056,87.50,40.93,14,2.4448,135865
560,5,0,24448,3056,87.50,40.93,14,2.4448,135864
560,6,1,780,624,20.00,32.69,2,0.4992,126
560,7,1,780,624,20.00,32.69,2,0.4992,87
560,8,1,780,624,20.00,32.69,2,0.4992,87
560,9,1,780,624,20.00,32.69,2,0.4992,126
560,10,1,780,624,20.00,32.69,2,0.4992,126
560,11,2,16000,640,96.00,26.39,120,0.5120,91247
560,12,2,16000,640,96.00,26.39,120,0.5120,91247
560,13,2,16000,640,96.00,26.39,120,0.5120,91247
560,14,2,16000,640,96.00,26.39,120,0.5120,91248
560,15,2,16000,640,96.00,26.39,120,0.5120,91306
560,16,2,16000,640,96.00,26.39,120,0.5120,91323
560,17,2,16000,640,96.00,26.39,120,0.5120,91232
560,18,2,16000,512,96.80,26.39,121,0.4096,91217
560,19,2,16000,512,96.80,26.39,121,0.4096,91212
560,20,2,16000,512,96.80,26.39,121,0.4096,91212
