timestamp,ueImsi,sliceId,dTxBytes,dRxBytes,plr,resourceSharePct,dLostPackets,throughputMbps,bufferBytes,dlBufferBytes,ulBufferBytes,macBufferBytes,congestionPct,lastDrlActionStatus
9900,1,0,128736,0,100.00,44.83,112,0.0000,1190563,56060,1190563,1246623,11.89,applied
9900,2,0,128736,46664,66.07,44.83,74,3.7331,1200005,56060,1200005,1256065,11.98,applied
9900,3,0,128736,97012,29.46,44.83,33,7.7610,1200005,56036,1200005,1256041,11.98,applied
9900,4,0,128736,0,100.00,44.83,112,0.0000,34,56036,34,56070,0.53,applied
9900,5,0,128736,0,100.00,44.83,112,0.0000,3914,56036,3914,59950,0.57,applied
9900,6,1,0,0,0.00,35.68,0,0.0000,34,0,34,34,0.00,applied
9900,7,1,0,0,0.00,35.68,0,0.0000,34,0,34,34,0.00,applied
9900,8,1,0,0,0.00,35.68,0,0.0000,34,0,34,34,0.00,applied
9900,9,1,0,0,0.00,35.68,0,0.0000,34,0,34,34,0.00,applied
9900,10,1,0,0,0.00,35.68,0,0.0000,34,0,34,34,0.00,applied
9900,11,1,0,0,0.00,35.68,0,0.0000,34,0,34,34,0.00,applied
9900,12,1,0,0,0.00,35.68,0,0.0000,34,0,34,34,0.00,applied
9900,13,1,0,0,0.00,35.68,0,0.0000,34,0,34,34,0.00,applied
9900,14,2,65200,940,90.00,19.49,45,0.0752,3452007,3452007,51,3452058,32.92,applied
9900,15,2,65200,0,100.00,19.49,50,0.0000,3451980,3451980,51,3452031,32.92,applied
9900,16,2,65200,752,92.00,19.49,46,0.0602,3452010,3452010,51,3452061,32.92,applied
9900,17,2,65200,0,100.00,19.49,50,0.0000,3453148,3453148,51,3453199,32.93,applied
9900,18,2,65200,0,100.00,19.49,50,0.0000,3451980,3451980,51,3452031,32.92,applied
