timestamp,sliceId,dedicatedPRB,minPRB,maxPRB
600,0,33.500047192432845,33.500047192432845,100.0
600,1,37.256013132914184,37.256013132914184,100.0
600,2,29.243939674652967,29.243939674652967,100.0
700,0,23.30919191354297,23.30919191354297,100.0
700,1,50.138997258621856,50.138997258621856,100.0
700,2,26.551810827835187,26.551810827835187,100.0
800,0,37.06972604399527,37.06972604399527,100.0
800,1,34.45158072503284,34.45158072503284,100.0
800,2,28.478693230971903,28.478693230971903,100.0
900,0,39.55907870160509,39.55907870160509,100.0
900,1,25.484713711037838,25.484713711037838,100.0
900,2,34.95620758735708,34.95620758735708,100.0
1000,0,37.301738022861606,37.301738022861606,100.0
1000,1,32.10512055946325,32.10512055946325,100.0
1000,2,30.59314141767514,30.59314141767514,100.0
1100,0,50.087322806819465,50.087322806819465,100.0
1100,1,27.77227235673227,27.77227235673227,100.0
1100,2,22.140404836448266,22.140404836448266,100.0
1200,0,23.6952181458577,23.6952181458577,100.0
1200,1,34.58705075767318,34.58705075767318,100.0
1200,2,41.717731096469116,41.717731096469116,100.0
1300,0,35.506536182548246,35.506536182548246,100.0
1300,1,27.778106705432513,27.778106705432513,100.0
1300,2,36.715357112019234,36.715357112019234,100.0
1400,0,27.03054934894026,27.03054934894026,100.0
1400,1,43.08537974392087,43.08537974392087,100.0
1400,2,29.884070907138867,29.884070907138867,100.0
1500,0,37.13676659832644,37.13676659832644,100.0
1500,1,39.520836985812444,39.520836985812444,100.0
1500,2,23.342396415861124,23.342396415861124,100.0
1600,0,30.744998973124876,30.744998973124876,100.0
1600,1,40.40313279275866,40.40313279275866,100.0
1600,2,28.851868234116463,28.851868234116463,100.0
1700,0,26.77494743718109,26.77494743718109,100.0
1700,1,49.79972303388862,49.79972303388862,100.0
1700,2,23.425329528930295,23.425329528930295,100.0
1800,0,25.50320565463141,25.50320565463141,100.0
1800,1,42.95945933753882,42.95945933753882,100.0
1800,2,31.53733500782977,31.53733500782977,100.0
1900,0,44.1160776711409,44.1160776711409,100.0
1900,1,28.066594496869758,28.066594496869758,100.0
1900,2,27.817327831989346,27.817327831989346,100.0
2000,0,32.84858281394478,32.84858281394478,100.0
2000,1,37.32372521732415,37.32372521732415,100.0
2000,2,29.827691968731067,29.827691968731067,100.0
2100,0,31.400913387150393,31.400913387150393,100.0
2100,1,40.530836042732446,40.530836042732446,100.0
2100,2,28.068250570117158,28.068250570117158,100.0
2200,0,53.11668360501831,53.11668360501831,100.0
2200,1,26.767777965276068,26.767777965276068,100.0
2200,2,20.115538429705623,20.115538429705623,100.0
2300,0,25.418203154199283,25.418203154199283,100.0
2300,1,42.739366020404354,42.739366020404354,100.0
2300,2,31.842430825396374,31.842430825396374,100.0
2400,0,24.934127315195667,24.934127315195667,100.0
2400,1,28.296050747219077,28.296050747219077,100.0
2400,2,46.76982193758525,46.76982193758525,100.0
2500,0,27.691237314970685,27.691237314970685,100.0
2500,1,47.46205313539965,47.46205313539965,100.0
2500,2,24.84670954962966,24.84670954962966,100.0
2600,0,44.94088190182113,44.94088190182113,100.0
2600,1,30.29255356562841,30.29255356562841,100.0
2600,2,24.76656453255046,24.76656453255046,100.0
2700,0,34.63738494315659,34.63738494315659,100.0
2700,1,31.08970764517427,31.08970764517427,100.0
2700,2,34.27290741166914,34.27290741166914,100.0
2800,0,22.932145503374166,22.932145503374166,100.0
2800,1,57.6572061629683,57.6572061629683,100.0
2800,2,19.410648333657534,19.410648333657534,100.0
2900,0,53.701277509153655,53.701277509153655,100.0
2900,1,26.641371060178592,26.641371060178592,100.0
2900,2,19.65735143066776,19.65735143066776,100.0
3000,0,39.64977900633413,39.64977900633413,100.0
3000,1,41.00633964338595,41.00633964338595,100.0
3000,2,19.343881350279933,19.343881350279933,100.0
3100,0,31.617630365212246,31.617630365212246,100.0
3100,1,31.80663014078975,31.80663014078975,100.0
3100,2,36.57573949399801,36.57573949399801,100.0
3200,0,46.37948559127722,46.37948559127722,100.0
3200,1,34.63570460721165,34.63570460721165,100.0
3200,2,18.98480980151112,18.98480980151112,100.0
3300,0,46.01604764675156,46.01604764675156,100.0
3300,1,32.782917870210106,32.782917870210106,100.0
3300,2,21.201034483038335,21.201034483038335,100.0
3400,0,36.248255217154295,36.248255217154295,100.0
3400,1,31.529965922237924,31.529965922237924,100.0
3400,2,32.22177886060778,32.22177886060778,100.0
3500,0,24.93724987922815,24.93724987922815,100.0
3500,1,28.839223181782287,28.839223181782287,100.0
3500,2,46.223526938989565,46.223526938989565,100.0
3600,0,50.98504825972173,50.98504825972173,100.0
3600,1,27.484031139558624,27.484031139558624,100.0
3600,2,21.53092060071965,21.53092060071965,100.0
3700,0,36.74486667262852,36.74486667262852,100.0
3700,1,33.17082130201073,33.17082130201073,100.0
3700,2,30.08431202536075,30.08431202536075,100.0
3800,0,28.54430957930827,28.54430957930827,100.0
3800,1,40.50977151648611,40.50977151648611,100.0
3800,2,30.945918904205627,30.945918904205627,100.0
3900,0,30.98578119531823,30.98578119531823,100.0
3900,1,37.30920681291866,37.30920681291866,100.0
3900,2,31.70501199176311,31.70501199176311,100.0
4000,0,32.9761999380786,32.9761999380786,100.0
4000,1,29.846189470341866,29.846189470341866,100.0
4000,2,37.17761059157953,37.17761059157953,100.0
4100,0,25.575762778961643,25.575762778961643,100.0
4100,1,35.41063989999187,35.41063989999187,100.0
4100,2,39.01359732104649,39.01359732104649,100.0
4200,0,42.298462713328504,42.298462713328504,100.0
4200,1,30.139815512380252,30.139815512380252,100.0
4200,2,27.561721774291243,27.561721774291243,100.0
4300,0,26.89805623840817,26.89805623840817,100.0
4300,1,32.397738234077536,32.397738234077536,100.0
4300,2,40.7042055275143,40.7042055275143,100.0
4400,0,50.68108904724705,50.68108904724705,100.0
4400,1,27.629992504421562,27.629992504421562,100.0
4400,2,21.688918448331385,21.688918448331385,100.0
4500,0,37.0513077457345,37.0513077457345,100.0
4500,1,37.36720067818157,37.36720067818157,100.0
4500,2,25.581491576083938,25.581491576083938,100.0
4600,0,32.38612047998619,32.38612047998619,100.0
4600,1,31.648573523612978,31.648573523612978,100.0
4600,2,35.96530599640083,35.96530599640083,100.0
4700,0,31.208565891433572,31.208565891433572,100.0
4700,1,49.45962868289829,49.45962868289829,100.0
4700,2,19.331805425668136,19.331805425668136,100.0
4800,0,45.065832654140095,45.065832654140095,100.0
4800,1,32.59547309046519,32.59547309046519,100.0
4800,2,22.338694255394714,22.338694255394714,100.0
4900,0,34.29562979164677,34.29562979164677,100.0
4900,1,46.88767853312924,46.88767853312924,100.0
4900,2,18.816691675224,18.816691675224,100.0
5000,0,29.091616505170443,29.091616505170443,100.0
5000,1,48.24609512983425,48.24609512983425,100.0
5000,2,22.66228836499531,22.66228836499531,100.0
5100,0,31.846202503676256,31.846202503676256,100.0
5100,1,25.79795223369298,25.79795223369298,100.0
5100,2,42.355845262630766,42.355845262630766,100.0
5200,0,30.3841489449323,30.3841489449323,100.0
5200,1,40.84058670598994,40.84058670598994,100.0
5200,2,28.775264349077755,28.775264349077755,100.0
5300,0,33.38818240587905,33.38818240587905,100.0
5300,1,24.44824977478493,24.44824977478493,100.0
5300,2,42.163567819336016,42.163567819336016,100.0
5400,0,44.09669253794015,44.09669253794015,100.0
5400,1,32.00476655149441,32.00476655149441,100.0
5400,2,23.898540910565437,23.898540910565437,100.0
5500,0,35.32818961710667,35.32818961710667,100.0
5500,1,31.46491960876274,31.46491960876274,100.0
5500,2,33.20689077413059,33.20689077413059,100.0
5600,0,34.088805341590565,34.088805341590565,100.0
5600,1,42.50102581165875,42.50102581165875,100.0
5600,2,23.410168846750683,23.410168846750683,100.0
5700,0,28.092595161272023,28.092595161272023,100.0
5700,1,50.2732039032342,50.2732039032342,100.0
5700,2,21.634200935493787,21.634200935493787,100.0
5800,0,49.304964598311535,49.304964598311535,100.0
5800,1,31.605267850061836,31.605267850061836,100.0
5800,2,19.08976755162663,19.08976755162663,100.0
5900,0,23.988673496084935,23.988673496084935,100.0
5900,1,54.871048901309564,54.871048901309564,100.0
5900,2,21.140277602605508,21.140277602605508,100.0
6000,0,47.45518069847317,47.45518069847317,100.0
6000,1,29.134363036685755,29.134363036685755,100.0
6000,2,23.410456264841073,23.410456264841073,100.0
6100,0,48.83922814878232,48.83922814878232,100.0
6100,1,31.296685558024695,31.296685558024695,100.0
6100,2,19.86408629319298,19.86408629319298,100.0
6200,0,29.811368765094535,29.811368765094535,100.0
6200,1,39.636240740408425,39.636240740408425,100.0
6200,2,30.55239049449704,30.55239049449704,100.0
6300,0,22.804402412612653,22.804402412612653,100.0
6300,1,31.766900172315033,31.766900172315033,100.0
6300,2,45.428697415072314,45.428697415072314,100.0
6400,0,23.946518993454617,23.946518993454617,100.0
6400,1,50.93613438287873,50.93613438287873,100.0
6400,2,25.117346623666663,25.117346623666663,100.0
6500,0,25.868041603734994,25.868041603734994,100.0
6500,1,37.87852222665129,37.87852222665129,100.0
6500,2,36.25343616961373,36.25343616961373,100.0
6600,0,26.067460252829534,26.067460252829534,100.0
6600,1,49.68693155105557,49.68693155105557,100.0
6600,2,24.245608196114894,24.245608196114894,100.0
6700,0,29.648313683948725,29.648313683948725,100.0
6700,1,40.539121761790426,40.539121761790426,100.0
6700,2,29.812564554260845,29.812564554260845,100.0
6800,0,22.531429326708924,22.531429326708924,100.0
6800,1,57.70932085203303,57.70932085203303,100.0
6800,2,19.759249821258056,19.759249821258056,100.0
6900,0,47.68694846549862,47.68694846549862,100.0
6900,1,28.697508380485836,28.697508380485836,100.0
6900,2,23.615543154015555,23.615543154015555,100.0
7000,0,44.22925729133747,44.22925729133747,100.0
7000,1,34.23975917622304,34.23975917622304,100.0
7000,2,21.53098353243949,21.53098353243949,100.0
7100,0,39.361967528267094,39.361967528267094,100.0
7100,1,40.29248372254918,40.29248372254918,100.0
7100,2,20.345548749183724,20.345548749183724,100.0
7200,0,42.57574516105738,42.57574516105738,100.0
7200,1,29.352148986950354,29.352148986950354,100.0
7200,2,28.07210585199227,28.07210585199227,100.0
7300,0,25.073783848841437,25.073783848841437,100.0
7300,1,51.449662297962576,51.449662297962576,100.0
7300,2,23.47655385319599,23.47655385319599,100.0
7400,0,25.28681372595575,25.28681372595575,100.0
7400,1,48.28927663519334,48.28927663519334,100.0
7400,2,26.42390963885091,26.42390963885091,100.0
7500,0,43.57369903624519,43.57369903624519,100.0
7500,1,30.54058644515599,30.54058644515599,100.0
7500,2,25.885714518598824,25.885714518598824,100.0
7600,0,45.474675505646346,45.474675505646346,100.0
7600,1,30.959846948383273,30.959846948383273,100.0
7600,2,23.565477545970385,23.565477545970385,100.0
7700,0,20.821955814969893,20.821955814969893,100.0
7700,1,42.51998212895604,42.51998212895604,100.0
7700,2,36.65806205607407,36.65806205607407,100.0
7800,0,21.840486966789623,21.840486966789623,100.0
7800,1,54.34814998218116,54.34814998218116,100.0
7800,2,23.811363051029215,23.811363051029215,100.0
7900,0,35.24291016096744,35.24291016096744,100.0
7900,1,37.96051359253399,37.96051359253399,100.0
7900,2,26.79657624649856,26.79657624649856,100.0
8000,0,37.56562978797567,37.56562978797567,100.0
8000,1,34.44558251175577,34.44558251175577,100.0
8000,2,27.98878770026856,27.98878770026856,100.0
8100,0,33.47362850904889,33.47362850904889,100.0
8100,1,44.015608739453754,44.015608739453754,100.0
8100,2,22.510762751497342,22.510762751497342,100.0
8200,0,36.065429658496114,36.065429658496114,100.0
8200,1,30.9916437402193,30.9916437402193,100.0
8200,2,32.942926601284576,32.942926601284576,100.0
8300,0,42.333030580711075,42.333030580711075,100.0
8300,1,34.81733659133176,34.81733659133176,100.0
8300,2,22.849632827957166,22.849632827957166,100.0
8400,0,23.78302342752793,23.78302342752793,100.0
8400,1,46.32851959391077,46.32851959391077,100.0
8400,2,29.888456978561294,29.888456978561294,100.0
8500,0,26.686783294736312,26.686783294736312,100.0
8500,1,41.36037283431953,41.36037283431953,100.0
8500,2,31.952843870944164,31.952843870944164,100.0
8600,0,23.44681231941311,23.44681231941311,100.0
8600,1,56.85320977839383,56.85320977839383,100.0
8600,2,19.699977902193062,19.699977902193062,100.0
8700,0,25.433284787217538,25.433284787217538,100.0
8700,1,25.163271508562303,25.163271508562303,100.0
8700,2,49.403443704220166,49.403443704220166,100.0
8800,0,24.053327328965207,24.053327328965207,100.0
8800,1,33.687127982791324,33.687127982791324,100.0
8800,2,42.25954468824347,42.25954468824347,100.0
8900,0,48.73417931614267,48.73417931614267,100.0
8900,1,25.276840011026895,25.276840011026895,100.0
8900,2,25.988980672830444,25.988980672830444,100.0
9000,0,44.93738119365366,44.93738119365366,100.0
9000,1,29.33444210982687,29.33444210982687,100.0
9000,2,25.728176696519473,25.728176696519473,100.0
9100,0,41.05498362094602,41.05498362094602,100.0
9100,1,27.14588334719713,27.14588334719713,100.0
9100,2,31.79913303185685,31.79913303185685,100.0
9200,0,27.625877857059113,27.625877857059113,100.0
9200,1,33.730124498045676,33.730124498045676,100.0
9200,2,38.64399764489521,38.64399764489521,100.0
9300,0,27.68246466313839,27.68246466313839,100.0
9300,1,48.4156006912207,48.4156006912207,100.0
9300,2,23.901934645640907,23.901934645640907,100.0
9400,0,23.350124680008804,23.350124680008804,100.0
9400,1,36.98501115290108,36.98501115290108,100.0
9400,2,39.664864167090116,39.664864167090116,100.0
9500,0,24.893601119747455,24.893601119747455,100.0
9500,1,41.55005086489649,41.55005086489649,100.0
9500,2,33.55634801535604,33.55634801535604,100.0
9600,0,42.686785363042944,42.686785363042944,100.0
9600,1,34.07400942839971,34.07400942839971,100.0
9600,2,23.23920520855735,23.23920520855735,100.0
9700,0,39.904123511239376,39.904123511239376,100.0
9700,1,34.91312977549802,34.91312977549802,100.0
9700,2,25.182746713262606,25.182746713262606,100.0
9800,0,28.40309506243083,28.40309506243083,100.0
9800,1,32.13798026607936,32.13798026607936,100.0
9800,2,39.45892467148981,39.45892467148981,100.0
9900,0,29.54113563662367,29.54113563662367,100.0
9900,1,41.99405979134186,41.99405979134186,100.0
9900,2,28.464804572034474,28.464804572034474,100.0
