timestamp,ueImsi,sliceId,dTxBytes,dRxBytes,plr,resourceSharePct,dLostPackets,throughputMbps,bufferBytes
1510,1,0,35144,29032,17.39,31.74,4,23.2256,261638
1510,2,0,35144,16808,52.17,31.74,12,13.4464,1558358
1510,3,1,1014,312,69.23,27.77,9,0.2496,87
1510,4,1,1014,936,7.69,27.77,1,0.7488,87
1510,5,2,256,0,100.00,40.50,2,0.0000,137
1510,6,2,256,256,0.00,40.50,0,0.2048,137
1510,7,2,256,256,0.00,40.50,0,0.2048,137
1510,8,2,256,0,100.00,40.50,2,0.0000,137
1510,9,2,256,0,100.00,40.50,2,0.0000,137
1510,10,2,256,256,0.00,40.50,0,0.2048,137
