timestamp,ueImsi,sliceId,dTxBytes,dRxBytes,plr,resourceSharePct,dLostPackets,throughputMbps,bufferBytes
1510,1,0,35144,35144,0.00,44.93,0,28.1152,766583
1510,2,0,35144,41256,0.00,44.93,0,33.0048,248551
1510,3,1,1014,702,30.77,29.26,4,0.5616,333
1510,4,1,1014,702,30.77,29.26,4,0.5616,333
1510,5,2,256,256,0.00,25.81,0,0.2048,47
1510,6,2,256,256,0.00,25.81,0,0.2048,39
1510,7,2,256,256,0.00,25.81,0,0.2048,39
1510,8,2,256,0,100.00,25.81,2,0.0000,137
1510,9,2,256,256,0.00,25.81,0,0.2048,39
1510,10,2,256,256,0.00,25.81,0,0.2048,39
