timestamp,sliceId,dedicatedPRB,minPRB,maxPRB
510,0,27.89801050847344,27.89801050847344,100.0
510,1,31.532386849186327,31.532386849186327,100.0
510,2,40.56960264234022,40.56960264234022,100.0
520,0,37.778520910632935,37.778520910632935,100.0
520,1,36.70988639623837,36.70988639623837,100.0
520,2,25.511592693128698,25.511592693128698,100.0
530,0,48.03897495907724,48.03897495907724,100.0
530,1,32.429875675144324,32.429875675144324,100.0
530,2,19.53114936577843,19.53114936577843,100.0
540,0,26.909045906666652,26.909045906666652,100.0
540,1,52.7997785498842,52.7997785498842,100.0
540,2,20.291175543449143,20.291175543449143,100.0
550,0,28.6211776688895,28.6211776688895,100.0
550,1,43.31404405448638,43.31404405448638,100.0
550,2,28.064778276624114,28.064778276624114,100.0
