timestamp,sliceId,dedicatedPRB,minPRB,maxPRB
510,0,27.449883493285082,27.449883493285082,100.0
510,1,31.505485932412824,31.505485932412824,100.0
510,2,41.04463057430209,41.04463057430209,100.0
520,0,23.327247815395562,23.327247815395562,100.0
520,1,40.46426921995209,40.46426921995209,100.0
520,2,36.208482964652354,36.208482964652354,100.0
530,0,29.908074409041163,29.908074409041163,100.0
530,1,37.818655951422144,37.818655951422144,100.0
530,2,32.27326963953669,32.27326963953669,100.0
540,0,25.330797228815516,25.330797228815516,100.0
540,1,34.246161324527655,34.246161324527655,100.0
540,2,40.423041446656825,40.423041446656825,100.0
550,0,55.60092085874211,55.60092085874211,100.0
550,1,25.60576350680716,25.60576350680716,100.0
550,2,18.793315634450735,18.793315634450735,100.0
560,0,23.76364801895912,23.76364801895912,100.0
560,1,35.39666084158022,35.39666084158022,100.0
560,2,40.83969113946066,40.83969113946066,100.0
570,0,39.3135787366521,39.3135787366521,100.0
570,1,43.52657448322276,43.52657448322276,100.0
570,2,17.159846780125147,17.159846780125147,100.0
580,0,27.387158784454073,27.387158784454073,100.0
580,1,45.34071515079355,45.34071515079355,100.0
580,2,27.27212606475237,27.27212606475237,100.0
590,0,43.626652159787014,43.626652159787014,100.0
590,1,35.458986342879925,35.458986342879925,100.0
590,2,20.91436149733307,20.91436149733307,100.0
