timestamp,sliceId,dedicatedPRB,minPRB,maxPRB
510,0,40.50175732305896,40.50175732305896,100.0
510,1,29.562838605542364,29.562838605542364,100.0
510,2,29.935404071398686,29.935404071398686,100.0
520,0,22.447741264284296,22.447741264284296,100.0
520,1,47.70137121260459,47.70137121260459,100.0
520,2,29.850887523111112,29.850887523111112,100.0
530,0,42.5363331992376,42.5363331992376,100.0
530,1,38.1505536856569,38.1505536856569,100.0
530,2,19.3131131151055,19.3131131151055,100.0
540,0,39.64880124307623,39.64880124307623,100.0
540,1,32.51632783891794,32.51632783891794,100.0
540,2,27.834870918005837,27.834870918005837,100.0
550,0,28.035688521168233,28.035688521168233,100.0
550,1,51.628441052864694,51.628441052864694,100.0
550,2,20.335870425967087,20.335870425967087,100.0
560,0,24.95147552625976,24.95147552625976,100.0
560,1,29.59716623755907,29.59716623755907,100.0
560,2,45.451358236181164,45.451358236181164,100.0
570,0,32.6980358487734,32.6980358487734,100.0
570,1,43.00563092561444,43.00563092561444,100.0
570,2,24.29633322561217,24.29633322561217,100.0
580,0,24.89183709379607,24.89183709379607,100.0
580,1,45.357267356205696,45.357267356205696,100.0
580,2,29.750895549998233,29.750895549998233,100.0
