timestamp,sliceId,dedicatedPRB,minPRB,maxPRB
510,0,34.10976804921301,34.10976804921301,100.0
510,1,25.320468046610888,25.320468046610888,100.0
510,2,40.56976390417611,40.56976390417611,100.0
520,0,29.503038186860902,29.503038186860902,100.0
520,1,44.06321727108673,44.06321727108673,100.0
520,2,26.433744542052377,26.433744542052377,100.0
530,0,31.328523775379246,31.328523775379246,100.0
530,1,43.357367902050356,43.357367902050356,100.0
530,2,25.314108322570394,25.314108322570394,100.0
540,0,44.042227354558804,44.042227354558804,100.0
540,1,30.674088711620417,30.674088711620417,100.0
540,2,25.28368393382078,25.28368393382078,100.0
550,0,38.91783192319288,38.91783192319288,100.0
550,1,43.16554717255113,43.16554717255113,100.0
550,2,17.916620904255993,17.916620904255993,100.0
