timestamp,sliceId,dedicatedPRB,minPRB,maxPRB
510,0,21.222889662354483,21.222889662354483,100.0
510,1,39.20464137304973,39.20464137304973,100.0
510,2,39.572468964595785,39.572468964595785,100.0
520,0,38.23021606136477,38.23021606136477,100.0
520,1,44.08095671403999,44.08095671403999,100.0
520,2,17.68882722459524,17.68882722459524,100.0
530,0,25.021768143462015,25.021768143462015,100.0
530,1,43.94485863287717,43.94485863287717,100.0
530,2,31.033373223660814,31.033373223660814,100.0
540,0,41.31829920723661,41.31829920723661,100.0
540,1,31.442535210368554,31.442535210368554,100.0
540,2,27.239165582394833,27.239165582394833,100.0
550,0,35.35169532886051,35.35169532886051,100.0
550,1,27.419830560046165,27.419830560046165,100.0
550,2,37.22847411109333,37.22847411109333,100.0
560,0,28.879972124613335,28.879972124613335,100.0
560,1,35.20429441028414,35.20429441028414,100.0
560,2,35.91573346510253,35.91573346510253,100.0
570,0,22.387380249378293,22.387380249378293,100.0
570,1,46.39222351232136,46.39222351232136,100.0
570,2,31.220396238300353,31.220396238300353,100.0
580,0,30.188179019935333,30.188179019935333,100.0
580,1,30.983718167543213,30.983718167543213,100.0
580,2,38.828102812521465,38.828102812521465,100.0
590,0,30.910919325616632,30.910919325616632,100.0
590,1,49.00887577440495,49.00887577440495,100.0
590,2,20.08020489997843,20.08020489997843,100.0
600,0,32.250317541923856,32.250317541923856,100.0
600,1,36.22563798664864,36.22563798664864,100.0
600,2,31.524044471427505,31.524044471427505,100.0
610,0,23.728630787975106,23.728630787975106,100.0
610,1,28.838883049762227,28.838883049762227,100.0
610,2,47.43248616226266,47.43248616226266,100.0
620,0,33.74917624413569,33.74917624413569,100.0
620,1,44.322148682803494,44.322148682803494,100.0
620,2,21.928675073060816,21.928675073060816,100.0
630,0,35.971060616056285,35.971060616056285,100.0
630,1,35.20290938194898,35.20290938194898,100.0
630,2,28.826030001994734,28.826030001994734,100.0
640,0,24.314362815385334,24.314362815385334,100.0
640,1,52.141075906872494,52.141075906872494,100.0
640,2,23.544561277742176,23.544561277742176,100.0
650,0,34.414956136043095,34.414956136043095,100.0
650,1,45.59671096418484,45.59671096418484,100.0
650,2,19.98833289977207,19.98833289977207,100.0
660,0,32.508204787205585,32.508204787205585,100.0
660,1,25.833445216303463,25.833445216303463,100.0
660,2,41.65834999649095,41.65834999649095,100.0
670,0,29.581474750028526,29.581474750028526,100.0
670,1,27.848360938204237,27.848360938204237,100.0
670,2,42.57016431176725,42.57016431176725,100.0
680,0,22.839750483969787,22.839750483969787,100.0
680,1,41.89847388221204,41.89847388221204,100.0
680,2,35.26177563381817,35.26177563381817,100.0
690,0,25.364691133834654,25.364691133834654,100.0
690,1,48.462110936563185,48.462110936563185,100.0
690,2,26.173197929602164,26.173197929602164,100.0
700,0,30.6759086596768,30.6759086596768,100.0
700,1,36.5116446764448,36.5116446764448,100.0
700,2,32.812446663878404,32.812446663878404,100.0
710,0,40.60011949264774,40.60011949264774,100.0
710,1,36.71120763533453,36.71120763533453,100.0
710,2,22.688672872017722,22.688672872017722,100.0
720,0,44.22158207440555,44.22158207440555,100.0
720,1,32.3886477323878,32.3886477323878,100.0
720,2,23.389770193206644,23.389770193206644,100.0
730,0,41.67726994731506,41.67726994731506,100.0
730,1,27.512293239455566,27.512293239455566,100.0
730,2,30.810436813229387,30.810436813229387,100.0
740,0,29.89301391120588,29.89301391120588,100.0
740,1,43.24729819303238,43.24729819303238,100.0
740,2,26.85968789576174,26.85968789576174,100.0
750,0,44.031432486481016,44.031432486481016,100.0
750,1,37.71620416111481,37.71620416111481,100.0
750,2,18.25236335240418,18.25236335240418,100.0
760,0,30.373197813071574,30.373197813071574,100.0
760,1,46.55207562019382,46.55207562019382,100.0
760,2,23.07472656673461,23.07472656673461,100.0
770,0,31.114812165256318,31.114812165256318,100.0
770,1,40.41902558546961,40.41902558546961,100.0
770,2,28.466162249274074,28.466162249274074,100.0
780,0,32.663769947818345,32.663769947818345,100.0
780,1,33.92805987470907,33.92805987470907,100.0
780,2,33.4081701774726,33.4081701774726,100.0
790,0,27.669671993756328,27.669671993756328,100.0
790,1,30.570474190390335,30.570474190390335,100.0
790,2,41.75985381585334,41.75985381585334,100.0
800,0,24.948925368260237,24.948925368260237,100.0
800,1,39.29715715508008,39.29715715508008,100.0
800,2,35.75391747665968,35.75391747665968,100.0
810,0,41.38998372671879,41.38998372671879,100.0
810,1,37.571103973861575,37.571103973861575,100.0
810,2,21.03891229941964,21.03891229941964,100.0
820,0,42.06211341941507,42.06211341941507,100.0
820,1,32.384178577248754,32.384178577248754,100.0
820,2,25.55370800333617,25.55370800333617,100.0
830,0,48.448456165804124,48.448456165804124,100.0
830,1,32.917785169139,32.917785169139,100.0
830,2,18.633758665056877,18.633758665056877,100.0
840,0,49.35222478269643,49.35222478269643,100.0
840,1,30.509978624222324,30.509978624222324,100.0
840,2,20.13779659308125,20.13779659308125,100.0
850,0,48.32613304479728,48.32613304479728,100.0
850,1,28.37348718932111,28.37348718932111,100.0
850,2,23.30037976588161,23.30037976588161,100.0
860,0,39.113197557261365,39.113197557261365,100.0
860,1,28.254661992176327,28.254661992176327,100.0
860,2,32.63214045056231,32.63214045056231,100.0
870,0,32.33782712354678,32.33782712354678,100.0
870,1,48.433397480139256,48.433397480139256,100.0
870,2,19.228775396313956,19.228775396313956,100.0
880,0,33.68564258956187,33.68564258956187,100.0
880,1,45.959669750559655,45.959669750559655,100.0
880,2,20.354687659878472,20.354687659878472,100.0
890,0,48.45919746124008,48.45919746124008,100.0
890,1,28.921666583132787,28.921666583132787,100.0
890,2,22.61913595562713,22.61913595562713,100.0
900,0,30.692240594363838,30.692240594363838,100.0
900,1,37.9262094969924,37.9262094969924,100.0
900,2,31.38154990864376,31.38154990864376,100.0
910,0,49.004608538882565,49.004608538882565,100.0
910,1,29.55894384047007,29.55894384047007,100.0
910,2,21.436447620647357,21.436447620647357,100.0
920,0,43.440160479357836,43.440160479357836,100.0
920,1,36.07262617964141,36.07262617964141,100.0
920,2,20.487213341000754,20.487213341000754,100.0
930,0,33.745529035271204,33.745529035271204,100.0
930,1,36.25871501591109,36.25871501591109,100.0
930,2,29.995755948817703,29.995755948817703,100.0
940,0,30.306168529662592,30.306168529662592,100.0
940,1,46.65355754016973,46.65355754016973,100.0
940,2,23.040273930167682,23.040273930167682,100.0
950,0,29.13081638345354,29.13081638345354,100.0
950,1,26.879302282337562,26.879302282337562,100.0
950,2,43.9898813342089,43.9898813342089,100.0
960,0,28.81167132127893,28.81167132127893,100.0
960,1,50.84020339175359,50.84020339175359,100.0
960,2,20.348125286967473,20.348125286967473,100.0
970,0,37.36060592815004,37.36060592815004,100.0
970,1,29.090654075216815,29.090654075216815,100.0
970,2,33.548739996633145,33.548739996633145,100.0
980,0,24.572113404760458,24.572113404760458,100.0
980,1,38.61007798939329,38.61007798939329,100.0
980,2,36.81780860584627,36.81780860584627,100.0
990,0,32.61586157554422,32.61586157554422,100.0
990,1,47.426021154310725,47.426021154310725,100.0
990,2,19.95811727014505,19.95811727014505,100.0
1000,0,24.49931172318921,24.49931172318921,100.0
1000,1,38.57712418962615,38.57712418962615,100.0
1000,2,36.92356408718464,36.92356408718464,100.0
1010,0,36.00011903633282,36.00011903633282,100.0
1010,1,44.56672116644298,44.56672116644298,100.0
1010,2,19.43315979722421,19.43315979722421,100.0
1020,0,41.73411169833515,41.73411169833515,100.0
1020,1,24.487372665865273,24.487372665865273,100.0
1020,2,33.778515635799586,33.778515635799586,100.0
1030,0,35.90954582816896,35.90954582816896,100.0
1030,1,37.90257359225279,37.90257359225279,100.0
1030,2,26.18788057957825,26.18788057957825,100.0
1040,0,38.557079987257445,38.557079987257445,100.0
1040,1,35.6714728629976,35.6714728629976,100.0
1040,2,25.77144714974497,25.77144714974497,100.0
1050,0,33.9537571400317,33.9537571400317,100.0
1050,1,47.860792513069114,47.860792513069114,100.0
1050,2,18.185450346899195,18.185450346899195,100.0
1060,0,38.48954432841898,38.48954432841898,100.0
1060,1,42.010048794172974,42.010048794172974,100.0
1060,2,19.500406877408043,19.500406877408043,100.0
1070,0,37.0326542509503,37.0326542509503,100.0
1070,1,35.25964576957136,35.25964576957136,100.0
1070,2,27.70769997947834,27.70769997947834,100.0
1080,0,30.237475808457138,30.237475808457138,100.0
1080,1,27.235960195643784,27.235960195643784,100.0
1080,2,42.52656399589908,42.52656399589908,100.0
1090,0,28.56063339662246,28.56063339662246,100.0
1090,1,37.086859194067344,37.086859194067344,100.0
1090,2,34.352507409310206,34.352507409310206,100.0
1100,0,44.95797845848515,44.95797845848515,100.0
1100,1,34.70860620354591,34.70860620354591,100.0
1100,2,20.333415337968937,20.333415337968937,100.0
1110,0,35.60729086373454,35.60729086373454,100.0
1110,1,36.4535409365983,36.4535409365983,100.0
1110,2,27.93916819966717,27.93916819966717,100.0
1120,0,46.960972435718226,46.960972435718226,100.0
1120,1,30.740089883095823,30.740089883095823,100.0
1120,2,22.298937681185947,22.298937681185947,100.0
1130,0,28.3440552843729,28.3440552843729,100.0
1130,1,37.94850070129529,37.94850070129529,100.0
1130,2,33.70744401433183,33.70744401433183,100.0
1140,0,38.726422641573976,38.726422641573976,100.0
1140,1,37.61726388016204,37.61726388016204,100.0
1140,2,23.65631347826398,23.65631347826398,100.0
1150,0,33.285404879074356,33.285404879074356,100.0
1150,1,29.37677637582078,29.37677637582078,100.0
1150,2,37.33781874510487,37.33781874510487,100.0
1160,0,36.107224824562365,36.107224824562365,100.0
1160,1,40.63583748638159,40.63583748638159,100.0
1160,2,23.25693768905605,23.25693768905605,100.0
1170,0,34.49202147905499,34.49202147905499,100.0
1170,1,41.70282430235677,41.70282430235677,100.0
1170,2,23.805154218588243,23.805154218588243,100.0
1180,0,23.1835609219086,23.1835609219086,100.0
1180,1,43.856518827573375,43.856518827573375,100.0
1180,2,32.95992025051802,32.95992025051802,100.0
1190,0,48.805617447670045,48.805617447670045,100.0
1190,1,30.884371591159006,30.884371591159006,100.0
1190,2,20.31001096117095,20.31001096117095,100.0
1200,0,41.69236157361451,41.69236157361451,100.0
1200,1,39.82063568506399,39.82063568506399,100.0
1200,2,18.4870027413215,18.4870027413215,100.0
1210,0,31.04022133307748,31.04022133307748,100.0
1210,1,33.59158100154263,33.59158100154263,100.0
1210,2,35.36819766537989,35.36819766537989,100.0
1220,0,23.902036970640765,23.902036970640765,100.0
1220,1,30.177626168944897,30.177626168944897,100.0
1220,2,45.92033686041434,45.92033686041434,100.0
1230,0,39.63544125943958,39.63544125943958,100.0
1230,1,42.538598605494684,42.538598605494684,100.0
1230,2,17.82596013506574,17.82596013506574,100.0
1240,0,40.358533772811825,40.358533772811825,100.0
1240,1,36.321957027751886,36.321957027751886,100.0
1240,2,23.31950919943629,23.31950919943629,100.0
1250,0,42.490257004220325,42.490257004220325,100.0
1250,1,35.05533024892065,35.05533024892065,100.0
1250,2,22.45441274685903,22.45441274685903,100.0
1260,0,42.64244171850757,42.64244171850757,100.0
1260,1,39.413396045039065,39.413396045039065,100.0
1260,2,17.944162236453366,17.944162236453366,100.0
1270,0,35.703394112221545,35.703394112221545,100.0
1270,1,31.066764839055207,31.066764839055207,100.0
1270,2,33.229841048723266,33.229841048723266,100.0
1280,0,35.267577105803326,35.267577105803326,100.0
1280,1,38.485906233324116,38.485906233324116,100.0
1280,2,26.246516660872555,26.246516660872555,100.0
1290,0,22.117262725094967,22.117262725094967,100.0
1290,1,47.93720625641671,47.93720625641671,100.0
1290,2,29.945531018488325,29.945531018488325,100.0
1300,0,26.506559753319447,26.506559753319447,100.0
1300,1,52.03083410913292,52.03083410913292,100.0
1300,2,21.462606137547642,21.462606137547642,100.0
1310,0,40.10143862346205,40.10143862346205,100.0
1310,1,41.18664146055772,41.18664146055772,100.0
1310,2,18.711919915980225,18.711919915980225,100.0
1320,0,34.772991674767404,34.772991674767404,100.0
1320,1,25.034477903932967,25.034477903932967,100.0
1320,2,40.19253042129962,40.19253042129962,100.0
1330,0,30.41073205944351,30.41073205944351,100.0
1330,1,50.36788932441907,50.36788932441907,100.0
1330,2,19.221378616137418,19.221378616137418,100.0
1340,0,30.45686968270357,30.45686968270357,100.0
1340,1,41.36297549742341,41.36297549742341,100.0
1340,2,28.180154819873017,28.180154819873017,100.0
1350,0,26.660506900222913,26.660506900222913,100.0
1350,1,52.08081277542933,52.08081277542933,100.0
1350,2,21.258680324347758,21.258680324347758,100.0
1360,0,46.45702282895532,46.45702282895532,100.0
1360,1,27.569867578259355,27.569867578259355,100.0
1360,2,25.973109592785327,25.973109592785327,100.0
1370,0,23.573892634646775,23.573892634646775,100.0
1370,1,43.13708846970481,43.13708846970481,100.0
1370,2,33.289018895648425,33.289018895648425,100.0
1380,0,26.133581739396543,26.133581739396543,100.0
1380,1,27.41870494617842,27.41870494617842,100.0
1380,2,46.447713314425044,46.447713314425044,100.0
1390,0,34.991905855064985,34.991905855064985,100.0
1390,1,41.04543705809491,41.04543705809491,100.0
1390,2,23.9626570868401,23.9626570868401,100.0
1400,0,38.51566593216603,38.51566593216603,100.0
1400,1,24.392539503948807,24.392539503948807,100.0
1400,2,37.09179456388516,37.09179456388516,100.0
1410,0,47.52434342587226,47.52434342587226,100.0
1410,1,26.73031587775354,26.73031587775354,100.0
1410,2,25.745340696374196,25.745340696374196,100.0
1420,0,22.220270774794358,22.220270774794358,100.0
1420,1,39.59870719327973,39.59870719327973,100.0
1420,2,38.18102203192591,38.18102203192591,100.0
1430,0,37.12737939910895,37.12737939910895,100.0
1430,1,33.667386939491706,33.667386939491706,100.0
1430,2,29.205233661399348,29.205233661399348,100.0
1440,0,37.67843357922441,37.67843357922441,100.0
1440,1,32.00391992580106,32.00391992580106,100.0
1440,2,30.317646494974536,30.317646494974536,100.0
1450,0,25.614226204484265,25.614226204484265,100.0
1450,1,37.50407079880705,37.50407079880705,100.0
1450,2,36.88170299670869,36.88170299670869,100.0
1460,0,25.221413253569132,25.221413253569132,100.0
1460,1,30.24066168834787,30.24066168834787,100.0
1460,2,44.537925058083005,44.537925058083005,100.0
1470,0,43.21466826253566,43.21466826253566,100.0
1470,1,30.608893724995887,30.608893724995887,100.0
1470,2,26.176438012468463,26.176438012468463,100.0
1480,0,34.940355415097116,34.940355415097116,100.0
1480,1,35.45688871720507,35.45688871720507,100.0
1480,2,29.602755867697823,29.602755867697823,100.0
1490,0,43.081585996105765,43.081585996105765,100.0
1490,1,37.82706685316433,37.82706685316433,100.0
1490,2,19.091347150729902,19.091347150729902,100.0
1500,0,39.46425606246413,39.46425606246413,100.0
1500,1,37.15385865571383,37.15385865571383,100.0
1500,2,23.381885281822047,23.381885281822047,100.0
