timestamp,sliceId,dedicatedPRB,minPRB,maxPRB
510,0,41.51455368061766,41.51455368061766,100.0
510,1,25.141351886125353,25.141351886125353,100.0
510,2,33.344094433256984,33.344094433256984,100.0
520,0,35.41548582170958,35.41548582170958,100.0
520,1,33.87054331943012,33.87054331943012,100.0
520,2,30.7139708588603,30.7139708588603,100.0
530,0,23.639743875627058,23.639743875627058,100.0
530,1,41.52201415028494,41.52201415028494,100.0
530,2,34.838241974088014,34.838241974088014,100.0
540,0,42.2610687443268,42.2610687443268,100.0
540,1,35.7399148543699,35.7399148543699,100.0
540,2,21.99901640130331,21.99901640130331,100.0
550,0,40.74525993594492,40.74525993594492,100.0
550,1,28.539320814869445,28.539320814869445,100.0
550,2,30.715419249185636,30.715419249185636,100.0
560,0,32.234679087237105,32.234679087237105,100.0
560,1,40.89532287435371,40.89532287435371,100.0
560,2,26.869998038409182,26.869998038409182,100.0
570,0,42.77712727353323,42.77712727353323,100.0
570,1,38.09478066343275,38.09478066343275,100.0
570,2,19.128092063034018,19.128092063034018,100.0
580,0,39.0290292941481,39.0290292941481,100.0
580,1,30.495548178189217,30.495548178189217,100.0
580,2,30.475422527662683,30.475422527662683,100.0
590,0,43.95479779501655,43.95479779501655,100.0
590,1,32.49126736149336,32.49126736149336,100.0
590,2,23.55393484349009,23.55393484349009,100.0
600,0,26.164123048993627,26.164123048993627,100.0
600,1,52.41488102945837,52.41488102945837,100.0
600,2,21.420995921548002,21.420995921548002,100.0
610,0,31.074916576277424,31.074916576277424,100.0
610,1,33.91995131976607,33.91995131976607,100.0
610,2,35.005132103956505,35.005132103956505,100.0
620,0,23.08436446714396,23.08436446714396,100.0
620,1,35.751168305142116,35.751168305142116,100.0
620,2,41.16446722771392,41.16446722771392,100.0
630,0,26.629849256590227,26.629849256590227,100.0
630,1,33.30852449466084,33.30852449466084,100.0
630,2,40.061626248748944,40.061626248748944,100.0
640,0,21.65301668261313,21.65301668261313,100.0
640,1,33.83787883842631,33.83787883842631,100.0
640,2,44.50910447896056,44.50910447896056,100.0
650,0,29.081929808456053,29.081929808456053,100.0
650,1,37.288956378238765,37.288956378238765,100.0
650,2,33.62911381330519,33.62911381330519,100.0
660,0,25.122420039230995,25.122420039230995,100.0
660,1,47.589933560151344,47.589933560151344,100.0
660,2,27.28764640061766,27.28764640061766,100.0
670,0,21.159406411174405,21.159406411174405,100.0
670,1,35.05908830472324,35.05908830472324,100.0
670,2,43.78150528410235,43.78150528410235,100.0
680,0,22.127041592750317,22.127041592750317,100.0
680,1,33.79304100867704,33.79304100867704,100.0
680,2,44.07991739857265,44.07991739857265,100.0
690,0,27.61731985515169,27.61731985515169,100.0
690,1,28.576238908883973,28.576238908883973,100.0
690,2,43.806441235964336,43.806441235964336,100.0
700,0,25.845388619010695,25.845388619010695,100.0
700,1,28.806729095816124,28.806729095816124,100.0
700,2,45.34788228517318,45.34788228517318,100.0
710,0,27.19051697994481,27.19051697994481,100.0
710,1,28.7161484168159,28.7161484168159,100.0
710,2,44.093334603239285,44.093334603239285,100.0
720,0,25.179656336268803,25.179656336268803,100.0
720,1,35.644197090566244,35.644197090566244,100.0
720,2,39.17614657316495,39.17614657316495,100.0
730,0,39.08189986871289,39.08189986871289,100.0
730,1,29.16519204408378,29.16519204408378,100.0
730,2,31.752908087203334,31.752908087203334,100.0
740,0,32.42169015413119,32.42169015413119,100.0
740,1,43.02774129408456,43.02774129408456,100.0
740,2,24.550568551784252,24.550568551784252,100.0
750,0,32.184759581143005,32.184759581143005,100.0
750,1,38.32458194231466,38.32458194231466,100.0
750,2,29.490658476542336,29.490658476542336,100.0
760,0,23.245252444761583,23.245252444761583,100.0
760,1,49.8408223358329,49.8408223358329,100.0
760,2,26.913925219405527,26.913925219405527,100.0
770,0,31.92720624684824,31.92720624684824,100.0
770,1,42.40872698847989,42.40872698847989,100.0
770,2,25.664066764671862,25.664066764671862,100.0
780,0,36.00289882885878,36.00289882885878,100.0
780,1,36.33998503349188,36.33998503349188,100.0
780,2,27.657116137649346,27.657116137649346,100.0
790,0,21.880595212872834,21.880595212872834,100.0
790,1,53.666330877213355,53.666330877213355,100.0
790,2,24.453073909913815,24.453073909913815,100.0
800,0,31.17908224762852,31.17908224762852,100.0
800,1,49.66197528935988,49.66197528935988,100.0
800,2,19.158942463011595,19.158942463011595,100.0
810,0,24.55873169576048,24.55873169576048,100.0
810,1,44.345857786614225,44.345857786614225,100.0
810,2,31.0954105176253,31.0954105176253,100.0
820,0,35.99117812892382,35.99117812892382,100.0
820,1,35.42281744651059,35.42281744651059,100.0
820,2,28.58600442456559,28.58600442456559,100.0
830,0,23.535968768497753,23.535968768497753,100.0
830,1,43.20734082750764,43.20734082750764,100.0
830,2,33.2566904039946,33.2566904039946,100.0
840,0,31.479666947958346,31.479666947958346,100.0
840,1,30.84104029882403,30.84104029882403,100.0
840,2,37.67929275321762,37.67929275321762,100.0
850,0,23.603505719386717,23.603505719386717,100.0
850,1,33.75541219006703,33.75541219006703,100.0
850,2,42.641082090546256,42.641082090546256,100.0
860,0,29.134654672625697,29.134654672625697,100.0
860,1,37.85328716956972,37.85328716956972,100.0
860,2,33.01205815780459,33.01205815780459,100.0
870,0,36.25038014886886,36.25038014886886,100.0
870,1,45.49150100660664,45.49150100660664,100.0
870,2,18.258118844524507,18.258118844524507,100.0
880,0,25.32445162861969,25.32445162861969,100.0
880,1,36.91472025007283,36.91472025007283,100.0
880,2,37.760828121307476,37.760828121307476,100.0
890,0,26.063797454109906,26.063797454109906,100.0
890,1,44.48116217410084,44.48116217410084,100.0
890,2,29.455040371789252,29.455040371789252,100.0
900,0,37.21687310142189,37.21687310142189,100.0
900,1,28.75486922985232,28.75486922985232,100.0
900,2,34.02825766872579,34.02825766872579,100.0
910,0,26.840512775717883,26.840512775717883,100.0
910,1,35.80370357780942,35.80370357780942,100.0
910,2,37.355783646472695,37.355783646472695,100.0
920,0,31.23096958012286,31.23096958012286,100.0
920,1,42.046702094394654,42.046702094394654,100.0
920,2,26.722328325482486,26.722328325482486,100.0
930,0,24.46026435706976,24.46026435706976,100.0
930,1,27.337866693229596,27.337866693229596,100.0
930,2,48.201868949700646,48.201868949700646,100.0
940,0,28.302172026095878,28.302172026095878,100.0
940,1,39.54005669314562,39.54005669314562,100.0
940,2,32.157771280758496,32.157771280758496,100.0
950,0,28.688443825019256,28.688443825019256,100.0
950,1,35.6720651753034,35.6720651753034,100.0
950,2,35.63949099967735,35.63949099967735,100.0
960,0,43.14814591691514,43.14814591691514,100.0
960,1,34.12910211025329,34.12910211025329,100.0
960,2,22.722751972831563,22.722751972831563,100.0
970,0,25.9067195383587,25.9067195383587,100.0
970,1,45.1918230494183,45.1918230494183,100.0
970,2,28.901457412222996,28.901457412222996,100.0
980,0,35.610270773899394,35.610270773899394,100.0
980,1,40.72424867188089,40.72424867188089,100.0
980,2,23.66548055421971,23.66548055421971,100.0
990,0,23.189701153164656,23.189701153164656,100.0
990,1,51.101616420868766,51.101616420868766,100.0
990,2,25.708682425966582,25.708682425966582,100.0
1000,0,23.871636953372285,23.871636953372285,100.0
1000,1,34.31213732791676,34.31213732791676,100.0
1000,2,41.81622571871095,41.81622571871095,100.0
1010,0,22.727886176589465,22.727886176589465,100.0
1010,1,50.13237727327924,50.13237727327924,100.0
1010,2,27.1397365501313,27.1397365501313,100.0
1020,0,25.486633396544377,25.486633396544377,100.0
1020,1,49.255579660891094,49.255579660891094,100.0
1020,2,25.257786942564525,25.257786942564525,100.0
1030,0,27.861662951203897,27.861662951203897,100.0
1030,1,47.34151762476204,47.34151762476204,100.0
1030,2,24.796819424034062,24.796819424034062,100.0
1040,0,20.678871101887808,20.678871101887808,100.0
1040,1,44.249944528121055,44.249944528121055,100.0
1040,2,35.071184369991144,35.071184369991144,100.0
1050,0,26.126642320419823,26.126642320419823,100.0
1050,1,36.482298796871284,36.482298796871284,100.0
1050,2,37.3910588827089,37.3910588827089,100.0
1060,0,23.995000495826,23.995000495826,100.0
1060,1,38.30686073608892,38.30686073608892,100.0
1060,2,37.69813876808507,37.69813876808507,100.0
1070,0,24.53113771815315,24.53113771815315,100.0
1070,1,55.64353823421882,55.64353823421882,100.0
1070,2,19.82532404762803,19.82532404762803,100.0
1080,0,32.856156918884324,32.856156918884324,100.0
1080,1,47.10855906383596,47.10855906383596,100.0
1080,2,20.035284017279718,20.035284017279718,100.0
1090,0,22.957235243240664,22.957235243240664,100.0
1090,1,45.88127920566825,45.88127920566825,100.0
1090,2,31.161485551091083,31.161485551091083,100.0
1100,0,28.454145855897277,28.454145855897277,100.0
1100,1,48.13973761225981,48.13973761225981,100.0
1100,2,23.406116531842912,23.406116531842912,100.0
1110,0,26.35953959691641,26.35953959691641,100.0
1110,1,39.41643494580713,39.41643494580713,100.0
1110,2,34.22402545727647,34.22402545727647,100.0
1120,0,22.16636266088831,22.16636266088831,100.0
1120,1,47.79378292093472,47.79378292093472,100.0
1120,2,30.03985441817697,30.03985441817697,100.0
1130,0,31.74109248602533,31.74109248602533,100.0
1130,1,31.702648059495512,31.702648059495512,100.0
1130,2,36.556259454479154,36.556259454479154,100.0
1140,0,24.954290055543265,24.954290055543265,100.0
1140,1,35.84778975320769,35.84778975320769,100.0
1140,2,39.19792019124905,39.19792019124905,100.0
1150,0,29.70107531435937,29.70107531435937,100.0
1150,1,38.5200778847689,38.5200778847689,100.0
1150,2,31.77884680087173,31.77884680087173,100.0
1160,0,30.331994525505067,30.331994525505067,100.0
1160,1,49.09082111171082,49.09082111171082,100.0
1160,2,20.577184362784113,20.577184362784113,100.0
1170,0,26.464934941199637,26.464934941199637,100.0
1170,1,46.48872279197877,46.48872279197877,100.0
1170,2,27.04634226682159,27.04634226682159,100.0
1180,0,25.87113045430236,25.87113045430236,100.0
1180,1,41.19083575420063,41.19083575420063,100.0
1180,2,32.93803379149701,32.93803379149701,100.0
1190,0,44.262027796799444,44.262027796799444,100.0
1190,1,32.07568082537727,32.07568082537727,100.0
1190,2,23.662291377823284,23.662291377823284,100.0
1200,0,39.20252110330581,39.20252110330581,100.0
1200,1,24.704293968505553,24.704293968505553,100.0
1200,2,36.093184928188634,36.093184928188634,100.0
1210,0,22.797998305799002,22.797998305799002,100.0
1210,1,31.482835720523322,31.482835720523322,100.0
1210,2,45.71916597367768,45.71916597367768,100.0
1220,0,26.68693865999363,26.68693865999363,100.0
1220,1,49.85182992199049,49.85182992199049,100.0
1220,2,23.46123141801588,23.46123141801588,100.0
1230,0,29.485903658451125,29.485903658451125,100.0
1230,1,46.6847247121845,46.6847247121845,100.0
1230,2,23.829371629364378,23.829371629364378,100.0
1240,0,35.462450636455024,35.462450636455024,100.0
1240,1,34.93720498223255,34.93720498223255,100.0
1240,2,29.600344381312425,29.600344381312425,100.0
1250,0,30.893692908408394,30.893692908408394,100.0
1250,1,33.17663305094104,33.17663305094104,100.0
1250,2,35.92967404065056,35.92967404065056,100.0
1260,0,30.557339660204434,30.557339660204434,100.0
1260,1,36.32672715773064,36.32672715773064,100.0
1260,2,33.11593318206493,33.11593318206493,100.0
1270,0,25.035106566973507,25.035106566973507,100.0
1270,1,29.656073643895365,29.656073643895365,100.0
1270,2,45.30881978913113,45.30881978913113,100.0
1280,0,24.254101577224358,24.254101577224358,100.0
1280,1,54.94133625383273,54.94133625383273,100.0
1280,2,20.804562168942915,20.804562168942915,100.0
1290,0,20.34435222183809,20.34435222183809,100.0
1290,1,43.151686333251945,43.151686333251945,100.0
1290,2,36.50396144490996,36.50396144490996,100.0
1300,0,25.16605835204451,25.16605835204451,100.0
1300,1,31.022626927267083,31.022626927267083,100.0
1300,2,43.81131472068841,43.81131472068841,100.0
1310,0,20.96365157746434,20.96365157746434,100.0
1310,1,43.25941092900829,43.25941092900829,100.0
1310,2,35.77693749352737,35.77693749352737,100.0
1320,0,24.45127609667853,24.45127609667853,100.0
1320,1,56.26475485274746,56.26475485274746,100.0
1320,2,19.283969050574022,19.283969050574022,100.0
1330,0,26.228556065726178,26.228556065726178,100.0
1330,1,51.13524392506067,51.13524392506067,100.0
1330,2,22.63620000921315,22.63620000921315,100.0
1340,0,29.27528613196416,29.27528613196416,100.0
1340,1,32.62870477366828,32.62870477366828,100.0
1340,2,38.09600909436755,38.09600909436755,100.0
1350,0,26.02177667619215,26.02177667619215,100.0
1350,1,42.26008822788748,42.26008822788748,100.0
1350,2,31.718135095920374,31.718135095920374,100.0
1360,0,31.473892925159063,31.473892925159063,100.0
1360,1,36.98884792218391,36.98884792218391,100.0
1360,2,31.537259152657025,31.537259152657025,100.0
1370,0,35.453876925430656,35.453876925430656,100.0
1370,1,37.216614165169574,37.216614165169574,100.0
1370,2,27.32950890939978,27.32950890939978,100.0
1380,0,21.58509878644933,21.58509878644933,100.0
1380,1,39.662427717194895,39.662427717194895,100.0
1380,2,38.752473496355776,38.752473496355776,100.0
1390,0,23.307268733944106,23.307268733944106,100.0
1390,1,38.73360603061882,38.73360603061882,100.0
1390,2,37.95912523543707,37.95912523543707,100.0
1400,0,39.46352031969467,39.46352031969467,100.0
1400,1,33.97945882192083,33.97945882192083,100.0
1400,2,26.557020858384494,26.557020858384494,100.0
1410,0,26.792629436226136,26.792629436226136,100.0
1410,1,37.893996520636634,37.893996520636634,100.0
1410,2,35.31337404313724,35.31337404313724,100.0
1420,0,23.177101858550923,23.177101858550923,100.0
1420,1,56.52862388112564,56.52862388112564,100.0
1420,2,20.294274260323437,20.294274260323437,100.0
1430,0,26.429151581898886,26.429151581898886,100.0
1430,1,53.57046833047574,53.57046833047574,100.0
1430,2,20.000380087625373,20.000380087625373,100.0
1440,0,31.387154787680405,31.387154787680405,100.0
1440,1,38.71249593001583,38.71249593001583,100.0
1440,2,29.900349282303768,29.900349282303768,100.0
1450,0,27.614472943022108,27.614472943022108,100.0
1450,1,27.85328443905505,27.85328443905505,100.0
1450,2,44.53224261792285,44.53224261792285,100.0
1460,0,31.28287826270072,31.28287826270072,100.0
1460,1,29.535048490145353,29.535048490145353,100.0
1460,2,39.18207324715392,39.18207324715392,100.0
1470,0,31.752526600153107,31.752526600153107,100.0
1470,1,36.793207659573554,36.793207659573554,100.0
1470,2,31.454265740273346,31.454265740273346,100.0
1480,0,28.753546787203575,28.753546787203575,100.0
1480,1,37.736904233466426,37.736904233466426,100.0
1480,2,33.50954897932999,33.50954897932999,100.0
1490,0,35.732341479642514,35.732341479642514,100.0
1490,1,34.603805473795624,34.603805473795624,100.0
1490,2,29.663853046561872,29.663853046561872,100.0
1500,0,31.456689375787157,31.456689375787157,100.0
1500,1,35.52664203831101,35.52664203831101,100.0
1500,2,33.01666858590184,33.01666858590184,100.0
