timestamp,ueImsi,sliceId,dTxBytes,dRxBytes,plr,resourceSharePct,dLostPackets,throughputMbps,bufferBytes,dlBufferBytes,ulBufferBytes,macBufferBytes,congestionPct,lastDrlActionStatus
9900,1,0,193616,6140,97.09,35.34,167,0.4912,1200005,181617,1200005,1381622,13.18,applied
9900,2,0,193616,8596,95.93,35.34,165,0.6877,1200005,181620,1200005,1381625,13.18,applied
9900,3,0,193616,124028,41.28,35.34,71,9.9222,1200005,181624,1200005,1381629,13.18,applied
9900,4,0,193616,0,100.00,35.34,172,0.0000,1199934,184660,1199934,1384594,13.20,applied
9900,5,0,193616,2456,98.84,35.34,170,0.1965,1200005,181624,1200005,1381629,13.18,applied
9900,6,1,0,0,0.00,31.95,0,0.0000,34,0,34,34,0.00,applied
9900,7,1,0,0,0.00,31.95,0,0.0000,34,0,34,34,0.00,applied
9900,8,1,0,0,0.00,31.95,0,0.0000,34,0,34,34,0.00,applied
9900,9,1,0,0,0.00,31.95,0,0.0000,34,0,34,34,0.00,applied
9900,10,1,0,0,0.00,31.95,0,0.0000,34,0,34,34,0.00,applied
9900,11,1,0,0,0.00,31.95,0,0.0000,34,0,34,34,0.00,applied
9900,12,1,0,0,0.00,31.95,0,0.0000,34,0,34,34,0.00,applied
9900,13,1,0,0,0.00,31.95,0,0.0000,34,0,34,34,0.00,applied
9900,14,2,65200,0,100.00,32.72,50,0.0000,5937124,5937124,51,5937175,56.62,applied
9900,15,2,65200,0,100.00,32.72,50,0.0000,5937248,5937248,34,5937282,56.62,applied
9900,16,2,65200,0,100.00,32.72,50,0.0000,5937131,5937131,51,5937182,56.62,applied
9900,17,2,65200,0,100.00,32.72,50,0.0000,5939832,5939832,51,5939883,56.65,applied
9900,18,2,65200,0,100.00,32.72,50,0.0000,5937130,5937130,51,5937181,56.62,applied
9900,19,2,65200,752,92.00,32.72,46,0.0602,5937131,5937131,51,5937182,56.62,applied
9900,20,2,65200,752,92.00,32.72,46,0.0602,5937126,5937126,51,5937177,56.62,applied
9900,21,2,65200,0,100.00,32.72,50,0.0000,5937715,5937715,51,5937766,56.63,applied
9900,22,2,65200,0,100.00,32.72,50,0.0000,5938520,5938520,51,5938571,56.63,applied
9900,23,2,65200,0,100.00,32.72,50,0.0000,5937125,5937125,51,5937176,56.62,applied
9900,24,2,65200,752,92.00,32.72,46,0.0602,5937123,5937123,51,5937174,56.62,applied
9900,25,2,65200,940,90.00,32.72,45,0.0752,5937130,5937130,51,5937181,56.62,applied
9900,26,2,65200,0,100.00,32.72,50,0.0000,5937129,5937129,51,5937180,56.62,applied
9900,27,2,65200,0,100.00,32.72,50,0.0000,5937213,5937213,51,5937264,56.62,applied
9900,28,2,65200,0,100.00,32.72,50,0.0000,5937233,5937233,51,5937284,56.62,applied
9900,29,2,65200,0,100.00,32.72,50,0.0000,5939501,5939501,51,5939552,56.64,applied
9900,30,2,65200,0,100.00,32.72,50,0.0000,5937127,5937127,51,5937178,56.62,applied
9900,31,2,65200,752,92.00,32.72,46,0.0602,5937127,5937127,51,5937178,56.62,applied
9900,32,2,65200,0,100.00,32.72,50,0.0000,5937128,5937128,51,5937179,56.62,applied
9900,33,2,65200,0,100.00,32.72,50,0.0000,5939151,5939151,51,5939202,56.64,applied
