timestamp,sliceId,dedicatedPRB,minPRB,maxPRB
510,0,29.08462648820186,29.08462648820186,100.0
510,1,39.12683144122374,39.12683144122374,100.0
510,2,31.788542070574405,31.788542070574405,100.0
520,0,29.011383502268373,29.011383502268373,100.0
520,1,36.85254622526754,36.85254622526754,100.0
520,2,34.13607027246408,34.13607027246408,100.0
530,0,28.11453050633346,28.11453050633346,100.0
530,1,31.317882463493422,31.317882463493422,100.0
530,2,40.567587030173115,40.567587030173115,100.0
540,0,31.70074428375494,31.70074428375494,100.0
540,1,32.747592623327776,32.747592623327776,100.0
540,2,35.55166309291728,35.55166309291728,100.0
550,0,29.910079375606546,29.910079375606546,100.0
550,1,34.556108923490825,34.556108923490825,100.0
550,2,35.533811700902625,35.533811700902625,100.0
