timestamp,ueImsi,sliceId,dTxBytes,dRxBytes,plr,resourceSharePct,dLostPackets,throughputMbps,bufferBytes
560,1,0,24448,1528,93.75,29.91,15,1.2224,136211
560,2,0,24448,1528,93.75,29.91,15,1.2224,136203
560,3,0,24448,1528,93.75,29.91,15,1.2224,136099
560,4,0,24448,1528,93.75,29.91,15,1.2224,136115
560,5,0,24448,1528,93.75,29.91,15,1.2224,136193
560,6,1,390,312,20.00,34.56,1,0.2496,169
560,7,1,390,312,20.00,34.56,1,0.2496,169
560,8,1,390,312,20.00,34.56,1,0.2496,169
560,9,1,390,312,20.00,34.56,1,0.2496,169
560,10,1,390,312,20.00,34.56,1,0.2496,169
560,11,2,16000,1024,93.60,35.53,117,0.8192,89251
560,12,2,16000,1024,93.60,35.53,117,0.8192,89241
560,13,2,16000,1024,93.60,35.53,117,0.8192,89243
560,14,2,16000,1024,93.60,35.53,117,0.8192,89226
560,15,2,16000,1024,93.60,35.53,117,0.8192,89291
560,16,2,16000,1024,93.60,35.53,117,0.8192,89291
560,17,2,16000,1024,93.60,35.53,117,0.8192,89291
560,18,2,16000,1024,93.60,35.53,117,0.8192,89302
560,19,2,16000,1024,93.60,35.53,117,0.8192,89289
560,20,2,16000,1024,93.60,35.53,117,0.8192,89297
