timestamp,ueImsi,sliceId,dTxBytes,dRxBytes,plr,resourceSharePct,dLostPackets,throughputMbps,bufferBytes
560,1,0,24448,3056,87.50,38.25,14,2.4448,132570
560,2,0,24448,1528,93.75,38.25,15,1.2224,132596
560,3,0,24448,3056,87.50,38.25,14,2.4448,132513
560,4,0,24448,3056,87.50,38.25,14,2.4448,132516
560,5,0,24448,3056,87.50,38.25,14,2.4448,132530
560,6,1,780,702,10.00,40.27,1,0.5616,87
560,7,1,780,702,10.00,40.27,1,0.5616,87
560,8,1,780,702,10.00,40.27,1,0.5616,87
560,9,1,780,702,10.00,40.27,1,0.5616,87
560,10,1,780,702,10.00,40.27,1,0.5616,87
560,11,2,16000,1024,93.60,21.48,117,0.8192,88291
560,12,2,16000,1024,93.60,21.48,117,0.8192,88223
560,13,2,16000,1024,93.60,21.48,117,0.8192,88295
560,14,2,16000,1152,92.80,21.48,116,0.9216,88172
560,15,2,16000,1152,92.80,21.48,116,0.9216,88178
560,16,2,16000,1152,92.80,21.48,116,0.9216,88181
560,17,2,16000,1152,92.80,21.48,116,0.9216,88181
560,18,2,16000,1152,92.80,21.48,116,0.9216,88189
560,19,2,16000,1152,92.80,21.48,116,0.9216,88189
560,20,2,16000,1024,93.60,21.48,117,0.8192,88199
