timestamp,sliceId,dedicatedPRB,minPRB,maxPRB
510,0,34.897155223320674,34.897155223320674,100.0
510,1,42.73274852728684,42.73274852728684,100.0
510,2,22.37009624939249,22.37009624939249,100.0
520,0,32.77069765187255,32.77069765187255,100.0
520,1,36.749268702308164,36.749268702308164,100.0
520,2,30.480033645819297,30.480033645819297,100.0
530,0,45.216525444096575,45.216525444096575,100.0
530,1,28.026425452664395,28.026425452664395,100.0
530,2,26.757049103239027,26.757049103239027,100.0
540,0,26.77768612106113,26.77768612106113,100.0
540,1,51.61271669008647,51.61271669008647,100.0
540,2,21.60959718885241,21.60959718885241,100.0
550,0,39.25869781637951,39.25869781637951,100.0
550,1,26.34099693208569,26.34099693208569,100.0
550,2,34.4003052515348,34.4003052515348,100.0
560,0,28.66586343431482,28.66586343431482,100.0
560,1,44.36141181148665,44.36141181148665,100.0
560,2,26.97272475419853,26.97272475419853,100.0
570,0,32.32483479560793,32.32483479560793,100.0
570,1,46.75218608676689,46.75218608676689,100.0
570,2,20.92297911762518,20.92297911762518,100.0
580,0,41.887182095375806,41.887182095375806,100.0
580,1,25.32874781490943,25.32874781490943,100.0
580,2,32.78407008971476,32.78407008971476,100.0
590,0,31.485081280012224,31.485081280012224,100.0
590,1,26.121887585787363,26.121887585787363,100.0
590,2,42.39303113420043,42.39303113420043,100.0
600,0,33.07200038095369,33.07200038095369,100.0
600,1,45.01432381195865,45.01432381195865,100.0
600,2,21.913675807087664,21.913675807087664,100.0
610,0,35.439778427147104,35.439778427147104,100.0
610,1,32.464435181780196,32.464435181780196,100.0
610,2,32.0957863910727,32.0957863910727,100.0
620,0,31.809692120238353,31.809692120238353,100.0
620,1,37.644692487701484,37.644692487701484,100.0
620,2,30.545615392060157,30.545615392060157,100.0
630,0,25.673839036346784,25.673839036346784,100.0
630,1,33.253126280220776,33.253126280220776,100.0
630,2,41.07303468343244,41.07303468343244,100.0
640,0,31.601373120533836,31.601373120533836,100.0
640,1,39.91626291910567,39.91626291910567,100.0
640,2,28.48236396036049,28.48236396036049,100.0
650,0,28.806447966095096,28.806447966095096,100.0
650,1,46.913283051484655,46.913283051484655,100.0
650,2,24.280268982420246,24.280268982420246,100.0
660,0,30.731189987811558,30.731189987811558,100.0
660,1,42.99871957487086,42.99871957487086,100.0
660,2,26.270090437317577,26.270090437317577,100.0
670,0,26.345922978171078,26.345922978171078,100.0
670,1,42.61972075417258,42.61972075417258,100.0
670,2,31.034356267656353,31.034356267656353,100.0
680,0,28.304594886647383,28.304594886647383,100.0
680,1,30.08453405693352,30.08453405693352,100.0
680,2,41.6108710564191,41.6108710564191,100.0
690,0,40.38019354674574,40.38019354674574,100.0
690,1,31.739116926315646,31.739116926315646,100.0
690,2,27.880689526938614,27.880689526938614,100.0
700,0,32.56592205852884,32.56592205852884,100.0
700,1,36.11272111502171,36.11272111502171,100.0
700,2,31.32135682644945,31.32135682644945,100.0
710,0,24.47792935165376,24.47792935165376,100.0
710,1,40.74330678531236,40.74330678531236,100.0
710,2,34.77876386303388,34.77876386303388,100.0
720,0,42.167833909463106,42.167833909463106,100.0
720,1,36.64369598229686,36.64369598229686,100.0
720,2,21.188470108240036,21.188470108240036,100.0
730,0,37.04207328753343,37.04207328753343,100.0
730,1,39.35195203321914,39.35195203321914,100.0
730,2,23.605974679247428,23.605974679247428,100.0
740,0,30.36460447473867,30.36460447473867,100.0
740,1,44.049498105047284,44.049498105047284,100.0
740,2,25.585897420214042,25.585897420214042,100.0
750,0,37.701530636032686,37.701530636032686,100.0
750,1,29.529007180216443,29.529007180216443,100.0
750,2,32.769462183750875,32.769462183750875,100.0
760,0,27.53320198684932,27.53320198684932,100.0
760,1,50.34010928071573,50.34010928071573,100.0
760,2,22.126688732434946,22.126688732434946,100.0
770,0,29.10810647284292,29.10810647284292,100.0
770,1,26.5011717758049,26.5011717758049,100.0
770,2,44.39072175135218,44.39072175135218,100.0
780,0,25.43234442854948,25.43234442854948,100.0
780,1,34.18072237788067,34.18072237788067,100.0
780,2,40.38693319356985,40.38693319356985,100.0
790,0,22.19992918497822,22.19992918497822,100.0
790,1,43.13519076147177,43.13519076147177,100.0
790,2,34.66488005355001,34.66488005355001,100.0
800,0,33.46314402296958,33.46314402296958,100.0
800,1,38.4874343358003,38.4874343358003,100.0
800,2,28.049421641230126,28.049421641230126,100.0
810,0,41.37975616899263,41.37975616899263,100.0
810,1,32.01662193183218,32.01662193183218,100.0
810,2,26.603621899175195,26.603621899175195,100.0
820,0,35.93554947378773,35.93554947378773,100.0
820,1,40.73906801847663,40.73906801847663,100.0
820,2,23.325382507735643,23.325382507735643,100.0
830,0,23.80433719064403,23.80433719064403,100.0
830,1,27.125128603160015,27.125128603160015,100.0
830,2,49.07053420619596,49.07053420619596,100.0
840,0,33.45252560668226,33.45252560668226,100.0
840,1,29.95016052980691,29.95016052980691,100.0
840,2,36.59731386351083,36.59731386351083,100.0
850,0,32.22406621557862,32.22406621557862,100.0
850,1,48.80528330651599,48.80528330651599,100.0
850,2,18.970650477905394,18.970650477905394,100.0
860,0,40.204994444382514,40.204994444382514,100.0
860,1,36.25359356699438,36.25359356699438,100.0
860,2,23.54141198862311,23.54141198862311,100.0
870,0,36.67505612389436,36.67505612389436,100.0
870,1,34.568026309351026,34.568026309351026,100.0
870,2,28.75691756675461,28.75691756675461,100.0
880,0,25.34988257124546,25.34988257124546,100.0
880,1,53.45239389422738,53.45239389422738,100.0
880,2,21.197723534527164,21.197723534527164,100.0
890,0,33.3689207912185,33.3689207912185,100.0
890,1,36.754418722502216,36.754418722502216,100.0
890,2,29.876660486279288,29.876660486279288,100.0
900,0,35.842194028549336,35.842194028549336,100.0
900,1,33.04776555381039,33.04776555381039,100.0
900,2,31.11004041764027,31.11004041764027,100.0
910,0,32.51766982392591,32.51766982392591,100.0
910,1,41.37464854113663,41.37464854113663,100.0
910,2,26.107681634937464,26.107681634937464,100.0
920,0,32.09035280911758,32.09035280911758,100.0
920,1,42.68301939128968,42.68301939128968,100.0
920,2,25.226627799592745,25.226627799592745,100.0
930,0,26.39506294157721,26.39506294157721,100.0
930,1,40.41205681749652,40.41205681749652,100.0
930,2,33.19288024092628,33.19288024092628,100.0
940,0,27.14591407653537,27.14591407653537,100.0
940,1,36.692532017265556,36.692532017265556,100.0
940,2,36.161553906199075,36.161553906199075,100.0
950,0,23.4746173742094,23.4746173742094,100.0
950,1,45.30753146120093,45.30753146120093,100.0
950,2,31.21785116458966,31.21785116458966,100.0
960,0,32.21556102432568,32.21556102432568,100.0
960,1,28.61077427288734,28.61077427288734,100.0
960,2,39.17366470278698,39.17366470278698,100.0
970,0,23.727442997681003,23.727442997681003,100.0
970,1,39.70196291099232,39.70196291099232,100.0
970,2,36.57059409132668,36.57059409132668,100.0
980,0,22.618824381174885,22.618824381174885,100.0
980,1,31.95666083609212,31.95666083609212,100.0
980,2,45.42451478273299,45.42451478273299,100.0
990,0,21.741548442914414,21.741548442914414,100.0
990,1,30.216629101528248,30.216629101528248,100.0
990,2,48.04182245555734,48.04182245555734,100.0
1000,0,24.5688150098261,24.5688150098261,100.0
1000,1,43.74739098991356,43.74739098991356,100.0
1000,2,31.683794000260335,31.683794000260335,100.0
1010,0,25.077257632789067,25.077257632789067,100.0
1010,1,26.21628431279932,26.21628431279932,100.0
1010,2,48.706458054411605,48.706458054411605,100.0
1020,0,24.37984559476938,24.37984559476938,100.0
1020,1,51.02183436314884,51.02183436314884,100.0
1020,2,24.59832004208178,24.59832004208178,100.0
1030,0,22.221989995594715,22.221989995594715,100.0
1030,1,37.52600716961686,37.52600716961686,100.0
1030,2,40.25200283478843,40.25200283478843,100.0
1040,0,20.969513766629653,20.969513766629653,100.0
1040,1,40.74499641867199,40.74499641867199,100.0
1040,2,38.28548981469836,38.28548981469836,100.0
1050,0,23.898337821576547,23.898337821576547,100.0
1050,1,54.51395689426959,54.51395689426959,100.0
1050,2,21.587705284153863,21.587705284153863,100.0
1060,0,29.870631229074146,29.870631229074146,100.0
1060,1,37.78760423695705,37.78760423695705,100.0
1060,2,32.3417645339688,32.3417645339688,100.0
1070,0,33.12393598299983,33.12393598299983,100.0
1070,1,35.680452795231055,35.680452795231055,100.0
1070,2,31.195611221769116,31.195611221769116,100.0
1080,0,28.797683205137055,28.797683205137055,100.0
1080,1,31.090722562104066,31.090722562104066,100.0
1080,2,40.11159423275889,40.11159423275889,100.0
1090,0,24.863813399857314,24.863813399857314,100.0
1090,1,38.39918330783546,38.39918330783546,100.0
1090,2,36.73700329230724,36.73700329230724,100.0
1100,0,25.044437122918616,25.044437122918616,100.0
1100,1,40.18725456573738,40.18725456573738,100.0
1100,2,34.768308311344,34.768308311344,100.0
1110,0,33.61091705210322,33.61091705210322,100.0
1110,1,33.75202322195931,33.75202322195931,100.0
1110,2,32.63705972593747,32.63705972593747,100.0
1120,0,36.83352638170494,36.83352638170494,100.0
1120,1,39.20493682017273,39.20493682017273,100.0
1120,2,23.961536798122324,23.961536798122324,100.0
1130,0,22.79472151389455,22.79472151389455,100.0
1130,1,41.62738079081798,41.62738079081798,100.0
1130,2,35.57789769528747,35.57789769528747,100.0
1140,0,25.454987614846292,25.454987614846292,100.0
1140,1,34.21631315982748,34.21631315982748,100.0
1140,2,40.328699225326226,40.328699225326226,100.0
1150,0,27.65049698707136,27.65049698707136,100.0
1150,1,30.820522828537232,30.820522828537232,100.0
1150,2,41.52898018439141,41.52898018439141,100.0
1160,0,27.286912046228363,27.286912046228363,100.0
1160,1,34.74905614914348,34.74905614914348,100.0
1160,2,37.96403180462816,37.96403180462816,100.0
1170,0,35.48812599216663,35.48812599216663,100.0
1170,1,40.541757683985516,40.541757683985516,100.0
1170,2,23.970116323847847,23.970116323847847,100.0
1180,0,22.997065810409055,22.997065810409055,100.0
1180,1,54.91015320979673,54.91015320979673,100.0
1180,2,22.09278097979422,22.09278097979422,100.0
1190,0,33.55072164179319,33.55072164179319,100.0
1190,1,38.949041617934434,38.949041617934434,100.0
1190,2,27.500236740272378,27.500236740272378,100.0
1200,0,32.71128139265885,32.71128139265885,100.0
1200,1,41.47066418235118,41.47066418235118,100.0
1200,2,25.818054424989977,25.818054424989977,100.0
1210,0,34.92643985635846,34.92643985635846,100.0
1210,1,35.9410932282054,35.9410932282054,100.0
1210,2,29.13246691543614,29.13246691543614,100.0
1220,0,27.522541079921453,27.522541079921453,100.0
1220,1,45.06052908382697,45.06052908382697,100.0
1220,2,27.41692983625158,27.41692983625158,100.0
1230,0,28.23513543143393,28.23513543143393,100.0
1230,1,27.923470242205266,27.923470242205266,100.0
1230,2,43.841394326360806,43.841394326360806,100.0
1240,0,27.971410875826486,27.971410875826486,100.0
1240,1,28.13753803514753,28.13753803514753,100.0
1240,2,43.89105108902598,43.89105108902598,100.0
1250,0,38.09411276046688,38.09411276046688,100.0
1250,1,24.942707996063966,24.942707996063966,100.0
1250,2,36.963179243469156,36.963179243469156,100.0
1260,0,23.527849750767484,23.527849750767484,100.0
1260,1,26.52431878790842,26.52431878790842,100.0
1260,2,49.9478314613241,49.9478314613241,100.0
1270,0,45.15797325549316,45.15797325549316,100.0
1270,1,25.925062787774827,25.925062787774827,100.0
1270,2,28.916963956732015,28.916963956732015,100.0
1280,0,44.98970241119192,44.98970241119192,100.0
1280,1,25.54648451412827,25.54648451412827,100.0
1280,2,29.463813074679802,29.463813074679802,100.0
1290,0,39.390224874097726,39.390224874097726,100.0
1290,1,29.113981605518497,29.113981605518497,100.0
1290,2,31.495793520383774,31.495793520383774,100.0
1300,0,40.11202932255096,40.11202932255096,100.0
1300,1,33.07475966237625,33.07475966237625,100.0
1300,2,26.813211015072792,26.813211015072792,100.0
1310,0,39.03158076088492,39.03158076088492,100.0
1310,1,35.593413153642736,35.593413153642736,100.0
1310,2,25.37500608547234,25.37500608547234,100.0
1320,0,23.213056410780208,23.213056410780208,100.0
1320,1,42.71350487090514,42.71350487090514,100.0
1320,2,34.073438718314655,34.073438718314655,100.0
1330,0,23.229010617702144,23.229010617702144,100.0
1330,1,48.3370735836099,48.3370735836099,100.0
1330,2,28.43391579868796,28.43391579868796,100.0
1340,0,44.10088670080806,44.10088670080806,100.0
1340,1,30.440194275442757,30.440194275442757,100.0
1340,2,25.458919023749182,25.458919023749182,100.0
1350,0,35.967443789582674,35.967443789582674,100.0
1350,1,28.852638090528863,28.852638090528863,100.0
1350,2,35.179918119888455,35.179918119888455,100.0
1360,0,36.73475001944473,36.73475001944473,100.0
1360,1,29.06787602280797,29.06787602280797,100.0
1360,2,34.197373957747295,34.197373957747295,100.0
1370,0,24.58152081235839,24.58152081235839,100.0
1370,1,35.83728496526666,35.83728496526666,100.0
1370,2,39.58119422237495,39.58119422237495,100.0
1380,0,51.475890971615925,51.475890971615925,100.0
1380,1,27.840483041929765,27.840483041929765,100.0
1380,2,20.683625986454313,20.683625986454313,100.0
1390,0,31.752137941770215,31.752137941770215,100.0
1390,1,26.388709058405436,26.388709058405436,100.0
1390,2,41.859152999824346,41.859152999824346,100.0
1400,0,31.539609077025187,31.539609077025187,100.0
1400,1,41.183326570365686,41.183326570365686,100.0
1400,2,27.27706435260913,27.27706435260913,100.0
1410,0,34.029694395849205,34.029694395849205,100.0
1410,1,28.415684456035162,28.415684456035162,100.0
1410,2,37.55462114811563,37.55462114811563,100.0
1420,0,50.894886058636736,50.894886058636736,100.0
1420,1,26.678909715936346,26.678909715936346,100.0
1420,2,22.426204225426915,22.426204225426915,100.0
1430,0,37.95821700211546,37.95821700211546,100.0
1430,1,43.54711477129991,43.54711477129991,100.0
1430,2,18.49466822658464,18.49466822658464,100.0
1440,0,27.789662359494383,27.789662359494383,100.0
1440,1,35.29019666478665,35.29019666478665,100.0
1440,2,36.92014097571898,36.92014097571898,100.0
1450,0,35.93970438224059,35.93970438224059,100.0
1450,1,41.08748941843607,41.08748941843607,100.0
1450,2,22.97280619932333,22.97280619932333,100.0
1460,0,25.875758325184904,25.875758325184904,100.0
1460,1,37.25620620720612,37.25620620720612,100.0
1460,2,36.868035467608976,36.868035467608976,100.0
1470,0,37.33454458107139,37.33454458107139,100.0
1470,1,27.611914227736584,27.611914227736584,100.0
1470,2,35.053541191192025,35.053541191192025,100.0
1480,0,27.11937004983584,27.11937004983584,100.0
1480,1,47.848426416328934,47.848426416328934,100.0
1480,2,25.03220353383523,25.03220353383523,100.0
1490,0,33.012120576931274,33.012120576931274,100.0
1490,1,40.37503837792586,40.37503837792586,100.0
1490,2,26.61284104514286,26.61284104514286,100.0
1500,0,24.796101820646317,24.796101820646317,100.0
1500,1,32.93286565218317,32.93286565218317,100.0
1500,2,42.27103252717052,42.27103252717052,100.0
