timestamp,sliceId,dedicatedPRB,minPRB,maxPRB
510,0,36.610680152513844,36.610680152513844,100.0
510,1,37.62881747514164,37.62881747514164,100.0
510,2,25.76050237234451,25.76050237234451,100.0
520,0,36.74436972879873,36.74436972879873,100.0
520,1,33.094729438812294,33.094729438812294,100.0
520,2,30.160900832388982,30.160900832388982,100.0
530,0,53.83633297510691,53.83633297510691,100.0
530,1,26.11742400231828,26.11742400231828,100.0
530,2,20.04624302257481,20.04624302257481,100.0
540,0,30.891850029253654,30.891850029253654,100.0
540,1,39.0284927471911,39.0284927471911,100.0
540,2,30.07965722355524,30.07965722355524,100.0
550,0,37.00898859725743,37.00898859725743,100.0
550,1,38.24490983029223,38.24490983029223,100.0
550,2,24.746101572450353,24.746101572450353,100.0
