timestamp,sliceId,dedicatedPRB,minPRB,maxPRB
510,0,45.97642447582746,45.97642447582746,100.0
510,1,31.416372600951604,31.416372600951604,100.0
510,2,22.607202923220953,22.607202923220953,100.0
520,0,37.53282294639086,37.53282294639086,100.0
520,1,33.03374603770087,33.03374603770087,100.0
520,2,29.433431015908273,29.433431015908273,100.0
530,0,42.41873657782708,42.41873657782708,100.0
530,1,29.97913382896747,29.97913382896747,100.0
530,2,27.602129593205454,27.602129593205454,100.0
540,0,42.34797701379638,42.34797701379638,100.0
540,1,27.94326929832063,27.94326929832063,100.0
540,2,29.708753687882993,29.708753687882993,100.0
550,0,50.18492396141636,50.18492396141636,100.0
550,1,26.772340714135506,26.772340714135506,100.0
550,2,23.04273532444813,23.04273532444813,100.0
560,0,35.98204885032715,35.98204885032715,100.0
560,1,33.85461652412027,33.85461652412027,100.0
560,2,30.163334625552586,30.163334625552586,100.0
570,0,47.27110753499338,47.27110753499338,100.0
570,1,32.99269643942343,32.99269643942343,100.0
570,2,19.736196025583197,19.736196025583197,100.0
580,0,37.20331670058282,37.20331670058282,100.0
580,1,30.132644505474087,30.132644505474087,100.0
580,2,32.66403879394309,32.66403879394309,100.0
590,0,51.21323254524949,51.21323254524949,100.0
590,1,29.007538022476187,29.007538022476187,100.0
590,2,19.779229432274313,19.779229432274313,100.0
600,0,27.017048571399872,27.017048571399872,100.0
600,1,32.7408101103428,32.7408101103428,100.0
600,2,40.24214131825733,40.24214131825733,100.0
610,0,24.6769380250054,24.6769380250054,100.0
610,1,52.435880040232306,52.435880040232306,100.0
610,2,22.887181934762303,22.887181934762303,100.0
620,0,22.059091678636655,22.059091678636655,100.0
620,1,40.21232161199815,40.21232161199815,100.0
620,2,37.728586709365196,37.728586709365196,100.0
630,0,36.028097793205426,36.028097793205426,100.0
630,1,27.105754816046346,27.105754816046346,100.0
630,2,36.866147390748225,36.866147390748225,100.0
640,0,22.380333463932832,22.380333463932832,100.0
640,1,51.00815214642407,51.00815214642407,100.0
640,2,26.611514389643094,26.611514389643094,100.0
650,0,20.897898912790154,20.897898912790154,100.0
650,1,48.76444257653152,48.76444257653152,100.0
650,2,30.337658510678324,30.337658510678324,100.0
660,0,23.8548457099241,23.8548457099241,100.0
660,1,48.905896684636616,48.905896684636616,100.0
660,2,27.239257605439278,27.239257605439278,100.0
670,0,24.19542275556911,24.19542275556911,100.0
670,1,31.26030620968359,31.26030620968359,100.0
670,2,44.544271034747304,44.544271034747304,100.0
680,0,26.1978306181743,26.1978306181743,100.0
680,1,50.06338141742952,50.06338141742952,100.0
680,2,23.73878796439618,23.73878796439618,100.0
690,0,28.465659909129453,28.465659909129453,100.0
690,1,35.363090881921984,35.363090881921984,100.0
690,2,36.171249208948566,36.171249208948566,100.0
700,0,27.27073228758503,27.27073228758503,100.0
700,1,33.83576373541476,33.83576373541476,100.0
700,2,38.89350397700021,38.89350397700021,100.0
710,0,34.084845740071856,34.084845740071856,100.0
710,1,41.751718387845614,41.751718387845614,100.0
710,2,24.16343587208253,24.16343587208253,100.0
720,0,22.276984837618734,22.276984837618734,100.0
720,1,42.06101385384166,42.06101385384166,100.0
720,2,35.66200130853962,35.66200130853962,100.0
730,0,42.9474255440919,42.9474255440919,100.0
730,1,31.740000755804292,31.740000755804292,100.0
730,2,25.312573700103812,25.312573700103812,100.0
740,0,23.067064570561556,23.067064570561556,100.0
740,1,51.423727736211376,51.423727736211376,100.0
740,2,25.509207693227058,25.509207693227058,100.0
750,0,24.064693925731746,24.064693925731746,100.0
750,1,47.30751360306567,47.30751360306567,100.0
750,2,28.627792471202586,28.627792471202586,100.0
760,0,23.804979747684477,23.804979747684477,100.0
760,1,27.194007856307305,27.194007856307305,100.0
760,2,49.00101239600822,49.00101239600822,100.0
770,0,22.401149213999965,22.401149213999965,100.0
770,1,37.062913881174524,37.062913881174524,100.0
770,2,40.53593690482551,40.53593690482551,100.0
780,0,23.706240617979446,23.706240617979446,100.0
780,1,46.39502339034568,46.39502339034568,100.0
780,2,29.898735991674876,29.898735991674876,100.0
790,0,25.19813271092029,25.19813271092029,100.0
790,1,33.32399600958293,33.32399600958293,100.0
790,2,41.47787127949678,41.47787127949678,100.0
800,0,28.49924160713378,28.49924160713378,100.0
800,1,42.22307694909339,42.22307694909339,100.0
800,2,29.277681443772835,29.277681443772835,100.0
810,0,25.163549033000486,25.163549033000486,100.0
810,1,32.00591038092566,32.00591038092566,100.0
810,2,42.83054058607385,42.83054058607385,100.0
820,0,31.095327046132237,31.095327046132237,100.0
820,1,44.29940151010756,44.29940151010756,100.0
820,2,24.60527144376021,24.60527144376021,100.0
830,0,39.164410871136404,39.164410871136404,100.0
830,1,41.03081311078804,41.03081311078804,100.0
830,2,19.804776018075557,19.804776018075557,100.0
840,0,32.87684602249562,32.87684602249562,100.0
840,1,29.784157908137278,29.784157908137278,100.0
840,2,37.338996069367106,37.338996069367106,100.0
850,0,28.051440720891073,28.051440720891073,100.0
850,1,47.59115638921922,47.59115638921922,100.0
850,2,24.357402889889705,24.357402889889705,100.0
860,0,29.331833419309568,29.331833419309568,100.0
860,1,37.395095261394914,37.395095261394914,100.0
860,2,33.273071319295525,33.273071319295525,100.0
870,0,20.983478430916712,20.983478430916712,100.0
870,1,46.43356286239301,46.43356286239301,100.0
870,2,32.58295870669028,32.58295870669028,100.0
880,0,22.65360010294324,22.65360010294324,100.0
880,1,50.66260154984622,50.66260154984622,100.0
880,2,26.683798347210548,26.683798347210548,100.0
890,0,29.691286164555148,29.691286164555148,100.0
890,1,43.88468927771817,43.88468927771817,100.0
890,2,26.424024557726693,26.424024557726693,100.0
900,0,38.671101604791325,38.671101604791325,100.0
900,1,30.4452782227266,30.4452782227266,100.0
900,2,30.883620172482075,30.883620172482075,100.0
910,0,26.359801374617263,26.359801374617263,100.0
910,1,38.11742540391808,38.11742540391808,100.0
910,2,35.52277322146466,35.52277322146466,100.0
920,0,22.62453725816654,22.62453725816654,100.0
920,1,43.595439968007526,43.595439968007526,100.0
920,2,33.78002277382594,33.78002277382594,100.0
930,0,33.587110767963175,33.587110767963175,100.0
930,1,37.34892169237158,37.34892169237158,100.0
930,2,29.063967539665242,29.063967539665242,100.0
940,0,24.18014608520276,24.18014608520276,100.0
940,1,53.745111399380384,53.745111399380384,100.0
940,2,22.07474251541686,22.07474251541686,100.0
950,0,39.31919763688158,39.31919763688158,100.0
950,1,24.295015924301925,24.295015924301925,100.0
950,2,36.385786438816496,36.385786438816496,100.0
960,0,29.43064825002618,29.43064825002618,100.0
960,1,30.665674947151345,30.665674947151345,100.0
960,2,39.903676802822474,39.903676802822474,100.0
970,0,29.726663437492995,29.726663437492995,100.0
970,1,49.1071112424529,49.1071112424529,100.0
970,2,21.166225320054092,21.166225320054092,100.0
980,0,21.003775223971576,21.003775223971576,100.0
980,1,48.0232743338333,48.0232743338333,100.0
980,2,30.972950442195117,30.972950442195117,100.0
990,0,23.216818292603257,23.216818292603257,100.0
990,1,44.3868912226611,44.3868912226611,100.0
990,2,32.396290484735644,32.396290484735644,100.0
1000,0,24.485094340583647,24.485094340583647,100.0
1000,1,36.94933536684327,36.94933536684327,100.0
1000,2,38.565570292573085,38.565570292573085,100.0
1010,0,26.859005382853695,26.859005382853695,100.0
1010,1,38.197967605017595,38.197967605017595,100.0
1010,2,34.94302701212872,34.94302701212872,100.0
1020,0,25.19045545591862,25.19045545591862,100.0
1020,1,50.39139840438905,50.39139840438905,100.0
1020,2,24.418146139692336,24.418146139692336,100.0
1030,0,22.811782920639683,22.811782920639683,100.0
1030,1,57.698901235921994,57.698901235921994,100.0
1030,2,19.489315843438323,19.489315843438323,100.0
1040,0,29.73386009918051,29.73386009918051,100.0
1040,1,41.95401513760567,41.95401513760567,100.0
1040,2,28.31212476321382,28.31212476321382,100.0
1050,0,38.228408895372645,38.228408895372645,100.0
1050,1,39.04934284319949,39.04934284319949,100.0
1050,2,22.722248261427858,22.722248261427858,100.0
1060,0,22.482702667424505,22.482702667424505,100.0
1060,1,38.40334090140689,38.40334090140689,100.0
1060,2,39.1139564311686,39.1139564311686,100.0
1070,0,28.095357709630868,28.095357709630868,100.0
1070,1,50.958122358599425,50.958122358599425,100.0
1070,2,20.94651993176971,20.94651993176971,100.0
1080,0,45.69288141139393,45.69288141139393,100.0
1080,1,33.67155270468422,33.67155270468422,100.0
1080,2,20.635565883921853,20.635565883921853,100.0
1090,0,41.675629831697606,41.675629831697606,100.0
1090,1,25.485873178252525,25.485873178252525,100.0
1090,2,32.83849699004987,32.83849699004987,100.0
1100,0,28.625922999553204,28.625922999553204,100.0
1100,1,37.40136822470994,37.40136822470994,100.0
1100,2,33.972708775736855,33.972708775736855,100.0
1110,0,24.106051240759363,24.106051240759363,100.0
1110,1,39.93698491747544,39.93698491747544,100.0
1110,2,35.956963841765194,35.956963841765194,100.0
1120,0,23.912517093320584,23.912517093320584,100.0
1120,1,37.16953718549842,37.16953718549842,100.0
1120,2,38.917945721181,38.917945721181,100.0
1130,0,30.70774532568537,30.70774532568537,100.0
1130,1,50.37988547286848,50.37988547286848,100.0
1130,2,18.91236920144614,18.91236920144614,100.0
1140,0,24.661824060007852,24.661824060007852,100.0
1140,1,54.07667387464752,54.07667387464752,100.0
1140,2,21.261502065344622,21.261502065344622,100.0
1150,0,33.824478549334025,33.824478549334025,100.0
1150,1,29.359535093157184,29.359535093157184,100.0
1150,2,36.81598635750879,36.81598635750879,100.0
1160,0,26.041740534628175,26.041740534628175,100.0
1160,1,41.23755072366784,41.23755072366784,100.0
1160,2,32.72070874170399,32.72070874170399,100.0
1170,0,23.098861411912956,23.098861411912956,100.0
1170,1,33.76052436554738,33.76052436554738,100.0
1170,2,43.140614222539654,43.140614222539654,100.0
1180,0,23.365442789249702,23.365442789249702,100.0
1180,1,31.20954376142169,31.20954376142169,100.0
1180,2,45.42501344932861,45.42501344932861,100.0
1190,0,22.60728340254866,22.60728340254866,100.0
1190,1,56.93262844335132,56.93262844335132,100.0
1190,2,20.46008815410002,20.46008815410002,100.0
1200,0,24.922260328369582,24.922260328369582,100.0
1200,1,35.46682898957461,35.46682898957461,100.0
1200,2,39.61091068205581,39.61091068205581,100.0
1210,0,25.29896214157118,25.29896214157118,100.0
1210,1,45.16630746522438,45.16630746522438,100.0
1210,2,29.534730393204445,29.534730393204445,100.0
1220,0,25.88879690637614,25.88879690637614,100.0
1220,1,32.113561083548966,32.113561083548966,100.0
1220,2,41.9976420100749,41.9976420100749,100.0
1230,0,20.357020775968934,20.357020775968934,100.0
1230,1,42.60145937094016,42.60145937094016,100.0
1230,2,37.04151985309089,37.04151985309089,100.0
1240,0,24.09787664243047,24.09787664243047,100.0
1240,1,43.65406446573772,43.65406446573772,100.0
1240,2,32.24805889183181,32.24805889183181,100.0
1250,0,28.011206977007774,28.011206977007774,100.0
1250,1,47.315109268395325,47.315109268395325,100.0
1250,2,24.6736837545969,24.6736837545969,100.0
1260,0,24.67816116029829,24.67816116029829,100.0
1260,1,28.65584010075932,28.65584010075932,100.0
1260,2,46.665998738942385,46.665998738942385,100.0
1270,0,36.422978510736414,36.422978510736414,100.0
1270,1,32.774699459835,32.774699459835,100.0
1270,2,30.80232202942858,30.80232202942858,100.0
1280,0,40.93783492725479,40.93783492725479,100.0
1280,1,28.852778523638893,28.852778523638893,100.0
1280,2,30.20938654910632,30.20938654910632,100.0
1290,0,38.721360317431994,38.721360317431994,100.0
1290,1,36.67577979866803,36.67577979866803,100.0
1290,2,24.60285988389998,24.60285988389998,100.0
1300,0,22.62107188710471,22.62107188710471,100.0
1300,1,42.25778470290532,42.25778470290532,100.0
1300,2,35.121143409989976,35.121143409989976,100.0
1310,0,30.052986016818366,30.052986016818366,100.0
1310,1,38.369371254281184,38.369371254281184,100.0
1310,2,31.57764272890046,31.57764272890046,100.0
1320,0,22.844903593459073,22.844903593459073,100.0
1320,1,38.34879852865211,38.34879852865211,100.0
1320,2,38.806297877888824,38.806297877888824,100.0
1330,0,28.642229509041872,28.642229509041872,100.0
1330,1,46.3200264289258,46.3200264289258,100.0
1330,2,25.03774406203233,25.03774406203233,100.0
1340,0,26.64378752500336,26.64378752500336,100.0
1340,1,41.37523806228087,41.37523806228087,100.0
1340,2,31.980974412715767,31.980974412715767,100.0
1350,0,34.52012887643527,34.52012887643527,100.0
1350,1,46.60218197644002,46.60218197644002,100.0
1350,2,18.87768914712471,18.87768914712471,100.0
1360,0,26.89306560547136,26.89306560547136,100.0
1360,1,45.941939738968394,45.941939738968394,100.0
1360,2,27.16499465556025,27.16499465556025,100.0
1370,0,29.032616100950882,29.032616100950882,100.0
1370,1,33.0903792941908,33.0903792941908,100.0
1370,2,37.877004604858314,37.877004604858314,100.0
1380,0,21.397512485204377,21.397512485204377,100.0
1380,1,42.93921003667855,42.93921003667855,100.0
1380,2,35.66327747811707,35.66327747811707,100.0
1390,0,25.64749710806562,25.64749710806562,100.0
1390,1,39.13800044149197,39.13800044149197,100.0
1390,2,35.21450245044241,35.21450245044241,100.0
1400,0,24.014207381837593,24.014207381837593,100.0
1400,1,46.14763532196881,46.14763532196881,100.0
1400,2,29.838157296193597,29.838157296193597,100.0
1410,0,21.13423657273435,21.13423657273435,100.0
1410,1,41.045795153320235,41.045795153320235,100.0
1410,2,37.81996827394541,37.81996827394541,100.0
1420,0,21.17744880883685,21.17744880883685,100.0
1420,1,42.69526496046786,42.69526496046786,100.0
1420,2,36.12728623069529,36.12728623069529,100.0
1430,0,21.996618084039675,21.996618084039675,100.0
1430,1,52.8621868608788,52.8621868608788,100.0
1430,2,25.14119505508154,25.14119505508154,100.0
1440,0,22.557086875309796,22.557086875309796,100.0
1440,1,26.204711530975068,26.204711530975068,100.0
1440,2,51.23820159371514,51.23820159371514,100.0
1450,0,22.435168210384745,22.435168210384745,100.0
1450,1,45.14591489889451,45.14591489889451,100.0
1450,2,32.418916890720745,32.418916890720745,100.0
1460,0,28.144737361889128,28.144737361889128,100.0
1460,1,50.97373909884264,50.97373909884264,100.0
1460,2,20.881523539268237,20.881523539268237,100.0
1470,0,30.91032772131182,30.91032772131182,100.0
1470,1,42.056351532096215,42.056351532096215,100.0
1470,2,27.033320746591965,27.033320746591965,100.0
1480,0,37.33143629656308,37.33143629656308,100.0
1480,1,27.043147634716057,27.043147634716057,100.0
1480,2,35.62541606872086,35.62541606872086,100.0
1490,0,32.74282497726453,32.74282497726453,100.0
1490,1,36.707036191285226,36.707036191285226,100.0
1490,2,30.550138831450248,30.550138831450248,100.0
1500,0,23.499471869796363,23.499471869796363,100.0
1500,1,29.373060298512822,29.373060298512822,100.0
1500,2,47.127467831690815,47.127467831690815,100.0
