timestamp,sliceId,dedicatedPRB,minPRB,maxPRB
600,0,48.380450467072556,48.380450467072556,100.0
600,1,28.895986452825,28.895986452825,100.0
600,2,22.723563080102455,22.723563080102455,100.0
700,0,40.625309410528246,40.625309410528246,100.0
700,1,37.24626790605442,37.24626790605442,100.0
700,2,22.128422683417334,22.128422683417334,100.0
800,0,29.527179011480925,29.527179011480925,100.0
800,1,30.58292937737625,30.58292937737625,100.0
800,2,39.88989161114282,39.88989161114282,100.0
900,0,29.68568351141338,29.68568351141338,100.0
900,1,36.66574013146758,36.66574013146758,100.0
900,2,33.64857635711904,33.64857635711904,100.0
1000,0,39.21110962139026,39.21110962139026,100.0
1000,1,43.10198401350981,43.10198401350981,100.0
1000,2,17.686906365099937,17.686906365099937,100.0
1100,0,33.63091503111198,33.63091503111198,100.0
1100,1,39.05249807951184,39.05249807951184,100.0
1100,2,27.316586889376172,27.316586889376172,100.0
1200,0,37.985336926962155,37.985336926962155,100.0
1200,1,43.94280929802407,43.94280929802407,100.0
1200,2,18.071853775013775,18.071853775013775,100.0
1300,0,33.72718727804676,33.72718727804676,100.0
1300,1,37.40565478006427,37.40565478006427,100.0
1300,2,28.867157941888966,28.867157941888966,100.0
1400,0,30.98928413909721,30.98928413909721,100.0
1400,1,40.512238153579695,40.512238153579695,100.0
1400,2,28.498477707323094,28.498477707323094,100.0
1500,0,26.89033978455908,26.89033978455908,100.0
1500,1,41.575744023082514,41.575744023082514,100.0
1500,2,31.5339161923584,31.5339161923584,100.0
1600,0,42.54762733477339,42.54762733477339,100.0
1600,1,28.221078609898687,28.221078609898687,100.0
1600,2,29.23129405532793,29.23129405532793,100.0
1700,0,26.56255966847451,26.56255966847451,100.0
1700,1,46.02516807707637,46.02516807707637,100.0
1700,2,27.412272254449128,27.412272254449128,100.0
1800,0,35.687527348037,35.687527348037,100.0
1800,1,30.65836397724796,30.65836397724796,100.0
1800,2,33.65410867471505,33.65410867471505,100.0
1900,0,41.0418334000613,41.0418334000613,100.0
1900,1,35.56061329094425,35.56061329094425,100.0
1900,2,23.39755330899446,23.39755330899446,100.0
2000,0,33.34633582184765,33.34633582184765,100.0
2000,1,36.98062659300493,36.98062659300493,100.0
2000,2,29.673037585147423,29.673037585147423,100.0
2100,0,39.0197984051183,39.0197984051183,100.0
2100,1,31.149887796378795,31.149887796378795,100.0
2100,2,29.83031379850291,29.83031379850291,100.0
2200,0,41.62886221569908,41.62886221569908,100.0
2200,1,33.58308099664226,33.58308099664226,100.0
2200,2,24.788056787658665,24.788056787658665,100.0
2300,0,38.75290956010723,38.75290956010723,100.0
2300,1,35.32461933024771,35.32461933024771,100.0
2300,2,25.922471109645063,25.922471109645063,100.0
2400,0,25.121956807642725,25.121956807642725,100.0
2400,1,55.580302331763384,55.580302331763384,100.0
2400,2,19.297740860593887,19.297740860593887,100.0
2500,0,35.23697006772009,35.23697006772009,100.0
2500,1,31.876345066676304,31.876345066676304,100.0
2500,2,32.88668486560361,32.88668486560361,100.0
2600,0,39.839216284304726,39.839216284304726,100.0
2600,1,31.16488055953978,31.16488055953978,100.0
2600,2,28.995903156155496,28.995903156155496,100.0
2700,0,30.869626810481655,30.869626810481655,100.0
2700,1,42.31434669278132,42.31434669278132,100.0
2700,2,26.816026496737024,26.816026496737024,100.0
2800,0,48.08137285012003,48.08137285012003,100.0
2800,1,29.250769272062737,29.250769272062737,100.0
2800,2,22.667857877817234,22.667857877817234,100.0
2900,0,30.00481522006389,30.00481522006389,100.0
2900,1,44.16125490003022,44.16125490003022,100.0
2900,2,25.83392987990589,25.83392987990589,100.0
3000,0,31.89920910698294,31.89920910698294,100.0
3000,1,29.81422506089914,29.81422506089914,100.0
3000,2,38.28656583211791,38.28656583211791,100.0
3100,0,41.4375099613367,41.4375099613367,100.0
3100,1,33.02069536956035,33.02069536956035,100.0
3100,2,25.541794669102945,25.541794669102945,100.0
3200,0,47.51397318228526,47.51397318228526,100.0
3200,1,26.50421777703992,26.50421777703992,100.0
3200,2,25.98180904067482,25.98180904067482,100.0
3300,0,41.543791507031,41.543791507031,100.0
3300,1,32.738169695621224,32.738169695621224,100.0
3300,2,25.71803879734778,25.71803879734778,100.0
3400,0,22.487942110229685,22.487942110229685,100.0
3400,1,43.552846445378215,43.552846445378215,100.0
3400,2,33.9592114443921,33.9592114443921,100.0
3500,0,53.77831208677251,53.77831208677251,100.0
3500,1,25.988456385884675,25.988456385884675,100.0
3500,2,20.233231527342838,20.233231527342838,100.0
3600,0,35.58072163668256,35.58072163668256,100.0
3600,1,28.28966196543106,28.28966196543106,100.0
3600,2,36.12961639788639,36.12961639788639,100.0
3700,0,37.16969697704625,37.16969697704625,100.0
3700,1,28.8603941950138,28.8603941950138,100.0
3700,2,33.969908827939946,33.969908827939946,100.0
3800,0,29.222682197149446,29.222682197149446,100.0
3800,1,31.48429241357309,31.48429241357309,100.0
3800,2,39.293025389277474,39.293025389277474,100.0
3900,0,33.40585751698535,33.40585751698535,100.0
3900,1,35.124909535055984,35.124909535055984,100.0
3900,2,31.46923294795867,31.46923294795867,100.0
4000,0,31.785053060444767,31.785053060444767,100.0
4000,1,28.458776610727437,28.458776610727437,100.0
4000,2,39.75617032882779,39.75617032882779,100.0
4100,0,38.546251035741506,38.546251035741506,100.0
4100,1,28.473480171224942,28.473480171224942,100.0
4100,2,32.98026879303355,32.98026879303355,100.0
4200,0,30.178584638776773,30.178584638776773,100.0
4200,1,39.01745716808619,39.01745716808619,100.0
4200,2,30.80395819313704,30.80395819313704,100.0
4300,0,30.118280083005892,30.118280083005892,100.0
4300,1,42.45766104645084,42.45766104645084,100.0
4300,2,27.424058870543284,27.424058870543284,100.0
4400,0,30.171710195232226,30.171710195232226,100.0
4400,1,47.32143732430297,47.32143732430297,100.0
4400,2,22.506852480464794,22.506852480464794,100.0
4500,0,22.867970005973167,22.867970005973167,100.0
4500,1,27.214113290493046,27.214113290493046,100.0
4500,2,49.91791670353379,49.91791670353379,100.0
4600,0,40.55097598591602,40.55097598591602,100.0
4600,1,29.50847889583825,29.50847889583825,100.0
4600,2,29.940545118245744,29.940545118245744,100.0
4700,0,29.48488643397419,29.48488643397419,100.0
4700,1,34.17544669537968,34.17544669537968,100.0
4700,2,36.339666870646134,36.339666870646134,100.0
4800,0,38.36168177276954,38.36168177276954,100.0
4800,1,36.20401320311692,36.20401320311692,100.0
4800,2,25.43430502411354,25.43430502411354,100.0
4900,0,38.68919739429862,38.68919739429862,100.0
4900,1,26.683817638747183,26.683817638747183,100.0
4900,2,34.626984966954204,34.626984966954204,100.0
5000,0,51.1618131503893,51.1618131503893,100.0
5000,1,30.03411751626003,30.03411751626003,100.0
5000,2,18.80406933335067,18.80406933335067,100.0
5100,0,48.21830825173693,48.21830825173693,100.0
5100,1,29.99135983920843,29.99135983920843,100.0
5100,2,21.790331909054636,21.790331909054636,100.0
5200,0,23.711534901786823,23.711534901786823,100.0
5200,1,26.570349446425155,26.570349446425155,100.0
5200,2,49.71811565178802,49.71811565178802,100.0
5300,0,48.95547595405086,48.95547595405086,100.0
5300,1,28.718730248839737,28.718730248839737,100.0
5300,2,22.32579379710941,22.32579379710941,100.0
5400,0,27.128843801353863,27.128843801353863,100.0
5400,1,42.82875482416858,42.82875482416858,100.0
5400,2,30.042401374477556,30.042401374477556,100.0
5500,0,49.12087930890309,49.12087930890309,100.0
5500,1,31.992615173865374,31.992615173865374,100.0
5500,2,18.886505517231527,18.886505517231527,100.0
5600,0,28.25433108147259,28.25433108147259,100.0
5600,1,44.735245291310704,44.735245291310704,100.0
5600,2,27.010423627216706,27.010423627216706,100.0
5700,0,38.67648517925381,38.67648517925381,100.0
5700,1,41.46751404025055,41.46751404025055,100.0
5700,2,19.856000780495638,19.856000780495638,100.0
5800,0,22.351384945048338,22.351384945048338,100.0
5800,1,38.848698410604875,38.848698410604875,100.0
5800,2,38.79991664434678,38.79991664434678,100.0
5900,0,30.0250437119297,30.0250437119297,100.0
5900,1,43.342082496276255,43.342082496276255,100.0
5900,2,26.632873791794044,26.632873791794044,100.0
6000,0,37.48911550906257,37.48911550906257,100.0
6000,1,36.30615199235667,36.30615199235667,100.0
6000,2,26.204732498580764,26.204732498580764,100.0
6100,0,31.35279634040609,31.35279634040609,100.0
6100,1,29.246666606700433,29.246666606700433,100.0
6100,2,39.400537052893476,39.400537052893476,100.0
6200,0,36.44490073211465,36.44490073211465,100.0
6200,1,35.60389773666627,35.60389773666627,100.0
6200,2,27.951201531219084,27.951201531219084,100.0
6300,0,29.6245989771431,29.6245989771431,100.0
6300,1,43.8453719776836,43.8453719776836,100.0
6300,2,26.530029045173304,26.530029045173304,100.0
6400,0,33.54257114921592,33.54257114921592,100.0
6400,1,33.68577192688297,33.68577192688297,100.0
6400,2,32.77165692390112,32.77165692390112,100.0
6500,0,24.900623249137812,24.900623249137812,100.0
6500,1,44.75423866391267,44.75423866391267,100.0
6500,2,30.345138086949518,30.345138086949518,100.0
6600,0,52.75432809935624,52.75432809935624,100.0
6600,1,27.700080792975978,27.700080792975978,100.0
6600,2,19.545591107667782,19.545591107667782,100.0
6700,0,31.342970624155775,31.342970624155775,100.0
6700,1,45.850833025530456,45.850833025530456,100.0
6700,2,22.80619635031377,22.80619635031377,100.0
6800,0,24.190340052806587,24.190340052806587,100.0
6800,1,43.10128147728632,43.10128147728632,100.0
6800,2,32.708378469907096,32.708378469907096,100.0
6900,0,49.88422534420053,49.88422534420053,100.0
6900,1,26.588598026379785,26.588598026379785,100.0
6900,2,23.52717662941969,23.52717662941969,100.0
7000,0,35.14458385284016,35.14458385284016,100.0
7000,1,43.725219671584725,43.725219671584725,100.0
7000,2,21.13019647557512,21.13019647557512,100.0
7100,0,44.47770724077324,44.47770724077324,100.0
7100,1,30.387183570497555,30.387183570497555,100.0
7100,2,25.135109188729203,25.135109188729203,100.0
7200,0,43.30614998438564,43.30614998438564,100.0
7200,1,39.375541715793844,39.375541715793844,100.0
7200,2,17.31830829982051,17.31830829982051,100.0
7300,0,40.340025769985445,40.340025769985445,100.0
7300,1,24.238420630388482,24.238420630388482,100.0
7300,2,35.42155359962607,35.42155359962607,100.0
7400,0,52.9807700509519,52.9807700509519,100.0
7400,1,25.837940136163308,25.837940136163308,100.0
7400,2,21.181289812884792,21.181289812884792,100.0
7500,0,44.63057949325568,44.63057949325568,100.0
7500,1,26.061942631014002,26.061942631014002,100.0
7500,2,29.307477875730314,29.307477875730314,100.0
7600,0,34.74654824592815,34.74654824592815,100.0
7600,1,28.642696382514753,28.642696382514753,100.0
7600,2,36.6107553715571,36.6107553715571,100.0
7700,0,24.47055167459158,24.47055167459158,100.0
7700,1,51.08315771731837,51.08315771731837,100.0
7700,2,24.44629060809004,24.44629060809004,100.0
7800,0,34.262884722659386,34.262884722659386,100.0
7800,1,31.921759305981123,31.921759305981123,100.0
7800,2,33.815355971359494,33.815355971359494,100.0
7900,0,33.463398888647546,33.463398888647546,100.0
7900,1,46.605842036964226,46.605842036964226,100.0
7900,2,19.93075907438823,19.93075907438823,100.0
8000,0,35.52067670893862,35.52067670893862,100.0
8000,1,41.19862859098641,41.19862859098641,100.0
8000,2,23.28069470007497,23.28069470007497,100.0
8100,0,25.979178127631975,25.979178127631975,100.0
8100,1,35.08181327674168,35.08181327674168,100.0
8100,2,38.93900859562635,38.93900859562635,100.0
8200,0,38.387487497056554,38.387487497056554,100.0
8200,1,27.476285155928647,27.476285155928647,100.0
8200,2,34.1362273470148,34.1362273470148,100.0
8300,0,53.99474239868367,53.99474239868367,100.0
8300,1,26.336493429155976,26.336493429155976,100.0
8300,2,19.66876417216036,19.66876417216036,100.0
8400,0,42.4389003076865,42.4389003076865,100.0
8400,1,27.462386307387497,27.462386307387497,100.0
8400,2,30.098713384925997,30.098713384925997,100.0
8500,0,24.518203844756147,24.518203844756147,100.0
8500,1,26.197253144978117,26.197253144978117,100.0
8500,2,49.28454301026574,49.28454301026574,100.0
8600,0,29.8795341547662,29.8795341547662,100.0
8600,1,36.08478035267642,36.08478035267642,100.0
8600,2,34.035685492557384,34.035685492557384,100.0
8700,0,30.480512196365783,30.480512196365783,100.0
8700,1,42.039787756181305,42.039787756181305,100.0
8700,2,27.479700047452916,27.479700047452916,100.0
8800,0,34.664779128149604,34.664779128149604,100.0
8800,1,39.879388241211664,39.879388241211664,100.0
8800,2,25.45583263063873,25.45583263063873,100.0
8900,0,37.65143883355026,37.65143883355026,100.0
8900,1,38.13055081259862,38.13055081259862,100.0
8900,2,24.21801035385112,24.21801035385112,100.0
9000,0,35.24059130261425,35.24059130261425,100.0
9000,1,33.90825076420022,33.90825076420022,100.0
9000,2,30.851157933185537,30.851157933185537,100.0
9100,0,43.85611893391908,43.85611893391908,100.0
9100,1,28.24436215351257,28.24436215351257,100.0
9100,2,27.899518912568354,27.899518912568354,100.0
9200,0,38.38782299936372,38.38782299936372,100.0
9200,1,28.20270880327461,28.20270880327461,100.0
9200,2,33.409468197361676,33.409468197361676,100.0
9300,0,41.833247994530986,41.833247994530986,100.0
9300,1,37.9293194081806,37.9293194081806,100.0
9300,2,20.237432597288414,20.237432597288414,100.0
9400,0,46.302536798826964,46.302536798826964,100.0
9400,1,30.433443204203954,30.433443204203954,100.0
9400,2,23.264019996969093,23.264019996969093,100.0
9500,0,34.62375486769651,34.62375486769651,100.0
9500,1,38.37575620317219,38.37575620317219,100.0
9500,2,27.00048892913131,27.00048892913131,100.0
9600,0,28.123578289839873,28.123578289839873,100.0
9600,1,31.799501976519412,31.799501976519412,100.0
9600,2,40.076919733640715,40.076919733640715,100.0
9700,0,43.26807377805366,43.26807377805366,100.0
9700,1,38.76746758145748,38.76746758145748,100.0
9700,2,17.96445864048886,17.96445864048886,100.0
9800,0,35.57300021224622,35.57300021224622,100.0
9800,1,34.77541282815211,34.77541282815211,100.0
9800,2,29.651586959601662,29.651586959601662,100.0
9900,0,42.88462643901096,42.88462643901096,100.0
9900,1,38.77891399749879,38.77891399749879,100.0
9900,2,18.336459563490244,18.336459563490244,100.0
