timestamp,sliceId,dedicatedPRB,minPRB,maxPRB
510,0,25.110579226630914,25.110579226630914,100.0
510,1,27.434735812720522,27.434735812720522,100.0
510,2,47.454684960648564,47.454684960648564,100.0
520,0,45.91745653839337,45.91745653839337,100.0
520,1,31.04410479408861,31.04410479408861,100.0
520,2,23.038438667518022,23.038438667518022,100.0
530,0,36.9138186436588,36.9138186436588,100.0
530,1,29.419296756339218,29.419296756339218,100.0
530,2,33.666884600001985,33.666884600001985,100.0
540,0,37.14238501390902,37.14238501390902,100.0
540,1,35.29148863919138,35.29148863919138,100.0
540,2,27.566126346899605,27.566126346899605,100.0
550,0,36.09368729261489,36.09368729261489,100.0
550,1,37.680172501910555,37.680172501910555,100.0
550,2,26.226140205474564,26.226140205474564,100.0
560,0,37.55328931635999,37.55328931635999,100.0
560,1,37.109917130461405,37.109917130461405,100.0
560,2,25.33679355317861,25.33679355317861,100.0
570,0,52.22424842017796,52.22424842017796,100.0
570,1,25.93256865246907,25.93256865246907,100.0
570,2,21.843182927352977,21.843182927352977,100.0
580,0,32.00562828204191,32.00562828204191,100.0
580,1,28.00154205529084,28.00154205529084,100.0
580,2,39.99282966266725,39.99282966266725,100.0
590,0,36.29980546228088,36.29980546228088,100.0
590,1,37.62890621623831,37.62890621623831,100.0
590,2,26.07128832148081,26.07128832148081,100.0
600,0,49.93609254253021,49.93609254253021,100.0
600,1,29.90453487694208,29.90453487694208,100.0
600,2,20.159372580527712,20.159372580527712,100.0
610,0,44.124051735396456,44.124051735396456,100.0
610,1,36.1611271248925,36.1611271248925,100.0
610,2,19.714821139711052,19.714821139711052,100.0
620,0,25.487376761243326,25.487376761243326,100.0
620,1,51.10516400808447,51.10516400808447,100.0
620,2,23.407459230672213,23.407459230672213,100.0
630,0,34.6711469955639,34.6711469955639,100.0
630,1,28.05866935432156,28.05866935432156,100.0
630,2,37.27018365011455,37.27018365011455,100.0
640,0,43.00506653380541,43.00506653380541,100.0
640,1,24.383434525175126,24.383434525175126,100.0
640,2,32.61149894101947,32.61149894101947,100.0
650,0,33.72132149550801,33.72132149550801,100.0
650,1,44.19541723459529,44.19541723459529,100.0
650,2,22.083261269896703,22.083261269896703,100.0
660,0,33.075359407828145,33.075359407828145,100.0
660,1,33.88906716901743,33.88906716901743,100.0
660,2,33.035573423154425,33.035573423154425,100.0
670,0,46.10520755446582,46.10520755446582,100.0
670,1,31.81422993835318,31.81422993835318,100.0
670,2,22.080562507181003,22.080562507181003,100.0
680,0,32.86053442481727,32.86053442481727,100.0
680,1,33.70823147473383,33.70823147473383,100.0
680,2,33.431234100448904,33.431234100448904,100.0
690,0,23.065970362239533,23.065970362239533,100.0
690,1,49.67329779680203,49.67329779680203,100.0
690,2,27.260731840958428,27.260731840958428,100.0
700,0,24.321406721266566,24.321406721266566,100.0
700,1,25.4815635343839,25.4815635343839,100.0
700,2,50.19702974434953,50.19702974434953,100.0
710,0,25.06024427669265,25.06024427669265,100.0
710,1,26.452254729393722,26.452254729393722,100.0
710,2,48.487500993913635,48.487500993913635,100.0
720,0,46.2230664482296,46.2230664482296,100.0
720,1,29.791539816561613,29.791539816561613,100.0
720,2,23.98539373520879,23.98539373520879,100.0
730,0,49.1009313056283,49.1009313056283,100.0
730,1,26.683460071903013,26.683460071903013,100.0
730,2,24.21560862246868,24.21560862246868,100.0
740,0,38.39613292973061,38.39613292973061,100.0
740,1,28.85308340616184,28.85308340616184,100.0
740,2,32.75078366410755,32.75078366410755,100.0
750,0,27.637024068055943,27.637024068055943,100.0
750,1,30.175675842756522,30.175675842756522,100.0
750,2,42.18730008918754,42.18730008918754,100.0
760,0,38.703145678640595,38.703145678640595,100.0
760,1,38.72948664754611,38.72948664754611,100.0
760,2,22.5673676738133,22.5673676738133,100.0
770,0,35.014767064500674,35.014767064500674,100.0
770,1,27.951958041221037,27.951958041221037,100.0
770,2,37.03327489427829,37.03327489427829,100.0
780,0,30.07490235157187,30.07490235157187,100.0
780,1,43.19158517044478,43.19158517044478,100.0
780,2,26.733512477983346,26.733512477983346,100.0
790,0,39.06715691667001,39.06715691667001,100.0
790,1,30.277029637593134,30.277029637593134,100.0
790,2,30.65581344573685,30.65581344573685,100.0
800,0,37.61790255860361,37.61790255860361,100.0
800,1,32.93383242577939,32.93383242577939,100.0
800,2,29.448265015616993,29.448265015616993,100.0
810,0,22.859567149222425,22.859567149222425,100.0
810,1,34.616636508987284,34.616636508987284,100.0
810,2,42.52379634179029,42.52379634179029,100.0
820,0,43.945332741803014,43.945332741803014,100.0
820,1,29.859968032806695,29.859968032806695,100.0
820,2,26.194699225390295,26.194699225390295,100.0
830,0,43.0533609833434,43.0533609833434,100.0
830,1,27.273056029595743,27.273056029595743,100.0
830,2,29.673582987060858,29.673582987060858,100.0
840,0,33.102104078973355,33.102104078973355,100.0
840,1,24.445440148858808,24.445440148858808,100.0
840,2,42.45245577216784,42.45245577216784,100.0
850,0,29.411709837524235,29.411709837524235,100.0
850,1,27.97268703568015,27.97268703568015,100.0
850,2,42.61560312679562,42.61560312679562,100.0
860,0,28.654725470383656,28.654725470383656,100.0
860,1,47.36683601162006,47.36683601162006,100.0
860,2,23.978438517996292,23.978438517996292,100.0
870,0,30.554067541479146,30.554067541479146,100.0
870,1,48.235612324224526,48.235612324224526,100.0
870,2,21.210320134296328,21.210320134296328,100.0
880,0,43.497759260554716,43.497759260554716,100.0
880,1,27.277045062919925,27.277045062919925,100.0
880,2,29.225195676525363,29.225195676525363,100.0
890,0,40.027877650424074,40.027877650424074,100.0
890,1,28.549181411804668,28.549181411804668,100.0
890,2,31.42294093777126,31.42294093777126,100.0
900,0,24.718090198069472,24.718090198069472,100.0
900,1,29.044240899067635,29.044240899067635,100.0
900,2,46.23766890286289,46.23766890286289,100.0
910,0,36.035883268475644,36.035883268475644,100.0
910,1,44.34628345284255,44.34628345284255,100.0
910,2,19.61783327868181,19.61783327868181,100.0
920,0,39.10469553003114,39.10469553003114,100.0
920,1,31.784505885521995,31.784505885521995,100.0
920,2,29.11079858444687,29.11079858444687,100.0
930,0,27.787284528801493,27.787284528801493,100.0
930,1,27.656983263808705,27.656983263808705,100.0
930,2,44.555732207389816,44.555732207389816,100.0
940,0,48.82771516079997,48.82771516079997,100.0
940,1,28.603274866267824,28.603274866267824,100.0
940,2,22.569009972932214,22.569009972932214,100.0
950,0,43.288793882840906,43.288793882840906,100.0
950,1,30.53488517102435,30.53488517102435,100.0
950,2,26.176320946134744,26.176320946134744,100.0
960,0,33.877969847927666,33.877969847927666,100.0
960,1,30.355699642112498,30.355699642112498,100.0
960,2,35.76633050995983,35.76633050995983,100.0
970,0,44.431589747411195,44.431589747411195,100.0
970,1,32.121361065806816,32.121361065806816,100.0
970,2,23.44704918678199,23.44704918678199,100.0
980,0,35.734198670742266,35.734198670742266,100.0
980,1,42.88283908053162,42.88283908053162,100.0
980,2,21.382962248726116,21.382962248726116,100.0
990,0,38.76449777133715,38.76449777133715,100.0
990,1,31.007686078603353,31.007686078603353,100.0
990,2,30.227816150059507,30.227816150059507,100.0
1000,0,39.653958255599484,39.653958255599484,100.0
1000,1,24.485060832934032,24.485060832934032,100.0
1000,2,35.86098091146649,35.86098091146649,100.0
1010,0,39.2784036493798,39.2784036493798,100.0
1010,1,27.705173942455147,27.705173942455147,100.0
1010,2,33.016422408165056,33.016422408165056,100.0
1020,0,35.4482865304212,35.4482865304212,100.0
1020,1,37.632822829741905,37.632822829741905,100.0
1020,2,26.918890639836903,26.918890639836903,100.0
1030,0,25.598962433726292,25.598962433726292,100.0
1030,1,27.207368365961916,27.207368365961916,100.0
1030,2,47.193669200311795,47.193669200311795,100.0
1040,0,26.35092344766004,26.35092344766004,100.0
1040,1,35.30897384872637,35.30897384872637,100.0
1040,2,38.34010270361359,38.34010270361359,100.0
1050,0,35.62897379383979,35.62897379383979,100.0
1050,1,44.02136408399746,44.02136408399746,100.0
1050,2,20.349662122162748,20.349662122162748,100.0
1060,0,22.180386701038252,22.180386701038252,100.0
1060,1,39.39008971571221,39.39008971571221,100.0
1060,2,38.429523583249534,38.429523583249534,100.0
1070,0,44.18404468140905,44.18404468140905,100.0
1070,1,29.487451802332988,29.487451802332988,100.0
1070,2,26.32850351625796,26.32850351625796,100.0
1080,0,29.14795382027006,29.14795382027006,100.0
1080,1,48.363506830115085,48.363506830115085,100.0
1080,2,22.48853934961485,22.48853934961485,100.0
1090,0,29.246482056736,29.246482056736,100.0
1090,1,35.451403377635835,35.451403377635835,100.0
1090,2,35.30211456562816,35.30211456562816,100.0
1100,0,37.166664988147616,37.166664988147616,100.0
1100,1,36.56565641871887,36.56565641871887,100.0
1100,2,26.267678593133514,26.267678593133514,100.0
1110,0,33.67072805284995,33.67072805284995,100.0
1110,1,33.76142334537384,33.76142334537384,100.0
1110,2,32.567848601776205,32.567848601776205,100.0
1120,0,35.42980858379383,35.42980858379383,100.0
1120,1,33.07557645148379,33.07557645148379,100.0
1120,2,31.494614964722384,31.494614964722384,100.0
1130,0,22.177213722056347,22.177213722056347,100.0
1130,1,45.728059950766465,45.728059950766465,100.0
1130,2,32.09472632717719,32.09472632717719,100.0
1140,0,40.902842311503576,40.902842311503576,100.0
1140,1,35.135220254456165,35.135220254456165,100.0
1140,2,23.961937434040255,23.961937434040255,100.0
1150,0,49.94142120831655,49.94142120831655,100.0
1150,1,27.724624452610275,27.724624452610275,100.0
1150,2,22.33395433907318,22.33395433907318,100.0
1160,0,30.7091851499948,30.7091851499948,100.0
1160,1,40.37785934334224,40.37785934334224,100.0
1160,2,28.912955506662964,28.912955506662964,100.0
1170,0,28.79396602918083,28.79396602918083,100.0
1170,1,29.389581542869458,29.389581542869458,100.0
1170,2,41.81645242794971,41.81645242794971,100.0
1180,0,33.80671482638172,33.80671482638172,100.0
1180,1,30.985398333040195,30.985398333040195,100.0
1180,2,35.2078868405781,35.2078868405781,100.0
1190,0,23.897322927560843,23.897322927560843,100.0
1190,1,30.773857701796846,30.773857701796846,100.0
1190,2,45.32881937064231,45.32881937064231,100.0
1200,0,40.452618181087814,40.452618181087814,100.0
1200,1,28.59945594310177,28.59945594310177,100.0
1200,2,30.947925875810427,30.947925875810427,100.0
1210,0,41.463011630031424,41.463011630031424,100.0
1210,1,32.116145387784336,32.116145387784336,100.0
1210,2,26.42084298218425,26.42084298218425,100.0
1220,0,38.47718775677787,38.47718775677787,100.0
1220,1,24.150265272033288,24.150265272033288,100.0
1220,2,37.372546971188854,37.372546971188854,100.0
1230,0,29.025354196735385,29.025354196735385,100.0
1230,1,35.83181119920794,35.83181119920794,100.0
1230,2,35.142834604056674,35.142834604056674,100.0
1240,0,28.183976313152243,28.183976313152243,100.0
1240,1,37.0813745221788,37.0813745221788,100.0
1240,2,34.734649164668966,34.734649164668966,100.0
1250,0,45.20799821514093,45.20799821514093,100.0
1250,1,24.48621019667085,24.48621019667085,100.0
1250,2,30.305791588188224,30.305791588188224,100.0
1260,0,45.0807102944385,45.0807102944385,100.0
1260,1,25.66624183917503,25.66624183917503,100.0
1260,2,29.253047866386478,29.253047866386478,100.0
1270,0,47.66813388981712,47.66813388981712,100.0
1270,1,28.14453057379893,28.14453057379893,100.0
1270,2,24.18733553638395,24.18733553638395,100.0
1280,0,44.2604154909128,44.2604154909128,100.0
1280,1,30.109871434820622,30.109871434820622,100.0
1280,2,25.62971307426658,25.62971307426658,100.0
1290,0,33.109734173613404,33.109734173613404,100.0
1290,1,30.317786460987083,30.317786460987083,100.0
1290,2,36.572479365399516,36.572479365399516,100.0
1300,0,40.25967412463815,40.25967412463815,100.0
1300,1,30.140550810948902,30.140550810948902,100.0
1300,2,29.59977506441294,29.59977506441294,100.0
1310,0,34.02833516327996,34.02833516327996,100.0
1310,1,37.30602802495916,37.30602802495916,100.0
1310,2,28.665636811760876,28.665636811760876,100.0
1320,0,33.8778019748973,33.8778019748973,100.0
1320,1,26.530636322352386,26.530636322352386,100.0
1320,2,39.59156170275031,39.59156170275031,100.0
1330,0,28.470429759194975,28.470429759194975,100.0
1330,1,38.32448792469768,38.32448792469768,100.0
1330,2,33.20508231610735,33.20508231610735,100.0
1340,0,24.83903949938625,24.83903949938625,100.0
1340,1,34.70421220293125,34.70421220293125,100.0
1340,2,40.4567482976825,40.4567482976825,100.0
1350,0,39.86422603538939,39.86422603538939,100.0
1350,1,25.388114296024767,25.388114296024767,100.0
1350,2,34.74765966858583,34.74765966858583,100.0
1360,0,40.808447242633605,40.808447242633605,100.0
1360,1,30.774253609622182,30.774253609622182,100.0
1360,2,28.417299147744217,28.417299147744217,100.0
1370,0,46.74902138719761,46.74902138719761,100.0
1370,1,29.177584465696192,29.177584465696192,100.0
1370,2,24.073394147106196,24.073394147106196,100.0
1380,0,23.767024920364964,23.767024920364964,100.0
1380,1,38.04928549811423,38.04928549811423,100.0
1380,2,38.1836895815208,38.1836895815208,100.0
1390,0,35.418855219550935,35.418855219550935,100.0
1390,1,28.536646326766885,28.536646326766885,100.0
1390,2,36.04449845368218,36.04449845368218,100.0
1400,0,38.117190958727306,38.117190958727306,100.0
1400,1,31.342230105982004,31.342230105982004,100.0
1400,2,30.54057893529069,30.54057893529069,100.0
1410,0,44.93736255172218,44.93736255172218,100.0
1410,1,24.825139333609297,24.825139333609297,100.0
1410,2,30.237498114668526,30.237498114668526,100.0
1420,0,22.54405554033605,22.54405554033605,100.0
1420,1,41.60914289701427,41.60914289701427,100.0
1420,2,35.846801562649674,35.846801562649674,100.0
1430,0,34.97142697162629,34.97142697162629,100.0
1430,1,33.19519799019092,33.19519799019092,100.0
1430,2,31.833375038182787,31.833375038182787,100.0
1440,0,39.433755249717905,39.433755249717905,100.0
1440,1,29.60326919261334,29.60326919261334,100.0
1440,2,30.96297555766876,30.96297555766876,100.0
1450,0,30.992655331806425,30.992655331806425,100.0
1450,1,34.10882849646383,34.10882849646383,100.0
1450,2,34.898516171729746,34.898516171729746,100.0
1460,0,27.24846348672966,27.24846348672966,100.0
1460,1,50.51512314151741,50.51512314151741,100.0
1460,2,22.23641337175295,22.23641337175295,100.0
1470,0,26.084608893723505,26.084608893723505,100.0
1470,1,46.28861513814792,46.28861513814792,100.0
1470,2,27.626775968128577,27.626775968128577,100.0
1480,0,40.06167313216346,40.06167313216346,100.0
1480,1,28.2126931294715,28.2126931294715,100.0
1480,2,31.725633738365033,31.725633738365033,100.0
1490,0,23.95176425821896,23.95176425821896,100.0
1490,1,31.502793509317467,31.502793509317467,100.0
1490,2,44.54544223246357,44.54544223246357,100.0
1500,0,23.856511968300914,23.856511968300914,100.0
1500,1,53.71621304102278,53.71621304102278,100.0
1500,2,22.427274990676295,22.427274990676295,100.0
