timestamp,sliceId,dedicatedPRB,minPRB,maxPRB
510,0,31.201810652398432,31.201810652398432,100.0
510,1,28.546472644463993,28.546472644463993,100.0
510,2,40.25171670313757,40.25171670313757,100.0
520,0,32.02964735495685,32.02964735495685,100.0
520,1,47.85625727645319,47.85625727645319,100.0
520,2,20.114095368589958,20.114095368589958,100.0
530,0,22.494335352570875,22.494335352570875,100.0
530,1,30.399695746612608,30.399695746612608,100.0
530,2,47.10596890081652,47.10596890081652,100.0
540,0,26.308759714642783,26.308759714642783,100.0
540,1,33.30158605170902,33.30158605170902,100.0
540,2,40.3896542336482,40.3896542336482,100.0
550,0,34.15548767242829,34.15548767242829,100.0
550,1,37.36841455439423,37.36841455439423,100.0
550,2,28.476097773177493,28.476097773177493,100.0
