timestamp,ueImsi,sliceId,dTxBytes,dRxBytes,plr,resourceSharePct,dLostPackets,throughputMbps,bufferBytes
560,1,0,24448,1528,93.75,23.90,15,1.2224,133885
560,2,0,24448,1528,93.75,23.90,15,1.2224,133884
560,3,0,24448,1528,93.75,23.90,15,1.2224,133893
560,4,0,24448,1528,93.75,23.90,15,1.2224,133895
560,5,0,24448,1528,93.75,23.90,15,1.2224,133866
560,6,1,390,312,20.00,50.29,1,0.2496,169
560,7,1,390,312,20.00,50.29,1,0.2496,169
560,8,1,390,312,20.00,50.29,1,0.2496,169
560,9,1,390,312,20.00,50.29,1,0.2496,169
560,10,1,390,312,20.00,50.29,1,0.2496,169
560,11,2,16000,896,94.40,25.81,118,0.7168,90604
560,12,2,16000,768,95.20,25.81,119,0.6144,90597
560,13,2,16000,768,95.20,25.81,119,0.6144,90605
560,14,2,16000,768,95.20,25.81,119,0.6144,90605
560,15,2,16000,768,95.20,25.81,119,0.6144,90660
560,16,2,16000,768,95.20,25.81,119,0.6144,90661
560,17,2,16000,768,95.20,25.81,119,0.6144,90560
560,18,2,16000,768,95.20,25.81,119,0.6144,90566
560,19,2,16000,768,95.20,25.81,119,0.6144,90658
560,20,2,16000,768,95.20,25.81,119,0.6144,90658
