timestamp,sliceId,dedicatedPRB,minPRB,maxPRB
510,0,43.65796758273754,43.65796758273754,100.0
510,1,30.313331939781403,30.313331939781403,100.0
510,2,26.028700477481053,26.028700477481053,100.0
520,0,38.289279937482966,38.289279937482966,100.0
520,1,41.577705225509156,41.577705225509156,100.0
520,2,20.133014837007877,20.133014837007877,100.0
530,0,25.410503740432688,25.410503740432688,100.0
530,1,33.31657862643041,33.31657862643041,100.0
530,2,41.272917633136906,41.272917633136906,100.0
540,0,21.749995647181635,21.749995647181635,100.0
540,1,39.043074105123935,39.043074105123935,100.0
540,2,39.20693024769444,39.20693024769444,100.0
550,0,47.7940005697093,47.7940005697093,100.0
550,1,32.20208544004885,32.20208544004885,100.0
550,2,20.003913990241863,20.003913990241863,100.0
560,0,33.494313389591554,33.494313389591554,100.0
560,1,40.07226041609401,40.07226041609401,100.0
560,2,26.433426194314436,26.433426194314436,100.0
570,0,26.513513880256394,26.513513880256394,100.0
570,1,27.212591616624948,27.212591616624948,100.0
570,2,46.273894503118655,46.273894503118655,100.0
580,0,23.35089362386685,23.35089362386685,100.0
580,1,26.663083238002717,26.663083238002717,100.0
580,2,49.98602313813044,49.98602313813044,100.0
590,0,21.870644274768654,21.870644274768654,100.0
590,1,32.76701599252843,32.76701599252843,100.0
590,2,45.362339732702914,45.362339732702914,100.0
600,0,30.668834537625695,30.668834537625695,100.0
600,1,46.663303158910075,46.663303158910075,100.0
600,2,22.66786230346424,22.66786230346424,100.0
610,0,26.383776927575394,26.383776927575394,100.0
610,1,32.01241218487594,32.01241218487594,100.0
610,2,41.603810887548676,41.603810887548676,100.0
620,0,36.58397587076618,36.58397587076618,100.0
620,1,35.236303950093195,35.236303950093195,100.0
620,2,28.179720179140627,28.179720179140627,100.0
630,0,33.21850574026814,33.21850574026814,100.0
630,1,36.901936146111204,36.901936146111204,100.0
630,2,29.879558113620654,29.879558113620654,100.0
640,0,35.654783791631864,35.654783791631864,100.0
640,1,30.949485563189228,30.949485563189228,100.0
640,2,33.395730645178915,33.395730645178915,100.0
650,0,42.65340861799367,42.65340861799367,100.0
650,1,36.69860334337153,36.69860334337153,100.0
650,2,20.647988038634796,20.647988038634796,100.0
660,0,38.98982771521755,38.98982771521755,100.0
660,1,39.323116993735155,39.323116993735155,100.0
660,2,21.6870552910473,21.6870552910473,100.0
670,0,30.100785812976525,30.100785812976525,100.0
670,1,28.291134749892233,28.291134749892233,100.0
670,2,41.60807943713124,41.60807943713124,100.0
680,0,40.2900575656889,40.2900575656889,100.0
680,1,27.49943057533082,27.49943057533082,100.0
680,2,32.21051185898028,32.21051185898028,100.0
690,0,42.407599465769074,42.407599465769074,100.0
690,1,31.09067252789499,31.09067252789499,100.0
690,2,26.501728006335938,26.501728006335938,100.0
700,0,26.98847038608224,26.98847038608224,100.0
700,1,29.595485346961546,29.595485346961546,100.0
700,2,43.41604426695621,43.41604426695621,100.0
710,0,27.713910936908338,27.713910936908338,100.0
710,1,35.4415081773815,35.4415081773815,100.0
710,2,36.844580885710165,36.844580885710165,100.0
720,0,45.97709416818977,45.97709416818977,100.0
720,1,35.17743954500335,35.17743954500335,100.0
720,2,18.84546628680687,18.84546628680687,100.0
730,0,26.918816453439497,26.918816453439497,100.0
730,1,33.13955374833872,33.13955374833872,100.0
730,2,39.9416297982218,39.9416297982218,100.0
740,0,38.55946154146994,38.55946154146994,100.0
740,1,31.4907331651119,31.4907331651119,100.0
740,2,29.94980529341815,29.94980529341815,100.0
750,0,33.36322093134254,33.36322093134254,100.0
750,1,36.39924699460095,36.39924699460095,100.0
750,2,30.23753207405651,30.23753207405651,100.0
760,0,24.50397505935619,24.50397505935619,100.0
760,1,42.551366375214585,42.551366375214585,100.0
760,2,32.94465856542922,32.94465856542922,100.0
770,0,23.097737887373487,23.097737887373487,100.0
770,1,54.01429790768344,54.01429790768344,100.0
770,2,22.887964204943074,22.887964204943074,100.0
780,0,33.779722293407815,33.779722293407815,100.0
780,1,38.42018547418016,38.42018547418016,100.0
780,2,27.800092232412034,27.800092232412034,100.0
790,0,28.988024972575456,28.988024972575456,100.0
790,1,40.191509770692754,40.191509770692754,100.0
790,2,30.820465256731804,30.820465256731804,100.0
800,0,38.5936715926472,38.5936715926472,100.0
800,1,34.48366110403847,34.48366110403847,100.0
800,2,26.922667303314352,26.922667303314352,100.0
810,0,26.8494837255518,26.8494837255518,100.0
810,1,43.904872057296316,43.904872057296316,100.0
810,2,29.245644217151895,29.245644217151895,100.0
820,0,35.339893369039345,35.339893369039345,100.0
820,1,40.489464789890356,40.489464789890356,100.0
820,2,24.1706418410703,24.1706418410703,100.0
830,0,34.28809352195358,34.28809352195358,100.0
830,1,24.226138911383195,24.226138911383195,100.0
830,2,41.485767566663235,41.485767566663235,100.0
840,0,26.36889781759765,26.36889781759765,100.0
840,1,28.88265461666887,28.88265461666887,100.0
840,2,44.748447565733485,44.748447565733485,100.0
850,0,22.80239683524404,22.80239683524404,100.0
850,1,55.40967900754291,55.40967900754291,100.0
850,2,21.78792415721305,21.78792415721305,100.0
860,0,38.35690577611351,38.35690577611351,100.0
860,1,32.23109732284127,32.23109732284127,100.0
860,2,29.411996901045228,29.411996901045228,100.0
870,0,32.741294119644344,32.741294119644344,100.0
870,1,46.778846895096855,46.778846895096855,100.0
870,2,20.479858985258797,20.479858985258797,100.0
880,0,52.20786231935579,52.20786231935579,100.0
880,1,27.890104852766516,27.890104852766516,100.0
880,2,19.90203282787769,19.90203282787769,100.0
890,0,40.8986193114517,40.8986193114517,100.0
890,1,26.719744502500237,26.719744502500237,100.0
890,2,32.38163618604807,32.38163618604807,100.0
900,0,26.244609155727705,26.244609155727705,100.0
900,1,54.29851140016666,54.29851140016666,100.0
900,2,19.45687944410564,19.45687944410564,100.0
910,0,35.14711235284235,35.14711235284235,100.0
910,1,39.64720307150373,39.64720307150373,100.0
910,2,25.205684575653915,25.205684575653915,100.0
920,0,38.98464484878909,38.98464484878909,100.0
920,1,40.066946476346885,40.066946476346885,100.0
920,2,20.948408674864027,20.948408674864027,100.0
930,0,27.518486471369975,27.518486471369975,100.0
930,1,31.55678456860105,31.55678456860105,100.0
930,2,40.92472896002898,40.92472896002898,100.0
940,0,24.10058980011626,24.10058980011626,100.0
940,1,28.192750308908515,28.192750308908515,100.0
940,2,47.706659890975224,47.706659890975224,100.0
950,0,40.62194706004143,40.62194706004143,100.0
950,1,39.346009469424594,39.346009469424594,100.0
950,2,20.03204347053397,20.03204347053397,100.0
960,0,43.35984546581082,43.35984546581082,100.0
960,1,32.88025512400717,32.88025512400717,100.0
960,2,23.759899410182005,23.759899410182005,100.0
970,0,30.829574557889394,30.829574557889394,100.0
970,1,38.67041620576922,38.67041620576922,100.0
970,2,30.500009236341384,30.500009236341384,100.0
980,0,23.368244178267933,23.368244178267933,100.0
980,1,43.78995827688261,43.78995827688261,100.0
980,2,32.84179754484946,32.84179754484946,100.0
990,0,48.07310693918819,48.07310693918819,100.0
990,1,30.81696003681361,30.81696003681361,100.0
990,2,21.109933023998202,21.109933023998202,100.0
1000,0,33.32683229969191,33.32683229969191,100.0
1000,1,47.30025573717731,47.30025573717731,100.0
1000,2,19.372911963130793,19.372911963130793,100.0
1010,0,25.997872491936235,25.997872491936235,100.0
1010,1,42.33153615823711,42.33153615823711,100.0
1010,2,31.67059134982666,31.67059134982666,100.0
1020,0,44.57815389672858,44.57815389672858,100.0
1020,1,37.804622192640295,37.804622192640295,100.0
1020,2,17.61722391063113,17.61722391063113,100.0
1030,0,31.745023767512325,31.745023767512325,100.0
1030,1,41.189874902936005,41.189874902936005,100.0
1030,2,27.065101329551666,27.065101329551666,100.0
1040,0,22.457729760578793,22.457729760578793,100.0
1040,1,26.31310083851104,26.31310083851104,100.0
1040,2,51.229169400910166,51.229169400910166,100.0
1050,0,33.90292569548439,33.90292569548439,100.0
1050,1,34.16604424365862,34.16604424365862,100.0
1050,2,31.931030060856987,31.931030060856987,100.0
1060,0,25.07515334556136,25.07515334556136,100.0
1060,1,29.028617686232323,29.028617686232323,100.0
1060,2,45.89622896820631,45.89622896820631,100.0
1070,0,45.46002310894481,45.46002310894481,100.0
1070,1,29.944672279037583,29.944672279037583,100.0
1070,2,24.5953046120176,24.5953046120176,100.0
1080,0,47.05852741956743,47.05852741956743,100.0
1080,1,28.647223489107503,28.647223489107503,100.0
1080,2,24.294249091325067,24.294249091325067,100.0
1090,0,44.275404913179884,44.275404913179884,100.0
1090,1,36.69858191463716,36.69858191463716,100.0
1090,2,19.02601317218295,19.02601317218295,100.0
1100,0,23.860427382330556,23.860427382330556,100.0
1100,1,28.844961814947663,28.844961814947663,100.0
1100,2,47.294610802721785,47.294610802721785,100.0
1110,0,49.49978103498631,49.49978103498631,100.0
1110,1,30.99486157695972,30.99486157695972,100.0
1110,2,19.505357388053966,19.505357388053966,100.0
1120,0,29.244301063900615,29.244301063900615,100.0
1120,1,36.79593563662548,36.79593563662548,100.0
1120,2,33.95976329947391,33.95976329947391,100.0
1130,0,48.02407315679177,48.02407315679177,100.0
1130,1,26.246336038343653,26.246336038343653,100.0
1130,2,25.72959080486459,25.72959080486459,100.0
1140,0,24.395241231111665,24.395241231111665,100.0
1140,1,53.86004490794451,53.86004490794451,100.0
1140,2,21.744713860943815,21.744713860943815,100.0
1150,0,43.63708930239211,43.63708930239211,100.0
1150,1,28.214199572900412,28.214199572900412,100.0
1150,2,28.148711124707486,28.148711124707486,100.0
1160,0,22.679332514143898,22.679332514143898,100.0
1160,1,30.03705405453391,30.03705405453391,100.0
1160,2,47.283613431322195,47.283613431322195,100.0
1170,0,36.551903153136855,36.551903153136855,100.0
1170,1,31.755626349708262,31.755626349708262,100.0
1170,2,31.69247049715489,31.69247049715489,100.0
1180,0,28.61297292340445,28.61297292340445,100.0
1180,1,39.19277307231888,39.19277307231888,100.0
1180,2,32.194254004276665,32.194254004276665,100.0
1190,0,23.266049855481015,23.266049855481015,100.0
1190,1,51.21867313416766,51.21867313416766,100.0
1190,2,25.51527701035134,25.51527701035134,100.0
1200,0,48.1345133427999,48.1345133427999,100.0
1200,1,29.187684725333007,29.187684725333007,100.0
1200,2,22.67780193186709,22.67780193186709,100.0
1210,0,39.97060564351953,39.97060564351953,100.0
1210,1,26.44917924033223,26.44917924033223,100.0
1210,2,33.58021511614825,33.58021511614825,100.0
1220,0,46.63702583753986,46.63702583753986,100.0
1220,1,34.693021453563546,34.693021453563546,100.0
1220,2,18.669952708896602,18.669952708896602,100.0
1230,0,34.35909409410941,34.35909409410941,100.0
1230,1,36.13084535928282,36.13084535928282,100.0
1230,2,29.510060546607775,29.510060546607775,100.0
1240,0,46.094664493517826,46.094664493517826,100.0
1240,1,29.74006482611944,29.74006482611944,100.0
1240,2,24.165270680362735,24.165270680362735,100.0
1250,0,26.935155881101565,26.935155881101565,100.0
1250,1,43.95921304225453,43.95921304225453,100.0
1250,2,29.105631076643913,29.105631076643913,100.0
1260,0,40.181394815630675,40.181394815630675,100.0
1260,1,38.40330981205354,38.40330981205354,100.0
1260,2,21.415295372315782,21.415295372315782,100.0
1270,0,26.57584239487325,26.57584239487325,100.0
1270,1,43.76450410547144,43.76450410547144,100.0
1270,2,29.659653499655313,29.659653499655313,100.0
1280,0,32.418350097084925,32.418350097084925,100.0
1280,1,27.365703253519314,27.365703253519314,100.0
1280,2,40.215946649395775,40.215946649395775,100.0
1290,0,30.00796375246547,30.00796375246547,100.0
1290,1,41.967842628360216,41.967842628360216,100.0
1290,2,28.02419361917431,28.02419361917431,100.0
1300,0,33.86445299369791,33.86445299369791,100.0
1300,1,45.25783719784616,45.25783719784616,100.0
1300,2,20.877709808455936,20.877709808455936,100.0
1310,0,36.03652811794609,36.03652811794609,100.0
1310,1,34.01529609354588,34.01529609354588,100.0
1310,2,29.948175788508035,29.948175788508035,100.0
1320,0,32.099253720024315,32.099253720024315,100.0
1320,1,32.68780337821443,32.68780337821443,100.0
1320,2,35.21294290176126,35.21294290176126,100.0
1330,0,28.68884637919271,28.68884637919271,100.0
1330,1,25.250126871092434,25.250126871092434,100.0
1330,2,46.06102674971486,46.06102674971486,100.0
1340,0,53.170242165609075,53.170242165609075,100.0
1340,1,27.11529143712379,27.11529143712379,100.0
1340,2,19.714466397267135,19.714466397267135,100.0
1350,0,48.872108066884294,48.872108066884294,100.0
1350,1,28.73159689086217,28.73159689086217,100.0
1350,2,22.396295042253538,22.396295042253538,100.0
1360,0,34.12138590373549,34.12138590373549,100.0
1360,1,30.419320089207353,30.419320089207353,100.0
1360,2,35.45929400705716,35.45929400705716,100.0
1370,0,33.99877408343595,33.99877408343595,100.0
1370,1,27.16846340383226,27.16846340383226,100.0
1370,2,38.8327625127318,38.8327625127318,100.0
1380,0,46.9175943011898,46.9175943011898,100.0
1380,1,31.86756887194876,31.86756887194876,100.0
1380,2,21.214836826861433,21.214836826861433,100.0
1390,0,39.769234847630216,39.769234847630216,100.0
1390,1,38.64084862075203,38.64084862075203,100.0
1390,2,21.589916531617757,21.589916531617757,100.0
1400,0,41.55050898828328,41.55050898828328,100.0
1400,1,25.400147220924286,25.400147220924286,100.0
1400,2,33.049343790792435,33.049343790792435,100.0
1410,0,41.610452638734785,41.610452638734785,100.0
1410,1,28.94955746436795,28.94955746436795,100.0
1410,2,29.439989896897274,29.439989896897274,100.0
1420,0,31.95825275824807,31.95825275824807,100.0
1420,1,49.11852400611877,49.11852400611877,100.0
1420,2,18.92322323563317,18.92322323563317,100.0
1430,0,51.50419178513338,51.50419178513338,100.0
1430,1,27.98828296890038,27.98828296890038,100.0
1430,2,20.507525245966246,20.507525245966246,100.0
1440,0,35.9192567965385,35.9192567965385,100.0
1440,1,24.077771938977694,24.077771938977694,100.0
1440,2,40.00297126448382,40.00297126448382,100.0
1450,0,43.50363026371414,43.50363026371414,100.0
1450,1,28.92681026526507,28.92681026526507,100.0
1450,2,27.569559471020792,27.569559471020792,100.0
1460,0,48.54616363918636,48.54616363918636,100.0
1460,1,26.23051079724428,26.23051079724428,100.0
1460,2,25.223325563569375,25.223325563569375,100.0
1470,0,26.23699841871086,26.23699841871086,100.0
1470,1,38.28107731757295,38.28107731757295,100.0
1470,2,35.481924263716195,35.481924263716195,100.0
1480,0,37.60123858515977,37.60123858515977,100.0
1480,1,29.53620670606413,29.53620670606413,100.0
1480,2,32.8625547087761,32.8625547087761,100.0
1490,0,28.345855110741176,28.345855110741176,100.0
1490,1,28.586618084580333,28.586618084580333,100.0
1490,2,43.067526804678494,43.067526804678494,100.0
1500,0,32.3617138692745,32.3617138692745,100.0
1500,1,41.74631579422511,41.74631579422511,100.0
1500,2,25.891970336500382,25.891970336500382,100.0
