timestamp,ueImsi,sliceId,dTxBytes,dRxBytes,plr,resourceSharePct,dLostPackets,throughputMbps,bufferBytes
830,1,0,24448,1528,93.75,32.01,15,1.2224,757087
830,2,0,24448,1528,93.75,32.01,15,1.2224,757127
830,3,0,24448,1528,93.75,32.01,15,1.2224,757028
830,4,0,24448,1528,93.75,32.01,15,1.2224,756974
830,5,0,24448,1528,93.75,32.01,15,1.2224,756984
830,6,1,390,546,0.00,47.55,0,0.4368,87
830,7,1,390,546,0.00,47.55,0,0.4368,87
830,8,1,390,546,0.00,47.55,0,0.4368,87
830,9,1,390,546,0.00,47.55,0,0.4368,87
830,10,1,390,546,0.00,47.55,0,0.4368,87
830,11,2,16000,768,95.20,20.43,119,0.6144,507890
830,12,2,16000,768,95.20,20.43,119,0.6144,507866
830,13,2,16000,896,94.40,20.43,118,0.7168,507915
830,14,2,16000,896,94.40,20.43,118,0.7168,507930
830,15,2,16000,768,95.20,20.43,119,0.6144,507875
830,16,2,16000,768,95.20,20.43,119,0.6144,507958
830,17,2,16000,1792,88.80,20.43,111,1.4336,507817
830,18,2,16000,896,94.40,20.43,118,0.7168,507808
830,19,2,16000,896,94.40,20.43,118,0.7168,507897
830,20,2,16000,896,94.40,20.43,118,0.7168,507906
