timestamp,sliceId,dedicatedPRB,minPRB,maxPRB
510,0,32.509902027198585,32.509902027198585,100.0
510,1,37.5932079405209,37.5932079405209,100.0
510,2,29.89689003228052,29.89689003228052,100.0
520,0,29.83671312613555,29.83671312613555,100.0
520,1,37.486735024964666,37.486735024964666,100.0
520,2,32.676551848899784,32.676551848899784,100.0
530,0,38.37956294391304,38.37956294391304,100.0
530,1,40.15445086243281,40.15445086243281,100.0
530,2,21.465986193654153,21.465986193654153,100.0
540,0,30.95643818873478,30.95643818873478,100.0
540,1,40.44513008804861,40.44513008804861,100.0
540,2,28.59843172321661,28.59843172321661,100.0
550,0,40.358832650552955,40.358832650552955,100.0
550,1,36.75251593660357,36.75251593660357,100.0
550,2,22.888651412843476,22.888651412843476,100.0
560,0,28.503247978729174,28.503247978729174,100.0
560,1,44.62307917289896,44.62307917289896,100.0
560,2,26.873672848371864,26.873672848371864,100.0
570,0,37.76480331458806,37.76480331458806,100.0
570,1,44.91556909071457,44.91556909071457,100.0
570,2,17.319627594697373,17.319627594697373,100.0
580,0,23.563402357184277,23.563402357184277,100.0
580,1,51.17759196547009,51.17759196547009,100.0
580,2,25.259005677345627,25.259005677345627,100.0
590,0,24.812641533303673,24.812641533303673,100.0
590,1,56.16012597294755,56.16012597294755,100.0
590,2,19.027232493748773,19.027232493748773,100.0
600,0,42.168517478027354,42.168517478027354,100.0
600,1,37.9379065972427,37.9379065972427,100.0
600,2,19.893575924729937,19.893575924729937,100.0
610,0,35.979150794138725,35.979150794138725,100.0
610,1,40.72356329564946,40.72356329564946,100.0
610,2,23.297285910211823,23.297285910211823,100.0
620,0,38.794038269282844,38.794038269282844,100.0
620,1,25.405456032447084,25.405456032447084,100.0
620,2,35.800505698270086,35.800505698270086,100.0
630,0,30.032737204543203,30.032737204543203,100.0
630,1,36.98888513814198,36.98888513814198,100.0
630,2,32.97837765731483,32.97837765731483,100.0
640,0,43.216615684887635,43.216615684887635,100.0
640,1,30.066530801188378,30.066530801188378,100.0
640,2,26.716853513923983,26.716853513923983,100.0
650,0,21.898876990094937,21.898876990094937,100.0
650,1,37.57903009868524,37.57903009868524,100.0
650,2,40.52209291121983,40.52209291121983,100.0
660,0,33.52545222590345,33.52545222590345,100.0
660,1,46.81755256213665,46.81755256213665,100.0
660,2,19.6569952119599,19.6569952119599,100.0
670,0,37.54169769717056,37.54169769717056,100.0
670,1,39.51204828851105,39.51204828851105,100.0
670,2,22.946254014318384,22.946254014318384,100.0
680,0,35.01283545747655,35.01283545747655,100.0
680,1,31.95847223643742,31.95847223643742,100.0
680,2,33.02869230608604,33.02869230608604,100.0
690,0,26.356050090618048,26.356050090618048,100.0
690,1,41.381201433221094,41.381201433221094,100.0
690,2,32.26274847616086,32.26274847616086,100.0
700,0,39.454864995921604,39.454864995921604,100.0
700,1,42.86022811739908,42.86022811739908,100.0
700,2,17.684906886679315,17.684906886679315,100.0
710,0,29.483105199831662,29.483105199831662,100.0
710,1,38.86287696681755,38.86287696681755,100.0
710,2,31.65401783335079,31.65401783335079,100.0
720,0,50.596430513354306,50.596430513354306,100.0
720,1,28.411414373233097,28.411414373233097,100.0
720,2,20.992155113412593,20.992155113412593,100.0
730,0,23.841143725132092,23.841143725132092,100.0
730,1,41.90480185469981,41.90480185469981,100.0
730,2,34.2540544201681,34.2540544201681,100.0
740,0,38.52008259626364,38.52008259626364,100.0
740,1,33.566302939109995,33.566302939109995,100.0
740,2,27.91361446462637,27.91361446462637,100.0
750,0,31.115290824354787,31.115290824354787,100.0
750,1,43.628742156911535,43.628742156911535,100.0
750,2,25.25596701873369,25.25596701873369,100.0
760,0,33.51107768711684,33.51107768711684,100.0
760,1,42.2339636545222,42.2339636545222,100.0
760,2,24.254958658360962,24.254958658360962,100.0
770,0,26.18668084322341,26.18668084322341,100.0
770,1,44.67486154546594,44.67486154546594,100.0
770,2,29.138457611310653,29.138457611310653,100.0
780,0,33.0606557844501,33.0606557844501,100.0
780,1,47.09921232899186,47.09921232899186,100.0
780,2,19.840131886558037,19.840131886558037,100.0
790,0,24.335062106933904,24.335062106933904,100.0
790,1,33.83360792358005,33.83360792358005,100.0
790,2,41.83132996948605,41.83132996948605,100.0
800,0,38.404893862601384,38.404893862601384,100.0
800,1,38.09600197158434,38.09600197158434,100.0
800,2,23.49910416581428,23.49910416581428,100.0
810,0,25.937628183287647,25.937628183287647,100.0
810,1,29.474179825483464,29.474179825483464,100.0
810,2,44.58819199122889,44.58819199122889,100.0
820,0,32.01255463639413,32.01255463639413,100.0
820,1,47.55489058911853,47.55489058911853,100.0
820,2,20.43255477448734,20.43255477448734,100.0
