timestamp,ueImsi,sliceId,dTxBytes,dRxBytes,plr,resourceSharePct,dLostPackets,throughputMbps,bufferBytes,dlBufferBytes,ulBufferBytes,macBufferBytes,congestionPct,lastDrlActionStatus
9900,1,0,193616,4912,97.67,30.04,168,0.3930,1200005,173027,1200005,1373032,13.09,applied
9900,2,0,193616,3684,98.26,30.04,169,0.2947,1200005,173033,1200005,1373038,13.09,applied
9900,3,0,193616,8596,95.93,30.04,165,0.6877,1200005,173026,1200005,1373031,13.09,applied
9900,4,0,193616,0,100.00,30.04,172,0.0000,1199952,175897,1199952,1375849,13.12,applied
9900,5,0,193616,22104,89.53,30.04,154,1.7683,1200005,173034,1200005,1373039,13.09,applied
9900,6,1,0,0,0.00,37.08,0,0.0000,17,0,17,17,0.00,applied
9900,7,1,0,0,0.00,37.08,0,0.0000,34,0,34,34,0.00,applied
9900,8,1,0,0,0.00,37.08,0,0.0000,34,0,34,34,0.00,applied
9900,9,1,0,0,0.00,37.08,0,0.0000,34,0,34,34,0.00,applied
9900,10,1,0,0,0.00,37.08,0,0.0000,17,0,17,17,0.00,applied
9900,11,1,0,0,0.00,37.08,0,0.0000,34,0,34,34,0.00,applied
9900,12,1,0,0,0.00,37.08,0,0.0000,34,0,34,34,0.00,applied
9900,13,1,0,0,0.00,37.08,0,0.0000,34,0,34,34,0.00,applied
9900,14,2,65200,0,100.00,32.88,50,0.0000,5628443,5628443,51,5628494,53.68,applied
9900,15,2,65200,0,100.00,32.88,50,0.0000,5628553,5628553,34,5628587,53.68,applied
9900,16,2,65200,0,100.00,32.88,50,0.0000,5628448,5628448,51,5628499,53.68,applied
9900,17,2,65200,0,100.00,32.88,50,0.0000,5630526,5630526,51,5630577,53.70,applied
9900,18,2,65200,0,100.00,32.88,50,0.0000,5628452,5628452,51,5628503,53.68,applied
9900,19,2,65200,1128,88.00,32.88,44,0.0902,5628445,5628445,51,5628496,53.68,applied
9900,20,2,65200,940,90.00,32.88,45,0.0752,5628445,5628445,51,5628496,53.68,applied
9900,21,2,65200,0,100.00,32.88,50,0.0000,5628842,5628842,51,5628893,53.68,applied
9900,22,2,65200,0,100.00,32.88,50,0.0000,5629651,5629651,51,5629702,53.69,applied
9900,23,2,65200,0,100.00,32.88,50,0.0000,5628442,5628442,51,5628493,53.68,applied
9900,24,2,65200,940,90.00,32.88,45,0.0752,5628442,5628442,51,5628493,53.68,applied
9900,25,2,65200,1128,88.00,32.88,44,0.0902,5628442,5628442,51,5628493,53.68,applied
9900,26,2,65200,0,100.00,32.88,50,0.0000,5628442,5628442,51,5628493,53.68,applied
9900,27,2,65200,0,100.00,32.88,50,0.0000,5628547,5628547,51,5628598,53.68,applied
9900,28,2,65200,0,100.00,32.88,50,0.0000,5628582,5628582,51,5628633,53.68,applied
9900,29,2,65200,0,100.00,32.88,50,0.0000,5630407,5630407,51,5630458,53.70,applied
9900,30,2,65200,0,100.00,32.88,50,0.0000,5628441,5628441,51,5628492,53.68,applied
9900,31,2,65200,940,90.00,32.88,45,0.0752,5628448,5628448,51,5628499,53.68,applied
9900,32,2,65200,0,100.00,32.88,50,0.0000,5628448,5628448,51,5628499,53.68,applied
9900,33,2,65200,0,100.00,32.88,50,0.0000,5629938,5629938,51,5629989,53.69,applied
