timestamp,ueImsi,sliceId,dTxBytes,dRxBytes,plr,resourceSharePct,dLostPackets,throughputMbps,bufferBytes
740,1,0,24448,4584,81.25,50.76,13,3.6672,542418
740,2,0,24448,4584,81.25,50.76,13,3.6672,542393
740,3,0,24448,4584,81.25,50.76,13,3.6672,542311
740,4,0,24448,4584,81.25,50.76,13,3.6672,542311
740,5,0,24448,4584,81.25,50.76,13,3.6672,542303
740,6,1,390,390,0.00,28.97,0,0.3120,87
740,7,1,390,390,0.00,28.97,0,0.3120,87
740,8,1,390,390,0.00,28.97,0,0.3120,87
740,9,1,390,390,0.00,28.97,0,0.3120,87
740,10,1,390,390,0.00,28.97,0,0.3120,87
740,11,2,16000,768,95.20,20.27,119,0.6144,364377
740,12,2,16000,768,95.20,20.27,119,0.6144,364367
740,13,2,16000,896,94.40,20.27,118,0.7168,364407
740,14,2,16000,768,95.20,20.27,119,0.6144,364419
740,15,2,16000,768,95.20,20.27,119,0.6144,364457
740,16,2,16000,896,94.40,20.27,118,0.7168,364442
740,17,2,16000,768,95.20,20.27,119,0.6144,364323
740,18,2,16000,768,95.20,20.27,119,0.6144,364329
740,19,2,16000,768,95.20,20.27,119,0.6144,364457
740,20,2,16000,768,95.20,20.27,119,0.6144,364468
