timestamp,ueImsi,sliceId,dTxBytes,dRxBytes,plr,resourceSharePct,dLostPackets,throughputMbps,bufferBytes
1510,1,0,18336,0,100.00,23.78,12,0.0000,1682210
1510,2,0,18336,3056,83.33,23.78,10,2.4448,1483574
1510,3,0,18336,4584,75.00,23.78,9,3.6672,1178434
1510,4,0,18336,7640,58.33,23.78,7,6.1120,1278324
1510,5,0,18336,0,100.00,23.78,12,0.0000,1735576
1510,6,1,390,390,0.00,26.35,0,0.3120,87
1510,7,1,390,0,100.00,26.35,5,0.0000,11898
1510,8,1,390,390,0.00,26.35,0,0.3120,87
1510,9,1,390,0,100.00,26.35,5,0.0000,251
1510,10,1,390,0,100.00,26.35,5,0.0000,333
1510,11,2,384,256,33.33,49.86,1,0.2048,137
1510,12,2,384,256,33.33,49.86,1,0.2048,137
1510,13,2,384,256,33.33,49.86,1,0.2048,137
1510,14,2,384,256,33.33,49.86,1,0.2048,137
1510,15,2,384,256,33.33,49.86,1,0.2048,137
1510,16,2,384,0,100.00,49.86,3,0.0000,269
1510,17,2,384,256,33.33,49.86,1,0.2048,137
1510,18,2,384,0,100.00,49.86,3,0.0000,137
1510,19,2,384,256,33.33,49.86,1,0.2048,137
1510,20,2,384,256,33.33,49.86,1,0.2048,137
