timestamp,ueImsi,sliceId,dTxBytes,dRxBytes,plr,resourceSharePct,dLostPackets,throughputMbps,bufferBytes
1510,1,0,18336,13752,25.00,16.67,3,11.0016,14243
1510,2,0,18336,9168,50.00,16.67,6,7.3344,525047
1510,3,0,18336,15280,16.67,16.67,2,12.2240,234742
1510,4,0,18336,6112,66.67,16.67,8,4.8896,1074999
1510,5,0,18336,0,100.00,16.67,12,0.0000,1712362
1510,6,1,390,2574,0.00,35.00,0,2.0592,87
1510,7,1,390,390,0.00,35.00,0,0.3120,87
1510,8,1,390,312,20.00,35.00,1,0.2496,333
1510,9,1,390,0,100.00,35.00,5,0.0000,87
1510,10,1,390,390,0.00,35.00,0,0.3120,87
1510,11,2,384,256,33.33,48.34,1,0.2048,92
1510,12,2,384,256,33.33,48.34,1,0.2048,137
1510,13,2,384,256,33.33,48.34,1,0.2048,137
1510,14,2,384,0,100.00,48.34,3,0.0000,929
1510,15,2,384,256,33.33,48.34,1,0.2048,137
1510,16,2,384,256,33.33,48.34,1,0.2048,137
1510,17,2,384,0,100.00,48.34,3,0.0000,137
1510,18,2,384,0,100.00,48.34,3,0.0000,28
1510,19,2,384,256,33.33,48.34,1,0.2048,137
1510,20,2,384,256,33.33,48.34,1,0.2048,137
