timestamp,sliceId,dedicatedPRB,minPRB,maxPRB,algorithm
510,0,61.665000000000006,61.665000000000006,100.0,0
510,1,20.0,20.0,100.0,0
510,2,18.335,18.335,100.0,0
520,0,36.665000000000006,36.665000000000006,100.0,0
520,1,35.0,35.0,100.0,0
520,2,28.335,28.335,100.0,0
530,0,61.665000000000006,61.665000000000006,100.0,0
530,1,20.0,20.0,100.0,0
530,2,18.335,18.335,100.0,0
540,0,61.665000000000006,61.665000000000006,100.0,0
540,1,20.0,20.0,100.0,0
540,2,18.335,18.335,100.0,0
550,0,16.665,16.665,100.0,0
550,1,60.00000000000001,60.00000000000001,100.0,0
550,2,23.335,23.335,100.0,0
560,0,26.665000000000006,26.665000000000006,100.0,0
560,1,35.0,35.0,100.0,0
560,2,38.335,38.335,100.0,0
570,0,26.665,26.665,100.0,1
570,1,40.0,40.0,100.0,1
570,2,33.335,33.335,100.0,1
580,0,16.665,16.665,100.0,2
580,1,50.0,50.0,100.0,2
580,2,33.335,33.335,100.0,2
590,0,16.665,16.665,100.0,2
590,1,50.0,50.0,100.0,2
590,2,33.335,33.335,100.0,2
600,0,16.665,16.665,100.0,2
600,1,50.0,50.0,100.0,2
600,2,33.335,33.335,100.0,2
610,0,26.665,26.665,100.0,1
610,1,40.0,40.0,100.0,1
610,2,33.335,33.335,100.0,1
620,0,26.665,26.665,100.0,1
620,1,40.0,40.0,100.0,1
620,2,33.335,33.335,100.0,1
630,0,26.665,26.665,100.0,1
630,1,40.0,40.0,100.0,1
630,2,33.335,33.335,100.0,1
640,0,21.665,21.665,100.0,1
640,1,35.0,35.0,100.0,1
640,2,43.335,43.335,100.0,1
650,0,21.665,21.665,100.0,1
650,1,35.0,35.0,100.0,1
650,2,43.335,43.335,100.0,1
660,0,21.665,21.665,100.0,1
660,1,35.0,35.0,100.0,1
660,2,43.335,43.335,100.0,1
670,0,21.665,21.665,100.0,1
670,1,35.0,35.0,100.0,1
670,2,43.335,43.335,100.0,1
680,0,21.665,21.665,100.0,1
680,1,35.0,35.0,100.0,1
680,2,43.335,43.335,100.0,1
690,0,21.665,21.665,100.0,1
690,1,35.0,35.0,100.0,1
690,2,43.335,43.335,100.0,1
700,0,21.665,21.665,100.0,1
700,1,35.0,35.0,100.0,1
700,2,43.335,43.335,100.0,1
710,0,26.665,26.665,100.0,1
710,1,40.0,40.0,100.0,1
710,2,33.335,33.335,100.0,1
720,0,26.665,26.665,100.0,1
720,1,40.0,40.0,100.0,1
720,2,33.335,33.335,100.0,1
730,0,26.665,26.665,100.0,1
730,1,40.0,40.0,100.0,1
730,2,33.335,33.335,100.0,1
740,0,26.665,26.665,100.0,1
740,1,40.0,40.0,100.0,1
740,2,33.335,33.335,100.0,1
750,0,26.665,26.665,100.0,1
750,1,40.0,40.0,100.0,1
750,2,33.335,33.335,100.0,1
760,0,26.665,26.665,100.0,1
760,1,40.0,40.0,100.0,1
760,2,33.335,33.335,100.0,1
770,0,26.665,26.665,100.0,1
770,1,40.0,40.0,100.0,1
770,2,33.335,33.335,100.0,1
780,0,26.665,26.665,100.0,1
780,1,40.0,40.0,100.0,1
780,2,33.335,33.335,100.0,1
790,0,26.665,26.665,100.0,1
790,1,40.0,40.0,100.0,1
790,2,33.335,33.335,100.0,1
800,0,26.665,26.665,100.0,1
800,1,40.0,40.0,100.0,1
800,2,33.335,33.335,100.0,1
810,0,26.665,26.665,100.0,1
810,1,40.0,40.0,100.0,1
810,2,33.335,33.335,100.0,1
820,0,26.665,26.665,100.0,1
820,1,40.0,40.0,100.0,1
820,2,33.335,33.335,100.0,1
830,0,26.665,26.665,100.0,1
830,1,40.0,40.0,100.0,1
830,2,33.335,33.335,100.0,1
840,0,26.665,26.665,100.0,1
840,1,40.0,40.0,100.0,1
840,2,33.335,33.335,100.0,1
850,0,26.665,26.665,100.0,1
850,1,40.0,40.0,100.0,1
850,2,33.335,33.335,100.0,1
860,0,26.665,26.665,100.0,1
860,1,40.0,40.0,100.0,1
860,2,33.335,33.335,100.0,1
870,0,26.665,26.665,100.0,1
870,1,40.0,40.0,100.0,1
870,2,33.335,33.335,100.0,1
880,0,26.665,26.665,100.0,1
880,1,40.0,40.0,100.0,1
880,2,33.335,33.335,100.0,1
890,0,26.665,26.665,100.0,1
890,1,40.0,40.0,100.0,1
890,2,33.335,33.335,100.0,1
900,0,26.665,26.665,100.0,1
900,1,40.0,40.0,100.0,1
900,2,33.335,33.335,100.0,1
910,0,26.665,26.665,100.0,1
910,1,40.0,40.0,100.0,1
910,2,33.335,33.335,100.0,1
920,0,26.665,26.665,100.0,1
920,1,40.0,40.0,100.0,1
920,2,33.335,33.335,100.0,1
930,0,51.665000000000006,51.665000000000006,100.0,0
930,1,35.0,35.0,100.0,0
930,2,13.335000000000003,13.335000000000003,100.0,0
940,0,51.665000000000006,51.665000000000006,100.0,0
940,1,35.0,35.0,100.0,0
940,2,13.335000000000003,13.335000000000003,100.0,0
950,0,51.665000000000006,51.665000000000006,100.0,0
950,1,35.0,35.0,100.0,0
950,2,13.335000000000003,13.335000000000003,100.0,0
960,0,21.665,21.665,100.0,0
960,1,25.0,25.0,100.0,0
960,2,53.335,53.335,100.0,0
970,0,21.665,21.665,100.0,0
970,1,50.0,50.0,100.0,0
970,2,28.335,28.335,100.0,0
980,0,21.665,21.665,100.0,0
980,1,50.0,50.0,100.0,0
980,2,28.335,28.335,100.0,0
990,0,21.665,21.665,100.0,0
990,1,50.0,50.0,100.0,0
990,2,28.335,28.335,100.0,0
1000,0,21.665,21.665,100.0,0
1000,1,50.0,50.0,100.0,0
1000,2,28.335,28.335,100.0,0
1010,0,21.665,21.665,100.0,0
1010,1,50.0,50.0,100.0,0
1010,2,28.335,28.335,100.0,0
1020,0,21.665,21.665,100.0,0
1020,1,50.0,50.0,100.0,0
1020,2,28.335,28.335,100.0,0
1030,0,21.665,21.665,100.0,0
1030,1,50.0,50.0,100.0,0
1030,2,28.335,28.335,100.0,0
1040,0,21.665,21.665,100.0,0
1040,1,50.0,50.0,100.0,0
1040,2,28.335,28.335,100.0,0
1050,0,21.665,21.665,100.0,0
1050,1,50.0,50.0,100.0,0
1050,2,28.335,28.335,100.0,0
1060,0,31.665,31.665,100.0,2
1060,1,20.0,20.0,100.0,2
1060,2,48.334999999999994,48.334999999999994,100.0,2
1070,0,21.665,21.665,100.0,0
1070,1,50.0,50.0,100.0,0
1070,2,28.335,28.335,100.0,0
1080,0,46.665,46.665,100.0,1
1080,1,25.0,25.0,100.0,1
1080,2,28.335,28.335,100.0,1
1090,0,46.665,46.665,100.0,1
1090,1,25.0,25.0,100.0,1
1090,2,28.335,28.335,100.0,1
1100,0,46.665,46.665,100.0,1
1100,1,25.0,25.0,100.0,1
1100,2,28.335,28.335,100.0,1
1110,0,56.665,56.665,100.0,1
1110,1,20.0,20.0,100.0,1
1110,2,23.335,23.335,100.0,1
1120,0,56.665,56.665,100.0,1
1120,1,20.0,20.0,100.0,1
1120,2,23.335,23.335,100.0,1
1130,0,56.665,56.665,100.0,1
1130,1,20.0,20.0,100.0,1
1130,2,23.335,23.335,100.0,1
1140,0,16.665,16.665,100.0,2
1140,1,50.0,50.0,100.0,2
1140,2,33.335,33.335,100.0,2
1150,0,46.665,46.665,100.0,1
1150,1,25.0,25.0,100.0,1
1150,2,28.335,28.335,100.0,1
1160,0,16.665,16.665,100.0,2
1160,1,50.0,50.0,100.0,2
1160,2,33.335,33.335,100.0,2
1170,0,36.665000000000006,36.665000000000006,100.0,2
1170,1,40.0,40.0,100.0,2
1170,2,23.335,23.335,100.0,2
1180,0,16.665,16.665,100.0,2
1180,1,50.0,50.0,100.0,2
1180,2,33.335,33.335,100.0,2
1190,0,46.665,46.665,100.0,1
1190,1,25.0,25.0,100.0,1
1190,2,28.335,28.335,100.0,1
1200,0,46.665,46.665,100.0,1
1200,1,25.0,25.0,100.0,1
1200,2,28.335,28.335,100.0,1
1210,0,46.665,46.665,100.0,1
1210,1,25.0,25.0,100.0,1
1210,2,28.335,28.335,100.0,1
1220,0,16.665,16.665,100.0,1
1220,1,45.0,45.0,100.0,1
1220,2,38.334999999999994,38.334999999999994,100.0,1
1230,0,46.665,46.665,100.0,1
1230,1,25.0,25.0,100.0,1
1230,2,28.335,28.335,100.0,1
1240,0,16.665,16.665,100.0,0
1240,1,55.00000000000001,55.00000000000001,100.0,0
1240,2,28.335,28.335,100.0,0
1250,0,21.665,21.665,100.0,2
1250,1,50.0,50.0,100.0,2
1250,2,28.335,28.335,100.0,2
1260,0,21.665,21.665,100.0,2
1260,1,50.0,50.0,100.0,2
1260,2,28.335,28.335,100.0,2
1270,0,26.665,26.665,100.0,1
1270,1,55.00000000000001,55.00000000000001,100.0,1
1270,2,18.335,18.335,100.0,1
1280,0,26.665,26.665,100.0,1
1280,1,55.00000000000001,55.00000000000001,100.0,1
1280,2,18.335,18.335,100.0,1
1290,0,26.665,26.665,100.0,1
1290,1,55.00000000000001,55.00000000000001,100.0,1
1290,2,18.335,18.335,100.0,1
1300,0,26.665,26.665,100.0,1
1300,1,55.00000000000001,55.00000000000001,100.0,1
1300,2,18.335,18.335,100.0,1
1310,0,26.665,26.665,100.0,1
1310,1,55.00000000000001,55.00000000000001,100.0,1
1310,2,18.335,18.335,100.0,1
1320,0,26.665,26.665,100.0,1
1320,1,55.00000000000001,55.00000000000001,100.0,1
1320,2,18.335,18.335,100.0,1
1330,0,26.665,26.665,100.0,1
1330,1,55.00000000000001,55.00000000000001,100.0,1
1330,2,18.335,18.335,100.0,1
1340,0,26.665,26.665,100.0,1
1340,1,55.00000000000001,55.00000000000001,100.0,1
1340,2,18.335,18.335,100.0,1
1350,0,26.665,26.665,100.0,1
1350,1,55.00000000000001,55.00000000000001,100.0,1
1350,2,18.335,18.335,100.0,1
1360,0,26.665,26.665,100.0,1
1360,1,55.00000000000001,55.00000000000001,100.0,1
1360,2,18.335,18.335,100.0,1
1370,0,26.665,26.665,100.0,1
1370,1,55.00000000000001,55.00000000000001,100.0,1
1370,2,18.335,18.335,100.0,1
1380,0,26.665,26.665,100.0,1
1380,1,55.00000000000001,55.00000000000001,100.0,1
1380,2,18.335,18.335,100.0,1
1390,0,26.665,26.665,100.0,1
1390,1,55.00000000000001,55.00000000000001,100.0,1
1390,2,18.335,18.335,100.0,1
1400,0,26.665,26.665,100.0,1
1400,1,55.00000000000001,55.00000000000001,100.0,1
1400,2,18.335,18.335,100.0,1
1410,0,26.665,26.665,100.0,1
1410,1,55.00000000000001,55.00000000000001,100.0,1
1410,2,18.335,18.335,100.0,1
1420,0,26.665,26.665,100.0,1
1420,1,55.00000000000001,55.00000000000001,100.0,1
1420,2,18.335,18.335,100.0,1
1430,0,16.665,16.665,100.0,0
1430,1,25.0,25.0,100.0,0
1430,2,58.335,58.335,100.0,0
1440,0,26.665,26.665,100.0,1
1440,1,55.00000000000001,55.00000000000001,100.0,1
1440,2,18.335,18.335,100.0,1
1450,0,26.665,26.665,100.0,1
1450,1,55.00000000000001,55.00000000000001,100.0,1
1450,2,18.335,18.335,100.0,1
1460,0,26.665,26.665,100.0,1
1460,1,55.00000000000001,55.00000000000001,100.0,1
1460,2,18.335,18.335,100.0,1
1470,0,26.665,26.665,100.0,1
1470,1,55.00000000000001,55.00000000000001,100.0,1
1470,2,18.335,18.335,100.0,1
1480,0,26.665,26.665,100.0,1
1480,1,55.00000000000001,55.00000000000001,100.0,1
1480,2,18.335,18.335,100.0,1
1490,0,26.665,26.665,100.0,1
1490,1,55.00000000000001,55.00000000000001,100.0,1
1490,2,18.335,18.335,100.0,1
1500,0,26.665,26.665,100.0,1
1500,1,55.00000000000001,55.00000000000001,100.0,1
1500,2,18.335,18.335,100.0,1
