timestamp,sliceId,dedicatedPRB,minPRB,maxPRB
510,0,50.594054775502904,50.594054775502904,100.0
510,1,27.37506249555025,27.37506249555025,100.0
510,2,22.03088272894684,22.03088272894684,100.0
520,0,47.30863148907633,47.30863148907633,100.0
520,1,29.48911509989225,29.48911509989225,100.0
520,2,23.20225341103141,23.20225341103141,100.0
530,0,37.882860305827585,37.882860305827585,100.0
530,1,27.438414846501075,27.438414846501075,100.0
530,2,34.67872484767135,34.67872484767135,100.0
540,0,36.24241370841079,36.24241370841079,100.0
540,1,35.93744460742306,35.93744460742306,100.0
540,2,27.82014168416615,27.82014168416615,100.0
550,0,33.242178981877416,33.242178981877416,100.0
550,1,46.59325883694973,46.59325883694973,100.0
550,2,20.164562181172855,20.164562181172855,100.0
560,0,38.337745656303746,38.337745656303746,100.0
560,1,41.881066617224896,41.881066617224896,100.0
560,2,19.781187726471362,19.781187726471362,100.0
570,0,30.406355628860286,30.406355628860286,100.0
570,1,42.77285251838694,42.77285251838694,100.0
570,2,26.82079185275278,26.82079185275278,100.0
580,0,24.9692515347202,24.9692515347202,100.0
580,1,48.6486701502791,48.6486701502791,100.0
580,2,26.3820783150007,26.3820783150007,100.0
590,0,23.09823735670087,23.09823735670087,100.0
590,1,54.663740594451596,54.663740594451596,100.0
590,2,22.23802204884754,22.23802204884754,100.0
600,0,23.569553885250702,23.569553885250702,100.0
600,1,53.11872431468998,53.11872431468998,100.0
600,2,23.311721800059317,23.311721800059317,100.0
610,0,23.80399836632381,23.80399836632381,100.0
610,1,51.605624657143146,51.605624657143146,100.0
610,2,24.59037697653304,24.59037697653304,100.0
620,0,22.982099340053995,22.982099340053995,100.0
620,1,53.11922093138479,53.11922093138479,100.0
620,2,23.89867972856122,23.89867972856122,100.0
630,0,28.21728601655755,28.21728601655755,100.0
630,1,37.687975871953775,37.687975871953775,100.0
630,2,34.094738111488674,34.094738111488674,100.0
640,0,21.832788035773703,21.832788035773703,100.0
640,1,53.173884354821666,53.173884354821666,100.0
640,2,24.99332760940463,24.99332760940463,100.0
650,0,22.11643222260675,22.11643222260675,100.0
650,1,55.025997580285036,55.025997580285036,100.0
650,2,22.857570197108206,22.857570197108206,100.0
660,0,21.978453339270413,21.978453339270413,100.0
660,1,53.98725556706465,53.98725556706465,100.0
660,2,24.034291093664944,24.034291093664944,100.0
670,0,23.970524774138905,23.970524774138905,100.0
670,1,47.68693026764378,47.68693026764378,100.0
670,2,28.342544958217314,28.342544958217314,100.0
680,0,22.559584118193367,22.559584118193367,100.0
680,1,57.434313433639296,57.434313433639296,100.0
680,2,20.00610244816734,20.00610244816734,100.0
690,0,22.511754544060448,22.511754544060448,100.0
690,1,47.778431663640156,47.778431663640156,100.0
690,2,29.7098137922994,29.7098137922994,100.0
700,0,30.556618598125638,30.556618598125638,100.0
700,1,42.72390259595138,42.72390259595138,100.0
700,2,26.719478805922993,26.719478805922993,100.0
710,0,22.995126800739037,22.995126800739037,100.0
710,1,54.59399483910967,54.59399483910967,100.0
710,2,22.410878360151294,22.410878360151294,100.0
720,0,21.24543977221994,21.24543977221994,100.0
720,1,47.32876847330931,47.32876847330931,100.0
720,2,31.42579175447075,31.42579175447075,100.0
730,0,26.244042759703756,26.244042759703756,100.0
730,1,48.22797628669463,48.22797628669463,100.0
730,2,25.52798095360161,25.52798095360161,100.0
740,0,27.65976407640651,27.65976407640651,100.0
740,1,46.27675694112656,46.27675694112656,100.0
740,2,26.063478982466926,26.063478982466926,100.0
750,0,23.38760357901962,23.38760357901962,100.0
750,1,53.391146090791445,53.391146090791445,100.0
750,2,23.22125033018894,23.22125033018894,100.0
760,0,23.20697677379908,23.20697677379908,100.0
760,1,52.8098186330493,52.8098186330493,100.0
760,2,23.983204593151612,23.983204593151612,100.0
770,0,21.520308034180427,21.520308034180427,100.0
770,1,43.743018193395706,43.743018193395706,100.0
770,2,34.73667377242388,34.73667377242388,100.0
780,0,28.86791415197445,28.86791415197445,100.0
780,1,46.31209852526871,46.31209852526871,100.0
780,2,24.81998732275684,24.81998732275684,100.0
790,0,22.98852981281485,22.98852981281485,100.0
790,1,52.019991735113045,52.019991735113045,100.0
790,2,24.99147845207211,24.99147845207211,100.0
800,0,21.083565721077886,21.083565721077886,100.0
800,1,47.40887877853161,47.40887877853161,100.0
800,2,31.507555500390506,31.507555500390506,100.0
810,0,26.414120073628165,26.414120073628165,100.0
810,1,49.27289990028022,49.27289990028022,100.0
810,2,24.31298002609161,24.31298002609161,100.0
820,0,22.448037113994207,22.448037113994207,100.0
820,1,57.621064484711695,57.621064484711695,100.0
820,2,19.930898401294105,19.930898401294105,100.0
830,0,22.786980748662643,22.786980748662643,100.0
830,1,52.79616535508222,52.79616535508222,100.0
830,2,24.416853896255134,24.416853896255134,100.0
840,0,26.52993833596888,26.52993833596888,100.0
840,1,50.378218599415334,50.378218599415334,100.0
840,2,23.091843064615787,23.091843064615787,100.0
850,0,24.37848623456414,24.37848623456414,100.0
850,1,47.08777584907543,47.08777584907543,100.0
850,2,28.533737916360437,28.533737916360437,100.0
860,0,36.4890281006125,36.4890281006125,100.0
860,1,43.56931804916935,43.56931804916935,100.0
860,2,19.941653850218152,19.941653850218152,100.0
870,0,23.291150967153758,23.291150967153758,100.0
870,1,53.2139294697501,53.2139294697501,100.0
870,2,23.494919563096143,23.494919563096143,100.0
880,0,23.948388030934264,23.948388030934264,100.0
880,1,50.34848742403659,50.34848742403659,100.0
880,2,25.703124545029148,25.703124545029148,100.0
890,0,23.478449732459712,23.478449732459712,100.0
890,1,53.4577815499657,53.4577815499657,100.0
890,2,23.06376871757459,23.06376871757459,100.0
900,0,24.24232822202811,24.24232822202811,100.0
900,1,41.5458241104285,41.5458241104285,100.0
900,2,34.211847667543395,34.211847667543395,100.0
910,0,25.02879597941467,25.02879597941467,100.0
910,1,47.05009264233746,47.05009264233746,100.0
910,2,27.921111378247875,27.921111378247875,100.0
920,0,25.064156417546496,25.064156417546496,100.0
920,1,53.63758856557633,53.63758856557633,100.0
920,2,21.298255016877164,21.298255016877164,100.0
