timestamp,ueImsi,sliceId,dTxBytes,dRxBytes,plr,resourceSharePct,dLostPackets,throughputMbps,bufferBytes,dlBufferBytes,ulBufferBytes,macBufferBytes,congestionPct,lastDrlActionStatus
9900,1,0,193616,3684,98.26,24.21,169,0.2947,1199824,182051,1199824,1381875,13.18,applied
9900,2,0,193616,3684,98.26,24.21,169,0.2947,1199814,182043,1199814,1381857,13.18,applied
9900,3,0,193616,45436,78.49,24.21,135,3.6349,1200005,182049,1200005,1382054,13.18,applied
9900,4,0,193616,0,100.00,24.21,172,0.0000,1200005,184954,1200005,1384959,13.21,applied
9900,5,0,193616,14736,93.02,24.21,160,1.1789,1200005,182051,1200005,1382056,13.18,applied
9900,6,1,0,0,0.00,30.28,0,0.0000,34,0,34,34,0.00,applied
9900,7,1,0,0,0.00,30.28,0,0.0000,34,0,34,34,0.00,applied
9900,8,1,0,0,0.00,30.28,0,0.0000,34,0,34,34,0.00,applied
9900,9,1,0,0,0.00,30.28,0,0.0000,34,0,34,34,0.00,applied
9900,10,1,0,0,0.00,30.28,0,0.0000,34,0,34,34,0.00,applied
9900,11,1,0,0,0.00,30.28,0,0.0000,34,0,34,34,0.00,applied
9900,12,1,0,0,0.00,30.28,0,0.0000,34,0,34,34,0.00,applied
9900,13,1,0,0,0.00,30.28,0,0.0000,34,0,34,34,0.00,applied
9900,14,2,65200,0,100.00,45.51,50,0.0000,5931577,5931577,51,5931628,56.57,applied
9900,15,2,65200,0,100.00,45.51,50,0.0000,5931695,5931695,34,5931729,56.57,applied
9900,16,2,65200,188,98.00,45.51,49,0.0150,5931578,5931578,17,5931595,56.57,applied
9900,17,2,65200,0,100.00,45.51,50,0.0000,5934078,5934078,51,5934129,56.59,applied
9900,18,2,65200,0,100.00,45.51,50,0.0000,5931591,5931591,51,5931642,56.57,applied
9900,19,2,65200,940,90.00,45.51,45,0.0752,5931580,5931580,51,5931631,56.57,applied
9900,20,2,65200,940,90.00,45.51,45,0.0752,5931580,5931580,51,5931631,56.57,applied
9900,21,2,65200,0,100.00,45.51,50,0.0000,5932115,5932115,51,5932166,56.57,applied
9900,22,2,65200,0,100.00,45.51,50,0.0000,5932786,5932786,51,5932837,56.58,applied
9900,23,2,65200,0,100.00,45.51,50,0.0000,5931570,5931570,51,5931621,56.57,applied
9900,24,2,65200,940,90.00,45.51,45,0.0752,5931570,5931570,51,5931621,56.57,applied
9900,25,2,65200,188,98.00,45.51,49,0.0150,5931570,5931570,51,5931621,56.57,applied
9900,26,2,65200,0,100.00,45.51,50,0.0000,5931570,5931570,51,5931621,56.57,applied
9900,27,2,65200,0,100.00,45.51,50,0.0000,5931663,5931663,51,5931714,56.57,applied
9900,28,2,65200,0,100.00,45.51,50,0.0000,5931730,5931730,51,5931781,56.57,applied
9900,29,2,65200,0,100.00,45.51,50,0.0000,5933807,5933807,51,5933858,56.59,applied
9900,30,2,65200,0,100.00,45.51,50,0.0000,5931573,5931573,51,5931624,56.57,applied
9900,31,2,65200,940,90.00,45.51,45,0.0752,5931574,5931574,51,5931625,56.57,applied
9900,32,2,65200,0,100.00,45.51,50,0.0000,5931575,5931575,51,5931626,56.57,applied
9900,33,2,65200,0,100.00,45.51,50,0.0000,5933381,5933381,51,5933432,56.59,applied
