timestamp,sliceId,dedicatedPRB,minPRB,maxPRB
510,0,30.154363997256162,30.154363997256162,100.0
510,1,41.27420904870068,41.27420904870068,100.0
510,2,28.571426954043154,28.571426954043154,100.0
520,0,44.079867404178216,44.079867404178216,100.0
520,1,30.580193233129084,30.580193233129084,100.0
520,2,25.339939362692693,25.339939362692693,100.0
530,0,39.28313666479804,39.28313666479804,100.0
530,1,39.5519588604884,39.5519588604884,100.0
530,2,21.16490447471355,21.16490447471355,100.0
540,0,44.73618664411231,44.73618664411231,100.0
540,1,33.874157267078445,33.874157267078445,100.0
540,2,21.389656088809254,21.389656088809254,100.0
550,0,25.441878074050983,25.441878074050983,100.0
550,1,31.46783158262475,31.46783158262475,100.0
550,2,43.09029034332427,43.09029034332427,100.0
560,0,28.557150297879996,28.557150297879996,100.0
560,1,40.379508701074585,40.379508701074585,100.0
560,2,31.06334100104542,31.06334100104542,100.0
570,0,28.85456178869109,28.85456178869109,100.0
570,1,30.88174853351425,30.88174853351425,100.0
570,2,40.26368967779466,40.26368967779466,100.0
580,0,26.575383583613117,26.575383583613117,100.0
580,1,46.1261087776418,46.1261087776418,100.0
580,2,27.298507638745086,27.298507638745086,100.0
590,0,37.54148572994409,37.54148572994409,100.0
590,1,37.79618453536673,37.79618453536673,100.0
590,2,24.66232973468919,24.66232973468919,100.0
600,0,28.570318268570954,28.570318268570954,100.0
600,1,37.66406760311042,37.66406760311042,100.0
600,2,33.765614128318624,33.765614128318624,100.0
610,0,27.900972553906723,27.900972553906723,100.0
610,1,29.02554789615487,29.02554789615487,100.0
610,2,43.07347954993841,43.07347954993841,100.0
620,0,26.686174629417327,26.686174629417327,100.0
620,1,54.097777500688935,54.097777500688935,100.0
620,2,19.216047869893732,19.216047869893732,100.0
630,0,29.719728609224187,29.719728609224187,100.0
630,1,46.842767717166076,46.842767717166076,100.0
630,2,23.437503673609733,23.437503673609733,100.0
640,0,42.4049385910553,42.4049385910553,100.0
640,1,37.82204215054277,37.82204215054277,100.0
640,2,19.77301925840194,19.77301925840194,100.0
650,0,48.21397452894448,48.21397452894448,100.0
650,1,29.267016005629685,29.267016005629685,100.0
650,2,22.519009465425828,22.519009465425828,100.0
660,0,22.491040223920315,22.491040223920315,100.0
660,1,40.46549614564453,40.46549614564453,100.0
660,2,37.043463630435156,37.043463630435156,100.0
670,0,31.20037672961246,31.20037672961246,100.0
670,1,39.43054715005474,39.43054715005474,100.0
670,2,29.369076120332803,29.369076120332803,100.0
680,0,25.502454827866405,25.502454827866405,100.0
680,1,29.62564521066973,29.62564521066973,100.0
680,2,44.87189996146385,44.87189996146385,100.0
690,0,29.44361257728,29.44361257728,100.0
690,1,33.543682967264886,33.543682967264886,100.0
690,2,37.01270445545512,37.01270445545512,100.0
700,0,27.696215544707243,27.696215544707243,100.0
700,1,52.20999304958571,52.20999304958571,100.0
700,2,20.09379140570705,20.09379140570705,100.0
710,0,39.662373040441594,39.662373040441594,100.0
710,1,41.98205755074095,41.98205755074095,100.0
710,2,18.355569408817466,18.355569408817466,100.0
720,0,28.06340580962835,28.06340580962835,100.0
720,1,51.86799035039387,51.86799035039387,100.0
720,2,20.068603839977783,20.068603839977783,100.0
730,0,42.93748862488158,42.93748862488158,100.0
730,1,37.935336636762315,37.935336636762315,100.0
730,2,19.1271747383561,19.1271747383561,100.0
740,0,35.19294627844732,35.19294627844732,100.0
740,1,25.902020861973053,25.902020861973053,100.0
740,2,38.90503285957963,38.90503285957963,100.0
750,0,33.500572118847124,33.500572118847124,100.0
750,1,37.759212355098896,37.759212355098896,100.0
750,2,28.740215526053987,28.740215526053987,100.0
760,0,22.4443356825808,22.4443356825808,100.0
760,1,34.11798206992046,34.11798206992046,100.0
760,2,43.43768224749874,43.43768224749874,100.0
770,0,31.213454524698015,31.213454524698015,100.0
770,1,43.69531009911335,43.69531009911335,100.0
770,2,25.09123537618863,25.09123537618863,100.0
780,0,38.44795153991037,38.44795153991037,100.0
780,1,39.07637967977469,39.07637967977469,100.0
780,2,22.475668780314955,22.475668780314955,100.0
790,0,39.21334117601084,39.21334117601084,100.0
790,1,40.03307757043625,40.03307757043625,100.0
790,2,20.753581253552913,20.753581253552913,100.0
800,0,32.22012744299234,32.22012744299234,100.0
800,1,38.94618519354641,38.94618519354641,100.0
800,2,28.833687363461248,28.833687363461248,100.0
810,0,32.952808841423725,32.952808841423725,100.0
810,1,43.69105268557041,43.69105268557041,100.0
810,2,23.356138473005867,23.356138473005867,100.0
820,0,32.76903931354727,32.76903931354727,100.0
820,1,32.37605388339168,32.37605388339168,100.0
820,2,34.854906803061056,34.854906803061056,100.0
830,0,39.517081690373615,39.517081690373615,100.0
830,1,31.611642802197604,31.611642802197604,100.0
830,2,28.87127550742879,28.87127550742879,100.0
840,0,21.767856209152935,21.767856209152935,100.0
840,1,52.299815590199586,52.299815590199586,100.0
840,2,25.932328200647493,25.932328200647493,100.0
850,0,42.51879323750728,42.51879323750728,100.0
850,1,31.705789914486658,31.705789914486658,100.0
850,2,25.775416848006067,25.775416848006067,100.0
860,0,25.56684494778039,25.56684494778039,100.0
860,1,37.03590385695079,37.03590385695079,100.0
860,2,37.39725119526884,37.39725119526884,100.0
870,0,35.371744294802404,35.371744294802404,100.0
870,1,37.53297784449017,37.53297784449017,100.0
870,2,27.09527786070743,27.09527786070743,100.0
880,0,24.606793198601302,24.606793198601302,100.0
880,1,56.27430295153765,56.27430295153765,100.0
880,2,19.118903849861056,19.118903849861056,100.0
890,0,33.31248506812571,33.31248506812571,100.0
890,1,39.75739464217959,39.75739464217959,100.0
890,2,26.930120289694703,26.930120289694703,100.0
900,0,35.33833573448808,35.33833573448808,100.0
900,1,40.96910271860018,40.96910271860018,100.0
900,2,23.69256154691174,23.69256154691174,100.0
910,0,33.98442850166573,33.98442850166573,100.0
910,1,31.983478837176072,31.983478837176072,100.0
910,2,34.032092661158195,34.032092661158195,100.0
920,0,29.051945771634347,29.051945771634347,100.0
920,1,24.836197831513562,24.836197831513562,100.0
920,2,46.11185639685209,46.11185639685209,100.0
930,0,25.60805317717505,25.60805317717505,100.0
930,1,51.31806977759176,51.31806977759176,100.0
930,2,23.0738770452332,23.0738770452332,100.0
940,0,31.449300845593076,31.449300845593076,100.0
940,1,39.71574469260348,39.71574469260348,100.0
940,2,28.83495446180344,28.83495446180344,100.0
950,0,36.40138537518373,36.40138537518373,100.0
950,1,33.63055948768539,33.63055948768539,100.0
950,2,29.968055137130893,29.968055137130893,100.0
960,0,32.54778397846035,32.54778397846035,100.0
960,1,46.31203247652823,46.31203247652823,100.0
960,2,21.140183545011414,21.140183545011414,100.0
970,0,32.99680398614119,32.99680398614119,100.0
970,1,47.59237320300828,47.59237320300828,100.0
970,2,19.41082281085053,19.41082281085053,100.0
980,0,25.79717805471331,25.79717805471331,100.0
980,1,51.181244871818656,51.181244871818656,100.0
980,2,23.02157707346805,23.02157707346805,100.0
990,0,30.195905805411826,30.195905805411826,100.0
990,1,50.48514282688448,50.48514282688448,100.0
990,2,19.31895136770371,19.31895136770371,100.0
1000,0,38.014183080666754,38.014183080666754,100.0
1000,1,41.06636476341634,41.06636476341634,100.0
1000,2,20.919452155916915,20.919452155916915,100.0
1010,0,34.24948329448152,34.24948329448152,100.0
1010,1,26.49690994331272,26.49690994331272,100.0
1010,2,39.25360676220576,39.25360676220576,100.0
1020,0,26.661045110524796,26.661045110524796,100.0
1020,1,51.233833437869336,51.233833437869336,100.0
1020,2,22.10512145160588,22.10512145160588,100.0
1030,0,46.762259773860634,46.762259773860634,100.0
1030,1,34.219632548368715,34.219632548368715,100.0
1030,2,19.018107677770658,19.018107677770658,100.0
1040,0,33.15951789224752,33.15951789224752,100.0
1040,1,27.860350794143873,27.860350794143873,100.0
1040,2,38.9801313136086,38.9801313136086,100.0
1050,0,26.534158534891596,26.534158534891596,100.0
1050,1,45.97089287749238,45.97089287749238,100.0
1050,2,27.494948587616026,27.494948587616026,100.0
1060,0,30.65181069976917,30.65181069976917,100.0
1060,1,29.990189269557245,29.990189269557245,100.0
1060,2,39.35800003067358,39.35800003067358,100.0
1070,0,38.200316936924224,38.200316936924224,100.0
1070,1,27.18200322234582,27.18200322234582,100.0
1070,2,34.617679840729956,34.617679840729956,100.0
1080,0,25.0570404270492,25.0570404270492,100.0
1080,1,43.577631923575744,43.577631923575744,100.0
1080,2,31.365327649375054,31.365327649375054,100.0
1090,0,28.226372724788607,28.226372724788607,100.0
1090,1,45.28965221849283,45.28965221849283,100.0
1090,2,26.483975056718563,26.483975056718563,100.0
1100,0,47.57265296053366,47.57265296053366,100.0
1100,1,29.782163294764185,29.782163294764185,100.0
1100,2,22.64518374470216,22.64518374470216,100.0
1110,0,33.77791935337256,33.77791935337256,100.0
1110,1,30.3922239189779,30.3922239189779,100.0
1110,2,35.82985672764955,35.82985672764955,100.0
1120,0,43.26660593531524,43.26660593531524,100.0
1120,1,30.05477394633602,30.05477394633602,100.0
1120,2,26.67862011834874,26.67862011834874,100.0
1130,0,24.945582991371477,24.945582991371477,100.0
1130,1,35.923891042782216,35.923891042782216,100.0
1130,2,39.130525965846296,39.130525965846296,100.0
1140,0,39.62037220933014,39.62037220933014,100.0
1140,1,34.71953500768758,34.71953500768758,100.0
1140,2,25.660092782982275,25.660092782982275,100.0
1150,0,23.769434995716328,23.769434995716328,100.0
1150,1,46.50562937751026,46.50562937751026,100.0
1150,2,29.72493562677341,29.72493562677341,100.0
1160,0,31.367558669861907,31.367558669861907,100.0
1160,1,29.75331415022348,29.75331415022348,100.0
1160,2,38.87912717991462,38.87912717991462,100.0
1170,0,46.27250940643772,46.27250940643772,100.0
1170,1,25.694856535106915,25.694856535106915,100.0
1170,2,28.032634058455375,28.032634058455375,100.0
1180,0,30.12781347138041,30.12781347138041,100.0
1180,1,30.266261005772517,30.266261005772517,100.0
1180,2,39.60592552284707,39.60592552284707,100.0
1190,0,45.33066128991399,45.33066128991399,100.0
1190,1,35.27449215960296,35.27449215960296,100.0
1190,2,19.394846550483063,19.394846550483063,100.0
1200,0,45.045105039023504,45.045105039023504,100.0
1200,1,35.63208237407167,35.63208237407167,100.0
1200,2,19.322812586904828,19.322812586904828,100.0
1210,0,29.1502912552341,29.1502912552341,100.0
1210,1,33.64854464979833,33.64854464979833,100.0
1210,2,37.201164094967574,37.201164094967574,100.0
1220,0,38.45210452441153,38.45210452441153,100.0
1220,1,33.600244860084494,33.600244860084494,100.0
1220,2,27.94765061550397,27.94765061550397,100.0
1230,0,25.85235433586745,25.85235433586745,100.0
1230,1,41.57612341970756,41.57612341970756,100.0
1230,2,32.571522244425005,32.571522244425005,100.0
1240,0,34.698609352896305,34.698609352896305,100.0
1240,1,35.76728900534642,35.76728900534642,100.0
1240,2,29.53410164175728,29.53410164175728,100.0
1250,0,35.41800391166685,35.41800391166685,100.0
1250,1,44.324332847452,44.324332847452,100.0
1250,2,20.257663240881147,20.257663240881147,100.0
1260,0,49.554327694443565,49.554327694443565,100.0
1260,1,28.47519846115638,28.47519846115638,100.0
1260,2,21.970473844400047,21.970473844400047,100.0
1270,0,32.28945557925801,32.28945557925801,100.0
1270,1,25.601350219337142,25.601350219337142,100.0
1270,2,42.10919420140484,42.10919420140484,100.0
1280,0,34.73670084785029,34.73670084785029,100.0
1280,1,32.87578136303414,32.87578136303414,100.0
1280,2,32.38751778911558,32.38751778911558,100.0
1290,0,32.89102826098715,32.89102826098715,100.0
1290,1,31.604209924056036,31.604209924056036,100.0
1290,2,35.50476181495682,35.50476181495682,100.0
1300,0,36.908428815890815,36.908428815890815,100.0
1300,1,44.52091884804587,44.52091884804587,100.0
1300,2,18.570652336063308,18.570652336063308,100.0
1310,0,41.09975142691694,41.09975142691694,100.0
1310,1,35.65364616159026,35.65364616159026,100.0
1310,2,23.246602411492812,23.246602411492812,100.0
1320,0,40.417149131667024,40.417149131667024,100.0
1320,1,39.88978761853574,39.88978761853574,100.0
1320,2,19.693063249797223,19.693063249797223,100.0
1330,0,32.378486068111236,32.378486068111236,100.0
1330,1,41.90300610740299,41.90300610740299,100.0
1330,2,25.71850782448577,25.71850782448577,100.0
1340,0,36.822091972063134,36.822091972063134,100.0
1340,1,40.20517178762814,40.20517178762814,100.0
1340,2,22.972736240308727,22.972736240308727,100.0
1350,0,45.03191304888419,45.03191304888419,100.0
1350,1,31.696721457681576,31.696721457681576,100.0
1350,2,23.27136549343424,23.27136549343424,100.0
1360,0,37.59391972266262,37.59391972266262,100.0
1360,1,33.233063279730445,33.233063279730445,100.0
1360,2,29.173016997606943,29.173016997606943,100.0
1370,0,37.198422561671606,37.198422561671606,100.0
1370,1,34.73213073903225,34.73213073903225,100.0
1370,2,28.069446699296137,28.069446699296137,100.0
1380,0,26.7068214090989,26.7068214090989,100.0
1380,1,41.190410476582684,41.190410476582684,100.0
1380,2,32.102768114318415,32.102768114318415,100.0
1390,0,24.057418355679296,24.057418355679296,100.0
1390,1,44.13089247720488,44.13089247720488,100.0
1390,2,31.81168916711583,31.81168916711583,100.0
1400,0,22.349429979691042,22.349429979691042,100.0
1400,1,40.13371979800589,40.13371979800589,100.0
1400,2,37.51685022230306,37.51685022230306,100.0
1410,0,33.159174463871736,33.159174463871736,100.0
1410,1,34.13682715591509,34.13682715591509,100.0
1410,2,32.70399838021317,32.70399838021317,100.0
1420,0,23.71507665710979,23.71507665710979,100.0
1420,1,39.2751755043559,39.2751755043559,100.0
1420,2,37.00974783853431,37.00974783853431,100.0
1430,0,24.21290135217553,24.21290135217553,100.0
1430,1,36.02227708685508,36.02227708685508,100.0
1430,2,39.7648215609694,39.7648215609694,100.0
1440,0,40.94780012056244,40.94780012056244,100.0
1440,1,41.35563728588667,41.35563728588667,100.0
1440,2,17.696562593550887,17.696562593550887,100.0
1450,0,51.19832941438377,51.19832941438377,100.0
1450,1,26.618494555945116,26.618494555945116,100.0
1450,2,22.18317602967111,22.18317602967111,100.0
1460,0,35.12674285972595,35.12674285972595,100.0
1460,1,35.44401936118795,35.44401936118795,100.0
1460,2,29.429237779086105,29.429237779086105,100.0
1470,0,27.854794478910268,27.854794478910268,100.0
1470,1,36.235357717413585,36.235357717413585,100.0
1470,2,35.90984780367614,35.90984780367614,100.0
1480,0,44.929694325122796,44.929694325122796,100.0
1480,1,25.27761172019637,25.27761172019637,100.0
1480,2,29.79269395468084,29.79269395468084,100.0
1490,0,41.808084000093615,41.808084000093615,100.0
1490,1,37.14409189043872,37.14409189043872,100.0
1490,2,21.047824109467655,21.047824109467655,100.0
1500,0,36.6279196761682,36.6279196761682,100.0
1500,1,39.94332360261066,39.94332360261066,100.0
1500,2,23.42875672122115,23.42875672122115,100.0
