timestamp,ueImsi,sliceId,dTxBytes,dRxBytes,plr,resourceSharePct,dLostPackets,throughputMbps,bufferBytes
560,1,0,24448,1528,93.75,34.60,15,1.2224,137157
560,2,0,24448,1528,93.75,34.60,15,1.2224,137158
560,3,0,24448,1528,93.75,34.60,15,1.2224,137234
560,4,0,24448,1528,93.75,34.60,15,1.2224,137221
560,5,0,24448,1528,93.75,34.60,15,1.2224,137115
560,6,1,780,624,20.00,37.62,2,0.4992,87
560,7,1,780,624,20.00,37.62,2,0.4992,87
560,8,1,780,624,20.00,37.62,2,0.4992,87
560,9,1,780,624,20.00,37.62,2,0.4992,87
560,10,1,780,624,20.00,37.62,2,0.4992,87
560,11,2,16000,640,96.00,27.78,120,0.5120,91465
560,12,2,16000,640,96.00,27.78,120,0.5120,91466
560,13,2,16000,640,96.00,27.78,120,0.5120,91452
560,14,2,16000,640,96.00,27.78,120,0.5120,91460
560,15,2,16000,640,96.00,27.78,120,0.5120,91406
560,16,2,16000,640,96.00,27.78,120,0.5120,91405
560,17,2,16000,640,96.00,27.78,120,0.5120,91416
560,18,2,16000,640,96.00,27.78,120,0.5120,91408
560,19,2,16000,640,96.00,27.78,120,0.5120,91410
560,20,2,16000,640,96.00,27.78,120,0.5120,91427
