timestamp,ueImsi,sliceId,dTxBytes,dRxBytes,plr,resourceSharePct,dLostPackets,throughputMbps,bufferBytes
1510,1,0,18336,16808,8.33,40.70,1,13.4464,110285
1510,2,0,18336,16808,8.33,40.70,1,13.4464,110442
1510,3,0,18336,16808,8.33,40.70,1,13.4464,110628
1510,4,0,18336,18336,0.00,40.70,0,14.6688,110509
1510,5,0,18336,16808,8.33,40.70,1,13.4464,110345
1510,6,1,390,0,100.00,25.10,5,0.0000,1973
1510,7,1,390,0,100.00,25.10,5,0.0000,415
1510,8,1,390,390,0.00,25.10,0,0.3120,87
1510,9,1,390,390,0.00,25.10,0,0.3120,87
1510,10,1,390,390,0.00,25.10,0,0.3120,87
1510,11,2,384,256,33.33,34.20,1,0.2048,15
1510,12,2,384,256,33.33,34.20,1,0.2048,137
1510,13,2,384,256,33.33,34.20,1,0.2048,137
1510,14,2,384,0,100.00,34.20,3,0.0000,137
1510,15,2,384,0,100.00,34.20,3,0.0000,292
1510,16,2,384,0,100.00,34.20,3,0.0000,836
1510,17,2,384,256,33.33,34.20,1,0.2048,137
1510,18,2,384,0,100.00,34.20,3,0.0000,1313
1510,19,2,384,256,33.33,34.20,1,0.2048,137
1510,20,2,384,0,100.00,34.20,3,0.0000,1433
