timestamp,ueImsi,sliceId,dTxBytes,dRxBytes,plr,resourceSharePct,dLostPackets,throughputMbps,bufferBytes
560,1,0,24448,1528,93.75,26.28,15,1.2224,137047
560,2,0,24448,1528,93.75,26.28,15,1.2224,137063
560,3,0,24448,1528,93.75,26.28,15,1.2224,137034
560,4,0,24448,1528,93.75,26.28,15,1.2224,137027
560,5,0,24448,1528,93.75,26.28,15,1.2224,137028
560,6,1,780,624,20.00,40.94,2,0.4992,87
560,7,1,780,624,20.00,40.94,2,0.4992,87
560,8,1,780,624,20.00,40.94,2,0.4992,87
560,9,1,780,624,20.00,40.94,2,0.4992,87
560,10,1,780,624,20.00,40.94,2,0.4992,87
560,11,2,16000,768,95.20,32.78,119,0.6144,91060
560,12,2,16000,640,96.00,32.78,120,0.5120,91060
560,13,2,16000,768,95.20,32.78,119,0.6144,91059
560,14,2,16000,768,95.20,32.78,119,0.6144,91059
560,15,2,16000,896,94.40,32.78,118,0.7168,91023
560,16,2,16000,896,94.40,32.78,118,0.7168,91022
560,17,2,16000,896,94.40,32.78,118,0.7168,91023
560,18,2,16000,896,94.40,32.78,118,0.7168,91023
560,19,2,16000,896,94.40,32.78,118,0.7168,91020
560,20,2,16000,768,95.20,32.78,119,0.6144,91020
