timestamp,ueImsi,sliceId,dTxBytes,dRxBytes,plr,resourceSharePct,dLostPackets,throughputMbps,bufferBytes,dlBufferBytes,ulBufferBytes,macBufferBytes,congestionPct,lastDrlActionStatus
10600,1,0,128736,0,100.00,16.66,112,0.0000,1200005,96101,1200005,1296106,12.36,applied
10600,2,0,128736,61400,55.36,16.66,62,4.9120,1200005,96101,1200005,1296106,12.36,applied
10600,3,0,128736,65084,52.68,16.66,59,5.2067,1199169,96101,1199169,1295270,12.35,applied
10600,4,0,128736,0,100.00,16.66,112,0.0000,34,96101,34,96135,0.92,applied
10600,5,0,128736,101924,25.89,16.66,29,8.1539,39823,96101,39823,135924,1.30,applied
10600,6,1,0,0,0.00,30.00,0,0.0000,34,0,34,34,0.00,applied
10600,7,1,0,0,0.00,30.00,0,0.0000,34,0,34,34,0.00,applied
10600,8,1,0,0,0.00,30.00,0,0.0000,34,0,34,34,0.00,applied
10600,9,1,0,0,0.00,30.00,0,0.0000,34,0,34,34,0.00,applied
10600,10,1,0,0,0.00,30.00,0,0.0000,34,0,34,34,0.00,applied
10600,11,1,0,0,0.00,30.00,0,0.0000,34,0,34,34,0.00,applied
10600,12,1,0,0,0.00,30.00,0,0.0000,34,0,34,34,0.00,applied
10600,13,1,0,0,0.00,30.00,0,0.0000,34,0,34,34,0.00,applied
10600,14,2,63772,940,89.80,53.33,44,0.0752,5815357,5815357,51,5815408,55.46,applied
10600,15,2,63772,0,100.00,53.33,49,0.0000,5815357,5815357,51,5815408,55.46,applied
10600,16,2,63772,940,89.80,53.33,44,0.0752,5815357,5815357,51,5815408,55.46,applied
10600,17,2,63772,0,100.00,53.33,49,0.0000,5816525,5816525,51,5816576,55.47,applied
10600,18,2,63772,0,100.00,53.33,49,0.0000,5815357,5815357,51,5815408,55.46,applied
