timestamp,sliceId,dedicatedPRB,minPRB,maxPRB
510,0,31.699246819681182,31.699246819681182,100.0
510,1,34.65448458723127,34.65448458723127,100.0
510,2,33.64626859308754,33.64626859308754,100.0
520,0,30.615695731418214,30.615695731418214,100.0
520,1,32.73363637778842,32.73363637778842,100.0
520,2,36.650667890793365,36.650667890793365,100.0
530,0,32.236980440127034,32.236980440127034,100.0
530,1,33.096961449192854,33.096961449192854,100.0
530,2,34.66605811068011,34.66605811068011,100.0
540,0,32.13242679443836,32.13242679443836,100.0
540,1,27.927001826958552,27.927001826958552,100.0
540,2,39.94057137860308,39.94057137860308,100.0
550,0,29.895470629958744,29.895470629958744,100.0
550,1,32.42986231350517,32.42986231350517,100.0
550,2,37.674667056536094,37.674667056536094,100.0
