timestamp,sliceId,dedicatedPRB,minPRB,maxPRB
510,0,27.567698386955296,27.567698386955296,100.0
510,1,31.476088837083672,31.476088837083672,100.0
510,2,40.956212775961035,40.956212775961035,100.0
520,0,22.27258239651819,22.27258239651819,100.0
520,1,50.76674733431044,50.76674733431044,100.0
520,2,26.960670269171384,26.960670269171384,100.0
530,0,49.319623385686256,49.319623385686256,100.0
530,1,26.445757671538534,26.445757671538534,100.0
530,2,24.23461894277521,24.23461894277521,100.0
540,0,35.06824603646546,35.06824603646546,100.0
540,1,30.932334619003626,30.932334619003626,100.0
540,2,33.999419344530914,33.999419344530914,100.0
550,0,38.69879684951913,38.69879684951913,100.0
550,1,24.54311483099786,24.54311483099786,100.0
550,2,36.75808831948301,36.75808831948301,100.0
560,0,25.69518426875795,25.69518426875795,100.0
560,1,54.22530446057048,54.22530446057048,100.0
560,2,20.07951127067158,20.07951127067158,100.0
570,0,36.34183706986977,36.34183706986977,100.0
570,1,33.66462076774848,33.66462076774848,100.0
570,2,29.993542162381754,29.993542162381754,100.0
580,0,30.994920316131502,30.994920316131502,100.0
580,1,49.713096485697044,49.713096485697044,100.0
580,2,19.291983198171458,19.291983198171458,100.0
590,0,22.182068631560437,22.182068631560437,100.0
590,1,41.26684840791225,41.26684840791225,100.0
590,2,36.55108296052732,36.55108296052732,100.0
600,0,41.50142438012008,41.50142438012008,100.0
600,1,40.566278958971644,40.566278958971644,100.0
600,2,17.932296660908275,17.932296660908275,100.0
610,0,28.481844090656715,28.481844090656715,100.0
610,1,37.86396180117858,37.86396180117858,100.0
610,2,33.6541941081647,33.6541941081647,100.0
620,0,32.44716439024262,32.44716439024262,100.0
620,1,37.017810448709355,37.017810448709355,100.0
620,2,30.53502516104804,30.53502516104804,100.0
630,0,33.60559388865807,33.60559388865807,100.0
630,1,42.30047550608484,42.30047550608484,100.0
630,2,24.093930605257096,24.093930605257096,100.0
640,0,34.59380306775166,34.59380306775166,100.0
640,1,38.411306025156975,38.411306025156975,100.0
640,2,26.994890907091367,26.994890907091367,100.0
650,0,38.09303902702632,38.09303902702632,100.0
650,1,26.845086977398125,26.845086977398125,100.0
650,2,35.06187399557555,35.06187399557555,100.0
660,0,34.789154772399925,34.789154772399925,100.0
660,1,28.247666105732506,28.247666105732506,100.0
660,2,36.963179121867576,36.963179121867576,100.0
670,0,32.46917953030832,32.46917953030832,100.0
670,1,26.017466925346334,26.017466925346334,100.0
670,2,41.51335354434535,41.51335354434535,100.0
680,0,26.806621208518997,26.806621208518997,100.0
680,1,41.229723596542236,41.229723596542236,100.0
680,2,31.963655194938774,31.963655194938774,100.0
690,0,28.632818898356394,28.632818898356394,100.0
690,1,44.13330448560717,44.13330448560717,100.0
690,2,27.233876616036433,27.233876616036433,100.0
700,0,30.34353003935423,30.34353003935423,100.0
700,1,41.40456191947946,41.40456191947946,100.0
700,2,28.251908041166306,28.251908041166306,100.0
710,0,21.85001273143587,21.85001273143587,100.0
710,1,42.02909148480306,42.02909148480306,100.0
710,2,36.12089578376108,36.12089578376108,100.0
720,0,43.2821975285091,43.2821975285091,100.0
720,1,37.70315401423171,37.70315401423171,100.0
720,2,19.01464845725919,19.01464845725919,100.0
730,0,35.913316236756515,35.913316236756515,100.0
730,1,25.490562643421207,25.490562643421207,100.0
730,2,38.59612111982227,38.59612111982227,100.0
740,0,32.168096829148155,32.168096829148155,100.0
740,1,39.94539920423884,39.94539920423884,100.0
740,2,27.886503966613002,27.886503966613002,100.0
750,0,38.414443222381834,38.414443222381834,100.0
750,1,35.36565378803497,35.36565378803497,100.0
750,2,26.219902989583193,26.219902989583193,100.0
760,0,25.736522931765382,25.736522931765382,100.0
760,1,32.19082377601295,32.19082377601295,100.0
760,2,42.072653292221666,42.072653292221666,100.0
770,0,36.36292902761383,36.36292902761383,100.0
770,1,38.49075782575239,38.49075782575239,100.0
770,2,25.146313146633787,25.146313146633787,100.0
780,0,21.644464917674174,21.644464917674174,100.0
780,1,49.050543026577046,49.050543026577046,100.0
780,2,29.304992055748784,29.304992055748784,100.0
790,0,39.85553806391863,39.85553806391863,100.0
790,1,33.81931880780933,33.81931880780933,100.0
790,2,26.325143128272032,26.325143128272032,100.0
800,0,28.215948259089153,28.215948259089153,100.0
800,1,25.56621342157092,25.56621342157092,100.0
800,2,46.21783831933993,46.21783831933993,100.0
810,0,54.347017248729216,54.347017248729216,100.0
810,1,25.38787011894365,25.38787011894365,100.0
810,2,20.26511263232714,20.26511263232714,100.0
820,0,29.654029370913737,29.654029370913737,100.0
820,1,29.931510266863086,29.931510266863086,100.0
820,2,40.414460362223174,40.414460362223174,100.0
830,0,35.803408535023856,35.803408535023856,100.0
830,1,31.74322862579307,31.74322862579307,100.0
830,2,32.45336283918307,32.45336283918307,100.0
840,0,40.33387622556685,40.33387622556685,100.0
840,1,30.062858426671053,30.062858426671053,100.0
840,2,29.603265347762107,29.603265347762107,100.0
850,0,30.48425700637367,30.48425700637367,100.0
850,1,29.53760783390465,29.53760783390465,100.0
850,2,39.97813515972168,39.97813515972168,100.0
860,0,26.435050774864134,26.435050774864134,100.0
860,1,54.38608325480758,54.38608325480758,100.0
860,2,19.17886597032829,19.17886597032829,100.0
870,0,29.15350603349915,29.15350603349915,100.0
870,1,30.47160068794864,30.47160068794864,100.0
870,2,40.374893278552214,40.374893278552214,100.0
880,0,42.826200364725416,42.826200364725416,100.0
880,1,29.13270370807681,29.13270370807681,100.0
880,2,28.041095927197784,28.041095927197784,100.0
890,0,22.42086555921672,22.42086555921672,100.0
890,1,25.50121151634159,25.50121151634159,100.0
890,2,52.07792292444169,52.07792292444169,100.0
900,0,40.501622283073324,40.501622283073324,100.0
900,1,41.89158503176336,41.89158503176336,100.0
900,2,17.606792685163313,17.606792685163313,100.0
910,0,22.830973644377544,22.830973644377544,100.0
910,1,34.948083810469974,34.948083810469974,100.0
910,2,42.22094254515248,42.22094254515248,100.0
920,0,40.8919954161077,40.8919954161077,100.0
920,1,41.906175899635066,41.906175899635066,100.0
920,2,17.201828684257237,17.201828684257237,100.0
930,0,29.572151943521753,29.572151943521753,100.0
930,1,42.08578316557738,42.08578316557738,100.0
930,2,28.342064890900858,28.342064890900858,100.0
940,0,46.600418854358274,46.600418854358274,100.0
940,1,26.41838550241595,26.41838550241595,100.0
940,2,26.981195643225774,26.981195643225774,100.0
950,0,37.77484788365155,37.77484788365155,100.0
950,1,26.345736157192846,26.345736157192846,100.0
950,2,35.8794159591556,35.8794159591556,100.0
960,0,24.44145784502347,24.44145784502347,100.0
960,1,36.64086586790389,36.64086586790389,100.0
960,2,38.91767628707264,38.91767628707264,100.0
970,0,36.87108308073369,36.87108308073369,100.0
970,1,39.045786479306734,39.045786479306734,100.0
970,2,24.083130439959575,24.083130439959575,100.0
980,0,25.318096252967777,25.318096252967777,100.0
980,1,31.435914732310067,31.435914732310067,100.0
980,2,43.245989014722156,43.245989014722156,100.0
990,0,37.20929373485673,37.20929373485673,100.0
990,1,42.09866356823706,42.09866356823706,100.0
990,2,20.692042696906203,20.692042696906203,100.0
1000,0,21.834147282895923,21.834147282895923,100.0
1000,1,44.11340926795392,44.11340926795392,100.0
1000,2,34.05244344915017,34.05244344915017,100.0
1010,0,34.72195727032146,34.72195727032146,100.0
1010,1,46.63497624497541,46.63497624497541,100.0
1010,2,18.643066484703123,18.643066484703123,100.0
1020,0,21.896028342898276,21.896028342898276,100.0
1020,1,51.85451690605575,51.85451690605575,100.0
1020,2,26.249454751045974,26.249454751045974,100.0
1030,0,43.882073958258985,43.882073958258985,100.0
1030,1,30.160456663419684,30.160456663419684,100.0
1030,2,25.957469378321345,25.957469378321345,100.0
1040,0,23.619890881723723,23.619890881723723,100.0
1040,1,49.17226431448662,49.17226431448662,100.0
1040,2,27.207844803789655,27.207844803789655,100.0
1050,0,39.41790869760035,39.41790869760035,100.0
1050,1,38.857349756434665,38.857349756434665,100.0
1050,2,21.724741545964978,21.724741545964978,100.0
