timestamp,sliceId,dedicatedPRB,minPRB,maxPRB
510,0,43.30649434075482,43.30649434075482,100.0
510,1,37.378467165733255,37.378467165733255,100.0
510,2,19.315038493511928,19.315038493511928,100.0
520,0,47.60404650316408,47.60404650316408,100.0
520,1,27.44068908576647,27.44068908576647,100.0
520,2,24.955264411069457,24.955264411069457,100.0
530,0,35.496102884382495,35.496102884382495,100.0
530,1,33.958632188877615,33.958632188877615,100.0
530,2,30.545264926739886,30.545264926739886,100.0
540,0,25.287279999340377,25.287279999340377,100.0
540,1,43.375754423691916,43.375754423691916,100.0
540,2,31.3369655769677,31.3369655769677,100.0
550,0,35.49357692241595,35.49357692241595,100.0
550,1,38.44935189937024,38.44935189937024,100.0
550,2,26.057071178213814,26.057071178213814,100.0
560,0,39.86572165119494,39.86572165119494,100.0
560,1,32.117763230151056,32.117763230151056,100.0
560,2,28.016515118654013,28.016515118654013,100.0
570,0,27.560995892878466,27.560995892878466,100.0
570,1,33.48117399227893,33.48117399227893,100.0
570,2,38.957830114842615,38.957830114842615,100.0
580,0,41.03540530088342,41.03540530088342,100.0
580,1,24.021376043788216,24.021376043788216,100.0
580,2,34.94321865532836,34.94321865532836,100.0
590,0,39.37662835939718,39.37662835939718,100.0
590,1,37.07059684312795,37.07059684312795,100.0
590,2,23.55277479747486,23.55277479747486,100.0
600,0,40.69912595811984,40.69912595811984,100.0
600,1,36.24866524126426,36.24866524126426,100.0
600,2,23.05220880061589,23.05220880061589,100.0
610,0,22.112767101981195,22.112767101981195,100.0
610,1,37.5744836199649,37.5744836199649,100.0
610,2,40.31274927805391,40.31274927805391,100.0
620,0,38.24776610362317,38.24776610362317,100.0
620,1,24.562591708005613,24.562591708005613,100.0
620,2,37.189642188371224,37.189642188371224,100.0
630,0,33.65319768056973,33.65319768056973,100.0
630,1,44.58346625640727,44.58346625640727,100.0
630,2,21.763336063022994,21.763336063022994,100.0
640,0,39.3842802441426,39.3842802441426,100.0
640,1,29.065391354261422,29.065391354261422,100.0
640,2,31.55032840159598,31.55032840159598,100.0
650,0,38.546325664510874,38.546325664510874,100.0
650,1,26.591065929298747,26.591065929298747,100.0
650,2,34.86260840619039,34.86260840619039,100.0
660,0,24.544409436009836,24.544409436009836,100.0
660,1,30.882547989352954,30.882547989352954,100.0
660,2,44.57304257463721,44.57304257463721,100.0
670,0,22.513229905168696,22.513229905168696,100.0
670,1,46.40809255209637,46.40809255209637,100.0
670,2,31.078677542734933,31.078677542734933,100.0
680,0,38.59653434109824,38.59653434109824,100.0
680,1,35.14666985470542,35.14666985470542,100.0
680,2,26.256795804196344,26.256795804196344,100.0
690,0,26.839872742803372,26.839872742803372,100.0
690,1,26.058604648255812,26.058604648255812,100.0
690,2,47.10152260894082,47.10152260894082,100.0
700,0,40.16696963539696,40.16696963539696,100.0
700,1,41.291084152752006,41.291084152752006,100.0
700,2,18.541946211851034,18.541946211851034,100.0
710,0,37.36501800603325,37.36501800603325,100.0
710,1,42.782611342885325,42.782611342885325,100.0
710,2,19.852370651081426,19.852370651081426,100.0
720,0,32.73319758263538,32.73319758263538,100.0
720,1,29.931794292250647,29.931794292250647,100.0
720,2,37.33500812511397,37.33500812511397,100.0
730,0,33.94445203599119,33.94445203599119,100.0
730,1,46.82133538331571,46.82133538331571,100.0
730,2,19.234212580693093,19.234212580693093,100.0
740,0,32.44628495374887,32.44628495374887,100.0
740,1,42.50656932672607,42.50656932672607,100.0
740,2,25.047145719525055,25.047145719525055,100.0
750,0,27.736820308396375,27.736820308396375,100.0
750,1,42.83758983254556,42.83758983254556,100.0
750,2,29.425589859058064,29.425589859058064,100.0
760,0,38.16734862317611,38.16734862317611,100.0
760,1,35.84949916199642,35.84949916199642,100.0
760,2,25.98315221482747,25.98315221482747,100.0
770,0,29.698785698415364,29.698785698415364,100.0
770,1,31.04485789727432,31.04485789727432,100.0
770,2,39.256356404310324,39.256356404310324,100.0
780,0,33.810215461224224,33.810215461224224,100.0
780,1,39.67858976621147,39.67858976621147,100.0
780,2,26.511194772564295,26.511194772564295,100.0
790,0,25.79349730378934,25.79349730378934,100.0
790,1,54.770831118070376,54.770831118070376,100.0
790,2,19.43567157814029,19.43567157814029,100.0
800,0,27.433557196797974,27.433557196797974,100.0
800,1,25.742014020051034,25.742014020051034,100.0
800,2,46.824428783150985,46.824428783150985,100.0
810,0,32.94132375600245,32.94132375600245,100.0
810,1,33.20855760175302,33.20855760175302,100.0
810,2,33.85011864224454,33.85011864224454,100.0
820,0,23.581348918850406,23.581348918850406,100.0
820,1,29.72172759048724,29.72172759048724,100.0
820,2,46.696923490662364,46.696923490662364,100.0
830,0,33.47573402671171,33.47573402671171,100.0
830,1,34.94367402134978,34.94367402134978,100.0
830,2,31.58059195193851,31.58059195193851,100.0
840,0,26.804394468824665,26.804394468824665,100.0
840,1,28.9456612791674,28.9456612791674,100.0
840,2,44.249944252007936,44.249944252007936,100.0
850,0,32.204137256136214,32.204137256136214,100.0
850,1,33.888129997767265,33.888129997767265,100.0
850,2,33.90773274609653,33.90773274609653,100.0
860,0,29.26744951484097,29.26744951484097,100.0
860,1,32.68173389941605,32.68173389941605,100.0
860,2,38.05081658574297,38.05081658574297,100.0
870,0,36.01648038475247,36.01648038475247,100.0
870,1,32.963685082427645,32.963685082427645,100.0
870,2,31.019834532819885,31.019834532819885,100.0
880,0,35.817912271099594,35.817912271099594,100.0
880,1,29.849895211966,29.849895211966,100.0
880,2,34.33219251693441,34.33219251693441,100.0
890,0,29.990411736325758,29.990411736325758,100.0
890,1,40.14773354399782,40.14773354399782,100.0
890,2,29.861854719676415,29.861854719676415,100.0
900,0,26.19833351215415,26.19833351215415,100.0
900,1,28.27058660855066,28.27058660855066,100.0
900,2,45.5310798792952,45.5310798792952,100.0
910,0,26.119522501493098,26.119522501493098,100.0
910,1,26.984290387066622,26.984290387066622,100.0
910,2,46.89618711144028,46.89618711144028,100.0
920,0,31.601534884558234,31.601534884558234,100.0
920,1,40.49244557486244,40.49244557486244,100.0
920,2,27.90601954057933,27.90601954057933,100.0
930,0,26.741625978544047,26.741625978544047,100.0
930,1,34.6690164051228,34.6690164051228,100.0
930,2,38.58935761633315,38.58935761633315,100.0
940,0,35.65077207554764,35.65077207554764,100.0
940,1,39.40996306762387,39.40996306762387,100.0
940,2,24.939264856828487,24.939264856828487,100.0
950,0,23.032800622187775,23.032800622187775,100.0
950,1,53.613249763544516,53.613249763544516,100.0
950,2,23.353949614267723,23.353949614267723,100.0
960,0,28.12846220686625,28.12846220686625,100.0
960,1,39.24369893888044,39.24369893888044,100.0
960,2,32.62783885425331,32.62783885425331,100.0
970,0,24.239100320473273,24.239100320473273,100.0
970,1,39.98886853782723,39.98886853782723,100.0
970,2,35.7720311416995,35.7720311416995,100.0
980,0,33.20492727011669,33.20492727011669,100.0
980,1,31.460084824160976,31.460084824160976,100.0
980,2,35.334987905722336,35.334987905722336,100.0
990,0,27.19515849552121,27.19515849552121,100.0
990,1,47.85189393597572,47.85189393597572,100.0
990,2,24.95294756850307,24.95294756850307,100.0
1000,0,33.70568456014272,33.70568456014272,100.0
1000,1,44.61193017209525,44.61193017209525,100.0
1000,2,21.682385267762022,21.682385267762022,100.0
1010,0,37.73642382171802,37.73642382171802,100.0
1010,1,42.61369200728772,42.61369200728772,100.0
1010,2,19.64988417099427,19.64988417099427,100.0
1020,0,35.798154369424154,35.798154369424154,100.0
1020,1,40.00350811366311,40.00350811366311,100.0
1020,2,24.198337516912737,24.198337516912737,100.0
1030,0,30.5542286168233,30.5542286168233,100.0
1030,1,39.86121346794743,39.86121346794743,100.0
1030,2,29.58455791522927,29.58455791522927,100.0
1040,0,29.047477969434198,29.047477969434198,100.0
1040,1,48.91385956566533,48.91385956566533,100.0
1040,2,22.038662464900483,22.038662464900483,100.0
1050,0,24.05329937855042,24.05329937855042,100.0
1050,1,50.91778974981259,50.91778974981259,100.0
1050,2,25.028910871636995,25.028910871636995,100.0
1060,0,26.70957985002802,26.70957985002802,100.0
1060,1,30.825286533320096,30.825286533320096,100.0
1060,2,42.46513361665188,42.46513361665188,100.0
1070,0,23.413489045737496,23.413489045737496,100.0
1070,1,42.84036598355706,42.84036598355706,100.0
1070,2,33.74614497070545,33.74614497070545,100.0
1080,0,44.67906520847538,44.67906520847538,100.0
1080,1,33.91543049793836,33.91543049793836,100.0
1080,2,21.40550429358626,21.40550429358626,100.0
1090,0,24.792317461285133,24.792317461285133,100.0
1090,1,51.516872116599984,51.516872116599984,100.0
1090,2,23.69081042211489,23.69081042211489,100.0
1100,0,32.86027070561784,32.86027070561784,100.0
1100,1,31.52622198251644,31.52622198251644,100.0
1100,2,35.613507311865725,35.613507311865725,100.0
1110,0,35.99252057536854,35.99252057536854,100.0
1110,1,37.472026462898064,37.472026462898064,100.0
1110,2,26.53545296173339,26.53545296173339,100.0
1120,0,25.934760690578663,25.934760690578663,100.0
1120,1,32.44415828338761,32.44415828338761,100.0
1120,2,41.62108102603372,41.62108102603372,100.0
1130,0,21.979861215864968,21.979861215864968,100.0
1130,1,55.255848603374844,55.255848603374844,100.0
1130,2,22.764290180760188,22.764290180760188,100.0
1140,0,32.93949543599032,32.93949543599032,100.0
1140,1,36.27351766955993,36.27351766955993,100.0
1140,2,30.786986894449758,30.786986894449758,100.0
1150,0,24.419920605428224,24.419920605428224,100.0
1150,1,43.06422967433596,43.06422967433596,100.0
1150,2,32.51584972023581,32.51584972023581,100.0
1160,0,27.39508366296004,27.39508366296004,100.0
1160,1,48.224446840599924,48.224446840599924,100.0
1160,2,24.38046949644004,24.38046949644004,100.0
1170,0,25.100438552613745,25.100438552613745,100.0
1170,1,30.558598113282375,30.558598113282375,100.0
1170,2,44.340963334103876,44.340963334103876,100.0
1180,0,22.518716189619028,22.518716189619028,100.0
1180,1,54.652296384951995,54.652296384951995,100.0
1180,2,22.82898742542899,22.82898742542899,100.0
1190,0,28.212915098838355,28.212915098838355,100.0
1190,1,36.31024381355412,36.31024381355412,100.0
1190,2,35.476841087607525,35.476841087607525,100.0
1200,0,28.75140808834561,28.75140808834561,100.0
1200,1,27.90803231106061,27.90803231106061,100.0
1200,2,43.34055960059378,43.34055960059378,100.0
1210,0,23.82453117072411,23.82453117072411,100.0
1210,1,47.64462235034796,47.64462235034796,100.0
1210,2,28.53084647892793,28.53084647892793,100.0
1220,0,22.322731981885063,22.322731981885063,100.0
1220,1,43.83371151411016,43.83371151411016,100.0
1220,2,33.84355650400478,33.84355650400478,100.0
1230,0,25.87115177123668,25.87115177123668,100.0
1230,1,26.541010252980147,26.541010252980147,100.0
1230,2,47.587837975783174,47.587837975783174,100.0
1240,0,25.964270044159022,25.964270044159022,100.0
1240,1,32.92481888106927,32.92481888106927,100.0
1240,2,41.110911074771714,41.110911074771714,100.0
1250,0,38.64005424412721,38.64005424412721,100.0
1250,1,43.14601583462845,43.14601583462845,100.0
1250,2,18.213929921244336,18.213929921244336,100.0
1260,0,24.825059569498904,24.825059569498904,100.0
1260,1,44.074676721314965,44.074676721314965,100.0
1260,2,31.100263709186137,31.100263709186137,100.0
1270,0,41.092842604899374,41.092842604899374,100.0
1270,1,41.09358340176178,41.09358340176178,100.0
1270,2,17.81357399333886,17.81357399333886,100.0
1280,0,24.296796849837516,24.296796849837516,100.0
1280,1,34.39610639181746,34.39610639181746,100.0
1280,2,41.30709675834502,41.30709675834502,100.0
1290,0,27.979275881071818,27.979275881071818,100.0
1290,1,33.174666903549074,33.174666903549074,100.0
1290,2,38.846057215379105,38.846057215379105,100.0
1300,0,33.1965895736424,33.1965895736424,100.0
1300,1,33.6914864892427,33.6914864892427,100.0
1300,2,33.11192393711491,33.11192393711491,100.0
1310,0,22.613308463639036,22.613308463639036,100.0
1310,1,36.88639365057139,36.88639365057139,100.0
1310,2,40.50029788578957,40.50029788578957,100.0
1320,0,36.789985650332724,36.789985650332724,100.0
1320,1,36.00702714290026,36.00702714290026,100.0
1320,2,27.20298720676701,27.20298720676701,100.0
1330,0,36.54927654458346,36.54927654458346,100.0
1330,1,34.86515393607454,34.86515393607454,100.0
1330,2,28.58556951934201,28.58556951934201,100.0
1340,0,24.816997903336542,24.816997903336542,100.0
1340,1,55.7333209693473,55.7333209693473,100.0
1340,2,19.449681127316165,19.449681127316165,100.0
1350,0,29.66149036402309,29.66149036402309,100.0
1350,1,30.099558495141633,30.099558495141633,100.0
1350,2,40.238951140835276,40.238951140835276,100.0
1360,0,48.16254223880412,48.16254223880412,100.0
1360,1,31.854858159655976,31.854858159655976,100.0
1360,2,19.982599601539906,19.982599601539906,100.0
1370,0,28.2696587771923,28.2696587771923,100.0
1370,1,30.24391455793695,30.24391455793695,100.0
1370,2,41.48642666487075,41.48642666487075,100.0
1380,0,27.546268688382735,27.546268688382735,100.0
1380,1,43.65524249931284,43.65524249931284,100.0
1380,2,28.798488812304424,28.798488812304424,100.0
1390,0,46.1859062135735,46.1859062135735,100.0
1390,1,26.99650952846932,26.99650952846932,100.0
1390,2,26.817584257957183,26.817584257957183,100.0
1400,0,33.26713912493561,33.26713912493561,100.0
1400,1,29.94277164131403,29.94277164131403,100.0
1400,2,36.79008923375035,36.79008923375035,100.0
1410,0,34.94911599608203,34.94911599608203,100.0
1410,1,29.563702527650282,29.563702527650282,100.0
1410,2,35.487181476267686,35.487181476267686,100.0
1420,0,24.341609537924054,24.341609537924054,100.0
1420,1,28.723419884831515,28.723419884831515,100.0
1420,2,46.93497057724443,46.93497057724443,100.0
1430,0,28.613229951117606,28.613229951117606,100.0
1430,1,28.063761608201425,28.063761608201425,100.0
1430,2,43.323008440680965,43.323008440680965,100.0
1440,0,33.109851000512066,33.109851000512066,100.0
1440,1,44.5542589588937,44.5542589588937,100.0
1440,2,22.335890040594247,22.335890040594247,100.0
1450,0,37.539174920088634,37.539174920088634,100.0
1450,1,27.656624540681047,27.656624540681047,100.0
1450,2,34.80420053923032,34.80420053923032,100.0
1460,0,39.718269569008335,39.718269569008335,100.0
1460,1,27.942414907868553,27.942414907868553,100.0
1460,2,32.33931552312311,32.33931552312311,100.0
1470,0,24.728608873528852,24.728608873528852,100.0
1470,1,46.305275551729906,46.305275551729906,100.0
1470,2,28.966115574741245,28.966115574741245,100.0
1480,0,32.324385917905616,32.324385917905616,100.0
1480,1,35.87174667081879,35.87174667081879,100.0
1480,2,31.8038674112756,31.8038674112756,100.0
1490,0,46.269950855917884,46.269950855917884,100.0
1490,1,30.366162636262057,30.366162636262057,100.0
1490,2,23.36388650782006,23.36388650782006,100.0
1500,0,30.35062281621958,30.35062281621958,100.0
1500,1,31.337775200580793,31.337775200580793,100.0
1500,2,38.31160198319964,38.31160198319964,100.0
