timestamp,sliceId,dedicatedPRB,minPRB,maxPRB
510,0,43.41783681164255,43.41783681164255,100.0
510,1,32.4423995715337,32.4423995715337,100.0
510,2,24.139763616823757,24.139763616823757,100.0
520,0,23.913266436707623,23.913266436707623,100.0
520,1,33.61134733865487,33.61134733865487,100.0
520,2,42.475386224637504,42.475386224637504,100.0
530,0,36.79669405315921,36.79669405315921,100.0
530,1,32.99939243386733,32.99939243386733,100.0
530,2,30.203913512973468,30.203913512973468,100.0
540,0,25.74380815577848,25.74380815577848,100.0
540,1,27.570479916874508,27.570479916874508,100.0
540,2,46.685711927347015,46.685711927347015,100.0
550,0,33.14686314374892,33.14686314374892,100.0
550,1,42.65769606533401,42.65769606533401,100.0
550,2,24.195440790917086,24.195440790917086,100.0
560,0,31.84760307765626,31.84760307765626,100.0
560,1,39.56217102317735,39.56217102317735,100.0
560,2,28.590225899166388,28.590225899166388,100.0
570,0,21.453718148240185,21.453718148240185,100.0
570,1,35.574097977919955,35.574097977919955,100.0
570,2,42.97218387383987,42.97218387383987,100.0
580,0,36.250807560174216,36.250807560174216,100.0
580,1,27.90324497757151,27.90324497757151,100.0
580,2,35.845947462254266,35.845947462254266,100.0
590,0,22.896790600515626,22.896790600515626,100.0
590,1,43.84719868267201,43.84719868267201,100.0
590,2,33.25601071681237,33.25601071681237,100.0
600,0,24.428045201942467,24.428045201942467,100.0
600,1,51.78354907325912,51.78354907325912,100.0
600,2,23.788405724798423,23.788405724798423,100.0
610,0,45.18397462344091,45.18397462344091,100.0
610,1,26.556815817016265,26.556815817016265,100.0
610,2,28.259209559542835,28.259209559542835,100.0
620,0,41.15476219465916,41.15476219465916,100.0
620,1,38.255408783607486,38.255408783607486,100.0
620,2,20.58982902173335,20.58982902173335,100.0
630,0,28.924120842791233,28.924120842791233,100.0
630,1,48.3042751350081,48.3042751350081,100.0
630,2,22.771604022200663,22.771604022200663,100.0
640,0,27.619725788407095,27.619725788407095,100.0
640,1,49.833400494389664,49.833400494389664,100.0
640,2,22.546873717203233,22.546873717203233,100.0
650,0,32.606190949247264,32.606190949247264,100.0
650,1,38.46027070934175,38.46027070934175,100.0
650,2,28.93353834141099,28.93353834141099,100.0
660,0,33.5047834344938,33.5047834344938,100.0
660,1,41.82840510147009,41.82840510147009,100.0
660,2,24.666811464036115,24.666811464036115,100.0
