timestamp,sliceId,dedicatedPRB,minPRB,maxPRB
510,0,37.13300348599409,37.13300348599409,100.0
510,1,35.437005906041655,35.437005906041655,100.0
510,2,27.42999060796425,27.42999060796425,100.0
520,0,26.075651199170224,26.075651199170224,100.0
520,1,34.292582192995944,34.292582192995944,100.0
520,2,39.63176660783383,39.63176660783383,100.0
530,0,42.540457049152856,42.540457049152856,100.0
530,1,30.962981781411692,30.962981781411692,100.0
530,2,26.496561169435463,26.496561169435463,100.0
540,0,44.32077453854129,44.32077453854129,100.0
540,1,26.701114485155735,26.701114485155735,100.0
540,2,28.97811097630297,28.97811097630297,100.0
550,0,27.87830252507768,27.87830252507768,100.0
550,1,50.82726191598431,50.82726191598431,100.0
550,2,21.294435558938005,21.294435558938005,100.0
560,0,40.59943910484709,40.59943910484709,100.0
560,1,36.69355431111971,36.69355431111971,100.0
560,2,22.707006584033195,22.707006584033195,100.0
570,0,29.308194090172314,29.308194090172314,100.0
570,1,29.75465114481357,29.75465114481357,100.0
570,2,40.937154765014114,40.937154765014114,100.0
580,0,30.616670959974236,30.616670959974236,100.0
580,1,49.99164399506332,49.99164399506332,100.0
580,2,19.39168504496245,19.39168504496245,100.0
590,0,42.91433990578171,42.91433990578171,100.0
590,1,25.52997258922382,25.52997258922382,100.0
590,2,31.555687504994477,31.555687504994477,100.0
600,0,35.643403677813474,35.643403677813474,100.0
600,1,30.965834072788734,30.965834072788734,100.0
600,2,33.390762249397795,33.390762249397795,100.0
610,0,48.68543947191091,48.68543947191091,100.0
610,1,29.25373430839012,29.25373430839012,100.0
610,2,22.060826219698978,22.060826219698978,100.0
620,0,44.81918088587044,44.81918088587044,100.0
620,1,32.60985439634224,32.60985439634224,100.0
620,2,22.570964717787316,22.570964717787316,100.0
630,0,36.45357542324923,36.45357542324923,100.0
630,1,33.21238381988633,33.21238381988633,100.0
630,2,30.334040756864443,30.334040756864443,100.0
640,0,26.089440166328735,26.089440166328735,100.0
640,1,32.258356983674155,32.258356983674155,100.0
640,2,41.65220284999711,41.65220284999711,100.0
650,0,23.52881653939667,23.52881653939667,100.0
650,1,41.162284968881345,41.162284968881345,100.0
650,2,35.30889849172198,35.30889849172198,100.0
660,0,23.763501772130024,23.763501772130024,100.0
660,1,35.13478685405278,35.13478685405278,100.0
660,2,41.101711373817196,41.101711373817196,100.0
670,0,23.91731400528547,23.91731400528547,100.0
670,1,43.638731486262245,43.638731486262245,100.0
670,2,32.44395450845229,32.44395450845229,100.0
680,0,40.14034145354378,40.14034145354378,100.0
680,1,37.68589313082692,37.68589313082692,100.0
680,2,22.17376541562931,22.17376541562931,100.0
690,0,29.062920924670294,29.062920924670294,100.0
690,1,33.53078435185745,33.53078435185745,100.0
690,2,37.40629472347227,37.40629472347227,100.0
700,0,34.7801784256901,34.7801784256901,100.0
700,1,40.53442508709212,40.53442508709212,100.0
700,2,24.685396487217783,24.685396487217783,100.0
710,0,30.10664229111709,30.10664229111709,100.0
710,1,51.02712670917901,51.02712670917901,100.0
710,2,18.866230999703898,18.866230999703898,100.0
720,0,28.47794767012102,28.47794767012102,100.0
720,1,29.222421504902613,29.222421504902613,100.0
720,2,42.299630824976376,42.299630824976376,100.0
730,0,23.34666885129163,23.34666885129163,100.0
730,1,43.807086833741906,43.807086833741906,100.0
730,2,32.84624431496647,32.84624431496647,100.0
740,0,27.78049113673856,27.78049113673856,100.0
740,1,29.682672362532514,29.682672362532514,100.0
740,2,42.536836500728924,42.536836500728924,100.0
750,0,24.630230107788762,24.630230107788762,100.0
750,1,26.866325765649623,26.866325765649623,100.0
750,2,48.50344412656161,48.50344412656161,100.0
760,0,27.382083634308245,27.382083634308245,100.0
760,1,31.9788465847771,31.9788465847771,100.0
760,2,40.63906978091466,40.63906978091466,100.0
770,0,34.980464257755706,34.980464257755706,100.0
770,1,38.28767287033952,38.28767287033952,100.0
770,2,26.731862871904777,26.731862871904777,100.0
780,0,29.525623527343868,29.525623527343868,100.0
780,1,26.941666252369433,26.941666252369433,100.0
780,2,43.532710220286695,43.532710220286695,100.0
790,0,35.04003298610683,35.04003298610683,100.0
790,1,39.0295703450143,39.0295703450143,100.0
790,2,25.930396668878874,25.930396668878874,100.0
800,0,26.082839410239135,26.082839410239135,100.0
800,1,47.78303361131487,47.78303361131487,100.0
800,2,26.13412697844599,26.13412697844599,100.0
810,0,32.79287228293531,32.79287228293531,100.0
810,1,42.82299723962002,42.82299723962002,100.0
810,2,24.384130477444664,24.384130477444664,100.0
820,0,45.01301312986213,45.01301312986213,100.0
820,1,31.923319341402546,31.923319341402546,100.0
820,2,23.063667528735316,23.063667528735316,100.0
830,0,33.034616714544434,33.034616714544434,100.0
830,1,41.730916282044355,41.730916282044355,100.0
830,2,25.23446700341121,25.23446700341121,100.0
840,0,30.06343713655785,30.06343713655785,100.0
840,1,30.924393016067043,30.924393016067043,100.0
840,2,39.01216984737511,39.01216984737511,100.0
850,0,23.94014069537581,23.94014069537581,100.0
850,1,37.551211886554356,37.551211886554356,100.0
850,2,38.50864741806985,38.50864741806985,100.0
860,0,27.463104724685227,27.463104724685227,100.0
860,1,37.72402535598728,37.72402535598728,100.0
860,2,34.8128699193275,34.8128699193275,100.0
870,0,51.89411004895157,51.89411004895157,100.0
870,1,27.70610736286565,27.70610736286565,100.0
870,2,20.39978258818277,20.39978258818277,100.0
880,0,39.00950581878244,39.00950581878244,100.0
880,1,31.66204588830073,31.66204588830073,100.0
880,2,29.328448292916832,29.328448292916832,100.0
890,0,40.62697451177842,40.62697451177842,100.0
890,1,27.236863474538264,27.236863474538264,100.0
890,2,32.13616201368331,32.13616201368331,100.0
900,0,32.34885071457704,32.34885071457704,100.0
900,1,40.69616843491594,40.69616843491594,100.0
900,2,26.95498085050702,26.95498085050702,100.0
910,0,26.154189076588118,26.154189076588118,100.0
910,1,53.35898872779485,53.35898872779485,100.0
910,2,20.486822195617023,20.486822195617023,100.0
920,0,40.830734146811224,40.830734146811224,100.0
920,1,34.56459643691278,34.56459643691278,100.0
920,2,24.604669416276,24.604669416276,100.0
930,0,52.119401904547715,52.119401904547715,100.0
930,1,28.14085149376232,28.14085149376232,100.0
930,2,19.739746601689966,19.739746601689966,100.0
940,0,21.890823313985354,21.890823313985354,100.0
940,1,40.69631504700729,40.69631504700729,100.0
940,2,37.41286163900735,37.41286163900735,100.0
950,0,26.82381785984645,26.82381785984645,100.0
950,1,33.13436270480026,33.13436270480026,100.0
950,2,40.0418194353533,40.0418194353533,100.0
960,0,36.50138265703147,36.50138265703147,100.0
960,1,29.367954934972346,29.367954934972346,100.0
960,2,34.13066240799619,34.13066240799619,100.0
970,0,41.199730190566,41.199730190566,100.0
970,1,30.51866361865011,30.51866361865011,100.0
970,2,28.281606190783904,28.281606190783904,100.0
980,0,41.5955589083507,41.5955589083507,100.0
980,1,26.23061445992243,26.23061445992243,100.0
980,2,32.17382663172687,32.17382663172687,100.0
990,0,44.89882117345522,44.89882117345522,100.0
990,1,33.96453822098739,33.96453822098739,100.0
990,2,21.13664060555739,21.13664060555739,100.0
1000,0,28.408107402753657,28.408107402753657,100.0
1000,1,38.834277003611625,38.834277003611625,100.0
1000,2,32.75761559363472,32.75761559363472,100.0
1010,0,27.02869728171461,27.02869728171461,100.0
1010,1,44.22885150082421,44.22885150082421,100.0
1010,2,28.74245121746119,28.74245121746119,100.0
1020,0,43.46138485609284,43.46138485609284,100.0
1020,1,30.57621216230756,30.57621216230756,100.0
1020,2,25.962402981599595,25.962402981599595,100.0
1030,0,41.389880845453135,41.389880845453135,100.0
1030,1,28.61136298349064,28.61136298349064,100.0
1030,2,29.998756171056222,29.998756171056222,100.0
1040,0,52.965300848265564,52.965300848265564,100.0
1040,1,26.84306657094364,26.84306657094364,100.0
1040,2,20.19163258079081,20.19163258079081,100.0
1050,0,31.573778253635247,31.573778253635247,100.0
1050,1,35.07150026446772,35.07150026446772,100.0
1050,2,33.35472148189702,33.35472148189702,100.0
1060,0,33.24485335457106,33.24485335457106,100.0
1060,1,41.06265840051096,41.06265840051096,100.0
1060,2,25.69248824491797,25.69248824491797,100.0
1070,0,33.761896619700565,33.761896619700565,100.0
1070,1,36.58627693463325,36.58627693463325,100.0
1070,2,29.65182644566619,29.65182644566619,100.0
1080,0,32.128384822189346,32.128384822189346,100.0
1080,1,28.747467486148988,28.747467486148988,100.0
1080,2,39.12414769166166,39.12414769166166,100.0
1090,0,46.25619962478641,46.25619962478641,100.0
1090,1,26.888289317770877,26.888289317770877,100.0
1090,2,26.855511057442715,26.855511057442715,100.0
1100,0,30.225876172985156,30.225876172985156,100.0
1100,1,47.40422333736724,47.40422333736724,100.0
1100,2,22.369900489647605,22.369900489647605,100.0
1110,0,47.82205050132615,47.82205050132615,100.0
1110,1,30.22913818282622,30.22913818282622,100.0
1110,2,21.948811315847628,21.948811315847628,100.0
1120,0,33.367706698194375,33.367706698194375,100.0
1120,1,35.79665409811508,35.79665409811508,100.0
1120,2,30.835639203690558,30.835639203690558,100.0
1130,0,43.63145382082081,43.63145382082081,100.0
1130,1,27.20664932339171,27.20664932339171,100.0
1130,2,29.16189685578749,29.16189685578749,100.0
1140,0,37.373060089603285,37.373060089603285,100.0
1140,1,44.47615179661233,44.47615179661233,100.0
1140,2,18.150788113784397,18.150788113784397,100.0
1150,0,32.53326747468643,32.53326747468643,100.0
1150,1,44.287882599307736,44.287882599307736,100.0
1150,2,23.178849926005828,23.178849926005828,100.0
1160,0,31.5347963088349,31.5347963088349,100.0
1160,1,31.579550892129525,31.579550892129525,100.0
1160,2,36.885652799035576,36.885652799035576,100.0
1170,0,25.74228387833016,25.74228387833016,100.0
1170,1,39.439151123656714,39.439151123656714,100.0
1170,2,34.81856499801314,34.81856499801314,100.0
1180,0,30.04648430376648,30.04648430376648,100.0
1180,1,35.02832524337704,35.02832524337704,100.0
1180,2,34.925190452856484,34.925190452856484,100.0
1190,0,29.560727221718018,29.560727221718018,100.0
1190,1,41.85014030099726,41.85014030099726,100.0
1190,2,28.58913247728473,28.58913247728473,100.0
1200,0,48.092738850665604,48.092738850665604,100.0
1200,1,29.895766873303607,29.895766873303607,100.0
1200,2,22.011494276030785,22.011494276030785,100.0
1210,0,25.522053370090426,25.522053370090426,100.0
1210,1,53.00948018776529,53.00948018776529,100.0
1210,2,21.468466442144297,21.468466442144297,100.0
1220,0,38.24851065380563,38.24851065380563,100.0
1220,1,41.16838563223628,41.16838563223628,100.0
1220,2,20.58310371395809,20.58310371395809,100.0
1230,0,37.22056019016676,37.22056019016676,100.0
1230,1,25.75525088928798,25.75525088928798,100.0
1230,2,37.02418892054527,37.02418892054527,100.0
1240,0,45.19060717972637,45.19060717972637,100.0
1240,1,32.31244443930553,32.31244443930553,100.0
1240,2,22.49694838096809,22.49694838096809,100.0
1250,0,50.583148554392665,50.583148554392665,100.0
1250,1,29.825121413734784,29.825121413734784,100.0
1250,2,19.59173003187255,19.59173003187255,100.0
1260,0,50.13310305404287,50.13310305404287,100.0
1260,1,29.130664463264942,29.130664463264942,100.0
1260,2,20.736232482692188,20.736232482692188,100.0
1270,0,39.0607181915412,39.0607181915412,100.0
1270,1,38.14038334161292,38.14038334161292,100.0
1270,2,22.798898466845888,22.798898466845888,100.0
1280,0,31.594556602101264,31.594556602101264,100.0
1280,1,31.546962106221244,31.546962106221244,100.0
1280,2,36.85848129167749,36.85848129167749,100.0
1290,0,43.895577574869996,43.895577574869996,100.0
1290,1,26.807658366768717,26.807658366768717,100.0
1290,2,29.296764058361298,29.296764058361298,100.0
1300,0,40.03188042320939,40.03188042320939,100.0
1300,1,25.32443227588456,25.32443227588456,100.0
1300,2,34.64368730090606,34.64368730090606,100.0
1310,0,42.259947396752494,42.259947396752494,100.0
1310,1,28.470729968493142,28.470729968493142,100.0
1310,2,29.269322634754367,29.269322634754367,100.0
1320,0,23.90750599825321,23.90750599825321,100.0
1320,1,34.310680445967975,34.310680445967975,100.0
1320,2,41.78181355577881,41.78181355577881,100.0
1330,0,48.28478997233581,48.28478997233581,100.0
1330,1,30.716099434963095,30.716099434963095,100.0
1330,2,20.999110592701097,20.999110592701097,100.0
1340,0,42.58425118298739,42.58425118298739,100.0
1340,1,31.750416896452805,31.750416896452805,100.0
1340,2,25.665331920559808,25.665331920559808,100.0
1350,0,38.6748347578037,38.6748347578037,100.0
1350,1,29.79666809981447,29.79666809981447,100.0
1350,2,31.528497142381827,31.528497142381827,100.0
1360,0,36.4058469324565,36.4058469324565,100.0
1360,1,35.833263801647966,35.833263801647966,100.0
1360,2,27.76088926589554,27.76088926589554,100.0
1370,0,48.210723658262154,48.210723658262154,100.0
1370,1,30.05617873249863,30.05617873249863,100.0
1370,2,21.73309760923921,21.73309760923921,100.0
1380,0,49.13825622447994,49.13825622447994,100.0
1380,1,25.26125758453296,25.26125758453296,100.0
1380,2,25.600486190987105,25.600486190987105,100.0
1390,0,39.40192990915035,39.40192990915035,100.0
1390,1,33.89734353125048,33.89734353125048,100.0
1390,2,26.700726559599175,26.700726559599175,100.0
1400,0,35.92129349894495,35.92129349894495,100.0
1400,1,34.0522887657953,34.0522887657953,100.0
1400,2,30.02641773525976,30.02641773525976,100.0
1410,0,36.59304033390319,36.59304033390319,100.0
1410,1,37.58054692920927,37.58054692920927,100.0
1410,2,25.826412736887537,25.826412736887537,100.0
1420,0,45.97143997785101,45.97143997785101,100.0
1420,1,31.398981842421993,31.398981842421993,100.0
1420,2,22.629578179726987,22.629578179726987,100.0
1430,0,52.903790147420395,52.903790147420395,100.0
1430,1,26.825085240685514,26.825085240685514,100.0
1430,2,20.2711246118941,20.2711246118941,100.0
1440,0,27.880110555837245,27.880110555837245,100.0
1440,1,32.54383439487336,32.54383439487336,100.0
1440,2,39.576055049289394,39.576055049289394,100.0
1450,0,39.78311799628443,39.78311799628443,100.0
1450,1,31.207287702853826,31.207287702853826,100.0
1450,2,29.009594300861757,29.009594300861757,100.0
1460,0,34.952755338563826,34.952755338563826,100.0
1460,1,37.11052875785807,37.11052875785807,100.0
1460,2,27.936715903578108,27.936715903578108,100.0
1470,0,40.19962317827939,40.19962317827939,100.0
1470,1,41.93097953231623,41.93097953231623,100.0
1470,2,17.869397289404382,17.869397289404382,100.0
1480,0,34.58006254514534,34.58006254514534,100.0
1480,1,39.64296533560103,39.64296533560103,100.0
1480,2,25.776972119253628,25.776972119253628,100.0
1490,0,35.29320982431703,35.29320982431703,100.0
1490,1,37.043568979053795,37.043568979053795,100.0
1490,2,27.663221196629184,27.663221196629184,100.0
1500,0,44.77753047483009,44.77753047483009,100.0
1500,1,35.19735312302068,35.19735312302068,100.0
1500,2,20.02511640214923,20.02511640214923,100.0
