timestamp,ueImsi,sliceId,dTxBytes,dRxBytes,plr,resourceSharePct,dLostPackets,throughputMbps,bufferBytes
1510,1,0,18336,0,100.00,29.57,12,0.0000,1687741
1510,2,0,18336,1528,91.67,29.57,11,1.2224,1495247
1510,3,0,18336,4584,75.00,29.57,9,3.6672,1205683
1510,4,0,18336,1528,91.67,29.57,11,1.2224,1365409
1510,5,0,18336,0,100.00,29.57,12,0.0000,1715953
1510,6,1,390,390,0.00,33.74,0,0.3120,87
1510,7,1,390,0,100.00,33.74,5,0.0000,169
1510,8,1,390,390,0.00,33.74,0,0.3120,87
1510,9,1,390,312,20.00,33.74,1,0.2496,169
1510,10,1,390,0,100.00,33.74,5,0.0000,340
1510,11,2,384,256,33.33,36.69,1,0.2048,137
1510,12,2,384,256,33.33,36.69,1,0.2048,137
1510,13,2,384,256,33.33,36.69,1,0.2048,137
1510,14,2,384,256,33.33,36.69,1,0.2048,137
1510,15,2,384,256,33.33,36.69,1,0.2048,66
1510,16,2,384,0,100.00,36.69,3,0.0000,137
1510,17,2,384,256,33.33,36.69,1,0.2048,137
1510,18,2,384,0,100.00,36.69,3,0.0000,1287
1510,19,2,384,256,33.33,36.69,1,0.2048,137
1510,20,2,384,256,33.33,36.69,1,0.2048,137
