timestamp,sliceId,dedicatedPRB,minPRB,maxPRB,algorithm
510,0,21.665,21.665,100.0,2
510,1,25.0,25.0,100.0,2
510,2,53.335,53.335,100.0,2
520,0,21.665,21.665,100.0,2
520,1,25.0,25.0,100.0,2
520,2,53.335,53.335,100.0,2
530,0,21.665,21.665,100.0,2
530,1,25.0,25.0,100.0,2
530,2,53.335,53.335,100.0,2
540,0,31.665,31.665,100.0,0
540,1,45.0,45.0,100.0,0
540,2,23.335,23.335,100.0,0
550,0,16.665,16.665,100.0,0
550,1,60.00000000000001,60.00000000000001,100.0,0
550,2,23.335,23.335,100.0,0
560,0,26.665,26.665,100.0,2
560,1,30.000000000000004,30.000000000000004,100.0,2
560,2,43.335,43.335,100.0,2
570,0,41.665,41.665,100.0,0
570,1,45.00000000000001,45.00000000000001,100.0,0
570,2,13.335000000000003,13.335000000000003,100.0,0
580,0,56.665,56.665,100.0,1
580,1,25.0,25.0,100.0,1
580,2,18.335,18.335,100.0,1
590,0,31.665,31.665,100.0,0
590,1,55.00000000000001,55.00000000000001,100.0,0
590,2,13.334999999999999,13.334999999999999,100.0,0
