timestamp,ueImsi,sliceId,dTxBytes,dRxBytes,plr,resourceSharePct,dLostPackets,throughputMbps,bufferBytes
1510,1,0,18336,16808,8.33,31.66,1,13.4464,1537
1510,2,0,18336,0,100.00,31.66,12,0.0000,1704076
1510,3,0,18336,0,100.00,31.66,12,0.0000,1660530
1510,4,0,18336,15280,16.67,31.66,2,12.2240,3107
1510,5,0,18336,0,100.00,31.66,12,0.0000,1691069
1510,6,1,390,390,0.00,35.00,0,0.3120,87
1510,7,1,390,390,0.00,35.00,0,0.3120,87
1510,8,1,390,390,0.00,35.00,0,0.3120,87
1510,9,1,390,390,0.00,35.00,0,0.3120,87
1510,10,1,390,0,100.00,35.00,5,0.0000,130
1510,11,2,384,256,33.33,33.34,1,0.2048,137
1510,12,2,384,256,33.33,33.34,1,0.2048,137
1510,13,2,384,0,100.00,33.34,3,0.0000,797
1510,14,2,384,256,33.33,33.34,1,0.2048,137
1510,15,2,384,0,100.00,33.34,3,0.0000,1061
1510,16,2,384,0,100.00,33.34,3,0.0000,552
1510,17,2,384,0,100.00,33.34,3,0.0000,7928
1510,18,2,384,768,0.00,33.34,0,0.6144,137
1510,19,2,384,256,33.33,33.34,1,0.2048,137
1510,20,2,384,256,33.33,33.34,1,0.2048,137
