timestamp,sliceId,dedicatedPRB,minPRB,maxPRB
600,0,43.76040761513885,43.76040761513885,100.0
600,1,31.97813898910284,31.97813898910284,100.0
600,2,24.261453395758313,24.261453395758313,100.0
700,0,28.781670068285802,28.781670068285802,100.0
700,1,42.717901549704955,42.717901549704955,100.0
700,2,28.50042838200925,28.50042838200925,100.0
800,0,24.784247258195737,24.784247258195737,100.0
800,1,34.16047779819782,34.16047779819782,100.0
800,2,41.05527494360645,41.05527494360645,100.0
900,0,35.09342613875518,35.09342613875518,100.0
900,1,27.053317960220735,27.053317960220735,100.0
900,2,37.853255901024085,37.853255901024085,100.0
1000,0,35.021938727439036,35.021938727439036,100.0
1000,1,28.566252084266125,28.566252084266125,100.0
1000,2,36.411809188294846,36.411809188294846,100.0
1100,0,25.613591004023483,25.613591004023483,100.0
1100,1,33.54145062518488,33.54145062518488,100.0
1100,2,40.84495837079164,40.84495837079164,100.0
1200,0,42.355378564814586,42.355378564814586,100.0
1200,1,38.48082553398411,38.48082553398411,100.0
1200,2,19.163795901201304,19.163795901201304,100.0
1300,0,29.983460283793907,29.983460283793907,100.0
1300,1,50.85986416475335,50.85986416475335,100.0
1300,2,19.15667555145275,19.15667555145275,100.0
1400,0,31.79150490726793,31.79150490726793,100.0
1400,1,30.53547823239391,30.53547823239391,100.0
1400,2,37.67301686033816,37.67301686033816,100.0
1500,0,22.777899904962315,22.777899904962315,100.0
1500,1,33.0477742286386,33.0477742286386,100.0
1500,2,44.17432586639909,44.17432586639909,100.0
1600,0,37.64945180346567,37.64945180346567,100.0
1600,1,25.555837943760007,25.555837943760007,100.0
1600,2,36.794710252774316,36.794710252774316,100.0
1700,0,27.68120428808952,27.68120428808952,100.0
1700,1,38.00213457619664,38.00213457619664,100.0
1700,2,34.31666113571385,34.31666113571385,100.0
1800,0,24.61391773903295,24.61391773903295,100.0
1800,1,42.03082217363139,42.03082217363139,100.0
1800,2,33.355260087335665,33.355260087335665,100.0
1900,0,45.940006125186834,45.940006125186834,100.0
1900,1,25.75932455044209,25.75932455044209,100.0
1900,2,28.300669324371075,28.300669324371075,100.0
2000,0,34.265706467108274,34.265706467108274,100.0
2000,1,37.895081775274484,37.895081775274484,100.0
2000,2,27.839211757617242,27.839211757617242,100.0
2100,0,37.54342576907186,37.54342576907186,100.0
2100,1,32.219103651389815,32.219103651389815,100.0
2100,2,30.237470579538318,30.237470579538318,100.0
2200,0,36.82916947434126,36.82916947434126,100.0
2200,1,26.623186757603417,26.623186757603417,100.0
2200,2,36.547643768055316,36.547643768055316,100.0
2300,0,25.809860729098936,25.809860729098936,100.0
2300,1,54.842303196483485,54.842303196483485,100.0
2300,2,19.347836074417575,19.347836074417575,100.0
2400,0,32.306901900878735,32.306901900878735,100.0
2400,1,39.687875521206564,39.687875521206564,100.0
2400,2,28.00522257791469,28.00522257791469,100.0
2500,0,32.981664449562345,32.981664449562345,100.0
2500,1,43.147499679628716,43.147499679628716,100.0
2500,2,23.870835870808943,23.870835870808943,100.0
2600,0,43.781551532972635,43.781551532972635,100.0
2600,1,37.181373974912326,37.181373974912326,100.0
2600,2,19.037074492115043,19.037074492115043,100.0
2700,0,29.80501295606355,29.80501295606355,100.0
2700,1,32.081486895506,32.081486895506,100.0
2700,2,38.11350014843045,38.11350014843045,100.0
2800,0,27.48623542286561,27.48623542286561,100.0
2800,1,39.11670780756935,39.11670780756935,100.0
2800,2,33.39705676956504,33.39705676956504,100.0
2900,0,30.72203812289571,30.72203812289571,100.0
2900,1,46.79033591916896,46.79033591916896,100.0
2900,2,22.487625957935332,22.487625957935332,100.0
3000,0,36.991857479147804,36.991857479147804,100.0
3000,1,31.781984599924613,31.781984599924613,100.0
3000,2,31.226157920927584,31.226157920927584,100.0
3100,0,22.342606995046697,22.342606995046697,100.0
3100,1,30.126417874831326,30.126417874831326,100.0
3100,2,47.53097513012198,47.53097513012198,100.0
3200,0,24.584975507568345,24.584975507568345,100.0
3200,1,48.58930639083831,48.58930639083831,100.0
3200,2,26.825718101593342,26.825718101593342,100.0
3300,0,36.0495055488079,36.0495055488079,100.0
3300,1,31.002715847402207,31.002715847402207,100.0
3300,2,32.94777860378989,32.94777860378989,100.0
3400,0,27.35038951028878,27.35038951028878,100.0
3400,1,45.137847053133704,45.137847053133704,100.0
3400,2,27.511763436577507,27.511763436577507,100.0
3500,0,43.080783046585296,43.080783046585296,100.0
3500,1,29.779315831093143,29.779315831093143,100.0
3500,2,27.139901122321557,27.139901122321557,100.0
3600,0,48.08633192790616,48.08633192790616,100.0
3600,1,30.998599361081887,30.998599361081887,100.0
3600,2,20.91506871101195,20.91506871101195,100.0
3700,0,41.33431510978623,41.33431510978623,100.0
3700,1,39.412778831089405,39.412778831089405,100.0
3700,2,19.25290605912436,19.25290605912436,100.0
3800,0,21.926359815264433,21.926359815264433,100.0
3800,1,44.94865660547745,44.94865660547745,100.0
3800,2,33.124983579258114,33.124983579258114,100.0
3900,0,43.17980939381059,43.17980939381059,100.0
3900,1,33.016476179493274,33.016476179493274,100.0
3900,2,23.803714426696143,23.803714426696143,100.0
4000,0,34.795281083236084,34.795281083236084,100.0
4000,1,34.29473322813742,34.29473322813742,100.0
4000,2,30.909985688626495,30.909985688626495,100.0
4100,0,33.89283288793506,33.89283288793506,100.0
4100,1,34.08738498361746,34.08738498361746,100.0
4100,2,32.01978212844748,32.01978212844748,100.0
4200,0,27.998485172534217,27.998485172534217,100.0
4200,1,27.771920582780467,27.771920582780467,100.0
4200,2,44.229594244685316,44.229594244685316,100.0
4300,0,40.667237576427524,40.667237576427524,100.0
4300,1,36.35919507984086,36.35919507984086,100.0
4300,2,22.97356734373163,22.97356734373163,100.0
4400,0,34.08286470914574,34.08286470914574,100.0
4400,1,41.01064684787224,41.01064684787224,100.0
4400,2,24.906488442982024,24.906488442982024,100.0
4500,0,38.211378518888,38.211378518888,100.0
4500,1,29.684528857236124,29.684528857236124,100.0
4500,2,32.10409262387588,32.10409262387588,100.0
4600,0,52.146400329168976,52.146400329168976,100.0
4600,1,27.462532340095525,27.462532340095525,100.0
4600,2,20.391067330735513,20.391067330735513,100.0
4700,0,28.794528385234752,28.794528385234752,100.0
4700,1,46.24107531979924,46.24107531979924,100.0
4700,2,24.964396294966,24.964396294966,100.0
4800,0,31.971096491083763,31.971096491083763,100.0
4800,1,48.47733335619389,48.47733335619389,100.0
4800,2,19.551570152722352,19.551570152722352,100.0
4900,0,36.34961996463707,36.34961996463707,100.0
4900,1,30.449410518132826,30.449410518132826,100.0
4900,2,33.20096951723011,33.20096951723011,100.0
5000,0,38.649945830569436,38.649945830569436,100.0
5000,1,31.75705799456364,31.75705799456364,100.0
5000,2,29.592996174866926,29.592996174866926,100.0
5100,0,31.848334160074092,31.848334160074092,100.0
5100,1,46.072888989990524,46.072888989990524,100.0
5100,2,22.07877684993539,22.07877684993539,100.0
5200,0,24.8497436898241,24.8497436898241,100.0
5200,1,48.692459246991895,48.692459246991895,100.0
5200,2,26.457797063184007,26.457797063184007,100.0
5300,0,25.350461012364818,25.350461012364818,100.0
5300,1,41.99932976602108,41.99932976602108,100.0
5300,2,32.65020922161411,32.65020922161411,100.0
5400,0,28.091597925020253,28.091597925020253,100.0
5400,1,36.41661803412596,36.41661803412596,100.0
5400,2,35.491784040853794,35.491784040853794,100.0
5500,0,41.0088531443595,41.0088531443595,100.0
5500,1,38.425225563250216,38.425225563250216,100.0
5500,2,20.56592129239029,20.56592129239029,100.0
5600,0,41.10241821034422,41.10241821034422,100.0
5600,1,36.43767345024495,36.43767345024495,100.0
5600,2,22.459908339410823,22.459908339410823,100.0
5700,0,26.246306691975473,26.246306691975473,100.0
5700,1,53.498574515859396,53.498574515859396,100.0
5700,2,20.255118792165128,20.255118792165128,100.0
5800,0,24.19370921867542,24.19370921867542,100.0
5800,1,30.584775081690463,30.584775081690463,100.0
5800,2,45.22151569963412,45.22151569963412,100.0
5900,0,27.65346262113855,27.65346262113855,100.0
5900,1,37.34323207416803,37.34323207416803,100.0
5900,2,35.00330530469342,35.00330530469342,100.0
6000,0,34.22819278860062,34.22819278860062,100.0
6000,1,32.14715052668236,32.14715052668236,100.0
6000,2,33.62465668471701,33.62465668471701,100.0
6100,0,27.39257166450393,27.39257166450393,100.0
6100,1,46.90733939596998,46.90733939596998,100.0
6100,2,25.700088939526093,25.700088939526093,100.0
6200,0,46.157097283675434,46.157097283675434,100.0
6200,1,25.635733554149372,25.635733554149372,100.0
6200,2,28.207169162175195,28.207169162175195,100.0
6300,0,41.31956433239575,41.31956433239575,100.0
6300,1,40.36986905413551,40.36986905413551,100.0
6300,2,18.310566613468737,18.310566613468737,100.0
6400,0,28.356413005550902,28.356413005550902,100.0
6400,1,43.13111440346671,43.13111440346671,100.0
6400,2,28.512472590982384,28.512472590982384,100.0
6500,0,44.26807942359337,44.26807942359337,100.0
6500,1,28.901240312178842,28.901240312178842,100.0
6500,2,26.83068026422779,26.83068026422779,100.0
6600,0,29.206970197890627,29.206970197890627,100.0
6600,1,44.07181177693541,44.07181177693541,100.0
6600,2,26.721218025173965,26.721218025173965,100.0
6700,0,40.91889452696108,40.91889452696108,100.0
6700,1,24.620958458846193,24.620958458846193,100.0
6700,2,34.460147014192735,34.460147014192735,100.0
6800,0,50.221065937476425,50.221065937476425,100.0
6800,1,28.810180380997906,28.810180380997906,100.0
6800,2,20.968753681525676,20.968753681525676,100.0
6900,0,43.01502994991537,43.01502994991537,100.0
6900,1,28.411762769253563,28.411762769253563,100.0
6900,2,28.573207280831063,28.573207280831063,100.0
7000,0,31.40254425568133,31.40254425568133,100.0
7000,1,25.407236586421085,25.407236586421085,100.0
7000,2,43.19021915789759,43.19021915789759,100.0
7100,0,28.890635289896295,28.890635289896295,100.0
7100,1,38.42598462118944,38.42598462118944,100.0
7100,2,32.68338008891426,32.68338008891426,100.0
7200,0,21.625796383002942,21.625796383002942,100.0
7200,1,43.61082792828086,43.61082792828086,100.0
7200,2,34.763375688716195,34.763375688716195,100.0
7300,0,49.93920205381113,49.93920205381113,100.0
7300,1,27.09710736920371,27.09710736920371,100.0
7300,2,22.963690576985165,22.963690576985165,100.0
7400,0,31.74789049720017,31.74789049720017,100.0
7400,1,41.68949406210803,41.68949406210803,100.0
7400,2,26.56261544069179,26.56261544069179,100.0
7500,0,29.280967255278544,29.280967255278544,100.0
7500,1,40.099751634199286,40.099751634199286,100.0
7500,2,30.619281110522167,30.619281110522167,100.0
7600,0,34.3367982948667,34.3367982948667,100.0
7600,1,28.9704955654256,28.9704955654256,100.0
7600,2,36.692706139707695,36.692706139707695,100.0
7700,0,27.829534688358752,27.829534688358752,100.0
7700,1,30.72825142434037,30.72825142434037,100.0
7700,2,41.44221388730087,41.44221388730087,100.0
7800,0,43.6502105377502,43.6502105377502,100.0
7800,1,26.384347343994108,26.384347343994108,100.0
7800,2,29.96544211825569,29.96544211825569,100.0
7900,0,40.87879693769061,40.87879693769061,100.0
7900,1,27.859422270900325,27.859422270900325,100.0
7900,2,31.261780791409066,31.261780791409066,100.0
8000,0,24.743200773712193,24.743200773712193,100.0
8000,1,48.51781974060499,48.51781974060499,100.0
8000,2,26.738979485682812,26.738979485682812,100.0
8100,0,37.87463418468611,37.87463418468611,100.0
8100,1,37.62729617501952,37.62729617501952,100.0
8100,2,24.49806964029439,24.49806964029439,100.0
8200,0,40.44662869130873,40.44662869130873,100.0
8200,1,39.065233140365706,39.065233140365706,100.0
8200,2,20.48813816832556,20.48813816832556,100.0
8300,0,41.490345438545596,41.490345438545596,100.0
8300,1,36.602189371225485,36.602189371225485,100.0
8300,2,21.90746519022892,21.90746519022892,100.0
8400,0,22.427368971294385,22.427368971294385,100.0
8400,1,38.54920590376622,38.54920590376622,100.0
8400,2,39.02342512493939,39.02342512493939,100.0
8500,0,36.79988907310264,36.79988907310264,100.0
8500,1,36.57228073534916,36.57228073534916,100.0
8500,2,26.627830191548192,26.627830191548192,100.0
8600,0,24.103639999531666,24.103639999531666,100.0
8600,1,46.592953932356714,46.592953932356714,100.0
8600,2,29.30340606811162,29.30340606811162,100.0
8700,0,47.48566860361097,47.48566860361097,100.0
8700,1,25.429361397862337,25.429361397862337,100.0
8700,2,27.08496999852669,27.08496999852669,100.0
8800,0,25.254998800929616,25.254998800929616,100.0
8800,1,52.0876576776726,52.0876576776726,100.0
8800,2,22.65734352139778,22.65734352139778,100.0
8900,0,42.119382599773466,42.119382599773466,100.0
8900,1,35.897443190671986,35.897443190671986,100.0
8900,2,21.98317420955455,21.98317420955455,100.0
9000,0,34.6774315470623,34.6774315470623,100.0
9000,1,26.03583424982745,26.03583424982745,100.0
9000,2,39.28673420311025,39.28673420311025,100.0
9100,0,36.132954360682426,36.132954360682426,100.0
9100,1,42.466648553332035,42.466648553332035,100.0
9100,2,21.40039708598554,21.40039708598554,100.0
9200,0,26.819826110532162,26.819826110532162,100.0
9200,1,28.094458470308492,28.094458470308492,100.0
9200,2,45.08571541915934,45.08571541915934,100.0
9300,0,51.78914885058303,51.78914885058303,100.0
9300,1,27.336011192177796,27.336011192177796,100.0
9300,2,20.87483995723917,20.87483995723917,100.0
9400,0,28.665310087629315,28.665310087629315,100.0
9400,1,36.03739376633507,36.03739376633507,100.0
9400,2,35.29729614603562,35.29729614603562,100.0
9500,0,28.805629695440583,28.805629695440583,100.0
9500,1,32.53130345980419,32.53130345980419,100.0
9500,2,38.66306684475522,38.66306684475522,100.0
9600,0,35.46535830359845,35.46535830359845,100.0
9600,1,30.410038852858275,30.410038852858275,100.0
9600,2,34.124602843543286,34.124602843543286,100.0
9700,0,41.66727835093156,41.66727835093156,100.0
9700,1,31.975944939395497,31.975944939395497,100.0
9700,2,26.356776709672936,26.356776709672936,100.0
9800,0,23.606586715938345,23.606586715938345,100.0
9800,1,28.366322407244237,28.366322407244237,100.0
9800,2,48.027090876817425,48.027090876817425,100.0
9900,0,32.18836384616284,32.18836384616284,100.0
9900,1,38.04581818914625,38.04581818914625,100.0
9900,2,29.76581796469091,29.76581796469091,100.0
