timestamp,ueImsi,sliceId,dTxBytes,dRxBytes,plr,resourceSharePct,dLostPackets,throughputMbps,bufferBytes,dlBufferBytes,ulBufferBytes,macBufferBytes,congestionPct,lastDrlActionStatus
9900,1,0,193616,2968,96.51,41.67,166,0.2374,1200005,182933,1200005,1382938,13.19,applied
9900,2,0,193616,1740,97.09,41.67,167,0.1392,1200005,182929,1200005,1382934,13.19,applied
9900,3,0,193616,26300,85.47,41.67,147,2.1040,1200005,182927,1200005,1382932,13.19,applied
9900,4,0,193616,384,98.26,41.67,169,0.0307,1200005,185962,1200005,1385967,13.22,applied
9900,5,0,193616,11564,92.44,41.67,159,0.9251,1200005,182928,1200005,1382933,13.19,applied
9900,6,1,0,0,0.00,31.98,0,0.0000,34,0,34,34,0.00,applied
9900,7,1,0,0,0.00,31.98,0,0.0000,34,0,34,34,0.00,applied
9900,8,1,0,0,0.00,31.98,0,0.0000,34,0,34,34,0.00,applied
9900,9,1,0,0,0.00,31.98,0,0.0000,34,0,34,34,0.00,applied
9900,10,1,0,0,0.00,31.98,0,0.0000,34,0,34,34,0.00,applied
9900,11,1,0,0,0.00,31.98,0,0.0000,34,0,34,34,0.00,applied
9900,12,1,0,0,0.00,31.98,0,0.0000,34,0,34,34,0.00,applied
9900,13,1,0,0,0.00,31.98,0,0.0000,34,0,34,34,0.00,applied
9900,14,2,65200,0,100.00,26.36,50,0.0000,5964810,5964810,51,5964861,56.89,applied
9900,15,2,65200,0,100.00,26.36,50,0.0000,5964931,5964931,34,5964965,56.89,applied
9900,16,2,65200,0,100.00,26.36,50,0.0000,5964814,5964814,51,5964865,56.89,applied
9900,17,2,65200,0,100.00,26.36,50,0.0000,5967022,5967022,51,5967073,56.91,applied
9900,18,2,65200,0,100.00,26.36,50,0.0000,5964823,5964823,51,5964874,56.89,applied
9900,19,2,65200,940,90.00,26.36,45,0.0752,5964819,5964819,51,5964870,56.89,applied
9900,20,2,65200,940,90.00,26.36,45,0.0752,5964819,5964819,51,5964870,56.89,applied
9900,21,2,65200,0,100.00,26.36,50,0.0000,5965258,5965258,51,5965309,56.89,applied
9900,22,2,65200,0,100.00,26.36,50,0.0000,5966170,5966170,51,5966221,56.90,applied
9900,23,2,65200,0,100.00,26.36,50,0.0000,5964818,5964818,51,5964869,56.89,applied
9900,24,2,65200,940,90.00,26.36,45,0.0752,5964816,5964816,51,5964867,56.89,applied
9900,25,2,65200,940,90.00,26.36,45,0.0752,5964816,5964816,51,5964867,56.89,applied
9900,26,2,65200,0,100.00,26.36,50,0.0000,5964817,5964817,51,5964868,56.89,applied
9900,27,2,65200,0,100.00,26.36,50,0.0000,5964899,5964899,51,5964950,56.89,applied
9900,28,2,65200,0,100.00,26.36,50,0.0000,5964904,5964904,51,5964955,56.89,applied
9900,29,2,65200,0,100.00,26.36,50,0.0000,5966867,5966867,51,5966918,56.90,applied
9900,30,2,65200,0,100.00,26.36,50,0.0000,5964815,5964815,51,5964866,56.89,applied
9900,31,2,65200,940,90.00,26.36,45,0.0752,5964814,5964814,51,5964865,56.89,applied
9900,32,2,65200,0,100.00,26.36,50,0.0000,5964814,5964814,51,5964865,56.89,applied
9900,33,2,65200,0,100.00,26.36,50,0.0000,5966457,5966457,51,5966508,56.90,applied
