timestamp,ueImsi,sliceId,dTxBytes,dRxBytes,plr,resourceSharePct,dLostPackets,throughputMbps,bufferBytes
1510,1,0,35144,41256,0.00,43.26,0,33.0048,174200
1510,2,0,35144,24448,30.43,43.26,7,19.5584,1507460
1510,3,1,1014,702,30.77,28.88,4,0.5616,87
1510,4,1,1014,936,7.69,28.88,1,0.7488,87
1510,5,2,256,0,100.00,27.86,2,0.0000,137
1510,6,2,256,0,100.00,27.86,2,0.0000,137
1510,7,2,256,256,0.00,27.86,0,0.2048,137
1510,8,2,256,0,100.00,27.86,2,0.0000,401
1510,9,2,256,0,100.00,27.86,2,0.0000,137
1510,10,2,256,256,0.00,27.86,0,0.2048,137
