timestamp,ueImsi,sliceId,dTxBytes,dRxBytes,plr,resourceSharePct,dLostPackets,throughputMbps,bufferBytes,dlBufferBytes,ulBufferBytes,macBufferBytes,congestionPct,lastDrlActionStatus
10600,1,0,194844,0,100.00,51.66,173,0.0000,1200005,196197,1200005,1396202,13.32,applied
10600,2,0,194844,6140,97.11,51.66,168,0.4912,1199845,196209,1199845,1396054,13.31,applied
10600,3,0,194844,74908,64.74,51.66,112,5.9926,1200005,196192,1200005,1396197,13.32,applied
10600,4,0,194844,0,100.00,51.66,173,0.0000,1200005,199639,1200005,1399644,13.35,applied
10600,5,0,194844,17192,91.91,51.66,159,1.3754,1200005,196197,1200005,1396202,13.32,applied
10600,6,1,0,0,0.00,35.00,0,0.0000,34,0,34,34,0.00,applied
10600,7,1,0,0,0.00,35.00,0,0.0000,34,0,34,34,0.00,applied
10600,8,1,0,0,0.00,35.00,0,0.0000,34,0,34,34,0.00,applied
10600,9,1,0,0,0.00,35.00,0,0.0000,34,0,34,34,0.00,applied
10600,10,1,0,0,0.00,35.00,0,0.0000,34,0,34,34,0.00,applied
10600,11,1,0,0,0.00,35.00,0,0.0000,34,0,34,34,0.00,applied
10600,12,1,0,0,0.00,35.00,0,0.0000,34,0,34,34,0.00,applied
10600,13,1,0,0,0.00,35.00,0,0.0000,34,0,34,34,0.00,applied
10600,14,2,63772,0,100.00,13.33,49,0.0000,6372000,6372000,51,6372051,60.77,applied
10600,15,2,63772,0,100.00,13.33,49,0.0000,6372155,6372155,34,6372189,60.77,applied
10600,16,2,63772,0,100.00,13.33,49,0.0000,6371999,6371999,51,6372050,60.77,applied
10600,17,2,63772,0,100.00,13.33,49,0.0000,6375140,6375140,51,6375191,60.80,applied
10600,18,2,63772,0,100.00,13.33,49,0.0000,6371992,6371992,51,6372043,60.77,applied
10600,19,2,63772,940,89.80,13.33,44,0.0752,6371992,6371992,51,6372043,60.77,applied
10600,20,2,63772,940,89.80,13.33,44,0.0752,6371992,6371992,51,6372043,60.77,applied
10600,21,2,63772,0,100.00,13.33,49,0.0000,6372761,6372761,51,6372812,60.78,applied
10600,22,2,63772,0,100.00,13.33,49,0.0000,6373479,6373479,51,6373530,60.78,applied
10600,23,2,63772,0,100.00,13.33,49,0.0000,6371985,6371985,51,6372036,60.77,applied
10600,24,2,63772,940,89.80,13.33,44,0.0752,6371976,6371976,51,6372027,60.77,applied
10600,25,2,63772,752,91.84,13.33,45,0.0602,6371978,6371978,51,6372029,60.77,applied
10600,26,2,63772,0,100.00,13.33,49,0.0000,6371993,6371993,51,6372044,60.77,applied
10600,27,2,63772,0,100.00,13.33,49,0.0000,6372159,6372159,51,6372210,60.77,applied
10600,28,2,63772,0,100.00,13.33,49,0.0000,6372193,6372193,51,6372244,60.77,applied
10600,29,2,63772,0,100.00,13.33,49,0.0000,6374652,6374652,51,6374703,60.79,applied
10600,30,2,63772,0,100.00,13.33,49,0.0000,6371989,6371989,51,6372040,60.77,applied
10600,31,2,63772,940,89.80,13.33,44,0.0752,6371982,6371982,51,6372033,60.77,applied
10600,32,2,63772,0,100.00,13.33,49,0.0000,6371983,6371983,51,6372034,60.77,applied
10600,33,2,63772,0,100.00,13.33,49,0.0000,6374169,6374169,51,6374220,60.79,applied
