timestamp,ueImsi,sliceId,dTxBytes,dRxBytes,plr,resourceSharePct,dLostPackets,throughputMbps,bufferBytes
960,1,0,25976,1528,94.12,24.12,16,1.2224,1066142
960,2,0,25976,0,100.00,24.12,17,0.0000,1066094
960,3,0,25976,1528,94.12,24.12,16,1.2224,1066137
960,4,0,25976,1528,94.12,24.12,16,1.2224,1066056
960,5,0,25976,0,100.00,24.12,17,0.0000,1066088
960,6,1,390,234,40.00,35.21,2,0.1872,87
960,7,1,390,234,40.00,35.21,2,0.1872,87
960,8,1,390,234,40.00,35.21,2,0.1872,87
960,9,1,390,234,40.00,35.21,2,0.1872,87
960,10,1,390,234,40.00,35.21,2,0.1872,87
960,11,2,16000,1024,93.60,40.67,117,0.8192,709104
960,12,2,16000,896,94.40,40.67,118,0.7168,709113
960,13,2,16000,1024,93.60,40.67,117,0.8192,709121
960,14,2,16000,1024,93.60,40.67,117,0.8192,709114
960,15,2,16000,1024,93.60,40.67,117,0.8192,709170
960,16,2,16000,896,94.40,40.67,118,0.7168,709140
960,17,2,16000,1024,93.60,40.67,117,0.8192,709182
960,18,2,16000,896,94.40,40.67,118,0.7168,709078
960,19,2,16000,1024,93.60,40.67,117,0.8192,709210
960,20,2,16000,1024,93.60,40.67,117,0.8192,709170
