timestamp,ueImsi,sliceId,dTxBytes,dRxBytes,plr,resourceSharePct,dLostPackets,throughputMbps,bufferBytes
1510,1,0,35144,25976,26.09,23.18,6,20.7808,668988
1510,2,0,35144,29032,17.39,23.18,4,23.2256,93806
1510,3,1,1014,702,30.77,40.13,4,0.5616,333
1510,4,1,1014,702,30.77,40.13,4,0.5616,333
1510,5,2,256,256,0.00,36.69,0,0.2048,137
1510,6,2,256,256,0.00,36.69,0,0.2048,137
1510,7,2,256,256,0.00,36.69,0,0.2048,137
1510,8,2,256,0,100.00,36.69,2,0.0000,137
1510,9,2,256,256,0.00,36.69,0,0.2048,137
1510,10,2,256,256,0.00,36.69,0,0.2048,15
