timestamp,sliceId,dedicatedPRB,minPRB,maxPRB
600,0,35.68396748008669,35.68396748008669,100.0
600,1,44.14115258769479,44.14115258769479,100.0
600,2,20.17487993221852,20.17487993221852,100.0
700,0,21.99721589786785,21.99721589786785,100.0
700,1,28.124861583818582,28.124861583818582,100.0
700,2,49.87792251831357,49.87792251831357,100.0
800,0,36.784832256852816,36.784832256852816,100.0
800,1,30.555866196452897,30.555866196452897,100.0
800,2,32.65930154669429,32.65930154669429,100.0
900,0,48.58723463309356,48.58723463309356,100.0
900,1,31.03678631363746,31.03678631363746,100.0
900,2,20.375979053268985,20.375979053268985,100.0
1000,0,52.92520383240091,52.92520383240091,100.0
1000,1,27.58152373820239,27.58152373820239,100.0
1000,2,19.4932724293967,19.4932724293967,100.0
1100,0,35.33412915946516,35.33412915946516,100.0
1100,1,44.62293999488413,44.62293999488413,100.0
1100,2,20.04293084565072,20.04293084565072,100.0
1200,0,45.84437678784663,45.84437678784663,100.0
1200,1,25.71429125691739,25.71429125691739,100.0
1200,2,28.441331955235988,28.441331955235988,100.0
1300,0,28.701408416517992,28.701408416517992,100.0
1300,1,33.1725407298414,33.1725407298414,100.0
1300,2,38.126050853640606,38.126050853640606,100.0
1400,0,37.54123738402725,37.54123738402725,100.0
1400,1,43.38208772251474,43.38208772251474,100.0
1400,2,19.07667489345802,19.07667489345802,100.0
1500,0,22.307405112502586,22.307405112502586,100.0
1500,1,39.311471500789565,39.311471500789565,100.0
1500,2,38.38112338670785,38.38112338670785,100.0
1600,0,25.87759992590354,25.87759992590354,100.0
1600,1,51.10710324498062,51.10710324498062,100.0
1600,2,23.015296829115844,23.015296829115844,100.0
1700,0,32.521045682183136,32.521045682183136,100.0
1700,1,29.219985681462752,29.219985681462752,100.0
1700,2,38.25896863635412,38.25896863635412,100.0
1800,0,26.899174241291412,26.899174241291412,100.0
1800,1,30.081073801355974,30.081073801355974,100.0
1800,2,43.01975195735261,43.01975195735261,100.0
1900,0,26.613547075907917,26.613547075907917,100.0
1900,1,36.21715615467455,36.21715615467455,100.0
1900,2,37.169296769417535,37.169296769417535,100.0
2000,0,32.920195032483775,32.920195032483775,100.0
2000,1,35.652926202145125,35.652926202145125,100.0
2000,2,31.426878765371093,31.426878765371093,100.0
2100,0,48.311143768929895,48.311143768929895,100.0
2100,1,31.273479433565747,31.273479433565747,100.0
2100,2,20.415376797504354,20.415376797504354,100.0
2200,0,30.09799005073721,30.09799005073721,100.0
2200,1,27.469942390041428,27.469942390041428,100.0
2200,2,42.43206755922136,42.43206755922136,100.0
2300,0,35.69103868362491,35.69103868362491,100.0
2300,1,33.37830030741943,33.37830030741943,100.0
2300,2,30.930661008955656,30.930661008955656,100.0
2400,0,23.08504415429531,23.08504415429531,100.0
2400,1,31.743764241835233,31.743764241835233,100.0
2400,2,45.17119160386947,45.17119160386947,100.0
2500,0,37.65601578239584,37.65601578239584,100.0
2500,1,36.4646599397345,36.4646599397345,100.0
2500,2,25.87932427786966,25.87932427786966,100.0
2600,0,35.68768517318793,35.68768517318793,100.0
2600,1,28.682839223840283,28.682839223840283,100.0
2600,2,35.629475602971795,35.629475602971795,100.0
2700,0,50.93553247273533,50.93553247273533,100.0
2700,1,30.20898345486153,30.20898345486153,100.0
2700,2,18.85548407240314,18.85548407240314,100.0
2800,0,29.35153965580819,29.35153965580819,100.0
2800,1,36.32251901140009,36.32251901140009,100.0
2800,2,34.32594133279172,34.32594133279172,100.0
2900,0,28.241977866974572,28.241977866974572,100.0
2900,1,29.913497247222676,29.913497247222676,100.0
2900,2,41.84452488580276,41.84452488580276,100.0
3000,0,29.652944795879392,29.652944795879392,100.0
3000,1,32.41951337345706,32.41951337345706,100.0
3000,2,37.92754183066355,37.92754183066355,100.0
3100,0,25.449512729713707,25.449512729713707,100.0
3100,1,47.643671627213955,47.643671627213955,100.0
3100,2,26.906815643072342,26.906815643072342,100.0
3200,0,23.882743096419482,23.882743096419482,100.0
3200,1,32.620710671835376,32.620710671835376,100.0
3200,2,43.49654623174515,43.49654623174515,100.0
3300,0,46.98529103529021,46.98529103529021,100.0
3300,1,31.344873347761897,31.344873347761897,100.0
3300,2,21.669835616947893,21.669835616947893,100.0
3400,0,24.700347290060467,24.700347290060467,100.0
3400,1,51.855289881738145,51.855289881738145,100.0
3400,2,23.4443628282014,23.4443628282014,100.0
3500,0,25.616361790863106,25.616361790863106,100.0
3500,1,46.0601639562219,46.0601639562219,100.0
3500,2,28.32347425291499,28.32347425291499,100.0
3600,0,27.698694826217906,27.698694826217906,100.0
3600,1,42.19327042018758,42.19327042018758,100.0
3600,2,30.108034753594517,30.108034753594517,100.0
3700,0,38.6798998754196,38.6798998754196,100.0
3700,1,40.70056949903032,40.70056949903032,100.0
3700,2,20.619530625550073,20.619530625550073,100.0
3800,0,45.83371644709592,45.83371644709592,100.0
3800,1,30.904399035541473,30.904399035541473,100.0
3800,2,23.261884517362613,23.261884517362613,100.0
3900,0,43.91061904504496,43.91061904504496,100.0
3900,1,32.688142042584104,32.688142042584104,100.0
3900,2,23.401238912370935,23.401238912370935,100.0
4000,0,41.471449752939186,41.471449752939186,100.0
4000,1,28.58230096944783,28.58230096944783,100.0
4000,2,29.946249277612996,29.946249277612996,100.0
4100,0,25.792041744048916,25.792041744048916,100.0
4100,1,54.06944364369088,54.06944364369088,100.0
4100,2,20.1385146122602,20.1385146122602,100.0
4200,0,49.14722180811113,49.14722180811113,100.0
4200,1,26.05932112016165,26.05932112016165,100.0
4200,2,24.793457071727225,24.793457071727225,100.0
4300,0,34.02089731591869,34.02089731591869,100.0
4300,1,40.70002859037677,40.70002859037677,100.0
4300,2,25.27907409370454,25.27907409370454,100.0
4400,0,26.819824005833777,26.819824005833777,100.0
4400,1,45.08306778240108,45.08306778240108,100.0
4400,2,28.09710821176515,28.09710821176515,100.0
4500,0,35.878673078176654,35.878673078176654,100.0
4500,1,45.16664566379948,45.16664566379948,100.0
4500,2,18.954681258023868,18.954681258023868,100.0
4600,0,38.82652620218202,38.82652620218202,100.0
4600,1,37.11280328750928,37.11280328750928,100.0
4600,2,24.060670510308697,24.060670510308697,100.0
4700,0,41.62002927663513,41.62002927663513,100.0
4700,1,30.82748603906207,30.82748603906207,100.0
4700,2,27.552484684302797,27.552484684302797,100.0
4800,0,48.28666032067681,48.28666032067681,100.0
4800,1,27.556898566838267,27.556898566838267,100.0
4800,2,24.156441112484924,24.156441112484924,100.0
4900,0,46.08861707654793,46.08861707654793,100.0
4900,1,25.208192366717107,25.208192366717107,100.0
4900,2,28.70319055673496,28.70319055673496,100.0
5000,0,43.17146567381577,43.17146567381577,100.0
5000,1,36.731527329796435,36.731527329796435,100.0
5000,2,20.097006996387808,20.097006996387808,100.0
5100,0,41.32791204742554,41.32791204742554,100.0
5100,1,40.492429140850504,40.492429140850504,100.0
5100,2,18.179658811723957,18.179658811723957,100.0
5200,0,43.51256721882195,43.51256721882195,100.0
5200,1,27.18844671706003,27.18844671706003,100.0
5200,2,29.29898606411801,29.29898606411801,100.0
5300,0,31.53652293702892,31.53652293702892,100.0
5300,1,37.24421586869005,37.24421586869005,100.0
5300,2,31.219261194281035,31.219261194281035,100.0
5400,0,32.49394257470526,32.49394257470526,100.0
5400,1,37.15547671469986,37.15547671469986,100.0
5400,2,30.350580710594883,30.350580710594883,100.0
5500,0,27.509575107006658,27.509575107006658,100.0
5500,1,41.40941709095013,41.40941709095013,100.0
5500,2,31.081007802043214,31.081007802043214,100.0
5600,0,27.539135277485,27.539135277485,100.0
5600,1,39.916824856924094,39.916824856924094,100.0
5600,2,32.544039865590904,32.544039865590904,100.0
5700,0,42.64742174769551,42.64742174769551,100.0
5700,1,30.412365437821276,30.412365437821276,100.0
5700,2,26.94021281448321,26.94021281448321,100.0
5800,0,25.664230074084255,25.664230074084255,100.0
5800,1,49.585369638060584,49.585369638060584,100.0
5800,2,24.750400287855157,24.750400287855157,100.0
5900,0,35.06838744527775,35.06838744527775,100.0
5900,1,35.88216874357961,35.88216874357961,100.0
5900,2,29.049443811142638,29.049443811142638,100.0
6000,0,29.920730417504505,29.920730417504505,100.0
6000,1,37.21551819668088,37.21551819668088,100.0
6000,2,32.86375138581461,32.86375138581461,100.0
6100,0,45.516351263299995,45.516351263299995,100.0
6100,1,24.238519474490367,24.238519474490367,100.0
6100,2,30.245129262209637,30.245129262209637,100.0
6200,0,38.88265127872005,38.88265127872005,100.0
6200,1,30.95273758186845,30.95273758186845,100.0
6200,2,30.1646111394115,30.1646111394115,100.0
6300,0,29.29207488328016,29.29207488328016,100.0
6300,1,27.557741228297466,27.557741228297466,100.0
6300,2,43.150183888422376,43.150183888422376,100.0
6400,0,21.465045634470712,21.465045634470712,100.0
6400,1,46.93828177256052,46.93828177256052,100.0
6400,2,31.596672592968773,31.596672592968773,100.0
6500,0,35.35415373286116,35.35415373286116,100.0
6500,1,43.11695450423346,43.11695450423346,100.0
6500,2,21.52889176290537,21.52889176290537,100.0
6600,0,24.189377715625575,24.189377715625575,100.0
6600,1,37.23944200957345,37.23944200957345,100.0
6600,2,38.57118027480097,38.57118027480097,100.0
6700,0,32.33279477880872,32.33279477880872,100.0
6700,1,43.11458397287169,43.11458397287169,100.0
6700,2,24.552621248319596,24.552621248319596,100.0
6800,0,37.9693170501988,37.9693170501988,100.0
6800,1,32.248732923615684,32.248732923615684,100.0
6800,2,29.781950026185516,29.781950026185516,100.0
6900,0,34.24486737472672,34.24486737472672,100.0
6900,1,38.17247186570966,38.17247186570966,100.0
6900,2,27.582660759563627,27.582660759563627,100.0
7000,0,28.14136328232888,28.14136328232888,100.0
7000,1,53.40795877869908,53.40795877869908,100.0
7000,2,18.450677938972046,18.450677938972046,100.0
7100,0,32.02523214655862,32.02523214655862,100.0
7100,1,29.31557653001323,29.31557653001323,100.0
7100,2,38.659191323428146,38.659191323428146,100.0
7200,0,23.618156501878023,23.618156501878023,100.0
7200,1,55.43730513128279,55.43730513128279,100.0
7200,2,20.94453836683919,20.94453836683919,100.0
7300,0,47.77193927139251,47.77193927139251,100.0
7300,1,29.887688088933213,29.887688088933213,100.0
7300,2,22.34037263967428,22.34037263967428,100.0
7400,0,37.914811366215936,37.914811366215936,100.0
7400,1,41.385234525432736,41.385234525432736,100.0
7400,2,20.69995410835132,20.69995410835132,100.0
7500,0,29.629620989115445,29.629620989115445,100.0
7500,1,25.004946674922962,25.004946674922962,100.0
7500,2,45.3654323359616,45.3654323359616,100.0
7600,0,34.081148402395996,34.081148402395996,100.0
7600,1,32.36620652638691,32.36620652638691,100.0
7600,2,33.55264507121709,33.55264507121709,100.0
7700,0,32.15596415059754,32.15596415059754,100.0
7700,1,34.291993267104694,34.291993267104694,100.0
7700,2,33.55204258229777,33.55204258229777,100.0
7800,0,38.85345803605683,38.85345803605683,100.0
7800,1,41.02379442289916,41.02379442289916,100.0
7800,2,20.122747541044017,20.122747541044017,100.0
7900,0,23.034736480431924,23.034736480431924,100.0
7900,1,56.092061006904025,56.092061006904025,100.0
7900,2,20.873202512664054,20.873202512664054,100.0
8000,0,51.80937383502959,51.80937383502959,100.0
8000,1,27.74894461234557,27.74894461234557,100.0
8000,2,20.44168155262484,20.44168155262484,100.0
8100,0,25.53819783182274,25.53819783182274,100.0
8100,1,53.93930297942833,53.93930297942833,100.0
8100,2,20.52249918874893,20.52249918874893,100.0
8200,0,29.940714228352416,29.940714228352416,100.0
8200,1,26.25345741275322,26.25345741275322,100.0
8200,2,43.80582835889435,43.80582835889435,100.0
8300,0,33.335796066121816,33.335796066121816,100.0
8300,1,40.563706201760176,40.563706201760176,100.0
8300,2,26.100497732118015,26.100497732118015,100.0
8400,0,44.72352567219829,44.72352567219829,100.0
8400,1,33.45118670319791,33.45118670319791,100.0
8400,2,21.825287624603803,21.825287624603803,100.0
8500,0,28.259848359437186,28.259848359437186,100.0
8500,1,34.46746445150206,34.46746445150206,100.0
8500,2,37.27268718906076,37.27268718906076,100.0
8600,0,24.494545526511114,24.494545526511114,100.0
8600,1,30.79054086759494,30.79054086759494,100.0
8600,2,44.71491360589394,44.71491360589394,100.0
8700,0,42.3389929104102,42.3389929104102,100.0
8700,1,37.245519096648216,37.245519096648216,100.0
8700,2,20.415487992941582,20.415487992941582,100.0
8800,0,32.79871995205663,32.79871995205663,100.0
8800,1,38.441303031537736,38.441303031537736,100.0
8800,2,28.759977016405635,28.759977016405635,100.0
8900,0,36.118494777390616,36.118494777390616,100.0
8900,1,45.37364726491155,45.37364726491155,100.0
8900,2,18.50785795769784,18.50785795769784,100.0
9000,0,32.482290352730345,32.482290352730345,100.0
9000,1,29.445515511607468,29.445515511607468,100.0
9000,2,38.072194135662194,38.072194135662194,100.0
9100,0,48.272347601341224,48.272347601341224,100.0
9100,1,31.436617866643,31.436617866643,100.0
9100,2,20.291034532015775,20.291034532015775,100.0
9200,0,32.51716342799149,32.51716342799149,100.0
9200,1,41.190600358360165,41.190600358360165,100.0
9200,2,26.292236213648344,26.292236213648344,100.0
9300,0,35.63765703978985,35.63765703978985,100.0
9300,1,40.34015878329931,40.34015878329931,100.0
9300,2,24.02218417691084,24.02218417691084,100.0
9400,0,36.369577460332046,36.369577460332046,100.0
9400,1,31.39062874695593,31.39062874695593,100.0
9400,2,32.23979379271202,32.23979379271202,100.0
9500,0,31.423948208558084,31.423948208558084,100.0
9500,1,37.62884468018993,37.62884468018993,100.0
9500,2,30.947207111251995,30.947207111251995,100.0
9600,0,35.41926117398457,35.41926117398457,100.0
9600,1,27.31244756311737,27.31244756311737,100.0
9600,2,37.26829126289806,37.26829126289806,100.0
9700,0,46.76207689651717,46.76207689651717,100.0
9700,1,26.74659015686172,26.74659015686172,100.0
9700,2,26.491332946621103,26.491332946621103,100.0
9800,0,24.90282546593544,24.90282546593544,100.0
9800,1,53.82030484262009,53.82030484262009,100.0
9800,2,21.27686969144448,21.27686969144448,100.0
9900,0,35.6613426485018,35.6613426485018,100.0
9900,1,26.52163323089276,26.52163323089276,100.0
9900,2,37.81702412060544,37.81702412060544,100.0
