timestamp,sliceId,dedicatedPRB,minPRB,maxPRB
510,0,23.305179152891686,23.305179152891686,100.0
510,1,44.26141955913266,44.26141955913266,100.0
510,2,32.43340128797565,32.43340128797565,100.0
520,0,25.599738792930047,25.599738792930047,100.0
520,1,48.49182509543861,48.49182509543861,100.0
520,2,25.908436111631357,25.908436111631357,100.0
530,0,26.449495246750814,26.449495246750814,100.0
530,1,48.318792550493136,48.318792550493136,100.0
530,2,25.23171220275605,25.23171220275605,100.0
540,0,25.90181923442767,25.90181923442767,100.0
540,1,50.10419526621632,50.10419526621632,100.0
540,2,23.99398549935601,23.99398549935601,100.0
550,0,49.91722166048994,49.91722166048994,100.0
550,1,29.108573907759762,29.108573907759762,100.0
550,2,20.974204431750298,20.974204431750298,100.0
560,0,36.43663337580384,36.43663337580384,100.0
560,1,43.82107098495165,43.82107098495165,100.0
560,2,19.7422956392445,19.7422956392445,100.0
570,0,38.031367856545806,38.031367856545806,100.0
570,1,39.20572340403545,39.20572340403545,100.0
570,2,22.762908739418737,22.762908739418737,100.0
580,0,36.743632987346885,36.743632987346885,100.0
580,1,45.26213394104954,45.26213394104954,100.0
580,2,17.994233071603567,17.994233071603567,100.0
590,0,24.343462806795156,24.343462806795156,100.0
590,1,46.28335620358756,46.28335620358756,100.0
590,2,29.373180989617286,29.373180989617286,100.0
600,0,45.486813922692484,45.486813922692484,100.0
600,1,30.26043857001566,30.26043857001566,100.0
600,2,24.252747507291854,24.252747507291854,100.0
610,0,29.980231410766983,29.980231410766983,100.0
610,1,30.43955878550949,30.43955878550949,100.0
610,2,39.580209803723534,39.580209803723534,100.0
620,0,20.91666268392815,20.91666268392815,100.0
620,1,43.178824319514874,43.178824319514874,100.0
620,2,35.90451299655698,35.90451299655698,100.0
630,0,33.663549853359875,33.663549853359875,100.0
630,1,30.63702711184801,30.63702711184801,100.0
630,2,35.69942303479212,35.69942303479212,100.0
640,0,22.566672640716938,22.566672640716938,100.0
640,1,49.65803764120606,49.65803764120606,100.0
640,2,27.775289718077005,27.775289718077005,100.0
650,0,26.344020402766848,26.344020402766848,100.0
650,1,48.9323239311303,48.9323239311303,100.0
650,2,24.723655666102857,24.723655666102857,100.0
660,0,32.573656691044896,32.573656691044896,100.0
660,1,35.12866877805143,35.12866877805143,100.0
660,2,32.297674530903684,32.297674530903684,100.0
670,0,21.634480007079286,21.634480007079286,100.0
670,1,45.48642408482457,45.48642408482457,100.0
670,2,32.87909590809615,32.87909590809615,100.0
680,0,22.224800630196324,22.224800630196324,100.0
680,1,53.78902024421347,53.78902024421347,100.0
680,2,23.98617912559021,23.98617912559021,100.0
690,0,21.316474286243,21.316474286243,100.0
690,1,48.093599272149206,48.093599272149206,100.0
690,2,30.589926441607794,30.589926441607794,100.0
700,0,28.402027245441356,28.402027245441356,100.0
700,1,46.00457174602888,46.00457174602888,100.0
700,2,25.593401008529764,25.593401008529764,100.0
710,0,20.482630097152565,20.482630097152565,100.0
710,1,45.65336800361045,45.65336800361045,100.0
710,2,33.86400189923698,33.86400189923698,100.0
720,0,21.709118870501204,21.709118870501204,100.0
720,1,37.54390521711245,37.54390521711245,100.0
720,2,40.746975912386354,40.746975912386354,100.0
730,0,21.81077774735097,21.81077774735097,100.0
730,1,46.009985239945216,46.009985239945216,100.0
730,2,32.179237012703815,32.179237012703815,100.0
740,0,33.20507656292979,33.20507656292979,100.0
740,1,33.18504000006154,33.18504000006154,100.0
740,2,33.609883437008676,33.609883437008676,100.0
750,0,25.554626433925236,25.554626433925236,100.0
750,1,40.69813348597968,40.69813348597968,100.0
750,2,33.74724008009509,33.74724008009509,100.0
760,0,22.37616681225202,22.37616681225202,100.0
760,1,39.05465944976392,39.05465944976392,100.0
760,2,38.569173737984066,38.569173737984066,100.0
770,0,31.45040667649931,31.45040667649931,100.0
770,1,39.329315927600476,39.329315927600476,100.0
770,2,29.22027739590023,29.22027739590023,100.0
780,0,22.770997478574103,22.770997478574103,100.0
780,1,52.63949933024903,52.63949933024903,100.0
780,2,24.589503191176874,24.589503191176874,100.0
790,0,27.05295386009604,27.05295386009604,100.0
790,1,51.787083634190765,51.787083634190765,100.0
790,2,21.15996250571318,21.15996250571318,100.0
800,0,24.3967033216942,24.3967033216942,100.0
800,1,49.99341587804004,49.99341587804004,100.0
800,2,25.60988080026576,25.60988080026576,100.0
810,0,31.298780885329037,31.298780885329037,100.0
810,1,32.05448778807517,32.05448778807517,100.0
810,2,36.64673132659579,36.64673132659579,100.0
820,0,23.04163444566616,23.04163444566616,100.0
820,1,35.17094565926198,35.17094565926198,100.0
820,2,41.787419895071864,41.787419895071864,100.0
830,0,26.703135354514362,26.703135354514362,100.0
830,1,53.18491444468645,53.18491444468645,100.0
830,2,20.111950200799196,20.111950200799196,100.0
840,0,21.897297025396657,21.897297025396657,100.0
840,1,41.86131951829334,41.86131951829334,100.0
840,2,36.241383456310004,36.241383456310004,100.0
850,0,32.569974385282094,32.569974385282094,100.0
850,1,37.0674923336987,37.0674923336987,100.0
850,2,30.3625332810192,30.3625332810192,100.0
860,0,32.97130527193655,32.97130527193655,100.0
860,1,45.25620650392578,45.25620650392578,100.0
860,2,21.772488224137664,21.772488224137664,100.0
870,0,32.26747549319473,32.26747549319473,100.0
870,1,45.612462363491396,45.612462363491396,100.0
870,2,22.120062143313874,22.120062143313874,100.0
880,0,23.203627232507458,23.203627232507458,100.0
880,1,50.647928443210574,50.647928443210574,100.0
880,2,26.148444324281968,26.148444324281968,100.0
890,0,36.082534054032344,36.082534054032344,100.0
890,1,28.985856883230564,28.985856883230564,100.0
890,2,34.93160906273709,34.93160906273709,100.0
900,0,26.630599549230517,26.630599549230517,100.0
900,1,43.579256762229654,43.579256762229654,100.0
900,2,29.79014368853983,29.79014368853983,100.0
910,0,45.642277200087435,45.642277200087435,100.0
910,1,34.324364811778516,34.324364811778516,100.0
910,2,20.033357988134053,20.033357988134053,100.0
920,0,26.16350502531465,26.16350502531465,100.0
920,1,45.89557089009867,45.89557089009867,100.0
920,2,27.940924084586683,27.940924084586683,100.0
930,0,22.47653660314058,22.47653660314058,100.0
930,1,48.2011846325234,48.2011846325234,100.0
930,2,29.32227876433602,29.32227876433602,100.0
940,0,21.13250479324622,21.13250479324622,100.0
940,1,37.914561136810256,37.914561136810256,100.0
940,2,40.95293406994352,40.95293406994352,100.0
950,0,23.504449644499413,23.504449644499413,100.0
950,1,45.00347166524446,45.00347166524446,100.0
950,2,31.492078690256122,31.492078690256122,100.0
960,0,36.88960348484527,36.88960348484527,100.0
960,1,33.53850651856836,33.53850651856836,100.0
960,2,29.571889996586375,29.571889996586375,100.0
970,0,33.161022932385094,33.161022932385094,100.0
970,1,36.03784871824768,36.03784871824768,100.0
970,2,30.801128349367225,30.801128349367225,100.0
980,0,23.022147946849085,23.022147946849085,100.0
980,1,49.549109020665696,49.549109020665696,100.0
980,2,27.428743032485215,27.428743032485215,100.0
990,0,21.727820935581107,21.727820935581107,100.0
990,1,44.590795694402416,44.590795694402416,100.0
990,2,33.681383370016476,33.681383370016476,100.0
1000,0,30.107561224623336,30.107561224623336,100.0
1000,1,37.95930333935135,37.95930333935135,100.0
1000,2,31.933135436025317,31.933135436025317,100.0
1010,0,25.92046688446676,25.92046688446676,100.0
1010,1,40.93835310592779,40.93835310592779,100.0
1010,2,33.141180009605456,33.141180009605456,100.0
1020,0,26.761490362937675,26.761490362937675,100.0
1020,1,36.189218476483035,36.189218476483035,100.0
1020,2,37.0492911605793,37.0492911605793,100.0
1030,0,25.388693778640096,25.388693778640096,100.0
1030,1,40.16498525888219,40.16498525888219,100.0
1030,2,34.446320962477714,34.446320962477714,100.0
1040,0,33.23079623205466,33.23079623205466,100.0
1040,1,42.48589454237974,42.48589454237974,100.0
1040,2,24.2833092255656,24.2833092255656,100.0
1050,0,44.576720083331786,44.576720083331786,100.0
1050,1,29.200388493319444,29.200388493319444,100.0
1050,2,26.22289142334877,26.22289142334877,100.0
1060,0,22.412190211867273,22.412190211867273,100.0
1060,1,28.899469532514722,28.899469532514722,100.0
1060,2,48.688340255618016,48.688340255618016,100.0
1070,0,25.915685605242842,25.915685605242842,100.0
1070,1,31.849812586381514,31.849812586381514,100.0
1070,2,42.23450180837565,42.23450180837565,100.0
1080,0,27.50726477489436,27.50726477489436,100.0
1080,1,51.07324330527723,51.07324330527723,100.0
1080,2,21.419491919828427,21.419491919828427,100.0
1090,0,21.675744747314123,21.675744747314123,100.0
1090,1,46.115419573152515,46.115419573152515,100.0
1090,2,32.20883567953336,32.20883567953336,100.0
1100,0,24.935454365433742,24.935454365433742,100.0
1100,1,25.634937064226985,25.634937064226985,100.0
1100,2,49.42960857033927,49.42960857033927,100.0
1110,0,24.35687250035491,24.35687250035491,100.0
1110,1,29.659714997239217,29.659714997239217,100.0
1110,2,45.983412502405876,45.983412502405876,100.0
1120,0,24.725630364179445,24.725630364179445,100.0
1120,1,40.98327925127574,40.98327925127574,100.0
1120,2,34.29109038454481,34.29109038454481,100.0
1130,0,27.134867177715133,27.134867177715133,100.0
1130,1,45.11628651226697,45.11628651226697,100.0
1130,2,27.7488463100179,27.7488463100179,100.0
1140,0,24.468589816727317,24.468589816727317,100.0
1140,1,25.33580774365055,25.33580774365055,100.0
1140,2,50.195602439622135,50.195602439622135,100.0
1150,0,24.370425326989338,24.370425326989338,100.0
1150,1,34.34200733599032,34.34200733599032,100.0
1150,2,41.28756733702035,41.28756733702035,100.0
1160,0,23.08054711846614,23.08054711846614,100.0
1160,1,43.39499551025546,43.39499551025546,100.0
1160,2,33.5244573712784,33.5244573712784,100.0
1170,0,37.06267942834288,37.06267942834288,100.0
1170,1,38.50026685262325,38.50026685262325,100.0
1170,2,24.43705371903388,24.43705371903388,100.0
1180,0,41.6256181130587,41.6256181130587,100.0
1180,1,32.06636855675924,32.06636855675924,100.0
1180,2,26.308013330182067,26.308013330182067,100.0
1190,0,35.27665600303036,35.27665600303036,100.0
1190,1,28.215241148406957,28.215241148406957,100.0
1190,2,36.50810284856268,36.50810284856268,100.0
1200,0,20.55039701800029,20.55039701800029,100.0
1200,1,39.205184695849624,39.205184695849624,100.0
1200,2,40.244418286150086,40.244418286150086,100.0
1210,0,22.60740434133311,22.60740434133311,100.0
1210,1,48.380922154756774,48.380922154756774,100.0
1210,2,29.011673503910128,29.011673503910128,100.0
1220,0,23.20177787084142,23.20177787084142,100.0
1220,1,31.929202600446544,31.929202600446544,100.0
1220,2,44.86901952871204,44.86901952871204,100.0
1230,0,23.795891331959783,23.795891331959783,100.0
1230,1,39.94175545710644,39.94175545710644,100.0
1230,2,36.26235321093378,36.26235321093378,100.0
1240,0,23.817886570697354,23.817886570697354,100.0
1240,1,45.32654497638398,45.32654497638398,100.0
1240,2,30.855568452918668,30.855568452918668,100.0
1250,0,32.02594818575978,32.02594818575978,100.0
1250,1,26.565555112821126,26.565555112821126,100.0
1250,2,41.4084967014191,41.4084967014191,100.0
1260,0,21.560342333379896,21.560342333379896,100.0
1260,1,42.97506920551322,42.97506920551322,100.0
1260,2,35.464588461106885,35.464588461106885,100.0
1270,0,22.49598298043063,22.49598298043063,100.0
1270,1,44.97796874712644,44.97796874712644,100.0
1270,2,32.526048272442935,32.526048272442935,100.0
1280,0,22.09353078020143,22.09353078020143,100.0
1280,1,32.559759071901425,32.559759071901425,100.0
1280,2,45.34671014789714,45.34671014789714,100.0
1290,0,26.510087597878073,26.510087597878073,100.0
1290,1,45.681890807523736,45.681890807523736,100.0
1290,2,27.808021594598188,27.808021594598188,100.0
1300,0,40.66170063407399,40.66170063407399,100.0
1300,1,37.07783915265235,37.07783915265235,100.0
1300,2,22.260460213273664,22.260460213273664,100.0
1310,0,27.622960539474818,27.622960539474818,100.0
1310,1,44.82823250234292,44.82823250234292,100.0
1310,2,27.54880695818227,27.54880695818227,100.0
1320,0,35.632661855106,35.632661855106,100.0
1320,1,40.9354953063033,40.9354953063033,100.0
1320,2,23.431842838590697,23.431842838590697,100.0
1330,0,21.405916920048305,21.405916920048305,100.0
1330,1,42.24194512759068,42.24194512759068,100.0
1330,2,36.352137952361026,36.352137952361026,100.0
1340,0,22.43885551551393,22.43885551551393,100.0
1340,1,50.064687162689246,50.064687162689246,100.0
1340,2,27.496457321796825,27.496457321796825,100.0
1350,0,28.076314802549255,28.076314802549255,100.0
1350,1,39.631504109224494,39.631504109224494,100.0
1350,2,32.29218108822624,32.29218108822624,100.0
1360,0,23.459282510088272,23.459282510088272,100.0
1360,1,56.39672755382637,56.39672755382637,100.0
1360,2,20.14398993608536,20.14398993608536,100.0
1370,0,31.079050153456418,31.079050153456418,100.0
1370,1,33.8809610239252,33.8809610239252,100.0
1370,2,35.03998882261838,35.03998882261838,100.0
1380,0,31.79809803222518,31.79809803222518,100.0
1380,1,30.702707345354707,30.702707345354707,100.0
1380,2,37.499194622420106,37.499194622420106,100.0
1390,0,35.74877903072119,35.74877903072119,100.0
1390,1,27.920349441665255,27.920349441665255,100.0
1390,2,36.33087152761355,36.33087152761355,100.0
1400,0,25.47745008229719,25.47745008229719,100.0
1400,1,38.69167112930882,38.69167112930882,100.0
1400,2,35.830878788393996,35.830878788393996,100.0
1410,0,23.077172744409527,23.077172744409527,100.0
1410,1,50.59009429419687,50.59009429419687,100.0
1410,2,26.332732961393617,26.332732961393617,100.0
1420,0,31.0270878033152,31.0270878033152,100.0
1420,1,27.43861526043278,27.43861526043278,100.0
1420,2,41.53429693625203,41.53429693625203,100.0
1430,0,24.49784131187872,24.49784131187872,100.0
1430,1,34.821020178765814,34.821020178765814,100.0
1430,2,40.68113850935546,40.68113850935546,100.0
1440,0,38.65392766408752,38.65392766408752,100.0
1440,1,36.93284343267105,36.93284343267105,100.0
1440,2,24.41322890324144,24.41322890324144,100.0
1450,0,22.664113954826007,22.664113954826007,100.0
1450,1,31.04277268412347,31.04277268412347,100.0
1450,2,46.29311336105052,46.29311336105052,100.0
1460,0,28.134840067957157,28.134840067957157,100.0
1460,1,41.81348490103545,41.81348490103545,100.0
1460,2,30.051675031007395,30.051675031007395,100.0
1470,0,26.984837470068534,26.984837470068534,100.0
1470,1,28.3830521875582,28.3830521875582,100.0
1470,2,44.63211034237327,44.63211034237327,100.0
1480,0,36.05854517230513,36.05854517230513,100.0
1480,1,27.56747312674627,27.56747312674627,100.0
1480,2,36.37398170094861,36.37398170094861,100.0
1490,0,25.730666951455415,25.730666951455415,100.0
1490,1,26.739710348667856,26.739710348667856,100.0
1490,2,47.529622699876725,47.529622699876725,100.0
1500,0,25.070701316488393,25.070701316488393,100.0
1500,1,34.044607337359544,34.044607337359544,100.0
1500,2,40.88469134615207,40.88469134615207,100.0
