timestamp,ueImsi,sliceId,dTxBytes,dRxBytes,plr,resourceSharePct,dLostPackets,throughputMbps,bufferBytes,dlBufferBytes,ulBufferBytes,macBufferBytes,congestionPct,lastDrlActionStatus
10600,1,0,194844,256,98.84,46.66,171,0.0205,1200005,198932,1200005,1398937,13.34,applied
10600,2,0,194844,128,99.42,46.66,172,0.0102,1200005,198917,1200005,1398922,13.34,applied
10600,3,0,194844,35740,82.66,46.66,143,2.8592,1200005,198923,1200005,1398928,13.34,applied
10600,4,0,194844,128,99.42,46.66,172,0.0102,1199983,201767,1199983,1401750,13.37,applied
10600,5,0,194844,5040,97.11,46.66,168,0.4032,1200005,198926,1200005,1398931,13.34,applied
10600,6,1,0,0,0.00,25.00,0,0.0000,34,0,34,34,0.00,applied
10600,7,1,0,0,0.00,25.00,0,0.0000,34,0,34,34,0.00,applied
10600,8,1,0,0,0.00,25.00,0,0.0000,34,0,34,34,0.00,applied
10600,9,1,0,0,0.00,25.00,0,0.0000,34,0,34,34,0.00,applied
10600,10,1,0,0,0.00,25.00,0,0.0000,34,0,34,34,0.00,applied
10600,11,1,0,0,0.00,25.00,0,0.0000,34,0,34,34,0.00,applied
10600,12,1,0,0,0.00,25.00,0,0.0000,34,0,34,34,0.00,applied
10600,13,1,0,0,0.00,25.00,0,0.0000,34,0,34,34,0.00,applied
10600,14,2,63772,1428,97.96,28.33,48,0.1142,6405366,6405366,51,6405417,61.09,applied
10600,15,2,63772,0,100.00,28.33,49,0.0000,6405462,6405462,34,6405496,61.09,applied
10600,16,2,63772,0,100.00,28.33,49,0.0000,6405375,6405375,51,6405426,61.09,applied
10600,17,2,63772,0,100.00,28.33,49,0.0000,6407991,6407991,51,6408042,61.11,applied
10600,18,2,63772,0,100.00,28.33,49,0.0000,6405375,6405375,51,6405426,61.09,applied
10600,19,2,63772,752,91.84,28.33,45,0.0602,6405375,6405375,51,6405426,61.09,applied
10600,20,2,63772,752,91.84,28.33,45,0.0602,6405375,6405375,51,6405426,61.09,applied
10600,21,2,63772,0,100.00,28.33,49,0.0000,6405951,6405951,51,6406002,61.09,applied
10600,22,2,63772,0,100.00,28.33,49,0.0000,6406828,6406828,51,6406879,61.10,applied
10600,23,2,63772,1428,97.96,28.33,48,0.1142,6405366,6405366,51,6405417,61.09,applied
10600,24,2,63772,752,91.84,28.33,45,0.0602,6405373,6405373,51,6405424,61.09,applied
10600,25,2,63772,2180,89.80,28.33,44,0.1744,6405372,6405372,51,6405423,61.09,applied
10600,26,2,63772,1428,97.96,28.33,48,0.1142,6405366,6405366,51,6405417,61.09,applied
10600,27,2,63772,0,100.00,28.33,49,0.0000,6405461,6405461,51,6405512,61.09,applied
10600,28,2,63772,0,100.00,28.33,49,0.0000,6405481,6405481,51,6405532,61.09,applied
10600,29,2,63772,0,100.00,28.33,49,0.0000,6407710,6407710,51,6407761,61.11,applied
10600,30,2,63772,0,100.00,28.33,49,0.0000,6405373,6405373,51,6405424,61.09,applied
10600,31,2,63772,2180,89.80,28.33,44,0.1744,6405371,6405371,51,6405422,61.09,applied
10600,32,2,63772,1428,97.96,28.33,48,0.1142,6405372,6405372,51,6405423,61.09,applied
10600,33,2,63772,0,100.00,28.33,49,0.0000,6407210,6407210,51,6407261,61.10,applied
