timestamp,ueImsi,sliceId,dTxBytes,dRxBytes,plr,resourceSharePct,dLostPackets,throughputMbps,bufferBytes
1510,1,0,35144,36672,0.00,43.33,0,29.3376,108268
1510,2,0,35144,21392,39.13,43.33,9,17.1136,1465255
1510,3,1,1014,1014,0.00,38.60,0,0.8112,87
1510,4,1,1014,1014,0.00,38.60,0,0.8112,87
1510,5,2,256,0,100.00,18.07,2,0.0000,929
1510,6,2,256,1152,0.00,18.07,0,0.9216,137
1510,7,2,256,256,0.00,18.07,0,0.2048,137
1510,8,2,256,0,100.00,18.07,2,0.0000,137
1510,9,2,256,0,100.00,18.07,2,0.0000,269
1510,10,2,256,256,0.00,18.07,0,0.2048,137
