timestamp,ueImsi,sliceId,dTxBytes,dRxBytes,plr,resourceSharePct,dLostPackets,throughputMbps,bufferBytes
560,1,0,24448,3056,87.50,48.63,14,2.4448,133689
560,2,0,24448,3056,87.50,48.63,14,2.4448,133584
560,3,0,24448,3056,87.50,48.63,14,2.4448,133582
560,4,0,24448,3056,87.50,48.63,14,2.4448,133581
560,5,0,24448,3056,87.50,48.63,14,2.4448,133579
560,6,1,390,312,20.00,32.10,1,0.2496,169
560,7,1,390,312,20.00,32.10,1,0.2496,169
560,8,1,390,312,20.00,32.10,1,0.2496,169
560,9,1,390,312,20.00,32.10,1,0.2496,169
560,10,1,390,312,20.00,32.10,1,0.2496,169
560,11,2,16000,768,95.20,19.27,119,0.6144,91084
560,12,2,16000,768,95.20,19.27,119,0.6144,91084
560,13,2,16000,768,95.20,19.27,119,0.6144,91092
560,14,2,16000,640,96.00,19.27,120,0.5120,91085
560,15,2,16000,512,96.80,19.27,121,0.4096,91155
560,16,2,16000,512,96.80,19.27,121,0.4096,91164
560,17,2,16000,512,96.80,19.27,121,0.4096,91156
560,18,2,16000,512,96.80,19.27,121,0.4096,91156
560,19,2,16000,512,96.80,19.27,121,0.4096,91144
560,20,2,16000,512,96.80,19.27,121,0.4096,91152
