timestamp,ueImsi,sliceId,dTxBytes,dRxBytes,plr,resourceSharePct,dLostPackets,throughputMbps,bufferBytes
1510,1,0,35144,32088,8.70,36.57,2,25.6704,155350
1510,2,0,35144,18336,47.83,36.57,11,14.6688,1491739
1510,3,1,1014,936,7.69,33.82,1,0.7488,87
1510,4,1,1014,1092,0.00,33.82,0,0.8736,87
1510,5,2,256,0,100.00,29.61,2,0.0000,137
1510,6,2,256,0,100.00,29.61,2,0.0000,137
1510,7,2,256,256,0.00,29.61,0,0.2048,137
1510,8,2,256,0,100.00,29.61,2,0.0000,137
1510,9,2,256,0,100.00,29.61,2,0.0000,137
1510,10,2,256,256,0.00,29.61,0,0.2048,137
