timestamp,ueImsi,sliceId,dTxBytes,dRxBytes,plr,resourceSharePct,dLostPackets,throughputMbps,bufferBytes
1510,1,0,18336,15280,16.67,29.79,2,12.2240,1147
1510,2,0,18336,0,100.00,29.79,12,0.0000,1707975
1510,3,0,18336,0,100.00,29.79,12,0.0000,1678837
1510,4,0,18336,15280,16.67,29.79,2,12.2240,3957
1510,5,0,18336,0,100.00,29.79,12,0.0000,1667535
1510,6,1,390,390,0.00,44.91,0,0.3120,87
1510,7,1,390,390,0.00,44.91,0,0.3120,87
1510,8,1,390,390,0.00,44.91,0,0.3120,87
1510,9,1,390,390,0.00,44.91,0,0.3120,87
1510,10,1,390,0,100.00,44.91,5,0.0000,13422
1510,11,2,384,256,33.33,25.30,1,0.2048,137
1510,12,2,384,256,33.33,25.30,1,0.2048,137
1510,13,2,384,0,100.00,25.30,3,0.0000,797
1510,14,2,384,0,100.00,25.30,3,0.0000,533
1510,15,2,384,0,100.00,25.30,3,0.0000,3833
1510,16,2,384,0,100.00,25.30,3,0.0000,533
1510,17,2,384,0,100.00,25.30,3,0.0000,1249
1510,18,2,384,0,100.00,25.30,3,0.0000,15
1510,19,2,384,256,33.33,25.30,1,0.2048,137
1510,20,2,384,256,33.33,25.30,1,0.2048,137
