timestamp,ueImsi,sliceId,dTxBytes,dRxBytes,plr,resourceSharePct,dLostPackets,throughputMbps,bufferBytes
560,1,0,24448,0,100.00,26.66,16,0.0000,136646
560,2,0,24448,1528,93.75,26.66,15,1.2224,135970
560,3,0,24448,1528,93.75,26.66,15,1.2224,136032
560,4,0,24448,1528,93.75,26.66,15,1.2224,136032
560,5,0,24448,1528,93.75,26.66,15,1.2224,135562
560,6,1,780,624,20.00,60.00,2,0.4992,87
560,7,1,780,624,20.00,60.00,2,0.4992,87
560,8,1,780,624,20.00,60.00,2,0.4992,87
560,9,1,780,624,20.00,60.00,2,0.4992,87
560,10,1,780,624,20.00,60.00,2,0.4992,87
560,11,2,16000,256,98.40,13.33,123,0.2048,91871
560,12,2,16000,256,98.40,13.33,123,0.2048,91871
560,13,2,16000,256,98.40,13.33,123,0.2048,91871
560,14,2,16000,640,96.00,13.33,120,0.5120,91075
560,15,2,16000,512,96.80,13.33,121,0.4096,91138
560,16,2,16000,512,96.80,13.33,121,0.4096,91138
560,17,2,16000,512,96.80,13.33,121,0.4096,91139
560,18,2,16000,512,96.80,13.33,121,0.4096,91139
560,19,2,16000,512,96.80,13.33,121,0.4096,91133
560,20,2,16000,640,96.00,13.33,120,0.5120,90657
