timestamp,sliceId,dedicatedPRB,minPRB,maxPRB
510,0,34.90658400646917,34.90658400646917,100.0
510,1,43.838613199946295,43.838613199946295,100.0
510,2,21.25480279358453,21.25480279358453,100.0
520,0,35.17612032354792,35.17612032354792,100.0
520,1,37.649141281403665,37.649141281403665,100.0
520,2,27.174738395048415,27.174738395048415,100.0
530,0,40.0899759754151,40.0899759754151,100.0
530,1,27.16937208785224,27.16937208785224,100.0
530,2,32.740651936732654,32.740651936732654,100.0
540,0,36.88337468713178,36.88337468713178,100.0
540,1,32.10452693035961,32.10452693035961,100.0
540,2,31.01209838250861,31.01209838250861,100.0
550,0,28.80042704774895,28.80042704774895,100.0
550,1,31.537528767533917,31.537528767533917,100.0
550,2,39.66204418471714,39.66204418471714,100.0
560,0,45.37402444842781,45.37402444842781,100.0
560,1,32.1416694016297,32.1416694016297,100.0
560,2,22.48430614994249,22.48430614994249,100.0
570,0,25.26747031825467,25.26747031825467,100.0
570,1,38.195403694233086,38.195403694233086,100.0
570,2,36.53712598751223,36.53712598751223,100.0
580,0,41.674701538043166,41.674701538043166,100.0
580,1,35.375033781407645,35.375033781407645,100.0
580,2,22.950264680549186,22.950264680549186,100.0
590,0,24.460098241205024,24.460098241205024,100.0
590,1,40.12318042574227,40.12318042574227,100.0
590,2,35.41672133305271,35.41672133305271,100.0
600,0,32.04709539637533,32.04709539637533,100.0
600,1,38.57627673095624,38.57627673095624,100.0
600,2,29.376627872668433,29.376627872668433,100.0
610,0,28.995254887971768,28.995254887971768,100.0
610,1,45.71942925737803,45.71942925737803,100.0
610,2,25.285315854650204,25.285315854650204,100.0
620,0,24.12964990524091,24.12964990524091,100.0
620,1,43.92856928369499,43.92856928369499,100.0
620,2,31.941780811064106,31.941780811064106,100.0
630,0,31.44786277354917,31.44786277354917,100.0
630,1,47.21399358196234,47.21399358196234,100.0
630,2,21.33814364448849,21.33814364448849,100.0
640,0,23.478656771472885,23.478656771472885,100.0
640,1,54.3439759091013,54.3439759091013,100.0
640,2,22.17736731942582,22.17736731942582,100.0
650,0,22.74638980828903,22.74638980828903,100.0
650,1,54.10979557283107,54.10979557283107,100.0
650,2,23.14381461887991,23.14381461887991,100.0
660,0,25.93383350412769,25.93383350412769,100.0
660,1,27.09952175231738,27.09952175231738,100.0
660,2,46.96664474355493,46.96664474355493,100.0
670,0,29.891226420669533,29.891226420669533,100.0
670,1,31.5621867149788,31.5621867149788,100.0
670,2,38.546586864351674,38.546586864351674,100.0
680,0,27.710310159217943,27.710310159217943,100.0
680,1,42.89365946503699,42.89365946503699,100.0
680,2,29.39603037574506,29.39603037574506,100.0
690,0,47.12017377405003,47.12017377405003,100.0
690,1,27.77825573917375,27.77825573917375,100.0
690,2,25.101570486776232,25.101570486776232,100.0
700,0,25.117280693482446,25.117280693482446,100.0
700,1,49.43250536409825,49.43250536409825,100.0
700,2,25.45021394241931,25.45021394241931,100.0
710,0,42.48239753257834,42.48239753257834,100.0
710,1,30.184840719196576,30.184840719196576,100.0
710,2,27.332761748225092,27.332761748225092,100.0
720,0,27.144982751017743,27.144982751017743,100.0
720,1,38.99988422626344,38.99988422626344,100.0
720,2,33.85513302271882,33.85513302271882,100.0
730,0,28.555730349507602,28.555730349507602,100.0
730,1,47.93911519294915,47.93911519294915,100.0
730,2,23.50515445754325,23.50515445754325,100.0
740,0,34.7955377143131,34.7955377143131,100.0
740,1,27.221866721136458,27.221866721136458,100.0
740,2,37.98259556455045,37.98259556455045,100.0
750,0,26.384192442865906,26.384192442865906,100.0
750,1,33.15955765483542,33.15955765483542,100.0
750,2,40.45624990229868,40.45624990229868,100.0
760,0,36.67070853106683,36.67070853106683,100.0
760,1,44.83460487077681,44.83460487077681,100.0
760,2,18.494686598156367,18.494686598156367,100.0
770,0,44.16616423478986,44.16616423478986,100.0
770,1,31.874899409221165,31.874899409221165,100.0
770,2,23.958936355988985,23.958936355988985,100.0
780,0,39.3886609771996,39.3886609771996,100.0
780,1,38.08956952202765,38.08956952202765,100.0
780,2,22.521769500772752,22.521769500772752,100.0
790,0,38.105146693395106,38.105146693395106,100.0
790,1,28.95503397637721,28.95503397637721,100.0
790,2,32.93981933022769,32.93981933022769,100.0
800,0,28.933723865754935,28.933723865754935,100.0
800,1,50.34630948604586,50.34630948604586,100.0
800,2,20.719966648199208,20.719966648199208,100.0
810,0,27.120299015458126,27.120299015458126,100.0
810,1,38.81881855076307,38.81881855076307,100.0
810,2,34.06088243377881,34.06088243377881,100.0
820,0,27.365139607253486,27.365139607253486,100.0
820,1,45.191589886068826,45.191589886068826,100.0
820,2,27.443270506677692,27.443270506677692,100.0
830,0,41.049563520877605,41.049563520877605,100.0
830,1,32.157652273659174,32.157652273659174,100.0
830,2,26.79278420546323,26.79278420546323,100.0
840,0,24.540976530359607,24.540976530359607,100.0
840,1,50.55406951202806,50.55406951202806,100.0
840,2,24.904953957612346,24.904953957612346,100.0
850,0,35.83929209455953,35.83929209455953,100.0
850,1,45.633479465940944,45.633479465940944,100.0
850,2,18.527228439499524,18.527228439499524,100.0
860,0,39.54075569618809,39.54075569618809,100.0
860,1,24.8493842875258,24.8493842875258,100.0
860,2,35.60986001628611,35.60986001628611,100.0
870,0,42.242881132220575,42.242881132220575,100.0
870,1,32.2670187022411,32.2670187022411,100.0
870,2,25.490100165538323,25.490100165538323,100.0
880,0,36.79957462387733,36.79957462387733,100.0
880,1,37.8413605683793,37.8413605683793,100.0
880,2,25.359064807743376,25.359064807743376,100.0
890,0,38.96688206229283,38.96688206229283,100.0
890,1,42.87034516789774,42.87034516789774,100.0
890,2,18.162772769809422,18.162772769809422,100.0
900,0,37.78812314252035,37.78812314252035,100.0
900,1,39.036990324825474,39.036990324825474,100.0
900,2,23.17488653265418,23.17488653265418,100.0
910,0,41.20381712192398,41.20381712192398,100.0
910,1,40.806986471521824,40.806986471521824,100.0
910,2,17.989196406554193,17.989196406554193,100.0
920,0,26.119647609413775,26.119647609413775,100.0
920,1,49.31412374500117,49.31412374500117,100.0
920,2,24.566228645585053,24.566228645585053,100.0
930,0,31.911349894982326,31.911349894982326,100.0
930,1,49.8672090471519,49.8672090471519,100.0
930,2,18.221441057865764,18.221441057865764,100.0
940,0,25.25024834556604,25.25024834556604,100.0
940,1,37.916619463320124,37.916619463320124,100.0
940,2,36.83313219111384,36.83313219111384,100.0
950,0,33.16522105525838,33.16522105525838,100.0
950,1,29.23719002017503,29.23719002017503,100.0
950,2,37.59758892456659,37.59758892456659,100.0
960,0,28.3670820378505,28.3670820378505,100.0
960,1,31.997273711629237,31.997273711629237,100.0
960,2,39.635644250520265,39.635644250520265,100.0
970,0,36.0447276199593,36.0447276199593,100.0
970,1,37.538762557491985,37.538762557491985,100.0
970,2,26.416509822548722,26.416509822548722,100.0
980,0,39.101184867722225,39.101184867722225,100.0
980,1,35.00255643480147,35.00255643480147,100.0
980,2,25.896258697476306,25.896258697476306,100.0
990,0,30.511249367618486,30.511249367618486,100.0
990,1,29.42555807333569,29.42555807333569,100.0
990,2,40.063192559045824,40.063192559045824,100.0
1000,0,24.36667578302313,24.36667578302313,100.0
1000,1,37.568737676460636,37.568737676460636,100.0
1000,2,38.06458654051624,38.06458654051624,100.0
1010,0,45.60972881603076,45.60972881603076,100.0
1010,1,35.025301186361105,35.025301186361105,100.0
1010,2,19.364969997608135,19.364969997608135,100.0
1020,0,31.80906791862582,31.80906791862582,100.0
1020,1,43.14726619225812,43.14726619225812,100.0
1020,2,25.043665889116063,25.043665889116063,100.0
1030,0,33.34474149900647,33.34474149900647,100.0
1030,1,30.665736884991823,30.665736884991823,100.0
1030,2,35.98952161600171,35.98952161600171,100.0
1040,0,51.31989047719312,51.31989047719312,100.0
1040,1,27.32370213743509,27.32370213743509,100.0
1040,2,21.356407385371803,21.356407385371803,100.0
1050,0,27.36051499357931,27.36051499357931,100.0
1050,1,31.05294658571803,31.05294658571803,100.0
1050,2,41.586538420702674,41.586538420702674,100.0
1060,0,37.97299425274765,37.97299425274765,100.0
1060,1,29.855312103279985,29.855312103279985,100.0
1060,2,32.171693643972375,32.171693643972375,100.0
1070,0,43.42940016386151,43.42940016386151,100.0
1070,1,25.25749308393773,25.25749308393773,100.0
1070,2,31.31310675220076,31.31310675220076,100.0
1080,0,41.399100545806206,41.399100545806206,100.0
1080,1,34.666030214559484,34.666030214559484,100.0
1080,2,23.934869239634303,23.934869239634303,100.0
1090,0,38.502610508482746,38.502610508482746,100.0
1090,1,30.926838061902203,30.926838061902203,100.0
1090,2,30.570551429615062,30.570551429615062,100.0
1100,0,28.198014699506835,28.198014699506835,100.0
1100,1,29.306486139281912,29.306486139281912,100.0
1100,2,42.49549916121125,42.49549916121125,100.0
1110,0,40.49994605235924,40.49994605235924,100.0
1110,1,32.671217153888776,32.671217153888776,100.0
1110,2,26.828836793751986,26.828836793751986,100.0
1120,0,37.29262879713505,37.29262879713505,100.0
1120,1,32.02495369971981,32.02495369971981,100.0
1120,2,30.68241750314514,30.68241750314514,100.0
1130,0,32.15278516950718,32.15278516950718,100.0
1130,1,30.58308841706915,30.58308841706915,100.0
1130,2,37.26412641342367,37.26412641342367,100.0
1140,0,31.333478734539238,31.333478734539238,100.0
1140,1,46.525250994225594,46.525250994225594,100.0
1140,2,22.141270271235175,22.141270271235175,100.0
1150,0,22.65208346143321,22.65208346143321,100.0
1150,1,27.370163040613754,27.370163040613754,100.0
1150,2,49.97775349795304,49.97775349795304,100.0
1160,0,29.179599754402187,29.179599754402187,100.0
1160,1,49.609759633922806,49.609759633922806,100.0
1160,2,21.210640611675014,21.210640611675014,100.0
1170,0,31.42547790509522,31.42547790509522,100.0
1170,1,40.60157098726675,40.60157098726675,100.0
1170,2,27.97295110763804,27.97295110763804,100.0
1180,0,23.16067547809259,23.16067547809259,100.0
1180,1,29.699506484267623,29.699506484267623,100.0
1180,2,47.13981803763979,47.13981803763979,100.0
1190,0,38.60315254284864,38.60315254284864,100.0
1190,1,33.009097655813974,33.009097655813974,100.0
1190,2,28.387749801337392,28.387749801337392,100.0
1200,0,23.76241133784141,23.76241133784141,100.0
1200,1,42.69417422783731,42.69417422783731,100.0
1200,2,33.543414434321285,33.543414434321285,100.0
1210,0,34.6219757311894,34.6219757311894,100.0
1210,1,41.46550023654054,41.46550023654054,100.0
1210,2,23.91252403227005,23.91252403227005,100.0
1220,0,29.290472838958486,29.290472838958486,100.0
1220,1,30.22042550658804,30.22042550658804,100.0
1220,2,40.48910165445348,40.48910165445348,100.0
1230,0,41.111289745305434,41.111289745305434,100.0
1230,1,39.824484475745116,39.824484475745116,100.0
1230,2,19.064225778949464,19.064225778949464,100.0
1240,0,29.39209962750106,29.39209962750106,100.0
1240,1,43.797278429931424,43.797278429931424,100.0
1240,2,26.81062194256752,26.81062194256752,100.0
1250,0,49.75034447151965,49.75034447151965,100.0
1250,1,30.822057887473203,30.822057887473203,100.0
1250,2,19.427597641007143,19.427597641007143,100.0
1260,0,29.263181886031376,29.263181886031376,100.0
1260,1,29.71824751112322,29.71824751112322,100.0
1260,2,41.01857060284541,41.01857060284541,100.0
1270,0,44.979907814552334,44.979907814552334,100.0
1270,1,36.060146778686295,36.060146778686295,100.0
1270,2,18.959945406761367,18.959945406761367,100.0
1280,0,39.3028015585157,39.3028015585157,100.0
1280,1,29.783087527306535,29.783087527306535,100.0
1280,2,30.91411091417778,30.91411091417778,100.0
1290,0,29.433662832562685,29.433662832562685,100.0
1290,1,42.52372837690128,42.52372837690128,100.0
1290,2,28.042608790536033,28.042608790536033,100.0
1300,0,39.80454058212916,39.80454058212916,100.0
1300,1,28.09240556368358,28.09240556368358,100.0
1300,2,32.10305385418727,32.10305385418727,100.0
1310,0,36.256020349859256,36.256020349859256,100.0
1310,1,32.66746794870673,32.66746794870673,100.0
1310,2,31.07651170143401,31.07651170143401,100.0
1320,0,29.65237887952211,29.65237887952211,100.0
1320,1,47.16537453235155,47.16537453235155,100.0
1320,2,23.182246588126333,23.182246588126333,100.0
1330,0,30.078816426891642,30.078816426891642,100.0
1330,1,39.89021567769707,39.89021567769707,100.0
1330,2,30.030967895411294,30.030967895411294,100.0
1340,0,33.13263030523693,33.13263030523693,100.0
1340,1,43.42867524263308,43.42867524263308,100.0
1340,2,23.438694452129983,23.438694452129983,100.0
1350,0,32.89573512897268,32.89573512897268,100.0
1350,1,41.03632021570226,41.03632021570226,100.0
1350,2,26.06794465532506,26.06794465532506,100.0
1360,0,47.440682462354346,47.440682462354346,100.0
1360,1,28.583643479245644,28.583643479245644,100.0
1360,2,23.975674058400006,23.975674058400006,100.0
1370,0,43.32169415090908,43.32169415090908,100.0
1370,1,31.291330771870594,31.291330771870594,100.0
1370,2,25.386975077220313,25.386975077220313,100.0
1380,0,41.850329535336904,41.850329535336904,100.0
1380,1,29.701882858128215,29.701882858128215,100.0
1380,2,28.44778760653489,28.44778760653489,100.0
1390,0,37.013741381940264,37.013741381940264,100.0
1390,1,27.648864114954907,27.648864114954907,100.0
1390,2,35.33739450310484,35.33739450310484,100.0
1400,0,26.081203085922265,26.081203085922265,100.0
1400,1,49.62791952534718,49.62791952534718,100.0
1400,2,24.290877388730554,24.290877388730554,100.0
1410,0,27.99855549175471,27.99855549175471,100.0
1410,1,35.39411693159266,35.39411693159266,100.0
1410,2,36.60732757665263,36.60732757665263,100.0
1420,0,39.25978076448623,39.25978076448623,100.0
1420,1,35.200159355973085,35.200159355973085,100.0
1420,2,25.54005987954069,25.54005987954069,100.0
1430,0,33.6478763018138,33.6478763018138,100.0
1430,1,28.850129901892856,28.850129901892856,100.0
1430,2,37.50199379629335,37.50199379629335,100.0
1440,0,27.541730535751725,27.541730535751725,100.0
1440,1,44.37710256136877,44.37710256136877,100.0
1440,2,28.081166902879513,28.081166902879513,100.0
1450,0,42.167385357684694,42.167385357684694,100.0
1450,1,39.873419147946144,39.873419147946144,100.0
1450,2,17.95919549436917,17.95919549436917,100.0
1460,0,23.10884821266591,23.10884821266591,100.0
1460,1,26.72525131496001,26.72525131496001,100.0
1460,2,50.16590047237409,50.16590047237409,100.0
1470,0,27.68693716230049,27.68693716230049,100.0
1470,1,46.53505171004909,46.53505171004909,100.0
1470,2,25.778011127650423,25.778011127650423,100.0
1480,0,35.9030119509706,35.9030119509706,100.0
1480,1,36.654357126894666,36.654357126894666,100.0
1480,2,27.442630922134736,27.442630922134736,100.0
1490,0,39.25486934197755,39.25486934197755,100.0
1490,1,37.89204268351637,37.89204268351637,100.0
1490,2,22.853087974506078,22.853087974506078,100.0
1500,0,22.499717608113976,22.499717608113976,100.0
1500,1,55.38539326685606,55.38539326685606,100.0
1500,2,22.114889125029958,22.114889125029958,100.0
