timestamp,ueImsi,sliceId,dTxBytes,dRxBytes,plr,resourceSharePct,dLostPackets,throughputMbps,bufferBytes
1350,1,0,18336,4584,75.00,25.69,9,3.6672,1314125
1350,2,0,18336,3056,83.33,25.69,10,2.4448,1314116
1350,3,0,18336,4584,75.00,25.69,9,3.6672,1314230
1350,4,0,18336,4584,75.00,25.69,9,3.6672,1314259
1350,5,0,18336,3056,83.33,25.69,10,2.4448,1314094
1350,6,1,390,312,20.00,52.25,1,0.2496,169
1350,7,1,390,312,20.00,52.25,1,0.2496,169
1350,8,1,390,312,20.00,52.25,1,0.2496,169
1350,9,1,390,312,20.00,52.25,1,0.2496,169
1350,10,1,390,312,20.00,52.25,1,0.2496,169
1350,11,2,384,256,33.33,22.07,1,0.2048,137
1350,12,2,384,256,33.33,22.07,1,0.2048,137
1350,13,2,384,256,33.33,22.07,1,0.2048,137
1350,14,2,384,256,33.33,22.07,1,0.2048,137
1350,15,2,384,256,33.33,22.07,1,0.2048,137
1350,16,2,384,256,33.33,22.07,1,0.2048,137
1350,17,2,384,256,33.33,22.07,1,0.2048,137
1350,18,2,384,256,33.33,22.07,1,0.2048,137
1350,19,2,384,256,33.33,22.07,1,0.2048,137
1350,20,2,384,256,33.33,22.07,1,0.2048,137
