timestamp,ueImsi,sliceId,dTxBytes,dRxBytes,plr,resourceSharePct,dLostPackets,throughputMbps,bufferBytes
1510,1,0,35144,9168,73.91,31.66,17,7.3344,1596736
1510,2,0,35144,9168,73.91,31.66,17,7.3344,1353768
1510,3,1,1014,1170,0.00,55.00,0,0.9360,112
1510,4,1,1014,1170,0.00,55.00,0,0.9360,112
1510,5,2,256,256,0.00,13.33,0,0.2048,92
1510,6,2,256,128,50.00,13.33,1,0.1024,92
1510,7,2,256,128,50.00,13.33,1,0.1024,92
1510,8,2,256,0,100.00,13.33,2,0.0000,137
1510,9,2,256,128,50.00,13.33,1,0.1024,92
1510,10,2,256,128,50.00,13.33,1,0.1024,96
