timestamp,sliceId,dedicatedPRB,minPRB,maxPRB
510,0,49.82360269328675,49.82360269328675,100.0
510,1,26.143048736569963,26.143048736569963,100.0
510,2,24.033348570143286,24.033348570143286,100.0
520,0,21.10594282494945,21.10594282494945,100.0
520,1,48.07383528462622,48.07383528462622,100.0
520,2,30.820221890424328,30.820221890424328,100.0
530,0,21.84727463890541,21.84727463890541,100.0
530,1,44.53743668055507,44.53743668055507,100.0
530,2,33.61528868053952,33.61528868053952,100.0
540,0,50.45959248083407,50.45959248083407,100.0
540,1,27.794020402660475,27.794020402660475,100.0
540,2,21.74638711650546,21.74638711650546,100.0
550,0,30.617237504072804,30.617237504072804,100.0
550,1,39.1550142399421,39.1550142399421,100.0
550,2,30.227748255985095,30.227748255985095,100.0
560,0,40.474488857146824,40.474488857146824,100.0
560,1,32.816387683604184,32.816387683604184,100.0
560,2,26.709123459248985,26.709123459248985,100.0
570,0,22.7683860577856,22.7683860577856,100.0
570,1,47.9701667338558,47.9701667338558,100.0
570,2,29.261447208358586,29.261447208358586,100.0
580,0,37.353226826409994,37.353226826409994,100.0
580,1,36.753808694895504,36.753808694895504,100.0
580,2,25.892964478694502,25.892964478694502,100.0
590,0,24.034398185251725,24.034398185251725,100.0
590,1,44.41008368872029,44.41008368872029,100.0
590,2,31.55551812602798,31.55551812602798,100.0
600,0,26.327436699175067,26.327436699175067,100.0
600,1,41.37958145882946,41.37958145882946,100.0
600,2,32.292981841995484,32.292981841995484,100.0
610,0,28.618360302636976,28.618360302636976,100.0
610,1,28.25944524044539,28.25944524044539,100.0
610,2,43.122194456917626,43.122194456917626,100.0
620,0,23.12480868287129,23.12480868287129,100.0
620,1,55.499860551943215,55.499860551943215,100.0
620,2,21.375330765185495,21.375330765185495,100.0
630,0,23.87281915948925,23.87281915948925,100.0
630,1,37.3472602559801,37.3472602559801,100.0
630,2,38.77992058453065,38.77992058453065,100.0
640,0,47.34845704176457,47.34845704176457,100.0
640,1,28.460178958198725,28.460178958198725,100.0
640,2,24.191364000036707,24.191364000036707,100.0
