timestamp,ueImsi,sliceId,dTxBytes,dRxBytes,plr,resourceSharePct,dLostPackets,throughputMbps,bufferBytes
560,1,0,24448,1528,93.75,46.66,15,1.2224,133195
560,2,0,24448,1528,93.75,46.66,15,1.2224,133195
560,3,0,24448,1528,93.75,46.66,15,1.2224,132999
560,4,0,24448,3056,87.50,46.66,14,2.4448,132615
560,5,0,24448,3056,87.50,46.66,14,2.4448,132237
560,6,1,390,312,20.00,25.00,1,0.2496,169
560,7,1,390,312,20.00,25.00,1,0.2496,169
560,8,1,390,312,20.00,25.00,1,0.2496,169
560,9,1,390,312,20.00,25.00,1,0.2496,169
560,10,1,390,312,20.00,25.00,1,0.2496,169
560,11,2,16000,768,95.20,28.34,119,0.6144,91383
560,12,2,16000,768,95.20,28.34,119,0.6144,91383
560,13,2,16000,768,95.20,28.34,119,0.6144,90994
560,14,2,16000,768,95.20,28.34,119,0.6144,90994
560,15,2,16000,640,96.00,28.34,120,0.5120,91056
560,16,2,16000,1024,93.60,28.34,117,0.8192,90186
560,17,2,16000,1024,93.60,28.34,117,0.8192,90186
560,18,2,16000,1024,93.60,28.34,117,0.8192,90186
560,19,2,16000,1024,93.60,28.34,117,0.8192,89995
560,20,2,16000,1024,93.60,28.34,117,0.8192,89994
