timestamp,ueImsi,sliceId,dTxBytes,dRxBytes,plr,resourceSharePct,dLostPackets,throughputMbps,bufferBytes
1510,1,0,18336,16808,8.33,31.63,1,13.4464,1537
1510,2,0,18336,0,100.00,31.63,12,0.0000,1711832
1510,3,0,18336,0,100.00,31.63,12,0.0000,1676344
1510,4,0,18336,15280,16.67,31.63,2,12.2240,3427
1510,5,0,18336,4584,75.00,31.63,9,3.6672,1651669
1510,6,1,390,390,0.00,34.98,0,0.3120,87
1510,7,1,390,390,0.00,34.98,0,0.3120,87
1510,8,1,390,390,0.00,34.98,0,0.3120,87
1510,9,1,390,390,0.00,34.98,0,0.3120,87
1510,10,1,390,0,100.00,34.98,5,0.0000,1727
1510,11,2,384,256,33.33,33.40,1,0.2048,137
1510,12,2,384,256,33.33,33.40,1,0.2048,137
1510,13,2,384,0,100.00,33.40,3,0.0000,1066
1510,14,2,384,0,100.00,33.40,3,0.0000,137
1510,15,2,384,0,100.00,33.40,3,0.0000,401
1510,16,2,384,0,100.00,33.40,3,0.0000,3337
1510,17,2,384,0,100.00,33.40,3,0.0000,334
1510,18,2,384,640,0.00,33.40,0,0.5120,269
1510,19,2,384,256,33.33,33.40,1,0.2048,137
1510,20,2,384,256,33.33,33.40,1,0.2048,137
