timestamp,sliceId,dedicatedPRB,minPRB,maxPRB
510,0,45.57328163197768,45.57328163197768,100.0
510,1,26.84861593762815,26.84861593762815,100.0
510,2,27.578102430394175,27.578102430394175,100.0
520,0,47.97028755203313,47.97028755203313,100.0
520,1,30.295924466486145,30.295924466486145,100.0
520,2,21.733787981480734,21.733787981480734,100.0
530,0,44.1308728813048,44.1308728813048,100.0
530,1,29.394954483156905,29.394954483156905,100.0
530,2,26.474172635538295,26.474172635538295,100.0
540,0,38.33021172005214,38.33021172005214,100.0
540,1,25.404761217446286,25.404761217446286,100.0
540,2,36.265027062501574,36.265027062501574,100.0
550,0,29.344617193838275,29.344617193838275,100.0
550,1,41.7898544909053,41.7898544909053,100.0
550,2,28.865528315256427,28.865528315256427,100.0
560,0,37.49694996433352,37.49694996433352,100.0
560,1,31.058246975768444,31.058246975768444,100.0
560,2,31.444803059898042,31.444803059898042,100.0
570,0,43.032174211140564,43.032174211140564,100.0
570,1,33.806196058314,33.806196058314,100.0
570,2,23.161629730545446,23.161629730545446,100.0
580,0,21.61828139474483,21.61828139474483,100.0
580,1,44.800503175364625,44.800503175364625,100.0
580,2,33.58121542989054,33.58121542989054,100.0
590,0,26.888451265899644,26.888451265899644,100.0
590,1,45.81787841366688,45.81787841366688,100.0
590,2,27.29367032043347,27.29367032043347,100.0
600,0,46.513426800228906,46.513426800228906,100.0
600,1,31.728120576388797,31.728120576388797,100.0
600,2,21.758452623382297,21.758452623382297,100.0
610,0,37.02348297995568,37.02348297995568,100.0
610,1,35.321502015501615,35.321502015501615,100.0
610,2,27.655015004542705,27.655015004542705,100.0
620,0,29.16415791823371,29.16415791823371,100.0
620,1,43.92201845010072,43.92201845010072,100.0
620,2,26.913823631665583,26.913823631665583,100.0
630,0,28.38692788402336,28.38692788402336,100.0
630,1,33.70999476956978,33.70999476956978,100.0
630,2,37.90307734640685,37.90307734640685,100.0
640,0,25.346269470856907,25.346269470856907,100.0
640,1,52.355864446167686,52.355864446167686,100.0
640,2,22.297866082975414,22.297866082975414,100.0
650,0,39.32783113668054,39.32783113668054,100.0
650,1,31.36113715658685,31.36113715658685,100.0
650,2,29.311031706732614,29.311031706732614,100.0
660,0,43.54781233553412,43.54781233553412,100.0
660,1,34.89702342115438,34.89702342115438,100.0
660,2,21.555164243311506,21.555164243311506,100.0
670,0,35.16040396251685,35.16040396251685,100.0
670,1,33.6728520587902,33.6728520587902,100.0
670,2,31.166743978692946,31.166743978692946,100.0
680,0,31.63284638473177,31.63284638473177,100.0
680,1,42.08816449593723,42.08816449593723,100.0
680,2,26.278989119331015,26.278989119331015,100.0
690,0,34.5163956191446,34.5163956191446,100.0
690,1,41.1461074605112,41.1461074605112,100.0
690,2,24.337496920344194,24.337496920344194,100.0
700,0,33.60120784613772,33.60120784613772,100.0
700,1,44.402607326733744,44.402607326733744,100.0
700,2,21.99618482712853,21.99618482712853,100.0
710,0,33.2449434781208,33.2449434781208,100.0
710,1,28.605512442017435,28.605512442017435,100.0
710,2,38.14954407986177,38.14954407986177,100.0
720,0,22.406335862369488,22.406335862369488,100.0
720,1,40.34707083226816,40.34707083226816,100.0
720,2,37.24659330536235,37.24659330536235,100.0
730,0,32.170088745187726,32.170088745187726,100.0
730,1,46.211989276894386,46.211989276894386,100.0
730,2,21.6179219779179,21.6179219779179,100.0
740,0,30.928011828109515,30.928011828109515,100.0
740,1,47.764204199647736,47.764204199647736,100.0
740,2,21.30778397224275,21.30778397224275,100.0
750,0,45.52836534016234,45.52836534016234,100.0
750,1,26.353544970472647,26.353544970472647,100.0
750,2,28.11808968936502,28.11808968936502,100.0
760,0,30.919563903096847,30.919563903096847,100.0
760,1,35.89599708313623,35.89599708313623,100.0
760,2,33.18443901376692,33.18443901376692,100.0
770,0,35.542767565251616,35.542767565251616,100.0
770,1,39.678274726952104,39.678274726952104,100.0
770,2,24.778957707796295,24.778957707796295,100.0
780,0,46.35809724801284,46.35809724801284,100.0
780,1,29.967912032850325,29.967912032850325,100.0
780,2,23.673990719136835,23.673990719136835,100.0
790,0,35.00529919601749,35.00529919601749,100.0
790,1,41.95168215768009,41.95168215768009,100.0
790,2,23.04301864630242,23.04301864630242,100.0
800,0,43.54328892418094,43.54328892418094,100.0
800,1,27.09052081211325,27.09052081211325,100.0
800,2,29.366190263705803,29.366190263705803,100.0
810,0,34.618834069737765,34.618834069737765,100.0
810,1,27.041440667643656,27.041440667643656,100.0
810,2,38.33972526261857,38.33972526261857,100.0
820,0,32.12498065933751,32.12498065933751,100.0
820,1,40.64681510157024,40.64681510157024,100.0
820,2,27.228204239092246,27.228204239092246,100.0
830,0,28.331731757427214,28.331731757427214,100.0
830,1,30.134341947466204,30.134341947466204,100.0
830,2,41.53392629510658,41.53392629510658,100.0
840,0,41.37762357054282,41.37762357054282,100.0
840,1,28.246642728813555,28.246642728813555,100.0
840,2,30.37573370064362,30.37573370064362,100.0
850,0,21.761476380528336,21.761476380528336,100.0
850,1,39.92419642129998,39.92419642129998,100.0
850,2,38.31432719817168,38.31432719817168,100.0
860,0,35.075144735190385,35.075144735190385,100.0
860,1,28.563457143154924,28.563457143154924,100.0
860,2,36.3613981216547,36.3613981216547,100.0
870,0,41.154593947133584,41.154593947133584,100.0
870,1,34.26670838114869,34.26670838114869,100.0
870,2,24.57869767171773,24.57869767171773,100.0
880,0,40.32581122487658,40.32581122487658,100.0
880,1,32.99939004736473,32.99939004736473,100.0
880,2,26.674798727758684,26.674798727758684,100.0
890,0,44.19797567873783,44.19797567873783,100.0
890,1,31.40498686799974,31.40498686799974,100.0
890,2,24.39703745326242,24.39703745326242,100.0
900,0,38.11814369486872,38.11814369486872,100.0
900,1,37.438698316249706,37.438698316249706,100.0
900,2,24.44315798888157,24.44315798888157,100.0
910,0,25.306145321076396,25.306145321076396,100.0
910,1,32.00254955461044,32.00254955461044,100.0
910,2,42.69130512431316,42.69130512431316,100.0
920,0,48.78990524904891,48.78990524904891,100.0
920,1,28.2976715904528,28.2976715904528,100.0
920,2,22.912423160498307,22.912423160498307,100.0
930,0,24.269082219530805,24.269082219530805,100.0
930,1,29.054546464783993,29.054546464783993,100.0
930,2,46.6763713156852,46.6763713156852,100.0
940,0,43.650774606287214,43.650774606287214,100.0
940,1,32.80509669282124,32.80509669282124,100.0
940,2,23.54412870089155,23.54412870089155,100.0
950,0,34.63867437497519,34.63867437497519,100.0
950,1,35.91631839119589,35.91631839119589,100.0
950,2,29.445007233828925,29.445007233828925,100.0
960,0,53.44067043530261,53.44067043530261,100.0
960,1,26.86193220709715,26.86193220709715,100.0
960,2,19.697397357600252,19.697397357600252,100.0
970,0,29.763146159308747,29.763146159308747,100.0
970,1,33.28952289828816,33.28952289828816,100.0
970,2,36.9473309424031,36.9473309424031,100.0
980,0,30.377534450536903,30.377534450536903,100.0
980,1,50.40013170192628,50.40013170192628,100.0
980,2,19.222333847536824,19.222333847536824,100.0
990,0,23.04536147195203,23.04536147195203,100.0
990,1,50.648599742712406,50.648599742712406,100.0
990,2,26.306038785335563,26.306038785335563,100.0
1000,0,26.595498309416804,26.595498309416804,100.0
1000,1,28.940708015949834,28.940708015949834,100.0
1000,2,44.46379367463337,44.46379367463337,100.0
1010,0,39.862334022503006,39.862334022503006,100.0
1010,1,32.501114183544125,32.501114183544125,100.0
1010,2,27.63655179395286,27.63655179395286,100.0
1020,0,32.0070106872666,32.0070106872666,100.0
1020,1,43.01651218508466,43.01651218508466,100.0
1020,2,24.976477127648746,24.976477127648746,100.0
1030,0,30.415735864450188,30.415735864450188,100.0
1030,1,47.970166919035904,47.970166919035904,100.0
1030,2,21.6140972165139,21.6140972165139,100.0
1040,0,37.64150188653467,37.64150188653467,100.0
1040,1,31.59722160887496,31.59722160887496,100.0
1040,2,30.761276504590374,30.761276504590374,100.0
1050,0,28.07603433259175,28.07603433259175,100.0
1050,1,51.60014690337047,51.60014690337047,100.0
1050,2,20.32381876403779,20.32381876403779,100.0
1060,0,38.89574276807092,38.89574276807092,100.0
1060,1,33.88476103010157,33.88476103010157,100.0
1060,2,27.21949620182751,27.21949620182751,100.0
1070,0,46.445781751882464,46.445781751882464,100.0
1070,1,28.665796070222516,28.665796070222516,100.0
1070,2,24.88842217789502,24.88842217789502,100.0
1080,0,50.09432877179834,50.09432877179834,100.0
1080,1,29.050855439780154,29.050855439780154,100.0
1080,2,20.854815788421515,20.854815788421515,100.0
1090,0,22.258372041774365,22.258372041774365,100.0
1090,1,39.25638487054079,39.25638487054079,100.0
1090,2,38.485243087684836,38.485243087684836,100.0
1100,0,25.701330407839595,25.701330407839595,100.0
1100,1,34.48295763058214,34.48295763058214,100.0
1100,2,39.81571196157826,39.81571196157826,100.0
1110,0,23.1740258325759,23.1740258325759,100.0
1110,1,41.11396398903891,41.11396398903891,100.0
1110,2,35.7120101783852,35.7120101783852,100.0
1120,0,50.478138312659524,50.478138312659524,100.0
1120,1,30.189235569915766,30.189235569915766,100.0
1120,2,19.3326261174247,19.3326261174247,100.0
1130,0,27.859985961830752,27.859985961830752,100.0
1130,1,36.59980746244121,36.59980746244121,100.0
1130,2,35.54020657572803,35.54020657572803,100.0
1140,0,22.04060182825208,22.04060182825208,100.0
1140,1,31.467384229567823,31.467384229567823,100.0
1140,2,46.4920139421801,46.4920139421801,100.0
1150,0,41.65096641660882,41.65096641660882,100.0
1150,1,32.84481839059653,32.84481839059653,100.0
1150,2,25.504215192794643,25.504215192794643,100.0
1160,0,47.523955003935725,47.523955003935725,100.0
1160,1,31.11422269211037,31.11422269211037,100.0
1160,2,21.361822303953915,21.361822303953915,100.0
1170,0,43.74447451820238,43.74447451820238,100.0
1170,1,27.039992401493386,27.039992401493386,100.0
1170,2,29.215533080304233,29.215533080304233,100.0
1180,0,41.466149698083946,41.466149698083946,100.0
1180,1,34.760380702606355,34.760380702606355,100.0
1180,2,23.773469599309692,23.773469599309692,100.0
1190,0,41.81960706047251,41.81960706047251,100.0
1190,1,32.079391049607096,32.079391049607096,100.0
1190,2,26.101001889920393,26.101001889920393,100.0
1200,0,39.07702440268165,39.07702440268165,100.0
1200,1,42.98536226679745,42.98536226679745,100.0
1200,2,17.937613330520897,17.937613330520897,100.0
1210,0,45.637271025520185,45.637271025520185,100.0
1210,1,33.40958814413321,33.40958814413321,100.0
1210,2,20.9531408303466,20.9531408303466,100.0
1220,0,24.19467296938018,24.19467296938018,100.0
1220,1,27.721256072108446,27.721256072108446,100.0
1220,2,48.08407095851137,48.08407095851137,100.0
1230,0,42.914763863451874,42.914763863451874,100.0
1230,1,28.17784476176648,28.17784476176648,100.0
1230,2,28.907391374781653,28.907391374781653,100.0
1240,0,37.95391362771081,37.95391362771081,100.0
1240,1,25.10780898837822,25.10780898837822,100.0
1240,2,36.938277383910965,36.938277383910965,100.0
1250,0,38.10406189020284,38.10406189020284,100.0
1250,1,25.68989374606621,25.68989374606621,100.0
1250,2,36.20604436373094,36.20604436373094,100.0
1260,0,37.280301433434985,37.280301433434985,100.0
1260,1,28.33168235236813,28.33168235236813,100.0
1260,2,34.38801621419688,34.38801621419688,100.0
1270,0,34.103895250117276,34.103895250117276,100.0
1270,1,36.151934326459866,36.151934326459866,100.0
1270,2,29.744170423422855,29.744170423422855,100.0
1280,0,41.94812828547313,41.94812828547313,100.0
1280,1,36.353948150000534,36.353948150000534,100.0
1280,2,21.697923564526338,21.697923564526338,100.0
1290,0,36.595086328891455,36.595086328891455,100.0
1290,1,35.404594619462486,35.404594619462486,100.0
1290,2,28.000319051646056,28.000319051646056,100.0
1300,0,34.083135242975445,34.083135242975445,100.0
1300,1,27.14118079395219,27.14118079395219,100.0
1300,2,38.77568396307236,38.77568396307236,100.0
1310,0,40.44651653415709,40.44651653415709,100.0
1310,1,32.09381477853153,32.09381477853153,100.0
1310,2,27.459668687311378,27.459668687311378,100.0
1320,0,40.99676446537857,40.99676446537857,100.0
1320,1,37.54404817913803,37.54404817913803,100.0
1320,2,21.4591873554834,21.4591873554834,100.0
1330,0,25.82429433739038,25.82429433739038,100.0
1330,1,31.475870974310045,31.475870974310045,100.0
1330,2,42.69983468829958,42.69983468829958,100.0
1340,0,34.680933819790745,34.680933819790745,100.0
1340,1,39.88602360540577,39.88602360540577,100.0
1340,2,25.433042574803494,25.433042574803494,100.0
1350,0,33.80142337567623,33.80142337567623,100.0
1350,1,34.746767606247694,34.746767606247694,100.0
1350,2,31.451809018076084,31.451809018076084,100.0
1360,0,35.11853868242666,35.11853868242666,100.0
1360,1,35.41925816247301,35.41925816247301,100.0
1360,2,29.46220315510033,29.46220315510033,100.0
1370,0,43.74248272702567,43.74248272702567,100.0
1370,1,25.767357956754516,25.767357956754516,100.0
1370,2,30.49015931621981,30.49015931621981,100.0
1380,0,31.513368302641375,31.513368302641375,100.0
1380,1,41.96061574897826,41.96061574897826,100.0
1380,2,26.526015948380355,26.526015948380355,100.0
1390,0,34.97053060559154,34.97053060559154,100.0
1390,1,34.12047033731123,34.12047033731123,100.0
1390,2,30.90899905709723,30.90899905709723,100.0
1400,0,38.288616856030664,38.288616856030664,100.0
1400,1,36.3194852159053,36.3194852159053,100.0
1400,2,25.391897928064033,25.391897928064033,100.0
1410,0,31.458744522307914,31.458744522307914,100.0
1410,1,42.23204725106241,42.23204725106241,100.0
1410,2,26.30920822662968,26.30920822662968,100.0
1420,0,40.69897690181755,40.69897690181755,100.0
1420,1,36.9858059421102,36.9858059421102,100.0
1420,2,22.31521715607225,22.31521715607225,100.0
1430,0,30.89689492367093,30.89689492367093,100.0
1430,1,41.35188407216722,41.35188407216722,100.0
1430,2,27.751221004161852,27.751221004161852,100.0
1440,0,32.164851478703106,32.164851478703106,100.0
1440,1,50.119687097627185,50.119687097627185,100.0
1440,2,17.715461423669726,17.715461423669726,100.0
1450,0,29.96746321934014,29.96746321934014,100.0
1450,1,33.7991554412396,33.7991554412396,100.0
1450,2,36.23338133942027,36.23338133942027,100.0
1460,0,31.486133006508283,31.486133006508283,100.0
1460,1,45.27237617973607,45.27237617973607,100.0
1460,2,23.24149081375565,23.24149081375565,100.0
1470,0,25.202844733793363,25.202844733793363,100.0
1470,1,38.48008957951821,38.48008957951821,100.0
1470,2,36.31706568668844,36.31706568668844,100.0
1480,0,50.25178864694504,50.25178864694504,100.0
1480,1,31.145484262922484,31.145484262922484,100.0
1480,2,18.602727090132475,18.602727090132475,100.0
1490,0,38.842694782328046,38.842694782328046,100.0
1490,1,34.995162092289824,34.995162092289824,100.0
1490,2,26.162143125382137,26.162143125382137,100.0
1500,0,33.124962725220655,33.124962725220655,100.0
1500,1,38.49112265780671,38.49112265780671,100.0
1500,2,28.38391461697264,28.38391461697264,100.0
