timestamp,sliceId,dedicatedPRB,minPRB,maxPRB
510,0,36.498003681660634,36.498003681660634,100.0
510,1,34.16177002668742,34.16177002668742,100.0
510,2,29.340226291651938,29.340226291651938,100.0
520,0,43.05758658776825,43.05758658776825,100.0
520,1,34.5746579178487,34.5746579178487,100.0
520,2,22.36775549438306,22.36775549438306,100.0
530,0,32.374410737144,32.374410737144,100.0
530,1,33.914248604882054,33.914248604882054,100.0
530,2,33.711340657973956,33.711340657973956,100.0
540,0,30.161583597857287,30.161583597857287,100.0
540,1,43.37792248577758,43.37792248577758,100.0
540,2,26.460493916365134,26.460493916365134,100.0
550,0,36.83908385770446,36.83908385770446,100.0
550,1,29.461594130024256,29.461594130024256,100.0
550,2,33.699322012271296,33.699322012271296,100.0
560,0,30.668616476944244,30.668616476944244,100.0
560,1,37.43305799381727,37.43305799381727,100.0
560,2,31.898325529238498,31.898325529238498,100.0
570,0,41.74957852417889,41.74957852417889,100.0
570,1,40.95528112724976,40.95528112724976,100.0
570,2,17.29514034857135,17.29514034857135,100.0
580,0,34.474609431352356,34.474609431352356,100.0
580,1,46.603943568285025,46.603943568285025,100.0
580,2,18.92144700036263,18.92144700036263,100.0
590,0,28.024423564966277,28.024423564966277,100.0
590,1,49.06156161493675,49.06156161493675,100.0
590,2,22.914014820096973,22.914014820096973,100.0
600,0,25.581771842970024,25.581771842970024,100.0
600,1,38.91229616470672,38.91229616470672,100.0
600,2,35.505931992323255,35.505931992323255,100.0
610,0,39.14985432960442,39.14985432960442,100.0
610,1,28.8244325997515,28.8244325997515,100.0
610,2,32.02571307064407,32.02571307064407,100.0
620,0,22.726073957131483,22.726073957131483,100.0
620,1,31.2936869957545,31.2936869957545,100.0
620,2,45.98023904711401,45.98023904711401,100.0
630,0,25.257175683353605,25.257175683353605,100.0
630,1,44.92286691208431,44.92286691208431,100.0
630,2,29.819957404562093,29.819957404562093,100.0
640,0,39.58259791980583,39.58259791980583,100.0
640,1,31.776990098055457,31.776990098055457,100.0
640,2,28.64041198213871,28.64041198213871,100.0
650,0,27.56604061646576,27.56604061646576,100.0
650,1,44.837776541635456,44.837776541635456,100.0
650,2,27.59618284189879,27.59618284189879,100.0
660,0,39.969924771444134,39.969924771444134,100.0
660,1,33.21311112647183,33.21311112647183,100.0
660,2,26.81696410208404,26.81696410208404,100.0
670,0,31.326912659796125,31.326912659796125,100.0
670,1,33.47705659898885,33.47705659898885,100.0
670,2,35.196030741215026,35.196030741215026,100.0
680,0,38.127884191624595,38.127884191624595,100.0
680,1,34.25120104829723,34.25120104829723,100.0
680,2,27.620914760078175,27.620914760078175,100.0
690,0,39.590775822414436,39.590775822414436,100.0
690,1,37.316889421043,37.316889421043,100.0
690,2,23.09233475654256,23.09233475654256,100.0
700,0,30.541032225067966,30.541032225067966,100.0
700,1,27.07296421073975,27.07296421073975,100.0
700,2,42.386003564192286,42.386003564192286,100.0
710,0,26.520836034004947,26.520836034004947,100.0
710,1,48.45027845981064,48.45027845981064,100.0
710,2,25.028885506184416,25.028885506184416,100.0
720,0,53.24194721345656,53.24194721345656,100.0
720,1,26.236734666624272,26.236734666624272,100.0
720,2,20.521318119919172,20.521318119919172,100.0
730,0,22.828936442096744,22.828936442096744,100.0
730,1,41.974191235276535,41.974191235276535,100.0
730,2,35.19687232262672,35.19687232262672,100.0
740,0,40.664543128367676,40.664543128367676,100.0
740,1,39.59836270005051,39.59836270005051,100.0
740,2,19.73709417158182,19.73709417158182,100.0
750,0,25.313771655269317,25.313771655269317,100.0
750,1,49.26695344767498,49.26695344767498,100.0
750,2,25.419274897055704,25.419274897055704,100.0
760,0,31.252556013394738,31.252556013394738,100.0
760,1,34.75600681722609,34.75600681722609,100.0
760,2,33.99143716937918,33.99143716937918,100.0
770,0,25.012223382517206,25.012223382517206,100.0
770,1,47.20220376954124,47.20220376954124,100.0
770,2,27.78557284794156,27.78557284794156,100.0
780,0,46.85475485589657,46.85475485589657,100.0
780,1,34.571232322716995,34.571232322716995,100.0
780,2,18.574012821386436,18.574012821386436,100.0
790,0,37.45808736683829,37.45808736683829,100.0
790,1,40.91316560211146,40.91316560211146,100.0
790,2,21.62874703105025,21.62874703105025,100.0
800,0,27.07152562084998,27.07152562084998,100.0
800,1,43.08909844067516,43.08909844067516,100.0
800,2,29.83937593847486,29.83937593847486,100.0
810,0,39.680387230232014,39.680387230232014,100.0
810,1,29.309880138319507,29.309880138319507,100.0
810,2,31.00973263144849,31.00973263144849,100.0
820,0,36.473459039372756,36.473459039372756,100.0
820,1,25.744220451382382,25.744220451382382,100.0
820,2,37.78232050924486,37.78232050924486,100.0
830,0,27.001074752353876,27.001074752353876,100.0
830,1,46.07982313303315,46.07982313303315,100.0
830,2,26.91910211461297,26.91910211461297,100.0
840,0,42.91362345057584,42.91362345057584,100.0
840,1,31.535646296282327,31.535646296282327,100.0
840,2,25.550730253141847,25.550730253141847,100.0
850,0,38.85879299573466,38.85879299573466,100.0
850,1,35.693807592358276,35.693807592358276,100.0
850,2,25.447399411907064,25.447399411907064,100.0
860,0,34.7519228407415,34.7519228407415,100.0
860,1,40.96149896838251,40.96149896838251,100.0
860,2,24.286578190876,24.286578190876,100.0
870,0,42.23428865949603,42.23428865949603,100.0
870,1,35.356996688026975,35.356996688026975,100.0
870,2,22.40871465247699,22.40871465247699,100.0
880,0,24.235806834463027,24.235806834463027,100.0
880,1,44.15332686246311,44.15332686246311,100.0
880,2,31.61086630307386,31.61086630307386,100.0
890,0,30.306585118836598,30.306585118836598,100.0
890,1,40.00168470107271,40.00168470107271,100.0
890,2,29.69173018009068,29.69173018009068,100.0
900,0,37.920289069252306,37.920289069252306,100.0
900,1,25.052652159384465,25.052652159384465,100.0
900,2,37.02705877136323,37.02705877136323,100.0
910,0,31.43544073675312,31.43544073675312,100.0
910,1,47.75919872158716,47.75919872158716,100.0
910,2,20.805360541659727,20.805360541659727,100.0
920,0,39.100960243501135,39.100960243501135,100.0
920,1,42.56182442333414,42.56182442333414,100.0
920,2,18.337215333164718,18.337215333164718,100.0
930,0,39.101841436238125,39.101841436238125,100.0
930,1,40.53434257559863,40.53434257559863,100.0
930,2,20.36381598816325,20.36381598816325,100.0
940,0,32.82023071251825,32.82023071251825,100.0
940,1,30.511326274800876,30.511326274800876,100.0
940,2,36.66844301268088,36.66844301268088,100.0
950,0,44.13631288874578,44.13631288874578,100.0
950,1,31.972032455184703,31.972032455184703,100.0
950,2,23.891654656069523,23.891654656069523,100.0
960,0,30.751666940179256,30.751666940179256,100.0
960,1,40.04072701472822,40.04072701472822,100.0
960,2,29.207606045092525,29.207606045092525,100.0
970,0,30.886745109076852,30.886745109076852,100.0
970,1,36.59113479108106,36.59113479108106,100.0
970,2,32.52212009984209,32.52212009984209,100.0
980,0,27.757950618244244,27.757950618244244,100.0
980,1,44.04195692866823,44.04195692866823,100.0
980,2,28.20009245308752,28.20009245308752,100.0
990,0,30.18365774063247,30.18365774063247,100.0
990,1,44.95731755647308,44.95731755647308,100.0
990,2,24.859024702894462,24.859024702894462,100.0
1000,0,32.84618902810514,32.84618902810514,100.0
1000,1,43.6498461654149,43.6498461654149,100.0
1000,2,23.50396480647997,23.50396480647997,100.0
1010,0,33.37792862709931,33.37792862709931,100.0
1010,1,30.06636303253148,30.06636303253148,100.0
1010,2,36.55570834036922,36.55570834036922,100.0
1020,0,43.143008746580215,43.143008746580215,100.0
1020,1,37.307408743724345,37.307408743724345,100.0
1020,2,19.54958250969544,19.54958250969544,100.0
1030,0,31.152463817844822,31.152463817844822,100.0
1030,1,38.824441954842854,38.824441954842854,100.0
1030,2,30.02309422731233,30.02309422731233,100.0
1040,0,38.30833758016641,38.30833758016641,100.0
1040,1,40.07054292789481,40.07054292789481,100.0
1040,2,21.621119491938785,21.621119491938785,100.0
1050,0,35.88587079885571,35.88587079885571,100.0
1050,1,27.094390346962793,27.094390346962793,100.0
1050,2,37.0197388541815,37.0197388541815,100.0
1060,0,34.95386544918298,34.95386544918298,100.0
1060,1,41.17862953980747,41.17862953980747,100.0
1060,2,23.86750501100955,23.86750501100955,100.0
1070,0,36.631386922405405,36.631386922405405,100.0
1070,1,32.646060430569136,32.646060430569136,100.0
1070,2,30.72255264702546,30.72255264702546,100.0
1080,0,26.10742936522159,26.10742936522159,100.0
1080,1,41.342321732821695,41.342321732821695,100.0
1080,2,32.550248901956714,32.550248901956714,100.0
1090,0,38.03084190228802,38.03084190228802,100.0
1090,1,35.19645579774024,35.19645579774024,100.0
1090,2,26.772702299971744,26.772702299971744,100.0
1100,0,50.64187389623262,50.64187389623262,100.0
1100,1,29.935621632245635,29.935621632245635,100.0
1100,2,19.422504471521755,19.422504471521755,100.0
1110,0,49.07145214640811,49.07145214640811,100.0
1110,1,31.18024498306824,31.18024498306824,100.0
1110,2,19.74830287052365,19.74830287052365,100.0
1120,0,37.486330117547105,37.486330117547105,100.0
1120,1,36.287040612022636,36.287040612022636,100.0
1120,2,26.22662927043027,26.22662927043027,100.0
1130,0,49.71153397595175,49.71153397595175,100.0
1130,1,30.24329602127624,30.24329602127624,100.0
1130,2,20.045170002772018,20.045170002772018,100.0
1140,0,30.655325387386036,30.655325387386036,100.0
1140,1,39.25706194954092,39.25706194954092,100.0
1140,2,30.087612663073042,30.087612663073042,100.0
1150,0,41.48590298403592,41.48590298403592,100.0
1150,1,28.09054159830969,28.09054159830969,100.0
1150,2,30.42355541765439,30.42355541765439,100.0
1160,0,25.48942221525462,25.48942221525462,100.0
1160,1,28.82140099727169,28.82140099727169,100.0
1160,2,45.6891767874737,45.6891767874737,100.0
1170,0,22.59200896410182,22.59200896410182,100.0
1170,1,40.22584625564741,40.22584625564741,100.0
1170,2,37.182144780250766,37.182144780250766,100.0
1180,0,43.88634610024261,43.88634610024261,100.0
1180,1,27.681767850192806,27.681767850192806,100.0
1180,2,28.431886049564582,28.431886049564582,100.0
1190,0,42.338786072975964,42.338786072975964,100.0
1190,1,28.862415255645235,28.862415255645235,100.0
1190,2,28.7987986713788,28.7987986713788,100.0
1200,0,37.89826056888913,37.89826056888913,100.0
1200,1,32.096631227077495,32.096631227077495,100.0
1200,2,30.00510820403337,30.00510820403337,100.0
1210,0,38.8918520318424,38.8918520318424,100.0
1210,1,40.73195331562481,40.73195331562481,100.0
1210,2,20.376194652532796,20.376194652532796,100.0
1220,0,40.05095570396032,40.05095570396032,100.0
1220,1,40.02332780054372,40.02332780054372,100.0
1220,2,19.92571649549596,19.92571649549596,100.0
1230,0,38.04755825853403,38.04755825853403,100.0
1230,1,37.70198768865633,37.70198768865633,100.0
1230,2,24.250454052809623,24.250454052809623,100.0
1240,0,33.550503308478085,33.550503308478085,100.0
1240,1,35.45919504715563,35.45919504715563,100.0
1240,2,30.990301644366287,30.990301644366287,100.0
1250,0,35.42770227497052,35.42770227497052,100.0
1250,1,27.086253988990684,27.086253988990684,100.0
1250,2,37.4860437360388,37.4860437360388,100.0
1260,0,38.11346262857073,38.11346262857073,100.0
1260,1,40.739929549656125,40.739929549656125,100.0
1260,2,21.146607821773145,21.146607821773145,100.0
1270,0,22.16372952044725,22.16372952044725,100.0
1270,1,37.02440591053408,37.02440591053408,100.0
1270,2,40.811864569018674,40.811864569018674,100.0
1280,0,29.861111115589413,29.861111115589413,100.0
1280,1,31.764250738903037,31.764250738903037,100.0
1280,2,38.37463814550756,38.37463814550756,100.0
1290,0,47.309105071771555,47.309105071771555,100.0
1290,1,31.91829113845267,31.91829113845267,100.0
1290,2,20.772603789775783,20.772603789775783,100.0
1300,0,40.225746099490614,40.225746099490614,100.0
1300,1,36.18344833592592,36.18344833592592,100.0
1300,2,23.590805564583466,23.590805564583466,100.0
1310,0,50.05994206508553,50.05994206508553,100.0
1310,1,28.13352204063796,28.13352204063796,100.0
1310,2,21.806535894276514,21.806535894276514,100.0
1320,0,26.764142279421172,26.764142279421172,100.0
1320,1,30.632480168715716,30.632480168715716,100.0
1320,2,42.60337755186312,42.60337755186312,100.0
1330,0,32.85230605861407,32.85230605861407,100.0
1330,1,30.620627776059973,30.620627776059973,100.0
1330,2,36.52706616532596,36.52706616532596,100.0
1340,0,32.43009819013713,32.43009819013713,100.0
1340,1,31.616469078747222,31.616469078747222,100.0
1340,2,35.95343273111566,35.95343273111566,100.0
1350,0,40.258577011489564,40.258577011489564,100.0
1350,1,34.267028888287484,34.267028888287484,100.0
1350,2,25.47439410022295,25.47439410022295,100.0
1360,0,36.145695524747055,36.145695524747055,100.0
1360,1,29.401229302997955,29.401229302997955,100.0
1360,2,34.45307517225499,34.45307517225499,100.0
1370,0,36.86370765183653,36.86370765183653,100.0
1370,1,33.07922308649338,33.07922308649338,100.0
1370,2,30.057069261670094,30.057069261670094,100.0
1380,0,39.36056194971128,39.36056194971128,100.0
1380,1,24.045176857460586,24.045176857460586,100.0
1380,2,36.594261192828135,36.594261192828135,100.0
1390,0,46.65510474626423,46.65510474626423,100.0
1390,1,28.719522964766007,28.719522964766007,100.0
1390,2,24.625372288969757,24.625372288969757,100.0
1400,0,43.325608658899775,43.325608658899775,100.0
1400,1,29.24928283034771,29.24928283034771,100.0
1400,2,27.425108510752516,27.425108510752516,100.0
1410,0,34.59051001520055,34.59051001520055,100.0
1410,1,44.587024592305404,44.587024592305404,100.0
1410,2,20.822465392494045,20.822465392494045,100.0
1420,0,35.36279169897541,35.36279169897541,100.0
1420,1,37.12739230997407,37.12739230997407,100.0
1420,2,27.509815991050523,27.509815991050523,100.0
1430,0,31.365096730574603,31.365096730574603,100.0
1430,1,38.9372728999968,38.9372728999968,100.0
1430,2,29.697630369428595,29.697630369428595,100.0
1440,0,38.774896602818835,38.774896602818835,100.0
1440,1,29.891392736916565,29.891392736916565,100.0
1440,2,31.333710660264597,31.333710660264597,100.0
1450,0,35.243151328052114,35.243151328052114,100.0
1450,1,42.318251629480216,42.318251629480216,100.0
1450,2,22.438597042467674,22.438597042467674,100.0
1460,0,33.75585861607741,33.75585861607741,100.0
1460,1,33.100927902455815,33.100927902455815,100.0
1460,2,33.14321348146677,33.14321348146677,100.0
1470,0,30.574125815023333,30.574125815023333,100.0
1470,1,34.963779908094786,34.963779908094786,100.0
1470,2,34.46209427688189,34.46209427688189,100.0
1480,0,44.25534841552293,44.25534841552293,100.0
1480,1,27.527700462551646,27.527700462551646,100.0
1480,2,28.216951121925426,28.216951121925426,100.0
1490,0,44.75963427415044,44.75963427415044,100.0
1490,1,31.37613046819815,31.37613046819815,100.0
1490,2,23.864235257651412,23.864235257651412,100.0
1500,0,29.998499883346717,29.998499883346717,100.0
1500,1,36.23448631823985,36.23448631823985,100.0
1500,2,33.76701379841342,33.76701379841342,100.0
