timestamp,ueImsi,sliceId,dTxBytes,dRxBytes,plr,resourceSharePct,dLostPackets,throughputMbps,bufferBytes
1510,1,0,18336,15280,16.67,29.38,2,12.2240,1124
1510,2,0,18336,12224,33.33,29.38,4,9.7792,550697
1510,3,0,18336,15280,16.67,29.38,2,12.2240,188245
1510,4,0,18336,7640,58.33,29.38,7,6.1120,1050633
1510,5,0,18336,0,100.00,29.38,12,0.0000,1666729
1510,6,1,390,0,100.00,51.55,5,0.0000,169
1510,7,1,390,390,0.00,51.55,0,0.3120,87
1510,8,1,390,0,100.00,51.55,5,0.0000,333
1510,9,1,390,0,100.00,51.55,5,0.0000,169
1510,10,1,390,390,0.00,51.55,0,0.3120,87
1510,11,2,384,256,33.33,19.07,1,0.2048,95
1510,12,2,384,256,33.33,19.07,1,0.2048,42
1510,13,2,384,256,33.33,19.07,1,0.2048,137
1510,14,2,384,0,100.00,19.07,3,0.0000,1853
1510,15,2,384,256,33.33,19.07,1,0.2048,137
1510,16,2,384,256,33.33,19.07,1,0.2048,137
1510,17,2,384,1152,0.00,19.07,0,0.9216,42
1510,18,2,384,0,100.00,19.07,3,0.0000,540
1510,19,2,384,256,33.33,19.07,1,0.2048,137
1510,20,2,384,0,100.00,19.07,3,0.0000,15
