timestamp,ueImsi,sliceId,dTxBytes,dRxBytes,plr,resourceSharePct,dLostPackets,throughputMbps,bufferBytes
740,1,0,24448,3056,87.50,32.91,14,2.4448,544143
740,2,0,24448,4584,81.25,32.91,13,3.6672,544156
740,3,0,24448,4584,81.25,32.91,13,3.6672,544138
740,4,0,24448,4584,81.25,32.91,13,3.6672,544053
740,5,0,24448,4584,81.25,32.91,13,3.6672,544165
740,6,1,390,390,0.00,43.81,0,0.3120,87
740,7,1,390,390,0.00,43.81,0,0.3120,87
740,8,1,390,390,0.00,43.81,0,0.3120,87
740,9,1,390,390,0.00,43.81,0,0.3120,87
740,10,1,390,390,0.00,43.81,0,0.3120,87
740,11,2,16000,896,94.40,23.28,118,0.7168,365051
740,12,2,16000,896,94.40,23.28,118,0.7168,365034
740,13,2,16000,896,94.40,23.28,118,0.7168,365046
740,14,2,16000,896,94.40,23.28,118,0.7168,365051
740,15,2,16000,1024,93.60,23.28,117,0.8192,365020
740,16,2,16000,896,94.40,23.28,118,0.7168,365028
740,17,2,16000,896,94.40,23.28,118,0.7168,365049
740,18,2,16000,896,94.40,23.28,118,0.7168,365050
740,19,2,16000,1024,93.60,23.28,117,0.8192,365111
740,20,2,16000,1024,93.60,23.28,117,0.8192,365024
