timestamp,sliceId,dedicatedPRB,minPRB,maxPRB
510,0,41.44782936491892,41.44782936491892,100.0
510,1,36.79726604686109,36.79726604686109,100.0
510,2,21.754904588219993,21.754904588219993,100.0
520,0,44.65828786584828,44.65828786584828,100.0
520,1,28.328050046226217,28.328050046226217,100.0
520,2,27.013662087925518,27.013662087925518,100.0
530,0,38.07258005848634,38.07258005848634,100.0
530,1,36.41719098690694,36.41719098690694,100.0
530,2,25.510228954606724,25.510228954606724,100.0
540,0,33.11863359995121,33.11863359995121,100.0
540,1,41.99412546133504,41.99412546133504,100.0
540,2,24.88724093871375,24.88724093871375,100.0
550,0,27.80179658681103,27.80179658681103,100.0
550,1,48.429744765997526,48.429744765997526,100.0
550,2,23.768458647191448,23.768458647191448,100.0
560,0,23.192158668637212,23.192158668637212,100.0
560,1,44.31502295535361,44.31502295535361,100.0
560,2,32.49281837600918,32.49281837600918,100.0
570,0,22.977222056874634,22.977222056874634,100.0
570,1,46.989388739885506,46.989388739885506,100.0
570,2,30.033389203239864,30.033389203239864,100.0
580,0,33.02714297877547,33.02714297877547,100.0
580,1,41.87505106924683,41.87505106924683,100.0
580,2,25.097805951977705,25.097805951977705,100.0
590,0,20.482427544243173,20.482427544243173,100.0
590,1,47.171216550672106,47.171216550672106,100.0
590,2,32.34635590508472,32.34635590508472,100.0
600,0,21.286662715040144,21.286662715040144,100.0
600,1,47.52867870465084,47.52867870465084,100.0
600,2,31.184658580309012,31.184658580309012,100.0
610,0,21.7733542917597,21.7733542917597,100.0
610,1,52.72188130230594,52.72188130230594,100.0
610,2,25.50476440593437,25.50476440593437,100.0
620,0,21.751224145054525,21.751224145054525,100.0
620,1,48.82613659626453,48.82613659626453,100.0
620,2,29.422639258680938,29.422639258680938,100.0
630,0,21.493995629547015,21.493995629547015,100.0
630,1,54.01718987924855,54.01718987924855,100.0
630,2,24.48881449120443,24.48881449120443,100.0
640,0,21.051022060785506,21.051022060785506,100.0
640,1,42.055102957347316,42.055102957347316,100.0
640,2,36.89387498186718,36.89387498186718,100.0
