timestamp,sliceId,dedicatedPRB,minPRB,maxPRB
510,0,32.985933387481424,32.985933387481424,100.0
510,1,38.90974406058244,38.90974406058244,100.0
510,2,28.104322551936136,28.104322551936136,100.0
520,0,35.95590219444277,35.95590219444277,100.0
520,1,28.802154072858848,28.802154072858848,100.0
520,2,35.241943732698374,35.241943732698374,100.0
530,0,34.5571646350417,34.5571646350417,100.0
530,1,43.524099927052426,43.524099927052426,100.0
530,2,21.918735437905873,21.918735437905873,100.0
540,0,35.58476999644873,35.58476999644873,100.0
540,1,37.33332412029794,37.33332412029794,100.0
540,2,27.08190588325333,27.08190588325333,100.0
550,0,25.78399240148145,25.78399240148145,100.0
550,1,32.969127750232666,32.969127750232666,100.0
550,2,41.246879848285886,41.246879848285886,100.0
560,0,34.874594762438846,34.874594762438846,100.0
560,1,44.0136299648114,44.0136299648114,100.0
560,2,21.111775272749757,21.111775272749757,100.0
570,0,35.973939377857256,35.973939377857256,100.0
570,1,40.0704348299752,40.0704348299752,100.0
570,2,23.955625792167552,23.955625792167552,100.0
580,0,44.12787369808915,44.12787369808915,100.0
580,1,24.678407017090073,24.678407017090073,100.0
580,2,31.19371928482077,31.19371928482077,100.0
590,0,22.819544302349463,22.819544302349463,100.0
590,1,46.676302934973215,46.676302934973215,100.0
590,2,30.50415276267732,30.50415276267732,100.0
600,0,26.157127923876306,26.157127923876306,100.0
600,1,27.41778847132427,27.41778847132427,100.0
600,2,46.42508360479943,46.42508360479943,100.0
610,0,28.977670322966294,28.977670322966294,100.0
610,1,41.17931121075799,41.17931121075799,100.0
610,2,29.84301846627573,29.84301846627573,100.0
620,0,24.13443003944688,24.13443003944688,100.0
620,1,28.079860263568442,28.079860263568442,100.0
620,2,47.78570969698468,47.78570969698468,100.0
630,0,26.345253255627444,26.345253255627444,100.0
630,1,47.41350401980167,47.41350401980167,100.0
630,2,26.24124272457089,26.24124272457089,100.0
640,0,22.314123596400098,22.314123596400098,100.0
640,1,38.97883908131852,38.97883908131852,100.0
640,2,38.70703732228138,38.70703732228138,100.0
650,0,21.982729508058608,21.982729508058608,100.0
650,1,52.22991562864326,52.22991562864326,100.0
650,2,25.787354863298127,25.787354863298127,100.0
660,0,35.360407517928174,35.360407517928174,100.0
660,1,33.821722409188894,33.821722409188894,100.0
660,2,30.817870072882936,30.817870072882936,100.0
670,0,38.598738745233156,38.598738745233156,100.0
670,1,28.107434422689337,28.107434422689337,100.0
670,2,33.293826832077514,33.293826832077514,100.0
680,0,22.557052543016717,22.557052543016717,100.0
680,1,44.54635558204975,44.54635558204975,100.0
680,2,32.89659187493354,32.89659187493354,100.0
690,0,23.225274159497697,23.225274159497697,100.0
690,1,37.72855833476333,37.72855833476333,100.0
690,2,39.046167505738985,39.046167505738985,100.0
700,0,22.677083582415936,22.677083582415936,100.0
700,1,49.522712960639666,49.522712960639666,100.0
700,2,27.800203456944406,27.800203456944406,100.0
710,0,22.72476809130652,22.72476809130652,100.0
710,1,51.28091634128917,51.28091634128917,100.0
710,2,25.994315567404303,25.994315567404303,100.0
720,0,32.16601693706968,32.16601693706968,100.0
720,1,40.65630456559247,40.65630456559247,100.0
720,2,27.177678497337855,27.177678497337855,100.0
730,0,43.49210166866091,43.49210166866091,100.0
730,1,37.47880709373593,37.47880709373593,100.0
730,2,19.02909123760317,19.02909123760317,100.0
740,0,20.411138950378685,20.411138950378685,100.0
740,1,44.3840728231857,44.3840728231857,100.0
740,2,35.20478822643563,35.20478822643563,100.0
750,0,25.997227242701793,25.997227242701793,100.0
750,1,41.55367376546376,41.55367376546376,100.0
750,2,32.44909899183445,32.44909899183445,100.0
760,0,43.11636550597313,43.11636550597313,100.0
760,1,29.33866206985699,29.33866206985699,100.0
760,2,27.544972424169877,27.544972424169877,100.0
770,0,29.2103934493739,29.2103934493739,100.0
770,1,43.193739238547096,43.193739238547096,100.0
770,2,27.595867312079005,27.595867312079005,100.0
780,0,24.264808805835422,24.264808805835422,100.0
780,1,47.69066510351482,47.69066510351482,100.0
780,2,28.044526090649757,28.044526090649757,100.0
790,0,33.25653943590879,33.25653943590879,100.0
790,1,40.849163674831765,40.849163674831765,100.0
790,2,25.894296889259437,25.894296889259437,100.0
800,0,33.24188895016768,33.24188895016768,100.0
800,1,29.861413251865145,29.861413251865145,100.0
800,2,36.89669779796718,36.89669779796718,100.0
810,0,25.87890562626936,25.87890562626936,100.0
810,1,46.80292259217873,46.80292259217873,100.0
810,2,27.318171781551914,27.318171781551914,100.0
820,0,20.365886767851986,20.365886767851986,100.0
820,1,43.70533349462885,43.70533349462885,100.0
820,2,35.92877973751916,35.92877973751916,100.0
830,0,27.513269620745668,27.513269620745668,100.0
830,1,46.818963325752975,46.818963325752975,100.0
830,2,25.667767053501358,25.667767053501358,100.0
840,0,48.81042805269614,48.81042805269614,100.0
840,1,32.23278821472384,32.23278821472384,100.0
840,2,18.956783732580025,18.956783732580025,100.0
850,0,27.853520941365005,27.853520941365005,100.0
850,1,35.10962227220488,35.10962227220488,100.0
850,2,37.036856786430114,37.036856786430114,100.0
860,0,21.044900889264824,21.044900889264824,100.0
860,1,36.60295670234421,36.60295670234421,100.0
860,2,42.352142408390975,42.352142408390975,100.0
870,0,26.12827259971335,26.12827259971335,100.0
870,1,48.84173181248269,48.84173181248269,100.0
870,2,25.02999558780396,25.02999558780396,100.0
880,0,22.064829634992968,22.064829634992968,100.0
880,1,49.9787305831838,49.9787305831838,100.0
880,2,27.956439781823246,27.956439781823246,100.0
890,0,30.031257334757782,30.031257334757782,100.0
890,1,40.0590284417324,40.0590284417324,100.0
890,2,29.90971422350982,29.90971422350982,100.0
900,0,25.61164271067099,25.61164271067099,100.0
900,1,40.19206721749363,40.19206721749363,100.0
900,2,34.19629007183537,34.19629007183537,100.0
910,0,23.10191644860168,23.10191644860168,100.0
910,1,29.363813378654914,29.363813378654914,100.0
910,2,47.53427017274341,47.53427017274341,100.0
920,0,20.847110368867934,20.847110368867934,100.0
920,1,46.108594388956256,46.108594388956256,100.0
920,2,33.04429524217581,33.04429524217581,100.0
930,0,25.777474318962053,25.777474318962053,100.0
930,1,32.30638101467066,32.30638101467066,100.0
930,2,41.9161446663673,41.9161446663673,100.0
940,0,24.722668280986092,24.722668280986092,100.0
940,1,30.70008738638455,30.70008738638455,100.0
940,2,44.57724433262936,44.57724433262936,100.0
950,0,25.198643378501238,25.198643378501238,100.0
950,1,46.78139815727464,46.78139815727464,100.0
950,2,28.01995846422414,28.01995846422414,100.0
960,0,23.95179430991929,23.95179430991929,100.0
960,1,49.12868610944827,49.12868610944827,100.0
960,2,26.91951958063245,26.91951958063245,100.0
970,0,26.315982550603167,26.315982550603167,100.0
970,1,41.40427484243895,41.40427484243895,100.0
970,2,32.279742606957875,32.279742606957875,100.0
980,0,27.23767911412404,27.23767911412404,100.0
980,1,41.56300269319229,41.56300269319229,100.0
980,2,31.199318192683666,31.199318192683666,100.0
990,0,21.921908637434388,21.921908637434388,100.0
990,1,39.96821348976973,39.96821348976973,100.0
990,2,38.10987787279588,38.10987787279588,100.0
1000,0,28.761270696256037,28.761270696256037,100.0
1000,1,39.4399402641376,39.4399402641376,100.0
1000,2,31.798789039606373,31.798789039606373,100.0
1010,0,29.765063743471043,29.765063743471043,100.0
1010,1,40.732155506359256,40.732155506359256,100.0
1010,2,29.50278075016971,29.50278075016971,100.0
1020,0,24.076929527082754,24.076929527082754,100.0
1020,1,55.104316501491965,55.104316501491965,100.0
1020,2,20.818753971425284,20.818753971425284,100.0
1030,0,22.65620700096807,22.65620700096807,100.0
1030,1,52.22593108280969,52.22593108280969,100.0
1030,2,25.117861916222246,25.117861916222246,100.0
1040,0,22.65050057842995,22.65050057842995,100.0
1040,1,34.66862023584496,34.66862023584496,100.0
1040,2,42.6808791857251,42.6808791857251,100.0
1050,0,20.48445477318158,20.48445477318158,100.0
1050,1,42.995737329745594,42.995737329745594,100.0
1050,2,36.51980789707282,36.51980789707282,100.0
1060,0,21.56594308020122,21.56594308020122,100.0
1060,1,51.713521101590544,51.713521101590544,100.0
1060,2,26.72053581820825,26.72053581820825,100.0
1070,0,23.9916190471584,23.9916190471584,100.0
1070,1,52.481116941564856,52.481116941564856,100.0
1070,2,23.52726401127674,23.52726401127674,100.0
1080,0,23.05922953085916,23.05922953085916,100.0
1080,1,53.6044876239975,53.6044876239975,100.0
1080,2,23.336282845143348,23.336282845143348,100.0
1090,0,22.35957199380514,22.35957199380514,100.0
1090,1,50.03291905359294,50.03291905359294,100.0
1090,2,27.60750895260193,27.60750895260193,100.0
1100,0,28.037201007714863,28.037201007714863,100.0
1100,1,37.0215360163711,37.0215360163711,100.0
1100,2,34.94126297591403,34.94126297591403,100.0
1110,0,28.992286517065736,28.992286517065736,100.0
1110,1,42.246961592184775,42.246961592184775,100.0
1110,2,28.760751890749496,28.760751890749496,100.0
1120,0,28.956808415504256,28.956808415504256,100.0
1120,1,35.166212134029884,35.166212134029884,100.0
1120,2,35.87697945046586,35.87697945046586,100.0
1130,0,22.824680789239242,22.824680789239242,100.0
1130,1,32.029837291692694,32.029837291692694,100.0
1130,2,45.14548191906806,45.14548191906806,100.0
1140,0,24.566571552445662,24.566571552445662,100.0
1140,1,27.470795865334452,27.470795865334452,100.0
1140,2,47.96263258221989,47.96263258221989,100.0
1150,0,28.421419818111914,28.421419818111914,100.0
1150,1,26.080400140854117,26.080400140854117,100.0
1150,2,45.498180041033976,45.498180041033976,100.0
1160,0,29.48090296771389,29.48090296771389,100.0
1160,1,37.318981677812594,37.318981677812594,100.0
1160,2,33.20011535447351,33.20011535447351,100.0
1170,0,25.705475783139754,25.705475783139754,100.0
1170,1,49.06600481977236,49.06600481977236,100.0
1170,2,25.228519397087883,25.228519397087883,100.0
1180,0,27.818011662058375,27.818011662058375,100.0
1180,1,29.621661900677715,29.621661900677715,100.0
1180,2,42.56032643726391,42.56032643726391,100.0
1190,0,23.779833991901832,23.779833991901832,100.0
1190,1,28.30905416339534,28.30905416339534,100.0
1190,2,47.91111184470282,47.91111184470282,100.0
1200,0,22.813010820764916,22.813010820764916,100.0
1200,1,40.47614305732517,40.47614305732517,100.0
1200,2,36.71084612190992,36.71084612190992,100.0
1210,0,27.31008294307724,27.31008294307724,100.0
1210,1,31.933285706591214,31.933285706591214,100.0
1210,2,40.75663135033155,40.75663135033155,100.0
1220,0,21.168615542039042,21.168615542039042,100.0
1220,1,45.45430319089977,45.45430319089977,100.0
1220,2,33.37708126706118,33.37708126706118,100.0
1230,0,22.975872989732064,22.975872989732064,100.0
1230,1,41.244060875707454,41.244060875707454,100.0
1230,2,35.780066134560485,35.780066134560485,100.0
1240,0,25.864002364031563,25.864002364031563,100.0
1240,1,37.69465247159714,37.69465247159714,100.0
1240,2,36.4413451643713,36.4413451643713,100.0
1250,0,21.211613920711844,21.211613920711844,100.0
1250,1,42.37015066651959,42.37015066651959,100.0
1250,2,36.41823541276856,36.41823541276856,100.0
1260,0,22.10260338599277,22.10260338599277,100.0
1260,1,37.82633062604496,37.82633062604496,100.0
1260,2,40.07106598796227,40.07106598796227,100.0
1270,0,25.222533644664736,25.222533644664736,100.0
1270,1,34.62949587174546,34.62949587174546,100.0
1270,2,40.1479704835898,40.1479704835898,100.0
1280,0,23.54838345486136,23.54838345486136,100.0
1280,1,38.55396857704907,38.55396857704907,100.0
1280,2,37.89764796808958,37.89764796808958,100.0
1290,0,26.189855699516652,26.189855699516652,100.0
1290,1,41.265733030245066,41.265733030245066,100.0
1290,2,32.544411270238285,32.544411270238285,100.0
1300,0,22.999484374301225,22.999484374301225,100.0
1300,1,43.54994693177655,43.54994693177655,100.0
1300,2,33.450568693922236,33.450568693922236,100.0
1310,0,22.19824467191408,22.19824467191408,100.0
1310,1,42.26518274421579,42.26518274421579,100.0
1310,2,35.53657258387013,35.53657258387013,100.0
1320,0,21.725143736903576,21.725143736903576,100.0
1320,1,36.97825125884723,36.97825125884723,100.0
1320,2,41.2966050042492,41.2966050042492,100.0
1330,0,23.12129193259961,23.12129193259961,100.0
1330,1,39.593431832835726,39.593431832835726,100.0
1330,2,37.285276234564655,37.285276234564655,100.0
1340,0,22.5789118787422,22.5789118787422,100.0
1340,1,35.475963291935145,35.475963291935145,100.0
1340,2,41.94512482932266,41.94512482932266,100.0
1350,0,28.35093683582062,28.35093683582062,100.0
1350,1,48.373312890171135,48.373312890171135,100.0
1350,2,23.27575027400825,23.27575027400825,100.0
1360,0,22.643056154910944,22.643056154910944,100.0
1360,1,51.973847357683624,51.973847357683624,100.0
1360,2,25.38309648740544,25.38309648740544,100.0
1370,0,21.82012536755421,21.82012536755421,100.0
1370,1,37.62204128257628,37.62204128257628,100.0
1370,2,40.55783334986951,40.55783334986951,100.0
1380,0,20.86070713346538,20.86070713346538,100.0
1380,1,42.651149350571615,42.651149350571615,100.0
1380,2,36.488143515963,36.488143515963,100.0
1390,0,24.88948882169117,24.88948882169117,100.0
1390,1,35.9116369584324,35.9116369584324,100.0
1390,2,39.19887421987644,39.19887421987644,100.0
1400,0,33.24465956682968,33.24465956682968,100.0
1400,1,46.54347387446797,46.54347387446797,100.0
1400,2,20.211866558702347,20.211866558702347,100.0
1410,0,36.91453043419295,36.91453043419295,100.0
1410,1,29.304172309931825,29.304172309931825,100.0
1410,2,33.78129725587523,33.78129725587523,100.0
1420,0,27.725281134724778,27.725281134724778,100.0
1420,1,38.77658396584638,38.77658396584638,100.0
1420,2,33.49813489942884,33.49813489942884,100.0
1430,0,23.405369031438255,23.405369031438255,100.0
1430,1,46.69727072643318,46.69727072643318,100.0
1430,2,29.897360242128563,29.897360242128563,100.0
1440,0,26.806201728222934,26.806201728222934,100.0
1440,1,36.08630512582507,36.08630512582507,100.0
1440,2,37.107493145952,37.107493145952,100.0
1450,0,30.643837175082734,30.643837175082734,100.0
1450,1,35.84528474939424,35.84528474939424,100.0
1450,2,33.51087807552304,33.51087807552304,100.0
1460,0,23.121714548964135,23.121714548964135,100.0
1460,1,47.49681336961851,47.49681336961851,100.0
1460,2,29.38147208141736,29.38147208141736,100.0
1470,0,26.129300023217677,26.129300023217677,100.0
1470,1,31.66108297302227,31.66108297302227,100.0
1470,2,42.209617003760066,42.209617003760066,100.0
1480,0,21.572351259263073,21.572351259263073,100.0
1480,1,42.172108952523566,42.172108952523566,100.0
1480,2,36.25553978821336,36.25553978821336,100.0
1490,0,22.604239665291654,22.604239665291654,100.0
1490,1,43.9383666460303,43.9383666460303,100.0
1490,2,33.457393688678046,33.457393688678046,100.0
1500,0,21.533130664037962,21.533130664037962,100.0
1500,1,44.560293027865775,44.560293027865775,100.0
1500,2,33.90657630809626,33.90657630809626,100.0
