timestamp,sliceId,dedicatedPRB,minPRB,maxPRB
510,0,45.152291986787105,45.152291986787105,100.0
510,1,29.950915945000638,29.950915945000638,100.0
510,2,24.896792068212257,24.896792068212257,100.0
520,0,32.8877984123364,32.8877984123364,100.0
520,1,43.1268986842587,43.1268986842587,100.0
520,2,23.985302903404904,23.985302903404904,100.0
530,0,32.27594815386336,32.27594815386336,100.0
530,1,36.40849356262748,36.40849356262748,100.0
530,2,31.315558283509166,31.315558283509166,100.0
540,0,43.10454548491274,43.10454548491274,100.0
540,1,31.05281581587237,31.05281581587237,100.0
540,2,25.84263869921489,25.84263869921489,100.0
550,0,27.15274652616267,27.15274652616267,100.0
550,1,50.36891257855406,50.36891257855406,100.0
550,2,22.478340895283267,22.478340895283267,100.0
