timestamp,sliceId,dedicatedPRB,minPRB,maxPRB
510,0,24.899943732292755,24.899943732292755,100.0
510,1,40.944811435201544,40.944811435201544,100.0
510,2,34.1552448325057,34.1552448325057,100.0
520,0,35.524345302537405,35.524345302537405,100.0
520,1,33.333692511704186,33.333692511704186,100.0
520,2,31.14196218575841,31.14196218575841,100.0
530,0,42.170225611712624,42.170225611712624,100.0
530,1,25.315111397038535,25.315111397038535,100.0
530,2,32.51466299124884,32.51466299124884,100.0
540,0,36.14776465011344,36.14776465011344,100.0
540,1,32.495474128177925,32.495474128177925,100.0
540,2,31.356761221708645,31.356761221708645,100.0
550,0,35.57462109376134,35.57462109376134,100.0
550,1,33.856322202673525,33.856322202673525,100.0
550,2,30.569056703565145,30.569056703565145,100.0
