timestamp,ueImsi,sliceId,dTxBytes,dRxBytes,plr,resourceSharePct,dLostPackets,throughputMbps,bufferBytes
740,1,0,16808,3056,81.82,36.67,9,2.4448,360535
740,2,0,16808,4584,72.73,36.67,8,3.6672,358185
740,3,0,16808,4584,72.73,36.67,8,3.6672,355673
740,4,0,16808,4584,72.73,36.67,8,3.6672,352665
740,5,0,16808,4584,72.73,36.67,8,3.6672,350126
740,6,1,390,390,0.00,40.00,0,0.3120,87
740,7,1,390,390,0.00,40.00,0,0.3120,87
740,8,1,390,390,0.00,40.00,0,0.3120,87
740,9,1,390,390,0.00,40.00,0,0.3120,87
740,10,1,390,390,0.00,40.00,0,0.3120,87
740,11,2,256,256,0.00,23.34,0,0.2048,89
740,12,2,256,256,0.00,23.34,0,0.2048,89
740,13,2,256,256,0.00,23.34,0,0.2048,89
740,14,2,256,256,0.00,23.34,0,0.2048,89
740,15,2,256,256,0.00,23.34,0,0.2048,89
740,16,2,256,256,0.00,23.34,0,0.2048,89
740,17,2,256,256,0.00,23.34,0,0.2048,89
740,18,2,256,256,0.00,23.34,0,0.2048,89
740,19,2,256,256,0.00,23.34,0,0.2048,137
740,20,2,256,256,0.00,23.34,0,0.2048,137
