timestamp,sliceId,dedicatedPRB,minPRB,maxPRB
510,0,22.871335715728076,22.871335715728076,100.0
510,1,56.549369769816536,56.549369769816536,100.0
510,2,20.579294514455395,20.579294514455395,100.0
520,0,35.278065213168865,35.278065213168865,100.0
520,1,32.274595515434854,32.274595515434854,100.0
520,2,32.44733927139629,32.44733927139629,100.0
530,0,29.53346615302534,29.53346615302534,100.0
530,1,36.82133457080114,36.82133457080114,100.0
530,2,33.64519927617352,33.64519927617352,100.0
540,0,42.56396278195906,42.56396278195906,100.0
540,1,29.336473483386964,29.336473483386964,100.0
540,2,28.09956373465397,28.09956373465397,100.0
550,0,25.18841838632303,25.18841838632303,100.0
550,1,49.716091090795345,49.716091090795345,100.0
550,2,25.095490522881626,25.095490522881626,100.0
560,0,33.194757042068716,33.194757042068716,100.0
560,1,39.88883206851288,39.88883206851288,100.0
560,2,26.9164108894184,26.9164108894184,100.0
570,0,41.86588340201075,41.86588340201075,100.0
570,1,37.67923779179662,37.67923779179662,100.0
570,2,20.45487880619262,20.45487880619262,100.0
580,0,32.83652570020273,32.83652570020273,100.0
580,1,46.99619158885955,46.99619158885955,100.0
580,2,20.16728271093772,20.16728271093772,100.0
590,0,23.431485838493387,23.431485838493387,100.0
590,1,51.76605338257547,51.76605338257547,100.0
590,2,24.802460778931128,24.802460778931128,100.0
600,0,41.83872112595649,41.83872112595649,100.0
600,1,30.880063194609043,30.880063194609043,100.0
600,2,27.281215679434467,27.281215679434467,100.0
610,0,35.325512634335354,35.325512634335354,100.0
610,1,40.693901523765405,40.693901523765405,100.0
610,2,23.98058584189924,23.98058584189924,100.0
620,0,44.25991181555774,44.25991181555774,100.0
620,1,25.820660774189985,25.820660774189985,100.0
620,2,29.919427410252275,29.919427410252275,100.0
630,0,39.14671197651649,39.14671197651649,100.0
630,1,37.47698377189728,37.47698377189728,100.0
630,2,23.376304251586234,23.376304251586234,100.0
640,0,38.334397763569896,38.334397763569896,100.0
640,1,25.980147817600486,25.980147817600486,100.0
640,2,35.68545441882962,35.68545441882962,100.0
650,0,26.735440840709607,26.735440840709607,100.0
650,1,43.38618289467247,43.38618289467247,100.0
650,2,29.878376264617927,29.878376264617927,100.0
660,0,30.091206732251457,30.091206732251457,100.0
660,1,46.05945049182036,46.05945049182036,100.0
660,2,23.84934277592818,23.84934277592818,100.0
670,0,28.959691880187492,28.959691880187492,100.0
670,1,32.994747929915334,32.994747929915334,100.0
670,2,38.045560189897174,38.045560189897174,100.0
680,0,34.49721257621277,34.49721257621277,100.0
680,1,27.343178427055992,27.343178427055992,100.0
680,2,38.159608996731244,38.159608996731244,100.0
690,0,30.30438939807505,30.30438939807505,100.0
690,1,37.46539826388255,37.46539826388255,100.0
690,2,32.23021233804241,32.23021233804241,100.0
700,0,36.91448343966744,36.91448343966744,100.0
700,1,26.764562656069558,26.764562656069558,100.0
700,2,36.32095390426299,36.32095390426299,100.0
710,0,32.67455783782081,32.67455783782081,100.0
710,1,44.40839489321273,44.40839489321273,100.0
710,2,22.917047268966456,22.917047268966456,100.0
720,0,33.967102407342374,33.967102407342374,100.0
720,1,41.485404908341295,41.485404908341295,100.0
720,2,24.547492684316335,24.547492684316335,100.0
730,0,48.30730581000389,48.30730581000389,100.0
730,1,29.38623222146852,29.38623222146852,100.0
730,2,22.30646196852759,22.30646196852759,100.0
740,0,30.43845415021094,30.43845415021094,100.0
740,1,38.027171316799254,38.027171316799254,100.0
740,2,31.534374532989794,31.534374532989794,100.0
750,0,44.770000424199644,44.770000424199644,100.0
750,1,27.832825198403988,27.832825198403988,100.0
750,2,27.39717437739637,27.39717437739637,100.0
760,0,40.88804014921048,40.88804014921048,100.0
760,1,35.45818079311624,35.45818079311624,100.0
760,2,23.65377905767328,23.65377905767328,100.0
770,0,35.46366191762123,35.46366191762123,100.0
770,1,39.73344830020226,39.73344830020226,100.0
770,2,24.802889782176514,24.802889782176514,100.0
780,0,26.166123569497334,26.166123569497334,100.0
780,1,38.45596914369147,38.45596914369147,100.0
780,2,35.377907286811194,35.377907286811194,100.0
790,0,36.687317382370196,36.687317382370196,100.0
790,1,29.28437119780092,29.28437119780092,100.0
790,2,34.02831141982888,34.02831141982888,100.0
800,0,43.00451275460387,43.00451275460387,100.0
800,1,37.59163316916403,37.59163316916403,100.0
800,2,19.403854076232097,19.403854076232097,100.0
810,0,33.714649822345535,33.714649822345535,100.0
810,1,40.1534147788692,40.1534147788692,100.0
810,2,26.131935398785266,26.131935398785266,100.0
820,0,36.55235787741334,36.55235787741334,100.0
820,1,32.076801171869164,32.076801171869164,100.0
820,2,31.370840950717493,31.370840950717493,100.0
830,0,27.48251833052044,27.48251833052044,100.0
830,1,30.160869130809047,30.160869130809047,100.0
830,2,42.35661253867052,42.35661253867052,100.0
840,0,38.2636378607767,38.2636378607767,100.0
840,1,35.20261555826912,35.20261555826912,100.0
840,2,26.533746580954187,26.533746580954187,100.0
850,0,42.830570843125415,42.830570843125415,100.0
850,1,30.26116314873917,30.26116314873917,100.0
850,2,26.908266008135417,26.908266008135417,100.0
860,0,26.239827620841403,26.239827620841403,100.0
860,1,48.52166178990211,48.52166178990211,100.0
860,2,25.238510589256475,25.238510589256475,100.0
870,0,39.38287522187831,39.38287522187831,100.0
870,1,34.92580951455309,34.92580951455309,100.0
870,2,25.691315263568605,25.691315263568605,100.0
880,0,28.9747155320204,28.9747155320204,100.0
880,1,28.18573254850717,28.18573254850717,100.0
880,2,42.83955191947243,42.83955191947243,100.0
890,0,30.876241002550643,30.876241002550643,100.0
890,1,35.27889227854736,35.27889227854736,100.0
890,2,33.844866718902,33.844866718902,100.0
900,0,39.27140650179118,39.27140650179118,100.0
900,1,41.638891598860326,41.638891598860326,100.0
900,2,19.08970189934849,19.08970189934849,100.0
910,0,29.089670237002572,29.089670237002572,100.0
910,1,29.68819310287767,29.68819310287767,100.0
910,2,41.22213666011976,41.22213666011976,100.0
920,0,31.269897626498246,31.269897626498246,100.0
920,1,28.4766598112417,28.4766598112417,100.0
920,2,40.253442562260055,40.253442562260055,100.0
930,0,26.5018581580098,26.5018581580098,100.0
930,1,50.610087023081874,50.610087023081874,100.0
930,2,22.888054818908333,22.888054818908333,100.0
940,0,39.525263273889635,39.525263273889635,100.0
940,1,35.71574664271324,35.71574664271324,100.0
940,2,24.758990083397123,24.758990083397123,100.0
950,0,28.73418730384752,28.73418730384752,100.0
950,1,40.0675209052897,40.0675209052897,100.0
950,2,31.198291790862786,31.198291790862786,100.0
960,0,27.917775835878338,27.917775835878338,100.0
960,1,48.58566773319094,48.58566773319094,100.0
960,2,23.496556430930728,23.496556430930728,100.0
970,0,41.21587960402052,41.21587960402052,100.0
970,1,25.968599790946396,25.968599790946396,100.0
970,2,32.815520605033086,32.815520605033086,100.0
980,0,49.21361842371992,49.21361842371992,100.0
980,1,28.07660602975434,28.07660602975434,100.0
980,2,22.709775546525744,22.709775546525744,100.0
990,0,21.31723013746903,21.31723013746903,100.0
990,1,40.580801457760835,40.580801457760835,100.0
990,2,38.10196840477014,38.10196840477014,100.0
1000,0,26.99649170076847,26.99649170076847,100.0
1000,1,39.43508868163158,39.43508868163158,100.0
1000,2,33.56841961759994,33.56841961759994,100.0
1010,0,34.3184265603914,34.3184265603914,100.0
1010,1,36.95468674999964,36.95468674999964,100.0
1010,2,28.72688668960896,28.72688668960896,100.0
1020,0,33.52501129188478,33.52501129188478,100.0
1020,1,39.937435324554016,39.937435324554016,100.0
1020,2,26.537553383561203,26.537553383561203,100.0
1030,0,41.23324068438124,41.23324068438124,100.0
1030,1,39.969453400929,39.969453400929,100.0
1030,2,18.79730591468977,18.79730591468977,100.0
1040,0,45.4276279095288,45.4276279095288,100.0
1040,1,27.3214213212979,27.3214213212979,100.0
1040,2,27.250950769173294,27.250950769173294,100.0
1050,0,28.07968095272797,28.07968095272797,100.0
1050,1,50.679865443489305,50.679865443489305,100.0
1050,2,21.240453603782726,21.240453603782726,100.0
1060,0,25.439142107929946,25.439142107929946,100.0
1060,1,28.902054914297825,28.902054914297825,100.0
1060,2,45.658802977772226,45.658802977772226,100.0
1070,0,25.5826116892116,25.5826116892116,100.0
1070,1,50.00498569700002,50.00498569700002,100.0
1070,2,24.412402613788387,24.412402613788387,100.0
1080,0,23.649830645673614,23.649830645673614,100.0
1080,1,51.265735506980704,51.265735506980704,100.0
1080,2,25.084433847345682,25.084433847345682,100.0
1090,0,24.844820790761435,24.844820790761435,100.0
1090,1,47.594832844234865,47.594832844234865,100.0
1090,2,27.560346365003703,27.560346365003703,100.0
1100,0,36.37722523084511,36.37722523084511,100.0
1100,1,29.467267356550302,29.467267356550302,100.0
1100,2,34.155507412604585,34.155507412604585,100.0
1110,0,33.733181755179885,33.733181755179885,100.0
1110,1,38.093665923396124,38.093665923396124,100.0
1110,2,28.173152321423988,28.173152321423988,100.0
1120,0,29.596888243063773,29.596888243063773,100.0
1120,1,41.779922229518014,41.779922229518014,100.0
1120,2,28.623189527418212,28.623189527418212,100.0
1130,0,52.092193183414125,52.092193183414125,100.0
1130,1,28.21518372636978,28.21518372636978,100.0
1130,2,19.692623090216095,19.692623090216095,100.0
1140,0,28.266962630091502,28.266962630091502,100.0
1140,1,35.026735130279654,35.026735130279654,100.0
1140,2,36.706302239628855,36.706302239628855,100.0
1150,0,32.7679234954015,32.7679234954015,100.0
1150,1,39.337519219878544,39.337519219878544,100.0
1150,2,27.894557284719966,27.894557284719966,100.0
1160,0,34.80064188155841,34.80064188155841,100.0
1160,1,25.3855434123399,25.3855434123399,100.0
1160,2,39.81381470610169,39.81381470610169,100.0
1170,0,28.7016702852737,28.7016702852737,100.0
1170,1,48.24772033277575,48.24772033277575,100.0
1170,2,23.050609381950547,23.050609381950547,100.0
1180,0,32.32302722828374,32.32302722828374,100.0
1180,1,37.94776382104029,37.94776382104029,100.0
1180,2,29.72920895067597,29.72920895067597,100.0
1190,0,31.30737532887794,31.30737532887794,100.0
1190,1,36.75576755202561,36.75576755202561,100.0
1190,2,31.93685711909645,31.93685711909645,100.0
1200,0,38.065968347826605,38.065968347826605,100.0
1200,1,42.12314872508291,42.12314872508291,100.0
1200,2,19.810882927090486,19.810882927090486,100.0
1210,0,40.893162188488155,40.893162188488155,100.0
1210,1,34.97125093976213,34.97125093976213,100.0
1210,2,24.135586871749723,24.135586871749723,100.0
1220,0,32.025841059901026,32.025841059901026,100.0
1220,1,32.911974875608706,32.911974875608706,100.0
1220,2,35.06218406449026,35.06218406449026,100.0
1230,0,45.64703484312166,45.64703484312166,100.0
1230,1,25.82819259047059,25.82819259047059,100.0
1230,2,28.52477256640775,28.52477256640775,100.0
1240,0,49.38050700964652,49.38050700964652,100.0
1240,1,25.83472546393457,25.83472546393457,100.0
1240,2,24.784767526418904,24.784767526418904,100.0
1250,0,26.634563114880144,26.634563114880144,100.0
1250,1,39.23335924778862,39.23335924778862,100.0
1250,2,34.13207763733124,34.13207763733124,100.0
1260,0,25.818042829033377,25.818042829033377,100.0
1260,1,28.627047782795223,28.627047782795223,100.0
1260,2,45.554909388171396,45.554909388171396,100.0
1270,0,21.698785350045384,21.698785350045384,100.0
1270,1,52.0352160262478,52.0352160262478,100.0
1270,2,26.26599862370682,26.26599862370682,100.0
1280,0,31.20863260887008,31.20863260887008,100.0
1280,1,31.628907214633216,31.628907214633216,100.0
1280,2,37.1624601764967,37.1624601764967,100.0
1290,0,24.6433678080808,24.6433678080808,100.0
1290,1,35.579274261709685,35.579274261709685,100.0
1290,2,39.77735793020951,39.77735793020951,100.0
1300,0,48.32870618156531,48.32870618156531,100.0
1300,1,27.015961515257935,27.015961515257935,100.0
1300,2,24.655332303176753,24.655332303176753,100.0
1310,0,26.932415151875755,26.932415151875755,100.0
1310,1,40.74719798901903,40.74719798901903,100.0
1310,2,32.32038685910523,32.32038685910523,100.0
1320,0,38.48237001593166,38.48237001593166,100.0
1320,1,26.1731984662918,26.1731984662918,100.0
1320,2,35.34443151777654,35.34443151777654,100.0
1330,0,38.50004399978148,38.50004399978148,100.0
1330,1,33.774584169414254,33.774584169414254,100.0
1330,2,27.725371830804274,27.725371830804274,100.0
1340,0,41.73265032168505,41.73265032168505,100.0
1340,1,32.83983673858914,32.83983673858914,100.0
1340,2,25.427512939725815,25.427512939725815,100.0
1350,0,29.345119407560382,29.345119407560382,100.0
1350,1,36.71877654754792,36.71877654754792,100.0
1350,2,33.9361040448917,33.9361040448917,100.0
1360,0,23.35117460425756,23.35117460425756,100.0
1360,1,42.61957102286325,42.61957102286325,100.0
1360,2,34.02925437287919,34.02925437287919,100.0
1370,0,27.074333179290644,27.074333179290644,100.0
1370,1,48.918460320808585,48.918460320808585,100.0
1370,2,24.007206499900764,24.007206499900764,100.0
1380,0,24.589122876745133,24.589122876745133,100.0
1380,1,54.17591778158356,54.17591778158356,100.0
1380,2,21.23495934167131,21.23495934167131,100.0
1390,0,30.285315603820255,30.285315603820255,100.0
1390,1,41.63098402174259,41.63098402174259,100.0
1390,2,28.083700374437164,28.083700374437164,100.0
1400,0,28.048366267908385,28.048366267908385,100.0
1400,1,41.13992117237865,41.13992117237865,100.0
1400,2,30.811712559712966,30.811712559712966,100.0
1410,0,24.441313290738208,24.441313290738208,100.0
1410,1,43.42537443355626,43.42537443355626,100.0
1410,2,32.13331227570553,32.13331227570553,100.0
1420,0,28.627858332918382,28.627858332918382,100.0
1420,1,42.50439173984436,42.50439173984436,100.0
1420,2,28.867749927237256,28.867749927237256,100.0
1430,0,36.88392844420991,36.88392844420991,100.0
1430,1,38.61217003958244,38.61217003958244,100.0
1430,2,24.503901516207655,24.503901516207655,100.0
1440,0,27.9382632181365,27.9382632181365,100.0
1440,1,46.09290313471737,46.09290313471737,100.0
1440,2,25.968833647146127,25.968833647146127,100.0
1450,0,45.78955788076344,45.78955788076344,100.0
1450,1,32.405200221247796,32.405200221247796,100.0
1450,2,21.805241897988758,21.805241897988758,100.0
1460,0,26.526637212146554,26.526637212146554,100.0
1460,1,53.49487272147654,53.49487272147654,100.0
1460,2,19.978490066376906,19.978490066376906,100.0
1470,0,44.460631442314266,44.460631442314266,100.0
1470,1,28.49689873113653,28.49689873113653,100.0
1470,2,27.042469826549205,27.042469826549205,100.0
1480,0,41.09981078553343,41.09981078553343,100.0
1480,1,35.22060848690497,35.22060848690497,100.0
1480,2,23.6795807275616,23.6795807275616,100.0
1490,0,41.063722847727554,41.063722847727554,100.0
1490,1,31.56256446069181,31.56256446069181,100.0
1490,2,27.373712691580643,27.373712691580643,100.0
1500,0,36.146483535658504,36.146483535658504,100.0
1500,1,40.88864357460266,40.88864357460266,100.0
1500,2,22.96487288973884,22.96487288973884,100.0
