timestamp,ueImsi,sliceId,dTxBytes,dRxBytes,plr,resourceSharePct,dLostPackets,throughputMbps,bufferBytes
560,1,0,24448,3056,87.50,37.51,14,2.4448,130423
560,2,0,24448,3056,87.50,37.51,14,2.4448,130358
560,3,0,24448,3056,87.50,37.51,14,2.4448,130374
560,4,0,24448,3056,87.50,37.51,14,2.4448,130384
560,5,0,24448,3056,87.50,37.51,14,2.4448,130407
560,6,1,780,702,10.00,25.99,1,0.5616,87
560,7,1,780,702,10.00,25.99,1,0.5616,87
560,8,1,780,702,10.00,25.99,1,0.5616,87
560,9,1,780,702,10.00,25.99,1,0.5616,87
560,10,1,780,702,10.00,25.99,1,0.5616,87
560,11,2,16000,1408,91.20,36.50,114,1.1264,88060
560,12,2,16000,1408,91.20,36.50,114,1.1264,88005
560,13,2,16000,1408,91.20,36.50,114,1.1264,87972
560,14,2,16000,1408,91.20,36.50,114,1.1264,87971
560,15,2,16000,1536,90.40,36.50,113,1.2288,87965
560,16,2,16000,1536,90.40,36.50,113,1.2288,87959
560,17,2,16000,1408,91.20,36.50,114,1.1264,87979
560,18,2,16000,1408,91.20,36.50,114,1.1264,87986
560,19,2,16000,1408,91.20,36.50,114,1.1264,87994
560,20,2,16000,1408,91.20,36.50,114,1.1264,87988
