timestamp,ueImsi,sliceId,dTxBytes,dRxBytes,plr,resourceSharePct,dLostPackets,throughputMbps,bufferBytes
560,1,0,24448,1528,93.75,16.66,15,1.2224,134785
560,2,0,24448,1528,93.75,16.66,15,1.2224,134871
560,3,0,24448,1528,93.75,16.66,15,1.2224,134887
560,4,0,24448,1528,93.75,16.66,15,1.2224,134875
560,5,0,24448,1528,93.75,16.66,15,1.2224,134846
560,6,1,780,702,10.00,30.00,1,0.5616,87
560,7,1,780,702,10.00,30.00,1,0.5616,87
560,8,1,780,702,10.00,30.00,1,0.5616,87
560,9,1,780,702,10.00,30.00,1,0.5616,87
560,10,1,780,702,10.00,30.00,1,0.5616,87
560,11,2,16000,1920,88.00,53.33,110,1.5360,86693
560,12,2,16000,1920,88.00,53.33,110,1.5360,86725
560,13,2,16000,1920,88.00,53.33,110,1.5360,86693
560,14,2,16000,1920,88.00,53.33,110,1.5360,86693
560,15,2,16000,1920,88.00,53.33,110,1.5360,86693
560,16,2,16000,1920,88.00,53.33,110,1.5360,86685
560,17,2,16000,1920,88.00,53.33,110,1.5360,86689
560,18,2,16000,1920,88.00,53.33,110,1.5360,86706
560,19,2,16000,1920,88.00,53.33,110,1.5360,86706
560,20,2,16000,1920,88.00,53.33,110,1.5360,86690
