timestamp,ueImsi,sliceId,dTxBytes,dRxBytes,plr,resourceSharePct,dLostPackets,throughputMbps,bufferBytes
560,1,0,24448,0,100.00,25.41,16,0.0000,137931
560,2,0,24448,0,100.00,25.41,16,0.0000,137834
560,3,0,24448,0,100.00,25.41,16,0.0000,137903
560,4,0,24448,0,100.00,25.41,16,0.0000,137895
560,5,0,24448,0,100.00,25.41,16,0.0000,137895
560,6,1,780,624,20.00,46.38,2,0.4992,87
560,7,1,780,624,20.00,46.38,2,0.4992,87
560,8,1,780,624,20.00,46.38,2,0.4992,87
560,9,1,780,624,20.00,46.38,2,0.4992,87
560,10,1,780,624,20.00,46.38,2,0.4992,87
560,11,2,16000,768,95.20,28.20,119,0.6144,90960
560,12,2,16000,768,95.20,28.20,119,0.6144,90974
560,13,2,16000,768,95.20,28.20,119,0.6144,90978
560,14,2,16000,768,95.20,28.20,119,0.6144,90976
560,15,2,16000,640,96.00,28.20,120,0.5120,91040
560,16,2,16000,640,96.00,28.20,120,0.5120,90923
560,17,2,16000,640,96.00,28.20,120,0.5120,90923
560,18,2,16000,640,96.00,28.20,120,0.5120,90923
560,19,2,16000,640,96.00,28.20,120,0.5120,90920
560,20,2,16000,640,96.00,28.20,120,0.5120,90920
