timestamp,ueImsi,sliceId,dTxBytes,dRxBytes,plr,resourceSharePct,dLostPackets,throughputMbps,bufferBytes
590,1,0,24448,1528,93.75,61.67,15,1.2224,205752
590,2,0,24448,1528,93.75,61.67,15,1.2224,205465
590,3,0,24448,3056,87.50,61.67,14,2.4448,204692
590,4,0,24448,3056,87.50,61.67,14,2.4448,204017
590,5,0,24448,3056,87.50,61.67,14,2.4448,201591
590,6,1,390,468,0.00,20.00,0,0.3744,87
590,7,1,390,468,0.00,20.00,0,0.3744,87
590,8,1,390,468,0.00,20.00,0,0.3744,87
590,9,1,390,468,0.00,20.00,0,0.3744,87
590,10,1,390,468,0.00,20.00,0,0.3744,87
590,11,2,16000,512,96.80,18.34,121,0.4096,137248
590,12,2,16000,512,96.80,18.34,121,0.4096,137540
590,13,2,16000,512,96.80,18.34,121,0.4096,137249
590,14,2,16000,512,96.80,18.34,121,0.4096,136387
590,15,2,16000,640,96.00,18.34,120,0.5120,135078
590,16,2,16000,640,96.00,18.34,120,0.5120,134786
590,17,2,16000,640,96.00,18.34,120,0.5120,134786
590,18,2,16000,640,96.00,18.34,120,0.5120,134786
590,19,2,16000,768,95.20,18.34,119,0.6144,133908
590,20,2,16000,768,95.20,18.34,119,0.6144,133908
