timestamp,sliceId,dedicatedPRB,minPRB,maxPRB
510,0,31.17115665959896,31.17115665959896,100.0
510,1,27.03577167255885,27.03577167255885,100.0
510,2,41.7930716678422,41.7930716678422,100.0
520,0,36.34324657523646,36.34324657523646,100.0
520,1,28.879197115827733,28.879197115827733,100.0
520,2,34.7775563089358,34.7775563089358,100.0
530,0,28.196058016428722,28.196058016428722,100.0
530,1,46.67568703050275,46.67568703050275,100.0
530,2,25.12825495306853,25.12825495306853,100.0
540,0,35.49591457610111,35.49591457610111,100.0
540,1,38.99357643315769,38.99357643315769,100.0
540,2,25.510508990741197,25.510508990741197,100.0
550,0,38.25804711576048,38.25804711576048,100.0
550,1,23.787848359369494,23.787848359369494,100.0
550,2,37.954104524870026,37.954104524870026,100.0
560,0,38.85309438057444,38.85309438057444,100.0
560,1,35.799941302274405,35.799941302274405,100.0
560,2,25.346964317151155,25.346964317151155,100.0
570,0,33.76534457303035,33.76534457303035,100.0
570,1,45.63568984503421,45.63568984503421,100.0
570,2,20.598965581935445,20.598965581935445,100.0
580,0,24.40113913659854,24.40113913659854,100.0
580,1,36.895010893070975,36.895010893070975,100.0
580,2,38.70384997033048,38.70384997033048,100.0
590,0,27.37189192183917,27.37189192183917,100.0
590,1,36.85020890547883,36.85020890547883,100.0
590,2,35.777899172682005,35.777899172682005,100.0
600,0,22.61224568452889,22.61224568452889,100.0
600,1,48.61507468402942,48.61507468402942,100.0
600,2,28.77267963144169,28.77267963144169,100.0
610,0,33.631450482804034,33.631450482804034,100.0
610,1,46.63998069172875,46.63998069172875,100.0
610,2,19.728568825467214,19.728568825467214,100.0
620,0,43.345395905601855,43.345395905601855,100.0
620,1,36.784850952813166,36.784850952813166,100.0
620,2,19.869753141584972,19.869753141584972,100.0
630,0,30.999397098314972,30.999397098314972,100.0
630,1,44.50268549018108,44.50268549018108,100.0
630,2,24.49791741150395,24.49791741150395,100.0
640,0,31.48093583605263,31.48093583605263,100.0
640,1,34.93662995656332,34.93662995656332,100.0
640,2,33.58243420738405,33.58243420738405,100.0
650,0,44.26552883505598,44.26552883505598,100.0
650,1,25.506783729789902,25.506783729789902,100.0
650,2,30.22768743515412,30.22768743515412,100.0
660,0,24.084949252256685,24.084949252256685,100.0
660,1,26.43642791612476,26.43642791612476,100.0
660,2,49.478622831618566,49.478622831618566,100.0
670,0,45.44513703877185,45.44513703877185,100.0
670,1,27.271444162954307,27.271444162954307,100.0
670,2,27.28341879827385,27.28341879827385,100.0
680,0,28.088300849404668,28.088300849404668,100.0
680,1,51.522176833390176,51.522176833390176,100.0
680,2,20.38952231720515,20.38952231720515,100.0
690,0,35.438347958157465,35.438347958157465,100.0
690,1,45.8428628190518,45.8428628190518,100.0
690,2,18.718789222790726,18.718789222790726,100.0
700,0,36.44107239677786,36.44107239677786,100.0
700,1,38.639294707403025,38.639294707403025,100.0
700,2,24.91963289581911,24.91963289581911,100.0
710,0,47.36035634498377,47.36035634498377,100.0
710,1,28.881596148970708,28.881596148970708,100.0
710,2,23.75804750604553,23.75804750604553,100.0
720,0,37.859269756737504,37.859269756737504,100.0
720,1,28.50228008610513,28.50228008610513,100.0
720,2,33.638450157157365,33.638450157157365,100.0
730,0,33.27928095723917,33.27928095723917,100.0
730,1,27.15069488299953,27.15069488299953,100.0
730,2,39.5700241597613,39.5700241597613,100.0
740,0,28.319825978394515,28.319825978394515,100.0
740,1,51.87090568970638,51.87090568970638,100.0
740,2,19.809268331899112,19.809268331899112,100.0
750,0,29.435899177134743,29.435899177134743,100.0
750,1,34.699662784400786,34.699662784400786,100.0
750,2,35.86443803846446,35.86443803846446,100.0
760,0,36.0506584138847,36.0506584138847,100.0
760,1,35.93722207514788,35.93722207514788,100.0
760,2,28.012119510967427,28.012119510967427,100.0
770,0,39.5919509525057,39.5919509525057,100.0
770,1,34.69054393248503,34.69054393248503,100.0
770,2,25.71750511500928,25.71750511500928,100.0
780,0,30.614898330144246,30.614898330144246,100.0
780,1,47.870157363403216,47.870157363403216,100.0
780,2,21.514944306452545,21.514944306452545,100.0
790,0,29.47429449050858,29.47429449050858,100.0
790,1,36.99501020097736,36.99501020097736,100.0
790,2,33.530695308514055,33.530695308514055,100.0
800,0,30.561377297795755,30.561377297795755,100.0
800,1,34.67662344333963,34.67662344333963,100.0
800,2,34.76199925886462,34.76199925886462,100.0
810,0,34.56199710158345,34.56199710158345,100.0
810,1,34.10865546653663,34.10865546653663,100.0
810,2,31.329347431879917,31.329347431879917,100.0
820,0,51.12657078167536,51.12657078167536,100.0
820,1,26.194270007336996,26.194270007336996,100.0
820,2,22.679159210987645,22.679159210987645,100.0
830,0,25.97485506230643,25.97485506230643,100.0
830,1,50.774874373505384,50.774874373505384,100.0
830,2,23.25027056418819,23.25027056418819,100.0
840,0,31.98494273889828,31.98494273889828,100.0
840,1,38.95009781715637,38.95009781715637,100.0
840,2,29.064959443945344,29.064959443945344,100.0
850,0,36.029694135312496,36.029694135312496,100.0
850,1,27.00876354113948,27.00876354113948,100.0
850,2,36.961542323548024,36.961542323548024,100.0
860,0,34.2393025018469,34.2393025018469,100.0
860,1,31.91582397348327,31.91582397348327,100.0
860,2,33.84487352466983,33.84487352466983,100.0
870,0,32.36803757547783,32.36803757547783,100.0
870,1,44.90098577895002,44.90098577895002,100.0
870,2,22.73097664557215,22.73097664557215,100.0
880,0,28.513929884383693,28.513929884383693,100.0
880,1,52.00580350120902,52.00580350120902,100.0
880,2,19.480266614407277,19.480266614407277,100.0
890,0,33.07729864171732,33.07729864171732,100.0
890,1,43.371778669192445,43.371778669192445,100.0
890,2,23.55092268909024,23.55092268909024,100.0
900,0,24.184758732888163,24.184758732888163,100.0
900,1,37.47999596115007,37.47999596115007,100.0
900,2,38.33524530596178,38.33524530596178,100.0
910,0,34.09115093444366,34.09115093444366,100.0
910,1,37.06960278340114,37.06960278340114,100.0
910,2,28.839246282155205,28.839246282155205,100.0
920,0,28.397771438655212,28.397771438655212,100.0
920,1,50.07094692843928,50.07094692843928,100.0
920,2,21.53128163290553,21.53128163290553,100.0
930,0,52.9442142533751,52.9442142533751,100.0
930,1,25.685814771546546,25.685814771546546,100.0
930,2,21.36997097507837,21.36997097507837,100.0
940,0,29.449545913123448,29.449545913123448,100.0
940,1,42.307464264217046,42.307464264217046,100.0
940,2,28.242989822659514,28.242989822659514,100.0
950,0,23.575401114920798,23.575401114920798,100.0
950,1,40.33700517637,40.33700517637,100.0
950,2,36.08759370870921,36.08759370870921,100.0
960,0,38.37219595426309,38.37219595426309,100.0
960,1,28.595623815199332,28.595623815199332,100.0
960,2,33.03218023053758,33.03218023053758,100.0
970,0,35.12366524499346,35.12366524499346,100.0
970,1,38.68284808639514,38.68284808639514,100.0
970,2,26.1934866686114,26.1934866686114,100.0
980,0,26.99255421232028,26.99255421232028,100.0
980,1,49.864328041952945,49.864328041952945,100.0
980,2,23.143117745726787,23.143117745726787,100.0
990,0,33.03489905128871,33.03489905128871,100.0
990,1,39.577865769494295,39.577865769494295,100.0
990,2,27.387235179217,27.387235179217,100.0
1000,0,24.99213858439661,24.99213858439661,100.0
1000,1,52.8254651320047,52.8254651320047,100.0
1000,2,22.18239628359868,22.18239628359868,100.0
1010,0,42.386147793254736,42.386147793254736,100.0
1010,1,25.850497292359965,25.850497292359965,100.0
1010,2,31.763354914385296,31.763354914385296,100.0
1020,0,25.833140880575623,25.833140880575623,100.0
1020,1,42.54142416689586,42.54142416689586,100.0
1020,2,31.625434952528515,31.625434952528515,100.0
1030,0,35.69784693069871,35.69784693069871,100.0
1030,1,25.39866649003692,25.39866649003692,100.0
1030,2,38.90348657926438,38.90348657926438,100.0
1040,0,39.32311350137242,39.32311350137242,100.0
1040,1,25.964968546258255,25.964968546258255,100.0
1040,2,34.71191795236933,34.71191795236933,100.0
1050,0,34.25208298587969,34.25208298587969,100.0
1050,1,46.21284473207495,46.21284473207495,100.0
1050,2,19.535072282045366,19.535072282045366,100.0
1060,0,34.41928551810772,34.41928551810772,100.0
1060,1,45.83903168249756,45.83903168249756,100.0
1060,2,19.74168279939471,19.74168279939471,100.0
1070,0,30.6459178458611,30.6459178458611,100.0
1070,1,38.018654686305496,38.018654686305496,100.0
1070,2,31.33542746783341,31.33542746783341,100.0
1080,0,28.16988137519728,28.16988137519728,100.0
1080,1,38.919522048394114,38.919522048394114,100.0
1080,2,32.910596576408594,32.910596576408594,100.0
1090,0,28.19466227004942,28.19466227004942,100.0
1090,1,48.10146854545814,48.10146854545814,100.0
1090,2,23.70386918449244,23.70386918449244,100.0
1100,0,35.01139331090142,35.01139331090142,100.0
1100,1,46.74514895431406,46.74514895431406,100.0
1100,2,18.243457734784528,18.243457734784528,100.0
1110,0,37.76783639004475,37.76783639004475,100.0
1110,1,27.326105437139137,27.326105437139137,100.0
1110,2,34.90605817281611,34.90605817281611,100.0
1120,0,43.925783527160924,43.925783527160924,100.0
1120,1,25.90337405180557,25.90337405180557,100.0
1120,2,30.170842421033505,30.170842421033505,100.0
1130,0,23.262237290605604,23.262237290605604,100.0
1130,1,28.259311967686667,28.259311967686667,100.0
1130,2,48.47845074170773,48.47845074170773,100.0
1140,0,28.631180129462486,28.631180129462486,100.0
1140,1,34.97896625219185,34.97896625219185,100.0
1140,2,36.389853618345654,36.389853618345654,100.0
1150,0,32.27217615411453,32.27217615411453,100.0
1150,1,27.917339490040362,27.917339490040362,100.0
1150,2,39.81048435584511,39.81048435584511,100.0
1160,0,40.31843971556634,40.31843971556634,100.0
1160,1,35.79607058269024,35.79607058269024,100.0
1160,2,23.885489701743406,23.885489701743406,100.0
1170,0,30.455547684359807,30.455547684359807,100.0
1170,1,42.46071856194848,42.46071856194848,100.0
1170,2,27.083733753691725,27.083733753691725,100.0
1180,0,45.822060615536664,45.822060615536664,100.0
1180,1,30.409181441985567,30.409181441985567,100.0
1180,2,23.768757942477766,23.768757942477766,100.0
1190,0,36.99099528748272,36.99099528748272,100.0
1190,1,28.169924634431847,28.169924634431847,100.0
1190,2,34.83908007808544,34.83908007808544,100.0
1200,0,47.555712313058564,47.555712313058564,100.0
1200,1,26.711544868434594,26.711544868434594,100.0
1200,2,25.732742818506843,25.732742818506843,100.0
1210,0,36.58690050165044,36.58690050165044,100.0
1210,1,34.06621545097608,34.06621545097608,100.0
1210,2,29.346884047373482,29.346884047373482,100.0
1220,0,24.78439456505613,24.78439456505613,100.0
1220,1,31.969969751178866,31.969969751178866,100.0
1220,2,43.245635683765,43.245635683765,100.0
1230,0,32.78875582921238,32.78875582921238,100.0
1230,1,47.48451442337513,47.48451442337513,100.0
1230,2,19.72672974741249,19.72672974741249,100.0
1240,0,47.255080676995384,47.255080676995384,100.0
1240,1,26.881498177864195,26.881498177864195,100.0
1240,2,25.863421145140435,25.863421145140435,100.0
1250,0,22.649104808716714,22.649104808716714,100.0
1250,1,50.44455357543139,50.44455357543139,100.0
1250,2,26.906341615851904,26.906341615851904,100.0
1260,0,37.93639850778439,37.93639850778439,100.0
1260,1,33.35489467919991,33.35489467919991,100.0
1260,2,28.70870681301571,28.70870681301571,100.0
1270,0,42.506042868559,42.506042868559,100.0
1270,1,28.59529116492271,28.59529116492271,100.0
1270,2,28.8986659665183,28.8986659665183,100.0
1280,0,40.06577355027759,40.06577355027759,100.0
1280,1,29.328064445192464,29.328064445192464,100.0
1280,2,30.606162004529953,30.606162004529953,100.0
1290,0,37.934103588318564,37.934103588318564,100.0
1290,1,40.298193856643344,40.298193856643344,100.0
1290,2,21.767702555038095,21.767702555038095,100.0
1300,0,33.82017363058844,33.82017363058844,100.0
1300,1,33.87118724163675,33.87118724163675,100.0
1300,2,32.30863912777481,32.30863912777481,100.0
1310,0,24.491080606076988,24.491080606076988,100.0
1310,1,51.78755939931482,51.78755939931482,100.0
1310,2,23.721359994608196,23.721359994608196,100.0
1320,0,41.81966591759654,41.81966591759654,100.0
1320,1,26.08579298539617,26.08579298539617,100.0
1320,2,32.09454109700729,32.09454109700729,100.0
1330,0,24.550867112884124,24.550867112884124,100.0
1330,1,27.824519328731824,27.824519328731824,100.0
1330,2,47.624613558384056,47.624613558384056,100.0
1340,0,28.00185037041136,28.00185037041136,100.0
1340,1,49.540911760006445,49.540911760006445,100.0
1340,2,22.457237869582197,22.457237869582197,100.0
1350,0,41.433400655245336,41.433400655245336,100.0
1350,1,29.91393101001532,29.91393101001532,100.0
1350,2,28.652668334739346,28.652668334739346,100.0
1360,0,28.975583971710805,28.975583971710805,100.0
1360,1,36.863326019103084,36.863326019103084,100.0
1360,2,34.161090009186104,34.161090009186104,100.0
1370,0,26.494688209704194,26.494688209704194,100.0
1370,1,52.239000859051465,52.239000859051465,100.0
1370,2,21.26631093124434,21.26631093124434,100.0
1380,0,25.426045163352505,25.426045163352505,100.0
1380,1,49.05197614553059,49.05197614553059,100.0
1380,2,25.52197869111691,25.52197869111691,100.0
1390,0,28.499439058965592,28.499439058965592,100.0
1390,1,42.354890248187836,42.354890248187836,100.0
1390,2,29.145670692846572,29.145670692846572,100.0
1400,0,26.251366158317847,26.251366158317847,100.0
1400,1,27.842327045056464,27.842327045056464,100.0
1400,2,45.90630679662569,45.90630679662569,100.0
1410,0,30.487121831430397,30.487121831430397,100.0
1410,1,40.58108089998479,40.58108089998479,100.0
1410,2,28.931797268584823,28.931797268584823,100.0
1420,0,38.51792121312175,38.51792121312175,100.0
1420,1,43.21512337540071,43.21512337540071,100.0
1420,2,18.26695541147754,18.26695541147754,100.0
1430,0,25.742990657064723,25.742990657064723,100.0
1430,1,34.89361105304701,34.89361105304701,100.0
1430,2,39.36339828988828,39.36339828988828,100.0
1440,0,36.56814312406812,36.56814312406812,100.0
1440,1,43.364727447117296,43.364727447117296,100.0
1440,2,20.067129428814575,20.067129428814575,100.0
1450,0,35.39715427163312,35.39715427163312,100.0
1450,1,30.300474980791403,30.300474980791403,100.0
1450,2,34.30237074757548,34.30237074757548,100.0
1460,0,38.79062961468121,38.79062961468121,100.0
1460,1,26.64043766584806,26.64043766584806,100.0
1460,2,34.56893271947074,34.56893271947074,100.0
1470,0,29.908840463494222,29.908840463494222,100.0
1470,1,45.75852907028587,45.75852907028587,100.0
1470,2,24.332630466219907,24.332630466219907,100.0
1480,0,39.163157858343745,39.163157858343745,100.0
1480,1,35.45713315414029,35.45713315414029,100.0
1480,2,25.37970898751597,25.37970898751597,100.0
1490,0,24.342335303753025,24.342335303753025,100.0
1490,1,41.230436957336835,41.230436957336835,100.0
1490,2,34.42722773891014,34.42722773891014,100.0
1500,0,40.66708446671886,40.66708446671886,100.0
1500,1,26.23276141849398,26.23276141849398,100.0
1500,2,33.10015411478716,33.10015411478716,100.0
