timestamp,sliceId,dedicatedPRB,minPRB,maxPRB
510,0,38.395171529288255,38.395171529288255,100.0
510,1,29.476954573261093,29.476954573261093,100.0
510,2,32.127873897450655,32.127873897450655,100.0
520,0,26.42715921367811,26.42715921367811,100.0
520,1,30.694216812459622,30.694216812459622,100.0
520,2,42.87862397386226,42.87862397386226,100.0
530,0,24.035945143469835,24.035945143469835,100.0
530,1,50.74693615076096,50.74693615076096,100.0
530,2,25.217118705769217,25.217118705769217,100.0
540,0,34.83696527938168,34.83696527938168,100.0
540,1,43.2859797676057,43.2859797676057,100.0
540,2,21.87705495301262,21.87705495301262,100.0
550,0,27.644195534949095,27.644195534949095,100.0
550,1,48.96299049992819,48.96299049992819,100.0
550,2,23.392813965122716,23.392813965122716,100.0
560,0,34.91220423514358,34.91220423514358,100.0
560,1,28.221687114922045,28.221687114922045,100.0
560,2,36.86610864993439,36.86610864993439,100.0
570,0,27.276584390312937,27.276584390312937,100.0
570,1,40.61345608468267,40.61345608468267,100.0
570,2,32.109959525004406,32.109959525004406,100.0
580,0,32.61972044132041,32.61972044132041,100.0
580,1,33.06722964454949,33.06722964454949,100.0
580,2,34.3130499141301,34.3130499141301,100.0
590,0,25.473139912764818,25.473139912764818,100.0
590,1,41.7120631666475,41.7120631666475,100.0
590,2,32.814796920587675,32.814796920587675,100.0
600,0,28.792704666670403,28.792704666670403,100.0
600,1,42.316653936454294,42.316653936454294,100.0
600,2,28.890641396875296,28.890641396875296,100.0
610,0,27.43592704583272,27.43592704583272,100.0
610,1,31.276418825946482,31.276418825946482,100.0
610,2,41.287654128220794,41.287654128220794,100.0
620,0,39.26092550079685,39.26092550079685,100.0
620,1,29.036523304643147,29.036523304643147,100.0
620,2,31.702551194559998,31.702551194559998,100.0
630,0,21.319703681240334,21.319703681240334,100.0
630,1,39.90992529329414,39.90992529329414,100.0
630,2,38.770371025465536,38.770371025465536,100.0
640,0,28.575885693371735,28.575885693371735,100.0
640,1,46.789238394365185,46.789238394365185,100.0
640,2,24.634875912263084,24.634875912263084,100.0
650,0,31.94139412487182,31.94139412487182,100.0
650,1,46.77265616040427,46.77265616040427,100.0
650,2,21.285949714723916,21.285949714723916,100.0
660,0,45.725251693274295,45.725251693274295,100.0
660,1,27.394006077558064,27.394006077558064,100.0
660,2,26.88074222916765,26.88074222916765,100.0
670,0,34.00234965277743,34.00234965277743,100.0
670,1,37.53547643751746,37.53547643751746,100.0
670,2,28.462173909705108,28.462173909705108,100.0
680,0,40.83420096100487,40.83420096100487,100.0
680,1,26.964989511482113,26.964989511482113,100.0
680,2,32.20080952751302,32.20080952751302,100.0
690,0,27.97672972957806,27.97672972957806,100.0
690,1,43.6801974382692,43.6801974382692,100.0
690,2,28.34307283215274,28.34307283215274,100.0
700,0,43.018881433094734,43.018881433094734,100.0
700,1,33.68507692284173,33.68507692284173,100.0
700,2,23.296041644063532,23.296041644063532,100.0
710,0,40.73837353455295,40.73837353455295,100.0
710,1,32.262590394995016,32.262590394995016,100.0
710,2,26.999036070452032,26.999036070452032,100.0
720,0,43.13863457560099,43.13863457560099,100.0
720,1,31.289503882867454,31.289503882867454,100.0
720,2,25.57186154153156,25.57186154153156,100.0
730,0,38.90312229355778,38.90312229355778,100.0
730,1,34.25080431867347,34.25080431867347,100.0
730,2,26.846073387768747,26.846073387768747,100.0
740,0,35.19496113818955,35.19496113818955,100.0
740,1,30.497667751483128,30.497667751483128,100.0
740,2,34.307371110327324,34.307371110327324,100.0
750,0,42.31977377038988,42.31977377038988,100.0
750,1,34.18210402884194,34.18210402884194,100.0
750,2,23.49812220076818,23.49812220076818,100.0
760,0,28.60204992712375,28.60204992712375,100.0
760,1,36.147198719756595,36.147198719756595,100.0
760,2,35.25075135311966,35.25075135311966,100.0
770,0,23.677759615879125,23.677759615879125,100.0
770,1,50.02193143357643,50.02193143357643,100.0
770,2,26.300308950544448,26.300308950544448,100.0
780,0,45.56422710992156,45.56422710992156,100.0
780,1,32.433309815328606,32.433309815328606,100.0
780,2,22.00246307474983,22.00246307474983,100.0
790,0,43.01290937931754,43.01290937931754,100.0
790,1,34.60348649154525,34.60348649154525,100.0
790,2,22.383604129137215,22.383604129137215,100.0
800,0,22.98824441793809,22.98824441793809,100.0
800,1,39.612719541844044,39.612719541844044,100.0
800,2,37.39903604021786,37.39903604021786,100.0
810,0,37.94355936853704,37.94355936853704,100.0
810,1,43.66502385938007,43.66502385938007,100.0
810,2,18.39141677208289,18.39141677208289,100.0
820,0,34.71380360560531,34.71380360560531,100.0
820,1,45.07594192483846,45.07594192483846,100.0
820,2,20.210254469556233,20.210254469556233,100.0
830,0,38.33877512730511,38.33877512730511,100.0
830,1,30.9959450234007,30.9959450234007,100.0
830,2,30.665279849294187,30.665279849294187,100.0
840,0,33.03207085911032,33.03207085911032,100.0
840,1,25.23350002092147,25.23350002092147,100.0
840,2,41.73442911996822,41.73442911996822,100.0
850,0,40.55159686070409,40.55159686070409,100.0
850,1,25.134174051925484,25.134174051925484,100.0
850,2,34.31422908737043,34.31422908737043,100.0
860,0,42.088435134378535,42.088435134378535,100.0
860,1,39.52208409841446,39.52208409841446,100.0
860,2,18.389480767207004,18.389480767207004,100.0
870,0,36.00728725129335,36.00728725129335,100.0
870,1,33.161876591720045,33.161876591720045,100.0
870,2,30.830836156986607,30.830836156986607,100.0
880,0,39.74856275834445,39.74856275834445,100.0
880,1,42.774541041462285,42.774541041462285,100.0
880,2,17.476896200193266,17.476896200193266,100.0
890,0,26.399177963617475,26.399177963617475,100.0
890,1,45.321499907963826,45.321499907963826,100.0
890,2,28.2793221284187,28.2793221284187,100.0
900,0,38.885572866023686,38.885572866023686,100.0
900,1,26.775078614913067,26.775078614913067,100.0
900,2,34.33934851906326,34.33934851906326,100.0
910,0,39.538943041613464,39.538943041613464,100.0
910,1,31.586819541413252,31.586819541413252,100.0
910,2,28.874237416973287,28.874237416973287,100.0
920,0,46.90572607028504,46.90572607028504,100.0
920,1,30.72429567112087,30.72429567112087,100.0
920,2,22.3699782585941,22.3699782585941,100.0
930,0,33.19617220509327,33.19617220509327,100.0
930,1,36.530205620063995,36.530205620063995,100.0
930,2,30.273622174842746,30.273622174842746,100.0
940,0,39.5639842036456,39.5639842036456,100.0
940,1,26.930484463560077,26.930484463560077,100.0
940,2,33.50553133279433,33.50553133279433,100.0
950,0,51.854161784402756,51.854161784402756,100.0
950,1,28.788630687672473,28.788630687672473,100.0
950,2,19.35720752792478,19.35720752792478,100.0
960,0,29.862382805681115,29.862382805681115,100.0
960,1,39.888245763342915,39.888245763342915,100.0
960,2,30.249371430975973,30.249371430975973,100.0
970,0,37.59186091393069,37.59186091393069,100.0
970,1,35.330655381255745,35.330655381255745,100.0
970,2,27.07748370481357,27.07748370481357,100.0
980,0,44.750297384376246,44.750297384376246,100.0
980,1,28.834379447604686,28.834379447604686,100.0
980,2,26.415323168019068,26.415323168019068,100.0
990,0,28.55373633225906,28.55373633225906,100.0
990,1,32.05200162428666,32.05200162428666,100.0
990,2,39.394262043454276,39.394262043454276,100.0
1000,0,32.20424560244693,32.20424560244693,100.0
1000,1,28.48797411322499,28.48797411322499,100.0
1000,2,39.307780284328075,39.307780284328075,100.0
1010,0,30.87583300756538,30.87583300756538,100.0
1010,1,38.054338643363415,38.054338643363415,100.0
1010,2,31.069828349071205,31.069828349071205,100.0
1020,0,51.95751366074669,51.95751366074669,100.0
1020,1,25.36225587217544,25.36225587217544,100.0
1020,2,22.680230467077884,22.680230467077884,100.0
1030,0,27.34877871202085,27.34877871202085,100.0
1030,1,35.24311014456282,35.24311014456282,100.0
1030,2,37.40811114341634,37.40811114341634,100.0
1040,0,35.04213214248983,35.04213214248983,100.0
1040,1,40.04808533143145,40.04808533143145,100.0
1040,2,24.90978252607873,24.90978252607873,100.0
1050,0,29.167607550755527,29.167607550755527,100.0
1050,1,27.509377164088576,27.509377164088576,100.0
1050,2,43.3230152851559,43.3230152851559,100.0
1060,0,51.52639373571294,51.52639373571294,100.0
1060,1,28.10691443511265,28.10691443511265,100.0
1060,2,20.366691829174414,20.366691829174414,100.0
1070,0,28.65683076820372,28.65683076820372,100.0
1070,1,38.02130893769743,38.02130893769743,100.0
1070,2,33.321860294098855,33.321860294098855,100.0
1080,0,45.97445147166891,45.97445147166891,100.0
1080,1,32.099634632793354,32.099634632793354,100.0
1080,2,21.925913895537747,21.925913895537747,100.0
1090,0,31.839906627752157,31.839906627752157,100.0
1090,1,37.44887385278446,37.44887385278446,100.0
1090,2,30.711219519463384,30.711219519463384,100.0
1100,0,38.10659501805258,38.10659501805258,100.0
1100,1,34.37556291364831,34.37556291364831,100.0
1100,2,27.51784206829911,27.51784206829911,100.0
1110,0,36.81958614171564,36.81958614171564,100.0
1110,1,25.128878940654648,25.128878940654648,100.0
1110,2,38.05153491762972,38.05153491762972,100.0
1120,0,30.131547584601126,30.131547584601126,100.0
1120,1,31.754278695658694,31.754278695658694,100.0
1120,2,38.11417371974018,38.11417371974018,100.0
1130,0,30.43610110656067,30.43610110656067,100.0
1130,1,39.3457075332295,39.3457075332295,100.0
1130,2,30.21819136020984,30.21819136020984,100.0
1140,0,31.239522023796084,31.239522023796084,100.0
1140,1,42.41528538232657,42.41528538232657,100.0
1140,2,26.345192593877353,26.345192593877353,100.0
1150,0,31.867287469043838,31.867287469043838,100.0
1150,1,27.302072691496466,27.302072691496466,100.0
1150,2,40.83063983945971,40.83063983945971,100.0
1160,0,51.97508255595006,51.97508255595006,100.0
1160,1,25.334553344617657,25.334553344617657,100.0
1160,2,22.690364099432287,22.690364099432287,100.0
1170,0,36.69008845894986,36.69008845894986,100.0
1170,1,31.659528569867224,31.659528569867224,100.0
1170,2,31.65038297118292,31.65038297118292,100.0
1180,0,33.42320143022627,33.42320143022627,100.0
1180,1,35.66295786003572,35.66295786003572,100.0
1180,2,30.91384070973802,30.91384070973802,100.0
1190,0,41.96705025721794,41.96705025721794,100.0
1190,1,24.362120059439082,24.362120059439082,100.0
1190,2,33.670829683342966,33.670829683342966,100.0
1200,0,28.371644532072988,28.371644532072988,100.0
1200,1,30.38437837235562,30.38437837235562,100.0
1200,2,41.2439770955714,41.2439770955714,100.0
1210,0,34.94574797735081,34.94574797735081,100.0
1210,1,35.93418988968371,35.93418988968371,100.0
1210,2,29.120062132965472,29.120062132965472,100.0
1220,0,30.092486935018915,30.092486935018915,100.0
1220,1,51.331551181666754,51.331551181666754,100.0
1220,2,18.575961883314324,18.575961883314324,100.0
1230,0,36.60197969007417,36.60197969007417,100.0
1230,1,38.45951171767107,38.45951171767107,100.0
1230,2,24.938508592254767,24.938508592254767,100.0
1240,0,32.26585549514733,32.26585549514733,100.0
1240,1,44.998217159407346,44.998217159407346,100.0
1240,2,22.73592734544533,22.73592734544533,100.0
1250,0,27.21081883385737,27.21081883385737,100.0
1250,1,46.89105826457721,46.89105826457721,100.0
1250,2,25.89812290156542,25.89812290156542,100.0
1260,0,37.789498121472164,37.789498121472164,100.0
1260,1,26.745898166309956,26.745898166309956,100.0
1260,2,35.46460371221788,35.46460371221788,100.0
1270,0,35.85608235601831,35.85608235601831,100.0
1270,1,30.95116676127219,30.95116676127219,100.0
1270,2,33.1927508827095,33.1927508827095,100.0
1280,0,42.89846802445352,42.89846802445352,100.0
1280,1,31.14147644242432,31.14147644242432,100.0
1280,2,25.960055533122155,25.960055533122155,100.0
1290,0,40.06954032272357,40.06954032272357,100.0
1290,1,23.92958375388593,23.92958375388593,100.0
1290,2,36.0008759233905,36.0008759233905,100.0
1300,0,40.832033068206364,40.832033068206364,100.0
1300,1,29.684536271629952,29.684536271629952,100.0
1300,2,29.48343066016369,29.48343066016369,100.0
1310,0,27.083417390317656,27.083417390317656,100.0
1310,1,29.260894078179213,29.260894078179213,100.0
1310,2,43.65568853150313,43.65568853150313,100.0
1320,0,35.245858106932936,35.245858106932936,100.0
1320,1,39.633327079114736,39.633327079114736,100.0
1320,2,25.12081481395233,25.12081481395233,100.0
1330,0,24.31373795866809,24.31373795866809,100.0
1330,1,29.21176767323065,29.21176767323065,100.0
1330,2,46.47449436810126,46.47449436810126,100.0
1340,0,38.15335154190197,38.15335154190197,100.0
1340,1,35.805252274253334,35.805252274253334,100.0
1340,2,26.0413961838447,26.0413961838447,100.0
1350,0,39.02727455305408,39.02727455305408,100.0
1350,1,28.167619134555327,28.167619134555327,100.0
1350,2,32.8051063123906,32.8051063123906,100.0
1360,0,41.644021463429944,41.644021463429944,100.0
1360,1,33.989911839911564,33.989911839911564,100.0
1360,2,24.366066696658496,24.366066696658496,100.0
1370,0,33.42523847837982,33.42523847837982,100.0
1370,1,39.994702924807314,39.994702924807314,100.0
1370,2,26.580058596812883,26.580058596812883,100.0
1380,0,29.30720923083767,29.30720923083767,100.0
1380,1,35.09997213874419,35.09997213874419,100.0
1380,2,35.59281863041813,35.59281863041813,100.0
1390,0,36.239436817256596,36.239436817256596,100.0
1390,1,32.80066306410948,32.80066306410948,100.0
1390,2,30.959900118633914,30.959900118633914,100.0
1400,0,46.89747081786646,46.89747081786646,100.0
1400,1,30.05391694977203,30.05391694977203,100.0
1400,2,23.048612232361513,23.048612232361513,100.0
1410,0,36.04629759648754,36.04629759648754,100.0
1410,1,35.99016265518757,35.99016265518757,100.0
1410,2,27.963539748324884,27.963539748324884,100.0
1420,0,54.33230340833729,54.33230340833729,100.0
1420,1,26.402603354066745,26.402603354066745,100.0
1420,2,19.265093237595973,19.265093237595973,100.0
1430,0,34.41620335256451,34.41620335256451,100.0
1430,1,40.6393115746981,40.6393115746981,100.0
1430,2,24.9444850727374,24.9444850727374,100.0
1440,0,39.23187944986398,39.23187944986398,100.0
1440,1,29.603365385122103,29.603365385122103,100.0
1440,2,31.164755165013915,31.164755165013915,100.0
1450,0,22.796825798641603,22.796825798641603,100.0
1450,1,28.040859910206333,28.040859910206333,100.0
1450,2,49.162314291152065,49.162314291152065,100.0
1460,0,29.27859785839416,29.27859785839416,100.0
1460,1,29.397123749179826,29.397123749179826,100.0
1460,2,41.32427839242602,41.32427839242602,100.0
1470,0,39.70197045147499,39.70197045147499,100.0
1470,1,33.85160359070358,33.85160359070358,100.0
1470,2,26.44642595782143,26.44642595782143,100.0
1480,0,30.9502624435224,30.9502624435224,100.0
1480,1,45.824484470421545,45.824484470421545,100.0
1480,2,23.225253086056053,23.225253086056053,100.0
1490,0,37.56996565157966,37.56996565157966,100.0
1490,1,38.423924099802385,38.423924099802385,100.0
1490,2,24.006110248617958,24.006110248617958,100.0
1500,0,23.492219269983707,23.492219269983707,100.0
1500,1,38.012870645890324,38.012870645890324,100.0
1500,2,38.49491008412597,38.49491008412597,100.0
