timestamp,ueImsi,sliceId,dTxBytes,dRxBytes,plr,resourceSharePct,dLostPackets,throughputMbps,bufferBytes
560,1,0,24448,3056,87.50,46.76,14,2.4448,135826
560,2,0,24448,3056,87.50,46.76,14,2.4448,135810
560,3,0,24448,3056,87.50,46.76,14,2.4448,135812
560,4,0,24448,3056,87.50,46.76,14,2.4448,135820
560,5,0,24448,3056,87.50,46.76,14,2.4448,135808
560,6,1,390,312,20.00,28.52,1,0.2496,169
560,7,1,390,312,20.00,28.52,1,0.2496,169
560,8,1,390,312,20.00,28.52,1,0.2496,169
560,9,1,390,312,20.00,28.52,1,0.2496,169
560,10,1,390,312,20.00,28.52,1,0.2496,169
560,11,2,16000,768,95.20,24.72,119,0.6144,89832
560,12,2,16000,768,95.20,24.72,119,0.6144,89831
560,13,2,16000,768,95.20,24.72,119,0.6144,89831
560,14,2,16000,768,95.20,24.72,119,0.6144,89830
560,15,2,16000,768,95.20,24.72,119,0.6144,89803
560,16,2,16000,768,95.20,24.72,119,0.6144,89797
560,17,2,16000,768,95.20,24.72,119,0.6144,89796
560,18,2,16000,896,94.40,24.72,118,0.7168,89794
560,19,2,16000,768,95.20,24.72,119,0.6144,89892
560,20,2,16000,768,95.20,24.72,119,0.6144,89892
