timestamp,ueImsi,sliceId,dTxBytes,dRxBytes,plr,resourceSharePct,dLostPackets,throughputMbps,bufferBytes
1510,1,0,18336,0,100.00,36.76,12,0.0000,1683567
1510,2,0,18336,3056,83.33,36.76,10,2.4448,1477763
1510,3,0,18336,6112,66.67,36.76,8,4.8896,1165880
1510,4,0,18336,0,100.00,36.76,12,0.0000,1332784
1510,5,0,18336,0,100.00,36.76,12,0.0000,1709206
1510,6,1,390,390,0.00,37.96,0,0.3120,87
1510,7,1,390,0,100.00,37.96,5,0.0000,5959
1510,8,1,390,390,0.00,37.96,0,0.3120,87
1510,9,1,390,0,100.00,37.96,5,0.0000,169
1510,10,1,390,0,100.00,37.96,5,0.0000,931
1510,11,2,384,256,33.33,25.29,1,0.2048,137
1510,12,2,384,256,33.33,25.29,1,0.2048,137
1510,13,2,384,256,33.33,25.29,1,0.2048,137
1510,14,2,384,256,33.33,25.29,1,0.2048,137
1510,15,2,384,256,33.33,25.29,1,0.2048,80
1510,16,2,384,0,100.00,25.29,3,0.0000,137
1510,17,2,384,256,33.33,25.29,1,0.2048,137
1510,18,2,384,0,100.00,25.29,3,0.0000,137
1510,19,2,384,256,33.33,25.29,1,0.2048,137
1510,20,2,384,128,66.67,25.29,2,0.1024,137
