timestamp,sliceId,dedicatedPRB,minPRB,maxPRB
510,0,26.43560303386859,26.43560303386859,100.0
510,1,42.302718146088694,42.302718146088694,100.0
510,2,31.261678820042725,31.261678820042725,100.0
520,0,30.46080156591132,30.46080156591132,100.0
520,1,35.2749253166488,35.2749253166488,100.0
520,2,34.264273117439885,34.264273117439885,100.0
530,0,35.633648951018316,35.633648951018316,100.0
530,1,40.82663517501004,40.82663517501004,100.0
530,2,23.53971587397165,23.53971587397165,100.0
540,0,32.79436043899256,32.79436043899256,100.0
540,1,46.81230116938625,46.81230116938625,100.0
540,2,20.393338391621178,20.393338391621178,100.0
550,0,26.653495365775964,26.653495365775964,100.0
550,1,29.00241294054477,29.00241294054477,100.0
550,2,44.34409169367927,44.34409169367927,100.0
