timestamp,sliceId,dedicatedPRB,minPRB,maxPRB,algorithm
510,0,46.66499972343445,46.66499972343445,100.0,0
510,1,20.000000298023224,20.000000298023224,100.0,0
510,2,33.33499997854233,33.33499997854233,100.0,0
520,0,31.664999723434452,31.664999723434452,100.0,0
520,1,20.000000298023224,20.000000298023224,100.0,0
520,2,48.33499997854233,48.33499997854233,100.0,0
530,0,16.66499972343445,16.66499972343445,100.0,2
530,1,35.000000298023224,35.000000298023224,100.0,2
530,2,48.33499997854233,48.33499997854233,100.0,2
540,0,16.66499972343445,16.66499972343445,100.0,0
540,1,65.00000029802322,65.00000029802322,100.0,0
540,2,18.334999978542328,18.334999978542328,100.0,0
550,0,46.664999723434455,46.664999723434455,100.0,1
550,1,35.000000298023224,35.000000298023224,100.0,1
550,2,18.334999978542328,18.334999978542328,100.0,1
