timestamp,ueImsi,sliceId,dTxBytes,dRxBytes,plr,resourceSharePct,dLostPackets,throughputMbps,bufferBytes
1510,1,0,35144,35144,0.00,38.79,0,28.1152,157627
1510,2,0,35144,21392,39.13,38.79,9,17.1136,1499411
1510,3,1,1014,936,7.69,36.77,1,0.7488,87
1510,4,1,1014,936,7.69,36.77,1,0.7488,87
1510,5,2,256,0,100.00,24.44,2,0.0000,137
1510,6,2,256,3328,0.00,24.44,0,2.6624,137
1510,7,2,256,256,0.00,24.44,0,0.2048,137
1510,8,2,256,0,100.00,24.44,2,0.0000,269
1510,9,2,256,0,100.00,24.44,2,0.0000,137
1510,10,2,256,256,0.00,24.44,0,0.2048,137
