timestamp,sliceId,dedicatedPRB,minPRB,maxPRB
510,0,40.066673172076946,40.066673172076946,100.0
510,1,26.54689762700226,26.54689762700226,100.0
510,2,33.3864292009208,33.3864292009208,100.0
520,0,23.464605852277018,23.464605852277018,100.0
520,1,47.40569771246002,47.40569771246002,100.0
520,2,29.129696435262957,29.129696435262957,100.0
530,0,36.39041669964798,36.39041669964798,100.0
530,1,44.82427555828892,44.82427555828892,100.0
530,2,18.785307742063107,18.785307742063107,100.0
540,0,31.99477887146128,31.99477887146128,100.0
540,1,42.35670068055172,42.35670068055172,100.0
540,2,25.648520447987018,25.648520447987018,100.0
550,0,25.165067467813486,25.165067467813486,100.0
550,1,28.518195797770524,28.518195797770524,100.0
550,2,46.316736734416,46.316736734416,100.0
560,0,40.70606859610426,40.70606859610426,100.0
560,1,41.264436130438185,41.264436130438185,100.0
560,2,18.029495273457563,18.029495273457563,100.0
570,0,26.086654950500265,26.086654950500265,100.0
570,1,55.11816364290855,55.11816364290855,100.0
570,2,18.795181406591183,18.795181406591183,100.0
580,0,35.369432357518846,35.369432357518846,100.0
580,1,28.14903495479563,28.14903495479563,100.0
580,2,36.48153268768552,36.48153268768552,100.0
590,0,22.729684572707185,22.729684572707185,100.0
590,1,54.81631169573637,54.81631169573637,100.0
590,2,22.454003731556448,22.454003731556448,100.0
600,0,25.606073413915098,25.606073413915098,100.0
600,1,28.089370931081163,28.089370931081163,100.0
600,2,46.30455565500374,46.30455565500374,100.0
610,0,35.47783288262504,35.47783288262504,100.0
610,1,46.80885477801419,46.80885477801419,100.0
610,2,17.713312339360773,17.713312339360773,100.0
620,0,22.451146311307603,22.451146311307603,100.0
620,1,47.508334684822344,47.508334684822344,100.0
620,2,30.04051900387006,30.04051900387006,100.0
