timestamp,sliceId,dedicatedPRB,minPRB,maxPRB
510,0,28.303860538394076,28.303860538394076,100.0
510,1,37.459279193748905,37.459279193748905,100.0
510,2,34.23686026785701,34.23686026785701,100.0
520,0,30.164007778052582,30.164007778052582,100.0
520,1,49.83415513011337,49.83415513011337,100.0
520,2,20.001837091834048,20.001837091834048,100.0
530,0,27.285798394900006,27.285798394900006,100.0
530,1,26.25636706211461,26.25636706211461,100.0
530,2,46.457834542985374,46.457834542985374,100.0
540,0,33.810891482244784,33.810891482244784,100.0
540,1,46.23320199876964,46.23320199876964,100.0
540,2,19.955906518985575,19.955906518985575,100.0
550,0,28.358579216286415,28.358579216286415,100.0
550,1,33.244571761338655,33.244571761338655,100.0
550,2,38.39684902237494,38.39684902237494,100.0
