timestamp,ueImsi,sliceId,dTxBytes,dRxBytes,plr,resourceSharePct,dLostPackets,throughputMbps,bufferBytes
1510,1,0,18336,19864,0.00,50.97,0,15.8912,159
1510,2,0,18336,16808,8.33,50.97,1,13.4464,504960
1510,3,0,18336,19864,0.00,50.97,0,15.8912,159598
1510,4,0,18336,9168,50.00,50.97,6,7.3344,1035979
1510,5,0,18336,0,100.00,50.97,12,0.0000,1685504
1510,6,1,390,858,0.00,25.74,0,0.6864,87
1510,7,1,390,390,0.00,25.74,0,0.3120,87
1510,8,1,390,0,100.00,25.74,5,0.0000,579
1510,9,1,390,0,100.00,25.74,5,0.0000,415
1510,10,1,390,390,0.00,25.74,0,0.3120,87
1510,11,2,384,256,33.33,23.29,1,0.2048,120
1510,12,2,384,512,0.00,23.29,0,0.4096,137
1510,13,2,384,256,33.33,23.29,1,0.2048,137
1510,14,2,384,0,100.00,23.29,3,0.0000,834
1510,15,2,384,0,100.00,23.29,3,0.0000,137
1510,16,2,384,256,33.33,23.29,1,0.2048,137
1510,17,2,384,256,33.33,23.29,1,0.2048,137
1510,18,2,384,0,100.00,23.29,3,0.0000,417
1510,19,2,384,256,33.33,23.29,1,0.2048,137
1510,20,2,384,512,0.00,23.29,0,0.4096,137
