timestamp,ueImsi,sliceId,dTxBytes,dRxBytes,plr,resourceSharePct,dLostPackets,throughputMbps,bufferBytes
560,1,0,24448,1528,93.75,26.66,15,1.2224,139379
560,2,0,24448,1528,93.75,26.66,15,1.2224,139457
560,3,0,24448,0,100.00,26.66,16,0.0000,139427
560,4,0,24448,0,100.00,26.66,16,0.0000,139436
560,5,0,24448,0,100.00,26.66,16,0.0000,139436
560,6,1,780,624,20.00,55.00,2,0.4992,87
560,7,1,780,624,20.00,55.00,2,0.4992,87
560,8,1,780,624,20.00,55.00,2,0.4992,87
560,9,1,780,624,20.00,55.00,2,0.4992,87
560,10,1,780,624,20.00,55.00,2,0.4992,87
560,11,2,16000,512,96.80,18.33,121,0.4096,91517
560,12,2,16000,512,96.80,18.33,121,0.4096,91523
560,13,2,16000,512,96.80,18.33,121,0.4096,91516
560,14,2,16000,384,97.60,18.33,122,0.3072,91424
560,15,2,16000,512,96.80,18.33,121,0.4096,91498
560,16,2,16000,512,96.80,18.33,121,0.4096,91488
560,17,2,16000,384,97.60,18.33,122,0.3072,91349
560,18,2,16000,512,96.80,18.33,121,0.4096,91405
560,19,2,16000,512,96.80,18.33,121,0.4096,91504
560,20,2,16000,512,96.80,18.33,121,0.4096,91488
