timestamp,sliceId,dedicatedPRB,minPRB,maxPRB
510,0,37.13220761891233,37.13220761891233,100.0
510,1,32.36435062746052,32.36435062746052,100.0
510,2,30.503441753627154,30.503441753627154,100.0
520,0,49.90612947447517,49.90612947447517,100.0
520,1,27.479636665513407,27.479636665513407,100.0
520,2,22.614233860011428,22.614233860011428,100.0
530,0,46.996142253498675,46.996142253498675,100.0
530,1,29.93670314576702,29.93670314576702,100.0
530,2,23.067154600734312,23.067154600734312,100.0
540,0,32.89666563183946,32.89666563183946,100.0
540,1,45.277923297121234,45.277923297121234,100.0
540,2,21.8254110710393,21.8254110710393,100.0
550,0,37.51070118418161,37.51070118418161,100.0
550,1,29.258551985945967,29.258551985945967,100.0
550,2,33.23074682987242,33.23074682987242,100.0
560,0,29.510768891966045,29.510768891966045,100.0
560,1,41.022940286451735,41.022940286451735,100.0
560,2,29.46629082158222,29.46629082158222,100.0
570,0,40.48031480146553,40.48031480146553,100.0
570,1,27.343793270306517,27.343793270306517,100.0
570,2,32.17589192822795,32.17589192822795,100.0
580,0,25.793580742938516,25.793580742938516,100.0
580,1,54.11795205188148,54.11795205188148,100.0
580,2,20.08846720518001,20.08846720518001,100.0
590,0,40.2900158152527,40.2900158152527,100.0
590,1,27.84736787910579,27.84736787910579,100.0
590,2,31.86261630564151,31.86261630564151,100.0
600,0,43.55404328654472,43.55404328654472,100.0
600,1,29.825266190365408,29.825266190365408,100.0
600,2,26.62069052308988,26.62069052308988,100.0
610,0,31.262091167372386,31.262091167372386,100.0
610,1,36.10734786589857,36.10734786589857,100.0
610,2,32.63056096672905,32.63056096672905,100.0
620,0,20.520072475486213,20.520072475486213,100.0
620,1,42.95589165889558,42.95589165889558,100.0
620,2,36.524035865618195,36.524035865618195,100.0
630,0,22.595233183115127,22.595233183115127,100.0
630,1,45.65433024059875,45.65433024059875,100.0
630,2,31.750436576286116,31.750436576286116,100.0
640,0,26.292268383751487,26.292268383751487,100.0
640,1,44.022087597522834,44.022087597522834,100.0
640,2,29.685644018725682,29.685644018725682,100.0
650,0,26.77684285816038,26.77684285816038,100.0
650,1,40.51329407904144,40.51329407904144,100.0
650,2,32.709863062798185,32.709863062798185,100.0
660,0,39.63432974067858,39.63432974067858,100.0
660,1,36.59350595747813,36.59350595747813,100.0
660,2,23.772164301843294,23.772164301843294,100.0
670,0,36.77673018958337,36.77673018958337,100.0
670,1,34.0250010248205,34.0250010248205,100.0
670,2,29.198268785596127,29.198268785596127,100.0
680,0,23.95050298234544,23.95050298234544,100.0
680,1,39.727740327037,39.727740327037,100.0
680,2,36.321756690617555,36.321756690617555,100.0
690,0,27.229416707004496,27.229416707004496,100.0
690,1,51.62722030275548,51.62722030275548,100.0
690,2,21.14336299024002,21.14336299024002,100.0
700,0,51.25244936802957,51.25244936802957,100.0
700,1,26.319432151918665,26.319432151918665,100.0
700,2,22.42811848005176,22.42811848005176,100.0
710,0,37.06492020954403,37.06492020954403,100.0
710,1,33.754475768103745,33.754475768103745,100.0
710,2,29.18060402235223,29.18060402235223,100.0
720,0,29.121891747991913,29.121891747991913,100.0
720,1,28.364873655471524,28.364873655471524,100.0
720,2,42.51323459653656,42.51323459653656,100.0
730,0,25.272410813014655,25.272410813014655,100.0
730,1,54.87440828207949,54.87440828207949,100.0
730,2,19.853180904905848,19.853180904905848,100.0
740,0,26.163769759272466,26.163769759272466,100.0
740,1,46.90816268768575,46.90816268768575,100.0
740,2,26.928067553041778,26.928067553041778,100.0
750,0,22.56590454162113,22.56590454162113,100.0
750,1,58.32091579514687,58.32091579514687,100.0
750,2,19.113179663232003,19.113179663232003,100.0
760,0,29.012346389930844,29.012346389930844,100.0
760,1,34.98978810242738,34.98978810242738,100.0
760,2,35.997865507641784,35.997865507641784,100.0
770,0,25.644816612157367,25.644816612157367,100.0
770,1,38.66559652017209,38.66559652017209,100.0
770,2,35.68958686767055,35.68958686767055,100.0
780,0,50.84542944889403,50.84542944889403,100.0
780,1,27.384105774290497,27.384105774290497,100.0
780,2,21.770464776815473,21.770464776815473,100.0
790,0,36.36827357302129,36.36827357302129,100.0
790,1,30.296398838363576,30.296398838363576,100.0
790,2,33.33532758861513,33.33532758861513,100.0
800,0,40.005990106691655,40.005990106691655,100.0
800,1,38.44207456576544,38.44207456576544,100.0
800,2,21.551935327542903,21.551935327542903,100.0
810,0,41.09398301858824,41.09398301858824,100.0
810,1,36.36209920593366,36.36209920593366,100.0
810,2,22.5439177754781,22.5439177754781,100.0
820,0,29.85891432930363,29.85891432930363,100.0
820,1,35.98533685302678,35.98533685302678,100.0
820,2,34.15574881766958,34.15574881766958,100.0
830,0,38.810004857283324,38.810004857283324,100.0
830,1,36.83777308276994,36.83777308276994,100.0
830,2,24.352222059946737,24.352222059946737,100.0
840,0,44.489696911835004,44.489696911835004,100.0
840,1,35.13264993779842,35.13264993779842,100.0
840,2,20.377653150366584,20.377653150366584,100.0
850,0,43.65579401427267,43.65579401427267,100.0
850,1,30.415652656433423,30.415652656433423,100.0
850,2,25.9285533292939,25.9285533292939,100.0
860,0,26.026885149098366,26.026885149098366,100.0
860,1,29.669282048122135,29.669282048122135,100.0
860,2,44.303832802779496,44.303832802779496,100.0
870,0,27.79642813578317,27.79642813578317,100.0
870,1,29.017785669905148,29.017785669905148,100.0
870,2,43.18578619431168,43.18578619431168,100.0
880,0,23.639419705819112,23.639419705819112,100.0
880,1,50.68106118249703,50.68106118249703,100.0
880,2,25.679519111683863,25.679519111683863,100.0
890,0,25.922477793086436,25.922477793086436,100.0
890,1,54.227189111466565,54.227189111466565,100.0
890,2,19.850333095447,19.850333095447,100.0
900,0,31.142786742247747,31.142786742247747,100.0
900,1,31.56605408063498,31.56605408063498,100.0
900,2,37.29115917711728,37.29115917711728,100.0
910,0,27.872325452249836,27.872325452249836,100.0
910,1,41.3014617266055,41.3014617266055,100.0
910,2,30.82621282114466,30.82621282114466,100.0
920,0,30.16759961125559,30.16759961125559,100.0
920,1,26.132294513873656,26.132294513873656,100.0
920,2,43.70010587487075,43.70010587487075,100.0
930,0,34.19418953917758,34.19418953917758,100.0
930,1,31.755048923125038,31.755048923125038,100.0
930,2,34.0507615376974,34.0507615376974,100.0
940,0,33.19558230786641,33.19558230786641,100.0
940,1,35.492689389913174,35.492689389913174,100.0
940,2,31.31172830222042,31.31172830222042,100.0
950,0,33.139176031606056,33.139176031606056,100.0
950,1,35.79049991076654,35.79049991076654,100.0
950,2,31.070324057627403,31.070324057627403,100.0
960,0,43.858718392293056,43.858718392293056,100.0
960,1,26.042428081610808,26.042428081610808,100.0
960,2,30.098853526096143,30.098853526096143,100.0
970,0,30.248361572598775,30.248361572598775,100.0
970,1,38.12391492095249,38.12391492095249,100.0
970,2,31.627723506448735,31.627723506448735,100.0
980,0,27.181127343306272,27.181127343306272,100.0
980,1,45.13590056024173,45.13590056024173,100.0
980,2,27.682972096452,27.682972096452,100.0
990,0,35.99275798159331,35.99275798159331,100.0
990,1,28.749733712691178,28.749733712691178,100.0
990,2,35.25750830571553,35.25750830571553,100.0
1000,0,28.116732652936992,28.116732652936992,100.0
1000,1,30.391514749832766,30.391514749832766,100.0
1000,2,41.49175259723025,41.49175259723025,100.0
1010,0,35.68750481411226,35.68750481411226,100.0
1010,1,44.411162182048265,44.411162182048265,100.0
1010,2,19.901333003839472,19.901333003839472,100.0
1020,0,23.277745377426783,23.277745377426783,100.0
1020,1,29.201290632883246,29.201290632883246,100.0
1020,2,47.52096398968997,47.52096398968997,100.0
1030,0,35.65005217526784,35.65005217526784,100.0
1030,1,30.016454641532654,30.016454641532654,100.0
1030,2,34.33349318319951,34.33349318319951,100.0
1040,0,22.873255001710717,22.873255001710717,100.0
1040,1,49.709458751715985,49.709458751715985,100.0
1040,2,27.41728624657331,27.41728624657331,100.0
1050,0,24.50665754770475,24.50665754770475,100.0
1050,1,38.24595070098924,38.24595070098924,100.0
1050,2,37.247391751306004,37.247391751306004,100.0
1060,0,33.53471629908194,33.53471629908194,100.0
1060,1,34.50071319283333,34.50071319283333,100.0
1060,2,31.964570508084726,31.964570508084726,100.0
1070,0,41.30228313311183,41.30228313311183,100.0
1070,1,33.85340585601124,33.85340585601124,100.0
1070,2,24.84431101087693,24.84431101087693,100.0
1080,0,32.11776759194503,32.11776759194503,100.0
1080,1,41.0358310708334,41.0358310708334,100.0
1080,2,26.846401337221558,26.846401337221558,100.0
1090,0,25.55258918283892,25.55258918283892,100.0
1090,1,41.8551713193417,41.8551713193417,100.0
1090,2,32.59223949781938,32.59223949781938,100.0
1100,0,22.9392031736689,22.9392031736689,100.0
1100,1,26.01540017628638,26.01540017628638,100.0
1100,2,51.045396650044715,51.045396650044715,100.0
1110,0,25.29947760989984,25.29947760989984,100.0
1110,1,31.74647358474364,31.74647358474364,100.0
1110,2,42.954048805356514,42.954048805356514,100.0
1120,0,35.30061477319857,35.30061477319857,100.0
1120,1,29.14537377862106,29.14537377862106,100.0
1120,2,35.554011448180376,35.554011448180376,100.0
1130,0,34.18565981977851,34.18565981977851,100.0
1130,1,37.75693977625581,37.75693977625581,100.0
1130,2,28.057400403965676,28.057400403965676,100.0
1140,0,31.43860043915717,31.43860043915717,100.0
1140,1,35.93721745241609,35.93721745241609,100.0
1140,2,32.624182108426744,32.624182108426744,100.0
1150,0,27.076785452620427,27.076785452620427,100.0
1150,1,40.04217519063439,40.04217519063439,100.0
1150,2,32.88103935674519,32.88103935674519,100.0
1160,0,35.70236574479,35.70236574479,100.0
1160,1,42.7390493353553,42.7390493353553,100.0
1160,2,21.558584919854706,21.558584919854706,100.0
1170,0,27.76975656195989,27.76975656195989,100.0
1170,1,46.284969393502024,46.284969393502024,100.0
1170,2,25.94527404453808,25.94527404453808,100.0
1180,0,25.783427180481556,25.783427180481556,100.0
1180,1,29.171533953842026,29.171533953842026,100.0
1180,2,45.04503886567643,45.04503886567643,100.0
1190,0,34.40203820749785,34.40203820749785,100.0
1190,1,27.692264557754488,27.692264557754488,100.0
1190,2,37.90569723474767,37.90569723474767,100.0
1200,0,26.808406425689917,26.808406425689917,100.0
1200,1,42.148693495462396,42.148693495462396,100.0
1200,2,31.04290007884769,31.04290007884769,100.0
1210,0,34.810459606568486,34.810459606568486,100.0
1210,1,37.63150335869539,37.63150335869539,100.0
1210,2,27.55803703473613,27.55803703473613,100.0
1220,0,24.424741626815106,24.424741626815106,100.0
1220,1,43.39415652001103,43.39415652001103,100.0
1220,2,32.18110185317386,32.18110185317386,100.0
1230,0,36.238230548558654,36.238230548558654,100.0
1230,1,36.325460588086464,36.325460588086464,100.0
1230,2,27.436308863354885,27.436308863354885,100.0
1240,0,34.50866281491209,34.50866281491209,100.0
1240,1,39.34415493187519,39.34415493187519,100.0
1240,2,26.14718225321272,26.14718225321272,100.0
1250,0,37.50638487628378,37.50638487628378,100.0
1250,1,37.45324765851776,37.45324765851776,100.0
1250,2,25.04036746519846,25.04036746519846,100.0
1260,0,29.74266574525453,29.74266574525453,100.0
1260,1,43.792855577934695,43.792855577934695,100.0
1260,2,26.46447867681078,26.46447867681078,100.0
1270,0,34.30214876640926,34.30214876640926,100.0
1270,1,37.00288998923686,37.00288998923686,100.0
1270,2,28.694961244353877,28.694961244353877,100.0
1280,0,41.609596000273854,41.609596000273854,100.0
1280,1,32.85824477494435,32.85824477494435,100.0
1280,2,25.532159224781793,25.532159224781793,100.0
1290,0,34.99455817252227,34.99455817252227,100.0
1290,1,42.02576350964095,42.02576350964095,100.0
1290,2,22.979678317836775,22.979678317836775,100.0
1300,0,23.883362608979162,23.883362608979162,100.0
1300,1,51.63610557084149,51.63610557084149,100.0
1300,2,24.480531820179355,24.480531820179355,100.0
1310,0,22.958386305566872,22.958386305566872,100.0
1310,1,28.76383094360596,28.76383094360596,100.0
1310,2,48.27778275082717,48.27778275082717,100.0
1320,0,25.269339650824428,25.269339650824428,100.0
1320,1,50.803562240337975,50.803562240337975,100.0
1320,2,23.92709810883759,23.92709810883759,100.0
1330,0,33.485960778018196,33.485960778018196,100.0
1330,1,34.29930486543159,34.29930486543159,100.0
1330,2,32.21473435655021,32.21473435655021,100.0
1340,0,49.454518078558294,49.454518078558294,100.0
1340,1,27.84281320953128,27.84281320953128,100.0
1340,2,22.702668711910423,22.702668711910423,100.0
1350,0,24.01460261701039,24.01460261701039,100.0
1350,1,35.1318715445815,35.1318715445815,100.0
1350,2,40.85352583840811,40.85352583840811,100.0
1360,0,37.97617811762384,37.97617811762384,100.0
1360,1,44.08710840004719,44.08710840004719,100.0
1360,2,17.93671348232897,17.93671348232897,100.0
1370,0,36.0743317470584,36.0743317470584,100.0
1370,1,41.12570769702983,41.12570769702983,100.0
1370,2,22.799960555911763,22.799960555911763,100.0
1380,0,42.997650075887236,42.997650075887236,100.0
1380,1,25.5310819167638,25.5310819167638,100.0
1380,2,31.47126800734896,31.47126800734896,100.0
1390,0,29.71501411661125,29.71501411661125,100.0
1390,1,43.93064329145926,43.93064329145926,100.0
1390,2,26.3543425919295,26.3543425919295,100.0
1400,0,27.020189534355854,27.020189534355854,100.0
1400,1,27.423602137141646,27.423602137141646,100.0
1400,2,45.5562083285025,45.5562083285025,100.0
1410,0,26.403472884880774,26.403472884880774,100.0
1410,1,46.56858549330966,46.56858549330966,100.0
1410,2,27.02794162180957,27.02794162180957,100.0
1420,0,51.84969998243899,51.84969998243899,100.0
1420,1,27.011976655882826,27.011976655882826,100.0
1420,2,21.138323361678186,21.138323361678186,100.0
1430,0,24.719580615019552,24.719580615019552,100.0
1430,1,52.72959657981349,52.72959657981349,100.0
1430,2,22.550822805166963,22.550822805166963,100.0
1440,0,29.3053450612025,29.3053450612025,100.0
1440,1,38.32921805341659,38.32921805341659,100.0
1440,2,32.36543688538091,32.36543688538091,100.0
1450,0,38.76653361102584,38.76653361102584,100.0
1450,1,42.58073148815357,42.58073148815357,100.0
1450,2,18.652734900820594,18.652734900820594,100.0
1460,0,27.299037237872525,27.299037237872525,100.0
1460,1,43.736307989625885,43.736307989625885,100.0
1460,2,28.96465477250158,28.96465477250158,100.0
1470,0,24.966202919742113,24.966202919742113,100.0
1470,1,52.91420037860159,52.91420037860159,100.0
1470,2,22.11959670165629,22.11959670165629,100.0
1480,0,25.068608098867156,25.068608098867156,100.0
1480,1,45.54513579463092,45.54513579463092,100.0
1480,2,29.38625610650193,29.38625610650193,100.0
1490,0,43.14041665598635,43.14041665598635,100.0
1490,1,36.228776972536195,36.228776972536195,100.0
1490,2,20.630806371477465,20.630806371477465,100.0
1500,0,34.31712278493636,34.31712278493636,100.0
1500,1,27.98972699639508,27.98972699639508,100.0
1500,2,37.693150218668556,37.693150218668556,100.0
