timestamp,sliceId,dedicatedPRB,minPRB,maxPRB
600,0,36.04202341555033,36.04202341555033,100.0
600,1,29.545292018913678,29.545292018913678,100.0
600,2,34.41268456553599,34.41268456553599,100.0
700,0,36.8538988331062,36.8538988331062,100.0
700,1,26.47164602726873,26.47164602726873,100.0
700,2,36.67445513962506,36.67445513962506,100.0
800,0,37.76225533014534,37.76225533014534,100.0
800,1,35.58263708655313,35.58263708655313,100.0
800,2,26.65510758330154,26.65510758330154,100.0
900,0,25.347667153032205,25.347667153032205,100.0
900,1,28.922861783355238,28.922861783355238,100.0
900,2,45.72947106361256,45.72947106361256,100.0
1000,0,41.56852286757044,41.56852286757044,100.0
1000,1,30.902696153547826,30.902696153547826,100.0
1000,2,27.52878097888174,27.52878097888174,100.0
1100,0,34.083998211025666,34.083998211025666,100.0
1100,1,37.75656210657854,37.75656210657854,100.0
1100,2,28.159439682395792,28.159439682395792,100.0
1200,0,26.85803427180526,26.85803427180526,100.0
1200,1,41.81314074128526,41.81314074128526,100.0
1200,2,31.328824986909474,31.328824986909474,100.0
1300,0,23.888774812963167,23.888774812963167,100.0
1300,1,44.832929678034375,44.832929678034375,100.0
1300,2,31.27829550900245,31.27829550900245,100.0
1400,0,25.451114964689637,25.451114964689637,100.0
1400,1,47.743106574302054,47.743106574302054,100.0
1400,2,26.805778461008313,26.805778461008313,100.0
1500,0,27.98200962747034,27.98200962747034,100.0
1500,1,39.13184656709918,39.13184656709918,100.0
1500,2,32.88614380543048,32.88614380543048,100.0
1600,0,47.324185712471575,47.324185712471575,100.0
1600,1,26.035919997270305,26.035919997270305,100.0
1600,2,26.639894290258116,26.639894290258116,100.0
1700,0,28.378701541084585,28.378701541084585,100.0
1700,1,36.598905666355975,36.598905666355975,100.0
1700,2,35.02239279255945,35.02239279255945,100.0
1800,0,37.80976664816208,37.80976664816208,100.0
1800,1,42.849853824932744,42.849853824932744,100.0
1800,2,19.340379526905174,19.340379526905174,100.0
1900,0,37.87600104380472,37.87600104380472,100.0
1900,1,29.05487194131814,29.05487194131814,100.0
1900,2,33.06912701487714,33.06912701487714,100.0
2000,0,45.51772832275659,45.51772832275659,100.0
2000,1,31.00837570675138,31.00837570675138,100.0
2000,2,23.473895970492027,23.473895970492027,100.0
2100,0,43.59365432716066,43.59365432716066,100.0
2100,1,37.95122940441259,37.95122940441259,100.0
2100,2,18.455116268426746,18.455116268426746,100.0
2200,0,27.079999166911296,27.079999166911296,100.0
2200,1,33.30972974922862,33.30972974922862,100.0
2200,2,39.610271083860084,39.610271083860084,100.0
2300,0,27.00334034520784,27.00334034520784,100.0
2300,1,49.617134036771496,49.617134036771496,100.0
2300,2,23.379525618020665,23.379525618020665,100.0
2400,0,49.10784008193122,49.10784008193122,100.0
2400,1,28.865350268281503,28.865350268281503,100.0
2400,2,22.02680964978728,22.02680964978728,100.0
2500,0,38.85940966459473,38.85940966459473,100.0
2500,1,33.07706009359164,33.07706009359164,100.0
2500,2,28.063530241813634,28.063530241813634,100.0
2600,0,44.49682993896389,44.49682993896389,100.0
2600,1,27.05717479080893,27.05717479080893,100.0
2600,2,28.445995270227193,28.445995270227193,100.0
2700,0,32.93980378581901,32.93980378581901,100.0
2700,1,35.38858929897155,35.38858929897155,100.0
2700,2,31.671606915209438,31.671606915209438,100.0
2800,0,36.9959059727752,36.9959059727752,100.0
2800,1,33.59993762443765,33.59993762443765,100.0
2800,2,29.40415640278715,29.40415640278715,100.0
2900,0,42.01043007491777,42.01043007491777,100.0
2900,1,31.546999738344866,31.546999738344866,100.0
2900,2,26.442570186737363,26.442570186737363,100.0
3000,0,39.33917722736333,39.33917722736333,100.0
3000,1,38.64965917152356,38.64965917152356,100.0
3000,2,22.0111636011131,22.0111636011131,100.0
3100,0,51.00874465392835,51.00874465392835,100.0
3100,1,28.395058332581563,28.395058332581563,100.0
3100,2,20.596197013490087,20.596197013490087,100.0
3200,0,27.982910530162325,27.982910530162325,100.0
3200,1,48.007602561252305,48.007602561252305,100.0
3200,2,24.00948690858537,24.00948690858537,100.0
3300,0,35.86037061761627,35.86037061761627,100.0
3300,1,35.729680776961416,35.729680776961416,100.0
3300,2,28.40994860542232,28.40994860542232,100.0
3400,0,35.48494973411439,35.48494973411439,100.0
3400,1,32.33422489745335,32.33422489745335,100.0
3400,2,32.18082536843226,32.18082536843226,100.0
3500,0,39.3494197473709,39.3494197473709,100.0
3500,1,37.14867559637778,37.14867559637778,100.0
3500,2,23.501904656251327,23.501904656251327,100.0
3600,0,27.796178508428078,27.796178508428078,100.0
3600,1,26.779206624140034,26.779206624140034,100.0
3600,2,45.42461486743189,45.42461486743189,100.0
3700,0,38.03428464249747,38.03428464249747,100.0
3700,1,43.425279233984284,43.425279233984284,100.0
3700,2,18.540436123518248,18.540436123518248,100.0
3800,0,24.854294977342555,24.854294977342555,100.0
3800,1,40.29901245062175,40.29901245062175,100.0
3800,2,34.84669257203569,34.84669257203569,100.0
3900,0,45.77732703057113,45.77732703057113,100.0
3900,1,34.242853577222164,34.242853577222164,100.0
3900,2,19.979819392206714,19.979819392206714,100.0
4000,0,31.45675089678252,31.45675089678252,100.0
4000,1,41.29559603885634,41.29559603885634,100.0
4000,2,27.247653064361145,27.247653064361145,100.0
4100,0,38.86227504337896,38.86227504337896,100.0
4100,1,34.060553104759435,34.060553104759435,100.0
4100,2,27.07717185186161,27.07717185186161,100.0
4200,0,29.16649695519912,29.16649695519912,100.0
4200,1,46.58419583565571,46.58419583565571,100.0
4200,2,24.249307209145176,24.249307209145176,100.0
4300,0,24.03374239008808,24.03374239008808,100.0
4300,1,47.27166800319785,47.27166800319785,100.0
4300,2,28.694589606714064,28.694589606714064,100.0
4400,0,35.675322935711456,35.675322935711456,100.0
4400,1,42.356196254929614,42.356196254929614,100.0
4400,2,21.96848080935893,21.96848080935893,100.0
4500,0,28.61770390845686,28.61770390845686,100.0
4500,1,42.25746442757665,42.25746442757665,100.0
4500,2,29.124831663966493,29.124831663966493,100.0
4600,0,26.534858436149012,26.534858436149012,100.0
4600,1,53.48683046559295,53.48683046559295,100.0
4600,2,19.978311098258047,19.978311098258047,100.0
4700,0,26.41296081559139,26.41296081559139,100.0
4700,1,48.53430964455385,48.53430964455385,100.0
4700,2,25.052729539854756,25.052729539854756,100.0
4800,0,28.97880194177499,28.97880194177499,100.0
4800,1,45.93512188125657,45.93512188125657,100.0
4800,2,25.086076176968437,25.086076176968437,100.0
4900,0,25.16869797565609,25.16869797565609,100.0
4900,1,53.28733671392304,53.28733671392304,100.0
4900,2,21.543965310420877,21.543965310420877,100.0
5000,0,40.54871676640743,40.54871676640743,100.0
5000,1,39.70933827208813,39.70933827208813,100.0
5000,2,19.741944961504437,19.741944961504437,100.0
5100,0,34.61988649055695,34.61988649055695,100.0
5100,1,40.82885394164203,40.82885394164203,100.0
5100,2,24.551259567801026,24.551259567801026,100.0
5200,0,36.07293587637429,36.07293587637429,100.0
5200,1,44.791355897237025,44.791355897237025,100.0
5200,2,19.135708226388683,19.135708226388683,100.0
5300,0,33.74875885182416,33.74875885182416,100.0
5300,1,36.469234259342834,36.469234259342834,100.0
5300,2,29.782006888833013,29.782006888833013,100.0
5400,0,25.46244534612455,25.46244534612455,100.0
5400,1,53.30430388850665,53.30430388850665,100.0
5400,2,21.23325076536881,21.23325076536881,100.0
5500,0,40.70731219704872,40.70731219704872,100.0
5500,1,25.40268035605325,25.40268035605325,100.0
5500,2,33.89000744689803,33.89000744689803,100.0
5600,0,37.285462545341765,37.285462545341765,100.0
5600,1,31.816938276049544,31.816938276049544,100.0
5600,2,30.897599178608704,30.897599178608704,100.0
5700,0,22.72177114508074,22.72177114508074,100.0
5700,1,25.610274432186902,25.610274432186902,100.0
5700,2,51.66795442273235,51.66795442273235,100.0
5800,0,33.523778689335515,33.523778689335515,100.0
5800,1,45.14435686671928,45.14435686671928,100.0
5800,2,21.33186444394521,21.33186444394521,100.0
5900,0,23.171851915026558,23.171851915026558,100.0
5900,1,28.41423781755369,28.41423781755369,100.0
5900,2,48.41391026741975,48.41391026741975,100.0
6000,0,51.38336845461544,51.38336845461544,100.0
6000,1,28.909402299791754,28.909402299791754,100.0
6000,2,19.7072292455928,19.7072292455928,100.0
6100,0,35.28482406143713,35.28482406143713,100.0
6100,1,37.071495231751726,37.071495231751726,100.0
6100,2,27.643680706811146,27.643680706811146,100.0
6200,0,28.13659040701722,28.13659040701722,100.0
6200,1,27.76695214905953,27.76695214905953,100.0
6200,2,44.09645744392325,44.09645744392325,100.0
6300,0,34.412357485296816,34.412357485296816,100.0
6300,1,47.28059217046049,47.28059217046049,100.0
6300,2,18.307050344242693,18.307050344242693,100.0
6400,0,30.3221823655058,30.3221823655058,100.0
6400,1,43.85803561099654,43.85803561099654,100.0
6400,2,25.819782023497666,25.819782023497666,100.0
6500,0,49.526263764588144,49.526263764588144,100.0
6500,1,26.407177914738213,26.407177914738213,100.0
6500,2,24.066558320673646,24.066558320673646,100.0
6600,0,35.34767733841209,35.34767733841209,100.0
6600,1,34.33695575639805,34.33695575639805,100.0
6600,2,30.31536690518986,30.31536690518986,100.0
6700,0,31.452198935088983,31.452198935088983,100.0
6700,1,29.38003920335939,29.38003920335939,100.0
6700,2,39.16776186155163,39.16776186155163,100.0
6800,0,40.339306530781435,40.339306530781435,100.0
6800,1,26.902589178597736,26.902589178597736,100.0
6800,2,32.75810429062083,32.75810429062083,100.0
6900,0,25.640370251561784,25.640370251561784,100.0
6900,1,41.254620626726805,41.254620626726805,100.0
6900,2,33.10500912171142,33.10500912171142,100.0
7000,0,31.024146331954718,31.024146331954718,100.0
7000,1,30.938179586607816,30.938179586607816,100.0
7000,2,38.03767408143747,38.03767408143747,100.0
7100,0,34.486191815042964,34.486191815042964,100.0
7100,1,30.592881675899168,30.592881675899168,100.0
7100,2,34.92092650905787,34.92092650905787,100.0
7200,0,42.12291899091151,42.12291899091151,100.0
7200,1,40.28461888498387,40.28461888498387,100.0
7200,2,17.592462124104618,17.592462124104618,100.0
7300,0,44.99692380381023,44.99692380381023,100.0
7300,1,36.63789165644524,36.63789165644524,100.0
7300,2,18.36518453974452,18.36518453974452,100.0
7400,0,54.07364795502417,54.07364795502417,100.0
7400,1,26.147682485204022,26.147682485204022,100.0
7400,2,19.778669559771807,19.778669559771807,100.0
7500,0,52.59278337002012,52.59278337002012,100.0
7500,1,26.081833771572928,26.081833771572928,100.0
7500,2,21.325382858406964,21.325382858406964,100.0
7600,0,30.20441300301772,30.20441300301772,100.0
7600,1,28.329337833676334,28.329337833676334,100.0
7600,2,41.466249163305946,41.466249163305946,100.0
7700,0,23.92014358147324,23.92014358147324,100.0
7700,1,29.792932846583547,29.792932846583547,100.0
7700,2,46.28692357194322,46.28692357194322,100.0
7800,0,23.449399398210495,23.449399398210495,100.0
7800,1,41.291990192659796,41.291990192659796,100.0
7800,2,35.25861040912971,35.25861040912971,100.0
7900,0,27.59361824050553,27.59361824050553,100.0
7900,1,42.108520621203006,42.108520621203006,100.0
7900,2,30.29786113829147,30.29786113829147,100.0
8000,0,32.901663625198694,32.901663625198694,100.0
8000,1,32.774435893123254,32.774435893123254,100.0
8000,2,34.32390048167805,34.32390048167805,100.0
8100,0,33.75778862980449,33.75778862980449,100.0
8100,1,40.656065216314055,40.656065216314055,100.0
8100,2,25.58614615388146,25.58614615388146,100.0
8200,0,39.37626287866609,39.37626287866609,100.0
8200,1,28.55688757243906,28.55688757243906,100.0
8200,2,32.06684954889486,32.06684954889486,100.0
8300,0,42.221226941845316,42.221226941845316,100.0
8300,1,32.87001942095006,32.87001942095006,100.0
8300,2,24.90875363720463,24.90875363720463,100.0
8400,0,25.598601763753383,25.598601763753383,100.0
8400,1,27.89373718987361,27.89373718987361,100.0
8400,2,46.507661046373,46.507661046373,100.0
8500,0,33.13280173547017,33.13280173547017,100.0
8500,1,32.31867045296467,32.31867045296467,100.0
8500,2,34.54852781156517,34.54852781156517,100.0
8600,0,33.04882124581224,33.04882124581224,100.0
8600,1,41.4635726597571,41.4635726597571,100.0
8600,2,25.48760609443066,25.48760609443066,100.0
8700,0,43.40613537896611,43.40613537896611,100.0
8700,1,39.115237575427784,39.115237575427784,100.0
8700,2,17.478627045606103,17.478627045606103,100.0
8800,0,26.459051426893232,26.459051426893232,100.0
8800,1,30.644234267223382,30.644234267223382,100.0
8800,2,42.896714305883386,42.896714305883386,100.0
8900,0,36.51838187102467,36.51838187102467,100.0
8900,1,46.006877410551525,46.006877410551525,100.0
8900,2,17.474740718423803,17.474740718423803,100.0
9000,0,36.881164898818426,36.881164898818426,100.0
9000,1,42.79753671397996,42.79753671397996,100.0
9000,2,20.321298387201615,20.321298387201615,100.0
9100,0,31.790773692327967,31.790773692327967,100.0
9100,1,41.530342194089364,41.530342194089364,100.0
9100,2,26.67888411358267,26.67888411358267,100.0
9200,0,37.33579365436676,37.33579365436676,100.0
9200,1,35.35359423688854,35.35359423688854,100.0
9200,2,27.310612108744696,27.310612108744696,100.0
9300,0,26.891334225127178,26.891334225127178,100.0
9300,1,36.9637585318183,36.9637585318183,100.0
9300,2,36.144907243054526,36.144907243054526,100.0
9400,0,40.593764889024875,40.593764889024875,100.0
9400,1,24.54771191173009,24.54771191173009,100.0
9400,2,34.85852319924503,34.85852319924503,100.0
9500,0,33.60571318891475,33.60571318891475,100.0
9500,1,33.221483374021645,33.221483374021645,100.0
9500,2,33.17280343706361,33.17280343706361,100.0
9600,0,21.65753241162232,21.65753241162232,100.0
9600,1,49.030379899856705,49.030379899856705,100.0
9600,2,29.312087688520972,29.312087688520972,100.0
9700,0,47.20330582387942,47.20330582387942,100.0
9700,1,28.20363038337928,28.20363038337928,100.0
9700,2,24.593063792741304,24.593063792741304,100.0
9800,0,21.67915493717409,21.67915493717409,100.0
9800,1,47.399050124332184,47.399050124332184,100.0
9800,2,30.92179493849373,30.92179493849373,100.0
9900,0,35.07255195119112,35.07255195119112,100.0
9900,1,28.90295607848852,28.90295607848852,100.0
9900,2,36.02449197032036,36.02449197032036,100.0
