timestamp,sliceId,dedicatedPRB,minPRB,maxPRB
510,0,34.13846079326305,34.13846079326305,100.0
510,1,30.972284921088544,30.972284921088544,100.0
510,2,34.889254285648406,34.889254285648406,100.0
520,0,26.43171981575617,26.43171981575617,100.0
520,1,29.70785404485617,29.70785404485617,100.0
520,2,43.86042613938766,43.86042613938766,100.0
530,0,25.892782385824486,25.892782385824486,100.0
530,1,35.19401493482997,35.19401493482997,100.0
530,2,38.913202679345545,38.913202679345545,100.0
540,0,38.52619934825597,38.52619934825597,100.0
540,1,25.901976394605796,25.901976394605796,100.0
540,2,35.57182425713823,35.57182425713823,100.0
550,0,24.293920483273137,24.293920483273137,100.0
550,1,53.9620670580953,53.9620670580953,100.0
550,2,21.74401245863157,21.74401245863157,100.0
