timestamp,sliceId,dedicatedPRB,minPRB,maxPRB
510,0,28.740310221117106,28.740310221117106,100.0
510,1,42.962396195220684,42.962396195220684,100.0
510,2,28.29729358366221,28.29729358366221,100.0
520,0,33.290782148044244,33.290782148044244,100.0
520,1,25.66763846629981,25.66763846629981,100.0
520,2,41.04157938565595,41.04157938565595,100.0
530,0,42.551677912324514,42.551677912324514,100.0
530,1,37.82877630278956,37.82877630278956,100.0
530,2,19.619545784885933,19.619545784885933,100.0
540,0,26.89259556892425,26.89259556892425,100.0
540,1,37.44684525433794,37.44684525433794,100.0
540,2,35.66055917673782,35.66055917673782,100.0
550,0,45.1622683175278,45.1622683175278,100.0
550,1,31.694018778003315,31.694018778003315,100.0
550,2,23.143712904468885,23.143712904468885,100.0
560,0,39.65754029740201,39.65754029740201,100.0
560,1,36.77227918283189,36.77227918283189,100.0
560,2,23.570180519766108,23.570180519766108,100.0
570,0,25.29169179550944,25.29169179550944,100.0
570,1,31.863868740302255,31.863868740302255,100.0
570,2,42.84443946418831,42.84443946418831,100.0
580,0,30.687942745096976,30.687942745096976,100.0
580,1,29.893725392296567,29.893725392296567,100.0
580,2,39.41833186260646,39.41833186260646,100.0
590,0,29.673278880745606,29.673278880745606,100.0
590,1,41.493532036046496,41.493532036046496,100.0
590,2,28.8331890832079,28.8331890832079,100.0
600,0,37.610126414328974,37.610126414328974,100.0
600,1,38.46892931231706,38.46892931231706,100.0
600,2,23.92094427335397,23.92094427335397,100.0
610,0,48.75927785206444,48.75927785206444,100.0
610,1,28.679318109051525,28.679318109051525,100.0
610,2,22.561404038884024,22.561404038884024,100.0
620,0,23.780416519120596,23.780416519120596,100.0
620,1,41.11839458200887,41.11839458200887,100.0
620,2,35.10118889887053,35.10118889887053,100.0
630,0,30.46767907153365,30.46767907153365,100.0
630,1,39.80432741062258,39.80432741062258,100.0
630,2,29.727993517843775,29.727993517843775,100.0
640,0,34.16624546091753,34.16624546091753,100.0
640,1,42.28557534658217,42.28557534658217,100.0
640,2,23.548179192500303,23.548179192500303,100.0
650,0,39.85702878979343,39.85702878979343,100.0
650,1,30.921252759460966,30.921252759460966,100.0
650,2,29.221718450745616,29.221718450745616,100.0
660,0,32.04060259616413,32.04060259616413,100.0
660,1,30.063957704402693,30.063957704402693,100.0
660,2,37.89543969943318,37.89543969943318,100.0
670,0,40.05593977781467,40.05593977781467,100.0
670,1,32.30307195592862,32.30307195592862,100.0
670,2,27.64098826625671,27.64098826625671,100.0
680,0,29.17847336178428,29.17847336178428,100.0
680,1,47.62081007523689,47.62081007523689,100.0
680,2,23.200716562978833,23.200716562978833,100.0
690,0,44.88780653059272,44.88780653059272,100.0
690,1,27.688416515893223,27.688416515893223,100.0
690,2,27.42377695351406,27.42377695351406,100.0
700,0,35.17582234834415,35.17582234834415,100.0
700,1,28.839304812664835,28.839304812664835,100.0
700,2,35.98487283899102,35.98487283899102,100.0
710,0,37.428457084999636,37.428457084999636,100.0
710,1,34.86234601804764,34.86234601804764,100.0
710,2,27.709196896952726,27.709196896952726,100.0
720,0,23.22490851835952,23.22490851835952,100.0
720,1,47.78880111751468,47.78880111751468,100.0
720,2,28.9862903641258,28.9862903641258,100.0
730,0,24.896815327856668,24.896815327856668,100.0
730,1,31.147480245939335,31.147480245939335,100.0
730,2,43.955704426204,43.955704426204,100.0
740,0,34.398824370665984,34.398824370665984,100.0
740,1,28.543553752186668,28.543553752186668,100.0
740,2,37.05762187714736,37.05762187714736,100.0
750,0,29.16151765443764,29.16151765443764,100.0
750,1,27.549583893144757,27.549583893144757,100.0
750,2,43.2888984524176,43.2888984524176,100.0
760,0,23.555528635922222,23.555528635922222,100.0
760,1,50.95436958341929,50.95436958341929,100.0
760,2,25.49010178065849,25.49010178065849,100.0
770,0,23.793680927349133,23.793680927349133,100.0
770,1,28.53769089707684,28.53769089707684,100.0
770,2,47.66862817557402,47.66862817557402,100.0
780,0,31.69979394347652,31.69979394347652,100.0
780,1,42.12340734250524,42.12340734250524,100.0
780,2,26.176798714018247,26.176798714018247,100.0
790,0,25.647569416903735,25.647569416903735,100.0
790,1,46.25822338044864,46.25822338044864,100.0
790,2,28.094207202647624,28.094207202647624,100.0
800,0,30.193058089972453,30.193058089972453,100.0
800,1,33.345500212367334,33.345500212367334,100.0
800,2,36.46144169766022,36.46144169766022,100.0
810,0,41.46204824470249,41.46204824470249,100.0
810,1,24.34964293837383,24.34964293837383,100.0
810,2,34.18830881692368,34.18830881692368,100.0
820,0,39.45361944723838,39.45361944723838,100.0
820,1,24.814182525056886,24.814182525056886,100.0
820,2,35.73219802770474,35.73219802770474,100.0
830,0,21.557579925433565,21.557579925433565,100.0
830,1,29.70606397920846,29.70606397920846,100.0
830,2,48.736356095357976,48.736356095357976,100.0
840,0,39.71695127054018,39.71695127054018,100.0
840,1,38.39173762025304,38.39173762025304,100.0
840,2,21.891311109206786,21.891311109206786,100.0
850,0,35.17549160608125,35.17549160608125,100.0
850,1,38.37086504008113,38.37086504008113,100.0
850,2,26.453643353837624,26.453643353837624,100.0
860,0,24.424996802931798,24.424996802931798,100.0
860,1,56.234844468279796,56.234844468279796,100.0
860,2,19.340158728788403,19.340158728788403,100.0
870,0,35.5639556174203,35.5639556174203,100.0
870,1,45.35429952650791,45.35429952650791,100.0
870,2,19.081744856071793,19.081744856071793,100.0
880,0,36.790793378126196,36.790793378126196,100.0
880,1,37.662863977266866,37.662863977266866,100.0
880,2,25.546342644606952,25.546342644606952,100.0
890,0,46.08846228955095,46.08846228955095,100.0
890,1,29.879361239439206,29.879361239439206,100.0
890,2,24.032176471009848,24.032176471009848,100.0
900,0,37.35386492825313,37.35386492825313,100.0
900,1,34.87354028526054,34.87354028526054,100.0
900,2,27.772594786486337,27.772594786486337,100.0
910,0,24.391482163949274,24.391482163949274,100.0
910,1,39.35065552683903,39.35065552683903,100.0
910,2,36.257862309211696,36.257862309211696,100.0
920,0,24.297722100774987,24.297722100774987,100.0
920,1,35.85245137690747,35.85245137690747,100.0
920,2,39.84982652231754,39.84982652231754,100.0
930,0,38.742342336163226,38.742342336163226,100.0
930,1,24.572578803787902,24.572578803787902,100.0
930,2,36.68507886004888,36.68507886004888,100.0
940,0,29.136495295622115,29.136495295622115,100.0
940,1,47.70953635249446,47.70953635249446,100.0
940,2,23.153968351883425,23.153968351883425,100.0
950,0,36.362854844772144,36.362854844772144,100.0
950,1,38.30343481881769,38.30343481881769,100.0
950,2,25.33371033641017,25.33371033641017,100.0
960,0,27.242622950552796,27.242622950552796,100.0
960,1,49.426936237924004,49.426936237924004,100.0
960,2,23.330440811523196,23.330440811523196,100.0
970,0,48.08654740556831,48.08654740556831,100.0
970,1,30.53539049180194,30.53539049180194,100.0
970,2,21.378062102629748,21.378062102629748,100.0
980,0,43.01277404284796,43.01277404284796,100.0
980,1,37.65007125222031,37.65007125222031,100.0
980,2,19.337154704931738,19.337154704931738,100.0
990,0,31.321497684929717,31.321497684929717,100.0
990,1,28.386424098548197,28.386424098548197,100.0
990,2,40.292078216522086,40.292078216522086,100.0
1000,0,41.88041392074787,41.88041392074787,100.0
1000,1,39.842431030395836,39.842431030395836,100.0
1000,2,18.277155048856294,18.277155048856294,100.0
1010,0,24.952604397061517,24.952604397061517,100.0
1010,1,30.05161316536416,30.05161316536416,100.0
1010,2,44.99578243757433,44.99578243757433,100.0
1020,0,29.58174383970874,29.58174383970874,100.0
1020,1,47.24564297265112,47.24564297265112,100.0
1020,2,23.172613187640145,23.172613187640145,100.0
1030,0,32.8312893696632,32.8312893696632,100.0
1030,1,39.63149186984889,39.63149186984889,100.0
1030,2,27.537218760487914,27.537218760487914,100.0
1040,0,39.29260926274087,39.29260926274087,100.0
1040,1,38.59779965408163,38.59779965408163,100.0
1040,2,22.109591083177495,22.109591083177495,100.0
1050,0,41.81508642031232,41.81508642031232,100.0
1050,1,25.942772045469265,25.942772045469265,100.0
1050,2,32.24214153421842,32.24214153421842,100.0
1060,0,40.113984698576395,40.113984698576395,100.0
1060,1,28.346023383058206,28.346023383058206,100.0
1060,2,31.539991918365406,31.539991918365406,100.0
1070,0,41.170637025795585,41.170637025795585,100.0
1070,1,28.96912649474362,28.96912649474362,100.0
1070,2,29.860236479460788,29.860236479460788,100.0
1080,0,28.773692137020074,28.773692137020074,100.0
1080,1,44.76481276292803,44.76481276292803,100.0
1080,2,26.461495100051902,26.461495100051902,100.0
1090,0,43.80178494949777,43.80178494949777,100.0
1090,1,33.7110427338047,33.7110427338047,100.0
1090,2,22.487172316697528,22.487172316697528,100.0
1100,0,38.37980157517909,38.37980157517909,100.0
1100,1,41.10458201149787,41.10458201149787,100.0
1100,2,20.51561641332304,20.51561641332304,100.0
1110,0,28.825037613985042,28.825037613985042,100.0
1110,1,46.754733911910066,46.754733911910066,100.0
1110,2,24.42022847410489,24.42022847410489,100.0
1120,0,37.62120099147205,37.62120099147205,100.0
1120,1,35.91466135502017,35.91466135502017,100.0
1120,2,26.46413765350778,26.46413765350778,100.0
1130,0,46.41907899338867,46.41907899338867,100.0
1130,1,27.51432779250681,27.51432779250681,100.0
1130,2,26.066593214104515,26.066593214104515,100.0
1140,0,30.783914548163505,30.783914548163505,100.0
1140,1,39.181066765518636,39.181066765518636,100.0
1140,2,30.035018686317862,30.035018686317862,100.0
1150,0,32.434887715391504,32.434887715391504,100.0
1150,1,47.68221680018351,47.68221680018351,100.0
1150,2,19.882895484424996,19.882895484424996,100.0
1160,0,37.69802757664199,37.69802757664199,100.0
1160,1,26.224974561878035,26.224974561878035,100.0
1160,2,36.076997861479974,36.076997861479974,100.0
1170,0,31.908858650385895,31.908858650385895,100.0
1170,1,35.447587011362494,35.447587011362494,100.0
1170,2,32.64355433825161,32.64355433825161,100.0
1180,0,22.580942205562497,22.580942205562497,100.0
1180,1,42.143723429909926,42.143723429909926,100.0
1180,2,35.27533436452758,35.27533436452758,100.0
1190,0,27.739496012468802,27.739496012468802,100.0
1190,1,35.80534740163661,35.80534740163661,100.0
1190,2,36.455156585894585,36.455156585894585,100.0
1200,0,31.53776761006395,31.53776761006395,100.0
1200,1,37.32393063478558,37.32393063478558,100.0
1200,2,31.138301755150465,31.138301755150465,100.0
1210,0,41.42783955841907,41.42783955841907,100.0
1210,1,28.05402351232348,28.05402351232348,100.0
1210,2,30.518136929257455,30.518136929257455,100.0
1220,0,24.147275837559814,24.147275837559814,100.0
1220,1,31.494274964221226,31.494274964221226,100.0
1220,2,44.35844919821896,44.35844919821896,100.0
1230,0,32.60524026074528,32.60524026074528,100.0
1230,1,42.810250297347096,42.810250297347096,100.0
1230,2,24.58450944190762,24.58450944190762,100.0
1240,0,26.88984287116081,26.88984287116081,100.0
1240,1,41.30484999249792,41.30484999249792,100.0
1240,2,31.80530713634128,31.80530713634128,100.0
1250,0,24.189250045680904,24.189250045680904,100.0
1250,1,43.315133708264455,43.315133708264455,100.0
1250,2,32.495616246054645,32.495616246054645,100.0
1260,0,35.804741661661176,35.804741661661176,100.0
1260,1,35.89048538591155,35.89048538591155,100.0
1260,2,28.30477295242727,28.30477295242727,100.0
1270,0,47.93912869064133,47.93912869064133,100.0
1270,1,27.849654208866582,27.849654208866582,100.0
1270,2,24.21121710049209,24.21121710049209,100.0
1280,0,28.715386668861996,28.715386668861996,100.0
1280,1,40.81292711249036,40.81292711249036,100.0
1280,2,30.47168621864764,30.47168621864764,100.0
1290,0,34.644186670778495,34.644186670778495,100.0
1290,1,31.13074270410329,31.13074270410329,100.0
1290,2,34.22507062511822,34.22507062511822,100.0
1300,0,51.96469985138707,51.96469985138707,100.0
1300,1,27.39464656572132,27.39464656572132,100.0
1300,2,20.640653582891623,20.640653582891623,100.0
1310,0,26.30852281827576,26.30852281827576,100.0
1310,1,51.78599700122295,51.78599700122295,100.0
1310,2,21.905480180501296,21.905480180501296,100.0
1320,0,25.227276955447884,25.227276955447884,100.0
1320,1,52.0460382598948,52.0460382598948,100.0
1320,2,22.72668478465731,22.72668478465731,100.0
1330,0,32.91652374314039,32.91652374314039,100.0
1330,1,32.36130003686989,32.36130003686989,100.0
1330,2,34.72217621998972,34.72217621998972,100.0
1340,0,23.1753167184031,23.1753167184031,100.0
1340,1,36.041459692621316,36.041459692621316,100.0
1340,2,40.78322358897558,40.78322358897558,100.0
1350,0,22.40841441455343,22.40841441455343,100.0
1350,1,41.22238926167031,41.22238926167031,100.0
1350,2,36.369196323776265,36.369196323776265,100.0
1360,0,26.664256830924614,26.664256830924614,100.0
1360,1,32.12466197083694,32.12466197083694,100.0
1360,2,41.21108119823844,41.21108119823844,100.0
1370,0,28.752835835151984,28.752835835151984,100.0
1370,1,45.466425346925135,45.466425346925135,100.0
1370,2,25.780738817922877,25.780738817922877,100.0
1380,0,29.11441121503871,29.11441121503871,100.0
1380,1,26.497621305897507,26.497621305897507,100.0
1380,2,44.38796747906378,44.38796747906378,100.0
1390,0,22.66112282165095,22.66112282165095,100.0
1390,1,30.442805852335148,30.442805852335148,100.0
1390,2,46.896071326013896,46.896071326013896,100.0
1400,0,34.45014157640557,34.45014157640557,100.0
1400,1,35.63849401213024,35.63849401213024,100.0
1400,2,29.91136441146419,29.91136441146419,100.0
1410,0,31.1732668843861,31.1732668843861,100.0
1410,1,28.70421817383973,28.70421817383973,100.0
1410,2,40.12251494177418,40.12251494177418,100.0
1420,0,29.8340702995906,29.8340702995906,100.0
1420,1,41.192033147169624,41.192033147169624,100.0
1420,2,28.97389655323978,28.97389655323978,100.0
1430,0,24.63373036514063,24.63373036514063,100.0
1430,1,27.31068329074032,27.31068329074032,100.0
1430,2,48.05558634411905,48.05558634411905,100.0
1440,0,32.61460006514144,32.61460006514144,100.0
1440,1,39.18949752585475,39.18949752585475,100.0
1440,2,28.195902409003814,28.195902409003814,100.0
1450,0,32.017389484607854,32.017389484607854,100.0
1450,1,33.681647692741215,33.681647692741215,100.0
1450,2,34.300962822650924,34.300962822650924,100.0
1460,0,26.99389068218883,26.99389068218883,100.0
1460,1,28.16265452429797,28.16265452429797,100.0
1460,2,44.8434547935132,44.8434547935132,100.0
1470,0,35.693587871148345,35.693587871148345,100.0
1470,1,35.34232630099034,35.34232630099034,100.0
1470,2,28.964085827861314,28.964085827861314,100.0
1480,0,33.81880246703288,33.81880246703288,100.0
1480,1,26.709812369006574,26.709812369006574,100.0
1480,2,39.47138516396055,39.47138516396055,100.0
1490,0,26.361507064860174,26.361507064860174,100.0
1490,1,40.03109573024627,40.03109573024627,100.0
1490,2,33.607397204893566,33.607397204893566,100.0
1500,0,24.100011212575524,24.100011212575524,100.0
1500,1,27.100299052658,27.100299052658,100.0
1500,2,48.79968973476648,48.79968973476648,100.0
