timestamp,sliceId,dedicatedPRB,minPRB,maxPRB
600,0,36.85159398808416,36.85159398808416,100.0
600,1,29.4556269645584,29.4556269645584,100.0
600,2,33.69277904735743,33.69277904735743,100.0
700,0,23.64932632298002,23.64932632298002,100.0
700,1,34.354406658170966,34.354406658170966,100.0
700,2,41.99626701884902,41.99626701884902,100.0
800,0,28.07216494831406,28.07216494831406,100.0
800,1,49.405856664032235,49.405856664032235,100.0
800,2,22.521978387653707,22.521978387653707,100.0
900,0,29.80782066195043,29.80782066195043,100.0
900,1,40.41386140004064,40.41386140004064,100.0
900,2,29.77831793800893,29.77831793800893,100.0
1000,0,29.34373557619393,29.34373557619393,100.0
1000,1,48.24394480924394,48.24394480924394,100.0
1000,2,22.412319614562133,22.412319614562133,100.0
1100,0,24.113232744027314,24.113232744027314,100.0
1100,1,49.824947771941595,49.824947771941595,100.0
1100,2,26.061819484031094,26.061819484031094,100.0
1200,0,32.99585972754282,32.99585972754282,100.0
1200,1,25.720825948539407,25.720825948539407,100.0
1200,2,41.28331432391777,41.28331432391777,100.0
1300,0,22.10324544780272,22.10324544780272,100.0
1300,1,39.86923043439039,39.86923043439039,100.0
1300,2,38.02752411780689,38.02752411780689,100.0
1400,0,35.23033689687256,35.23033689687256,100.0
1400,1,44.87733216492754,44.87733216492754,100.0
1400,2,19.892330938199905,19.892330938199905,100.0
1500,0,38.91748948565969,38.91748948565969,100.0
1500,1,31.735487227466407,31.735487227466407,100.0
1500,2,29.347023286873906,29.347023286873906,100.0
1600,0,24.624985102518032,24.624985102518032,100.0
1600,1,40.02277675909507,40.02277675909507,100.0
1600,2,35.352238138386895,35.352238138386895,100.0
1700,0,34.64490834609867,34.64490834609867,100.0
1700,1,40.8902099731883,40.8902099731883,100.0
1700,2,24.46488168071303,24.46488168071303,100.0
1800,0,25.126230884821855,25.126230884821855,100.0
1800,1,29.970098363390875,29.970098363390875,100.0
1800,2,44.903670751787274,44.903670751787274,100.0
1900,0,42.034279138721175,42.034279138721175,100.0
1900,1,31.854944008592007,31.854944008592007,100.0
1900,2,26.11077685268681,26.11077685268681,100.0
2000,0,36.66785303969948,36.66785303969948,100.0
2000,1,42.423930216699546,42.423930216699546,100.0
2000,2,20.90821674360099,20.90821674360099,100.0
2100,0,22.050574102684962,22.050574102684962,100.0
2100,1,51.04695303307083,51.04695303307083,100.0
2100,2,26.90247286424421,26.90247286424421,100.0
2200,0,35.69853953426283,35.69853953426283,100.0
2200,1,44.947668158016405,44.947668158016405,100.0
2200,2,19.353792307720763,19.353792307720763,100.0
2300,0,20.94931796753126,20.94931796753126,100.0
2300,1,44.357985415030974,44.357985415030974,100.0
2300,2,34.69269661743777,34.69269661743777,100.0
2400,0,27.65254193061331,27.65254193061331,100.0
2400,1,31.59172811569853,31.59172811569853,100.0
2400,2,40.75572995368816,40.75572995368816,100.0
2500,0,33.12481658382201,33.12481658382201,100.0
2500,1,32.248844256576255,32.248844256576255,100.0
2500,2,34.62633915960174,34.62633915960174,100.0
2600,0,35.15834761331887,35.15834761331887,100.0
2600,1,39.09507344672508,39.09507344672508,100.0
2600,2,25.74657893995606,25.74657893995606,100.0
2700,0,39.92758963509277,39.92758963509277,100.0
2700,1,27.144283479734373,27.144283479734373,100.0
2700,2,32.928126885172865,32.928126885172865,100.0
2800,0,36.09015738360962,36.09015738360962,100.0
2800,1,31.744228845960286,31.744228845960286,100.0
2800,2,32.16561377043009,32.16561377043009,100.0
2900,0,22.99950004244719,22.99950004244719,100.0
2900,1,46.112112279136895,46.112112279136895,100.0
2900,2,30.888387678415913,30.888387678415913,100.0
3000,0,33.149590105786366,33.149590105786366,100.0
3000,1,40.850135190878525,40.850135190878525,100.0
3000,2,26.00027470333511,26.00027470333511,100.0
3100,0,34.305177792504395,34.305177792504395,100.0
3100,1,34.78085617483221,34.78085617483221,100.0
3100,2,30.9139660326634,30.9139660326634,100.0
3200,0,35.69306279807633,35.69306279807633,100.0
3200,1,35.61920659191381,35.61920659191381,100.0
3200,2,28.687730610009854,28.687730610009854,100.0
3300,0,25.490596066626654,25.490596066626654,100.0
3300,1,53.433240883278856,53.433240883278856,100.0
3300,2,21.076163050094493,21.076163050094493,100.0
3400,0,29.066167201771442,29.066167201771442,100.0
3400,1,45.683526749948435,45.683526749948435,100.0
3400,2,25.250306048280123,25.250306048280123,100.0
3500,0,40.90376207630846,40.90376207630846,100.0
3500,1,37.516706170534505,37.516706170534505,100.0
3500,2,21.57953175315704,21.57953175315704,100.0
3600,0,41.31985942217574,41.31985942217574,100.0
3600,1,32.137641046951124,32.137641046951124,100.0
3600,2,26.542499530873137,26.542499530873137,100.0
3700,0,29.740739954482365,29.740739954482365,100.0
3700,1,47.23511529048317,47.23511529048317,100.0
3700,2,23.024144755034467,23.024144755034467,100.0
3800,0,44.11848253842455,44.11848253842455,100.0
3800,1,28.057928873979304,28.057928873979304,100.0
3800,2,27.82358858759614,27.82358858759614,100.0
3900,0,30.736652036408145,30.736652036408145,100.0
3900,1,38.97417367418748,38.97417367418748,100.0
3900,2,30.28917428940438,30.28917428940438,100.0
4000,0,46.538186839152154,46.538186839152154,100.0
4000,1,29.045297638301232,29.045297638301232,100.0
4000,2,24.416515522546618,24.416515522546618,100.0
4100,0,30.389168124477273,30.389168124477273,100.0
4100,1,35.97885631733582,35.97885631733582,100.0
4100,2,33.63197555818691,33.63197555818691,100.0
4200,0,36.704064585371725,36.704064585371725,100.0
4200,1,38.64871188384335,38.64871188384335,100.0
4200,2,24.647223530784927,24.647223530784927,100.0
4300,0,29.689595124761347,29.689595124761347,100.0
4300,1,32.65899937908724,32.65899937908724,100.0
4300,2,37.65140549615142,37.65140549615142,100.0
4400,0,38.33652265230046,38.33652265230046,100.0
4400,1,38.70586493369832,38.70586493369832,100.0
4400,2,22.95761241400123,22.95761241400123,100.0
4500,0,23.850703378799995,23.850703378799995,100.0
4500,1,51.60318710073657,51.60318710073657,100.0
4500,2,24.546109520463432,24.546109520463432,100.0
4600,0,32.14527362691929,32.14527362691929,100.0
4600,1,46.35966342206549,46.35966342206549,100.0
4600,2,21.495062951015232,21.495062951015232,100.0
4700,0,23.12761713574716,23.12761713574716,100.0
4700,1,54.13179919200807,54.13179919200807,100.0
4700,2,22.740583672244778,22.740583672244778,100.0
4800,0,31.11630930671896,31.11630930671896,100.0
4800,1,47.47937637599617,47.47937637599617,100.0
4800,2,21.40431431728487,21.40431431728487,100.0
4900,0,40.07214355578726,40.07214355578726,100.0
4900,1,36.5294791632051,36.5294791632051,100.0
4900,2,23.398377281007647,23.398377281007647,100.0
5000,0,25.765844824782626,25.765844824782626,100.0
5000,1,27.30599405909478,27.30599405909478,100.0
5000,2,46.928161116122595,46.928161116122595,100.0
5100,0,30.01298839737997,30.01298839737997,100.0
5100,1,41.000640221693615,41.000640221693615,100.0
5100,2,28.986371380926414,28.986371380926414,100.0
5200,0,27.71801846372729,27.71801846372729,100.0
5200,1,25.780703980404045,25.780703980404045,100.0
5200,2,46.501277555868676,46.501277555868676,100.0
5300,0,40.00202351650922,40.00202351650922,100.0
5300,1,30.56004373785773,30.56004373785773,100.0
5300,2,29.437932745633056,29.437932745633056,100.0
5400,0,40.293328669232594,40.293328669232594,100.0
5400,1,27.024067063222017,27.024067063222017,100.0
5400,2,32.682604267545386,32.682604267545386,100.0
5500,0,28.63066729579825,28.63066729579825,100.0
5500,1,31.104252371173892,31.104252371173892,100.0
5500,2,40.26508033302786,40.26508033302786,100.0
5600,0,50.21162675194057,50.21162675194057,100.0
5600,1,27.762954719067533,27.762954719067533,100.0
5600,2,22.025418528991885,22.025418528991885,100.0
5700,0,45.70680572834736,45.70680572834736,100.0
5700,1,31.573270256902518,31.573270256902518,100.0
5700,2,22.71992401475012,22.71992401475012,100.0
5800,0,22.312692819926674,22.312692819926674,100.0
5800,1,36.51635665412849,36.51635665412849,100.0
5800,2,41.17095052594484,41.17095052594484,100.0
5900,0,27.032096330196463,27.032096330196463,100.0
5900,1,34.7694670535664,34.7694670535664,100.0
5900,2,38.19843661623713,38.19843661623713,100.0
6000,0,38.94106019882435,38.94106019882435,100.0
6000,1,36.117330807288724,36.117330807288724,100.0
6000,2,24.941608993886927,24.941608993886927,100.0
6100,0,27.350300925361935,27.350300925361935,100.0
6100,1,29.816654364942835,29.816654364942835,100.0
6100,2,42.83304470969523,42.83304470969523,100.0
6200,0,39.49498689147697,39.49498689147697,100.0
6200,1,38.47297837179748,38.47297837179748,100.0
6200,2,22.032034736725542,22.032034736725542,100.0
6300,0,39.03389388655262,39.03389388655262,100.0
6300,1,42.15233001897827,42.15233001897827,100.0
6300,2,18.81377609446912,18.81377609446912,100.0
6400,0,36.44844686681905,36.44844686681905,100.0
6400,1,32.316677788865064,32.316677788865064,100.0
6400,2,31.2348753443159,31.2348753443159,100.0
6500,0,33.47550546176486,33.47550546176486,100.0
6500,1,31.383996085728622,31.383996085728622,100.0
6500,2,35.14049845250652,35.14049845250652,100.0
6600,0,37.592070859895465,37.592070859895465,100.0
6600,1,36.06434433542777,36.06434433542777,100.0
6600,2,26.343584804676766,26.343584804676766,100.0
6700,0,31.55838169336494,31.55838169336494,100.0
6700,1,36.605117205630954,36.605117205630954,100.0
6700,2,31.836501101004107,31.836501101004107,100.0
6800,0,43.28662975382724,43.28662975382724,100.0
6800,1,34.31816917225656,34.31816917225656,100.0
6800,2,22.39520107391619,22.39520107391619,100.0
6900,0,31.719939622832673,31.719939622832673,100.0
6900,1,42.56957152282719,42.56957152282719,100.0
6900,2,25.710488854340145,25.710488854340145,100.0
7000,0,45.31215544010907,45.31215544010907,100.0
7000,1,32.321339851073695,32.321339851073695,100.0
7000,2,22.366504708817228,22.366504708817228,100.0
7100,0,39.9415564698702,39.9415564698702,100.0
7100,1,39.66099299110112,39.66099299110112,100.0
7100,2,20.397450539028682,20.397450539028682,100.0
7200,0,26.282246431923706,26.282246431923706,100.0
7200,1,51.96059199958756,51.96059199958756,100.0
7200,2,21.757161568488737,21.757161568488737,100.0
7300,0,36.053530739982584,36.053530739982584,100.0
7300,1,44.80510776703456,44.80510776703456,100.0
7300,2,19.141361492982853,19.141361492982853,100.0
7400,0,38.64236187393607,38.64236187393607,100.0
7400,1,42.522999265856136,42.522999265856136,100.0
7400,2,18.834638860207793,18.834638860207793,100.0
7500,0,37.748594841455635,37.748594841455635,100.0
7500,1,40.62778517706329,40.62778517706329,100.0
7500,2,21.623619981481085,21.623619981481085,100.0
7600,0,30.689913325243275,30.689913325243275,100.0
7600,1,45.292736032395666,45.292736032395666,100.0
7600,2,24.01735064236107,24.01735064236107,100.0
7700,0,23.141713616300212,23.141713616300212,100.0
7700,1,52.44951009600442,52.44951009600442,100.0
7700,2,24.40877628769537,24.40877628769537,100.0
7800,0,36.57153769259022,36.57153769259022,100.0
7800,1,45.4093210808497,45.4093210808497,100.0
7800,2,18.01914122656008,18.01914122656008,100.0
7900,0,32.25789390265098,32.25789390265098,100.0
7900,1,41.457196606521876,41.457196606521876,100.0
7900,2,26.284909490827147,26.284909490827147,100.0
8000,0,29.107866407112343,29.107866407112343,100.0
8000,1,46.04447317706225,46.04447317706225,100.0
8000,2,24.847660415825406,24.847660415825406,100.0
8100,0,22.511984061419803,22.511984061419803,100.0
8100,1,34.466534149608464,34.466534149608464,100.0
8100,2,43.021481788971734,43.021481788971734,100.0
8200,0,23.4881995261134,23.4881995261134,100.0
8200,1,30.60996447404092,30.60996447404092,100.0
8200,2,45.90183599984569,45.90183599984569,100.0
8300,0,32.111185506601124,32.111185506601124,100.0
8300,1,37.3146170679555,37.3146170679555,100.0
8300,2,30.574197425443373,30.574197425443373,100.0
8400,0,29.822456142988564,29.822456142988564,100.0
8400,1,47.84341637275747,47.84341637275747,100.0
8400,2,22.33412748425396,22.33412748425396,100.0
8500,0,31.54220246543359,31.54220246543359,100.0
8500,1,35.34598267119527,35.34598267119527,100.0
8500,2,33.111814863371144,33.111814863371144,100.0
8600,0,47.92918113921684,47.92918113921684,100.0
8600,1,31.08515072908078,31.08515072908078,100.0
8600,2,20.98566813170239,20.98566813170239,100.0
8700,0,21.855770294667572,21.855770294667572,100.0
8700,1,39.24193218226352,39.24193218226352,100.0
8700,2,38.90229752306891,38.90229752306891,100.0
8800,0,31.37579731092266,31.37579731092266,100.0
8800,1,38.10907642139991,38.10907642139991,100.0
8800,2,30.515126267677434,30.515126267677434,100.0
8900,0,30.56083081718145,30.56083081718145,100.0
8900,1,44.366432347380794,44.366432347380794,100.0
8900,2,25.072736835437752,25.072736835437752,100.0
9000,0,30.517425776381767,30.517425776381767,100.0
9000,1,41.56230601741455,41.56230601741455,100.0
9000,2,27.920268206203673,27.920268206203673,100.0
9100,0,25.51812231728977,25.51812231728977,100.0
9100,1,37.33511596882995,37.33511596882995,100.0
9100,2,37.146761713880274,37.146761713880274,100.0
9200,0,26.5983654922662,26.5983654922662,100.0
9200,1,40.72646781568935,40.72646781568935,100.0
9200,2,32.67516669204445,32.67516669204445,100.0
9300,0,28.591891074903458,28.591891074903458,100.0
9300,1,31.537951389878515,31.537951389878515,100.0
9300,2,39.87015753521803,39.87015753521803,100.0
9400,0,26.973697109582428,26.973697109582428,100.0
9400,1,42.45728758253187,42.45728758253187,100.0
9400,2,30.569015307885707,30.569015307885707,100.0
9500,0,34.552958906894496,34.552958906894496,100.0
9500,1,42.87823641203696,42.87823641203696,100.0
9500,2,22.568804681068542,22.568804681068542,100.0
9600,0,29.543808541957695,29.543808541957695,100.0
9600,1,27.817814856760016,27.817814856760016,100.0
9600,2,42.63837660128229,42.63837660128229,100.0
9700,0,27.705480933964218,27.705480933964218,100.0
9700,1,46.0787498091201,46.0787498091201,100.0
9700,2,26.21576925691569,26.21576925691569,100.0
9800,0,28.90430514709553,28.90430514709553,100.0
9800,1,42.401129485426345,42.401129485426345,100.0
9800,2,28.69456536747812,28.69456536747812,100.0
9900,0,32.474965121853174,32.474965121853174,100.0
9900,1,39.94601415407119,39.94601415407119,100.0
9900,2,27.579020724075637,27.579020724075637,100.0
