timestamp,ueImsi,sliceId,dTxBytes,dRxBytes,plr,resourceSharePct,dLostPackets,throughputMbps,bufferBytes
1510,1,0,35144,44312,0.00,51.66,0,35.4496,104275
1510,2,0,35144,27504,21.74,51.66,5,22.0032,1439584
1510,3,1,1014,390,61.54,20.00,8,0.3120,87
1510,4,1,1014,1092,0.00,20.00,0,0.8736,121
1510,5,2,256,0,100.00,28.34,2,0.0000,137
1510,6,2,256,256,0.00,28.34,0,0.2048,137
1510,7,2,256,256,0.00,28.34,0,0.2048,137
1510,8,2,256,0,100.00,28.34,2,0.0000,267
1510,9,2,256,0,100.00,28.34,2,0.0000,137
1510,10,2,256,256,0.00,28.34,0,0.2048,137
