timestamp,ueImsi,sliceId,dTxBytes,dRxBytes,plr,resourceSharePct,dLostPackets,throughputMbps,bufferBytes
560,1,0,24448,1528,93.75,16.66,15,1.2224,134582
560,2,0,24448,1528,93.75,16.66,15,1.2224,133710
560,3,0,24448,1528,93.75,16.66,15,1.2224,133129
560,4,0,24448,1528,93.75,16.66,15,1.2224,132939
560,5,0,24448,1528,93.75,16.66,15,1.2224,132836
560,6,1,390,312,20.00,55.00,1,0.2496,169
560,7,1,390,312,20.00,55.00,1,0.2496,169
560,8,1,390,312,20.00,55.00,1,0.2496,169
560,9,1,390,312,20.00,55.00,1,0.2496,169
560,10,1,390,312,20.00,55.00,1,0.2496,169
560,11,2,16000,1024,93.60,28.34,117,0.8192,90689
560,12,2,16000,1024,93.60,28.34,117,0.8192,90880
560,13,2,16000,1024,93.60,28.34,117,0.8192,90498
560,14,2,16000,1024,93.60,28.34,117,0.8192,90498
560,15,2,16000,1152,92.80,28.34,116,0.9216,90557
560,16,2,16000,768,95.20,28.34,119,0.6144,90557
560,17,2,16000,768,95.20,28.34,119,0.6144,90458
560,18,2,16000,640,96.00,28.34,120,0.5120,89871
560,19,2,16000,640,96.00,28.34,120,0.5120,89580
560,20,2,16000,640,96.00,28.34,120,0.5120,89580
