timestamp,sliceId,dedicatedPRB,minPRB,maxPRB
510,0,31.334009620930107,31.334009620930107,100.0
510,1,42.87514603161608,42.87514603161608,100.0
510,2,25.790844347453817,25.790844347453817,100.0
520,0,29.509557088268245,29.509557088268245,100.0
520,1,38.83429480010487,38.83429480010487,100.0
520,2,31.65614811162688,31.65614811162688,100.0
530,0,29.063519523883922,29.063519523883922,100.0
530,1,41.07499875590149,41.07499875590149,100.0
530,2,29.861481720214584,29.861481720214584,100.0
540,0,22.24702001315137,22.24702001315137,100.0
540,1,29.14027077155027,29.14027077155027,100.0
540,2,48.61270921529835,48.61270921529835,100.0
550,0,22.316872071820796,22.316872071820796,100.0
550,1,29.35443259669383,29.35443259669383,100.0
550,2,48.32869533148537,48.32869533148537,100.0
560,0,24.237435217547354,24.237435217547354,100.0
560,1,45.78055791573171,45.78055791573171,100.0
560,2,29.982006866720933,29.982006866720933,100.0
570,0,23.04192760351298,23.04192760351298,100.0
570,1,43.431844038007924,43.431844038007924,100.0
570,2,33.5262283584791,33.5262283584791,100.0
580,0,25.394210681692105,25.394210681692105,100.0
580,1,27.281384608829107,27.281384608829107,100.0
580,2,47.324404709478785,47.324404709478785,100.0
590,0,21.871716888206908,21.871716888206908,100.0
590,1,41.08615754919445,41.08615754919445,100.0
590,2,37.04212556259864,37.04212556259864,100.0
600,0,22.77989698713974,22.77989698713974,100.0
600,1,33.08927751514625,33.08927751514625,100.0
600,2,44.13082549771401,44.13082549771401,100.0
610,0,25.026396347486322,25.026396347486322,100.0
610,1,30.522410592379913,30.522410592379913,100.0
610,2,44.45119306013376,44.45119306013376,100.0
620,0,20.675051311667623,20.675051311667623,100.0
620,1,37.84463361935989,37.84463361935989,100.0
620,2,41.48031506897249,41.48031506897249,100.0
630,0,20.722285537667776,20.722285537667776,100.0
630,1,40.77670055287275,40.77670055287275,100.0
630,2,38.50101390945948,38.50101390945948,100.0
640,0,25.812611792304107,25.812611792304107,100.0
640,1,44.21847567645993,44.21847567645993,100.0
640,2,29.968912531235965,29.968912531235965,100.0
650,0,21.385096224125952,21.385096224125952,100.0
650,1,46.69579811065689,46.69579811065689,100.0
650,2,31.919105665217163,31.919105665217163,100.0
660,0,20.505212987632156,20.505212987632156,100.0
660,1,42.558557095594516,42.558557095594516,100.0
660,2,36.93622991677333,36.93622991677333,100.0
670,0,30.07966963683112,30.07966963683112,100.0
670,1,29.02163485922588,29.02163485922588,100.0
670,2,40.898695503943,40.898695503943,100.0
680,0,26.16139291175368,26.16139291175368,100.0
680,1,32.78393186326477,32.78393186326477,100.0
680,2,41.054675224981544,41.054675224981544,100.0
690,0,22.50413537345214,22.50413537345214,100.0
690,1,37.46912242663462,37.46912242663462,100.0
690,2,40.02674219991324,40.02674219991324,100.0
700,0,24.23061528330709,24.23061528330709,100.0
700,1,34.75212725801518,34.75212725801518,100.0
700,2,41.01725745867773,41.01725745867773,100.0
710,0,22.32253278446315,22.32253278446315,100.0
710,1,36.7110147116526,36.7110147116526,100.0
710,2,40.96645250388425,40.96645250388425,100.0
720,0,22.519427001709584,22.519427001709584,100.0
720,1,34.931426240501374,34.931426240501374,100.0
720,2,42.54914675778904,42.54914675778904,100.0
730,0,23.986308076415135,23.986308076415135,100.0
730,1,40.87139615991847,40.87139615991847,100.0
730,2,35.14229576366639,35.14229576366639,100.0
740,0,35.70960350546973,35.70960350546973,100.0
740,1,35.010954484071746,35.010954484071746,100.0
740,2,29.279442010458528,29.279442010458528,100.0
