timestamp,ueImsi,sliceId,dTxBytes,dRxBytes,plr,resourceSharePct,dLostPackets,throughputMbps,bufferBytes
560,1,0,24448,3056,87.50,34.54,14,2.4448,129057
560,2,0,24448,3056,87.50,34.54,14,2.4448,129138
560,3,0,24448,3056,87.50,34.54,14,2.4448,129153
560,4,0,24448,3056,87.50,34.54,14,2.4448,129134
560,5,0,24448,3056,87.50,34.54,14,2.4448,129110
560,6,1,780,702,10.00,29.09,1,0.5616,87
560,7,1,780,702,10.00,29.09,1,0.5616,87
560,8,1,780,702,10.00,29.09,1,0.5616,87
560,9,1,780,702,10.00,29.09,1,0.5616,87
560,10,1,780,702,10.00,29.09,1,0.5616,87
560,11,2,16000,1536,90.40,36.37,113,1.2288,87546
560,12,2,16000,1408,91.20,36.37,114,1.1264,87582
560,13,2,16000,1536,90.40,36.37,113,1.2288,87537
560,14,2,16000,1536,90.40,36.37,113,1.2288,87529
560,15,2,16000,1536,90.40,36.37,113,1.2288,87537
560,16,2,16000,1408,91.20,36.37,114,1.1264,87537
560,17,2,16000,1408,91.20,36.37,114,1.1264,87548
560,18,2,16000,1408,91.20,36.37,114,1.1264,87531
560,19,2,16000,1408,91.20,36.37,114,1.1264,87533
560,20,2,16000,1408,91.20,36.37,114,1.1264,87535
