timestamp,sliceId,dedicatedPRB,minPRB,maxPRB
510,0,28.4612826801404,28.4612826801404,100.0
510,1,51.02725755672609,51.02725755672609,100.0
510,2,20.51145976313351,20.51145976313351,100.0
520,0,24.457323501612308,24.457323501612308,100.0
520,1,47.18364409703095,47.18364409703095,100.0
520,2,28.35903240135674,28.35903240135674,100.0
530,0,24.457492662825032,24.457492662825032,100.0
530,1,42.30586659040136,42.30586659040136,100.0
530,2,33.2366407467736,33.2366407467736,100.0
540,0,29.382623571007656,29.382623571007656,100.0
540,1,32.03843224270048,32.03843224270048,100.0
540,2,38.57894418629186,38.57894418629186,100.0
550,0,31.789530763158513,31.789530763158513,100.0
550,1,36.30169902374874,36.30169902374874,100.0
550,2,31.90877021309275,31.90877021309275,100.0
560,0,23.06012977265018,23.06012977265018,100.0
560,1,52.279962301899175,52.279962301899175,100.0
560,2,24.659907925450653,24.659907925450653,100.0
570,0,30.96130260889493,30.96130260889493,100.0
570,1,37.851788204266754,37.851788204266754,100.0
570,2,31.186909186838324,31.186909186838324,100.0
580,0,32.0522791285554,32.0522791285554,100.0
580,1,44.74737097621573,44.74737097621573,100.0
580,2,23.20034989522888,23.20034989522888,100.0
590,0,24.045890646900098,24.045890646900098,100.0
590,1,39.22141188307741,39.22141188307741,100.0
590,2,36.7326974700225,36.7326974700225,100.0
600,0,28.563365981356313,28.563365981356313,100.0
600,1,49.56245379085896,49.56245379085896,100.0
600,2,21.874180227784727,21.874180227784727,100.0
610,0,21.4469904368204,21.4469904368204,100.0
610,1,49.61348516815743,49.61348516815743,100.0
610,2,28.939524395022165,28.939524395022165,100.0
620,0,22.610879712308396,22.610879712308396,100.0
620,1,37.25944597162264,37.25944597162264,100.0
620,2,40.129674316068964,40.129674316068964,100.0
630,0,24.601074638191918,24.601074638191918,100.0
630,1,55.474388868157774,55.474388868157774,100.0
630,2,19.92453649365032,19.92453649365032,100.0
640,0,23.216379817756902,23.216379817756902,100.0
640,1,49.57125532267025,49.57125532267025,100.0
640,2,27.212364859572858,27.212364859572858,100.0
650,0,24.7404490706253,24.7404490706253,100.0
650,1,55.42797851739789,55.42797851739789,100.0
650,2,19.83157241197681,19.83157241197681,100.0
660,0,22.51690389483708,22.51690389483708,100.0
660,1,56.77057650636114,56.77057650636114,100.0
660,2,20.712519598801794,20.712519598801794,100.0
670,0,22.412061621933585,22.412061621933585,100.0
670,1,45.24978061952456,45.24978061952456,100.0
670,2,32.33815775854186,32.33815775854186,100.0
680,0,23.980161396790802,23.980161396790802,100.0
680,1,50.184782683198506,50.184782683198506,100.0
680,2,25.835055920010696,25.835055920010696,100.0
690,0,25.16627371989706,25.16627371989706,100.0
690,1,44.56488952608205,44.56488952608205,100.0
690,2,30.268836754020896,30.268836754020896,100.0
700,0,25.653821647932883,25.653821647932883,100.0
700,1,55.152141226027965,55.152141226027965,100.0
700,2,19.19403712603915,19.19403712603915,100.0
710,0,23.736313666773295,23.736313666773295,100.0
710,1,41.34294668957877,41.34294668957877,100.0
710,2,34.92073964364795,34.92073964364795,100.0
720,0,26.472364557520763,26.472364557520763,100.0
720,1,39.284568538147695,39.284568538147695,100.0
720,2,34.24306690433155,34.24306690433155,100.0
730,0,45.638747021613604,45.638747021613604,100.0
730,1,27.59437800528054,27.59437800528054,100.0
730,2,26.766874973105857,26.766874973105857,100.0
