timestamp,ueImsi,sliceId,dTxBytes,dRxBytes,plr,resourceSharePct,dLostPackets,throughputMbps,bufferBytes
570,1,0,25976,6112,76.47,48.83,13,4.8896,147409
570,2,0,25976,6112,76.47,48.83,13,4.8896,147322
570,3,0,25976,6112,76.47,48.83,13,4.8896,147324
570,4,0,25976,6112,76.47,48.83,13,4.8896,147332
570,5,0,25976,6112,76.47,48.83,13,4.8896,147318
570,6,1,390,390,0.00,31.83,0,0.3120,87
570,7,1,390,390,0.00,31.83,0,0.3120,87
570,8,1,390,390,0.00,31.83,0,0.3120,87
570,9,1,390,390,0.00,31.83,0,0.3120,87
570,10,1,390,390,0.00,31.83,0,0.3120,87
570,11,2,16000,1280,92.00,19.34,115,1.0240,101281
570,12,2,16000,1408,91.20,19.34,114,1.1264,101338
570,13,2,16000,1280,92.00,19.34,115,1.0240,101283
570,14,2,16000,1280,92.00,19.34,115,1.0240,101294
570,15,2,16000,1408,91.20,19.34,114,1.1264,101318
570,16,2,16000,1280,92.00,19.34,115,1.0240,101334
570,17,2,16000,1280,92.00,19.34,115,1.0240,101318
570,18,2,16000,1408,91.20,19.34,114,1.1264,101261
570,19,2,16000,1280,92.00,19.34,115,1.0240,101318
570,20,2,16000,1280,92.00,19.34,115,1.0240,101301
