timestamp,ueImsi,sliceId,dTxBytes,dRxBytes,plr,resourceSharePct,dLostPackets,throughputMbps,bufferBytes
1510,1,0,18336,0,100.00,33.90,12,0.0000,1658260
1510,2,0,18336,3056,83.33,33.90,10,2.4448,1468697
1510,3,0,18336,6112,66.67,33.90,8,4.8896,1151126
1510,4,0,18336,0,100.00,33.90,12,0.0000,1309329
1510,5,0,18336,0,100.00,33.90,12,0.0000,1707848
1510,6,1,390,390,0.00,38.57,0,0.3120,87
1510,7,1,390,0,100.00,38.57,5,0.0000,189
1510,8,1,390,390,0.00,38.57,0,0.3120,87
1510,9,1,390,234,40.00,38.57,2,0.1872,87
1510,10,1,390,780,0.00,38.57,0,0.6240,5220
1510,11,2,384,256,33.33,27.52,1,0.2048,137
1510,12,2,384,256,33.33,27.52,1,0.2048,137
1510,13,2,384,256,33.33,27.52,1,0.2048,137
1510,14,2,384,256,33.33,27.52,1,0.2048,137
1510,15,2,384,256,33.33,27.52,1,0.2048,80
1510,16,2,384,0,100.00,27.52,3,0.0000,303
1510,17,2,384,256,33.33,27.52,1,0.2048,137
1510,18,2,384,0,100.00,27.52,3,0.0000,401
1510,19,2,384,256,33.33,27.52,1,0.2048,137
1510,20,2,384,256,33.33,27.52,1,0.2048,137
