timestamp,sliceId,dedicatedPRB,minPRB,maxPRB,algorithm
510,0,66.665,66.665,100.0,0
510,1,20.000000000000004,20.000000000000004,100.0,0
510,2,13.335000000000003,13.335000000000003,100.0,0
520,0,21.665,21.665,100.0,2
520,1,20.0,20.0,100.0,2
520,2,58.335,58.335,100.0,2
530,0,31.665,31.665,100.0,2
530,1,55.00000000000001,55.00000000000001,100.0,2
530,2,13.334999999999999,13.334999999999999,100.0,2
540,0,16.665,16.665,100.0,0
540,1,20.0,20.0,100.0,0
540,2,63.334999999999994,63.334999999999994,100.0,0
550,0,16.665,16.665,100.0,1
550,1,20.0,20.0,100.0,1
550,2,63.334999999999994,63.334999999999994,100.0,1
560,0,21.665,21.665,100.0,1
560,1,55.00000000000001,55.00000000000001,100.0,1
560,2,23.335,23.335,100.0,1
570,0,21.665,21.665,100.0,0
570,1,35.0,35.0,100.0,0
570,2,43.335,43.335,100.0,0
580,0,26.665000000000006,26.665000000000006,100.0,2
580,1,35.0,35.0,100.0,2
580,2,38.335,38.335,100.0,2
590,0,21.665,21.665,100.0,2
590,1,45.0,45.0,100.0,2
590,2,33.335,33.335,100.0,2
600,0,51.66499999999999,51.66499999999999,100.0,2
600,1,25.0,25.0,100.0,2
600,2,23.335,23.335,100.0,2
610,0,21.665,21.665,100.0,1
610,1,40.0,40.0,100.0,1
610,2,38.334999999999994,38.334999999999994,100.0,1
620,0,51.665000000000006,51.665000000000006,100.0,2
620,1,30.000000000000004,30.000000000000004,100.0,2
620,2,18.335,18.335,100.0,2
630,0,31.665,31.665,100.0,2
630,1,30.000000000000004,30.000000000000004,100.0,2
630,2,38.334999999999994,38.334999999999994,100.0,2
640,0,31.665,31.665,100.0,2
640,1,20.0,20.0,100.0,2
640,2,48.334999999999994,48.334999999999994,100.0,2
