timestamp,ueImsi,sliceId,dTxBytes,dRxBytes,plr,resourceSharePct,dLostPackets,throughputMbps,bufferBytes
1510,1,0,35144,29032,17.39,21.66,4,23.2256,518474
1510,2,0,35144,18336,47.83,21.66,11,14.6688,1760963
1510,3,1,1014,936,7.69,20.00,1,0.7488,87
1510,4,1,1014,1014,0.00,20.00,0,0.8112,87
1510,5,2,256,0,100.00,58.34,2,0.0000,533
1510,6,2,256,640,0.00,58.34,0,0.5120,137
1510,7,2,256,256,0.00,58.34,0,0.2048,137
1510,8,2,256,0,100.00,58.34,2,0.0000,137
1510,9,2,256,0,100.00,58.34,2,0.0000,269
1510,10,2,256,256,0.00,58.34,0,0.2048,137
