timestamp,ueImsi,sliceId,dTxBytes,dRxBytes,plr,resourceSharePct,dLostPackets,throughputMbps,bufferBytes,dlBufferBytes,ulBufferBytes,macBufferBytes,congestionPct,lastDrlActionStatus
9900,1,0,128736,0,100.00,31.57,112,0.0000,1200005,68513,1200005,1268518,12.10,applied
9900,2,0,128736,116660,15.18,31.57,17,9.3328,1200005,68513,1200005,1268518,12.10,applied
9900,3,0,128736,85960,37.50,31.57,42,6.8768,1200005,68513,1200005,1268518,12.10,applied
9900,4,0,128736,0,100.00,31.57,112,0.0000,34,68513,34,68547,0.65,applied
9900,5,0,128736,0,100.00,31.57,112,0.0000,3914,68513,3914,72427,0.69,applied
9900,6,1,0,0,0.00,46.79,0,0.0000,34,0,34,34,0.00,applied
9900,7,1,0,0,0.00,46.79,0,0.0000,34,0,34,34,0.00,applied
9900,8,1,0,0,0.00,46.79,0,0.0000,34,0,34,34,0.00,applied
9900,9,1,0,0,0.00,46.79,0,0.0000,34,0,34,34,0.00,applied
9900,10,1,0,0,0.00,46.79,0,0.0000,34,0,34,34,0.00,applied
9900,11,1,0,0,0.00,46.79,0,0.0000,34,0,34,34,0.00,applied
9900,12,1,0,0,0.00,46.79,0,0.0000,34,0,34,34,0.00,applied
9900,13,1,0,0,0.00,46.79,0,0.0000,34,0,34,34,0.00,applied
9900,14,2,65200,940,90.00,21.64,45,0.0752,4142781,4142781,51,4142832,39.51,applied
9900,15,2,65200,0,100.00,21.64,50,0.0000,4142781,4142781,51,4142832,39.51,applied
9900,16,2,65200,940,90.00,21.64,45,0.0752,4142781,4142781,51,4142832,39.51,applied
9900,17,2,65200,0,100.00,21.64,50,0.0000,4143949,4143949,51,4144000,39.52,applied
9900,18,2,65200,0,100.00,21.64,50,0.0000,4142781,4142781,51,4142832,39.51,applied
