timestamp,ueImsi,sliceId,dTxBytes,dRxBytes,plr,resourceSharePct,dLostPackets,throughputMbps,bufferBytes
1230,1,0,25976,4584,82.35,40.85,14,3.6672,1682302
1230,2,0,25976,4584,82.35,40.85,14,3.6672,1682289
1230,3,0,25976,4584,82.35,40.85,14,3.6672,1682277
1230,4,0,25976,4584,82.35,40.85,14,3.6672,1682272
1230,5,0,25976,4584,82.35,40.85,14,3.6672,1682190
1230,6,1,390,390,0.00,25.62,0,0.3120,87
1230,7,1,390,390,0.00,25.62,0,0.3120,87
1230,8,1,390,390,0.00,25.62,0,0.3120,87
1230,9,1,390,390,0.00,25.62,0,0.3120,87
1230,10,1,390,390,0.00,25.62,0,0.3120,87
1230,11,2,16000,1280,92.00,33.53,115,1.0240,1122429
1230,12,2,16000,1280,92.00,33.53,115,1.0240,1122425
1230,13,2,16000,1152,92.80,33.53,116,0.9216,1122447
1230,14,2,16000,1280,92.00,33.53,115,1.0240,1122406
1230,15,2,16000,1152,92.80,33.53,116,0.9216,1122493
1230,16,2,16000,1152,92.80,33.53,116,0.9216,1122488
1230,17,2,16000,1152,92.80,33.53,116,0.9216,1122355
1230,18,2,16000,1152,92.80,33.53,116,0.9216,1122447
1230,19,2,16000,1280,92.00,33.53,115,1.0240,1122474
1230,20,2,16000,1280,92.00,33.53,115,1.0240,1122493
