timestamp,ueImsi,sliceId,dTxBytes,dRxBytes,plr,resourceSharePct,dLostPackets,throughputMbps,bufferBytes,dlBufferBytes,ulBufferBytes,macBufferBytes,congestionPct,lastDrlActionStatus
9900,1,0,128736,0,100.00,36.89,112,0.0000,1199786,0,1199786,1199786,11.44,applied
9900,2,0,128736,40524,70.54,36.89,79,3.2419,1200005,0,1200005,1200005,11.44,applied
9900,3,0,128736,77364,43.75,36.89,49,6.1891,1200005,0,1200005,1200005,11.44,applied
9900,4,0,128736,0,100.00,36.89,112,0.0000,34,0,34,34,0.00,applied
9900,5,0,128736,1228,99.11,36.89,111,0.0982,3914,0,3914,3914,0.04,applied
9900,6,1,0,0,0.00,45.08,0,0.0000,34,0,34,34,0.00,applied
9900,7,1,0,0,0.00,45.08,0,0.0000,34,0,34,34,0.00,applied
9900,8,1,0,0,0.00,45.08,0,0.0000,34,0,34,34,0.00,applied
9900,9,1,0,0,0.00,45.08,0,0.0000,34,0,34,34,0.00,applied
9900,10,1,0,0,0.00,45.08,0,0.0000,34,0,34,34,0.00,applied
9900,11,1,0,0,0.00,45.08,0,0.0000,34,0,34,34,0.00,applied
9900,12,1,0,0,0.00,45.08,0,0.0000,34,0,34,34,0.00,applied
9900,13,1,0,0,0.00,45.08,0,0.0000,34,0,34,34,0.00,applied
9900,14,2,65200,940,90.00,18.03,45,0.0752,1043,1043,51,1094,0.01,applied
9900,15,2,65200,0,100.00,18.03,50,0.0000,1074,1074,51,1125,0.01,applied
9900,16,2,65200,940,90.00,18.03,45,0.0752,1036,1036,51,1087,0.01,applied
9900,17,2,65200,0,100.00,18.03,50,0.0000,1418,1418,51,1469,0.01,applied
9900,18,2,65200,0,100.00,18.03,50,0.0000,1074,1074,51,1125,0.01,applied
