timestamp,ueImsi,sliceId,dTxBytes,dRxBytes,plr,resourceSharePct,dLostPackets,throughputMbps,bufferBytes
1340,1,0,24448,1528,93.75,41.08,15,1.2224,1947339
1340,2,0,24448,1528,93.75,41.08,15,1.2224,1947463
1340,3,0,24448,3056,87.50,41.08,14,2.4448,1947725
1340,4,0,24448,1528,93.75,41.08,15,1.2224,1947410
1340,5,0,24448,3056,87.50,41.08,14,2.4448,1947501
1340,6,1,390,468,0.00,29.95,0,0.3744,87
1340,7,1,390,468,0.00,29.95,0,0.3744,87
1340,8,1,390,468,0.00,29.95,0,0.3744,87
1340,9,1,390,468,0.00,29.95,0,0.3744,87
1340,10,1,390,468,0.00,29.95,0,0.3744,87
1340,11,2,16000,896,94.40,28.97,118,0.7168,1300139
1340,12,2,16000,768,95.20,28.97,119,0.6144,1300055
1340,13,2,16000,768,95.20,28.97,119,0.6144,1300090
1340,14,2,16000,768,95.20,28.97,119,0.6144,1300072
1340,15,2,16000,768,95.20,28.97,119,0.6144,1300328
1340,16,2,16000,768,95.20,28.97,119,0.6144,1299975
1340,17,2,16000,896,94.40,28.97,118,0.7168,1300020
1340,18,2,16000,768,95.20,28.97,119,0.6144,1300059
1340,19,2,16000,896,94.40,28.97,118,0.7168,1300037
1340,20,2,16000,768,95.20,28.97,119,0.6144,1300337
