timestamp,sliceId,dedicatedPRB,minPRB,maxPRB
510,0,37.07013430180529,37.07013430180529,100.0
510,1,32.43827608397229,32.43827608397229,100.0
510,2,30.491589614222427,30.491589614222427,100.0
520,0,32.875489671355076,32.875489671355076,100.0
520,1,40.36763768855312,40.36763768855312,100.0
520,2,26.75687264009181,26.75687264009181,100.0
530,0,50.94554172208958,50.94554172208958,100.0
530,1,28.305448616511036,28.305448616511036,100.0
530,2,20.74900966139939,20.74900966139939,100.0
540,0,25.622630471252755,25.622630471252755,100.0
540,1,26.33750669014881,26.33750669014881,100.0
540,2,48.03986283859844,48.03986283859844,100.0
550,0,22.635005025319266,22.635005025319266,100.0
550,1,43.72658454330045,43.72658454330045,100.0
550,2,33.63841043138029,33.63841043138029,100.0
560,0,32.95782257729048,32.95782257729048,100.0
560,1,26.445549692393357,26.445549692393357,100.0
560,2,40.59662773031617,40.59662773031617,100.0
570,0,38.82313900617971,38.82313900617971,100.0
570,1,36.21476225827747,36.21476225827747,100.0
570,2,24.962098735542824,24.962098735542824,100.0
580,0,34.34125979526949,34.34125979526949,100.0
580,1,32.27805527207288,32.27805527207288,100.0
580,2,33.38068493265764,33.38068493265764,100.0
590,0,54.51540467167685,54.51540467167685,100.0
590,1,25.593796306668377,25.593796306668377,100.0
590,2,19.890799021654782,19.890799021654782,100.0
