timestamp,sliceId,dedicatedPRB,minPRB,maxPRB
510,0,50.47447343086405,50.47447343086405,100.0
510,1,28.360055932420714,28.360055932420714,100.0
510,2,21.165470636715227,21.165470636715227,100.0
520,0,51.356882641613744,51.356882641613744,100.0
520,1,27.944796586306765,27.944796586306765,100.0
520,2,20.698320772079505,20.698320772079505,100.0
530,0,34.77329310982606,34.77329310982606,100.0
530,1,46.50375215270142,46.50375215270142,100.0
530,2,18.72295473747252,18.72295473747252,100.0
540,0,33.651683907784296,33.651683907784296,100.0
540,1,35.691717564123635,35.691717564123635,100.0
540,2,30.656598528092072,30.656598528092072,100.0
550,0,32.97931439825985,32.97931439825985,100.0
550,1,31.11812337813497,31.11812337813497,100.0
550,2,35.90256222360517,35.90256222360517,100.0
560,0,26.178902087264422,26.178902087264422,100.0
560,1,26.30843713494229,26.30843713494229,100.0
560,2,47.51266077779328,47.51266077779328,100.0
570,0,26.29226788567515,26.29226788567515,100.0
570,1,30.718413235573582,30.718413235573582,100.0
570,2,42.98931887875128,42.98931887875128,100.0
580,0,27.42139270054112,27.42139270054112,100.0
580,1,34.078046380430315,34.078046380430315,100.0
580,2,38.50056091902856,38.50056091902856,100.0
590,0,39.61042724875534,39.61042724875534,100.0
590,1,33.99596347798324,33.99596347798324,100.0
590,2,26.39360927326142,26.39360927326142,100.0
600,0,32.5892748444907,32.5892748444907,100.0
600,1,24.406604837263636,24.406604837263636,100.0
600,2,43.00412031824566,43.00412031824566,100.0
610,0,34.954580388915325,34.954580388915325,100.0
610,1,39.457872424324556,39.457872424324556,100.0
610,2,25.58754718676012,25.58754718676012,100.0
620,0,38.522479005203245,38.522479005203245,100.0
620,1,31.56743733955758,31.56743733955758,100.0
620,2,29.910083655239173,29.910083655239173,100.0
630,0,28.751563516307254,28.751563516307254,100.0
630,1,25.821907834945424,25.821907834945424,100.0
630,2,45.42652864874732,45.42652864874732,100.0
640,0,36.592717477251014,36.592717477251014,100.0
640,1,41.64908885241484,41.64908885241484,100.0
640,2,21.75819367033415,21.75819367033415,100.0
650,0,48.73513603501164,48.73513603501164,100.0
650,1,27.06034435384789,27.06034435384789,100.0
650,2,24.204519611140476,24.204519611140476,100.0
660,0,41.305590096247,41.305590096247,100.0
660,1,28.48859294493151,28.48859294493151,100.0
660,2,30.205816958821487,30.205816958821487,100.0
670,0,23.590883177347084,23.590883177347084,100.0
670,1,41.81849007132096,41.81849007132096,100.0
670,2,34.59062675133197,34.59062675133197,100.0
680,0,47.60179738024121,47.60179738024121,100.0
680,1,27.556578818301336,27.556578818301336,100.0
680,2,24.84162380145746,24.84162380145746,100.0
690,0,32.598248162705715,32.598248162705715,100.0
690,1,44.61662981950308,44.61662981950308,100.0
690,2,22.785122017791203,22.785122017791203,100.0
700,0,38.70219216822586,38.70219216822586,100.0
700,1,26.886511058976776,26.886511058976776,100.0
700,2,34.41129677279737,34.41129677279737,100.0
710,0,37.58655480344705,37.58655480344705,100.0
710,1,31.645481782193908,31.645481782193908,100.0
710,2,30.767963414359052,30.767963414359052,100.0
720,0,31.84724254415294,31.84724254415294,100.0
720,1,30.22188419604101,30.22188419604101,100.0
720,2,37.930873259806056,37.930873259806056,100.0
730,0,46.81554561729469,46.81554561729469,100.0
730,1,32.43708580681982,32.43708580681982,100.0
730,2,20.747368575885496,20.747368575885496,100.0
740,0,48.38564546133842,48.38564546133842,100.0
740,1,29.271405934353332,29.271405934353332,100.0
740,2,22.342948604308244,22.342948604308244,100.0
750,0,28.90931375157687,28.90931375157687,100.0
750,1,29.889151914999395,29.889151914999395,100.0
750,2,41.201534333423744,41.201534333423744,100.0
760,0,24.986503721084606,24.986503721084606,100.0
760,1,25.539942120595327,25.539942120595327,100.0
760,2,49.47355415832006,49.47355415832006,100.0
770,0,31.943675798108906,31.943675798108906,100.0
770,1,30.609411329756007,30.609411329756007,100.0
770,2,37.44691287213509,37.44691287213509,100.0
780,0,28.325051929591165,28.325051929591165,100.0
780,1,29.888967358324997,29.888967358324997,100.0
780,2,41.785980712083834,41.785980712083834,100.0
790,0,26.772933204771487,26.772933204771487,100.0
790,1,40.56333479891202,40.56333479891202,100.0
790,2,32.6637319963165,32.6637319963165,100.0
800,0,38.66084925151978,38.66084925151978,100.0
800,1,40.68318762755826,40.68318762755826,100.0
800,2,20.655963120921957,20.655963120921957,100.0
810,0,39.16876935315367,39.16876935315367,100.0
810,1,35.358957988887134,35.358957988887134,100.0
810,2,25.472272657959195,25.472272657959195,100.0
820,0,46.85714412415275,46.85714412415275,100.0
820,1,28.559066916379,28.559066916379,100.0
820,2,24.583788959468254,24.583788959468254,100.0
830,0,34.0320251717437,34.0320251717437,100.0
830,1,41.95183375075088,41.95183375075088,100.0
830,2,24.016141077505427,24.016141077505427,100.0
840,0,29.924866096537855,29.924866096537855,100.0
840,1,37.87581560792118,37.87581560792118,100.0
840,2,32.19931829554097,32.19931829554097,100.0
850,0,26.092561009820294,26.092561009820294,100.0
850,1,50.04451343531875,50.04451343531875,100.0
850,2,23.862925554860958,23.862925554860958,100.0
860,0,25.753537378283937,25.753537378283937,100.0
860,1,26.744594579632192,26.744594579632192,100.0
860,2,47.50186804208387,47.50186804208387,100.0
870,0,23.345073057240725,23.345073057240725,100.0
870,1,49.89332204855062,49.89332204855062,100.0
870,2,26.761604894208656,26.761604894208656,100.0
880,0,39.53169052251393,39.53169052251393,100.0
880,1,39.72207971621955,39.72207971621955,100.0
880,2,20.746229761266527,20.746229761266527,100.0
890,0,27.746986500839544,27.746986500839544,100.0
890,1,40.03946674798911,40.03946674798911,100.0
890,2,32.21354675117136,32.21354675117136,100.0
900,0,43.33711345414601,43.33711345414601,100.0
900,1,34.584846877555464,34.584846877555464,100.0
900,2,22.07803966829853,22.07803966829853,100.0
910,0,23.504888423591698,23.504888423591698,100.0
910,1,38.773329263262724,38.773329263262724,100.0
910,2,37.72178231314558,37.72178231314558,100.0
920,0,37.86685104186102,37.86685104186102,100.0
920,1,33.450945583788226,33.450945583788226,100.0
920,2,28.682203374350753,28.682203374350753,100.0
930,0,44.0110633296232,44.0110633296232,100.0
930,1,28.92079839005247,28.92079839005247,100.0
930,2,27.068138280324323,27.068138280324323,100.0
940,0,32.154840909512096,32.154840909512096,100.0
940,1,45.58489290407019,45.58489290407019,100.0
940,2,22.26026618641772,22.26026618641772,100.0
950,0,32.52159616986279,32.52159616986279,100.0
950,1,30.456150071693212,30.456150071693212,100.0
950,2,37.022253758444,37.022253758444,100.0
960,0,24.697111364040403,24.697111364040403,100.0
960,1,41.92281085309483,41.92281085309483,100.0
960,2,33.38007778286477,33.38007778286477,100.0
970,0,46.90759754838493,46.90759754838493,100.0
970,1,26.685734441310416,26.685734441310416,100.0
970,2,26.406668010304664,26.406668010304664,100.0
980,0,34.418762679912376,34.418762679912376,100.0
980,1,24.425054063425407,24.425054063425407,100.0
980,2,41.15618325666222,41.15618325666222,100.0
990,0,35.73405063020996,35.73405063020996,100.0
990,1,40.526408392857014,40.526408392857014,100.0
990,2,23.73954097693303,23.73954097693303,100.0
1000,0,23.90444360549982,23.90444360549982,100.0
1000,1,47.087074571314126,47.087074571314126,100.0
1000,2,29.00848182318605,29.00848182318605,100.0
1010,0,39.35103331274223,39.35103331274223,100.0
1010,1,30.583988481522994,30.583988481522994,100.0
1010,2,30.064978205734764,30.064978205734764,100.0
1020,0,29.853543837783114,29.853543837783114,100.0
1020,1,49.08296146074631,49.08296146074631,100.0
1020,2,21.06349470147058,21.06349470147058,100.0
1030,0,23.841903589892002,23.841903589892002,100.0
1030,1,49.419718720273856,49.419718720273856,100.0
1030,2,26.73837768983414,26.73837768983414,100.0
1040,0,26.73381414094408,26.73381414094408,100.0
1040,1,39.998881350605465,39.998881350605465,100.0
1040,2,33.26730450845046,33.26730450845046,100.0
1050,0,33.76577556878522,33.76577556878522,100.0
1050,1,31.50989703741443,31.50989703741443,100.0
1050,2,34.72432739380035,34.72432739380035,100.0
1060,0,23.673671460188498,23.673671460188498,100.0
1060,1,36.9099030483553,36.9099030483553,100.0
1060,2,39.41642549145621,39.41642549145621,100.0
1070,0,26.550085089542442,26.550085089542442,100.0
1070,1,35.112968098543156,35.112968098543156,100.0
1070,2,38.336946811914416,38.336946811914416,100.0
1080,0,26.595788278328524,26.595788278328524,100.0
1080,1,49.493157849741785,49.493157849741785,100.0
1080,2,23.911053871929695,23.911053871929695,100.0
1090,0,29.018353174543343,29.018353174543343,100.0
1090,1,39.18851906691276,39.18851906691276,100.0
1090,2,31.793127758543893,31.793127758543893,100.0
1100,0,25.74168942510047,25.74168942510047,100.0
1100,1,47.83528537326055,47.83528537326055,100.0
1100,2,26.423025201638982,26.423025201638982,100.0
1110,0,31.501025160648112,31.501025160648112,100.0
1110,1,36.35193028822471,36.35193028822471,100.0
1110,2,32.14704455112719,32.14704455112719,100.0
1120,0,23.897727917631773,23.897727917631773,100.0
1120,1,44.83665457591478,44.83665457591478,100.0
1120,2,31.265617506453445,31.265617506453445,100.0
1130,0,25.757130407002883,25.757130407002883,100.0
1130,1,28.685220678848676,28.685220678848676,100.0
1130,2,45.557648914148444,45.557648914148444,100.0
1140,0,33.919950707152694,33.919950707152694,100.0
1140,1,36.22484797979164,36.22484797979164,100.0
1140,2,29.85520131305567,29.85520131305567,100.0
1150,0,34.77873227199731,34.77873227199731,100.0
1150,1,24.894513508536487,24.894513508536487,100.0
1150,2,40.326754219466196,40.326754219466196,100.0
1160,0,28.71253723389038,28.71253723389038,100.0
1160,1,26.23355649060021,26.23355649060021,100.0
1160,2,45.053906275509405,45.053906275509405,100.0
1170,0,26.98385112666663,26.98385112666663,100.0
1170,1,44.179003979007554,44.179003979007554,100.0
1170,2,28.837144894325817,28.837144894325817,100.0
1180,0,49.82004972244899,49.82004972244899,100.0
1180,1,27.412560125644486,27.412560125644486,100.0
1180,2,22.767390151906515,22.767390151906515,100.0
1190,0,42.100236881510455,42.100236881510455,100.0
1190,1,33.416129888760196,33.416129888760196,100.0
1190,2,24.48363322972935,24.48363322972935,100.0
1200,0,23.65460406890956,23.65460406890956,100.0
1200,1,37.57838073564365,37.57838073564365,100.0
1200,2,38.767015195446795,38.767015195446795,100.0
1210,0,25.095307569894615,25.095307569894615,100.0
1210,1,29.061336242330988,29.061336242330988,100.0
1210,2,45.8433561877744,45.8433561877744,100.0
1220,0,24.880239547838556,24.880239547838556,100.0
1220,1,50.672042755116905,50.672042755116905,100.0
1220,2,24.44771769704453,24.44771769704453,100.0
1230,0,29.082416394704815,29.082416394704815,100.0
1230,1,50.156304317527244,50.156304317527244,100.0
1230,2,20.761279287767938,20.761279287767938,100.0
1240,0,26.217296747990797,26.217296747990797,100.0
1240,1,31.875574331271782,31.875574331271782,100.0
1240,2,41.90712892073742,41.90712892073742,100.0
1250,0,46.04584164741237,46.04584164741237,100.0
1250,1,33.77500001758084,33.77500001758084,100.0
1250,2,20.179158335006793,20.179158335006793,100.0
1260,0,23.674840230898788,23.674840230898788,100.0
1260,1,47.64385993636081,47.64385993636081,100.0
1260,2,28.681299832740407,28.681299832740407,100.0
1270,0,27.332144730451844,27.332144730451844,100.0
1270,1,45.40330592272,45.40330592272,100.0
1270,2,27.26454934682816,27.26454934682816,100.0
1280,0,44.08674365643404,44.08674365643404,100.0
1280,1,30.31100491767955,30.31100491767955,100.0
1280,2,25.602251425886415,25.602251425886415,100.0
1290,0,40.20648133923217,40.20648133923217,100.0
1290,1,31.517492522706426,31.517492522706426,100.0
1290,2,28.27602613806141,28.27602613806141,100.0
1300,0,48.058051438806274,48.058051438806274,100.0
1300,1,26.874789756799622,26.874789756799622,100.0
1300,2,25.067158804394108,25.067158804394108,100.0
1310,0,53.43043391802576,53.43043391802576,100.0
1310,1,26.138020869581275,26.138020869581275,100.0
1310,2,20.431545212392965,20.431545212392965,100.0
1320,0,28.45697817336093,28.45697817336093,100.0
1320,1,48.00959103107916,48.00959103107916,100.0
1320,2,23.533430795559905,23.533430795559905,100.0
1330,0,42.20262354569913,42.20262354569913,100.0
1330,1,32.760722884489965,32.760722884489965,100.0
1330,2,25.036653569810902,25.036653569810902,100.0
1340,0,32.67728261410059,32.67728261410059,100.0
1340,1,37.753770876121905,37.753770876121905,100.0
1340,2,29.568946509777504,29.568946509777504,100.0
1350,0,31.552726396792842,31.552726396792842,100.0
1350,1,30.31241634988589,30.31241634988589,100.0
1350,2,38.13485725332127,38.13485725332127,100.0
1360,0,22.54790402021561,22.54790402021561,100.0
1360,1,46.67993343439284,46.67993343439284,100.0
1360,2,30.772162545391552,30.772162545391552,100.0
1370,0,44.73490040750695,44.73490040750695,100.0
1370,1,32.63662059640341,32.63662059640341,100.0
1370,2,22.628478996089644,22.628478996089644,100.0
1380,0,37.61377581179762,37.61377581179762,100.0
1380,1,26.009111097541,26.009111097541,100.0
1380,2,36.37711309066138,36.37711309066138,100.0
1390,0,29.88419644408401,29.88419644408401,100.0
1390,1,42.104737217627296,42.104737217627296,100.0
1390,2,28.011066338288693,28.011066338288693,100.0
1400,0,36.28844950662214,36.28844950662214,100.0
1400,1,31.61300620885258,31.61300620885258,100.0
1400,2,32.098544284525275,32.098544284525275,100.0
1410,0,32.04743486643591,32.04743486643591,100.0
1410,1,44.30535574488539,44.30535574488539,100.0
1410,2,23.647209388678696,23.647209388678696,100.0
1420,0,30.139301892008337,30.139301892008337,100.0
1420,1,32.87304875419633,32.87304875419633,100.0
1420,2,36.987649353795334,36.987649353795334,100.0
1430,0,23.881739792101104,23.881739792101104,100.0
1430,1,50.42314396855288,50.42314396855288,100.0
1430,2,25.695116239346028,25.695116239346028,100.0
1440,0,38.220005170180166,38.220005170180166,100.0
1440,1,44.080394488549906,44.080394488549906,100.0
1440,2,17.69960034126993,17.69960034126993,100.0
1450,0,37.96232505770269,37.96232505770269,100.0
1450,1,43.51264084490947,43.51264084490947,100.0
1450,2,18.52503409738783,18.52503409738783,100.0
1460,0,33.303542076590254,33.303542076590254,100.0
1460,1,30.700866016346335,30.700866016346335,100.0
1460,2,35.99559190706341,35.99559190706341,100.0
1470,0,28.430114385662698,28.430114385662698,100.0
1470,1,43.32065430969343,43.32065430969343,100.0
1470,2,28.249231304643875,28.249231304643875,100.0
1480,0,39.76286973723619,39.76286973723619,100.0
1480,1,32.011534859792754,32.011534859792754,100.0
1480,2,28.22559540297106,28.22559540297106,100.0
1490,0,33.77167758106713,33.77167758106713,100.0
1490,1,31.739459749247946,31.739459749247946,100.0
1490,2,34.48886266968493,34.48886266968493,100.0
1500,0,20.486053935782405,20.486053935782405,100.0
1500,1,44.87955446261787,44.87955446261787,100.0
1500,2,34.63439160159973,34.63439160159973,100.0
