callId,timeMs,scenario,slot,bwpId,beamId,sliceId,rnti,bufQueueSize,dlTbSizeBefore,hasDemand,demandPassed,rbgAllocated,uniqueRbgs,tbSizeBytes,mcs,rank,numRbPerRbg,reason
1,504,greenran_normal,0,0,65535_65535,2,64,1437,0,1,1,0,0,0,15,1,1,pre_allocation
1,504,greenran_normal,0,0,65535_65535,2,64,1437,32,1,1,1,1,32,15,1,1,allocated
1,504,greenran_normal,0,0,65535_65535,2,63,1437,0,1,1,0,0,0,15,1,1,pre_allocation
1,504,greenran_normal,0,0,65535_65535,2,63,1437,32,1,1,1,1,32,15,1,1,allocated
1,504,greenran_normal,0,0,65535_65535,2,62,1437,0,1,1,0,0,0,15,1,1,pre_allocation
1,504,greenran_normal,0,0,65535_65535,2,62,1437,32,1,1,1,1,32,15,1,1,allocated
1,504,greenran_normal,0,0,65535_65535,2,61,1437,0,1,1,0,0,0,15,1,1,pre_allocation
1,504,greenran_normal,0,0,65535_65535,2,61,1437,32,1,1,1,1,32,15,1,1,allocated
1,504,greenran_normal,0,0,65535_65535,2,60,1437,0,1,1,0,0,0,15,1,1,pre_allocation
1,504,greenran_normal,0,0,65535_65535,2,60,1437,32,1,1,1,1,32,15,1,1,allocated
1,504,greenran_normal,0,0,65535_65535,2,35,1437,0,1,1,0,0,0,15,1,1,pre_allocation
1,504,greenran_normal,0,0,65535_65535,2,35,1437,32,1,1,1,1,32,15,1,1,allocated
1,504,greenran_normal,0,0,65535_65535,2,36,1437,0,1,1,0,0,0,15,1,1,pre_allocation
1,504,greenran_normal,0,0,65535_65535,2,36,1437,32,1,1,1,1,32,15,1,1,allocated
1,504,greenran_normal,0,0,65535_65535,2,37,1437,0,1,1,0,0,0,15,1,1,pre_allocation
1,504,greenran_normal,0,0,65535_65535,2,37,1437,32,1,1,1,1,32,15,1,1,allocated
1,504,greenran_normal,0,0,65535_65535,2,38,1437,0,1,1,0,0,0,15,1,1,pre_allocation
1,504,greenran_normal,0,0,65535_65535,2,38,1437,32,1,1,1,1,32,15,1,1,allocated
1,504,greenran_normal,0,0,65535_65535,2,39,1437,0,1,1,0,0,0,15,1,1,pre_allocation
1,504,greenran_normal,0,0,65535_65535,2,39,1437,32,1,1,1,1,32,15,1,1,allocated
1,504,greenran_normal,0,0,65535_65535,2,40,1437,0,1,1,0,0,0,15,1,1,pre_allocation
1,504,greenran_normal,0,0,65535_65535,2,40,1437,32,1,1,1,1,32,15,1,1,allocated
1,504,greenran_normal,0,0,65535_65535,2,41,1437,0,1,1,0,0,0,15,1,1,pre_allocation
1,504,greenran_normal,0,0,65535_65535,2,41,1437,32,1,1,1,1,32,15,1,1,allocated
1,504,greenran_normal,0,0,65535_65535,2,42,1437,0,1,1,0,0,0,15,1,1,pre_allocation
1,504,greenran_normal,0,0,65535_65535,2,42,1437,32,1,1,1,1,32,15,1,1,allocated
1,504,greenran_normal,0,0,65535_65535,2,43,1437,0,1,1,0,0,0,15,1,1,pre_allocation
1,504,greenran_normal,0,0,65535_65535,2,43,1437,32,1,1,1,1,32,15,1,1,allocated
1,504,greenran_normal,0,0,65535_65535,2,44,1437,0,1,1,0,0,0,15,1,1,pre_allocation
1,504,greenran_normal,0,0,65535_65535,2,44,1437,32,1,1,1,1,32,15,1,1,allocated
1,504,greenran_normal,0,0,65535_65535,2,55,1437,0,1,1,0,0,0,15,1,1,pre_allocation
1,504,greenran_normal,0,0,65535_65535,2,55,1437,32,1,1,1,1,32,15,1,1,allocated
1,504,greenran_normal,0,0,65535_65535,2,56,1437,0,1,1,0,0,0,15,1,1,pre_allocation
1,504,greenran_normal,0,0,65535_65535,2,56,1437,32,1,1,1,1,32,15,1,1,allocated
1,504,greenran_normal,0,0,65535_65535,2,57,1437,0,1,1,0,0,0,15,1,1,pre_allocation
1,504,greenran_normal,0,0,65535_65535,2,57,1437,32,1,1,1,1,32,15,1,1,allocated
1,504,greenran_normal,0,0,65535_65535,2,58,1437,0,1,1,0,0,0,15,1,1,pre_allocation
1,504,greenran_normal,0,0,65535_65535,2,58,1437,32,1,1,1,1,32,15,1,1,allocated
1,504,greenran_normal,0,0,65535_65535,2,59,1437,0,1,1,0,0,0,15,1,1,pre_allocation
1,504,greenran_normal,0,0,65535_65535,2,59,1437,32,1,1,1,1,32,15,1,1,allocated
1,504,greenran_normal,0,0,65535_65535,2,64,1437,32,1,1,0,1,0,15,1,1,pre_allocation
1,504,greenran_normal,0,0,65535_65535,2,64,1437,68,1,1,1,2,68,15,1,1,allocated
1,504,greenran_normal,0,0,65535_65535,2,63,1437,32,1,1,0,1,0,15,1,1,pre_allocation
1,504,greenran_normal,0,0,65535_65535,2,63,1437,68,1,1,1,2,68,15,1,1,allocated
1,504,greenran_normal,0,0,65535_65535,2,62,1437,32,1,1,0,1,0,15,1,1,pre_allocation
1,504,greenran_normal,0,0,65535_65535,2,62,1437,68,1,1,1,2,68,15,1,1,allocated
1,504,greenran_normal,0,0,65535_65535,2,61,1437,32,1,1,0,1,0,15,1,1,pre_allocation
1,504,greenran_normal,0,0,65535_65535,2,61,1437,68,1,1,1,2,68,15,1,1,allocated
1,504,greenran_normal,0,0,65535_65535,2,60,1437,32,1,1,0,1,0,15,1,1,pre_allocation
1,504,greenran_normal,0,0,65535_65535,2,60,1437,68,1,1,1,2,68,15,1,1,allocated
1,504,greenran_normal,0,0,65535_65535,2,35,1437,32,1,1,0,1,0,15,1,1,pre_allocation
1,504,greenran_normal,0,0,65535_65535,2,35,1437,68,1,1,1,2,68,15,1,1,allocated
1,504,greenran_normal,0,0,65535_65535,2,36,1437,32,1,1,0,1,0,15,1,1,pre_allocation
1,504,greenran_normal,0,0,65535_65535,2,36,1437,68,1,1,1,2,68,15,1,1,allocated
1,504,greenran_normal,0,0,65535_65535,2,37,1437,32,1,1,0,1,0,15,1,1,pre_allocation
1,504,greenran_normal,0,0,65535_65535,2,37,1437,68,1,1,1,2,68,15,1,1,allocated
1,504,greenran_normal,0,0,65535_65535,2,38,1437,32,1,1,0,1,0,15,1,1,pre_allocation
1,504,greenran_normal,0,0,65535_65535,2,38,1437,68,1,1,1,2,68,15,1,1,allocated
1,504,greenran_normal,0,0,65535_65535,2,39,1437,32,1,1,0,1,0,15,1,1,pre_allocation
1,504,greenran_normal,0,0,65535_65535,2,39,1437,68,1,1,1,2,68,15,1,1,allocated
1,504,greenran_normal,0,0,65535_65535,2,40,1437,32,1,1,0,1,0,15,1,1,pre_allocation
1,504,greenran_normal,0,0,65535_65535,2,40,1437,68,1,1,1,2,68,15,1,1,allocated
1,504,greenran_normal,0,0,65535_65535,2,41,1437,32,1,1,0,1,0,15,1,1,pre_allocation
1,504,greenran_normal,0,0,65535_65535,2,41,1437,68,1,1,1,2,68,15,1,1,allocated
1,504,greenran_normal,0,0,65535_65535,2,42,1437,32,1,1,0,1,0,15,1,1,pre_allocation
1,504,greenran_normal,0,0,65535_65535,2,42,1437,68,1,1,1,2,68,15,1,1,allocated
1,504,greenran_normal,0,0,65535_65535,2,43,1437,32,1,1,0,1,0,15,1,1,pre_allocation
1,504,greenran_normal,0,0,65535_65535,2,43,1437,68,1,1,1,2,68,15,1,1,allocated
1,504,greenran_normal,0,0,65535_65535,2,44,1437,32,1,1,0,1,0,15,1,1,pre_allocation
1,504,greenran_normal,0,0,65535_65535,2,44,1437,68,1,1,1,2,68,15,1,1,allocated
1,504,greenran_normal,0,0,65535_65535,2,55,1437,32,1,1,0,1,0,15,1,1,pre_allocation
1,504,greenran_normal,0,0,65535_65535,2,55,1437,68,1,1,1,2,68,15,1,1,allocated
1,504,greenran_normal,0,0,65535_65535,2,56,1437,32,1,1,0,1,0,15,1,1,pre_allocation
1,504,greenran_normal,0,0,65535_65535,2,56,1437,68,1,1,1,2,68,15,1,1,allocated
1,504,greenran_normal,0,0,65535_65535,2,57,1437,32,1,1,0,1,0,15,1,1,pre_allocation
1,504,greenran_normal,0,0,65535_65535,2,57,1437,68,1,1,1,2,68,15,1,1,allocated
1,504,greenran_normal,0,0,65535_65535,2,58,1437,32,1,1,0,1,0,15,1,1,pre_allocation
1,504,greenran_normal,0,0,65535_65535,2,58,1437,68,1,1,1,2,68,15,1,1,allocated
1,504,greenran_normal,0,0,65535_65535,2,59,1437,32,1,1,0,1,0,15,1,1,pre_allocation
1,504,greenran_normal,0,0,65535_65535,2,59,1437,68,1,1,1,2,68,15,1,1,allocated
1,504,greenran_normal,0,0,65535_65535,2,64,1437,68,1,1,0,2,0,15,1,1,pre_allocation
1,504,greenran_normal,0,0,65535_65535,2,64,1437,103,1,1,1,3,103,15,1,1,allocated
1,504,greenran_normal,0,0,65535_65535,2,63,1437,68,1,1,0,2,0,15,1,1,pre_allocation
1,504,greenran_normal,0,0,65535_65535,2,63,1437,103,1,1,1,3,103,15,1,1,allocated
1,504,greenran_normal,0,0,65535_65535,2,62,1437,68,1,1,0,2,0,15,1,1,pre_allocation
1,504,greenran_normal,0,0,65535_65535,2,62,1437,103,1,1,1,3,103,15,1,1,allocated
1,504,greenran_normal,0,0,65535_65535,2,61,1437,68,1,1,0,2,0,15,1,1,pre_allocation
1,504,greenran_normal,0,0,65535_65535,2,61,1437,103,1,1,1,3,103,15,1,1,allocated
1,504,greenran_normal,0,0,65535_65535,2,60,1437,68,1,1,0,2,0,15,1,1,pre_allocation
1,504,greenran_normal,0,0,65535_65535,2,60,1437,103,1,1,1,3,103,15,1,1,allocated
1,504,greenran_normal,0,0,65535_65535,2,35,1437,68,1,1,0,2,0,15,1,1,pre_allocation
1,504,greenran_normal,0,0,65535_65535,2,35,1437,103,1,1,1,3,103,15,1,1,allocated
1,504,greenran_normal,0,0,65535_65535,2,36,1437,68,1,1,0,2,0,15,1,1,pre_allocation
1,504,greenran_normal,0,0,65535_65535,2,36,1437,103,1,1,1,3,103,15,1,1,allocated
1,504,greenran_normal,0,0,65535_65535,2,37,1437,68,1,1,0,2,0,15,1,1,pre_allocation
1,504,greenran_normal,0,0,65535_65535,2,37,1437,103,1,1,1,3,103,15,1,1,allocated
1,504,greenran_normal,0,0,65535_65535,2,38,1437,68,1,1,0,2,0,15,1,1,pre_allocation
1,504,greenran_normal,0,0,65535_65535,2,38,1437,103,1,1,1,3,103,15,1,1,allocated
1,504,greenran_normal,0,0,65535_65535,2,39,1437,68,1,1,0,2,0,15,1,1,pre_allocation
1,504,greenran_normal,0,0,65535_65535,2,39,1437,103,1,1,1,3,103,15,1,1,allocated
1,504,greenran_normal,0,0,65535_65535,2,40,1437,68,1,1,0,2,0,15,1,1,pre_allocation
1,504,greenran_normal,0,0,65535_65535,2,40,1437,103,1,1,1,3,103,15,1,1,allocated
1,504,greenran_normal,0,0,65535_65535,2,41,1437,68,1,1,0,2,0,15,1,1,pre_allocation
1,504,greenran_normal,0,0,65535_65535,2,41,1437,103,1,1,1,3,103,15,1,1,allocated
1,504,greenran_normal,0,0,65535_65535,2,42,1437,68,1,1,0,2,0,15,1,1,pre_allocation
1,504,greenran_normal,0,0,65535_65535,2,42,1437,103,1,1,1,3,103,15,1,1,allocated
1,504,greenran_normal,0,0,65535_65535,2,43,1437,68,1,1,0,2,0,15,1,1,pre_allocation
1,504,greenran_normal,0,0,65535_65535,2,43,1437,103,1,1,1,3,103,15,1,1,allocated
1,504,greenran_normal,0,0,65535_65535,2,44,1437,68,1,1,0,2,0,15,1,1,pre_allocation
1,504,greenran_normal,0,0,65535_65535,2,44,1437,103,1,1,1,3,103,15,1,1,allocated
1,504,greenran_normal,0,0,65535_65535,2,55,1437,68,1,1,0,2,0,15,1,1,pre_allocation
1,504,greenran_normal,0,0,65535_65535,2,55,1437,103,1,1,1,3,103,15,1,1,allocated
1,504,greenran_normal,0,0,65535_65535,2,56,1437,68,1,1,0,2,0,15,1,1,pre_allocation
1,504,greenran_normal,0,0,65535_65535,2,56,1437,103,1,1,1,3,103,15,1,1,allocated
1,504,greenran_normal,0,0,65535_65535,2,57,1437,68,1,1,0,2,0,15,1,1,pre_allocation
1,504,greenran_normal,0,0,65535_65535,2,57,1437,103,1,1,1,3,103,15,1,1,allocated
1,504,greenran_normal,0,0,65535_65535,2,58,1437,68,1,1,0,2,0,15,1,1,pre_allocation
1,504,greenran_normal,0,0,65535_65535,2,58,1437,103,1,1,1,3,103,15,1,1,allocated
1,504,greenran_normal,0,0,65535_65535,2,59,1437,68,1,1,0,2,0,15,1,1,pre_allocation
1,504,greenran_normal,0,0,65535_65535,2,59,1437,103,1,1,1,3,103,15,1,1,allocated
1,504,greenran_normal,0,0,65535_65535,2,64,1437,103,1,1,0,3,0,15,1,1,pre_allocation
1,504,greenran_normal,0,0,65535_65535,2,64,1437,139,1,1,1,4,139,15,1,1,allocated
1,504,greenran_normal,0,0,65535_65535,2,63,1437,103,1,1,0,3,0,15,1,1,pre_allocation
1,504,greenran_normal,0,0,65535_65535,2,63,1437,139,1,1,1,4,139,15,1,1,allocated
1,504,greenran_normal,0,0,65535_65535,2,62,1437,103,1,1,0,3,0,15,1,1,pre_allocation
1,504,greenran_normal,0,0,65535_65535,2,62,1437,139,1,1,1,4,139,15,1,1,allocated
1,504,greenran_normal,0,0,65535_65535,2,61,1437,103,1,1,0,3,0,15,1,1,pre_allocation
1,504,greenran_normal,0,0,65535_65535,2,61,1437,139,1,1,1,4,139,15,1,1,allocated
1,504,greenran_normal,0,0,65535_65535,2,60,1437,103,1,1,0,3,0,15,1,1,pre_allocation
1,504,greenran_normal,0,0,65535_65535,2,60,1437,139,1,1,1,4,139,15,1,1,allocated
1,504,greenran_normal,0,0,65535_65535,2,35,1437,103,1,1,0,3,0,15,1,1,pre_allocation
1,504,greenran_normal,0,0,65535_65535,2,35,1437,139,1,1,1,4,139,15,1,1,allocated
1,504,greenran_normal,0,0,65535_65535,2,36,1437,103,1,1,0,3,0,15,1,1,pre_allocation
1,504,greenran_normal,0,0,65535_65535,2,36,1437,139,1,1,1,4,139,15,1,1,allocated
1,504,greenran_normal,0,0,65535_65535,2,37,1437,103,1,1,0,3,0,15,1,1,pre_allocation
1,504,greenran_normal,0,0,65535_65535,2,37,1437,139,1,1,1,4,139,15,1,1,allocated
1,504,greenran_normal,0,0,65535_65535,2,38,1437,103,1,1,0,3,0,15,1,1,pre_allocation
1,504,greenran_normal,0,0,65535_65535,2,38,1437,139,1,1,1,4,139,15,1,1,allocated
1,504,greenran_normal,0,0,65535_65535,2,39,1437,103,1,1,0,3,0,15,1,1,pre_allocation
1,504,greenran_normal,0,0,65535_65535,2,39,1437,139,1,1,1,4,139,15,1,1,allocated
1,504,greenran_normal,0,0,65535_65535,2,40,1437,103,1,1,0,3,0,15,1,1,pre_allocation
1,504,greenran_normal,0,0,65535_65535,2,40,1437,139,1,1,1,4,139,15,1,1,allocated
1,504,greenran_normal,0,0,65535_65535,2,41,1437,103,1,1,0,3,0,15,1,1,pre_allocation
1,504,greenran_normal,0,0,65535_65535,2,41,1437,139,1,1,1,4,139,15,1,1,allocated
1,504,greenran_normal,0,0,65535_65535,2,42,1437,103,1,1,0,3,0,15,1,1,pre_allocation
1,504,greenran_normal,0,0,65535_65535,2,42,1437,139,1,1,1,4,139,15,1,1,allocated
1,504,greenran_normal,0,0,65535_65535,2,43,1437,103,1,1,0,3,0,15,1,1,pre_allocation
1,504,greenran_normal,0,0,65535_65535,2,43,1437,139,1,1,1,4,139,15,1,1,allocated
1,504,greenran_normal,0,0,65535_65535,2,44,1437,103,1,1,0,3,0,15,1,1,pre_allocation
1,504,greenran_normal,0,0,65535_65535,2,44,1437,139,1,1,1,4,139,15,1,1,allocated
1,504,greenran_normal,0,0,65535_65535,2,55,1437,103,1,1,0,3,0,15,1,1,pre_allocation
1,504,greenran_normal,0,0,65535_65535,2,55,1437,139,1,1,1,4,139,15,1,1,allocated
1,504,greenran_normal,0,0,65535_65535,2,56,1437,103,1,1,0,3,0,15,1,1,pre_allocation
1,504,greenran_normal,0,0,65535_65535,2,56,1437,139,1,1,1,4,139,15,1,1,allocated
1,504,greenran_normal,0,0,65535_65535,2,57,1437,103,1,1,0,3,0,15,1,1,pre_allocation
1,504,greenran_normal,0,0,65535_65535,2,57,1437,139,1,1,1,4,139,15,1,1,allocated
1,504,greenran_normal,0,0,65535_65535,2,58,1437,103,1,1,0,3,0,15,1,1,pre_allocation
1,504,greenran_normal,0,0,65535_65535,2,58,1437,139,1,1,1,4,139,15,1,1,allocated
1,504,greenran_normal,0,0,65535_65535,2,59,1437,103,1,1,0,3,0,15,1,1,pre_allocation
1,504,greenran_normal,0,0,65535_65535,2,59,1437,139,1,1,1,4,139,15,1,1,allocated
1,504,greenran_normal,0,0,65535_65535,2,64,1437,139,1,1,0,4,0,15,1,1,pre_allocation
1,504,greenran_normal,0,0,65535_65535,2,64,1437,175,1,1,1,5,175,15,1,1,allocated
1,504,greenran_normal,0,0,65535_65535,2,63,1437,139,1,1,0,4,0,15,1,1,pre_allocation
1,504,greenran_normal,0,0,65535_65535,2,63,1437,175,1,1,1,5,175,15,1,1,allocated
1,504,greenran_normal,0,0,65535_65535,2,62,1437,139,1,1,0,4,0,15,1,1,pre_allocation
1,504,greenran_normal,0,0,65535_65535,2,62,1437,175,1,1,1,5,175,15,1,1,allocated
1,504,greenran_normal,0,0,65535_65535,2,61,1437,139,1,1,0,4,0,15,1,1,pre_allocation
1,504,greenran_normal,0,0,65535_65535,2,61,1437,175,1,1,1,5,175,15,1,1,allocated
1,504,greenran_normal,0,0,65535_65535,2,60,1437,139,1,1,0,4,0,15,1,1,pre_allocation
1,504,greenran_normal,0,0,65535_65535,2,60,1437,175,1,1,1,5,175,15,1,1,allocated
1,504,greenran_normal,0,0,65535_65535,2,35,1437,139,1,1,0,4,0,15,1,1,pre_allocation
1,504,greenran_normal,0,0,65535_65535,2,35,1437,175,1,1,1,5,175,15,1,1,allocated
1,504,greenran_normal,0,0,65535_65535,2,36,1437,139,1,1,0,4,0,15,1,1,pre_allocation
1,504,greenran_normal,0,0,65535_65535,2,36,1437,175,1,1,1,5,175,15,1,1,allocated
1,504,greenran_normal,0,0,65535_65535,2,37,1437,139,1,1,0,4,0,15,1,1,pre_allocation
1,504,greenran_normal,0,0,65535_65535,2,37,1437,175,1,1,1,5,175,15,1,1,allocated
1,504,greenran_normal,0,0,65535_65535,2,38,1437,139,1,1,0,4,0,15,1,1,pre_allocation
1,504,greenran_normal,0,0,65535_65535,2,38,1437,175,1,1,1,5,175,15,1,1,allocated
1,504,greenran_normal,0,0,65535_65535,2,39,1437,139,1,1,0,4,0,15,1,1,pre_allocation
1,504,greenran_normal,0,0,65535_65535,2,39,1437,175,1,1,1,5,175,15,1,1,allocated
1,504,greenran_normal,0,0,65535_65535,2,40,1437,139,1,1,0,4,0,15,1,1,pre_allocation
1,504,greenran_normal,0,0,65535_65535,2,40,1437,175,1,1,1,5,175,15,1,1,allocated
1,504,greenran_normal,0,0,65535_65535,2,41,1437,139,1,1,0,4,0,15,1,1,pre_allocation
1,504,greenran_normal,0,0,65535_65535,2,41,1437,175,1,1,1,5,175,15,1,1,allocated
1,504,greenran_normal,0,0,65535_65535,2,42,1437,139,1,1,0,4,0,15,1,1,pre_allocation
1,504,greenran_normal,0,0,65535_65535,2,42,1437,175,1,1,1,5,175,15,1,1,allocated
1,504,greenran_normal,0,0,65535_65535,2,43,1437,139,1,1,0,4,0,15,1,1,pre_allocation
1,504,greenran_normal,0,0,65535_65535,2,43,1437,175,1,1,1,5,175,15,1,1,allocated
1,504,greenran_normal,0,0,65535_65535,2,44,1437,139,1,1,0,4,0,15,1,1,pre_allocation
1,504,greenran_normal,0,0,65535_65535,2,44,1437,175,1,1,1,5,175,15,1,1,allocated
1,504,greenran_normal,0,0,65535_65535,2,55,1437,139,1,1,0,4,0,15,1,1,pre_allocation
1,504,greenran_normal,0,0,65535_65535,2,55,1437,175,1,1,1,5,175,15,1,1,allocated
1,504,greenran_normal,0,0,65535_65535,2,56,1437,139,1,1,0,4,0,15,1,1,pre_allocation
1,504,greenran_normal,0,0,65535_65535,2,56,1437,175,1,1,1,5,175,15,1,1,allocated
1,504,greenran_normal,0,0,65535_65535,2,57,1437,139,1,1,0,4,0,15,1,1,pre_allocation
1,504,greenran_normal,0,0,65535_65535,2,57,1437,175,1,1,1,5,175,15,1,1,allocated
1,504,greenran_normal,0,0,65535_65535,2,58,1437,139,1,1,0,4,0,15,1,1,pre_allocation
1,504,greenran_normal,0,0,65535_65535,2,58,1437,175,1,1,1,5,175,15,1,1,allocated
1,504,greenran_normal,0,0,65535_65535,2,59,1437,139,1,1,0,4,0,15,1,1,pre_allocation
1,504,greenran_normal,0,0,65535_65535,2,59,1437,175,1,1,1,5,175,15,1,1,allocated
1,504,greenran_normal,0,0,65535_65535,2,64,1437,175,1,1,0,5,0,15,1,1,pre_allocation
1,504,greenran_normal,0,0,65535_65535,2,64,1437,210,1,1,1,6,210,15,1,1,allocated
1,504,greenran_normal,0,0,65535_65535,2,63,1437,175,1,1,0,5,0,15,1,1,pre_allocation
1,504,greenran_normal,0,0,65535_65535,2,63,1437,210,1,1,1,6,210,15,1,1,allocated
1,504,greenran_normal,0,0,65535_65535,2,62,1437,175,1,1,0,5,0,15,1,1,pre_allocation
1,504,greenran_normal,0,0,65535_65535,2,62,1437,210,1,1,1,6,210,15,1,1,allocated
1,504,greenran_normal,0,0,65535_65535,2,61,1437,175,1,1,0,5,0,15,1,1,pre_allocation
1,504,greenran_normal,0,0,65535_65535,2,61,1437,210,1,1,1,6,210,15,1,1,allocated
1,504,greenran_normal,0,0,65535_65535,2,60,1437,175,1,1,0,5,0,15,1,1,pre_allocation
1,504,greenran_normal,0,0,65535_65535,2,60,1437,210,1,1,1,6,210,15,1,1,allocated
1,504,greenran_normal,0,0,65535_65535,2,35,1437,175,1,1,0,5,0,15,1,1,pre_allocation
1,504,greenran_normal,0,0,65535_65535,2,35,1437,210,1,1,1,6,210,15,1,1,allocated
1,504,greenran_normal,0,0,65535_65535,2,36,1437,175,1,1,0,5,0,15,1,1,pre_allocation
1,504,greenran_normal,0,0,65535_65535,2,36,1437,210,1,1,1,6,210,15,1,1,allocated
1,504,greenran_normal,0,0,65535_65535,2,37,1437,175,1,1,0,5,0,15,1,1,pre_allocation
1,504,greenran_normal,0,0,65535_65535,2,37,1437,210,1,1,1,6,210,15,1,1,allocated
1,504,greenran_normal,0,0,65535_65535,2,38,1437,175,1,1,0,5,0,15,1,1,pre_allocation
1,504,greenran_normal,0,0,65535_65535,2,38,1437,210,1,1,1,6,210,15,1,1,allocated
1,504,greenran_normal,0,0,65535_65535,2,39,1437,175,1,1,0,5,0,15,1,1,pre_allocation
1,504,greenran_normal,0,0,65535_65535,2,39,1437,210,1,1,1,6,210,15,1,1,allocated
1,504,greenran_normal,0,0,65535_65535,2,40,1437,175,1,1,0,5,0,15,1,1,pre_allocation
1,504,greenran_normal,0,0,65535_65535,2,40,1437,210,1,1,1,6,210,15,1,1,allocated
1,504,greenran_normal,0,0,65535_65535,2,41,1437,175,1,1,0,5,0,15,1,1,pre_allocation
1,504,greenran_normal,0,0,65535_65535,2,41,1437,210,1,1,1,6,210,15,1,1,allocated
1,504,greenran_normal,0,0,65535_65535,2,42,1437,175,1,1,0,5,0,15,1,1,pre_allocation
1,504,greenran_normal,0,0,65535_65535,2,42,1437,210,1,1,1,6,210,15,1,1,allocated
1,504,greenran_normal,0,0,65535_65535,2,43,1437,175,1,1,0,5,0,15,1,1,pre_allocation
1,504,greenran_normal,0,0,65535_65535,2,43,1437,210,1,1,1,6,210,15,1,1,allocated
1,504,greenran_normal,0,0,65535_65535,2,44,1437,175,1,1,0,5,0,15,1,1,pre_allocation
1,504,greenran_normal,0,0,65535_65535,2,44,1437,210,1,1,1,6,210,15,1,1,allocated
1,504,greenran_normal,0,0,65535_65535,2,55,1437,175,1,1,0,5,0,15,1,1,pre_allocation
1,504,greenran_normal,0,0,65535_65535,2,55,1437,210,1,1,1,6,210,15,1,1,allocated
1,504,greenran_normal,0,0,65535_65535,2,56,1437,175,1,1,0,5,0,15,1,1,pre_allocation
1,504,greenran_normal,0,0,65535_65535,2,56,1437,210,1,1,1,6,210,15,1,1,allocated
1,504,greenran_normal,0,0,65535_65535,2,57,1437,175,1,1,0,5,0,15,1,1,pre_allocation
1,504,greenran_normal,0,0,65535_65535,2,57,1437,210,1,1,1,6,210,15,1,1,allocated
1,504,greenran_normal,0,0,65535_65535,2,58,1437,175,1,1,0,5,0,15,1,1,pre_allocation
1,504,greenran_normal,0,0,65535_65535,2,58,1437,210,1,1,1,6,210,15,1,1,allocated
1,504,greenran_normal,0,0,65535_65535,2,59,1437,175,1,1,0,5,0,15,1,1,pre_allocation
1,504,greenran_normal,0,0,65535_65535,2,59,1437,210,1,1,1,6,210,15,1,1,allocated
1,504,greenran_normal,0,0,65535_65535,2,64,1437,210,1,1,0,6,0,15,1,1,pre_allocation
1,504,greenran_normal,0,0,65535_65535,2,64,1437,246,1,1,1,7,246,15,1,1,allocated
1,504,greenran_normal,0,0,65535_65535,2,63,1437,210,1,1,0,6,0,15,1,1,pre_allocation
1,504,greenran_normal,0,0,65535_65535,2,63,1437,246,1,1,1,7,246,15,1,1,allocated
1,504,greenran_normal,0,0,65535_65535,2,62,1437,210,1,1,0,6,0,15,1,1,pre_allocation
1,504,greenran_normal,0,0,65535_65535,2,62,1437,246,1,1,1,7,246,15,1,1,allocated
1,504,greenran_normal,0,0,65535_65535,2,61,1437,210,1,1,0,6,0,15,1,1,pre_allocation
1,504,greenran_normal,0,0,65535_65535,2,61,1437,246,1,1,1,7,246,15,1,1,allocated
1,504,greenran_normal,0,0,65535_65535,2,60,1437,210,1,1,0,6,0,15,1,1,pre_allocation
1,504,greenran_normal,0,0,65535_65535,2,60,1437,246,1,1,1,7,246,15,1,1,allocated
1,504,greenran_normal,0,0,65535_65535,2,35,1437,210,1,1,0,6,0,15,1,1,pre_allocation
1,504,greenran_normal,0,0,65535_65535,2,35,1437,246,1,1,1,7,246,15,1,1,allocated
1,504,greenran_normal,0,0,65535_65535,2,36,1437,210,1,1,0,6,0,15,1,1,pre_allocation
1,504,greenran_normal,0,0,65535_65535,2,36,1437,246,1,1,1,7,246,15,1,1,allocated
1,504,greenran_normal,0,0,65535_65535,2,37,1437,210,1,1,0,6,0,15,1,1,pre_allocation
1,504,greenran_normal,0,0,65535_65535,2,37,1437,246,1,1,1,7,246,15,1,1,allocated
1,504,greenran_normal,0,0,65535_65535,2,38,1437,210,1,1,0,6,0,15,1,1,pre_allocation
1,504,greenran_normal,0,0,65535_65535,2,38,1437,246,1,1,1,7,246,15,1,1,allocated
1,504,greenran_normal,0,0,65535_65535,2,39,1437,210,1,1,0,6,0,15,1,1,pre_allocation
1,504,greenran_normal,0,0,65535_65535,2,39,1437,246,1,1,1,7,246,15,1,1,allocated
1,504,greenran_normal,0,0,65535_65535,2,40,1437,210,1,1,0,6,0,15,1,1,pre_allocation
1,504,greenran_normal,0,0,65535_65535,2,40,1437,246,1,1,1,7,246,15,1,1,allocated
1,504,greenran_normal,0,0,65535_65535,2,41,1437,210,1,1,0,6,0,15,1,1,pre_allocation
1,504,greenran_normal,0,0,65535_65535,2,41,1437,246,1,1,1,7,246,15,1,1,allocated
1,504,greenran_normal,0,0,65535_65535,2,42,1437,210,1,1,0,6,0,15,1,1,pre_allocation
1,504,greenran_normal,0,0,65535_65535,2,42,1437,246,1,1,1,7,246,15,1,1,allocated
1,504,greenran_normal,0,0,65535_65535,2,43,1437,210,1,1,0,6,0,15,1,1,pre_allocation
1,504,greenran_normal,0,0,65535_65535,2,43,1437,246,1,1,1,7,246,15,1,1,allocated
1,504,greenran_normal,0,0,65535_65535,2,44,1437,210,1,1,0,6,0,15,1,1,pre_allocation
1,504,greenran_normal,0,0,65535_65535,2,44,1437,246,1,1,1,7,246,15,1,1,allocated
1,504,greenran_normal,0,0,65535_65535,2,55,1437,210,1,1,0,6,0,15,1,1,pre_allocation
1,504,greenran_normal,0,0,65535_65535,2,55,1437,246,1,1,1,7,246,15,1,1,allocated
1,504,greenran_normal,0,0,65535_65535,2,56,1437,210,1,1,0,6,0,15,1,1,pre_allocation
1,504,greenran_normal,0,0,65535_65535,2,56,1437,246,1,1,1,7,246,15,1,1,allocated
1,504,greenran_normal,0,0,65535_65535,2,57,1437,210,1,1,0,6,0,15,1,1,pre_allocation
1,504,greenran_normal,0,0,65535_65535,2,57,1437,246,1,1,1,7,246,15,1,1,allocated
1,504,greenran_normal,0,0,65535_65535,2,58,1437,210,1,1,0,6,0,15,1,1,pre_allocation
1,504,greenran_normal,0,0,65535_65535,2,58,1437,246,1,1,1,7,246,15,1,1,allocated
1,504,greenran_normal,0,0,65535_65535,2,59,1437,210,1,1,0,6,0,15,1,1,pre_allocation
1,504,greenran_normal,0,0,65535_65535,2,59,1437,246,1,1,1,7,246,15,1,1,allocated
1,504,greenran_normal,0,0,65535_65535,2,64,1437,246,1,1,0,7,0,15,1,1,pre_allocation
1,504,greenran_normal,0,0,65535_65535,2,64,1437,282,1,1,1,8,282,15,1,1,allocated
1,504,greenran_normal,0,0,65535_65535,2,63,1437,246,1,1,0,7,0,15,1,1,pre_allocation
1,504,greenran_normal,0,0,65535_65535,2,63,1437,282,1,1,1,8,282,15,1,1,allocated
1,504,greenran_normal,0,0,65535_65535,2,62,1437,246,1,1,0,7,0,15,1,1,pre_allocation
1,504,greenran_normal,0,0,65535_65535,2,62,1437,282,1,1,1,8,282,15,1,1,allocated
1,504,greenran_normal,0,0,65535_65535,2,61,1437,246,1,1,0,7,0,15,1,1,pre_allocation
1,504,greenran_normal,0,0,65535_65535,2,61,1437,282,1,1,1,8,282,15,1,1,allocated
1,504,greenran_normal,0,0,65535_65535,2,60,1437,246,1,1,0,7,0,15,1,1,pre_allocation
1,504,greenran_normal,0,0,65535_65535,2,60,1437,282,1,1,1,8,282,15,1,1,allocated
1,504,greenran_normal,0,0,65535_65535,2,35,1437,246,1,1,0,7,0,15,1,1,pre_allocation
1,504,greenran_normal,0,0,65535_65535,2,35,1437,282,1,1,1,8,282,15,1,1,allocated
1,504,greenran_normal,0,0,65535_65535,2,36,1437,246,1,1,0,7,0,15,1,1,pre_allocation
1,504,greenran_normal,0,0,65535_65535,2,36,1437,282,1,1,1,8,282,15,1,1,allocated
1,504,greenran_normal,0,0,65535_65535,2,37,1437,246,1,1,0,7,0,15,1,1,pre_allocation
1,504,greenran_normal,0,0,65535_65535,2,37,1437,282,1,1,1,8,282,15,1,1,allocated
1,504,greenran_normal,0,0,65535_65535,2,38,1437,246,1,1,0,7,0,15,1,1,pre_allocation
1,504,greenran_normal,0,0,65535_65535,2,38,1437,282,1,1,1,8,282,15,1,1,allocated
1,504,greenran_normal,0,0,65535_65535,2,39,1437,246,1,1,0,7,0,15,1,1,pre_allocation
1,504,greenran_normal,0,0,65535_65535,2,39,1437,282,1,1,1,8,282,15,1,1,allocated
1,504,greenran_normal,0,0,65535_65535,2,40,1437,246,1,1,0,7,0,15,1,1,pre_allocation
1,504,greenran_normal,0,0,65535_65535,2,40,1437,282,1,1,1,8,282,15,1,1,allocated
1,504,greenran_normal,0,0,65535_65535,2,41,1437,246,1,1,0,7,0,15,1,1,pre_allocation
1,504,greenran_normal,0,0,65535_65535,2,41,1437,282,1,1,1,8,282,15,1,1,allocated
1,504,greenran_normal,0,0,65535_65535,2,42,1437,246,1,1,0,7,0,15,1,1,pre_allocation
1,504,greenran_normal,0,0,65535_65535,2,42,1437,282,1,1,1,8,282,15,1,1,allocated
1,504,greenran_normal,0,0,65535_65535,2,43,1437,246,1,1,0,7,0,15,1,1,pre_allocation
1,504,greenran_normal,0,0,65535_65535,2,43,1437,282,1,1,1,8,282,15,1,1,allocated
1,504,greenran_normal,0,0,65535_65535,2,44,1437,246,1,1,0,7,0,15,1,1,pre_allocation
1,504,greenran_normal,0,0,65535_65535,2,44,1437,282,1,1,1,8,282,15,1,1,allocated
1,504,greenran_normal,0,0,65535_65535,2,55,1437,246,1,1,0,7,0,15,1,1,pre_allocation
1,504,greenran_normal,0,0,65535_65535,2,55,1437,282,1,1,1,8,282,15,1,1,allocated
1,504,greenran_normal,0,0,65535_65535,2,56,1437,246,1,1,0,7,0,15,1,1,pre_allocation
1,504,greenran_normal,0,0,65535_65535,2,56,1437,282,1,1,1,8,282,15,1,1,allocated
1,504,greenran_normal,0,0,65535_65535,2,57,1437,246,1,1,0,7,0,15,1,1,pre_allocation
1,504,greenran_normal,0,0,65535_65535,2,57,1437,282,1,1,1,8,282,15,1,1,allocated
1,504,greenran_normal,0,0,65535_65535,2,58,1437,246,1,1,0,7,0,15,1,1,pre_allocation
1,504,greenran_normal,0,0,65535_65535,2,58,1437,282,1,1,1,8,282,15,1,1,allocated
1,504,greenran_normal,0,0,65535_65535,2,59,1437,246,1,1,0,7,0,15,1,1,pre_allocation
1,504,greenran_normal,0,0,65535_65535,2,59,1437,282,1,1,1,8,282,15,1,1,allocated
1,504,greenran_normal,0,0,65535_65535,2,64,1437,282,1,1,0,8,0,15,1,1,pre_allocation
1,504,greenran_normal,0,0,65535_65535,2,64,1437,317,1,1,1,9,317,15,1,1,allocated
1,504,greenran_normal,0,0,65535_65535,2,63,1437,282,1,1,0,8,0,15,1,1,pre_allocation
1,504,greenran_normal,0,0,65535_65535,2,63,1437,317,1,1,1,9,317,15,1,1,allocated
1,504,greenran_normal,0,0,65535_65535,2,62,1437,282,1,1,0,8,0,15,1,1,pre_allocation
1,504,greenran_normal,0,0,65535_65535,2,62,1437,317,1,1,1,9,317,15,1,1,allocated
1,504,greenran_normal,0,0,65535_65535,2,61,1437,282,1,1,0,8,0,15,1,1,pre_allocation
1,504,greenran_normal,0,0,65535_65535,2,61,1437,317,1,1,1,9,317,15,1,1,allocated
1,504,greenran_normal,0,0,65535_65535,2,60,1437,282,1,1,0,8,0,15,1,1,pre_allocation
1,504,greenran_normal,0,0,65535_65535,2,60,1437,317,1,1,1,9,317,15,1,1,allocated
1,504,greenran_normal,0,0,65535_65535,2,35,1437,282,1,1,0,8,0,15,1,1,pre_allocation
1,504,greenran_normal,0,0,65535_65535,2,35,1437,317,1,1,1,9,317,15,1,1,allocated
1,504,greenran_normal,0,0,65535_65535,2,36,1437,282,1,1,0,8,0,15,1,1,pre_allocation
1,504,greenran_normal,0,0,65535_65535,2,36,1437,317,1,1,1,9,317,15,1,1,allocated
1,504,greenran_normal,0,0,65535_65535,2,37,1437,282,1,1,0,8,0,15,1,1,pre_allocation
1,504,greenran_normal,0,0,65535_65535,2,37,1437,317,1,1,1,9,317,15,1,1,allocated
1,504,greenran_normal,0,0,65535_65535,2,38,1437,282,1,1,0,8,0,15,1,1,pre_allocation
1,504,greenran_normal,0,0,65535_65535,2,38,1437,317,1,1,1,9,317,15,1,1,allocated
1,504,greenran_normal,0,0,65535_65535,2,39,1437,282,1,1,0,8,0,15,1,1,pre_allocation
1,504,greenran_normal,0,0,65535_65535,2,39,1437,317,1,1,1,9,317,15,1,1,allocated
1,504,greenran_normal,0,0,65535_65535,2,40,1437,282,1,1,0,8,0,15,1,1,pre_allocation
1,504,greenran_normal,0,0,65535_65535,2,40,1437,317,1,1,1,9,317,15,1,1,allocated
1,504,greenran_normal,0,0,65535_65535,2,41,1437,282,1,1,0,8,0,15,1,1,pre_allocation
1,504,greenran_normal,0,0,65535_65535,2,41,1437,317,1,1,1,9,317,15,1,1,allocated
1,504,greenran_normal,0,0,65535_65535,2,42,1437,282,1,1,0,8,0,15,1,1,pre_allocation
1,504,greenran_normal,0,0,65535_65535,2,42,1437,317,1,1,1,9,317,15,1,1,allocated
1,504,greenran_normal,0,0,65535_65535,2,43,1437,282,1,1,0,8,0,15,1,1,pre_allocation
1,504,greenran_normal,0,0,65535_65535,2,43,1437,317,1,1,1,9,317,15,1,1,allocated
1,504,greenran_normal,0,0,65535_65535,2,44,1437,282,1,1,0,8,0,15,1,1,pre_allocation
1,504,greenran_normal,0,0,65535_65535,2,44,1437,317,1,1,1,9,317,15,1,1,allocated
1,504,greenran_normal,0,0,65535_65535,2,55,1437,282,1,1,0,8,0,15,1,1,pre_allocation
1,504,greenran_normal,0,0,65535_65535,2,55,1437,317,1,1,1,9,317,15,1,1,allocated
1,504,greenran_normal,0,0,65535_65535,2,56,1437,282,1,1,0,8,0,15,1,1,pre_allocation
1,504,greenran_normal,0,0,65535_65535,2,56,1437,317,1,1,1,9,317,15,1,1,allocated
1,504,greenran_normal,0,0,65535_65535,2,57,1437,282,1,1,0,8,0,15,1,1,pre_allocation
1,504,greenran_normal,0,0,65535_65535,2,57,1437,317,1,1,1,9,317,15,1,1,allocated
1,504,greenran_normal,0,0,65535_65535,2,58,1437,282,1,1,0,8,0,15,1,1,pre_allocation
1,504,greenran_normal,0,0,65535_65535,2,58,1437,317,1,1,1,9,317,15,1,1,allocated
1,504,greenran_normal,0,0,65535_65535,2,59,1437,282,1,1,0,8,0,15,1,1,pre_allocation
1,504,greenran_normal,0,0,65535_65535,2,59,1437,317,1,1,1,9,317,15,1,1,allocated
1,504,greenran_normal,0,0,65535_65535,2,64,1437,317,1,1,0,9,0,15,1,1,pre_allocation
1,504,greenran_normal,0,0,65535_65535,2,64,1437,353,1,1,1,10,353,15,1,1,allocated
1,504,greenran_normal,0,0,65535_65535,2,63,1437,317,1,1,0,9,0,15,1,1,pre_allocation
1,504,greenran_normal,0,0,65535_65535,2,63,1437,353,1,1,1,10,353,15,1,1,allocated
1,504,greenran_normal,0,0,65535_65535,2,62,1437,317,1,1,0,9,0,15,1,1,pre_allocation
1,504,greenran_normal,0,0,65535_65535,2,62,1437,353,1,1,1,10,353,15,1,1,allocated
1,504,greenran_normal,0,0,65535_65535,2,61,1437,317,1,1,0,9,0,15,1,1,pre_allocation
1,504,greenran_normal,0,0,65535_65535,2,61,1437,353,1,1,1,10,353,15,1,1,allocated
1,504,greenran_normal,0,0,65535_65535,2,60,1437,317,1,1,0,9,0,15,1,1,pre_allocation
1,504,greenran_normal,0,0,65535_65535,2,60,1437,353,1,1,1,10,353,15,1,1,allocated
1,504,greenran_normal,0,0,65535_65535,2,35,1437,317,1,1,0,9,0,15,1,1,pre_allocation
1,504,greenran_normal,0,0,65535_65535,2,35,1437,353,1,1,1,10,353,15,1,1,allocated
1,504,greenran_normal,0,0,65535_65535,2,36,1437,317,1,1,0,9,0,15,1,1,pre_allocation
1,504,greenran_normal,0,0,65535_65535,2,36,1437,353,1,1,1,10,353,15,1,1,allocated
1,504,greenran_normal,0,0,65535_65535,2,37,1437,317,1,1,0,9,0,15,1,1,pre_allocation
1,504,greenran_normal,0,0,65535_65535,2,37,1437,353,1,1,1,10,353,15,1,1,allocated
1,504,greenran_normal,0,0,65535_65535,2,38,1437,317,1,1,0,9,0,15,1,1,pre_allocation
1,504,greenran_normal,0,0,65535_65535,2,38,1437,353,1,1,1,10,353,15,1,1,allocated
1,504,greenran_normal,0,0,65535_65535,2,39,1437,317,1,1,0,9,0,15,1,1,pre_allocation
1,504,greenran_normal,0,0,65535_65535,2,39,1437,353,1,1,1,10,353,15,1,1,allocated
1,504,greenran_normal,0,0,65535_65535,2,40,1437,317,1,1,0,9,0,15,1,1,pre_allocation
1,504,greenran_normal,0,0,65535_65535,2,40,1437,353,1,1,1,10,353,15,1,1,allocated
1,504,greenran_normal,0,0,65535_65535,2,41,1437,317,1,1,0,9,0,15,1,1,pre_allocation
1,504,greenran_normal,0,0,65535_65535,2,41,1437,353,1,1,1,10,353,15,1,1,allocated
1,504,greenran_normal,0,0,65535_65535,2,42,1437,317,1,1,0,9,0,15,1,1,pre_allocation
1,504,greenran_normal,0,0,65535_65535,2,42,1437,353,1,1,1,10,353,15,1,1,allocated
1,504,greenran_normal,0,0,65535_65535,2,43,1437,317,1,1,0,9,0,15,1,1,pre_allocation
1,504,greenran_normal,0,0,65535_65535,2,43,1437,353,1,1,1,10,353,15,1,1,allocated
1,504,greenran_normal,0,0,65535_65535,2,44,1437,317,1,1,0,9,0,15,1,1,pre_allocation
1,504,greenran_normal,0,0,65535_65535,2,44,1437,353,1,1,1,10,353,15,1,1,allocated
1,504,greenran_normal,0,0,65535_65535,2,55,1437,317,1,1,0,9,0,15,1,1,pre_allocation
1,504,greenran_normal,0,0,65535_65535,2,55,1437,353,1,1,1,10,353,15,1,1,allocated
1,504,greenran_normal,0,0,65535_65535,2,56,1437,317,1,1,0,9,0,15,1,1,pre_allocation
1,504,greenran_normal,0,0,65535_65535,2,56,1437,353,1,1,1,10,353,15,1,1,allocated
1,504,greenran_normal,0,0,65535_65535,2,57,1437,317,1,1,0,9,0,15,1,1,pre_allocation
1,504,greenran_normal,0,0,65535_65535,2,57,1437,353,1,1,1,10,353,15,1,1,allocated
1,504,greenran_normal,0,0,65535_65535,2,58,1437,317,1,1,0,9,0,15,1,1,pre_allocation
1,504,greenran_normal,0,0,65535_65535,2,58,1437,353,1,1,1,10,353,15,1,1,allocated
1,504,greenran_normal,0,0,65535_65535,2,59,1437,317,1,1,0,9,0,15,1,1,pre_allocation
1,504,greenran_normal,0,0,65535_65535,2,59,1437,353,1,1,1,10,353,15,1,1,allocated
1,504,greenran_normal,0,0,65535_65535,2,64,1437,353,1,1,0,10,0,15,1,1,pre_allocation
1,504,greenran_normal,0,0,65535_65535,2,64,1437,389,1,1,1,11,389,15,1,1,allocated
1,504,greenran_normal,0,0,65535_65535,2,63,1437,353,1,1,0,10,0,15,1,1,pre_allocation
1,504,greenran_normal,0,0,65535_65535,2,63,1437,389,1,1,1,11,389,15,1,1,allocated
1,504,greenran_normal,0,0,65535_65535,2,62,1437,353,1,1,0,10,0,15,1,1,pre_allocation
1,504,greenran_normal,0,0,65535_65535,2,62,1437,389,1,1,1,11,389,15,1,1,allocated
1,504,greenran_normal,0,0,65535_65535,2,61,1437,353,1,1,0,10,0,15,1,1,pre_allocation
1,504,greenran_normal,0,0,65535_65535,2,61,1437,389,1,1,1,11,389,15,1,1,allocated
1,504,greenran_normal,0,0,65535_65535,2,60,1437,353,1,1,0,10,0,15,1,1,pre_allocation
1,504,greenran_normal,0,0,65535_65535,2,60,1437,389,1,1,1,11,389,15,1,1,allocated
1,504,greenran_normal,0,0,65535_65535,2,35,1437,353,1,1,0,10,0,15,1,1,pre_allocation
1,504,greenran_normal,0,0,65535_65535,2,35,1437,389,1,1,1,11,389,15,1,1,allocated
1,504,greenran_normal,0,0,65535_65535,2,36,1437,353,1,1,0,10,0,15,1,1,pre_allocation
1,504,greenran_normal,0,0,65535_65535,2,36,1437,389,1,1,1,11,389,15,1,1,allocated
1,504,greenran_normal,0,0,65535_65535,2,37,1437,353,1,1,0,10,0,15,1,1,pre_allocation
1,504,greenran_normal,0,0,65535_65535,2,37,1437,389,1,1,1,11,389,15,1,1,allocated
1,504,greenran_normal,0,0,65535_65535,2,38,1437,353,1,1,0,10,0,15,1,1,pre_allocation
1,504,greenran_normal,0,0,65535_65535,2,38,1437,389,1,1,1,11,389,15,1,1,allocated
1,504,greenran_normal,0,0,65535_65535,2,39,1437,353,1,1,0,10,0,15,1,1,pre_allocation
1,504,greenran_normal,0,0,65535_65535,2,39,1437,389,1,1,1,11,389,15,1,1,allocated
1,504,greenran_normal,0,0,65535_65535,2,40,1437,353,1,1,0,10,0,15,1,1,pre_allocation
1,504,greenran_normal,0,0,65535_65535,2,40,1437,389,1,1,1,11,389,15,1,1,allocated
1,504,greenran_normal,0,0,65535_65535,2,41,1437,353,1,1,0,10,0,15,1,1,pre_allocation
1,504,greenran_normal,0,0,65535_65535,2,41,1437,389,1,1,1,11,389,15,1,1,allocated
1,504,greenran_normal,0,0,65535_65535,2,42,1437,353,1,1,0,10,0,15,1,1,pre_allocation
1,504,greenran_normal,0,0,65535_65535,2,42,1437,389,1,1,1,11,389,15,1,1,allocated
1,504,greenran_normal,0,0,65535_65535,2,43,1437,353,1,1,0,10,0,15,1,1,pre_allocation
1,504,greenran_normal,0,0,65535_65535,2,43,1437,389,1,1,1,11,389,15,1,1,allocated
1,504,greenran_normal,0,0,65535_65535,2,44,1437,353,1,1,0,10,0,15,1,1,pre_allocation
1,504,greenran_normal,0,0,65535_65535,2,44,1437,389,1,1,1,11,389,15,1,1,allocated
1,504,greenran_normal,0,0,65535_65535,2,55,1437,353,1,1,0,10,0,15,1,1,pre_allocation
1,504,greenran_normal,0,0,65535_65535,2,55,1437,389,1,1,1,11,389,15,1,1,allocated
1,504,greenran_normal,0,0,65535_65535,2,56,1437,353,1,1,0,10,0,15,1,1,pre_allocation
1,504,greenran_normal,0,0,65535_65535,2,56,1437,389,1,1,1,11,389,15,1,1,allocated
1,504,greenran_normal,0,0,65535_65535,2,57,1437,353,1,1,0,10,0,15,1,1,pre_allocation
1,504,greenran_normal,0,0,65535_65535,2,57,1437,389,1,1,1,11,389,15,1,1,allocated
1,504,greenran_normal,0,0,65535_65535,2,58,1437,353,1,1,0,10,0,15,1,1,pre_allocation
1,504,greenran_normal,0,0,65535_65535,2,58,1437,389,1,1,1,11,389,15,1,1,allocated
1,504,greenran_normal,0,0,65535_65535,2,59,1437,353,1,1,0,10,0,15,1,1,pre_allocation
1,504,greenran_normal,0,0,65535_65535,2,59,1437,389,1,1,1,11,389,15,1,1,allocated
1,504,greenran_normal,0,0,65535_65535,2,64,1437,389,1,1,0,11,0,15,1,1,pre_allocation
1,504,greenran_normal,0,0,65535_65535,2,64,1437,424,1,1,1,12,424,15,1,1,allocated
1,504,greenran_normal,0,0,65535_65535,2,63,1437,389,1,1,0,11,0,15,1,1,pre_allocation
1,504,greenran_normal,0,0,65535_65535,2,63,1437,424,1,1,1,12,424,15,1,1,allocated
1,504,greenran_normal,0,0,65535_65535,2,62,1437,389,1,1,0,11,0,15,1,1,pre_allocation
1,504,greenran_normal,0,0,65535_65535,2,62,1437,424,1,1,1,12,424,15,1,1,allocated
1,504,greenran_normal,0,0,65535_65535,2,61,1437,389,1,1,0,11,0,15,1,1,pre_allocation
1,504,greenran_normal,0,0,65535_65535,2,61,1437,424,1,1,1,12,424,15,1,1,allocated
1,504,greenran_normal,0,0,65535_65535,2,60,1437,389,1,1,0,11,0,15,1,1,pre_allocation
1,504,greenran_normal,0,0,65535_65535,2,60,1437,424,1,1,1,12,424,15,1,1,allocated
1,504,greenran_normal,0,0,65535_65535,2,35,1437,389,1,1,0,11,0,15,1,1,pre_allocation
1,504,greenran_normal,0,0,65535_65535,2,35,1437,424,1,1,1,12,424,15,1,1,allocated
1,504,greenran_normal,0,0,65535_65535,2,36,1437,389,1,1,0,11,0,15,1,1,pre_allocation
1,504,greenran_normal,0,0,65535_65535,2,36,1437,424,1,1,1,12,424,15,1,1,allocated
1,504,greenran_normal,0,0,65535_65535,2,37,1437,389,1,1,0,11,0,15,1,1,pre_allocation
1,504,greenran_normal,0,0,65535_65535,2,37,1437,424,1,1,1,12,424,15,1,1,allocated
1,504,greenran_normal,0,0,65535_65535,2,38,1437,389,1,1,0,11,0,15,1,1,pre_allocation
1,504,greenran_normal,0,0,65535_65535,2,38,1437,424,1,1,1,12,424,15,1,1,allocated
1,504,greenran_normal,0,0,65535_65535,2,39,1437,389,1,1,0,11,0,15,1,1,pre_allocation
1,504,greenran_normal,0,0,65535_65535,2,39,1437,424,1,1,1,12,424,15,1,1,allocated
1,504,greenran_normal,0,0,65535_65535,2,40,1437,389,1,1,0,11,0,15,1,1,pre_allocation
1,504,greenran_normal,0,0,65535_65535,2,40,1437,424,1,1,1,12,424,15,1,1,allocated
1,504,greenran_normal,0,0,65535_65535,2,41,1437,389,1,1,0,11,0,15,1,1,pre_allocation
1,504,greenran_normal,0,0,65535_65535,2,41,1437,424,1,1,1,12,424,15,1,1,allocated
1,504,greenran_normal,0,0,65535_65535,2,42,1437,389,1,1,0,11,0,15,1,1,pre_allocation
1,504,greenran_normal,0,0,65535_65535,2,42,1437,424,1,1,1,12,424,15,1,1,allocated
1,504,greenran_normal,0,0,65535_65535,2,43,1437,389,1,1,0,11,0,15,1,1,pre_allocation
1,504,greenran_normal,0,0,65535_65535,2,43,1437,424,1,1,1,12,424,15,1,1,allocated
1,504,greenran_normal,0,0,65535_65535,2,44,1437,389,1,1,0,11,0,15,1,1,pre_allocation
1,504,greenran_normal,0,0,65535_65535,2,44,1437,424,1,1,1,12,424,15,1,1,allocated
1,504,greenran_normal,0,0,65535_65535,2,55,1437,389,1,1,0,11,0,15,1,1,pre_allocation
1,504,greenran_normal,0,0,65535_65535,2,55,1437,424,1,1,1,12,424,15,1,1,allocated
1,504,greenran_normal,0,0,65535_65535,2,56,1437,389,1,1,0,11,0,15,1,1,pre_allocation
1,504,greenran_normal,0,0,65535_65535,2,56,1437,424,1,1,1,12,424,15,1,1,allocated
1,504,greenran_normal,0,0,65535_65535,2,57,1437,389,1,1,0,11,0,15,1,1,pre_allocation
1,504,greenran_normal,0,0,65535_65535,2,57,1437,424,1,1,1,12,424,15,1,1,allocated
1,504,greenran_normal,0,0,65535_65535,2,58,1437,389,1,1,0,11,0,15,1,1,pre_allocation
1,504,greenran_normal,0,0,65535_65535,2,58,1437,424,1,1,1,12,424,15,1,1,allocated
1,504,greenran_normal,0,0,65535_65535,2,59,1437,389,1,1,0,11,0,15,1,1,pre_allocation
1,504,greenran_normal,0,0,65535_65535,2,59,1437,424,1,1,1,12,424,15,1,1,allocated
1,504,greenran_normal,0,0,65535_65535,2,64,1437,424,1,1,0,12,0,15,1,1,pre_allocation
1,504,greenran_normal,0,0,65535_65535,2,64,1437,460,1,1,1,13,460,15,1,1,allocated
1,504,greenran_normal,0,0,65535_65535,2,63,1437,424,1,1,0,12,0,15,1,1,pre_allocation
1,504,greenran_normal,0,0,65535_65535,2,63,1437,460,1,1,1,13,460,15,1,1,allocated
1,504,greenran_normal,0,0,65535_65535,2,62,1437,424,1,1,0,12,0,15,1,1,pre_allocation
1,504,greenran_normal,0,0,65535_65535,2,62,1437,460,1,1,1,13,460,15,1,1,allocated
1,504,greenran_normal,0,0,65535_65535,2,61,1437,424,1,1,0,12,0,15,1,1,pre_allocation
1,504,greenran_normal,0,0,65535_65535,2,61,1437,460,1,1,1,13,460,15,1,1,allocated
1,504,greenran_normal,0,0,65535_65535,2,60,1437,424,1,1,0,12,0,15,1,1,pre_allocation
1,504,greenran_normal,0,0,65535_65535,2,60,1437,460,1,1,1,13,460,15,1,1,allocated
1,504,greenran_normal,0,0,65535_65535,2,35,1437,424,1,1,0,12,0,15,1,1,pre_allocation
1,504,greenran_normal,0,0,65535_65535,2,35,1437,460,1,1,1,13,460,15,1,1,allocated
1,504,greenran_normal,0,0,65535_65535,2,36,1437,424,1,1,0,12,0,15,1,1,pre_allocation
1,504,greenran_normal,0,0,65535_65535,2,36,1437,460,1,1,1,13,460,15,1,1,allocated
1,504,greenran_normal,0,0,65535_65535,2,37,1437,424,1,1,0,12,0,15,1,1,pre_allocation
1,504,greenran_normal,0,0,65535_65535,2,37,1437,460,1,1,1,13,460,15,1,1,allocated
1,504,greenran_normal,0,0,65535_65535,2,38,1437,424,1,1,0,12,0,15,1,1,pre_allocation
1,504,greenran_normal,0,0,65535_65535,2,38,1437,460,1,1,1,13,460,15,1,1,allocated
1,504,greenran_normal,0,0,65535_65535,2,39,1437,424,1,1,0,12,0,15,1,1,pre_allocation
1,504,greenran_normal,0,0,65535_65535,2,39,1437,460,1,1,1,13,460,15,1,1,allocated
1,504,greenran_normal,0,0,65535_65535,2,40,1437,424,1,1,0,12,0,15,1,1,pre_allocation
1,504,greenran_normal,0,0,65535_65535,2,40,1437,460,1,1,1,13,460,15,1,1,allocated
1,504,greenran_normal,0,0,65535_65535,2,41,1437,424,1,1,0,12,0,15,1,1,pre_allocation
1,504,greenran_normal,0,0,65535_65535,2,41,1437,460,1,1,1,13,460,15,1,1,allocated
1,504,greenran_normal,0,0,65535_65535,2,42,1437,424,1,1,0,12,0,15,1,1,pre_allocation
1,504,greenran_normal,0,0,65535_65535,2,42,1437,460,1,1,1,13,460,15,1,1,allocated
1,504,greenran_normal,0,0,65535_65535,2,43,1437,424,1,1,0,12,0,15,1,1,pre_allocation
1,504,greenran_normal,0,0,65535_65535,2,43,1437,460,1,1,1,13,460,15,1,1,allocated
1,504,greenran_normal,0,0,65535_65535,2,44,1437,424,1,1,0,12,0,15,1,1,pre_allocation
1,504,greenran_normal,0,0,65535_65535,2,44,1437,460,1,1,1,13,460,15,1,1,allocated
1,504,greenran_normal,0,0,65535_65535,2,55,1437,424,1,1,0,12,0,15,1,1,pre_allocation
1,504,greenran_normal,0,0,65535_65535,2,55,1437,460,1,1,1,13,460,15,1,1,allocated
1,504,greenran_normal,0,0,65535_65535,2,56,1437,424,1,1,0,12,0,15,1,1,pre_allocation
1,504,greenran_normal,0,0,65535_65535,2,56,1437,460,1,1,1,13,460,15,1,1,allocated
1,504,greenran_normal,0,0,65535_65535,2,57,1437,424,1,1,0,12,0,15,1,1,pre_allocation
1,504,greenran_normal,0,0,65535_65535,2,57,1437,460,1,1,1,13,460,15,1,1,allocated
1,504,greenran_normal,0,0,65535_65535,2,58,1437,424,1,1,0,12,0,15,1,1,pre_allocation
1,504,greenran_normal,0,0,65535_65535,2,58,1437,460,1,1,1,13,460,15,1,1,allocated
1,504,greenran_normal,0,0,65535_65535,2,59,1437,424,1,1,0,12,0,15,1,1,pre_allocation
1,504,greenran_normal,0,0,65535_65535,2,59,1437,460,1,1,1,13,460,15,1,1,allocated
1,504,greenran_normal,0,0,65535_65535,2,64,1437,460,1,1,0,13,0,15,1,1,pre_allocation
1,504,greenran_normal,0,0,65535_65535,2,64,1437,495,1,1,1,14,495,15,1,1,allocated
1,504,greenran_normal,0,0,65535_65535,2,63,1437,460,1,1,0,13,0,15,1,1,pre_allocation
1,504,greenran_normal,0,0,65535_65535,2,63,1437,495,1,1,1,14,495,15,1,1,allocated
1,504,greenran_normal,0,0,65535_65535,2,62,1437,460,1,1,0,13,0,15,1,1,pre_allocation
1,504,greenran_normal,0,0,65535_65535,2,62,1437,495,1,1,1,14,495,15,1,1,allocated
1,504,greenran_normal,0,0,65535_65535,2,61,1437,460,1,1,0,13,0,15,1,1,pre_allocation
1,504,greenran_normal,0,0,65535_65535,2,61,1437,495,1,1,1,14,495,15,1,1,allocated
1,504,greenran_normal,0,0,65535_65535,2,60,1437,460,1,1,0,13,0,15,1,1,pre_allocation
1,504,greenran_normal,0,0,65535_65535,2,60,1437,495,1,1,1,14,495,15,1,1,allocated
1,504,greenran_normal,0,0,65535_65535,2,35,1437,460,1,1,0,13,0,15,1,1,pre_allocation
1,504,greenran_normal,0,0,65535_65535,2,35,1437,495,1,1,1,14,495,15,1,1,allocated
6,956,greenran_normal,0,0,65535_65535,0,1,9377,0,1,1,0,0,0,28,1,1,pre_allocation
6,956,greenran_normal,0,0,65535_65535,0,1,9377,4,1,1,1,1,4,28,1,1,allocated
6,956,greenran_normal,0,0,65535_65535,0,2,9377,0,1,1,0,0,0,28,1,1,pre_allocation
6,956,greenran_normal,0,0,65535_65535,0,2,9377,4,1,1,1,1,4,28,1,1,allocated
6,956,greenran_normal,0,0,65535_65535,0,3,9377,0,1,1,0,0,0,28,1,1,pre_allocation
6,956,greenran_normal,0,0,65535_65535,0,3,9377,4,1,1,1,1,4,28,1,1,allocated
6,956,greenran_normal,0,0,65535_65535,0,4,9377,0,1,1,0,0,0,22,1,1,pre_allocation
6,956,greenran_normal,0,0,65535_65535,0,4,9377,2,1,1,1,1,2,22,1,1,allocated
6,956,greenran_normal,0,0,65535_65535,0,5,9377,0,1,1,0,0,0,28,1,1,pre_allocation
6,956,greenran_normal,0,0,65535_65535,0,5,9377,4,1,1,1,1,4,28,1,1,allocated
6,956,greenran_normal,0,0,65535_65535,0,1,9377,4,1,1,0,1,0,28,1,1,pre_allocation
6,956,greenran_normal,0,0,65535_65535,0,1,9377,12,1,1,1,2,12,28,1,1,allocated
6,956,greenran_normal,0,0,65535_65535,0,2,9377,4,1,1,0,1,0,28,1,1,pre_allocation
6,956,greenran_normal,0,0,65535_65535,0,2,9377,12,1,1,1,2,12,28,1,1,allocated
6,956,greenran_normal,0,0,65535_65535,0,3,9377,4,1,1,0,1,0,28,1,1,pre_allocation
6,956,greenran_normal,0,0,65535_65535,0,3,9377,12,1,1,1,2,12,28,1,1,allocated
6,956,greenran_normal,0,0,65535_65535,0,4,9377,2,1,1,0,1,0,22,1,1,pre_allocation
6,956,greenran_normal,0,0,65535_65535,0,4,9377,7,1,1,1,2,7,22,1,1,allocated
6,956,greenran_normal,0,0,65535_65535,0,5,9377,4,1,1,0,1,0,28,1,1,pre_allocation
6,956,greenran_normal,0,0,65535_65535,0,5,9377,12,1,1,1,2,12,28,1,1,allocated
6,956,greenran_normal,0,0,65535_65535,0,1,9377,12,1,1,0,2,0,28,1,1,pre_allocation
6,956,greenran_normal,0,0,65535_65535,0,1,9377,19,1,1,1,3,19,28,1,1,allocated
6,956,greenran_normal,0,0,65535_65535,0,2,9377,12,1,1,0,2,0,28,1,1,pre_allocation
6,956,greenran_normal,0,0,65535_65535,0,2,9377,19,1,1,1,3,19,28,1,1,allocated
6,956,greenran_normal,0,0,65535_65535,0,3,9377,12,1,1,0,2,0,28,1,1,pre_allocation
6,956,greenran_normal,0,0,65535_65535,0,3,9377,19,1,1,1,3,19,28,1,1,allocated
6,956,greenran_normal,0,0,65535_65535,0,4,9377,7,1,1,0,2,0,22,1,1,pre_allocation
6,956,greenran_normal,0,0,65535_65535,0,4,9377,13,1,1,1,3,13,22,1,1,allocated
6,956,greenran_normal,0,0,65535_65535,0,5,9377,12,1,1,0,2,0,28,1,1,pre_allocation
6,956,greenran_normal,0,0,65535_65535,0,5,9377,19,1,1,1,3,19,28,1,1,allocated
6,956,greenran_normal,0,0,65535_65535,0,1,9377,19,1,1,0,3,0,28,1,1,pre_allocation
6,956,greenran_normal,0,0,65535_65535,0,1,9377,27,1,1,1,4,27,28,1,1,allocated
6,956,greenran_normal,0,0,65535_65535,0,2,9377,19,1,1,0,3,0,28,1,1,pre_allocation
6,956,greenran_normal,0,0,65535_65535,0,2,9377,27,1,1,1,4,27,28,1,1,allocated
6,956,greenran_normal,0,0,65535_65535,0,3,9377,19,1,1,0,3,0,28,1,1,pre_allocation
6,956,greenran_normal,0,0,65535_65535,0,3,9377,27,1,1,1,4,27,28,1,1,allocated
6,956,greenran_normal,0,0,65535_65535,0,4,9377,13,1,1,0,3,0,22,1,1,pre_allocation
6,956,greenran_normal,0,0,65535_65535,0,4,9377,18,1,1,1,4,18,22,1,1,allocated
6,956,greenran_normal,0,0,65535_65535,0,5,9377,19,1,1,0,3,0,28,1,1,pre_allocation
6,956,greenran_normal,0,0,65535_65535,0,5,9377,27,1,1,1,4,27,28,1,1,allocated
6,956,greenran_normal,0,0,65535_65535,0,1,9377,27,1,1,0,4,0,28,1,1,pre_allocation
6,956,greenran_normal,0,0,65535_65535,0,1,9377,34,1,1,1,5,34,28,1,1,allocated
6,956,greenran_normal,0,0,65535_65535,0,2,9377,27,1,1,0,4,0,28,1,1,pre_allocation
6,956,greenran_normal,0,0,65535_65535,0,2,9377,34,1,1,1,5,34,28,1,1,allocated
6,956,greenran_normal,0,0,65535_65535,0,3,9377,27,1,1,0,4,0,28,1,1,pre_allocation
6,956,greenran_normal,0,0,65535_65535,0,3,9377,34,1,1,1,5,34,28,1,1,allocated
6,956,greenran_normal,0,0,65535_65535,0,4,9377,18,1,1,0,4,0,22,1,1,pre_allocation
6,956,greenran_normal,0,0,65535_65535,0,4,9377,23,1,1,1,5,23,22,1,1,allocated
6,956,greenran_normal,0,0,65535_65535,0,5,9377,27,1,1,0,4,0,28,1,1,pre_allocation
6,956,greenran_normal,0,0,65535_65535,0,5,9377,34,1,1,1,5,34,28,1,1,allocated
6,956,greenran_normal,0,0,65535_65535,0,1,9377,34,1,1,0,5,0,28,1,1,pre_allocation
6,956,greenran_normal,0,0,65535_65535,0,1,9377,42,1,1,1,6,42,28,1,1,allocated
6,956,greenran_normal,0,0,65535_65535,0,2,9377,34,1,1,0,5,0,28,1,1,pre_allocation
6,956,greenran_normal,0,0,65535_65535,0,2,9377,42,1,1,1,6,42,28,1,1,allocated
6,956,greenran_normal,0,0,65535_65535,0,3,9377,34,1,1,0,5,0,28,1,1,pre_allocation
6,956,greenran_normal,0,0,65535_65535,0,3,9377,42,1,1,1,6,42,28,1,1,allocated
6,956,greenran_normal,0,0,65535_65535,0,4,9377,23,1,1,0,5,0,22,1,1,pre_allocation
6,956,greenran_normal,0,0,65535_65535,0,4,9377,29,1,1,1,6,29,22,1,1,allocated
6,956,greenran_normal,0,0,65535_65535,0,5,9377,34,1,1,0,5,0,28,1,1,pre_allocation
6,956,greenran_normal,0,0,65535_65535,0,5,9377,42,1,1,1,6,42,28,1,1,allocated
6,956,greenran_normal,0,0,65535_65535,0,1,9377,42,1,1,0,6,0,28,1,1,pre_allocation
6,956,greenran_normal,0,0,65535_65535,0,1,9377,50,1,1,1,7,50,28,1,1,allocated
6,956,greenran_normal,0,0,65535_65535,0,2,9377,42,1,1,0,6,0,28,1,1,pre_allocation
6,956,greenran_normal,0,0,65535_65535,0,2,9377,50,1,1,1,7,50,28,1,1,allocated
6,956,greenran_normal,0,0,65535_65535,0,3,9377,42,1,1,0,6,0,28,1,1,pre_allocation
6,956,greenran_normal,0,0,65535_65535,0,3,9377,50,1,1,1,7,50,28,1,1,allocated
6,956,greenran_normal,0,0,65535_65535,0,4,9377,29,1,1,0,6,0,22,1,1,pre_allocation
6,956,greenran_normal,0,0,65535_65535,0,4,9377,34,1,1,1,7,34,22,1,1,allocated
6,956,greenran_normal,0,0,65535_65535,0,5,9377,42,1,1,0,6,0,28,1,1,pre_allocation
6,956,greenran_normal,0,0,65535_65535,0,5,9377,50,1,1,1,7,50,28,1,1,allocated
6,956,greenran_normal,0,0,65535_65535,0,1,9377,50,1,1,0,7,0,28,1,1,pre_allocation
6,956,greenran_normal,0,0,65535_65535,0,1,9377,57,1,1,1,8,57,28,1,1,allocated
6,956,greenran_normal,0,0,65535_65535,0,2,9377,50,1,1,0,7,0,28,1,1,pre_allocation
6,956,greenran_normal,0,0,65535_65535,0,2,9377,57,1,1,1,8,57,28,1,1,allocated
6,956,greenran_normal,0,0,65535_65535,0,3,9377,50,1,1,0,7,0,28,1,1,pre_allocation
6,956,greenran_normal,0,0,65535_65535,0,3,9377,57,1,1,1,8,57,28,1,1,allocated
6,956,greenran_normal,0,0,65535_65535,0,4,9377,34,1,1,0,7,0,22,1,1,pre_allocation
6,956,greenran_normal,0,0,65535_65535,0,4,9377,39,1,1,1,8,39,22,1,1,allocated
6,956,greenran_normal,0,0,65535_65535,0,5,9377,50,1,1,0,7,0,28,1,1,pre_allocation
6,956,greenran_normal,0,0,65535_65535,0,5,9377,57,1,1,1,8,57,28,1,1,allocated
6,956,greenran_normal,0,0,65535_65535,0,1,9377,57,1,1,0,8,0,28,1,1,pre_allocation
6,956,greenran_normal,0,0,65535_65535,0,1,9377,65,1,1,1,9,65,28,1,1,allocated
6,956,greenran_normal,0,0,65535_65535,0,2,9377,57,1,1,0,8,0,28,1,1,pre_allocation
6,956,greenran_normal,0,0,65535_65535,0,2,9377,65,1,1,1,9,65,28,1,1,allocated
6,956,greenran_normal,0,0,65535_65535,0,3,9377,57,1,1,0,8,0,28,1,1,pre_allocation
6,956,greenran_normal,0,0,65535_65535,0,3,9377,65,1,1,1,9,65,28,1,1,allocated
6,956,greenran_normal,0,0,65535_65535,0,4,9377,39,1,1,0,8,0,22,1,1,pre_allocation
6,956,greenran_normal,0,0,65535_65535,0,4,9377,45,1,1,1,9,45,22,1,1,allocated
6,956,greenran_normal,0,0,65535_65535,0,5,9377,57,1,1,0,8,0,28,1,1,pre_allocation
6,956,greenran_normal,0,0,65535_65535,0,5,9377,65,1,1,1,9,65,28,1,1,allocated
6,956,greenran_normal,0,0,65535_65535,0,1,9377,65,1,1,0,9,0,28,1,1,pre_allocation
6,956,greenran_normal,0,0,65535_65535,0,1,9377,72,1,1,1,10,72,28,1,1,allocated
6,956,greenran_normal,0,0,65535_65535,0,2,9377,65,1,1,0,9,0,28,1,1,pre_allocation
6,956,greenran_normal,0,0,65535_65535,0,2,9377,72,1,1,1,10,72,28,1,1,allocated
6,956,greenran_normal,0,0,65535_65535,0,3,9377,65,1,1,0,9,0,28,1,1,pre_allocation
6,956,greenran_normal,0,0,65535_65535,0,3,9377,72,1,1,1,10,72,28,1,1,allocated
6,956,greenran_normal,0,0,65535_65535,0,4,9377,45,1,1,0,9,0,22,1,1,pre_allocation
6,956,greenran_normal,0,0,65535_65535,0,4,9377,50,1,1,1,10,50,22,1,1,allocated
6,956,greenran_normal,0,0,65535_65535,0,5,9377,65,1,1,0,9,0,28,1,1,pre_allocation
6,956,greenran_normal,0,0,65535_65535,0,5,9377,72,1,1,1,10,72,28,1,1,allocated
6,956,greenran_normal,0,0,65535_65535,0,1,9377,72,1,1,0,10,0,28,1,1,pre_allocation
6,956,greenran_normal,0,0,65535_65535,0,1,9377,80,1,1,1,11,80,28,1,1,allocated
6,956,greenran_normal,0,0,65535_65535,0,2,9377,72,1,1,0,10,0,28,1,1,pre_allocation
6,956,greenran_normal,0,0,65535_65535,0,2,9377,80,1,1,1,11,80,28,1,1,allocated
6,956,greenran_normal,0,0,65535_65535,0,3,9377,72,1,1,0,10,0,28,1,1,pre_allocation
6,956,greenran_normal,0,0,65535_65535,0,3,9377,80,1,1,1,11,80,28,1,1,allocated
6,956,greenran_normal,0,0,65535_65535,0,4,9377,50,1,1,0,10,0,22,1,1,pre_allocation
6,956,greenran_normal,0,0,65535_65535,0,4,9377,55,1,1,1,11,55,22,1,1,allocated
6,956,greenran_normal,0,0,65535_65535,0,5,9377,72,1,1,0,10,0,28,1,1,pre_allocation
6,956,greenran_normal,0,0,65535_65535,0,5,9377,80,1,1,1,11,80,28,1,1,allocated
6,956,greenran_normal,0,0,65535_65535,0,1,9377,80,1,1,0,11,0,28,1,1,pre_allocation
6,956,greenran_normal,0,0,65535_65535,0,1,9377,88,1,1,1,12,88,28,1,1,allocated
6,956,greenran_normal,0,0,65535_65535,0,2,9377,80,1,1,0,11,0,28,1,1,pre_allocation
6,956,greenran_normal,0,0,65535_65535,0,2,9377,88,1,1,1,12,88,28,1,1,allocated
6,956,greenran_normal,0,0,65535_65535,0,3,9377,80,1,1,0,11,0,28,1,1,pre_allocation
6,956,greenran_normal,0,0,65535_65535,0,3,9377,88,1,1,1,12,88,28,1,1,allocated
6,956,greenran_normal,0,0,65535_65535,0,4,9377,55,1,1,0,11,0,22,1,1,pre_allocation
6,956,greenran_normal,0,0,65535_65535,0,4,9377,61,1,1,1,12,61,22,1,1,allocated
6,956,greenran_normal,0,0,65535_65535,0,5,9377,80,1,1,0,11,0,28,1,1,pre_allocation
6,956,greenran_normal,0,0,65535_65535,0,5,9377,88,1,1,1,12,88,28,1,1,allocated
6,956,greenran_normal,0,0,65535_65535,0,1,9377,88,1,1,0,12,0,28,1,1,pre_allocation
6,956,greenran_normal,0,0,65535_65535,0,1,9377,95,1,1,1,13,95,28,1,1,allocated
6,956,greenran_normal,0,0,65535_65535,0,2,9377,88,1,1,0,12,0,28,1,1,pre_allocation
6,956,greenran_normal,0,0,65535_65535,0,2,9377,95,1,1,1,13,95,28,1,1,allocated
6,956,greenran_normal,0,0,65535_65535,0,3,9377,88,1,1,0,12,0,28,1,1,pre_allocation
6,956,greenran_normal,0,0,65535_65535,0,3,9377,95,1,1,1,13,95,28,1,1,allocated
6,956,greenran_normal,0,0,65535_65535,0,4,9377,61,1,1,0,12,0,22,1,1,pre_allocation
6,956,greenran_normal,0,0,65535_65535,0,4,9377,66,1,1,1,13,66,22,1,1,allocated
6,956,greenran_normal,0,0,65535_65535,0,5,9377,88,1,1,0,12,0,28,1,1,pre_allocation
6,956,greenran_normal,0,0,65535_65535,0,5,9377,95,1,1,1,13,95,28,1,1,allocated
6,956,greenran_normal,0,0,65535_65535,0,1,9377,95,1,1,0,13,0,28,1,1,pre_allocation
6,956,greenran_normal,0,0,65535_65535,0,1,9377,103,1,1,1,14,103,28,1,1,allocated
6,956,greenran_normal,0,0,65535_65535,0,2,9377,95,1,1,0,13,0,28,1,1,pre_allocation
6,956,greenran_normal,0,0,65535_65535,0,2,9377,103,1,1,1,14,103,28,1,1,allocated
6,956,greenran_normal,0,0,65535_65535,0,3,9377,95,1,1,0,13,0,28,1,1,pre_allocation
6,956,greenran_normal,0,0,65535_65535,0,3,9377,103,1,1,1,14,103,28,1,1,allocated
6,956,greenran_normal,0,0,65535_65535,0,4,9377,66,1,1,0,13,0,22,1,1,pre_allocation
6,956,greenran_normal,0,0,65535_65535,0,4,9377,72,1,1,1,14,72,22,1,1,allocated
6,956,greenran_normal,0,0,65535_65535,0,5,9377,95,1,1,0,13,0,28,1,1,pre_allocation
6,956,greenran_normal,0,0,65535_65535,0,5,9377,103,1,1,1,14,103,28,1,1,allocated
6,956,greenran_normal,0,0,65535_65535,0,1,9377,103,1,1,0,14,0,28,1,1,pre_allocation
6,956,greenran_normal,0,0,65535_65535,0,1,9377,110,1,1,1,15,110,28,1,1,allocated
6,956,greenran_normal,0,0,65535_65535,0,2,9377,103,1,1,0,14,0,28,1,1,pre_allocation
6,956,greenran_normal,0,0,65535_65535,0,2,9377,110,1,1,1,15,110,28,1,1,allocated
6,956,greenran_normal,0,0,65535_65535,0,3,9377,103,1,1,0,14,0,28,1,1,pre_allocation
6,956,greenran_normal,0,0,65535_65535,0,3,9377,110,1,1,1,15,110,28,1,1,allocated
6,956,greenran_normal,0,0,65535_65535,0,4,9377,72,1,1,0,14,0,22,1,1,pre_allocation
6,956,greenran_normal,0,0,65535_65535,0,4,9377,77,1,1,1,15,77,22,1,1,allocated
6,956,greenran_normal,0,0,65535_65535,0,5,9377,103,1,1,0,14,0,28,1,1,pre_allocation
6,956,greenran_normal,0,0,65535_65535,0,5,9377,110,1,1,1,15,110,28,1,1,allocated
6,956,greenran_normal,0,0,65535_65535,0,1,9377,110,1,1,0,15,0,28,1,1,pre_allocation
6,956,greenran_normal,0,0,65535_65535,0,1,9377,118,1,1,1,16,118,28,1,1,allocated
6,956,greenran_normal,0,0,65535_65535,0,2,9377,110,1,1,0,15,0,28,1,1,pre_allocation
6,956,greenran_normal,0,0,65535_65535,0,2,9377,118,1,1,1,16,118,28,1,1,allocated
6,956,greenran_normal,0,0,65535_65535,0,3,9377,110,1,1,0,15,0,28,1,1,pre_allocation
6,956,greenran_normal,0,0,65535_65535,0,3,9377,118,1,1,1,16,118,28,1,1,allocated
6,956,greenran_normal,0,0,65535_65535,0,4,9377,77,1,1,0,15,0,22,1,1,pre_allocation
6,956,greenran_normal,0,0,65535_65535,0,4,9377,82,1,1,1,16,82,22,1,1,allocated
6,956,greenran_normal,0,0,65535_65535,0,5,9377,110,1,1,0,15,0,28,1,1,pre_allocation
6,956,greenran_normal,0,0,65535_65535,0,5,9377,118,1,1,1,16,118,28,1,1,allocated
6,956,greenran_normal,0,0,65535_65535,0,1,9377,118,1,1,0,16,0,28,1,1,pre_allocation
6,956,greenran_normal,0,0,65535_65535,0,1,9377,126,1,1,1,17,126,28,1,1,allocated
6,956,greenran_normal,0,0,65535_65535,0,2,9377,118,1,1,0,16,0,28,1,1,pre_allocation
6,956,greenran_normal,0,0,65535_65535,0,2,9377,126,1,1,1,17,126,28,1,1,allocated
6,956,greenran_normal,0,0,65535_65535,0,3,9377,118,1,1,0,16,0,28,1,1,pre_allocation
6,956,greenran_normal,0,0,65535_65535,0,3,9377,126,1,1,1,17,126,28,1,1,allocated
6,956,greenran_normal,0,0,65535_65535,0,4,9377,82,1,1,0,16,0,22,1,1,pre_allocation
6,956,greenran_normal,0,0,65535_65535,0,4,9377,88,1,1,1,17,88,22,1,1,allocated
6,956,greenran_normal,0,0,65535_65535,0,5,9377,118,1,1,0,16,0,28,1,1,pre_allocation
6,956,greenran_normal,0,0,65535_65535,0,5,9377,126,1,1,1,17,126,28,1,1,allocated
6,956,greenran_normal,0,0,65535_65535,0,1,9377,126,1,1,0,17,0,28,1,1,pre_allocation
6,956,greenran_normal,0,0,65535_65535,0,1,9377,133,1,1,1,18,133,28,1,1,allocated
6,956,greenran_normal,0,0,65535_65535,0,2,9377,126,1,1,0,17,0,28,1,1,pre_allocation
6,956,greenran_normal,0,0,65535_65535,0,2,9377,133,1,1,1,18,133,28,1,1,allocated
6,956,greenran_normal,0,0,65535_65535,0,3,9377,126,1,1,0,17,0,28,1,1,pre_allocation
6,956,greenran_normal,0,0,65535_65535,0,3,9377,133,1,1,1,18,133,28,1,1,allocated
6,956,greenran_normal,0,0,65535_65535,0,4,9377,88,1,1,0,17,0,22,1,1,pre_allocation
6,956,greenran_normal,0,0,65535_65535,0,4,9377,93,1,1,1,18,93,22,1,1,allocated
6,956,greenran_normal,0,0,65535_65535,0,5,9377,126,1,1,0,17,0,28,1,1,pre_allocation
6,956,greenran_normal,0,0,65535_65535,0,5,9377,133,1,1,1,18,133,28,1,1,allocated
6,956,greenran_normal,0,0,65535_65535,0,1,9377,133,1,1,0,18,0,28,1,1,pre_allocation
6,956,greenran_normal,0,0,65535_65535,0,1,9377,141,1,1,1,19,141,28,1,1,allocated
6,956,greenran_normal,0,0,65535_65535,0,2,9377,133,1,1,0,18,0,28,1,1,pre_allocation
6,956,greenran_normal,0,0,65535_65535,0,2,9377,141,1,1,1,19,141,28,1,1,allocated
6,956,greenran_normal,0,0,65535_65535,0,3,9377,133,1,1,0,18,0,28,1,1,pre_allocation
6,956,greenran_normal,0,0,65535_65535,0,3,9377,141,1,1,1,19,141,28,1,1,allocated
6,956,greenran_normal,0,0,65535_65535,0,4,9377,93,1,1,0,18,0,22,1,1,pre_allocation
6,956,greenran_normal,0,0,65535_65535,0,4,9377,98,1,1,1,19,98,22,1,1,allocated
6,956,greenran_normal,0,0,65535_65535,0,5,9377,133,1,1,0,18,0,28,1,1,pre_allocation
6,956,greenran_normal,0,0,65535_65535,0,5,9377,141,1,1,1,19,141,28,1,1,allocated
6,956,greenran_normal,0,0,65535_65535,0,1,9377,141,1,1,0,19,0,28,1,1,pre_allocation
6,956,greenran_normal,0,0,65535_65535,0,1,9377,148,1,1,1,20,148,28,1,1,allocated
6,956,greenran_normal,0,0,65535_65535,0,2,9377,141,1,1,0,19,0,28,1,1,pre_allocation
6,956,greenran_normal,0,0,65535_65535,0,2,9377,148,1,1,1,20,148,28,1,1,allocated
6,956,greenran_normal,0,0,65535_65535,0,3,9377,141,1,1,0,19,0,28,1,1,pre_allocation
6,956,greenran_normal,0,0,65535_65535,0,3,9377,148,1,1,1,20,148,28,1,1,allocated
6,956,greenran_normal,0,0,65535_65535,0,4,9377,98,1,1,0,19,0,22,1,1,pre_allocation
6,956,greenran_normal,0,0,65535_65535,0,4,9377,104,1,1,1,20,104,22,1,1,allocated
6,956,greenran_normal,0,0,65535_65535,0,5,9377,141,1,1,0,19,0,28,1,1,pre_allocation
6,956,greenran_normal,0,0,65535_65535,0,5,9377,148,1,1,1,20,148,28,1,1,allocated
6,956,greenran_normal,0,0,65535_65535,0,1,9377,148,1,1,0,20,0,28,1,1,pre_allocation
6,956,greenran_normal,0,0,65535_65535,0,1,9377,156,1,1,1,21,156,28,1,1,allocated
6,956,greenran_normal,0,0,65535_65535,0,2,9377,148,1,1,0,20,0,28,1,1,pre_allocation
6,956,greenran_normal,0,0,65535_65535,0,2,9377,156,1,1,1,21,156,28,1,1,allocated
6,956,greenran_normal,0,0,65535_65535,0,3,9377,148,1,1,0,20,0,28,1,1,pre_allocation
6,956,greenran_normal,0,0,65535_65535,0,3,9377,156,1,1,1,21,156,28,1,1,allocated
6,956,greenran_normal,0,0,65535_65535,0,4,9377,104,1,1,0,20,0,22,1,1,pre_allocation
6,956,greenran_normal,0,0,65535_65535,0,4,9377,109,1,1,1,21,109,22,1,1,allocated
6,956,greenran_normal,0,0,65535_65535,0,5,9377,148,1,1,0,20,0,28,1,1,pre_allocation
6,956,greenran_normal,0,0,65535_65535,0,5,9377,156,1,1,1,21,156,28,1,1,allocated
6,956,greenran_normal,0,0,65535_65535,0,1,9377,156,1,1,0,21,0,28,1,1,pre_allocation
6,956,greenran_normal,0,0,65535_65535,0,1,9377,163,1,1,1,22,163,28,1,1,allocated
6,956,greenran_normal,0,0,65535_65535,0,2,9377,156,1,1,0,21,0,28,1,1,pre_allocation
6,956,greenran_normal,0,0,65535_65535,0,2,9377,163,1,1,1,22,163,28,1,1,allocated
6,956,greenran_normal,0,0,65535_65535,0,3,9377,156,1,1,0,21,0,28,1,1,pre_allocation
6,956,greenran_normal,0,0,65535_65535,0,3,9377,163,1,1,1,22,163,28,1,1,allocated
6,956,greenran_normal,0,0,65535_65535,0,4,9377,109,1,1,0,21,0,22,1,1,pre_allocation
6,956,greenran_normal,0,0,65535_65535,0,4,9377,114,1,1,1,22,114,22,1,1,allocated
6,956,greenran_normal,0,0,65535_65535,0,5,9377,156,1,1,0,21,0,28,1,1,pre_allocation
6,956,greenran_normal,0,0,65535_65535,0,5,9377,163,1,1,1,22,163,28,1,1,allocated
6,956,greenran_normal,0,0,65535_65535,0,1,9377,163,1,1,0,22,0,28,1,1,pre_allocation
6,956,greenran_normal,0,0,65535_65535,0,1,9377,171,1,1,1,23,171,28,1,1,allocated
6,956,greenran_normal,0,0,65535_65535,0,2,9377,163,1,1,0,22,0,28,1,1,pre_allocation
6,956,greenran_normal,0,0,65535_65535,0,2,9377,171,1,1,1,23,171,28,1,1,allocated
6,956,greenran_normal,0,0,65535_65535,0,3,9377,163,1,1,0,22,0,28,1,1,pre_allocation
6,956,greenran_normal,0,0,65535_65535,0,3,9377,171,1,1,1,23,171,28,1,1,allocated
6,956,greenran_normal,0,0,65535_65535,0,4,9377,114,1,1,0,22,0,22,1,1,pre_allocation
6,956,greenran_normal,0,0,65535_65535,0,4,9377,120,1,1,1,23,120,22,1,1,allocated
6,956,greenran_normal,0,0,65535_65535,0,5,9377,163,1,1,0,22,0,28,1,1,pre_allocation
6,956,greenran_normal,0,0,65535_65535,0,5,9377,171,1,1,1,23,171,28,1,1,allocated
6,956,greenran_normal,0,0,65535_65535,0,1,9377,171,1,1,0,23,0,28,1,1,pre_allocation
6,956,greenran_normal,0,0,65535_65535,0,1,9377,179,1,1,1,24,179,28,1,1,allocated
6,956,greenran_normal,0,0,65535_65535,0,2,9377,171,1,1,0,23,0,28,1,1,pre_allocation
6,956,greenran_normal,0,0,65535_65535,0,2,9377,179,1,1,1,24,179,28,1,1,allocated
6,956,greenran_normal,0,0,65535_65535,0,3,9377,171,1,1,0,23,0,28,1,1,pre_allocation
6,956,greenran_normal,0,0,65535_65535,0,3,9377,179,1,1,1,24,179,28,1,1,allocated
6,956,greenran_normal,0,0,65535_65535,0,4,9377,120,1,1,0,23,0,22,1,1,pre_allocation
6,956,greenran_normal,0,0,65535_65535,0,4,9377,125,1,1,1,24,125,22,1,1,allocated
6,956,greenran_normal,0,0,65535_65535,0,5,9377,171,1,1,0,23,0,28,1,1,pre_allocation
6,956,greenran_normal,0,0,65535_65535,0,5,9377,179,1,1,1,24,179,28,1,1,allocated
6,956,greenran_normal,0,0,65535_65535,0,1,9377,179,1,1,0,24,0,28,1,1,pre_allocation
6,956,greenran_normal,0,0,65535_65535,0,1,9377,186,1,1,1,25,186,28,1,1,allocated
6,956,greenran_normal,0,0,65535_65535,0,2,9377,179,1,1,0,24,0,28,1,1,pre_allocation
6,956,greenran_normal,0,0,65535_65535,0,2,9377,186,1,1,1,25,186,28,1,1,allocated
6,956,greenran_normal,0,0,65535_65535,0,3,9377,179,1,1,0,24,0,28,1,1,pre_allocation
6,956,greenran_normal,0,0,65535_65535,0,3,9377,186,1,1,1,25,186,28,1,1,allocated
6,956,greenran_normal,0,0,65535_65535,0,4,9377,125,1,1,0,24,0,22,1,1,pre_allocation
6,956,greenran_normal,0,0,65535_65535,0,4,9377,131,1,1,1,25,131,22,1,1,allocated
6,956,greenran_normal,0,0,65535_65535,0,5,9377,179,1,1,0,24,0,28,1,1,pre_allocation
6,956,greenran_normal,0,0,65535_65535,0,5,9377,186,1,1,1,25,186,28,1,1,allocated
6,956,greenran_normal,0,0,65535_65535,0,1,9377,186,1,1,0,25,0,28,1,1,pre_allocation
6,956,greenran_normal,0,0,65535_65535,0,1,9377,194,1,1,1,26,194,28,1,1,allocated
6,956,greenran_normal,0,0,65535_65535,0,2,9377,186,1,1,0,25,0,28,1,1,pre_allocation
6,956,greenran_normal,0,0,65535_65535,0,2,9377,194,1,1,1,26,194,28,1,1,allocated
6,956,greenran_normal,0,0,65535_65535,0,3,9377,186,1,1,0,25,0,28,1,1,pre_allocation
6,956,greenran_normal,0,0,65535_65535,0,3,9377,194,1,1,1,26,194,28,1,1,allocated
6,956,greenran_normal,0,0,65535_65535,0,4,9377,131,1,1,0,25,0,22,1,1,pre_allocation
6,956,greenran_normal,0,0,65535_65535,0,4,9377,136,1,1,1,26,136,22,1,1,allocated
6,956,greenran_normal,0,0,65535_65535,0,5,9377,186,1,1,0,25,0,28,1,1,pre_allocation
6,956,greenran_normal,0,0,65535_65535,0,5,9377,194,1,1,1,26,194,28,1,1,allocated
6,956,greenran_normal,0,0,65535_65535,0,1,9377,194,1,1,0,26,0,28,1,1,pre_allocation
6,956,greenran_normal,0,0,65535_65535,0,1,9377,201,1,1,1,27,201,28,1,1,allocated
6,956,greenran_normal,0,0,65535_65535,0,2,9377,194,1,1,0,26,0,28,1,1,pre_allocation
6,956,greenran_normal,0,0,65535_65535,0,2,9377,201,1,1,1,27,201,28,1,1,allocated
6,956,greenran_normal,0,0,65535_65535,0,3,9377,194,1,1,0,26,0,28,1,1,pre_allocation
6,956,greenran_normal,0,0,65535_65535,0,3,9377,201,1,1,1,27,201,28,1,1,allocated
6,956,greenran_normal,0,0,65535_65535,0,4,9377,136,1,1,0,26,0,22,1,1,pre_allocation
6,956,greenran_normal,0,0,65535_65535,0,4,9377,141,1,1,1,27,141,22,1,1,allocated
6,956,greenran_normal,0,0,65535_65535,0,5,9377,194,1,1,0,26,0,28,1,1,pre_allocation
6,956,greenran_normal,0,0,65535_65535,0,5,9377,201,1,1,1,27,201,28,1,1,allocated
6,956,greenran_normal,0,0,65535_65535,0,1,9377,201,1,1,0,27,0,28,1,1,pre_allocation
6,956,greenran_normal,0,0,65535_65535,0,1,9377,209,1,1,1,28,209,28,1,1,allocated
6,956,greenran_normal,0,0,65535_65535,0,2,9377,201,1,1,0,27,0,28,1,1,pre_allocation
6,956,greenran_normal,0,0,65535_65535,0,2,9377,209,1,1,1,28,209,28,1,1,allocated
6,956,greenran_normal,0,0,65535_65535,0,3,9377,201,1,1,0,27,0,28,1,1,pre_allocation
6,956,greenran_normal,0,0,65535_65535,0,3,9377,209,1,1,1,28,209,28,1,1,allocated
6,956,greenran_normal,0,0,65535_65535,0,4,9377,141,1,1,0,27,0,22,1,1,pre_allocation
6,956,greenran_normal,0,0,65535_65535,0,4,9377,147,1,1,1,28,147,22,1,1,allocated
6,956,greenran_normal,0,0,65535_65535,0,5,9377,201,1,1,0,27,0,28,1,1,pre_allocation
6,956,greenran_normal,0,0,65535_65535,0,5,9377,209,1,1,1,28,209,28,1,1,allocated
6,956,greenran_normal,0,0,65535_65535,0,1,9377,209,1,1,0,28,0,28,1,1,pre_allocation
6,956,greenran_normal,0,0,65535_65535,0,1,9377,217,1,1,1,29,217,28,1,1,allocated
6,956,greenran_normal,0,0,65535_65535,0,2,9377,209,1,1,0,28,0,28,1,1,pre_allocation
6,956,greenran_normal,0,0,65535_65535,0,2,9377,217,1,1,1,29,217,28,1,1,allocated
6,956,greenran_normal,0,0,65535_65535,2,38,289301,0,1,1,0,0,0,15,1,1,pre_allocation
6,956,greenran_normal,0,0,65535_65535,2,38,289301,2,1,1,1,1,2,15,1,1,allocated
6,956,greenran_normal,0,0,65535_65535,2,60,289128,0,1,1,0,0,0,14,1,1,pre_allocation
6,956,greenran_normal,0,0,65535_65535,2,60,289128,2,1,1,1,1,2,14,1,1,allocated
6,956,greenran_normal,0,0,65535_65535,2,43,289085,0,1,1,0,0,0,18,1,1,pre_allocation
6,956,greenran_normal,0,0,65535_65535,2,43,289085,0,1,1,1,1,0,18,1,1,allocated
6,956,greenran_normal,0,0,65535_65535,2,64,289108,0,1,1,0,0,0,18,1,1,pre_allocation
6,956,greenran_normal,0,0,65535_65535,2,64,289108,0,1,1,1,1,0,18,1,1,allocated
6,956,greenran_normal,0,0,65535_65535,2,42,288929,0,1,1,0,0,0,24,1,1,pre_allocation
6,956,greenran_normal,0,0,65535_65535,2,42,288929,3,1,1,1,1,3,24,1,1,allocated
6,956,greenran_normal,0,0,65535_65535,2,36,288879,0,1,1,0,0,0,28,1,1,pre_allocation
6,956,greenran_normal,0,0,65535_65535,2,36,288879,4,1,1,1,1,4,28,1,1,allocated
6,956,greenran_normal,0,0,65535_65535,2,58,288909,0,1,1,0,0,0,26,1,1,pre_allocation
6,956,greenran_normal,0,0,65535_65535,2,58,288909,4,1,1,1,1,4,26,1,1,allocated
6,956,greenran_normal,0,0,65535_65535,2,35,288840,0,1,1,0,0,0,28,1,1,pre_allocation
6,956,greenran_normal,0,0,65535_65535,2,35,288840,4,1,1,1,1,4,28,1,1,allocated
6,956,greenran_normal,0,0,65535_65535,2,44,288840,0,1,1,0,0,0,28,1,1,pre_allocation
6,956,greenran_normal,0,0,65535_65535,2,44,288840,4,1,1,1,1,4,28,1,1,allocated
6,956,greenran_normal,0,0,65535_65535,2,55,288840,0,1,1,0,0,0,28,1,1,pre_allocation
6,956,greenran_normal,0,0,65535_65535,2,55,288840,4,1,1,1,1,4,28,1,1,allocated
6,956,greenran_normal,0,0,65535_65535,2,56,288840,0,1,1,0,0,0,28,1,1,pre_allocation
6,956,greenran_normal,0,0,65535_65535,2,56,288840,4,1,1,1,1,4,28,1,1,allocated
6,956,greenran_normal,0,0,65535_65535,2,57,288840,0,1,1,0,0,0,28,1,1,pre_allocation
6,956,greenran_normal,0,0,65535_65535,2,57,288840,4,1,1,1,1,4,28,1,1,allocated
6,956,greenran_normal,0,0,65535_65535,2,37,288842,0,1,1,0,0,0,28,1,1,pre_allocation
6,956,greenran_normal,0,0,65535_65535,2,37,288842,4,1,1,1,1,4,28,1,1,allocated
6,956,greenran_normal,0,0,65535_65535,2,39,288842,0,1,1,0,0,0,28,1,1,pre_allocation
6,956,greenran_normal,0,0,65535_65535,2,39,288842,4,1,1,1,1,4,28,1,1,allocated
6,956,greenran_normal,0,0,65535_65535,2,40,288842,0,1,1,0,0,0,28,1,1,pre_allocation
6,956,greenran_normal,0,0,65535_65535,2,40,288842,4,1,1,1,1,4,28,1,1,allocated
6,956,greenran_normal,0,0,65535_65535,2,41,288842,0,1,1,0,0,0,28,1,1,pre_allocation
6,956,greenran_normal,0,0,65535_65535,2,41,288842,4,1,1,1,1,4,28,1,1,allocated
6,956,greenran_normal,0,0,65535_65535,2,59,288872,0,1,1,0,0,0,28,1,1,pre_allocation
6,956,greenran_normal,0,0,65535_65535,2,59,288872,4,1,1,1,1,4,28,1,1,allocated
6,956,greenran_normal,0,0,65535_65535,2,63,288837,0,1,1,0,0,0,28,1,1,pre_allocation
6,956,greenran_normal,0,0,65535_65535,2,63,288837,4,1,1,1,1,4,28,1,1,allocated
6,956,greenran_normal,0,0,65535_65535,2,62,288837,0,1,1,0,0,0,28,1,1,pre_allocation
6,956,greenran_normal,0,0,65535_65535,2,62,288837,4,1,1,1,1,4,28,1,1,allocated
6,956,greenran_normal,0,0,65535_65535,2,61,288837,0,1,1,0,0,0,28,1,1,pre_allocation
6,956,greenran_normal,0,0,65535_65535,2,61,288837,4,1,1,1,1,4,28,1,1,allocated
6,956,greenran_normal,0,0,65535_65535,2,38,289301,2,1,1,0,1,0,15,1,1,pre_allocation
6,956,greenran_normal,0,0,65535_65535,2,38,289301,2,1,1,1,2,2,15,1,1,allocated
6,956,greenran_normal,0,0,65535_65535,2,60,289128,2,1,1,0,1,0,14,1,1,pre_allocation
6,956,greenran_normal,0,0,65535_65535,2,60,289128,2,1,1,1,2,2,14,1,1,allocated
6,956,greenran_normal,0,0,65535_65535,2,43,289085,0,1,1,0,1,0,18,1,1,pre_allocation
6,956,greenran_normal,0,0,65535_65535,2,43,289085,4,1,1,1,2,4,18,1,1,allocated
6,956,greenran_normal,0,0,65535_65535,2,64,289108,0,1,1,0,1,0,18,1,1,pre_allocation
6,956,greenran_normal,0,0,65535_65535,2,64,289108,4,1,1,1,2,4,18,1,1,allocated
6,956,greenran_normal,0,0,65535_65535,2,42,288929,3,1,1,0,1,0,24,1,1,pre_allocation
6,956,greenran_normal,0,0,65535_65535,2,42,288929,9,1,1,1,2,9,24,1,1,allocated
6,956,greenran_normal,0,0,65535_65535,2,36,288879,4,1,1,0,1,0,28,1,1,pre_allocation
6,956,greenran_normal,0,0,65535_65535,2,36,288879,12,1,1,1,2,12,28,1,1,allocated
6,956,greenran_normal,0,0,65535_65535,2,58,288909,4,1,1,0,1,0,26,1,1,pre_allocation
6,956,greenran_normal,0,0,65535_65535,2,58,288909,11,1,1,1,2,11,26,1,1,allocated
6,956,greenran_normal,0,0,65535_65535,2,35,288840,4,1,1,0,1,0,28,1,1,pre_allocation
6,956,greenran_normal,0,0,65535_65535,2,35,288840,12,1,1,1,2,12,28,1,1,allocated
6,956,greenran_normal,0,0,65535_65535,2,44,288840,4,1,1,0,1,0,28,1,1,pre_allocation
6,956,greenran_normal,0,0,65535_65535,2,44,288840,12,1,1,1,2,12,28,1,1,allocated
6,956,greenran_normal,0,0,65535_65535,2,55,288840,4,1,1,0,1,0,28,1,1,pre_allocation
6,956,greenran_normal,0,0,65535_65535,2,55,288840,12,1,1,1,2,12,28,1,1,allocated
6,956,greenran_normal,0,0,65535_65535,2,56,288840,4,1,1,0,1,0,28,1,1,pre_allocation
6,956,greenran_normal,0,0,65535_65535,2,56,288840,12,1,1,1,2,12,28,1,1,allocated
6,956,greenran_normal,0,0,65535_65535,2,57,288840,4,1,1,0,1,0,28,1,1,pre_allocation
6,956,greenran_normal,0,0,65535_65535,2,57,288840,12,1,1,1,2,12,28,1,1,allocated
6,956,greenran_normal,0,0,65535_65535,2,37,288842,4,1,1,0,1,0,28,1,1,pre_allocation
6,956,greenran_normal,0,0,65535_65535,2,37,288842,12,1,1,1,2,12,28,1,1,allocated
6,956,greenran_normal,0,0,65535_65535,2,39,288842,4,1,1,0,1,0,28,1,1,pre_allocation
6,956,greenran_normal,0,0,65535_65535,2,39,288842,12,1,1,1,2,12,28,1,1,allocated
6,956,greenran_normal,0,0,65535_65535,2,40,288842,4,1,1,0,1,0,28,1,1,pre_allocation
6,956,greenran_normal,0,0,65535_65535,2,40,288842,12,1,1,1,2,12,28,1,1,allocated
6,956,greenran_normal,0,0,65535_65535,2,41,288842,4,1,1,0,1,0,28,1,1,pre_allocation
6,956,greenran_normal,0,0,65535_65535,2,41,288842,12,1,1,1,2,12,28,1,1,allocated
6,956,greenran_normal,0,0,65535_65535,2,59,288872,4,1,1,0,1,0,28,1,1,pre_allocation
6,956,greenran_normal,0,0,65535_65535,2,59,288872,12,1,1,1,2,12,28,1,1,allocated
6,956,greenran_normal,0,0,65535_65535,2,63,288837,4,1,1,0,1,0,28,1,1,pre_allocation
6,956,greenran_normal,0,0,65535_65535,2,63,288837,12,1,1,1,2,12,28,1,1,allocated
6,956,greenran_normal,0,0,65535_65535,2,62,288837,4,1,1,0,1,0,28,1,1,pre_allocation
6,956,greenran_normal,0,0,65535_65535,2,62,288837,12,1,1,1,2,12,28,1,1,allocated
6,956,greenran_normal,0,0,65535_65535,2,61,288837,4,1,1,0,1,0,28,1,1,pre_allocation
6,956,greenran_normal,0,0,65535_65535,2,61,288837,12,1,1,1,2,12,28,1,1,allocated
6,956,greenran_normal,0,0,65535_65535,2,38,289301,2,1,1,0,2,0,15,1,1,pre_allocation
6,956,greenran_normal,0,0,65535_65535,2,38,289301,5,1,1,1,3,5,15,1,1,allocated
6,956,greenran_normal,0,0,65535_65535,2,60,289128,2,1,1,0,2,0,14,1,1,pre_allocation
6,956,greenran_normal,0,0,65535_65535,2,60,289128,4,1,1,1,3,4,14,1,1,allocated
6,956,greenran_normal,0,0,65535_65535,2,43,289085,4,1,1,0,2,0,18,1,1,pre_allocation
6,956,greenran_normal,0,0,65535_65535,2,43,289085,8,1,1,1,3,8,18,1,1,allocated
6,956,greenran_normal,0,0,65535_65535,2,64,289108,4,1,1,0,2,0,18,1,1,pre_allocation
6,956,greenran_normal,0,0,65535_65535,2,64,289108,8,1,1,1,3,8,18,1,1,allocated
6,956,greenran_normal,0,0,65535_65535,2,42,288929,9,1,1,0,2,0,24,1,1,pre_allocation
6,956,greenran_normal,0,0,65535_65535,2,42,288929,15,1,1,1,3,15,24,1,1,allocated
6,956,greenran_normal,0,0,65535_65535,2,36,288879,12,1,1,0,2,0,28,1,1,pre_allocation
6,956,greenran_normal,0,0,65535_65535,2,36,288879,19,1,1,1,3,19,28,1,1,allocated
6,956,greenran_normal,0,0,65535_65535,2,58,288909,11,1,1,0,2,0,26,1,1,pre_allocation
6,956,greenran_normal,0,0,65535_65535,2,58,288909,18,1,1,1,3,18,26,1,1,allocated
6,956,greenran_normal,0,0,65535_65535,2,35,288840,12,1,1,0,2,0,28,1,1,pre_allocation
6,956,greenran_normal,0,0,65535_65535,2,35,288840,19,1,1,1,3,19,28,1,1,allocated
6,956,greenran_normal,0,0,65535_65535,2,44,288840,12,1,1,0,2,0,28,1,1,pre_allocation
6,956,greenran_normal,0,0,65535_65535,2,44,288840,19,1,1,1,3,19,28,1,1,allocated
6,956,greenran_normal,0,0,65535_65535,2,55,288840,12,1,1,0,2,0,28,1,1,pre_allocation
6,956,greenran_normal,0,0,65535_65535,2,55,288840,19,1,1,1,3,19,28,1,1,allocated
6,956,greenran_normal,0,0,65535_65535,2,56,288840,12,1,1,0,2,0,28,1,1,pre_allocation
6,956,greenran_normal,0,0,65535_65535,2,56,288840,19,1,1,1,3,19,28,1,1,allocated
6,956,greenran_normal,0,0,65535_65535,2,57,288840,12,1,1,0,2,0,28,1,1,pre_allocation
6,956,greenran_normal,0,0,65535_65535,2,57,288840,19,1,1,1,3,19,28,1,1,allocated
6,956,greenran_normal,0,0,65535_65535,2,37,288842,12,1,1,0,2,0,28,1,1,pre_allocation
6,956,greenran_normal,0,0,65535_65535,2,37,288842,19,1,1,1,3,19,28,1,1,allocated
6,956,greenran_normal,0,0,65535_65535,2,39,288842,12,1,1,0,2,0,28,1,1,pre_allocation
6,956,greenran_normal,0,0,65535_65535,2,39,288842,19,1,1,1,3,19,28,1,1,allocated
6,956,greenran_normal,0,0,65535_65535,2,40,288842,12,1,1,0,2,0,28,1,1,pre_allocation
6,956,greenran_normal,0,0,65535_65535,2,40,288842,19,1,1,1,3,19,28,1,1,allocated
6,956,greenran_normal,0,0,65535_65535,2,41,288842,12,1,1,0,2,0,28,1,1,pre_allocation
6,956,greenran_normal,0,0,65535_65535,2,41,288842,19,1,1,1,3,19,28,1,1,allocated
6,956,greenran_normal,0,0,65535_65535,2,59,288872,12,1,1,0,2,0,28,1,1,pre_allocation
6,956,greenran_normal,0,0,65535_65535,2,59,288872,19,1,1,1,3,19,28,1,1,allocated
6,956,greenran_normal,0,0,65535_65535,2,63,288837,12,1,1,0,2,0,28,1,1,pre_allocation
6,956,greenran_normal,0,0,65535_65535,2,63,288837,19,1,1,1,3,19,28,1,1,allocated
6,956,greenran_normal,0,0,65535_65535,2,62,288837,12,1,1,0,2,0,28,1,1,pre_allocation
6,956,greenran_normal,0,0,65535_65535,2,62,288837,19,1,1,1,3,19,28,1,1,allocated
6,956,greenran_normal,0,0,65535_65535,2,61,288837,12,1,1,0,2,0,28,1,1,pre_allocation
6,956,greenran_normal,0,0,65535_65535,2,61,288837,19,1,1,1,3,19,28,1,1,allocated
6,956,greenran_normal,0,0,65535_65535,2,38,289301,5,1,1,0,3,0,15,1,1,pre_allocation
6,956,greenran_normal,0,0,65535_65535,2,38,289301,8,1,1,1,4,8,15,1,1,allocated
6,956,greenran_normal,0,0,65535_65535,2,60,289128,4,1,1,0,3,0,14,1,1,pre_allocation
6,956,greenran_normal,0,0,65535_65535,2,60,289128,7,1,1,1,4,7,14,1,1,allocated
6,956,greenran_normal,0,0,65535_65535,2,43,289085,8,1,1,0,3,0,18,1,1,pre_allocation
6,956,greenran_normal,0,0,65535_65535,2,43,289085,11,1,1,1,4,11,18,1,1,allocated
6,956,greenran_normal,0,0,65535_65535,2,64,289108,8,1,1,0,3,0,18,1,1,pre_allocation
6,956,greenran_normal,0,0,65535_65535,2,64,289108,11,1,1,1,4,11,18,1,1,allocated
6,956,greenran_normal,0,0,65535_65535,2,42,288929,15,1,1,0,3,0,24,1,1,pre_allocation
6,956,greenran_normal,0,0,65535_65535,2,42,288929,21,1,1,1,4,21,24,1,1,allocated
6,956,greenran_normal,0,0,65535_65535,2,36,288879,19,1,1,0,3,0,28,1,1,pre_allocation
6,956,greenran_normal,0,0,65535_65535,2,36,288879,27,1,1,1,4,27,28,1,1,allocated
6,956,greenran_normal,0,0,65535_65535,2,58,288909,18,1,1,0,3,0,26,1,1,pre_allocation
6,956,greenran_normal,0,0,65535_65535,2,58,288909,25,1,1,1,4,25,26,1,1,allocated
6,956,greenran_normal,0,0,65535_65535,2,35,288840,19,1,1,0,3,0,28,1,1,pre_allocation
6,956,greenran_normal,0,0,65535_65535,2,35,288840,27,1,1,1,4,27,28,1,1,allocated
6,956,greenran_normal,0,0,65535_65535,2,44,288840,19,1,1,0,3,0,28,1,1,pre_allocation
6,956,greenran_normal,0,0,65535_65535,2,44,288840,27,1,1,1,4,27,28,1,1,allocated
6,956,greenran_normal,0,0,65535_65535,2,55,288840,19,1,1,0,3,0,28,1,1,pre_allocation
6,956,greenran_normal,0,0,65535_65535,2,55,288840,27,1,1,1,4,27,28,1,1,allocated
6,956,greenran_normal,0,0,65535_65535,2,56,288840,19,1,1,0,3,0,28,1,1,pre_allocation
6,956,greenran_normal,0,0,65535_65535,2,56,288840,27,1,1,1,4,27,28,1,1,allocated
6,956,greenran_normal,0,0,65535_65535,2,57,288840,19,1,1,0,3,0,28,1,1,pre_allocation
6,956,greenran_normal,0,0,65535_65535,2,57,288840,27,1,1,1,4,27,28,1,1,allocated
6,956,greenran_normal,0,0,65535_65535,2,37,288842,19,1,1,0,3,0,28,1,1,pre_allocation
6,956,greenran_normal,0,0,65535_65535,2,37,288842,27,1,1,1,4,27,28,1,1,allocated
6,956,greenran_normal,0,0,65535_65535,2,39,288842,19,1,1,0,3,0,28,1,1,pre_allocation
6,956,greenran_normal,0,0,65535_65535,2,39,288842,27,1,1,1,4,27,28,1,1,allocated
6,956,greenran_normal,0,0,65535_65535,2,40,288842,19,1,1,0,3,0,28,1,1,pre_allocation
6,956,greenran_normal,0,0,65535_65535,2,40,288842,27,1,1,1,4,27,28,1,1,allocated
6,956,greenran_normal,0,0,65535_65535,2,41,288842,19,1,1,0,3,0,28,1,1,pre_allocation
6,956,greenran_normal,0,0,65535_65535,2,41,288842,27,1,1,1,4,27,28,1,1,allocated
6,956,greenran_normal,0,0,65535_65535,2,59,288872,19,1,1,0,3,0,28,1,1,pre_allocation
6,956,greenran_normal,0,0,65535_65535,2,59,288872,27,1,1,1,4,27,28,1,1,allocated
6,956,greenran_normal,0,0,65535_65535,2,63,288837,19,1,1,0,3,0,28,1,1,pre_allocation
6,956,greenran_normal,0,0,65535_65535,2,63,288837,27,1,1,1,4,27,28,1,1,allocated
6,956,greenran_normal,0,0,65535_65535,2,62,288837,19,1,1,0,3,0,28,1,1,pre_allocation
6,956,greenran_normal,0,0,65535_65535,2,62,288837,27,1,1,1,4,27,28,1,1,allocated
6,956,greenran_normal,0,0,65535_65535,2,61,288837,19,1,1,0,3,0,28,1,1,pre_allocation
6,956,greenran_normal,0,0,65535_65535,2,61,288837,27,1,1,1,4,27,28,1,1,allocated
6,956,greenran_normal,0,0,65535_65535,2,38,289301,8,1,1,0,4,0,15,1,1,pre_allocation
6,956,greenran_normal,0,0,65535_65535,2,38,289301,11,1,1,1,5,11,15,1,1,allocated
6,956,greenran_normal,0,0,65535_65535,2,60,289128,7,1,1,0,4,0,14,1,1,pre_allocation
6,956,greenran_normal,0,0,65535_65535,2,60,289128,10,1,1,1,5,10,14,1,1,allocated
6,956,greenran_normal,0,0,65535_65535,2,43,289085,11,1,1,0,4,0,18,1,1,pre_allocation
6,956,greenran_normal,0,0,65535_65535,2,43,289085,15,1,1,1,5,15,18,1,1,allocated
6,956,greenran_normal,0,0,65535_65535,2,64,289108,11,1,1,0,4,0,18,1,1,pre_allocation
6,956,greenran_normal,0,0,65535_65535,2,64,289108,15,1,1,1,5,15,18,1,1,allocated
6,956,greenran_normal,0,0,65535_65535,2,42,288929,21,1,1,0,4,0,24,1,1,pre_allocation
6,956,greenran_normal,0,0,65535_65535,2,42,288929,27,1,1,1,5,27,24,1,1,allocated
6,956,greenran_normal,0,0,65535_65535,2,36,288879,27,1,1,0,4,0,28,1,1,pre_allocation
6,956,greenran_normal,0,0,65535_65535,2,36,288879,34,1,1,1,5,34,28,1,1,allocated
6,956,greenran_normal,0,0,65535_65535,2,58,288909,25,1,1,0,4,0,26,1,1,pre_allocation
6,956,greenran_normal,0,0,65535_65535,2,58,288909,32,1,1,1,5,32,26,1,1,allocated
6,956,greenran_normal,0,0,65535_65535,2,35,288840,27,1,1,0,4,0,28,1,1,pre_allocation
6,956,greenran_normal,0,0,65535_65535,2,35,288840,34,1,1,1,5,34,28,1,1,allocated
6,956,greenran_normal,0,0,65535_65535,2,44,288840,27,1,1,0,4,0,28,1,1,pre_allocation
6,956,greenran_normal,0,0,65535_65535,2,44,288840,34,1,1,1,5,34,28,1,1,allocated
6,956,greenran_normal,0,0,65535_65535,2,55,288840,27,1,1,0,4,0,28,1,1,pre_allocation
6,956,greenran_normal,0,0,65535_65535,2,55,288840,34,1,1,1,5,34,28,1,1,allocated
6,956,greenran_normal,0,0,65535_65535,2,56,288840,27,1,1,0,4,0,28,1,1,pre_allocation
6,956,greenran_normal,0,0,65535_65535,2,56,288840,34,1,1,1,5,34,28,1,1,allocated
6,956,greenran_normal,0,0,65535_65535,2,57,288840,27,1,1,0,4,0,28,1,1,pre_allocation
6,956,greenran_normal,0,0,65535_65535,2,57,288840,34,1,1,1,5,34,28,1,1,allocated
6,956,greenran_normal,0,0,65535_65535,2,37,288842,27,1,1,0,4,0,28,1,1,pre_allocation
6,956,greenran_normal,0,0,65535_65535,2,37,288842,34,1,1,1,5,34,28,1,1,allocated
6,956,greenran_normal,0,0,65535_65535,2,39,288842,27,1,1,0,4,0,28,1,1,pre_allocation
6,956,greenran_normal,0,0,65535_65535,2,39,288842,34,1,1,1,5,34,28,1,1,allocated
6,956,greenran_normal,0,0,65535_65535,2,40,288842,27,1,1,0,4,0,28,1,1,pre_allocation
6,956,greenran_normal,0,0,65535_65535,2,40,288842,34,1,1,1,5,34,28,1,1,allocated
6,956,greenran_normal,0,0,65535_65535,2,41,288842,27,1,1,0,4,0,28,1,1,pre_allocation
6,956,greenran_normal,0,0,65535_65535,2,41,288842,34,1,1,1,5,34,28,1,1,allocated
6,956,greenran_normal,0,0,65535_65535,2,59,288872,27,1,1,0,4,0,28,1,1,pre_allocation
6,956,greenran_normal,0,0,65535_65535,2,59,288872,34,1,1,1,5,34,28,1,1,allocated
6,956,greenran_normal,0,0,65535_65535,2,63,288837,27,1,1,0,4,0,28,1,1,pre_allocation
6,956,greenran_normal,0,0,65535_65535,2,63,288837,34,1,1,1,5,34,28,1,1,allocated
6,956,greenran_normal,0,0,65535_65535,2,62,288837,27,1,1,0,4,0,28,1,1,pre_allocation
6,956,greenran_normal,0,0,65535_65535,2,62,288837,34,1,1,1,5,34,28,1,1,allocated
6,956,greenran_normal,0,0,65535_65535,2,61,288837,27,1,1,0,4,0,28,1,1,pre_allocation
6,956,greenran_normal,0,0,65535_65535,2,61,288837,34,1,1,1,5,34,28,1,1,allocated
6,956,greenran_normal,0,0,65535_65535,2,38,289301,11,1,1,0,5,0,15,1,1,pre_allocation
6,956,greenran_normal,0,0,65535_65535,2,38,289301,14,1,1,1,6,14,15,1,1,allocated
6,956,greenran_normal,0,0,65535_65535,2,60,289128,10,1,1,0,5,0,14,1,1,pre_allocation
6,956,greenran_normal,0,0,65535_65535,2,60,289128,12,1,1,1,6,12,14,1,1,allocated
6,956,greenran_normal,0,0,65535_65535,2,43,289085,15,1,1,0,5,0,18,1,1,pre_allocation
6,956,greenran_normal,0,0,65535_65535,2,43,289085,19,1,1,1,6,19,18,1,1,allocated
6,956,greenran_normal,0,0,65535_65535,2,64,289108,15,1,1,0,5,0,18,1,1,pre_allocation
6,956,greenran_normal,0,0,65535_65535,2,64,289108,19,1,1,1,6,19,18,1,1,allocated
6,956,greenran_normal,0,0,65535_65535,2,42,288929,27,1,1,0,5,0,24,1,1,pre_allocation
6,956,greenran_normal,0,0,65535_65535,2,42,288929,34,1,1,1,6,34,24,1,1,allocated
6,956,greenran_normal,0,0,65535_65535,2,36,288879,34,1,1,0,5,0,28,1,1,pre_allocation
6,956,greenran_normal,0,0,65535_65535,2,36,288879,42,1,1,1,6,42,28,1,1,allocated
6,956,greenran_normal,0,0,65535_65535,2,58,288909,32,1,1,0,5,0,26,1,1,pre_allocation
6,956,greenran_normal,0,0,65535_65535,2,58,288909,39,1,1,1,6,39,26,1,1,allocated
6,956,greenran_normal,0,0,65535_65535,2,35,288840,34,1,1,0,5,0,28,1,1,pre_allocation
6,956,greenran_normal,0,0,65535_65535,2,35,288840,42,1,1,1,6,42,28,1,1,allocated
6,956,greenran_normal,0,0,65535_65535,2,44,288840,34,1,1,0,5,0,28,1,1,pre_allocation
6,956,greenran_normal,0,0,65535_65535,2,44,288840,42,1,1,1,6,42,28,1,1,allocated
6,956,greenran_normal,0,0,65535_65535,2,55,288840,34,1,1,0,5,0,28,1,1,pre_allocation
6,956,greenran_normal,0,0,65535_65535,2,55,288840,42,1,1,1,6,42,28,1,1,allocated
6,956,greenran_normal,0,0,65535_65535,2,56,288840,34,1,1,0,5,0,28,1,1,pre_allocation
6,956,greenran_normal,0,0,65535_65535,2,56,288840,42,1,1,1,6,42,28,1,1,allocated
6,956,greenran_normal,0,0,65535_65535,2,57,288840,34,1,1,0,5,0,28,1,1,pre_allocation
6,956,greenran_normal,0,0,65535_65535,2,57,288840,42,1,1,1,6,42,28,1,1,allocated
6,956,greenran_normal,0,0,65535_65535,2,37,288842,34,1,1,0,5,0,28,1,1,pre_allocation
6,956,greenran_normal,0,0,65535_65535,2,37,288842,42,1,1,1,6,42,28,1,1,allocated
6,956,greenran_normal,0,0,65535_65535,2,39,288842,34,1,1,0,5,0,28,1,1,pre_allocation
6,956,greenran_normal,0,0,65535_65535,2,39,288842,42,1,1,1,6,42,28,1,1,allocated
6,956,greenran_normal,0,0,65535_65535,2,40,288842,34,1,1,0,5,0,28,1,1,pre_allocation
6,956,greenran_normal,0,0,65535_65535,2,40,288842,42,1,1,1,6,42,28,1,1,allocated
6,956,greenran_normal,0,0,65535_65535,2,41,288842,34,1,1,0,5,0,28,1,1,pre_allocation
6,956,greenran_normal,0,0,65535_65535,2,41,288842,42,1,1,1,6,42,28,1,1,allocated
6,956,greenran_normal,0,0,65535_65535,2,59,288872,34,1,1,0,5,0,28,1,1,pre_allocation
6,956,greenran_normal,0,0,65535_65535,2,59,288872,42,1,1,1,6,42,28,1,1,allocated
6,956,greenran_normal,0,0,65535_65535,2,63,288837,34,1,1,0,5,0,28,1,1,pre_allocation
6,956,greenran_normal,0,0,65535_65535,2,63,288837,42,1,1,1,6,42,28,1,1,allocated
6,956,greenran_normal,0,0,65535_65535,2,62,288837,34,1,1,0,5,0,28,1,1,pre_allocation
6,956,greenran_normal,0,0,65535_65535,2,62,288837,42,1,1,1,6,42,28,1,1,allocated
6,956,greenran_normal,0,0,65535_65535,2,61,288837,34,1,1,0,5,0,28,1,1,pre_allocation
6,956,greenran_normal,0,0,65535_65535,2,61,288837,42,1,1,1,6,42,28,1,1,allocated
6,956,greenran_normal,0,0,65535_65535,2,38,289301,14,1,1,0,6,0,15,1,1,pre_allocation
6,956,greenran_normal,0,0,65535_65535,2,38,289301,17,1,1,1,7,17,15,1,1,allocated
6,956,greenran_normal,0,0,65535_65535,2,60,289128,12,1,1,0,6,0,14,1,1,pre_allocation
6,956,greenran_normal,0,0,65535_65535,2,60,289128,15,1,1,1,7,15,14,1,1,allocated
6,956,greenran_normal,0,0,65535_65535,2,43,289085,19,1,1,0,6,0,18,1,1,pre_allocation
6,956,greenran_normal,0,0,65535_65535,2,43,289085,22,1,1,1,7,22,18,1,1,allocated
6,956,greenran_normal,0,0,65535_65535,2,64,289108,19,1,1,0,6,0,18,1,1,pre_allocation
6,956,greenran_normal,0,0,65535_65535,2,64,289108,22,1,1,1,7,22,18,1,1,allocated
7,1528,greenran_normal,0,0,65535_65535,0,4,21379,0,1,1,0,0,0,22,1,1,pre_allocation
7,1528,greenran_normal,0,0,65535_65535,0,4,21379,2,1,1,1,1,2,22,1,1,allocated
7,1528,greenran_normal,0,0,65535_65535,0,3,21317,0,1,1,0,0,0,28,1,1,pre_allocation
7,1528,greenran_normal,0,0,65535_65535,0,3,21317,4,1,1,1,1,4,28,1,1,allocated
7,1528,greenran_normal,0,0,65535_65535,0,5,21317,0,1,1,0,0,0,28,1,1,pre_allocation
7,1528,greenran_normal,0,0,65535_65535,0,5,21317,4,1,1,1,1,4,28,1,1,allocated
7,1528,greenran_normal,0,0,65535_65535,0,1,21309,0,1,1,0,0,0,28,1,1,pre_allocation
7,1528,greenran_normal,0,0,65535_65535,0,1,21309,4,1,1,1,1,4,28,1,1,allocated
7,1528,greenran_normal,0,0,65535_65535,0,2,21309,0,1,1,0,0,0,28,1,1,pre_allocation
7,1528,greenran_normal,0,0,65535_65535,0,2,21309,4,1,1,1,1,4,28,1,1,allocated
7,1528,greenran_normal,0,0,65535_65535,0,4,21379,2,1,1,0,1,0,22,1,1,pre_allocation
7,1528,greenran_normal,0,0,65535_65535,0,4,21379,7,1,1,1,2,7,22,1,1,allocated
7,1528,greenran_normal,0,0,65535_65535,0,3,21317,4,1,1,0,1,0,28,1,1,pre_allocation
7,1528,greenran_normal,0,0,65535_65535,0,3,21317,12,1,1,1,2,12,28,1,1,allocated
7,1528,greenran_normal,0,0,65535_65535,0,5,21317,4,1,1,0,1,0,28,1,1,pre_allocation
7,1528,greenran_normal,0,0,65535_65535,0,5,21317,12,1,1,1,2,12,28,1,1,allocated
7,1528,greenran_normal,0,0,65535_65535,0,1,21309,4,1,1,0,1,0,28,1,1,pre_allocation
7,1528,greenran_normal,0,0,65535_65535,0,1,21309,12,1,1,1,2,12,28,1,1,allocated
7,1528,greenran_normal,0,0,65535_65535,0,2,21309,4,1,1,0,1,0,28,1,1,pre_allocation
7,1528,greenran_normal,0,0,65535_65535,0,2,21309,12,1,1,1,2,12,28,1,1,allocated
7,1528,greenran_normal,0,0,65535_65535,0,4,21379,7,1,1,0,2,0,22,1,1,pre_allocation
7,1528,greenran_normal,0,0,65535_65535,0,4,21379,13,1,1,1,3,13,22,1,1,allocated
7,1528,greenran_normal,0,0,65535_65535,0,3,21317,12,1,1,0,2,0,28,1,1,pre_allocation
7,1528,greenran_normal,0,0,65535_65535,0,3,21317,19,1,1,1,3,19,28,1,1,allocated
7,1528,greenran_normal,0,0,65535_65535,0,5,21317,12,1,1,0,2,0,28,1,1,pre_allocation
7,1528,greenran_normal,0,0,65535_65535,0,5,21317,19,1,1,1,3,19,28,1,1,allocated
7,1528,greenran_normal,0,0,65535_65535,0,1,21309,12,1,1,0,2,0,28,1,1,pre_allocation
7,1528,greenran_normal,0,0,65535_65535,0,1,21309,19,1,1,1,3,19,28,1,1,allocated
7,1528,greenran_normal,0,0,65535_65535,0,2,21309,12,1,1,0,2,0,28,1,1,pre_allocation
7,1528,greenran_normal,0,0,65535_65535,0,2,21309,19,1,1,1,3,19,28,1,1,allocated
7,1528,greenran_normal,0,0,65535_65535,0,4,21379,13,1,1,0,3,0,22,1,1,pre_allocation
7,1528,greenran_normal,0,0,65535_65535,0,4,21379,18,1,1,1,4,18,22,1,1,allocated
7,1528,greenran_normal,0,0,65535_65535,0,3,21317,19,1,1,0,3,0,28,1,1,pre_allocation
7,1528,greenran_normal,0,0,65535_65535,0,3,21317,27,1,1,1,4,27,28,1,1,allocated
7,1528,greenran_normal,0,0,65535_65535,0,5,21317,19,1,1,0,3,0,28,1,1,pre_allocation
7,1528,greenran_normal,0,0,65535_65535,0,5,21317,27,1,1,1,4,27,28,1,1,allocated
7,1528,greenran_normal,0,0,65535_65535,0,1,21309,19,1,1,0,3,0,28,1,1,pre_allocation
7,1528,greenran_normal,0,0,65535_65535,0,1,21309,27,1,1,1,4,27,28,1,1,allocated
7,1528,greenran_normal,0,0,65535_65535,0,2,21309,19,1,1,0,3,0,28,1,1,pre_allocation
7,1528,greenran_normal,0,0,65535_65535,0,2,21309,27,1,1,1,4,27,28,1,1,allocated
7,1528,greenran_normal,0,0,65535_65535,0,4,21379,18,1,1,0,4,0,22,1,1,pre_allocation
7,1528,greenran_normal,0,0,65535_65535,0,4,21379,23,1,1,1,5,23,22,1,1,allocated
7,1528,greenran_normal,0,0,65535_65535,0,3,21317,27,1,1,0,4,0,28,1,1,pre_allocation
7,1528,greenran_normal,0,0,65535_65535,0,3,21317,34,1,1,1,5,34,28,1,1,allocated
7,1528,greenran_normal,0,0,65535_65535,0,5,21317,27,1,1,0,4,0,28,1,1,pre_allocation
7,1528,greenran_normal,0,0,65535_65535,0,5,21317,34,1,1,1,5,34,28,1,1,allocated
7,1528,greenran_normal,0,0,65535_65535,0,1,21309,27,1,1,0,4,0,28,1,1,pre_allocation
7,1528,greenran_normal,0,0,65535_65535,0,1,21309,34,1,1,1,5,34,28,1,1,allocated
7,1528,greenran_normal,0,0,65535_65535,0,2,21309,27,1,1,0,4,0,28,1,1,pre_allocation
7,1528,greenran_normal,0,0,65535_65535,0,2,21309,34,1,1,1,5,34,28,1,1,allocated
7,1528,greenran_normal,0,0,65535_65535,0,4,21379,23,1,1,0,5,0,22,1,1,pre_allocation
7,1528,greenran_normal,0,0,65535_65535,0,4,21379,29,1,1,1,6,29,22,1,1,allocated
7,1528,greenran_normal,0,0,65535_65535,0,3,21317,34,1,1,0,5,0,28,1,1,pre_allocation
7,1528,greenran_normal,0,0,65535_65535,0,3,21317,42,1,1,1,6,42,28,1,1,allocated
7,1528,greenran_normal,0,0,65535_65535,0,5,21317,34,1,1,0,5,0,28,1,1,pre_allocation
7,1528,greenran_normal,0,0,65535_65535,0,5,21317,42,1,1,1,6,42,28,1,1,allocated
7,1528,greenran_normal,0,0,65535_65535,0,1,21309,34,1,1,0,5,0,28,1,1,pre_allocation
7,1528,greenran_normal,0,0,65535_65535,0,1,21309,42,1,1,1,6,42,28,1,1,allocated
7,1528,greenran_normal,0,0,65535_65535,0,2,21309,34,1,1,0,5,0,28,1,1,pre_allocation
7,1528,greenran_normal,0,0,65535_65535,0,2,21309,42,1,1,1,6,42,28,1,1,allocated
7,1528,greenran_normal,0,0,65535_65535,0,4,21379,29,1,1,0,6,0,22,1,1,pre_allocation
7,1528,greenran_normal,0,0,65535_65535,0,4,21379,34,1,1,1,7,34,22,1,1,allocated
7,1528,greenran_normal,0,0,65535_65535,0,3,21317,42,1,1,0,6,0,28,1,1,pre_allocation
7,1528,greenran_normal,0,0,65535_65535,0,3,21317,50,1,1,1,7,50,28,1,1,allocated
7,1528,greenran_normal,0,0,65535_65535,0,5,21317,42,1,1,0,6,0,28,1,1,pre_allocation
7,1528,greenran_normal,0,0,65535_65535,0,5,21317,50,1,1,1,7,50,28,1,1,allocated
7,1528,greenran_normal,0,0,65535_65535,0,1,21309,42,1,1,0,6,0,28,1,1,pre_allocation
7,1528,greenran_normal,0,0,65535_65535,0,1,21309,50,1,1,1,7,50,28,1,1,allocated
7,1528,greenran_normal,0,0,65535_65535,0,2,21309,42,1,1,0,6,0,28,1,1,pre_allocation
7,1528,greenran_normal,0,0,65535_65535,0,2,21309,50,1,1,1,7,50,28,1,1,allocated
7,1528,greenran_normal,0,0,65535_65535,0,4,21379,34,1,1,0,7,0,22,1,1,pre_allocation
7,1528,greenran_normal,0,0,65535_65535,0,4,21379,39,1,1,1,8,39,22,1,1,allocated
7,1528,greenran_normal,0,0,65535_65535,0,3,21317,50,1,1,0,7,0,28,1,1,pre_allocation
7,1528,greenran_normal,0,0,65535_65535,0,3,21317,57,1,1,1,8,57,28,1,1,allocated
7,1528,greenran_normal,0,0,65535_65535,0,5,21317,50,1,1,0,7,0,28,1,1,pre_allocation
7,1528,greenran_normal,0,0,65535_65535,0,5,21317,57,1,1,1,8,57,28,1,1,allocated
7,1528,greenran_normal,0,0,65535_65535,0,1,21309,50,1,1,0,7,0,28,1,1,pre_allocation
7,1528,greenran_normal,0,0,65535_65535,0,1,21309,57,1,1,1,8,57,28,1,1,allocated
7,1528,greenran_normal,0,0,65535_65535,0,2,21309,50,1,1,0,7,0,28,1,1,pre_allocation
7,1528,greenran_normal,0,0,65535_65535,0,2,21309,57,1,1,1,8,57,28,1,1,allocated
7,1528,greenran_normal,0,0,65535_65535,0,4,21379,39,1,1,0,8,0,22,1,1,pre_allocation
7,1528,greenran_normal,0,0,65535_65535,0,4,21379,45,1,1,1,9,45,22,1,1,allocated
7,1528,greenran_normal,0,0,65535_65535,0,3,21317,57,1,1,0,8,0,28,1,1,pre_allocation
7,1528,greenran_normal,0,0,65535_65535,0,3,21317,65,1,1,1,9,65,28,1,1,allocated
7,1528,greenran_normal,0,0,65535_65535,0,5,21317,57,1,1,0,8,0,28,1,1,pre_allocation
7,1528,greenran_normal,0,0,65535_65535,0,5,21317,65,1,1,1,9,65,28,1,1,allocated
7,1528,greenran_normal,0,0,65535_65535,0,1,21309,57,1,1,0,8,0,28,1,1,pre_allocation
7,1528,greenran_normal,0,0,65535_65535,0,1,21309,65,1,1,1,9,65,28,1,1,allocated
7,1528,greenran_normal,0,0,65535_65535,0,2,21309,57,1,1,0,8,0,28,1,1,pre_allocation
7,1528,greenran_normal,0,0,65535_65535,0,2,21309,65,1,1,1,9,65,28,1,1,allocated
7,1528,greenran_normal,0,0,65535_65535,0,4,21379,45,1,1,0,9,0,22,1,1,pre_allocation
7,1528,greenran_normal,0,0,65535_65535,0,4,21379,50,1,1,1,10,50,22,1,1,allocated
7,1528,greenran_normal,0,0,65535_65535,0,3,21317,65,1,1,0,9,0,28,1,1,pre_allocation
7,1528,greenran_normal,0,0,65535_65535,0,3,21317,72,1,1,1,10,72,28,1,1,allocated
7,1528,greenran_normal,0,0,65535_65535,0,5,21317,65,1,1,0,9,0,28,1,1,pre_allocation
7,1528,greenran_normal,0,0,65535_65535,0,5,21317,72,1,1,1,10,72,28,1,1,allocated
7,1528,greenran_normal,0,0,65535_65535,0,1,21309,65,1,1,0,9,0,28,1,1,pre_allocation
7,1528,greenran_normal,0,0,65535_65535,0,1,21309,72,1,1,1,10,72,28,1,1,allocated
7,1528,greenran_normal,0,0,65535_65535,0,2,21309,65,1,1,0,9,0,28,1,1,pre_allocation
7,1528,greenran_normal,0,0,65535_65535,0,2,21309,72,1,1,1,10,72,28,1,1,allocated
7,1528,greenran_normal,0,0,65535_65535,0,4,21379,50,1,1,0,10,0,22,1,1,pre_allocation
7,1528,greenran_normal,0,0,65535_65535,0,4,21379,55,1,1,1,11,55,22,1,1,allocated
7,1528,greenran_normal,0,0,65535_65535,0,3,21317,72,1,1,0,10,0,28,1,1,pre_allocation
7,1528,greenran_normal,0,0,65535_65535,0,3,21317,80,1,1,1,11,80,28,1,1,allocated
7,1528,greenran_normal,0,0,65535_65535,0,5,21317,72,1,1,0,10,0,28,1,1,pre_allocation
7,1528,greenran_normal,0,0,65535_65535,0,5,21317,80,1,1,1,11,80,28,1,1,allocated
7,1528,greenran_normal,0,0,65535_65535,0,1,21309,72,1,1,0,10,0,28,1,1,pre_allocation
7,1528,greenran_normal,0,0,65535_65535,0,1,21309,80,1,1,1,11,80,28,1,1,allocated
7,1528,greenran_normal,0,0,65535_65535,0,2,21309,72,1,1,0,10,0,28,1,1,pre_allocation
7,1528,greenran_normal,0,0,65535_65535,0,2,21309,80,1,1,1,11,80,28,1,1,allocated
7,1528,greenran_normal,0,0,65535_65535,0,4,21379,55,1,1,0,11,0,22,1,1,pre_allocation
7,1528,greenran_normal,0,0,65535_65535,0,4,21379,61,1,1,1,12,61,22,1,1,allocated
7,1528,greenran_normal,0,0,65535_65535,0,3,21317,80,1,1,0,11,0,28,1,1,pre_allocation
7,1528,greenran_normal,0,0,65535_65535,0,3,21317,88,1,1,1,12,88,28,1,1,allocated
7,1528,greenran_normal,0,0,65535_65535,0,5,21317,80,1,1,0,11,0,28,1,1,pre_allocation
7,1528,greenran_normal,0,0,65535_65535,0,5,21317,88,1,1,1,12,88,28,1,1,allocated
7,1528,greenran_normal,0,0,65535_65535,0,1,21309,80,1,1,0,11,0,28,1,1,pre_allocation
7,1528,greenran_normal,0,0,65535_65535,0,1,21309,88,1,1,1,12,88,28,1,1,allocated
7,1528,greenran_normal,0,0,65535_65535,0,2,21309,80,1,1,0,11,0,28,1,1,pre_allocation
7,1528,greenran_normal,0,0,65535_65535,0,2,21309,88,1,1,1,12,88,28,1,1,allocated
7,1528,greenran_normal,0,0,65535_65535,0,4,21379,61,1,1,0,12,0,22,1,1,pre_allocation
7,1528,greenran_normal,0,0,65535_65535,0,4,21379,66,1,1,1,13,66,22,1,1,allocated
7,1528,greenran_normal,0,0,65535_65535,0,3,21317,88,1,1,0,12,0,28,1,1,pre_allocation
7,1528,greenran_normal,0,0,65535_65535,0,3,21317,95,1,1,1,13,95,28,1,1,allocated
7,1528,greenran_normal,0,0,65535_65535,0,5,21317,88,1,1,0,12,0,28,1,1,pre_allocation
7,1528,greenran_normal,0,0,65535_65535,0,5,21317,95,1,1,1,13,95,28,1,1,allocated
7,1528,greenran_normal,0,0,65535_65535,0,1,21309,88,1,1,0,12,0,28,1,1,pre_allocation
7,1528,greenran_normal,0,0,65535_65535,0,1,21309,95,1,1,1,13,95,28,1,1,allocated
7,1528,greenran_normal,0,0,65535_65535,0,2,21309,88,1,1,0,12,0,28,1,1,pre_allocation
7,1528,greenran_normal,0,0,65535_65535,0,2,21309,95,1,1,1,13,95,28,1,1,allocated
7,1528,greenran_normal,0,0,65535_65535,0,4,21379,66,1,1,0,13,0,22,1,1,pre_allocation
7,1528,greenran_normal,0,0,65535_65535,0,4,21379,72,1,1,1,14,72,22,1,1,allocated
7,1528,greenran_normal,0,0,65535_65535,0,3,21317,95,1,1,0,13,0,28,1,1,pre_allocation
7,1528,greenran_normal,0,0,65535_65535,0,3,21317,103,1,1,1,14,103,28,1,1,allocated
7,1528,greenran_normal,0,0,65535_65535,0,5,21317,95,1,1,0,13,0,28,1,1,pre_allocation
7,1528,greenran_normal,0,0,65535_65535,0,5,21317,103,1,1,1,14,103,28,1,1,allocated
7,1528,greenran_normal,0,0,65535_65535,0,1,21309,95,1,1,0,13,0,28,1,1,pre_allocation
7,1528,greenran_normal,0,0,65535_65535,0,1,21309,103,1,1,1,14,103,28,1,1,allocated
7,1528,greenran_normal,0,0,65535_65535,0,2,21309,95,1,1,0,13,0,28,1,1,pre_allocation
7,1528,greenran_normal,0,0,65535_65535,0,2,21309,103,1,1,1,14,103,28,1,1,allocated
7,1528,greenran_normal,0,0,65535_65535,0,4,21379,72,1,1,0,14,0,22,1,1,pre_allocation
7,1528,greenran_normal,0,0,65535_65535,0,4,21379,77,1,1,1,15,77,22,1,1,allocated
7,1528,greenran_normal,0,0,65535_65535,0,3,21317,103,1,1,0,14,0,28,1,1,pre_allocation
7,1528,greenran_normal,0,0,65535_65535,0,3,21317,110,1,1,1,15,110,28,1,1,allocated
7,1528,greenran_normal,0,0,65535_65535,0,5,21317,103,1,1,0,14,0,28,1,1,pre_allocation
7,1528,greenran_normal,0,0,65535_65535,0,5,21317,110,1,1,1,15,110,28,1,1,allocated
7,1528,greenran_normal,0,0,65535_65535,0,1,21309,103,1,1,0,14,0,28,1,1,pre_allocation
7,1528,greenran_normal,0,0,65535_65535,0,1,21309,110,1,1,1,15,110,28,1,1,allocated
7,1528,greenran_normal,0,0,65535_65535,0,2,21309,103,1,1,0,14,0,28,1,1,pre_allocation
7,1528,greenran_normal,0,0,65535_65535,0,2,21309,110,1,1,1,15,110,28,1,1,allocated
7,1528,greenran_normal,0,0,65535_65535,0,4,21379,77,1,1,0,15,0,22,1,1,pre_allocation
7,1528,greenran_normal,0,0,65535_65535,0,4,21379,82,1,1,1,16,82,22,1,1,allocated
7,1528,greenran_normal,0,0,65535_65535,0,3,21317,110,1,1,0,15,0,28,1,1,pre_allocation
7,1528,greenran_normal,0,0,65535_65535,0,3,21317,118,1,1,1,16,118,28,1,1,allocated
7,1528,greenran_normal,0,0,65535_65535,0,5,21317,110,1,1,0,15,0,28,1,1,pre_allocation
7,1528,greenran_normal,0,0,65535_65535,0,5,21317,118,1,1,1,16,118,28,1,1,allocated
7,1528,greenran_normal,0,0,65535_65535,0,1,21309,110,1,1,0,15,0,28,1,1,pre_allocation
7,1528,greenran_normal,0,0,65535_65535,0,1,21309,118,1,1,1,16,118,28,1,1,allocated
7,1528,greenran_normal,0,0,65535_65535,0,2,21309,110,1,1,0,15,0,28,1,1,pre_allocation
7,1528,greenran_normal,0,0,65535_65535,0,2,21309,118,1,1,1,16,118,28,1,1,allocated
7,1528,greenran_normal,0,0,65535_65535,0,4,21379,82,1,1,0,16,0,22,1,1,pre_allocation
7,1528,greenran_normal,0,0,65535_65535,0,4,21379,88,1,1,1,17,88,22,1,1,allocated
7,1528,greenran_normal,0,0,65535_65535,0,3,21317,118,1,1,0,16,0,28,1,1,pre_allocation
7,1528,greenran_normal,0,0,65535_65535,0,3,21317,126,1,1,1,17,126,28,1,1,allocated
7,1528,greenran_normal,0,0,65535_65535,0,5,21317,118,1,1,0,16,0,28,1,1,pre_allocation
7,1528,greenran_normal,0,0,65535_65535,0,5,21317,126,1,1,1,17,126,28,1,1,allocated
7,1528,greenran_normal,0,0,65535_65535,0,1,21309,118,1,1,0,16,0,28,1,1,pre_allocation
7,1528,greenran_normal,0,0,65535_65535,0,1,21309,126,1,1,1,17,126,28,1,1,allocated
7,1528,greenran_normal,0,0,65535_65535,0,2,21309,118,1,1,0,16,0,28,1,1,pre_allocation
7,1528,greenran_normal,0,0,65535_65535,0,2,21309,126,1,1,1,17,126,28,1,1,allocated
7,1528,greenran_normal,0,0,65535_65535,0,4,21379,88,1,1,0,17,0,22,1,1,pre_allocation
7,1528,greenran_normal,0,0,65535_65535,0,4,21379,93,1,1,1,18,93,22,1,1,allocated
7,1528,greenran_normal,0,0,65535_65535,0,3,21317,126,1,1,0,17,0,28,1,1,pre_allocation
7,1528,greenran_normal,0,0,65535_65535,0,3,21317,133,1,1,1,18,133,28,1,1,allocated
7,1528,greenran_normal,0,0,65535_65535,0,5,21317,126,1,1,0,17,0,28,1,1,pre_allocation
7,1528,greenran_normal,0,0,65535_65535,0,5,21317,133,1,1,1,18,133,28,1,1,allocated
7,1528,greenran_normal,0,0,65535_65535,0,1,21309,126,1,1,0,17,0,28,1,1,pre_allocation
7,1528,greenran_normal,0,0,65535_65535,0,1,21309,133,1,1,1,18,133,28,1,1,allocated
7,1528,greenran_normal,0,0,65535_65535,0,2,21309,126,1,1,0,17,0,28,1,1,pre_allocation
7,1528,greenran_normal,0,0,65535_65535,0,2,21309,133,1,1,1,18,133,28,1,1,allocated
7,1528,greenran_normal,0,0,65535_65535,0,4,21379,93,1,1,0,18,0,22,1,1,pre_allocation
7,1528,greenran_normal,0,0,65535_65535,0,4,21379,98,1,1,1,19,98,22,1,1,allocated
7,1528,greenran_normal,0,0,65535_65535,0,3,21317,133,1,1,0,18,0,28,1,1,pre_allocation
7,1528,greenran_normal,0,0,65535_65535,0,3,21317,141,1,1,1,19,141,28,1,1,allocated
7,1528,greenran_normal,0,0,65535_65535,0,5,21317,133,1,1,0,18,0,28,1,1,pre_allocation
7,1528,greenran_normal,0,0,65535_65535,0,5,21317,141,1,1,1,19,141,28,1,1,allocated
7,1528,greenran_normal,0,0,65535_65535,0,1,21309,133,1,1,0,18,0,28,1,1,pre_allocation
7,1528,greenran_normal,0,0,65535_65535,0,1,21309,141,1,1,1,19,141,28,1,1,allocated
7,1528,greenran_normal,0,0,65535_65535,0,2,21309,133,1,1,0,18,0,28,1,1,pre_allocation
7,1528,greenran_normal,0,0,65535_65535,0,2,21309,141,1,1,1,19,141,28,1,1,allocated
7,1528,greenran_normal,0,0,65535_65535,0,4,21379,98,1,1,0,19,0,22,1,1,pre_allocation
7,1528,greenran_normal,0,0,65535_65535,0,4,21379,104,1,1,1,20,104,22,1,1,allocated
7,1528,greenran_normal,0,0,65535_65535,0,3,21317,141,1,1,0,19,0,28,1,1,pre_allocation
7,1528,greenran_normal,0,0,65535_65535,0,3,21317,148,1,1,1,20,148,28,1,1,allocated
7,1528,greenran_normal,0,0,65535_65535,0,5,21317,141,1,1,0,19,0,28,1,1,pre_allocation
7,1528,greenran_normal,0,0,65535_65535,0,5,21317,148,1,1,1,20,148,28,1,1,allocated
7,1528,greenran_normal,0,0,65535_65535,0,1,21309,141,1,1,0,19,0,28,1,1,pre_allocation
7,1528,greenran_normal,0,0,65535_65535,0,1,21309,148,1,1,1,20,148,28,1,1,allocated
7,1528,greenran_normal,0,0,65535_65535,0,2,21309,141,1,1,0,19,0,28,1,1,pre_allocation
7,1528,greenran_normal,0,0,65535_65535,0,2,21309,148,1,1,1,20,148,28,1,1,allocated
7,1528,greenran_normal,0,0,65535_65535,0,4,21379,104,1,1,0,20,0,22,1,1,pre_allocation
7,1528,greenran_normal,0,0,65535_65535,0,4,21379,109,1,1,1,21,109,22,1,1,allocated
7,1528,greenran_normal,0,0,65535_65535,0,3,21317,148,1,1,0,20,0,28,1,1,pre_allocation
7,1528,greenran_normal,0,0,65535_65535,0,3,21317,156,1,1,1,21,156,28,1,1,allocated
7,1528,greenran_normal,0,0,65535_65535,0,5,21317,148,1,1,0,20,0,28,1,1,pre_allocation
7,1528,greenran_normal,0,0,65535_65535,0,5,21317,156,1,1,1,21,156,28,1,1,allocated
7,1528,greenran_normal,0,0,65535_65535,0,1,21309,148,1,1,0,20,0,28,1,1,pre_allocation
7,1528,greenran_normal,0,0,65535_65535,0,1,21309,156,1,1,1,21,156,28,1,1,allocated
7,1528,greenran_normal,0,0,65535_65535,0,2,21309,148,1,1,0,20,0,28,1,1,pre_allocation
7,1528,greenran_normal,0,0,65535_65535,0,2,21309,156,1,1,1,21,156,28,1,1,allocated
7,1528,greenran_normal,0,0,65535_65535,0,4,21379,109,1,1,0,21,0,22,1,1,pre_allocation
7,1528,greenran_normal,0,0,65535_65535,0,4,21379,114,1,1,1,22,114,22,1,1,allocated
7,1528,greenran_normal,0,0,65535_65535,0,3,21317,156,1,1,0,21,0,28,1,1,pre_allocation
7,1528,greenran_normal,0,0,65535_65535,0,3,21317,163,1,1,1,22,163,28,1,1,allocated
7,1528,greenran_normal,0,0,65535_65535,0,5,21317,156,1,1,0,21,0,28,1,1,pre_allocation
7,1528,greenran_normal,0,0,65535_65535,0,5,21317,163,1,1,1,22,163,28,1,1,allocated
7,1528,greenran_normal,0,0,65535_65535,0,1,21309,156,1,1,0,21,0,28,1,1,pre_allocation
7,1528,greenran_normal,0,0,65535_65535,0,1,21309,163,1,1,1,22,163,28,1,1,allocated
7,1528,greenran_normal,0,0,65535_65535,0,2,21309,156,1,1,0,21,0,28,1,1,pre_allocation
7,1528,greenran_normal,0,0,65535_65535,0,2,21309,163,1,1,1,22,163,28,1,1,allocated
7,1528,greenran_normal,0,0,65535_65535,0,4,21379,114,1,1,0,22,0,22,1,1,pre_allocation
7,1528,greenran_normal,0,0,65535_65535,0,4,21379,120,1,1,1,23,120,22,1,1,allocated
7,1528,greenran_normal,0,0,65535_65535,0,3,21317,163,1,1,0,22,0,28,1,1,pre_allocation
7,1528,greenran_normal,0,0,65535_65535,0,3,21317,171,1,1,1,23,171,28,1,1,allocated
7,1528,greenran_normal,0,0,65535_65535,0,5,21317,163,1,1,0,22,0,28,1,1,pre_allocation
7,1528,greenran_normal,0,0,65535_65535,0,5,21317,171,1,1,1,23,171,28,1,1,allocated
7,1528,greenran_normal,0,0,65535_65535,0,1,21309,163,1,1,0,22,0,28,1,1,pre_allocation
7,1528,greenran_normal,0,0,65535_65535,0,1,21309,171,1,1,1,23,171,28,1,1,allocated
7,1528,greenran_normal,0,0,65535_65535,0,2,21309,163,1,1,0,22,0,28,1,1,pre_allocation
7,1528,greenran_normal,0,0,65535_65535,0,2,21309,171,1,1,1,23,171,28,1,1,allocated
7,1528,greenran_normal,0,0,65535_65535,0,4,21379,120,1,1,0,23,0,22,1,1,pre_allocation
7,1528,greenran_normal,0,0,65535_65535,0,4,21379,125,1,1,1,24,125,22,1,1,allocated
7,1528,greenran_normal,0,0,65535_65535,0,3,21317,171,1,1,0,23,0,28,1,1,pre_allocation
7,1528,greenran_normal,0,0,65535_65535,0,3,21317,179,1,1,1,24,179,28,1,1,allocated
7,1528,greenran_normal,0,0,65535_65535,0,5,21317,171,1,1,0,23,0,28,1,1,pre_allocation
7,1528,greenran_normal,0,0,65535_65535,0,5,21317,179,1,1,1,24,179,28,1,1,allocated
7,1528,greenran_normal,0,0,65535_65535,0,1,21309,171,1,1,0,23,0,28,1,1,pre_allocation
7,1528,greenran_normal,0,0,65535_65535,0,1,21309,179,1,1,1,24,179,28,1,1,allocated
7,1528,greenran_normal,0,0,65535_65535,0,2,21309,171,1,1,0,23,0,28,1,1,pre_allocation
7,1528,greenran_normal,0,0,65535_65535,0,2,21309,179,1,1,1,24,179,28,1,1,allocated
7,1528,greenran_normal,0,0,65535_65535,0,4,21379,125,1,1,0,24,0,22,1,1,pre_allocation
7,1528,greenran_normal,0,0,65535_65535,0,4,21379,131,1,1,1,25,131,22,1,1,allocated
7,1528,greenran_normal,0,0,65535_65535,0,3,21317,179,1,1,0,24,0,28,1,1,pre_allocation
7,1528,greenran_normal,0,0,65535_65535,0,3,21317,186,1,1,1,25,186,28,1,1,allocated
7,1528,greenran_normal,0,0,65535_65535,0,5,21317,179,1,1,0,24,0,28,1,1,pre_allocation
7,1528,greenran_normal,0,0,65535_65535,0,5,21317,186,1,1,1,25,186,28,1,1,allocated
7,1528,greenran_normal,0,0,65535_65535,0,1,21309,179,1,1,0,24,0,28,1,1,pre_allocation
7,1528,greenran_normal,0,0,65535_65535,0,1,21309,186,1,1,1,25,186,28,1,1,allocated
7,1528,greenran_normal,0,0,65535_65535,0,2,21309,179,1,1,0,24,0,28,1,1,pre_allocation
7,1528,greenran_normal,0,0,65535_65535,0,2,21309,186,1,1,1,25,186,28,1,1,allocated
7,1528,greenran_normal,0,0,65535_65535,0,4,21379,131,1,1,0,25,0,22,1,1,pre_allocation
7,1528,greenran_normal,0,0,65535_65535,0,4,21379,136,1,1,1,26,136,22,1,1,allocated
7,1528,greenran_normal,0,0,65535_65535,0,3,21317,186,1,1,0,25,0,28,1,1,pre_allocation
7,1528,greenran_normal,0,0,65535_65535,0,3,21317,194,1,1,1,26,194,28,1,1,allocated
7,1528,greenran_normal,0,0,65535_65535,0,5,21317,186,1,1,0,25,0,28,1,1,pre_allocation
7,1528,greenran_normal,0,0,65535_65535,0,5,21317,194,1,1,1,26,194,28,1,1,allocated
7,1528,greenran_normal,0,0,65535_65535,0,1,21309,186,1,1,0,25,0,28,1,1,pre_allocation
7,1528,greenran_normal,0,0,65535_65535,0,1,21309,194,1,1,1,26,194,28,1,1,allocated
7,1528,greenran_normal,0,0,65535_65535,0,2,21309,186,1,1,0,25,0,28,1,1,pre_allocation
7,1528,greenran_normal,0,0,65535_65535,0,2,21309,194,1,1,1,26,194,28,1,1,allocated
7,1528,greenran_normal,0,0,65535_65535,0,4,21379,136,1,1,0,26,0,22,1,1,pre_allocation
7,1528,greenran_normal,0,0,65535_65535,0,4,21379,141,1,1,1,27,141,22,1,1,allocated
7,1528,greenran_normal,0,0,65535_65535,0,3,21317,194,1,1,0,26,0,28,1,1,pre_allocation
7,1528,greenran_normal,0,0,65535_65535,0,3,21317,201,1,1,1,27,201,28,1,1,allocated
7,1528,greenran_normal,0,0,65535_65535,0,5,21317,194,1,1,0,26,0,28,1,1,pre_allocation
7,1528,greenran_normal,0,0,65535_65535,0,5,21317,201,1,1,1,27,201,28,1,1,allocated
7,1528,greenran_normal,0,0,65535_65535,0,1,21309,194,1,1,0,26,0,28,1,1,pre_allocation
7,1528,greenran_normal,0,0,65535_65535,0,1,21309,201,1,1,1,27,201,28,1,1,allocated
7,1528,greenran_normal,0,0,65535_65535,0,2,21309,194,1,1,0,26,0,28,1,1,pre_allocation
7,1528,greenran_normal,0,0,65535_65535,0,2,21309,201,1,1,1,27,201,28,1,1,allocated
7,1528,greenran_normal,0,0,65535_65535,0,4,21379,141,1,1,0,27,0,22,1,1,pre_allocation
7,1528,greenran_normal,0,0,65535_65535,0,4,21379,147,1,1,1,28,147,22,1,1,allocated
7,1528,greenran_normal,0,0,65535_65535,0,3,21317,201,1,1,0,27,0,28,1,1,pre_allocation
7,1528,greenran_normal,0,0,65535_65535,0,3,21317,209,1,1,1,28,209,28,1,1,allocated
7,1528,greenran_normal,0,0,65535_65535,0,5,21317,201,1,1,0,27,0,28,1,1,pre_allocation
7,1528,greenran_normal,0,0,65535_65535,0,5,21317,209,1,1,1,28,209,28,1,1,allocated
7,1528,greenran_normal,0,0,65535_65535,0,1,21309,201,1,1,0,27,0,28,1,1,pre_allocation
7,1528,greenran_normal,0,0,65535_65535,0,1,21309,209,1,1,1,28,209,28,1,1,allocated
7,1528,greenran_normal,0,0,65535_65535,0,2,21309,201,1,1,0,27,0,28,1,1,pre_allocation
7,1528,greenran_normal,0,0,65535_65535,0,2,21309,209,1,1,1,28,209,28,1,1,allocated
7,1528,greenran_normal,0,0,65535_65535,0,4,21379,147,1,1,0,28,0,22,1,1,pre_allocation
7,1528,greenran_normal,0,0,65535_65535,0,4,21379,152,1,1,1,29,152,22,1,1,allocated
7,1528,greenran_normal,0,0,65535_65535,0,3,21317,209,1,1,0,28,0,28,1,1,pre_allocation
7,1528,greenran_normal,0,0,65535_65535,0,3,21317,217,1,1,1,29,217,28,1,1,allocated
7,1528,greenran_normal,0,0,65535_65535,0,5,21317,209,1,1,0,28,0,28,1,1,pre_allocation
7,1528,greenran_normal,0,0,65535_65535,0,5,21317,217,1,1,1,29,217,28,1,1,allocated
7,1528,greenran_normal,0,0,65535_65535,0,1,21309,209,1,1,0,28,0,28,1,1,pre_allocation
7,1528,greenran_normal,0,0,65535_65535,0,1,21309,217,1,1,1,29,217,28,1,1,allocated
7,1528,greenran_normal,0,0,65535_65535,0,2,21309,209,1,1,0,28,0,28,1,1,pre_allocation
7,1528,greenran_normal,0,0,65535_65535,0,2,21309,217,1,1,1,29,217,28,1,1,allocated
7,1528,greenran_normal,0,0,65535_65535,0,4,21379,152,1,1,0,29,0,22,1,1,pre_allocation
7,1528,greenran_normal,0,0,65535_65535,0,4,21379,157,1,1,1,30,157,22,1,1,allocated
7,1528,greenran_normal,0,0,65535_65535,0,3,21317,217,1,1,0,29,0,28,1,1,pre_allocation
7,1528,greenran_normal,0,0,65535_65535,0,3,21317,224,1,1,1,30,224,28,1,1,allocated
7,1528,greenran_normal,0,0,65535_65535,0,5,21317,217,1,1,0,29,0,28,1,1,pre_allocation
7,1528,greenran_normal,0,0,65535_65535,0,5,21317,224,1,1,1,30,224,28,1,1,allocated
7,1528,greenran_normal,0,0,65535_65535,0,1,21309,217,1,1,0,29,0,28,1,1,pre_allocation
7,1528,greenran_normal,0,0,65535_65535,0,1,21309,224,1,1,1,30,224,28,1,1,allocated
7,1528,greenran_normal,0,0,65535_65535,0,2,21309,217,1,1,0,29,0,28,1,1,pre_allocation
7,1528,greenran_normal,0,0,65535_65535,0,2,21309,224,1,1,1,30,224,28,1,1,allocated
7,1528,greenran_normal,0,0,65535_65535,0,4,21379,157,1,1,0,30,0,22,1,1,pre_allocation
7,1528,greenran_normal,0,0,65535_65535,0,4,21379,163,1,1,1,31,163,22,1,1,allocated
7,1528,greenran_normal,0,0,65535_65535,0,3,21317,224,1,1,0,30,0,28,1,1,pre_allocation
7,1528,greenran_normal,0,0,65535_65535,0,3,21317,232,1,1,1,31,232,28,1,1,allocated
7,1528,greenran_normal,0,0,65535_65535,0,5,21317,224,1,1,0,30,0,28,1,1,pre_allocation
7,1528,greenran_normal,0,0,65535_65535,0,5,21317,232,1,1,1,31,232,28,1,1,allocated
7,1528,greenran_normal,0,0,65535_65535,0,1,21309,224,1,1,0,30,0,28,1,1,pre_allocation
7,1528,greenran_normal,0,0,65535_65535,0,1,21309,232,1,1,1,31,232,28,1,1,allocated
7,1528,greenran_normal,0,0,65535_65535,0,2,21309,224,1,1,0,30,0,28,1,1,pre_allocation
7,1528,greenran_normal,0,0,65535_65535,0,2,21309,232,1,1,1,31,232,28,1,1,allocated
7,1528,greenran_normal,0,0,65535_65535,0,4,21379,163,1,1,0,31,0,22,1,1,pre_allocation
7,1528,greenran_normal,0,0,65535_65535,0,4,21379,168,1,1,1,32,168,22,1,1,allocated
7,1528,greenran_normal,0,0,65535_65535,0,3,21317,232,1,1,0,31,0,28,1,1,pre_allocation
7,1528,greenran_normal,0,0,65535_65535,0,3,21317,239,1,1,1,32,239,28,1,1,allocated
7,1528,greenran_normal,0,0,65535_65535,0,5,21317,232,1,1,0,31,0,28,1,1,pre_allocation
7,1528,greenran_normal,0,0,65535_65535,0,5,21317,239,1,1,1,32,239,28,1,1,allocated
7,1528,greenran_normal,0,0,65535_65535,0,1,21309,232,1,1,0,31,0,28,1,1,pre_allocation
7,1528,greenran_normal,0,0,65535_65535,0,1,21309,239,1,1,1,32,239,28,1,1,allocated
7,1528,greenran_normal,0,0,65535_65535,0,2,21309,232,1,1,0,31,0,28,1,1,pre_allocation
7,1528,greenran_normal,0,0,65535_65535,0,2,21309,239,1,1,1,32,239,28,1,1,allocated
7,1528,greenran_normal,0,0,65535_65535,0,4,21379,168,1,1,0,32,0,22,1,1,pre_allocation
7,1528,greenran_normal,0,0,65535_65535,0,4,21379,173,1,1,1,33,173,22,1,1,allocated
7,1528,greenran_normal,0,0,65535_65535,0,3,21317,239,1,1,0,32,0,28,1,1,pre_allocation
7,1528,greenran_normal,0,0,65535_65535,0,3,21317,247,1,1,1,33,247,28,1,1,allocated
7,1528,greenran_normal,0,0,65535_65535,0,5,21317,239,1,1,0,32,0,28,1,1,pre_allocation
7,1528,greenran_normal,0,0,65535_65535,0,5,21317,247,1,1,1,33,247,28,1,1,allocated
7,1528,greenran_normal,0,0,65535_65535,0,1,21309,239,1,1,0,32,0,28,1,1,pre_allocation
7,1528,greenran_normal,0,0,65535_65535,0,1,21309,247,1,1,1,33,247,28,1,1,allocated
7,1528,greenran_normal,0,0,65535_65535,0,2,21309,239,1,1,0,32,0,28,1,1,pre_allocation
7,1528,greenran_normal,0,0,65535_65535,0,2,21309,247,1,1,1,33,247,28,1,1,allocated
7,1528,greenran_normal,0,0,65535_65535,0,4,21379,173,1,1,0,33,0,22,1,1,pre_allocation
7,1528,greenran_normal,0,0,65535_65535,0,4,21379,179,1,1,1,34,179,22,1,1,allocated
7,1528,greenran_normal,0,0,65535_65535,0,3,21317,247,1,1,0,33,0,28,1,1,pre_allocation
7,1528,greenran_normal,0,0,65535_65535,0,3,21317,255,1,1,1,34,255,28,1,1,allocated
7,1528,greenran_normal,0,0,65535_65535,0,5,21317,247,1,1,0,33,0,28,1,1,pre_allocation
7,1528,greenran_normal,0,0,65535_65535,0,5,21317,255,1,1,1,34,255,28,1,1,allocated
7,1528,greenran_normal,0,0,65535_65535,0,1,21309,247,1,1,0,33,0,28,1,1,pre_allocation
7,1528,greenran_normal,0,0,65535_65535,0,1,21309,255,1,1,1,34,255,28,1,1,allocated
7,1528,greenran_normal,0,0,65535_65535,0,2,21309,247,1,1,0,33,0,28,1,1,pre_allocation
7,1528,greenran_normal,0,0,65535_65535,0,2,21309,255,1,1,1,34,255,28,1,1,allocated
7,1528,greenran_normal,0,0,65535_65535,0,4,21379,179,1,1,0,34,0,22,1,1,pre_allocation
7,1528,greenran_normal,0,0,65535_65535,0,4,21379,184,1,1,1,35,184,22,1,1,allocated
7,1528,greenran_normal,0,0,65535_65535,0,3,21317,255,1,1,0,34,0,28,1,1,pre_allocation
7,1528,greenran_normal,0,0,65535_65535,0,3,21317,262,1,1,1,35,262,28,1,1,allocated
7,1528,greenran_normal,0,0,65535_65535,2,38,654449,0,1,1,0,0,0,15,1,1,pre_allocation
7,1528,greenran_normal,0,0,65535_65535,2,38,654449,2,1,1,1,1,2,15,1,1,allocated
7,1528,greenran_normal,0,0,65535_65535,2,60,654278,0,1,1,0,0,0,14,1,1,pre_allocation
7,1528,greenran_normal,0,0,65535_65535,2,60,654278,2,1,1,1,1,2,14,1,1,allocated
7,1528,greenran_normal,0,0,65535_65535,2,43,654228,0,1,1,0,0,0,18,1,1,pre_allocation
7,1528,greenran_normal,0,0,65535_65535,2,43,654228,0,1,1,1,1,0,18,1,1,allocated
7,1528,greenran_normal,0,0,65535_65535,2,64,654251,0,1,1,0,0,0,16,1,1,pre_allocation
7,1528,greenran_normal,0,0,65535_65535,2,64,654251,0,1,1,1,1,0,16,1,1,allocated
7,1528,greenran_normal,0,0,65535_65535,2,42,654060,0,1,1,0,0,0,24,1,1,pre_allocation
7,1528,greenran_normal,0,0,65535_65535,2,42,654060,3,1,1,1,1,3,24,1,1,allocated
7,1528,greenran_normal,0,0,65535_65535,2,58,654035,0,1,1,0,0,0,26,1,1,pre_allocation
7,1528,greenran_normal,0,0,65535_65535,2,58,654035,4,1,1,1,1,4,26,1,1,allocated
7,1528,greenran_normal,0,0,65535_65535,2,36,654002,0,1,1,0,0,0,26,1,1,pre_allocation
7,1528,greenran_normal,0,0,65535_65535,2,36,654002,4,1,1,1,1,4,26,1,1,allocated
7,1528,greenran_normal,0,0,65535_65535,2,35,653963,0,1,1,0,0,0,28,1,1,pre_allocation
7,1528,greenran_normal,0,0,65535_65535,2,35,653963,4,1,1,1,1,4,28,1,1,allocated
7,1528,greenran_normal,0,0,65535_65535,2,44,653963,0,1,1,0,0,0,28,1,1,pre_allocation
7,1528,greenran_normal,0,0,65535_65535,2,44,653963,4,1,1,1,1,4,28,1,1,allocated
7,1528,greenran_normal,0,0,65535_65535,2,55,653963,0,1,1,0,0,0,28,1,1,pre_allocation
7,1528,greenran_normal,0,0,65535_65535,2,55,653963,4,1,1,1,1,4,28,1,1,allocated
7,1528,greenran_normal,0,0,65535_65535,2,56,653963,0,1,1,0,0,0,28,1,1,pre_allocation
7,1528,greenran_normal,0,0,65535_65535,2,56,653963,4,1,1,1,1,4,28,1,1,allocated
7,1528,greenran_normal,0,0,65535_65535,2,57,653963,0,1,1,0,0,0,28,1,1,pre_allocation
7,1528,greenran_normal,0,0,65535_65535,2,57,653963,4,1,1,1,1,4,28,1,1,allocated
7,1528,greenran_normal,0,0,65535_65535,2,37,653965,0,1,1,0,0,0,28,1,1,pre_allocation
7,1528,greenran_normal,0,0,65535_65535,2,37,653965,4,1,1,1,1,4,28,1,1,allocated
7,1528,greenran_normal,0,0,65535_65535,2,39,653965,0,1,1,0,0,0,28,1,1,pre_allocation
7,1528,greenran_normal,0,0,65535_65535,2,39,653965,4,1,1,1,1,4,28,1,1,allocated
7,1528,greenran_normal,0,0,65535_65535,2,40,653965,0,1,1,0,0,0,28,1,1,pre_allocation
7,1528,greenran_normal,0,0,65535_65535,2,40,653965,4,1,1,1,1,4,28,1,1,allocated
7,1528,greenran_normal,0,0,65535_65535,2,41,653965,0,1,1,0,0,0,28,1,1,pre_allocation
7,1528,greenran_normal,0,0,65535_65535,2,41,653965,4,1,1,1,1,4,28,1,1,allocated
7,1528,greenran_normal,0,0,65535_65535,2,59,653995,0,1,1,0,0,0,26,1,1,pre_allocation
7,1528,greenran_normal,0,0,65535_65535,2,59,653995,4,1,1,1,1,4,26,1,1,allocated
7,1528,greenran_normal,0,0,65535_65535,2,63,653960,0,1,1,0,0,0,28,1,1,pre_allocation
7,1528,greenran_normal,0,0,65535_65535,2,63,653960,4,1,1,1,1,4,28,1,1,allocated
7,1528,greenran_normal,0,0,65535_65535,2,62,653960,0,1,1,0,0,0,28,1,1,pre_allocation
7,1528,greenran_normal,0,0,65535_65535,2,62,653960,4,1,1,1,1,4,28,1,1,allocated
7,1528,greenran_normal,0,0,65535_65535,2,61,653960,0,1,1,0,0,0,28,1,1,pre_allocation
7,1528,greenran_normal,0,0,65535_65535,2,61,653960,4,1,1,1,1,4,28,1,1,allocated
7,1528,greenran_normal,0,0,65535_65535,2,38,654449,2,1,1,0,1,0,15,1,1,pre_allocation
7,1528,greenran_normal,0,0,65535_65535,2,38,654449,2,1,1,1,2,2,15,1,1,allocated
7,1528,greenran_normal,0,0,65535_65535,2,60,654278,2,1,1,0,1,0,14,1,1,pre_allocation
7,1528,greenran_normal,0,0,65535_65535,2,60,654278,2,1,1,1,2,2,14,1,1,allocated
7,1528,greenran_normal,0,0,65535_65535,2,43,654228,0,1,1,0,1,0,18,1,1,pre_allocation
7,1528,greenran_normal,0,0,65535_65535,2,43,654228,4,1,1,1,2,4,18,1,1,allocated
7,1528,greenran_normal,0,0,65535_65535,2,64,654251,0,1,1,0,1,0,16,1,1,pre_allocation
7,1528,greenran_normal,0,0,65535_65535,2,64,654251,3,1,1,1,2,3,16,1,1,allocated
7,1528,greenran_normal,0,0,65535_65535,2,42,654060,3,1,1,0,1,0,24,1,1,pre_allocation
7,1528,greenran_normal,0,0,65535_65535,2,42,654060,9,1,1,1,2,9,24,1,1,allocated
7,1528,greenran_normal,0,0,65535_65535,2,58,654035,4,1,1,0,1,0,26,1,1,pre_allocation
7,1528,greenran_normal,0,0,65535_65535,2,58,654035,11,1,1,1,2,11,26,1,1,allocated
7,1528,greenran_normal,0,0,65535_65535,2,36,654002,4,1,1,0,1,0,26,1,1,pre_allocation
7,1528,greenran_normal,0,0,65535_65535,2,36,654002,11,1,1,1,2,11,26,1,1,allocated
7,1528,greenran_normal,0,0,65535_65535,2,35,653963,4,1,1,0,1,0,28,1,1,pre_allocation
7,1528,greenran_normal,0,0,65535_65535,2,35,653963,12,1,1,1,2,12,28,1,1,allocated
7,1528,greenran_normal,0,0,65535_65535,2,44,653963,4,1,1,0,1,0,28,1,1,pre_allocation
7,1528,greenran_normal,0,0,65535_65535,2,44,653963,12,1,1,1,2,12,28,1,1,allocated
7,1528,greenran_normal,0,0,65535_65535,2,55,653963,4,1,1,0,1,0,28,1,1,pre_allocation
7,1528,greenran_normal,0,0,65535_65535,2,55,653963,12,1,1,1,2,12,28,1,1,allocated
7,1528,greenran_normal,0,0,65535_65535,2,56,653963,4,1,1,0,1,0,28,1,1,pre_allocation
7,1528,greenran_normal,0,0,65535_65535,2,56,653963,12,1,1,1,2,12,28,1,1,allocated
7,1528,greenran_normal,0,0,65535_65535,2,57,653963,4,1,1,0,1,0,28,1,1,pre_allocation
7,1528,greenran_normal,0,0,65535_65535,2,57,653963,12,1,1,1,2,12,28,1,1,allocated
7,1528,greenran_normal,0,0,65535_65535,2,37,653965,4,1,1,0,1,0,28,1,1,pre_allocation
7,1528,greenran_normal,0,0,65535_65535,2,37,653965,12,1,1,1,2,12,28,1,1,allocated
7,1528,greenran_normal,0,0,65535_65535,2,39,653965,4,1,1,0,1,0,28,1,1,pre_allocation
7,1528,greenran_normal,0,0,65535_65535,2,39,653965,12,1,1,1,2,12,28,1,1,allocated
7,1528,greenran_normal,0,0,65535_65535,2,40,653965,4,1,1,0,1,0,28,1,1,pre_allocation
7,1528,greenran_normal,0,0,65535_65535,2,40,653965,12,1,1,1,2,12,28,1,1,allocated
7,1528,greenran_normal,0,0,65535_65535,2,41,653965,4,1,1,0,1,0,28,1,1,pre_allocation
7,1528,greenran_normal,0,0,65535_65535,2,41,653965,12,1,1,1,2,12,28,1,1,allocated
7,1528,greenran_normal,0,0,65535_65535,2,59,653995,4,1,1,0,1,0,26,1,1,pre_allocation
7,1528,greenran_normal,0,0,65535_65535,2,59,653995,11,1,1,1,2,11,26,1,1,allocated
7,1528,greenran_normal,0,0,65535_65535,2,63,653960,4,1,1,0,1,0,28,1,1,pre_allocation
7,1528,greenran_normal,0,0,65535_65535,2,63,653960,12,1,1,1,2,12,28,1,1,allocated
7,1528,greenran_normal,0,0,65535_65535,2,62,653960,4,1,1,0,1,0,28,1,1,pre_allocation
7,1528,greenran_normal,0,0,65535_65535,2,62,653960,12,1,1,1,2,12,28,1,1,allocated
7,1528,greenran_normal,0,0,65535_65535,2,61,653960,4,1,1,0,1,0,28,1,1,pre_allocation
7,1528,greenran_normal,0,0,65535_65535,2,61,653960,12,1,1,1,2,12,28,1,1,allocated
7,1528,greenran_normal,0,0,65535_65535,2,38,654449,2,1,1,0,2,0,15,1,1,pre_allocation
7,1528,greenran_normal,0,0,65535_65535,2,38,654449,5,1,1,1,3,5,15,1,1,allocated
7,1528,greenran_normal,0,0,65535_65535,2,60,654278,2,1,1,0,2,0,14,1,1,pre_allocation
7,1528,greenran_normal,0,0,65535_65535,2,60,654278,4,1,1,1,3,4,14,1,1,allocated
7,1528,greenran_normal,0,0,65535_65535,2,43,654228,4,1,1,0,2,0,18,1,1,pre_allocation
7,1528,greenran_normal,0,0,65535_65535,2,43,654228,8,1,1,1,3,8,18,1,1,allocated
7,1528,greenran_normal,0,0,65535_65535,2,64,654251,3,1,1,0,2,0,16,1,1,pre_allocation
7,1528,greenran_normal,0,0,65535_65535,2,64,654251,6,1,1,1,3,6,16,1,1,allocated
7,1528,greenran_normal,0,0,65535_65535,2,42,654060,9,1,1,0,2,0,24,1,1,pre_allocation
7,1528,greenran_normal,0,0,65535_65535,2,42,654060,15,1,1,1,3,15,24,1,1,allocated
7,1528,greenran_normal,0,0,65535_65535,2,58,654035,11,1,1,0,2,0,26,1,1,pre_allocation
7,1528,greenran_normal,0,0,65535_65535,2,58,654035,18,1,1,1,3,18,26,1,1,allocated
7,1528,greenran_normal,0,0,65535_65535,2,36,654002,11,1,1,0,2,0,26,1,1,pre_allocation
7,1528,greenran_normal,0,0,65535_65535,2,36,654002,18,1,1,1,3,18,26,1,1,allocated
7,1528,greenran_normal,0,0,65535_65535,2,35,653963,12,1,1,0,2,0,28,1,1,pre_allocation
7,1528,greenran_normal,0,0,65535_65535,2,35,653963,19,1,1,1,3,19,28,1,1,allocated
7,1528,greenran_normal,0,0,65535_65535,2,44,653963,12,1,1,0,2,0,28,1,1,pre_allocation
7,1528,greenran_normal,0,0,65535_65535,2,44,653963,19,1,1,1,3,19,28,1,1,allocated
7,1528,greenran_normal,0,0,65535_65535,2,55,653963,12,1,1,0,2,0,28,1,1,pre_allocation
7,1528,greenran_normal,0,0,65535_65535,2,55,653963,19,1,1,1,3,19,28,1,1,allocated
7,1528,greenran_normal,0,0,65535_65535,2,56,653963,12,1,1,0,2,0,28,1,1,pre_allocation
7,1528,greenran_normal,0,0,65535_65535,2,56,653963,19,1,1,1,3,19,28,1,1,allocated
7,1528,greenran_normal,0,0,65535_65535,2,57,653963,12,1,1,0,2,0,28,1,1,pre_allocation
7,1528,greenran_normal,0,0,65535_65535,2,57,653963,19,1,1,1,3,19,28,1,1,allocated
7,1528,greenran_normal,0,0,65535_65535,2,37,653965,12,1,1,0,2,0,28,1,1,pre_allocation
7,1528,greenran_normal,0,0,65535_65535,2,37,653965,19,1,1,1,3,19,28,1,1,allocated
7,1528,greenran_normal,0,0,65535_65535,2,39,653965,12,1,1,0,2,0,28,1,1,pre_allocation
7,1528,greenran_normal,0,0,65535_65535,2,39,653965,19,1,1,1,3,19,28,1,1,allocated
7,1528,greenran_normal,0,0,65535_65535,2,40,653965,12,1,1,0,2,0,28,1,1,pre_allocation
7,1528,greenran_normal,0,0,65535_65535,2,40,653965,19,1,1,1,3,19,28,1,1,allocated
7,1528,greenran_normal,0,0,65535_65535,2,41,653965,12,1,1,0,2,0,28,1,1,pre_allocation
7,1528,greenran_normal,0,0,65535_65535,2,41,653965,19,1,1,1,3,19,28,1,1,allocated
7,1528,greenran_normal,0,0,65535_65535,2,59,653995,11,1,1,0,2,0,26,1,1,pre_allocation
7,1528,greenran_normal,0,0,65535_65535,2,59,653995,18,1,1,1,3,18,26,1,1,allocated
7,1528,greenran_normal,0,0,65535_65535,2,63,653960,12,1,1,0,2,0,28,1,1,pre_allocation
7,1528,greenran_normal,0,0,65535_65535,2,63,653960,19,1,1,1,3,19,28,1,1,allocated
7,1528,greenran_normal,0,0,65535_65535,2,62,653960,12,1,1,0,2,0,28,1,1,pre_allocation
7,1528,greenran_normal,0,0,65535_65535,2,62,653960,19,1,1,1,3,19,28,1,1,allocated
7,1528,greenran_normal,0,0,65535_65535,2,61,653960,12,1,1,0,2,0,28,1,1,pre_allocation
7,1528,greenran_normal,0,0,65535_65535,2,61,653960,19,1,1,1,3,19,28,1,1,allocated
7,1528,greenran_normal,0,0,65535_65535,2,38,654449,5,1,1,0,3,0,15,1,1,pre_allocation
7,1528,greenran_normal,0,0,65535_65535,2,38,654449,8,1,1,1,4,8,15,1,1,allocated
7,1528,greenran_normal,0,0,65535_65535,2,60,654278,4,1,1,0,3,0,14,1,1,pre_allocation
7,1528,greenran_normal,0,0,65535_65535,2,60,654278,7,1,1,1,4,7,14,1,1,allocated
7,1528,greenran_normal,0,0,65535_65535,2,43,654228,8,1,1,0,3,0,18,1,1,pre_allocation
7,1528,greenran_normal,0,0,65535_65535,2,43,654228,11,1,1,1,4,11,18,1,1,allocated
7,1528,greenran_normal,0,0,65535_65535,2,64,654251,6,1,1,0,3,0,16,1,1,pre_allocation
7,1528,greenran_normal,0,0,65535_65535,2,64,654251,10,1,1,1,4,10,16,1,1,allocated
7,1528,greenran_normal,0,0,65535_65535,2,42,654060,15,1,1,0,3,0,24,1,1,pre_allocation
7,1528,greenran_normal,0,0,65535_65535,2,42,654060,21,1,1,1,4,21,24,1,1,allocated
7,1528,greenran_normal,0,0,65535_65535,2,58,654035,18,1,1,0,3,0,26,1,1,pre_allocation
7,1528,greenran_normal,0,0,65535_65535,2,58,654035,25,1,1,1,4,25,26,1,1,allocated
7,1528,greenran_normal,0,0,65535_65535,2,36,654002,18,1,1,0,3,0,26,1,1,pre_allocation
7,1528,greenran_normal,0,0,65535_65535,2,36,654002,25,1,1,1,4,25,26,1,1,allocated
7,1528,greenran_normal,0,0,65535_65535,2,35,653963,19,1,1,0,3,0,28,1,1,pre_allocation
7,1528,greenran_normal,0,0,65535_65535,2,35,653963,27,1,1,1,4,27,28,1,1,allocated
7,1528,greenran_normal,0,0,65535_65535,2,44,653963,19,1,1,0,3,0,28,1,1,pre_allocation
7,1528,greenran_normal,0,0,65535_65535,2,44,653963,27,1,1,1,4,27,28,1,1,allocated
7,1528,greenran_normal,0,0,65535_65535,2,55,653963,19,1,1,0,3,0,28,1,1,pre_allocation
7,1528,greenran_normal,0,0,65535_65535,2,55,653963,27,1,1,1,4,27,28,1,1,allocated
7,1528,greenran_normal,0,0,65535_65535,2,56,653963,19,1,1,0,3,0,28,1,1,pre_allocation
7,1528,greenran_normal,0,0,65535_65535,2,56,653963,27,1,1,1,4,27,28,1,1,allocated
7,1528,greenran_normal,0,0,65535_65535,2,57,653963,19,1,1,0,3,0,28,1,1,pre_allocation
7,1528,greenran_normal,0,0,65535_65535,2,57,653963,27,1,1,1,4,27,28,1,1,allocated
7,1528,greenran_normal,0,0,65535_65535,2,37,653965,19,1,1,0,3,0,28,1,1,pre_allocation
7,1528,greenran_normal,0,0,65535_65535,2,37,653965,27,1,1,1,4,27,28,1,1,allocated
7,1528,greenran_normal,0,0,65535_65535,2,39,653965,19,1,1,0,3,0,28,1,1,pre_allocation
7,1528,greenran_normal,0,0,65535_65535,2,39,653965,27,1,1,1,4,27,28,1,1,allocated
7,1528,greenran_normal,0,0,65535_65535,2,40,653965,19,1,1,0,3,0,28,1,1,pre_allocation
7,1528,greenran_normal,0,0,65535_65535,2,40,653965,27,1,1,1,4,27,28,1,1,allocated
7,1528,greenran_normal,0,0,65535_65535,2,41,653965,19,1,1,0,3,0,28,1,1,pre_allocation
7,1528,greenran_normal,0,0,65535_65535,2,41,653965,27,1,1,1,4,27,28,1,1,allocated
7,1528,greenran_normal,0,0,65535_65535,2,59,653995,18,1,1,0,3,0,26,1,1,pre_allocation
7,1528,greenran_normal,0,0,65535_65535,2,59,653995,25,1,1,1,4,25,26,1,1,allocated
7,1528,greenran_normal,0,0,65535_65535,2,63,653960,19,1,1,0,3,0,28,1,1,pre_allocation
7,1528,greenran_normal,0,0,65535_65535,2,63,653960,27,1,1,1,4,27,28,1,1,allocated
7,1528,greenran_normal,0,0,65535_65535,2,62,653960,19,1,1,0,3,0,28,1,1,pre_allocation
7,1528,greenran_normal,0,0,65535_65535,2,62,653960,27,1,1,1,4,27,28,1,1,allocated
7,1528,greenran_normal,0,0,65535_65535,2,61,653960,19,1,1,0,3,0,28,1,1,pre_allocation
7,1528,greenran_normal,0,0,65535_65535,2,61,653960,27,1,1,1,4,27,28,1,1,allocated
7,1528,greenran_normal,0,0,65535_65535,2,38,654449,8,1,1,0,4,0,15,1,1,pre_allocation
7,1528,greenran_normal,0,0,65535_65535,2,38,654449,11,1,1,1,5,11,15,1,1,allocated
7,1528,greenran_normal,0,0,65535_65535,2,60,654278,7,1,1,0,4,0,14,1,1,pre_allocation
7,1528,greenran_normal,0,0,65535_65535,2,60,654278,10,1,1,1,5,10,14,1,1,allocated
7,1528,greenran_normal,0,0,65535_65535,2,43,654228,11,1,1,0,4,0,18,1,1,pre_allocation
7,1528,greenran_normal,0,0,65535_65535,2,43,654228,15,1,1,1,5,15,18,1,1,allocated
7,1528,greenran_normal,0,0,65535_65535,2,64,654251,10,1,1,0,4,0,16,1,1,pre_allocation
7,1528,greenran_normal,0,0,65535_65535,2,64,654251,13,1,1,1,5,13,16,1,1,allocated
7,1528,greenran_normal,0,0,65535_65535,2,42,654060,21,1,1,0,4,0,24,1,1,pre_allocation
7,1528,greenran_normal,0,0,65535_65535,2,42,654060,27,1,1,1,5,27,24,1,1,allocated
7,1528,greenran_normal,0,0,65535_65535,2,58,654035,25,1,1,0,4,0,26,1,1,pre_allocation
7,1528,greenran_normal,0,0,65535_65535,2,58,654035,32,1,1,1,5,32,26,1,1,allocated
7,1528,greenran_normal,0,0,65535_65535,2,36,654002,25,1,1,0,4,0,26,1,1,pre_allocation
7,1528,greenran_normal,0,0,65535_65535,2,36,654002,32,1,1,1,5,32,26,1,1,allocated
7,1528,greenran_normal,0,0,65535_65535,2,35,653963,27,1,1,0,4,0,28,1,1,pre_allocation
7,1528,greenran_normal,0,0,65535_65535,2,35,653963,34,1,1,1,5,34,28,1,1,allocated
7,1528,greenran_normal,0,0,65535_65535,2,44,653963,27,1,1,0,4,0,28,1,1,pre_allocation
7,1528,greenran_normal,0,0,65535_65535,2,44,653963,34,1,1,1,5,34,28,1,1,allocated
7,1528,greenran_normal,0,0,65535_65535,2,55,653963,27,1,1,0,4,0,28,1,1,pre_allocation
7,1528,greenran_normal,0,0,65535_65535,2,55,653963,34,1,1,1,5,34,28,1,1,allocated
7,1528,greenran_normal,0,0,65535_65535,2,56,653963,27,1,1,0,4,0,28,1,1,pre_allocation
7,1528,greenran_normal,0,0,65535_65535,2,56,653963,34,1,1,1,5,34,28,1,1,allocated
7,1528,greenran_normal,0,0,65535_65535,2,57,653963,27,1,1,0,4,0,28,1,1,pre_allocation
7,1528,greenran_normal,0,0,65535_65535,2,57,653963,34,1,1,1,5,34,28,1,1,allocated
7,1528,greenran_normal,0,0,65535_65535,2,37,653965,27,1,1,0,4,0,28,1,1,pre_allocation
7,1528,greenran_normal,0,0,65535_65535,2,37,653965,34,1,1,1,5,34,28,1,1,allocated
7,1528,greenran_normal,0,0,65535_65535,2,39,653965,27,1,1,0,4,0,28,1,1,pre_allocation
7,1528,greenran_normal,0,0,65535_65535,2,39,653965,34,1,1,1,5,34,28,1,1,allocated
8,1716,greenran_normal,0,0,65535_65535,0,4,25160,0,1,1,0,0,0,22,1,1,pre_allocation
8,1716,greenran_normal,0,0,65535_65535,0,4,25160,2,1,1,1,1,2,22,1,1,allocated
8,1716,greenran_normal,0,0,65535_65535,0,5,25026,0,1,1,0,0,0,28,1,1,pre_allocation
8,1716,greenran_normal,0,0,65535_65535,0,5,25026,4,1,1,1,1,4,28,1,1,allocated
8,1716,greenran_normal,0,0,65535_65535,0,3,25019,0,1,1,0,0,0,28,1,1,pre_allocation
8,1716,greenran_normal,0,0,65535_65535,0,3,25019,4,1,1,1,1,4,28,1,1,allocated
8,1716,greenran_normal,0,0,65535_65535,0,1,25018,0,1,1,0,0,0,28,1,1,pre_allocation
8,1716,greenran_normal,0,0,65535_65535,0,1,25018,4,1,1,1,1,4,28,1,1,allocated
8,1716,greenran_normal,0,0,65535_65535,0,2,25018,0,1,1,0,0,0,28,1,1,pre_allocation
8,1716,greenran_normal,0,0,65535_65535,0,2,25018,4,1,1,1,1,4,28,1,1,allocated
8,1716,greenran_normal,0,0,65535_65535,0,4,25160,2,1,1,0,1,0,22,1,1,pre_allocation
8,1716,greenran_normal,0,0,65535_65535,0,4,25160,7,1,1,1,2,7,22,1,1,allocated
8,1716,greenran_normal,0,0,65535_65535,0,5,25026,4,1,1,0,1,0,28,1,1,pre_allocation
8,1716,greenran_normal,0,0,65535_65535,0,5,25026,12,1,1,1,2,12,28,1,1,allocated
8,1716,greenran_normal,0,0,65535_65535,0,3,25019,4,1,1,0,1,0,28,1,1,pre_allocation
8,1716,greenran_normal,0,0,65535_65535,0,3,25019,12,1,1,1,2,12,28,1,1,allocated
8,1716,greenran_normal,0,0,65535_65535,0,1,25018,4,1,1,0,1,0,28,1,1,pre_allocation
8,1716,greenran_normal,0,0,65535_65535,0,1,25018,12,1,1,1,2,12,28,1,1,allocated
8,1716,greenran_normal,0,0,65535_65535,0,2,25018,4,1,1,0,1,0,28,1,1,pre_allocation
8,1716,greenran_normal,0,0,65535_65535,0,2,25018,12,1,1,1,2,12,28,1,1,allocated
8,1716,greenran_normal,0,0,65535_65535,0,4,25160,7,1,1,0,2,0,22,1,1,pre_allocation
8,1716,greenran_normal,0,0,65535_65535,0,4,25160,13,1,1,1,3,13,22,1,1,allocated
8,1716,greenran_normal,0,0,65535_65535,0,5,25026,12,1,1,0,2,0,28,1,1,pre_allocation
8,1716,greenran_normal,0,0,65535_65535,0,5,25026,19,1,1,1,3,19,28,1,1,allocated
8,1716,greenran_normal,0,0,65535_65535,0,3,25019,12,1,1,0,2,0,28,1,1,pre_allocation
8,1716,greenran_normal,0,0,65535_65535,0,3,25019,19,1,1,1,3,19,28,1,1,allocated
8,1716,greenran_normal,0,0,65535_65535,0,1,25018,12,1,1,0,2,0,28,1,1,pre_allocation
8,1716,greenran_normal,0,0,65535_65535,0,1,25018,19,1,1,1,3,19,28,1,1,allocated
8,1716,greenran_normal,0,0,65535_65535,0,2,25018,12,1,1,0,2,0,28,1,1,pre_allocation
8,1716,greenran_normal,0,0,65535_65535,0,2,25018,19,1,1,1,3,19,28,1,1,allocated
8,1716,greenran_normal,0,0,65535_65535,0,4,25160,13,1,1,0,3,0,22,1,1,pre_allocation
8,1716,greenran_normal,0,0,65535_65535,0,4,25160,18,1,1,1,4,18,22,1,1,allocated
8,1716,greenran_normal,0,0,65535_65535,0,5,25026,19,1,1,0,3,0,28,1,1,pre_allocation
8,1716,greenran_normal,0,0,65535_65535,0,5,25026,27,1,1,1,4,27,28,1,1,allocated
8,1716,greenran_normal,0,0,65535_65535,0,3,25019,19,1,1,0,3,0,28,1,1,pre_allocation
8,1716,greenran_normal,0,0,65535_65535,0,3,25019,27,1,1,1,4,27,28,1,1,allocated
8,1716,greenran_normal,0,0,65535_65535,0,1,25018,19,1,1,0,3,0,28,1,1,pre_allocation
8,1716,greenran_normal,0,0,65535_65535,0,1,25018,27,1,1,1,4,27,28,1,1,allocated
8,1716,greenran_normal,0,0,65535_65535,0,2,25018,19,1,1,0,3,0,28,1,1,pre_allocation
8,1716,greenran_normal,0,0,65535_65535,0,2,25018,27,1,1,1,4,27,28,1,1,allocated
8,1716,greenran_normal,0,0,65535_65535,0,4,25160,18,1,1,0,4,0,22,1,1,pre_allocation
8,1716,greenran_normal,0,0,65535_65535,0,4,25160,23,1,1,1,5,23,22,1,1,allocated
8,1716,greenran_normal,0,0,65535_65535,0,5,25026,27,1,1,0,4,0,28,1,1,pre_allocation
8,1716,greenran_normal,0,0,65535_65535,0,5,25026,34,1,1,1,5,34,28,1,1,allocated
8,1716,greenran_normal,0,0,65535_65535,0,3,25019,27,1,1,0,4,0,28,1,1,pre_allocation
8,1716,greenran_normal,0,0,65535_65535,0,3,25019,34,1,1,1,5,34,28,1,1,allocated
8,1716,greenran_normal,0,0,65535_65535,0,1,25018,27,1,1,0,4,0,28,1,1,pre_allocation
8,1716,greenran_normal,0,0,65535_65535,0,1,25018,34,1,1,1,5,34,28,1,1,allocated
8,1716,greenran_normal,0,0,65535_65535,0,2,25018,27,1,1,0,4,0,28,1,1,pre_allocation
8,1716,greenran_normal,0,0,65535_65535,0,2,25018,34,1,1,1,5,34,28,1,1,allocated
8,1716,greenran_normal,0,0,65535_65535,0,4,25160,23,1,1,0,5,0,22,1,1,pre_allocation
8,1716,greenran_normal,0,0,65535_65535,0,4,25160,29,1,1,1,6,29,22,1,1,allocated
8,1716,greenran_normal,0,0,65535_65535,0,5,25026,34,1,1,0,5,0,28,1,1,pre_allocation
8,1716,greenran_normal,0,0,65535_65535,0,5,25026,42,1,1,1,6,42,28,1,1,allocated
8,1716,greenran_normal,0,0,65535_65535,0,3,25019,34,1,1,0,5,0,28,1,1,pre_allocation
8,1716,greenran_normal,0,0,65535_65535,0,3,25019,42,1,1,1,6,42,28,1,1,allocated
8,1716,greenran_normal,0,0,65535_65535,0,1,25018,34,1,1,0,5,0,28,1,1,pre_allocation
8,1716,greenran_normal,0,0,65535_65535,0,1,25018,42,1,1,1,6,42,28,1,1,allocated
8,1716,greenran_normal,0,0,65535_65535,0,2,25018,34,1,1,0,5,0,28,1,1,pre_allocation
8,1716,greenran_normal,0,0,65535_65535,0,2,25018,42,1,1,1,6,42,28,1,1,allocated
8,1716,greenran_normal,0,0,65535_65535,0,4,25160,29,1,1,0,6,0,22,1,1,pre_allocation
8,1716,greenran_normal,0,0,65535_65535,0,4,25160,34,1,1,1,7,34,22,1,1,allocated
8,1716,greenran_normal,0,0,65535_65535,0,5,25026,42,1,1,0,6,0,28,1,1,pre_allocation
8,1716,greenran_normal,0,0,65535_65535,0,5,25026,50,1,1,1,7,50,28,1,1,allocated
8,1716,greenran_normal,0,0,65535_65535,0,3,25019,42,1,1,0,6,0,28,1,1,pre_allocation
8,1716,greenran_normal,0,0,65535_65535,0,3,25019,50,1,1,1,7,50,28,1,1,allocated
8,1716,greenran_normal,0,0,65535_65535,0,1,25018,42,1,1,0,6,0,28,1,1,pre_allocation
8,1716,greenran_normal,0,0,65535_65535,0,1,25018,50,1,1,1,7,50,28,1,1,allocated
8,1716,greenran_normal,0,0,65535_65535,0,2,25018,42,1,1,0,6,0,28,1,1,pre_allocation
8,1716,greenran_normal,0,0,65535_65535,0,2,25018,50,1,1,1,7,50,28,1,1,allocated
8,1716,greenran_normal,0,0,65535_65535,0,4,25160,34,1,1,0,7,0,22,1,1,pre_allocation
8,1716,greenran_normal,0,0,65535_65535,0,4,25160,39,1,1,1,8,39,22,1,1,allocated
8,1716,greenran_normal,0,0,65535_65535,0,5,25026,50,1,1,0,7,0,28,1,1,pre_allocation
8,1716,greenran_normal,0,0,65535_65535,0,5,25026,57,1,1,1,8,57,28,1,1,allocated
8,1716,greenran_normal,0,0,65535_65535,0,3,25019,50,1,1,0,7,0,28,1,1,pre_allocation
8,1716,greenran_normal,0,0,65535_65535,0,3,25019,57,1,1,1,8,57,28,1,1,allocated
8,1716,greenran_normal,0,0,65535_65535,0,1,25018,50,1,1,0,7,0,28,1,1,pre_allocation
8,1716,greenran_normal,0,0,65535_65535,0,1,25018,57,1,1,1,8,57,28,1,1,allocated
8,1716,greenran_normal,0,0,65535_65535,0,2,25018,50,1,1,0,7,0,28,1,1,pre_allocation
8,1716,greenran_normal,0,0,65535_65535,0,2,25018,57,1,1,1,8,57,28,1,1,allocated
8,1716,greenran_normal,0,0,65535_65535,0,4,25160,39,1,1,0,8,0,22,1,1,pre_allocation
8,1716,greenran_normal,0,0,65535_65535,0,4,25160,45,1,1,1,9,45,22,1,1,allocated
8,1716,greenran_normal,0,0,65535_65535,0,5,25026,57,1,1,0,8,0,28,1,1,pre_allocation
8,1716,greenran_normal,0,0,65535_65535,0,5,25026,65,1,1,1,9,65,28,1,1,allocated
8,1716,greenran_normal,0,0,65535_65535,0,3,25019,57,1,1,0,8,0,28,1,1,pre_allocation
8,1716,greenran_normal,0,0,65535_65535,0,3,25019,65,1,1,1,9,65,28,1,1,allocated
8,1716,greenran_normal,0,0,65535_65535,0,1,25018,57,1,1,0,8,0,28,1,1,pre_allocation
8,1716,greenran_normal,0,0,65535_65535,0,1,25018,65,1,1,1,9,65,28,1,1,allocated
8,1716,greenran_normal,0,0,65535_65535,0,2,25018,57,1,1,0,8,0,28,1,1,pre_allocation
8,1716,greenran_normal,0,0,65535_65535,0,2,25018,65,1,1,1,9,65,28,1,1,allocated
8,1716,greenran_normal,0,0,65535_65535,0,4,25160,45,1,1,0,9,0,22,1,1,pre_allocation
8,1716,greenran_normal,0,0,65535_65535,0,4,25160,50,1,1,1,10,50,22,1,1,allocated
8,1716,greenran_normal,0,0,65535_65535,0,5,25026,65,1,1,0,9,0,28,1,1,pre_allocation
8,1716,greenran_normal,0,0,65535_65535,0,5,25026,72,1,1,1,10,72,28,1,1,allocated
8,1716,greenran_normal,0,0,65535_65535,0,3,25019,65,1,1,0,9,0,28,1,1,pre_allocation
8,1716,greenran_normal,0,0,65535_65535,0,3,25019,72,1,1,1,10,72,28,1,1,allocated
8,1716,greenran_normal,0,0,65535_65535,0,1,25018,65,1,1,0,9,0,28,1,1,pre_allocation
8,1716,greenran_normal,0,0,65535_65535,0,1,25018,72,1,1,1,10,72,28,1,1,allocated
8,1716,greenran_normal,0,0,65535_65535,0,2,25018,65,1,1,0,9,0,28,1,1,pre_allocation
8,1716,greenran_normal,0,0,65535_65535,0,2,25018,72,1,1,1,10,72,28,1,1,allocated
8,1716,greenran_normal,0,0,65535_65535,0,4,25160,50,1,1,0,10,0,22,1,1,pre_allocation
8,1716,greenran_normal,0,0,65535_65535,0,4,25160,55,1,1,1,11,55,22,1,1,allocated
8,1716,greenran_normal,0,0,65535_65535,0,5,25026,72,1,1,0,10,0,28,1,1,pre_allocation
8,1716,greenran_normal,0,0,65535_65535,0,5,25026,80,1,1,1,11,80,28,1,1,allocated
8,1716,greenran_normal,0,0,65535_65535,0,3,25019,72,1,1,0,10,0,28,1,1,pre_allocation
8,1716,greenran_normal,0,0,65535_65535,0,3,25019,80,1,1,1,11,80,28,1,1,allocated
8,1716,greenran_normal,0,0,65535_65535,0,1,25018,72,1,1,0,10,0,28,1,1,pre_allocation
8,1716,greenran_normal,0,0,65535_65535,0,1,25018,80,1,1,1,11,80,28,1,1,allocated
8,1716,greenran_normal,0,0,65535_65535,0,2,25018,72,1,1,0,10,0,28,1,1,pre_allocation
8,1716,greenran_normal,0,0,65535_65535,0,2,25018,80,1,1,1,11,80,28,1,1,allocated
8,1716,greenran_normal,0,0,65535_65535,0,4,25160,55,1,1,0,11,0,22,1,1,pre_allocation
8,1716,greenran_normal,0,0,65535_65535,0,4,25160,61,1,1,1,12,61,22,1,1,allocated
8,1716,greenran_normal,0,0,65535_65535,0,5,25026,80,1,1,0,11,0,28,1,1,pre_allocation
8,1716,greenran_normal,0,0,65535_65535,0,5,25026,88,1,1,1,12,88,28,1,1,allocated
8,1716,greenran_normal,0,0,65535_65535,0,3,25019,80,1,1,0,11,0,28,1,1,pre_allocation
8,1716,greenran_normal,0,0,65535_65535,0,3,25019,88,1,1,1,12,88,28,1,1,allocated
8,1716,greenran_normal,0,0,65535_65535,0,1,25018,80,1,1,0,11,0,28,1,1,pre_allocation
8,1716,greenran_normal,0,0,65535_65535,0,1,25018,88,1,1,1,12,88,28,1,1,allocated
8,1716,greenran_normal,0,0,65535_65535,0,2,25018,80,1,1,0,11,0,28,1,1,pre_allocation
8,1716,greenran_normal,0,0,65535_65535,0,2,25018,88,1,1,1,12,88,28,1,1,allocated
8,1716,greenran_normal,0,0,65535_65535,0,4,25160,61,1,1,0,12,0,22,1,1,pre_allocation
8,1716,greenran_normal,0,0,65535_65535,0,4,25160,66,1,1,1,13,66,22,1,1,allocated
8,1716,greenran_normal,0,0,65535_65535,0,5,25026,88,1,1,0,12,0,28,1,1,pre_allocation
8,1716,greenran_normal,0,0,65535_65535,0,5,25026,95,1,1,1,13,95,28,1,1,allocated
8,1716,greenran_normal,0,0,65535_65535,0,3,25019,88,1,1,0,12,0,28,1,1,pre_allocation
8,1716,greenran_normal,0,0,65535_65535,0,3,25019,95,1,1,1,13,95,28,1,1,allocated
8,1716,greenran_normal,0,0,65535_65535,0,1,25018,88,1,1,0,12,0,28,1,1,pre_allocation
8,1716,greenran_normal,0,0,65535_65535,0,1,25018,95,1,1,1,13,95,28,1,1,allocated
8,1716,greenran_normal,0,0,65535_65535,0,2,25018,88,1,1,0,12,0,28,1,1,pre_allocation
8,1716,greenran_normal,0,0,65535_65535,0,2,25018,95,1,1,1,13,95,28,1,1,allocated
8,1716,greenran_normal,0,0,65535_65535,0,4,25160,66,1,1,0,13,0,22,1,1,pre_allocation
8,1716,greenran_normal,0,0,65535_65535,0,4,25160,72,1,1,1,14,72,22,1,1,allocated
8,1716,greenran_normal,0,0,65535_65535,0,5,25026,95,1,1,0,13,0,28,1,1,pre_allocation
8,1716,greenran_normal,0,0,65535_65535,0,5,25026,103,1,1,1,14,103,28,1,1,allocated
8,1716,greenran_normal,0,0,65535_65535,0,3,25019,95,1,1,0,13,0,28,1,1,pre_allocation
8,1716,greenran_normal,0,0,65535_65535,0,3,25019,103,1,1,1,14,103,28,1,1,allocated
8,1716,greenran_normal,0,0,65535_65535,0,1,25018,95,1,1,0,13,0,28,1,1,pre_allocation
8,1716,greenran_normal,0,0,65535_65535,0,1,25018,103,1,1,1,14,103,28,1,1,allocated
8,1716,greenran_normal,0,0,65535_65535,0,2,25018,95,1,1,0,13,0,28,1,1,pre_allocation
8,1716,greenran_normal,0,0,65535_65535,0,2,25018,103,1,1,1,14,103,28,1,1,allocated
8,1716,greenran_normal,0,0,65535_65535,0,4,25160,72,1,1,0,14,0,22,1,1,pre_allocation
8,1716,greenran_normal,0,0,65535_65535,0,4,25160,77,1,1,1,15,77,22,1,1,allocated
8,1716,greenran_normal,0,0,65535_65535,0,5,25026,103,1,1,0,14,0,28,1,1,pre_allocation
8,1716,greenran_normal,0,0,65535_65535,0,5,25026,110,1,1,1,15,110,28,1,1,allocated
8,1716,greenran_normal,0,0,65535_65535,0,3,25019,103,1,1,0,14,0,28,1,1,pre_allocation
8,1716,greenran_normal,0,0,65535_65535,0,3,25019,110,1,1,1,15,110,28,1,1,allocated
8,1716,greenran_normal,0,0,65535_65535,0,1,25018,103,1,1,0,14,0,28,1,1,pre_allocation
8,1716,greenran_normal,0,0,65535_65535,0,1,25018,110,1,1,1,15,110,28,1,1,allocated
8,1716,greenran_normal,0,0,65535_65535,0,2,25018,103,1,1,0,14,0,28,1,1,pre_allocation
8,1716,greenran_normal,0,0,65535_65535,0,2,25018,110,1,1,1,15,110,28,1,1,allocated
8,1716,greenran_normal,0,0,65535_65535,0,4,25160,77,1,1,0,15,0,22,1,1,pre_allocation
8,1716,greenran_normal,0,0,65535_65535,0,4,25160,82,1,1,1,16,82,22,1,1,allocated
8,1716,greenran_normal,0,0,65535_65535,0,5,25026,110,1,1,0,15,0,28,1,1,pre_allocation
8,1716,greenran_normal,0,0,65535_65535,0,5,25026,118,1,1,1,16,118,28,1,1,allocated
8,1716,greenran_normal,0,0,65535_65535,0,3,25019,110,1,1,0,15,0,28,1,1,pre_allocation
8,1716,greenran_normal,0,0,65535_65535,0,3,25019,118,1,1,1,16,118,28,1,1,allocated
8,1716,greenran_normal,0,0,65535_65535,0,1,25018,110,1,1,0,15,0,28,1,1,pre_allocation
8,1716,greenran_normal,0,0,65535_65535,0,1,25018,118,1,1,1,16,118,28,1,1,allocated
8,1716,greenran_normal,0,0,65535_65535,0,2,25018,110,1,1,0,15,0,28,1,1,pre_allocation
8,1716,greenran_normal,0,0,65535_65535,0,2,25018,118,1,1,1,16,118,28,1,1,allocated
8,1716,greenran_normal,0,0,65535_65535,0,4,25160,82,1,1,0,16,0,22,1,1,pre_allocation
8,1716,greenran_normal,0,0,65535_65535,0,4,25160,88,1,1,1,17,88,22,1,1,allocated
8,1716,greenran_normal,0,0,65535_65535,0,5,25026,118,1,1,0,16,0,28,1,1,pre_allocation
8,1716,greenran_normal,0,0,65535_65535,0,5,25026,126,1,1,1,17,126,28,1,1,allocated
8,1716,greenran_normal,0,0,65535_65535,0,3,25019,118,1,1,0,16,0,28,1,1,pre_allocation
8,1716,greenran_normal,0,0,65535_65535,0,3,25019,126,1,1,1,17,126,28,1,1,allocated
8,1716,greenran_normal,0,0,65535_65535,0,1,25018,118,1,1,0,16,0,28,1,1,pre_allocation
8,1716,greenran_normal,0,0,65535_65535,0,1,25018,126,1,1,1,17,126,28,1,1,allocated
8,1716,greenran_normal,0,0,65535_65535,0,2,25018,118,1,1,0,16,0,28,1,1,pre_allocation
8,1716,greenran_normal,0,0,65535_65535,0,2,25018,126,1,1,1,17,126,28,1,1,allocated
8,1716,greenran_normal,0,0,65535_65535,0,4,25160,88,1,1,0,17,0,22,1,1,pre_allocation
8,1716,greenran_normal,0,0,65535_65535,0,4,25160,93,1,1,1,18,93,22,1,1,allocated
8,1716,greenran_normal,0,0,65535_65535,0,5,25026,126,1,1,0,17,0,28,1,1,pre_allocation
8,1716,greenran_normal,0,0,65535_65535,0,5,25026,133,1,1,1,18,133,28,1,1,allocated
8,1716,greenran_normal,0,0,65535_65535,0,3,25019,126,1,1,0,17,0,28,1,1,pre_allocation
8,1716,greenran_normal,0,0,65535_65535,0,3,25019,133,1,1,1,18,133,28,1,1,allocated
8,1716,greenran_normal,0,0,65535_65535,0,1,25018,126,1,1,0,17,0,28,1,1,pre_allocation
8,1716,greenran_normal,0,0,65535_65535,0,1,25018,133,1,1,1,18,133,28,1,1,allocated
8,1716,greenran_normal,0,0,65535_65535,0,2,25018,126,1,1,0,17,0,28,1,1,pre_allocation
8,1716,greenran_normal,0,0,65535_65535,0,2,25018,133,1,1,1,18,133,28,1,1,allocated
8,1716,greenran_normal,0,0,65535_65535,0,4,25160,93,1,1,0,18,0,22,1,1,pre_allocation
8,1716,greenran_normal,0,0,65535_65535,0,4,25160,98,1,1,1,19,98,22,1,1,allocated
8,1716,greenran_normal,0,0,65535_65535,0,5,25026,133,1,1,0,18,0,28,1,1,pre_allocation
8,1716,greenran_normal,0,0,65535_65535,0,5,25026,141,1,1,1,19,141,28,1,1,allocated
8,1716,greenran_normal,0,0,65535_65535,0,3,25019,133,1,1,0,18,0,28,1,1,pre_allocation
8,1716,greenran_normal,0,0,65535_65535,0,3,25019,141,1,1,1,19,141,28,1,1,allocated
8,1716,greenran_normal,0,0,65535_65535,0,1,25018,133,1,1,0,18,0,28,1,1,pre_allocation
8,1716,greenran_normal,0,0,65535_65535,0,1,25018,141,1,1,1,19,141,28,1,1,allocated
8,1716,greenran_normal,0,0,65535_65535,0,2,25018,133,1,1,0,18,0,28,1,1,pre_allocation
8,1716,greenran_normal,0,0,65535_65535,0,2,25018,141,1,1,1,19,141,28,1,1,allocated
8,1716,greenran_normal,0,0,65535_65535,0,4,25160,98,1,1,0,19,0,22,1,1,pre_allocation
8,1716,greenran_normal,0,0,65535_65535,0,4,25160,104,1,1,1,20,104,22,1,1,allocated
8,1716,greenran_normal,0,0,65535_65535,0,5,25026,141,1,1,0,19,0,28,1,1,pre_allocation
8,1716,greenran_normal,0,0,65535_65535,0,5,25026,148,1,1,1,20,148,28,1,1,allocated
8,1716,greenran_normal,0,0,65535_65535,0,3,25019,141,1,1,0,19,0,28,1,1,pre_allocation
8,1716,greenran_normal,0,0,65535_65535,0,3,25019,148,1,1,1,20,148,28,1,1,allocated
8,1716,greenran_normal,0,0,65535_65535,2,38,774731,0,1,1,0,0,0,2,1,1,pre_allocation
8,1716,greenran_normal,0,0,65535_65535,2,38,774731,0,1,1,1,1,0,2,1,1,allocated
8,1716,greenran_normal,0,0,65535_65535,2,60,774561,0,1,1,0,0,0,10,1,1,pre_allocation
8,1716,greenran_normal,0,0,65535_65535,2,60,774561,1,1,1,1,1,1,10,1,1,allocated
8,1716,greenran_normal,0,0,65535_65535,2,64,774531,0,1,1,0,0,0,14,1,1,pre_allocation
8,1716,greenran_normal,0,0,65535_65535,2,64,774531,2,1,1,1,1,2,14,1,1,allocated
8,1716,greenran_normal,0,0,65535_65535,2,43,774506,0,1,1,0,0,0,26,1,1,pre_allocation
8,1716,greenran_normal,0,0,65535_65535,2,43,774506,4,1,1,1,1,4,26,1,1,allocated
8,1716,greenran_normal,0,0,65535_65535,2,42,774326,0,1,1,0,0,0,22,1,1,pre_allocation
8,1716,greenran_normal,0,0,65535_65535,2,42,774326,2,1,1,1,1,2,22,1,1,allocated
8,1716,greenran_normal,0,0,65535_65535,2,59,774263,0,1,1,0,0,0,26,1,1,pre_allocation
8,1716,greenran_normal,0,0,65535_65535,2,59,774263,4,1,1,1,1,4,26,1,1,allocated
8,1716,greenran_normal,0,0,65535_65535,2,58,774296,0,1,1,0,0,0,26,1,1,pre_allocation
8,1716,greenran_normal,0,0,65535_65535,2,58,774296,4,1,1,1,1,4,26,1,1,allocated
8,1716,greenran_normal,0,0,65535_65535,2,40,774231,0,1,1,0,0,0,28,1,1,pre_allocation
8,1716,greenran_normal,0,0,65535_65535,2,40,774231,4,1,1,1,1,4,28,1,1,allocated
8,1716,greenran_normal,0,0,65535_65535,2,41,774231,0,1,1,0,0,0,28,1,1,pre_allocation
8,1716,greenran_normal,0,0,65535_65535,2,41,774231,4,1,1,1,1,4,28,1,1,allocated
8,1716,greenran_normal,0,0,65535_65535,2,36,774263,0,1,1,0,0,0,26,1,1,pre_allocation
8,1716,greenran_normal,0,0,65535_65535,2,36,774263,4,1,1,1,1,4,26,1,1,allocated
8,1716,greenran_normal,0,0,65535_65535,2,63,774226,0,1,1,0,0,0,28,1,1,pre_allocation
8,1716,greenran_normal,0,0,65535_65535,2,63,774226,4,1,1,1,1,4,28,1,1,allocated
8,1716,greenran_normal,0,0,65535_65535,2,62,774226,0,1,1,0,0,0,28,1,1,pre_allocation
8,1716,greenran_normal,0,0,65535_65535,2,62,774226,4,1,1,1,1,4,28,1,1,allocated
8,1716,greenran_normal,0,0,65535_65535,2,61,774226,0,1,1,0,0,0,28,1,1,pre_allocation
8,1716,greenran_normal,0,0,65535_65535,2,61,774226,4,1,1,1,1,4,28,1,1,allocated
8,1716,greenran_normal,0,0,65535_65535,2,35,774222,0,1,1,0,0,0,28,1,1,pre_allocation
8,1716,greenran_normal,0,0,65535_65535,2,35,774222,4,1,1,1,1,4,28,1,1,allocated
8,1716,greenran_normal,0,0,65535_65535,2,44,774222,0,1,1,0,0,0,28,1,1,pre_allocation
8,1716,greenran_normal,0,0,65535_65535,2,44,774222,4,1,1,1,1,4,28,1,1,allocated
8,1716,greenran_normal,0,0,65535_65535,2,55,774222,0,1,1,0,0,0,28,1,1,pre_allocation
8,1716,greenran_normal,0,0,65535_65535,2,55,774222,4,1,1,1,1,4,28,1,1,allocated
8,1716,greenran_normal,0,0,65535_65535,2,56,774222,0,1,1,0,0,0,28,1,1,pre_allocation
8,1716,greenran_normal,0,0,65535_65535,2,56,774222,4,1,1,1,1,4,28,1,1,allocated
8,1716,greenran_normal,0,0,65535_65535,2,57,774222,0,1,1,0,0,0,28,1,1,pre_allocation
8,1716,greenran_normal,0,0,65535_65535,2,57,774222,4,1,1,1,1,4,28,1,1,allocated
8,1716,greenran_normal,0,0,65535_65535,2,37,774224,0,1,1,0,0,0,28,1,1,pre_allocation
8,1716,greenran_normal,0,0,65535_65535,2,37,774224,4,1,1,1,1,4,28,1,1,allocated
8,1716,greenran_normal,0,0,65535_65535,2,39,774224,0,1,1,0,0,0,28,1,1,pre_allocation
8,1716,greenran_normal,0,0,65535_65535,2,39,774224,4,1,1,1,1,4,28,1,1,allocated
8,1716,greenran_normal,0,0,65535_65535,2,38,774731,0,1,1,0,1,0,2,1,1,pre_allocation
8,1716,greenran_normal,0,0,65535_65535,2,38,774731,0,1,1,1,2,0,2,1,1,allocated
8,1716,greenran_normal,0,0,65535_65535,2,60,774561,1,1,1,0,1,0,10,1,1,pre_allocation
8,1716,greenran_normal,0,0,65535_65535,2,60,774561,0,1,1,1,2,0,10,1,1,allocated
8,1716,greenran_normal,0,0,65535_65535,2,64,774531,2,1,1,0,1,0,14,1,1,pre_allocation
8,1716,greenran_normal,0,0,65535_65535,2,64,774531,2,1,1,1,2,2,14,1,1,allocated
8,1716,greenran_normal,0,0,65535_65535,2,43,774506,4,1,1,0,1,0,26,1,1,pre_allocation
8,1716,greenran_normal,0,0,65535_65535,2,43,774506,11,1,1,1,2,11,26,1,1,allocated
8,1716,greenran_normal,0,0,65535_65535,2,42,774326,2,1,1,0,1,0,22,1,1,pre_allocation
8,1716,greenran_normal,0,0,65535_65535,2,42,774326,7,1,1,1,2,7,22,1,1,allocated
8,1716,greenran_normal,0,0,65535_65535,2,59,774263,4,1,1,0,1,0,26,1,1,pre_allocation
8,1716,greenran_normal,0,0,65535_65535,2,59,774263,11,1,1,1,2,11,26,1,1,allocated
8,1716,greenran_normal,0,0,65535_65535,2,58,774296,4,1,1,0,1,0,26,1,1,pre_allocation
8,1716,greenran_normal,0,0,65535_65535,2,58,774296,11,1,1,1,2,11,26,1,1,allocated
8,1716,greenran_normal,0,0,65535_65535,2,40,774231,4,1,1,0,1,0,28,1,1,pre_allocation
8,1716,greenran_normal,0,0,65535_65535,2,40,774231,12,1,1,1,2,12,28,1,1,allocated
8,1716,greenran_normal,0,0,65535_65535,2,41,774231,4,1,1,0,1,0,28,1,1,pre_allocation
8,1716,greenran_normal,0,0,65535_65535,2,41,774231,12,1,1,1,2,12,28,1,1,allocated
8,1716,greenran_normal,0,0,65535_65535,2,36,774263,4,1,1,0,1,0,26,1,1,pre_allocation
8,1716,greenran_normal,0,0,65535_65535,2,36,774263,11,1,1,1,2,11,26,1,1,allocated
8,1716,greenran_normal,0,0,65535_65535,2,63,774226,4,1,1,0,1,0,28,1,1,pre_allocation
8,1716,greenran_normal,0,0,65535_65535,2,63,774226,12,1,1,1,2,12,28,1,1,allocated
8,1716,greenran_normal,0,0,65535_65535,2,62,774226,4,1,1,0,1,0,28,1,1,pre_allocation
8,1716,greenran_normal,0,0,65535_65535,2,62,774226,12,1,1,1,2,12,28,1,1,allocated
8,1716,greenran_normal,0,0,65535_65535,2,61,774226,4,1,1,0,1,0,28,1,1,pre_allocation
8,1716,greenran_normal,0,0,65535_65535,2,61,774226,12,1,1,1,2,12,28,1,1,allocated
8,1716,greenran_normal,0,0,65535_65535,2,35,774222,4,1,1,0,1,0,28,1,1,pre_allocation
8,1716,greenran_normal,0,0,65535_65535,2,35,774222,12,1,1,1,2,12,28,1,1,allocated
8,1716,greenran_normal,0,0,65535_65535,2,44,774222,4,1,1,0,1,0,28,1,1,pre_allocation
8,1716,greenran_normal,0,0,65535_65535,2,44,774222,12,1,1,1,2,12,28,1,1,allocated
8,1716,greenran_normal,0,0,65535_65535,2,55,774222,4,1,1,0,1,0,28,1,1,pre_allocation
8,1716,greenran_normal,0,0,65535_65535,2,55,774222,12,1,1,1,2,12,28,1,1,allocated
8,1716,greenran_normal,0,0,65535_65535,2,56,774222,4,1,1,0,1,0,28,1,1,pre_allocation
8,1716,greenran_normal,0,0,65535_65535,2,56,774222,12,1,1,1,2,12,28,1,1,allocated
8,1716,greenran_normal,0,0,65535_65535,2,57,774222,4,1,1,0,1,0,28,1,1,pre_allocation
8,1716,greenran_normal,0,0,65535_65535,2,57,774222,12,1,1,1,2,12,28,1,1,allocated
8,1716,greenran_normal,0,0,65535_65535,2,37,774224,4,1,1,0,1,0,28,1,1,pre_allocation
8,1716,greenran_normal,0,0,65535_65535,2,37,774224,12,1,1,1,2,12,28,1,1,allocated
8,1716,greenran_normal,0,0,65535_65535,2,39,774224,4,1,1,0,1,0,28,1,1,pre_allocation
8,1716,greenran_normal,0,0,65535_65535,2,39,774224,12,1,1,1,2,12,28,1,1,allocated
8,1716,greenran_normal,0,0,65535_65535,2,38,774731,0,1,1,0,2,0,2,1,1,pre_allocation
8,1716,greenran_normal,0,0,65535_65535,2,38,774731,0,1,1,1,3,0,2,1,1,allocated
8,1716,greenran_normal,0,0,65535_65535,2,60,774561,0,1,1,0,2,0,10,1,1,pre_allocation
8,1716,greenran_normal,0,0,65535_65535,2,60,774561,1,1,1,1,3,1,10,1,1,allocated
8,1716,greenran_normal,0,0,65535_65535,2,64,774531,2,1,1,0,2,0,14,1,1,pre_allocation
8,1716,greenran_normal,0,0,65535_65535,2,64,774531,4,1,1,1,3,4,14,1,1,allocated
8,1716,greenran_normal,0,0,65535_65535,2,43,774506,11,1,1,0,2,0,26,1,1,pre_allocation
8,1716,greenran_normal,0,0,65535_65535,2,43,774506,18,1,1,1,3,18,26,1,1,allocated
8,1716,greenran_normal,0,0,65535_65535,2,42,774326,7,1,1,0,2,0,22,1,1,pre_allocation
8,1716,greenran_normal,0,0,65535_65535,2,42,774326,13,1,1,1,3,13,22,1,1,allocated
8,1716,greenran_normal,0,0,65535_65535,2,59,774263,11,1,1,0,2,0,26,1,1,pre_allocation
8,1716,greenran_normal,0,0,65535_65535,2,59,774263,18,1,1,1,3,18,26,1,1,allocated
8,1716,greenran_normal,0,0,65535_65535,2,58,774296,11,1,1,0,2,0,26,1,1,pre_allocation
8,1716,greenran_normal,0,0,65535_65535,2,58,774296,18,1,1,1,3,18,26,1,1,allocated
8,1716,greenran_normal,0,0,65535_65535,2,40,774231,12,1,1,0,2,0,28,1,1,pre_allocation
8,1716,greenran_normal,0,0,65535_65535,2,40,774231,19,1,1,1,3,19,28,1,1,allocated
8,1716,greenran_normal,0,0,65535_65535,2,41,774231,12,1,1,0,2,0,28,1,1,pre_allocation
8,1716,greenran_normal,0,0,65535_65535,2,41,774231,19,1,1,1,3,19,28,1,1,allocated
8,1716,greenran_normal,0,0,65535_65535,2,36,774263,11,1,1,0,2,0,26,1,1,pre_allocation
8,1716,greenran_normal,0,0,65535_65535,2,36,774263,18,1,1,1,3,18,26,1,1,allocated
8,1716,greenran_normal,0,0,65535_65535,2,63,774226,12,1,1,0,2,0,28,1,1,pre_allocation
8,1716,greenran_normal,0,0,65535_65535,2,63,774226,19,1,1,1,3,19,28,1,1,allocated
8,1716,greenran_normal,0,0,65535_65535,2,62,774226,12,1,1,0,2,0,28,1,1,pre_allocation
8,1716,greenran_normal,0,0,65535_65535,2,62,774226,19,1,1,1,3,19,28,1,1,allocated
8,1716,greenran_normal,0,0,65535_65535,2,61,774226,12,1,1,0,2,0,28,1,1,pre_allocation
8,1716,greenran_normal,0,0,65535_65535,2,61,774226,19,1,1,1,3,19,28,1,1,allocated
8,1716,greenran_normal,0,0,65535_65535,2,35,774222,12,1,1,0,2,0,28,1,1,pre_allocation
8,1716,greenran_normal,0,0,65535_65535,2,35,774222,19,1,1,1,3,19,28,1,1,allocated
8,1716,greenran_normal,0,0,65535_65535,2,44,774222,12,1,1,0,2,0,28,1,1,pre_allocation
8,1716,greenran_normal,0,0,65535_65535,2,44,774222,19,1,1,1,3,19,28,1,1,allocated
8,1716,greenran_normal,0,0,65535_65535,2,55,774222,12,1,1,0,2,0,28,1,1,pre_allocation
8,1716,greenran_normal,0,0,65535_65535,2,55,774222,19,1,1,1,3,19,28,1,1,allocated
8,1716,greenran_normal,0,0,65535_65535,2,56,774222,12,1,1,0,2,0,28,1,1,pre_allocation
8,1716,greenran_normal,0,0,65535_65535,2,56,774222,19,1,1,1,3,19,28,1,1,allocated
8,1716,greenran_normal,0,0,65535_65535,2,57,774222,12,1,1,0,2,0,28,1,1,pre_allocation
8,1716,greenran_normal,0,0,65535_65535,2,57,774222,19,1,1,1,3,19,28,1,1,allocated
8,1716,greenran_normal,0,0,65535_65535,2,37,774224,12,1,1,0,2,0,28,1,1,pre_allocation
8,1716,greenran_normal,0,0,65535_65535,2,37,774224,19,1,1,1,3,19,28,1,1,allocated
8,1716,greenran_normal,0,0,65535_65535,2,39,774224,12,1,1,0,2,0,28,1,1,pre_allocation
8,1716,greenran_normal,0,0,65535_65535,2,39,774224,19,1,1,1,3,19,28,1,1,allocated
8,1716,greenran_normal,0,0,65535_65535,2,38,774731,0,1,1,0,3,0,2,1,1,pre_allocation
8,1716,greenran_normal,0,0,65535_65535,2,38,774731,1,1,1,1,4,1,2,1,1,allocated
8,1716,greenran_normal,0,0,65535_65535,2,60,774561,1,1,1,0,3,0,10,1,1,pre_allocation
8,1716,greenran_normal,0,0,65535_65535,2,60,774561,3,1,1,1,4,3,10,1,1,allocated
8,1716,greenran_normal,0,0,65535_65535,2,64,774531,4,1,1,0,3,0,14,1,1,pre_allocation
8,1716,greenran_normal,0,0,65535_65535,2,64,774531,7,1,1,1,4,7,14,1,1,allocated
8,1716,greenran_normal,0,0,65535_65535,2,43,774506,18,1,1,0,3,0,26,1,1,pre_allocation
8,1716,greenran_normal,0,0,65535_65535,2,43,774506,25,1,1,1,4,25,26,1,1,allocated
8,1716,greenran_normal,0,0,65535_65535,2,42,774326,13,1,1,0,3,0,22,1,1,pre_allocation
8,1716,greenran_normal,0,0,65535_65535,2,42,774326,18,1,1,1,4,18,22,1,1,allocated
8,1716,greenran_normal,0,0,65535_65535,2,59,774263,18,1,1,0,3,0,26,1,1,pre_allocation
8,1716,greenran_normal,0,0,65535_65535,2,59,774263,25,1,1,1,4,25,26,1,1,allocated
8,1716,greenran_normal,0,0,65535_65535,2,58,774296,18,1,1,0,3,0,26,1,1,pre_allocation
8,1716,greenran_normal,0,0,65535_65535,2,58,774296,25,1,1,1,4,25,26,1,1,allocated
8,1716,greenran_normal,0,0,65535_65535,2,40,774231,19,1,1,0,3,0,28,1,1,pre_allocation
8,1716,greenran_normal,0,0,65535_65535,2,40,774231,27,1,1,1,4,27,28,1,1,allocated
8,1716,greenran_normal,0,0,65535_65535,2,41,774231,19,1,1,0,3,0,28,1,1,pre_allocation
8,1716,greenran_normal,0,0,65535_65535,2,41,774231,27,1,1,1,4,27,28,1,1,allocated
8,1716,greenran_normal,0,0,65535_65535,2,36,774263,18,1,1,0,3,0,26,1,1,pre_allocation
8,1716,greenran_normal,0,0,65535_65535,2,36,774263,25,1,1,1,4,25,26,1,1,allocated
8,1716,greenran_normal,0,0,65535_65535,2,63,774226,19,1,1,0,3,0,28,1,1,pre_allocation
8,1716,greenran_normal,0,0,65535_65535,2,63,774226,27,1,1,1,4,27,28,1,1,allocated
8,1716,greenran_normal,0,0,65535_65535,2,62,774226,19,1,1,0,3,0,28,1,1,pre_allocation
8,1716,greenran_normal,0,0,65535_65535,2,62,774226,27,1,1,1,4,27,28,1,1,allocated
8,1716,greenran_normal,0,0,65535_65535,2,61,774226,19,1,1,0,3,0,28,1,1,pre_allocation
8,1716,greenran_normal,0,0,65535_65535,2,61,774226,27,1,1,1,4,27,28,1,1,allocated
8,1716,greenran_normal,0,0,65535_65535,2,35,774222,19,1,1,0,3,0,28,1,1,pre_allocation
8,1716,greenran_normal,0,0,65535_65535,2,35,774222,27,1,1,1,4,27,28,1,1,allocated
8,1716,greenran_normal,0,0,65535_65535,2,44,774222,19,1,1,0,3,0,28,1,1,pre_allocation
8,1716,greenran_normal,0,0,65535_65535,2,44,774222,27,1,1,1,4,27,28,1,1,allocated
8,1716,greenran_normal,0,0,65535_65535,2,55,774222,19,1,1,0,3,0,28,1,1,pre_allocation
8,1716,greenran_normal,0,0,65535_65535,2,55,774222,27,1,1,1,4,27,28,1,1,allocated
8,1716,greenran_normal,0,0,65535_65535,2,56,774222,19,1,1,0,3,0,28,1,1,pre_allocation
8,1716,greenran_normal,0,0,65535_65535,2,56,774222,27,1,1,1,4,27,28,1,1,allocated
8,1716,greenran_normal,0,0,65535_65535,2,57,774222,19,1,1,0,3,0,28,1,1,pre_allocation
8,1716,greenran_normal,0,0,65535_65535,2,57,774222,27,1,1,1,4,27,28,1,1,allocated
8,1716,greenran_normal,0,0,65535_65535,2,37,774224,19,1,1,0,3,0,28,1,1,pre_allocation
8,1716,greenran_normal,0,0,65535_65535,2,37,774224,27,1,1,1,4,27,28,1,1,allocated
8,1716,greenran_normal,0,0,65535_65535,2,39,774224,19,1,1,0,3,0,28,1,1,pre_allocation
8,1716,greenran_normal,0,0,65535_65535,2,39,774224,27,1,1,1,4,27,28,1,1,allocated
8,1716,greenran_normal,0,0,65535_65535,2,38,774731,1,1,1,0,4,0,2,1,1,pre_allocation
8,1716,greenran_normal,0,0,65535_65535,2,38,774731,1,1,1,1,5,1,2,1,1,allocated
8,1716,greenran_normal,0,0,65535_65535,2,60,774561,3,1,1,0,4,0,10,1,1,pre_allocation
8,1716,greenran_normal,0,0,65535_65535,2,60,774561,5,1,1,1,5,5,10,1,1,allocated
8,1716,greenran_normal,0,0,65535_65535,2,64,774531,7,1,1,0,4,0,14,1,1,pre_allocation
8,1716,greenran_normal,0,0,65535_65535,2,64,774531,10,1,1,1,5,10,14,1,1,allocated
8,1716,greenran_normal,0,0,65535_65535,2,43,774506,25,1,1,0,4,0,26,1,1,pre_allocation
8,1716,greenran_normal,0,0,65535_65535,2,43,774506,32,1,1,1,5,32,26,1,1,allocated
8,1716,greenran_normal,0,0,65535_65535,2,42,774326,18,1,1,0,4,0,22,1,1,pre_allocation
8,1716,greenran_normal,0,0,65535_65535,2,42,774326,23,1,1,1,5,23,22,1,1,allocated
8,1716,greenran_normal,0,0,65535_65535,2,59,774263,25,1,1,0,4,0,26,1,1,pre_allocation
8,1716,greenran_normal,0,0,65535_65535,2,59,774263,32,1,1,1,5,32,26,1,1,allocated
8,1716,greenran_normal,0,0,65535_65535,2,58,774296,25,1,1,0,4,0,26,1,1,pre_allocation
8,1716,greenran_normal,0,0,65535_65535,2,58,774296,32,1,1,1,5,32,26,1,1,allocated
8,1716,greenran_normal,0,0,65535_65535,2,40,774231,27,1,1,0,4,0,28,1,1,pre_allocation
8,1716,greenran_normal,0,0,65535_65535,2,40,774231,34,1,1,1,5,34,28,1,1,allocated
8,1716,greenran_normal,0,0,65535_65535,2,41,774231,27,1,1,0,4,0,28,1,1,pre_allocation
8,1716,greenran_normal,0,0,65535_65535,2,41,774231,34,1,1,1,5,34,28,1,1,allocated
8,1716,greenran_normal,0,0,65535_65535,2,36,774263,25,1,1,0,4,0,26,1,1,pre_allocation
8,1716,greenran_normal,0,0,65535_65535,2,36,774263,32,1,1,1,5,32,26,1,1,allocated
8,1716,greenran_normal,0,0,65535_65535,2,63,774226,27,1,1,0,4,0,28,1,1,pre_allocation
8,1716,greenran_normal,0,0,65535_65535,2,63,774226,34,1,1,1,5,34,28,1,1,allocated
8,1716,greenran_normal,0,0,65535_65535,2,62,774226,27,1,1,0,4,0,28,1,1,pre_allocation
8,1716,greenran_normal,0,0,65535_65535,2,62,774226,34,1,1,1,5,34,28,1,1,allocated
8,1716,greenran_normal,0,0,65535_65535,2,61,774226,27,1,1,0,4,0,28,1,1,pre_allocation
8,1716,greenran_normal,0,0,65535_65535,2,61,774226,34,1,1,1,5,34,28,1,1,allocated
8,1716,greenran_normal,0,0,65535_65535,2,35,774222,27,1,1,0,4,0,28,1,1,pre_allocation
8,1716,greenran_normal,0,0,65535_65535,2,35,774222,34,1,1,1,5,34,28,1,1,allocated
8,1716,greenran_normal,0,0,65535_65535,2,44,774222,27,1,1,0,4,0,28,1,1,pre_allocation
8,1716,greenran_normal,0,0,65535_65535,2,44,774222,34,1,1,1,5,34,28,1,1,allocated
8,1716,greenran_normal,0,0,65535_65535,2,55,774222,27,1,1,0,4,0,28,1,1,pre_allocation
8,1716,greenran_normal,0,0,65535_65535,2,55,774222,34,1,1,1,5,34,28,1,1,allocated
8,1716,greenran_normal,0,0,65535_65535,2,56,774222,27,1,1,0,4,0,28,1,1,pre_allocation
8,1716,greenran_normal,0,0,65535_65535,2,56,774222,34,1,1,1,5,34,28,1,1,allocated
8,1716,greenran_normal,0,0,65535_65535,2,57,774222,27,1,1,0,4,0,28,1,1,pre_allocation
8,1716,greenran_normal,0,0,65535_65535,2,57,774222,34,1,1,1,5,34,28,1,1,allocated
8,1716,greenran_normal,0,0,65535_65535,2,37,774224,27,1,1,0,4,0,28,1,1,pre_allocation
8,1716,greenran_normal,0,0,65535_65535,2,37,774224,34,1,1,1,5,34,28,1,1,allocated
8,1716,greenran_normal,0,0,65535_65535,2,39,774224,27,1,1,0,4,0,28,1,1,pre_allocation
8,1716,greenran_normal,0,0,65535_65535,2,39,774224,34,1,1,1,5,34,28,1,1,allocated
8,1716,greenran_normal,0,0,65535_65535,2,38,774731,1,1,1,0,5,0,2,1,1,pre_allocation
8,1716,greenran_normal,0,0,65535_65535,2,38,774731,1,1,1,1,6,1,2,1,1,allocated
8,1716,greenran_normal,0,0,65535_65535,2,60,774561,5,1,1,0,5,0,10,1,1,pre_allocation
8,1716,greenran_normal,0,0,65535_65535,2,60,774561,6,1,1,1,6,6,10,1,1,allocated
8,1716,greenran_normal,0,0,65535_65535,2,64,774531,10,1,1,0,5,0,14,1,1,pre_allocation
8,1716,greenran_normal,0,0,65535_65535,2,64,774531,12,1,1,1,6,12,14,1,1,allocated
8,1716,greenran_normal,0,0,65535_65535,2,43,774506,32,1,1,0,5,0,26,1,1,pre_allocation
8,1716,greenran_normal,0,0,65535_65535,2,43,774506,39,1,1,1,6,39,26,1,1,allocated
8,1716,greenran_normal,0,0,65535_65535,2,42,774326,23,1,1,0,5,0,22,1,1,pre_allocation
8,1716,greenran_normal,0,0,65535_65535,2,42,774326,29,1,1,1,6,29,22,1,1,allocated
8,1716,greenran_normal,0,0,65535_65535,2,59,774263,32,1,1,0,5,0,26,1,1,pre_allocation
8,1716,greenran_normal,0,0,65535_65535,2,59,774263,39,1,1,1,6,39,26,1,1,allocated
8,1716,greenran_normal,0,0,65535_65535,2,58,774296,32,1,1,0,5,0,26,1,1,pre_allocation
8,1716,greenran_normal,0,0,65535_65535,2,58,774296,39,1,1,1,6,39,26,1,1,allocated
8,1716,greenran_normal,0,0,65535_65535,2,40,774231,34,1,1,0,5,0,28,1,1,pre_allocation
8,1716,greenran_normal,0,0,65535_65535,2,40,774231,42,1,1,1,6,42,28,1,1,allocated
8,1716,greenran_normal,0,0,65535_65535,2,41,774231,34,1,1,0,5,0,28,1,1,pre_allocation
8,1716,greenran_normal,0,0,65535_65535,2,41,774231,42,1,1,1,6,42,28,1,1,allocated
8,1716,greenran_normal,0,0,65535_65535,2,36,774263,32,1,1,0,5,0,26,1,1,pre_allocation
8,1716,greenran_normal,0,0,65535_65535,2,36,774263,39,1,1,1,6,39,26,1,1,allocated
8,1716,greenran_normal,0,0,65535_65535,2,63,774226,34,1,1,0,5,0,28,1,1,pre_allocation
8,1716,greenran_normal,0,0,65535_65535,2,63,774226,42,1,1,1,6,42,28,1,1,allocated
8,1716,greenran_normal,0,0,65535_65535,2,62,774226,34,1,1,0,5,0,28,1,1,pre_allocation
8,1716,greenran_normal,0,0,65535_65535,2,62,774226,42,1,1,1,6,42,28,1,1,allocated
8,1716,greenran_normal,0,0,65535_65535,2,61,774226,34,1,1,0,5,0,28,1,1,pre_allocation
8,1716,greenran_normal,0,0,65535_65535,2,61,774226,42,1,1,1,6,42,28,1,1,allocated
8,1716,greenran_normal,0,0,65535_65535,2,35,774222,34,1,1,0,5,0,28,1,1,pre_allocation
8,1716,greenran_normal,0,0,65535_65535,2,35,774222,42,1,1,1,6,42,28,1,1,allocated
8,1716,greenran_normal,0,0,65535_65535,2,44,774222,34,1,1,0,5,0,28,1,1,pre_allocation
8,1716,greenran_normal,0,0,65535_65535,2,44,774222,42,1,1,1,6,42,28,1,1,allocated
8,1716,greenran_normal,0,0,65535_65535,2,55,774222,34,1,1,0,5,0,28,1,1,pre_allocation
8,1716,greenran_normal,0,0,65535_65535,2,55,774222,42,1,1,1,6,42,28,1,1,allocated
8,1716,greenran_normal,0,0,65535_65535,2,56,774222,34,1,1,0,5,0,28,1,1,pre_allocation
8,1716,greenran_normal,0,0,65535_65535,2,56,774222,42,1,1,1,6,42,28,1,1,allocated
8,1716,greenran_normal,0,0,65535_65535,2,57,774222,34,1,1,0,5,0,28,1,1,pre_allocation
8,1716,greenran_normal,0,0,65535_65535,2,57,774222,42,1,1,1,6,42,28,1,1,allocated
8,1716,greenran_normal,0,0,65535_65535,2,37,774224,34,1,1,0,5,0,28,1,1,pre_allocation
8,1716,greenran_normal,0,0,65535_65535,2,37,774224,42,1,1,1,6,42,28,1,1,allocated
8,1716,greenran_normal,0,0,65535_65535,2,39,774224,34,1,1,0,5,0,28,1,1,pre_allocation
8,1716,greenran_normal,0,0,65535_65535,2,39,774224,42,1,1,1,6,42,28,1,1,allocated
8,1716,greenran_normal,0,0,65535_65535,2,38,774731,1,1,1,0,6,0,2,1,1,pre_allocation
8,1716,greenran_normal,0,0,65535_65535,2,38,774731,2,1,1,1,7,2,2,1,1,allocated
8,1716,greenran_normal,0,0,65535_65535,2,60,774561,6,1,1,0,6,0,10,1,1,pre_allocation
8,1716,greenran_normal,0,0,65535_65535,2,60,774561,8,1,1,1,7,8,10,1,1,allocated
8,1716,greenran_normal,0,0,65535_65535,2,64,774531,12,1,1,0,6,0,14,1,1,pre_allocation
8,1716,greenran_normal,0,0,65535_65535,2,64,774531,15,1,1,1,7,15,14,1,1,allocated
8,1716,greenran_normal,0,0,65535_65535,2,43,774506,39,1,1,0,6,0,26,1,1,pre_allocation
8,1716,greenran_normal,0,0,65535_65535,2,43,774506,46,1,1,1,7,46,26,1,1,allocated
8,1716,greenran_normal,0,0,65535_65535,2,42,774326,29,1,1,0,6,0,22,1,1,pre_allocation
8,1716,greenran_normal,0,0,65535_65535,2,42,774326,34,1,1,1,7,34,22,1,1,allocated
8,1716,greenran_normal,0,0,65535_65535,2,59,774263,39,1,1,0,6,0,26,1,1,pre_allocation
8,1716,greenran_normal,0,0,65535_65535,2,59,774263,46,1,1,1,7,46,26,1,1,allocated
8,1716,greenran_normal,0,0,65535_65535,2,58,774296,39,1,1,0,6,0,26,1,1,pre_allocation
8,1716,greenran_normal,0,0,65535_65535,2,58,774296,46,1,1,1,7,46,26,1,1,allocated
8,1716,greenran_normal,0,0,65535_65535,2,40,774231,42,1,1,0,6,0,28,1,1,pre_allocation
8,1716,greenran_normal,0,0,65535_65535,2,40,774231,50,1,1,1,7,50,28,1,1,allocated
8,1716,greenran_normal,0,0,65535_65535,2,41,774231,42,1,1,0,6,0,28,1,1,pre_allocation
8,1716,greenran_normal,0,0,65535_65535,2,41,774231,50,1,1,1,7,50,28,1,1,allocated
8,1716,greenran_normal,0,0,65535_65535,2,36,774263,39,1,1,0,6,0,26,1,1,pre_allocation
8,1716,greenran_normal,0,0,65535_65535,2,36,774263,46,1,1,1,7,46,26,1,1,allocated
8,1716,greenran_normal,0,0,65535_65535,2,63,774226,42,1,1,0,6,0,28,1,1,pre_allocation
8,1716,greenran_normal,0,0,65535_65535,2,63,774226,50,1,1,1,7,50,28,1,1,allocated
8,1716,greenran_normal,0,0,65535_65535,2,62,774226,42,1,1,0,6,0,28,1,1,pre_allocation
8,1716,greenran_normal,0,0,65535_65535,2,62,774226,50,1,1,1,7,50,28,1,1,allocated
8,1716,greenran_normal,0,0,65535_65535,2,61,774226,42,1,1,0,6,0,28,1,1,pre_allocation
8,1716,greenran_normal,0,0,65535_65535,2,61,774226,50,1,1,1,7,50,28,1,1,allocated
8,1716,greenran_normal,0,0,65535_65535,2,35,774222,42,1,1,0,6,0,28,1,1,pre_allocation
8,1716,greenran_normal,0,0,65535_65535,2,35,774222,50,1,1,1,7,50,28,1,1,allocated
8,1716,greenran_normal,0,0,65535_65535,2,44,774222,42,1,1,0,6,0,28,1,1,pre_allocation
8,1716,greenran_normal,0,0,65535_65535,2,44,774222,50,1,1,1,7,50,28,1,1,allocated
8,1716,greenran_normal,0,0,65535_65535,2,55,774222,42,1,1,0,6,0,28,1,1,pre_allocation
8,1716,greenran_normal,0,0,65535_65535,2,55,774222,50,1,1,1,7,50,28,1,1,allocated
8,1716,greenran_normal,0,0,65535_65535,2,56,774222,42,1,1,0,6,0,28,1,1,pre_allocation
8,1716,greenran_normal,0,0,65535_65535,2,56,774222,50,1,1,1,7,50,28,1,1,allocated
8,1716,greenran_normal,0,0,65535_65535,2,57,774222,42,1,1,0,6,0,28,1,1,pre_allocation
8,1716,greenran_normal,0,0,65535_65535,2,57,774222,50,1,1,1,7,50,28,1,1,allocated
8,1716,greenran_normal,0,0,65535_65535,2,37,774224,42,1,1,0,6,0,28,1,1,pre_allocation
8,1716,greenran_normal,0,0,65535_65535,2,37,774224,50,1,1,1,7,50,28,1,1,allocated
8,1716,greenran_normal,0,0,65535_65535,2,39,774224,42,1,1,0,6,0,28,1,1,pre_allocation
8,1716,greenran_normal,0,0,65535_65535,2,39,774224,50,1,1,1,7,50,28,1,1,allocated
8,1716,greenran_normal,0,0,65535_65535,2,38,774731,2,1,1,0,7,0,2,1,1,pre_allocation
8,1716,greenran_normal,0,0,65535_65535,2,38,774731,2,1,1,1,8,2,2,1,1,allocated
8,1716,greenran_normal,0,0,65535_65535,2,60,774561,8,1,1,0,7,0,10,1,1,pre_allocation
8,1716,greenran_normal,0,0,65535_65535,2,60,774561,10,1,1,1,8,10,10,1,1,allocated
8,1716,greenran_normal,0,0,65535_65535,2,64,774531,15,1,1,0,7,0,14,1,1,pre_allocation
8,1716,greenran_normal,0,0,65535_65535,2,64,774531,18,1,1,1,8,18,14,1,1,allocated
8,1716,greenran_normal,0,0,65535_65535,2,43,774506,46,1,1,0,7,0,26,1,1,pre_allocation
8,1716,greenran_normal,0,0,65535_65535,2,43,774506,53,1,1,1,8,53,26,1,1,allocated
8,1716,greenran_normal,0,0,65535_65535,2,42,774326,34,1,1,0,7,0,22,1,1,pre_allocation
8,1716,greenran_normal,0,0,65535_65535,2,42,774326,39,1,1,1,8,39,22,1,1,allocated
8,1716,greenran_normal,0,0,65535_65535,2,59,774263,46,1,1,0,7,0,26,1,1,pre_allocation
8,1716,greenran_normal,0,0,65535_65535,2,59,774263,53,1,1,1,8,53,26,1,1,allocated
8,1716,greenran_normal,0,0,65535_65535,2,58,774296,46,1,1,0,7,0,26,1,1,pre_allocation
8,1716,greenran_normal,0,0,65535_65535,2,58,774296,53,1,1,1,8,53,26,1,1,allocated
8,1716,greenran_normal,0,0,65535_65535,2,40,774231,50,1,1,0,7,0,28,1,1,pre_allocation
8,1716,greenran_normal,0,0,65535_65535,2,40,774231,57,1,1,1,8,57,28,1,1,allocated
8,1716,greenran_normal,0,0,65535_65535,2,41,774231,50,1,1,0,7,0,28,1,1,pre_allocation
8,1716,greenran_normal,0,0,65535_65535,2,41,774231,57,1,1,1,8,57,28,1,1,allocated
8,1716,greenran_normal,0,0,65535_65535,2,36,774263,46,1,1,0,7,0,26,1,1,pre_allocation
8,1716,greenran_normal,0,0,65535_65535,2,36,774263,53,1,1,1,8,53,26,1,1,allocated
8,1716,greenran_normal,0,0,65535_65535,2,63,774226,50,1,1,0,7,0,28,1,1,pre_allocation
8,1716,greenran_normal,0,0,65535_65535,2,63,774226,57,1,1,1,8,57,28,1,1,allocated
8,1716,greenran_normal,0,0,65535_65535,2,62,774226,50,1,1,0,7,0,28,1,1,pre_allocation
8,1716,greenran_normal,0,0,65535_65535,2,62,774226,57,1,1,1,8,57,28,1,1,allocated
8,1716,greenran_normal,0,0,65535_65535,2,61,774226,50,1,1,0,7,0,28,1,1,pre_allocation
8,1716,greenran_normal,0,0,65535_65535,2,61,774226,57,1,1,1,8,57,28,1,1,allocated
8,1716,greenran_normal,0,0,65535_65535,2,35,774222,50,1,1,0,7,0,28,1,1,pre_allocation
8,1716,greenran_normal,0,0,65535_65535,2,35,774222,57,1,1,1,8,57,28,1,1,allocated
8,1716,greenran_normal,0,0,65535_65535,2,44,774222,50,1,1,0,7,0,28,1,1,pre_allocation
8,1716,greenran_normal,0,0,65535_65535,2,44,774222,57,1,1,1,8,57,28,1,1,allocated
8,1716,greenran_normal,0,0,65535_65535,2,55,774222,50,1,1,0,7,0,28,1,1,pre_allocation
8,1716,greenran_normal,0,0,65535_65535,2,55,774222,57,1,1,1,8,57,28,1,1,allocated
8,1716,greenran_normal,0,0,65535_65535,2,56,774222,50,1,1,0,7,0,28,1,1,pre_allocation
8,1716,greenran_normal,0,0,65535_65535,2,56,774222,57,1,1,1,8,57,28,1,1,allocated
8,1716,greenran_normal,0,0,65535_65535,2,57,774222,50,1,1,0,7,0,28,1,1,pre_allocation
8,1716,greenran_normal,0,0,65535_65535,2,57,774222,57,1,1,1,8,57,28,1,1,allocated
8,1716,greenran_normal,0,0,65535_65535,2,37,774224,50,1,1,0,7,0,28,1,1,pre_allocation
8,1716,greenran_normal,0,0,65535_65535,2,37,774224,57,1,1,1,8,57,28,1,1,allocated
8,1716,greenran_normal,0,0,65535_65535,2,39,774224,50,1,1,0,7,0,28,1,1,pre_allocation
8,1716,greenran_normal,0,0,65535_65535,2,39,774224,57,1,1,1,8,57,28,1,1,allocated
8,1716,greenran_normal,0,0,65535_65535,2,38,774731,2,1,1,0,8,0,2,1,1,pre_allocation
8,1716,greenran_normal,0,0,65535_65535,2,38,774731,2,1,1,1,9,2,2,1,1,allocated
8,1716,greenran_normal,0,0,65535_65535,2,60,774561,10,1,1,0,8,0,10,1,1,pre_allocation
8,1716,greenran_normal,0,0,65535_65535,2,60,774561,11,1,1,1,9,11,10,1,1,allocated
8,1716,greenran_normal,0,0,65535_65535,2,64,774531,18,1,1,0,8,0,14,1,1,pre_allocation
8,1716,greenran_normal,0,0,65535_65535,2,64,774531,20,1,1,1,9,20,14,1,1,allocated
8,1716,greenran_normal,0,0,65535_65535,2,43,774506,53,1,1,0,8,0,26,1,1,pre_allocation
8,1716,greenran_normal,0,0,65535_65535,2,43,774506,60,1,1,1,9,60,26,1,1,allocated
8,1716,greenran_normal,0,0,65535_65535,2,42,774326,39,1,1,0,8,0,22,1,1,pre_allocation
8,1716,greenran_normal,0,0,65535_65535,2,42,774326,45,1,1,1,9,45,22,1,1,allocated
8,1716,greenran_normal,0,0,65535_65535,2,59,774263,53,1,1,0,8,0,26,1,1,pre_allocation
8,1716,greenran_normal,0,0,65535_65535,2,59,774263,60,1,1,1,9,60,26,1,1,allocated
8,1716,greenran_normal,0,0,65535_65535,2,58,774296,53,1,1,0,8,0,26,1,1,pre_allocation
8,1716,greenran_normal,0,0,65535_65535,2,58,774296,60,1,1,1,9,60,26,1,1,allocated
8,1716,greenran_normal,0,0,65535_65535,2,40,774231,57,1,1,0,8,0,28,1,1,pre_allocation
8,1716,greenran_normal,0,0,65535_65535,2,40,774231,65,1,1,1,9,65,28,1,1,allocated
9,1986,greenran_normal,0,0,65535_65535,0,4,30737,0,1,1,0,0,0,22,1,1,pre_allocation
9,1986,greenran_normal,0,0,65535_65535,0,4,30737,2,1,1,1,1,2,22,1,1,allocated
9,1986,greenran_normal,0,0,65535_65535,0,5,30559,0,1,1,0,0,0,28,1,1,pre_allocation
9,1986,greenran_normal,0,0,65535_65535,0,5,30559,4,1,1,1,1,4,28,1,1,allocated
9,1986,greenran_normal,0,0,65535_65535,0,1,30558,0,1,1,0,0,0,28,1,1,pre_allocation
9,1986,greenran_normal,0,0,65535_65535,0,1,30558,4,1,1,1,1,4,28,1,1,allocated
9,1986,greenran_normal,0,0,65535_65535,0,2,30558,0,1,1,0,0,0,28,1,1,pre_allocation
9,1986,greenran_normal,0,0,65535_65535,0,2,30558,4,1,1,1,1,4,28,1,1,allocated
9,1986,greenran_normal,0,0,65535_65535,0,3,30552,0,1,1,0,0,0,28,1,1,pre_allocation
9,1986,greenran_normal,0,0,65535_65535,0,3,30552,4,1,1,1,1,4,28,1,1,allocated
9,1986,greenran_normal,0,0,65535_65535,0,4,30737,2,1,1,0,1,0,22,1,1,pre_allocation
9,1986,greenran_normal,0,0,65535_65535,0,4,30737,7,1,1,1,2,7,22,1,1,allocated
9,1986,greenran_normal,0,0,65535_65535,0,5,30559,4,1,1,0,1,0,28,1,1,pre_allocation
9,1986,greenran_normal,0,0,65535_65535,0,5,30559,12,1,1,1,2,12,28,1,1,allocated
9,1986,greenran_normal,0,0,65535_65535,0,1,30558,4,1,1,0,1,0,28,1,1,pre_allocation
9,1986,greenran_normal,0,0,65535_65535,0,1,30558,12,1,1,1,2,12,28,1,1,allocated
9,1986,greenran_normal,0,0,65535_65535,0,2,30558,4,1,1,0,1,0,28,1,1,pre_allocation
9,1986,greenran_normal,0,0,65535_65535,0,2,30558,12,1,1,1,2,12,28,1,1,allocated
9,1986,greenran_normal,0,0,65535_65535,0,3,30552,4,1,1,0,1,0,28,1,1,pre_allocation
9,1986,greenran_normal,0,0,65535_65535,0,3,30552,12,1,1,1,2,12,28,1,1,allocated
9,1986,greenran_normal,0,0,65535_65535,0,4,30737,7,1,1,0,2,0,22,1,1,pre_allocation
9,1986,greenran_normal,0,0,65535_65535,0,4,30737,13,1,1,1,3,13,22,1,1,allocated
9,1986,greenran_normal,0,0,65535_65535,0,5,30559,12,1,1,0,2,0,28,1,1,pre_allocation
9,1986,greenran_normal,0,0,65535_65535,0,5,30559,19,1,1,1,3,19,28,1,1,allocated
9,1986,greenran_normal,0,0,65535_65535,0,1,30558,12,1,1,0,2,0,28,1,1,pre_allocation
9,1986,greenran_normal,0,0,65535_65535,0,1,30558,19,1,1,1,3,19,28,1,1,allocated
9,1986,greenran_normal,0,0,65535_65535,0,2,30558,12,1,1,0,2,0,28,1,1,pre_allocation
9,1986,greenran_normal,0,0,65535_65535,0,2,30558,19,1,1,1,3,19,28,1,1,allocated
9,1986,greenran_normal,0,0,65535_65535,0,3,30552,12,1,1,0,2,0,28,1,1,pre_allocation
9,1986,greenran_normal,0,0,65535_65535,0,3,30552,19,1,1,1,3,19,28,1,1,allocated
9,1986,greenran_normal,0,0,65535_65535,0,4,30737,13,1,1,0,3,0,22,1,1,pre_allocation
9,1986,greenran_normal,0,0,65535_65535,0,4,30737,18,1,1,1,4,18,22,1,1,allocated
9,1986,greenran_normal,0,0,65535_65535,0,5,30559,19,1,1,0,3,0,28,1,1,pre_allocation
9,1986,greenran_normal,0,0,65535_65535,0,5,30559,27,1,1,1,4,27,28,1,1,allocated
9,1986,greenran_normal,0,0,65535_65535,0,1,30558,19,1,1,0,3,0,28,1,1,pre_allocation
9,1986,greenran_normal,0,0,65535_65535,0,1,30558,27,1,1,1,4,27,28,1,1,allocated
9,1986,greenran_normal,0,0,65535_65535,0,2,30558,19,1,1,0,3,0,28,1,1,pre_allocation
9,1986,greenran_normal,0,0,65535_65535,0,2,30558,27,1,1,1,4,27,28,1,1,allocated
9,1986,greenran_normal,0,0,65535_65535,0,3,30552,19,1,1,0,3,0,28,1,1,pre_allocation
9,1986,greenran_normal,0,0,65535_65535,0,3,30552,27,1,1,1,4,27,28,1,1,allocated
9,1986,greenran_normal,0,0,65535_65535,0,4,30737,18,1,1,0,4,0,22,1,1,pre_allocation
9,1986,greenran_normal,0,0,65535_65535,0,4,30737,23,1,1,1,5,23,22,1,1,allocated
9,1986,greenran_normal,0,0,65535_65535,0,5,30559,27,1,1,0,4,0,28,1,1,pre_allocation
9,1986,greenran_normal,0,0,65535_65535,0,5,30559,34,1,1,1,5,34,28,1,1,allocated
9,1986,greenran_normal,0,0,65535_65535,0,1,30558,27,1,1,0,4,0,28,1,1,pre_allocation
9,1986,greenran_normal,0,0,65535_65535,0,1,30558,34,1,1,1,5,34,28,1,1,allocated
9,1986,greenran_normal,0,0,65535_65535,0,2,30558,27,1,1,0,4,0,28,1,1,pre_allocation
9,1986,greenran_normal,0,0,65535_65535,0,2,30558,34,1,1,1,5,34,28,1,1,allocated
9,1986,greenran_normal,0,0,65535_65535,0,3,30552,27,1,1,0,4,0,28,1,1,pre_allocation
9,1986,greenran_normal,0,0,65535_65535,0,3,30552,34,1,1,1,5,34,28,1,1,allocated
9,1986,greenran_normal,0,0,65535_65535,0,4,30737,23,1,1,0,5,0,22,1,1,pre_allocation
9,1986,greenran_normal,0,0,65535_65535,0,4,30737,29,1,1,1,6,29,22,1,1,allocated
9,1986,greenran_normal,0,0,65535_65535,0,5,30559,34,1,1,0,5,0,28,1,1,pre_allocation
9,1986,greenran_normal,0,0,65535_65535,0,5,30559,42,1,1,1,6,42,28,1,1,allocated
9,1986,greenran_normal,0,0,65535_65535,0,1,30558,34,1,1,0,5,0,28,1,1,pre_allocation
9,1986,greenran_normal,0,0,65535_65535,0,1,30558,42,1,1,1,6,42,28,1,1,allocated
9,1986,greenran_normal,0,0,65535_65535,0,2,30558,34,1,1,0,5,0,28,1,1,pre_allocation
9,1986,greenran_normal,0,0,65535_65535,0,2,30558,42,1,1,1,6,42,28,1,1,allocated
9,1986,greenran_normal,0,0,65535_65535,0,3,30552,34,1,1,0,5,0,28,1,1,pre_allocation
9,1986,greenran_normal,0,0,65535_65535,0,3,30552,42,1,1,1,6,42,28,1,1,allocated
9,1986,greenran_normal,0,0,65535_65535,0,4,30737,29,1,1,0,6,0,22,1,1,pre_allocation
9,1986,greenran_normal,0,0,65535_65535,0,4,30737,34,1,1,1,7,34,22,1,1,allocated
9,1986,greenran_normal,0,0,65535_65535,0,5,30559,42,1,1,0,6,0,28,1,1,pre_allocation
9,1986,greenran_normal,0,0,65535_65535,0,5,30559,50,1,1,1,7,50,28,1,1,allocated
9,1986,greenran_normal,0,0,65535_65535,0,1,30558,42,1,1,0,6,0,28,1,1,pre_allocation
9,1986,greenran_normal,0,0,65535_65535,0,1,30558,50,1,1,1,7,50,28,1,1,allocated
9,1986,greenran_normal,0,0,65535_65535,0,2,30558,42,1,1,0,6,0,28,1,1,pre_allocation
9,1986,greenran_normal,0,0,65535_65535,0,2,30558,50,1,1,1,7,50,28,1,1,allocated
9,1986,greenran_normal,0,0,65535_65535,0,3,30552,42,1,1,0,6,0,28,1,1,pre_allocation
9,1986,greenran_normal,0,0,65535_65535,0,3,30552,50,1,1,1,7,50,28,1,1,allocated
9,1986,greenran_normal,0,0,65535_65535,0,4,30737,34,1,1,0,7,0,22,1,1,pre_allocation
9,1986,greenran_normal,0,0,65535_65535,0,4,30737,39,1,1,1,8,39,22,1,1,allocated
9,1986,greenran_normal,0,0,65535_65535,0,5,30559,50,1,1,0,7,0,28,1,1,pre_allocation
9,1986,greenran_normal,0,0,65535_65535,0,5,30559,57,1,1,1,8,57,28,1,1,allocated
9,1986,greenran_normal,0,0,65535_65535,0,1,30558,50,1,1,0,7,0,28,1,1,pre_allocation
9,1986,greenran_normal,0,0,65535_65535,0,1,30558,57,1,1,1,8,57,28,1,1,allocated
9,1986,greenran_normal,0,0,65535_65535,0,2,30558,50,1,1,0,7,0,28,1,1,pre_allocation
9,1986,greenran_normal,0,0,65535_65535,0,2,30558,57,1,1,1,8,57,28,1,1,allocated
9,1986,greenran_normal,0,0,65535_65535,0,3,30552,50,1,1,0,7,0,28,1,1,pre_allocation
9,1986,greenran_normal,0,0,65535_65535,0,3,30552,57,1,1,1,8,57,28,1,1,allocated
9,1986,greenran_normal,0,0,65535_65535,0,4,30737,39,1,1,0,8,0,22,1,1,pre_allocation
9,1986,greenran_normal,0,0,65535_65535,0,4,30737,45,1,1,1,9,45,22,1,1,allocated
9,1986,greenran_normal,0,0,65535_65535,0,5,30559,57,1,1,0,8,0,28,1,1,pre_allocation
9,1986,greenran_normal,0,0,65535_65535,0,5,30559,65,1,1,1,9,65,28,1,1,allocated
9,1986,greenran_normal,0,0,65535_65535,0,1,30558,57,1,1,0,8,0,28,1,1,pre_allocation
9,1986,greenran_normal,0,0,65535_65535,0,1,30558,65,1,1,1,9,65,28,1,1,allocated
9,1986,greenran_normal,0,0,65535_65535,0,2,30558,57,1,1,0,8,0,28,1,1,pre_allocation
9,1986,greenran_normal,0,0,65535_65535,0,2,30558,65,1,1,1,9,65,28,1,1,allocated
9,1986,greenran_normal,0,0,65535_65535,0,3,30552,57,1,1,0,8,0,28,1,1,pre_allocation
9,1986,greenran_normal,0,0,65535_65535,0,3,30552,65,1,1,1,9,65,28,1,1,allocated
9,1986,greenran_normal,0,0,65535_65535,0,4,30737,45,1,1,0,9,0,22,1,1,pre_allocation
9,1986,greenran_normal,0,0,65535_65535,0,4,30737,50,1,1,1,10,50,22,1,1,allocated
9,1986,greenran_normal,0,0,65535_65535,0,5,30559,65,1,1,0,9,0,28,1,1,pre_allocation
9,1986,greenran_normal,0,0,65535_65535,0,5,30559,72,1,1,1,10,72,28,1,1,allocated
9,1986,greenran_normal,0,0,65535_65535,0,1,30558,65,1,1,0,9,0,28,1,1,pre_allocation
9,1986,greenran_normal,0,0,65535_65535,0,1,30558,72,1,1,1,10,72,28,1,1,allocated
9,1986,greenran_normal,0,0,65535_65535,0,2,30558,65,1,1,0,9,0,28,1,1,pre_allocation
9,1986,greenran_normal,0,0,65535_65535,0,2,30558,72,1,1,1,10,72,28,1,1,allocated
9,1986,greenran_normal,0,0,65535_65535,0,3,30552,65,1,1,0,9,0,28,1,1,pre_allocation
9,1986,greenran_normal,0,0,65535_65535,0,3,30552,72,1,1,1,10,72,28,1,1,allocated
9,1986,greenran_normal,0,0,65535_65535,0,4,30737,50,1,1,0,10,0,22,1,1,pre_allocation
9,1986,greenran_normal,0,0,65535_65535,0,4,30737,55,1,1,1,11,55,22,1,1,allocated
9,1986,greenran_normal,0,0,65535_65535,0,5,30559,72,1,1,0,10,0,28,1,1,pre_allocation
9,1986,greenran_normal,0,0,65535_65535,0,5,30559,80,1,1,1,11,80,28,1,1,allocated
9,1986,greenran_normal,0,0,65535_65535,0,1,30558,72,1,1,0,10,0,28,1,1,pre_allocation
9,1986,greenran_normal,0,0,65535_65535,0,1,30558,80,1,1,1,11,80,28,1,1,allocated
9,1986,greenran_normal,0,0,65535_65535,0,2,30558,72,1,1,0,10,0,28,1,1,pre_allocation
9,1986,greenran_normal,0,0,65535_65535,0,2,30558,80,1,1,1,11,80,28,1,1,allocated
9,1986,greenran_normal,0,0,65535_65535,0,3,30552,72,1,1,0,10,0,28,1,1,pre_allocation
9,1986,greenran_normal,0,0,65535_65535,0,3,30552,80,1,1,1,11,80,28,1,1,allocated
9,1986,greenran_normal,0,0,65535_65535,0,4,30737,55,1,1,0,11,0,22,1,1,pre_allocation
9,1986,greenran_normal,0,0,65535_65535,0,4,30737,61,1,1,1,12,61,22,1,1,allocated
9,1986,greenran_normal,0,0,65535_65535,0,5,30559,80,1,1,0,11,0,28,1,1,pre_allocation
9,1986,greenran_normal,0,0,65535_65535,0,5,30559,88,1,1,1,12,88,28,1,1,allocated
9,1986,greenran_normal,0,0,65535_65535,0,1,30558,80,1,1,0,11,0,28,1,1,pre_allocation
9,1986,greenran_normal,0,0,65535_65535,0,1,30558,88,1,1,1,12,88,28,1,1,allocated
9,1986,greenran_normal,0,0,65535_65535,0,2,30558,80,1,1,0,11,0,28,1,1,pre_allocation
9,1986,greenran_normal,0,0,65535_65535,0,2,30558,88,1,1,1,12,88,28,1,1,allocated
9,1986,greenran_normal,0,0,65535_65535,0,3,30552,80,1,1,0,11,0,28,1,1,pre_allocation
9,1986,greenran_normal,0,0,65535_65535,0,3,30552,88,1,1,1,12,88,28,1,1,allocated
9,1986,greenran_normal,0,0,65535_65535,0,4,30737,61,1,1,0,12,0,22,1,1,pre_allocation
9,1986,greenran_normal,0,0,65535_65535,0,4,30737,66,1,1,1,13,66,22,1,1,allocated
9,1986,greenran_normal,0,0,65535_65535,0,5,30559,88,1,1,0,12,0,28,1,1,pre_allocation
9,1986,greenran_normal,0,0,65535_65535,0,5,30559,95,1,1,1,13,95,28,1,1,allocated
9,1986,greenran_normal,0,0,65535_65535,0,1,30558,88,1,1,0,12,0,28,1,1,pre_allocation
9,1986,greenran_normal,0,0,65535_65535,0,1,30558,95,1,1,1,13,95,28,1,1,allocated
9,1986,greenran_normal,0,0,65535_65535,0,2,30558,88,1,1,0,12,0,28,1,1,pre_allocation
9,1986,greenran_normal,0,0,65535_65535,0,2,30558,95,1,1,1,13,95,28,1,1,allocated
9,1986,greenran_normal,0,0,65535_65535,0,3,30552,88,1,1,0,12,0,28,1,1,pre_allocation
9,1986,greenran_normal,0,0,65535_65535,0,3,30552,95,1,1,1,13,95,28,1,1,allocated
9,1986,greenran_normal,0,0,65535_65535,0,4,30737,66,1,1,0,13,0,22,1,1,pre_allocation
9,1986,greenran_normal,0,0,65535_65535,0,4,30737,72,1,1,1,14,72,22,1,1,allocated
9,1986,greenran_normal,0,0,65535_65535,0,5,30559,95,1,1,0,13,0,28,1,1,pre_allocation
9,1986,greenran_normal,0,0,65535_65535,0,5,30559,103,1,1,1,14,103,28,1,1,allocated
9,1986,greenran_normal,0,0,65535_65535,0,1,30558,95,1,1,0,13,0,28,1,1,pre_allocation
9,1986,greenran_normal,0,0,65535_65535,0,1,30558,103,1,1,1,14,103,28,1,1,allocated
9,1986,greenran_normal,0,0,65535_65535,0,2,30558,95,1,1,0,13,0,28,1,1,pre_allocation
9,1986,greenran_normal,0,0,65535_65535,0,2,30558,103,1,1,1,14,103,28,1,1,allocated
9,1986,greenran_normal,0,0,65535_65535,0,3,30552,95,1,1,0,13,0,28,1,1,pre_allocation
9,1986,greenran_normal,0,0,65535_65535,0,3,30552,103,1,1,1,14,103,28,1,1,allocated
9,1986,greenran_normal,0,0,65535_65535,0,4,30737,72,1,1,0,14,0,22,1,1,pre_allocation
9,1986,greenran_normal,0,0,65535_65535,0,4,30737,77,1,1,1,15,77,22,1,1,allocated
9,1986,greenran_normal,0,0,65535_65535,0,5,30559,103,1,1,0,14,0,28,1,1,pre_allocation
9,1986,greenran_normal,0,0,65535_65535,0,5,30559,110,1,1,1,15,110,28,1,1,allocated
9,1986,greenran_normal,0,0,65535_65535,0,1,30558,103,1,1,0,14,0,28,1,1,pre_allocation
9,1986,greenran_normal,0,0,65535_65535,0,1,30558,110,1,1,1,15,110,28,1,1,allocated
9,1986,greenran_normal,0,0,65535_65535,0,2,30558,103,1,1,0,14,0,28,1,1,pre_allocation
9,1986,greenran_normal,0,0,65535_65535,0,2,30558,110,1,1,1,15,110,28,1,1,allocated
9,1986,greenran_normal,0,0,65535_65535,0,3,30552,103,1,1,0,14,0,28,1,1,pre_allocation
9,1986,greenran_normal,0,0,65535_65535,0,3,30552,110,1,1,1,15,110,28,1,1,allocated
9,1986,greenran_normal,0,0,65535_65535,0,4,30737,77,1,1,0,15,0,22,1,1,pre_allocation
9,1986,greenran_normal,0,0,65535_65535,0,4,30737,82,1,1,1,16,82,22,1,1,allocated
9,1986,greenran_normal,0,0,65535_65535,0,5,30559,110,1,1,0,15,0,28,1,1,pre_allocation
9,1986,greenran_normal,0,0,65535_65535,0,5,30559,118,1,1,1,16,118,28,1,1,allocated
9,1986,greenran_normal,0,0,65535_65535,0,1,30558,110,1,1,0,15,0,28,1,1,pre_allocation
9,1986,greenran_normal,0,0,65535_65535,0,1,30558,118,1,1,1,16,118,28,1,1,allocated
9,1986,greenran_normal,0,0,65535_65535,0,2,30558,110,1,1,0,15,0,28,1,1,pre_allocation
9,1986,greenran_normal,0,0,65535_65535,0,2,30558,118,1,1,1,16,118,28,1,1,allocated
9,1986,greenran_normal,0,0,65535_65535,0,3,30552,110,1,1,0,15,0,28,1,1,pre_allocation
9,1986,greenran_normal,0,0,65535_65535,0,3,30552,118,1,1,1,16,118,28,1,1,allocated
9,1986,greenran_normal,0,0,65535_65535,0,4,30737,82,1,1,0,16,0,22,1,1,pre_allocation
9,1986,greenran_normal,0,0,65535_65535,0,4,30737,88,1,1,1,17,88,22,1,1,allocated
9,1986,greenran_normal,0,0,65535_65535,0,5,30559,118,1,1,0,16,0,28,1,1,pre_allocation
9,1986,greenran_normal,0,0,65535_65535,0,5,30559,126,1,1,1,17,126,28,1,1,allocated
9,1986,greenran_normal,0,0,65535_65535,0,1,30558,118,1,1,0,16,0,28,1,1,pre_allocation
9,1986,greenran_normal,0,0,65535_65535,0,1,30558,126,1,1,1,17,126,28,1,1,allocated
9,1986,greenran_normal,0,0,65535_65535,0,2,30558,118,1,1,0,16,0,28,1,1,pre_allocation
9,1986,greenran_normal,0,0,65535_65535,0,2,30558,126,1,1,1,17,126,28,1,1,allocated
9,1986,greenran_normal,0,0,65535_65535,0,3,30552,118,1,1,0,16,0,28,1,1,pre_allocation
9,1986,greenran_normal,0,0,65535_65535,0,3,30552,126,1,1,1,17,126,28,1,1,allocated
9,1986,greenran_normal,0,0,65535_65535,0,4,30737,88,1,1,0,17,0,22,1,1,pre_allocation
9,1986,greenran_normal,0,0,65535_65535,0,4,30737,93,1,1,1,18,93,22,1,1,allocated
9,1986,greenran_normal,0,0,65535_65535,0,5,30559,126,1,1,0,17,0,28,1,1,pre_allocation
9,1986,greenran_normal,0,0,65535_65535,0,5,30559,133,1,1,1,18,133,28,1,1,allocated
9,1986,greenran_normal,0,0,65535_65535,0,1,30558,126,1,1,0,17,0,28,1,1,pre_allocation
9,1986,greenran_normal,0,0,65535_65535,0,1,30558,133,1,1,1,18,133,28,1,1,allocated
9,1986,greenran_normal,0,0,65535_65535,0,2,30558,126,1,1,0,17,0,28,1,1,pre_allocation
9,1986,greenran_normal,0,0,65535_65535,0,2,30558,133,1,1,1,18,133,28,1,1,allocated
9,1986,greenran_normal,0,0,65535_65535,0,3,30552,126,1,1,0,17,0,28,1,1,pre_allocation
9,1986,greenran_normal,0,0,65535_65535,0,3,30552,133,1,1,1,18,133,28,1,1,allocated
9,1986,greenran_normal,0,0,65535_65535,0,4,30737,93,1,1,0,18,0,22,1,1,pre_allocation
9,1986,greenran_normal,0,0,65535_65535,0,4,30737,98,1,1,1,19,98,22,1,1,allocated
9,1986,greenran_normal,0,0,65535_65535,0,5,30559,133,1,1,0,18,0,28,1,1,pre_allocation
9,1986,greenran_normal,0,0,65535_65535,0,5,30559,141,1,1,1,19,141,28,1,1,allocated
9,1986,greenran_normal,0,0,65535_65535,0,1,30558,133,1,1,0,18,0,28,1,1,pre_allocation
9,1986,greenran_normal,0,0,65535_65535,0,1,30558,141,1,1,1,19,141,28,1,1,allocated
9,1986,greenran_normal,0,0,65535_65535,0,2,30558,133,1,1,0,18,0,28,1,1,pre_allocation
9,1986,greenran_normal,0,0,65535_65535,0,2,30558,141,1,1,1,19,141,28,1,1,allocated
9,1986,greenran_normal,0,0,65535_65535,0,3,30552,133,1,1,0,18,0,28,1,1,pre_allocation
9,1986,greenran_normal,0,0,65535_65535,0,3,30552,141,1,1,1,19,141,28,1,1,allocated
9,1986,greenran_normal,0,0,65535_65535,0,4,30737,98,1,1,0,19,0,22,1,1,pre_allocation
9,1986,greenran_normal,0,0,65535_65535,0,4,30737,104,1,1,1,20,104,22,1,1,allocated
9,1986,greenran_normal,0,0,65535_65535,0,5,30559,141,1,1,0,19,0,28,1,1,pre_allocation
9,1986,greenran_normal,0,0,65535_65535,0,5,30559,148,1,1,1,20,148,28,1,1,allocated
9,1986,greenran_normal,0,0,65535_65535,0,1,30558,141,1,1,0,19,0,28,1,1,pre_allocation
9,1986,greenran_normal,0,0,65535_65535,0,1,30558,148,1,1,1,20,148,28,1,1,allocated
9,1986,greenran_normal,0,0,65535_65535,0,2,30558,141,1,1,0,19,0,28,1,1,pre_allocation
9,1986,greenran_normal,0,0,65535_65535,0,2,30558,148,1,1,1,20,148,28,1,1,allocated
9,1986,greenran_normal,0,0,65535_65535,0,3,30552,141,1,1,0,19,0,28,1,1,pre_allocation
9,1986,greenran_normal,0,0,65535_65535,0,3,30552,148,1,1,1,20,148,28,1,1,allocated
9,1986,greenran_normal,0,0,65535_65535,0,4,30737,104,1,1,0,20,0,22,1,1,pre_allocation
9,1986,greenran_normal,0,0,65535_65535,0,4,30737,109,1,1,1,21,109,22,1,1,allocated
9,1986,greenran_normal,0,0,65535_65535,0,5,30559,148,1,1,0,20,0,28,1,1,pre_allocation
9,1986,greenran_normal,0,0,65535_65535,0,5,30559,156,1,1,1,21,156,28,1,1,allocated
9,1986,greenran_normal,0,0,65535_65535,0,1,30558,148,1,1,0,20,0,28,1,1,pre_allocation
9,1986,greenran_normal,0,0,65535_65535,0,1,30558,156,1,1,1,21,156,28,1,1,allocated
9,1986,greenran_normal,0,0,65535_65535,0,2,30558,148,1,1,0,20,0,28,1,1,pre_allocation
9,1986,greenran_normal,0,0,65535_65535,0,2,30558,156,1,1,1,21,156,28,1,1,allocated
9,1986,greenran_normal,0,0,65535_65535,0,3,30552,148,1,1,0,20,0,28,1,1,pre_allocation
9,1986,greenran_normal,0,0,65535_65535,0,3,30552,156,1,1,1,21,156,28,1,1,allocated
9,1986,greenran_normal,0,0,65535_65535,0,4,30737,109,1,1,0,21,0,22,1,1,pre_allocation
9,1986,greenran_normal,0,0,65535_65535,0,4,30737,114,1,1,1,22,114,22,1,1,allocated
9,1986,greenran_normal,0,0,65535_65535,0,5,30559,156,1,1,0,21,0,28,1,1,pre_allocation
9,1986,greenran_normal,0,0,65535_65535,0,5,30559,163,1,1,1,22,163,28,1,1,allocated
9,1986,greenran_normal,0,0,65535_65535,0,1,30558,156,1,1,0,21,0,28,1,1,pre_allocation
9,1986,greenran_normal,0,0,65535_65535,0,1,30558,163,1,1,1,22,163,28,1,1,allocated
9,1986,greenran_normal,0,0,65535_65535,0,2,30558,156,1,1,0,21,0,28,1,1,pre_allocation
9,1986,greenran_normal,0,0,65535_65535,0,2,30558,163,1,1,1,22,163,28,1,1,allocated
9,1986,greenran_normal,0,0,65535_65535,0,3,30552,156,1,1,0,21,0,28,1,1,pre_allocation
9,1986,greenran_normal,0,0,65535_65535,0,3,30552,163,1,1,1,22,163,28,1,1,allocated
9,1986,greenran_normal,0,0,65535_65535,0,4,30737,114,1,1,0,22,0,22,1,1,pre_allocation
9,1986,greenran_normal,0,0,65535_65535,0,4,30737,120,1,1,1,23,120,22,1,1,allocated
9,1986,greenran_normal,0,0,65535_65535,0,5,30559,163,1,1,0,22,0,28,1,1,pre_allocation
9,1986,greenran_normal,0,0,65535_65535,0,5,30559,171,1,1,1,23,171,28,1,1,allocated
9,1986,greenran_normal,0,0,65535_65535,0,1,30558,163,1,1,0,22,0,28,1,1,pre_allocation
9,1986,greenran_normal,0,0,65535_65535,0,1,30558,171,1,1,1,23,171,28,1,1,allocated
9,1986,greenran_normal,0,0,65535_65535,0,2,30558,163,1,1,0,22,0,28,1,1,pre_allocation
9,1986,greenran_normal,0,0,65535_65535,0,2,30558,171,1,1,1,23,171,28,1,1,allocated
9,1986,greenran_normal,0,0,65535_65535,0,3,30552,163,1,1,0,22,0,28,1,1,pre_allocation
9,1986,greenran_normal,0,0,65535_65535,0,3,30552,171,1,1,1,23,171,28,1,1,allocated
9,1986,greenran_normal,0,0,65535_65535,0,4,30737,120,1,1,0,23,0,22,1,1,pre_allocation
9,1986,greenran_normal,0,0,65535_65535,0,4,30737,125,1,1,1,24,125,22,1,1,allocated
9,1986,greenran_normal,0,0,65535_65535,0,5,30559,171,1,1,0,23,0,28,1,1,pre_allocation
9,1986,greenran_normal,0,0,65535_65535,0,5,30559,179,1,1,1,24,179,28,1,1,allocated
9,1986,greenran_normal,0,0,65535_65535,0,1,30558,171,1,1,0,23,0,28,1,1,pre_allocation
9,1986,greenran_normal,0,0,65535_65535,0,1,30558,179,1,1,1,24,179,28,1,1,allocated
9,1986,greenran_normal,0,0,65535_65535,0,2,30558,171,1,1,0,23,0,28,1,1,pre_allocation
9,1986,greenran_normal,0,0,65535_65535,0,2,30558,179,1,1,1,24,179,28,1,1,allocated
9,1986,greenran_normal,0,0,65535_65535,0,3,30552,171,1,1,0,23,0,28,1,1,pre_allocation
9,1986,greenran_normal,0,0,65535_65535,0,3,30552,179,1,1,1,24,179,28,1,1,allocated
9,1986,greenran_normal,0,0,65535_65535,0,4,30737,125,1,1,0,24,0,22,1,1,pre_allocation
9,1986,greenran_normal,0,0,65535_65535,0,4,30737,131,1,1,1,25,131,22,1,1,allocated
9,1986,greenran_normal,0,0,65535_65535,0,5,30559,179,1,1,0,24,0,28,1,1,pre_allocation
9,1986,greenran_normal,0,0,65535_65535,0,5,30559,186,1,1,1,25,186,28,1,1,allocated
9,1986,greenran_normal,0,0,65535_65535,0,1,30558,179,1,1,0,24,0,28,1,1,pre_allocation
9,1986,greenran_normal,0,0,65535_65535,0,1,30558,186,1,1,1,25,186,28,1,1,allocated
9,1986,greenran_normal,0,0,65535_65535,0,2,30558,179,1,1,0,24,0,28,1,1,pre_allocation
9,1986,greenran_normal,0,0,65535_65535,0,2,30558,186,1,1,1,25,186,28,1,1,allocated
9,1986,greenran_normal,0,0,65535_65535,0,3,30552,179,1,1,0,24,0,28,1,1,pre_allocation
9,1986,greenran_normal,0,0,65535_65535,0,3,30552,186,1,1,1,25,186,28,1,1,allocated
9,1986,greenran_normal,0,0,65535_65535,0,4,30737,131,1,1,0,25,0,22,1,1,pre_allocation
9,1986,greenran_normal,0,0,65535_65535,0,4,30737,136,1,1,1,26,136,22,1,1,allocated
9,1986,greenran_normal,0,0,65535_65535,0,5,30559,186,1,1,0,25,0,28,1,1,pre_allocation
9,1986,greenran_normal,0,0,65535_65535,0,5,30559,194,1,1,1,26,194,28,1,1,allocated
9,1986,greenran_normal,0,0,65535_65535,0,1,30558,186,1,1,0,25,0,28,1,1,pre_allocation
9,1986,greenran_normal,0,0,65535_65535,0,1,30558,194,1,1,1,26,194,28,1,1,allocated
9,1986,greenran_normal,0,0,65535_65535,0,2,30558,186,1,1,0,25,0,28,1,1,pre_allocation
9,1986,greenran_normal,0,0,65535_65535,0,2,30558,194,1,1,1,26,194,28,1,1,allocated
9,1986,greenran_normal,0,0,65535_65535,0,3,30552,186,1,1,0,25,0,28,1,1,pre_allocation
9,1986,greenran_normal,0,0,65535_65535,0,3,30552,194,1,1,1,26,194,28,1,1,allocated
9,1986,greenran_normal,0,0,65535_65535,0,4,30737,136,1,1,0,26,0,22,1,1,pre_allocation
9,1986,greenran_normal,0,0,65535_65535,0,4,30737,141,1,1,1,27,141,22,1,1,allocated
9,1986,greenran_normal,0,0,65535_65535,0,5,30559,194,1,1,0,26,0,28,1,1,pre_allocation
9,1986,greenran_normal,0,0,65535_65535,0,5,30559,201,1,1,1,27,201,28,1,1,allocated
9,1986,greenran_normal,0,0,65535_65535,0,1,30558,194,1,1,0,26,0,28,1,1,pre_allocation
9,1986,greenran_normal,0,0,65535_65535,0,1,30558,201,1,1,1,27,201,28,1,1,allocated
9,1986,greenran_normal,0,0,65535_65535,0,2,30558,194,1,1,0,26,0,28,1,1,pre_allocation
9,1986,greenran_normal,0,0,65535_65535,0,2,30558,201,1,1,1,27,201,28,1,1,allocated
9,1986,greenran_normal,0,0,65535_65535,0,3,30552,194,1,1,0,26,0,28,1,1,pre_allocation
9,1986,greenran_normal,0,0,65535_65535,0,3,30552,201,1,1,1,27,201,28,1,1,allocated
9,1986,greenran_normal,0,0,65535_65535,0,4,30737,141,1,1,0,27,0,22,1,1,pre_allocation
9,1986,greenran_normal,0,0,65535_65535,0,4,30737,147,1,1,1,28,147,22,1,1,allocated
9,1986,greenran_normal,0,0,65535_65535,0,5,30559,201,1,1,0,27,0,28,1,1,pre_allocation
9,1986,greenran_normal,0,0,65535_65535,0,5,30559,209,1,1,1,28,209,28,1,1,allocated
9,1986,greenran_normal,0,0,65535_65535,0,1,30558,201,1,1,0,27,0,28,1,1,pre_allocation
9,1986,greenran_normal,0,0,65535_65535,0,1,30558,209,1,1,1,28,209,28,1,1,allocated
9,1986,greenran_normal,0,0,65535_65535,0,2,30558,201,1,1,0,27,0,28,1,1,pre_allocation
9,1986,greenran_normal,0,0,65535_65535,0,2,30558,209,1,1,1,28,209,28,1,1,allocated
9,1986,greenran_normal,0,0,65535_65535,0,3,30552,201,1,1,0,27,0,28,1,1,pre_allocation
9,1986,greenran_normal,0,0,65535_65535,0,3,30552,209,1,1,1,28,209,28,1,1,allocated
9,1986,greenran_normal,0,0,65535_65535,0,4,30737,147,1,1,0,28,0,22,1,1,pre_allocation
9,1986,greenran_normal,0,0,65535_65535,0,4,30737,152,1,1,1,29,152,22,1,1,allocated
9,1986,greenran_normal,0,0,65535_65535,0,5,30559,209,1,1,0,28,0,28,1,1,pre_allocation
9,1986,greenran_normal,0,0,65535_65535,0,5,30559,217,1,1,1,29,217,28,1,1,allocated
9,1986,greenran_normal,0,0,65535_65535,0,1,30558,209,1,1,0,28,0,28,1,1,pre_allocation
9,1986,greenran_normal,0,0,65535_65535,0,1,30558,217,1,1,1,29,217,28,1,1,allocated
9,1986,greenran_normal,0,0,65535_65535,0,2,30558,209,1,1,0,28,0,28,1,1,pre_allocation
9,1986,greenran_normal,0,0,65535_65535,0,2,30558,217,1,1,1,29,217,28,1,1,allocated
9,1986,greenran_normal,0,0,65535_65535,0,3,30552,209,1,1,0,28,0,28,1,1,pre_allocation
9,1986,greenran_normal,0,0,65535_65535,0,3,30552,217,1,1,1,29,217,28,1,1,allocated
9,1986,greenran_normal,0,0,65535_65535,0,4,30737,152,1,1,0,29,0,22,1,1,pre_allocation
9,1986,greenran_normal,0,0,65535_65535,0,4,30737,157,1,1,1,30,157,22,1,1,allocated
9,1986,greenran_normal,0,0,65535_65535,0,5,30559,217,1,1,0,29,0,28,1,1,pre_allocation
9,1986,greenran_normal,0,0,65535_65535,0,5,30559,224,1,1,1,30,224,28,1,1,allocated
9,1986,greenran_normal,0,0,65535_65535,0,1,30558,217,1,1,0,29,0,28,1,1,pre_allocation
9,1986,greenran_normal,0,0,65535_65535,0,1,30558,224,1,1,1,30,224,28,1,1,allocated
9,1986,greenran_normal,0,0,65535_65535,0,2,30558,217,1,1,0,29,0,28,1,1,pre_allocation
9,1986,greenran_normal,0,0,65535_65535,0,2,30558,224,1,1,1,30,224,28,1,1,allocated
9,1986,greenran_normal,0,0,65535_65535,0,3,30552,217,1,1,0,29,0,28,1,1,pre_allocation
9,1986,greenran_normal,0,0,65535_65535,0,3,30552,224,1,1,1,30,224,28,1,1,allocated
9,1986,greenran_normal,0,0,65535_65535,0,4,30737,157,1,1,0,30,0,22,1,1,pre_allocation
9,1986,greenran_normal,0,0,65535_65535,0,4,30737,163,1,1,1,31,163,22,1,1,allocated
9,1986,greenran_normal,0,0,65535_65535,0,5,30559,224,1,1,0,30,0,28,1,1,pre_allocation
9,1986,greenran_normal,0,0,65535_65535,0,5,30559,232,1,1,1,31,232,28,1,1,allocated
9,1986,greenran_normal,0,0,65535_65535,0,1,30558,224,1,1,0,30,0,28,1,1,pre_allocation
9,1986,greenran_normal,0,0,65535_65535,0,1,30558,232,1,1,1,31,232,28,1,1,allocated
9,1986,greenran_normal,0,0,65535_65535,0,2,30558,224,1,1,0,30,0,28,1,1,pre_allocation
9,1986,greenran_normal,0,0,65535_65535,0,2,30558,232,1,1,1,31,232,28,1,1,allocated
9,1986,greenran_normal,0,0,65535_65535,0,3,30552,224,1,1,0,30,0,28,1,1,pre_allocation
9,1986,greenran_normal,0,0,65535_65535,0,3,30552,232,1,1,1,31,232,28,1,1,allocated
9,1986,greenran_normal,0,0,65535_65535,0,4,30737,163,1,1,0,31,0,22,1,1,pre_allocation
9,1986,greenran_normal,0,0,65535_65535,0,4,30737,168,1,1,1,32,168,22,1,1,allocated
9,1986,greenran_normal,0,0,65535_65535,0,5,30559,232,1,1,0,31,0,28,1,1,pre_allocation
9,1986,greenran_normal,0,0,65535_65535,0,5,30559,239,1,1,1,32,239,28,1,1,allocated
9,1986,greenran_normal,0,0,65535_65535,0,1,30558,232,1,1,0,31,0,28,1,1,pre_allocation
9,1986,greenran_normal,0,0,65535_65535,0,1,30558,239,1,1,1,32,239,28,1,1,allocated
9,1986,greenran_normal,0,0,65535_65535,0,2,30558,232,1,1,0,31,0,28,1,1,pre_allocation
9,1986,greenran_normal,0,0,65535_65535,0,2,30558,239,1,1,1,32,239,28,1,1,allocated
9,1986,greenran_normal,0,0,65535_65535,0,3,30552,232,1,1,0,31,0,28,1,1,pre_allocation
9,1986,greenran_normal,0,0,65535_65535,0,3,30552,239,1,1,1,32,239,28,1,1,allocated
9,1986,greenran_normal,0,0,65535_65535,0,4,30737,168,1,1,0,32,0,22,1,1,pre_allocation
9,1986,greenran_normal,0,0,65535_65535,0,4,30737,173,1,1,1,33,173,22,1,1,allocated
9,1986,greenran_normal,0,0,65535_65535,0,5,30559,239,1,1,0,32,0,28,1,1,pre_allocation
9,1986,greenran_normal,0,0,65535_65535,0,5,30559,247,1,1,1,33,247,28,1,1,allocated
9,1986,greenran_normal,0,0,65535_65535,0,1,30558,239,1,1,0,32,0,28,1,1,pre_allocation
9,1986,greenran_normal,0,0,65535_65535,0,1,30558,247,1,1,1,33,247,28,1,1,allocated
9,1986,greenran_normal,0,0,65535_65535,0,2,30558,239,1,1,0,32,0,28,1,1,pre_allocation
9,1986,greenran_normal,0,0,65535_65535,0,2,30558,247,1,1,1,33,247,28,1,1,allocated
9,1986,greenran_normal,0,0,65535_65535,0,3,30552,239,1,1,0,32,0,28,1,1,pre_allocation
9,1986,greenran_normal,0,0,65535_65535,0,3,30552,247,1,1,1,33,247,28,1,1,allocated
9,1986,greenran_normal,0,0,65535_65535,0,4,30737,173,1,1,0,33,0,22,1,1,pre_allocation
9,1986,greenran_normal,0,0,65535_65535,0,4,30737,179,1,1,1,34,179,22,1,1,allocated
9,1986,greenran_normal,0,0,65535_65535,0,5,30559,247,1,1,0,33,0,28,1,1,pre_allocation
9,1986,greenran_normal,0,0,65535_65535,0,5,30559,255,1,1,1,34,255,28,1,1,allocated
9,1986,greenran_normal,0,0,65535_65535,0,1,30558,247,1,1,0,33,0,28,1,1,pre_allocation
9,1986,greenran_normal,0,0,65535_65535,0,1,30558,255,1,1,1,34,255,28,1,1,allocated
9,1986,greenran_normal,0,0,65535_65535,0,2,30558,247,1,1,0,33,0,28,1,1,pre_allocation
9,1986,greenran_normal,0,0,65535_65535,0,2,30558,255,1,1,1,34,255,28,1,1,allocated
9,1986,greenran_normal,0,0,65535_65535,0,3,30552,247,1,1,0,33,0,28,1,1,pre_allocation
9,1986,greenran_normal,0,0,65535_65535,0,3,30552,255,1,1,1,34,255,28,1,1,allocated
9,1986,greenran_normal,0,0,65535_65535,0,4,30737,179,1,1,0,34,0,22,1,1,pre_allocation
9,1986,greenran_normal,0,0,65535_65535,0,4,30737,184,1,1,1,35,184,22,1,1,allocated
9,1986,greenran_normal,0,0,65535_65535,0,5,30559,255,1,1,0,34,0,28,1,1,pre_allocation
9,1986,greenran_normal,0,0,65535_65535,0,5,30559,262,1,1,1,35,262,28,1,1,allocated
9,1986,greenran_normal,0,0,65535_65535,0,1,30558,255,1,1,0,34,0,28,1,1,pre_allocation
9,1986,greenran_normal,0,0,65535_65535,0,1,30558,262,1,1,1,35,262,28,1,1,allocated
9,1986,greenran_normal,0,0,65535_65535,2,38,946571,0,1,1,0,0,0,2,1,1,pre_allocation
9,1986,greenran_normal,0,0,65535_65535,2,38,946571,0,1,1,1,1,0,2,1,1,allocated
9,1986,greenran_normal,0,0,65535_65535,2,60,946395,0,1,1,0,0,0,12,1,1,pre_allocation
9,1986,greenran_normal,0,0,65535_65535,2,60,946395,2,1,1,1,1,2,12,1,1,allocated
9,1986,greenran_normal,0,0,65535_65535,2,64,946356,0,1,1,0,0,0,16,1,1,pre_allocation
9,1986,greenran_normal,0,0,65535_65535,2,64,946356,0,1,1,1,1,0,16,1,1,allocated
9,1986,greenran_normal,0,0,65535_65535,2,43,946291,0,1,1,0,0,0,20,1,1,pre_allocation
9,1986,greenran_normal,0,0,65535_65535,2,43,946291,1,1,1,1,1,1,20,1,1,allocated
9,1986,greenran_normal,0,0,65535_65535,2,42,946126,0,1,1,0,0,0,24,1,1,pre_allocation
9,1986,greenran_normal,0,0,65535_65535,2,42,946126,3,1,1,1,1,3,24,1,1,allocated
9,1986,greenran_normal,0,0,65535_65535,2,36,946055,0,1,1,0,0,0,26,1,1,pre_allocation
9,1986,greenran_normal,0,0,65535_65535,2,36,946055,4,1,1,1,1,4,26,1,1,allocated
9,1986,greenran_normal,0,0,65535_65535,2,41,946019,0,1,1,0,0,0,28,1,1,pre_allocation
9,1986,greenran_normal,0,0,65535_65535,2,41,946019,4,1,1,1,1,4,28,1,1,allocated
9,1986,greenran_normal,0,0,65535_65535,2,59,946048,0,1,1,0,0,0,28,1,1,pre_allocation
9,1986,greenran_normal,0,0,65535_65535,2,59,946048,4,1,1,1,1,4,28,1,1,allocated
9,1986,greenran_normal,0,0,65535_65535,2,58,946081,0,1,1,0,0,0,28,1,1,pre_allocation
9,1986,greenran_normal,0,0,65535_65535,2,58,946081,4,1,1,1,1,4,28,1,1,allocated
9,1986,greenran_normal,0,0,65535_65535,2,63,946014,0,1,1,0,0,0,28,1,1,pre_allocation
9,1986,greenran_normal,0,0,65535_65535,2,63,946014,4,1,1,1,1,4,28,1,1,allocated
9,1986,greenran_normal,0,0,65535_65535,2,62,946014,0,1,1,0,0,0,28,1,1,pre_allocation
9,1986,greenran_normal,0,0,65535_65535,2,62,946014,4,1,1,1,1,4,28,1,1,allocated
9,1986,greenran_normal,0,0,65535_65535,2,61,946014,0,1,1,0,0,0,28,1,1,pre_allocation
9,1986,greenran_normal,0,0,65535_65535,2,61,946014,4,1,1,1,1,4,28,1,1,allocated
9,1986,greenran_normal,0,0,65535_65535,2,35,946010,0,1,1,0,0,0,28,1,1,pre_allocation
9,1986,greenran_normal,0,0,65535_65535,2,35,946010,4,1,1,1,1,4,28,1,1,allocated
9,1986,greenran_normal,0,0,65535_65535,2,44,946010,0,1,1,0,0,0,28,1,1,pre_allocation
9,1986,greenran_normal,0,0,65535_65535,2,44,946010,4,1,1,1,1,4,28,1,1,allocated
9,1986,greenran_normal,0,0,65535_65535,2,55,946010,0,1,1,0,0,0,28,1,1,pre_allocation
9,1986,greenran_normal,0,0,65535_65535,2,55,946010,4,1,1,1,1,4,28,1,1,allocated
9,1986,greenran_normal,0,0,65535_65535,2,56,946010,0,1,1,0,0,0,28,1,1,pre_allocation
9,1986,greenran_normal,0,0,65535_65535,2,56,946010,4,1,1,1,1,4,28,1,1,allocated
9,1986,greenran_normal,0,0,65535_65535,2,57,946010,0,1,1,0,0,0,28,1,1,pre_allocation
9,1986,greenran_normal,0,0,65535_65535,2,57,946010,4,1,1,1,1,4,28,1,1,allocated
9,1986,greenran_normal,0,0,65535_65535,2,37,946012,0,1,1,0,0,0,28,1,1,pre_allocation
9,1986,greenran_normal,0,0,65535_65535,2,37,946012,4,1,1,1,1,4,28,1,1,allocated
9,1986,greenran_normal,0,0,65535_65535,2,39,946012,0,1,1,0,0,0,28,1,1,pre_allocation
9,1986,greenran_normal,0,0,65535_65535,2,39,946012,4,1,1,1,1,4,28,1,1,allocated
9,1986,greenran_normal,0,0,65535_65535,2,40,946011,0,1,1,0,0,0,28,1,1,pre_allocation
9,1986,greenran_normal,0,0,65535_65535,2,40,946011,4,1,1,1,1,4,28,1,1,allocated
9,1986,greenran_normal,0,0,65535_65535,2,38,946571,0,1,1,0,1,0,2,1,1,pre_allocation
9,1986,greenran_normal,0,0,65535_65535,2,38,946571,0,1,1,1,2,0,2,1,1,allocated
9,1986,greenran_normal,0,0,65535_65535,2,60,946395,2,1,1,0,1,0,12,1,1,pre_allocation
9,1986,greenran_normal,0,0,65535_65535,2,60,946395,1,1,1,1,2,1,12,1,1,allocated
9,1986,greenran_normal,0,0,65535_65535,2,64,946356,0,1,1,0,1,0,16,1,1,pre_allocation
9,1986,greenran_normal,0,0,65535_65535,2,64,946356,3,1,1,1,2,3,16,1,1,allocated
9,1986,greenran_normal,0,0,65535_65535,2,43,946291,1,1,1,0,1,0,20,1,1,pre_allocation
9,1986,greenran_normal,0,0,65535_65535,2,43,946291,6,1,1,1,2,6,20,1,1,allocated
9,1986,greenran_normal,0,0,65535_65535,2,42,946126,3,1,1,0,1,0,24,1,1,pre_allocation
9,1986,greenran_normal,0,0,65535_65535,2,42,946126,9,1,1,1,2,9,24,1,1,allocated
9,1986,greenran_normal,0,0,65535_65535,2,36,946055,4,1,1,0,1,0,26,1,1,pre_allocation
9,1986,greenran_normal,0,0,65535_65535,2,36,946055,11,1,1,1,2,11,26,1,1,allocated
9,1986,greenran_normal,0,0,65535_65535,2,41,946019,4,1,1,0,1,0,28,1,1,pre_allocation
9,1986,greenran_normal,0,0,65535_65535,2,41,946019,12,1,1,1,2,12,28,1,1,allocated
9,1986,greenran_normal,0,0,65535_65535,2,59,946048,4,1,1,0,1,0,28,1,1,pre_allocation
9,1986,greenran_normal,0,0,65535_65535,2,59,946048,12,1,1,1,2,12,28,1,1,allocated
9,1986,greenran_normal,0,0,65535_65535,2,58,946081,4,1,1,0,1,0,28,1,1,pre_allocation
9,1986,greenran_normal,0,0,65535_65535,2,58,946081,12,1,1,1,2,12,28,1,1,allocated
9,1986,greenran_normal,0,0,65535_65535,2,63,946014,4,1,1,0,1,0,28,1,1,pre_allocation
9,1986,greenran_normal,0,0,65535_65535,2,63,946014,12,1,1,1,2,12,28,1,1,allocated
9,1986,greenran_normal,0,0,65535_65535,2,62,946014,4,1,1,0,1,0,28,1,1,pre_allocation
9,1986,greenran_normal,0,0,65535_65535,2,62,946014,12,1,1,1,2,12,28,1,1,allocated
9,1986,greenran_normal,0,0,65535_65535,2,61,946014,4,1,1,0,1,0,28,1,1,pre_allocation
9,1986,greenran_normal,0,0,65535_65535,2,61,946014,12,1,1,1,2,12,28,1,1,allocated
9,1986,greenran_normal,0,0,65535_65535,2,35,946010,4,1,1,0,1,0,28,1,1,pre_allocation
9,1986,greenran_normal,0,0,65535_65535,2,35,946010,12,1,1,1,2,12,28,1,1,allocated
9,1986,greenran_normal,0,0,65535_65535,2,44,946010,4,1,1,0,1,0,28,1,1,pre_allocation
9,1986,greenran_normal,0,0,65535_65535,2,44,946010,12,1,1,1,2,12,28,1,1,allocated
9,1986,greenran_normal,0,0,65535_65535,2,55,946010,4,1,1,0,1,0,28,1,1,pre_allocation
9,1986,greenran_normal,0,0,65535_65535,2,55,946010,12,1,1,1,2,12,28,1,1,allocated
9,1986,greenran_normal,0,0,65535_65535,2,56,946010,4,1,1,0,1,0,28,1,1,pre_allocation
9,1986,greenran_normal,0,0,65535_65535,2,56,946010,12,1,1,1,2,12,28,1,1,allocated
9,1986,greenran_normal,0,0,65535_65535,2,57,946010,4,1,1,0,1,0,28,1,1,pre_allocation
9,1986,greenran_normal,0,0,65535_65535,2,57,946010,12,1,1,1,2,12,28,1,1,allocated
9,1986,greenran_normal,0,0,65535_65535,2,37,946012,4,1,1,0,1,0,28,1,1,pre_allocation
9,1986,greenran_normal,0,0,65535_65535,2,37,946012,12,1,1,1,2,12,28,1,1,allocated
9,1986,greenran_normal,0,0,65535_65535,2,39,946012,4,1,1,0,1,0,28,1,1,pre_allocation
9,1986,greenran_normal,0,0,65535_65535,2,39,946012,12,1,1,1,2,12,28,1,1,allocated
9,1986,greenran_normal,0,0,65535_65535,2,40,946011,4,1,1,0,1,0,28,1,1,pre_allocation
9,1986,greenran_normal,0,0,65535_65535,2,40,946011,12,1,1,1,2,12,28,1,1,allocated
9,1986,greenran_normal,0,0,65535_65535,2,38,946571,0,1,1,0,2,0,2,1,1,pre_allocation
9,1986,greenran_normal,0,0,65535_65535,2,38,946571,0,1,1,1,3,0,2,1,1,allocated
9,1986,greenran_normal,0,0,65535_65535,2,60,946395,1,1,1,0,2,0,12,1,1,pre_allocation
9,1986,greenran_normal,0,0,65535_65535,2,60,946395,3,1,1,1,3,3,12,1,1,allocated
9,1986,greenran_normal,0,0,65535_65535,2,64,946356,3,1,1,0,2,0,16,1,1,pre_allocation
9,1986,greenran_normal,0,0,65535_65535,2,64,946356,6,1,1,1,3,6,16,1,1,allocated
9,1986,greenran_normal,0,0,65535_65535,2,43,946291,6,1,1,0,2,0,20,1,1,pre_allocation
9,1986,greenran_normal,0,0,65535_65535,2,43,946291,10,1,1,1,3,10,20,1,1,allocated
9,1986,greenran_normal,0,0,65535_65535,2,42,946126,9,1,1,0,2,0,24,1,1,pre_allocation
9,1986,greenran_normal,0,0,65535_65535,2,42,946126,15,1,1,1,3,15,24,1,1,allocated
9,1986,greenran_normal,0,0,65535_65535,2,36,946055,11,1,1,0,2,0,26,1,1,pre_allocation
9,1986,greenran_normal,0,0,65535_65535,2,36,946055,18,1,1,1,3,18,26,1,1,allocated
9,1986,greenran_normal,0,0,65535_65535,2,41,946019,12,1,1,0,2,0,28,1,1,pre_allocation
9,1986,greenran_normal,0,0,65535_65535,2,41,946019,19,1,1,1,3,19,28,1,1,allocated
9,1986,greenran_normal,0,0,65535_65535,2,59,946048,12,1,1,0,2,0,28,1,1,pre_allocation
9,1986,greenran_normal,0,0,65535_65535,2,59,946048,19,1,1,1,3,19,28,1,1,allocated
9,1986,greenran_normal,0,0,65535_65535,2,58,946081,12,1,1,0,2,0,28,1,1,pre_allocation
9,1986,greenran_normal,0,0,65535_65535,2,58,946081,19,1,1,1,3,19,28,1,1,allocated
9,1986,greenran_normal,0,0,65535_65535,2,63,946014,12,1,1,0,2,0,28,1,1,pre_allocation
9,1986,greenran_normal,0,0,65535_65535,2,63,946014,19,1,1,1,3,19,28,1,1,allocated
9,1986,greenran_normal,0,0,65535_65535,2,62,946014,12,1,1,0,2,0,28,1,1,pre_allocation
9,1986,greenran_normal,0,0,65535_65535,2,62,946014,19,1,1,1,3,19,28,1,1,allocated
9,1986,greenran_normal,0,0,65535_65535,2,61,946014,12,1,1,0,2,0,28,1,1,pre_allocation
9,1986,greenran_normal,0,0,65535_65535,2,61,946014,19,1,1,1,3,19,28,1,1,allocated
9,1986,greenran_normal,0,0,65535_65535,2,35,946010,12,1,1,0,2,0,28,1,1,pre_allocation
9,1986,greenran_normal,0,0,65535_65535,2,35,946010,19,1,1,1,3,19,28,1,1,allocated
9,1986,greenran_normal,0,0,65535_65535,2,44,946010,12,1,1,0,2,0,28,1,1,pre_allocation
9,1986,greenran_normal,0,0,65535_65535,2,44,946010,19,1,1,1,3,19,28,1,1,allocated
9,1986,greenran_normal,0,0,65535_65535,2,55,946010,12,1,1,0,2,0,28,1,1,pre_allocation
9,1986,greenran_normal,0,0,65535_65535,2,55,946010,19,1,1,1,3,19,28,1,1,allocated
9,1986,greenran_normal,0,0,65535_65535,2,56,946010,12,1,1,0,2,0,28,1,1,pre_allocation
9,1986,greenran_normal,0,0,65535_65535,2,56,946010,19,1,1,1,3,19,28,1,1,allocated
9,1986,greenran_normal,0,0,65535_65535,2,57,946010,12,1,1,0,2,0,28,1,1,pre_allocation
9,1986,greenran_normal,0,0,65535_65535,2,57,946010,19,1,1,1,3,19,28,1,1,allocated
9,1986,greenran_normal,0,0,65535_65535,2,37,946012,12,1,1,0,2,0,28,1,1,pre_allocation
9,1986,greenran_normal,0,0,65535_65535,2,37,946012,19,1,1,1,3,19,28,1,1,allocated
9,1986,greenran_normal,0,0,65535_65535,2,39,946012,12,1,1,0,2,0,28,1,1,pre_allocation
9,1986,greenran_normal,0,0,65535_65535,2,39,946012,19,1,1,1,3,19,28,1,1,allocated
9,1986,greenran_normal,0,0,65535_65535,2,40,946011,12,1,1,0,2,0,28,1,1,pre_allocation
9,1986,greenran_normal,0,0,65535_65535,2,40,946011,19,1,1,1,3,19,28,1,1,allocated
9,1986,greenran_normal,0,0,65535_65535,2,38,946571,0,1,1,0,3,0,2,1,1,pre_allocation
9,1986,greenran_normal,0,0,65535_65535,2,38,946571,1,1,1,1,4,1,2,1,1,allocated
9,1986,greenran_normal,0,0,65535_65535,2,60,946395,3,1,1,0,3,0,12,1,1,pre_allocation
9,1986,greenran_normal,0,0,65535_65535,2,60,946395,5,1,1,1,4,5,12,1,1,allocated
9,1986,greenran_normal,0,0,65535_65535,2,64,946356,6,1,1,0,3,0,16,1,1,pre_allocation
9,1986,greenran_normal,0,0,65535_65535,2,64,946356,10,1,1,1,4,10,16,1,1,allocated
9,1986,greenran_normal,0,0,65535_65535,2,43,946291,10,1,1,0,3,0,20,1,1,pre_allocation
9,1986,greenran_normal,0,0,65535_65535,2,43,946291,15,1,1,1,4,15,20,1,1,allocated
9,1986,greenran_normal,0,0,65535_65535,2,42,946126,15,1,1,0,3,0,24,1,1,pre_allocation
9,1986,greenran_normal,0,0,65535_65535,2,42,946126,21,1,1,1,4,21,24,1,1,allocated
9,1986,greenran_normal,0,0,65535_65535,2,36,946055,18,1,1,0,3,0,26,1,1,pre_allocation
9,1986,greenran_normal,0,0,65535_65535,2,36,946055,25,1,1,1,4,25,26,1,1,allocated
9,1986,greenran_normal,0,0,65535_65535,2,41,946019,19,1,1,0,3,0,28,1,1,pre_allocation
9,1986,greenran_normal,0,0,65535_65535,2,41,946019,27,1,1,1,4,27,28,1,1,allocated
9,1986,greenran_normal,0,0,65535_65535,2,59,946048,19,1,1,0,3,0,28,1,1,pre_allocation
9,1986,greenran_normal,0,0,65535_65535,2,59,946048,27,1,1,1,4,27,28,1,1,allocated
9,1986,greenran_normal,0,0,65535_65535,2,58,946081,19,1,1,0,3,0,28,1,1,pre_allocation
9,1986,greenran_normal,0,0,65535_65535,2,58,946081,27,1,1,1,4,27,28,1,1,allocated
9,1986,greenran_normal,0,0,65535_65535,2,63,946014,19,1,1,0,3,0,28,1,1,pre_allocation
9,1986,greenran_normal,0,0,65535_65535,2,63,946014,27,1,1,1,4,27,28,1,1,allocated
9,1986,greenran_normal,0,0,65535_65535,2,62,946014,19,1,1,0,3,0,28,1,1,pre_allocation
9,1986,greenran_normal,0,0,65535_65535,2,62,946014,27,1,1,1,4,27,28,1,1,allocated
9,1986,greenran_normal,0,0,65535_65535,2,61,946014,19,1,1,0,3,0,28,1,1,pre_allocation
9,1986,greenran_normal,0,0,65535_65535,2,61,946014,27,1,1,1,4,27,28,1,1,allocated
9,1986,greenran_normal,0,0,65535_65535,2,35,946010,19,1,1,0,3,0,28,1,1,pre_allocation
9,1986,greenran_normal,0,0,65535_65535,2,35,946010,27,1,1,1,4,27,28,1,1,allocated
9,1986,greenran_normal,0,0,65535_65535,2,44,946010,19,1,1,0,3,0,28,1,1,pre_allocation
9,1986,greenran_normal,0,0,65535_65535,2,44,946010,27,1,1,1,4,27,28,1,1,allocated
9,1986,greenran_normal,0,0,65535_65535,2,55,946010,19,1,1,0,3,0,28,1,1,pre_allocation
9,1986,greenran_normal,0,0,65535_65535,2,55,946010,27,1,1,1,4,27,28,1,1,allocated
9,1986,greenran_normal,0,0,65535_65535,2,56,946010,19,1,1,0,3,0,28,1,1,pre_allocation
9,1986,greenran_normal,0,0,65535_65535,2,56,946010,27,1,1,1,4,27,28,1,1,allocated
9,1986,greenran_normal,0,0,65535_65535,2,57,946010,19,1,1,0,3,0,28,1,1,pre_allocation
9,1986,greenran_normal,0,0,65535_65535,2,57,946010,27,1,1,1,4,27,28,1,1,allocated
9,1986,greenran_normal,0,0,65535_65535,2,37,946012,19,1,1,0,3,0,28,1,1,pre_allocation
9,1986,greenran_normal,0,0,65535_65535,2,37,946012,27,1,1,1,4,27,28,1,1,allocated
9,1986,greenran_normal,0,0,65535_65535,2,39,946012,19,1,1,0,3,0,28,1,1,pre_allocation
9,1986,greenran_normal,0,0,65535_65535,2,39,946012,27,1,1,1,4,27,28,1,1,allocated
9,1986,greenran_normal,0,0,65535_65535,2,40,946011,19,1,1,0,3,0,28,1,1,pre_allocation
9,1986,greenran_normal,0,0,65535_65535,2,40,946011,27,1,1,1,4,27,28,1,1,allocated
9,1986,greenran_normal,0,0,65535_65535,2,38,946571,1,1,1,0,4,0,2,1,1,pre_allocation
9,1986,greenran_normal,0,0,65535_65535,2,38,946571,1,1,1,1,5,1,2,1,1,allocated
9,1986,greenran_normal,0,0,65535_65535,2,60,946395,5,1,1,0,4,0,12,1,1,pre_allocation
9,1986,greenran_normal,0,0,65535_65535,2,60,946395,7,1,1,1,5,7,12,1,1,allocated
9,1986,greenran_normal,0,0,65535_65535,2,64,946356,10,1,1,0,4,0,16,1,1,pre_allocation
9,1986,greenran_normal,0,0,65535_65535,2,64,946356,13,1,1,1,5,13,16,1,1,allocated
9,1986,greenran_normal,0,0,65535_65535,2,43,946291,15,1,1,0,4,0,20,1,1,pre_allocation
9,1986,greenran_normal,0,0,65535_65535,2,43,946291,19,1,1,1,5,19,20,1,1,allocated
9,1986,greenran_normal,0,0,65535_65535,2,42,946126,21,1,1,0,4,0,24,1,1,pre_allocation
9,1986,greenran_normal,0,0,65535_65535,2,42,946126,27,1,1,1,5,27,24,1,1,allocated
9,1986,greenran_normal,0,0,65535_65535,2,36,946055,25,1,1,0,4,0,26,1,1,pre_allocation
9,1986,greenran_normal,0,0,65535_65535,2,36,946055,32,1,1,1,5,32,26,1,1,allocated
9,1986,greenran_normal,0,0,65535_65535,2,41,946019,27,1,1,0,4,0,28,1,1,pre_allocation
9,1986,greenran_normal,0,0,65535_65535,2,41,946019,34,1,1,1,5,34,28,1,1,allocated
9,1986,greenran_normal,0,0,65535_65535,2,59,946048,27,1,1,0,4,0,28,1,1,pre_allocation
9,1986,greenran_normal,0,0,65535_65535,2,59,946048,34,1,1,1,5,34,28,1,1,allocated
9,1986,greenran_normal,0,0,65535_65535,2,58,946081,27,1,1,0,4,0,28,1,1,pre_allocation
9,1986,greenran_normal,0,0,65535_65535,2,58,946081,34,1,1,1,5,34,28,1,1,allocated
9,1986,greenran_normal,0,0,65535_65535,2,63,946014,27,1,1,0,4,0,28,1,1,pre_allocation
9,1986,greenran_normal,0,0,65535_65535,2,63,946014,34,1,1,1,5,34,28,1,1,allocated
9,1986,greenran_normal,0,0,65535_65535,2,62,946014,27,1,1,0,4,0,28,1,1,pre_allocation
9,1986,greenran_normal,0,0,65535_65535,2,62,946014,34,1,1,1,5,34,28,1,1,allocated
9,1986,greenran_normal,0,0,65535_65535,2,61,946014,27,1,1,0,4,0,28,1,1,pre_allocation
9,1986,greenran_normal,0,0,65535_65535,2,61,946014,34,1,1,1,5,34,28,1,1,allocated
9,1986,greenran_normal,0,0,65535_65535,2,35,946010,27,1,1,0,4,0,28,1,1,pre_allocation
9,1986,greenran_normal,0,0,65535_65535,2,35,946010,34,1,1,1,5,34,28,1,1,allocated
12,2156,greenran_normal,0,0,65535_65535,0,4,33795,0,1,1,0,0,0,24,1,1,pre_allocation
12,2156,greenran_normal,0,0,65535_65535,0,4,33795,3,1,1,1,1,3,24,1,1,allocated
12,2156,greenran_normal,0,0,65535_65535,0,5,33401,0,1,1,0,0,0,28,1,1,pre_allocation
12,2156,greenran_normal,0,0,65535_65535,0,5,33401,4,1,1,1,1,4,28,1,1,allocated
12,2156,greenran_normal,0,0,65535_65535,0,1,33401,0,1,1,0,0,0,28,1,1,pre_allocation
12,2156,greenran_normal,0,0,65535_65535,0,1,33401,4,1,1,1,1,4,28,1,1,allocated
12,2156,greenran_normal,0,0,65535_65535,0,2,33401,0,1,1,0,0,0,28,1,1,pre_allocation
12,2156,greenran_normal,0,0,65535_65535,0,2,33401,4,1,1,1,1,4,28,1,1,allocated
12,2156,greenran_normal,0,0,65535_65535,0,3,33394,0,1,1,0,0,0,28,1,1,pre_allocation
12,2156,greenran_normal,0,0,65535_65535,0,3,33394,4,1,1,1,1,4,28,1,1,allocated
12,2156,greenran_normal,0,0,65535_65535,0,4,33795,3,1,1,0,1,0,24,1,1,pre_allocation
12,2156,greenran_normal,0,0,65535_65535,0,4,33795,9,1,1,1,2,9,24,1,1,allocated
12,2156,greenran_normal,0,0,65535_65535,0,5,33401,4,1,1,0,1,0,28,1,1,pre_allocation
12,2156,greenran_normal,0,0,65535_65535,0,5,33401,12,1,1,1,2,12,28,1,1,allocated
12,2156,greenran_normal,0,0,65535_65535,0,1,33401,4,1,1,0,1,0,28,1,1,pre_allocation
12,2156,greenran_normal,0,0,65535_65535,0,1,33401,12,1,1,1,2,12,28,1,1,allocated
12,2156,greenran_normal,0,0,65535_65535,0,2,33401,4,1,1,0,1,0,28,1,1,pre_allocation
12,2156,greenran_normal,0,0,65535_65535,0,2,33401,12,1,1,1,2,12,28,1,1,allocated
12,2156,greenran_normal,0,0,65535_65535,0,3,33394,4,1,1,0,1,0,28,1,1,pre_allocation
12,2156,greenran_normal,0,0,65535_65535,0,3,33394,12,1,1,1,2,12,28,1,1,allocated
12,2156,greenran_normal,0,0,65535_65535,0,4,33795,9,1,1,0,2,0,24,1,1,pre_allocation
12,2156,greenran_normal,0,0,65535_65535,0,4,33795,15,1,1,1,3,15,24,1,1,allocated
12,2156,greenran_normal,0,0,65535_65535,0,5,33401,12,1,1,0,2,0,28,1,1,pre_allocation
12,2156,greenran_normal,0,0,65535_65535,0,5,33401,19,1,1,1,3,19,28,1,1,allocated
12,2156,greenran_normal,0,0,65535_65535,0,1,33401,12,1,1,0,2,0,28,1,1,pre_allocation
12,2156,greenran_normal,0,0,65535_65535,0,1,33401,19,1,1,1,3,19,28,1,1,allocated
12,2156,greenran_normal,0,0,65535_65535,0,2,33401,12,1,1,0,2,0,28,1,1,pre_allocation
12,2156,greenran_normal,0,0,65535_65535,0,2,33401,19,1,1,1,3,19,28,1,1,allocated
12,2156,greenran_normal,0,0,65535_65535,0,3,33394,12,1,1,0,2,0,28,1,1,pre_allocation
12,2156,greenran_normal,0,0,65535_65535,0,3,33394,19,1,1,1,3,19,28,1,1,allocated
12,2156,greenran_normal,0,0,65535_65535,0,4,33795,15,1,1,0,3,0,24,1,1,pre_allocation
12,2156,greenran_normal,0,0,65535_65535,0,4,33795,21,1,1,1,4,21,24,1,1,allocated
12,2156,greenran_normal,0,0,65535_65535,0,5,33401,19,1,1,0,3,0,28,1,1,pre_allocation
12,2156,greenran_normal,0,0,65535_65535,0,5,33401,27,1,1,1,4,27,28,1,1,allocated
12,2156,greenran_normal,0,0,65535_65535,0,1,33401,19,1,1,0,3,0,28,1,1,pre_allocation
12,2156,greenran_normal,0,0,65535_65535,0,1,33401,27,1,1,1,4,27,28,1,1,allocated
12,2156,greenran_normal,0,0,65535_65535,0,2,33401,19,1,1,0,3,0,28,1,1,pre_allocation
12,2156,greenran_normal,0,0,65535_65535,0,2,33401,27,1,1,1,4,27,28,1,1,allocated
12,2156,greenran_normal,0,0,65535_65535,0,3,33394,19,1,1,0,3,0,28,1,1,pre_allocation
12,2156,greenran_normal,0,0,65535_65535,0,3,33394,27,1,1,1,4,27,28,1,1,allocated
12,2156,greenran_normal,0,0,65535_65535,0,4,33795,21,1,1,0,4,0,24,1,1,pre_allocation
12,2156,greenran_normal,0,0,65535_65535,0,4,33795,27,1,1,1,5,27,24,1,1,allocated
12,2156,greenran_normal,0,0,65535_65535,0,5,33401,27,1,1,0,4,0,28,1,1,pre_allocation
12,2156,greenran_normal,0,0,65535_65535,0,5,33401,34,1,1,1,5,34,28,1,1,allocated
12,2156,greenran_normal,0,0,65535_65535,0,1,33401,27,1,1,0,4,0,28,1,1,pre_allocation
12,2156,greenran_normal,0,0,65535_65535,0,1,33401,34,1,1,1,5,34,28,1,1,allocated
12,2156,greenran_normal,0,0,65535_65535,0,2,33401,27,1,1,0,4,0,28,1,1,pre_allocation
12,2156,greenran_normal,0,0,65535_65535,0,2,33401,34,1,1,1,5,34,28,1,1,allocated
12,2156,greenran_normal,0,0,65535_65535,0,3,33394,27,1,1,0,4,0,28,1,1,pre_allocation
12,2156,greenran_normal,0,0,65535_65535,0,3,33394,34,1,1,1,5,34,28,1,1,allocated
12,2156,greenran_normal,0,0,65535_65535,0,4,33795,27,1,1,0,5,0,24,1,1,pre_allocation
12,2156,greenran_normal,0,0,65535_65535,0,4,33795,34,1,1,1,6,34,24,1,1,allocated
12,2156,greenran_normal,0,0,65535_65535,0,5,33401,34,1,1,0,5,0,28,1,1,pre_allocation
12,2156,greenran_normal,0,0,65535_65535,0,5,33401,42,1,1,1,6,42,28,1,1,allocated
12,2156,greenran_normal,0,0,65535_65535,0,1,33401,34,1,1,0,5,0,28,1,1,pre_allocation
12,2156,greenran_normal,0,0,65535_65535,0,1,33401,42,1,1,1,6,42,28,1,1,allocated
12,2156,greenran_normal,0,0,65535_65535,0,2,33401,34,1,1,0,5,0,28,1,1,pre_allocation
12,2156,greenran_normal,0,0,65535_65535,0,2,33401,42,1,1,1,6,42,28,1,1,allocated
12,2156,greenran_normal,0,0,65535_65535,0,3,33394,34,1,1,0,5,0,28,1,1,pre_allocation
12,2156,greenran_normal,0,0,65535_65535,0,3,33394,42,1,1,1,6,42,28,1,1,allocated
12,2156,greenran_normal,0,0,65535_65535,0,4,33795,34,1,1,0,6,0,24,1,1,pre_allocation
12,2156,greenran_normal,0,0,65535_65535,0,4,33795,40,1,1,1,7,40,24,1,1,allocated
12,2156,greenran_normal,0,0,65535_65535,0,5,33401,42,1,1,0,6,0,28,1,1,pre_allocation
12,2156,greenran_normal,0,0,65535_65535,0,5,33401,50,1,1,1,7,50,28,1,1,allocated
12,2156,greenran_normal,0,0,65535_65535,0,1,33401,42,1,1,0,6,0,28,1,1,pre_allocation
12,2156,greenran_normal,0,0,65535_65535,0,1,33401,50,1,1,1,7,50,28,1,1,allocated
12,2156,greenran_normal,0,0,65535_65535,0,2,33401,42,1,1,0,6,0,28,1,1,pre_allocation
12,2156,greenran_normal,0,0,65535_65535,0,2,33401,50,1,1,1,7,50,28,1,1,allocated
12,2156,greenran_normal,0,0,65535_65535,0,3,33394,42,1,1,0,6,0,28,1,1,pre_allocation
12,2156,greenran_normal,0,0,65535_65535,0,3,33394,50,1,1,1,7,50,28,1,1,allocated
12,2156,greenran_normal,0,0,65535_65535,0,4,33795,40,1,1,0,7,0,24,1,1,pre_allocation
12,2156,greenran_normal,0,0,65535_65535,0,4,33795,46,1,1,1,8,46,24,1,1,allocated
12,2156,greenran_normal,0,0,65535_65535,0,5,33401,50,1,1,0,7,0,28,1,1,pre_allocation
12,2156,greenran_normal,0,0,65535_65535,0,5,33401,57,1,1,1,8,57,28,1,1,allocated
12,2156,greenran_normal,0,0,65535_65535,0,1,33401,50,1,1,0,7,0,28,1,1,pre_allocation
12,2156,greenran_normal,0,0,65535_65535,0,1,33401,57,1,1,1,8,57,28,1,1,allocated
12,2156,greenran_normal,0,0,65535_65535,0,2,33401,50,1,1,0,7,0,28,1,1,pre_allocation
12,2156,greenran_normal,0,0,65535_65535,0,2,33401,57,1,1,1,8,57,28,1,1,allocated
12,2156,greenran_normal,0,0,65535_65535,0,3,33394,50,1,1,0,7,0,28,1,1,pre_allocation
12,2156,greenran_normal,0,0,65535_65535,0,3,33394,57,1,1,1,8,57,28,1,1,allocated
12,2156,greenran_normal,0,0,65535_65535,0,4,33795,46,1,1,0,8,0,24,1,1,pre_allocation
12,2156,greenran_normal,0,0,65535_65535,0,4,33795,52,1,1,1,9,52,24,1,1,allocated
12,2156,greenran_normal,0,0,65535_65535,0,5,33401,57,1,1,0,8,0,28,1,1,pre_allocation
12,2156,greenran_normal,0,0,65535_65535,0,5,33401,65,1,1,1,9,65,28,1,1,allocated
12,2156,greenran_normal,0,0,65535_65535,0,1,33401,57,1,1,0,8,0,28,1,1,pre_allocation
12,2156,greenran_normal,0,0,65535_65535,0,1,33401,65,1,1,1,9,65,28,1,1,allocated
12,2156,greenran_normal,0,0,65535_65535,0,2,33401,57,1,1,0,8,0,28,1,1,pre_allocation
12,2156,greenran_normal,0,0,65535_65535,0,2,33401,65,1,1,1,9,65,28,1,1,allocated
12,2156,greenran_normal,0,0,65535_65535,0,3,33394,57,1,1,0,8,0,28,1,1,pre_allocation
12,2156,greenran_normal,0,0,65535_65535,0,3,33394,65,1,1,1,9,65,28,1,1,allocated
12,2156,greenran_normal,0,0,65535_65535,0,4,33795,52,1,1,0,9,0,24,1,1,pre_allocation
12,2156,greenran_normal,0,0,65535_65535,0,4,33795,58,1,1,1,10,58,24,1,1,allocated
12,2156,greenran_normal,0,0,65535_65535,0,5,33401,65,1,1,0,9,0,28,1,1,pre_allocation
12,2156,greenran_normal,0,0,65535_65535,0,5,33401,72,1,1,1,10,72,28,1,1,allocated
12,2156,greenran_normal,0,0,65535_65535,0,1,33401,65,1,1,0,9,0,28,1,1,pre_allocation
12,2156,greenran_normal,0,0,65535_65535,0,1,33401,72,1,1,1,10,72,28,1,1,allocated
12,2156,greenran_normal,0,0,65535_65535,0,2,33401,65,1,1,0,9,0,28,1,1,pre_allocation
12,2156,greenran_normal,0,0,65535_65535,0,2,33401,72,1,1,1,10,72,28,1,1,allocated
12,2156,greenran_normal,0,0,65535_65535,0,3,33394,65,1,1,0,9,0,28,1,1,pre_allocation
12,2156,greenran_normal,0,0,65535_65535,0,3,33394,72,1,1,1,10,72,28,1,1,allocated
12,2156,greenran_normal,0,0,65535_65535,0,4,33795,58,1,1,0,10,0,24,1,1,pre_allocation
12,2156,greenran_normal,0,0,65535_65535,0,4,33795,65,1,1,1,11,65,24,1,1,allocated
12,2156,greenran_normal,0,0,65535_65535,0,5,33401,72,1,1,0,10,0,28,1,1,pre_allocation
12,2156,greenran_normal,0,0,65535_65535,0,5,33401,80,1,1,1,11,80,28,1,1,allocated
12,2156,greenran_normal,0,0,65535_65535,0,1,33401,72,1,1,0,10,0,28,1,1,pre_allocation
12,2156,greenran_normal,0,0,65535_65535,0,1,33401,80,1,1,1,11,80,28,1,1,allocated
12,2156,greenran_normal,0,0,65535_65535,0,2,33401,72,1,1,0,10,0,28,1,1,pre_allocation
12,2156,greenran_normal,0,0,65535_65535,0,2,33401,80,1,1,1,11,80,28,1,1,allocated
12,2156,greenran_normal,0,0,65535_65535,0,3,33394,72,1,1,0,10,0,28,1,1,pre_allocation
12,2156,greenran_normal,0,0,65535_65535,0,3,33394,80,1,1,1,11,80,28,1,1,allocated
12,2156,greenran_normal,0,0,65535_65535,0,4,33795,65,1,1,0,11,0,24,1,1,pre_allocation
12,2156,greenran_normal,0,0,65535_65535,0,4,33795,71,1,1,1,12,71,24,1,1,allocated
12,2156,greenran_normal,0,0,65535_65535,0,5,33401,80,1,1,0,11,0,28,1,1,pre_allocation
12,2156,greenran_normal,0,0,65535_65535,0,5,33401,88,1,1,1,12,88,28,1,1,allocated
12,2156,greenran_normal,0,0,65535_65535,0,1,33401,80,1,1,0,11,0,28,1,1,pre_allocation
12,2156,greenran_normal,0,0,65535_65535,0,1,33401,88,1,1,1,12,88,28,1,1,allocated
12,2156,greenran_normal,0,0,65535_65535,0,2,33401,80,1,1,0,11,0,28,1,1,pre_allocation
12,2156,greenran_normal,0,0,65535_65535,0,2,33401,88,1,1,1,12,88,28,1,1,allocated
12,2156,greenran_normal,0,0,65535_65535,0,3,33394,80,1,1,0,11,0,28,1,1,pre_allocation
12,2156,greenran_normal,0,0,65535_65535,0,3,33394,88,1,1,1,12,88,28,1,1,allocated
12,2156,greenran_normal,0,0,65535_65535,0,4,33795,71,1,1,0,12,0,24,1,1,pre_allocation
12,2156,greenran_normal,0,0,65535_65535,0,4,33795,77,1,1,1,13,77,24,1,1,allocated
12,2156,greenran_normal,0,0,65535_65535,0,5,33401,88,1,1,0,12,0,28,1,1,pre_allocation
12,2156,greenran_normal,0,0,65535_65535,0,5,33401,95,1,1,1,13,95,28,1,1,allocated
12,2156,greenran_normal,0,0,65535_65535,0,1,33401,88,1,1,0,12,0,28,1,1,pre_allocation
12,2156,greenran_normal,0,0,65535_65535,0,1,33401,95,1,1,1,13,95,28,1,1,allocated
12,2156,greenran_normal,0,0,65535_65535,0,2,33401,88,1,1,0,12,0,28,1,1,pre_allocation
12,2156,greenran_normal,0,0,65535_65535,0,2,33401,95,1,1,1,13,95,28,1,1,allocated
12,2156,greenran_normal,0,0,65535_65535,0,3,33394,88,1,1,0,12,0,28,1,1,pre_allocation
12,2156,greenran_normal,0,0,65535_65535,0,3,33394,95,1,1,1,13,95,28,1,1,allocated
12,2156,greenran_normal,0,0,65535_65535,0,4,33795,77,1,1,0,13,0,24,1,1,pre_allocation
12,2156,greenran_normal,0,0,65535_65535,0,4,33795,83,1,1,1,14,83,24,1,1,allocated
12,2156,greenran_normal,0,0,65535_65535,0,5,33401,95,1,1,0,13,0,28,1,1,pre_allocation
12,2156,greenran_normal,0,0,65535_65535,0,5,33401,103,1,1,1,14,103,28,1,1,allocated
12,2156,greenran_normal,0,0,65535_65535,0,1,33401,95,1,1,0,13,0,28,1,1,pre_allocation
12,2156,greenran_normal,0,0,65535_65535,0,1,33401,103,1,1,1,14,103,28,1,1,allocated
12,2156,greenran_normal,0,0,65535_65535,0,2,33401,95,1,1,0,13,0,28,1,1,pre_allocation
12,2156,greenran_normal,0,0,65535_65535,0,2,33401,103,1,1,1,14,103,28,1,1,allocated
12,2156,greenran_normal,0,0,65535_65535,0,3,33394,95,1,1,0,13,0,28,1,1,pre_allocation
12,2156,greenran_normal,0,0,65535_65535,0,3,33394,103,1,1,1,14,103,28,1,1,allocated
12,2156,greenran_normal,0,0,65535_65535,0,4,33795,83,1,1,0,14,0,24,1,1,pre_allocation
12,2156,greenran_normal,0,0,65535_65535,0,4,33795,89,1,1,1,15,89,24,1,1,allocated
12,2156,greenran_normal,0,0,65535_65535,0,5,33401,103,1,1,0,14,0,28,1,1,pre_allocation
12,2156,greenran_normal,0,0,65535_65535,0,5,33401,110,1,1,1,15,110,28,1,1,allocated
12,2156,greenran_normal,0,0,65535_65535,0,1,33401,103,1,1,0,14,0,28,1,1,pre_allocation
12,2156,greenran_normal,0,0,65535_65535,0,1,33401,110,1,1,1,15,110,28,1,1,allocated
12,2156,greenran_normal,0,0,65535_65535,0,2,33401,103,1,1,0,14,0,28,1,1,pre_allocation
12,2156,greenran_normal,0,0,65535_65535,0,2,33401,110,1,1,1,15,110,28,1,1,allocated
12,2156,greenran_normal,0,0,65535_65535,0,3,33394,103,1,1,0,14,0,28,1,1,pre_allocation
12,2156,greenran_normal,0,0,65535_65535,0,3,33394,110,1,1,1,15,110,28,1,1,allocated
12,2156,greenran_normal,0,0,65535_65535,0,4,33795,89,1,1,0,15,0,24,1,1,pre_allocation
12,2156,greenran_normal,0,0,65535_65535,0,4,33795,96,1,1,1,16,96,24,1,1,allocated
12,2156,greenran_normal,0,0,65535_65535,0,5,33401,110,1,1,0,15,0,28,1,1,pre_allocation
12,2156,greenran_normal,0,0,65535_65535,0,5,33401,118,1,1,1,16,118,28,1,1,allocated
12,2156,greenran_normal,0,0,65535_65535,0,1,33401,110,1,1,0,15,0,28,1,1,pre_allocation
12,2156,greenran_normal,0,0,65535_65535,0,1,33401,118,1,1,1,16,118,28,1,1,allocated
12,2156,greenran_normal,0,0,65535_65535,0,2,33401,110,1,1,0,15,0,28,1,1,pre_allocation
12,2156,greenran_normal,0,0,65535_65535,0,2,33401,118,1,1,1,16,118,28,1,1,allocated
12,2156,greenran_normal,0,0,65535_65535,0,3,33394,110,1,1,0,15,0,28,1,1,pre_allocation
12,2156,greenran_normal,0,0,65535_65535,0,3,33394,118,1,1,1,16,118,28,1,1,allocated
12,2156,greenran_normal,0,0,65535_65535,0,4,33795,96,1,1,0,16,0,24,1,1,pre_allocation
12,2156,greenran_normal,0,0,65535_65535,0,4,33795,102,1,1,1,17,102,24,1,1,allocated
12,2156,greenran_normal,0,0,65535_65535,0,5,33401,118,1,1,0,16,0,28,1,1,pre_allocation
12,2156,greenran_normal,0,0,65535_65535,0,5,33401,126,1,1,1,17,126,28,1,1,allocated
12,2156,greenran_normal,0,0,65535_65535,0,1,33401,118,1,1,0,16,0,28,1,1,pre_allocation
12,2156,greenran_normal,0,0,65535_65535,0,1,33401,126,1,1,1,17,126,28,1,1,allocated
12,2156,greenran_normal,0,0,65535_65535,0,2,33401,118,1,1,0,16,0,28,1,1,pre_allocation
12,2156,greenran_normal,0,0,65535_65535,0,2,33401,126,1,1,1,17,126,28,1,1,allocated
12,2156,greenran_normal,0,0,65535_65535,0,3,33394,118,1,1,0,16,0,28,1,1,pre_allocation
12,2156,greenran_normal,0,0,65535_65535,0,3,33394,126,1,1,1,17,126,28,1,1,allocated
12,2156,greenran_normal,0,0,65535_65535,0,4,33795,102,1,1,0,17,0,24,1,1,pre_allocation
12,2156,greenran_normal,0,0,65535_65535,0,4,33795,108,1,1,1,18,108,24,1,1,allocated
12,2156,greenran_normal,0,0,65535_65535,0,5,33401,126,1,1,0,17,0,28,1,1,pre_allocation
12,2156,greenran_normal,0,0,65535_65535,0,5,33401,133,1,1,1,18,133,28,1,1,allocated
12,2156,greenran_normal,0,0,65535_65535,0,1,33401,126,1,1,0,17,0,28,1,1,pre_allocation
12,2156,greenran_normal,0,0,65535_65535,0,1,33401,133,1,1,1,18,133,28,1,1,allocated
12,2156,greenran_normal,0,0,65535_65535,0,2,33401,126,1,1,0,17,0,28,1,1,pre_allocation
12,2156,greenran_normal,0,0,65535_65535,0,2,33401,133,1,1,1,18,133,28,1,1,allocated
12,2156,greenran_normal,0,0,65535_65535,0,3,33394,126,1,1,0,17,0,28,1,1,pre_allocation
12,2156,greenran_normal,0,0,65535_65535,0,3,33394,133,1,1,1,18,133,28,1,1,allocated
12,2156,greenran_normal,0,0,65535_65535,0,4,33795,108,1,1,0,18,0,24,1,1,pre_allocation
12,2156,greenran_normal,0,0,65535_65535,0,4,33795,114,1,1,1,19,114,24,1,1,allocated
12,2156,greenran_normal,0,0,65535_65535,0,5,33401,133,1,1,0,18,0,28,1,1,pre_allocation
12,2156,greenran_normal,0,0,65535_65535,0,5,33401,141,1,1,1,19,141,28,1,1,allocated
12,2156,greenran_normal,0,0,65535_65535,0,1,33401,133,1,1,0,18,0,28,1,1,pre_allocation
12,2156,greenran_normal,0,0,65535_65535,0,1,33401,141,1,1,1,19,141,28,1,1,allocated
12,2156,greenran_normal,0,0,65535_65535,0,2,33401,133,1,1,0,18,0,28,1,1,pre_allocation
12,2156,greenran_normal,0,0,65535_65535,0,2,33401,141,1,1,1,19,141,28,1,1,allocated
12,2156,greenran_normal,0,0,65535_65535,0,3,33394,133,1,1,0,18,0,28,1,1,pre_allocation
12,2156,greenran_normal,0,0,65535_65535,0,3,33394,141,1,1,1,19,141,28,1,1,allocated
12,2156,greenran_normal,0,0,65535_65535,0,4,33795,114,1,1,0,19,0,24,1,1,pre_allocation
12,2156,greenran_normal,0,0,65535_65535,0,4,33795,120,1,1,1,20,120,24,1,1,allocated
12,2156,greenran_normal,0,0,65535_65535,0,5,33401,141,1,1,0,19,0,28,1,1,pre_allocation
12,2156,greenran_normal,0,0,65535_65535,0,5,33401,148,1,1,1,20,148,28,1,1,allocated
12,2156,greenran_normal,0,0,65535_65535,0,1,33401,141,1,1,0,19,0,28,1,1,pre_allocation
12,2156,greenran_normal,0,0,65535_65535,0,1,33401,148,1,1,1,20,148,28,1,1,allocated
12,2156,greenran_normal,0,0,65535_65535,0,2,33401,141,1,1,0,19,0,28,1,1,pre_allocation
12,2156,greenran_normal,0,0,65535_65535,0,2,33401,148,1,1,1,20,148,28,1,1,allocated
12,2156,greenran_normal,0,0,65535_65535,0,3,33394,141,1,1,0,19,0,28,1,1,pre_allocation
12,2156,greenran_normal,0,0,65535_65535,0,3,33394,148,1,1,1,20,148,28,1,1,allocated
12,2156,greenran_normal,0,0,65535_65535,0,4,33795,120,1,1,0,20,0,24,1,1,pre_allocation
12,2156,greenran_normal,0,0,65535_65535,0,4,33795,126,1,1,1,21,126,24,1,1,allocated
12,2156,greenran_normal,0,0,65535_65535,0,5,33401,148,1,1,0,20,0,28,1,1,pre_allocation
12,2156,greenran_normal,0,0,65535_65535,0,5,33401,156,1,1,1,21,156,28,1,1,allocated
12,2156,greenran_normal,0,0,65535_65535,0,1,33401,148,1,1,0,20,0,28,1,1,pre_allocation
12,2156,greenran_normal,0,0,65535_65535,0,1,33401,156,1,1,1,21,156,28,1,1,allocated
12,2156,greenran_normal,0,0,65535_65535,0,2,33401,148,1,1,0,20,0,28,1,1,pre_allocation
12,2156,greenran_normal,0,0,65535_65535,0,2,33401,156,1,1,1,21,156,28,1,1,allocated
12,2156,greenran_normal,0,0,65535_65535,0,3,33394,148,1,1,0,20,0,28,1,1,pre_allocation
12,2156,greenran_normal,0,0,65535_65535,0,3,33394,156,1,1,1,21,156,28,1,1,allocated
12,2156,greenran_normal,0,0,65535_65535,0,4,33795,126,1,1,0,21,0,24,1,1,pre_allocation
12,2156,greenran_normal,0,0,65535_65535,0,4,33795,133,1,1,1,22,133,24,1,1,allocated
12,2156,greenran_normal,0,0,65535_65535,0,5,33401,156,1,1,0,21,0,28,1,1,pre_allocation
12,2156,greenran_normal,0,0,65535_65535,0,5,33401,163,1,1,1,22,163,28,1,1,allocated
12,2156,greenran_normal,0,0,65535_65535,0,1,33401,156,1,1,0,21,0,28,1,1,pre_allocation
12,2156,greenran_normal,0,0,65535_65535,0,1,33401,163,1,1,1,22,163,28,1,1,allocated
12,2156,greenran_normal,0,0,65535_65535,0,2,33401,156,1,1,0,21,0,28,1,1,pre_allocation
12,2156,greenran_normal,0,0,65535_65535,0,2,33401,163,1,1,1,22,163,28,1,1,allocated
12,2156,greenran_normal,0,0,65535_65535,0,3,33394,156,1,1,0,21,0,28,1,1,pre_allocation
12,2156,greenran_normal,0,0,65535_65535,0,3,33394,163,1,1,1,22,163,28,1,1,allocated
12,2156,greenran_normal,0,0,65535_65535,0,4,33795,133,1,1,0,22,0,24,1,1,pre_allocation
12,2156,greenran_normal,0,0,65535_65535,0,4,33795,139,1,1,1,23,139,24,1,1,allocated
12,2156,greenran_normal,0,0,65535_65535,0,5,33401,163,1,1,0,22,0,28,1,1,pre_allocation
12,2156,greenran_normal,0,0,65535_65535,0,5,33401,171,1,1,1,23,171,28,1,1,allocated
12,2156,greenran_normal,0,0,65535_65535,0,1,33401,163,1,1,0,22,0,28,1,1,pre_allocation
12,2156,greenran_normal,0,0,65535_65535,0,1,33401,171,1,1,1,23,171,28,1,1,allocated
12,2156,greenran_normal,0,0,65535_65535,0,2,33401,163,1,1,0,22,0,28,1,1,pre_allocation
12,2156,greenran_normal,0,0,65535_65535,0,2,33401,171,1,1,1,23,171,28,1,1,allocated
12,2156,greenran_normal,0,0,65535_65535,0,3,33394,163,1,1,0,22,0,28,1,1,pre_allocation
12,2156,greenran_normal,0,0,65535_65535,0,3,33394,171,1,1,1,23,171,28,1,1,allocated
12,2156,greenran_normal,0,0,65535_65535,0,4,33795,139,1,1,0,23,0,24,1,1,pre_allocation
12,2156,greenran_normal,0,0,65535_65535,0,4,33795,145,1,1,1,24,145,24,1,1,allocated
12,2156,greenran_normal,0,0,65535_65535,0,5,33401,171,1,1,0,23,0,28,1,1,pre_allocation
12,2156,greenran_normal,0,0,65535_65535,0,5,33401,179,1,1,1,24,179,28,1,1,allocated
12,2156,greenran_normal,0,0,65535_65535,0,1,33401,171,1,1,0,23,0,28,1,1,pre_allocation
12,2156,greenran_normal,0,0,65535_65535,0,1,33401,179,1,1,1,24,179,28,1,1,allocated
12,2156,greenran_normal,0,0,65535_65535,0,2,33401,171,1,1,0,23,0,28,1,1,pre_allocation
12,2156,greenran_normal,0,0,65535_65535,0,2,33401,179,1,1,1,24,179,28,1,1,allocated
12,2156,greenran_normal,0,0,65535_65535,0,3,33394,171,1,1,0,23,0,28,1,1,pre_allocation
12,2156,greenran_normal,0,0,65535_65535,0,3,33394,179,1,1,1,24,179,28,1,1,allocated
12,2156,greenran_normal,0,0,65535_65535,0,4,33795,145,1,1,0,24,0,24,1,1,pre_allocation
12,2156,greenran_normal,0,0,65535_65535,0,4,33795,151,1,1,1,25,151,24,1,1,allocated
12,2156,greenran_normal,0,0,65535_65535,0,5,33401,179,1,1,0,24,0,28,1,1,pre_allocation
12,2156,greenran_normal,0,0,65535_65535,0,5,33401,186,1,1,1,25,186,28,1,1,allocated
12,2156,greenran_normal,0,0,65535_65535,0,1,33401,179,1,1,0,24,0,28,1,1,pre_allocation
12,2156,greenran_normal,0,0,65535_65535,0,1,33401,186,1,1,1,25,186,28,1,1,allocated
12,2156,greenran_normal,0,0,65535_65535,0,2,33401,179,1,1,0,24,0,28,1,1,pre_allocation
12,2156,greenran_normal,0,0,65535_65535,0,2,33401,186,1,1,1,25,186,28,1,1,allocated
12,2156,greenran_normal,0,0,65535_65535,0,3,33394,179,1,1,0,24,0,28,1,1,pre_allocation
12,2156,greenran_normal,0,0,65535_65535,0,3,33394,186,1,1,1,25,186,28,1,1,allocated
12,2156,greenran_normal,0,0,65535_65535,0,4,33795,151,1,1,0,25,0,24,1,1,pre_allocation
12,2156,greenran_normal,0,0,65535_65535,0,4,33795,157,1,1,1,26,157,24,1,1,allocated
12,2156,greenran_normal,0,0,65535_65535,0,5,33401,186,1,1,0,25,0,28,1,1,pre_allocation
12,2156,greenran_normal,0,0,65535_65535,0,5,33401,194,1,1,1,26,194,28,1,1,allocated
12,2156,greenran_normal,0,0,65535_65535,0,1,33401,186,1,1,0,25,0,28,1,1,pre_allocation
12,2156,greenran_normal,0,0,65535_65535,0,1,33401,194,1,1,1,26,194,28,1,1,allocated
12,2156,greenran_normal,0,0,65535_65535,0,2,33401,186,1,1,0,25,0,28,1,1,pre_allocation
12,2156,greenran_normal,0,0,65535_65535,0,2,33401,194,1,1,1,26,194,28,1,1,allocated
12,2156,greenran_normal,0,0,65535_65535,0,3,33394,186,1,1,0,25,0,28,1,1,pre_allocation
12,2156,greenran_normal,0,0,65535_65535,0,3,33394,194,1,1,1,26,194,28,1,1,allocated
12,2156,greenran_normal,0,0,65535_65535,0,4,33795,157,1,1,0,26,0,24,1,1,pre_allocation
12,2156,greenran_normal,0,0,65535_65535,0,4,33795,164,1,1,1,27,164,24,1,1,allocated
12,2156,greenran_normal,0,0,65535_65535,0,5,33401,194,1,1,0,26,0,28,1,1,pre_allocation
12,2156,greenran_normal,0,0,65535_65535,0,5,33401,201,1,1,1,27,201,28,1,1,allocated
12,2156,greenran_normal,0,0,65535_65535,0,1,33401,194,1,1,0,26,0,28,1,1,pre_allocation
12,2156,greenran_normal,0,0,65535_65535,0,1,33401,201,1,1,1,27,201,28,1,1,allocated
12,2156,greenran_normal,0,0,65535_65535,0,2,33401,194,1,1,0,26,0,28,1,1,pre_allocation
12,2156,greenran_normal,0,0,65535_65535,0,2,33401,201,1,1,1,27,201,28,1,1,allocated
12,2156,greenran_normal,0,0,65535_65535,0,3,33394,194,1,1,0,26,0,28,1,1,pre_allocation
12,2156,greenran_normal,0,0,65535_65535,0,3,33394,201,1,1,1,27,201,28,1,1,allocated
12,2156,greenran_normal,0,0,65535_65535,0,4,33795,164,1,1,0,27,0,24,1,1,pre_allocation
12,2156,greenran_normal,0,0,65535_65535,0,4,33795,170,1,1,1,28,170,24,1,1,allocated
12,2156,greenran_normal,0,0,65535_65535,0,5,33401,201,1,1,0,27,0,28,1,1,pre_allocation
12,2156,greenran_normal,0,0,65535_65535,0,5,33401,209,1,1,1,28,209,28,1,1,allocated
12,2156,greenran_normal,0,0,65535_65535,0,1,33401,201,1,1,0,27,0,28,1,1,pre_allocation
12,2156,greenran_normal,0,0,65535_65535,0,1,33401,209,1,1,1,28,209,28,1,1,allocated
12,2156,greenran_normal,0,0,65535_65535,0,2,33401,201,1,1,0,27,0,28,1,1,pre_allocation
12,2156,greenran_normal,0,0,65535_65535,0,2,33401,209,1,1,1,28,209,28,1,1,allocated
12,2156,greenran_normal,0,0,65535_65535,0,3,33394,201,1,1,0,27,0,28,1,1,pre_allocation
12,2156,greenran_normal,0,0,65535_65535,0,3,33394,209,1,1,1,28,209,28,1,1,allocated
12,2156,greenran_normal,0,0,65535_65535,0,4,33795,170,1,1,0,28,0,24,1,1,pre_allocation
12,2156,greenran_normal,0,0,65535_65535,0,4,33795,176,1,1,1,29,176,24,1,1,allocated
12,2156,greenran_normal,0,0,65535_65535,0,5,33401,209,1,1,0,28,0,28,1,1,pre_allocation
12,2156,greenran_normal,0,0,65535_65535,0,5,33401,217,1,1,1,29,217,28,1,1,allocated
12,2156,greenran_normal,0,0,65535_65535,0,1,33401,209,1,1,0,28,0,28,1,1,pre_allocation
12,2156,greenran_normal,0,0,65535_65535,0,1,33401,217,1,1,1,29,217,28,1,1,allocated
12,2156,greenran_normal,0,0,65535_65535,0,2,33401,209,1,1,0,28,0,28,1,1,pre_allocation
12,2156,greenran_normal,0,0,65535_65535,0,2,33401,217,1,1,1,29,217,28,1,1,allocated
12,2156,greenran_normal,0,0,65535_65535,0,3,33394,209,1,1,0,28,0,28,1,1,pre_allocation
12,2156,greenran_normal,0,0,65535_65535,0,3,33394,217,1,1,1,29,217,28,1,1,allocated
12,2156,greenran_normal,0,0,65535_65535,0,4,33795,176,1,1,0,29,0,24,1,1,pre_allocation
12,2156,greenran_normal,0,0,65535_65535,0,4,33795,182,1,1,1,30,182,24,1,1,allocated
12,2156,greenran_normal,0,0,65535_65535,0,5,33401,217,1,1,0,29,0,28,1,1,pre_allocation
12,2156,greenran_normal,0,0,65535_65535,0,5,33401,224,1,1,1,30,224,28,1,1,allocated
12,2156,greenran_normal,0,0,65535_65535,0,1,33401,217,1,1,0,29,0,28,1,1,pre_allocation
12,2156,greenran_normal,0,0,65535_65535,0,1,33401,224,1,1,1,30,224,28,1,1,allocated
12,2156,greenran_normal,0,0,65535_65535,0,2,33401,217,1,1,0,29,0,28,1,1,pre_allocation
12,2156,greenran_normal,0,0,65535_65535,0,2,33401,224,1,1,1,30,224,28,1,1,allocated
12,2156,greenran_normal,0,0,65535_65535,2,38,1055403,0,1,1,0,0,0,2,1,1,pre_allocation
12,2156,greenran_normal,0,0,65535_65535,2,38,1055403,0,1,1,1,1,0,2,1,1,allocated
12,2156,greenran_normal,0,0,65535_65535,2,60,1055227,0,1,1,0,0,0,12,1,1,pre_allocation
12,2156,greenran_normal,0,0,65535_65535,2,60,1055227,2,1,1,1,1,2,12,1,1,allocated
12,2156,greenran_normal,0,0,65535_65535,2,64,1055168,0,1,1,0,0,0,14,1,1,pre_allocation
12,2156,greenran_normal,0,0,65535_65535,2,64,1055168,2,1,1,1,1,2,14,1,1,allocated
12,2156,greenran_normal,0,0,65535_65535,2,43,1055048,0,1,1,0,0,0,18,1,1,pre_allocation
12,2156,greenran_normal,0,0,65535_65535,2,43,1055048,0,1,1,1,1,0,18,1,1,allocated
12,2156,greenran_normal,0,0,65535_65535,2,42,1054894,0,1,1,0,0,0,24,1,1,pre_allocation
12,2156,greenran_normal,0,0,65535_65535,2,42,1054894,3,1,1,1,1,3,24,1,1,allocated
12,2156,greenran_normal,0,0,65535_65535,2,58,1054830,0,1,1,0,0,0,26,1,1,pre_allocation
12,2156,greenran_normal,0,0,65535_65535,2,58,1054830,4,1,1,1,1,4,26,1,1,allocated
12,2156,greenran_normal,0,0,65535_65535,2,59,1054795,0,1,1,0,0,0,24,1,1,pre_allocation
12,2156,greenran_normal,0,0,65535_65535,2,59,1054795,3,1,1,1,1,3,24,1,1,allocated
12,2156,greenran_normal,0,0,65535_65535,2,39,1054763,0,1,1,0,0,0,26,1,1,pre_allocation
12,2156,greenran_normal,0,0,65535_65535,2,39,1054763,4,1,1,1,1,4,26,1,1,allocated
12,2156,greenran_normal,0,0,65535_65535,2,40,1054762,0,1,1,0,0,0,28,1,1,pre_allocation
12,2156,greenran_normal,0,0,65535_65535,2,40,1054762,4,1,1,1,1,4,28,1,1,allocated
12,2156,greenran_normal,0,0,65535_65535,2,36,1054794,0,1,1,0,0,0,28,1,1,pre_allocation
12,2156,greenran_normal,0,0,65535_65535,2,36,1054794,4,1,1,1,1,4,28,1,1,allocated
12,2156,greenran_normal,0,0,65535_65535,2,63,1054758,0,1,1,0,0,0,28,1,1,pre_allocation
12,2156,greenran_normal,0,0,65535_65535,2,63,1054758,4,1,1,1,1,4,28,1,1,allocated
12,2156,greenran_normal,0,0,65535_65535,2,62,1054758,0,1,1,0,0,0,28,1,1,pre_allocation
12,2156,greenran_normal,0,0,65535_65535,2,62,1054758,4,1,1,1,1,4,28,1,1,allocated
12,2156,greenran_normal,0,0,65535_65535,2,61,1054758,0,1,1,0,0,0,28,1,1,pre_allocation
12,2156,greenran_normal,0,0,65535_65535,2,61,1054758,4,1,1,1,1,4,28,1,1,allocated
12,2156,greenran_normal,0,0,65535_65535,2,35,1054754,0,1,1,0,0,0,28,1,1,pre_allocation
12,2156,greenran_normal,0,0,65535_65535,2,35,1054754,4,1,1,1,1,4,28,1,1,allocated
12,2156,greenran_normal,0,0,65535_65535,2,44,1054754,0,1,1,0,0,0,28,1,1,pre_allocation
12,2156,greenran_normal,0,0,65535_65535,2,44,1054754,4,1,1,1,1,4,28,1,1,allocated
12,2156,greenran_normal,0,0,65535_65535,2,55,1054754,0,1,1,0,0,0,28,1,1,pre_allocation
12,2156,greenran_normal,0,0,65535_65535,2,55,1054754,4,1,1,1,1,4,28,1,1,allocated
12,2156,greenran_normal,0,0,65535_65535,2,56,1054754,0,1,1,0,0,0,28,1,1,pre_allocation
12,2156,greenran_normal,0,0,65535_65535,2,56,1054754,4,1,1,1,1,4,28,1,1,allocated
12,2156,greenran_normal,0,0,65535_65535,2,57,1054754,0,1,1,0,0,0,28,1,1,pre_allocation
12,2156,greenran_normal,0,0,65535_65535,2,57,1054754,4,1,1,1,1,4,28,1,1,allocated
12,2156,greenran_normal,0,0,65535_65535,2,37,1054756,0,1,1,0,0,0,28,1,1,pre_allocation
12,2156,greenran_normal,0,0,65535_65535,2,37,1054756,4,1,1,1,1,4,28,1,1,allocated
12,2156,greenran_normal,0,0,65535_65535,2,41,1054756,0,1,1,0,0,0,28,1,1,pre_allocation
12,2156,greenran_normal,0,0,65535_65535,2,41,1054756,4,1,1,1,1,4,28,1,1,allocated
12,2156,greenran_normal,0,0,65535_65535,2,38,1055403,0,1,1,0,1,0,2,1,1,pre_allocation
12,2156,greenran_normal,0,0,65535_65535,2,38,1055403,0,1,1,1,2,0,2,1,1,allocated
12,2156,greenran_normal,0,0,65535_65535,2,60,1055227,2,1,1,0,1,0,12,1,1,pre_allocation
12,2156,greenran_normal,0,0,65535_65535,2,60,1055227,1,1,1,1,2,1,12,1,1,allocated
12,2156,greenran_normal,0,0,65535_65535,2,64,1055168,2,1,1,0,1,0,14,1,1,pre_allocation
12,2156,greenran_normal,0,0,65535_65535,2,64,1055168,2,1,1,1,2,2,14,1,1,allocated
12,2156,greenran_normal,0,0,65535_65535,2,43,1055048,0,1,1,0,1,0,18,1,1,pre_allocation
12,2156,greenran_normal,0,0,65535_65535,2,43,1055048,4,1,1,1,2,4,18,1,1,allocated
12,2156,greenran_normal,0,0,65535_65535,2,42,1054894,3,1,1,0,1,0,24,1,1,pre_allocation
12,2156,greenran_normal,0,0,65535_65535,2,42,1054894,9,1,1,1,2,9,24,1,1,allocated
12,2156,greenran_normal,0,0,65535_65535,2,58,1054830,4,1,1,0,1,0,26,1,1,pre_allocation
12,2156,greenran_normal,0,0,65535_65535,2,58,1054830,11,1,1,1,2,11,26,1,1,allocated
12,2156,greenran_normal,0,0,65535_65535,2,59,1054795,3,1,1,0,1,0,24,1,1,pre_allocation
12,2156,greenran_normal,0,0,65535_65535,2,59,1054795,9,1,1,1,2,9,24,1,1,allocated
12,2156,greenran_normal,0,0,65535_65535,2,39,1054763,4,1,1,0,1,0,26,1,1,pre_allocation
12,2156,greenran_normal,0,0,65535_65535,2,39,1054763,11,1,1,1,2,11,26,1,1,allocated
12,2156,greenran_normal,0,0,65535_65535,2,40,1054762,4,1,1,0,1,0,28,1,1,pre_allocation
12,2156,greenran_normal,0,0,65535_65535,2,40,1054762,12,1,1,1,2,12,28,1,1,allocated
12,2156,greenran_normal,0,0,65535_65535,2,36,1054794,4,1,1,0,1,0,28,1,1,pre_allocation
12,2156,greenran_normal,0,0,65535_65535,2,36,1054794,12,1,1,1,2,12,28,1,1,allocated
12,2156,greenran_normal,0,0,65535_65535,2,63,1054758,4,1,1,0,1,0,28,1,1,pre_allocation
12,2156,greenran_normal,0,0,65535_65535,2,63,1054758,12,1,1,1,2,12,28,1,1,allocated
12,2156,greenran_normal,0,0,65535_65535,2,62,1054758,4,1,1,0,1,0,28,1,1,pre_allocation
12,2156,greenran_normal,0,0,65535_65535,2,62,1054758,12,1,1,1,2,12,28,1,1,allocated
12,2156,greenran_normal,0,0,65535_65535,2,61,1054758,4,1,1,0,1,0,28,1,1,pre_allocation
12,2156,greenran_normal,0,0,65535_65535,2,61,1054758,12,1,1,1,2,12,28,1,1,allocated
12,2156,greenran_normal,0,0,65535_65535,2,35,1054754,4,1,1,0,1,0,28,1,1,pre_allocation
12,2156,greenran_normal,0,0,65535_65535,2,35,1054754,12,1,1,1,2,12,28,1,1,allocated
12,2156,greenran_normal,0,0,65535_65535,2,44,1054754,4,1,1,0,1,0,28,1,1,pre_allocation
12,2156,greenran_normal,0,0,65535_65535,2,44,1054754,12,1,1,1,2,12,28,1,1,allocated
12,2156,greenran_normal,0,0,65535_65535,2,55,1054754,4,1,1,0,1,0,28,1,1,pre_allocation
12,2156,greenran_normal,0,0,65535_65535,2,55,1054754,12,1,1,1,2,12,28,1,1,allocated
12,2156,greenran_normal,0,0,65535_65535,2,56,1054754,4,1,1,0,1,0,28,1,1,pre_allocation
12,2156,greenran_normal,0,0,65535_65535,2,56,1054754,12,1,1,1,2,12,28,1,1,allocated
12,2156,greenran_normal,0,0,65535_65535,2,57,1054754,4,1,1,0,1,0,28,1,1,pre_allocation
12,2156,greenran_normal,0,0,65535_65535,2,57,1054754,12,1,1,1,2,12,28,1,1,allocated
12,2156,greenran_normal,0,0,65535_65535,2,37,1054756,4,1,1,0,1,0,28,1,1,pre_allocation
12,2156,greenran_normal,0,0,65535_65535,2,37,1054756,12,1,1,1,2,12,28,1,1,allocated
12,2156,greenran_normal,0,0,65535_65535,2,41,1054756,4,1,1,0,1,0,28,1,1,pre_allocation
12,2156,greenran_normal,0,0,65535_65535,2,41,1054756,12,1,1,1,2,12,28,1,1,allocated
12,2156,greenran_normal,0,0,65535_65535,2,38,1055403,0,1,1,0,2,0,2,1,1,pre_allocation
12,2156,greenran_normal,0,0,65535_65535,2,38,1055403,0,1,1,1,3,0,2,1,1,allocated
12,2156,greenran_normal,0,0,65535_65535,2,60,1055227,1,1,1,0,2,0,12,1,1,pre_allocation
12,2156,greenran_normal,0,0,65535_65535,2,60,1055227,3,1,1,1,3,3,12,1,1,allocated
12,2156,greenran_normal,0,0,65535_65535,2,64,1055168,2,1,1,0,2,0,14,1,1,pre_allocation
12,2156,greenran_normal,0,0,65535_65535,2,64,1055168,4,1,1,1,3,4,14,1,1,allocated
12,2156,greenran_normal,0,0,65535_65535,2,43,1055048,4,1,1,0,2,0,18,1,1,pre_allocation
12,2156,greenran_normal,0,0,65535_65535,2,43,1055048,8,1,1,1,3,8,18,1,1,allocated
12,2156,greenran_normal,0,0,65535_65535,2,42,1054894,9,1,1,0,2,0,24,1,1,pre_allocation
12,2156,greenran_normal,0,0,65535_65535,2,42,1054894,15,1,1,1,3,15,24,1,1,allocated
12,2156,greenran_normal,0,0,65535_65535,2,58,1054830,11,1,1,0,2,0,26,1,1,pre_allocation
12,2156,greenran_normal,0,0,65535_65535,2,58,1054830,18,1,1,1,3,18,26,1,1,allocated
12,2156,greenran_normal,0,0,65535_65535,2,59,1054795,9,1,1,0,2,0,24,1,1,pre_allocation
12,2156,greenran_normal,0,0,65535_65535,2,59,1054795,15,1,1,1,3,15,24,1,1,allocated
12,2156,greenran_normal,0,0,65535_65535,2,39,1054763,11,1,1,0,2,0,26,1,1,pre_allocation
12,2156,greenran_normal,0,0,65535_65535,2,39,1054763,18,1,1,1,3,18,26,1,1,allocated
12,2156,greenran_normal,0,0,65535_65535,2,40,1054762,12,1,1,0,2,0,28,1,1,pre_allocation
12,2156,greenran_normal,0,0,65535_65535,2,40,1054762,19,1,1,1,3,19,28,1,1,allocated
12,2156,greenran_normal,0,0,65535_65535,2,36,1054794,12,1,1,0,2,0,28,1,1,pre_allocation
12,2156,greenran_normal,0,0,65535_65535,2,36,1054794,19,1,1,1,3,19,28,1,1,allocated
12,2156,greenran_normal,0,0,65535_65535,2,63,1054758,12,1,1,0,2,0,28,1,1,pre_allocation
12,2156,greenran_normal,0,0,65535_65535,2,63,1054758,19,1,1,1,3,19,28,1,1,allocated
12,2156,greenran_normal,0,0,65535_65535,2,62,1054758,12,1,1,0,2,0,28,1,1,pre_allocation
12,2156,greenran_normal,0,0,65535_65535,2,62,1054758,19,1,1,1,3,19,28,1,1,allocated
12,2156,greenran_normal,0,0,65535_65535,2,61,1054758,12,1,1,0,2,0,28,1,1,pre_allocation
12,2156,greenran_normal,0,0,65535_65535,2,61,1054758,19,1,1,1,3,19,28,1,1,allocated
12,2156,greenran_normal,0,0,65535_65535,2,35,1054754,12,1,1,0,2,0,28,1,1,pre_allocation
12,2156,greenran_normal,0,0,65535_65535,2,35,1054754,19,1,1,1,3,19,28,1,1,allocated
12,2156,greenran_normal,0,0,65535_65535,2,44,1054754,12,1,1,0,2,0,28,1,1,pre_allocation
12,2156,greenran_normal,0,0,65535_65535,2,44,1054754,19,1,1,1,3,19,28,1,1,allocated
12,2156,greenran_normal,0,0,65535_65535,2,55,1054754,12,1,1,0,2,0,28,1,1,pre_allocation
12,2156,greenran_normal,0,0,65535_65535,2,55,1054754,19,1,1,1,3,19,28,1,1,allocated
12,2156,greenran_normal,0,0,65535_65535,2,56,1054754,12,1,1,0,2,0,28,1,1,pre_allocation
12,2156,greenran_normal,0,0,65535_65535,2,56,1054754,19,1,1,1,3,19,28,1,1,allocated
12,2156,greenran_normal,0,0,65535_65535,2,57,1054754,12,1,1,0,2,0,28,1,1,pre_allocation
12,2156,greenran_normal,0,0,65535_65535,2,57,1054754,19,1,1,1,3,19,28,1,1,allocated
12,2156,greenran_normal,0,0,65535_65535,2,37,1054756,12,1,1,0,2,0,28,1,1,pre_allocation
12,2156,greenran_normal,0,0,65535_65535,2,37,1054756,19,1,1,1,3,19,28,1,1,allocated
12,2156,greenran_normal,0,0,65535_65535,2,41,1054756,12,1,1,0,2,0,28,1,1,pre_allocation
12,2156,greenran_normal,0,0,65535_65535,2,41,1054756,19,1,1,1,3,19,28,1,1,allocated
12,2156,greenran_normal,0,0,65535_65535,2,38,1055403,0,1,1,0,3,0,2,1,1,pre_allocation
12,2156,greenran_normal,0,0,65535_65535,2,38,1055403,1,1,1,1,4,1,2,1,1,allocated
12,2156,greenran_normal,0,0,65535_65535,2,60,1055227,3,1,1,0,3,0,12,1,1,pre_allocation
12,2156,greenran_normal,0,0,65535_65535,2,60,1055227,5,1,1,1,4,5,12,1,1,allocated
12,2156,greenran_normal,0,0,65535_65535,2,64,1055168,4,1,1,0,3,0,14,1,1,pre_allocation
12,2156,greenran_normal,0,0,65535_65535,2,64,1055168,7,1,1,1,4,7,14,1,1,allocated
12,2156,greenran_normal,0,0,65535_65535,2,43,1055048,8,1,1,0,3,0,18,1,1,pre_allocation
12,2156,greenran_normal,0,0,65535_65535,2,43,1055048,11,1,1,1,4,11,18,1,1,allocated
12,2156,greenran_normal,0,0,65535_65535,2,42,1054894,15,1,1,0,3,0,24,1,1,pre_allocation
12,2156,greenran_normal,0,0,65535_65535,2,42,1054894,21,1,1,1,4,21,24,1,1,allocated
12,2156,greenran_normal,0,0,65535_65535,2,58,1054830,18,1,1,0,3,0,26,1,1,pre_allocation
12,2156,greenran_normal,0,0,65535_65535,2,58,1054830,25,1,1,1,4,25,26,1,1,allocated
12,2156,greenran_normal,0,0,65535_65535,2,59,1054795,15,1,1,0,3,0,24,1,1,pre_allocation
12,2156,greenran_normal,0,0,65535_65535,2,59,1054795,21,1,1,1,4,21,24,1,1,allocated
12,2156,greenran_normal,0,0,65535_65535,2,39,1054763,18,1,1,0,3,0,26,1,1,pre_allocation
12,2156,greenran_normal,0,0,65535_65535,2,39,1054763,25,1,1,1,4,25,26,1,1,allocated
12,2156,greenran_normal,0,0,65535_65535,2,40,1054762,19,1,1,0,3,0,28,1,1,pre_allocation
12,2156,greenran_normal,0,0,65535_65535,2,40,1054762,27,1,1,1,4,27,28,1,1,allocated
12,2156,greenran_normal,0,0,65535_65535,2,36,1054794,19,1,1,0,3,0,28,1,1,pre_allocation
12,2156,greenran_normal,0,0,65535_65535,2,36,1054794,27,1,1,1,4,27,28,1,1,allocated
12,2156,greenran_normal,0,0,65535_65535,2,63,1054758,19,1,1,0,3,0,28,1,1,pre_allocation
12,2156,greenran_normal,0,0,65535_65535,2,63,1054758,27,1,1,1,4,27,28,1,1,allocated
12,2156,greenran_normal,0,0,65535_65535,2,62,1054758,19,1,1,0,3,0,28,1,1,pre_allocation
12,2156,greenran_normal,0,0,65535_65535,2,62,1054758,27,1,1,1,4,27,28,1,1,allocated
12,2156,greenran_normal,0,0,65535_65535,2,61,1054758,19,1,1,0,3,0,28,1,1,pre_allocation
12,2156,greenran_normal,0,0,65535_65535,2,61,1054758,27,1,1,1,4,27,28,1,1,allocated
12,2156,greenran_normal,0,0,65535_65535,2,35,1054754,19,1,1,0,3,0,28,1,1,pre_allocation
12,2156,greenran_normal,0,0,65535_65535,2,35,1054754,27,1,1,1,4,27,28,1,1,allocated
12,2156,greenran_normal,0,0,65535_65535,2,44,1054754,19,1,1,0,3,0,28,1,1,pre_allocation
12,2156,greenran_normal,0,0,65535_65535,2,44,1054754,27,1,1,1,4,27,28,1,1,allocated
12,2156,greenran_normal,0,0,65535_65535,2,55,1054754,19,1,1,0,3,0,28,1,1,pre_allocation
12,2156,greenran_normal,0,0,65535_65535,2,55,1054754,27,1,1,1,4,27,28,1,1,allocated
12,2156,greenran_normal,0,0,65535_65535,2,56,1054754,19,1,1,0,3,0,28,1,1,pre_allocation
12,2156,greenran_normal,0,0,65535_65535,2,56,1054754,27,1,1,1,4,27,28,1,1,allocated
12,2156,greenran_normal,0,0,65535_65535,2,57,1054754,19,1,1,0,3,0,28,1,1,pre_allocation
12,2156,greenran_normal,0,0,65535_65535,2,57,1054754,27,1,1,1,4,27,28,1,1,allocated
12,2156,greenran_normal,0,0,65535_65535,2,37,1054756,19,1,1,0,3,0,28,1,1,pre_allocation
12,2156,greenran_normal,0,0,65535_65535,2,37,1054756,27,1,1,1,4,27,28,1,1,allocated
12,2156,greenran_normal,0,0,65535_65535,2,41,1054756,19,1,1,0,3,0,28,1,1,pre_allocation
12,2156,greenran_normal,0,0,65535_65535,2,41,1054756,27,1,1,1,4,27,28,1,1,allocated
12,2156,greenran_normal,0,0,65535_65535,2,38,1055403,1,1,1,0,4,0,2,1,1,pre_allocation
12,2156,greenran_normal,0,0,65535_65535,2,38,1055403,1,1,1,1,5,1,2,1,1,allocated
12,2156,greenran_normal,0,0,65535_65535,2,60,1055227,5,1,1,0,4,0,12,1,1,pre_allocation
12,2156,greenran_normal,0,0,65535_65535,2,60,1055227,7,1,1,1,5,7,12,1,1,allocated
12,2156,greenran_normal,0,0,65535_65535,2,64,1055168,7,1,1,0,4,0,14,1,1,pre_allocation
12,2156,greenran_normal,0,0,65535_65535,2,64,1055168,10,1,1,1,5,10,14,1,1,allocated
12,2156,greenran_normal,0,0,65535_65535,2,43,1055048,11,1,1,0,4,0,18,1,1,pre_allocation
12,2156,greenran_normal,0,0,65535_65535,2,43,1055048,15,1,1,1,5,15,18,1,1,allocated
12,2156,greenran_normal,0,0,65535_65535,2,42,1054894,21,1,1,0,4,0,24,1,1,pre_allocation
12,2156,greenran_normal,0,0,65535_65535,2,42,1054894,27,1,1,1,5,27,24,1,1,allocated
12,2156,greenran_normal,0,0,65535_65535,2,58,1054830,25,1,1,0,4,0,26,1,1,pre_allocation
12,2156,greenran_normal,0,0,65535_65535,2,58,1054830,32,1,1,1,5,32,26,1,1,allocated
12,2156,greenran_normal,0,0,65535_65535,2,59,1054795,21,1,1,0,4,0,24,1,1,pre_allocation
12,2156,greenran_normal,0,0,65535_65535,2,59,1054795,27,1,1,1,5,27,24,1,1,allocated
12,2156,greenran_normal,0,0,65535_65535,2,39,1054763,25,1,1,0,4,0,26,1,1,pre_allocation
12,2156,greenran_normal,0,0,65535_65535,2,39,1054763,32,1,1,1,5,32,26,1,1,allocated
12,2156,greenran_normal,0,0,65535_65535,2,40,1054762,27,1,1,0,4,0,28,1,1,pre_allocation
12,2156,greenran_normal,0,0,65535_65535,2,40,1054762,34,1,1,1,5,34,28,1,1,allocated
12,2156,greenran_normal,0,0,65535_65535,2,36,1054794,27,1,1,0,4,0,28,1,1,pre_allocation
12,2156,greenran_normal,0,0,65535_65535,2,36,1054794,34,1,1,1,5,34,28,1,1,allocated
12,2156,greenran_normal,0,0,65535_65535,2,63,1054758,27,1,1,0,4,0,28,1,1,pre_allocation
12,2156,greenran_normal,0,0,65535_65535,2,63,1054758,34,1,1,1,5,34,28,1,1,allocated
12,2156,greenran_normal,0,0,65535_65535,2,62,1054758,27,1,1,0,4,0,28,1,1,pre_allocation
12,2156,greenran_normal,0,0,65535_65535,2,62,1054758,34,1,1,1,5,34,28,1,1,allocated
12,2156,greenran_normal,0,0,65535_65535,2,61,1054758,27,1,1,0,4,0,28,1,1,pre_allocation
12,2156,greenran_normal,0,0,65535_65535,2,61,1054758,34,1,1,1,5,34,28,1,1,allocated
12,2156,greenran_normal,0,0,65535_65535,2,35,1054754,27,1,1,0,4,0,28,1,1,pre_allocation
12,2156,greenran_normal,0,0,65535_65535,2,35,1054754,34,1,1,1,5,34,28,1,1,allocated
12,2156,greenran_normal,0,0,65535_65535,2,44,1054754,27,1,1,0,4,0,28,1,1,pre_allocation
12,2156,greenran_normal,0,0,65535_65535,2,44,1054754,34,1,1,1,5,34,28,1,1,allocated
12,2156,greenran_normal,0,0,65535_65535,2,55,1054754,27,1,1,0,4,0,28,1,1,pre_allocation
12,2156,greenran_normal,0,0,65535_65535,2,55,1054754,34,1,1,1,5,34,28,1,1,allocated
12,2156,greenran_normal,0,0,65535_65535,2,56,1054754,27,1,1,0,4,0,28,1,1,pre_allocation
12,2156,greenran_normal,0,0,65535_65535,2,56,1054754,34,1,1,1,5,34,28,1,1,allocated
12,2156,greenran_normal,0,0,65535_65535,2,57,1054754,27,1,1,0,4,0,28,1,1,pre_allocation
12,2156,greenran_normal,0,0,65535_65535,2,57,1054754,34,1,1,1,5,34,28,1,1,allocated
12,2156,greenran_normal,0,0,65535_65535,2,37,1054756,27,1,1,0,4,0,28,1,1,pre_allocation
12,2156,greenran_normal,0,0,65535_65535,2,37,1054756,34,1,1,1,5,34,28,1,1,allocated
12,2156,greenran_normal,0,0,65535_65535,2,41,1054756,27,1,1,0,4,0,28,1,1,pre_allocation
12,2156,greenran_normal,0,0,65535_65535,2,41,1054756,34,1,1,1,5,34,28,1,1,allocated
12,2156,greenran_normal,0,0,65535_65535,2,38,1055403,1,1,1,0,5,0,2,1,1,pre_allocation
12,2156,greenran_normal,0,0,65535_65535,2,38,1055403,1,1,1,1,6,1,2,1,1,allocated
12,2156,greenran_normal,0,0,65535_65535,2,60,1055227,7,1,1,0,5,0,12,1,1,pre_allocation
12,2156,greenran_normal,0,0,65535_65535,2,60,1055227,9,1,1,1,6,9,12,1,1,allocated
12,2156,greenran_normal,0,0,65535_65535,2,64,1055168,10,1,1,0,5,0,14,1,1,pre_allocation
12,2156,greenran_normal,0,0,65535_65535,2,64,1055168,12,1,1,1,6,12,14,1,1,allocated
12,2156,greenran_normal,0,0,65535_65535,2,43,1055048,15,1,1,0,5,0,18,1,1,pre_allocation
12,2156,greenran_normal,0,0,65535_65535,2,43,1055048,19,1,1,1,6,19,18,1,1,allocated
12,2156,greenran_normal,0,0,65535_65535,2,42,1054894,27,1,1,0,5,0,24,1,1,pre_allocation
12,2156,greenran_normal,0,0,65535_65535,2,42,1054894,34,1,1,1,6,34,24,1,1,allocated
12,2156,greenran_normal,0,0,65535_65535,2,58,1054830,32,1,1,0,5,0,26,1,1,pre_allocation
12,2156,greenran_normal,0,0,65535_65535,2,58,1054830,39,1,1,1,6,39,26,1,1,allocated
12,2156,greenran_normal,0,0,65535_65535,2,59,1054795,27,1,1,0,5,0,24,1,1,pre_allocation
12,2156,greenran_normal,0,0,65535_65535,2,59,1054795,34,1,1,1,6,34,24,1,1,allocated
12,2156,greenran_normal,0,0,65535_65535,2,39,1054763,32,1,1,0,5,0,26,1,1,pre_allocation
12,2156,greenran_normal,0,0,65535_65535,2,39,1054763,39,1,1,1,6,39,26,1,1,allocated
12,2156,greenran_normal,0,0,65535_65535,2,40,1054762,34,1,1,0,5,0,28,1,1,pre_allocation
12,2156,greenran_normal,0,0,65535_65535,2,40,1054762,42,1,1,1,6,42,28,1,1,allocated
12,2156,greenran_normal,0,0,65535_65535,2,36,1054794,34,1,1,0,5,0,28,1,1,pre_allocation
12,2156,greenran_normal,0,0,65535_65535,2,36,1054794,42,1,1,1,6,42,28,1,1,allocated
12,2156,greenran_normal,0,0,65535_65535,2,63,1054758,34,1,1,0,5,0,28,1,1,pre_allocation
12,2156,greenran_normal,0,0,65535_65535,2,63,1054758,42,1,1,1,6,42,28,1,1,allocated
12,2156,greenran_normal,0,0,65535_65535,2,62,1054758,34,1,1,0,5,0,28,1,1,pre_allocation
12,2156,greenran_normal,0,0,65535_65535,2,62,1054758,42,1,1,1,6,42,28,1,1,allocated
12,2156,greenran_normal,0,0,65535_65535,2,61,1054758,34,1,1,0,5,0,28,1,1,pre_allocation
12,2156,greenran_normal,0,0,65535_65535,2,61,1054758,42,1,1,1,6,42,28,1,1,allocated
12,2156,greenran_normal,0,0,65535_65535,2,35,1054754,34,1,1,0,5,0,28,1,1,pre_allocation
12,2156,greenran_normal,0,0,65535_65535,2,35,1054754,42,1,1,1,6,42,28,1,1,allocated
12,2156,greenran_normal,0,0,65535_65535,2,44,1054754,34,1,1,0,5,0,28,1,1,pre_allocation
12,2156,greenran_normal,0,0,65535_65535,2,44,1054754,42,1,1,1,6,42,28,1,1,allocated
12,2156,greenran_normal,0,0,65535_65535,2,55,1054754,34,1,1,0,5,0,28,1,1,pre_allocation
12,2156,greenran_normal,0,0,65535_65535,2,55,1054754,42,1,1,1,6,42,28,1,1,allocated
12,2156,greenran_normal,0,0,65535_65535,2,56,1054754,34,1,1,0,5,0,28,1,1,pre_allocation
12,2156,greenran_normal,0,0,65535_65535,2,56,1054754,42,1,1,1,6,42,28,1,1,allocated
13,2316,greenran_normal,0,0,65535_65535,0,4,37050,0,1,1,0,0,0,24,1,1,pre_allocation
13,2316,greenran_normal,0,0,65535_65535,0,4,37050,3,1,1,1,1,3,24,1,1,allocated
13,2316,greenran_normal,0,0,65535_65535,0,3,36614,0,1,1,0,0,0,28,1,1,pre_allocation
13,2316,greenran_normal,0,0,65535_65535,0,3,36614,4,1,1,1,1,4,28,1,1,allocated
13,2316,greenran_normal,0,0,65535_65535,0,5,36614,0,1,1,0,0,0,28,1,1,pre_allocation
13,2316,greenran_normal,0,0,65535_65535,0,5,36614,4,1,1,1,1,4,28,1,1,allocated
13,2316,greenran_normal,0,0,65535_65535,0,1,36614,0,1,1,0,0,0,28,1,1,pre_allocation
13,2316,greenran_normal,0,0,65535_65535,0,1,36614,4,1,1,1,1,4,28,1,1,allocated
13,2316,greenran_normal,0,0,65535_65535,0,2,36614,0,1,1,0,0,0,28,1,1,pre_allocation
13,2316,greenran_normal,0,0,65535_65535,0,2,36614,4,1,1,1,1,4,28,1,1,allocated
13,2316,greenran_normal,0,0,65535_65535,0,4,37050,3,1,1,0,1,0,24,1,1,pre_allocation
13,2316,greenran_normal,0,0,65535_65535,0,4,37050,9,1,1,1,2,9,24,1,1,allocated
13,2316,greenran_normal,0,0,65535_65535,0,3,36614,4,1,1,0,1,0,28,1,1,pre_allocation
13,2316,greenran_normal,0,0,65535_65535,0,3,36614,12,1,1,1,2,12,28,1,1,allocated
13,2316,greenran_normal,0,0,65535_65535,0,5,36614,4,1,1,0,1,0,28,1,1,pre_allocation
13,2316,greenran_normal,0,0,65535_65535,0,5,36614,12,1,1,1,2,12,28,1,1,allocated
13,2316,greenran_normal,0,0,65535_65535,0,1,36614,4,1,1,0,1,0,28,1,1,pre_allocation
13,2316,greenran_normal,0,0,65535_65535,0,1,36614,12,1,1,1,2,12,28,1,1,allocated
13,2316,greenran_normal,0,0,65535_65535,0,2,36614,4,1,1,0,1,0,28,1,1,pre_allocation
13,2316,greenran_normal,0,0,65535_65535,0,2,36614,12,1,1,1,2,12,28,1,1,allocated
13,2316,greenran_normal,0,0,65535_65535,0,4,37050,9,1,1,0,2,0,24,1,1,pre_allocation
13,2316,greenran_normal,0,0,65535_65535,0,4,37050,15,1,1,1,3,15,24,1,1,allocated
13,2316,greenran_normal,0,0,65535_65535,0,3,36614,12,1,1,0,2,0,28,1,1,pre_allocation
13,2316,greenran_normal,0,0,65535_65535,0,3,36614,19,1,1,1,3,19,28,1,1,allocated
13,2316,greenran_normal,0,0,65535_65535,0,5,36614,12,1,1,0,2,0,28,1,1,pre_allocation
13,2316,greenran_normal,0,0,65535_65535,0,5,36614,19,1,1,1,3,19,28,1,1,allocated
13,2316,greenran_normal,0,0,65535_65535,0,1,36614,12,1,1,0,2,0,28,1,1,pre_allocation
13,2316,greenran_normal,0,0,65535_65535,0,1,36614,19,1,1,1,3,19,28,1,1,allocated
13,2316,greenran_normal,0,0,65535_65535,0,2,36614,12,1,1,0,2,0,28,1,1,pre_allocation
13,2316,greenran_normal,0,0,65535_65535,0,2,36614,19,1,1,1,3,19,28,1,1,allocated
13,2316,greenran_normal,0,0,65535_65535,0,4,37050,15,1,1,0,3,0,24,1,1,pre_allocation
13,2316,greenran_normal,0,0,65535_65535,0,4,37050,21,1,1,1,4,21,24,1,1,allocated
13,2316,greenran_normal,0,0,65535_65535,0,3,36614,19,1,1,0,3,0,28,1,1,pre_allocation
13,2316,greenran_normal,0,0,65535_65535,0,3,36614,27,1,1,1,4,27,28,1,1,allocated
13,2316,greenran_normal,0,0,65535_65535,0,5,36614,19,1,1,0,3,0,28,1,1,pre_allocation
13,2316,greenran_normal,0,0,65535_65535,0,5,36614,27,1,1,1,4,27,28,1,1,allocated
13,2316,greenran_normal,0,0,65535_65535,0,1,36614,19,1,1,0,3,0,28,1,1,pre_allocation
13,2316,greenran_normal,0,0,65535_65535,0,1,36614,27,1,1,1,4,27,28,1,1,allocated
13,2316,greenran_normal,0,0,65535_65535,0,2,36614,19,1,1,0,3,0,28,1,1,pre_allocation
13,2316,greenran_normal,0,0,65535_65535,0,2,36614,27,1,1,1,4,27,28,1,1,allocated
13,2316,greenran_normal,0,0,65535_65535,0,4,37050,21,1,1,0,4,0,24,1,1,pre_allocation
13,2316,greenran_normal,0,0,65535_65535,0,4,37050,27,1,1,1,5,27,24,1,1,allocated
13,2316,greenran_normal,0,0,65535_65535,0,3,36614,27,1,1,0,4,0,28,1,1,pre_allocation
13,2316,greenran_normal,0,0,65535_65535,0,3,36614,34,1,1,1,5,34,28,1,1,allocated
13,2316,greenran_normal,0,0,65535_65535,0,5,36614,27,1,1,0,4,0,28,1,1,pre_allocation
13,2316,greenran_normal,0,0,65535_65535,0,5,36614,34,1,1,1,5,34,28,1,1,allocated
13,2316,greenran_normal,0,0,65535_65535,0,1,36614,27,1,1,0,4,0,28,1,1,pre_allocation
13,2316,greenran_normal,0,0,65535_65535,0,1,36614,34,1,1,1,5,34,28,1,1,allocated
13,2316,greenran_normal,0,0,65535_65535,0,2,36614,27,1,1,0,4,0,28,1,1,pre_allocation
13,2316,greenran_normal,0,0,65535_65535,0,2,36614,34,1,1,1,5,34,28,1,1,allocated
13,2316,greenran_normal,0,0,65535_65535,0,4,37050,27,1,1,0,5,0,24,1,1,pre_allocation
13,2316,greenran_normal,0,0,65535_65535,0,4,37050,34,1,1,1,6,34,24,1,1,allocated
13,2316,greenran_normal,0,0,65535_65535,0,3,36614,34,1,1,0,5,0,28,1,1,pre_allocation
13,2316,greenran_normal,0,0,65535_65535,0,3,36614,42,1,1,1,6,42,28,1,1,allocated
13,2316,greenran_normal,0,0,65535_65535,0,5,36614,34,1,1,0,5,0,28,1,1,pre_allocation
13,2316,greenran_normal,0,0,65535_65535,0,5,36614,42,1,1,1,6,42,28,1,1,allocated
13,2316,greenran_normal,0,0,65535_65535,0,1,36614,34,1,1,0,5,0,28,1,1,pre_allocation
13,2316,greenran_normal,0,0,65535_65535,0,1,36614,42,1,1,1,6,42,28,1,1,allocated
13,2316,greenran_normal,0,0,65535_65535,0,2,36614,34,1,1,0,5,0,28,1,1,pre_allocation
13,2316,greenran_normal,0,0,65535_65535,0,2,36614,42,1,1,1,6,42,28,1,1,allocated
13,2316,greenran_normal,0,0,65535_65535,0,4,37050,34,1,1,0,6,0,24,1,1,pre_allocation
13,2316,greenran_normal,0,0,65535_65535,0,4,37050,40,1,1,1,7,40,24,1,1,allocated
13,2316,greenran_normal,0,0,65535_65535,0,3,36614,42,1,1,0,6,0,28,1,1,pre_allocation
13,2316,greenran_normal,0,0,65535_65535,0,3,36614,50,1,1,1,7,50,28,1,1,allocated
13,2316,greenran_normal,0,0,65535_65535,0,5,36614,42,1,1,0,6,0,28,1,1,pre_allocation
13,2316,greenran_normal,0,0,65535_65535,0,5,36614,50,1,1,1,7,50,28,1,1,allocated
13,2316,greenran_normal,0,0,65535_65535,0,1,36614,42,1,1,0,6,0,28,1,1,pre_allocation
13,2316,greenran_normal,0,0,65535_65535,0,1,36614,50,1,1,1,7,50,28,1,1,allocated
13,2316,greenran_normal,0,0,65535_65535,0,2,36614,42,1,1,0,6,0,28,1,1,pre_allocation
13,2316,greenran_normal,0,0,65535_65535,0,2,36614,50,1,1,1,7,50,28,1,1,allocated
13,2316,greenran_normal,0,0,65535_65535,0,4,37050,40,1,1,0,7,0,24,1,1,pre_allocation
13,2316,greenran_normal,0,0,65535_65535,0,4,37050,46,1,1,1,8,46,24,1,1,allocated
13,2316,greenran_normal,0,0,65535_65535,0,3,36614,50,1,1,0,7,0,28,1,1,pre_allocation
13,2316,greenran_normal,0,0,65535_65535,0,3,36614,57,1,1,1,8,57,28,1,1,allocated
13,2316,greenran_normal,0,0,65535_65535,0,5,36614,50,1,1,0,7,0,28,1,1,pre_allocation
13,2316,greenran_normal,0,0,65535_65535,0,5,36614,57,1,1,1,8,57,28,1,1,allocated
13,2316,greenran_normal,0,0,65535_65535,0,1,36614,50,1,1,0,7,0,28,1,1,pre_allocation
13,2316,greenran_normal,0,0,65535_65535,0,1,36614,57,1,1,1,8,57,28,1,1,allocated
13,2316,greenran_normal,0,0,65535_65535,0,2,36614,50,1,1,0,7,0,28,1,1,pre_allocation
13,2316,greenran_normal,0,0,65535_65535,0,2,36614,57,1,1,1,8,57,28,1,1,allocated
13,2316,greenran_normal,0,0,65535_65535,0,4,37050,46,1,1,0,8,0,24,1,1,pre_allocation
13,2316,greenran_normal,0,0,65535_65535,0,4,37050,52,1,1,1,9,52,24,1,1,allocated
13,2316,greenran_normal,0,0,65535_65535,0,3,36614,57,1,1,0,8,0,28,1,1,pre_allocation
13,2316,greenran_normal,0,0,65535_65535,0,3,36614,65,1,1,1,9,65,28,1,1,allocated
13,2316,greenran_normal,0,0,65535_65535,0,5,36614,57,1,1,0,8,0,28,1,1,pre_allocation
13,2316,greenran_normal,0,0,65535_65535,0,5,36614,65,1,1,1,9,65,28,1,1,allocated
13,2316,greenran_normal,0,0,65535_65535,0,1,36614,57,1,1,0,8,0,28,1,1,pre_allocation
13,2316,greenran_normal,0,0,65535_65535,0,1,36614,65,1,1,1,9,65,28,1,1,allocated
13,2316,greenran_normal,0,0,65535_65535,0,2,36614,57,1,1,0,8,0,28,1,1,pre_allocation
13,2316,greenran_normal,0,0,65535_65535,0,2,36614,65,1,1,1,9,65,28,1,1,allocated
13,2316,greenran_normal,0,0,65535_65535,0,4,37050,52,1,1,0,9,0,24,1,1,pre_allocation
13,2316,greenran_normal,0,0,65535_65535,0,4,37050,58,1,1,1,10,58,24,1,1,allocated
13,2316,greenran_normal,0,0,65535_65535,0,3,36614,65,1,1,0,9,0,28,1,1,pre_allocation
13,2316,greenran_normal,0,0,65535_65535,0,3,36614,72,1,1,1,10,72,28,1,1,allocated
13,2316,greenran_normal,0,0,65535_65535,0,5,36614,65,1,1,0,9,0,28,1,1,pre_allocation
13,2316,greenran_normal,0,0,65535_65535,0,5,36614,72,1,1,1,10,72,28,1,1,allocated
13,2316,greenran_normal,0,0,65535_65535,0,1,36614,65,1,1,0,9,0,28,1,1,pre_allocation
13,2316,greenran_normal,0,0,65535_65535,0,1,36614,72,1,1,1,10,72,28,1,1,allocated
13,2316,greenran_normal,0,0,65535_65535,0,2,36614,65,1,1,0,9,0,28,1,1,pre_allocation
13,2316,greenran_normal,0,0,65535_65535,0,2,36614,72,1,1,1,10,72,28,1,1,allocated
13,2316,greenran_normal,0,0,65535_65535,0,4,37050,58,1,1,0,10,0,24,1,1,pre_allocation
13,2316,greenran_normal,0,0,65535_65535,0,4,37050,65,1,1,1,11,65,24,1,1,allocated
13,2316,greenran_normal,0,0,65535_65535,0,3,36614,72,1,1,0,10,0,28,1,1,pre_allocation
13,2316,greenran_normal,0,0,65535_65535,0,3,36614,80,1,1,1,11,80,28,1,1,allocated
13,2316,greenran_normal,0,0,65535_65535,0,5,36614,72,1,1,0,10,0,28,1,1,pre_allocation
13,2316,greenran_normal,0,0,65535_65535,0,5,36614,80,1,1,1,11,80,28,1,1,allocated
13,2316,greenran_normal,0,0,65535_65535,0,1,36614,72,1,1,0,10,0,28,1,1,pre_allocation
13,2316,greenran_normal,0,0,65535_65535,0,1,36614,80,1,1,1,11,80,28,1,1,allocated
13,2316,greenran_normal,0,0,65535_65535,0,2,36614,72,1,1,0,10,0,28,1,1,pre_allocation
13,2316,greenran_normal,0,0,65535_65535,0,2,36614,80,1,1,1,11,80,28,1,1,allocated
13,2316,greenran_normal,0,0,65535_65535,0,4,37050,65,1,1,0,11,0,24,1,1,pre_allocation
13,2316,greenran_normal,0,0,65535_65535,0,4,37050,71,1,1,1,12,71,24,1,1,allocated
13,2316,greenran_normal,0,0,65535_65535,0,3,36614,80,1,1,0,11,0,28,1,1,pre_allocation
13,2316,greenran_normal,0,0,65535_65535,0,3,36614,88,1,1,1,12,88,28,1,1,allocated
13,2316,greenran_normal,0,0,65535_65535,0,5,36614,80,1,1,0,11,0,28,1,1,pre_allocation
13,2316,greenran_normal,0,0,65535_65535,0,5,36614,88,1,1,1,12,88,28,1,1,allocated
13,2316,greenran_normal,0,0,65535_65535,0,1,36614,80,1,1,0,11,0,28,1,1,pre_allocation
13,2316,greenran_normal,0,0,65535_65535,0,1,36614,88,1,1,1,12,88,28,1,1,allocated
13,2316,greenran_normal,0,0,65535_65535,0,2,36614,80,1,1,0,11,0,28,1,1,pre_allocation
13,2316,greenran_normal,0,0,65535_65535,0,2,36614,88,1,1,1,12,88,28,1,1,allocated
13,2316,greenran_normal,0,0,65535_65535,0,4,37050,71,1,1,0,12,0,24,1,1,pre_allocation
13,2316,greenran_normal,0,0,65535_65535,0,4,37050,77,1,1,1,13,77,24,1,1,allocated
13,2316,greenran_normal,0,0,65535_65535,0,3,36614,88,1,1,0,12,0,28,1,1,pre_allocation
13,2316,greenran_normal,0,0,65535_65535,0,3,36614,95,1,1,1,13,95,28,1,1,allocated
13,2316,greenran_normal,0,0,65535_65535,0,5,36614,88,1,1,0,12,0,28,1,1,pre_allocation
13,2316,greenran_normal,0,0,65535_65535,0,5,36614,95,1,1,1,13,95,28,1,1,allocated
13,2316,greenran_normal,0,0,65535_65535,0,1,36614,88,1,1,0,12,0,28,1,1,pre_allocation
13,2316,greenran_normal,0,0,65535_65535,0,1,36614,95,1,1,1,13,95,28,1,1,allocated
13,2316,greenran_normal,0,0,65535_65535,0,2,36614,88,1,1,0,12,0,28,1,1,pre_allocation
13,2316,greenran_normal,0,0,65535_65535,0,2,36614,95,1,1,1,13,95,28,1,1,allocated
13,2316,greenran_normal,0,0,65535_65535,0,4,37050,77,1,1,0,13,0,24,1,1,pre_allocation
13,2316,greenran_normal,0,0,65535_65535,0,4,37050,83,1,1,1,14,83,24,1,1,allocated
13,2316,greenran_normal,0,0,65535_65535,0,3,36614,95,1,1,0,13,0,28,1,1,pre_allocation
13,2316,greenran_normal,0,0,65535_65535,0,3,36614,103,1,1,1,14,103,28,1,1,allocated
13,2316,greenran_normal,0,0,65535_65535,0,5,36614,95,1,1,0,13,0,28,1,1,pre_allocation
13,2316,greenran_normal,0,0,65535_65535,0,5,36614,103,1,1,1,14,103,28,1,1,allocated
13,2316,greenran_normal,0,0,65535_65535,0,1,36614,95,1,1,0,13,0,28,1,1,pre_allocation
13,2316,greenran_normal,0,0,65535_65535,0,1,36614,103,1,1,1,14,103,28,1,1,allocated
13,2316,greenran_normal,0,0,65535_65535,0,2,36614,95,1,1,0,13,0,28,1,1,pre_allocation
13,2316,greenran_normal,0,0,65535_65535,0,2,36614,103,1,1,1,14,103,28,1,1,allocated
13,2316,greenran_normal,0,0,65535_65535,0,4,37050,83,1,1,0,14,0,24,1,1,pre_allocation
13,2316,greenran_normal,0,0,65535_65535,0,4,37050,89,1,1,1,15,89,24,1,1,allocated
13,2316,greenran_normal,0,0,65535_65535,0,3,36614,103,1,1,0,14,0,28,1,1,pre_allocation
13,2316,greenran_normal,0,0,65535_65535,0,3,36614,110,1,1,1,15,110,28,1,1,allocated
13,2316,greenran_normal,0,0,65535_65535,0,5,36614,103,1,1,0,14,0,28,1,1,pre_allocation
13,2316,greenran_normal,0,0,65535_65535,0,5,36614,110,1,1,1,15,110,28,1,1,allocated
13,2316,greenran_normal,0,0,65535_65535,0,1,36614,103,1,1,0,14,0,28,1,1,pre_allocation
13,2316,greenran_normal,0,0,65535_65535,0,1,36614,110,1,1,1,15,110,28,1,1,allocated
13,2316,greenran_normal,0,0,65535_65535,0,2,36614,103,1,1,0,14,0,28,1,1,pre_allocation
13,2316,greenran_normal,0,0,65535_65535,0,2,36614,110,1,1,1,15,110,28,1,1,allocated
13,2316,greenran_normal,0,0,65535_65535,0,4,37050,89,1,1,0,15,0,24,1,1,pre_allocation
13,2316,greenran_normal,0,0,65535_65535,0,4,37050,96,1,1,1,16,96,24,1,1,allocated
13,2316,greenran_normal,0,0,65535_65535,0,3,36614,110,1,1,0,15,0,28,1,1,pre_allocation
13,2316,greenran_normal,0,0,65535_65535,0,3,36614,118,1,1,1,16,118,28,1,1,allocated
13,2316,greenran_normal,0,0,65535_65535,0,5,36614,110,1,1,0,15,0,28,1,1,pre_allocation
13,2316,greenran_normal,0,0,65535_65535,0,5,36614,118,1,1,1,16,118,28,1,1,allocated
13,2316,greenran_normal,0,0,65535_65535,0,1,36614,110,1,1,0,15,0,28,1,1,pre_allocation
13,2316,greenran_normal,0,0,65535_65535,0,1,36614,118,1,1,1,16,118,28,1,1,allocated
13,2316,greenran_normal,0,0,65535_65535,0,2,36614,110,1,1,0,15,0,28,1,1,pre_allocation
13,2316,greenran_normal,0,0,65535_65535,0,2,36614,118,1,1,1,16,118,28,1,1,allocated
13,2316,greenran_normal,0,0,65535_65535,0,4,37050,96,1,1,0,16,0,24,1,1,pre_allocation
13,2316,greenran_normal,0,0,65535_65535,0,4,37050,102,1,1,1,17,102,24,1,1,allocated
13,2316,greenran_normal,0,0,65535_65535,0,3,36614,118,1,1,0,16,0,28,1,1,pre_allocation
13,2316,greenran_normal,0,0,65535_65535,0,3,36614,126,1,1,1,17,126,28,1,1,allocated
13,2316,greenran_normal,0,0,65535_65535,0,5,36614,118,1,1,0,16,0,28,1,1,pre_allocation
13,2316,greenran_normal,0,0,65535_65535,0,5,36614,126,1,1,1,17,126,28,1,1,allocated
13,2316,greenran_normal,0,0,65535_65535,0,1,36614,118,1,1,0,16,0,28,1,1,pre_allocation
13,2316,greenran_normal,0,0,65535_65535,0,1,36614,126,1,1,1,17,126,28,1,1,allocated
13,2316,greenran_normal,0,0,65535_65535,0,2,36614,118,1,1,0,16,0,28,1,1,pre_allocation
13,2316,greenran_normal,0,0,65535_65535,0,2,36614,126,1,1,1,17,126,28,1,1,allocated
13,2316,greenran_normal,0,0,65535_65535,0,4,37050,102,1,1,0,17,0,24,1,1,pre_allocation
13,2316,greenran_normal,0,0,65535_65535,0,4,37050,108,1,1,1,18,108,24,1,1,allocated
13,2316,greenran_normal,0,0,65535_65535,0,3,36614,126,1,1,0,17,0,28,1,1,pre_allocation
13,2316,greenran_normal,0,0,65535_65535,0,3,36614,133,1,1,1,18,133,28,1,1,allocated
13,2316,greenran_normal,0,0,65535_65535,0,5,36614,126,1,1,0,17,0,28,1,1,pre_allocation
13,2316,greenran_normal,0,0,65535_65535,0,5,36614,133,1,1,1,18,133,28,1,1,allocated
13,2316,greenran_normal,0,0,65535_65535,0,1,36614,126,1,1,0,17,0,28,1,1,pre_allocation
13,2316,greenran_normal,0,0,65535_65535,0,1,36614,133,1,1,1,18,133,28,1,1,allocated
13,2316,greenran_normal,0,0,65535_65535,0,2,36614,126,1,1,0,17,0,28,1,1,pre_allocation
13,2316,greenran_normal,0,0,65535_65535,0,2,36614,133,1,1,1,18,133,28,1,1,allocated
13,2316,greenran_normal,0,0,65535_65535,0,4,37050,108,1,1,0,18,0,24,1,1,pre_allocation
13,2316,greenran_normal,0,0,65535_65535,0,4,37050,114,1,1,1,19,114,24,1,1,allocated
13,2316,greenran_normal,0,0,65535_65535,0,3,36614,133,1,1,0,18,0,28,1,1,pre_allocation
13,2316,greenran_normal,0,0,65535_65535,0,3,36614,141,1,1,1,19,141,28,1,1,allocated
13,2316,greenran_normal,0,0,65535_65535,0,5,36614,133,1,1,0,18,0,28,1,1,pre_allocation
13,2316,greenran_normal,0,0,65535_65535,0,5,36614,141,1,1,1,19,141,28,1,1,allocated
13,2316,greenran_normal,0,0,65535_65535,0,1,36614,133,1,1,0,18,0,28,1,1,pre_allocation
13,2316,greenran_normal,0,0,65535_65535,0,1,36614,141,1,1,1,19,141,28,1,1,allocated
13,2316,greenran_normal,0,0,65535_65535,0,2,36614,133,1,1,0,18,0,28,1,1,pre_allocation
13,2316,greenran_normal,0,0,65535_65535,0,2,36614,141,1,1,1,19,141,28,1,1,allocated
13,2316,greenran_normal,0,0,65535_65535,0,4,37050,114,1,1,0,19,0,24,1,1,pre_allocation
13,2316,greenran_normal,0,0,65535_65535,0,4,37050,120,1,1,1,20,120,24,1,1,allocated
13,2316,greenran_normal,0,0,65535_65535,0,3,36614,141,1,1,0,19,0,28,1,1,pre_allocation
13,2316,greenran_normal,0,0,65535_65535,0,3,36614,148,1,1,1,20,148,28,1,1,allocated
13,2316,greenran_normal,0,0,65535_65535,0,5,36614,141,1,1,0,19,0,28,1,1,pre_allocation
13,2316,greenran_normal,0,0,65535_65535,0,5,36614,148,1,1,1,20,148,28,1,1,allocated
13,2316,greenran_normal,0,0,65535_65535,0,1,36614,141,1,1,0,19,0,28,1,1,pre_allocation
13,2316,greenran_normal,0,0,65535_65535,0,1,36614,148,1,1,1,20,148,28,1,1,allocated
13,2316,greenran_normal,0,0,65535_65535,0,2,36614,141,1,1,0,19,0,28,1,1,pre_allocation
13,2316,greenran_normal,0,0,65535_65535,0,2,36614,148,1,1,1,20,148,28,1,1,allocated
13,2316,greenran_normal,0,0,65535_65535,0,4,37050,120,1,1,0,20,0,24,1,1,pre_allocation
13,2316,greenran_normal,0,0,65535_65535,0,4,37050,126,1,1,1,21,126,24,1,1,allocated
13,2316,greenran_normal,0,0,65535_65535,0,3,36614,148,1,1,0,20,0,28,1,1,pre_allocation
13,2316,greenran_normal,0,0,65535_65535,0,3,36614,156,1,1,1,21,156,28,1,1,allocated
13,2316,greenran_normal,0,0,65535_65535,0,5,36614,148,1,1,0,20,0,28,1,1,pre_allocation
13,2316,greenran_normal,0,0,65535_65535,0,5,36614,156,1,1,1,21,156,28,1,1,allocated
13,2316,greenran_normal,0,0,65535_65535,0,1,36614,148,1,1,0,20,0,28,1,1,pre_allocation
13,2316,greenran_normal,0,0,65535_65535,0,1,36614,156,1,1,1,21,156,28,1,1,allocated
13,2316,greenran_normal,0,0,65535_65535,0,2,36614,148,1,1,0,20,0,28,1,1,pre_allocation
13,2316,greenran_normal,0,0,65535_65535,0,2,36614,156,1,1,1,21,156,28,1,1,allocated
13,2316,greenran_normal,0,0,65535_65535,0,4,37050,126,1,1,0,21,0,24,1,1,pre_allocation
13,2316,greenran_normal,0,0,65535_65535,0,4,37050,133,1,1,1,22,133,24,1,1,allocated
13,2316,greenran_normal,0,0,65535_65535,0,3,36614,156,1,1,0,21,0,28,1,1,pre_allocation
13,2316,greenran_normal,0,0,65535_65535,0,3,36614,163,1,1,1,22,163,28,1,1,allocated
13,2316,greenran_normal,0,0,65535_65535,0,5,36614,156,1,1,0,21,0,28,1,1,pre_allocation
13,2316,greenran_normal,0,0,65535_65535,0,5,36614,163,1,1,1,22,163,28,1,1,allocated
13,2316,greenran_normal,0,0,65535_65535,0,1,36614,156,1,1,0,21,0,28,1,1,pre_allocation
13,2316,greenran_normal,0,0,65535_65535,0,1,36614,163,1,1,1,22,163,28,1,1,allocated
13,2316,greenran_normal,0,0,65535_65535,0,2,36614,156,1,1,0,21,0,28,1,1,pre_allocation
13,2316,greenran_normal,0,0,65535_65535,0,2,36614,163,1,1,1,22,163,28,1,1,allocated
13,2316,greenran_normal,0,0,65535_65535,0,4,37050,133,1,1,0,22,0,24,1,1,pre_allocation
13,2316,greenran_normal,0,0,65535_65535,0,4,37050,139,1,1,1,23,139,24,1,1,allocated
13,2316,greenran_normal,0,0,65535_65535,0,3,36614,163,1,1,0,22,0,28,1,1,pre_allocation
13,2316,greenran_normal,0,0,65535_65535,0,3,36614,171,1,1,1,23,171,28,1,1,allocated
13,2316,greenran_normal,0,0,65535_65535,0,5,36614,163,1,1,0,22,0,28,1,1,pre_allocation
13,2316,greenran_normal,0,0,65535_65535,0,5,36614,171,1,1,1,23,171,28,1,1,allocated
13,2316,greenran_normal,0,0,65535_65535,0,1,36614,163,1,1,0,22,0,28,1,1,pre_allocation
13,2316,greenran_normal,0,0,65535_65535,0,1,36614,171,1,1,1,23,171,28,1,1,allocated
13,2316,greenran_normal,0,0,65535_65535,0,2,36614,163,1,1,0,22,0,28,1,1,pre_allocation
13,2316,greenran_normal,0,0,65535_65535,0,2,36614,171,1,1,1,23,171,28,1,1,allocated
13,2316,greenran_normal,0,0,65535_65535,0,4,37050,139,1,1,0,23,0,24,1,1,pre_allocation
13,2316,greenran_normal,0,0,65535_65535,0,4,37050,145,1,1,1,24,145,24,1,1,allocated
13,2316,greenran_normal,0,0,65535_65535,0,3,36614,171,1,1,0,23,0,28,1,1,pre_allocation
13,2316,greenran_normal,0,0,65535_65535,0,3,36614,179,1,1,1,24,179,28,1,1,allocated
13,2316,greenran_normal,0,0,65535_65535,0,5,36614,171,1,1,0,23,0,28,1,1,pre_allocation
13,2316,greenran_normal,0,0,65535_65535,0,5,36614,179,1,1,1,24,179,28,1,1,allocated
13,2316,greenran_normal,0,0,65535_65535,0,1,36614,171,1,1,0,23,0,28,1,1,pre_allocation
13,2316,greenran_normal,0,0,65535_65535,0,1,36614,179,1,1,1,24,179,28,1,1,allocated
13,2316,greenran_normal,0,0,65535_65535,0,2,36614,171,1,1,0,23,0,28,1,1,pre_allocation
13,2316,greenran_normal,0,0,65535_65535,0,2,36614,179,1,1,1,24,179,28,1,1,allocated
13,2316,greenran_normal,0,0,65535_65535,0,4,37050,145,1,1,0,24,0,24,1,1,pre_allocation
13,2316,greenran_normal,0,0,65535_65535,0,4,37050,151,1,1,1,25,151,24,1,1,allocated
13,2316,greenran_normal,0,0,65535_65535,0,3,36614,179,1,1,0,24,0,28,1,1,pre_allocation
13,2316,greenran_normal,0,0,65535_65535,0,3,36614,186,1,1,1,25,186,28,1,1,allocated
13,2316,greenran_normal,0,0,65535_65535,0,5,36614,179,1,1,0,24,0,28,1,1,pre_allocation
13,2316,greenran_normal,0,0,65535_65535,0,5,36614,186,1,1,1,25,186,28,1,1,allocated
13,2316,greenran_normal,0,0,65535_65535,0,1,36614,179,1,1,0,24,0,28,1,1,pre_allocation
13,2316,greenran_normal,0,0,65535_65535,0,1,36614,186,1,1,1,25,186,28,1,1,allocated
13,2316,greenran_normal,0,0,65535_65535,0,2,36614,179,1,1,0,24,0,28,1,1,pre_allocation
13,2316,greenran_normal,0,0,65535_65535,0,2,36614,186,1,1,1,25,186,28,1,1,allocated
13,2316,greenran_normal,0,0,65535_65535,0,4,37050,151,1,1,0,25,0,24,1,1,pre_allocation
13,2316,greenran_normal,0,0,65535_65535,0,4,37050,157,1,1,1,26,157,24,1,1,allocated
13,2316,greenran_normal,0,0,65535_65535,0,3,36614,186,1,1,0,25,0,28,1,1,pre_allocation
13,2316,greenran_normal,0,0,65535_65535,0,3,36614,194,1,1,1,26,194,28,1,1,allocated
13,2316,greenran_normal,0,0,65535_65535,0,5,36614,186,1,1,0,25,0,28,1,1,pre_allocation
13,2316,greenran_normal,0,0,65535_65535,0,5,36614,194,1,1,1,26,194,28,1,1,allocated
13,2316,greenran_normal,0,0,65535_65535,0,1,36614,186,1,1,0,25,0,28,1,1,pre_allocation
13,2316,greenran_normal,0,0,65535_65535,0,1,36614,194,1,1,1,26,194,28,1,1,allocated
13,2316,greenran_normal,0,0,65535_65535,0,2,36614,186,1,1,0,25,0,28,1,1,pre_allocation
13,2316,greenran_normal,0,0,65535_65535,0,2,36614,194,1,1,1,26,194,28,1,1,allocated
13,2316,greenran_normal,0,0,65535_65535,0,4,37050,157,1,1,0,26,0,24,1,1,pre_allocation
13,2316,greenran_normal,0,0,65535_65535,0,4,37050,164,1,1,1,27,164,24,1,1,allocated
13,2316,greenran_normal,0,0,65535_65535,0,3,36614,194,1,1,0,26,0,28,1,1,pre_allocation
13,2316,greenran_normal,0,0,65535_65535,0,3,36614,201,1,1,1,27,201,28,1,1,allocated
13,2316,greenran_normal,0,0,65535_65535,0,5,36614,194,1,1,0,26,0,28,1,1,pre_allocation
13,2316,greenran_normal,0,0,65535_65535,0,5,36614,201,1,1,1,27,201,28,1,1,allocated
13,2316,greenran_normal,0,0,65535_65535,0,1,36614,194,1,1,0,26,0,28,1,1,pre_allocation
13,2316,greenran_normal,0,0,65535_65535,0,1,36614,201,1,1,1,27,201,28,1,1,allocated
13,2316,greenran_normal,0,0,65535_65535,0,2,36614,194,1,1,0,26,0,28,1,1,pre_allocation
13,2316,greenran_normal,0,0,65535_65535,0,2,36614,201,1,1,1,27,201,28,1,1,allocated
13,2316,greenran_normal,0,0,65535_65535,0,4,37050,164,1,1,0,27,0,24,1,1,pre_allocation
13,2316,greenran_normal,0,0,65535_65535,0,4,37050,170,1,1,1,28,170,24,1,1,allocated
13,2316,greenran_normal,0,0,65535_65535,0,3,36614,201,1,1,0,27,0,28,1,1,pre_allocation
13,2316,greenran_normal,0,0,65535_65535,0,3,36614,209,1,1,1,28,209,28,1,1,allocated
13,2316,greenran_normal,0,0,65535_65535,2,38,1158507,0,1,1,0,0,0,2,1,1,pre_allocation
13,2316,greenran_normal,0,0,65535_65535,2,38,1158507,0,1,1,1,1,0,2,1,1,allocated
13,2316,greenran_normal,0,0,65535_65535,2,60,1158331,0,1,1,0,0,0,12,1,1,pre_allocation
13,2316,greenran_normal,0,0,65535_65535,2,60,1158331,2,1,1,1,1,2,12,1,1,allocated
13,2316,greenran_normal,0,0,65535_65535,2,64,1158265,0,1,1,0,0,0,14,1,1,pre_allocation
13,2316,greenran_normal,0,0,65535_65535,2,64,1158265,2,1,1,1,1,2,14,1,1,allocated
13,2316,greenran_normal,0,0,65535_65535,2,43,1158138,0,1,1,0,0,0,20,1,1,pre_allocation
13,2316,greenran_normal,0,0,65535_65535,2,43,1158138,1,1,1,1,1,1,20,1,1,allocated
13,2316,greenran_normal,0,0,65535_65535,2,42,1157969,0,1,1,0,0,0,24,1,1,pre_allocation
13,2316,greenran_normal,0,0,65535_65535,2,42,1157969,3,1,1,1,1,3,24,1,1,allocated
13,2316,greenran_normal,0,0,65535_65535,2,59,1157870,0,1,1,0,0,0,24,1,1,pre_allocation
13,2316,greenran_normal,0,0,65535_65535,2,59,1157870,3,1,1,1,1,3,24,1,1,allocated
13,2316,greenran_normal,0,0,65535_65535,2,58,1157900,0,1,1,0,0,0,26,1,1,pre_allocation
13,2316,greenran_normal,0,0,65535_65535,2,58,1157900,4,1,1,1,1,4,26,1,1,allocated
13,2316,greenran_normal,0,0,65535_65535,2,39,1157833,0,1,1,0,0,0,28,1,1,pre_allocation
13,2316,greenran_normal,0,0,65535_65535,2,39,1157833,4,1,1,1,1,4,28,1,1,allocated
13,2316,greenran_normal,0,0,65535_65535,2,57,1157829,0,1,1,0,0,0,28,1,1,pre_allocation
13,2316,greenran_normal,0,0,65535_65535,2,57,1157829,4,1,1,1,1,4,28,1,1,allocated
13,2316,greenran_normal,0,0,65535_65535,2,37,1157831,0,1,1,0,0,0,28,1,1,pre_allocation
13,2316,greenran_normal,0,0,65535_65535,2,37,1157831,4,1,1,1,1,4,28,1,1,allocated
13,2316,greenran_normal,0,0,65535_65535,2,41,1157831,0,1,1,0,0,0,28,1,1,pre_allocation
13,2316,greenran_normal,0,0,65535_65535,2,41,1157831,4,1,1,1,1,4,28,1,1,allocated
13,2316,greenran_normal,0,0,65535_65535,2,40,1157829,0,1,1,0,0,0,28,1,1,pre_allocation
13,2316,greenran_normal,0,0,65535_65535,2,40,1157829,4,1,1,1,1,4,28,1,1,allocated
13,2316,greenran_normal,0,0,65535_65535,2,36,1157861,0,1,1,0,0,0,26,1,1,pre_allocation
13,2316,greenran_normal,0,0,65535_65535,2,36,1157861,4,1,1,1,1,4,26,1,1,allocated
13,2316,greenran_normal,0,0,65535_65535,2,63,1157825,0,1,1,0,0,0,28,1,1,pre_allocation
13,2316,greenran_normal,0,0,65535_65535,2,63,1157825,4,1,1,1,1,4,28,1,1,allocated
13,2316,greenran_normal,0,0,65535_65535,2,62,1157825,0,1,1,0,0,0,28,1,1,pre_allocation
13,2316,greenran_normal,0,0,65535_65535,2,62,1157825,4,1,1,1,1,4,28,1,1,allocated
13,2316,greenran_normal,0,0,65535_65535,2,61,1157825,0,1,1,0,0,0,28,1,1,pre_allocation
13,2316,greenran_normal,0,0,65535_65535,2,61,1157825,4,1,1,1,1,4,28,1,1,allocated
13,2316,greenran_normal,0,0,65535_65535,2,35,1157821,0,1,1,0,0,0,28,1,1,pre_allocation
13,2316,greenran_normal,0,0,65535_65535,2,35,1157821,4,1,1,1,1,4,28,1,1,allocated
13,2316,greenran_normal,0,0,65535_65535,2,44,1157821,0,1,1,0,0,0,28,1,1,pre_allocation
13,2316,greenran_normal,0,0,65535_65535,2,44,1157821,4,1,1,1,1,4,28,1,1,allocated
13,2316,greenran_normal,0,0,65535_65535,2,55,1157821,0,1,1,0,0,0,28,1,1,pre_allocation
13,2316,greenran_normal,0,0,65535_65535,2,55,1157821,4,1,1,1,1,4,28,1,1,allocated
13,2316,greenran_normal,0,0,65535_65535,2,56,1157821,0,1,1,0,0,0,28,1,1,pre_allocation
13,2316,greenran_normal,0,0,65535_65535,2,56,1157821,4,1,1,1,1,4,28,1,1,allocated
13,2316,greenran_normal,0,0,65535_65535,2,38,1158507,0,1,1,0,1,0,2,1,1,pre_allocation
13,2316,greenran_normal,0,0,65535_65535,2,38,1158507,0,1,1,1,2,0,2,1,1,allocated
13,2316,greenran_normal,0,0,65535_65535,2,60,1158331,2,1,1,0,1,0,12,1,1,pre_allocation
13,2316,greenran_normal,0,0,65535_65535,2,60,1158331,1,1,1,1,2,1,12,1,1,allocated
13,2316,greenran_normal,0,0,65535_65535,2,64,1158265,2,1,1,0,1,0,14,1,1,pre_allocation
13,2316,greenran_normal,0,0,65535_65535,2,64,1158265,2,1,1,1,2,2,14,1,1,allocated
13,2316,greenran_normal,0,0,65535_65535,2,43,1158138,1,1,1,0,1,0,20,1,1,pre_allocation
13,2316,greenran_normal,0,0,65535_65535,2,43,1158138,6,1,1,1,2,6,20,1,1,allocated
13,2316,greenran_normal,0,0,65535_65535,2,42,1157969,3,1,1,0,1,0,24,1,1,pre_allocation
13,2316,greenran_normal,0,0,65535_65535,2,42,1157969,9,1,1,1,2,9,24,1,1,allocated
13,2316,greenran_normal,0,0,65535_65535,2,59,1157870,3,1,1,0,1,0,24,1,1,pre_allocation
13,2316,greenran_normal,0,0,65535_65535,2,59,1157870,9,1,1,1,2,9,24,1,1,allocated
13,2316,greenran_normal,0,0,65535_65535,2,58,1157900,4,1,1,0,1,0,26,1,1,pre_allocation
13,2316,greenran_normal,0,0,65535_65535,2,58,1157900,11,1,1,1,2,11,26,1,1,allocated
13,2316,greenran_normal,0,0,65535_65535,2,39,1157833,4,1,1,0,1,0,28,1,1,pre_allocation
13,2316,greenran_normal,0,0,65535_65535,2,39,1157833,12,1,1,1,2,12,28,1,1,allocated
13,2316,greenran_normal,0,0,65535_65535,2,57,1157829,4,1,1,0,1,0,28,1,1,pre_allocation
13,2316,greenran_normal,0,0,65535_65535,2,57,1157829,12,1,1,1,2,12,28,1,1,allocated
13,2316,greenran_normal,0,0,65535_65535,2,37,1157831,4,1,1,0,1,0,28,1,1,pre_allocation
13,2316,greenran_normal,0,0,65535_65535,2,37,1157831,12,1,1,1,2,12,28,1,1,allocated
13,2316,greenran_normal,0,0,65535_65535,2,41,1157831,4,1,1,0,1,0,28,1,1,pre_allocation
13,2316,greenran_normal,0,0,65535_65535,2,41,1157831,12,1,1,1,2,12,28,1,1,allocated
13,2316,greenran_normal,0,0,65535_65535,2,40,1157829,4,1,1,0,1,0,28,1,1,pre_allocation
13,2316,greenran_normal,0,0,65535_65535,2,40,1157829,12,1,1,1,2,12,28,1,1,allocated
13,2316,greenran_normal,0,0,65535_65535,2,36,1157861,4,1,1,0,1,0,26,1,1,pre_allocation
13,2316,greenran_normal,0,0,65535_65535,2,36,1157861,11,1,1,1,2,11,26,1,1,allocated
13,2316,greenran_normal,0,0,65535_65535,2,63,1157825,4,1,1,0,1,0,28,1,1,pre_allocation
13,2316,greenran_normal,0,0,65535_65535,2,63,1157825,12,1,1,1,2,12,28,1,1,allocated
13,2316,greenran_normal,0,0,65535_65535,2,62,1157825,4,1,1,0,1,0,28,1,1,pre_allocation
13,2316,greenran_normal,0,0,65535_65535,2,62,1157825,12,1,1,1,2,12,28,1,1,allocated
13,2316,greenran_normal,0,0,65535_65535,2,61,1157825,4,1,1,0,1,0,28,1,1,pre_allocation
13,2316,greenran_normal,0,0,65535_65535,2,61,1157825,12,1,1,1,2,12,28,1,1,allocated
13,2316,greenran_normal,0,0,65535_65535,2,35,1157821,4,1,1,0,1,0,28,1,1,pre_allocation
13,2316,greenran_normal,0,0,65535_65535,2,35,1157821,12,1,1,1,2,12,28,1,1,allocated
13,2316,greenran_normal,0,0,65535_65535,2,44,1157821,4,1,1,0,1,0,28,1,1,pre_allocation
13,2316,greenran_normal,0,0,65535_65535,2,44,1157821,12,1,1,1,2,12,28,1,1,allocated
13,2316,greenran_normal,0,0,65535_65535,2,55,1157821,4,1,1,0,1,0,28,1,1,pre_allocation
13,2316,greenran_normal,0,0,65535_65535,2,55,1157821,12,1,1,1,2,12,28,1,1,allocated
13,2316,greenran_normal,0,0,65535_65535,2,56,1157821,4,1,1,0,1,0,28,1,1,pre_allocation
13,2316,greenran_normal,0,0,65535_65535,2,56,1157821,12,1,1,1,2,12,28,1,1,allocated
13,2316,greenran_normal,0,0,65535_65535,2,38,1158507,0,1,1,0,2,0,2,1,1,pre_allocation
13,2316,greenran_normal,0,0,65535_65535,2,38,1158507,0,1,1,1,3,0,2,1,1,allocated
13,2316,greenran_normal,0,0,65535_65535,2,60,1158331,1,1,1,0,2,0,12,1,1,pre_allocation
13,2316,greenran_normal,0,0,65535_65535,2,60,1158331,3,1,1,1,3,3,12,1,1,allocated
13,2316,greenran_normal,0,0,65535_65535,2,64,1158265,2,1,1,0,2,0,14,1,1,pre_allocation
13,2316,greenran_normal,0,0,65535_65535,2,64,1158265,4,1,1,1,3,4,14,1,1,allocated
13,2316,greenran_normal,0,0,65535_65535,2,43,1158138,6,1,1,0,2,0,20,1,1,pre_allocation
13,2316,greenran_normal,0,0,65535_65535,2,43,1158138,10,1,1,1,3,10,20,1,1,allocated
13,2316,greenran_normal,0,0,65535_65535,2,42,1157969,9,1,1,0,2,0,24,1,1,pre_allocation
13,2316,greenran_normal,0,0,65535_65535,2,42,1157969,15,1,1,1,3,15,24,1,1,allocated
13,2316,greenran_normal,0,0,65535_65535,2,59,1157870,9,1,1,0,2,0,24,1,1,pre_allocation
13,2316,greenran_normal,0,0,65535_65535,2,59,1157870,15,1,1,1,3,15,24,1,1,allocated
13,2316,greenran_normal,0,0,65535_65535,2,58,1157900,11,1,1,0,2,0,26,1,1,pre_allocation
13,2316,greenran_normal,0,0,65535_65535,2,58,1157900,18,1,1,1,3,18,26,1,1,allocated
13,2316,greenran_normal,0,0,65535_65535,2,39,1157833,12,1,1,0,2,0,28,1,1,pre_allocation
13,2316,greenran_normal,0,0,65535_65535,2,39,1157833,19,1,1,1,3,19,28,1,1,allocated
13,2316,greenran_normal,0,0,65535_65535,2,57,1157829,12,1,1,0,2,0,28,1,1,pre_allocation
13,2316,greenran_normal,0,0,65535_65535,2,57,1157829,19,1,1,1,3,19,28,1,1,allocated
13,2316,greenran_normal,0,0,65535_65535,2,37,1157831,12,1,1,0,2,0,28,1,1,pre_allocation
13,2316,greenran_normal,0,0,65535_65535,2,37,1157831,19,1,1,1,3,19,28,1,1,allocated
13,2316,greenran_normal,0,0,65535_65535,2,41,1157831,12,1,1,0,2,0,28,1,1,pre_allocation
13,2316,greenran_normal,0,0,65535_65535,2,41,1157831,19,1,1,1,3,19,28,1,1,allocated
13,2316,greenran_normal,0,0,65535_65535,2,40,1157829,12,1,1,0,2,0,28,1,1,pre_allocation
13,2316,greenran_normal,0,0,65535_65535,2,40,1157829,19,1,1,1,3,19,28,1,1,allocated
13,2316,greenran_normal,0,0,65535_65535,2,36,1157861,11,1,1,0,2,0,26,1,1,pre_allocation
13,2316,greenran_normal,0,0,65535_65535,2,36,1157861,18,1,1,1,3,18,26,1,1,allocated
13,2316,greenran_normal,0,0,65535_65535,2,63,1157825,12,1,1,0,2,0,28,1,1,pre_allocation
13,2316,greenran_normal,0,0,65535_65535,2,63,1157825,19,1,1,1,3,19,28,1,1,allocated
13,2316,greenran_normal,0,0,65535_65535,2,62,1157825,12,1,1,0,2,0,28,1,1,pre_allocation
13,2316,greenran_normal,0,0,65535_65535,2,62,1157825,19,1,1,1,3,19,28,1,1,allocated
13,2316,greenran_normal,0,0,65535_65535,2,61,1157825,12,1,1,0,2,0,28,1,1,pre_allocation
13,2316,greenran_normal,0,0,65535_65535,2,61,1157825,19,1,1,1,3,19,28,1,1,allocated
13,2316,greenran_normal,0,0,65535_65535,2,35,1157821,12,1,1,0,2,0,28,1,1,pre_allocation
13,2316,greenran_normal,0,0,65535_65535,2,35,1157821,19,1,1,1,3,19,28,1,1,allocated
13,2316,greenran_normal,0,0,65535_65535,2,44,1157821,12,1,1,0,2,0,28,1,1,pre_allocation
13,2316,greenran_normal,0,0,65535_65535,2,44,1157821,19,1,1,1,3,19,28,1,1,allocated
13,2316,greenran_normal,0,0,65535_65535,2,55,1157821,12,1,1,0,2,0,28,1,1,pre_allocation
13,2316,greenran_normal,0,0,65535_65535,2,55,1157821,19,1,1,1,3,19,28,1,1,allocated
13,2316,greenran_normal,0,0,65535_65535,2,56,1157821,12,1,1,0,2,0,28,1,1,pre_allocation
13,2316,greenran_normal,0,0,65535_65535,2,56,1157821,19,1,1,1,3,19,28,1,1,allocated
13,2316,greenran_normal,0,0,65535_65535,2,38,1158507,0,1,1,0,3,0,2,1,1,pre_allocation
13,2316,greenran_normal,0,0,65535_65535,2,38,1158507,1,1,1,1,4,1,2,1,1,allocated
13,2316,greenran_normal,0,0,65535_65535,2,60,1158331,3,1,1,0,3,0,12,1,1,pre_allocation
13,2316,greenran_normal,0,0,65535_65535,2,60,1158331,5,1,1,1,4,5,12,1,1,allocated
13,2316,greenran_normal,0,0,65535_65535,2,64,1158265,4,1,1,0,3,0,14,1,1,pre_allocation
13,2316,greenran_normal,0,0,65535_65535,2,64,1158265,7,1,1,1,4,7,14,1,1,allocated
13,2316,greenran_normal,0,0,65535_65535,2,43,1158138,10,1,1,0,3,0,20,1,1,pre_allocation
13,2316,greenran_normal,0,0,65535_65535,2,43,1158138,15,1,1,1,4,15,20,1,1,allocated
13,2316,greenran_normal,0,0,65535_65535,2,42,1157969,15,1,1,0,3,0,24,1,1,pre_allocation
13,2316,greenran_normal,0,0,65535_65535,2,42,1157969,21,1,1,1,4,21,24,1,1,allocated
13,2316,greenran_normal,0,0,65535_65535,2,59,1157870,15,1,1,0,3,0,24,1,1,pre_allocation
13,2316,greenran_normal,0,0,65535_65535,2,59,1157870,21,1,1,1,4,21,24,1,1,allocated
13,2316,greenran_normal,0,0,65535_65535,2,58,1157900,18,1,1,0,3,0,26,1,1,pre_allocation
13,2316,greenran_normal,0,0,65535_65535,2,58,1157900,25,1,1,1,4,25,26,1,1,allocated
13,2316,greenran_normal,0,0,65535_65535,2,39,1157833,19,1,1,0,3,0,28,1,1,pre_allocation
13,2316,greenran_normal,0,0,65535_65535,2,39,1157833,27,1,1,1,4,27,28,1,1,allocated
13,2316,greenran_normal,0,0,65535_65535,2,57,1157829,19,1,1,0,3,0,28,1,1,pre_allocation
13,2316,greenran_normal,0,0,65535_65535,2,57,1157829,27,1,1,1,4,27,28,1,1,allocated
13,2316,greenran_normal,0,0,65535_65535,2,37,1157831,19,1,1,0,3,0,28,1,1,pre_allocation
13,2316,greenran_normal,0,0,65535_65535,2,37,1157831,27,1,1,1,4,27,28,1,1,allocated
13,2316,greenran_normal,0,0,65535_65535,2,41,1157831,19,1,1,0,3,0,28,1,1,pre_allocation
13,2316,greenran_normal,0,0,65535_65535,2,41,1157831,27,1,1,1,4,27,28,1,1,allocated
13,2316,greenran_normal,0,0,65535_65535,2,40,1157829,19,1,1,0,3,0,28,1,1,pre_allocation
13,2316,greenran_normal,0,0,65535_65535,2,40,1157829,27,1,1,1,4,27,28,1,1,allocated
13,2316,greenran_normal,0,0,65535_65535,2,36,1157861,18,1,1,0,3,0,26,1,1,pre_allocation
13,2316,greenran_normal,0,0,65535_65535,2,36,1157861,25,1,1,1,4,25,26,1,1,allocated
13,2316,greenran_normal,0,0,65535_65535,2,63,1157825,19,1,1,0,3,0,28,1,1,pre_allocation
13,2316,greenran_normal,0,0,65535_65535,2,63,1157825,27,1,1,1,4,27,28,1,1,allocated
13,2316,greenran_normal,0,0,65535_65535,2,62,1157825,19,1,1,0,3,0,28,1,1,pre_allocation
13,2316,greenran_normal,0,0,65535_65535,2,62,1157825,27,1,1,1,4,27,28,1,1,allocated
13,2316,greenran_normal,0,0,65535_65535,2,61,1157825,19,1,1,0,3,0,28,1,1,pre_allocation
13,2316,greenran_normal,0,0,65535_65535,2,61,1157825,27,1,1,1,4,27,28,1,1,allocated
13,2316,greenran_normal,0,0,65535_65535,2,35,1157821,19,1,1,0,3,0,28,1,1,pre_allocation
13,2316,greenran_normal,0,0,65535_65535,2,35,1157821,27,1,1,1,4,27,28,1,1,allocated
13,2316,greenran_normal,0,0,65535_65535,2,44,1157821,19,1,1,0,3,0,28,1,1,pre_allocation
13,2316,greenran_normal,0,0,65535_65535,2,44,1157821,27,1,1,1,4,27,28,1,1,allocated
13,2316,greenran_normal,0,0,65535_65535,2,55,1157821,19,1,1,0,3,0,28,1,1,pre_allocation
13,2316,greenran_normal,0,0,65535_65535,2,55,1157821,27,1,1,1,4,27,28,1,1,allocated
13,2316,greenran_normal,0,0,65535_65535,2,56,1157821,19,1,1,0,3,0,28,1,1,pre_allocation
13,2316,greenran_normal,0,0,65535_65535,2,56,1157821,27,1,1,1,4,27,28,1,1,allocated
13,2316,greenran_normal,0,0,65535_65535,2,38,1158507,1,1,1,0,4,0,2,1,1,pre_allocation
13,2316,greenran_normal,0,0,65535_65535,2,38,1158507,1,1,1,1,5,1,2,1,1,allocated
13,2316,greenran_normal,0,0,65535_65535,2,60,1158331,5,1,1,0,4,0,12,1,1,pre_allocation
13,2316,greenran_normal,0,0,65535_65535,2,60,1158331,7,1,1,1,5,7,12,1,1,allocated
13,2316,greenran_normal,0,0,65535_65535,2,64,1158265,7,1,1,0,4,0,14,1,1,pre_allocation
13,2316,greenran_normal,0,0,65535_65535,2,64,1158265,10,1,1,1,5,10,14,1,1,allocated
13,2316,greenran_normal,0,0,65535_65535,2,43,1158138,15,1,1,0,4,0,20,1,1,pre_allocation
13,2316,greenran_normal,0,0,65535_65535,2,43,1158138,19,1,1,1,5,19,20,1,1,allocated
13,2316,greenran_normal,0,0,65535_65535,2,42,1157969,21,1,1,0,4,0,24,1,1,pre_allocation
13,2316,greenran_normal,0,0,65535_65535,2,42,1157969,27,1,1,1,5,27,24,1,1,allocated
13,2316,greenran_normal,0,0,65535_65535,2,59,1157870,21,1,1,0,4,0,24,1,1,pre_allocation
13,2316,greenran_normal,0,0,65535_65535,2,59,1157870,27,1,1,1,5,27,24,1,1,allocated
13,2316,greenran_normal,0,0,65535_65535,2,58,1157900,25,1,1,0,4,0,26,1,1,pre_allocation
13,2316,greenran_normal,0,0,65535_65535,2,58,1157900,32,1,1,1,5,32,26,1,1,allocated
13,2316,greenran_normal,0,0,65535_65535,2,39,1157833,27,1,1,0,4,0,28,1,1,pre_allocation
13,2316,greenran_normal,0,0,65535_65535,2,39,1157833,34,1,1,1,5,34,28,1,1,allocated
13,2316,greenran_normal,0,0,65535_65535,2,57,1157829,27,1,1,0,4,0,28,1,1,pre_allocation
13,2316,greenran_normal,0,0,65535_65535,2,57,1157829,34,1,1,1,5,34,28,1,1,allocated
13,2316,greenran_normal,0,0,65535_65535,2,37,1157831,27,1,1,0,4,0,28,1,1,pre_allocation
13,2316,greenran_normal,0,0,65535_65535,2,37,1157831,34,1,1,1,5,34,28,1,1,allocated
13,2316,greenran_normal,0,0,65535_65535,2,41,1157831,27,1,1,0,4,0,28,1,1,pre_allocation
13,2316,greenran_normal,0,0,65535_65535,2,41,1157831,34,1,1,1,5,34,28,1,1,allocated
13,2316,greenran_normal,0,0,65535_65535,2,40,1157829,27,1,1,0,4,0,28,1,1,pre_allocation
13,2316,greenran_normal,0,0,65535_65535,2,40,1157829,34,1,1,1,5,34,28,1,1,allocated
13,2316,greenran_normal,0,0,65535_65535,2,36,1157861,25,1,1,0,4,0,26,1,1,pre_allocation
13,2316,greenran_normal,0,0,65535_65535,2,36,1157861,32,1,1,1,5,32,26,1,1,allocated
13,2316,greenran_normal,0,0,65535_65535,2,63,1157825,27,1,1,0,4,0,28,1,1,pre_allocation
13,2316,greenran_normal,0,0,65535_65535,2,63,1157825,34,1,1,1,5,34,28,1,1,allocated
13,2316,greenran_normal,0,0,65535_65535,2,62,1157825,27,1,1,0,4,0,28,1,1,pre_allocation
13,2316,greenran_normal,0,0,65535_65535,2,62,1157825,34,1,1,1,5,34,28,1,1,allocated
13,2316,greenran_normal,0,0,65535_65535,2,61,1157825,27,1,1,0,4,0,28,1,1,pre_allocation
13,2316,greenran_normal,0,0,65535_65535,2,61,1157825,34,1,1,1,5,34,28,1,1,allocated
13,2316,greenran_normal,0,0,65535_65535,2,35,1157821,27,1,1,0,4,0,28,1,1,pre_allocation
13,2316,greenran_normal,0,0,65535_65535,2,35,1157821,34,1,1,1,5,34,28,1,1,allocated
13,2316,greenran_normal,0,0,65535_65535,2,44,1157821,27,1,1,0,4,0,28,1,1,pre_allocation
13,2316,greenran_normal,0,0,65535_65535,2,44,1157821,34,1,1,1,5,34,28,1,1,allocated
13,2316,greenran_normal,0,0,65535_65535,2,55,1157821,27,1,1,0,4,0,28,1,1,pre_allocation
13,2316,greenran_normal,0,0,65535_65535,2,55,1157821,34,1,1,1,5,34,28,1,1,allocated
13,2316,greenran_normal,0,0,65535_65535,2,56,1157821,27,1,1,0,4,0,28,1,1,pre_allocation
13,2316,greenran_normal,0,0,65535_65535,2,56,1157821,34,1,1,1,5,34,28,1,1,allocated
13,2316,greenran_normal,0,0,65535_65535,2,38,1158507,1,1,1,0,5,0,2,1,1,pre_allocation
13,2316,greenran_normal,0,0,65535_65535,2,38,1158507,1,1,1,1,6,1,2,1,1,allocated
13,2316,greenran_normal,0,0,65535_65535,2,60,1158331,7,1,1,0,5,0,12,1,1,pre_allocation
13,2316,greenran_normal,0,0,65535_65535,2,60,1158331,9,1,1,1,6,9,12,1,1,allocated
13,2316,greenran_normal,0,0,65535_65535,2,64,1158265,10,1,1,0,5,0,14,1,1,pre_allocation
13,2316,greenran_normal,0,0,65535_65535,2,64,1158265,12,1,1,1,6,12,14,1,1,allocated
13,2316,greenran_normal,0,0,65535_65535,2,43,1158138,19,1,1,0,5,0,20,1,1,pre_allocation
13,2316,greenran_normal,0,0,65535_65535,2,43,1158138,24,1,1,1,6,24,20,1,1,allocated
13,2316,greenran_normal,0,0,65535_65535,2,42,1157969,27,1,1,0,5,0,24,1,1,pre_allocation
13,2316,greenran_normal,0,0,65535_65535,2,42,1157969,34,1,1,1,6,34,24,1,1,allocated
13,2316,greenran_normal,0,0,65535_65535,2,59,1157870,27,1,1,0,5,0,24,1,1,pre_allocation
13,2316,greenran_normal,0,0,65535_65535,2,59,1157870,34,1,1,1,6,34,24,1,1,allocated
13,2316,greenran_normal,0,0,65535_65535,2,58,1157900,32,1,1,0,5,0,26,1,1,pre_allocation
13,2316,greenran_normal,0,0,65535_65535,2,58,1157900,39,1,1,1,6,39,26,1,1,allocated
13,2316,greenran_normal,0,0,65535_65535,2,39,1157833,34,1,1,0,5,0,28,1,1,pre_allocation
13,2316,greenran_normal,0,0,65535_65535,2,39,1157833,42,1,1,1,6,42,28,1,1,allocated
13,2316,greenran_normal,0,0,65535_65535,2,57,1157829,34,1,1,0,5,0,28,1,1,pre_allocation
13,2316,greenran_normal,0,0,65535_65535,2,57,1157829,42,1,1,1,6,42,28,1,1,allocated
13,2316,greenran_normal,0,0,65535_65535,2,37,1157831,34,1,1,0,5,0,28,1,1,pre_allocation
13,2316,greenran_normal,0,0,65535_65535,2,37,1157831,42,1,1,1,6,42,28,1,1,allocated
13,2316,greenran_normal,0,0,65535_65535,2,41,1157831,34,1,1,0,5,0,28,1,1,pre_allocation
13,2316,greenran_normal,0,0,65535_65535,2,41,1157831,42,1,1,1,6,42,28,1,1,allocated
13,2316,greenran_normal,0,0,65535_65535,2,40,1157829,34,1,1,0,5,0,28,1,1,pre_allocation
13,2316,greenran_normal,0,0,65535_65535,2,40,1157829,42,1,1,1,6,42,28,1,1,allocated
13,2316,greenran_normal,0,0,65535_65535,2,36,1157861,32,1,1,0,5,0,26,1,1,pre_allocation
13,2316,greenran_normal,0,0,65535_65535,2,36,1157861,39,1,1,1,6,39,26,1,1,allocated
13,2316,greenran_normal,0,0,65535_65535,2,63,1157825,34,1,1,0,5,0,28,1,1,pre_allocation
13,2316,greenran_normal,0,0,65535_65535,2,63,1157825,42,1,1,1,6,42,28,1,1,allocated
13,2316,greenran_normal,0,0,65535_65535,2,62,1157825,34,1,1,0,5,0,28,1,1,pre_allocation
13,2316,greenran_normal,0,0,65535_65535,2,62,1157825,42,1,1,1,6,42,28,1,1,allocated
13,2316,greenran_normal,0,0,65535_65535,2,61,1157825,34,1,1,0,5,0,28,1,1,pre_allocation
13,2316,greenran_normal,0,0,65535_65535,2,61,1157825,42,1,1,1,6,42,28,1,1,allocated
13,2316,greenran_normal,0,0,65535_65535,2,35,1157821,34,1,1,0,5,0,28,1,1,pre_allocation
13,2316,greenran_normal,0,0,65535_65535,2,35,1157821,42,1,1,1,6,42,28,1,1,allocated
13,2316,greenran_normal,0,0,65535_65535,2,44,1157821,34,1,1,0,5,0,28,1,1,pre_allocation
13,2316,greenran_normal,0,0,65535_65535,2,44,1157821,42,1,1,1,6,42,28,1,1,allocated
13,2316,greenran_normal,0,0,65535_65535,2,55,1157821,34,1,1,0,5,0,28,1,1,pre_allocation
13,2316,greenran_normal,0,0,65535_65535,2,55,1157821,42,1,1,1,6,42,28,1,1,allocated
13,2316,greenran_normal,0,0,65535_65535,2,56,1157821,34,1,1,0,5,0,28,1,1,pre_allocation
13,2316,greenran_normal,0,0,65535_65535,2,56,1157821,42,1,1,1,6,42,28,1,1,allocated
13,2316,greenran_normal,0,0,65535_65535,2,38,1158507,1,1,1,0,6,0,2,1,1,pre_allocation
13,2316,greenran_normal,0,0,65535_65535,2,38,1158507,2,1,1,1,7,2,2,1,1,allocated
13,2316,greenran_normal,0,0,65535_65535,2,60,1158331,9,1,1,0,6,0,12,1,1,pre_allocation
13,2316,greenran_normal,0,0,65535_65535,2,60,1158331,11,1,1,1,7,11,12,1,1,allocated
13,2316,greenran_normal,0,0,65535_65535,2,64,1158265,12,1,1,0,6,0,14,1,1,pre_allocation
13,2316,greenran_normal,0,0,65535_65535,2,64,1158265,15,1,1,1,7,15,14,1,1,allocated
13,2316,greenran_normal,0,0,65535_65535,2,43,1158138,24,1,1,0,6,0,20,1,1,pre_allocation
13,2316,greenran_normal,0,0,65535_65535,2,43,1158138,28,1,1,1,7,28,20,1,1,allocated
13,2316,greenran_normal,0,0,65535_65535,2,42,1157969,34,1,1,0,6,0,24,1,1,pre_allocation
13,2316,greenran_normal,0,0,65535_65535,2,42,1157969,40,1,1,1,7,40,24,1,1,allocated
13,2316,greenran_normal,0,0,65535_65535,2,59,1157870,34,1,1,0,6,0,24,1,1,pre_allocation
13,2316,greenran_normal,0,0,65535_65535,2,59,1157870,40,1,1,1,7,40,24,1,1,allocated
13,2316,greenran_normal,0,0,65535_65535,2,58,1157900,39,1,1,0,6,0,26,1,1,pre_allocation
13,2316,greenran_normal,0,0,65535_65535,2,58,1157900,46,1,1,1,7,46,26,1,1,allocated
13,2316,greenran_normal,0,0,65535_65535,2,39,1157833,42,1,1,0,6,0,28,1,1,pre_allocation
13,2316,greenran_normal,0,0,65535_65535,2,39,1157833,50,1,1,1,7,50,28,1,1,allocated
13,2316,greenran_normal,0,0,65535_65535,2,57,1157829,42,1,1,0,6,0,28,1,1,pre_allocation
13,2316,greenran_normal,0,0,65535_65535,2,57,1157829,50,1,1,1,7,50,28,1,1,allocated
15,2431,greenran_normal,0,0,65535_65535,0,4,39096,0,1,1,0,0,0,24,1,1,pre_allocation
15,2431,greenran_normal,0,0,65535_65535,0,4,39096,3,1,1,1,1,3,24,1,1,allocated
15,2431,greenran_normal,0,0,65535_65535,0,1,38597,0,1,1,0,0,0,28,1,1,pre_allocation
15,2431,greenran_normal,0,0,65535_65535,0,1,38597,4,1,1,1,1,4,28,1,1,allocated
15,2431,greenran_normal,0,0,65535_65535,0,2,38597,0,1,1,0,0,0,28,1,1,pre_allocation
15,2431,greenran_normal,0,0,65535_65535,0,2,38597,4,1,1,1,1,4,28,1,1,allocated
15,2431,greenran_normal,0,0,65535_65535,0,3,38589,0,1,1,0,0,0,28,1,1,pre_allocation
15,2431,greenran_normal,0,0,65535_65535,0,3,38589,4,1,1,1,1,4,28,1,1,allocated
15,2431,greenran_normal,0,0,65535_65535,0,5,38589,0,1,1,0,0,0,28,1,1,pre_allocation
15,2431,greenran_normal,0,0,65535_65535,0,5,38589,4,1,1,1,1,4,28,1,1,allocated
15,2431,greenran_normal,0,0,65535_65535,0,4,39096,3,1,1,0,1,0,24,1,1,pre_allocation
15,2431,greenran_normal,0,0,65535_65535,0,4,39096,9,1,1,1,2,9,24,1,1,allocated
15,2431,greenran_normal,0,0,65535_65535,0,1,38597,4,1,1,0,1,0,28,1,1,pre_allocation
15,2431,greenran_normal,0,0,65535_65535,0,1,38597,12,1,1,1,2,12,28,1,1,allocated
15,2431,greenran_normal,0,0,65535_65535,0,2,38597,4,1,1,0,1,0,28,1,1,pre_allocation
15,2431,greenran_normal,0,0,65535_65535,0,2,38597,12,1,1,1,2,12,28,1,1,allocated
15,2431,greenran_normal,0,0,65535_65535,0,3,38589,4,1,1,0,1,0,28,1,1,pre_allocation
15,2431,greenran_normal,0,0,65535_65535,0,3,38589,12,1,1,1,2,12,28,1,1,allocated
15,2431,greenran_normal,0,0,65535_65535,0,5,38589,4,1,1,0,1,0,28,1,1,pre_allocation
15,2431,greenran_normal,0,0,65535_65535,0,5,38589,12,1,1,1,2,12,28,1,1,allocated
15,2431,greenran_normal,0,0,65535_65535,0,4,39096,9,1,1,0,2,0,24,1,1,pre_allocation
15,2431,greenran_normal,0,0,65535_65535,0,4,39096,15,1,1,1,3,15,24,1,1,allocated
15,2431,greenran_normal,0,0,65535_65535,0,1,38597,12,1,1,0,2,0,28,1,1,pre_allocation
15,2431,greenran_normal,0,0,65535_65535,0,1,38597,19,1,1,1,3,19,28,1,1,allocated
15,2431,greenran_normal,0,0,65535_65535,0,2,38597,12,1,1,0,2,0,28,1,1,pre_allocation
15,2431,greenran_normal,0,0,65535_65535,0,2,38597,19,1,1,1,3,19,28,1,1,allocated
15,2431,greenran_normal,0,0,65535_65535,0,3,38589,12,1,1,0,2,0,28,1,1,pre_allocation
15,2431,greenran_normal,0,0,65535_65535,0,3,38589,19,1,1,1,3,19,28,1,1,allocated
15,2431,greenran_normal,0,0,65535_65535,0,5,38589,12,1,1,0,2,0,28,1,1,pre_allocation
15,2431,greenran_normal,0,0,65535_65535,0,5,38589,19,1,1,1,3,19,28,1,1,allocated
15,2431,greenran_normal,0,0,65535_65535,0,4,39096,15,1,1,0,3,0,24,1,1,pre_allocation
15,2431,greenran_normal,0,0,65535_65535,0,4,39096,21,1,1,1,4,21,24,1,1,allocated
15,2431,greenran_normal,0,0,65535_65535,0,1,38597,19,1,1,0,3,0,28,1,1,pre_allocation
15,2431,greenran_normal,0,0,65535_65535,0,1,38597,27,1,1,1,4,27,28,1,1,allocated
15,2431,greenran_normal,0,0,65535_65535,0,2,38597,19,1,1,0,3,0,28,1,1,pre_allocation
15,2431,greenran_normal,0,0,65535_65535,0,2,38597,27,1,1,1,4,27,28,1,1,allocated
15,2431,greenran_normal,0,0,65535_65535,0,3,38589,19,1,1,0,3,0,28,1,1,pre_allocation
15,2431,greenran_normal,0,0,65535_65535,0,3,38589,27,1,1,1,4,27,28,1,1,allocated
15,2431,greenran_normal,0,0,65535_65535,0,5,38589,19,1,1,0,3,0,28,1,1,pre_allocation
15,2431,greenran_normal,0,0,65535_65535,0,5,38589,27,1,1,1,4,27,28,1,1,allocated
15,2431,greenran_normal,0,0,65535_65535,0,4,39096,21,1,1,0,4,0,24,1,1,pre_allocation
15,2431,greenran_normal,0,0,65535_65535,0,4,39096,27,1,1,1,5,27,24,1,1,allocated
15,2431,greenran_normal,0,0,65535_65535,0,1,38597,27,1,1,0,4,0,28,1,1,pre_allocation
15,2431,greenran_normal,0,0,65535_65535,0,1,38597,34,1,1,1,5,34,28,1,1,allocated
15,2431,greenran_normal,0,0,65535_65535,0,2,38597,27,1,1,0,4,0,28,1,1,pre_allocation
15,2431,greenran_normal,0,0,65535_65535,0,2,38597,34,1,1,1,5,34,28,1,1,allocated
15,2431,greenran_normal,0,0,65535_65535,0,3,38589,27,1,1,0,4,0,28,1,1,pre_allocation
15,2431,greenran_normal,0,0,65535_65535,0,3,38589,34,1,1,1,5,34,28,1,1,allocated
15,2431,greenran_normal,0,0,65535_65535,0,5,38589,27,1,1,0,4,0,28,1,1,pre_allocation
15,2431,greenran_normal,0,0,65535_65535,0,5,38589,34,1,1,1,5,34,28,1,1,allocated
15,2431,greenran_normal,0,0,65535_65535,0,4,39096,27,1,1,0,5,0,24,1,1,pre_allocation
15,2431,greenran_normal,0,0,65535_65535,0,4,39096,34,1,1,1,6,34,24,1,1,allocated
15,2431,greenran_normal,0,0,65535_65535,0,1,38597,34,1,1,0,5,0,28,1,1,pre_allocation
15,2431,greenran_normal,0,0,65535_65535,0,1,38597,42,1,1,1,6,42,28,1,1,allocated
15,2431,greenran_normal,0,0,65535_65535,0,2,38597,34,1,1,0,5,0,28,1,1,pre_allocation
15,2431,greenran_normal,0,0,65535_65535,0,2,38597,42,1,1,1,6,42,28,1,1,allocated
15,2431,greenran_normal,0,0,65535_65535,0,3,38589,34,1,1,0,5,0,28,1,1,pre_allocation
15,2431,greenran_normal,0,0,65535_65535,0,3,38589,42,1,1,1,6,42,28,1,1,allocated
15,2431,greenran_normal,0,0,65535_65535,0,5,38589,34,1,1,0,5,0,28,1,1,pre_allocation
15,2431,greenran_normal,0,0,65535_65535,0,5,38589,42,1,1,1,6,42,28,1,1,allocated
15,2431,greenran_normal,0,0,65535_65535,0,4,39096,34,1,1,0,6,0,24,1,1,pre_allocation
15,2431,greenran_normal,0,0,65535_65535,0,4,39096,40,1,1,1,7,40,24,1,1,allocated
15,2431,greenran_normal,0,0,65535_65535,0,1,38597,42,1,1,0,6,0,28,1,1,pre_allocation
15,2431,greenran_normal,0,0,65535_65535,0,1,38597,50,1,1,1,7,50,28,1,1,allocated
15,2431,greenran_normal,0,0,65535_65535,0,2,38597,42,1,1,0,6,0,28,1,1,pre_allocation
15,2431,greenran_normal,0,0,65535_65535,0,2,38597,50,1,1,1,7,50,28,1,1,allocated
15,2431,greenran_normal,0,0,65535_65535,0,3,38589,42,1,1,0,6,0,28,1,1,pre_allocation
15,2431,greenran_normal,0,0,65535_65535,0,3,38589,50,1,1,1,7,50,28,1,1,allocated
15,2431,greenran_normal,0,0,65535_65535,0,5,38589,42,1,1,0,6,0,28,1,1,pre_allocation
15,2431,greenran_normal,0,0,65535_65535,0,5,38589,50,1,1,1,7,50,28,1,1,allocated
15,2431,greenran_normal,0,0,65535_65535,0,4,39096,40,1,1,0,7,0,24,1,1,pre_allocation
15,2431,greenran_normal,0,0,65535_65535,0,4,39096,46,1,1,1,8,46,24,1,1,allocated
15,2431,greenran_normal,0,0,65535_65535,0,1,38597,50,1,1,0,7,0,28,1,1,pre_allocation
15,2431,greenran_normal,0,0,65535_65535,0,1,38597,57,1,1,1,8,57,28,1,1,allocated
15,2431,greenran_normal,0,0,65535_65535,0,2,38597,50,1,1,0,7,0,28,1,1,pre_allocation
15,2431,greenran_normal,0,0,65535_65535,0,2,38597,57,1,1,1,8,57,28,1,1,allocated
15,2431,greenran_normal,0,0,65535_65535,0,3,38589,50,1,1,0,7,0,28,1,1,pre_allocation
15,2431,greenran_normal,0,0,65535_65535,0,3,38589,57,1,1,1,8,57,28,1,1,allocated
15,2431,greenran_normal,0,0,65535_65535,0,5,38589,50,1,1,0,7,0,28,1,1,pre_allocation
15,2431,greenran_normal,0,0,65535_65535,0,5,38589,57,1,1,1,8,57,28,1,1,allocated
15,2431,greenran_normal,0,0,65535_65535,0,4,39096,46,1,1,0,8,0,24,1,1,pre_allocation
15,2431,greenran_normal,0,0,65535_65535,0,4,39096,52,1,1,1,9,52,24,1,1,allocated
15,2431,greenran_normal,0,0,65535_65535,0,1,38597,57,1,1,0,8,0,28,1,1,pre_allocation
15,2431,greenran_normal,0,0,65535_65535,0,1,38597,65,1,1,1,9,65,28,1,1,allocated
15,2431,greenran_normal,0,0,65535_65535,0,2,38597,57,1,1,0,8,0,28,1,1,pre_allocation
15,2431,greenran_normal,0,0,65535_65535,0,2,38597,65,1,1,1,9,65,28,1,1,allocated
15,2431,greenran_normal,0,0,65535_65535,0,3,38589,57,1,1,0,8,0,28,1,1,pre_allocation
15,2431,greenran_normal,0,0,65535_65535,0,3,38589,65,1,1,1,9,65,28,1,1,allocated
15,2431,greenran_normal,0,0,65535_65535,0,5,38589,57,1,1,0,8,0,28,1,1,pre_allocation
15,2431,greenran_normal,0,0,65535_65535,0,5,38589,65,1,1,1,9,65,28,1,1,allocated
15,2431,greenran_normal,0,0,65535_65535,0,4,39096,52,1,1,0,9,0,24,1,1,pre_allocation
15,2431,greenran_normal,0,0,65535_65535,0,4,39096,58,1,1,1,10,58,24,1,1,allocated
15,2431,greenran_normal,0,0,65535_65535,0,1,38597,65,1,1,0,9,0,28,1,1,pre_allocation
15,2431,greenran_normal,0,0,65535_65535,0,1,38597,72,1,1,1,10,72,28,1,1,allocated
15,2431,greenran_normal,0,0,65535_65535,0,2,38597,65,1,1,0,9,0,28,1,1,pre_allocation
15,2431,greenran_normal,0,0,65535_65535,0,2,38597,72,1,1,1,10,72,28,1,1,allocated
15,2431,greenran_normal,0,0,65535_65535,0,3,38589,65,1,1,0,9,0,28,1,1,pre_allocation
15,2431,greenran_normal,0,0,65535_65535,0,3,38589,72,1,1,1,10,72,28,1,1,allocated
15,2431,greenran_normal,0,0,65535_65535,0,5,38589,65,1,1,0,9,0,28,1,1,pre_allocation
15,2431,greenran_normal,0,0,65535_65535,0,5,38589,72,1,1,1,10,72,28,1,1,allocated
15,2431,greenran_normal,0,0,65535_65535,0,4,39096,58,1,1,0,10,0,24,1,1,pre_allocation
15,2431,greenran_normal,0,0,65535_65535,0,4,39096,65,1,1,1,11,65,24,1,1,allocated
15,2431,greenran_normal,0,0,65535_65535,0,1,38597,72,1,1,0,10,0,28,1,1,pre_allocation
15,2431,greenran_normal,0,0,65535_65535,0,1,38597,80,1,1,1,11,80,28,1,1,allocated
15,2431,greenran_normal,0,0,65535_65535,0,2,38597,72,1,1,0,10,0,28,1,1,pre_allocation
15,2431,greenran_normal,0,0,65535_65535,0,2,38597,80,1,1,1,11,80,28,1,1,allocated
15,2431,greenran_normal,0,0,65535_65535,0,3,38589,72,1,1,0,10,0,28,1,1,pre_allocation
15,2431,greenran_normal,0,0,65535_65535,0,3,38589,80,1,1,1,11,80,28,1,1,allocated
15,2431,greenran_normal,0,0,65535_65535,0,5,38589,72,1,1,0,10,0,28,1,1,pre_allocation
15,2431,greenran_normal,0,0,65535_65535,0,5,38589,80,1,1,1,11,80,28,1,1,allocated
15,2431,greenran_normal,0,0,65535_65535,0,4,39096,65,1,1,0,11,0,24,1,1,pre_allocation
15,2431,greenran_normal,0,0,65535_65535,0,4,39096,71,1,1,1,12,71,24,1,1,allocated
15,2431,greenran_normal,0,0,65535_65535,0,1,38597,80,1,1,0,11,0,28,1,1,pre_allocation
15,2431,greenran_normal,0,0,65535_65535,0,1,38597,88,1,1,1,12,88,28,1,1,allocated
15,2431,greenran_normal,0,0,65535_65535,0,2,38597,80,1,1,0,11,0,28,1,1,pre_allocation
15,2431,greenran_normal,0,0,65535_65535,0,2,38597,88,1,1,1,12,88,28,1,1,allocated
15,2431,greenran_normal,0,0,65535_65535,0,3,38589,80,1,1,0,11,0,28,1,1,pre_allocation
15,2431,greenran_normal,0,0,65535_65535,0,3,38589,88,1,1,1,12,88,28,1,1,allocated
15,2431,greenran_normal,0,0,65535_65535,0,5,38589,80,1,1,0,11,0,28,1,1,pre_allocation
15,2431,greenran_normal,0,0,65535_65535,0,5,38589,88,1,1,1,12,88,28,1,1,allocated
15,2431,greenran_normal,0,0,65535_65535,0,4,39096,71,1,1,0,12,0,24,1,1,pre_allocation
15,2431,greenran_normal,0,0,65535_65535,0,4,39096,77,1,1,1,13,77,24,1,1,allocated
15,2431,greenran_normal,0,0,65535_65535,0,1,38597,88,1,1,0,12,0,28,1,1,pre_allocation
15,2431,greenran_normal,0,0,65535_65535,0,1,38597,95,1,1,1,13,95,28,1,1,allocated
15,2431,greenran_normal,0,0,65535_65535,0,2,38597,88,1,1,0,12,0,28,1,1,pre_allocation
15,2431,greenran_normal,0,0,65535_65535,0,2,38597,95,1,1,1,13,95,28,1,1,allocated
15,2431,greenran_normal,0,0,65535_65535,0,3,38589,88,1,1,0,12,0,28,1,1,pre_allocation
15,2431,greenran_normal,0,0,65535_65535,0,3,38589,95,1,1,1,13,95,28,1,1,allocated
15,2431,greenran_normal,0,0,65535_65535,0,5,38589,88,1,1,0,12,0,28,1,1,pre_allocation
15,2431,greenran_normal,0,0,65535_65535,0,5,38589,95,1,1,1,13,95,28,1,1,allocated
15,2431,greenran_normal,0,0,65535_65535,0,4,39096,77,1,1,0,13,0,24,1,1,pre_allocation
15,2431,greenran_normal,0,0,65535_65535,0,4,39096,83,1,1,1,14,83,24,1,1,allocated
15,2431,greenran_normal,0,0,65535_65535,0,1,38597,95,1,1,0,13,0,28,1,1,pre_allocation
15,2431,greenran_normal,0,0,65535_65535,0,1,38597,103,1,1,1,14,103,28,1,1,allocated
15,2431,greenran_normal,0,0,65535_65535,0,2,38597,95,1,1,0,13,0,28,1,1,pre_allocation
15,2431,greenran_normal,0,0,65535_65535,0,2,38597,103,1,1,1,14,103,28,1,1,allocated
15,2431,greenran_normal,0,0,65535_65535,0,3,38589,95,1,1,0,13,0,28,1,1,pre_allocation
15,2431,greenran_normal,0,0,65535_65535,0,3,38589,103,1,1,1,14,103,28,1,1,allocated
15,2431,greenran_normal,0,0,65535_65535,0,5,38589,95,1,1,0,13,0,28,1,1,pre_allocation
15,2431,greenran_normal,0,0,65535_65535,0,5,38589,103,1,1,1,14,103,28,1,1,allocated
15,2431,greenran_normal,0,0,65535_65535,0,4,39096,83,1,1,0,14,0,24,1,1,pre_allocation
15,2431,greenran_normal,0,0,65535_65535,0,4,39096,89,1,1,1,15,89,24,1,1,allocated
15,2431,greenran_normal,0,0,65535_65535,0,1,38597,103,1,1,0,14,0,28,1,1,pre_allocation
15,2431,greenran_normal,0,0,65535_65535,0,1,38597,110,1,1,1,15,110,28,1,1,allocated
15,2431,greenran_normal,0,0,65535_65535,0,2,38597,103,1,1,0,14,0,28,1,1,pre_allocation
15,2431,greenran_normal,0,0,65535_65535,0,2,38597,110,1,1,1,15,110,28,1,1,allocated
15,2431,greenran_normal,0,0,65535_65535,0,3,38589,103,1,1,0,14,0,28,1,1,pre_allocation
15,2431,greenran_normal,0,0,65535_65535,0,3,38589,110,1,1,1,15,110,28,1,1,allocated
15,2431,greenran_normal,0,0,65535_65535,0,5,38589,103,1,1,0,14,0,28,1,1,pre_allocation
15,2431,greenran_normal,0,0,65535_65535,0,5,38589,110,1,1,1,15,110,28,1,1,allocated
15,2431,greenran_normal,0,0,65535_65535,0,4,39096,89,1,1,0,15,0,24,1,1,pre_allocation
15,2431,greenran_normal,0,0,65535_65535,0,4,39096,96,1,1,1,16,96,24,1,1,allocated
15,2431,greenran_normal,0,0,65535_65535,0,1,38597,110,1,1,0,15,0,28,1,1,pre_allocation
15,2431,greenran_normal,0,0,65535_65535,0,1,38597,118,1,1,1,16,118,28,1,1,allocated
15,2431,greenran_normal,0,0,65535_65535,0,2,38597,110,1,1,0,15,0,28,1,1,pre_allocation
15,2431,greenran_normal,0,0,65535_65535,0,2,38597,118,1,1,1,16,118,28,1,1,allocated
15,2431,greenran_normal,0,0,65535_65535,0,3,38589,110,1,1,0,15,0,28,1,1,pre_allocation
15,2431,greenran_normal,0,0,65535_65535,0,3,38589,118,1,1,1,16,118,28,1,1,allocated
15,2431,greenran_normal,0,0,65535_65535,0,5,38589,110,1,1,0,15,0,28,1,1,pre_allocation
15,2431,greenran_normal,0,0,65535_65535,0,5,38589,118,1,1,1,16,118,28,1,1,allocated
15,2431,greenran_normal,0,0,65535_65535,0,4,39096,96,1,1,0,16,0,24,1,1,pre_allocation
15,2431,greenran_normal,0,0,65535_65535,0,4,39096,102,1,1,1,17,102,24,1,1,allocated
15,2431,greenran_normal,0,0,65535_65535,0,1,38597,118,1,1,0,16,0,28,1,1,pre_allocation
15,2431,greenran_normal,0,0,65535_65535,0,1,38597,126,1,1,1,17,126,28,1,1,allocated
15,2431,greenran_normal,0,0,65535_65535,0,2,38597,118,1,1,0,16,0,28,1,1,pre_allocation
15,2431,greenran_normal,0,0,65535_65535,0,2,38597,126,1,1,1,17,126,28,1,1,allocated
15,2431,greenran_normal,0,0,65535_65535,0,3,38589,118,1,1,0,16,0,28,1,1,pre_allocation
15,2431,greenran_normal,0,0,65535_65535,0,3,38589,126,1,1,1,17,126,28,1,1,allocated
15,2431,greenran_normal,0,0,65535_65535,0,5,38589,118,1,1,0,16,0,28,1,1,pre_allocation
15,2431,greenran_normal,0,0,65535_65535,0,5,38589,126,1,1,1,17,126,28,1,1,allocated
15,2431,greenran_normal,0,0,65535_65535,0,4,39096,102,1,1,0,17,0,24,1,1,pre_allocation
15,2431,greenran_normal,0,0,65535_65535,0,4,39096,108,1,1,1,18,108,24,1,1,allocated
15,2431,greenran_normal,0,0,65535_65535,0,1,38597,126,1,1,0,17,0,28,1,1,pre_allocation
15,2431,greenran_normal,0,0,65535_65535,0,1,38597,133,1,1,1,18,133,28,1,1,allocated
15,2431,greenran_normal,0,0,65535_65535,0,2,38597,126,1,1,0,17,0,28,1,1,pre_allocation
15,2431,greenran_normal,0,0,65535_65535,0,2,38597,133,1,1,1,18,133,28,1,1,allocated
15,2431,greenran_normal,0,0,65535_65535,0,3,38589,126,1,1,0,17,0,28,1,1,pre_allocation
15,2431,greenran_normal,0,0,65535_65535,0,3,38589,133,1,1,1,18,133,28,1,1,allocated
15,2431,greenran_normal,0,0,65535_65535,0,5,38589,126,1,1,0,17,0,28,1,1,pre_allocation
15,2431,greenran_normal,0,0,65535_65535,0,5,38589,133,1,1,1,18,133,28,1,1,allocated
15,2431,greenran_normal,0,0,65535_65535,0,4,39096,108,1,1,0,18,0,24,1,1,pre_allocation
15,2431,greenran_normal,0,0,65535_65535,0,4,39096,114,1,1,1,19,114,24,1,1,allocated
15,2431,greenran_normal,0,0,65535_65535,0,1,38597,133,1,1,0,18,0,28,1,1,pre_allocation
15,2431,greenran_normal,0,0,65535_65535,0,1,38597,141,1,1,1,19,141,28,1,1,allocated
15,2431,greenran_normal,0,0,65535_65535,2,38,1231539,0,1,1,0,0,0,2,1,1,pre_allocation
15,2431,greenran_normal,0,0,65535_65535,2,38,1231539,0,1,1,1,1,0,2,1,1,allocated
15,2431,greenran_normal,0,0,65535_65535,2,60,1231351,0,1,1,0,0,0,12,1,1,pre_allocation
15,2431,greenran_normal,0,0,65535_65535,2,60,1231351,2,1,1,1,1,2,12,1,1,allocated
15,2431,greenran_normal,0,0,65535_65535,2,64,1231277,0,1,1,0,0,0,14,1,1,pre_allocation
15,2431,greenran_normal,0,0,65535_65535,2,64,1231277,2,1,1,1,1,2,14,1,1,allocated
15,2431,greenran_normal,0,0,65535_65535,2,43,1231132,0,1,1,0,0,0,16,1,1,pre_allocation
15,2431,greenran_normal,0,0,65535_65535,2,43,1231132,0,1,1,1,1,0,16,1,1,allocated
15,2431,greenran_normal,0,0,65535_65535,2,42,1230937,0,1,1,0,0,0,22,1,1,pre_allocation
15,2431,greenran_normal,0,0,65535_65535,2,42,1230937,2,1,1,1,1,2,22,1,1,allocated
15,2431,greenran_normal,0,0,65535_65535,2,36,1230825,0,1,1,0,0,0,24,1,1,pre_allocation
15,2431,greenran_normal,0,0,65535_65535,2,36,1230825,3,1,1,1,1,3,24,1,1,allocated
15,2431,greenran_normal,0,0,65535_65535,2,59,1230822,0,1,1,0,0,0,28,1,1,pre_allocation
15,2431,greenran_normal,0,0,65535_65535,2,59,1230822,4,1,1,1,1,4,28,1,1,allocated
15,2431,greenran_normal,0,0,65535_65535,2,40,1230787,0,1,1,0,0,0,28,1,1,pre_allocation
15,2431,greenran_normal,0,0,65535_65535,2,40,1230787,4,1,1,1,1,4,28,1,1,allocated
15,2431,greenran_normal,0,0,65535_65535,2,58,1230850,0,1,1,0,0,0,26,1,1,pre_allocation
15,2431,greenran_normal,0,0,65535_65535,2,58,1230850,4,1,1,1,1,4,26,1,1,allocated
15,2431,greenran_normal,0,0,65535_65535,2,63,1230783,0,1,1,0,0,0,28,1,1,pre_allocation
15,2431,greenran_normal,0,0,65535_65535,2,63,1230783,4,1,1,1,1,4,28,1,1,allocated
15,2431,greenran_normal,0,0,65535_65535,2,62,1230783,0,1,1,0,0,0,28,1,1,pre_allocation
15,2431,greenran_normal,0,0,65535_65535,2,62,1230783,4,1,1,1,1,4,28,1,1,allocated
15,2431,greenran_normal,0,0,65535_65535,2,61,1230783,0,1,1,0,0,0,28,1,1,pre_allocation
15,2431,greenran_normal,0,0,65535_65535,2,61,1230783,4,1,1,1,1,4,28,1,1,allocated
15,2431,greenran_normal,0,0,65535_65535,2,39,1230783,0,1,1,0,0,0,26,1,1,pre_allocation
15,2431,greenran_normal,0,0,65535_65535,2,39,1230783,4,1,1,1,1,4,26,1,1,allocated
15,2431,greenran_normal,0,0,65535_65535,2,35,1230779,0,1,1,0,0,0,28,1,1,pre_allocation
15,2431,greenran_normal,0,0,65535_65535,2,35,1230779,4,1,1,1,1,4,28,1,1,allocated
15,2431,greenran_normal,0,0,65535_65535,2,44,1230779,0,1,1,0,0,0,28,1,1,pre_allocation
15,2431,greenran_normal,0,0,65535_65535,2,44,1230779,4,1,1,1,1,4,28,1,1,allocated
15,2431,greenran_normal,0,0,65535_65535,2,55,1230779,0,1,1,0,0,0,28,1,1,pre_allocation
15,2431,greenran_normal,0,0,65535_65535,2,55,1230779,4,1,1,1,1,4,28,1,1,allocated
15,2431,greenran_normal,0,0,65535_65535,2,56,1230779,0,1,1,0,0,0,28,1,1,pre_allocation
15,2431,greenran_normal,0,0,65535_65535,2,56,1230779,4,1,1,1,1,4,28,1,1,allocated
15,2431,greenran_normal,0,0,65535_65535,2,57,1230779,0,1,1,0,0,0,28,1,1,pre_allocation
15,2431,greenran_normal,0,0,65535_65535,2,57,1230779,4,1,1,1,1,4,28,1,1,allocated
15,2431,greenran_normal,0,0,65535_65535,2,37,1230781,0,1,1,0,0,0,28,1,1,pre_allocation
15,2431,greenran_normal,0,0,65535_65535,2,37,1230781,4,1,1,1,1,4,28,1,1,allocated
15,2431,greenran_normal,0,0,65535_65535,2,41,1230781,0,1,1,0,0,0,28,1,1,pre_allocation
15,2431,greenran_normal,0,0,65535_65535,2,41,1230781,4,1,1,1,1,4,28,1,1,allocated
15,2431,greenran_normal,0,0,65535_65535,2,38,1231539,0,1,1,0,1,0,2,1,1,pre_allocation
15,2431,greenran_normal,0,0,65535_65535,2,38,1231539,0,1,1,1,2,0,2,1,1,allocated
15,2431,greenran_normal,0,0,65535_65535,2,60,1231351,2,1,1,0,1,0,12,1,1,pre_allocation
15,2431,greenran_normal,0,0,65535_65535,2,60,1231351,1,1,1,1,2,1,12,1,1,allocated
15,2431,greenran_normal,0,0,65535_65535,2,64,1231277,2,1,1,0,1,0,14,1,1,pre_allocation
15,2431,greenran_normal,0,0,65535_65535,2,64,1231277,2,1,1,1,2,2,14,1,1,allocated
15,2431,greenran_normal,0,0,65535_65535,2,43,1231132,0,1,1,0,1,0,16,1,1,pre_allocation
15,2431,greenran_normal,0,0,65535_65535,2,43,1231132,3,1,1,1,2,3,16,1,1,allocated
15,2431,greenran_normal,0,0,65535_65535,2,42,1230937,2,1,1,0,1,0,22,1,1,pre_allocation
15,2431,greenran_normal,0,0,65535_65535,2,42,1230937,7,1,1,1,2,7,22,1,1,allocated
15,2431,greenran_normal,0,0,65535_65535,2,36,1230825,3,1,1,0,1,0,24,1,1,pre_allocation
15,2431,greenran_normal,0,0,65535_65535,2,36,1230825,9,1,1,1,2,9,24,1,1,allocated
15,2431,greenran_normal,0,0,65535_65535,2,59,1230822,4,1,1,0,1,0,28,1,1,pre_allocation
15,2431,greenran_normal,0,0,65535_65535,2,59,1230822,12,1,1,1,2,12,28,1,1,allocated
15,2431,greenran_normal,0,0,65535_65535,2,40,1230787,4,1,1,0,1,0,28,1,1,pre_allocation
15,2431,greenran_normal,0,0,65535_65535,2,40,1230787,12,1,1,1,2,12,28,1,1,allocated
15,2431,greenran_normal,0,0,65535_65535,2,58,1230850,4,1,1,0,1,0,26,1,1,pre_allocation
15,2431,greenran_normal,0,0,65535_65535,2,58,1230850,11,1,1,1,2,11,26,1,1,allocated
15,2431,greenran_normal,0,0,65535_65535,2,63,1230783,4,1,1,0,1,0,28,1,1,pre_allocation
15,2431,greenran_normal,0,0,65535_65535,2,63,1230783,12,1,1,1,2,12,28,1,1,allocated
15,2431,greenran_normal,0,0,65535_65535,2,62,1230783,4,1,1,0,1,0,28,1,1,pre_allocation
15,2431,greenran_normal,0,0,65535_65535,2,62,1230783,12,1,1,1,2,12,28,1,1,allocated
15,2431,greenran_normal,0,0,65535_65535,2,61,1230783,4,1,1,0,1,0,28,1,1,pre_allocation
15,2431,greenran_normal,0,0,65535_65535,2,61,1230783,12,1,1,1,2,12,28,1,1,allocated
15,2431,greenran_normal,0,0,65535_65535,2,39,1230783,4,1,1,0,1,0,26,1,1,pre_allocation
15,2431,greenran_normal,0,0,65535_65535,2,39,1230783,11,1,1,1,2,11,26,1,1,allocated
15,2431,greenran_normal,0,0,65535_65535,2,35,1230779,4,1,1,0,1,0,28,1,1,pre_allocation
15,2431,greenran_normal,0,0,65535_65535,2,35,1230779,12,1,1,1,2,12,28,1,1,allocated
15,2431,greenran_normal,0,0,65535_65535,2,44,1230779,4,1,1,0,1,0,28,1,1,pre_allocation
15,2431,greenran_normal,0,0,65535_65535,2,44,1230779,12,1,1,1,2,12,28,1,1,allocated
15,2431,greenran_normal,0,0,65535_65535,2,55,1230779,4,1,1,0,1,0,28,1,1,pre_allocation
15,2431,greenran_normal,0,0,65535_65535,2,55,1230779,12,1,1,1,2,12,28,1,1,allocated
15,2431,greenran_normal,0,0,65535_65535,2,56,1230779,4,1,1,0,1,0,28,1,1,pre_allocation
15,2431,greenran_normal,0,0,65535_65535,2,56,1230779,12,1,1,1,2,12,28,1,1,allocated
15,2431,greenran_normal,0,0,65535_65535,2,57,1230779,4,1,1,0,1,0,28,1,1,pre_allocation
15,2431,greenran_normal,0,0,65535_65535,2,57,1230779,12,1,1,1,2,12,28,1,1,allocated
15,2431,greenran_normal,0,0,65535_65535,2,37,1230781,4,1,1,0,1,0,28,1,1,pre_allocation
15,2431,greenran_normal,0,0,65535_65535,2,37,1230781,12,1,1,1,2,12,28,1,1,allocated
15,2431,greenran_normal,0,0,65535_65535,2,41,1230781,4,1,1,0,1,0,28,1,1,pre_allocation
15,2431,greenran_normal,0,0,65535_65535,2,41,1230781,12,1,1,1,2,12,28,1,1,allocated
15,2431,greenran_normal,0,0,65535_65535,2,38,1231539,0,1,1,0,2,0,2,1,1,pre_allocation
15,2431,greenran_normal,0,0,65535_65535,2,38,1231539,0,1,1,1,3,0,2,1,1,allocated
15,2431,greenran_normal,0,0,65535_65535,2,60,1231351,1,1,1,0,2,0,12,1,1,pre_allocation
15,2431,greenran_normal,0,0,65535_65535,2,60,1231351,3,1,1,1,3,3,12,1,1,allocated
15,2431,greenran_normal,0,0,65535_65535,2,64,1231277,2,1,1,0,2,0,14,1,1,pre_allocation
15,2431,greenran_normal,0,0,65535_65535,2,64,1231277,4,1,1,1,3,4,14,1,1,allocated
15,2431,greenran_normal,0,0,65535_65535,2,43,1231132,3,1,1,0,2,0,16,1,1,pre_allocation
15,2431,greenran_normal,0,0,65535_65535,2,43,1231132,6,1,1,1,3,6,16,1,1,allocated
15,2431,greenran_normal,0,0,65535_65535,2,42,1230937,7,1,1,0,2,0,22,1,1,pre_allocation
15,2431,greenran_normal,0,0,65535_65535,2,42,1230937,13,1,1,1,3,13,22,1,1,allocated
15,2431,greenran_normal,0,0,65535_65535,2,36,1230825,9,1,1,0,2,0,24,1,1,pre_allocation
15,2431,greenran_normal,0,0,65535_65535,2,36,1230825,15,1,1,1,3,15,24,1,1,allocated
15,2431,greenran_normal,0,0,65535_65535,2,59,1230822,12,1,1,0,2,0,28,1,1,pre_allocation
15,2431,greenran_normal,0,0,65535_65535,2,59,1230822,19,1,1,1,3,19,28,1,1,allocated
15,2431,greenran_normal,0,0,65535_65535,2,40,1230787,12,1,1,0,2,0,28,1,1,pre_allocation
15,2431,greenran_normal,0,0,65535_65535,2,40,1230787,19,1,1,1,3,19,28,1,1,allocated
15,2431,greenran_normal,0,0,65535_65535,2,58,1230850,11,1,1,0,2,0,26,1,1,pre_allocation
15,2431,greenran_normal,0,0,65535_65535,2,58,1230850,18,1,1,1,3,18,26,1,1,allocated
15,2431,greenran_normal,0,0,65535_65535,2,63,1230783,12,1,1,0,2,0,28,1,1,pre_allocation
15,2431,greenran_normal,0,0,65535_65535,2,63,1230783,19,1,1,1,3,19,28,1,1,allocated
15,2431,greenran_normal,0,0,65535_65535,2,62,1230783,12,1,1,0,2,0,28,1,1,pre_allocation
15,2431,greenran_normal,0,0,65535_65535,2,62,1230783,19,1,1,1,3,19,28,1,1,allocated
15,2431,greenran_normal,0,0,65535_65535,2,61,1230783,12,1,1,0,2,0,28,1,1,pre_allocation
15,2431,greenran_normal,0,0,65535_65535,2,61,1230783,19,1,1,1,3,19,28,1,1,allocated
15,2431,greenran_normal,0,0,65535_65535,2,39,1230783,11,1,1,0,2,0,26,1,1,pre_allocation
15,2431,greenran_normal,0,0,65535_65535,2,39,1230783,18,1,1,1,3,18,26,1,1,allocated
15,2431,greenran_normal,0,0,65535_65535,2,35,1230779,12,1,1,0,2,0,28,1,1,pre_allocation
15,2431,greenran_normal,0,0,65535_65535,2,35,1230779,19,1,1,1,3,19,28,1,1,allocated
15,2431,greenran_normal,0,0,65535_65535,2,44,1230779,12,1,1,0,2,0,28,1,1,pre_allocation
15,2431,greenran_normal,0,0,65535_65535,2,44,1230779,19,1,1,1,3,19,28,1,1,allocated
15,2431,greenran_normal,0,0,65535_65535,2,55,1230779,12,1,1,0,2,0,28,1,1,pre_allocation
15,2431,greenran_normal,0,0,65535_65535,2,55,1230779,19,1,1,1,3,19,28,1,1,allocated
15,2431,greenran_normal,0,0,65535_65535,2,56,1230779,12,1,1,0,2,0,28,1,1,pre_allocation
15,2431,greenran_normal,0,0,65535_65535,2,56,1230779,19,1,1,1,3,19,28,1,1,allocated
15,2431,greenran_normal,0,0,65535_65535,2,57,1230779,12,1,1,0,2,0,28,1,1,pre_allocation
15,2431,greenran_normal,0,0,65535_65535,2,57,1230779,19,1,1,1,3,19,28,1,1,allocated
15,2431,greenran_normal,0,0,65535_65535,2,37,1230781,12,1,1,0,2,0,28,1,1,pre_allocation
15,2431,greenran_normal,0,0,65535_65535,2,37,1230781,19,1,1,1,3,19,28,1,1,allocated
15,2431,greenran_normal,0,0,65535_65535,2,41,1230781,12,1,1,0,2,0,28,1,1,pre_allocation
15,2431,greenran_normal,0,0,65535_65535,2,41,1230781,19,1,1,1,3,19,28,1,1,allocated
15,2431,greenran_normal,0,0,65535_65535,2,38,1231539,0,1,1,0,3,0,2,1,1,pre_allocation
15,2431,greenran_normal,0,0,65535_65535,2,38,1231539,1,1,1,1,4,1,2,1,1,allocated
15,2431,greenran_normal,0,0,65535_65535,2,60,1231351,3,1,1,0,3,0,12,1,1,pre_allocation
15,2431,greenran_normal,0,0,65535_65535,2,60,1231351,5,1,1,1,4,5,12,1,1,allocated
15,2431,greenran_normal,0,0,65535_65535,2,64,1231277,4,1,1,0,3,0,14,1,1,pre_allocation
15,2431,greenran_normal,0,0,65535_65535,2,64,1231277,7,1,1,1,4,7,14,1,1,allocated
15,2431,greenran_normal,0,0,65535_65535,2,43,1231132,6,1,1,0,3,0,16,1,1,pre_allocation
15,2431,greenran_normal,0,0,65535_65535,2,43,1231132,10,1,1,1,4,10,16,1,1,allocated
15,2431,greenran_normal,0,0,65535_65535,2,42,1230937,13,1,1,0,3,0,22,1,1,pre_allocation
15,2431,greenran_normal,0,0,65535_65535,2,42,1230937,18,1,1,1,4,18,22,1,1,allocated
15,2431,greenran_normal,0,0,65535_65535,2,36,1230825,15,1,1,0,3,0,24,1,1,pre_allocation
15,2431,greenran_normal,0,0,65535_65535,2,36,1230825,21,1,1,1,4,21,24,1,1,allocated
15,2431,greenran_normal,0,0,65535_65535,2,59,1230822,19,1,1,0,3,0,28,1,1,pre_allocation
15,2431,greenran_normal,0,0,65535_65535,2,59,1230822,27,1,1,1,4,27,28,1,1,allocated
15,2431,greenran_normal,0,0,65535_65535,2,40,1230787,19,1,1,0,3,0,28,1,1,pre_allocation
15,2431,greenran_normal,0,0,65535_65535,2,40,1230787,27,1,1,1,4,27,28,1,1,allocated
15,2431,greenran_normal,0,0,65535_65535,2,58,1230850,18,1,1,0,3,0,26,1,1,pre_allocation
15,2431,greenran_normal,0,0,65535_65535,2,58,1230850,25,1,1,1,4,25,26,1,1,allocated
15,2431,greenran_normal,0,0,65535_65535,2,63,1230783,19,1,1,0,3,0,28,1,1,pre_allocation
15,2431,greenran_normal,0,0,65535_65535,2,63,1230783,27,1,1,1,4,27,28,1,1,allocated
15,2431,greenran_normal,0,0,65535_65535,2,62,1230783,19,1,1,0,3,0,28,1,1,pre_allocation
15,2431,greenran_normal,0,0,65535_65535,2,62,1230783,27,1,1,1,4,27,28,1,1,allocated
15,2431,greenran_normal,0,0,65535_65535,2,61,1230783,19,1,1,0,3,0,28,1,1,pre_allocation
15,2431,greenran_normal,0,0,65535_65535,2,61,1230783,27,1,1,1,4,27,28,1,1,allocated
15,2431,greenran_normal,0,0,65535_65535,2,39,1230783,18,1,1,0,3,0,26,1,1,pre_allocation
15,2431,greenran_normal,0,0,65535_65535,2,39,1230783,25,1,1,1,4,25,26,1,1,allocated
15,2431,greenran_normal,0,0,65535_65535,2,35,1230779,19,1,1,0,3,0,28,1,1,pre_allocation
15,2431,greenran_normal,0,0,65535_65535,2,35,1230779,27,1,1,1,4,27,28,1,1,allocated
15,2431,greenran_normal,0,0,65535_65535,2,44,1230779,19,1,1,0,3,0,28,1,1,pre_allocation
15,2431,greenran_normal,0,0,65535_65535,2,44,1230779,27,1,1,1,4,27,28,1,1,allocated
15,2431,greenran_normal,0,0,65535_65535,2,55,1230779,19,1,1,0,3,0,28,1,1,pre_allocation
15,2431,greenran_normal,0,0,65535_65535,2,55,1230779,27,1,1,1,4,27,28,1,1,allocated
15,2431,greenran_normal,0,0,65535_65535,2,56,1230779,19,1,1,0,3,0,28,1,1,pre_allocation
15,2431,greenran_normal,0,0,65535_65535,2,56,1230779,27,1,1,1,4,27,28,1,1,allocated
15,2431,greenran_normal,0,0,65535_65535,2,57,1230779,19,1,1,0,3,0,28,1,1,pre_allocation
15,2431,greenran_normal,0,0,65535_65535,2,57,1230779,27,1,1,1,4,27,28,1,1,allocated
15,2431,greenran_normal,0,0,65535_65535,2,37,1230781,19,1,1,0,3,0,28,1,1,pre_allocation
15,2431,greenran_normal,0,0,65535_65535,2,37,1230781,27,1,1,1,4,27,28,1,1,allocated
15,2431,greenran_normal,0,0,65535_65535,2,41,1230781,19,1,1,0,3,0,28,1,1,pre_allocation
15,2431,greenran_normal,0,0,65535_65535,2,41,1230781,27,1,1,1,4,27,28,1,1,allocated
15,2431,greenran_normal,0,0,65535_65535,2,38,1231539,1,1,1,0,4,0,2,1,1,pre_allocation
15,2431,greenran_normal,0,0,65535_65535,2,38,1231539,1,1,1,1,5,1,2,1,1,allocated
15,2431,greenran_normal,0,0,65535_65535,2,60,1231351,5,1,1,0,4,0,12,1,1,pre_allocation
15,2431,greenran_normal,0,0,65535_65535,2,60,1231351,7,1,1,1,5,7,12,1,1,allocated
15,2431,greenran_normal,0,0,65535_65535,2,64,1231277,7,1,1,0,4,0,14,1,1,pre_allocation
15,2431,greenran_normal,0,0,65535_65535,2,64,1231277,10,1,1,1,5,10,14,1,1,allocated
15,2431,greenran_normal,0,0,65535_65535,2,43,1231132,10,1,1,0,4,0,16,1,1,pre_allocation
15,2431,greenran_normal,0,0,65535_65535,2,43,1231132,13,1,1,1,5,13,16,1,1,allocated
15,2431,greenran_normal,0,0,65535_65535,2,42,1230937,18,1,1,0,4,0,22,1,1,pre_allocation
15,2431,greenran_normal,0,0,65535_65535,2,42,1230937,23,1,1,1,5,23,22,1,1,allocated
15,2431,greenran_normal,0,0,65535_65535,2,36,1230825,21,1,1,0,4,0,24,1,1,pre_allocation
15,2431,greenran_normal,0,0,65535_65535,2,36,1230825,27,1,1,1,5,27,24,1,1,allocated
15,2431,greenran_normal,0,0,65535_65535,2,59,1230822,27,1,1,0,4,0,28,1,1,pre_allocation
15,2431,greenran_normal,0,0,65535_65535,2,59,1230822,34,1,1,1,5,34,28,1,1,allocated
15,2431,greenran_normal,0,0,65535_65535,2,40,1230787,27,1,1,0,4,0,28,1,1,pre_allocation
15,2431,greenran_normal,0,0,65535_65535,2,40,1230787,34,1,1,1,5,34,28,1,1,allocated
15,2431,greenran_normal,0,0,65535_65535,2,58,1230850,25,1,1,0,4,0,26,1,1,pre_allocation
15,2431,greenran_normal,0,0,65535_65535,2,58,1230850,32,1,1,1,5,32,26,1,1,allocated
15,2431,greenran_normal,0,0,65535_65535,2,63,1230783,27,1,1,0,4,0,28,1,1,pre_allocation
15,2431,greenran_normal,0,0,65535_65535,2,63,1230783,34,1,1,1,5,34,28,1,1,allocated
15,2431,greenran_normal,0,0,65535_65535,2,62,1230783,27,1,1,0,4,0,28,1,1,pre_allocation
15,2431,greenran_normal,0,0,65535_65535,2,62,1230783,34,1,1,1,5,34,28,1,1,allocated
15,2431,greenran_normal,0,0,65535_65535,2,61,1230783,27,1,1,0,4,0,28,1,1,pre_allocation
15,2431,greenran_normal,0,0,65535_65535,2,61,1230783,34,1,1,1,5,34,28,1,1,allocated
15,2431,greenran_normal,0,0,65535_65535,2,39,1230783,25,1,1,0,4,0,26,1,1,pre_allocation
15,2431,greenran_normal,0,0,65535_65535,2,39,1230783,32,1,1,1,5,32,26,1,1,allocated
15,2431,greenran_normal,0,0,65535_65535,2,35,1230779,27,1,1,0,4,0,28,1,1,pre_allocation
15,2431,greenran_normal,0,0,65535_65535,2,35,1230779,34,1,1,1,5,34,28,1,1,allocated
15,2431,greenran_normal,0,0,65535_65535,2,44,1230779,27,1,1,0,4,0,28,1,1,pre_allocation
15,2431,greenran_normal,0,0,65535_65535,2,44,1230779,34,1,1,1,5,34,28,1,1,allocated
15,2431,greenran_normal,0,0,65535_65535,2,55,1230779,27,1,1,0,4,0,28,1,1,pre_allocation
15,2431,greenran_normal,0,0,65535_65535,2,55,1230779,34,1,1,1,5,34,28,1,1,allocated
15,2431,greenran_normal,0,0,65535_65535,2,56,1230779,27,1,1,0,4,0,28,1,1,pre_allocation
15,2431,greenran_normal,0,0,65535_65535,2,56,1230779,34,1,1,1,5,34,28,1,1,allocated
15,2431,greenran_normal,0,0,65535_65535,2,57,1230779,27,1,1,0,4,0,28,1,1,pre_allocation
15,2431,greenran_normal,0,0,65535_65535,2,57,1230779,34,1,1,1,5,34,28,1,1,allocated
15,2431,greenran_normal,0,0,65535_65535,2,37,1230781,27,1,1,0,4,0,28,1,1,pre_allocation
15,2431,greenran_normal,0,0,65535_65535,2,37,1230781,34,1,1,1,5,34,28,1,1,allocated
15,2431,greenran_normal,0,0,65535_65535,2,41,1230781,27,1,1,0,4,0,28,1,1,pre_allocation
15,2431,greenran_normal,0,0,65535_65535,2,41,1230781,34,1,1,1,5,34,28,1,1,allocated
15,2431,greenran_normal,0,0,65535_65535,2,38,1231539,1,1,1,0,5,0,2,1,1,pre_allocation
15,2431,greenran_normal,0,0,65535_65535,2,38,1231539,1,1,1,1,6,1,2,1,1,allocated
15,2431,greenran_normal,0,0,65535_65535,2,60,1231351,7,1,1,0,5,0,12,1,1,pre_allocation
15,2431,greenran_normal,0,0,65535_65535,2,60,1231351,9,1,1,1,6,9,12,1,1,allocated
15,2431,greenran_normal,0,0,65535_65535,2,64,1231277,10,1,1,0,5,0,14,1,1,pre_allocation
15,2431,greenran_normal,0,0,65535_65535,2,64,1231277,12,1,1,1,6,12,14,1,1,allocated
15,2431,greenran_normal,0,0,65535_65535,2,43,1231132,13,1,1,0,5,0,16,1,1,pre_allocation
15,2431,greenran_normal,0,0,65535_65535,2,43,1231132,16,1,1,1,6,16,16,1,1,allocated
15,2431,greenran_normal,0,0,65535_65535,2,42,1230937,23,1,1,0,5,0,22,1,1,pre_allocation
15,2431,greenran_normal,0,0,65535_65535,2,42,1230937,29,1,1,1,6,29,22,1,1,allocated
15,2431,greenran_normal,0,0,65535_65535,2,36,1230825,27,1,1,0,5,0,24,1,1,pre_allocation
15,2431,greenran_normal,0,0,65535_65535,2,36,1230825,34,1,1,1,6,34,24,1,1,allocated
15,2431,greenran_normal,0,0,65535_65535,2,59,1230822,34,1,1,0,5,0,28,1,1,pre_allocation
15,2431,greenran_normal,0,0,65535_65535,2,59,1230822,42,1,1,1,6,42,28,1,1,allocated
15,2431,greenran_normal,0,0,65535_65535,2,40,1230787,34,1,1,0,5,0,28,1,1,pre_allocation
15,2431,greenran_normal,0,0,65535_65535,2,40,1230787,42,1,1,1,6,42,28,1,1,allocated
15,2431,greenran_normal,0,0,65535_65535,2,58,1230850,32,1,1,0,5,0,26,1,1,pre_allocation
15,2431,greenran_normal,0,0,65535_65535,2,58,1230850,39,1,1,1,6,39,26,1,1,allocated
15,2431,greenran_normal,0,0,65535_65535,2,63,1230783,34,1,1,0,5,0,28,1,1,pre_allocation
15,2431,greenran_normal,0,0,65535_65535,2,63,1230783,42,1,1,1,6,42,28,1,1,allocated
15,2431,greenran_normal,0,0,65535_65535,2,62,1230783,34,1,1,0,5,0,28,1,1,pre_allocation
15,2431,greenran_normal,0,0,65535_65535,2,62,1230783,42,1,1,1,6,42,28,1,1,allocated
15,2431,greenran_normal,0,0,65535_65535,2,61,1230783,34,1,1,0,5,0,28,1,1,pre_allocation
15,2431,greenran_normal,0,0,65535_65535,2,61,1230783,42,1,1,1,6,42,28,1,1,allocated
15,2431,greenran_normal,0,0,65535_65535,2,39,1230783,32,1,1,0,5,0,26,1,1,pre_allocation
15,2431,greenran_normal,0,0,65535_65535,2,39,1230783,39,1,1,1,6,39,26,1,1,allocated
15,2431,greenran_normal,0,0,65535_65535,2,35,1230779,34,1,1,0,5,0,28,1,1,pre_allocation
15,2431,greenran_normal,0,0,65535_65535,2,35,1230779,42,1,1,1,6,42,28,1,1,allocated
15,2431,greenran_normal,0,0,65535_65535,2,44,1230779,34,1,1,0,5,0,28,1,1,pre_allocation
15,2431,greenran_normal,0,0,65535_65535,2,44,1230779,42,1,1,1,6,42,28,1,1,allocated
15,2431,greenran_normal,0,0,65535_65535,2,55,1230779,34,1,1,0,5,0,28,1,1,pre_allocation
15,2431,greenran_normal,0,0,65535_65535,2,55,1230779,42,1,1,1,6,42,28,1,1,allocated
15,2431,greenran_normal,0,0,65535_65535,2,56,1230779,34,1,1,0,5,0,28,1,1,pre_allocation
15,2431,greenran_normal,0,0,65535_65535,2,56,1230779,42,1,1,1,6,42,28,1,1,allocated
15,2431,greenran_normal,0,0,65535_65535,2,57,1230779,34,1,1,0,5,0,28,1,1,pre_allocation
15,2431,greenran_normal,0,0,65535_65535,2,57,1230779,42,1,1,1,6,42,28,1,1,allocated
15,2431,greenran_normal,0,0,65535_65535,2,37,1230781,34,1,1,0,5,0,28,1,1,pre_allocation
15,2431,greenran_normal,0,0,65535_65535,2,37,1230781,42,1,1,1,6,42,28,1,1,allocated
15,2431,greenran_normal,0,0,65535_65535,2,41,1230781,34,1,1,0,5,0,28,1,1,pre_allocation
15,2431,greenran_normal,0,0,65535_65535,2,41,1230781,42,1,1,1,6,42,28,1,1,allocated
15,2431,greenran_normal,0,0,65535_65535,2,38,1231539,1,1,1,0,6,0,2,1,1,pre_allocation
15,2431,greenran_normal,0,0,65535_65535,2,38,1231539,2,1,1,1,7,2,2,1,1,allocated
15,2431,greenran_normal,0,0,65535_65535,2,60,1231351,9,1,1,0,6,0,12,1,1,pre_allocation
15,2431,greenran_normal,0,0,65535_65535,2,60,1231351,11,1,1,1,7,11,12,1,1,allocated
15,2431,greenran_normal,0,0,65535_65535,2,64,1231277,12,1,1,0,6,0,14,1,1,pre_allocation
15,2431,greenran_normal,0,0,65535_65535,2,64,1231277,15,1,1,1,7,15,14,1,1,allocated
15,2431,greenran_normal,0,0,65535_65535,2,43,1231132,16,1,1,0,6,0,16,1,1,pre_allocation
15,2431,greenran_normal,0,0,65535_65535,2,43,1231132,20,1,1,1,7,20,16,1,1,allocated
15,2431,greenran_normal,0,0,65535_65535,2,42,1230937,29,1,1,0,6,0,22,1,1,pre_allocation
15,2431,greenran_normal,0,0,65535_65535,2,42,1230937,34,1,1,1,7,34,22,1,1,allocated
15,2431,greenran_normal,0,0,65535_65535,2,36,1230825,34,1,1,0,6,0,24,1,1,pre_allocation
15,2431,greenran_normal,0,0,65535_65535,2,36,1230825,40,1,1,1,7,40,24,1,1,allocated
15,2431,greenran_normal,0,0,65535_65535,2,59,1230822,42,1,1,0,6,0,28,1,1,pre_allocation
15,2431,greenran_normal,0,0,65535_65535,2,59,1230822,50,1,1,1,7,50,28,1,1,allocated
15,2431,greenran_normal,0,0,65535_65535,2,40,1230787,42,1,1,0,6,0,28,1,1,pre_allocation
15,2431,greenran_normal,0,0,65535_65535,2,40,1230787,50,1,1,1,7,50,28,1,1,allocated
15,2431,greenran_normal,0,0,65535_65535,2,58,1230850,39,1,1,0,6,0,26,1,1,pre_allocation
15,2431,greenran_normal,0,0,65535_65535,2,58,1230850,46,1,1,1,7,46,26,1,1,allocated
15,2431,greenran_normal,0,0,65535_65535,2,63,1230783,42,1,1,0,6,0,28,1,1,pre_allocation
15,2431,greenran_normal,0,0,65535_65535,2,63,1230783,50,1,1,1,7,50,28,1,1,allocated
15,2431,greenran_normal,0,0,65535_65535,2,62,1230783,42,1,1,0,6,0,28,1,1,pre_allocation
15,2431,greenran_normal,0,0,65535_65535,2,62,1230783,50,1,1,1,7,50,28,1,1,allocated
15,2431,greenran_normal,0,0,65535_65535,2,61,1230783,42,1,1,0,6,0,28,1,1,pre_allocation
15,2431,greenran_normal,0,0,65535_65535,2,61,1230783,50,1,1,1,7,50,28,1,1,allocated
15,2431,greenran_normal,0,0,65535_65535,2,39,1230783,39,1,1,0,6,0,26,1,1,pre_allocation
15,2431,greenran_normal,0,0,65535_65535,2,39,1230783,46,1,1,1,7,46,26,1,1,allocated
15,2431,greenran_normal,0,0,65535_65535,2,35,1230779,42,1,1,0,6,0,28,1,1,pre_allocation
15,2431,greenran_normal,0,0,65535_65535,2,35,1230779,50,1,1,1,7,50,28,1,1,allocated
15,2431,greenran_normal,0,0,65535_65535,2,44,1230779,42,1,1,0,6,0,28,1,1,pre_allocation
15,2431,greenran_normal,0,0,65535_65535,2,44,1230779,50,1,1,1,7,50,28,1,1,allocated
15,2431,greenran_normal,0,0,65535_65535,2,55,1230779,42,1,1,0,6,0,28,1,1,pre_allocation
15,2431,greenran_normal,0,0,65535_65535,2,55,1230779,50,1,1,1,7,50,28,1,1,allocated
15,2431,greenran_normal,0,0,65535_65535,2,56,1230779,42,1,1,0,6,0,28,1,1,pre_allocation
15,2431,greenran_normal,0,0,65535_65535,2,56,1230779,50,1,1,1,7,50,28,1,1,allocated
15,2431,greenran_normal,0,0,65535_65535,2,57,1230779,42,1,1,0,6,0,28,1,1,pre_allocation
15,2431,greenran_normal,0,0,65535_65535,2,57,1230779,50,1,1,1,7,50,28,1,1,allocated
15,2431,greenran_normal,0,0,65535_65535,2,37,1230781,42,1,1,0,6,0,28,1,1,pre_allocation
15,2431,greenran_normal,0,0,65535_65535,2,37,1230781,50,1,1,1,7,50,28,1,1,allocated
15,2431,greenran_normal,0,0,65535_65535,2,41,1230781,42,1,1,0,6,0,28,1,1,pre_allocation
15,2431,greenran_normal,0,0,65535_65535,2,41,1230781,50,1,1,1,7,50,28,1,1,allocated
15,2431,greenran_normal,0,0,65535_65535,2,38,1231539,2,1,1,0,7,0,2,1,1,pre_allocation
15,2431,greenran_normal,0,0,65535_65535,2,38,1231539,2,1,1,1,8,2,2,1,1,allocated
15,2431,greenran_normal,0,0,65535_65535,2,60,1231351,11,1,1,0,7,0,12,1,1,pre_allocation
15,2431,greenran_normal,0,0,65535_65535,2,60,1231351,13,1,1,1,8,13,12,1,1,allocated
15,2431,greenran_normal,0,0,65535_65535,2,64,1231277,15,1,1,0,7,0,14,1,1,pre_allocation
15,2431,greenran_normal,0,0,65535_65535,2,64,1231277,18,1,1,1,8,18,14,1,1,allocated
15,2431,greenran_normal,0,0,65535_65535,2,43,1231132,20,1,1,0,7,0,16,1,1,pre_allocation
15,2431,greenran_normal,0,0,65535_65535,2,43,1231132,23,1,1,1,8,23,16,1,1,allocated
15,2431,greenran_normal,0,0,65535_65535,2,42,1230937,34,1,1,0,7,0,22,1,1,pre_allocation
15,2431,greenran_normal,0,0,65535_65535,2,42,1230937,39,1,1,1,8,39,22,1,1,allocated
15,2431,greenran_normal,0,0,65535_65535,2,36,1230825,40,1,1,0,7,0,24,1,1,pre_allocation
15,2431,greenran_normal,0,0,65535_65535,2,36,1230825,46,1,1,1,8,46,24,1,1,allocated
15,2431,greenran_normal,0,0,65535_65535,2,59,1230822,50,1,1,0,7,0,28,1,1,pre_allocation
15,2431,greenran_normal,0,0,65535_65535,2,59,1230822,57,1,1,1,8,57,28,1,1,allocated
15,2431,greenran_normal,0,0,65535_65535,2,40,1230787,50,1,1,0,7,0,28,1,1,pre_allocation
15,2431,greenran_normal,0,0,65535_65535,2,40,1230787,57,1,1,1,8,57,28,1,1,allocated
15,2431,greenran_normal,0,0,65535_65535,2,58,1230850,46,1,1,0,7,0,26,1,1,pre_allocation
15,2431,greenran_normal,0,0,65535_65535,2,58,1230850,53,1,1,1,8,53,26,1,1,allocated
15,2431,greenran_normal,0,0,65535_65535,2,63,1230783,50,1,1,0,7,0,28,1,1,pre_allocation
15,2431,greenran_normal,0,0,65535_65535,2,63,1230783,57,1,1,1,8,57,28,1,1,allocated
15,2431,greenran_normal,0,0,65535_65535,2,62,1230783,50,1,1,0,7,0,28,1,1,pre_allocation
15,2431,greenran_normal,0,0,65535_65535,2,62,1230783,57,1,1,1,8,57,28,1,1,allocated
15,2431,greenran_normal,0,0,65535_65535,2,61,1230783,50,1,1,0,7,0,28,1,1,pre_allocation
15,2431,greenran_normal,0,0,65535_65535,2,61,1230783,57,1,1,1,8,57,28,1,1,allocated
15,2431,greenran_normal,0,0,65535_65535,2,39,1230783,46,1,1,0,7,0,26,1,1,pre_allocation
15,2431,greenran_normal,0,0,65535_65535,2,39,1230783,53,1,1,1,8,53,26,1,1,allocated
15,2431,greenran_normal,0,0,65535_65535,2,35,1230779,50,1,1,0,7,0,28,1,1,pre_allocation
15,2431,greenran_normal,0,0,65535_65535,2,35,1230779,57,1,1,1,8,57,28,1,1,allocated
15,2431,greenran_normal,0,0,65535_65535,2,44,1230779,50,1,1,0,7,0,28,1,1,pre_allocation
15,2431,greenran_normal,0,0,65535_65535,2,44,1230779,57,1,1,1,8,57,28,1,1,allocated
15,2431,greenran_normal,0,0,65535_65535,2,55,1230779,50,1,1,0,7,0,28,1,1,pre_allocation
15,2431,greenran_normal,0,0,65535_65535,2,55,1230779,57,1,1,1,8,57,28,1,1,allocated
15,2431,greenran_normal,0,0,65535_65535,2,56,1230779,50,1,1,0,7,0,28,1,1,pre_allocation
15,2431,greenran_normal,0,0,65535_65535,2,56,1230779,57,1,1,1,8,57,28,1,1,allocated
15,2431,greenran_normal,0,0,65535_65535,2,57,1230779,50,1,1,0,7,0,28,1,1,pre_allocation
15,2431,greenran_normal,0,0,65535_65535,2,57,1230779,57,1,1,1,8,57,28,1,1,allocated
15,2431,greenran_normal,0,0,65535_65535,2,37,1230781,50,1,1,0,7,0,28,1,1,pre_allocation
15,2431,greenran_normal,0,0,65535_65535,2,37,1230781,57,1,1,1,8,57,28,1,1,allocated
15,2431,greenran_normal,0,0,65535_65535,2,41,1230781,50,1,1,0,7,0,28,1,1,pre_allocation
15,2431,greenran_normal,0,0,65535_65535,2,41,1230781,57,1,1,1,8,57,28,1,1,allocated
15,2431,greenran_normal,0,0,65535_65535,2,38,1231539,2,1,1,0,8,0,2,1,1,pre_allocation
15,2431,greenran_normal,0,0,65535_65535,2,38,1231539,2,1,1,1,9,2,2,1,1,allocated
15,2431,greenran_normal,0,0,65535_65535,2,60,1231351,13,1,1,0,8,0,12,1,1,pre_allocation
15,2431,greenran_normal,0,0,65535_65535,2,60,1231351,15,1,1,1,9,15,12,1,1,allocated
15,2431,greenran_normal,0,0,65535_65535,2,64,1231277,18,1,1,0,8,0,14,1,1,pre_allocation
15,2431,greenran_normal,0,0,65535_65535,2,64,1231277,20,1,1,1,9,20,14,1,1,allocated
15,2431,greenran_normal,0,0,65535_65535,2,43,1231132,23,1,1,0,8,0,16,1,1,pre_allocation
15,2431,greenran_normal,0,0,65535_65535,2,43,1231132,26,1,1,1,9,26,16,1,1,allocated
15,2431,greenran_normal,0,0,65535_65535,2,42,1230937,39,1,1,0,8,0,22,1,1,pre_allocation
15,2431,greenran_normal,0,0,65535_65535,2,42,1230937,45,1,1,1,9,45,22,1,1,allocated
15,2431,greenran_normal,0,0,65535_65535,2,36,1230825,46,1,1,0,8,0,24,1,1,pre_allocation
15,2431,greenran_normal,0,0,65535_65535,2,36,1230825,52,1,1,1,9,52,24,1,1,allocated
15,2431,greenran_normal,0,0,65535_65535,2,59,1230822,57,1,1,0,8,0,28,1,1,pre_allocation
15,2431,greenran_normal,0,0,65535_65535,2,59,1230822,65,1,1,1,9,65,28,1,1,allocated
15,2431,greenran_normal,0,0,65535_65535,2,40,1230787,57,1,1,0,8,0,28,1,1,pre_allocation
15,2431,greenran_normal,0,0,65535_65535,2,40,1230787,65,1,1,1,9,65,28,1,1,allocated
15,2431,greenran_normal,0,0,65535_65535,2,58,1230850,53,1,1,0,8,0,26,1,1,pre_allocation
15,2431,greenran_normal,0,0,65535_65535,2,58,1230850,60,1,1,1,9,60,26,1,1,allocated
15,2431,greenran_normal,0,0,65535_65535,2,63,1230783,57,1,1,0,8,0,28,1,1,pre_allocation
15,2431,greenran_normal,0,0,65535_65535,2,63,1230783,65,1,1,1,9,65,28,1,1,allocated
15,2431,greenran_normal,0,0,65535_65535,2,62,1230783,57,1,1,0,8,0,28,1,1,pre_allocation
15,2431,greenran_normal,0,0,65535_65535,2,62,1230783,65,1,1,1,9,65,28,1,1,allocated
15,2431,greenran_normal,0,0,65535_65535,2,61,1230783,57,1,1,0,8,0,28,1,1,pre_allocation
15,2431,greenran_normal,0,0,65535_65535,2,61,1230783,65,1,1,1,9,65,28,1,1,allocated
15,2431,greenran_normal,0,0,65535_65535,2,39,1230783,53,1,1,0,8,0,26,1,1,pre_allocation
15,2431,greenran_normal,0,0,65535_65535,2,39,1230783,60,1,1,1,9,60,26,1,1,allocated
15,2431,greenran_normal,0,0,65535_65535,2,35,1230779,57,1,1,0,8,0,28,1,1,pre_allocation
15,2431,greenran_normal,0,0,65535_65535,2,35,1230779,65,1,1,1,9,65,28,1,1,allocated
17,2648,greenran_normal,0,0,65535_65535,0,4,43514,0,1,1,0,0,0,22,1,1,pre_allocation
17,2648,greenran_normal,0,0,65535_65535,0,4,43514,2,1,1,1,1,2,22,1,1,allocated
17,2648,greenran_normal,0,0,65535_65535,0,3,42953,0,1,1,0,0,0,28,1,1,pre_allocation
17,2648,greenran_normal,0,0,65535_65535,0,3,42953,4,1,1,1,1,4,28,1,1,allocated
17,2648,greenran_normal,0,0,65535_65535,0,5,42953,0,1,1,0,0,0,28,1,1,pre_allocation
17,2648,greenran_normal,0,0,65535_65535,0,5,42953,4,1,1,1,1,4,28,1,1,allocated
17,2648,greenran_normal,0,0,65535_65535,0,1,42953,0,1,1,0,0,0,28,1,1,pre_allocation
17,2648,greenran_normal,0,0,65535_65535,0,1,42953,4,1,1,1,1,4,28,1,1,allocated
17,2648,greenran_normal,0,0,65535_65535,0,2,42953,0,1,1,0,0,0,28,1,1,pre_allocation
17,2648,greenran_normal,0,0,65535_65535,0,2,42953,4,1,1,1,1,4,28,1,1,allocated
17,2648,greenran_normal,0,0,65535_65535,0,4,43514,2,1,1,0,1,0,22,1,1,pre_allocation
17,2648,greenran_normal,0,0,65535_65535,0,4,43514,7,1,1,1,2,7,22,1,1,allocated
17,2648,greenran_normal,0,0,65535_65535,0,3,42953,4,1,1,0,1,0,28,1,1,pre_allocation
17,2648,greenran_normal,0,0,65535_65535,0,3,42953,12,1,1,1,2,12,28,1,1,allocated
17,2648,greenran_normal,0,0,65535_65535,0,5,42953,4,1,1,0,1,0,28,1,1,pre_allocation
17,2648,greenran_normal,0,0,65535_65535,0,5,42953,12,1,1,1,2,12,28,1,1,allocated
17,2648,greenran_normal,0,0,65535_65535,0,1,42953,4,1,1,0,1,0,28,1,1,pre_allocation
17,2648,greenran_normal,0,0,65535_65535,0,1,42953,12,1,1,1,2,12,28,1,1,allocated
17,2648,greenran_normal,0,0,65535_65535,0,2,42953,4,1,1,0,1,0,28,1,1,pre_allocation
17,2648,greenran_normal,0,0,65535_65535,0,2,42953,12,1,1,1,2,12,28,1,1,allocated
17,2648,greenran_normal,0,0,65535_65535,0,4,43514,7,1,1,0,2,0,22,1,1,pre_allocation
17,2648,greenran_normal,0,0,65535_65535,0,4,43514,13,1,1,1,3,13,22,1,1,allocated
17,2648,greenran_normal,0,0,65535_65535,0,3,42953,12,1,1,0,2,0,28,1,1,pre_allocation
17,2648,greenran_normal,0,0,65535_65535,0,3,42953,19,1,1,1,3,19,28,1,1,allocated
17,2648,greenran_normal,0,0,65535_65535,0,5,42953,12,1,1,0,2,0,28,1,1,pre_allocation
17,2648,greenran_normal,0,0,65535_65535,0,5,42953,19,1,1,1,3,19,28,1,1,allocated
17,2648,greenran_normal,0,0,65535_65535,0,1,42953,12,1,1,0,2,0,28,1,1,pre_allocation
17,2648,greenran_normal,0,0,65535_65535,0,1,42953,19,1,1,1,3,19,28,1,1,allocated
17,2648,greenran_normal,0,0,65535_65535,0,2,42953,12,1,1,0,2,0,28,1,1,pre_allocation
17,2648,greenran_normal,0,0,65535_65535,0,2,42953,19,1,1,1,3,19,28,1,1,allocated
17,2648,greenran_normal,0,0,65535_65535,0,4,43514,13,1,1,0,3,0,22,1,1,pre_allocation
17,2648,greenran_normal,0,0,65535_65535,0,4,43514,18,1,1,1,4,18,22,1,1,allocated
17,2648,greenran_normal,0,0,65535_65535,0,3,42953,19,1,1,0,3,0,28,1,1,pre_allocation
17,2648,greenran_normal,0,0,65535_65535,0,3,42953,27,1,1,1,4,27,28,1,1,allocated
17,2648,greenran_normal,0,0,65535_65535,0,5,42953,19,1,1,0,3,0,28,1,1,pre_allocation
17,2648,greenran_normal,0,0,65535_65535,0,5,42953,27,1,1,1,4,27,28,1,1,allocated
17,2648,greenran_normal,0,0,65535_65535,0,1,42953,19,1,1,0,3,0,28,1,1,pre_allocation
17,2648,greenran_normal,0,0,65535_65535,0,1,42953,27,1,1,1,4,27,28,1,1,allocated
17,2648,greenran_normal,0,0,65535_65535,0,2,42953,19,1,1,0,3,0,28,1,1,pre_allocation
17,2648,greenran_normal,0,0,65535_65535,0,2,42953,27,1,1,1,4,27,28,1,1,allocated
17,2648,greenran_normal,0,0,65535_65535,0,4,43514,18,1,1,0,4,0,22,1,1,pre_allocation
17,2648,greenran_normal,0,0,65535_65535,0,4,43514,23,1,1,1,5,23,22,1,1,allocated
17,2648,greenran_normal,0,0,65535_65535,0,3,42953,27,1,1,0,4,0,28,1,1,pre_allocation
17,2648,greenran_normal,0,0,65535_65535,0,3,42953,34,1,1,1,5,34,28,1,1,allocated
17,2648,greenran_normal,0,0,65535_65535,0,5,42953,27,1,1,0,4,0,28,1,1,pre_allocation
17,2648,greenran_normal,0,0,65535_65535,0,5,42953,34,1,1,1,5,34,28,1,1,allocated
17,2648,greenran_normal,0,0,65535_65535,0,1,42953,27,1,1,0,4,0,28,1,1,pre_allocation
17,2648,greenran_normal,0,0,65535_65535,0,1,42953,34,1,1,1,5,34,28,1,1,allocated
17,2648,greenran_normal,0,0,65535_65535,0,2,42953,27,1,1,0,4,0,28,1,1,pre_allocation
17,2648,greenran_normal,0,0,65535_65535,0,2,42953,34,1,1,1,5,34,28,1,1,allocated
17,2648,greenran_normal,0,0,65535_65535,0,4,43514,23,1,1,0,5,0,22,1,1,pre_allocation
17,2648,greenran_normal,0,0,65535_65535,0,4,43514,29,1,1,1,6,29,22,1,1,allocated
17,2648,greenran_normal,0,0,65535_65535,0,3,42953,34,1,1,0,5,0,28,1,1,pre_allocation
17,2648,greenran_normal,0,0,65535_65535,0,3,42953,42,1,1,1,6,42,28,1,1,allocated
17,2648,greenran_normal,0,0,65535_65535,0,5,42953,34,1,1,0,5,0,28,1,1,pre_allocation
17,2648,greenran_normal,0,0,65535_65535,0,5,42953,42,1,1,1,6,42,28,1,1,allocated
17,2648,greenran_normal,0,0,65535_65535,0,1,42953,34,1,1,0,5,0,28,1,1,pre_allocation
17,2648,greenran_normal,0,0,65535_65535,0,1,42953,42,1,1,1,6,42,28,1,1,allocated
17,2648,greenran_normal,0,0,65535_65535,0,2,42953,34,1,1,0,5,0,28,1,1,pre_allocation
17,2648,greenran_normal,0,0,65535_65535,0,2,42953,42,1,1,1,6,42,28,1,1,allocated
17,2648,greenran_normal,0,0,65535_65535,0,4,43514,29,1,1,0,6,0,22,1,1,pre_allocation
17,2648,greenran_normal,0,0,65535_65535,0,4,43514,34,1,1,1,7,34,22,1,1,allocated
17,2648,greenran_normal,0,0,65535_65535,0,3,42953,42,1,1,0,6,0,28,1,1,pre_allocation
17,2648,greenran_normal,0,0,65535_65535,0,3,42953,50,1,1,1,7,50,28,1,1,allocated
17,2648,greenran_normal,0,0,65535_65535,0,5,42953,42,1,1,0,6,0,28,1,1,pre_allocation
17,2648,greenran_normal,0,0,65535_65535,0,5,42953,50,1,1,1,7,50,28,1,1,allocated
17,2648,greenran_normal,0,0,65535_65535,0,1,42953,42,1,1,0,6,0,28,1,1,pre_allocation
17,2648,greenran_normal,0,0,65535_65535,0,1,42953,50,1,1,1,7,50,28,1,1,allocated
17,2648,greenran_normal,0,0,65535_65535,0,2,42953,42,1,1,0,6,0,28,1,1,pre_allocation
17,2648,greenran_normal,0,0,65535_65535,0,2,42953,50,1,1,1,7,50,28,1,1,allocated
17,2648,greenran_normal,0,0,65535_65535,0,4,43514,34,1,1,0,7,0,22,1,1,pre_allocation
17,2648,greenran_normal,0,0,65535_65535,0,4,43514,39,1,1,1,8,39,22,1,1,allocated
17,2648,greenran_normal,0,0,65535_65535,0,3,42953,50,1,1,0,7,0,28,1,1,pre_allocation
17,2648,greenran_normal,0,0,65535_65535,0,3,42953,57,1,1,1,8,57,28,1,1,allocated
17,2648,greenran_normal,0,0,65535_65535,0,5,42953,50,1,1,0,7,0,28,1,1,pre_allocation
17,2648,greenran_normal,0,0,65535_65535,0,5,42953,57,1,1,1,8,57,28,1,1,allocated
17,2648,greenran_normal,0,0,65535_65535,0,1,42953,50,1,1,0,7,0,28,1,1,pre_allocation
17,2648,greenran_normal,0,0,65535_65535,0,1,42953,57,1,1,1,8,57,28,1,1,allocated
17,2648,greenran_normal,0,0,65535_65535,0,2,42953,50,1,1,0,7,0,28,1,1,pre_allocation
17,2648,greenran_normal,0,0,65535_65535,0,2,42953,57,1,1,1,8,57,28,1,1,allocated
17,2648,greenran_normal,0,0,65535_65535,0,4,43514,39,1,1,0,8,0,22,1,1,pre_allocation
17,2648,greenran_normal,0,0,65535_65535,0,4,43514,45,1,1,1,9,45,22,1,1,allocated
17,2648,greenran_normal,0,0,65535_65535,0,3,42953,57,1,1,0,8,0,28,1,1,pre_allocation
17,2648,greenran_normal,0,0,65535_65535,0,3,42953,65,1,1,1,9,65,28,1,1,allocated
17,2648,greenran_normal,0,0,65535_65535,0,5,42953,57,1,1,0,8,0,28,1,1,pre_allocation
17,2648,greenran_normal,0,0,65535_65535,0,5,42953,65,1,1,1,9,65,28,1,1,allocated
17,2648,greenran_normal,0,0,65535_65535,0,1,42953,57,1,1,0,8,0,28,1,1,pre_allocation
17,2648,greenran_normal,0,0,65535_65535,0,1,42953,65,1,1,1,9,65,28,1,1,allocated
17,2648,greenran_normal,0,0,65535_65535,0,2,42953,57,1,1,0,8,0,28,1,1,pre_allocation
17,2648,greenran_normal,0,0,65535_65535,0,2,42953,65,1,1,1,9,65,28,1,1,allocated
17,2648,greenran_normal,0,0,65535_65535,0,4,43514,45,1,1,0,9,0,22,1,1,pre_allocation
17,2648,greenran_normal,0,0,65535_65535,0,4,43514,50,1,1,1,10,50,22,1,1,allocated
17,2648,greenran_normal,0,0,65535_65535,0,3,42953,65,1,1,0,9,0,28,1,1,pre_allocation
17,2648,greenran_normal,0,0,65535_65535,0,3,42953,72,1,1,1,10,72,28,1,1,allocated
17,2648,greenran_normal,0,0,65535_65535,0,5,42953,65,1,1,0,9,0,28,1,1,pre_allocation
17,2648,greenran_normal,0,0,65535_65535,0,5,42953,72,1,1,1,10,72,28,1,1,allocated
17,2648,greenran_normal,0,0,65535_65535,0,1,42953,65,1,1,0,9,0,28,1,1,pre_allocation
17,2648,greenran_normal,0,0,65535_65535,0,1,42953,72,1,1,1,10,72,28,1,1,allocated
17,2648,greenran_normal,0,0,65535_65535,0,2,42953,65,1,1,0,9,0,28,1,1,pre_allocation
17,2648,greenran_normal,0,0,65535_65535,0,2,42953,72,1,1,1,10,72,28,1,1,allocated
17,2648,greenran_normal,0,0,65535_65535,0,4,43514,50,1,1,0,10,0,22,1,1,pre_allocation
17,2648,greenran_normal,0,0,65535_65535,0,4,43514,55,1,1,1,11,55,22,1,1,allocated
17,2648,greenran_normal,0,0,65535_65535,0,3,42953,72,1,1,0,10,0,28,1,1,pre_allocation
17,2648,greenran_normal,0,0,65535_65535,0,3,42953,80,1,1,1,11,80,28,1,1,allocated
17,2648,greenran_normal,0,0,65535_65535,0,5,42953,72,1,1,0,10,0,28,1,1,pre_allocation
17,2648,greenran_normal,0,0,65535_65535,0,5,42953,80,1,1,1,11,80,28,1,1,allocated
17,2648,greenran_normal,0,0,65535_65535,0,1,42953,72,1,1,0,10,0,28,1,1,pre_allocation
17,2648,greenran_normal,0,0,65535_65535,0,1,42953,80,1,1,1,11,80,28,1,1,allocated
17,2648,greenran_normal,0,0,65535_65535,0,2,42953,72,1,1,0,10,0,28,1,1,pre_allocation
17,2648,greenran_normal,0,0,65535_65535,0,2,42953,80,1,1,1,11,80,28,1,1,allocated
17,2648,greenran_normal,0,0,65535_65535,0,4,43514,55,1,1,0,11,0,22,1,1,pre_allocation
17,2648,greenran_normal,0,0,65535_65535,0,4,43514,61,1,1,1,12,61,22,1,1,allocated
17,2648,greenran_normal,0,0,65535_65535,0,3,42953,80,1,1,0,11,0,28,1,1,pre_allocation
17,2648,greenran_normal,0,0,65535_65535,0,3,42953,88,1,1,1,12,88,28,1,1,allocated
17,2648,greenran_normal,0,0,65535_65535,0,5,42953,80,1,1,0,11,0,28,1,1,pre_allocation
17,2648,greenran_normal,0,0,65535_65535,0,5,42953,88,1,1,1,12,88,28,1,1,allocated
17,2648,greenran_normal,0,0,65535_65535,0,1,42953,80,1,1,0,11,0,28,1,1,pre_allocation
17,2648,greenran_normal,0,0,65535_65535,0,1,42953,88,1,1,1,12,88,28,1,1,allocated
17,2648,greenran_normal,0,0,65535_65535,0,2,42953,80,1,1,0,11,0,28,1,1,pre_allocation
17,2648,greenran_normal,0,0,65535_65535,0,2,42953,88,1,1,1,12,88,28,1,1,allocated
17,2648,greenran_normal,0,0,65535_65535,0,4,43514,61,1,1,0,12,0,22,1,1,pre_allocation
17,2648,greenran_normal,0,0,65535_65535,0,4,43514,66,1,1,1,13,66,22,1,1,allocated
17,2648,greenran_normal,0,0,65535_65535,0,3,42953,88,1,1,0,12,0,28,1,1,pre_allocation
17,2648,greenran_normal,0,0,65535_65535,0,3,42953,95,1,1,1,13,95,28,1,1,allocated
17,2648,greenran_normal,0,0,65535_65535,0,5,42953,88,1,1,0,12,0,28,1,1,pre_allocation
17,2648,greenran_normal,0,0,65535_65535,0,5,42953,95,1,1,1,13,95,28,1,1,allocated
17,2648,greenran_normal,0,0,65535_65535,0,1,42953,88,1,1,0,12,0,28,1,1,pre_allocation
17,2648,greenran_normal,0,0,65535_65535,0,1,42953,95,1,1,1,13,95,28,1,1,allocated
17,2648,greenran_normal,0,0,65535_65535,0,2,42953,88,1,1,0,12,0,28,1,1,pre_allocation
17,2648,greenran_normal,0,0,65535_65535,0,2,42953,95,1,1,1,13,95,28,1,1,allocated
17,2648,greenran_normal,0,0,65535_65535,0,4,43514,66,1,1,0,13,0,22,1,1,pre_allocation
17,2648,greenran_normal,0,0,65535_65535,0,4,43514,72,1,1,1,14,72,22,1,1,allocated
17,2648,greenran_normal,0,0,65535_65535,0,3,42953,95,1,1,0,13,0,28,1,1,pre_allocation
17,2648,greenran_normal,0,0,65535_65535,0,3,42953,103,1,1,1,14,103,28,1,1,allocated
17,2648,greenran_normal,0,0,65535_65535,0,5,42953,95,1,1,0,13,0,28,1,1,pre_allocation
17,2648,greenran_normal,0,0,65535_65535,0,5,42953,103,1,1,1,14,103,28,1,1,allocated
17,2648,greenran_normal,0,0,65535_65535,0,1,42953,95,1,1,0,13,0,28,1,1,pre_allocation
17,2648,greenran_normal,0,0,65535_65535,0,1,42953,103,1,1,1,14,103,28,1,1,allocated
17,2648,greenran_normal,0,0,65535_65535,0,2,42953,95,1,1,0,13,0,28,1,1,pre_allocation
17,2648,greenran_normal,0,0,65535_65535,0,2,42953,103,1,1,1,14,103,28,1,1,allocated
17,2648,greenran_normal,0,0,65535_65535,0,4,43514,72,1,1,0,14,0,22,1,1,pre_allocation
17,2648,greenran_normal,0,0,65535_65535,0,4,43514,77,1,1,1,15,77,22,1,1,allocated
17,2648,greenran_normal,0,0,65535_65535,0,3,42953,103,1,1,0,14,0,28,1,1,pre_allocation
17,2648,greenran_normal,0,0,65535_65535,0,3,42953,110,1,1,1,15,110,28,1,1,allocated
17,2648,greenran_normal,0,0,65535_65535,0,5,42953,103,1,1,0,14,0,28,1,1,pre_allocation
17,2648,greenran_normal,0,0,65535_65535,0,5,42953,110,1,1,1,15,110,28,1,1,allocated
17,2648,greenran_normal,0,0,65535_65535,0,1,42953,103,1,1,0,14,0,28,1,1,pre_allocation
17,2648,greenran_normal,0,0,65535_65535,0,1,42953,110,1,1,1,15,110,28,1,1,allocated
17,2648,greenran_normal,0,0,65535_65535,0,2,42953,103,1,1,0,14,0,28,1,1,pre_allocation
17,2648,greenran_normal,0,0,65535_65535,0,2,42953,110,1,1,1,15,110,28,1,1,allocated
17,2648,greenran_normal,0,0,65535_65535,0,4,43514,77,1,1,0,15,0,22,1,1,pre_allocation
17,2648,greenran_normal,0,0,65535_65535,0,4,43514,82,1,1,1,16,82,22,1,1,allocated
17,2648,greenran_normal,0,0,65535_65535,0,3,42953,110,1,1,0,15,0,28,1,1,pre_allocation
17,2648,greenran_normal,0,0,65535_65535,0,3,42953,118,1,1,1,16,118,28,1,1,allocated
17,2648,greenran_normal,0,0,65535_65535,0,5,42953,110,1,1,0,15,0,28,1,1,pre_allocation
17,2648,greenran_normal,0,0,65535_65535,0,5,42953,118,1,1,1,16,118,28,1,1,allocated
17,2648,greenran_normal,0,0,65535_65535,0,1,42953,110,1,1,0,15,0,28,1,1,pre_allocation
17,2648,greenran_normal,0,0,65535_65535,0,1,42953,118,1,1,1,16,118,28,1,1,allocated
17,2648,greenran_normal,0,0,65535_65535,0,2,42953,110,1,1,0,15,0,28,1,1,pre_allocation
17,2648,greenran_normal,0,0,65535_65535,0,2,42953,118,1,1,1,16,118,28,1,1,allocated
17,2648,greenran_normal,0,0,65535_65535,0,4,43514,82,1,1,0,16,0,22,1,1,pre_allocation
17,2648,greenran_normal,0,0,65535_65535,0,4,43514,88,1,1,1,17,88,22,1,1,allocated
17,2648,greenran_normal,0,0,65535_65535,0,3,42953,118,1,1,0,16,0,28,1,1,pre_allocation
17,2648,greenran_normal,0,0,65535_65535,0,3,42953,126,1,1,1,17,126,28,1,1,allocated
17,2648,greenran_normal,0,0,65535_65535,0,5,42953,118,1,1,0,16,0,28,1,1,pre_allocation
17,2648,greenran_normal,0,0,65535_65535,0,5,42953,126,1,1,1,17,126,28,1,1,allocated
17,2648,greenran_normal,0,0,65535_65535,0,1,42953,118,1,1,0,16,0,28,1,1,pre_allocation
17,2648,greenran_normal,0,0,65535_65535,0,1,42953,126,1,1,1,17,126,28,1,1,allocated
17,2648,greenran_normal,0,0,65535_65535,0,2,42953,118,1,1,0,16,0,28,1,1,pre_allocation
17,2648,greenran_normal,0,0,65535_65535,0,2,42953,126,1,1,1,17,126,28,1,1,allocated
17,2648,greenran_normal,0,0,65535_65535,0,4,43514,88,1,1,0,17,0,22,1,1,pre_allocation
17,2648,greenran_normal,0,0,65535_65535,0,4,43514,93,1,1,1,18,93,22,1,1,allocated
17,2648,greenran_normal,0,0,65535_65535,0,3,42953,126,1,1,0,17,0,28,1,1,pre_allocation
17,2648,greenran_normal,0,0,65535_65535,0,3,42953,133,1,1,1,18,133,28,1,1,allocated
17,2648,greenran_normal,0,0,65535_65535,0,5,42953,126,1,1,0,17,0,28,1,1,pre_allocation
17,2648,greenran_normal,0,0,65535_65535,0,5,42953,133,1,1,1,18,133,28,1,1,allocated
17,2648,greenran_normal,0,0,65535_65535,0,1,42953,126,1,1,0,17,0,28,1,1,pre_allocation
17,2648,greenran_normal,0,0,65535_65535,0,1,42953,133,1,1,1,18,133,28,1,1,allocated
17,2648,greenran_normal,0,0,65535_65535,0,2,42953,126,1,1,0,17,0,28,1,1,pre_allocation
17,2648,greenran_normal,0,0,65535_65535,0,2,42953,133,1,1,1,18,133,28,1,1,allocated
17,2648,greenran_normal,0,0,65535_65535,0,4,43514,93,1,1,0,18,0,22,1,1,pre_allocation
17,2648,greenran_normal,0,0,65535_65535,0,4,43514,98,1,1,1,19,98,22,1,1,allocated
17,2648,greenran_normal,0,0,65535_65535,0,3,42953,133,1,1,0,18,0,28,1,1,pre_allocation
17,2648,greenran_normal,0,0,65535_65535,0,3,42953,141,1,1,1,19,141,28,1,1,allocated
17,2648,greenran_normal,0,0,65535_65535,0,5,42953,133,1,1,0,18,0,28,1,1,pre_allocation
17,2648,greenran_normal,0,0,65535_65535,0,5,42953,141,1,1,1,19,141,28,1,1,allocated
17,2648,greenran_normal,0,0,65535_65535,0,1,42953,133,1,1,0,18,0,28,1,1,pre_allocation
17,2648,greenran_normal,0,0,65535_65535,0,1,42953,141,1,1,1,19,141,28,1,1,allocated
17,2648,greenran_normal,0,0,65535_65535,0,2,42953,133,1,1,0,18,0,28,1,1,pre_allocation
17,2648,greenran_normal,0,0,65535_65535,0,2,42953,141,1,1,1,19,141,28,1,1,allocated
17,2648,greenran_normal,0,0,65535_65535,0,4,43514,98,1,1,0,19,0,22,1,1,pre_allocation
17,2648,greenran_normal,0,0,65535_65535,0,4,43514,104,1,1,1,20,104,22,1,1,allocated
17,2648,greenran_normal,0,0,65535_65535,0,3,42953,141,1,1,0,19,0,28,1,1,pre_allocation
17,2648,greenran_normal,0,0,65535_65535,0,3,42953,148,1,1,1,20,148,28,1,1,allocated
17,2648,greenran_normal,0,0,65535_65535,0,5,42953,141,1,1,0,19,0,28,1,1,pre_allocation
17,2648,greenran_normal,0,0,65535_65535,0,5,42953,148,1,1,1,20,148,28,1,1,allocated
17,2648,greenran_normal,0,0,65535_65535,0,1,42953,141,1,1,0,19,0,28,1,1,pre_allocation
17,2648,greenran_normal,0,0,65535_65535,0,1,42953,148,1,1,1,20,148,28,1,1,allocated
17,2648,greenran_normal,0,0,65535_65535,0,2,42953,141,1,1,0,19,0,28,1,1,pre_allocation
17,2648,greenran_normal,0,0,65535_65535,0,2,42953,148,1,1,1,20,148,28,1,1,allocated
17,2648,greenran_normal,0,0,65535_65535,0,4,43514,104,1,1,0,20,0,22,1,1,pre_allocation
17,2648,greenran_normal,0,0,65535_65535,0,4,43514,109,1,1,1,21,109,22,1,1,allocated
17,2648,greenran_normal,0,0,65535_65535,0,3,42953,148,1,1,0,20,0,28,1,1,pre_allocation
17,2648,greenran_normal,0,0,65535_65535,0,3,42953,156,1,1,1,21,156,28,1,1,allocated
17,2648,greenran_normal,0,0,65535_65535,0,5,42953,148,1,1,0,20,0,28,1,1,pre_allocation
17,2648,greenran_normal,0,0,65535_65535,0,5,42953,156,1,1,1,21,156,28,1,1,allocated
17,2648,greenran_normal,0,0,65535_65535,0,1,42953,148,1,1,0,20,0,28,1,1,pre_allocation
17,2648,greenran_normal,0,0,65535_65535,0,1,42953,156,1,1,1,21,156,28,1,1,allocated
17,2648,greenran_normal,0,0,65535_65535,0,2,42953,148,1,1,0,20,0,28,1,1,pre_allocation
17,2648,greenran_normal,0,0,65535_65535,0,2,42953,156,1,1,1,21,156,28,1,1,allocated
17,2648,greenran_normal,0,0,65535_65535,0,4,43514,109,1,1,0,21,0,22,1,1,pre_allocation
17,2648,greenran_normal,0,0,65535_65535,0,4,43514,114,1,1,1,22,114,22,1,1,allocated
17,2648,greenran_normal,0,0,65535_65535,0,3,42953,156,1,1,0,21,0,28,1,1,pre_allocation
17,2648,greenran_normal,0,0,65535_65535,0,3,42953,163,1,1,1,22,163,28,1,1,allocated
17,2648,greenran_normal,0,0,65535_65535,0,5,42953,156,1,1,0,21,0,28,1,1,pre_allocation
17,2648,greenran_normal,0,0,65535_65535,0,5,42953,163,1,1,1,22,163,28,1,1,allocated
17,2648,greenran_normal,0,0,65535_65535,0,1,42953,156,1,1,0,21,0,28,1,1,pre_allocation
17,2648,greenran_normal,0,0,65535_65535,0,1,42953,163,1,1,1,22,163,28,1,1,allocated
17,2648,greenran_normal,0,0,65535_65535,0,2,42953,156,1,1,0,21,0,28,1,1,pre_allocation
17,2648,greenran_normal,0,0,65535_65535,0,2,42953,163,1,1,1,22,163,28,1,1,allocated
17,2648,greenran_normal,0,0,65535_65535,0,4,43514,114,1,1,0,22,0,22,1,1,pre_allocation
17,2648,greenran_normal,0,0,65535_65535,0,4,43514,120,1,1,1,23,120,22,1,1,allocated
17,2648,greenran_normal,0,0,65535_65535,0,3,42953,163,1,1,0,22,0,28,1,1,pre_allocation
17,2648,greenran_normal,0,0,65535_65535,0,3,42953,171,1,1,1,23,171,28,1,1,allocated
17,2648,greenran_normal,0,0,65535_65535,0,5,42953,163,1,1,0,22,0,28,1,1,pre_allocation
17,2648,greenran_normal,0,0,65535_65535,0,5,42953,171,1,1,1,23,171,28,1,1,allocated
17,2648,greenran_normal,0,0,65535_65535,0,1,42953,163,1,1,0,22,0,28,1,1,pre_allocation
17,2648,greenran_normal,0,0,65535_65535,0,1,42953,171,1,1,1,23,171,28,1,1,allocated
17,2648,greenran_normal,0,0,65535_65535,0,2,42953,163,1,1,0,22,0,28,1,1,pre_allocation
17,2648,greenran_normal,0,0,65535_65535,0,2,42953,171,1,1,1,23,171,28,1,1,allocated
17,2648,greenran_normal,0,0,65535_65535,0,4,43514,120,1,1,0,23,0,22,1,1,pre_allocation
17,2648,greenran_normal,0,0,65535_65535,0,4,43514,125,1,1,1,24,125,22,1,1,allocated
17,2648,greenran_normal,0,0,65535_65535,0,3,42953,171,1,1,0,23,0,28,1,1,pre_allocation
17,2648,greenran_normal,0,0,65535_65535,0,3,42953,179,1,1,1,24,179,28,1,1,allocated
17,2648,greenran_normal,0,0,65535_65535,0,5,42953,171,1,1,0,23,0,28,1,1,pre_allocation
17,2648,greenran_normal,0,0,65535_65535,0,5,42953,179,1,1,1,24,179,28,1,1,allocated
17,2648,greenran_normal,0,0,65535_65535,0,1,42953,171,1,1,0,23,0,28,1,1,pre_allocation
17,2648,greenran_normal,0,0,65535_65535,0,1,42953,179,1,1,1,24,179,28,1,1,allocated
17,2648,greenran_normal,0,0,65535_65535,0,2,42953,171,1,1,0,23,0,28,1,1,pre_allocation
17,2648,greenran_normal,0,0,65535_65535,0,2,42953,179,1,1,1,24,179,28,1,1,allocated
17,2648,greenran_normal,0,0,65535_65535,0,4,43514,125,1,1,0,24,0,22,1,1,pre_allocation
17,2648,greenran_normal,0,0,65535_65535,0,4,43514,131,1,1,1,25,131,22,1,1,allocated
17,2648,greenran_normal,0,0,65535_65535,0,3,42953,179,1,1,0,24,0,28,1,1,pre_allocation
17,2648,greenran_normal,0,0,65535_65535,0,3,42953,186,1,1,1,25,186,28,1,1,allocated
17,2648,greenran_normal,0,0,65535_65535,0,5,42953,179,1,1,0,24,0,28,1,1,pre_allocation
17,2648,greenran_normal,0,0,65535_65535,0,5,42953,186,1,1,1,25,186,28,1,1,allocated
17,2648,greenran_normal,0,0,65535_65535,0,1,42953,179,1,1,0,24,0,28,1,1,pre_allocation
17,2648,greenran_normal,0,0,65535_65535,0,1,42953,186,1,1,1,25,186,28,1,1,allocated
17,2648,greenran_normal,0,0,65535_65535,0,2,42953,179,1,1,0,24,0,28,1,1,pre_allocation
17,2648,greenran_normal,0,0,65535_65535,0,2,42953,186,1,1,1,25,186,28,1,1,allocated
17,2648,greenran_normal,0,0,65535_65535,0,4,43514,131,1,1,0,25,0,22,1,1,pre_allocation
17,2648,greenran_normal,0,0,65535_65535,0,4,43514,136,1,1,1,26,136,22,1,1,allocated
17,2648,greenran_normal,0,0,65535_65535,0,3,42953,186,1,1,0,25,0,28,1,1,pre_allocation
17,2648,greenran_normal,0,0,65535_65535,0,3,42953,194,1,1,1,26,194,28,1,1,allocated
17,2648,greenran_normal,0,0,65535_65535,0,5,42953,186,1,1,0,25,0,28,1,1,pre_allocation
17,2648,greenran_normal,0,0,65535_65535,0,5,42953,194,1,1,1,26,194,28,1,1,allocated
17,2648,greenran_normal,0,0,65535_65535,0,1,42953,186,1,1,0,25,0,28,1,1,pre_allocation
17,2648,greenran_normal,0,0,65535_65535,0,1,42953,194,1,1,1,26,194,28,1,1,allocated
17,2648,greenran_normal,0,0,65535_65535,0,2,42953,186,1,1,0,25,0,28,1,1,pre_allocation
17,2648,greenran_normal,0,0,65535_65535,0,2,42953,194,1,1,1,26,194,28,1,1,allocated
17,2648,greenran_normal,0,0,65535_65535,0,4,43514,136,1,1,0,26,0,22,1,1,pre_allocation
17,2648,greenran_normal,0,0,65535_65535,0,4,43514,141,1,1,1,27,141,22,1,1,allocated
17,2648,greenran_normal,0,0,65535_65535,0,3,42953,194,1,1,0,26,0,28,1,1,pre_allocation
17,2648,greenran_normal,0,0,65535_65535,0,3,42953,201,1,1,1,27,201,28,1,1,allocated
17,2648,greenran_normal,0,0,65535_65535,0,5,42953,194,1,1,0,26,0,28,1,1,pre_allocation
17,2648,greenran_normal,0,0,65535_65535,0,5,42953,201,1,1,1,27,201,28,1,1,allocated
17,2648,greenran_normal,0,0,65535_65535,0,1,42953,194,1,1,0,26,0,28,1,1,pre_allocation
17,2648,greenran_normal,0,0,65535_65535,0,1,42953,201,1,1,1,27,201,28,1,1,allocated
17,2648,greenran_normal,0,0,65535_65535,0,2,42953,194,1,1,0,26,0,28,1,1,pre_allocation
17,2648,greenran_normal,0,0,65535_65535,0,2,42953,201,1,1,1,27,201,28,1,1,allocated
17,2648,greenran_normal,0,0,65535_65535,0,4,43514,141,1,1,0,27,0,22,1,1,pre_allocation
17,2648,greenran_normal,0,0,65535_65535,0,4,43514,147,1,1,1,28,147,22,1,1,allocated
17,2648,greenran_normal,0,0,65535_65535,0,3,42953,201,1,1,0,27,0,28,1,1,pre_allocation
17,2648,greenran_normal,0,0,65535_65535,0,3,42953,209,1,1,1,28,209,28,1,1,allocated
17,2648,greenran_normal,0,0,65535_65535,0,5,42953,201,1,1,0,27,0,28,1,1,pre_allocation
17,2648,greenran_normal,0,0,65535_65535,0,5,42953,209,1,1,1,28,209,28,1,1,allocated
17,2648,greenran_normal,0,0,65535_65535,0,1,42953,201,1,1,0,27,0,28,1,1,pre_allocation
17,2648,greenran_normal,0,0,65535_65535,0,1,42953,209,1,1,1,28,209,28,1,1,allocated
17,2648,greenran_normal,0,0,65535_65535,0,2,42953,201,1,1,0,27,0,28,1,1,pre_allocation
17,2648,greenran_normal,0,0,65535_65535,0,2,42953,209,1,1,1,28,209,28,1,1,allocated
17,2648,greenran_normal,0,0,65535_65535,0,4,43514,147,1,1,0,28,0,22,1,1,pre_allocation
17,2648,greenran_normal,0,0,65535_65535,0,4,43514,152,1,1,1,29,152,22,1,1,allocated
17,2648,greenran_normal,0,0,65535_65535,0,3,42953,209,1,1,0,28,0,28,1,1,pre_allocation
17,2648,greenran_normal,0,0,65535_65535,0,3,42953,217,1,1,1,29,217,28,1,1,allocated
17,2648,greenran_normal,0,0,65535_65535,0,5,42953,209,1,1,0,28,0,28,1,1,pre_allocation
17,2648,greenran_normal,0,0,65535_65535,0,5,42953,217,1,1,1,29,217,28,1,1,allocated
17,2648,greenran_normal,0,0,65535_65535,0,1,42953,209,1,1,0,28,0,28,1,1,pre_allocation
17,2648,greenran_normal,0,0,65535_65535,0,1,42953,217,1,1,1,29,217,28,1,1,allocated
17,2648,greenran_normal,0,0,65535_65535,0,2,42953,209,1,1,0,28,0,28,1,1,pre_allocation
17,2648,greenran_normal,0,0,65535_65535,0,2,42953,217,1,1,1,29,217,28,1,1,allocated
17,2648,greenran_normal,0,0,65535_65535,0,4,43514,152,1,1,0,29,0,22,1,1,pre_allocation
17,2648,greenran_normal,0,0,65535_65535,0,4,43514,157,1,1,1,30,157,22,1,1,allocated
17,2648,greenran_normal,0,0,65535_65535,0,3,42953,217,1,1,0,29,0,28,1,1,pre_allocation
17,2648,greenran_normal,0,0,65535_65535,0,3,42953,224,1,1,1,30,224,28,1,1,allocated
17,2648,greenran_normal,0,0,65535_65535,0,5,42953,217,1,1,0,29,0,28,1,1,pre_allocation
17,2648,greenran_normal,0,0,65535_65535,0,5,42953,224,1,1,1,30,224,28,1,1,allocated
17,2648,greenran_normal,0,0,65535_65535,0,1,42953,217,1,1,0,29,0,28,1,1,pre_allocation
17,2648,greenran_normal,0,0,65535_65535,0,1,42953,224,1,1,1,30,224,28,1,1,allocated
17,2648,greenran_normal,0,0,65535_65535,0,2,42953,217,1,1,0,29,0,28,1,1,pre_allocation
17,2648,greenran_normal,0,0,65535_65535,0,2,42953,224,1,1,1,30,224,28,1,1,allocated
17,2648,greenran_normal,0,0,65535_65535,0,4,43514,157,1,1,0,30,0,22,1,1,pre_allocation
17,2648,greenran_normal,0,0,65535_65535,0,4,43514,163,1,1,1,31,163,22,1,1,allocated
17,2648,greenran_normal,0,0,65535_65535,0,3,42953,224,1,1,0,30,0,28,1,1,pre_allocation
17,2648,greenran_normal,0,0,65535_65535,0,3,42953,232,1,1,1,31,232,28,1,1,allocated
17,2648,greenran_normal,0,0,65535_65535,0,5,42953,224,1,1,0,30,0,28,1,1,pre_allocation
17,2648,greenran_normal,0,0,65535_65535,0,5,42953,232,1,1,1,31,232,28,1,1,allocated
17,2648,greenran_normal,0,0,65535_65535,0,1,42953,224,1,1,0,30,0,28,1,1,pre_allocation
17,2648,greenran_normal,0,0,65535_65535,0,1,42953,232,1,1,1,31,232,28,1,1,allocated
17,2648,greenran_normal,0,0,65535_65535,0,2,42953,224,1,1,0,30,0,28,1,1,pre_allocation
17,2648,greenran_normal,0,0,65535_65535,0,2,42953,232,1,1,1,31,232,28,1,1,allocated
17,2648,greenran_normal,0,0,65535_65535,0,4,43514,163,1,1,0,31,0,22,1,1,pre_allocation
17,2648,greenran_normal,0,0,65535_65535,0,4,43514,168,1,1,1,32,168,22,1,1,allocated
17,2648,greenran_normal,0,0,65535_65535,0,3,42953,232,1,1,0,31,0,28,1,1,pre_allocation
17,2648,greenran_normal,0,0,65535_65535,0,3,42953,239,1,1,1,32,239,28,1,1,allocated
17,2648,greenran_normal,0,0,65535_65535,0,5,42953,232,1,1,0,31,0,28,1,1,pre_allocation
17,2648,greenran_normal,0,0,65535_65535,0,5,42953,239,1,1,1,32,239,28,1,1,allocated
17,2648,greenran_normal,0,0,65535_65535,0,1,42953,232,1,1,0,31,0,28,1,1,pre_allocation
17,2648,greenran_normal,0,0,65535_65535,0,1,42953,239,1,1,1,32,239,28,1,1,allocated
17,2648,greenran_normal,0,0,65535_65535,0,2,42953,232,1,1,0,31,0,28,1,1,pre_allocation
17,2648,greenran_normal,0,0,65535_65535,0,2,42953,239,1,1,1,32,239,28,1,1,allocated
17,2648,greenran_normal,0,0,65535_65535,0,4,43514,168,1,1,0,32,0,22,1,1,pre_allocation
17,2648,greenran_normal,0,0,65535_65535,0,4,43514,173,1,1,1,33,173,22,1,1,allocated
17,2648,greenran_normal,0,0,65535_65535,0,3,42953,239,1,1,0,32,0,28,1,1,pre_allocation
17,2648,greenran_normal,0,0,65535_65535,0,3,42953,247,1,1,1,33,247,28,1,1,allocated
17,2648,greenran_normal,0,0,65535_65535,0,5,42953,239,1,1,0,32,0,28,1,1,pre_allocation
17,2648,greenran_normal,0,0,65535_65535,0,5,42953,247,1,1,1,33,247,28,1,1,allocated
17,2648,greenran_normal,0,0,65535_65535,0,1,42953,239,1,1,0,32,0,28,1,1,pre_allocation
17,2648,greenran_normal,0,0,65535_65535,0,1,42953,247,1,1,1,33,247,28,1,1,allocated
17,2648,greenran_normal,0,0,65535_65535,0,2,42953,239,1,1,0,32,0,28,1,1,pre_allocation
17,2648,greenran_normal,0,0,65535_65535,0,2,42953,247,1,1,1,33,247,28,1,1,allocated
17,2648,greenran_normal,0,0,65535_65535,0,4,43514,173,1,1,0,33,0,22,1,1,pre_allocation
17,2648,greenran_normal,0,0,65535_65535,0,4,43514,179,1,1,1,34,179,22,1,1,allocated
17,2648,greenran_normal,0,0,65535_65535,0,3,42953,247,1,1,0,33,0,28,1,1,pre_allocation
17,2648,greenran_normal,0,0,65535_65535,0,3,42953,255,1,1,1,34,255,28,1,1,allocated
17,2648,greenran_normal,0,0,65535_65535,0,5,42953,247,1,1,0,33,0,28,1,1,pre_allocation
17,2648,greenran_normal,0,0,65535_65535,0,5,42953,255,1,1,1,34,255,28,1,1,allocated
17,2648,greenran_normal,0,0,65535_65535,0,1,42953,247,1,1,0,33,0,28,1,1,pre_allocation
17,2648,greenran_normal,0,0,65535_65535,0,1,42953,255,1,1,1,34,255,28,1,1,allocated
17,2648,greenran_normal,0,0,65535_65535,0,2,42953,247,1,1,0,33,0,28,1,1,pre_allocation
17,2648,greenran_normal,0,0,65535_65535,0,2,42953,255,1,1,1,34,255,28,1,1,allocated
17,2648,greenran_normal,0,0,65535_65535,2,38,1370443,0,1,1,0,0,0,15,1,1,pre_allocation
17,2648,greenran_normal,0,0,65535_65535,2,38,1370443,2,1,1,1,1,2,15,1,1,allocated
17,2648,greenran_normal,0,0,65535_65535,2,60,1370235,0,1,1,0,0,0,12,1,1,pre_allocation
17,2648,greenran_normal,0,0,65535_65535,2,60,1370235,2,1,1,1,1,2,12,1,1,allocated
17,2648,greenran_normal,0,0,65535_65535,2,64,1370145,0,1,1,0,0,0,16,1,1,pre_allocation
17,2648,greenran_normal,0,0,65535_65535,2,64,1370145,0,1,1,1,1,0,16,1,1,allocated
17,2648,greenran_normal,0,0,65535_65535,2,43,1369975,0,1,1,0,0,0,22,1,1,pre_allocation
17,2648,greenran_normal,0,0,65535_65535,2,43,1369975,2,1,1,1,1,2,22,1,1,allocated
17,2648,greenran_normal,0,0,65535_65535,2,42,1369761,0,1,1,0,0,0,22,1,1,pre_allocation
17,2648,greenran_normal,0,0,65535_65535,2,42,1369761,2,1,1,1,1,2,22,1,1,allocated
17,2648,greenran_normal,0,0,65535_65535,2,36,1369635,0,1,1,0,0,0,24,1,1,pre_allocation
17,2648,greenran_normal,0,0,65535_65535,2,36,1369635,3,1,1,1,1,3,24,1,1,allocated
17,2648,greenran_normal,0,0,65535_65535,2,58,1369644,0,1,1,0,0,0,26,1,1,pre_allocation
17,2648,greenran_normal,0,0,65535_65535,2,58,1369644,4,1,1,1,1,4,26,1,1,allocated
17,2648,greenran_normal,0,0,65535_65535,2,39,1369580,0,1,1,0,0,0,28,1,1,pre_allocation
17,2648,greenran_normal,0,0,65535_65535,2,39,1369580,4,1,1,1,1,4,28,1,1,allocated
17,2648,greenran_normal,0,0,65535_65535,2,40,1369579,0,1,1,0,0,0,28,1,1,pre_allocation
17,2648,greenran_normal,0,0,65535_65535,2,40,1369579,4,1,1,1,1,4,28,1,1,allocated
17,2648,greenran_normal,0,0,65535_65535,2,63,1369575,0,1,1,0,0,0,28,1,1,pre_allocation
17,2648,greenran_normal,0,0,65535_65535,2,63,1369575,4,1,1,1,1,4,28,1,1,allocated
17,2648,greenran_normal,0,0,65535_65535,2,62,1369575,0,1,1,0,0,0,28,1,1,pre_allocation
17,2648,greenran_normal,0,0,65535_65535,2,62,1369575,4,1,1,1,1,4,28,1,1,allocated
17,2648,greenran_normal,0,0,65535_65535,2,61,1369575,0,1,1,0,0,0,28,1,1,pre_allocation
17,2648,greenran_normal,0,0,65535_65535,2,61,1369575,4,1,1,1,1,4,28,1,1,allocated
17,2648,greenran_normal,0,0,65535_65535,2,59,1369606,0,1,1,0,0,0,28,1,1,pre_allocation
17,2648,greenran_normal,0,0,65535_65535,2,59,1369606,4,1,1,1,1,4,28,1,1,allocated
17,2648,greenran_normal,0,0,65535_65535,2,35,1369571,0,1,1,0,0,0,28,1,1,pre_allocation
17,2648,greenran_normal,0,0,65535_65535,2,35,1369571,4,1,1,1,1,4,28,1,1,allocated
17,2648,greenran_normal,0,0,65535_65535,2,44,1369571,0,1,1,0,0,0,28,1,1,pre_allocation
17,2648,greenran_normal,0,0,65535_65535,2,44,1369571,4,1,1,1,1,4,28,1,1,allocated
17,2648,greenran_normal,0,0,65535_65535,2,55,1369571,0,1,1,0,0,0,28,1,1,pre_allocation
17,2648,greenran_normal,0,0,65535_65535,2,55,1369571,4,1,1,1,1,4,28,1,1,allocated
17,2648,greenran_normal,0,0,65535_65535,2,56,1369571,0,1,1,0,0,0,28,1,1,pre_allocation
17,2648,greenran_normal,0,0,65535_65535,2,56,1369571,4,1,1,1,1,4,28,1,1,allocated
17,2648,greenran_normal,0,0,65535_65535,2,57,1369571,0,1,1,0,0,0,28,1,1,pre_allocation
17,2648,greenran_normal,0,0,65535_65535,2,57,1369571,4,1,1,1,1,4,28,1,1,allocated
17,2648,greenran_normal,0,0,65535_65535,2,37,1369573,0,1,1,0,0,0,28,1,1,pre_allocation
17,2648,greenran_normal,0,0,65535_65535,2,37,1369573,4,1,1,1,1,4,28,1,1,allocated
17,2648,greenran_normal,0,0,65535_65535,2,41,1369573,0,1,1,0,0,0,28,1,1,pre_allocation
17,2648,greenran_normal,0,0,65535_65535,2,41,1369573,4,1,1,1,1,4,28,1,1,allocated
17,2648,greenran_normal,0,0,65535_65535,2,38,1370443,2,1,1,0,1,0,15,1,1,pre_allocation
17,2648,greenran_normal,0,0,65535_65535,2,38,1370443,2,1,1,1,2,2,15,1,1,allocated
17,2648,greenran_normal,0,0,65535_65535,2,60,1370235,2,1,1,0,1,0,12,1,1,pre_allocation
17,2648,greenran_normal,0,0,65535_65535,2,60,1370235,1,1,1,1,2,1,12,1,1,allocated
17,2648,greenran_normal,0,0,65535_65535,2,64,1370145,0,1,1,0,1,0,16,1,1,pre_allocation
17,2648,greenran_normal,0,0,65535_65535,2,64,1370145,3,1,1,1,2,3,16,1,1,allocated
17,2648,greenran_normal,0,0,65535_65535,2,43,1369975,2,1,1,0,1,0,22,1,1,pre_allocation
17,2648,greenran_normal,0,0,65535_65535,2,43,1369975,7,1,1,1,2,7,22,1,1,allocated
17,2648,greenran_normal,0,0,65535_65535,2,42,1369761,2,1,1,0,1,0,22,1,1,pre_allocation
17,2648,greenran_normal,0,0,65535_65535,2,42,1369761,7,1,1,1,2,7,22,1,1,allocated
17,2648,greenran_normal,0,0,65535_65535,2,36,1369635,3,1,1,0,1,0,24,1,1,pre_allocation
17,2648,greenran_normal,0,0,65535_65535,2,36,1369635,9,1,1,1,2,9,24,1,1,allocated
17,2648,greenran_normal,0,0,65535_65535,2,58,1369644,4,1,1,0,1,0,26,1,1,pre_allocation
17,2648,greenran_normal,0,0,65535_65535,2,58,1369644,11,1,1,1,2,11,26,1,1,allocated
17,2648,greenran_normal,0,0,65535_65535,2,39,1369580,4,1,1,0,1,0,28,1,1,pre_allocation
17,2648,greenran_normal,0,0,65535_65535,2,39,1369580,12,1,1,1,2,12,28,1,1,allocated
17,2648,greenran_normal,0,0,65535_65535,2,40,1369579,4,1,1,0,1,0,28,1,1,pre_allocation
17,2648,greenran_normal,0,0,65535_65535,2,40,1369579,12,1,1,1,2,12,28,1,1,allocated
17,2648,greenran_normal,0,0,65535_65535,2,63,1369575,4,1,1,0,1,0,28,1,1,pre_allocation
17,2648,greenran_normal,0,0,65535_65535,2,63,1369575,12,1,1,1,2,12,28,1,1,allocated
17,2648,greenran_normal,0,0,65535_65535,2,62,1369575,4,1,1,0,1,0,28,1,1,pre_allocation
17,2648,greenran_normal,0,0,65535_65535,2,62,1369575,12,1,1,1,2,12,28,1,1,allocated
17,2648,greenran_normal,0,0,65535_65535,2,61,1369575,4,1,1,0,1,0,28,1,1,pre_allocation
17,2648,greenran_normal,0,0,65535_65535,2,61,1369575,12,1,1,1,2,12,28,1,1,allocated
17,2648,greenran_normal,0,0,65535_65535,2,59,1369606,4,1,1,0,1,0,28,1,1,pre_allocation
17,2648,greenran_normal,0,0,65535_65535,2,59,1369606,12,1,1,1,2,12,28,1,1,allocated
17,2648,greenran_normal,0,0,65535_65535,2,35,1369571,4,1,1,0,1,0,28,1,1,pre_allocation
17,2648,greenran_normal,0,0,65535_65535,2,35,1369571,12,1,1,1,2,12,28,1,1,allocated
17,2648,greenran_normal,0,0,65535_65535,2,44,1369571,4,1,1,0,1,0,28,1,1,pre_allocation
17,2648,greenran_normal,0,0,65535_65535,2,44,1369571,12,1,1,1,2,12,28,1,1,allocated
17,2648,greenran_normal,0,0,65535_65535,2,55,1369571,4,1,1,0,1,0,28,1,1,pre_allocation
17,2648,greenran_normal,0,0,65535_65535,2,55,1369571,12,1,1,1,2,12,28,1,1,allocated
17,2648,greenran_normal,0,0,65535_65535,2,56,1369571,4,1,1,0,1,0,28,1,1,pre_allocation
17,2648,greenran_normal,0,0,65535_65535,2,56,1369571,12,1,1,1,2,12,28,1,1,allocated
17,2648,greenran_normal,0,0,65535_65535,2,57,1369571,4,1,1,0,1,0,28,1,1,pre_allocation
17,2648,greenran_normal,0,0,65535_65535,2,57,1369571,12,1,1,1,2,12,28,1,1,allocated
17,2648,greenran_normal,0,0,65535_65535,2,37,1369573,4,1,1,0,1,0,28,1,1,pre_allocation
17,2648,greenran_normal,0,0,65535_65535,2,37,1369573,12,1,1,1,2,12,28,1,1,allocated
17,2648,greenran_normal,0,0,65535_65535,2,41,1369573,4,1,1,0,1,0,28,1,1,pre_allocation
17,2648,greenran_normal,0,0,65535_65535,2,41,1369573,12,1,1,1,2,12,28,1,1,allocated
17,2648,greenran_normal,0,0,65535_65535,2,38,1370443,2,1,1,0,2,0,15,1,1,pre_allocation
17,2648,greenran_normal,0,0,65535_65535,2,38,1370443,5,1,1,1,3,5,15,1,1,allocated
17,2648,greenran_normal,0,0,65535_65535,2,60,1370235,1,1,1,0,2,0,12,1,1,pre_allocation
17,2648,greenran_normal,0,0,65535_65535,2,60,1370235,3,1,1,1,3,3,12,1,1,allocated
17,2648,greenran_normal,0,0,65535_65535,2,64,1370145,3,1,1,0,2,0,16,1,1,pre_allocation
17,2648,greenran_normal,0,0,65535_65535,2,64,1370145,6,1,1,1,3,6,16,1,1,allocated
17,2648,greenran_normal,0,0,65535_65535,2,43,1369975,7,1,1,0,2,0,22,1,1,pre_allocation
17,2648,greenran_normal,0,0,65535_65535,2,43,1369975,13,1,1,1,3,13,22,1,1,allocated
17,2648,greenran_normal,0,0,65535_65535,2,42,1369761,7,1,1,0,2,0,22,1,1,pre_allocation
17,2648,greenran_normal,0,0,65535_65535,2,42,1369761,13,1,1,1,3,13,22,1,1,allocated
17,2648,greenran_normal,0,0,65535_65535,2,36,1369635,9,1,1,0,2,0,24,1,1,pre_allocation
17,2648,greenran_normal,0,0,65535_65535,2,36,1369635,15,1,1,1,3,15,24,1,1,allocated
17,2648,greenran_normal,0,0,65535_65535,2,58,1369644,11,1,1,0,2,0,26,1,1,pre_allocation
17,2648,greenran_normal,0,0,65535_65535,2,58,1369644,18,1,1,1,3,18,26,1,1,allocated
17,2648,greenran_normal,0,0,65535_65535,2,39,1369580,12,1,1,0,2,0,28,1,1,pre_allocation
17,2648,greenran_normal,0,0,65535_65535,2,39,1369580,19,1,1,1,3,19,28,1,1,allocated
17,2648,greenran_normal,0,0,65535_65535,2,40,1369579,12,1,1,0,2,0,28,1,1,pre_allocation
17,2648,greenran_normal,0,0,65535_65535,2,40,1369579,19,1,1,1,3,19,28,1,1,allocated
17,2648,greenran_normal,0,0,65535_65535,2,63,1369575,12,1,1,0,2,0,28,1,1,pre_allocation
17,2648,greenran_normal,0,0,65535_65535,2,63,1369575,19,1,1,1,3,19,28,1,1,allocated
17,2648,greenran_normal,0,0,65535_65535,2,62,1369575,12,1,1,0,2,0,28,1,1,pre_allocation
17,2648,greenran_normal,0,0,65535_65535,2,62,1369575,19,1,1,1,3,19,28,1,1,allocated
17,2648,greenran_normal,0,0,65535_65535,2,61,1369575,12,1,1,0,2,0,28,1,1,pre_allocation
17,2648,greenran_normal,0,0,65535_65535,2,61,1369575,19,1,1,1,3,19,28,1,1,allocated
17,2648,greenran_normal,0,0,65535_65535,2,59,1369606,12,1,1,0,2,0,28,1,1,pre_allocation
17,2648,greenran_normal,0,0,65535_65535,2,59,1369606,19,1,1,1,3,19,28,1,1,allocated
17,2648,greenran_normal,0,0,65535_65535,2,35,1369571,12,1,1,0,2,0,28,1,1,pre_allocation
17,2648,greenran_normal,0,0,65535_65535,2,35,1369571,19,1,1,1,3,19,28,1,1,allocated
17,2648,greenran_normal,0,0,65535_65535,2,44,1369571,12,1,1,0,2,0,28,1,1,pre_allocation
17,2648,greenran_normal,0,0,65535_65535,2,44,1369571,19,1,1,1,3,19,28,1,1,allocated
17,2648,greenran_normal,0,0,65535_65535,2,55,1369571,12,1,1,0,2,0,28,1,1,pre_allocation
17,2648,greenran_normal,0,0,65535_65535,2,55,1369571,19,1,1,1,3,19,28,1,1,allocated
17,2648,greenran_normal,0,0,65535_65535,2,56,1369571,12,1,1,0,2,0,28,1,1,pre_allocation
17,2648,greenran_normal,0,0,65535_65535,2,56,1369571,19,1,1,1,3,19,28,1,1,allocated
17,2648,greenran_normal,0,0,65535_65535,2,57,1369571,12,1,1,0,2,0,28,1,1,pre_allocation
17,2648,greenran_normal,0,0,65535_65535,2,57,1369571,19,1,1,1,3,19,28,1,1,allocated
17,2648,greenran_normal,0,0,65535_65535,2,37,1369573,12,1,1,0,2,0,28,1,1,pre_allocation
17,2648,greenran_normal,0,0,65535_65535,2,37,1369573,19,1,1,1,3,19,28,1,1,allocated
17,2648,greenran_normal,0,0,65535_65535,2,41,1369573,12,1,1,0,2,0,28,1,1,pre_allocation
17,2648,greenran_normal,0,0,65535_65535,2,41,1369573,19,1,1,1,3,19,28,1,1,allocated
17,2648,greenran_normal,0,0,65535_65535,2,38,1370443,5,1,1,0,3,0,15,1,1,pre_allocation
17,2648,greenran_normal,0,0,65535_65535,2,38,1370443,8,1,1,1,4,8,15,1,1,allocated
17,2648,greenran_normal,0,0,65535_65535,2,60,1370235,3,1,1,0,3,0,12,1,1,pre_allocation
17,2648,greenran_normal,0,0,65535_65535,2,60,1370235,5,1,1,1,4,5,12,1,1,allocated
17,2648,greenran_normal,0,0,65535_65535,2,64,1370145,6,1,1,0,3,0,16,1,1,pre_allocation
17,2648,greenran_normal,0,0,65535_65535,2,64,1370145,10,1,1,1,4,10,16,1,1,allocated
17,2648,greenran_normal,0,0,65535_65535,2,43,1369975,13,1,1,0,3,0,22,1,1,pre_allocation
17,2648,greenran_normal,0,0,65535_65535,2,43,1369975,18,1,1,1,4,18,22,1,1,allocated
17,2648,greenran_normal,0,0,65535_65535,2,42,1369761,13,1,1,0,3,0,22,1,1,pre_allocation
17,2648,greenran_normal,0,0,65535_65535,2,42,1369761,18,1,1,1,4,18,22,1,1,allocated
17,2648,greenran_normal,0,0,65535_65535,2,36,1369635,15,1,1,0,3,0,24,1,1,pre_allocation
17,2648,greenran_normal,0,0,65535_65535,2,36,1369635,21,1,1,1,4,21,24,1,1,allocated
17,2648,greenran_normal,0,0,65535_65535,2,58,1369644,18,1,1,0,3,0,26,1,1,pre_allocation
17,2648,greenran_normal,0,0,65535_65535,2,58,1369644,25,1,1,1,4,25,26,1,1,allocated
17,2648,greenran_normal,0,0,65535_65535,2,39,1369580,19,1,1,0,3,0,28,1,1,pre_allocation
17,2648,greenran_normal,0,0,65535_65535,2,39,1369580,27,1,1,1,4,27,28,1,1,allocated
17,2648,greenran_normal,0,0,65535_65535,2,40,1369579,19,1,1,0,3,0,28,1,1,pre_allocation
17,2648,greenran_normal,0,0,65535_65535,2,40,1369579,27,1,1,1,4,27,28,1,1,allocated
17,2648,greenran_normal,0,0,65535_65535,2,63,1369575,19,1,1,0,3,0,28,1,1,pre_allocation
17,2648,greenran_normal,0,0,65535_65535,2,63,1369575,27,1,1,1,4,27,28,1,1,allocated
17,2648,greenran_normal,0,0,65535_65535,2,62,1369575,19,1,1,0,3,0,28,1,1,pre_allocation
17,2648,greenran_normal,0,0,65535_65535,2,62,1369575,27,1,1,1,4,27,28,1,1,allocated
17,2648,greenran_normal,0,0,65535_65535,2,61,1369575,19,1,1,0,3,0,28,1,1,pre_allocation
17,2648,greenran_normal,0,0,65535_65535,2,61,1369575,27,1,1,1,4,27,28,1,1,allocated
17,2648,greenran_normal,0,0,65535_65535,2,59,1369606,19,1,1,0,3,0,28,1,1,pre_allocation
17,2648,greenran_normal,0,0,65535_65535,2,59,1369606,27,1,1,1,4,27,28,1,1,allocated
17,2648,greenran_normal,0,0,65535_65535,2,35,1369571,19,1,1,0,3,0,28,1,1,pre_allocation
17,2648,greenran_normal,0,0,65535_65535,2,35,1369571,27,1,1,1,4,27,28,1,1,allocated
17,2648,greenran_normal,0,0,65535_65535,2,44,1369571,19,1,1,0,3,0,28,1,1,pre_allocation
17,2648,greenran_normal,0,0,65535_65535,2,44,1369571,27,1,1,1,4,27,28,1,1,allocated
17,2648,greenran_normal,0,0,65535_65535,2,55,1369571,19,1,1,0,3,0,28,1,1,pre_allocation
17,2648,greenran_normal,0,0,65535_65535,2,55,1369571,27,1,1,1,4,27,28,1,1,allocated
17,2648,greenran_normal,0,0,65535_65535,2,56,1369571,19,1,1,0,3,0,28,1,1,pre_allocation
17,2648,greenran_normal,0,0,65535_65535,2,56,1369571,27,1,1,1,4,27,28,1,1,allocated
17,2648,greenran_normal,0,0,65535_65535,2,57,1369571,19,1,1,0,3,0,28,1,1,pre_allocation
17,2648,greenran_normal,0,0,65535_65535,2,57,1369571,27,1,1,1,4,27,28,1,1,allocated
17,2648,greenran_normal,0,0,65535_65535,2,37,1369573,19,1,1,0,3,0,28,1,1,pre_allocation
17,2648,greenran_normal,0,0,65535_65535,2,37,1369573,27,1,1,1,4,27,28,1,1,allocated
17,2648,greenran_normal,0,0,65535_65535,2,41,1369573,19,1,1,0,3,0,28,1,1,pre_allocation
17,2648,greenran_normal,0,0,65535_65535,2,41,1369573,27,1,1,1,4,27,28,1,1,allocated
17,2648,greenran_normal,0,0,65535_65535,2,38,1370443,8,1,1,0,4,0,15,1,1,pre_allocation
17,2648,greenran_normal,0,0,65535_65535,2,38,1370443,11,1,1,1,5,11,15,1,1,allocated
17,2648,greenran_normal,0,0,65535_65535,2,60,1370235,5,1,1,0,4,0,12,1,1,pre_allocation
17,2648,greenran_normal,0,0,65535_65535,2,60,1370235,7,1,1,1,5,7,12,1,1,allocated
17,2648,greenran_normal,0,0,65535_65535,2,64,1370145,10,1,1,0,4,0,16,1,1,pre_allocation
17,2648,greenran_normal,0,0,65535_65535,2,64,1370145,13,1,1,1,5,13,16,1,1,allocated
17,2648,greenran_normal,0,0,65535_65535,2,43,1369975,18,1,1,0,4,0,22,1,1,pre_allocation
17,2648,greenran_normal,0,0,65535_65535,2,43,1369975,23,1,1,1,5,23,22,1,1,allocated
17,2648,greenran_normal,0,0,65535_65535,2,42,1369761,18,1,1,0,4,0,22,1,1,pre_allocation
17,2648,greenran_normal,0,0,65535_65535,2,42,1369761,23,1,1,1,5,23,22,1,1,allocated
17,2648,greenran_normal,0,0,65535_65535,2,36,1369635,21,1,1,0,4,0,24,1,1,pre_allocation
17,2648,greenran_normal,0,0,65535_65535,2,36,1369635,27,1,1,1,5,27,24,1,1,allocated
17,2648,greenran_normal,0,0,65535_65535,2,58,1369644,25,1,1,0,4,0,26,1,1,pre_allocation
17,2648,greenran_normal,0,0,65535_65535,2,58,1369644,32,1,1,1,5,32,26,1,1,allocated
17,2648,greenran_normal,0,0,65535_65535,2,39,1369580,27,1,1,0,4,0,28,1,1,pre_allocation
17,2648,greenran_normal,0,0,65535_65535,2,39,1369580,34,1,1,1,5,34,28,1,1,allocated
17,2648,greenran_normal,0,0,65535_65535,2,40,1369579,27,1,1,0,4,0,28,1,1,pre_allocation
17,2648,greenran_normal,0,0,65535_65535,2,40,1369579,34,1,1,1,5,34,28,1,1,allocated
17,2648,greenran_normal,0,0,65535_65535,2,63,1369575,27,1,1,0,4,0,28,1,1,pre_allocation
17,2648,greenran_normal,0,0,65535_65535,2,63,1369575,34,1,1,1,5,34,28,1,1,allocated
17,2648,greenran_normal,0,0,65535_65535,2,62,1369575,27,1,1,0,4,0,28,1,1,pre_allocation
17,2648,greenran_normal,0,0,65535_65535,2,62,1369575,34,1,1,1,5,34,28,1,1,allocated
17,2648,greenran_normal,0,0,65535_65535,2,61,1369575,27,1,1,0,4,0,28,1,1,pre_allocation
17,2648,greenran_normal,0,0,65535_65535,2,61,1369575,34,1,1,1,5,34,28,1,1,allocated
17,2648,greenran_normal,0,0,65535_65535,2,59,1369606,27,1,1,0,4,0,28,1,1,pre_allocation
17,2648,greenran_normal,0,0,65535_65535,2,59,1369606,34,1,1,1,5,34,28,1,1,allocated
17,2648,greenran_normal,0,0,65535_65535,2,35,1369571,27,1,1,0,4,0,28,1,1,pre_allocation
17,2648,greenran_normal,0,0,65535_65535,2,35,1369571,34,1,1,1,5,34,28,1,1,allocated
17,2648,greenran_normal,0,0,65535_65535,2,44,1369571,27,1,1,0,4,0,28,1,1,pre_allocation
17,2648,greenran_normal,0,0,65535_65535,2,44,1369571,34,1,1,1,5,34,28,1,1,allocated
17,2648,greenran_normal,0,0,65535_65535,2,55,1369571,27,1,1,0,4,0,28,1,1,pre_allocation
17,2648,greenran_normal,0,0,65535_65535,2,55,1369571,34,1,1,1,5,34,28,1,1,allocated
19,2876,greenran_normal,0,0,65535_65535,0,4,48049,0,1,1,0,0,0,22,1,1,pre_allocation
19,2876,greenran_normal,0,0,65535_65535,0,4,48049,2,1,1,1,1,2,22,1,1,allocated
19,2876,greenran_normal,0,0,65535_65535,0,3,47335,0,1,1,0,0,0,28,1,1,pre_allocation
19,2876,greenran_normal,0,0,65535_65535,0,3,47335,4,1,1,1,1,4,28,1,1,allocated
19,2876,greenran_normal,0,0,65535_65535,0,5,47335,0,1,1,0,0,0,28,1,1,pre_allocation
19,2876,greenran_normal,0,0,65535_65535,0,5,47335,4,1,1,1,1,4,28,1,1,allocated
19,2876,greenran_normal,0,0,65535_65535,0,1,47335,0,1,1,0,0,0,28,1,1,pre_allocation
19,2876,greenran_normal,0,0,65535_65535,0,1,47335,4,1,1,1,1,4,28,1,1,allocated
19,2876,greenran_normal,0,0,65535_65535,0,2,47335,0,1,1,0,0,0,28,1,1,pre_allocation
19,2876,greenran_normal,0,0,65535_65535,0,2,47335,4,1,1,1,1,4,28,1,1,allocated
19,2876,greenran_normal,0,0,65535_65535,0,4,48049,2,1,1,0,1,0,22,1,1,pre_allocation
19,2876,greenran_normal,0,0,65535_65535,0,4,48049,7,1,1,1,2,7,22,1,1,allocated
19,2876,greenran_normal,0,0,65535_65535,0,3,47335,4,1,1,0,1,0,28,1,1,pre_allocation
19,2876,greenran_normal,0,0,65535_65535,0,3,47335,12,1,1,1,2,12,28,1,1,allocated
19,2876,greenran_normal,0,0,65535_65535,0,5,47335,4,1,1,0,1,0,28,1,1,pre_allocation
19,2876,greenran_normal,0,0,65535_65535,0,5,47335,12,1,1,1,2,12,28,1,1,allocated
19,2876,greenran_normal,0,0,65535_65535,0,1,47335,4,1,1,0,1,0,28,1,1,pre_allocation
19,2876,greenran_normal,0,0,65535_65535,0,1,47335,12,1,1,1,2,12,28,1,1,allocated
19,2876,greenran_normal,0,0,65535_65535,0,2,47335,4,1,1,0,1,0,28,1,1,pre_allocation
19,2876,greenran_normal,0,0,65535_65535,0,2,47335,12,1,1,1,2,12,28,1,1,allocated
19,2876,greenran_normal,0,0,65535_65535,0,4,48049,7,1,1,0,2,0,22,1,1,pre_allocation
19,2876,greenran_normal,0,0,65535_65535,0,4,48049,13,1,1,1,3,13,22,1,1,allocated
19,2876,greenran_normal,0,0,65535_65535,0,3,47335,12,1,1,0,2,0,28,1,1,pre_allocation
19,2876,greenran_normal,0,0,65535_65535,0,3,47335,19,1,1,1,3,19,28,1,1,allocated
19,2876,greenran_normal,0,0,65535_65535,0,5,47335,12,1,1,0,2,0,28,1,1,pre_allocation
19,2876,greenran_normal,0,0,65535_65535,0,5,47335,19,1,1,1,3,19,28,1,1,allocated
19,2876,greenran_normal,0,0,65535_65535,0,1,47335,12,1,1,0,2,0,28,1,1,pre_allocation
19,2876,greenran_normal,0,0,65535_65535,0,1,47335,19,1,1,1,3,19,28,1,1,allocated
19,2876,greenran_normal,0,0,65535_65535,0,2,47335,12,1,1,0,2,0,28,1,1,pre_allocation
19,2876,greenran_normal,0,0,65535_65535,0,2,47335,19,1,1,1,3,19,28,1,1,allocated
19,2876,greenran_normal,0,0,65535_65535,0,4,48049,13,1,1,0,3,0,22,1,1,pre_allocation
19,2876,greenran_normal,0,0,65535_65535,0,4,48049,18,1,1,1,4,18,22,1,1,allocated
19,2876,greenran_normal,0,0,65535_65535,0,3,47335,19,1,1,0,3,0,28,1,1,pre_allocation
19,2876,greenran_normal,0,0,65535_65535,0,3,47335,27,1,1,1,4,27,28,1,1,allocated
19,2876,greenran_normal,0,0,65535_65535,0,5,47335,19,1,1,0,3,0,28,1,1,pre_allocation
19,2876,greenran_normal,0,0,65535_65535,0,5,47335,27,1,1,1,4,27,28,1,1,allocated
19,2876,greenran_normal,0,0,65535_65535,0,1,47335,19,1,1,0,3,0,28,1,1,pre_allocation
19,2876,greenran_normal,0,0,65535_65535,0,1,47335,27,1,1,1,4,27,28,1,1,allocated
19,2876,greenran_normal,0,0,65535_65535,0,2,47335,19,1,1,0,3,0,28,1,1,pre_allocation
19,2876,greenran_normal,0,0,65535_65535,0,2,47335,27,1,1,1,4,27,28,1,1,allocated
19,2876,greenran_normal,0,0,65535_65535,0,4,48049,18,1,1,0,4,0,22,1,1,pre_allocation
19,2876,greenran_normal,0,0,65535_65535,0,4,48049,23,1,1,1,5,23,22,1,1,allocated
19,2876,greenran_normal,0,0,65535_65535,0,3,47335,27,1,1,0,4,0,28,1,1,pre_allocation
19,2876,greenran_normal,0,0,65535_65535,0,3,47335,34,1,1,1,5,34,28,1,1,allocated
19,2876,greenran_normal,0,0,65535_65535,0,5,47335,27,1,1,0,4,0,28,1,1,pre_allocation
19,2876,greenran_normal,0,0,65535_65535,0,5,47335,34,1,1,1,5,34,28,1,1,allocated
19,2876,greenran_normal,0,0,65535_65535,0,1,47335,27,1,1,0,4,0,28,1,1,pre_allocation
19,2876,greenran_normal,0,0,65535_65535,0,1,47335,34,1,1,1,5,34,28,1,1,allocated
19,2876,greenran_normal,0,0,65535_65535,0,2,47335,27,1,1,0,4,0,28,1,1,pre_allocation
19,2876,greenran_normal,0,0,65535_65535,0,2,47335,34,1,1,1,5,34,28,1,1,allocated
19,2876,greenran_normal,0,0,65535_65535,0,4,48049,23,1,1,0,5,0,22,1,1,pre_allocation
19,2876,greenran_normal,0,0,65535_65535,0,4,48049,29,1,1,1,6,29,22,1,1,allocated
19,2876,greenran_normal,0,0,65535_65535,0,3,47335,34,1,1,0,5,0,28,1,1,pre_allocation
19,2876,greenran_normal,0,0,65535_65535,0,3,47335,42,1,1,1,6,42,28,1,1,allocated
19,2876,greenran_normal,0,0,65535_65535,0,5,47335,34,1,1,0,5,0,28,1,1,pre_allocation
19,2876,greenran_normal,0,0,65535_65535,0,5,47335,42,1,1,1,6,42,28,1,1,allocated
19,2876,greenran_normal,0,0,65535_65535,0,1,47335,34,1,1,0,5,0,28,1,1,pre_allocation
19,2876,greenran_normal,0,0,65535_65535,0,1,47335,42,1,1,1,6,42,28,1,1,allocated
19,2876,greenran_normal,0,0,65535_65535,0,2,47335,34,1,1,0,5,0,28,1,1,pre_allocation
19,2876,greenran_normal,0,0,65535_65535,0,2,47335,42,1,1,1,6,42,28,1,1,allocated
19,2876,greenran_normal,0,0,65535_65535,0,4,48049,29,1,1,0,6,0,22,1,1,pre_allocation
19,2876,greenran_normal,0,0,65535_65535,0,4,48049,34,1,1,1,7,34,22,1,1,allocated
19,2876,greenran_normal,0,0,65535_65535,0,3,47335,42,1,1,0,6,0,28,1,1,pre_allocation
19,2876,greenran_normal,0,0,65535_65535,0,3,47335,50,1,1,1,7,50,28,1,1,allocated
19,2876,greenran_normal,0,0,65535_65535,0,5,47335,42,1,1,0,6,0,28,1,1,pre_allocation
19,2876,greenran_normal,0,0,65535_65535,0,5,47335,50,1,1,1,7,50,28,1,1,allocated
19,2876,greenran_normal,0,0,65535_65535,0,1,47335,42,1,1,0,6,0,28,1,1,pre_allocation
19,2876,greenran_normal,0,0,65535_65535,0,1,47335,50,1,1,1,7,50,28,1,1,allocated
19,2876,greenran_normal,0,0,65535_65535,0,2,47335,42,1,1,0,6,0,28,1,1,pre_allocation
19,2876,greenran_normal,0,0,65535_65535,0,2,47335,50,1,1,1,7,50,28,1,1,allocated
19,2876,greenran_normal,0,0,65535_65535,0,4,48049,34,1,1,0,7,0,22,1,1,pre_allocation
19,2876,greenran_normal,0,0,65535_65535,0,4,48049,39,1,1,1,8,39,22,1,1,allocated
19,2876,greenran_normal,0,0,65535_65535,0,3,47335,50,1,1,0,7,0,28,1,1,pre_allocation
19,2876,greenran_normal,0,0,65535_65535,0,3,47335,57,1,1,1,8,57,28,1,1,allocated
19,2876,greenran_normal,0,0,65535_65535,0,5,47335,50,1,1,0,7,0,28,1,1,pre_allocation
19,2876,greenran_normal,0,0,65535_65535,0,5,47335,57,1,1,1,8,57,28,1,1,allocated
19,2876,greenran_normal,0,0,65535_65535,0,1,47335,50,1,1,0,7,0,28,1,1,pre_allocation
19,2876,greenran_normal,0,0,65535_65535,0,1,47335,57,1,1,1,8,57,28,1,1,allocated
19,2876,greenran_normal,0,0,65535_65535,0,2,47335,50,1,1,0,7,0,28,1,1,pre_allocation
19,2876,greenran_normal,0,0,65535_65535,0,2,47335,57,1,1,1,8,57,28,1,1,allocated
19,2876,greenran_normal,0,0,65535_65535,0,4,48049,39,1,1,0,8,0,22,1,1,pre_allocation
19,2876,greenran_normal,0,0,65535_65535,0,4,48049,45,1,1,1,9,45,22,1,1,allocated
19,2876,greenran_normal,0,0,65535_65535,0,3,47335,57,1,1,0,8,0,28,1,1,pre_allocation
19,2876,greenran_normal,0,0,65535_65535,0,3,47335,65,1,1,1,9,65,28,1,1,allocated
19,2876,greenran_normal,0,0,65535_65535,0,5,47335,57,1,1,0,8,0,28,1,1,pre_allocation
19,2876,greenran_normal,0,0,65535_65535,0,5,47335,65,1,1,1,9,65,28,1,1,allocated
19,2876,greenran_normal,0,0,65535_65535,0,1,47335,57,1,1,0,8,0,28,1,1,pre_allocation
19,2876,greenran_normal,0,0,65535_65535,0,1,47335,65,1,1,1,9,65,28,1,1,allocated
19,2876,greenran_normal,0,0,65535_65535,0,2,47335,57,1,1,0,8,0,28,1,1,pre_allocation
19,2876,greenran_normal,0,0,65535_65535,0,2,47335,65,1,1,1,9,65,28,1,1,allocated
19,2876,greenran_normal,0,0,65535_65535,0,4,48049,45,1,1,0,9,0,22,1,1,pre_allocation
19,2876,greenran_normal,0,0,65535_65535,0,4,48049,50,1,1,1,10,50,22,1,1,allocated
19,2876,greenran_normal,0,0,65535_65535,0,3,47335,65,1,1,0,9,0,28,1,1,pre_allocation
19,2876,greenran_normal,0,0,65535_65535,0,3,47335,72,1,1,1,10,72,28,1,1,allocated
19,2876,greenran_normal,0,0,65535_65535,0,5,47335,65,1,1,0,9,0,28,1,1,pre_allocation
19,2876,greenran_normal,0,0,65535_65535,0,5,47335,72,1,1,1,10,72,28,1,1,allocated
19,2876,greenran_normal,0,0,65535_65535,0,1,47335,65,1,1,0,9,0,28,1,1,pre_allocation
19,2876,greenran_normal,0,0,65535_65535,0,1,47335,72,1,1,1,10,72,28,1,1,allocated
19,2876,greenran_normal,0,0,65535_65535,0,2,47335,65,1,1,0,9,0,28,1,1,pre_allocation
19,2876,greenran_normal,0,0,65535_65535,0,2,47335,72,1,1,1,10,72,28,1,1,allocated
19,2876,greenran_normal,0,0,65535_65535,0,4,48049,50,1,1,0,10,0,22,1,1,pre_allocation
19,2876,greenran_normal,0,0,65535_65535,0,4,48049,55,1,1,1,11,55,22,1,1,allocated
19,2876,greenran_normal,0,0,65535_65535,0,3,47335,72,1,1,0,10,0,28,1,1,pre_allocation
19,2876,greenran_normal,0,0,65535_65535,0,3,47335,80,1,1,1,11,80,28,1,1,allocated
19,2876,greenran_normal,0,0,65535_65535,0,5,47335,72,1,1,0,10,0,28,1,1,pre_allocation
19,2876,greenran_normal,0,0,65535_65535,0,5,47335,80,1,1,1,11,80,28,1,1,allocated
19,2876,greenran_normal,0,0,65535_65535,0,1,47335,72,1,1,0,10,0,28,1,1,pre_allocation
19,2876,greenran_normal,0,0,65535_65535,0,1,47335,80,1,1,1,11,80,28,1,1,allocated
19,2876,greenran_normal,0,0,65535_65535,0,2,47335,72,1,1,0,10,0,28,1,1,pre_allocation
19,2876,greenran_normal,0,0,65535_65535,0,2,47335,80,1,1,1,11,80,28,1,1,allocated
19,2876,greenran_normal,0,0,65535_65535,0,4,48049,55,1,1,0,11,0,22,1,1,pre_allocation
19,2876,greenran_normal,0,0,65535_65535,0,4,48049,61,1,1,1,12,61,22,1,1,allocated
19,2876,greenran_normal,0,0,65535_65535,0,3,47335,80,1,1,0,11,0,28,1,1,pre_allocation
19,2876,greenran_normal,0,0,65535_65535,0,3,47335,88,1,1,1,12,88,28,1,1,allocated
19,2876,greenran_normal,0,0,65535_65535,0,5,47335,80,1,1,0,11,0,28,1,1,pre_allocation
19,2876,greenran_normal,0,0,65535_65535,0,5,47335,88,1,1,1,12,88,28,1,1,allocated
19,2876,greenran_normal,0,0,65535_65535,0,1,47335,80,1,1,0,11,0,28,1,1,pre_allocation
19,2876,greenran_normal,0,0,65535_65535,0,1,47335,88,1,1,1,12,88,28,1,1,allocated
19,2876,greenran_normal,0,0,65535_65535,0,2,47335,80,1,1,0,11,0,28,1,1,pre_allocation
19,2876,greenran_normal,0,0,65535_65535,0,2,47335,88,1,1,1,12,88,28,1,1,allocated
19,2876,greenran_normal,0,0,65535_65535,0,4,48049,61,1,1,0,12,0,22,1,1,pre_allocation
19,2876,greenran_normal,0,0,65535_65535,0,4,48049,66,1,1,1,13,66,22,1,1,allocated
19,2876,greenran_normal,0,0,65535_65535,0,3,47335,88,1,1,0,12,0,28,1,1,pre_allocation
19,2876,greenran_normal,0,0,65535_65535,0,3,47335,95,1,1,1,13,95,28,1,1,allocated
19,2876,greenran_normal,0,0,65535_65535,0,5,47335,88,1,1,0,12,0,28,1,1,pre_allocation
19,2876,greenran_normal,0,0,65535_65535,0,5,47335,95,1,1,1,13,95,28,1,1,allocated
19,2876,greenran_normal,0,0,65535_65535,0,1,47335,88,1,1,0,12,0,28,1,1,pre_allocation
19,2876,greenran_normal,0,0,65535_65535,0,1,47335,95,1,1,1,13,95,28,1,1,allocated
19,2876,greenran_normal,0,0,65535_65535,0,2,47335,88,1,1,0,12,0,28,1,1,pre_allocation
19,2876,greenran_normal,0,0,65535_65535,0,2,47335,95,1,1,1,13,95,28,1,1,allocated
19,2876,greenran_normal,0,0,65535_65535,0,4,48049,66,1,1,0,13,0,22,1,1,pre_allocation
19,2876,greenran_normal,0,0,65535_65535,0,4,48049,72,1,1,1,14,72,22,1,1,allocated
19,2876,greenran_normal,0,0,65535_65535,0,3,47335,95,1,1,0,13,0,28,1,1,pre_allocation
19,2876,greenran_normal,0,0,65535_65535,0,3,47335,103,1,1,1,14,103,28,1,1,allocated
19,2876,greenran_normal,0,0,65535_65535,0,5,47335,95,1,1,0,13,0,28,1,1,pre_allocation
19,2876,greenran_normal,0,0,65535_65535,0,5,47335,103,1,1,1,14,103,28,1,1,allocated
19,2876,greenran_normal,0,0,65535_65535,0,1,47335,95,1,1,0,13,0,28,1,1,pre_allocation
19,2876,greenran_normal,0,0,65535_65535,0,1,47335,103,1,1,1,14,103,28,1,1,allocated
19,2876,greenran_normal,0,0,65535_65535,0,2,47335,95,1,1,0,13,0,28,1,1,pre_allocation
19,2876,greenran_normal,0,0,65535_65535,0,2,47335,103,1,1,1,14,103,28,1,1,allocated
19,2876,greenran_normal,0,0,65535_65535,0,4,48049,72,1,1,0,14,0,22,1,1,pre_allocation
19,2876,greenran_normal,0,0,65535_65535,0,4,48049,77,1,1,1,15,77,22,1,1,allocated
19,2876,greenran_normal,0,0,65535_65535,0,3,47335,103,1,1,0,14,0,28,1,1,pre_allocation
19,2876,greenran_normal,0,0,65535_65535,0,3,47335,110,1,1,1,15,110,28,1,1,allocated
19,2876,greenran_normal,0,0,65535_65535,0,5,47335,103,1,1,0,14,0,28,1,1,pre_allocation
19,2876,greenran_normal,0,0,65535_65535,0,5,47335,110,1,1,1,15,110,28,1,1,allocated
19,2876,greenran_normal,0,0,65535_65535,0,1,47335,103,1,1,0,14,0,28,1,1,pre_allocation
19,2876,greenran_normal,0,0,65535_65535,0,1,47335,110,1,1,1,15,110,28,1,1,allocated
19,2876,greenran_normal,0,0,65535_65535,0,2,47335,103,1,1,0,14,0,28,1,1,pre_allocation
19,2876,greenran_normal,0,0,65535_65535,0,2,47335,110,1,1,1,15,110,28,1,1,allocated
19,2876,greenran_normal,0,0,65535_65535,0,4,48049,77,1,1,0,15,0,22,1,1,pre_allocation
19,2876,greenran_normal,0,0,65535_65535,0,4,48049,82,1,1,1,16,82,22,1,1,allocated
19,2876,greenran_normal,0,0,65535_65535,0,3,47335,110,1,1,0,15,0,28,1,1,pre_allocation
19,2876,greenran_normal,0,0,65535_65535,0,3,47335,118,1,1,1,16,118,28,1,1,allocated
19,2876,greenran_normal,0,0,65535_65535,0,5,47335,110,1,1,0,15,0,28,1,1,pre_allocation
19,2876,greenran_normal,0,0,65535_65535,0,5,47335,118,1,1,1,16,118,28,1,1,allocated
19,2876,greenran_normal,0,0,65535_65535,0,1,47335,110,1,1,0,15,0,28,1,1,pre_allocation
19,2876,greenran_normal,0,0,65535_65535,0,1,47335,118,1,1,1,16,118,28,1,1,allocated
19,2876,greenran_normal,0,0,65535_65535,0,2,47335,110,1,1,0,15,0,28,1,1,pre_allocation
19,2876,greenran_normal,0,0,65535_65535,0,2,47335,118,1,1,1,16,118,28,1,1,allocated
19,2876,greenran_normal,0,0,65535_65535,0,4,48049,82,1,1,0,16,0,22,1,1,pre_allocation
19,2876,greenran_normal,0,0,65535_65535,0,4,48049,88,1,1,1,17,88,22,1,1,allocated
19,2876,greenran_normal,0,0,65535_65535,0,3,47335,118,1,1,0,16,0,28,1,1,pre_allocation
19,2876,greenran_normal,0,0,65535_65535,0,3,47335,126,1,1,1,17,126,28,1,1,allocated
19,2876,greenran_normal,0,0,65535_65535,0,5,47335,118,1,1,0,16,0,28,1,1,pre_allocation
19,2876,greenran_normal,0,0,65535_65535,0,5,47335,126,1,1,1,17,126,28,1,1,allocated
19,2876,greenran_normal,0,0,65535_65535,0,1,47335,118,1,1,0,16,0,28,1,1,pre_allocation
19,2876,greenran_normal,0,0,65535_65535,0,1,47335,126,1,1,1,17,126,28,1,1,allocated
19,2876,greenran_normal,0,0,65535_65535,0,2,47335,118,1,1,0,16,0,28,1,1,pre_allocation
19,2876,greenran_normal,0,0,65535_65535,0,2,47335,126,1,1,1,17,126,28,1,1,allocated
19,2876,greenran_normal,0,0,65535_65535,0,4,48049,88,1,1,0,17,0,22,1,1,pre_allocation
19,2876,greenran_normal,0,0,65535_65535,0,4,48049,93,1,1,1,18,93,22,1,1,allocated
19,2876,greenran_normal,0,0,65535_65535,0,3,47335,126,1,1,0,17,0,28,1,1,pre_allocation
19,2876,greenran_normal,0,0,65535_65535,0,3,47335,133,1,1,1,18,133,28,1,1,allocated
19,2876,greenran_normal,0,0,65535_65535,0,5,47335,126,1,1,0,17,0,28,1,1,pre_allocation
19,2876,greenran_normal,0,0,65535_65535,0,5,47335,133,1,1,1,18,133,28,1,1,allocated
19,2876,greenran_normal,0,0,65535_65535,0,1,47335,126,1,1,0,17,0,28,1,1,pre_allocation
19,2876,greenran_normal,0,0,65535_65535,0,1,47335,133,1,1,1,18,133,28,1,1,allocated
19,2876,greenran_normal,0,0,65535_65535,0,2,47335,126,1,1,0,17,0,28,1,1,pre_allocation
19,2876,greenran_normal,0,0,65535_65535,0,2,47335,133,1,1,1,18,133,28,1,1,allocated
19,2876,greenran_normal,0,0,65535_65535,0,4,48049,93,1,1,0,18,0,22,1,1,pre_allocation
19,2876,greenran_normal,0,0,65535_65535,0,4,48049,98,1,1,1,19,98,22,1,1,allocated
19,2876,greenran_normal,0,0,65535_65535,0,3,47335,133,1,1,0,18,0,28,1,1,pre_allocation
19,2876,greenran_normal,0,0,65535_65535,0,3,47335,141,1,1,1,19,141,28,1,1,allocated
19,2876,greenran_normal,0,0,65535_65535,0,5,47335,133,1,1,0,18,0,28,1,1,pre_allocation
19,2876,greenran_normal,0,0,65535_65535,0,5,47335,141,1,1,1,19,141,28,1,1,allocated
19,2876,greenran_normal,0,0,65535_65535,0,1,47335,133,1,1,0,18,0,28,1,1,pre_allocation
19,2876,greenran_normal,0,0,65535_65535,0,1,47335,141,1,1,1,19,141,28,1,1,allocated
19,2876,greenran_normal,0,0,65535_65535,0,2,47335,133,1,1,0,18,0,28,1,1,pre_allocation
19,2876,greenran_normal,0,0,65535_65535,0,2,47335,141,1,1,1,19,141,28,1,1,allocated
19,2876,greenran_normal,0,0,65535_65535,0,4,48049,98,1,1,0,19,0,22,1,1,pre_allocation
19,2876,greenran_normal,0,0,65535_65535,0,4,48049,104,1,1,1,20,104,22,1,1,allocated
19,2876,greenran_normal,0,0,65535_65535,0,3,47335,141,1,1,0,19,0,28,1,1,pre_allocation
19,2876,greenran_normal,0,0,65535_65535,0,3,47335,148,1,1,1,20,148,28,1,1,allocated
19,2876,greenran_normal,0,0,65535_65535,0,5,47335,141,1,1,0,19,0,28,1,1,pre_allocation
19,2876,greenran_normal,0,0,65535_65535,0,5,47335,148,1,1,1,20,148,28,1,1,allocated
19,2876,greenran_normal,0,0,65535_65535,0,1,47335,141,1,1,0,19,0,28,1,1,pre_allocation
19,2876,greenran_normal,0,0,65535_65535,0,1,47335,148,1,1,1,20,148,28,1,1,allocated
19,2876,greenran_normal,0,0,65535_65535,0,2,47335,141,1,1,0,19,0,28,1,1,pre_allocation
19,2876,greenran_normal,0,0,65535_65535,0,2,47335,148,1,1,1,20,148,28,1,1,allocated
19,2876,greenran_normal,0,0,65535_65535,0,4,48049,104,1,1,0,20,0,22,1,1,pre_allocation
19,2876,greenran_normal,0,0,65535_65535,0,4,48049,109,1,1,1,21,109,22,1,1,allocated
19,2876,greenran_normal,0,0,65535_65535,0,3,47335,148,1,1,0,20,0,28,1,1,pre_allocation
19,2876,greenran_normal,0,0,65535_65535,0,3,47335,156,1,1,1,21,156,28,1,1,allocated
19,2876,greenran_normal,0,0,65535_65535,0,5,47335,148,1,1,0,20,0,28,1,1,pre_allocation
19,2876,greenran_normal,0,0,65535_65535,0,5,47335,156,1,1,1,21,156,28,1,1,allocated
19,2876,greenran_normal,0,0,65535_65535,0,1,47335,148,1,1,0,20,0,28,1,1,pre_allocation
19,2876,greenran_normal,0,0,65535_65535,0,1,47335,156,1,1,1,21,156,28,1,1,allocated
19,2876,greenran_normal,0,0,65535_65535,0,2,47335,148,1,1,0,20,0,28,1,1,pre_allocation
19,2876,greenran_normal,0,0,65535_65535,0,2,47335,156,1,1,1,21,156,28,1,1,allocated
19,2876,greenran_normal,0,0,65535_65535,0,4,48049,109,1,1,0,21,0,22,1,1,pre_allocation
19,2876,greenran_normal,0,0,65535_65535,0,4,48049,114,1,1,1,22,114,22,1,1,allocated
19,2876,greenran_normal,0,0,65535_65535,0,3,47335,156,1,1,0,21,0,28,1,1,pre_allocation
19,2876,greenran_normal,0,0,65535_65535,0,3,47335,163,1,1,1,22,163,28,1,1,allocated
19,2876,greenran_normal,0,0,65535_65535,0,5,47335,156,1,1,0,21,0,28,1,1,pre_allocation
19,2876,greenran_normal,0,0,65535_65535,0,5,47335,163,1,1,1,22,163,28,1,1,allocated
19,2876,greenran_normal,0,0,65535_65535,0,1,47335,156,1,1,0,21,0,28,1,1,pre_allocation
19,2876,greenran_normal,0,0,65535_65535,0,1,47335,163,1,1,1,22,163,28,1,1,allocated
19,2876,greenran_normal,0,0,65535_65535,0,2,47335,156,1,1,0,21,0,28,1,1,pre_allocation
19,2876,greenran_normal,0,0,65535_65535,0,2,47335,163,1,1,1,22,163,28,1,1,allocated
19,2876,greenran_normal,0,0,65535_65535,0,4,48049,114,1,1,0,22,0,22,1,1,pre_allocation
19,2876,greenran_normal,0,0,65535_65535,0,4,48049,120,1,1,1,23,120,22,1,1,allocated
19,2876,greenran_normal,0,0,65535_65535,0,3,47335,163,1,1,0,22,0,28,1,1,pre_allocation
19,2876,greenran_normal,0,0,65535_65535,0,3,47335,171,1,1,1,23,171,28,1,1,allocated
19,2876,greenran_normal,0,0,65535_65535,0,5,47335,163,1,1,0,22,0,28,1,1,pre_allocation
19,2876,greenran_normal,0,0,65535_65535,0,5,47335,171,1,1,1,23,171,28,1,1,allocated
19,2876,greenran_normal,0,0,65535_65535,0,1,47335,163,1,1,0,22,0,28,1,1,pre_allocation
19,2876,greenran_normal,0,0,65535_65535,0,1,47335,171,1,1,1,23,171,28,1,1,allocated
19,2876,greenran_normal,0,0,65535_65535,0,2,47335,163,1,1,0,22,0,28,1,1,pre_allocation
19,2876,greenran_normal,0,0,65535_65535,0,2,47335,171,1,1,1,23,171,28,1,1,allocated
19,2876,greenran_normal,0,0,65535_65535,0,4,48049,120,1,1,0,23,0,22,1,1,pre_allocation
19,2876,greenran_normal,0,0,65535_65535,0,4,48049,125,1,1,1,24,125,22,1,1,allocated
19,2876,greenran_normal,0,0,65535_65535,0,3,47335,171,1,1,0,23,0,28,1,1,pre_allocation
19,2876,greenran_normal,0,0,65535_65535,0,3,47335,179,1,1,1,24,179,28,1,1,allocated
19,2876,greenran_normal,0,0,65535_65535,0,5,47335,171,1,1,0,23,0,28,1,1,pre_allocation
19,2876,greenran_normal,0,0,65535_65535,0,5,47335,179,1,1,1,24,179,28,1,1,allocated
19,2876,greenran_normal,0,0,65535_65535,0,1,47335,171,1,1,0,23,0,28,1,1,pre_allocation
19,2876,greenran_normal,0,0,65535_65535,0,1,47335,179,1,1,1,24,179,28,1,1,allocated
19,2876,greenran_normal,0,0,65535_65535,0,2,47335,171,1,1,0,23,0,28,1,1,pre_allocation
19,2876,greenran_normal,0,0,65535_65535,0,2,47335,179,1,1,1,24,179,28,1,1,allocated
19,2876,greenran_normal,0,0,65535_65535,2,38,1516501,0,1,1,0,0,0,2,1,1,pre_allocation
19,2876,greenran_normal,0,0,65535_65535,2,38,1516501,0,1,1,1,1,0,2,1,1,allocated
19,2876,greenran_normal,0,0,65535_65535,2,60,1516299,0,1,1,0,0,0,12,1,1,pre_allocation
19,2876,greenran_normal,0,0,65535_65535,2,60,1516299,2,1,1,1,1,2,12,1,1,allocated
19,2876,greenran_normal,0,0,65535_65535,2,64,1516193,0,1,1,0,0,0,16,1,1,pre_allocation
19,2876,greenran_normal,0,0,65535_65535,2,64,1516193,0,1,1,1,1,0,16,1,1,allocated
19,2876,greenran_normal,0,0,65535_65535,2,43,1516007,0,1,1,0,0,0,20,1,1,pre_allocation
19,2876,greenran_normal,0,0,65535_65535,2,43,1516007,1,1,1,1,1,1,20,1,1,allocated
19,2876,greenran_normal,0,0,65535_65535,2,42,1515785,0,1,1,0,0,0,24,1,1,pre_allocation
19,2876,greenran_normal,0,0,65535_65535,2,42,1515785,3,1,1,1,1,3,24,1,1,allocated
19,2876,greenran_normal,0,0,65535_65535,2,36,1515648,0,1,1,0,0,0,28,1,1,pre_allocation
19,2876,greenran_normal,0,0,65535_65535,2,36,1515648,4,1,1,1,1,4,28,1,1,allocated
19,2876,greenran_normal,0,0,65535_65535,2,58,1515654,0,1,1,0,0,0,26,1,1,pre_allocation
19,2876,greenran_normal,0,0,65535_65535,2,58,1515654,4,1,1,1,1,4,26,1,1,allocated
19,2876,greenran_normal,0,0,65535_65535,2,59,1515619,0,1,1,0,0,0,26,1,1,pre_allocation
19,2876,greenran_normal,0,0,65535_65535,2,59,1515619,4,1,1,1,1,4,26,1,1,allocated
19,2876,greenran_normal,0,0,65535_65535,2,35,1515584,0,1,1,0,0,0,28,1,1,pre_allocation
19,2876,greenran_normal,0,0,65535_65535,2,35,1515584,4,1,1,1,1,4,28,1,1,allocated
19,2876,greenran_normal,0,0,65535_65535,2,44,1515584,0,1,1,0,0,0,28,1,1,pre_allocation
19,2876,greenran_normal,0,0,65535_65535,2,44,1515584,4,1,1,1,1,4,28,1,1,allocated
19,2876,greenran_normal,0,0,65535_65535,2,55,1515584,0,1,1,0,0,0,28,1,1,pre_allocation
19,2876,greenran_normal,0,0,65535_65535,2,55,1515584,4,1,1,1,1,4,28,1,1,allocated
19,2876,greenran_normal,0,0,65535_65535,2,56,1515584,0,1,1,0,0,0,28,1,1,pre_allocation
19,2876,greenran_normal,0,0,65535_65535,2,56,1515584,4,1,1,1,1,4,28,1,1,allocated
19,2876,greenran_normal,0,0,65535_65535,2,57,1515584,0,1,1,0,0,0,28,1,1,pre_allocation
19,2876,greenran_normal,0,0,65535_65535,2,57,1515584,4,1,1,1,1,4,28,1,1,allocated
19,2876,greenran_normal,0,0,65535_65535,2,37,1515586,0,1,1,0,0,0,28,1,1,pre_allocation
19,2876,greenran_normal,0,0,65535_65535,2,37,1515586,4,1,1,1,1,4,28,1,1,allocated
19,2876,greenran_normal,0,0,65535_65535,2,41,1515586,0,1,1,0,0,0,28,1,1,pre_allocation
19,2876,greenran_normal,0,0,65535_65535,2,41,1515586,4,1,1,1,1,4,28,1,1,allocated
19,2876,greenran_normal,0,0,65535_65535,2,39,1515586,0,1,1,0,0,0,24,1,1,pre_allocation
19,2876,greenran_normal,0,0,65535_65535,2,39,1515586,3,1,1,1,1,3,24,1,1,allocated
19,2876,greenran_normal,0,0,65535_65535,2,40,1515585,0,1,1,0,0,0,28,1,1,pre_allocation
19,2876,greenran_normal,0,0,65535_65535,2,40,1515585,4,1,1,1,1,4,28,1,1,allocated
19,2876,greenran_normal,0,0,65535_65535,2,63,1515581,0,1,1,0,0,0,28,1,1,pre_allocation
19,2876,greenran_normal,0,0,65535_65535,2,63,1515581,4,1,1,1,1,4,28,1,1,allocated
19,2876,greenran_normal,0,0,65535_65535,2,62,1515581,0,1,1,0,0,0,28,1,1,pre_allocation
19,2876,greenran_normal,0,0,65535_65535,2,62,1515581,4,1,1,1,1,4,28,1,1,allocated
19,2876,greenran_normal,0,0,65535_65535,2,61,1515581,0,1,1,0,0,0,28,1,1,pre_allocation
19,2876,greenran_normal,0,0,65535_65535,2,61,1515581,4,1,1,1,1,4,28,1,1,allocated
19,2876,greenran_normal,0,0,65535_65535,2,38,1516501,0,1,1,0,1,0,2,1,1,pre_allocation
19,2876,greenran_normal,0,0,65535_65535,2,38,1516501,0,1,1,1,2,0,2,1,1,allocated
19,2876,greenran_normal,0,0,65535_65535,2,60,1516299,2,1,1,0,1,0,12,1,1,pre_allocation
19,2876,greenran_normal,0,0,65535_65535,2,60,1516299,1,1,1,1,2,1,12,1,1,allocated
19,2876,greenran_normal,0,0,65535_65535,2,64,1516193,0,1,1,0,1,0,16,1,1,pre_allocation
19,2876,greenran_normal,0,0,65535_65535,2,64,1516193,3,1,1,1,2,3,16,1,1,allocated
19,2876,greenran_normal,0,0,65535_65535,2,43,1516007,1,1,1,0,1,0,20,1,1,pre_allocation
19,2876,greenran_normal,0,0,65535_65535,2,43,1516007,6,1,1,1,2,6,20,1,1,allocated
19,2876,greenran_normal,0,0,65535_65535,2,42,1515785,3,1,1,0,1,0,24,1,1,pre_allocation
19,2876,greenran_normal,0,0,65535_65535,2,42,1515785,9,1,1,1,2,9,24,1,1,allocated
19,2876,greenran_normal,0,0,65535_65535,2,36,1515648,4,1,1,0,1,0,28,1,1,pre_allocation
19,2876,greenran_normal,0,0,65535_65535,2,36,1515648,12,1,1,1,2,12,28,1,1,allocated
19,2876,greenran_normal,0,0,65535_65535,2,58,1515654,4,1,1,0,1,0,26,1,1,pre_allocation
19,2876,greenran_normal,0,0,65535_65535,2,58,1515654,11,1,1,1,2,11,26,1,1,allocated
19,2876,greenran_normal,0,0,65535_65535,2,59,1515619,4,1,1,0,1,0,26,1,1,pre_allocation
19,2876,greenran_normal,0,0,65535_65535,2,59,1515619,11,1,1,1,2,11,26,1,1,allocated
19,2876,greenran_normal,0,0,65535_65535,2,35,1515584,4,1,1,0,1,0,28,1,1,pre_allocation
19,2876,greenran_normal,0,0,65535_65535,2,35,1515584,12,1,1,1,2,12,28,1,1,allocated
19,2876,greenran_normal,0,0,65535_65535,2,44,1515584,4,1,1,0,1,0,28,1,1,pre_allocation
19,2876,greenran_normal,0,0,65535_65535,2,44,1515584,12,1,1,1,2,12,28,1,1,allocated
19,2876,greenran_normal,0,0,65535_65535,2,55,1515584,4,1,1,0,1,0,28,1,1,pre_allocation
19,2876,greenran_normal,0,0,65535_65535,2,55,1515584,12,1,1,1,2,12,28,1,1,allocated
19,2876,greenran_normal,0,0,65535_65535,2,56,1515584,4,1,1,0,1,0,28,1,1,pre_allocation
19,2876,greenran_normal,0,0,65535_65535,2,56,1515584,12,1,1,1,2,12,28,1,1,allocated
19,2876,greenran_normal,0,0,65535_65535,2,57,1515584,4,1,1,0,1,0,28,1,1,pre_allocation
19,2876,greenran_normal,0,0,65535_65535,2,57,1515584,12,1,1,1,2,12,28,1,1,allocated
19,2876,greenran_normal,0,0,65535_65535,2,37,1515586,4,1,1,0,1,0,28,1,1,pre_allocation
19,2876,greenran_normal,0,0,65535_65535,2,37,1515586,12,1,1,1,2,12,28,1,1,allocated
19,2876,greenran_normal,0,0,65535_65535,2,41,1515586,4,1,1,0,1,0,28,1,1,pre_allocation
19,2876,greenran_normal,0,0,65535_65535,2,41,1515586,12,1,1,1,2,12,28,1,1,allocated
19,2876,greenran_normal,0,0,65535_65535,2,39,1515586,3,1,1,0,1,0,24,1,1,pre_allocation
19,2876,greenran_normal,0,0,65535_65535,2,39,1515586,9,1,1,1,2,9,24,1,1,allocated
19,2876,greenran_normal,0,0,65535_65535,2,40,1515585,4,1,1,0,1,0,28,1,1,pre_allocation
19,2876,greenran_normal,0,0,65535_65535,2,40,1515585,12,1,1,1,2,12,28,1,1,allocated
19,2876,greenran_normal,0,0,65535_65535,2,63,1515581,4,1,1,0,1,0,28,1,1,pre_allocation
19,2876,greenran_normal,0,0,65535_65535,2,63,1515581,12,1,1,1,2,12,28,1,1,allocated
19,2876,greenran_normal,0,0,65535_65535,2,62,1515581,4,1,1,0,1,0,28,1,1,pre_allocation
19,2876,greenran_normal,0,0,65535_65535,2,62,1515581,12,1,1,1,2,12,28,1,1,allocated
19,2876,greenran_normal,0,0,65535_65535,2,61,1515581,4,1,1,0,1,0,28,1,1,pre_allocation
19,2876,greenran_normal,0,0,65535_65535,2,61,1515581,12,1,1,1,2,12,28,1,1,allocated
19,2876,greenran_normal,0,0,65535_65535,2,38,1516501,0,1,1,0,2,0,2,1,1,pre_allocation
19,2876,greenran_normal,0,0,65535_65535,2,38,1516501,0,1,1,1,3,0,2,1,1,allocated
19,2876,greenran_normal,0,0,65535_65535,2,60,1516299,1,1,1,0,2,0,12,1,1,pre_allocation
19,2876,greenran_normal,0,0,65535_65535,2,60,1516299,3,1,1,1,3,3,12,1,1,allocated
19,2876,greenran_normal,0,0,65535_65535,2,64,1516193,3,1,1,0,2,0,16,1,1,pre_allocation
19,2876,greenran_normal,0,0,65535_65535,2,64,1516193,6,1,1,1,3,6,16,1,1,allocated
19,2876,greenran_normal,0,0,65535_65535,2,43,1516007,6,1,1,0,2,0,20,1,1,pre_allocation
19,2876,greenran_normal,0,0,65535_65535,2,43,1516007,10,1,1,1,3,10,20,1,1,allocated
19,2876,greenran_normal,0,0,65535_65535,2,42,1515785,9,1,1,0,2,0,24,1,1,pre_allocation
19,2876,greenran_normal,0,0,65535_65535,2,42,1515785,15,1,1,1,3,15,24,1,1,allocated
19,2876,greenran_normal,0,0,65535_65535,2,36,1515648,12,1,1,0,2,0,28,1,1,pre_allocation
19,2876,greenran_normal,0,0,65535_65535,2,36,1515648,19,1,1,1,3,19,28,1,1,allocated
19,2876,greenran_normal,0,0,65535_65535,2,58,1515654,11,1,1,0,2,0,26,1,1,pre_allocation
19,2876,greenran_normal,0,0,65535_65535,2,58,1515654,18,1,1,1,3,18,26,1,1,allocated
19,2876,greenran_normal,0,0,65535_65535,2,59,1515619,11,1,1,0,2,0,26,1,1,pre_allocation
19,2876,greenran_normal,0,0,65535_65535,2,59,1515619,18,1,1,1,3,18,26,1,1,allocated
19,2876,greenran_normal,0,0,65535_65535,2,35,1515584,12,1,1,0,2,0,28,1,1,pre_allocation
19,2876,greenran_normal,0,0,65535_65535,2,35,1515584,19,1,1,1,3,19,28,1,1,allocated
19,2876,greenran_normal,0,0,65535_65535,2,44,1515584,12,1,1,0,2,0,28,1,1,pre_allocation
19,2876,greenran_normal,0,0,65535_65535,2,44,1515584,19,1,1,1,3,19,28,1,1,allocated
19,2876,greenran_normal,0,0,65535_65535,2,55,1515584,12,1,1,0,2,0,28,1,1,pre_allocation
19,2876,greenran_normal,0,0,65535_65535,2,55,1515584,19,1,1,1,3,19,28,1,1,allocated
19,2876,greenran_normal,0,0,65535_65535,2,56,1515584,12,1,1,0,2,0,28,1,1,pre_allocation
19,2876,greenran_normal,0,0,65535_65535,2,56,1515584,19,1,1,1,3,19,28,1,1,allocated
19,2876,greenran_normal,0,0,65535_65535,2,57,1515584,12,1,1,0,2,0,28,1,1,pre_allocation
19,2876,greenran_normal,0,0,65535_65535,2,57,1515584,19,1,1,1,3,19,28,1,1,allocated
19,2876,greenran_normal,0,0,65535_65535,2,37,1515586,12,1,1,0,2,0,28,1,1,pre_allocation
19,2876,greenran_normal,0,0,65535_65535,2,37,1515586,19,1,1,1,3,19,28,1,1,allocated
19,2876,greenran_normal,0,0,65535_65535,2,41,1515586,12,1,1,0,2,0,28,1,1,pre_allocation
19,2876,greenran_normal,0,0,65535_65535,2,41,1515586,19,1,1,1,3,19,28,1,1,allocated
19,2876,greenran_normal,0,0,65535_65535,2,39,1515586,9,1,1,0,2,0,24,1,1,pre_allocation
19,2876,greenran_normal,0,0,65535_65535,2,39,1515586,15,1,1,1,3,15,24,1,1,allocated
19,2876,greenran_normal,0,0,65535_65535,2,40,1515585,12,1,1,0,2,0,28,1,1,pre_allocation
19,2876,greenran_normal,0,0,65535_65535,2,40,1515585,19,1,1,1,3,19,28,1,1,allocated
19,2876,greenran_normal,0,0,65535_65535,2,63,1515581,12,1,1,0,2,0,28,1,1,pre_allocation
19,2876,greenran_normal,0,0,65535_65535,2,63,1515581,19,1,1,1,3,19,28,1,1,allocated
19,2876,greenran_normal,0,0,65535_65535,2,62,1515581,12,1,1,0,2,0,28,1,1,pre_allocation
19,2876,greenran_normal,0,0,65535_65535,2,62,1515581,19,1,1,1,3,19,28,1,1,allocated
19,2876,greenran_normal,0,0,65535_65535,2,61,1515581,12,1,1,0,2,0,28,1,1,pre_allocation
19,2876,greenran_normal,0,0,65535_65535,2,61,1515581,19,1,1,1,3,19,28,1,1,allocated
19,2876,greenran_normal,0,0,65535_65535,2,38,1516501,0,1,1,0,3,0,2,1,1,pre_allocation
19,2876,greenran_normal,0,0,65535_65535,2,38,1516501,1,1,1,1,4,1,2,1,1,allocated
19,2876,greenran_normal,0,0,65535_65535,2,60,1516299,3,1,1,0,3,0,12,1,1,pre_allocation
19,2876,greenran_normal,0,0,65535_65535,2,60,1516299,5,1,1,1,4,5,12,1,1,allocated
19,2876,greenran_normal,0,0,65535_65535,2,64,1516193,6,1,1,0,3,0,16,1,1,pre_allocation
19,2876,greenran_normal,0,0,65535_65535,2,64,1516193,10,1,1,1,4,10,16,1,1,allocated
19,2876,greenran_normal,0,0,65535_65535,2,43,1516007,10,1,1,0,3,0,20,1,1,pre_allocation
19,2876,greenran_normal,0,0,65535_65535,2,43,1516007,15,1,1,1,4,15,20,1,1,allocated
19,2876,greenran_normal,0,0,65535_65535,2,42,1515785,15,1,1,0,3,0,24,1,1,pre_allocation
19,2876,greenran_normal,0,0,65535_65535,2,42,1515785,21,1,1,1,4,21,24,1,1,allocated
19,2876,greenran_normal,0,0,65535_65535,2,36,1515648,19,1,1,0,3,0,28,1,1,pre_allocation
19,2876,greenran_normal,0,0,65535_65535,2,36,1515648,27,1,1,1,4,27,28,1,1,allocated
19,2876,greenran_normal,0,0,65535_65535,2,58,1515654,18,1,1,0,3,0,26,1,1,pre_allocation
19,2876,greenran_normal,0,0,65535_65535,2,58,1515654,25,1,1,1,4,25,26,1,1,allocated
19,2876,greenran_normal,0,0,65535_65535,2,59,1515619,18,1,1,0,3,0,26,1,1,pre_allocation
19,2876,greenran_normal,0,0,65535_65535,2,59,1515619,25,1,1,1,4,25,26,1,1,allocated
19,2876,greenran_normal,0,0,65535_65535,2,35,1515584,19,1,1,0,3,0,28,1,1,pre_allocation
19,2876,greenran_normal,0,0,65535_65535,2,35,1515584,27,1,1,1,4,27,28,1,1,allocated
19,2876,greenran_normal,0,0,65535_65535,2,44,1515584,19,1,1,0,3,0,28,1,1,pre_allocation
19,2876,greenran_normal,0,0,65535_65535,2,44,1515584,27,1,1,1,4,27,28,1,1,allocated
19,2876,greenran_normal,0,0,65535_65535,2,55,1515584,19,1,1,0,3,0,28,1,1,pre_allocation
19,2876,greenran_normal,0,0,65535_65535,2,55,1515584,27,1,1,1,4,27,28,1,1,allocated
19,2876,greenran_normal,0,0,65535_65535,2,56,1515584,19,1,1,0,3,0,28,1,1,pre_allocation
19,2876,greenran_normal,0,0,65535_65535,2,56,1515584,27,1,1,1,4,27,28,1,1,allocated
19,2876,greenran_normal,0,0,65535_65535,2,57,1515584,19,1,1,0,3,0,28,1,1,pre_allocation
19,2876,greenran_normal,0,0,65535_65535,2,57,1515584,27,1,1,1,4,27,28,1,1,allocated
19,2876,greenran_normal,0,0,65535_65535,2,37,1515586,19,1,1,0,3,0,28,1,1,pre_allocation
19,2876,greenran_normal,0,0,65535_65535,2,37,1515586,27,1,1,1,4,27,28,1,1,allocated
19,2876,greenran_normal,0,0,65535_65535,2,41,1515586,19,1,1,0,3,0,28,1,1,pre_allocation
19,2876,greenran_normal,0,0,65535_65535,2,41,1515586,27,1,1,1,4,27,28,1,1,allocated
19,2876,greenran_normal,0,0,65535_65535,2,39,1515586,15,1,1,0,3,0,24,1,1,pre_allocation
19,2876,greenran_normal,0,0,65535_65535,2,39,1515586,21,1,1,1,4,21,24,1,1,allocated
19,2876,greenran_normal,0,0,65535_65535,2,40,1515585,19,1,1,0,3,0,28,1,1,pre_allocation
19,2876,greenran_normal,0,0,65535_65535,2,40,1515585,27,1,1,1,4,27,28,1,1,allocated
19,2876,greenran_normal,0,0,65535_65535,2,63,1515581,19,1,1,0,3,0,28,1,1,pre_allocation
19,2876,greenran_normal,0,0,65535_65535,2,63,1515581,27,1,1,1,4,27,28,1,1,allocated
19,2876,greenran_normal,0,0,65535_65535,2,62,1515581,19,1,1,0,3,0,28,1,1,pre_allocation
19,2876,greenran_normal,0,0,65535_65535,2,62,1515581,27,1,1,1,4,27,28,1,1,allocated
19,2876,greenran_normal,0,0,65535_65535,2,61,1515581,19,1,1,0,3,0,28,1,1,pre_allocation
19,2876,greenran_normal,0,0,65535_65535,2,61,1515581,27,1,1,1,4,27,28,1,1,allocated
19,2876,greenran_normal,0,0,65535_65535,2,38,1516501,1,1,1,0,4,0,2,1,1,pre_allocation
19,2876,greenran_normal,0,0,65535_65535,2,38,1516501,1,1,1,1,5,1,2,1,1,allocated
19,2876,greenran_normal,0,0,65535_65535,2,60,1516299,5,1,1,0,4,0,12,1,1,pre_allocation
19,2876,greenran_normal,0,0,65535_65535,2,60,1516299,7,1,1,1,5,7,12,1,1,allocated
19,2876,greenran_normal,0,0,65535_65535,2,64,1516193,10,1,1,0,4,0,16,1,1,pre_allocation
19,2876,greenran_normal,0,0,65535_65535,2,64,1516193,13,1,1,1,5,13,16,1,1,allocated
19,2876,greenran_normal,0,0,65535_65535,2,43,1516007,15,1,1,0,4,0,20,1,1,pre_allocation
19,2876,greenran_normal,0,0,65535_65535,2,43,1516007,19,1,1,1,5,19,20,1,1,allocated
19,2876,greenran_normal,0,0,65535_65535,2,42,1515785,21,1,1,0,4,0,24,1,1,pre_allocation
19,2876,greenran_normal,0,0,65535_65535,2,42,1515785,27,1,1,1,5,27,24,1,1,allocated
19,2876,greenran_normal,0,0,65535_65535,2,36,1515648,27,1,1,0,4,0,28,1,1,pre_allocation
19,2876,greenran_normal,0,0,65535_65535,2,36,1515648,34,1,1,1,5,34,28,1,1,allocated
19,2876,greenran_normal,0,0,65535_65535,2,58,1515654,25,1,1,0,4,0,26,1,1,pre_allocation
19,2876,greenran_normal,0,0,65535_65535,2,58,1515654,32,1,1,1,5,32,26,1,1,allocated
19,2876,greenran_normal,0,0,65535_65535,2,59,1515619,25,1,1,0,4,0,26,1,1,pre_allocation
19,2876,greenran_normal,0,0,65535_65535,2,59,1515619,32,1,1,1,5,32,26,1,1,allocated
19,2876,greenran_normal,0,0,65535_65535,2,35,1515584,27,1,1,0,4,0,28,1,1,pre_allocation
19,2876,greenran_normal,0,0,65535_65535,2,35,1515584,34,1,1,1,5,34,28,1,1,allocated
19,2876,greenran_normal,0,0,65535_65535,2,44,1515584,27,1,1,0,4,0,28,1,1,pre_allocation
19,2876,greenran_normal,0,0,65535_65535,2,44,1515584,34,1,1,1,5,34,28,1,1,allocated
19,2876,greenran_normal,0,0,65535_65535,2,55,1515584,27,1,1,0,4,0,28,1,1,pre_allocation
19,2876,greenran_normal,0,0,65535_65535,2,55,1515584,34,1,1,1,5,34,28,1,1,allocated
19,2876,greenran_normal,0,0,65535_65535,2,56,1515584,27,1,1,0,4,0,28,1,1,pre_allocation
19,2876,greenran_normal,0,0,65535_65535,2,56,1515584,34,1,1,1,5,34,28,1,1,allocated
19,2876,greenran_normal,0,0,65535_65535,2,57,1515584,27,1,1,0,4,0,28,1,1,pre_allocation
19,2876,greenran_normal,0,0,65535_65535,2,57,1515584,34,1,1,1,5,34,28,1,1,allocated
19,2876,greenran_normal,0,0,65535_65535,2,37,1515586,27,1,1,0,4,0,28,1,1,pre_allocation
19,2876,greenran_normal,0,0,65535_65535,2,37,1515586,34,1,1,1,5,34,28,1,1,allocated
19,2876,greenran_normal,0,0,65535_65535,2,41,1515586,27,1,1,0,4,0,28,1,1,pre_allocation
19,2876,greenran_normal,0,0,65535_65535,2,41,1515586,34,1,1,1,5,34,28,1,1,allocated
19,2876,greenran_normal,0,0,65535_65535,2,39,1515586,21,1,1,0,4,0,24,1,1,pre_allocation
19,2876,greenran_normal,0,0,65535_65535,2,39,1515586,27,1,1,1,5,27,24,1,1,allocated
19,2876,greenran_normal,0,0,65535_65535,2,40,1515585,27,1,1,0,4,0,28,1,1,pre_allocation
19,2876,greenran_normal,0,0,65535_65535,2,40,1515585,34,1,1,1,5,34,28,1,1,allocated
19,2876,greenran_normal,0,0,65535_65535,2,63,1515581,27,1,1,0,4,0,28,1,1,pre_allocation
19,2876,greenran_normal,0,0,65535_65535,2,63,1515581,34,1,1,1,5,34,28,1,1,allocated
19,2876,greenran_normal,0,0,65535_65535,2,62,1515581,27,1,1,0,4,0,28,1,1,pre_allocation
19,2876,greenran_normal,0,0,65535_65535,2,62,1515581,34,1,1,1,5,34,28,1,1,allocated
19,2876,greenran_normal,0,0,65535_65535,2,61,1515581,27,1,1,0,4,0,28,1,1,pre_allocation
19,2876,greenran_normal,0,0,65535_65535,2,61,1515581,34,1,1,1,5,34,28,1,1,allocated
19,2876,greenran_normal,0,0,65535_65535,2,38,1516501,1,1,1,0,5,0,2,1,1,pre_allocation
19,2876,greenran_normal,0,0,65535_65535,2,38,1516501,1,1,1,1,6,1,2,1,1,allocated
19,2876,greenran_normal,0,0,65535_65535,2,60,1516299,7,1,1,0,5,0,12,1,1,pre_allocation
19,2876,greenran_normal,0,0,65535_65535,2,60,1516299,9,1,1,1,6,9,12,1,1,allocated
19,2876,greenran_normal,0,0,65535_65535,2,64,1516193,13,1,1,0,5,0,16,1,1,pre_allocation
19,2876,greenran_normal,0,0,65535_65535,2,64,1516193,16,1,1,1,6,16,16,1,1,allocated
19,2876,greenran_normal,0,0,65535_65535,2,43,1516007,19,1,1,0,5,0,20,1,1,pre_allocation
19,2876,greenran_normal,0,0,65535_65535,2,43,1516007,24,1,1,1,6,24,20,1,1,allocated
19,2876,greenran_normal,0,0,65535_65535,2,42,1515785,27,1,1,0,5,0,24,1,1,pre_allocation
19,2876,greenran_normal,0,0,65535_65535,2,42,1515785,34,1,1,1,6,34,24,1,1,allocated
19,2876,greenran_normal,0,0,65535_65535,2,36,1515648,34,1,1,0,5,0,28,1,1,pre_allocation
19,2876,greenran_normal,0,0,65535_65535,2,36,1515648,42,1,1,1,6,42,28,1,1,allocated
19,2876,greenran_normal,0,0,65535_65535,2,58,1515654,32,1,1,0,5,0,26,1,1,pre_allocation
19,2876,greenran_normal,0,0,65535_65535,2,58,1515654,39,1,1,1,6,39,26,1,1,allocated
19,2876,greenran_normal,0,0,65535_65535,2,59,1515619,32,1,1,0,5,0,26,1,1,pre_allocation
19,2876,greenran_normal,0,0,65535_65535,2,59,1515619,39,1,1,1,6,39,26,1,1,allocated
19,2876,greenran_normal,0,0,65535_65535,2,35,1515584,34,1,1,0,5,0,28,1,1,pre_allocation
19,2876,greenran_normal,0,0,65535_65535,2,35,1515584,42,1,1,1,6,42,28,1,1,allocated
19,2876,greenran_normal,0,0,65535_65535,2,44,1515584,34,1,1,0,5,0,28,1,1,pre_allocation
19,2876,greenran_normal,0,0,65535_65535,2,44,1515584,42,1,1,1,6,42,28,1,1,allocated
19,2876,greenran_normal,0,0,65535_65535,2,55,1515584,34,1,1,0,5,0,28,1,1,pre_allocation
19,2876,greenran_normal,0,0,65535_65535,2,55,1515584,42,1,1,1,6,42,28,1,1,allocated
19,2876,greenran_normal,0,0,65535_65535,2,56,1515584,34,1,1,0,5,0,28,1,1,pre_allocation
19,2876,greenran_normal,0,0,65535_65535,2,56,1515584,42,1,1,1,6,42,28,1,1,allocated
19,2876,greenran_normal,0,0,65535_65535,2,57,1515584,34,1,1,0,5,0,28,1,1,pre_allocation
19,2876,greenran_normal,0,0,65535_65535,2,57,1515584,42,1,1,1,6,42,28,1,1,allocated
19,2876,greenran_normal,0,0,65535_65535,2,37,1515586,34,1,1,0,5,0,28,1,1,pre_allocation
19,2876,greenran_normal,0,0,65535_65535,2,37,1515586,42,1,1,1,6,42,28,1,1,allocated
19,2876,greenran_normal,0,0,65535_65535,2,41,1515586,34,1,1,0,5,0,28,1,1,pre_allocation
19,2876,greenran_normal,0,0,65535_65535,2,41,1515586,42,1,1,1,6,42,28,1,1,allocated
19,2876,greenran_normal,0,0,65535_65535,2,39,1515586,27,1,1,0,5,0,24,1,1,pre_allocation
19,2876,greenran_normal,0,0,65535_65535,2,39,1515586,34,1,1,1,6,34,24,1,1,allocated
19,2876,greenran_normal,0,0,65535_65535,2,40,1515585,34,1,1,0,5,0,28,1,1,pre_allocation
19,2876,greenran_normal,0,0,65535_65535,2,40,1515585,42,1,1,1,6,42,28,1,1,allocated
19,2876,greenran_normal,0,0,65535_65535,2,63,1515581,34,1,1,0,5,0,28,1,1,pre_allocation
19,2876,greenran_normal,0,0,65535_65535,2,63,1515581,42,1,1,1,6,42,28,1,1,allocated
19,2876,greenran_normal,0,0,65535_65535,2,62,1515581,34,1,1,0,5,0,28,1,1,pre_allocation
19,2876,greenran_normal,0,0,65535_65535,2,62,1515581,42,1,1,1,6,42,28,1,1,allocated
19,2876,greenran_normal,0,0,65535_65535,2,61,1515581,34,1,1,0,5,0,28,1,1,pre_allocation
19,2876,greenran_normal,0,0,65535_65535,2,61,1515581,42,1,1,1,6,42,28,1,1,allocated
19,2876,greenran_normal,0,0,65535_65535,2,38,1516501,1,1,1,0,6,0,2,1,1,pre_allocation
19,2876,greenran_normal,0,0,65535_65535,2,38,1516501,2,1,1,1,7,2,2,1,1,allocated
19,2876,greenran_normal,0,0,65535_65535,2,60,1516299,9,1,1,0,6,0,12,1,1,pre_allocation
19,2876,greenran_normal,0,0,65535_65535,2,60,1516299,11,1,1,1,7,11,12,1,1,allocated
19,2876,greenran_normal,0,0,65535_65535,2,64,1516193,16,1,1,0,6,0,16,1,1,pre_allocation
19,2876,greenran_normal,0,0,65535_65535,2,64,1516193,20,1,1,1,7,20,16,1,1,allocated
19,2876,greenran_normal,0,0,65535_65535,2,43,1516007,24,1,1,0,6,0,20,1,1,pre_allocation
19,2876,greenran_normal,0,0,65535_65535,2,43,1516007,28,1,1,1,7,28,20,1,1,allocated
19,2876,greenran_normal,0,0,65535_65535,2,42,1515785,34,1,1,0,6,0,24,1,1,pre_allocation
19,2876,greenran_normal,0,0,65535_65535,2,42,1515785,40,1,1,1,7,40,24,1,1,allocated
19,2876,greenran_normal,0,0,65535_65535,2,36,1515648,42,1,1,0,6,0,28,1,1,pre_allocation
19,2876,greenran_normal,0,0,65535_65535,2,36,1515648,50,1,1,1,7,50,28,1,1,allocated
19,2876,greenran_normal,0,0,65535_65535,2,58,1515654,39,1,1,0,6,0,26,1,1,pre_allocation
19,2876,greenran_normal,0,0,65535_65535,2,58,1515654,46,1,1,1,7,46,26,1,1,allocated
19,2876,greenran_normal,0,0,65535_65535,2,59,1515619,39,1,1,0,6,0,26,1,1,pre_allocation
19,2876,greenran_normal,0,0,65535_65535,2,59,1515619,46,1,1,1,7,46,26,1,1,allocated
19,2876,greenran_normal,0,0,65535_65535,2,35,1515584,42,1,1,0,6,0,28,1,1,pre_allocation
19,2876,greenran_normal,0,0,65535_65535,2,35,1515584,50,1,1,1,7,50,28,1,1,allocated
19,2876,greenran_normal,0,0,65535_65535,2,44,1515584,42,1,1,0,6,0,28,1,1,pre_allocation
19,2876,greenran_normal,0,0,65535_65535,2,44,1515584,50,1,1,1,7,50,28,1,1,allocated
19,2876,greenran_normal,0,0,65535_65535,2,55,1515584,42,1,1,0,6,0,28,1,1,pre_allocation
19,2876,greenran_normal,0,0,65535_65535,2,55,1515584,50,1,1,1,7,50,28,1,1,allocated
19,2876,greenran_normal,0,0,65535_65535,2,56,1515584,42,1,1,0,6,0,28,1,1,pre_allocation
19,2876,greenran_normal,0,0,65535_65535,2,56,1515584,50,1,1,1,7,50,28,1,1,allocated
19,2876,greenran_normal,0,0,65535_65535,2,57,1515584,42,1,1,0,6,0,28,1,1,pre_allocation
19,2876,greenran_normal,0,0,65535_65535,2,57,1515584,50,1,1,1,7,50,28,1,1,allocated
19,2876,greenran_normal,0,0,65535_65535,2,37,1515586,42,1,1,0,6,0,28,1,1,pre_allocation
19,2876,greenran_normal,0,0,65535_65535,2,37,1515586,50,1,1,1,7,50,28,1,1,allocated
19,2876,greenran_normal,0,0,65535_65535,2,41,1515586,42,1,1,0,6,0,28,1,1,pre_allocation
19,2876,greenran_normal,0,0,65535_65535,2,41,1515586,50,1,1,1,7,50,28,1,1,allocated
19,2876,greenran_normal,0,0,65535_65535,2,39,1515586,34,1,1,0,6,0,24,1,1,pre_allocation
19,2876,greenran_normal,0,0,65535_65535,2,39,1515586,40,1,1,1,7,40,24,1,1,allocated
19,2876,greenran_normal,0,0,65535_65535,2,40,1515585,42,1,1,0,6,0,28,1,1,pre_allocation
19,2876,greenran_normal,0,0,65535_65535,2,40,1515585,50,1,1,1,7,50,28,1,1,allocated
19,2876,greenran_normal,0,0,65535_65535,2,63,1515581,42,1,1,0,6,0,28,1,1,pre_allocation
19,2876,greenran_normal,0,0,65535_65535,2,63,1515581,50,1,1,1,7,50,28,1,1,allocated
19,2876,greenran_normal,0,0,65535_65535,2,62,1515581,42,1,1,0,6,0,28,1,1,pre_allocation
19,2876,greenran_normal,0,0,65535_65535,2,62,1515581,50,1,1,1,7,50,28,1,1,allocated
19,2876,greenran_normal,0,0,65535_65535,2,61,1515581,42,1,1,0,6,0,28,1,1,pre_allocation
19,2876,greenran_normal,0,0,65535_65535,2,61,1515581,50,1,1,1,7,50,28,1,1,allocated
19,2876,greenran_normal,0,0,65535_65535,2,38,1516501,2,1,1,0,7,0,2,1,1,pre_allocation
19,2876,greenran_normal,0,0,65535_65535,2,38,1516501,2,1,1,1,8,2,2,1,1,allocated
19,2876,greenran_normal,0,0,65535_65535,2,60,1516299,11,1,1,0,7,0,12,1,1,pre_allocation
19,2876,greenran_normal,0,0,65535_65535,2,60,1516299,13,1,1,1,8,13,12,1,1,allocated
19,2876,greenran_normal,0,0,65535_65535,2,64,1516193,20,1,1,0,7,0,16,1,1,pre_allocation
19,2876,greenran_normal,0,0,65535_65535,2,64,1516193,23,1,1,1,8,23,16,1,1,allocated
19,2876,greenran_normal,0,0,65535_65535,2,43,1516007,28,1,1,0,7,0,20,1,1,pre_allocation
19,2876,greenran_normal,0,0,65535_65535,2,43,1516007,33,1,1,1,8,33,20,1,1,allocated
19,2876,greenran_normal,0,0,65535_65535,2,42,1515785,40,1,1,0,7,0,24,1,1,pre_allocation
19,2876,greenran_normal,0,0,65535_65535,2,42,1515785,46,1,1,1,8,46,24,1,1,allocated
19,2876,greenran_normal,0,0,65535_65535,2,36,1515648,50,1,1,0,7,0,28,1,1,pre_allocation
19,2876,greenran_normal,0,0,65535_65535,2,36,1515648,57,1,1,1,8,57,28,1,1,allocated
21,2996,greenran_normal,0,0,65535_65535,0,4,50271,0,1,1,0,0,0,24,1,1,pre_allocation
21,2996,greenran_normal,0,0,65535_65535,0,4,50271,3,1,1,1,1,3,24,1,1,allocated
21,2996,greenran_normal,0,0,65535_65535,0,1,49472,0,1,1,0,0,0,28,1,1,pre_allocation
21,2996,greenran_normal,0,0,65535_65535,0,1,49472,4,1,1,1,1,4,28,1,1,allocated
21,2996,greenran_normal,0,0,65535_65535,0,2,49472,0,1,1,0,0,0,28,1,1,pre_allocation
21,2996,greenran_normal,0,0,65535_65535,0,2,49472,4,1,1,1,1,4,28,1,1,allocated
21,2996,greenran_normal,0,0,65535_65535,0,3,49464,0,1,1,0,0,0,28,1,1,pre_allocation
21,2996,greenran_normal,0,0,65535_65535,0,3,49464,4,1,1,1,1,4,28,1,1,allocated
21,2996,greenran_normal,0,0,65535_65535,0,5,49464,0,1,1,0,0,0,28,1,1,pre_allocation
21,2996,greenran_normal,0,0,65535_65535,0,5,49464,4,1,1,1,1,4,28,1,1,allocated
21,2996,greenran_normal,0,0,65535_65535,0,4,50271,3,1,1,0,1,0,24,1,1,pre_allocation
21,2996,greenran_normal,0,0,65535_65535,0,4,50271,9,1,1,1,2,9,24,1,1,allocated
21,2996,greenran_normal,0,0,65535_65535,0,1,49472,4,1,1,0,1,0,28,1,1,pre_allocation
21,2996,greenran_normal,0,0,65535_65535,0,1,49472,12,1,1,1,2,12,28,1,1,allocated
21,2996,greenran_normal,0,0,65535_65535,0,2,49472,4,1,1,0,1,0,28,1,1,pre_allocation
21,2996,greenran_normal,0,0,65535_65535,0,2,49472,12,1,1,1,2,12,28,1,1,allocated
21,2996,greenran_normal,0,0,65535_65535,0,3,49464,4,1,1,0,1,0,28,1,1,pre_allocation
21,2996,greenran_normal,0,0,65535_65535,0,3,49464,12,1,1,1,2,12,28,1,1,allocated
21,2996,greenran_normal,0,0,65535_65535,0,5,49464,4,1,1,0,1,0,28,1,1,pre_allocation
21,2996,greenran_normal,0,0,65535_65535,0,5,49464,12,1,1,1,2,12,28,1,1,allocated
21,2996,greenran_normal,0,0,65535_65535,0,4,50271,9,1,1,0,2,0,24,1,1,pre_allocation
21,2996,greenran_normal,0,0,65535_65535,0,4,50271,15,1,1,1,3,15,24,1,1,allocated
21,2996,greenran_normal,0,0,65535_65535,0,1,49472,12,1,1,0,2,0,28,1,1,pre_allocation
21,2996,greenran_normal,0,0,65535_65535,0,1,49472,19,1,1,1,3,19,28,1,1,allocated
21,2996,greenran_normal,0,0,65535_65535,0,2,49472,12,1,1,0,2,0,28,1,1,pre_allocation
21,2996,greenran_normal,0,0,65535_65535,0,2,49472,19,1,1,1,3,19,28,1,1,allocated
21,2996,greenran_normal,0,0,65535_65535,0,3,49464,12,1,1,0,2,0,28,1,1,pre_allocation
21,2996,greenran_normal,0,0,65535_65535,0,3,49464,19,1,1,1,3,19,28,1,1,allocated
21,2996,greenran_normal,0,0,65535_65535,0,5,49464,12,1,1,0,2,0,28,1,1,pre_allocation
21,2996,greenran_normal,0,0,65535_65535,0,5,49464,19,1,1,1,3,19,28,1,1,allocated
21,2996,greenran_normal,0,0,65535_65535,0,4,50271,15,1,1,0,3,0,24,1,1,pre_allocation
21,2996,greenran_normal,0,0,65535_65535,0,4,50271,21,1,1,1,4,21,24,1,1,allocated
21,2996,greenran_normal,0,0,65535_65535,0,1,49472,19,1,1,0,3,0,28,1,1,pre_allocation
21,2996,greenran_normal,0,0,65535_65535,0,1,49472,27,1,1,1,4,27,28,1,1,allocated
21,2996,greenran_normal,0,0,65535_65535,0,2,49472,19,1,1,0,3,0,28,1,1,pre_allocation
21,2996,greenran_normal,0,0,65535_65535,0,2,49472,27,1,1,1,4,27,28,1,1,allocated
21,2996,greenran_normal,0,0,65535_65535,0,3,49464,19,1,1,0,3,0,28,1,1,pre_allocation
21,2996,greenran_normal,0,0,65535_65535,0,3,49464,27,1,1,1,4,27,28,1,1,allocated
21,2996,greenran_normal,0,0,65535_65535,0,5,49464,19,1,1,0,3,0,28,1,1,pre_allocation
21,2996,greenran_normal,0,0,65535_65535,0,5,49464,27,1,1,1,4,27,28,1,1,allocated
21,2996,greenran_normal,0,0,65535_65535,0,4,50271,21,1,1,0,4,0,24,1,1,pre_allocation
21,2996,greenran_normal,0,0,65535_65535,0,4,50271,27,1,1,1,5,27,24,1,1,allocated
21,2996,greenran_normal,0,0,65535_65535,0,1,49472,27,1,1,0,4,0,28,1,1,pre_allocation
21,2996,greenran_normal,0,0,65535_65535,0,1,49472,34,1,1,1,5,34,28,1,1,allocated
21,2996,greenran_normal,0,0,65535_65535,0,2,49472,27,1,1,0,4,0,28,1,1,pre_allocation
21,2996,greenran_normal,0,0,65535_65535,0,2,49472,34,1,1,1,5,34,28,1,1,allocated
21,2996,greenran_normal,0,0,65535_65535,0,3,49464,27,1,1,0,4,0,28,1,1,pre_allocation
21,2996,greenran_normal,0,0,65535_65535,0,3,49464,34,1,1,1,5,34,28,1,1,allocated
21,2996,greenran_normal,0,0,65535_65535,0,5,49464,27,1,1,0,4,0,28,1,1,pre_allocation
21,2996,greenran_normal,0,0,65535_65535,0,5,49464,34,1,1,1,5,34,28,1,1,allocated
21,2996,greenran_normal,0,0,65535_65535,0,4,50271,27,1,1,0,5,0,24,1,1,pre_allocation
21,2996,greenran_normal,0,0,65535_65535,0,4,50271,34,1,1,1,6,34,24,1,1,allocated
21,2996,greenran_normal,0,0,65535_65535,0,1,49472,34,1,1,0,5,0,28,1,1,pre_allocation
21,2996,greenran_normal,0,0,65535_65535,0,1,49472,42,1,1,1,6,42,28,1,1,allocated
21,2996,greenran_normal,0,0,65535_65535,0,2,49472,34,1,1,0,5,0,28,1,1,pre_allocation
21,2996,greenran_normal,0,0,65535_65535,0,2,49472,42,1,1,1,6,42,28,1,1,allocated
21,2996,greenran_normal,0,0,65535_65535,0,3,49464,34,1,1,0,5,0,28,1,1,pre_allocation
21,2996,greenran_normal,0,0,65535_65535,0,3,49464,42,1,1,1,6,42,28,1,1,allocated
21,2996,greenran_normal,0,0,65535_65535,0,5,49464,34,1,1,0,5,0,28,1,1,pre_allocation
21,2996,greenran_normal,0,0,65535_65535,0,5,49464,42,1,1,1,6,42,28,1,1,allocated
21,2996,greenran_normal,0,0,65535_65535,0,4,50271,34,1,1,0,6,0,24,1,1,pre_allocation
21,2996,greenran_normal,0,0,65535_65535,0,4,50271,40,1,1,1,7,40,24,1,1,allocated
21,2996,greenran_normal,0,0,65535_65535,0,1,49472,42,1,1,0,6,0,28,1,1,pre_allocation
21,2996,greenran_normal,0,0,65535_65535,0,1,49472,50,1,1,1,7,50,28,1,1,allocated
21,2996,greenran_normal,0,0,65535_65535,0,2,49472,42,1,1,0,6,0,28,1,1,pre_allocation
21,2996,greenran_normal,0,0,65535_65535,0,2,49472,50,1,1,1,7,50,28,1,1,allocated
21,2996,greenran_normal,0,0,65535_65535,0,3,49464,42,1,1,0,6,0,28,1,1,pre_allocation
21,2996,greenran_normal,0,0,65535_65535,0,3,49464,50,1,1,1,7,50,28,1,1,allocated
21,2996,greenran_normal,0,0,65535_65535,0,5,49464,42,1,1,0,6,0,28,1,1,pre_allocation
21,2996,greenran_normal,0,0,65535_65535,0,5,49464,50,1,1,1,7,50,28,1,1,allocated
21,2996,greenran_normal,0,0,65535_65535,0,4,50271,40,1,1,0,7,0,24,1,1,pre_allocation
21,2996,greenran_normal,0,0,65535_65535,0,4,50271,46,1,1,1,8,46,24,1,1,allocated
21,2996,greenran_normal,0,0,65535_65535,0,1,49472,50,1,1,0,7,0,28,1,1,pre_allocation
21,2996,greenran_normal,0,0,65535_65535,0,1,49472,57,1,1,1,8,57,28,1,1,allocated
21,2996,greenran_normal,0,0,65535_65535,0,2,49472,50,1,1,0,7,0,28,1,1,pre_allocation
21,2996,greenran_normal,0,0,65535_65535,0,2,49472,57,1,1,1,8,57,28,1,1,allocated
21,2996,greenran_normal,0,0,65535_65535,0,3,49464,50,1,1,0,7,0,28,1,1,pre_allocation
21,2996,greenran_normal,0,0,65535_65535,0,3,49464,57,1,1,1,8,57,28,1,1,allocated
21,2996,greenran_normal,0,0,65535_65535,0,5,49464,50,1,1,0,7,0,28,1,1,pre_allocation
21,2996,greenran_normal,0,0,65535_65535,0,5,49464,57,1,1,1,8,57,28,1,1,allocated
21,2996,greenran_normal,0,0,65535_65535,0,4,50271,46,1,1,0,8,0,24,1,1,pre_allocation
21,2996,greenran_normal,0,0,65535_65535,0,4,50271,52,1,1,1,9,52,24,1,1,allocated
21,2996,greenran_normal,0,0,65535_65535,0,1,49472,57,1,1,0,8,0,28,1,1,pre_allocation
21,2996,greenran_normal,0,0,65535_65535,0,1,49472,65,1,1,1,9,65,28,1,1,allocated
21,2996,greenran_normal,0,0,65535_65535,0,2,49472,57,1,1,0,8,0,28,1,1,pre_allocation
21,2996,greenran_normal,0,0,65535_65535,0,2,49472,65,1,1,1,9,65,28,1,1,allocated
21,2996,greenran_normal,0,0,65535_65535,0,3,49464,57,1,1,0,8,0,28,1,1,pre_allocation
21,2996,greenran_normal,0,0,65535_65535,0,3,49464,65,1,1,1,9,65,28,1,1,allocated
21,2996,greenran_normal,0,0,65535_65535,0,5,49464,57,1,1,0,8,0,28,1,1,pre_allocation
21,2996,greenran_normal,0,0,65535_65535,0,5,49464,65,1,1,1,9,65,28,1,1,allocated
21,2996,greenran_normal,0,0,65535_65535,0,4,50271,52,1,1,0,9,0,24,1,1,pre_allocation
21,2996,greenran_normal,0,0,65535_65535,0,4,50271,58,1,1,1,10,58,24,1,1,allocated
21,2996,greenran_normal,0,0,65535_65535,0,1,49472,65,1,1,0,9,0,28,1,1,pre_allocation
21,2996,greenran_normal,0,0,65535_65535,0,1,49472,72,1,1,1,10,72,28,1,1,allocated
21,2996,greenran_normal,0,0,65535_65535,0,2,49472,65,1,1,0,9,0,28,1,1,pre_allocation
21,2996,greenran_normal,0,0,65535_65535,0,2,49472,72,1,1,1,10,72,28,1,1,allocated
21,2996,greenran_normal,0,0,65535_65535,0,3,49464,65,1,1,0,9,0,28,1,1,pre_allocation
21,2996,greenran_normal,0,0,65535_65535,0,3,49464,72,1,1,1,10,72,28,1,1,allocated
21,2996,greenran_normal,0,0,65535_65535,0,5,49464,65,1,1,0,9,0,28,1,1,pre_allocation
21,2996,greenran_normal,0,0,65535_65535,0,5,49464,72,1,1,1,10,72,28,1,1,allocated
21,2996,greenran_normal,0,0,65535_65535,0,4,50271,58,1,1,0,10,0,24,1,1,pre_allocation
21,2996,greenran_normal,0,0,65535_65535,0,4,50271,65,1,1,1,11,65,24,1,1,allocated
21,2996,greenran_normal,0,0,65535_65535,0,1,49472,72,1,1,0,10,0,28,1,1,pre_allocation
21,2996,greenran_normal,0,0,65535_65535,0,1,49472,80,1,1,1,11,80,28,1,1,allocated
21,2996,greenran_normal,0,0,65535_65535,0,2,49472,72,1,1,0,10,0,28,1,1,pre_allocation
21,2996,greenran_normal,0,0,65535_65535,0,2,49472,80,1,1,1,11,80,28,1,1,allocated
21,2996,greenran_normal,0,0,65535_65535,0,3,49464,72,1,1,0,10,0,28,1,1,pre_allocation
21,2996,greenran_normal,0,0,65535_65535,0,3,49464,80,1,1,1,11,80,28,1,1,allocated
21,2996,greenran_normal,0,0,65535_65535,0,5,49464,72,1,1,0,10,0,28,1,1,pre_allocation
21,2996,greenran_normal,0,0,65535_65535,0,5,49464,80,1,1,1,11,80,28,1,1,allocated
21,2996,greenran_normal,0,0,65535_65535,0,4,50271,65,1,1,0,11,0,24,1,1,pre_allocation
21,2996,greenran_normal,0,0,65535_65535,0,4,50271,71,1,1,1,12,71,24,1,1,allocated
21,2996,greenran_normal,0,0,65535_65535,0,1,49472,80,1,1,0,11,0,28,1,1,pre_allocation
21,2996,greenran_normal,0,0,65535_65535,0,1,49472,88,1,1,1,12,88,28,1,1,allocated
21,2996,greenran_normal,0,0,65535_65535,0,2,49472,80,1,1,0,11,0,28,1,1,pre_allocation
21,2996,greenran_normal,0,0,65535_65535,0,2,49472,88,1,1,1,12,88,28,1,1,allocated
21,2996,greenran_normal,0,0,65535_65535,0,3,49464,80,1,1,0,11,0,28,1,1,pre_allocation
21,2996,greenran_normal,0,0,65535_65535,0,3,49464,88,1,1,1,12,88,28,1,1,allocated
21,2996,greenran_normal,0,0,65535_65535,0,5,49464,80,1,1,0,11,0,28,1,1,pre_allocation
21,2996,greenran_normal,0,0,65535_65535,0,5,49464,88,1,1,1,12,88,28,1,1,allocated
21,2996,greenran_normal,0,0,65535_65535,0,4,50271,71,1,1,0,12,0,24,1,1,pre_allocation
21,2996,greenran_normal,0,0,65535_65535,0,4,50271,77,1,1,1,13,77,24,1,1,allocated
21,2996,greenran_normal,0,0,65535_65535,0,1,49472,88,1,1,0,12,0,28,1,1,pre_allocation
21,2996,greenran_normal,0,0,65535_65535,0,1,49472,95,1,1,1,13,95,28,1,1,allocated
21,2996,greenran_normal,0,0,65535_65535,0,2,49472,88,1,1,0,12,0,28,1,1,pre_allocation
21,2996,greenran_normal,0,0,65535_65535,0,2,49472,95,1,1,1,13,95,28,1,1,allocated
21,2996,greenran_normal,0,0,65535_65535,0,3,49464,88,1,1,0,12,0,28,1,1,pre_allocation
21,2996,greenran_normal,0,0,65535_65535,0,3,49464,95,1,1,1,13,95,28,1,1,allocated
21,2996,greenran_normal,0,0,65535_65535,0,5,49464,88,1,1,0,12,0,28,1,1,pre_allocation
21,2996,greenran_normal,0,0,65535_65535,0,5,49464,95,1,1,1,13,95,28,1,1,allocated
21,2996,greenran_normal,0,0,65535_65535,0,4,50271,77,1,1,0,13,0,24,1,1,pre_allocation
21,2996,greenran_normal,0,0,65535_65535,0,4,50271,83,1,1,1,14,83,24,1,1,allocated
21,2996,greenran_normal,0,0,65535_65535,0,1,49472,95,1,1,0,13,0,28,1,1,pre_allocation
21,2996,greenran_normal,0,0,65535_65535,0,1,49472,103,1,1,1,14,103,28,1,1,allocated
21,2996,greenran_normal,0,0,65535_65535,0,2,49472,95,1,1,0,13,0,28,1,1,pre_allocation
21,2996,greenran_normal,0,0,65535_65535,0,2,49472,103,1,1,1,14,103,28,1,1,allocated
21,2996,greenran_normal,0,0,65535_65535,0,3,49464,95,1,1,0,13,0,28,1,1,pre_allocation
21,2996,greenran_normal,0,0,65535_65535,0,3,49464,103,1,1,1,14,103,28,1,1,allocated
21,2996,greenran_normal,0,0,65535_65535,0,5,49464,95,1,1,0,13,0,28,1,1,pre_allocation
21,2996,greenran_normal,0,0,65535_65535,0,5,49464,103,1,1,1,14,103,28,1,1,allocated
21,2996,greenran_normal,0,0,65535_65535,0,4,50271,83,1,1,0,14,0,24,1,1,pre_allocation
21,2996,greenran_normal,0,0,65535_65535,0,4,50271,89,1,1,1,15,89,24,1,1,allocated
21,2996,greenran_normal,0,0,65535_65535,0,1,49472,103,1,1,0,14,0,28,1,1,pre_allocation
21,2996,greenran_normal,0,0,65535_65535,0,1,49472,110,1,1,1,15,110,28,1,1,allocated
21,2996,greenran_normal,0,0,65535_65535,0,2,49472,103,1,1,0,14,0,28,1,1,pre_allocation
21,2996,greenran_normal,0,0,65535_65535,0,2,49472,110,1,1,1,15,110,28,1,1,allocated
21,2996,greenran_normal,0,0,65535_65535,0,3,49464,103,1,1,0,14,0,28,1,1,pre_allocation
21,2996,greenran_normal,0,0,65535_65535,0,3,49464,110,1,1,1,15,110,28,1,1,allocated
21,2996,greenran_normal,0,0,65535_65535,0,5,49464,103,1,1,0,14,0,28,1,1,pre_allocation
21,2996,greenran_normal,0,0,65535_65535,0,5,49464,110,1,1,1,15,110,28,1,1,allocated
21,2996,greenran_normal,0,0,65535_65535,0,4,50271,89,1,1,0,15,0,24,1,1,pre_allocation
21,2996,greenran_normal,0,0,65535_65535,0,4,50271,96,1,1,1,16,96,24,1,1,allocated
21,2996,greenran_normal,0,0,65535_65535,0,1,49472,110,1,1,0,15,0,28,1,1,pre_allocation
21,2996,greenran_normal,0,0,65535_65535,0,1,49472,118,1,1,1,16,118,28,1,1,allocated
21,2996,greenran_normal,0,0,65535_65535,0,2,49472,110,1,1,0,15,0,28,1,1,pre_allocation
21,2996,greenran_normal,0,0,65535_65535,0,2,49472,118,1,1,1,16,118,28,1,1,allocated
21,2996,greenran_normal,0,0,65535_65535,0,3,49464,110,1,1,0,15,0,28,1,1,pre_allocation
21,2996,greenran_normal,0,0,65535_65535,0,3,49464,118,1,1,1,16,118,28,1,1,allocated
21,2996,greenran_normal,0,0,65535_65535,0,5,49464,110,1,1,0,15,0,28,1,1,pre_allocation
21,2996,greenran_normal,0,0,65535_65535,0,5,49464,118,1,1,1,16,118,28,1,1,allocated
21,2996,greenran_normal,0,0,65535_65535,0,4,50271,96,1,1,0,16,0,24,1,1,pre_allocation
21,2996,greenran_normal,0,0,65535_65535,0,4,50271,102,1,1,1,17,102,24,1,1,allocated
21,2996,greenran_normal,0,0,65535_65535,0,1,49472,118,1,1,0,16,0,28,1,1,pre_allocation
21,2996,greenran_normal,0,0,65535_65535,0,1,49472,126,1,1,1,17,126,28,1,1,allocated
21,2996,greenran_normal,0,0,65535_65535,0,2,49472,118,1,1,0,16,0,28,1,1,pre_allocation
21,2996,greenran_normal,0,0,65535_65535,0,2,49472,126,1,1,1,17,126,28,1,1,allocated
21,2996,greenran_normal,0,0,65535_65535,0,3,49464,118,1,1,0,16,0,28,1,1,pre_allocation
21,2996,greenran_normal,0,0,65535_65535,0,3,49464,126,1,1,1,17,126,28,1,1,allocated
21,2996,greenran_normal,0,0,65535_65535,0,5,49464,118,1,1,0,16,0,28,1,1,pre_allocation
21,2996,greenran_normal,0,0,65535_65535,0,5,49464,126,1,1,1,17,126,28,1,1,allocated
21,2996,greenran_normal,0,0,65535_65535,0,4,50271,102,1,1,0,17,0,24,1,1,pre_allocation
21,2996,greenran_normal,0,0,65535_65535,0,4,50271,108,1,1,1,18,108,24,1,1,allocated
21,2996,greenran_normal,0,0,65535_65535,0,1,49472,126,1,1,0,17,0,28,1,1,pre_allocation
21,2996,greenran_normal,0,0,65535_65535,0,1,49472,133,1,1,1,18,133,28,1,1,allocated
21,2996,greenran_normal,0,0,65535_65535,0,2,49472,126,1,1,0,17,0,28,1,1,pre_allocation
21,2996,greenran_normal,0,0,65535_65535,0,2,49472,133,1,1,1,18,133,28,1,1,allocated
21,2996,greenran_normal,0,0,65535_65535,0,3,49464,126,1,1,0,17,0,28,1,1,pre_allocation
21,2996,greenran_normal,0,0,65535_65535,0,3,49464,133,1,1,1,18,133,28,1,1,allocated
21,2996,greenran_normal,0,0,65535_65535,0,5,49464,126,1,1,0,17,0,28,1,1,pre_allocation
21,2996,greenran_normal,0,0,65535_65535,0,5,49464,133,1,1,1,18,133,28,1,1,allocated
21,2996,greenran_normal,0,0,65535_65535,0,4,50271,108,1,1,0,18,0,24,1,1,pre_allocation
21,2996,greenran_normal,0,0,65535_65535,0,4,50271,114,1,1,1,19,114,24,1,1,allocated
21,2996,greenran_normal,0,0,65535_65535,0,1,49472,133,1,1,0,18,0,28,1,1,pre_allocation
21,2996,greenran_normal,0,0,65535_65535,0,1,49472,141,1,1,1,19,141,28,1,1,allocated
21,2996,greenran_normal,0,0,65535_65535,0,2,49472,133,1,1,0,18,0,28,1,1,pre_allocation
21,2996,greenran_normal,0,0,65535_65535,0,2,49472,141,1,1,1,19,141,28,1,1,allocated
21,2996,greenran_normal,0,0,65535_65535,0,3,49464,133,1,1,0,18,0,28,1,1,pre_allocation
21,2996,greenran_normal,0,0,65535_65535,0,3,49464,141,1,1,1,19,141,28,1,1,allocated
21,2996,greenran_normal,0,0,65535_65535,0,5,49464,133,1,1,0,18,0,28,1,1,pre_allocation
21,2996,greenran_normal,0,0,65535_65535,0,5,49464,141,1,1,1,19,141,28,1,1,allocated
21,2996,greenran_normal,0,0,65535_65535,0,4,50271,114,1,1,0,19,0,24,1,1,pre_allocation
21,2996,greenran_normal,0,0,65535_65535,0,4,50271,120,1,1,1,20,120,24,1,1,allocated
21,2996,greenran_normal,0,0,65535_65535,0,1,49472,141,1,1,0,19,0,28,1,1,pre_allocation
21,2996,greenran_normal,0,0,65535_65535,0,1,49472,148,1,1,1,20,148,28,1,1,allocated
21,2996,greenran_normal,0,0,65535_65535,0,2,49472,141,1,1,0,19,0,28,1,1,pre_allocation
21,2996,greenran_normal,0,0,65535_65535,0,2,49472,148,1,1,1,20,148,28,1,1,allocated
21,2996,greenran_normal,0,0,65535_65535,0,3,49464,141,1,1,0,19,0,28,1,1,pre_allocation
21,2996,greenran_normal,0,0,65535_65535,0,3,49464,148,1,1,1,20,148,28,1,1,allocated
21,2996,greenran_normal,0,0,65535_65535,0,5,49464,141,1,1,0,19,0,28,1,1,pre_allocation
21,2996,greenran_normal,0,0,65535_65535,0,5,49464,148,1,1,1,20,148,28,1,1,allocated
21,2996,greenran_normal,0,0,65535_65535,0,4,50271,120,1,1,0,20,0,24,1,1,pre_allocation
21,2996,greenran_normal,0,0,65535_65535,0,4,50271,126,1,1,1,21,126,24,1,1,allocated
21,2996,greenran_normal,0,0,65535_65535,0,1,49472,148,1,1,0,20,0,28,1,1,pre_allocation
21,2996,greenran_normal,0,0,65535_65535,0,1,49472,156,1,1,1,21,156,28,1,1,allocated
21,2996,greenran_normal,0,0,65535_65535,0,2,49472,148,1,1,0,20,0,28,1,1,pre_allocation
21,2996,greenran_normal,0,0,65535_65535,0,2,49472,156,1,1,1,21,156,28,1,1,allocated
21,2996,greenran_normal,0,0,65535_65535,0,3,49464,148,1,1,0,20,0,28,1,1,pre_allocation
21,2996,greenran_normal,0,0,65535_65535,0,3,49464,156,1,1,1,21,156,28,1,1,allocated
21,2996,greenran_normal,0,0,65535_65535,0,5,49464,148,1,1,0,20,0,28,1,1,pre_allocation
21,2996,greenran_normal,0,0,65535_65535,0,5,49464,156,1,1,1,21,156,28,1,1,allocated
21,2996,greenran_normal,0,0,65535_65535,0,4,50271,126,1,1,0,21,0,24,1,1,pre_allocation
21,2996,greenran_normal,0,0,65535_65535,0,4,50271,133,1,1,1,22,133,24,1,1,allocated
21,2996,greenran_normal,0,0,65535_65535,0,1,49472,156,1,1,0,21,0,28,1,1,pre_allocation
21,2996,greenran_normal,0,0,65535_65535,0,1,49472,163,1,1,1,22,163,28,1,1,allocated
21,2996,greenran_normal,0,0,65535_65535,0,2,49472,156,1,1,0,21,0,28,1,1,pre_allocation
21,2996,greenran_normal,0,0,65535_65535,0,2,49472,163,1,1,1,22,163,28,1,1,allocated
21,2996,greenran_normal,0,0,65535_65535,0,3,49464,156,1,1,0,21,0,28,1,1,pre_allocation
21,2996,greenran_normal,0,0,65535_65535,0,3,49464,163,1,1,1,22,163,28,1,1,allocated
21,2996,greenran_normal,0,0,65535_65535,0,5,49464,156,1,1,0,21,0,28,1,1,pre_allocation
21,2996,greenran_normal,0,0,65535_65535,0,5,49464,163,1,1,1,22,163,28,1,1,allocated
21,2996,greenran_normal,0,0,65535_65535,0,4,50271,133,1,1,0,22,0,24,1,1,pre_allocation
21,2996,greenran_normal,0,0,65535_65535,0,4,50271,139,1,1,1,23,139,24,1,1,allocated
21,2996,greenran_normal,0,0,65535_65535,0,1,49472,163,1,1,0,22,0,28,1,1,pre_allocation
21,2996,greenran_normal,0,0,65535_65535,0,1,49472,171,1,1,1,23,171,28,1,1,allocated
21,2996,greenran_normal,0,0,65535_65535,0,2,49472,163,1,1,0,22,0,28,1,1,pre_allocation
21,2996,greenran_normal,0,0,65535_65535,0,2,49472,171,1,1,1,23,171,28,1,1,allocated
21,2996,greenran_normal,0,0,65535_65535,0,3,49464,163,1,1,0,22,0,28,1,1,pre_allocation
21,2996,greenran_normal,0,0,65535_65535,0,3,49464,171,1,1,1,23,171,28,1,1,allocated
21,2996,greenran_normal,0,0,65535_65535,0,5,49464,163,1,1,0,22,0,28,1,1,pre_allocation
21,2996,greenran_normal,0,0,65535_65535,0,5,49464,171,1,1,1,23,171,28,1,1,allocated
21,2996,greenran_normal,0,0,65535_65535,0,4,50271,139,1,1,0,23,0,24,1,1,pre_allocation
21,2996,greenran_normal,0,0,65535_65535,0,4,50271,145,1,1,1,24,145,24,1,1,allocated
21,2996,greenran_normal,0,0,65535_65535,0,1,49472,171,1,1,0,23,0,28,1,1,pre_allocation
21,2996,greenran_normal,0,0,65535_65535,0,1,49472,179,1,1,1,24,179,28,1,1,allocated
21,2996,greenran_normal,0,0,65535_65535,0,2,49472,171,1,1,0,23,0,28,1,1,pre_allocation
21,2996,greenran_normal,0,0,65535_65535,0,2,49472,179,1,1,1,24,179,28,1,1,allocated
21,2996,greenran_normal,0,0,65535_65535,0,3,49464,171,1,1,0,23,0,28,1,1,pre_allocation
21,2996,greenran_normal,0,0,65535_65535,0,3,49464,179,1,1,1,24,179,28,1,1,allocated
21,2996,greenran_normal,0,0,65535_65535,0,5,49464,171,1,1,0,23,0,28,1,1,pre_allocation
21,2996,greenran_normal,0,0,65535_65535,0,5,49464,179,1,1,1,24,179,28,1,1,allocated
21,2996,greenran_normal,0,0,65535_65535,0,4,50271,145,1,1,0,24,0,24,1,1,pre_allocation
21,2996,greenran_normal,0,0,65535_65535,0,4,50271,151,1,1,1,25,151,24,1,1,allocated
21,2996,greenran_normal,0,0,65535_65535,0,1,49472,179,1,1,0,24,0,28,1,1,pre_allocation
21,2996,greenran_normal,0,0,65535_65535,0,1,49472,186,1,1,1,25,186,28,1,1,allocated
21,2996,greenran_normal,0,0,65535_65535,0,2,49472,179,1,1,0,24,0,28,1,1,pre_allocation
21,2996,greenran_normal,0,0,65535_65535,0,2,49472,186,1,1,1,25,186,28,1,1,allocated
21,2996,greenran_normal,0,0,65535_65535,0,3,49464,179,1,1,0,24,0,28,1,1,pre_allocation
21,2996,greenran_normal,0,0,65535_65535,0,3,49464,186,1,1,1,25,186,28,1,1,allocated
21,2996,greenran_normal,0,0,65535_65535,0,5,49464,179,1,1,0,24,0,28,1,1,pre_allocation
21,2996,greenran_normal,0,0,65535_65535,0,5,49464,186,1,1,1,25,186,28,1,1,allocated
21,2996,greenran_normal,0,0,65535_65535,0,4,50271,151,1,1,0,25,0,24,1,1,pre_allocation
21,2996,greenran_normal,0,0,65535_65535,0,4,50271,157,1,1,1,26,157,24,1,1,allocated
21,2996,greenran_normal,0,0,65535_65535,0,1,49472,186,1,1,0,25,0,28,1,1,pre_allocation
21,2996,greenran_normal,0,0,65535_65535,0,1,49472,194,1,1,1,26,194,28,1,1,allocated
21,2996,greenran_normal,0,0,65535_65535,0,2,49472,186,1,1,0,25,0,28,1,1,pre_allocation
21,2996,greenran_normal,0,0,65535_65535,0,2,49472,194,1,1,1,26,194,28,1,1,allocated
21,2996,greenran_normal,0,0,65535_65535,0,3,49464,186,1,1,0,25,0,28,1,1,pre_allocation
21,2996,greenran_normal,0,0,65535_65535,0,3,49464,194,1,1,1,26,194,28,1,1,allocated
21,2996,greenran_normal,0,0,65535_65535,0,5,49464,186,1,1,0,25,0,28,1,1,pre_allocation
21,2996,greenran_normal,0,0,65535_65535,0,5,49464,194,1,1,1,26,194,28,1,1,allocated
21,2996,greenran_normal,0,0,65535_65535,0,4,50271,157,1,1,0,26,0,24,1,1,pre_allocation
21,2996,greenran_normal,0,0,65535_65535,0,4,50271,164,1,1,1,27,164,24,1,1,allocated
21,2996,greenran_normal,0,0,65535_65535,0,1,49472,194,1,1,0,26,0,28,1,1,pre_allocation
21,2996,greenran_normal,0,0,65535_65535,0,1,49472,201,1,1,1,27,201,28,1,1,allocated
21,2996,greenran_normal,0,0,65535_65535,0,2,49472,194,1,1,0,26,0,28,1,1,pre_allocation
21,2996,greenran_normal,0,0,65535_65535,0,2,49472,201,1,1,1,27,201,28,1,1,allocated
21,2996,greenran_normal,0,0,65535_65535,0,3,49464,194,1,1,0,26,0,28,1,1,pre_allocation
21,2996,greenran_normal,0,0,65535_65535,0,3,49464,201,1,1,1,27,201,28,1,1,allocated
21,2996,greenran_normal,0,0,65535_65535,0,5,49464,194,1,1,0,26,0,28,1,1,pre_allocation
21,2996,greenran_normal,0,0,65535_65535,0,5,49464,201,1,1,1,27,201,28,1,1,allocated
21,2996,greenran_normal,0,0,65535_65535,0,4,50271,164,1,1,0,27,0,24,1,1,pre_allocation
21,2996,greenran_normal,0,0,65535_65535,0,4,50271,170,1,1,1,28,170,24,1,1,allocated
21,2996,greenran_normal,0,0,65535_65535,0,1,49472,201,1,1,0,27,0,28,1,1,pre_allocation
21,2996,greenran_normal,0,0,65535_65535,0,1,49472,209,1,1,1,28,209,28,1,1,allocated
21,2996,greenran_normal,0,0,65535_65535,0,2,49472,201,1,1,0,27,0,28,1,1,pre_allocation
21,2996,greenran_normal,0,0,65535_65535,0,2,49472,209,1,1,1,28,209,28,1,1,allocated
21,2996,greenran_normal,0,0,65535_65535,2,38,1592397,0,1,1,0,0,0,2,1,1,pre_allocation
21,2996,greenran_normal,0,0,65535_65535,2,38,1592397,0,1,1,1,1,0,2,1,1,allocated
21,2996,greenran_normal,0,0,65535_65535,2,60,1592177,0,1,1,0,0,0,12,1,1,pre_allocation
21,2996,greenran_normal,0,0,65535_65535,2,60,1592177,2,1,1,1,1,2,12,1,1,allocated
21,2996,greenran_normal,0,0,65535_65535,2,64,1592056,0,1,1,0,0,0,16,1,1,pre_allocation
21,2996,greenran_normal,0,0,65535_65535,2,64,1592056,0,1,1,1,1,0,16,1,1,allocated
21,2996,greenran_normal,0,0,65535_65535,2,43,1591852,0,1,1,0,0,0,20,1,1,pre_allocation
21,2996,greenran_normal,0,0,65535_65535,2,43,1591852,1,1,1,1,1,1,20,1,1,allocated
21,2996,greenran_normal,0,0,65535_65535,2,42,1591605,0,1,1,0,0,0,24,1,1,pre_allocation
21,2996,greenran_normal,0,0,65535_65535,2,42,1591605,3,1,1,1,1,3,24,1,1,allocated
21,2996,greenran_normal,0,0,65535_65535,2,59,1591450,0,1,1,0,0,0,24,1,1,pre_allocation
21,2996,greenran_normal,0,0,65535_65535,2,59,1591450,3,1,1,1,1,3,24,1,1,allocated
21,2996,greenran_normal,0,0,65535_65535,2,36,1591451,0,1,1,0,0,0,26,1,1,pre_allocation
21,2996,greenran_normal,0,0,65535_65535,2,36,1591451,4,1,1,1,1,4,26,1,1,allocated
21,2996,greenran_normal,0,0,65535_65535,2,39,1591402,0,1,1,0,0,0,28,1,1,pre_allocation
21,2996,greenran_normal,0,0,65535_65535,2,39,1591402,4,1,1,1,1,4,28,1,1,allocated
21,2996,greenran_normal,0,0,65535_65535,2,35,1591398,0,1,1,0,0,0,28,1,1,pre_allocation
21,2996,greenran_normal,0,0,65535_65535,2,35,1591398,4,1,1,1,1,4,28,1,1,allocated
21,2996,greenran_normal,0,0,65535_65535,2,44,1591398,0,1,1,0,0,0,28,1,1,pre_allocation
21,2996,greenran_normal,0,0,65535_65535,2,44,1591398,4,1,1,1,1,4,28,1,1,allocated
21,2996,greenran_normal,0,0,65535_65535,2,55,1591398,0,1,1,0,0,0,28,1,1,pre_allocation
21,2996,greenran_normal,0,0,65535_65535,2,55,1591398,4,1,1,1,1,4,28,1,1,allocated
21,2996,greenran_normal,0,0,65535_65535,2,58,1591464,0,1,1,0,0,0,28,1,1,pre_allocation
21,2996,greenran_normal,0,0,65535_65535,2,58,1591464,4,1,1,1,1,4,28,1,1,allocated
21,2996,greenran_normal,0,0,65535_65535,2,56,1591398,0,1,1,0,0,0,28,1,1,pre_allocation
21,2996,greenran_normal,0,0,65535_65535,2,56,1591398,4,1,1,1,1,4,28,1,1,allocated
21,2996,greenran_normal,0,0,65535_65535,2,57,1591398,0,1,1,0,0,0,28,1,1,pre_allocation
21,2996,greenran_normal,0,0,65535_65535,2,57,1591398,4,1,1,1,1,4,28,1,1,allocated
21,2996,greenran_normal,0,0,65535_65535,2,37,1591400,0,1,1,0,0,0,28,1,1,pre_allocation
21,2996,greenran_normal,0,0,65535_65535,2,37,1591400,4,1,1,1,1,4,28,1,1,allocated
21,2996,greenran_normal,0,0,65535_65535,2,41,1591400,0,1,1,0,0,0,28,1,1,pre_allocation
21,2996,greenran_normal,0,0,65535_65535,2,41,1591400,4,1,1,1,1,4,28,1,1,allocated
21,2996,greenran_normal,0,0,65535_65535,2,40,1591399,0,1,1,0,0,0,28,1,1,pre_allocation
21,2996,greenran_normal,0,0,65535_65535,2,40,1591399,4,1,1,1,1,4,28,1,1,allocated
21,2996,greenran_normal,0,0,65535_65535,2,63,1591395,0,1,1,0,0,0,28,1,1,pre_allocation
21,2996,greenran_normal,0,0,65535_65535,2,63,1591395,4,1,1,1,1,4,28,1,1,allocated
21,2996,greenran_normal,0,0,65535_65535,2,62,1591395,0,1,1,0,0,0,28,1,1,pre_allocation
21,2996,greenran_normal,0,0,65535_65535,2,62,1591395,4,1,1,1,1,4,28,1,1,allocated
21,2996,greenran_normal,0,0,65535_65535,2,61,1591395,0,1,1,0,0,0,28,1,1,pre_allocation
21,2996,greenran_normal,0,0,65535_65535,2,61,1591395,4,1,1,1,1,4,28,1,1,allocated
21,2996,greenran_normal,0,0,65535_65535,2,38,1592397,0,1,1,0,1,0,2,1,1,pre_allocation
21,2996,greenran_normal,0,0,65535_65535,2,38,1592397,0,1,1,1,2,0,2,1,1,allocated
21,2996,greenran_normal,0,0,65535_65535,2,60,1592177,2,1,1,0,1,0,12,1,1,pre_allocation
21,2996,greenran_normal,0,0,65535_65535,2,60,1592177,1,1,1,1,2,1,12,1,1,allocated
21,2996,greenran_normal,0,0,65535_65535,2,64,1592056,0,1,1,0,1,0,16,1,1,pre_allocation
21,2996,greenran_normal,0,0,65535_65535,2,64,1592056,3,1,1,1,2,3,16,1,1,allocated
21,2996,greenran_normal,0,0,65535_65535,2,43,1591852,1,1,1,0,1,0,20,1,1,pre_allocation
21,2996,greenran_normal,0,0,65535_65535,2,43,1591852,6,1,1,1,2,6,20,1,1,allocated
21,2996,greenran_normal,0,0,65535_65535,2,42,1591605,3,1,1,0,1,0,24,1,1,pre_allocation
21,2996,greenran_normal,0,0,65535_65535,2,42,1591605,9,1,1,1,2,9,24,1,1,allocated
21,2996,greenran_normal,0,0,65535_65535,2,59,1591450,3,1,1,0,1,0,24,1,1,pre_allocation
21,2996,greenran_normal,0,0,65535_65535,2,59,1591450,9,1,1,1,2,9,24,1,1,allocated
21,2996,greenran_normal,0,0,65535_65535,2,36,1591451,4,1,1,0,1,0,26,1,1,pre_allocation
21,2996,greenran_normal,0,0,65535_65535,2,36,1591451,11,1,1,1,2,11,26,1,1,allocated
21,2996,greenran_normal,0,0,65535_65535,2,39,1591402,4,1,1,0,1,0,28,1,1,pre_allocation
21,2996,greenran_normal,0,0,65535_65535,2,39,1591402,12,1,1,1,2,12,28,1,1,allocated
21,2996,greenran_normal,0,0,65535_65535,2,35,1591398,4,1,1,0,1,0,28,1,1,pre_allocation
21,2996,greenran_normal,0,0,65535_65535,2,35,1591398,12,1,1,1,2,12,28,1,1,allocated
21,2996,greenran_normal,0,0,65535_65535,2,44,1591398,4,1,1,0,1,0,28,1,1,pre_allocation
21,2996,greenran_normal,0,0,65535_65535,2,44,1591398,12,1,1,1,2,12,28,1,1,allocated
21,2996,greenran_normal,0,0,65535_65535,2,55,1591398,4,1,1,0,1,0,28,1,1,pre_allocation
21,2996,greenran_normal,0,0,65535_65535,2,55,1591398,12,1,1,1,2,12,28,1,1,allocated
21,2996,greenran_normal,0,0,65535_65535,2,58,1591464,4,1,1,0,1,0,28,1,1,pre_allocation
21,2996,greenran_normal,0,0,65535_65535,2,58,1591464,12,1,1,1,2,12,28,1,1,allocated
21,2996,greenran_normal,0,0,65535_65535,2,56,1591398,4,1,1,0,1,0,28,1,1,pre_allocation
21,2996,greenran_normal,0,0,65535_65535,2,56,1591398,12,1,1,1,2,12,28,1,1,allocated
21,2996,greenran_normal,0,0,65535_65535,2,57,1591398,4,1,1,0,1,0,28,1,1,pre_allocation
21,2996,greenran_normal,0,0,65535_65535,2,57,1591398,12,1,1,1,2,12,28,1,1,allocated
21,2996,greenran_normal,0,0,65535_65535,2,37,1591400,4,1,1,0,1,0,28,1,1,pre_allocation
21,2996,greenran_normal,0,0,65535_65535,2,37,1591400,12,1,1,1,2,12,28,1,1,allocated
21,2996,greenran_normal,0,0,65535_65535,2,41,1591400,4,1,1,0,1,0,28,1,1,pre_allocation
21,2996,greenran_normal,0,0,65535_65535,2,41,1591400,12,1,1,1,2,12,28,1,1,allocated
21,2996,greenran_normal,0,0,65535_65535,2,40,1591399,4,1,1,0,1,0,28,1,1,pre_allocation
21,2996,greenran_normal,0,0,65535_65535,2,40,1591399,12,1,1,1,2,12,28,1,1,allocated
21,2996,greenran_normal,0,0,65535_65535,2,63,1591395,4,1,1,0,1,0,28,1,1,pre_allocation
21,2996,greenran_normal,0,0,65535_65535,2,63,1591395,12,1,1,1,2,12,28,1,1,allocated
21,2996,greenran_normal,0,0,65535_65535,2,62,1591395,4,1,1,0,1,0,28,1,1,pre_allocation
21,2996,greenran_normal,0,0,65535_65535,2,62,1591395,12,1,1,1,2,12,28,1,1,allocated
21,2996,greenran_normal,0,0,65535_65535,2,61,1591395,4,1,1,0,1,0,28,1,1,pre_allocation
21,2996,greenran_normal,0,0,65535_65535,2,61,1591395,12,1,1,1,2,12,28,1,1,allocated
21,2996,greenran_normal,0,0,65535_65535,2,38,1592397,0,1,1,0,2,0,2,1,1,pre_allocation
21,2996,greenran_normal,0,0,65535_65535,2,38,1592397,0,1,1,1,3,0,2,1,1,allocated
21,2996,greenran_normal,0,0,65535_65535,2,60,1592177,1,1,1,0,2,0,12,1,1,pre_allocation
21,2996,greenran_normal,0,0,65535_65535,2,60,1592177,3,1,1,1,3,3,12,1,1,allocated
21,2996,greenran_normal,0,0,65535_65535,2,64,1592056,3,1,1,0,2,0,16,1,1,pre_allocation
21,2996,greenran_normal,0,0,65535_65535,2,64,1592056,6,1,1,1,3,6,16,1,1,allocated
21,2996,greenran_normal,0,0,65535_65535,2,43,1591852,6,1,1,0,2,0,20,1,1,pre_allocation
21,2996,greenran_normal,0,0,65535_65535,2,43,1591852,10,1,1,1,3,10,20,1,1,allocated
21,2996,greenran_normal,0,0,65535_65535,2,42,1591605,9,1,1,0,2,0,24,1,1,pre_allocation
21,2996,greenran_normal,0,0,65535_65535,2,42,1591605,15,1,1,1,3,15,24,1,1,allocated
21,2996,greenran_normal,0,0,65535_65535,2,59,1591450,9,1,1,0,2,0,24,1,1,pre_allocation
21,2996,greenran_normal,0,0,65535_65535,2,59,1591450,15,1,1,1,3,15,24,1,1,allocated
21,2996,greenran_normal,0,0,65535_65535,2,36,1591451,11,1,1,0,2,0,26,1,1,pre_allocation
21,2996,greenran_normal,0,0,65535_65535,2,36,1591451,18,1,1,1,3,18,26,1,1,allocated
21,2996,greenran_normal,0,0,65535_65535,2,39,1591402,12,1,1,0,2,0,28,1,1,pre_allocation
21,2996,greenran_normal,0,0,65535_65535,2,39,1591402,19,1,1,1,3,19,28,1,1,allocated
21,2996,greenran_normal,0,0,65535_65535,2,35,1591398,12,1,1,0,2,0,28,1,1,pre_allocation
21,2996,greenran_normal,0,0,65535_65535,2,35,1591398,19,1,1,1,3,19,28,1,1,allocated
21,2996,greenran_normal,0,0,65535_65535,2,44,1591398,12,1,1,0,2,0,28,1,1,pre_allocation
21,2996,greenran_normal,0,0,65535_65535,2,44,1591398,19,1,1,1,3,19,28,1,1,allocated
21,2996,greenran_normal,0,0,65535_65535,2,55,1591398,12,1,1,0,2,0,28,1,1,pre_allocation
21,2996,greenran_normal,0,0,65535_65535,2,55,1591398,19,1,1,1,3,19,28,1,1,allocated
21,2996,greenran_normal,0,0,65535_65535,2,58,1591464,12,1,1,0,2,0,28,1,1,pre_allocation
21,2996,greenran_normal,0,0,65535_65535,2,58,1591464,19,1,1,1,3,19,28,1,1,allocated
21,2996,greenran_normal,0,0,65535_65535,2,56,1591398,12,1,1,0,2,0,28,1,1,pre_allocation
21,2996,greenran_normal,0,0,65535_65535,2,56,1591398,19,1,1,1,3,19,28,1,1,allocated
21,2996,greenran_normal,0,0,65535_65535,2,57,1591398,12,1,1,0,2,0,28,1,1,pre_allocation
21,2996,greenran_normal,0,0,65535_65535,2,57,1591398,19,1,1,1,3,19,28,1,1,allocated
21,2996,greenran_normal,0,0,65535_65535,2,37,1591400,12,1,1,0,2,0,28,1,1,pre_allocation
21,2996,greenran_normal,0,0,65535_65535,2,37,1591400,19,1,1,1,3,19,28,1,1,allocated
21,2996,greenran_normal,0,0,65535_65535,2,41,1591400,12,1,1,0,2,0,28,1,1,pre_allocation
21,2996,greenran_normal,0,0,65535_65535,2,41,1591400,19,1,1,1,3,19,28,1,1,allocated
21,2996,greenran_normal,0,0,65535_65535,2,40,1591399,12,1,1,0,2,0,28,1,1,pre_allocation
21,2996,greenran_normal,0,0,65535_65535,2,40,1591399,19,1,1,1,3,19,28,1,1,allocated
21,2996,greenran_normal,0,0,65535_65535,2,63,1591395,12,1,1,0,2,0,28,1,1,pre_allocation
21,2996,greenran_normal,0,0,65535_65535,2,63,1591395,19,1,1,1,3,19,28,1,1,allocated
21,2996,greenran_normal,0,0,65535_65535,2,62,1591395,12,1,1,0,2,0,28,1,1,pre_allocation
21,2996,greenran_normal,0,0,65535_65535,2,62,1591395,19,1,1,1,3,19,28,1,1,allocated
21,2996,greenran_normal,0,0,65535_65535,2,61,1591395,12,1,1,0,2,0,28,1,1,pre_allocation
21,2996,greenran_normal,0,0,65535_65535,2,61,1591395,19,1,1,1,3,19,28,1,1,allocated
21,2996,greenran_normal,0,0,65535_65535,2,38,1592397,0,1,1,0,3,0,2,1,1,pre_allocation
21,2996,greenran_normal,0,0,65535_65535,2,38,1592397,1,1,1,1,4,1,2,1,1,allocated
21,2996,greenran_normal,0,0,65535_65535,2,60,1592177,3,1,1,0,3,0,12,1,1,pre_allocation
21,2996,greenran_normal,0,0,65535_65535,2,60,1592177,5,1,1,1,4,5,12,1,1,allocated
21,2996,greenran_normal,0,0,65535_65535,2,64,1592056,6,1,1,0,3,0,16,1,1,pre_allocation
21,2996,greenran_normal,0,0,65535_65535,2,64,1592056,10,1,1,1,4,10,16,1,1,allocated
21,2996,greenran_normal,0,0,65535_65535,2,43,1591852,10,1,1,0,3,0,20,1,1,pre_allocation
21,2996,greenran_normal,0,0,65535_65535,2,43,1591852,15,1,1,1,4,15,20,1,1,allocated
21,2996,greenran_normal,0,0,65535_65535,2,42,1591605,15,1,1,0,3,0,24,1,1,pre_allocation
21,2996,greenran_normal,0,0,65535_65535,2,42,1591605,21,1,1,1,4,21,24,1,1,allocated
21,2996,greenran_normal,0,0,65535_65535,2,59,1591450,15,1,1,0,3,0,24,1,1,pre_allocation
21,2996,greenran_normal,0,0,65535_65535,2,59,1591450,21,1,1,1,4,21,24,1,1,allocated
21,2996,greenran_normal,0,0,65535_65535,2,36,1591451,18,1,1,0,3,0,26,1,1,pre_allocation
21,2996,greenran_normal,0,0,65535_65535,2,36,1591451,25,1,1,1,4,25,26,1,1,allocated
21,2996,greenran_normal,0,0,65535_65535,2,39,1591402,19,1,1,0,3,0,28,1,1,pre_allocation
21,2996,greenran_normal,0,0,65535_65535,2,39,1591402,27,1,1,1,4,27,28,1,1,allocated
21,2996,greenran_normal,0,0,65535_65535,2,35,1591398,19,1,1,0,3,0,28,1,1,pre_allocation
21,2996,greenran_normal,0,0,65535_65535,2,35,1591398,27,1,1,1,4,27,28,1,1,allocated
21,2996,greenran_normal,0,0,65535_65535,2,44,1591398,19,1,1,0,3,0,28,1,1,pre_allocation
21,2996,greenran_normal,0,0,65535_65535,2,44,1591398,27,1,1,1,4,27,28,1,1,allocated
21,2996,greenran_normal,0,0,65535_65535,2,55,1591398,19,1,1,0,3,0,28,1,1,pre_allocation
21,2996,greenran_normal,0,0,65535_65535,2,55,1591398,27,1,1,1,4,27,28,1,1,allocated
21,2996,greenran_normal,0,0,65535_65535,2,58,1591464,19,1,1,0,3,0,28,1,1,pre_allocation
21,2996,greenran_normal,0,0,65535_65535,2,58,1591464,27,1,1,1,4,27,28,1,1,allocated
21,2996,greenran_normal,0,0,65535_65535,2,56,1591398,19,1,1,0,3,0,28,1,1,pre_allocation
21,2996,greenran_normal,0,0,65535_65535,2,56,1591398,27,1,1,1,4,27,28,1,1,allocated
21,2996,greenran_normal,0,0,65535_65535,2,57,1591398,19,1,1,0,3,0,28,1,1,pre_allocation
21,2996,greenran_normal,0,0,65535_65535,2,57,1591398,27,1,1,1,4,27,28,1,1,allocated
21,2996,greenran_normal,0,0,65535_65535,2,37,1591400,19,1,1,0,3,0,28,1,1,pre_allocation
21,2996,greenran_normal,0,0,65535_65535,2,37,1591400,27,1,1,1,4,27,28,1,1,allocated
21,2996,greenran_normal,0,0,65535_65535,2,41,1591400,19,1,1,0,3,0,28,1,1,pre_allocation
21,2996,greenran_normal,0,0,65535_65535,2,41,1591400,27,1,1,1,4,27,28,1,1,allocated
21,2996,greenran_normal,0,0,65535_65535,2,40,1591399,19,1,1,0,3,0,28,1,1,pre_allocation
21,2996,greenran_normal,0,0,65535_65535,2,40,1591399,27,1,1,1,4,27,28,1,1,allocated
21,2996,greenran_normal,0,0,65535_65535,2,63,1591395,19,1,1,0,3,0,28,1,1,pre_allocation
21,2996,greenran_normal,0,0,65535_65535,2,63,1591395,27,1,1,1,4,27,28,1,1,allocated
21,2996,greenran_normal,0,0,65535_65535,2,62,1591395,19,1,1,0,3,0,28,1,1,pre_allocation
21,2996,greenran_normal,0,0,65535_65535,2,62,1591395,27,1,1,1,4,27,28,1,1,allocated
21,2996,greenran_normal,0,0,65535_65535,2,61,1591395,19,1,1,0,3,0,28,1,1,pre_allocation
21,2996,greenran_normal,0,0,65535_65535,2,61,1591395,27,1,1,1,4,27,28,1,1,allocated
21,2996,greenran_normal,0,0,65535_65535,2,38,1592397,1,1,1,0,4,0,2,1,1,pre_allocation
21,2996,greenran_normal,0,0,65535_65535,2,38,1592397,1,1,1,1,5,1,2,1,1,allocated
21,2996,greenran_normal,0,0,65535_65535,2,60,1592177,5,1,1,0,4,0,12,1,1,pre_allocation
21,2996,greenran_normal,0,0,65535_65535,2,60,1592177,7,1,1,1,5,7,12,1,1,allocated
21,2996,greenran_normal,0,0,65535_65535,2,64,1592056,10,1,1,0,4,0,16,1,1,pre_allocation
21,2996,greenran_normal,0,0,65535_65535,2,64,1592056,13,1,1,1,5,13,16,1,1,allocated
21,2996,greenran_normal,0,0,65535_65535,2,43,1591852,15,1,1,0,4,0,20,1,1,pre_allocation
21,2996,greenran_normal,0,0,65535_65535,2,43,1591852,19,1,1,1,5,19,20,1,1,allocated
21,2996,greenran_normal,0,0,65535_65535,2,42,1591605,21,1,1,0,4,0,24,1,1,pre_allocation
21,2996,greenran_normal,0,0,65535_65535,2,42,1591605,27,1,1,1,5,27,24,1,1,allocated
21,2996,greenran_normal,0,0,65535_65535,2,59,1591450,21,1,1,0,4,0,24,1,1,pre_allocation
21,2996,greenran_normal,0,0,65535_65535,2,59,1591450,27,1,1,1,5,27,24,1,1,allocated
21,2996,greenran_normal,0,0,65535_65535,2,36,1591451,25,1,1,0,4,0,26,1,1,pre_allocation
21,2996,greenran_normal,0,0,65535_65535,2,36,1591451,32,1,1,1,5,32,26,1,1,allocated
21,2996,greenran_normal,0,0,65535_65535,2,39,1591402,27,1,1,0,4,0,28,1,1,pre_allocation
21,2996,greenran_normal,0,0,65535_65535,2,39,1591402,34,1,1,1,5,34,28,1,1,allocated
21,2996,greenran_normal,0,0,65535_65535,2,35,1591398,27,1,1,0,4,0,28,1,1,pre_allocation
21,2996,greenran_normal,0,0,65535_65535,2,35,1591398,34,1,1,1,5,34,28,1,1,allocated
21,2996,greenran_normal,0,0,65535_65535,2,44,1591398,27,1,1,0,4,0,28,1,1,pre_allocation
21,2996,greenran_normal,0,0,65535_65535,2,44,1591398,34,1,1,1,5,34,28,1,1,allocated
21,2996,greenran_normal,0,0,65535_65535,2,55,1591398,27,1,1,0,4,0,28,1,1,pre_allocation
21,2996,greenran_normal,0,0,65535_65535,2,55,1591398,34,1,1,1,5,34,28,1,1,allocated
21,2996,greenran_normal,0,0,65535_65535,2,58,1591464,27,1,1,0,4,0,28,1,1,pre_allocation
21,2996,greenran_normal,0,0,65535_65535,2,58,1591464,34,1,1,1,5,34,28,1,1,allocated
21,2996,greenran_normal,0,0,65535_65535,2,56,1591398,27,1,1,0,4,0,28,1,1,pre_allocation
21,2996,greenran_normal,0,0,65535_65535,2,56,1591398,34,1,1,1,5,34,28,1,1,allocated
21,2996,greenran_normal,0,0,65535_65535,2,57,1591398,27,1,1,0,4,0,28,1,1,pre_allocation
21,2996,greenran_normal,0,0,65535_65535,2,57,1591398,34,1,1,1,5,34,28,1,1,allocated
21,2996,greenran_normal,0,0,65535_65535,2,37,1591400,27,1,1,0,4,0,28,1,1,pre_allocation
21,2996,greenran_normal,0,0,65535_65535,2,37,1591400,34,1,1,1,5,34,28,1,1,allocated
21,2996,greenran_normal,0,0,65535_65535,2,41,1591400,27,1,1,0,4,0,28,1,1,pre_allocation
21,2996,greenran_normal,0,0,65535_65535,2,41,1591400,34,1,1,1,5,34,28,1,1,allocated
21,2996,greenran_normal,0,0,65535_65535,2,40,1591399,27,1,1,0,4,0,28,1,1,pre_allocation
21,2996,greenran_normal,0,0,65535_65535,2,40,1591399,34,1,1,1,5,34,28,1,1,allocated
21,2996,greenran_normal,0,0,65535_65535,2,63,1591395,27,1,1,0,4,0,28,1,1,pre_allocation
21,2996,greenran_normal,0,0,65535_65535,2,63,1591395,34,1,1,1,5,34,28,1,1,allocated
21,2996,greenran_normal,0,0,65535_65535,2,62,1591395,27,1,1,0,4,0,28,1,1,pre_allocation
21,2996,greenran_normal,0,0,65535_65535,2,62,1591395,34,1,1,1,5,34,28,1,1,allocated
21,2996,greenran_normal,0,0,65535_65535,2,61,1591395,27,1,1,0,4,0,28,1,1,pre_allocation
21,2996,greenran_normal,0,0,65535_65535,2,61,1591395,34,1,1,1,5,34,28,1,1,allocated
21,2996,greenran_normal,0,0,65535_65535,2,38,1592397,1,1,1,0,5,0,2,1,1,pre_allocation
21,2996,greenran_normal,0,0,65535_65535,2,38,1592397,1,1,1,1,6,1,2,1,1,allocated
21,2996,greenran_normal,0,0,65535_65535,2,60,1592177,7,1,1,0,5,0,12,1,1,pre_allocation
21,2996,greenran_normal,0,0,65535_65535,2,60,1592177,9,1,1,1,6,9,12,1,1,allocated
21,2996,greenran_normal,0,0,65535_65535,2,64,1592056,13,1,1,0,5,0,16,1,1,pre_allocation
21,2996,greenran_normal,0,0,65535_65535,2,64,1592056,16,1,1,1,6,16,16,1,1,allocated
21,2996,greenran_normal,0,0,65535_65535,2,43,1591852,19,1,1,0,5,0,20,1,1,pre_allocation
21,2996,greenran_normal,0,0,65535_65535,2,43,1591852,24,1,1,1,6,24,20,1,1,allocated
21,2996,greenran_normal,0,0,65535_65535,2,42,1591605,27,1,1,0,5,0,24,1,1,pre_allocation
21,2996,greenran_normal,0,0,65535_65535,2,42,1591605,34,1,1,1,6,34,24,1,1,allocated
21,2996,greenran_normal,0,0,65535_65535,2,59,1591450,27,1,1,0,5,0,24,1,1,pre_allocation
21,2996,greenran_normal,0,0,65535_65535,2,59,1591450,34,1,1,1,6,34,24,1,1,allocated
21,2996,greenran_normal,0,0,65535_65535,2,36,1591451,32,1,1,0,5,0,26,1,1,pre_allocation
21,2996,greenran_normal,0,0,65535_65535,2,36,1591451,39,1,1,1,6,39,26,1,1,allocated
21,2996,greenran_normal,0,0,65535_65535,2,39,1591402,34,1,1,0,5,0,28,1,1,pre_allocation
21,2996,greenran_normal,0,0,65535_65535,2,39,1591402,42,1,1,1,6,42,28,1,1,allocated
21,2996,greenran_normal,0,0,65535_65535,2,35,1591398,34,1,1,0,5,0,28,1,1,pre_allocation
21,2996,greenran_normal,0,0,65535_65535,2,35,1591398,42,1,1,1,6,42,28,1,1,allocated
21,2996,greenran_normal,0,0,65535_65535,2,44,1591398,34,1,1,0,5,0,28,1,1,pre_allocation
21,2996,greenran_normal,0,0,65535_65535,2,44,1591398,42,1,1,1,6,42,28,1,1,allocated
21,2996,greenran_normal,0,0,65535_65535,2,55,1591398,34,1,1,0,5,0,28,1,1,pre_allocation
21,2996,greenran_normal,0,0,65535_65535,2,55,1591398,42,1,1,1,6,42,28,1,1,allocated
21,2996,greenran_normal,0,0,65535_65535,2,58,1591464,34,1,1,0,5,0,28,1,1,pre_allocation
21,2996,greenran_normal,0,0,65535_65535,2,58,1591464,42,1,1,1,6,42,28,1,1,allocated
21,2996,greenran_normal,0,0,65535_65535,2,56,1591398,34,1,1,0,5,0,28,1,1,pre_allocation
21,2996,greenran_normal,0,0,65535_65535,2,56,1591398,42,1,1,1,6,42,28,1,1,allocated
21,2996,greenran_normal,0,0,65535_65535,2,57,1591398,34,1,1,0,5,0,28,1,1,pre_allocation
21,2996,greenran_normal,0,0,65535_65535,2,57,1591398,42,1,1,1,6,42,28,1,1,allocated
21,2996,greenran_normal,0,0,65535_65535,2,37,1591400,34,1,1,0,5,0,28,1,1,pre_allocation
21,2996,greenran_normal,0,0,65535_65535,2,37,1591400,42,1,1,1,6,42,28,1,1,allocated
21,2996,greenran_normal,0,0,65535_65535,2,41,1591400,34,1,1,0,5,0,28,1,1,pre_allocation
21,2996,greenran_normal,0,0,65535_65535,2,41,1591400,42,1,1,1,6,42,28,1,1,allocated
21,2996,greenran_normal,0,0,65535_65535,2,40,1591399,34,1,1,0,5,0,28,1,1,pre_allocation
21,2996,greenran_normal,0,0,65535_65535,2,40,1591399,42,1,1,1,6,42,28,1,1,allocated
21,2996,greenran_normal,0,0,65535_65535,2,63,1591395,34,1,1,0,5,0,28,1,1,pre_allocation
21,2996,greenran_normal,0,0,65535_65535,2,63,1591395,42,1,1,1,6,42,28,1,1,allocated
21,2996,greenran_normal,0,0,65535_65535,2,62,1591395,34,1,1,0,5,0,28,1,1,pre_allocation
21,2996,greenran_normal,0,0,65535_65535,2,62,1591395,42,1,1,1,6,42,28,1,1,allocated
21,2996,greenran_normal,0,0,65535_65535,2,61,1591395,34,1,1,0,5,0,28,1,1,pre_allocation
21,2996,greenran_normal,0,0,65535_65535,2,61,1591395,42,1,1,1,6,42,28,1,1,allocated
21,2996,greenran_normal,0,0,65535_65535,2,38,1592397,1,1,1,0,6,0,2,1,1,pre_allocation
21,2996,greenran_normal,0,0,65535_65535,2,38,1592397,2,1,1,1,7,2,2,1,1,allocated
21,2996,greenran_normal,0,0,65535_65535,2,60,1592177,9,1,1,0,6,0,12,1,1,pre_allocation
21,2996,greenran_normal,0,0,65535_65535,2,60,1592177,11,1,1,1,7,11,12,1,1,allocated
21,2996,greenran_normal,0,0,65535_65535,2,64,1592056,16,1,1,0,6,0,16,1,1,pre_allocation
21,2996,greenran_normal,0,0,65535_65535,2,64,1592056,20,1,1,1,7,20,16,1,1,allocated
21,2996,greenran_normal,0,0,65535_65535,2,43,1591852,24,1,1,0,6,0,20,1,1,pre_allocation
21,2996,greenran_normal,0,0,65535_65535,2,43,1591852,28,1,1,1,7,28,20,1,1,allocated
21,2996,greenran_normal,0,0,65535_65535,2,42,1591605,34,1,1,0,6,0,24,1,1,pre_allocation
21,2996,greenran_normal,0,0,65535_65535,2,42,1591605,40,1,1,1,7,40,24,1,1,allocated
21,2996,greenran_normal,0,0,65535_65535,2,59,1591450,34,1,1,0,6,0,24,1,1,pre_allocation
21,2996,greenran_normal,0,0,65535_65535,2,59,1591450,40,1,1,1,7,40,24,1,1,allocated
21,2996,greenran_normal,0,0,65535_65535,2,36,1591451,39,1,1,0,6,0,26,1,1,pre_allocation
21,2996,greenran_normal,0,0,65535_65535,2,36,1591451,46,1,1,1,7,46,26,1,1,allocated
21,2996,greenran_normal,0,0,65535_65535,2,39,1591402,42,1,1,0,6,0,28,1,1,pre_allocation
21,2996,greenran_normal,0,0,65535_65535,2,39,1591402,50,1,1,1,7,50,28,1,1,allocated
24,3196,greenran_normal,0,0,65535_65535,0,4,53975,0,1,1,0,0,0,24,1,1,pre_allocation
24,3196,greenran_normal,0,0,65535_65535,0,4,53975,3,1,1,1,1,3,24,1,1,allocated
24,3196,greenran_normal,0,0,65535_65535,0,1,53066,0,1,1,0,0,0,28,1,1,pre_allocation
24,3196,greenran_normal,0,0,65535_65535,0,1,53066,4,1,1,1,1,4,28,1,1,allocated
24,3196,greenran_normal,0,0,65535_65535,0,2,53066,0,1,1,0,0,0,28,1,1,pre_allocation
24,3196,greenran_normal,0,0,65535_65535,0,2,53066,4,1,1,1,1,4,28,1,1,allocated
24,3196,greenran_normal,0,0,65535_65535,0,3,53059,0,1,1,0,0,0,28,1,1,pre_allocation
24,3196,greenran_normal,0,0,65535_65535,0,3,53059,4,1,1,1,1,4,28,1,1,allocated
24,3196,greenran_normal,0,0,65535_65535,0,5,53059,0,1,1,0,0,0,28,1,1,pre_allocation
24,3196,greenran_normal,0,0,65535_65535,0,5,53059,4,1,1,1,1,4,28,1,1,allocated
24,3196,greenran_normal,0,0,65535_65535,0,4,53975,3,1,1,0,1,0,24,1,1,pre_allocation
24,3196,greenran_normal,0,0,65535_65535,0,4,53975,9,1,1,1,2,9,24,1,1,allocated
24,3196,greenran_normal,0,0,65535_65535,0,1,53066,4,1,1,0,1,0,28,1,1,pre_allocation
24,3196,greenran_normal,0,0,65535_65535,0,1,53066,12,1,1,1,2,12,28,1,1,allocated
24,3196,greenran_normal,0,0,65535_65535,0,2,53066,4,1,1,0,1,0,28,1,1,pre_allocation
24,3196,greenran_normal,0,0,65535_65535,0,2,53066,12,1,1,1,2,12,28,1,1,allocated
24,3196,greenran_normal,0,0,65535_65535,0,3,53059,4,1,1,0,1,0,28,1,1,pre_allocation
24,3196,greenran_normal,0,0,65535_65535,0,3,53059,12,1,1,1,2,12,28,1,1,allocated
24,3196,greenran_normal,0,0,65535_65535,0,5,53059,4,1,1,0,1,0,28,1,1,pre_allocation
24,3196,greenran_normal,0,0,65535_65535,0,5,53059,12,1,1,1,2,12,28,1,1,allocated
24,3196,greenran_normal,0,0,65535_65535,0,4,53975,9,1,1,0,2,0,24,1,1,pre_allocation
24,3196,greenran_normal,0,0,65535_65535,0,4,53975,15,1,1,1,3,15,24,1,1,allocated
24,3196,greenran_normal,0,0,65535_65535,0,1,53066,12,1,1,0,2,0,28,1,1,pre_allocation
24,3196,greenran_normal,0,0,65535_65535,0,1,53066,19,1,1,1,3,19,28,1,1,allocated
24,3196,greenran_normal,0,0,65535_65535,0,2,53066,12,1,1,0,2,0,28,1,1,pre_allocation
24,3196,greenran_normal,0,0,65535_65535,0,2,53066,19,1,1,1,3,19,28,1,1,allocated
24,3196,greenran_normal,0,0,65535_65535,0,3,53059,12,1,1,0,2,0,28,1,1,pre_allocation
24,3196,greenran_normal,0,0,65535_65535,0,3,53059,19,1,1,1,3,19,28,1,1,allocated
24,3196,greenran_normal,0,0,65535_65535,0,5,53059,12,1,1,0,2,0,28,1,1,pre_allocation
24,3196,greenran_normal,0,0,65535_65535,0,5,53059,19,1,1,1,3,19,28,1,1,allocated
24,3196,greenran_normal,0,0,65535_65535,0,4,53975,15,1,1,0,3,0,24,1,1,pre_allocation
24,3196,greenran_normal,0,0,65535_65535,0,4,53975,21,1,1,1,4,21,24,1,1,allocated
24,3196,greenran_normal,0,0,65535_65535,0,1,53066,19,1,1,0,3,0,28,1,1,pre_allocation
24,3196,greenran_normal,0,0,65535_65535,0,1,53066,27,1,1,1,4,27,28,1,1,allocated
24,3196,greenran_normal,0,0,65535_65535,0,2,53066,19,1,1,0,3,0,28,1,1,pre_allocation
24,3196,greenran_normal,0,0,65535_65535,0,2,53066,27,1,1,1,4,27,28,1,1,allocated
24,3196,greenran_normal,0,0,65535_65535,0,3,53059,19,1,1,0,3,0,28,1,1,pre_allocation
24,3196,greenran_normal,0,0,65535_65535,0,3,53059,27,1,1,1,4,27,28,1,1,allocated
24,3196,greenran_normal,0,0,65535_65535,0,5,53059,19,1,1,0,3,0,28,1,1,pre_allocation
24,3196,greenran_normal,0,0,65535_65535,0,5,53059,27,1,1,1,4,27,28,1,1,allocated
24,3196,greenran_normal,0,0,65535_65535,0,4,53975,21,1,1,0,4,0,24,1,1,pre_allocation
24,3196,greenran_normal,0,0,65535_65535,0,4,53975,27,1,1,1,5,27,24,1,1,allocated
24,3196,greenran_normal,0,0,65535_65535,0,1,53066,27,1,1,0,4,0,28,1,1,pre_allocation
24,3196,greenran_normal,0,0,65535_65535,0,1,53066,34,1,1,1,5,34,28,1,1,allocated
24,3196,greenran_normal,0,0,65535_65535,0,2,53066,27,1,1,0,4,0,28,1,1,pre_allocation
24,3196,greenran_normal,0,0,65535_65535,0,2,53066,34,1,1,1,5,34,28,1,1,allocated
24,3196,greenran_normal,0,0,65535_65535,0,3,53059,27,1,1,0,4,0,28,1,1,pre_allocation
24,3196,greenran_normal,0,0,65535_65535,0,3,53059,34,1,1,1,5,34,28,1,1,allocated
24,3196,greenran_normal,0,0,65535_65535,0,5,53059,27,1,1,0,4,0,28,1,1,pre_allocation
24,3196,greenran_normal,0,0,65535_65535,0,5,53059,34,1,1,1,5,34,28,1,1,allocated
24,3196,greenran_normal,0,0,65535_65535,0,4,53975,27,1,1,0,5,0,24,1,1,pre_allocation
24,3196,greenran_normal,0,0,65535_65535,0,4,53975,34,1,1,1,6,34,24,1,1,allocated
24,3196,greenran_normal,0,0,65535_65535,0,1,53066,34,1,1,0,5,0,28,1,1,pre_allocation
24,3196,greenran_normal,0,0,65535_65535,0,1,53066,42,1,1,1,6,42,28,1,1,allocated
24,3196,greenran_normal,0,0,65535_65535,0,2,53066,34,1,1,0,5,0,28,1,1,pre_allocation
24,3196,greenran_normal,0,0,65535_65535,0,2,53066,42,1,1,1,6,42,28,1,1,allocated
24,3196,greenran_normal,0,0,65535_65535,0,3,53059,34,1,1,0,5,0,28,1,1,pre_allocation
24,3196,greenran_normal,0,0,65535_65535,0,3,53059,42,1,1,1,6,42,28,1,1,allocated
24,3196,greenran_normal,0,0,65535_65535,0,5,53059,34,1,1,0,5,0,28,1,1,pre_allocation
24,3196,greenran_normal,0,0,65535_65535,0,5,53059,42,1,1,1,6,42,28,1,1,allocated
24,3196,greenran_normal,0,0,65535_65535,0,4,53975,34,1,1,0,6,0,24,1,1,pre_allocation
24,3196,greenran_normal,0,0,65535_65535,0,4,53975,40,1,1,1,7,40,24,1,1,allocated
24,3196,greenran_normal,0,0,65535_65535,0,1,53066,42,1,1,0,6,0,28,1,1,pre_allocation
24,3196,greenran_normal,0,0,65535_65535,0,1,53066,50,1,1,1,7,50,28,1,1,allocated
24,3196,greenran_normal,0,0,65535_65535,0,2,53066,42,1,1,0,6,0,28,1,1,pre_allocation
24,3196,greenran_normal,0,0,65535_65535,0,2,53066,50,1,1,1,7,50,28,1,1,allocated
24,3196,greenran_normal,0,0,65535_65535,0,3,53059,42,1,1,0,6,0,28,1,1,pre_allocation
24,3196,greenran_normal,0,0,65535_65535,0,3,53059,50,1,1,1,7,50,28,1,1,allocated
24,3196,greenran_normal,0,0,65535_65535,0,5,53059,42,1,1,0,6,0,28,1,1,pre_allocation
24,3196,greenran_normal,0,0,65535_65535,0,5,53059,50,1,1,1,7,50,28,1,1,allocated
24,3196,greenran_normal,0,0,65535_65535,0,4,53975,40,1,1,0,7,0,24,1,1,pre_allocation
24,3196,greenran_normal,0,0,65535_65535,0,4,53975,46,1,1,1,8,46,24,1,1,allocated
24,3196,greenran_normal,0,0,65535_65535,0,1,53066,50,1,1,0,7,0,28,1,1,pre_allocation
24,3196,greenran_normal,0,0,65535_65535,0,1,53066,57,1,1,1,8,57,28,1,1,allocated
24,3196,greenran_normal,0,0,65535_65535,0,2,53066,50,1,1,0,7,0,28,1,1,pre_allocation
24,3196,greenran_normal,0,0,65535_65535,0,2,53066,57,1,1,1,8,57,28,1,1,allocated
24,3196,greenran_normal,0,0,65535_65535,0,3,53059,50,1,1,0,7,0,28,1,1,pre_allocation
24,3196,greenran_normal,0,0,65535_65535,0,3,53059,57,1,1,1,8,57,28,1,1,allocated
24,3196,greenran_normal,0,0,65535_65535,0,5,53059,50,1,1,0,7,0,28,1,1,pre_allocation
24,3196,greenran_normal,0,0,65535_65535,0,5,53059,57,1,1,1,8,57,28,1,1,allocated
24,3196,greenran_normal,0,0,65535_65535,0,4,53975,46,1,1,0,8,0,24,1,1,pre_allocation
24,3196,greenran_normal,0,0,65535_65535,0,4,53975,52,1,1,1,9,52,24,1,1,allocated
24,3196,greenran_normal,0,0,65535_65535,0,1,53066,57,1,1,0,8,0,28,1,1,pre_allocation
24,3196,greenran_normal,0,0,65535_65535,0,1,53066,65,1,1,1,9,65,28,1,1,allocated
24,3196,greenran_normal,0,0,65535_65535,0,2,53066,57,1,1,0,8,0,28,1,1,pre_allocation
24,3196,greenran_normal,0,0,65535_65535,0,2,53066,65,1,1,1,9,65,28,1,1,allocated
24,3196,greenran_normal,0,0,65535_65535,0,3,53059,57,1,1,0,8,0,28,1,1,pre_allocation
24,3196,greenran_normal,0,0,65535_65535,0,3,53059,65,1,1,1,9,65,28,1,1,allocated
24,3196,greenran_normal,0,0,65535_65535,0,5,53059,57,1,1,0,8,0,28,1,1,pre_allocation
24,3196,greenran_normal,0,0,65535_65535,0,5,53059,65,1,1,1,9,65,28,1,1,allocated
24,3196,greenran_normal,0,0,65535_65535,0,4,53975,52,1,1,0,9,0,24,1,1,pre_allocation
24,3196,greenran_normal,0,0,65535_65535,0,4,53975,58,1,1,1,10,58,24,1,1,allocated
24,3196,greenran_normal,0,0,65535_65535,0,1,53066,65,1,1,0,9,0,28,1,1,pre_allocation
24,3196,greenran_normal,0,0,65535_65535,0,1,53066,72,1,1,1,10,72,28,1,1,allocated
24,3196,greenran_normal,0,0,65535_65535,0,2,53066,65,1,1,0,9,0,28,1,1,pre_allocation
24,3196,greenran_normal,0,0,65535_65535,0,2,53066,72,1,1,1,10,72,28,1,1,allocated
24,3196,greenran_normal,0,0,65535_65535,0,3,53059,65,1,1,0,9,0,28,1,1,pre_allocation
24,3196,greenran_normal,0,0,65535_65535,0,3,53059,72,1,1,1,10,72,28,1,1,allocated
24,3196,greenran_normal,0,0,65535_65535,0,5,53059,65,1,1,0,9,0,28,1,1,pre_allocation
24,3196,greenran_normal,0,0,65535_65535,0,5,53059,72,1,1,1,10,72,28,1,1,allocated
24,3196,greenran_normal,0,0,65535_65535,0,4,53975,58,1,1,0,10,0,24,1,1,pre_allocation
24,3196,greenran_normal,0,0,65535_65535,0,4,53975,65,1,1,1,11,65,24,1,1,allocated
24,3196,greenran_normal,0,0,65535_65535,0,1,53066,72,1,1,0,10,0,28,1,1,pre_allocation
24,3196,greenran_normal,0,0,65535_65535,0,1,53066,80,1,1,1,11,80,28,1,1,allocated
24,3196,greenran_normal,0,0,65535_65535,0,2,53066,72,1,1,0,10,0,28,1,1,pre_allocation
24,3196,greenran_normal,0,0,65535_65535,0,2,53066,80,1,1,1,11,80,28,1,1,allocated
24,3196,greenran_normal,0,0,65535_65535,0,3,53059,72,1,1,0,10,0,28,1,1,pre_allocation
24,3196,greenran_normal,0,0,65535_65535,0,3,53059,80,1,1,1,11,80,28,1,1,allocated
24,3196,greenran_normal,0,0,65535_65535,0,5,53059,72,1,1,0,10,0,28,1,1,pre_allocation
24,3196,greenran_normal,0,0,65535_65535,0,5,53059,80,1,1,1,11,80,28,1,1,allocated
24,3196,greenran_normal,0,0,65535_65535,0,4,53975,65,1,1,0,11,0,24,1,1,pre_allocation
24,3196,greenran_normal,0,0,65535_65535,0,4,53975,71,1,1,1,12,71,24,1,1,allocated
24,3196,greenran_normal,0,0,65535_65535,0,1,53066,80,1,1,0,11,0,28,1,1,pre_allocation
24,3196,greenran_normal,0,0,65535_65535,0,1,53066,88,1,1,1,12,88,28,1,1,allocated
24,3196,greenran_normal,0,0,65535_65535,0,2,53066,80,1,1,0,11,0,28,1,1,pre_allocation
24,3196,greenran_normal,0,0,65535_65535,0,2,53066,88,1,1,1,12,88,28,1,1,allocated
24,3196,greenran_normal,0,0,65535_65535,0,3,53059,80,1,1,0,11,0,28,1,1,pre_allocation
24,3196,greenran_normal,0,0,65535_65535,0,3,53059,88,1,1,1,12,88,28,1,1,allocated
24,3196,greenran_normal,0,0,65535_65535,0,5,53059,80,1,1,0,11,0,28,1,1,pre_allocation
24,3196,greenran_normal,0,0,65535_65535,0,5,53059,88,1,1,1,12,88,28,1,1,allocated
24,3196,greenran_normal,0,0,65535_65535,0,4,53975,71,1,1,0,12,0,24,1,1,pre_allocation
24,3196,greenran_normal,0,0,65535_65535,0,4,53975,77,1,1,1,13,77,24,1,1,allocated
24,3196,greenran_normal,0,0,65535_65535,0,1,53066,88,1,1,0,12,0,28,1,1,pre_allocation
24,3196,greenran_normal,0,0,65535_65535,0,1,53066,95,1,1,1,13,95,28,1,1,allocated
24,3196,greenran_normal,0,0,65535_65535,0,2,53066,88,1,1,0,12,0,28,1,1,pre_allocation
24,3196,greenran_normal,0,0,65535_65535,0,2,53066,95,1,1,1,13,95,28,1,1,allocated
24,3196,greenran_normal,0,0,65535_65535,0,3,53059,88,1,1,0,12,0,28,1,1,pre_allocation
24,3196,greenran_normal,0,0,65535_65535,0,3,53059,95,1,1,1,13,95,28,1,1,allocated
24,3196,greenran_normal,0,0,65535_65535,0,5,53059,88,1,1,0,12,0,28,1,1,pre_allocation
24,3196,greenran_normal,0,0,65535_65535,0,5,53059,95,1,1,1,13,95,28,1,1,allocated
24,3196,greenran_normal,0,0,65535_65535,0,4,53975,77,1,1,0,13,0,24,1,1,pre_allocation
24,3196,greenran_normal,0,0,65535_65535,0,4,53975,83,1,1,1,14,83,24,1,1,allocated
24,3196,greenran_normal,0,0,65535_65535,0,1,53066,95,1,1,0,13,0,28,1,1,pre_allocation
24,3196,greenran_normal,0,0,65535_65535,0,1,53066,103,1,1,1,14,103,28,1,1,allocated
24,3196,greenran_normal,0,0,65535_65535,0,2,53066,95,1,1,0,13,0,28,1,1,pre_allocation
24,3196,greenran_normal,0,0,65535_65535,0,2,53066,103,1,1,1,14,103,28,1,1,allocated
24,3196,greenran_normal,0,0,65535_65535,0,3,53059,95,1,1,0,13,0,28,1,1,pre_allocation
24,3196,greenran_normal,0,0,65535_65535,0,3,53059,103,1,1,1,14,103,28,1,1,allocated
24,3196,greenran_normal,0,0,65535_65535,0,5,53059,95,1,1,0,13,0,28,1,1,pre_allocation
24,3196,greenran_normal,0,0,65535_65535,0,5,53059,103,1,1,1,14,103,28,1,1,allocated
24,3196,greenran_normal,0,0,65535_65535,0,4,53975,83,1,1,0,14,0,24,1,1,pre_allocation
24,3196,greenran_normal,0,0,65535_65535,0,4,53975,89,1,1,1,15,89,24,1,1,allocated
24,3196,greenran_normal,0,0,65535_65535,0,1,53066,103,1,1,0,14,0,28,1,1,pre_allocation
24,3196,greenran_normal,0,0,65535_65535,0,1,53066,110,1,1,1,15,110,28,1,1,allocated
24,3196,greenran_normal,0,0,65535_65535,0,2,53066,103,1,1,0,14,0,28,1,1,pre_allocation
24,3196,greenran_normal,0,0,65535_65535,0,2,53066,110,1,1,1,15,110,28,1,1,allocated
24,3196,greenran_normal,0,0,65535_65535,0,3,53059,103,1,1,0,14,0,28,1,1,pre_allocation
24,3196,greenran_normal,0,0,65535_65535,0,3,53059,110,1,1,1,15,110,28,1,1,allocated
24,3196,greenran_normal,0,0,65535_65535,0,5,53059,103,1,1,0,14,0,28,1,1,pre_allocation
24,3196,greenran_normal,0,0,65535_65535,0,5,53059,110,1,1,1,15,110,28,1,1,allocated
24,3196,greenran_normal,0,0,65535_65535,0,4,53975,89,1,1,0,15,0,24,1,1,pre_allocation
24,3196,greenran_normal,0,0,65535_65535,0,4,53975,96,1,1,1,16,96,24,1,1,allocated
24,3196,greenran_normal,0,0,65535_65535,0,1,53066,110,1,1,0,15,0,28,1,1,pre_allocation
24,3196,greenran_normal,0,0,65535_65535,0,1,53066,118,1,1,1,16,118,28,1,1,allocated
24,3196,greenran_normal,0,0,65535_65535,0,2,53066,110,1,1,0,15,0,28,1,1,pre_allocation
24,3196,greenran_normal,0,0,65535_65535,0,2,53066,118,1,1,1,16,118,28,1,1,allocated
24,3196,greenran_normal,0,0,65535_65535,0,3,53059,110,1,1,0,15,0,28,1,1,pre_allocation
24,3196,greenran_normal,0,0,65535_65535,0,3,53059,118,1,1,1,16,118,28,1,1,allocated
24,3196,greenran_normal,0,0,65535_65535,0,5,53059,110,1,1,0,15,0,28,1,1,pre_allocation
24,3196,greenran_normal,0,0,65535_65535,0,5,53059,118,1,1,1,16,118,28,1,1,allocated
24,3196,greenran_normal,0,0,65535_65535,0,4,53975,96,1,1,0,16,0,24,1,1,pre_allocation
24,3196,greenran_normal,0,0,65535_65535,0,4,53975,102,1,1,1,17,102,24,1,1,allocated
24,3196,greenran_normal,0,0,65535_65535,0,1,53066,118,1,1,0,16,0,28,1,1,pre_allocation
24,3196,greenran_normal,0,0,65535_65535,0,1,53066,126,1,1,1,17,126,28,1,1,allocated
24,3196,greenran_normal,0,0,65535_65535,0,2,53066,118,1,1,0,16,0,28,1,1,pre_allocation
24,3196,greenran_normal,0,0,65535_65535,0,2,53066,126,1,1,1,17,126,28,1,1,allocated
24,3196,greenran_normal,0,0,65535_65535,0,3,53059,118,1,1,0,16,0,28,1,1,pre_allocation
24,3196,greenran_normal,0,0,65535_65535,0,3,53059,126,1,1,1,17,126,28,1,1,allocated
24,3196,greenran_normal,0,0,65535_65535,0,5,53059,118,1,1,0,16,0,28,1,1,pre_allocation
24,3196,greenran_normal,0,0,65535_65535,0,5,53059,126,1,1,1,17,126,28,1,1,allocated
24,3196,greenran_normal,0,0,65535_65535,0,4,53975,102,1,1,0,17,0,24,1,1,pre_allocation
24,3196,greenran_normal,0,0,65535_65535,0,4,53975,108,1,1,1,18,108,24,1,1,allocated
24,3196,greenran_normal,0,0,65535_65535,0,1,53066,126,1,1,0,17,0,28,1,1,pre_allocation
24,3196,greenran_normal,0,0,65535_65535,0,1,53066,133,1,1,1,18,133,28,1,1,allocated
24,3196,greenran_normal,0,0,65535_65535,0,2,53066,126,1,1,0,17,0,28,1,1,pre_allocation
24,3196,greenran_normal,0,0,65535_65535,0,2,53066,133,1,1,1,18,133,28,1,1,allocated
24,3196,greenran_normal,0,0,65535_65535,0,3,53059,126,1,1,0,17,0,28,1,1,pre_allocation
24,3196,greenran_normal,0,0,65535_65535,0,3,53059,133,1,1,1,18,133,28,1,1,allocated
24,3196,greenran_normal,0,0,65535_65535,0,5,53059,126,1,1,0,17,0,28,1,1,pre_allocation
24,3196,greenran_normal,0,0,65535_65535,0,5,53059,133,1,1,1,18,133,28,1,1,allocated
24,3196,greenran_normal,0,0,65535_65535,0,4,53975,108,1,1,0,18,0,24,1,1,pre_allocation
24,3196,greenran_normal,0,0,65535_65535,0,4,53975,114,1,1,1,19,114,24,1,1,allocated
24,3196,greenran_normal,0,0,65535_65535,0,1,53066,133,1,1,0,18,0,28,1,1,pre_allocation
24,3196,greenran_normal,0,0,65535_65535,0,1,53066,141,1,1,1,19,141,28,1,1,allocated
24,3196,greenran_normal,0,0,65535_65535,0,2,53066,133,1,1,0,18,0,28,1,1,pre_allocation
24,3196,greenran_normal,0,0,65535_65535,0,2,53066,141,1,1,1,19,141,28,1,1,allocated
24,3196,greenran_normal,0,0,65535_65535,0,3,53059,133,1,1,0,18,0,28,1,1,pre_allocation
24,3196,greenran_normal,0,0,65535_65535,0,3,53059,141,1,1,1,19,141,28,1,1,allocated
24,3196,greenran_normal,0,0,65535_65535,0,5,53059,133,1,1,0,18,0,28,1,1,pre_allocation
24,3196,greenran_normal,0,0,65535_65535,0,5,53059,141,1,1,1,19,141,28,1,1,allocated
24,3196,greenran_normal,0,0,65535_65535,0,4,53975,114,1,1,0,19,0,24,1,1,pre_allocation
24,3196,greenran_normal,0,0,65535_65535,0,4,53975,120,1,1,1,20,120,24,1,1,allocated
24,3196,greenran_normal,0,0,65535_65535,0,1,53066,141,1,1,0,19,0,28,1,1,pre_allocation
24,3196,greenran_normal,0,0,65535_65535,0,1,53066,148,1,1,1,20,148,28,1,1,allocated
24,3196,greenran_normal,0,0,65535_65535,0,2,53066,141,1,1,0,19,0,28,1,1,pre_allocation
24,3196,greenran_normal,0,0,65535_65535,0,2,53066,148,1,1,1,20,148,28,1,1,allocated
24,3196,greenran_normal,0,0,65535_65535,0,3,53059,141,1,1,0,19,0,28,1,1,pre_allocation
24,3196,greenran_normal,0,0,65535_65535,0,3,53059,148,1,1,1,20,148,28,1,1,allocated
24,3196,greenran_normal,0,0,65535_65535,0,5,53059,141,1,1,0,19,0,28,1,1,pre_allocation
24,3196,greenran_normal,0,0,65535_65535,0,5,53059,148,1,1,1,20,148,28,1,1,allocated
24,3196,greenran_normal,0,0,65535_65535,0,4,53975,120,1,1,0,20,0,24,1,1,pre_allocation
24,3196,greenran_normal,0,0,65535_65535,0,4,53975,126,1,1,1,21,126,24,1,1,allocated
24,3196,greenran_normal,0,0,65535_65535,0,1,53066,148,1,1,0,20,0,28,1,1,pre_allocation
24,3196,greenran_normal,0,0,65535_65535,0,1,53066,156,1,1,1,21,156,28,1,1,allocated
24,3196,greenran_normal,0,0,65535_65535,0,2,53066,148,1,1,0,20,0,28,1,1,pre_allocation
24,3196,greenran_normal,0,0,65535_65535,0,2,53066,156,1,1,1,21,156,28,1,1,allocated
24,3196,greenran_normal,0,0,65535_65535,0,3,53059,148,1,1,0,20,0,28,1,1,pre_allocation
24,3196,greenran_normal,0,0,65535_65535,0,3,53059,156,1,1,1,21,156,28,1,1,allocated
24,3196,greenran_normal,0,0,65535_65535,0,5,53059,148,1,1,0,20,0,28,1,1,pre_allocation
24,3196,greenran_normal,0,0,65535_65535,0,5,53059,156,1,1,1,21,156,28,1,1,allocated
24,3196,greenran_normal,0,0,65535_65535,0,4,53975,126,1,1,0,21,0,24,1,1,pre_allocation
24,3196,greenran_normal,0,0,65535_65535,0,4,53975,133,1,1,1,22,133,24,1,1,allocated
24,3196,greenran_normal,0,0,65535_65535,0,1,53066,156,1,1,0,21,0,28,1,1,pre_allocation
24,3196,greenran_normal,0,0,65535_65535,0,1,53066,163,1,1,1,22,163,28,1,1,allocated
24,3196,greenran_normal,0,0,65535_65535,0,2,53066,156,1,1,0,21,0,28,1,1,pre_allocation
24,3196,greenran_normal,0,0,65535_65535,0,2,53066,163,1,1,1,22,163,28,1,1,allocated
24,3196,greenran_normal,0,0,65535_65535,0,3,53059,156,1,1,0,21,0,28,1,1,pre_allocation
24,3196,greenran_normal,0,0,65535_65535,0,3,53059,163,1,1,1,22,163,28,1,1,allocated
24,3196,greenran_normal,0,0,65535_65535,0,5,53059,156,1,1,0,21,0,28,1,1,pre_allocation
24,3196,greenran_normal,0,0,65535_65535,0,5,53059,163,1,1,1,22,163,28,1,1,allocated
24,3196,greenran_normal,0,0,65535_65535,0,4,53975,133,1,1,0,22,0,24,1,1,pre_allocation
24,3196,greenran_normal,0,0,65535_65535,0,4,53975,139,1,1,1,23,139,24,1,1,allocated
24,3196,greenran_normal,0,0,65535_65535,0,1,53066,163,1,1,0,22,0,28,1,1,pre_allocation
24,3196,greenran_normal,0,0,65535_65535,0,1,53066,171,1,1,1,23,171,28,1,1,allocated
24,3196,greenran_normal,0,0,65535_65535,0,2,53066,163,1,1,0,22,0,28,1,1,pre_allocation
24,3196,greenran_normal,0,0,65535_65535,0,2,53066,171,1,1,1,23,171,28,1,1,allocated
24,3196,greenran_normal,0,0,65535_65535,0,3,53059,163,1,1,0,22,0,28,1,1,pre_allocation
24,3196,greenran_normal,0,0,65535_65535,0,3,53059,171,1,1,1,23,171,28,1,1,allocated
24,3196,greenran_normal,0,0,65535_65535,0,5,53059,163,1,1,0,22,0,28,1,1,pre_allocation
24,3196,greenran_normal,0,0,65535_65535,0,5,53059,171,1,1,1,23,171,28,1,1,allocated
24,3196,greenran_normal,0,0,65535_65535,0,4,53975,139,1,1,0,23,0,24,1,1,pre_allocation
24,3196,greenran_normal,0,0,65535_65535,0,4,53975,145,1,1,1,24,145,24,1,1,allocated
24,3196,greenran_normal,0,0,65535_65535,0,1,53066,171,1,1,0,23,0,28,1,1,pre_allocation
24,3196,greenran_normal,0,0,65535_65535,0,1,53066,179,1,1,1,24,179,28,1,1,allocated
24,3196,greenran_normal,0,0,65535_65535,0,2,53066,171,1,1,0,23,0,28,1,1,pre_allocation
24,3196,greenran_normal,0,0,65535_65535,0,2,53066,179,1,1,1,24,179,28,1,1,allocated
24,3196,greenran_normal,0,0,65535_65535,0,3,53059,171,1,1,0,23,0,28,1,1,pre_allocation
24,3196,greenran_normal,0,0,65535_65535,0,3,53059,179,1,1,1,24,179,28,1,1,allocated
24,3196,greenran_normal,0,0,65535_65535,0,5,53059,171,1,1,0,23,0,28,1,1,pre_allocation
24,3196,greenran_normal,0,0,65535_65535,0,5,53059,179,1,1,1,24,179,28,1,1,allocated
24,3196,greenran_normal,0,0,65535_65535,0,4,53975,145,1,1,0,24,0,24,1,1,pre_allocation
24,3196,greenran_normal,0,0,65535_65535,0,4,53975,151,1,1,1,25,151,24,1,1,allocated
24,3196,greenran_normal,0,0,65535_65535,0,1,53066,179,1,1,0,24,0,28,1,1,pre_allocation
24,3196,greenran_normal,0,0,65535_65535,0,1,53066,186,1,1,1,25,186,28,1,1,allocated
24,3196,greenran_normal,0,0,65535_65535,0,2,53066,179,1,1,0,24,0,28,1,1,pre_allocation
24,3196,greenran_normal,0,0,65535_65535,0,2,53066,186,1,1,1,25,186,28,1,1,allocated
24,3196,greenran_normal,0,0,65535_65535,0,3,53059,179,1,1,0,24,0,28,1,1,pre_allocation
24,3196,greenran_normal,0,0,65535_65535,0,3,53059,186,1,1,1,25,186,28,1,1,allocated
24,3196,greenran_normal,0,0,65535_65535,0,5,53059,179,1,1,0,24,0,28,1,1,pre_allocation
24,3196,greenran_normal,0,0,65535_65535,0,5,53059,186,1,1,1,25,186,28,1,1,allocated
24,3196,greenran_normal,0,0,65535_65535,0,4,53975,151,1,1,0,25,0,24,1,1,pre_allocation
24,3196,greenran_normal,0,0,65535_65535,0,4,53975,157,1,1,1,26,157,24,1,1,allocated
24,3196,greenran_normal,0,0,65535_65535,0,1,53066,186,1,1,0,25,0,28,1,1,pre_allocation
24,3196,greenran_normal,0,0,65535_65535,0,1,53066,194,1,1,1,26,194,28,1,1,allocated
24,3196,greenran_normal,0,0,65535_65535,0,2,53066,186,1,1,0,25,0,28,1,1,pre_allocation
24,3196,greenran_normal,0,0,65535_65535,0,2,53066,194,1,1,1,26,194,28,1,1,allocated
24,3196,greenran_normal,0,0,65535_65535,0,3,53059,186,1,1,0,25,0,28,1,1,pre_allocation
24,3196,greenran_normal,0,0,65535_65535,0,3,53059,194,1,1,1,26,194,28,1,1,allocated
24,3196,greenran_normal,0,0,65535_65535,0,5,53059,186,1,1,0,25,0,28,1,1,pre_allocation
24,3196,greenran_normal,0,0,65535_65535,0,5,53059,194,1,1,1,26,194,28,1,1,allocated
24,3196,greenran_normal,0,0,65535_65535,0,4,53975,157,1,1,0,26,0,24,1,1,pre_allocation
24,3196,greenran_normal,0,0,65535_65535,0,4,53975,164,1,1,1,27,164,24,1,1,allocated
24,3196,greenran_normal,0,0,65535_65535,0,1,53066,194,1,1,0,26,0,28,1,1,pre_allocation
24,3196,greenran_normal,0,0,65535_65535,0,1,53066,201,1,1,1,27,201,28,1,1,allocated
24,3196,greenran_normal,0,0,65535_65535,0,2,53066,194,1,1,0,26,0,28,1,1,pre_allocation
24,3196,greenran_normal,0,0,65535_65535,0,2,53066,201,1,1,1,27,201,28,1,1,allocated
24,3196,greenran_normal,0,0,65535_65535,0,3,53059,194,1,1,0,26,0,28,1,1,pre_allocation
24,3196,greenran_normal,0,0,65535_65535,0,3,53059,201,1,1,1,27,201,28,1,1,allocated
24,3196,greenran_normal,0,0,65535_65535,0,5,53059,194,1,1,0,26,0,28,1,1,pre_allocation
24,3196,greenran_normal,0,0,65535_65535,0,5,53059,201,1,1,1,27,201,28,1,1,allocated
24,3196,greenran_normal,0,0,65535_65535,0,4,53975,164,1,1,0,27,0,24,1,1,pre_allocation
24,3196,greenran_normal,0,0,65535_65535,0,4,53975,170,1,1,1,28,170,24,1,1,allocated
24,3196,greenran_normal,0,0,65535_65535,0,1,53066,201,1,1,0,27,0,28,1,1,pre_allocation
24,3196,greenran_normal,0,0,65535_65535,0,1,53066,209,1,1,1,28,209,28,1,1,allocated
24,3196,greenran_normal,0,0,65535_65535,0,2,53066,201,1,1,0,27,0,28,1,1,pre_allocation
24,3196,greenran_normal,0,0,65535_65535,0,2,53066,209,1,1,1,28,209,28,1,1,allocated
24,3196,greenran_normal,0,0,65535_65535,0,3,53059,201,1,1,0,27,0,28,1,1,pre_allocation
24,3196,greenran_normal,0,0,65535_65535,0,3,53059,209,1,1,1,28,209,28,1,1,allocated
24,3196,greenran_normal,0,0,65535_65535,0,5,53059,201,1,1,0,27,0,28,1,1,pre_allocation
24,3196,greenran_normal,0,0,65535_65535,0,5,53059,209,1,1,1,28,209,28,1,1,allocated
24,3196,greenran_normal,0,0,65535_65535,0,4,53975,170,1,1,0,28,0,24,1,1,pre_allocation
24,3196,greenran_normal,0,0,65535_65535,0,4,53975,176,1,1,1,29,176,24,1,1,allocated
24,3196,greenran_normal,0,0,65535_65535,0,1,53066,209,1,1,0,28,0,28,1,1,pre_allocation
24,3196,greenran_normal,0,0,65535_65535,0,1,53066,217,1,1,1,29,217,28,1,1,allocated
24,3196,greenran_normal,0,0,65535_65535,0,2,53066,209,1,1,0,28,0,28,1,1,pre_allocation
24,3196,greenran_normal,0,0,65535_65535,0,2,53066,217,1,1,1,29,217,28,1,1,allocated
24,3196,greenran_normal,0,0,65535_65535,0,3,53059,209,1,1,0,28,0,28,1,1,pre_allocation
24,3196,greenran_normal,0,0,65535_65535,0,3,53059,217,1,1,1,29,217,28,1,1,allocated
24,3196,greenran_normal,0,0,65535_65535,0,5,53059,209,1,1,0,28,0,28,1,1,pre_allocation
24,3196,greenran_normal,0,0,65535_65535,0,5,53059,217,1,1,1,29,217,28,1,1,allocated
24,3196,greenran_normal,0,0,65535_65535,0,4,53975,176,1,1,0,29,0,24,1,1,pre_allocation
24,3196,greenran_normal,0,0,65535_65535,0,4,53975,182,1,1,1,30,182,24,1,1,allocated
24,3196,greenran_normal,0,0,65535_65535,0,1,53066,217,1,1,0,29,0,28,1,1,pre_allocation
24,3196,greenran_normal,0,0,65535_65535,0,1,53066,224,1,1,1,30,224,28,1,1,allocated
24,3196,greenran_normal,0,0,65535_65535,0,2,53066,217,1,1,0,29,0,28,1,1,pre_allocation
24,3196,greenran_normal,0,0,65535_65535,0,2,53066,224,1,1,1,30,224,28,1,1,allocated
24,3196,greenran_normal,0,0,65535_65535,0,3,53059,217,1,1,0,29,0,28,1,1,pre_allocation
24,3196,greenran_normal,0,0,65535_65535,0,3,53059,224,1,1,1,30,224,28,1,1,allocated
24,3196,greenran_normal,0,0,65535_65535,0,5,53059,217,1,1,0,29,0,28,1,1,pre_allocation
24,3196,greenran_normal,0,0,65535_65535,0,5,53059,224,1,1,1,30,224,28,1,1,allocated
24,3196,greenran_normal,0,0,65535_65535,0,4,53975,182,1,1,0,30,0,24,1,1,pre_allocation
24,3196,greenran_normal,0,0,65535_65535,0,4,53975,188,1,1,1,31,188,24,1,1,allocated
24,3196,greenran_normal,0,0,65535_65535,0,1,53066,224,1,1,0,30,0,28,1,1,pre_allocation
24,3196,greenran_normal,0,0,65535_65535,0,1,53066,232,1,1,1,31,232,28,1,1,allocated
24,3196,greenran_normal,0,0,65535_65535,0,2,53066,224,1,1,0,30,0,28,1,1,pre_allocation
24,3196,greenran_normal,0,0,65535_65535,0,2,53066,232,1,1,1,31,232,28,1,1,allocated
24,3196,greenran_normal,0,0,65535_65535,0,3,53059,224,1,1,0,30,0,28,1,1,pre_allocation
24,3196,greenran_normal,0,0,65535_65535,0,3,53059,232,1,1,1,31,232,28,1,1,allocated
24,3196,greenran_normal,0,0,65535_65535,0,5,53059,224,1,1,0,30,0,28,1,1,pre_allocation
24,3196,greenran_normal,0,0,65535_65535,0,5,53059,232,1,1,1,31,232,28,1,1,allocated
24,3196,greenran_normal,0,0,65535_65535,0,4,53975,188,1,1,0,31,0,24,1,1,pre_allocation
24,3196,greenran_normal,0,0,65535_65535,0,4,53975,195,1,1,1,32,195,24,1,1,allocated
24,3196,greenran_normal,0,0,65535_65535,0,1,53066,232,1,1,0,31,0,28,1,1,pre_allocation
24,3196,greenran_normal,0,0,65535_65535,0,1,53066,239,1,1,1,32,239,28,1,1,allocated
24,3196,greenran_normal,0,0,65535_65535,0,2,53066,232,1,1,0,31,0,28,1,1,pre_allocation
24,3196,greenran_normal,0,0,65535_65535,0,2,53066,239,1,1,1,32,239,28,1,1,allocated
24,3196,greenran_normal,0,0,65535_65535,0,3,53059,232,1,1,0,31,0,28,1,1,pre_allocation
24,3196,greenran_normal,0,0,65535_65535,0,3,53059,239,1,1,1,32,239,28,1,1,allocated
24,3196,greenran_normal,0,0,65535_65535,0,5,53059,232,1,1,0,31,0,28,1,1,pre_allocation
24,3196,greenran_normal,0,0,65535_65535,0,5,53059,239,1,1,1,32,239,28,1,1,allocated
24,3196,greenran_normal,0,0,65535_65535,0,4,53975,195,1,1,0,32,0,24,1,1,pre_allocation
24,3196,greenran_normal,0,0,65535_65535,0,4,53975,201,1,1,1,33,201,24,1,1,allocated
24,3196,greenran_normal,0,0,65535_65535,0,1,53066,239,1,1,0,32,0,28,1,1,pre_allocation
24,3196,greenran_normal,0,0,65535_65535,0,1,53066,247,1,1,1,33,247,28,1,1,allocated
24,3196,greenran_normal,0,0,65535_65535,0,2,53066,239,1,1,0,32,0,28,1,1,pre_allocation
24,3196,greenran_normal,0,0,65535_65535,0,2,53066,247,1,1,1,33,247,28,1,1,allocated
24,3196,greenran_normal,0,0,65535_65535,0,3,53059,239,1,1,0,32,0,28,1,1,pre_allocation
24,3196,greenran_normal,0,0,65535_65535,0,3,53059,247,1,1,1,33,247,28,1,1,allocated
24,3196,greenran_normal,0,0,65535_65535,0,5,53059,239,1,1,0,32,0,28,1,1,pre_allocation
24,3196,greenran_normal,0,0,65535_65535,0,5,53059,247,1,1,1,33,247,28,1,1,allocated
24,3196,greenran_normal,0,0,65535_65535,0,4,53975,201,1,1,0,33,0,24,1,1,pre_allocation
24,3196,greenran_normal,0,0,65535_65535,0,4,53975,207,1,1,1,34,207,24,1,1,allocated
24,3196,greenran_normal,0,0,65535_65535,0,1,53066,247,1,1,0,33,0,28,1,1,pre_allocation
24,3196,greenran_normal,0,0,65535_65535,0,1,53066,255,1,1,1,34,255,28,1,1,allocated
24,3196,greenran_normal,0,0,65535_65535,0,2,53066,247,1,1,0,33,0,28,1,1,pre_allocation
24,3196,greenran_normal,0,0,65535_65535,0,2,53066,255,1,1,1,34,255,28,1,1,allocated
24,3196,greenran_normal,0,0,65535_65535,0,3,53059,247,1,1,0,33,0,28,1,1,pre_allocation
24,3196,greenran_normal,0,0,65535_65535,0,3,53059,255,1,1,1,34,255,28,1,1,allocated
24,3196,greenran_normal,0,0,65535_65535,0,5,53059,247,1,1,0,33,0,28,1,1,pre_allocation
24,3196,greenran_normal,0,0,65535_65535,0,5,53059,255,1,1,1,34,255,28,1,1,allocated
24,3196,greenran_normal,0,0,65535_65535,0,4,53975,207,1,1,0,34,0,24,1,1,pre_allocation
24,3196,greenran_normal,0,0,65535_65535,0,4,53975,213,1,1,1,35,213,24,1,1,allocated
24,3196,greenran_normal,0,0,65535_65535,0,1,53066,255,1,1,0,34,0,28,1,1,pre_allocation
24,3196,greenran_normal,0,0,65535_65535,0,1,53066,262,1,1,1,35,262,28,1,1,allocated
24,3196,greenran_normal,0,0,65535_65535,0,2,53066,255,1,1,0,34,0,28,1,1,pre_allocation
24,3196,greenran_normal,0,0,65535_65535,0,2,53066,262,1,1,1,35,262,28,1,1,allocated
24,3196,greenran_normal,0,0,65535_65535,0,3,53059,255,1,1,0,34,0,28,1,1,pre_allocation
24,3196,greenran_normal,0,0,65535_65535,0,3,53059,262,1,1,1,35,262,28,1,1,allocated
24,3196,greenran_normal,0,0,65535_65535,0,5,53059,255,1,1,0,34,0,28,1,1,pre_allocation
24,3196,greenran_normal,0,0,65535_65535,0,5,53059,262,1,1,1,35,262,28,1,1,allocated
24,3196,greenran_normal,0,0,65535_65535,0,4,53975,213,1,1,0,35,0,24,1,1,pre_allocation
24,3196,greenran_normal,0,0,65535_65535,0,4,53975,219,1,1,1,36,219,24,1,1,allocated
24,3196,greenran_normal,0,0,65535_65535,0,1,53066,262,1,1,0,35,0,28,1,1,pre_allocation
24,3196,greenran_normal,0,0,65535_65535,0,1,53066,270,1,1,1,36,270,28,1,1,allocated
24,3196,greenran_normal,0,0,65535_65535,0,2,53066,262,1,1,0,35,0,28,1,1,pre_allocation
24,3196,greenran_normal,0,0,65535_65535,0,2,53066,270,1,1,1,36,270,28,1,1,allocated
24,3196,greenran_normal,0,0,65535_65535,0,3,53059,262,1,1,0,35,0,28,1,1,pre_allocation
24,3196,greenran_normal,0,0,65535_65535,0,3,53059,270,1,1,1,36,270,28,1,1,allocated
24,3196,greenran_normal,0,0,65535_65535,0,5,53059,262,1,1,0,35,0,28,1,1,pre_allocation
24,3196,greenran_normal,0,0,65535_65535,0,5,53059,270,1,1,1,36,270,28,1,1,allocated
24,3196,greenran_normal,0,0,65535_65535,2,38,1721277,0,1,1,0,0,0,2,1,1,pre_allocation
24,3196,greenran_normal,0,0,65535_65535,2,38,1721277,0,1,1,1,1,0,2,1,1,allocated
24,3196,greenran_normal,0,0,65535_65535,2,60,1721051,0,1,1,0,0,0,12,1,1,pre_allocation
24,3196,greenran_normal,0,0,65535_65535,2,60,1721051,2,1,1,1,1,2,12,1,1,allocated
24,3196,greenran_normal,0,0,65535_65535,2,64,1720899,0,1,1,0,0,0,16,1,1,pre_allocation
24,3196,greenran_normal,0,0,65535_65535,2,64,1720899,0,1,1,1,1,0,16,1,1,allocated
24,3196,greenran_normal,0,0,65535_65535,2,43,1720676,0,1,1,0,0,0,18,1,1,pre_allocation
24,3196,greenran_normal,0,0,65535_65535,2,43,1720676,0,1,1,1,1,0,18,1,1,allocated
24,3196,greenran_normal,0,0,65535_65535,2,42,1720392,0,1,1,0,0,0,24,1,1,pre_allocation
24,3196,greenran_normal,0,0,65535_65535,2,42,1720392,3,1,1,1,1,3,24,1,1,allocated
24,3196,greenran_normal,0,0,65535_65535,2,59,1720229,0,1,1,0,0,0,24,1,1,pre_allocation
24,3196,greenran_normal,0,0,65535_65535,2,59,1720229,3,1,1,1,1,3,24,1,1,allocated
24,3196,greenran_normal,0,0,65535_65535,2,36,1720222,0,1,1,0,0,0,26,1,1,pre_allocation
24,3196,greenran_normal,0,0,65535_65535,2,36,1720222,4,1,1,1,1,4,26,1,1,allocated
24,3196,greenran_normal,0,0,65535_65535,2,39,1720176,0,1,1,0,0,0,28,1,1,pre_allocation
24,3196,greenran_normal,0,0,65535_65535,2,39,1720176,4,1,1,1,1,4,28,1,1,allocated
24,3196,greenran_normal,0,0,65535_65535,2,58,1720239,0,1,1,0,0,0,26,1,1,pre_allocation
24,3196,greenran_normal,0,0,65535_65535,2,58,1720239,4,1,1,1,1,4,26,1,1,allocated
24,3196,greenran_normal,0,0,65535_65535,2,61,1720172,0,1,1,0,0,0,28,1,1,pre_allocation
24,3196,greenran_normal,0,0,65535_65535,2,61,1720172,4,1,1,1,1,4,28,1,1,allocated
24,3196,greenran_normal,0,0,65535_65535,2,35,1720167,0,1,1,0,0,0,28,1,1,pre_allocation
24,3196,greenran_normal,0,0,65535_65535,2,35,1720167,4,1,1,1,1,4,28,1,1,allocated
24,3196,greenran_normal,0,0,65535_65535,2,44,1720167,0,1,1,0,0,0,28,1,1,pre_allocation
24,3196,greenran_normal,0,0,65535_65535,2,44,1720167,4,1,1,1,1,4,28,1,1,allocated
24,3196,greenran_normal,0,0,65535_65535,2,55,1720167,0,1,1,0,0,0,28,1,1,pre_allocation
24,3196,greenran_normal,0,0,65535_65535,2,55,1720167,4,1,1,1,1,4,28,1,1,allocated
24,3196,greenran_normal,0,0,65535_65535,2,56,1720167,0,1,1,0,0,0,28,1,1,pre_allocation
24,3196,greenran_normal,0,0,65535_65535,2,56,1720167,4,1,1,1,1,4,28,1,1,allocated
24,3196,greenran_normal,0,0,65535_65535,2,57,1720167,0,1,1,0,0,0,28,1,1,pre_allocation
24,3196,greenran_normal,0,0,65535_65535,2,57,1720167,4,1,1,1,1,4,28,1,1,allocated
24,3196,greenran_normal,0,0,65535_65535,2,37,1720169,0,1,1,0,0,0,28,1,1,pre_allocation
24,3196,greenran_normal,0,0,65535_65535,2,37,1720169,4,1,1,1,1,4,28,1,1,allocated
24,3196,greenran_normal,0,0,65535_65535,2,41,1720169,0,1,1,0,0,0,28,1,1,pre_allocation
24,3196,greenran_normal,0,0,65535_65535,2,41,1720169,4,1,1,1,1,4,28,1,1,allocated
24,3196,greenran_normal,0,0,65535_65535,2,40,1720168,0,1,1,0,0,0,28,1,1,pre_allocation
24,3196,greenran_normal,0,0,65535_65535,2,40,1720168,4,1,1,1,1,4,28,1,1,allocated
24,3196,greenran_normal,0,0,65535_65535,2,63,1720164,0,1,1,0,0,0,28,1,1,pre_allocation
24,3196,greenran_normal,0,0,65535_65535,2,63,1720164,4,1,1,1,1,4,28,1,1,allocated
24,3196,greenran_normal,0,0,65535_65535,2,62,1720164,0,1,1,0,0,0,28,1,1,pre_allocation
24,3196,greenran_normal,0,0,65535_65535,2,62,1720164,4,1,1,1,1,4,28,1,1,allocated
24,3196,greenran_normal,0,0,65535_65535,2,38,1721277,0,1,1,0,1,0,2,1,1,pre_allocation
24,3196,greenran_normal,0,0,65535_65535,2,38,1721277,0,1,1,1,2,0,2,1,1,allocated
24,3196,greenran_normal,0,0,65535_65535,2,60,1721051,2,1,1,0,1,0,12,1,1,pre_allocation
24,3196,greenran_normal,0,0,65535_65535,2,60,1721051,1,1,1,1,2,1,12,1,1,allocated
24,3196,greenran_normal,0,0,65535_65535,2,64,1720899,0,1,1,0,1,0,16,1,1,pre_allocation
24,3196,greenran_normal,0,0,65535_65535,2,64,1720899,3,1,1,1,2,3,16,1,1,allocated
24,3196,greenran_normal,0,0,65535_65535,2,43,1720676,0,1,1,0,1,0,18,1,1,pre_allocation
24,3196,greenran_normal,0,0,65535_65535,2,43,1720676,4,1,1,1,2,4,18,1,1,allocated
24,3196,greenran_normal,0,0,65535_65535,2,42,1720392,3,1,1,0,1,0,24,1,1,pre_allocation
24,3196,greenran_normal,0,0,65535_65535,2,42,1720392,9,1,1,1,2,9,24,1,1,allocated
24,3196,greenran_normal,0,0,65535_65535,2,59,1720229,3,1,1,0,1,0,24,1,1,pre_allocation
24,3196,greenran_normal,0,0,65535_65535,2,59,1720229,9,1,1,1,2,9,24,1,1,allocated
24,3196,greenran_normal,0,0,65535_65535,2,36,1720222,4,1,1,0,1,0,26,1,1,pre_allocation
24,3196,greenran_normal,0,0,65535_65535,2,36,1720222,11,1,1,1,2,11,26,1,1,allocated
24,3196,greenran_normal,0,0,65535_65535,2,39,1720176,4,1,1,0,1,0,28,1,1,pre_allocation
24,3196,greenran_normal,0,0,65535_65535,2,39,1720176,12,1,1,1,2,12,28,1,1,allocated
24,3196,greenran_normal,0,0,65535_65535,2,58,1720239,4,1,1,0,1,0,26,1,1,pre_allocation
24,3196,greenran_normal,0,0,65535_65535,2,58,1720239,11,1,1,1,2,11,26,1,1,allocated
24,3196,greenran_normal,0,0,65535_65535,2,61,1720172,4,1,1,0,1,0,28,1,1,pre_allocation
24,3196,greenran_normal,0,0,65535_65535,2,61,1720172,12,1,1,1,2,12,28,1,1,allocated
24,3196,greenran_normal,0,0,65535_65535,2,35,1720167,4,1,1,0,1,0,28,1,1,pre_allocation
24,3196,greenran_normal,0,0,65535_65535,2,35,1720167,12,1,1,1,2,12,28,1,1,allocated
24,3196,greenran_normal,0,0,65535_65535,2,44,1720167,4,1,1,0,1,0,28,1,1,pre_allocation
24,3196,greenran_normal,0,0,65535_65535,2,44,1720167,12,1,1,1,2,12,28,1,1,allocated
24,3196,greenran_normal,0,0,65535_65535,2,55,1720167,4,1,1,0,1,0,28,1,1,pre_allocation
24,3196,greenran_normal,0,0,65535_65535,2,55,1720167,12,1,1,1,2,12,28,1,1,allocated
24,3196,greenran_normal,0,0,65535_65535,2,56,1720167,4,1,1,0,1,0,28,1,1,pre_allocation
24,3196,greenran_normal,0,0,65535_65535,2,56,1720167,12,1,1,1,2,12,28,1,1,allocated
24,3196,greenran_normal,0,0,65535_65535,2,57,1720167,4,1,1,0,1,0,28,1,1,pre_allocation
24,3196,greenran_normal,0,0,65535_65535,2,57,1720167,12,1,1,1,2,12,28,1,1,allocated
24,3196,greenran_normal,0,0,65535_65535,2,37,1720169,4,1,1,0,1,0,28,1,1,pre_allocation
24,3196,greenran_normal,0,0,65535_65535,2,37,1720169,12,1,1,1,2,12,28,1,1,allocated
24,3196,greenran_normal,0,0,65535_65535,2,41,1720169,4,1,1,0,1,0,28,1,1,pre_allocation
24,3196,greenran_normal,0,0,65535_65535,2,41,1720169,12,1,1,1,2,12,28,1,1,allocated
24,3196,greenran_normal,0,0,65535_65535,2,40,1720168,4,1,1,0,1,0,28,1,1,pre_allocation
24,3196,greenran_normal,0,0,65535_65535,2,40,1720168,12,1,1,1,2,12,28,1,1,allocated
24,3196,greenran_normal,0,0,65535_65535,2,63,1720164,4,1,1,0,1,0,28,1,1,pre_allocation
24,3196,greenran_normal,0,0,65535_65535,2,63,1720164,12,1,1,1,2,12,28,1,1,allocated
24,3196,greenran_normal,0,0,65535_65535,2,62,1720164,4,1,1,0,1,0,28,1,1,pre_allocation
24,3196,greenran_normal,0,0,65535_65535,2,62,1720164,12,1,1,1,2,12,28,1,1,allocated
24,3196,greenran_normal,0,0,65535_65535,2,38,1721277,0,1,1,0,2,0,2,1,1,pre_allocation
24,3196,greenran_normal,0,0,65535_65535,2,38,1721277,0,1,1,1,3,0,2,1,1,allocated
24,3196,greenran_normal,0,0,65535_65535,2,60,1721051,1,1,1,0,2,0,12,1,1,pre_allocation
24,3196,greenran_normal,0,0,65535_65535,2,60,1721051,3,1,1,1,3,3,12,1,1,allocated
24,3196,greenran_normal,0,0,65535_65535,2,64,1720899,3,1,1,0,2,0,16,1,1,pre_allocation
24,3196,greenran_normal,0,0,65535_65535,2,64,1720899,6,1,1,1,3,6,16,1,1,allocated
24,3196,greenran_normal,0,0,65535_65535,2,43,1720676,4,1,1,0,2,0,18,1,1,pre_allocation
24,3196,greenran_normal,0,0,65535_65535,2,43,1720676,8,1,1,1,3,8,18,1,1,allocated
24,3196,greenran_normal,0,0,65535_65535,2,42,1720392,9,1,1,0,2,0,24,1,1,pre_allocation
24,3196,greenran_normal,0,0,65535_65535,2,42,1720392,15,1,1,1,3,15,24,1,1,allocated
24,3196,greenran_normal,0,0,65535_65535,2,59,1720229,9,1,1,0,2,0,24,1,1,pre_allocation
24,3196,greenran_normal,0,0,65535_65535,2,59,1720229,15,1,1,1,3,15,24,1,1,allocated
24,3196,greenran_normal,0,0,65535_65535,2,36,1720222,11,1,1,0,2,0,26,1,1,pre_allocation
24,3196,greenran_normal,0,0,65535_65535,2,36,1720222,18,1,1,1,3,18,26,1,1,allocated
24,3196,greenran_normal,0,0,65535_65535,2,39,1720176,12,1,1,0,2,0,28,1,1,pre_allocation
24,3196,greenran_normal,0,0,65535_65535,2,39,1720176,19,1,1,1,3,19,28,1,1,allocated
24,3196,greenran_normal,0,0,65535_65535,2,58,1720239,11,1,1,0,2,0,26,1,1,pre_allocation
24,3196,greenran_normal,0,0,65535_65535,2,58,1720239,18,1,1,1,3,18,26,1,1,allocated
24,3196,greenran_normal,0,0,65535_65535,2,61,1720172,12,1,1,0,2,0,28,1,1,pre_allocation
24,3196,greenran_normal,0,0,65535_65535,2,61,1720172,19,1,1,1,3,19,28,1,1,allocated
24,3196,greenran_normal,0,0,65535_65535,2,35,1720167,12,1,1,0,2,0,28,1,1,pre_allocation
24,3196,greenran_normal,0,0,65535_65535,2,35,1720167,19,1,1,1,3,19,28,1,1,allocated
24,3196,greenran_normal,0,0,65535_65535,2,44,1720167,12,1,1,0,2,0,28,1,1,pre_allocation
24,3196,greenran_normal,0,0,65535_65535,2,44,1720167,19,1,1,1,3,19,28,1,1,allocated
24,3196,greenran_normal,0,0,65535_65535,2,55,1720167,12,1,1,0,2,0,28,1,1,pre_allocation
24,3196,greenran_normal,0,0,65535_65535,2,55,1720167,19,1,1,1,3,19,28,1,1,allocated
24,3196,greenran_normal,0,0,65535_65535,2,56,1720167,12,1,1,0,2,0,28,1,1,pre_allocation
24,3196,greenran_normal,0,0,65535_65535,2,56,1720167,19,1,1,1,3,19,28,1,1,allocated
24,3196,greenran_normal,0,0,65535_65535,2,57,1720167,12,1,1,0,2,0,28,1,1,pre_allocation
24,3196,greenran_normal,0,0,65535_65535,2,57,1720167,19,1,1,1,3,19,28,1,1,allocated
24,3196,greenran_normal,0,0,65535_65535,2,37,1720169,12,1,1,0,2,0,28,1,1,pre_allocation
24,3196,greenran_normal,0,0,65535_65535,2,37,1720169,19,1,1,1,3,19,28,1,1,allocated
24,3196,greenran_normal,0,0,65535_65535,2,41,1720169,12,1,1,0,2,0,28,1,1,pre_allocation
24,3196,greenran_normal,0,0,65535_65535,2,41,1720169,19,1,1,1,3,19,28,1,1,allocated
24,3196,greenran_normal,0,0,65535_65535,2,40,1720168,12,1,1,0,2,0,28,1,1,pre_allocation
24,3196,greenran_normal,0,0,65535_65535,2,40,1720168,19,1,1,1,3,19,28,1,1,allocated
24,3196,greenran_normal,0,0,65535_65535,2,63,1720164,12,1,1,0,2,0,28,1,1,pre_allocation
24,3196,greenran_normal,0,0,65535_65535,2,63,1720164,19,1,1,1,3,19,28,1,1,allocated
24,3196,greenran_normal,0,0,65535_65535,2,62,1720164,12,1,1,0,2,0,28,1,1,pre_allocation
24,3196,greenran_normal,0,0,65535_65535,2,62,1720164,19,1,1,1,3,19,28,1,1,allocated
24,3196,greenran_normal,0,0,65535_65535,2,38,1721277,0,1,1,0,3,0,2,1,1,pre_allocation
24,3196,greenran_normal,0,0,65535_65535,2,38,1721277,1,1,1,1,4,1,2,1,1,allocated
24,3196,greenran_normal,0,0,65535_65535,2,60,1721051,3,1,1,0,3,0,12,1,1,pre_allocation
24,3196,greenran_normal,0,0,65535_65535,2,60,1721051,5,1,1,1,4,5,12,1,1,allocated
24,3196,greenran_normal,0,0,65535_65535,2,64,1720899,6,1,1,0,3,0,16,1,1,pre_allocation
24,3196,greenran_normal,0,0,65535_65535,2,64,1720899,10,1,1,1,4,10,16,1,1,allocated
24,3196,greenran_normal,0,0,65535_65535,2,43,1720676,8,1,1,0,3,0,18,1,1,pre_allocation
24,3196,greenran_normal,0,0,65535_65535,2,43,1720676,11,1,1,1,4,11,18,1,1,allocated
24,3196,greenran_normal,0,0,65535_65535,2,42,1720392,15,1,1,0,3,0,24,1,1,pre_allocation
24,3196,greenran_normal,0,0,65535_65535,2,42,1720392,21,1,1,1,4,21,24,1,1,allocated
24,3196,greenran_normal,0,0,65535_65535,2,59,1720229,15,1,1,0,3,0,24,1,1,pre_allocation
24,3196,greenran_normal,0,0,65535_65535,2,59,1720229,21,1,1,1,4,21,24,1,1,allocated
24,3196,greenran_normal,0,0,65535_65535,2,36,1720222,18,1,1,0,3,0,26,1,1,pre_allocation
24,3196,greenran_normal,0,0,65535_65535,2,36,1720222,25,1,1,1,4,25,26,1,1,allocated
24,3196,greenran_normal,0,0,65535_65535,2,39,1720176,19,1,1,0,3,0,28,1,1,pre_allocation
24,3196,greenran_normal,0,0,65535_65535,2,39,1720176,27,1,1,1,4,27,28,1,1,allocated
24,3196,greenran_normal,0,0,65535_65535,2,58,1720239,18,1,1,0,3,0,26,1,1,pre_allocation
24,3196,greenran_normal,0,0,65535_65535,2,58,1720239,25,1,1,1,4,25,26,1,1,allocated
24,3196,greenran_normal,0,0,65535_65535,2,61,1720172,19,1,1,0,3,0,28,1,1,pre_allocation
24,3196,greenran_normal,0,0,65535_65535,2,61,1720172,27,1,1,1,4,27,28,1,1,allocated
24,3196,greenran_normal,0,0,65535_65535,2,35,1720167,19,1,1,0,3,0,28,1,1,pre_allocation
24,3196,greenran_normal,0,0,65535_65535,2,35,1720167,27,1,1,1,4,27,28,1,1,allocated
24,3196,greenran_normal,0,0,65535_65535,2,44,1720167,19,1,1,0,3,0,28,1,1,pre_allocation
24,3196,greenran_normal,0,0,65535_65535,2,44,1720167,27,1,1,1,4,27,28,1,1,allocated
24,3196,greenran_normal,0,0,65535_65535,2,55,1720167,19,1,1,0,3,0,28,1,1,pre_allocation
24,3196,greenran_normal,0,0,65535_65535,2,55,1720167,27,1,1,1,4,27,28,1,1,allocated
24,3196,greenran_normal,0,0,65535_65535,2,56,1720167,19,1,1,0,3,0,28,1,1,pre_allocation
24,3196,greenran_normal,0,0,65535_65535,2,56,1720167,27,1,1,1,4,27,28,1,1,allocated
24,3196,greenran_normal,0,0,65535_65535,2,57,1720167,19,1,1,0,3,0,28,1,1,pre_allocation
24,3196,greenran_normal,0,0,65535_65535,2,57,1720167,27,1,1,1,4,27,28,1,1,allocated
24,3196,greenran_normal,0,0,65535_65535,2,37,1720169,19,1,1,0,3,0,28,1,1,pre_allocation
24,3196,greenran_normal,0,0,65535_65535,2,37,1720169,27,1,1,1,4,27,28,1,1,allocated
24,3196,greenran_normal,0,0,65535_65535,2,41,1720169,19,1,1,0,3,0,28,1,1,pre_allocation
24,3196,greenran_normal,0,0,65535_65535,2,41,1720169,27,1,1,1,4,27,28,1,1,allocated
24,3196,greenran_normal,0,0,65535_65535,2,40,1720168,19,1,1,0,3,0,28,1,1,pre_allocation
24,3196,greenran_normal,0,0,65535_65535,2,40,1720168,27,1,1,1,4,27,28,1,1,allocated
24,3196,greenran_normal,0,0,65535_65535,2,63,1720164,19,1,1,0,3,0,28,1,1,pre_allocation
24,3196,greenran_normal,0,0,65535_65535,2,63,1720164,27,1,1,1,4,27,28,1,1,allocated
24,3196,greenran_normal,0,0,65535_65535,2,62,1720164,19,1,1,0,3,0,28,1,1,pre_allocation
24,3196,greenran_normal,0,0,65535_65535,2,62,1720164,27,1,1,1,4,27,28,1,1,allocated
24,3196,greenran_normal,0,0,65535_65535,2,38,1721277,1,1,1,0,4,0,2,1,1,pre_allocation
24,3196,greenran_normal,0,0,65535_65535,2,38,1721277,1,1,1,1,5,1,2,1,1,allocated
24,3196,greenran_normal,0,0,65535_65535,2,60,1721051,5,1,1,0,4,0,12,1,1,pre_allocation
24,3196,greenran_normal,0,0,65535_65535,2,60,1721051,7,1,1,1,5,7,12,1,1,allocated
24,3196,greenran_normal,0,0,65535_65535,2,64,1720899,10,1,1,0,4,0,16,1,1,pre_allocation
24,3196,greenran_normal,0,0,65535_65535,2,64,1720899,13,1,1,1,5,13,16,1,1,allocated
24,3196,greenran_normal,0,0,65535_65535,2,43,1720676,11,1,1,0,4,0,18,1,1,pre_allocation
24,3196,greenran_normal,0,0,65535_65535,2,43,1720676,15,1,1,1,5,15,18,1,1,allocated
24,3196,greenran_normal,0,0,65535_65535,2,42,1720392,21,1,1,0,4,0,24,1,1,pre_allocation
24,3196,greenran_normal,0,0,65535_65535,2,42,1720392,27,1,1,1,5,27,24,1,1,allocated
24,3196,greenran_normal,0,0,65535_65535,2,59,1720229,21,1,1,0,4,0,24,1,1,pre_allocation
24,3196,greenran_normal,0,0,65535_65535,2,59,1720229,27,1,1,1,5,27,24,1,1,allocated
25,3356,greenran_normal,0,0,65535_65535,0,4,57061,0,1,1,0,0,0,22,1,1,pre_allocation
25,3356,greenran_normal,0,0,65535_65535,0,4,57061,2,1,1,1,1,2,22,1,1,allocated
25,3356,greenran_normal,0,0,65535_65535,0,1,56100,0,1,1,0,0,0,28,1,1,pre_allocation
25,3356,greenran_normal,0,0,65535_65535,0,1,56100,4,1,1,1,1,4,28,1,1,allocated
25,3356,greenran_normal,0,0,65535_65535,0,2,56100,0,1,1,0,0,0,28,1,1,pre_allocation
25,3356,greenran_normal,0,0,65535_65535,0,2,56100,4,1,1,1,1,4,28,1,1,allocated
25,3356,greenran_normal,0,0,65535_65535,0,3,56093,0,1,1,0,0,0,28,1,1,pre_allocation
25,3356,greenran_normal,0,0,65535_65535,0,3,56093,4,1,1,1,1,4,28,1,1,allocated
25,3356,greenran_normal,0,0,65535_65535,0,5,56093,0,1,1,0,0,0,28,1,1,pre_allocation
25,3356,greenran_normal,0,0,65535_65535,0,5,56093,4,1,1,1,1,4,28,1,1,allocated
25,3356,greenran_normal,0,0,65535_65535,0,4,57061,2,1,1,0,1,0,22,1,1,pre_allocation
25,3356,greenran_normal,0,0,65535_65535,0,4,57061,7,1,1,1,2,7,22,1,1,allocated
25,3356,greenran_normal,0,0,65535_65535,0,1,56100,4,1,1,0,1,0,28,1,1,pre_allocation
25,3356,greenran_normal,0,0,65535_65535,0,1,56100,12,1,1,1,2,12,28,1,1,allocated
25,3356,greenran_normal,0,0,65535_65535,0,2,56100,4,1,1,0,1,0,28,1,1,pre_allocation
25,3356,greenran_normal,0,0,65535_65535,0,2,56100,12,1,1,1,2,12,28,1,1,allocated
25,3356,greenran_normal,0,0,65535_65535,0,3,56093,4,1,1,0,1,0,28,1,1,pre_allocation
25,3356,greenran_normal,0,0,65535_65535,0,3,56093,12,1,1,1,2,12,28,1,1,allocated
25,3356,greenran_normal,0,0,65535_65535,0,5,56093,4,1,1,0,1,0,28,1,1,pre_allocation
25,3356,greenran_normal,0,0,65535_65535,0,5,56093,12,1,1,1,2,12,28,1,1,allocated
25,3356,greenran_normal,0,0,65535_65535,0,4,57061,7,1,1,0,2,0,22,1,1,pre_allocation
25,3356,greenran_normal,0,0,65535_65535,0,4,57061,13,1,1,1,3,13,22,1,1,allocated
25,3356,greenran_normal,0,0,65535_65535,0,1,56100,12,1,1,0,2,0,28,1,1,pre_allocation
25,3356,greenran_normal,0,0,65535_65535,0,1,56100,19,1,1,1,3,19,28,1,1,allocated
25,3356,greenran_normal,0,0,65535_65535,0,2,56100,12,1,1,0,2,0,28,1,1,pre_allocation
25,3356,greenran_normal,0,0,65535_65535,0,2,56100,19,1,1,1,3,19,28,1,1,allocated
25,3356,greenran_normal,0,0,65535_65535,0,3,56093,12,1,1,0,2,0,28,1,1,pre_allocation
25,3356,greenran_normal,0,0,65535_65535,0,3,56093,19,1,1,1,3,19,28,1,1,allocated
25,3356,greenran_normal,0,0,65535_65535,0,5,56093,12,1,1,0,2,0,28,1,1,pre_allocation
25,3356,greenran_normal,0,0,65535_65535,0,5,56093,19,1,1,1,3,19,28,1,1,allocated
25,3356,greenran_normal,0,0,65535_65535,0,4,57061,13,1,1,0,3,0,22,1,1,pre_allocation
25,3356,greenran_normal,0,0,65535_65535,0,4,57061,18,1,1,1,4,18,22,1,1,allocated
25,3356,greenran_normal,0,0,65535_65535,0,1,56100,19,1,1,0,3,0,28,1,1,pre_allocation
25,3356,greenran_normal,0,0,65535_65535,0,1,56100,27,1,1,1,4,27,28,1,1,allocated
25,3356,greenran_normal,0,0,65535_65535,0,2,56100,19,1,1,0,3,0,28,1,1,pre_allocation
25,3356,greenran_normal,0,0,65535_65535,0,2,56100,27,1,1,1,4,27,28,1,1,allocated
25,3356,greenran_normal,0,0,65535_65535,0,3,56093,19,1,1,0,3,0,28,1,1,pre_allocation
25,3356,greenran_normal,0,0,65535_65535,0,3,56093,27,1,1,1,4,27,28,1,1,allocated
25,3356,greenran_normal,0,0,65535_65535,0,5,56093,19,1,1,0,3,0,28,1,1,pre_allocation
25,3356,greenran_normal,0,0,65535_65535,0,5,56093,27,1,1,1,4,27,28,1,1,allocated
25,3356,greenran_normal,0,0,65535_65535,0,4,57061,18,1,1,0,4,0,22,1,1,pre_allocation
25,3356,greenran_normal,0,0,65535_65535,0,4,57061,23,1,1,1,5,23,22,1,1,allocated
25,3356,greenran_normal,0,0,65535_65535,0,1,56100,27,1,1,0,4,0,28,1,1,pre_allocation
25,3356,greenran_normal,0,0,65535_65535,0,1,56100,34,1,1,1,5,34,28,1,1,allocated
25,3356,greenran_normal,0,0,65535_65535,0,2,56100,27,1,1,0,4,0,28,1,1,pre_allocation
25,3356,greenran_normal,0,0,65535_65535,0,2,56100,34,1,1,1,5,34,28,1,1,allocated
25,3356,greenran_normal,0,0,65535_65535,0,3,56093,27,1,1,0,4,0,28,1,1,pre_allocation
25,3356,greenran_normal,0,0,65535_65535,0,3,56093,34,1,1,1,5,34,28,1,1,allocated
25,3356,greenran_normal,0,0,65535_65535,0,5,56093,27,1,1,0,4,0,28,1,1,pre_allocation
25,3356,greenran_normal,0,0,65535_65535,0,5,56093,34,1,1,1,5,34,28,1,1,allocated
25,3356,greenran_normal,0,0,65535_65535,0,4,57061,23,1,1,0,5,0,22,1,1,pre_allocation
25,3356,greenran_normal,0,0,65535_65535,0,4,57061,29,1,1,1,6,29,22,1,1,allocated
25,3356,greenran_normal,0,0,65535_65535,0,1,56100,34,1,1,0,5,0,28,1,1,pre_allocation
25,3356,greenran_normal,0,0,65535_65535,0,1,56100,42,1,1,1,6,42,28,1,1,allocated
25,3356,greenran_normal,0,0,65535_65535,0,2,56100,34,1,1,0,5,0,28,1,1,pre_allocation
25,3356,greenran_normal,0,0,65535_65535,0,2,56100,42,1,1,1,6,42,28,1,1,allocated
25,3356,greenran_normal,0,0,65535_65535,0,3,56093,34,1,1,0,5,0,28,1,1,pre_allocation
25,3356,greenran_normal,0,0,65535_65535,0,3,56093,42,1,1,1,6,42,28,1,1,allocated
25,3356,greenran_normal,0,0,65535_65535,0,5,56093,34,1,1,0,5,0,28,1,1,pre_allocation
25,3356,greenran_normal,0,0,65535_65535,0,5,56093,42,1,1,1,6,42,28,1,1,allocated
25,3356,greenran_normal,0,0,65535_65535,0,4,57061,29,1,1,0,6,0,22,1,1,pre_allocation
25,3356,greenran_normal,0,0,65535_65535,0,4,57061,34,1,1,1,7,34,22,1,1,allocated
25,3356,greenran_normal,0,0,65535_65535,0,1,56100,42,1,1,0,6,0,28,1,1,pre_allocation
25,3356,greenran_normal,0,0,65535_65535,0,1,56100,50,1,1,1,7,50,28,1,1,allocated
25,3356,greenran_normal,0,0,65535_65535,0,2,56100,42,1,1,0,6,0,28,1,1,pre_allocation
25,3356,greenran_normal,0,0,65535_65535,0,2,56100,50,1,1,1,7,50,28,1,1,allocated
25,3356,greenran_normal,0,0,65535_65535,0,3,56093,42,1,1,0,6,0,28,1,1,pre_allocation
25,3356,greenran_normal,0,0,65535_65535,0,3,56093,50,1,1,1,7,50,28,1,1,allocated
25,3356,greenran_normal,0,0,65535_65535,0,5,56093,42,1,1,0,6,0,28,1,1,pre_allocation
25,3356,greenran_normal,0,0,65535_65535,0,5,56093,50,1,1,1,7,50,28,1,1,allocated
25,3356,greenran_normal,0,0,65535_65535,0,4,57061,34,1,1,0,7,0,22,1,1,pre_allocation
25,3356,greenran_normal,0,0,65535_65535,0,4,57061,39,1,1,1,8,39,22,1,1,allocated
25,3356,greenran_normal,0,0,65535_65535,0,1,56100,50,1,1,0,7,0,28,1,1,pre_allocation
25,3356,greenran_normal,0,0,65535_65535,0,1,56100,57,1,1,1,8,57,28,1,1,allocated
25,3356,greenran_normal,0,0,65535_65535,0,2,56100,50,1,1,0,7,0,28,1,1,pre_allocation
25,3356,greenran_normal,0,0,65535_65535,0,2,56100,57,1,1,1,8,57,28,1,1,allocated
25,3356,greenran_normal,0,0,65535_65535,0,3,56093,50,1,1,0,7,0,28,1,1,pre_allocation
25,3356,greenran_normal,0,0,65535_65535,0,3,56093,57,1,1,1,8,57,28,1,1,allocated
25,3356,greenran_normal,0,0,65535_65535,0,5,56093,50,1,1,0,7,0,28,1,1,pre_allocation
25,3356,greenran_normal,0,0,65535_65535,0,5,56093,57,1,1,1,8,57,28,1,1,allocated
25,3356,greenran_normal,0,0,65535_65535,0,4,57061,39,1,1,0,8,0,22,1,1,pre_allocation
25,3356,greenran_normal,0,0,65535_65535,0,4,57061,45,1,1,1,9,45,22,1,1,allocated
25,3356,greenran_normal,0,0,65535_65535,0,1,56100,57,1,1,0,8,0,28,1,1,pre_allocation
25,3356,greenran_normal,0,0,65535_65535,0,1,56100,65,1,1,1,9,65,28,1,1,allocated
25,3356,greenran_normal,0,0,65535_65535,0,2,56100,57,1,1,0,8,0,28,1,1,pre_allocation
25,3356,greenran_normal,0,0,65535_65535,0,2,56100,65,1,1,1,9,65,28,1,1,allocated
25,3356,greenran_normal,0,0,65535_65535,0,3,56093,57,1,1,0,8,0,28,1,1,pre_allocation
25,3356,greenran_normal,0,0,65535_65535,0,3,56093,65,1,1,1,9,65,28,1,1,allocated
25,3356,greenran_normal,0,0,65535_65535,0,5,56093,57,1,1,0,8,0,28,1,1,pre_allocation
25,3356,greenran_normal,0,0,65535_65535,0,5,56093,65,1,1,1,9,65,28,1,1,allocated
25,3356,greenran_normal,0,0,65535_65535,0,4,57061,45,1,1,0,9,0,22,1,1,pre_allocation
25,3356,greenran_normal,0,0,65535_65535,0,4,57061,50,1,1,1,10,50,22,1,1,allocated
25,3356,greenran_normal,0,0,65535_65535,0,1,56100,65,1,1,0,9,0,28,1,1,pre_allocation
25,3356,greenran_normal,0,0,65535_65535,0,1,56100,72,1,1,1,10,72,28,1,1,allocated
25,3356,greenran_normal,0,0,65535_65535,0,2,56100,65,1,1,0,9,0,28,1,1,pre_allocation
25,3356,greenran_normal,0,0,65535_65535,0,2,56100,72,1,1,1,10,72,28,1,1,allocated
25,3356,greenran_normal,0,0,65535_65535,0,3,56093,65,1,1,0,9,0,28,1,1,pre_allocation
25,3356,greenran_normal,0,0,65535_65535,0,3,56093,72,1,1,1,10,72,28,1,1,allocated
25,3356,greenran_normal,0,0,65535_65535,0,5,56093,65,1,1,0,9,0,28,1,1,pre_allocation
25,3356,greenran_normal,0,0,65535_65535,0,5,56093,72,1,1,1,10,72,28,1,1,allocated
25,3356,greenran_normal,0,0,65535_65535,0,4,57061,50,1,1,0,10,0,22,1,1,pre_allocation
25,3356,greenran_normal,0,0,65535_65535,0,4,57061,55,1,1,1,11,55,22,1,1,allocated
25,3356,greenran_normal,0,0,65535_65535,0,1,56100,72,1,1,0,10,0,28,1,1,pre_allocation
25,3356,greenran_normal,0,0,65535_65535,0,1,56100,80,1,1,1,11,80,28,1,1,allocated
25,3356,greenran_normal,0,0,65535_65535,0,2,56100,72,1,1,0,10,0,28,1,1,pre_allocation
25,3356,greenran_normal,0,0,65535_65535,0,2,56100,80,1,1,1,11,80,28,1,1,allocated
25,3356,greenran_normal,0,0,65535_65535,0,3,56093,72,1,1,0,10,0,28,1,1,pre_allocation
25,3356,greenran_normal,0,0,65535_65535,0,3,56093,80,1,1,1,11,80,28,1,1,allocated
25,3356,greenran_normal,0,0,65535_65535,0,5,56093,72,1,1,0,10,0,28,1,1,pre_allocation
25,3356,greenran_normal,0,0,65535_65535,0,5,56093,80,1,1,1,11,80,28,1,1,allocated
25,3356,greenran_normal,0,0,65535_65535,0,4,57061,55,1,1,0,11,0,22,1,1,pre_allocation
25,3356,greenran_normal,0,0,65535_65535,0,4,57061,61,1,1,1,12,61,22,1,1,allocated
25,3356,greenran_normal,0,0,65535_65535,0,1,56100,80,1,1,0,11,0,28,1,1,pre_allocation
25,3356,greenran_normal,0,0,65535_65535,0,1,56100,88,1,1,1,12,88,28,1,1,allocated
25,3356,greenran_normal,0,0,65535_65535,0,2,56100,80,1,1,0,11,0,28,1,1,pre_allocation
25,3356,greenran_normal,0,0,65535_65535,0,2,56100,88,1,1,1,12,88,28,1,1,allocated
25,3356,greenran_normal,0,0,65535_65535,0,3,56093,80,1,1,0,11,0,28,1,1,pre_allocation
25,3356,greenran_normal,0,0,65535_65535,0,3,56093,88,1,1,1,12,88,28,1,1,allocated
25,3356,greenran_normal,0,0,65535_65535,0,5,56093,80,1,1,0,11,0,28,1,1,pre_allocation
25,3356,greenran_normal,0,0,65535_65535,0,5,56093,88,1,1,1,12,88,28,1,1,allocated
25,3356,greenran_normal,0,0,65535_65535,0,4,57061,61,1,1,0,12,0,22,1,1,pre_allocation
25,3356,greenran_normal,0,0,65535_65535,0,4,57061,66,1,1,1,13,66,22,1,1,allocated
25,3356,greenran_normal,0,0,65535_65535,0,1,56100,88,1,1,0,12,0,28,1,1,pre_allocation
25,3356,greenran_normal,0,0,65535_65535,0,1,56100,95,1,1,1,13,95,28,1,1,allocated
25,3356,greenran_normal,0,0,65535_65535,0,2,56100,88,1,1,0,12,0,28,1,1,pre_allocation
25,3356,greenran_normal,0,0,65535_65535,0,2,56100,95,1,1,1,13,95,28,1,1,allocated
25,3356,greenran_normal,0,0,65535_65535,0,3,56093,88,1,1,0,12,0,28,1,1,pre_allocation
25,3356,greenran_normal,0,0,65535_65535,0,3,56093,95,1,1,1,13,95,28,1,1,allocated
25,3356,greenran_normal,0,0,65535_65535,0,5,56093,88,1,1,0,12,0,28,1,1,pre_allocation
25,3356,greenran_normal,0,0,65535_65535,0,5,56093,95,1,1,1,13,95,28,1,1,allocated
25,3356,greenran_normal,0,0,65535_65535,0,4,57061,66,1,1,0,13,0,22,1,1,pre_allocation
25,3356,greenran_normal,0,0,65535_65535,0,4,57061,72,1,1,1,14,72,22,1,1,allocated
25,3356,greenran_normal,0,0,65535_65535,0,1,56100,95,1,1,0,13,0,28,1,1,pre_allocation
25,3356,greenran_normal,0,0,65535_65535,0,1,56100,103,1,1,1,14,103,28,1,1,allocated
25,3356,greenran_normal,0,0,65535_65535,0,2,56100,95,1,1,0,13,0,28,1,1,pre_allocation
25,3356,greenran_normal,0,0,65535_65535,0,2,56100,103,1,1,1,14,103,28,1,1,allocated
25,3356,greenran_normal,0,0,65535_65535,0,3,56093,95,1,1,0,13,0,28,1,1,pre_allocation
25,3356,greenran_normal,0,0,65535_65535,0,3,56093,103,1,1,1,14,103,28,1,1,allocated
25,3356,greenran_normal,0,0,65535_65535,0,5,56093,95,1,1,0,13,0,28,1,1,pre_allocation
25,3356,greenran_normal,0,0,65535_65535,0,5,56093,103,1,1,1,14,103,28,1,1,allocated
25,3356,greenran_normal,0,0,65535_65535,0,4,57061,72,1,1,0,14,0,22,1,1,pre_allocation
25,3356,greenran_normal,0,0,65535_65535,0,4,57061,77,1,1,1,15,77,22,1,1,allocated
25,3356,greenran_normal,0,0,65535_65535,0,1,56100,103,1,1,0,14,0,28,1,1,pre_allocation
25,3356,greenran_normal,0,0,65535_65535,0,1,56100,110,1,1,1,15,110,28,1,1,allocated
25,3356,greenran_normal,0,0,65535_65535,0,2,56100,103,1,1,0,14,0,28,1,1,pre_allocation
25,3356,greenran_normal,0,0,65535_65535,0,2,56100,110,1,1,1,15,110,28,1,1,allocated
25,3356,greenran_normal,0,0,65535_65535,0,3,56093,103,1,1,0,14,0,28,1,1,pre_allocation
25,3356,greenran_normal,0,0,65535_65535,0,3,56093,110,1,1,1,15,110,28,1,1,allocated
25,3356,greenran_normal,0,0,65535_65535,0,5,56093,103,1,1,0,14,0,28,1,1,pre_allocation
25,3356,greenran_normal,0,0,65535_65535,0,5,56093,110,1,1,1,15,110,28,1,1,allocated
25,3356,greenran_normal,0,0,65535_65535,0,4,57061,77,1,1,0,15,0,22,1,1,pre_allocation
25,3356,greenran_normal,0,0,65535_65535,0,4,57061,82,1,1,1,16,82,22,1,1,allocated
25,3356,greenran_normal,0,0,65535_65535,0,1,56100,110,1,1,0,15,0,28,1,1,pre_allocation
25,3356,greenran_normal,0,0,65535_65535,0,1,56100,118,1,1,1,16,118,28,1,1,allocated
25,3356,greenran_normal,0,0,65535_65535,0,2,56100,110,1,1,0,15,0,28,1,1,pre_allocation
25,3356,greenran_normal,0,0,65535_65535,0,2,56100,118,1,1,1,16,118,28,1,1,allocated
25,3356,greenran_normal,0,0,65535_65535,0,3,56093,110,1,1,0,15,0,28,1,1,pre_allocation
25,3356,greenran_normal,0,0,65535_65535,0,3,56093,118,1,1,1,16,118,28,1,1,allocated
25,3356,greenran_normal,0,0,65535_65535,0,5,56093,110,1,1,0,15,0,28,1,1,pre_allocation
25,3356,greenran_normal,0,0,65535_65535,0,5,56093,118,1,1,1,16,118,28,1,1,allocated
25,3356,greenran_normal,0,0,65535_65535,0,4,57061,82,1,1,0,16,0,22,1,1,pre_allocation
25,3356,greenran_normal,0,0,65535_65535,0,4,57061,88,1,1,1,17,88,22,1,1,allocated
25,3356,greenran_normal,0,0,65535_65535,0,1,56100,118,1,1,0,16,0,28,1,1,pre_allocation
25,3356,greenran_normal,0,0,65535_65535,0,1,56100,126,1,1,1,17,126,28,1,1,allocated
25,3356,greenran_normal,0,0,65535_65535,0,2,56100,118,1,1,0,16,0,28,1,1,pre_allocation
25,3356,greenran_normal,0,0,65535_65535,0,2,56100,126,1,1,1,17,126,28,1,1,allocated
25,3356,greenran_normal,0,0,65535_65535,0,3,56093,118,1,1,0,16,0,28,1,1,pre_allocation
25,3356,greenran_normal,0,0,65535_65535,0,3,56093,126,1,1,1,17,126,28,1,1,allocated
25,3356,greenran_normal,0,0,65535_65535,0,5,56093,118,1,1,0,16,0,28,1,1,pre_allocation
25,3356,greenran_normal,0,0,65535_65535,0,5,56093,126,1,1,1,17,126,28,1,1,allocated
25,3356,greenran_normal,0,0,65535_65535,0,4,57061,88,1,1,0,17,0,22,1,1,pre_allocation
25,3356,greenran_normal,0,0,65535_65535,0,4,57061,93,1,1,1,18,93,22,1,1,allocated
25,3356,greenran_normal,0,0,65535_65535,0,1,56100,126,1,1,0,17,0,28,1,1,pre_allocation
25,3356,greenran_normal,0,0,65535_65535,0,1,56100,133,1,1,1,18,133,28,1,1,allocated
25,3356,greenran_normal,0,0,65535_65535,0,2,56100,126,1,1,0,17,0,28,1,1,pre_allocation
25,3356,greenran_normal,0,0,65535_65535,0,2,56100,133,1,1,1,18,133,28,1,1,allocated
25,3356,greenran_normal,0,0,65535_65535,0,3,56093,126,1,1,0,17,0,28,1,1,pre_allocation
25,3356,greenran_normal,0,0,65535_65535,0,3,56093,133,1,1,1,18,133,28,1,1,allocated
25,3356,greenran_normal,0,0,65535_65535,0,5,56093,126,1,1,0,17,0,28,1,1,pre_allocation
25,3356,greenran_normal,0,0,65535_65535,0,5,56093,133,1,1,1,18,133,28,1,1,allocated
25,3356,greenran_normal,0,0,65535_65535,0,4,57061,93,1,1,0,18,0,22,1,1,pre_allocation
25,3356,greenran_normal,0,0,65535_65535,0,4,57061,98,1,1,1,19,98,22,1,1,allocated
25,3356,greenran_normal,0,0,65535_65535,0,1,56100,133,1,1,0,18,0,28,1,1,pre_allocation
25,3356,greenran_normal,0,0,65535_65535,0,1,56100,141,1,1,1,19,141,28,1,1,allocated
25,3356,greenran_normal,0,0,65535_65535,0,2,56100,133,1,1,0,18,0,28,1,1,pre_allocation
25,3356,greenran_normal,0,0,65535_65535,0,2,56100,141,1,1,1,19,141,28,1,1,allocated
25,3356,greenran_normal,0,0,65535_65535,0,3,56093,133,1,1,0,18,0,28,1,1,pre_allocation
25,3356,greenran_normal,0,0,65535_65535,0,3,56093,141,1,1,1,19,141,28,1,1,allocated
25,3356,greenran_normal,0,0,65535_65535,0,5,56093,133,1,1,0,18,0,28,1,1,pre_allocation
25,3356,greenran_normal,0,0,65535_65535,0,5,56093,141,1,1,1,19,141,28,1,1,allocated
25,3356,greenran_normal,0,0,65535_65535,0,4,57061,98,1,1,0,19,0,22,1,1,pre_allocation
25,3356,greenran_normal,0,0,65535_65535,0,4,57061,104,1,1,1,20,104,22,1,1,allocated
25,3356,greenran_normal,0,0,65535_65535,0,1,56100,141,1,1,0,19,0,28,1,1,pre_allocation
25,3356,greenran_normal,0,0,65535_65535,0,1,56100,148,1,1,1,20,148,28,1,1,allocated
25,3356,greenran_normal,0,0,65535_65535,0,2,56100,141,1,1,0,19,0,28,1,1,pre_allocation
25,3356,greenran_normal,0,0,65535_65535,0,2,56100,148,1,1,1,20,148,28,1,1,allocated
25,3356,greenran_normal,0,0,65535_65535,0,3,56093,141,1,1,0,19,0,28,1,1,pre_allocation
25,3356,greenran_normal,0,0,65535_65535,0,3,56093,148,1,1,1,20,148,28,1,1,allocated
25,3356,greenran_normal,0,0,65535_65535,0,5,56093,141,1,1,0,19,0,28,1,1,pre_allocation
25,3356,greenran_normal,0,0,65535_65535,0,5,56093,148,1,1,1,20,148,28,1,1,allocated
25,3356,greenran_normal,0,0,65535_65535,0,4,57061,104,1,1,0,20,0,22,1,1,pre_allocation
25,3356,greenran_normal,0,0,65535_65535,0,4,57061,109,1,1,1,21,109,22,1,1,allocated
25,3356,greenran_normal,0,0,65535_65535,0,1,56100,148,1,1,0,20,0,28,1,1,pre_allocation
25,3356,greenran_normal,0,0,65535_65535,0,1,56100,156,1,1,1,21,156,28,1,1,allocated
25,3356,greenran_normal,0,0,65535_65535,0,2,56100,148,1,1,0,20,0,28,1,1,pre_allocation
25,3356,greenran_normal,0,0,65535_65535,0,2,56100,156,1,1,1,21,156,28,1,1,allocated
25,3356,greenran_normal,0,0,65535_65535,0,3,56093,148,1,1,0,20,0,28,1,1,pre_allocation
25,3356,greenran_normal,0,0,65535_65535,0,3,56093,156,1,1,1,21,156,28,1,1,allocated
25,3356,greenran_normal,0,0,65535_65535,0,5,56093,148,1,1,0,20,0,28,1,1,pre_allocation
25,3356,greenran_normal,0,0,65535_65535,0,5,56093,156,1,1,1,21,156,28,1,1,allocated
25,3356,greenran_normal,0,0,65535_65535,0,4,57061,109,1,1,0,21,0,22,1,1,pre_allocation
25,3356,greenran_normal,0,0,65535_65535,0,4,57061,114,1,1,1,22,114,22,1,1,allocated
25,3356,greenran_normal,0,0,65535_65535,0,1,56100,156,1,1,0,21,0,28,1,1,pre_allocation
25,3356,greenran_normal,0,0,65535_65535,0,1,56100,163,1,1,1,22,163,28,1,1,allocated
25,3356,greenran_normal,0,0,65535_65535,0,2,56100,156,1,1,0,21,0,28,1,1,pre_allocation
25,3356,greenran_normal,0,0,65535_65535,0,2,56100,163,1,1,1,22,163,28,1,1,allocated
25,3356,greenran_normal,0,0,65535_65535,0,3,56093,156,1,1,0,21,0,28,1,1,pre_allocation
25,3356,greenran_normal,0,0,65535_65535,0,3,56093,163,1,1,1,22,163,28,1,1,allocated
25,3356,greenran_normal,0,0,65535_65535,0,5,56093,156,1,1,0,21,0,28,1,1,pre_allocation
25,3356,greenran_normal,0,0,65535_65535,0,5,56093,163,1,1,1,22,163,28,1,1,allocated
25,3356,greenran_normal,0,0,65535_65535,0,4,57061,114,1,1,0,22,0,22,1,1,pre_allocation
25,3356,greenran_normal,0,0,65535_65535,0,4,57061,120,1,1,1,23,120,22,1,1,allocated
25,3356,greenran_normal,0,0,65535_65535,0,1,56100,163,1,1,0,22,0,28,1,1,pre_allocation
25,3356,greenran_normal,0,0,65535_65535,0,1,56100,171,1,1,1,23,171,28,1,1,allocated
25,3356,greenran_normal,0,0,65535_65535,0,2,56100,163,1,1,0,22,0,28,1,1,pre_allocation
25,3356,greenran_normal,0,0,65535_65535,0,2,56100,171,1,1,1,23,171,28,1,1,allocated
25,3356,greenran_normal,0,0,65535_65535,0,3,56093,163,1,1,0,22,0,28,1,1,pre_allocation
25,3356,greenran_normal,0,0,65535_65535,0,3,56093,171,1,1,1,23,171,28,1,1,allocated
25,3356,greenran_normal,0,0,65535_65535,0,5,56093,163,1,1,0,22,0,28,1,1,pre_allocation
25,3356,greenran_normal,0,0,65535_65535,0,5,56093,171,1,1,1,23,171,28,1,1,allocated
25,3356,greenran_normal,0,0,65535_65535,0,4,57061,120,1,1,0,23,0,22,1,1,pre_allocation
25,3356,greenran_normal,0,0,65535_65535,0,4,57061,125,1,1,1,24,125,22,1,1,allocated
25,3356,greenran_normal,0,0,65535_65535,0,1,56100,171,1,1,0,23,0,28,1,1,pre_allocation
25,3356,greenran_normal,0,0,65535_65535,0,1,56100,179,1,1,1,24,179,28,1,1,allocated
25,3356,greenran_normal,0,0,65535_65535,0,2,56100,171,1,1,0,23,0,28,1,1,pre_allocation
25,3356,greenran_normal,0,0,65535_65535,0,2,56100,179,1,1,1,24,179,28,1,1,allocated
25,3356,greenran_normal,0,0,65535_65535,0,3,56093,171,1,1,0,23,0,28,1,1,pre_allocation
25,3356,greenran_normal,0,0,65535_65535,0,3,56093,179,1,1,1,24,179,28,1,1,allocated
25,3356,greenran_normal,0,0,65535_65535,0,5,56093,171,1,1,0,23,0,28,1,1,pre_allocation
25,3356,greenran_normal,0,0,65535_65535,0,5,56093,179,1,1,1,24,179,28,1,1,allocated
25,3356,greenran_normal,0,0,65535_65535,0,4,57061,125,1,1,0,24,0,22,1,1,pre_allocation
25,3356,greenran_normal,0,0,65535_65535,0,4,57061,131,1,1,1,25,131,22,1,1,allocated
25,3356,greenran_normal,0,0,65535_65535,0,1,56100,179,1,1,0,24,0,28,1,1,pre_allocation
25,3356,greenran_normal,0,0,65535_65535,0,1,56100,186,1,1,1,25,186,28,1,1,allocated
25,3356,greenran_normal,0,0,65535_65535,0,2,56100,179,1,1,0,24,0,28,1,1,pre_allocation
25,3356,greenran_normal,0,0,65535_65535,0,2,56100,186,1,1,1,25,186,28,1,1,allocated
25,3356,greenran_normal,0,0,65535_65535,0,3,56093,179,1,1,0,24,0,28,1,1,pre_allocation
25,3356,greenran_normal,0,0,65535_65535,0,3,56093,186,1,1,1,25,186,28,1,1,allocated
25,3356,greenran_normal,0,0,65535_65535,0,5,56093,179,1,1,0,24,0,28,1,1,pre_allocation
25,3356,greenran_normal,0,0,65535_65535,0,5,56093,186,1,1,1,25,186,28,1,1,allocated
25,3356,greenran_normal,0,0,65535_65535,0,4,57061,131,1,1,0,25,0,22,1,1,pre_allocation
25,3356,greenran_normal,0,0,65535_65535,0,4,57061,136,1,1,1,26,136,22,1,1,allocated
25,3356,greenran_normal,0,0,65535_65535,0,1,56100,186,1,1,0,25,0,28,1,1,pre_allocation
25,3356,greenran_normal,0,0,65535_65535,0,1,56100,194,1,1,1,26,194,28,1,1,allocated
25,3356,greenran_normal,0,0,65535_65535,0,2,56100,186,1,1,0,25,0,28,1,1,pre_allocation
25,3356,greenran_normal,0,0,65535_65535,0,2,56100,194,1,1,1,26,194,28,1,1,allocated
25,3356,greenran_normal,0,0,65535_65535,0,3,56093,186,1,1,0,25,0,28,1,1,pre_allocation
25,3356,greenran_normal,0,0,65535_65535,0,3,56093,194,1,1,1,26,194,28,1,1,allocated
25,3356,greenran_normal,0,0,65535_65535,0,5,56093,186,1,1,0,25,0,28,1,1,pre_allocation
25,3356,greenran_normal,0,0,65535_65535,0,5,56093,194,1,1,1,26,194,28,1,1,allocated
25,3356,greenran_normal,0,0,65535_65535,0,4,57061,136,1,1,0,26,0,22,1,1,pre_allocation
25,3356,greenran_normal,0,0,65535_65535,0,4,57061,141,1,1,1,27,141,22,1,1,allocated
25,3356,greenran_normal,0,0,65535_65535,0,1,56100,194,1,1,0,26,0,28,1,1,pre_allocation
25,3356,greenran_normal,0,0,65535_65535,0,1,56100,201,1,1,1,27,201,28,1,1,allocated
25,3356,greenran_normal,0,0,65535_65535,0,2,56100,194,1,1,0,26,0,28,1,1,pre_allocation
25,3356,greenran_normal,0,0,65535_65535,0,2,56100,201,1,1,1,27,201,28,1,1,allocated
25,3356,greenran_normal,0,0,65535_65535,0,3,56093,194,1,1,0,26,0,28,1,1,pre_allocation
25,3356,greenran_normal,0,0,65535_65535,0,3,56093,201,1,1,1,27,201,28,1,1,allocated
25,3356,greenran_normal,0,0,65535_65535,0,5,56093,194,1,1,0,26,0,28,1,1,pre_allocation
25,3356,greenran_normal,0,0,65535_65535,0,5,56093,201,1,1,1,27,201,28,1,1,allocated
25,3356,greenran_normal,0,0,65535_65535,0,4,57061,141,1,1,0,27,0,22,1,1,pre_allocation
25,3356,greenran_normal,0,0,65535_65535,0,4,57061,147,1,1,1,28,147,22,1,1,allocated
25,3356,greenran_normal,0,0,65535_65535,0,1,56100,201,1,1,0,27,0,28,1,1,pre_allocation
25,3356,greenran_normal,0,0,65535_65535,0,1,56100,209,1,1,1,28,209,28,1,1,allocated
25,3356,greenran_normal,0,0,65535_65535,0,2,56100,201,1,1,0,27,0,28,1,1,pre_allocation
25,3356,greenran_normal,0,0,65535_65535,0,2,56100,209,1,1,1,28,209,28,1,1,allocated
25,3356,greenran_normal,0,0,65535_65535,0,3,56093,201,1,1,0,27,0,28,1,1,pre_allocation
25,3356,greenran_normal,0,0,65535_65535,0,3,56093,209,1,1,1,28,209,28,1,1,allocated
25,3356,greenran_normal,0,0,65535_65535,0,5,56093,201,1,1,0,27,0,28,1,1,pre_allocation
25,3356,greenran_normal,0,0,65535_65535,0,5,56093,209,1,1,1,28,209,28,1,1,allocated
25,3356,greenran_normal,0,0,65535_65535,0,4,57061,147,1,1,0,28,0,22,1,1,pre_allocation
25,3356,greenran_normal,0,0,65535_65535,0,4,57061,152,1,1,1,29,152,22,1,1,allocated
25,3356,greenran_normal,0,0,65535_65535,0,1,56100,209,1,1,0,28,0,28,1,1,pre_allocation
25,3356,greenran_normal,0,0,65535_65535,0,1,56100,217,1,1,1,29,217,28,1,1,allocated
25,3356,greenran_normal,0,0,65535_65535,0,2,56100,209,1,1,0,28,0,28,1,1,pre_allocation
25,3356,greenran_normal,0,0,65535_65535,0,2,56100,217,1,1,1,29,217,28,1,1,allocated
25,3356,greenran_normal,0,0,65535_65535,0,3,56093,209,1,1,0,28,0,28,1,1,pre_allocation
25,3356,greenran_normal,0,0,65535_65535,0,3,56093,217,1,1,1,29,217,28,1,1,allocated
25,3356,greenran_normal,0,0,65535_65535,0,5,56093,209,1,1,0,28,0,28,1,1,pre_allocation
25,3356,greenran_normal,0,0,65535_65535,0,5,56093,217,1,1,1,29,217,28,1,1,allocated
25,3356,greenran_normal,0,0,65535_65535,0,4,57061,152,1,1,0,29,0,22,1,1,pre_allocation
25,3356,greenran_normal,0,0,65535_65535,0,4,57061,157,1,1,1,30,157,22,1,1,allocated
25,3356,greenran_normal,0,0,65535_65535,0,1,56100,217,1,1,0,29,0,28,1,1,pre_allocation
25,3356,greenran_normal,0,0,65535_65535,0,1,56100,224,1,1,1,30,224,28,1,1,allocated
25,3356,greenran_normal,0,0,65535_65535,0,2,56100,217,1,1,0,29,0,28,1,1,pre_allocation
25,3356,greenran_normal,0,0,65535_65535,0,2,56100,224,1,1,1,30,224,28,1,1,allocated
25,3356,greenran_normal,0,0,65535_65535,0,3,56093,217,1,1,0,29,0,28,1,1,pre_allocation
25,3356,greenran_normal,0,0,65535_65535,0,3,56093,224,1,1,1,30,224,28,1,1,allocated
25,3356,greenran_normal,0,0,65535_65535,0,5,56093,217,1,1,0,29,0,28,1,1,pre_allocation
25,3356,greenran_normal,0,0,65535_65535,0,5,56093,224,1,1,1,30,224,28,1,1,allocated
25,3356,greenran_normal,0,0,65535_65535,0,4,57061,157,1,1,0,30,0,22,1,1,pre_allocation
25,3356,greenran_normal,0,0,65535_65535,0,4,57061,163,1,1,1,31,163,22,1,1,allocated
25,3356,greenran_normal,0,0,65535_65535,0,1,56100,224,1,1,0,30,0,28,1,1,pre_allocation
25,3356,greenran_normal,0,0,65535_65535,0,1,56100,232,1,1,1,31,232,28,1,1,allocated
25,3356,greenran_normal,0,0,65535_65535,0,2,56100,224,1,1,0,30,0,28,1,1,pre_allocation
25,3356,greenran_normal,0,0,65535_65535,0,2,56100,232,1,1,1,31,232,28,1,1,allocated
25,3356,greenran_normal,0,0,65535_65535,0,3,56093,224,1,1,0,30,0,28,1,1,pre_allocation
25,3356,greenran_normal,0,0,65535_65535,0,3,56093,232,1,1,1,31,232,28,1,1,allocated
25,3356,greenran_normal,0,0,65535_65535,0,5,56093,224,1,1,0,30,0,28,1,1,pre_allocation
25,3356,greenran_normal,0,0,65535_65535,0,5,56093,232,1,1,1,31,232,28,1,1,allocated
25,3356,greenran_normal,0,0,65535_65535,0,4,57061,163,1,1,0,31,0,22,1,1,pre_allocation
25,3356,greenran_normal,0,0,65535_65535,0,4,57061,168,1,1,1,32,168,22,1,1,allocated
25,3356,greenran_normal,0,0,65535_65535,0,1,56100,232,1,1,0,31,0,28,1,1,pre_allocation
25,3356,greenran_normal,0,0,65535_65535,0,1,56100,239,1,1,1,32,239,28,1,1,allocated
25,3356,greenran_normal,0,0,65535_65535,0,2,56100,232,1,1,0,31,0,28,1,1,pre_allocation
25,3356,greenran_normal,0,0,65535_65535,0,2,56100,239,1,1,1,32,239,28,1,1,allocated
25,3356,greenran_normal,0,0,65535_65535,0,3,56093,232,1,1,0,31,0,28,1,1,pre_allocation
25,3356,greenran_normal,0,0,65535_65535,0,3,56093,239,1,1,1,32,239,28,1,1,allocated
25,3356,greenran_normal,0,0,65535_65535,0,5,56093,232,1,1,0,31,0,28,1,1,pre_allocation
25,3356,greenran_normal,0,0,65535_65535,0,5,56093,239,1,1,1,32,239,28,1,1,allocated
25,3356,greenran_normal,0,0,65535_65535,0,4,57061,168,1,1,0,32,0,22,1,1,pre_allocation
25,3356,greenran_normal,0,0,65535_65535,0,4,57061,173,1,1,1,33,173,22,1,1,allocated
25,3356,greenran_normal,0,0,65535_65535,0,1,56100,239,1,1,0,32,0,28,1,1,pre_allocation
25,3356,greenran_normal,0,0,65535_65535,0,1,56100,247,1,1,1,33,247,28,1,1,allocated
25,3356,greenran_normal,0,0,65535_65535,0,2,56100,239,1,1,0,32,0,28,1,1,pre_allocation
25,3356,greenran_normal,0,0,65535_65535,0,2,56100,247,1,1,1,33,247,28,1,1,allocated
25,3356,greenran_normal,0,0,65535_65535,0,3,56093,239,1,1,0,32,0,28,1,1,pre_allocation
25,3356,greenran_normal,0,0,65535_65535,0,3,56093,247,1,1,1,33,247,28,1,1,allocated
25,3356,greenran_normal,0,0,65535_65535,0,5,56093,239,1,1,0,32,0,28,1,1,pre_allocation
25,3356,greenran_normal,0,0,65535_65535,0,5,56093,247,1,1,1,33,247,28,1,1,allocated
25,3356,greenran_normal,0,0,65535_65535,0,4,57061,173,1,1,0,33,0,22,1,1,pre_allocation
25,3356,greenran_normal,0,0,65535_65535,0,4,57061,179,1,1,1,34,179,22,1,1,allocated
25,3356,greenran_normal,0,0,65535_65535,0,1,56100,247,1,1,0,33,0,28,1,1,pre_allocation
25,3356,greenran_normal,0,0,65535_65535,0,1,56100,255,1,1,1,34,255,28,1,1,allocated
25,3356,greenran_normal,0,0,65535_65535,0,2,56100,247,1,1,0,33,0,28,1,1,pre_allocation
25,3356,greenran_normal,0,0,65535_65535,0,2,56100,255,1,1,1,34,255,28,1,1,allocated
25,3356,greenran_normal,0,0,65535_65535,0,3,56093,247,1,1,0,33,0,28,1,1,pre_allocation
25,3356,greenran_normal,0,0,65535_65535,0,3,56093,255,1,1,1,34,255,28,1,1,allocated
25,3356,greenran_normal,0,0,65535_65535,0,5,56093,247,1,1,0,33,0,28,1,1,pre_allocation
25,3356,greenran_normal,0,0,65535_65535,0,5,56093,255,1,1,1,34,255,28,1,1,allocated
25,3356,greenran_normal,0,0,65535_65535,0,4,57061,179,1,1,0,34,0,22,1,1,pre_allocation
25,3356,greenran_normal,0,0,65535_65535,0,4,57061,184,1,1,1,35,184,22,1,1,allocated
25,3356,greenran_normal,0,0,65535_65535,0,1,56100,255,1,1,0,34,0,28,1,1,pre_allocation
25,3356,greenran_normal,0,0,65535_65535,0,1,56100,262,1,1,1,35,262,28,1,1,allocated
25,3356,greenran_normal,0,0,65535_65535,0,2,56100,255,1,1,0,34,0,28,1,1,pre_allocation
25,3356,greenran_normal,0,0,65535_65535,0,2,56100,262,1,1,1,35,262,28,1,1,allocated
25,3356,greenran_normal,0,0,65535_65535,0,3,56093,255,1,1,0,34,0,28,1,1,pre_allocation
25,3356,greenran_normal,0,0,65535_65535,0,3,56093,262,1,1,1,35,262,28,1,1,allocated
25,3356,greenran_normal,0,0,65535_65535,0,5,56093,255,1,1,0,34,0,28,1,1,pre_allocation
25,3356,greenran_normal,0,0,65535_65535,0,5,56093,262,1,1,1,35,262,28,1,1,allocated
25,3356,greenran_normal,0,0,65535_65535,0,4,57061,184,1,1,0,35,0,22,1,1,pre_allocation
25,3356,greenran_normal,0,0,65535_65535,0,4,57061,190,1,1,1,36,190,22,1,1,allocated
25,3356,greenran_normal,0,0,65535_65535,0,1,56100,262,1,1,0,35,0,28,1,1,pre_allocation
25,3356,greenran_normal,0,0,65535_65535,0,1,56100,270,1,1,1,36,270,28,1,1,allocated
25,3356,greenran_normal,0,0,65535_65535,0,2,56100,262,1,1,0,35,0,28,1,1,pre_allocation
25,3356,greenran_normal,0,0,65535_65535,0,2,56100,270,1,1,1,36,270,28,1,1,allocated
25,3356,greenran_normal,0,0,65535_65535,0,3,56093,262,1,1,0,35,0,28,1,1,pre_allocation
25,3356,greenran_normal,0,0,65535_65535,0,3,56093,270,1,1,1,36,270,28,1,1,allocated
25,3356,greenran_normal,0,0,65535_65535,2,38,1822949,0,1,1,0,0,0,2,1,1,pre_allocation
25,3356,greenran_normal,0,0,65535_65535,2,38,1822949,0,1,1,1,1,0,2,1,1,allocated
25,3356,greenran_normal,0,0,65535_65535,2,60,1822723,0,1,1,0,0,0,12,1,1,pre_allocation
25,3356,greenran_normal,0,0,65535_65535,2,60,1822723,2,1,1,1,1,2,12,1,1,allocated
25,3356,greenran_normal,0,0,65535_65535,2,64,1822563,0,1,1,0,0,0,16,1,1,pre_allocation
25,3356,greenran_normal,0,0,65535_65535,2,64,1822563,0,1,1,1,1,0,16,1,1,allocated
25,3356,greenran_normal,0,0,65535_65535,2,43,1822338,0,1,1,0,0,0,20,1,1,pre_allocation
25,3356,greenran_normal,0,0,65535_65535,2,43,1822338,1,1,1,1,1,1,20,1,1,allocated
25,3356,greenran_normal,0,0,65535_65535,2,42,1822042,0,1,1,0,0,0,26,1,1,pre_allocation
25,3356,greenran_normal,0,0,65535_65535,2,42,1822042,4,1,1,1,1,4,26,1,1,allocated
25,3356,greenran_normal,0,0,65535_65535,2,59,1821879,0,1,1,0,0,0,28,1,1,pre_allocation
25,3356,greenran_normal,0,0,65535_65535,2,59,1821879,4,1,1,1,1,4,28,1,1,allocated
25,3356,greenran_normal,0,0,65535_65535,2,36,1821874,0,1,1,0,0,0,24,1,1,pre_allocation
25,3356,greenran_normal,0,0,65535_65535,2,36,1821874,3,1,1,1,1,3,24,1,1,allocated
25,3356,greenran_normal,0,0,65535_65535,2,58,1821891,0,1,1,0,0,0,26,1,1,pre_allocation
25,3356,greenran_normal,0,0,65535_65535,2,58,1821891,4,1,1,1,1,4,26,1,1,allocated
25,3356,greenran_normal,0,0,65535_65535,2,39,1821826,0,1,1,0,0,0,26,1,1,pre_allocation
25,3356,greenran_normal,0,0,65535_65535,2,39,1821826,4,1,1,1,1,4,26,1,1,allocated
25,3356,greenran_normal,0,0,65535_65535,2,61,1821822,0,1,1,0,0,0,28,1,1,pre_allocation
25,3356,greenran_normal,0,0,65535_65535,2,61,1821822,4,1,1,1,1,4,28,1,1,allocated
25,3356,greenran_normal,0,0,65535_65535,2,35,1821817,0,1,1,0,0,0,28,1,1,pre_allocation
25,3356,greenran_normal,0,0,65535_65535,2,35,1821817,4,1,1,1,1,4,28,1,1,allocated
25,3356,greenran_normal,0,0,65535_65535,2,44,1821817,0,1,1,0,0,0,28,1,1,pre_allocation
25,3356,greenran_normal,0,0,65535_65535,2,44,1821817,4,1,1,1,1,4,28,1,1,allocated
25,3356,greenran_normal,0,0,65535_65535,2,55,1821817,0,1,1,0,0,0,28,1,1,pre_allocation
25,3356,greenran_normal,0,0,65535_65535,2,55,1821817,4,1,1,1,1,4,28,1,1,allocated
25,3356,greenran_normal,0,0,65535_65535,2,56,1821817,0,1,1,0,0,0,28,1,1,pre_allocation
25,3356,greenran_normal,0,0,65535_65535,2,56,1821817,4,1,1,1,1,4,28,1,1,allocated
25,3356,greenran_normal,0,0,65535_65535,2,57,1821817,0,1,1,0,0,0,28,1,1,pre_allocation
25,3356,greenran_normal,0,0,65535_65535,2,57,1821817,4,1,1,1,1,4,28,1,1,allocated
25,3356,greenran_normal,0,0,65535_65535,2,37,1821819,0,1,1,0,0,0,28,1,1,pre_allocation
25,3356,greenran_normal,0,0,65535_65535,2,37,1821819,4,1,1,1,1,4,28,1,1,allocated
25,3356,greenran_normal,0,0,65535_65535,2,41,1821819,0,1,1,0,0,0,28,1,1,pre_allocation
25,3356,greenran_normal,0,0,65535_65535,2,41,1821819,4,1,1,1,1,4,28,1,1,allocated
25,3356,greenran_normal,0,0,65535_65535,2,40,1821818,0,1,1,0,0,0,28,1,1,pre_allocation
25,3356,greenran_normal,0,0,65535_65535,2,40,1821818,4,1,1,1,1,4,28,1,1,allocated
25,3356,greenran_normal,0,0,65535_65535,2,63,1821814,0,1,1,0,0,0,28,1,1,pre_allocation
25,3356,greenran_normal,0,0,65535_65535,2,63,1821814,4,1,1,1,1,4,28,1,1,allocated
25,3356,greenran_normal,0,0,65535_65535,2,62,1821814,0,1,1,0,0,0,28,1,1,pre_allocation
25,3356,greenran_normal,0,0,65535_65535,2,62,1821814,4,1,1,1,1,4,28,1,1,allocated
25,3356,greenran_normal,0,0,65535_65535,2,38,1822949,0,1,1,0,1,0,2,1,1,pre_allocation
25,3356,greenran_normal,0,0,65535_65535,2,38,1822949,0,1,1,1,2,0,2,1,1,allocated
25,3356,greenran_normal,0,0,65535_65535,2,60,1822723,2,1,1,0,1,0,12,1,1,pre_allocation
25,3356,greenran_normal,0,0,65535_65535,2,60,1822723,1,1,1,1,2,1,12,1,1,allocated
25,3356,greenran_normal,0,0,65535_65535,2,64,1822563,0,1,1,0,1,0,16,1,1,pre_allocation
25,3356,greenran_normal,0,0,65535_65535,2,64,1822563,3,1,1,1,2,3,16,1,1,allocated
25,3356,greenran_normal,0,0,65535_65535,2,43,1822338,1,1,1,0,1,0,20,1,1,pre_allocation
25,3356,greenran_normal,0,0,65535_65535,2,43,1822338,6,1,1,1,2,6,20,1,1,allocated
25,3356,greenran_normal,0,0,65535_65535,2,42,1822042,4,1,1,0,1,0,26,1,1,pre_allocation
25,3356,greenran_normal,0,0,65535_65535,2,42,1822042,11,1,1,1,2,11,26,1,1,allocated
25,3356,greenran_normal,0,0,65535_65535,2,59,1821879,4,1,1,0,1,0,28,1,1,pre_allocation
25,3356,greenran_normal,0,0,65535_65535,2,59,1821879,12,1,1,1,2,12,28,1,1,allocated
25,3356,greenran_normal,0,0,65535_65535,2,36,1821874,3,1,1,0,1,0,24,1,1,pre_allocation
25,3356,greenran_normal,0,0,65535_65535,2,36,1821874,9,1,1,1,2,9,24,1,1,allocated
25,3356,greenran_normal,0,0,65535_65535,2,58,1821891,4,1,1,0,1,0,26,1,1,pre_allocation
25,3356,greenran_normal,0,0,65535_65535,2,58,1821891,11,1,1,1,2,11,26,1,1,allocated
25,3356,greenran_normal,0,0,65535_65535,2,39,1821826,4,1,1,0,1,0,26,1,1,pre_allocation
25,3356,greenran_normal,0,0,65535_65535,2,39,1821826,11,1,1,1,2,11,26,1,1,allocated
25,3356,greenran_normal,0,0,65535_65535,2,61,1821822,4,1,1,0,1,0,28,1,1,pre_allocation
25,3356,greenran_normal,0,0,65535_65535,2,61,1821822,12,1,1,1,2,12,28,1,1,allocated
25,3356,greenran_normal,0,0,65535_65535,2,35,1821817,4,1,1,0,1,0,28,1,1,pre_allocation
25,3356,greenran_normal,0,0,65535_65535,2,35,1821817,12,1,1,1,2,12,28,1,1,allocated
25,3356,greenran_normal,0,0,65535_65535,2,44,1821817,4,1,1,0,1,0,28,1,1,pre_allocation
25,3356,greenran_normal,0,0,65535_65535,2,44,1821817,12,1,1,1,2,12,28,1,1,allocated
25,3356,greenran_normal,0,0,65535_65535,2,55,1821817,4,1,1,0,1,0,28,1,1,pre_allocation
25,3356,greenran_normal,0,0,65535_65535,2,55,1821817,12,1,1,1,2,12,28,1,1,allocated
25,3356,greenran_normal,0,0,65535_65535,2,56,1821817,4,1,1,0,1,0,28,1,1,pre_allocation
25,3356,greenran_normal,0,0,65535_65535,2,56,1821817,12,1,1,1,2,12,28,1,1,allocated
25,3356,greenran_normal,0,0,65535_65535,2,57,1821817,4,1,1,0,1,0,28,1,1,pre_allocation
25,3356,greenran_normal,0,0,65535_65535,2,57,1821817,12,1,1,1,2,12,28,1,1,allocated
25,3356,greenran_normal,0,0,65535_65535,2,37,1821819,4,1,1,0,1,0,28,1,1,pre_allocation
25,3356,greenran_normal,0,0,65535_65535,2,37,1821819,12,1,1,1,2,12,28,1,1,allocated
25,3356,greenran_normal,0,0,65535_65535,2,41,1821819,4,1,1,0,1,0,28,1,1,pre_allocation
25,3356,greenran_normal,0,0,65535_65535,2,41,1821819,12,1,1,1,2,12,28,1,1,allocated
25,3356,greenran_normal,0,0,65535_65535,2,40,1821818,4,1,1,0,1,0,28,1,1,pre_allocation
25,3356,greenran_normal,0,0,65535_65535,2,40,1821818,12,1,1,1,2,12,28,1,1,allocated
25,3356,greenran_normal,0,0,65535_65535,2,63,1821814,4,1,1,0,1,0,28,1,1,pre_allocation
25,3356,greenran_normal,0,0,65535_65535,2,63,1821814,12,1,1,1,2,12,28,1,1,allocated
25,3356,greenran_normal,0,0,65535_65535,2,62,1821814,4,1,1,0,1,0,28,1,1,pre_allocation
25,3356,greenran_normal,0,0,65535_65535,2,62,1821814,12,1,1,1,2,12,28,1,1,allocated
25,3356,greenran_normal,0,0,65535_65535,2,38,1822949,0,1,1,0,2,0,2,1,1,pre_allocation
25,3356,greenran_normal,0,0,65535_65535,2,38,1822949,0,1,1,1,3,0,2,1,1,allocated
25,3356,greenran_normal,0,0,65535_65535,2,60,1822723,1,1,1,0,2,0,12,1,1,pre_allocation
25,3356,greenran_normal,0,0,65535_65535,2,60,1822723,3,1,1,1,3,3,12,1,1,allocated
25,3356,greenran_normal,0,0,65535_65535,2,64,1822563,3,1,1,0,2,0,16,1,1,pre_allocation
25,3356,greenran_normal,0,0,65535_65535,2,64,1822563,6,1,1,1,3,6,16,1,1,allocated
25,3356,greenran_normal,0,0,65535_65535,2,43,1822338,6,1,1,0,2,0,20,1,1,pre_allocation
25,3356,greenran_normal,0,0,65535_65535,2,43,1822338,10,1,1,1,3,10,20,1,1,allocated
25,3356,greenran_normal,0,0,65535_65535,2,42,1822042,11,1,1,0,2,0,26,1,1,pre_allocation
25,3356,greenran_normal,0,0,65535_65535,2,42,1822042,18,1,1,1,3,18,26,1,1,allocated
25,3356,greenran_normal,0,0,65535_65535,2,59,1821879,12,1,1,0,2,0,28,1,1,pre_allocation
25,3356,greenran_normal,0,0,65535_65535,2,59,1821879,19,1,1,1,3,19,28,1,1,allocated
25,3356,greenran_normal,0,0,65535_65535,2,36,1821874,9,1,1,0,2,0,24,1,1,pre_allocation
25,3356,greenran_normal,0,0,65535_65535,2,36,1821874,15,1,1,1,3,15,24,1,1,allocated
25,3356,greenran_normal,0,0,65535_65535,2,58,1821891,11,1,1,0,2,0,26,1,1,pre_allocation
25,3356,greenran_normal,0,0,65535_65535,2,58,1821891,18,1,1,1,3,18,26,1,1,allocated
25,3356,greenran_normal,0,0,65535_65535,2,39,1821826,11,1,1,0,2,0,26,1,1,pre_allocation
25,3356,greenran_normal,0,0,65535_65535,2,39,1821826,18,1,1,1,3,18,26,1,1,allocated
25,3356,greenran_normal,0,0,65535_65535,2,61,1821822,12,1,1,0,2,0,28,1,1,pre_allocation
25,3356,greenran_normal,0,0,65535_65535,2,61,1821822,19,1,1,1,3,19,28,1,1,allocated
25,3356,greenran_normal,0,0,65535_65535,2,35,1821817,12,1,1,0,2,0,28,1,1,pre_allocation
25,3356,greenran_normal,0,0,65535_65535,2,35,1821817,19,1,1,1,3,19,28,1,1,allocated
25,3356,greenran_normal,0,0,65535_65535,2,44,1821817,12,1,1,0,2,0,28,1,1,pre_allocation
25,3356,greenran_normal,0,0,65535_65535,2,44,1821817,19,1,1,1,3,19,28,1,1,allocated
25,3356,greenran_normal,0,0,65535_65535,2,55,1821817,12,1,1,0,2,0,28,1,1,pre_allocation
25,3356,greenran_normal,0,0,65535_65535,2,55,1821817,19,1,1,1,3,19,28,1,1,allocated
25,3356,greenran_normal,0,0,65535_65535,2,56,1821817,12,1,1,0,2,0,28,1,1,pre_allocation
25,3356,greenran_normal,0,0,65535_65535,2,56,1821817,19,1,1,1,3,19,28,1,1,allocated
25,3356,greenran_normal,0,0,65535_65535,2,57,1821817,12,1,1,0,2,0,28,1,1,pre_allocation
25,3356,greenran_normal,0,0,65535_65535,2,57,1821817,19,1,1,1,3,19,28,1,1,allocated
25,3356,greenran_normal,0,0,65535_65535,2,37,1821819,12,1,1,0,2,0,28,1,1,pre_allocation
25,3356,greenran_normal,0,0,65535_65535,2,37,1821819,19,1,1,1,3,19,28,1,1,allocated
25,3356,greenran_normal,0,0,65535_65535,2,41,1821819,12,1,1,0,2,0,28,1,1,pre_allocation
25,3356,greenran_normal,0,0,65535_65535,2,41,1821819,19,1,1,1,3,19,28,1,1,allocated
25,3356,greenran_normal,0,0,65535_65535,2,40,1821818,12,1,1,0,2,0,28,1,1,pre_allocation
25,3356,greenran_normal,0,0,65535_65535,2,40,1821818,19,1,1,1,3,19,28,1,1,allocated
25,3356,greenran_normal,0,0,65535_65535,2,63,1821814,12,1,1,0,2,0,28,1,1,pre_allocation
25,3356,greenran_normal,0,0,65535_65535,2,63,1821814,19,1,1,1,3,19,28,1,1,allocated
25,3356,greenran_normal,0,0,65535_65535,2,62,1821814,12,1,1,0,2,0,28,1,1,pre_allocation
25,3356,greenran_normal,0,0,65535_65535,2,62,1821814,19,1,1,1,3,19,28,1,1,allocated
25,3356,greenran_normal,0,0,65535_65535,2,38,1822949,0,1,1,0,3,0,2,1,1,pre_allocation
25,3356,greenran_normal,0,0,65535_65535,2,38,1822949,1,1,1,1,4,1,2,1,1,allocated
25,3356,greenran_normal,0,0,65535_65535,2,60,1822723,3,1,1,0,3,0,12,1,1,pre_allocation
25,3356,greenran_normal,0,0,65535_65535,2,60,1822723,5,1,1,1,4,5,12,1,1,allocated
25,3356,greenran_normal,0,0,65535_65535,2,64,1822563,6,1,1,0,3,0,16,1,1,pre_allocation
25,3356,greenran_normal,0,0,65535_65535,2,64,1822563,10,1,1,1,4,10,16,1,1,allocated
25,3356,greenran_normal,0,0,65535_65535,2,43,1822338,10,1,1,0,3,0,20,1,1,pre_allocation
25,3356,greenran_normal,0,0,65535_65535,2,43,1822338,15,1,1,1,4,15,20,1,1,allocated
25,3356,greenran_normal,0,0,65535_65535,2,42,1822042,18,1,1,0,3,0,26,1,1,pre_allocation
25,3356,greenran_normal,0,0,65535_65535,2,42,1822042,25,1,1,1,4,25,26,1,1,allocated
25,3356,greenran_normal,0,0,65535_65535,2,59,1821879,19,1,1,0,3,0,28,1,1,pre_allocation
25,3356,greenran_normal,0,0,65535_65535,2,59,1821879,27,1,1,1,4,27,28,1,1,allocated
25,3356,greenran_normal,0,0,65535_65535,2,36,1821874,15,1,1,0,3,0,24,1,1,pre_allocation
25,3356,greenran_normal,0,0,65535_65535,2,36,1821874,21,1,1,1,4,21,24,1,1,allocated
25,3356,greenran_normal,0,0,65535_65535,2,58,1821891,18,1,1,0,3,0,26,1,1,pre_allocation
25,3356,greenran_normal,0,0,65535_65535,2,58,1821891,25,1,1,1,4,25,26,1,1,allocated
25,3356,greenran_normal,0,0,65535_65535,2,39,1821826,18,1,1,0,3,0,26,1,1,pre_allocation
25,3356,greenran_normal,0,0,65535_65535,2,39,1821826,25,1,1,1,4,25,26,1,1,allocated
25,3356,greenran_normal,0,0,65535_65535,2,61,1821822,19,1,1,0,3,0,28,1,1,pre_allocation
25,3356,greenran_normal,0,0,65535_65535,2,61,1821822,27,1,1,1,4,27,28,1,1,allocated
25,3356,greenran_normal,0,0,65535_65535,2,35,1821817,19,1,1,0,3,0,28,1,1,pre_allocation
25,3356,greenran_normal,0,0,65535_65535,2,35,1821817,27,1,1,1,4,27,28,1,1,allocated
25,3356,greenran_normal,0,0,65535_65535,2,44,1821817,19,1,1,0,3,0,28,1,1,pre_allocation
25,3356,greenran_normal,0,0,65535_65535,2,44,1821817,27,1,1,1,4,27,28,1,1,allocated
25,3356,greenran_normal,0,0,65535_65535,2,55,1821817,19,1,1,0,3,0,28,1,1,pre_allocation
25,3356,greenran_normal,0,0,65535_65535,2,55,1821817,27,1,1,1,4,27,28,1,1,allocated
25,3356,greenran_normal,0,0,65535_65535,2,56,1821817,19,1,1,0,3,0,28,1,1,pre_allocation
25,3356,greenran_normal,0,0,65535_65535,2,56,1821817,27,1,1,1,4,27,28,1,1,allocated
25,3356,greenran_normal,0,0,65535_65535,2,57,1821817,19,1,1,0,3,0,28,1,1,pre_allocation
25,3356,greenran_normal,0,0,65535_65535,2,57,1821817,27,1,1,1,4,27,28,1,1,allocated
25,3356,greenran_normal,0,0,65535_65535,2,37,1821819,19,1,1,0,3,0,28,1,1,pre_allocation
25,3356,greenran_normal,0,0,65535_65535,2,37,1821819,27,1,1,1,4,27,28,1,1,allocated
25,3356,greenran_normal,0,0,65535_65535,2,41,1821819,19,1,1,0,3,0,28,1,1,pre_allocation
25,3356,greenran_normal,0,0,65535_65535,2,41,1821819,27,1,1,1,4,27,28,1,1,allocated
25,3356,greenran_normal,0,0,65535_65535,2,40,1821818,19,1,1,0,3,0,28,1,1,pre_allocation
25,3356,greenran_normal,0,0,65535_65535,2,40,1821818,27,1,1,1,4,27,28,1,1,allocated
25,3356,greenran_normal,0,0,65535_65535,2,63,1821814,19,1,1,0,3,0,28,1,1,pre_allocation
25,3356,greenran_normal,0,0,65535_65535,2,63,1821814,27,1,1,1,4,27,28,1,1,allocated
25,3356,greenran_normal,0,0,65535_65535,2,62,1821814,19,1,1,0,3,0,28,1,1,pre_allocation
25,3356,greenran_normal,0,0,65535_65535,2,62,1821814,27,1,1,1,4,27,28,1,1,allocated
25,3356,greenran_normal,0,0,65535_65535,2,38,1822949,1,1,1,0,4,0,2,1,1,pre_allocation
25,3356,greenran_normal,0,0,65535_65535,2,38,1822949,1,1,1,1,5,1,2,1,1,allocated
25,3356,greenran_normal,0,0,65535_65535,2,60,1822723,5,1,1,0,4,0,12,1,1,pre_allocation
25,3356,greenran_normal,0,0,65535_65535,2,60,1822723,7,1,1,1,5,7,12,1,1,allocated
25,3356,greenran_normal,0,0,65535_65535,2,64,1822563,10,1,1,0,4,0,16,1,1,pre_allocation
25,3356,greenran_normal,0,0,65535_65535,2,64,1822563,13,1,1,1,5,13,16,1,1,allocated
25,3356,greenran_normal,0,0,65535_65535,2,43,1822338,15,1,1,0,4,0,20,1,1,pre_allocation
25,3356,greenran_normal,0,0,65535_65535,2,43,1822338,19,1,1,1,5,19,20,1,1,allocated
25,3356,greenran_normal,0,0,65535_65535,2,42,1822042,25,1,1,0,4,0,26,1,1,pre_allocation
25,3356,greenran_normal,0,0,65535_65535,2,42,1822042,32,1,1,1,5,32,26,1,1,allocated
25,3356,greenran_normal,0,0,65535_65535,2,59,1821879,27,1,1,0,4,0,28,1,1,pre_allocation
25,3356,greenran_normal,0,0,65535_65535,2,59,1821879,34,1,1,1,5,34,28,1,1,allocated
25,3356,greenran_normal,0,0,65535_65535,2,36,1821874,21,1,1,0,4,0,24,1,1,pre_allocation
25,3356,greenran_normal,0,0,65535_65535,2,36,1821874,27,1,1,1,5,27,24,1,1,allocated
26,3831,greenran_normal,0,0,65535_65535,0,4,66907,0,1,1,0,0,0,22,1,1,pre_allocation
26,3831,greenran_normal,0,0,65535_65535,0,4,66907,2,1,1,1,1,2,22,1,1,allocated
26,3831,greenran_normal,0,0,65535_65535,0,5,65867,0,1,1,0,0,0,28,1,1,pre_allocation
26,3831,greenran_normal,0,0,65535_65535,0,5,65867,4,1,1,1,1,4,28,1,1,allocated
26,3831,greenran_normal,0,0,65535_65535,0,1,65866,0,1,1,0,0,0,28,1,1,pre_allocation
26,3831,greenran_normal,0,0,65535_65535,0,1,65866,4,1,1,1,1,4,28,1,1,allocated
26,3831,greenran_normal,0,0,65535_65535,0,2,65866,0,1,1,0,0,0,28,1,1,pre_allocation
26,3831,greenran_normal,0,0,65535_65535,0,2,65866,4,1,1,1,1,4,28,1,1,allocated
26,3831,greenran_normal,0,0,65535_65535,0,3,65859,0,1,1,0,0,0,28,1,1,pre_allocation
26,3831,greenran_normal,0,0,65535_65535,0,3,65859,4,1,1,1,1,4,28,1,1,allocated
26,3831,greenran_normal,0,0,65535_65535,0,4,66907,2,1,1,0,1,0,22,1,1,pre_allocation
26,3831,greenran_normal,0,0,65535_65535,0,4,66907,7,1,1,1,2,7,22,1,1,allocated
26,3831,greenran_normal,0,0,65535_65535,0,5,65867,4,1,1,0,1,0,28,1,1,pre_allocation
26,3831,greenran_normal,0,0,65535_65535,0,5,65867,12,1,1,1,2,12,28,1,1,allocated
26,3831,greenran_normal,0,0,65535_65535,0,1,65866,4,1,1,0,1,0,28,1,1,pre_allocation
26,3831,greenran_normal,0,0,65535_65535,0,1,65866,12,1,1,1,2,12,28,1,1,allocated
26,3831,greenran_normal,0,0,65535_65535,0,2,65866,4,1,1,0,1,0,28,1,1,pre_allocation
26,3831,greenran_normal,0,0,65535_65535,0,2,65866,12,1,1,1,2,12,28,1,1,allocated
26,3831,greenran_normal,0,0,65535_65535,0,3,65859,4,1,1,0,1,0,28,1,1,pre_allocation
26,3831,greenran_normal,0,0,65535_65535,0,3,65859,12,1,1,1,2,12,28,1,1,allocated
26,3831,greenran_normal,0,0,65535_65535,0,4,66907,7,1,1,0,2,0,22,1,1,pre_allocation
26,3831,greenran_normal,0,0,65535_65535,0,4,66907,13,1,1,1,3,13,22,1,1,allocated
26,3831,greenran_normal,0,0,65535_65535,0,5,65867,12,1,1,0,2,0,28,1,1,pre_allocation
26,3831,greenran_normal,0,0,65535_65535,0,5,65867,19,1,1,1,3,19,28,1,1,allocated
26,3831,greenran_normal,0,0,65535_65535,0,1,65866,12,1,1,0,2,0,28,1,1,pre_allocation
26,3831,greenran_normal,0,0,65535_65535,0,1,65866,19,1,1,1,3,19,28,1,1,allocated
26,3831,greenran_normal,0,0,65535_65535,0,2,65866,12,1,1,0,2,0,28,1,1,pre_allocation
26,3831,greenran_normal,0,0,65535_65535,0,2,65866,19,1,1,1,3,19,28,1,1,allocated
26,3831,greenran_normal,0,0,65535_65535,0,3,65859,12,1,1,0,2,0,28,1,1,pre_allocation
26,3831,greenran_normal,0,0,65535_65535,0,3,65859,19,1,1,1,3,19,28,1,1,allocated
26,3831,greenran_normal,0,0,65535_65535,0,4,66907,13,1,1,0,3,0,22,1,1,pre_allocation
26,3831,greenran_normal,0,0,65535_65535,0,4,66907,18,1,1,1,4,18,22,1,1,allocated
26,3831,greenran_normal,0,0,65535_65535,0,5,65867,19,1,1,0,3,0,28,1,1,pre_allocation
26,3831,greenran_normal,0,0,65535_65535,0,5,65867,27,1,1,1,4,27,28,1,1,allocated
26,3831,greenran_normal,0,0,65535_65535,0,1,65866,19,1,1,0,3,0,28,1,1,pre_allocation
26,3831,greenran_normal,0,0,65535_65535,0,1,65866,27,1,1,1,4,27,28,1,1,allocated
26,3831,greenran_normal,0,0,65535_65535,0,2,65866,19,1,1,0,3,0,28,1,1,pre_allocation
26,3831,greenran_normal,0,0,65535_65535,0,2,65866,27,1,1,1,4,27,28,1,1,allocated
26,3831,greenran_normal,0,0,65535_65535,0,3,65859,19,1,1,0,3,0,28,1,1,pre_allocation
26,3831,greenran_normal,0,0,65535_65535,0,3,65859,27,1,1,1,4,27,28,1,1,allocated
26,3831,greenran_normal,0,0,65535_65535,0,4,66907,18,1,1,0,4,0,22,1,1,pre_allocation
26,3831,greenran_normal,0,0,65535_65535,0,4,66907,23,1,1,1,5,23,22,1,1,allocated
26,3831,greenran_normal,0,0,65535_65535,0,5,65867,27,1,1,0,4,0,28,1,1,pre_allocation
26,3831,greenran_normal,0,0,65535_65535,0,5,65867,34,1,1,1,5,34,28,1,1,allocated
26,3831,greenran_normal,0,0,65535_65535,0,1,65866,27,1,1,0,4,0,28,1,1,pre_allocation
26,3831,greenran_normal,0,0,65535_65535,0,1,65866,34,1,1,1,5,34,28,1,1,allocated
26,3831,greenran_normal,0,0,65535_65535,0,2,65866,27,1,1,0,4,0,28,1,1,pre_allocation
26,3831,greenran_normal,0,0,65535_65535,0,2,65866,34,1,1,1,5,34,28,1,1,allocated
26,3831,greenran_normal,0,0,65535_65535,0,3,65859,27,1,1,0,4,0,28,1,1,pre_allocation
26,3831,greenran_normal,0,0,65535_65535,0,3,65859,34,1,1,1,5,34,28,1,1,allocated
26,3831,greenran_normal,0,0,65535_65535,0,4,66907,23,1,1,0,5,0,22,1,1,pre_allocation
26,3831,greenran_normal,0,0,65535_65535,0,4,66907,29,1,1,1,6,29,22,1,1,allocated
26,3831,greenran_normal,0,0,65535_65535,0,5,65867,34,1,1,0,5,0,28,1,1,pre_allocation
26,3831,greenran_normal,0,0,65535_65535,0,5,65867,42,1,1,1,6,42,28,1,1,allocated
26,3831,greenran_normal,0,0,65535_65535,0,1,65866,34,1,1,0,5,0,28,1,1,pre_allocation
26,3831,greenran_normal,0,0,65535_65535,0,1,65866,42,1,1,1,6,42,28,1,1,allocated
26,3831,greenran_normal,0,0,65535_65535,0,2,65866,34,1,1,0,5,0,28,1,1,pre_allocation
26,3831,greenran_normal,0,0,65535_65535,0,2,65866,42,1,1,1,6,42,28,1,1,allocated
26,3831,greenran_normal,0,0,65535_65535,0,3,65859,34,1,1,0,5,0,28,1,1,pre_allocation
26,3831,greenran_normal,0,0,65535_65535,0,3,65859,42,1,1,1,6,42,28,1,1,allocated
26,3831,greenran_normal,0,0,65535_65535,0,4,66907,29,1,1,0,6,0,22,1,1,pre_allocation
26,3831,greenran_normal,0,0,65535_65535,0,4,66907,34,1,1,1,7,34,22,1,1,allocated
26,3831,greenran_normal,0,0,65535_65535,0,5,65867,42,1,1,0,6,0,28,1,1,pre_allocation
26,3831,greenran_normal,0,0,65535_65535,0,5,65867,50,1,1,1,7,50,28,1,1,allocated
26,3831,greenran_normal,0,0,65535_65535,0,1,65866,42,1,1,0,6,0,28,1,1,pre_allocation
26,3831,greenran_normal,0,0,65535_65535,0,1,65866,50,1,1,1,7,50,28,1,1,allocated
26,3831,greenran_normal,0,0,65535_65535,0,2,65866,42,1,1,0,6,0,28,1,1,pre_allocation
26,3831,greenran_normal,0,0,65535_65535,0,2,65866,50,1,1,1,7,50,28,1,1,allocated
26,3831,greenran_normal,0,0,65535_65535,0,3,65859,42,1,1,0,6,0,28,1,1,pre_allocation
26,3831,greenran_normal,0,0,65535_65535,0,3,65859,50,1,1,1,7,50,28,1,1,allocated
26,3831,greenran_normal,0,0,65535_65535,0,4,66907,34,1,1,0,7,0,22,1,1,pre_allocation
26,3831,greenran_normal,0,0,65535_65535,0,4,66907,39,1,1,1,8,39,22,1,1,allocated
26,3831,greenran_normal,0,0,65535_65535,0,5,65867,50,1,1,0,7,0,28,1,1,pre_allocation
26,3831,greenran_normal,0,0,65535_65535,0,5,65867,57,1,1,1,8,57,28,1,1,allocated
26,3831,greenran_normal,0,0,65535_65535,0,1,65866,50,1,1,0,7,0,28,1,1,pre_allocation
26,3831,greenran_normal,0,0,65535_65535,0,1,65866,57,1,1,1,8,57,28,1,1,allocated
26,3831,greenran_normal,0,0,65535_65535,0,2,65866,50,1,1,0,7,0,28,1,1,pre_allocation
26,3831,greenran_normal,0,0,65535_65535,0,2,65866,57,1,1,1,8,57,28,1,1,allocated
26,3831,greenran_normal,0,0,65535_65535,0,3,65859,50,1,1,0,7,0,28,1,1,pre_allocation
26,3831,greenran_normal,0,0,65535_65535,0,3,65859,57,1,1,1,8,57,28,1,1,allocated
26,3831,greenran_normal,0,0,65535_65535,0,4,66907,39,1,1,0,8,0,22,1,1,pre_allocation
26,3831,greenran_normal,0,0,65535_65535,0,4,66907,45,1,1,1,9,45,22,1,1,allocated
26,3831,greenran_normal,0,0,65535_65535,0,5,65867,57,1,1,0,8,0,28,1,1,pre_allocation
26,3831,greenran_normal,0,0,65535_65535,0,5,65867,65,1,1,1,9,65,28,1,1,allocated
26,3831,greenran_normal,0,0,65535_65535,0,1,65866,57,1,1,0,8,0,28,1,1,pre_allocation
26,3831,greenran_normal,0,0,65535_65535,0,1,65866,65,1,1,1,9,65,28,1,1,allocated
26,3831,greenran_normal,0,0,65535_65535,0,2,65866,57,1,1,0,8,0,28,1,1,pre_allocation
26,3831,greenran_normal,0,0,65535_65535,0,2,65866,65,1,1,1,9,65,28,1,1,allocated
26,3831,greenran_normal,0,0,65535_65535,0,3,65859,57,1,1,0,8,0,28,1,1,pre_allocation
26,3831,greenran_normal,0,0,65535_65535,0,3,65859,65,1,1,1,9,65,28,1,1,allocated
26,3831,greenran_normal,0,0,65535_65535,0,4,66907,45,1,1,0,9,0,22,1,1,pre_allocation
26,3831,greenran_normal,0,0,65535_65535,0,4,66907,50,1,1,1,10,50,22,1,1,allocated
26,3831,greenran_normal,0,0,65535_65535,0,5,65867,65,1,1,0,9,0,28,1,1,pre_allocation
26,3831,greenran_normal,0,0,65535_65535,0,5,65867,72,1,1,1,10,72,28,1,1,allocated
26,3831,greenran_normal,0,0,65535_65535,0,1,65866,65,1,1,0,9,0,28,1,1,pre_allocation
26,3831,greenran_normal,0,0,65535_65535,0,1,65866,72,1,1,1,10,72,28,1,1,allocated
26,3831,greenran_normal,0,0,65535_65535,0,2,65866,65,1,1,0,9,0,28,1,1,pre_allocation
26,3831,greenran_normal,0,0,65535_65535,0,2,65866,72,1,1,1,10,72,28,1,1,allocated
26,3831,greenran_normal,0,0,65535_65535,0,3,65859,65,1,1,0,9,0,28,1,1,pre_allocation
26,3831,greenran_normal,0,0,65535_65535,0,3,65859,72,1,1,1,10,72,28,1,1,allocated
26,3831,greenran_normal,0,0,65535_65535,0,4,66907,50,1,1,0,10,0,22,1,1,pre_allocation
26,3831,greenran_normal,0,0,65535_65535,0,4,66907,55,1,1,1,11,55,22,1,1,allocated
26,3831,greenran_normal,0,0,65535_65535,0,5,65867,72,1,1,0,10,0,28,1,1,pre_allocation
26,3831,greenran_normal,0,0,65535_65535,0,5,65867,80,1,1,1,11,80,28,1,1,allocated
26,3831,greenran_normal,0,0,65535_65535,0,1,65866,72,1,1,0,10,0,28,1,1,pre_allocation
26,3831,greenran_normal,0,0,65535_65535,0,1,65866,80,1,1,1,11,80,28,1,1,allocated
26,3831,greenran_normal,0,0,65535_65535,0,2,65866,72,1,1,0,10,0,28,1,1,pre_allocation
26,3831,greenran_normal,0,0,65535_65535,0,2,65866,80,1,1,1,11,80,28,1,1,allocated
26,3831,greenran_normal,0,0,65535_65535,0,3,65859,72,1,1,0,10,0,28,1,1,pre_allocation
26,3831,greenran_normal,0,0,65535_65535,0,3,65859,80,1,1,1,11,80,28,1,1,allocated
26,3831,greenran_normal,0,0,65535_65535,0,4,66907,55,1,1,0,11,0,22,1,1,pre_allocation
26,3831,greenran_normal,0,0,65535_65535,0,4,66907,61,1,1,1,12,61,22,1,1,allocated
26,3831,greenran_normal,0,0,65535_65535,0,5,65867,80,1,1,0,11,0,28,1,1,pre_allocation
26,3831,greenran_normal,0,0,65535_65535,0,5,65867,88,1,1,1,12,88,28,1,1,allocated
26,3831,greenran_normal,0,0,65535_65535,0,1,65866,80,1,1,0,11,0,28,1,1,pre_allocation
26,3831,greenran_normal,0,0,65535_65535,0,1,65866,88,1,1,1,12,88,28,1,1,allocated
26,3831,greenran_normal,0,0,65535_65535,0,2,65866,80,1,1,0,11,0,28,1,1,pre_allocation
26,3831,greenran_normal,0,0,65535_65535,0,2,65866,88,1,1,1,12,88,28,1,1,allocated
26,3831,greenran_normal,0,0,65535_65535,0,3,65859,80,1,1,0,11,0,28,1,1,pre_allocation
26,3831,greenran_normal,0,0,65535_65535,0,3,65859,88,1,1,1,12,88,28,1,1,allocated
26,3831,greenran_normal,0,0,65535_65535,0,4,66907,61,1,1,0,12,0,22,1,1,pre_allocation
26,3831,greenran_normal,0,0,65535_65535,0,4,66907,66,1,1,1,13,66,22,1,1,allocated
26,3831,greenran_normal,0,0,65535_65535,0,5,65867,88,1,1,0,12,0,28,1,1,pre_allocation
26,3831,greenran_normal,0,0,65535_65535,0,5,65867,95,1,1,1,13,95,28,1,1,allocated
26,3831,greenran_normal,0,0,65535_65535,0,1,65866,88,1,1,0,12,0,28,1,1,pre_allocation
26,3831,greenran_normal,0,0,65535_65535,0,1,65866,95,1,1,1,13,95,28,1,1,allocated
26,3831,greenran_normal,0,0,65535_65535,0,2,65866,88,1,1,0,12,0,28,1,1,pre_allocation
26,3831,greenran_normal,0,0,65535_65535,0,2,65866,95,1,1,1,13,95,28,1,1,allocated
26,3831,greenran_normal,0,0,65535_65535,0,3,65859,88,1,1,0,12,0,28,1,1,pre_allocation
26,3831,greenran_normal,0,0,65535_65535,0,3,65859,95,1,1,1,13,95,28,1,1,allocated
26,3831,greenran_normal,0,0,65535_65535,0,4,66907,66,1,1,0,13,0,22,1,1,pre_allocation
26,3831,greenran_normal,0,0,65535_65535,0,4,66907,72,1,1,1,14,72,22,1,1,allocated
26,3831,greenran_normal,0,0,65535_65535,0,5,65867,95,1,1,0,13,0,28,1,1,pre_allocation
26,3831,greenran_normal,0,0,65535_65535,0,5,65867,103,1,1,1,14,103,28,1,1,allocated
26,3831,greenran_normal,0,0,65535_65535,0,1,65866,95,1,1,0,13,0,28,1,1,pre_allocation
26,3831,greenran_normal,0,0,65535_65535,0,1,65866,103,1,1,1,14,103,28,1,1,allocated
26,3831,greenran_normal,0,0,65535_65535,0,2,65866,95,1,1,0,13,0,28,1,1,pre_allocation
26,3831,greenran_normal,0,0,65535_65535,0,2,65866,103,1,1,1,14,103,28,1,1,allocated
26,3831,greenran_normal,0,0,65535_65535,0,3,65859,95,1,1,0,13,0,28,1,1,pre_allocation
26,3831,greenran_normal,0,0,65535_65535,0,3,65859,103,1,1,1,14,103,28,1,1,allocated
26,3831,greenran_normal,0,0,65535_65535,0,4,66907,72,1,1,0,14,0,22,1,1,pre_allocation
26,3831,greenran_normal,0,0,65535_65535,0,4,66907,77,1,1,1,15,77,22,1,1,allocated
26,3831,greenran_normal,0,0,65535_65535,0,5,65867,103,1,1,0,14,0,28,1,1,pre_allocation
26,3831,greenran_normal,0,0,65535_65535,0,5,65867,110,1,1,1,15,110,28,1,1,allocated
26,3831,greenran_normal,0,0,65535_65535,0,1,65866,103,1,1,0,14,0,28,1,1,pre_allocation
26,3831,greenran_normal,0,0,65535_65535,0,1,65866,110,1,1,1,15,110,28,1,1,allocated
26,3831,greenran_normal,0,0,65535_65535,0,2,65866,103,1,1,0,14,0,28,1,1,pre_allocation
26,3831,greenran_normal,0,0,65535_65535,0,2,65866,110,1,1,1,15,110,28,1,1,allocated
26,3831,greenran_normal,0,0,65535_65535,0,3,65859,103,1,1,0,14,0,28,1,1,pre_allocation
26,3831,greenran_normal,0,0,65535_65535,0,3,65859,110,1,1,1,15,110,28,1,1,allocated
26,3831,greenran_normal,0,0,65535_65535,0,4,66907,77,1,1,0,15,0,22,1,1,pre_allocation
26,3831,greenran_normal,0,0,65535_65535,0,4,66907,82,1,1,1,16,82,22,1,1,allocated
26,3831,greenran_normal,0,0,65535_65535,0,5,65867,110,1,1,0,15,0,28,1,1,pre_allocation
26,3831,greenran_normal,0,0,65535_65535,0,5,65867,118,1,1,1,16,118,28,1,1,allocated
26,3831,greenran_normal,0,0,65535_65535,0,1,65866,110,1,1,0,15,0,28,1,1,pre_allocation
26,3831,greenran_normal,0,0,65535_65535,0,1,65866,118,1,1,1,16,118,28,1,1,allocated
26,3831,greenran_normal,0,0,65535_65535,0,2,65866,110,1,1,0,15,0,28,1,1,pre_allocation
26,3831,greenran_normal,0,0,65535_65535,0,2,65866,118,1,1,1,16,118,28,1,1,allocated
26,3831,greenran_normal,0,0,65535_65535,0,3,65859,110,1,1,0,15,0,28,1,1,pre_allocation
26,3831,greenran_normal,0,0,65535_65535,0,3,65859,118,1,1,1,16,118,28,1,1,allocated
26,3831,greenran_normal,0,0,65535_65535,0,4,66907,82,1,1,0,16,0,22,1,1,pre_allocation
26,3831,greenran_normal,0,0,65535_65535,0,4,66907,88,1,1,1,17,88,22,1,1,allocated
26,3831,greenran_normal,0,0,65535_65535,0,5,65867,118,1,1,0,16,0,28,1,1,pre_allocation
26,3831,greenran_normal,0,0,65535_65535,0,5,65867,126,1,1,1,17,126,28,1,1,allocated
26,3831,greenran_normal,0,0,65535_65535,0,1,65866,118,1,1,0,16,0,28,1,1,pre_allocation
26,3831,greenran_normal,0,0,65535_65535,0,1,65866,126,1,1,1,17,126,28,1,1,allocated
26,3831,greenran_normal,0,0,65535_65535,0,2,65866,118,1,1,0,16,0,28,1,1,pre_allocation
26,3831,greenran_normal,0,0,65535_65535,0,2,65866,126,1,1,1,17,126,28,1,1,allocated
26,3831,greenran_normal,0,0,65535_65535,0,3,65859,118,1,1,0,16,0,28,1,1,pre_allocation
26,3831,greenran_normal,0,0,65535_65535,0,3,65859,126,1,1,1,17,126,28,1,1,allocated
26,3831,greenran_normal,0,0,65535_65535,0,4,66907,88,1,1,0,17,0,22,1,1,pre_allocation
26,3831,greenran_normal,0,0,65535_65535,0,4,66907,93,1,1,1,18,93,22,1,1,allocated
26,3831,greenran_normal,0,0,65535_65535,0,5,65867,126,1,1,0,17,0,28,1,1,pre_allocation
26,3831,greenran_normal,0,0,65535_65535,0,5,65867,133,1,1,1,18,133,28,1,1,allocated
26,3831,greenran_normal,0,0,65535_65535,0,1,65866,126,1,1,0,17,0,28,1,1,pre_allocation
26,3831,greenran_normal,0,0,65535_65535,0,1,65866,133,1,1,1,18,133,28,1,1,allocated
26,3831,greenran_normal,0,0,65535_65535,0,2,65866,126,1,1,0,17,0,28,1,1,pre_allocation
26,3831,greenran_normal,0,0,65535_65535,0,2,65866,133,1,1,1,18,133,28,1,1,allocated
26,3831,greenran_normal,0,0,65535_65535,0,3,65859,126,1,1,0,17,0,28,1,1,pre_allocation
26,3831,greenran_normal,0,0,65535_65535,0,3,65859,133,1,1,1,18,133,28,1,1,allocated
26,3831,greenran_normal,0,0,65535_65535,0,4,66907,93,1,1,0,18,0,22,1,1,pre_allocation
26,3831,greenran_normal,0,0,65535_65535,0,4,66907,98,1,1,1,19,98,22,1,1,allocated
26,3831,greenran_normal,0,0,65535_65535,0,5,65867,133,1,1,0,18,0,28,1,1,pre_allocation
26,3831,greenran_normal,0,0,65535_65535,0,5,65867,141,1,1,1,19,141,28,1,1,allocated
26,3831,greenran_normal,0,0,65535_65535,0,1,65866,133,1,1,0,18,0,28,1,1,pre_allocation
26,3831,greenran_normal,0,0,65535_65535,0,1,65866,141,1,1,1,19,141,28,1,1,allocated
26,3831,greenran_normal,0,0,65535_65535,0,2,65866,133,1,1,0,18,0,28,1,1,pre_allocation
26,3831,greenran_normal,0,0,65535_65535,0,2,65866,141,1,1,1,19,141,28,1,1,allocated
26,3831,greenran_normal,0,0,65535_65535,0,3,65859,133,1,1,0,18,0,28,1,1,pre_allocation
26,3831,greenran_normal,0,0,65535_65535,0,3,65859,141,1,1,1,19,141,28,1,1,allocated
26,3831,greenran_normal,0,0,65535_65535,0,4,66907,98,1,1,0,19,0,22,1,1,pre_allocation
26,3831,greenran_normal,0,0,65535_65535,0,4,66907,104,1,1,1,20,104,22,1,1,allocated
26,3831,greenran_normal,0,0,65535_65535,0,5,65867,141,1,1,0,19,0,28,1,1,pre_allocation
26,3831,greenran_normal,0,0,65535_65535,0,5,65867,148,1,1,1,20,148,28,1,1,allocated
26,3831,greenran_normal,0,0,65535_65535,0,1,65866,141,1,1,0,19,0,28,1,1,pre_allocation
26,3831,greenran_normal,0,0,65535_65535,0,1,65866,148,1,1,1,20,148,28,1,1,allocated
26,3831,greenran_normal,0,0,65535_65535,0,2,65866,141,1,1,0,19,0,28,1,1,pre_allocation
26,3831,greenran_normal,0,0,65535_65535,0,2,65866,148,1,1,1,20,148,28,1,1,allocated
26,3831,greenran_normal,0,0,65535_65535,0,3,65859,141,1,1,0,19,0,28,1,1,pre_allocation
26,3831,greenran_normal,0,0,65535_65535,0,3,65859,148,1,1,1,20,148,28,1,1,allocated
26,3831,greenran_normal,0,0,65535_65535,0,4,66907,104,1,1,0,20,0,22,1,1,pre_allocation
26,3831,greenran_normal,0,0,65535_65535,0,4,66907,109,1,1,1,21,109,22,1,1,allocated
26,3831,greenran_normal,0,0,65535_65535,0,5,65867,148,1,1,0,20,0,28,1,1,pre_allocation
26,3831,greenran_normal,0,0,65535_65535,0,5,65867,156,1,1,1,21,156,28,1,1,allocated
26,3831,greenran_normal,0,0,65535_65535,0,1,65866,148,1,1,0,20,0,28,1,1,pre_allocation
26,3831,greenran_normal,0,0,65535_65535,0,1,65866,156,1,1,1,21,156,28,1,1,allocated
26,3831,greenran_normal,0,0,65535_65535,0,2,65866,148,1,1,0,20,0,28,1,1,pre_allocation
26,3831,greenran_normal,0,0,65535_65535,0,2,65866,156,1,1,1,21,156,28,1,1,allocated
26,3831,greenran_normal,0,0,65535_65535,0,3,65859,148,1,1,0,20,0,28,1,1,pre_allocation
26,3831,greenran_normal,0,0,65535_65535,0,3,65859,156,1,1,1,21,156,28,1,1,allocated
26,3831,greenran_normal,0,0,65535_65535,0,4,66907,109,1,1,0,21,0,22,1,1,pre_allocation
26,3831,greenran_normal,0,0,65535_65535,0,4,66907,114,1,1,1,22,114,22,1,1,allocated
26,3831,greenran_normal,0,0,65535_65535,0,5,65867,156,1,1,0,21,0,28,1,1,pre_allocation
26,3831,greenran_normal,0,0,65535_65535,0,5,65867,163,1,1,1,22,163,28,1,1,allocated
26,3831,greenran_normal,0,0,65535_65535,0,1,65866,156,1,1,0,21,0,28,1,1,pre_allocation
26,3831,greenran_normal,0,0,65535_65535,0,1,65866,163,1,1,1,22,163,28,1,1,allocated
26,3831,greenran_normal,0,0,65535_65535,0,2,65866,156,1,1,0,21,0,28,1,1,pre_allocation
26,3831,greenran_normal,0,0,65535_65535,0,2,65866,163,1,1,1,22,163,28,1,1,allocated
26,3831,greenran_normal,0,0,65535_65535,0,3,65859,156,1,1,0,21,0,28,1,1,pre_allocation
26,3831,greenran_normal,0,0,65535_65535,0,3,65859,163,1,1,1,22,163,28,1,1,allocated
26,3831,greenran_normal,0,0,65535_65535,0,4,66907,114,1,1,0,22,0,22,1,1,pre_allocation
26,3831,greenran_normal,0,0,65535_65535,0,4,66907,120,1,1,1,23,120,22,1,1,allocated
26,3831,greenran_normal,0,0,65535_65535,0,5,65867,163,1,1,0,22,0,28,1,1,pre_allocation
26,3831,greenran_normal,0,0,65535_65535,0,5,65867,171,1,1,1,23,171,28,1,1,allocated
26,3831,greenran_normal,0,0,65535_65535,0,1,65866,163,1,1,0,22,0,28,1,1,pre_allocation
26,3831,greenran_normal,0,0,65535_65535,0,1,65866,171,1,1,1,23,171,28,1,1,allocated
26,3831,greenran_normal,0,0,65535_65535,0,2,65866,163,1,1,0,22,0,28,1,1,pre_allocation
26,3831,greenran_normal,0,0,65535_65535,0,2,65866,171,1,1,1,23,171,28,1,1,allocated
26,3831,greenran_normal,0,0,65535_65535,0,3,65859,163,1,1,0,22,0,28,1,1,pre_allocation
26,3831,greenran_normal,0,0,65535_65535,0,3,65859,171,1,1,1,23,171,28,1,1,allocated
26,3831,greenran_normal,0,0,65535_65535,0,4,66907,120,1,1,0,23,0,22,1,1,pre_allocation
26,3831,greenran_normal,0,0,65535_65535,0,4,66907,125,1,1,1,24,125,22,1,1,allocated
26,3831,greenran_normal,0,0,65535_65535,0,5,65867,171,1,1,0,23,0,28,1,1,pre_allocation
26,3831,greenran_normal,0,0,65535_65535,0,5,65867,179,1,1,1,24,179,28,1,1,allocated
26,3831,greenran_normal,0,0,65535_65535,0,1,65866,171,1,1,0,23,0,28,1,1,pre_allocation
26,3831,greenran_normal,0,0,65535_65535,0,1,65866,179,1,1,1,24,179,28,1,1,allocated
26,3831,greenran_normal,0,0,65535_65535,0,2,65866,171,1,1,0,23,0,28,1,1,pre_allocation
26,3831,greenran_normal,0,0,65535_65535,0,2,65866,179,1,1,1,24,179,28,1,1,allocated
26,3831,greenran_normal,0,0,65535_65535,0,3,65859,171,1,1,0,23,0,28,1,1,pre_allocation
26,3831,greenran_normal,0,0,65535_65535,0,3,65859,179,1,1,1,24,179,28,1,1,allocated
26,3831,greenran_normal,0,0,65535_65535,0,4,66907,125,1,1,0,24,0,22,1,1,pre_allocation
26,3831,greenran_normal,0,0,65535_65535,0,4,66907,131,1,1,1,25,131,22,1,1,allocated
26,3831,greenran_normal,0,0,65535_65535,0,5,65867,179,1,1,0,24,0,28,1,1,pre_allocation
26,3831,greenran_normal,0,0,65535_65535,0,5,65867,186,1,1,1,25,186,28,1,1,allocated
26,3831,greenran_normal,0,0,65535_65535,0,1,65866,179,1,1,0,24,0,28,1,1,pre_allocation
26,3831,greenran_normal,0,0,65535_65535,0,1,65866,186,1,1,1,25,186,28,1,1,allocated
26,3831,greenran_normal,0,0,65535_65535,0,2,65866,179,1,1,0,24,0,28,1,1,pre_allocation
26,3831,greenran_normal,0,0,65535_65535,0,2,65866,186,1,1,1,25,186,28,1,1,allocated
26,3831,greenran_normal,0,0,65535_65535,0,3,65859,179,1,1,0,24,0,28,1,1,pre_allocation
26,3831,greenran_normal,0,0,65535_65535,0,3,65859,186,1,1,1,25,186,28,1,1,allocated
26,3831,greenran_normal,0,0,65535_65535,0,4,66907,131,1,1,0,25,0,22,1,1,pre_allocation
26,3831,greenran_normal,0,0,65535_65535,0,4,66907,136,1,1,1,26,136,22,1,1,allocated
26,3831,greenran_normal,0,0,65535_65535,0,5,65867,186,1,1,0,25,0,28,1,1,pre_allocation
26,3831,greenran_normal,0,0,65535_65535,0,5,65867,194,1,1,1,26,194,28,1,1,allocated
26,3831,greenran_normal,0,0,65535_65535,0,1,65866,186,1,1,0,25,0,28,1,1,pre_allocation
26,3831,greenran_normal,0,0,65535_65535,0,1,65866,194,1,1,1,26,194,28,1,1,allocated
26,3831,greenran_normal,0,0,65535_65535,0,2,65866,186,1,1,0,25,0,28,1,1,pre_allocation
26,3831,greenran_normal,0,0,65535_65535,0,2,65866,194,1,1,1,26,194,28,1,1,allocated
26,3831,greenran_normal,0,0,65535_65535,0,3,65859,186,1,1,0,25,0,28,1,1,pre_allocation
26,3831,greenran_normal,0,0,65535_65535,0,3,65859,194,1,1,1,26,194,28,1,1,allocated
26,3831,greenran_normal,0,0,65535_65535,0,4,66907,136,1,1,0,26,0,22,1,1,pre_allocation
26,3831,greenran_normal,0,0,65535_65535,0,4,66907,141,1,1,1,27,141,22,1,1,allocated
26,3831,greenran_normal,0,0,65535_65535,0,5,65867,194,1,1,0,26,0,28,1,1,pre_allocation
26,3831,greenran_normal,0,0,65535_65535,0,5,65867,201,1,1,1,27,201,28,1,1,allocated
26,3831,greenran_normal,0,0,65535_65535,0,1,65866,194,1,1,0,26,0,28,1,1,pre_allocation
26,3831,greenran_normal,0,0,65535_65535,0,1,65866,201,1,1,1,27,201,28,1,1,allocated
26,3831,greenran_normal,0,0,65535_65535,0,2,65866,194,1,1,0,26,0,28,1,1,pre_allocation
26,3831,greenran_normal,0,0,65535_65535,0,2,65866,201,1,1,1,27,201,28,1,1,allocated
26,3831,greenran_normal,0,0,65535_65535,0,3,65859,194,1,1,0,26,0,28,1,1,pre_allocation
26,3831,greenran_normal,0,0,65535_65535,0,3,65859,201,1,1,1,27,201,28,1,1,allocated
26,3831,greenran_normal,0,0,65535_65535,0,4,66907,141,1,1,0,27,0,22,1,1,pre_allocation
26,3831,greenran_normal,0,0,65535_65535,0,4,66907,147,1,1,1,28,147,22,1,1,allocated
26,3831,greenran_normal,0,0,65535_65535,0,5,65867,201,1,1,0,27,0,28,1,1,pre_allocation
26,3831,greenran_normal,0,0,65535_65535,0,5,65867,209,1,1,1,28,209,28,1,1,allocated
26,3831,greenran_normal,0,0,65535_65535,0,1,65866,201,1,1,0,27,0,28,1,1,pre_allocation
26,3831,greenran_normal,0,0,65535_65535,0,1,65866,209,1,1,1,28,209,28,1,1,allocated
26,3831,greenran_normal,0,0,65535_65535,0,2,65866,201,1,1,0,27,0,28,1,1,pre_allocation
26,3831,greenran_normal,0,0,65535_65535,0,2,65866,209,1,1,1,28,209,28,1,1,allocated
26,3831,greenran_normal,0,0,65535_65535,0,3,65859,201,1,1,0,27,0,28,1,1,pre_allocation
26,3831,greenran_normal,0,0,65535_65535,0,3,65859,209,1,1,1,28,209,28,1,1,allocated
26,3831,greenran_normal,0,0,65535_65535,0,4,66907,147,1,1,0,28,0,22,1,1,pre_allocation
26,3831,greenran_normal,0,0,65535_65535,0,4,66907,152,1,1,1,29,152,22,1,1,allocated
26,3831,greenran_normal,0,0,65535_65535,0,5,65867,209,1,1,0,28,0,28,1,1,pre_allocation
26,3831,greenran_normal,0,0,65535_65535,0,5,65867,217,1,1,1,29,217,28,1,1,allocated
26,3831,greenran_normal,0,0,65535_65535,0,1,65866,209,1,1,0,28,0,28,1,1,pre_allocation
26,3831,greenran_normal,0,0,65535_65535,0,1,65866,217,1,1,1,29,217,28,1,1,allocated
26,3831,greenran_normal,0,0,65535_65535,0,2,65866,209,1,1,0,28,0,28,1,1,pre_allocation
26,3831,greenran_normal,0,0,65535_65535,0,2,65866,217,1,1,1,29,217,28,1,1,allocated
26,3831,greenran_normal,0,0,65535_65535,0,3,65859,209,1,1,0,28,0,28,1,1,pre_allocation
26,3831,greenran_normal,0,0,65535_65535,0,3,65859,217,1,1,1,29,217,28,1,1,allocated
26,3831,greenran_normal,0,0,65535_65535,0,4,66907,152,1,1,0,29,0,22,1,1,pre_allocation
26,3831,greenran_normal,0,0,65535_65535,0,4,66907,157,1,1,1,30,157,22,1,1,allocated
26,3831,greenran_normal,0,0,65535_65535,0,5,65867,217,1,1,0,29,0,28,1,1,pre_allocation
26,3831,greenran_normal,0,0,65535_65535,0,5,65867,224,1,1,1,30,224,28,1,1,allocated
26,3831,greenran_normal,0,0,65535_65535,0,1,65866,217,1,1,0,29,0,28,1,1,pre_allocation
26,3831,greenran_normal,0,0,65535_65535,0,1,65866,224,1,1,1,30,224,28,1,1,allocated
26,3831,greenran_normal,0,0,65535_65535,0,2,65866,217,1,1,0,29,0,28,1,1,pre_allocation
26,3831,greenran_normal,0,0,65535_65535,0,2,65866,224,1,1,1,30,224,28,1,1,allocated
26,3831,greenran_normal,0,0,65535_65535,0,3,65859,217,1,1,0,29,0,28,1,1,pre_allocation
26,3831,greenran_normal,0,0,65535_65535,0,3,65859,224,1,1,1,30,224,28,1,1,allocated
26,3831,greenran_normal,0,0,65535_65535,0,4,66907,157,1,1,0,30,0,22,1,1,pre_allocation
26,3831,greenran_normal,0,0,65535_65535,0,4,66907,163,1,1,1,31,163,22,1,1,allocated
26,3831,greenran_normal,0,0,65535_65535,0,5,65867,224,1,1,0,30,0,28,1,1,pre_allocation
26,3831,greenran_normal,0,0,65535_65535,0,5,65867,232,1,1,1,31,232,28,1,1,allocated
26,3831,greenran_normal,0,0,65535_65535,0,1,65866,224,1,1,0,30,0,28,1,1,pre_allocation
26,3831,greenran_normal,0,0,65535_65535,0,1,65866,232,1,1,1,31,232,28,1,1,allocated
26,3831,greenran_normal,0,0,65535_65535,0,2,65866,224,1,1,0,30,0,28,1,1,pre_allocation
26,3831,greenran_normal,0,0,65535_65535,0,2,65866,232,1,1,1,31,232,28,1,1,allocated
26,3831,greenran_normal,0,0,65535_65535,0,3,65859,224,1,1,0,30,0,28,1,1,pre_allocation
26,3831,greenran_normal,0,0,65535_65535,0,3,65859,232,1,1,1,31,232,28,1,1,allocated
26,3831,greenran_normal,0,0,65535_65535,0,4,66907,163,1,1,0,31,0,22,1,1,pre_allocation
26,3831,greenran_normal,0,0,65535_65535,0,4,66907,168,1,1,1,32,168,22,1,1,allocated
26,3831,greenran_normal,0,0,65535_65535,0,5,65867,232,1,1,0,31,0,28,1,1,pre_allocation
26,3831,greenran_normal,0,0,65535_65535,0,5,65867,239,1,1,1,32,239,28,1,1,allocated
26,3831,greenran_normal,0,0,65535_65535,0,1,65866,232,1,1,0,31,0,28,1,1,pre_allocation
26,3831,greenran_normal,0,0,65535_65535,0,1,65866,239,1,1,1,32,239,28,1,1,allocated
26,3831,greenran_normal,0,0,65535_65535,0,2,65866,232,1,1,0,31,0,28,1,1,pre_allocation
26,3831,greenran_normal,0,0,65535_65535,0,2,65866,239,1,1,1,32,239,28,1,1,allocated
26,3831,greenran_normal,0,0,65535_65535,0,3,65859,232,1,1,0,31,0,28,1,1,pre_allocation
26,3831,greenran_normal,0,0,65535_65535,0,3,65859,239,1,1,1,32,239,28,1,1,allocated
26,3831,greenran_normal,0,0,65535_65535,0,4,66907,168,1,1,0,32,0,22,1,1,pre_allocation
26,3831,greenran_normal,0,0,65535_65535,0,4,66907,173,1,1,1,33,173,22,1,1,allocated
26,3831,greenran_normal,0,0,65535_65535,0,5,65867,239,1,1,0,32,0,28,1,1,pre_allocation
26,3831,greenran_normal,0,0,65535_65535,0,5,65867,247,1,1,1,33,247,28,1,1,allocated
26,3831,greenran_normal,0,0,65535_65535,0,1,65866,239,1,1,0,32,0,28,1,1,pre_allocation
26,3831,greenran_normal,0,0,65535_65535,0,1,65866,247,1,1,1,33,247,28,1,1,allocated
26,3831,greenran_normal,0,0,65535_65535,0,2,65866,239,1,1,0,32,0,28,1,1,pre_allocation
26,3831,greenran_normal,0,0,65535_65535,0,2,65866,247,1,1,1,33,247,28,1,1,allocated
26,3831,greenran_normal,0,0,65535_65535,0,3,65859,239,1,1,0,32,0,28,1,1,pre_allocation
26,3831,greenran_normal,0,0,65535_65535,0,3,65859,247,1,1,1,33,247,28,1,1,allocated
26,3831,greenran_normal,0,0,65535_65535,0,4,66907,173,1,1,0,33,0,22,1,1,pre_allocation
26,3831,greenran_normal,0,0,65535_65535,0,4,66907,179,1,1,1,34,179,22,1,1,allocated
26,3831,greenran_normal,0,0,65535_65535,2,38,2126533,0,1,1,0,0,0,15,1,1,pre_allocation
26,3831,greenran_normal,0,0,65535_65535,2,38,2126533,2,1,1,1,1,2,15,1,1,allocated
26,3831,greenran_normal,0,0,65535_65535,2,60,2126307,0,1,1,0,0,0,12,1,1,pre_allocation
26,3831,greenran_normal,0,0,65535_65535,2,60,2126307,2,1,1,1,1,2,12,1,1,allocated
26,3831,greenran_normal,0,0,65535_65535,2,64,2126139,0,1,1,0,0,0,18,1,1,pre_allocation
26,3831,greenran_normal,0,0,65535_65535,2,64,2126139,0,1,1,1,1,0,18,1,1,allocated
26,3831,greenran_normal,0,0,65535_65535,2,43,2125908,0,1,1,0,0,0,16,1,1,pre_allocation
26,3831,greenran_normal,0,0,65535_65535,2,43,2125908,0,1,1,1,1,0,16,1,1,allocated
26,3831,greenran_normal,0,0,65535_65535,2,42,2125599,0,1,1,0,0,0,26,1,1,pre_allocation
26,3831,greenran_normal,0,0,65535_65535,2,42,2125599,4,1,1,1,1,4,26,1,1,allocated
26,3831,greenran_normal,0,0,65535_65535,2,59,2125434,0,1,1,0,0,0,28,1,1,pre_allocation
26,3831,greenran_normal,0,0,65535_65535,2,59,2125434,4,1,1,1,1,4,28,1,1,allocated
26,3831,greenran_normal,0,0,65535_65535,2,36,2125436,0,1,1,0,0,0,24,1,1,pre_allocation
26,3831,greenran_normal,0,0,65535_65535,2,36,2125436,3,1,1,1,1,3,24,1,1,allocated
26,3831,greenran_normal,0,0,65535_65535,2,58,2125455,0,1,1,0,0,0,26,1,1,pre_allocation
26,3831,greenran_normal,0,0,65535_65535,2,58,2125455,4,1,1,1,1,4,26,1,1,allocated
26,3831,greenran_normal,0,0,65535_65535,2,39,2125390,0,1,1,0,0,0,26,1,1,pre_allocation
26,3831,greenran_normal,0,0,65535_65535,2,39,2125390,4,1,1,1,1,4,26,1,1,allocated
26,3831,greenran_normal,0,0,65535_65535,2,61,2125384,0,1,1,0,0,0,28,1,1,pre_allocation
26,3831,greenran_normal,0,0,65535_65535,2,61,2125384,4,1,1,1,1,4,28,1,1,allocated
26,3831,greenran_normal,0,0,65535_65535,2,35,2125379,0,1,1,0,0,0,28,1,1,pre_allocation
26,3831,greenran_normal,0,0,65535_65535,2,35,2125379,4,1,1,1,1,4,28,1,1,allocated
26,3831,greenran_normal,0,0,65535_65535,2,44,2125379,0,1,1,0,0,0,28,1,1,pre_allocation
26,3831,greenran_normal,0,0,65535_65535,2,44,2125379,4,1,1,1,1,4,28,1,1,allocated
26,3831,greenran_normal,0,0,65535_65535,2,55,2125379,0,1,1,0,0,0,28,1,1,pre_allocation
26,3831,greenran_normal,0,0,65535_65535,2,55,2125379,4,1,1,1,1,4,28,1,1,allocated
26,3831,greenran_normal,0,0,65535_65535,2,56,2125379,0,1,1,0,0,0,28,1,1,pre_allocation
26,3831,greenran_normal,0,0,65535_65535,2,56,2125379,4,1,1,1,1,4,28,1,1,allocated
26,3831,greenran_normal,0,0,65535_65535,2,57,2125379,0,1,1,0,0,0,28,1,1,pre_allocation
26,3831,greenran_normal,0,0,65535_65535,2,57,2125379,4,1,1,1,1,4,28,1,1,allocated
26,3831,greenran_normal,0,0,65535_65535,2,37,2125381,0,1,1,0,0,0,28,1,1,pre_allocation
26,3831,greenran_normal,0,0,65535_65535,2,37,2125381,4,1,1,1,1,4,28,1,1,allocated
26,3831,greenran_normal,0,0,65535_65535,2,41,2125381,0,1,1,0,0,0,28,1,1,pre_allocation
26,3831,greenran_normal,0,0,65535_65535,2,41,2125381,4,1,1,1,1,4,28,1,1,allocated
26,3831,greenran_normal,0,0,65535_65535,2,40,2125380,0,1,1,0,0,0,28,1,1,pre_allocation
26,3831,greenran_normal,0,0,65535_65535,2,40,2125380,4,1,1,1,1,4,28,1,1,allocated
26,3831,greenran_normal,0,0,65535_65535,2,63,2125376,0,1,1,0,0,0,28,1,1,pre_allocation
26,3831,greenran_normal,0,0,65535_65535,2,63,2125376,4,1,1,1,1,4,28,1,1,allocated
26,3831,greenran_normal,0,0,65535_65535,2,62,2125376,0,1,1,0,0,0,28,1,1,pre_allocation
26,3831,greenran_normal,0,0,65535_65535,2,62,2125376,4,1,1,1,1,4,28,1,1,allocated
26,3831,greenran_normal,0,0,65535_65535,2,38,2126533,2,1,1,0,1,0,15,1,1,pre_allocation
26,3831,greenran_normal,0,0,65535_65535,2,38,2126533,2,1,1,1,2,2,15,1,1,allocated
26,3831,greenran_normal,0,0,65535_65535,2,60,2126307,2,1,1,0,1,0,12,1,1,pre_allocation
26,3831,greenran_normal,0,0,65535_65535,2,60,2126307,1,1,1,1,2,1,12,1,1,allocated
26,3831,greenran_normal,0,0,65535_65535,2,64,2126139,0,1,1,0,1,0,18,1,1,pre_allocation
26,3831,greenran_normal,0,0,65535_65535,2,64,2126139,4,1,1,1,2,4,18,1,1,allocated
26,3831,greenran_normal,0,0,65535_65535,2,43,2125908,0,1,1,0,1,0,16,1,1,pre_allocation
26,3831,greenran_normal,0,0,65535_65535,2,43,2125908,3,1,1,1,2,3,16,1,1,allocated
26,3831,greenran_normal,0,0,65535_65535,2,42,2125599,4,1,1,0,1,0,26,1,1,pre_allocation
26,3831,greenran_normal,0,0,65535_65535,2,42,2125599,11,1,1,1,2,11,26,1,1,allocated
26,3831,greenran_normal,0,0,65535_65535,2,59,2125434,4,1,1,0,1,0,28,1,1,pre_allocation
26,3831,greenran_normal,0,0,65535_65535,2,59,2125434,12,1,1,1,2,12,28,1,1,allocated
26,3831,greenran_normal,0,0,65535_65535,2,36,2125436,3,1,1,0,1,0,24,1,1,pre_allocation
26,3831,greenran_normal,0,0,65535_65535,2,36,2125436,9,1,1,1,2,9,24,1,1,allocated
26,3831,greenran_normal,0,0,65535_65535,2,58,2125455,4,1,1,0,1,0,26,1,1,pre_allocation
26,3831,greenran_normal,0,0,65535_65535,2,58,2125455,11,1,1,1,2,11,26,1,1,allocated
26,3831,greenran_normal,0,0,65535_65535,2,39,2125390,4,1,1,0,1,0,26,1,1,pre_allocation
26,3831,greenran_normal,0,0,65535_65535,2,39,2125390,11,1,1,1,2,11,26,1,1,allocated
26,3831,greenran_normal,0,0,65535_65535,2,61,2125384,4,1,1,0,1,0,28,1,1,pre_allocation
26,3831,greenran_normal,0,0,65535_65535,2,61,2125384,12,1,1,1,2,12,28,1,1,allocated
26,3831,greenran_normal,0,0,65535_65535,2,35,2125379,4,1,1,0,1,0,28,1,1,pre_allocation
26,3831,greenran_normal,0,0,65535_65535,2,35,2125379,12,1,1,1,2,12,28,1,1,allocated
26,3831,greenran_normal,0,0,65535_65535,2,44,2125379,4,1,1,0,1,0,28,1,1,pre_allocation
26,3831,greenran_normal,0,0,65535_65535,2,44,2125379,12,1,1,1,2,12,28,1,1,allocated
26,3831,greenran_normal,0,0,65535_65535,2,55,2125379,4,1,1,0,1,0,28,1,1,pre_allocation
26,3831,greenran_normal,0,0,65535_65535,2,55,2125379,12,1,1,1,2,12,28,1,1,allocated
26,3831,greenran_normal,0,0,65535_65535,2,56,2125379,4,1,1,0,1,0,28,1,1,pre_allocation
26,3831,greenran_normal,0,0,65535_65535,2,56,2125379,12,1,1,1,2,12,28,1,1,allocated
26,3831,greenran_normal,0,0,65535_65535,2,57,2125379,4,1,1,0,1,0,28,1,1,pre_allocation
26,3831,greenran_normal,0,0,65535_65535,2,57,2125379,12,1,1,1,2,12,28,1,1,allocated
26,3831,greenran_normal,0,0,65535_65535,2,37,2125381,4,1,1,0,1,0,28,1,1,pre_allocation
26,3831,greenran_normal,0,0,65535_65535,2,37,2125381,12,1,1,1,2,12,28,1,1,allocated
26,3831,greenran_normal,0,0,65535_65535,2,41,2125381,4,1,1,0,1,0,28,1,1,pre_allocation
26,3831,greenran_normal,0,0,65535_65535,2,41,2125381,12,1,1,1,2,12,28,1,1,allocated
26,3831,greenran_normal,0,0,65535_65535,2,40,2125380,4,1,1,0,1,0,28,1,1,pre_allocation
26,3831,greenran_normal,0,0,65535_65535,2,40,2125380,12,1,1,1,2,12,28,1,1,allocated
26,3831,greenran_normal,0,0,65535_65535,2,63,2125376,4,1,1,0,1,0,28,1,1,pre_allocation
26,3831,greenran_normal,0,0,65535_65535,2,63,2125376,12,1,1,1,2,12,28,1,1,allocated
26,3831,greenran_normal,0,0,65535_65535,2,62,2125376,4,1,1,0,1,0,28,1,1,pre_allocation
26,3831,greenran_normal,0,0,65535_65535,2,62,2125376,12,1,1,1,2,12,28,1,1,allocated
26,3831,greenran_normal,0,0,65535_65535,2,38,2126533,2,1,1,0,2,0,15,1,1,pre_allocation
26,3831,greenran_normal,0,0,65535_65535,2,38,2126533,5,1,1,1,3,5,15,1,1,allocated
26,3831,greenran_normal,0,0,65535_65535,2,60,2126307,1,1,1,0,2,0,12,1,1,pre_allocation
26,3831,greenran_normal,0,0,65535_65535,2,60,2126307,3,1,1,1,3,3,12,1,1,allocated
26,3831,greenran_normal,0,0,65535_65535,2,64,2126139,4,1,1,0,2,0,18,1,1,pre_allocation
26,3831,greenran_normal,0,0,65535_65535,2,64,2126139,8,1,1,1,3,8,18,1,1,allocated
26,3831,greenran_normal,0,0,65535_65535,2,43,2125908,3,1,1,0,2,0,16,1,1,pre_allocation
26,3831,greenran_normal,0,0,65535_65535,2,43,2125908,6,1,1,1,3,6,16,1,1,allocated
26,3831,greenran_normal,0,0,65535_65535,2,42,2125599,11,1,1,0,2,0,26,1,1,pre_allocation
26,3831,greenran_normal,0,0,65535_65535,2,42,2125599,18,1,1,1,3,18,26,1,1,allocated
26,3831,greenran_normal,0,0,65535_65535,2,59,2125434,12,1,1,0,2,0,28,1,1,pre_allocation
26,3831,greenran_normal,0,0,65535_65535,2,59,2125434,19,1,1,1,3,19,28,1,1,allocated
26,3831,greenran_normal,0,0,65535_65535,2,36,2125436,9,1,1,0,2,0,24,1,1,pre_allocation
26,3831,greenran_normal,0,0,65535_65535,2,36,2125436,15,1,1,1,3,15,24,1,1,allocated
26,3831,greenran_normal,0,0,65535_65535,2,58,2125455,11,1,1,0,2,0,26,1,1,pre_allocation
26,3831,greenran_normal,0,0,65535_65535,2,58,2125455,18,1,1,1,3,18,26,1,1,allocated
26,3831,greenran_normal,0,0,65535_65535,2,39,2125390,11,1,1,0,2,0,26,1,1,pre_allocation
26,3831,greenran_normal,0,0,65535_65535,2,39,2125390,18,1,1,1,3,18,26,1,1,allocated
26,3831,greenran_normal,0,0,65535_65535,2,61,2125384,12,1,1,0,2,0,28,1,1,pre_allocation
26,3831,greenran_normal,0,0,65535_65535,2,61,2125384,19,1,1,1,3,19,28,1,1,allocated
26,3831,greenran_normal,0,0,65535_65535,2,35,2125379,12,1,1,0,2,0,28,1,1,pre_allocation
26,3831,greenran_normal,0,0,65535_65535,2,35,2125379,19,1,1,1,3,19,28,1,1,allocated
26,3831,greenran_normal,0,0,65535_65535,2,44,2125379,12,1,1,0,2,0,28,1,1,pre_allocation
26,3831,greenran_normal,0,0,65535_65535,2,44,2125379,19,1,1,1,3,19,28,1,1,allocated
26,3831,greenran_normal,0,0,65535_65535,2,55,2125379,12,1,1,0,2,0,28,1,1,pre_allocation
26,3831,greenran_normal,0,0,65535_65535,2,55,2125379,19,1,1,1,3,19,28,1,1,allocated
26,3831,greenran_normal,0,0,65535_65535,2,56,2125379,12,1,1,0,2,0,28,1,1,pre_allocation
26,3831,greenran_normal,0,0,65535_65535,2,56,2125379,19,1,1,1,3,19,28,1,1,allocated
26,3831,greenran_normal,0,0,65535_65535,2,57,2125379,12,1,1,0,2,0,28,1,1,pre_allocation
26,3831,greenran_normal,0,0,65535_65535,2,57,2125379,19,1,1,1,3,19,28,1,1,allocated
26,3831,greenran_normal,0,0,65535_65535,2,37,2125381,12,1,1,0,2,0,28,1,1,pre_allocation
26,3831,greenran_normal,0,0,65535_65535,2,37,2125381,19,1,1,1,3,19,28,1,1,allocated
26,3831,greenran_normal,0,0,65535_65535,2,41,2125381,12,1,1,0,2,0,28,1,1,pre_allocation
26,3831,greenran_normal,0,0,65535_65535,2,41,2125381,19,1,1,1,3,19,28,1,1,allocated
26,3831,greenran_normal,0,0,65535_65535,2,40,2125380,12,1,1,0,2,0,28,1,1,pre_allocation
26,3831,greenran_normal,0,0,65535_65535,2,40,2125380,19,1,1,1,3,19,28,1,1,allocated
26,3831,greenran_normal,0,0,65535_65535,2,63,2125376,12,1,1,0,2,0,28,1,1,pre_allocation
26,3831,greenran_normal,0,0,65535_65535,2,63,2125376,19,1,1,1,3,19,28,1,1,allocated
26,3831,greenran_normal,0,0,65535_65535,2,62,2125376,12,1,1,0,2,0,28,1,1,pre_allocation
26,3831,greenran_normal,0,0,65535_65535,2,62,2125376,19,1,1,1,3,19,28,1,1,allocated
26,3831,greenran_normal,0,0,65535_65535,2,38,2126533,5,1,1,0,3,0,15,1,1,pre_allocation
26,3831,greenran_normal,0,0,65535_65535,2,38,2126533,8,1,1,1,4,8,15,1,1,allocated
26,3831,greenran_normal,0,0,65535_65535,2,60,2126307,3,1,1,0,3,0,12,1,1,pre_allocation
26,3831,greenran_normal,0,0,65535_65535,2,60,2126307,5,1,1,1,4,5,12,1,1,allocated
26,3831,greenran_normal,0,0,65535_65535,2,64,2126139,8,1,1,0,3,0,18,1,1,pre_allocation
26,3831,greenran_normal,0,0,65535_65535,2,64,2126139,11,1,1,1,4,11,18,1,1,allocated
26,3831,greenran_normal,0,0,65535_65535,2,43,2125908,6,1,1,0,3,0,16,1,1,pre_allocation
26,3831,greenran_normal,0,0,65535_65535,2,43,2125908,10,1,1,1,4,10,16,1,1,allocated
26,3831,greenran_normal,0,0,65535_65535,2,42,2125599,18,1,1,0,3,0,26,1,1,pre_allocation
26,3831,greenran_normal,0,0,65535_65535,2,42,2125599,25,1,1,1,4,25,26,1,1,allocated
26,3831,greenran_normal,0,0,65535_65535,2,59,2125434,19,1,1,0,3,0,28,1,1,pre_allocation
26,3831,greenran_normal,0,0,65535_65535,2,59,2125434,27,1,1,1,4,27,28,1,1,allocated
26,3831,greenran_normal,0,0,65535_65535,2,36,2125436,15,1,1,0,3,0,24,1,1,pre_allocation
26,3831,greenran_normal,0,0,65535_65535,2,36,2125436,21,1,1,1,4,21,24,1,1,allocated
26,3831,greenran_normal,0,0,65535_65535,2,58,2125455,18,1,1,0,3,0,26,1,1,pre_allocation
26,3831,greenran_normal,0,0,65535_65535,2,58,2125455,25,1,1,1,4,25,26,1,1,allocated
26,3831,greenran_normal,0,0,65535_65535,2,39,2125390,18,1,1,0,3,0,26,1,1,pre_allocation
26,3831,greenran_normal,0,0,65535_65535,2,39,2125390,25,1,1,1,4,25,26,1,1,allocated
26,3831,greenran_normal,0,0,65535_65535,2,61,2125384,19,1,1,0,3,0,28,1,1,pre_allocation
26,3831,greenran_normal,0,0,65535_65535,2,61,2125384,27,1,1,1,4,27,28,1,1,allocated
26,3831,greenran_normal,0,0,65535_65535,2,35,2125379,19,1,1,0,3,0,28,1,1,pre_allocation
26,3831,greenran_normal,0,0,65535_65535,2,35,2125379,27,1,1,1,4,27,28,1,1,allocated
26,3831,greenran_normal,0,0,65535_65535,2,44,2125379,19,1,1,0,3,0,28,1,1,pre_allocation
26,3831,greenran_normal,0,0,65535_65535,2,44,2125379,27,1,1,1,4,27,28,1,1,allocated
26,3831,greenran_normal,0,0,65535_65535,2,55,2125379,19,1,1,0,3,0,28,1,1,pre_allocation
26,3831,greenran_normal,0,0,65535_65535,2,55,2125379,27,1,1,1,4,27,28,1,1,allocated
26,3831,greenran_normal,0,0,65535_65535,2,56,2125379,19,1,1,0,3,0,28,1,1,pre_allocation
26,3831,greenran_normal,0,0,65535_65535,2,56,2125379,27,1,1,1,4,27,28,1,1,allocated
26,3831,greenran_normal,0,0,65535_65535,2,57,2125379,19,1,1,0,3,0,28,1,1,pre_allocation
26,3831,greenran_normal,0,0,65535_65535,2,57,2125379,27,1,1,1,4,27,28,1,1,allocated
26,3831,greenran_normal,0,0,65535_65535,2,37,2125381,19,1,1,0,3,0,28,1,1,pre_allocation
26,3831,greenran_normal,0,0,65535_65535,2,37,2125381,27,1,1,1,4,27,28,1,1,allocated
26,3831,greenran_normal,0,0,65535_65535,2,41,2125381,19,1,1,0,3,0,28,1,1,pre_allocation
26,3831,greenran_normal,0,0,65535_65535,2,41,2125381,27,1,1,1,4,27,28,1,1,allocated
26,3831,greenran_normal,0,0,65535_65535,2,40,2125380,19,1,1,0,3,0,28,1,1,pre_allocation
26,3831,greenran_normal,0,0,65535_65535,2,40,2125380,27,1,1,1,4,27,28,1,1,allocated
26,3831,greenran_normal,0,0,65535_65535,2,63,2125376,19,1,1,0,3,0,28,1,1,pre_allocation
26,3831,greenran_normal,0,0,65535_65535,2,63,2125376,27,1,1,1,4,27,28,1,1,allocated
26,3831,greenran_normal,0,0,65535_65535,2,62,2125376,19,1,1,0,3,0,28,1,1,pre_allocation
26,3831,greenran_normal,0,0,65535_65535,2,62,2125376,27,1,1,1,4,27,28,1,1,allocated
26,3831,greenran_normal,0,0,65535_65535,2,38,2126533,8,1,1,0,4,0,15,1,1,pre_allocation
26,3831,greenran_normal,0,0,65535_65535,2,38,2126533,11,1,1,1,5,11,15,1,1,allocated
26,3831,greenran_normal,0,0,65535_65535,2,60,2126307,5,1,1,0,4,0,12,1,1,pre_allocation
26,3831,greenran_normal,0,0,65535_65535,2,60,2126307,7,1,1,1,5,7,12,1,1,allocated
26,3831,greenran_normal,0,0,65535_65535,2,64,2126139,11,1,1,0,4,0,18,1,1,pre_allocation
26,3831,greenran_normal,0,0,65535_65535,2,64,2126139,15,1,1,1,5,15,18,1,1,allocated
26,3831,greenran_normal,0,0,65535_65535,2,43,2125908,10,1,1,0,4,0,16,1,1,pre_allocation
26,3831,greenran_normal,0,0,65535_65535,2,43,2125908,13,1,1,1,5,13,16,1,1,allocated
26,3831,greenran_normal,0,0,65535_65535,2,42,2125599,25,1,1,0,4,0,26,1,1,pre_allocation
26,3831,greenran_normal,0,0,65535_65535,2,42,2125599,32,1,1,1,5,32,26,1,1,allocated
26,3831,greenran_normal,0,0,65535_65535,2,59,2125434,27,1,1,0,4,0,28,1,1,pre_allocation
26,3831,greenran_normal,0,0,65535_65535,2,59,2125434,34,1,1,1,5,34,28,1,1,allocated
26,3831,greenran_normal,0,0,65535_65535,2,36,2125436,21,1,1,0,4,0,24,1,1,pre_allocation
26,3831,greenran_normal,0,0,65535_65535,2,36,2125436,27,1,1,1,5,27,24,1,1,allocated
26,3831,greenran_normal,0,0,65535_65535,2,58,2125455,25,1,1,0,4,0,26,1,1,pre_allocation
26,3831,greenran_normal,0,0,65535_65535,2,58,2125455,32,1,1,1,5,32,26,1,1,allocated
26,3831,greenran_normal,0,0,65535_65535,2,39,2125390,25,1,1,0,4,0,26,1,1,pre_allocation
26,3831,greenran_normal,0,0,65535_65535,2,39,2125390,32,1,1,1,5,32,26,1,1,allocated
26,3831,greenran_normal,0,0,65535_65535,2,61,2125384,27,1,1,0,4,0,28,1,1,pre_allocation
26,3831,greenran_normal,0,0,65535_65535,2,61,2125384,34,1,1,1,5,34,28,1,1,allocated
26,3831,greenran_normal,0,0,65535_65535,2,35,2125379,27,1,1,0,4,0,28,1,1,pre_allocation
26,3831,greenran_normal,0,0,65535_65535,2,35,2125379,34,1,1,1,5,34,28,1,1,allocated
26,3831,greenran_normal,0,0,65535_65535,2,44,2125379,27,1,1,0,4,0,28,1,1,pre_allocation
26,3831,greenran_normal,0,0,65535_65535,2,44,2125379,34,1,1,1,5,34,28,1,1,allocated
26,3831,greenran_normal,0,0,65535_65535,2,55,2125379,27,1,1,0,4,0,28,1,1,pre_allocation
26,3831,greenran_normal,0,0,65535_65535,2,55,2125379,34,1,1,1,5,34,28,1,1,allocated
26,3831,greenran_normal,0,0,65535_65535,2,56,2125379,27,1,1,0,4,0,28,1,1,pre_allocation
26,3831,greenran_normal,0,0,65535_65535,2,56,2125379,34,1,1,1,5,34,28,1,1,allocated
26,3831,greenran_normal,0,0,65535_65535,2,57,2125379,27,1,1,0,4,0,28,1,1,pre_allocation
26,3831,greenran_normal,0,0,65535_65535,2,57,2125379,34,1,1,1,5,34,28,1,1,allocated
26,3831,greenran_normal,0,0,65535_65535,2,37,2125381,27,1,1,0,4,0,28,1,1,pre_allocation
26,3831,greenran_normal,0,0,65535_65535,2,37,2125381,34,1,1,1,5,34,28,1,1,allocated
26,3831,greenran_normal,0,0,65535_65535,2,41,2125381,27,1,1,0,4,0,28,1,1,pre_allocation
26,3831,greenran_normal,0,0,65535_65535,2,41,2125381,34,1,1,1,5,34,28,1,1,allocated
26,3831,greenran_normal,0,0,65535_65535,2,40,2125380,27,1,1,0,4,0,28,1,1,pre_allocation
26,3831,greenran_normal,0,0,65535_65535,2,40,2125380,34,1,1,1,5,34,28,1,1,allocated
26,3831,greenran_normal,0,0,65535_65535,2,63,2125376,27,1,1,0,4,0,28,1,1,pre_allocation
26,3831,greenran_normal,0,0,65535_65535,2,63,2125376,34,1,1,1,5,34,28,1,1,allocated
26,3831,greenran_normal,0,0,65535_65535,2,62,2125376,27,1,1,0,4,0,28,1,1,pre_allocation
26,3831,greenran_normal,0,0,65535_65535,2,62,2125376,34,1,1,1,5,34,28,1,1,allocated
27,4155,greenran_normal,0,0,65535_65535,0,4,73597,0,1,1,0,0,0,22,1,1,pre_allocation
27,4155,greenran_normal,0,0,65535_65535,0,4,73597,2,1,1,1,1,2,22,1,1,allocated
27,4155,greenran_normal,0,0,65535_65535,0,5,72489,0,1,1,0,0,0,28,1,1,pre_allocation
27,4155,greenran_normal,0,0,65535_65535,0,5,72489,4,1,1,1,1,4,28,1,1,allocated
27,4155,greenran_normal,0,0,65535_65535,0,1,72488,0,1,1,0,0,0,28,1,1,pre_allocation
27,4155,greenran_normal,0,0,65535_65535,0,1,72488,4,1,1,1,1,4,28,1,1,allocated
27,4155,greenran_normal,0,0,65535_65535,0,2,72488,0,1,1,0,0,0,28,1,1,pre_allocation
27,4155,greenran_normal,0,0,65535_65535,0,2,72488,4,1,1,1,1,4,28,1,1,allocated
27,4155,greenran_normal,0,0,65535_65535,0,3,72481,0,1,1,0,0,0,28,1,1,pre_allocation
27,4155,greenran_normal,0,0,65535_65535,0,3,72481,4,1,1,1,1,4,28,1,1,allocated
27,4155,greenran_normal,0,0,65535_65535,0,4,73597,2,1,1,0,1,0,22,1,1,pre_allocation
27,4155,greenran_normal,0,0,65535_65535,0,4,73597,7,1,1,1,2,7,22,1,1,allocated
27,4155,greenran_normal,0,0,65535_65535,0,5,72489,4,1,1,0,1,0,28,1,1,pre_allocation
27,4155,greenran_normal,0,0,65535_65535,0,5,72489,12,1,1,1,2,12,28,1,1,allocated
27,4155,greenran_normal,0,0,65535_65535,0,1,72488,4,1,1,0,1,0,28,1,1,pre_allocation
27,4155,greenran_normal,0,0,65535_65535,0,1,72488,12,1,1,1,2,12,28,1,1,allocated
27,4155,greenran_normal,0,0,65535_65535,0,2,72488,4,1,1,0,1,0,28,1,1,pre_allocation
27,4155,greenran_normal,0,0,65535_65535,0,2,72488,12,1,1,1,2,12,28,1,1,allocated
27,4155,greenran_normal,0,0,65535_65535,0,3,72481,4,1,1,0,1,0,28,1,1,pre_allocation
27,4155,greenran_normal,0,0,65535_65535,0,3,72481,12,1,1,1,2,12,28,1,1,allocated
27,4155,greenran_normal,0,0,65535_65535,0,4,73597,7,1,1,0,2,0,22,1,1,pre_allocation
27,4155,greenran_normal,0,0,65535_65535,0,4,73597,13,1,1,1,3,13,22,1,1,allocated
27,4155,greenran_normal,0,0,65535_65535,0,5,72489,12,1,1,0,2,0,28,1,1,pre_allocation
27,4155,greenran_normal,0,0,65535_65535,0,5,72489,19,1,1,1,3,19,28,1,1,allocated
27,4155,greenran_normal,0,0,65535_65535,0,1,72488,12,1,1,0,2,0,28,1,1,pre_allocation
27,4155,greenran_normal,0,0,65535_65535,0,1,72488,19,1,1,1,3,19,28,1,1,allocated
27,4155,greenran_normal,0,0,65535_65535,0,2,72488,12,1,1,0,2,0,28,1,1,pre_allocation
27,4155,greenran_normal,0,0,65535_65535,0,2,72488,19,1,1,1,3,19,28,1,1,allocated
27,4155,greenran_normal,0,0,65535_65535,0,3,72481,12,1,1,0,2,0,28,1,1,pre_allocation
27,4155,greenran_normal,0,0,65535_65535,0,3,72481,19,1,1,1,3,19,28,1,1,allocated
27,4155,greenran_normal,0,0,65535_65535,0,4,73597,13,1,1,0,3,0,22,1,1,pre_allocation
27,4155,greenran_normal,0,0,65535_65535,0,4,73597,18,1,1,1,4,18,22,1,1,allocated
27,4155,greenran_normal,0,0,65535_65535,0,5,72489,19,1,1,0,3,0,28,1,1,pre_allocation
27,4155,greenran_normal,0,0,65535_65535,0,5,72489,27,1,1,1,4,27,28,1,1,allocated
27,4155,greenran_normal,0,0,65535_65535,0,1,72488,19,1,1,0,3,0,28,1,1,pre_allocation
27,4155,greenran_normal,0,0,65535_65535,0,1,72488,27,1,1,1,4,27,28,1,1,allocated
27,4155,greenran_normal,0,0,65535_65535,0,2,72488,19,1,1,0,3,0,28,1,1,pre_allocation
27,4155,greenran_normal,0,0,65535_65535,0,2,72488,27,1,1,1,4,27,28,1,1,allocated
27,4155,greenran_normal,0,0,65535_65535,0,3,72481,19,1,1,0,3,0,28,1,1,pre_allocation
27,4155,greenran_normal,0,0,65535_65535,0,3,72481,27,1,1,1,4,27,28,1,1,allocated
27,4155,greenran_normal,0,0,65535_65535,0,4,73597,18,1,1,0,4,0,22,1,1,pre_allocation
27,4155,greenran_normal,0,0,65535_65535,0,4,73597,23,1,1,1,5,23,22,1,1,allocated
27,4155,greenran_normal,0,0,65535_65535,0,5,72489,27,1,1,0,4,0,28,1,1,pre_allocation
27,4155,greenran_normal,0,0,65535_65535,0,5,72489,34,1,1,1,5,34,28,1,1,allocated
27,4155,greenran_normal,0,0,65535_65535,0,1,72488,27,1,1,0,4,0,28,1,1,pre_allocation
27,4155,greenran_normal,0,0,65535_65535,0,1,72488,34,1,1,1,5,34,28,1,1,allocated
27,4155,greenran_normal,0,0,65535_65535,0,2,72488,27,1,1,0,4,0,28,1,1,pre_allocation
27,4155,greenran_normal,0,0,65535_65535,0,2,72488,34,1,1,1,5,34,28,1,1,allocated
27,4155,greenran_normal,0,0,65535_65535,0,3,72481,27,1,1,0,4,0,28,1,1,pre_allocation
27,4155,greenran_normal,0,0,65535_65535,0,3,72481,34,1,1,1,5,34,28,1,1,allocated
27,4155,greenran_normal,0,0,65535_65535,0,4,73597,23,1,1,0,5,0,22,1,1,pre_allocation
27,4155,greenran_normal,0,0,65535_65535,0,4,73597,29,1,1,1,6,29,22,1,1,allocated
27,4155,greenran_normal,0,0,65535_65535,0,5,72489,34,1,1,0,5,0,28,1,1,pre_allocation
27,4155,greenran_normal,0,0,65535_65535,0,5,72489,42,1,1,1,6,42,28,1,1,allocated
27,4155,greenran_normal,0,0,65535_65535,0,1,72488,34,1,1,0,5,0,28,1,1,pre_allocation
27,4155,greenran_normal,0,0,65535_65535,0,1,72488,42,1,1,1,6,42,28,1,1,allocated
27,4155,greenran_normal,0,0,65535_65535,0,2,72488,34,1,1,0,5,0,28,1,1,pre_allocation
27,4155,greenran_normal,0,0,65535_65535,0,2,72488,42,1,1,1,6,42,28,1,1,allocated
27,4155,greenran_normal,0,0,65535_65535,0,3,72481,34,1,1,0,5,0,28,1,1,pre_allocation
27,4155,greenran_normal,0,0,65535_65535,0,3,72481,42,1,1,1,6,42,28,1,1,allocated
27,4155,greenran_normal,0,0,65535_65535,0,4,73597,29,1,1,0,6,0,22,1,1,pre_allocation
27,4155,greenran_normal,0,0,65535_65535,0,4,73597,34,1,1,1,7,34,22,1,1,allocated
27,4155,greenran_normal,0,0,65535_65535,0,5,72489,42,1,1,0,6,0,28,1,1,pre_allocation
27,4155,greenran_normal,0,0,65535_65535,0,5,72489,50,1,1,1,7,50,28,1,1,allocated
27,4155,greenran_normal,0,0,65535_65535,0,1,72488,42,1,1,0,6,0,28,1,1,pre_allocation
27,4155,greenran_normal,0,0,65535_65535,0,1,72488,50,1,1,1,7,50,28,1,1,allocated
27,4155,greenran_normal,0,0,65535_65535,0,2,72488,42,1,1,0,6,0,28,1,1,pre_allocation
27,4155,greenran_normal,0,0,65535_65535,0,2,72488,50,1,1,1,7,50,28,1,1,allocated
27,4155,greenran_normal,0,0,65535_65535,0,3,72481,42,1,1,0,6,0,28,1,1,pre_allocation
27,4155,greenran_normal,0,0,65535_65535,0,3,72481,50,1,1,1,7,50,28,1,1,allocated
27,4155,greenran_normal,0,0,65535_65535,0,4,73597,34,1,1,0,7,0,22,1,1,pre_allocation
27,4155,greenran_normal,0,0,65535_65535,0,4,73597,39,1,1,1,8,39,22,1,1,allocated
27,4155,greenran_normal,0,0,65535_65535,0,5,72489,50,1,1,0,7,0,28,1,1,pre_allocation
27,4155,greenran_normal,0,0,65535_65535,0,5,72489,57,1,1,1,8,57,28,1,1,allocated
27,4155,greenran_normal,0,0,65535_65535,0,1,72488,50,1,1,0,7,0,28,1,1,pre_allocation
27,4155,greenran_normal,0,0,65535_65535,0,1,72488,57,1,1,1,8,57,28,1,1,allocated
27,4155,greenran_normal,0,0,65535_65535,0,2,72488,50,1,1,0,7,0,28,1,1,pre_allocation
27,4155,greenran_normal,0,0,65535_65535,0,2,72488,57,1,1,1,8,57,28,1,1,allocated
27,4155,greenran_normal,0,0,65535_65535,0,3,72481,50,1,1,0,7,0,28,1,1,pre_allocation
27,4155,greenran_normal,0,0,65535_65535,0,3,72481,57,1,1,1,8,57,28,1,1,allocated
27,4155,greenran_normal,0,0,65535_65535,0,4,73597,39,1,1,0,8,0,22,1,1,pre_allocation
27,4155,greenran_normal,0,0,65535_65535,0,4,73597,45,1,1,1,9,45,22,1,1,allocated
27,4155,greenran_normal,0,0,65535_65535,0,5,72489,57,1,1,0,8,0,28,1,1,pre_allocation
27,4155,greenran_normal,0,0,65535_65535,0,5,72489,65,1,1,1,9,65,28,1,1,allocated
27,4155,greenran_normal,0,0,65535_65535,0,1,72488,57,1,1,0,8,0,28,1,1,pre_allocation
27,4155,greenran_normal,0,0,65535_65535,0,1,72488,65,1,1,1,9,65,28,1,1,allocated
27,4155,greenran_normal,0,0,65535_65535,0,2,72488,57,1,1,0,8,0,28,1,1,pre_allocation
27,4155,greenran_normal,0,0,65535_65535,0,2,72488,65,1,1,1,9,65,28,1,1,allocated
27,4155,greenran_normal,0,0,65535_65535,0,3,72481,57,1,1,0,8,0,28,1,1,pre_allocation
27,4155,greenran_normal,0,0,65535_65535,0,3,72481,65,1,1,1,9,65,28,1,1,allocated
27,4155,greenran_normal,0,0,65535_65535,0,4,73597,45,1,1,0,9,0,22,1,1,pre_allocation
27,4155,greenran_normal,0,0,65535_65535,0,4,73597,50,1,1,1,10,50,22,1,1,allocated
27,4155,greenran_normal,0,0,65535_65535,0,5,72489,65,1,1,0,9,0,28,1,1,pre_allocation
27,4155,greenran_normal,0,0,65535_65535,0,5,72489,72,1,1,1,10,72,28,1,1,allocated
27,4155,greenran_normal,0,0,65535_65535,0,1,72488,65,1,1,0,9,0,28,1,1,pre_allocation
27,4155,greenran_normal,0,0,65535_65535,0,1,72488,72,1,1,1,10,72,28,1,1,allocated
27,4155,greenran_normal,0,0,65535_65535,0,2,72488,65,1,1,0,9,0,28,1,1,pre_allocation
27,4155,greenran_normal,0,0,65535_65535,0,2,72488,72,1,1,1,10,72,28,1,1,allocated
27,4155,greenran_normal,0,0,65535_65535,0,3,72481,65,1,1,0,9,0,28,1,1,pre_allocation
27,4155,greenran_normal,0,0,65535_65535,0,3,72481,72,1,1,1,10,72,28,1,1,allocated
27,4155,greenran_normal,0,0,65535_65535,0,4,73597,50,1,1,0,10,0,22,1,1,pre_allocation
27,4155,greenran_normal,0,0,65535_65535,0,4,73597,55,1,1,1,11,55,22,1,1,allocated
27,4155,greenran_normal,0,0,65535_65535,0,5,72489,72,1,1,0,10,0,28,1,1,pre_allocation
27,4155,greenran_normal,0,0,65535_65535,0,5,72489,80,1,1,1,11,80,28,1,1,allocated
27,4155,greenran_normal,0,0,65535_65535,0,1,72488,72,1,1,0,10,0,28,1,1,pre_allocation
27,4155,greenran_normal,0,0,65535_65535,0,1,72488,80,1,1,1,11,80,28,1,1,allocated
27,4155,greenran_normal,0,0,65535_65535,0,2,72488,72,1,1,0,10,0,28,1,1,pre_allocation
27,4155,greenran_normal,0,0,65535_65535,0,2,72488,80,1,1,1,11,80,28,1,1,allocated
27,4155,greenran_normal,0,0,65535_65535,0,3,72481,72,1,1,0,10,0,28,1,1,pre_allocation
27,4155,greenran_normal,0,0,65535_65535,0,3,72481,80,1,1,1,11,80,28,1,1,allocated
27,4155,greenran_normal,0,0,65535_65535,0,4,73597,55,1,1,0,11,0,22,1,1,pre_allocation
27,4155,greenran_normal,0,0,65535_65535,0,4,73597,61,1,1,1,12,61,22,1,1,allocated
27,4155,greenran_normal,0,0,65535_65535,0,5,72489,80,1,1,0,11,0,28,1,1,pre_allocation
27,4155,greenran_normal,0,0,65535_65535,0,5,72489,88,1,1,1,12,88,28,1,1,allocated
27,4155,greenran_normal,0,0,65535_65535,0,1,72488,80,1,1,0,11,0,28,1,1,pre_allocation
27,4155,greenran_normal,0,0,65535_65535,0,1,72488,88,1,1,1,12,88,28,1,1,allocated
27,4155,greenran_normal,0,0,65535_65535,0,2,72488,80,1,1,0,11,0,28,1,1,pre_allocation
27,4155,greenran_normal,0,0,65535_65535,0,2,72488,88,1,1,1,12,88,28,1,1,allocated
27,4155,greenran_normal,0,0,65535_65535,0,3,72481,80,1,1,0,11,0,28,1,1,pre_allocation
27,4155,greenran_normal,0,0,65535_65535,0,3,72481,88,1,1,1,12,88,28,1,1,allocated
27,4155,greenran_normal,0,0,65535_65535,0,4,73597,61,1,1,0,12,0,22,1,1,pre_allocation
27,4155,greenran_normal,0,0,65535_65535,0,4,73597,66,1,1,1,13,66,22,1,1,allocated
27,4155,greenran_normal,0,0,65535_65535,0,5,72489,88,1,1,0,12,0,28,1,1,pre_allocation
27,4155,greenran_normal,0,0,65535_65535,0,5,72489,95,1,1,1,13,95,28,1,1,allocated
27,4155,greenran_normal,0,0,65535_65535,0,1,72488,88,1,1,0,12,0,28,1,1,pre_allocation
27,4155,greenran_normal,0,0,65535_65535,0,1,72488,95,1,1,1,13,95,28,1,1,allocated
27,4155,greenran_normal,0,0,65535_65535,0,2,72488,88,1,1,0,12,0,28,1,1,pre_allocation
27,4155,greenran_normal,0,0,65535_65535,0,2,72488,95,1,1,1,13,95,28,1,1,allocated
27,4155,greenran_normal,0,0,65535_65535,0,3,72481,88,1,1,0,12,0,28,1,1,pre_allocation
27,4155,greenran_normal,0,0,65535_65535,0,3,72481,95,1,1,1,13,95,28,1,1,allocated
27,4155,greenran_normal,0,0,65535_65535,0,4,73597,66,1,1,0,13,0,22,1,1,pre_allocation
27,4155,greenran_normal,0,0,65535_65535,0,4,73597,72,1,1,1,14,72,22,1,1,allocated
27,4155,greenran_normal,0,0,65535_65535,0,5,72489,95,1,1,0,13,0,28,1,1,pre_allocation
27,4155,greenran_normal,0,0,65535_65535,0,5,72489,103,1,1,1,14,103,28,1,1,allocated
27,4155,greenran_normal,0,0,65535_65535,0,1,72488,95,1,1,0,13,0,28,1,1,pre_allocation
27,4155,greenran_normal,0,0,65535_65535,0,1,72488,103,1,1,1,14,103,28,1,1,allocated
27,4155,greenran_normal,0,0,65535_65535,0,2,72488,95,1,1,0,13,0,28,1,1,pre_allocation
27,4155,greenran_normal,0,0,65535_65535,0,2,72488,103,1,1,1,14,103,28,1,1,allocated
27,4155,greenran_normal,0,0,65535_65535,0,3,72481,95,1,1,0,13,0,28,1,1,pre_allocation
27,4155,greenran_normal,0,0,65535_65535,0,3,72481,103,1,1,1,14,103,28,1,1,allocated
27,4155,greenran_normal,0,0,65535_65535,0,4,73597,72,1,1,0,14,0,22,1,1,pre_allocation
27,4155,greenran_normal,0,0,65535_65535,0,4,73597,77,1,1,1,15,77,22,1,1,allocated
27,4155,greenran_normal,0,0,65535_65535,0,5,72489,103,1,1,0,14,0,28,1,1,pre_allocation
27,4155,greenran_normal,0,0,65535_65535,0,5,72489,110,1,1,1,15,110,28,1,1,allocated
27,4155,greenran_normal,0,0,65535_65535,0,1,72488,103,1,1,0,14,0,28,1,1,pre_allocation
27,4155,greenran_normal,0,0,65535_65535,0,1,72488,110,1,1,1,15,110,28,1,1,allocated
27,4155,greenran_normal,0,0,65535_65535,0,2,72488,103,1,1,0,14,0,28,1,1,pre_allocation
27,4155,greenran_normal,0,0,65535_65535,0,2,72488,110,1,1,1,15,110,28,1,1,allocated
27,4155,greenran_normal,0,0,65535_65535,0,3,72481,103,1,1,0,14,0,28,1,1,pre_allocation
27,4155,greenran_normal,0,0,65535_65535,0,3,72481,110,1,1,1,15,110,28,1,1,allocated
27,4155,greenran_normal,0,0,65535_65535,0,4,73597,77,1,1,0,15,0,22,1,1,pre_allocation
27,4155,greenran_normal,0,0,65535_65535,0,4,73597,82,1,1,1,16,82,22,1,1,allocated
27,4155,greenran_normal,0,0,65535_65535,0,5,72489,110,1,1,0,15,0,28,1,1,pre_allocation
27,4155,greenran_normal,0,0,65535_65535,0,5,72489,118,1,1,1,16,118,28,1,1,allocated
27,4155,greenran_normal,0,0,65535_65535,0,1,72488,110,1,1,0,15,0,28,1,1,pre_allocation
27,4155,greenran_normal,0,0,65535_65535,0,1,72488,118,1,1,1,16,118,28,1,1,allocated
27,4155,greenran_normal,0,0,65535_65535,0,2,72488,110,1,1,0,15,0,28,1,1,pre_allocation
27,4155,greenran_normal,0,0,65535_65535,0,2,72488,118,1,1,1,16,118,28,1,1,allocated
27,4155,greenran_normal,0,0,65535_65535,0,3,72481,110,1,1,0,15,0,28,1,1,pre_allocation
27,4155,greenran_normal,0,0,65535_65535,0,3,72481,118,1,1,1,16,118,28,1,1,allocated
27,4155,greenran_normal,0,0,65535_65535,0,4,73597,82,1,1,0,16,0,22,1,1,pre_allocation
27,4155,greenran_normal,0,0,65535_65535,0,4,73597,88,1,1,1,17,88,22,1,1,allocated
27,4155,greenran_normal,0,0,65535_65535,0,5,72489,118,1,1,0,16,0,28,1,1,pre_allocation
27,4155,greenran_normal,0,0,65535_65535,0,5,72489,126,1,1,1,17,126,28,1,1,allocated
27,4155,greenran_normal,0,0,65535_65535,0,1,72488,118,1,1,0,16,0,28,1,1,pre_allocation
27,4155,greenran_normal,0,0,65535_65535,0,1,72488,126,1,1,1,17,126,28,1,1,allocated
27,4155,greenran_normal,0,0,65535_65535,0,2,72488,118,1,1,0,16,0,28,1,1,pre_allocation
27,4155,greenran_normal,0,0,65535_65535,0,2,72488,126,1,1,1,17,126,28,1,1,allocated
27,4155,greenran_normal,0,0,65535_65535,0,3,72481,118,1,1,0,16,0,28,1,1,pre_allocation
27,4155,greenran_normal,0,0,65535_65535,0,3,72481,126,1,1,1,17,126,28,1,1,allocated
27,4155,greenran_normal,0,0,65535_65535,0,4,73597,88,1,1,0,17,0,22,1,1,pre_allocation
27,4155,greenran_normal,0,0,65535_65535,0,4,73597,93,1,1,1,18,93,22,1,1,allocated
27,4155,greenran_normal,0,0,65535_65535,0,5,72489,126,1,1,0,17,0,28,1,1,pre_allocation
27,4155,greenran_normal,0,0,65535_65535,0,5,72489,133,1,1,1,18,133,28,1,1,allocated
27,4155,greenran_normal,0,0,65535_65535,0,1,72488,126,1,1,0,17,0,28,1,1,pre_allocation
27,4155,greenran_normal,0,0,65535_65535,0,1,72488,133,1,1,1,18,133,28,1,1,allocated
27,4155,greenran_normal,0,0,65535_65535,0,2,72488,126,1,1,0,17,0,28,1,1,pre_allocation
27,4155,greenran_normal,0,0,65535_65535,0,2,72488,133,1,1,1,18,133,28,1,1,allocated
27,4155,greenran_normal,0,0,65535_65535,0,3,72481,126,1,1,0,17,0,28,1,1,pre_allocation
27,4155,greenran_normal,0,0,65535_65535,0,3,72481,133,1,1,1,18,133,28,1,1,allocated
27,4155,greenran_normal,0,0,65535_65535,0,4,73597,93,1,1,0,18,0,22,1,1,pre_allocation
27,4155,greenran_normal,0,0,65535_65535,0,4,73597,98,1,1,1,19,98,22,1,1,allocated
27,4155,greenran_normal,0,0,65535_65535,0,5,72489,133,1,1,0,18,0,28,1,1,pre_allocation
27,4155,greenran_normal,0,0,65535_65535,0,5,72489,141,1,1,1,19,141,28,1,1,allocated
27,4155,greenran_normal,0,0,65535_65535,0,1,72488,133,1,1,0,18,0,28,1,1,pre_allocation
27,4155,greenran_normal,0,0,65535_65535,0,1,72488,141,1,1,1,19,141,28,1,1,allocated
27,4155,greenran_normal,0,0,65535_65535,0,2,72488,133,1,1,0,18,0,28,1,1,pre_allocation
27,4155,greenran_normal,0,0,65535_65535,0,2,72488,141,1,1,1,19,141,28,1,1,allocated
27,4155,greenran_normal,0,0,65535_65535,0,3,72481,133,1,1,0,18,0,28,1,1,pre_allocation
27,4155,greenran_normal,0,0,65535_65535,0,3,72481,141,1,1,1,19,141,28,1,1,allocated
27,4155,greenran_normal,0,0,65535_65535,0,4,73597,98,1,1,0,19,0,22,1,1,pre_allocation
27,4155,greenran_normal,0,0,65535_65535,0,4,73597,104,1,1,1,20,104,22,1,1,allocated
27,4155,greenran_normal,0,0,65535_65535,0,5,72489,141,1,1,0,19,0,28,1,1,pre_allocation
27,4155,greenran_normal,0,0,65535_65535,0,5,72489,148,1,1,1,20,148,28,1,1,allocated
27,4155,greenran_normal,0,0,65535_65535,0,1,72488,141,1,1,0,19,0,28,1,1,pre_allocation
27,4155,greenran_normal,0,0,65535_65535,0,1,72488,148,1,1,1,20,148,28,1,1,allocated
27,4155,greenran_normal,0,0,65535_65535,0,2,72488,141,1,1,0,19,0,28,1,1,pre_allocation
27,4155,greenran_normal,0,0,65535_65535,0,2,72488,148,1,1,1,20,148,28,1,1,allocated
27,4155,greenran_normal,0,0,65535_65535,0,3,72481,141,1,1,0,19,0,28,1,1,pre_allocation
27,4155,greenran_normal,0,0,65535_65535,0,3,72481,148,1,1,1,20,148,28,1,1,allocated
27,4155,greenran_normal,0,0,65535_65535,0,4,73597,104,1,1,0,20,0,22,1,1,pre_allocation
27,4155,greenran_normal,0,0,65535_65535,0,4,73597,109,1,1,1,21,109,22,1,1,allocated
27,4155,greenran_normal,0,0,65535_65535,0,5,72489,148,1,1,0,20,0,28,1,1,pre_allocation
27,4155,greenran_normal,0,0,65535_65535,0,5,72489,156,1,1,1,21,156,28,1,1,allocated
27,4155,greenran_normal,0,0,65535_65535,0,1,72488,148,1,1,0,20,0,28,1,1,pre_allocation
27,4155,greenran_normal,0,0,65535_65535,0,1,72488,156,1,1,1,21,156,28,1,1,allocated
27,4155,greenran_normal,0,0,65535_65535,0,2,72488,148,1,1,0,20,0,28,1,1,pre_allocation
27,4155,greenran_normal,0,0,65535_65535,0,2,72488,156,1,1,1,21,156,28,1,1,allocated
27,4155,greenran_normal,0,0,65535_65535,0,3,72481,148,1,1,0,20,0,28,1,1,pre_allocation
27,4155,greenran_normal,0,0,65535_65535,0,3,72481,156,1,1,1,21,156,28,1,1,allocated
27,4155,greenran_normal,0,0,65535_65535,0,4,73597,109,1,1,0,21,0,22,1,1,pre_allocation
27,4155,greenran_normal,0,0,65535_65535,0,4,73597,114,1,1,1,22,114,22,1,1,allocated
27,4155,greenran_normal,0,0,65535_65535,0,5,72489,156,1,1,0,21,0,28,1,1,pre_allocation
27,4155,greenran_normal,0,0,65535_65535,0,5,72489,163,1,1,1,22,163,28,1,1,allocated
27,4155,greenran_normal,0,0,65535_65535,0,1,72488,156,1,1,0,21,0,28,1,1,pre_allocation
27,4155,greenran_normal,0,0,65535_65535,0,1,72488,163,1,1,1,22,163,28,1,1,allocated
27,4155,greenran_normal,0,0,65535_65535,0,2,72488,156,1,1,0,21,0,28,1,1,pre_allocation
27,4155,greenran_normal,0,0,65535_65535,0,2,72488,163,1,1,1,22,163,28,1,1,allocated
27,4155,greenran_normal,0,0,65535_65535,0,3,72481,156,1,1,0,21,0,28,1,1,pre_allocation
27,4155,greenran_normal,0,0,65535_65535,0,3,72481,163,1,1,1,22,163,28,1,1,allocated
27,4155,greenran_normal,0,0,65535_65535,0,4,73597,114,1,1,0,22,0,22,1,1,pre_allocation
27,4155,greenran_normal,0,0,65535_65535,0,4,73597,120,1,1,1,23,120,22,1,1,allocated
27,4155,greenran_normal,0,0,65535_65535,0,5,72489,163,1,1,0,22,0,28,1,1,pre_allocation
27,4155,greenran_normal,0,0,65535_65535,0,5,72489,171,1,1,1,23,171,28,1,1,allocated
27,4155,greenran_normal,0,0,65535_65535,0,1,72488,163,1,1,0,22,0,28,1,1,pre_allocation
27,4155,greenran_normal,0,0,65535_65535,0,1,72488,171,1,1,1,23,171,28,1,1,allocated
27,4155,greenran_normal,0,0,65535_65535,0,2,72488,163,1,1,0,22,0,28,1,1,pre_allocation
27,4155,greenran_normal,0,0,65535_65535,0,2,72488,171,1,1,1,23,171,28,1,1,allocated
27,4155,greenran_normal,0,0,65535_65535,0,3,72481,163,1,1,0,22,0,28,1,1,pre_allocation
27,4155,greenran_normal,0,0,65535_65535,0,3,72481,171,1,1,1,23,171,28,1,1,allocated
27,4155,greenran_normal,0,0,65535_65535,0,4,73597,120,1,1,0,23,0,22,1,1,pre_allocation
27,4155,greenran_normal,0,0,65535_65535,0,4,73597,125,1,1,1,24,125,22,1,1,allocated
27,4155,greenran_normal,0,0,65535_65535,0,5,72489,171,1,1,0,23,0,28,1,1,pre_allocation
27,4155,greenran_normal,0,0,65535_65535,0,5,72489,179,1,1,1,24,179,28,1,1,allocated
27,4155,greenran_normal,0,0,65535_65535,0,1,72488,171,1,1,0,23,0,28,1,1,pre_allocation
27,4155,greenran_normal,0,0,65535_65535,0,1,72488,179,1,1,1,24,179,28,1,1,allocated
27,4155,greenran_normal,0,0,65535_65535,0,2,72488,171,1,1,0,23,0,28,1,1,pre_allocation
27,4155,greenran_normal,0,0,65535_65535,0,2,72488,179,1,1,1,24,179,28,1,1,allocated
27,4155,greenran_normal,0,0,65535_65535,0,3,72481,171,1,1,0,23,0,28,1,1,pre_allocation
27,4155,greenran_normal,0,0,65535_65535,0,3,72481,179,1,1,1,24,179,28,1,1,allocated
27,4155,greenran_normal,0,0,65535_65535,0,4,73597,125,1,1,0,24,0,22,1,1,pre_allocation
27,4155,greenran_normal,0,0,65535_65535,0,4,73597,131,1,1,1,25,131,22,1,1,allocated
27,4155,greenran_normal,0,0,65535_65535,0,5,72489,179,1,1,0,24,0,28,1,1,pre_allocation
27,4155,greenran_normal,0,0,65535_65535,0,5,72489,186,1,1,1,25,186,28,1,1,allocated
27,4155,greenran_normal,0,0,65535_65535,0,1,72488,179,1,1,0,24,0,28,1,1,pre_allocation
27,4155,greenran_normal,0,0,65535_65535,0,1,72488,186,1,1,1,25,186,28,1,1,allocated
27,4155,greenran_normal,0,0,65535_65535,0,2,72488,179,1,1,0,24,0,28,1,1,pre_allocation
27,4155,greenran_normal,0,0,65535_65535,0,2,72488,186,1,1,1,25,186,28,1,1,allocated
27,4155,greenran_normal,0,0,65535_65535,0,3,72481,179,1,1,0,24,0,28,1,1,pre_allocation
27,4155,greenran_normal,0,0,65535_65535,0,3,72481,186,1,1,1,25,186,28,1,1,allocated
27,4155,greenran_normal,0,0,65535_65535,0,4,73597,131,1,1,0,25,0,22,1,1,pre_allocation
27,4155,greenran_normal,0,0,65535_65535,0,4,73597,136,1,1,1,26,136,22,1,1,allocated
27,4155,greenran_normal,0,0,65535_65535,0,5,72489,186,1,1,0,25,0,28,1,1,pre_allocation
27,4155,greenran_normal,0,0,65535_65535,0,5,72489,194,1,1,1,26,194,28,1,1,allocated
27,4155,greenran_normal,0,0,65535_65535,0,1,72488,186,1,1,0,25,0,28,1,1,pre_allocation
27,4155,greenran_normal,0,0,65535_65535,0,1,72488,194,1,1,1,26,194,28,1,1,allocated
27,4155,greenran_normal,0,0,65535_65535,0,2,72488,186,1,1,0,25,0,28,1,1,pre_allocation
27,4155,greenran_normal,0,0,65535_65535,0,2,72488,194,1,1,1,26,194,28,1,1,allocated
27,4155,greenran_normal,0,0,65535_65535,0,3,72481,186,1,1,0,25,0,28,1,1,pre_allocation
27,4155,greenran_normal,0,0,65535_65535,0,3,72481,194,1,1,1,26,194,28,1,1,allocated
27,4155,greenran_normal,0,0,65535_65535,0,4,73597,136,1,1,0,26,0,22,1,1,pre_allocation
27,4155,greenran_normal,0,0,65535_65535,0,4,73597,141,1,1,1,27,141,22,1,1,allocated
27,4155,greenran_normal,0,0,65535_65535,0,5,72489,194,1,1,0,26,0,28,1,1,pre_allocation
27,4155,greenran_normal,0,0,65535_65535,0,5,72489,201,1,1,1,27,201,28,1,1,allocated
27,4155,greenran_normal,0,0,65535_65535,0,1,72488,194,1,1,0,26,0,28,1,1,pre_allocation
27,4155,greenran_normal,0,0,65535_65535,0,1,72488,201,1,1,1,27,201,28,1,1,allocated
27,4155,greenran_normal,0,0,65535_65535,0,2,72488,194,1,1,0,26,0,28,1,1,pre_allocation
27,4155,greenran_normal,0,0,65535_65535,0,2,72488,201,1,1,1,27,201,28,1,1,allocated
27,4155,greenran_normal,0,0,65535_65535,2,38,2334165,0,1,1,0,0,0,2,1,1,pre_allocation
27,4155,greenran_normal,0,0,65535_65535,2,38,2334165,0,1,1,1,1,0,2,1,1,allocated
27,4155,greenran_normal,0,0,65535_65535,2,60,2333947,0,1,1,0,0,0,15,1,1,pre_allocation
27,4155,greenran_normal,0,0,65535_65535,2,60,2333947,2,1,1,1,1,2,15,1,1,allocated
27,4155,greenran_normal,0,0,65535_65535,2,64,2333769,0,1,1,0,0,0,10,1,1,pre_allocation
27,4155,greenran_normal,0,0,65535_65535,2,64,2333769,1,1,1,1,1,1,10,1,1,allocated
27,4155,greenran_normal,0,0,65535_65535,2,43,2333540,0,1,1,0,0,0,18,1,1,pre_allocation
27,4155,greenran_normal,0,0,65535_65535,2,43,2333540,0,1,1,1,1,0,18,1,1,allocated
27,4155,greenran_normal,0,0,65535_65535,2,42,2333212,0,1,1,0,0,0,24,1,1,pre_allocation
27,4155,greenran_normal,0,0,65535_65535,2,42,2333212,3,1,1,1,1,3,24,1,1,allocated
27,4155,greenran_normal,0,0,65535_65535,2,36,2333054,0,1,1,0,0,0,28,1,1,pre_allocation
27,4155,greenran_normal,0,0,65535_65535,2,36,2333054,4,1,1,1,1,4,28,1,1,allocated
27,4155,greenran_normal,0,0,65535_65535,2,59,2333045,0,1,1,0,0,0,24,1,1,pre_allocation
27,4155,greenran_normal,0,0,65535_65535,2,59,2333045,3,1,1,1,1,3,24,1,1,allocated
27,4155,greenran_normal,0,0,65535_65535,2,58,2333068,0,1,1,0,0,0,26,1,1,pre_allocation
27,4155,greenran_normal,0,0,65535_65535,2,58,2333068,4,1,1,1,1,4,26,1,1,allocated
27,4155,greenran_normal,0,0,65535_65535,2,39,2333003,0,1,1,0,0,0,28,1,1,pre_allocation
27,4155,greenran_normal,0,0,65535_65535,2,39,2333003,4,1,1,1,1,4,28,1,1,allocated
27,4155,greenran_normal,0,0,65535_65535,2,61,2332995,0,1,1,0,0,0,28,1,1,pre_allocation
27,4155,greenran_normal,0,0,65535_65535,2,61,2332995,4,1,1,1,1,4,28,1,1,allocated
27,4155,greenran_normal,0,0,65535_65535,2,35,2332990,0,1,1,0,0,0,28,1,1,pre_allocation
27,4155,greenran_normal,0,0,65535_65535,2,35,2332990,4,1,1,1,1,4,28,1,1,allocated
27,4155,greenran_normal,0,0,65535_65535,2,44,2332990,0,1,1,0,0,0,28,1,1,pre_allocation
27,4155,greenran_normal,0,0,65535_65535,2,44,2332990,4,1,1,1,1,4,28,1,1,allocated
27,4155,greenran_normal,0,0,65535_65535,2,55,2332990,0,1,1,0,0,0,28,1,1,pre_allocation
27,4155,greenran_normal,0,0,65535_65535,2,55,2332990,4,1,1,1,1,4,28,1,1,allocated
27,4155,greenran_normal,0,0,65535_65535,2,56,2332990,0,1,1,0,0,0,28,1,1,pre_allocation
27,4155,greenran_normal,0,0,65535_65535,2,56,2332990,4,1,1,1,1,4,28,1,1,allocated
27,4155,greenran_normal,0,0,65535_65535,2,57,2332990,0,1,1,0,0,0,28,1,1,pre_allocation
27,4155,greenran_normal,0,0,65535_65535,2,57,2332990,4,1,1,1,1,4,28,1,1,allocated
27,4155,greenran_normal,0,0,65535_65535,2,37,2332992,0,1,1,0,0,0,28,1,1,pre_allocation
27,4155,greenran_normal,0,0,65535_65535,2,37,2332992,4,1,1,1,1,4,28,1,1,allocated
27,4155,greenran_normal,0,0,65535_65535,2,41,2332992,0,1,1,0,0,0,28,1,1,pre_allocation
27,4155,greenran_normal,0,0,65535_65535,2,41,2332992,4,1,1,1,1,4,28,1,1,allocated
27,4155,greenran_normal,0,0,65535_65535,2,40,2332991,0,1,1,0,0,0,28,1,1,pre_allocation
27,4155,greenran_normal,0,0,65535_65535,2,40,2332991,4,1,1,1,1,4,28,1,1,allocated
27,4155,greenran_normal,0,0,65535_65535,2,63,2332987,0,1,1,0,0,0,28,1,1,pre_allocation
27,4155,greenran_normal,0,0,65535_65535,2,63,2332987,4,1,1,1,1,4,28,1,1,allocated
27,4155,greenran_normal,0,0,65535_65535,2,62,2332987,0,1,1,0,0,0,28,1,1,pre_allocation
27,4155,greenran_normal,0,0,65535_65535,2,62,2332987,4,1,1,1,1,4,28,1,1,allocated
27,4155,greenran_normal,0,0,65535_65535,2,38,2334165,0,1,1,0,1,0,2,1,1,pre_allocation
27,4155,greenran_normal,0,0,65535_65535,2,38,2334165,0,1,1,1,2,0,2,1,1,allocated
27,4155,greenran_normal,0,0,65535_65535,2,60,2333947,2,1,1,0,1,0,15,1,1,pre_allocation
27,4155,greenran_normal,0,0,65535_65535,2,60,2333947,2,1,1,1,2,2,15,1,1,allocated
27,4155,greenran_normal,0,0,65535_65535,2,64,2333769,1,1,1,0,1,0,10,1,1,pre_allocation
27,4155,greenran_normal,0,0,65535_65535,2,64,2333769,0,1,1,1,2,0,10,1,1,allocated
27,4155,greenran_normal,0,0,65535_65535,2,43,2333540,0,1,1,0,1,0,18,1,1,pre_allocation
27,4155,greenran_normal,0,0,65535_65535,2,43,2333540,4,1,1,1,2,4,18,1,1,allocated
27,4155,greenran_normal,0,0,65535_65535,2,42,2333212,3,1,1,0,1,0,24,1,1,pre_allocation
27,4155,greenran_normal,0,0,65535_65535,2,42,2333212,9,1,1,1,2,9,24,1,1,allocated
27,4155,greenran_normal,0,0,65535_65535,2,36,2333054,4,1,1,0,1,0,28,1,1,pre_allocation
27,4155,greenran_normal,0,0,65535_65535,2,36,2333054,12,1,1,1,2,12,28,1,1,allocated
27,4155,greenran_normal,0,0,65535_65535,2,59,2333045,3,1,1,0,1,0,24,1,1,pre_allocation
27,4155,greenran_normal,0,0,65535_65535,2,59,2333045,9,1,1,1,2,9,24,1,1,allocated
27,4155,greenran_normal,0,0,65535_65535,2,58,2333068,4,1,1,0,1,0,26,1,1,pre_allocation
27,4155,greenran_normal,0,0,65535_65535,2,58,2333068,11,1,1,1,2,11,26,1,1,allocated
27,4155,greenran_normal,0,0,65535_65535,2,39,2333003,4,1,1,0,1,0,28,1,1,pre_allocation
27,4155,greenran_normal,0,0,65535_65535,2,39,2333003,12,1,1,1,2,12,28,1,1,allocated
27,4155,greenran_normal,0,0,65535_65535,2,61,2332995,4,1,1,0,1,0,28,1,1,pre_allocation
27,4155,greenran_normal,0,0,65535_65535,2,61,2332995,12,1,1,1,2,12,28,1,1,allocated
27,4155,greenran_normal,0,0,65535_65535,2,35,2332990,4,1,1,0,1,0,28,1,1,pre_allocation
27,4155,greenran_normal,0,0,65535_65535,2,35,2332990,12,1,1,1,2,12,28,1,1,allocated
27,4155,greenran_normal,0,0,65535_65535,2,44,2332990,4,1,1,0,1,0,28,1,1,pre_allocation
27,4155,greenran_normal,0,0,65535_65535,2,44,2332990,12,1,1,1,2,12,28,1,1,allocated
27,4155,greenran_normal,0,0,65535_65535,2,55,2332990,4,1,1,0,1,0,28,1,1,pre_allocation
27,4155,greenran_normal,0,0,65535_65535,2,55,2332990,12,1,1,1,2,12,28,1,1,allocated
27,4155,greenran_normal,0,0,65535_65535,2,56,2332990,4,1,1,0,1,0,28,1,1,pre_allocation
27,4155,greenran_normal,0,0,65535_65535,2,56,2332990,12,1,1,1,2,12,28,1,1,allocated
27,4155,greenran_normal,0,0,65535_65535,2,57,2332990,4,1,1,0,1,0,28,1,1,pre_allocation
27,4155,greenran_normal,0,0,65535_65535,2,57,2332990,12,1,1,1,2,12,28,1,1,allocated
27,4155,greenran_normal,0,0,65535_65535,2,37,2332992,4,1,1,0,1,0,28,1,1,pre_allocation
27,4155,greenran_normal,0,0,65535_65535,2,37,2332992,12,1,1,1,2,12,28,1,1,allocated
27,4155,greenran_normal,0,0,65535_65535,2,41,2332992,4,1,1,0,1,0,28,1,1,pre_allocation
27,4155,greenran_normal,0,0,65535_65535,2,41,2332992,12,1,1,1,2,12,28,1,1,allocated
27,4155,greenran_normal,0,0,65535_65535,2,40,2332991,4,1,1,0,1,0,28,1,1,pre_allocation
27,4155,greenran_normal,0,0,65535_65535,2,40,2332991,12,1,1,1,2,12,28,1,1,allocated
27,4155,greenran_normal,0,0,65535_65535,2,63,2332987,4,1,1,0,1,0,28,1,1,pre_allocation
27,4155,greenran_normal,0,0,65535_65535,2,63,2332987,12,1,1,1,2,12,28,1,1,allocated
27,4155,greenran_normal,0,0,65535_65535,2,62,2332987,4,1,1,0,1,0,28,1,1,pre_allocation
27,4155,greenran_normal,0,0,65535_65535,2,62,2332987,12,1,1,1,2,12,28,1,1,allocated
27,4155,greenran_normal,0,0,65535_65535,2,38,2334165,0,1,1,0,2,0,2,1,1,pre_allocation
27,4155,greenran_normal,0,0,65535_65535,2,38,2334165,0,1,1,1,3,0,2,1,1,allocated
27,4155,greenran_normal,0,0,65535_65535,2,60,2333947,2,1,1,0,2,0,15,1,1,pre_allocation
27,4155,greenran_normal,0,0,65535_65535,2,60,2333947,5,1,1,1,3,5,15,1,1,allocated
27,4155,greenran_normal,0,0,65535_65535,2,64,2333769,0,1,1,0,2,0,10,1,1,pre_allocation
27,4155,greenran_normal,0,0,65535_65535,2,64,2333769,1,1,1,1,3,1,10,1,1,allocated
27,4155,greenran_normal,0,0,65535_65535,2,43,2333540,4,1,1,0,2,0,18,1,1,pre_allocation
27,4155,greenran_normal,0,0,65535_65535,2,43,2333540,8,1,1,1,3,8,18,1,1,allocated
27,4155,greenran_normal,0,0,65535_65535,2,42,2333212,9,1,1,0,2,0,24,1,1,pre_allocation
27,4155,greenran_normal,0,0,65535_65535,2,42,2333212,15,1,1,1,3,15,24,1,1,allocated
27,4155,greenran_normal,0,0,65535_65535,2,36,2333054,12,1,1,0,2,0,28,1,1,pre_allocation
27,4155,greenran_normal,0,0,65535_65535,2,36,2333054,19,1,1,1,3,19,28,1,1,allocated
27,4155,greenran_normal,0,0,65535_65535,2,59,2333045,9,1,1,0,2,0,24,1,1,pre_allocation
27,4155,greenran_normal,0,0,65535_65535,2,59,2333045,15,1,1,1,3,15,24,1,1,allocated
27,4155,greenran_normal,0,0,65535_65535,2,58,2333068,11,1,1,0,2,0,26,1,1,pre_allocation
27,4155,greenran_normal,0,0,65535_65535,2,58,2333068,18,1,1,1,3,18,26,1,1,allocated
27,4155,greenran_normal,0,0,65535_65535,2,39,2333003,12,1,1,0,2,0,28,1,1,pre_allocation
27,4155,greenran_normal,0,0,65535_65535,2,39,2333003,19,1,1,1,3,19,28,1,1,allocated
27,4155,greenran_normal,0,0,65535_65535,2,61,2332995,12,1,1,0,2,0,28,1,1,pre_allocation
27,4155,greenran_normal,0,0,65535_65535,2,61,2332995,19,1,1,1,3,19,28,1,1,allocated
27,4155,greenran_normal,0,0,65535_65535,2,35,2332990,12,1,1,0,2,0,28,1,1,pre_allocation
27,4155,greenran_normal,0,0,65535_65535,2,35,2332990,19,1,1,1,3,19,28,1,1,allocated
27,4155,greenran_normal,0,0,65535_65535,2,44,2332990,12,1,1,0,2,0,28,1,1,pre_allocation
27,4155,greenran_normal,0,0,65535_65535,2,44,2332990,19,1,1,1,3,19,28,1,1,allocated
27,4155,greenran_normal,0,0,65535_65535,2,55,2332990,12,1,1,0,2,0,28,1,1,pre_allocation
27,4155,greenran_normal,0,0,65535_65535,2,55,2332990,19,1,1,1,3,19,28,1,1,allocated
27,4155,greenran_normal,0,0,65535_65535,2,56,2332990,12,1,1,0,2,0,28,1,1,pre_allocation
27,4155,greenran_normal,0,0,65535_65535,2,56,2332990,19,1,1,1,3,19,28,1,1,allocated
27,4155,greenran_normal,0,0,65535_65535,2,57,2332990,12,1,1,0,2,0,28,1,1,pre_allocation
27,4155,greenran_normal,0,0,65535_65535,2,57,2332990,19,1,1,1,3,19,28,1,1,allocated
27,4155,greenran_normal,0,0,65535_65535,2,37,2332992,12,1,1,0,2,0,28,1,1,pre_allocation
27,4155,greenran_normal,0,0,65535_65535,2,37,2332992,19,1,1,1,3,19,28,1,1,allocated
27,4155,greenran_normal,0,0,65535_65535,2,41,2332992,12,1,1,0,2,0,28,1,1,pre_allocation
27,4155,greenran_normal,0,0,65535_65535,2,41,2332992,19,1,1,1,3,19,28,1,1,allocated
27,4155,greenran_normal,0,0,65535_65535,2,40,2332991,12,1,1,0,2,0,28,1,1,pre_allocation
27,4155,greenran_normal,0,0,65535_65535,2,40,2332991,19,1,1,1,3,19,28,1,1,allocated
27,4155,greenran_normal,0,0,65535_65535,2,63,2332987,12,1,1,0,2,0,28,1,1,pre_allocation
27,4155,greenran_normal,0,0,65535_65535,2,63,2332987,19,1,1,1,3,19,28,1,1,allocated
27,4155,greenran_normal,0,0,65535_65535,2,62,2332987,12,1,1,0,2,0,28,1,1,pre_allocation
27,4155,greenran_normal,0,0,65535_65535,2,62,2332987,19,1,1,1,3,19,28,1,1,allocated
27,4155,greenran_normal,0,0,65535_65535,2,38,2334165,0,1,1,0,3,0,2,1,1,pre_allocation
27,4155,greenran_normal,0,0,65535_65535,2,38,2334165,1,1,1,1,4,1,2,1,1,allocated
27,4155,greenran_normal,0,0,65535_65535,2,60,2333947,5,1,1,0,3,0,15,1,1,pre_allocation
27,4155,greenran_normal,0,0,65535_65535,2,60,2333947,8,1,1,1,4,8,15,1,1,allocated
27,4155,greenran_normal,0,0,65535_65535,2,64,2333769,1,1,1,0,3,0,10,1,1,pre_allocation
27,4155,greenran_normal,0,0,65535_65535,2,64,2333769,3,1,1,1,4,3,10,1,1,allocated
27,4155,greenran_normal,0,0,65535_65535,2,43,2333540,8,1,1,0,3,0,18,1,1,pre_allocation
27,4155,greenran_normal,0,0,65535_65535,2,43,2333540,11,1,1,1,4,11,18,1,1,allocated
27,4155,greenran_normal,0,0,65535_65535,2,42,2333212,15,1,1,0,3,0,24,1,1,pre_allocation
27,4155,greenran_normal,0,0,65535_65535,2,42,2333212,21,1,1,1,4,21,24,1,1,allocated
27,4155,greenran_normal,0,0,65535_65535,2,36,2333054,19,1,1,0,3,0,28,1,1,pre_allocation
27,4155,greenran_normal,0,0,65535_65535,2,36,2333054,27,1,1,1,4,27,28,1,1,allocated
27,4155,greenran_normal,0,0,65535_65535,2,59,2333045,15,1,1,0,3,0,24,1,1,pre_allocation
27,4155,greenran_normal,0,0,65535_65535,2,59,2333045,21,1,1,1,4,21,24,1,1,allocated
27,4155,greenran_normal,0,0,65535_65535,2,58,2333068,18,1,1,0,3,0,26,1,1,pre_allocation
27,4155,greenran_normal,0,0,65535_65535,2,58,2333068,25,1,1,1,4,25,26,1,1,allocated
27,4155,greenran_normal,0,0,65535_65535,2,39,2333003,19,1,1,0,3,0,28,1,1,pre_allocation
27,4155,greenran_normal,0,0,65535_65535,2,39,2333003,27,1,1,1,4,27,28,1,1,allocated
27,4155,greenran_normal,0,0,65535_65535,2,61,2332995,19,1,1,0,3,0,28,1,1,pre_allocation
27,4155,greenran_normal,0,0,65535_65535,2,61,2332995,27,1,1,1,4,27,28,1,1,allocated
27,4155,greenran_normal,0,0,65535_65535,2,35,2332990,19,1,1,0,3,0,28,1,1,pre_allocation
27,4155,greenran_normal,0,0,65535_65535,2,35,2332990,27,1,1,1,4,27,28,1,1,allocated
27,4155,greenran_normal,0,0,65535_65535,2,44,2332990,19,1,1,0,3,0,28,1,1,pre_allocation
27,4155,greenran_normal,0,0,65535_65535,2,44,2332990,27,1,1,1,4,27,28,1,1,allocated
27,4155,greenran_normal,0,0,65535_65535,2,55,2332990,19,1,1,0,3,0,28,1,1,pre_allocation
27,4155,greenran_normal,0,0,65535_65535,2,55,2332990,27,1,1,1,4,27,28,1,1,allocated
27,4155,greenran_normal,0,0,65535_65535,2,56,2332990,19,1,1,0,3,0,28,1,1,pre_allocation
27,4155,greenran_normal,0,0,65535_65535,2,56,2332990,27,1,1,1,4,27,28,1,1,allocated
27,4155,greenran_normal,0,0,65535_65535,2,57,2332990,19,1,1,0,3,0,28,1,1,pre_allocation
27,4155,greenran_normal,0,0,65535_65535,2,57,2332990,27,1,1,1,4,27,28,1,1,allocated
27,4155,greenran_normal,0,0,65535_65535,2,37,2332992,19,1,1,0,3,0,28,1,1,pre_allocation
27,4155,greenran_normal,0,0,65535_65535,2,37,2332992,27,1,1,1,4,27,28,1,1,allocated
27,4155,greenran_normal,0,0,65535_65535,2,41,2332992,19,1,1,0,3,0,28,1,1,pre_allocation
27,4155,greenran_normal,0,0,65535_65535,2,41,2332992,27,1,1,1,4,27,28,1,1,allocated
27,4155,greenran_normal,0,0,65535_65535,2,40,2332991,19,1,1,0,3,0,28,1,1,pre_allocation
27,4155,greenran_normal,0,0,65535_65535,2,40,2332991,27,1,1,1,4,27,28,1,1,allocated
27,4155,greenran_normal,0,0,65535_65535,2,63,2332987,19,1,1,0,3,0,28,1,1,pre_allocation
27,4155,greenran_normal,0,0,65535_65535,2,63,2332987,27,1,1,1,4,27,28,1,1,allocated
27,4155,greenran_normal,0,0,65535_65535,2,62,2332987,19,1,1,0,3,0,28,1,1,pre_allocation
27,4155,greenran_normal,0,0,65535_65535,2,62,2332987,27,1,1,1,4,27,28,1,1,allocated
27,4155,greenran_normal,0,0,65535_65535,2,38,2334165,1,1,1,0,4,0,2,1,1,pre_allocation
27,4155,greenran_normal,0,0,65535_65535,2,38,2334165,1,1,1,1,5,1,2,1,1,allocated
27,4155,greenran_normal,0,0,65535_65535,2,60,2333947,8,1,1,0,4,0,15,1,1,pre_allocation
27,4155,greenran_normal,0,0,65535_65535,2,60,2333947,11,1,1,1,5,11,15,1,1,allocated
27,4155,greenran_normal,0,0,65535_65535,2,64,2333769,3,1,1,0,4,0,10,1,1,pre_allocation
27,4155,greenran_normal,0,0,65535_65535,2,64,2333769,5,1,1,1,5,5,10,1,1,allocated
27,4155,greenran_normal,0,0,65535_65535,2,43,2333540,11,1,1,0,4,0,18,1,1,pre_allocation
27,4155,greenran_normal,0,0,65535_65535,2,43,2333540,15,1,1,1,5,15,18,1,1,allocated
27,4155,greenran_normal,0,0,65535_65535,2,42,2333212,21,1,1,0,4,0,24,1,1,pre_allocation
27,4155,greenran_normal,0,0,65535_65535,2,42,2333212,27,1,1,1,5,27,24,1,1,allocated
27,4155,greenran_normal,0,0,65535_65535,2,36,2333054,27,1,1,0,4,0,28,1,1,pre_allocation
27,4155,greenran_normal,0,0,65535_65535,2,36,2333054,34,1,1,1,5,34,28,1,1,allocated
27,4155,greenran_normal,0,0,65535_65535,2,59,2333045,21,1,1,0,4,0,24,1,1,pre_allocation
27,4155,greenran_normal,0,0,65535_65535,2,59,2333045,27,1,1,1,5,27,24,1,1,allocated
27,4155,greenran_normal,0,0,65535_65535,2,58,2333068,25,1,1,0,4,0,26,1,1,pre_allocation
27,4155,greenran_normal,0,0,65535_65535,2,58,2333068,32,1,1,1,5,32,26,1,1,allocated
27,4155,greenran_normal,0,0,65535_65535,2,39,2333003,27,1,1,0,4,0,28,1,1,pre_allocation
27,4155,greenran_normal,0,0,65535_65535,2,39,2333003,34,1,1,1,5,34,28,1,1,allocated
27,4155,greenran_normal,0,0,65535_65535,2,61,2332995,27,1,1,0,4,0,28,1,1,pre_allocation
27,4155,greenran_normal,0,0,65535_65535,2,61,2332995,34,1,1,1,5,34,28,1,1,allocated
27,4155,greenran_normal,0,0,65535_65535,2,35,2332990,27,1,1,0,4,0,28,1,1,pre_allocation
27,4155,greenran_normal,0,0,65535_65535,2,35,2332990,34,1,1,1,5,34,28,1,1,allocated
27,4155,greenran_normal,0,0,65535_65535,2,44,2332990,27,1,1,0,4,0,28,1,1,pre_allocation
27,4155,greenran_normal,0,0,65535_65535,2,44,2332990,34,1,1,1,5,34,28,1,1,allocated
27,4155,greenran_normal,0,0,65535_65535,2,55,2332990,27,1,1,0,4,0,28,1,1,pre_allocation
27,4155,greenran_normal,0,0,65535_65535,2,55,2332990,34,1,1,1,5,34,28,1,1,allocated
27,4155,greenran_normal,0,0,65535_65535,2,56,2332990,27,1,1,0,4,0,28,1,1,pre_allocation
27,4155,greenran_normal,0,0,65535_65535,2,56,2332990,34,1,1,1,5,34,28,1,1,allocated
27,4155,greenran_normal,0,0,65535_65535,2,57,2332990,27,1,1,0,4,0,28,1,1,pre_allocation
27,4155,greenran_normal,0,0,65535_65535,2,57,2332990,34,1,1,1,5,34,28,1,1,allocated
27,4155,greenran_normal,0,0,65535_65535,2,37,2332992,27,1,1,0,4,0,28,1,1,pre_allocation
27,4155,greenran_normal,0,0,65535_65535,2,37,2332992,34,1,1,1,5,34,28,1,1,allocated
27,4155,greenran_normal,0,0,65535_65535,2,41,2332992,27,1,1,0,4,0,28,1,1,pre_allocation
27,4155,greenran_normal,0,0,65535_65535,2,41,2332992,34,1,1,1,5,34,28,1,1,allocated
27,4155,greenran_normal,0,0,65535_65535,2,40,2332991,27,1,1,0,4,0,28,1,1,pre_allocation
27,4155,greenran_normal,0,0,65535_65535,2,40,2332991,34,1,1,1,5,34,28,1,1,allocated
27,4155,greenran_normal,0,0,65535_65535,2,63,2332987,27,1,1,0,4,0,28,1,1,pre_allocation
27,4155,greenran_normal,0,0,65535_65535,2,63,2332987,34,1,1,1,5,34,28,1,1,allocated
27,4155,greenran_normal,0,0,65535_65535,2,62,2332987,27,1,1,0,4,0,28,1,1,pre_allocation
27,4155,greenran_normal,0,0,65535_65535,2,62,2332987,34,1,1,1,5,34,28,1,1,allocated
27,4155,greenran_normal,0,0,65535_65535,2,38,2334165,1,1,1,0,5,0,2,1,1,pre_allocation
27,4155,greenran_normal,0,0,65535_65535,2,38,2334165,1,1,1,1,6,1,2,1,1,allocated
27,4155,greenran_normal,0,0,65535_65535,2,60,2333947,11,1,1,0,5,0,15,1,1,pre_allocation
27,4155,greenran_normal,0,0,65535_65535,2,60,2333947,14,1,1,1,6,14,15,1,1,allocated
27,4155,greenran_normal,0,0,65535_65535,2,64,2333769,5,1,1,0,5,0,10,1,1,pre_allocation
27,4155,greenran_normal,0,0,65535_65535,2,64,2333769,6,1,1,1,6,6,10,1,1,allocated
27,4155,greenran_normal,0,0,65535_65535,2,43,2333540,15,1,1,0,5,0,18,1,1,pre_allocation
27,4155,greenran_normal,0,0,65535_65535,2,43,2333540,19,1,1,1,6,19,18,1,1,allocated
27,4155,greenran_normal,0,0,65535_65535,2,42,2333212,27,1,1,0,5,0,24,1,1,pre_allocation
27,4155,greenran_normal,0,0,65535_65535,2,42,2333212,34,1,1,1,6,34,24,1,1,allocated
27,4155,greenran_normal,0,0,65535_65535,2,36,2333054,34,1,1,0,5,0,28,1,1,pre_allocation
27,4155,greenran_normal,0,0,65535_65535,2,36,2333054,42,1,1,1,6,42,28,1,1,allocated
27,4155,greenran_normal,0,0,65535_65535,2,59,2333045,27,1,1,0,5,0,24,1,1,pre_allocation
27,4155,greenran_normal,0,0,65535_65535,2,59,2333045,34,1,1,1,6,34,24,1,1,allocated
27,4155,greenran_normal,0,0,65535_65535,2,58,2333068,32,1,1,0,5,0,26,1,1,pre_allocation
27,4155,greenran_normal,0,0,65535_65535,2,58,2333068,39,1,1,1,6,39,26,1,1,allocated
27,4155,greenran_normal,0,0,65535_65535,2,39,2333003,34,1,1,0,5,0,28,1,1,pre_allocation
27,4155,greenran_normal,0,0,65535_65535,2,39,2333003,42,1,1,1,6,42,28,1,1,allocated
27,4155,greenran_normal,0,0,65535_65535,2,61,2332995,34,1,1,0,5,0,28,1,1,pre_allocation
27,4155,greenran_normal,0,0,65535_65535,2,61,2332995,42,1,1,1,6,42,28,1,1,allocated
27,4155,greenran_normal,0,0,65535_65535,2,35,2332990,34,1,1,0,5,0,28,1,1,pre_allocation
27,4155,greenran_normal,0,0,65535_65535,2,35,2332990,42,1,1,1,6,42,28,1,1,allocated
27,4155,greenran_normal,0,0,65535_65535,2,44,2332990,34,1,1,0,5,0,28,1,1,pre_allocation
27,4155,greenran_normal,0,0,65535_65535,2,44,2332990,42,1,1,1,6,42,28,1,1,allocated
27,4155,greenran_normal,0,0,65535_65535,2,55,2332990,34,1,1,0,5,0,28,1,1,pre_allocation
27,4155,greenran_normal,0,0,65535_65535,2,55,2332990,42,1,1,1,6,42,28,1,1,allocated
27,4155,greenran_normal,0,0,65535_65535,2,56,2332990,34,1,1,0,5,0,28,1,1,pre_allocation
27,4155,greenran_normal,0,0,65535_65535,2,56,2332990,42,1,1,1,6,42,28,1,1,allocated
27,4155,greenran_normal,0,0,65535_65535,2,57,2332990,34,1,1,0,5,0,28,1,1,pre_allocation
27,4155,greenran_normal,0,0,65535_65535,2,57,2332990,42,1,1,1,6,42,28,1,1,allocated
27,4155,greenran_normal,0,0,65535_65535,2,37,2332992,34,1,1,0,5,0,28,1,1,pre_allocation
27,4155,greenran_normal,0,0,65535_65535,2,37,2332992,42,1,1,1,6,42,28,1,1,allocated
27,4155,greenran_normal,0,0,65535_65535,2,41,2332992,34,1,1,0,5,0,28,1,1,pre_allocation
27,4155,greenran_normal,0,0,65535_65535,2,41,2332992,42,1,1,1,6,42,28,1,1,allocated
27,4155,greenran_normal,0,0,65535_65535,2,40,2332991,34,1,1,0,5,0,28,1,1,pre_allocation
27,4155,greenran_normal,0,0,65535_65535,2,40,2332991,42,1,1,1,6,42,28,1,1,allocated
27,4155,greenran_normal,0,0,65535_65535,2,63,2332987,34,1,1,0,5,0,28,1,1,pre_allocation
27,4155,greenran_normal,0,0,65535_65535,2,63,2332987,42,1,1,1,6,42,28,1,1,allocated
27,4155,greenran_normal,0,0,65535_65535,2,62,2332987,34,1,1,0,5,0,28,1,1,pre_allocation
27,4155,greenran_normal,0,0,65535_65535,2,62,2332987,42,1,1,1,6,42,28,1,1,allocated
27,4155,greenran_normal,0,0,65535_65535,2,38,2334165,1,1,1,0,6,0,2,1,1,pre_allocation
27,4155,greenran_normal,0,0,65535_65535,2,38,2334165,2,1,1,1,7,2,2,1,1,allocated
27,4155,greenran_normal,0,0,65535_65535,2,60,2333947,14,1,1,0,6,0,15,1,1,pre_allocation
27,4155,greenran_normal,0,0,65535_65535,2,60,2333947,17,1,1,1,7,17,15,1,1,allocated
27,4155,greenran_normal,0,0,65535_65535,2,64,2333769,6,1,1,0,6,0,10,1,1,pre_allocation
27,4155,greenran_normal,0,0,65535_65535,2,64,2333769,8,1,1,1,7,8,10,1,1,allocated
27,4155,greenran_normal,0,0,65535_65535,2,43,2333540,19,1,1,0,6,0,18,1,1,pre_allocation
27,4155,greenran_normal,0,0,65535_65535,2,43,2333540,22,1,1,1,7,22,18,1,1,allocated
27,4155,greenran_normal,0,0,65535_65535,2,42,2333212,34,1,1,0,6,0,24,1,1,pre_allocation
27,4155,greenran_normal,0,0,65535_65535,2,42,2333212,40,1,1,1,7,40,24,1,1,allocated
27,4155,greenran_normal,0,0,65535_65535,2,36,2333054,42,1,1,0,6,0,28,1,1,pre_allocation
27,4155,greenran_normal,0,0,65535_65535,2,36,2333054,50,1,1,1,7,50,28,1,1,allocated
27,4155,greenran_normal,0,0,65535_65535,2,59,2333045,34,1,1,0,6,0,24,1,1,pre_allocation
27,4155,greenran_normal,0,0,65535_65535,2,59,2333045,40,1,1,1,7,40,24,1,1,allocated
27,4155,greenran_normal,0,0,65535_65535,2,58,2333068,39,1,1,0,6,0,26,1,1,pre_allocation
27,4155,greenran_normal,0,0,65535_65535,2,58,2333068,46,1,1,1,7,46,26,1,1,allocated
27,4155,greenran_normal,0,0,65535_65535,2,39,2333003,42,1,1,0,6,0,28,1,1,pre_allocation
27,4155,greenran_normal,0,0,65535_65535,2,39,2333003,50,1,1,1,7,50,28,1,1,allocated
27,4155,greenran_normal,0,0,65535_65535,2,61,2332995,42,1,1,0,6,0,28,1,1,pre_allocation
27,4155,greenran_normal,0,0,65535_65535,2,61,2332995,50,1,1,1,7,50,28,1,1,allocated
27,4155,greenran_normal,0,0,65535_65535,2,35,2332990,42,1,1,0,6,0,28,1,1,pre_allocation
27,4155,greenran_normal,0,0,65535_65535,2,35,2332990,50,1,1,1,7,50,28,1,1,allocated
27,4155,greenran_normal,0,0,65535_65535,2,44,2332990,42,1,1,0,6,0,28,1,1,pre_allocation
27,4155,greenran_normal,0,0,65535_65535,2,44,2332990,50,1,1,1,7,50,28,1,1,allocated
28,4316,greenran_normal,0,0,65535_65535,0,4,76893,0,1,1,0,0,0,24,1,1,pre_allocation
28,4316,greenran_normal,0,0,65535_65535,0,4,76893,3,1,1,1,1,3,24,1,1,allocated
28,4316,greenran_normal,0,0,65535_65535,0,5,75724,0,1,1,0,0,0,28,1,1,pre_allocation
28,4316,greenran_normal,0,0,65535_65535,0,5,75724,4,1,1,1,1,4,28,1,1,allocated
28,4316,greenran_normal,0,0,65535_65535,0,3,75723,0,1,1,0,0,0,28,1,1,pre_allocation
28,4316,greenran_normal,0,0,65535_65535,0,3,75723,4,1,1,1,1,4,28,1,1,allocated
28,4316,greenran_normal,0,0,65535_65535,0,1,75723,0,1,1,0,0,0,28,1,1,pre_allocation
28,4316,greenran_normal,0,0,65535_65535,0,1,75723,4,1,1,1,1,4,28,1,1,allocated
28,4316,greenran_normal,0,0,65535_65535,0,2,75723,0,1,1,0,0,0,28,1,1,pre_allocation
28,4316,greenran_normal,0,0,65535_65535,0,2,75723,4,1,1,1,1,4,28,1,1,allocated
28,4316,greenran_normal,0,0,65535_65535,0,4,76893,3,1,1,0,1,0,24,1,1,pre_allocation
28,4316,greenran_normal,0,0,65535_65535,0,4,76893,9,1,1,1,2,9,24,1,1,allocated
28,4316,greenran_normal,0,0,65535_65535,0,5,75724,4,1,1,0,1,0,28,1,1,pre_allocation
28,4316,greenran_normal,0,0,65535_65535,0,5,75724,12,1,1,1,2,12,28,1,1,allocated
28,4316,greenran_normal,0,0,65535_65535,0,3,75723,4,1,1,0,1,0,28,1,1,pre_allocation
28,4316,greenran_normal,0,0,65535_65535,0,3,75723,12,1,1,1,2,12,28,1,1,allocated
28,4316,greenran_normal,0,0,65535_65535,0,1,75723,4,1,1,0,1,0,28,1,1,pre_allocation
28,4316,greenran_normal,0,0,65535_65535,0,1,75723,12,1,1,1,2,12,28,1,1,allocated
28,4316,greenran_normal,0,0,65535_65535,0,2,75723,4,1,1,0,1,0,28,1,1,pre_allocation
28,4316,greenran_normal,0,0,65535_65535,0,2,75723,12,1,1,1,2,12,28,1,1,allocated
28,4316,greenran_normal,0,0,65535_65535,0,4,76893,9,1,1,0,2,0,24,1,1,pre_allocation
28,4316,greenran_normal,0,0,65535_65535,0,4,76893,15,1,1,1,3,15,24,1,1,allocated
28,4316,greenran_normal,0,0,65535_65535,0,5,75724,12,1,1,0,2,0,28,1,1,pre_allocation
28,4316,greenran_normal,0,0,65535_65535,0,5,75724,19,1,1,1,3,19,28,1,1,allocated
28,4316,greenran_normal,0,0,65535_65535,0,3,75723,12,1,1,0,2,0,28,1,1,pre_allocation
28,4316,greenran_normal,0,0,65535_65535,0,3,75723,19,1,1,1,3,19,28,1,1,allocated
28,4316,greenran_normal,0,0,65535_65535,0,1,75723,12,1,1,0,2,0,28,1,1,pre_allocation
28,4316,greenran_normal,0,0,65535_65535,0,1,75723,19,1,1,1,3,19,28,1,1,allocated
28,4316,greenran_normal,0,0,65535_65535,0,2,75723,12,1,1,0,2,0,28,1,1,pre_allocation
28,4316,greenran_normal,0,0,65535_65535,0,2,75723,19,1,1,1,3,19,28,1,1,allocated
28,4316,greenran_normal,0,0,65535_65535,0,4,76893,15,1,1,0,3,0,24,1,1,pre_allocation
28,4316,greenran_normal,0,0,65535_65535,0,4,76893,21,1,1,1,4,21,24,1,1,allocated
28,4316,greenran_normal,0,0,65535_65535,0,5,75724,19,1,1,0,3,0,28,1,1,pre_allocation
28,4316,greenran_normal,0,0,65535_65535,0,5,75724,27,1,1,1,4,27,28,1,1,allocated
28,4316,greenran_normal,0,0,65535_65535,0,3,75723,19,1,1,0,3,0,28,1,1,pre_allocation
28,4316,greenran_normal,0,0,65535_65535,0,3,75723,27,1,1,1,4,27,28,1,1,allocated
28,4316,greenran_normal,0,0,65535_65535,0,1,75723,19,1,1,0,3,0,28,1,1,pre_allocation
28,4316,greenran_normal,0,0,65535_65535,0,1,75723,27,1,1,1,4,27,28,1,1,allocated
28,4316,greenran_normal,0,0,65535_65535,0,2,75723,19,1,1,0,3,0,28,1,1,pre_allocation
28,4316,greenran_normal,0,0,65535_65535,0,2,75723,27,1,1,1,4,27,28,1,1,allocated
28,4316,greenran_normal,0,0,65535_65535,0,4,76893,21,1,1,0,4,0,24,1,1,pre_allocation
28,4316,greenran_normal,0,0,65535_65535,0,4,76893,27,1,1,1,5,27,24,1,1,allocated
28,4316,greenran_normal,0,0,65535_65535,0,5,75724,27,1,1,0,4,0,28,1,1,pre_allocation
28,4316,greenran_normal,0,0,65535_65535,0,5,75724,34,1,1,1,5,34,28,1,1,allocated
28,4316,greenran_normal,0,0,65535_65535,0,3,75723,27,1,1,0,4,0,28,1,1,pre_allocation
28,4316,greenran_normal,0,0,65535_65535,0,3,75723,34,1,1,1,5,34,28,1,1,allocated
28,4316,greenran_normal,0,0,65535_65535,0,1,75723,27,1,1,0,4,0,28,1,1,pre_allocation
28,4316,greenran_normal,0,0,65535_65535,0,1,75723,34,1,1,1,5,34,28,1,1,allocated
28,4316,greenran_normal,0,0,65535_65535,0,2,75723,27,1,1,0,4,0,28,1,1,pre_allocation
28,4316,greenran_normal,0,0,65535_65535,0,2,75723,34,1,1,1,5,34,28,1,1,allocated
28,4316,greenran_normal,0,0,65535_65535,0,4,76893,27,1,1,0,5,0,24,1,1,pre_allocation
28,4316,greenran_normal,0,0,65535_65535,0,4,76893,34,1,1,1,6,34,24,1,1,allocated
28,4316,greenran_normal,0,0,65535_65535,0,5,75724,34,1,1,0,5,0,28,1,1,pre_allocation
28,4316,greenran_normal,0,0,65535_65535,0,5,75724,42,1,1,1,6,42,28,1,1,allocated
28,4316,greenran_normal,0,0,65535_65535,0,3,75723,34,1,1,0,5,0,28,1,1,pre_allocation
28,4316,greenran_normal,0,0,65535_65535,0,3,75723,42,1,1,1,6,42,28,1,1,allocated
28,4316,greenran_normal,0,0,65535_65535,0,1,75723,34,1,1,0,5,0,28,1,1,pre_allocation
28,4316,greenran_normal,0,0,65535_65535,0,1,75723,42,1,1,1,6,42,28,1,1,allocated
28,4316,greenran_normal,0,0,65535_65535,0,2,75723,34,1,1,0,5,0,28,1,1,pre_allocation
28,4316,greenran_normal,0,0,65535_65535,0,2,75723,42,1,1,1,6,42,28,1,1,allocated
28,4316,greenran_normal,0,0,65535_65535,0,4,76893,34,1,1,0,6,0,24,1,1,pre_allocation
28,4316,greenran_normal,0,0,65535_65535,0,4,76893,40,1,1,1,7,40,24,1,1,allocated
28,4316,greenran_normal,0,0,65535_65535,0,5,75724,42,1,1,0,6,0,28,1,1,pre_allocation
28,4316,greenran_normal,0,0,65535_65535,0,5,75724,50,1,1,1,7,50,28,1,1,allocated
28,4316,greenran_normal,0,0,65535_65535,0,3,75723,42,1,1,0,6,0,28,1,1,pre_allocation
28,4316,greenran_normal,0,0,65535_65535,0,3,75723,50,1,1,1,7,50,28,1,1,allocated
28,4316,greenran_normal,0,0,65535_65535,0,1,75723,42,1,1,0,6,0,28,1,1,pre_allocation
28,4316,greenran_normal,0,0,65535_65535,0,1,75723,50,1,1,1,7,50,28,1,1,allocated
28,4316,greenran_normal,0,0,65535_65535,0,2,75723,42,1,1,0,6,0,28,1,1,pre_allocation
28,4316,greenran_normal,0,0,65535_65535,0,2,75723,50,1,1,1,7,50,28,1,1,allocated
28,4316,greenran_normal,0,0,65535_65535,0,4,76893,40,1,1,0,7,0,24,1,1,pre_allocation
28,4316,greenran_normal,0,0,65535_65535,0,4,76893,46,1,1,1,8,46,24,1,1,allocated
28,4316,greenran_normal,0,0,65535_65535,0,5,75724,50,1,1,0,7,0,28,1,1,pre_allocation
28,4316,greenran_normal,0,0,65535_65535,0,5,75724,57,1,1,1,8,57,28,1,1,allocated
28,4316,greenran_normal,0,0,65535_65535,0,3,75723,50,1,1,0,7,0,28,1,1,pre_allocation
28,4316,greenran_normal,0,0,65535_65535,0,3,75723,57,1,1,1,8,57,28,1,1,allocated
28,4316,greenran_normal,0,0,65535_65535,0,1,75723,50,1,1,0,7,0,28,1,1,pre_allocation
28,4316,greenran_normal,0,0,65535_65535,0,1,75723,57,1,1,1,8,57,28,1,1,allocated
28,4316,greenran_normal,0,0,65535_65535,0,2,75723,50,1,1,0,7,0,28,1,1,pre_allocation
28,4316,greenran_normal,0,0,65535_65535,0,2,75723,57,1,1,1,8,57,28,1,1,allocated
28,4316,greenran_normal,0,0,65535_65535,0,4,76893,46,1,1,0,8,0,24,1,1,pre_allocation
28,4316,greenran_normal,0,0,65535_65535,0,4,76893,52,1,1,1,9,52,24,1,1,allocated
28,4316,greenran_normal,0,0,65535_65535,0,5,75724,57,1,1,0,8,0,28,1,1,pre_allocation
28,4316,greenran_normal,0,0,65535_65535,0,5,75724,65,1,1,1,9,65,28,1,1,allocated
28,4316,greenran_normal,0,0,65535_65535,0,3,75723,57,1,1,0,8,0,28,1,1,pre_allocation
28,4316,greenran_normal,0,0,65535_65535,0,3,75723,65,1,1,1,9,65,28,1,1,allocated
28,4316,greenran_normal,0,0,65535_65535,0,1,75723,57,1,1,0,8,0,28,1,1,pre_allocation
28,4316,greenran_normal,0,0,65535_65535,0,1,75723,65,1,1,1,9,65,28,1,1,allocated
28,4316,greenran_normal,0,0,65535_65535,0,2,75723,57,1,1,0,8,0,28,1,1,pre_allocation
28,4316,greenran_normal,0,0,65535_65535,0,2,75723,65,1,1,1,9,65,28,1,1,allocated
28,4316,greenran_normal,0,0,65535_65535,0,4,76893,52,1,1,0,9,0,24,1,1,pre_allocation
28,4316,greenran_normal,0,0,65535_65535,0,4,76893,58,1,1,1,10,58,24,1,1,allocated
28,4316,greenran_normal,0,0,65535_65535,0,5,75724,65,1,1,0,9,0,28,1,1,pre_allocation
28,4316,greenran_normal,0,0,65535_65535,0,5,75724,72,1,1,1,10,72,28,1,1,allocated
28,4316,greenran_normal,0,0,65535_65535,0,3,75723,65,1,1,0,9,0,28,1,1,pre_allocation
28,4316,greenran_normal,0,0,65535_65535,0,3,75723,72,1,1,1,10,72,28,1,1,allocated
28,4316,greenran_normal,0,0,65535_65535,0,1,75723,65,1,1,0,9,0,28,1,1,pre_allocation
28,4316,greenran_normal,0,0,65535_65535,0,1,75723,72,1,1,1,10,72,28,1,1,allocated
28,4316,greenran_normal,0,0,65535_65535,0,2,75723,65,1,1,0,9,0,28,1,1,pre_allocation
28,4316,greenran_normal,0,0,65535_65535,0,2,75723,72,1,1,1,10,72,28,1,1,allocated
28,4316,greenran_normal,0,0,65535_65535,0,4,76893,58,1,1,0,10,0,24,1,1,pre_allocation
28,4316,greenran_normal,0,0,65535_65535,0,4,76893,65,1,1,1,11,65,24,1,1,allocated
28,4316,greenran_normal,0,0,65535_65535,0,5,75724,72,1,1,0,10,0,28,1,1,pre_allocation
28,4316,greenran_normal,0,0,65535_65535,0,5,75724,80,1,1,1,11,80,28,1,1,allocated
28,4316,greenran_normal,0,0,65535_65535,0,3,75723,72,1,1,0,10,0,28,1,1,pre_allocation
28,4316,greenran_normal,0,0,65535_65535,0,3,75723,80,1,1,1,11,80,28,1,1,allocated
28,4316,greenran_normal,0,0,65535_65535,0,1,75723,72,1,1,0,10,0,28,1,1,pre_allocation
28,4316,greenran_normal,0,0,65535_65535,0,1,75723,80,1,1,1,11,80,28,1,1,allocated
28,4316,greenran_normal,0,0,65535_65535,0,2,75723,72,1,1,0,10,0,28,1,1,pre_allocation
28,4316,greenran_normal,0,0,65535_65535,0,2,75723,80,1,1,1,11,80,28,1,1,allocated
28,4316,greenran_normal,0,0,65535_65535,0,4,76893,65,1,1,0,11,0,24,1,1,pre_allocation
28,4316,greenran_normal,0,0,65535_65535,0,4,76893,71,1,1,1,12,71,24,1,1,allocated
28,4316,greenran_normal,0,0,65535_65535,0,5,75724,80,1,1,0,11,0,28,1,1,pre_allocation
28,4316,greenran_normal,0,0,65535_65535,0,5,75724,88,1,1,1,12,88,28,1,1,allocated
28,4316,greenran_normal,0,0,65535_65535,0,3,75723,80,1,1,0,11,0,28,1,1,pre_allocation
28,4316,greenran_normal,0,0,65535_65535,0,3,75723,88,1,1,1,12,88,28,1,1,allocated
28,4316,greenran_normal,0,0,65535_65535,0,1,75723,80,1,1,0,11,0,28,1,1,pre_allocation
28,4316,greenran_normal,0,0,65535_65535,0,1,75723,88,1,1,1,12,88,28,1,1,allocated
28,4316,greenran_normal,0,0,65535_65535,0,2,75723,80,1,1,0,11,0,28,1,1,pre_allocation
28,4316,greenran_normal,0,0,65535_65535,0,2,75723,88,1,1,1,12,88,28,1,1,allocated
28,4316,greenran_normal,0,0,65535_65535,0,4,76893,71,1,1,0,12,0,24,1,1,pre_allocation
28,4316,greenran_normal,0,0,65535_65535,0,4,76893,77,1,1,1,13,77,24,1,1,allocated
28,4316,greenran_normal,0,0,65535_65535,0,5,75724,88,1,1,0,12,0,28,1,1,pre_allocation
28,4316,greenran_normal,0,0,65535_65535,0,5,75724,95,1,1,1,13,95,28,1,1,allocated
28,4316,greenran_normal,0,0,65535_65535,0,3,75723,88,1,1,0,12,0,28,1,1,pre_allocation
28,4316,greenran_normal,0,0,65535_65535,0,3,75723,95,1,1,1,13,95,28,1,1,allocated
28,4316,greenran_normal,0,0,65535_65535,0,1,75723,88,1,1,0,12,0,28,1,1,pre_allocation
28,4316,greenran_normal,0,0,65535_65535,0,1,75723,95,1,1,1,13,95,28,1,1,allocated
28,4316,greenran_normal,0,0,65535_65535,0,2,75723,88,1,1,0,12,0,28,1,1,pre_allocation
28,4316,greenran_normal,0,0,65535_65535,0,2,75723,95,1,1,1,13,95,28,1,1,allocated
28,4316,greenran_normal,0,0,65535_65535,0,4,76893,77,1,1,0,13,0,24,1,1,pre_allocation
28,4316,greenran_normal,0,0,65535_65535,0,4,76893,83,1,1,1,14,83,24,1,1,allocated
28,4316,greenran_normal,0,0,65535_65535,0,5,75724,95,1,1,0,13,0,28,1,1,pre_allocation
28,4316,greenran_normal,0,0,65535_65535,0,5,75724,103,1,1,1,14,103,28,1,1,allocated
28,4316,greenran_normal,0,0,65535_65535,0,3,75723,95,1,1,0,13,0,28,1,1,pre_allocation
28,4316,greenran_normal,0,0,65535_65535,0,3,75723,103,1,1,1,14,103,28,1,1,allocated
28,4316,greenran_normal,0,0,65535_65535,0,1,75723,95,1,1,0,13,0,28,1,1,pre_allocation
28,4316,greenran_normal,0,0,65535_65535,0,1,75723,103,1,1,1,14,103,28,1,1,allocated
28,4316,greenran_normal,0,0,65535_65535,0,2,75723,95,1,1,0,13,0,28,1,1,pre_allocation
28,4316,greenran_normal,0,0,65535_65535,0,2,75723,103,1,1,1,14,103,28,1,1,allocated
28,4316,greenran_normal,0,0,65535_65535,0,4,76893,83,1,1,0,14,0,24,1,1,pre_allocation
28,4316,greenran_normal,0,0,65535_65535,0,4,76893,89,1,1,1,15,89,24,1,1,allocated
28,4316,greenran_normal,0,0,65535_65535,0,5,75724,103,1,1,0,14,0,28,1,1,pre_allocation
28,4316,greenran_normal,0,0,65535_65535,0,5,75724,110,1,1,1,15,110,28,1,1,allocated
28,4316,greenran_normal,0,0,65535_65535,0,3,75723,103,1,1,0,14,0,28,1,1,pre_allocation
28,4316,greenran_normal,0,0,65535_65535,0,3,75723,110,1,1,1,15,110,28,1,1,allocated
28,4316,greenran_normal,0,0,65535_65535,0,1,75723,103,1,1,0,14,0,28,1,1,pre_allocation
28,4316,greenran_normal,0,0,65535_65535,0,1,75723,110,1,1,1,15,110,28,1,1,allocated
28,4316,greenran_normal,0,0,65535_65535,0,2,75723,103,1,1,0,14,0,28,1,1,pre_allocation
28,4316,greenran_normal,0,0,65535_65535,0,2,75723,110,1,1,1,15,110,28,1,1,allocated
28,4316,greenran_normal,0,0,65535_65535,0,4,76893,89,1,1,0,15,0,24,1,1,pre_allocation
28,4316,greenran_normal,0,0,65535_65535,0,4,76893,96,1,1,1,16,96,24,1,1,allocated
28,4316,greenran_normal,0,0,65535_65535,0,5,75724,110,1,1,0,15,0,28,1,1,pre_allocation
28,4316,greenran_normal,0,0,65535_65535,0,5,75724,118,1,1,1,16,118,28,1,1,allocated
28,4316,greenran_normal,0,0,65535_65535,0,3,75723,110,1,1,0,15,0,28,1,1,pre_allocation
28,4316,greenran_normal,0,0,65535_65535,0,3,75723,118,1,1,1,16,118,28,1,1,allocated
28,4316,greenran_normal,0,0,65535_65535,0,1,75723,110,1,1,0,15,0,28,1,1,pre_allocation
28,4316,greenran_normal,0,0,65535_65535,0,1,75723,118,1,1,1,16,118,28,1,1,allocated
28,4316,greenran_normal,0,0,65535_65535,0,2,75723,110,1,1,0,15,0,28,1,1,pre_allocation
28,4316,greenran_normal,0,0,65535_65535,0,2,75723,118,1,1,1,16,118,28,1,1,allocated
28,4316,greenran_normal,0,0,65535_65535,0,4,76893,96,1,1,0,16,0,24,1,1,pre_allocation
28,4316,greenran_normal,0,0,65535_65535,0,4,76893,102,1,1,1,17,102,24,1,1,allocated
28,4316,greenran_normal,0,0,65535_65535,0,5,75724,118,1,1,0,16,0,28,1,1,pre_allocation
28,4316,greenran_normal,0,0,65535_65535,0,5,75724,126,1,1,1,17,126,28,1,1,allocated
28,4316,greenran_normal,0,0,65535_65535,0,3,75723,118,1,1,0,16,0,28,1,1,pre_allocation
28,4316,greenran_normal,0,0,65535_65535,0,3,75723,126,1,1,1,17,126,28,1,1,allocated
28,4316,greenran_normal,0,0,65535_65535,0,1,75723,118,1,1,0,16,0,28,1,1,pre_allocation
28,4316,greenran_normal,0,0,65535_65535,0,1,75723,126,1,1,1,17,126,28,1,1,allocated
28,4316,greenran_normal,0,0,65535_65535,0,2,75723,118,1,1,0,16,0,28,1,1,pre_allocation
28,4316,greenran_normal,0,0,65535_65535,0,2,75723,126,1,1,1,17,126,28,1,1,allocated
28,4316,greenran_normal,0,0,65535_65535,0,4,76893,102,1,1,0,17,0,24,1,1,pre_allocation
28,4316,greenran_normal,0,0,65535_65535,0,4,76893,108,1,1,1,18,108,24,1,1,allocated
28,4316,greenran_normal,0,0,65535_65535,0,5,75724,126,1,1,0,17,0,28,1,1,pre_allocation
28,4316,greenran_normal,0,0,65535_65535,0,5,75724,133,1,1,1,18,133,28,1,1,allocated
28,4316,greenran_normal,0,0,65535_65535,0,3,75723,126,1,1,0,17,0,28,1,1,pre_allocation
28,4316,greenran_normal,0,0,65535_65535,0,3,75723,133,1,1,1,18,133,28,1,1,allocated
28,4316,greenran_normal,0,0,65535_65535,0,1,75723,126,1,1,0,17,0,28,1,1,pre_allocation
28,4316,greenran_normal,0,0,65535_65535,0,1,75723,133,1,1,1,18,133,28,1,1,allocated
28,4316,greenran_normal,0,0,65535_65535,0,2,75723,126,1,1,0,17,0,28,1,1,pre_allocation
28,4316,greenran_normal,0,0,65535_65535,0,2,75723,133,1,1,1,18,133,28,1,1,allocated
28,4316,greenran_normal,0,0,65535_65535,0,4,76893,108,1,1,0,18,0,24,1,1,pre_allocation
28,4316,greenran_normal,0,0,65535_65535,0,4,76893,114,1,1,1,19,114,24,1,1,allocated
28,4316,greenran_normal,0,0,65535_65535,0,5,75724,133,1,1,0,18,0,28,1,1,pre_allocation
28,4316,greenran_normal,0,0,65535_65535,0,5,75724,141,1,1,1,19,141,28,1,1,allocated
28,4316,greenran_normal,0,0,65535_65535,0,3,75723,133,1,1,0,18,0,28,1,1,pre_allocation
28,4316,greenran_normal,0,0,65535_65535,0,3,75723,141,1,1,1,19,141,28,1,1,allocated
28,4316,greenran_normal,0,0,65535_65535,0,1,75723,133,1,1,0,18,0,28,1,1,pre_allocation
28,4316,greenran_normal,0,0,65535_65535,0,1,75723,141,1,1,1,19,141,28,1,1,allocated
28,4316,greenran_normal,0,0,65535_65535,0,2,75723,133,1,1,0,18,0,28,1,1,pre_allocation
28,4316,greenran_normal,0,0,65535_65535,0,2,75723,141,1,1,1,19,141,28,1,1,allocated
28,4316,greenran_normal,0,0,65535_65535,0,4,76893,114,1,1,0,19,0,24,1,1,pre_allocation
28,4316,greenran_normal,0,0,65535_65535,0,4,76893,120,1,1,1,20,120,24,1,1,allocated
28,4316,greenran_normal,0,0,65535_65535,0,5,75724,141,1,1,0,19,0,28,1,1,pre_allocation
28,4316,greenran_normal,0,0,65535_65535,0,5,75724,148,1,1,1,20,148,28,1,1,allocated
28,4316,greenran_normal,0,0,65535_65535,0,3,75723,141,1,1,0,19,0,28,1,1,pre_allocation
28,4316,greenran_normal,0,0,65535_65535,0,3,75723,148,1,1,1,20,148,28,1,1,allocated
28,4316,greenran_normal,0,0,65535_65535,0,1,75723,141,1,1,0,19,0,28,1,1,pre_allocation
28,4316,greenran_normal,0,0,65535_65535,0,1,75723,148,1,1,1,20,148,28,1,1,allocated
28,4316,greenran_normal,0,0,65535_65535,0,2,75723,141,1,1,0,19,0,28,1,1,pre_allocation
28,4316,greenran_normal,0,0,65535_65535,0,2,75723,148,1,1,1,20,148,28,1,1,allocated
28,4316,greenran_normal,0,0,65535_65535,0,4,76893,120,1,1,0,20,0,24,1,1,pre_allocation
28,4316,greenran_normal,0,0,65535_65535,0,4,76893,126,1,1,1,21,126,24,1,1,allocated
28,4316,greenran_normal,0,0,65535_65535,0,5,75724,148,1,1,0,20,0,28,1,1,pre_allocation
28,4316,greenran_normal,0,0,65535_65535,0,5,75724,156,1,1,1,21,156,28,1,1,allocated
28,4316,greenran_normal,0,0,65535_65535,0,3,75723,148,1,1,0,20,0,28,1,1,pre_allocation
28,4316,greenran_normal,0,0,65535_65535,0,3,75723,156,1,1,1,21,156,28,1,1,allocated
28,4316,greenran_normal,0,0,65535_65535,0,1,75723,148,1,1,0,20,0,28,1,1,pre_allocation
28,4316,greenran_normal,0,0,65535_65535,0,1,75723,156,1,1,1,21,156,28,1,1,allocated
28,4316,greenran_normal,0,0,65535_65535,0,2,75723,148,1,1,0,20,0,28,1,1,pre_allocation
28,4316,greenran_normal,0,0,65535_65535,0,2,75723,156,1,1,1,21,156,28,1,1,allocated
28,4316,greenran_normal,0,0,65535_65535,0,4,76893,126,1,1,0,21,0,24,1,1,pre_allocation
28,4316,greenran_normal,0,0,65535_65535,0,4,76893,133,1,1,1,22,133,24,1,1,allocated
28,4316,greenran_normal,0,0,65535_65535,0,5,75724,156,1,1,0,21,0,28,1,1,pre_allocation
28,4316,greenran_normal,0,0,65535_65535,0,5,75724,163,1,1,1,22,163,28,1,1,allocated
28,4316,greenran_normal,0,0,65535_65535,0,3,75723,156,1,1,0,21,0,28,1,1,pre_allocation
28,4316,greenran_normal,0,0,65535_65535,0,3,75723,163,1,1,1,22,163,28,1,1,allocated
28,4316,greenran_normal,0,0,65535_65535,0,1,75723,156,1,1,0,21,0,28,1,1,pre_allocation
28,4316,greenran_normal,0,0,65535_65535,0,1,75723,163,1,1,1,22,163,28,1,1,allocated
28,4316,greenran_normal,0,0,65535_65535,0,2,75723,156,1,1,0,21,0,28,1,1,pre_allocation
28,4316,greenran_normal,0,0,65535_65535,0,2,75723,163,1,1,1,22,163,28,1,1,allocated
28,4316,greenran_normal,0,0,65535_65535,0,4,76893,133,1,1,0,22,0,24,1,1,pre_allocation
28,4316,greenran_normal,0,0,65535_65535,0,4,76893,139,1,1,1,23,139,24,1,1,allocated
28,4316,greenran_normal,0,0,65535_65535,0,5,75724,163,1,1,0,22,0,28,1,1,pre_allocation
28,4316,greenran_normal,0,0,65535_65535,0,5,75724,171,1,1,1,23,171,28,1,1,allocated
28,4316,greenran_normal,0,0,65535_65535,0,3,75723,163,1,1,0,22,0,28,1,1,pre_allocation
28,4316,greenran_normal,0,0,65535_65535,0,3,75723,171,1,1,1,23,171,28,1,1,allocated
28,4316,greenran_normal,0,0,65535_65535,0,1,75723,163,1,1,0,22,0,28,1,1,pre_allocation
28,4316,greenran_normal,0,0,65535_65535,0,1,75723,171,1,1,1,23,171,28,1,1,allocated
28,4316,greenran_normal,0,0,65535_65535,0,2,75723,163,1,1,0,22,0,28,1,1,pre_allocation
28,4316,greenran_normal,0,0,65535_65535,0,2,75723,171,1,1,1,23,171,28,1,1,allocated
28,4316,greenran_normal,0,0,65535_65535,0,4,76893,139,1,1,0,23,0,24,1,1,pre_allocation
28,4316,greenran_normal,0,0,65535_65535,0,4,76893,145,1,1,1,24,145,24,1,1,allocated
28,4316,greenran_normal,0,0,65535_65535,0,5,75724,171,1,1,0,23,0,28,1,1,pre_allocation
28,4316,greenran_normal,0,0,65535_65535,0,5,75724,179,1,1,1,24,179,28,1,1,allocated
28,4316,greenran_normal,0,0,65535_65535,0,3,75723,171,1,1,0,23,0,28,1,1,pre_allocation
28,4316,greenran_normal,0,0,65535_65535,0,3,75723,179,1,1,1,24,179,28,1,1,allocated
28,4316,greenran_normal,0,0,65535_65535,0,1,75723,171,1,1,0,23,0,28,1,1,pre_allocation
28,4316,greenran_normal,0,0,65535_65535,0,1,75723,179,1,1,1,24,179,28,1,1,allocated
28,4316,greenran_normal,0,0,65535_65535,0,2,75723,171,1,1,0,23,0,28,1,1,pre_allocation
28,4316,greenran_normal,0,0,65535_65535,0,2,75723,179,1,1,1,24,179,28,1,1,allocated
28,4316,greenran_normal,0,0,65535_65535,0,4,76893,145,1,1,0,24,0,24,1,1,pre_allocation
28,4316,greenran_normal,0,0,65535_65535,0,4,76893,151,1,1,1,25,151,24,1,1,allocated
28,4316,greenran_normal,0,0,65535_65535,0,5,75724,179,1,1,0,24,0,28,1,1,pre_allocation
28,4316,greenran_normal,0,0,65535_65535,0,5,75724,186,1,1,1,25,186,28,1,1,allocated
28,4316,greenran_normal,0,0,65535_65535,0,3,75723,179,1,1,0,24,0,28,1,1,pre_allocation
28,4316,greenran_normal,0,0,65535_65535,0,3,75723,186,1,1,1,25,186,28,1,1,allocated
28,4316,greenran_normal,0,0,65535_65535,0,1,75723,179,1,1,0,24,0,28,1,1,pre_allocation
28,4316,greenran_normal,0,0,65535_65535,0,1,75723,186,1,1,1,25,186,28,1,1,allocated
28,4316,greenran_normal,0,0,65535_65535,0,2,75723,179,1,1,0,24,0,28,1,1,pre_allocation
28,4316,greenran_normal,0,0,65535_65535,0,2,75723,186,1,1,1,25,186,28,1,1,allocated
28,4316,greenran_normal,0,0,65535_65535,0,4,76893,151,1,1,0,25,0,24,1,1,pre_allocation
28,4316,greenran_normal,0,0,65535_65535,0,4,76893,157,1,1,1,26,157,24,1,1,allocated
28,4316,greenran_normal,0,0,65535_65535,0,5,75724,186,1,1,0,25,0,28,1,1,pre_allocation
28,4316,greenran_normal,0,0,65535_65535,0,5,75724,194,1,1,1,26,194,28,1,1,allocated
28,4316,greenran_normal,0,0,65535_65535,0,3,75723,186,1,1,0,25,0,28,1,1,pre_allocation
28,4316,greenran_normal,0,0,65535_65535,0,3,75723,194,1,1,1,26,194,28,1,1,allocated
28,4316,greenran_normal,0,0,65535_65535,0,1,75723,186,1,1,0,25,0,28,1,1,pre_allocation
28,4316,greenran_normal,0,0,65535_65535,0,1,75723,194,1,1,1,26,194,28,1,1,allocated
28,4316,greenran_normal,0,0,65535_65535,0,2,75723,186,1,1,0,25,0,28,1,1,pre_allocation
28,4316,greenran_normal,0,0,65535_65535,0,2,75723,194,1,1,1,26,194,28,1,1,allocated
28,4316,greenran_normal,0,0,65535_65535,0,4,76893,157,1,1,0,26,0,24,1,1,pre_allocation
28,4316,greenran_normal,0,0,65535_65535,0,4,76893,164,1,1,1,27,164,24,1,1,allocated
28,4316,greenran_normal,0,0,65535_65535,0,5,75724,194,1,1,0,26,0,28,1,1,pre_allocation
28,4316,greenran_normal,0,0,65535_65535,0,5,75724,201,1,1,1,27,201,28,1,1,allocated
28,4316,greenran_normal,0,0,65535_65535,0,3,75723,194,1,1,0,26,0,28,1,1,pre_allocation
28,4316,greenran_normal,0,0,65535_65535,0,3,75723,201,1,1,1,27,201,28,1,1,allocated
28,4316,greenran_normal,0,0,65535_65535,0,1,75723,194,1,1,0,26,0,28,1,1,pre_allocation
28,4316,greenran_normal,0,0,65535_65535,0,1,75723,201,1,1,1,27,201,28,1,1,allocated
28,4316,greenran_normal,0,0,65535_65535,2,38,2437269,0,1,1,0,0,0,2,1,1,pre_allocation
28,4316,greenran_normal,0,0,65535_65535,2,38,2437269,0,1,1,1,1,0,2,1,1,allocated
28,4316,greenran_normal,0,0,65535_65535,2,60,2437039,0,1,1,0,0,0,12,1,1,pre_allocation
28,4316,greenran_normal,0,0,65535_65535,2,60,2437039,2,1,1,1,1,2,12,1,1,allocated
28,4316,greenran_normal,0,0,65535_65535,2,64,2436873,0,1,1,0,0,0,10,1,1,pre_allocation
28,4316,greenran_normal,0,0,65535_65535,2,64,2436873,1,1,1,1,1,1,10,1,1,allocated
28,4316,greenran_normal,0,0,65535_65535,2,43,2436627,0,1,1,0,0,0,20,1,1,pre_allocation
28,4316,greenran_normal,0,0,65535_65535,2,43,2436627,1,1,1,1,1,1,20,1,1,allocated
28,4316,greenran_normal,0,0,65535_65535,2,42,2436281,0,1,1,0,0,0,18,1,1,pre_allocation
28,4316,greenran_normal,0,0,65535_65535,2,42,2436281,0,1,1,1,1,0,18,1,1,allocated
28,4316,greenran_normal,0,0,65535_65535,2,59,2436114,0,1,1,0,0,0,28,1,1,pre_allocation
28,4316,greenran_normal,0,0,65535_65535,2,59,2436114,4,1,1,1,1,4,28,1,1,allocated
28,4316,greenran_normal,0,0,65535_65535,2,36,2436113,0,1,1,0,0,0,24,1,1,pre_allocation
28,4316,greenran_normal,0,0,65535_65535,2,36,2436113,3,1,1,1,1,3,24,1,1,allocated
28,4316,greenran_normal,0,0,65535_65535,2,58,2436131,0,1,1,0,0,0,26,1,1,pre_allocation
28,4316,greenran_normal,0,0,65535_65535,2,58,2436131,4,1,1,1,1,4,26,1,1,allocated
28,4316,greenran_normal,0,0,65535_65535,2,39,2436062,0,1,1,0,0,0,28,1,1,pre_allocation
28,4316,greenran_normal,0,0,65535_65535,2,39,2436062,4,1,1,1,1,4,28,1,1,allocated
28,4316,greenran_normal,0,0,65535_65535,2,55,2436057,0,1,1,0,0,0,28,1,1,pre_allocation
28,4316,greenran_normal,0,0,65535_65535,2,55,2436057,4,1,1,1,1,4,28,1,1,allocated
28,4316,greenran_normal,0,0,65535_65535,2,56,2436057,0,1,1,0,0,0,28,1,1,pre_allocation
28,4316,greenran_normal,0,0,65535_65535,2,56,2436057,4,1,1,1,1,4,28,1,1,allocated
28,4316,greenran_normal,0,0,65535_65535,2,57,2436057,0,1,1,0,0,0,28,1,1,pre_allocation
28,4316,greenran_normal,0,0,65535_65535,2,57,2436057,4,1,1,1,1,4,28,1,1,allocated
28,4316,greenran_normal,0,0,65535_65535,2,37,2436059,0,1,1,0,0,0,28,1,1,pre_allocation
28,4316,greenran_normal,0,0,65535_65535,2,37,2436059,4,1,1,1,1,4,28,1,1,allocated
28,4316,greenran_normal,0,0,65535_65535,2,41,2436059,0,1,1,0,0,0,28,1,1,pre_allocation
28,4316,greenran_normal,0,0,65535_65535,2,41,2436059,4,1,1,1,1,4,28,1,1,allocated
28,4316,greenran_normal,0,0,65535_65535,2,40,2436058,0,1,1,0,0,0,28,1,1,pre_allocation
28,4316,greenran_normal,0,0,65535_65535,2,40,2436058,4,1,1,1,1,4,28,1,1,allocated
28,4316,greenran_normal,0,0,65535_65535,2,63,2436054,0,1,1,0,0,0,28,1,1,pre_allocation
28,4316,greenran_normal,0,0,65535_65535,2,63,2436054,4,1,1,1,1,4,28,1,1,allocated
28,4316,greenran_normal,0,0,65535_65535,2,62,2436054,0,1,1,0,0,0,28,1,1,pre_allocation
28,4316,greenran_normal,0,0,65535_65535,2,62,2436054,4,1,1,1,1,4,28,1,1,allocated
28,4316,greenran_normal,0,0,65535_65535,2,61,2436054,0,1,1,0,0,0,28,1,1,pre_allocation
28,4316,greenran_normal,0,0,65535_65535,2,61,2436054,4,1,1,1,1,4,28,1,1,allocated
28,4316,greenran_normal,0,0,65535_65535,2,35,2436049,0,1,1,0,0,0,28,1,1,pre_allocation
28,4316,greenran_normal,0,0,65535_65535,2,35,2436049,4,1,1,1,1,4,28,1,1,allocated
28,4316,greenran_normal,0,0,65535_65535,2,44,2436049,0,1,1,0,0,0,28,1,1,pre_allocation
28,4316,greenran_normal,0,0,65535_65535,2,44,2436049,4,1,1,1,1,4,28,1,1,allocated
28,4316,greenran_normal,0,0,65535_65535,2,38,2437269,0,1,1,0,1,0,2,1,1,pre_allocation
28,4316,greenran_normal,0,0,65535_65535,2,38,2437269,0,1,1,1,2,0,2,1,1,allocated
28,4316,greenran_normal,0,0,65535_65535,2,60,2437039,2,1,1,0,1,0,12,1,1,pre_allocation
28,4316,greenran_normal,0,0,65535_65535,2,60,2437039,1,1,1,1,2,1,12,1,1,allocated
28,4316,greenran_normal,0,0,65535_65535,2,64,2436873,1,1,1,0,1,0,10,1,1,pre_allocation
28,4316,greenran_normal,0,0,65535_65535,2,64,2436873,0,1,1,1,2,0,10,1,1,allocated
28,4316,greenran_normal,0,0,65535_65535,2,43,2436627,1,1,1,0,1,0,20,1,1,pre_allocation
28,4316,greenran_normal,0,0,65535_65535,2,43,2436627,6,1,1,1,2,6,20,1,1,allocated
28,4316,greenran_normal,0,0,65535_65535,2,42,2436281,0,1,1,0,1,0,18,1,1,pre_allocation
28,4316,greenran_normal,0,0,65535_65535,2,42,2436281,4,1,1,1,2,4,18,1,1,allocated
28,4316,greenran_normal,0,0,65535_65535,2,59,2436114,4,1,1,0,1,0,28,1,1,pre_allocation
28,4316,greenran_normal,0,0,65535_65535,2,59,2436114,12,1,1,1,2,12,28,1,1,allocated
28,4316,greenran_normal,0,0,65535_65535,2,36,2436113,3,1,1,0,1,0,24,1,1,pre_allocation
28,4316,greenran_normal,0,0,65535_65535,2,36,2436113,9,1,1,1,2,9,24,1,1,allocated
28,4316,greenran_normal,0,0,65535_65535,2,58,2436131,4,1,1,0,1,0,26,1,1,pre_allocation
28,4316,greenran_normal,0,0,65535_65535,2,58,2436131,11,1,1,1,2,11,26,1,1,allocated
28,4316,greenran_normal,0,0,65535_65535,2,39,2436062,4,1,1,0,1,0,28,1,1,pre_allocation
28,4316,greenran_normal,0,0,65535_65535,2,39,2436062,12,1,1,1,2,12,28,1,1,allocated
28,4316,greenran_normal,0,0,65535_65535,2,55,2436057,4,1,1,0,1,0,28,1,1,pre_allocation
28,4316,greenran_normal,0,0,65535_65535,2,55,2436057,12,1,1,1,2,12,28,1,1,allocated
28,4316,greenran_normal,0,0,65535_65535,2,56,2436057,4,1,1,0,1,0,28,1,1,pre_allocation
28,4316,greenran_normal,0,0,65535_65535,2,56,2436057,12,1,1,1,2,12,28,1,1,allocated
28,4316,greenran_normal,0,0,65535_65535,2,57,2436057,4,1,1,0,1,0,28,1,1,pre_allocation
28,4316,greenran_normal,0,0,65535_65535,2,57,2436057,12,1,1,1,2,12,28,1,1,allocated
28,4316,greenran_normal,0,0,65535_65535,2,37,2436059,4,1,1,0,1,0,28,1,1,pre_allocation
28,4316,greenran_normal,0,0,65535_65535,2,37,2436059,12,1,1,1,2,12,28,1,1,allocated
28,4316,greenran_normal,0,0,65535_65535,2,41,2436059,4,1,1,0,1,0,28,1,1,pre_allocation
28,4316,greenran_normal,0,0,65535_65535,2,41,2436059,12,1,1,1,2,12,28,1,1,allocated
28,4316,greenran_normal,0,0,65535_65535,2,40,2436058,4,1,1,0,1,0,28,1,1,pre_allocation
28,4316,greenran_normal,0,0,65535_65535,2,40,2436058,12,1,1,1,2,12,28,1,1,allocated
28,4316,greenran_normal,0,0,65535_65535,2,63,2436054,4,1,1,0,1,0,28,1,1,pre_allocation
28,4316,greenran_normal,0,0,65535_65535,2,63,2436054,12,1,1,1,2,12,28,1,1,allocated
28,4316,greenran_normal,0,0,65535_65535,2,62,2436054,4,1,1,0,1,0,28,1,1,pre_allocation
28,4316,greenran_normal,0,0,65535_65535,2,62,2436054,12,1,1,1,2,12,28,1,1,allocated
28,4316,greenran_normal,0,0,65535_65535,2,61,2436054,4,1,1,0,1,0,28,1,1,pre_allocation
28,4316,greenran_normal,0,0,65535_65535,2,61,2436054,12,1,1,1,2,12,28,1,1,allocated
28,4316,greenran_normal,0,0,65535_65535,2,35,2436049,4,1,1,0,1,0,28,1,1,pre_allocation
28,4316,greenran_normal,0,0,65535_65535,2,35,2436049,12,1,1,1,2,12,28,1,1,allocated
28,4316,greenran_normal,0,0,65535_65535,2,44,2436049,4,1,1,0,1,0,28,1,1,pre_allocation
28,4316,greenran_normal,0,0,65535_65535,2,44,2436049,12,1,1,1,2,12,28,1,1,allocated
28,4316,greenran_normal,0,0,65535_65535,2,38,2437269,0,1,1,0,2,0,2,1,1,pre_allocation
28,4316,greenran_normal,0,0,65535_65535,2,38,2437269,0,1,1,1,3,0,2,1,1,allocated
28,4316,greenran_normal,0,0,65535_65535,2,60,2437039,1,1,1,0,2,0,12,1,1,pre_allocation
28,4316,greenran_normal,0,0,65535_65535,2,60,2437039,3,1,1,1,3,3,12,1,1,allocated
28,4316,greenran_normal,0,0,65535_65535,2,64,2436873,0,1,1,0,2,0,10,1,1,pre_allocation
28,4316,greenran_normal,0,0,65535_65535,2,64,2436873,1,1,1,1,3,1,10,1,1,allocated
28,4316,greenran_normal,0,0,65535_65535,2,43,2436627,6,1,1,0,2,0,20,1,1,pre_allocation
28,4316,greenran_normal,0,0,65535_65535,2,43,2436627,10,1,1,1,3,10,20,1,1,allocated
28,4316,greenran_normal,0,0,65535_65535,2,42,2436281,4,1,1,0,2,0,18,1,1,pre_allocation
28,4316,greenran_normal,0,0,65535_65535,2,42,2436281,8,1,1,1,3,8,18,1,1,allocated
28,4316,greenran_normal,0,0,65535_65535,2,59,2436114,12,1,1,0,2,0,28,1,1,pre_allocation
28,4316,greenran_normal,0,0,65535_65535,2,59,2436114,19,1,1,1,3,19,28,1,1,allocated
28,4316,greenran_normal,0,0,65535_65535,2,36,2436113,9,1,1,0,2,0,24,1,1,pre_allocation
28,4316,greenran_normal,0,0,65535_65535,2,36,2436113,15,1,1,1,3,15,24,1,1,allocated
28,4316,greenran_normal,0,0,65535_65535,2,58,2436131,11,1,1,0,2,0,26,1,1,pre_allocation
28,4316,greenran_normal,0,0,65535_65535,2,58,2436131,18,1,1,1,3,18,26,1,1,allocated
28,4316,greenran_normal,0,0,65535_65535,2,39,2436062,12,1,1,0,2,0,28,1,1,pre_allocation
28,4316,greenran_normal,0,0,65535_65535,2,39,2436062,19,1,1,1,3,19,28,1,1,allocated
28,4316,greenran_normal,0,0,65535_65535,2,55,2436057,12,1,1,0,2,0,28,1,1,pre_allocation
28,4316,greenran_normal,0,0,65535_65535,2,55,2436057,19,1,1,1,3,19,28,1,1,allocated
28,4316,greenran_normal,0,0,65535_65535,2,56,2436057,12,1,1,0,2,0,28,1,1,pre_allocation
28,4316,greenran_normal,0,0,65535_65535,2,56,2436057,19,1,1,1,3,19,28,1,1,allocated
28,4316,greenran_normal,0,0,65535_65535,2,57,2436057,12,1,1,0,2,0,28,1,1,pre_allocation
28,4316,greenran_normal,0,0,65535_65535,2,57,2436057,19,1,1,1,3,19,28,1,1,allocated
28,4316,greenran_normal,0,0,65535_65535,2,37,2436059,12,1,1,0,2,0,28,1,1,pre_allocation
28,4316,greenran_normal,0,0,65535_65535,2,37,2436059,19,1,1,1,3,19,28,1,1,allocated
28,4316,greenran_normal,0,0,65535_65535,2,41,2436059,12,1,1,0,2,0,28,1,1,pre_allocation
28,4316,greenran_normal,0,0,65535_65535,2,41,2436059,19,1,1,1,3,19,28,1,1,allocated
28,4316,greenran_normal,0,0,65535_65535,2,40,2436058,12,1,1,0,2,0,28,1,1,pre_allocation
28,4316,greenran_normal,0,0,65535_65535,2,40,2436058,19,1,1,1,3,19,28,1,1,allocated
28,4316,greenran_normal,0,0,65535_65535,2,63,2436054,12,1,1,0,2,0,28,1,1,pre_allocation
28,4316,greenran_normal,0,0,65535_65535,2,63,2436054,19,1,1,1,3,19,28,1,1,allocated
28,4316,greenran_normal,0,0,65535_65535,2,62,2436054,12,1,1,0,2,0,28,1,1,pre_allocation
28,4316,greenran_normal,0,0,65535_65535,2,62,2436054,19,1,1,1,3,19,28,1,1,allocated
28,4316,greenran_normal,0,0,65535_65535,2,61,2436054,12,1,1,0,2,0,28,1,1,pre_allocation
28,4316,greenran_normal,0,0,65535_65535,2,61,2436054,19,1,1,1,3,19,28,1,1,allocated
28,4316,greenran_normal,0,0,65535_65535,2,35,2436049,12,1,1,0,2,0,28,1,1,pre_allocation
28,4316,greenran_normal,0,0,65535_65535,2,35,2436049,19,1,1,1,3,19,28,1,1,allocated
28,4316,greenran_normal,0,0,65535_65535,2,44,2436049,12,1,1,0,2,0,28,1,1,pre_allocation
28,4316,greenran_normal,0,0,65535_65535,2,44,2436049,19,1,1,1,3,19,28,1,1,allocated
28,4316,greenran_normal,0,0,65535_65535,2,38,2437269,0,1,1,0,3,0,2,1,1,pre_allocation
28,4316,greenran_normal,0,0,65535_65535,2,38,2437269,1,1,1,1,4,1,2,1,1,allocated
28,4316,greenran_normal,0,0,65535_65535,2,60,2437039,3,1,1,0,3,0,12,1,1,pre_allocation
28,4316,greenran_normal,0,0,65535_65535,2,60,2437039,5,1,1,1,4,5,12,1,1,allocated
28,4316,greenran_normal,0,0,65535_65535,2,64,2436873,1,1,1,0,3,0,10,1,1,pre_allocation
28,4316,greenran_normal,0,0,65535_65535,2,64,2436873,3,1,1,1,4,3,10,1,1,allocated
28,4316,greenran_normal,0,0,65535_65535,2,43,2436627,10,1,1,0,3,0,20,1,1,pre_allocation
28,4316,greenran_normal,0,0,65535_65535,2,43,2436627,15,1,1,1,4,15,20,1,1,allocated
28,4316,greenran_normal,0,0,65535_65535,2,42,2436281,8,1,1,0,3,0,18,1,1,pre_allocation
28,4316,greenran_normal,0,0,65535_65535,2,42,2436281,11,1,1,1,4,11,18,1,1,allocated
28,4316,greenran_normal,0,0,65535_65535,2,59,2436114,19,1,1,0,3,0,28,1,1,pre_allocation
28,4316,greenran_normal,0,0,65535_65535,2,59,2436114,27,1,1,1,4,27,28,1,1,allocated
28,4316,greenran_normal,0,0,65535_65535,2,36,2436113,15,1,1,0,3,0,24,1,1,pre_allocation
28,4316,greenran_normal,0,0,65535_65535,2,36,2436113,21,1,1,1,4,21,24,1,1,allocated
28,4316,greenran_normal,0,0,65535_65535,2,58,2436131,18,1,1,0,3,0,26,1,1,pre_allocation
28,4316,greenran_normal,0,0,65535_65535,2,58,2436131,25,1,1,1,4,25,26,1,1,allocated
28,4316,greenran_normal,0,0,65535_65535,2,39,2436062,19,1,1,0,3,0,28,1,1,pre_allocation
28,4316,greenran_normal,0,0,65535_65535,2,39,2436062,27,1,1,1,4,27,28,1,1,allocated
28,4316,greenran_normal,0,0,65535_65535,2,55,2436057,19,1,1,0,3,0,28,1,1,pre_allocation
28,4316,greenran_normal,0,0,65535_65535,2,55,2436057,27,1,1,1,4,27,28,1,1,allocated
28,4316,greenran_normal,0,0,65535_65535,2,56,2436057,19,1,1,0,3,0,28,1,1,pre_allocation
28,4316,greenran_normal,0,0,65535_65535,2,56,2436057,27,1,1,1,4,27,28,1,1,allocated
28,4316,greenran_normal,0,0,65535_65535,2,57,2436057,19,1,1,0,3,0,28,1,1,pre_allocation
28,4316,greenran_normal,0,0,65535_65535,2,57,2436057,27,1,1,1,4,27,28,1,1,allocated
28,4316,greenran_normal,0,0,65535_65535,2,37,2436059,19,1,1,0,3,0,28,1,1,pre_allocation
28,4316,greenran_normal,0,0,65535_65535,2,37,2436059,27,1,1,1,4,27,28,1,1,allocated
28,4316,greenran_normal,0,0,65535_65535,2,41,2436059,19,1,1,0,3,0,28,1,1,pre_allocation
28,4316,greenran_normal,0,0,65535_65535,2,41,2436059,27,1,1,1,4,27,28,1,1,allocated
28,4316,greenran_normal,0,0,65535_65535,2,40,2436058,19,1,1,0,3,0,28,1,1,pre_allocation
28,4316,greenran_normal,0,0,65535_65535,2,40,2436058,27,1,1,1,4,27,28,1,1,allocated
28,4316,greenran_normal,0,0,65535_65535,2,63,2436054,19,1,1,0,3,0,28,1,1,pre_allocation
28,4316,greenran_normal,0,0,65535_65535,2,63,2436054,27,1,1,1,4,27,28,1,1,allocated
28,4316,greenran_normal,0,0,65535_65535,2,62,2436054,19,1,1,0,3,0,28,1,1,pre_allocation
28,4316,greenran_normal,0,0,65535_65535,2,62,2436054,27,1,1,1,4,27,28,1,1,allocated
28,4316,greenran_normal,0,0,65535_65535,2,61,2436054,19,1,1,0,3,0,28,1,1,pre_allocation
28,4316,greenran_normal,0,0,65535_65535,2,61,2436054,27,1,1,1,4,27,28,1,1,allocated
28,4316,greenran_normal,0,0,65535_65535,2,35,2436049,19,1,1,0,3,0,28,1,1,pre_allocation
28,4316,greenran_normal,0,0,65535_65535,2,35,2436049,27,1,1,1,4,27,28,1,1,allocated
28,4316,greenran_normal,0,0,65535_65535,2,44,2436049,19,1,1,0,3,0,28,1,1,pre_allocation
28,4316,greenran_normal,0,0,65535_65535,2,44,2436049,27,1,1,1,4,27,28,1,1,allocated
28,4316,greenran_normal,0,0,65535_65535,2,38,2437269,1,1,1,0,4,0,2,1,1,pre_allocation
28,4316,greenran_normal,0,0,65535_65535,2,38,2437269,1,1,1,1,5,1,2,1,1,allocated
28,4316,greenran_normal,0,0,65535_65535,2,60,2437039,5,1,1,0,4,0,12,1,1,pre_allocation
28,4316,greenran_normal,0,0,65535_65535,2,60,2437039,7,1,1,1,5,7,12,1,1,allocated
28,4316,greenran_normal,0,0,65535_65535,2,64,2436873,3,1,1,0,4,0,10,1,1,pre_allocation
28,4316,greenran_normal,0,0,65535_65535,2,64,2436873,5,1,1,1,5,5,10,1,1,allocated
28,4316,greenran_normal,0,0,65535_65535,2,43,2436627,15,1,1,0,4,0,20,1,1,pre_allocation
28,4316,greenran_normal,0,0,65535_65535,2,43,2436627,19,1,1,1,5,19,20,1,1,allocated
28,4316,greenran_normal,0,0,65535_65535,2,42,2436281,11,1,1,0,4,0,18,1,1,pre_allocation
28,4316,greenran_normal,0,0,65535_65535,2,42,2436281,15,1,1,1,5,15,18,1,1,allocated
28,4316,greenran_normal,0,0,65535_65535,2,59,2436114,27,1,1,0,4,0,28,1,1,pre_allocation
28,4316,greenran_normal,0,0,65535_65535,2,59,2436114,34,1,1,1,5,34,28,1,1,allocated
28,4316,greenran_normal,0,0,65535_65535,2,36,2436113,21,1,1,0,4,0,24,1,1,pre_allocation
28,4316,greenran_normal,0,0,65535_65535,2,36,2436113,27,1,1,1,5,27,24,1,1,allocated
28,4316,greenran_normal,0,0,65535_65535,2,58,2436131,25,1,1,0,4,0,26,1,1,pre_allocation
28,4316,greenran_normal,0,0,65535_65535,2,58,2436131,32,1,1,1,5,32,26,1,1,allocated
28,4316,greenran_normal,0,0,65535_65535,2,39,2436062,27,1,1,0,4,0,28,1,1,pre_allocation
28,4316,greenran_normal,0,0,65535_65535,2,39,2436062,34,1,1,1,5,34,28,1,1,allocated
28,4316,greenran_normal,0,0,65535_65535,2,55,2436057,27,1,1,0,4,0,28,1,1,pre_allocation
28,4316,greenran_normal,0,0,65535_65535,2,55,2436057,34,1,1,1,5,34,28,1,1,allocated
28,4316,greenran_normal,0,0,65535_65535,2,56,2436057,27,1,1,0,4,0,28,1,1,pre_allocation
28,4316,greenran_normal,0,0,65535_65535,2,56,2436057,34,1,1,1,5,34,28,1,1,allocated
28,4316,greenran_normal,0,0,65535_65535,2,57,2436057,27,1,1,0,4,0,28,1,1,pre_allocation
28,4316,greenran_normal,0,0,65535_65535,2,57,2436057,34,1,1,1,5,34,28,1,1,allocated
28,4316,greenran_normal,0,0,65535_65535,2,37,2436059,27,1,1,0,4,0,28,1,1,pre_allocation
28,4316,greenran_normal,0,0,65535_65535,2,37,2436059,34,1,1,1,5,34,28,1,1,allocated
28,4316,greenran_normal,0,0,65535_65535,2,41,2436059,27,1,1,0,4,0,28,1,1,pre_allocation
28,4316,greenran_normal,0,0,65535_65535,2,41,2436059,34,1,1,1,5,34,28,1,1,allocated
28,4316,greenran_normal,0,0,65535_65535,2,40,2436058,27,1,1,0,4,0,28,1,1,pre_allocation
28,4316,greenran_normal,0,0,65535_65535,2,40,2436058,34,1,1,1,5,34,28,1,1,allocated
28,4316,greenran_normal,0,0,65535_65535,2,63,2436054,27,1,1,0,4,0,28,1,1,pre_allocation
28,4316,greenran_normal,0,0,65535_65535,2,63,2436054,34,1,1,1,5,34,28,1,1,allocated
28,4316,greenran_normal,0,0,65535_65535,2,62,2436054,27,1,1,0,4,0,28,1,1,pre_allocation
28,4316,greenran_normal,0,0,65535_65535,2,62,2436054,34,1,1,1,5,34,28,1,1,allocated
28,4316,greenran_normal,0,0,65535_65535,2,61,2436054,27,1,1,0,4,0,28,1,1,pre_allocation
28,4316,greenran_normal,0,0,65535_65535,2,61,2436054,34,1,1,1,5,34,28,1,1,allocated
28,4316,greenran_normal,0,0,65535_65535,2,35,2436049,27,1,1,0,4,0,28,1,1,pre_allocation
28,4316,greenran_normal,0,0,65535_65535,2,35,2436049,34,1,1,1,5,34,28,1,1,allocated
28,4316,greenran_normal,0,0,65535_65535,2,44,2436049,27,1,1,0,4,0,28,1,1,pre_allocation
28,4316,greenran_normal,0,0,65535_65535,2,44,2436049,34,1,1,1,5,34,28,1,1,allocated
28,4316,greenran_normal,0,0,65535_65535,2,38,2437269,1,1,1,0,5,0,2,1,1,pre_allocation
28,4316,greenran_normal,0,0,65535_65535,2,38,2437269,1,1,1,1,6,1,2,1,1,allocated
28,4316,greenran_normal,0,0,65535_65535,2,60,2437039,7,1,1,0,5,0,12,1,1,pre_allocation
28,4316,greenran_normal,0,0,65535_65535,2,60,2437039,9,1,1,1,6,9,12,1,1,allocated
28,4316,greenran_normal,0,0,65535_65535,2,64,2436873,5,1,1,0,5,0,10,1,1,pre_allocation
28,4316,greenran_normal,0,0,65535_65535,2,64,2436873,6,1,1,1,6,6,10,1,1,allocated
28,4316,greenran_normal,0,0,65535_65535,2,43,2436627,19,1,1,0,5,0,20,1,1,pre_allocation
28,4316,greenran_normal,0,0,65535_65535,2,43,2436627,24,1,1,1,6,24,20,1,1,allocated
28,4316,greenran_normal,0,0,65535_65535,2,42,2436281,15,1,1,0,5,0,18,1,1,pre_allocation
28,4316,greenran_normal,0,0,65535_65535,2,42,2436281,19,1,1,1,6,19,18,1,1,allocated
28,4316,greenran_normal,0,0,65535_65535,2,59,2436114,34,1,1,0,5,0,28,1,1,pre_allocation
28,4316,greenran_normal,0,0,65535_65535,2,59,2436114,42,1,1,1,6,42,28,1,1,allocated
28,4316,greenran_normal,0,0,65535_65535,2,36,2436113,27,1,1,0,5,0,24,1,1,pre_allocation
28,4316,greenran_normal,0,0,65535_65535,2,36,2436113,34,1,1,1,6,34,24,1,1,allocated
28,4316,greenran_normal,0,0,65535_65535,2,58,2436131,32,1,1,0,5,0,26,1,1,pre_allocation
28,4316,greenran_normal,0,0,65535_65535,2,58,2436131,39,1,1,1,6,39,26,1,1,allocated
28,4316,greenran_normal,0,0,65535_65535,2,39,2436062,34,1,1,0,5,0,28,1,1,pre_allocation
28,4316,greenran_normal,0,0,65535_65535,2,39,2436062,42,1,1,1,6,42,28,1,1,allocated
28,4316,greenran_normal,0,0,65535_65535,2,55,2436057,34,1,1,0,5,0,28,1,1,pre_allocation
28,4316,greenran_normal,0,0,65535_65535,2,55,2436057,42,1,1,1,6,42,28,1,1,allocated
28,4316,greenran_normal,0,0,65535_65535,2,56,2436057,34,1,1,0,5,0,28,1,1,pre_allocation
28,4316,greenran_normal,0,0,65535_65535,2,56,2436057,42,1,1,1,6,42,28,1,1,allocated
28,4316,greenran_normal,0,0,65535_65535,2,57,2436057,34,1,1,0,5,0,28,1,1,pre_allocation
28,4316,greenran_normal,0,0,65535_65535,2,57,2436057,42,1,1,1,6,42,28,1,1,allocated
28,4316,greenran_normal,0,0,65535_65535,2,37,2436059,34,1,1,0,5,0,28,1,1,pre_allocation
28,4316,greenran_normal,0,0,65535_65535,2,37,2436059,42,1,1,1,6,42,28,1,1,allocated
28,4316,greenran_normal,0,0,65535_65535,2,41,2436059,34,1,1,0,5,0,28,1,1,pre_allocation
28,4316,greenran_normal,0,0,65535_65535,2,41,2436059,42,1,1,1,6,42,28,1,1,allocated
28,4316,greenran_normal,0,0,65535_65535,2,40,2436058,34,1,1,0,5,0,28,1,1,pre_allocation
28,4316,greenran_normal,0,0,65535_65535,2,40,2436058,42,1,1,1,6,42,28,1,1,allocated
28,4316,greenran_normal,0,0,65535_65535,2,63,2436054,34,1,1,0,5,0,28,1,1,pre_allocation
28,4316,greenran_normal,0,0,65535_65535,2,63,2436054,42,1,1,1,6,42,28,1,1,allocated
28,4316,greenran_normal,0,0,65535_65535,2,62,2436054,34,1,1,0,5,0,28,1,1,pre_allocation
28,4316,greenran_normal,0,0,65535_65535,2,62,2436054,42,1,1,1,6,42,28,1,1,allocated
28,4316,greenran_normal,0,0,65535_65535,2,61,2436054,34,1,1,0,5,0,28,1,1,pre_allocation
28,4316,greenran_normal,0,0,65535_65535,2,61,2436054,42,1,1,1,6,42,28,1,1,allocated
28,4316,greenran_normal,0,0,65535_65535,2,35,2436049,34,1,1,0,5,0,28,1,1,pre_allocation
28,4316,greenran_normal,0,0,65535_65535,2,35,2436049,42,1,1,1,6,42,28,1,1,allocated
28,4316,greenran_normal,0,0,65535_65535,2,44,2436049,34,1,1,0,5,0,28,1,1,pre_allocation
28,4316,greenran_normal,0,0,65535_65535,2,44,2436049,42,1,1,1,6,42,28,1,1,allocated
28,4316,greenran_normal,0,0,65535_65535,2,38,2437269,1,1,1,0,6,0,2,1,1,pre_allocation
28,4316,greenran_normal,0,0,65535_65535,2,38,2437269,2,1,1,1,7,2,2,1,1,allocated
28,4316,greenran_normal,0,0,65535_65535,2,60,2437039,9,1,1,0,6,0,12,1,1,pre_allocation
28,4316,greenran_normal,0,0,65535_65535,2,60,2437039,11,1,1,1,7,11,12,1,1,allocated
28,4316,greenran_normal,0,0,65535_65535,2,64,2436873,6,1,1,0,6,0,10,1,1,pre_allocation
28,4316,greenran_normal,0,0,65535_65535,2,64,2436873,8,1,1,1,7,8,10,1,1,allocated
28,4316,greenran_normal,0,0,65535_65535,2,43,2436627,24,1,1,0,6,0,20,1,1,pre_allocation
28,4316,greenran_normal,0,0,65535_65535,2,43,2436627,28,1,1,1,7,28,20,1,1,allocated
28,4316,greenran_normal,0,0,65535_65535,2,42,2436281,19,1,1,0,6,0,18,1,1,pre_allocation
28,4316,greenran_normal,0,0,65535_65535,2,42,2436281,22,1,1,1,7,22,18,1,1,allocated
28,4316,greenran_normal,0,0,65535_65535,2,59,2436114,42,1,1,0,6,0,28,1,1,pre_allocation
28,4316,greenran_normal,0,0,65535_65535,2,59,2436114,50,1,1,1,7,50,28,1,1,allocated
28,4316,greenran_normal,0,0,65535_65535,2,36,2436113,34,1,1,0,6,0,24,1,1,pre_allocation
28,4316,greenran_normal,0,0,65535_65535,2,36,2436113,40,1,1,1,7,40,24,1,1,allocated
28,4316,greenran_normal,0,0,65535_65535,2,58,2436131,39,1,1,0,6,0,26,1,1,pre_allocation
28,4316,greenran_normal,0,0,65535_65535,2,58,2436131,46,1,1,1,7,46,26,1,1,allocated
28,4316,greenran_normal,0,0,65535_65535,2,39,2436062,42,1,1,0,6,0,28,1,1,pre_allocation
28,4316,greenran_normal,0,0,65535_65535,2,39,2436062,50,1,1,1,7,50,28,1,1,allocated
28,4316,greenran_normal,0,0,65535_65535,2,55,2436057,42,1,1,0,6,0,28,1,1,pre_allocation
28,4316,greenran_normal,0,0,65535_65535,2,55,2436057,50,1,1,1,7,50,28,1,1,allocated
28,4316,greenran_normal,0,0,65535_65535,2,56,2436057,42,1,1,0,6,0,28,1,1,pre_allocation
28,4316,greenran_normal,0,0,65535_65535,2,56,2436057,50,1,1,1,7,50,28,1,1,allocated
28,4316,greenran_normal,0,0,65535_65535,2,57,2436057,42,1,1,0,6,0,28,1,1,pre_allocation
28,4316,greenran_normal,0,0,65535_65535,2,57,2436057,50,1,1,1,7,50,28,1,1,allocated
32,4727,greenran_normal,0,0,65535_65535,0,4,84968,0,1,1,0,0,0,24,1,1,pre_allocation
32,4727,greenran_normal,0,0,65535_65535,0,4,84968,3,1,1,1,1,3,24,1,1,allocated
32,4727,greenran_normal,0,0,65535_65535,0,5,83657,0,1,1,0,0,0,28,1,1,pre_allocation
32,4727,greenran_normal,0,0,65535_65535,0,5,83657,4,1,1,1,1,4,28,1,1,allocated
32,4727,greenran_normal,0,0,65535_65535,0,3,83656,0,1,1,0,0,0,28,1,1,pre_allocation
32,4727,greenran_normal,0,0,65535_65535,0,3,83656,4,1,1,1,1,4,28,1,1,allocated
32,4727,greenran_normal,0,0,65535_65535,0,1,83656,0,1,1,0,0,0,28,1,1,pre_allocation
32,4727,greenran_normal,0,0,65535_65535,0,1,83656,4,1,1,1,1,4,28,1,1,allocated
32,4727,greenran_normal,0,0,65535_65535,0,2,83656,0,1,1,0,0,0,28,1,1,pre_allocation
32,4727,greenran_normal,0,0,65535_65535,0,2,83656,4,1,1,1,1,4,28,1,1,allocated
32,4727,greenran_normal,0,0,65535_65535,0,4,84968,3,1,1,0,1,0,24,1,1,pre_allocation
32,4727,greenran_normal,0,0,65535_65535,0,4,84968,9,1,1,1,2,9,24,1,1,allocated
32,4727,greenran_normal,0,0,65535_65535,0,5,83657,4,1,1,0,1,0,28,1,1,pre_allocation
32,4727,greenran_normal,0,0,65535_65535,0,5,83657,12,1,1,1,2,12,28,1,1,allocated
32,4727,greenran_normal,0,0,65535_65535,0,3,83656,4,1,1,0,1,0,28,1,1,pre_allocation
32,4727,greenran_normal,0,0,65535_65535,0,3,83656,12,1,1,1,2,12,28,1,1,allocated
32,4727,greenran_normal,0,0,65535_65535,0,1,83656,4,1,1,0,1,0,28,1,1,pre_allocation
32,4727,greenran_normal,0,0,65535_65535,0,1,83656,12,1,1,1,2,12,28,1,1,allocated
32,4727,greenran_normal,0,0,65535_65535,0,2,83656,4,1,1,0,1,0,28,1,1,pre_allocation
32,4727,greenran_normal,0,0,65535_65535,0,2,83656,12,1,1,1,2,12,28,1,1,allocated
32,4727,greenran_normal,0,0,65535_65535,0,4,84968,9,1,1,0,2,0,24,1,1,pre_allocation
32,4727,greenran_normal,0,0,65535_65535,0,4,84968,15,1,1,1,3,15,24,1,1,allocated
32,4727,greenran_normal,0,0,65535_65535,0,5,83657,12,1,1,0,2,0,28,1,1,pre_allocation
32,4727,greenran_normal,0,0,65535_65535,0,5,83657,19,1,1,1,3,19,28,1,1,allocated
32,4727,greenran_normal,0,0,65535_65535,0,3,83656,12,1,1,0,2,0,28,1,1,pre_allocation
32,4727,greenran_normal,0,0,65535_65535,0,3,83656,19,1,1,1,3,19,28,1,1,allocated
32,4727,greenran_normal,0,0,65535_65535,0,1,83656,12,1,1,0,2,0,28,1,1,pre_allocation
32,4727,greenran_normal,0,0,65535_65535,0,1,83656,19,1,1,1,3,19,28,1,1,allocated
32,4727,greenran_normal,0,0,65535_65535,0,2,83656,12,1,1,0,2,0,28,1,1,pre_allocation
32,4727,greenran_normal,0,0,65535_65535,0,2,83656,19,1,1,1,3,19,28,1,1,allocated
32,4727,greenran_normal,0,0,65535_65535,0,4,84968,15,1,1,0,3,0,24,1,1,pre_allocation
32,4727,greenran_normal,0,0,65535_65535,0,4,84968,21,1,1,1,4,21,24,1,1,allocated
32,4727,greenran_normal,0,0,65535_65535,0,5,83657,19,1,1,0,3,0,28,1,1,pre_allocation
32,4727,greenran_normal,0,0,65535_65535,0,5,83657,27,1,1,1,4,27,28,1,1,allocated
32,4727,greenran_normal,0,0,65535_65535,0,3,83656,19,1,1,0,3,0,28,1,1,pre_allocation
32,4727,greenran_normal,0,0,65535_65535,0,3,83656,27,1,1,1,4,27,28,1,1,allocated
32,4727,greenran_normal,0,0,65535_65535,0,1,83656,19,1,1,0,3,0,28,1,1,pre_allocation
32,4727,greenran_normal,0,0,65535_65535,0,1,83656,27,1,1,1,4,27,28,1,1,allocated
32,4727,greenran_normal,0,0,65535_65535,0,2,83656,19,1,1,0,3,0,28,1,1,pre_allocation
32,4727,greenran_normal,0,0,65535_65535,0,2,83656,27,1,1,1,4,27,28,1,1,allocated
32,4727,greenran_normal,0,0,65535_65535,0,4,84968,21,1,1,0,4,0,24,1,1,pre_allocation
32,4727,greenran_normal,0,0,65535_65535,0,4,84968,27,1,1,1,5,27,24,1,1,allocated
32,4727,greenran_normal,0,0,65535_65535,0,5,83657,27,1,1,0,4,0,28,1,1,pre_allocation
32,4727,greenran_normal,0,0,65535_65535,0,5,83657,34,1,1,1,5,34,28,1,1,allocated
32,4727,greenran_normal,0,0,65535_65535,0,3,83656,27,1,1,0,4,0,28,1,1,pre_allocation
32,4727,greenran_normal,0,0,65535_65535,0,3,83656,34,1,1,1,5,34,28,1,1,allocated
32,4727,greenran_normal,0,0,65535_65535,0,1,83656,27,1,1,0,4,0,28,1,1,pre_allocation
32,4727,greenran_normal,0,0,65535_65535,0,1,83656,34,1,1,1,5,34,28,1,1,allocated
32,4727,greenran_normal,0,0,65535_65535,0,2,83656,27,1,1,0,4,0,28,1,1,pre_allocation
32,4727,greenran_normal,0,0,65535_65535,0,2,83656,34,1,1,1,5,34,28,1,1,allocated
32,4727,greenran_normal,0,0,65535_65535,0,4,84968,27,1,1,0,5,0,24,1,1,pre_allocation
32,4727,greenran_normal,0,0,65535_65535,0,4,84968,34,1,1,1,6,34,24,1,1,allocated
32,4727,greenran_normal,0,0,65535_65535,0,5,83657,34,1,1,0,5,0,28,1,1,pre_allocation
32,4727,greenran_normal,0,0,65535_65535,0,5,83657,42,1,1,1,6,42,28,1,1,allocated
32,4727,greenran_normal,0,0,65535_65535,0,3,83656,34,1,1,0,5,0,28,1,1,pre_allocation
32,4727,greenran_normal,0,0,65535_65535,0,3,83656,42,1,1,1,6,42,28,1,1,allocated
32,4727,greenran_normal,0,0,65535_65535,0,1,83656,34,1,1,0,5,0,28,1,1,pre_allocation
32,4727,greenran_normal,0,0,65535_65535,0,1,83656,42,1,1,1,6,42,28,1,1,allocated
32,4727,greenran_normal,0,0,65535_65535,0,2,83656,34,1,1,0,5,0,28,1,1,pre_allocation
32,4727,greenran_normal,0,0,65535_65535,0,2,83656,42,1,1,1,6,42,28,1,1,allocated
32,4727,greenran_normal,0,0,65535_65535,0,4,84968,34,1,1,0,6,0,24,1,1,pre_allocation
32,4727,greenran_normal,0,0,65535_65535,0,4,84968,40,1,1,1,7,40,24,1,1,allocated
32,4727,greenran_normal,0,0,65535_65535,0,5,83657,42,1,1,0,6,0,28,1,1,pre_allocation
32,4727,greenran_normal,0,0,65535_65535,0,5,83657,50,1,1,1,7,50,28,1,1,allocated
32,4727,greenran_normal,0,0,65535_65535,0,3,83656,42,1,1,0,6,0,28,1,1,pre_allocation
32,4727,greenran_normal,0,0,65535_65535,0,3,83656,50,1,1,1,7,50,28,1,1,allocated
32,4727,greenran_normal,0,0,65535_65535,0,1,83656,42,1,1,0,6,0,28,1,1,pre_allocation
32,4727,greenran_normal,0,0,65535_65535,0,1,83656,50,1,1,1,7,50,28,1,1,allocated
32,4727,greenran_normal,0,0,65535_65535,0,2,83656,42,1,1,0,6,0,28,1,1,pre_allocation
32,4727,greenran_normal,0,0,65535_65535,0,2,83656,50,1,1,1,7,50,28,1,1,allocated
32,4727,greenran_normal,0,0,65535_65535,0,4,84968,40,1,1,0,7,0,24,1,1,pre_allocation
32,4727,greenran_normal,0,0,65535_65535,0,4,84968,46,1,1,1,8,46,24,1,1,allocated
32,4727,greenran_normal,0,0,65535_65535,0,5,83657,50,1,1,0,7,0,28,1,1,pre_allocation
32,4727,greenran_normal,0,0,65535_65535,0,5,83657,57,1,1,1,8,57,28,1,1,allocated
32,4727,greenran_normal,0,0,65535_65535,0,3,83656,50,1,1,0,7,0,28,1,1,pre_allocation
32,4727,greenran_normal,0,0,65535_65535,0,3,83656,57,1,1,1,8,57,28,1,1,allocated
32,4727,greenran_normal,0,0,65535_65535,0,1,83656,50,1,1,0,7,0,28,1,1,pre_allocation
32,4727,greenran_normal,0,0,65535_65535,0,1,83656,57,1,1,1,8,57,28,1,1,allocated
32,4727,greenran_normal,0,0,65535_65535,0,2,83656,50,1,1,0,7,0,28,1,1,pre_allocation
32,4727,greenran_normal,0,0,65535_65535,0,2,83656,57,1,1,1,8,57,28,1,1,allocated
32,4727,greenran_normal,0,0,65535_65535,0,4,84968,46,1,1,0,8,0,24,1,1,pre_allocation
32,4727,greenran_normal,0,0,65535_65535,0,4,84968,52,1,1,1,9,52,24,1,1,allocated
32,4727,greenran_normal,0,0,65535_65535,0,5,83657,57,1,1,0,8,0,28,1,1,pre_allocation
32,4727,greenran_normal,0,0,65535_65535,0,5,83657,65,1,1,1,9,65,28,1,1,allocated
32,4727,greenran_normal,0,0,65535_65535,0,3,83656,57,1,1,0,8,0,28,1,1,pre_allocation
32,4727,greenran_normal,0,0,65535_65535,0,3,83656,65,1,1,1,9,65,28,1,1,allocated
32,4727,greenran_normal,0,0,65535_65535,0,1,83656,57,1,1,0,8,0,28,1,1,pre_allocation
32,4727,greenran_normal,0,0,65535_65535,0,1,83656,65,1,1,1,9,65,28,1,1,allocated
32,4727,greenran_normal,0,0,65535_65535,0,2,83656,57,1,1,0,8,0,28,1,1,pre_allocation
32,4727,greenran_normal,0,0,65535_65535,0,2,83656,65,1,1,1,9,65,28,1,1,allocated
32,4727,greenran_normal,0,0,65535_65535,0,4,84968,52,1,1,0,9,0,24,1,1,pre_allocation
32,4727,greenran_normal,0,0,65535_65535,0,4,84968,58,1,1,1,10,58,24,1,1,allocated
32,4727,greenran_normal,0,0,65535_65535,0,5,83657,65,1,1,0,9,0,28,1,1,pre_allocation
32,4727,greenran_normal,0,0,65535_65535,0,5,83657,72,1,1,1,10,72,28,1,1,allocated
32,4727,greenran_normal,0,0,65535_65535,0,3,83656,65,1,1,0,9,0,28,1,1,pre_allocation
32,4727,greenran_normal,0,0,65535_65535,0,3,83656,72,1,1,1,10,72,28,1,1,allocated
32,4727,greenran_normal,0,0,65535_65535,0,1,83656,65,1,1,0,9,0,28,1,1,pre_allocation
32,4727,greenran_normal,0,0,65535_65535,0,1,83656,72,1,1,1,10,72,28,1,1,allocated
32,4727,greenran_normal,0,0,65535_65535,0,2,83656,65,1,1,0,9,0,28,1,1,pre_allocation
32,4727,greenran_normal,0,0,65535_65535,0,2,83656,72,1,1,1,10,72,28,1,1,allocated
32,4727,greenran_normal,0,0,65535_65535,0,4,84968,58,1,1,0,10,0,24,1,1,pre_allocation
32,4727,greenran_normal,0,0,65535_65535,0,4,84968,65,1,1,1,11,65,24,1,1,allocated
32,4727,greenran_normal,0,0,65535_65535,0,5,83657,72,1,1,0,10,0,28,1,1,pre_allocation
32,4727,greenran_normal,0,0,65535_65535,0,5,83657,80,1,1,1,11,80,28,1,1,allocated
32,4727,greenran_normal,0,0,65535_65535,0,3,83656,72,1,1,0,10,0,28,1,1,pre_allocation
32,4727,greenran_normal,0,0,65535_65535,0,3,83656,80,1,1,1,11,80,28,1,1,allocated
32,4727,greenran_normal,0,0,65535_65535,0,1,83656,72,1,1,0,10,0,28,1,1,pre_allocation
32,4727,greenran_normal,0,0,65535_65535,0,1,83656,80,1,1,1,11,80,28,1,1,allocated
32,4727,greenran_normal,0,0,65535_65535,0,2,83656,72,1,1,0,10,0,28,1,1,pre_allocation
32,4727,greenran_normal,0,0,65535_65535,0,2,83656,80,1,1,1,11,80,28,1,1,allocated
32,4727,greenran_normal,0,0,65535_65535,0,4,84968,65,1,1,0,11,0,24,1,1,pre_allocation
32,4727,greenran_normal,0,0,65535_65535,0,4,84968,71,1,1,1,12,71,24,1,1,allocated
32,4727,greenran_normal,0,0,65535_65535,0,5,83657,80,1,1,0,11,0,28,1,1,pre_allocation
32,4727,greenran_normal,0,0,65535_65535,0,5,83657,88,1,1,1,12,88,28,1,1,allocated
32,4727,greenran_normal,0,0,65535_65535,0,3,83656,80,1,1,0,11,0,28,1,1,pre_allocation
32,4727,greenran_normal,0,0,65535_65535,0,3,83656,88,1,1,1,12,88,28,1,1,allocated
32,4727,greenran_normal,0,0,65535_65535,0,1,83656,80,1,1,0,11,0,28,1,1,pre_allocation
32,4727,greenran_normal,0,0,65535_65535,0,1,83656,88,1,1,1,12,88,28,1,1,allocated
32,4727,greenran_normal,0,0,65535_65535,0,2,83656,80,1,1,0,11,0,28,1,1,pre_allocation
32,4727,greenran_normal,0,0,65535_65535,0,2,83656,88,1,1,1,12,88,28,1,1,allocated
32,4727,greenran_normal,0,0,65535_65535,0,4,84968,71,1,1,0,12,0,24,1,1,pre_allocation
32,4727,greenran_normal,0,0,65535_65535,0,4,84968,77,1,1,1,13,77,24,1,1,allocated
32,4727,greenran_normal,0,0,65535_65535,0,5,83657,88,1,1,0,12,0,28,1,1,pre_allocation
32,4727,greenran_normal,0,0,65535_65535,0,5,83657,95,1,1,1,13,95,28,1,1,allocated
32,4727,greenran_normal,0,0,65535_65535,0,3,83656,88,1,1,0,12,0,28,1,1,pre_allocation
32,4727,greenran_normal,0,0,65535_65535,0,3,83656,95,1,1,1,13,95,28,1,1,allocated
32,4727,greenran_normal,0,0,65535_65535,0,1,83656,88,1,1,0,12,0,28,1,1,pre_allocation
32,4727,greenran_normal,0,0,65535_65535,0,1,83656,95,1,1,1,13,95,28,1,1,allocated
32,4727,greenran_normal,0,0,65535_65535,0,2,83656,88,1,1,0,12,0,28,1,1,pre_allocation
32,4727,greenran_normal,0,0,65535_65535,0,2,83656,95,1,1,1,13,95,28,1,1,allocated
32,4727,greenran_normal,0,0,65535_65535,0,4,84968,77,1,1,0,13,0,24,1,1,pre_allocation
32,4727,greenran_normal,0,0,65535_65535,0,4,84968,83,1,1,1,14,83,24,1,1,allocated
32,4727,greenran_normal,0,0,65535_65535,0,5,83657,95,1,1,0,13,0,28,1,1,pre_allocation
32,4727,greenran_normal,0,0,65535_65535,0,5,83657,103,1,1,1,14,103,28,1,1,allocated
32,4727,greenran_normal,0,0,65535_65535,0,3,83656,95,1,1,0,13,0,28,1,1,pre_allocation
32,4727,greenran_normal,0,0,65535_65535,0,3,83656,103,1,1,1,14,103,28,1,1,allocated
32,4727,greenran_normal,0,0,65535_65535,0,1,83656,95,1,1,0,13,0,28,1,1,pre_allocation
32,4727,greenran_normal,0,0,65535_65535,0,1,83656,103,1,1,1,14,103,28,1,1,allocated
32,4727,greenran_normal,0,0,65535_65535,0,2,83656,95,1,1,0,13,0,28,1,1,pre_allocation
32,4727,greenran_normal,0,0,65535_65535,0,2,83656,103,1,1,1,14,103,28,1,1,allocated
32,4727,greenran_normal,0,0,65535_65535,0,4,84968,83,1,1,0,14,0,24,1,1,pre_allocation
32,4727,greenran_normal,0,0,65535_65535,0,4,84968,89,1,1,1,15,89,24,1,1,allocated
32,4727,greenran_normal,0,0,65535_65535,0,5,83657,103,1,1,0,14,0,28,1,1,pre_allocation
32,4727,greenran_normal,0,0,65535_65535,0,5,83657,110,1,1,1,15,110,28,1,1,allocated
32,4727,greenran_normal,0,0,65535_65535,0,3,83656,103,1,1,0,14,0,28,1,1,pre_allocation
32,4727,greenran_normal,0,0,65535_65535,0,3,83656,110,1,1,1,15,110,28,1,1,allocated
32,4727,greenran_normal,0,0,65535_65535,0,1,83656,103,1,1,0,14,0,28,1,1,pre_allocation
32,4727,greenran_normal,0,0,65535_65535,0,1,83656,110,1,1,1,15,110,28,1,1,allocated
32,4727,greenran_normal,0,0,65535_65535,0,2,83656,103,1,1,0,14,0,28,1,1,pre_allocation
32,4727,greenran_normal,0,0,65535_65535,0,2,83656,110,1,1,1,15,110,28,1,1,allocated
32,4727,greenran_normal,0,0,65535_65535,0,4,84968,89,1,1,0,15,0,24,1,1,pre_allocation
32,4727,greenran_normal,0,0,65535_65535,0,4,84968,96,1,1,1,16,96,24,1,1,allocated
32,4727,greenran_normal,0,0,65535_65535,0,5,83657,110,1,1,0,15,0,28,1,1,pre_allocation
32,4727,greenran_normal,0,0,65535_65535,0,5,83657,118,1,1,1,16,118,28,1,1,allocated
32,4727,greenran_normal,0,0,65535_65535,0,3,83656,110,1,1,0,15,0,28,1,1,pre_allocation
32,4727,greenran_normal,0,0,65535_65535,0,3,83656,118,1,1,1,16,118,28,1,1,allocated
32,4727,greenran_normal,0,0,65535_65535,0,1,83656,110,1,1,0,15,0,28,1,1,pre_allocation
32,4727,greenran_normal,0,0,65535_65535,0,1,83656,118,1,1,1,16,118,28,1,1,allocated
32,4727,greenran_normal,0,0,65535_65535,0,2,83656,110,1,1,0,15,0,28,1,1,pre_allocation
32,4727,greenran_normal,0,0,65535_65535,0,2,83656,118,1,1,1,16,118,28,1,1,allocated
32,4727,greenran_normal,0,0,65535_65535,0,4,84968,96,1,1,0,16,0,24,1,1,pre_allocation
32,4727,greenran_normal,0,0,65535_65535,0,4,84968,102,1,1,1,17,102,24,1,1,allocated
32,4727,greenran_normal,0,0,65535_65535,0,5,83657,118,1,1,0,16,0,28,1,1,pre_allocation
32,4727,greenran_normal,0,0,65535_65535,0,5,83657,126,1,1,1,17,126,28,1,1,allocated
32,4727,greenran_normal,0,0,65535_65535,0,3,83656,118,1,1,0,16,0,28,1,1,pre_allocation
32,4727,greenran_normal,0,0,65535_65535,0,3,83656,126,1,1,1,17,126,28,1,1,allocated
32,4727,greenran_normal,0,0,65535_65535,0,1,83656,118,1,1,0,16,0,28,1,1,pre_allocation
32,4727,greenran_normal,0,0,65535_65535,0,1,83656,126,1,1,1,17,126,28,1,1,allocated
32,4727,greenran_normal,0,0,65535_65535,0,2,83656,118,1,1,0,16,0,28,1,1,pre_allocation
32,4727,greenran_normal,0,0,65535_65535,0,2,83656,126,1,1,1,17,126,28,1,1,allocated
32,4727,greenran_normal,0,0,65535_65535,0,4,84968,102,1,1,0,17,0,24,1,1,pre_allocation
32,4727,greenran_normal,0,0,65535_65535,0,4,84968,108,1,1,1,18,108,24,1,1,allocated
32,4727,greenran_normal,0,0,65535_65535,0,5,83657,126,1,1,0,17,0,28,1,1,pre_allocation
32,4727,greenran_normal,0,0,65535_65535,0,5,83657,133,1,1,1,18,133,28,1,1,allocated
32,4727,greenran_normal,0,0,65535_65535,0,3,83656,126,1,1,0,17,0,28,1,1,pre_allocation
32,4727,greenran_normal,0,0,65535_65535,0,3,83656,133,1,1,1,18,133,28,1,1,allocated
32,4727,greenran_normal,0,0,65535_65535,0,1,83656,126,1,1,0,17,0,28,1,1,pre_allocation
32,4727,greenran_normal,0,0,65535_65535,0,1,83656,133,1,1,1,18,133,28,1,1,allocated
32,4727,greenran_normal,0,0,65535_65535,0,2,83656,126,1,1,0,17,0,28,1,1,pre_allocation
32,4727,greenran_normal,0,0,65535_65535,0,2,83656,133,1,1,1,18,133,28,1,1,allocated
32,4727,greenran_normal,0,0,65535_65535,0,4,84968,108,1,1,0,18,0,24,1,1,pre_allocation
32,4727,greenran_normal,0,0,65535_65535,0,4,84968,114,1,1,1,19,114,24,1,1,allocated
32,4727,greenran_normal,0,0,65535_65535,0,5,83657,133,1,1,0,18,0,28,1,1,pre_allocation
32,4727,greenran_normal,0,0,65535_65535,0,5,83657,141,1,1,1,19,141,28,1,1,allocated
32,4727,greenran_normal,0,0,65535_65535,0,3,83656,133,1,1,0,18,0,28,1,1,pre_allocation
32,4727,greenran_normal,0,0,65535_65535,0,3,83656,141,1,1,1,19,141,28,1,1,allocated
32,4727,greenran_normal,0,0,65535_65535,0,1,83656,133,1,1,0,18,0,28,1,1,pre_allocation
32,4727,greenran_normal,0,0,65535_65535,0,1,83656,141,1,1,1,19,141,28,1,1,allocated
32,4727,greenran_normal,0,0,65535_65535,0,2,83656,133,1,1,0,18,0,28,1,1,pre_allocation
32,4727,greenran_normal,0,0,65535_65535,0,2,83656,141,1,1,1,19,141,28,1,1,allocated
32,4727,greenran_normal,0,0,65535_65535,0,4,84968,114,1,1,0,19,0,24,1,1,pre_allocation
32,4727,greenran_normal,0,0,65535_65535,0,4,84968,120,1,1,1,20,120,24,1,1,allocated
32,4727,greenran_normal,0,0,65535_65535,0,5,83657,141,1,1,0,19,0,28,1,1,pre_allocation
32,4727,greenran_normal,0,0,65535_65535,0,5,83657,148,1,1,1,20,148,28,1,1,allocated
32,4727,greenran_normal,0,0,65535_65535,0,3,83656,141,1,1,0,19,0,28,1,1,pre_allocation
32,4727,greenran_normal,0,0,65535_65535,0,3,83656,148,1,1,1,20,148,28,1,1,allocated
32,4727,greenran_normal,0,0,65535_65535,0,1,83656,141,1,1,0,19,0,28,1,1,pre_allocation
32,4727,greenran_normal,0,0,65535_65535,0,1,83656,148,1,1,1,20,148,28,1,1,allocated
32,4727,greenran_normal,0,0,65535_65535,0,2,83656,141,1,1,0,19,0,28,1,1,pre_allocation
32,4727,greenran_normal,0,0,65535_65535,0,2,83656,148,1,1,1,20,148,28,1,1,allocated
32,4727,greenran_normal,0,0,65535_65535,0,4,84968,120,1,1,0,20,0,24,1,1,pre_allocation
32,4727,greenran_normal,0,0,65535_65535,0,4,84968,126,1,1,1,21,126,24,1,1,allocated
32,4727,greenran_normal,0,0,65535_65535,0,5,83657,148,1,1,0,20,0,28,1,1,pre_allocation
32,4727,greenran_normal,0,0,65535_65535,0,5,83657,156,1,1,1,21,156,28,1,1,allocated
32,4727,greenran_normal,0,0,65535_65535,0,3,83656,148,1,1,0,20,0,28,1,1,pre_allocation
32,4727,greenran_normal,0,0,65535_65535,0,3,83656,156,1,1,1,21,156,28,1,1,allocated
32,4727,greenran_normal,0,0,65535_65535,0,1,83656,148,1,1,0,20,0,28,1,1,pre_allocation
32,4727,greenran_normal,0,0,65535_65535,0,1,83656,156,1,1,1,21,156,28,1,1,allocated
32,4727,greenran_normal,0,0,65535_65535,0,2,83656,148,1,1,0,20,0,28,1,1,pre_allocation
32,4727,greenran_normal,0,0,65535_65535,0,2,83656,156,1,1,1,21,156,28,1,1,allocated
32,4727,greenran_normal,0,0,65535_65535,0,4,84968,126,1,1,0,21,0,24,1,1,pre_allocation
32,4727,greenran_normal,0,0,65535_65535,0,4,84968,133,1,1,1,22,133,24,1,1,allocated
32,4727,greenran_normal,0,0,65535_65535,0,5,83657,156,1,1,0,21,0,28,1,1,pre_allocation
32,4727,greenran_normal,0,0,65535_65535,0,5,83657,163,1,1,1,22,163,28,1,1,allocated
32,4727,greenran_normal,0,0,65535_65535,0,3,83656,156,1,1,0,21,0,28,1,1,pre_allocation
32,4727,greenran_normal,0,0,65535_65535,0,3,83656,163,1,1,1,22,163,28,1,1,allocated
32,4727,greenran_normal,0,0,65535_65535,0,1,83656,156,1,1,0,21,0,28,1,1,pre_allocation
32,4727,greenran_normal,0,0,65535_65535,0,1,83656,163,1,1,1,22,163,28,1,1,allocated
32,4727,greenran_normal,0,0,65535_65535,0,2,83656,156,1,1,0,21,0,28,1,1,pre_allocation
32,4727,greenran_normal,0,0,65535_65535,0,2,83656,163,1,1,1,22,163,28,1,1,allocated
32,4727,greenran_normal,0,0,65535_65535,0,4,84968,133,1,1,0,22,0,24,1,1,pre_allocation
32,4727,greenran_normal,0,0,65535_65535,0,4,84968,139,1,1,1,23,139,24,1,1,allocated
32,4727,greenran_normal,0,0,65535_65535,0,5,83657,163,1,1,0,22,0,28,1,1,pre_allocation
32,4727,greenran_normal,0,0,65535_65535,0,5,83657,171,1,1,1,23,171,28,1,1,allocated
32,4727,greenran_normal,0,0,65535_65535,0,3,83656,163,1,1,0,22,0,28,1,1,pre_allocation
32,4727,greenran_normal,0,0,65535_65535,0,3,83656,171,1,1,1,23,171,28,1,1,allocated
32,4727,greenran_normal,0,0,65535_65535,0,1,83656,163,1,1,0,22,0,28,1,1,pre_allocation
32,4727,greenran_normal,0,0,65535_65535,0,1,83656,171,1,1,1,23,171,28,1,1,allocated
32,4727,greenran_normal,0,0,65535_65535,0,2,83656,163,1,1,0,22,0,28,1,1,pre_allocation
32,4727,greenran_normal,0,0,65535_65535,0,2,83656,171,1,1,1,23,171,28,1,1,allocated
32,4727,greenran_normal,0,0,65535_65535,0,4,84968,139,1,1,0,23,0,24,1,1,pre_allocation
32,4727,greenran_normal,0,0,65535_65535,0,4,84968,145,1,1,1,24,145,24,1,1,allocated
32,4727,greenran_normal,0,0,65535_65535,0,5,83657,171,1,1,0,23,0,28,1,1,pre_allocation
32,4727,greenran_normal,0,0,65535_65535,0,5,83657,179,1,1,1,24,179,28,1,1,allocated
32,4727,greenran_normal,0,0,65535_65535,0,3,83656,171,1,1,0,23,0,28,1,1,pre_allocation
32,4727,greenran_normal,0,0,65535_65535,0,3,83656,179,1,1,1,24,179,28,1,1,allocated
32,4727,greenran_normal,0,0,65535_65535,0,1,83656,171,1,1,0,23,0,28,1,1,pre_allocation
32,4727,greenran_normal,0,0,65535_65535,0,1,83656,179,1,1,1,24,179,28,1,1,allocated
32,4727,greenran_normal,0,0,65535_65535,0,2,83656,171,1,1,0,23,0,28,1,1,pre_allocation
32,4727,greenran_normal,0,0,65535_65535,0,2,83656,179,1,1,1,24,179,28,1,1,allocated
32,4727,greenran_normal,0,0,65535_65535,0,4,84968,145,1,1,0,24,0,24,1,1,pre_allocation
32,4727,greenran_normal,0,0,65535_65535,0,4,84968,151,1,1,1,25,151,24,1,1,allocated
32,4727,greenran_normal,0,0,65535_65535,0,5,83657,179,1,1,0,24,0,28,1,1,pre_allocation
32,4727,greenran_normal,0,0,65535_65535,0,5,83657,186,1,1,1,25,186,28,1,1,allocated
32,4727,greenran_normal,0,0,65535_65535,0,3,83656,179,1,1,0,24,0,28,1,1,pre_allocation
32,4727,greenran_normal,0,0,65535_65535,0,3,83656,186,1,1,1,25,186,28,1,1,allocated
32,4727,greenran_normal,0,0,65535_65535,0,1,83656,179,1,1,0,24,0,28,1,1,pre_allocation
32,4727,greenran_normal,0,0,65535_65535,0,1,83656,186,1,1,1,25,186,28,1,1,allocated
32,4727,greenran_normal,0,0,65535_65535,0,2,83656,179,1,1,0,24,0,28,1,1,pre_allocation
32,4727,greenran_normal,0,0,65535_65535,0,2,83656,186,1,1,1,25,186,28,1,1,allocated
32,4727,greenran_normal,0,0,65535_65535,0,4,84968,151,1,1,0,25,0,24,1,1,pre_allocation
32,4727,greenran_normal,0,0,65535_65535,0,4,84968,157,1,1,1,26,157,24,1,1,allocated
32,4727,greenran_normal,0,0,65535_65535,0,5,83657,186,1,1,0,25,0,28,1,1,pre_allocation
32,4727,greenran_normal,0,0,65535_65535,0,5,83657,194,1,1,1,26,194,28,1,1,allocated
32,4727,greenran_normal,0,0,65535_65535,0,3,83656,186,1,1,0,25,0,28,1,1,pre_allocation
32,4727,greenran_normal,0,0,65535_65535,0,3,83656,194,1,1,1,26,194,28,1,1,allocated
32,4727,greenran_normal,0,0,65535_65535,0,1,83656,186,1,1,0,25,0,28,1,1,pre_allocation
32,4727,greenran_normal,0,0,65535_65535,0,1,83656,194,1,1,1,26,194,28,1,1,allocated
32,4727,greenran_normal,0,0,65535_65535,0,2,83656,186,1,1,0,25,0,28,1,1,pre_allocation
32,4727,greenran_normal,0,0,65535_65535,0,2,83656,194,1,1,1,26,194,28,1,1,allocated
32,4727,greenran_normal,0,0,65535_65535,0,4,84968,157,1,1,0,26,0,24,1,1,pre_allocation
32,4727,greenran_normal,0,0,65535_65535,0,4,84968,164,1,1,1,27,164,24,1,1,allocated
32,4727,greenran_normal,0,0,65535_65535,0,5,83657,194,1,1,0,26,0,28,1,1,pre_allocation
32,4727,greenran_normal,0,0,65535_65535,0,5,83657,201,1,1,1,27,201,28,1,1,allocated
32,4727,greenran_normal,0,0,65535_65535,0,3,83656,194,1,1,0,26,0,28,1,1,pre_allocation
32,4727,greenran_normal,0,0,65535_65535,0,3,83656,201,1,1,1,27,201,28,1,1,allocated
32,4727,greenran_normal,0,0,65535_65535,0,1,83656,194,1,1,0,26,0,28,1,1,pre_allocation
32,4727,greenran_normal,0,0,65535_65535,0,1,83656,201,1,1,1,27,201,28,1,1,allocated
32,4727,greenran_normal,0,0,65535_65535,0,2,83656,194,1,1,0,26,0,28,1,1,pre_allocation
32,4727,greenran_normal,0,0,65535_65535,0,2,83656,201,1,1,1,27,201,28,1,1,allocated
32,4727,greenran_normal,0,0,65535_65535,0,4,84968,164,1,1,0,27,0,24,1,1,pre_allocation
32,4727,greenran_normal,0,0,65535_65535,0,4,84968,170,1,1,1,28,170,24,1,1,allocated
32,4727,greenran_normal,0,0,65535_65535,0,5,83657,201,1,1,0,27,0,28,1,1,pre_allocation
32,4727,greenran_normal,0,0,65535_65535,0,5,83657,209,1,1,1,28,209,28,1,1,allocated
32,4727,greenran_normal,0,0,65535_65535,0,3,83656,201,1,1,0,27,0,28,1,1,pre_allocation
32,4727,greenran_normal,0,0,65535_65535,0,3,83656,209,1,1,1,28,209,28,1,1,allocated
32,4727,greenran_normal,0,0,65535_65535,0,1,83656,201,1,1,0,27,0,28,1,1,pre_allocation
32,4727,greenran_normal,0,0,65535_65535,0,1,83656,209,1,1,1,28,209,28,1,1,allocated
32,4727,greenran_normal,0,0,65535_65535,0,2,83656,201,1,1,0,27,0,28,1,1,pre_allocation
32,4727,greenran_normal,0,0,65535_65535,0,2,83656,209,1,1,1,28,209,28,1,1,allocated
32,4727,greenran_normal,0,0,65535_65535,0,4,84968,170,1,1,0,28,0,24,1,1,pre_allocation
32,4727,greenran_normal,0,0,65535_65535,0,4,84968,176,1,1,1,29,176,24,1,1,allocated
32,4727,greenran_normal,0,0,65535_65535,0,5,83657,209,1,1,0,28,0,28,1,1,pre_allocation
32,4727,greenran_normal,0,0,65535_65535,0,5,83657,217,1,1,1,29,217,28,1,1,allocated
32,4727,greenran_normal,0,0,65535_65535,0,3,83656,209,1,1,0,28,0,28,1,1,pre_allocation
32,4727,greenran_normal,0,0,65535_65535,0,3,83656,217,1,1,1,29,217,28,1,1,allocated
32,4727,greenran_normal,0,0,65535_65535,0,1,83656,209,1,1,0,28,0,28,1,1,pre_allocation
32,4727,greenran_normal,0,0,65535_65535,0,1,83656,217,1,1,1,29,217,28,1,1,allocated
32,4727,greenran_normal,0,0,65535_65535,0,2,83656,209,1,1,0,28,0,28,1,1,pre_allocation
32,4727,greenran_normal,0,0,65535_65535,0,2,83656,217,1,1,1,29,217,28,1,1,allocated
32,4727,greenran_normal,0,0,65535_65535,0,4,84968,176,1,1,0,29,0,24,1,1,pre_allocation
32,4727,greenran_normal,0,0,65535_65535,0,4,84968,182,1,1,1,30,182,24,1,1,allocated
32,4727,greenran_normal,0,0,65535_65535,0,5,83657,217,1,1,0,29,0,28,1,1,pre_allocation
32,4727,greenran_normal,0,0,65535_65535,0,5,83657,224,1,1,1,30,224,28,1,1,allocated
32,4727,greenran_normal,0,0,65535_65535,0,3,83656,217,1,1,0,29,0,28,1,1,pre_allocation
32,4727,greenran_normal,0,0,65535_65535,0,3,83656,224,1,1,1,30,224,28,1,1,allocated
32,4727,greenran_normal,0,0,65535_65535,0,1,83656,217,1,1,0,29,0,28,1,1,pre_allocation
32,4727,greenran_normal,0,0,65535_65535,0,1,83656,224,1,1,1,30,224,28,1,1,allocated
32,4727,greenran_normal,0,0,65535_65535,0,2,83656,217,1,1,0,29,0,28,1,1,pre_allocation
32,4727,greenran_normal,0,0,65535_65535,0,2,83656,224,1,1,1,30,224,28,1,1,allocated
32,4727,greenran_normal,0,0,65535_65535,0,4,84968,182,1,1,0,30,0,24,1,1,pre_allocation
32,4727,greenran_normal,0,0,65535_65535,0,4,84968,188,1,1,1,31,188,24,1,1,allocated
32,4727,greenran_normal,0,0,65535_65535,0,5,83657,224,1,1,0,30,0,28,1,1,pre_allocation
32,4727,greenran_normal,0,0,65535_65535,0,5,83657,232,1,1,1,31,232,28,1,1,allocated
32,4727,greenran_normal,0,0,65535_65535,0,3,83656,224,1,1,0,30,0,28,1,1,pre_allocation
32,4727,greenran_normal,0,0,65535_65535,0,3,83656,232,1,1,1,31,232,28,1,1,allocated
32,4727,greenran_normal,0,0,65535_65535,0,1,83656,224,1,1,0,30,0,28,1,1,pre_allocation
32,4727,greenran_normal,0,0,65535_65535,0,1,83656,232,1,1,1,31,232,28,1,1,allocated
32,4727,greenran_normal,0,0,65535_65535,0,2,83656,224,1,1,0,30,0,28,1,1,pre_allocation
32,4727,greenran_normal,0,0,65535_65535,0,2,83656,232,1,1,1,31,232,28,1,1,allocated
32,4727,greenran_normal,0,0,65535_65535,0,4,84968,188,1,1,0,31,0,24,1,1,pre_allocation
32,4727,greenran_normal,0,0,65535_65535,0,4,84968,195,1,1,1,32,195,24,1,1,allocated
32,4727,greenran_normal,0,0,65535_65535,0,5,83657,232,1,1,0,31,0,28,1,1,pre_allocation
32,4727,greenran_normal,0,0,65535_65535,0,5,83657,239,1,1,1,32,239,28,1,1,allocated
32,4727,greenran_normal,0,0,65535_65535,0,3,83656,232,1,1,0,31,0,28,1,1,pre_allocation
32,4727,greenran_normal,0,0,65535_65535,0,3,83656,239,1,1,1,32,239,28,1,1,allocated
32,4727,greenran_normal,0,0,65535_65535,0,1,83656,232,1,1,0,31,0,28,1,1,pre_allocation
32,4727,greenran_normal,0,0,65535_65535,0,1,83656,239,1,1,1,32,239,28,1,1,allocated
32,4727,greenran_normal,0,0,65535_65535,0,2,83656,232,1,1,0,31,0,28,1,1,pre_allocation
32,4727,greenran_normal,0,0,65535_65535,0,2,83656,239,1,1,1,32,239,28,1,1,allocated
32,4727,greenran_normal,0,0,65535_65535,0,4,84968,195,1,1,0,32,0,24,1,1,pre_allocation
32,4727,greenran_normal,0,0,65535_65535,0,4,84968,201,1,1,1,33,201,24,1,1,allocated
32,4727,greenran_normal,0,0,65535_65535,0,5,83657,239,1,1,0,32,0,28,1,1,pre_allocation
32,4727,greenran_normal,0,0,65535_65535,0,5,83657,247,1,1,1,33,247,28,1,1,allocated
32,4727,greenran_normal,0,0,65535_65535,0,3,83656,239,1,1,0,32,0,28,1,1,pre_allocation
32,4727,greenran_normal,0,0,65535_65535,0,3,83656,247,1,1,1,33,247,28,1,1,allocated
32,4727,greenran_normal,0,0,65535_65535,0,1,83656,239,1,1,0,32,0,28,1,1,pre_allocation
32,4727,greenran_normal,0,0,65535_65535,0,1,83656,247,1,1,1,33,247,28,1,1,allocated
32,4727,greenran_normal,0,0,65535_65535,0,2,83656,239,1,1,0,32,0,28,1,1,pre_allocation
32,4727,greenran_normal,0,0,65535_65535,0,2,83656,247,1,1,1,33,247,28,1,1,allocated
32,4727,greenran_normal,0,0,65535_65535,0,4,84968,201,1,1,0,33,0,24,1,1,pre_allocation
32,4727,greenran_normal,0,0,65535_65535,0,4,84968,207,1,1,1,34,207,24,1,1,allocated
32,4727,greenran_normal,0,0,65535_65535,0,5,83657,247,1,1,0,33,0,28,1,1,pre_allocation
32,4727,greenran_normal,0,0,65535_65535,0,5,83657,255,1,1,1,34,255,28,1,1,allocated
32,4727,greenran_normal,0,0,65535_65535,2,38,2699325,0,1,1,0,0,0,2,1,1,pre_allocation
32,4727,greenran_normal,0,0,65535_65535,2,38,2699325,0,1,1,1,1,0,2,1,1,allocated
32,4727,greenran_normal,0,0,65535_65535,2,60,2699071,0,1,1,0,0,0,12,1,1,pre_allocation
32,4727,greenran_normal,0,0,65535_65535,2,60,2699071,2,1,1,1,1,2,12,1,1,allocated
32,4727,greenran_normal,0,0,65535_65535,2,64,2698929,0,1,1,0,0,0,10,1,1,pre_allocation
32,4727,greenran_normal,0,0,65535_65535,2,64,2698929,1,1,1,1,1,1,10,1,1,allocated
32,4727,greenran_normal,0,0,65535_65535,2,43,2698591,0,1,1,0,0,0,20,1,1,pre_allocation
32,4727,greenran_normal,0,0,65535_65535,2,43,2698591,1,1,1,1,1,1,20,1,1,allocated
32,4727,greenran_normal,0,0,65535_65535,2,42,2698269,0,1,1,0,0,0,18,1,1,pre_allocation
32,4727,greenran_normal,0,0,65535_65535,2,42,2698269,0,1,1,1,1,0,18,1,1,allocated
32,4727,greenran_normal,0,0,65535_65535,2,36,2698029,0,1,1,0,0,0,24,1,1,pre_allocation
32,4727,greenran_normal,0,0,65535_65535,2,36,2698029,3,1,1,1,1,3,24,1,1,allocated
32,4727,greenran_normal,0,0,65535_65535,2,37,2697959,0,1,1,0,0,0,28,1,1,pre_allocation
32,4727,greenran_normal,0,0,65535_65535,2,37,2697959,4,1,1,1,1,4,28,1,1,allocated
32,4727,greenran_normal,0,0,65535_65535,2,41,2697959,0,1,1,0,0,0,28,1,1,pre_allocation
32,4727,greenran_normal,0,0,65535_65535,2,41,2697959,4,1,1,1,1,4,28,1,1,allocated
32,4727,greenran_normal,0,0,65535_65535,2,58,2698023,0,1,1,0,0,0,26,1,1,pre_allocation
32,4727,greenran_normal,0,0,65535_65535,2,58,2698023,4,1,1,1,1,4,26,1,1,allocated
32,4727,greenran_normal,0,0,65535_65535,2,40,2697958,0,1,1,0,0,0,28,1,1,pre_allocation
32,4727,greenran_normal,0,0,65535_65535,2,40,2697958,4,1,1,1,1,4,28,1,1,allocated
32,4727,greenran_normal,0,0,65535_65535,2,59,2697990,0,1,1,0,0,0,28,1,1,pre_allocation
32,4727,greenran_normal,0,0,65535_65535,2,59,2697990,4,1,1,1,1,4,28,1,1,allocated
32,4727,greenran_normal,0,0,65535_65535,2,63,2697954,0,1,1,0,0,0,28,1,1,pre_allocation
32,4727,greenran_normal,0,0,65535_65535,2,63,2697954,4,1,1,1,1,4,28,1,1,allocated
32,4727,greenran_normal,0,0,65535_65535,2,62,2697954,0,1,1,0,0,0,28,1,1,pre_allocation
32,4727,greenran_normal,0,0,65535_65535,2,62,2697954,4,1,1,1,1,4,28,1,1,allocated
32,4727,greenran_normal,0,0,65535_65535,2,61,2697954,0,1,1,0,0,0,28,1,1,pre_allocation
32,4727,greenran_normal,0,0,65535_65535,2,61,2697954,4,1,1,1,1,4,28,1,1,allocated
32,4727,greenran_normal,0,0,65535_65535,2,39,2697954,0,1,1,0,0,0,28,1,1,pre_allocation
32,4727,greenran_normal,0,0,65535_65535,2,39,2697954,4,1,1,1,1,4,28,1,1,allocated
32,4727,greenran_normal,0,0,65535_65535,2,35,2697949,0,1,1,0,0,0,28,1,1,pre_allocation
32,4727,greenran_normal,0,0,65535_65535,2,35,2697949,4,1,1,1,1,4,28,1,1,allocated
32,4727,greenran_normal,0,0,65535_65535,2,44,2697949,0,1,1,0,0,0,28,1,1,pre_allocation
32,4727,greenran_normal,0,0,65535_65535,2,44,2697949,4,1,1,1,1,4,28,1,1,allocated
32,4727,greenran_normal,0,0,65535_65535,2,55,2697949,0,1,1,0,0,0,28,1,1,pre_allocation
32,4727,greenran_normal,0,0,65535_65535,2,55,2697949,4,1,1,1,1,4,28,1,1,allocated
32,4727,greenran_normal,0,0,65535_65535,2,56,2697949,0,1,1,0,0,0,28,1,1,pre_allocation
32,4727,greenran_normal,0,0,65535_65535,2,56,2697949,4,1,1,1,1,4,28,1,1,allocated
32,4727,greenran_normal,0,0,65535_65535,2,57,2697949,0,1,1,0,0,0,28,1,1,pre_allocation
32,4727,greenran_normal,0,0,65535_65535,2,57,2697949,4,1,1,1,1,4,28,1,1,allocated
32,4727,greenran_normal,0,0,65535_65535,2,38,2699325,0,1,1,0,1,0,2,1,1,pre_allocation
32,4727,greenran_normal,0,0,65535_65535,2,38,2699325,0,1,1,1,2,0,2,1,1,allocated
32,4727,greenran_normal,0,0,65535_65535,2,60,2699071,2,1,1,0,1,0,12,1,1,pre_allocation
32,4727,greenran_normal,0,0,65535_65535,2,60,2699071,1,1,1,1,2,1,12,1,1,allocated
32,4727,greenran_normal,0,0,65535_65535,2,64,2698929,1,1,1,0,1,0,10,1,1,pre_allocation
32,4727,greenran_normal,0,0,65535_65535,2,64,2698929,0,1,1,1,2,0,10,1,1,allocated
32,4727,greenran_normal,0,0,65535_65535,2,43,2698591,1,1,1,0,1,0,20,1,1,pre_allocation
32,4727,greenran_normal,0,0,65535_65535,2,43,2698591,6,1,1,1,2,6,20,1,1,allocated
32,4727,greenran_normal,0,0,65535_65535,2,42,2698269,0,1,1,0,1,0,18,1,1,pre_allocation
32,4727,greenran_normal,0,0,65535_65535,2,42,2698269,4,1,1,1,2,4,18,1,1,allocated
32,4727,greenran_normal,0,0,65535_65535,2,36,2698029,3,1,1,0,1,0,24,1,1,pre_allocation
32,4727,greenran_normal,0,0,65535_65535,2,36,2698029,9,1,1,1,2,9,24,1,1,allocated
32,4727,greenran_normal,0,0,65535_65535,2,37,2697959,4,1,1,0,1,0,28,1,1,pre_allocation
32,4727,greenran_normal,0,0,65535_65535,2,37,2697959,12,1,1,1,2,12,28,1,1,allocated
32,4727,greenran_normal,0,0,65535_65535,2,41,2697959,4,1,1,0,1,0,28,1,1,pre_allocation
32,4727,greenran_normal,0,0,65535_65535,2,41,2697959,12,1,1,1,2,12,28,1,1,allocated
32,4727,greenran_normal,0,0,65535_65535,2,58,2698023,4,1,1,0,1,0,26,1,1,pre_allocation
32,4727,greenran_normal,0,0,65535_65535,2,58,2698023,11,1,1,1,2,11,26,1,1,allocated
32,4727,greenran_normal,0,0,65535_65535,2,40,2697958,4,1,1,0,1,0,28,1,1,pre_allocation
32,4727,greenran_normal,0,0,65535_65535,2,40,2697958,12,1,1,1,2,12,28,1,1,allocated
32,4727,greenran_normal,0,0,65535_65535,2,59,2697990,4,1,1,0,1,0,28,1,1,pre_allocation
32,4727,greenran_normal,0,0,65535_65535,2,59,2697990,12,1,1,1,2,12,28,1,1,allocated
32,4727,greenran_normal,0,0,65535_65535,2,63,2697954,4,1,1,0,1,0,28,1,1,pre_allocation
32,4727,greenran_normal,0,0,65535_65535,2,63,2697954,12,1,1,1,2,12,28,1,1,allocated
32,4727,greenran_normal,0,0,65535_65535,2,62,2697954,4,1,1,0,1,0,28,1,1,pre_allocation
32,4727,greenran_normal,0,0,65535_65535,2,62,2697954,12,1,1,1,2,12,28,1,1,allocated
32,4727,greenran_normal,0,0,65535_65535,2,61,2697954,4,1,1,0,1,0,28,1,1,pre_allocation
32,4727,greenran_normal,0,0,65535_65535,2,61,2697954,12,1,1,1,2,12,28,1,1,allocated
32,4727,greenran_normal,0,0,65535_65535,2,39,2697954,4,1,1,0,1,0,28,1,1,pre_allocation
32,4727,greenran_normal,0,0,65535_65535,2,39,2697954,12,1,1,1,2,12,28,1,1,allocated
32,4727,greenran_normal,0,0,65535_65535,2,35,2697949,4,1,1,0,1,0,28,1,1,pre_allocation
32,4727,greenran_normal,0,0,65535_65535,2,35,2697949,12,1,1,1,2,12,28,1,1,allocated
32,4727,greenran_normal,0,0,65535_65535,2,44,2697949,4,1,1,0,1,0,28,1,1,pre_allocation
32,4727,greenran_normal,0,0,65535_65535,2,44,2697949,12,1,1,1,2,12,28,1,1,allocated
32,4727,greenran_normal,0,0,65535_65535,2,55,2697949,4,1,1,0,1,0,28,1,1,pre_allocation
32,4727,greenran_normal,0,0,65535_65535,2,55,2697949,12,1,1,1,2,12,28,1,1,allocated
32,4727,greenran_normal,0,0,65535_65535,2,56,2697949,4,1,1,0,1,0,28,1,1,pre_allocation
32,4727,greenran_normal,0,0,65535_65535,2,56,2697949,12,1,1,1,2,12,28,1,1,allocated
32,4727,greenran_normal,0,0,65535_65535,2,57,2697949,4,1,1,0,1,0,28,1,1,pre_allocation
32,4727,greenran_normal,0,0,65535_65535,2,57,2697949,12,1,1,1,2,12,28,1,1,allocated
32,4727,greenran_normal,0,0,65535_65535,2,38,2699325,0,1,1,0,2,0,2,1,1,pre_allocation
32,4727,greenran_normal,0,0,65535_65535,2,38,2699325,0,1,1,1,3,0,2,1,1,allocated
32,4727,greenran_normal,0,0,65535_65535,2,60,2699071,1,1,1,0,2,0,12,1,1,pre_allocation
32,4727,greenran_normal,0,0,65535_65535,2,60,2699071,3,1,1,1,3,3,12,1,1,allocated
32,4727,greenran_normal,0,0,65535_65535,2,64,2698929,0,1,1,0,2,0,10,1,1,pre_allocation
32,4727,greenran_normal,0,0,65535_65535,2,64,2698929,1,1,1,1,3,1,10,1,1,allocated
32,4727,greenran_normal,0,0,65535_65535,2,43,2698591,6,1,1,0,2,0,20,1,1,pre_allocation
32,4727,greenran_normal,0,0,65535_65535,2,43,2698591,10,1,1,1,3,10,20,1,1,allocated
32,4727,greenran_normal,0,0,65535_65535,2,42,2698269,4,1,1,0,2,0,18,1,1,pre_allocation
32,4727,greenran_normal,0,0,65535_65535,2,42,2698269,8,1,1,1,3,8,18,1,1,allocated
32,4727,greenran_normal,0,0,65535_65535,2,36,2698029,9,1,1,0,2,0,24,1,1,pre_allocation
32,4727,greenran_normal,0,0,65535_65535,2,36,2698029,15,1,1,1,3,15,24,1,1,allocated
32,4727,greenran_normal,0,0,65535_65535,2,37,2697959,12,1,1,0,2,0,28,1,1,pre_allocation
32,4727,greenran_normal,0,0,65535_65535,2,37,2697959,19,1,1,1,3,19,28,1,1,allocated
32,4727,greenran_normal,0,0,65535_65535,2,41,2697959,12,1,1,0,2,0,28,1,1,pre_allocation
32,4727,greenran_normal,0,0,65535_65535,2,41,2697959,19,1,1,1,3,19,28,1,1,allocated
32,4727,greenran_normal,0,0,65535_65535,2,58,2698023,11,1,1,0,2,0,26,1,1,pre_allocation
32,4727,greenran_normal,0,0,65535_65535,2,58,2698023,18,1,1,1,3,18,26,1,1,allocated
32,4727,greenran_normal,0,0,65535_65535,2,40,2697958,12,1,1,0,2,0,28,1,1,pre_allocation
32,4727,greenran_normal,0,0,65535_65535,2,40,2697958,19,1,1,1,3,19,28,1,1,allocated
32,4727,greenran_normal,0,0,65535_65535,2,59,2697990,12,1,1,0,2,0,28,1,1,pre_allocation
32,4727,greenran_normal,0,0,65535_65535,2,59,2697990,19,1,1,1,3,19,28,1,1,allocated
32,4727,greenran_normal,0,0,65535_65535,2,63,2697954,12,1,1,0,2,0,28,1,1,pre_allocation
32,4727,greenran_normal,0,0,65535_65535,2,63,2697954,19,1,1,1,3,19,28,1,1,allocated
32,4727,greenran_normal,0,0,65535_65535,2,62,2697954,12,1,1,0,2,0,28,1,1,pre_allocation
32,4727,greenran_normal,0,0,65535_65535,2,62,2697954,19,1,1,1,3,19,28,1,1,allocated
32,4727,greenran_normal,0,0,65535_65535,2,61,2697954,12,1,1,0,2,0,28,1,1,pre_allocation
32,4727,greenran_normal,0,0,65535_65535,2,61,2697954,19,1,1,1,3,19,28,1,1,allocated
32,4727,greenran_normal,0,0,65535_65535,2,39,2697954,12,1,1,0,2,0,28,1,1,pre_allocation
32,4727,greenran_normal,0,0,65535_65535,2,39,2697954,19,1,1,1,3,19,28,1,1,allocated
32,4727,greenran_normal,0,0,65535_65535,2,35,2697949,12,1,1,0,2,0,28,1,1,pre_allocation
32,4727,greenran_normal,0,0,65535_65535,2,35,2697949,19,1,1,1,3,19,28,1,1,allocated
32,4727,greenran_normal,0,0,65535_65535,2,44,2697949,12,1,1,0,2,0,28,1,1,pre_allocation
32,4727,greenran_normal,0,0,65535_65535,2,44,2697949,19,1,1,1,3,19,28,1,1,allocated
32,4727,greenran_normal,0,0,65535_65535,2,55,2697949,12,1,1,0,2,0,28,1,1,pre_allocation
32,4727,greenran_normal,0,0,65535_65535,2,55,2697949,19,1,1,1,3,19,28,1,1,allocated
32,4727,greenran_normal,0,0,65535_65535,2,56,2697949,12,1,1,0,2,0,28,1,1,pre_allocation
32,4727,greenran_normal,0,0,65535_65535,2,56,2697949,19,1,1,1,3,19,28,1,1,allocated
32,4727,greenran_normal,0,0,65535_65535,2,57,2697949,12,1,1,0,2,0,28,1,1,pre_allocation
32,4727,greenran_normal,0,0,65535_65535,2,57,2697949,19,1,1,1,3,19,28,1,1,allocated
32,4727,greenran_normal,0,0,65535_65535,2,38,2699325,0,1,1,0,3,0,2,1,1,pre_allocation
32,4727,greenran_normal,0,0,65535_65535,2,38,2699325,1,1,1,1,4,1,2,1,1,allocated
32,4727,greenran_normal,0,0,65535_65535,2,60,2699071,3,1,1,0,3,0,12,1,1,pre_allocation
32,4727,greenran_normal,0,0,65535_65535,2,60,2699071,5,1,1,1,4,5,12,1,1,allocated
32,4727,greenran_normal,0,0,65535_65535,2,64,2698929,1,1,1,0,3,0,10,1,1,pre_allocation
32,4727,greenran_normal,0,0,65535_65535,2,64,2698929,3,1,1,1,4,3,10,1,1,allocated
32,4727,greenran_normal,0,0,65535_65535,2,43,2698591,10,1,1,0,3,0,20,1,1,pre_allocation
32,4727,greenran_normal,0,0,65535_65535,2,43,2698591,15,1,1,1,4,15,20,1,1,allocated
32,4727,greenran_normal,0,0,65535_65535,2,42,2698269,8,1,1,0,3,0,18,1,1,pre_allocation
32,4727,greenran_normal,0,0,65535_65535,2,42,2698269,11,1,1,1,4,11,18,1,1,allocated
32,4727,greenran_normal,0,0,65535_65535,2,36,2698029,15,1,1,0,3,0,24,1,1,pre_allocation
32,4727,greenran_normal,0,0,65535_65535,2,36,2698029,21,1,1,1,4,21,24,1,1,allocated
32,4727,greenran_normal,0,0,65535_65535,2,37,2697959,19,1,1,0,3,0,28,1,1,pre_allocation
32,4727,greenran_normal,0,0,65535_65535,2,37,2697959,27,1,1,1,4,27,28,1,1,allocated
32,4727,greenran_normal,0,0,65535_65535,2,41,2697959,19,1,1,0,3,0,28,1,1,pre_allocation
32,4727,greenran_normal,0,0,65535_65535,2,41,2697959,27,1,1,1,4,27,28,1,1,allocated
32,4727,greenran_normal,0,0,65535_65535,2,58,2698023,18,1,1,0,3,0,26,1,1,pre_allocation
32,4727,greenran_normal,0,0,65535_65535,2,58,2698023,25,1,1,1,4,25,26,1,1,allocated
32,4727,greenran_normal,0,0,65535_65535,2,40,2697958,19,1,1,0,3,0,28,1,1,pre_allocation
32,4727,greenran_normal,0,0,65535_65535,2,40,2697958,27,1,1,1,4,27,28,1,1,allocated
32,4727,greenran_normal,0,0,65535_65535,2,59,2697990,19,1,1,0,3,0,28,1,1,pre_allocation
32,4727,greenran_normal,0,0,65535_65535,2,59,2697990,27,1,1,1,4,27,28,1,1,allocated
32,4727,greenran_normal,0,0,65535_65535,2,63,2697954,19,1,1,0,3,0,28,1,1,pre_allocation
32,4727,greenran_normal,0,0,65535_65535,2,63,2697954,27,1,1,1,4,27,28,1,1,allocated
32,4727,greenran_normal,0,0,65535_65535,2,62,2697954,19,1,1,0,3,0,28,1,1,pre_allocation
32,4727,greenran_normal,0,0,65535_65535,2,62,2697954,27,1,1,1,4,27,28,1,1,allocated
32,4727,greenran_normal,0,0,65535_65535,2,61,2697954,19,1,1,0,3,0,28,1,1,pre_allocation
32,4727,greenran_normal,0,0,65535_65535,2,61,2697954,27,1,1,1,4,27,28,1,1,allocated
32,4727,greenran_normal,0,0,65535_65535,2,39,2697954,19,1,1,0,3,0,28,1,1,pre_allocation
32,4727,greenran_normal,0,0,65535_65535,2,39,2697954,27,1,1,1,4,27,28,1,1,allocated
32,4727,greenran_normal,0,0,65535_65535,2,35,2697949,19,1,1,0,3,0,28,1,1,pre_allocation
32,4727,greenran_normal,0,0,65535_65535,2,35,2697949,27,1,1,1,4,27,28,1,1,allocated
32,4727,greenran_normal,0,0,65535_65535,2,44,2697949,19,1,1,0,3,0,28,1,1,pre_allocation
32,4727,greenran_normal,0,0,65535_65535,2,44,2697949,27,1,1,1,4,27,28,1,1,allocated
32,4727,greenran_normal,0,0,65535_65535,2,55,2697949,19,1,1,0,3,0,28,1,1,pre_allocation
32,4727,greenran_normal,0,0,65535_65535,2,55,2697949,27,1,1,1,4,27,28,1,1,allocated
32,4727,greenran_normal,0,0,65535_65535,2,56,2697949,19,1,1,0,3,0,28,1,1,pre_allocation
32,4727,greenran_normal,0,0,65535_65535,2,56,2697949,27,1,1,1,4,27,28,1,1,allocated
32,4727,greenran_normal,0,0,65535_65535,2,57,2697949,19,1,1,0,3,0,28,1,1,pre_allocation
32,4727,greenran_normal,0,0,65535_65535,2,57,2697949,27,1,1,1,4,27,28,1,1,allocated
32,4727,greenran_normal,0,0,65535_65535,2,38,2699325,1,1,1,0,4,0,2,1,1,pre_allocation
32,4727,greenran_normal,0,0,65535_65535,2,38,2699325,1,1,1,1,5,1,2,1,1,allocated
32,4727,greenran_normal,0,0,65535_65535,2,60,2699071,5,1,1,0,4,0,12,1,1,pre_allocation
32,4727,greenran_normal,0,0,65535_65535,2,60,2699071,7,1,1,1,5,7,12,1,1,allocated
32,4727,greenran_normal,0,0,65535_65535,2,64,2698929,3,1,1,0,4,0,10,1,1,pre_allocation
32,4727,greenran_normal,0,0,65535_65535,2,64,2698929,5,1,1,1,5,5,10,1,1,allocated
32,4727,greenran_normal,0,0,65535_65535,2,43,2698591,15,1,1,0,4,0,20,1,1,pre_allocation
32,4727,greenran_normal,0,0,65535_65535,2,43,2698591,19,1,1,1,5,19,20,1,1,allocated
32,4727,greenran_normal,0,0,65535_65535,2,42,2698269,11,1,1,0,4,0,18,1,1,pre_allocation
32,4727,greenran_normal,0,0,65535_65535,2,42,2698269,15,1,1,1,5,15,18,1,1,allocated
32,4727,greenran_normal,0,0,65535_65535,2,36,2698029,21,1,1,0,4,0,24,1,1,pre_allocation
32,4727,greenran_normal,0,0,65535_65535,2,36,2698029,27,1,1,1,5,27,24,1,1,allocated
32,4727,greenran_normal,0,0,65535_65535,2,37,2697959,27,1,1,0,4,0,28,1,1,pre_allocation
32,4727,greenran_normal,0,0,65535_65535,2,37,2697959,34,1,1,1,5,34,28,1,1,allocated
32,4727,greenran_normal,0,0,65535_65535,2,41,2697959,27,1,1,0,4,0,28,1,1,pre_allocation
32,4727,greenran_normal,0,0,65535_65535,2,41,2697959,34,1,1,1,5,34,28,1,1,allocated
32,4727,greenran_normal,0,0,65535_65535,2,58,2698023,25,1,1,0,4,0,26,1,1,pre_allocation
32,4727,greenran_normal,0,0,65535_65535,2,58,2698023,32,1,1,1,5,32,26,1,1,allocated
32,4727,greenran_normal,0,0,65535_65535,2,40,2697958,27,1,1,0,4,0,28,1,1,pre_allocation
32,4727,greenran_normal,0,0,65535_65535,2,40,2697958,34,1,1,1,5,34,28,1,1,allocated
32,4727,greenran_normal,0,0,65535_65535,2,59,2697990,27,1,1,0,4,0,28,1,1,pre_allocation
32,4727,greenran_normal,0,0,65535_65535,2,59,2697990,34,1,1,1,5,34,28,1,1,allocated
32,4727,greenran_normal,0,0,65535_65535,2,63,2697954,27,1,1,0,4,0,28,1,1,pre_allocation
32,4727,greenran_normal,0,0,65535_65535,2,63,2697954,34,1,1,1,5,34,28,1,1,allocated
32,4727,greenran_normal,0,0,65535_65535,2,62,2697954,27,1,1,0,4,0,28,1,1,pre_allocation
32,4727,greenran_normal,0,0,65535_65535,2,62,2697954,34,1,1,1,5,34,28,1,1,allocated
32,4727,greenran_normal,0,0,65535_65535,2,61,2697954,27,1,1,0,4,0,28,1,1,pre_allocation
32,4727,greenran_normal,0,0,65535_65535,2,61,2697954,34,1,1,1,5,34,28,1,1,allocated
32,4727,greenran_normal,0,0,65535_65535,2,39,2697954,27,1,1,0,4,0,28,1,1,pre_allocation
32,4727,greenran_normal,0,0,65535_65535,2,39,2697954,34,1,1,1,5,34,28,1,1,allocated
32,4727,greenran_normal,0,0,65535_65535,2,35,2697949,27,1,1,0,4,0,28,1,1,pre_allocation
32,4727,greenran_normal,0,0,65535_65535,2,35,2697949,34,1,1,1,5,34,28,1,1,allocated
32,4727,greenran_normal,0,0,65535_65535,2,44,2697949,27,1,1,0,4,0,28,1,1,pre_allocation
32,4727,greenran_normal,0,0,65535_65535,2,44,2697949,34,1,1,1,5,34,28,1,1,allocated
32,4727,greenran_normal,0,0,65535_65535,2,55,2697949,27,1,1,0,4,0,28,1,1,pre_allocation
32,4727,greenran_normal,0,0,65535_65535,2,55,2697949,34,1,1,1,5,34,28,1,1,allocated
32,4727,greenran_normal,0,0,65535_65535,2,56,2697949,27,1,1,0,4,0,28,1,1,pre_allocation
32,4727,greenran_normal,0,0,65535_65535,2,56,2697949,34,1,1,1,5,34,28,1,1,allocated
35,4956,greenran_normal,0,0,65535_65535,0,4,89087,0,1,1,0,0,0,22,1,1,pre_allocation
35,4956,greenran_normal,0,0,65535_65535,0,4,89087,2,1,1,1,1,2,22,1,1,allocated
35,4956,greenran_normal,0,0,65535_65535,0,1,87650,0,1,1,0,0,0,28,1,1,pre_allocation
35,4956,greenran_normal,0,0,65535_65535,0,1,87650,4,1,1,1,1,4,28,1,1,allocated
35,4956,greenran_normal,0,0,65535_65535,0,2,87650,0,1,1,0,0,0,28,1,1,pre_allocation
35,4956,greenran_normal,0,0,65535_65535,0,2,87650,4,1,1,1,1,4,28,1,1,allocated
35,4956,greenran_normal,0,0,65535_65535,0,5,87642,0,1,1,0,0,0,28,1,1,pre_allocation
35,4956,greenran_normal,0,0,65535_65535,0,5,87642,4,1,1,1,1,4,28,1,1,allocated
35,4956,greenran_normal,0,0,65535_65535,0,3,87641,0,1,1,0,0,0,28,1,1,pre_allocation
35,4956,greenran_normal,0,0,65535_65535,0,3,87641,4,1,1,1,1,4,28,1,1,allocated
35,4956,greenran_normal,0,0,65535_65535,0,4,89087,2,1,1,0,1,0,22,1,1,pre_allocation
35,4956,greenran_normal,0,0,65535_65535,0,4,89087,7,1,1,1,2,7,22,1,1,allocated
35,4956,greenran_normal,0,0,65535_65535,0,1,87650,4,1,1,0,1,0,28,1,1,pre_allocation
35,4956,greenran_normal,0,0,65535_65535,0,1,87650,12,1,1,1,2,12,28,1,1,allocated
35,4956,greenran_normal,0,0,65535_65535,0,2,87650,4,1,1,0,1,0,28,1,1,pre_allocation
35,4956,greenran_normal,0,0,65535_65535,0,2,87650,12,1,1,1,2,12,28,1,1,allocated
35,4956,greenran_normal,0,0,65535_65535,0,5,87642,4,1,1,0,1,0,28,1,1,pre_allocation
35,4956,greenran_normal,0,0,65535_65535,0,5,87642,12,1,1,1,2,12,28,1,1,allocated
35,4956,greenran_normal,0,0,65535_65535,0,3,87641,4,1,1,0,1,0,28,1,1,pre_allocation
35,4956,greenran_normal,0,0,65535_65535,0,3,87641,12,1,1,1,2,12,28,1,1,allocated
35,4956,greenran_normal,0,0,65535_65535,0,4,89087,7,1,1,0,2,0,22,1,1,pre_allocation
35,4956,greenran_normal,0,0,65535_65535,0,4,89087,13,1,1,1,3,13,22,1,1,allocated
35,4956,greenran_normal,0,0,65535_65535,0,1,87650,12,1,1,0,2,0,28,1,1,pre_allocation
35,4956,greenran_normal,0,0,65535_65535,0,1,87650,19,1,1,1,3,19,28,1,1,allocated
35,4956,greenran_normal,0,0,65535_65535,0,2,87650,12,1,1,0,2,0,28,1,1,pre_allocation
35,4956,greenran_normal,0,0,65535_65535,0,2,87650,19,1,1,1,3,19,28,1,1,allocated
35,4956,greenran_normal,0,0,65535_65535,0,5,87642,12,1,1,0,2,0,28,1,1,pre_allocation
35,4956,greenran_normal,0,0,65535_65535,0,5,87642,19,1,1,1,3,19,28,1,1,allocated
35,4956,greenran_normal,0,0,65535_65535,0,3,87641,12,1,1,0,2,0,28,1,1,pre_allocation
35,4956,greenran_normal,0,0,65535_65535,0,3,87641,19,1,1,1,3,19,28,1,1,allocated
35,4956,greenran_normal,0,0,65535_65535,0,4,89087,13,1,1,0,3,0,22,1,1,pre_allocation
35,4956,greenran_normal,0,0,65535_65535,0,4,89087,18,1,1,1,4,18,22,1,1,allocated
35,4956,greenran_normal,0,0,65535_65535,0,1,87650,19,1,1,0,3,0,28,1,1,pre_allocation
35,4956,greenran_normal,0,0,65535_65535,0,1,87650,27,1,1,1,4,27,28,1,1,allocated
35,4956,greenran_normal,0,0,65535_65535,0,2,87650,19,1,1,0,3,0,28,1,1,pre_allocation
35,4956,greenran_normal,0,0,65535_65535,0,2,87650,27,1,1,1,4,27,28,1,1,allocated
35,4956,greenran_normal,0,0,65535_65535,0,5,87642,19,1,1,0,3,0,28,1,1,pre_allocation
35,4956,greenran_normal,0,0,65535_65535,0,5,87642,27,1,1,1,4,27,28,1,1,allocated
35,4956,greenran_normal,0,0,65535_65535,0,3,87641,19,1,1,0,3,0,28,1,1,pre_allocation
35,4956,greenran_normal,0,0,65535_65535,0,3,87641,27,1,1,1,4,27,28,1,1,allocated
35,4956,greenran_normal,0,0,65535_65535,0,4,89087,18,1,1,0,4,0,22,1,1,pre_allocation
35,4956,greenran_normal,0,0,65535_65535,0,4,89087,23,1,1,1,5,23,22,1,1,allocated
35,4956,greenran_normal,0,0,65535_65535,0,1,87650,27,1,1,0,4,0,28,1,1,pre_allocation
35,4956,greenran_normal,0,0,65535_65535,0,1,87650,34,1,1,1,5,34,28,1,1,allocated
35,4956,greenran_normal,0,0,65535_65535,0,2,87650,27,1,1,0,4,0,28,1,1,pre_allocation
35,4956,greenran_normal,0,0,65535_65535,0,2,87650,34,1,1,1,5,34,28,1,1,allocated
35,4956,greenran_normal,0,0,65535_65535,0,5,87642,27,1,1,0,4,0,28,1,1,pre_allocation
35,4956,greenran_normal,0,0,65535_65535,0,5,87642,34,1,1,1,5,34,28,1,1,allocated
35,4956,greenran_normal,0,0,65535_65535,0,3,87641,27,1,1,0,4,0,28,1,1,pre_allocation
35,4956,greenran_normal,0,0,65535_65535,0,3,87641,34,1,1,1,5,34,28,1,1,allocated
35,4956,greenran_normal,0,0,65535_65535,0,4,89087,23,1,1,0,5,0,22,1,1,pre_allocation
35,4956,greenran_normal,0,0,65535_65535,0,4,89087,29,1,1,1,6,29,22,1,1,allocated
35,4956,greenran_normal,0,0,65535_65535,0,1,87650,34,1,1,0,5,0,28,1,1,pre_allocation
35,4956,greenran_normal,0,0,65535_65535,0,1,87650,42,1,1,1,6,42,28,1,1,allocated
35,4956,greenran_normal,0,0,65535_65535,0,2,87650,34,1,1,0,5,0,28,1,1,pre_allocation
35,4956,greenran_normal,0,0,65535_65535,0,2,87650,42,1,1,1,6,42,28,1,1,allocated
35,4956,greenran_normal,0,0,65535_65535,0,5,87642,34,1,1,0,5,0,28,1,1,pre_allocation
35,4956,greenran_normal,0,0,65535_65535,0,5,87642,42,1,1,1,6,42,28,1,1,allocated
35,4956,greenran_normal,0,0,65535_65535,0,3,87641,34,1,1,0,5,0,28,1,1,pre_allocation
35,4956,greenran_normal,0,0,65535_65535,0,3,87641,42,1,1,1,6,42,28,1,1,allocated
35,4956,greenran_normal,0,0,65535_65535,0,4,89087,29,1,1,0,6,0,22,1,1,pre_allocation
35,4956,greenran_normal,0,0,65535_65535,0,4,89087,34,1,1,1,7,34,22,1,1,allocated
35,4956,greenran_normal,0,0,65535_65535,0,1,87650,42,1,1,0,6,0,28,1,1,pre_allocation
35,4956,greenran_normal,0,0,65535_65535,0,1,87650,50,1,1,1,7,50,28,1,1,allocated
35,4956,greenran_normal,0,0,65535_65535,0,2,87650,42,1,1,0,6,0,28,1,1,pre_allocation
35,4956,greenran_normal,0,0,65535_65535,0,2,87650,50,1,1,1,7,50,28,1,1,allocated
35,4956,greenran_normal,0,0,65535_65535,0,5,87642,42,1,1,0,6,0,28,1,1,pre_allocation
35,4956,greenran_normal,0,0,65535_65535,0,5,87642,50,1,1,1,7,50,28,1,1,allocated
35,4956,greenran_normal,0,0,65535_65535,0,3,87641,42,1,1,0,6,0,28,1,1,pre_allocation
35,4956,greenran_normal,0,0,65535_65535,0,3,87641,50,1,1,1,7,50,28,1,1,allocated
35,4956,greenran_normal,0,0,65535_65535,0,4,89087,34,1,1,0,7,0,22,1,1,pre_allocation
35,4956,greenran_normal,0,0,65535_65535,0,4,89087,39,1,1,1,8,39,22,1,1,allocated
35,4956,greenran_normal,0,0,65535_65535,0,1,87650,50,1,1,0,7,0,28,1,1,pre_allocation
35,4956,greenran_normal,0,0,65535_65535,0,1,87650,57,1,1,1,8,57,28,1,1,allocated
35,4956,greenran_normal,0,0,65535_65535,0,2,87650,50,1,1,0,7,0,28,1,1,pre_allocation
35,4956,greenran_normal,0,0,65535_65535,0,2,87650,57,1,1,1,8,57,28,1,1,allocated
35,4956,greenran_normal,0,0,65535_65535,0,5,87642,50,1,1,0,7,0,28,1,1,pre_allocation
35,4956,greenran_normal,0,0,65535_65535,0,5,87642,57,1,1,1,8,57,28,1,1,allocated
35,4956,greenran_normal,0,0,65535_65535,0,3,87641,50,1,1,0,7,0,28,1,1,pre_allocation
35,4956,greenran_normal,0,0,65535_65535,0,3,87641,57,1,1,1,8,57,28,1,1,allocated
35,4956,greenran_normal,0,0,65535_65535,0,4,89087,39,1,1,0,8,0,22,1,1,pre_allocation
35,4956,greenran_normal,0,0,65535_65535,0,4,89087,45,1,1,1,9,45,22,1,1,allocated
35,4956,greenran_normal,0,0,65535_65535,0,1,87650,57,1,1,0,8,0,28,1,1,pre_allocation
35,4956,greenran_normal,0,0,65535_65535,0,1,87650,65,1,1,1,9,65,28,1,1,allocated
35,4956,greenran_normal,0,0,65535_65535,0,2,87650,57,1,1,0,8,0,28,1,1,pre_allocation
35,4956,greenran_normal,0,0,65535_65535,0,2,87650,65,1,1,1,9,65,28,1,1,allocated
35,4956,greenran_normal,0,0,65535_65535,0,5,87642,57,1,1,0,8,0,28,1,1,pre_allocation
35,4956,greenran_normal,0,0,65535_65535,0,5,87642,65,1,1,1,9,65,28,1,1,allocated
35,4956,greenran_normal,0,0,65535_65535,0,3,87641,57,1,1,0,8,0,28,1,1,pre_allocation
35,4956,greenran_normal,0,0,65535_65535,0,3,87641,65,1,1,1,9,65,28,1,1,allocated
35,4956,greenran_normal,0,0,65535_65535,0,4,89087,45,1,1,0,9,0,22,1,1,pre_allocation
35,4956,greenran_normal,0,0,65535_65535,0,4,89087,50,1,1,1,10,50,22,1,1,allocated
35,4956,greenran_normal,0,0,65535_65535,0,1,87650,65,1,1,0,9,0,28,1,1,pre_allocation
35,4956,greenran_normal,0,0,65535_65535,0,1,87650,72,1,1,1,10,72,28,1,1,allocated
35,4956,greenran_normal,0,0,65535_65535,0,2,87650,65,1,1,0,9,0,28,1,1,pre_allocation
35,4956,greenran_normal,0,0,65535_65535,0,2,87650,72,1,1,1,10,72,28,1,1,allocated
35,4956,greenran_normal,0,0,65535_65535,0,5,87642,65,1,1,0,9,0,28,1,1,pre_allocation
35,4956,greenran_normal,0,0,65535_65535,0,5,87642,72,1,1,1,10,72,28,1,1,allocated
35,4956,greenran_normal,0,0,65535_65535,0,3,87641,65,1,1,0,9,0,28,1,1,pre_allocation
35,4956,greenran_normal,0,0,65535_65535,0,3,87641,72,1,1,1,10,72,28,1,1,allocated
35,4956,greenran_normal,0,0,65535_65535,0,4,89087,50,1,1,0,10,0,22,1,1,pre_allocation
35,4956,greenran_normal,0,0,65535_65535,0,4,89087,55,1,1,1,11,55,22,1,1,allocated
35,4956,greenran_normal,0,0,65535_65535,0,1,87650,72,1,1,0,10,0,28,1,1,pre_allocation
35,4956,greenran_normal,0,0,65535_65535,0,1,87650,80,1,1,1,11,80,28,1,1,allocated
35,4956,greenran_normal,0,0,65535_65535,0,2,87650,72,1,1,0,10,0,28,1,1,pre_allocation
35,4956,greenran_normal,0,0,65535_65535,0,2,87650,80,1,1,1,11,80,28,1,1,allocated
35,4956,greenran_normal,0,0,65535_65535,0,5,87642,72,1,1,0,10,0,28,1,1,pre_allocation
35,4956,greenran_normal,0,0,65535_65535,0,5,87642,80,1,1,1,11,80,28,1,1,allocated
35,4956,greenran_normal,0,0,65535_65535,0,3,87641,72,1,1,0,10,0,28,1,1,pre_allocation
35,4956,greenran_normal,0,0,65535_65535,0,3,87641,80,1,1,1,11,80,28,1,1,allocated
35,4956,greenran_normal,0,0,65535_65535,0,4,89087,55,1,1,0,11,0,22,1,1,pre_allocation
35,4956,greenran_normal,0,0,65535_65535,0,4,89087,61,1,1,1,12,61,22,1,1,allocated
35,4956,greenran_normal,0,0,65535_65535,0,1,87650,80,1,1,0,11,0,28,1,1,pre_allocation
35,4956,greenran_normal,0,0,65535_65535,0,1,87650,88,1,1,1,12,88,28,1,1,allocated
35,4956,greenran_normal,0,0,65535_65535,0,2,87650,80,1,1,0,11,0,28,1,1,pre_allocation
35,4956,greenran_normal,0,0,65535_65535,0,2,87650,88,1,1,1,12,88,28,1,1,allocated
35,4956,greenran_normal,0,0,65535_65535,0,5,87642,80,1,1,0,11,0,28,1,1,pre_allocation
35,4956,greenran_normal,0,0,65535_65535,0,5,87642,88,1,1,1,12,88,28,1,1,allocated
35,4956,greenran_normal,0,0,65535_65535,0,3,87641,80,1,1,0,11,0,28,1,1,pre_allocation
35,4956,greenran_normal,0,0,65535_65535,0,3,87641,88,1,1,1,12,88,28,1,1,allocated
35,4956,greenran_normal,0,0,65535_65535,0,4,89087,61,1,1,0,12,0,22,1,1,pre_allocation
35,4956,greenran_normal,0,0,65535_65535,0,4,89087,66,1,1,1,13,66,22,1,1,allocated
35,4956,greenran_normal,0,0,65535_65535,0,1,87650,88,1,1,0,12,0,28,1,1,pre_allocation
35,4956,greenran_normal,0,0,65535_65535,0,1,87650,95,1,1,1,13,95,28,1,1,allocated
35,4956,greenran_normal,0,0,65535_65535,0,2,87650,88,1,1,0,12,0,28,1,1,pre_allocation
35,4956,greenran_normal,0,0,65535_65535,0,2,87650,95,1,1,1,13,95,28,1,1,allocated
35,4956,greenran_normal,0,0,65535_65535,0,5,87642,88,1,1,0,12,0,28,1,1,pre_allocation
35,4956,greenran_normal,0,0,65535_65535,0,5,87642,95,1,1,1,13,95,28,1,1,allocated
35,4956,greenran_normal,0,0,65535_65535,0,3,87641,88,1,1,0,12,0,28,1,1,pre_allocation
35,4956,greenran_normal,0,0,65535_65535,0,3,87641,95,1,1,1,13,95,28,1,1,allocated
35,4956,greenran_normal,0,0,65535_65535,0,4,89087,66,1,1,0,13,0,22,1,1,pre_allocation
35,4956,greenran_normal,0,0,65535_65535,0,4,89087,72,1,1,1,14,72,22,1,1,allocated
35,4956,greenran_normal,0,0,65535_65535,0,1,87650,95,1,1,0,13,0,28,1,1,pre_allocation
35,4956,greenran_normal,0,0,65535_65535,0,1,87650,103,1,1,1,14,103,28,1,1,allocated
35,4956,greenran_normal,0,0,65535_65535,0,2,87650,95,1,1,0,13,0,28,1,1,pre_allocation
35,4956,greenran_normal,0,0,65535_65535,0,2,87650,103,1,1,1,14,103,28,1,1,allocated
35,4956,greenran_normal,0,0,65535_65535,0,5,87642,95,1,1,0,13,0,28,1,1,pre_allocation
35,4956,greenran_normal,0,0,65535_65535,0,5,87642,103,1,1,1,14,103,28,1,1,allocated
35,4956,greenran_normal,0,0,65535_65535,0,3,87641,95,1,1,0,13,0,28,1,1,pre_allocation
35,4956,greenran_normal,0,0,65535_65535,0,3,87641,103,1,1,1,14,103,28,1,1,allocated
35,4956,greenran_normal,0,0,65535_65535,0,4,89087,72,1,1,0,14,0,22,1,1,pre_allocation
35,4956,greenran_normal,0,0,65535_65535,0,4,89087,77,1,1,1,15,77,22,1,1,allocated
35,4956,greenran_normal,0,0,65535_65535,0,1,87650,103,1,1,0,14,0,28,1,1,pre_allocation
35,4956,greenran_normal,0,0,65535_65535,0,1,87650,110,1,1,1,15,110,28,1,1,allocated
35,4956,greenran_normal,0,0,65535_65535,0,2,87650,103,1,1,0,14,0,28,1,1,pre_allocation
35,4956,greenran_normal,0,0,65535_65535,0,2,87650,110,1,1,1,15,110,28,1,1,allocated
35,4956,greenran_normal,0,0,65535_65535,0,5,87642,103,1,1,0,14,0,28,1,1,pre_allocation
35,4956,greenran_normal,0,0,65535_65535,0,5,87642,110,1,1,1,15,110,28,1,1,allocated
35,4956,greenran_normal,0,0,65535_65535,0,3,87641,103,1,1,0,14,0,28,1,1,pre_allocation
35,4956,greenran_normal,0,0,65535_65535,0,3,87641,110,1,1,1,15,110,28,1,1,allocated
35,4956,greenran_normal,0,0,65535_65535,0,4,89087,77,1,1,0,15,0,22,1,1,pre_allocation
35,4956,greenran_normal,0,0,65535_65535,0,4,89087,82,1,1,1,16,82,22,1,1,allocated
35,4956,greenran_normal,0,0,65535_65535,0,1,87650,110,1,1,0,15,0,28,1,1,pre_allocation
35,4956,greenran_normal,0,0,65535_65535,0,1,87650,118,1,1,1,16,118,28,1,1,allocated
35,4956,greenran_normal,0,0,65535_65535,0,2,87650,110,1,1,0,15,0,28,1,1,pre_allocation
35,4956,greenran_normal,0,0,65535_65535,0,2,87650,118,1,1,1,16,118,28,1,1,allocated
35,4956,greenran_normal,0,0,65535_65535,0,5,87642,110,1,1,0,15,0,28,1,1,pre_allocation
35,4956,greenran_normal,0,0,65535_65535,0,5,87642,118,1,1,1,16,118,28,1,1,allocated
35,4956,greenran_normal,0,0,65535_65535,0,3,87641,110,1,1,0,15,0,28,1,1,pre_allocation
35,4956,greenran_normal,0,0,65535_65535,0,3,87641,118,1,1,1,16,118,28,1,1,allocated
35,4956,greenran_normal,0,0,65535_65535,0,4,89087,82,1,1,0,16,0,22,1,1,pre_allocation
35,4956,greenran_normal,0,0,65535_65535,0,4,89087,88,1,1,1,17,88,22,1,1,allocated
35,4956,greenran_normal,0,0,65535_65535,0,1,87650,118,1,1,0,16,0,28,1,1,pre_allocation
35,4956,greenran_normal,0,0,65535_65535,0,1,87650,126,1,1,1,17,126,28,1,1,allocated
35,4956,greenran_normal,0,0,65535_65535,0,2,87650,118,1,1,0,16,0,28,1,1,pre_allocation
35,4956,greenran_normal,0,0,65535_65535,0,2,87650,126,1,1,1,17,126,28,1,1,allocated
35,4956,greenran_normal,0,0,65535_65535,0,5,87642,118,1,1,0,16,0,28,1,1,pre_allocation
35,4956,greenran_normal,0,0,65535_65535,0,5,87642,126,1,1,1,17,126,28,1,1,allocated
35,4956,greenran_normal,0,0,65535_65535,0,3,87641,118,1,1,0,16,0,28,1,1,pre_allocation
35,4956,greenran_normal,0,0,65535_65535,0,3,87641,126,1,1,1,17,126,28,1,1,allocated
35,4956,greenran_normal,0,0,65535_65535,0,4,89087,88,1,1,0,17,0,22,1,1,pre_allocation
35,4956,greenran_normal,0,0,65535_65535,0,4,89087,93,1,1,1,18,93,22,1,1,allocated
35,4956,greenran_normal,0,0,65535_65535,0,1,87650,126,1,1,0,17,0,28,1,1,pre_allocation
35,4956,greenran_normal,0,0,65535_65535,0,1,87650,133,1,1,1,18,133,28,1,1,allocated
35,4956,greenran_normal,0,0,65535_65535,0,2,87650,126,1,1,0,17,0,28,1,1,pre_allocation
35,4956,greenran_normal,0,0,65535_65535,0,2,87650,133,1,1,1,18,133,28,1,1,allocated
35,4956,greenran_normal,0,0,65535_65535,0,5,87642,126,1,1,0,17,0,28,1,1,pre_allocation
35,4956,greenran_normal,0,0,65535_65535,0,5,87642,133,1,1,1,18,133,28,1,1,allocated
35,4956,greenran_normal,0,0,65535_65535,0,3,87641,126,1,1,0,17,0,28,1,1,pre_allocation
35,4956,greenran_normal,0,0,65535_65535,0,3,87641,133,1,1,1,18,133,28,1,1,allocated
35,4956,greenran_normal,0,0,65535_65535,0,4,89087,93,1,1,0,18,0,22,1,1,pre_allocation
35,4956,greenran_normal,0,0,65535_65535,0,4,89087,98,1,1,1,19,98,22,1,1,allocated
35,4956,greenran_normal,0,0,65535_65535,0,1,87650,133,1,1,0,18,0,28,1,1,pre_allocation
35,4956,greenran_normal,0,0,65535_65535,0,1,87650,141,1,1,1,19,141,28,1,1,allocated
35,4956,greenran_normal,0,0,65535_65535,0,2,87650,133,1,1,0,18,0,28,1,1,pre_allocation
35,4956,greenran_normal,0,0,65535_65535,0,2,87650,141,1,1,1,19,141,28,1,1,allocated
35,4956,greenran_normal,0,0,65535_65535,0,5,87642,133,1,1,0,18,0,28,1,1,pre_allocation
35,4956,greenran_normal,0,0,65535_65535,0,5,87642,141,1,1,1,19,141,28,1,1,allocated
35,4956,greenran_normal,0,0,65535_65535,0,3,87641,133,1,1,0,18,0,28,1,1,pre_allocation
35,4956,greenran_normal,0,0,65535_65535,0,3,87641,141,1,1,1,19,141,28,1,1,allocated
35,4956,greenran_normal,0,0,65535_65535,0,4,89087,98,1,1,0,19,0,22,1,1,pre_allocation
35,4956,greenran_normal,0,0,65535_65535,0,4,89087,104,1,1,1,20,104,22,1,1,allocated
35,4956,greenran_normal,0,0,65535_65535,0,1,87650,141,1,1,0,19,0,28,1,1,pre_allocation
35,4956,greenran_normal,0,0,65535_65535,0,1,87650,148,1,1,1,20,148,28,1,1,allocated
35,4956,greenran_normal,0,0,65535_65535,0,2,87650,141,1,1,0,19,0,28,1,1,pre_allocation
35,4956,greenran_normal,0,0,65535_65535,0,2,87650,148,1,1,1,20,148,28,1,1,allocated
35,4956,greenran_normal,0,0,65535_65535,0,5,87642,141,1,1,0,19,0,28,1,1,pre_allocation
35,4956,greenran_normal,0,0,65535_65535,0,5,87642,148,1,1,1,20,148,28,1,1,allocated
35,4956,greenran_normal,0,0,65535_65535,0,3,87641,141,1,1,0,19,0,28,1,1,pre_allocation
35,4956,greenran_normal,0,0,65535_65535,0,3,87641,148,1,1,1,20,148,28,1,1,allocated
35,4956,greenran_normal,0,0,65535_65535,0,4,89087,104,1,1,0,20,0,22,1,1,pre_allocation
35,4956,greenran_normal,0,0,65535_65535,0,4,89087,109,1,1,1,21,109,22,1,1,allocated
35,4956,greenran_normal,0,0,65535_65535,0,1,87650,148,1,1,0,20,0,28,1,1,pre_allocation
35,4956,greenran_normal,0,0,65535_65535,0,1,87650,156,1,1,1,21,156,28,1,1,allocated
35,4956,greenran_normal,0,0,65535_65535,0,2,87650,148,1,1,0,20,0,28,1,1,pre_allocation
35,4956,greenran_normal,0,0,65535_65535,0,2,87650,156,1,1,1,21,156,28,1,1,allocated
35,4956,greenran_normal,0,0,65535_65535,0,5,87642,148,1,1,0,20,0,28,1,1,pre_allocation
35,4956,greenran_normal,0,0,65535_65535,0,5,87642,156,1,1,1,21,156,28,1,1,allocated
35,4956,greenran_normal,0,0,65535_65535,0,3,87641,148,1,1,0,20,0,28,1,1,pre_allocation
35,4956,greenran_normal,0,0,65535_65535,0,3,87641,156,1,1,1,21,156,28,1,1,allocated
35,4956,greenran_normal,0,0,65535_65535,0,4,89087,109,1,1,0,21,0,22,1,1,pre_allocation
35,4956,greenran_normal,0,0,65535_65535,0,4,89087,114,1,1,1,22,114,22,1,1,allocated
35,4956,greenran_normal,0,0,65535_65535,0,1,87650,156,1,1,0,21,0,28,1,1,pre_allocation
35,4956,greenran_normal,0,0,65535_65535,0,1,87650,163,1,1,1,22,163,28,1,1,allocated
35,4956,greenran_normal,0,0,65535_65535,0,2,87650,156,1,1,0,21,0,28,1,1,pre_allocation
35,4956,greenran_normal,0,0,65535_65535,0,2,87650,163,1,1,1,22,163,28,1,1,allocated
35,4956,greenran_normal,0,0,65535_65535,0,5,87642,156,1,1,0,21,0,28,1,1,pre_allocation
35,4956,greenran_normal,0,0,65535_65535,0,5,87642,163,1,1,1,22,163,28,1,1,allocated
35,4956,greenran_normal,0,0,65535_65535,0,3,87641,156,1,1,0,21,0,28,1,1,pre_allocation
35,4956,greenran_normal,0,0,65535_65535,0,3,87641,163,1,1,1,22,163,28,1,1,allocated
35,4956,greenran_normal,0,0,65535_65535,0,4,89087,114,1,1,0,22,0,22,1,1,pre_allocation
35,4956,greenran_normal,0,0,65535_65535,0,4,89087,120,1,1,1,23,120,22,1,1,allocated
35,4956,greenran_normal,0,0,65535_65535,0,1,87650,163,1,1,0,22,0,28,1,1,pre_allocation
35,4956,greenran_normal,0,0,65535_65535,0,1,87650,171,1,1,1,23,171,28,1,1,allocated
35,4956,greenran_normal,0,0,65535_65535,0,2,87650,163,1,1,0,22,0,28,1,1,pre_allocation
35,4956,greenran_normal,0,0,65535_65535,0,2,87650,171,1,1,1,23,171,28,1,1,allocated
35,4956,greenran_normal,0,0,65535_65535,0,5,87642,163,1,1,0,22,0,28,1,1,pre_allocation
35,4956,greenran_normal,0,0,65535_65535,0,5,87642,171,1,1,1,23,171,28,1,1,allocated
35,4956,greenran_normal,0,0,65535_65535,0,3,87641,163,1,1,0,22,0,28,1,1,pre_allocation
35,4956,greenran_normal,0,0,65535_65535,0,3,87641,171,1,1,1,23,171,28,1,1,allocated
35,4956,greenran_normal,0,0,65535_65535,0,4,89087,120,1,1,0,23,0,22,1,1,pre_allocation
35,4956,greenran_normal,0,0,65535_65535,0,4,89087,125,1,1,1,24,125,22,1,1,allocated
35,4956,greenran_normal,0,0,65535_65535,0,1,87650,171,1,1,0,23,0,28,1,1,pre_allocation
35,4956,greenran_normal,0,0,65535_65535,0,1,87650,179,1,1,1,24,179,28,1,1,allocated
35,4956,greenran_normal,0,0,65535_65535,0,2,87650,171,1,1,0,23,0,28,1,1,pre_allocation
35,4956,greenran_normal,0,0,65535_65535,0,2,87650,179,1,1,1,24,179,28,1,1,allocated
35,4956,greenran_normal,0,0,65535_65535,0,5,87642,171,1,1,0,23,0,28,1,1,pre_allocation
35,4956,greenran_normal,0,0,65535_65535,0,5,87642,179,1,1,1,24,179,28,1,1,allocated
35,4956,greenran_normal,0,0,65535_65535,0,3,87641,171,1,1,0,23,0,28,1,1,pre_allocation
35,4956,greenran_normal,0,0,65535_65535,0,3,87641,179,1,1,1,24,179,28,1,1,allocated
35,4956,greenran_normal,0,0,65535_65535,0,4,89087,125,1,1,0,24,0,22,1,1,pre_allocation
35,4956,greenran_normal,0,0,65535_65535,0,4,89087,131,1,1,1,25,131,22,1,1,allocated
35,4956,greenran_normal,0,0,65535_65535,0,1,87650,179,1,1,0,24,0,28,1,1,pre_allocation
35,4956,greenran_normal,0,0,65535_65535,0,1,87650,186,1,1,1,25,186,28,1,1,allocated
35,4956,greenran_normal,0,0,65535_65535,0,2,87650,179,1,1,0,24,0,28,1,1,pre_allocation
35,4956,greenran_normal,0,0,65535_65535,0,2,87650,186,1,1,1,25,186,28,1,1,allocated
35,4956,greenran_normal,0,0,65535_65535,0,5,87642,179,1,1,0,24,0,28,1,1,pre_allocation
35,4956,greenran_normal,0,0,65535_65535,0,5,87642,186,1,1,1,25,186,28,1,1,allocated
35,4956,greenran_normal,0,0,65535_65535,0,3,87641,179,1,1,0,24,0,28,1,1,pre_allocation
35,4956,greenran_normal,0,0,65535_65535,0,3,87641,186,1,1,1,25,186,28,1,1,allocated
35,4956,greenran_normal,0,0,65535_65535,0,4,89087,131,1,1,0,25,0,22,1,1,pre_allocation
35,4956,greenran_normal,0,0,65535_65535,0,4,89087,136,1,1,1,26,136,22,1,1,allocated
35,4956,greenran_normal,0,0,65535_65535,0,1,87650,186,1,1,0,25,0,28,1,1,pre_allocation
35,4956,greenran_normal,0,0,65535_65535,0,1,87650,194,1,1,1,26,194,28,1,1,allocated
35,4956,greenran_normal,0,0,65535_65535,0,2,87650,186,1,1,0,25,0,28,1,1,pre_allocation
35,4956,greenran_normal,0,0,65535_65535,0,2,87650,194,1,1,1,26,194,28,1,1,allocated
35,4956,greenran_normal,0,0,65535_65535,0,5,87642,186,1,1,0,25,0,28,1,1,pre_allocation
35,4956,greenran_normal,0,0,65535_65535,0,5,87642,194,1,1,1,26,194,28,1,1,allocated
35,4956,greenran_normal,0,0,65535_65535,0,3,87641,186,1,1,0,25,0,28,1,1,pre_allocation
35,4956,greenran_normal,0,0,65535_65535,0,3,87641,194,1,1,1,26,194,28,1,1,allocated
35,4956,greenran_normal,0,0,65535_65535,0,4,89087,136,1,1,0,26,0,22,1,1,pre_allocation
35,4956,greenran_normal,0,0,65535_65535,0,4,89087,141,1,1,1,27,141,22,1,1,allocated
35,4956,greenran_normal,0,0,65535_65535,0,1,87650,194,1,1,0,26,0,28,1,1,pre_allocation
35,4956,greenran_normal,0,0,65535_65535,0,1,87650,201,1,1,1,27,201,28,1,1,allocated
35,4956,greenran_normal,0,0,65535_65535,0,2,87650,194,1,1,0,26,0,28,1,1,pre_allocation
35,4956,greenran_normal,0,0,65535_65535,0,2,87650,201,1,1,1,27,201,28,1,1,allocated
35,4956,greenran_normal,0,0,65535_65535,0,5,87642,194,1,1,0,26,0,28,1,1,pre_allocation
35,4956,greenran_normal,0,0,65535_65535,0,5,87642,201,1,1,1,27,201,28,1,1,allocated
35,4956,greenran_normal,0,0,65535_65535,0,3,87641,194,1,1,0,26,0,28,1,1,pre_allocation
35,4956,greenran_normal,0,0,65535_65535,0,3,87641,201,1,1,1,27,201,28,1,1,allocated
35,4956,greenran_normal,0,0,65535_65535,0,4,89087,141,1,1,0,27,0,22,1,1,pre_allocation
35,4956,greenran_normal,0,0,65535_65535,0,4,89087,147,1,1,1,28,147,22,1,1,allocated
35,4956,greenran_normal,0,0,65535_65535,0,1,87650,201,1,1,0,27,0,28,1,1,pre_allocation
35,4956,greenran_normal,0,0,65535_65535,0,1,87650,209,1,1,1,28,209,28,1,1,allocated
35,4956,greenran_normal,0,0,65535_65535,0,2,87650,201,1,1,0,27,0,28,1,1,pre_allocation
35,4956,greenran_normal,0,0,65535_65535,0,2,87650,209,1,1,1,28,209,28,1,1,allocated
35,4956,greenran_normal,0,0,65535_65535,0,5,87642,201,1,1,0,27,0,28,1,1,pre_allocation
35,4956,greenran_normal,0,0,65535_65535,0,5,87642,209,1,1,1,28,209,28,1,1,allocated
35,4956,greenran_normal,0,0,65535_65535,0,3,87641,201,1,1,0,27,0,28,1,1,pre_allocation
35,4956,greenran_normal,0,0,65535_65535,0,3,87641,209,1,1,1,28,209,28,1,1,allocated
35,4956,greenran_normal,0,0,65535_65535,0,4,89087,147,1,1,0,28,0,22,1,1,pre_allocation
35,4956,greenran_normal,0,0,65535_65535,0,4,89087,152,1,1,1,29,152,22,1,1,allocated
35,4956,greenran_normal,0,0,65535_65535,0,1,87650,209,1,1,0,28,0,28,1,1,pre_allocation
35,4956,greenran_normal,0,0,65535_65535,0,1,87650,217,1,1,1,29,217,28,1,1,allocated
35,4956,greenran_normal,0,0,65535_65535,0,2,87650,209,1,1,0,28,0,28,1,1,pre_allocation
35,4956,greenran_normal,0,0,65535_65535,0,2,87650,217,1,1,1,29,217,28,1,1,allocated
35,4956,greenran_normal,0,0,65535_65535,0,5,87642,209,1,1,0,28,0,28,1,1,pre_allocation
35,4956,greenran_normal,0,0,65535_65535,0,5,87642,217,1,1,1,29,217,28,1,1,allocated
35,4956,greenran_normal,0,0,65535_65535,0,3,87641,209,1,1,0,28,0,28,1,1,pre_allocation
35,4956,greenran_normal,0,0,65535_65535,0,3,87641,217,1,1,1,29,217,28,1,1,allocated
35,4956,greenran_normal,0,0,65535_65535,0,4,89087,152,1,1,0,29,0,22,1,1,pre_allocation
35,4956,greenran_normal,0,0,65535_65535,0,4,89087,157,1,1,1,30,157,22,1,1,allocated
35,4956,greenran_normal,0,0,65535_65535,0,1,87650,217,1,1,0,29,0,28,1,1,pre_allocation
35,4956,greenran_normal,0,0,65535_65535,0,1,87650,224,1,1,1,30,224,28,1,1,allocated
35,4956,greenran_normal,0,0,65535_65535,0,2,87650,217,1,1,0,29,0,28,1,1,pre_allocation
35,4956,greenran_normal,0,0,65535_65535,0,2,87650,224,1,1,1,30,224,28,1,1,allocated
35,4956,greenran_normal,0,0,65535_65535,0,5,87642,217,1,1,0,29,0,28,1,1,pre_allocation
35,4956,greenran_normal,0,0,65535_65535,0,5,87642,224,1,1,1,30,224,28,1,1,allocated
35,4956,greenran_normal,0,0,65535_65535,0,3,87641,217,1,1,0,29,0,28,1,1,pre_allocation
35,4956,greenran_normal,0,0,65535_65535,0,3,87641,224,1,1,1,30,224,28,1,1,allocated
35,4956,greenran_normal,0,0,65535_65535,0,4,89087,157,1,1,0,30,0,22,1,1,pre_allocation
35,4956,greenran_normal,0,0,65535_65535,0,4,89087,163,1,1,1,31,163,22,1,1,allocated
35,4956,greenran_normal,0,0,65535_65535,0,1,87650,224,1,1,0,30,0,28,1,1,pre_allocation
35,4956,greenran_normal,0,0,65535_65535,0,1,87650,232,1,1,1,31,232,28,1,1,allocated
35,4956,greenran_normal,0,0,65535_65535,0,2,87650,224,1,1,0,30,0,28,1,1,pre_allocation
35,4956,greenran_normal,0,0,65535_65535,0,2,87650,232,1,1,1,31,232,28,1,1,allocated
35,4956,greenran_normal,0,0,65535_65535,0,5,87642,224,1,1,0,30,0,28,1,1,pre_allocation
35,4956,greenran_normal,0,0,65535_65535,0,5,87642,232,1,1,1,31,232,28,1,1,allocated
35,4956,greenran_normal,0,0,65535_65535,0,3,87641,224,1,1,0,30,0,28,1,1,pre_allocation
35,4956,greenran_normal,0,0,65535_65535,0,3,87641,232,1,1,1,31,232,28,1,1,allocated
35,4956,greenran_normal,0,0,65535_65535,0,4,89087,163,1,1,0,31,0,22,1,1,pre_allocation
35,4956,greenran_normal,0,0,65535_65535,0,4,89087,168,1,1,1,32,168,22,1,1,allocated
35,4956,greenran_normal,0,0,65535_65535,0,1,87650,232,1,1,0,31,0,28,1,1,pre_allocation
35,4956,greenran_normal,0,0,65535_65535,0,1,87650,239,1,1,1,32,239,28,1,1,allocated
35,4956,greenran_normal,0,0,65535_65535,2,38,2845389,0,1,1,0,0,0,15,1,1,pre_allocation
35,4956,greenran_normal,0,0,65535_65535,2,38,2845389,2,1,1,1,1,2,15,1,1,allocated
35,4956,greenran_normal,0,0,65535_65535,2,60,2845135,0,1,1,0,0,0,12,1,1,pre_allocation
35,4956,greenran_normal,0,0,65535_65535,2,60,2845135,2,1,1,1,1,2,12,1,1,allocated
35,4956,greenran_normal,0,0,65535_65535,2,64,2844993,0,1,1,0,0,0,15,1,1,pre_allocation
35,4956,greenran_normal,0,0,65535_65535,2,64,2844993,2,1,1,1,1,2,15,1,1,allocated
35,4956,greenran_normal,0,0,65535_65535,2,43,2844625,0,1,1,0,0,0,16,1,1,pre_allocation
35,4956,greenran_normal,0,0,65535_65535,2,43,2844625,0,1,1,1,1,0,16,1,1,allocated
35,4956,greenran_normal,0,0,65535_65535,2,42,2844292,0,1,1,0,0,0,24,1,1,pre_allocation
35,4956,greenran_normal,0,0,65535_65535,2,42,2844292,3,1,1,1,1,3,24,1,1,allocated
35,4956,greenran_normal,0,0,65535_65535,2,36,2844020,0,1,1,0,0,0,28,1,1,pre_allocation
35,4956,greenran_normal,0,0,65535_65535,2,36,2844020,4,1,1,1,1,4,28,1,1,allocated
35,4956,greenran_normal,0,0,65535_65535,2,58,2844013,0,1,1,0,0,0,24,1,1,pre_allocation
35,4956,greenran_normal,0,0,65535_65535,2,58,2844013,3,1,1,1,1,3,24,1,1,allocated
35,4956,greenran_normal,0,0,65535_65535,2,59,2843978,0,1,1,0,0,0,22,1,1,pre_allocation
35,4956,greenran_normal,0,0,65535_65535,2,59,2843978,2,1,1,1,1,2,22,1,1,allocated
35,4956,greenran_normal,0,0,65535_65535,2,39,2843945,0,1,1,0,0,0,28,1,1,pre_allocation
35,4956,greenran_normal,0,0,65535_65535,2,39,2843945,4,1,1,1,1,4,28,1,1,allocated
35,4956,greenran_normal,0,0,65535_65535,2,37,2843943,0,1,1,0,0,0,28,1,1,pre_allocation
35,4956,greenran_normal,0,0,65535_65535,2,37,2843943,4,1,1,1,1,4,28,1,1,allocated
35,4956,greenran_normal,0,0,65535_65535,2,41,2843943,0,1,1,0,0,0,28,1,1,pre_allocation
35,4956,greenran_normal,0,0,65535_65535,2,41,2843943,4,1,1,1,1,4,28,1,1,allocated
35,4956,greenran_normal,0,0,65535_65535,2,56,2843940,0,1,1,0,0,0,28,1,1,pre_allocation
35,4956,greenran_normal,0,0,65535_65535,2,56,2843940,4,1,1,1,1,4,28,1,1,allocated
35,4956,greenran_normal,0,0,65535_65535,2,57,2843940,0,1,1,0,0,0,28,1,1,pre_allocation
35,4956,greenran_normal,0,0,65535_65535,2,57,2843940,4,1,1,1,1,4,28,1,1,allocated
35,4956,greenran_normal,0,0,65535_65535,2,40,2843942,0,1,1,0,0,0,28,1,1,pre_allocation
35,4956,greenran_normal,0,0,65535_65535,2,40,2843942,4,1,1,1,1,4,28,1,1,allocated
35,4956,greenran_normal,0,0,65535_65535,2,63,2843938,0,1,1,0,0,0,28,1,1,pre_allocation
35,4956,greenran_normal,0,0,65535_65535,2,63,2843938,4,1,1,1,1,4,28,1,1,allocated
35,4956,greenran_normal,0,0,65535_65535,2,62,2843938,0,1,1,0,0,0,28,1,1,pre_allocation
35,4956,greenran_normal,0,0,65535_65535,2,62,2843938,4,1,1,1,1,4,28,1,1,allocated
35,4956,greenran_normal,0,0,65535_65535,2,61,2843938,0,1,1,0,0,0,28,1,1,pre_allocation
35,4956,greenran_normal,0,0,65535_65535,2,61,2843938,4,1,1,1,1,4,28,1,1,allocated
35,4956,greenran_normal,0,0,65535_65535,2,35,2843933,0,1,1,0,0,0,28,1,1,pre_allocation
35,4956,greenran_normal,0,0,65535_65535,2,35,2843933,4,1,1,1,1,4,28,1,1,allocated
35,4956,greenran_normal,0,0,65535_65535,2,44,2843933,0,1,1,0,0,0,28,1,1,pre_allocation
35,4956,greenran_normal,0,0,65535_65535,2,44,2843933,4,1,1,1,1,4,28,1,1,allocated
35,4956,greenran_normal,0,0,65535_65535,2,55,2843933,0,1,1,0,0,0,28,1,1,pre_allocation
35,4956,greenran_normal,0,0,65535_65535,2,55,2843933,4,1,1,1,1,4,28,1,1,allocated
35,4956,greenran_normal,0,0,65535_65535,2,38,2845389,2,1,1,0,1,0,15,1,1,pre_allocation
35,4956,greenran_normal,0,0,65535_65535,2,38,2845389,2,1,1,1,2,2,15,1,1,allocated
35,4956,greenran_normal,0,0,65535_65535,2,60,2845135,2,1,1,0,1,0,12,1,1,pre_allocation
35,4956,greenran_normal,0,0,65535_65535,2,60,2845135,1,1,1,1,2,1,12,1,1,allocated
35,4956,greenran_normal,0,0,65535_65535,2,64,2844993,2,1,1,0,1,0,15,1,1,pre_allocation
35,4956,greenran_normal,0,0,65535_65535,2,64,2844993,2,1,1,1,2,2,15,1,1,allocated
35,4956,greenran_normal,0,0,65535_65535,2,43,2844625,0,1,1,0,1,0,16,1,1,pre_allocation
35,4956,greenran_normal,0,0,65535_65535,2,43,2844625,3,1,1,1,2,3,16,1,1,allocated
35,4956,greenran_normal,0,0,65535_65535,2,42,2844292,3,1,1,0,1,0,24,1,1,pre_allocation
35,4956,greenran_normal,0,0,65535_65535,2,42,2844292,9,1,1,1,2,9,24,1,1,allocated
35,4956,greenran_normal,0,0,65535_65535,2,36,2844020,4,1,1,0,1,0,28,1,1,pre_allocation
35,4956,greenran_normal,0,0,65535_65535,2,36,2844020,12,1,1,1,2,12,28,1,1,allocated
35,4956,greenran_normal,0,0,65535_65535,2,58,2844013,3,1,1,0,1,0,24,1,1,pre_allocation
35,4956,greenran_normal,0,0,65535_65535,2,58,2844013,9,1,1,1,2,9,24,1,1,allocated
35,4956,greenran_normal,0,0,65535_65535,2,59,2843978,2,1,1,0,1,0,22,1,1,pre_allocation
35,4956,greenran_normal,0,0,65535_65535,2,59,2843978,7,1,1,1,2,7,22,1,1,allocated
35,4956,greenran_normal,0,0,65535_65535,2,39,2843945,4,1,1,0,1,0,28,1,1,pre_allocation
35,4956,greenran_normal,0,0,65535_65535,2,39,2843945,12,1,1,1,2,12,28,1,1,allocated
35,4956,greenran_normal,0,0,65535_65535,2,37,2843943,4,1,1,0,1,0,28,1,1,pre_allocation
35,4956,greenran_normal,0,0,65535_65535,2,37,2843943,12,1,1,1,2,12,28,1,1,allocated
35,4956,greenran_normal,0,0,65535_65535,2,41,2843943,4,1,1,0,1,0,28,1,1,pre_allocation
35,4956,greenran_normal,0,0,65535_65535,2,41,2843943,12,1,1,1,2,12,28,1,1,allocated
35,4956,greenran_normal,0,0,65535_65535,2,56,2843940,4,1,1,0,1,0,28,1,1,pre_allocation
35,4956,greenran_normal,0,0,65535_65535,2,56,2843940,12,1,1,1,2,12,28,1,1,allocated
35,4956,greenran_normal,0,0,65535_65535,2,57,2843940,4,1,1,0,1,0,28,1,1,pre_allocation
35,4956,greenran_normal,0,0,65535_65535,2,57,2843940,12,1,1,1,2,12,28,1,1,allocated
35,4956,greenran_normal,0,0,65535_65535,2,40,2843942,4,1,1,0,1,0,28,1,1,pre_allocation
35,4956,greenran_normal,0,0,65535_65535,2,40,2843942,12,1,1,1,2,12,28,1,1,allocated
35,4956,greenran_normal,0,0,65535_65535,2,63,2843938,4,1,1,0,1,0,28,1,1,pre_allocation
35,4956,greenran_normal,0,0,65535_65535,2,63,2843938,12,1,1,1,2,12,28,1,1,allocated
35,4956,greenran_normal,0,0,65535_65535,2,62,2843938,4,1,1,0,1,0,28,1,1,pre_allocation
35,4956,greenran_normal,0,0,65535_65535,2,62,2843938,12,1,1,1,2,12,28,1,1,allocated
35,4956,greenran_normal,0,0,65535_65535,2,61,2843938,4,1,1,0,1,0,28,1,1,pre_allocation
35,4956,greenran_normal,0,0,65535_65535,2,61,2843938,12,1,1,1,2,12,28,1,1,allocated
35,4956,greenran_normal,0,0,65535_65535,2,35,2843933,4,1,1,0,1,0,28,1,1,pre_allocation
35,4956,greenran_normal,0,0,65535_65535,2,35,2843933,12,1,1,1,2,12,28,1,1,allocated
35,4956,greenran_normal,0,0,65535_65535,2,44,2843933,4,1,1,0,1,0,28,1,1,pre_allocation
35,4956,greenran_normal,0,0,65535_65535,2,44,2843933,12,1,1,1,2,12,28,1,1,allocated
35,4956,greenran_normal,0,0,65535_65535,2,55,2843933,4,1,1,0,1,0,28,1,1,pre_allocation
35,4956,greenran_normal,0,0,65535_65535,2,55,2843933,12,1,1,1,2,12,28,1,1,allocated
35,4956,greenran_normal,0,0,65535_65535,2,38,2845389,2,1,1,0,2,0,15,1,1,pre_allocation
35,4956,greenran_normal,0,0,65535_65535,2,38,2845389,5,1,1,1,3,5,15,1,1,allocated
35,4956,greenran_normal,0,0,65535_65535,2,60,2845135,1,1,1,0,2,0,12,1,1,pre_allocation
35,4956,greenran_normal,0,0,65535_65535,2,60,2845135,3,1,1,1,3,3,12,1,1,allocated
35,4956,greenran_normal,0,0,65535_65535,2,64,2844993,2,1,1,0,2,0,15,1,1,pre_allocation
35,4956,greenran_normal,0,0,65535_65535,2,64,2844993,5,1,1,1,3,5,15,1,1,allocated
35,4956,greenran_normal,0,0,65535_65535,2,43,2844625,3,1,1,0,2,0,16,1,1,pre_allocation
35,4956,greenran_normal,0,0,65535_65535,2,43,2844625,6,1,1,1,3,6,16,1,1,allocated
35,4956,greenran_normal,0,0,65535_65535,2,42,2844292,9,1,1,0,2,0,24,1,1,pre_allocation
35,4956,greenran_normal,0,0,65535_65535,2,42,2844292,15,1,1,1,3,15,24,1,1,allocated
35,4956,greenran_normal,0,0,65535_65535,2,36,2844020,12,1,1,0,2,0,28,1,1,pre_allocation
35,4956,greenran_normal,0,0,65535_65535,2,36,2844020,19,1,1,1,3,19,28,1,1,allocated
35,4956,greenran_normal,0,0,65535_65535,2,58,2844013,9,1,1,0,2,0,24,1,1,pre_allocation
35,4956,greenran_normal,0,0,65535_65535,2,58,2844013,15,1,1,1,3,15,24,1,1,allocated
35,4956,greenran_normal,0,0,65535_65535,2,59,2843978,7,1,1,0,2,0,22,1,1,pre_allocation
35,4956,greenran_normal,0,0,65535_65535,2,59,2843978,13,1,1,1,3,13,22,1,1,allocated
35,4956,greenran_normal,0,0,65535_65535,2,39,2843945,12,1,1,0,2,0,28,1,1,pre_allocation
35,4956,greenran_normal,0,0,65535_65535,2,39,2843945,19,1,1,1,3,19,28,1,1,allocated
35,4956,greenran_normal,0,0,65535_65535,2,37,2843943,12,1,1,0,2,0,28,1,1,pre_allocation
35,4956,greenran_normal,0,0,65535_65535,2,37,2843943,19,1,1,1,3,19,28,1,1,allocated
35,4956,greenran_normal,0,0,65535_65535,2,41,2843943,12,1,1,0,2,0,28,1,1,pre_allocation
35,4956,greenran_normal,0,0,65535_65535,2,41,2843943,19,1,1,1,3,19,28,1,1,allocated
35,4956,greenran_normal,0,0,65535_65535,2,56,2843940,12,1,1,0,2,0,28,1,1,pre_allocation
35,4956,greenran_normal,0,0,65535_65535,2,56,2843940,19,1,1,1,3,19,28,1,1,allocated
35,4956,greenran_normal,0,0,65535_65535,2,57,2843940,12,1,1,0,2,0,28,1,1,pre_allocation
35,4956,greenran_normal,0,0,65535_65535,2,57,2843940,19,1,1,1,3,19,28,1,1,allocated
35,4956,greenran_normal,0,0,65535_65535,2,40,2843942,12,1,1,0,2,0,28,1,1,pre_allocation
35,4956,greenran_normal,0,0,65535_65535,2,40,2843942,19,1,1,1,3,19,28,1,1,allocated
35,4956,greenran_normal,0,0,65535_65535,2,63,2843938,12,1,1,0,2,0,28,1,1,pre_allocation
35,4956,greenran_normal,0,0,65535_65535,2,63,2843938,19,1,1,1,3,19,28,1,1,allocated
35,4956,greenran_normal,0,0,65535_65535,2,62,2843938,12,1,1,0,2,0,28,1,1,pre_allocation
35,4956,greenran_normal,0,0,65535_65535,2,62,2843938,19,1,1,1,3,19,28,1,1,allocated
35,4956,greenran_normal,0,0,65535_65535,2,61,2843938,12,1,1,0,2,0,28,1,1,pre_allocation
35,4956,greenran_normal,0,0,65535_65535,2,61,2843938,19,1,1,1,3,19,28,1,1,allocated
35,4956,greenran_normal,0,0,65535_65535,2,35,2843933,12,1,1,0,2,0,28,1,1,pre_allocation
35,4956,greenran_normal,0,0,65535_65535,2,35,2843933,19,1,1,1,3,19,28,1,1,allocated
35,4956,greenran_normal,0,0,65535_65535,2,44,2843933,12,1,1,0,2,0,28,1,1,pre_allocation
35,4956,greenran_normal,0,0,65535_65535,2,44,2843933,19,1,1,1,3,19,28,1,1,allocated
35,4956,greenran_normal,0,0,65535_65535,2,55,2843933,12,1,1,0,2,0,28,1,1,pre_allocation
35,4956,greenran_normal,0,0,65535_65535,2,55,2843933,19,1,1,1,3,19,28,1,1,allocated
35,4956,greenran_normal,0,0,65535_65535,2,38,2845389,5,1,1,0,3,0,15,1,1,pre_allocation
35,4956,greenran_normal,0,0,65535_65535,2,38,2845389,8,1,1,1,4,8,15,1,1,allocated
35,4956,greenran_normal,0,0,65535_65535,2,60,2845135,3,1,1,0,3,0,12,1,1,pre_allocation
35,4956,greenran_normal,0,0,65535_65535,2,60,2845135,5,1,1,1,4,5,12,1,1,allocated
35,4956,greenran_normal,0,0,65535_65535,2,64,2844993,5,1,1,0,3,0,15,1,1,pre_allocation
35,4956,greenran_normal,0,0,65535_65535,2,64,2844993,8,1,1,1,4,8,15,1,1,allocated
35,4956,greenran_normal,0,0,65535_65535,2,43,2844625,6,1,1,0,3,0,16,1,1,pre_allocation
35,4956,greenran_normal,0,0,65535_65535,2,43,2844625,10,1,1,1,4,10,16,1,1,allocated
35,4956,greenran_normal,0,0,65535_65535,2,42,2844292,15,1,1,0,3,0,24,1,1,pre_allocation
35,4956,greenran_normal,0,0,65535_65535,2,42,2844292,21,1,1,1,4,21,24,1,1,allocated
35,4956,greenran_normal,0,0,65535_65535,2,36,2844020,19,1,1,0,3,0,28,1,1,pre_allocation
35,4956,greenran_normal,0,0,65535_65535,2,36,2844020,27,1,1,1,4,27,28,1,1,allocated
35,4956,greenran_normal,0,0,65535_65535,2,58,2844013,15,1,1,0,3,0,24,1,1,pre_allocation
35,4956,greenran_normal,0,0,65535_65535,2,58,2844013,21,1,1,1,4,21,24,1,1,allocated
35,4956,greenran_normal,0,0,65535_65535,2,59,2843978,13,1,1,0,3,0,22,1,1,pre_allocation
35,4956,greenran_normal,0,0,65535_65535,2,59,2843978,18,1,1,1,4,18,22,1,1,allocated
35,4956,greenran_normal,0,0,65535_65535,2,39,2843945,19,1,1,0,3,0,28,1,1,pre_allocation
35,4956,greenran_normal,0,0,65535_65535,2,39,2843945,27,1,1,1,4,27,28,1,1,allocated
35,4956,greenran_normal,0,0,65535_65535,2,37,2843943,19,1,1,0,3,0,28,1,1,pre_allocation
35,4956,greenran_normal,0,0,65535_65535,2,37,2843943,27,1,1,1,4,27,28,1,1,allocated
35,4956,greenran_normal,0,0,65535_65535,2,41,2843943,19,1,1,0,3,0,28,1,1,pre_allocation
35,4956,greenran_normal,0,0,65535_65535,2,41,2843943,27,1,1,1,4,27,28,1,1,allocated
35,4956,greenran_normal,0,0,65535_65535,2,56,2843940,19,1,1,0,3,0,28,1,1,pre_allocation
35,4956,greenran_normal,0,0,65535_65535,2,56,2843940,27,1,1,1,4,27,28,1,1,allocated
35,4956,greenran_normal,0,0,65535_65535,2,57,2843940,19,1,1,0,3,0,28,1,1,pre_allocation
35,4956,greenran_normal,0,0,65535_65535,2,57,2843940,27,1,1,1,4,27,28,1,1,allocated
35,4956,greenran_normal,0,0,65535_65535,2,40,2843942,19,1,1,0,3,0,28,1,1,pre_allocation
35,4956,greenran_normal,0,0,65535_65535,2,40,2843942,27,1,1,1,4,27,28,1,1,allocated
35,4956,greenran_normal,0,0,65535_65535,2,63,2843938,19,1,1,0,3,0,28,1,1,pre_allocation
35,4956,greenran_normal,0,0,65535_65535,2,63,2843938,27,1,1,1,4,27,28,1,1,allocated
35,4956,greenran_normal,0,0,65535_65535,2,62,2843938,19,1,1,0,3,0,28,1,1,pre_allocation
35,4956,greenran_normal,0,0,65535_65535,2,62,2843938,27,1,1,1,4,27,28,1,1,allocated
35,4956,greenran_normal,0,0,65535_65535,2,61,2843938,19,1,1,0,3,0,28,1,1,pre_allocation
35,4956,greenran_normal,0,0,65535_65535,2,61,2843938,27,1,1,1,4,27,28,1,1,allocated
35,4956,greenran_normal,0,0,65535_65535,2,35,2843933,19,1,1,0,3,0,28,1,1,pre_allocation
35,4956,greenran_normal,0,0,65535_65535,2,35,2843933,27,1,1,1,4,27,28,1,1,allocated
35,4956,greenran_normal,0,0,65535_65535,2,44,2843933,19,1,1,0,3,0,28,1,1,pre_allocation
35,4956,greenran_normal,0,0,65535_65535,2,44,2843933,27,1,1,1,4,27,28,1,1,allocated
35,4956,greenran_normal,0,0,65535_65535,2,55,2843933,19,1,1,0,3,0,28,1,1,pre_allocation
35,4956,greenran_normal,0,0,65535_65535,2,55,2843933,27,1,1,1,4,27,28,1,1,allocated
35,4956,greenran_normal,0,0,65535_65535,2,38,2845389,8,1,1,0,4,0,15,1,1,pre_allocation
35,4956,greenran_normal,0,0,65535_65535,2,38,2845389,11,1,1,1,5,11,15,1,1,allocated
35,4956,greenran_normal,0,0,65535_65535,2,60,2845135,5,1,1,0,4,0,12,1,1,pre_allocation
35,4956,greenran_normal,0,0,65535_65535,2,60,2845135,7,1,1,1,5,7,12,1,1,allocated
35,4956,greenran_normal,0,0,65535_65535,2,64,2844993,8,1,1,0,4,0,15,1,1,pre_allocation
35,4956,greenran_normal,0,0,65535_65535,2,64,2844993,11,1,1,1,5,11,15,1,1,allocated
35,4956,greenran_normal,0,0,65535_65535,2,43,2844625,10,1,1,0,4,0,16,1,1,pre_allocation
35,4956,greenran_normal,0,0,65535_65535,2,43,2844625,13,1,1,1,5,13,16,1,1,allocated
35,4956,greenran_normal,0,0,65535_65535,2,42,2844292,21,1,1,0,4,0,24,1,1,pre_allocation
35,4956,greenran_normal,0,0,65535_65535,2,42,2844292,27,1,1,1,5,27,24,1,1,allocated
35,4956,greenran_normal,0,0,65535_65535,2,36,2844020,27,1,1,0,4,0,28,1,1,pre_allocation
35,4956,greenran_normal,0,0,65535_65535,2,36,2844020,34,1,1,1,5,34,28,1,1,allocated
35,4956,greenran_normal,0,0,65535_65535,2,58,2844013,21,1,1,0,4,0,24,1,1,pre_allocation
35,4956,greenran_normal,0,0,65535_65535,2,58,2844013,27,1,1,1,5,27,24,1,1,allocated
35,4956,greenran_normal,0,0,65535_65535,2,59,2843978,18,1,1,0,4,0,22,1,1,pre_allocation
35,4956,greenran_normal,0,0,65535_65535,2,59,2843978,23,1,1,1,5,23,22,1,1,allocated
35,4956,greenran_normal,0,0,65535_65535,2,39,2843945,27,1,1,0,4,0,28,1,1,pre_allocation
35,4956,greenran_normal,0,0,65535_65535,2,39,2843945,34,1,1,1,5,34,28,1,1,allocated
35,4956,greenran_normal,0,0,65535_65535,2,37,2843943,27,1,1,0,4,0,28,1,1,pre_allocation
35,4956,greenran_normal,0,0,65535_65535,2,37,2843943,34,1,1,1,5,34,28,1,1,allocated
35,4956,greenran_normal,0,0,65535_65535,2,41,2843943,27,1,1,0,4,0,28,1,1,pre_allocation
35,4956,greenran_normal,0,0,65535_65535,2,41,2843943,34,1,1,1,5,34,28,1,1,allocated
35,4956,greenran_normal,0,0,65535_65535,2,56,2843940,27,1,1,0,4,0,28,1,1,pre_allocation
35,4956,greenran_normal,0,0,65535_65535,2,56,2843940,34,1,1,1,5,34,28,1,1,allocated
35,4956,greenran_normal,0,0,65535_65535,2,57,2843940,27,1,1,0,4,0,28,1,1,pre_allocation
35,4956,greenran_normal,0,0,65535_65535,2,57,2843940,34,1,1,1,5,34,28,1,1,allocated
35,4956,greenran_normal,0,0,65535_65535,2,40,2843942,27,1,1,0,4,0,28,1,1,pre_allocation
35,4956,greenran_normal,0,0,65535_65535,2,40,2843942,34,1,1,1,5,34,28,1,1,allocated
35,4956,greenran_normal,0,0,65535_65535,2,63,2843938,27,1,1,0,4,0,28,1,1,pre_allocation
35,4956,greenran_normal,0,0,65535_65535,2,63,2843938,34,1,1,1,5,34,28,1,1,allocated
35,4956,greenran_normal,0,0,65535_65535,2,62,2843938,27,1,1,0,4,0,28,1,1,pre_allocation
35,4956,greenran_normal,0,0,65535_65535,2,62,2843938,34,1,1,1,5,34,28,1,1,allocated
35,4956,greenran_normal,0,0,65535_65535,2,61,2843938,27,1,1,0,4,0,28,1,1,pre_allocation
35,4956,greenran_normal,0,0,65535_65535,2,61,2843938,34,1,1,1,5,34,28,1,1,allocated
35,4956,greenran_normal,0,0,65535_65535,2,35,2843933,27,1,1,0,4,0,28,1,1,pre_allocation
35,4956,greenran_normal,0,0,65535_65535,2,35,2843933,34,1,1,1,5,34,28,1,1,allocated
35,4956,greenran_normal,0,0,65535_65535,2,44,2843933,27,1,1,0,4,0,28,1,1,pre_allocation
35,4956,greenran_normal,0,0,65535_65535,2,44,2843933,34,1,1,1,5,34,28,1,1,allocated
35,4956,greenran_normal,0,0,65535_65535,2,55,2843933,27,1,1,0,4,0,28,1,1,pre_allocation
35,4956,greenran_normal,0,0,65535_65535,2,55,2843933,34,1,1,1,5,34,28,1,1,allocated
35,4956,greenran_normal,0,0,65535_65535,2,38,2845389,11,1,1,0,5,0,15,1,1,pre_allocation
35,4956,greenran_normal,0,0,65535_65535,2,38,2845389,14,1,1,1,6,14,15,1,1,allocated
35,4956,greenran_normal,0,0,65535_65535,2,60,2845135,7,1,1,0,5,0,12,1,1,pre_allocation
35,4956,greenran_normal,0,0,65535_65535,2,60,2845135,9,1,1,1,6,9,12,1,1,allocated
35,4956,greenran_normal,0,0,65535_65535,2,64,2844993,11,1,1,0,5,0,15,1,1,pre_allocation
35,4956,greenran_normal,0,0,65535_65535,2,64,2844993,14,1,1,1,6,14,15,1,1,allocated
35,4956,greenran_normal,0,0,65535_65535,2,43,2844625,13,1,1,0,5,0,16,1,1,pre_allocation
35,4956,greenran_normal,0,0,65535_65535,2,43,2844625,16,1,1,1,6,16,16,1,1,allocated
35,4956,greenran_normal,0,0,65535_65535,2,42,2844292,27,1,1,0,5,0,24,1,1,pre_allocation
35,4956,greenran_normal,0,0,65535_65535,2,42,2844292,34,1,1,1,6,34,24,1,1,allocated
35,4956,greenran_normal,0,0,65535_65535,2,36,2844020,34,1,1,0,5,0,28,1,1,pre_allocation
35,4956,greenran_normal,0,0,65535_65535,2,36,2844020,42,1,1,1,6,42,28,1,1,allocated
35,4956,greenran_normal,0,0,65535_65535,2,58,2844013,27,1,1,0,5,0,24,1,1,pre_allocation
35,4956,greenran_normal,0,0,65535_65535,2,58,2844013,34,1,1,1,6,34,24,1,1,allocated
35,4956,greenran_normal,0,0,65535_65535,2,59,2843978,23,1,1,0,5,0,22,1,1,pre_allocation
35,4956,greenran_normal,0,0,65535_65535,2,59,2843978,29,1,1,1,6,29,22,1,1,allocated
35,4956,greenran_normal,0,0,65535_65535,2,39,2843945,34,1,1,0,5,0,28,1,1,pre_allocation
35,4956,greenran_normal,0,0,65535_65535,2,39,2843945,42,1,1,1,6,42,28,1,1,allocated
36,5076,greenran_normal,0,0,65535_65535,0,4,91432,0,1,1,0,0,0,24,1,1,pre_allocation
36,5076,greenran_normal,0,0,65535_65535,0,4,91432,3,1,1,1,1,3,24,1,1,allocated
36,5076,greenran_normal,0,0,65535_65535,0,2,89931,0,1,1,0,0,0,28,1,1,pre_allocation
36,5076,greenran_normal,0,0,65535_65535,0,2,89931,4,1,1,1,1,4,28,1,1,allocated
36,5076,greenran_normal,0,0,65535_65535,0,5,89923,0,1,1,0,0,0,28,1,1,pre_allocation
36,5076,greenran_normal,0,0,65535_65535,0,5,89923,4,1,1,1,1,4,28,1,1,allocated
36,5076,greenran_normal,0,0,65535_65535,0,3,89922,0,1,1,0,0,0,28,1,1,pre_allocation
36,5076,greenran_normal,0,0,65535_65535,0,3,89922,4,1,1,1,1,4,28,1,1,allocated
36,5076,greenran_normal,0,0,65535_65535,0,1,89924,0,1,1,0,0,0,28,1,1,pre_allocation
36,5076,greenran_normal,0,0,65535_65535,0,1,89924,4,1,1,1,1,4,28,1,1,allocated
36,5076,greenran_normal,0,0,65535_65535,0,4,91432,3,1,1,0,1,0,24,1,1,pre_allocation
36,5076,greenran_normal,0,0,65535_65535,0,4,91432,9,1,1,1,2,9,24,1,1,allocated
36,5076,greenran_normal,0,0,65535_65535,0,2,89931,4,1,1,0,1,0,28,1,1,pre_allocation
36,5076,greenran_normal,0,0,65535_65535,0,2,89931,12,1,1,1,2,12,28,1,1,allocated
36,5076,greenran_normal,0,0,65535_65535,0,5,89923,4,1,1,0,1,0,28,1,1,pre_allocation
36,5076,greenran_normal,0,0,65535_65535,0,5,89923,12,1,1,1,2,12,28,1,1,allocated
36,5076,greenran_normal,0,0,65535_65535,0,3,89922,4,1,1,0,1,0,28,1,1,pre_allocation
36,5076,greenran_normal,0,0,65535_65535,0,3,89922,12,1,1,1,2,12,28,1,1,allocated
36,5076,greenran_normal,0,0,65535_65535,0,1,89924,4,1,1,0,1,0,28,1,1,pre_allocation
36,5076,greenran_normal,0,0,65535_65535,0,1,89924,12,1,1,1,2,12,28,1,1,allocated
36,5076,greenran_normal,0,0,65535_65535,0,4,91432,9,1,1,0,2,0,24,1,1,pre_allocation
36,5076,greenran_normal,0,0,65535_65535,0,4,91432,15,1,1,1,3,15,24,1,1,allocated
36,5076,greenran_normal,0,0,65535_65535,0,2,89931,12,1,1,0,2,0,28,1,1,pre_allocation
36,5076,greenran_normal,0,0,65535_65535,0,2,89931,19,1,1,1,3,19,28,1,1,allocated
36,5076,greenran_normal,0,0,65535_65535,0,5,89923,12,1,1,0,2,0,28,1,1,pre_allocation
36,5076,greenran_normal,0,0,65535_65535,0,5,89923,19,1,1,1,3,19,28,1,1,allocated
36,5076,greenran_normal,0,0,65535_65535,0,3,89922,12,1,1,0,2,0,28,1,1,pre_allocation
36,5076,greenran_normal,0,0,65535_65535,0,3,89922,19,1,1,1,3,19,28,1,1,allocated
36,5076,greenran_normal,0,0,65535_65535,0,1,89924,12,1,1,0,2,0,28,1,1,pre_allocation
36,5076,greenran_normal,0,0,65535_65535,0,1,89924,19,1,1,1,3,19,28,1,1,allocated
36,5076,greenran_normal,0,0,65535_65535,0,4,91432,15,1,1,0,3,0,24,1,1,pre_allocation
36,5076,greenran_normal,0,0,65535_65535,0,4,91432,21,1,1,1,4,21,24,1,1,allocated
36,5076,greenran_normal,0,0,65535_65535,0,2,89931,19,1,1,0,3,0,28,1,1,pre_allocation
36,5076,greenran_normal,0,0,65535_65535,0,2,89931,27,1,1,1,4,27,28,1,1,allocated
36,5076,greenran_normal,0,0,65535_65535,0,5,89923,19,1,1,0,3,0,28,1,1,pre_allocation
36,5076,greenran_normal,0,0,65535_65535,0,5,89923,27,1,1,1,4,27,28,1,1,allocated
36,5076,greenran_normal,0,0,65535_65535,0,3,89922,19,1,1,0,3,0,28,1,1,pre_allocation
36,5076,greenran_normal,0,0,65535_65535,0,3,89922,27,1,1,1,4,27,28,1,1,allocated
36,5076,greenran_normal,0,0,65535_65535,0,1,89924,19,1,1,0,3,0,28,1,1,pre_allocation
36,5076,greenran_normal,0,0,65535_65535,0,1,89924,27,1,1,1,4,27,28,1,1,allocated
36,5076,greenran_normal,0,0,65535_65535,0,4,91432,21,1,1,0,4,0,24,1,1,pre_allocation
36,5076,greenran_normal,0,0,65535_65535,0,4,91432,27,1,1,1,5,27,24,1,1,allocated
36,5076,greenran_normal,0,0,65535_65535,0,2,89931,27,1,1,0,4,0,28,1,1,pre_allocation
36,5076,greenran_normal,0,0,65535_65535,0,2,89931,34,1,1,1,5,34,28,1,1,allocated
36,5076,greenran_normal,0,0,65535_65535,0,5,89923,27,1,1,0,4,0,28,1,1,pre_allocation
36,5076,greenran_normal,0,0,65535_65535,0,5,89923,34,1,1,1,5,34,28,1,1,allocated
36,5076,greenran_normal,0,0,65535_65535,0,3,89922,27,1,1,0,4,0,28,1,1,pre_allocation
36,5076,greenran_normal,0,0,65535_65535,0,3,89922,34,1,1,1,5,34,28,1,1,allocated
36,5076,greenran_normal,0,0,65535_65535,0,1,89924,27,1,1,0,4,0,28,1,1,pre_allocation
36,5076,greenran_normal,0,0,65535_65535,0,1,89924,34,1,1,1,5,34,28,1,1,allocated
36,5076,greenran_normal,0,0,65535_65535,0,4,91432,27,1,1,0,5,0,24,1,1,pre_allocation
36,5076,greenran_normal,0,0,65535_65535,0,4,91432,34,1,1,1,6,34,24,1,1,allocated
36,5076,greenran_normal,0,0,65535_65535,0,2,89931,34,1,1,0,5,0,28,1,1,pre_allocation
36,5076,greenran_normal,0,0,65535_65535,0,2,89931,42,1,1,1,6,42,28,1,1,allocated
36,5076,greenran_normal,0,0,65535_65535,0,5,89923,34,1,1,0,5,0,28,1,1,pre_allocation
36,5076,greenran_normal,0,0,65535_65535,0,5,89923,42,1,1,1,6,42,28,1,1,allocated
36,5076,greenran_normal,0,0,65535_65535,0,3,89922,34,1,1,0,5,0,28,1,1,pre_allocation
36,5076,greenran_normal,0,0,65535_65535,0,3,89922,42,1,1,1,6,42,28,1,1,allocated
36,5076,greenran_normal,0,0,65535_65535,0,1,89924,34,1,1,0,5,0,28,1,1,pre_allocation
36,5076,greenran_normal,0,0,65535_65535,0,1,89924,42,1,1,1,6,42,28,1,1,allocated
36,5076,greenran_normal,0,0,65535_65535,0,4,91432,34,1,1,0,6,0,24,1,1,pre_allocation
36,5076,greenran_normal,0,0,65535_65535,0,4,91432,40,1,1,1,7,40,24,1,1,allocated
36,5076,greenran_normal,0,0,65535_65535,0,2,89931,42,1,1,0,6,0,28,1,1,pre_allocation
36,5076,greenran_normal,0,0,65535_65535,0,2,89931,50,1,1,1,7,50,28,1,1,allocated
36,5076,greenran_normal,0,0,65535_65535,0,5,89923,42,1,1,0,6,0,28,1,1,pre_allocation
36,5076,greenran_normal,0,0,65535_65535,0,5,89923,50,1,1,1,7,50,28,1,1,allocated
36,5076,greenran_normal,0,0,65535_65535,0,3,89922,42,1,1,0,6,0,28,1,1,pre_allocation
36,5076,greenran_normal,0,0,65535_65535,0,3,89922,50,1,1,1,7,50,28,1,1,allocated
36,5076,greenran_normal,0,0,65535_65535,0,1,89924,42,1,1,0,6,0,28,1,1,pre_allocation
36,5076,greenran_normal,0,0,65535_65535,0,1,89924,50,1,1,1,7,50,28,1,1,allocated
36,5076,greenran_normal,0,0,65535_65535,0,4,91432,40,1,1,0,7,0,24,1,1,pre_allocation
36,5076,greenran_normal,0,0,65535_65535,0,4,91432,46,1,1,1,8,46,24,1,1,allocated
36,5076,greenran_normal,0,0,65535_65535,0,2,89931,50,1,1,0,7,0,28,1,1,pre_allocation
36,5076,greenran_normal,0,0,65535_65535,0,2,89931,57,1,1,1,8,57,28,1,1,allocated
36,5076,greenran_normal,0,0,65535_65535,0,5,89923,50,1,1,0,7,0,28,1,1,pre_allocation
36,5076,greenran_normal,0,0,65535_65535,0,5,89923,57,1,1,1,8,57,28,1,1,allocated
36,5076,greenran_normal,0,0,65535_65535,0,3,89922,50,1,1,0,7,0,28,1,1,pre_allocation
36,5076,greenran_normal,0,0,65535_65535,0,3,89922,57,1,1,1,8,57,28,1,1,allocated
36,5076,greenran_normal,0,0,65535_65535,0,1,89924,50,1,1,0,7,0,28,1,1,pre_allocation
36,5076,greenran_normal,0,0,65535_65535,0,1,89924,57,1,1,1,8,57,28,1,1,allocated
36,5076,greenran_normal,0,0,65535_65535,0,4,91432,46,1,1,0,8,0,24,1,1,pre_allocation
36,5076,greenran_normal,0,0,65535_65535,0,4,91432,52,1,1,1,9,52,24,1,1,allocated
36,5076,greenran_normal,0,0,65535_65535,0,2,89931,57,1,1,0,8,0,28,1,1,pre_allocation
36,5076,greenran_normal,0,0,65535_65535,0,2,89931,65,1,1,1,9,65,28,1,1,allocated
36,5076,greenran_normal,0,0,65535_65535,0,5,89923,57,1,1,0,8,0,28,1,1,pre_allocation
36,5076,greenran_normal,0,0,65535_65535,0,5,89923,65,1,1,1,9,65,28,1,1,allocated
36,5076,greenran_normal,0,0,65535_65535,0,3,89922,57,1,1,0,8,0,28,1,1,pre_allocation
36,5076,greenran_normal,0,0,65535_65535,0,3,89922,65,1,1,1,9,65,28,1,1,allocated
36,5076,greenran_normal,0,0,65535_65535,0,1,89924,57,1,1,0,8,0,28,1,1,pre_allocation
36,5076,greenran_normal,0,0,65535_65535,0,1,89924,65,1,1,1,9,65,28,1,1,allocated
36,5076,greenran_normal,0,0,65535_65535,0,4,91432,52,1,1,0,9,0,24,1,1,pre_allocation
36,5076,greenran_normal,0,0,65535_65535,0,4,91432,58,1,1,1,10,58,24,1,1,allocated
36,5076,greenran_normal,0,0,65535_65535,0,2,89931,65,1,1,0,9,0,28,1,1,pre_allocation
36,5076,greenran_normal,0,0,65535_65535,0,2,89931,72,1,1,1,10,72,28,1,1,allocated
36,5076,greenran_normal,0,0,65535_65535,0,5,89923,65,1,1,0,9,0,28,1,1,pre_allocation
36,5076,greenran_normal,0,0,65535_65535,0,5,89923,72,1,1,1,10,72,28,1,1,allocated
36,5076,greenran_normal,0,0,65535_65535,0,3,89922,65,1,1,0,9,0,28,1,1,pre_allocation
36,5076,greenran_normal,0,0,65535_65535,0,3,89922,72,1,1,1,10,72,28,1,1,allocated
36,5076,greenran_normal,0,0,65535_65535,0,1,89924,65,1,1,0,9,0,28,1,1,pre_allocation
36,5076,greenran_normal,0,0,65535_65535,0,1,89924,72,1,1,1,10,72,28,1,1,allocated
36,5076,greenran_normal,0,0,65535_65535,0,4,91432,58,1,1,0,10,0,24,1,1,pre_allocation
36,5076,greenran_normal,0,0,65535_65535,0,4,91432,65,1,1,1,11,65,24,1,1,allocated
36,5076,greenran_normal,0,0,65535_65535,0,2,89931,72,1,1,0,10,0,28,1,1,pre_allocation
36,5076,greenran_normal,0,0,65535_65535,0,2,89931,80,1,1,1,11,80,28,1,1,allocated
36,5076,greenran_normal,0,0,65535_65535,0,5,89923,72,1,1,0,10,0,28,1,1,pre_allocation
36,5076,greenran_normal,0,0,65535_65535,0,5,89923,80,1,1,1,11,80,28,1,1,allocated
36,5076,greenran_normal,0,0,65535_65535,0,3,89922,72,1,1,0,10,0,28,1,1,pre_allocation
36,5076,greenran_normal,0,0,65535_65535,0,3,89922,80,1,1,1,11,80,28,1,1,allocated
36,5076,greenran_normal,0,0,65535_65535,0,1,89924,72,1,1,0,10,0,28,1,1,pre_allocation
36,5076,greenran_normal,0,0,65535_65535,0,1,89924,80,1,1,1,11,80,28,1,1,allocated
36,5076,greenran_normal,0,0,65535_65535,0,4,91432,65,1,1,0,11,0,24,1,1,pre_allocation
36,5076,greenran_normal,0,0,65535_65535,0,4,91432,71,1,1,1,12,71,24,1,1,allocated
36,5076,greenran_normal,0,0,65535_65535,0,2,89931,80,1,1,0,11,0,28,1,1,pre_allocation
36,5076,greenran_normal,0,0,65535_65535,0,2,89931,88,1,1,1,12,88,28,1,1,allocated
36,5076,greenran_normal,0,0,65535_65535,0,5,89923,80,1,1,0,11,0,28,1,1,pre_allocation
36,5076,greenran_normal,0,0,65535_65535,0,5,89923,88,1,1,1,12,88,28,1,1,allocated
36,5076,greenran_normal,0,0,65535_65535,0,3,89922,80,1,1,0,11,0,28,1,1,pre_allocation
36,5076,greenran_normal,0,0,65535_65535,0,3,89922,88,1,1,1,12,88,28,1,1,allocated
36,5076,greenran_normal,0,0,65535_65535,0,1,89924,80,1,1,0,11,0,28,1,1,pre_allocation
36,5076,greenran_normal,0,0,65535_65535,0,1,89924,88,1,1,1,12,88,28,1,1,allocated
36,5076,greenran_normal,0,0,65535_65535,0,4,91432,71,1,1,0,12,0,24,1,1,pre_allocation
36,5076,greenran_normal,0,0,65535_65535,0,4,91432,77,1,1,1,13,77,24,1,1,allocated
36,5076,greenran_normal,0,0,65535_65535,0,2,89931,88,1,1,0,12,0,28,1,1,pre_allocation
36,5076,greenran_normal,0,0,65535_65535,0,2,89931,95,1,1,1,13,95,28,1,1,allocated
36,5076,greenran_normal,0,0,65535_65535,0,5,89923,88,1,1,0,12,0,28,1,1,pre_allocation
36,5076,greenran_normal,0,0,65535_65535,0,5,89923,95,1,1,1,13,95,28,1,1,allocated
36,5076,greenran_normal,0,0,65535_65535,0,3,89922,88,1,1,0,12,0,28,1,1,pre_allocation
36,5076,greenran_normal,0,0,65535_65535,0,3,89922,95,1,1,1,13,95,28,1,1,allocated
36,5076,greenran_normal,0,0,65535_65535,0,1,89924,88,1,1,0,12,0,28,1,1,pre_allocation
36,5076,greenran_normal,0,0,65535_65535,0,1,89924,95,1,1,1,13,95,28,1,1,allocated
36,5076,greenran_normal,0,0,65535_65535,0,4,91432,77,1,1,0,13,0,24,1,1,pre_allocation
36,5076,greenran_normal,0,0,65535_65535,0,4,91432,83,1,1,1,14,83,24,1,1,allocated
36,5076,greenran_normal,0,0,65535_65535,0,2,89931,95,1,1,0,13,0,28,1,1,pre_allocation
36,5076,greenran_normal,0,0,65535_65535,0,2,89931,103,1,1,1,14,103,28,1,1,allocated
36,5076,greenran_normal,0,0,65535_65535,0,5,89923,95,1,1,0,13,0,28,1,1,pre_allocation
36,5076,greenran_normal,0,0,65535_65535,0,5,89923,103,1,1,1,14,103,28,1,1,allocated
36,5076,greenran_normal,0,0,65535_65535,0,3,89922,95,1,1,0,13,0,28,1,1,pre_allocation
36,5076,greenran_normal,0,0,65535_65535,0,3,89922,103,1,1,1,14,103,28,1,1,allocated
36,5076,greenran_normal,0,0,65535_65535,0,1,89924,95,1,1,0,13,0,28,1,1,pre_allocation
36,5076,greenran_normal,0,0,65535_65535,0,1,89924,103,1,1,1,14,103,28,1,1,allocated
36,5076,greenran_normal,0,0,65535_65535,0,4,91432,83,1,1,0,14,0,24,1,1,pre_allocation
36,5076,greenran_normal,0,0,65535_65535,0,4,91432,89,1,1,1,15,89,24,1,1,allocated
36,5076,greenran_normal,0,0,65535_65535,0,2,89931,103,1,1,0,14,0,28,1,1,pre_allocation
36,5076,greenran_normal,0,0,65535_65535,0,2,89931,110,1,1,1,15,110,28,1,1,allocated
36,5076,greenran_normal,0,0,65535_65535,0,5,89923,103,1,1,0,14,0,28,1,1,pre_allocation
36,5076,greenran_normal,0,0,65535_65535,0,5,89923,110,1,1,1,15,110,28,1,1,allocated
36,5076,greenran_normal,0,0,65535_65535,0,3,89922,103,1,1,0,14,0,28,1,1,pre_allocation
36,5076,greenran_normal,0,0,65535_65535,0,3,89922,110,1,1,1,15,110,28,1,1,allocated
36,5076,greenran_normal,0,0,65535_65535,0,1,89924,103,1,1,0,14,0,28,1,1,pre_allocation
36,5076,greenran_normal,0,0,65535_65535,0,1,89924,110,1,1,1,15,110,28,1,1,allocated
36,5076,greenran_normal,0,0,65535_65535,0,4,91432,89,1,1,0,15,0,24,1,1,pre_allocation
36,5076,greenran_normal,0,0,65535_65535,0,4,91432,96,1,1,1,16,96,24,1,1,allocated
36,5076,greenran_normal,0,0,65535_65535,0,2,89931,110,1,1,0,15,0,28,1,1,pre_allocation
36,5076,greenran_normal,0,0,65535_65535,0,2,89931,118,1,1,1,16,118,28,1,1,allocated
36,5076,greenran_normal,0,0,65535_65535,0,5,89923,110,1,1,0,15,0,28,1,1,pre_allocation
36,5076,greenran_normal,0,0,65535_65535,0,5,89923,118,1,1,1,16,118,28,1,1,allocated
36,5076,greenran_normal,0,0,65535_65535,0,3,89922,110,1,1,0,15,0,28,1,1,pre_allocation
36,5076,greenran_normal,0,0,65535_65535,0,3,89922,118,1,1,1,16,118,28,1,1,allocated
36,5076,greenran_normal,0,0,65535_65535,0,1,89924,110,1,1,0,15,0,28,1,1,pre_allocation
36,5076,greenran_normal,0,0,65535_65535,0,1,89924,118,1,1,1,16,118,28,1,1,allocated
36,5076,greenran_normal,0,0,65535_65535,0,4,91432,96,1,1,0,16,0,24,1,1,pre_allocation
36,5076,greenran_normal,0,0,65535_65535,0,4,91432,102,1,1,1,17,102,24,1,1,allocated
36,5076,greenran_normal,0,0,65535_65535,0,2,89931,118,1,1,0,16,0,28,1,1,pre_allocation
36,5076,greenran_normal,0,0,65535_65535,0,2,89931,126,1,1,1,17,126,28,1,1,allocated
36,5076,greenran_normal,0,0,65535_65535,0,5,89923,118,1,1,0,16,0,28,1,1,pre_allocation
36,5076,greenran_normal,0,0,65535_65535,0,5,89923,126,1,1,1,17,126,28,1,1,allocated
36,5076,greenran_normal,0,0,65535_65535,0,3,89922,118,1,1,0,16,0,28,1,1,pre_allocation
36,5076,greenran_normal,0,0,65535_65535,0,3,89922,126,1,1,1,17,126,28,1,1,allocated
36,5076,greenran_normal,0,0,65535_65535,0,1,89924,118,1,1,0,16,0,28,1,1,pre_allocation
36,5076,greenran_normal,0,0,65535_65535,0,1,89924,126,1,1,1,17,126,28,1,1,allocated
36,5076,greenran_normal,0,0,65535_65535,0,4,91432,102,1,1,0,17,0,24,1,1,pre_allocation
36,5076,greenran_normal,0,0,65535_65535,0,4,91432,108,1,1,1,18,108,24,1,1,allocated
36,5076,greenran_normal,0,0,65535_65535,0,2,89931,126,1,1,0,17,0,28,1,1,pre_allocation
36,5076,greenran_normal,0,0,65535_65535,0,2,89931,133,1,1,1,18,133,28,1,1,allocated
36,5076,greenran_normal,0,0,65535_65535,0,5,89923,126,1,1,0,17,0,28,1,1,pre_allocation
36,5076,greenran_normal,0,0,65535_65535,0,5,89923,133,1,1,1,18,133,28,1,1,allocated
36,5076,greenran_normal,0,0,65535_65535,0,3,89922,126,1,1,0,17,0,28,1,1,pre_allocation
36,5076,greenran_normal,0,0,65535_65535,0,3,89922,133,1,1,1,18,133,28,1,1,allocated
36,5076,greenran_normal,0,0,65535_65535,0,1,89924,126,1,1,0,17,0,28,1,1,pre_allocation
36,5076,greenran_normal,0,0,65535_65535,0,1,89924,133,1,1,1,18,133,28,1,1,allocated
36,5076,greenran_normal,0,0,65535_65535,0,4,91432,108,1,1,0,18,0,24,1,1,pre_allocation
36,5076,greenran_normal,0,0,65535_65535,0,4,91432,114,1,1,1,19,114,24,1,1,allocated
36,5076,greenran_normal,0,0,65535_65535,0,2,89931,133,1,1,0,18,0,28,1,1,pre_allocation
36,5076,greenran_normal,0,0,65535_65535,0,2,89931,141,1,1,1,19,141,28,1,1,allocated
36,5076,greenran_normal,0,0,65535_65535,0,5,89923,133,1,1,0,18,0,28,1,1,pre_allocation
36,5076,greenran_normal,0,0,65535_65535,0,5,89923,141,1,1,1,19,141,28,1,1,allocated
36,5076,greenran_normal,0,0,65535_65535,0,3,89922,133,1,1,0,18,0,28,1,1,pre_allocation
36,5076,greenran_normal,0,0,65535_65535,0,3,89922,141,1,1,1,19,141,28,1,1,allocated
36,5076,greenran_normal,0,0,65535_65535,0,1,89924,133,1,1,0,18,0,28,1,1,pre_allocation
36,5076,greenran_normal,0,0,65535_65535,0,1,89924,141,1,1,1,19,141,28,1,1,allocated
36,5076,greenran_normal,0,0,65535_65535,0,4,91432,114,1,1,0,19,0,24,1,1,pre_allocation
36,5076,greenran_normal,0,0,65535_65535,0,4,91432,120,1,1,1,20,120,24,1,1,allocated
36,5076,greenran_normal,0,0,65535_65535,0,2,89931,141,1,1,0,19,0,28,1,1,pre_allocation
36,5076,greenran_normal,0,0,65535_65535,0,2,89931,148,1,1,1,20,148,28,1,1,allocated
36,5076,greenran_normal,0,0,65535_65535,0,5,89923,141,1,1,0,19,0,28,1,1,pre_allocation
36,5076,greenran_normal,0,0,65535_65535,0,5,89923,148,1,1,1,20,148,28,1,1,allocated
36,5076,greenran_normal,0,0,65535_65535,0,3,89922,141,1,1,0,19,0,28,1,1,pre_allocation
36,5076,greenran_normal,0,0,65535_65535,0,3,89922,148,1,1,1,20,148,28,1,1,allocated
36,5076,greenran_normal,0,0,65535_65535,0,1,89924,141,1,1,0,19,0,28,1,1,pre_allocation
36,5076,greenran_normal,0,0,65535_65535,0,1,89924,148,1,1,1,20,148,28,1,1,allocated
36,5076,greenran_normal,0,0,65535_65535,0,4,91432,120,1,1,0,20,0,24,1,1,pre_allocation
36,5076,greenran_normal,0,0,65535_65535,0,4,91432,126,1,1,1,21,126,24,1,1,allocated
36,5076,greenran_normal,0,0,65535_65535,0,2,89931,148,1,1,0,20,0,28,1,1,pre_allocation
36,5076,greenran_normal,0,0,65535_65535,0,2,89931,156,1,1,1,21,156,28,1,1,allocated
36,5076,greenran_normal,0,0,65535_65535,0,5,89923,148,1,1,0,20,0,28,1,1,pre_allocation
36,5076,greenran_normal,0,0,65535_65535,0,5,89923,156,1,1,1,21,156,28,1,1,allocated
36,5076,greenran_normal,0,0,65535_65535,0,3,89922,148,1,1,0,20,0,28,1,1,pre_allocation
36,5076,greenran_normal,0,0,65535_65535,0,3,89922,156,1,1,1,21,156,28,1,1,allocated
36,5076,greenran_normal,0,0,65535_65535,0,1,89924,148,1,1,0,20,0,28,1,1,pre_allocation
36,5076,greenran_normal,0,0,65535_65535,0,1,89924,156,1,1,1,21,156,28,1,1,allocated
36,5076,greenran_normal,0,0,65535_65535,0,4,91432,126,1,1,0,21,0,24,1,1,pre_allocation
36,5076,greenran_normal,0,0,65535_65535,0,4,91432,133,1,1,1,22,133,24,1,1,allocated
36,5076,greenran_normal,0,0,65535_65535,0,2,89931,156,1,1,0,21,0,28,1,1,pre_allocation
36,5076,greenran_normal,0,0,65535_65535,0,2,89931,163,1,1,1,22,163,28,1,1,allocated
36,5076,greenran_normal,0,0,65535_65535,0,5,89923,156,1,1,0,21,0,28,1,1,pre_allocation
36,5076,greenran_normal,0,0,65535_65535,0,5,89923,163,1,1,1,22,163,28,1,1,allocated
36,5076,greenran_normal,0,0,65535_65535,0,3,89922,156,1,1,0,21,0,28,1,1,pre_allocation
36,5076,greenran_normal,0,0,65535_65535,0,3,89922,163,1,1,1,22,163,28,1,1,allocated
36,5076,greenran_normal,0,0,65535_65535,0,1,89924,156,1,1,0,21,0,28,1,1,pre_allocation
36,5076,greenran_normal,0,0,65535_65535,0,1,89924,163,1,1,1,22,163,28,1,1,allocated
36,5076,greenran_normal,0,0,65535_65535,0,4,91432,133,1,1,0,22,0,24,1,1,pre_allocation
36,5076,greenran_normal,0,0,65535_65535,0,4,91432,139,1,1,1,23,139,24,1,1,allocated
36,5076,greenran_normal,0,0,65535_65535,0,2,89931,163,1,1,0,22,0,28,1,1,pre_allocation
36,5076,greenran_normal,0,0,65535_65535,0,2,89931,171,1,1,1,23,171,28,1,1,allocated
36,5076,greenran_normal,0,0,65535_65535,0,5,89923,163,1,1,0,22,0,28,1,1,pre_allocation
36,5076,greenran_normal,0,0,65535_65535,0,5,89923,171,1,1,1,23,171,28,1,1,allocated
36,5076,greenran_normal,0,0,65535_65535,0,3,89922,163,1,1,0,22,0,28,1,1,pre_allocation
36,5076,greenran_normal,0,0,65535_65535,0,3,89922,171,1,1,1,23,171,28,1,1,allocated
36,5076,greenran_normal,0,0,65535_65535,0,1,89924,163,1,1,0,22,0,28,1,1,pre_allocation
36,5076,greenran_normal,0,0,65535_65535,0,1,89924,171,1,1,1,23,171,28,1,1,allocated
36,5076,greenran_normal,0,0,65535_65535,0,4,91432,139,1,1,0,23,0,24,1,1,pre_allocation
36,5076,greenran_normal,0,0,65535_65535,0,4,91432,145,1,1,1,24,145,24,1,1,allocated
36,5076,greenran_normal,0,0,65535_65535,0,2,89931,171,1,1,0,23,0,28,1,1,pre_allocation
36,5076,greenran_normal,0,0,65535_65535,0,2,89931,179,1,1,1,24,179,28,1,1,allocated
36,5076,greenran_normal,0,0,65535_65535,0,5,89923,171,1,1,0,23,0,28,1,1,pre_allocation
36,5076,greenran_normal,0,0,65535_65535,0,5,89923,179,1,1,1,24,179,28,1,1,allocated
36,5076,greenran_normal,0,0,65535_65535,0,3,89922,171,1,1,0,23,0,28,1,1,pre_allocation
36,5076,greenran_normal,0,0,65535_65535,0,3,89922,179,1,1,1,24,179,28,1,1,allocated
36,5076,greenran_normal,0,0,65535_65535,0,1,89924,171,1,1,0,23,0,28,1,1,pre_allocation
36,5076,greenran_normal,0,0,65535_65535,0,1,89924,179,1,1,1,24,179,28,1,1,allocated
36,5076,greenran_normal,0,0,65535_65535,0,4,91432,145,1,1,0,24,0,24,1,1,pre_allocation
36,5076,greenran_normal,0,0,65535_65535,0,4,91432,151,1,1,1,25,151,24,1,1,allocated
36,5076,greenran_normal,0,0,65535_65535,0,2,89931,179,1,1,0,24,0,28,1,1,pre_allocation
36,5076,greenran_normal,0,0,65535_65535,0,2,89931,186,1,1,1,25,186,28,1,1,allocated
36,5076,greenran_normal,0,0,65535_65535,0,5,89923,179,1,1,0,24,0,28,1,1,pre_allocation
36,5076,greenran_normal,0,0,65535_65535,0,5,89923,186,1,1,1,25,186,28,1,1,allocated
36,5076,greenran_normal,0,0,65535_65535,0,3,89922,179,1,1,0,24,0,28,1,1,pre_allocation
36,5076,greenran_normal,0,0,65535_65535,0,3,89922,186,1,1,1,25,186,28,1,1,allocated
36,5076,greenran_normal,0,0,65535_65535,0,1,89924,179,1,1,0,24,0,28,1,1,pre_allocation
36,5076,greenran_normal,0,0,65535_65535,0,1,89924,186,1,1,1,25,186,28,1,1,allocated
36,5076,greenran_normal,0,0,65535_65535,0,4,91432,151,1,1,0,25,0,24,1,1,pre_allocation
36,5076,greenran_normal,0,0,65535_65535,0,4,91432,157,1,1,1,26,157,24,1,1,allocated
36,5076,greenran_normal,0,0,65535_65535,0,2,89931,186,1,1,0,25,0,28,1,1,pre_allocation
36,5076,greenran_normal,0,0,65535_65535,0,2,89931,194,1,1,1,26,194,28,1,1,allocated
36,5076,greenran_normal,0,0,65535_65535,0,5,89923,186,1,1,0,25,0,28,1,1,pre_allocation
36,5076,greenran_normal,0,0,65535_65535,0,5,89923,194,1,1,1,26,194,28,1,1,allocated
36,5076,greenran_normal,0,0,65535_65535,0,3,89922,186,1,1,0,25,0,28,1,1,pre_allocation
36,5076,greenran_normal,0,0,65535_65535,0,3,89922,194,1,1,1,26,194,28,1,1,allocated
36,5076,greenran_normal,0,0,65535_65535,0,1,89924,186,1,1,0,25,0,28,1,1,pre_allocation
36,5076,greenran_normal,0,0,65535_65535,0,1,89924,194,1,1,1,26,194,28,1,1,allocated
36,5076,greenran_normal,0,0,65535_65535,0,4,91432,157,1,1,0,26,0,24,1,1,pre_allocation
36,5076,greenran_normal,0,0,65535_65535,0,4,91432,164,1,1,1,27,164,24,1,1,allocated
36,5076,greenran_normal,0,0,65535_65535,0,2,89931,194,1,1,0,26,0,28,1,1,pre_allocation
36,5076,greenran_normal,0,0,65535_65535,0,2,89931,201,1,1,1,27,201,28,1,1,allocated
36,5076,greenran_normal,0,0,65535_65535,2,38,2922708,0,1,1,0,0,0,2,1,1,pre_allocation
36,5076,greenran_normal,0,0,65535_65535,2,38,2922708,0,1,1,1,1,0,2,1,1,allocated
36,5076,greenran_normal,0,0,65535_65535,2,60,2922463,0,1,1,0,0,0,12,1,1,pre_allocation
36,5076,greenran_normal,0,0,65535_65535,2,60,2922463,2,1,1,1,1,2,12,1,1,allocated
36,5076,greenran_normal,0,0,65535_65535,2,64,2922312,0,1,1,0,0,0,16,1,1,pre_allocation
36,5076,greenran_normal,0,0,65535_65535,2,64,2922312,0,1,1,1,1,0,16,1,1,allocated
36,5076,greenran_normal,0,0,65535_65535,2,43,2921942,0,1,1,0,0,0,16,1,1,pre_allocation
36,5076,greenran_normal,0,0,65535_65535,2,43,2921942,0,1,1,1,1,0,16,1,1,allocated
36,5076,greenran_normal,0,0,65535_65535,2,42,2921591,0,1,1,0,0,0,22,1,1,pre_allocation
36,5076,greenran_normal,0,0,65535_65535,2,42,2921591,2,1,1,1,1,2,22,1,1,allocated
36,5076,greenran_normal,0,0,65535_65535,2,36,2921311,0,1,1,0,0,0,24,1,1,pre_allocation
36,5076,greenran_normal,0,0,65535_65535,2,36,2921311,3,1,1,1,1,3,24,1,1,allocated
36,5076,greenran_normal,0,0,65535_65535,2,59,2921282,0,1,1,0,0,0,28,1,1,pre_allocation
36,5076,greenran_normal,0,0,65535_65535,2,59,2921282,4,1,1,1,1,4,28,1,1,allocated
36,5076,greenran_normal,0,0,65535_65535,2,58,2921312,0,1,1,0,0,0,26,1,1,pre_allocation
36,5076,greenran_normal,0,0,65535_65535,2,58,2921312,4,1,1,1,1,4,26,1,1,allocated
36,5076,greenran_normal,0,0,65535_65535,2,37,2921242,0,1,1,0,0,0,28,1,1,pre_allocation
36,5076,greenran_normal,0,0,65535_65535,2,37,2921242,4,1,1,1,1,4,28,1,1,allocated
36,5076,greenran_normal,0,0,65535_65535,2,41,2921242,0,1,1,0,0,0,28,1,1,pre_allocation
36,5076,greenran_normal,0,0,65535_65535,2,41,2921242,4,1,1,1,1,4,28,1,1,allocated
36,5076,greenran_normal,0,0,65535_65535,2,56,2921239,0,1,1,0,0,0,28,1,1,pre_allocation
36,5076,greenran_normal,0,0,65535_65535,2,56,2921239,4,1,1,1,1,4,28,1,1,allocated
36,5076,greenran_normal,0,0,65535_65535,2,57,2921239,0,1,1,0,0,0,28,1,1,pre_allocation
36,5076,greenran_normal,0,0,65535_65535,2,57,2921239,4,1,1,1,1,4,28,1,1,allocated
36,5076,greenran_normal,0,0,65535_65535,2,40,2921241,0,1,1,0,0,0,28,1,1,pre_allocation
36,5076,greenran_normal,0,0,65535_65535,2,40,2921241,4,1,1,1,1,4,28,1,1,allocated
36,5076,greenran_normal,0,0,65535_65535,2,63,2921237,0,1,1,0,0,0,28,1,1,pre_allocation
36,5076,greenran_normal,0,0,65535_65535,2,63,2921237,4,1,1,1,1,4,28,1,1,allocated
36,5076,greenran_normal,0,0,65535_65535,2,62,2921237,0,1,1,0,0,0,28,1,1,pre_allocation
36,5076,greenran_normal,0,0,65535_65535,2,62,2921237,4,1,1,1,1,4,28,1,1,allocated
36,5076,greenran_normal,0,0,65535_65535,2,61,2921237,0,1,1,0,0,0,28,1,1,pre_allocation
36,5076,greenran_normal,0,0,65535_65535,2,61,2921237,4,1,1,1,1,4,28,1,1,allocated
36,5076,greenran_normal,0,0,65535_65535,2,39,2921236,0,1,1,0,0,0,28,1,1,pre_allocation
36,5076,greenran_normal,0,0,65535_65535,2,39,2921236,4,1,1,1,1,4,28,1,1,allocated
36,5076,greenran_normal,0,0,65535_65535,2,35,2921232,0,1,1,0,0,0,28,1,1,pre_allocation
36,5076,greenran_normal,0,0,65535_65535,2,35,2921232,4,1,1,1,1,4,28,1,1,allocated
36,5076,greenran_normal,0,0,65535_65535,2,44,2921232,0,1,1,0,0,0,28,1,1,pre_allocation
36,5076,greenran_normal,0,0,65535_65535,2,44,2921232,4,1,1,1,1,4,28,1,1,allocated
36,5076,greenran_normal,0,0,65535_65535,2,55,2921232,0,1,1,0,0,0,28,1,1,pre_allocation
36,5076,greenran_normal,0,0,65535_65535,2,55,2921232,4,1,1,1,1,4,28,1,1,allocated
36,5076,greenran_normal,0,0,65535_65535,2,38,2922708,0,1,1,0,1,0,2,1,1,pre_allocation
36,5076,greenran_normal,0,0,65535_65535,2,38,2922708,0,1,1,1,2,0,2,1,1,allocated
36,5076,greenran_normal,0,0,65535_65535,2,60,2922463,2,1,1,0,1,0,12,1,1,pre_allocation
36,5076,greenran_normal,0,0,65535_65535,2,60,2922463,1,1,1,1,2,1,12,1,1,allocated
36,5076,greenran_normal,0,0,65535_65535,2,64,2922312,0,1,1,0,1,0,16,1,1,pre_allocation
36,5076,greenran_normal,0,0,65535_65535,2,64,2922312,3,1,1,1,2,3,16,1,1,allocated
36,5076,greenran_normal,0,0,65535_65535,2,43,2921942,0,1,1,0,1,0,16,1,1,pre_allocation
36,5076,greenran_normal,0,0,65535_65535,2,43,2921942,3,1,1,1,2,3,16,1,1,allocated
36,5076,greenran_normal,0,0,65535_65535,2,42,2921591,2,1,1,0,1,0,22,1,1,pre_allocation
36,5076,greenran_normal,0,0,65535_65535,2,42,2921591,7,1,1,1,2,7,22,1,1,allocated
36,5076,greenran_normal,0,0,65535_65535,2,36,2921311,3,1,1,0,1,0,24,1,1,pre_allocation
36,5076,greenran_normal,0,0,65535_65535,2,36,2921311,9,1,1,1,2,9,24,1,1,allocated
36,5076,greenran_normal,0,0,65535_65535,2,59,2921282,4,1,1,0,1,0,28,1,1,pre_allocation
36,5076,greenran_normal,0,0,65535_65535,2,59,2921282,12,1,1,1,2,12,28,1,1,allocated
36,5076,greenran_normal,0,0,65535_65535,2,58,2921312,4,1,1,0,1,0,26,1,1,pre_allocation
36,5076,greenran_normal,0,0,65535_65535,2,58,2921312,11,1,1,1,2,11,26,1,1,allocated
36,5076,greenran_normal,0,0,65535_65535,2,37,2921242,4,1,1,0,1,0,28,1,1,pre_allocation
36,5076,greenran_normal,0,0,65535_65535,2,37,2921242,12,1,1,1,2,12,28,1,1,allocated
36,5076,greenran_normal,0,0,65535_65535,2,41,2921242,4,1,1,0,1,0,28,1,1,pre_allocation
36,5076,greenran_normal,0,0,65535_65535,2,41,2921242,12,1,1,1,2,12,28,1,1,allocated
36,5076,greenran_normal,0,0,65535_65535,2,56,2921239,4,1,1,0,1,0,28,1,1,pre_allocation
36,5076,greenran_normal,0,0,65535_65535,2,56,2921239,12,1,1,1,2,12,28,1,1,allocated
36,5076,greenran_normal,0,0,65535_65535,2,57,2921239,4,1,1,0,1,0,28,1,1,pre_allocation
36,5076,greenran_normal,0,0,65535_65535,2,57,2921239,12,1,1,1,2,12,28,1,1,allocated
36,5076,greenran_normal,0,0,65535_65535,2,40,2921241,4,1,1,0,1,0,28,1,1,pre_allocation
36,5076,greenran_normal,0,0,65535_65535,2,40,2921241,12,1,1,1,2,12,28,1,1,allocated
36,5076,greenran_normal,0,0,65535_65535,2,63,2921237,4,1,1,0,1,0,28,1,1,pre_allocation
36,5076,greenran_normal,0,0,65535_65535,2,63,2921237,12,1,1,1,2,12,28,1,1,allocated
36,5076,greenran_normal,0,0,65535_65535,2,62,2921237,4,1,1,0,1,0,28,1,1,pre_allocation
36,5076,greenran_normal,0,0,65535_65535,2,62,2921237,12,1,1,1,2,12,28,1,1,allocated
36,5076,greenran_normal,0,0,65535_65535,2,61,2921237,4,1,1,0,1,0,28,1,1,pre_allocation
36,5076,greenran_normal,0,0,65535_65535,2,61,2921237,12,1,1,1,2,12,28,1,1,allocated
36,5076,greenran_normal,0,0,65535_65535,2,39,2921236,4,1,1,0,1,0,28,1,1,pre_allocation
36,5076,greenran_normal,0,0,65535_65535,2,39,2921236,12,1,1,1,2,12,28,1,1,allocated
36,5076,greenran_normal,0,0,65535_65535,2,35,2921232,4,1,1,0,1,0,28,1,1,pre_allocation
36,5076,greenran_normal,0,0,65535_65535,2,35,2921232,12,1,1,1,2,12,28,1,1,allocated
36,5076,greenran_normal,0,0,65535_65535,2,44,2921232,4,1,1,0,1,0,28,1,1,pre_allocation
36,5076,greenran_normal,0,0,65535_65535,2,44,2921232,12,1,1,1,2,12,28,1,1,allocated
36,5076,greenran_normal,0,0,65535_65535,2,55,2921232,4,1,1,0,1,0,28,1,1,pre_allocation
36,5076,greenran_normal,0,0,65535_65535,2,55,2921232,12,1,1,1,2,12,28,1,1,allocated
36,5076,greenran_normal,0,0,65535_65535,2,38,2922708,0,1,1,0,2,0,2,1,1,pre_allocation
36,5076,greenran_normal,0,0,65535_65535,2,38,2922708,0,1,1,1,3,0,2,1,1,allocated
36,5076,greenran_normal,0,0,65535_65535,2,60,2922463,1,1,1,0,2,0,12,1,1,pre_allocation
36,5076,greenran_normal,0,0,65535_65535,2,60,2922463,3,1,1,1,3,3,12,1,1,allocated
36,5076,greenran_normal,0,0,65535_65535,2,64,2922312,3,1,1,0,2,0,16,1,1,pre_allocation
36,5076,greenran_normal,0,0,65535_65535,2,64,2922312,6,1,1,1,3,6,16,1,1,allocated
36,5076,greenran_normal,0,0,65535_65535,2,43,2921942,3,1,1,0,2,0,16,1,1,pre_allocation
36,5076,greenran_normal,0,0,65535_65535,2,43,2921942,6,1,1,1,3,6,16,1,1,allocated
36,5076,greenran_normal,0,0,65535_65535,2,42,2921591,7,1,1,0,2,0,22,1,1,pre_allocation
36,5076,greenran_normal,0,0,65535_65535,2,42,2921591,13,1,1,1,3,13,22,1,1,allocated
36,5076,greenran_normal,0,0,65535_65535,2,36,2921311,9,1,1,0,2,0,24,1,1,pre_allocation
36,5076,greenran_normal,0,0,65535_65535,2,36,2921311,15,1,1,1,3,15,24,1,1,allocated
36,5076,greenran_normal,0,0,65535_65535,2,59,2921282,12,1,1,0,2,0,28,1,1,pre_allocation
36,5076,greenran_normal,0,0,65535_65535,2,59,2921282,19,1,1,1,3,19,28,1,1,allocated
36,5076,greenran_normal,0,0,65535_65535,2,58,2921312,11,1,1,0,2,0,26,1,1,pre_allocation
36,5076,greenran_normal,0,0,65535_65535,2,58,2921312,18,1,1,1,3,18,26,1,1,allocated
36,5076,greenran_normal,0,0,65535_65535,2,37,2921242,12,1,1,0,2,0,28,1,1,pre_allocation
36,5076,greenran_normal,0,0,65535_65535,2,37,2921242,19,1,1,1,3,19,28,1,1,allocated
36,5076,greenran_normal,0,0,65535_65535,2,41,2921242,12,1,1,0,2,0,28,1,1,pre_allocation
36,5076,greenran_normal,0,0,65535_65535,2,41,2921242,19,1,1,1,3,19,28,1,1,allocated
36,5076,greenran_normal,0,0,65535_65535,2,56,2921239,12,1,1,0,2,0,28,1,1,pre_allocation
36,5076,greenran_normal,0,0,65535_65535,2,56,2921239,19,1,1,1,3,19,28,1,1,allocated
36,5076,greenran_normal,0,0,65535_65535,2,57,2921239,12,1,1,0,2,0,28,1,1,pre_allocation
36,5076,greenran_normal,0,0,65535_65535,2,57,2921239,19,1,1,1,3,19,28,1,1,allocated
36,5076,greenran_normal,0,0,65535_65535,2,40,2921241,12,1,1,0,2,0,28,1,1,pre_allocation
36,5076,greenran_normal,0,0,65535_65535,2,40,2921241,19,1,1,1,3,19,28,1,1,allocated
36,5076,greenran_normal,0,0,65535_65535,2,63,2921237,12,1,1,0,2,0,28,1,1,pre_allocation
36,5076,greenran_normal,0,0,65535_65535,2,63,2921237,19,1,1,1,3,19,28,1,1,allocated
36,5076,greenran_normal,0,0,65535_65535,2,62,2921237,12,1,1,0,2,0,28,1,1,pre_allocation
36,5076,greenran_normal,0,0,65535_65535,2,62,2921237,19,1,1,1,3,19,28,1,1,allocated
36,5076,greenran_normal,0,0,65535_65535,2,61,2921237,12,1,1,0,2,0,28,1,1,pre_allocation
36,5076,greenran_normal,0,0,65535_65535,2,61,2921237,19,1,1,1,3,19,28,1,1,allocated
36,5076,greenran_normal,0,0,65535_65535,2,39,2921236,12,1,1,0,2,0,28,1,1,pre_allocation
36,5076,greenran_normal,0,0,65535_65535,2,39,2921236,19,1,1,1,3,19,28,1,1,allocated
36,5076,greenran_normal,0,0,65535_65535,2,35,2921232,12,1,1,0,2,0,28,1,1,pre_allocation
36,5076,greenran_normal,0,0,65535_65535,2,35,2921232,19,1,1,1,3,19,28,1,1,allocated
36,5076,greenran_normal,0,0,65535_65535,2,44,2921232,12,1,1,0,2,0,28,1,1,pre_allocation
36,5076,greenran_normal,0,0,65535_65535,2,44,2921232,19,1,1,1,3,19,28,1,1,allocated
36,5076,greenran_normal,0,0,65535_65535,2,55,2921232,12,1,1,0,2,0,28,1,1,pre_allocation
36,5076,greenran_normal,0,0,65535_65535,2,55,2921232,19,1,1,1,3,19,28,1,1,allocated
36,5076,greenran_normal,0,0,65535_65535,2,38,2922708,0,1,1,0,3,0,2,1,1,pre_allocation
36,5076,greenran_normal,0,0,65535_65535,2,38,2922708,1,1,1,1,4,1,2,1,1,allocated
36,5076,greenran_normal,0,0,65535_65535,2,60,2922463,3,1,1,0,3,0,12,1,1,pre_allocation
36,5076,greenran_normal,0,0,65535_65535,2,60,2922463,5,1,1,1,4,5,12,1,1,allocated
36,5076,greenran_normal,0,0,65535_65535,2,64,2922312,6,1,1,0,3,0,16,1,1,pre_allocation
36,5076,greenran_normal,0,0,65535_65535,2,64,2922312,10,1,1,1,4,10,16,1,1,allocated
36,5076,greenran_normal,0,0,65535_65535,2,43,2921942,6,1,1,0,3,0,16,1,1,pre_allocation
36,5076,greenran_normal,0,0,65535_65535,2,43,2921942,10,1,1,1,4,10,16,1,1,allocated
36,5076,greenran_normal,0,0,65535_65535,2,42,2921591,13,1,1,0,3,0,22,1,1,pre_allocation
36,5076,greenran_normal,0,0,65535_65535,2,42,2921591,18,1,1,1,4,18,22,1,1,allocated
36,5076,greenran_normal,0,0,65535_65535,2,36,2921311,15,1,1,0,3,0,24,1,1,pre_allocation
36,5076,greenran_normal,0,0,65535_65535,2,36,2921311,21,1,1,1,4,21,24,1,1,allocated
36,5076,greenran_normal,0,0,65535_65535,2,59,2921282,19,1,1,0,3,0,28,1,1,pre_allocation
36,5076,greenran_normal,0,0,65535_65535,2,59,2921282,27,1,1,1,4,27,28,1,1,allocated
36,5076,greenran_normal,0,0,65535_65535,2,58,2921312,18,1,1,0,3,0,26,1,1,pre_allocation
36,5076,greenran_normal,0,0,65535_65535,2,58,2921312,25,1,1,1,4,25,26,1,1,allocated
36,5076,greenran_normal,0,0,65535_65535,2,37,2921242,19,1,1,0,3,0,28,1,1,pre_allocation
36,5076,greenran_normal,0,0,65535_65535,2,37,2921242,27,1,1,1,4,27,28,1,1,allocated
36,5076,greenran_normal,0,0,65535_65535,2,41,2921242,19,1,1,0,3,0,28,1,1,pre_allocation
36,5076,greenran_normal,0,0,65535_65535,2,41,2921242,27,1,1,1,4,27,28,1,1,allocated
36,5076,greenran_normal,0,0,65535_65535,2,56,2921239,19,1,1,0,3,0,28,1,1,pre_allocation
36,5076,greenran_normal,0,0,65535_65535,2,56,2921239,27,1,1,1,4,27,28,1,1,allocated
36,5076,greenran_normal,0,0,65535_65535,2,57,2921239,19,1,1,0,3,0,28,1,1,pre_allocation
36,5076,greenran_normal,0,0,65535_65535,2,57,2921239,27,1,1,1,4,27,28,1,1,allocated
36,5076,greenran_normal,0,0,65535_65535,2,40,2921241,19,1,1,0,3,0,28,1,1,pre_allocation
36,5076,greenran_normal,0,0,65535_65535,2,40,2921241,27,1,1,1,4,27,28,1,1,allocated
36,5076,greenran_normal,0,0,65535_65535,2,63,2921237,19,1,1,0,3,0,28,1,1,pre_allocation
36,5076,greenran_normal,0,0,65535_65535,2,63,2921237,27,1,1,1,4,27,28,1,1,allocated
36,5076,greenran_normal,0,0,65535_65535,2,62,2921237,19,1,1,0,3,0,28,1,1,pre_allocation
36,5076,greenran_normal,0,0,65535_65535,2,62,2921237,27,1,1,1,4,27,28,1,1,allocated
36,5076,greenran_normal,0,0,65535_65535,2,61,2921237,19,1,1,0,3,0,28,1,1,pre_allocation
36,5076,greenran_normal,0,0,65535_65535,2,61,2921237,27,1,1,1,4,27,28,1,1,allocated
36,5076,greenran_normal,0,0,65535_65535,2,39,2921236,19,1,1,0,3,0,28,1,1,pre_allocation
36,5076,greenran_normal,0,0,65535_65535,2,39,2921236,27,1,1,1,4,27,28,1,1,allocated
36,5076,greenran_normal,0,0,65535_65535,2,35,2921232,19,1,1,0,3,0,28,1,1,pre_allocation
36,5076,greenran_normal,0,0,65535_65535,2,35,2921232,27,1,1,1,4,27,28,1,1,allocated
36,5076,greenran_normal,0,0,65535_65535,2,44,2921232,19,1,1,0,3,0,28,1,1,pre_allocation
36,5076,greenran_normal,0,0,65535_65535,2,44,2921232,27,1,1,1,4,27,28,1,1,allocated
36,5076,greenran_normal,0,0,65535_65535,2,55,2921232,19,1,1,0,3,0,28,1,1,pre_allocation
36,5076,greenran_normal,0,0,65535_65535,2,55,2921232,27,1,1,1,4,27,28,1,1,allocated
36,5076,greenran_normal,0,0,65535_65535,2,38,2922708,1,1,1,0,4,0,2,1,1,pre_allocation
36,5076,greenran_normal,0,0,65535_65535,2,38,2922708,1,1,1,1,5,1,2,1,1,allocated
36,5076,greenran_normal,0,0,65535_65535,2,60,2922463,5,1,1,0,4,0,12,1,1,pre_allocation
36,5076,greenran_normal,0,0,65535_65535,2,60,2922463,7,1,1,1,5,7,12,1,1,allocated
36,5076,greenran_normal,0,0,65535_65535,2,64,2922312,10,1,1,0,4,0,16,1,1,pre_allocation
36,5076,greenran_normal,0,0,65535_65535,2,64,2922312,13,1,1,1,5,13,16,1,1,allocated
36,5076,greenran_normal,0,0,65535_65535,2,43,2921942,10,1,1,0,4,0,16,1,1,pre_allocation
36,5076,greenran_normal,0,0,65535_65535,2,43,2921942,13,1,1,1,5,13,16,1,1,allocated
36,5076,greenran_normal,0,0,65535_65535,2,42,2921591,18,1,1,0,4,0,22,1,1,pre_allocation
36,5076,greenran_normal,0,0,65535_65535,2,42,2921591,23,1,1,1,5,23,22,1,1,allocated
36,5076,greenran_normal,0,0,65535_65535,2,36,2921311,21,1,1,0,4,0,24,1,1,pre_allocation
36,5076,greenran_normal,0,0,65535_65535,2,36,2921311,27,1,1,1,5,27,24,1,1,allocated
36,5076,greenran_normal,0,0,65535_65535,2,59,2921282,27,1,1,0,4,0,28,1,1,pre_allocation
36,5076,greenran_normal,0,0,65535_65535,2,59,2921282,34,1,1,1,5,34,28,1,1,allocated
36,5076,greenran_normal,0,0,65535_65535,2,58,2921312,25,1,1,0,4,0,26,1,1,pre_allocation
36,5076,greenran_normal,0,0,65535_65535,2,58,2921312,32,1,1,1,5,32,26,1,1,allocated
36,5076,greenran_normal,0,0,65535_65535,2,37,2921242,27,1,1,0,4,0,28,1,1,pre_allocation
36,5076,greenran_normal,0,0,65535_65535,2,37,2921242,34,1,1,1,5,34,28,1,1,allocated
36,5076,greenran_normal,0,0,65535_65535,2,41,2921242,27,1,1,0,4,0,28,1,1,pre_allocation
36,5076,greenran_normal,0,0,65535_65535,2,41,2921242,34,1,1,1,5,34,28,1,1,allocated
36,5076,greenran_normal,0,0,65535_65535,2,56,2921239,27,1,1,0,4,0,28,1,1,pre_allocation
36,5076,greenran_normal,0,0,65535_65535,2,56,2921239,34,1,1,1,5,34,28,1,1,allocated
36,5076,greenran_normal,0,0,65535_65535,2,57,2921239,27,1,1,0,4,0,28,1,1,pre_allocation
36,5076,greenran_normal,0,0,65535_65535,2,57,2921239,34,1,1,1,5,34,28,1,1,allocated
36,5076,greenran_normal,0,0,65535_65535,2,40,2921241,27,1,1,0,4,0,28,1,1,pre_allocation
36,5076,greenran_normal,0,0,65535_65535,2,40,2921241,34,1,1,1,5,34,28,1,1,allocated
36,5076,greenran_normal,0,0,65535_65535,2,63,2921237,27,1,1,0,4,0,28,1,1,pre_allocation
36,5076,greenran_normal,0,0,65535_65535,2,63,2921237,34,1,1,1,5,34,28,1,1,allocated
36,5076,greenran_normal,0,0,65535_65535,2,62,2921237,27,1,1,0,4,0,28,1,1,pre_allocation
36,5076,greenran_normal,0,0,65535_65535,2,62,2921237,34,1,1,1,5,34,28,1,1,allocated
36,5076,greenran_normal,0,0,65535_65535,2,61,2921237,27,1,1,0,4,0,28,1,1,pre_allocation
36,5076,greenran_normal,0,0,65535_65535,2,61,2921237,34,1,1,1,5,34,28,1,1,allocated
36,5076,greenran_normal,0,0,65535_65535,2,39,2921236,27,1,1,0,4,0,28,1,1,pre_allocation
36,5076,greenran_normal,0,0,65535_65535,2,39,2921236,34,1,1,1,5,34,28,1,1,allocated
36,5076,greenran_normal,0,0,65535_65535,2,35,2921232,27,1,1,0,4,0,28,1,1,pre_allocation
36,5076,greenran_normal,0,0,65535_65535,2,35,2921232,34,1,1,1,5,34,28,1,1,allocated
36,5076,greenran_normal,0,0,65535_65535,2,44,2921232,27,1,1,0,4,0,28,1,1,pre_allocation
36,5076,greenran_normal,0,0,65535_65535,2,44,2921232,34,1,1,1,5,34,28,1,1,allocated
36,5076,greenran_normal,0,0,65535_65535,2,55,2921232,27,1,1,0,4,0,28,1,1,pre_allocation
36,5076,greenran_normal,0,0,65535_65535,2,55,2921232,34,1,1,1,5,34,28,1,1,allocated
36,5076,greenran_normal,0,0,65535_65535,2,38,2922708,1,1,1,0,5,0,2,1,1,pre_allocation
36,5076,greenran_normal,0,0,65535_65535,2,38,2922708,1,1,1,1,6,1,2,1,1,allocated
36,5076,greenran_normal,0,0,65535_65535,2,60,2922463,7,1,1,0,5,0,12,1,1,pre_allocation
36,5076,greenran_normal,0,0,65535_65535,2,60,2922463,9,1,1,1,6,9,12,1,1,allocated
36,5076,greenran_normal,0,0,65535_65535,2,64,2922312,13,1,1,0,5,0,16,1,1,pre_allocation
36,5076,greenran_normal,0,0,65535_65535,2,64,2922312,16,1,1,1,6,16,16,1,1,allocated
36,5076,greenran_normal,0,0,65535_65535,2,43,2921942,13,1,1,0,5,0,16,1,1,pre_allocation
36,5076,greenran_normal,0,0,65535_65535,2,43,2921942,16,1,1,1,6,16,16,1,1,allocated
36,5076,greenran_normal,0,0,65535_65535,2,42,2921591,23,1,1,0,5,0,22,1,1,pre_allocation
36,5076,greenran_normal,0,0,65535_65535,2,42,2921591,29,1,1,1,6,29,22,1,1,allocated
36,5076,greenran_normal,0,0,65535_65535,2,36,2921311,27,1,1,0,5,0,24,1,1,pre_allocation
36,5076,greenran_normal,0,0,65535_65535,2,36,2921311,34,1,1,1,6,34,24,1,1,allocated
36,5076,greenran_normal,0,0,65535_65535,2,59,2921282,34,1,1,0,5,0,28,1,1,pre_allocation
36,5076,greenran_normal,0,0,65535_65535,2,59,2921282,42,1,1,1,6,42,28,1,1,allocated
36,5076,greenran_normal,0,0,65535_65535,2,58,2921312,32,1,1,0,5,0,26,1,1,pre_allocation
36,5076,greenran_normal,0,0,65535_65535,2,58,2921312,39,1,1,1,6,39,26,1,1,allocated
36,5076,greenran_normal,0,0,65535_65535,2,37,2921242,34,1,1,0,5,0,28,1,1,pre_allocation
36,5076,greenran_normal,0,0,65535_65535,2,37,2921242,42,1,1,1,6,42,28,1,1,allocated
36,5076,greenran_normal,0,0,65535_65535,2,41,2921242,34,1,1,0,5,0,28,1,1,pre_allocation
36,5076,greenran_normal,0,0,65535_65535,2,41,2921242,42,1,1,1,6,42,28,1,1,allocated
36,5076,greenran_normal,0,0,65535_65535,2,56,2921239,34,1,1,0,5,0,28,1,1,pre_allocation
36,5076,greenran_normal,0,0,65535_65535,2,56,2921239,42,1,1,1,6,42,28,1,1,allocated
36,5076,greenran_normal,0,0,65535_65535,2,57,2921239,34,1,1,0,5,0,28,1,1,pre_allocation
36,5076,greenran_normal,0,0,65535_65535,2,57,2921239,42,1,1,1,6,42,28,1,1,allocated
36,5076,greenran_normal,0,0,65535_65535,2,40,2921241,34,1,1,0,5,0,28,1,1,pre_allocation
36,5076,greenran_normal,0,0,65535_65535,2,40,2921241,42,1,1,1,6,42,28,1,1,allocated
36,5076,greenran_normal,0,0,65535_65535,2,63,2921237,34,1,1,0,5,0,28,1,1,pre_allocation
36,5076,greenran_normal,0,0,65535_65535,2,63,2921237,42,1,1,1,6,42,28,1,1,allocated
36,5076,greenran_normal,0,0,65535_65535,2,62,2921237,34,1,1,0,5,0,28,1,1,pre_allocation
36,5076,greenran_normal,0,0,65535_65535,2,62,2921237,42,1,1,1,6,42,28,1,1,allocated
36,5076,greenran_normal,0,0,65535_65535,2,61,2921237,34,1,1,0,5,0,28,1,1,pre_allocation
36,5076,greenran_normal,0,0,65535_65535,2,61,2921237,42,1,1,1,6,42,28,1,1,allocated
36,5076,greenran_normal,0,0,65535_65535,2,39,2921236,34,1,1,0,5,0,28,1,1,pre_allocation
36,5076,greenran_normal,0,0,65535_65535,2,39,2921236,42,1,1,1,6,42,28,1,1,allocated
36,5076,greenran_normal,0,0,65535_65535,2,35,2921232,34,1,1,0,5,0,28,1,1,pre_allocation
36,5076,greenran_normal,0,0,65535_65535,2,35,2921232,42,1,1,1,6,42,28,1,1,allocated
36,5076,greenran_normal,0,0,65535_65535,2,44,2921232,34,1,1,0,5,0,28,1,1,pre_allocation
36,5076,greenran_normal,0,0,65535_65535,2,44,2921232,42,1,1,1,6,42,28,1,1,allocated
36,5076,greenran_normal,0,0,65535_65535,2,55,2921232,34,1,1,0,5,0,28,1,1,pre_allocation
36,5076,greenran_normal,0,0,65535_65535,2,55,2921232,42,1,1,1,6,42,28,1,1,allocated
36,5076,greenran_normal,0,0,65535_65535,2,38,2922708,1,1,1,0,6,0,2,1,1,pre_allocation
36,5076,greenran_normal,0,0,65535_65535,2,38,2922708,2,1,1,1,7,2,2,1,1,allocated
36,5076,greenran_normal,0,0,65535_65535,2,60,2922463,9,1,1,0,6,0,12,1,1,pre_allocation
36,5076,greenran_normal,0,0,65535_65535,2,60,2922463,11,1,1,1,7,11,12,1,1,allocated
36,5076,greenran_normal,0,0,65535_65535,2,64,2922312,16,1,1,0,6,0,16,1,1,pre_allocation
36,5076,greenran_normal,0,0,65535_65535,2,64,2922312,20,1,1,1,7,20,16,1,1,allocated
36,5076,greenran_normal,0,0,65535_65535,2,43,2921942,16,1,1,0,6,0,16,1,1,pre_allocation
36,5076,greenran_normal,0,0,65535_65535,2,43,2921942,20,1,1,1,7,20,16,1,1,allocated
36,5076,greenran_normal,0,0,65535_65535,2,42,2921591,29,1,1,0,6,0,22,1,1,pre_allocation
36,5076,greenran_normal,0,0,65535_65535,2,42,2921591,34,1,1,1,7,34,22,1,1,allocated
36,5076,greenran_normal,0,0,65535_65535,2,36,2921311,34,1,1,0,6,0,24,1,1,pre_allocation
36,5076,greenran_normal,0,0,65535_65535,2,36,2921311,40,1,1,1,7,40,24,1,1,allocated
36,5076,greenran_normal,0,0,65535_65535,2,59,2921282,42,1,1,0,6,0,28,1,1,pre_allocation
36,5076,greenran_normal,0,0,65535_65535,2,59,2921282,50,1,1,1,7,50,28,1,1,allocated
36,5076,greenran_normal,0,0,65535_65535,2,58,2921312,39,1,1,0,6,0,26,1,1,pre_allocation
36,5076,greenran_normal,0,0,65535_65535,2,58,2921312,46,1,1,1,7,46,26,1,1,allocated
36,5076,greenran_normal,0,0,65535_65535,2,37,2921242,42,1,1,0,6,0,28,1,1,pre_allocation
36,5076,greenran_normal,0,0,65535_65535,2,37,2921242,50,1,1,1,7,50,28,1,1,allocated
36,5076,greenran_normal,0,0,65535_65535,2,41,2921242,42,1,1,0,6,0,28,1,1,pre_allocation
36,5076,greenran_normal,0,0,65535_65535,2,41,2921242,50,1,1,1,7,50,28,1,1,allocated
36,5076,greenran_normal,0,0,65535_65535,2,56,2921239,42,1,1,0,6,0,28,1,1,pre_allocation
36,5076,greenran_normal,0,0,65535_65535,2,56,2921239,50,1,1,1,7,50,28,1,1,allocated
36,5076,greenran_normal,0,0,65535_65535,2,57,2921239,42,1,1,0,6,0,28,1,1,pre_allocation
36,5076,greenran_normal,0,0,65535_65535,2,57,2921239,50,1,1,1,7,50,28,1,1,allocated
36,5076,greenran_normal,0,0,65535_65535,2,40,2921241,42,1,1,0,6,0,28,1,1,pre_allocation
36,5076,greenran_normal,0,0,65535_65535,2,40,2921241,50,1,1,1,7,50,28,1,1,allocated
36,5076,greenran_normal,0,0,65535_65535,2,63,2921237,42,1,1,0,6,0,28,1,1,pre_allocation
36,5076,greenran_normal,0,0,65535_65535,2,63,2921237,50,1,1,1,7,50,28,1,1,allocated
37,5847,greenran_normal,0,0,65535_65535,0,4,107641,0,1,1,0,0,0,24,1,1,pre_allocation
37,5847,greenran_normal,0,0,65535_65535,0,4,107641,3,1,1,1,1,3,24,1,1,allocated
37,5847,greenran_normal,0,0,65535_65535,0,5,106101,0,1,1,0,0,0,28,1,1,pre_allocation
37,5847,greenran_normal,0,0,65535_65535,0,5,106101,4,1,1,1,1,4,28,1,1,allocated
37,5847,greenran_normal,0,0,65535_65535,0,3,106100,0,1,1,0,0,0,28,1,1,pre_allocation
37,5847,greenran_normal,0,0,65535_65535,0,3,106100,4,1,1,1,1,4,28,1,1,allocated
37,5847,greenran_normal,0,0,65535_65535,0,1,106102,0,1,1,0,0,0,28,1,1,pre_allocation
37,5847,greenran_normal,0,0,65535_65535,0,1,106102,4,1,1,1,1,4,28,1,1,allocated
37,5847,greenran_normal,0,0,65535_65535,0,2,106102,0,1,1,0,0,0,28,1,1,pre_allocation
37,5847,greenran_normal,0,0,65535_65535,0,2,106102,4,1,1,1,1,4,28,1,1,allocated
37,5847,greenran_normal,0,0,65535_65535,0,4,107641,3,1,1,0,1,0,24,1,1,pre_allocation
37,5847,greenran_normal,0,0,65535_65535,0,4,107641,9,1,1,1,2,9,24,1,1,allocated
37,5847,greenran_normal,0,0,65535_65535,0,5,106101,4,1,1,0,1,0,28,1,1,pre_allocation
37,5847,greenran_normal,0,0,65535_65535,0,5,106101,12,1,1,1,2,12,28,1,1,allocated
37,5847,greenran_normal,0,0,65535_65535,0,3,106100,4,1,1,0,1,0,28,1,1,pre_allocation
37,5847,greenran_normal,0,0,65535_65535,0,3,106100,12,1,1,1,2,12,28,1,1,allocated
37,5847,greenran_normal,0,0,65535_65535,0,1,106102,4,1,1,0,1,0,28,1,1,pre_allocation
37,5847,greenran_normal,0,0,65535_65535,0,1,106102,12,1,1,1,2,12,28,1,1,allocated
37,5847,greenran_normal,0,0,65535_65535,0,2,106102,4,1,1,0,1,0,28,1,1,pre_allocation
37,5847,greenran_normal,0,0,65535_65535,0,2,106102,12,1,1,1,2,12,28,1,1,allocated
37,5847,greenran_normal,0,0,65535_65535,0,4,107641,9,1,1,0,2,0,24,1,1,pre_allocation
37,5847,greenran_normal,0,0,65535_65535,0,4,107641,15,1,1,1,3,15,24,1,1,allocated
37,5847,greenran_normal,0,0,65535_65535,0,5,106101,12,1,1,0,2,0,28,1,1,pre_allocation
37,5847,greenran_normal,0,0,65535_65535,0,5,106101,19,1,1,1,3,19,28,1,1,allocated
37,5847,greenran_normal,0,0,65535_65535,0,3,106100,12,1,1,0,2,0,28,1,1,pre_allocation
37,5847,greenran_normal,0,0,65535_65535,0,3,106100,19,1,1,1,3,19,28,1,1,allocated
37,5847,greenran_normal,0,0,65535_65535,0,1,106102,12,1,1,0,2,0,28,1,1,pre_allocation
37,5847,greenran_normal,0,0,65535_65535,0,1,106102,19,1,1,1,3,19,28,1,1,allocated
37,5847,greenran_normal,0,0,65535_65535,0,2,106102,12,1,1,0,2,0,28,1,1,pre_allocation
37,5847,greenran_normal,0,0,65535_65535,0,2,106102,19,1,1,1,3,19,28,1,1,allocated
37,5847,greenran_normal,0,0,65535_65535,0,4,107641,15,1,1,0,3,0,24,1,1,pre_allocation
37,5847,greenran_normal,0,0,65535_65535,0,4,107641,21,1,1,1,4,21,24,1,1,allocated
37,5847,greenran_normal,0,0,65535_65535,0,5,106101,19,1,1,0,3,0,28,1,1,pre_allocation
37,5847,greenran_normal,0,0,65535_65535,0,5,106101,27,1,1,1,4,27,28,1,1,allocated
37,5847,greenran_normal,0,0,65535_65535,0,3,106100,19,1,1,0,3,0,28,1,1,pre_allocation
37,5847,greenran_normal,0,0,65535_65535,0,3,106100,27,1,1,1,4,27,28,1,1,allocated
37,5847,greenran_normal,0,0,65535_65535,0,1,106102,19,1,1,0,3,0,28,1,1,pre_allocation
37,5847,greenran_normal,0,0,65535_65535,0,1,106102,27,1,1,1,4,27,28,1,1,allocated
37,5847,greenran_normal,0,0,65535_65535,0,2,106102,19,1,1,0,3,0,28,1,1,pre_allocation
37,5847,greenran_normal,0,0,65535_65535,0,2,106102,27,1,1,1,4,27,28,1,1,allocated
37,5847,greenran_normal,0,0,65535_65535,0,4,107641,21,1,1,0,4,0,24,1,1,pre_allocation
37,5847,greenran_normal,0,0,65535_65535,0,4,107641,27,1,1,1,5,27,24,1,1,allocated
37,5847,greenran_normal,0,0,65535_65535,0,5,106101,27,1,1,0,4,0,28,1,1,pre_allocation
37,5847,greenran_normal,0,0,65535_65535,0,5,106101,34,1,1,1,5,34,28,1,1,allocated
37,5847,greenran_normal,0,0,65535_65535,0,3,106100,27,1,1,0,4,0,28,1,1,pre_allocation
37,5847,greenran_normal,0,0,65535_65535,0,3,106100,34,1,1,1,5,34,28,1,1,allocated
37,5847,greenran_normal,0,0,65535_65535,0,1,106102,27,1,1,0,4,0,28,1,1,pre_allocation
37,5847,greenran_normal,0,0,65535_65535,0,1,106102,34,1,1,1,5,34,28,1,1,allocated
37,5847,greenran_normal,0,0,65535_65535,0,2,106102,27,1,1,0,4,0,28,1,1,pre_allocation
37,5847,greenran_normal,0,0,65535_65535,0,2,106102,34,1,1,1,5,34,28,1,1,allocated
37,5847,greenran_normal,0,0,65535_65535,0,4,107641,27,1,1,0,5,0,24,1,1,pre_allocation
37,5847,greenran_normal,0,0,65535_65535,0,4,107641,34,1,1,1,6,34,24,1,1,allocated
37,5847,greenran_normal,0,0,65535_65535,0,5,106101,34,1,1,0,5,0,28,1,1,pre_allocation
37,5847,greenran_normal,0,0,65535_65535,0,5,106101,42,1,1,1,6,42,28,1,1,allocated
37,5847,greenran_normal,0,0,65535_65535,0,3,106100,34,1,1,0,5,0,28,1,1,pre_allocation
37,5847,greenran_normal,0,0,65535_65535,0,3,106100,42,1,1,1,6,42,28,1,1,allocated
37,5847,greenran_normal,0,0,65535_65535,0,1,106102,34,1,1,0,5,0,28,1,1,pre_allocation
37,5847,greenran_normal,0,0,65535_65535,0,1,106102,42,1,1,1,6,42,28,1,1,allocated
37,5847,greenran_normal,0,0,65535_65535,0,2,106102,34,1,1,0,5,0,28,1,1,pre_allocation
37,5847,greenran_normal,0,0,65535_65535,0,2,106102,42,1,1,1,6,42,28,1,1,allocated
37,5847,greenran_normal,0,0,65535_65535,0,4,107641,34,1,1,0,6,0,24,1,1,pre_allocation
37,5847,greenran_normal,0,0,65535_65535,0,4,107641,40,1,1,1,7,40,24,1,1,allocated
37,5847,greenran_normal,0,0,65535_65535,0,5,106101,42,1,1,0,6,0,28,1,1,pre_allocation
37,5847,greenran_normal,0,0,65535_65535,0,5,106101,50,1,1,1,7,50,28,1,1,allocated
37,5847,greenran_normal,0,0,65535_65535,0,3,106100,42,1,1,0,6,0,28,1,1,pre_allocation
37,5847,greenran_normal,0,0,65535_65535,0,3,106100,50,1,1,1,7,50,28,1,1,allocated
37,5847,greenran_normal,0,0,65535_65535,0,1,106102,42,1,1,0,6,0,28,1,1,pre_allocation
37,5847,greenran_normal,0,0,65535_65535,0,1,106102,50,1,1,1,7,50,28,1,1,allocated
37,5847,greenran_normal,0,0,65535_65535,0,2,106102,42,1,1,0,6,0,28,1,1,pre_allocation
37,5847,greenran_normal,0,0,65535_65535,0,2,106102,50,1,1,1,7,50,28,1,1,allocated
37,5847,greenran_normal,0,0,65535_65535,0,4,107641,40,1,1,0,7,0,24,1,1,pre_allocation
37,5847,greenran_normal,0,0,65535_65535,0,4,107641,46,1,1,1,8,46,24,1,1,allocated
37,5847,greenran_normal,0,0,65535_65535,0,5,106101,50,1,1,0,7,0,28,1,1,pre_allocation
37,5847,greenran_normal,0,0,65535_65535,0,5,106101,57,1,1,1,8,57,28,1,1,allocated
37,5847,greenran_normal,0,0,65535_65535,0,3,106100,50,1,1,0,7,0,28,1,1,pre_allocation
37,5847,greenran_normal,0,0,65535_65535,0,3,106100,57,1,1,1,8,57,28,1,1,allocated
37,5847,greenran_normal,0,0,65535_65535,0,1,106102,50,1,1,0,7,0,28,1,1,pre_allocation
37,5847,greenran_normal,0,0,65535_65535,0,1,106102,57,1,1,1,8,57,28,1,1,allocated
37,5847,greenran_normal,0,0,65535_65535,0,2,106102,50,1,1,0,7,0,28,1,1,pre_allocation
37,5847,greenran_normal,0,0,65535_65535,0,2,106102,57,1,1,1,8,57,28,1,1,allocated
37,5847,greenran_normal,0,0,65535_65535,0,4,107641,46,1,1,0,8,0,24,1,1,pre_allocation
37,5847,greenran_normal,0,0,65535_65535,0,4,107641,52,1,1,1,9,52,24,1,1,allocated
37,5847,greenran_normal,0,0,65535_65535,0,5,106101,57,1,1,0,8,0,28,1,1,pre_allocation
37,5847,greenran_normal,0,0,65535_65535,0,5,106101,65,1,1,1,9,65,28,1,1,allocated
37,5847,greenran_normal,0,0,65535_65535,0,3,106100,57,1,1,0,8,0,28,1,1,pre_allocation
37,5847,greenran_normal,0,0,65535_65535,0,3,106100,65,1,1,1,9,65,28,1,1,allocated
37,5847,greenran_normal,0,0,65535_65535,0,1,106102,57,1,1,0,8,0,28,1,1,pre_allocation
37,5847,greenran_normal,0,0,65535_65535,0,1,106102,65,1,1,1,9,65,28,1,1,allocated
37,5847,greenran_normal,0,0,65535_65535,0,2,106102,57,1,1,0,8,0,28,1,1,pre_allocation
37,5847,greenran_normal,0,0,65535_65535,0,2,106102,65,1,1,1,9,65,28,1,1,allocated
37,5847,greenran_normal,0,0,65535_65535,0,4,107641,52,1,1,0,9,0,24,1,1,pre_allocation
37,5847,greenran_normal,0,0,65535_65535,0,4,107641,58,1,1,1,10,58,24,1,1,allocated
37,5847,greenran_normal,0,0,65535_65535,0,5,106101,65,1,1,0,9,0,28,1,1,pre_allocation
37,5847,greenran_normal,0,0,65535_65535,0,5,106101,72,1,1,1,10,72,28,1,1,allocated
37,5847,greenran_normal,0,0,65535_65535,0,3,106100,65,1,1,0,9,0,28,1,1,pre_allocation
37,5847,greenran_normal,0,0,65535_65535,0,3,106100,72,1,1,1,10,72,28,1,1,allocated
37,5847,greenran_normal,0,0,65535_65535,0,1,106102,65,1,1,0,9,0,28,1,1,pre_allocation
37,5847,greenran_normal,0,0,65535_65535,0,1,106102,72,1,1,1,10,72,28,1,1,allocated
37,5847,greenran_normal,0,0,65535_65535,0,2,106102,65,1,1,0,9,0,28,1,1,pre_allocation
37,5847,greenran_normal,0,0,65535_65535,0,2,106102,72,1,1,1,10,72,28,1,1,allocated
37,5847,greenran_normal,0,0,65535_65535,0,4,107641,58,1,1,0,10,0,24,1,1,pre_allocation
37,5847,greenran_normal,0,0,65535_65535,0,4,107641,65,1,1,1,11,65,24,1,1,allocated
37,5847,greenran_normal,0,0,65535_65535,0,5,106101,72,1,1,0,10,0,28,1,1,pre_allocation
37,5847,greenran_normal,0,0,65535_65535,0,5,106101,80,1,1,1,11,80,28,1,1,allocated
37,5847,greenran_normal,0,0,65535_65535,0,3,106100,72,1,1,0,10,0,28,1,1,pre_allocation
37,5847,greenran_normal,0,0,65535_65535,0,3,106100,80,1,1,1,11,80,28,1,1,allocated
37,5847,greenran_normal,0,0,65535_65535,0,1,106102,72,1,1,0,10,0,28,1,1,pre_allocation
37,5847,greenran_normal,0,0,65535_65535,0,1,106102,80,1,1,1,11,80,28,1,1,allocated
37,5847,greenran_normal,0,0,65535_65535,0,2,106102,72,1,1,0,10,0,28,1,1,pre_allocation
37,5847,greenran_normal,0,0,65535_65535,0,2,106102,80,1,1,1,11,80,28,1,1,allocated
37,5847,greenran_normal,0,0,65535_65535,0,4,107641,65,1,1,0,11,0,24,1,1,pre_allocation
37,5847,greenran_normal,0,0,65535_65535,0,4,107641,71,1,1,1,12,71,24,1,1,allocated
37,5847,greenran_normal,0,0,65535_65535,0,5,106101,80,1,1,0,11,0,28,1,1,pre_allocation
37,5847,greenran_normal,0,0,65535_65535,0,5,106101,88,1,1,1,12,88,28,1,1,allocated
37,5847,greenran_normal,0,0,65535_65535,0,3,106100,80,1,1,0,11,0,28,1,1,pre_allocation
37,5847,greenran_normal,0,0,65535_65535,0,3,106100,88,1,1,1,12,88,28,1,1,allocated
37,5847,greenran_normal,0,0,65535_65535,0,1,106102,80,1,1,0,11,0,28,1,1,pre_allocation
37,5847,greenran_normal,0,0,65535_65535,0,1,106102,88,1,1,1,12,88,28,1,1,allocated
37,5847,greenran_normal,0,0,65535_65535,0,2,106102,80,1,1,0,11,0,28,1,1,pre_allocation
37,5847,greenran_normal,0,0,65535_65535,0,2,106102,88,1,1,1,12,88,28,1,1,allocated
37,5847,greenran_normal,0,0,65535_65535,0,4,107641,71,1,1,0,12,0,24,1,1,pre_allocation
37,5847,greenran_normal,0,0,65535_65535,0,4,107641,77,1,1,1,13,77,24,1,1,allocated
37,5847,greenran_normal,0,0,65535_65535,0,5,106101,88,1,1,0,12,0,28,1,1,pre_allocation
37,5847,greenran_normal,0,0,65535_65535,0,5,106101,95,1,1,1,13,95,28,1,1,allocated
37,5847,greenran_normal,0,0,65535_65535,0,3,106100,88,1,1,0,12,0,28,1,1,pre_allocation
37,5847,greenran_normal,0,0,65535_65535,0,3,106100,95,1,1,1,13,95,28,1,1,allocated
37,5847,greenran_normal,0,0,65535_65535,0,1,106102,88,1,1,0,12,0,28,1,1,pre_allocation
37,5847,greenran_normal,0,0,65535_65535,0,1,106102,95,1,1,1,13,95,28,1,1,allocated
37,5847,greenran_normal,0,0,65535_65535,0,2,106102,88,1,1,0,12,0,28,1,1,pre_allocation
37,5847,greenran_normal,0,0,65535_65535,0,2,106102,95,1,1,1,13,95,28,1,1,allocated
37,5847,greenran_normal,0,0,65535_65535,0,4,107641,77,1,1,0,13,0,24,1,1,pre_allocation
37,5847,greenran_normal,0,0,65535_65535,0,4,107641,83,1,1,1,14,83,24,1,1,allocated
37,5847,greenran_normal,0,0,65535_65535,0,5,106101,95,1,1,0,13,0,28,1,1,pre_allocation
37,5847,greenran_normal,0,0,65535_65535,0,5,106101,103,1,1,1,14,103,28,1,1,allocated
37,5847,greenran_normal,0,0,65535_65535,0,3,106100,95,1,1,0,13,0,28,1,1,pre_allocation
37,5847,greenran_normal,0,0,65535_65535,0,3,106100,103,1,1,1,14,103,28,1,1,allocated
37,5847,greenran_normal,0,0,65535_65535,0,1,106102,95,1,1,0,13,0,28,1,1,pre_allocation
37,5847,greenran_normal,0,0,65535_65535,0,1,106102,103,1,1,1,14,103,28,1,1,allocated
37,5847,greenran_normal,0,0,65535_65535,0,2,106102,95,1,1,0,13,0,28,1,1,pre_allocation
37,5847,greenran_normal,0,0,65535_65535,0,2,106102,103,1,1,1,14,103,28,1,1,allocated
37,5847,greenran_normal,0,0,65535_65535,0,4,107641,83,1,1,0,14,0,24,1,1,pre_allocation
37,5847,greenran_normal,0,0,65535_65535,0,4,107641,89,1,1,1,15,89,24,1,1,allocated
37,5847,greenran_normal,0,0,65535_65535,0,5,106101,103,1,1,0,14,0,28,1,1,pre_allocation
37,5847,greenran_normal,0,0,65535_65535,0,5,106101,110,1,1,1,15,110,28,1,1,allocated
37,5847,greenran_normal,0,0,65535_65535,0,3,106100,103,1,1,0,14,0,28,1,1,pre_allocation
37,5847,greenran_normal,0,0,65535_65535,0,3,106100,110,1,1,1,15,110,28,1,1,allocated
37,5847,greenran_normal,0,0,65535_65535,0,1,106102,103,1,1,0,14,0,28,1,1,pre_allocation
37,5847,greenran_normal,0,0,65535_65535,0,1,106102,110,1,1,1,15,110,28,1,1,allocated
37,5847,greenran_normal,0,0,65535_65535,0,2,106102,103,1,1,0,14,0,28,1,1,pre_allocation
37,5847,greenran_normal,0,0,65535_65535,0,2,106102,110,1,1,1,15,110,28,1,1,allocated
37,5847,greenran_normal,0,0,65535_65535,0,4,107641,89,1,1,0,15,0,24,1,1,pre_allocation
37,5847,greenran_normal,0,0,65535_65535,0,4,107641,96,1,1,1,16,96,24,1,1,allocated
37,5847,greenran_normal,0,0,65535_65535,0,5,106101,110,1,1,0,15,0,28,1,1,pre_allocation
37,5847,greenran_normal,0,0,65535_65535,0,5,106101,118,1,1,1,16,118,28,1,1,allocated
37,5847,greenran_normal,0,0,65535_65535,0,3,106100,110,1,1,0,15,0,28,1,1,pre_allocation
37,5847,greenran_normal,0,0,65535_65535,0,3,106100,118,1,1,1,16,118,28,1,1,allocated
37,5847,greenran_normal,0,0,65535_65535,0,1,106102,110,1,1,0,15,0,28,1,1,pre_allocation
37,5847,greenran_normal,0,0,65535_65535,0,1,106102,118,1,1,1,16,118,28,1,1,allocated
37,5847,greenran_normal,0,0,65535_65535,0,2,106102,110,1,1,0,15,0,28,1,1,pre_allocation
37,5847,greenran_normal,0,0,65535_65535,0,2,106102,118,1,1,1,16,118,28,1,1,allocated
37,5847,greenran_normal,0,0,65535_65535,0,4,107641,96,1,1,0,16,0,24,1,1,pre_allocation
37,5847,greenran_normal,0,0,65535_65535,0,4,107641,102,1,1,1,17,102,24,1,1,allocated
37,5847,greenran_normal,0,0,65535_65535,0,5,106101,118,1,1,0,16,0,28,1,1,pre_allocation
37,5847,greenran_normal,0,0,65535_65535,0,5,106101,126,1,1,1,17,126,28,1,1,allocated
37,5847,greenran_normal,0,0,65535_65535,0,3,106100,118,1,1,0,16,0,28,1,1,pre_allocation
37,5847,greenran_normal,0,0,65535_65535,0,3,106100,126,1,1,1,17,126,28,1,1,allocated
37,5847,greenran_normal,0,0,65535_65535,0,1,106102,118,1,1,0,16,0,28,1,1,pre_allocation
37,5847,greenran_normal,0,0,65535_65535,0,1,106102,126,1,1,1,17,126,28,1,1,allocated
37,5847,greenran_normal,0,0,65535_65535,0,2,106102,118,1,1,0,16,0,28,1,1,pre_allocation
37,5847,greenran_normal,0,0,65535_65535,0,2,106102,126,1,1,1,17,126,28,1,1,allocated
37,5847,greenran_normal,0,0,65535_65535,0,4,107641,102,1,1,0,17,0,24,1,1,pre_allocation
37,5847,greenran_normal,0,0,65535_65535,0,4,107641,108,1,1,1,18,108,24,1,1,allocated
37,5847,greenran_normal,0,0,65535_65535,0,5,106101,126,1,1,0,17,0,28,1,1,pre_allocation
37,5847,greenran_normal,0,0,65535_65535,0,5,106101,133,1,1,1,18,133,28,1,1,allocated
37,5847,greenran_normal,0,0,65535_65535,0,3,106100,126,1,1,0,17,0,28,1,1,pre_allocation
37,5847,greenran_normal,0,0,65535_65535,0,3,106100,133,1,1,1,18,133,28,1,1,allocated
37,5847,greenran_normal,0,0,65535_65535,0,1,106102,126,1,1,0,17,0,28,1,1,pre_allocation
37,5847,greenran_normal,0,0,65535_65535,0,1,106102,133,1,1,1,18,133,28,1,1,allocated
37,5847,greenran_normal,0,0,65535_65535,0,2,106102,126,1,1,0,17,0,28,1,1,pre_allocation
37,5847,greenran_normal,0,0,65535_65535,0,2,106102,133,1,1,1,18,133,28,1,1,allocated
37,5847,greenran_normal,0,0,65535_65535,0,4,107641,108,1,1,0,18,0,24,1,1,pre_allocation
37,5847,greenran_normal,0,0,65535_65535,0,4,107641,114,1,1,1,19,114,24,1,1,allocated
37,5847,greenran_normal,0,0,65535_65535,0,5,106101,133,1,1,0,18,0,28,1,1,pre_allocation
37,5847,greenran_normal,0,0,65535_65535,0,5,106101,141,1,1,1,19,141,28,1,1,allocated
37,5847,greenran_normal,0,0,65535_65535,0,3,106100,133,1,1,0,18,0,28,1,1,pre_allocation
37,5847,greenran_normal,0,0,65535_65535,0,3,106100,141,1,1,1,19,141,28,1,1,allocated
37,5847,greenran_normal,0,0,65535_65535,0,1,106102,133,1,1,0,18,0,28,1,1,pre_allocation
37,5847,greenran_normal,0,0,65535_65535,0,1,106102,141,1,1,1,19,141,28,1,1,allocated
37,5847,greenran_normal,0,0,65535_65535,0,2,106102,133,1,1,0,18,0,28,1,1,pre_allocation
37,5847,greenran_normal,0,0,65535_65535,0,2,106102,141,1,1,1,19,141,28,1,1,allocated
37,5847,greenran_normal,0,0,65535_65535,0,4,107641,114,1,1,0,19,0,24,1,1,pre_allocation
37,5847,greenran_normal,0,0,65535_65535,0,4,107641,120,1,1,1,20,120,24,1,1,allocated
37,5847,greenran_normal,0,0,65535_65535,0,5,106101,141,1,1,0,19,0,28,1,1,pre_allocation
37,5847,greenran_normal,0,0,65535_65535,0,5,106101,148,1,1,1,20,148,28,1,1,allocated
37,5847,greenran_normal,0,0,65535_65535,0,3,106100,141,1,1,0,19,0,28,1,1,pre_allocation
37,5847,greenran_normal,0,0,65535_65535,0,3,106100,148,1,1,1,20,148,28,1,1,allocated
37,5847,greenran_normal,0,0,65535_65535,0,1,106102,141,1,1,0,19,0,28,1,1,pre_allocation
37,5847,greenran_normal,0,0,65535_65535,0,1,106102,148,1,1,1,20,148,28,1,1,allocated
37,5847,greenran_normal,0,0,65535_65535,0,2,106102,141,1,1,0,19,0,28,1,1,pre_allocation
37,5847,greenran_normal,0,0,65535_65535,0,2,106102,148,1,1,1,20,148,28,1,1,allocated
37,5847,greenran_normal,0,0,65535_65535,0,4,107641,120,1,1,0,20,0,24,1,1,pre_allocation
37,5847,greenran_normal,0,0,65535_65535,0,4,107641,126,1,1,1,21,126,24,1,1,allocated
37,5847,greenran_normal,0,0,65535_65535,0,5,106101,148,1,1,0,20,0,28,1,1,pre_allocation
37,5847,greenran_normal,0,0,65535_65535,0,5,106101,156,1,1,1,21,156,28,1,1,allocated
37,5847,greenran_normal,0,0,65535_65535,0,3,106100,148,1,1,0,20,0,28,1,1,pre_allocation
37,5847,greenran_normal,0,0,65535_65535,0,3,106100,156,1,1,1,21,156,28,1,1,allocated
37,5847,greenran_normal,0,0,65535_65535,0,1,106102,148,1,1,0,20,0,28,1,1,pre_allocation
37,5847,greenran_normal,0,0,65535_65535,0,1,106102,156,1,1,1,21,156,28,1,1,allocated
37,5847,greenran_normal,0,0,65535_65535,0,2,106102,148,1,1,0,20,0,28,1,1,pre_allocation
37,5847,greenran_normal,0,0,65535_65535,0,2,106102,156,1,1,1,21,156,28,1,1,allocated
37,5847,greenran_normal,0,0,65535_65535,0,4,107641,126,1,1,0,21,0,24,1,1,pre_allocation
37,5847,greenran_normal,0,0,65535_65535,0,4,107641,133,1,1,1,22,133,24,1,1,allocated
37,5847,greenran_normal,0,0,65535_65535,0,5,106101,156,1,1,0,21,0,28,1,1,pre_allocation
37,5847,greenran_normal,0,0,65535_65535,0,5,106101,163,1,1,1,22,163,28,1,1,allocated
37,5847,greenran_normal,0,0,65535_65535,0,3,106100,156,1,1,0,21,0,28,1,1,pre_allocation
37,5847,greenran_normal,0,0,65535_65535,0,3,106100,163,1,1,1,22,163,28,1,1,allocated
37,5847,greenran_normal,0,0,65535_65535,0,1,106102,156,1,1,0,21,0,28,1,1,pre_allocation
37,5847,greenran_normal,0,0,65535_65535,0,1,106102,163,1,1,1,22,163,28,1,1,allocated
37,5847,greenran_normal,0,0,65535_65535,0,2,106102,156,1,1,0,21,0,28,1,1,pre_allocation
37,5847,greenran_normal,0,0,65535_65535,0,2,106102,163,1,1,1,22,163,28,1,1,allocated
37,5847,greenran_normal,0,0,65535_65535,0,4,107641,133,1,1,0,22,0,24,1,1,pre_allocation
37,5847,greenran_normal,0,0,65535_65535,0,4,107641,139,1,1,1,23,139,24,1,1,allocated
37,5847,greenran_normal,0,0,65535_65535,0,5,106101,163,1,1,0,22,0,28,1,1,pre_allocation
37,5847,greenran_normal,0,0,65535_65535,0,5,106101,171,1,1,1,23,171,28,1,1,allocated
37,5847,greenran_normal,0,0,65535_65535,0,3,106100,163,1,1,0,22,0,28,1,1,pre_allocation
37,5847,greenran_normal,0,0,65535_65535,0,3,106100,171,1,1,1,23,171,28,1,1,allocated
37,5847,greenran_normal,0,0,65535_65535,0,1,106102,163,1,1,0,22,0,28,1,1,pre_allocation
37,5847,greenran_normal,0,0,65535_65535,0,1,106102,171,1,1,1,23,171,28,1,1,allocated
37,5847,greenran_normal,0,0,65535_65535,0,2,106102,163,1,1,0,22,0,28,1,1,pre_allocation
37,5847,greenran_normal,0,0,65535_65535,0,2,106102,171,1,1,1,23,171,28,1,1,allocated
37,5847,greenran_normal,0,0,65535_65535,0,4,107641,139,1,1,0,23,0,24,1,1,pre_allocation
37,5847,greenran_normal,0,0,65535_65535,0,4,107641,145,1,1,1,24,145,24,1,1,allocated
37,5847,greenran_normal,0,0,65535_65535,0,5,106101,171,1,1,0,23,0,28,1,1,pre_allocation
37,5847,greenran_normal,0,0,65535_65535,0,5,106101,179,1,1,1,24,179,28,1,1,allocated
37,5847,greenran_normal,0,0,65535_65535,0,3,106100,171,1,1,0,23,0,28,1,1,pre_allocation
37,5847,greenran_normal,0,0,65535_65535,0,3,106100,179,1,1,1,24,179,28,1,1,allocated
37,5847,greenran_normal,0,0,65535_65535,0,1,106102,171,1,1,0,23,0,28,1,1,pre_allocation
37,5847,greenran_normal,0,0,65535_65535,0,1,106102,179,1,1,1,24,179,28,1,1,allocated
37,5847,greenran_normal,0,0,65535_65535,0,2,106102,171,1,1,0,23,0,28,1,1,pre_allocation
37,5847,greenran_normal,0,0,65535_65535,0,2,106102,179,1,1,1,24,179,28,1,1,allocated
37,5847,greenran_normal,0,0,65535_65535,0,4,107641,145,1,1,0,24,0,24,1,1,pre_allocation
37,5847,greenran_normal,0,0,65535_65535,0,4,107641,151,1,1,1,25,151,24,1,1,allocated
37,5847,greenran_normal,0,0,65535_65535,0,5,106101,179,1,1,0,24,0,28,1,1,pre_allocation
37,5847,greenran_normal,0,0,65535_65535,0,5,106101,186,1,1,1,25,186,28,1,1,allocated
37,5847,greenran_normal,0,0,65535_65535,0,3,106100,179,1,1,0,24,0,28,1,1,pre_allocation
37,5847,greenran_normal,0,0,65535_65535,0,3,106100,186,1,1,1,25,186,28,1,1,allocated
37,5847,greenran_normal,0,0,65535_65535,0,1,106102,179,1,1,0,24,0,28,1,1,pre_allocation
37,5847,greenran_normal,0,0,65535_65535,0,1,106102,186,1,1,1,25,186,28,1,1,allocated
37,5847,greenran_normal,0,0,65535_65535,0,2,106102,179,1,1,0,24,0,28,1,1,pre_allocation
37,5847,greenran_normal,0,0,65535_65535,0,2,106102,186,1,1,1,25,186,28,1,1,allocated
37,5847,greenran_normal,0,0,65535_65535,0,4,107641,151,1,1,0,25,0,24,1,1,pre_allocation
37,5847,greenran_normal,0,0,65535_65535,0,4,107641,157,1,1,1,26,157,24,1,1,allocated
37,5847,greenran_normal,0,0,65535_65535,0,5,106101,186,1,1,0,25,0,28,1,1,pre_allocation
37,5847,greenran_normal,0,0,65535_65535,0,5,106101,194,1,1,1,26,194,28,1,1,allocated
37,5847,greenran_normal,0,0,65535_65535,0,3,106100,186,1,1,0,25,0,28,1,1,pre_allocation
37,5847,greenran_normal,0,0,65535_65535,0,3,106100,194,1,1,1,26,194,28,1,1,allocated
37,5847,greenran_normal,0,0,65535_65535,0,1,106102,186,1,1,0,25,0,28,1,1,pre_allocation
37,5847,greenran_normal,0,0,65535_65535,0,1,106102,194,1,1,1,26,194,28,1,1,allocated
37,5847,greenran_normal,0,0,65535_65535,0,2,106102,186,1,1,0,25,0,28,1,1,pre_allocation
37,5847,greenran_normal,0,0,65535_65535,0,2,106102,194,1,1,1,26,194,28,1,1,allocated
37,5847,greenran_normal,0,0,65535_65535,0,4,107641,157,1,1,0,26,0,24,1,1,pre_allocation
37,5847,greenran_normal,0,0,65535_65535,0,4,107641,164,1,1,1,27,164,24,1,1,allocated
37,5847,greenran_normal,0,0,65535_65535,0,5,106101,194,1,1,0,26,0,28,1,1,pre_allocation
37,5847,greenran_normal,0,0,65535_65535,0,5,106101,201,1,1,1,27,201,28,1,1,allocated
37,5847,greenran_normal,0,0,65535_65535,0,3,106100,194,1,1,0,26,0,28,1,1,pre_allocation
37,5847,greenran_normal,0,0,65535_65535,0,3,106100,201,1,1,1,27,201,28,1,1,allocated
37,5847,greenran_normal,0,0,65535_65535,0,1,106102,194,1,1,0,26,0,28,1,1,pre_allocation
37,5847,greenran_normal,0,0,65535_65535,0,1,106102,201,1,1,1,27,201,28,1,1,allocated
37,5847,greenran_normal,0,0,65535_65535,0,2,106102,194,1,1,0,26,0,28,1,1,pre_allocation
37,5847,greenran_normal,0,0,65535_65535,0,2,106102,201,1,1,1,27,201,28,1,1,allocated
37,5847,greenran_normal,0,0,65535_65535,0,4,107641,164,1,1,0,27,0,24,1,1,pre_allocation
37,5847,greenran_normal,0,0,65535_65535,0,4,107641,170,1,1,1,28,170,24,1,1,allocated
37,5847,greenran_normal,0,0,65535_65535,2,38,3415316,0,1,1,0,0,0,2,1,1,pre_allocation
37,5847,greenran_normal,0,0,65535_65535,2,38,3415316,0,1,1,1,1,0,2,1,1,allocated
37,5847,greenran_normal,0,0,65535_65535,2,60,3415065,0,1,1,0,0,0,12,1,1,pre_allocation
37,5847,greenran_normal,0,0,65535_65535,2,60,3415065,2,1,1,1,1,2,12,1,1,allocated
37,5847,greenran_normal,0,0,65535_65535,2,64,3414905,0,1,1,0,0,0,16,1,1,pre_allocation
37,5847,greenran_normal,0,0,65535_65535,2,64,3414905,0,1,1,1,1,0,16,1,1,allocated
37,5847,greenran_normal,0,0,65535_65535,2,43,3414535,0,1,1,0,0,0,24,1,1,pre_allocation
37,5847,greenran_normal,0,0,65535_65535,2,43,3414535,3,1,1,1,1,3,24,1,1,allocated
37,5847,greenran_normal,0,0,65535_65535,2,42,3414170,0,1,1,0,0,0,22,1,1,pre_allocation
37,5847,greenran_normal,0,0,65535_65535,2,42,3414170,2,1,1,1,1,2,22,1,1,allocated
37,5847,greenran_normal,0,0,65535_65535,2,36,3413884,0,1,1,0,0,0,24,1,1,pre_allocation
37,5847,greenran_normal,0,0,65535_65535,2,36,3413884,3,1,1,1,1,3,24,1,1,allocated
37,5847,greenran_normal,0,0,65535_65535,2,58,3413879,0,1,1,0,0,0,26,1,1,pre_allocation
37,5847,greenran_normal,0,0,65535_65535,2,58,3413879,4,1,1,1,1,4,26,1,1,allocated
37,5847,greenran_normal,0,0,65535_65535,2,59,3413845,0,1,1,0,0,0,26,1,1,pre_allocation
37,5847,greenran_normal,0,0,65535_65535,2,59,3413845,4,1,1,1,1,4,26,1,1,allocated
37,5847,greenran_normal,0,0,65535_65535,2,62,3413808,0,1,1,0,0,0,28,1,1,pre_allocation
37,5847,greenran_normal,0,0,65535_65535,2,62,3413808,4,1,1,1,1,4,28,1,1,allocated
37,5847,greenran_normal,0,0,65535_65535,2,61,3413808,0,1,1,0,0,0,28,1,1,pre_allocation
37,5847,greenran_normal,0,0,65535_65535,2,61,3413808,4,1,1,1,1,4,28,1,1,allocated
37,5847,greenran_normal,0,0,65535_65535,2,39,3413807,0,1,1,0,0,0,28,1,1,pre_allocation
37,5847,greenran_normal,0,0,65535_65535,2,39,3413807,4,1,1,1,1,4,28,1,1,allocated
37,5847,greenran_normal,0,0,65535_65535,2,35,3413803,0,1,1,0,0,0,28,1,1,pre_allocation
37,5847,greenran_normal,0,0,65535_65535,2,35,3413803,4,1,1,1,1,4,28,1,1,allocated
37,5847,greenran_normal,0,0,65535_65535,2,44,3413803,0,1,1,0,0,0,28,1,1,pre_allocation
37,5847,greenran_normal,0,0,65535_65535,2,44,3413803,4,1,1,1,1,4,28,1,1,allocated
37,5847,greenran_normal,0,0,65535_65535,2,55,3413803,0,1,1,0,0,0,28,1,1,pre_allocation
37,5847,greenran_normal,0,0,65535_65535,2,55,3413803,4,1,1,1,1,4,28,1,1,allocated
37,5847,greenran_normal,0,0,65535_65535,2,37,3413805,0,1,1,0,0,0,28,1,1,pre_allocation
37,5847,greenran_normal,0,0,65535_65535,2,37,3413805,4,1,1,1,1,4,28,1,1,allocated
37,5847,greenran_normal,0,0,65535_65535,2,41,3413805,0,1,1,0,0,0,28,1,1,pre_allocation
37,5847,greenran_normal,0,0,65535_65535,2,41,3413805,4,1,1,1,1,4,28,1,1,allocated
37,5847,greenran_normal,0,0,65535_65535,2,56,3413802,0,1,1,0,0,0,28,1,1,pre_allocation
37,5847,greenran_normal,0,0,65535_65535,2,56,3413802,4,1,1,1,1,4,28,1,1,allocated
37,5847,greenran_normal,0,0,65535_65535,2,57,3413802,0,1,1,0,0,0,28,1,1,pre_allocation
37,5847,greenran_normal,0,0,65535_65535,2,57,3413802,4,1,1,1,1,4,28,1,1,allocated
37,5847,greenran_normal,0,0,65535_65535,2,40,3413804,0,1,1,0,0,0,28,1,1,pre_allocation
37,5847,greenran_normal,0,0,65535_65535,2,40,3413804,4,1,1,1,1,4,28,1,1,allocated
37,5847,greenran_normal,0,0,65535_65535,2,63,3413800,0,1,1,0,0,0,28,1,1,pre_allocation
37,5847,greenran_normal,0,0,65535_65535,2,63,3413800,4,1,1,1,1,4,28,1,1,allocated
37,5847,greenran_normal,0,0,65535_65535,2,38,3415316,0,1,1,0,1,0,2,1,1,pre_allocation
37,5847,greenran_normal,0,0,65535_65535,2,38,3415316,0,1,1,1,2,0,2,1,1,allocated
37,5847,greenran_normal,0,0,65535_65535,2,60,3415065,2,1,1,0,1,0,12,1,1,pre_allocation
37,5847,greenran_normal,0,0,65535_65535,2,60,3415065,1,1,1,1,2,1,12,1,1,allocated
37,5847,greenran_normal,0,0,65535_65535,2,64,3414905,0,1,1,0,1,0,16,1,1,pre_allocation
37,5847,greenran_normal,0,0,65535_65535,2,64,3414905,3,1,1,1,2,3,16,1,1,allocated
37,5847,greenran_normal,0,0,65535_65535,2,43,3414535,3,1,1,0,1,0,24,1,1,pre_allocation
37,5847,greenran_normal,0,0,65535_65535,2,43,3414535,9,1,1,1,2,9,24,1,1,allocated
37,5847,greenran_normal,0,0,65535_65535,2,42,3414170,2,1,1,0,1,0,22,1,1,pre_allocation
37,5847,greenran_normal,0,0,65535_65535,2,42,3414170,7,1,1,1,2,7,22,1,1,allocated
37,5847,greenran_normal,0,0,65535_65535,2,36,3413884,3,1,1,0,1,0,24,1,1,pre_allocation
37,5847,greenran_normal,0,0,65535_65535,2,36,3413884,9,1,1,1,2,9,24,1,1,allocated
37,5847,greenran_normal,0,0,65535_65535,2,58,3413879,4,1,1,0,1,0,26,1,1,pre_allocation
37,5847,greenran_normal,0,0,65535_65535,2,58,3413879,11,1,1,1,2,11,26,1,1,allocated
37,5847,greenran_normal,0,0,65535_65535,2,59,3413845,4,1,1,0,1,0,26,1,1,pre_allocation
37,5847,greenran_normal,0,0,65535_65535,2,59,3413845,11,1,1,1,2,11,26,1,1,allocated
37,5847,greenran_normal,0,0,65535_65535,2,62,3413808,4,1,1,0,1,0,28,1,1,pre_allocation
37,5847,greenran_normal,0,0,65535_65535,2,62,3413808,12,1,1,1,2,12,28,1,1,allocated
37,5847,greenran_normal,0,0,65535_65535,2,61,3413808,4,1,1,0,1,0,28,1,1,pre_allocation
37,5847,greenran_normal,0,0,65535_65535,2,61,3413808,12,1,1,1,2,12,28,1,1,allocated
37,5847,greenran_normal,0,0,65535_65535,2,39,3413807,4,1,1,0,1,0,28,1,1,pre_allocation
37,5847,greenran_normal,0,0,65535_65535,2,39,3413807,12,1,1,1,2,12,28,1,1,allocated
37,5847,greenran_normal,0,0,65535_65535,2,35,3413803,4,1,1,0,1,0,28,1,1,pre_allocation
37,5847,greenran_normal,0,0,65535_65535,2,35,3413803,12,1,1,1,2,12,28,1,1,allocated
37,5847,greenran_normal,0,0,65535_65535,2,44,3413803,4,1,1,0,1,0,28,1,1,pre_allocation
37,5847,greenran_normal,0,0,65535_65535,2,44,3413803,12,1,1,1,2,12,28,1,1,allocated
37,5847,greenran_normal,0,0,65535_65535,2,55,3413803,4,1,1,0,1,0,28,1,1,pre_allocation
37,5847,greenran_normal,0,0,65535_65535,2,55,3413803,12,1,1,1,2,12,28,1,1,allocated
37,5847,greenran_normal,0,0,65535_65535,2,37,3413805,4,1,1,0,1,0,28,1,1,pre_allocation
37,5847,greenran_normal,0,0,65535_65535,2,37,3413805,12,1,1,1,2,12,28,1,1,allocated
37,5847,greenran_normal,0,0,65535_65535,2,41,3413805,4,1,1,0,1,0,28,1,1,pre_allocation
37,5847,greenran_normal,0,0,65535_65535,2,41,3413805,12,1,1,1,2,12,28,1,1,allocated
37,5847,greenran_normal,0,0,65535_65535,2,56,3413802,4,1,1,0,1,0,28,1,1,pre_allocation
37,5847,greenran_normal,0,0,65535_65535,2,56,3413802,12,1,1,1,2,12,28,1,1,allocated
37,5847,greenran_normal,0,0,65535_65535,2,57,3413802,4,1,1,0,1,0,28,1,1,pre_allocation
37,5847,greenran_normal,0,0,65535_65535,2,57,3413802,12,1,1,1,2,12,28,1,1,allocated
37,5847,greenran_normal,0,0,65535_65535,2,40,3413804,4,1,1,0,1,0,28,1,1,pre_allocation
37,5847,greenran_normal,0,0,65535_65535,2,40,3413804,12,1,1,1,2,12,28,1,1,allocated
37,5847,greenran_normal,0,0,65535_65535,2,63,3413800,4,1,1,0,1,0,28,1,1,pre_allocation
37,5847,greenran_normal,0,0,65535_65535,2,63,3413800,12,1,1,1,2,12,28,1,1,allocated
37,5847,greenran_normal,0,0,65535_65535,2,38,3415316,0,1,1,0,2,0,2,1,1,pre_allocation
37,5847,greenran_normal,0,0,65535_65535,2,38,3415316,0,1,1,1,3,0,2,1,1,allocated
37,5847,greenran_normal,0,0,65535_65535,2,60,3415065,1,1,1,0,2,0,12,1,1,pre_allocation
37,5847,greenran_normal,0,0,65535_65535,2,60,3415065,3,1,1,1,3,3,12,1,1,allocated
37,5847,greenran_normal,0,0,65535_65535,2,64,3414905,3,1,1,0,2,0,16,1,1,pre_allocation
37,5847,greenran_normal,0,0,65535_65535,2,64,3414905,6,1,1,1,3,6,16,1,1,allocated
37,5847,greenran_normal,0,0,65535_65535,2,43,3414535,9,1,1,0,2,0,24,1,1,pre_allocation
37,5847,greenran_normal,0,0,65535_65535,2,43,3414535,15,1,1,1,3,15,24,1,1,allocated
37,5847,greenran_normal,0,0,65535_65535,2,42,3414170,7,1,1,0,2,0,22,1,1,pre_allocation
37,5847,greenran_normal,0,0,65535_65535,2,42,3414170,13,1,1,1,3,13,22,1,1,allocated
37,5847,greenran_normal,0,0,65535_65535,2,36,3413884,9,1,1,0,2,0,24,1,1,pre_allocation
37,5847,greenran_normal,0,0,65535_65535,2,36,3413884,15,1,1,1,3,15,24,1,1,allocated
37,5847,greenran_normal,0,0,65535_65535,2,58,3413879,11,1,1,0,2,0,26,1,1,pre_allocation
37,5847,greenran_normal,0,0,65535_65535,2,58,3413879,18,1,1,1,3,18,26,1,1,allocated
37,5847,greenran_normal,0,0,65535_65535,2,59,3413845,11,1,1,0,2,0,26,1,1,pre_allocation
37,5847,greenran_normal,0,0,65535_65535,2,59,3413845,18,1,1,1,3,18,26,1,1,allocated
37,5847,greenran_normal,0,0,65535_65535,2,62,3413808,12,1,1,0,2,0,28,1,1,pre_allocation
37,5847,greenran_normal,0,0,65535_65535,2,62,3413808,19,1,1,1,3,19,28,1,1,allocated
37,5847,greenran_normal,0,0,65535_65535,2,61,3413808,12,1,1,0,2,0,28,1,1,pre_allocation
37,5847,greenran_normal,0,0,65535_65535,2,61,3413808,19,1,1,1,3,19,28,1,1,allocated
37,5847,greenran_normal,0,0,65535_65535,2,39,3413807,12,1,1,0,2,0,28,1,1,pre_allocation
37,5847,greenran_normal,0,0,65535_65535,2,39,3413807,19,1,1,1,3,19,28,1,1,allocated
37,5847,greenran_normal,0,0,65535_65535,2,35,3413803,12,1,1,0,2,0,28,1,1,pre_allocation
37,5847,greenran_normal,0,0,65535_65535,2,35,3413803,19,1,1,1,3,19,28,1,1,allocated
37,5847,greenran_normal,0,0,65535_65535,2,44,3413803,12,1,1,0,2,0,28,1,1,pre_allocation
37,5847,greenran_normal,0,0,65535_65535,2,44,3413803,19,1,1,1,3,19,28,1,1,allocated
37,5847,greenran_normal,0,0,65535_65535,2,55,3413803,12,1,1,0,2,0,28,1,1,pre_allocation
37,5847,greenran_normal,0,0,65535_65535,2,55,3413803,19,1,1,1,3,19,28,1,1,allocated
37,5847,greenran_normal,0,0,65535_65535,2,37,3413805,12,1,1,0,2,0,28,1,1,pre_allocation
37,5847,greenran_normal,0,0,65535_65535,2,37,3413805,19,1,1,1,3,19,28,1,1,allocated
37,5847,greenran_normal,0,0,65535_65535,2,41,3413805,12,1,1,0,2,0,28,1,1,pre_allocation
37,5847,greenran_normal,0,0,65535_65535,2,41,3413805,19,1,1,1,3,19,28,1,1,allocated
37,5847,greenran_normal,0,0,65535_65535,2,56,3413802,12,1,1,0,2,0,28,1,1,pre_allocation
37,5847,greenran_normal,0,0,65535_65535,2,56,3413802,19,1,1,1,3,19,28,1,1,allocated
37,5847,greenran_normal,0,0,65535_65535,2,57,3413802,12,1,1,0,2,0,28,1,1,pre_allocation
37,5847,greenran_normal,0,0,65535_65535,2,57,3413802,19,1,1,1,3,19,28,1,1,allocated
37,5847,greenran_normal,0,0,65535_65535,2,40,3413804,12,1,1,0,2,0,28,1,1,pre_allocation
37,5847,greenran_normal,0,0,65535_65535,2,40,3413804,19,1,1,1,3,19,28,1,1,allocated
37,5847,greenran_normal,0,0,65535_65535,2,63,3413800,12,1,1,0,2,0,28,1,1,pre_allocation
37,5847,greenran_normal,0,0,65535_65535,2,63,3413800,19,1,1,1,3,19,28,1,1,allocated
37,5847,greenran_normal,0,0,65535_65535,2,38,3415316,0,1,1,0,3,0,2,1,1,pre_allocation
37,5847,greenran_normal,0,0,65535_65535,2,38,3415316,1,1,1,1,4,1,2,1,1,allocated
37,5847,greenran_normal,0,0,65535_65535,2,60,3415065,3,1,1,0,3,0,12,1,1,pre_allocation
37,5847,greenran_normal,0,0,65535_65535,2,60,3415065,5,1,1,1,4,5,12,1,1,allocated
37,5847,greenran_normal,0,0,65535_65535,2,64,3414905,6,1,1,0,3,0,16,1,1,pre_allocation
37,5847,greenran_normal,0,0,65535_65535,2,64,3414905,10,1,1,1,4,10,16,1,1,allocated
37,5847,greenran_normal,0,0,65535_65535,2,43,3414535,15,1,1,0,3,0,24,1,1,pre_allocation
37,5847,greenran_normal,0,0,65535_65535,2,43,3414535,21,1,1,1,4,21,24,1,1,allocated
37,5847,greenran_normal,0,0,65535_65535,2,42,3414170,13,1,1,0,3,0,22,1,1,pre_allocation
37,5847,greenran_normal,0,0,65535_65535,2,42,3414170,18,1,1,1,4,18,22,1,1,allocated
37,5847,greenran_normal,0,0,65535_65535,2,36,3413884,15,1,1,0,3,0,24,1,1,pre_allocation
37,5847,greenran_normal,0,0,65535_65535,2,36,3413884,21,1,1,1,4,21,24,1,1,allocated
37,5847,greenran_normal,0,0,65535_65535,2,58,3413879,18,1,1,0,3,0,26,1,1,pre_allocation
37,5847,greenran_normal,0,0,65535_65535,2,58,3413879,25,1,1,1,4,25,26,1,1,allocated
37,5847,greenran_normal,0,0,65535_65535,2,59,3413845,18,1,1,0,3,0,26,1,1,pre_allocation
37,5847,greenran_normal,0,0,65535_65535,2,59,3413845,25,1,1,1,4,25,26,1,1,allocated
37,5847,greenran_normal,0,0,65535_65535,2,62,3413808,19,1,1,0,3,0,28,1,1,pre_allocation
37,5847,greenran_normal,0,0,65535_65535,2,62,3413808,27,1,1,1,4,27,28,1,1,allocated
37,5847,greenran_normal,0,0,65535_65535,2,61,3413808,19,1,1,0,3,0,28,1,1,pre_allocation
37,5847,greenran_normal,0,0,65535_65535,2,61,3413808,27,1,1,1,4,27,28,1,1,allocated
37,5847,greenran_normal,0,0,65535_65535,2,39,3413807,19,1,1,0,3,0,28,1,1,pre_allocation
37,5847,greenran_normal,0,0,65535_65535,2,39,3413807,27,1,1,1,4,27,28,1,1,allocated
37,5847,greenran_normal,0,0,65535_65535,2,35,3413803,19,1,1,0,3,0,28,1,1,pre_allocation
37,5847,greenran_normal,0,0,65535_65535,2,35,3413803,27,1,1,1,4,27,28,1,1,allocated
37,5847,greenran_normal,0,0,65535_65535,2,44,3413803,19,1,1,0,3,0,28,1,1,pre_allocation
37,5847,greenran_normal,0,0,65535_65535,2,44,3413803,27,1,1,1,4,27,28,1,1,allocated
37,5847,greenran_normal,0,0,65535_65535,2,55,3413803,19,1,1,0,3,0,28,1,1,pre_allocation
37,5847,greenran_normal,0,0,65535_65535,2,55,3413803,27,1,1,1,4,27,28,1,1,allocated
37,5847,greenran_normal,0,0,65535_65535,2,37,3413805,19,1,1,0,3,0,28,1,1,pre_allocation
37,5847,greenran_normal,0,0,65535_65535,2,37,3413805,27,1,1,1,4,27,28,1,1,allocated
37,5847,greenran_normal,0,0,65535_65535,2,41,3413805,19,1,1,0,3,0,28,1,1,pre_allocation
37,5847,greenran_normal,0,0,65535_65535,2,41,3413805,27,1,1,1,4,27,28,1,1,allocated
37,5847,greenran_normal,0,0,65535_65535,2,56,3413802,19,1,1,0,3,0,28,1,1,pre_allocation
37,5847,greenran_normal,0,0,65535_65535,2,56,3413802,27,1,1,1,4,27,28,1,1,allocated
37,5847,greenran_normal,0,0,65535_65535,2,57,3413802,19,1,1,0,3,0,28,1,1,pre_allocation
37,5847,greenran_normal,0,0,65535_65535,2,57,3413802,27,1,1,1,4,27,28,1,1,allocated
37,5847,greenran_normal,0,0,65535_65535,2,40,3413804,19,1,1,0,3,0,28,1,1,pre_allocation
37,5847,greenran_normal,0,0,65535_65535,2,40,3413804,27,1,1,1,4,27,28,1,1,allocated
37,5847,greenran_normal,0,0,65535_65535,2,63,3413800,19,1,1,0,3,0,28,1,1,pre_allocation
37,5847,greenran_normal,0,0,65535_65535,2,63,3413800,27,1,1,1,4,27,28,1,1,allocated
37,5847,greenran_normal,0,0,65535_65535,2,38,3415316,1,1,1,0,4,0,2,1,1,pre_allocation
37,5847,greenran_normal,0,0,65535_65535,2,38,3415316,1,1,1,1,5,1,2,1,1,allocated
37,5847,greenran_normal,0,0,65535_65535,2,60,3415065,5,1,1,0,4,0,12,1,1,pre_allocation
37,5847,greenran_normal,0,0,65535_65535,2,60,3415065,7,1,1,1,5,7,12,1,1,allocated
37,5847,greenran_normal,0,0,65535_65535,2,64,3414905,10,1,1,0,4,0,16,1,1,pre_allocation
37,5847,greenran_normal,0,0,65535_65535,2,64,3414905,13,1,1,1,5,13,16,1,1,allocated
37,5847,greenran_normal,0,0,65535_65535,2,43,3414535,21,1,1,0,4,0,24,1,1,pre_allocation
37,5847,greenran_normal,0,0,65535_65535,2,43,3414535,27,1,1,1,5,27,24,1,1,allocated
37,5847,greenran_normal,0,0,65535_65535,2,42,3414170,18,1,1,0,4,0,22,1,1,pre_allocation
37,5847,greenran_normal,0,0,65535_65535,2,42,3414170,23,1,1,1,5,23,22,1,1,allocated
37,5847,greenran_normal,0,0,65535_65535,2,36,3413884,21,1,1,0,4,0,24,1,1,pre_allocation
37,5847,greenran_normal,0,0,65535_65535,2,36,3413884,27,1,1,1,5,27,24,1,1,allocated
37,5847,greenran_normal,0,0,65535_65535,2,58,3413879,25,1,1,0,4,0,26,1,1,pre_allocation
37,5847,greenran_normal,0,0,65535_65535,2,58,3413879,32,1,1,1,5,32,26,1,1,allocated
37,5847,greenran_normal,0,0,65535_65535,2,59,3413845,25,1,1,0,4,0,26,1,1,pre_allocation
37,5847,greenran_normal,0,0,65535_65535,2,59,3413845,32,1,1,1,5,32,26,1,1,allocated
37,5847,greenran_normal,0,0,65535_65535,2,62,3413808,27,1,1,0,4,0,28,1,1,pre_allocation
37,5847,greenran_normal,0,0,65535_65535,2,62,3413808,34,1,1,1,5,34,28,1,1,allocated
37,5847,greenran_normal,0,0,65535_65535,2,61,3413808,27,1,1,0,4,0,28,1,1,pre_allocation
37,5847,greenran_normal,0,0,65535_65535,2,61,3413808,34,1,1,1,5,34,28,1,1,allocated
37,5847,greenran_normal,0,0,65535_65535,2,39,3413807,27,1,1,0,4,0,28,1,1,pre_allocation
37,5847,greenran_normal,0,0,65535_65535,2,39,3413807,34,1,1,1,5,34,28,1,1,allocated
37,5847,greenran_normal,0,0,65535_65535,2,35,3413803,27,1,1,0,4,0,28,1,1,pre_allocation
37,5847,greenran_normal,0,0,65535_65535,2,35,3413803,34,1,1,1,5,34,28,1,1,allocated
37,5847,greenran_normal,0,0,65535_65535,2,44,3413803,27,1,1,0,4,0,28,1,1,pre_allocation
37,5847,greenran_normal,0,0,65535_65535,2,44,3413803,34,1,1,1,5,34,28,1,1,allocated
37,5847,greenran_normal,0,0,65535_65535,2,55,3413803,27,1,1,0,4,0,28,1,1,pre_allocation
37,5847,greenran_normal,0,0,65535_65535,2,55,3413803,34,1,1,1,5,34,28,1,1,allocated
37,5847,greenran_normal,0,0,65535_65535,2,37,3413805,27,1,1,0,4,0,28,1,1,pre_allocation
37,5847,greenran_normal,0,0,65535_65535,2,37,3413805,34,1,1,1,5,34,28,1,1,allocated
37,5847,greenran_normal,0,0,65535_65535,2,41,3413805,27,1,1,0,4,0,28,1,1,pre_allocation
37,5847,greenran_normal,0,0,65535_65535,2,41,3413805,34,1,1,1,5,34,28,1,1,allocated
37,5847,greenran_normal,0,0,65535_65535,2,56,3413802,27,1,1,0,4,0,28,1,1,pre_allocation
37,5847,greenran_normal,0,0,65535_65535,2,56,3413802,34,1,1,1,5,34,28,1,1,allocated
37,5847,greenran_normal,0,0,65535_65535,2,57,3413802,27,1,1,0,4,0,28,1,1,pre_allocation
37,5847,greenran_normal,0,0,65535_65535,2,57,3413802,34,1,1,1,5,34,28,1,1,allocated
37,5847,greenran_normal,0,0,65535_65535,2,40,3413804,27,1,1,0,4,0,28,1,1,pre_allocation
37,5847,greenran_normal,0,0,65535_65535,2,40,3413804,34,1,1,1,5,34,28,1,1,allocated
37,5847,greenran_normal,0,0,65535_65535,2,63,3413800,27,1,1,0,4,0,28,1,1,pre_allocation
37,5847,greenran_normal,0,0,65535_65535,2,63,3413800,34,1,1,1,5,34,28,1,1,allocated
37,5847,greenran_normal,0,0,65535_65535,2,38,3415316,1,1,1,0,5,0,2,1,1,pre_allocation
37,5847,greenran_normal,0,0,65535_65535,2,38,3415316,1,1,1,1,6,1,2,1,1,allocated
37,5847,greenran_normal,0,0,65535_65535,2,60,3415065,7,1,1,0,5,0,12,1,1,pre_allocation
37,5847,greenran_normal,0,0,65535_65535,2,60,3415065,9,1,1,1,6,9,12,1,1,allocated
37,5847,greenran_normal,0,0,65535_65535,2,64,3414905,13,1,1,0,5,0,16,1,1,pre_allocation
37,5847,greenran_normal,0,0,65535_65535,2,64,3414905,16,1,1,1,6,16,16,1,1,allocated
37,5847,greenran_normal,0,0,65535_65535,2,43,3414535,27,1,1,0,5,0,24,1,1,pre_allocation
37,5847,greenran_normal,0,0,65535_65535,2,43,3414535,34,1,1,1,6,34,24,1,1,allocated
37,5847,greenran_normal,0,0,65535_65535,2,42,3414170,23,1,1,0,5,0,22,1,1,pre_allocation
37,5847,greenran_normal,0,0,65535_65535,2,42,3414170,29,1,1,1,6,29,22,1,1,allocated
37,5847,greenran_normal,0,0,65535_65535,2,36,3413884,27,1,1,0,5,0,24,1,1,pre_allocation
37,5847,greenran_normal,0,0,65535_65535,2,36,3413884,34,1,1,1,6,34,24,1,1,allocated
37,5847,greenran_normal,0,0,65535_65535,2,58,3413879,32,1,1,0,5,0,26,1,1,pre_allocation
37,5847,greenran_normal,0,0,65535_65535,2,58,3413879,39,1,1,1,6,39,26,1,1,allocated
37,5847,greenran_normal,0,0,65535_65535,2,59,3413845,32,1,1,0,5,0,26,1,1,pre_allocation
37,5847,greenran_normal,0,0,65535_65535,2,59,3413845,39,1,1,1,6,39,26,1,1,allocated
37,5847,greenran_normal,0,0,65535_65535,2,62,3413808,34,1,1,0,5,0,28,1,1,pre_allocation
37,5847,greenran_normal,0,0,65535_65535,2,62,3413808,42,1,1,1,6,42,28,1,1,allocated
37,5847,greenran_normal,0,0,65535_65535,2,61,3413808,34,1,1,0,5,0,28,1,1,pre_allocation
37,5847,greenran_normal,0,0,65535_65535,2,61,3413808,42,1,1,1,6,42,28,1,1,allocated
37,5847,greenran_normal,0,0,65535_65535,2,39,3413807,34,1,1,0,5,0,28,1,1,pre_allocation
37,5847,greenran_normal,0,0,65535_65535,2,39,3413807,42,1,1,1,6,42,28,1,1,allocated
37,5847,greenran_normal,0,0,65535_65535,2,35,3413803,34,1,1,0,5,0,28,1,1,pre_allocation
37,5847,greenran_normal,0,0,65535_65535,2,35,3413803,42,1,1,1,6,42,28,1,1,allocated
37,5847,greenran_normal,0,0,65535_65535,2,44,3413803,34,1,1,0,5,0,28,1,1,pre_allocation
37,5847,greenran_normal,0,0,65535_65535,2,44,3413803,42,1,1,1,6,42,28,1,1,allocated
37,5847,greenran_normal,0,0,65535_65535,2,55,3413803,34,1,1,0,5,0,28,1,1,pre_allocation
37,5847,greenran_normal,0,0,65535_65535,2,55,3413803,42,1,1,1,6,42,28,1,1,allocated
37,5847,greenran_normal,0,0,65535_65535,2,37,3413805,34,1,1,0,5,0,28,1,1,pre_allocation
37,5847,greenran_normal,0,0,65535_65535,2,37,3413805,42,1,1,1,6,42,28,1,1,allocated
37,5847,greenran_normal,0,0,65535_65535,2,41,3413805,34,1,1,0,5,0,28,1,1,pre_allocation
37,5847,greenran_normal,0,0,65535_65535,2,41,3413805,42,1,1,1,6,42,28,1,1,allocated
37,5847,greenran_normal,0,0,65535_65535,2,56,3413802,34,1,1,0,5,0,28,1,1,pre_allocation
37,5847,greenran_normal,0,0,65535_65535,2,56,3413802,42,1,1,1,6,42,28,1,1,allocated
37,5847,greenran_normal,0,0,65535_65535,2,57,3413802,34,1,1,0,5,0,28,1,1,pre_allocation
37,5847,greenran_normal,0,0,65535_65535,2,57,3413802,42,1,1,1,6,42,28,1,1,allocated
37,5847,greenran_normal,0,0,65535_65535,2,40,3413804,34,1,1,0,5,0,28,1,1,pre_allocation
37,5847,greenran_normal,0,0,65535_65535,2,40,3413804,42,1,1,1,6,42,28,1,1,allocated
37,5847,greenran_normal,0,0,65535_65535,2,63,3413800,34,1,1,0,5,0,28,1,1,pre_allocation
37,5847,greenran_normal,0,0,65535_65535,2,63,3413800,42,1,1,1,6,42,28,1,1,allocated
37,5847,greenran_normal,0,0,65535_65535,2,38,3415316,1,1,1,0,6,0,2,1,1,pre_allocation
37,5847,greenran_normal,0,0,65535_65535,2,38,3415316,2,1,1,1,7,2,2,1,1,allocated
37,5847,greenran_normal,0,0,65535_65535,2,60,3415065,9,1,1,0,6,0,12,1,1,pre_allocation
37,5847,greenran_normal,0,0,65535_65535,2,60,3415065,11,1,1,1,7,11,12,1,1,allocated
37,5847,greenran_normal,0,0,65535_65535,2,64,3414905,16,1,1,0,6,0,16,1,1,pre_allocation
37,5847,greenran_normal,0,0,65535_65535,2,64,3414905,20,1,1,1,7,20,16,1,1,allocated
37,5847,greenran_normal,0,0,65535_65535,2,43,3414535,34,1,1,0,6,0,24,1,1,pre_allocation
37,5847,greenran_normal,0,0,65535_65535,2,43,3414535,40,1,1,1,7,40,24,1,1,allocated
37,5847,greenran_normal,0,0,65535_65535,2,42,3414170,29,1,1,0,6,0,22,1,1,pre_allocation
37,5847,greenran_normal,0,0,65535_65535,2,42,3414170,34,1,1,1,7,34,22,1,1,allocated
37,5847,greenran_normal,0,0,65535_65535,2,36,3413884,34,1,1,0,6,0,24,1,1,pre_allocation
37,5847,greenran_normal,0,0,65535_65535,2,36,3413884,40,1,1,1,7,40,24,1,1,allocated
37,5847,greenran_normal,0,0,65535_65535,2,58,3413879,39,1,1,0,6,0,26,1,1,pre_allocation
37,5847,greenran_normal,0,0,65535_65535,2,58,3413879,46,1,1,1,7,46,26,1,1,allocated
37,5847,greenran_normal,0,0,65535_65535,2,59,3413845,39,1,1,0,6,0,26,1,1,pre_allocation
37,5847,greenran_normal,0,0,65535_65535,2,59,3413845,46,1,1,1,7,46,26,1,1,allocated
37,5847,greenran_normal,0,0,65535_65535,2,62,3413808,42,1,1,0,6,0,28,1,1,pre_allocation
37,5847,greenran_normal,0,0,65535_65535,2,62,3413808,50,1,1,1,7,50,28,1,1,allocated
37,5847,greenran_normal,0,0,65535_65535,2,61,3413808,42,1,1,0,6,0,28,1,1,pre_allocation
37,5847,greenran_normal,0,0,65535_65535,2,61,3413808,50,1,1,1,7,50,28,1,1,allocated
40,5996,greenran_normal,0,0,65535_65535,0,4,110270,0,1,1,0,0,0,22,1,1,pre_allocation
40,5996,greenran_normal,0,0,65535_65535,0,4,110270,2,1,1,1,1,2,22,1,1,allocated
40,5996,greenran_normal,0,0,65535_65535,0,5,108618,0,1,1,0,0,0,28,1,1,pre_allocation
40,5996,greenran_normal,0,0,65535_65535,0,5,108618,4,1,1,1,1,4,28,1,1,allocated
40,5996,greenran_normal,0,0,65535_65535,0,3,108617,0,1,1,0,0,0,28,1,1,pre_allocation
40,5996,greenran_normal,0,0,65535_65535,0,3,108617,4,1,1,1,1,4,28,1,1,allocated
40,5996,greenran_normal,0,0,65535_65535,0,1,108619,0,1,1,0,0,0,28,1,1,pre_allocation
40,5996,greenran_normal,0,0,65535_65535,0,1,108619,4,1,1,1,1,4,28,1,1,allocated
40,5996,greenran_normal,0,0,65535_65535,0,2,108619,0,1,1,0,0,0,28,1,1,pre_allocation
40,5996,greenran_normal,0,0,65535_65535,0,2,108619,4,1,1,1,1,4,28,1,1,allocated
40,5996,greenran_normal,0,0,65535_65535,0,4,110270,2,1,1,0,1,0,22,1,1,pre_allocation
40,5996,greenran_normal,0,0,65535_65535,0,4,110270,7,1,1,1,2,7,22,1,1,allocated
40,5996,greenran_normal,0,0,65535_65535,0,5,108618,4,1,1,0,1,0,28,1,1,pre_allocation
40,5996,greenran_normal,0,0,65535_65535,0,5,108618,12,1,1,1,2,12,28,1,1,allocated
40,5996,greenran_normal,0,0,65535_65535,0,3,108617,4,1,1,0,1,0,28,1,1,pre_allocation
40,5996,greenran_normal,0,0,65535_65535,0,3,108617,12,1,1,1,2,12,28,1,1,allocated
40,5996,greenran_normal,0,0,65535_65535,0,1,108619,4,1,1,0,1,0,28,1,1,pre_allocation
40,5996,greenran_normal,0,0,65535_65535,0,1,108619,12,1,1,1,2,12,28,1,1,allocated
40,5996,greenran_normal,0,0,65535_65535,0,2,108619,4,1,1,0,1,0,28,1,1,pre_allocation
40,5996,greenran_normal,0,0,65535_65535,0,2,108619,12,1,1,1,2,12,28,1,1,allocated
40,5996,greenran_normal,0,0,65535_65535,0,4,110270,7,1,1,0,2,0,22,1,1,pre_allocation
40,5996,greenran_normal,0,0,65535_65535,0,4,110270,13,1,1,1,3,13,22,1,1,allocated
40,5996,greenran_normal,0,0,65535_65535,0,5,108618,12,1,1,0,2,0,28,1,1,pre_allocation
40,5996,greenran_normal,0,0,65535_65535,0,5,108618,19,1,1,1,3,19,28,1,1,allocated
40,5996,greenran_normal,0,0,65535_65535,0,3,108617,12,1,1,0,2,0,28,1,1,pre_allocation
40,5996,greenran_normal,0,0,65535_65535,0,3,108617,19,1,1,1,3,19,28,1,1,allocated
40,5996,greenran_normal,0,0,65535_65535,0,1,108619,12,1,1,0,2,0,28,1,1,pre_allocation
40,5996,greenran_normal,0,0,65535_65535,0,1,108619,19,1,1,1,3,19,28,1,1,allocated
40,5996,greenran_normal,0,0,65535_65535,0,2,108619,12,1,1,0,2,0,28,1,1,pre_allocation
40,5996,greenran_normal,0,0,65535_65535,0,2,108619,19,1,1,1,3,19,28,1,1,allocated
40,5996,greenran_normal,0,0,65535_65535,0,4,110270,13,1,1,0,3,0,22,1,1,pre_allocation
40,5996,greenran_normal,0,0,65535_65535,0,4,110270,18,1,1,1,4,18,22,1,1,allocated
40,5996,greenran_normal,0,0,65535_65535,0,5,108618,19,1,1,0,3,0,28,1,1,pre_allocation
40,5996,greenran_normal,0,0,65535_65535,0,5,108618,27,1,1,1,4,27,28,1,1,allocated
40,5996,greenran_normal,0,0,65535_65535,0,3,108617,19,1,1,0,3,0,28,1,1,pre_allocation
40,5996,greenran_normal,0,0,65535_65535,0,3,108617,27,1,1,1,4,27,28,1,1,allocated
40,5996,greenran_normal,0,0,65535_65535,0,1,108619,19,1,1,0,3,0,28,1,1,pre_allocation
40,5996,greenran_normal,0,0,65535_65535,0,1,108619,27,1,1,1,4,27,28,1,1,allocated
40,5996,greenran_normal,0,0,65535_65535,0,2,108619,19,1,1,0,3,0,28,1,1,pre_allocation
40,5996,greenran_normal,0,0,65535_65535,0,2,108619,27,1,1,1,4,27,28,1,1,allocated
40,5996,greenran_normal,0,0,65535_65535,0,4,110270,18,1,1,0,4,0,22,1,1,pre_allocation
40,5996,greenran_normal,0,0,65535_65535,0,4,110270,23,1,1,1,5,23,22,1,1,allocated
40,5996,greenran_normal,0,0,65535_65535,0,5,108618,27,1,1,0,4,0,28,1,1,pre_allocation
40,5996,greenran_normal,0,0,65535_65535,0,5,108618,34,1,1,1,5,34,28,1,1,allocated
40,5996,greenran_normal,0,0,65535_65535,0,3,108617,27,1,1,0,4,0,28,1,1,pre_allocation
40,5996,greenran_normal,0,0,65535_65535,0,3,108617,34,1,1,1,5,34,28,1,1,allocated
40,5996,greenran_normal,0,0,65535_65535,0,1,108619,27,1,1,0,4,0,28,1,1,pre_allocation
40,5996,greenran_normal,0,0,65535_65535,0,1,108619,34,1,1,1,5,34,28,1,1,allocated
40,5996,greenran_normal,0,0,65535_65535,0,2,108619,27,1,1,0,4,0,28,1,1,pre_allocation
40,5996,greenran_normal,0,0,65535_65535,0,2,108619,34,1,1,1,5,34,28,1,1,allocated
40,5996,greenran_normal,0,0,65535_65535,0,4,110270,23,1,1,0,5,0,22,1,1,pre_allocation
40,5996,greenran_normal,0,0,65535_65535,0,4,110270,29,1,1,1,6,29,22,1,1,allocated
40,5996,greenran_normal,0,0,65535_65535,0,5,108618,34,1,1,0,5,0,28,1,1,pre_allocation
40,5996,greenran_normal,0,0,65535_65535,0,5,108618,42,1,1,1,6,42,28,1,1,allocated
40,5996,greenran_normal,0,0,65535_65535,0,3,108617,34,1,1,0,5,0,28,1,1,pre_allocation
40,5996,greenran_normal,0,0,65535_65535,0,3,108617,42,1,1,1,6,42,28,1,1,allocated
40,5996,greenran_normal,0,0,65535_65535,0,1,108619,34,1,1,0,5,0,28,1,1,pre_allocation
40,5996,greenran_normal,0,0,65535_65535,0,1,108619,42,1,1,1,6,42,28,1,1,allocated
40,5996,greenran_normal,0,0,65535_65535,0,2,108619,34,1,1,0,5,0,28,1,1,pre_allocation
40,5996,greenran_normal,0,0,65535_65535,0,2,108619,42,1,1,1,6,42,28,1,1,allocated
40,5996,greenran_normal,0,0,65535_65535,0,4,110270,29,1,1,0,6,0,22,1,1,pre_allocation
40,5996,greenran_normal,0,0,65535_65535,0,4,110270,34,1,1,1,7,34,22,1,1,allocated
40,5996,greenran_normal,0,0,65535_65535,0,5,108618,42,1,1,0,6,0,28,1,1,pre_allocation
40,5996,greenran_normal,0,0,65535_65535,0,5,108618,50,1,1,1,7,50,28,1,1,allocated
40,5996,greenran_normal,0,0,65535_65535,0,3,108617,42,1,1,0,6,0,28,1,1,pre_allocation
40,5996,greenran_normal,0,0,65535_65535,0,3,108617,50,1,1,1,7,50,28,1,1,allocated
40,5996,greenran_normal,0,0,65535_65535,0,1,108619,42,1,1,0,6,0,28,1,1,pre_allocation
40,5996,greenran_normal,0,0,65535_65535,0,1,108619,50,1,1,1,7,50,28,1,1,allocated
40,5996,greenran_normal,0,0,65535_65535,0,2,108619,42,1,1,0,6,0,28,1,1,pre_allocation
40,5996,greenran_normal,0,0,65535_65535,0,2,108619,50,1,1,1,7,50,28,1,1,allocated
40,5996,greenran_normal,0,0,65535_65535,0,4,110270,34,1,1,0,7,0,22,1,1,pre_allocation
40,5996,greenran_normal,0,0,65535_65535,0,4,110270,39,1,1,1,8,39,22,1,1,allocated
40,5996,greenran_normal,0,0,65535_65535,0,5,108618,50,1,1,0,7,0,28,1,1,pre_allocation
40,5996,greenran_normal,0,0,65535_65535,0,5,108618,57,1,1,1,8,57,28,1,1,allocated
40,5996,greenran_normal,0,0,65535_65535,0,3,108617,50,1,1,0,7,0,28,1,1,pre_allocation
40,5996,greenran_normal,0,0,65535_65535,0,3,108617,57,1,1,1,8,57,28,1,1,allocated
40,5996,greenran_normal,0,0,65535_65535,0,1,108619,50,1,1,0,7,0,28,1,1,pre_allocation
40,5996,greenran_normal,0,0,65535_65535,0,1,108619,57,1,1,1,8,57,28,1,1,allocated
40,5996,greenran_normal,0,0,65535_65535,0,2,108619,50,1,1,0,7,0,28,1,1,pre_allocation
40,5996,greenran_normal,0,0,65535_65535,0,2,108619,57,1,1,1,8,57,28,1,1,allocated
40,5996,greenran_normal,0,0,65535_65535,0,4,110270,39,1,1,0,8,0,22,1,1,pre_allocation
40,5996,greenran_normal,0,0,65535_65535,0,4,110270,45,1,1,1,9,45,22,1,1,allocated
40,5996,greenran_normal,0,0,65535_65535,0,5,108618,57,1,1,0,8,0,28,1,1,pre_allocation
40,5996,greenran_normal,0,0,65535_65535,0,5,108618,65,1,1,1,9,65,28,1,1,allocated
40,5996,greenran_normal,0,0,65535_65535,0,3,108617,57,1,1,0,8,0,28,1,1,pre_allocation
40,5996,greenran_normal,0,0,65535_65535,0,3,108617,65,1,1,1,9,65,28,1,1,allocated
40,5996,greenran_normal,0,0,65535_65535,0,1,108619,57,1,1,0,8,0,28,1,1,pre_allocation
40,5996,greenran_normal,0,0,65535_65535,0,1,108619,65,1,1,1,9,65,28,1,1,allocated
40,5996,greenran_normal,0,0,65535_65535,0,2,108619,57,1,1,0,8,0,28,1,1,pre_allocation
40,5996,greenran_normal,0,0,65535_65535,0,2,108619,65,1,1,1,9,65,28,1,1,allocated
40,5996,greenran_normal,0,0,65535_65535,0,4,110270,45,1,1,0,9,0,22,1,1,pre_allocation
40,5996,greenran_normal,0,0,65535_65535,0,4,110270,50,1,1,1,10,50,22,1,1,allocated
40,5996,greenran_normal,0,0,65535_65535,0,5,108618,65,1,1,0,9,0,28,1,1,pre_allocation
40,5996,greenran_normal,0,0,65535_65535,0,5,108618,72,1,1,1,10,72,28,1,1,allocated
40,5996,greenran_normal,0,0,65535_65535,0,3,108617,65,1,1,0,9,0,28,1,1,pre_allocation
40,5996,greenran_normal,0,0,65535_65535,0,3,108617,72,1,1,1,10,72,28,1,1,allocated
40,5996,greenran_normal,0,0,65535_65535,0,1,108619,65,1,1,0,9,0,28,1,1,pre_allocation
40,5996,greenran_normal,0,0,65535_65535,0,1,108619,72,1,1,1,10,72,28,1,1,allocated
40,5996,greenran_normal,0,0,65535_65535,0,2,108619,65,1,1,0,9,0,28,1,1,pre_allocation
40,5996,greenran_normal,0,0,65535_65535,0,2,108619,72,1,1,1,10,72,28,1,1,allocated
40,5996,greenran_normal,0,0,65535_65535,0,4,110270,50,1,1,0,10,0,22,1,1,pre_allocation
40,5996,greenran_normal,0,0,65535_65535,0,4,110270,55,1,1,1,11,55,22,1,1,allocated
40,5996,greenran_normal,0,0,65535_65535,0,5,108618,72,1,1,0,10,0,28,1,1,pre_allocation
40,5996,greenran_normal,0,0,65535_65535,0,5,108618,80,1,1,1,11,80,28,1,1,allocated
40,5996,greenran_normal,0,0,65535_65535,0,3,108617,72,1,1,0,10,0,28,1,1,pre_allocation
40,5996,greenran_normal,0,0,65535_65535,0,3,108617,80,1,1,1,11,80,28,1,1,allocated
40,5996,greenran_normal,0,0,65535_65535,0,1,108619,72,1,1,0,10,0,28,1,1,pre_allocation
40,5996,greenran_normal,0,0,65535_65535,0,1,108619,80,1,1,1,11,80,28,1,1,allocated
40,5996,greenran_normal,0,0,65535_65535,0,2,108619,72,1,1,0,10,0,28,1,1,pre_allocation
40,5996,greenran_normal,0,0,65535_65535,0,2,108619,80,1,1,1,11,80,28,1,1,allocated
40,5996,greenran_normal,0,0,65535_65535,0,4,110270,55,1,1,0,11,0,22,1,1,pre_allocation
40,5996,greenran_normal,0,0,65535_65535,0,4,110270,61,1,1,1,12,61,22,1,1,allocated
40,5996,greenran_normal,0,0,65535_65535,0,5,108618,80,1,1,0,11,0,28,1,1,pre_allocation
40,5996,greenran_normal,0,0,65535_65535,0,5,108618,88,1,1,1,12,88,28,1,1,allocated
40,5996,greenran_normal,0,0,65535_65535,0,3,108617,80,1,1,0,11,0,28,1,1,pre_allocation
40,5996,greenran_normal,0,0,65535_65535,0,3,108617,88,1,1,1,12,88,28,1,1,allocated
40,5996,greenran_normal,0,0,65535_65535,0,1,108619,80,1,1,0,11,0,28,1,1,pre_allocation
40,5996,greenran_normal,0,0,65535_65535,0,1,108619,88,1,1,1,12,88,28,1,1,allocated
40,5996,greenran_normal,0,0,65535_65535,0,2,108619,80,1,1,0,11,0,28,1,1,pre_allocation
40,5996,greenran_normal,0,0,65535_65535,0,2,108619,88,1,1,1,12,88,28,1,1,allocated
40,5996,greenran_normal,0,0,65535_65535,0,4,110270,61,1,1,0,12,0,22,1,1,pre_allocation
40,5996,greenran_normal,0,0,65535_65535,0,4,110270,66,1,1,1,13,66,22,1,1,allocated
40,5996,greenran_normal,0,0,65535_65535,0,5,108618,88,1,1,0,12,0,28,1,1,pre_allocation
40,5996,greenran_normal,0,0,65535_65535,0,5,108618,95,1,1,1,13,95,28,1,1,allocated
40,5996,greenran_normal,0,0,65535_65535,0,3,108617,88,1,1,0,12,0,28,1,1,pre_allocation
40,5996,greenran_normal,0,0,65535_65535,0,3,108617,95,1,1,1,13,95,28,1,1,allocated
40,5996,greenran_normal,0,0,65535_65535,0,1,108619,88,1,1,0,12,0,28,1,1,pre_allocation
40,5996,greenran_normal,0,0,65535_65535,0,1,108619,95,1,1,1,13,95,28,1,1,allocated
40,5996,greenran_normal,0,0,65535_65535,0,2,108619,88,1,1,0,12,0,28,1,1,pre_allocation
40,5996,greenran_normal,0,0,65535_65535,0,2,108619,95,1,1,1,13,95,28,1,1,allocated
40,5996,greenran_normal,0,0,65535_65535,0,4,110270,66,1,1,0,13,0,22,1,1,pre_allocation
40,5996,greenran_normal,0,0,65535_65535,0,4,110270,72,1,1,1,14,72,22,1,1,allocated
40,5996,greenran_normal,0,0,65535_65535,0,5,108618,95,1,1,0,13,0,28,1,1,pre_allocation
40,5996,greenran_normal,0,0,65535_65535,0,5,108618,103,1,1,1,14,103,28,1,1,allocated
40,5996,greenran_normal,0,0,65535_65535,0,3,108617,95,1,1,0,13,0,28,1,1,pre_allocation
40,5996,greenran_normal,0,0,65535_65535,0,3,108617,103,1,1,1,14,103,28,1,1,allocated
40,5996,greenran_normal,0,0,65535_65535,0,1,108619,95,1,1,0,13,0,28,1,1,pre_allocation
40,5996,greenran_normal,0,0,65535_65535,0,1,108619,103,1,1,1,14,103,28,1,1,allocated
40,5996,greenran_normal,0,0,65535_65535,0,2,108619,95,1,1,0,13,0,28,1,1,pre_allocation
40,5996,greenran_normal,0,0,65535_65535,0,2,108619,103,1,1,1,14,103,28,1,1,allocated
40,5996,greenran_normal,0,0,65535_65535,0,4,110270,72,1,1,0,14,0,22,1,1,pre_allocation
40,5996,greenran_normal,0,0,65535_65535,0,4,110270,77,1,1,1,15,77,22,1,1,allocated
40,5996,greenran_normal,0,0,65535_65535,0,5,108618,103,1,1,0,14,0,28,1,1,pre_allocation
40,5996,greenran_normal,0,0,65535_65535,0,5,108618,110,1,1,1,15,110,28,1,1,allocated
40,5996,greenran_normal,0,0,65535_65535,0,3,108617,103,1,1,0,14,0,28,1,1,pre_allocation
40,5996,greenran_normal,0,0,65535_65535,0,3,108617,110,1,1,1,15,110,28,1,1,allocated
40,5996,greenran_normal,0,0,65535_65535,0,1,108619,103,1,1,0,14,0,28,1,1,pre_allocation
40,5996,greenran_normal,0,0,65535_65535,0,1,108619,110,1,1,1,15,110,28,1,1,allocated
40,5996,greenran_normal,0,0,65535_65535,0,2,108619,103,1,1,0,14,0,28,1,1,pre_allocation
40,5996,greenran_normal,0,0,65535_65535,0,2,108619,110,1,1,1,15,110,28,1,1,allocated
40,5996,greenran_normal,0,0,65535_65535,0,4,110270,77,1,1,0,15,0,22,1,1,pre_allocation
40,5996,greenran_normal,0,0,65535_65535,0,4,110270,82,1,1,1,16,82,22,1,1,allocated
40,5996,greenran_normal,0,0,65535_65535,0,5,108618,110,1,1,0,15,0,28,1,1,pre_allocation
40,5996,greenran_normal,0,0,65535_65535,0,5,108618,118,1,1,1,16,118,28,1,1,allocated
40,5996,greenran_normal,0,0,65535_65535,0,3,108617,110,1,1,0,15,0,28,1,1,pre_allocation
40,5996,greenran_normal,0,0,65535_65535,0,3,108617,118,1,1,1,16,118,28,1,1,allocated
40,5996,greenran_normal,0,0,65535_65535,0,1,108619,110,1,1,0,15,0,28,1,1,pre_allocation
40,5996,greenran_normal,0,0,65535_65535,0,1,108619,118,1,1,1,16,118,28,1,1,allocated
40,5996,greenran_normal,0,0,65535_65535,0,2,108619,110,1,1,0,15,0,28,1,1,pre_allocation
40,5996,greenran_normal,0,0,65535_65535,0,2,108619,118,1,1,1,16,118,28,1,1,allocated
40,5996,greenran_normal,0,0,65535_65535,0,4,110270,82,1,1,0,16,0,22,1,1,pre_allocation
40,5996,greenran_normal,0,0,65535_65535,0,4,110270,88,1,1,1,17,88,22,1,1,allocated
40,5996,greenran_normal,0,0,65535_65535,0,5,108618,118,1,1,0,16,0,28,1,1,pre_allocation
40,5996,greenran_normal,0,0,65535_65535,0,5,108618,126,1,1,1,17,126,28,1,1,allocated
40,5996,greenran_normal,0,0,65535_65535,0,3,108617,118,1,1,0,16,0,28,1,1,pre_allocation
40,5996,greenran_normal,0,0,65535_65535,0,3,108617,126,1,1,1,17,126,28,1,1,allocated
40,5996,greenran_normal,0,0,65535_65535,0,1,108619,118,1,1,0,16,0,28,1,1,pre_allocation
40,5996,greenran_normal,0,0,65535_65535,0,1,108619,126,1,1,1,17,126,28,1,1,allocated
40,5996,greenran_normal,0,0,65535_65535,0,2,108619,118,1,1,0,16,0,28,1,1,pre_allocation
40,5996,greenran_normal,0,0,65535_65535,0,2,108619,126,1,1,1,17,126,28,1,1,allocated
40,5996,greenran_normal,0,0,65535_65535,0,4,110270,88,1,1,0,17,0,22,1,1,pre_allocation
40,5996,greenran_normal,0,0,65535_65535,0,4,110270,93,1,1,1,18,93,22,1,1,allocated
40,5996,greenran_normal,0,0,65535_65535,0,5,108618,126,1,1,0,17,0,28,1,1,pre_allocation
40,5996,greenran_normal,0,0,65535_65535,0,5,108618,133,1,1,1,18,133,28,1,1,allocated
40,5996,greenran_normal,0,0,65535_65535,0,3,108617,126,1,1,0,17,0,28,1,1,pre_allocation
40,5996,greenran_normal,0,0,65535_65535,0,3,108617,133,1,1,1,18,133,28,1,1,allocated
40,5996,greenran_normal,0,0,65535_65535,0,1,108619,126,1,1,0,17,0,28,1,1,pre_allocation
40,5996,greenran_normal,0,0,65535_65535,0,1,108619,133,1,1,1,18,133,28,1,1,allocated
40,5996,greenran_normal,0,0,65535_65535,0,2,108619,126,1,1,0,17,0,28,1,1,pre_allocation
40,5996,greenran_normal,0,0,65535_65535,0,2,108619,133,1,1,1,18,133,28,1,1,allocated
40,5996,greenran_normal,0,0,65535_65535,0,4,110270,93,1,1,0,18,0,22,1,1,pre_allocation
40,5996,greenran_normal,0,0,65535_65535,0,4,110270,98,1,1,1,19,98,22,1,1,allocated
40,5996,greenran_normal,0,0,65535_65535,0,5,108618,133,1,1,0,18,0,28,1,1,pre_allocation
40,5996,greenran_normal,0,0,65535_65535,0,5,108618,141,1,1,1,19,141,28,1,1,allocated
40,5996,greenran_normal,0,0,65535_65535,0,3,108617,133,1,1,0,18,0,28,1,1,pre_allocation
40,5996,greenran_normal,0,0,65535_65535,0,3,108617,141,1,1,1,19,141,28,1,1,allocated
40,5996,greenran_normal,0,0,65535_65535,0,1,108619,133,1,1,0,18,0,28,1,1,pre_allocation
40,5996,greenran_normal,0,0,65535_65535,0,1,108619,141,1,1,1,19,141,28,1,1,allocated
40,5996,greenran_normal,0,0,65535_65535,0,2,108619,133,1,1,0,18,0,28,1,1,pre_allocation
40,5996,greenran_normal,0,0,65535_65535,0,2,108619,141,1,1,1,19,141,28,1,1,allocated
40,5996,greenran_normal,0,0,65535_65535,0,4,110270,98,1,1,0,19,0,22,1,1,pre_allocation
40,5996,greenran_normal,0,0,65535_65535,0,4,110270,104,1,1,1,20,104,22,1,1,allocated
40,5996,greenran_normal,0,0,65535_65535,0,5,108618,141,1,1,0,19,0,28,1,1,pre_allocation
40,5996,greenran_normal,0,0,65535_65535,0,5,108618,148,1,1,1,20,148,28,1,1,allocated
40,5996,greenran_normal,0,0,65535_65535,0,3,108617,141,1,1,0,19,0,28,1,1,pre_allocation
40,5996,greenran_normal,0,0,65535_65535,0,3,108617,148,1,1,1,20,148,28,1,1,allocated
40,5996,greenran_normal,0,0,65535_65535,0,1,108619,141,1,1,0,19,0,28,1,1,pre_allocation
40,5996,greenran_normal,0,0,65535_65535,0,1,108619,148,1,1,1,20,148,28,1,1,allocated
40,5996,greenran_normal,0,0,65535_65535,0,2,108619,141,1,1,0,19,0,28,1,1,pre_allocation
40,5996,greenran_normal,0,0,65535_65535,0,2,108619,148,1,1,1,20,148,28,1,1,allocated
40,5996,greenran_normal,0,0,65535_65535,0,4,110270,104,1,1,0,20,0,22,1,1,pre_allocation
40,5996,greenran_normal,0,0,65535_65535,0,4,110270,109,1,1,1,21,109,22,1,1,allocated
40,5996,greenran_normal,0,0,65535_65535,0,5,108618,148,1,1,0,20,0,28,1,1,pre_allocation
40,5996,greenran_normal,0,0,65535_65535,0,5,108618,156,1,1,1,21,156,28,1,1,allocated
40,5996,greenran_normal,0,0,65535_65535,0,3,108617,148,1,1,0,20,0,28,1,1,pre_allocation
40,5996,greenran_normal,0,0,65535_65535,0,3,108617,156,1,1,1,21,156,28,1,1,allocated
40,5996,greenran_normal,0,0,65535_65535,0,1,108619,148,1,1,0,20,0,28,1,1,pre_allocation
40,5996,greenran_normal,0,0,65535_65535,0,1,108619,156,1,1,1,21,156,28,1,1,allocated
40,5996,greenran_normal,0,0,65535_65535,0,2,108619,148,1,1,0,20,0,28,1,1,pre_allocation
40,5996,greenran_normal,0,0,65535_65535,0,2,108619,156,1,1,1,21,156,28,1,1,allocated
40,5996,greenran_normal,0,0,65535_65535,0,4,110270,109,1,1,0,21,0,22,1,1,pre_allocation
40,5996,greenran_normal,0,0,65535_65535,0,4,110270,114,1,1,1,22,114,22,1,1,allocated
40,5996,greenran_normal,0,0,65535_65535,0,5,108618,156,1,1,0,21,0,28,1,1,pre_allocation
40,5996,greenran_normal,0,0,65535_65535,0,5,108618,163,1,1,1,22,163,28,1,1,allocated
40,5996,greenran_normal,0,0,65535_65535,0,3,108617,156,1,1,0,21,0,28,1,1,pre_allocation
40,5996,greenran_normal,0,0,65535_65535,0,3,108617,163,1,1,1,22,163,28,1,1,allocated
40,5996,greenran_normal,0,0,65535_65535,0,1,108619,156,1,1,0,21,0,28,1,1,pre_allocation
40,5996,greenran_normal,0,0,65535_65535,0,1,108619,163,1,1,1,22,163,28,1,1,allocated
40,5996,greenran_normal,0,0,65535_65535,0,2,108619,156,1,1,0,21,0,28,1,1,pre_allocation
40,5996,greenran_normal,0,0,65535_65535,0,2,108619,163,1,1,1,22,163,28,1,1,allocated
40,5996,greenran_normal,0,0,65535_65535,0,4,110270,114,1,1,0,22,0,22,1,1,pre_allocation
40,5996,greenran_normal,0,0,65535_65535,0,4,110270,120,1,1,1,23,120,22,1,1,allocated
40,5996,greenran_normal,0,0,65535_65535,0,5,108618,163,1,1,0,22,0,28,1,1,pre_allocation
40,5996,greenran_normal,0,0,65535_65535,0,5,108618,171,1,1,1,23,171,28,1,1,allocated
40,5996,greenran_normal,0,0,65535_65535,0,3,108617,163,1,1,0,22,0,28,1,1,pre_allocation
40,5996,greenran_normal,0,0,65535_65535,0,3,108617,171,1,1,1,23,171,28,1,1,allocated
40,5996,greenran_normal,0,0,65535_65535,0,1,108619,163,1,1,0,22,0,28,1,1,pre_allocation
40,5996,greenran_normal,0,0,65535_65535,0,1,108619,171,1,1,1,23,171,28,1,1,allocated
40,5996,greenran_normal,0,0,65535_65535,0,2,108619,163,1,1,0,22,0,28,1,1,pre_allocation
40,5996,greenran_normal,0,0,65535_65535,0,2,108619,171,1,1,1,23,171,28,1,1,allocated
40,5996,greenran_normal,0,0,65535_65535,0,4,110270,120,1,1,0,23,0,22,1,1,pre_allocation
40,5996,greenran_normal,0,0,65535_65535,0,4,110270,125,1,1,1,24,125,22,1,1,allocated
40,5996,greenran_normal,0,0,65535_65535,0,5,108618,171,1,1,0,23,0,28,1,1,pre_allocation
40,5996,greenran_normal,0,0,65535_65535,0,5,108618,179,1,1,1,24,179,28,1,1,allocated
40,5996,greenran_normal,0,0,65535_65535,0,3,108617,171,1,1,0,23,0,28,1,1,pre_allocation
40,5996,greenran_normal,0,0,65535_65535,0,3,108617,179,1,1,1,24,179,28,1,1,allocated
40,5996,greenran_normal,0,0,65535_65535,0,1,108619,171,1,1,0,23,0,28,1,1,pre_allocation
40,5996,greenran_normal,0,0,65535_65535,0,1,108619,179,1,1,1,24,179,28,1,1,allocated
40,5996,greenran_normal,0,0,65535_65535,0,2,108619,171,1,1,0,23,0,28,1,1,pre_allocation
40,5996,greenran_normal,0,0,65535_65535,0,2,108619,179,1,1,1,24,179,28,1,1,allocated
40,5996,greenran_normal,0,0,65535_65535,0,4,110270,125,1,1,0,24,0,22,1,1,pre_allocation
40,5996,greenran_normal,0,0,65535_65535,0,4,110270,131,1,1,1,25,131,22,1,1,allocated
40,5996,greenran_normal,0,0,65535_65535,0,5,108618,179,1,1,0,24,0,28,1,1,pre_allocation
40,5996,greenran_normal,0,0,65535_65535,0,5,108618,186,1,1,1,25,186,28,1,1,allocated
40,5996,greenran_normal,0,0,65535_65535,0,3,108617,179,1,1,0,24,0,28,1,1,pre_allocation
40,5996,greenran_normal,0,0,65535_65535,0,3,108617,186,1,1,1,25,186,28,1,1,allocated
40,5996,greenran_normal,0,0,65535_65535,0,1,108619,179,1,1,0,24,0,28,1,1,pre_allocation
40,5996,greenran_normal,0,0,65535_65535,0,1,108619,186,1,1,1,25,186,28,1,1,allocated
40,5996,greenran_normal,0,0,65535_65535,0,2,108619,179,1,1,0,24,0,28,1,1,pre_allocation
40,5996,greenran_normal,0,0,65535_65535,0,2,108619,186,1,1,1,25,186,28,1,1,allocated
40,5996,greenran_normal,0,0,65535_65535,0,4,110270,131,1,1,0,25,0,22,1,1,pre_allocation
40,5996,greenran_normal,0,0,65535_65535,0,4,110270,136,1,1,1,26,136,22,1,1,allocated
40,5996,greenran_normal,0,0,65535_65535,0,5,108618,186,1,1,0,25,0,28,1,1,pre_allocation
40,5996,greenran_normal,0,0,65535_65535,0,5,108618,194,1,1,1,26,194,28,1,1,allocated
40,5996,greenran_normal,0,0,65535_65535,0,3,108617,186,1,1,0,25,0,28,1,1,pre_allocation
40,5996,greenran_normal,0,0,65535_65535,0,3,108617,194,1,1,1,26,194,28,1,1,allocated
40,5996,greenran_normal,0,0,65535_65535,0,1,108619,186,1,1,0,25,0,28,1,1,pre_allocation
40,5996,greenran_normal,0,0,65535_65535,0,1,108619,194,1,1,1,26,194,28,1,1,allocated
40,5996,greenran_normal,0,0,65535_65535,0,2,108619,186,1,1,0,25,0,28,1,1,pre_allocation
40,5996,greenran_normal,0,0,65535_65535,0,2,108619,194,1,1,1,26,194,28,1,1,allocated
40,5996,greenran_normal,0,0,65535_65535,0,4,110270,136,1,1,0,26,0,22,1,1,pre_allocation
40,5996,greenran_normal,0,0,65535_65535,0,4,110270,141,1,1,1,27,141,22,1,1,allocated
40,5996,greenran_normal,0,0,65535_65535,0,5,108618,194,1,1,0,26,0,28,1,1,pre_allocation
40,5996,greenran_normal,0,0,65535_65535,0,5,108618,201,1,1,1,27,201,28,1,1,allocated
40,5996,greenran_normal,0,0,65535_65535,0,3,108617,194,1,1,0,26,0,28,1,1,pre_allocation
40,5996,greenran_normal,0,0,65535_65535,0,3,108617,201,1,1,1,27,201,28,1,1,allocated
40,5996,greenran_normal,0,0,65535_65535,0,1,108619,194,1,1,0,26,0,28,1,1,pre_allocation
40,5996,greenran_normal,0,0,65535_65535,0,1,108619,201,1,1,1,27,201,28,1,1,allocated
40,5996,greenran_normal,0,0,65535_65535,0,2,108619,194,1,1,0,26,0,28,1,1,pre_allocation
40,5996,greenran_normal,0,0,65535_65535,0,2,108619,201,1,1,1,27,201,28,1,1,allocated
40,5996,greenran_normal,0,0,65535_65535,0,4,110270,141,1,1,0,27,0,22,1,1,pre_allocation
40,5996,greenran_normal,0,0,65535_65535,0,4,110270,147,1,1,1,28,147,22,1,1,allocated
40,5996,greenran_normal,0,0,65535_65535,0,5,108618,201,1,1,0,27,0,28,1,1,pre_allocation
40,5996,greenran_normal,0,0,65535_65535,0,5,108618,209,1,1,1,28,209,28,1,1,allocated
40,5996,greenran_normal,0,0,65535_65535,0,3,108617,201,1,1,0,27,0,28,1,1,pre_allocation
40,5996,greenran_normal,0,0,65535_65535,0,3,108617,209,1,1,1,28,209,28,1,1,allocated
40,5996,greenran_normal,0,0,65535_65535,0,1,108619,201,1,1,0,27,0,28,1,1,pre_allocation
40,5996,greenran_normal,0,0,65535_65535,0,1,108619,209,1,1,1,28,209,28,1,1,allocated
40,5996,greenran_normal,0,0,65535_65535,0,2,108619,201,1,1,0,27,0,28,1,1,pre_allocation
40,5996,greenran_normal,0,0,65535_65535,0,2,108619,209,1,1,1,28,209,28,1,1,allocated
40,5996,greenran_normal,0,0,65535_65535,0,4,110270,147,1,1,0,28,0,22,1,1,pre_allocation
40,5996,greenran_normal,0,0,65535_65535,0,4,110270,152,1,1,1,29,152,22,1,1,allocated
40,5996,greenran_normal,0,0,65535_65535,0,5,108618,209,1,1,0,28,0,28,1,1,pre_allocation
40,5996,greenran_normal,0,0,65535_65535,0,5,108618,217,1,1,1,29,217,28,1,1,allocated
40,5996,greenran_normal,0,0,65535_65535,0,3,108617,209,1,1,0,28,0,28,1,1,pre_allocation
40,5996,greenran_normal,0,0,65535_65535,0,3,108617,217,1,1,1,29,217,28,1,1,allocated
40,5996,greenran_normal,0,0,65535_65535,0,1,108619,209,1,1,0,28,0,28,1,1,pre_allocation
40,5996,greenran_normal,0,0,65535_65535,0,1,108619,217,1,1,1,29,217,28,1,1,allocated
40,5996,greenran_normal,0,0,65535_65535,0,2,108619,209,1,1,0,28,0,28,1,1,pre_allocation
40,5996,greenran_normal,0,0,65535_65535,0,2,108619,217,1,1,1,29,217,28,1,1,allocated
40,5996,greenran_normal,0,0,65535_65535,0,4,110270,152,1,1,0,29,0,22,1,1,pre_allocation
40,5996,greenran_normal,0,0,65535_65535,0,4,110270,157,1,1,1,30,157,22,1,1,allocated
40,5996,greenran_normal,0,0,65535_65535,0,5,108618,217,1,1,0,29,0,28,1,1,pre_allocation
40,5996,greenran_normal,0,0,65535_65535,0,5,108618,224,1,1,1,30,224,28,1,1,allocated
40,5996,greenran_normal,0,0,65535_65535,0,3,108617,217,1,1,0,29,0,28,1,1,pre_allocation
40,5996,greenran_normal,0,0,65535_65535,0,3,108617,224,1,1,1,30,224,28,1,1,allocated
40,5996,greenran_normal,0,0,65535_65535,0,1,108619,217,1,1,0,29,0,28,1,1,pre_allocation
40,5996,greenran_normal,0,0,65535_65535,0,1,108619,224,1,1,1,30,224,28,1,1,allocated
40,5996,greenran_normal,0,0,65535_65535,0,2,108619,217,1,1,0,29,0,28,1,1,pre_allocation
40,5996,greenran_normal,0,0,65535_65535,0,2,108619,224,1,1,1,30,224,28,1,1,allocated
40,5996,greenran_normal,0,0,65535_65535,0,4,110270,157,1,1,0,30,0,22,1,1,pre_allocation
40,5996,greenran_normal,0,0,65535_65535,0,4,110270,163,1,1,1,31,163,22,1,1,allocated
40,5996,greenran_normal,0,0,65535_65535,0,5,108618,224,1,1,0,30,0,28,1,1,pre_allocation
40,5996,greenran_normal,0,0,65535_65535,0,5,108618,232,1,1,1,31,232,28,1,1,allocated
40,5996,greenran_normal,0,0,65535_65535,0,3,108617,224,1,1,0,30,0,28,1,1,pre_allocation
40,5996,greenran_normal,0,0,65535_65535,0,3,108617,232,1,1,1,31,232,28,1,1,allocated
40,5996,greenran_normal,0,0,65535_65535,0,1,108619,224,1,1,0,30,0,28,1,1,pre_allocation
40,5996,greenran_normal,0,0,65535_65535,0,1,108619,232,1,1,1,31,232,28,1,1,allocated
40,5996,greenran_normal,0,0,65535_65535,0,2,108619,224,1,1,0,30,0,28,1,1,pre_allocation
40,5996,greenran_normal,0,0,65535_65535,0,2,108619,232,1,1,1,31,232,28,1,1,allocated
40,5996,greenran_normal,0,0,65535_65535,0,4,110270,163,1,1,0,31,0,22,1,1,pre_allocation
40,5996,greenran_normal,0,0,65535_65535,0,4,110270,168,1,1,1,32,168,22,1,1,allocated
40,5996,greenran_normal,0,0,65535_65535,0,5,108618,232,1,1,0,31,0,28,1,1,pre_allocation
40,5996,greenran_normal,0,0,65535_65535,0,5,108618,239,1,1,1,32,239,28,1,1,allocated
40,5996,greenran_normal,0,0,65535_65535,0,3,108617,232,1,1,0,31,0,28,1,1,pre_allocation
40,5996,greenran_normal,0,0,65535_65535,0,3,108617,239,1,1,1,32,239,28,1,1,allocated
40,5996,greenran_normal,0,0,65535_65535,0,1,108619,232,1,1,0,31,0,28,1,1,pre_allocation
40,5996,greenran_normal,0,0,65535_65535,0,1,108619,239,1,1,1,32,239,28,1,1,allocated
40,5996,greenran_normal,0,0,65535_65535,0,2,108619,232,1,1,0,31,0,28,1,1,pre_allocation
40,5996,greenran_normal,0,0,65535_65535,0,2,108619,239,1,1,1,32,239,28,1,1,allocated
40,5996,greenran_normal,0,0,65535_65535,0,4,110270,168,1,1,0,32,0,22,1,1,pre_allocation
40,5996,greenran_normal,0,0,65535_65535,0,4,110270,173,1,1,1,33,173,22,1,1,allocated
40,5996,greenran_normal,0,0,65535_65535,0,5,108618,239,1,1,0,32,0,28,1,1,pre_allocation
40,5996,greenran_normal,0,0,65535_65535,0,5,108618,247,1,1,1,33,247,28,1,1,allocated
40,5996,greenran_normal,0,0,65535_65535,0,3,108617,239,1,1,0,32,0,28,1,1,pre_allocation
40,5996,greenran_normal,0,0,65535_65535,0,3,108617,247,1,1,1,33,247,28,1,1,allocated
40,5996,greenran_normal,0,0,65535_65535,0,1,108619,239,1,1,0,32,0,28,1,1,pre_allocation
40,5996,greenran_normal,0,0,65535_65535,0,1,108619,247,1,1,1,33,247,28,1,1,allocated
40,5996,greenran_normal,0,0,65535_65535,0,2,108619,239,1,1,0,32,0,28,1,1,pre_allocation
40,5996,greenran_normal,0,0,65535_65535,0,2,108619,247,1,1,1,33,247,28,1,1,allocated
40,5996,greenran_normal,0,0,65535_65535,0,4,110270,173,1,1,0,33,0,22,1,1,pre_allocation
40,5996,greenran_normal,0,0,65535_65535,0,4,110270,179,1,1,1,34,179,22,1,1,allocated
40,5996,greenran_normal,0,0,65535_65535,0,5,108618,247,1,1,0,33,0,28,1,1,pre_allocation
40,5996,greenran_normal,0,0,65535_65535,0,5,108618,255,1,1,1,34,255,28,1,1,allocated
40,5996,greenran_normal,0,0,65535_65535,0,3,108617,247,1,1,0,33,0,28,1,1,pre_allocation
40,5996,greenran_normal,0,0,65535_65535,0,3,108617,255,1,1,1,34,255,28,1,1,allocated
40,5996,greenran_normal,0,0,65535_65535,0,1,108619,247,1,1,0,33,0,28,1,1,pre_allocation
40,5996,greenran_normal,0,0,65535_65535,0,1,108619,255,1,1,1,34,255,28,1,1,allocated
40,5996,greenran_normal,0,0,65535_65535,0,2,108619,247,1,1,0,33,0,28,1,1,pre_allocation
40,5996,greenran_normal,0,0,65535_65535,0,2,108619,255,1,1,1,34,255,28,1,1,allocated
40,5996,greenran_normal,0,0,65535_65535,0,4,110270,179,1,1,0,34,0,22,1,1,pre_allocation
40,5996,greenran_normal,0,0,65535_65535,0,4,110270,184,1,1,1,35,184,22,1,1,allocated
40,5996,greenran_normal,0,0,65535_65535,0,5,108618,255,1,1,0,34,0,28,1,1,pre_allocation
40,5996,greenran_normal,0,0,65535_65535,0,5,108618,262,1,1,1,35,262,28,1,1,allocated
40,5996,greenran_normal,0,0,65535_65535,0,3,108617,255,1,1,0,34,0,28,1,1,pre_allocation
40,5996,greenran_normal,0,0,65535_65535,0,3,108617,262,1,1,1,35,262,28,1,1,allocated
40,5996,greenran_normal,0,0,65535_65535,0,1,108619,255,1,1,0,34,0,28,1,1,pre_allocation
40,5996,greenran_normal,0,0,65535_65535,0,1,108619,262,1,1,1,35,262,28,1,1,allocated
40,5996,greenran_normal,0,0,65535_65535,0,2,108619,255,1,1,0,34,0,28,1,1,pre_allocation
40,5996,greenran_normal,0,0,65535_65535,0,2,108619,262,1,1,1,35,262,28,1,1,allocated
40,5996,greenran_normal,0,0,65535_65535,2,38,3511260,0,1,1,0,0,0,15,1,1,pre_allocation
40,5996,greenran_normal,0,0,65535_65535,2,38,3511260,2,1,1,1,1,2,15,1,1,allocated
40,5996,greenran_normal,0,0,65535_65535,2,60,3510997,0,1,1,0,0,0,12,1,1,pre_allocation
40,5996,greenran_normal,0,0,65535_65535,2,60,3510997,2,1,1,1,1,2,12,1,1,allocated
40,5996,greenran_normal,0,0,65535_65535,2,64,3510807,0,1,1,0,0,0,18,1,1,pre_allocation
40,5996,greenran_normal,0,0,65535_65535,2,64,3510807,0,1,1,1,1,0,18,1,1,allocated
40,5996,greenran_normal,0,0,65535_65535,2,43,3510417,0,1,1,0,0,0,24,1,1,pre_allocation
40,5996,greenran_normal,0,0,65535_65535,2,43,3510417,3,1,1,1,1,3,24,1,1,allocated
40,5996,greenran_normal,0,0,65535_65535,2,42,3510048,0,1,1,0,0,0,20,1,1,pre_allocation
40,5996,greenran_normal,0,0,65535_65535,2,42,3510048,1,1,1,1,1,1,20,1,1,allocated
40,5996,greenran_normal,0,0,65535_65535,2,36,3509736,0,1,1,0,0,0,24,1,1,pre_allocation
40,5996,greenran_normal,0,0,65535_65535,2,36,3509736,3,1,1,1,1,3,24,1,1,allocated
40,5996,greenran_normal,0,0,65535_65535,2,56,3509650,0,1,1,0,0,0,28,1,1,pre_allocation
40,5996,greenran_normal,0,0,65535_65535,2,56,3509650,4,1,1,1,1,4,28,1,1,allocated
40,5996,greenran_normal,0,0,65535_65535,2,57,3509650,0,1,1,0,0,0,28,1,1,pre_allocation
40,5996,greenran_normal,0,0,65535_65535,2,57,3509650,4,1,1,1,1,4,28,1,1,allocated
40,5996,greenran_normal,0,0,65535_65535,2,40,3509652,0,1,1,0,0,0,28,1,1,pre_allocation
40,5996,greenran_normal,0,0,65535_65535,2,40,3509652,4,1,1,1,1,4,28,1,1,allocated
40,5996,greenran_normal,0,0,65535_65535,2,63,3509648,0,1,1,0,0,0,28,1,1,pre_allocation
40,5996,greenran_normal,0,0,65535_65535,2,63,3509648,4,1,1,1,1,4,28,1,1,allocated
40,5996,greenran_normal,0,0,65535_65535,2,62,3509648,0,1,1,0,0,0,28,1,1,pre_allocation
40,5996,greenran_normal,0,0,65535_65535,2,62,3509648,4,1,1,1,1,4,28,1,1,allocated
40,5996,greenran_normal,0,0,65535_65535,2,61,3509648,0,1,1,0,0,0,28,1,1,pre_allocation
40,5996,greenran_normal,0,0,65535_65535,2,61,3509648,4,1,1,1,1,4,28,1,1,allocated
40,5996,greenran_normal,0,0,65535_65535,2,58,3509714,0,1,1,0,0,0,26,1,1,pre_allocation
40,5996,greenran_normal,0,0,65535_65535,2,58,3509714,4,1,1,1,1,4,26,1,1,allocated
40,5996,greenran_normal,0,0,65535_65535,2,59,3509681,0,1,1,0,0,0,22,1,1,pre_allocation
40,5996,greenran_normal,0,0,65535_65535,2,59,3509681,2,1,1,1,1,2,22,1,1,allocated
40,5996,greenran_normal,0,0,65535_65535,2,44,3509644,0,1,1,0,0,0,28,1,1,pre_allocation
40,5996,greenran_normal,0,0,65535_65535,2,44,3509644,4,1,1,1,1,4,28,1,1,allocated
40,5996,greenran_normal,0,0,65535_65535,2,55,3509644,0,1,1,0,0,0,28,1,1,pre_allocation
40,5996,greenran_normal,0,0,65535_65535,2,55,3509644,4,1,1,1,1,4,28,1,1,allocated
40,5996,greenran_normal,0,0,65535_65535,2,39,3509647,0,1,1,0,0,0,28,1,1,pre_allocation
40,5996,greenran_normal,0,0,65535_65535,2,39,3509647,4,1,1,1,1,4,28,1,1,allocated
40,5996,greenran_normal,0,0,65535_65535,2,35,3509643,0,1,1,0,0,0,28,1,1,pre_allocation
40,5996,greenran_normal,0,0,65535_65535,2,35,3509643,4,1,1,1,1,4,28,1,1,allocated
40,5996,greenran_normal,0,0,65535_65535,2,37,3509646,0,1,1,0,0,0,28,1,1,pre_allocation
40,5996,greenran_normal,0,0,65535_65535,2,37,3509646,4,1,1,1,1,4,28,1,1,allocated
40,5996,greenran_normal,0,0,65535_65535,2,41,3509646,0,1,1,0,0,0,28,1,1,pre_allocation
40,5996,greenran_normal,0,0,65535_65535,2,41,3509646,4,1,1,1,1,4,28,1,1,allocated
40,5996,greenran_normal,0,0,65535_65535,2,38,3511260,2,1,1,0,1,0,15,1,1,pre_allocation
40,5996,greenran_normal,0,0,65535_65535,2,38,3511260,2,1,1,1,2,2,15,1,1,allocated
40,5996,greenran_normal,0,0,65535_65535,2,60,3510997,2,1,1,0,1,0,12,1,1,pre_allocation
40,5996,greenran_normal,0,0,65535_65535,2,60,3510997,1,1,1,1,2,1,12,1,1,allocated
40,5996,greenran_normal,0,0,65535_65535,2,64,3510807,0,1,1,0,1,0,18,1,1,pre_allocation
40,5996,greenran_normal,0,0,65535_65535,2,64,3510807,4,1,1,1,2,4,18,1,1,allocated
40,5996,greenran_normal,0,0,65535_65535,2,43,3510417,3,1,1,0,1,0,24,1,1,pre_allocation
40,5996,greenran_normal,0,0,65535_65535,2,43,3510417,9,1,1,1,2,9,24,1,1,allocated
40,5996,greenran_normal,0,0,65535_65535,2,42,3510048,1,1,1,0,1,0,20,1,1,pre_allocation
40,5996,greenran_normal,0,0,65535_65535,2,42,3510048,6,1,1,1,2,6,20,1,1,allocated
40,5996,greenran_normal,0,0,65535_65535,2,36,3509736,3,1,1,0,1,0,24,1,1,pre_allocation
40,5996,greenran_normal,0,0,65535_65535,2,36,3509736,9,1,1,1,2,9,24,1,1,allocated
40,5996,greenran_normal,0,0,65535_65535,2,56,3509650,4,1,1,0,1,0,28,1,1,pre_allocation
40,5996,greenran_normal,0,0,65535_65535,2,56,3509650,12,1,1,1,2,12,28,1,1,allocated
40,5996,greenran_normal,0,0,65535_65535,2,57,3509650,4,1,1,0,1,0,28,1,1,pre_allocation
40,5996,greenran_normal,0,0,65535_65535,2,57,3509650,12,1,1,1,2,12,28,1,1,allocated
40,5996,greenran_normal,0,0,65535_65535,2,40,3509652,4,1,1,0,1,0,28,1,1,pre_allocation
40,5996,greenran_normal,0,0,65535_65535,2,40,3509652,12,1,1,1,2,12,28,1,1,allocated
40,5996,greenran_normal,0,0,65535_65535,2,63,3509648,4,1,1,0,1,0,28,1,1,pre_allocation
40,5996,greenran_normal,0,0,65535_65535,2,63,3509648,12,1,1,1,2,12,28,1,1,allocated
40,5996,greenran_normal,0,0,65535_65535,2,62,3509648,4,1,1,0,1,0,28,1,1,pre_allocation
40,5996,greenran_normal,0,0,65535_65535,2,62,3509648,12,1,1,1,2,12,28,1,1,allocated
40,5996,greenran_normal,0,0,65535_65535,2,61,3509648,4,1,1,0,1,0,28,1,1,pre_allocation
40,5996,greenran_normal,0,0,65535_65535,2,61,3509648,12,1,1,1,2,12,28,1,1,allocated
40,5996,greenran_normal,0,0,65535_65535,2,58,3509714,4,1,1,0,1,0,26,1,1,pre_allocation
40,5996,greenran_normal,0,0,65535_65535,2,58,3509714,11,1,1,1,2,11,26,1,1,allocated
40,5996,greenran_normal,0,0,65535_65535,2,59,3509681,2,1,1,0,1,0,22,1,1,pre_allocation
40,5996,greenran_normal,0,0,65535_65535,2,59,3509681,7,1,1,1,2,7,22,1,1,allocated
40,5996,greenran_normal,0,0,65535_65535,2,44,3509644,4,1,1,0,1,0,28,1,1,pre_allocation
40,5996,greenran_normal,0,0,65535_65535,2,44,3509644,12,1,1,1,2,12,28,1,1,allocated
40,5996,greenran_normal,0,0,65535_65535,2,55,3509644,4,1,1,0,1,0,28,1,1,pre_allocation
40,5996,greenran_normal,0,0,65535_65535,2,55,3509644,12,1,1,1,2,12,28,1,1,allocated
40,5996,greenran_normal,0,0,65535_65535,2,39,3509647,4,1,1,0,1,0,28,1,1,pre_allocation
40,5996,greenran_normal,0,0,65535_65535,2,39,3509647,12,1,1,1,2,12,28,1,1,allocated
40,5996,greenran_normal,0,0,65535_65535,2,35,3509643,4,1,1,0,1,0,28,1,1,pre_allocation
40,5996,greenran_normal,0,0,65535_65535,2,35,3509643,12,1,1,1,2,12,28,1,1,allocated
40,5996,greenran_normal,0,0,65535_65535,2,37,3509646,4,1,1,0,1,0,28,1,1,pre_allocation
40,5996,greenran_normal,0,0,65535_65535,2,37,3509646,12,1,1,1,2,12,28,1,1,allocated
40,5996,greenran_normal,0,0,65535_65535,2,41,3509646,4,1,1,0,1,0,28,1,1,pre_allocation
40,5996,greenran_normal,0,0,65535_65535,2,41,3509646,12,1,1,1,2,12,28,1,1,allocated
40,5996,greenran_normal,0,0,65535_65535,2,38,3511260,2,1,1,0,2,0,15,1,1,pre_allocation
40,5996,greenran_normal,0,0,65535_65535,2,38,3511260,5,1,1,1,3,5,15,1,1,allocated
40,5996,greenran_normal,0,0,65535_65535,2,60,3510997,1,1,1,0,2,0,12,1,1,pre_allocation
40,5996,greenran_normal,0,0,65535_65535,2,60,3510997,3,1,1,1,3,3,12,1,1,allocated
40,5996,greenran_normal,0,0,65535_65535,2,64,3510807,4,1,1,0,2,0,18,1,1,pre_allocation
40,5996,greenran_normal,0,0,65535_65535,2,64,3510807,8,1,1,1,3,8,18,1,1,allocated
40,5996,greenran_normal,0,0,65535_65535,2,43,3510417,9,1,1,0,2,0,24,1,1,pre_allocation
40,5996,greenran_normal,0,0,65535_65535,2,43,3510417,15,1,1,1,3,15,24,1,1,allocated
40,5996,greenran_normal,0,0,65535_65535,2,42,3510048,6,1,1,0,2,0,20,1,1,pre_allocation
40,5996,greenran_normal,0,0,65535_65535,2,42,3510048,10,1,1,1,3,10,20,1,1,allocated
40,5996,greenran_normal,0,0,65535_65535,2,36,3509736,9,1,1,0,2,0,24,1,1,pre_allocation
40,5996,greenran_normal,0,0,65535_65535,2,36,3509736,15,1,1,1,3,15,24,1,1,allocated
40,5996,greenran_normal,0,0,65535_65535,2,56,3509650,12,1,1,0,2,0,28,1,1,pre_allocation
40,5996,greenran_normal,0,0,65535_65535,2,56,3509650,19,1,1,1,3,19,28,1,1,allocated
40,5996,greenran_normal,0,0,65535_65535,2,57,3509650,12,1,1,0,2,0,28,1,1,pre_allocation
40,5996,greenran_normal,0,0,65535_65535,2,57,3509650,19,1,1,1,3,19,28,1,1,allocated
40,5996,greenran_normal,0,0,65535_65535,2,40,3509652,12,1,1,0,2,0,28,1,1,pre_allocation
40,5996,greenran_normal,0,0,65535_65535,2,40,3509652,19,1,1,1,3,19,28,1,1,allocated
40,5996,greenran_normal,0,0,65535_65535,2,63,3509648,12,1,1,0,2,0,28,1,1,pre_allocation
40,5996,greenran_normal,0,0,65535_65535,2,63,3509648,19,1,1,1,3,19,28,1,1,allocated
40,5996,greenran_normal,0,0,65535_65535,2,62,3509648,12,1,1,0,2,0,28,1,1,pre_allocation
40,5996,greenran_normal,0,0,65535_65535,2,62,3509648,19,1,1,1,3,19,28,1,1,allocated
40,5996,greenran_normal,0,0,65535_65535,2,61,3509648,12,1,1,0,2,0,28,1,1,pre_allocation
40,5996,greenran_normal,0,0,65535_65535,2,61,3509648,19,1,1,1,3,19,28,1,1,allocated
40,5996,greenran_normal,0,0,65535_65535,2,58,3509714,11,1,1,0,2,0,26,1,1,pre_allocation
40,5996,greenran_normal,0,0,65535_65535,2,58,3509714,18,1,1,1,3,18,26,1,1,allocated
40,5996,greenran_normal,0,0,65535_65535,2,59,3509681,7,1,1,0,2,0,22,1,1,pre_allocation
40,5996,greenran_normal,0,0,65535_65535,2,59,3509681,13,1,1,1,3,13,22,1,1,allocated
40,5996,greenran_normal,0,0,65535_65535,2,44,3509644,12,1,1,0,2,0,28,1,1,pre_allocation
40,5996,greenran_normal,0,0,65535_65535,2,44,3509644,19,1,1,1,3,19,28,1,1,allocated
40,5996,greenran_normal,0,0,65535_65535,2,55,3509644,12,1,1,0,2,0,28,1,1,pre_allocation
40,5996,greenran_normal,0,0,65535_65535,2,55,3509644,19,1,1,1,3,19,28,1,1,allocated
40,5996,greenran_normal,0,0,65535_65535,2,39,3509647,12,1,1,0,2,0,28,1,1,pre_allocation
40,5996,greenran_normal,0,0,65535_65535,2,39,3509647,19,1,1,1,3,19,28,1,1,allocated
40,5996,greenran_normal,0,0,65535_65535,2,35,3509643,12,1,1,0,2,0,28,1,1,pre_allocation
40,5996,greenran_normal,0,0,65535_65535,2,35,3509643,19,1,1,1,3,19,28,1,1,allocated
40,5996,greenran_normal,0,0,65535_65535,2,37,3509646,12,1,1,0,2,0,28,1,1,pre_allocation
40,5996,greenran_normal,0,0,65535_65535,2,37,3509646,19,1,1,1,3,19,28,1,1,allocated
40,5996,greenran_normal,0,0,65535_65535,2,41,3509646,12,1,1,0,2,0,28,1,1,pre_allocation
40,5996,greenran_normal,0,0,65535_65535,2,41,3509646,19,1,1,1,3,19,28,1,1,allocated
40,5996,greenran_normal,0,0,65535_65535,2,38,3511260,5,1,1,0,3,0,15,1,1,pre_allocation
40,5996,greenran_normal,0,0,65535_65535,2,38,3511260,8,1,1,1,4,8,15,1,1,allocated
40,5996,greenran_normal,0,0,65535_65535,2,60,3510997,3,1,1,0,3,0,12,1,1,pre_allocation
40,5996,greenran_normal,0,0,65535_65535,2,60,3510997,5,1,1,1,4,5,12,1,1,allocated
40,5996,greenran_normal,0,0,65535_65535,2,64,3510807,8,1,1,0,3,0,18,1,1,pre_allocation
40,5996,greenran_normal,0,0,65535_65535,2,64,3510807,11,1,1,1,4,11,18,1,1,allocated
40,5996,greenran_normal,0,0,65535_65535,2,43,3510417,15,1,1,0,3,0,24,1,1,pre_allocation
40,5996,greenran_normal,0,0,65535_65535,2,43,3510417,21,1,1,1,4,21,24,1,1,allocated
40,5996,greenran_normal,0,0,65535_65535,2,42,3510048,10,1,1,0,3,0,20,1,1,pre_allocation
40,5996,greenran_normal,0,0,65535_65535,2,42,3510048,15,1,1,1,4,15,20,1,1,allocated
40,5996,greenran_normal,0,0,65535_65535,2,36,3509736,15,1,1,0,3,0,24,1,1,pre_allocation
40,5996,greenran_normal,0,0,65535_65535,2,36,3509736,21,1,1,1,4,21,24,1,1,allocated
40,5996,greenran_normal,0,0,65535_65535,2,56,3509650,19,1,1,0,3,0,28,1,1,pre_allocation
40,5996,greenran_normal,0,0,65535_65535,2,56,3509650,27,1,1,1,4,27,28,1,1,allocated
40,5996,greenran_normal,0,0,65535_65535,2,57,3509650,19,1,1,0,3,0,28,1,1,pre_allocation
40,5996,greenran_normal,0,0,65535_65535,2,57,3509650,27,1,1,1,4,27,28,1,1,allocated
40,5996,greenran_normal,0,0,65535_65535,2,40,3509652,19,1,1,0,3,0,28,1,1,pre_allocation
40,5996,greenran_normal,0,0,65535_65535,2,40,3509652,27,1,1,1,4,27,28,1,1,allocated
40,5996,greenran_normal,0,0,65535_65535,2,63,3509648,19,1,1,0,3,0,28,1,1,pre_allocation
40,5996,greenran_normal,0,0,65535_65535,2,63,3509648,27,1,1,1,4,27,28,1,1,allocated
40,5996,greenran_normal,0,0,65535_65535,2,62,3509648,19,1,1,0,3,0,28,1,1,pre_allocation
40,5996,greenran_normal,0,0,65535_65535,2,62,3509648,27,1,1,1,4,27,28,1,1,allocated
40,5996,greenran_normal,0,0,65535_65535,2,61,3509648,19,1,1,0,3,0,28,1,1,pre_allocation
40,5996,greenran_normal,0,0,65535_65535,2,61,3509648,27,1,1,1,4,27,28,1,1,allocated
40,5996,greenran_normal,0,0,65535_65535,2,58,3509714,18,1,1,0,3,0,26,1,1,pre_allocation
40,5996,greenran_normal,0,0,65535_65535,2,58,3509714,25,1,1,1,4,25,26,1,1,allocated
40,5996,greenran_normal,0,0,65535_65535,2,59,3509681,13,1,1,0,3,0,22,1,1,pre_allocation
40,5996,greenran_normal,0,0,65535_65535,2,59,3509681,18,1,1,1,4,18,22,1,1,allocated
40,5996,greenran_normal,0,0,65535_65535,2,44,3509644,19,1,1,0,3,0,28,1,1,pre_allocation
40,5996,greenran_normal,0,0,65535_65535,2,44,3509644,27,1,1,1,4,27,28,1,1,allocated
40,5996,greenran_normal,0,0,65535_65535,2,55,3509644,19,1,1,0,3,0,28,1,1,pre_allocation
40,5996,greenran_normal,0,0,65535_65535,2,55,3509644,27,1,1,1,4,27,28,1,1,allocated
40,5996,greenran_normal,0,0,65535_65535,2,39,3509647,19,1,1,0,3,0,28,1,1,pre_allocation
40,5996,greenran_normal,0,0,65535_65535,2,39,3509647,27,1,1,1,4,27,28,1,1,allocated
40,5996,greenran_normal,0,0,65535_65535,2,35,3509643,19,1,1,0,3,0,28,1,1,pre_allocation
40,5996,greenran_normal,0,0,65535_65535,2,35,3509643,27,1,1,1,4,27,28,1,1,allocated
40,5996,greenran_normal,0,0,65535_65535,2,37,3509646,19,1,1,0,3,0,28,1,1,pre_allocation
40,5996,greenran_normal,0,0,65535_65535,2,37,3509646,27,1,1,1,4,27,28,1,1,allocated
40,5996,greenran_normal,0,0,65535_65535,2,41,3509646,19,1,1,0,3,0,28,1,1,pre_allocation
40,5996,greenran_normal,0,0,65535_65535,2,41,3509646,27,1,1,1,4,27,28,1,1,allocated
40,5996,greenran_normal,0,0,65535_65535,2,38,3511260,8,1,1,0,4,0,15,1,1,pre_allocation
40,5996,greenran_normal,0,0,65535_65535,2,38,3511260,11,1,1,1,5,11,15,1,1,allocated
40,5996,greenran_normal,0,0,65535_65535,2,60,3510997,5,1,1,0,4,0,12,1,1,pre_allocation
40,5996,greenran_normal,0,0,65535_65535,2,60,3510997,7,1,1,1,5,7,12,1,1,allocated
40,5996,greenran_normal,0,0,65535_65535,2,64,3510807,11,1,1,0,4,0,18,1,1,pre_allocation
40,5996,greenran_normal,0,0,65535_65535,2,64,3510807,15,1,1,1,5,15,18,1,1,allocated
40,5996,greenran_normal,0,0,65535_65535,2,43,3510417,21,1,1,0,4,0,24,1,1,pre_allocation
40,5996,greenran_normal,0,0,65535_65535,2,43,3510417,27,1,1,1,5,27,24,1,1,allocated
40,5996,greenran_normal,0,0,65535_65535,2,42,3510048,15,1,1,0,4,0,20,1,1,pre_allocation
40,5996,greenran_normal,0,0,65535_65535,2,42,3510048,19,1,1,1,5,19,20,1,1,allocated
40,5996,greenran_normal,0,0,65535_65535,2,36,3509736,21,1,1,0,4,0,24,1,1,pre_allocation
40,5996,greenran_normal,0,0,65535_65535,2,36,3509736,27,1,1,1,5,27,24,1,1,allocated
40,5996,greenran_normal,0,0,65535_65535,2,56,3509650,27,1,1,0,4,0,28,1,1,pre_allocation
40,5996,greenran_normal,0,0,65535_65535,2,56,3509650,34,1,1,1,5,34,28,1,1,allocated
40,5996,greenran_normal,0,0,65535_65535,2,57,3509650,27,1,1,0,4,0,28,1,1,pre_allocation
40,5996,greenran_normal,0,0,65535_65535,2,57,3509650,34,1,1,1,5,34,28,1,1,allocated
40,5996,greenran_normal,0,0,65535_65535,2,40,3509652,27,1,1,0,4,0,28,1,1,pre_allocation
40,5996,greenran_normal,0,0,65535_65535,2,40,3509652,34,1,1,1,5,34,28,1,1,allocated
40,5996,greenran_normal,0,0,65535_65535,2,63,3509648,27,1,1,0,4,0,28,1,1,pre_allocation
40,5996,greenran_normal,0,0,65535_65535,2,63,3509648,34,1,1,1,5,34,28,1,1,allocated
40,5996,greenran_normal,0,0,65535_65535,2,62,3509648,27,1,1,0,4,0,28,1,1,pre_allocation
40,5996,greenran_normal,0,0,65535_65535,2,62,3509648,34,1,1,1,5,34,28,1,1,allocated
42,6204,greenran_normal,0,0,65535_65535,0,4,114320,0,1,1,0,0,0,24,1,1,pre_allocation
42,6204,greenran_normal,0,0,65535_65535,0,4,114320,3,1,1,1,1,3,24,1,1,allocated
42,6204,greenran_normal,0,0,65535_65535,0,3,112541,0,1,1,0,0,0,28,1,1,pre_allocation
42,6204,greenran_normal,0,0,65535_65535,0,3,112541,4,1,1,1,1,4,28,1,1,allocated
42,6204,greenran_normal,0,0,65535_65535,0,1,112543,0,1,1,0,0,0,28,1,1,pre_allocation
42,6204,greenran_normal,0,0,65535_65535,0,1,112543,4,1,1,1,1,4,28,1,1,allocated
42,6204,greenran_normal,0,0,65535_65535,0,2,112543,0,1,1,0,0,0,28,1,1,pre_allocation
42,6204,greenran_normal,0,0,65535_65535,0,2,112543,4,1,1,1,1,4,28,1,1,allocated
42,6204,greenran_normal,0,0,65535_65535,0,5,112535,0,1,1,0,0,0,28,1,1,pre_allocation
42,6204,greenran_normal,0,0,65535_65535,0,5,112535,4,1,1,1,1,4,28,1,1,allocated
42,6204,greenran_normal,0,0,65535_65535,0,4,114320,3,1,1,0,1,0,24,1,1,pre_allocation
42,6204,greenran_normal,0,0,65535_65535,0,4,114320,9,1,1,1,2,9,24,1,1,allocated
42,6204,greenran_normal,0,0,65535_65535,0,3,112541,4,1,1,0,1,0,28,1,1,pre_allocation
42,6204,greenran_normal,0,0,65535_65535,0,3,112541,12,1,1,1,2,12,28,1,1,allocated
42,6204,greenran_normal,0,0,65535_65535,0,1,112543,4,1,1,0,1,0,28,1,1,pre_allocation
42,6204,greenran_normal,0,0,65535_65535,0,1,112543,12,1,1,1,2,12,28,1,1,allocated
42,6204,greenran_normal,0,0,65535_65535,0,2,112543,4,1,1,0,1,0,28,1,1,pre_allocation
42,6204,greenran_normal,0,0,65535_65535,0,2,112543,12,1,1,1,2,12,28,1,1,allocated
42,6204,greenran_normal,0,0,65535_65535,0,5,112535,4,1,1,0,1,0,28,1,1,pre_allocation
42,6204,greenran_normal,0,0,65535_65535,0,5,112535,12,1,1,1,2,12,28,1,1,allocated
42,6204,greenran_normal,0,0,65535_65535,0,4,114320,9,1,1,0,2,0,24,1,1,pre_allocation
42,6204,greenran_normal,0,0,65535_65535,0,4,114320,15,1,1,1,3,15,24,1,1,allocated
42,6204,greenran_normal,0,0,65535_65535,0,3,112541,12,1,1,0,2,0,28,1,1,pre_allocation
42,6204,greenran_normal,0,0,65535_65535,0,3,112541,19,1,1,1,3,19,28,1,1,allocated
42,6204,greenran_normal,0,0,65535_65535,0,1,112543,12,1,1,0,2,0,28,1,1,pre_allocation
42,6204,greenran_normal,0,0,65535_65535,0,1,112543,19,1,1,1,3,19,28,1,1,allocated
42,6204,greenran_normal,0,0,65535_65535,0,2,112543,12,1,1,0,2,0,28,1,1,pre_allocation
42,6204,greenran_normal,0,0,65535_65535,0,2,112543,19,1,1,1,3,19,28,1,1,allocated
42,6204,greenran_normal,0,0,65535_65535,0,5,112535,12,1,1,0,2,0,28,1,1,pre_allocation
42,6204,greenran_normal,0,0,65535_65535,0,5,112535,19,1,1,1,3,19,28,1,1,allocated
42,6204,greenran_normal,0,0,65535_65535,0,4,114320,15,1,1,0,3,0,24,1,1,pre_allocation
42,6204,greenran_normal,0,0,65535_65535,0,4,114320,21,1,1,1,4,21,24,1,1,allocated
42,6204,greenran_normal,0,0,65535_65535,0,3,112541,19,1,1,0,3,0,28,1,1,pre_allocation
42,6204,greenran_normal,0,0,65535_65535,0,3,112541,27,1,1,1,4,27,28,1,1,allocated
42,6204,greenran_normal,0,0,65535_65535,0,1,112543,19,1,1,0,3,0,28,1,1,pre_allocation
42,6204,greenran_normal,0,0,65535_65535,0,1,112543,27,1,1,1,4,27,28,1,1,allocated
42,6204,greenran_normal,0,0,65535_65535,0,2,112543,19,1,1,0,3,0,28,1,1,pre_allocation
42,6204,greenran_normal,0,0,65535_65535,0,2,112543,27,1,1,1,4,27,28,1,1,allocated
42,6204,greenran_normal,0,0,65535_65535,0,5,112535,19,1,1,0,3,0,28,1,1,pre_allocation
42,6204,greenran_normal,0,0,65535_65535,0,5,112535,27,1,1,1,4,27,28,1,1,allocated
42,6204,greenran_normal,0,0,65535_65535,0,4,114320,21,1,1,0,4,0,24,1,1,pre_allocation
42,6204,greenran_normal,0,0,65535_65535,0,4,114320,27,1,1,1,5,27,24,1,1,allocated
42,6204,greenran_normal,0,0,65535_65535,0,3,112541,27,1,1,0,4,0,28,1,1,pre_allocation
42,6204,greenran_normal,0,0,65535_65535,0,3,112541,34,1,1,1,5,34,28,1,1,allocated
42,6204,greenran_normal,0,0,65535_65535,0,1,112543,27,1,1,0,4,0,28,1,1,pre_allocation
42,6204,greenran_normal,0,0,65535_65535,0,1,112543,34,1,1,1,5,34,28,1,1,allocated
42,6204,greenran_normal,0,0,65535_65535,0,2,112543,27,1,1,0,4,0,28,1,1,pre_allocation
42,6204,greenran_normal,0,0,65535_65535,0,2,112543,34,1,1,1,5,34,28,1,1,allocated
42,6204,greenran_normal,0,0,65535_65535,0,5,112535,27,1,1,0,4,0,28,1,1,pre_allocation
42,6204,greenran_normal,0,0,65535_65535,0,5,112535,34,1,1,1,5,34,28,1,1,allocated
42,6204,greenran_normal,0,0,65535_65535,0,4,114320,27,1,1,0,5,0,24,1,1,pre_allocation
42,6204,greenran_normal,0,0,65535_65535,0,4,114320,34,1,1,1,6,34,24,1,1,allocated
42,6204,greenran_normal,0,0,65535_65535,0,3,112541,34,1,1,0,5,0,28,1,1,pre_allocation
42,6204,greenran_normal,0,0,65535_65535,0,3,112541,42,1,1,1,6,42,28,1,1,allocated
42,6204,greenran_normal,0,0,65535_65535,0,1,112543,34,1,1,0,5,0,28,1,1,pre_allocation
42,6204,greenran_normal,0,0,65535_65535,0,1,112543,42,1,1,1,6,42,28,1,1,allocated
42,6204,greenran_normal,0,0,65535_65535,0,2,112543,34,1,1,0,5,0,28,1,1,pre_allocation
42,6204,greenran_normal,0,0,65535_65535,0,2,112543,42,1,1,1,6,42,28,1,1,allocated
42,6204,greenran_normal,0,0,65535_65535,0,5,112535,34,1,1,0,5,0,28,1,1,pre_allocation
42,6204,greenran_normal,0,0,65535_65535,0,5,112535,42,1,1,1,6,42,28,1,1,allocated
42,6204,greenran_normal,0,0,65535_65535,0,4,114320,34,1,1,0,6,0,24,1,1,pre_allocation
42,6204,greenran_normal,0,0,65535_65535,0,4,114320,40,1,1,1,7,40,24,1,1,allocated
42,6204,greenran_normal,0,0,65535_65535,0,3,112541,42,1,1,0,6,0,28,1,1,pre_allocation
42,6204,greenran_normal,0,0,65535_65535,0,3,112541,50,1,1,1,7,50,28,1,1,allocated
42,6204,greenran_normal,0,0,65535_65535,0,1,112543,42,1,1,0,6,0,28,1,1,pre_allocation
42,6204,greenran_normal,0,0,65535_65535,0,1,112543,50,1,1,1,7,50,28,1,1,allocated
42,6204,greenran_normal,0,0,65535_65535,0,2,112543,42,1,1,0,6,0,28,1,1,pre_allocation
42,6204,greenran_normal,0,0,65535_65535,0,2,112543,50,1,1,1,7,50,28,1,1,allocated
42,6204,greenran_normal,0,0,65535_65535,0,5,112535,42,1,1,0,6,0,28,1,1,pre_allocation
42,6204,greenran_normal,0,0,65535_65535,0,5,112535,50,1,1,1,7,50,28,1,1,allocated
42,6204,greenran_normal,0,0,65535_65535,0,4,114320,40,1,1,0,7,0,24,1,1,pre_allocation
42,6204,greenran_normal,0,0,65535_65535,0,4,114320,46,1,1,1,8,46,24,1,1,allocated
42,6204,greenran_normal,0,0,65535_65535,0,3,112541,50,1,1,0,7,0,28,1,1,pre_allocation
42,6204,greenran_normal,0,0,65535_65535,0,3,112541,57,1,1,1,8,57,28,1,1,allocated
42,6204,greenran_normal,0,0,65535_65535,0,1,112543,50,1,1,0,7,0,28,1,1,pre_allocation
42,6204,greenran_normal,0,0,65535_65535,0,1,112543,57,1,1,1,8,57,28,1,1,allocated
42,6204,greenran_normal,0,0,65535_65535,0,2,112543,50,1,1,0,7,0,28,1,1,pre_allocation
42,6204,greenran_normal,0,0,65535_65535,0,2,112543,57,1,1,1,8,57,28,1,1,allocated
42,6204,greenran_normal,0,0,65535_65535,0,5,112535,50,1,1,0,7,0,28,1,1,pre_allocation
42,6204,greenran_normal,0,0,65535_65535,0,5,112535,57,1,1,1,8,57,28,1,1,allocated
42,6204,greenran_normal,0,0,65535_65535,0,4,114320,46,1,1,0,8,0,24,1,1,pre_allocation
42,6204,greenran_normal,0,0,65535_65535,0,4,114320,52,1,1,1,9,52,24,1,1,allocated
42,6204,greenran_normal,0,0,65535_65535,0,3,112541,57,1,1,0,8,0,28,1,1,pre_allocation
42,6204,greenran_normal,0,0,65535_65535,0,3,112541,65,1,1,1,9,65,28,1,1,allocated
42,6204,greenran_normal,0,0,65535_65535,0,1,112543,57,1,1,0,8,0,28,1,1,pre_allocation
42,6204,greenran_normal,0,0,65535_65535,0,1,112543,65,1,1,1,9,65,28,1,1,allocated
42,6204,greenran_normal,0,0,65535_65535,0,2,112543,57,1,1,0,8,0,28,1,1,pre_allocation
42,6204,greenran_normal,0,0,65535_65535,0,2,112543,65,1,1,1,9,65,28,1,1,allocated
42,6204,greenran_normal,0,0,65535_65535,0,5,112535,57,1,1,0,8,0,28,1,1,pre_allocation
42,6204,greenran_normal,0,0,65535_65535,0,5,112535,65,1,1,1,9,65,28,1,1,allocated
42,6204,greenran_normal,0,0,65535_65535,0,4,114320,52,1,1,0,9,0,24,1,1,pre_allocation
42,6204,greenran_normal,0,0,65535_65535,0,4,114320,58,1,1,1,10,58,24,1,1,allocated
42,6204,greenran_normal,0,0,65535_65535,0,3,112541,65,1,1,0,9,0,28,1,1,pre_allocation
42,6204,greenran_normal,0,0,65535_65535,0,3,112541,72,1,1,1,10,72,28,1,1,allocated
42,6204,greenran_normal,0,0,65535_65535,0,1,112543,65,1,1,0,9,0,28,1,1,pre_allocation
42,6204,greenran_normal,0,0,65535_65535,0,1,112543,72,1,1,1,10,72,28,1,1,allocated
42,6204,greenran_normal,0,0,65535_65535,0,2,112543,65,1,1,0,9,0,28,1,1,pre_allocation
42,6204,greenran_normal,0,0,65535_65535,0,2,112543,72,1,1,1,10,72,28,1,1,allocated
42,6204,greenran_normal,0,0,65535_65535,0,5,112535,65,1,1,0,9,0,28,1,1,pre_allocation
42,6204,greenran_normal,0,0,65535_65535,0,5,112535,72,1,1,1,10,72,28,1,1,allocated
42,6204,greenran_normal,0,0,65535_65535,0,4,114320,58,1,1,0,10,0,24,1,1,pre_allocation
42,6204,greenran_normal,0,0,65535_65535,0,4,114320,65,1,1,1,11,65,24,1,1,allocated
42,6204,greenran_normal,0,0,65535_65535,0,3,112541,72,1,1,0,10,0,28,1,1,pre_allocation
42,6204,greenran_normal,0,0,65535_65535,0,3,112541,80,1,1,1,11,80,28,1,1,allocated
42,6204,greenran_normal,0,0,65535_65535,0,1,112543,72,1,1,0,10,0,28,1,1,pre_allocation
42,6204,greenran_normal,0,0,65535_65535,0,1,112543,80,1,1,1,11,80,28,1,1,allocated
42,6204,greenran_normal,0,0,65535_65535,0,2,112543,72,1,1,0,10,0,28,1,1,pre_allocation
42,6204,greenran_normal,0,0,65535_65535,0,2,112543,80,1,1,1,11,80,28,1,1,allocated
42,6204,greenran_normal,0,0,65535_65535,0,5,112535,72,1,1,0,10,0,28,1,1,pre_allocation
42,6204,greenran_normal,0,0,65535_65535,0,5,112535,80,1,1,1,11,80,28,1,1,allocated
42,6204,greenran_normal,0,0,65535_65535,0,4,114320,65,1,1,0,11,0,24,1,1,pre_allocation
42,6204,greenran_normal,0,0,65535_65535,0,4,114320,71,1,1,1,12,71,24,1,1,allocated
42,6204,greenran_normal,0,0,65535_65535,0,3,112541,80,1,1,0,11,0,28,1,1,pre_allocation
42,6204,greenran_normal,0,0,65535_65535,0,3,112541,88,1,1,1,12,88,28,1,1,allocated
42,6204,greenran_normal,0,0,65535_65535,0,1,112543,80,1,1,0,11,0,28,1,1,pre_allocation
42,6204,greenran_normal,0,0,65535_65535,0,1,112543,88,1,1,1,12,88,28,1,1,allocated
42,6204,greenran_normal,0,0,65535_65535,0,2,112543,80,1,1,0,11,0,28,1,1,pre_allocation
42,6204,greenran_normal,0,0,65535_65535,0,2,112543,88,1,1,1,12,88,28,1,1,allocated
42,6204,greenran_normal,0,0,65535_65535,0,5,112535,80,1,1,0,11,0,28,1,1,pre_allocation
42,6204,greenran_normal,0,0,65535_65535,0,5,112535,88,1,1,1,12,88,28,1,1,allocated
42,6204,greenran_normal,0,0,65535_65535,0,4,114320,71,1,1,0,12,0,24,1,1,pre_allocation
42,6204,greenran_normal,0,0,65535_65535,0,4,114320,77,1,1,1,13,77,24,1,1,allocated
42,6204,greenran_normal,0,0,65535_65535,0,3,112541,88,1,1,0,12,0,28,1,1,pre_allocation
42,6204,greenran_normal,0,0,65535_65535,0,3,112541,95,1,1,1,13,95,28,1,1,allocated
42,6204,greenran_normal,0,0,65535_65535,0,1,112543,88,1,1,0,12,0,28,1,1,pre_allocation
42,6204,greenran_normal,0,0,65535_65535,0,1,112543,95,1,1,1,13,95,28,1,1,allocated
42,6204,greenran_normal,0,0,65535_65535,0,2,112543,88,1,1,0,12,0,28,1,1,pre_allocation
42,6204,greenran_normal,0,0,65535_65535,0,2,112543,95,1,1,1,13,95,28,1,1,allocated
42,6204,greenran_normal,0,0,65535_65535,0,5,112535,88,1,1,0,12,0,28,1,1,pre_allocation
42,6204,greenran_normal,0,0,65535_65535,0,5,112535,95,1,1,1,13,95,28,1,1,allocated
42,6204,greenran_normal,0,0,65535_65535,0,4,114320,77,1,1,0,13,0,24,1,1,pre_allocation
42,6204,greenran_normal,0,0,65535_65535,0,4,114320,83,1,1,1,14,83,24,1,1,allocated
42,6204,greenran_normal,0,0,65535_65535,0,3,112541,95,1,1,0,13,0,28,1,1,pre_allocation
42,6204,greenran_normal,0,0,65535_65535,0,3,112541,103,1,1,1,14,103,28,1,1,allocated
42,6204,greenran_normal,0,0,65535_65535,0,1,112543,95,1,1,0,13,0,28,1,1,pre_allocation
42,6204,greenran_normal,0,0,65535_65535,0,1,112543,103,1,1,1,14,103,28,1,1,allocated
42,6204,greenran_normal,0,0,65535_65535,0,2,112543,95,1,1,0,13,0,28,1,1,pre_allocation
42,6204,greenran_normal,0,0,65535_65535,0,2,112543,103,1,1,1,14,103,28,1,1,allocated
42,6204,greenran_normal,0,0,65535_65535,0,5,112535,95,1,1,0,13,0,28,1,1,pre_allocation
42,6204,greenran_normal,0,0,65535_65535,0,5,112535,103,1,1,1,14,103,28,1,1,allocated
42,6204,greenran_normal,0,0,65535_65535,0,4,114320,83,1,1,0,14,0,24,1,1,pre_allocation
42,6204,greenran_normal,0,0,65535_65535,0,4,114320,89,1,1,1,15,89,24,1,1,allocated
42,6204,greenran_normal,0,0,65535_65535,0,3,112541,103,1,1,0,14,0,28,1,1,pre_allocation
42,6204,greenran_normal,0,0,65535_65535,0,3,112541,110,1,1,1,15,110,28,1,1,allocated
42,6204,greenran_normal,0,0,65535_65535,0,1,112543,103,1,1,0,14,0,28,1,1,pre_allocation
42,6204,greenran_normal,0,0,65535_65535,0,1,112543,110,1,1,1,15,110,28,1,1,allocated
42,6204,greenran_normal,0,0,65535_65535,0,2,112543,103,1,1,0,14,0,28,1,1,pre_allocation
42,6204,greenran_normal,0,0,65535_65535,0,2,112543,110,1,1,1,15,110,28,1,1,allocated
42,6204,greenran_normal,0,0,65535_65535,0,5,112535,103,1,1,0,14,0,28,1,1,pre_allocation
42,6204,greenran_normal,0,0,65535_65535,0,5,112535,110,1,1,1,15,110,28,1,1,allocated
42,6204,greenran_normal,0,0,65535_65535,0,4,114320,89,1,1,0,15,0,24,1,1,pre_allocation
42,6204,greenran_normal,0,0,65535_65535,0,4,114320,96,1,1,1,16,96,24,1,1,allocated
42,6204,greenran_normal,0,0,65535_65535,0,3,112541,110,1,1,0,15,0,28,1,1,pre_allocation
42,6204,greenran_normal,0,0,65535_65535,0,3,112541,118,1,1,1,16,118,28,1,1,allocated
42,6204,greenran_normal,0,0,65535_65535,0,1,112543,110,1,1,0,15,0,28,1,1,pre_allocation
42,6204,greenran_normal,0,0,65535_65535,0,1,112543,118,1,1,1,16,118,28,1,1,allocated
42,6204,greenran_normal,0,0,65535_65535,0,2,112543,110,1,1,0,15,0,28,1,1,pre_allocation
42,6204,greenran_normal,0,0,65535_65535,0,2,112543,118,1,1,1,16,118,28,1,1,allocated
42,6204,greenran_normal,0,0,65535_65535,0,5,112535,110,1,1,0,15,0,28,1,1,pre_allocation
42,6204,greenran_normal,0,0,65535_65535,0,5,112535,118,1,1,1,16,118,28,1,1,allocated
42,6204,greenran_normal,0,0,65535_65535,0,4,114320,96,1,1,0,16,0,24,1,1,pre_allocation
42,6204,greenran_normal,0,0,65535_65535,0,4,114320,102,1,1,1,17,102,24,1,1,allocated
42,6204,greenran_normal,0,0,65535_65535,0,3,112541,118,1,1,0,16,0,28,1,1,pre_allocation
42,6204,greenran_normal,0,0,65535_65535,0,3,112541,126,1,1,1,17,126,28,1,1,allocated
42,6204,greenran_normal,0,0,65535_65535,0,1,112543,118,1,1,0,16,0,28,1,1,pre_allocation
42,6204,greenran_normal,0,0,65535_65535,0,1,112543,126,1,1,1,17,126,28,1,1,allocated
42,6204,greenran_normal,0,0,65535_65535,0,2,112543,118,1,1,0,16,0,28,1,1,pre_allocation
42,6204,greenran_normal,0,0,65535_65535,0,2,112543,126,1,1,1,17,126,28,1,1,allocated
42,6204,greenran_normal,0,0,65535_65535,0,5,112535,118,1,1,0,16,0,28,1,1,pre_allocation
42,6204,greenran_normal,0,0,65535_65535,0,5,112535,126,1,1,1,17,126,28,1,1,allocated
42,6204,greenran_normal,0,0,65535_65535,0,4,114320,102,1,1,0,17,0,24,1,1,pre_allocation
42,6204,greenran_normal,0,0,65535_65535,0,4,114320,108,1,1,1,18,108,24,1,1,allocated
42,6204,greenran_normal,0,0,65535_65535,0,3,112541,126,1,1,0,17,0,28,1,1,pre_allocation
42,6204,greenran_normal,0,0,65535_65535,0,3,112541,133,1,1,1,18,133,28,1,1,allocated
42,6204,greenran_normal,0,0,65535_65535,0,1,112543,126,1,1,0,17,0,28,1,1,pre_allocation
42,6204,greenran_normal,0,0,65535_65535,0,1,112543,133,1,1,1,18,133,28,1,1,allocated
42,6204,greenran_normal,0,0,65535_65535,0,2,112543,126,1,1,0,17,0,28,1,1,pre_allocation
42,6204,greenran_normal,0,0,65535_65535,0,2,112543,133,1,1,1,18,133,28,1,1,allocated
42,6204,greenran_normal,0,0,65535_65535,0,5,112535,126,1,1,0,17,0,28,1,1,pre_allocation
42,6204,greenran_normal,0,0,65535_65535,0,5,112535,133,1,1,1,18,133,28,1,1,allocated
42,6204,greenran_normal,0,0,65535_65535,0,4,114320,108,1,1,0,18,0,24,1,1,pre_allocation
42,6204,greenran_normal,0,0,65535_65535,0,4,114320,114,1,1,1,19,114,24,1,1,allocated
42,6204,greenran_normal,0,0,65535_65535,0,3,112541,133,1,1,0,18,0,28,1,1,pre_allocation
42,6204,greenran_normal,0,0,65535_65535,0,3,112541,141,1,1,1,19,141,28,1,1,allocated
42,6204,greenran_normal,0,0,65535_65535,0,1,112543,133,1,1,0,18,0,28,1,1,pre_allocation
42,6204,greenran_normal,0,0,65535_65535,0,1,112543,141,1,1,1,19,141,28,1,1,allocated
42,6204,greenran_normal,0,0,65535_65535,0,2,112543,133,1,1,0,18,0,28,1,1,pre_allocation
42,6204,greenran_normal,0,0,65535_65535,0,2,112543,141,1,1,1,19,141,28,1,1,allocated
42,6204,greenran_normal,0,0,65535_65535,0,5,112535,133,1,1,0,18,0,28,1,1,pre_allocation
42,6204,greenran_normal,0,0,65535_65535,0,5,112535,141,1,1,1,19,141,28,1,1,allocated
42,6204,greenran_normal,0,0,65535_65535,0,4,114320,114,1,1,0,19,0,24,1,1,pre_allocation
42,6204,greenran_normal,0,0,65535_65535,0,4,114320,120,1,1,1,20,120,24,1,1,allocated
42,6204,greenran_normal,0,0,65535_65535,0,3,112541,141,1,1,0,19,0,28,1,1,pre_allocation
42,6204,greenran_normal,0,0,65535_65535,0,3,112541,148,1,1,1,20,148,28,1,1,allocated
42,6204,greenran_normal,0,0,65535_65535,0,1,112543,141,1,1,0,19,0,28,1,1,pre_allocation
42,6204,greenran_normal,0,0,65535_65535,0,1,112543,148,1,1,1,20,148,28,1,1,allocated
42,6204,greenran_normal,0,0,65535_65535,0,2,112543,141,1,1,0,19,0,28,1,1,pre_allocation
42,6204,greenran_normal,0,0,65535_65535,0,2,112543,148,1,1,1,20,148,28,1,1,allocated
42,6204,greenran_normal,0,0,65535_65535,0,5,112535,141,1,1,0,19,0,28,1,1,pre_allocation
42,6204,greenran_normal,0,0,65535_65535,0,5,112535,148,1,1,1,20,148,28,1,1,allocated
42,6204,greenran_normal,0,0,65535_65535,0,4,114320,120,1,1,0,20,0,24,1,1,pre_allocation
42,6204,greenran_normal,0,0,65535_65535,0,4,114320,126,1,1,1,21,126,24,1,1,allocated
42,6204,greenran_normal,0,0,65535_65535,0,3,112541,148,1,1,0,20,0,28,1,1,pre_allocation
42,6204,greenran_normal,0,0,65535_65535,0,3,112541,156,1,1,1,21,156,28,1,1,allocated
42,6204,greenran_normal,0,0,65535_65535,0,1,112543,148,1,1,0,20,0,28,1,1,pre_allocation
42,6204,greenran_normal,0,0,65535_65535,0,1,112543,156,1,1,1,21,156,28,1,1,allocated
42,6204,greenran_normal,0,0,65535_65535,0,2,112543,148,1,1,0,20,0,28,1,1,pre_allocation
42,6204,greenran_normal,0,0,65535_65535,0,2,112543,156,1,1,1,21,156,28,1,1,allocated
42,6204,greenran_normal,0,0,65535_65535,0,5,112535,148,1,1,0,20,0,28,1,1,pre_allocation
42,6204,greenran_normal,0,0,65535_65535,0,5,112535,156,1,1,1,21,156,28,1,1,allocated
42,6204,greenran_normal,0,0,65535_65535,0,4,114320,126,1,1,0,21,0,24,1,1,pre_allocation
42,6204,greenran_normal,0,0,65535_65535,0,4,114320,133,1,1,1,22,133,24,1,1,allocated
42,6204,greenran_normal,0,0,65535_65535,0,3,112541,156,1,1,0,21,0,28,1,1,pre_allocation
42,6204,greenran_normal,0,0,65535_65535,0,3,112541,163,1,1,1,22,163,28,1,1,allocated
42,6204,greenran_normal,0,0,65535_65535,0,1,112543,156,1,1,0,21,0,28,1,1,pre_allocation
42,6204,greenran_normal,0,0,65535_65535,0,1,112543,163,1,1,1,22,163,28,1,1,allocated
42,6204,greenran_normal,0,0,65535_65535,0,2,112543,156,1,1,0,21,0,28,1,1,pre_allocation
42,6204,greenran_normal,0,0,65535_65535,0,2,112543,163,1,1,1,22,163,28,1,1,allocated
42,6204,greenran_normal,0,0,65535_65535,0,5,112535,156,1,1,0,21,0,28,1,1,pre_allocation
42,6204,greenran_normal,0,0,65535_65535,0,5,112535,163,1,1,1,22,163,28,1,1,allocated
42,6204,greenran_normal,0,0,65535_65535,0,4,114320,133,1,1,0,22,0,24,1,1,pre_allocation
42,6204,greenran_normal,0,0,65535_65535,0,4,114320,139,1,1,1,23,139,24,1,1,allocated
42,6204,greenran_normal,0,0,65535_65535,0,3,112541,163,1,1,0,22,0,28,1,1,pre_allocation
42,6204,greenran_normal,0,0,65535_65535,0,3,112541,171,1,1,1,23,171,28,1,1,allocated
42,6204,greenran_normal,0,0,65535_65535,0,1,112543,163,1,1,0,22,0,28,1,1,pre_allocation
42,6204,greenran_normal,0,0,65535_65535,0,1,112543,171,1,1,1,23,171,28,1,1,allocated
42,6204,greenran_normal,0,0,65535_65535,0,2,112543,163,1,1,0,22,0,28,1,1,pre_allocation
42,6204,greenran_normal,0,0,65535_65535,0,2,112543,171,1,1,1,23,171,28,1,1,allocated
42,6204,greenran_normal,0,0,65535_65535,0,5,112535,163,1,1,0,22,0,28,1,1,pre_allocation
42,6204,greenran_normal,0,0,65535_65535,0,5,112535,171,1,1,1,23,171,28,1,1,allocated
42,6204,greenran_normal,0,0,65535_65535,0,4,114320,139,1,1,0,23,0,24,1,1,pre_allocation
42,6204,greenran_normal,0,0,65535_65535,0,4,114320,145,1,1,1,24,145,24,1,1,allocated
42,6204,greenran_normal,0,0,65535_65535,0,3,112541,171,1,1,0,23,0,28,1,1,pre_allocation
42,6204,greenran_normal,0,0,65535_65535,0,3,112541,179,1,1,1,24,179,28,1,1,allocated
42,6204,greenran_normal,0,0,65535_65535,0,1,112543,171,1,1,0,23,0,28,1,1,pre_allocation
42,6204,greenran_normal,0,0,65535_65535,0,1,112543,179,1,1,1,24,179,28,1,1,allocated
42,6204,greenran_normal,0,0,65535_65535,0,2,112543,171,1,1,0,23,0,28,1,1,pre_allocation
42,6204,greenran_normal,0,0,65535_65535,0,2,112543,179,1,1,1,24,179,28,1,1,allocated
42,6204,greenran_normal,0,0,65535_65535,0,5,112535,171,1,1,0,23,0,28,1,1,pre_allocation
42,6204,greenran_normal,0,0,65535_65535,0,5,112535,179,1,1,1,24,179,28,1,1,allocated
42,6204,greenran_normal,0,0,65535_65535,0,4,114320,145,1,1,0,24,0,24,1,1,pre_allocation
42,6204,greenran_normal,0,0,65535_65535,0,4,114320,151,1,1,1,25,151,24,1,1,allocated
42,6204,greenran_normal,0,0,65535_65535,0,3,112541,179,1,1,0,24,0,28,1,1,pre_allocation
42,6204,greenran_normal,0,0,65535_65535,0,3,112541,186,1,1,1,25,186,28,1,1,allocated
42,6204,greenran_normal,0,0,65535_65535,0,1,112543,179,1,1,0,24,0,28,1,1,pre_allocation
42,6204,greenran_normal,0,0,65535_65535,0,1,112543,186,1,1,1,25,186,28,1,1,allocated
42,6204,greenran_normal,0,0,65535_65535,0,2,112543,179,1,1,0,24,0,28,1,1,pre_allocation
42,6204,greenran_normal,0,0,65535_65535,0,2,112543,186,1,1,1,25,186,28,1,1,allocated
42,6204,greenran_normal,0,0,65535_65535,0,5,112535,179,1,1,0,24,0,28,1,1,pre_allocation
42,6204,greenran_normal,0,0,65535_65535,0,5,112535,186,1,1,1,25,186,28,1,1,allocated
42,6204,greenran_normal,0,0,65535_65535,0,4,114320,151,1,1,0,25,0,24,1,1,pre_allocation
42,6204,greenran_normal,0,0,65535_65535,0,4,114320,157,1,1,1,26,157,24,1,1,allocated
42,6204,greenran_normal,0,0,65535_65535,0,3,112541,186,1,1,0,25,0,28,1,1,pre_allocation
42,6204,greenran_normal,0,0,65535_65535,0,3,112541,194,1,1,1,26,194,28,1,1,allocated
42,6204,greenran_normal,0,0,65535_65535,0,1,112543,186,1,1,0,25,0,28,1,1,pre_allocation
42,6204,greenran_normal,0,0,65535_65535,0,1,112543,194,1,1,1,26,194,28,1,1,allocated
42,6204,greenran_normal,0,0,65535_65535,0,2,112543,186,1,1,0,25,0,28,1,1,pre_allocation
42,6204,greenran_normal,0,0,65535_65535,0,2,112543,194,1,1,1,26,194,28,1,1,allocated
42,6204,greenran_normal,0,0,65535_65535,0,5,112535,186,1,1,0,25,0,28,1,1,pre_allocation
42,6204,greenran_normal,0,0,65535_65535,0,5,112535,194,1,1,1,26,194,28,1,1,allocated
42,6204,greenran_normal,0,0,65535_65535,0,4,114320,157,1,1,0,26,0,24,1,1,pre_allocation
42,6204,greenran_normal,0,0,65535_65535,0,4,114320,164,1,1,1,27,164,24,1,1,allocated
42,6204,greenran_normal,0,0,65535_65535,0,3,112541,194,1,1,0,26,0,28,1,1,pre_allocation
42,6204,greenran_normal,0,0,65535_65535,0,3,112541,201,1,1,1,27,201,28,1,1,allocated
42,6204,greenran_normal,0,0,65535_65535,0,1,112543,194,1,1,0,26,0,28,1,1,pre_allocation
42,6204,greenran_normal,0,0,65535_65535,0,1,112543,201,1,1,1,27,201,28,1,1,allocated
42,6204,greenran_normal,0,0,65535_65535,2,38,3644430,0,1,1,0,0,0,2,1,1,pre_allocation
42,6204,greenran_normal,0,0,65535_65535,2,38,3644430,0,1,1,1,1,0,2,1,1,allocated
42,6204,greenran_normal,0,0,65535_65535,2,60,3644165,0,1,1,0,0,0,14,1,1,pre_allocation
42,6204,greenran_normal,0,0,65535_65535,2,60,3644165,2,1,1,1,1,2,14,1,1,allocated
42,6204,greenran_normal,0,0,65535_65535,2,64,3643952,0,1,1,0,0,0,16,1,1,pre_allocation
42,6204,greenran_normal,0,0,65535_65535,2,64,3643952,0,1,1,1,1,0,16,1,1,allocated
42,6204,greenran_normal,0,0,65535_65535,2,43,3643530,0,1,1,0,0,0,16,1,1,pre_allocation
42,6204,greenran_normal,0,0,65535_65535,2,43,3643530,0,1,1,1,1,0,16,1,1,allocated
42,6204,greenran_normal,0,0,65535_65535,2,42,3643187,0,1,1,0,0,0,24,1,1,pre_allocation
42,6204,greenran_normal,0,0,65535_65535,2,42,3643187,3,1,1,1,1,3,24,1,1,allocated
42,6204,greenran_normal,0,0,65535_65535,2,36,3642855,0,1,1,0,0,0,26,1,1,pre_allocation
42,6204,greenran_normal,0,0,65535_65535,2,36,3642855,4,1,1,1,1,4,26,1,1,allocated
42,6204,greenran_normal,0,0,65535_65535,2,59,3642803,0,1,1,0,0,0,24,1,1,pre_allocation
42,6204,greenran_normal,0,0,65535_65535,2,59,3642803,3,1,1,1,1,3,24,1,1,allocated
42,6204,greenran_normal,0,0,65535_65535,2,39,3642766,0,1,1,0,0,0,28,1,1,pre_allocation
42,6204,greenran_normal,0,0,65535_65535,2,39,3642766,4,1,1,1,1,4,28,1,1,allocated
42,6204,greenran_normal,0,0,65535_65535,2,58,3642829,0,1,1,0,0,0,26,1,1,pre_allocation
42,6204,greenran_normal,0,0,65535_65535,2,58,3642829,4,1,1,1,1,4,26,1,1,allocated
42,6204,greenran_normal,0,0,65535_65535,2,61,3642757,0,1,1,0,0,0,28,1,1,pre_allocation
42,6204,greenran_normal,0,0,65535_65535,2,61,3642757,4,1,1,1,1,4,28,1,1,allocated
42,6204,greenran_normal,0,0,65535_65535,2,44,3642753,0,1,1,0,0,0,28,1,1,pre_allocation
42,6204,greenran_normal,0,0,65535_65535,2,44,3642753,4,1,1,1,1,4,28,1,1,allocated
42,6204,greenran_normal,0,0,65535_65535,2,55,3642753,0,1,1,0,0,0,28,1,1,pre_allocation
42,6204,greenran_normal,0,0,65535_65535,2,55,3642753,4,1,1,1,1,4,28,1,1,allocated
42,6204,greenran_normal,0,0,65535_65535,2,35,3642752,0,1,1,0,0,0,28,1,1,pre_allocation
42,6204,greenran_normal,0,0,65535_65535,2,35,3642752,4,1,1,1,1,4,28,1,1,allocated
42,6204,greenran_normal,0,0,65535_65535,2,37,3642755,0,1,1,0,0,0,28,1,1,pre_allocation
42,6204,greenran_normal,0,0,65535_65535,2,37,3642755,4,1,1,1,1,4,28,1,1,allocated
42,6204,greenran_normal,0,0,65535_65535,2,41,3642755,0,1,1,0,0,0,28,1,1,pre_allocation
42,6204,greenran_normal,0,0,65535_65535,2,41,3642755,4,1,1,1,1,4,28,1,1,allocated
42,6204,greenran_normal,0,0,65535_65535,2,56,3642752,0,1,1,0,0,0,28,1,1,pre_allocation
42,6204,greenran_normal,0,0,65535_65535,2,56,3642752,4,1,1,1,1,4,28,1,1,allocated
42,6204,greenran_normal,0,0,65535_65535,2,57,3642752,0,1,1,0,0,0,28,1,1,pre_allocation
42,6204,greenran_normal,0,0,65535_65535,2,57,3642752,4,1,1,1,1,4,28,1,1,allocated
42,6204,greenran_normal,0,0,65535_65535,2,40,3642754,0,1,1,0,0,0,28,1,1,pre_allocation
42,6204,greenran_normal,0,0,65535_65535,2,40,3642754,4,1,1,1,1,4,28,1,1,allocated
42,6204,greenran_normal,0,0,65535_65535,2,63,3642750,0,1,1,0,0,0,28,1,1,pre_allocation
42,6204,greenran_normal,0,0,65535_65535,2,63,3642750,4,1,1,1,1,4,28,1,1,allocated
42,6204,greenran_normal,0,0,65535_65535,2,62,3642750,0,1,1,0,0,0,28,1,1,pre_allocation
42,6204,greenran_normal,0,0,65535_65535,2,62,3642750,4,1,1,1,1,4,28,1,1,allocated
42,6204,greenran_normal,0,0,65535_65535,2,38,3644430,0,1,1,0,1,0,2,1,1,pre_allocation
42,6204,greenran_normal,0,0,65535_65535,2,38,3644430,0,1,1,1,2,0,2,1,1,allocated
42,6204,greenran_normal,0,0,65535_65535,2,60,3644165,2,1,1,0,1,0,14,1,1,pre_allocation
42,6204,greenran_normal,0,0,65535_65535,2,60,3644165,2,1,1,1,2,2,14,1,1,allocated
42,6204,greenran_normal,0,0,65535_65535,2,64,3643952,0,1,1,0,1,0,16,1,1,pre_allocation
42,6204,greenran_normal,0,0,65535_65535,2,64,3643952,3,1,1,1,2,3,16,1,1,allocated
42,6204,greenran_normal,0,0,65535_65535,2,43,3643530,0,1,1,0,1,0,16,1,1,pre_allocation
42,6204,greenran_normal,0,0,65535_65535,2,43,3643530,3,1,1,1,2,3,16,1,1,allocated
42,6204,greenran_normal,0,0,65535_65535,2,42,3643187,3,1,1,0,1,0,24,1,1,pre_allocation
42,6204,greenran_normal,0,0,65535_65535,2,42,3643187,9,1,1,1,2,9,24,1,1,allocated
42,6204,greenran_normal,0,0,65535_65535,2,36,3642855,4,1,1,0,1,0,26,1,1,pre_allocation
42,6204,greenran_normal,0,0,65535_65535,2,36,3642855,11,1,1,1,2,11,26,1,1,allocated
42,6204,greenran_normal,0,0,65535_65535,2,59,3642803,3,1,1,0,1,0,24,1,1,pre_allocation
42,6204,greenran_normal,0,0,65535_65535,2,59,3642803,9,1,1,1,2,9,24,1,1,allocated
42,6204,greenran_normal,0,0,65535_65535,2,39,3642766,4,1,1,0,1,0,28,1,1,pre_allocation
42,6204,greenran_normal,0,0,65535_65535,2,39,3642766,12,1,1,1,2,12,28,1,1,allocated
42,6204,greenran_normal,0,0,65535_65535,2,58,3642829,4,1,1,0,1,0,26,1,1,pre_allocation
42,6204,greenran_normal,0,0,65535_65535,2,58,3642829,11,1,1,1,2,11,26,1,1,allocated
42,6204,greenran_normal,0,0,65535_65535,2,61,3642757,4,1,1,0,1,0,28,1,1,pre_allocation
42,6204,greenran_normal,0,0,65535_65535,2,61,3642757,12,1,1,1,2,12,28,1,1,allocated
42,6204,greenran_normal,0,0,65535_65535,2,44,3642753,4,1,1,0,1,0,28,1,1,pre_allocation
42,6204,greenran_normal,0,0,65535_65535,2,44,3642753,12,1,1,1,2,12,28,1,1,allocated
42,6204,greenran_normal,0,0,65535_65535,2,55,3642753,4,1,1,0,1,0,28,1,1,pre_allocation
42,6204,greenran_normal,0,0,65535_65535,2,55,3642753,12,1,1,1,2,12,28,1,1,allocated
42,6204,greenran_normal,0,0,65535_65535,2,35,3642752,4,1,1,0,1,0,28,1,1,pre_allocation
42,6204,greenran_normal,0,0,65535_65535,2,35,3642752,12,1,1,1,2,12,28,1,1,allocated
42,6204,greenran_normal,0,0,65535_65535,2,37,3642755,4,1,1,0,1,0,28,1,1,pre_allocation
42,6204,greenran_normal,0,0,65535_65535,2,37,3642755,12,1,1,1,2,12,28,1,1,allocated
42,6204,greenran_normal,0,0,65535_65535,2,41,3642755,4,1,1,0,1,0,28,1,1,pre_allocation
42,6204,greenran_normal,0,0,65535_65535,2,41,3642755,12,1,1,1,2,12,28,1,1,allocated
42,6204,greenran_normal,0,0,65535_65535,2,56,3642752,4,1,1,0,1,0,28,1,1,pre_allocation
42,6204,greenran_normal,0,0,65535_65535,2,56,3642752,12,1,1,1,2,12,28,1,1,allocated
42,6204,greenran_normal,0,0,65535_65535,2,57,3642752,4,1,1,0,1,0,28,1,1,pre_allocation
42,6204,greenran_normal,0,0,65535_65535,2,57,3642752,12,1,1,1,2,12,28,1,1,allocated
42,6204,greenran_normal,0,0,65535_65535,2,40,3642754,4,1,1,0,1,0,28,1,1,pre_allocation
42,6204,greenran_normal,0,0,65535_65535,2,40,3642754,12,1,1,1,2,12,28,1,1,allocated
42,6204,greenran_normal,0,0,65535_65535,2,63,3642750,4,1,1,0,1,0,28,1,1,pre_allocation
42,6204,greenran_normal,0,0,65535_65535,2,63,3642750,12,1,1,1,2,12,28,1,1,allocated
42,6204,greenran_normal,0,0,65535_65535,2,62,3642750,4,1,1,0,1,0,28,1,1,pre_allocation
42,6204,greenran_normal,0,0,65535_65535,2,62,3642750,12,1,1,1,2,12,28,1,1,allocated
42,6204,greenran_normal,0,0,65535_65535,2,38,3644430,0,1,1,0,2,0,2,1,1,pre_allocation
42,6204,greenran_normal,0,0,65535_65535,2,38,3644430,0,1,1,1,3,0,2,1,1,allocated
42,6204,greenran_normal,0,0,65535_65535,2,60,3644165,2,1,1,0,2,0,14,1,1,pre_allocation
42,6204,greenran_normal,0,0,65535_65535,2,60,3644165,4,1,1,1,3,4,14,1,1,allocated
42,6204,greenran_normal,0,0,65535_65535,2,64,3643952,3,1,1,0,2,0,16,1,1,pre_allocation
42,6204,greenran_normal,0,0,65535_65535,2,64,3643952,6,1,1,1,3,6,16,1,1,allocated
42,6204,greenran_normal,0,0,65535_65535,2,43,3643530,3,1,1,0,2,0,16,1,1,pre_allocation
42,6204,greenran_normal,0,0,65535_65535,2,43,3643530,6,1,1,1,3,6,16,1,1,allocated
42,6204,greenran_normal,0,0,65535_65535,2,42,3643187,9,1,1,0,2,0,24,1,1,pre_allocation
42,6204,greenran_normal,0,0,65535_65535,2,42,3643187,15,1,1,1,3,15,24,1,1,allocated
42,6204,greenran_normal,0,0,65535_65535,2,36,3642855,11,1,1,0,2,0,26,1,1,pre_allocation
42,6204,greenran_normal,0,0,65535_65535,2,36,3642855,18,1,1,1,3,18,26,1,1,allocated
42,6204,greenran_normal,0,0,65535_65535,2,59,3642803,9,1,1,0,2,0,24,1,1,pre_allocation
42,6204,greenran_normal,0,0,65535_65535,2,59,3642803,15,1,1,1,3,15,24,1,1,allocated
42,6204,greenran_normal,0,0,65535_65535,2,39,3642766,12,1,1,0,2,0,28,1,1,pre_allocation
42,6204,greenran_normal,0,0,65535_65535,2,39,3642766,19,1,1,1,3,19,28,1,1,allocated
42,6204,greenran_normal,0,0,65535_65535,2,58,3642829,11,1,1,0,2,0,26,1,1,pre_allocation
42,6204,greenran_normal,0,0,65535_65535,2,58,3642829,18,1,1,1,3,18,26,1,1,allocated
42,6204,greenran_normal,0,0,65535_65535,2,61,3642757,12,1,1,0,2,0,28,1,1,pre_allocation
42,6204,greenran_normal,0,0,65535_65535,2,61,3642757,19,1,1,1,3,19,28,1,1,allocated
42,6204,greenran_normal,0,0,65535_65535,2,44,3642753,12,1,1,0,2,0,28,1,1,pre_allocation
42,6204,greenran_normal,0,0,65535_65535,2,44,3642753,19,1,1,1,3,19,28,1,1,allocated
42,6204,greenran_normal,0,0,65535_65535,2,55,3642753,12,1,1,0,2,0,28,1,1,pre_allocation
42,6204,greenran_normal,0,0,65535_65535,2,55,3642753,19,1,1,1,3,19,28,1,1,allocated
42,6204,greenran_normal,0,0,65535_65535,2,35,3642752,12,1,1,0,2,0,28,1,1,pre_allocation
42,6204,greenran_normal,0,0,65535_65535,2,35,3642752,19,1,1,1,3,19,28,1,1,allocated
42,6204,greenran_normal,0,0,65535_65535,2,37,3642755,12,1,1,0,2,0,28,1,1,pre_allocation
42,6204,greenran_normal,0,0,65535_65535,2,37,3642755,19,1,1,1,3,19,28,1,1,allocated
42,6204,greenran_normal,0,0,65535_65535,2,41,3642755,12,1,1,0,2,0,28,1,1,pre_allocation
42,6204,greenran_normal,0,0,65535_65535,2,41,3642755,19,1,1,1,3,19,28,1,1,allocated
42,6204,greenran_normal,0,0,65535_65535,2,56,3642752,12,1,1,0,2,0,28,1,1,pre_allocation
42,6204,greenran_normal,0,0,65535_65535,2,56,3642752,19,1,1,1,3,19,28,1,1,allocated
42,6204,greenran_normal,0,0,65535_65535,2,57,3642752,12,1,1,0,2,0,28,1,1,pre_allocation
42,6204,greenran_normal,0,0,65535_65535,2,57,3642752,19,1,1,1,3,19,28,1,1,allocated
42,6204,greenran_normal,0,0,65535_65535,2,40,3642754,12,1,1,0,2,0,28,1,1,pre_allocation
42,6204,greenran_normal,0,0,65535_65535,2,40,3642754,19,1,1,1,3,19,28,1,1,allocated
42,6204,greenran_normal,0,0,65535_65535,2,63,3642750,12,1,1,0,2,0,28,1,1,pre_allocation
42,6204,greenran_normal,0,0,65535_65535,2,63,3642750,19,1,1,1,3,19,28,1,1,allocated
42,6204,greenran_normal,0,0,65535_65535,2,62,3642750,12,1,1,0,2,0,28,1,1,pre_allocation
42,6204,greenran_normal,0,0,65535_65535,2,62,3642750,19,1,1,1,3,19,28,1,1,allocated
42,6204,greenran_normal,0,0,65535_65535,2,38,3644430,0,1,1,0,3,0,2,1,1,pre_allocation
42,6204,greenran_normal,0,0,65535_65535,2,38,3644430,1,1,1,1,4,1,2,1,1,allocated
42,6204,greenran_normal,0,0,65535_65535,2,60,3644165,4,1,1,0,3,0,14,1,1,pre_allocation
42,6204,greenran_normal,0,0,65535_65535,2,60,3644165,7,1,1,1,4,7,14,1,1,allocated
42,6204,greenran_normal,0,0,65535_65535,2,64,3643952,6,1,1,0,3,0,16,1,1,pre_allocation
42,6204,greenran_normal,0,0,65535_65535,2,64,3643952,10,1,1,1,4,10,16,1,1,allocated
42,6204,greenran_normal,0,0,65535_65535,2,43,3643530,6,1,1,0,3,0,16,1,1,pre_allocation
42,6204,greenran_normal,0,0,65535_65535,2,43,3643530,10,1,1,1,4,10,16,1,1,allocated
42,6204,greenran_normal,0,0,65535_65535,2,42,3643187,15,1,1,0,3,0,24,1,1,pre_allocation
42,6204,greenran_normal,0,0,65535_65535,2,42,3643187,21,1,1,1,4,21,24,1,1,allocated
42,6204,greenran_normal,0,0,65535_65535,2,36,3642855,18,1,1,0,3,0,26,1,1,pre_allocation
42,6204,greenran_normal,0,0,65535_65535,2,36,3642855,25,1,1,1,4,25,26,1,1,allocated
42,6204,greenran_normal,0,0,65535_65535,2,59,3642803,15,1,1,0,3,0,24,1,1,pre_allocation
42,6204,greenran_normal,0,0,65535_65535,2,59,3642803,21,1,1,1,4,21,24,1,1,allocated
42,6204,greenran_normal,0,0,65535_65535,2,39,3642766,19,1,1,0,3,0,28,1,1,pre_allocation
42,6204,greenran_normal,0,0,65535_65535,2,39,3642766,27,1,1,1,4,27,28,1,1,allocated
42,6204,greenran_normal,0,0,65535_65535,2,58,3642829,18,1,1,0,3,0,26,1,1,pre_allocation
42,6204,greenran_normal,0,0,65535_65535,2,58,3642829,25,1,1,1,4,25,26,1,1,allocated
42,6204,greenran_normal,0,0,65535_65535,2,61,3642757,19,1,1,0,3,0,28,1,1,pre_allocation
42,6204,greenran_normal,0,0,65535_65535,2,61,3642757,27,1,1,1,4,27,28,1,1,allocated
42,6204,greenran_normal,0,0,65535_65535,2,44,3642753,19,1,1,0,3,0,28,1,1,pre_allocation
42,6204,greenran_normal,0,0,65535_65535,2,44,3642753,27,1,1,1,4,27,28,1,1,allocated
42,6204,greenran_normal,0,0,65535_65535,2,55,3642753,19,1,1,0,3,0,28,1,1,pre_allocation
42,6204,greenran_normal,0,0,65535_65535,2,55,3642753,27,1,1,1,4,27,28,1,1,allocated
42,6204,greenran_normal,0,0,65535_65535,2,35,3642752,19,1,1,0,3,0,28,1,1,pre_allocation
42,6204,greenran_normal,0,0,65535_65535,2,35,3642752,27,1,1,1,4,27,28,1,1,allocated
42,6204,greenran_normal,0,0,65535_65535,2,37,3642755,19,1,1,0,3,0,28,1,1,pre_allocation
42,6204,greenran_normal,0,0,65535_65535,2,37,3642755,27,1,1,1,4,27,28,1,1,allocated
42,6204,greenran_normal,0,0,65535_65535,2,41,3642755,19,1,1,0,3,0,28,1,1,pre_allocation
42,6204,greenran_normal,0,0,65535_65535,2,41,3642755,27,1,1,1,4,27,28,1,1,allocated
42,6204,greenran_normal,0,0,65535_65535,2,56,3642752,19,1,1,0,3,0,28,1,1,pre_allocation
42,6204,greenran_normal,0,0,65535_65535,2,56,3642752,27,1,1,1,4,27,28,1,1,allocated
42,6204,greenran_normal,0,0,65535_65535,2,57,3642752,19,1,1,0,3,0,28,1,1,pre_allocation
42,6204,greenran_normal,0,0,65535_65535,2,57,3642752,27,1,1,1,4,27,28,1,1,allocated
42,6204,greenran_normal,0,0,65535_65535,2,40,3642754,19,1,1,0,3,0,28,1,1,pre_allocation
42,6204,greenran_normal,0,0,65535_65535,2,40,3642754,27,1,1,1,4,27,28,1,1,allocated
42,6204,greenran_normal,0,0,65535_65535,2,63,3642750,19,1,1,0,3,0,28,1,1,pre_allocation
42,6204,greenran_normal,0,0,65535_65535,2,63,3642750,27,1,1,1,4,27,28,1,1,allocated
42,6204,greenran_normal,0,0,65535_65535,2,62,3642750,19,1,1,0,3,0,28,1,1,pre_allocation
42,6204,greenran_normal,0,0,65535_65535,2,62,3642750,27,1,1,1,4,27,28,1,1,allocated
42,6204,greenran_normal,0,0,65535_65535,2,38,3644430,1,1,1,0,4,0,2,1,1,pre_allocation
42,6204,greenran_normal,0,0,65535_65535,2,38,3644430,1,1,1,1,5,1,2,1,1,allocated
42,6204,greenran_normal,0,0,65535_65535,2,60,3644165,7,1,1,0,4,0,14,1,1,pre_allocation
42,6204,greenran_normal,0,0,65535_65535,2,60,3644165,10,1,1,1,5,10,14,1,1,allocated
42,6204,greenran_normal,0,0,65535_65535,2,64,3643952,10,1,1,0,4,0,16,1,1,pre_allocation
42,6204,greenran_normal,0,0,65535_65535,2,64,3643952,13,1,1,1,5,13,16,1,1,allocated
42,6204,greenran_normal,0,0,65535_65535,2,43,3643530,10,1,1,0,4,0,16,1,1,pre_allocation
42,6204,greenran_normal,0,0,65535_65535,2,43,3643530,13,1,1,1,5,13,16,1,1,allocated
42,6204,greenran_normal,0,0,65535_65535,2,42,3643187,21,1,1,0,4,0,24,1,1,pre_allocation
42,6204,greenran_normal,0,0,65535_65535,2,42,3643187,27,1,1,1,5,27,24,1,1,allocated
42,6204,greenran_normal,0,0,65535_65535,2,36,3642855,25,1,1,0,4,0,26,1,1,pre_allocation
42,6204,greenran_normal,0,0,65535_65535,2,36,3642855,32,1,1,1,5,32,26,1,1,allocated
42,6204,greenran_normal,0,0,65535_65535,2,59,3642803,21,1,1,0,4,0,24,1,1,pre_allocation
42,6204,greenran_normal,0,0,65535_65535,2,59,3642803,27,1,1,1,5,27,24,1,1,allocated
42,6204,greenran_normal,0,0,65535_65535,2,39,3642766,27,1,1,0,4,0,28,1,1,pre_allocation
42,6204,greenran_normal,0,0,65535_65535,2,39,3642766,34,1,1,1,5,34,28,1,1,allocated
42,6204,greenran_normal,0,0,65535_65535,2,58,3642829,25,1,1,0,4,0,26,1,1,pre_allocation
42,6204,greenran_normal,0,0,65535_65535,2,58,3642829,32,1,1,1,5,32,26,1,1,allocated
42,6204,greenran_normal,0,0,65535_65535,2,61,3642757,27,1,1,0,4,0,28,1,1,pre_allocation
42,6204,greenran_normal,0,0,65535_65535,2,61,3642757,34,1,1,1,5,34,28,1,1,allocated
42,6204,greenran_normal,0,0,65535_65535,2,44,3642753,27,1,1,0,4,0,28,1,1,pre_allocation
42,6204,greenran_normal,0,0,65535_65535,2,44,3642753,34,1,1,1,5,34,28,1,1,allocated
42,6204,greenran_normal,0,0,65535_65535,2,55,3642753,27,1,1,0,4,0,28,1,1,pre_allocation
42,6204,greenran_normal,0,0,65535_65535,2,55,3642753,34,1,1,1,5,34,28,1,1,allocated
42,6204,greenran_normal,0,0,65535_65535,2,35,3642752,27,1,1,0,4,0,28,1,1,pre_allocation
42,6204,greenran_normal,0,0,65535_65535,2,35,3642752,34,1,1,1,5,34,28,1,1,allocated
42,6204,greenran_normal,0,0,65535_65535,2,37,3642755,27,1,1,0,4,0,28,1,1,pre_allocation
42,6204,greenran_normal,0,0,65535_65535,2,37,3642755,34,1,1,1,5,34,28,1,1,allocated
42,6204,greenran_normal,0,0,65535_65535,2,41,3642755,27,1,1,0,4,0,28,1,1,pre_allocation
42,6204,greenran_normal,0,0,65535_65535,2,41,3642755,34,1,1,1,5,34,28,1,1,allocated
42,6204,greenran_normal,0,0,65535_65535,2,56,3642752,27,1,1,0,4,0,28,1,1,pre_allocation
42,6204,greenran_normal,0,0,65535_65535,2,56,3642752,34,1,1,1,5,34,28,1,1,allocated
42,6204,greenran_normal,0,0,65535_65535,2,57,3642752,27,1,1,0,4,0,28,1,1,pre_allocation
42,6204,greenran_normal,0,0,65535_65535,2,57,3642752,34,1,1,1,5,34,28,1,1,allocated
42,6204,greenran_normal,0,0,65535_65535,2,40,3642754,27,1,1,0,4,0,28,1,1,pre_allocation
42,6204,greenran_normal,0,0,65535_65535,2,40,3642754,34,1,1,1,5,34,28,1,1,allocated
42,6204,greenran_normal,0,0,65535_65535,2,63,3642750,27,1,1,0,4,0,28,1,1,pre_allocation
42,6204,greenran_normal,0,0,65535_65535,2,63,3642750,34,1,1,1,5,34,28,1,1,allocated
42,6204,greenran_normal,0,0,65535_65535,2,62,3642750,27,1,1,0,4,0,28,1,1,pre_allocation
42,6204,greenran_normal,0,0,65535_65535,2,62,3642750,34,1,1,1,5,34,28,1,1,allocated
42,6204,greenran_normal,0,0,65535_65535,2,38,3644430,1,1,1,0,5,0,2,1,1,pre_allocation
42,6204,greenran_normal,0,0,65535_65535,2,38,3644430,1,1,1,1,6,1,2,1,1,allocated
42,6204,greenran_normal,0,0,65535_65535,2,60,3644165,10,1,1,0,5,0,14,1,1,pre_allocation
42,6204,greenran_normal,0,0,65535_65535,2,60,3644165,12,1,1,1,6,12,14,1,1,allocated
42,6204,greenran_normal,0,0,65535_65535,2,64,3643952,13,1,1,0,5,0,16,1,1,pre_allocation
42,6204,greenran_normal,0,0,65535_65535,2,64,3643952,16,1,1,1,6,16,16,1,1,allocated
42,6204,greenran_normal,0,0,65535_65535,2,43,3643530,13,1,1,0,5,0,16,1,1,pre_allocation
42,6204,greenran_normal,0,0,65535_65535,2,43,3643530,16,1,1,1,6,16,16,1,1,allocated
42,6204,greenran_normal,0,0,65535_65535,2,42,3643187,27,1,1,0,5,0,24,1,1,pre_allocation
42,6204,greenran_normal,0,0,65535_65535,2,42,3643187,34,1,1,1,6,34,24,1,1,allocated
42,6204,greenran_normal,0,0,65535_65535,2,36,3642855,32,1,1,0,5,0,26,1,1,pre_allocation
42,6204,greenran_normal,0,0,65535_65535,2,36,3642855,39,1,1,1,6,39,26,1,1,allocated
42,6204,greenran_normal,0,0,65535_65535,2,59,3642803,27,1,1,0,5,0,24,1,1,pre_allocation
42,6204,greenran_normal,0,0,65535_65535,2,59,3642803,34,1,1,1,6,34,24,1,1,allocated
42,6204,greenran_normal,0,0,65535_65535,2,39,3642766,34,1,1,0,5,0,28,1,1,pre_allocation
42,6204,greenran_normal,0,0,65535_65535,2,39,3642766,42,1,1,1,6,42,28,1,1,allocated
42,6204,greenran_normal,0,0,65535_65535,2,58,3642829,32,1,1,0,5,0,26,1,1,pre_allocation
42,6204,greenran_normal,0,0,65535_65535,2,58,3642829,39,1,1,1,6,39,26,1,1,allocated
42,6204,greenran_normal,0,0,65535_65535,2,61,3642757,34,1,1,0,5,0,28,1,1,pre_allocation
42,6204,greenran_normal,0,0,65535_65535,2,61,3642757,42,1,1,1,6,42,28,1,1,allocated
42,6204,greenran_normal,0,0,65535_65535,2,44,3642753,34,1,1,0,5,0,28,1,1,pre_allocation
42,6204,greenran_normal,0,0,65535_65535,2,44,3642753,42,1,1,1,6,42,28,1,1,allocated
42,6204,greenran_normal,0,0,65535_65535,2,55,3642753,34,1,1,0,5,0,28,1,1,pre_allocation
42,6204,greenran_normal,0,0,65535_65535,2,55,3642753,42,1,1,1,6,42,28,1,1,allocated
42,6204,greenran_normal,0,0,65535_65535,2,35,3642752,34,1,1,0,5,0,28,1,1,pre_allocation
42,6204,greenran_normal,0,0,65535_65535,2,35,3642752,42,1,1,1,6,42,28,1,1,allocated
42,6204,greenran_normal,0,0,65535_65535,2,37,3642755,34,1,1,0,5,0,28,1,1,pre_allocation
42,6204,greenran_normal,0,0,65535_65535,2,37,3642755,42,1,1,1,6,42,28,1,1,allocated
42,6204,greenran_normal,0,0,65535_65535,2,41,3642755,34,1,1,0,5,0,28,1,1,pre_allocation
42,6204,greenran_normal,0,0,65535_65535,2,41,3642755,42,1,1,1,6,42,28,1,1,allocated
42,6204,greenran_normal,0,0,65535_65535,2,56,3642752,34,1,1,0,5,0,28,1,1,pre_allocation
42,6204,greenran_normal,0,0,65535_65535,2,56,3642752,42,1,1,1,6,42,28,1,1,allocated
42,6204,greenran_normal,0,0,65535_65535,2,57,3642752,34,1,1,0,5,0,28,1,1,pre_allocation
42,6204,greenran_normal,0,0,65535_65535,2,57,3642752,42,1,1,1,6,42,28,1,1,allocated
42,6204,greenran_normal,0,0,65535_65535,2,40,3642754,34,1,1,0,5,0,28,1,1,pre_allocation
42,6204,greenran_normal,0,0,65535_65535,2,40,3642754,42,1,1,1,6,42,28,1,1,allocated
42,6204,greenran_normal,0,0,65535_65535,2,63,3642750,34,1,1,0,5,0,28,1,1,pre_allocation
42,6204,greenran_normal,0,0,65535_65535,2,63,3642750,42,1,1,1,6,42,28,1,1,allocated
42,6204,greenran_normal,0,0,65535_65535,2,62,3642750,34,1,1,0,5,0,28,1,1,pre_allocation
42,6204,greenran_normal,0,0,65535_65535,2,62,3642750,42,1,1,1,6,42,28,1,1,allocated
42,6204,greenran_normal,0,0,65535_65535,2,38,3644430,1,1,1,0,6,0,2,1,1,pre_allocation
42,6204,greenran_normal,0,0,65535_65535,2,38,3644430,2,1,1,1,7,2,2,1,1,allocated
42,6204,greenran_normal,0,0,65535_65535,2,60,3644165,12,1,1,0,6,0,14,1,1,pre_allocation
42,6204,greenran_normal,0,0,65535_65535,2,60,3644165,15,1,1,1,7,15,14,1,1,allocated
42,6204,greenran_normal,0,0,65535_65535,2,64,3643952,16,1,1,0,6,0,16,1,1,pre_allocation
42,6204,greenran_normal,0,0,65535_65535,2,64,3643952,20,1,1,1,7,20,16,1,1,allocated
42,6204,greenran_normal,0,0,65535_65535,2,43,3643530,16,1,1,0,6,0,16,1,1,pre_allocation
42,6204,greenran_normal,0,0,65535_65535,2,43,3643530,20,1,1,1,7,20,16,1,1,allocated
42,6204,greenran_normal,0,0,65535_65535,2,42,3643187,34,1,1,0,6,0,24,1,1,pre_allocation
42,6204,greenran_normal,0,0,65535_65535,2,42,3643187,40,1,1,1,7,40,24,1,1,allocated
42,6204,greenran_normal,0,0,65535_65535,2,36,3642855,39,1,1,0,6,0,26,1,1,pre_allocation
42,6204,greenran_normal,0,0,65535_65535,2,36,3642855,46,1,1,1,7,46,26,1,1,allocated
42,6204,greenran_normal,0,0,65535_65535,2,59,3642803,34,1,1,0,6,0,24,1,1,pre_allocation
42,6204,greenran_normal,0,0,65535_65535,2,59,3642803,40,1,1,1,7,40,24,1,1,allocated
42,6204,greenran_normal,0,0,65535_65535,2,39,3642766,42,1,1,0,6,0,28,1,1,pre_allocation
42,6204,greenran_normal,0,0,65535_65535,2,39,3642766,50,1,1,1,7,50,28,1,1,allocated
42,6204,greenran_normal,0,0,65535_65535,2,58,3642829,39,1,1,0,6,0,26,1,1,pre_allocation
42,6204,greenran_normal,0,0,65535_65535,2,58,3642829,46,1,1,1,7,46,26,1,1,allocated
42,6204,greenran_normal,0,0,65535_65535,2,61,3642757,42,1,1,0,6,0,28,1,1,pre_allocation
42,6204,greenran_normal,0,0,65535_65535,2,61,3642757,50,1,1,1,7,50,28,1,1,allocated
42,6204,greenran_normal,0,0,65535_65535,2,44,3642753,42,1,1,0,6,0,28,1,1,pre_allocation
42,6204,greenran_normal,0,0,65535_65535,2,44,3642753,50,1,1,1,7,50,28,1,1,allocated
42,6204,greenran_normal,0,0,65535_65535,2,55,3642753,42,1,1,0,6,0,28,1,1,pre_allocation
42,6204,greenran_normal,0,0,65535_65535,2,55,3642753,50,1,1,1,7,50,28,1,1,allocated
42,6204,greenran_normal,0,0,65535_65535,2,35,3642752,42,1,1,0,6,0,28,1,1,pre_allocation
42,6204,greenran_normal,0,0,65535_65535,2,35,3642752,50,1,1,1,7,50,28,1,1,allocated
45,6391,greenran_normal,0,0,65535_65535,0,4,117802,0,1,1,0,0,0,24,1,1,pre_allocation
45,6391,greenran_normal,0,0,65535_65535,0,4,117802,3,1,1,1,1,3,24,1,1,allocated
45,6391,greenran_normal,0,0,65535_65535,0,2,115928,0,1,1,0,0,0,28,1,1,pre_allocation
45,6391,greenran_normal,0,0,65535_65535,0,2,115928,4,1,1,1,1,4,28,1,1,allocated
45,6391,greenran_normal,0,0,65535_65535,0,5,115920,0,1,1,0,0,0,28,1,1,pre_allocation
45,6391,greenran_normal,0,0,65535_65535,0,5,115920,4,1,1,1,1,4,28,1,1,allocated
45,6391,greenran_normal,0,0,65535_65535,0,3,115919,0,1,1,0,0,0,28,1,1,pre_allocation
45,6391,greenran_normal,0,0,65535_65535,0,3,115919,4,1,1,1,1,4,28,1,1,allocated
45,6391,greenran_normal,0,0,65535_65535,0,1,115921,0,1,1,0,0,0,28,1,1,pre_allocation
45,6391,greenran_normal,0,0,65535_65535,0,1,115921,4,1,1,1,1,4,28,1,1,allocated
45,6391,greenran_normal,0,0,65535_65535,0,4,117802,3,1,1,0,1,0,24,1,1,pre_allocation
45,6391,greenran_normal,0,0,65535_65535,0,4,117802,9,1,1,1,2,9,24,1,1,allocated
45,6391,greenran_normal,0,0,65535_65535,0,2,115928,4,1,1,0,1,0,28,1,1,pre_allocation
45,6391,greenran_normal,0,0,65535_65535,0,2,115928,12,1,1,1,2,12,28,1,1,allocated
45,6391,greenran_normal,0,0,65535_65535,0,5,115920,4,1,1,0,1,0,28,1,1,pre_allocation
45,6391,greenran_normal,0,0,65535_65535,0,5,115920,12,1,1,1,2,12,28,1,1,allocated
45,6391,greenran_normal,0,0,65535_65535,0,3,115919,4,1,1,0,1,0,28,1,1,pre_allocation
45,6391,greenran_normal,0,0,65535_65535,0,3,115919,12,1,1,1,2,12,28,1,1,allocated
45,6391,greenran_normal,0,0,65535_65535,0,1,115921,4,1,1,0,1,0,28,1,1,pre_allocation
45,6391,greenran_normal,0,0,65535_65535,0,1,115921,12,1,1,1,2,12,28,1,1,allocated
45,6391,greenran_normal,0,0,65535_65535,0,4,117802,9,1,1,0,2,0,24,1,1,pre_allocation
45,6391,greenran_normal,0,0,65535_65535,0,4,117802,15,1,1,1,3,15,24,1,1,allocated
45,6391,greenran_normal,0,0,65535_65535,0,2,115928,12,1,1,0,2,0,28,1,1,pre_allocation
45,6391,greenran_normal,0,0,65535_65535,0,2,115928,19,1,1,1,3,19,28,1,1,allocated
45,6391,greenran_normal,0,0,65535_65535,0,5,115920,12,1,1,0,2,0,28,1,1,pre_allocation
45,6391,greenran_normal,0,0,65535_65535,0,5,115920,19,1,1,1,3,19,28,1,1,allocated
45,6391,greenran_normal,0,0,65535_65535,0,3,115919,12,1,1,0,2,0,28,1,1,pre_allocation
45,6391,greenran_normal,0,0,65535_65535,0,3,115919,19,1,1,1,3,19,28,1,1,allocated
45,6391,greenran_normal,0,0,65535_65535,0,1,115921,12,1,1,0,2,0,28,1,1,pre_allocation
45,6391,greenran_normal,0,0,65535_65535,0,1,115921,19,1,1,1,3,19,28,1,1,allocated
45,6391,greenran_normal,0,0,65535_65535,0,4,117802,15,1,1,0,3,0,24,1,1,pre_allocation
45,6391,greenran_normal,0,0,65535_65535,0,4,117802,21,1,1,1,4,21,24,1,1,allocated
45,6391,greenran_normal,0,0,65535_65535,0,2,115928,19,1,1,0,3,0,28,1,1,pre_allocation
45,6391,greenran_normal,0,0,65535_65535,0,2,115928,27,1,1,1,4,27,28,1,1,allocated
45,6391,greenran_normal,0,0,65535_65535,0,5,115920,19,1,1,0,3,0,28,1,1,pre_allocation
45,6391,greenran_normal,0,0,65535_65535,0,5,115920,27,1,1,1,4,27,28,1,1,allocated
45,6391,greenran_normal,0,0,65535_65535,0,3,115919,19,1,1,0,3,0,28,1,1,pre_allocation
45,6391,greenran_normal,0,0,65535_65535,0,3,115919,27,1,1,1,4,27,28,1,1,allocated
45,6391,greenran_normal,0,0,65535_65535,0,1,115921,19,1,1,0,3,0,28,1,1,pre_allocation
45,6391,greenran_normal,0,0,65535_65535,0,1,115921,27,1,1,1,4,27,28,1,1,allocated
45,6391,greenran_normal,0,0,65535_65535,0,4,117802,21,1,1,0,4,0,24,1,1,pre_allocation
45,6391,greenran_normal,0,0,65535_65535,0,4,117802,27,1,1,1,5,27,24,1,1,allocated
45,6391,greenran_normal,0,0,65535_65535,0,2,115928,27,1,1,0,4,0,28,1,1,pre_allocation
45,6391,greenran_normal,0,0,65535_65535,0,2,115928,34,1,1,1,5,34,28,1,1,allocated
45,6391,greenran_normal,0,0,65535_65535,0,5,115920,27,1,1,0,4,0,28,1,1,pre_allocation
45,6391,greenran_normal,0,0,65535_65535,0,5,115920,34,1,1,1,5,34,28,1,1,allocated
45,6391,greenran_normal,0,0,65535_65535,0,3,115919,27,1,1,0,4,0,28,1,1,pre_allocation
45,6391,greenran_normal,0,0,65535_65535,0,3,115919,34,1,1,1,5,34,28,1,1,allocated
45,6391,greenran_normal,0,0,65535_65535,0,1,115921,27,1,1,0,4,0,28,1,1,pre_allocation
45,6391,greenran_normal,0,0,65535_65535,0,1,115921,34,1,1,1,5,34,28,1,1,allocated
45,6391,greenran_normal,0,0,65535_65535,0,4,117802,27,1,1,0,5,0,24,1,1,pre_allocation
45,6391,greenran_normal,0,0,65535_65535,0,4,117802,34,1,1,1,6,34,24,1,1,allocated
45,6391,greenran_normal,0,0,65535_65535,0,2,115928,34,1,1,0,5,0,28,1,1,pre_allocation
45,6391,greenran_normal,0,0,65535_65535,0,2,115928,42,1,1,1,6,42,28,1,1,allocated
45,6391,greenran_normal,0,0,65535_65535,0,5,115920,34,1,1,0,5,0,28,1,1,pre_allocation
45,6391,greenran_normal,0,0,65535_65535,0,5,115920,42,1,1,1,6,42,28,1,1,allocated
45,6391,greenran_normal,0,0,65535_65535,0,3,115919,34,1,1,0,5,0,28,1,1,pre_allocation
45,6391,greenran_normal,0,0,65535_65535,0,3,115919,42,1,1,1,6,42,28,1,1,allocated
45,6391,greenran_normal,0,0,65535_65535,0,1,115921,34,1,1,0,5,0,28,1,1,pre_allocation
45,6391,greenran_normal,0,0,65535_65535,0,1,115921,42,1,1,1,6,42,28,1,1,allocated
45,6391,greenran_normal,0,0,65535_65535,0,4,117802,34,1,1,0,6,0,24,1,1,pre_allocation
45,6391,greenran_normal,0,0,65535_65535,0,4,117802,40,1,1,1,7,40,24,1,1,allocated
45,6391,greenran_normal,0,0,65535_65535,0,2,115928,42,1,1,0,6,0,28,1,1,pre_allocation
45,6391,greenran_normal,0,0,65535_65535,0,2,115928,50,1,1,1,7,50,28,1,1,allocated
45,6391,greenran_normal,0,0,65535_65535,0,5,115920,42,1,1,0,6,0,28,1,1,pre_allocation
45,6391,greenran_normal,0,0,65535_65535,0,5,115920,50,1,1,1,7,50,28,1,1,allocated
45,6391,greenran_normal,0,0,65535_65535,0,3,115919,42,1,1,0,6,0,28,1,1,pre_allocation
45,6391,greenran_normal,0,0,65535_65535,0,3,115919,50,1,1,1,7,50,28,1,1,allocated
45,6391,greenran_normal,0,0,65535_65535,0,1,115921,42,1,1,0,6,0,28,1,1,pre_allocation
45,6391,greenran_normal,0,0,65535_65535,0,1,115921,50,1,1,1,7,50,28,1,1,allocated
45,6391,greenran_normal,0,0,65535_65535,0,4,117802,40,1,1,0,7,0,24,1,1,pre_allocation
45,6391,greenran_normal,0,0,65535_65535,0,4,117802,46,1,1,1,8,46,24,1,1,allocated
45,6391,greenran_normal,0,0,65535_65535,0,2,115928,50,1,1,0,7,0,28,1,1,pre_allocation
45,6391,greenran_normal,0,0,65535_65535,0,2,115928,57,1,1,1,8,57,28,1,1,allocated
45,6391,greenran_normal,0,0,65535_65535,0,5,115920,50,1,1,0,7,0,28,1,1,pre_allocation
45,6391,greenran_normal,0,0,65535_65535,0,5,115920,57,1,1,1,8,57,28,1,1,allocated
45,6391,greenran_normal,0,0,65535_65535,0,3,115919,50,1,1,0,7,0,28,1,1,pre_allocation
45,6391,greenran_normal,0,0,65535_65535,0,3,115919,57,1,1,1,8,57,28,1,1,allocated
45,6391,greenran_normal,0,0,65535_65535,0,1,115921,50,1,1,0,7,0,28,1,1,pre_allocation
45,6391,greenran_normal,0,0,65535_65535,0,1,115921,57,1,1,1,8,57,28,1,1,allocated
45,6391,greenran_normal,0,0,65535_65535,0,4,117802,46,1,1,0,8,0,24,1,1,pre_allocation
45,6391,greenran_normal,0,0,65535_65535,0,4,117802,52,1,1,1,9,52,24,1,1,allocated
45,6391,greenran_normal,0,0,65535_65535,0,2,115928,57,1,1,0,8,0,28,1,1,pre_allocation
45,6391,greenran_normal,0,0,65535_65535,0,2,115928,65,1,1,1,9,65,28,1,1,allocated
45,6391,greenran_normal,0,0,65535_65535,0,5,115920,57,1,1,0,8,0,28,1,1,pre_allocation
45,6391,greenran_normal,0,0,65535_65535,0,5,115920,65,1,1,1,9,65,28,1,1,allocated
45,6391,greenran_normal,0,0,65535_65535,0,3,115919,57,1,1,0,8,0,28,1,1,pre_allocation
45,6391,greenran_normal,0,0,65535_65535,0,3,115919,65,1,1,1,9,65,28,1,1,allocated
45,6391,greenran_normal,0,0,65535_65535,0,1,115921,57,1,1,0,8,0,28,1,1,pre_allocation
45,6391,greenran_normal,0,0,65535_65535,0,1,115921,65,1,1,1,9,65,28,1,1,allocated
45,6391,greenran_normal,0,0,65535_65535,0,4,117802,52,1,1,0,9,0,24,1,1,pre_allocation
45,6391,greenran_normal,0,0,65535_65535,0,4,117802,58,1,1,1,10,58,24,1,1,allocated
45,6391,greenran_normal,0,0,65535_65535,0,2,115928,65,1,1,0,9,0,28,1,1,pre_allocation
45,6391,greenran_normal,0,0,65535_65535,0,2,115928,72,1,1,1,10,72,28,1,1,allocated
45,6391,greenran_normal,0,0,65535_65535,0,5,115920,65,1,1,0,9,0,28,1,1,pre_allocation
45,6391,greenran_normal,0,0,65535_65535,0,5,115920,72,1,1,1,10,72,28,1,1,allocated
45,6391,greenran_normal,0,0,65535_65535,0,3,115919,65,1,1,0,9,0,28,1,1,pre_allocation
45,6391,greenran_normal,0,0,65535_65535,0,3,115919,72,1,1,1,10,72,28,1,1,allocated
45,6391,greenran_normal,0,0,65535_65535,0,1,115921,65,1,1,0,9,0,28,1,1,pre_allocation
45,6391,greenran_normal,0,0,65535_65535,0,1,115921,72,1,1,1,10,72,28,1,1,allocated
45,6391,greenran_normal,0,0,65535_65535,0,4,117802,58,1,1,0,10,0,24,1,1,pre_allocation
45,6391,greenran_normal,0,0,65535_65535,0,4,117802,65,1,1,1,11,65,24,1,1,allocated
45,6391,greenran_normal,0,0,65535_65535,0,2,115928,72,1,1,0,10,0,28,1,1,pre_allocation
45,6391,greenran_normal,0,0,65535_65535,0,2,115928,80,1,1,1,11,80,28,1,1,allocated
45,6391,greenran_normal,0,0,65535_65535,0,5,115920,72,1,1,0,10,0,28,1,1,pre_allocation
45,6391,greenran_normal,0,0,65535_65535,0,5,115920,80,1,1,1,11,80,28,1,1,allocated
45,6391,greenran_normal,0,0,65535_65535,0,3,115919,72,1,1,0,10,0,28,1,1,pre_allocation
45,6391,greenran_normal,0,0,65535_65535,0,3,115919,80,1,1,1,11,80,28,1,1,allocated
45,6391,greenran_normal,0,0,65535_65535,0,1,115921,72,1,1,0,10,0,28,1,1,pre_allocation
45,6391,greenran_normal,0,0,65535_65535,0,1,115921,80,1,1,1,11,80,28,1,1,allocated
45,6391,greenran_normal,0,0,65535_65535,0,4,117802,65,1,1,0,11,0,24,1,1,pre_allocation
45,6391,greenran_normal,0,0,65535_65535,0,4,117802,71,1,1,1,12,71,24,1,1,allocated
45,6391,greenran_normal,0,0,65535_65535,0,2,115928,80,1,1,0,11,0,28,1,1,pre_allocation
45,6391,greenran_normal,0,0,65535_65535,0,2,115928,88,1,1,1,12,88,28,1,1,allocated
45,6391,greenran_normal,0,0,65535_65535,0,5,115920,80,1,1,0,11,0,28,1,1,pre_allocation
45,6391,greenran_normal,0,0,65535_65535,0,5,115920,88,1,1,1,12,88,28,1,1,allocated
45,6391,greenran_normal,0,0,65535_65535,0,3,115919,80,1,1,0,11,0,28,1,1,pre_allocation
45,6391,greenran_normal,0,0,65535_65535,0,3,115919,88,1,1,1,12,88,28,1,1,allocated
45,6391,greenran_normal,0,0,65535_65535,0,1,115921,80,1,1,0,11,0,28,1,1,pre_allocation
45,6391,greenran_normal,0,0,65535_65535,0,1,115921,88,1,1,1,12,88,28,1,1,allocated
45,6391,greenran_normal,0,0,65535_65535,0,4,117802,71,1,1,0,12,0,24,1,1,pre_allocation
45,6391,greenran_normal,0,0,65535_65535,0,4,117802,77,1,1,1,13,77,24,1,1,allocated
45,6391,greenran_normal,0,0,65535_65535,0,2,115928,88,1,1,0,12,0,28,1,1,pre_allocation
45,6391,greenran_normal,0,0,65535_65535,0,2,115928,95,1,1,1,13,95,28,1,1,allocated
45,6391,greenran_normal,0,0,65535_65535,0,5,115920,88,1,1,0,12,0,28,1,1,pre_allocation
45,6391,greenran_normal,0,0,65535_65535,0,5,115920,95,1,1,1,13,95,28,1,1,allocated
45,6391,greenran_normal,0,0,65535_65535,0,3,115919,88,1,1,0,12,0,28,1,1,pre_allocation
45,6391,greenran_normal,0,0,65535_65535,0,3,115919,95,1,1,1,13,95,28,1,1,allocated
45,6391,greenran_normal,0,0,65535_65535,0,1,115921,88,1,1,0,12,0,28,1,1,pre_allocation
45,6391,greenran_normal,0,0,65535_65535,0,1,115921,95,1,1,1,13,95,28,1,1,allocated
45,6391,greenran_normal,0,0,65535_65535,0,4,117802,77,1,1,0,13,0,24,1,1,pre_allocation
45,6391,greenran_normal,0,0,65535_65535,0,4,117802,83,1,1,1,14,83,24,1,1,allocated
45,6391,greenran_normal,0,0,65535_65535,0,2,115928,95,1,1,0,13,0,28,1,1,pre_allocation
45,6391,greenran_normal,0,0,65535_65535,0,2,115928,103,1,1,1,14,103,28,1,1,allocated
45,6391,greenran_normal,0,0,65535_65535,0,5,115920,95,1,1,0,13,0,28,1,1,pre_allocation
45,6391,greenran_normal,0,0,65535_65535,0,5,115920,103,1,1,1,14,103,28,1,1,allocated
45,6391,greenran_normal,0,0,65535_65535,0,3,115919,95,1,1,0,13,0,28,1,1,pre_allocation
45,6391,greenran_normal,0,0,65535_65535,0,3,115919,103,1,1,1,14,103,28,1,1,allocated
45,6391,greenran_normal,0,0,65535_65535,0,1,115921,95,1,1,0,13,0,28,1,1,pre_allocation
45,6391,greenran_normal,0,0,65535_65535,0,1,115921,103,1,1,1,14,103,28,1,1,allocated
45,6391,greenran_normal,0,0,65535_65535,0,4,117802,83,1,1,0,14,0,24,1,1,pre_allocation
45,6391,greenran_normal,0,0,65535_65535,0,4,117802,89,1,1,1,15,89,24,1,1,allocated
45,6391,greenran_normal,0,0,65535_65535,0,2,115928,103,1,1,0,14,0,28,1,1,pre_allocation
45,6391,greenran_normal,0,0,65535_65535,0,2,115928,110,1,1,1,15,110,28,1,1,allocated
45,6391,greenran_normal,0,0,65535_65535,0,5,115920,103,1,1,0,14,0,28,1,1,pre_allocation
45,6391,greenran_normal,0,0,65535_65535,0,5,115920,110,1,1,1,15,110,28,1,1,allocated
45,6391,greenran_normal,0,0,65535_65535,0,3,115919,103,1,1,0,14,0,28,1,1,pre_allocation
45,6391,greenran_normal,0,0,65535_65535,0,3,115919,110,1,1,1,15,110,28,1,1,allocated
45,6391,greenran_normal,0,0,65535_65535,0,1,115921,103,1,1,0,14,0,28,1,1,pre_allocation
45,6391,greenran_normal,0,0,65535_65535,0,1,115921,110,1,1,1,15,110,28,1,1,allocated
45,6391,greenran_normal,0,0,65535_65535,0,4,117802,89,1,1,0,15,0,24,1,1,pre_allocation
45,6391,greenran_normal,0,0,65535_65535,0,4,117802,96,1,1,1,16,96,24,1,1,allocated
45,6391,greenran_normal,0,0,65535_65535,0,2,115928,110,1,1,0,15,0,28,1,1,pre_allocation
45,6391,greenran_normal,0,0,65535_65535,0,2,115928,118,1,1,1,16,118,28,1,1,allocated
45,6391,greenran_normal,0,0,65535_65535,0,5,115920,110,1,1,0,15,0,28,1,1,pre_allocation
45,6391,greenran_normal,0,0,65535_65535,0,5,115920,118,1,1,1,16,118,28,1,1,allocated
45,6391,greenran_normal,0,0,65535_65535,0,3,115919,110,1,1,0,15,0,28,1,1,pre_allocation
45,6391,greenran_normal,0,0,65535_65535,0,3,115919,118,1,1,1,16,118,28,1,1,allocated
45,6391,greenran_normal,0,0,65535_65535,0,1,115921,110,1,1,0,15,0,28,1,1,pre_allocation
45,6391,greenran_normal,0,0,65535_65535,0,1,115921,118,1,1,1,16,118,28,1,1,allocated
45,6391,greenran_normal,0,0,65535_65535,0,4,117802,96,1,1,0,16,0,24,1,1,pre_allocation
45,6391,greenran_normal,0,0,65535_65535,0,4,117802,102,1,1,1,17,102,24,1,1,allocated
45,6391,greenran_normal,0,0,65535_65535,0,2,115928,118,1,1,0,16,0,28,1,1,pre_allocation
45,6391,greenran_normal,0,0,65535_65535,0,2,115928,126,1,1,1,17,126,28,1,1,allocated
45,6391,greenran_normal,0,0,65535_65535,0,5,115920,118,1,1,0,16,0,28,1,1,pre_allocation
45,6391,greenran_normal,0,0,65535_65535,0,5,115920,126,1,1,1,17,126,28,1,1,allocated
45,6391,greenran_normal,0,0,65535_65535,0,3,115919,118,1,1,0,16,0,28,1,1,pre_allocation
45,6391,greenran_normal,0,0,65535_65535,0,3,115919,126,1,1,1,17,126,28,1,1,allocated
45,6391,greenran_normal,0,0,65535_65535,0,1,115921,118,1,1,0,16,0,28,1,1,pre_allocation
45,6391,greenran_normal,0,0,65535_65535,0,1,115921,126,1,1,1,17,126,28,1,1,allocated
45,6391,greenran_normal,0,0,65535_65535,0,4,117802,102,1,1,0,17,0,24,1,1,pre_allocation
45,6391,greenran_normal,0,0,65535_65535,0,4,117802,108,1,1,1,18,108,24,1,1,allocated
45,6391,greenran_normal,0,0,65535_65535,0,2,115928,126,1,1,0,17,0,28,1,1,pre_allocation
45,6391,greenran_normal,0,0,65535_65535,0,2,115928,133,1,1,1,18,133,28,1,1,allocated
45,6391,greenran_normal,0,0,65535_65535,0,5,115920,126,1,1,0,17,0,28,1,1,pre_allocation
45,6391,greenran_normal,0,0,65535_65535,0,5,115920,133,1,1,1,18,133,28,1,1,allocated
45,6391,greenran_normal,0,0,65535_65535,0,3,115919,126,1,1,0,17,0,28,1,1,pre_allocation
45,6391,greenran_normal,0,0,65535_65535,0,3,115919,133,1,1,1,18,133,28,1,1,allocated
45,6391,greenran_normal,0,0,65535_65535,0,1,115921,126,1,1,0,17,0,28,1,1,pre_allocation
45,6391,greenran_normal,0,0,65535_65535,0,1,115921,133,1,1,1,18,133,28,1,1,allocated
45,6391,greenran_normal,0,0,65535_65535,0,4,117802,108,1,1,0,18,0,24,1,1,pre_allocation
45,6391,greenran_normal,0,0,65535_65535,0,4,117802,114,1,1,1,19,114,24,1,1,allocated
45,6391,greenran_normal,0,0,65535_65535,0,2,115928,133,1,1,0,18,0,28,1,1,pre_allocation
45,6391,greenran_normal,0,0,65535_65535,0,2,115928,141,1,1,1,19,141,28,1,1,allocated
45,6391,greenran_normal,0,0,65535_65535,0,5,115920,133,1,1,0,18,0,28,1,1,pre_allocation
45,6391,greenran_normal,0,0,65535_65535,0,5,115920,141,1,1,1,19,141,28,1,1,allocated
45,6391,greenran_normal,0,0,65535_65535,0,3,115919,133,1,1,0,18,0,28,1,1,pre_allocation
45,6391,greenran_normal,0,0,65535_65535,0,3,115919,141,1,1,1,19,141,28,1,1,allocated
45,6391,greenran_normal,0,0,65535_65535,0,1,115921,133,1,1,0,18,0,28,1,1,pre_allocation
45,6391,greenran_normal,0,0,65535_65535,0,1,115921,141,1,1,1,19,141,28,1,1,allocated
45,6391,greenran_normal,0,0,65535_65535,0,4,117802,114,1,1,0,19,0,24,1,1,pre_allocation
45,6391,greenran_normal,0,0,65535_65535,0,4,117802,120,1,1,1,20,120,24,1,1,allocated
45,6391,greenran_normal,0,0,65535_65535,0,2,115928,141,1,1,0,19,0,28,1,1,pre_allocation
45,6391,greenran_normal,0,0,65535_65535,0,2,115928,148,1,1,1,20,148,28,1,1,allocated
45,6391,greenran_normal,0,0,65535_65535,0,5,115920,141,1,1,0,19,0,28,1,1,pre_allocation
45,6391,greenran_normal,0,0,65535_65535,0,5,115920,148,1,1,1,20,148,28,1,1,allocated
45,6391,greenran_normal,0,0,65535_65535,0,3,115919,141,1,1,0,19,0,28,1,1,pre_allocation
45,6391,greenran_normal,0,0,65535_65535,0,3,115919,148,1,1,1,20,148,28,1,1,allocated
45,6391,greenran_normal,0,0,65535_65535,0,1,115921,141,1,1,0,19,0,28,1,1,pre_allocation
45,6391,greenran_normal,0,0,65535_65535,0,1,115921,148,1,1,1,20,148,28,1,1,allocated
45,6391,greenran_normal,0,0,65535_65535,0,4,117802,120,1,1,0,20,0,24,1,1,pre_allocation
45,6391,greenran_normal,0,0,65535_65535,0,4,117802,126,1,1,1,21,126,24,1,1,allocated
45,6391,greenran_normal,0,0,65535_65535,0,2,115928,148,1,1,0,20,0,28,1,1,pre_allocation
45,6391,greenran_normal,0,0,65535_65535,0,2,115928,156,1,1,1,21,156,28,1,1,allocated
45,6391,greenran_normal,0,0,65535_65535,0,5,115920,148,1,1,0,20,0,28,1,1,pre_allocation
45,6391,greenran_normal,0,0,65535_65535,0,5,115920,156,1,1,1,21,156,28,1,1,allocated
45,6391,greenran_normal,0,0,65535_65535,0,3,115919,148,1,1,0,20,0,28,1,1,pre_allocation
45,6391,greenran_normal,0,0,65535_65535,0,3,115919,156,1,1,1,21,156,28,1,1,allocated
45,6391,greenran_normal,0,0,65535_65535,0,1,115921,148,1,1,0,20,0,28,1,1,pre_allocation
45,6391,greenran_normal,0,0,65535_65535,0,1,115921,156,1,1,1,21,156,28,1,1,allocated
45,6391,greenran_normal,0,0,65535_65535,0,4,117802,126,1,1,0,21,0,24,1,1,pre_allocation
45,6391,greenran_normal,0,0,65535_65535,0,4,117802,133,1,1,1,22,133,24,1,1,allocated
45,6391,greenran_normal,0,0,65535_65535,0,2,115928,156,1,1,0,21,0,28,1,1,pre_allocation
45,6391,greenran_normal,0,0,65535_65535,0,2,115928,163,1,1,1,22,163,28,1,1,allocated
45,6391,greenran_normal,0,0,65535_65535,0,5,115920,156,1,1,0,21,0,28,1,1,pre_allocation
45,6391,greenran_normal,0,0,65535_65535,0,5,115920,163,1,1,1,22,163,28,1,1,allocated
45,6391,greenran_normal,0,0,65535_65535,0,3,115919,156,1,1,0,21,0,28,1,1,pre_allocation
45,6391,greenran_normal,0,0,65535_65535,0,3,115919,163,1,1,1,22,163,28,1,1,allocated
45,6391,greenran_normal,0,0,65535_65535,0,1,115921,156,1,1,0,21,0,28,1,1,pre_allocation
45,6391,greenran_normal,0,0,65535_65535,0,1,115921,163,1,1,1,22,163,28,1,1,allocated
45,6391,greenran_normal,0,0,65535_65535,0,4,117802,133,1,1,0,22,0,24,1,1,pre_allocation
45,6391,greenran_normal,0,0,65535_65535,0,4,117802,139,1,1,1,23,139,24,1,1,allocated
45,6391,greenran_normal,0,0,65535_65535,0,2,115928,163,1,1,0,22,0,28,1,1,pre_allocation
45,6391,greenran_normal,0,0,65535_65535,0,2,115928,171,1,1,1,23,171,28,1,1,allocated
45,6391,greenran_normal,0,0,65535_65535,0,5,115920,163,1,1,0,22,0,28,1,1,pre_allocation
45,6391,greenran_normal,0,0,65535_65535,0,5,115920,171,1,1,1,23,171,28,1,1,allocated
45,6391,greenran_normal,0,0,65535_65535,0,3,115919,163,1,1,0,22,0,28,1,1,pre_allocation
45,6391,greenran_normal,0,0,65535_65535,0,3,115919,171,1,1,1,23,171,28,1,1,allocated
45,6391,greenran_normal,0,0,65535_65535,0,1,115921,163,1,1,0,22,0,28,1,1,pre_allocation
45,6391,greenran_normal,0,0,65535_65535,0,1,115921,171,1,1,1,23,171,28,1,1,allocated
45,6391,greenran_normal,0,0,65535_65535,0,4,117802,139,1,1,0,23,0,24,1,1,pre_allocation
45,6391,greenran_normal,0,0,65535_65535,0,4,117802,145,1,1,1,24,145,24,1,1,allocated
45,6391,greenran_normal,0,0,65535_65535,0,2,115928,171,1,1,0,23,0,28,1,1,pre_allocation
45,6391,greenran_normal,0,0,65535_65535,0,2,115928,179,1,1,1,24,179,28,1,1,allocated
45,6391,greenran_normal,0,0,65535_65535,0,5,115920,171,1,1,0,23,0,28,1,1,pre_allocation
45,6391,greenran_normal,0,0,65535_65535,0,5,115920,179,1,1,1,24,179,28,1,1,allocated
45,6391,greenran_normal,0,0,65535_65535,0,3,115919,171,1,1,0,23,0,28,1,1,pre_allocation
45,6391,greenran_normal,0,0,65535_65535,0,3,115919,179,1,1,1,24,179,28,1,1,allocated
45,6391,greenran_normal,0,0,65535_65535,0,1,115921,171,1,1,0,23,0,28,1,1,pre_allocation
45,6391,greenran_normal,0,0,65535_65535,0,1,115921,179,1,1,1,24,179,28,1,1,allocated
45,6391,greenran_normal,0,0,65535_65535,0,4,117802,145,1,1,0,24,0,24,1,1,pre_allocation
45,6391,greenran_normal,0,0,65535_65535,0,4,117802,151,1,1,1,25,151,24,1,1,allocated
45,6391,greenran_normal,0,0,65535_65535,0,2,115928,179,1,1,0,24,0,28,1,1,pre_allocation
45,6391,greenran_normal,0,0,65535_65535,0,2,115928,186,1,1,1,25,186,28,1,1,allocated
45,6391,greenran_normal,0,0,65535_65535,0,5,115920,179,1,1,0,24,0,28,1,1,pre_allocation
45,6391,greenran_normal,0,0,65535_65535,0,5,115920,186,1,1,1,25,186,28,1,1,allocated
45,6391,greenran_normal,0,0,65535_65535,0,3,115919,179,1,1,0,24,0,28,1,1,pre_allocation
45,6391,greenran_normal,0,0,65535_65535,0,3,115919,186,1,1,1,25,186,28,1,1,allocated
45,6391,greenran_normal,0,0,65535_65535,0,1,115921,179,1,1,0,24,0,28,1,1,pre_allocation
45,6391,greenran_normal,0,0,65535_65535,0,1,115921,186,1,1,1,25,186,28,1,1,allocated
45,6391,greenran_normal,0,0,65535_65535,0,4,117802,151,1,1,0,25,0,24,1,1,pre_allocation
45,6391,greenran_normal,0,0,65535_65535,0,4,117802,157,1,1,1,26,157,24,1,1,allocated
45,6391,greenran_normal,0,0,65535_65535,0,2,115928,186,1,1,0,25,0,28,1,1,pre_allocation
45,6391,greenran_normal,0,0,65535_65535,0,2,115928,194,1,1,1,26,194,28,1,1,allocated
45,6391,greenran_normal,0,0,65535_65535,0,5,115920,186,1,1,0,25,0,28,1,1,pre_allocation
45,6391,greenran_normal,0,0,65535_65535,0,5,115920,194,1,1,1,26,194,28,1,1,allocated
45,6391,greenran_normal,0,0,65535_65535,0,3,115919,186,1,1,0,25,0,28,1,1,pre_allocation
45,6391,greenran_normal,0,0,65535_65535,0,3,115919,194,1,1,1,26,194,28,1,1,allocated
45,6391,greenran_normal,0,0,65535_65535,0,1,115921,186,1,1,0,25,0,28,1,1,pre_allocation
45,6391,greenran_normal,0,0,65535_65535,0,1,115921,194,1,1,1,26,194,28,1,1,allocated
45,6391,greenran_normal,0,0,65535_65535,2,38,3763286,0,1,1,0,0,0,2,1,1,pre_allocation
45,6391,greenran_normal,0,0,65535_65535,2,38,3763286,0,1,1,1,1,0,2,1,1,allocated
45,6391,greenran_normal,0,0,65535_65535,2,60,3762999,0,1,1,0,0,0,12,1,1,pre_allocation
45,6391,greenran_normal,0,0,65535_65535,2,60,3762999,2,1,1,1,1,2,12,1,1,allocated
45,6391,greenran_normal,0,0,65535_65535,2,64,3762773,0,1,1,0,0,0,14,1,1,pre_allocation
45,6391,greenran_normal,0,0,65535_65535,2,64,3762773,2,1,1,1,1,2,14,1,1,allocated
45,6391,greenran_normal,0,0,65535_65535,2,43,3762301,0,1,1,0,0,0,24,1,1,pre_allocation
45,6391,greenran_normal,0,0,65535_65535,2,43,3762301,3,1,1,1,1,3,24,1,1,allocated
45,6391,greenran_normal,0,0,65535_65535,2,42,3761962,0,1,1,0,0,0,20,1,1,pre_allocation
45,6391,greenran_normal,0,0,65535_65535,2,42,3761962,1,1,1,1,1,1,20,1,1,allocated
45,6391,greenran_normal,0,0,65535_65535,2,36,3761600,0,1,1,0,0,0,24,1,1,pre_allocation
45,6391,greenran_normal,0,0,65535_65535,2,36,3761600,3,1,1,1,1,3,24,1,1,allocated
45,6391,greenran_normal,0,0,65535_65535,2,59,3761534,0,1,1,0,0,0,28,1,1,pre_allocation
45,6391,greenran_normal,0,0,65535_65535,2,59,3761534,4,1,1,1,1,4,28,1,1,allocated
45,6391,greenran_normal,0,0,65535_65535,2,58,3761562,0,1,1,0,0,0,26,1,1,pre_allocation
45,6391,greenran_normal,0,0,65535_65535,2,58,3761562,4,1,1,1,1,4,26,1,1,allocated
45,6391,greenran_normal,0,0,65535_65535,2,39,3761497,0,1,1,0,0,0,26,1,1,pre_allocation
45,6391,greenran_normal,0,0,65535_65535,2,39,3761497,4,1,1,1,1,4,26,1,1,allocated
45,6391,greenran_normal,0,0,65535_65535,2,44,3761490,0,1,1,0,0,0,28,1,1,pre_allocation
45,6391,greenran_normal,0,0,65535_65535,2,44,3761490,4,1,1,1,1,4,28,1,1,allocated
45,6391,greenran_normal,0,0,65535_65535,2,55,3761490,0,1,1,0,0,0,28,1,1,pre_allocation
45,6391,greenran_normal,0,0,65535_65535,2,55,3761490,4,1,1,1,1,4,28,1,1,allocated
45,6391,greenran_normal,0,0,65535_65535,2,35,3761489,0,1,1,0,0,0,28,1,1,pre_allocation
45,6391,greenran_normal,0,0,65535_65535,2,35,3761489,4,1,1,1,1,4,28,1,1,allocated
45,6391,greenran_normal,0,0,65535_65535,2,37,3761492,0,1,1,0,0,0,28,1,1,pre_allocation
45,6391,greenran_normal,0,0,65535_65535,2,37,3761492,4,1,1,1,1,4,28,1,1,allocated
45,6391,greenran_normal,0,0,65535_65535,2,41,3761492,0,1,1,0,0,0,28,1,1,pre_allocation
45,6391,greenran_normal,0,0,65535_65535,2,41,3761492,4,1,1,1,1,4,28,1,1,allocated
45,6391,greenran_normal,0,0,65535_65535,2,56,3761489,0,1,1,0,0,0,28,1,1,pre_allocation
45,6391,greenran_normal,0,0,65535_65535,2,56,3761489,4,1,1,1,1,4,28,1,1,allocated
45,6391,greenran_normal,0,0,65535_65535,2,57,3761489,0,1,1,0,0,0,28,1,1,pre_allocation
45,6391,greenran_normal,0,0,65535_65535,2,57,3761489,4,1,1,1,1,4,28,1,1,allocated
45,6391,greenran_normal,0,0,65535_65535,2,40,3761491,0,1,1,0,0,0,28,1,1,pre_allocation
45,6391,greenran_normal,0,0,65535_65535,2,40,3761491,4,1,1,1,1,4,28,1,1,allocated
45,6391,greenran_normal,0,0,65535_65535,2,63,3761487,0,1,1,0,0,0,28,1,1,pre_allocation
45,6391,greenran_normal,0,0,65535_65535,2,63,3761487,4,1,1,1,1,4,28,1,1,allocated
45,6391,greenran_normal,0,0,65535_65535,2,62,3761487,0,1,1,0,0,0,28,1,1,pre_allocation
45,6391,greenran_normal,0,0,65535_65535,2,62,3761487,4,1,1,1,1,4,28,1,1,allocated
45,6391,greenran_normal,0,0,65535_65535,2,61,3761486,0,1,1,0,0,0,28,1,1,pre_allocation
45,6391,greenran_normal,0,0,65535_65535,2,61,3761486,4,1,1,1,1,4,28,1,1,allocated
45,6391,greenran_normal,0,0,65535_65535,2,38,3763286,0,1,1,0,1,0,2,1,1,pre_allocation
45,6391,greenran_normal,0,0,65535_65535,2,38,3763286,0,1,1,1,2,0,2,1,1,allocated
45,6391,greenran_normal,0,0,65535_65535,2,60,3762999,2,1,1,0,1,0,12,1,1,pre_allocation
45,6391,greenran_normal,0,0,65535_65535,2,60,3762999,1,1,1,1,2,1,12,1,1,allocated
45,6391,greenran_normal,0,0,65535_65535,2,64,3762773,2,1,1,0,1,0,14,1,1,pre_allocation
45,6391,greenran_normal,0,0,65535_65535,2,64,3762773,2,1,1,1,2,2,14,1,1,allocated
45,6391,greenran_normal,0,0,65535_65535,2,43,3762301,3,1,1,0,1,0,24,1,1,pre_allocation
45,6391,greenran_normal,0,0,65535_65535,2,43,3762301,9,1,1,1,2,9,24,1,1,allocated
45,6391,greenran_normal,0,0,65535_65535,2,42,3761962,1,1,1,0,1,0,20,1,1,pre_allocation
45,6391,greenran_normal,0,0,65535_65535,2,42,3761962,6,1,1,1,2,6,20,1,1,allocated
45,6391,greenran_normal,0,0,65535_65535,2,36,3761600,3,1,1,0,1,0,24,1,1,pre_allocation
45,6391,greenran_normal,0,0,65535_65535,2,36,3761600,9,1,1,1,2,9,24,1,1,allocated
45,6391,greenran_normal,0,0,65535_65535,2,59,3761534,4,1,1,0,1,0,28,1,1,pre_allocation
45,6391,greenran_normal,0,0,65535_65535,2,59,3761534,12,1,1,1,2,12,28,1,1,allocated
45,6391,greenran_normal,0,0,65535_65535,2,58,3761562,4,1,1,0,1,0,26,1,1,pre_allocation
45,6391,greenran_normal,0,0,65535_65535,2,58,3761562,11,1,1,1,2,11,26,1,1,allocated
45,6391,greenran_normal,0,0,65535_65535,2,39,3761497,4,1,1,0,1,0,26,1,1,pre_allocation
45,6391,greenran_normal,0,0,65535_65535,2,39,3761497,11,1,1,1,2,11,26,1,1,allocated
45,6391,greenran_normal,0,0,65535_65535,2,44,3761490,4,1,1,0,1,0,28,1,1,pre_allocation
45,6391,greenran_normal,0,0,65535_65535,2,44,3761490,12,1,1,1,2,12,28,1,1,allocated
45,6391,greenran_normal,0,0,65535_65535,2,55,3761490,4,1,1,0,1,0,28,1,1,pre_allocation
45,6391,greenran_normal,0,0,65535_65535,2,55,3761490,12,1,1,1,2,12,28,1,1,allocated
45,6391,greenran_normal,0,0,65535_65535,2,35,3761489,4,1,1,0,1,0,28,1,1,pre_allocation
45,6391,greenran_normal,0,0,65535_65535,2,35,3761489,12,1,1,1,2,12,28,1,1,allocated
45,6391,greenran_normal,0,0,65535_65535,2,37,3761492,4,1,1,0,1,0,28,1,1,pre_allocation
45,6391,greenran_normal,0,0,65535_65535,2,37,3761492,12,1,1,1,2,12,28,1,1,allocated
45,6391,greenran_normal,0,0,65535_65535,2,41,3761492,4,1,1,0,1,0,28,1,1,pre_allocation
45,6391,greenran_normal,0,0,65535_65535,2,41,3761492,12,1,1,1,2,12,28,1,1,allocated
45,6391,greenran_normal,0,0,65535_65535,2,56,3761489,4,1,1,0,1,0,28,1,1,pre_allocation
45,6391,greenran_normal,0,0,65535_65535,2,56,3761489,12,1,1,1,2,12,28,1,1,allocated
45,6391,greenran_normal,0,0,65535_65535,2,57,3761489,4,1,1,0,1,0,28,1,1,pre_allocation
45,6391,greenran_normal,0,0,65535_65535,2,57,3761489,12,1,1,1,2,12,28,1,1,allocated
45,6391,greenran_normal,0,0,65535_65535,2,40,3761491,4,1,1,0,1,0,28,1,1,pre_allocation
45,6391,greenran_normal,0,0,65535_65535,2,40,3761491,12,1,1,1,2,12,28,1,1,allocated
45,6391,greenran_normal,0,0,65535_65535,2,63,3761487,4,1,1,0,1,0,28,1,1,pre_allocation
45,6391,greenran_normal,0,0,65535_65535,2,63,3761487,12,1,1,1,2,12,28,1,1,allocated
45,6391,greenran_normal,0,0,65535_65535,2,62,3761487,4,1,1,0,1,0,28,1,1,pre_allocation
45,6391,greenran_normal,0,0,65535_65535,2,62,3761487,12,1,1,1,2,12,28,1,1,allocated
45,6391,greenran_normal,0,0,65535_65535,2,61,3761486,4,1,1,0,1,0,28,1,1,pre_allocation
45,6391,greenran_normal,0,0,65535_65535,2,61,3761486,12,1,1,1,2,12,28,1,1,allocated
45,6391,greenran_normal,0,0,65535_65535,2,38,3763286,0,1,1,0,2,0,2,1,1,pre_allocation
45,6391,greenran_normal,0,0,65535_65535,2,38,3763286,0,1,1,1,3,0,2,1,1,allocated
45,6391,greenran_normal,0,0,65535_65535,2,60,3762999,1,1,1,0,2,0,12,1,1,pre_allocation
45,6391,greenran_normal,0,0,65535_65535,2,60,3762999,3,1,1,1,3,3,12,1,1,allocated
45,6391,greenran_normal,0,0,65535_65535,2,64,3762773,2,1,1,0,2,0,14,1,1,pre_allocation
45,6391,greenran_normal,0,0,65535_65535,2,64,3762773,4,1,1,1,3,4,14,1,1,allocated
45,6391,greenran_normal,0,0,65535_65535,2,43,3762301,9,1,1,0,2,0,24,1,1,pre_allocation
45,6391,greenran_normal,0,0,65535_65535,2,43,3762301,15,1,1,1,3,15,24,1,1,allocated
45,6391,greenran_normal,0,0,65535_65535,2,42,3761962,6,1,1,0,2,0,20,1,1,pre_allocation
45,6391,greenran_normal,0,0,65535_65535,2,42,3761962,10,1,1,1,3,10,20,1,1,allocated
45,6391,greenran_normal,0,0,65535_65535,2,36,3761600,9,1,1,0,2,0,24,1,1,pre_allocation
45,6391,greenran_normal,0,0,65535_65535,2,36,3761600,15,1,1,1,3,15,24,1,1,allocated
45,6391,greenran_normal,0,0,65535_65535,2,59,3761534,12,1,1,0,2,0,28,1,1,pre_allocation
45,6391,greenran_normal,0,0,65535_65535,2,59,3761534,19,1,1,1,3,19,28,1,1,allocated
45,6391,greenran_normal,0,0,65535_65535,2,58,3761562,11,1,1,0,2,0,26,1,1,pre_allocation
45,6391,greenran_normal,0,0,65535_65535,2,58,3761562,18,1,1,1,3,18,26,1,1,allocated
45,6391,greenran_normal,0,0,65535_65535,2,39,3761497,11,1,1,0,2,0,26,1,1,pre_allocation
45,6391,greenran_normal,0,0,65535_65535,2,39,3761497,18,1,1,1,3,18,26,1,1,allocated
45,6391,greenran_normal,0,0,65535_65535,2,44,3761490,12,1,1,0,2,0,28,1,1,pre_allocation
45,6391,greenran_normal,0,0,65535_65535,2,44,3761490,19,1,1,1,3,19,28,1,1,allocated
45,6391,greenran_normal,0,0,65535_65535,2,55,3761490,12,1,1,0,2,0,28,1,1,pre_allocation
45,6391,greenran_normal,0,0,65535_65535,2,55,3761490,19,1,1,1,3,19,28,1,1,allocated
45,6391,greenran_normal,0,0,65535_65535,2,35,3761489,12,1,1,0,2,0,28,1,1,pre_allocation
45,6391,greenran_normal,0,0,65535_65535,2,35,3761489,19,1,1,1,3,19,28,1,1,allocated
45,6391,greenran_normal,0,0,65535_65535,2,37,3761492,12,1,1,0,2,0,28,1,1,pre_allocation
45,6391,greenran_normal,0,0,65535_65535,2,37,3761492,19,1,1,1,3,19,28,1,1,allocated
45,6391,greenran_normal,0,0,65535_65535,2,41,3761492,12,1,1,0,2,0,28,1,1,pre_allocation
45,6391,greenran_normal,0,0,65535_65535,2,41,3761492,19,1,1,1,3,19,28,1,1,allocated
45,6391,greenran_normal,0,0,65535_65535,2,56,3761489,12,1,1,0,2,0,28,1,1,pre_allocation
45,6391,greenran_normal,0,0,65535_65535,2,56,3761489,19,1,1,1,3,19,28,1,1,allocated
45,6391,greenran_normal,0,0,65535_65535,2,57,3761489,12,1,1,0,2,0,28,1,1,pre_allocation
45,6391,greenran_normal,0,0,65535_65535,2,57,3761489,19,1,1,1,3,19,28,1,1,allocated
45,6391,greenran_normal,0,0,65535_65535,2,40,3761491,12,1,1,0,2,0,28,1,1,pre_allocation
45,6391,greenran_normal,0,0,65535_65535,2,40,3761491,19,1,1,1,3,19,28,1,1,allocated
45,6391,greenran_normal,0,0,65535_65535,2,63,3761487,12,1,1,0,2,0,28,1,1,pre_allocation
45,6391,greenran_normal,0,0,65535_65535,2,63,3761487,19,1,1,1,3,19,28,1,1,allocated
45,6391,greenran_normal,0,0,65535_65535,2,62,3761487,12,1,1,0,2,0,28,1,1,pre_allocation
45,6391,greenran_normal,0,0,65535_65535,2,62,3761487,19,1,1,1,3,19,28,1,1,allocated
45,6391,greenran_normal,0,0,65535_65535,2,61,3761486,12,1,1,0,2,0,28,1,1,pre_allocation
45,6391,greenran_normal,0,0,65535_65535,2,61,3761486,19,1,1,1,3,19,28,1,1,allocated
45,6391,greenran_normal,0,0,65535_65535,2,38,3763286,0,1,1,0,3,0,2,1,1,pre_allocation
45,6391,greenran_normal,0,0,65535_65535,2,38,3763286,1,1,1,1,4,1,2,1,1,allocated
45,6391,greenran_normal,0,0,65535_65535,2,60,3762999,3,1,1,0,3,0,12,1,1,pre_allocation
45,6391,greenran_normal,0,0,65535_65535,2,60,3762999,5,1,1,1,4,5,12,1,1,allocated
45,6391,greenran_normal,0,0,65535_65535,2,64,3762773,4,1,1,0,3,0,14,1,1,pre_allocation
45,6391,greenran_normal,0,0,65535_65535,2,64,3762773,7,1,1,1,4,7,14,1,1,allocated
45,6391,greenran_normal,0,0,65535_65535,2,43,3762301,15,1,1,0,3,0,24,1,1,pre_allocation
45,6391,greenran_normal,0,0,65535_65535,2,43,3762301,21,1,1,1,4,21,24,1,1,allocated
45,6391,greenran_normal,0,0,65535_65535,2,42,3761962,10,1,1,0,3,0,20,1,1,pre_allocation
45,6391,greenran_normal,0,0,65535_65535,2,42,3761962,15,1,1,1,4,15,20,1,1,allocated
45,6391,greenran_normal,0,0,65535_65535,2,36,3761600,15,1,1,0,3,0,24,1,1,pre_allocation
45,6391,greenran_normal,0,0,65535_65535,2,36,3761600,21,1,1,1,4,21,24,1,1,allocated
45,6391,greenran_normal,0,0,65535_65535,2,59,3761534,19,1,1,0,3,0,28,1,1,pre_allocation
45,6391,greenran_normal,0,0,65535_65535,2,59,3761534,27,1,1,1,4,27,28,1,1,allocated
45,6391,greenran_normal,0,0,65535_65535,2,58,3761562,18,1,1,0,3,0,26,1,1,pre_allocation
45,6391,greenran_normal,0,0,65535_65535,2,58,3761562,25,1,1,1,4,25,26,1,1,allocated
45,6391,greenran_normal,0,0,65535_65535,2,39,3761497,18,1,1,0,3,0,26,1,1,pre_allocation
45,6391,greenran_normal,0,0,65535_65535,2,39,3761497,25,1,1,1,4,25,26,1,1,allocated
45,6391,greenran_normal,0,0,65535_65535,2,44,3761490,19,1,1,0,3,0,28,1,1,pre_allocation
45,6391,greenran_normal,0,0,65535_65535,2,44,3761490,27,1,1,1,4,27,28,1,1,allocated
45,6391,greenran_normal,0,0,65535_65535,2,55,3761490,19,1,1,0,3,0,28,1,1,pre_allocation
45,6391,greenran_normal,0,0,65535_65535,2,55,3761490,27,1,1,1,4,27,28,1,1,allocated
45,6391,greenran_normal,0,0,65535_65535,2,35,3761489,19,1,1,0,3,0,28,1,1,pre_allocation
45,6391,greenran_normal,0,0,65535_65535,2,35,3761489,27,1,1,1,4,27,28,1,1,allocated
45,6391,greenran_normal,0,0,65535_65535,2,37,3761492,19,1,1,0,3,0,28,1,1,pre_allocation
45,6391,greenran_normal,0,0,65535_65535,2,37,3761492,27,1,1,1,4,27,28,1,1,allocated
45,6391,greenran_normal,0,0,65535_65535,2,41,3761492,19,1,1,0,3,0,28,1,1,pre_allocation
45,6391,greenran_normal,0,0,65535_65535,2,41,3761492,27,1,1,1,4,27,28,1,1,allocated
45,6391,greenran_normal,0,0,65535_65535,2,56,3761489,19,1,1,0,3,0,28,1,1,pre_allocation
45,6391,greenran_normal,0,0,65535_65535,2,56,3761489,27,1,1,1,4,27,28,1,1,allocated
45,6391,greenran_normal,0,0,65535_65535,2,57,3761489,19,1,1,0,3,0,28,1,1,pre_allocation
45,6391,greenran_normal,0,0,65535_65535,2,57,3761489,27,1,1,1,4,27,28,1,1,allocated
45,6391,greenran_normal,0,0,65535_65535,2,40,3761491,19,1,1,0,3,0,28,1,1,pre_allocation
45,6391,greenran_normal,0,0,65535_65535,2,40,3761491,27,1,1,1,4,27,28,1,1,allocated
45,6391,greenran_normal,0,0,65535_65535,2,63,3761487,19,1,1,0,3,0,28,1,1,pre_allocation
45,6391,greenran_normal,0,0,65535_65535,2,63,3761487,27,1,1,1,4,27,28,1,1,allocated
45,6391,greenran_normal,0,0,65535_65535,2,62,3761487,19,1,1,0,3,0,28,1,1,pre_allocation
45,6391,greenran_normal,0,0,65535_65535,2,62,3761487,27,1,1,1,4,27,28,1,1,allocated
45,6391,greenran_normal,0,0,65535_65535,2,61,3761486,19,1,1,0,3,0,28,1,1,pre_allocation
45,6391,greenran_normal,0,0,65535_65535,2,61,3761486,27,1,1,1,4,27,28,1,1,allocated
45,6391,greenran_normal,0,0,65535_65535,2,38,3763286,1,1,1,0,4,0,2,1,1,pre_allocation
45,6391,greenran_normal,0,0,65535_65535,2,38,3763286,1,1,1,1,5,1,2,1,1,allocated
45,6391,greenran_normal,0,0,65535_65535,2,60,3762999,5,1,1,0,4,0,12,1,1,pre_allocation
45,6391,greenran_normal,0,0,65535_65535,2,60,3762999,7,1,1,1,5,7,12,1,1,allocated
45,6391,greenran_normal,0,0,65535_65535,2,64,3762773,7,1,1,0,4,0,14,1,1,pre_allocation
45,6391,greenran_normal,0,0,65535_65535,2,64,3762773,10,1,1,1,5,10,14,1,1,allocated
45,6391,greenran_normal,0,0,65535_65535,2,43,3762301,21,1,1,0,4,0,24,1,1,pre_allocation
45,6391,greenran_normal,0,0,65535_65535,2,43,3762301,27,1,1,1,5,27,24,1,1,allocated
45,6391,greenran_normal,0,0,65535_65535,2,42,3761962,15,1,1,0,4,0,20,1,1,pre_allocation
45,6391,greenran_normal,0,0,65535_65535,2,42,3761962,19,1,1,1,5,19,20,1,1,allocated
45,6391,greenran_normal,0,0,65535_65535,2,36,3761600,21,1,1,0,4,0,24,1,1,pre_allocation
45,6391,greenran_normal,0,0,65535_65535,2,36,3761600,27,1,1,1,5,27,24,1,1,allocated
45,6391,greenran_normal,0,0,65535_65535,2,59,3761534,27,1,1,0,4,0,28,1,1,pre_allocation
45,6391,greenran_normal,0,0,65535_65535,2,59,3761534,34,1,1,1,5,34,28,1,1,allocated
45,6391,greenran_normal,0,0,65535_65535,2,58,3761562,25,1,1,0,4,0,26,1,1,pre_allocation
45,6391,greenran_normal,0,0,65535_65535,2,58,3761562,32,1,1,1,5,32,26,1,1,allocated
45,6391,greenran_normal,0,0,65535_65535,2,39,3761497,25,1,1,0,4,0,26,1,1,pre_allocation
45,6391,greenran_normal,0,0,65535_65535,2,39,3761497,32,1,1,1,5,32,26,1,1,allocated
45,6391,greenran_normal,0,0,65535_65535,2,44,3761490,27,1,1,0,4,0,28,1,1,pre_allocation
45,6391,greenran_normal,0,0,65535_65535,2,44,3761490,34,1,1,1,5,34,28,1,1,allocated
45,6391,greenran_normal,0,0,65535_65535,2,55,3761490,27,1,1,0,4,0,28,1,1,pre_allocation
45,6391,greenran_normal,0,0,65535_65535,2,55,3761490,34,1,1,1,5,34,28,1,1,allocated
45,6391,greenran_normal,0,0,65535_65535,2,35,3761489,27,1,1,0,4,0,28,1,1,pre_allocation
45,6391,greenran_normal,0,0,65535_65535,2,35,3761489,34,1,1,1,5,34,28,1,1,allocated
45,6391,greenran_normal,0,0,65535_65535,2,37,3761492,27,1,1,0,4,0,28,1,1,pre_allocation
45,6391,greenran_normal,0,0,65535_65535,2,37,3761492,34,1,1,1,5,34,28,1,1,allocated
45,6391,greenran_normal,0,0,65535_65535,2,41,3761492,27,1,1,0,4,0,28,1,1,pre_allocation
45,6391,greenran_normal,0,0,65535_65535,2,41,3761492,34,1,1,1,5,34,28,1,1,allocated
45,6391,greenran_normal,0,0,65535_65535,2,56,3761489,27,1,1,0,4,0,28,1,1,pre_allocation
45,6391,greenran_normal,0,0,65535_65535,2,56,3761489,34,1,1,1,5,34,28,1,1,allocated
45,6391,greenran_normal,0,0,65535_65535,2,57,3761489,27,1,1,0,4,0,28,1,1,pre_allocation
45,6391,greenran_normal,0,0,65535_65535,2,57,3761489,34,1,1,1,5,34,28,1,1,allocated
45,6391,greenran_normal,0,0,65535_65535,2,40,3761491,27,1,1,0,4,0,28,1,1,pre_allocation
45,6391,greenran_normal,0,0,65535_65535,2,40,3761491,34,1,1,1,5,34,28,1,1,allocated
45,6391,greenran_normal,0,0,65535_65535,2,63,3761487,27,1,1,0,4,0,28,1,1,pre_allocation
45,6391,greenran_normal,0,0,65535_65535,2,63,3761487,34,1,1,1,5,34,28,1,1,allocated
45,6391,greenran_normal,0,0,65535_65535,2,62,3761487,27,1,1,0,4,0,28,1,1,pre_allocation
45,6391,greenran_normal,0,0,65535_65535,2,62,3761487,34,1,1,1,5,34,28,1,1,allocated
45,6391,greenran_normal,0,0,65535_65535,2,61,3761486,27,1,1,0,4,0,28,1,1,pre_allocation
45,6391,greenran_normal,0,0,65535_65535,2,61,3761486,34,1,1,1,5,34,28,1,1,allocated
45,6391,greenran_normal,0,0,65535_65535,2,38,3763286,1,1,1,0,5,0,2,1,1,pre_allocation
45,6391,greenran_normal,0,0,65535_65535,2,38,3763286,1,1,1,1,6,1,2,1,1,allocated
45,6391,greenran_normal,0,0,65535_65535,2,60,3762999,7,1,1,0,5,0,12,1,1,pre_allocation
45,6391,greenran_normal,0,0,65535_65535,2,60,3762999,9,1,1,1,6,9,12,1,1,allocated
45,6391,greenran_normal,0,0,65535_65535,2,64,3762773,10,1,1,0,5,0,14,1,1,pre_allocation
45,6391,greenran_normal,0,0,65535_65535,2,64,3762773,12,1,1,1,6,12,14,1,1,allocated
45,6391,greenran_normal,0,0,65535_65535,2,43,3762301,27,1,1,0,5,0,24,1,1,pre_allocation
45,6391,greenran_normal,0,0,65535_65535,2,43,3762301,34,1,1,1,6,34,24,1,1,allocated
45,6391,greenran_normal,0,0,65535_65535,2,42,3761962,19,1,1,0,5,0,20,1,1,pre_allocation
45,6391,greenran_normal,0,0,65535_65535,2,42,3761962,24,1,1,1,6,24,20,1,1,allocated
45,6391,greenran_normal,0,0,65535_65535,2,36,3761600,27,1,1,0,5,0,24,1,1,pre_allocation
45,6391,greenran_normal,0,0,65535_65535,2,36,3761600,34,1,1,1,6,34,24,1,1,allocated
45,6391,greenran_normal,0,0,65535_65535,2,59,3761534,34,1,1,0,5,0,28,1,1,pre_allocation
45,6391,greenran_normal,0,0,65535_65535,2,59,3761534,42,1,1,1,6,42,28,1,1,allocated
45,6391,greenran_normal,0,0,65535_65535,2,58,3761562,32,1,1,0,5,0,26,1,1,pre_allocation
45,6391,greenran_normal,0,0,65535_65535,2,58,3761562,39,1,1,1,6,39,26,1,1,allocated
45,6391,greenran_normal,0,0,65535_65535,2,39,3761497,32,1,1,0,5,0,26,1,1,pre_allocation
45,6391,greenran_normal,0,0,65535_65535,2,39,3761497,39,1,1,1,6,39,26,1,1,allocated
45,6391,greenran_normal,0,0,65535_65535,2,44,3761490,34,1,1,0,5,0,28,1,1,pre_allocation
45,6391,greenran_normal,0,0,65535_65535,2,44,3761490,42,1,1,1,6,42,28,1,1,allocated
45,6391,greenran_normal,0,0,65535_65535,2,55,3761490,34,1,1,0,5,0,28,1,1,pre_allocation
45,6391,greenran_normal,0,0,65535_65535,2,55,3761490,42,1,1,1,6,42,28,1,1,allocated
45,6391,greenran_normal,0,0,65535_65535,2,35,3761489,34,1,1,0,5,0,28,1,1,pre_allocation
45,6391,greenran_normal,0,0,65535_65535,2,35,3761489,42,1,1,1,6,42,28,1,1,allocated
45,6391,greenran_normal,0,0,65535_65535,2,37,3761492,34,1,1,0,5,0,28,1,1,pre_allocation
45,6391,greenran_normal,0,0,65535_65535,2,37,3761492,42,1,1,1,6,42,28,1,1,allocated
45,6391,greenran_normal,0,0,65535_65535,2,41,3761492,34,1,1,0,5,0,28,1,1,pre_allocation
45,6391,greenran_normal,0,0,65535_65535,2,41,3761492,42,1,1,1,6,42,28,1,1,allocated
45,6391,greenran_normal,0,0,65535_65535,2,56,3761489,34,1,1,0,5,0,28,1,1,pre_allocation
45,6391,greenran_normal,0,0,65535_65535,2,56,3761489,42,1,1,1,6,42,28,1,1,allocated
45,6391,greenran_normal,0,0,65535_65535,2,57,3761489,34,1,1,0,5,0,28,1,1,pre_allocation
45,6391,greenran_normal,0,0,65535_65535,2,57,3761489,42,1,1,1,6,42,28,1,1,allocated
45,6391,greenran_normal,0,0,65535_65535,2,40,3761491,34,1,1,0,5,0,28,1,1,pre_allocation
45,6391,greenran_normal,0,0,65535_65535,2,40,3761491,42,1,1,1,6,42,28,1,1,allocated
45,6391,greenran_normal,0,0,65535_65535,2,63,3761487,34,1,1,0,5,0,28,1,1,pre_allocation
45,6391,greenran_normal,0,0,65535_65535,2,63,3761487,42,1,1,1,6,42,28,1,1,allocated
45,6391,greenran_normal,0,0,65535_65535,2,62,3761487,34,1,1,0,5,0,28,1,1,pre_allocation
45,6391,greenran_normal,0,0,65535_65535,2,62,3761487,42,1,1,1,6,42,28,1,1,allocated
45,6391,greenran_normal,0,0,65535_65535,2,61,3761486,34,1,1,0,5,0,28,1,1,pre_allocation
45,6391,greenran_normal,0,0,65535_65535,2,61,3761486,42,1,1,1,6,42,28,1,1,allocated
45,6391,greenran_normal,0,0,65535_65535,2,38,3763286,1,1,1,0,6,0,2,1,1,pre_allocation
45,6391,greenran_normal,0,0,65535_65535,2,38,3763286,2,1,1,1,7,2,2,1,1,allocated
45,6391,greenran_normal,0,0,65535_65535,2,60,3762999,9,1,1,0,6,0,12,1,1,pre_allocation
45,6391,greenran_normal,0,0,65535_65535,2,60,3762999,11,1,1,1,7,11,12,1,1,allocated
45,6391,greenran_normal,0,0,65535_65535,2,64,3762773,12,1,1,0,6,0,14,1,1,pre_allocation
45,6391,greenran_normal,0,0,65535_65535,2,64,3762773,15,1,1,1,7,15,14,1,1,allocated
45,6391,greenran_normal,0,0,65535_65535,2,43,3762301,34,1,1,0,6,0,24,1,1,pre_allocation
45,6391,greenran_normal,0,0,65535_65535,2,43,3762301,40,1,1,1,7,40,24,1,1,allocated
45,6391,greenran_normal,0,0,65535_65535,2,42,3761962,24,1,1,0,6,0,20,1,1,pre_allocation
45,6391,greenran_normal,0,0,65535_65535,2,42,3761962,28,1,1,1,7,28,20,1,1,allocated
45,6391,greenran_normal,0,0,65535_65535,2,36,3761600,34,1,1,0,6,0,24,1,1,pre_allocation
45,6391,greenran_normal,0,0,65535_65535,2,36,3761600,40,1,1,1,7,40,24,1,1,allocated
45,6391,greenran_normal,0,0,65535_65535,2,59,3761534,42,1,1,0,6,0,28,1,1,pre_allocation
45,6391,greenran_normal,0,0,65535_65535,2,59,3761534,50,1,1,1,7,50,28,1,1,allocated
45,6391,greenran_normal,0,0,65535_65535,2,58,3761562,39,1,1,0,6,0,26,1,1,pre_allocation
45,6391,greenran_normal,0,0,65535_65535,2,58,3761562,46,1,1,1,7,46,26,1,1,allocated
45,6391,greenran_normal,0,0,65535_65535,2,39,3761497,39,1,1,0,6,0,26,1,1,pre_allocation
45,6391,greenran_normal,0,0,65535_65535,2,39,3761497,46,1,1,1,7,46,26,1,1,allocated
45,6391,greenran_normal,0,0,65535_65535,2,44,3761490,42,1,1,0,6,0,28,1,1,pre_allocation
45,6391,greenran_normal,0,0,65535_65535,2,44,3761490,50,1,1,1,7,50,28,1,1,allocated
45,6391,greenran_normal,0,0,65535_65535,2,55,3761490,42,1,1,0,6,0,28,1,1,pre_allocation
45,6391,greenran_normal,0,0,65535_65535,2,55,3761490,50,1,1,1,7,50,28,1,1,allocated
45,6391,greenran_normal,0,0,65535_65535,2,35,3761489,42,1,1,0,6,0,28,1,1,pre_allocation
45,6391,greenran_normal,0,0,65535_65535,2,35,3761489,50,1,1,1,7,50,28,1,1,allocated
45,6391,greenran_normal,0,0,65535_65535,2,37,3761492,42,1,1,0,6,0,28,1,1,pre_allocation
45,6391,greenran_normal,0,0,65535_65535,2,37,3761492,50,1,1,1,7,50,28,1,1,allocated
45,6391,greenran_normal,0,0,65535_65535,2,41,3761492,42,1,1,0,6,0,28,1,1,pre_allocation
45,6391,greenran_normal,0,0,65535_65535,2,41,3761492,50,1,1,1,7,50,28,1,1,allocated
45,6391,greenran_normal,0,0,65535_65535,2,56,3761489,42,1,1,0,6,0,28,1,1,pre_allocation
45,6391,greenran_normal,0,0,65535_65535,2,56,3761489,50,1,1,1,7,50,28,1,1,allocated
45,6391,greenran_normal,0,0,65535_65535,2,57,3761489,42,1,1,0,6,0,28,1,1,pre_allocation
45,6391,greenran_normal,0,0,65535_65535,2,57,3761489,50,1,1,1,7,50,28,1,1,allocated
47,6512,greenran_normal,0,0,65535_65535,0,4,119993,0,1,1,0,0,0,24,1,1,pre_allocation
47,6512,greenran_normal,0,0,65535_65535,0,4,119993,3,1,1,1,1,3,24,1,1,allocated
47,6512,greenran_normal,0,0,65535_65535,0,2,118042,0,1,1,0,0,0,28,1,1,pre_allocation
47,6512,greenran_normal,0,0,65535_65535,0,2,118042,4,1,1,1,1,4,28,1,1,allocated
47,6512,greenran_normal,0,0,65535_65535,0,5,118034,0,1,1,0,0,0,28,1,1,pre_allocation
47,6512,greenran_normal,0,0,65535_65535,0,5,118034,4,1,1,1,1,4,28,1,1,allocated
47,6512,greenran_normal,0,0,65535_65535,0,3,118033,0,1,1,0,0,0,28,1,1,pre_allocation
47,6512,greenran_normal,0,0,65535_65535,0,3,118033,4,1,1,1,1,4,28,1,1,allocated
47,6512,greenran_normal,0,0,65535_65535,0,1,118035,0,1,1,0,0,0,28,1,1,pre_allocation
47,6512,greenran_normal,0,0,65535_65535,0,1,118035,4,1,1,1,1,4,28,1,1,allocated
47,6512,greenran_normal,0,0,65535_65535,0,4,119993,3,1,1,0,1,0,24,1,1,pre_allocation
47,6512,greenran_normal,0,0,65535_65535,0,4,119993,9,1,1,1,2,9,24,1,1,allocated
47,6512,greenran_normal,0,0,65535_65535,0,2,118042,4,1,1,0,1,0,28,1,1,pre_allocation
47,6512,greenran_normal,0,0,65535_65535,0,2,118042,12,1,1,1,2,12,28,1,1,allocated
47,6512,greenran_normal,0,0,65535_65535,0,5,118034,4,1,1,0,1,0,28,1,1,pre_allocation
47,6512,greenran_normal,0,0,65535_65535,0,5,118034,12,1,1,1,2,12,28,1,1,allocated
47,6512,greenran_normal,0,0,65535_65535,0,3,118033,4,1,1,0,1,0,28,1,1,pre_allocation
47,6512,greenran_normal,0,0,65535_65535,0,3,118033,12,1,1,1,2,12,28,1,1,allocated
47,6512,greenran_normal,0,0,65535_65535,0,1,118035,4,1,1,0,1,0,28,1,1,pre_allocation
47,6512,greenran_normal,0,0,65535_65535,0,1,118035,12,1,1,1,2,12,28,1,1,allocated
47,6512,greenran_normal,0,0,65535_65535,0,4,119993,9,1,1,0,2,0,24,1,1,pre_allocation
47,6512,greenran_normal,0,0,65535_65535,0,4,119993,15,1,1,1,3,15,24,1,1,allocated
47,6512,greenran_normal,0,0,65535_65535,0,2,118042,12,1,1,0,2,0,28,1,1,pre_allocation
47,6512,greenran_normal,0,0,65535_65535,0,2,118042,19,1,1,1,3,19,28,1,1,allocated
47,6512,greenran_normal,0,0,65535_65535,0,5,118034,12,1,1,0,2,0,28,1,1,pre_allocation
47,6512,greenran_normal,0,0,65535_65535,0,5,118034,19,1,1,1,3,19,28,1,1,allocated
47,6512,greenran_normal,0,0,65535_65535,0,3,118033,12,1,1,0,2,0,28,1,1,pre_allocation
47,6512,greenran_normal,0,0,65535_65535,0,3,118033,19,1,1,1,3,19,28,1,1,allocated
47,6512,greenran_normal,0,0,65535_65535,0,1,118035,12,1,1,0,2,0,28,1,1,pre_allocation
47,6512,greenran_normal,0,0,65535_65535,0,1,118035,19,1,1,1,3,19,28,1,1,allocated
47,6512,greenran_normal,0,0,65535_65535,0,4,119993,15,1,1,0,3,0,24,1,1,pre_allocation
47,6512,greenran_normal,0,0,65535_65535,0,4,119993,21,1,1,1,4,21,24,1,1,allocated
47,6512,greenran_normal,0,0,65535_65535,0,2,118042,19,1,1,0,3,0,28,1,1,pre_allocation
47,6512,greenran_normal,0,0,65535_65535,0,2,118042,27,1,1,1,4,27,28,1,1,allocated
47,6512,greenran_normal,0,0,65535_65535,0,5,118034,19,1,1,0,3,0,28,1,1,pre_allocation
47,6512,greenran_normal,0,0,65535_65535,0,5,118034,27,1,1,1,4,27,28,1,1,allocated
47,6512,greenran_normal,0,0,65535_65535,0,3,118033,19,1,1,0,3,0,28,1,1,pre_allocation
47,6512,greenran_normal,0,0,65535_65535,0,3,118033,27,1,1,1,4,27,28,1,1,allocated
47,6512,greenran_normal,0,0,65535_65535,0,1,118035,19,1,1,0,3,0,28,1,1,pre_allocation
47,6512,greenran_normal,0,0,65535_65535,0,1,118035,27,1,1,1,4,27,28,1,1,allocated
47,6512,greenran_normal,0,0,65535_65535,0,4,119993,21,1,1,0,4,0,24,1,1,pre_allocation
47,6512,greenran_normal,0,0,65535_65535,0,4,119993,27,1,1,1,5,27,24,1,1,allocated
47,6512,greenran_normal,0,0,65535_65535,0,2,118042,27,1,1,0,4,0,28,1,1,pre_allocation
47,6512,greenran_normal,0,0,65535_65535,0,2,118042,34,1,1,1,5,34,28,1,1,allocated
47,6512,greenran_normal,0,0,65535_65535,0,5,118034,27,1,1,0,4,0,28,1,1,pre_allocation
47,6512,greenran_normal,0,0,65535_65535,0,5,118034,34,1,1,1,5,34,28,1,1,allocated
47,6512,greenran_normal,0,0,65535_65535,0,3,118033,27,1,1,0,4,0,28,1,1,pre_allocation
47,6512,greenran_normal,0,0,65535_65535,0,3,118033,34,1,1,1,5,34,28,1,1,allocated
47,6512,greenran_normal,0,0,65535_65535,0,1,118035,27,1,1,0,4,0,28,1,1,pre_allocation
47,6512,greenran_normal,0,0,65535_65535,0,1,118035,34,1,1,1,5,34,28,1,1,allocated
47,6512,greenran_normal,0,0,65535_65535,0,4,119993,27,1,1,0,5,0,24,1,1,pre_allocation
47,6512,greenran_normal,0,0,65535_65535,0,4,119993,34,1,1,1,6,34,24,1,1,allocated
47,6512,greenran_normal,0,0,65535_65535,0,2,118042,34,1,1,0,5,0,28,1,1,pre_allocation
47,6512,greenran_normal,0,0,65535_65535,0,2,118042,42,1,1,1,6,42,28,1,1,allocated
47,6512,greenran_normal,0,0,65535_65535,0,5,118034,34,1,1,0,5,0,28,1,1,pre_allocation
47,6512,greenran_normal,0,0,65535_65535,0,5,118034,42,1,1,1,6,42,28,1,1,allocated
47,6512,greenran_normal,0,0,65535_65535,0,3,118033,34,1,1,0,5,0,28,1,1,pre_allocation
47,6512,greenran_normal,0,0,65535_65535,0,3,118033,42,1,1,1,6,42,28,1,1,allocated
47,6512,greenran_normal,0,0,65535_65535,0,1,118035,34,1,1,0,5,0,28,1,1,pre_allocation
47,6512,greenran_normal,0,0,65535_65535,0,1,118035,42,1,1,1,6,42,28,1,1,allocated
47,6512,greenran_normal,0,0,65535_65535,0,4,119993,34,1,1,0,6,0,24,1,1,pre_allocation
47,6512,greenran_normal,0,0,65535_65535,0,4,119993,40,1,1,1,7,40,24,1,1,allocated
47,6512,greenran_normal,0,0,65535_65535,0,2,118042,42,1,1,0,6,0,28,1,1,pre_allocation
47,6512,greenran_normal,0,0,65535_65535,0,2,118042,50,1,1,1,7,50,28,1,1,allocated
47,6512,greenran_normal,0,0,65535_65535,0,5,118034,42,1,1,0,6,0,28,1,1,pre_allocation
47,6512,greenran_normal,0,0,65535_65535,0,5,118034,50,1,1,1,7,50,28,1,1,allocated
47,6512,greenran_normal,0,0,65535_65535,0,3,118033,42,1,1,0,6,0,28,1,1,pre_allocation
47,6512,greenran_normal,0,0,65535_65535,0,3,118033,50,1,1,1,7,50,28,1,1,allocated
47,6512,greenran_normal,0,0,65535_65535,0,1,118035,42,1,1,0,6,0,28,1,1,pre_allocation
47,6512,greenran_normal,0,0,65535_65535,0,1,118035,50,1,1,1,7,50,28,1,1,allocated
47,6512,greenran_normal,0,0,65535_65535,0,4,119993,40,1,1,0,7,0,24,1,1,pre_allocation
47,6512,greenran_normal,0,0,65535_65535,0,4,119993,46,1,1,1,8,46,24,1,1,allocated
47,6512,greenran_normal,0,0,65535_65535,0,2,118042,50,1,1,0,7,0,28,1,1,pre_allocation
47,6512,greenran_normal,0,0,65535_65535,0,2,118042,57,1,1,1,8,57,28,1,1,allocated
47,6512,greenran_normal,0,0,65535_65535,0,5,118034,50,1,1,0,7,0,28,1,1,pre_allocation
47,6512,greenran_normal,0,0,65535_65535,0,5,118034,57,1,1,1,8,57,28,1,1,allocated
47,6512,greenran_normal,0,0,65535_65535,0,3,118033,50,1,1,0,7,0,28,1,1,pre_allocation
47,6512,greenran_normal,0,0,65535_65535,0,3,118033,57,1,1,1,8,57,28,1,1,allocated
47,6512,greenran_normal,0,0,65535_65535,0,1,118035,50,1,1,0,7,0,28,1,1,pre_allocation
47,6512,greenran_normal,0,0,65535_65535,0,1,118035,57,1,1,1,8,57,28,1,1,allocated
47,6512,greenran_normal,0,0,65535_65535,0,4,119993,46,1,1,0,8,0,24,1,1,pre_allocation
47,6512,greenran_normal,0,0,65535_65535,0,4,119993,52,1,1,1,9,52,24,1,1,allocated
47,6512,greenran_normal,0,0,65535_65535,0,2,118042,57,1,1,0,8,0,28,1,1,pre_allocation
47,6512,greenran_normal,0,0,65535_65535,0,2,118042,65,1,1,1,9,65,28,1,1,allocated
47,6512,greenran_normal,0,0,65535_65535,0,5,118034,57,1,1,0,8,0,28,1,1,pre_allocation
47,6512,greenran_normal,0,0,65535_65535,0,5,118034,65,1,1,1,9,65,28,1,1,allocated
47,6512,greenran_normal,0,0,65535_65535,0,3,118033,57,1,1,0,8,0,28,1,1,pre_allocation
47,6512,greenran_normal,0,0,65535_65535,0,3,118033,65,1,1,1,9,65,28,1,1,allocated
47,6512,greenran_normal,0,0,65535_65535,0,1,118035,57,1,1,0,8,0,28,1,1,pre_allocation
47,6512,greenran_normal,0,0,65535_65535,0,1,118035,65,1,1,1,9,65,28,1,1,allocated
47,6512,greenran_normal,0,0,65535_65535,0,4,119993,52,1,1,0,9,0,24,1,1,pre_allocation
47,6512,greenran_normal,0,0,65535_65535,0,4,119993,58,1,1,1,10,58,24,1,1,allocated
47,6512,greenran_normal,0,0,65535_65535,0,2,118042,65,1,1,0,9,0,28,1,1,pre_allocation
47,6512,greenran_normal,0,0,65535_65535,0,2,118042,72,1,1,1,10,72,28,1,1,allocated
47,6512,greenran_normal,0,0,65535_65535,0,5,118034,65,1,1,0,9,0,28,1,1,pre_allocation
47,6512,greenran_normal,0,0,65535_65535,0,5,118034,72,1,1,1,10,72,28,1,1,allocated
47,6512,greenran_normal,0,0,65535_65535,0,3,118033,65,1,1,0,9,0,28,1,1,pre_allocation
47,6512,greenran_normal,0,0,65535_65535,0,3,118033,72,1,1,1,10,72,28,1,1,allocated
47,6512,greenran_normal,0,0,65535_65535,0,1,118035,65,1,1,0,9,0,28,1,1,pre_allocation
47,6512,greenran_normal,0,0,65535_65535,0,1,118035,72,1,1,1,10,72,28,1,1,allocated
47,6512,greenran_normal,0,0,65535_65535,0,4,119993,58,1,1,0,10,0,24,1,1,pre_allocation
47,6512,greenran_normal,0,0,65535_65535,0,4,119993,65,1,1,1,11,65,24,1,1,allocated
47,6512,greenran_normal,0,0,65535_65535,0,2,118042,72,1,1,0,10,0,28,1,1,pre_allocation
47,6512,greenran_normal,0,0,65535_65535,0,2,118042,80,1,1,1,11,80,28,1,1,allocated
47,6512,greenran_normal,0,0,65535_65535,0,5,118034,72,1,1,0,10,0,28,1,1,pre_allocation
47,6512,greenran_normal,0,0,65535_65535,0,5,118034,80,1,1,1,11,80,28,1,1,allocated
47,6512,greenran_normal,0,0,65535_65535,0,3,118033,72,1,1,0,10,0,28,1,1,pre_allocation
47,6512,greenran_normal,0,0,65535_65535,0,3,118033,80,1,1,1,11,80,28,1,1,allocated
47,6512,greenran_normal,0,0,65535_65535,0,1,118035,72,1,1,0,10,0,28,1,1,pre_allocation
47,6512,greenran_normal,0,0,65535_65535,0,1,118035,80,1,1,1,11,80,28,1,1,allocated
47,6512,greenran_normal,0,0,65535_65535,0,4,119993,65,1,1,0,11,0,24,1,1,pre_allocation
47,6512,greenran_normal,0,0,65535_65535,0,4,119993,71,1,1,1,12,71,24,1,1,allocated
47,6512,greenran_normal,0,0,65535_65535,0,2,118042,80,1,1,0,11,0,28,1,1,pre_allocation
47,6512,greenran_normal,0,0,65535_65535,0,2,118042,88,1,1,1,12,88,28,1,1,allocated
47,6512,greenran_normal,0,0,65535_65535,0,5,118034,80,1,1,0,11,0,28,1,1,pre_allocation
47,6512,greenran_normal,0,0,65535_65535,0,5,118034,88,1,1,1,12,88,28,1,1,allocated
47,6512,greenran_normal,0,0,65535_65535,0,3,118033,80,1,1,0,11,0,28,1,1,pre_allocation
47,6512,greenran_normal,0,0,65535_65535,0,3,118033,88,1,1,1,12,88,28,1,1,allocated
47,6512,greenran_normal,0,0,65535_65535,0,1,118035,80,1,1,0,11,0,28,1,1,pre_allocation
47,6512,greenran_normal,0,0,65535_65535,0,1,118035,88,1,1,1,12,88,28,1,1,allocated
47,6512,greenran_normal,0,0,65535_65535,0,4,119993,71,1,1,0,12,0,24,1,1,pre_allocation
47,6512,greenran_normal,0,0,65535_65535,0,4,119993,77,1,1,1,13,77,24,1,1,allocated
47,6512,greenran_normal,0,0,65535_65535,0,2,118042,88,1,1,0,12,0,28,1,1,pre_allocation
47,6512,greenran_normal,0,0,65535_65535,0,2,118042,95,1,1,1,13,95,28,1,1,allocated
47,6512,greenran_normal,0,0,65535_65535,0,5,118034,88,1,1,0,12,0,28,1,1,pre_allocation
47,6512,greenran_normal,0,0,65535_65535,0,5,118034,95,1,1,1,13,95,28,1,1,allocated
47,6512,greenran_normal,0,0,65535_65535,0,3,118033,88,1,1,0,12,0,28,1,1,pre_allocation
47,6512,greenran_normal,0,0,65535_65535,0,3,118033,95,1,1,1,13,95,28,1,1,allocated
47,6512,greenran_normal,0,0,65535_65535,0,1,118035,88,1,1,0,12,0,28,1,1,pre_allocation
47,6512,greenran_normal,0,0,65535_65535,0,1,118035,95,1,1,1,13,95,28,1,1,allocated
47,6512,greenran_normal,0,0,65535_65535,0,4,119993,77,1,1,0,13,0,24,1,1,pre_allocation
47,6512,greenran_normal,0,0,65535_65535,0,4,119993,83,1,1,1,14,83,24,1,1,allocated
47,6512,greenran_normal,0,0,65535_65535,0,2,118042,95,1,1,0,13,0,28,1,1,pre_allocation
47,6512,greenran_normal,0,0,65535_65535,0,2,118042,103,1,1,1,14,103,28,1,1,allocated
47,6512,greenran_normal,0,0,65535_65535,0,5,118034,95,1,1,0,13,0,28,1,1,pre_allocation
47,6512,greenran_normal,0,0,65535_65535,0,5,118034,103,1,1,1,14,103,28,1,1,allocated
47,6512,greenran_normal,0,0,65535_65535,0,3,118033,95,1,1,0,13,0,28,1,1,pre_allocation
47,6512,greenran_normal,0,0,65535_65535,0,3,118033,103,1,1,1,14,103,28,1,1,allocated
47,6512,greenran_normal,0,0,65535_65535,0,1,118035,95,1,1,0,13,0,28,1,1,pre_allocation
47,6512,greenran_normal,0,0,65535_65535,0,1,118035,103,1,1,1,14,103,28,1,1,allocated
47,6512,greenran_normal,0,0,65535_65535,0,4,119993,83,1,1,0,14,0,24,1,1,pre_allocation
47,6512,greenran_normal,0,0,65535_65535,0,4,119993,89,1,1,1,15,89,24,1,1,allocated
47,6512,greenran_normal,0,0,65535_65535,0,2,118042,103,1,1,0,14,0,28,1,1,pre_allocation
47,6512,greenran_normal,0,0,65535_65535,0,2,118042,110,1,1,1,15,110,28,1,1,allocated
47,6512,greenran_normal,0,0,65535_65535,0,5,118034,103,1,1,0,14,0,28,1,1,pre_allocation
47,6512,greenran_normal,0,0,65535_65535,0,5,118034,110,1,1,1,15,110,28,1,1,allocated
47,6512,greenran_normal,0,0,65535_65535,0,3,118033,103,1,1,0,14,0,28,1,1,pre_allocation
47,6512,greenran_normal,0,0,65535_65535,0,3,118033,110,1,1,1,15,110,28,1,1,allocated
47,6512,greenran_normal,0,0,65535_65535,0,1,118035,103,1,1,0,14,0,28,1,1,pre_allocation
47,6512,greenran_normal,0,0,65535_65535,0,1,118035,110,1,1,1,15,110,28,1,1,allocated
47,6512,greenran_normal,0,0,65535_65535,0,4,119993,89,1,1,0,15,0,24,1,1,pre_allocation
47,6512,greenran_normal,0,0,65535_65535,0,4,119993,96,1,1,1,16,96,24,1,1,allocated
47,6512,greenran_normal,0,0,65535_65535,0,2,118042,110,1,1,0,15,0,28,1,1,pre_allocation
47,6512,greenran_normal,0,0,65535_65535,0,2,118042,118,1,1,1,16,118,28,1,1,allocated
47,6512,greenran_normal,0,0,65535_65535,0,5,118034,110,1,1,0,15,0,28,1,1,pre_allocation
47,6512,greenran_normal,0,0,65535_65535,0,5,118034,118,1,1,1,16,118,28,1,1,allocated
47,6512,greenran_normal,0,0,65535_65535,0,3,118033,110,1,1,0,15,0,28,1,1,pre_allocation
47,6512,greenran_normal,0,0,65535_65535,0,3,118033,118,1,1,1,16,118,28,1,1,allocated
47,6512,greenran_normal,0,0,65535_65535,0,1,118035,110,1,1,0,15,0,28,1,1,pre_allocation
47,6512,greenran_normal,0,0,65535_65535,0,1,118035,118,1,1,1,16,118,28,1,1,allocated
47,6512,greenran_normal,0,0,65535_65535,0,4,119993,96,1,1,0,16,0,24,1,1,pre_allocation
47,6512,greenran_normal,0,0,65535_65535,0,4,119993,102,1,1,1,17,102,24,1,1,allocated
47,6512,greenran_normal,0,0,65535_65535,0,2,118042,118,1,1,0,16,0,28,1,1,pre_allocation
47,6512,greenran_normal,0,0,65535_65535,0,2,118042,126,1,1,1,17,126,28,1,1,allocated
47,6512,greenran_normal,0,0,65535_65535,0,5,118034,118,1,1,0,16,0,28,1,1,pre_allocation
47,6512,greenran_normal,0,0,65535_65535,0,5,118034,126,1,1,1,17,126,28,1,1,allocated
47,6512,greenran_normal,0,0,65535_65535,0,3,118033,118,1,1,0,16,0,28,1,1,pre_allocation
47,6512,greenran_normal,0,0,65535_65535,0,3,118033,126,1,1,1,17,126,28,1,1,allocated
47,6512,greenran_normal,0,0,65535_65535,0,1,118035,118,1,1,0,16,0,28,1,1,pre_allocation
47,6512,greenran_normal,0,0,65535_65535,0,1,118035,126,1,1,1,17,126,28,1,1,allocated
47,6512,greenran_normal,0,0,65535_65535,0,4,119993,102,1,1,0,17,0,24,1,1,pre_allocation
47,6512,greenran_normal,0,0,65535_65535,0,4,119993,108,1,1,1,18,108,24,1,1,allocated
47,6512,greenran_normal,0,0,65535_65535,0,2,118042,126,1,1,0,17,0,28,1,1,pre_allocation
47,6512,greenran_normal,0,0,65535_65535,0,2,118042,133,1,1,1,18,133,28,1,1,allocated
47,6512,greenran_normal,0,0,65535_65535,0,5,118034,126,1,1,0,17,0,28,1,1,pre_allocation
47,6512,greenran_normal,0,0,65535_65535,0,5,118034,133,1,1,1,18,133,28,1,1,allocated
47,6512,greenran_normal,0,0,65535_65535,0,3,118033,126,1,1,0,17,0,28,1,1,pre_allocation
47,6512,greenran_normal,0,0,65535_65535,0,3,118033,133,1,1,1,18,133,28,1,1,allocated
47,6512,greenran_normal,0,0,65535_65535,0,1,118035,126,1,1,0,17,0,28,1,1,pre_allocation
47,6512,greenran_normal,0,0,65535_65535,0,1,118035,133,1,1,1,18,133,28,1,1,allocated
47,6512,greenran_normal,0,0,65535_65535,0,4,119993,108,1,1,0,18,0,24,1,1,pre_allocation
47,6512,greenran_normal,0,0,65535_65535,0,4,119993,114,1,1,1,19,114,24,1,1,allocated
47,6512,greenran_normal,0,0,65535_65535,0,2,118042,133,1,1,0,18,0,28,1,1,pre_allocation
47,6512,greenran_normal,0,0,65535_65535,0,2,118042,141,1,1,1,19,141,28,1,1,allocated
47,6512,greenran_normal,0,0,65535_65535,0,5,118034,133,1,1,0,18,0,28,1,1,pre_allocation
47,6512,greenran_normal,0,0,65535_65535,0,5,118034,141,1,1,1,19,141,28,1,1,allocated
47,6512,greenran_normal,0,0,65535_65535,0,3,118033,133,1,1,0,18,0,28,1,1,pre_allocation
47,6512,greenran_normal,0,0,65535_65535,0,3,118033,141,1,1,1,19,141,28,1,1,allocated
47,6512,greenran_normal,0,0,65535_65535,0,1,118035,133,1,1,0,18,0,28,1,1,pre_allocation
47,6512,greenran_normal,0,0,65535_65535,0,1,118035,141,1,1,1,19,141,28,1,1,allocated
47,6512,greenran_normal,0,0,65535_65535,0,4,119993,114,1,1,0,19,0,24,1,1,pre_allocation
47,6512,greenran_normal,0,0,65535_65535,0,4,119993,120,1,1,1,20,120,24,1,1,allocated
47,6512,greenran_normal,0,0,65535_65535,0,2,118042,141,1,1,0,19,0,28,1,1,pre_allocation
47,6512,greenran_normal,0,0,65535_65535,0,2,118042,148,1,1,1,20,148,28,1,1,allocated
47,6512,greenran_normal,0,0,65535_65535,0,5,118034,141,1,1,0,19,0,28,1,1,pre_allocation
47,6512,greenran_normal,0,0,65535_65535,0,5,118034,148,1,1,1,20,148,28,1,1,allocated
47,6512,greenran_normal,0,0,65535_65535,0,3,118033,141,1,1,0,19,0,28,1,1,pre_allocation
47,6512,greenran_normal,0,0,65535_65535,0,3,118033,148,1,1,1,20,148,28,1,1,allocated
47,6512,greenran_normal,0,0,65535_65535,0,1,118035,141,1,1,0,19,0,28,1,1,pre_allocation
47,6512,greenran_normal,0,0,65535_65535,0,1,118035,148,1,1,1,20,148,28,1,1,allocated
47,6512,greenran_normal,0,0,65535_65535,0,4,119993,120,1,1,0,20,0,24,1,1,pre_allocation
47,6512,greenran_normal,0,0,65535_65535,0,4,119993,126,1,1,1,21,126,24,1,1,allocated
47,6512,greenran_normal,0,0,65535_65535,0,2,118042,148,1,1,0,20,0,28,1,1,pre_allocation
47,6512,greenran_normal,0,0,65535_65535,0,2,118042,156,1,1,1,21,156,28,1,1,allocated
47,6512,greenran_normal,0,0,65535_65535,0,5,118034,148,1,1,0,20,0,28,1,1,pre_allocation
47,6512,greenran_normal,0,0,65535_65535,0,5,118034,156,1,1,1,21,156,28,1,1,allocated
47,6512,greenran_normal,0,0,65535_65535,0,3,118033,148,1,1,0,20,0,28,1,1,pre_allocation
47,6512,greenran_normal,0,0,65535_65535,0,3,118033,156,1,1,1,21,156,28,1,1,allocated
47,6512,greenran_normal,0,0,65535_65535,0,1,118035,148,1,1,0,20,0,28,1,1,pre_allocation
47,6512,greenran_normal,0,0,65535_65535,0,1,118035,156,1,1,1,21,156,28,1,1,allocated
47,6512,greenran_normal,0,0,65535_65535,0,4,119993,126,1,1,0,21,0,24,1,1,pre_allocation
47,6512,greenran_normal,0,0,65535_65535,0,4,119993,133,1,1,1,22,133,24,1,1,allocated
47,6512,greenran_normal,0,0,65535_65535,0,2,118042,156,1,1,0,21,0,28,1,1,pre_allocation
47,6512,greenran_normal,0,0,65535_65535,0,2,118042,163,1,1,1,22,163,28,1,1,allocated
47,6512,greenran_normal,0,0,65535_65535,0,5,118034,156,1,1,0,21,0,28,1,1,pre_allocation
47,6512,greenran_normal,0,0,65535_65535,0,5,118034,163,1,1,1,22,163,28,1,1,allocated
47,6512,greenran_normal,0,0,65535_65535,0,3,118033,156,1,1,0,21,0,28,1,1,pre_allocation
47,6512,greenran_normal,0,0,65535_65535,0,3,118033,163,1,1,1,22,163,28,1,1,allocated
47,6512,greenran_normal,0,0,65535_65535,0,1,118035,156,1,1,0,21,0,28,1,1,pre_allocation
47,6512,greenran_normal,0,0,65535_65535,0,1,118035,163,1,1,1,22,163,28,1,1,allocated
47,6512,greenran_normal,0,0,65535_65535,0,4,119993,133,1,1,0,22,0,24,1,1,pre_allocation
47,6512,greenran_normal,0,0,65535_65535,0,4,119993,139,1,1,1,23,139,24,1,1,allocated
47,6512,greenran_normal,0,0,65535_65535,0,2,118042,163,1,1,0,22,0,28,1,1,pre_allocation
47,6512,greenran_normal,0,0,65535_65535,0,2,118042,171,1,1,1,23,171,28,1,1,allocated
47,6512,greenran_normal,0,0,65535_65535,0,5,118034,163,1,1,0,22,0,28,1,1,pre_allocation
47,6512,greenran_normal,0,0,65535_65535,0,5,118034,171,1,1,1,23,171,28,1,1,allocated
47,6512,greenran_normal,0,0,65535_65535,0,3,118033,163,1,1,0,22,0,28,1,1,pre_allocation
47,6512,greenran_normal,0,0,65535_65535,0,3,118033,171,1,1,1,23,171,28,1,1,allocated
47,6512,greenran_normal,0,0,65535_65535,0,1,118035,163,1,1,0,22,0,28,1,1,pre_allocation
47,6512,greenran_normal,0,0,65535_65535,0,1,118035,171,1,1,1,23,171,28,1,1,allocated
47,6512,greenran_normal,0,0,65535_65535,0,4,119993,139,1,1,0,23,0,24,1,1,pre_allocation
47,6512,greenran_normal,0,0,65535_65535,0,4,119993,145,1,1,1,24,145,24,1,1,allocated
47,6512,greenran_normal,0,0,65535_65535,0,2,118042,171,1,1,0,23,0,28,1,1,pre_allocation
47,6512,greenran_normal,0,0,65535_65535,0,2,118042,179,1,1,1,24,179,28,1,1,allocated
47,6512,greenran_normal,0,0,65535_65535,0,5,118034,171,1,1,0,23,0,28,1,1,pre_allocation
47,6512,greenran_normal,0,0,65535_65535,0,5,118034,179,1,1,1,24,179,28,1,1,allocated
47,6512,greenran_normal,0,0,65535_65535,0,3,118033,171,1,1,0,23,0,28,1,1,pre_allocation
47,6512,greenran_normal,0,0,65535_65535,0,3,118033,179,1,1,1,24,179,28,1,1,allocated
47,6512,greenran_normal,0,0,65535_65535,0,1,118035,171,1,1,0,23,0,28,1,1,pre_allocation
47,6512,greenran_normal,0,0,65535_65535,0,1,118035,179,1,1,1,24,179,28,1,1,allocated
47,6512,greenran_normal,0,0,65535_65535,0,4,119993,145,1,1,0,24,0,24,1,1,pre_allocation
47,6512,greenran_normal,0,0,65535_65535,0,4,119993,151,1,1,1,25,151,24,1,1,allocated
47,6512,greenran_normal,0,0,65535_65535,0,2,118042,179,1,1,0,24,0,28,1,1,pre_allocation
47,6512,greenran_normal,0,0,65535_65535,0,2,118042,186,1,1,1,25,186,28,1,1,allocated
47,6512,greenran_normal,0,0,65535_65535,0,5,118034,179,1,1,0,24,0,28,1,1,pre_allocation
47,6512,greenran_normal,0,0,65535_65535,0,5,118034,186,1,1,1,25,186,28,1,1,allocated
47,6512,greenran_normal,0,0,65535_65535,0,3,118033,179,1,1,0,24,0,28,1,1,pre_allocation
47,6512,greenran_normal,0,0,65535_65535,0,3,118033,186,1,1,1,25,186,28,1,1,allocated
47,6512,greenran_normal,0,0,65535_65535,0,1,118035,179,1,1,0,24,0,28,1,1,pre_allocation
47,6512,greenran_normal,0,0,65535_65535,0,1,118035,186,1,1,1,25,186,28,1,1,allocated
47,6512,greenran_normal,0,0,65535_65535,0,4,119993,151,1,1,0,25,0,24,1,1,pre_allocation
47,6512,greenran_normal,0,0,65535_65535,0,4,119993,157,1,1,1,26,157,24,1,1,allocated
47,6512,greenran_normal,0,0,65535_65535,0,2,118042,186,1,1,0,25,0,28,1,1,pre_allocation
47,6512,greenran_normal,0,0,65535_65535,0,2,118042,194,1,1,1,26,194,28,1,1,allocated
47,6512,greenran_normal,0,0,65535_65535,0,5,118034,186,1,1,0,25,0,28,1,1,pre_allocation
47,6512,greenran_normal,0,0,65535_65535,0,5,118034,194,1,1,1,26,194,28,1,1,allocated
47,6512,greenran_normal,0,0,65535_65535,0,3,118033,186,1,1,0,25,0,28,1,1,pre_allocation
47,6512,greenran_normal,0,0,65535_65535,0,3,118033,194,1,1,1,26,194,28,1,1,allocated
47,6512,greenran_normal,0,0,65535_65535,0,1,118035,186,1,1,0,25,0,28,1,1,pre_allocation
47,6512,greenran_normal,0,0,65535_65535,0,1,118035,194,1,1,1,26,194,28,1,1,allocated
47,6512,greenran_normal,0,0,65535_65535,0,4,119993,157,1,1,0,26,0,24,1,1,pre_allocation
47,6512,greenran_normal,0,0,65535_65535,0,4,119993,164,1,1,1,27,164,24,1,1,allocated
47,6512,greenran_normal,0,0,65535_65535,0,2,118042,194,1,1,0,26,0,28,1,1,pre_allocation
47,6512,greenran_normal,0,0,65535_65535,0,2,118042,201,1,1,1,27,201,28,1,1,allocated
47,6512,greenran_normal,0,0,65535_65535,0,5,118034,194,1,1,0,26,0,28,1,1,pre_allocation
47,6512,greenran_normal,0,0,65535_65535,0,5,118034,201,1,1,1,27,201,28,1,1,allocated
47,6512,greenran_normal,0,0,65535_65535,0,3,118033,194,1,1,0,26,0,28,1,1,pre_allocation
47,6512,greenran_normal,0,0,65535_65535,0,3,118033,201,1,1,1,27,201,28,1,1,allocated
47,6512,greenran_normal,0,0,65535_65535,0,1,118035,194,1,1,0,26,0,28,1,1,pre_allocation
47,6512,greenran_normal,0,0,65535_65535,0,1,118035,201,1,1,1,27,201,28,1,1,allocated
47,6512,greenran_normal,0,0,65535_65535,0,4,119993,164,1,1,0,27,0,24,1,1,pre_allocation
47,6512,greenran_normal,0,0,65535_65535,0,4,119993,170,1,1,1,28,170,24,1,1,allocated
47,6512,greenran_normal,0,0,65535_65535,0,2,118042,201,1,1,0,27,0,28,1,1,pre_allocation
47,6512,greenran_normal,0,0,65535_65535,0,2,118042,209,1,1,1,28,209,28,1,1,allocated
47,6512,greenran_normal,0,0,65535_65535,0,5,118034,201,1,1,0,27,0,28,1,1,pre_allocation
47,6512,greenran_normal,0,0,65535_65535,0,5,118034,209,1,1,1,28,209,28,1,1,allocated
47,6512,greenran_normal,0,0,65535_65535,0,3,118033,201,1,1,0,27,0,28,1,1,pre_allocation
47,6512,greenran_normal,0,0,65535_65535,0,3,118033,209,1,1,1,28,209,28,1,1,allocated
47,6512,greenran_normal,0,0,65535_65535,0,1,118035,201,1,1,0,27,0,28,1,1,pre_allocation
47,6512,greenran_normal,0,0,65535_65535,0,1,118035,209,1,1,1,28,209,28,1,1,allocated
47,6512,greenran_normal,0,0,65535_65535,0,4,119993,170,1,1,0,28,0,24,1,1,pre_allocation
47,6512,greenran_normal,0,0,65535_65535,0,4,119993,176,1,1,1,29,176,24,1,1,allocated
47,6512,greenran_normal,0,0,65535_65535,0,2,118042,209,1,1,0,28,0,28,1,1,pre_allocation
47,6512,greenran_normal,0,0,65535_65535,0,2,118042,217,1,1,1,29,217,28,1,1,allocated
47,6512,greenran_normal,0,0,65535_65535,0,5,118034,209,1,1,0,28,0,28,1,1,pre_allocation
47,6512,greenran_normal,0,0,65535_65535,0,5,118034,217,1,1,1,29,217,28,1,1,allocated
47,6512,greenran_normal,0,0,65535_65535,0,3,118033,209,1,1,0,28,0,28,1,1,pre_allocation
47,6512,greenran_normal,0,0,65535_65535,0,3,118033,217,1,1,1,29,217,28,1,1,allocated
47,6512,greenran_normal,0,0,65535_65535,0,1,118035,209,1,1,0,28,0,28,1,1,pre_allocation
47,6512,greenran_normal,0,0,65535_65535,0,1,118035,217,1,1,1,29,217,28,1,1,allocated
47,6512,greenran_normal,0,0,65535_65535,0,4,119993,176,1,1,0,29,0,24,1,1,pre_allocation
47,6512,greenran_normal,0,0,65535_65535,0,4,119993,182,1,1,1,30,182,24,1,1,allocated
47,6512,greenran_normal,0,0,65535_65535,0,2,118042,217,1,1,0,29,0,28,1,1,pre_allocation
47,6512,greenran_normal,0,0,65535_65535,0,2,118042,224,1,1,1,30,224,28,1,1,allocated
47,6512,greenran_normal,0,0,65535_65535,2,38,3840614,0,1,1,0,0,0,2,1,1,pre_allocation
47,6512,greenran_normal,0,0,65535_65535,2,38,3840614,0,1,1,1,1,0,2,1,1,allocated
47,6512,greenran_normal,0,0,65535_65535,2,60,3840315,0,1,1,0,0,0,12,1,1,pre_allocation
47,6512,greenran_normal,0,0,65535_65535,2,60,3840315,2,1,1,1,1,2,12,1,1,allocated
47,6512,greenran_normal,0,0,65535_65535,2,64,3840076,0,1,1,0,0,0,14,1,1,pre_allocation
47,6512,greenran_normal,0,0,65535_65535,2,64,3840076,2,1,1,1,1,2,14,1,1,allocated
47,6512,greenran_normal,0,0,65535_65535,2,43,3839571,0,1,1,0,0,0,20,1,1,pre_allocation
47,6512,greenran_normal,0,0,65535_65535,2,43,3839571,1,1,1,1,1,1,20,1,1,allocated
47,6512,greenran_normal,0,0,65535_65535,2,42,3839238,0,1,1,0,0,0,24,1,1,pre_allocation
47,6512,greenran_normal,0,0,65535_65535,2,42,3839238,3,1,1,1,1,3,24,1,1,allocated
47,6512,greenran_normal,0,0,65535_65535,2,36,3838848,0,1,1,0,0,0,24,1,1,pre_allocation
47,6512,greenran_normal,0,0,65535_65535,2,36,3838848,3,1,1,1,1,3,24,1,1,allocated
47,6512,greenran_normal,0,0,65535_65535,2,58,3838815,0,1,1,0,0,0,28,1,1,pre_allocation
47,6512,greenran_normal,0,0,65535_65535,2,58,3838815,4,1,1,1,1,4,28,1,1,allocated
47,6512,greenran_normal,0,0,65535_65535,2,59,3838783,0,1,1,0,0,0,24,1,1,pre_allocation
47,6512,greenran_normal,0,0,65535_65535,2,59,3838783,3,1,1,1,1,3,24,1,1,allocated
47,6512,greenran_normal,0,0,65535_65535,2,39,3838747,0,1,1,0,0,0,28,1,1,pre_allocation
47,6512,greenran_normal,0,0,65535_65535,2,39,3838747,4,1,1,1,1,4,28,1,1,allocated
47,6512,greenran_normal,0,0,65535_65535,2,40,3838745,0,1,1,0,0,0,28,1,1,pre_allocation
47,6512,greenran_normal,0,0,65535_65535,2,40,3838745,4,1,1,1,1,4,28,1,1,allocated
47,6512,greenran_normal,0,0,65535_65535,2,63,3838741,0,1,1,0,0,0,28,1,1,pre_allocation
47,6512,greenran_normal,0,0,65535_65535,2,63,3838741,4,1,1,1,1,4,28,1,1,allocated
47,6512,greenran_normal,0,0,65535_65535,2,62,3838741,0,1,1,0,0,0,28,1,1,pre_allocation
47,6512,greenran_normal,0,0,65535_65535,2,62,3838741,4,1,1,1,1,4,28,1,1,allocated
47,6512,greenran_normal,0,0,65535_65535,2,61,3838740,0,1,1,0,0,0,28,1,1,pre_allocation
47,6512,greenran_normal,0,0,65535_65535,2,61,3838740,4,1,1,1,1,4,28,1,1,allocated
47,6512,greenran_normal,0,0,65535_65535,2,44,3838736,0,1,1,0,0,0,28,1,1,pre_allocation
47,6512,greenran_normal,0,0,65535_65535,2,44,3838736,4,1,1,1,1,4,28,1,1,allocated
47,6512,greenran_normal,0,0,65535_65535,2,55,3838736,0,1,1,0,0,0,28,1,1,pre_allocation
47,6512,greenran_normal,0,0,65535_65535,2,55,3838736,4,1,1,1,1,4,28,1,1,allocated
47,6512,greenran_normal,0,0,65535_65535,2,35,3838735,0,1,1,0,0,0,28,1,1,pre_allocation
47,6512,greenran_normal,0,0,65535_65535,2,35,3838735,4,1,1,1,1,4,28,1,1,allocated
47,6512,greenran_normal,0,0,65535_65535,2,37,3838738,0,1,1,0,0,0,28,1,1,pre_allocation
47,6512,greenran_normal,0,0,65535_65535,2,37,3838738,4,1,1,1,1,4,28,1,1,allocated
47,6512,greenran_normal,0,0,65535_65535,2,41,3838738,0,1,1,0,0,0,28,1,1,pre_allocation
47,6512,greenran_normal,0,0,65535_65535,2,41,3838738,4,1,1,1,1,4,28,1,1,allocated
47,6512,greenran_normal,0,0,65535_65535,2,56,3838735,0,1,1,0,0,0,28,1,1,pre_allocation
47,6512,greenran_normal,0,0,65535_65535,2,56,3838735,4,1,1,1,1,4,28,1,1,allocated
47,6512,greenran_normal,0,0,65535_65535,2,57,3838735,0,1,1,0,0,0,28,1,1,pre_allocation
47,6512,greenran_normal,0,0,65535_65535,2,57,3838735,4,1,1,1,1,4,28,1,1,allocated
47,6512,greenran_normal,0,0,65535_65535,2,38,3840614,0,1,1,0,1,0,2,1,1,pre_allocation
47,6512,greenran_normal,0,0,65535_65535,2,38,3840614,0,1,1,1,2,0,2,1,1,allocated
47,6512,greenran_normal,0,0,65535_65535,2,60,3840315,2,1,1,0,1,0,12,1,1,pre_allocation
47,6512,greenran_normal,0,0,65535_65535,2,60,3840315,1,1,1,1,2,1,12,1,1,allocated
47,6512,greenran_normal,0,0,65535_65535,2,64,3840076,2,1,1,0,1,0,14,1,1,pre_allocation
47,6512,greenran_normal,0,0,65535_65535,2,64,3840076,2,1,1,1,2,2,14,1,1,allocated
47,6512,greenran_normal,0,0,65535_65535,2,43,3839571,1,1,1,0,1,0,20,1,1,pre_allocation
47,6512,greenran_normal,0,0,65535_65535,2,43,3839571,6,1,1,1,2,6,20,1,1,allocated
47,6512,greenran_normal,0,0,65535_65535,2,42,3839238,3,1,1,0,1,0,24,1,1,pre_allocation
47,6512,greenran_normal,0,0,65535_65535,2,42,3839238,9,1,1,1,2,9,24,1,1,allocated
47,6512,greenran_normal,0,0,65535_65535,2,36,3838848,3,1,1,0,1,0,24,1,1,pre_allocation
47,6512,greenran_normal,0,0,65535_65535,2,36,3838848,9,1,1,1,2,9,24,1,1,allocated
47,6512,greenran_normal,0,0,65535_65535,2,58,3838815,4,1,1,0,1,0,28,1,1,pre_allocation
47,6512,greenran_normal,0,0,65535_65535,2,58,3838815,12,1,1,1,2,12,28,1,1,allocated
47,6512,greenran_normal,0,0,65535_65535,2,59,3838783,3,1,1,0,1,0,24,1,1,pre_allocation
47,6512,greenran_normal,0,0,65535_65535,2,59,3838783,9,1,1,1,2,9,24,1,1,allocated
47,6512,greenran_normal,0,0,65535_65535,2,39,3838747,4,1,1,0,1,0,28,1,1,pre_allocation
47,6512,greenran_normal,0,0,65535_65535,2,39,3838747,12,1,1,1,2,12,28,1,1,allocated
47,6512,greenran_normal,0,0,65535_65535,2,40,3838745,4,1,1,0,1,0,28,1,1,pre_allocation
47,6512,greenran_normal,0,0,65535_65535,2,40,3838745,12,1,1,1,2,12,28,1,1,allocated
47,6512,greenran_normal,0,0,65535_65535,2,63,3838741,4,1,1,0,1,0,28,1,1,pre_allocation
47,6512,greenran_normal,0,0,65535_65535,2,63,3838741,12,1,1,1,2,12,28,1,1,allocated
47,6512,greenran_normal,0,0,65535_65535,2,62,3838741,4,1,1,0,1,0,28,1,1,pre_allocation
47,6512,greenran_normal,0,0,65535_65535,2,62,3838741,12,1,1,1,2,12,28,1,1,allocated
47,6512,greenran_normal,0,0,65535_65535,2,61,3838740,4,1,1,0,1,0,28,1,1,pre_allocation
47,6512,greenran_normal,0,0,65535_65535,2,61,3838740,12,1,1,1,2,12,28,1,1,allocated
47,6512,greenran_normal,0,0,65535_65535,2,44,3838736,4,1,1,0,1,0,28,1,1,pre_allocation
47,6512,greenran_normal,0,0,65535_65535,2,44,3838736,12,1,1,1,2,12,28,1,1,allocated
47,6512,greenran_normal,0,0,65535_65535,2,55,3838736,4,1,1,0,1,0,28,1,1,pre_allocation
47,6512,greenran_normal,0,0,65535_65535,2,55,3838736,12,1,1,1,2,12,28,1,1,allocated
47,6512,greenran_normal,0,0,65535_65535,2,35,3838735,4,1,1,0,1,0,28,1,1,pre_allocation
47,6512,greenran_normal,0,0,65535_65535,2,35,3838735,12,1,1,1,2,12,28,1,1,allocated
47,6512,greenran_normal,0,0,65535_65535,2,37,3838738,4,1,1,0,1,0,28,1,1,pre_allocation
47,6512,greenran_normal,0,0,65535_65535,2,37,3838738,12,1,1,1,2,12,28,1,1,allocated
47,6512,greenran_normal,0,0,65535_65535,2,41,3838738,4,1,1,0,1,0,28,1,1,pre_allocation
47,6512,greenran_normal,0,0,65535_65535,2,41,3838738,12,1,1,1,2,12,28,1,1,allocated
47,6512,greenran_normal,0,0,65535_65535,2,56,3838735,4,1,1,0,1,0,28,1,1,pre_allocation
47,6512,greenran_normal,0,0,65535_65535,2,56,3838735,12,1,1,1,2,12,28,1,1,allocated
47,6512,greenran_normal,0,0,65535_65535,2,57,3838735,4,1,1,0,1,0,28,1,1,pre_allocation
47,6512,greenran_normal,0,0,65535_65535,2,57,3838735,12,1,1,1,2,12,28,1,1,allocated
47,6512,greenran_normal,0,0,65535_65535,2,38,3840614,0,1,1,0,2,0,2,1,1,pre_allocation
47,6512,greenran_normal,0,0,65535_65535,2,38,3840614,0,1,1,1,3,0,2,1,1,allocated
47,6512,greenran_normal,0,0,65535_65535,2,60,3840315,1,1,1,0,2,0,12,1,1,pre_allocation
47,6512,greenran_normal,0,0,65535_65535,2,60,3840315,3,1,1,1,3,3,12,1,1,allocated
47,6512,greenran_normal,0,0,65535_65535,2,64,3840076,2,1,1,0,2,0,14,1,1,pre_allocation
47,6512,greenran_normal,0,0,65535_65535,2,64,3840076,4,1,1,1,3,4,14,1,1,allocated
47,6512,greenran_normal,0,0,65535_65535,2,43,3839571,6,1,1,0,2,0,20,1,1,pre_allocation
47,6512,greenran_normal,0,0,65535_65535,2,43,3839571,10,1,1,1,3,10,20,1,1,allocated
47,6512,greenran_normal,0,0,65535_65535,2,42,3839238,9,1,1,0,2,0,24,1,1,pre_allocation
47,6512,greenran_normal,0,0,65535_65535,2,42,3839238,15,1,1,1,3,15,24,1,1,allocated
47,6512,greenran_normal,0,0,65535_65535,2,36,3838848,9,1,1,0,2,0,24,1,1,pre_allocation
47,6512,greenran_normal,0,0,65535_65535,2,36,3838848,15,1,1,1,3,15,24,1,1,allocated
47,6512,greenran_normal,0,0,65535_65535,2,58,3838815,12,1,1,0,2,0,28,1,1,pre_allocation
47,6512,greenran_normal,0,0,65535_65535,2,58,3838815,19,1,1,1,3,19,28,1,1,allocated
47,6512,greenran_normal,0,0,65535_65535,2,59,3838783,9,1,1,0,2,0,24,1,1,pre_allocation
47,6512,greenran_normal,0,0,65535_65535,2,59,3838783,15,1,1,1,3,15,24,1,1,allocated
47,6512,greenran_normal,0,0,65535_65535,2,39,3838747,12,1,1,0,2,0,28,1,1,pre_allocation
47,6512,greenran_normal,0,0,65535_65535,2,39,3838747,19,1,1,1,3,19,28,1,1,allocated
47,6512,greenran_normal,0,0,65535_65535,2,40,3838745,12,1,1,0,2,0,28,1,1,pre_allocation
47,6512,greenran_normal,0,0,65535_65535,2,40,3838745,19,1,1,1,3,19,28,1,1,allocated
47,6512,greenran_normal,0,0,65535_65535,2,63,3838741,12,1,1,0,2,0,28,1,1,pre_allocation
47,6512,greenran_normal,0,0,65535_65535,2,63,3838741,19,1,1,1,3,19,28,1,1,allocated
47,6512,greenran_normal,0,0,65535_65535,2,62,3838741,12,1,1,0,2,0,28,1,1,pre_allocation
47,6512,greenran_normal,0,0,65535_65535,2,62,3838741,19,1,1,1,3,19,28,1,1,allocated
47,6512,greenran_normal,0,0,65535_65535,2,61,3838740,12,1,1,0,2,0,28,1,1,pre_allocation
47,6512,greenran_normal,0,0,65535_65535,2,61,3838740,19,1,1,1,3,19,28,1,1,allocated
47,6512,greenran_normal,0,0,65535_65535,2,44,3838736,12,1,1,0,2,0,28,1,1,pre_allocation
47,6512,greenran_normal,0,0,65535_65535,2,44,3838736,19,1,1,1,3,19,28,1,1,allocated
47,6512,greenran_normal,0,0,65535_65535,2,55,3838736,12,1,1,0,2,0,28,1,1,pre_allocation
47,6512,greenran_normal,0,0,65535_65535,2,55,3838736,19,1,1,1,3,19,28,1,1,allocated
47,6512,greenran_normal,0,0,65535_65535,2,35,3838735,12,1,1,0,2,0,28,1,1,pre_allocation
47,6512,greenran_normal,0,0,65535_65535,2,35,3838735,19,1,1,1,3,19,28,1,1,allocated
47,6512,greenran_normal,0,0,65535_65535,2,37,3838738,12,1,1,0,2,0,28,1,1,pre_allocation
47,6512,greenran_normal,0,0,65535_65535,2,37,3838738,19,1,1,1,3,19,28,1,1,allocated
47,6512,greenran_normal,0,0,65535_65535,2,41,3838738,12,1,1,0,2,0,28,1,1,pre_allocation
47,6512,greenran_normal,0,0,65535_65535,2,41,3838738,19,1,1,1,3,19,28,1,1,allocated
47,6512,greenran_normal,0,0,65535_65535,2,56,3838735,12,1,1,0,2,0,28,1,1,pre_allocation
47,6512,greenran_normal,0,0,65535_65535,2,56,3838735,19,1,1,1,3,19,28,1,1,allocated
47,6512,greenran_normal,0,0,65535_65535,2,57,3838735,12,1,1,0,2,0,28,1,1,pre_allocation
47,6512,greenran_normal,0,0,65535_65535,2,57,3838735,19,1,1,1,3,19,28,1,1,allocated
47,6512,greenran_normal,0,0,65535_65535,2,38,3840614,0,1,1,0,3,0,2,1,1,pre_allocation
47,6512,greenran_normal,0,0,65535_65535,2,38,3840614,1,1,1,1,4,1,2,1,1,allocated
47,6512,greenran_normal,0,0,65535_65535,2,60,3840315,3,1,1,0,3,0,12,1,1,pre_allocation
47,6512,greenran_normal,0,0,65535_65535,2,60,3840315,5,1,1,1,4,5,12,1,1,allocated
47,6512,greenran_normal,0,0,65535_65535,2,64,3840076,4,1,1,0,3,0,14,1,1,pre_allocation
47,6512,greenran_normal,0,0,65535_65535,2,64,3840076,7,1,1,1,4,7,14,1,1,allocated
47,6512,greenran_normal,0,0,65535_65535,2,43,3839571,10,1,1,0,3,0,20,1,1,pre_allocation
47,6512,greenran_normal,0,0,65535_65535,2,43,3839571,15,1,1,1,4,15,20,1,1,allocated
47,6512,greenran_normal,0,0,65535_65535,2,42,3839238,15,1,1,0,3,0,24,1,1,pre_allocation
47,6512,greenran_normal,0,0,65535_65535,2,42,3839238,21,1,1,1,4,21,24,1,1,allocated
47,6512,greenran_normal,0,0,65535_65535,2,36,3838848,15,1,1,0,3,0,24,1,1,pre_allocation
47,6512,greenran_normal,0,0,65535_65535,2,36,3838848,21,1,1,1,4,21,24,1,1,allocated
47,6512,greenran_normal,0,0,65535_65535,2,58,3838815,19,1,1,0,3,0,28,1,1,pre_allocation
47,6512,greenran_normal,0,0,65535_65535,2,58,3838815,27,1,1,1,4,27,28,1,1,allocated
47,6512,greenran_normal,0,0,65535_65535,2,59,3838783,15,1,1,0,3,0,24,1,1,pre_allocation
47,6512,greenran_normal,0,0,65535_65535,2,59,3838783,21,1,1,1,4,21,24,1,1,allocated
47,6512,greenran_normal,0,0,65535_65535,2,39,3838747,19,1,1,0,3,0,28,1,1,pre_allocation
47,6512,greenran_normal,0,0,65535_65535,2,39,3838747,27,1,1,1,4,27,28,1,1,allocated
47,6512,greenran_normal,0,0,65535_65535,2,40,3838745,19,1,1,0,3,0,28,1,1,pre_allocation
47,6512,greenran_normal,0,0,65535_65535,2,40,3838745,27,1,1,1,4,27,28,1,1,allocated
47,6512,greenran_normal,0,0,65535_65535,2,63,3838741,19,1,1,0,3,0,28,1,1,pre_allocation
47,6512,greenran_normal,0,0,65535_65535,2,63,3838741,27,1,1,1,4,27,28,1,1,allocated
47,6512,greenran_normal,0,0,65535_65535,2,62,3838741,19,1,1,0,3,0,28,1,1,pre_allocation
47,6512,greenran_normal,0,0,65535_65535,2,62,3838741,27,1,1,1,4,27,28,1,1,allocated
47,6512,greenran_normal,0,0,65535_65535,2,61,3838740,19,1,1,0,3,0,28,1,1,pre_allocation
47,6512,greenran_normal,0,0,65535_65535,2,61,3838740,27,1,1,1,4,27,28,1,1,allocated
47,6512,greenran_normal,0,0,65535_65535,2,44,3838736,19,1,1,0,3,0,28,1,1,pre_allocation
47,6512,greenran_normal,0,0,65535_65535,2,44,3838736,27,1,1,1,4,27,28,1,1,allocated
47,6512,greenran_normal,0,0,65535_65535,2,55,3838736,19,1,1,0,3,0,28,1,1,pre_allocation
47,6512,greenran_normal,0,0,65535_65535,2,55,3838736,27,1,1,1,4,27,28,1,1,allocated
47,6512,greenran_normal,0,0,65535_65535,2,35,3838735,19,1,1,0,3,0,28,1,1,pre_allocation
47,6512,greenran_normal,0,0,65535_65535,2,35,3838735,27,1,1,1,4,27,28,1,1,allocated
47,6512,greenran_normal,0,0,65535_65535,2,37,3838738,19,1,1,0,3,0,28,1,1,pre_allocation
47,6512,greenran_normal,0,0,65535_65535,2,37,3838738,27,1,1,1,4,27,28,1,1,allocated
47,6512,greenran_normal,0,0,65535_65535,2,41,3838738,19,1,1,0,3,0,28,1,1,pre_allocation
47,6512,greenran_normal,0,0,65535_65535,2,41,3838738,27,1,1,1,4,27,28,1,1,allocated
47,6512,greenran_normal,0,0,65535_65535,2,56,3838735,19,1,1,0,3,0,28,1,1,pre_allocation
47,6512,greenran_normal,0,0,65535_65535,2,56,3838735,27,1,1,1,4,27,28,1,1,allocated
47,6512,greenran_normal,0,0,65535_65535,2,57,3838735,19,1,1,0,3,0,28,1,1,pre_allocation
47,6512,greenran_normal,0,0,65535_65535,2,57,3838735,27,1,1,1,4,27,28,1,1,allocated
47,6512,greenran_normal,0,0,65535_65535,2,38,3840614,1,1,1,0,4,0,2,1,1,pre_allocation
47,6512,greenran_normal,0,0,65535_65535,2,38,3840614,1,1,1,1,5,1,2,1,1,allocated
47,6512,greenran_normal,0,0,65535_65535,2,60,3840315,5,1,1,0,4,0,12,1,1,pre_allocation
47,6512,greenran_normal,0,0,65535_65535,2,60,3840315,7,1,1,1,5,7,12,1,1,allocated
47,6512,greenran_normal,0,0,65535_65535,2,64,3840076,7,1,1,0,4,0,14,1,1,pre_allocation
47,6512,greenran_normal,0,0,65535_65535,2,64,3840076,10,1,1,1,5,10,14,1,1,allocated
47,6512,greenran_normal,0,0,65535_65535,2,43,3839571,15,1,1,0,4,0,20,1,1,pre_allocation
47,6512,greenran_normal,0,0,65535_65535,2,43,3839571,19,1,1,1,5,19,20,1,1,allocated
47,6512,greenran_normal,0,0,65535_65535,2,42,3839238,21,1,1,0,4,0,24,1,1,pre_allocation
47,6512,greenran_normal,0,0,65535_65535,2,42,3839238,27,1,1,1,5,27,24,1,1,allocated
47,6512,greenran_normal,0,0,65535_65535,2,36,3838848,21,1,1,0,4,0,24,1,1,pre_allocation
47,6512,greenran_normal,0,0,65535_65535,2,36,3838848,27,1,1,1,5,27,24,1,1,allocated
47,6512,greenran_normal,0,0,65535_65535,2,58,3838815,27,1,1,0,4,0,28,1,1,pre_allocation
47,6512,greenran_normal,0,0,65535_65535,2,58,3838815,34,1,1,1,5,34,28,1,1,allocated
47,6512,greenran_normal,0,0,65535_65535,2,59,3838783,21,1,1,0,4,0,24,1,1,pre_allocation
47,6512,greenran_normal,0,0,65535_65535,2,59,3838783,27,1,1,1,5,27,24,1,1,allocated
47,6512,greenran_normal,0,0,65535_65535,2,39,3838747,27,1,1,0,4,0,28,1,1,pre_allocation
47,6512,greenran_normal,0,0,65535_65535,2,39,3838747,34,1,1,1,5,34,28,1,1,allocated
47,6512,greenran_normal,0,0,65535_65535,2,40,3838745,27,1,1,0,4,0,28,1,1,pre_allocation
47,6512,greenran_normal,0,0,65535_65535,2,40,3838745,34,1,1,1,5,34,28,1,1,allocated
47,6512,greenran_normal,0,0,65535_65535,2,63,3838741,27,1,1,0,4,0,28,1,1,pre_allocation
47,6512,greenran_normal,0,0,65535_65535,2,63,3838741,34,1,1,1,5,34,28,1,1,allocated
47,6512,greenran_normal,0,0,65535_65535,2,62,3838741,27,1,1,0,4,0,28,1,1,pre_allocation
47,6512,greenran_normal,0,0,65535_65535,2,62,3838741,34,1,1,1,5,34,28,1,1,allocated
47,6512,greenran_normal,0,0,65535_65535,2,61,3838740,27,1,1,0,4,0,28,1,1,pre_allocation
47,6512,greenran_normal,0,0,65535_65535,2,61,3838740,34,1,1,1,5,34,28,1,1,allocated
47,6512,greenran_normal,0,0,65535_65535,2,44,3838736,27,1,1,0,4,0,28,1,1,pre_allocation
47,6512,greenran_normal,0,0,65535_65535,2,44,3838736,34,1,1,1,5,34,28,1,1,allocated
47,6512,greenran_normal,0,0,65535_65535,2,55,3838736,27,1,1,0,4,0,28,1,1,pre_allocation
47,6512,greenran_normal,0,0,65535_65535,2,55,3838736,34,1,1,1,5,34,28,1,1,allocated
47,6512,greenran_normal,0,0,65535_65535,2,35,3838735,27,1,1,0,4,0,28,1,1,pre_allocation
47,6512,greenran_normal,0,0,65535_65535,2,35,3838735,34,1,1,1,5,34,28,1,1,allocated
47,6512,greenran_normal,0,0,65535_65535,2,37,3838738,27,1,1,0,4,0,28,1,1,pre_allocation
47,6512,greenran_normal,0,0,65535_65535,2,37,3838738,34,1,1,1,5,34,28,1,1,allocated
47,6512,greenran_normal,0,0,65535_65535,2,41,3838738,27,1,1,0,4,0,28,1,1,pre_allocation
47,6512,greenran_normal,0,0,65535_65535,2,41,3838738,34,1,1,1,5,34,28,1,1,allocated
47,6512,greenran_normal,0,0,65535_65535,2,56,3838735,27,1,1,0,4,0,28,1,1,pre_allocation
47,6512,greenran_normal,0,0,65535_65535,2,56,3838735,34,1,1,1,5,34,28,1,1,allocated
47,6512,greenran_normal,0,0,65535_65535,2,57,3838735,27,1,1,0,4,0,28,1,1,pre_allocation
47,6512,greenran_normal,0,0,65535_65535,2,57,3838735,34,1,1,1,5,34,28,1,1,allocated
47,6512,greenran_normal,0,0,65535_65535,2,38,3840614,1,1,1,0,5,0,2,1,1,pre_allocation
47,6512,greenran_normal,0,0,65535_65535,2,38,3840614,1,1,1,1,6,1,2,1,1,allocated
47,6512,greenran_normal,0,0,65535_65535,2,60,3840315,7,1,1,0,5,0,12,1,1,pre_allocation
47,6512,greenran_normal,0,0,65535_65535,2,60,3840315,9,1,1,1,6,9,12,1,1,allocated
47,6512,greenran_normal,0,0,65535_65535,2,64,3840076,10,1,1,0,5,0,14,1,1,pre_allocation
47,6512,greenran_normal,0,0,65535_65535,2,64,3840076,12,1,1,1,6,12,14,1,1,allocated
47,6512,greenran_normal,0,0,65535_65535,2,43,3839571,19,1,1,0,5,0,20,1,1,pre_allocation
47,6512,greenran_normal,0,0,65535_65535,2,43,3839571,24,1,1,1,6,24,20,1,1,allocated
47,6512,greenran_normal,0,0,65535_65535,2,42,3839238,27,1,1,0,5,0,24,1,1,pre_allocation
47,6512,greenran_normal,0,0,65535_65535,2,42,3839238,34,1,1,1,6,34,24,1,1,allocated
47,6512,greenran_normal,0,0,65535_65535,2,36,3838848,27,1,1,0,5,0,24,1,1,pre_allocation
47,6512,greenran_normal,0,0,65535_65535,2,36,3838848,34,1,1,1,6,34,24,1,1,allocated
47,6512,greenran_normal,0,0,65535_65535,2,58,3838815,34,1,1,0,5,0,28,1,1,pre_allocation
47,6512,greenran_normal,0,0,65535_65535,2,58,3838815,42,1,1,1,6,42,28,1,1,allocated
47,6512,greenran_normal,0,0,65535_65535,2,59,3838783,27,1,1,0,5,0,24,1,1,pre_allocation
47,6512,greenran_normal,0,0,65535_65535,2,59,3838783,34,1,1,1,6,34,24,1,1,allocated
47,6512,greenran_normal,0,0,65535_65535,2,39,3838747,34,1,1,0,5,0,28,1,1,pre_allocation
47,6512,greenran_normal,0,0,65535_65535,2,39,3838747,42,1,1,1,6,42,28,1,1,allocated
47,6512,greenran_normal,0,0,65535_65535,2,40,3838745,34,1,1,0,5,0,28,1,1,pre_allocation
47,6512,greenran_normal,0,0,65535_65535,2,40,3838745,42,1,1,1,6,42,28,1,1,allocated
47,6512,greenran_normal,0,0,65535_65535,2,63,3838741,34,1,1,0,5,0,28,1,1,pre_allocation
47,6512,greenran_normal,0,0,65535_65535,2,63,3838741,42,1,1,1,6,42,28,1,1,allocated
47,6512,greenran_normal,0,0,65535_65535,2,62,3838741,34,1,1,0,5,0,28,1,1,pre_allocation
47,6512,greenran_normal,0,0,65535_65535,2,62,3838741,42,1,1,1,6,42,28,1,1,allocated
47,6512,greenran_normal,0,0,65535_65535,2,61,3838740,34,1,1,0,5,0,28,1,1,pre_allocation
47,6512,greenran_normal,0,0,65535_65535,2,61,3838740,42,1,1,1,6,42,28,1,1,allocated
47,6512,greenran_normal,0,0,65535_65535,2,44,3838736,34,1,1,0,5,0,28,1,1,pre_allocation
47,6512,greenran_normal,0,0,65535_65535,2,44,3838736,42,1,1,1,6,42,28,1,1,allocated
47,6512,greenran_normal,0,0,65535_65535,2,55,3838736,34,1,1,0,5,0,28,1,1,pre_allocation
47,6512,greenran_normal,0,0,65535_65535,2,55,3838736,42,1,1,1,6,42,28,1,1,allocated
47,6512,greenran_normal,0,0,65535_65535,2,35,3838735,34,1,1,0,5,0,28,1,1,pre_allocation
47,6512,greenran_normal,0,0,65535_65535,2,35,3838735,42,1,1,1,6,42,28,1,1,allocated
47,6512,greenran_normal,0,0,65535_65535,2,37,3838738,34,1,1,0,5,0,28,1,1,pre_allocation
47,6512,greenran_normal,0,0,65535_65535,2,37,3838738,42,1,1,1,6,42,28,1,1,allocated
47,6512,greenran_normal,0,0,65535_65535,2,41,3838738,34,1,1,0,5,0,28,1,1,pre_allocation
47,6512,greenran_normal,0,0,65535_65535,2,41,3838738,42,1,1,1,6,42,28,1,1,allocated
47,6512,greenran_normal,0,0,65535_65535,2,56,3838735,34,1,1,0,5,0,28,1,1,pre_allocation
47,6512,greenran_normal,0,0,65535_65535,2,56,3838735,42,1,1,1,6,42,28,1,1,allocated
49,6716,greenran_normal,0,0,65535_65535,0,4,123995,0,1,1,0,0,0,24,1,1,pre_allocation
49,6716,greenran_normal,0,0,65535_65535,0,4,123995,3,1,1,1,1,3,24,1,1,allocated
49,6716,greenran_normal,0,0,65535_65535,0,3,121963,0,1,1,0,0,0,28,1,1,pre_allocation
49,6716,greenran_normal,0,0,65535_65535,0,3,121963,4,1,1,1,1,4,28,1,1,allocated
49,6716,greenran_normal,0,0,65535_65535,0,1,121965,0,1,1,0,0,0,28,1,1,pre_allocation
49,6716,greenran_normal,0,0,65535_65535,0,1,121965,4,1,1,1,1,4,28,1,1,allocated
49,6716,greenran_normal,0,0,65535_65535,0,2,121965,0,1,1,0,0,0,28,1,1,pre_allocation
49,6716,greenran_normal,0,0,65535_65535,0,2,121965,4,1,1,1,1,4,28,1,1,allocated
49,6716,greenran_normal,0,0,65535_65535,0,5,121957,0,1,1,0,0,0,28,1,1,pre_allocation
49,6716,greenran_normal,0,0,65535_65535,0,5,121957,4,1,1,1,1,4,28,1,1,allocated
49,6716,greenran_normal,0,0,65535_65535,0,4,123995,3,1,1,0,1,0,24,1,1,pre_allocation
49,6716,greenran_normal,0,0,65535_65535,0,4,123995,9,1,1,1,2,9,24,1,1,allocated
49,6716,greenran_normal,0,0,65535_65535,0,3,121963,4,1,1,0,1,0,28,1,1,pre_allocation
49,6716,greenran_normal,0,0,65535_65535,0,3,121963,12,1,1,1,2,12,28,1,1,allocated
49,6716,greenran_normal,0,0,65535_65535,0,1,121965,4,1,1,0,1,0,28,1,1,pre_allocation
49,6716,greenran_normal,0,0,65535_65535,0,1,121965,12,1,1,1,2,12,28,1,1,allocated
49,6716,greenran_normal,0,0,65535_65535,0,2,121965,4,1,1,0,1,0,28,1,1,pre_allocation
49,6716,greenran_normal,0,0,65535_65535,0,2,121965,12,1,1,1,2,12,28,1,1,allocated
49,6716,greenran_normal,0,0,65535_65535,0,5,121957,4,1,1,0,1,0,28,1,1,pre_allocation
49,6716,greenran_normal,0,0,65535_65535,0,5,121957,12,1,1,1,2,12,28,1,1,allocated
49,6716,greenran_normal,0,0,65535_65535,0,4,123995,9,1,1,0,2,0,24,1,1,pre_allocation
49,6716,greenran_normal,0,0,65535_65535,0,4,123995,15,1,1,1,3,15,24,1,1,allocated
49,6716,greenran_normal,0,0,65535_65535,0,3,121963,12,1,1,0,2,0,28,1,1,pre_allocation
49,6716,greenran_normal,0,0,65535_65535,0,3,121963,19,1,1,1,3,19,28,1,1,allocated
49,6716,greenran_normal,0,0,65535_65535,0,1,121965,12,1,1,0,2,0,28,1,1,pre_allocation
49,6716,greenran_normal,0,0,65535_65535,0,1,121965,19,1,1,1,3,19,28,1,1,allocated
49,6716,greenran_normal,0,0,65535_65535,0,2,121965,12,1,1,0,2,0,28,1,1,pre_allocation
49,6716,greenran_normal,0,0,65535_65535,0,2,121965,19,1,1,1,3,19,28,1,1,allocated
49,6716,greenran_normal,0,0,65535_65535,0,5,121957,12,1,1,0,2,0,28,1,1,pre_allocation
49,6716,greenran_normal,0,0,65535_65535,0,5,121957,19,1,1,1,3,19,28,1,1,allocated
49,6716,greenran_normal,0,0,65535_65535,0,4,123995,15,1,1,0,3,0,24,1,1,pre_allocation
49,6716,greenran_normal,0,0,65535_65535,0,4,123995,21,1,1,1,4,21,24,1,1,allocated
49,6716,greenran_normal,0,0,65535_65535,0,3,121963,19,1,1,0,3,0,28,1,1,pre_allocation
49,6716,greenran_normal,0,0,65535_65535,0,3,121963,27,1,1,1,4,27,28,1,1,allocated
49,6716,greenran_normal,0,0,65535_65535,0,1,121965,19,1,1,0,3,0,28,1,1,pre_allocation
49,6716,greenran_normal,0,0,65535_65535,0,1,121965,27,1,1,1,4,27,28,1,1,allocated
49,6716,greenran_normal,0,0,65535_65535,0,2,121965,19,1,1,0,3,0,28,1,1,pre_allocation
49,6716,greenran_normal,0,0,65535_65535,0,2,121965,27,1,1,1,4,27,28,1,1,allocated
49,6716,greenran_normal,0,0,65535_65535,0,5,121957,19,1,1,0,3,0,28,1,1,pre_allocation
49,6716,greenran_normal,0,0,65535_65535,0,5,121957,27,1,1,1,4,27,28,1,1,allocated
49,6716,greenran_normal,0,0,65535_65535,0,4,123995,21,1,1,0,4,0,24,1,1,pre_allocation
49,6716,greenran_normal,0,0,65535_65535,0,4,123995,27,1,1,1,5,27,24,1,1,allocated
49,6716,greenran_normal,0,0,65535_65535,0,3,121963,27,1,1,0,4,0,28,1,1,pre_allocation
49,6716,greenran_normal,0,0,65535_65535,0,3,121963,34,1,1,1,5,34,28,1,1,allocated
49,6716,greenran_normal,0,0,65535_65535,0,1,121965,27,1,1,0,4,0,28,1,1,pre_allocation
49,6716,greenran_normal,0,0,65535_65535,0,1,121965,34,1,1,1,5,34,28,1,1,allocated
49,6716,greenran_normal,0,0,65535_65535,0,2,121965,27,1,1,0,4,0,28,1,1,pre_allocation
49,6716,greenran_normal,0,0,65535_65535,0,2,121965,34,1,1,1,5,34,28,1,1,allocated
49,6716,greenran_normal,0,0,65535_65535,0,5,121957,27,1,1,0,4,0,28,1,1,pre_allocation
49,6716,greenran_normal,0,0,65535_65535,0,5,121957,34,1,1,1,5,34,28,1,1,allocated
49,6716,greenran_normal,0,0,65535_65535,0,4,123995,27,1,1,0,5,0,24,1,1,pre_allocation
49,6716,greenran_normal,0,0,65535_65535,0,4,123995,34,1,1,1,6,34,24,1,1,allocated
49,6716,greenran_normal,0,0,65535_65535,0,3,121963,34,1,1,0,5,0,28,1,1,pre_allocation
49,6716,greenran_normal,0,0,65535_65535,0,3,121963,42,1,1,1,6,42,28,1,1,allocated
49,6716,greenran_normal,0,0,65535_65535,0,1,121965,34,1,1,0,5,0,28,1,1,pre_allocation
49,6716,greenran_normal,0,0,65535_65535,0,1,121965,42,1,1,1,6,42,28,1,1,allocated
49,6716,greenran_normal,0,0,65535_65535,0,2,121965,34,1,1,0,5,0,28,1,1,pre_allocation
49,6716,greenran_normal,0,0,65535_65535,0,2,121965,42,1,1,1,6,42,28,1,1,allocated
49,6716,greenran_normal,0,0,65535_65535,0,5,121957,34,1,1,0,5,0,28,1,1,pre_allocation
49,6716,greenran_normal,0,0,65535_65535,0,5,121957,42,1,1,1,6,42,28,1,1,allocated
49,6716,greenran_normal,0,0,65535_65535,0,4,123995,34,1,1,0,6,0,24,1,1,pre_allocation
49,6716,greenran_normal,0,0,65535_65535,0,4,123995,40,1,1,1,7,40,24,1,1,allocated
49,6716,greenran_normal,0,0,65535_65535,0,3,121963,42,1,1,0,6,0,28,1,1,pre_allocation
49,6716,greenran_normal,0,0,65535_65535,0,3,121963,50,1,1,1,7,50,28,1,1,allocated
49,6716,greenran_normal,0,0,65535_65535,0,1,121965,42,1,1,0,6,0,28,1,1,pre_allocation
49,6716,greenran_normal,0,0,65535_65535,0,1,121965,50,1,1,1,7,50,28,1,1,allocated
49,6716,greenran_normal,0,0,65535_65535,0,2,121965,42,1,1,0,6,0,28,1,1,pre_allocation
49,6716,greenran_normal,0,0,65535_65535,0,2,121965,50,1,1,1,7,50,28,1,1,allocated
49,6716,greenran_normal,0,0,65535_65535,0,5,121957,42,1,1,0,6,0,28,1,1,pre_allocation
49,6716,greenran_normal,0,0,65535_65535,0,5,121957,50,1,1,1,7,50,28,1,1,allocated
49,6716,greenran_normal,0,0,65535_65535,0,4,123995,40,1,1,0,7,0,24,1,1,pre_allocation
49,6716,greenran_normal,0,0,65535_65535,0,4,123995,46,1,1,1,8,46,24,1,1,allocated
49,6716,greenran_normal,0,0,65535_65535,0,3,121963,50,1,1,0,7,0,28,1,1,pre_allocation
49,6716,greenran_normal,0,0,65535_65535,0,3,121963,57,1,1,1,8,57,28,1,1,allocated
49,6716,greenran_normal,0,0,65535_65535,0,1,121965,50,1,1,0,7,0,28,1,1,pre_allocation
49,6716,greenran_normal,0,0,65535_65535,0,1,121965,57,1,1,1,8,57,28,1,1,allocated
49,6716,greenran_normal,0,0,65535_65535,0,2,121965,50,1,1,0,7,0,28,1,1,pre_allocation
49,6716,greenran_normal,0,0,65535_65535,0,2,121965,57,1,1,1,8,57,28,1,1,allocated
49,6716,greenran_normal,0,0,65535_65535,0,5,121957,50,1,1,0,7,0,28,1,1,pre_allocation
49,6716,greenran_normal,0,0,65535_65535,0,5,121957,57,1,1,1,8,57,28,1,1,allocated
49,6716,greenran_normal,0,0,65535_65535,0,4,123995,46,1,1,0,8,0,24,1,1,pre_allocation
49,6716,greenran_normal,0,0,65535_65535,0,4,123995,52,1,1,1,9,52,24,1,1,allocated
49,6716,greenran_normal,0,0,65535_65535,0,3,121963,57,1,1,0,8,0,28,1,1,pre_allocation
49,6716,greenran_normal,0,0,65535_65535,0,3,121963,65,1,1,1,9,65,28,1,1,allocated
49,6716,greenran_normal,0,0,65535_65535,0,1,121965,57,1,1,0,8,0,28,1,1,pre_allocation
49,6716,greenran_normal,0,0,65535_65535,0,1,121965,65,1,1,1,9,65,28,1,1,allocated
49,6716,greenran_normal,0,0,65535_65535,0,2,121965,57,1,1,0,8,0,28,1,1,pre_allocation
49,6716,greenran_normal,0,0,65535_65535,0,2,121965,65,1,1,1,9,65,28,1,1,allocated
49,6716,greenran_normal,0,0,65535_65535,0,5,121957,57,1,1,0,8,0,28,1,1,pre_allocation
49,6716,greenran_normal,0,0,65535_65535,0,5,121957,65,1,1,1,9,65,28,1,1,allocated
49,6716,greenran_normal,0,0,65535_65535,0,4,123995,52,1,1,0,9,0,24,1,1,pre_allocation
49,6716,greenran_normal,0,0,65535_65535,0,4,123995,58,1,1,1,10,58,24,1,1,allocated
49,6716,greenran_normal,0,0,65535_65535,0,3,121963,65,1,1,0,9,0,28,1,1,pre_allocation
49,6716,greenran_normal,0,0,65535_65535,0,3,121963,72,1,1,1,10,72,28,1,1,allocated
49,6716,greenran_normal,0,0,65535_65535,0,1,121965,65,1,1,0,9,0,28,1,1,pre_allocation
49,6716,greenran_normal,0,0,65535_65535,0,1,121965,72,1,1,1,10,72,28,1,1,allocated
49,6716,greenran_normal,0,0,65535_65535,0,2,121965,65,1,1,0,9,0,28,1,1,pre_allocation
49,6716,greenran_normal,0,0,65535_65535,0,2,121965,72,1,1,1,10,72,28,1,1,allocated
49,6716,greenran_normal,0,0,65535_65535,0,5,121957,65,1,1,0,9,0,28,1,1,pre_allocation
49,6716,greenran_normal,0,0,65535_65535,0,5,121957,72,1,1,1,10,72,28,1,1,allocated
49,6716,greenran_normal,0,0,65535_65535,0,4,123995,58,1,1,0,10,0,24,1,1,pre_allocation
49,6716,greenran_normal,0,0,65535_65535,0,4,123995,65,1,1,1,11,65,24,1,1,allocated
49,6716,greenran_normal,0,0,65535_65535,0,3,121963,72,1,1,0,10,0,28,1,1,pre_allocation
49,6716,greenran_normal,0,0,65535_65535,0,3,121963,80,1,1,1,11,80,28,1,1,allocated
49,6716,greenran_normal,0,0,65535_65535,0,1,121965,72,1,1,0,10,0,28,1,1,pre_allocation
49,6716,greenran_normal,0,0,65535_65535,0,1,121965,80,1,1,1,11,80,28,1,1,allocated
49,6716,greenran_normal,0,0,65535_65535,0,2,121965,72,1,1,0,10,0,28,1,1,pre_allocation
49,6716,greenran_normal,0,0,65535_65535,0,2,121965,80,1,1,1,11,80,28,1,1,allocated
49,6716,greenran_normal,0,0,65535_65535,0,5,121957,72,1,1,0,10,0,28,1,1,pre_allocation
49,6716,greenran_normal,0,0,65535_65535,0,5,121957,80,1,1,1,11,80,28,1,1,allocated
49,6716,greenran_normal,0,0,65535_65535,0,4,123995,65,1,1,0,11,0,24,1,1,pre_allocation
49,6716,greenran_normal,0,0,65535_65535,0,4,123995,71,1,1,1,12,71,24,1,1,allocated
49,6716,greenran_normal,0,0,65535_65535,0,3,121963,80,1,1,0,11,0,28,1,1,pre_allocation
49,6716,greenran_normal,0,0,65535_65535,0,3,121963,88,1,1,1,12,88,28,1,1,allocated
49,6716,greenran_normal,0,0,65535_65535,0,1,121965,80,1,1,0,11,0,28,1,1,pre_allocation
49,6716,greenran_normal,0,0,65535_65535,0,1,121965,88,1,1,1,12,88,28,1,1,allocated
49,6716,greenran_normal,0,0,65535_65535,0,2,121965,80,1,1,0,11,0,28,1,1,pre_allocation
49,6716,greenran_normal,0,0,65535_65535,0,2,121965,88,1,1,1,12,88,28,1,1,allocated
49,6716,greenran_normal,0,0,65535_65535,0,5,121957,80,1,1,0,11,0,28,1,1,pre_allocation
49,6716,greenran_normal,0,0,65535_65535,0,5,121957,88,1,1,1,12,88,28,1,1,allocated
49,6716,greenran_normal,0,0,65535_65535,0,4,123995,71,1,1,0,12,0,24,1,1,pre_allocation
49,6716,greenran_normal,0,0,65535_65535,0,4,123995,77,1,1,1,13,77,24,1,1,allocated
49,6716,greenran_normal,0,0,65535_65535,0,3,121963,88,1,1,0,12,0,28,1,1,pre_allocation
49,6716,greenran_normal,0,0,65535_65535,0,3,121963,95,1,1,1,13,95,28,1,1,allocated
49,6716,greenran_normal,0,0,65535_65535,0,1,121965,88,1,1,0,12,0,28,1,1,pre_allocation
49,6716,greenran_normal,0,0,65535_65535,0,1,121965,95,1,1,1,13,95,28,1,1,allocated
49,6716,greenran_normal,0,0,65535_65535,0,2,121965,88,1,1,0,12,0,28,1,1,pre_allocation
49,6716,greenran_normal,0,0,65535_65535,0,2,121965,95,1,1,1,13,95,28,1,1,allocated
49,6716,greenran_normal,0,0,65535_65535,0,5,121957,88,1,1,0,12,0,28,1,1,pre_allocation
49,6716,greenran_normal,0,0,65535_65535,0,5,121957,95,1,1,1,13,95,28,1,1,allocated
49,6716,greenran_normal,0,0,65535_65535,0,4,123995,77,1,1,0,13,0,24,1,1,pre_allocation
49,6716,greenran_normal,0,0,65535_65535,0,4,123995,83,1,1,1,14,83,24,1,1,allocated
49,6716,greenran_normal,0,0,65535_65535,0,3,121963,95,1,1,0,13,0,28,1,1,pre_allocation
49,6716,greenran_normal,0,0,65535_65535,0,3,121963,103,1,1,1,14,103,28,1,1,allocated
49,6716,greenran_normal,0,0,65535_65535,0,1,121965,95,1,1,0,13,0,28,1,1,pre_allocation
49,6716,greenran_normal,0,0,65535_65535,0,1,121965,103,1,1,1,14,103,28,1,1,allocated
49,6716,greenran_normal,0,0,65535_65535,0,2,121965,95,1,1,0,13,0,28,1,1,pre_allocation
49,6716,greenran_normal,0,0,65535_65535,0,2,121965,103,1,1,1,14,103,28,1,1,allocated
49,6716,greenran_normal,0,0,65535_65535,0,5,121957,95,1,1,0,13,0,28,1,1,pre_allocation
49,6716,greenran_normal,0,0,65535_65535,0,5,121957,103,1,1,1,14,103,28,1,1,allocated
49,6716,greenran_normal,0,0,65535_65535,0,4,123995,83,1,1,0,14,0,24,1,1,pre_allocation
49,6716,greenran_normal,0,0,65535_65535,0,4,123995,89,1,1,1,15,89,24,1,1,allocated
49,6716,greenran_normal,0,0,65535_65535,0,3,121963,103,1,1,0,14,0,28,1,1,pre_allocation
49,6716,greenran_normal,0,0,65535_65535,0,3,121963,110,1,1,1,15,110,28,1,1,allocated
49,6716,greenran_normal,0,0,65535_65535,0,1,121965,103,1,1,0,14,0,28,1,1,pre_allocation
49,6716,greenran_normal,0,0,65535_65535,0,1,121965,110,1,1,1,15,110,28,1,1,allocated
49,6716,greenran_normal,0,0,65535_65535,0,2,121965,103,1,1,0,14,0,28,1,1,pre_allocation
49,6716,greenran_normal,0,0,65535_65535,0,2,121965,110,1,1,1,15,110,28,1,1,allocated
49,6716,greenran_normal,0,0,65535_65535,0,5,121957,103,1,1,0,14,0,28,1,1,pre_allocation
49,6716,greenran_normal,0,0,65535_65535,0,5,121957,110,1,1,1,15,110,28,1,1,allocated
49,6716,greenran_normal,0,0,65535_65535,0,4,123995,89,1,1,0,15,0,24,1,1,pre_allocation
49,6716,greenran_normal,0,0,65535_65535,0,4,123995,96,1,1,1,16,96,24,1,1,allocated
49,6716,greenran_normal,0,0,65535_65535,0,3,121963,110,1,1,0,15,0,28,1,1,pre_allocation
49,6716,greenran_normal,0,0,65535_65535,0,3,121963,118,1,1,1,16,118,28,1,1,allocated
49,6716,greenran_normal,0,0,65535_65535,0,1,121965,110,1,1,0,15,0,28,1,1,pre_allocation
49,6716,greenran_normal,0,0,65535_65535,0,1,121965,118,1,1,1,16,118,28,1,1,allocated
49,6716,greenran_normal,0,0,65535_65535,0,2,121965,110,1,1,0,15,0,28,1,1,pre_allocation
49,6716,greenran_normal,0,0,65535_65535,0,2,121965,118,1,1,1,16,118,28,1,1,allocated
49,6716,greenran_normal,0,0,65535_65535,0,5,121957,110,1,1,0,15,0,28,1,1,pre_allocation
49,6716,greenran_normal,0,0,65535_65535,0,5,121957,118,1,1,1,16,118,28,1,1,allocated
49,6716,greenran_normal,0,0,65535_65535,0,4,123995,96,1,1,0,16,0,24,1,1,pre_allocation
49,6716,greenran_normal,0,0,65535_65535,0,4,123995,102,1,1,1,17,102,24,1,1,allocated
49,6716,greenran_normal,0,0,65535_65535,0,3,121963,118,1,1,0,16,0,28,1,1,pre_allocation
49,6716,greenran_normal,0,0,65535_65535,0,3,121963,126,1,1,1,17,126,28,1,1,allocated
49,6716,greenran_normal,0,0,65535_65535,0,1,121965,118,1,1,0,16,0,28,1,1,pre_allocation
49,6716,greenran_normal,0,0,65535_65535,0,1,121965,126,1,1,1,17,126,28,1,1,allocated
49,6716,greenran_normal,0,0,65535_65535,0,2,121965,118,1,1,0,16,0,28,1,1,pre_allocation
49,6716,greenran_normal,0,0,65535_65535,0,2,121965,126,1,1,1,17,126,28,1,1,allocated
49,6716,greenran_normal,0,0,65535_65535,0,5,121957,118,1,1,0,16,0,28,1,1,pre_allocation
49,6716,greenran_normal,0,0,65535_65535,0,5,121957,126,1,1,1,17,126,28,1,1,allocated
49,6716,greenran_normal,0,0,65535_65535,0,4,123995,102,1,1,0,17,0,24,1,1,pre_allocation
49,6716,greenran_normal,0,0,65535_65535,0,4,123995,108,1,1,1,18,108,24,1,1,allocated
49,6716,greenran_normal,0,0,65535_65535,0,3,121963,126,1,1,0,17,0,28,1,1,pre_allocation
49,6716,greenran_normal,0,0,65535_65535,0,3,121963,133,1,1,1,18,133,28,1,1,allocated
49,6716,greenran_normal,0,0,65535_65535,0,1,121965,126,1,1,0,17,0,28,1,1,pre_allocation
49,6716,greenran_normal,0,0,65535_65535,0,1,121965,133,1,1,1,18,133,28,1,1,allocated
49,6716,greenran_normal,0,0,65535_65535,0,2,121965,126,1,1,0,17,0,28,1,1,pre_allocation
49,6716,greenran_normal,0,0,65535_65535,0,2,121965,133,1,1,1,18,133,28,1,1,allocated
49,6716,greenran_normal,0,0,65535_65535,0,5,121957,126,1,1,0,17,0,28,1,1,pre_allocation
49,6716,greenran_normal,0,0,65535_65535,0,5,121957,133,1,1,1,18,133,28,1,1,allocated
49,6716,greenran_normal,0,0,65535_65535,0,4,123995,108,1,1,0,18,0,24,1,1,pre_allocation
49,6716,greenran_normal,0,0,65535_65535,0,4,123995,114,1,1,1,19,114,24,1,1,allocated
49,6716,greenran_normal,0,0,65535_65535,0,3,121963,133,1,1,0,18,0,28,1,1,pre_allocation
49,6716,greenran_normal,0,0,65535_65535,0,3,121963,141,1,1,1,19,141,28,1,1,allocated
49,6716,greenran_normal,0,0,65535_65535,0,1,121965,133,1,1,0,18,0,28,1,1,pre_allocation
49,6716,greenran_normal,0,0,65535_65535,0,1,121965,141,1,1,1,19,141,28,1,1,allocated
49,6716,greenran_normal,0,0,65535_65535,0,2,121965,133,1,1,0,18,0,28,1,1,pre_allocation
49,6716,greenran_normal,0,0,65535_65535,0,2,121965,141,1,1,1,19,141,28,1,1,allocated
49,6716,greenran_normal,0,0,65535_65535,0,5,121957,133,1,1,0,18,0,28,1,1,pre_allocation
49,6716,greenran_normal,0,0,65535_65535,0,5,121957,141,1,1,1,19,141,28,1,1,allocated
49,6716,greenran_normal,0,0,65535_65535,0,4,123995,114,1,1,0,19,0,24,1,1,pre_allocation
49,6716,greenran_normal,0,0,65535_65535,0,4,123995,120,1,1,1,20,120,24,1,1,allocated
49,6716,greenran_normal,0,0,65535_65535,0,3,121963,141,1,1,0,19,0,28,1,1,pre_allocation
49,6716,greenran_normal,0,0,65535_65535,0,3,121963,148,1,1,1,20,148,28,1,1,allocated
49,6716,greenran_normal,0,0,65535_65535,0,1,121965,141,1,1,0,19,0,28,1,1,pre_allocation
49,6716,greenran_normal,0,0,65535_65535,0,1,121965,148,1,1,1,20,148,28,1,1,allocated
49,6716,greenran_normal,0,0,65535_65535,0,2,121965,141,1,1,0,19,0,28,1,1,pre_allocation
49,6716,greenran_normal,0,0,65535_65535,0,2,121965,148,1,1,1,20,148,28,1,1,allocated
49,6716,greenran_normal,0,0,65535_65535,0,5,121957,141,1,1,0,19,0,28,1,1,pre_allocation
49,6716,greenran_normal,0,0,65535_65535,0,5,121957,148,1,1,1,20,148,28,1,1,allocated
49,6716,greenran_normal,0,0,65535_65535,0,4,123995,120,1,1,0,20,0,24,1,1,pre_allocation
49,6716,greenran_normal,0,0,65535_65535,0,4,123995,126,1,1,1,21,126,24,1,1,allocated
49,6716,greenran_normal,0,0,65535_65535,0,3,121963,148,1,1,0,20,0,28,1,1,pre_allocation
49,6716,greenran_normal,0,0,65535_65535,0,3,121963,156,1,1,1,21,156,28,1,1,allocated
49,6716,greenran_normal,0,0,65535_65535,0,1,121965,148,1,1,0,20,0,28,1,1,pre_allocation
49,6716,greenran_normal,0,0,65535_65535,0,1,121965,156,1,1,1,21,156,28,1,1,allocated
49,6716,greenran_normal,0,0,65535_65535,0,2,121965,148,1,1,0,20,0,28,1,1,pre_allocation
49,6716,greenran_normal,0,0,65535_65535,0,2,121965,156,1,1,1,21,156,28,1,1,allocated
49,6716,greenran_normal,0,0,65535_65535,0,5,121957,148,1,1,0,20,0,28,1,1,pre_allocation
49,6716,greenran_normal,0,0,65535_65535,0,5,121957,156,1,1,1,21,156,28,1,1,allocated
49,6716,greenran_normal,0,0,65535_65535,0,4,123995,126,1,1,0,21,0,24,1,1,pre_allocation
49,6716,greenran_normal,0,0,65535_65535,0,4,123995,133,1,1,1,22,133,24,1,1,allocated
49,6716,greenran_normal,0,0,65535_65535,0,3,121963,156,1,1,0,21,0,28,1,1,pre_allocation
49,6716,greenran_normal,0,0,65535_65535,0,3,121963,163,1,1,1,22,163,28,1,1,allocated
49,6716,greenran_normal,0,0,65535_65535,0,1,121965,156,1,1,0,21,0,28,1,1,pre_allocation
49,6716,greenran_normal,0,0,65535_65535,0,1,121965,163,1,1,1,22,163,28,1,1,allocated
49,6716,greenran_normal,0,0,65535_65535,0,2,121965,156,1,1,0,21,0,28,1,1,pre_allocation
49,6716,greenran_normal,0,0,65535_65535,0,2,121965,163,1,1,1,22,163,28,1,1,allocated
49,6716,greenran_normal,0,0,65535_65535,0,5,121957,156,1,1,0,21,0,28,1,1,pre_allocation
49,6716,greenran_normal,0,0,65535_65535,0,5,121957,163,1,1,1,22,163,28,1,1,allocated
49,6716,greenran_normal,0,0,65535_65535,0,4,123995,133,1,1,0,22,0,24,1,1,pre_allocation
49,6716,greenran_normal,0,0,65535_65535,0,4,123995,139,1,1,1,23,139,24,1,1,allocated
49,6716,greenran_normal,0,0,65535_65535,0,3,121963,163,1,1,0,22,0,28,1,1,pre_allocation
49,6716,greenran_normal,0,0,65535_65535,0,3,121963,171,1,1,1,23,171,28,1,1,allocated
49,6716,greenran_normal,0,0,65535_65535,0,1,121965,163,1,1,0,22,0,28,1,1,pre_allocation
49,6716,greenran_normal,0,0,65535_65535,0,1,121965,171,1,1,1,23,171,28,1,1,allocated
49,6716,greenran_normal,0,0,65535_65535,0,2,121965,163,1,1,0,22,0,28,1,1,pre_allocation
49,6716,greenran_normal,0,0,65535_65535,0,2,121965,171,1,1,1,23,171,28,1,1,allocated
49,6716,greenran_normal,0,0,65535_65535,0,5,121957,163,1,1,0,22,0,28,1,1,pre_allocation
49,6716,greenran_normal,0,0,65535_65535,0,5,121957,171,1,1,1,23,171,28,1,1,allocated
49,6716,greenran_normal,0,0,65535_65535,0,4,123995,139,1,1,0,23,0,24,1,1,pre_allocation
49,6716,greenran_normal,0,0,65535_65535,0,4,123995,145,1,1,1,24,145,24,1,1,allocated
49,6716,greenran_normal,0,0,65535_65535,0,3,121963,171,1,1,0,23,0,28,1,1,pre_allocation
49,6716,greenran_normal,0,0,65535_65535,0,3,121963,179,1,1,1,24,179,28,1,1,allocated
49,6716,greenran_normal,0,0,65535_65535,0,1,121965,171,1,1,0,23,0,28,1,1,pre_allocation
49,6716,greenran_normal,0,0,65535_65535,0,1,121965,179,1,1,1,24,179,28,1,1,allocated
49,6716,greenran_normal,0,0,65535_65535,0,2,121965,171,1,1,0,23,0,28,1,1,pre_allocation
49,6716,greenran_normal,0,0,65535_65535,0,2,121965,179,1,1,1,24,179,28,1,1,allocated
49,6716,greenran_normal,0,0,65535_65535,0,5,121957,171,1,1,0,23,0,28,1,1,pre_allocation
49,6716,greenran_normal,0,0,65535_65535,0,5,121957,179,1,1,1,24,179,28,1,1,allocated
49,6716,greenran_normal,0,0,65535_65535,0,4,123995,145,1,1,0,24,0,24,1,1,pre_allocation
49,6716,greenran_normal,0,0,65535_65535,0,4,123995,151,1,1,1,25,151,24,1,1,allocated
49,6716,greenran_normal,0,0,65535_65535,0,3,121963,179,1,1,0,24,0,28,1,1,pre_allocation
49,6716,greenran_normal,0,0,65535_65535,0,3,121963,186,1,1,1,25,186,28,1,1,allocated
49,6716,greenran_normal,0,0,65535_65535,0,1,121965,179,1,1,0,24,0,28,1,1,pre_allocation
49,6716,greenran_normal,0,0,65535_65535,0,1,121965,186,1,1,1,25,186,28,1,1,allocated
49,6716,greenran_normal,0,0,65535_65535,0,2,121965,179,1,1,0,24,0,28,1,1,pre_allocation
49,6716,greenran_normal,0,0,65535_65535,0,2,121965,186,1,1,1,25,186,28,1,1,allocated
49,6716,greenran_normal,0,0,65535_65535,0,5,121957,179,1,1,0,24,0,28,1,1,pre_allocation
49,6716,greenran_normal,0,0,65535_65535,0,5,121957,186,1,1,1,25,186,28,1,1,allocated
49,6716,greenran_normal,0,0,65535_65535,0,4,123995,151,1,1,0,25,0,24,1,1,pre_allocation
49,6716,greenran_normal,0,0,65535_65535,0,4,123995,157,1,1,1,26,157,24,1,1,allocated
49,6716,greenran_normal,0,0,65535_65535,0,3,121963,186,1,1,0,25,0,28,1,1,pre_allocation
49,6716,greenran_normal,0,0,65535_65535,0,3,121963,194,1,1,1,26,194,28,1,1,allocated
49,6716,greenran_normal,0,0,65535_65535,0,1,121965,186,1,1,0,25,0,28,1,1,pre_allocation
49,6716,greenran_normal,0,0,65535_65535,0,1,121965,194,1,1,1,26,194,28,1,1,allocated
49,6716,greenran_normal,0,0,65535_65535,0,2,121965,186,1,1,0,25,0,28,1,1,pre_allocation
49,6716,greenran_normal,0,0,65535_65535,0,2,121965,194,1,1,1,26,194,28,1,1,allocated
49,6716,greenran_normal,0,0,65535_65535,0,5,121957,186,1,1,0,25,0,28,1,1,pre_allocation
49,6716,greenran_normal,0,0,65535_65535,0,5,121957,194,1,1,1,26,194,28,1,1,allocated
49,6716,greenran_normal,0,0,65535_65535,0,4,123995,157,1,1,0,26,0,24,1,1,pre_allocation
49,6716,greenran_normal,0,0,65535_65535,0,4,123995,164,1,1,1,27,164,24,1,1,allocated
49,6716,greenran_normal,0,0,65535_65535,0,3,121963,194,1,1,0,26,0,28,1,1,pre_allocation
49,6716,greenran_normal,0,0,65535_65535,0,3,121963,201,1,1,1,27,201,28,1,1,allocated
49,6716,greenran_normal,0,0,65535_65535,0,1,121965,194,1,1,0,26,0,28,1,1,pre_allocation
49,6716,greenran_normal,0,0,65535_65535,0,1,121965,201,1,1,1,27,201,28,1,1,allocated
49,6716,greenran_normal,0,0,65535_65535,0,2,121965,194,1,1,0,26,0,28,1,1,pre_allocation
49,6716,greenran_normal,0,0,65535_65535,0,2,121965,201,1,1,1,27,201,28,1,1,allocated
49,6716,greenran_normal,0,0,65535_65535,0,5,121957,194,1,1,0,26,0,28,1,1,pre_allocation
49,6716,greenran_normal,0,0,65535_65535,0,5,121957,201,1,1,1,27,201,28,1,1,allocated
49,6716,greenran_normal,0,0,65535_65535,0,4,123995,164,1,1,0,27,0,24,1,1,pre_allocation
49,6716,greenran_normal,0,0,65535_65535,0,4,123995,170,1,1,1,28,170,24,1,1,allocated
49,6716,greenran_normal,0,0,65535_65535,0,3,121963,201,1,1,0,27,0,28,1,1,pre_allocation
49,6716,greenran_normal,0,0,65535_65535,0,3,121963,209,1,1,1,28,209,28,1,1,allocated
49,6716,greenran_normal,0,0,65535_65535,0,1,121965,201,1,1,0,27,0,28,1,1,pre_allocation
49,6716,greenran_normal,0,0,65535_65535,0,1,121965,209,1,1,1,28,209,28,1,1,allocated
49,6716,greenran_normal,0,0,65535_65535,0,2,121965,201,1,1,0,27,0,28,1,1,pre_allocation
49,6716,greenran_normal,0,0,65535_65535,0,2,121965,209,1,1,1,28,209,28,1,1,allocated
49,6716,greenran_normal,0,0,65535_65535,0,5,121957,201,1,1,0,27,0,28,1,1,pre_allocation
49,6716,greenran_normal,0,0,65535_65535,0,5,121957,209,1,1,1,28,209,28,1,1,allocated
49,6716,greenran_normal,0,0,65535_65535,0,4,123995,170,1,1,0,28,0,24,1,1,pre_allocation
49,6716,greenran_normal,0,0,65535_65535,0,4,123995,176,1,1,1,29,176,24,1,1,allocated
49,6716,greenran_normal,0,0,65535_65535,0,3,121963,209,1,1,0,28,0,28,1,1,pre_allocation
49,6716,greenran_normal,0,0,65535_65535,0,3,121963,217,1,1,1,29,217,28,1,1,allocated
49,6716,greenran_normal,0,0,65535_65535,0,1,121965,209,1,1,0,28,0,28,1,1,pre_allocation
49,6716,greenran_normal,0,0,65535_65535,0,1,121965,217,1,1,1,29,217,28,1,1,allocated
49,6716,greenran_normal,0,0,65535_65535,0,2,121965,209,1,1,0,28,0,28,1,1,pre_allocation
49,6716,greenran_normal,0,0,65535_65535,0,2,121965,217,1,1,1,29,217,28,1,1,allocated
49,6716,greenran_normal,0,0,65535_65535,0,5,121957,209,1,1,0,28,0,28,1,1,pre_allocation
49,6716,greenran_normal,0,0,65535_65535,0,5,121957,217,1,1,1,29,217,28,1,1,allocated
49,6716,greenran_normal,0,0,65535_65535,0,4,123995,176,1,1,0,29,0,24,1,1,pre_allocation
49,6716,greenran_normal,0,0,65535_65535,0,4,123995,182,1,1,1,30,182,24,1,1,allocated
49,6716,greenran_normal,0,0,65535_65535,0,3,121963,217,1,1,0,29,0,28,1,1,pre_allocation
49,6716,greenran_normal,0,0,65535_65535,0,3,121963,224,1,1,1,30,224,28,1,1,allocated
49,6716,greenran_normal,0,0,65535_65535,0,1,121965,217,1,1,0,29,0,28,1,1,pre_allocation
49,6716,greenran_normal,0,0,65535_65535,0,1,121965,224,1,1,1,30,224,28,1,1,allocated
49,6716,greenran_normal,0,0,65535_65535,0,2,121965,217,1,1,0,29,0,28,1,1,pre_allocation
49,6716,greenran_normal,0,0,65535_65535,0,2,121965,224,1,1,1,30,224,28,1,1,allocated
49,6716,greenran_normal,0,0,65535_65535,0,5,121957,217,1,1,0,29,0,28,1,1,pre_allocation
49,6716,greenran_normal,0,0,65535_65535,0,5,121957,224,1,1,1,30,224,28,1,1,allocated
49,6716,greenran_normal,0,0,65535_65535,0,4,123995,182,1,1,0,30,0,24,1,1,pre_allocation
49,6716,greenran_normal,0,0,65535_65535,0,4,123995,188,1,1,1,31,188,24,1,1,allocated
49,6716,greenran_normal,0,0,65535_65535,0,3,121963,224,1,1,0,30,0,28,1,1,pre_allocation
49,6716,greenran_normal,0,0,65535_65535,0,3,121963,232,1,1,1,31,232,28,1,1,allocated
49,6716,greenran_normal,0,0,65535_65535,0,1,121965,224,1,1,0,30,0,28,1,1,pre_allocation
49,6716,greenran_normal,0,0,65535_65535,0,1,121965,232,1,1,1,31,232,28,1,1,allocated
49,6716,greenran_normal,0,0,65535_65535,0,2,121965,224,1,1,0,30,0,28,1,1,pre_allocation
49,6716,greenran_normal,0,0,65535_65535,0,2,121965,232,1,1,1,31,232,28,1,1,allocated
49,6716,greenran_normal,0,0,65535_65535,0,5,121957,224,1,1,0,30,0,28,1,1,pre_allocation
49,6716,greenran_normal,0,0,65535_65535,0,5,121957,232,1,1,1,31,232,28,1,1,allocated
49,6716,greenran_normal,0,0,65535_65535,0,4,123995,188,1,1,0,31,0,24,1,1,pre_allocation
49,6716,greenran_normal,0,0,65535_65535,0,4,123995,195,1,1,1,32,195,24,1,1,allocated
49,6716,greenran_normal,0,0,65535_65535,2,38,3970926,0,1,1,0,0,0,2,1,1,pre_allocation
49,6716,greenran_normal,0,0,65535_65535,2,38,3970926,0,1,1,1,1,0,2,1,1,allocated
49,6716,greenran_normal,0,0,65535_65535,2,60,3970627,0,1,1,0,0,0,12,1,1,pre_allocation
49,6716,greenran_normal,0,0,65535_65535,2,60,3970627,2,1,1,1,1,2,12,1,1,allocated
49,6716,greenran_normal,0,0,65535_65535,2,64,3970370,0,1,1,0,0,0,16,1,1,pre_allocation
49,6716,greenran_normal,0,0,65535_65535,2,64,3970370,0,1,1,1,1,0,16,1,1,allocated
49,6716,greenran_normal,0,0,65535_65535,2,43,3969850,0,1,1,0,0,0,18,1,1,pre_allocation
49,6716,greenran_normal,0,0,65535_65535,2,43,3969850,0,1,1,1,1,0,18,1,1,allocated
49,6716,greenran_normal,0,0,65535_65535,2,42,3969492,0,1,1,0,0,0,24,1,1,pre_allocation
49,6716,greenran_normal,0,0,65535_65535,2,42,3969492,3,1,1,1,1,3,24,1,1,allocated
49,6716,greenran_normal,0,0,65535_65535,2,36,3969094,0,1,1,0,0,0,28,1,1,pre_allocation
49,6716,greenran_normal,0,0,65535_65535,2,36,3969094,4,1,1,1,1,4,28,1,1,allocated
49,6716,greenran_normal,0,0,65535_65535,2,59,3969037,0,1,1,0,0,0,24,1,1,pre_allocation
49,6716,greenran_normal,0,0,65535_65535,2,59,3969037,3,1,1,1,1,3,24,1,1,allocated
49,6716,greenran_normal,0,0,65535_65535,2,58,3969056,0,1,1,0,0,0,26,1,1,pre_allocation
49,6716,greenran_normal,0,0,65535_65535,2,58,3969056,4,1,1,1,1,4,26,1,1,allocated
49,6716,greenran_normal,0,0,65535_65535,2,39,3968985,0,1,1,0,0,0,28,1,1,pre_allocation
49,6716,greenran_normal,0,0,65535_65535,2,39,3968985,4,1,1,1,1,4,28,1,1,allocated
49,6716,greenran_normal,0,0,65535_65535,2,56,3968981,0,1,1,0,0,0,28,1,1,pre_allocation
49,6716,greenran_normal,0,0,65535_65535,2,56,3968981,4,1,1,1,1,4,28,1,1,allocated
49,6716,greenran_normal,0,0,65535_65535,2,57,3968981,0,1,1,0,0,0,28,1,1,pre_allocation
49,6716,greenran_normal,0,0,65535_65535,2,57,3968981,4,1,1,1,1,4,28,1,1,allocated
49,6716,greenran_normal,0,0,65535_65535,2,40,3968983,0,1,1,0,0,0,28,1,1,pre_allocation
49,6716,greenran_normal,0,0,65535_65535,2,40,3968983,4,1,1,1,1,4,28,1,1,allocated
49,6716,greenran_normal,0,0,65535_65535,2,63,3968979,0,1,1,0,0,0,28,1,1,pre_allocation
49,6716,greenran_normal,0,0,65535_65535,2,63,3968979,4,1,1,1,1,4,28,1,1,allocated
49,6716,greenran_normal,0,0,65535_65535,2,62,3968979,0,1,1,0,0,0,28,1,1,pre_allocation
49,6716,greenran_normal,0,0,65535_65535,2,62,3968979,4,1,1,1,1,4,28,1,1,allocated
49,6716,greenran_normal,0,0,65535_65535,2,61,3968978,0,1,1,0,0,0,28,1,1,pre_allocation
49,6716,greenran_normal,0,0,65535_65535,2,61,3968978,4,1,1,1,1,4,28,1,1,allocated
49,6716,greenran_normal,0,0,65535_65535,2,44,3968974,0,1,1,0,0,0,28,1,1,pre_allocation
49,6716,greenran_normal,0,0,65535_65535,2,44,3968974,4,1,1,1,1,4,28,1,1,allocated
49,6716,greenran_normal,0,0,65535_65535,2,55,3968974,0,1,1,0,0,0,28,1,1,pre_allocation
49,6716,greenran_normal,0,0,65535_65535,2,55,3968974,4,1,1,1,1,4,28,1,1,allocated
49,6716,greenran_normal,0,0,65535_65535,2,35,3968973,0,1,1,0,0,0,28,1,1,pre_allocation
49,6716,greenran_normal,0,0,65535_65535,2,35,3968973,4,1,1,1,1,4,28,1,1,allocated
49,6716,greenran_normal,0,0,65535_65535,2,37,3968976,0,1,1,0,0,0,28,1,1,pre_allocation
49,6716,greenran_normal,0,0,65535_65535,2,37,3968976,4,1,1,1,1,4,28,1,1,allocated
49,6716,greenran_normal,0,0,65535_65535,2,41,3968976,0,1,1,0,0,0,28,1,1,pre_allocation
49,6716,greenran_normal,0,0,65535_65535,2,41,3968976,4,1,1,1,1,4,28,1,1,allocated
49,6716,greenran_normal,0,0,65535_65535,2,38,3970926,0,1,1,0,1,0,2,1,1,pre_allocation
49,6716,greenran_normal,0,0,65535_65535,2,38,3970926,0,1,1,1,2,0,2,1,1,allocated
49,6716,greenran_normal,0,0,65535_65535,2,60,3970627,2,1,1,0,1,0,12,1,1,pre_allocation
49,6716,greenran_normal,0,0,65535_65535,2,60,3970627,1,1,1,1,2,1,12,1,1,allocated
49,6716,greenran_normal,0,0,65535_65535,2,64,3970370,0,1,1,0,1,0,16,1,1,pre_allocation
49,6716,greenran_normal,0,0,65535_65535,2,64,3970370,3,1,1,1,2,3,16,1,1,allocated
49,6716,greenran_normal,0,0,65535_65535,2,43,3969850,0,1,1,0,1,0,18,1,1,pre_allocation
49,6716,greenran_normal,0,0,65535_65535,2,43,3969850,4,1,1,1,2,4,18,1,1,allocated
49,6716,greenran_normal,0,0,65535_65535,2,42,3969492,3,1,1,0,1,0,24,1,1,pre_allocation
49,6716,greenran_normal,0,0,65535_65535,2,42,3969492,9,1,1,1,2,9,24,1,1,allocated
49,6716,greenran_normal,0,0,65535_65535,2,36,3969094,4,1,1,0,1,0,28,1,1,pre_allocation
49,6716,greenran_normal,0,0,65535_65535,2,36,3969094,12,1,1,1,2,12,28,1,1,allocated
49,6716,greenran_normal,0,0,65535_65535,2,59,3969037,3,1,1,0,1,0,24,1,1,pre_allocation
49,6716,greenran_normal,0,0,65535_65535,2,59,3969037,9,1,1,1,2,9,24,1,1,allocated
49,6716,greenran_normal,0,0,65535_65535,2,58,3969056,4,1,1,0,1,0,26,1,1,pre_allocation
49,6716,greenran_normal,0,0,65535_65535,2,58,3969056,11,1,1,1,2,11,26,1,1,allocated
49,6716,greenran_normal,0,0,65535_65535,2,39,3968985,4,1,1,0,1,0,28,1,1,pre_allocation
49,6716,greenran_normal,0,0,65535_65535,2,39,3968985,12,1,1,1,2,12,28,1,1,allocated
49,6716,greenran_normal,0,0,65535_65535,2,56,3968981,4,1,1,0,1,0,28,1,1,pre_allocation
49,6716,greenran_normal,0,0,65535_65535,2,56,3968981,12,1,1,1,2,12,28,1,1,allocated
49,6716,greenran_normal,0,0,65535_65535,2,57,3968981,4,1,1,0,1,0,28,1,1,pre_allocation
49,6716,greenran_normal,0,0,65535_65535,2,57,3968981,12,1,1,1,2,12,28,1,1,allocated
49,6716,greenran_normal,0,0,65535_65535,2,40,3968983,4,1,1,0,1,0,28,1,1,pre_allocation
49,6716,greenran_normal,0,0,65535_65535,2,40,3968983,12,1,1,1,2,12,28,1,1,allocated
49,6716,greenran_normal,0,0,65535_65535,2,63,3968979,4,1,1,0,1,0,28,1,1,pre_allocation
49,6716,greenran_normal,0,0,65535_65535,2,63,3968979,12,1,1,1,2,12,28,1,1,allocated
49,6716,greenran_normal,0,0,65535_65535,2,62,3968979,4,1,1,0,1,0,28,1,1,pre_allocation
49,6716,greenran_normal,0,0,65535_65535,2,62,3968979,12,1,1,1,2,12,28,1,1,allocated
49,6716,greenran_normal,0,0,65535_65535,2,61,3968978,4,1,1,0,1,0,28,1,1,pre_allocation
49,6716,greenran_normal,0,0,65535_65535,2,61,3968978,12,1,1,1,2,12,28,1,1,allocated
49,6716,greenran_normal,0,0,65535_65535,2,44,3968974,4,1,1,0,1,0,28,1,1,pre_allocation
49,6716,greenran_normal,0,0,65535_65535,2,44,3968974,12,1,1,1,2,12,28,1,1,allocated
49,6716,greenran_normal,0,0,65535_65535,2,55,3968974,4,1,1,0,1,0,28,1,1,pre_allocation
49,6716,greenran_normal,0,0,65535_65535,2,55,3968974,12,1,1,1,2,12,28,1,1,allocated
49,6716,greenran_normal,0,0,65535_65535,2,35,3968973,4,1,1,0,1,0,28,1,1,pre_allocation
49,6716,greenran_normal,0,0,65535_65535,2,35,3968973,12,1,1,1,2,12,28,1,1,allocated
49,6716,greenran_normal,0,0,65535_65535,2,37,3968976,4,1,1,0,1,0,28,1,1,pre_allocation
49,6716,greenran_normal,0,0,65535_65535,2,37,3968976,12,1,1,1,2,12,28,1,1,allocated
49,6716,greenran_normal,0,0,65535_65535,2,41,3968976,4,1,1,0,1,0,28,1,1,pre_allocation
49,6716,greenran_normal,0,0,65535_65535,2,41,3968976,12,1,1,1,2,12,28,1,1,allocated
49,6716,greenran_normal,0,0,65535_65535,2,38,3970926,0,1,1,0,2,0,2,1,1,pre_allocation
49,6716,greenran_normal,0,0,65535_65535,2,38,3970926,0,1,1,1,3,0,2,1,1,allocated
49,6716,greenran_normal,0,0,65535_65535,2,60,3970627,1,1,1,0,2,0,12,1,1,pre_allocation
49,6716,greenran_normal,0,0,65535_65535,2,60,3970627,3,1,1,1,3,3,12,1,1,allocated
49,6716,greenran_normal,0,0,65535_65535,2,64,3970370,3,1,1,0,2,0,16,1,1,pre_allocation
49,6716,greenran_normal,0,0,65535_65535,2,64,3970370,6,1,1,1,3,6,16,1,1,allocated
49,6716,greenran_normal,0,0,65535_65535,2,43,3969850,4,1,1,0,2,0,18,1,1,pre_allocation
49,6716,greenran_normal,0,0,65535_65535,2,43,3969850,8,1,1,1,3,8,18,1,1,allocated
49,6716,greenran_normal,0,0,65535_65535,2,42,3969492,9,1,1,0,2,0,24,1,1,pre_allocation
49,6716,greenran_normal,0,0,65535_65535,2,42,3969492,15,1,1,1,3,15,24,1,1,allocated
49,6716,greenran_normal,0,0,65535_65535,2,36,3969094,12,1,1,0,2,0,28,1,1,pre_allocation
49,6716,greenran_normal,0,0,65535_65535,2,36,3969094,19,1,1,1,3,19,28,1,1,allocated
49,6716,greenran_normal,0,0,65535_65535,2,59,3969037,9,1,1,0,2,0,24,1,1,pre_allocation
49,6716,greenran_normal,0,0,65535_65535,2,59,3969037,15,1,1,1,3,15,24,1,1,allocated
49,6716,greenran_normal,0,0,65535_65535,2,58,3969056,11,1,1,0,2,0,26,1,1,pre_allocation
49,6716,greenran_normal,0,0,65535_65535,2,58,3969056,18,1,1,1,3,18,26,1,1,allocated
49,6716,greenran_normal,0,0,65535_65535,2,39,3968985,12,1,1,0,2,0,28,1,1,pre_allocation
49,6716,greenran_normal,0,0,65535_65535,2,39,3968985,19,1,1,1,3,19,28,1,1,allocated
49,6716,greenran_normal,0,0,65535_65535,2,56,3968981,12,1,1,0,2,0,28,1,1,pre_allocation
49,6716,greenran_normal,0,0,65535_65535,2,56,3968981,19,1,1,1,3,19,28,1,1,allocated
49,6716,greenran_normal,0,0,65535_65535,2,57,3968981,12,1,1,0,2,0,28,1,1,pre_allocation
49,6716,greenran_normal,0,0,65535_65535,2,57,3968981,19,1,1,1,3,19,28,1,1,allocated
49,6716,greenran_normal,0,0,65535_65535,2,40,3968983,12,1,1,0,2,0,28,1,1,pre_allocation
49,6716,greenran_normal,0,0,65535_65535,2,40,3968983,19,1,1,1,3,19,28,1,1,allocated
49,6716,greenran_normal,0,0,65535_65535,2,63,3968979,12,1,1,0,2,0,28,1,1,pre_allocation
49,6716,greenran_normal,0,0,65535_65535,2,63,3968979,19,1,1,1,3,19,28,1,1,allocated
49,6716,greenran_normal,0,0,65535_65535,2,62,3968979,12,1,1,0,2,0,28,1,1,pre_allocation
49,6716,greenran_normal,0,0,65535_65535,2,62,3968979,19,1,1,1,3,19,28,1,1,allocated
49,6716,greenran_normal,0,0,65535_65535,2,61,3968978,12,1,1,0,2,0,28,1,1,pre_allocation
49,6716,greenran_normal,0,0,65535_65535,2,61,3968978,19,1,1,1,3,19,28,1,1,allocated
49,6716,greenran_normal,0,0,65535_65535,2,44,3968974,12,1,1,0,2,0,28,1,1,pre_allocation
49,6716,greenran_normal,0,0,65535_65535,2,44,3968974,19,1,1,1,3,19,28,1,1,allocated
49,6716,greenran_normal,0,0,65535_65535,2,55,3968974,12,1,1,0,2,0,28,1,1,pre_allocation
49,6716,greenran_normal,0,0,65535_65535,2,55,3968974,19,1,1,1,3,19,28,1,1,allocated
49,6716,greenran_normal,0,0,65535_65535,2,35,3968973,12,1,1,0,2,0,28,1,1,pre_allocation
49,6716,greenran_normal,0,0,65535_65535,2,35,3968973,19,1,1,1,3,19,28,1,1,allocated
49,6716,greenran_normal,0,0,65535_65535,2,37,3968976,12,1,1,0,2,0,28,1,1,pre_allocation
49,6716,greenran_normal,0,0,65535_65535,2,37,3968976,19,1,1,1,3,19,28,1,1,allocated
49,6716,greenran_normal,0,0,65535_65535,2,41,3968976,12,1,1,0,2,0,28,1,1,pre_allocation
49,6716,greenran_normal,0,0,65535_65535,2,41,3968976,19,1,1,1,3,19,28,1,1,allocated
49,6716,greenran_normal,0,0,65535_65535,2,38,3970926,0,1,1,0,3,0,2,1,1,pre_allocation
49,6716,greenran_normal,0,0,65535_65535,2,38,3970926,1,1,1,1,4,1,2,1,1,allocated
49,6716,greenran_normal,0,0,65535_65535,2,60,3970627,3,1,1,0,3,0,12,1,1,pre_allocation
49,6716,greenran_normal,0,0,65535_65535,2,60,3970627,5,1,1,1,4,5,12,1,1,allocated
49,6716,greenran_normal,0,0,65535_65535,2,64,3970370,6,1,1,0,3,0,16,1,1,pre_allocation
49,6716,greenran_normal,0,0,65535_65535,2,64,3970370,10,1,1,1,4,10,16,1,1,allocated
49,6716,greenran_normal,0,0,65535_65535,2,43,3969850,8,1,1,0,3,0,18,1,1,pre_allocation
49,6716,greenran_normal,0,0,65535_65535,2,43,3969850,11,1,1,1,4,11,18,1,1,allocated
49,6716,greenran_normal,0,0,65535_65535,2,42,3969492,15,1,1,0,3,0,24,1,1,pre_allocation
49,6716,greenran_normal,0,0,65535_65535,2,42,3969492,21,1,1,1,4,21,24,1,1,allocated
49,6716,greenran_normal,0,0,65535_65535,2,36,3969094,19,1,1,0,3,0,28,1,1,pre_allocation
49,6716,greenran_normal,0,0,65535_65535,2,36,3969094,27,1,1,1,4,27,28,1,1,allocated
49,6716,greenran_normal,0,0,65535_65535,2,59,3969037,15,1,1,0,3,0,24,1,1,pre_allocation
49,6716,greenran_normal,0,0,65535_65535,2,59,3969037,21,1,1,1,4,21,24,1,1,allocated
49,6716,greenran_normal,0,0,65535_65535,2,58,3969056,18,1,1,0,3,0,26,1,1,pre_allocation
49,6716,greenran_normal,0,0,65535_65535,2,58,3969056,25,1,1,1,4,25,26,1,1,allocated
49,6716,greenran_normal,0,0,65535_65535,2,39,3968985,19,1,1,0,3,0,28,1,1,pre_allocation
49,6716,greenran_normal,0,0,65535_65535,2,39,3968985,27,1,1,1,4,27,28,1,1,allocated
49,6716,greenran_normal,0,0,65535_65535,2,56,3968981,19,1,1,0,3,0,28,1,1,pre_allocation
49,6716,greenran_normal,0,0,65535_65535,2,56,3968981,27,1,1,1,4,27,28,1,1,allocated
49,6716,greenran_normal,0,0,65535_65535,2,57,3968981,19,1,1,0,3,0,28,1,1,pre_allocation
49,6716,greenran_normal,0,0,65535_65535,2,57,3968981,27,1,1,1,4,27,28,1,1,allocated
49,6716,greenran_normal,0,0,65535_65535,2,40,3968983,19,1,1,0,3,0,28,1,1,pre_allocation
49,6716,greenran_normal,0,0,65535_65535,2,40,3968983,27,1,1,1,4,27,28,1,1,allocated
49,6716,greenran_normal,0,0,65535_65535,2,63,3968979,19,1,1,0,3,0,28,1,1,pre_allocation
49,6716,greenran_normal,0,0,65535_65535,2,63,3968979,27,1,1,1,4,27,28,1,1,allocated
49,6716,greenran_normal,0,0,65535_65535,2,62,3968979,19,1,1,0,3,0,28,1,1,pre_allocation
49,6716,greenran_normal,0,0,65535_65535,2,62,3968979,27,1,1,1,4,27,28,1,1,allocated
49,6716,greenran_normal,0,0,65535_65535,2,61,3968978,19,1,1,0,3,0,28,1,1,pre_allocation
49,6716,greenran_normal,0,0,65535_65535,2,61,3968978,27,1,1,1,4,27,28,1,1,allocated
49,6716,greenran_normal,0,0,65535_65535,2,44,3968974,19,1,1,0,3,0,28,1,1,pre_allocation
49,6716,greenran_normal,0,0,65535_65535,2,44,3968974,27,1,1,1,4,27,28,1,1,allocated
49,6716,greenran_normal,0,0,65535_65535,2,55,3968974,19,1,1,0,3,0,28,1,1,pre_allocation
49,6716,greenran_normal,0,0,65535_65535,2,55,3968974,27,1,1,1,4,27,28,1,1,allocated
49,6716,greenran_normal,0,0,65535_65535,2,35,3968973,19,1,1,0,3,0,28,1,1,pre_allocation
49,6716,greenran_normal,0,0,65535_65535,2,35,3968973,27,1,1,1,4,27,28,1,1,allocated
49,6716,greenran_normal,0,0,65535_65535,2,37,3968976,19,1,1,0,3,0,28,1,1,pre_allocation
49,6716,greenran_normal,0,0,65535_65535,2,37,3968976,27,1,1,1,4,27,28,1,1,allocated
49,6716,greenran_normal,0,0,65535_65535,2,41,3968976,19,1,1,0,3,0,28,1,1,pre_allocation
49,6716,greenran_normal,0,0,65535_65535,2,41,3968976,27,1,1,1,4,27,28,1,1,allocated
49,6716,greenran_normal,0,0,65535_65535,2,38,3970926,1,1,1,0,4,0,2,1,1,pre_allocation
49,6716,greenran_normal,0,0,65535_65535,2,38,3970926,1,1,1,1,5,1,2,1,1,allocated
49,6716,greenran_normal,0,0,65535_65535,2,60,3970627,5,1,1,0,4,0,12,1,1,pre_allocation
49,6716,greenran_normal,0,0,65535_65535,2,60,3970627,7,1,1,1,5,7,12,1,1,allocated
49,6716,greenran_normal,0,0,65535_65535,2,64,3970370,10,1,1,0,4,0,16,1,1,pre_allocation
49,6716,greenran_normal,0,0,65535_65535,2,64,3970370,13,1,1,1,5,13,16,1,1,allocated
49,6716,greenran_normal,0,0,65535_65535,2,43,3969850,11,1,1,0,4,0,18,1,1,pre_allocation
49,6716,greenran_normal,0,0,65535_65535,2,43,3969850,15,1,1,1,5,15,18,1,1,allocated
49,6716,greenran_normal,0,0,65535_65535,2,42,3969492,21,1,1,0,4,0,24,1,1,pre_allocation
49,6716,greenran_normal,0,0,65535_65535,2,42,3969492,27,1,1,1,5,27,24,1,1,allocated
49,6716,greenran_normal,0,0,65535_65535,2,36,3969094,27,1,1,0,4,0,28,1,1,pre_allocation
49,6716,greenran_normal,0,0,65535_65535,2,36,3969094,34,1,1,1,5,34,28,1,1,allocated
49,6716,greenran_normal,0,0,65535_65535,2,59,3969037,21,1,1,0,4,0,24,1,1,pre_allocation
49,6716,greenran_normal,0,0,65535_65535,2,59,3969037,27,1,1,1,5,27,24,1,1,allocated
49,6716,greenran_normal,0,0,65535_65535,2,58,3969056,25,1,1,0,4,0,26,1,1,pre_allocation
49,6716,greenran_normal,0,0,65535_65535,2,58,3969056,32,1,1,1,5,32,26,1,1,allocated
49,6716,greenran_normal,0,0,65535_65535,2,39,3968985,27,1,1,0,4,0,28,1,1,pre_allocation
49,6716,greenran_normal,0,0,65535_65535,2,39,3968985,34,1,1,1,5,34,28,1,1,allocated
49,6716,greenran_normal,0,0,65535_65535,2,56,3968981,27,1,1,0,4,0,28,1,1,pre_allocation
49,6716,greenran_normal,0,0,65535_65535,2,56,3968981,34,1,1,1,5,34,28,1,1,allocated
49,6716,greenran_normal,0,0,65535_65535,2,57,3968981,27,1,1,0,4,0,28,1,1,pre_allocation
49,6716,greenran_normal,0,0,65535_65535,2,57,3968981,34,1,1,1,5,34,28,1,1,allocated
49,6716,greenran_normal,0,0,65535_65535,2,40,3968983,27,1,1,0,4,0,28,1,1,pre_allocation
49,6716,greenran_normal,0,0,65535_65535,2,40,3968983,34,1,1,1,5,34,28,1,1,allocated
49,6716,greenran_normal,0,0,65535_65535,2,63,3968979,27,1,1,0,4,0,28,1,1,pre_allocation
49,6716,greenran_normal,0,0,65535_65535,2,63,3968979,34,1,1,1,5,34,28,1,1,allocated
49,6716,greenran_normal,0,0,65535_65535,2,62,3968979,27,1,1,0,4,0,28,1,1,pre_allocation
49,6716,greenran_normal,0,0,65535_65535,2,62,3968979,34,1,1,1,5,34,28,1,1,allocated
49,6716,greenran_normal,0,0,65535_65535,2,61,3968978,27,1,1,0,4,0,28,1,1,pre_allocation
49,6716,greenran_normal,0,0,65535_65535,2,61,3968978,34,1,1,1,5,34,28,1,1,allocated
49,6716,greenran_normal,0,0,65535_65535,2,44,3968974,27,1,1,0,4,0,28,1,1,pre_allocation
49,6716,greenran_normal,0,0,65535_65535,2,44,3968974,34,1,1,1,5,34,28,1,1,allocated
49,6716,greenran_normal,0,0,65535_65535,2,55,3968974,27,1,1,0,4,0,28,1,1,pre_allocation
49,6716,greenran_normal,0,0,65535_65535,2,55,3968974,34,1,1,1,5,34,28,1,1,allocated
49,6716,greenran_normal,0,0,65535_65535,2,35,3968973,27,1,1,0,4,0,28,1,1,pre_allocation
49,6716,greenran_normal,0,0,65535_65535,2,35,3968973,34,1,1,1,5,34,28,1,1,allocated
49,6716,greenran_normal,0,0,65535_65535,2,37,3968976,27,1,1,0,4,0,28,1,1,pre_allocation
49,6716,greenran_normal,0,0,65535_65535,2,37,3968976,34,1,1,1,5,34,28,1,1,allocated
49,6716,greenran_normal,0,0,65535_65535,2,41,3968976,27,1,1,0,4,0,28,1,1,pre_allocation
49,6716,greenran_normal,0,0,65535_65535,2,41,3968976,34,1,1,1,5,34,28,1,1,allocated
49,6716,greenran_normal,0,0,65535_65535,2,38,3970926,1,1,1,0,5,0,2,1,1,pre_allocation
49,6716,greenran_normal,0,0,65535_65535,2,38,3970926,1,1,1,1,6,1,2,1,1,allocated
49,6716,greenran_normal,0,0,65535_65535,2,60,3970627,7,1,1,0,5,0,12,1,1,pre_allocation
49,6716,greenran_normal,0,0,65535_65535,2,60,3970627,9,1,1,1,6,9,12,1,1,allocated
49,6716,greenran_normal,0,0,65535_65535,2,64,3970370,13,1,1,0,5,0,16,1,1,pre_allocation
49,6716,greenran_normal,0,0,65535_65535,2,64,3970370,16,1,1,1,6,16,16,1,1,allocated
49,6716,greenran_normal,0,0,65535_65535,2,43,3969850,15,1,1,0,5,0,18,1,1,pre_allocation
49,6716,greenran_normal,0,0,65535_65535,2,43,3969850,19,1,1,1,6,19,18,1,1,allocated
49,6716,greenran_normal,0,0,65535_65535,2,42,3969492,27,1,1,0,5,0,24,1,1,pre_allocation
49,6716,greenran_normal,0,0,65535_65535,2,42,3969492,34,1,1,1,6,34,24,1,1,allocated
49,6716,greenran_normal,0,0,65535_65535,2,36,3969094,34,1,1,0,5,0,28,1,1,pre_allocation
49,6716,greenran_normal,0,0,65535_65535,2,36,3969094,42,1,1,1,6,42,28,1,1,allocated
49,6716,greenran_normal,0,0,65535_65535,2,59,3969037,27,1,1,0,5,0,24,1,1,pre_allocation
49,6716,greenran_normal,0,0,65535_65535,2,59,3969037,34,1,1,1,6,34,24,1,1,allocated
49,6716,greenran_normal,0,0,65535_65535,2,58,3969056,32,1,1,0,5,0,26,1,1,pre_allocation
49,6716,greenran_normal,0,0,65535_65535,2,58,3969056,39,1,1,1,6,39,26,1,1,allocated
49,6716,greenran_normal,0,0,65535_65535,2,39,3968985,34,1,1,0,5,0,28,1,1,pre_allocation
49,6716,greenran_normal,0,0,65535_65535,2,39,3968985,42,1,1,1,6,42,28,1,1,allocated
49,6716,greenran_normal,0,0,65535_65535,2,56,3968981,34,1,1,0,5,0,28,1,1,pre_allocation
49,6716,greenran_normal,0,0,65535_65535,2,56,3968981,42,1,1,1,6,42,28,1,1,allocated
53,6858,greenran_normal,0,0,65535_65535,0,4,126269,0,1,1,0,0,0,24,1,1,pre_allocation
53,6858,greenran_normal,0,0,65535_65535,0,4,126269,3,1,1,1,1,3,24,1,1,allocated
53,6858,greenran_normal,0,0,65535_65535,0,3,124089,0,1,1,0,0,0,28,1,1,pre_allocation
53,6858,greenran_normal,0,0,65535_65535,0,3,124089,4,1,1,1,1,4,28,1,1,allocated
53,6858,greenran_normal,0,0,65535_65535,0,1,124091,0,1,1,0,0,0,28,1,1,pre_allocation
53,6858,greenran_normal,0,0,65535_65535,0,1,124091,4,1,1,1,1,4,28,1,1,allocated
53,6858,greenran_normal,0,0,65535_65535,0,2,124091,0,1,1,0,0,0,28,1,1,pre_allocation
53,6858,greenran_normal,0,0,65535_65535,0,2,124091,4,1,1,1,1,4,28,1,1,allocated
53,6858,greenran_normal,0,0,65535_65535,0,5,124082,0,1,1,0,0,0,28,1,1,pre_allocation
53,6858,greenran_normal,0,0,65535_65535,0,5,124082,4,1,1,1,1,4,28,1,1,allocated
53,6858,greenran_normal,0,0,65535_65535,0,4,126269,3,1,1,0,1,0,24,1,1,pre_allocation
53,6858,greenran_normal,0,0,65535_65535,0,4,126269,9,1,1,1,2,9,24,1,1,allocated
53,6858,greenran_normal,0,0,65535_65535,0,3,124089,4,1,1,0,1,0,28,1,1,pre_allocation
53,6858,greenran_normal,0,0,65535_65535,0,3,124089,12,1,1,1,2,12,28,1,1,allocated
53,6858,greenran_normal,0,0,65535_65535,0,1,124091,4,1,1,0,1,0,28,1,1,pre_allocation
53,6858,greenran_normal,0,0,65535_65535,0,1,124091,12,1,1,1,2,12,28,1,1,allocated
53,6858,greenran_normal,0,0,65535_65535,0,2,124091,4,1,1,0,1,0,28,1,1,pre_allocation
53,6858,greenran_normal,0,0,65535_65535,0,2,124091,12,1,1,1,2,12,28,1,1,allocated
53,6858,greenran_normal,0,0,65535_65535,0,5,124082,4,1,1,0,1,0,28,1,1,pre_allocation
53,6858,greenran_normal,0,0,65535_65535,0,5,124082,12,1,1,1,2,12,28,1,1,allocated
53,6858,greenran_normal,0,0,65535_65535,0,4,126269,9,1,1,0,2,0,24,1,1,pre_allocation
53,6858,greenran_normal,0,0,65535_65535,0,4,126269,15,1,1,1,3,15,24,1,1,allocated
53,6858,greenran_normal,0,0,65535_65535,0,3,124089,12,1,1,0,2,0,28,1,1,pre_allocation
53,6858,greenran_normal,0,0,65535_65535,0,3,124089,19,1,1,1,3,19,28,1,1,allocated
53,6858,greenran_normal,0,0,65535_65535,0,1,124091,12,1,1,0,2,0,28,1,1,pre_allocation
53,6858,greenran_normal,0,0,65535_65535,0,1,124091,19,1,1,1,3,19,28,1,1,allocated
53,6858,greenran_normal,0,0,65535_65535,0,2,124091,12,1,1,0,2,0,28,1,1,pre_allocation
53,6858,greenran_normal,0,0,65535_65535,0,2,124091,19,1,1,1,3,19,28,1,1,allocated
53,6858,greenran_normal,0,0,65535_65535,0,5,124082,12,1,1,0,2,0,28,1,1,pre_allocation
53,6858,greenran_normal,0,0,65535_65535,0,5,124082,19,1,1,1,3,19,28,1,1,allocated
53,6858,greenran_normal,0,0,65535_65535,0,4,126269,15,1,1,0,3,0,24,1,1,pre_allocation
53,6858,greenran_normal,0,0,65535_65535,0,4,126269,21,1,1,1,4,21,24,1,1,allocated
53,6858,greenran_normal,0,0,65535_65535,0,3,124089,19,1,1,0,3,0,28,1,1,pre_allocation
53,6858,greenran_normal,0,0,65535_65535,0,3,124089,27,1,1,1,4,27,28,1,1,allocated
53,6858,greenran_normal,0,0,65535_65535,0,1,124091,19,1,1,0,3,0,28,1,1,pre_allocation
53,6858,greenran_normal,0,0,65535_65535,0,1,124091,27,1,1,1,4,27,28,1,1,allocated
53,6858,greenran_normal,0,0,65535_65535,0,2,124091,19,1,1,0,3,0,28,1,1,pre_allocation
53,6858,greenran_normal,0,0,65535_65535,0,2,124091,27,1,1,1,4,27,28,1,1,allocated
53,6858,greenran_normal,0,0,65535_65535,0,5,124082,19,1,1,0,3,0,28,1,1,pre_allocation
53,6858,greenran_normal,0,0,65535_65535,0,5,124082,27,1,1,1,4,27,28,1,1,allocated
53,6858,greenran_normal,0,0,65535_65535,0,4,126269,21,1,1,0,4,0,24,1,1,pre_allocation
53,6858,greenran_normal,0,0,65535_65535,0,4,126269,27,1,1,1,5,27,24,1,1,allocated
53,6858,greenran_normal,0,0,65535_65535,0,3,124089,27,1,1,0,4,0,28,1,1,pre_allocation
53,6858,greenran_normal,0,0,65535_65535,0,3,124089,34,1,1,1,5,34,28,1,1,allocated
53,6858,greenran_normal,0,0,65535_65535,0,1,124091,27,1,1,0,4,0,28,1,1,pre_allocation
53,6858,greenran_normal,0,0,65535_65535,0,1,124091,34,1,1,1,5,34,28,1,1,allocated
53,6858,greenran_normal,0,0,65535_65535,0,2,124091,27,1,1,0,4,0,28,1,1,pre_allocation
53,6858,greenran_normal,0,0,65535_65535,0,2,124091,34,1,1,1,5,34,28,1,1,allocated
53,6858,greenran_normal,0,0,65535_65535,0,5,124082,27,1,1,0,4,0,28,1,1,pre_allocation
53,6858,greenran_normal,0,0,65535_65535,0,5,124082,34,1,1,1,5,34,28,1,1,allocated
53,6858,greenran_normal,0,0,65535_65535,0,4,126269,27,1,1,0,5,0,24,1,1,pre_allocation
53,6858,greenran_normal,0,0,65535_65535,0,4,126269,34,1,1,1,6,34,24,1,1,allocated
53,6858,greenran_normal,0,0,65535_65535,0,3,124089,34,1,1,0,5,0,28,1,1,pre_allocation
53,6858,greenran_normal,0,0,65535_65535,0,3,124089,42,1,1,1,6,42,28,1,1,allocated
53,6858,greenran_normal,0,0,65535_65535,0,1,124091,34,1,1,0,5,0,28,1,1,pre_allocation
53,6858,greenran_normal,0,0,65535_65535,0,1,124091,42,1,1,1,6,42,28,1,1,allocated
53,6858,greenran_normal,0,0,65535_65535,0,2,124091,34,1,1,0,5,0,28,1,1,pre_allocation
53,6858,greenran_normal,0,0,65535_65535,0,2,124091,42,1,1,1,6,42,28,1,1,allocated
53,6858,greenran_normal,0,0,65535_65535,0,5,124082,34,1,1,0,5,0,28,1,1,pre_allocation
53,6858,greenran_normal,0,0,65535_65535,0,5,124082,42,1,1,1,6,42,28,1,1,allocated
53,6858,greenran_normal,0,0,65535_65535,0,4,126269,34,1,1,0,6,0,24,1,1,pre_allocation
53,6858,greenran_normal,0,0,65535_65535,0,4,126269,40,1,1,1,7,40,24,1,1,allocated
53,6858,greenran_normal,0,0,65535_65535,0,3,124089,42,1,1,0,6,0,28,1,1,pre_allocation
53,6858,greenran_normal,0,0,65535_65535,0,3,124089,50,1,1,1,7,50,28,1,1,allocated
53,6858,greenran_normal,0,0,65535_65535,0,1,124091,42,1,1,0,6,0,28,1,1,pre_allocation
53,6858,greenran_normal,0,0,65535_65535,0,1,124091,50,1,1,1,7,50,28,1,1,allocated
53,6858,greenran_normal,0,0,65535_65535,0,2,124091,42,1,1,0,6,0,28,1,1,pre_allocation
53,6858,greenran_normal,0,0,65535_65535,0,2,124091,50,1,1,1,7,50,28,1,1,allocated
53,6858,greenran_normal,0,0,65535_65535,0,5,124082,42,1,1,0,6,0,28,1,1,pre_allocation
53,6858,greenran_normal,0,0,65535_65535,0,5,124082,50,1,1,1,7,50,28,1,1,allocated
53,6858,greenran_normal,0,0,65535_65535,0,4,126269,40,1,1,0,7,0,24,1,1,pre_allocation
53,6858,greenran_normal,0,0,65535_65535,0,4,126269,46,1,1,1,8,46,24,1,1,allocated
53,6858,greenran_normal,0,0,65535_65535,0,3,124089,50,1,1,0,7,0,28,1,1,pre_allocation
53,6858,greenran_normal,0,0,65535_65535,0,3,124089,57,1,1,1,8,57,28,1,1,allocated
53,6858,greenran_normal,0,0,65535_65535,0,1,124091,50,1,1,0,7,0,28,1,1,pre_allocation
53,6858,greenran_normal,0,0,65535_65535,0,1,124091,57,1,1,1,8,57,28,1,1,allocated
53,6858,greenran_normal,0,0,65535_65535,0,2,124091,50,1,1,0,7,0,28,1,1,pre_allocation
53,6858,greenran_normal,0,0,65535_65535,0,2,124091,57,1,1,1,8,57,28,1,1,allocated
53,6858,greenran_normal,0,0,65535_65535,0,5,124082,50,1,1,0,7,0,28,1,1,pre_allocation
53,6858,greenran_normal,0,0,65535_65535,0,5,124082,57,1,1,1,8,57,28,1,1,allocated
53,6858,greenran_normal,0,0,65535_65535,0,4,126269,46,1,1,0,8,0,24,1,1,pre_allocation
53,6858,greenran_normal,0,0,65535_65535,0,4,126269,52,1,1,1,9,52,24,1,1,allocated
53,6858,greenran_normal,0,0,65535_65535,0,3,124089,57,1,1,0,8,0,28,1,1,pre_allocation
53,6858,greenran_normal,0,0,65535_65535,0,3,124089,65,1,1,1,9,65,28,1,1,allocated
53,6858,greenran_normal,0,0,65535_65535,0,1,124091,57,1,1,0,8,0,28,1,1,pre_allocation
53,6858,greenran_normal,0,0,65535_65535,0,1,124091,65,1,1,1,9,65,28,1,1,allocated
53,6858,greenran_normal,0,0,65535_65535,0,2,124091,57,1,1,0,8,0,28,1,1,pre_allocation
53,6858,greenran_normal,0,0,65535_65535,0,2,124091,65,1,1,1,9,65,28,1,1,allocated
53,6858,greenran_normal,0,0,65535_65535,0,5,124082,57,1,1,0,8,0,28,1,1,pre_allocation
53,6858,greenran_normal,0,0,65535_65535,0,5,124082,65,1,1,1,9,65,28,1,1,allocated
53,6858,greenran_normal,0,0,65535_65535,0,4,126269,52,1,1,0,9,0,24,1,1,pre_allocation
53,6858,greenran_normal,0,0,65535_65535,0,4,126269,58,1,1,1,10,58,24,1,1,allocated
53,6858,greenran_normal,0,0,65535_65535,0,3,124089,65,1,1,0,9,0,28,1,1,pre_allocation
53,6858,greenran_normal,0,0,65535_65535,0,3,124089,72,1,1,1,10,72,28,1,1,allocated
53,6858,greenran_normal,0,0,65535_65535,0,1,124091,65,1,1,0,9,0,28,1,1,pre_allocation
53,6858,greenran_normal,0,0,65535_65535,0,1,124091,72,1,1,1,10,72,28,1,1,allocated
53,6858,greenran_normal,0,0,65535_65535,0,2,124091,65,1,1,0,9,0,28,1,1,pre_allocation
53,6858,greenran_normal,0,0,65535_65535,0,2,124091,72,1,1,1,10,72,28,1,1,allocated
53,6858,greenran_normal,0,0,65535_65535,0,5,124082,65,1,1,0,9,0,28,1,1,pre_allocation
53,6858,greenran_normal,0,0,65535_65535,0,5,124082,72,1,1,1,10,72,28,1,1,allocated
53,6858,greenran_normal,0,0,65535_65535,0,4,126269,58,1,1,0,10,0,24,1,1,pre_allocation
53,6858,greenran_normal,0,0,65535_65535,0,4,126269,65,1,1,1,11,65,24,1,1,allocated
53,6858,greenran_normal,0,0,65535_65535,0,3,124089,72,1,1,0,10,0,28,1,1,pre_allocation
53,6858,greenran_normal,0,0,65535_65535,0,3,124089,80,1,1,1,11,80,28,1,1,allocated
53,6858,greenran_normal,0,0,65535_65535,0,1,124091,72,1,1,0,10,0,28,1,1,pre_allocation
53,6858,greenran_normal,0,0,65535_65535,0,1,124091,80,1,1,1,11,80,28,1,1,allocated
53,6858,greenran_normal,0,0,65535_65535,0,2,124091,72,1,1,0,10,0,28,1,1,pre_allocation
53,6858,greenran_normal,0,0,65535_65535,0,2,124091,80,1,1,1,11,80,28,1,1,allocated
53,6858,greenran_normal,0,0,65535_65535,0,5,124082,72,1,1,0,10,0,28,1,1,pre_allocation
53,6858,greenran_normal,0,0,65535_65535,0,5,124082,80,1,1,1,11,80,28,1,1,allocated
53,6858,greenran_normal,0,0,65535_65535,0,4,126269,65,1,1,0,11,0,24,1,1,pre_allocation
53,6858,greenran_normal,0,0,65535_65535,0,4,126269,71,1,1,1,12,71,24,1,1,allocated
53,6858,greenran_normal,0,0,65535_65535,0,3,124089,80,1,1,0,11,0,28,1,1,pre_allocation
53,6858,greenran_normal,0,0,65535_65535,0,3,124089,88,1,1,1,12,88,28,1,1,allocated
53,6858,greenran_normal,0,0,65535_65535,0,1,124091,80,1,1,0,11,0,28,1,1,pre_allocation
53,6858,greenran_normal,0,0,65535_65535,0,1,124091,88,1,1,1,12,88,28,1,1,allocated
53,6858,greenran_normal,0,0,65535_65535,0,2,124091,80,1,1,0,11,0,28,1,1,pre_allocation
53,6858,greenran_normal,0,0,65535_65535,0,2,124091,88,1,1,1,12,88,28,1,1,allocated
53,6858,greenran_normal,0,0,65535_65535,0,5,124082,80,1,1,0,11,0,28,1,1,pre_allocation
53,6858,greenran_normal,0,0,65535_65535,0,5,124082,88,1,1,1,12,88,28,1,1,allocated
53,6858,greenran_normal,0,0,65535_65535,0,4,126269,71,1,1,0,12,0,24,1,1,pre_allocation
53,6858,greenran_normal,0,0,65535_65535,0,4,126269,77,1,1,1,13,77,24,1,1,allocated
53,6858,greenran_normal,0,0,65535_65535,0,3,124089,88,1,1,0,12,0,28,1,1,pre_allocation
53,6858,greenran_normal,0,0,65535_65535,0,3,124089,95,1,1,1,13,95,28,1,1,allocated
53,6858,greenran_normal,0,0,65535_65535,0,1,124091,88,1,1,0,12,0,28,1,1,pre_allocation
53,6858,greenran_normal,0,0,65535_65535,0,1,124091,95,1,1,1,13,95,28,1,1,allocated
53,6858,greenran_normal,0,0,65535_65535,0,2,124091,88,1,1,0,12,0,28,1,1,pre_allocation
53,6858,greenran_normal,0,0,65535_65535,0,2,124091,95,1,1,1,13,95,28,1,1,allocated
53,6858,greenran_normal,0,0,65535_65535,0,5,124082,88,1,1,0,12,0,28,1,1,pre_allocation
53,6858,greenran_normal,0,0,65535_65535,0,5,124082,95,1,1,1,13,95,28,1,1,allocated
53,6858,greenran_normal,0,0,65535_65535,0,4,126269,77,1,1,0,13,0,24,1,1,pre_allocation
53,6858,greenran_normal,0,0,65535_65535,0,4,126269,83,1,1,1,14,83,24,1,1,allocated
53,6858,greenran_normal,0,0,65535_65535,0,3,124089,95,1,1,0,13,0,28,1,1,pre_allocation
53,6858,greenran_normal,0,0,65535_65535,0,3,124089,103,1,1,1,14,103,28,1,1,allocated
53,6858,greenran_normal,0,0,65535_65535,0,1,124091,95,1,1,0,13,0,28,1,1,pre_allocation
53,6858,greenran_normal,0,0,65535_65535,0,1,124091,103,1,1,1,14,103,28,1,1,allocated
53,6858,greenran_normal,0,0,65535_65535,0,2,124091,95,1,1,0,13,0,28,1,1,pre_allocation
53,6858,greenran_normal,0,0,65535_65535,0,2,124091,103,1,1,1,14,103,28,1,1,allocated
53,6858,greenran_normal,0,0,65535_65535,0,5,124082,95,1,1,0,13,0,28,1,1,pre_allocation
53,6858,greenran_normal,0,0,65535_65535,0,5,124082,103,1,1,1,14,103,28,1,1,allocated
53,6858,greenran_normal,0,0,65535_65535,0,4,126269,83,1,1,0,14,0,24,1,1,pre_allocation
53,6858,greenran_normal,0,0,65535_65535,0,4,126269,89,1,1,1,15,89,24,1,1,allocated
53,6858,greenran_normal,0,0,65535_65535,0,3,124089,103,1,1,0,14,0,28,1,1,pre_allocation
53,6858,greenran_normal,0,0,65535_65535,0,3,124089,110,1,1,1,15,110,28,1,1,allocated
53,6858,greenran_normal,0,0,65535_65535,0,1,124091,103,1,1,0,14,0,28,1,1,pre_allocation
53,6858,greenran_normal,0,0,65535_65535,0,1,124091,110,1,1,1,15,110,28,1,1,allocated
53,6858,greenran_normal,0,0,65535_65535,0,2,124091,103,1,1,0,14,0,28,1,1,pre_allocation
53,6858,greenran_normal,0,0,65535_65535,0,2,124091,110,1,1,1,15,110,28,1,1,allocated
53,6858,greenran_normal,0,0,65535_65535,0,5,124082,103,1,1,0,14,0,28,1,1,pre_allocation
53,6858,greenran_normal,0,0,65535_65535,0,5,124082,110,1,1,1,15,110,28,1,1,allocated
53,6858,greenran_normal,0,0,65535_65535,0,4,126269,89,1,1,0,15,0,24,1,1,pre_allocation
53,6858,greenran_normal,0,0,65535_65535,0,4,126269,96,1,1,1,16,96,24,1,1,allocated
53,6858,greenran_normal,0,0,65535_65535,0,3,124089,110,1,1,0,15,0,28,1,1,pre_allocation
53,6858,greenran_normal,0,0,65535_65535,0,3,124089,118,1,1,1,16,118,28,1,1,allocated
53,6858,greenran_normal,0,0,65535_65535,0,1,124091,110,1,1,0,15,0,28,1,1,pre_allocation
53,6858,greenran_normal,0,0,65535_65535,0,1,124091,118,1,1,1,16,118,28,1,1,allocated
53,6858,greenran_normal,0,0,65535_65535,0,2,124091,110,1,1,0,15,0,28,1,1,pre_allocation
53,6858,greenran_normal,0,0,65535_65535,0,2,124091,118,1,1,1,16,118,28,1,1,allocated
53,6858,greenran_normal,0,0,65535_65535,0,5,124082,110,1,1,0,15,0,28,1,1,pre_allocation
53,6858,greenran_normal,0,0,65535_65535,0,5,124082,118,1,1,1,16,118,28,1,1,allocated
53,6858,greenran_normal,0,0,65535_65535,0,4,126269,96,1,1,0,16,0,24,1,1,pre_allocation
53,6858,greenran_normal,0,0,65535_65535,0,4,126269,102,1,1,1,17,102,24,1,1,allocated
53,6858,greenran_normal,0,0,65535_65535,0,3,124089,118,1,1,0,16,0,28,1,1,pre_allocation
53,6858,greenran_normal,0,0,65535_65535,0,3,124089,126,1,1,1,17,126,28,1,1,allocated
53,6858,greenran_normal,0,0,65535_65535,0,1,124091,118,1,1,0,16,0,28,1,1,pre_allocation
53,6858,greenran_normal,0,0,65535_65535,0,1,124091,126,1,1,1,17,126,28,1,1,allocated
53,6858,greenran_normal,0,0,65535_65535,0,2,124091,118,1,1,0,16,0,28,1,1,pre_allocation
53,6858,greenran_normal,0,0,65535_65535,0,2,124091,126,1,1,1,17,126,28,1,1,allocated
53,6858,greenran_normal,0,0,65535_65535,0,5,124082,118,1,1,0,16,0,28,1,1,pre_allocation
53,6858,greenran_normal,0,0,65535_65535,0,5,124082,126,1,1,1,17,126,28,1,1,allocated
53,6858,greenran_normal,0,0,65535_65535,0,4,126269,102,1,1,0,17,0,24,1,1,pre_allocation
53,6858,greenran_normal,0,0,65535_65535,0,4,126269,108,1,1,1,18,108,24,1,1,allocated
53,6858,greenran_normal,0,0,65535_65535,0,3,124089,126,1,1,0,17,0,28,1,1,pre_allocation
53,6858,greenran_normal,0,0,65535_65535,0,3,124089,133,1,1,1,18,133,28,1,1,allocated
53,6858,greenran_normal,0,0,65535_65535,0,1,124091,126,1,1,0,17,0,28,1,1,pre_allocation
53,6858,greenran_normal,0,0,65535_65535,0,1,124091,133,1,1,1,18,133,28,1,1,allocated
53,6858,greenran_normal,0,0,65535_65535,0,2,124091,126,1,1,0,17,0,28,1,1,pre_allocation
53,6858,greenran_normal,0,0,65535_65535,0,2,124091,133,1,1,1,18,133,28,1,1,allocated
53,6858,greenran_normal,0,0,65535_65535,0,5,124082,126,1,1,0,17,0,28,1,1,pre_allocation
53,6858,greenran_normal,0,0,65535_65535,0,5,124082,133,1,1,1,18,133,28,1,1,allocated
53,6858,greenran_normal,0,0,65535_65535,0,4,126269,108,1,1,0,18,0,24,1,1,pre_allocation
53,6858,greenran_normal,0,0,65535_65535,0,4,126269,114,1,1,1,19,114,24,1,1,allocated
53,6858,greenran_normal,0,0,65535_65535,0,3,124089,133,1,1,0,18,0,28,1,1,pre_allocation
53,6858,greenran_normal,0,0,65535_65535,0,3,124089,141,1,1,1,19,141,28,1,1,allocated
53,6858,greenran_normal,0,0,65535_65535,0,1,124091,133,1,1,0,18,0,28,1,1,pre_allocation
53,6858,greenran_normal,0,0,65535_65535,0,1,124091,141,1,1,1,19,141,28,1,1,allocated
53,6858,greenran_normal,0,0,65535_65535,0,2,124091,133,1,1,0,18,0,28,1,1,pre_allocation
53,6858,greenran_normal,0,0,65535_65535,0,2,124091,141,1,1,1,19,141,28,1,1,allocated
53,6858,greenran_normal,0,0,65535_65535,0,5,124082,133,1,1,0,18,0,28,1,1,pre_allocation
53,6858,greenran_normal,0,0,65535_65535,0,5,124082,141,1,1,1,19,141,28,1,1,allocated
53,6858,greenran_normal,0,0,65535_65535,0,4,126269,114,1,1,0,19,0,24,1,1,pre_allocation
53,6858,greenran_normal,0,0,65535_65535,0,4,126269,120,1,1,1,20,120,24,1,1,allocated
53,6858,greenran_normal,0,0,65535_65535,0,3,124089,141,1,1,0,19,0,28,1,1,pre_allocation
53,6858,greenran_normal,0,0,65535_65535,0,3,124089,148,1,1,1,20,148,28,1,1,allocated
53,6858,greenran_normal,0,0,65535_65535,0,1,124091,141,1,1,0,19,0,28,1,1,pre_allocation
53,6858,greenran_normal,0,0,65535_65535,0,1,124091,148,1,1,1,20,148,28,1,1,allocated
53,6858,greenran_normal,0,0,65535_65535,0,2,124091,141,1,1,0,19,0,28,1,1,pre_allocation
53,6858,greenran_normal,0,0,65535_65535,0,2,124091,148,1,1,1,20,148,28,1,1,allocated
53,6858,greenran_normal,0,0,65535_65535,0,5,124082,141,1,1,0,19,0,28,1,1,pre_allocation
53,6858,greenran_normal,0,0,65535_65535,0,5,124082,148,1,1,1,20,148,28,1,1,allocated
53,6858,greenran_normal,0,0,65535_65535,0,4,126269,120,1,1,0,20,0,24,1,1,pre_allocation
53,6858,greenran_normal,0,0,65535_65535,0,4,126269,126,1,1,1,21,126,24,1,1,allocated
53,6858,greenran_normal,0,0,65535_65535,0,3,124089,148,1,1,0,20,0,28,1,1,pre_allocation
53,6858,greenran_normal,0,0,65535_65535,0,3,124089,156,1,1,1,21,156,28,1,1,allocated
53,6858,greenran_normal,0,0,65535_65535,0,1,124091,148,1,1,0,20,0,28,1,1,pre_allocation
53,6858,greenran_normal,0,0,65535_65535,0,1,124091,156,1,1,1,21,156,28,1,1,allocated
53,6858,greenran_normal,0,0,65535_65535,0,2,124091,148,1,1,0,20,0,28,1,1,pre_allocation
53,6858,greenran_normal,0,0,65535_65535,0,2,124091,156,1,1,1,21,156,28,1,1,allocated
53,6858,greenran_normal,0,0,65535_65535,0,5,124082,148,1,1,0,20,0,28,1,1,pre_allocation
53,6858,greenran_normal,0,0,65535_65535,0,5,124082,156,1,1,1,21,156,28,1,1,allocated
53,6858,greenran_normal,0,0,65535_65535,0,4,126269,126,1,1,0,21,0,24,1,1,pre_allocation
53,6858,greenran_normal,0,0,65535_65535,0,4,126269,133,1,1,1,22,133,24,1,1,allocated
53,6858,greenran_normal,0,0,65535_65535,0,3,124089,156,1,1,0,21,0,28,1,1,pre_allocation
53,6858,greenran_normal,0,0,65535_65535,0,3,124089,163,1,1,1,22,163,28,1,1,allocated
53,6858,greenran_normal,0,0,65535_65535,0,1,124091,156,1,1,0,21,0,28,1,1,pre_allocation
53,6858,greenran_normal,0,0,65535_65535,0,1,124091,163,1,1,1,22,163,28,1,1,allocated
53,6858,greenran_normal,0,0,65535_65535,0,2,124091,156,1,1,0,21,0,28,1,1,pre_allocation
53,6858,greenran_normal,0,0,65535_65535,0,2,124091,163,1,1,1,22,163,28,1,1,allocated
53,6858,greenran_normal,0,0,65535_65535,0,5,124082,156,1,1,0,21,0,28,1,1,pre_allocation
53,6858,greenran_normal,0,0,65535_65535,0,5,124082,163,1,1,1,22,163,28,1,1,allocated
53,6858,greenran_normal,0,0,65535_65535,0,4,126269,133,1,1,0,22,0,24,1,1,pre_allocation
53,6858,greenran_normal,0,0,65535_65535,0,4,126269,139,1,1,1,23,139,24,1,1,allocated
53,6858,greenran_normal,0,0,65535_65535,0,3,124089,163,1,1,0,22,0,28,1,1,pre_allocation
53,6858,greenran_normal,0,0,65535_65535,0,3,124089,171,1,1,1,23,171,28,1,1,allocated
53,6858,greenran_normal,0,0,65535_65535,0,1,124091,163,1,1,0,22,0,28,1,1,pre_allocation
53,6858,greenran_normal,0,0,65535_65535,0,1,124091,171,1,1,1,23,171,28,1,1,allocated
53,6858,greenran_normal,0,0,65535_65535,0,2,124091,163,1,1,0,22,0,28,1,1,pre_allocation
53,6858,greenran_normal,0,0,65535_65535,0,2,124091,171,1,1,1,23,171,28,1,1,allocated
53,6858,greenran_normal,0,0,65535_65535,0,5,124082,163,1,1,0,22,0,28,1,1,pre_allocation
53,6858,greenran_normal,0,0,65535_65535,0,5,124082,171,1,1,1,23,171,28,1,1,allocated
53,6858,greenran_normal,0,0,65535_65535,0,4,126269,139,1,1,0,23,0,24,1,1,pre_allocation
53,6858,greenran_normal,0,0,65535_65535,0,4,126269,145,1,1,1,24,145,24,1,1,allocated
53,6858,greenran_normal,0,0,65535_65535,0,3,124089,171,1,1,0,23,0,28,1,1,pre_allocation
53,6858,greenran_normal,0,0,65535_65535,0,3,124089,179,1,1,1,24,179,28,1,1,allocated
53,6858,greenran_normal,0,0,65535_65535,0,1,124091,171,1,1,0,23,0,28,1,1,pre_allocation
53,6858,greenran_normal,0,0,65535_65535,0,1,124091,179,1,1,1,24,179,28,1,1,allocated
53,6858,greenran_normal,0,0,65535_65535,0,2,124091,171,1,1,0,23,0,28,1,1,pre_allocation
53,6858,greenran_normal,0,0,65535_65535,0,2,124091,179,1,1,1,24,179,28,1,1,allocated
53,6858,greenran_normal,0,0,65535_65535,0,5,124082,171,1,1,0,23,0,28,1,1,pre_allocation
53,6858,greenran_normal,0,0,65535_65535,0,5,124082,179,1,1,1,24,179,28,1,1,allocated
53,6858,greenran_normal,0,0,65535_65535,0,4,126269,145,1,1,0,24,0,24,1,1,pre_allocation
53,6858,greenran_normal,0,0,65535_65535,0,4,126269,151,1,1,1,25,151,24,1,1,allocated
53,6858,greenran_normal,0,0,65535_65535,0,3,124089,179,1,1,0,24,0,28,1,1,pre_allocation
53,6858,greenran_normal,0,0,65535_65535,0,3,124089,186,1,1,1,25,186,28,1,1,allocated
53,6858,greenran_normal,0,0,65535_65535,0,1,124091,179,1,1,0,24,0,28,1,1,pre_allocation
53,6858,greenran_normal,0,0,65535_65535,0,1,124091,186,1,1,1,25,186,28,1,1,allocated
53,6858,greenran_normal,0,0,65535_65535,0,2,124091,179,1,1,0,24,0,28,1,1,pre_allocation
53,6858,greenran_normal,0,0,65535_65535,0,2,124091,186,1,1,1,25,186,28,1,1,allocated
53,6858,greenran_normal,0,0,65535_65535,0,5,124082,179,1,1,0,24,0,28,1,1,pre_allocation
53,6858,greenran_normal,0,0,65535_65535,0,5,124082,186,1,1,1,25,186,28,1,1,allocated
53,6858,greenran_normal,0,0,65535_65535,0,4,126269,151,1,1,0,25,0,24,1,1,pre_allocation
53,6858,greenran_normal,0,0,65535_65535,0,4,126269,157,1,1,1,26,157,24,1,1,allocated
53,6858,greenran_normal,0,0,65535_65535,0,3,124089,186,1,1,0,25,0,28,1,1,pre_allocation
53,6858,greenran_normal,0,0,65535_65535,0,3,124089,194,1,1,1,26,194,28,1,1,allocated
53,6858,greenran_normal,0,0,65535_65535,0,1,124091,186,1,1,0,25,0,28,1,1,pre_allocation
53,6858,greenran_normal,0,0,65535_65535,0,1,124091,194,1,1,1,26,194,28,1,1,allocated
53,6858,greenran_normal,0,0,65535_65535,0,2,124091,186,1,1,0,25,0,28,1,1,pre_allocation
53,6858,greenran_normal,0,0,65535_65535,0,2,124091,194,1,1,1,26,194,28,1,1,allocated
53,6858,greenran_normal,0,0,65535_65535,0,5,124082,186,1,1,0,25,0,28,1,1,pre_allocation
53,6858,greenran_normal,0,0,65535_65535,0,5,124082,194,1,1,1,26,194,28,1,1,allocated
53,6858,greenran_normal,0,0,65535_65535,0,4,126269,157,1,1,0,26,0,24,1,1,pre_allocation
53,6858,greenran_normal,0,0,65535_65535,0,4,126269,164,1,1,1,27,164,24,1,1,allocated
53,6858,greenran_normal,0,0,65535_65535,0,3,124089,194,1,1,0,26,0,28,1,1,pre_allocation
53,6858,greenran_normal,0,0,65535_65535,0,3,124089,201,1,1,1,27,201,28,1,1,allocated
53,6858,greenran_normal,0,0,65535_65535,0,1,124091,194,1,1,0,26,0,28,1,1,pre_allocation
53,6858,greenran_normal,0,0,65535_65535,0,1,124091,201,1,1,1,27,201,28,1,1,allocated
53,6858,greenran_normal,0,0,65535_65535,0,2,124091,194,1,1,0,26,0,28,1,1,pre_allocation
53,6858,greenran_normal,0,0,65535_65535,0,2,124091,201,1,1,1,27,201,28,1,1,allocated
53,6858,greenran_normal,0,0,65535_65535,0,5,124082,194,1,1,0,26,0,28,1,1,pre_allocation
53,6858,greenran_normal,0,0,65535_65535,0,5,124082,201,1,1,1,27,201,28,1,1,allocated
53,6858,greenran_normal,0,0,65535_65535,0,4,126269,164,1,1,0,27,0,24,1,1,pre_allocation
53,6858,greenran_normal,0,0,65535_65535,0,4,126269,170,1,1,1,28,170,24,1,1,allocated
53,6858,greenran_normal,0,0,65535_65535,0,3,124089,201,1,1,0,27,0,28,1,1,pre_allocation
53,6858,greenran_normal,0,0,65535_65535,0,3,124089,209,1,1,1,28,209,28,1,1,allocated
53,6858,greenran_normal,0,0,65535_65535,0,1,124091,201,1,1,0,27,0,28,1,1,pre_allocation
53,6858,greenran_normal,0,0,65535_65535,0,1,124091,209,1,1,1,28,209,28,1,1,allocated
53,6858,greenran_normal,0,0,65535_65535,0,2,124091,201,1,1,0,27,0,28,1,1,pre_allocation
53,6858,greenran_normal,0,0,65535_65535,0,2,124091,209,1,1,1,28,209,28,1,1,allocated
53,6858,greenran_normal,0,0,65535_65535,0,5,124082,201,1,1,0,27,0,28,1,1,pre_allocation
53,6858,greenran_normal,0,0,65535_65535,0,5,124082,209,1,1,1,28,209,28,1,1,allocated
53,6858,greenran_normal,0,0,65535_65535,0,4,126269,170,1,1,0,28,0,24,1,1,pre_allocation
53,6858,greenran_normal,0,0,65535_65535,0,4,126269,176,1,1,1,29,176,24,1,1,allocated
53,6858,greenran_normal,0,0,65535_65535,0,3,124089,209,1,1,0,28,0,28,1,1,pre_allocation
53,6858,greenran_normal,0,0,65535_65535,0,3,124089,217,1,1,1,29,217,28,1,1,allocated
53,6858,greenran_normal,0,0,65535_65535,0,1,124091,209,1,1,0,28,0,28,1,1,pre_allocation
53,6858,greenran_normal,0,0,65535_65535,0,1,124091,217,1,1,1,29,217,28,1,1,allocated
53,6858,greenran_normal,0,0,65535_65535,0,2,124091,209,1,1,0,28,0,28,1,1,pre_allocation
53,6858,greenran_normal,0,0,65535_65535,0,2,124091,217,1,1,1,29,217,28,1,1,allocated
53,6858,greenran_normal,0,0,65535_65535,0,5,124082,209,1,1,0,28,0,28,1,1,pre_allocation
53,6858,greenran_normal,0,0,65535_65535,0,5,124082,217,1,1,1,29,217,28,1,1,allocated
53,6858,greenran_normal,0,0,65535_65535,0,4,126269,176,1,1,0,29,0,24,1,1,pre_allocation
53,6858,greenran_normal,0,0,65535_65535,0,4,126269,182,1,1,1,30,182,24,1,1,allocated
53,6858,greenran_normal,0,0,65535_65535,0,3,124089,217,1,1,0,29,0,28,1,1,pre_allocation
53,6858,greenran_normal,0,0,65535_65535,0,3,124089,224,1,1,1,30,224,28,1,1,allocated
53,6858,greenran_normal,0,0,65535_65535,0,1,124091,217,1,1,0,29,0,28,1,1,pre_allocation
53,6858,greenran_normal,0,0,65535_65535,0,1,124091,224,1,1,1,30,224,28,1,1,allocated
53,6858,greenran_normal,0,0,65535_65535,0,2,124091,217,1,1,0,29,0,28,1,1,pre_allocation
53,6858,greenran_normal,0,0,65535_65535,0,2,124091,224,1,1,1,30,224,28,1,1,allocated
53,6858,greenran_normal,0,0,65535_65535,0,5,124082,217,1,1,0,29,0,28,1,1,pre_allocation
53,6858,greenran_normal,0,0,65535_65535,0,5,124082,224,1,1,1,30,224,28,1,1,allocated
53,6858,greenran_normal,0,0,65535_65535,0,4,126269,182,1,1,0,30,0,24,1,1,pre_allocation
53,6858,greenran_normal,0,0,65535_65535,0,4,126269,188,1,1,1,31,188,24,1,1,allocated
53,6858,greenran_normal,0,0,65535_65535,0,3,124089,224,1,1,0,30,0,28,1,1,pre_allocation
53,6858,greenran_normal,0,0,65535_65535,0,3,124089,232,1,1,1,31,232,28,1,1,allocated
53,6858,greenran_normal,0,0,65535_65535,0,1,124091,224,1,1,0,30,0,28,1,1,pre_allocation
53,6858,greenran_normal,0,0,65535_65535,0,1,124091,232,1,1,1,31,232,28,1,1,allocated
53,6858,greenran_normal,0,0,65535_65535,0,2,124091,224,1,1,0,30,0,28,1,1,pre_allocation
53,6858,greenran_normal,0,0,65535_65535,0,2,124091,232,1,1,1,31,232,28,1,1,allocated
53,6858,greenran_normal,0,0,65535_65535,0,5,124082,224,1,1,0,30,0,28,1,1,pre_allocation
53,6858,greenran_normal,0,0,65535_65535,0,5,124082,232,1,1,1,31,232,28,1,1,allocated
53,6858,greenran_normal,0,0,65535_65535,0,4,126269,188,1,1,0,31,0,24,1,1,pre_allocation
53,6858,greenran_normal,0,0,65535_65535,0,4,126269,195,1,1,1,32,195,24,1,1,allocated
53,6858,greenran_normal,0,0,65535_65535,0,3,124089,232,1,1,0,31,0,28,1,1,pre_allocation
53,6858,greenran_normal,0,0,65535_65535,0,3,124089,239,1,1,1,32,239,28,1,1,allocated
53,6858,greenran_normal,0,0,65535_65535,0,1,124091,232,1,1,0,31,0,28,1,1,pre_allocation
53,6858,greenran_normal,0,0,65535_65535,0,1,124091,239,1,1,1,32,239,28,1,1,allocated
53,6858,greenran_normal,0,0,65535_65535,0,2,124091,232,1,1,0,31,0,28,1,1,pre_allocation
53,6858,greenran_normal,0,0,65535_65535,0,2,124091,239,1,1,1,32,239,28,1,1,allocated
53,6858,greenran_normal,0,0,65535_65535,0,5,124082,232,1,1,0,31,0,28,1,1,pre_allocation
53,6858,greenran_normal,0,0,65535_65535,0,5,124082,239,1,1,1,32,239,28,1,1,allocated
53,6858,greenran_normal,0,0,65535_65535,0,4,126269,195,1,1,0,32,0,24,1,1,pre_allocation
53,6858,greenran_normal,0,0,65535_65535,0,4,126269,201,1,1,1,33,201,24,1,1,allocated
53,6858,greenran_normal,0,0,65535_65535,2,38,4062574,0,1,1,0,0,0,2,1,1,pre_allocation
53,6858,greenran_normal,0,0,65535_65535,2,38,4062574,0,1,1,1,1,0,2,1,1,allocated
53,6858,greenran_normal,0,0,65535_65535,2,60,4062275,0,1,1,0,0,0,12,1,1,pre_allocation
53,6858,greenran_normal,0,0,65535_65535,2,60,4062275,2,1,1,1,1,2,12,1,1,allocated
53,6858,greenran_normal,0,0,65535_65535,2,64,4061965,0,1,1,0,0,0,18,1,1,pre_allocation
53,6858,greenran_normal,0,0,65535_65535,2,64,4061965,0,1,1,1,1,0,18,1,1,allocated
53,6858,greenran_normal,0,0,65535_65535,2,43,4061442,0,1,1,0,0,0,18,1,1,pre_allocation
53,6858,greenran_normal,0,0,65535_65535,2,43,4061442,0,1,1,1,1,0,18,1,1,allocated
53,6858,greenran_normal,0,0,65535_65535,2,42,4061054,0,1,1,0,0,0,20,1,1,pre_allocation
53,6858,greenran_normal,0,0,65535_65535,2,42,4061054,1,1,1,1,1,1,20,1,1,allocated
53,6858,greenran_normal,0,0,65535_65535,2,36,4060618,0,1,1,0,0,0,24,1,1,pre_allocation
53,6858,greenran_normal,0,0,65535_65535,2,36,4060618,3,1,1,1,1,3,24,1,1,allocated
53,6858,greenran_normal,0,0,65535_65535,2,59,4060545,0,1,1,0,0,0,28,1,1,pre_allocation
53,6858,greenran_normal,0,0,65535_65535,2,59,4060545,4,1,1,1,1,4,28,1,1,allocated
53,6858,greenran_normal,0,0,65535_65535,2,35,4060505,0,1,1,0,0,0,28,1,1,pre_allocation
53,6858,greenran_normal,0,0,65535_65535,2,35,4060505,4,1,1,1,1,4,28,1,1,allocated
53,6858,greenran_normal,0,0,65535_65535,2,39,4060509,0,1,1,0,0,0,26,1,1,pre_allocation
53,6858,greenran_normal,0,0,65535_65535,2,39,4060509,4,1,1,1,1,4,26,1,1,allocated
53,6858,greenran_normal,0,0,65535_65535,2,37,4060508,0,1,1,0,0,0,28,1,1,pre_allocation
53,6858,greenran_normal,0,0,65535_65535,2,37,4060508,4,1,1,1,1,4,28,1,1,allocated
53,6858,greenran_normal,0,0,65535_65535,2,41,4060508,0,1,1,0,0,0,28,1,1,pre_allocation
53,6858,greenran_normal,0,0,65535_65535,2,41,4060508,4,1,1,1,1,4,28,1,1,allocated
53,6858,greenran_normal,0,0,65535_65535,2,56,4060505,0,1,1,0,0,0,28,1,1,pre_allocation
53,6858,greenran_normal,0,0,65535_65535,2,56,4060505,4,1,1,1,1,4,28,1,1,allocated
53,6858,greenran_normal,0,0,65535_65535,2,58,4060573,0,1,1,0,0,0,24,1,1,pre_allocation
53,6858,greenran_normal,0,0,65535_65535,2,58,4060573,3,1,1,1,1,3,24,1,1,allocated
53,6858,greenran_normal,0,0,65535_65535,2,57,4060505,0,1,1,0,0,0,28,1,1,pre_allocation
53,6858,greenran_normal,0,0,65535_65535,2,57,4060505,4,1,1,1,1,4,28,1,1,allocated
53,6858,greenran_normal,0,0,65535_65535,2,40,4060507,0,1,1,0,0,0,28,1,1,pre_allocation
53,6858,greenran_normal,0,0,65535_65535,2,40,4060507,4,1,1,1,1,4,28,1,1,allocated
53,6858,greenran_normal,0,0,65535_65535,2,63,4060503,0,1,1,0,0,0,28,1,1,pre_allocation
53,6858,greenran_normal,0,0,65535_65535,2,63,4060503,4,1,1,1,1,4,28,1,1,allocated
53,6858,greenran_normal,0,0,65535_65535,2,62,4060503,0,1,1,0,0,0,28,1,1,pre_allocation
53,6858,greenran_normal,0,0,65535_65535,2,62,4060503,4,1,1,1,1,4,28,1,1,allocated
53,6858,greenran_normal,0,0,65535_65535,2,61,4060502,0,1,1,0,0,0,28,1,1,pre_allocation
53,6858,greenran_normal,0,0,65535_65535,2,61,4060502,4,1,1,1,1,4,28,1,1,allocated
53,6858,greenran_normal,0,0,65535_65535,2,44,4060498,0,1,1,0,0,0,28,1,1,pre_allocation
53,6858,greenran_normal,0,0,65535_65535,2,44,4060498,4,1,1,1,1,4,28,1,1,allocated
53,6858,greenran_normal,0,0,65535_65535,2,55,4060498,0,1,1,0,0,0,28,1,1,pre_allocation
53,6858,greenran_normal,0,0,65535_65535,2,55,4060498,4,1,1,1,1,4,28,1,1,allocated
53,6858,greenran_normal,0,0,65535_65535,2,38,4062574,0,1,1,0,1,0,2,1,1,pre_allocation
53,6858,greenran_normal,0,0,65535_65535,2,38,4062574,0,1,1,1,2,0,2,1,1,allocated
53,6858,greenran_normal,0,0,65535_65535,2,60,4062275,2,1,1,0,1,0,12,1,1,pre_allocation
53,6858,greenran_normal,0,0,65535_65535,2,60,4062275,1,1,1,1,2,1,12,1,1,allocated
53,6858,greenran_normal,0,0,65535_65535,2,64,4061965,0,1,1,0,1,0,18,1,1,pre_allocation
53,6858,greenran_normal,0,0,65535_65535,2,64,4061965,4,1,1,1,2,4,18,1,1,allocated
53,6858,greenran_normal,0,0,65535_65535,2,43,4061442,0,1,1,0,1,0,18,1,1,pre_allocation
53,6858,greenran_normal,0,0,65535_65535,2,43,4061442,4,1,1,1,2,4,18,1,1,allocated
53,6858,greenran_normal,0,0,65535_65535,2,42,4061054,1,1,1,0,1,0,20,1,1,pre_allocation
53,6858,greenran_normal,0,0,65535_65535,2,42,4061054,6,1,1,1,2,6,20,1,1,allocated
53,6858,greenran_normal,0,0,65535_65535,2,36,4060618,3,1,1,0,1,0,24,1,1,pre_allocation
53,6858,greenran_normal,0,0,65535_65535,2,36,4060618,9,1,1,1,2,9,24,1,1,allocated
53,6858,greenran_normal,0,0,65535_65535,2,59,4060545,4,1,1,0,1,0,28,1,1,pre_allocation
53,6858,greenran_normal,0,0,65535_65535,2,59,4060545,12,1,1,1,2,12,28,1,1,allocated
53,6858,greenran_normal,0,0,65535_65535,2,35,4060505,4,1,1,0,1,0,28,1,1,pre_allocation
53,6858,greenran_normal,0,0,65535_65535,2,35,4060505,12,1,1,1,2,12,28,1,1,allocated
53,6858,greenran_normal,0,0,65535_65535,2,39,4060509,4,1,1,0,1,0,26,1,1,pre_allocation
53,6858,greenran_normal,0,0,65535_65535,2,39,4060509,11,1,1,1,2,11,26,1,1,allocated
53,6858,greenran_normal,0,0,65535_65535,2,37,4060508,4,1,1,0,1,0,28,1,1,pre_allocation
53,6858,greenran_normal,0,0,65535_65535,2,37,4060508,12,1,1,1,2,12,28,1,1,allocated
53,6858,greenran_normal,0,0,65535_65535,2,41,4060508,4,1,1,0,1,0,28,1,1,pre_allocation
53,6858,greenran_normal,0,0,65535_65535,2,41,4060508,12,1,1,1,2,12,28,1,1,allocated
53,6858,greenran_normal,0,0,65535_65535,2,56,4060505,4,1,1,0,1,0,28,1,1,pre_allocation
53,6858,greenran_normal,0,0,65535_65535,2,56,4060505,12,1,1,1,2,12,28,1,1,allocated
53,6858,greenran_normal,0,0,65535_65535,2,58,4060573,3,1,1,0,1,0,24,1,1,pre_allocation
53,6858,greenran_normal,0,0,65535_65535,2,58,4060573,9,1,1,1,2,9,24,1,1,allocated
53,6858,greenran_normal,0,0,65535_65535,2,57,4060505,4,1,1,0,1,0,28,1,1,pre_allocation
53,6858,greenran_normal,0,0,65535_65535,2,57,4060505,12,1,1,1,2,12,28,1,1,allocated
53,6858,greenran_normal,0,0,65535_65535,2,40,4060507,4,1,1,0,1,0,28,1,1,pre_allocation
53,6858,greenran_normal,0,0,65535_65535,2,40,4060507,12,1,1,1,2,12,28,1,1,allocated
53,6858,greenran_normal,0,0,65535_65535,2,63,4060503,4,1,1,0,1,0,28,1,1,pre_allocation
53,6858,greenran_normal,0,0,65535_65535,2,63,4060503,12,1,1,1,2,12,28,1,1,allocated
53,6858,greenran_normal,0,0,65535_65535,2,62,4060503,4,1,1,0,1,0,28,1,1,pre_allocation
53,6858,greenran_normal,0,0,65535_65535,2,62,4060503,12,1,1,1,2,12,28,1,1,allocated
53,6858,greenran_normal,0,0,65535_65535,2,61,4060502,4,1,1,0,1,0,28,1,1,pre_allocation
53,6858,greenran_normal,0,0,65535_65535,2,61,4060502,12,1,1,1,2,12,28,1,1,allocated
53,6858,greenran_normal,0,0,65535_65535,2,44,4060498,4,1,1,0,1,0,28,1,1,pre_allocation
53,6858,greenran_normal,0,0,65535_65535,2,44,4060498,12,1,1,1,2,12,28,1,1,allocated
53,6858,greenran_normal,0,0,65535_65535,2,55,4060498,4,1,1,0,1,0,28,1,1,pre_allocation
53,6858,greenran_normal,0,0,65535_65535,2,55,4060498,12,1,1,1,2,12,28,1,1,allocated
53,6858,greenran_normal,0,0,65535_65535,2,38,4062574,0,1,1,0,2,0,2,1,1,pre_allocation
53,6858,greenran_normal,0,0,65535_65535,2,38,4062574,0,1,1,1,3,0,2,1,1,allocated
53,6858,greenran_normal,0,0,65535_65535,2,60,4062275,1,1,1,0,2,0,12,1,1,pre_allocation
53,6858,greenran_normal,0,0,65535_65535,2,60,4062275,3,1,1,1,3,3,12,1,1,allocated
53,6858,greenran_normal,0,0,65535_65535,2,64,4061965,4,1,1,0,2,0,18,1,1,pre_allocation
53,6858,greenran_normal,0,0,65535_65535,2,64,4061965,8,1,1,1,3,8,18,1,1,allocated
53,6858,greenran_normal,0,0,65535_65535,2,43,4061442,4,1,1,0,2,0,18,1,1,pre_allocation
53,6858,greenran_normal,0,0,65535_65535,2,43,4061442,8,1,1,1,3,8,18,1,1,allocated
53,6858,greenran_normal,0,0,65535_65535,2,42,4061054,6,1,1,0,2,0,20,1,1,pre_allocation
53,6858,greenran_normal,0,0,65535_65535,2,42,4061054,10,1,1,1,3,10,20,1,1,allocated
53,6858,greenran_normal,0,0,65535_65535,2,36,4060618,9,1,1,0,2,0,24,1,1,pre_allocation
53,6858,greenran_normal,0,0,65535_65535,2,36,4060618,15,1,1,1,3,15,24,1,1,allocated
53,6858,greenran_normal,0,0,65535_65535,2,59,4060545,12,1,1,0,2,0,28,1,1,pre_allocation
53,6858,greenran_normal,0,0,65535_65535,2,59,4060545,19,1,1,1,3,19,28,1,1,allocated
53,6858,greenran_normal,0,0,65535_65535,2,35,4060505,12,1,1,0,2,0,28,1,1,pre_allocation
53,6858,greenran_normal,0,0,65535_65535,2,35,4060505,19,1,1,1,3,19,28,1,1,allocated
53,6858,greenran_normal,0,0,65535_65535,2,39,4060509,11,1,1,0,2,0,26,1,1,pre_allocation
53,6858,greenran_normal,0,0,65535_65535,2,39,4060509,18,1,1,1,3,18,26,1,1,allocated
53,6858,greenran_normal,0,0,65535_65535,2,37,4060508,12,1,1,0,2,0,28,1,1,pre_allocation
53,6858,greenran_normal,0,0,65535_65535,2,37,4060508,19,1,1,1,3,19,28,1,1,allocated
53,6858,greenran_normal,0,0,65535_65535,2,41,4060508,12,1,1,0,2,0,28,1,1,pre_allocation
53,6858,greenran_normal,0,0,65535_65535,2,41,4060508,19,1,1,1,3,19,28,1,1,allocated
53,6858,greenran_normal,0,0,65535_65535,2,56,4060505,12,1,1,0,2,0,28,1,1,pre_allocation
53,6858,greenran_normal,0,0,65535_65535,2,56,4060505,19,1,1,1,3,19,28,1,1,allocated
53,6858,greenran_normal,0,0,65535_65535,2,58,4060573,9,1,1,0,2,0,24,1,1,pre_allocation
53,6858,greenran_normal,0,0,65535_65535,2,58,4060573,15,1,1,1,3,15,24,1,1,allocated
53,6858,greenran_normal,0,0,65535_65535,2,57,4060505,12,1,1,0,2,0,28,1,1,pre_allocation
53,6858,greenran_normal,0,0,65535_65535,2,57,4060505,19,1,1,1,3,19,28,1,1,allocated
53,6858,greenran_normal,0,0,65535_65535,2,40,4060507,12,1,1,0,2,0,28,1,1,pre_allocation
53,6858,greenran_normal,0,0,65535_65535,2,40,4060507,19,1,1,1,3,19,28,1,1,allocated
53,6858,greenran_normal,0,0,65535_65535,2,63,4060503,12,1,1,0,2,0,28,1,1,pre_allocation
53,6858,greenran_normal,0,0,65535_65535,2,63,4060503,19,1,1,1,3,19,28,1,1,allocated
53,6858,greenran_normal,0,0,65535_65535,2,62,4060503,12,1,1,0,2,0,28,1,1,pre_allocation
53,6858,greenran_normal,0,0,65535_65535,2,62,4060503,19,1,1,1,3,19,28,1,1,allocated
53,6858,greenran_normal,0,0,65535_65535,2,61,4060502,12,1,1,0,2,0,28,1,1,pre_allocation
53,6858,greenran_normal,0,0,65535_65535,2,61,4060502,19,1,1,1,3,19,28,1,1,allocated
53,6858,greenran_normal,0,0,65535_65535,2,44,4060498,12,1,1,0,2,0,28,1,1,pre_allocation
53,6858,greenran_normal,0,0,65535_65535,2,44,4060498,19,1,1,1,3,19,28,1,1,allocated
53,6858,greenran_normal,0,0,65535_65535,2,55,4060498,12,1,1,0,2,0,28,1,1,pre_allocation
53,6858,greenran_normal,0,0,65535_65535,2,55,4060498,19,1,1,1,3,19,28,1,1,allocated
53,6858,greenran_normal,0,0,65535_65535,2,38,4062574,0,1,1,0,3,0,2,1,1,pre_allocation
53,6858,greenran_normal,0,0,65535_65535,2,38,4062574,1,1,1,1,4,1,2,1,1,allocated
53,6858,greenran_normal,0,0,65535_65535,2,60,4062275,3,1,1,0,3,0,12,1,1,pre_allocation
53,6858,greenran_normal,0,0,65535_65535,2,60,4062275,5,1,1,1,4,5,12,1,1,allocated
53,6858,greenran_normal,0,0,65535_65535,2,64,4061965,8,1,1,0,3,0,18,1,1,pre_allocation
53,6858,greenran_normal,0,0,65535_65535,2,64,4061965,11,1,1,1,4,11,18,1,1,allocated
53,6858,greenran_normal,0,0,65535_65535,2,43,4061442,8,1,1,0,3,0,18,1,1,pre_allocation
53,6858,greenran_normal,0,0,65535_65535,2,43,4061442,11,1,1,1,4,11,18,1,1,allocated
53,6858,greenran_normal,0,0,65535_65535,2,42,4061054,10,1,1,0,3,0,20,1,1,pre_allocation
53,6858,greenran_normal,0,0,65535_65535,2,42,4061054,15,1,1,1,4,15,20,1,1,allocated
53,6858,greenran_normal,0,0,65535_65535,2,36,4060618,15,1,1,0,3,0,24,1,1,pre_allocation
53,6858,greenran_normal,0,0,65535_65535,2,36,4060618,21,1,1,1,4,21,24,1,1,allocated
53,6858,greenran_normal,0,0,65535_65535,2,59,4060545,19,1,1,0,3,0,28,1,1,pre_allocation
53,6858,greenran_normal,0,0,65535_65535,2,59,4060545,27,1,1,1,4,27,28,1,1,allocated
53,6858,greenran_normal,0,0,65535_65535,2,35,4060505,19,1,1,0,3,0,28,1,1,pre_allocation
53,6858,greenran_normal,0,0,65535_65535,2,35,4060505,27,1,1,1,4,27,28,1,1,allocated
53,6858,greenran_normal,0,0,65535_65535,2,39,4060509,18,1,1,0,3,0,26,1,1,pre_allocation
53,6858,greenran_normal,0,0,65535_65535,2,39,4060509,25,1,1,1,4,25,26,1,1,allocated
53,6858,greenran_normal,0,0,65535_65535,2,37,4060508,19,1,1,0,3,0,28,1,1,pre_allocation
53,6858,greenran_normal,0,0,65535_65535,2,37,4060508,27,1,1,1,4,27,28,1,1,allocated
53,6858,greenran_normal,0,0,65535_65535,2,41,4060508,19,1,1,0,3,0,28,1,1,pre_allocation
53,6858,greenran_normal,0,0,65535_65535,2,41,4060508,27,1,1,1,4,27,28,1,1,allocated
53,6858,greenran_normal,0,0,65535_65535,2,56,4060505,19,1,1,0,3,0,28,1,1,pre_allocation
53,6858,greenran_normal,0,0,65535_65535,2,56,4060505,27,1,1,1,4,27,28,1,1,allocated
53,6858,greenran_normal,0,0,65535_65535,2,58,4060573,15,1,1,0,3,0,24,1,1,pre_allocation
53,6858,greenran_normal,0,0,65535_65535,2,58,4060573,21,1,1,1,4,21,24,1,1,allocated
53,6858,greenran_normal,0,0,65535_65535,2,57,4060505,19,1,1,0,3,0,28,1,1,pre_allocation
53,6858,greenran_normal,0,0,65535_65535,2,57,4060505,27,1,1,1,4,27,28,1,1,allocated
53,6858,greenran_normal,0,0,65535_65535,2,40,4060507,19,1,1,0,3,0,28,1,1,pre_allocation
53,6858,greenran_normal,0,0,65535_65535,2,40,4060507,27,1,1,1,4,27,28,1,1,allocated
53,6858,greenran_normal,0,0,65535_65535,2,63,4060503,19,1,1,0,3,0,28,1,1,pre_allocation
53,6858,greenran_normal,0,0,65535_65535,2,63,4060503,27,1,1,1,4,27,28,1,1,allocated
53,6858,greenran_normal,0,0,65535_65535,2,62,4060503,19,1,1,0,3,0,28,1,1,pre_allocation
53,6858,greenran_normal,0,0,65535_65535,2,62,4060503,27,1,1,1,4,27,28,1,1,allocated
53,6858,greenran_normal,0,0,65535_65535,2,61,4060502,19,1,1,0,3,0,28,1,1,pre_allocation
53,6858,greenran_normal,0,0,65535_65535,2,61,4060502,27,1,1,1,4,27,28,1,1,allocated
53,6858,greenran_normal,0,0,65535_65535,2,44,4060498,19,1,1,0,3,0,28,1,1,pre_allocation
53,6858,greenran_normal,0,0,65535_65535,2,44,4060498,27,1,1,1,4,27,28,1,1,allocated
53,6858,greenran_normal,0,0,65535_65535,2,55,4060498,19,1,1,0,3,0,28,1,1,pre_allocation
53,6858,greenran_normal,0,0,65535_65535,2,55,4060498,27,1,1,1,4,27,28,1,1,allocated
53,6858,greenran_normal,0,0,65535_65535,2,38,4062574,1,1,1,0,4,0,2,1,1,pre_allocation
53,6858,greenran_normal,0,0,65535_65535,2,38,4062574,1,1,1,1,5,1,2,1,1,allocated
53,6858,greenran_normal,0,0,65535_65535,2,60,4062275,5,1,1,0,4,0,12,1,1,pre_allocation
53,6858,greenran_normal,0,0,65535_65535,2,60,4062275,7,1,1,1,5,7,12,1,1,allocated
53,6858,greenran_normal,0,0,65535_65535,2,64,4061965,11,1,1,0,4,0,18,1,1,pre_allocation
53,6858,greenran_normal,0,0,65535_65535,2,64,4061965,15,1,1,1,5,15,18,1,1,allocated
53,6858,greenran_normal,0,0,65535_65535,2,43,4061442,11,1,1,0,4,0,18,1,1,pre_allocation
53,6858,greenran_normal,0,0,65535_65535,2,43,4061442,15,1,1,1,5,15,18,1,1,allocated
53,6858,greenran_normal,0,0,65535_65535,2,42,4061054,15,1,1,0,4,0,20,1,1,pre_allocation
53,6858,greenran_normal,0,0,65535_65535,2,42,4061054,19,1,1,1,5,19,20,1,1,allocated
53,6858,greenran_normal,0,0,65535_65535,2,36,4060618,21,1,1,0,4,0,24,1,1,pre_allocation
53,6858,greenran_normal,0,0,65535_65535,2,36,4060618,27,1,1,1,5,27,24,1,1,allocated
53,6858,greenran_normal,0,0,65535_65535,2,59,4060545,27,1,1,0,4,0,28,1,1,pre_allocation
53,6858,greenran_normal,0,0,65535_65535,2,59,4060545,34,1,1,1,5,34,28,1,1,allocated
53,6858,greenran_normal,0,0,65535_65535,2,35,4060505,27,1,1,0,4,0,28,1,1,pre_allocation
53,6858,greenran_normal,0,0,65535_65535,2,35,4060505,34,1,1,1,5,34,28,1,1,allocated
53,6858,greenran_normal,0,0,65535_65535,2,39,4060509,25,1,1,0,4,0,26,1,1,pre_allocation
53,6858,greenran_normal,0,0,65535_65535,2,39,4060509,32,1,1,1,5,32,26,1,1,allocated
53,6858,greenran_normal,0,0,65535_65535,2,37,4060508,27,1,1,0,4,0,28,1,1,pre_allocation
53,6858,greenran_normal,0,0,65535_65535,2,37,4060508,34,1,1,1,5,34,28,1,1,allocated
53,6858,greenran_normal,0,0,65535_65535,2,41,4060508,27,1,1,0,4,0,28,1,1,pre_allocation
53,6858,greenran_normal,0,0,65535_65535,2,41,4060508,34,1,1,1,5,34,28,1,1,allocated
53,6858,greenran_normal,0,0,65535_65535,2,56,4060505,27,1,1,0,4,0,28,1,1,pre_allocation
53,6858,greenran_normal,0,0,65535_65535,2,56,4060505,34,1,1,1,5,34,28,1,1,allocated
53,6858,greenran_normal,0,0,65535_65535,2,58,4060573,21,1,1,0,4,0,24,1,1,pre_allocation
53,6858,greenran_normal,0,0,65535_65535,2,58,4060573,27,1,1,1,5,27,24,1,1,allocated
53,6858,greenran_normal,0,0,65535_65535,2,57,4060505,27,1,1,0,4,0,28,1,1,pre_allocation
53,6858,greenran_normal,0,0,65535_65535,2,57,4060505,34,1,1,1,5,34,28,1,1,allocated
53,6858,greenran_normal,0,0,65535_65535,2,40,4060507,27,1,1,0,4,0,28,1,1,pre_allocation
53,6858,greenran_normal,0,0,65535_65535,2,40,4060507,34,1,1,1,5,34,28,1,1,allocated
53,6858,greenran_normal,0,0,65535_65535,2,63,4060503,27,1,1,0,4,0,28,1,1,pre_allocation
53,6858,greenran_normal,0,0,65535_65535,2,63,4060503,34,1,1,1,5,34,28,1,1,allocated
53,6858,greenran_normal,0,0,65535_65535,2,62,4060503,27,1,1,0,4,0,28,1,1,pre_allocation
53,6858,greenran_normal,0,0,65535_65535,2,62,4060503,34,1,1,1,5,34,28,1,1,allocated
53,6858,greenran_normal,0,0,65535_65535,2,61,4060502,27,1,1,0,4,0,28,1,1,pre_allocation
53,6858,greenran_normal,0,0,65535_65535,2,61,4060502,34,1,1,1,5,34,28,1,1,allocated
53,6858,greenran_normal,0,0,65535_65535,2,44,4060498,27,1,1,0,4,0,28,1,1,pre_allocation
53,6858,greenran_normal,0,0,65535_65535,2,44,4060498,34,1,1,1,5,34,28,1,1,allocated
53,6858,greenran_normal,0,0,65535_65535,2,55,4060498,27,1,1,0,4,0,28,1,1,pre_allocation
53,6858,greenran_normal,0,0,65535_65535,2,55,4060498,34,1,1,1,5,34,28,1,1,allocated
53,6858,greenran_normal,0,0,65535_65535,2,38,4062574,1,1,1,0,5,0,2,1,1,pre_allocation
53,6858,greenran_normal,0,0,65535_65535,2,38,4062574,1,1,1,1,6,1,2,1,1,allocated
53,6858,greenran_normal,0,0,65535_65535,2,60,4062275,7,1,1,0,5,0,12,1,1,pre_allocation
53,6858,greenran_normal,0,0,65535_65535,2,60,4062275,9,1,1,1,6,9,12,1,1,allocated
53,6858,greenran_normal,0,0,65535_65535,2,64,4061965,15,1,1,0,5,0,18,1,1,pre_allocation
53,6858,greenran_normal,0,0,65535_65535,2,64,4061965,19,1,1,1,6,19,18,1,1,allocated
53,6858,greenran_normal,0,0,65535_65535,2,43,4061442,15,1,1,0,5,0,18,1,1,pre_allocation
53,6858,greenran_normal,0,0,65535_65535,2,43,4061442,19,1,1,1,6,19,18,1,1,allocated
53,6858,greenran_normal,0,0,65535_65535,2,42,4061054,19,1,1,0,5,0,20,1,1,pre_allocation
53,6858,greenran_normal,0,0,65535_65535,2,42,4061054,24,1,1,1,6,24,20,1,1,allocated
57,6967,greenran_normal,0,0,65535_65535,0,4,127739,0,1,1,0,0,0,24,1,1,pre_allocation
57,6967,greenran_normal,0,0,65535_65535,0,4,127739,3,1,1,1,1,3,24,1,1,allocated
57,6967,greenran_normal,0,0,65535_65535,0,2,125402,0,1,1,0,0,0,28,1,1,pre_allocation
57,6967,greenran_normal,0,0,65535_65535,0,2,125402,4,1,1,1,1,4,28,1,1,allocated
57,6967,greenran_normal,0,0,65535_65535,0,5,125394,0,1,1,0,0,0,28,1,1,pre_allocation
57,6967,greenran_normal,0,0,65535_65535,0,5,125394,4,1,1,1,1,4,28,1,1,allocated
57,6967,greenran_normal,0,0,65535_65535,0,3,125393,0,1,1,0,0,0,28,1,1,pre_allocation
57,6967,greenran_normal,0,0,65535_65535,0,3,125393,4,1,1,1,1,4,28,1,1,allocated
57,6967,greenran_normal,0,0,65535_65535,0,1,125395,0,1,1,0,0,0,28,1,1,pre_allocation
57,6967,greenran_normal,0,0,65535_65535,0,1,125395,4,1,1,1,1,4,28,1,1,allocated
57,6967,greenran_normal,0,0,65535_65535,0,4,127739,3,1,1,0,1,0,24,1,1,pre_allocation
57,6967,greenran_normal,0,0,65535_65535,0,4,127739,9,1,1,1,2,9,24,1,1,allocated
57,6967,greenran_normal,0,0,65535_65535,0,2,125402,4,1,1,0,1,0,28,1,1,pre_allocation
57,6967,greenran_normal,0,0,65535_65535,0,2,125402,12,1,1,1,2,12,28,1,1,allocated
57,6967,greenran_normal,0,0,65535_65535,0,5,125394,4,1,1,0,1,0,28,1,1,pre_allocation
57,6967,greenran_normal,0,0,65535_65535,0,5,125394,12,1,1,1,2,12,28,1,1,allocated
57,6967,greenran_normal,0,0,65535_65535,0,3,125393,4,1,1,0,1,0,28,1,1,pre_allocation
57,6967,greenran_normal,0,0,65535_65535,0,3,125393,12,1,1,1,2,12,28,1,1,allocated
57,6967,greenran_normal,0,0,65535_65535,0,1,125395,4,1,1,0,1,0,28,1,1,pre_allocation
57,6967,greenran_normal,0,0,65535_65535,0,1,125395,12,1,1,1,2,12,28,1,1,allocated
57,6967,greenran_normal,0,0,65535_65535,0,4,127739,9,1,1,0,2,0,24,1,1,pre_allocation
57,6967,greenran_normal,0,0,65535_65535,0,4,127739,15,1,1,1,3,15,24,1,1,allocated
57,6967,greenran_normal,0,0,65535_65535,0,2,125402,12,1,1,0,2,0,28,1,1,pre_allocation
57,6967,greenran_normal,0,0,65535_65535,0,2,125402,19,1,1,1,3,19,28,1,1,allocated
57,6967,greenran_normal,0,0,65535_65535,0,5,125394,12,1,1,0,2,0,28,1,1,pre_allocation
57,6967,greenran_normal,0,0,65535_65535,0,5,125394,19,1,1,1,3,19,28,1,1,allocated
57,6967,greenran_normal,0,0,65535_65535,0,3,125393,12,1,1,0,2,0,28,1,1,pre_allocation
57,6967,greenran_normal,0,0,65535_65535,0,3,125393,19,1,1,1,3,19,28,1,1,allocated
57,6967,greenran_normal,0,0,65535_65535,0,1,125395,12,1,1,0,2,0,28,1,1,pre_allocation
57,6967,greenran_normal,0,0,65535_65535,0,1,125395,19,1,1,1,3,19,28,1,1,allocated
57,6967,greenran_normal,0,0,65535_65535,0,4,127739,15,1,1,0,3,0,24,1,1,pre_allocation
57,6967,greenran_normal,0,0,65535_65535,0,4,127739,21,1,1,1,4,21,24,1,1,allocated
57,6967,greenran_normal,0,0,65535_65535,0,2,125402,19,1,1,0,3,0,28,1,1,pre_allocation
57,6967,greenran_normal,0,0,65535_65535,0,2,125402,27,1,1,1,4,27,28,1,1,allocated
57,6967,greenran_normal,0,0,65535_65535,0,5,125394,19,1,1,0,3,0,28,1,1,pre_allocation
57,6967,greenran_normal,0,0,65535_65535,0,5,125394,27,1,1,1,4,27,28,1,1,allocated
57,6967,greenran_normal,0,0,65535_65535,0,3,125393,19,1,1,0,3,0,28,1,1,pre_allocation
57,6967,greenran_normal,0,0,65535_65535,0,3,125393,27,1,1,1,4,27,28,1,1,allocated
57,6967,greenran_normal,0,0,65535_65535,0,1,125395,19,1,1,0,3,0,28,1,1,pre_allocation
57,6967,greenran_normal,0,0,65535_65535,0,1,125395,27,1,1,1,4,27,28,1,1,allocated
57,6967,greenran_normal,0,0,65535_65535,0,4,127739,21,1,1,0,4,0,24,1,1,pre_allocation
57,6967,greenran_normal,0,0,65535_65535,0,4,127739,27,1,1,1,5,27,24,1,1,allocated
57,6967,greenran_normal,0,0,65535_65535,0,2,125402,27,1,1,0,4,0,28,1,1,pre_allocation
57,6967,greenran_normal,0,0,65535_65535,0,2,125402,34,1,1,1,5,34,28,1,1,allocated
57,6967,greenran_normal,0,0,65535_65535,0,5,125394,27,1,1,0,4,0,28,1,1,pre_allocation
57,6967,greenran_normal,0,0,65535_65535,0,5,125394,34,1,1,1,5,34,28,1,1,allocated
57,6967,greenran_normal,0,0,65535_65535,0,3,125393,27,1,1,0,4,0,28,1,1,pre_allocation
57,6967,greenran_normal,0,0,65535_65535,0,3,125393,34,1,1,1,5,34,28,1,1,allocated
57,6967,greenran_normal,0,0,65535_65535,0,1,125395,27,1,1,0,4,0,28,1,1,pre_allocation
57,6967,greenran_normal,0,0,65535_65535,0,1,125395,34,1,1,1,5,34,28,1,1,allocated
57,6967,greenran_normal,0,0,65535_65535,0,4,127739,27,1,1,0,5,0,24,1,1,pre_allocation
57,6967,greenran_normal,0,0,65535_65535,0,4,127739,34,1,1,1,6,34,24,1,1,allocated
57,6967,greenran_normal,0,0,65535_65535,0,2,125402,34,1,1,0,5,0,28,1,1,pre_allocation
57,6967,greenran_normal,0,0,65535_65535,0,2,125402,42,1,1,1,6,42,28,1,1,allocated
57,6967,greenran_normal,0,0,65535_65535,0,5,125394,34,1,1,0,5,0,28,1,1,pre_allocation
57,6967,greenran_normal,0,0,65535_65535,0,5,125394,42,1,1,1,6,42,28,1,1,allocated
57,6967,greenran_normal,0,0,65535_65535,0,3,125393,34,1,1,0,5,0,28,1,1,pre_allocation
57,6967,greenran_normal,0,0,65535_65535,0,3,125393,42,1,1,1,6,42,28,1,1,allocated
57,6967,greenran_normal,0,0,65535_65535,0,1,125395,34,1,1,0,5,0,28,1,1,pre_allocation
57,6967,greenran_normal,0,0,65535_65535,0,1,125395,42,1,1,1,6,42,28,1,1,allocated
57,6967,greenran_normal,0,0,65535_65535,0,4,127739,34,1,1,0,6,0,24,1,1,pre_allocation
57,6967,greenran_normal,0,0,65535_65535,0,4,127739,40,1,1,1,7,40,24,1,1,allocated
57,6967,greenran_normal,0,0,65535_65535,0,2,125402,42,1,1,0,6,0,28,1,1,pre_allocation
57,6967,greenran_normal,0,0,65535_65535,0,2,125402,50,1,1,1,7,50,28,1,1,allocated
57,6967,greenran_normal,0,0,65535_65535,0,5,125394,42,1,1,0,6,0,28,1,1,pre_allocation
57,6967,greenran_normal,0,0,65535_65535,0,5,125394,50,1,1,1,7,50,28,1,1,allocated
57,6967,greenran_normal,0,0,65535_65535,0,3,125393,42,1,1,0,6,0,28,1,1,pre_allocation
57,6967,greenran_normal,0,0,65535_65535,0,3,125393,50,1,1,1,7,50,28,1,1,allocated
57,6967,greenran_normal,0,0,65535_65535,0,1,125395,42,1,1,0,6,0,28,1,1,pre_allocation
57,6967,greenran_normal,0,0,65535_65535,0,1,125395,50,1,1,1,7,50,28,1,1,allocated
57,6967,greenran_normal,0,0,65535_65535,0,4,127739,40,1,1,0,7,0,24,1,1,pre_allocation
57,6967,greenran_normal,0,0,65535_65535,0,4,127739,46,1,1,1,8,46,24,1,1,allocated
57,6967,greenran_normal,0,0,65535_65535,0,2,125402,50,1,1,0,7,0,28,1,1,pre_allocation
57,6967,greenran_normal,0,0,65535_65535,0,2,125402,57,1,1,1,8,57,28,1,1,allocated
57,6967,greenran_normal,0,0,65535_65535,0,5,125394,50,1,1,0,7,0,28,1,1,pre_allocation
57,6967,greenran_normal,0,0,65535_65535,0,5,125394,57,1,1,1,8,57,28,1,1,allocated
57,6967,greenran_normal,0,0,65535_65535,0,3,125393,50,1,1,0,7,0,28,1,1,pre_allocation
57,6967,greenran_normal,0,0,65535_65535,0,3,125393,57,1,1,1,8,57,28,1,1,allocated
57,6967,greenran_normal,0,0,65535_65535,0,1,125395,50,1,1,0,7,0,28,1,1,pre_allocation
57,6967,greenran_normal,0,0,65535_65535,0,1,125395,57,1,1,1,8,57,28,1,1,allocated
57,6967,greenran_normal,0,0,65535_65535,0,4,127739,46,1,1,0,8,0,24,1,1,pre_allocation
57,6967,greenran_normal,0,0,65535_65535,0,4,127739,52,1,1,1,9,52,24,1,1,allocated
57,6967,greenran_normal,0,0,65535_65535,0,2,125402,57,1,1,0,8,0,28,1,1,pre_allocation
57,6967,greenran_normal,0,0,65535_65535,0,2,125402,65,1,1,1,9,65,28,1,1,allocated
57,6967,greenran_normal,0,0,65535_65535,0,5,125394,57,1,1,0,8,0,28,1,1,pre_allocation
57,6967,greenran_normal,0,0,65535_65535,0,5,125394,65,1,1,1,9,65,28,1,1,allocated
57,6967,greenran_normal,0,0,65535_65535,0,3,125393,57,1,1,0,8,0,28,1,1,pre_allocation
57,6967,greenran_normal,0,0,65535_65535,0,3,125393,65,1,1,1,9,65,28,1,1,allocated
57,6967,greenran_normal,0,0,65535_65535,0,1,125395,57,1,1,0,8,0,28,1,1,pre_allocation
57,6967,greenran_normal,0,0,65535_65535,0,1,125395,65,1,1,1,9,65,28,1,1,allocated
57,6967,greenran_normal,0,0,65535_65535,0,4,127739,52,1,1,0,9,0,24,1,1,pre_allocation
57,6967,greenran_normal,0,0,65535_65535,0,4,127739,58,1,1,1,10,58,24,1,1,allocated
57,6967,greenran_normal,0,0,65535_65535,0,2,125402,65,1,1,0,9,0,28,1,1,pre_allocation
57,6967,greenran_normal,0,0,65535_65535,0,2,125402,72,1,1,1,10,72,28,1,1,allocated
57,6967,greenran_normal,0,0,65535_65535,0,5,125394,65,1,1,0,9,0,28,1,1,pre_allocation
57,6967,greenran_normal,0,0,65535_65535,0,5,125394,72,1,1,1,10,72,28,1,1,allocated
57,6967,greenran_normal,0,0,65535_65535,0,3,125393,65,1,1,0,9,0,28,1,1,pre_allocation
57,6967,greenran_normal,0,0,65535_65535,0,3,125393,72,1,1,1,10,72,28,1,1,allocated
57,6967,greenran_normal,0,0,65535_65535,0,1,125395,65,1,1,0,9,0,28,1,1,pre_allocation
57,6967,greenran_normal,0,0,65535_65535,0,1,125395,72,1,1,1,10,72,28,1,1,allocated
57,6967,greenran_normal,0,0,65535_65535,0,4,127739,58,1,1,0,10,0,24,1,1,pre_allocation
57,6967,greenran_normal,0,0,65535_65535,0,4,127739,65,1,1,1,11,65,24,1,1,allocated
57,6967,greenran_normal,0,0,65535_65535,0,2,125402,72,1,1,0,10,0,28,1,1,pre_allocation
57,6967,greenran_normal,0,0,65535_65535,0,2,125402,80,1,1,1,11,80,28,1,1,allocated
57,6967,greenran_normal,0,0,65535_65535,0,5,125394,72,1,1,0,10,0,28,1,1,pre_allocation
57,6967,greenran_normal,0,0,65535_65535,0,5,125394,80,1,1,1,11,80,28,1,1,allocated
57,6967,greenran_normal,0,0,65535_65535,0,3,125393,72,1,1,0,10,0,28,1,1,pre_allocation
57,6967,greenran_normal,0,0,65535_65535,0,3,125393,80,1,1,1,11,80,28,1,1,allocated
57,6967,greenran_normal,0,0,65535_65535,0,1,125395,72,1,1,0,10,0,28,1,1,pre_allocation
57,6967,greenran_normal,0,0,65535_65535,0,1,125395,80,1,1,1,11,80,28,1,1,allocated
57,6967,greenran_normal,0,0,65535_65535,0,4,127739,65,1,1,0,11,0,24,1,1,pre_allocation
57,6967,greenran_normal,0,0,65535_65535,0,4,127739,71,1,1,1,12,71,24,1,1,allocated
57,6967,greenran_normal,0,0,65535_65535,0,2,125402,80,1,1,0,11,0,28,1,1,pre_allocation
57,6967,greenran_normal,0,0,65535_65535,0,2,125402,88,1,1,1,12,88,28,1,1,allocated
57,6967,greenran_normal,0,0,65535_65535,0,5,125394,80,1,1,0,11,0,28,1,1,pre_allocation
57,6967,greenran_normal,0,0,65535_65535,0,5,125394,88,1,1,1,12,88,28,1,1,allocated
57,6967,greenran_normal,0,0,65535_65535,0,3,125393,80,1,1,0,11,0,28,1,1,pre_allocation
57,6967,greenran_normal,0,0,65535_65535,0,3,125393,88,1,1,1,12,88,28,1,1,allocated
57,6967,greenran_normal,0,0,65535_65535,0,1,125395,80,1,1,0,11,0,28,1,1,pre_allocation
57,6967,greenran_normal,0,0,65535_65535,0,1,125395,88,1,1,1,12,88,28,1,1,allocated
57,6967,greenran_normal,0,0,65535_65535,0,4,127739,71,1,1,0,12,0,24,1,1,pre_allocation
57,6967,greenran_normal,0,0,65535_65535,0,4,127739,77,1,1,1,13,77,24,1,1,allocated
57,6967,greenran_normal,0,0,65535_65535,0,2,125402,88,1,1,0,12,0,28,1,1,pre_allocation
57,6967,greenran_normal,0,0,65535_65535,0,2,125402,95,1,1,1,13,95,28,1,1,allocated
57,6967,greenran_normal,0,0,65535_65535,0,5,125394,88,1,1,0,12,0,28,1,1,pre_allocation
57,6967,greenran_normal,0,0,65535_65535,0,5,125394,95,1,1,1,13,95,28,1,1,allocated
57,6967,greenran_normal,0,0,65535_65535,0,3,125393,88,1,1,0,12,0,28,1,1,pre_allocation
57,6967,greenran_normal,0,0,65535_65535,0,3,125393,95,1,1,1,13,95,28,1,1,allocated
57,6967,greenran_normal,0,0,65535_65535,0,1,125395,88,1,1,0,12,0,28,1,1,pre_allocation
57,6967,greenran_normal,0,0,65535_65535,0,1,125395,95,1,1,1,13,95,28,1,1,allocated
57,6967,greenran_normal,0,0,65535_65535,0,4,127739,77,1,1,0,13,0,24,1,1,pre_allocation
57,6967,greenran_normal,0,0,65535_65535,0,4,127739,83,1,1,1,14,83,24,1,1,allocated
57,6967,greenran_normal,0,0,65535_65535,0,2,125402,95,1,1,0,13,0,28,1,1,pre_allocation
57,6967,greenran_normal,0,0,65535_65535,0,2,125402,103,1,1,1,14,103,28,1,1,allocated
57,6967,greenran_normal,0,0,65535_65535,0,5,125394,95,1,1,0,13,0,28,1,1,pre_allocation
57,6967,greenran_normal,0,0,65535_65535,0,5,125394,103,1,1,1,14,103,28,1,1,allocated
57,6967,greenran_normal,0,0,65535_65535,0,3,125393,95,1,1,0,13,0,28,1,1,pre_allocation
57,6967,greenran_normal,0,0,65535_65535,0,3,125393,103,1,1,1,14,103,28,1,1,allocated
57,6967,greenran_normal,0,0,65535_65535,0,1,125395,95,1,1,0,13,0,28,1,1,pre_allocation
57,6967,greenran_normal,0,0,65535_65535,0,1,125395,103,1,1,1,14,103,28,1,1,allocated
57,6967,greenran_normal,0,0,65535_65535,0,4,127739,83,1,1,0,14,0,24,1,1,pre_allocation
57,6967,greenran_normal,0,0,65535_65535,0,4,127739,89,1,1,1,15,89,24,1,1,allocated
57,6967,greenran_normal,0,0,65535_65535,0,2,125402,103,1,1,0,14,0,28,1,1,pre_allocation
57,6967,greenran_normal,0,0,65535_65535,0,2,125402,110,1,1,1,15,110,28,1,1,allocated
57,6967,greenran_normal,0,0,65535_65535,0,5,125394,103,1,1,0,14,0,28,1,1,pre_allocation
57,6967,greenran_normal,0,0,65535_65535,0,5,125394,110,1,1,1,15,110,28,1,1,allocated
57,6967,greenran_normal,0,0,65535_65535,0,3,125393,103,1,1,0,14,0,28,1,1,pre_allocation
57,6967,greenran_normal,0,0,65535_65535,0,3,125393,110,1,1,1,15,110,28,1,1,allocated
57,6967,greenran_normal,0,0,65535_65535,0,1,125395,103,1,1,0,14,0,28,1,1,pre_allocation
57,6967,greenran_normal,0,0,65535_65535,0,1,125395,110,1,1,1,15,110,28,1,1,allocated
57,6967,greenran_normal,0,0,65535_65535,0,4,127739,89,1,1,0,15,0,24,1,1,pre_allocation
57,6967,greenran_normal,0,0,65535_65535,0,4,127739,96,1,1,1,16,96,24,1,1,allocated
57,6967,greenran_normal,0,0,65535_65535,0,2,125402,110,1,1,0,15,0,28,1,1,pre_allocation
57,6967,greenran_normal,0,0,65535_65535,0,2,125402,118,1,1,1,16,118,28,1,1,allocated
57,6967,greenran_normal,0,0,65535_65535,0,5,125394,110,1,1,0,15,0,28,1,1,pre_allocation
57,6967,greenran_normal,0,0,65535_65535,0,5,125394,118,1,1,1,16,118,28,1,1,allocated
57,6967,greenran_normal,0,0,65535_65535,0,3,125393,110,1,1,0,15,0,28,1,1,pre_allocation
57,6967,greenran_normal,0,0,65535_65535,0,3,125393,118,1,1,1,16,118,28,1,1,allocated
57,6967,greenran_normal,0,0,65535_65535,0,1,125395,110,1,1,0,15,0,28,1,1,pre_allocation
57,6967,greenran_normal,0,0,65535_65535,0,1,125395,118,1,1,1,16,118,28,1,1,allocated
57,6967,greenran_normal,0,0,65535_65535,0,4,127739,96,1,1,0,16,0,24,1,1,pre_allocation
57,6967,greenran_normal,0,0,65535_65535,0,4,127739,102,1,1,1,17,102,24,1,1,allocated
57,6967,greenran_normal,0,0,65535_65535,0,2,125402,118,1,1,0,16,0,28,1,1,pre_allocation
57,6967,greenran_normal,0,0,65535_65535,0,2,125402,126,1,1,1,17,126,28,1,1,allocated
57,6967,greenran_normal,0,0,65535_65535,0,5,125394,118,1,1,0,16,0,28,1,1,pre_allocation
57,6967,greenran_normal,0,0,65535_65535,0,5,125394,126,1,1,1,17,126,28,1,1,allocated
57,6967,greenran_normal,0,0,65535_65535,0,3,125393,118,1,1,0,16,0,28,1,1,pre_allocation
57,6967,greenran_normal,0,0,65535_65535,0,3,125393,126,1,1,1,17,126,28,1,1,allocated
57,6967,greenran_normal,0,0,65535_65535,0,1,125395,118,1,1,0,16,0,28,1,1,pre_allocation
57,6967,greenran_normal,0,0,65535_65535,0,1,125395,126,1,1,1,17,126,28,1,1,allocated
57,6967,greenran_normal,0,0,65535_65535,0,4,127739,102,1,1,0,17,0,24,1,1,pre_allocation
57,6967,greenran_normal,0,0,65535_65535,0,4,127739,108,1,1,1,18,108,24,1,1,allocated
57,6967,greenran_normal,0,0,65535_65535,0,2,125402,126,1,1,0,17,0,28,1,1,pre_allocation
57,6967,greenran_normal,0,0,65535_65535,0,2,125402,133,1,1,1,18,133,28,1,1,allocated
57,6967,greenran_normal,0,0,65535_65535,0,5,125394,126,1,1,0,17,0,28,1,1,pre_allocation
57,6967,greenran_normal,0,0,65535_65535,0,5,125394,133,1,1,1,18,133,28,1,1,allocated
57,6967,greenran_normal,0,0,65535_65535,0,3,125393,126,1,1,0,17,0,28,1,1,pre_allocation
57,6967,greenran_normal,0,0,65535_65535,0,3,125393,133,1,1,1,18,133,28,1,1,allocated
57,6967,greenran_normal,0,0,65535_65535,0,1,125395,126,1,1,0,17,0,28,1,1,pre_allocation
57,6967,greenran_normal,0,0,65535_65535,0,1,125395,133,1,1,1,18,133,28,1,1,allocated
57,6967,greenran_normal,0,0,65535_65535,0,4,127739,108,1,1,0,18,0,24,1,1,pre_allocation
57,6967,greenran_normal,0,0,65535_65535,0,4,127739,114,1,1,1,19,114,24,1,1,allocated
57,6967,greenran_normal,0,0,65535_65535,0,2,125402,133,1,1,0,18,0,28,1,1,pre_allocation
57,6967,greenran_normal,0,0,65535_65535,0,2,125402,141,1,1,1,19,141,28,1,1,allocated
57,6967,greenran_normal,0,0,65535_65535,0,5,125394,133,1,1,0,18,0,28,1,1,pre_allocation
57,6967,greenran_normal,0,0,65535_65535,0,5,125394,141,1,1,1,19,141,28,1,1,allocated
57,6967,greenran_normal,0,0,65535_65535,0,3,125393,133,1,1,0,18,0,28,1,1,pre_allocation
57,6967,greenran_normal,0,0,65535_65535,0,3,125393,141,1,1,1,19,141,28,1,1,allocated
57,6967,greenran_normal,0,0,65535_65535,0,1,125395,133,1,1,0,18,0,28,1,1,pre_allocation
57,6967,greenran_normal,0,0,65535_65535,0,1,125395,141,1,1,1,19,141,28,1,1,allocated
57,6967,greenran_normal,0,0,65535_65535,0,4,127739,114,1,1,0,19,0,24,1,1,pre_allocation
57,6967,greenran_normal,0,0,65535_65535,0,4,127739,120,1,1,1,20,120,24,1,1,allocated
57,6967,greenran_normal,0,0,65535_65535,0,2,125402,141,1,1,0,19,0,28,1,1,pre_allocation
57,6967,greenran_normal,0,0,65535_65535,0,2,125402,148,1,1,1,20,148,28,1,1,allocated
57,6967,greenran_normal,0,0,65535_65535,0,5,125394,141,1,1,0,19,0,28,1,1,pre_allocation
57,6967,greenran_normal,0,0,65535_65535,0,5,125394,148,1,1,1,20,148,28,1,1,allocated
57,6967,greenran_normal,0,0,65535_65535,0,3,125393,141,1,1,0,19,0,28,1,1,pre_allocation
57,6967,greenran_normal,0,0,65535_65535,0,3,125393,148,1,1,1,20,148,28,1,1,allocated
57,6967,greenran_normal,0,0,65535_65535,0,1,125395,141,1,1,0,19,0,28,1,1,pre_allocation
57,6967,greenran_normal,0,0,65535_65535,0,1,125395,148,1,1,1,20,148,28,1,1,allocated
57,6967,greenran_normal,0,0,65535_65535,0,4,127739,120,1,1,0,20,0,24,1,1,pre_allocation
57,6967,greenran_normal,0,0,65535_65535,0,4,127739,126,1,1,1,21,126,24,1,1,allocated
57,6967,greenran_normal,0,0,65535_65535,0,2,125402,148,1,1,0,20,0,28,1,1,pre_allocation
57,6967,greenran_normal,0,0,65535_65535,0,2,125402,156,1,1,1,21,156,28,1,1,allocated
57,6967,greenran_normal,0,0,65535_65535,0,5,125394,148,1,1,0,20,0,28,1,1,pre_allocation
57,6967,greenran_normal,0,0,65535_65535,0,5,125394,156,1,1,1,21,156,28,1,1,allocated
57,6967,greenran_normal,0,0,65535_65535,0,3,125393,148,1,1,0,20,0,28,1,1,pre_allocation
57,6967,greenran_normal,0,0,65535_65535,0,3,125393,156,1,1,1,21,156,28,1,1,allocated
57,6967,greenran_normal,0,0,65535_65535,0,1,125395,148,1,1,0,20,0,28,1,1,pre_allocation
57,6967,greenran_normal,0,0,65535_65535,0,1,125395,156,1,1,1,21,156,28,1,1,allocated
57,6967,greenran_normal,0,0,65535_65535,0,4,127739,126,1,1,0,21,0,24,1,1,pre_allocation
57,6967,greenran_normal,0,0,65535_65535,0,4,127739,133,1,1,1,22,133,24,1,1,allocated
57,6967,greenran_normal,0,0,65535_65535,0,2,125402,156,1,1,0,21,0,28,1,1,pre_allocation
57,6967,greenran_normal,0,0,65535_65535,0,2,125402,163,1,1,1,22,163,28,1,1,allocated
57,6967,greenran_normal,0,0,65535_65535,0,5,125394,156,1,1,0,21,0,28,1,1,pre_allocation
57,6967,greenran_normal,0,0,65535_65535,0,5,125394,163,1,1,1,22,163,28,1,1,allocated
57,6967,greenran_normal,0,0,65535_65535,0,3,125393,156,1,1,0,21,0,28,1,1,pre_allocation
57,6967,greenran_normal,0,0,65535_65535,0,3,125393,163,1,1,1,22,163,28,1,1,allocated
57,6967,greenran_normal,0,0,65535_65535,0,1,125395,156,1,1,0,21,0,28,1,1,pre_allocation
57,6967,greenran_normal,0,0,65535_65535,0,1,125395,163,1,1,1,22,163,28,1,1,allocated
57,6967,greenran_normal,0,0,65535_65535,0,4,127739,133,1,1,0,22,0,24,1,1,pre_allocation
57,6967,greenran_normal,0,0,65535_65535,0,4,127739,139,1,1,1,23,139,24,1,1,allocated
57,6967,greenran_normal,0,0,65535_65535,0,2,125402,163,1,1,0,22,0,28,1,1,pre_allocation
57,6967,greenran_normal,0,0,65535_65535,0,2,125402,171,1,1,1,23,171,28,1,1,allocated
57,6967,greenran_normal,0,0,65535_65535,0,5,125394,163,1,1,0,22,0,28,1,1,pre_allocation
57,6967,greenran_normal,0,0,65535_65535,0,5,125394,171,1,1,1,23,171,28,1,1,allocated
57,6967,greenran_normal,0,0,65535_65535,0,3,125393,163,1,1,0,22,0,28,1,1,pre_allocation
57,6967,greenran_normal,0,0,65535_65535,0,3,125393,171,1,1,1,23,171,28,1,1,allocated
57,6967,greenran_normal,0,0,65535_65535,0,1,125395,163,1,1,0,22,0,28,1,1,pre_allocation
57,6967,greenran_normal,0,0,65535_65535,0,1,125395,171,1,1,1,23,171,28,1,1,allocated
57,6967,greenran_normal,0,0,65535_65535,0,4,127739,139,1,1,0,23,0,24,1,1,pre_allocation
57,6967,greenran_normal,0,0,65535_65535,0,4,127739,145,1,1,1,24,145,24,1,1,allocated
57,6967,greenran_normal,0,0,65535_65535,0,2,125402,171,1,1,0,23,0,28,1,1,pre_allocation
57,6967,greenran_normal,0,0,65535_65535,0,2,125402,179,1,1,1,24,179,28,1,1,allocated
57,6967,greenran_normal,0,0,65535_65535,0,5,125394,171,1,1,0,23,0,28,1,1,pre_allocation
57,6967,greenran_normal,0,0,65535_65535,0,5,125394,179,1,1,1,24,179,28,1,1,allocated
57,6967,greenran_normal,0,0,65535_65535,0,3,125393,171,1,1,0,23,0,28,1,1,pre_allocation
57,6967,greenran_normal,0,0,65535_65535,0,3,125393,179,1,1,1,24,179,28,1,1,allocated
57,6967,greenran_normal,0,0,65535_65535,0,1,125395,171,1,1,0,23,0,28,1,1,pre_allocation
57,6967,greenran_normal,0,0,65535_65535,0,1,125395,179,1,1,1,24,179,28,1,1,allocated
57,6967,greenran_normal,0,0,65535_65535,0,4,127739,145,1,1,0,24,0,24,1,1,pre_allocation
57,6967,greenran_normal,0,0,65535_65535,0,4,127739,151,1,1,1,25,151,24,1,1,allocated
57,6967,greenran_normal,0,0,65535_65535,0,2,125402,179,1,1,0,24,0,28,1,1,pre_allocation
57,6967,greenran_normal,0,0,65535_65535,0,2,125402,186,1,1,1,25,186,28,1,1,allocated
57,6967,greenran_normal,0,0,65535_65535,0,5,125394,179,1,1,0,24,0,28,1,1,pre_allocation
57,6967,greenran_normal,0,0,65535_65535,0,5,125394,186,1,1,1,25,186,28,1,1,allocated
57,6967,greenran_normal,0,0,65535_65535,0,3,125393,179,1,1,0,24,0,28,1,1,pre_allocation
57,6967,greenran_normal,0,0,65535_65535,0,3,125393,186,1,1,1,25,186,28,1,1,allocated
57,6967,greenran_normal,0,0,65535_65535,0,1,125395,179,1,1,0,24,0,28,1,1,pre_allocation
57,6967,greenran_normal,0,0,65535_65535,0,1,125395,186,1,1,1,25,186,28,1,1,allocated
57,6967,greenran_normal,0,0,65535_65535,0,4,127739,151,1,1,0,25,0,24,1,1,pre_allocation
57,6967,greenran_normal,0,0,65535_65535,0,4,127739,157,1,1,1,26,157,24,1,1,allocated
57,6967,greenran_normal,0,0,65535_65535,0,2,125402,186,1,1,0,25,0,28,1,1,pre_allocation
57,6967,greenran_normal,0,0,65535_65535,0,2,125402,194,1,1,1,26,194,28,1,1,allocated
57,6967,greenran_normal,0,0,65535_65535,0,5,125394,186,1,1,0,25,0,28,1,1,pre_allocation
57,6967,greenran_normal,0,0,65535_65535,0,5,125394,194,1,1,1,26,194,28,1,1,allocated
57,6967,greenran_normal,0,0,65535_65535,0,3,125393,186,1,1,0,25,0,28,1,1,pre_allocation
57,6967,greenran_normal,0,0,65535_65535,0,3,125393,194,1,1,1,26,194,28,1,1,allocated
57,6967,greenran_normal,0,0,65535_65535,0,1,125395,186,1,1,0,25,0,28,1,1,pre_allocation
57,6967,greenran_normal,0,0,65535_65535,0,1,125395,194,1,1,1,26,194,28,1,1,allocated
57,6967,greenran_normal,0,0,65535_65535,0,4,127739,157,1,1,0,26,0,24,1,1,pre_allocation
57,6967,greenran_normal,0,0,65535_65535,0,4,127739,164,1,1,1,27,164,24,1,1,allocated
57,6967,greenran_normal,0,0,65535_65535,0,2,125402,194,1,1,0,26,0,28,1,1,pre_allocation
57,6967,greenran_normal,0,0,65535_65535,0,2,125402,201,1,1,1,27,201,28,1,1,allocated
57,6967,greenran_normal,0,0,65535_65535,0,5,125394,194,1,1,0,26,0,28,1,1,pre_allocation
57,6967,greenran_normal,0,0,65535_65535,0,5,125394,201,1,1,1,27,201,28,1,1,allocated
57,6967,greenran_normal,0,0,65535_65535,0,3,125393,194,1,1,0,26,0,28,1,1,pre_allocation
57,6967,greenran_normal,0,0,65535_65535,0,3,125393,201,1,1,1,27,201,28,1,1,allocated
57,6967,greenran_normal,0,0,65535_65535,0,1,125395,194,1,1,0,26,0,28,1,1,pre_allocation
57,6967,greenran_normal,0,0,65535_65535,0,1,125395,201,1,1,1,27,201,28,1,1,allocated
57,6967,greenran_normal,0,0,65535_65535,0,4,127739,164,1,1,0,27,0,24,1,1,pre_allocation
57,6967,greenran_normal,0,0,65535_65535,0,4,127739,170,1,1,1,28,170,24,1,1,allocated
57,6967,greenran_normal,0,0,65535_65535,0,2,125402,201,1,1,0,27,0,28,1,1,pre_allocation
57,6967,greenran_normal,0,0,65535_65535,0,2,125402,209,1,1,1,28,209,28,1,1,allocated
57,6967,greenran_normal,0,0,65535_65535,0,5,125394,201,1,1,0,27,0,28,1,1,pre_allocation
57,6967,greenran_normal,0,0,65535_65535,0,5,125394,209,1,1,1,28,209,28,1,1,allocated
57,6967,greenran_normal,0,0,65535_65535,0,3,125393,201,1,1,0,27,0,28,1,1,pre_allocation
57,6967,greenran_normal,0,0,65535_65535,0,3,125393,209,1,1,1,28,209,28,1,1,allocated
57,6967,greenran_normal,0,0,65535_65535,0,1,125395,201,1,1,0,27,0,28,1,1,pre_allocation
57,6967,greenran_normal,0,0,65535_65535,0,1,125395,209,1,1,1,28,209,28,1,1,allocated
57,6967,greenran_normal,0,0,65535_65535,0,4,127739,170,1,1,0,28,0,24,1,1,pre_allocation
57,6967,greenran_normal,0,0,65535_65535,0,4,127739,176,1,1,1,29,176,24,1,1,allocated
57,6967,greenran_normal,0,0,65535_65535,0,2,125402,209,1,1,0,28,0,28,1,1,pre_allocation
57,6967,greenran_normal,0,0,65535_65535,0,2,125402,217,1,1,1,29,217,28,1,1,allocated
57,6967,greenran_normal,0,0,65535_65535,0,5,125394,209,1,1,0,28,0,28,1,1,pre_allocation
57,6967,greenran_normal,0,0,65535_65535,0,5,125394,217,1,1,1,29,217,28,1,1,allocated
57,6967,greenran_normal,0,0,65535_65535,0,3,125393,209,1,1,0,28,0,28,1,1,pre_allocation
57,6967,greenran_normal,0,0,65535_65535,0,3,125393,217,1,1,1,29,217,28,1,1,allocated
57,6967,greenran_normal,0,0,65535_65535,0,1,125395,209,1,1,0,28,0,28,1,1,pre_allocation
57,6967,greenran_normal,0,0,65535_65535,0,1,125395,217,1,1,1,29,217,28,1,1,allocated
57,6967,greenran_normal,0,0,65535_65535,0,4,127739,176,1,1,0,29,0,24,1,1,pre_allocation
57,6967,greenran_normal,0,0,65535_65535,0,4,127739,182,1,1,1,30,182,24,1,1,allocated
57,6967,greenran_normal,0,0,65535_65535,0,2,125402,217,1,1,0,29,0,28,1,1,pre_allocation
57,6967,greenran_normal,0,0,65535_65535,0,2,125402,224,1,1,1,30,224,28,1,1,allocated
57,6967,greenran_normal,0,0,65535_65535,0,5,125394,217,1,1,0,29,0,28,1,1,pre_allocation
57,6967,greenran_normal,0,0,65535_65535,0,5,125394,224,1,1,1,30,224,28,1,1,allocated
57,6967,greenran_normal,0,0,65535_65535,0,3,125393,217,1,1,0,29,0,28,1,1,pre_allocation
57,6967,greenran_normal,0,0,65535_65535,0,3,125393,224,1,1,1,30,224,28,1,1,allocated
57,6967,greenran_normal,0,0,65535_65535,0,1,125395,217,1,1,0,29,0,28,1,1,pre_allocation
57,6967,greenran_normal,0,0,65535_65535,0,1,125395,224,1,1,1,30,224,28,1,1,allocated
57,6967,greenran_normal,0,0,65535_65535,0,4,127739,182,1,1,0,30,0,24,1,1,pre_allocation
57,6967,greenran_normal,0,0,65535_65535,0,4,127739,188,1,1,1,31,188,24,1,1,allocated
57,6967,greenran_normal,0,0,65535_65535,0,2,125402,224,1,1,0,30,0,28,1,1,pre_allocation
57,6967,greenran_normal,0,0,65535_65535,0,2,125402,232,1,1,1,31,232,28,1,1,allocated
57,6967,greenran_normal,0,0,65535_65535,0,5,125394,224,1,1,0,30,0,28,1,1,pre_allocation
57,6967,greenran_normal,0,0,65535_65535,0,5,125394,232,1,1,1,31,232,28,1,1,allocated
57,6967,greenran_normal,0,0,65535_65535,0,3,125393,224,1,1,0,30,0,28,1,1,pre_allocation
57,6967,greenran_normal,0,0,65535_65535,0,3,125393,232,1,1,1,31,232,28,1,1,allocated
57,6967,greenran_normal,0,0,65535_65535,0,1,125395,224,1,1,0,30,0,28,1,1,pre_allocation
57,6967,greenran_normal,0,0,65535_65535,0,1,125395,232,1,1,1,31,232,28,1,1,allocated
57,6967,greenran_normal,0,0,65535_65535,0,4,127739,188,1,1,0,31,0,24,1,1,pre_allocation
57,6967,greenran_normal,0,0,65535_65535,0,4,127739,195,1,1,1,32,195,24,1,1,allocated
57,6967,greenran_normal,0,0,65535_65535,0,2,125402,232,1,1,0,31,0,28,1,1,pre_allocation
57,6967,greenran_normal,0,0,65535_65535,0,2,125402,239,1,1,1,32,239,28,1,1,allocated
57,6967,greenran_normal,0,0,65535_65535,0,5,125394,232,1,1,0,31,0,28,1,1,pre_allocation
57,6967,greenran_normal,0,0,65535_65535,0,5,125394,239,1,1,1,32,239,28,1,1,allocated
57,6967,greenran_normal,0,0,65535_65535,0,3,125393,232,1,1,0,31,0,28,1,1,pre_allocation
57,6967,greenran_normal,0,0,65535_65535,0,3,125393,239,1,1,1,32,239,28,1,1,allocated
57,6967,greenran_normal,0,0,65535_65535,2,38,4131310,0,1,1,0,0,0,2,1,1,pre_allocation
57,6967,greenran_normal,0,0,65535_65535,2,38,4131310,0,1,1,1,1,0,2,1,1,allocated
57,6967,greenran_normal,0,0,65535_65535,2,60,4131011,0,1,1,0,0,0,12,1,1,pre_allocation
57,6967,greenran_normal,0,0,65535_65535,2,60,4131011,2,1,1,1,1,2,12,1,1,allocated
57,6967,greenran_normal,0,0,65535_65535,2,64,4130687,0,1,1,0,0,0,12,1,1,pre_allocation
57,6967,greenran_normal,0,0,65535_65535,2,64,4130687,2,1,1,1,1,2,12,1,1,allocated
57,6967,greenran_normal,0,0,65535_65535,2,43,4130125,0,1,1,0,0,0,16,1,1,pre_allocation
57,6967,greenran_normal,0,0,65535_65535,2,43,4130125,0,1,1,1,1,0,16,1,1,allocated
57,6967,greenran_normal,0,0,65535_65535,2,42,4129684,0,1,1,0,0,0,24,1,1,pre_allocation
57,6967,greenran_normal,0,0,65535_65535,2,42,4129684,3,1,1,1,1,3,24,1,1,allocated
57,6967,greenran_normal,0,0,65535_65535,2,36,4129237,0,1,1,0,0,0,26,1,1,pre_allocation
57,6967,greenran_normal,0,0,65535_65535,2,36,4129237,4,1,1,1,1,4,26,1,1,allocated
57,6967,greenran_normal,0,0,65535_65535,2,58,4129199,0,1,1,0,0,0,28,1,1,pre_allocation
57,6967,greenran_normal,0,0,65535_65535,2,58,4129199,4,1,1,1,1,4,28,1,1,allocated
57,6967,greenran_normal,0,0,65535_65535,2,39,4129133,0,1,1,0,0,0,26,1,1,pre_allocation
57,6967,greenran_normal,0,0,65535_65535,2,39,4129133,4,1,1,1,1,4,26,1,1,allocated
57,6967,greenran_normal,0,0,65535_65535,2,59,4129167,0,1,1,0,0,0,26,1,1,pre_allocation
57,6967,greenran_normal,0,0,65535_65535,2,59,4129167,4,1,1,1,1,4,26,1,1,allocated
57,6967,greenran_normal,0,0,65535_65535,2,35,4129125,0,1,1,0,0,0,28,1,1,pre_allocation
57,6967,greenran_normal,0,0,65535_65535,2,35,4129125,4,1,1,1,1,4,28,1,1,allocated
57,6967,greenran_normal,0,0,65535_65535,2,37,4129128,0,1,1,0,0,0,28,1,1,pre_allocation
57,6967,greenran_normal,0,0,65535_65535,2,37,4129128,4,1,1,1,1,4,28,1,1,allocated
57,6967,greenran_normal,0,0,65535_65535,2,41,4129128,0,1,1,0,0,0,28,1,1,pre_allocation
57,6967,greenran_normal,0,0,65535_65535,2,41,4129128,4,1,1,1,1,4,28,1,1,allocated
57,6967,greenran_normal,0,0,65535_65535,2,56,4129125,0,1,1,0,0,0,28,1,1,pre_allocation
57,6967,greenran_normal,0,0,65535_65535,2,56,4129125,4,1,1,1,1,4,28,1,1,allocated
57,6967,greenran_normal,0,0,65535_65535,2,57,4129125,0,1,1,0,0,0,28,1,1,pre_allocation
57,6967,greenran_normal,0,0,65535_65535,2,57,4129125,4,1,1,1,1,4,28,1,1,allocated
57,6967,greenran_normal,0,0,65535_65535,2,40,4129127,0,1,1,0,0,0,28,1,1,pre_allocation
57,6967,greenran_normal,0,0,65535_65535,2,40,4129127,4,1,1,1,1,4,28,1,1,allocated
57,6967,greenran_normal,0,0,65535_65535,2,63,4129123,0,1,1,0,0,0,28,1,1,pre_allocation
57,6967,greenran_normal,0,0,65535_65535,2,63,4129123,4,1,1,1,1,4,28,1,1,allocated
57,6967,greenran_normal,0,0,65535_65535,2,62,4129123,0,1,1,0,0,0,28,1,1,pre_allocation
57,6967,greenran_normal,0,0,65535_65535,2,62,4129123,4,1,1,1,1,4,28,1,1,allocated
57,6967,greenran_normal,0,0,65535_65535,2,61,4129122,0,1,1,0,0,0,28,1,1,pre_allocation
57,6967,greenran_normal,0,0,65535_65535,2,61,4129122,4,1,1,1,1,4,28,1,1,allocated
57,6967,greenran_normal,0,0,65535_65535,2,44,4129118,0,1,1,0,0,0,28,1,1,pre_allocation
57,6967,greenran_normal,0,0,65535_65535,2,44,4129118,4,1,1,1,1,4,28,1,1,allocated
57,6967,greenran_normal,0,0,65535_65535,2,55,4129118,0,1,1,0,0,0,28,1,1,pre_allocation
57,6967,greenran_normal,0,0,65535_65535,2,55,4129118,4,1,1,1,1,4,28,1,1,allocated
57,6967,greenran_normal,0,0,65535_65535,2,38,4131310,0,1,1,0,1,0,2,1,1,pre_allocation
57,6967,greenran_normal,0,0,65535_65535,2,38,4131310,0,1,1,1,2,0,2,1,1,allocated
57,6967,greenran_normal,0,0,65535_65535,2,60,4131011,2,1,1,0,1,0,12,1,1,pre_allocation
57,6967,greenran_normal,0,0,65535_65535,2,60,4131011,1,1,1,1,2,1,12,1,1,allocated
57,6967,greenran_normal,0,0,65535_65535,2,64,4130687,2,1,1,0,1,0,12,1,1,pre_allocation
57,6967,greenran_normal,0,0,65535_65535,2,64,4130687,1,1,1,1,2,1,12,1,1,allocated
57,6967,greenran_normal,0,0,65535_65535,2,43,4130125,0,1,1,0,1,0,16,1,1,pre_allocation
57,6967,greenran_normal,0,0,65535_65535,2,43,4130125,3,1,1,1,2,3,16,1,1,allocated
57,6967,greenran_normal,0,0,65535_65535,2,42,4129684,3,1,1,0,1,0,24,1,1,pre_allocation
57,6967,greenran_normal,0,0,65535_65535,2,42,4129684,9,1,1,1,2,9,24,1,1,allocated
57,6967,greenran_normal,0,0,65535_65535,2,36,4129237,4,1,1,0,1,0,26,1,1,pre_allocation
57,6967,greenran_normal,0,0,65535_65535,2,36,4129237,11,1,1,1,2,11,26,1,1,allocated
57,6967,greenran_normal,0,0,65535_65535,2,58,4129199,4,1,1,0,1,0,28,1,1,pre_allocation
57,6967,greenran_normal,0,0,65535_65535,2,58,4129199,12,1,1,1,2,12,28,1,1,allocated
57,6967,greenran_normal,0,0,65535_65535,2,39,4129133,4,1,1,0,1,0,26,1,1,pre_allocation
57,6967,greenran_normal,0,0,65535_65535,2,39,4129133,11,1,1,1,2,11,26,1,1,allocated
57,6967,greenran_normal,0,0,65535_65535,2,59,4129167,4,1,1,0,1,0,26,1,1,pre_allocation
57,6967,greenran_normal,0,0,65535_65535,2,59,4129167,11,1,1,1,2,11,26,1,1,allocated
57,6967,greenran_normal,0,0,65535_65535,2,35,4129125,4,1,1,0,1,0,28,1,1,pre_allocation
57,6967,greenran_normal,0,0,65535_65535,2,35,4129125,12,1,1,1,2,12,28,1,1,allocated
57,6967,greenran_normal,0,0,65535_65535,2,37,4129128,4,1,1,0,1,0,28,1,1,pre_allocation
57,6967,greenran_normal,0,0,65535_65535,2,37,4129128,12,1,1,1,2,12,28,1,1,allocated
57,6967,greenran_normal,0,0,65535_65535,2,41,4129128,4,1,1,0,1,0,28,1,1,pre_allocation
57,6967,greenran_normal,0,0,65535_65535,2,41,4129128,12,1,1,1,2,12,28,1,1,allocated
57,6967,greenran_normal,0,0,65535_65535,2,56,4129125,4,1,1,0,1,0,28,1,1,pre_allocation
57,6967,greenran_normal,0,0,65535_65535,2,56,4129125,12,1,1,1,2,12,28,1,1,allocated
57,6967,greenran_normal,0,0,65535_65535,2,57,4129125,4,1,1,0,1,0,28,1,1,pre_allocation
57,6967,greenran_normal,0,0,65535_65535,2,57,4129125,12,1,1,1,2,12,28,1,1,allocated
57,6967,greenran_normal,0,0,65535_65535,2,40,4129127,4,1,1,0,1,0,28,1,1,pre_allocation
57,6967,greenran_normal,0,0,65535_65535,2,40,4129127,12,1,1,1,2,12,28,1,1,allocated
57,6967,greenran_normal,0,0,65535_65535,2,63,4129123,4,1,1,0,1,0,28,1,1,pre_allocation
57,6967,greenran_normal,0,0,65535_65535,2,63,4129123,12,1,1,1,2,12,28,1,1,allocated
57,6967,greenran_normal,0,0,65535_65535,2,62,4129123,4,1,1,0,1,0,28,1,1,pre_allocation
57,6967,greenran_normal,0,0,65535_65535,2,62,4129123,12,1,1,1,2,12,28,1,1,allocated
57,6967,greenran_normal,0,0,65535_65535,2,61,4129122,4,1,1,0,1,0,28,1,1,pre_allocation
57,6967,greenran_normal,0,0,65535_65535,2,61,4129122,12,1,1,1,2,12,28,1,1,allocated
57,6967,greenran_normal,0,0,65535_65535,2,44,4129118,4,1,1,0,1,0,28,1,1,pre_allocation
57,6967,greenran_normal,0,0,65535_65535,2,44,4129118,12,1,1,1,2,12,28,1,1,allocated
57,6967,greenran_normal,0,0,65535_65535,2,55,4129118,4,1,1,0,1,0,28,1,1,pre_allocation
57,6967,greenran_normal,0,0,65535_65535,2,55,4129118,12,1,1,1,2,12,28,1,1,allocated
57,6967,greenran_normal,0,0,65535_65535,2,38,4131310,0,1,1,0,2,0,2,1,1,pre_allocation
57,6967,greenran_normal,0,0,65535_65535,2,38,4131310,0,1,1,1,3,0,2,1,1,allocated
57,6967,greenran_normal,0,0,65535_65535,2,60,4131011,1,1,1,0,2,0,12,1,1,pre_allocation
57,6967,greenran_normal,0,0,65535_65535,2,60,4131011,3,1,1,1,3,3,12,1,1,allocated
57,6967,greenran_normal,0,0,65535_65535,2,64,4130687,1,1,1,0,2,0,12,1,1,pre_allocation
57,6967,greenran_normal,0,0,65535_65535,2,64,4130687,3,1,1,1,3,3,12,1,1,allocated
57,6967,greenran_normal,0,0,65535_65535,2,43,4130125,3,1,1,0,2,0,16,1,1,pre_allocation
57,6967,greenran_normal,0,0,65535_65535,2,43,4130125,6,1,1,1,3,6,16,1,1,allocated
57,6967,greenran_normal,0,0,65535_65535,2,42,4129684,9,1,1,0,2,0,24,1,1,pre_allocation
57,6967,greenran_normal,0,0,65535_65535,2,42,4129684,15,1,1,1,3,15,24,1,1,allocated
57,6967,greenran_normal,0,0,65535_65535,2,36,4129237,11,1,1,0,2,0,26,1,1,pre_allocation
57,6967,greenran_normal,0,0,65535_65535,2,36,4129237,18,1,1,1,3,18,26,1,1,allocated
57,6967,greenran_normal,0,0,65535_65535,2,58,4129199,12,1,1,0,2,0,28,1,1,pre_allocation
57,6967,greenran_normal,0,0,65535_65535,2,58,4129199,19,1,1,1,3,19,28,1,1,allocated
57,6967,greenran_normal,0,0,65535_65535,2,39,4129133,11,1,1,0,2,0,26,1,1,pre_allocation
57,6967,greenran_normal,0,0,65535_65535,2,39,4129133,18,1,1,1,3,18,26,1,1,allocated
57,6967,greenran_normal,0,0,65535_65535,2,59,4129167,11,1,1,0,2,0,26,1,1,pre_allocation
57,6967,greenran_normal,0,0,65535_65535,2,59,4129167,18,1,1,1,3,18,26,1,1,allocated
57,6967,greenran_normal,0,0,65535_65535,2,35,4129125,12,1,1,0,2,0,28,1,1,pre_allocation
57,6967,greenran_normal,0,0,65535_65535,2,35,4129125,19,1,1,1,3,19,28,1,1,allocated
57,6967,greenran_normal,0,0,65535_65535,2,37,4129128,12,1,1,0,2,0,28,1,1,pre_allocation
57,6967,greenran_normal,0,0,65535_65535,2,37,4129128,19,1,1,1,3,19,28,1,1,allocated
57,6967,greenran_normal,0,0,65535_65535,2,41,4129128,12,1,1,0,2,0,28,1,1,pre_allocation
57,6967,greenran_normal,0,0,65535_65535,2,41,4129128,19,1,1,1,3,19,28,1,1,allocated
57,6967,greenran_normal,0,0,65535_65535,2,56,4129125,12,1,1,0,2,0,28,1,1,pre_allocation
57,6967,greenran_normal,0,0,65535_65535,2,56,4129125,19,1,1,1,3,19,28,1,1,allocated
57,6967,greenran_normal,0,0,65535_65535,2,57,4129125,12,1,1,0,2,0,28,1,1,pre_allocation
57,6967,greenran_normal,0,0,65535_65535,2,57,4129125,19,1,1,1,3,19,28,1,1,allocated
57,6967,greenran_normal,0,0,65535_65535,2,40,4129127,12,1,1,0,2,0,28,1,1,pre_allocation
57,6967,greenran_normal,0,0,65535_65535,2,40,4129127,19,1,1,1,3,19,28,1,1,allocated
57,6967,greenran_normal,0,0,65535_65535,2,63,4129123,12,1,1,0,2,0,28,1,1,pre_allocation
57,6967,greenran_normal,0,0,65535_65535,2,63,4129123,19,1,1,1,3,19,28,1,1,allocated
57,6967,greenran_normal,0,0,65535_65535,2,62,4129123,12,1,1,0,2,0,28,1,1,pre_allocation
57,6967,greenran_normal,0,0,65535_65535,2,62,4129123,19,1,1,1,3,19,28,1,1,allocated
57,6967,greenran_normal,0,0,65535_65535,2,61,4129122,12,1,1,0,2,0,28,1,1,pre_allocation
57,6967,greenran_normal,0,0,65535_65535,2,61,4129122,19,1,1,1,3,19,28,1,1,allocated
57,6967,greenran_normal,0,0,65535_65535,2,44,4129118,12,1,1,0,2,0,28,1,1,pre_allocation
57,6967,greenran_normal,0,0,65535_65535,2,44,4129118,19,1,1,1,3,19,28,1,1,allocated
57,6967,greenran_normal,0,0,65535_65535,2,55,4129118,12,1,1,0,2,0,28,1,1,pre_allocation
57,6967,greenran_normal,0,0,65535_65535,2,55,4129118,19,1,1,1,3,19,28,1,1,allocated
57,6967,greenran_normal,0,0,65535_65535,2,38,4131310,0,1,1,0,3,0,2,1,1,pre_allocation
57,6967,greenran_normal,0,0,65535_65535,2,38,4131310,1,1,1,1,4,1,2,1,1,allocated
57,6967,greenran_normal,0,0,65535_65535,2,60,4131011,3,1,1,0,3,0,12,1,1,pre_allocation
57,6967,greenran_normal,0,0,65535_65535,2,60,4131011,5,1,1,1,4,5,12,1,1,allocated
57,6967,greenran_normal,0,0,65535_65535,2,64,4130687,3,1,1,0,3,0,12,1,1,pre_allocation
57,6967,greenran_normal,0,0,65535_65535,2,64,4130687,5,1,1,1,4,5,12,1,1,allocated
57,6967,greenran_normal,0,0,65535_65535,2,43,4130125,6,1,1,0,3,0,16,1,1,pre_allocation
57,6967,greenran_normal,0,0,65535_65535,2,43,4130125,10,1,1,1,4,10,16,1,1,allocated
57,6967,greenran_normal,0,0,65535_65535,2,42,4129684,15,1,1,0,3,0,24,1,1,pre_allocation
57,6967,greenran_normal,0,0,65535_65535,2,42,4129684,21,1,1,1,4,21,24,1,1,allocated
57,6967,greenran_normal,0,0,65535_65535,2,36,4129237,18,1,1,0,3,0,26,1,1,pre_allocation
57,6967,greenran_normal,0,0,65535_65535,2,36,4129237,25,1,1,1,4,25,26,1,1,allocated
57,6967,greenran_normal,0,0,65535_65535,2,58,4129199,19,1,1,0,3,0,28,1,1,pre_allocation
57,6967,greenran_normal,0,0,65535_65535,2,58,4129199,27,1,1,1,4,27,28,1,1,allocated
57,6967,greenran_normal,0,0,65535_65535,2,39,4129133,18,1,1,0,3,0,26,1,1,pre_allocation
57,6967,greenran_normal,0,0,65535_65535,2,39,4129133,25,1,1,1,4,25,26,1,1,allocated
57,6967,greenran_normal,0,0,65535_65535,2,59,4129167,18,1,1,0,3,0,26,1,1,pre_allocation
57,6967,greenran_normal,0,0,65535_65535,2,59,4129167,25,1,1,1,4,25,26,1,1,allocated
57,6967,greenran_normal,0,0,65535_65535,2,35,4129125,19,1,1,0,3,0,28,1,1,pre_allocation
57,6967,greenran_normal,0,0,65535_65535,2,35,4129125,27,1,1,1,4,27,28,1,1,allocated
57,6967,greenran_normal,0,0,65535_65535,2,37,4129128,19,1,1,0,3,0,28,1,1,pre_allocation
57,6967,greenran_normal,0,0,65535_65535,2,37,4129128,27,1,1,1,4,27,28,1,1,allocated
57,6967,greenran_normal,0,0,65535_65535,2,41,4129128,19,1,1,0,3,0,28,1,1,pre_allocation
57,6967,greenran_normal,0,0,65535_65535,2,41,4129128,27,1,1,1,4,27,28,1,1,allocated
57,6967,greenran_normal,0,0,65535_65535,2,56,4129125,19,1,1,0,3,0,28,1,1,pre_allocation
57,6967,greenran_normal,0,0,65535_65535,2,56,4129125,27,1,1,1,4,27,28,1,1,allocated
57,6967,greenran_normal,0,0,65535_65535,2,57,4129125,19,1,1,0,3,0,28,1,1,pre_allocation
57,6967,greenran_normal,0,0,65535_65535,2,57,4129125,27,1,1,1,4,27,28,1,1,allocated
57,6967,greenran_normal,0,0,65535_65535,2,40,4129127,19,1,1,0,3,0,28,1,1,pre_allocation
57,6967,greenran_normal,0,0,65535_65535,2,40,4129127,27,1,1,1,4,27,28,1,1,allocated
57,6967,greenran_normal,0,0,65535_65535,2,63,4129123,19,1,1,0,3,0,28,1,1,pre_allocation
57,6967,greenran_normal,0,0,65535_65535,2,63,4129123,27,1,1,1,4,27,28,1,1,allocated
57,6967,greenran_normal,0,0,65535_65535,2,62,4129123,19,1,1,0,3,0,28,1,1,pre_allocation
57,6967,greenran_normal,0,0,65535_65535,2,62,4129123,27,1,1,1,4,27,28,1,1,allocated
57,6967,greenran_normal,0,0,65535_65535,2,61,4129122,19,1,1,0,3,0,28,1,1,pre_allocation
57,6967,greenran_normal,0,0,65535_65535,2,61,4129122,27,1,1,1,4,27,28,1,1,allocated
57,6967,greenran_normal,0,0,65535_65535,2,44,4129118,19,1,1,0,3,0,28,1,1,pre_allocation
57,6967,greenran_normal,0,0,65535_65535,2,44,4129118,27,1,1,1,4,27,28,1,1,allocated
57,6967,greenran_normal,0,0,65535_65535,2,55,4129118,19,1,1,0,3,0,28,1,1,pre_allocation
57,6967,greenran_normal,0,0,65535_65535,2,55,4129118,27,1,1,1,4,27,28,1,1,allocated
57,6967,greenran_normal,0,0,65535_65535,2,38,4131310,1,1,1,0,4,0,2,1,1,pre_allocation
57,6967,greenran_normal,0,0,65535_65535,2,38,4131310,1,1,1,1,5,1,2,1,1,allocated
57,6967,greenran_normal,0,0,65535_65535,2,60,4131011,5,1,1,0,4,0,12,1,1,pre_allocation
57,6967,greenran_normal,0,0,65535_65535,2,60,4131011,7,1,1,1,5,7,12,1,1,allocated
57,6967,greenran_normal,0,0,65535_65535,2,64,4130687,5,1,1,0,4,0,12,1,1,pre_allocation
57,6967,greenran_normal,0,0,65535_65535,2,64,4130687,7,1,1,1,5,7,12,1,1,allocated
57,6967,greenran_normal,0,0,65535_65535,2,43,4130125,10,1,1,0,4,0,16,1,1,pre_allocation
57,6967,greenran_normal,0,0,65535_65535,2,43,4130125,13,1,1,1,5,13,16,1,1,allocated
57,6967,greenran_normal,0,0,65535_65535,2,42,4129684,21,1,1,0,4,0,24,1,1,pre_allocation
57,6967,greenran_normal,0,0,65535_65535,2,42,4129684,27,1,1,1,5,27,24,1,1,allocated
57,6967,greenran_normal,0,0,65535_65535,2,36,4129237,25,1,1,0,4,0,26,1,1,pre_allocation
57,6967,greenran_normal,0,0,65535_65535,2,36,4129237,32,1,1,1,5,32,26,1,1,allocated
57,6967,greenran_normal,0,0,65535_65535,2,58,4129199,27,1,1,0,4,0,28,1,1,pre_allocation
57,6967,greenran_normal,0,0,65535_65535,2,58,4129199,34,1,1,1,5,34,28,1,1,allocated
57,6967,greenran_normal,0,0,65535_65535,2,39,4129133,25,1,1,0,4,0,26,1,1,pre_allocation
57,6967,greenran_normal,0,0,65535_65535,2,39,4129133,32,1,1,1,5,32,26,1,1,allocated
57,6967,greenran_normal,0,0,65535_65535,2,59,4129167,25,1,1,0,4,0,26,1,1,pre_allocation
57,6967,greenran_normal,0,0,65535_65535,2,59,4129167,32,1,1,1,5,32,26,1,1,allocated
57,6967,greenran_normal,0,0,65535_65535,2,35,4129125,27,1,1,0,4,0,28,1,1,pre_allocation
57,6967,greenran_normal,0,0,65535_65535,2,35,4129125,34,1,1,1,5,34,28,1,1,allocated
57,6967,greenran_normal,0,0,65535_65535,2,37,4129128,27,1,1,0,4,0,28,1,1,pre_allocation
57,6967,greenran_normal,0,0,65535_65535,2,37,4129128,34,1,1,1,5,34,28,1,1,allocated
57,6967,greenran_normal,0,0,65535_65535,2,41,4129128,27,1,1,0,4,0,28,1,1,pre_allocation
57,6967,greenran_normal,0,0,65535_65535,2,41,4129128,34,1,1,1,5,34,28,1,1,allocated
57,6967,greenran_normal,0,0,65535_65535,2,56,4129125,27,1,1,0,4,0,28,1,1,pre_allocation
57,6967,greenran_normal,0,0,65535_65535,2,56,4129125,34,1,1,1,5,34,28,1,1,allocated
57,6967,greenran_normal,0,0,65535_65535,2,57,4129125,27,1,1,0,4,0,28,1,1,pre_allocation
57,6967,greenran_normal,0,0,65535_65535,2,57,4129125,34,1,1,1,5,34,28,1,1,allocated
57,6967,greenran_normal,0,0,65535_65535,2,40,4129127,27,1,1,0,4,0,28,1,1,pre_allocation
57,6967,greenran_normal,0,0,65535_65535,2,40,4129127,34,1,1,1,5,34,28,1,1,allocated
57,6967,greenran_normal,0,0,65535_65535,2,63,4129123,27,1,1,0,4,0,28,1,1,pre_allocation
57,6967,greenran_normal,0,0,65535_65535,2,63,4129123,34,1,1,1,5,34,28,1,1,allocated
57,6967,greenran_normal,0,0,65535_65535,2,62,4129123,27,1,1,0,4,0,28,1,1,pre_allocation
57,6967,greenran_normal,0,0,65535_65535,2,62,4129123,34,1,1,1,5,34,28,1,1,allocated
57,6967,greenran_normal,0,0,65535_65535,2,61,4129122,27,1,1,0,4,0,28,1,1,pre_allocation
57,6967,greenran_normal,0,0,65535_65535,2,61,4129122,34,1,1,1,5,34,28,1,1,allocated
57,6967,greenran_normal,0,0,65535_65535,2,44,4129118,27,1,1,0,4,0,28,1,1,pre_allocation
57,6967,greenran_normal,0,0,65535_65535,2,44,4129118,34,1,1,1,5,34,28,1,1,allocated
57,6967,greenran_normal,0,0,65535_65535,2,55,4129118,27,1,1,0,4,0,28,1,1,pre_allocation
57,6967,greenran_normal,0,0,65535_65535,2,55,4129118,34,1,1,1,5,34,28,1,1,allocated
57,6967,greenran_normal,0,0,65535_65535,2,38,4131310,1,1,1,0,5,0,2,1,1,pre_allocation
57,6967,greenran_normal,0,0,65535_65535,2,38,4131310,1,1,1,1,6,1,2,1,1,allocated
57,6967,greenran_normal,0,0,65535_65535,2,60,4131011,7,1,1,0,5,0,12,1,1,pre_allocation
57,6967,greenran_normal,0,0,65535_65535,2,60,4131011,9,1,1,1,6,9,12,1,1,allocated
57,6967,greenran_normal,0,0,65535_65535,2,64,4130687,7,1,1,0,5,0,12,1,1,pre_allocation
57,6967,greenran_normal,0,0,65535_65535,2,64,4130687,9,1,1,1,6,9,12,1,1,allocated
57,6967,greenran_normal,0,0,65535_65535,2,43,4130125,13,1,1,0,5,0,16,1,1,pre_allocation
57,6967,greenran_normal,0,0,65535_65535,2,43,4130125,16,1,1,1,6,16,16,1,1,allocated
57,6967,greenran_normal,0,0,65535_65535,2,42,4129684,27,1,1,0,5,0,24,1,1,pre_allocation
57,6967,greenran_normal,0,0,65535_65535,2,42,4129684,34,1,1,1,6,34,24,1,1,allocated
57,6967,greenran_normal,0,0,65535_65535,2,36,4129237,32,1,1,0,5,0,26,1,1,pre_allocation
57,6967,greenran_normal,0,0,65535_65535,2,36,4129237,39,1,1,1,6,39,26,1,1,allocated
57,6967,greenran_normal,0,0,65535_65535,2,58,4129199,34,1,1,0,5,0,28,1,1,pre_allocation
57,6967,greenran_normal,0,0,65535_65535,2,58,4129199,42,1,1,1,6,42,28,1,1,allocated
58,7316,greenran_normal,0,0,65535_65535,0,4,134941,0,1,1,0,0,0,24,1,1,pre_allocation
58,7316,greenran_normal,0,0,65535_65535,0,4,134941,3,1,1,1,1,3,24,1,1,allocated
58,7316,greenran_normal,0,0,65535_65535,0,1,132560,0,1,1,0,0,0,28,1,1,pre_allocation
58,7316,greenran_normal,0,0,65535_65535,0,1,132560,4,1,1,1,1,4,28,1,1,allocated
58,7316,greenran_normal,0,0,65535_65535,0,2,132560,0,1,1,0,0,0,28,1,1,pre_allocation
58,7316,greenran_normal,0,0,65535_65535,0,2,132560,4,1,1,1,1,4,28,1,1,allocated
58,7316,greenran_normal,0,0,65535_65535,0,5,132552,0,1,1,0,0,0,28,1,1,pre_allocation
58,7316,greenran_normal,0,0,65535_65535,0,5,132552,4,1,1,1,1,4,28,1,1,allocated
58,7316,greenran_normal,0,0,65535_65535,0,3,132551,0,1,1,0,0,0,28,1,1,pre_allocation
58,7316,greenran_normal,0,0,65535_65535,0,3,132551,4,1,1,1,1,4,28,1,1,allocated
58,7316,greenran_normal,0,0,65535_65535,0,4,134941,3,1,1,0,1,0,24,1,1,pre_allocation
58,7316,greenran_normal,0,0,65535_65535,0,4,134941,9,1,1,1,2,9,24,1,1,allocated
58,7316,greenran_normal,0,0,65535_65535,0,1,132560,4,1,1,0,1,0,28,1,1,pre_allocation
58,7316,greenran_normal,0,0,65535_65535,0,1,132560,12,1,1,1,2,12,28,1,1,allocated
58,7316,greenran_normal,0,0,65535_65535,0,2,132560,4,1,1,0,1,0,28,1,1,pre_allocation
58,7316,greenran_normal,0,0,65535_65535,0,2,132560,12,1,1,1,2,12,28,1,1,allocated
58,7316,greenran_normal,0,0,65535_65535,0,5,132552,4,1,1,0,1,0,28,1,1,pre_allocation
58,7316,greenran_normal,0,0,65535_65535,0,5,132552,12,1,1,1,2,12,28,1,1,allocated
58,7316,greenran_normal,0,0,65535_65535,0,3,132551,4,1,1,0,1,0,28,1,1,pre_allocation
58,7316,greenran_normal,0,0,65535_65535,0,3,132551,12,1,1,1,2,12,28,1,1,allocated
58,7316,greenran_normal,0,0,65535_65535,0,4,134941,9,1,1,0,2,0,24,1,1,pre_allocation
58,7316,greenran_normal,0,0,65535_65535,0,4,134941,15,1,1,1,3,15,24,1,1,allocated
58,7316,greenran_normal,0,0,65535_65535,0,1,132560,12,1,1,0,2,0,28,1,1,pre_allocation
58,7316,greenran_normal,0,0,65535_65535,0,1,132560,19,1,1,1,3,19,28,1,1,allocated
58,7316,greenran_normal,0,0,65535_65535,0,2,132560,12,1,1,0,2,0,28,1,1,pre_allocation
58,7316,greenran_normal,0,0,65535_65535,0,2,132560,19,1,1,1,3,19,28,1,1,allocated
58,7316,greenran_normal,0,0,65535_65535,0,5,132552,12,1,1,0,2,0,28,1,1,pre_allocation
58,7316,greenran_normal,0,0,65535_65535,0,5,132552,19,1,1,1,3,19,28,1,1,allocated
58,7316,greenran_normal,0,0,65535_65535,0,3,132551,12,1,1,0,2,0,28,1,1,pre_allocation
58,7316,greenran_normal,0,0,65535_65535,0,3,132551,19,1,1,1,3,19,28,1,1,allocated
58,7316,greenran_normal,0,0,65535_65535,0,4,134941,15,1,1,0,3,0,24,1,1,pre_allocation
58,7316,greenran_normal,0,0,65535_65535,0,4,134941,21,1,1,1,4,21,24,1,1,allocated
58,7316,greenran_normal,0,0,65535_65535,0,1,132560,19,1,1,0,3,0,28,1,1,pre_allocation
58,7316,greenran_normal,0,0,65535_65535,0,1,132560,27,1,1,1,4,27,28,1,1,allocated
58,7316,greenran_normal,0,0,65535_65535,0,2,132560,19,1,1,0,3,0,28,1,1,pre_allocation
58,7316,greenran_normal,0,0,65535_65535,0,2,132560,27,1,1,1,4,27,28,1,1,allocated
58,7316,greenran_normal,0,0,65535_65535,0,5,132552,19,1,1,0,3,0,28,1,1,pre_allocation
58,7316,greenran_normal,0,0,65535_65535,0,5,132552,27,1,1,1,4,27,28,1,1,allocated
58,7316,greenran_normal,0,0,65535_65535,0,3,132551,19,1,1,0,3,0,28,1,1,pre_allocation
58,7316,greenran_normal,0,0,65535_65535,0,3,132551,27,1,1,1,4,27,28,1,1,allocated
58,7316,greenran_normal,0,0,65535_65535,0,4,134941,21,1,1,0,4,0,24,1,1,pre_allocation
58,7316,greenran_normal,0,0,65535_65535,0,4,134941,27,1,1,1,5,27,24,1,1,allocated
58,7316,greenran_normal,0,0,65535_65535,0,1,132560,27,1,1,0,4,0,28,1,1,pre_allocation
58,7316,greenran_normal,0,0,65535_65535,0,1,132560,34,1,1,1,5,34,28,1,1,allocated
58,7316,greenran_normal,0,0,65535_65535,0,2,132560,27,1,1,0,4,0,28,1,1,pre_allocation
58,7316,greenran_normal,0,0,65535_65535,0,2,132560,34,1,1,1,5,34,28,1,1,allocated
58,7316,greenran_normal,0,0,65535_65535,0,5,132552,27,1,1,0,4,0,28,1,1,pre_allocation
58,7316,greenran_normal,0,0,65535_65535,0,5,132552,34,1,1,1,5,34,28,1,1,allocated
58,7316,greenran_normal,0,0,65535_65535,0,3,132551,27,1,1,0,4,0,28,1,1,pre_allocation
58,7316,greenran_normal,0,0,65535_65535,0,3,132551,34,1,1,1,5,34,28,1,1,allocated
58,7316,greenran_normal,0,0,65535_65535,0,4,134941,27,1,1,0,5,0,24,1,1,pre_allocation
58,7316,greenran_normal,0,0,65535_65535,0,4,134941,34,1,1,1,6,34,24,1,1,allocated
58,7316,greenran_normal,0,0,65535_65535,0,1,132560,34,1,1,0,5,0,28,1,1,pre_allocation
58,7316,greenran_normal,0,0,65535_65535,0,1,132560,42,1,1,1,6,42,28,1,1,allocated
58,7316,greenran_normal,0,0,65535_65535,0,2,132560,34,1,1,0,5,0,28,1,1,pre_allocation
58,7316,greenran_normal,0,0,65535_65535,0,2,132560,42,1,1,1,6,42,28,1,1,allocated
58,7316,greenran_normal,0,0,65535_65535,0,5,132552,34,1,1,0,5,0,28,1,1,pre_allocation
58,7316,greenran_normal,0,0,65535_65535,0,5,132552,42,1,1,1,6,42,28,1,1,allocated
58,7316,greenran_normal,0,0,65535_65535,0,3,132551,34,1,1,0,5,0,28,1,1,pre_allocation
58,7316,greenran_normal,0,0,65535_65535,0,3,132551,42,1,1,1,6,42,28,1,1,allocated
58,7316,greenran_normal,0,0,65535_65535,0,4,134941,34,1,1,0,6,0,24,1,1,pre_allocation
58,7316,greenran_normal,0,0,65535_65535,0,4,134941,40,1,1,1,7,40,24,1,1,allocated
58,7316,greenran_normal,0,0,65535_65535,0,1,132560,42,1,1,0,6,0,28,1,1,pre_allocation
58,7316,greenran_normal,0,0,65535_65535,0,1,132560,50,1,1,1,7,50,28,1,1,allocated
58,7316,greenran_normal,0,0,65535_65535,0,2,132560,42,1,1,0,6,0,28,1,1,pre_allocation
58,7316,greenran_normal,0,0,65535_65535,0,2,132560,50,1,1,1,7,50,28,1,1,allocated
58,7316,greenran_normal,0,0,65535_65535,0,5,132552,42,1,1,0,6,0,28,1,1,pre_allocation
58,7316,greenran_normal,0,0,65535_65535,0,5,132552,50,1,1,1,7,50,28,1,1,allocated
58,7316,greenran_normal,0,0,65535_65535,0,3,132551,42,1,1,0,6,0,28,1,1,pre_allocation
58,7316,greenran_normal,0,0,65535_65535,0,3,132551,50,1,1,1,7,50,28,1,1,allocated
58,7316,greenran_normal,0,0,65535_65535,0,4,134941,40,1,1,0,7,0,24,1,1,pre_allocation
58,7316,greenran_normal,0,0,65535_65535,0,4,134941,46,1,1,1,8,46,24,1,1,allocated
58,7316,greenran_normal,0,0,65535_65535,0,1,132560,50,1,1,0,7,0,28,1,1,pre_allocation
58,7316,greenran_normal,0,0,65535_65535,0,1,132560,57,1,1,1,8,57,28,1,1,allocated
58,7316,greenran_normal,0,0,65535_65535,0,2,132560,50,1,1,0,7,0,28,1,1,pre_allocation
58,7316,greenran_normal,0,0,65535_65535,0,2,132560,57,1,1,1,8,57,28,1,1,allocated
58,7316,greenran_normal,0,0,65535_65535,0,5,132552,50,1,1,0,7,0,28,1,1,pre_allocation
58,7316,greenran_normal,0,0,65535_65535,0,5,132552,57,1,1,1,8,57,28,1,1,allocated
58,7316,greenran_normal,0,0,65535_65535,0,3,132551,50,1,1,0,7,0,28,1,1,pre_allocation
58,7316,greenran_normal,0,0,65535_65535,0,3,132551,57,1,1,1,8,57,28,1,1,allocated
58,7316,greenran_normal,0,0,65535_65535,0,4,134941,46,1,1,0,8,0,24,1,1,pre_allocation
58,7316,greenran_normal,0,0,65535_65535,0,4,134941,52,1,1,1,9,52,24,1,1,allocated
58,7316,greenran_normal,0,0,65535_65535,0,1,132560,57,1,1,0,8,0,28,1,1,pre_allocation
58,7316,greenran_normal,0,0,65535_65535,0,1,132560,65,1,1,1,9,65,28,1,1,allocated
58,7316,greenran_normal,0,0,65535_65535,0,2,132560,57,1,1,0,8,0,28,1,1,pre_allocation
58,7316,greenran_normal,0,0,65535_65535,0,2,132560,65,1,1,1,9,65,28,1,1,allocated
58,7316,greenran_normal,0,0,65535_65535,0,5,132552,57,1,1,0,8,0,28,1,1,pre_allocation
58,7316,greenran_normal,0,0,65535_65535,0,5,132552,65,1,1,1,9,65,28,1,1,allocated
58,7316,greenran_normal,0,0,65535_65535,0,3,132551,57,1,1,0,8,0,28,1,1,pre_allocation
58,7316,greenran_normal,0,0,65535_65535,0,3,132551,65,1,1,1,9,65,28,1,1,allocated
58,7316,greenran_normal,0,0,65535_65535,0,4,134941,52,1,1,0,9,0,24,1,1,pre_allocation
58,7316,greenran_normal,0,0,65535_65535,0,4,134941,58,1,1,1,10,58,24,1,1,allocated
58,7316,greenran_normal,0,0,65535_65535,0,1,132560,65,1,1,0,9,0,28,1,1,pre_allocation
58,7316,greenran_normal,0,0,65535_65535,0,1,132560,72,1,1,1,10,72,28,1,1,allocated
58,7316,greenran_normal,0,0,65535_65535,0,2,132560,65,1,1,0,9,0,28,1,1,pre_allocation
58,7316,greenran_normal,0,0,65535_65535,0,2,132560,72,1,1,1,10,72,28,1,1,allocated
58,7316,greenran_normal,0,0,65535_65535,0,5,132552,65,1,1,0,9,0,28,1,1,pre_allocation
58,7316,greenran_normal,0,0,65535_65535,0,5,132552,72,1,1,1,10,72,28,1,1,allocated
58,7316,greenran_normal,0,0,65535_65535,0,3,132551,65,1,1,0,9,0,28,1,1,pre_allocation
58,7316,greenran_normal,0,0,65535_65535,0,3,132551,72,1,1,1,10,72,28,1,1,allocated
58,7316,greenran_normal,0,0,65535_65535,0,4,134941,58,1,1,0,10,0,24,1,1,pre_allocation
58,7316,greenran_normal,0,0,65535_65535,0,4,134941,65,1,1,1,11,65,24,1,1,allocated
58,7316,greenran_normal,0,0,65535_65535,0,1,132560,72,1,1,0,10,0,28,1,1,pre_allocation
58,7316,greenran_normal,0,0,65535_65535,0,1,132560,80,1,1,1,11,80,28,1,1,allocated
58,7316,greenran_normal,0,0,65535_65535,0,2,132560,72,1,1,0,10,0,28,1,1,pre_allocation
58,7316,greenran_normal,0,0,65535_65535,0,2,132560,80,1,1,1,11,80,28,1,1,allocated
58,7316,greenran_normal,0,0,65535_65535,0,5,132552,72,1,1,0,10,0,28,1,1,pre_allocation
58,7316,greenran_normal,0,0,65535_65535,0,5,132552,80,1,1,1,11,80,28,1,1,allocated
58,7316,greenran_normal,0,0,65535_65535,0,3,132551,72,1,1,0,10,0,28,1,1,pre_allocation
58,7316,greenran_normal,0,0,65535_65535,0,3,132551,80,1,1,1,11,80,28,1,1,allocated
58,7316,greenran_normal,0,0,65535_65535,0,4,134941,65,1,1,0,11,0,24,1,1,pre_allocation
58,7316,greenran_normal,0,0,65535_65535,0,4,134941,71,1,1,1,12,71,24,1,1,allocated
58,7316,greenran_normal,0,0,65535_65535,0,1,132560,80,1,1,0,11,0,28,1,1,pre_allocation
58,7316,greenran_normal,0,0,65535_65535,0,1,132560,88,1,1,1,12,88,28,1,1,allocated
58,7316,greenran_normal,0,0,65535_65535,0,2,132560,80,1,1,0,11,0,28,1,1,pre_allocation
58,7316,greenran_normal,0,0,65535_65535,0,2,132560,88,1,1,1,12,88,28,1,1,allocated
58,7316,greenran_normal,0,0,65535_65535,0,5,132552,80,1,1,0,11,0,28,1,1,pre_allocation
58,7316,greenran_normal,0,0,65535_65535,0,5,132552,88,1,1,1,12,88,28,1,1,allocated
58,7316,greenran_normal,0,0,65535_65535,0,3,132551,80,1,1,0,11,0,28,1,1,pre_allocation
58,7316,greenran_normal,0,0,65535_65535,0,3,132551,88,1,1,1,12,88,28,1,1,allocated
58,7316,greenran_normal,0,0,65535_65535,0,4,134941,71,1,1,0,12,0,24,1,1,pre_allocation
58,7316,greenran_normal,0,0,65535_65535,0,4,134941,77,1,1,1,13,77,24,1,1,allocated
58,7316,greenran_normal,0,0,65535_65535,0,1,132560,88,1,1,0,12,0,28,1,1,pre_allocation
58,7316,greenran_normal,0,0,65535_65535,0,1,132560,95,1,1,1,13,95,28,1,1,allocated
58,7316,greenran_normal,0,0,65535_65535,0,2,132560,88,1,1,0,12,0,28,1,1,pre_allocation
58,7316,greenran_normal,0,0,65535_65535,0,2,132560,95,1,1,1,13,95,28,1,1,allocated
58,7316,greenran_normal,0,0,65535_65535,0,5,132552,88,1,1,0,12,0,28,1,1,pre_allocation
58,7316,greenran_normal,0,0,65535_65535,0,5,132552,95,1,1,1,13,95,28,1,1,allocated
58,7316,greenran_normal,0,0,65535_65535,0,3,132551,88,1,1,0,12,0,28,1,1,pre_allocation
58,7316,greenran_normal,0,0,65535_65535,0,3,132551,95,1,1,1,13,95,28,1,1,allocated
58,7316,greenran_normal,0,0,65535_65535,0,4,134941,77,1,1,0,13,0,24,1,1,pre_allocation
58,7316,greenran_normal,0,0,65535_65535,0,4,134941,83,1,1,1,14,83,24,1,1,allocated
58,7316,greenran_normal,0,0,65535_65535,0,1,132560,95,1,1,0,13,0,28,1,1,pre_allocation
58,7316,greenran_normal,0,0,65535_65535,0,1,132560,103,1,1,1,14,103,28,1,1,allocated
58,7316,greenran_normal,0,0,65535_65535,0,2,132560,95,1,1,0,13,0,28,1,1,pre_allocation
58,7316,greenran_normal,0,0,65535_65535,0,2,132560,103,1,1,1,14,103,28,1,1,allocated
58,7316,greenran_normal,0,0,65535_65535,0,5,132552,95,1,1,0,13,0,28,1,1,pre_allocation
58,7316,greenran_normal,0,0,65535_65535,0,5,132552,103,1,1,1,14,103,28,1,1,allocated
58,7316,greenran_normal,0,0,65535_65535,0,3,132551,95,1,1,0,13,0,28,1,1,pre_allocation
58,7316,greenran_normal,0,0,65535_65535,0,3,132551,103,1,1,1,14,103,28,1,1,allocated
58,7316,greenran_normal,0,0,65535_65535,0,4,134941,83,1,1,0,14,0,24,1,1,pre_allocation
58,7316,greenran_normal,0,0,65535_65535,0,4,134941,89,1,1,1,15,89,24,1,1,allocated
58,7316,greenran_normal,0,0,65535_65535,0,1,132560,103,1,1,0,14,0,28,1,1,pre_allocation
58,7316,greenran_normal,0,0,65535_65535,0,1,132560,110,1,1,1,15,110,28,1,1,allocated
58,7316,greenran_normal,0,0,65535_65535,0,2,132560,103,1,1,0,14,0,28,1,1,pre_allocation
58,7316,greenran_normal,0,0,65535_65535,0,2,132560,110,1,1,1,15,110,28,1,1,allocated
58,7316,greenran_normal,0,0,65535_65535,0,5,132552,103,1,1,0,14,0,28,1,1,pre_allocation
58,7316,greenran_normal,0,0,65535_65535,0,5,132552,110,1,1,1,15,110,28,1,1,allocated
58,7316,greenran_normal,0,0,65535_65535,0,3,132551,103,1,1,0,14,0,28,1,1,pre_allocation
58,7316,greenran_normal,0,0,65535_65535,0,3,132551,110,1,1,1,15,110,28,1,1,allocated
58,7316,greenran_normal,0,0,65535_65535,0,4,134941,89,1,1,0,15,0,24,1,1,pre_allocation
58,7316,greenran_normal,0,0,65535_65535,0,4,134941,96,1,1,1,16,96,24,1,1,allocated
58,7316,greenran_normal,0,0,65535_65535,0,1,132560,110,1,1,0,15,0,28,1,1,pre_allocation
58,7316,greenran_normal,0,0,65535_65535,0,1,132560,118,1,1,1,16,118,28,1,1,allocated
58,7316,greenran_normal,0,0,65535_65535,0,2,132560,110,1,1,0,15,0,28,1,1,pre_allocation
58,7316,greenran_normal,0,0,65535_65535,0,2,132560,118,1,1,1,16,118,28,1,1,allocated
58,7316,greenran_normal,0,0,65535_65535,0,5,132552,110,1,1,0,15,0,28,1,1,pre_allocation
58,7316,greenran_normal,0,0,65535_65535,0,5,132552,118,1,1,1,16,118,28,1,1,allocated
58,7316,greenran_normal,0,0,65535_65535,0,3,132551,110,1,1,0,15,0,28,1,1,pre_allocation
58,7316,greenran_normal,0,0,65535_65535,0,3,132551,118,1,1,1,16,118,28,1,1,allocated
58,7316,greenran_normal,0,0,65535_65535,0,4,134941,96,1,1,0,16,0,24,1,1,pre_allocation
58,7316,greenran_normal,0,0,65535_65535,0,4,134941,102,1,1,1,17,102,24,1,1,allocated
58,7316,greenran_normal,0,0,65535_65535,0,1,132560,118,1,1,0,16,0,28,1,1,pre_allocation
58,7316,greenran_normal,0,0,65535_65535,0,1,132560,126,1,1,1,17,126,28,1,1,allocated
58,7316,greenran_normal,0,0,65535_65535,0,2,132560,118,1,1,0,16,0,28,1,1,pre_allocation
58,7316,greenran_normal,0,0,65535_65535,0,2,132560,126,1,1,1,17,126,28,1,1,allocated
58,7316,greenran_normal,0,0,65535_65535,0,5,132552,118,1,1,0,16,0,28,1,1,pre_allocation
58,7316,greenran_normal,0,0,65535_65535,0,5,132552,126,1,1,1,17,126,28,1,1,allocated
58,7316,greenran_normal,0,0,65535_65535,0,3,132551,118,1,1,0,16,0,28,1,1,pre_allocation
58,7316,greenran_normal,0,0,65535_65535,0,3,132551,126,1,1,1,17,126,28,1,1,allocated
58,7316,greenran_normal,0,0,65535_65535,0,4,134941,102,1,1,0,17,0,24,1,1,pre_allocation
58,7316,greenran_normal,0,0,65535_65535,0,4,134941,108,1,1,1,18,108,24,1,1,allocated
58,7316,greenran_normal,0,0,65535_65535,0,1,132560,126,1,1,0,17,0,28,1,1,pre_allocation
58,7316,greenran_normal,0,0,65535_65535,0,1,132560,133,1,1,1,18,133,28,1,1,allocated
58,7316,greenran_normal,0,0,65535_65535,0,2,132560,126,1,1,0,17,0,28,1,1,pre_allocation
58,7316,greenran_normal,0,0,65535_65535,0,2,132560,133,1,1,1,18,133,28,1,1,allocated
58,7316,greenran_normal,0,0,65535_65535,0,5,132552,126,1,1,0,17,0,28,1,1,pre_allocation
58,7316,greenran_normal,0,0,65535_65535,0,5,132552,133,1,1,1,18,133,28,1,1,allocated
58,7316,greenran_normal,0,0,65535_65535,0,3,132551,126,1,1,0,17,0,28,1,1,pre_allocation
58,7316,greenran_normal,0,0,65535_65535,0,3,132551,133,1,1,1,18,133,28,1,1,allocated
58,7316,greenran_normal,0,0,65535_65535,0,4,134941,108,1,1,0,18,0,24,1,1,pre_allocation
58,7316,greenran_normal,0,0,65535_65535,0,4,134941,114,1,1,1,19,114,24,1,1,allocated
58,7316,greenran_normal,0,0,65535_65535,0,1,132560,133,1,1,0,18,0,28,1,1,pre_allocation
58,7316,greenran_normal,0,0,65535_65535,0,1,132560,141,1,1,1,19,141,28,1,1,allocated
58,7316,greenran_normal,0,0,65535_65535,0,2,132560,133,1,1,0,18,0,28,1,1,pre_allocation
58,7316,greenran_normal,0,0,65535_65535,0,2,132560,141,1,1,1,19,141,28,1,1,allocated
58,7316,greenran_normal,0,0,65535_65535,0,5,132552,133,1,1,0,18,0,28,1,1,pre_allocation
58,7316,greenran_normal,0,0,65535_65535,0,5,132552,141,1,1,1,19,141,28,1,1,allocated
58,7316,greenran_normal,0,0,65535_65535,0,3,132551,133,1,1,0,18,0,28,1,1,pre_allocation
58,7316,greenran_normal,0,0,65535_65535,0,3,132551,141,1,1,1,19,141,28,1,1,allocated
58,7316,greenran_normal,0,0,65535_65535,0,4,134941,114,1,1,0,19,0,24,1,1,pre_allocation
58,7316,greenran_normal,0,0,65535_65535,0,4,134941,120,1,1,1,20,120,24,1,1,allocated
58,7316,greenran_normal,0,0,65535_65535,0,1,132560,141,1,1,0,19,0,28,1,1,pre_allocation
58,7316,greenran_normal,0,0,65535_65535,0,1,132560,148,1,1,1,20,148,28,1,1,allocated
58,7316,greenran_normal,0,0,65535_65535,0,2,132560,141,1,1,0,19,0,28,1,1,pre_allocation
58,7316,greenran_normal,0,0,65535_65535,0,2,132560,148,1,1,1,20,148,28,1,1,allocated
58,7316,greenran_normal,0,0,65535_65535,0,5,132552,141,1,1,0,19,0,28,1,1,pre_allocation
58,7316,greenran_normal,0,0,65535_65535,0,5,132552,148,1,1,1,20,148,28,1,1,allocated
58,7316,greenran_normal,0,0,65535_65535,0,3,132551,141,1,1,0,19,0,28,1,1,pre_allocation
58,7316,greenran_normal,0,0,65535_65535,0,3,132551,148,1,1,1,20,148,28,1,1,allocated
58,7316,greenran_normal,0,0,65535_65535,0,4,134941,120,1,1,0,20,0,24,1,1,pre_allocation
58,7316,greenran_normal,0,0,65535_65535,0,4,134941,126,1,1,1,21,126,24,1,1,allocated
58,7316,greenran_normal,0,0,65535_65535,0,1,132560,148,1,1,0,20,0,28,1,1,pre_allocation
58,7316,greenran_normal,0,0,65535_65535,0,1,132560,156,1,1,1,21,156,28,1,1,allocated
58,7316,greenran_normal,0,0,65535_65535,0,2,132560,148,1,1,0,20,0,28,1,1,pre_allocation
58,7316,greenran_normal,0,0,65535_65535,0,2,132560,156,1,1,1,21,156,28,1,1,allocated
58,7316,greenran_normal,0,0,65535_65535,0,5,132552,148,1,1,0,20,0,28,1,1,pre_allocation
58,7316,greenran_normal,0,0,65535_65535,0,5,132552,156,1,1,1,21,156,28,1,1,allocated
58,7316,greenran_normal,0,0,65535_65535,0,3,132551,148,1,1,0,20,0,28,1,1,pre_allocation
58,7316,greenran_normal,0,0,65535_65535,0,3,132551,156,1,1,1,21,156,28,1,1,allocated
58,7316,greenran_normal,0,0,65535_65535,0,4,134941,126,1,1,0,21,0,24,1,1,pre_allocation
58,7316,greenran_normal,0,0,65535_65535,0,4,134941,133,1,1,1,22,133,24,1,1,allocated
58,7316,greenran_normal,0,0,65535_65535,0,1,132560,156,1,1,0,21,0,28,1,1,pre_allocation
58,7316,greenran_normal,0,0,65535_65535,0,1,132560,163,1,1,1,22,163,28,1,1,allocated
58,7316,greenran_normal,0,0,65535_65535,0,2,132560,156,1,1,0,21,0,28,1,1,pre_allocation
58,7316,greenran_normal,0,0,65535_65535,0,2,132560,163,1,1,1,22,163,28,1,1,allocated
58,7316,greenran_normal,0,0,65535_65535,0,5,132552,156,1,1,0,21,0,28,1,1,pre_allocation
58,7316,greenran_normal,0,0,65535_65535,0,5,132552,163,1,1,1,22,163,28,1,1,allocated
58,7316,greenran_normal,0,0,65535_65535,0,3,132551,156,1,1,0,21,0,28,1,1,pre_allocation
58,7316,greenran_normal,0,0,65535_65535,0,3,132551,163,1,1,1,22,163,28,1,1,allocated
58,7316,greenran_normal,0,0,65535_65535,0,4,134941,133,1,1,0,22,0,24,1,1,pre_allocation
58,7316,greenran_normal,0,0,65535_65535,0,4,134941,139,1,1,1,23,139,24,1,1,allocated
58,7316,greenran_normal,0,0,65535_65535,0,1,132560,163,1,1,0,22,0,28,1,1,pre_allocation
58,7316,greenran_normal,0,0,65535_65535,0,1,132560,171,1,1,1,23,171,28,1,1,allocated
58,7316,greenran_normal,0,0,65535_65535,0,2,132560,163,1,1,0,22,0,28,1,1,pre_allocation
58,7316,greenran_normal,0,0,65535_65535,0,2,132560,171,1,1,1,23,171,28,1,1,allocated
58,7316,greenran_normal,0,0,65535_65535,0,5,132552,163,1,1,0,22,0,28,1,1,pre_allocation
58,7316,greenran_normal,0,0,65535_65535,0,5,132552,171,1,1,1,23,171,28,1,1,allocated
58,7316,greenran_normal,0,0,65535_65535,0,3,132551,163,1,1,0,22,0,28,1,1,pre_allocation
58,7316,greenran_normal,0,0,65535_65535,0,3,132551,171,1,1,1,23,171,28,1,1,allocated
58,7316,greenran_normal,0,0,65535_65535,0,4,134941,139,1,1,0,23,0,24,1,1,pre_allocation
58,7316,greenran_normal,0,0,65535_65535,0,4,134941,145,1,1,1,24,145,24,1,1,allocated
58,7316,greenran_normal,0,0,65535_65535,0,1,132560,171,1,1,0,23,0,28,1,1,pre_allocation
58,7316,greenran_normal,0,0,65535_65535,0,1,132560,179,1,1,1,24,179,28,1,1,allocated
58,7316,greenran_normal,0,0,65535_65535,0,2,132560,171,1,1,0,23,0,28,1,1,pre_allocation
58,7316,greenran_normal,0,0,65535_65535,0,2,132560,179,1,1,1,24,179,28,1,1,allocated
58,7316,greenran_normal,0,0,65535_65535,0,5,132552,171,1,1,0,23,0,28,1,1,pre_allocation
58,7316,greenran_normal,0,0,65535_65535,0,5,132552,179,1,1,1,24,179,28,1,1,allocated
58,7316,greenran_normal,0,0,65535_65535,0,3,132551,171,1,1,0,23,0,28,1,1,pre_allocation
58,7316,greenran_normal,0,0,65535_65535,0,3,132551,179,1,1,1,24,179,28,1,1,allocated
58,7316,greenran_normal,0,0,65535_65535,0,4,134941,145,1,1,0,24,0,24,1,1,pre_allocation
58,7316,greenran_normal,0,0,65535_65535,0,4,134941,151,1,1,1,25,151,24,1,1,allocated
58,7316,greenran_normal,0,0,65535_65535,0,1,132560,179,1,1,0,24,0,28,1,1,pre_allocation
58,7316,greenran_normal,0,0,65535_65535,0,1,132560,186,1,1,1,25,186,28,1,1,allocated
58,7316,greenran_normal,0,0,65535_65535,0,2,132560,179,1,1,0,24,0,28,1,1,pre_allocation
58,7316,greenran_normal,0,0,65535_65535,0,2,132560,186,1,1,1,25,186,28,1,1,allocated
58,7316,greenran_normal,0,0,65535_65535,0,5,132552,179,1,1,0,24,0,28,1,1,pre_allocation
58,7316,greenran_normal,0,0,65535_65535,0,5,132552,186,1,1,1,25,186,28,1,1,allocated
58,7316,greenran_normal,0,0,65535_65535,0,3,132551,179,1,1,0,24,0,28,1,1,pre_allocation
58,7316,greenran_normal,0,0,65535_65535,0,3,132551,186,1,1,1,25,186,28,1,1,allocated
58,7316,greenran_normal,0,0,65535_65535,0,4,134941,151,1,1,0,25,0,24,1,1,pre_allocation
58,7316,greenran_normal,0,0,65535_65535,0,4,134941,157,1,1,1,26,157,24,1,1,allocated
58,7316,greenran_normal,0,0,65535_65535,0,1,132560,186,1,1,0,25,0,28,1,1,pre_allocation
58,7316,greenran_normal,0,0,65535_65535,0,1,132560,194,1,1,1,26,194,28,1,1,allocated
58,7316,greenran_normal,0,0,65535_65535,0,2,132560,186,1,1,0,25,0,28,1,1,pre_allocation
58,7316,greenran_normal,0,0,65535_65535,0,2,132560,194,1,1,1,26,194,28,1,1,allocated
58,7316,greenran_normal,0,0,65535_65535,0,5,132552,186,1,1,0,25,0,28,1,1,pre_allocation
58,7316,greenran_normal,0,0,65535_65535,0,5,132552,194,1,1,1,26,194,28,1,1,allocated
58,7316,greenran_normal,0,0,65535_65535,0,3,132551,186,1,1,0,25,0,28,1,1,pre_allocation
58,7316,greenran_normal,0,0,65535_65535,0,3,132551,194,1,1,1,26,194,28,1,1,allocated
58,7316,greenran_normal,0,0,65535_65535,0,4,134941,157,1,1,0,26,0,24,1,1,pre_allocation
58,7316,greenran_normal,0,0,65535_65535,0,4,134941,164,1,1,1,27,164,24,1,1,allocated
58,7316,greenran_normal,0,0,65535_65535,0,1,132560,194,1,1,0,26,0,28,1,1,pre_allocation
58,7316,greenran_normal,0,0,65535_65535,0,1,132560,201,1,1,1,27,201,28,1,1,allocated
58,7316,greenran_normal,0,0,65535_65535,0,2,132560,194,1,1,0,26,0,28,1,1,pre_allocation
58,7316,greenran_normal,0,0,65535_65535,0,2,132560,201,1,1,1,27,201,28,1,1,allocated
58,7316,greenran_normal,0,0,65535_65535,0,5,132552,194,1,1,0,26,0,28,1,1,pre_allocation
58,7316,greenran_normal,0,0,65535_65535,0,5,132552,201,1,1,1,27,201,28,1,1,allocated
58,7316,greenran_normal,0,0,65535_65535,0,3,132551,194,1,1,0,26,0,28,1,1,pre_allocation
58,7316,greenran_normal,0,0,65535_65535,0,3,132551,201,1,1,1,27,201,28,1,1,allocated
58,7316,greenran_normal,0,0,65535_65535,0,4,134941,164,1,1,0,27,0,24,1,1,pre_allocation
58,7316,greenran_normal,0,0,65535_65535,0,4,134941,170,1,1,1,28,170,24,1,1,allocated
58,7316,greenran_normal,0,0,65535_65535,0,1,132560,201,1,1,0,27,0,28,1,1,pre_allocation
58,7316,greenran_normal,0,0,65535_65535,0,1,132560,209,1,1,1,28,209,28,1,1,allocated
58,7316,greenran_normal,0,0,65535_65535,0,2,132560,201,1,1,0,27,0,28,1,1,pre_allocation
58,7316,greenran_normal,0,0,65535_65535,0,2,132560,209,1,1,1,28,209,28,1,1,allocated
58,7316,greenran_normal,0,0,65535_65535,0,5,132552,201,1,1,0,27,0,28,1,1,pre_allocation
58,7316,greenran_normal,0,0,65535_65535,0,5,132552,209,1,1,1,28,209,28,1,1,allocated
58,7316,greenran_normal,0,0,65535_65535,0,3,132551,201,1,1,0,27,0,28,1,1,pre_allocation
58,7316,greenran_normal,0,0,65535_65535,0,3,132551,209,1,1,1,28,209,28,1,1,allocated
58,7316,greenran_normal,0,0,65535_65535,0,4,134941,170,1,1,0,28,0,24,1,1,pre_allocation
58,7316,greenran_normal,0,0,65535_65535,0,4,134941,176,1,1,1,29,176,24,1,1,allocated
58,7316,greenran_normal,0,0,65535_65535,0,1,132560,209,1,1,0,28,0,28,1,1,pre_allocation
58,7316,greenran_normal,0,0,65535_65535,0,1,132560,217,1,1,1,29,217,28,1,1,allocated
58,7316,greenran_normal,0,0,65535_65535,0,2,132560,209,1,1,0,28,0,28,1,1,pre_allocation
58,7316,greenran_normal,0,0,65535_65535,0,2,132560,217,1,1,1,29,217,28,1,1,allocated
58,7316,greenran_normal,0,0,65535_65535,0,5,132552,209,1,1,0,28,0,28,1,1,pre_allocation
58,7316,greenran_normal,0,0,65535_65535,0,5,132552,217,1,1,1,29,217,28,1,1,allocated
58,7316,greenran_normal,0,0,65535_65535,0,3,132551,209,1,1,0,28,0,28,1,1,pre_allocation
58,7316,greenran_normal,0,0,65535_65535,0,3,132551,217,1,1,1,29,217,28,1,1,allocated
58,7316,greenran_normal,0,0,65535_65535,0,4,134941,176,1,1,0,29,0,24,1,1,pre_allocation
58,7316,greenran_normal,0,0,65535_65535,0,4,134941,182,1,1,1,30,182,24,1,1,allocated
58,7316,greenran_normal,0,0,65535_65535,0,1,132560,217,1,1,0,29,0,28,1,1,pre_allocation
58,7316,greenran_normal,0,0,65535_65535,0,1,132560,224,1,1,1,30,224,28,1,1,allocated
58,7316,greenran_normal,0,0,65535_65535,0,2,132560,217,1,1,0,29,0,28,1,1,pre_allocation
58,7316,greenran_normal,0,0,65535_65535,0,2,132560,224,1,1,1,30,224,28,1,1,allocated
58,7316,greenran_normal,0,0,65535_65535,0,5,132552,217,1,1,0,29,0,28,1,1,pre_allocation
58,7316,greenran_normal,0,0,65535_65535,0,5,132552,224,1,1,1,30,224,28,1,1,allocated
58,7316,greenran_normal,0,0,65535_65535,0,3,132551,217,1,1,0,29,0,28,1,1,pre_allocation
58,7316,greenran_normal,0,0,65535_65535,0,3,132551,224,1,1,1,30,224,28,1,1,allocated
58,7316,greenran_normal,0,0,65535_65535,0,4,134941,182,1,1,0,30,0,24,1,1,pre_allocation
58,7316,greenran_normal,0,0,65535_65535,0,4,134941,188,1,1,1,31,188,24,1,1,allocated
58,7316,greenran_normal,0,0,65535_65535,0,1,132560,224,1,1,0,30,0,28,1,1,pre_allocation
58,7316,greenran_normal,0,0,65535_65535,0,1,132560,232,1,1,1,31,232,28,1,1,allocated
58,7316,greenran_normal,0,0,65535_65535,0,2,132560,224,1,1,0,30,0,28,1,1,pre_allocation
58,7316,greenran_normal,0,0,65535_65535,0,2,132560,232,1,1,1,31,232,28,1,1,allocated
58,7316,greenran_normal,0,0,65535_65535,0,5,132552,224,1,1,0,30,0,28,1,1,pre_allocation
58,7316,greenran_normal,0,0,65535_65535,0,5,132552,232,1,1,1,31,232,28,1,1,allocated
58,7316,greenran_normal,0,0,65535_65535,0,3,132551,224,1,1,0,30,0,28,1,1,pre_allocation
58,7316,greenran_normal,0,0,65535_65535,0,3,132551,232,1,1,1,31,232,28,1,1,allocated
58,7316,greenran_normal,0,0,65535_65535,2,38,4354702,0,1,1,0,0,0,15,1,1,pre_allocation
58,7316,greenran_normal,0,0,65535_65535,2,38,4354702,2,1,1,1,1,2,15,1,1,allocated
58,7316,greenran_normal,0,0,65535_65535,2,60,4354403,0,1,1,0,0,0,12,1,1,pre_allocation
58,7316,greenran_normal,0,0,65535_65535,2,60,4354403,2,1,1,1,1,2,12,1,1,allocated
58,7316,greenran_normal,0,0,65535_65535,2,64,4354079,0,1,1,0,0,0,12,1,1,pre_allocation
58,7316,greenran_normal,0,0,65535_65535,2,64,4354079,2,1,1,1,1,2,12,1,1,allocated
58,7316,greenran_normal,0,0,65535_65535,2,43,4353506,0,1,1,0,0,0,16,1,1,pre_allocation
58,7316,greenran_normal,0,0,65535_65535,2,43,4353506,0,1,1,1,1,0,16,1,1,allocated
58,7316,greenran_normal,0,0,65535_65535,2,42,4353047,0,1,1,0,0,0,24,1,1,pre_allocation
58,7316,greenran_normal,0,0,65535_65535,2,42,4353047,3,1,1,1,1,3,24,1,1,allocated
58,7316,greenran_normal,0,0,65535_65535,2,36,4352595,0,1,1,0,0,0,26,1,1,pre_allocation
58,7316,greenran_normal,0,0,65535_65535,2,36,4352595,4,1,1,1,1,4,26,1,1,allocated
58,7316,greenran_normal,0,0,65535_65535,2,39,4352498,0,1,1,0,0,0,26,1,1,pre_allocation
58,7316,greenran_normal,0,0,65535_65535,2,39,4352498,4,1,1,1,1,4,26,1,1,allocated
58,7316,greenran_normal,0,0,65535_65535,2,59,4352532,0,1,1,0,0,0,24,1,1,pre_allocation
58,7316,greenran_normal,0,0,65535_65535,2,59,4352532,3,1,1,1,1,3,24,1,1,allocated
58,7316,greenran_normal,0,0,65535_65535,2,35,4352488,0,1,1,0,0,0,28,1,1,pre_allocation
58,7316,greenran_normal,0,0,65535_65535,2,35,4352488,4,1,1,1,1,4,28,1,1,allocated
58,7316,greenran_normal,0,0,65535_65535,2,37,4352491,0,1,1,0,0,0,28,1,1,pre_allocation
58,7316,greenran_normal,0,0,65535_65535,2,37,4352491,4,1,1,1,1,4,28,1,1,allocated
58,7316,greenran_normal,0,0,65535_65535,2,41,4352491,0,1,1,0,0,0,28,1,1,pre_allocation
58,7316,greenran_normal,0,0,65535_65535,2,41,4352491,4,1,1,1,1,4,28,1,1,allocated
58,7316,greenran_normal,0,0,65535_65535,2,56,4352488,0,1,1,0,0,0,28,1,1,pre_allocation
58,7316,greenran_normal,0,0,65535_65535,2,56,4352488,4,1,1,1,1,4,28,1,1,allocated
58,7316,greenran_normal,0,0,65535_65535,2,57,4352488,0,1,1,0,0,0,28,1,1,pre_allocation
58,7316,greenran_normal,0,0,65535_65535,2,57,4352488,4,1,1,1,1,4,28,1,1,allocated
58,7316,greenran_normal,0,0,65535_65535,2,40,4352490,0,1,1,0,0,0,28,1,1,pre_allocation
58,7316,greenran_normal,0,0,65535_65535,2,40,4352490,4,1,1,1,1,4,28,1,1,allocated
58,7316,greenran_normal,0,0,65535_65535,2,63,4352486,0,1,1,0,0,0,28,1,1,pre_allocation
58,7316,greenran_normal,0,0,65535_65535,2,63,4352486,4,1,1,1,1,4,28,1,1,allocated
58,7316,greenran_normal,0,0,65535_65535,2,62,4352486,0,1,1,0,0,0,28,1,1,pre_allocation
58,7316,greenran_normal,0,0,65535_65535,2,62,4352486,4,1,1,1,1,4,28,1,1,allocated
58,7316,greenran_normal,0,0,65535_65535,2,58,4352554,0,1,1,0,0,0,28,1,1,pre_allocation
58,7316,greenran_normal,0,0,65535_65535,2,58,4352554,4,1,1,1,1,4,28,1,1,allocated
58,7316,greenran_normal,0,0,65535_65535,2,61,4352485,0,1,1,0,0,0,28,1,1,pre_allocation
58,7316,greenran_normal,0,0,65535_65535,2,61,4352485,4,1,1,1,1,4,28,1,1,allocated
58,7316,greenran_normal,0,0,65535_65535,2,44,4352481,0,1,1,0,0,0,28,1,1,pre_allocation
58,7316,greenran_normal,0,0,65535_65535,2,44,4352481,4,1,1,1,1,4,28,1,1,allocated
58,7316,greenran_normal,0,0,65535_65535,2,55,4352481,0,1,1,0,0,0,28,1,1,pre_allocation
58,7316,greenran_normal,0,0,65535_65535,2,55,4352481,4,1,1,1,1,4,28,1,1,allocated
58,7316,greenran_normal,0,0,65535_65535,2,38,4354702,2,1,1,0,1,0,15,1,1,pre_allocation
58,7316,greenran_normal,0,0,65535_65535,2,38,4354702,2,1,1,1,2,2,15,1,1,allocated
58,7316,greenran_normal,0,0,65535_65535,2,60,4354403,2,1,1,0,1,0,12,1,1,pre_allocation
58,7316,greenran_normal,0,0,65535_65535,2,60,4354403,1,1,1,1,2,1,12,1,1,allocated
58,7316,greenran_normal,0,0,65535_65535,2,64,4354079,2,1,1,0,1,0,12,1,1,pre_allocation
58,7316,greenran_normal,0,0,65535_65535,2,64,4354079,1,1,1,1,2,1,12,1,1,allocated
58,7316,greenran_normal,0,0,65535_65535,2,43,4353506,0,1,1,0,1,0,16,1,1,pre_allocation
58,7316,greenran_normal,0,0,65535_65535,2,43,4353506,3,1,1,1,2,3,16,1,1,allocated
58,7316,greenran_normal,0,0,65535_65535,2,42,4353047,3,1,1,0,1,0,24,1,1,pre_allocation
58,7316,greenran_normal,0,0,65535_65535,2,42,4353047,9,1,1,1,2,9,24,1,1,allocated
58,7316,greenran_normal,0,0,65535_65535,2,36,4352595,4,1,1,0,1,0,26,1,1,pre_allocation
58,7316,greenran_normal,0,0,65535_65535,2,36,4352595,11,1,1,1,2,11,26,1,1,allocated
58,7316,greenran_normal,0,0,65535_65535,2,39,4352498,4,1,1,0,1,0,26,1,1,pre_allocation
58,7316,greenran_normal,0,0,65535_65535,2,39,4352498,11,1,1,1,2,11,26,1,1,allocated
58,7316,greenran_normal,0,0,65535_65535,2,59,4352532,3,1,1,0,1,0,24,1,1,pre_allocation
58,7316,greenran_normal,0,0,65535_65535,2,59,4352532,9,1,1,1,2,9,24,1,1,allocated
58,7316,greenran_normal,0,0,65535_65535,2,35,4352488,4,1,1,0,1,0,28,1,1,pre_allocation
58,7316,greenran_normal,0,0,65535_65535,2,35,4352488,12,1,1,1,2,12,28,1,1,allocated
58,7316,greenran_normal,0,0,65535_65535,2,37,4352491,4,1,1,0,1,0,28,1,1,pre_allocation
58,7316,greenran_normal,0,0,65535_65535,2,37,4352491,12,1,1,1,2,12,28,1,1,allocated
58,7316,greenran_normal,0,0,65535_65535,2,41,4352491,4,1,1,0,1,0,28,1,1,pre_allocation
58,7316,greenran_normal,0,0,65535_65535,2,41,4352491,12,1,1,1,2,12,28,1,1,allocated
58,7316,greenran_normal,0,0,65535_65535,2,56,4352488,4,1,1,0,1,0,28,1,1,pre_allocation
58,7316,greenran_normal,0,0,65535_65535,2,56,4352488,12,1,1,1,2,12,28,1,1,allocated
58,7316,greenran_normal,0,0,65535_65535,2,57,4352488,4,1,1,0,1,0,28,1,1,pre_allocation
58,7316,greenran_normal,0,0,65535_65535,2,57,4352488,12,1,1,1,2,12,28,1,1,allocated
58,7316,greenran_normal,0,0,65535_65535,2,40,4352490,4,1,1,0,1,0,28,1,1,pre_allocation
58,7316,greenran_normal,0,0,65535_65535,2,40,4352490,12,1,1,1,2,12,28,1,1,allocated
58,7316,greenran_normal,0,0,65535_65535,2,63,4352486,4,1,1,0,1,0,28,1,1,pre_allocation
58,7316,greenran_normal,0,0,65535_65535,2,63,4352486,12,1,1,1,2,12,28,1,1,allocated
58,7316,greenran_normal,0,0,65535_65535,2,62,4352486,4,1,1,0,1,0,28,1,1,pre_allocation
58,7316,greenran_normal,0,0,65535_65535,2,62,4352486,12,1,1,1,2,12,28,1,1,allocated
58,7316,greenran_normal,0,0,65535_65535,2,58,4352554,4,1,1,0,1,0,28,1,1,pre_allocation
58,7316,greenran_normal,0,0,65535_65535,2,58,4352554,12,1,1,1,2,12,28,1,1,allocated
58,7316,greenran_normal,0,0,65535_65535,2,61,4352485,4,1,1,0,1,0,28,1,1,pre_allocation
58,7316,greenran_normal,0,0,65535_65535,2,61,4352485,12,1,1,1,2,12,28,1,1,allocated
58,7316,greenran_normal,0,0,65535_65535,2,44,4352481,4,1,1,0,1,0,28,1,1,pre_allocation
58,7316,greenran_normal,0,0,65535_65535,2,44,4352481,12,1,1,1,2,12,28,1,1,allocated
58,7316,greenran_normal,0,0,65535_65535,2,55,4352481,4,1,1,0,1,0,28,1,1,pre_allocation
58,7316,greenran_normal,0,0,65535_65535,2,55,4352481,12,1,1,1,2,12,28,1,1,allocated
58,7316,greenran_normal,0,0,65535_65535,2,38,4354702,2,1,1,0,2,0,15,1,1,pre_allocation
58,7316,greenran_normal,0,0,65535_65535,2,38,4354702,5,1,1,1,3,5,15,1,1,allocated
58,7316,greenran_normal,0,0,65535_65535,2,60,4354403,1,1,1,0,2,0,12,1,1,pre_allocation
58,7316,greenran_normal,0,0,65535_65535,2,60,4354403,3,1,1,1,3,3,12,1,1,allocated
58,7316,greenran_normal,0,0,65535_65535,2,64,4354079,1,1,1,0,2,0,12,1,1,pre_allocation
58,7316,greenran_normal,0,0,65535_65535,2,64,4354079,3,1,1,1,3,3,12,1,1,allocated
58,7316,greenran_normal,0,0,65535_65535,2,43,4353506,3,1,1,0,2,0,16,1,1,pre_allocation
58,7316,greenran_normal,0,0,65535_65535,2,43,4353506,6,1,1,1,3,6,16,1,1,allocated
58,7316,greenran_normal,0,0,65535_65535,2,42,4353047,9,1,1,0,2,0,24,1,1,pre_allocation
58,7316,greenran_normal,0,0,65535_65535,2,42,4353047,15,1,1,1,3,15,24,1,1,allocated
58,7316,greenran_normal,0,0,65535_65535,2,36,4352595,11,1,1,0,2,0,26,1,1,pre_allocation
58,7316,greenran_normal,0,0,65535_65535,2,36,4352595,18,1,1,1,3,18,26,1,1,allocated
58,7316,greenran_normal,0,0,65535_65535,2,39,4352498,11,1,1,0,2,0,26,1,1,pre_allocation
58,7316,greenran_normal,0,0,65535_65535,2,39,4352498,18,1,1,1,3,18,26,1,1,allocated
58,7316,greenran_normal,0,0,65535_65535,2,59,4352532,9,1,1,0,2,0,24,1,1,pre_allocation
58,7316,greenran_normal,0,0,65535_65535,2,59,4352532,15,1,1,1,3,15,24,1,1,allocated
58,7316,greenran_normal,0,0,65535_65535,2,35,4352488,12,1,1,0,2,0,28,1,1,pre_allocation
58,7316,greenran_normal,0,0,65535_65535,2,35,4352488,19,1,1,1,3,19,28,1,1,allocated
58,7316,greenran_normal,0,0,65535_65535,2,37,4352491,12,1,1,0,2,0,28,1,1,pre_allocation
58,7316,greenran_normal,0,0,65535_65535,2,37,4352491,19,1,1,1,3,19,28,1,1,allocated
58,7316,greenran_normal,0,0,65535_65535,2,41,4352491,12,1,1,0,2,0,28,1,1,pre_allocation
58,7316,greenran_normal,0,0,65535_65535,2,41,4352491,19,1,1,1,3,19,28,1,1,allocated
58,7316,greenran_normal,0,0,65535_65535,2,56,4352488,12,1,1,0,2,0,28,1,1,pre_allocation
58,7316,greenran_normal,0,0,65535_65535,2,56,4352488,19,1,1,1,3,19,28,1,1,allocated
58,7316,greenran_normal,0,0,65535_65535,2,57,4352488,12,1,1,0,2,0,28,1,1,pre_allocation
58,7316,greenran_normal,0,0,65535_65535,2,57,4352488,19,1,1,1,3,19,28,1,1,allocated
58,7316,greenran_normal,0,0,65535_65535,2,40,4352490,12,1,1,0,2,0,28,1,1,pre_allocation
58,7316,greenran_normal,0,0,65535_65535,2,40,4352490,19,1,1,1,3,19,28,1,1,allocated
58,7316,greenran_normal,0,0,65535_65535,2,63,4352486,12,1,1,0,2,0,28,1,1,pre_allocation
58,7316,greenran_normal,0,0,65535_65535,2,63,4352486,19,1,1,1,3,19,28,1,1,allocated
58,7316,greenran_normal,0,0,65535_65535,2,62,4352486,12,1,1,0,2,0,28,1,1,pre_allocation
58,7316,greenran_normal,0,0,65535_65535,2,62,4352486,19,1,1,1,3,19,28,1,1,allocated
58,7316,greenran_normal,0,0,65535_65535,2,58,4352554,12,1,1,0,2,0,28,1,1,pre_allocation
58,7316,greenran_normal,0,0,65535_65535,2,58,4352554,19,1,1,1,3,19,28,1,1,allocated
58,7316,greenran_normal,0,0,65535_65535,2,61,4352485,12,1,1,0,2,0,28,1,1,pre_allocation
58,7316,greenran_normal,0,0,65535_65535,2,61,4352485,19,1,1,1,3,19,28,1,1,allocated
58,7316,greenran_normal,0,0,65535_65535,2,44,4352481,12,1,1,0,2,0,28,1,1,pre_allocation
58,7316,greenran_normal,0,0,65535_65535,2,44,4352481,19,1,1,1,3,19,28,1,1,allocated
58,7316,greenran_normal,0,0,65535_65535,2,55,4352481,12,1,1,0,2,0,28,1,1,pre_allocation
58,7316,greenran_normal,0,0,65535_65535,2,55,4352481,19,1,1,1,3,19,28,1,1,allocated
58,7316,greenran_normal,0,0,65535_65535,2,38,4354702,5,1,1,0,3,0,15,1,1,pre_allocation
58,7316,greenran_normal,0,0,65535_65535,2,38,4354702,8,1,1,1,4,8,15,1,1,allocated
58,7316,greenran_normal,0,0,65535_65535,2,60,4354403,3,1,1,0,3,0,12,1,1,pre_allocation
58,7316,greenran_normal,0,0,65535_65535,2,60,4354403,5,1,1,1,4,5,12,1,1,allocated
58,7316,greenran_normal,0,0,65535_65535,2,64,4354079,3,1,1,0,3,0,12,1,1,pre_allocation
58,7316,greenran_normal,0,0,65535_65535,2,64,4354079,5,1,1,1,4,5,12,1,1,allocated
58,7316,greenran_normal,0,0,65535_65535,2,43,4353506,6,1,1,0,3,0,16,1,1,pre_allocation
58,7316,greenran_normal,0,0,65535_65535,2,43,4353506,10,1,1,1,4,10,16,1,1,allocated
58,7316,greenran_normal,0,0,65535_65535,2,42,4353047,15,1,1,0,3,0,24,1,1,pre_allocation
58,7316,greenran_normal,0,0,65535_65535,2,42,4353047,21,1,1,1,4,21,24,1,1,allocated
58,7316,greenran_normal,0,0,65535_65535,2,36,4352595,18,1,1,0,3,0,26,1,1,pre_allocation
58,7316,greenran_normal,0,0,65535_65535,2,36,4352595,25,1,1,1,4,25,26,1,1,allocated
58,7316,greenran_normal,0,0,65535_65535,2,39,4352498,18,1,1,0,3,0,26,1,1,pre_allocation
58,7316,greenran_normal,0,0,65535_65535,2,39,4352498,25,1,1,1,4,25,26,1,1,allocated
58,7316,greenran_normal,0,0,65535_65535,2,59,4352532,15,1,1,0,3,0,24,1,1,pre_allocation
58,7316,greenran_normal,0,0,65535_65535,2,59,4352532,21,1,1,1,4,21,24,1,1,allocated
58,7316,greenran_normal,0,0,65535_65535,2,35,4352488,19,1,1,0,3,0,28,1,1,pre_allocation
58,7316,greenran_normal,0,0,65535_65535,2,35,4352488,27,1,1,1,4,27,28,1,1,allocated
58,7316,greenran_normal,0,0,65535_65535,2,37,4352491,19,1,1,0,3,0,28,1,1,pre_allocation
58,7316,greenran_normal,0,0,65535_65535,2,37,4352491,27,1,1,1,4,27,28,1,1,allocated
58,7316,greenran_normal,0,0,65535_65535,2,41,4352491,19,1,1,0,3,0,28,1,1,pre_allocation
58,7316,greenran_normal,0,0,65535_65535,2,41,4352491,27,1,1,1,4,27,28,1,1,allocated
58,7316,greenran_normal,0,0,65535_65535,2,56,4352488,19,1,1,0,3,0,28,1,1,pre_allocation
58,7316,greenran_normal,0,0,65535_65535,2,56,4352488,27,1,1,1,4,27,28,1,1,allocated
58,7316,greenran_normal,0,0,65535_65535,2,57,4352488,19,1,1,0,3,0,28,1,1,pre_allocation
58,7316,greenran_normal,0,0,65535_65535,2,57,4352488,27,1,1,1,4,27,28,1,1,allocated
58,7316,greenran_normal,0,0,65535_65535,2,40,4352490,19,1,1,0,3,0,28,1,1,pre_allocation
58,7316,greenran_normal,0,0,65535_65535,2,40,4352490,27,1,1,1,4,27,28,1,1,allocated
58,7316,greenran_normal,0,0,65535_65535,2,63,4352486,19,1,1,0,3,0,28,1,1,pre_allocation
58,7316,greenran_normal,0,0,65535_65535,2,63,4352486,27,1,1,1,4,27,28,1,1,allocated
58,7316,greenran_normal,0,0,65535_65535,2,62,4352486,19,1,1,0,3,0,28,1,1,pre_allocation
58,7316,greenran_normal,0,0,65535_65535,2,62,4352486,27,1,1,1,4,27,28,1,1,allocated
58,7316,greenran_normal,0,0,65535_65535,2,58,4352554,19,1,1,0,3,0,28,1,1,pre_allocation
58,7316,greenran_normal,0,0,65535_65535,2,58,4352554,27,1,1,1,4,27,28,1,1,allocated
58,7316,greenran_normal,0,0,65535_65535,2,61,4352485,19,1,1,0,3,0,28,1,1,pre_allocation
58,7316,greenran_normal,0,0,65535_65535,2,61,4352485,27,1,1,1,4,27,28,1,1,allocated
58,7316,greenran_normal,0,0,65535_65535,2,44,4352481,19,1,1,0,3,0,28,1,1,pre_allocation
58,7316,greenran_normal,0,0,65535_65535,2,44,4352481,27,1,1,1,4,27,28,1,1,allocated
58,7316,greenran_normal,0,0,65535_65535,2,55,4352481,19,1,1,0,3,0,28,1,1,pre_allocation
58,7316,greenran_normal,0,0,65535_65535,2,55,4352481,27,1,1,1,4,27,28,1,1,allocated
58,7316,greenran_normal,0,0,65535_65535,2,38,4354702,8,1,1,0,4,0,15,1,1,pre_allocation
58,7316,greenran_normal,0,0,65535_65535,2,38,4354702,11,1,1,1,5,11,15,1,1,allocated
58,7316,greenran_normal,0,0,65535_65535,2,60,4354403,5,1,1,0,4,0,12,1,1,pre_allocation
58,7316,greenran_normal,0,0,65535_65535,2,60,4354403,7,1,1,1,5,7,12,1,1,allocated
58,7316,greenran_normal,0,0,65535_65535,2,64,4354079,5,1,1,0,4,0,12,1,1,pre_allocation
58,7316,greenran_normal,0,0,65535_65535,2,64,4354079,7,1,1,1,5,7,12,1,1,allocated
58,7316,greenran_normal,0,0,65535_65535,2,43,4353506,10,1,1,0,4,0,16,1,1,pre_allocation
58,7316,greenran_normal,0,0,65535_65535,2,43,4353506,13,1,1,1,5,13,16,1,1,allocated
58,7316,greenran_normal,0,0,65535_65535,2,42,4353047,21,1,1,0,4,0,24,1,1,pre_allocation
58,7316,greenran_normal,0,0,65535_65535,2,42,4353047,27,1,1,1,5,27,24,1,1,allocated
58,7316,greenran_normal,0,0,65535_65535,2,36,4352595,25,1,1,0,4,0,26,1,1,pre_allocation
58,7316,greenran_normal,0,0,65535_65535,2,36,4352595,32,1,1,1,5,32,26,1,1,allocated
58,7316,greenran_normal,0,0,65535_65535,2,39,4352498,25,1,1,0,4,0,26,1,1,pre_allocation
58,7316,greenran_normal,0,0,65535_65535,2,39,4352498,32,1,1,1,5,32,26,1,1,allocated
58,7316,greenran_normal,0,0,65535_65535,2,59,4352532,21,1,1,0,4,0,24,1,1,pre_allocation
58,7316,greenran_normal,0,0,65535_65535,2,59,4352532,27,1,1,1,5,27,24,1,1,allocated
58,7316,greenran_normal,0,0,65535_65535,2,35,4352488,27,1,1,0,4,0,28,1,1,pre_allocation
58,7316,greenran_normal,0,0,65535_65535,2,35,4352488,34,1,1,1,5,34,28,1,1,allocated
58,7316,greenran_normal,0,0,65535_65535,2,37,4352491,27,1,1,0,4,0,28,1,1,pre_allocation
58,7316,greenran_normal,0,0,65535_65535,2,37,4352491,34,1,1,1,5,34,28,1,1,allocated
58,7316,greenran_normal,0,0,65535_65535,2,41,4352491,27,1,1,0,4,0,28,1,1,pre_allocation
58,7316,greenran_normal,0,0,65535_65535,2,41,4352491,34,1,1,1,5,34,28,1,1,allocated
58,7316,greenran_normal,0,0,65535_65535,2,56,4352488,27,1,1,0,4,0,28,1,1,pre_allocation
58,7316,greenran_normal,0,0,65535_65535,2,56,4352488,34,1,1,1,5,34,28,1,1,allocated
58,7316,greenran_normal,0,0,65535_65535,2,57,4352488,27,1,1,0,4,0,28,1,1,pre_allocation
58,7316,greenran_normal,0,0,65535_65535,2,57,4352488,34,1,1,1,5,34,28,1,1,allocated
58,7316,greenran_normal,0,0,65535_65535,2,40,4352490,27,1,1,0,4,0,28,1,1,pre_allocation
58,7316,greenran_normal,0,0,65535_65535,2,40,4352490,34,1,1,1,5,34,28,1,1,allocated
58,7316,greenran_normal,0,0,65535_65535,2,63,4352486,27,1,1,0,4,0,28,1,1,pre_allocation
58,7316,greenran_normal,0,0,65535_65535,2,63,4352486,34,1,1,1,5,34,28,1,1,allocated
58,7316,greenran_normal,0,0,65535_65535,2,62,4352486,27,1,1,0,4,0,28,1,1,pre_allocation
58,7316,greenran_normal,0,0,65535_65535,2,62,4352486,34,1,1,1,5,34,28,1,1,allocated
58,7316,greenran_normal,0,0,65535_65535,2,58,4352554,27,1,1,0,4,0,28,1,1,pre_allocation
58,7316,greenran_normal,0,0,65535_65535,2,58,4352554,34,1,1,1,5,34,28,1,1,allocated
58,7316,greenran_normal,0,0,65535_65535,2,61,4352485,27,1,1,0,4,0,28,1,1,pre_allocation
58,7316,greenran_normal,0,0,65535_65535,2,61,4352485,34,1,1,1,5,34,28,1,1,allocated
58,7316,greenran_normal,0,0,65535_65535,2,44,4352481,27,1,1,0,4,0,28,1,1,pre_allocation
58,7316,greenran_normal,0,0,65535_65535,2,44,4352481,34,1,1,1,5,34,28,1,1,allocated
58,7316,greenran_normal,0,0,65535_65535,2,55,4352481,27,1,1,0,4,0,28,1,1,pre_allocation
58,7316,greenran_normal,0,0,65535_65535,2,55,4352481,34,1,1,1,5,34,28,1,1,allocated
58,7316,greenran_normal,0,0,65535_65535,2,38,4354702,11,1,1,0,5,0,15,1,1,pre_allocation
58,7316,greenran_normal,0,0,65535_65535,2,38,4354702,14,1,1,1,6,14,15,1,1,allocated
58,7316,greenran_normal,0,0,65535_65535,2,60,4354403,7,1,1,0,5,0,12,1,1,pre_allocation
58,7316,greenran_normal,0,0,65535_65535,2,60,4354403,9,1,1,1,6,9,12,1,1,allocated
58,7316,greenran_normal,0,0,65535_65535,2,64,4354079,7,1,1,0,5,0,12,1,1,pre_allocation
58,7316,greenran_normal,0,0,65535_65535,2,64,4354079,9,1,1,1,6,9,12,1,1,allocated
58,7316,greenran_normal,0,0,65535_65535,2,43,4353506,13,1,1,0,5,0,16,1,1,pre_allocation
58,7316,greenran_normal,0,0,65535_65535,2,43,4353506,16,1,1,1,6,16,16,1,1,allocated
58,7316,greenran_normal,0,0,65535_65535,2,42,4353047,27,1,1,0,5,0,24,1,1,pre_allocation
58,7316,greenran_normal,0,0,65535_65535,2,42,4353047,34,1,1,1,6,34,24,1,1,allocated
58,7316,greenran_normal,0,0,65535_65535,2,36,4352595,32,1,1,0,5,0,26,1,1,pre_allocation
58,7316,greenran_normal,0,0,65535_65535,2,36,4352595,39,1,1,1,6,39,26,1,1,allocated
58,7316,greenran_normal,0,0,65535_65535,2,39,4352498,32,1,1,0,5,0,26,1,1,pre_allocation
58,7316,greenran_normal,0,0,65535_65535,2,39,4352498,39,1,1,1,6,39,26,1,1,allocated
58,7316,greenran_normal,0,0,65535_65535,2,59,4352532,27,1,1,0,5,0,24,1,1,pre_allocation
58,7316,greenran_normal,0,0,65535_65535,2,59,4352532,34,1,1,1,6,34,24,1,1,allocated
58,7316,greenran_normal,0,0,65535_65535,2,35,4352488,34,1,1,0,5,0,28,1,1,pre_allocation
58,7316,greenran_normal,0,0,65535_65535,2,35,4352488,42,1,1,1,6,42,28,1,1,allocated
58,7316,greenran_normal,0,0,65535_65535,2,37,4352491,34,1,1,0,5,0,28,1,1,pre_allocation
58,7316,greenran_normal,0,0,65535_65535,2,37,4352491,42,1,1,1,6,42,28,1,1,allocated
58,7316,greenran_normal,0,0,65535_65535,2,41,4352491,34,1,1,0,5,0,28,1,1,pre_allocation
58,7316,greenran_normal,0,0,65535_65535,2,41,4352491,42,1,1,1,6,42,28,1,1,allocated
59,7563,greenran_normal,0,0,65535_65535,0,4,139905,0,1,1,0,0,0,24,1,1,pre_allocation
59,7563,greenran_normal,0,0,65535_65535,0,4,139905,3,1,1,1,1,3,24,1,1,allocated
59,7563,greenran_normal,0,0,65535_65535,0,1,137480,0,1,1,0,0,0,28,1,1,pre_allocation
59,7563,greenran_normal,0,0,65535_65535,0,1,137480,4,1,1,1,1,4,28,1,1,allocated
59,7563,greenran_normal,0,0,65535_65535,0,2,137480,0,1,1,0,0,0,28,1,1,pre_allocation
59,7563,greenran_normal,0,0,65535_65535,0,2,137480,4,1,1,1,1,4,28,1,1,allocated
59,7563,greenran_normal,0,0,65535_65535,0,5,137472,0,1,1,0,0,0,28,1,1,pre_allocation
59,7563,greenran_normal,0,0,65535_65535,0,5,137472,4,1,1,1,1,4,28,1,1,allocated
59,7563,greenran_normal,0,0,65535_65535,0,3,137471,0,1,1,0,0,0,28,1,1,pre_allocation
59,7563,greenran_normal,0,0,65535_65535,0,3,137471,4,1,1,1,1,4,28,1,1,allocated
59,7563,greenran_normal,0,0,65535_65535,0,4,139905,3,1,1,0,1,0,24,1,1,pre_allocation
59,7563,greenran_normal,0,0,65535_65535,0,4,139905,9,1,1,1,2,9,24,1,1,allocated
59,7563,greenran_normal,0,0,65535_65535,0,1,137480,4,1,1,0,1,0,28,1,1,pre_allocation
59,7563,greenran_normal,0,0,65535_65535,0,1,137480,12,1,1,1,2,12,28,1,1,allocated
59,7563,greenran_normal,0,0,65535_65535,0,2,137480,4,1,1,0,1,0,28,1,1,pre_allocation
59,7563,greenran_normal,0,0,65535_65535,0,2,137480,12,1,1,1,2,12,28,1,1,allocated
59,7563,greenran_normal,0,0,65535_65535,0,5,137472,4,1,1,0,1,0,28,1,1,pre_allocation
59,7563,greenran_normal,0,0,65535_65535,0,5,137472,12,1,1,1,2,12,28,1,1,allocated
59,7563,greenran_normal,0,0,65535_65535,0,3,137471,4,1,1,0,1,0,28,1,1,pre_allocation
59,7563,greenran_normal,0,0,65535_65535,0,3,137471,12,1,1,1,2,12,28,1,1,allocated
59,7563,greenran_normal,0,0,65535_65535,0,4,139905,9,1,1,0,2,0,24,1,1,pre_allocation
59,7563,greenran_normal,0,0,65535_65535,0,4,139905,15,1,1,1,3,15,24,1,1,allocated
59,7563,greenran_normal,0,0,65535_65535,0,1,137480,12,1,1,0,2,0,28,1,1,pre_allocation
59,7563,greenran_normal,0,0,65535_65535,0,1,137480,19,1,1,1,3,19,28,1,1,allocated
59,7563,greenran_normal,0,0,65535_65535,0,2,137480,12,1,1,0,2,0,28,1,1,pre_allocation
59,7563,greenran_normal,0,0,65535_65535,0,2,137480,19,1,1,1,3,19,28,1,1,allocated
59,7563,greenran_normal,0,0,65535_65535,0,5,137472,12,1,1,0,2,0,28,1,1,pre_allocation
59,7563,greenran_normal,0,0,65535_65535,0,5,137472,19,1,1,1,3,19,28,1,1,allocated
59,7563,greenran_normal,0,0,65535_65535,0,3,137471,12,1,1,0,2,0,28,1,1,pre_allocation
59,7563,greenran_normal,0,0,65535_65535,0,3,137471,19,1,1,1,3,19,28,1,1,allocated
59,7563,greenran_normal,0,0,65535_65535,0,4,139905,15,1,1,0,3,0,24,1,1,pre_allocation
59,7563,greenran_normal,0,0,65535_65535,0,4,139905,21,1,1,1,4,21,24,1,1,allocated
59,7563,greenran_normal,0,0,65535_65535,0,1,137480,19,1,1,0,3,0,28,1,1,pre_allocation
59,7563,greenran_normal,0,0,65535_65535,0,1,137480,27,1,1,1,4,27,28,1,1,allocated
59,7563,greenran_normal,0,0,65535_65535,0,2,137480,19,1,1,0,3,0,28,1,1,pre_allocation
59,7563,greenran_normal,0,0,65535_65535,0,2,137480,27,1,1,1,4,27,28,1,1,allocated
59,7563,greenran_normal,0,0,65535_65535,0,5,137472,19,1,1,0,3,0,28,1,1,pre_allocation
59,7563,greenran_normal,0,0,65535_65535,0,5,137472,27,1,1,1,4,27,28,1,1,allocated
59,7563,greenran_normal,0,0,65535_65535,0,3,137471,19,1,1,0,3,0,28,1,1,pre_allocation
59,7563,greenran_normal,0,0,65535_65535,0,3,137471,27,1,1,1,4,27,28,1,1,allocated
59,7563,greenran_normal,0,0,65535_65535,0,4,139905,21,1,1,0,4,0,24,1,1,pre_allocation
59,7563,greenran_normal,0,0,65535_65535,0,4,139905,27,1,1,1,5,27,24,1,1,allocated
59,7563,greenran_normal,0,0,65535_65535,0,1,137480,27,1,1,0,4,0,28,1,1,pre_allocation
59,7563,greenran_normal,0,0,65535_65535,0,1,137480,34,1,1,1,5,34,28,1,1,allocated
59,7563,greenran_normal,0,0,65535_65535,0,2,137480,27,1,1,0,4,0,28,1,1,pre_allocation
59,7563,greenran_normal,0,0,65535_65535,0,2,137480,34,1,1,1,5,34,28,1,1,allocated
59,7563,greenran_normal,0,0,65535_65535,0,5,137472,27,1,1,0,4,0,28,1,1,pre_allocation
59,7563,greenran_normal,0,0,65535_65535,0,5,137472,34,1,1,1,5,34,28,1,1,allocated
59,7563,greenran_normal,0,0,65535_65535,0,3,137471,27,1,1,0,4,0,28,1,1,pre_allocation
59,7563,greenran_normal,0,0,65535_65535,0,3,137471,34,1,1,1,5,34,28,1,1,allocated
59,7563,greenran_normal,0,0,65535_65535,0,4,139905,27,1,1,0,5,0,24,1,1,pre_allocation
59,7563,greenran_normal,0,0,65535_65535,0,4,139905,34,1,1,1,6,34,24,1,1,allocated
59,7563,greenran_normal,0,0,65535_65535,0,1,137480,34,1,1,0,5,0,28,1,1,pre_allocation
59,7563,greenran_normal,0,0,65535_65535,0,1,137480,42,1,1,1,6,42,28,1,1,allocated
59,7563,greenran_normal,0,0,65535_65535,0,2,137480,34,1,1,0,5,0,28,1,1,pre_allocation
59,7563,greenran_normal,0,0,65535_65535,0,2,137480,42,1,1,1,6,42,28,1,1,allocated
59,7563,greenran_normal,0,0,65535_65535,0,5,137472,34,1,1,0,5,0,28,1,1,pre_allocation
59,7563,greenran_normal,0,0,65535_65535,0,5,137472,42,1,1,1,6,42,28,1,1,allocated
59,7563,greenran_normal,0,0,65535_65535,0,3,137471,34,1,1,0,5,0,28,1,1,pre_allocation
59,7563,greenran_normal,0,0,65535_65535,0,3,137471,42,1,1,1,6,42,28,1,1,allocated
59,7563,greenran_normal,0,0,65535_65535,0,4,139905,34,1,1,0,6,0,24,1,1,pre_allocation
59,7563,greenran_normal,0,0,65535_65535,0,4,139905,40,1,1,1,7,40,24,1,1,allocated
59,7563,greenran_normal,0,0,65535_65535,0,1,137480,42,1,1,0,6,0,28,1,1,pre_allocation
59,7563,greenran_normal,0,0,65535_65535,0,1,137480,50,1,1,1,7,50,28,1,1,allocated
59,7563,greenran_normal,0,0,65535_65535,0,2,137480,42,1,1,0,6,0,28,1,1,pre_allocation
59,7563,greenran_normal,0,0,65535_65535,0,2,137480,50,1,1,1,7,50,28,1,1,allocated
59,7563,greenran_normal,0,0,65535_65535,0,5,137472,42,1,1,0,6,0,28,1,1,pre_allocation
59,7563,greenran_normal,0,0,65535_65535,0,5,137472,50,1,1,1,7,50,28,1,1,allocated
59,7563,greenran_normal,0,0,65535_65535,0,3,137471,42,1,1,0,6,0,28,1,1,pre_allocation
59,7563,greenran_normal,0,0,65535_65535,0,3,137471,50,1,1,1,7,50,28,1,1,allocated
59,7563,greenran_normal,0,0,65535_65535,0,4,139905,40,1,1,0,7,0,24,1,1,pre_allocation
59,7563,greenran_normal,0,0,65535_65535,0,4,139905,46,1,1,1,8,46,24,1,1,allocated
59,7563,greenran_normal,0,0,65535_65535,0,1,137480,50,1,1,0,7,0,28,1,1,pre_allocation
59,7563,greenran_normal,0,0,65535_65535,0,1,137480,57,1,1,1,8,57,28,1,1,allocated
59,7563,greenran_normal,0,0,65535_65535,0,2,137480,50,1,1,0,7,0,28,1,1,pre_allocation
59,7563,greenran_normal,0,0,65535_65535,0,2,137480,57,1,1,1,8,57,28,1,1,allocated
59,7563,greenran_normal,0,0,65535_65535,0,5,137472,50,1,1,0,7,0,28,1,1,pre_allocation
59,7563,greenran_normal,0,0,65535_65535,0,5,137472,57,1,1,1,8,57,28,1,1,allocated
59,7563,greenran_normal,0,0,65535_65535,0,3,137471,50,1,1,0,7,0,28,1,1,pre_allocation
59,7563,greenran_normal,0,0,65535_65535,0,3,137471,57,1,1,1,8,57,28,1,1,allocated
59,7563,greenran_normal,0,0,65535_65535,0,4,139905,46,1,1,0,8,0,24,1,1,pre_allocation
59,7563,greenran_normal,0,0,65535_65535,0,4,139905,52,1,1,1,9,52,24,1,1,allocated
59,7563,greenran_normal,0,0,65535_65535,0,1,137480,57,1,1,0,8,0,28,1,1,pre_allocation
59,7563,greenran_normal,0,0,65535_65535,0,1,137480,65,1,1,1,9,65,28,1,1,allocated
59,7563,greenran_normal,0,0,65535_65535,0,2,137480,57,1,1,0,8,0,28,1,1,pre_allocation
59,7563,greenran_normal,0,0,65535_65535,0,2,137480,65,1,1,1,9,65,28,1,1,allocated
59,7563,greenran_normal,0,0,65535_65535,0,5,137472,57,1,1,0,8,0,28,1,1,pre_allocation
59,7563,greenran_normal,0,0,65535_65535,0,5,137472,65,1,1,1,9,65,28,1,1,allocated
59,7563,greenran_normal,0,0,65535_65535,0,3,137471,57,1,1,0,8,0,28,1,1,pre_allocation
59,7563,greenran_normal,0,0,65535_65535,0,3,137471,65,1,1,1,9,65,28,1,1,allocated
59,7563,greenran_normal,0,0,65535_65535,0,4,139905,52,1,1,0,9,0,24,1,1,pre_allocation
59,7563,greenran_normal,0,0,65535_65535,0,4,139905,58,1,1,1,10,58,24,1,1,allocated
59,7563,greenran_normal,0,0,65535_65535,0,1,137480,65,1,1,0,9,0,28,1,1,pre_allocation
59,7563,greenran_normal,0,0,65535_65535,0,1,137480,72,1,1,1,10,72,28,1,1,allocated
59,7563,greenran_normal,0,0,65535_65535,0,2,137480,65,1,1,0,9,0,28,1,1,pre_allocation
59,7563,greenran_normal,0,0,65535_65535,0,2,137480,72,1,1,1,10,72,28,1,1,allocated
59,7563,greenran_normal,0,0,65535_65535,0,5,137472,65,1,1,0,9,0,28,1,1,pre_allocation
59,7563,greenran_normal,0,0,65535_65535,0,5,137472,72,1,1,1,10,72,28,1,1,allocated
59,7563,greenran_normal,0,0,65535_65535,0,3,137471,65,1,1,0,9,0,28,1,1,pre_allocation
59,7563,greenran_normal,0,0,65535_65535,0,3,137471,72,1,1,1,10,72,28,1,1,allocated
59,7563,greenran_normal,0,0,65535_65535,0,4,139905,58,1,1,0,10,0,24,1,1,pre_allocation
59,7563,greenran_normal,0,0,65535_65535,0,4,139905,65,1,1,1,11,65,24,1,1,allocated
59,7563,greenran_normal,0,0,65535_65535,0,1,137480,72,1,1,0,10,0,28,1,1,pre_allocation
59,7563,greenran_normal,0,0,65535_65535,0,1,137480,80,1,1,1,11,80,28,1,1,allocated
59,7563,greenran_normal,0,0,65535_65535,0,2,137480,72,1,1,0,10,0,28,1,1,pre_allocation
59,7563,greenran_normal,0,0,65535_65535,0,2,137480,80,1,1,1,11,80,28,1,1,allocated
59,7563,greenran_normal,0,0,65535_65535,0,5,137472,72,1,1,0,10,0,28,1,1,pre_allocation
59,7563,greenran_normal,0,0,65535_65535,0,5,137472,80,1,1,1,11,80,28,1,1,allocated
59,7563,greenran_normal,0,0,65535_65535,0,3,137471,72,1,1,0,10,0,28,1,1,pre_allocation
59,7563,greenran_normal,0,0,65535_65535,0,3,137471,80,1,1,1,11,80,28,1,1,allocated
59,7563,greenran_normal,0,0,65535_65535,0,4,139905,65,1,1,0,11,0,24,1,1,pre_allocation
59,7563,greenran_normal,0,0,65535_65535,0,4,139905,71,1,1,1,12,71,24,1,1,allocated
59,7563,greenran_normal,0,0,65535_65535,0,1,137480,80,1,1,0,11,0,28,1,1,pre_allocation
59,7563,greenran_normal,0,0,65535_65535,0,1,137480,88,1,1,1,12,88,28,1,1,allocated
59,7563,greenran_normal,0,0,65535_65535,0,2,137480,80,1,1,0,11,0,28,1,1,pre_allocation
59,7563,greenran_normal,0,0,65535_65535,0,2,137480,88,1,1,1,12,88,28,1,1,allocated
59,7563,greenran_normal,0,0,65535_65535,0,5,137472,80,1,1,0,11,0,28,1,1,pre_allocation
59,7563,greenran_normal,0,0,65535_65535,0,5,137472,88,1,1,1,12,88,28,1,1,allocated
59,7563,greenran_normal,0,0,65535_65535,0,3,137471,80,1,1,0,11,0,28,1,1,pre_allocation
59,7563,greenran_normal,0,0,65535_65535,0,3,137471,88,1,1,1,12,88,28,1,1,allocated
59,7563,greenran_normal,0,0,65535_65535,0,4,139905,71,1,1,0,12,0,24,1,1,pre_allocation
59,7563,greenran_normal,0,0,65535_65535,0,4,139905,77,1,1,1,13,77,24,1,1,allocated
59,7563,greenran_normal,0,0,65535_65535,0,1,137480,88,1,1,0,12,0,28,1,1,pre_allocation
59,7563,greenran_normal,0,0,65535_65535,0,1,137480,95,1,1,1,13,95,28,1,1,allocated
59,7563,greenran_normal,0,0,65535_65535,0,2,137480,88,1,1,0,12,0,28,1,1,pre_allocation
59,7563,greenran_normal,0,0,65535_65535,0,2,137480,95,1,1,1,13,95,28,1,1,allocated
59,7563,greenran_normal,0,0,65535_65535,0,5,137472,88,1,1,0,12,0,28,1,1,pre_allocation
59,7563,greenran_normal,0,0,65535_65535,0,5,137472,95,1,1,1,13,95,28,1,1,allocated
59,7563,greenran_normal,0,0,65535_65535,0,3,137471,88,1,1,0,12,0,28,1,1,pre_allocation
59,7563,greenran_normal,0,0,65535_65535,0,3,137471,95,1,1,1,13,95,28,1,1,allocated
59,7563,greenran_normal,0,0,65535_65535,0,4,139905,77,1,1,0,13,0,24,1,1,pre_allocation
59,7563,greenran_normal,0,0,65535_65535,0,4,139905,83,1,1,1,14,83,24,1,1,allocated
59,7563,greenran_normal,0,0,65535_65535,0,1,137480,95,1,1,0,13,0,28,1,1,pre_allocation
59,7563,greenran_normal,0,0,65535_65535,0,1,137480,103,1,1,1,14,103,28,1,1,allocated
59,7563,greenran_normal,0,0,65535_65535,0,2,137480,95,1,1,0,13,0,28,1,1,pre_allocation
59,7563,greenran_normal,0,0,65535_65535,0,2,137480,103,1,1,1,14,103,28,1,1,allocated
59,7563,greenran_normal,0,0,65535_65535,0,5,137472,95,1,1,0,13,0,28,1,1,pre_allocation
59,7563,greenran_normal,0,0,65535_65535,0,5,137472,103,1,1,1,14,103,28,1,1,allocated
59,7563,greenran_normal,0,0,65535_65535,0,3,137471,95,1,1,0,13,0,28,1,1,pre_allocation
59,7563,greenran_normal,0,0,65535_65535,0,3,137471,103,1,1,1,14,103,28,1,1,allocated
59,7563,greenran_normal,0,0,65535_65535,0,4,139905,83,1,1,0,14,0,24,1,1,pre_allocation
59,7563,greenran_normal,0,0,65535_65535,0,4,139905,89,1,1,1,15,89,24,1,1,allocated
59,7563,greenran_normal,0,0,65535_65535,0,1,137480,103,1,1,0,14,0,28,1,1,pre_allocation
59,7563,greenran_normal,0,0,65535_65535,0,1,137480,110,1,1,1,15,110,28,1,1,allocated
59,7563,greenran_normal,0,0,65535_65535,0,2,137480,103,1,1,0,14,0,28,1,1,pre_allocation
59,7563,greenran_normal,0,0,65535_65535,0,2,137480,110,1,1,1,15,110,28,1,1,allocated
59,7563,greenran_normal,0,0,65535_65535,0,5,137472,103,1,1,0,14,0,28,1,1,pre_allocation
59,7563,greenran_normal,0,0,65535_65535,0,5,137472,110,1,1,1,15,110,28,1,1,allocated
59,7563,greenran_normal,0,0,65535_65535,0,3,137471,103,1,1,0,14,0,28,1,1,pre_allocation
59,7563,greenran_normal,0,0,65535_65535,0,3,137471,110,1,1,1,15,110,28,1,1,allocated
59,7563,greenran_normal,0,0,65535_65535,0,4,139905,89,1,1,0,15,0,24,1,1,pre_allocation
59,7563,greenran_normal,0,0,65535_65535,0,4,139905,96,1,1,1,16,96,24,1,1,allocated
59,7563,greenran_normal,0,0,65535_65535,0,1,137480,110,1,1,0,15,0,28,1,1,pre_allocation
59,7563,greenran_normal,0,0,65535_65535,0,1,137480,118,1,1,1,16,118,28,1,1,allocated
59,7563,greenran_normal,0,0,65535_65535,0,2,137480,110,1,1,0,15,0,28,1,1,pre_allocation
59,7563,greenran_normal,0,0,65535_65535,0,2,137480,118,1,1,1,16,118,28,1,1,allocated
59,7563,greenran_normal,0,0,65535_65535,0,5,137472,110,1,1,0,15,0,28,1,1,pre_allocation
59,7563,greenran_normal,0,0,65535_65535,0,5,137472,118,1,1,1,16,118,28,1,1,allocated
59,7563,greenran_normal,0,0,65535_65535,0,3,137471,110,1,1,0,15,0,28,1,1,pre_allocation
59,7563,greenran_normal,0,0,65535_65535,0,3,137471,118,1,1,1,16,118,28,1,1,allocated
59,7563,greenran_normal,0,0,65535_65535,0,4,139905,96,1,1,0,16,0,24,1,1,pre_allocation
59,7563,greenran_normal,0,0,65535_65535,0,4,139905,102,1,1,1,17,102,24,1,1,allocated
59,7563,greenran_normal,0,0,65535_65535,0,1,137480,118,1,1,0,16,0,28,1,1,pre_allocation
59,7563,greenran_normal,0,0,65535_65535,0,1,137480,126,1,1,1,17,126,28,1,1,allocated
59,7563,greenran_normal,0,0,65535_65535,0,2,137480,118,1,1,0,16,0,28,1,1,pre_allocation
59,7563,greenran_normal,0,0,65535_65535,0,2,137480,126,1,1,1,17,126,28,1,1,allocated
59,7563,greenran_normal,0,0,65535_65535,0,5,137472,118,1,1,0,16,0,28,1,1,pre_allocation
59,7563,greenran_normal,0,0,65535_65535,0,5,137472,126,1,1,1,17,126,28,1,1,allocated
59,7563,greenran_normal,0,0,65535_65535,0,3,137471,118,1,1,0,16,0,28,1,1,pre_allocation
59,7563,greenran_normal,0,0,65535_65535,0,3,137471,126,1,1,1,17,126,28,1,1,allocated
59,7563,greenran_normal,0,0,65535_65535,0,4,139905,102,1,1,0,17,0,24,1,1,pre_allocation
59,7563,greenran_normal,0,0,65535_65535,0,4,139905,108,1,1,1,18,108,24,1,1,allocated
59,7563,greenran_normal,0,0,65535_65535,0,1,137480,126,1,1,0,17,0,28,1,1,pre_allocation
59,7563,greenran_normal,0,0,65535_65535,0,1,137480,133,1,1,1,18,133,28,1,1,allocated
59,7563,greenran_normal,0,0,65535_65535,0,2,137480,126,1,1,0,17,0,28,1,1,pre_allocation
59,7563,greenran_normal,0,0,65535_65535,0,2,137480,133,1,1,1,18,133,28,1,1,allocated
59,7563,greenran_normal,0,0,65535_65535,0,5,137472,126,1,1,0,17,0,28,1,1,pre_allocation
59,7563,greenran_normal,0,0,65535_65535,0,5,137472,133,1,1,1,18,133,28,1,1,allocated
59,7563,greenran_normal,0,0,65535_65535,0,3,137471,126,1,1,0,17,0,28,1,1,pre_allocation
59,7563,greenran_normal,0,0,65535_65535,0,3,137471,133,1,1,1,18,133,28,1,1,allocated
59,7563,greenran_normal,0,0,65535_65535,0,4,139905,108,1,1,0,18,0,24,1,1,pre_allocation
59,7563,greenran_normal,0,0,65535_65535,0,4,139905,114,1,1,1,19,114,24,1,1,allocated
59,7563,greenran_normal,0,0,65535_65535,0,1,137480,133,1,1,0,18,0,28,1,1,pre_allocation
59,7563,greenran_normal,0,0,65535_65535,0,1,137480,141,1,1,1,19,141,28,1,1,allocated
59,7563,greenran_normal,0,0,65535_65535,0,2,137480,133,1,1,0,18,0,28,1,1,pre_allocation
59,7563,greenran_normal,0,0,65535_65535,0,2,137480,141,1,1,1,19,141,28,1,1,allocated
59,7563,greenran_normal,0,0,65535_65535,0,5,137472,133,1,1,0,18,0,28,1,1,pre_allocation
59,7563,greenran_normal,0,0,65535_65535,0,5,137472,141,1,1,1,19,141,28,1,1,allocated
59,7563,greenran_normal,0,0,65535_65535,0,3,137471,133,1,1,0,18,0,28,1,1,pre_allocation
59,7563,greenran_normal,0,0,65535_65535,0,3,137471,141,1,1,1,19,141,28,1,1,allocated
59,7563,greenran_normal,0,0,65535_65535,0,4,139905,114,1,1,0,19,0,24,1,1,pre_allocation
59,7563,greenran_normal,0,0,65535_65535,0,4,139905,120,1,1,1,20,120,24,1,1,allocated
59,7563,greenran_normal,0,0,65535_65535,0,1,137480,141,1,1,0,19,0,28,1,1,pre_allocation
59,7563,greenran_normal,0,0,65535_65535,0,1,137480,148,1,1,1,20,148,28,1,1,allocated
59,7563,greenran_normal,0,0,65535_65535,0,2,137480,141,1,1,0,19,0,28,1,1,pre_allocation
59,7563,greenran_normal,0,0,65535_65535,0,2,137480,148,1,1,1,20,148,28,1,1,allocated
59,7563,greenran_normal,0,0,65535_65535,0,5,137472,141,1,1,0,19,0,28,1,1,pre_allocation
59,7563,greenran_normal,0,0,65535_65535,0,5,137472,148,1,1,1,20,148,28,1,1,allocated
59,7563,greenran_normal,0,0,65535_65535,0,3,137471,141,1,1,0,19,0,28,1,1,pre_allocation
59,7563,greenran_normal,0,0,65535_65535,0,3,137471,148,1,1,1,20,148,28,1,1,allocated
59,7563,greenran_normal,0,0,65535_65535,0,4,139905,120,1,1,0,20,0,24,1,1,pre_allocation
59,7563,greenran_normal,0,0,65535_65535,0,4,139905,126,1,1,1,21,126,24,1,1,allocated
59,7563,greenran_normal,0,0,65535_65535,0,1,137480,148,1,1,0,20,0,28,1,1,pre_allocation
59,7563,greenran_normal,0,0,65535_65535,0,1,137480,156,1,1,1,21,156,28,1,1,allocated
59,7563,greenran_normal,0,0,65535_65535,0,2,137480,148,1,1,0,20,0,28,1,1,pre_allocation
59,7563,greenran_normal,0,0,65535_65535,0,2,137480,156,1,1,1,21,156,28,1,1,allocated
59,7563,greenran_normal,0,0,65535_65535,0,5,137472,148,1,1,0,20,0,28,1,1,pre_allocation
59,7563,greenran_normal,0,0,65535_65535,0,5,137472,156,1,1,1,21,156,28,1,1,allocated
59,7563,greenran_normal,0,0,65535_65535,0,3,137471,148,1,1,0,20,0,28,1,1,pre_allocation
59,7563,greenran_normal,0,0,65535_65535,0,3,137471,156,1,1,1,21,156,28,1,1,allocated
59,7563,greenran_normal,0,0,65535_65535,0,4,139905,126,1,1,0,21,0,24,1,1,pre_allocation
59,7563,greenran_normal,0,0,65535_65535,0,4,139905,133,1,1,1,22,133,24,1,1,allocated
59,7563,greenran_normal,0,0,65535_65535,0,1,137480,156,1,1,0,21,0,28,1,1,pre_allocation
59,7563,greenran_normal,0,0,65535_65535,0,1,137480,163,1,1,1,22,163,28,1,1,allocated
59,7563,greenran_normal,0,0,65535_65535,0,2,137480,156,1,1,0,21,0,28,1,1,pre_allocation
59,7563,greenran_normal,0,0,65535_65535,0,2,137480,163,1,1,1,22,163,28,1,1,allocated
59,7563,greenran_normal,0,0,65535_65535,0,5,137472,156,1,1,0,21,0,28,1,1,pre_allocation
59,7563,greenran_normal,0,0,65535_65535,0,5,137472,163,1,1,1,22,163,28,1,1,allocated
59,7563,greenran_normal,0,0,65535_65535,0,3,137471,156,1,1,0,21,0,28,1,1,pre_allocation
59,7563,greenran_normal,0,0,65535_65535,0,3,137471,163,1,1,1,22,163,28,1,1,allocated
59,7563,greenran_normal,0,0,65535_65535,0,4,139905,133,1,1,0,22,0,24,1,1,pre_allocation
59,7563,greenran_normal,0,0,65535_65535,0,4,139905,139,1,1,1,23,139,24,1,1,allocated
59,7563,greenran_normal,0,0,65535_65535,0,1,137480,163,1,1,0,22,0,28,1,1,pre_allocation
59,7563,greenran_normal,0,0,65535_65535,0,1,137480,171,1,1,1,23,171,28,1,1,allocated
59,7563,greenran_normal,0,0,65535_65535,0,2,137480,163,1,1,0,22,0,28,1,1,pre_allocation
59,7563,greenran_normal,0,0,65535_65535,0,2,137480,171,1,1,1,23,171,28,1,1,allocated
59,7563,greenran_normal,0,0,65535_65535,0,5,137472,163,1,1,0,22,0,28,1,1,pre_allocation
59,7563,greenran_normal,0,0,65535_65535,0,5,137472,171,1,1,1,23,171,28,1,1,allocated
59,7563,greenran_normal,0,0,65535_65535,0,3,137471,163,1,1,0,22,0,28,1,1,pre_allocation
59,7563,greenran_normal,0,0,65535_65535,0,3,137471,171,1,1,1,23,171,28,1,1,allocated
59,7563,greenran_normal,0,0,65535_65535,0,4,139905,139,1,1,0,23,0,24,1,1,pre_allocation
59,7563,greenran_normal,0,0,65535_65535,0,4,139905,145,1,1,1,24,145,24,1,1,allocated
59,7563,greenran_normal,0,0,65535_65535,0,1,137480,171,1,1,0,23,0,28,1,1,pre_allocation
59,7563,greenran_normal,0,0,65535_65535,0,1,137480,179,1,1,1,24,179,28,1,1,allocated
59,7563,greenran_normal,0,0,65535_65535,0,2,137480,171,1,1,0,23,0,28,1,1,pre_allocation
59,7563,greenran_normal,0,0,65535_65535,0,2,137480,179,1,1,1,24,179,28,1,1,allocated
59,7563,greenran_normal,0,0,65535_65535,0,5,137472,171,1,1,0,23,0,28,1,1,pre_allocation
59,7563,greenran_normal,0,0,65535_65535,0,5,137472,179,1,1,1,24,179,28,1,1,allocated
59,7563,greenran_normal,0,0,65535_65535,0,3,137471,171,1,1,0,23,0,28,1,1,pre_allocation
59,7563,greenran_normal,0,0,65535_65535,0,3,137471,179,1,1,1,24,179,28,1,1,allocated
59,7563,greenran_normal,0,0,65535_65535,0,4,139905,145,1,1,0,24,0,24,1,1,pre_allocation
59,7563,greenran_normal,0,0,65535_65535,0,4,139905,151,1,1,1,25,151,24,1,1,allocated
59,7563,greenran_normal,0,0,65535_65535,0,1,137480,179,1,1,0,24,0,28,1,1,pre_allocation
59,7563,greenran_normal,0,0,65535_65535,0,1,137480,186,1,1,1,25,186,28,1,1,allocated
59,7563,greenran_normal,0,0,65535_65535,0,2,137480,179,1,1,0,24,0,28,1,1,pre_allocation
59,7563,greenran_normal,0,0,65535_65535,0,2,137480,186,1,1,1,25,186,28,1,1,allocated
59,7563,greenran_normal,0,0,65535_65535,0,5,137472,179,1,1,0,24,0,28,1,1,pre_allocation
59,7563,greenran_normal,0,0,65535_65535,0,5,137472,186,1,1,1,25,186,28,1,1,allocated
59,7563,greenran_normal,0,0,65535_65535,0,3,137471,179,1,1,0,24,0,28,1,1,pre_allocation
59,7563,greenran_normal,0,0,65535_65535,0,3,137471,186,1,1,1,25,186,28,1,1,allocated
59,7563,greenran_normal,0,0,65535_65535,0,4,139905,151,1,1,0,25,0,24,1,1,pre_allocation
59,7563,greenran_normal,0,0,65535_65535,0,4,139905,157,1,1,1,26,157,24,1,1,allocated
59,7563,greenran_normal,0,0,65535_65535,0,1,137480,186,1,1,0,25,0,28,1,1,pre_allocation
59,7563,greenran_normal,0,0,65535_65535,0,1,137480,194,1,1,1,26,194,28,1,1,allocated
59,7563,greenran_normal,0,0,65535_65535,0,2,137480,186,1,1,0,25,0,28,1,1,pre_allocation
59,7563,greenran_normal,0,0,65535_65535,0,2,137480,194,1,1,1,26,194,28,1,1,allocated
59,7563,greenran_normal,0,0,65535_65535,0,5,137472,186,1,1,0,25,0,28,1,1,pre_allocation
59,7563,greenran_normal,0,0,65535_65535,0,5,137472,194,1,1,1,26,194,28,1,1,allocated
59,7563,greenran_normal,0,0,65535_65535,0,3,137471,186,1,1,0,25,0,28,1,1,pre_allocation
59,7563,greenran_normal,0,0,65535_65535,0,3,137471,194,1,1,1,26,194,28,1,1,allocated
59,7563,greenran_normal,0,0,65535_65535,0,4,139905,157,1,1,0,26,0,24,1,1,pre_allocation
59,7563,greenran_normal,0,0,65535_65535,0,4,139905,164,1,1,1,27,164,24,1,1,allocated
59,7563,greenran_normal,0,0,65535_65535,0,1,137480,194,1,1,0,26,0,28,1,1,pre_allocation
59,7563,greenran_normal,0,0,65535_65535,0,1,137480,201,1,1,1,27,201,28,1,1,allocated
59,7563,greenran_normal,0,0,65535_65535,0,2,137480,194,1,1,0,26,0,28,1,1,pre_allocation
59,7563,greenran_normal,0,0,65535_65535,0,2,137480,201,1,1,1,27,201,28,1,1,allocated
59,7563,greenran_normal,0,0,65535_65535,0,5,137472,194,1,1,0,26,0,28,1,1,pre_allocation
59,7563,greenran_normal,0,0,65535_65535,0,5,137472,201,1,1,1,27,201,28,1,1,allocated
59,7563,greenran_normal,0,0,65535_65535,0,3,137471,194,1,1,0,26,0,28,1,1,pre_allocation
59,7563,greenran_normal,0,0,65535_65535,0,3,137471,201,1,1,1,27,201,28,1,1,allocated
59,7563,greenran_normal,0,0,65535_65535,0,4,139905,164,1,1,0,27,0,24,1,1,pre_allocation
59,7563,greenran_normal,0,0,65535_65535,0,4,139905,170,1,1,1,28,170,24,1,1,allocated
59,7563,greenran_normal,0,0,65535_65535,0,1,137480,201,1,1,0,27,0,28,1,1,pre_allocation
59,7563,greenran_normal,0,0,65535_65535,0,1,137480,209,1,1,1,28,209,28,1,1,allocated
59,7563,greenran_normal,0,0,65535_65535,0,2,137480,201,1,1,0,27,0,28,1,1,pre_allocation
59,7563,greenran_normal,0,0,65535_65535,0,2,137480,209,1,1,1,28,209,28,1,1,allocated
59,7563,greenran_normal,0,0,65535_65535,0,5,137472,201,1,1,0,27,0,28,1,1,pre_allocation
59,7563,greenran_normal,0,0,65535_65535,0,5,137472,209,1,1,1,28,209,28,1,1,allocated
59,7563,greenran_normal,0,0,65535_65535,0,3,137471,201,1,1,0,27,0,28,1,1,pre_allocation
59,7563,greenran_normal,0,0,65535_65535,0,3,137471,209,1,1,1,28,209,28,1,1,allocated
59,7563,greenran_normal,0,0,65535_65535,0,4,139905,170,1,1,0,28,0,24,1,1,pre_allocation
59,7563,greenran_normal,0,0,65535_65535,0,4,139905,176,1,1,1,29,176,24,1,1,allocated
59,7563,greenran_normal,0,0,65535_65535,0,1,137480,209,1,1,0,28,0,28,1,1,pre_allocation
59,7563,greenran_normal,0,0,65535_65535,0,1,137480,217,1,1,1,29,217,28,1,1,allocated
59,7563,greenran_normal,0,0,65535_65535,0,2,137480,209,1,1,0,28,0,28,1,1,pre_allocation
59,7563,greenran_normal,0,0,65535_65535,0,2,137480,217,1,1,1,29,217,28,1,1,allocated
59,7563,greenran_normal,0,0,65535_65535,0,5,137472,209,1,1,0,28,0,28,1,1,pre_allocation
59,7563,greenran_normal,0,0,65535_65535,0,5,137472,217,1,1,1,29,217,28,1,1,allocated
59,7563,greenran_normal,0,0,65535_65535,0,3,137471,209,1,1,0,28,0,28,1,1,pre_allocation
59,7563,greenran_normal,0,0,65535_65535,0,3,137471,217,1,1,1,29,217,28,1,1,allocated
59,7563,greenran_normal,0,0,65535_65535,0,4,139905,176,1,1,0,29,0,24,1,1,pre_allocation
59,7563,greenran_normal,0,0,65535_65535,0,4,139905,182,1,1,1,30,182,24,1,1,allocated
59,7563,greenran_normal,0,0,65535_65535,0,1,137480,217,1,1,0,29,0,28,1,1,pre_allocation
59,7563,greenran_normal,0,0,65535_65535,0,1,137480,224,1,1,1,30,224,28,1,1,allocated
59,7563,greenran_normal,0,0,65535_65535,0,2,137480,217,1,1,0,29,0,28,1,1,pre_allocation
59,7563,greenran_normal,0,0,65535_65535,0,2,137480,224,1,1,1,30,224,28,1,1,allocated
59,7563,greenran_normal,0,0,65535_65535,0,5,137472,217,1,1,0,29,0,28,1,1,pre_allocation
59,7563,greenran_normal,0,0,65535_65535,0,5,137472,224,1,1,1,30,224,28,1,1,allocated
59,7563,greenran_normal,0,0,65535_65535,0,3,137471,217,1,1,0,29,0,28,1,1,pre_allocation
59,7563,greenran_normal,0,0,65535_65535,0,3,137471,224,1,1,1,30,224,28,1,1,allocated
59,7563,greenran_normal,0,0,65535_65535,0,4,139905,182,1,1,0,30,0,24,1,1,pre_allocation
59,7563,greenran_normal,0,0,65535_65535,0,4,139905,188,1,1,1,31,188,24,1,1,allocated
59,7563,greenran_normal,0,0,65535_65535,0,1,137480,224,1,1,0,30,0,28,1,1,pre_allocation
59,7563,greenran_normal,0,0,65535_65535,0,1,137480,232,1,1,1,31,232,28,1,1,allocated
59,7563,greenran_normal,0,0,65535_65535,0,2,137480,224,1,1,0,30,0,28,1,1,pre_allocation
59,7563,greenran_normal,0,0,65535_65535,0,2,137480,232,1,1,1,31,232,28,1,1,allocated
59,7563,greenran_normal,0,0,65535_65535,0,5,137472,224,1,1,0,30,0,28,1,1,pre_allocation
59,7563,greenran_normal,0,0,65535_65535,0,5,137472,232,1,1,1,31,232,28,1,1,allocated
59,7563,greenran_normal,0,0,65535_65535,0,3,137471,224,1,1,0,30,0,28,1,1,pre_allocation
59,7563,greenran_normal,0,0,65535_65535,0,3,137471,232,1,1,1,31,232,28,1,1,allocated
59,7563,greenran_normal,0,0,65535_65535,0,4,139905,188,1,1,0,31,0,24,1,1,pre_allocation
59,7563,greenran_normal,0,0,65535_65535,0,4,139905,195,1,1,1,32,195,24,1,1,allocated
59,7563,greenran_normal,0,0,65535_65535,0,1,137480,232,1,1,0,31,0,28,1,1,pre_allocation
59,7563,greenran_normal,0,0,65535_65535,0,1,137480,239,1,1,1,32,239,28,1,1,allocated
59,7563,greenran_normal,0,0,65535_65535,0,2,137480,232,1,1,0,31,0,28,1,1,pre_allocation
59,7563,greenran_normal,0,0,65535_65535,0,2,137480,239,1,1,1,32,239,28,1,1,allocated
59,7563,greenran_normal,0,0,65535_65535,0,5,137472,232,1,1,0,31,0,28,1,1,pre_allocation
59,7563,greenran_normal,0,0,65535_65535,0,5,137472,239,1,1,1,32,239,28,1,1,allocated
59,7563,greenran_normal,0,0,65535_65535,0,3,137471,232,1,1,0,31,0,28,1,1,pre_allocation
59,7563,greenran_normal,0,0,65535_65535,0,3,137471,239,1,1,1,32,239,28,1,1,allocated
59,7563,greenran_normal,0,0,65535_65535,2,38,4512213,0,1,1,0,0,0,2,1,1,pre_allocation
59,7563,greenran_normal,0,0,65535_65535,2,38,4512213,0,1,1,1,1,0,2,1,1,allocated
59,7563,greenran_normal,0,0,65535_65535,2,60,4511923,0,1,1,0,0,0,15,1,1,pre_allocation
59,7563,greenran_normal,0,0,65535_65535,2,60,4511923,2,1,1,1,1,2,15,1,1,allocated
59,7563,greenran_normal,0,0,65535_65535,2,64,4511599,0,1,1,0,0,0,12,1,1,pre_allocation
59,7563,greenran_normal,0,0,65535_65535,2,64,4511599,2,1,1,1,1,2,12,1,1,allocated
59,7563,greenran_normal,0,0,65535_65535,2,43,4511015,0,1,1,0,0,0,20,1,1,pre_allocation
59,7563,greenran_normal,0,0,65535_65535,2,43,4511015,1,1,1,1,1,1,20,1,1,allocated
59,7563,greenran_normal,0,0,65535_65535,2,42,4510538,0,1,1,0,0,0,20,1,1,pre_allocation
59,7563,greenran_normal,0,0,65535_65535,2,42,4510538,1,1,1,1,1,1,20,1,1,allocated
59,7563,greenran_normal,0,0,65535_65535,2,36,4510081,0,1,1,0,0,0,24,1,1,pre_allocation
59,7563,greenran_normal,0,0,65535_65535,2,36,4510081,3,1,1,1,1,3,24,1,1,allocated
59,7563,greenran_normal,0,0,65535_65535,2,59,4510023,0,1,1,0,0,0,28,1,1,pre_allocation
59,7563,greenran_normal,0,0,65535_65535,2,59,4510023,4,1,1,1,1,4,28,1,1,allocated
59,7563,greenran_normal,0,0,65535_65535,2,39,4509984,0,1,1,0,0,0,24,1,1,pre_allocation
59,7563,greenran_normal,0,0,65535_65535,2,39,4509984,3,1,1,1,1,3,24,1,1,allocated
59,7563,greenran_normal,0,0,65535_65535,2,56,4509979,0,1,1,0,0,0,28,1,1,pre_allocation
59,7563,greenran_normal,0,0,65535_65535,2,56,4509979,4,1,1,1,1,4,28,1,1,allocated
59,7563,greenran_normal,0,0,65535_65535,2,57,4509979,0,1,1,0,0,0,28,1,1,pre_allocation
59,7563,greenran_normal,0,0,65535_65535,2,57,4509979,4,1,1,1,1,4,28,1,1,allocated
59,7563,greenran_normal,0,0,65535_65535,2,40,4509981,0,1,1,0,0,0,28,1,1,pre_allocation
59,7563,greenran_normal,0,0,65535_65535,2,40,4509981,4,1,1,1,1,4,28,1,1,allocated
59,7563,greenran_normal,0,0,65535_65535,2,63,4509977,0,1,1,0,0,0,28,1,1,pre_allocation
59,7563,greenran_normal,0,0,65535_65535,2,63,4509977,4,1,1,1,1,4,28,1,1,allocated
59,7563,greenran_normal,0,0,65535_65535,2,62,4509977,0,1,1,0,0,0,28,1,1,pre_allocation
59,7563,greenran_normal,0,0,65535_65535,2,62,4509977,4,1,1,1,1,4,28,1,1,allocated
59,7563,greenran_normal,0,0,65535_65535,2,58,4510045,0,1,1,0,0,0,24,1,1,pre_allocation
59,7563,greenran_normal,0,0,65535_65535,2,58,4510045,3,1,1,1,1,3,24,1,1,allocated
59,7563,greenran_normal,0,0,65535_65535,2,61,4509976,0,1,1,0,0,0,28,1,1,pre_allocation
59,7563,greenran_normal,0,0,65535_65535,2,61,4509976,4,1,1,1,1,4,28,1,1,allocated
59,7563,greenran_normal,0,0,65535_65535,2,44,4509972,0,1,1,0,0,0,28,1,1,pre_allocation
59,7563,greenran_normal,0,0,65535_65535,2,44,4509972,4,1,1,1,1,4,28,1,1,allocated
59,7563,greenran_normal,0,0,65535_65535,2,55,4509972,0,1,1,0,0,0,28,1,1,pre_allocation
59,7563,greenran_normal,0,0,65535_65535,2,55,4509972,4,1,1,1,1,4,28,1,1,allocated
59,7563,greenran_normal,0,0,65535_65535,2,35,4509971,0,1,1,0,0,0,28,1,1,pre_allocation
59,7563,greenran_normal,0,0,65535_65535,2,35,4509971,4,1,1,1,1,4,28,1,1,allocated
59,7563,greenran_normal,0,0,65535_65535,2,37,4509974,0,1,1,0,0,0,28,1,1,pre_allocation
59,7563,greenran_normal,0,0,65535_65535,2,37,4509974,4,1,1,1,1,4,28,1,1,allocated
59,7563,greenran_normal,0,0,65535_65535,2,41,4509974,0,1,1,0,0,0,28,1,1,pre_allocation
59,7563,greenran_normal,0,0,65535_65535,2,41,4509974,4,1,1,1,1,4,28,1,1,allocated
59,7563,greenran_normal,0,0,65535_65535,2,38,4512213,0,1,1,0,1,0,2,1,1,pre_allocation
59,7563,greenran_normal,0,0,65535_65535,2,38,4512213,0,1,1,1,2,0,2,1,1,allocated
59,7563,greenran_normal,0,0,65535_65535,2,60,4511923,2,1,1,0,1,0,15,1,1,pre_allocation
59,7563,greenran_normal,0,0,65535_65535,2,60,4511923,2,1,1,1,2,2,15,1,1,allocated
59,7563,greenran_normal,0,0,65535_65535,2,64,4511599,2,1,1,0,1,0,12,1,1,pre_allocation
59,7563,greenran_normal,0,0,65535_65535,2,64,4511599,1,1,1,1,2,1,12,1,1,allocated
59,7563,greenran_normal,0,0,65535_65535,2,43,4511015,1,1,1,0,1,0,20,1,1,pre_allocation
59,7563,greenran_normal,0,0,65535_65535,2,43,4511015,6,1,1,1,2,6,20,1,1,allocated
59,7563,greenran_normal,0,0,65535_65535,2,42,4510538,1,1,1,0,1,0,20,1,1,pre_allocation
59,7563,greenran_normal,0,0,65535_65535,2,42,4510538,6,1,1,1,2,6,20,1,1,allocated
59,7563,greenran_normal,0,0,65535_65535,2,36,4510081,3,1,1,0,1,0,24,1,1,pre_allocation
59,7563,greenran_normal,0,0,65535_65535,2,36,4510081,9,1,1,1,2,9,24,1,1,allocated
59,7563,greenran_normal,0,0,65535_65535,2,59,4510023,4,1,1,0,1,0,28,1,1,pre_allocation
59,7563,greenran_normal,0,0,65535_65535,2,59,4510023,12,1,1,1,2,12,28,1,1,allocated
59,7563,greenran_normal,0,0,65535_65535,2,39,4509984,3,1,1,0,1,0,24,1,1,pre_allocation
59,7563,greenran_normal,0,0,65535_65535,2,39,4509984,9,1,1,1,2,9,24,1,1,allocated
59,7563,greenran_normal,0,0,65535_65535,2,56,4509979,4,1,1,0,1,0,28,1,1,pre_allocation
59,7563,greenran_normal,0,0,65535_65535,2,56,4509979,12,1,1,1,2,12,28,1,1,allocated
59,7563,greenran_normal,0,0,65535_65535,2,57,4509979,4,1,1,0,1,0,28,1,1,pre_allocation
59,7563,greenran_normal,0,0,65535_65535,2,57,4509979,12,1,1,1,2,12,28,1,1,allocated
59,7563,greenran_normal,0,0,65535_65535,2,40,4509981,4,1,1,0,1,0,28,1,1,pre_allocation
59,7563,greenran_normal,0,0,65535_65535,2,40,4509981,12,1,1,1,2,12,28,1,1,allocated
59,7563,greenran_normal,0,0,65535_65535,2,63,4509977,4,1,1,0,1,0,28,1,1,pre_allocation
59,7563,greenran_normal,0,0,65535_65535,2,63,4509977,12,1,1,1,2,12,28,1,1,allocated
59,7563,greenran_normal,0,0,65535_65535,2,62,4509977,4,1,1,0,1,0,28,1,1,pre_allocation
59,7563,greenran_normal,0,0,65535_65535,2,62,4509977,12,1,1,1,2,12,28,1,1,allocated
59,7563,greenran_normal,0,0,65535_65535,2,58,4510045,3,1,1,0,1,0,24,1,1,pre_allocation
59,7563,greenran_normal,0,0,65535_65535,2,58,4510045,9,1,1,1,2,9,24,1,1,allocated
59,7563,greenran_normal,0,0,65535_65535,2,61,4509976,4,1,1,0,1,0,28,1,1,pre_allocation
59,7563,greenran_normal,0,0,65535_65535,2,61,4509976,12,1,1,1,2,12,28,1,1,allocated
59,7563,greenran_normal,0,0,65535_65535,2,44,4509972,4,1,1,0,1,0,28,1,1,pre_allocation
59,7563,greenran_normal,0,0,65535_65535,2,44,4509972,12,1,1,1,2,12,28,1,1,allocated
59,7563,greenran_normal,0,0,65535_65535,2,55,4509972,4,1,1,0,1,0,28,1,1,pre_allocation
59,7563,greenran_normal,0,0,65535_65535,2,55,4509972,12,1,1,1,2,12,28,1,1,allocated
59,7563,greenran_normal,0,0,65535_65535,2,35,4509971,4,1,1,0,1,0,28,1,1,pre_allocation
59,7563,greenran_normal,0,0,65535_65535,2,35,4509971,12,1,1,1,2,12,28,1,1,allocated
59,7563,greenran_normal,0,0,65535_65535,2,37,4509974,4,1,1,0,1,0,28,1,1,pre_allocation
59,7563,greenran_normal,0,0,65535_65535,2,37,4509974,12,1,1,1,2,12,28,1,1,allocated
59,7563,greenran_normal,0,0,65535_65535,2,41,4509974,4,1,1,0,1,0,28,1,1,pre_allocation
59,7563,greenran_normal,0,0,65535_65535,2,41,4509974,12,1,1,1,2,12,28,1,1,allocated
59,7563,greenran_normal,0,0,65535_65535,2,38,4512213,0,1,1,0,2,0,2,1,1,pre_allocation
59,7563,greenran_normal,0,0,65535_65535,2,38,4512213,0,1,1,1,3,0,2,1,1,allocated
59,7563,greenran_normal,0,0,65535_65535,2,60,4511923,2,1,1,0,2,0,15,1,1,pre_allocation
59,7563,greenran_normal,0,0,65535_65535,2,60,4511923,5,1,1,1,3,5,15,1,1,allocated
59,7563,greenran_normal,0,0,65535_65535,2,64,4511599,1,1,1,0,2,0,12,1,1,pre_allocation
59,7563,greenran_normal,0,0,65535_65535,2,64,4511599,3,1,1,1,3,3,12,1,1,allocated
59,7563,greenran_normal,0,0,65535_65535,2,43,4511015,6,1,1,0,2,0,20,1,1,pre_allocation
59,7563,greenran_normal,0,0,65535_65535,2,43,4511015,10,1,1,1,3,10,20,1,1,allocated
59,7563,greenran_normal,0,0,65535_65535,2,42,4510538,6,1,1,0,2,0,20,1,1,pre_allocation
59,7563,greenran_normal,0,0,65535_65535,2,42,4510538,10,1,1,1,3,10,20,1,1,allocated
59,7563,greenran_normal,0,0,65535_65535,2,36,4510081,9,1,1,0,2,0,24,1,1,pre_allocation
59,7563,greenran_normal,0,0,65535_65535,2,36,4510081,15,1,1,1,3,15,24,1,1,allocated
59,7563,greenran_normal,0,0,65535_65535,2,59,4510023,12,1,1,0,2,0,28,1,1,pre_allocation
59,7563,greenran_normal,0,0,65535_65535,2,59,4510023,19,1,1,1,3,19,28,1,1,allocated
59,7563,greenran_normal,0,0,65535_65535,2,39,4509984,9,1,1,0,2,0,24,1,1,pre_allocation
59,7563,greenran_normal,0,0,65535_65535,2,39,4509984,15,1,1,1,3,15,24,1,1,allocated
59,7563,greenran_normal,0,0,65535_65535,2,56,4509979,12,1,1,0,2,0,28,1,1,pre_allocation
59,7563,greenran_normal,0,0,65535_65535,2,56,4509979,19,1,1,1,3,19,28,1,1,allocated
59,7563,greenran_normal,0,0,65535_65535,2,57,4509979,12,1,1,0,2,0,28,1,1,pre_allocation
59,7563,greenran_normal,0,0,65535_65535,2,57,4509979,19,1,1,1,3,19,28,1,1,allocated
59,7563,greenran_normal,0,0,65535_65535,2,40,4509981,12,1,1,0,2,0,28,1,1,pre_allocation
59,7563,greenran_normal,0,0,65535_65535,2,40,4509981,19,1,1,1,3,19,28,1,1,allocated
59,7563,greenran_normal,0,0,65535_65535,2,63,4509977,12,1,1,0,2,0,28,1,1,pre_allocation
59,7563,greenran_normal,0,0,65535_65535,2,63,4509977,19,1,1,1,3,19,28,1,1,allocated
59,7563,greenran_normal,0,0,65535_65535,2,62,4509977,12,1,1,0,2,0,28,1,1,pre_allocation
59,7563,greenran_normal,0,0,65535_65535,2,62,4509977,19,1,1,1,3,19,28,1,1,allocated
59,7563,greenran_normal,0,0,65535_65535,2,58,4510045,9,1,1,0,2,0,24,1,1,pre_allocation
59,7563,greenran_normal,0,0,65535_65535,2,58,4510045,15,1,1,1,3,15,24,1,1,allocated
59,7563,greenran_normal,0,0,65535_65535,2,61,4509976,12,1,1,0,2,0,28,1,1,pre_allocation
59,7563,greenran_normal,0,0,65535_65535,2,61,4509976,19,1,1,1,3,19,28,1,1,allocated
59,7563,greenran_normal,0,0,65535_65535,2,44,4509972,12,1,1,0,2,0,28,1,1,pre_allocation
59,7563,greenran_normal,0,0,65535_65535,2,44,4509972,19,1,1,1,3,19,28,1,1,allocated
59,7563,greenran_normal,0,0,65535_65535,2,55,4509972,12,1,1,0,2,0,28,1,1,pre_allocation
59,7563,greenran_normal,0,0,65535_65535,2,55,4509972,19,1,1,1,3,19,28,1,1,allocated
59,7563,greenran_normal,0,0,65535_65535,2,35,4509971,12,1,1,0,2,0,28,1,1,pre_allocation
59,7563,greenran_normal,0,0,65535_65535,2,35,4509971,19,1,1,1,3,19,28,1,1,allocated
59,7563,greenran_normal,0,0,65535_65535,2,37,4509974,12,1,1,0,2,0,28,1,1,pre_allocation
59,7563,greenran_normal,0,0,65535_65535,2,37,4509974,19,1,1,1,3,19,28,1,1,allocated
59,7563,greenran_normal,0,0,65535_65535,2,41,4509974,12,1,1,0,2,0,28,1,1,pre_allocation
59,7563,greenran_normal,0,0,65535_65535,2,41,4509974,19,1,1,1,3,19,28,1,1,allocated
59,7563,greenran_normal,0,0,65535_65535,2,38,4512213,0,1,1,0,3,0,2,1,1,pre_allocation
59,7563,greenran_normal,0,0,65535_65535,2,38,4512213,1,1,1,1,4,1,2,1,1,allocated
59,7563,greenran_normal,0,0,65535_65535,2,60,4511923,5,1,1,0,3,0,15,1,1,pre_allocation
59,7563,greenran_normal,0,0,65535_65535,2,60,4511923,8,1,1,1,4,8,15,1,1,allocated
59,7563,greenran_normal,0,0,65535_65535,2,64,4511599,3,1,1,0,3,0,12,1,1,pre_allocation
59,7563,greenran_normal,0,0,65535_65535,2,64,4511599,5,1,1,1,4,5,12,1,1,allocated
59,7563,greenran_normal,0,0,65535_65535,2,43,4511015,10,1,1,0,3,0,20,1,1,pre_allocation
59,7563,greenran_normal,0,0,65535_65535,2,43,4511015,15,1,1,1,4,15,20,1,1,allocated
59,7563,greenran_normal,0,0,65535_65535,2,42,4510538,10,1,1,0,3,0,20,1,1,pre_allocation
59,7563,greenran_normal,0,0,65535_65535,2,42,4510538,15,1,1,1,4,15,20,1,1,allocated
59,7563,greenran_normal,0,0,65535_65535,2,36,4510081,15,1,1,0,3,0,24,1,1,pre_allocation
59,7563,greenran_normal,0,0,65535_65535,2,36,4510081,21,1,1,1,4,21,24,1,1,allocated
59,7563,greenran_normal,0,0,65535_65535,2,59,4510023,19,1,1,0,3,0,28,1,1,pre_allocation
59,7563,greenran_normal,0,0,65535_65535,2,59,4510023,27,1,1,1,4,27,28,1,1,allocated
59,7563,greenran_normal,0,0,65535_65535,2,39,4509984,15,1,1,0,3,0,24,1,1,pre_allocation
59,7563,greenran_normal,0,0,65535_65535,2,39,4509984,21,1,1,1,4,21,24,1,1,allocated
59,7563,greenran_normal,0,0,65535_65535,2,56,4509979,19,1,1,0,3,0,28,1,1,pre_allocation
59,7563,greenran_normal,0,0,65535_65535,2,56,4509979,27,1,1,1,4,27,28,1,1,allocated
59,7563,greenran_normal,0,0,65535_65535,2,57,4509979,19,1,1,0,3,0,28,1,1,pre_allocation
59,7563,greenran_normal,0,0,65535_65535,2,57,4509979,27,1,1,1,4,27,28,1,1,allocated
59,7563,greenran_normal,0,0,65535_65535,2,40,4509981,19,1,1,0,3,0,28,1,1,pre_allocation
59,7563,greenran_normal,0,0,65535_65535,2,40,4509981,27,1,1,1,4,27,28,1,1,allocated
59,7563,greenran_normal,0,0,65535_65535,2,63,4509977,19,1,1,0,3,0,28,1,1,pre_allocation
59,7563,greenran_normal,0,0,65535_65535,2,63,4509977,27,1,1,1,4,27,28,1,1,allocated
59,7563,greenran_normal,0,0,65535_65535,2,62,4509977,19,1,1,0,3,0,28,1,1,pre_allocation
59,7563,greenran_normal,0,0,65535_65535,2,62,4509977,27,1,1,1,4,27,28,1,1,allocated
59,7563,greenran_normal,0,0,65535_65535,2,58,4510045,15,1,1,0,3,0,24,1,1,pre_allocation
59,7563,greenran_normal,0,0,65535_65535,2,58,4510045,21,1,1,1,4,21,24,1,1,allocated
59,7563,greenran_normal,0,0,65535_65535,2,61,4509976,19,1,1,0,3,0,28,1,1,pre_allocation
59,7563,greenran_normal,0,0,65535_65535,2,61,4509976,27,1,1,1,4,27,28,1,1,allocated
59,7563,greenran_normal,0,0,65535_65535,2,44,4509972,19,1,1,0,3,0,28,1,1,pre_allocation
59,7563,greenran_normal,0,0,65535_65535,2,44,4509972,27,1,1,1,4,27,28,1,1,allocated
59,7563,greenran_normal,0,0,65535_65535,2,55,4509972,19,1,1,0,3,0,28,1,1,pre_allocation
59,7563,greenran_normal,0,0,65535_65535,2,55,4509972,27,1,1,1,4,27,28,1,1,allocated
59,7563,greenran_normal,0,0,65535_65535,2,35,4509971,19,1,1,0,3,0,28,1,1,pre_allocation
59,7563,greenran_normal,0,0,65535_65535,2,35,4509971,27,1,1,1,4,27,28,1,1,allocated
59,7563,greenran_normal,0,0,65535_65535,2,37,4509974,19,1,1,0,3,0,28,1,1,pre_allocation
59,7563,greenran_normal,0,0,65535_65535,2,37,4509974,27,1,1,1,4,27,28,1,1,allocated
59,7563,greenran_normal,0,0,65535_65535,2,41,4509974,19,1,1,0,3,0,28,1,1,pre_allocation
59,7563,greenran_normal,0,0,65535_65535,2,41,4509974,27,1,1,1,4,27,28,1,1,allocated
59,7563,greenran_normal,0,0,65535_65535,2,38,4512213,1,1,1,0,4,0,2,1,1,pre_allocation
59,7563,greenran_normal,0,0,65535_65535,2,38,4512213,1,1,1,1,5,1,2,1,1,allocated
59,7563,greenran_normal,0,0,65535_65535,2,60,4511923,8,1,1,0,4,0,15,1,1,pre_allocation
59,7563,greenran_normal,0,0,65535_65535,2,60,4511923,11,1,1,1,5,11,15,1,1,allocated
59,7563,greenran_normal,0,0,65535_65535,2,64,4511599,5,1,1,0,4,0,12,1,1,pre_allocation
59,7563,greenran_normal,0,0,65535_65535,2,64,4511599,7,1,1,1,5,7,12,1,1,allocated
59,7563,greenran_normal,0,0,65535_65535,2,43,4511015,15,1,1,0,4,0,20,1,1,pre_allocation
59,7563,greenran_normal,0,0,65535_65535,2,43,4511015,19,1,1,1,5,19,20,1,1,allocated
59,7563,greenran_normal,0,0,65535_65535,2,42,4510538,15,1,1,0,4,0,20,1,1,pre_allocation
59,7563,greenran_normal,0,0,65535_65535,2,42,4510538,19,1,1,1,5,19,20,1,1,allocated
59,7563,greenran_normal,0,0,65535_65535,2,36,4510081,21,1,1,0,4,0,24,1,1,pre_allocation
59,7563,greenran_normal,0,0,65535_65535,2,36,4510081,27,1,1,1,5,27,24,1,1,allocated
59,7563,greenran_normal,0,0,65535_65535,2,59,4510023,27,1,1,0,4,0,28,1,1,pre_allocation
59,7563,greenran_normal,0,0,65535_65535,2,59,4510023,34,1,1,1,5,34,28,1,1,allocated
59,7563,greenran_normal,0,0,65535_65535,2,39,4509984,21,1,1,0,4,0,24,1,1,pre_allocation
59,7563,greenran_normal,0,0,65535_65535,2,39,4509984,27,1,1,1,5,27,24,1,1,allocated
59,7563,greenran_normal,0,0,65535_65535,2,56,4509979,27,1,1,0,4,0,28,1,1,pre_allocation
59,7563,greenran_normal,0,0,65535_65535,2,56,4509979,34,1,1,1,5,34,28,1,1,allocated
59,7563,greenran_normal,0,0,65535_65535,2,57,4509979,27,1,1,0,4,0,28,1,1,pre_allocation
59,7563,greenran_normal,0,0,65535_65535,2,57,4509979,34,1,1,1,5,34,28,1,1,allocated
59,7563,greenran_normal,0,0,65535_65535,2,40,4509981,27,1,1,0,4,0,28,1,1,pre_allocation
59,7563,greenran_normal,0,0,65535_65535,2,40,4509981,34,1,1,1,5,34,28,1,1,allocated
59,7563,greenran_normal,0,0,65535_65535,2,63,4509977,27,1,1,0,4,0,28,1,1,pre_allocation
59,7563,greenran_normal,0,0,65535_65535,2,63,4509977,34,1,1,1,5,34,28,1,1,allocated
59,7563,greenran_normal,0,0,65535_65535,2,62,4509977,27,1,1,0,4,0,28,1,1,pre_allocation
59,7563,greenran_normal,0,0,65535_65535,2,62,4509977,34,1,1,1,5,34,28,1,1,allocated
59,7563,greenran_normal,0,0,65535_65535,2,58,4510045,21,1,1,0,4,0,24,1,1,pre_allocation
59,7563,greenran_normal,0,0,65535_65535,2,58,4510045,27,1,1,1,5,27,24,1,1,allocated
59,7563,greenran_normal,0,0,65535_65535,2,61,4509976,27,1,1,0,4,0,28,1,1,pre_allocation
59,7563,greenran_normal,0,0,65535_65535,2,61,4509976,34,1,1,1,5,34,28,1,1,allocated
59,7563,greenran_normal,0,0,65535_65535,2,44,4509972,27,1,1,0,4,0,28,1,1,pre_allocation
59,7563,greenran_normal,0,0,65535_65535,2,44,4509972,34,1,1,1,5,34,28,1,1,allocated
59,7563,greenran_normal,0,0,65535_65535,2,55,4509972,27,1,1,0,4,0,28,1,1,pre_allocation
59,7563,greenran_normal,0,0,65535_65535,2,55,4509972,34,1,1,1,5,34,28,1,1,allocated
59,7563,greenran_normal,0,0,65535_65535,2,35,4509971,27,1,1,0,4,0,28,1,1,pre_allocation
59,7563,greenran_normal,0,0,65535_65535,2,35,4509971,34,1,1,1,5,34,28,1,1,allocated
59,7563,greenran_normal,0,0,65535_65535,2,37,4509974,27,1,1,0,4,0,28,1,1,pre_allocation
59,7563,greenran_normal,0,0,65535_65535,2,37,4509974,34,1,1,1,5,34,28,1,1,allocated
59,7563,greenran_normal,0,0,65535_65535,2,41,4509974,27,1,1,0,4,0,28,1,1,pre_allocation
59,7563,greenran_normal,0,0,65535_65535,2,41,4509974,34,1,1,1,5,34,28,1,1,allocated
59,7563,greenran_normal,0,0,65535_65535,2,38,4512213,1,1,1,0,5,0,2,1,1,pre_allocation
59,7563,greenran_normal,0,0,65535_65535,2,38,4512213,1,1,1,1,6,1,2,1,1,allocated
59,7563,greenran_normal,0,0,65535_65535,2,60,4511923,11,1,1,0,5,0,15,1,1,pre_allocation
59,7563,greenran_normal,0,0,65535_65535,2,60,4511923,14,1,1,1,6,14,15,1,1,allocated
59,7563,greenran_normal,0,0,65535_65535,2,64,4511599,7,1,1,0,5,0,12,1,1,pre_allocation
59,7563,greenran_normal,0,0,65535_65535,2,64,4511599,9,1,1,1,6,9,12,1,1,allocated
59,7563,greenran_normal,0,0,65535_65535,2,43,4511015,19,1,1,0,5,0,20,1,1,pre_allocation
59,7563,greenran_normal,0,0,65535_65535,2,43,4511015,24,1,1,1,6,24,20,1,1,allocated
59,7563,greenran_normal,0,0,65535_65535,2,42,4510538,19,1,1,0,5,0,20,1,1,pre_allocation
59,7563,greenran_normal,0,0,65535_65535,2,42,4510538,24,1,1,1,6,24,20,1,1,allocated
59,7563,greenran_normal,0,0,65535_65535,2,36,4510081,27,1,1,0,5,0,24,1,1,pre_allocation
59,7563,greenran_normal,0,0,65535_65535,2,36,4510081,34,1,1,1,6,34,24,1,1,allocated
61,7727,greenran_normal,0,0,65535_65535,0,4,143088,0,1,1,0,0,0,24,1,1,pre_allocation
61,7727,greenran_normal,0,0,65535_65535,0,4,143088,3,1,1,1,1,3,24,1,1,allocated
61,7727,greenran_normal,0,0,65535_65535,0,1,140574,0,1,1,0,0,0,28,1,1,pre_allocation
61,7727,greenran_normal,0,0,65535_65535,0,1,140574,4,1,1,1,1,4,28,1,1,allocated
61,7727,greenran_normal,0,0,65535_65535,0,2,140574,0,1,1,0,0,0,28,1,1,pre_allocation
61,7727,greenran_normal,0,0,65535_65535,0,2,140574,4,1,1,1,1,4,28,1,1,allocated
61,7727,greenran_normal,0,0,65535_65535,0,5,140566,0,1,1,0,0,0,28,1,1,pre_allocation
61,7727,greenran_normal,0,0,65535_65535,0,5,140566,4,1,1,1,1,4,28,1,1,allocated
61,7727,greenran_normal,0,0,65535_65535,0,3,140565,0,1,1,0,0,0,28,1,1,pre_allocation
61,7727,greenran_normal,0,0,65535_65535,0,3,140565,4,1,1,1,1,4,28,1,1,allocated
61,7727,greenran_normal,0,0,65535_65535,0,4,143088,3,1,1,0,1,0,24,1,1,pre_allocation
61,7727,greenran_normal,0,0,65535_65535,0,4,143088,9,1,1,1,2,9,24,1,1,allocated
61,7727,greenran_normal,0,0,65535_65535,0,1,140574,4,1,1,0,1,0,28,1,1,pre_allocation
61,7727,greenran_normal,0,0,65535_65535,0,1,140574,12,1,1,1,2,12,28,1,1,allocated
61,7727,greenran_normal,0,0,65535_65535,0,2,140574,4,1,1,0,1,0,28,1,1,pre_allocation
61,7727,greenran_normal,0,0,65535_65535,0,2,140574,12,1,1,1,2,12,28,1,1,allocated
61,7727,greenran_normal,0,0,65535_65535,0,5,140566,4,1,1,0,1,0,28,1,1,pre_allocation
61,7727,greenran_normal,0,0,65535_65535,0,5,140566,12,1,1,1,2,12,28,1,1,allocated
61,7727,greenran_normal,0,0,65535_65535,0,3,140565,4,1,1,0,1,0,28,1,1,pre_allocation
61,7727,greenran_normal,0,0,65535_65535,0,3,140565,12,1,1,1,2,12,28,1,1,allocated
61,7727,greenran_normal,0,0,65535_65535,0,4,143088,9,1,1,0,2,0,24,1,1,pre_allocation
61,7727,greenran_normal,0,0,65535_65535,0,4,143088,15,1,1,1,3,15,24,1,1,allocated
61,7727,greenran_normal,0,0,65535_65535,0,1,140574,12,1,1,0,2,0,28,1,1,pre_allocation
61,7727,greenran_normal,0,0,65535_65535,0,1,140574,19,1,1,1,3,19,28,1,1,allocated
61,7727,greenran_normal,0,0,65535_65535,0,2,140574,12,1,1,0,2,0,28,1,1,pre_allocation
61,7727,greenran_normal,0,0,65535_65535,0,2,140574,19,1,1,1,3,19,28,1,1,allocated
61,7727,greenran_normal,0,0,65535_65535,0,5,140566,12,1,1,0,2,0,28,1,1,pre_allocation
61,7727,greenran_normal,0,0,65535_65535,0,5,140566,19,1,1,1,3,19,28,1,1,allocated
61,7727,greenran_normal,0,0,65535_65535,0,3,140565,12,1,1,0,2,0,28,1,1,pre_allocation
61,7727,greenran_normal,0,0,65535_65535,0,3,140565,19,1,1,1,3,19,28,1,1,allocated
61,7727,greenran_normal,0,0,65535_65535,0,4,143088,15,1,1,0,3,0,24,1,1,pre_allocation
61,7727,greenran_normal,0,0,65535_65535,0,4,143088,21,1,1,1,4,21,24,1,1,allocated
61,7727,greenran_normal,0,0,65535_65535,0,1,140574,19,1,1,0,3,0,28,1,1,pre_allocation
61,7727,greenran_normal,0,0,65535_65535,0,1,140574,27,1,1,1,4,27,28,1,1,allocated
61,7727,greenran_normal,0,0,65535_65535,0,2,140574,19,1,1,0,3,0,28,1,1,pre_allocation
61,7727,greenran_normal,0,0,65535_65535,0,2,140574,27,1,1,1,4,27,28,1,1,allocated
61,7727,greenran_normal,0,0,65535_65535,0,5,140566,19,1,1,0,3,0,28,1,1,pre_allocation
61,7727,greenran_normal,0,0,65535_65535,0,5,140566,27,1,1,1,4,27,28,1,1,allocated
61,7727,greenran_normal,0,0,65535_65535,0,3,140565,19,1,1,0,3,0,28,1,1,pre_allocation
61,7727,greenran_normal,0,0,65535_65535,0,3,140565,27,1,1,1,4,27,28,1,1,allocated
61,7727,greenran_normal,0,0,65535_65535,0,4,143088,21,1,1,0,4,0,24,1,1,pre_allocation
61,7727,greenran_normal,0,0,65535_65535,0,4,143088,27,1,1,1,5,27,24,1,1,allocated
61,7727,greenran_normal,0,0,65535_65535,0,1,140574,27,1,1,0,4,0,28,1,1,pre_allocation
61,7727,greenran_normal,0,0,65535_65535,0,1,140574,34,1,1,1,5,34,28,1,1,allocated
61,7727,greenran_normal,0,0,65535_65535,0,2,140574,27,1,1,0,4,0,28,1,1,pre_allocation
61,7727,greenran_normal,0,0,65535_65535,0,2,140574,34,1,1,1,5,34,28,1,1,allocated
61,7727,greenran_normal,0,0,65535_65535,0,5,140566,27,1,1,0,4,0,28,1,1,pre_allocation
61,7727,greenran_normal,0,0,65535_65535,0,5,140566,34,1,1,1,5,34,28,1,1,allocated
61,7727,greenran_normal,0,0,65535_65535,0,3,140565,27,1,1,0,4,0,28,1,1,pre_allocation
61,7727,greenran_normal,0,0,65535_65535,0,3,140565,34,1,1,1,5,34,28,1,1,allocated
61,7727,greenran_normal,0,0,65535_65535,0,4,143088,27,1,1,0,5,0,24,1,1,pre_allocation
61,7727,greenran_normal,0,0,65535_65535,0,4,143088,34,1,1,1,6,34,24,1,1,allocated
61,7727,greenran_normal,0,0,65535_65535,0,1,140574,34,1,1,0,5,0,28,1,1,pre_allocation
61,7727,greenran_normal,0,0,65535_65535,0,1,140574,42,1,1,1,6,42,28,1,1,allocated
61,7727,greenran_normal,0,0,65535_65535,0,2,140574,34,1,1,0,5,0,28,1,1,pre_allocation
61,7727,greenran_normal,0,0,65535_65535,0,2,140574,42,1,1,1,6,42,28,1,1,allocated
61,7727,greenran_normal,0,0,65535_65535,0,5,140566,34,1,1,0,5,0,28,1,1,pre_allocation
61,7727,greenran_normal,0,0,65535_65535,0,5,140566,42,1,1,1,6,42,28,1,1,allocated
61,7727,greenran_normal,0,0,65535_65535,0,3,140565,34,1,1,0,5,0,28,1,1,pre_allocation
61,7727,greenran_normal,0,0,65535_65535,0,3,140565,42,1,1,1,6,42,28,1,1,allocated
61,7727,greenran_normal,0,0,65535_65535,0,4,143088,34,1,1,0,6,0,24,1,1,pre_allocation
61,7727,greenran_normal,0,0,65535_65535,0,4,143088,40,1,1,1,7,40,24,1,1,allocated
61,7727,greenran_normal,0,0,65535_65535,0,1,140574,42,1,1,0,6,0,28,1,1,pre_allocation
61,7727,greenran_normal,0,0,65535_65535,0,1,140574,50,1,1,1,7,50,28,1,1,allocated
61,7727,greenran_normal,0,0,65535_65535,0,2,140574,42,1,1,0,6,0,28,1,1,pre_allocation
61,7727,greenran_normal,0,0,65535_65535,0,2,140574,50,1,1,1,7,50,28,1,1,allocated
61,7727,greenran_normal,0,0,65535_65535,0,5,140566,42,1,1,0,6,0,28,1,1,pre_allocation
61,7727,greenran_normal,0,0,65535_65535,0,5,140566,50,1,1,1,7,50,28,1,1,allocated
61,7727,greenran_normal,0,0,65535_65535,0,3,140565,42,1,1,0,6,0,28,1,1,pre_allocation
61,7727,greenran_normal,0,0,65535_65535,0,3,140565,50,1,1,1,7,50,28,1,1,allocated
61,7727,greenran_normal,0,0,65535_65535,0,4,143088,40,1,1,0,7,0,24,1,1,pre_allocation
61,7727,greenran_normal,0,0,65535_65535,0,4,143088,46,1,1,1,8,46,24,1,1,allocated
61,7727,greenran_normal,0,0,65535_65535,0,1,140574,50,1,1,0,7,0,28,1,1,pre_allocation
61,7727,greenran_normal,0,0,65535_65535,0,1,140574,57,1,1,1,8,57,28,1,1,allocated
61,7727,greenran_normal,0,0,65535_65535,0,2,140574,50,1,1,0,7,0,28,1,1,pre_allocation
61,7727,greenran_normal,0,0,65535_65535,0,2,140574,57,1,1,1,8,57,28,1,1,allocated
61,7727,greenran_normal,0,0,65535_65535,0,5,140566,50,1,1,0,7,0,28,1,1,pre_allocation
61,7727,greenran_normal,0,0,65535_65535,0,5,140566,57,1,1,1,8,57,28,1,1,allocated
61,7727,greenran_normal,0,0,65535_65535,0,3,140565,50,1,1,0,7,0,28,1,1,pre_allocation
61,7727,greenran_normal,0,0,65535_65535,0,3,140565,57,1,1,1,8,57,28,1,1,allocated
61,7727,greenran_normal,0,0,65535_65535,0,4,143088,46,1,1,0,8,0,24,1,1,pre_allocation
61,7727,greenran_normal,0,0,65535_65535,0,4,143088,52,1,1,1,9,52,24,1,1,allocated
61,7727,greenran_normal,0,0,65535_65535,0,1,140574,57,1,1,0,8,0,28,1,1,pre_allocation
61,7727,greenran_normal,0,0,65535_65535,0,1,140574,65,1,1,1,9,65,28,1,1,allocated
61,7727,greenran_normal,0,0,65535_65535,0,2,140574,57,1,1,0,8,0,28,1,1,pre_allocation
61,7727,greenran_normal,0,0,65535_65535,0,2,140574,65,1,1,1,9,65,28,1,1,allocated
61,7727,greenran_normal,0,0,65535_65535,0,5,140566,57,1,1,0,8,0,28,1,1,pre_allocation
61,7727,greenran_normal,0,0,65535_65535,0,5,140566,65,1,1,1,9,65,28,1,1,allocated
61,7727,greenran_normal,0,0,65535_65535,0,3,140565,57,1,1,0,8,0,28,1,1,pre_allocation
61,7727,greenran_normal,0,0,65535_65535,0,3,140565,65,1,1,1,9,65,28,1,1,allocated
61,7727,greenran_normal,0,0,65535_65535,0,4,143088,52,1,1,0,9,0,24,1,1,pre_allocation
61,7727,greenran_normal,0,0,65535_65535,0,4,143088,58,1,1,1,10,58,24,1,1,allocated
61,7727,greenran_normal,0,0,65535_65535,0,1,140574,65,1,1,0,9,0,28,1,1,pre_allocation
61,7727,greenran_normal,0,0,65535_65535,0,1,140574,72,1,1,1,10,72,28,1,1,allocated
61,7727,greenran_normal,0,0,65535_65535,0,2,140574,65,1,1,0,9,0,28,1,1,pre_allocation
61,7727,greenran_normal,0,0,65535_65535,0,2,140574,72,1,1,1,10,72,28,1,1,allocated
61,7727,greenran_normal,0,0,65535_65535,0,5,140566,65,1,1,0,9,0,28,1,1,pre_allocation
61,7727,greenran_normal,0,0,65535_65535,0,5,140566,72,1,1,1,10,72,28,1,1,allocated
61,7727,greenran_normal,0,0,65535_65535,0,3,140565,65,1,1,0,9,0,28,1,1,pre_allocation
61,7727,greenran_normal,0,0,65535_65535,0,3,140565,72,1,1,1,10,72,28,1,1,allocated
61,7727,greenran_normal,0,0,65535_65535,0,4,143088,58,1,1,0,10,0,24,1,1,pre_allocation
61,7727,greenran_normal,0,0,65535_65535,0,4,143088,65,1,1,1,11,65,24,1,1,allocated
61,7727,greenran_normal,0,0,65535_65535,0,1,140574,72,1,1,0,10,0,28,1,1,pre_allocation
61,7727,greenran_normal,0,0,65535_65535,0,1,140574,80,1,1,1,11,80,28,1,1,allocated
61,7727,greenran_normal,0,0,65535_65535,0,2,140574,72,1,1,0,10,0,28,1,1,pre_allocation
61,7727,greenran_normal,0,0,65535_65535,0,2,140574,80,1,1,1,11,80,28,1,1,allocated
61,7727,greenran_normal,0,0,65535_65535,0,5,140566,72,1,1,0,10,0,28,1,1,pre_allocation
61,7727,greenran_normal,0,0,65535_65535,0,5,140566,80,1,1,1,11,80,28,1,1,allocated
61,7727,greenran_normal,0,0,65535_65535,0,3,140565,72,1,1,0,10,0,28,1,1,pre_allocation
61,7727,greenran_normal,0,0,65535_65535,0,3,140565,80,1,1,1,11,80,28,1,1,allocated
61,7727,greenran_normal,0,0,65535_65535,0,4,143088,65,1,1,0,11,0,24,1,1,pre_allocation
61,7727,greenran_normal,0,0,65535_65535,0,4,143088,71,1,1,1,12,71,24,1,1,allocated
61,7727,greenran_normal,0,0,65535_65535,0,1,140574,80,1,1,0,11,0,28,1,1,pre_allocation
61,7727,greenran_normal,0,0,65535_65535,0,1,140574,88,1,1,1,12,88,28,1,1,allocated
61,7727,greenran_normal,0,0,65535_65535,0,2,140574,80,1,1,0,11,0,28,1,1,pre_allocation
61,7727,greenran_normal,0,0,65535_65535,0,2,140574,88,1,1,1,12,88,28,1,1,allocated
61,7727,greenran_normal,0,0,65535_65535,0,5,140566,80,1,1,0,11,0,28,1,1,pre_allocation
61,7727,greenran_normal,0,0,65535_65535,0,5,140566,88,1,1,1,12,88,28,1,1,allocated
61,7727,greenran_normal,0,0,65535_65535,0,3,140565,80,1,1,0,11,0,28,1,1,pre_allocation
61,7727,greenran_normal,0,0,65535_65535,0,3,140565,88,1,1,1,12,88,28,1,1,allocated
61,7727,greenran_normal,0,0,65535_65535,0,4,143088,71,1,1,0,12,0,24,1,1,pre_allocation
61,7727,greenran_normal,0,0,65535_65535,0,4,143088,77,1,1,1,13,77,24,1,1,allocated
61,7727,greenran_normal,0,0,65535_65535,0,1,140574,88,1,1,0,12,0,28,1,1,pre_allocation
61,7727,greenran_normal,0,0,65535_65535,0,1,140574,95,1,1,1,13,95,28,1,1,allocated
61,7727,greenran_normal,0,0,65535_65535,0,2,140574,88,1,1,0,12,0,28,1,1,pre_allocation
61,7727,greenran_normal,0,0,65535_65535,0,2,140574,95,1,1,1,13,95,28,1,1,allocated
61,7727,greenran_normal,0,0,65535_65535,0,5,140566,88,1,1,0,12,0,28,1,1,pre_allocation
61,7727,greenran_normal,0,0,65535_65535,0,5,140566,95,1,1,1,13,95,28,1,1,allocated
61,7727,greenran_normal,0,0,65535_65535,0,3,140565,88,1,1,0,12,0,28,1,1,pre_allocation
61,7727,greenran_normal,0,0,65535_65535,0,3,140565,95,1,1,1,13,95,28,1,1,allocated
61,7727,greenran_normal,0,0,65535_65535,0,4,143088,77,1,1,0,13,0,24,1,1,pre_allocation
61,7727,greenran_normal,0,0,65535_65535,0,4,143088,83,1,1,1,14,83,24,1,1,allocated
61,7727,greenran_normal,0,0,65535_65535,0,1,140574,95,1,1,0,13,0,28,1,1,pre_allocation
61,7727,greenran_normal,0,0,65535_65535,0,1,140574,103,1,1,1,14,103,28,1,1,allocated
61,7727,greenran_normal,0,0,65535_65535,0,2,140574,95,1,1,0,13,0,28,1,1,pre_allocation
61,7727,greenran_normal,0,0,65535_65535,0,2,140574,103,1,1,1,14,103,28,1,1,allocated
61,7727,greenran_normal,0,0,65535_65535,0,5,140566,95,1,1,0,13,0,28,1,1,pre_allocation
61,7727,greenran_normal,0,0,65535_65535,0,5,140566,103,1,1,1,14,103,28,1,1,allocated
61,7727,greenran_normal,0,0,65535_65535,0,3,140565,95,1,1,0,13,0,28,1,1,pre_allocation
61,7727,greenran_normal,0,0,65535_65535,0,3,140565,103,1,1,1,14,103,28,1,1,allocated
61,7727,greenran_normal,0,0,65535_65535,0,4,143088,83,1,1,0,14,0,24,1,1,pre_allocation
61,7727,greenran_normal,0,0,65535_65535,0,4,143088,89,1,1,1,15,89,24,1,1,allocated
61,7727,greenran_normal,0,0,65535_65535,0,1,140574,103,1,1,0,14,0,28,1,1,pre_allocation
61,7727,greenran_normal,0,0,65535_65535,0,1,140574,110,1,1,1,15,110,28,1,1,allocated
61,7727,greenran_normal,0,0,65535_65535,0,2,140574,103,1,1,0,14,0,28,1,1,pre_allocation
61,7727,greenran_normal,0,0,65535_65535,0,2,140574,110,1,1,1,15,110,28,1,1,allocated
61,7727,greenran_normal,0,0,65535_65535,0,5,140566,103,1,1,0,14,0,28,1,1,pre_allocation
61,7727,greenran_normal,0,0,65535_65535,0,5,140566,110,1,1,1,15,110,28,1,1,allocated
61,7727,greenran_normal,0,0,65535_65535,0,3,140565,103,1,1,0,14,0,28,1,1,pre_allocation
61,7727,greenran_normal,0,0,65535_65535,0,3,140565,110,1,1,1,15,110,28,1,1,allocated
61,7727,greenran_normal,0,0,65535_65535,0,4,143088,89,1,1,0,15,0,24,1,1,pre_allocation
61,7727,greenran_normal,0,0,65535_65535,0,4,143088,96,1,1,1,16,96,24,1,1,allocated
61,7727,greenran_normal,0,0,65535_65535,0,1,140574,110,1,1,0,15,0,28,1,1,pre_allocation
61,7727,greenran_normal,0,0,65535_65535,0,1,140574,118,1,1,1,16,118,28,1,1,allocated
61,7727,greenran_normal,0,0,65535_65535,0,2,140574,110,1,1,0,15,0,28,1,1,pre_allocation
61,7727,greenran_normal,0,0,65535_65535,0,2,140574,118,1,1,1,16,118,28,1,1,allocated
61,7727,greenran_normal,0,0,65535_65535,0,5,140566,110,1,1,0,15,0,28,1,1,pre_allocation
61,7727,greenran_normal,0,0,65535_65535,0,5,140566,118,1,1,1,16,118,28,1,1,allocated
61,7727,greenran_normal,0,0,65535_65535,0,3,140565,110,1,1,0,15,0,28,1,1,pre_allocation
61,7727,greenran_normal,0,0,65535_65535,0,3,140565,118,1,1,1,16,118,28,1,1,allocated
61,7727,greenran_normal,0,0,65535_65535,0,4,143088,96,1,1,0,16,0,24,1,1,pre_allocation
61,7727,greenran_normal,0,0,65535_65535,0,4,143088,102,1,1,1,17,102,24,1,1,allocated
61,7727,greenran_normal,0,0,65535_65535,0,1,140574,118,1,1,0,16,0,28,1,1,pre_allocation
61,7727,greenran_normal,0,0,65535_65535,0,1,140574,126,1,1,1,17,126,28,1,1,allocated
61,7727,greenran_normal,0,0,65535_65535,0,2,140574,118,1,1,0,16,0,28,1,1,pre_allocation
61,7727,greenran_normal,0,0,65535_65535,0,2,140574,126,1,1,1,17,126,28,1,1,allocated
61,7727,greenran_normal,0,0,65535_65535,0,5,140566,118,1,1,0,16,0,28,1,1,pre_allocation
61,7727,greenran_normal,0,0,65535_65535,0,5,140566,126,1,1,1,17,126,28,1,1,allocated
61,7727,greenran_normal,0,0,65535_65535,0,3,140565,118,1,1,0,16,0,28,1,1,pre_allocation
61,7727,greenran_normal,0,0,65535_65535,0,3,140565,126,1,1,1,17,126,28,1,1,allocated
61,7727,greenran_normal,0,0,65535_65535,0,4,143088,102,1,1,0,17,0,24,1,1,pre_allocation
61,7727,greenran_normal,0,0,65535_65535,0,4,143088,108,1,1,1,18,108,24,1,1,allocated
61,7727,greenran_normal,0,0,65535_65535,0,1,140574,126,1,1,0,17,0,28,1,1,pre_allocation
61,7727,greenran_normal,0,0,65535_65535,0,1,140574,133,1,1,1,18,133,28,1,1,allocated
61,7727,greenran_normal,0,0,65535_65535,0,2,140574,126,1,1,0,17,0,28,1,1,pre_allocation
61,7727,greenran_normal,0,0,65535_65535,0,2,140574,133,1,1,1,18,133,28,1,1,allocated
61,7727,greenran_normal,0,0,65535_65535,0,5,140566,126,1,1,0,17,0,28,1,1,pre_allocation
61,7727,greenran_normal,0,0,65535_65535,0,5,140566,133,1,1,1,18,133,28,1,1,allocated
61,7727,greenran_normal,0,0,65535_65535,0,3,140565,126,1,1,0,17,0,28,1,1,pre_allocation
61,7727,greenran_normal,0,0,65535_65535,0,3,140565,133,1,1,1,18,133,28,1,1,allocated
61,7727,greenran_normal,0,0,65535_65535,0,4,143088,108,1,1,0,18,0,24,1,1,pre_allocation
61,7727,greenran_normal,0,0,65535_65535,0,4,143088,114,1,1,1,19,114,24,1,1,allocated
61,7727,greenran_normal,0,0,65535_65535,0,1,140574,133,1,1,0,18,0,28,1,1,pre_allocation
61,7727,greenran_normal,0,0,65535_65535,0,1,140574,141,1,1,1,19,141,28,1,1,allocated
61,7727,greenran_normal,0,0,65535_65535,0,2,140574,133,1,1,0,18,0,28,1,1,pre_allocation
61,7727,greenran_normal,0,0,65535_65535,0,2,140574,141,1,1,1,19,141,28,1,1,allocated
61,7727,greenran_normal,0,0,65535_65535,0,5,140566,133,1,1,0,18,0,28,1,1,pre_allocation
61,7727,greenran_normal,0,0,65535_65535,0,5,140566,141,1,1,1,19,141,28,1,1,allocated
61,7727,greenran_normal,0,0,65535_65535,0,3,140565,133,1,1,0,18,0,28,1,1,pre_allocation
61,7727,greenran_normal,0,0,65535_65535,0,3,140565,141,1,1,1,19,141,28,1,1,allocated
61,7727,greenran_normal,0,0,65535_65535,0,4,143088,114,1,1,0,19,0,24,1,1,pre_allocation
61,7727,greenran_normal,0,0,65535_65535,0,4,143088,120,1,1,1,20,120,24,1,1,allocated
61,7727,greenran_normal,0,0,65535_65535,0,1,140574,141,1,1,0,19,0,28,1,1,pre_allocation
61,7727,greenran_normal,0,0,65535_65535,0,1,140574,148,1,1,1,20,148,28,1,1,allocated
61,7727,greenran_normal,0,0,65535_65535,0,2,140574,141,1,1,0,19,0,28,1,1,pre_allocation
61,7727,greenran_normal,0,0,65535_65535,0,2,140574,148,1,1,1,20,148,28,1,1,allocated
61,7727,greenran_normal,0,0,65535_65535,0,5,140566,141,1,1,0,19,0,28,1,1,pre_allocation
61,7727,greenran_normal,0,0,65535_65535,0,5,140566,148,1,1,1,20,148,28,1,1,allocated
61,7727,greenran_normal,0,0,65535_65535,0,3,140565,141,1,1,0,19,0,28,1,1,pre_allocation
61,7727,greenran_normal,0,0,65535_65535,0,3,140565,148,1,1,1,20,148,28,1,1,allocated
61,7727,greenran_normal,0,0,65535_65535,0,4,143088,120,1,1,0,20,0,24,1,1,pre_allocation
61,7727,greenran_normal,0,0,65535_65535,0,4,143088,126,1,1,1,21,126,24,1,1,allocated
61,7727,greenran_normal,0,0,65535_65535,0,1,140574,148,1,1,0,20,0,28,1,1,pre_allocation
61,7727,greenran_normal,0,0,65535_65535,0,1,140574,156,1,1,1,21,156,28,1,1,allocated
61,7727,greenran_normal,0,0,65535_65535,0,2,140574,148,1,1,0,20,0,28,1,1,pre_allocation
61,7727,greenran_normal,0,0,65535_65535,0,2,140574,156,1,1,1,21,156,28,1,1,allocated
61,7727,greenran_normal,0,0,65535_65535,0,5,140566,148,1,1,0,20,0,28,1,1,pre_allocation
61,7727,greenran_normal,0,0,65535_65535,0,5,140566,156,1,1,1,21,156,28,1,1,allocated
61,7727,greenran_normal,0,0,65535_65535,0,3,140565,148,1,1,0,20,0,28,1,1,pre_allocation
61,7727,greenran_normal,0,0,65535_65535,0,3,140565,156,1,1,1,21,156,28,1,1,allocated
61,7727,greenran_normal,0,0,65535_65535,0,4,143088,126,1,1,0,21,0,24,1,1,pre_allocation
61,7727,greenran_normal,0,0,65535_65535,0,4,143088,133,1,1,1,22,133,24,1,1,allocated
61,7727,greenran_normal,0,0,65535_65535,0,1,140574,156,1,1,0,21,0,28,1,1,pre_allocation
61,7727,greenran_normal,0,0,65535_65535,0,1,140574,163,1,1,1,22,163,28,1,1,allocated
61,7727,greenran_normal,0,0,65535_65535,0,2,140574,156,1,1,0,21,0,28,1,1,pre_allocation
61,7727,greenran_normal,0,0,65535_65535,0,2,140574,163,1,1,1,22,163,28,1,1,allocated
61,7727,greenran_normal,0,0,65535_65535,0,5,140566,156,1,1,0,21,0,28,1,1,pre_allocation
61,7727,greenran_normal,0,0,65535_65535,0,5,140566,163,1,1,1,22,163,28,1,1,allocated
61,7727,greenran_normal,0,0,65535_65535,0,3,140565,156,1,1,0,21,0,28,1,1,pre_allocation
61,7727,greenran_normal,0,0,65535_65535,0,3,140565,163,1,1,1,22,163,28,1,1,allocated
61,7727,greenran_normal,0,0,65535_65535,0,4,143088,133,1,1,0,22,0,24,1,1,pre_allocation
61,7727,greenran_normal,0,0,65535_65535,0,4,143088,139,1,1,1,23,139,24,1,1,allocated
61,7727,greenran_normal,0,0,65535_65535,0,1,140574,163,1,1,0,22,0,28,1,1,pre_allocation
61,7727,greenran_normal,0,0,65535_65535,0,1,140574,171,1,1,1,23,171,28,1,1,allocated
61,7727,greenran_normal,0,0,65535_65535,0,2,140574,163,1,1,0,22,0,28,1,1,pre_allocation
61,7727,greenran_normal,0,0,65535_65535,0,2,140574,171,1,1,1,23,171,28,1,1,allocated
61,7727,greenran_normal,0,0,65535_65535,0,5,140566,163,1,1,0,22,0,28,1,1,pre_allocation
61,7727,greenran_normal,0,0,65535_65535,0,5,140566,171,1,1,1,23,171,28,1,1,allocated
61,7727,greenran_normal,0,0,65535_65535,0,3,140565,163,1,1,0,22,0,28,1,1,pre_allocation
61,7727,greenran_normal,0,0,65535_65535,0,3,140565,171,1,1,1,23,171,28,1,1,allocated
61,7727,greenran_normal,0,0,65535_65535,0,4,143088,139,1,1,0,23,0,24,1,1,pre_allocation
61,7727,greenran_normal,0,0,65535_65535,0,4,143088,145,1,1,1,24,145,24,1,1,allocated
61,7727,greenran_normal,0,0,65535_65535,0,1,140574,171,1,1,0,23,0,28,1,1,pre_allocation
61,7727,greenran_normal,0,0,65535_65535,0,1,140574,179,1,1,1,24,179,28,1,1,allocated
61,7727,greenran_normal,0,0,65535_65535,0,2,140574,171,1,1,0,23,0,28,1,1,pre_allocation
61,7727,greenran_normal,0,0,65535_65535,0,2,140574,179,1,1,1,24,179,28,1,1,allocated
61,7727,greenran_normal,0,0,65535_65535,0,5,140566,171,1,1,0,23,0,28,1,1,pre_allocation
61,7727,greenran_normal,0,0,65535_65535,0,5,140566,179,1,1,1,24,179,28,1,1,allocated
61,7727,greenran_normal,0,0,65535_65535,0,3,140565,171,1,1,0,23,0,28,1,1,pre_allocation
61,7727,greenran_normal,0,0,65535_65535,0,3,140565,179,1,1,1,24,179,28,1,1,allocated
61,7727,greenran_normal,0,0,65535_65535,0,4,143088,145,1,1,0,24,0,24,1,1,pre_allocation
61,7727,greenran_normal,0,0,65535_65535,0,4,143088,151,1,1,1,25,151,24,1,1,allocated
61,7727,greenran_normal,0,0,65535_65535,0,1,140574,179,1,1,0,24,0,28,1,1,pre_allocation
61,7727,greenran_normal,0,0,65535_65535,0,1,140574,186,1,1,1,25,186,28,1,1,allocated
61,7727,greenran_normal,0,0,65535_65535,0,2,140574,179,1,1,0,24,0,28,1,1,pre_allocation
61,7727,greenran_normal,0,0,65535_65535,0,2,140574,186,1,1,1,25,186,28,1,1,allocated
61,7727,greenran_normal,0,0,65535_65535,0,5,140566,179,1,1,0,24,0,28,1,1,pre_allocation
61,7727,greenran_normal,0,0,65535_65535,0,5,140566,186,1,1,1,25,186,28,1,1,allocated
61,7727,greenran_normal,0,0,65535_65535,0,3,140565,179,1,1,0,24,0,28,1,1,pre_allocation
61,7727,greenran_normal,0,0,65535_65535,0,3,140565,186,1,1,1,25,186,28,1,1,allocated
61,7727,greenran_normal,0,0,65535_65535,0,4,143088,151,1,1,0,25,0,24,1,1,pre_allocation
61,7727,greenran_normal,0,0,65535_65535,0,4,143088,157,1,1,1,26,157,24,1,1,allocated
61,7727,greenran_normal,0,0,65535_65535,0,1,140574,186,1,1,0,25,0,28,1,1,pre_allocation
61,7727,greenran_normal,0,0,65535_65535,0,1,140574,194,1,1,1,26,194,28,1,1,allocated
61,7727,greenran_normal,0,0,65535_65535,0,2,140574,186,1,1,0,25,0,28,1,1,pre_allocation
61,7727,greenran_normal,0,0,65535_65535,0,2,140574,194,1,1,1,26,194,28,1,1,allocated
61,7727,greenran_normal,0,0,65535_65535,0,5,140566,186,1,1,0,25,0,28,1,1,pre_allocation
61,7727,greenran_normal,0,0,65535_65535,0,5,140566,194,1,1,1,26,194,28,1,1,allocated
61,7727,greenran_normal,0,0,65535_65535,0,3,140565,186,1,1,0,25,0,28,1,1,pre_allocation
61,7727,greenran_normal,0,0,65535_65535,0,3,140565,194,1,1,1,26,194,28,1,1,allocated
61,7727,greenran_normal,0,0,65535_65535,0,4,143088,157,1,1,0,26,0,24,1,1,pre_allocation
61,7727,greenran_normal,0,0,65535_65535,0,4,143088,164,1,1,1,27,164,24,1,1,allocated
61,7727,greenran_normal,0,0,65535_65535,0,1,140574,194,1,1,0,26,0,28,1,1,pre_allocation
61,7727,greenran_normal,0,0,65535_65535,0,1,140574,201,1,1,1,27,201,28,1,1,allocated
61,7727,greenran_normal,0,0,65535_65535,0,2,140574,194,1,1,0,26,0,28,1,1,pre_allocation
61,7727,greenran_normal,0,0,65535_65535,0,2,140574,201,1,1,1,27,201,28,1,1,allocated
61,7727,greenran_normal,0,0,65535_65535,0,5,140566,194,1,1,0,26,0,28,1,1,pre_allocation
61,7727,greenran_normal,0,0,65535_65535,0,5,140566,201,1,1,1,27,201,28,1,1,allocated
61,7727,greenran_normal,0,0,65535_65535,0,3,140565,194,1,1,0,26,0,28,1,1,pre_allocation
61,7727,greenran_normal,0,0,65535_65535,0,3,140565,201,1,1,1,27,201,28,1,1,allocated
61,7727,greenran_normal,0,0,65535_65535,0,4,143088,164,1,1,0,27,0,24,1,1,pre_allocation
61,7727,greenran_normal,0,0,65535_65535,0,4,143088,170,1,1,1,28,170,24,1,1,allocated
61,7727,greenran_normal,0,0,65535_65535,0,1,140574,201,1,1,0,27,0,28,1,1,pre_allocation
61,7727,greenran_normal,0,0,65535_65535,0,1,140574,209,1,1,1,28,209,28,1,1,allocated
61,7727,greenran_normal,0,0,65535_65535,0,2,140574,201,1,1,0,27,0,28,1,1,pre_allocation
61,7727,greenran_normal,0,0,65535_65535,0,2,140574,209,1,1,1,28,209,28,1,1,allocated
61,7727,greenran_normal,0,0,65535_65535,0,5,140566,201,1,1,0,27,0,28,1,1,pre_allocation
61,7727,greenran_normal,0,0,65535_65535,0,5,140566,209,1,1,1,28,209,28,1,1,allocated
61,7727,greenran_normal,0,0,65535_65535,0,3,140565,201,1,1,0,27,0,28,1,1,pre_allocation
61,7727,greenran_normal,0,0,65535_65535,0,3,140565,209,1,1,1,28,209,28,1,1,allocated
61,7727,greenran_normal,0,0,65535_65535,0,4,143088,170,1,1,0,28,0,24,1,1,pre_allocation
61,7727,greenran_normal,0,0,65535_65535,0,4,143088,176,1,1,1,29,176,24,1,1,allocated
61,7727,greenran_normal,0,0,65535_65535,0,1,140574,209,1,1,0,28,0,28,1,1,pre_allocation
61,7727,greenran_normal,0,0,65535_65535,0,1,140574,217,1,1,1,29,217,28,1,1,allocated
61,7727,greenran_normal,0,0,65535_65535,0,2,140574,209,1,1,0,28,0,28,1,1,pre_allocation
61,7727,greenran_normal,0,0,65535_65535,0,2,140574,217,1,1,1,29,217,28,1,1,allocated
61,7727,greenran_normal,0,0,65535_65535,0,5,140566,209,1,1,0,28,0,28,1,1,pre_allocation
61,7727,greenran_normal,0,0,65535_65535,0,5,140566,217,1,1,1,29,217,28,1,1,allocated
61,7727,greenran_normal,0,0,65535_65535,0,3,140565,209,1,1,0,28,0,28,1,1,pre_allocation
61,7727,greenran_normal,0,0,65535_65535,0,3,140565,217,1,1,1,29,217,28,1,1,allocated
61,7727,greenran_normal,0,0,65535_65535,0,4,143088,176,1,1,0,29,0,24,1,1,pre_allocation
61,7727,greenran_normal,0,0,65535_65535,0,4,143088,182,1,1,1,30,182,24,1,1,allocated
61,7727,greenran_normal,0,0,65535_65535,0,1,140574,217,1,1,0,29,0,28,1,1,pre_allocation
61,7727,greenran_normal,0,0,65535_65535,0,1,140574,224,1,1,1,30,224,28,1,1,allocated
61,7727,greenran_normal,0,0,65535_65535,0,2,140574,217,1,1,0,29,0,28,1,1,pre_allocation
61,7727,greenran_normal,0,0,65535_65535,0,2,140574,224,1,1,1,30,224,28,1,1,allocated
61,7727,greenran_normal,0,0,65535_65535,0,5,140566,217,1,1,0,29,0,28,1,1,pre_allocation
61,7727,greenran_normal,0,0,65535_65535,0,5,140566,224,1,1,1,30,224,28,1,1,allocated
61,7727,greenran_normal,0,0,65535_65535,0,3,140565,217,1,1,0,29,0,28,1,1,pre_allocation
61,7727,greenran_normal,0,0,65535_65535,0,3,140565,224,1,1,1,30,224,28,1,1,allocated
61,7727,greenran_normal,0,0,65535_65535,0,4,143088,182,1,1,0,30,0,24,1,1,pre_allocation
61,7727,greenran_normal,0,0,65535_65535,0,4,143088,188,1,1,1,31,188,24,1,1,allocated
61,7727,greenran_normal,0,0,65535_65535,0,1,140574,224,1,1,0,30,0,28,1,1,pre_allocation
61,7727,greenran_normal,0,0,65535_65535,0,1,140574,232,1,1,1,31,232,28,1,1,allocated
61,7727,greenran_normal,0,0,65535_65535,0,2,140574,224,1,1,0,30,0,28,1,1,pre_allocation
61,7727,greenran_normal,0,0,65535_65535,0,2,140574,232,1,1,1,31,232,28,1,1,allocated
61,7727,greenran_normal,0,0,65535_65535,0,5,140566,224,1,1,0,30,0,28,1,1,pre_allocation
61,7727,greenran_normal,0,0,65535_65535,0,5,140566,232,1,1,1,31,232,28,1,1,allocated
61,7727,greenran_normal,0,0,65535_65535,0,3,140565,224,1,1,0,30,0,28,1,1,pre_allocation
61,7727,greenran_normal,0,0,65535_65535,0,3,140565,232,1,1,1,31,232,28,1,1,allocated
61,7727,greenran_normal,0,0,65535_65535,0,4,143088,188,1,1,0,31,0,24,1,1,pre_allocation
61,7727,greenran_normal,0,0,65535_65535,0,4,143088,195,1,1,1,32,195,24,1,1,allocated
61,7727,greenran_normal,0,0,65535_65535,0,1,140574,232,1,1,0,31,0,28,1,1,pre_allocation
61,7727,greenran_normal,0,0,65535_65535,0,1,140574,239,1,1,1,32,239,28,1,1,allocated
61,7727,greenran_normal,0,0,65535_65535,0,2,140574,232,1,1,0,31,0,28,1,1,pre_allocation
61,7727,greenran_normal,0,0,65535_65535,0,2,140574,239,1,1,1,32,239,28,1,1,allocated
61,7727,greenran_normal,0,0,65535_65535,0,5,140566,232,1,1,0,31,0,28,1,1,pre_allocation
61,7727,greenran_normal,0,0,65535_65535,0,5,140566,239,1,1,1,32,239,28,1,1,allocated
61,7727,greenran_normal,0,0,65535_65535,0,3,140565,232,1,1,0,31,0,28,1,1,pre_allocation
61,7727,greenran_normal,0,0,65535_65535,0,3,140565,239,1,1,1,32,239,28,1,1,allocated
61,7727,greenran_normal,0,0,65535_65535,0,4,143088,195,1,1,0,32,0,24,1,1,pre_allocation
61,7727,greenran_normal,0,0,65535_65535,0,4,143088,201,1,1,1,33,201,24,1,1,allocated
61,7727,greenran_normal,0,0,65535_65535,0,1,140574,239,1,1,0,32,0,28,1,1,pre_allocation
61,7727,greenran_normal,0,0,65535_65535,0,1,140574,247,1,1,1,33,247,28,1,1,allocated
61,7727,greenran_normal,0,0,65535_65535,0,2,140574,239,1,1,0,32,0,28,1,1,pre_allocation
61,7727,greenran_normal,0,0,65535_65535,0,2,140574,247,1,1,1,33,247,28,1,1,allocated
61,7727,greenran_normal,0,0,65535_65535,0,5,140566,239,1,1,0,32,0,28,1,1,pre_allocation
61,7727,greenran_normal,0,0,65535_65535,0,5,140566,247,1,1,1,33,247,28,1,1,allocated
61,7727,greenran_normal,0,0,65535_65535,0,3,140565,239,1,1,0,32,0,28,1,1,pre_allocation
61,7727,greenran_normal,0,0,65535_65535,0,3,140565,247,1,1,1,33,247,28,1,1,allocated
61,7727,greenran_normal,0,0,65535_65535,0,4,143088,201,1,1,0,33,0,24,1,1,pre_allocation
61,7727,greenran_normal,0,0,65535_65535,0,4,143088,207,1,1,1,34,207,24,1,1,allocated
61,7727,greenran_normal,0,0,65535_65535,0,1,140574,247,1,1,0,33,0,28,1,1,pre_allocation
61,7727,greenran_normal,0,0,65535_65535,0,1,140574,255,1,1,1,34,255,28,1,1,allocated
61,7727,greenran_normal,0,0,65535_65535,0,2,140574,247,1,1,0,33,0,28,1,1,pre_allocation
61,7727,greenran_normal,0,0,65535_65535,0,2,140574,255,1,1,1,34,255,28,1,1,allocated
61,7727,greenran_normal,0,0,65535_65535,0,5,140566,247,1,1,0,33,0,28,1,1,pre_allocation
61,7727,greenran_normal,0,0,65535_65535,0,5,140566,255,1,1,1,34,255,28,1,1,allocated
61,7727,greenran_normal,0,0,65535_65535,0,3,140565,247,1,1,0,33,0,28,1,1,pre_allocation
61,7727,greenran_normal,0,0,65535_65535,0,3,140565,255,1,1,1,34,255,28,1,1,allocated
61,7727,greenran_normal,0,0,65535_65535,0,4,143088,207,1,1,0,34,0,24,1,1,pre_allocation
61,7727,greenran_normal,0,0,65535_65535,0,4,143088,213,1,1,1,35,213,24,1,1,allocated
61,7727,greenran_normal,0,0,65535_65535,0,1,140574,255,1,1,0,34,0,28,1,1,pre_allocation
61,7727,greenran_normal,0,0,65535_65535,0,1,140574,262,1,1,1,35,262,28,1,1,allocated
61,7727,greenran_normal,0,0,65535_65535,0,2,140574,255,1,1,0,34,0,28,1,1,pre_allocation
61,7727,greenran_normal,0,0,65535_65535,0,2,140574,262,1,1,1,35,262,28,1,1,allocated
61,7727,greenran_normal,0,0,65535_65535,0,5,140566,255,1,1,0,34,0,28,1,1,pre_allocation
61,7727,greenran_normal,0,0,65535_65535,0,5,140566,262,1,1,1,35,262,28,1,1,allocated
61,7727,greenran_normal,0,0,65535_65535,0,3,140565,255,1,1,0,34,0,28,1,1,pre_allocation
61,7727,greenran_normal,0,0,65535_65535,0,3,140565,262,1,1,1,35,262,28,1,1,allocated
61,7727,greenran_normal,0,0,65535_65535,0,4,143088,213,1,1,0,35,0,24,1,1,pre_allocation
61,7727,greenran_normal,0,0,65535_65535,0,4,143088,219,1,1,1,36,219,24,1,1,allocated
61,7727,greenran_normal,0,0,65535_65535,0,1,140574,262,1,1,0,35,0,28,1,1,pre_allocation
61,7727,greenran_normal,0,0,65535_65535,0,1,140574,270,1,1,1,36,270,28,1,1,allocated
61,7727,greenran_normal,0,0,65535_65535,0,2,140574,262,1,1,0,35,0,28,1,1,pre_allocation
61,7727,greenran_normal,0,0,65535_65535,0,2,140574,270,1,1,1,36,270,28,1,1,allocated
61,7727,greenran_normal,0,0,65535_65535,0,5,140566,262,1,1,0,35,0,28,1,1,pre_allocation
61,7727,greenran_normal,0,0,65535_65535,0,5,140566,270,1,1,1,36,270,28,1,1,allocated
61,7727,greenran_normal,0,0,65535_65535,0,3,140565,262,1,1,0,35,0,28,1,1,pre_allocation
61,7727,greenran_normal,0,0,65535_65535,0,3,140565,270,1,1,1,36,270,28,1,1,allocated
61,7727,greenran_normal,0,0,65535_65535,0,4,143088,219,1,1,0,36,0,24,1,1,pre_allocation
61,7727,greenran_normal,0,0,65535_65535,0,4,143088,225,1,1,1,37,225,24,1,1,allocated
61,7727,greenran_normal,0,0,65535_65535,2,38,4618181,0,1,1,0,0,0,2,1,1,pre_allocation
61,7727,greenran_normal,0,0,65535_65535,2,38,4618181,0,1,1,1,1,0,2,1,1,allocated
61,7727,greenran_normal,0,0,65535_65535,2,60,4617882,0,1,1,0,0,0,12,1,1,pre_allocation
61,7727,greenran_normal,0,0,65535_65535,2,60,4617882,2,1,1,1,1,2,12,1,1,allocated
61,7727,greenran_normal,0,0,65535_65535,2,64,4617567,0,1,1,0,0,0,12,1,1,pre_allocation
61,7727,greenran_normal,0,0,65535_65535,2,64,4617567,2,1,1,1,1,2,12,1,1,allocated
61,7727,greenran_normal,0,0,65535_65535,2,43,4616945,0,1,1,0,0,0,20,1,1,pre_allocation
61,7727,greenran_normal,0,0,65535_65535,2,43,4616945,1,1,1,1,1,1,20,1,1,allocated
61,7727,greenran_normal,0,0,65535_65535,2,42,4616458,0,1,1,0,0,0,24,1,1,pre_allocation
61,7727,greenran_normal,0,0,65535_65535,2,42,4616458,3,1,1,1,1,3,24,1,1,allocated
61,7727,greenran_normal,0,0,65535_65535,2,36,4615991,0,1,1,0,0,0,24,1,1,pre_allocation
61,7727,greenran_normal,0,0,65535_65535,2,36,4615991,3,1,1,1,1,3,24,1,1,allocated
61,7727,greenran_normal,0,0,65535_65535,2,39,4615903,0,1,1,0,0,0,26,1,1,pre_allocation
61,7727,greenran_normal,0,0,65535_65535,2,39,4615903,4,1,1,1,1,4,26,1,1,allocated
61,7727,greenran_normal,0,0,65535_65535,2,59,4615935,0,1,1,0,0,0,24,1,1,pre_allocation
61,7727,greenran_normal,0,0,65535_65535,2,59,4615935,3,1,1,1,1,3,24,1,1,allocated
61,7727,greenran_normal,0,0,65535_65535,2,58,4615964,0,1,1,0,0,0,26,1,1,pre_allocation
61,7727,greenran_normal,0,0,65535_65535,2,58,4615964,4,1,1,1,1,4,26,1,1,allocated
61,7727,greenran_normal,0,0,65535_65535,2,56,4615889,0,1,1,0,0,0,28,1,1,pre_allocation
61,7727,greenran_normal,0,0,65535_65535,2,56,4615889,4,1,1,1,1,4,28,1,1,allocated
61,7727,greenran_normal,0,0,65535_65535,2,57,4615889,0,1,1,0,0,0,28,1,1,pre_allocation
61,7727,greenran_normal,0,0,65535_65535,2,57,4615889,4,1,1,1,1,4,28,1,1,allocated
61,7727,greenran_normal,0,0,65535_65535,2,40,4615891,0,1,1,0,0,0,28,1,1,pre_allocation
61,7727,greenran_normal,0,0,65535_65535,2,40,4615891,4,1,1,1,1,4,28,1,1,allocated
61,7727,greenran_normal,0,0,65535_65535,2,63,4615887,0,1,1,0,0,0,28,1,1,pre_allocation
61,7727,greenran_normal,0,0,65535_65535,2,63,4615887,4,1,1,1,1,4,28,1,1,allocated
61,7727,greenran_normal,0,0,65535_65535,2,62,4615887,0,1,1,0,0,0,28,1,1,pre_allocation
61,7727,greenran_normal,0,0,65535_65535,2,62,4615887,4,1,1,1,1,4,28,1,1,allocated
61,7727,greenran_normal,0,0,65535_65535,2,61,4615886,0,1,1,0,0,0,28,1,1,pre_allocation
61,7727,greenran_normal,0,0,65535_65535,2,61,4615886,4,1,1,1,1,4,28,1,1,allocated
61,7727,greenran_normal,0,0,65535_65535,2,44,4615882,0,1,1,0,0,0,28,1,1,pre_allocation
61,7727,greenran_normal,0,0,65535_65535,2,44,4615882,4,1,1,1,1,4,28,1,1,allocated
61,7727,greenran_normal,0,0,65535_65535,2,55,4615882,0,1,1,0,0,0,28,1,1,pre_allocation
61,7727,greenran_normal,0,0,65535_65535,2,55,4615882,4,1,1,1,1,4,28,1,1,allocated
61,7727,greenran_normal,0,0,65535_65535,2,35,4615881,0,1,1,0,0,0,28,1,1,pre_allocation
61,7727,greenran_normal,0,0,65535_65535,2,35,4615881,4,1,1,1,1,4,28,1,1,allocated
61,7727,greenran_normal,0,0,65535_65535,2,37,4615884,0,1,1,0,0,0,28,1,1,pre_allocation
61,7727,greenran_normal,0,0,65535_65535,2,37,4615884,4,1,1,1,1,4,28,1,1,allocated
61,7727,greenran_normal,0,0,65535_65535,2,41,4615884,0,1,1,0,0,0,28,1,1,pre_allocation
61,7727,greenran_normal,0,0,65535_65535,2,41,4615884,4,1,1,1,1,4,28,1,1,allocated
61,7727,greenran_normal,0,0,65535_65535,2,38,4618181,0,1,1,0,1,0,2,1,1,pre_allocation
61,7727,greenran_normal,0,0,65535_65535,2,38,4618181,0,1,1,1,2,0,2,1,1,allocated
61,7727,greenran_normal,0,0,65535_65535,2,60,4617882,2,1,1,0,1,0,12,1,1,pre_allocation
61,7727,greenran_normal,0,0,65535_65535,2,60,4617882,1,1,1,1,2,1,12,1,1,allocated
61,7727,greenran_normal,0,0,65535_65535,2,64,4617567,2,1,1,0,1,0,12,1,1,pre_allocation
61,7727,greenran_normal,0,0,65535_65535,2,64,4617567,1,1,1,1,2,1,12,1,1,allocated
61,7727,greenran_normal,0,0,65535_65535,2,43,4616945,1,1,1,0,1,0,20,1,1,pre_allocation
61,7727,greenran_normal,0,0,65535_65535,2,43,4616945,6,1,1,1,2,6,20,1,1,allocated
61,7727,greenran_normal,0,0,65535_65535,2,42,4616458,3,1,1,0,1,0,24,1,1,pre_allocation
61,7727,greenran_normal,0,0,65535_65535,2,42,4616458,9,1,1,1,2,9,24,1,1,allocated
61,7727,greenran_normal,0,0,65535_65535,2,36,4615991,3,1,1,0,1,0,24,1,1,pre_allocation
61,7727,greenran_normal,0,0,65535_65535,2,36,4615991,9,1,1,1,2,9,24,1,1,allocated
61,7727,greenran_normal,0,0,65535_65535,2,39,4615903,4,1,1,0,1,0,26,1,1,pre_allocation
61,7727,greenran_normal,0,0,65535_65535,2,39,4615903,11,1,1,1,2,11,26,1,1,allocated
61,7727,greenran_normal,0,0,65535_65535,2,59,4615935,3,1,1,0,1,0,24,1,1,pre_allocation
61,7727,greenran_normal,0,0,65535_65535,2,59,4615935,9,1,1,1,2,9,24,1,1,allocated
61,7727,greenran_normal,0,0,65535_65535,2,58,4615964,4,1,1,0,1,0,26,1,1,pre_allocation
61,7727,greenran_normal,0,0,65535_65535,2,58,4615964,11,1,1,1,2,11,26,1,1,allocated
61,7727,greenran_normal,0,0,65535_65535,2,56,4615889,4,1,1,0,1,0,28,1,1,pre_allocation
61,7727,greenran_normal,0,0,65535_65535,2,56,4615889,12,1,1,1,2,12,28,1,1,allocated
61,7727,greenran_normal,0,0,65535_65535,2,57,4615889,4,1,1,0,1,0,28,1,1,pre_allocation
61,7727,greenran_normal,0,0,65535_65535,2,57,4615889,12,1,1,1,2,12,28,1,1,allocated
61,7727,greenran_normal,0,0,65535_65535,2,40,4615891,4,1,1,0,1,0,28,1,1,pre_allocation
61,7727,greenran_normal,0,0,65535_65535,2,40,4615891,12,1,1,1,2,12,28,1,1,allocated
61,7727,greenran_normal,0,0,65535_65535,2,63,4615887,4,1,1,0,1,0,28,1,1,pre_allocation
61,7727,greenran_normal,0,0,65535_65535,2,63,4615887,12,1,1,1,2,12,28,1,1,allocated
61,7727,greenran_normal,0,0,65535_65535,2,62,4615887,4,1,1,0,1,0,28,1,1,pre_allocation
61,7727,greenran_normal,0,0,65535_65535,2,62,4615887,12,1,1,1,2,12,28,1,1,allocated
61,7727,greenran_normal,0,0,65535_65535,2,61,4615886,4,1,1,0,1,0,28,1,1,pre_allocation
61,7727,greenran_normal,0,0,65535_65535,2,61,4615886,12,1,1,1,2,12,28,1,1,allocated
61,7727,greenran_normal,0,0,65535_65535,2,44,4615882,4,1,1,0,1,0,28,1,1,pre_allocation
61,7727,greenran_normal,0,0,65535_65535,2,44,4615882,12,1,1,1,2,12,28,1,1,allocated
61,7727,greenran_normal,0,0,65535_65535,2,55,4615882,4,1,1,0,1,0,28,1,1,pre_allocation
61,7727,greenran_normal,0,0,65535_65535,2,55,4615882,12,1,1,1,2,12,28,1,1,allocated
61,7727,greenran_normal,0,0,65535_65535,2,35,4615881,4,1,1,0,1,0,28,1,1,pre_allocation
61,7727,greenran_normal,0,0,65535_65535,2,35,4615881,12,1,1,1,2,12,28,1,1,allocated
61,7727,greenran_normal,0,0,65535_65535,2,37,4615884,4,1,1,0,1,0,28,1,1,pre_allocation
61,7727,greenran_normal,0,0,65535_65535,2,37,4615884,12,1,1,1,2,12,28,1,1,allocated
61,7727,greenran_normal,0,0,65535_65535,2,41,4615884,4,1,1,0,1,0,28,1,1,pre_allocation
61,7727,greenran_normal,0,0,65535_65535,2,41,4615884,12,1,1,1,2,12,28,1,1,allocated
61,7727,greenran_normal,0,0,65535_65535,2,38,4618181,0,1,1,0,2,0,2,1,1,pre_allocation
61,7727,greenran_normal,0,0,65535_65535,2,38,4618181,0,1,1,1,3,0,2,1,1,allocated
61,7727,greenran_normal,0,0,65535_65535,2,60,4617882,1,1,1,0,2,0,12,1,1,pre_allocation
61,7727,greenran_normal,0,0,65535_65535,2,60,4617882,3,1,1,1,3,3,12,1,1,allocated
61,7727,greenran_normal,0,0,65535_65535,2,64,4617567,1,1,1,0,2,0,12,1,1,pre_allocation
61,7727,greenran_normal,0,0,65535_65535,2,64,4617567,3,1,1,1,3,3,12,1,1,allocated
61,7727,greenran_normal,0,0,65535_65535,2,43,4616945,6,1,1,0,2,0,20,1,1,pre_allocation
61,7727,greenran_normal,0,0,65535_65535,2,43,4616945,10,1,1,1,3,10,20,1,1,allocated
61,7727,greenran_normal,0,0,65535_65535,2,42,4616458,9,1,1,0,2,0,24,1,1,pre_allocation
61,7727,greenran_normal,0,0,65535_65535,2,42,4616458,15,1,1,1,3,15,24,1,1,allocated
61,7727,greenran_normal,0,0,65535_65535,2,36,4615991,9,1,1,0,2,0,24,1,1,pre_allocation
61,7727,greenran_normal,0,0,65535_65535,2,36,4615991,15,1,1,1,3,15,24,1,1,allocated
61,7727,greenran_normal,0,0,65535_65535,2,39,4615903,11,1,1,0,2,0,26,1,1,pre_allocation
61,7727,greenran_normal,0,0,65535_65535,2,39,4615903,18,1,1,1,3,18,26,1,1,allocated
61,7727,greenran_normal,0,0,65535_65535,2,59,4615935,9,1,1,0,2,0,24,1,1,pre_allocation
61,7727,greenran_normal,0,0,65535_65535,2,59,4615935,15,1,1,1,3,15,24,1,1,allocated
61,7727,greenran_normal,0,0,65535_65535,2,58,4615964,11,1,1,0,2,0,26,1,1,pre_allocation
61,7727,greenran_normal,0,0,65535_65535,2,58,4615964,18,1,1,1,3,18,26,1,1,allocated
61,7727,greenran_normal,0,0,65535_65535,2,56,4615889,12,1,1,0,2,0,28,1,1,pre_allocation
61,7727,greenran_normal,0,0,65535_65535,2,56,4615889,19,1,1,1,3,19,28,1,1,allocated
61,7727,greenran_normal,0,0,65535_65535,2,57,4615889,12,1,1,0,2,0,28,1,1,pre_allocation
61,7727,greenran_normal,0,0,65535_65535,2,57,4615889,19,1,1,1,3,19,28,1,1,allocated
61,7727,greenran_normal,0,0,65535_65535,2,40,4615891,12,1,1,0,2,0,28,1,1,pre_allocation
61,7727,greenran_normal,0,0,65535_65535,2,40,4615891,19,1,1,1,3,19,28,1,1,allocated
61,7727,greenran_normal,0,0,65535_65535,2,63,4615887,12,1,1,0,2,0,28,1,1,pre_allocation
61,7727,greenran_normal,0,0,65535_65535,2,63,4615887,19,1,1,1,3,19,28,1,1,allocated
61,7727,greenran_normal,0,0,65535_65535,2,62,4615887,12,1,1,0,2,0,28,1,1,pre_allocation
61,7727,greenran_normal,0,0,65535_65535,2,62,4615887,19,1,1,1,3,19,28,1,1,allocated
61,7727,greenran_normal,0,0,65535_65535,2,61,4615886,12,1,1,0,2,0,28,1,1,pre_allocation
61,7727,greenran_normal,0,0,65535_65535,2,61,4615886,19,1,1,1,3,19,28,1,1,allocated
61,7727,greenran_normal,0,0,65535_65535,2,44,4615882,12,1,1,0,2,0,28,1,1,pre_allocation
61,7727,greenran_normal,0,0,65535_65535,2,44,4615882,19,1,1,1,3,19,28,1,1,allocated
61,7727,greenran_normal,0,0,65535_65535,2,55,4615882,12,1,1,0,2,0,28,1,1,pre_allocation
61,7727,greenran_normal,0,0,65535_65535,2,55,4615882,19,1,1,1,3,19,28,1,1,allocated
61,7727,greenran_normal,0,0,65535_65535,2,35,4615881,12,1,1,0,2,0,28,1,1,pre_allocation
61,7727,greenran_normal,0,0,65535_65535,2,35,4615881,19,1,1,1,3,19,28,1,1,allocated
61,7727,greenran_normal,0,0,65535_65535,2,37,4615884,12,1,1,0,2,0,28,1,1,pre_allocation
61,7727,greenran_normal,0,0,65535_65535,2,37,4615884,19,1,1,1,3,19,28,1,1,allocated
61,7727,greenran_normal,0,0,65535_65535,2,41,4615884,12,1,1,0,2,0,28,1,1,pre_allocation
61,7727,greenran_normal,0,0,65535_65535,2,41,4615884,19,1,1,1,3,19,28,1,1,allocated
61,7727,greenran_normal,0,0,65535_65535,2,38,4618181,0,1,1,0,3,0,2,1,1,pre_allocation
61,7727,greenran_normal,0,0,65535_65535,2,38,4618181,1,1,1,1,4,1,2,1,1,allocated
61,7727,greenran_normal,0,0,65535_65535,2,60,4617882,3,1,1,0,3,0,12,1,1,pre_allocation
61,7727,greenran_normal,0,0,65535_65535,2,60,4617882,5,1,1,1,4,5,12,1,1,allocated
61,7727,greenran_normal,0,0,65535_65535,2,64,4617567,3,1,1,0,3,0,12,1,1,pre_allocation
61,7727,greenran_normal,0,0,65535_65535,2,64,4617567,5,1,1,1,4,5,12,1,1,allocated
61,7727,greenran_normal,0,0,65535_65535,2,43,4616945,10,1,1,0,3,0,20,1,1,pre_allocation
61,7727,greenran_normal,0,0,65535_65535,2,43,4616945,15,1,1,1,4,15,20,1,1,allocated
61,7727,greenran_normal,0,0,65535_65535,2,42,4616458,15,1,1,0,3,0,24,1,1,pre_allocation
61,7727,greenran_normal,0,0,65535_65535,2,42,4616458,21,1,1,1,4,21,24,1,1,allocated
61,7727,greenran_normal,0,0,65535_65535,2,36,4615991,15,1,1,0,3,0,24,1,1,pre_allocation
61,7727,greenran_normal,0,0,65535_65535,2,36,4615991,21,1,1,1,4,21,24,1,1,allocated
61,7727,greenran_normal,0,0,65535_65535,2,39,4615903,18,1,1,0,3,0,26,1,1,pre_allocation
61,7727,greenran_normal,0,0,65535_65535,2,39,4615903,25,1,1,1,4,25,26,1,1,allocated
61,7727,greenran_normal,0,0,65535_65535,2,59,4615935,15,1,1,0,3,0,24,1,1,pre_allocation
61,7727,greenran_normal,0,0,65535_65535,2,59,4615935,21,1,1,1,4,21,24,1,1,allocated
61,7727,greenran_normal,0,0,65535_65535,2,58,4615964,18,1,1,0,3,0,26,1,1,pre_allocation
61,7727,greenran_normal,0,0,65535_65535,2,58,4615964,25,1,1,1,4,25,26,1,1,allocated
61,7727,greenran_normal,0,0,65535_65535,2,56,4615889,19,1,1,0,3,0,28,1,1,pre_allocation
61,7727,greenran_normal,0,0,65535_65535,2,56,4615889,27,1,1,1,4,27,28,1,1,allocated
61,7727,greenran_normal,0,0,65535_65535,2,57,4615889,19,1,1,0,3,0,28,1,1,pre_allocation
61,7727,greenran_normal,0,0,65535_65535,2,57,4615889,27,1,1,1,4,27,28,1,1,allocated
61,7727,greenran_normal,0,0,65535_65535,2,40,4615891,19,1,1,0,3,0,28,1,1,pre_allocation
61,7727,greenran_normal,0,0,65535_65535,2,40,4615891,27,1,1,1,4,27,28,1,1,allocated
61,7727,greenran_normal,0,0,65535_65535,2,63,4615887,19,1,1,0,3,0,28,1,1,pre_allocation
61,7727,greenran_normal,0,0,65535_65535,2,63,4615887,27,1,1,1,4,27,28,1,1,allocated
61,7727,greenran_normal,0,0,65535_65535,2,62,4615887,19,1,1,0,3,0,28,1,1,pre_allocation
61,7727,greenran_normal,0,0,65535_65535,2,62,4615887,27,1,1,1,4,27,28,1,1,allocated
61,7727,greenran_normal,0,0,65535_65535,2,61,4615886,19,1,1,0,3,0,28,1,1,pre_allocation
61,7727,greenran_normal,0,0,65535_65535,2,61,4615886,27,1,1,1,4,27,28,1,1,allocated
61,7727,greenran_normal,0,0,65535_65535,2,44,4615882,19,1,1,0,3,0,28,1,1,pre_allocation
61,7727,greenran_normal,0,0,65535_65535,2,44,4615882,27,1,1,1,4,27,28,1,1,allocated
61,7727,greenran_normal,0,0,65535_65535,2,55,4615882,19,1,1,0,3,0,28,1,1,pre_allocation
61,7727,greenran_normal,0,0,65535_65535,2,55,4615882,27,1,1,1,4,27,28,1,1,allocated
61,7727,greenran_normal,0,0,65535_65535,2,35,4615881,19,1,1,0,3,0,28,1,1,pre_allocation
61,7727,greenran_normal,0,0,65535_65535,2,35,4615881,27,1,1,1,4,27,28,1,1,allocated
61,7727,greenran_normal,0,0,65535_65535,2,37,4615884,19,1,1,0,3,0,28,1,1,pre_allocation
61,7727,greenran_normal,0,0,65535_65535,2,37,4615884,27,1,1,1,4,27,28,1,1,allocated
61,7727,greenran_normal,0,0,65535_65535,2,41,4615884,19,1,1,0,3,0,28,1,1,pre_allocation
61,7727,greenran_normal,0,0,65535_65535,2,41,4615884,27,1,1,1,4,27,28,1,1,allocated
61,7727,greenran_normal,0,0,65535_65535,2,38,4618181,1,1,1,0,4,0,2,1,1,pre_allocation
61,7727,greenran_normal,0,0,65535_65535,2,38,4618181,1,1,1,1,5,1,2,1,1,allocated
61,7727,greenran_normal,0,0,65535_65535,2,60,4617882,5,1,1,0,4,0,12,1,1,pre_allocation
61,7727,greenran_normal,0,0,65535_65535,2,60,4617882,7,1,1,1,5,7,12,1,1,allocated
61,7727,greenran_normal,0,0,65535_65535,2,64,4617567,5,1,1,0,4,0,12,1,1,pre_allocation
61,7727,greenran_normal,0,0,65535_65535,2,64,4617567,7,1,1,1,5,7,12,1,1,allocated
61,7727,greenran_normal,0,0,65535_65535,2,43,4616945,15,1,1,0,4,0,20,1,1,pre_allocation
61,7727,greenran_normal,0,0,65535_65535,2,43,4616945,19,1,1,1,5,19,20,1,1,allocated
61,7727,greenran_normal,0,0,65535_65535,2,42,4616458,21,1,1,0,4,0,24,1,1,pre_allocation
61,7727,greenran_normal,0,0,65535_65535,2,42,4616458,27,1,1,1,5,27,24,1,1,allocated
63,8066,greenran_normal,0,0,65535_65535,0,4,149805,0,1,1,0,0,0,22,1,1,pre_allocation
63,8066,greenran_normal,0,0,65535_65535,0,4,149805,2,1,1,1,1,2,22,1,1,allocated
63,8066,greenran_normal,0,0,65535_65535,0,1,147170,0,1,1,0,0,0,28,1,1,pre_allocation
63,8066,greenran_normal,0,0,65535_65535,0,1,147170,4,1,1,1,1,4,28,1,1,allocated
63,8066,greenran_normal,0,0,65535_65535,0,2,147170,0,1,1,0,0,0,28,1,1,pre_allocation
63,8066,greenran_normal,0,0,65535_65535,0,2,147170,4,1,1,1,1,4,28,1,1,allocated
63,8066,greenran_normal,0,0,65535_65535,0,5,147162,0,1,1,0,0,0,28,1,1,pre_allocation
63,8066,greenran_normal,0,0,65535_65535,0,5,147162,4,1,1,1,1,4,28,1,1,allocated
63,8066,greenran_normal,0,0,65535_65535,0,3,147161,0,1,1,0,0,0,28,1,1,pre_allocation
63,8066,greenran_normal,0,0,65535_65535,0,3,147161,4,1,1,1,1,4,28,1,1,allocated
63,8066,greenran_normal,0,0,65535_65535,0,4,149805,2,1,1,0,1,0,22,1,1,pre_allocation
63,8066,greenran_normal,0,0,65535_65535,0,4,149805,7,1,1,1,2,7,22,1,1,allocated
63,8066,greenran_normal,0,0,65535_65535,0,1,147170,4,1,1,0,1,0,28,1,1,pre_allocation
63,8066,greenran_normal,0,0,65535_65535,0,1,147170,12,1,1,1,2,12,28,1,1,allocated
63,8066,greenran_normal,0,0,65535_65535,0,2,147170,4,1,1,0,1,0,28,1,1,pre_allocation
63,8066,greenran_normal,0,0,65535_65535,0,2,147170,12,1,1,1,2,12,28,1,1,allocated
63,8066,greenran_normal,0,0,65535_65535,0,5,147162,4,1,1,0,1,0,28,1,1,pre_allocation
63,8066,greenran_normal,0,0,65535_65535,0,5,147162,12,1,1,1,2,12,28,1,1,allocated
63,8066,greenran_normal,0,0,65535_65535,0,3,147161,4,1,1,0,1,0,28,1,1,pre_allocation
63,8066,greenran_normal,0,0,65535_65535,0,3,147161,12,1,1,1,2,12,28,1,1,allocated
63,8066,greenran_normal,0,0,65535_65535,0,4,149805,7,1,1,0,2,0,22,1,1,pre_allocation
63,8066,greenran_normal,0,0,65535_65535,0,4,149805,13,1,1,1,3,13,22,1,1,allocated
63,8066,greenran_normal,0,0,65535_65535,0,1,147170,12,1,1,0,2,0,28,1,1,pre_allocation
63,8066,greenran_normal,0,0,65535_65535,0,1,147170,19,1,1,1,3,19,28,1,1,allocated
63,8066,greenran_normal,0,0,65535_65535,0,2,147170,12,1,1,0,2,0,28,1,1,pre_allocation
63,8066,greenran_normal,0,0,65535_65535,0,2,147170,19,1,1,1,3,19,28,1,1,allocated
63,8066,greenran_normal,0,0,65535_65535,0,5,147162,12,1,1,0,2,0,28,1,1,pre_allocation
63,8066,greenran_normal,0,0,65535_65535,0,5,147162,19,1,1,1,3,19,28,1,1,allocated
63,8066,greenran_normal,0,0,65535_65535,0,3,147161,12,1,1,0,2,0,28,1,1,pre_allocation
63,8066,greenran_normal,0,0,65535_65535,0,3,147161,19,1,1,1,3,19,28,1,1,allocated
63,8066,greenran_normal,0,0,65535_65535,0,4,149805,13,1,1,0,3,0,22,1,1,pre_allocation
63,8066,greenran_normal,0,0,65535_65535,0,4,149805,18,1,1,1,4,18,22,1,1,allocated
63,8066,greenran_normal,0,0,65535_65535,0,1,147170,19,1,1,0,3,0,28,1,1,pre_allocation
63,8066,greenran_normal,0,0,65535_65535,0,1,147170,27,1,1,1,4,27,28,1,1,allocated
63,8066,greenran_normal,0,0,65535_65535,0,2,147170,19,1,1,0,3,0,28,1,1,pre_allocation
63,8066,greenran_normal,0,0,65535_65535,0,2,147170,27,1,1,1,4,27,28,1,1,allocated
63,8066,greenran_normal,0,0,65535_65535,0,5,147162,19,1,1,0,3,0,28,1,1,pre_allocation
63,8066,greenran_normal,0,0,65535_65535,0,5,147162,27,1,1,1,4,27,28,1,1,allocated
63,8066,greenran_normal,0,0,65535_65535,0,3,147161,19,1,1,0,3,0,28,1,1,pre_allocation
63,8066,greenran_normal,0,0,65535_65535,0,3,147161,27,1,1,1,4,27,28,1,1,allocated
63,8066,greenran_normal,0,0,65535_65535,0,4,149805,18,1,1,0,4,0,22,1,1,pre_allocation
63,8066,greenran_normal,0,0,65535_65535,0,4,149805,23,1,1,1,5,23,22,1,1,allocated
63,8066,greenran_normal,0,0,65535_65535,0,1,147170,27,1,1,0,4,0,28,1,1,pre_allocation
63,8066,greenran_normal,0,0,65535_65535,0,1,147170,34,1,1,1,5,34,28,1,1,allocated
63,8066,greenran_normal,0,0,65535_65535,0,2,147170,27,1,1,0,4,0,28,1,1,pre_allocation
63,8066,greenran_normal,0,0,65535_65535,0,2,147170,34,1,1,1,5,34,28,1,1,allocated
63,8066,greenran_normal,0,0,65535_65535,0,5,147162,27,1,1,0,4,0,28,1,1,pre_allocation
63,8066,greenran_normal,0,0,65535_65535,0,5,147162,34,1,1,1,5,34,28,1,1,allocated
63,8066,greenran_normal,0,0,65535_65535,0,3,147161,27,1,1,0,4,0,28,1,1,pre_allocation
63,8066,greenran_normal,0,0,65535_65535,0,3,147161,34,1,1,1,5,34,28,1,1,allocated
63,8066,greenran_normal,0,0,65535_65535,0,4,149805,23,1,1,0,5,0,22,1,1,pre_allocation
63,8066,greenran_normal,0,0,65535_65535,0,4,149805,29,1,1,1,6,29,22,1,1,allocated
63,8066,greenran_normal,0,0,65535_65535,0,1,147170,34,1,1,0,5,0,28,1,1,pre_allocation
63,8066,greenran_normal,0,0,65535_65535,0,1,147170,42,1,1,1,6,42,28,1,1,allocated
63,8066,greenran_normal,0,0,65535_65535,0,2,147170,34,1,1,0,5,0,28,1,1,pre_allocation
63,8066,greenran_normal,0,0,65535_65535,0,2,147170,42,1,1,1,6,42,28,1,1,allocated
63,8066,greenran_normal,0,0,65535_65535,0,5,147162,34,1,1,0,5,0,28,1,1,pre_allocation
63,8066,greenran_normal,0,0,65535_65535,0,5,147162,42,1,1,1,6,42,28,1,1,allocated
63,8066,greenran_normal,0,0,65535_65535,0,3,147161,34,1,1,0,5,0,28,1,1,pre_allocation
63,8066,greenran_normal,0,0,65535_65535,0,3,147161,42,1,1,1,6,42,28,1,1,allocated
63,8066,greenran_normal,0,0,65535_65535,0,4,149805,29,1,1,0,6,0,22,1,1,pre_allocation
63,8066,greenran_normal,0,0,65535_65535,0,4,149805,34,1,1,1,7,34,22,1,1,allocated
63,8066,greenran_normal,0,0,65535_65535,0,1,147170,42,1,1,0,6,0,28,1,1,pre_allocation
63,8066,greenran_normal,0,0,65535_65535,0,1,147170,50,1,1,1,7,50,28,1,1,allocated
63,8066,greenran_normal,0,0,65535_65535,0,2,147170,42,1,1,0,6,0,28,1,1,pre_allocation
63,8066,greenran_normal,0,0,65535_65535,0,2,147170,50,1,1,1,7,50,28,1,1,allocated
63,8066,greenran_normal,0,0,65535_65535,0,5,147162,42,1,1,0,6,0,28,1,1,pre_allocation
63,8066,greenran_normal,0,0,65535_65535,0,5,147162,50,1,1,1,7,50,28,1,1,allocated
63,8066,greenran_normal,0,0,65535_65535,0,3,147161,42,1,1,0,6,0,28,1,1,pre_allocation
63,8066,greenran_normal,0,0,65535_65535,0,3,147161,50,1,1,1,7,50,28,1,1,allocated
63,8066,greenran_normal,0,0,65535_65535,0,4,149805,34,1,1,0,7,0,22,1,1,pre_allocation
63,8066,greenran_normal,0,0,65535_65535,0,4,149805,39,1,1,1,8,39,22,1,1,allocated
63,8066,greenran_normal,0,0,65535_65535,0,1,147170,50,1,1,0,7,0,28,1,1,pre_allocation
63,8066,greenran_normal,0,0,65535_65535,0,1,147170,57,1,1,1,8,57,28,1,1,allocated
63,8066,greenran_normal,0,0,65535_65535,0,2,147170,50,1,1,0,7,0,28,1,1,pre_allocation
63,8066,greenran_normal,0,0,65535_65535,0,2,147170,57,1,1,1,8,57,28,1,1,allocated
63,8066,greenran_normal,0,0,65535_65535,0,5,147162,50,1,1,0,7,0,28,1,1,pre_allocation
63,8066,greenran_normal,0,0,65535_65535,0,5,147162,57,1,1,1,8,57,28,1,1,allocated
63,8066,greenran_normal,0,0,65535_65535,0,3,147161,50,1,1,0,7,0,28,1,1,pre_allocation
63,8066,greenran_normal,0,0,65535_65535,0,3,147161,57,1,1,1,8,57,28,1,1,allocated
63,8066,greenran_normal,0,0,65535_65535,0,4,149805,39,1,1,0,8,0,22,1,1,pre_allocation
63,8066,greenran_normal,0,0,65535_65535,0,4,149805,45,1,1,1,9,45,22,1,1,allocated
63,8066,greenran_normal,0,0,65535_65535,0,1,147170,57,1,1,0,8,0,28,1,1,pre_allocation
63,8066,greenran_normal,0,0,65535_65535,0,1,147170,65,1,1,1,9,65,28,1,1,allocated
63,8066,greenran_normal,0,0,65535_65535,0,2,147170,57,1,1,0,8,0,28,1,1,pre_allocation
63,8066,greenran_normal,0,0,65535_65535,0,2,147170,65,1,1,1,9,65,28,1,1,allocated
63,8066,greenran_normal,0,0,65535_65535,0,5,147162,57,1,1,0,8,0,28,1,1,pre_allocation
63,8066,greenran_normal,0,0,65535_65535,0,5,147162,65,1,1,1,9,65,28,1,1,allocated
63,8066,greenran_normal,0,0,65535_65535,0,3,147161,57,1,1,0,8,0,28,1,1,pre_allocation
63,8066,greenran_normal,0,0,65535_65535,0,3,147161,65,1,1,1,9,65,28,1,1,allocated
63,8066,greenran_normal,0,0,65535_65535,0,4,149805,45,1,1,0,9,0,22,1,1,pre_allocation
63,8066,greenran_normal,0,0,65535_65535,0,4,149805,50,1,1,1,10,50,22,1,1,allocated
63,8066,greenran_normal,0,0,65535_65535,0,1,147170,65,1,1,0,9,0,28,1,1,pre_allocation
63,8066,greenran_normal,0,0,65535_65535,0,1,147170,72,1,1,1,10,72,28,1,1,allocated
63,8066,greenran_normal,0,0,65535_65535,0,2,147170,65,1,1,0,9,0,28,1,1,pre_allocation
63,8066,greenran_normal,0,0,65535_65535,0,2,147170,72,1,1,1,10,72,28,1,1,allocated
63,8066,greenran_normal,0,0,65535_65535,0,5,147162,65,1,1,0,9,0,28,1,1,pre_allocation
63,8066,greenran_normal,0,0,65535_65535,0,5,147162,72,1,1,1,10,72,28,1,1,allocated
63,8066,greenran_normal,0,0,65535_65535,0,3,147161,65,1,1,0,9,0,28,1,1,pre_allocation
63,8066,greenran_normal,0,0,65535_65535,0,3,147161,72,1,1,1,10,72,28,1,1,allocated
63,8066,greenran_normal,0,0,65535_65535,0,4,149805,50,1,1,0,10,0,22,1,1,pre_allocation
63,8066,greenran_normal,0,0,65535_65535,0,4,149805,55,1,1,1,11,55,22,1,1,allocated
63,8066,greenran_normal,0,0,65535_65535,0,1,147170,72,1,1,0,10,0,28,1,1,pre_allocation
63,8066,greenran_normal,0,0,65535_65535,0,1,147170,80,1,1,1,11,80,28,1,1,allocated
63,8066,greenran_normal,0,0,65535_65535,0,2,147170,72,1,1,0,10,0,28,1,1,pre_allocation
63,8066,greenran_normal,0,0,65535_65535,0,2,147170,80,1,1,1,11,80,28,1,1,allocated
63,8066,greenran_normal,0,0,65535_65535,0,5,147162,72,1,1,0,10,0,28,1,1,pre_allocation
63,8066,greenran_normal,0,0,65535_65535,0,5,147162,80,1,1,1,11,80,28,1,1,allocated
63,8066,greenran_normal,0,0,65535_65535,0,3,147161,72,1,1,0,10,0,28,1,1,pre_allocation
63,8066,greenran_normal,0,0,65535_65535,0,3,147161,80,1,1,1,11,80,28,1,1,allocated
63,8066,greenran_normal,0,0,65535_65535,0,4,149805,55,1,1,0,11,0,22,1,1,pre_allocation
63,8066,greenran_normal,0,0,65535_65535,0,4,149805,61,1,1,1,12,61,22,1,1,allocated
63,8066,greenran_normal,0,0,65535_65535,0,1,147170,80,1,1,0,11,0,28,1,1,pre_allocation
63,8066,greenran_normal,0,0,65535_65535,0,1,147170,88,1,1,1,12,88,28,1,1,allocated
63,8066,greenran_normal,0,0,65535_65535,0,2,147170,80,1,1,0,11,0,28,1,1,pre_allocation
63,8066,greenran_normal,0,0,65535_65535,0,2,147170,88,1,1,1,12,88,28,1,1,allocated
63,8066,greenran_normal,0,0,65535_65535,0,5,147162,80,1,1,0,11,0,28,1,1,pre_allocation
63,8066,greenran_normal,0,0,65535_65535,0,5,147162,88,1,1,1,12,88,28,1,1,allocated
63,8066,greenran_normal,0,0,65535_65535,0,3,147161,80,1,1,0,11,0,28,1,1,pre_allocation
63,8066,greenran_normal,0,0,65535_65535,0,3,147161,88,1,1,1,12,88,28,1,1,allocated
63,8066,greenran_normal,0,0,65535_65535,0,4,149805,61,1,1,0,12,0,22,1,1,pre_allocation
63,8066,greenran_normal,0,0,65535_65535,0,4,149805,66,1,1,1,13,66,22,1,1,allocated
63,8066,greenran_normal,0,0,65535_65535,0,1,147170,88,1,1,0,12,0,28,1,1,pre_allocation
63,8066,greenran_normal,0,0,65535_65535,0,1,147170,95,1,1,1,13,95,28,1,1,allocated
63,8066,greenran_normal,0,0,65535_65535,0,2,147170,88,1,1,0,12,0,28,1,1,pre_allocation
63,8066,greenran_normal,0,0,65535_65535,0,2,147170,95,1,1,1,13,95,28,1,1,allocated
63,8066,greenran_normal,0,0,65535_65535,0,5,147162,88,1,1,0,12,0,28,1,1,pre_allocation
63,8066,greenran_normal,0,0,65535_65535,0,5,147162,95,1,1,1,13,95,28,1,1,allocated
63,8066,greenran_normal,0,0,65535_65535,0,3,147161,88,1,1,0,12,0,28,1,1,pre_allocation
63,8066,greenran_normal,0,0,65535_65535,0,3,147161,95,1,1,1,13,95,28,1,1,allocated
63,8066,greenran_normal,0,0,65535_65535,0,4,149805,66,1,1,0,13,0,22,1,1,pre_allocation
63,8066,greenran_normal,0,0,65535_65535,0,4,149805,72,1,1,1,14,72,22,1,1,allocated
63,8066,greenran_normal,0,0,65535_65535,0,1,147170,95,1,1,0,13,0,28,1,1,pre_allocation
63,8066,greenran_normal,0,0,65535_65535,0,1,147170,103,1,1,1,14,103,28,1,1,allocated
63,8066,greenran_normal,0,0,65535_65535,0,2,147170,95,1,1,0,13,0,28,1,1,pre_allocation
63,8066,greenran_normal,0,0,65535_65535,0,2,147170,103,1,1,1,14,103,28,1,1,allocated
63,8066,greenran_normal,0,0,65535_65535,0,5,147162,95,1,1,0,13,0,28,1,1,pre_allocation
63,8066,greenran_normal,0,0,65535_65535,0,5,147162,103,1,1,1,14,103,28,1,1,allocated
63,8066,greenran_normal,0,0,65535_65535,0,3,147161,95,1,1,0,13,0,28,1,1,pre_allocation
63,8066,greenran_normal,0,0,65535_65535,0,3,147161,103,1,1,1,14,103,28,1,1,allocated
63,8066,greenran_normal,0,0,65535_65535,0,4,149805,72,1,1,0,14,0,22,1,1,pre_allocation
63,8066,greenran_normal,0,0,65535_65535,0,4,149805,77,1,1,1,15,77,22,1,1,allocated
63,8066,greenran_normal,0,0,65535_65535,0,1,147170,103,1,1,0,14,0,28,1,1,pre_allocation
63,8066,greenran_normal,0,0,65535_65535,0,1,147170,110,1,1,1,15,110,28,1,1,allocated
63,8066,greenran_normal,0,0,65535_65535,0,2,147170,103,1,1,0,14,0,28,1,1,pre_allocation
63,8066,greenran_normal,0,0,65535_65535,0,2,147170,110,1,1,1,15,110,28,1,1,allocated
63,8066,greenran_normal,0,0,65535_65535,0,5,147162,103,1,1,0,14,0,28,1,1,pre_allocation
63,8066,greenran_normal,0,0,65535_65535,0,5,147162,110,1,1,1,15,110,28,1,1,allocated
63,8066,greenran_normal,0,0,65535_65535,0,3,147161,103,1,1,0,14,0,28,1,1,pre_allocation
63,8066,greenran_normal,0,0,65535_65535,0,3,147161,110,1,1,1,15,110,28,1,1,allocated
63,8066,greenran_normal,0,0,65535_65535,0,4,149805,77,1,1,0,15,0,22,1,1,pre_allocation
63,8066,greenran_normal,0,0,65535_65535,0,4,149805,82,1,1,1,16,82,22,1,1,allocated
63,8066,greenran_normal,0,0,65535_65535,0,1,147170,110,1,1,0,15,0,28,1,1,pre_allocation
63,8066,greenran_normal,0,0,65535_65535,0,1,147170,118,1,1,1,16,118,28,1,1,allocated
63,8066,greenran_normal,0,0,65535_65535,0,2,147170,110,1,1,0,15,0,28,1,1,pre_allocation
63,8066,greenran_normal,0,0,65535_65535,0,2,147170,118,1,1,1,16,118,28,1,1,allocated
63,8066,greenran_normal,0,0,65535_65535,0,5,147162,110,1,1,0,15,0,28,1,1,pre_allocation
63,8066,greenran_normal,0,0,65535_65535,0,5,147162,118,1,1,1,16,118,28,1,1,allocated
63,8066,greenran_normal,0,0,65535_65535,0,3,147161,110,1,1,0,15,0,28,1,1,pre_allocation
63,8066,greenran_normal,0,0,65535_65535,0,3,147161,118,1,1,1,16,118,28,1,1,allocated
63,8066,greenran_normal,0,0,65535_65535,0,4,149805,82,1,1,0,16,0,22,1,1,pre_allocation
63,8066,greenran_normal,0,0,65535_65535,0,4,149805,88,1,1,1,17,88,22,1,1,allocated
63,8066,greenran_normal,0,0,65535_65535,0,1,147170,118,1,1,0,16,0,28,1,1,pre_allocation
63,8066,greenran_normal,0,0,65535_65535,0,1,147170,126,1,1,1,17,126,28,1,1,allocated
63,8066,greenran_normal,0,0,65535_65535,0,2,147170,118,1,1,0,16,0,28,1,1,pre_allocation
63,8066,greenran_normal,0,0,65535_65535,0,2,147170,126,1,1,1,17,126,28,1,1,allocated
63,8066,greenran_normal,0,0,65535_65535,0,5,147162,118,1,1,0,16,0,28,1,1,pre_allocation
63,8066,greenran_normal,0,0,65535_65535,0,5,147162,126,1,1,1,17,126,28,1,1,allocated
63,8066,greenran_normal,0,0,65535_65535,0,3,147161,118,1,1,0,16,0,28,1,1,pre_allocation
63,8066,greenran_normal,0,0,65535_65535,0,3,147161,126,1,1,1,17,126,28,1,1,allocated
63,8066,greenran_normal,0,0,65535_65535,0,4,149805,88,1,1,0,17,0,22,1,1,pre_allocation
63,8066,greenran_normal,0,0,65535_65535,0,4,149805,93,1,1,1,18,93,22,1,1,allocated
63,8066,greenran_normal,0,0,65535_65535,0,1,147170,126,1,1,0,17,0,28,1,1,pre_allocation
63,8066,greenran_normal,0,0,65535_65535,0,1,147170,133,1,1,1,18,133,28,1,1,allocated
63,8066,greenran_normal,0,0,65535_65535,0,2,147170,126,1,1,0,17,0,28,1,1,pre_allocation
63,8066,greenran_normal,0,0,65535_65535,0,2,147170,133,1,1,1,18,133,28,1,1,allocated
63,8066,greenran_normal,0,0,65535_65535,0,5,147162,126,1,1,0,17,0,28,1,1,pre_allocation
63,8066,greenran_normal,0,0,65535_65535,0,5,147162,133,1,1,1,18,133,28,1,1,allocated
63,8066,greenran_normal,0,0,65535_65535,0,3,147161,126,1,1,0,17,0,28,1,1,pre_allocation
63,8066,greenran_normal,0,0,65535_65535,0,3,147161,133,1,1,1,18,133,28,1,1,allocated
63,8066,greenran_normal,0,0,65535_65535,0,4,149805,93,1,1,0,18,0,22,1,1,pre_allocation
63,8066,greenran_normal,0,0,65535_65535,0,4,149805,98,1,1,1,19,98,22,1,1,allocated
63,8066,greenran_normal,0,0,65535_65535,0,1,147170,133,1,1,0,18,0,28,1,1,pre_allocation
63,8066,greenran_normal,0,0,65535_65535,0,1,147170,141,1,1,1,19,141,28,1,1,allocated
63,8066,greenran_normal,0,0,65535_65535,0,2,147170,133,1,1,0,18,0,28,1,1,pre_allocation
63,8066,greenran_normal,0,0,65535_65535,0,2,147170,141,1,1,1,19,141,28,1,1,allocated
63,8066,greenran_normal,0,0,65535_65535,0,5,147162,133,1,1,0,18,0,28,1,1,pre_allocation
63,8066,greenran_normal,0,0,65535_65535,0,5,147162,141,1,1,1,19,141,28,1,1,allocated
63,8066,greenran_normal,0,0,65535_65535,0,3,147161,133,1,1,0,18,0,28,1,1,pre_allocation
63,8066,greenran_normal,0,0,65535_65535,0,3,147161,141,1,1,1,19,141,28,1,1,allocated
63,8066,greenran_normal,0,0,65535_65535,0,4,149805,98,1,1,0,19,0,22,1,1,pre_allocation
63,8066,greenran_normal,0,0,65535_65535,0,4,149805,104,1,1,1,20,104,22,1,1,allocated
63,8066,greenran_normal,0,0,65535_65535,0,1,147170,141,1,1,0,19,0,28,1,1,pre_allocation
63,8066,greenran_normal,0,0,65535_65535,0,1,147170,148,1,1,1,20,148,28,1,1,allocated
63,8066,greenran_normal,0,0,65535_65535,0,2,147170,141,1,1,0,19,0,28,1,1,pre_allocation
63,8066,greenran_normal,0,0,65535_65535,0,2,147170,148,1,1,1,20,148,28,1,1,allocated
63,8066,greenran_normal,0,0,65535_65535,0,5,147162,141,1,1,0,19,0,28,1,1,pre_allocation
63,8066,greenran_normal,0,0,65535_65535,0,5,147162,148,1,1,1,20,148,28,1,1,allocated
63,8066,greenran_normal,0,0,65535_65535,0,3,147161,141,1,1,0,19,0,28,1,1,pre_allocation
63,8066,greenran_normal,0,0,65535_65535,0,3,147161,148,1,1,1,20,148,28,1,1,allocated
63,8066,greenran_normal,0,0,65535_65535,0,4,149805,104,1,1,0,20,0,22,1,1,pre_allocation
63,8066,greenran_normal,0,0,65535_65535,0,4,149805,109,1,1,1,21,109,22,1,1,allocated
63,8066,greenran_normal,0,0,65535_65535,0,1,147170,148,1,1,0,20,0,28,1,1,pre_allocation
63,8066,greenran_normal,0,0,65535_65535,0,1,147170,156,1,1,1,21,156,28,1,1,allocated
63,8066,greenran_normal,0,0,65535_65535,0,2,147170,148,1,1,0,20,0,28,1,1,pre_allocation
63,8066,greenran_normal,0,0,65535_65535,0,2,147170,156,1,1,1,21,156,28,1,1,allocated
63,8066,greenran_normal,0,0,65535_65535,0,5,147162,148,1,1,0,20,0,28,1,1,pre_allocation
63,8066,greenran_normal,0,0,65535_65535,0,5,147162,156,1,1,1,21,156,28,1,1,allocated
63,8066,greenran_normal,0,0,65535_65535,0,3,147161,148,1,1,0,20,0,28,1,1,pre_allocation
63,8066,greenran_normal,0,0,65535_65535,0,3,147161,156,1,1,1,21,156,28,1,1,allocated
63,8066,greenran_normal,0,0,65535_65535,0,4,149805,109,1,1,0,21,0,22,1,1,pre_allocation
63,8066,greenran_normal,0,0,65535_65535,0,4,149805,114,1,1,1,22,114,22,1,1,allocated
63,8066,greenran_normal,0,0,65535_65535,0,1,147170,156,1,1,0,21,0,28,1,1,pre_allocation
63,8066,greenran_normal,0,0,65535_65535,0,1,147170,163,1,1,1,22,163,28,1,1,allocated
63,8066,greenran_normal,0,0,65535_65535,0,2,147170,156,1,1,0,21,0,28,1,1,pre_allocation
63,8066,greenran_normal,0,0,65535_65535,0,2,147170,163,1,1,1,22,163,28,1,1,allocated
63,8066,greenran_normal,0,0,65535_65535,0,5,147162,156,1,1,0,21,0,28,1,1,pre_allocation
63,8066,greenran_normal,0,0,65535_65535,0,5,147162,163,1,1,1,22,163,28,1,1,allocated
63,8066,greenran_normal,0,0,65535_65535,0,3,147161,156,1,1,0,21,0,28,1,1,pre_allocation
63,8066,greenran_normal,0,0,65535_65535,0,3,147161,163,1,1,1,22,163,28,1,1,allocated
63,8066,greenran_normal,0,0,65535_65535,0,4,149805,114,1,1,0,22,0,22,1,1,pre_allocation
63,8066,greenran_normal,0,0,65535_65535,0,4,149805,120,1,1,1,23,120,22,1,1,allocated
63,8066,greenran_normal,0,0,65535_65535,0,1,147170,163,1,1,0,22,0,28,1,1,pre_allocation
63,8066,greenran_normal,0,0,65535_65535,0,1,147170,171,1,1,1,23,171,28,1,1,allocated
63,8066,greenran_normal,0,0,65535_65535,0,2,147170,163,1,1,0,22,0,28,1,1,pre_allocation
63,8066,greenran_normal,0,0,65535_65535,0,2,147170,171,1,1,1,23,171,28,1,1,allocated
63,8066,greenran_normal,0,0,65535_65535,0,5,147162,163,1,1,0,22,0,28,1,1,pre_allocation
63,8066,greenran_normal,0,0,65535_65535,0,5,147162,171,1,1,1,23,171,28,1,1,allocated
63,8066,greenran_normal,0,0,65535_65535,0,3,147161,163,1,1,0,22,0,28,1,1,pre_allocation
63,8066,greenran_normal,0,0,65535_65535,0,3,147161,171,1,1,1,23,171,28,1,1,allocated
63,8066,greenran_normal,0,0,65535_65535,0,4,149805,120,1,1,0,23,0,22,1,1,pre_allocation
63,8066,greenran_normal,0,0,65535_65535,0,4,149805,125,1,1,1,24,125,22,1,1,allocated
63,8066,greenran_normal,0,0,65535_65535,0,1,147170,171,1,1,0,23,0,28,1,1,pre_allocation
63,8066,greenran_normal,0,0,65535_65535,0,1,147170,179,1,1,1,24,179,28,1,1,allocated
63,8066,greenran_normal,0,0,65535_65535,0,2,147170,171,1,1,0,23,0,28,1,1,pre_allocation
63,8066,greenran_normal,0,0,65535_65535,0,2,147170,179,1,1,1,24,179,28,1,1,allocated
63,8066,greenran_normal,0,0,65535_65535,0,5,147162,171,1,1,0,23,0,28,1,1,pre_allocation
63,8066,greenran_normal,0,0,65535_65535,0,5,147162,179,1,1,1,24,179,28,1,1,allocated
63,8066,greenran_normal,0,0,65535_65535,0,3,147161,171,1,1,0,23,0,28,1,1,pre_allocation
63,8066,greenran_normal,0,0,65535_65535,0,3,147161,179,1,1,1,24,179,28,1,1,allocated
63,8066,greenran_normal,0,0,65535_65535,0,4,149805,125,1,1,0,24,0,22,1,1,pre_allocation
63,8066,greenran_normal,0,0,65535_65535,0,4,149805,131,1,1,1,25,131,22,1,1,allocated
63,8066,greenran_normal,0,0,65535_65535,0,1,147170,179,1,1,0,24,0,28,1,1,pre_allocation
63,8066,greenran_normal,0,0,65535_65535,0,1,147170,186,1,1,1,25,186,28,1,1,allocated
63,8066,greenran_normal,0,0,65535_65535,0,2,147170,179,1,1,0,24,0,28,1,1,pre_allocation
63,8066,greenran_normal,0,0,65535_65535,0,2,147170,186,1,1,1,25,186,28,1,1,allocated
63,8066,greenran_normal,0,0,65535_65535,0,5,147162,179,1,1,0,24,0,28,1,1,pre_allocation
63,8066,greenran_normal,0,0,65535_65535,0,5,147162,186,1,1,1,25,186,28,1,1,allocated
63,8066,greenran_normal,0,0,65535_65535,0,3,147161,179,1,1,0,24,0,28,1,1,pre_allocation
63,8066,greenran_normal,0,0,65535_65535,0,3,147161,186,1,1,1,25,186,28,1,1,allocated
63,8066,greenran_normal,0,0,65535_65535,0,4,149805,131,1,1,0,25,0,22,1,1,pre_allocation
63,8066,greenran_normal,0,0,65535_65535,0,4,149805,136,1,1,1,26,136,22,1,1,allocated
63,8066,greenran_normal,0,0,65535_65535,0,1,147170,186,1,1,0,25,0,28,1,1,pre_allocation
63,8066,greenran_normal,0,0,65535_65535,0,1,147170,194,1,1,1,26,194,28,1,1,allocated
63,8066,greenran_normal,0,0,65535_65535,0,2,147170,186,1,1,0,25,0,28,1,1,pre_allocation
63,8066,greenran_normal,0,0,65535_65535,0,2,147170,194,1,1,1,26,194,28,1,1,allocated
63,8066,greenran_normal,0,0,65535_65535,0,5,147162,186,1,1,0,25,0,28,1,1,pre_allocation
63,8066,greenran_normal,0,0,65535_65535,0,5,147162,194,1,1,1,26,194,28,1,1,allocated
63,8066,greenran_normal,0,0,65535_65535,0,3,147161,186,1,1,0,25,0,28,1,1,pre_allocation
63,8066,greenran_normal,0,0,65535_65535,0,3,147161,194,1,1,1,26,194,28,1,1,allocated
63,8066,greenran_normal,0,0,65535_65535,0,4,149805,136,1,1,0,26,0,22,1,1,pre_allocation
63,8066,greenran_normal,0,0,65535_65535,0,4,149805,141,1,1,1,27,141,22,1,1,allocated
63,8066,greenran_normal,0,0,65535_65535,0,1,147170,194,1,1,0,26,0,28,1,1,pre_allocation
63,8066,greenran_normal,0,0,65535_65535,0,1,147170,201,1,1,1,27,201,28,1,1,allocated
63,8066,greenran_normal,0,0,65535_65535,0,2,147170,194,1,1,0,26,0,28,1,1,pre_allocation
63,8066,greenran_normal,0,0,65535_65535,0,2,147170,201,1,1,1,27,201,28,1,1,allocated
63,8066,greenran_normal,0,0,65535_65535,0,5,147162,194,1,1,0,26,0,28,1,1,pre_allocation
63,8066,greenran_normal,0,0,65535_65535,0,5,147162,201,1,1,1,27,201,28,1,1,allocated
63,8066,greenran_normal,0,0,65535_65535,0,3,147161,194,1,1,0,26,0,28,1,1,pre_allocation
63,8066,greenran_normal,0,0,65535_65535,0,3,147161,201,1,1,1,27,201,28,1,1,allocated
63,8066,greenran_normal,0,0,65535_65535,0,4,149805,141,1,1,0,27,0,22,1,1,pre_allocation
63,8066,greenran_normal,0,0,65535_65535,0,4,149805,147,1,1,1,28,147,22,1,1,allocated
63,8066,greenran_normal,0,0,65535_65535,0,1,147170,201,1,1,0,27,0,28,1,1,pre_allocation
63,8066,greenran_normal,0,0,65535_65535,0,1,147170,209,1,1,1,28,209,28,1,1,allocated
63,8066,greenran_normal,0,0,65535_65535,0,2,147170,201,1,1,0,27,0,28,1,1,pre_allocation
63,8066,greenran_normal,0,0,65535_65535,0,2,147170,209,1,1,1,28,209,28,1,1,allocated
63,8066,greenran_normal,0,0,65535_65535,0,5,147162,201,1,1,0,27,0,28,1,1,pre_allocation
63,8066,greenran_normal,0,0,65535_65535,0,5,147162,209,1,1,1,28,209,28,1,1,allocated
63,8066,greenran_normal,0,0,65535_65535,0,3,147161,201,1,1,0,27,0,28,1,1,pre_allocation
63,8066,greenran_normal,0,0,65535_65535,0,3,147161,209,1,1,1,28,209,28,1,1,allocated
63,8066,greenran_normal,0,0,65535_65535,0,4,149805,147,1,1,0,28,0,22,1,1,pre_allocation
63,8066,greenran_normal,0,0,65535_65535,0,4,149805,152,1,1,1,29,152,22,1,1,allocated
63,8066,greenran_normal,0,0,65535_65535,0,1,147170,209,1,1,0,28,0,28,1,1,pre_allocation
63,8066,greenran_normal,0,0,65535_65535,0,1,147170,217,1,1,1,29,217,28,1,1,allocated
63,8066,greenran_normal,0,0,65535_65535,2,38,4834413,0,1,1,0,0,0,2,1,1,pre_allocation
63,8066,greenran_normal,0,0,65535_65535,2,38,4834413,0,1,1,1,1,0,2,1,1,allocated
63,8066,greenran_normal,0,0,65535_65535,2,60,4834114,0,1,1,0,0,0,12,1,1,pre_allocation
63,8066,greenran_normal,0,0,65535_65535,2,60,4834114,2,1,1,1,1,2,12,1,1,allocated
63,8066,greenran_normal,0,0,65535_65535,2,64,4833799,0,1,1,0,0,0,15,1,1,pre_allocation
63,8066,greenran_normal,0,0,65535_65535,2,64,4833799,2,1,1,1,1,2,15,1,1,allocated
63,8066,greenran_normal,0,0,65535_65535,2,43,4833153,0,1,1,0,0,0,18,1,1,pre_allocation
63,8066,greenran_normal,0,0,65535_65535,2,43,4833153,0,1,1,1,1,0,18,1,1,allocated
63,8066,greenran_normal,0,0,65535_65535,2,42,4832646,0,1,1,0,0,0,24,1,1,pre_allocation
63,8066,greenran_normal,0,0,65535_65535,2,42,4832646,3,1,1,1,1,3,24,1,1,allocated
63,8066,greenran_normal,0,0,65535_65535,2,36,4832191,0,1,1,0,0,0,24,1,1,pre_allocation
63,8066,greenran_normal,0,0,65535_65535,2,36,4832191,3,1,1,1,1,3,24,1,1,allocated
63,8066,greenran_normal,0,0,65535_65535,2,59,4832131,0,1,1,0,0,0,26,1,1,pre_allocation
63,8066,greenran_normal,0,0,65535_65535,2,59,4832131,4,1,1,1,1,4,26,1,1,allocated
63,8066,greenran_normal,0,0,65535_65535,2,39,4832095,0,1,1,0,0,0,28,1,1,pre_allocation
63,8066,greenran_normal,0,0,65535_65535,2,39,4832095,4,1,1,1,1,4,28,1,1,allocated
63,8066,greenran_normal,0,0,65535_65535,2,58,4832156,0,1,1,0,0,0,26,1,1,pre_allocation
63,8066,greenran_normal,0,0,65535_65535,2,58,4832156,4,1,1,1,1,4,26,1,1,allocated
63,8066,greenran_normal,0,0,65535_65535,2,56,4832077,0,1,1,0,0,0,28,1,1,pre_allocation
63,8066,greenran_normal,0,0,65535_65535,2,56,4832077,4,1,1,1,1,4,28,1,1,allocated
63,8066,greenran_normal,0,0,65535_65535,2,57,4832077,0,1,1,0,0,0,28,1,1,pre_allocation
63,8066,greenran_normal,0,0,65535_65535,2,57,4832077,4,1,1,1,1,4,28,1,1,allocated
63,8066,greenran_normal,0,0,65535_65535,2,40,4832079,0,1,1,0,0,0,28,1,1,pre_allocation
63,8066,greenran_normal,0,0,65535_65535,2,40,4832079,4,1,1,1,1,4,28,1,1,allocated
63,8066,greenran_normal,0,0,65535_65535,2,63,4832075,0,1,1,0,0,0,28,1,1,pre_allocation
63,8066,greenran_normal,0,0,65535_65535,2,63,4832075,4,1,1,1,1,4,28,1,1,allocated
63,8066,greenran_normal,0,0,65535_65535,2,62,4832075,0,1,1,0,0,0,28,1,1,pre_allocation
63,8066,greenran_normal,0,0,65535_65535,2,62,4832075,4,1,1,1,1,4,28,1,1,allocated
63,8066,greenran_normal,0,0,65535_65535,2,61,4832074,0,1,1,0,0,0,28,1,1,pre_allocation
63,8066,greenran_normal,0,0,65535_65535,2,61,4832074,4,1,1,1,1,4,28,1,1,allocated
63,8066,greenran_normal,0,0,65535_65535,2,44,4832070,0,1,1,0,0,0,28,1,1,pre_allocation
63,8066,greenran_normal,0,0,65535_65535,2,44,4832070,4,1,1,1,1,4,28,1,1,allocated
63,8066,greenran_normal,0,0,65535_65535,2,55,4832070,0,1,1,0,0,0,28,1,1,pre_allocation
63,8066,greenran_normal,0,0,65535_65535,2,55,4832070,4,1,1,1,1,4,28,1,1,allocated
63,8066,greenran_normal,0,0,65535_65535,2,35,4832069,0,1,1,0,0,0,28,1,1,pre_allocation
63,8066,greenran_normal,0,0,65535_65535,2,35,4832069,4,1,1,1,1,4,28,1,1,allocated
63,8066,greenran_normal,0,0,65535_65535,2,37,4832072,0,1,1,0,0,0,28,1,1,pre_allocation
63,8066,greenran_normal,0,0,65535_65535,2,37,4832072,4,1,1,1,1,4,28,1,1,allocated
63,8066,greenran_normal,0,0,65535_65535,2,41,4832072,0,1,1,0,0,0,28,1,1,pre_allocation
63,8066,greenran_normal,0,0,65535_65535,2,41,4832072,4,1,1,1,1,4,28,1,1,allocated
63,8066,greenran_normal,0,0,65535_65535,2,38,4834413,0,1,1,0,1,0,2,1,1,pre_allocation
63,8066,greenran_normal,0,0,65535_65535,2,38,4834413,0,1,1,1,2,0,2,1,1,allocated
63,8066,greenran_normal,0,0,65535_65535,2,60,4834114,2,1,1,0,1,0,12,1,1,pre_allocation
63,8066,greenran_normal,0,0,65535_65535,2,60,4834114,1,1,1,1,2,1,12,1,1,allocated
63,8066,greenran_normal,0,0,65535_65535,2,64,4833799,2,1,1,0,1,0,15,1,1,pre_allocation
63,8066,greenran_normal,0,0,65535_65535,2,64,4833799,2,1,1,1,2,2,15,1,1,allocated
63,8066,greenran_normal,0,0,65535_65535,2,43,4833153,0,1,1,0,1,0,18,1,1,pre_allocation
63,8066,greenran_normal,0,0,65535_65535,2,43,4833153,4,1,1,1,2,4,18,1,1,allocated
63,8066,greenran_normal,0,0,65535_65535,2,42,4832646,3,1,1,0,1,0,24,1,1,pre_allocation
63,8066,greenran_normal,0,0,65535_65535,2,42,4832646,9,1,1,1,2,9,24,1,1,allocated
63,8066,greenran_normal,0,0,65535_65535,2,36,4832191,3,1,1,0,1,0,24,1,1,pre_allocation
63,8066,greenran_normal,0,0,65535_65535,2,36,4832191,9,1,1,1,2,9,24,1,1,allocated
63,8066,greenran_normal,0,0,65535_65535,2,59,4832131,4,1,1,0,1,0,26,1,1,pre_allocation
63,8066,greenran_normal,0,0,65535_65535,2,59,4832131,11,1,1,1,2,11,26,1,1,allocated
63,8066,greenran_normal,0,0,65535_65535,2,39,4832095,4,1,1,0,1,0,28,1,1,pre_allocation
63,8066,greenran_normal,0,0,65535_65535,2,39,4832095,12,1,1,1,2,12,28,1,1,allocated
63,8066,greenran_normal,0,0,65535_65535,2,58,4832156,4,1,1,0,1,0,26,1,1,pre_allocation
63,8066,greenran_normal,0,0,65535_65535,2,58,4832156,11,1,1,1,2,11,26,1,1,allocated
63,8066,greenran_normal,0,0,65535_65535,2,56,4832077,4,1,1,0,1,0,28,1,1,pre_allocation
63,8066,greenran_normal,0,0,65535_65535,2,56,4832077,12,1,1,1,2,12,28,1,1,allocated
63,8066,greenran_normal,0,0,65535_65535,2,57,4832077,4,1,1,0,1,0,28,1,1,pre_allocation
63,8066,greenran_normal,0,0,65535_65535,2,57,4832077,12,1,1,1,2,12,28,1,1,allocated
63,8066,greenran_normal,0,0,65535_65535,2,40,4832079,4,1,1,0,1,0,28,1,1,pre_allocation
63,8066,greenran_normal,0,0,65535_65535,2,40,4832079,12,1,1,1,2,12,28,1,1,allocated
63,8066,greenran_normal,0,0,65535_65535,2,63,4832075,4,1,1,0,1,0,28,1,1,pre_allocation
63,8066,greenran_normal,0,0,65535_65535,2,63,4832075,12,1,1,1,2,12,28,1,1,allocated
63,8066,greenran_normal,0,0,65535_65535,2,62,4832075,4,1,1,0,1,0,28,1,1,pre_allocation
63,8066,greenran_normal,0,0,65535_65535,2,62,4832075,12,1,1,1,2,12,28,1,1,allocated
63,8066,greenran_normal,0,0,65535_65535,2,61,4832074,4,1,1,0,1,0,28,1,1,pre_allocation
63,8066,greenran_normal,0,0,65535_65535,2,61,4832074,12,1,1,1,2,12,28,1,1,allocated
63,8066,greenran_normal,0,0,65535_65535,2,44,4832070,4,1,1,0,1,0,28,1,1,pre_allocation
63,8066,greenran_normal,0,0,65535_65535,2,44,4832070,12,1,1,1,2,12,28,1,1,allocated
63,8066,greenran_normal,0,0,65535_65535,2,55,4832070,4,1,1,0,1,0,28,1,1,pre_allocation
63,8066,greenran_normal,0,0,65535_65535,2,55,4832070,12,1,1,1,2,12,28,1,1,allocated
63,8066,greenran_normal,0,0,65535_65535,2,35,4832069,4,1,1,0,1,0,28,1,1,pre_allocation
63,8066,greenran_normal,0,0,65535_65535,2,35,4832069,12,1,1,1,2,12,28,1,1,allocated
63,8066,greenran_normal,0,0,65535_65535,2,37,4832072,4,1,1,0,1,0,28,1,1,pre_allocation
63,8066,greenran_normal,0,0,65535_65535,2,37,4832072,12,1,1,1,2,12,28,1,1,allocated
63,8066,greenran_normal,0,0,65535_65535,2,41,4832072,4,1,1,0,1,0,28,1,1,pre_allocation
63,8066,greenran_normal,0,0,65535_65535,2,41,4832072,12,1,1,1,2,12,28,1,1,allocated
63,8066,greenran_normal,0,0,65535_65535,2,38,4834413,0,1,1,0,2,0,2,1,1,pre_allocation
63,8066,greenran_normal,0,0,65535_65535,2,38,4834413,0,1,1,1,3,0,2,1,1,allocated
63,8066,greenran_normal,0,0,65535_65535,2,60,4834114,1,1,1,0,2,0,12,1,1,pre_allocation
63,8066,greenran_normal,0,0,65535_65535,2,60,4834114,3,1,1,1,3,3,12,1,1,allocated
63,8066,greenran_normal,0,0,65535_65535,2,64,4833799,2,1,1,0,2,0,15,1,1,pre_allocation
63,8066,greenran_normal,0,0,65535_65535,2,64,4833799,5,1,1,1,3,5,15,1,1,allocated
63,8066,greenran_normal,0,0,65535_65535,2,43,4833153,4,1,1,0,2,0,18,1,1,pre_allocation
63,8066,greenran_normal,0,0,65535_65535,2,43,4833153,8,1,1,1,3,8,18,1,1,allocated
63,8066,greenran_normal,0,0,65535_65535,2,42,4832646,9,1,1,0,2,0,24,1,1,pre_allocation
63,8066,greenran_normal,0,0,65535_65535,2,42,4832646,15,1,1,1,3,15,24,1,1,allocated
63,8066,greenran_normal,0,0,65535_65535,2,36,4832191,9,1,1,0,2,0,24,1,1,pre_allocation
63,8066,greenran_normal,0,0,65535_65535,2,36,4832191,15,1,1,1,3,15,24,1,1,allocated
63,8066,greenran_normal,0,0,65535_65535,2,59,4832131,11,1,1,0,2,0,26,1,1,pre_allocation
63,8066,greenran_normal,0,0,65535_65535,2,59,4832131,18,1,1,1,3,18,26,1,1,allocated
63,8066,greenran_normal,0,0,65535_65535,2,39,4832095,12,1,1,0,2,0,28,1,1,pre_allocation
63,8066,greenran_normal,0,0,65535_65535,2,39,4832095,19,1,1,1,3,19,28,1,1,allocated
63,8066,greenran_normal,0,0,65535_65535,2,58,4832156,11,1,1,0,2,0,26,1,1,pre_allocation
63,8066,greenran_normal,0,0,65535_65535,2,58,4832156,18,1,1,1,3,18,26,1,1,allocated
63,8066,greenran_normal,0,0,65535_65535,2,56,4832077,12,1,1,0,2,0,28,1,1,pre_allocation
63,8066,greenran_normal,0,0,65535_65535,2,56,4832077,19,1,1,1,3,19,28,1,1,allocated
63,8066,greenran_normal,0,0,65535_65535,2,57,4832077,12,1,1,0,2,0,28,1,1,pre_allocation
63,8066,greenran_normal,0,0,65535_65535,2,57,4832077,19,1,1,1,3,19,28,1,1,allocated
63,8066,greenran_normal,0,0,65535_65535,2,40,4832079,12,1,1,0,2,0,28,1,1,pre_allocation
63,8066,greenran_normal,0,0,65535_65535,2,40,4832079,19,1,1,1,3,19,28,1,1,allocated
63,8066,greenran_normal,0,0,65535_65535,2,63,4832075,12,1,1,0,2,0,28,1,1,pre_allocation
63,8066,greenran_normal,0,0,65535_65535,2,63,4832075,19,1,1,1,3,19,28,1,1,allocated
63,8066,greenran_normal,0,0,65535_65535,2,62,4832075,12,1,1,0,2,0,28,1,1,pre_allocation
63,8066,greenran_normal,0,0,65535_65535,2,62,4832075,19,1,1,1,3,19,28,1,1,allocated
63,8066,greenran_normal,0,0,65535_65535,2,61,4832074,12,1,1,0,2,0,28,1,1,pre_allocation
63,8066,greenran_normal,0,0,65535_65535,2,61,4832074,19,1,1,1,3,19,28,1,1,allocated
63,8066,greenran_normal,0,0,65535_65535,2,44,4832070,12,1,1,0,2,0,28,1,1,pre_allocation
63,8066,greenran_normal,0,0,65535_65535,2,44,4832070,19,1,1,1,3,19,28,1,1,allocated
63,8066,greenran_normal,0,0,65535_65535,2,55,4832070,12,1,1,0,2,0,28,1,1,pre_allocation
63,8066,greenran_normal,0,0,65535_65535,2,55,4832070,19,1,1,1,3,19,28,1,1,allocated
63,8066,greenran_normal,0,0,65535_65535,2,35,4832069,12,1,1,0,2,0,28,1,1,pre_allocation
63,8066,greenran_normal,0,0,65535_65535,2,35,4832069,19,1,1,1,3,19,28,1,1,allocated
63,8066,greenran_normal,0,0,65535_65535,2,37,4832072,12,1,1,0,2,0,28,1,1,pre_allocation
63,8066,greenran_normal,0,0,65535_65535,2,37,4832072,19,1,1,1,3,19,28,1,1,allocated
63,8066,greenran_normal,0,0,65535_65535,2,41,4832072,12,1,1,0,2,0,28,1,1,pre_allocation
63,8066,greenran_normal,0,0,65535_65535,2,41,4832072,19,1,1,1,3,19,28,1,1,allocated
63,8066,greenran_normal,0,0,65535_65535,2,38,4834413,0,1,1,0,3,0,2,1,1,pre_allocation
63,8066,greenran_normal,0,0,65535_65535,2,38,4834413,1,1,1,1,4,1,2,1,1,allocated
63,8066,greenran_normal,0,0,65535_65535,2,60,4834114,3,1,1,0,3,0,12,1,1,pre_allocation
63,8066,greenran_normal,0,0,65535_65535,2,60,4834114,5,1,1,1,4,5,12,1,1,allocated
63,8066,greenran_normal,0,0,65535_65535,2,64,4833799,5,1,1,0,3,0,15,1,1,pre_allocation
63,8066,greenran_normal,0,0,65535_65535,2,64,4833799,8,1,1,1,4,8,15,1,1,allocated
63,8066,greenran_normal,0,0,65535_65535,2,43,4833153,8,1,1,0,3,0,18,1,1,pre_allocation
63,8066,greenran_normal,0,0,65535_65535,2,43,4833153,11,1,1,1,4,11,18,1,1,allocated
63,8066,greenran_normal,0,0,65535_65535,2,42,4832646,15,1,1,0,3,0,24,1,1,pre_allocation
63,8066,greenran_normal,0,0,65535_65535,2,42,4832646,21,1,1,1,4,21,24,1,1,allocated
63,8066,greenran_normal,0,0,65535_65535,2,36,4832191,15,1,1,0,3,0,24,1,1,pre_allocation
63,8066,greenran_normal,0,0,65535_65535,2,36,4832191,21,1,1,1,4,21,24,1,1,allocated
63,8066,greenran_normal,0,0,65535_65535,2,59,4832131,18,1,1,0,3,0,26,1,1,pre_allocation
63,8066,greenran_normal,0,0,65535_65535,2,59,4832131,25,1,1,1,4,25,26,1,1,allocated
63,8066,greenran_normal,0,0,65535_65535,2,39,4832095,19,1,1,0,3,0,28,1,1,pre_allocation
63,8066,greenran_normal,0,0,65535_65535,2,39,4832095,27,1,1,1,4,27,28,1,1,allocated
63,8066,greenran_normal,0,0,65535_65535,2,58,4832156,18,1,1,0,3,0,26,1,1,pre_allocation
63,8066,greenran_normal,0,0,65535_65535,2,58,4832156,25,1,1,1,4,25,26,1,1,allocated
63,8066,greenran_normal,0,0,65535_65535,2,56,4832077,19,1,1,0,3,0,28,1,1,pre_allocation
63,8066,greenran_normal,0,0,65535_65535,2,56,4832077,27,1,1,1,4,27,28,1,1,allocated
63,8066,greenran_normal,0,0,65535_65535,2,57,4832077,19,1,1,0,3,0,28,1,1,pre_allocation
63,8066,greenran_normal,0,0,65535_65535,2,57,4832077,27,1,1,1,4,27,28,1,1,allocated
63,8066,greenran_normal,0,0,65535_65535,2,40,4832079,19,1,1,0,3,0,28,1,1,pre_allocation
63,8066,greenran_normal,0,0,65535_65535,2,40,4832079,27,1,1,1,4,27,28,1,1,allocated
63,8066,greenran_normal,0,0,65535_65535,2,63,4832075,19,1,1,0,3,0,28,1,1,pre_allocation
63,8066,greenran_normal,0,0,65535_65535,2,63,4832075,27,1,1,1,4,27,28,1,1,allocated
63,8066,greenran_normal,0,0,65535_65535,2,62,4832075,19,1,1,0,3,0,28,1,1,pre_allocation
63,8066,greenran_normal,0,0,65535_65535,2,62,4832075,27,1,1,1,4,27,28,1,1,allocated
63,8066,greenran_normal,0,0,65535_65535,2,61,4832074,19,1,1,0,3,0,28,1,1,pre_allocation
63,8066,greenran_normal,0,0,65535_65535,2,61,4832074,27,1,1,1,4,27,28,1,1,allocated
63,8066,greenran_normal,0,0,65535_65535,2,44,4832070,19,1,1,0,3,0,28,1,1,pre_allocation
63,8066,greenran_normal,0,0,65535_65535,2,44,4832070,27,1,1,1,4,27,28,1,1,allocated
63,8066,greenran_normal,0,0,65535_65535,2,55,4832070,19,1,1,0,3,0,28,1,1,pre_allocation
63,8066,greenran_normal,0,0,65535_65535,2,55,4832070,27,1,1,1,4,27,28,1,1,allocated
63,8066,greenran_normal,0,0,65535_65535,2,35,4832069,19,1,1,0,3,0,28,1,1,pre_allocation
63,8066,greenran_normal,0,0,65535_65535,2,35,4832069,27,1,1,1,4,27,28,1,1,allocated
63,8066,greenran_normal,0,0,65535_65535,2,37,4832072,19,1,1,0,3,0,28,1,1,pre_allocation
63,8066,greenran_normal,0,0,65535_65535,2,37,4832072,27,1,1,1,4,27,28,1,1,allocated
63,8066,greenran_normal,0,0,65535_65535,2,41,4832072,19,1,1,0,3,0,28,1,1,pre_allocation
63,8066,greenran_normal,0,0,65535_65535,2,41,4832072,27,1,1,1,4,27,28,1,1,allocated
63,8066,greenran_normal,0,0,65535_65535,2,38,4834413,1,1,1,0,4,0,2,1,1,pre_allocation
63,8066,greenran_normal,0,0,65535_65535,2,38,4834413,1,1,1,1,5,1,2,1,1,allocated
63,8066,greenran_normal,0,0,65535_65535,2,60,4834114,5,1,1,0,4,0,12,1,1,pre_allocation
63,8066,greenran_normal,0,0,65535_65535,2,60,4834114,7,1,1,1,5,7,12,1,1,allocated
63,8066,greenran_normal,0,0,65535_65535,2,64,4833799,8,1,1,0,4,0,15,1,1,pre_allocation
63,8066,greenran_normal,0,0,65535_65535,2,64,4833799,11,1,1,1,5,11,15,1,1,allocated
63,8066,greenran_normal,0,0,65535_65535,2,43,4833153,11,1,1,0,4,0,18,1,1,pre_allocation
63,8066,greenran_normal,0,0,65535_65535,2,43,4833153,15,1,1,1,5,15,18,1,1,allocated
63,8066,greenran_normal,0,0,65535_65535,2,42,4832646,21,1,1,0,4,0,24,1,1,pre_allocation
63,8066,greenran_normal,0,0,65535_65535,2,42,4832646,27,1,1,1,5,27,24,1,1,allocated
63,8066,greenran_normal,0,0,65535_65535,2,36,4832191,21,1,1,0,4,0,24,1,1,pre_allocation
63,8066,greenran_normal,0,0,65535_65535,2,36,4832191,27,1,1,1,5,27,24,1,1,allocated
63,8066,greenran_normal,0,0,65535_65535,2,59,4832131,25,1,1,0,4,0,26,1,1,pre_allocation
63,8066,greenran_normal,0,0,65535_65535,2,59,4832131,32,1,1,1,5,32,26,1,1,allocated
63,8066,greenran_normal,0,0,65535_65535,2,39,4832095,27,1,1,0,4,0,28,1,1,pre_allocation
63,8066,greenran_normal,0,0,65535_65535,2,39,4832095,34,1,1,1,5,34,28,1,1,allocated
63,8066,greenran_normal,0,0,65535_65535,2,58,4832156,25,1,1,0,4,0,26,1,1,pre_allocation
63,8066,greenran_normal,0,0,65535_65535,2,58,4832156,32,1,1,1,5,32,26,1,1,allocated
63,8066,greenran_normal,0,0,65535_65535,2,56,4832077,27,1,1,0,4,0,28,1,1,pre_allocation
63,8066,greenran_normal,0,0,65535_65535,2,56,4832077,34,1,1,1,5,34,28,1,1,allocated
63,8066,greenran_normal,0,0,65535_65535,2,57,4832077,27,1,1,0,4,0,28,1,1,pre_allocation
63,8066,greenran_normal,0,0,65535_65535,2,57,4832077,34,1,1,1,5,34,28,1,1,allocated
63,8066,greenran_normal,0,0,65535_65535,2,40,4832079,27,1,1,0,4,0,28,1,1,pre_allocation
63,8066,greenran_normal,0,0,65535_65535,2,40,4832079,34,1,1,1,5,34,28,1,1,allocated
63,8066,greenran_normal,0,0,65535_65535,2,63,4832075,27,1,1,0,4,0,28,1,1,pre_allocation
63,8066,greenran_normal,0,0,65535_65535,2,63,4832075,34,1,1,1,5,34,28,1,1,allocated
63,8066,greenran_normal,0,0,65535_65535,2,62,4832075,27,1,1,0,4,0,28,1,1,pre_allocation
63,8066,greenran_normal,0,0,65535_65535,2,62,4832075,34,1,1,1,5,34,28,1,1,allocated
63,8066,greenran_normal,0,0,65535_65535,2,61,4832074,27,1,1,0,4,0,28,1,1,pre_allocation
63,8066,greenran_normal,0,0,65535_65535,2,61,4832074,34,1,1,1,5,34,28,1,1,allocated
63,8066,greenran_normal,0,0,65535_65535,2,44,4832070,27,1,1,0,4,0,28,1,1,pre_allocation
63,8066,greenran_normal,0,0,65535_65535,2,44,4832070,34,1,1,1,5,34,28,1,1,allocated
63,8066,greenran_normal,0,0,65535_65535,2,55,4832070,27,1,1,0,4,0,28,1,1,pre_allocation
63,8066,greenran_normal,0,0,65535_65535,2,55,4832070,34,1,1,1,5,34,28,1,1,allocated
63,8066,greenran_normal,0,0,65535_65535,2,35,4832069,27,1,1,0,4,0,28,1,1,pre_allocation
63,8066,greenran_normal,0,0,65535_65535,2,35,4832069,34,1,1,1,5,34,28,1,1,allocated
63,8066,greenran_normal,0,0,65535_65535,2,37,4832072,27,1,1,0,4,0,28,1,1,pre_allocation
63,8066,greenran_normal,0,0,65535_65535,2,37,4832072,34,1,1,1,5,34,28,1,1,allocated
63,8066,greenran_normal,0,0,65535_65535,2,41,4832072,27,1,1,0,4,0,28,1,1,pre_allocation
63,8066,greenran_normal,0,0,65535_65535,2,41,4832072,34,1,1,1,5,34,28,1,1,allocated
63,8066,greenran_normal,0,0,65535_65535,2,38,4834413,1,1,1,0,5,0,2,1,1,pre_allocation
63,8066,greenran_normal,0,0,65535_65535,2,38,4834413,1,1,1,1,6,1,2,1,1,allocated
63,8066,greenran_normal,0,0,65535_65535,2,60,4834114,7,1,1,0,5,0,12,1,1,pre_allocation
63,8066,greenran_normal,0,0,65535_65535,2,60,4834114,9,1,1,1,6,9,12,1,1,allocated
63,8066,greenran_normal,0,0,65535_65535,2,64,4833799,11,1,1,0,5,0,15,1,1,pre_allocation
63,8066,greenran_normal,0,0,65535_65535,2,64,4833799,14,1,1,1,6,14,15,1,1,allocated
63,8066,greenran_normal,0,0,65535_65535,2,43,4833153,15,1,1,0,5,0,18,1,1,pre_allocation
63,8066,greenran_normal,0,0,65535_65535,2,43,4833153,19,1,1,1,6,19,18,1,1,allocated
63,8066,greenran_normal,0,0,65535_65535,2,42,4832646,27,1,1,0,5,0,24,1,1,pre_allocation
63,8066,greenran_normal,0,0,65535_65535,2,42,4832646,34,1,1,1,6,34,24,1,1,allocated
63,8066,greenran_normal,0,0,65535_65535,2,36,4832191,27,1,1,0,5,0,24,1,1,pre_allocation
63,8066,greenran_normal,0,0,65535_65535,2,36,4832191,34,1,1,1,6,34,24,1,1,allocated
63,8066,greenran_normal,0,0,65535_65535,2,59,4832131,32,1,1,0,5,0,26,1,1,pre_allocation
63,8066,greenran_normal,0,0,65535_65535,2,59,4832131,39,1,1,1,6,39,26,1,1,allocated
63,8066,greenran_normal,0,0,65535_65535,2,39,4832095,34,1,1,0,5,0,28,1,1,pre_allocation
63,8066,greenran_normal,0,0,65535_65535,2,39,4832095,42,1,1,1,6,42,28,1,1,allocated
63,8066,greenran_normal,0,0,65535_65535,2,58,4832156,32,1,1,0,5,0,26,1,1,pre_allocation
63,8066,greenran_normal,0,0,65535_65535,2,58,4832156,39,1,1,1,6,39,26,1,1,allocated
63,8066,greenran_normal,0,0,65535_65535,2,56,4832077,34,1,1,0,5,0,28,1,1,pre_allocation
63,8066,greenran_normal,0,0,65535_65535,2,56,4832077,42,1,1,1,6,42,28,1,1,allocated
63,8066,greenran_normal,0,0,65535_65535,2,57,4832077,34,1,1,0,5,0,28,1,1,pre_allocation
63,8066,greenran_normal,0,0,65535_65535,2,57,4832077,42,1,1,1,6,42,28,1,1,allocated
63,8066,greenran_normal,0,0,65535_65535,2,40,4832079,34,1,1,0,5,0,28,1,1,pre_allocation
63,8066,greenran_normal,0,0,65535_65535,2,40,4832079,42,1,1,1,6,42,28,1,1,allocated
63,8066,greenran_normal,0,0,65535_65535,2,63,4832075,34,1,1,0,5,0,28,1,1,pre_allocation
63,8066,greenran_normal,0,0,65535_65535,2,63,4832075,42,1,1,1,6,42,28,1,1,allocated
63,8066,greenran_normal,0,0,65535_65535,2,62,4832075,34,1,1,0,5,0,28,1,1,pre_allocation
63,8066,greenran_normal,0,0,65535_65535,2,62,4832075,42,1,1,1,6,42,28,1,1,allocated
63,8066,greenran_normal,0,0,65535_65535,2,61,4832074,34,1,1,0,5,0,28,1,1,pre_allocation
63,8066,greenran_normal,0,0,65535_65535,2,61,4832074,42,1,1,1,6,42,28,1,1,allocated
63,8066,greenran_normal,0,0,65535_65535,2,44,4832070,34,1,1,0,5,0,28,1,1,pre_allocation
63,8066,greenran_normal,0,0,65535_65535,2,44,4832070,42,1,1,1,6,42,28,1,1,allocated
63,8066,greenran_normal,0,0,65535_65535,2,55,4832070,34,1,1,0,5,0,28,1,1,pre_allocation
63,8066,greenran_normal,0,0,65535_65535,2,55,4832070,42,1,1,1,6,42,28,1,1,allocated
63,8066,greenran_normal,0,0,65535_65535,2,35,4832069,34,1,1,0,5,0,28,1,1,pre_allocation
63,8066,greenran_normal,0,0,65535_65535,2,35,4832069,42,1,1,1,6,42,28,1,1,allocated
63,8066,greenran_normal,0,0,65535_65535,2,37,4832072,34,1,1,0,5,0,28,1,1,pre_allocation
63,8066,greenran_normal,0,0,65535_65535,2,37,4832072,42,1,1,1,6,42,28,1,1,allocated
63,8066,greenran_normal,0,0,65535_65535,2,41,4832072,34,1,1,0,5,0,28,1,1,pre_allocation
63,8066,greenran_normal,0,0,65535_65535,2,41,4832072,42,1,1,1,6,42,28,1,1,allocated
63,8066,greenran_normal,0,0,65535_65535,2,38,4834413,1,1,1,0,6,0,2,1,1,pre_allocation
63,8066,greenran_normal,0,0,65535_65535,2,38,4834413,2,1,1,1,7,2,2,1,1,allocated
63,8066,greenran_normal,0,0,65535_65535,2,60,4834114,9,1,1,0,6,0,12,1,1,pre_allocation
63,8066,greenran_normal,0,0,65535_65535,2,60,4834114,11,1,1,1,7,11,12,1,1,allocated
63,8066,greenran_normal,0,0,65535_65535,2,64,4833799,14,1,1,0,6,0,15,1,1,pre_allocation
63,8066,greenran_normal,0,0,65535_65535,2,64,4833799,17,1,1,1,7,17,15,1,1,allocated
63,8066,greenran_normal,0,0,65535_65535,2,43,4833153,19,1,1,0,6,0,18,1,1,pre_allocation
63,8066,greenran_normal,0,0,65535_65535,2,43,4833153,22,1,1,1,7,22,18,1,1,allocated
64,8316,greenran_normal,0,0,65535_65535,0,4,154938,0,1,1,0,0,0,24,1,1,pre_allocation
64,8316,greenran_normal,0,0,65535_65535,0,4,154938,3,1,1,1,1,3,24,1,1,allocated
64,8316,greenran_normal,0,0,65535_65535,0,2,152246,0,1,1,0,0,0,28,1,1,pre_allocation
64,8316,greenran_normal,0,0,65535_65535,0,2,152246,4,1,1,1,1,4,28,1,1,allocated
64,8316,greenran_normal,0,0,65535_65535,0,5,152238,0,1,1,0,0,0,28,1,1,pre_allocation
64,8316,greenran_normal,0,0,65535_65535,0,5,152238,4,1,1,1,1,4,28,1,1,allocated
64,8316,greenran_normal,0,0,65535_65535,0,3,152237,0,1,1,0,0,0,28,1,1,pre_allocation
64,8316,greenran_normal,0,0,65535_65535,0,3,152237,4,1,1,1,1,4,28,1,1,allocated
64,8316,greenran_normal,0,0,65535_65535,0,1,152238,0,1,1,0,0,0,28,1,1,pre_allocation
64,8316,greenran_normal,0,0,65535_65535,0,1,152238,4,1,1,1,1,4,28,1,1,allocated
64,8316,greenran_normal,0,0,65535_65535,0,4,154938,3,1,1,0,1,0,24,1,1,pre_allocation
64,8316,greenran_normal,0,0,65535_65535,0,4,154938,9,1,1,1,2,9,24,1,1,allocated
64,8316,greenran_normal,0,0,65535_65535,0,2,152246,4,1,1,0,1,0,28,1,1,pre_allocation
64,8316,greenran_normal,0,0,65535_65535,0,2,152246,12,1,1,1,2,12,28,1,1,allocated
64,8316,greenran_normal,0,0,65535_65535,0,5,152238,4,1,1,0,1,0,28,1,1,pre_allocation
64,8316,greenran_normal,0,0,65535_65535,0,5,152238,12,1,1,1,2,12,28,1,1,allocated
64,8316,greenran_normal,0,0,65535_65535,0,3,152237,4,1,1,0,1,0,28,1,1,pre_allocation
64,8316,greenran_normal,0,0,65535_65535,0,3,152237,12,1,1,1,2,12,28,1,1,allocated
64,8316,greenran_normal,0,0,65535_65535,0,1,152238,4,1,1,0,1,0,28,1,1,pre_allocation
64,8316,greenran_normal,0,0,65535_65535,0,1,152238,12,1,1,1,2,12,28,1,1,allocated
64,8316,greenran_normal,0,0,65535_65535,0,4,154938,9,1,1,0,2,0,24,1,1,pre_allocation
64,8316,greenran_normal,0,0,65535_65535,0,4,154938,15,1,1,1,3,15,24,1,1,allocated
64,8316,greenran_normal,0,0,65535_65535,0,2,152246,12,1,1,0,2,0,28,1,1,pre_allocation
64,8316,greenran_normal,0,0,65535_65535,0,2,152246,19,1,1,1,3,19,28,1,1,allocated
64,8316,greenran_normal,0,0,65535_65535,0,5,152238,12,1,1,0,2,0,28,1,1,pre_allocation
64,8316,greenran_normal,0,0,65535_65535,0,5,152238,19,1,1,1,3,19,28,1,1,allocated
64,8316,greenran_normal,0,0,65535_65535,0,3,152237,12,1,1,0,2,0,28,1,1,pre_allocation
64,8316,greenran_normal,0,0,65535_65535,0,3,152237,19,1,1,1,3,19,28,1,1,allocated
64,8316,greenran_normal,0,0,65535_65535,0,1,152238,12,1,1,0,2,0,28,1,1,pre_allocation
64,8316,greenran_normal,0,0,65535_65535,0,1,152238,19,1,1,1,3,19,28,1,1,allocated
64,8316,greenran_normal,0,0,65535_65535,0,4,154938,15,1,1,0,3,0,24,1,1,pre_allocation
64,8316,greenran_normal,0,0,65535_65535,0,4,154938,21,1,1,1,4,21,24,1,1,allocated
64,8316,greenran_normal,0,0,65535_65535,0,2,152246,19,1,1,0,3,0,28,1,1,pre_allocation
64,8316,greenran_normal,0,0,65535_65535,0,2,152246,27,1,1,1,4,27,28,1,1,allocated
64,8316,greenran_normal,0,0,65535_65535,0,5,152238,19,1,1,0,3,0,28,1,1,pre_allocation
64,8316,greenran_normal,0,0,65535_65535,0,5,152238,27,1,1,1,4,27,28,1,1,allocated
64,8316,greenran_normal,0,0,65535_65535,0,3,152237,19,1,1,0,3,0,28,1,1,pre_allocation
64,8316,greenran_normal,0,0,65535_65535,0,3,152237,27,1,1,1,4,27,28,1,1,allocated
64,8316,greenran_normal,0,0,65535_65535,0,1,152238,19,1,1,0,3,0,28,1,1,pre_allocation
64,8316,greenran_normal,0,0,65535_65535,0,1,152238,27,1,1,1,4,27,28,1,1,allocated
64,8316,greenran_normal,0,0,65535_65535,0,4,154938,21,1,1,0,4,0,24,1,1,pre_allocation
64,8316,greenran_normal,0,0,65535_65535,0,4,154938,27,1,1,1,5,27,24,1,1,allocated
64,8316,greenran_normal,0,0,65535_65535,0,2,152246,27,1,1,0,4,0,28,1,1,pre_allocation
64,8316,greenran_normal,0,0,65535_65535,0,2,152246,34,1,1,1,5,34,28,1,1,allocated
64,8316,greenran_normal,0,0,65535_65535,0,5,152238,27,1,1,0,4,0,28,1,1,pre_allocation
64,8316,greenran_normal,0,0,65535_65535,0,5,152238,34,1,1,1,5,34,28,1,1,allocated
64,8316,greenran_normal,0,0,65535_65535,0,3,152237,27,1,1,0,4,0,28,1,1,pre_allocation
64,8316,greenran_normal,0,0,65535_65535,0,3,152237,34,1,1,1,5,34,28,1,1,allocated
64,8316,greenran_normal,0,0,65535_65535,0,1,152238,27,1,1,0,4,0,28,1,1,pre_allocation
64,8316,greenran_normal,0,0,65535_65535,0,1,152238,34,1,1,1,5,34,28,1,1,allocated
64,8316,greenran_normal,0,0,65535_65535,0,4,154938,27,1,1,0,5,0,24,1,1,pre_allocation
64,8316,greenran_normal,0,0,65535_65535,0,4,154938,34,1,1,1,6,34,24,1,1,allocated
64,8316,greenran_normal,0,0,65535_65535,0,2,152246,34,1,1,0,5,0,28,1,1,pre_allocation
64,8316,greenran_normal,0,0,65535_65535,0,2,152246,42,1,1,1,6,42,28,1,1,allocated
64,8316,greenran_normal,0,0,65535_65535,0,5,152238,34,1,1,0,5,0,28,1,1,pre_allocation
64,8316,greenran_normal,0,0,65535_65535,0,5,152238,42,1,1,1,6,42,28,1,1,allocated
64,8316,greenran_normal,0,0,65535_65535,0,3,152237,34,1,1,0,5,0,28,1,1,pre_allocation
64,8316,greenran_normal,0,0,65535_65535,0,3,152237,42,1,1,1,6,42,28,1,1,allocated
64,8316,greenran_normal,0,0,65535_65535,0,1,152238,34,1,1,0,5,0,28,1,1,pre_allocation
64,8316,greenran_normal,0,0,65535_65535,0,1,152238,42,1,1,1,6,42,28,1,1,allocated
64,8316,greenran_normal,0,0,65535_65535,0,4,154938,34,1,1,0,6,0,24,1,1,pre_allocation
64,8316,greenran_normal,0,0,65535_65535,0,4,154938,40,1,1,1,7,40,24,1,1,allocated
64,8316,greenran_normal,0,0,65535_65535,0,2,152246,42,1,1,0,6,0,28,1,1,pre_allocation
64,8316,greenran_normal,0,0,65535_65535,0,2,152246,50,1,1,1,7,50,28,1,1,allocated
64,8316,greenran_normal,0,0,65535_65535,0,5,152238,42,1,1,0,6,0,28,1,1,pre_allocation
64,8316,greenran_normal,0,0,65535_65535,0,5,152238,50,1,1,1,7,50,28,1,1,allocated
64,8316,greenran_normal,0,0,65535_65535,0,3,152237,42,1,1,0,6,0,28,1,1,pre_allocation
64,8316,greenran_normal,0,0,65535_65535,0,3,152237,50,1,1,1,7,50,28,1,1,allocated
64,8316,greenran_normal,0,0,65535_65535,0,1,152238,42,1,1,0,6,0,28,1,1,pre_allocation
64,8316,greenran_normal,0,0,65535_65535,0,1,152238,50,1,1,1,7,50,28,1,1,allocated
64,8316,greenran_normal,0,0,65535_65535,0,4,154938,40,1,1,0,7,0,24,1,1,pre_allocation
64,8316,greenran_normal,0,0,65535_65535,0,4,154938,46,1,1,1,8,46,24,1,1,allocated
64,8316,greenran_normal,0,0,65535_65535,0,2,152246,50,1,1,0,7,0,28,1,1,pre_allocation
64,8316,greenran_normal,0,0,65535_65535,0,2,152246,57,1,1,1,8,57,28,1,1,allocated
64,8316,greenran_normal,0,0,65535_65535,0,5,152238,50,1,1,0,7,0,28,1,1,pre_allocation
64,8316,greenran_normal,0,0,65535_65535,0,5,152238,57,1,1,1,8,57,28,1,1,allocated
64,8316,greenran_normal,0,0,65535_65535,0,3,152237,50,1,1,0,7,0,28,1,1,pre_allocation
64,8316,greenran_normal,0,0,65535_65535,0,3,152237,57,1,1,1,8,57,28,1,1,allocated
64,8316,greenran_normal,0,0,65535_65535,0,1,152238,50,1,1,0,7,0,28,1,1,pre_allocation
64,8316,greenran_normal,0,0,65535_65535,0,1,152238,57,1,1,1,8,57,28,1,1,allocated
64,8316,greenran_normal,0,0,65535_65535,0,4,154938,46,1,1,0,8,0,24,1,1,pre_allocation
64,8316,greenran_normal,0,0,65535_65535,0,4,154938,52,1,1,1,9,52,24,1,1,allocated
64,8316,greenran_normal,0,0,65535_65535,0,2,152246,57,1,1,0,8,0,28,1,1,pre_allocation
64,8316,greenran_normal,0,0,65535_65535,0,2,152246,65,1,1,1,9,65,28,1,1,allocated
64,8316,greenran_normal,0,0,65535_65535,0,5,152238,57,1,1,0,8,0,28,1,1,pre_allocation
64,8316,greenran_normal,0,0,65535_65535,0,5,152238,65,1,1,1,9,65,28,1,1,allocated
64,8316,greenran_normal,0,0,65535_65535,0,3,152237,57,1,1,0,8,0,28,1,1,pre_allocation
64,8316,greenran_normal,0,0,65535_65535,0,3,152237,65,1,1,1,9,65,28,1,1,allocated
64,8316,greenran_normal,0,0,65535_65535,0,1,152238,57,1,1,0,8,0,28,1,1,pre_allocation
64,8316,greenran_normal,0,0,65535_65535,0,1,152238,65,1,1,1,9,65,28,1,1,allocated
64,8316,greenran_normal,0,0,65535_65535,0,4,154938,52,1,1,0,9,0,24,1,1,pre_allocation
64,8316,greenran_normal,0,0,65535_65535,0,4,154938,58,1,1,1,10,58,24,1,1,allocated
64,8316,greenran_normal,0,0,65535_65535,0,2,152246,65,1,1,0,9,0,28,1,1,pre_allocation
64,8316,greenran_normal,0,0,65535_65535,0,2,152246,72,1,1,1,10,72,28,1,1,allocated
64,8316,greenran_normal,0,0,65535_65535,0,5,152238,65,1,1,0,9,0,28,1,1,pre_allocation
64,8316,greenran_normal,0,0,65535_65535,0,5,152238,72,1,1,1,10,72,28,1,1,allocated
64,8316,greenran_normal,0,0,65535_65535,0,3,152237,65,1,1,0,9,0,28,1,1,pre_allocation
64,8316,greenran_normal,0,0,65535_65535,0,3,152237,72,1,1,1,10,72,28,1,1,allocated
64,8316,greenran_normal,0,0,65535_65535,0,1,152238,65,1,1,0,9,0,28,1,1,pre_allocation
64,8316,greenran_normal,0,0,65535_65535,0,1,152238,72,1,1,1,10,72,28,1,1,allocated
64,8316,greenran_normal,0,0,65535_65535,0,4,154938,58,1,1,0,10,0,24,1,1,pre_allocation
64,8316,greenran_normal,0,0,65535_65535,0,4,154938,65,1,1,1,11,65,24,1,1,allocated
64,8316,greenran_normal,0,0,65535_65535,0,2,152246,72,1,1,0,10,0,28,1,1,pre_allocation
64,8316,greenran_normal,0,0,65535_65535,0,2,152246,80,1,1,1,11,80,28,1,1,allocated
64,8316,greenran_normal,0,0,65535_65535,0,5,152238,72,1,1,0,10,0,28,1,1,pre_allocation
64,8316,greenran_normal,0,0,65535_65535,0,5,152238,80,1,1,1,11,80,28,1,1,allocated
64,8316,greenran_normal,0,0,65535_65535,0,3,152237,72,1,1,0,10,0,28,1,1,pre_allocation
64,8316,greenran_normal,0,0,65535_65535,0,3,152237,80,1,1,1,11,80,28,1,1,allocated
64,8316,greenran_normal,0,0,65535_65535,0,1,152238,72,1,1,0,10,0,28,1,1,pre_allocation
64,8316,greenran_normal,0,0,65535_65535,0,1,152238,80,1,1,1,11,80,28,1,1,allocated
64,8316,greenran_normal,0,0,65535_65535,0,4,154938,65,1,1,0,11,0,24,1,1,pre_allocation
64,8316,greenran_normal,0,0,65535_65535,0,4,154938,71,1,1,1,12,71,24,1,1,allocated
64,8316,greenran_normal,0,0,65535_65535,0,2,152246,80,1,1,0,11,0,28,1,1,pre_allocation
64,8316,greenran_normal,0,0,65535_65535,0,2,152246,88,1,1,1,12,88,28,1,1,allocated
64,8316,greenran_normal,0,0,65535_65535,0,5,152238,80,1,1,0,11,0,28,1,1,pre_allocation
64,8316,greenran_normal,0,0,65535_65535,0,5,152238,88,1,1,1,12,88,28,1,1,allocated
64,8316,greenran_normal,0,0,65535_65535,0,3,152237,80,1,1,0,11,0,28,1,1,pre_allocation
64,8316,greenran_normal,0,0,65535_65535,0,3,152237,88,1,1,1,12,88,28,1,1,allocated
64,8316,greenran_normal,0,0,65535_65535,0,1,152238,80,1,1,0,11,0,28,1,1,pre_allocation
64,8316,greenran_normal,0,0,65535_65535,0,1,152238,88,1,1,1,12,88,28,1,1,allocated
64,8316,greenran_normal,0,0,65535_65535,0,4,154938,71,1,1,0,12,0,24,1,1,pre_allocation
64,8316,greenran_normal,0,0,65535_65535,0,4,154938,77,1,1,1,13,77,24,1,1,allocated
64,8316,greenran_normal,0,0,65535_65535,0,2,152246,88,1,1,0,12,0,28,1,1,pre_allocation
64,8316,greenran_normal,0,0,65535_65535,0,2,152246,95,1,1,1,13,95,28,1,1,allocated
64,8316,greenran_normal,0,0,65535_65535,0,5,152238,88,1,1,0,12,0,28,1,1,pre_allocation
64,8316,greenran_normal,0,0,65535_65535,0,5,152238,95,1,1,1,13,95,28,1,1,allocated
64,8316,greenran_normal,0,0,65535_65535,0,3,152237,88,1,1,0,12,0,28,1,1,pre_allocation
64,8316,greenran_normal,0,0,65535_65535,0,3,152237,95,1,1,1,13,95,28,1,1,allocated
64,8316,greenran_normal,0,0,65535_65535,0,1,152238,88,1,1,0,12,0,28,1,1,pre_allocation
64,8316,greenran_normal,0,0,65535_65535,0,1,152238,95,1,1,1,13,95,28,1,1,allocated
64,8316,greenran_normal,0,0,65535_65535,0,4,154938,77,1,1,0,13,0,24,1,1,pre_allocation
64,8316,greenran_normal,0,0,65535_65535,0,4,154938,83,1,1,1,14,83,24,1,1,allocated
64,8316,greenran_normal,0,0,65535_65535,0,2,152246,95,1,1,0,13,0,28,1,1,pre_allocation
64,8316,greenran_normal,0,0,65535_65535,0,2,152246,103,1,1,1,14,103,28,1,1,allocated
64,8316,greenran_normal,0,0,65535_65535,0,5,152238,95,1,1,0,13,0,28,1,1,pre_allocation
64,8316,greenran_normal,0,0,65535_65535,0,5,152238,103,1,1,1,14,103,28,1,1,allocated
64,8316,greenran_normal,0,0,65535_65535,0,3,152237,95,1,1,0,13,0,28,1,1,pre_allocation
64,8316,greenran_normal,0,0,65535_65535,0,3,152237,103,1,1,1,14,103,28,1,1,allocated
64,8316,greenran_normal,0,0,65535_65535,0,1,152238,95,1,1,0,13,0,28,1,1,pre_allocation
64,8316,greenran_normal,0,0,65535_65535,0,1,152238,103,1,1,1,14,103,28,1,1,allocated
64,8316,greenran_normal,0,0,65535_65535,0,4,154938,83,1,1,0,14,0,24,1,1,pre_allocation
64,8316,greenran_normal,0,0,65535_65535,0,4,154938,89,1,1,1,15,89,24,1,1,allocated
64,8316,greenran_normal,0,0,65535_65535,0,2,152246,103,1,1,0,14,0,28,1,1,pre_allocation
64,8316,greenran_normal,0,0,65535_65535,0,2,152246,110,1,1,1,15,110,28,1,1,allocated
64,8316,greenran_normal,0,0,65535_65535,0,5,152238,103,1,1,0,14,0,28,1,1,pre_allocation
64,8316,greenran_normal,0,0,65535_65535,0,5,152238,110,1,1,1,15,110,28,1,1,allocated
64,8316,greenran_normal,0,0,65535_65535,0,3,152237,103,1,1,0,14,0,28,1,1,pre_allocation
64,8316,greenran_normal,0,0,65535_65535,0,3,152237,110,1,1,1,15,110,28,1,1,allocated
64,8316,greenran_normal,0,0,65535_65535,0,1,152238,103,1,1,0,14,0,28,1,1,pre_allocation
64,8316,greenran_normal,0,0,65535_65535,0,1,152238,110,1,1,1,15,110,28,1,1,allocated
64,8316,greenran_normal,0,0,65535_65535,0,4,154938,89,1,1,0,15,0,24,1,1,pre_allocation
64,8316,greenran_normal,0,0,65535_65535,0,4,154938,96,1,1,1,16,96,24,1,1,allocated
64,8316,greenran_normal,0,0,65535_65535,0,2,152246,110,1,1,0,15,0,28,1,1,pre_allocation
64,8316,greenran_normal,0,0,65535_65535,0,2,152246,118,1,1,1,16,118,28,1,1,allocated
64,8316,greenran_normal,0,0,65535_65535,0,5,152238,110,1,1,0,15,0,28,1,1,pre_allocation
64,8316,greenran_normal,0,0,65535_65535,0,5,152238,118,1,1,1,16,118,28,1,1,allocated
64,8316,greenran_normal,0,0,65535_65535,0,3,152237,110,1,1,0,15,0,28,1,1,pre_allocation
64,8316,greenran_normal,0,0,65535_65535,0,3,152237,118,1,1,1,16,118,28,1,1,allocated
64,8316,greenran_normal,0,0,65535_65535,0,1,152238,110,1,1,0,15,0,28,1,1,pre_allocation
64,8316,greenran_normal,0,0,65535_65535,0,1,152238,118,1,1,1,16,118,28,1,1,allocated
64,8316,greenran_normal,0,0,65535_65535,0,4,154938,96,1,1,0,16,0,24,1,1,pre_allocation
64,8316,greenran_normal,0,0,65535_65535,0,4,154938,102,1,1,1,17,102,24,1,1,allocated
64,8316,greenran_normal,0,0,65535_65535,0,2,152246,118,1,1,0,16,0,28,1,1,pre_allocation
64,8316,greenran_normal,0,0,65535_65535,0,2,152246,126,1,1,1,17,126,28,1,1,allocated
64,8316,greenran_normal,0,0,65535_65535,0,5,152238,118,1,1,0,16,0,28,1,1,pre_allocation
64,8316,greenran_normal,0,0,65535_65535,0,5,152238,126,1,1,1,17,126,28,1,1,allocated
64,8316,greenran_normal,0,0,65535_65535,0,3,152237,118,1,1,0,16,0,28,1,1,pre_allocation
64,8316,greenran_normal,0,0,65535_65535,0,3,152237,126,1,1,1,17,126,28,1,1,allocated
64,8316,greenran_normal,0,0,65535_65535,0,1,152238,118,1,1,0,16,0,28,1,1,pre_allocation
64,8316,greenran_normal,0,0,65535_65535,0,1,152238,126,1,1,1,17,126,28,1,1,allocated
64,8316,greenran_normal,0,0,65535_65535,0,4,154938,102,1,1,0,17,0,24,1,1,pre_allocation
64,8316,greenran_normal,0,0,65535_65535,0,4,154938,108,1,1,1,18,108,24,1,1,allocated
64,8316,greenran_normal,0,0,65535_65535,0,2,152246,126,1,1,0,17,0,28,1,1,pre_allocation
64,8316,greenran_normal,0,0,65535_65535,0,2,152246,133,1,1,1,18,133,28,1,1,allocated
64,8316,greenran_normal,0,0,65535_65535,0,5,152238,126,1,1,0,17,0,28,1,1,pre_allocation
64,8316,greenran_normal,0,0,65535_65535,0,5,152238,133,1,1,1,18,133,28,1,1,allocated
64,8316,greenran_normal,0,0,65535_65535,0,3,152237,126,1,1,0,17,0,28,1,1,pre_allocation
64,8316,greenran_normal,0,0,65535_65535,0,3,152237,133,1,1,1,18,133,28,1,1,allocated
64,8316,greenran_normal,0,0,65535_65535,0,1,152238,126,1,1,0,17,0,28,1,1,pre_allocation
64,8316,greenran_normal,0,0,65535_65535,0,1,152238,133,1,1,1,18,133,28,1,1,allocated
64,8316,greenran_normal,0,0,65535_65535,0,4,154938,108,1,1,0,18,0,24,1,1,pre_allocation
64,8316,greenran_normal,0,0,65535_65535,0,4,154938,114,1,1,1,19,114,24,1,1,allocated
64,8316,greenran_normal,0,0,65535_65535,0,2,152246,133,1,1,0,18,0,28,1,1,pre_allocation
64,8316,greenran_normal,0,0,65535_65535,0,2,152246,141,1,1,1,19,141,28,1,1,allocated
64,8316,greenran_normal,0,0,65535_65535,0,5,152238,133,1,1,0,18,0,28,1,1,pre_allocation
64,8316,greenran_normal,0,0,65535_65535,0,5,152238,141,1,1,1,19,141,28,1,1,allocated
64,8316,greenran_normal,0,0,65535_65535,0,3,152237,133,1,1,0,18,0,28,1,1,pre_allocation
64,8316,greenran_normal,0,0,65535_65535,0,3,152237,141,1,1,1,19,141,28,1,1,allocated
64,8316,greenran_normal,0,0,65535_65535,0,1,152238,133,1,1,0,18,0,28,1,1,pre_allocation
64,8316,greenran_normal,0,0,65535_65535,0,1,152238,141,1,1,1,19,141,28,1,1,allocated
64,8316,greenran_normal,0,0,65535_65535,0,4,154938,114,1,1,0,19,0,24,1,1,pre_allocation
64,8316,greenran_normal,0,0,65535_65535,0,4,154938,120,1,1,1,20,120,24,1,1,allocated
64,8316,greenran_normal,0,0,65535_65535,0,2,152246,141,1,1,0,19,0,28,1,1,pre_allocation
64,8316,greenran_normal,0,0,65535_65535,0,2,152246,148,1,1,1,20,148,28,1,1,allocated
64,8316,greenran_normal,0,0,65535_65535,0,5,152238,141,1,1,0,19,0,28,1,1,pre_allocation
64,8316,greenran_normal,0,0,65535_65535,0,5,152238,148,1,1,1,20,148,28,1,1,allocated
64,8316,greenran_normal,0,0,65535_65535,0,3,152237,141,1,1,0,19,0,28,1,1,pre_allocation
64,8316,greenran_normal,0,0,65535_65535,0,3,152237,148,1,1,1,20,148,28,1,1,allocated
64,8316,greenran_normal,0,0,65535_65535,0,1,152238,141,1,1,0,19,0,28,1,1,pre_allocation
64,8316,greenran_normal,0,0,65535_65535,0,1,152238,148,1,1,1,20,148,28,1,1,allocated
64,8316,greenran_normal,0,0,65535_65535,0,4,154938,120,1,1,0,20,0,24,1,1,pre_allocation
64,8316,greenran_normal,0,0,65535_65535,0,4,154938,126,1,1,1,21,126,24,1,1,allocated
64,8316,greenran_normal,0,0,65535_65535,0,2,152246,148,1,1,0,20,0,28,1,1,pre_allocation
64,8316,greenran_normal,0,0,65535_65535,0,2,152246,156,1,1,1,21,156,28,1,1,allocated
64,8316,greenran_normal,0,0,65535_65535,0,5,152238,148,1,1,0,20,0,28,1,1,pre_allocation
64,8316,greenran_normal,0,0,65535_65535,0,5,152238,156,1,1,1,21,156,28,1,1,allocated
64,8316,greenran_normal,0,0,65535_65535,0,3,152237,148,1,1,0,20,0,28,1,1,pre_allocation
64,8316,greenran_normal,0,0,65535_65535,0,3,152237,156,1,1,1,21,156,28,1,1,allocated
64,8316,greenran_normal,0,0,65535_65535,0,1,152238,148,1,1,0,20,0,28,1,1,pre_allocation
64,8316,greenran_normal,0,0,65535_65535,0,1,152238,156,1,1,1,21,156,28,1,1,allocated
64,8316,greenran_normal,0,0,65535_65535,0,4,154938,126,1,1,0,21,0,24,1,1,pre_allocation
64,8316,greenran_normal,0,0,65535_65535,0,4,154938,133,1,1,1,22,133,24,1,1,allocated
64,8316,greenran_normal,0,0,65535_65535,0,2,152246,156,1,1,0,21,0,28,1,1,pre_allocation
64,8316,greenran_normal,0,0,65535_65535,0,2,152246,163,1,1,1,22,163,28,1,1,allocated
64,8316,greenran_normal,0,0,65535_65535,0,5,152238,156,1,1,0,21,0,28,1,1,pre_allocation
64,8316,greenran_normal,0,0,65535_65535,0,5,152238,163,1,1,1,22,163,28,1,1,allocated
64,8316,greenran_normal,0,0,65535_65535,0,3,152237,156,1,1,0,21,0,28,1,1,pre_allocation
64,8316,greenran_normal,0,0,65535_65535,0,3,152237,163,1,1,1,22,163,28,1,1,allocated
64,8316,greenran_normal,0,0,65535_65535,0,1,152238,156,1,1,0,21,0,28,1,1,pre_allocation
64,8316,greenran_normal,0,0,65535_65535,0,1,152238,163,1,1,1,22,163,28,1,1,allocated
64,8316,greenran_normal,0,0,65535_65535,0,4,154938,133,1,1,0,22,0,24,1,1,pre_allocation
64,8316,greenran_normal,0,0,65535_65535,0,4,154938,139,1,1,1,23,139,24,1,1,allocated
64,8316,greenran_normal,0,0,65535_65535,0,2,152246,163,1,1,0,22,0,28,1,1,pre_allocation
64,8316,greenran_normal,0,0,65535_65535,0,2,152246,171,1,1,1,23,171,28,1,1,allocated
64,8316,greenran_normal,0,0,65535_65535,0,5,152238,163,1,1,0,22,0,28,1,1,pre_allocation
64,8316,greenran_normal,0,0,65535_65535,0,5,152238,171,1,1,1,23,171,28,1,1,allocated
64,8316,greenran_normal,0,0,65535_65535,0,3,152237,163,1,1,0,22,0,28,1,1,pre_allocation
64,8316,greenran_normal,0,0,65535_65535,0,3,152237,171,1,1,1,23,171,28,1,1,allocated
64,8316,greenran_normal,0,0,65535_65535,0,1,152238,163,1,1,0,22,0,28,1,1,pre_allocation
64,8316,greenran_normal,0,0,65535_65535,0,1,152238,171,1,1,1,23,171,28,1,1,allocated
64,8316,greenran_normal,0,0,65535_65535,0,4,154938,139,1,1,0,23,0,24,1,1,pre_allocation
64,8316,greenran_normal,0,0,65535_65535,0,4,154938,145,1,1,1,24,145,24,1,1,allocated
64,8316,greenran_normal,0,0,65535_65535,0,2,152246,171,1,1,0,23,0,28,1,1,pre_allocation
64,8316,greenran_normal,0,0,65535_65535,0,2,152246,179,1,1,1,24,179,28,1,1,allocated
64,8316,greenran_normal,0,0,65535_65535,0,5,152238,171,1,1,0,23,0,28,1,1,pre_allocation
64,8316,greenran_normal,0,0,65535_65535,0,5,152238,179,1,1,1,24,179,28,1,1,allocated
64,8316,greenran_normal,0,0,65535_65535,0,3,152237,171,1,1,0,23,0,28,1,1,pre_allocation
64,8316,greenran_normal,0,0,65535_65535,0,3,152237,179,1,1,1,24,179,28,1,1,allocated
64,8316,greenran_normal,0,0,65535_65535,0,1,152238,171,1,1,0,23,0,28,1,1,pre_allocation
64,8316,greenran_normal,0,0,65535_65535,0,1,152238,179,1,1,1,24,179,28,1,1,allocated
64,8316,greenran_normal,0,0,65535_65535,0,4,154938,145,1,1,0,24,0,24,1,1,pre_allocation
64,8316,greenran_normal,0,0,65535_65535,0,4,154938,151,1,1,1,25,151,24,1,1,allocated
64,8316,greenran_normal,0,0,65535_65535,0,2,152246,179,1,1,0,24,0,28,1,1,pre_allocation
64,8316,greenran_normal,0,0,65535_65535,0,2,152246,186,1,1,1,25,186,28,1,1,allocated
64,8316,greenran_normal,0,0,65535_65535,0,5,152238,179,1,1,0,24,0,28,1,1,pre_allocation
64,8316,greenran_normal,0,0,65535_65535,0,5,152238,186,1,1,1,25,186,28,1,1,allocated
64,8316,greenran_normal,0,0,65535_65535,0,3,152237,179,1,1,0,24,0,28,1,1,pre_allocation
64,8316,greenran_normal,0,0,65535_65535,0,3,152237,186,1,1,1,25,186,28,1,1,allocated
64,8316,greenran_normal,0,0,65535_65535,0,1,152238,179,1,1,0,24,0,28,1,1,pre_allocation
64,8316,greenran_normal,0,0,65535_65535,0,1,152238,186,1,1,1,25,186,28,1,1,allocated
64,8316,greenran_normal,0,0,65535_65535,0,4,154938,151,1,1,0,25,0,24,1,1,pre_allocation
64,8316,greenran_normal,0,0,65535_65535,0,4,154938,157,1,1,1,26,157,24,1,1,allocated
64,8316,greenran_normal,0,0,65535_65535,0,2,152246,186,1,1,0,25,0,28,1,1,pre_allocation
64,8316,greenran_normal,0,0,65535_65535,0,2,152246,194,1,1,1,26,194,28,1,1,allocated
64,8316,greenran_normal,0,0,65535_65535,0,5,152238,186,1,1,0,25,0,28,1,1,pre_allocation
64,8316,greenran_normal,0,0,65535_65535,0,5,152238,194,1,1,1,26,194,28,1,1,allocated
64,8316,greenran_normal,0,0,65535_65535,0,3,152237,186,1,1,0,25,0,28,1,1,pre_allocation
64,8316,greenran_normal,0,0,65535_65535,0,3,152237,194,1,1,1,26,194,28,1,1,allocated
64,8316,greenran_normal,0,0,65535_65535,0,1,152238,186,1,1,0,25,0,28,1,1,pre_allocation
64,8316,greenran_normal,0,0,65535_65535,0,1,152238,194,1,1,1,26,194,28,1,1,allocated
64,8316,greenran_normal,0,0,65535_65535,0,4,154938,157,1,1,0,26,0,24,1,1,pre_allocation
64,8316,greenran_normal,0,0,65535_65535,0,4,154938,164,1,1,1,27,164,24,1,1,allocated
64,8316,greenran_normal,0,0,65535_65535,0,2,152246,194,1,1,0,26,0,28,1,1,pre_allocation
64,8316,greenran_normal,0,0,65535_65535,0,2,152246,201,1,1,1,27,201,28,1,1,allocated
64,8316,greenran_normal,0,0,65535_65535,0,5,152238,194,1,1,0,26,0,28,1,1,pre_allocation
64,8316,greenran_normal,0,0,65535_65535,0,5,152238,201,1,1,1,27,201,28,1,1,allocated
64,8316,greenran_normal,0,0,65535_65535,0,3,152237,194,1,1,0,26,0,28,1,1,pre_allocation
64,8316,greenran_normal,0,0,65535_65535,0,3,152237,201,1,1,1,27,201,28,1,1,allocated
64,8316,greenran_normal,0,0,65535_65535,0,1,152238,194,1,1,0,26,0,28,1,1,pre_allocation
64,8316,greenran_normal,0,0,65535_65535,0,1,152238,201,1,1,1,27,201,28,1,1,allocated
64,8316,greenran_normal,0,0,65535_65535,0,4,154938,164,1,1,0,27,0,24,1,1,pre_allocation
64,8316,greenran_normal,0,0,65535_65535,0,4,154938,170,1,1,1,28,170,24,1,1,allocated
64,8316,greenran_normal,0,0,65535_65535,0,2,152246,201,1,1,0,27,0,28,1,1,pre_allocation
64,8316,greenran_normal,0,0,65535_65535,0,2,152246,209,1,1,1,28,209,28,1,1,allocated
64,8316,greenran_normal,0,0,65535_65535,0,5,152238,201,1,1,0,27,0,28,1,1,pre_allocation
64,8316,greenran_normal,0,0,65535_65535,0,5,152238,209,1,1,1,28,209,28,1,1,allocated
64,8316,greenran_normal,0,0,65535_65535,0,3,152237,201,1,1,0,27,0,28,1,1,pre_allocation
64,8316,greenran_normal,0,0,65535_65535,0,3,152237,209,1,1,1,28,209,28,1,1,allocated
64,8316,greenran_normal,0,0,65535_65535,0,1,152238,201,1,1,0,27,0,28,1,1,pre_allocation
64,8316,greenran_normal,0,0,65535_65535,0,1,152238,209,1,1,1,28,209,28,1,1,allocated
64,8316,greenran_normal,0,0,65535_65535,0,4,154938,170,1,1,0,28,0,24,1,1,pre_allocation
64,8316,greenran_normal,0,0,65535_65535,0,4,154938,176,1,1,1,29,176,24,1,1,allocated
64,8316,greenran_normal,0,0,65535_65535,0,2,152246,209,1,1,0,28,0,28,1,1,pre_allocation
64,8316,greenran_normal,0,0,65535_65535,0,2,152246,217,1,1,1,29,217,28,1,1,allocated
64,8316,greenran_normal,0,0,65535_65535,0,5,152238,209,1,1,0,28,0,28,1,1,pre_allocation
64,8316,greenran_normal,0,0,65535_65535,0,5,152238,217,1,1,1,29,217,28,1,1,allocated
64,8316,greenran_normal,0,0,65535_65535,0,3,152237,209,1,1,0,28,0,28,1,1,pre_allocation
64,8316,greenran_normal,0,0,65535_65535,0,3,152237,217,1,1,1,29,217,28,1,1,allocated
64,8316,greenran_normal,0,0,65535_65535,0,1,152238,209,1,1,0,28,0,28,1,1,pre_allocation
64,8316,greenran_normal,0,0,65535_65535,0,1,152238,217,1,1,1,29,217,28,1,1,allocated
64,8316,greenran_normal,0,0,65535_65535,0,4,154938,176,1,1,0,29,0,24,1,1,pre_allocation
64,8316,greenran_normal,0,0,65535_65535,0,4,154938,182,1,1,1,30,182,24,1,1,allocated
64,8316,greenran_normal,0,0,65535_65535,0,2,152246,217,1,1,0,29,0,28,1,1,pre_allocation
64,8316,greenran_normal,0,0,65535_65535,0,2,152246,224,1,1,1,30,224,28,1,1,allocated
64,8316,greenran_normal,0,0,65535_65535,0,5,152238,217,1,1,0,29,0,28,1,1,pre_allocation
64,8316,greenran_normal,0,0,65535_65535,0,5,152238,224,1,1,1,30,224,28,1,1,allocated
64,8316,greenran_normal,0,0,65535_65535,0,3,152237,217,1,1,0,29,0,28,1,1,pre_allocation
64,8316,greenran_normal,0,0,65535_65535,0,3,152237,224,1,1,1,30,224,28,1,1,allocated
64,8316,greenran_normal,0,0,65535_65535,0,1,152238,217,1,1,0,29,0,28,1,1,pre_allocation
64,8316,greenran_normal,0,0,65535_65535,0,1,152238,224,1,1,1,30,224,28,1,1,allocated
64,8316,greenran_normal,0,0,65535_65535,0,4,154938,182,1,1,0,30,0,24,1,1,pre_allocation
64,8316,greenran_normal,0,0,65535_65535,0,4,154938,188,1,1,1,31,188,24,1,1,allocated
64,8316,greenran_normal,0,0,65535_65535,0,2,152246,224,1,1,0,30,0,28,1,1,pre_allocation
64,8316,greenran_normal,0,0,65535_65535,0,2,152246,232,1,1,1,31,232,28,1,1,allocated
64,8316,greenran_normal,0,0,65535_65535,0,5,152238,224,1,1,0,30,0,28,1,1,pre_allocation
64,8316,greenran_normal,0,0,65535_65535,0,5,152238,232,1,1,1,31,232,28,1,1,allocated
64,8316,greenran_normal,0,0,65535_65535,0,3,152237,224,1,1,0,30,0,28,1,1,pre_allocation
64,8316,greenran_normal,0,0,65535_65535,0,3,152237,232,1,1,1,31,232,28,1,1,allocated
64,8316,greenran_normal,0,0,65535_65535,0,1,152238,224,1,1,0,30,0,28,1,1,pre_allocation
64,8316,greenran_normal,0,0,65535_65535,0,1,152238,232,1,1,1,31,232,28,1,1,allocated
64,8316,greenran_normal,0,0,65535_65535,0,4,154938,188,1,1,0,31,0,24,1,1,pre_allocation
64,8316,greenran_normal,0,0,65535_65535,0,4,154938,195,1,1,1,32,195,24,1,1,allocated
64,8316,greenran_normal,0,0,65535_65535,0,2,152246,232,1,1,0,31,0,28,1,1,pre_allocation
64,8316,greenran_normal,0,0,65535_65535,0,2,152246,239,1,1,1,32,239,28,1,1,allocated
64,8316,greenran_normal,0,0,65535_65535,0,5,152238,232,1,1,0,31,0,28,1,1,pre_allocation
64,8316,greenran_normal,0,0,65535_65535,0,5,152238,239,1,1,1,32,239,28,1,1,allocated
64,8316,greenran_normal,0,0,65535_65535,0,3,152237,232,1,1,0,31,0,28,1,1,pre_allocation
64,8316,greenran_normal,0,0,65535_65535,0,3,152237,239,1,1,1,32,239,28,1,1,allocated
64,8316,greenran_normal,0,0,65535_65535,0,1,152238,232,1,1,0,31,0,28,1,1,pre_allocation
64,8316,greenran_normal,0,0,65535_65535,0,1,152238,239,1,1,1,32,239,28,1,1,allocated
64,8316,greenran_normal,0,0,65535_65535,0,4,154938,195,1,1,0,32,0,24,1,1,pre_allocation
64,8316,greenran_normal,0,0,65535_65535,0,4,154938,201,1,1,1,33,201,24,1,1,allocated
64,8316,greenran_normal,0,0,65535_65535,0,2,152246,239,1,1,0,32,0,28,1,1,pre_allocation
64,8316,greenran_normal,0,0,65535_65535,0,2,152246,247,1,1,1,33,247,28,1,1,allocated
64,8316,greenran_normal,0,0,65535_65535,2,38,4993365,0,1,1,0,0,0,2,1,1,pre_allocation
64,8316,greenran_normal,0,0,65535_65535,2,38,4993365,0,1,1,1,1,0,2,1,1,allocated
64,8316,greenran_normal,0,0,65535_65535,2,60,4993060,0,1,1,0,0,0,14,1,1,pre_allocation
64,8316,greenran_normal,0,0,65535_65535,2,60,4993060,2,1,1,1,1,2,14,1,1,allocated
64,8316,greenran_normal,0,0,65535_65535,2,64,4992739,0,1,1,0,0,0,16,1,1,pre_allocation
64,8316,greenran_normal,0,0,65535_65535,2,64,4992739,0,1,1,1,1,0,16,1,1,allocated
64,8316,greenran_normal,0,0,65535_65535,2,43,4992088,0,1,1,0,0,0,16,1,1,pre_allocation
64,8316,greenran_normal,0,0,65535_65535,2,43,4992088,0,1,1,1,1,0,16,1,1,allocated
64,8316,greenran_normal,0,0,65535_65535,2,42,4991569,0,1,1,0,0,0,24,1,1,pre_allocation
64,8316,greenran_normal,0,0,65535_65535,2,42,4991569,3,1,1,1,1,3,24,1,1,allocated
64,8316,greenran_normal,0,0,65535_65535,2,36,4991114,0,1,1,0,0,0,26,1,1,pre_allocation
64,8316,greenran_normal,0,0,65535_65535,2,36,4991114,4,1,1,1,1,4,26,1,1,allocated
64,8316,greenran_normal,0,0,65535_65535,2,59,4991049,0,1,1,0,0,0,24,1,1,pre_allocation
64,8316,greenran_normal,0,0,65535_65535,2,59,4991049,3,1,1,1,1,3,24,1,1,allocated
64,8316,greenran_normal,0,0,65535_65535,2,39,4991010,0,1,1,0,0,0,28,1,1,pre_allocation
64,8316,greenran_normal,0,0,65535_65535,2,39,4991010,4,1,1,1,1,4,28,1,1,allocated
64,8316,greenran_normal,0,0,65535_65535,2,58,4991074,0,1,1,0,0,0,26,1,1,pre_allocation
64,8316,greenran_normal,0,0,65535_65535,2,58,4991074,4,1,1,1,1,4,26,1,1,allocated
64,8316,greenran_normal,0,0,65535_65535,2,56,4990992,0,1,1,0,0,0,28,1,1,pre_allocation
64,8316,greenran_normal,0,0,65535_65535,2,56,4990992,4,1,1,1,1,4,28,1,1,allocated
64,8316,greenran_normal,0,0,65535_65535,2,57,4990992,0,1,1,0,0,0,28,1,1,pre_allocation
64,8316,greenran_normal,0,0,65535_65535,2,57,4990992,4,1,1,1,1,4,28,1,1,allocated
64,8316,greenran_normal,0,0,65535_65535,2,40,4990994,0,1,1,0,0,0,28,1,1,pre_allocation
64,8316,greenran_normal,0,0,65535_65535,2,40,4990994,4,1,1,1,1,4,28,1,1,allocated
64,8316,greenran_normal,0,0,65535_65535,2,63,4990990,0,1,1,0,0,0,28,1,1,pre_allocation
64,8316,greenran_normal,0,0,65535_65535,2,63,4990990,4,1,1,1,1,4,28,1,1,allocated
64,8316,greenran_normal,0,0,65535_65535,2,62,4990990,0,1,1,0,0,0,28,1,1,pre_allocation
64,8316,greenran_normal,0,0,65535_65535,2,62,4990990,4,1,1,1,1,4,28,1,1,allocated
64,8316,greenran_normal,0,0,65535_65535,2,61,4990989,0,1,1,0,0,0,28,1,1,pre_allocation
64,8316,greenran_normal,0,0,65535_65535,2,61,4990989,4,1,1,1,1,4,28,1,1,allocated
64,8316,greenran_normal,0,0,65535_65535,2,44,4990985,0,1,1,0,0,0,28,1,1,pre_allocation
64,8316,greenran_normal,0,0,65535_65535,2,44,4990985,4,1,1,1,1,4,28,1,1,allocated
64,8316,greenran_normal,0,0,65535_65535,2,55,4990985,0,1,1,0,0,0,28,1,1,pre_allocation
64,8316,greenran_normal,0,0,65535_65535,2,55,4990985,4,1,1,1,1,4,28,1,1,allocated
64,8316,greenran_normal,0,0,65535_65535,2,35,4990984,0,1,1,0,0,0,28,1,1,pre_allocation
64,8316,greenran_normal,0,0,65535_65535,2,35,4990984,4,1,1,1,1,4,28,1,1,allocated
64,8316,greenran_normal,0,0,65535_65535,2,37,4990987,0,1,1,0,0,0,28,1,1,pre_allocation
64,8316,greenran_normal,0,0,65535_65535,2,37,4990987,4,1,1,1,1,4,28,1,1,allocated
64,8316,greenran_normal,0,0,65535_65535,2,41,4990987,0,1,1,0,0,0,28,1,1,pre_allocation
64,8316,greenran_normal,0,0,65535_65535,2,41,4990987,4,1,1,1,1,4,28,1,1,allocated
64,8316,greenran_normal,0,0,65535_65535,2,38,4993365,0,1,1,0,1,0,2,1,1,pre_allocation
64,8316,greenran_normal,0,0,65535_65535,2,38,4993365,0,1,1,1,2,0,2,1,1,allocated
64,8316,greenran_normal,0,0,65535_65535,2,60,4993060,2,1,1,0,1,0,14,1,1,pre_allocation
64,8316,greenran_normal,0,0,65535_65535,2,60,4993060,2,1,1,1,2,2,14,1,1,allocated
64,8316,greenran_normal,0,0,65535_65535,2,64,4992739,0,1,1,0,1,0,16,1,1,pre_allocation
64,8316,greenran_normal,0,0,65535_65535,2,64,4992739,3,1,1,1,2,3,16,1,1,allocated
64,8316,greenran_normal,0,0,65535_65535,2,43,4992088,0,1,1,0,1,0,16,1,1,pre_allocation
64,8316,greenran_normal,0,0,65535_65535,2,43,4992088,3,1,1,1,2,3,16,1,1,allocated
64,8316,greenran_normal,0,0,65535_65535,2,42,4991569,3,1,1,0,1,0,24,1,1,pre_allocation
64,8316,greenran_normal,0,0,65535_65535,2,42,4991569,9,1,1,1,2,9,24,1,1,allocated
64,8316,greenran_normal,0,0,65535_65535,2,36,4991114,4,1,1,0,1,0,26,1,1,pre_allocation
64,8316,greenran_normal,0,0,65535_65535,2,36,4991114,11,1,1,1,2,11,26,1,1,allocated
64,8316,greenran_normal,0,0,65535_65535,2,59,4991049,3,1,1,0,1,0,24,1,1,pre_allocation
64,8316,greenran_normal,0,0,65535_65535,2,59,4991049,9,1,1,1,2,9,24,1,1,allocated
64,8316,greenran_normal,0,0,65535_65535,2,39,4991010,4,1,1,0,1,0,28,1,1,pre_allocation
64,8316,greenran_normal,0,0,65535_65535,2,39,4991010,12,1,1,1,2,12,28,1,1,allocated
64,8316,greenran_normal,0,0,65535_65535,2,58,4991074,4,1,1,0,1,0,26,1,1,pre_allocation
64,8316,greenran_normal,0,0,65535_65535,2,58,4991074,11,1,1,1,2,11,26,1,1,allocated
64,8316,greenran_normal,0,0,65535_65535,2,56,4990992,4,1,1,0,1,0,28,1,1,pre_allocation
64,8316,greenran_normal,0,0,65535_65535,2,56,4990992,12,1,1,1,2,12,28,1,1,allocated
64,8316,greenran_normal,0,0,65535_65535,2,57,4990992,4,1,1,0,1,0,28,1,1,pre_allocation
64,8316,greenran_normal,0,0,65535_65535,2,57,4990992,12,1,1,1,2,12,28,1,1,allocated
64,8316,greenran_normal,0,0,65535_65535,2,40,4990994,4,1,1,0,1,0,28,1,1,pre_allocation
64,8316,greenran_normal,0,0,65535_65535,2,40,4990994,12,1,1,1,2,12,28,1,1,allocated
64,8316,greenran_normal,0,0,65535_65535,2,63,4990990,4,1,1,0,1,0,28,1,1,pre_allocation
64,8316,greenran_normal,0,0,65535_65535,2,63,4990990,12,1,1,1,2,12,28,1,1,allocated
64,8316,greenran_normal,0,0,65535_65535,2,62,4990990,4,1,1,0,1,0,28,1,1,pre_allocation
64,8316,greenran_normal,0,0,65535_65535,2,62,4990990,12,1,1,1,2,12,28,1,1,allocated
64,8316,greenran_normal,0,0,65535_65535,2,61,4990989,4,1,1,0,1,0,28,1,1,pre_allocation
64,8316,greenran_normal,0,0,65535_65535,2,61,4990989,12,1,1,1,2,12,28,1,1,allocated
64,8316,greenran_normal,0,0,65535_65535,2,44,4990985,4,1,1,0,1,0,28,1,1,pre_allocation
64,8316,greenran_normal,0,0,65535_65535,2,44,4990985,12,1,1,1,2,12,28,1,1,allocated
64,8316,greenran_normal,0,0,65535_65535,2,55,4990985,4,1,1,0,1,0,28,1,1,pre_allocation
64,8316,greenran_normal,0,0,65535_65535,2,55,4990985,12,1,1,1,2,12,28,1,1,allocated
64,8316,greenran_normal,0,0,65535_65535,2,35,4990984,4,1,1,0,1,0,28,1,1,pre_allocation
64,8316,greenran_normal,0,0,65535_65535,2,35,4990984,12,1,1,1,2,12,28,1,1,allocated
64,8316,greenran_normal,0,0,65535_65535,2,37,4990987,4,1,1,0,1,0,28,1,1,pre_allocation
64,8316,greenran_normal,0,0,65535_65535,2,37,4990987,12,1,1,1,2,12,28,1,1,allocated
64,8316,greenran_normal,0,0,65535_65535,2,41,4990987,4,1,1,0,1,0,28,1,1,pre_allocation
64,8316,greenran_normal,0,0,65535_65535,2,41,4990987,12,1,1,1,2,12,28,1,1,allocated
64,8316,greenran_normal,0,0,65535_65535,2,38,4993365,0,1,1,0,2,0,2,1,1,pre_allocation
64,8316,greenran_normal,0,0,65535_65535,2,38,4993365,0,1,1,1,3,0,2,1,1,allocated
64,8316,greenran_normal,0,0,65535_65535,2,60,4993060,2,1,1,0,2,0,14,1,1,pre_allocation
64,8316,greenran_normal,0,0,65535_65535,2,60,4993060,4,1,1,1,3,4,14,1,1,allocated
64,8316,greenran_normal,0,0,65535_65535,2,64,4992739,3,1,1,0,2,0,16,1,1,pre_allocation
64,8316,greenran_normal,0,0,65535_65535,2,64,4992739,6,1,1,1,3,6,16,1,1,allocated
64,8316,greenran_normal,0,0,65535_65535,2,43,4992088,3,1,1,0,2,0,16,1,1,pre_allocation
64,8316,greenran_normal,0,0,65535_65535,2,43,4992088,6,1,1,1,3,6,16,1,1,allocated
64,8316,greenran_normal,0,0,65535_65535,2,42,4991569,9,1,1,0,2,0,24,1,1,pre_allocation
64,8316,greenran_normal,0,0,65535_65535,2,42,4991569,15,1,1,1,3,15,24,1,1,allocated
64,8316,greenran_normal,0,0,65535_65535,2,36,4991114,11,1,1,0,2,0,26,1,1,pre_allocation
64,8316,greenran_normal,0,0,65535_65535,2,36,4991114,18,1,1,1,3,18,26,1,1,allocated
64,8316,greenran_normal,0,0,65535_65535,2,59,4991049,9,1,1,0,2,0,24,1,1,pre_allocation
64,8316,greenran_normal,0,0,65535_65535,2,59,4991049,15,1,1,1,3,15,24,1,1,allocated
64,8316,greenran_normal,0,0,65535_65535,2,39,4991010,12,1,1,0,2,0,28,1,1,pre_allocation
64,8316,greenran_normal,0,0,65535_65535,2,39,4991010,19,1,1,1,3,19,28,1,1,allocated
64,8316,greenran_normal,0,0,65535_65535,2,58,4991074,11,1,1,0,2,0,26,1,1,pre_allocation
64,8316,greenran_normal,0,0,65535_65535,2,58,4991074,18,1,1,1,3,18,26,1,1,allocated
64,8316,greenran_normal,0,0,65535_65535,2,56,4990992,12,1,1,0,2,0,28,1,1,pre_allocation
64,8316,greenran_normal,0,0,65535_65535,2,56,4990992,19,1,1,1,3,19,28,1,1,allocated
64,8316,greenran_normal,0,0,65535_65535,2,57,4990992,12,1,1,0,2,0,28,1,1,pre_allocation
64,8316,greenran_normal,0,0,65535_65535,2,57,4990992,19,1,1,1,3,19,28,1,1,allocated
64,8316,greenran_normal,0,0,65535_65535,2,40,4990994,12,1,1,0,2,0,28,1,1,pre_allocation
64,8316,greenran_normal,0,0,65535_65535,2,40,4990994,19,1,1,1,3,19,28,1,1,allocated
64,8316,greenran_normal,0,0,65535_65535,2,63,4990990,12,1,1,0,2,0,28,1,1,pre_allocation
64,8316,greenran_normal,0,0,65535_65535,2,63,4990990,19,1,1,1,3,19,28,1,1,allocated
64,8316,greenran_normal,0,0,65535_65535,2,62,4990990,12,1,1,0,2,0,28,1,1,pre_allocation
64,8316,greenran_normal,0,0,65535_65535,2,62,4990990,19,1,1,1,3,19,28,1,1,allocated
64,8316,greenran_normal,0,0,65535_65535,2,61,4990989,12,1,1,0,2,0,28,1,1,pre_allocation
64,8316,greenran_normal,0,0,65535_65535,2,61,4990989,19,1,1,1,3,19,28,1,1,allocated
64,8316,greenran_normal,0,0,65535_65535,2,44,4990985,12,1,1,0,2,0,28,1,1,pre_allocation
64,8316,greenran_normal,0,0,65535_65535,2,44,4990985,19,1,1,1,3,19,28,1,1,allocated
64,8316,greenran_normal,0,0,65535_65535,2,55,4990985,12,1,1,0,2,0,28,1,1,pre_allocation
64,8316,greenran_normal,0,0,65535_65535,2,55,4990985,19,1,1,1,3,19,28,1,1,allocated
64,8316,greenran_normal,0,0,65535_65535,2,35,4990984,12,1,1,0,2,0,28,1,1,pre_allocation
64,8316,greenran_normal,0,0,65535_65535,2,35,4990984,19,1,1,1,3,19,28,1,1,allocated
64,8316,greenran_normal,0,0,65535_65535,2,37,4990987,12,1,1,0,2,0,28,1,1,pre_allocation
64,8316,greenran_normal,0,0,65535_65535,2,37,4990987,19,1,1,1,3,19,28,1,1,allocated
64,8316,greenran_normal,0,0,65535_65535,2,41,4990987,12,1,1,0,2,0,28,1,1,pre_allocation
64,8316,greenran_normal,0,0,65535_65535,2,41,4990987,19,1,1,1,3,19,28,1,1,allocated
64,8316,greenran_normal,0,0,65535_65535,2,38,4993365,0,1,1,0,3,0,2,1,1,pre_allocation
64,8316,greenran_normal,0,0,65535_65535,2,38,4993365,1,1,1,1,4,1,2,1,1,allocated
64,8316,greenran_normal,0,0,65535_65535,2,60,4993060,4,1,1,0,3,0,14,1,1,pre_allocation
64,8316,greenran_normal,0,0,65535_65535,2,60,4993060,7,1,1,1,4,7,14,1,1,allocated
64,8316,greenran_normal,0,0,65535_65535,2,64,4992739,6,1,1,0,3,0,16,1,1,pre_allocation
64,8316,greenran_normal,0,0,65535_65535,2,64,4992739,10,1,1,1,4,10,16,1,1,allocated
64,8316,greenran_normal,0,0,65535_65535,2,43,4992088,6,1,1,0,3,0,16,1,1,pre_allocation
64,8316,greenran_normal,0,0,65535_65535,2,43,4992088,10,1,1,1,4,10,16,1,1,allocated
64,8316,greenran_normal,0,0,65535_65535,2,42,4991569,15,1,1,0,3,0,24,1,1,pre_allocation
64,8316,greenran_normal,0,0,65535_65535,2,42,4991569,21,1,1,1,4,21,24,1,1,allocated
64,8316,greenran_normal,0,0,65535_65535,2,36,4991114,18,1,1,0,3,0,26,1,1,pre_allocation
64,8316,greenran_normal,0,0,65535_65535,2,36,4991114,25,1,1,1,4,25,26,1,1,allocated
64,8316,greenran_normal,0,0,65535_65535,2,59,4991049,15,1,1,0,3,0,24,1,1,pre_allocation
64,8316,greenran_normal,0,0,65535_65535,2,59,4991049,21,1,1,1,4,21,24,1,1,allocated
64,8316,greenran_normal,0,0,65535_65535,2,39,4991010,19,1,1,0,3,0,28,1,1,pre_allocation
64,8316,greenran_normal,0,0,65535_65535,2,39,4991010,27,1,1,1,4,27,28,1,1,allocated
64,8316,greenran_normal,0,0,65535_65535,2,58,4991074,18,1,1,0,3,0,26,1,1,pre_allocation
64,8316,greenran_normal,0,0,65535_65535,2,58,4991074,25,1,1,1,4,25,26,1,1,allocated
64,8316,greenran_normal,0,0,65535_65535,2,56,4990992,19,1,1,0,3,0,28,1,1,pre_allocation
64,8316,greenran_normal,0,0,65535_65535,2,56,4990992,27,1,1,1,4,27,28,1,1,allocated
64,8316,greenran_normal,0,0,65535_65535,2,57,4990992,19,1,1,0,3,0,28,1,1,pre_allocation
64,8316,greenran_normal,0,0,65535_65535,2,57,4990992,27,1,1,1,4,27,28,1,1,allocated
64,8316,greenran_normal,0,0,65535_65535,2,40,4990994,19,1,1,0,3,0,28,1,1,pre_allocation
64,8316,greenran_normal,0,0,65535_65535,2,40,4990994,27,1,1,1,4,27,28,1,1,allocated
64,8316,greenran_normal,0,0,65535_65535,2,63,4990990,19,1,1,0,3,0,28,1,1,pre_allocation
64,8316,greenran_normal,0,0,65535_65535,2,63,4990990,27,1,1,1,4,27,28,1,1,allocated
64,8316,greenran_normal,0,0,65535_65535,2,62,4990990,19,1,1,0,3,0,28,1,1,pre_allocation
64,8316,greenran_normal,0,0,65535_65535,2,62,4990990,27,1,1,1,4,27,28,1,1,allocated
64,8316,greenran_normal,0,0,65535_65535,2,61,4990989,19,1,1,0,3,0,28,1,1,pre_allocation
64,8316,greenran_normal,0,0,65535_65535,2,61,4990989,27,1,1,1,4,27,28,1,1,allocated
64,8316,greenran_normal,0,0,65535_65535,2,44,4990985,19,1,1,0,3,0,28,1,1,pre_allocation
64,8316,greenran_normal,0,0,65535_65535,2,44,4990985,27,1,1,1,4,27,28,1,1,allocated
64,8316,greenran_normal,0,0,65535_65535,2,55,4990985,19,1,1,0,3,0,28,1,1,pre_allocation
64,8316,greenran_normal,0,0,65535_65535,2,55,4990985,27,1,1,1,4,27,28,1,1,allocated
64,8316,greenran_normal,0,0,65535_65535,2,35,4990984,19,1,1,0,3,0,28,1,1,pre_allocation
64,8316,greenran_normal,0,0,65535_65535,2,35,4990984,27,1,1,1,4,27,28,1,1,allocated
64,8316,greenran_normal,0,0,65535_65535,2,37,4990987,19,1,1,0,3,0,28,1,1,pre_allocation
64,8316,greenran_normal,0,0,65535_65535,2,37,4990987,27,1,1,1,4,27,28,1,1,allocated
64,8316,greenran_normal,0,0,65535_65535,2,41,4990987,19,1,1,0,3,0,28,1,1,pre_allocation
64,8316,greenran_normal,0,0,65535_65535,2,41,4990987,27,1,1,1,4,27,28,1,1,allocated
64,8316,greenran_normal,0,0,65535_65535,2,38,4993365,1,1,1,0,4,0,2,1,1,pre_allocation
64,8316,greenran_normal,0,0,65535_65535,2,38,4993365,1,1,1,1,5,1,2,1,1,allocated
64,8316,greenran_normal,0,0,65535_65535,2,60,4993060,7,1,1,0,4,0,14,1,1,pre_allocation
64,8316,greenran_normal,0,0,65535_65535,2,60,4993060,10,1,1,1,5,10,14,1,1,allocated
64,8316,greenran_normal,0,0,65535_65535,2,64,4992739,10,1,1,0,4,0,16,1,1,pre_allocation
64,8316,greenran_normal,0,0,65535_65535,2,64,4992739,13,1,1,1,5,13,16,1,1,allocated
64,8316,greenran_normal,0,0,65535_65535,2,43,4992088,10,1,1,0,4,0,16,1,1,pre_allocation
64,8316,greenran_normal,0,0,65535_65535,2,43,4992088,13,1,1,1,5,13,16,1,1,allocated
64,8316,greenran_normal,0,0,65535_65535,2,42,4991569,21,1,1,0,4,0,24,1,1,pre_allocation
64,8316,greenran_normal,0,0,65535_65535,2,42,4991569,27,1,1,1,5,27,24,1,1,allocated
64,8316,greenran_normal,0,0,65535_65535,2,36,4991114,25,1,1,0,4,0,26,1,1,pre_allocation
64,8316,greenran_normal,0,0,65535_65535,2,36,4991114,32,1,1,1,5,32,26,1,1,allocated
64,8316,greenran_normal,0,0,65535_65535,2,59,4991049,21,1,1,0,4,0,24,1,1,pre_allocation
64,8316,greenran_normal,0,0,65535_65535,2,59,4991049,27,1,1,1,5,27,24,1,1,allocated
64,8316,greenran_normal,0,0,65535_65535,2,39,4991010,27,1,1,0,4,0,28,1,1,pre_allocation
64,8316,greenran_normal,0,0,65535_65535,2,39,4991010,34,1,1,1,5,34,28,1,1,allocated
64,8316,greenran_normal,0,0,65535_65535,2,58,4991074,25,1,1,0,4,0,26,1,1,pre_allocation
64,8316,greenran_normal,0,0,65535_65535,2,58,4991074,32,1,1,1,5,32,26,1,1,allocated
64,8316,greenran_normal,0,0,65535_65535,2,56,4990992,27,1,1,0,4,0,28,1,1,pre_allocation
64,8316,greenran_normal,0,0,65535_65535,2,56,4990992,34,1,1,1,5,34,28,1,1,allocated
64,8316,greenran_normal,0,0,65535_65535,2,57,4990992,27,1,1,0,4,0,28,1,1,pre_allocation
64,8316,greenran_normal,0,0,65535_65535,2,57,4990992,34,1,1,1,5,34,28,1,1,allocated
64,8316,greenran_normal,0,0,65535_65535,2,40,4990994,27,1,1,0,4,0,28,1,1,pre_allocation
64,8316,greenran_normal,0,0,65535_65535,2,40,4990994,34,1,1,1,5,34,28,1,1,allocated
64,8316,greenran_normal,0,0,65535_65535,2,63,4990990,27,1,1,0,4,0,28,1,1,pre_allocation
64,8316,greenran_normal,0,0,65535_65535,2,63,4990990,34,1,1,1,5,34,28,1,1,allocated
64,8316,greenran_normal,0,0,65535_65535,2,62,4990990,27,1,1,0,4,0,28,1,1,pre_allocation
64,8316,greenran_normal,0,0,65535_65535,2,62,4990990,34,1,1,1,5,34,28,1,1,allocated
64,8316,greenran_normal,0,0,65535_65535,2,61,4990989,27,1,1,0,4,0,28,1,1,pre_allocation
64,8316,greenran_normal,0,0,65535_65535,2,61,4990989,34,1,1,1,5,34,28,1,1,allocated
64,8316,greenran_normal,0,0,65535_65535,2,44,4990985,27,1,1,0,4,0,28,1,1,pre_allocation
64,8316,greenran_normal,0,0,65535_65535,2,44,4990985,34,1,1,1,5,34,28,1,1,allocated
64,8316,greenran_normal,0,0,65535_65535,2,55,4990985,27,1,1,0,4,0,28,1,1,pre_allocation
64,8316,greenran_normal,0,0,65535_65535,2,55,4990985,34,1,1,1,5,34,28,1,1,allocated
64,8316,greenran_normal,0,0,65535_65535,2,35,4990984,27,1,1,0,4,0,28,1,1,pre_allocation
64,8316,greenran_normal,0,0,65535_65535,2,35,4990984,34,1,1,1,5,34,28,1,1,allocated
64,8316,greenran_normal,0,0,65535_65535,2,37,4990987,27,1,1,0,4,0,28,1,1,pre_allocation
64,8316,greenran_normal,0,0,65535_65535,2,37,4990987,34,1,1,1,5,34,28,1,1,allocated
64,8316,greenran_normal,0,0,65535_65535,2,41,4990987,27,1,1,0,4,0,28,1,1,pre_allocation
64,8316,greenran_normal,0,0,65535_65535,2,41,4990987,34,1,1,1,5,34,28,1,1,allocated
64,8316,greenran_normal,0,0,65535_65535,2,38,4993365,1,1,1,0,5,0,2,1,1,pre_allocation
64,8316,greenran_normal,0,0,65535_65535,2,38,4993365,1,1,1,1,6,1,2,1,1,allocated
64,8316,greenran_normal,0,0,65535_65535,2,60,4993060,10,1,1,0,5,0,14,1,1,pre_allocation
64,8316,greenran_normal,0,0,65535_65535,2,60,4993060,12,1,1,1,6,12,14,1,1,allocated
64,8316,greenran_normal,0,0,65535_65535,2,64,4992739,13,1,1,0,5,0,16,1,1,pre_allocation
64,8316,greenran_normal,0,0,65535_65535,2,64,4992739,16,1,1,1,6,16,16,1,1,allocated
64,8316,greenran_normal,0,0,65535_65535,2,43,4992088,13,1,1,0,5,0,16,1,1,pre_allocation
64,8316,greenran_normal,0,0,65535_65535,2,43,4992088,16,1,1,1,6,16,16,1,1,allocated
66,8447,greenran_normal,0,0,65535_65535,0,4,157317,0,1,1,0,0,0,24,1,1,pre_allocation
66,8447,greenran_normal,0,0,65535_65535,0,4,157317,3,1,1,1,1,3,24,1,1,allocated
66,8447,greenran_normal,0,0,65535_65535,0,3,154539,0,1,1,0,0,0,28,1,1,pre_allocation
66,8447,greenran_normal,0,0,65535_65535,0,3,154539,4,1,1,1,1,4,28,1,1,allocated
66,8447,greenran_normal,0,0,65535_65535,0,1,154540,0,1,1,0,0,0,28,1,1,pre_allocation
66,8447,greenran_normal,0,0,65535_65535,0,1,154540,4,1,1,1,1,4,28,1,1,allocated
66,8447,greenran_normal,0,0,65535_65535,0,2,154540,0,1,1,0,0,0,28,1,1,pre_allocation
66,8447,greenran_normal,0,0,65535_65535,0,2,154540,4,1,1,1,1,4,28,1,1,allocated
66,8447,greenran_normal,0,0,65535_65535,0,5,154532,0,1,1,0,0,0,28,1,1,pre_allocation
66,8447,greenran_normal,0,0,65535_65535,0,5,154532,4,1,1,1,1,4,28,1,1,allocated
66,8447,greenran_normal,0,0,65535_65535,0,4,157317,3,1,1,0,1,0,24,1,1,pre_allocation
66,8447,greenran_normal,0,0,65535_65535,0,4,157317,9,1,1,1,2,9,24,1,1,allocated
66,8447,greenran_normal,0,0,65535_65535,0,3,154539,4,1,1,0,1,0,28,1,1,pre_allocation
66,8447,greenran_normal,0,0,65535_65535,0,3,154539,12,1,1,1,2,12,28,1,1,allocated
66,8447,greenran_normal,0,0,65535_65535,0,1,154540,4,1,1,0,1,0,28,1,1,pre_allocation
66,8447,greenran_normal,0,0,65535_65535,0,1,154540,12,1,1,1,2,12,28,1,1,allocated
66,8447,greenran_normal,0,0,65535_65535,0,2,154540,4,1,1,0,1,0,28,1,1,pre_allocation
66,8447,greenran_normal,0,0,65535_65535,0,2,154540,12,1,1,1,2,12,28,1,1,allocated
66,8447,greenran_normal,0,0,65535_65535,0,5,154532,4,1,1,0,1,0,28,1,1,pre_allocation
66,8447,greenran_normal,0,0,65535_65535,0,5,154532,12,1,1,1,2,12,28,1,1,allocated
66,8447,greenran_normal,0,0,65535_65535,0,4,157317,9,1,1,0,2,0,24,1,1,pre_allocation
66,8447,greenran_normal,0,0,65535_65535,0,4,157317,15,1,1,1,3,15,24,1,1,allocated
66,8447,greenran_normal,0,0,65535_65535,0,3,154539,12,1,1,0,2,0,28,1,1,pre_allocation
66,8447,greenran_normal,0,0,65535_65535,0,3,154539,19,1,1,1,3,19,28,1,1,allocated
66,8447,greenran_normal,0,0,65535_65535,0,1,154540,12,1,1,0,2,0,28,1,1,pre_allocation
66,8447,greenran_normal,0,0,65535_65535,0,1,154540,19,1,1,1,3,19,28,1,1,allocated
66,8447,greenran_normal,0,0,65535_65535,0,2,154540,12,1,1,0,2,0,28,1,1,pre_allocation
66,8447,greenran_normal,0,0,65535_65535,0,2,154540,19,1,1,1,3,19,28,1,1,allocated
66,8447,greenran_normal,0,0,65535_65535,0,5,154532,12,1,1,0,2,0,28,1,1,pre_allocation
66,8447,greenran_normal,0,0,65535_65535,0,5,154532,19,1,1,1,3,19,28,1,1,allocated
66,8447,greenran_normal,0,0,65535_65535,0,4,157317,15,1,1,0,3,0,24,1,1,pre_allocation
66,8447,greenran_normal,0,0,65535_65535,0,4,157317,21,1,1,1,4,21,24,1,1,allocated
66,8447,greenran_normal,0,0,65535_65535,0,3,154539,19,1,1,0,3,0,28,1,1,pre_allocation
66,8447,greenran_normal,0,0,65535_65535,0,3,154539,27,1,1,1,4,27,28,1,1,allocated
66,8447,greenran_normal,0,0,65535_65535,0,1,154540,19,1,1,0,3,0,28,1,1,pre_allocation
66,8447,greenran_normal,0,0,65535_65535,0,1,154540,27,1,1,1,4,27,28,1,1,allocated
66,8447,greenran_normal,0,0,65535_65535,0,2,154540,19,1,1,0,3,0,28,1,1,pre_allocation
66,8447,greenran_normal,0,0,65535_65535,0,2,154540,27,1,1,1,4,27,28,1,1,allocated
66,8447,greenran_normal,0,0,65535_65535,0,5,154532,19,1,1,0,3,0,28,1,1,pre_allocation
66,8447,greenran_normal,0,0,65535_65535,0,5,154532,27,1,1,1,4,27,28,1,1,allocated
66,8447,greenran_normal,0,0,65535_65535,0,4,157317,21,1,1,0,4,0,24,1,1,pre_allocation
66,8447,greenran_normal,0,0,65535_65535,0,4,157317,27,1,1,1,5,27,24,1,1,allocated
66,8447,greenran_normal,0,0,65535_65535,0,3,154539,27,1,1,0,4,0,28,1,1,pre_allocation
66,8447,greenran_normal,0,0,65535_65535,0,3,154539,34,1,1,1,5,34,28,1,1,allocated
66,8447,greenran_normal,0,0,65535_65535,0,1,154540,27,1,1,0,4,0,28,1,1,pre_allocation
66,8447,greenran_normal,0,0,65535_65535,0,1,154540,34,1,1,1,5,34,28,1,1,allocated
66,8447,greenran_normal,0,0,65535_65535,0,2,154540,27,1,1,0,4,0,28,1,1,pre_allocation
66,8447,greenran_normal,0,0,65535_65535,0,2,154540,34,1,1,1,5,34,28,1,1,allocated
66,8447,greenran_normal,0,0,65535_65535,0,5,154532,27,1,1,0,4,0,28,1,1,pre_allocation
66,8447,greenran_normal,0,0,65535_65535,0,5,154532,34,1,1,1,5,34,28,1,1,allocated
66,8447,greenran_normal,0,0,65535_65535,0,4,157317,27,1,1,0,5,0,24,1,1,pre_allocation
66,8447,greenran_normal,0,0,65535_65535,0,4,157317,34,1,1,1,6,34,24,1,1,allocated
66,8447,greenran_normal,0,0,65535_65535,0,3,154539,34,1,1,0,5,0,28,1,1,pre_allocation
66,8447,greenran_normal,0,0,65535_65535,0,3,154539,42,1,1,1,6,42,28,1,1,allocated
66,8447,greenran_normal,0,0,65535_65535,0,1,154540,34,1,1,0,5,0,28,1,1,pre_allocation
66,8447,greenran_normal,0,0,65535_65535,0,1,154540,42,1,1,1,6,42,28,1,1,allocated
66,8447,greenran_normal,0,0,65535_65535,0,2,154540,34,1,1,0,5,0,28,1,1,pre_allocation
66,8447,greenran_normal,0,0,65535_65535,0,2,154540,42,1,1,1,6,42,28,1,1,allocated
66,8447,greenran_normal,0,0,65535_65535,0,5,154532,34,1,1,0,5,0,28,1,1,pre_allocation
66,8447,greenran_normal,0,0,65535_65535,0,5,154532,42,1,1,1,6,42,28,1,1,allocated
66,8447,greenran_normal,0,0,65535_65535,0,4,157317,34,1,1,0,6,0,24,1,1,pre_allocation
66,8447,greenran_normal,0,0,65535_65535,0,4,157317,40,1,1,1,7,40,24,1,1,allocated
66,8447,greenran_normal,0,0,65535_65535,0,3,154539,42,1,1,0,6,0,28,1,1,pre_allocation
66,8447,greenran_normal,0,0,65535_65535,0,3,154539,50,1,1,1,7,50,28,1,1,allocated
66,8447,greenran_normal,0,0,65535_65535,0,1,154540,42,1,1,0,6,0,28,1,1,pre_allocation
66,8447,greenran_normal,0,0,65535_65535,0,1,154540,50,1,1,1,7,50,28,1,1,allocated
66,8447,greenran_normal,0,0,65535_65535,0,2,154540,42,1,1,0,6,0,28,1,1,pre_allocation
66,8447,greenran_normal,0,0,65535_65535,0,2,154540,50,1,1,1,7,50,28,1,1,allocated
66,8447,greenran_normal,0,0,65535_65535,0,5,154532,42,1,1,0,6,0,28,1,1,pre_allocation
66,8447,greenran_normal,0,0,65535_65535,0,5,154532,50,1,1,1,7,50,28,1,1,allocated
66,8447,greenran_normal,0,0,65535_65535,0,4,157317,40,1,1,0,7,0,24,1,1,pre_allocation
66,8447,greenran_normal,0,0,65535_65535,0,4,157317,46,1,1,1,8,46,24,1,1,allocated
66,8447,greenran_normal,0,0,65535_65535,0,3,154539,50,1,1,0,7,0,28,1,1,pre_allocation
66,8447,greenran_normal,0,0,65535_65535,0,3,154539,57,1,1,1,8,57,28,1,1,allocated
66,8447,greenran_normal,0,0,65535_65535,0,1,154540,50,1,1,0,7,0,28,1,1,pre_allocation
66,8447,greenran_normal,0,0,65535_65535,0,1,154540,57,1,1,1,8,57,28,1,1,allocated
66,8447,greenran_normal,0,0,65535_65535,0,2,154540,50,1,1,0,7,0,28,1,1,pre_allocation
66,8447,greenran_normal,0,0,65535_65535,0,2,154540,57,1,1,1,8,57,28,1,1,allocated
66,8447,greenran_normal,0,0,65535_65535,0,5,154532,50,1,1,0,7,0,28,1,1,pre_allocation
66,8447,greenran_normal,0,0,65535_65535,0,5,154532,57,1,1,1,8,57,28,1,1,allocated
66,8447,greenran_normal,0,0,65535_65535,0,4,157317,46,1,1,0,8,0,24,1,1,pre_allocation
66,8447,greenran_normal,0,0,65535_65535,0,4,157317,52,1,1,1,9,52,24,1,1,allocated
66,8447,greenran_normal,0,0,65535_65535,0,3,154539,57,1,1,0,8,0,28,1,1,pre_allocation
66,8447,greenran_normal,0,0,65535_65535,0,3,154539,65,1,1,1,9,65,28,1,1,allocated
66,8447,greenran_normal,0,0,65535_65535,0,1,154540,57,1,1,0,8,0,28,1,1,pre_allocation
66,8447,greenran_normal,0,0,65535_65535,0,1,154540,65,1,1,1,9,65,28,1,1,allocated
66,8447,greenran_normal,0,0,65535_65535,0,2,154540,57,1,1,0,8,0,28,1,1,pre_allocation
66,8447,greenran_normal,0,0,65535_65535,0,2,154540,65,1,1,1,9,65,28,1,1,allocated
66,8447,greenran_normal,0,0,65535_65535,0,5,154532,57,1,1,0,8,0,28,1,1,pre_allocation
66,8447,greenran_normal,0,0,65535_65535,0,5,154532,65,1,1,1,9,65,28,1,1,allocated
66,8447,greenran_normal,0,0,65535_65535,0,4,157317,52,1,1,0,9,0,24,1,1,pre_allocation
66,8447,greenran_normal,0,0,65535_65535,0,4,157317,58,1,1,1,10,58,24,1,1,allocated
66,8447,greenran_normal,0,0,65535_65535,0,3,154539,65,1,1,0,9,0,28,1,1,pre_allocation
66,8447,greenran_normal,0,0,65535_65535,0,3,154539,72,1,1,1,10,72,28,1,1,allocated
66,8447,greenran_normal,0,0,65535_65535,0,1,154540,65,1,1,0,9,0,28,1,1,pre_allocation
66,8447,greenran_normal,0,0,65535_65535,0,1,154540,72,1,1,1,10,72,28,1,1,allocated
66,8447,greenran_normal,0,0,65535_65535,0,2,154540,65,1,1,0,9,0,28,1,1,pre_allocation
66,8447,greenran_normal,0,0,65535_65535,0,2,154540,72,1,1,1,10,72,28,1,1,allocated
66,8447,greenran_normal,0,0,65535_65535,0,5,154532,65,1,1,0,9,0,28,1,1,pre_allocation
66,8447,greenran_normal,0,0,65535_65535,0,5,154532,72,1,1,1,10,72,28,1,1,allocated
66,8447,greenran_normal,0,0,65535_65535,0,4,157317,58,1,1,0,10,0,24,1,1,pre_allocation
66,8447,greenran_normal,0,0,65535_65535,0,4,157317,65,1,1,1,11,65,24,1,1,allocated
66,8447,greenran_normal,0,0,65535_65535,0,3,154539,72,1,1,0,10,0,28,1,1,pre_allocation
66,8447,greenran_normal,0,0,65535_65535,0,3,154539,80,1,1,1,11,80,28,1,1,allocated
66,8447,greenran_normal,0,0,65535_65535,0,1,154540,72,1,1,0,10,0,28,1,1,pre_allocation
66,8447,greenran_normal,0,0,65535_65535,0,1,154540,80,1,1,1,11,80,28,1,1,allocated
66,8447,greenran_normal,0,0,65535_65535,0,2,154540,72,1,1,0,10,0,28,1,1,pre_allocation
66,8447,greenran_normal,0,0,65535_65535,0,2,154540,80,1,1,1,11,80,28,1,1,allocated
66,8447,greenran_normal,0,0,65535_65535,0,5,154532,72,1,1,0,10,0,28,1,1,pre_allocation
66,8447,greenran_normal,0,0,65535_65535,0,5,154532,80,1,1,1,11,80,28,1,1,allocated
66,8447,greenran_normal,0,0,65535_65535,0,4,157317,65,1,1,0,11,0,24,1,1,pre_allocation
66,8447,greenran_normal,0,0,65535_65535,0,4,157317,71,1,1,1,12,71,24,1,1,allocated
66,8447,greenran_normal,0,0,65535_65535,0,3,154539,80,1,1,0,11,0,28,1,1,pre_allocation
66,8447,greenran_normal,0,0,65535_65535,0,3,154539,88,1,1,1,12,88,28,1,1,allocated
66,8447,greenran_normal,0,0,65535_65535,0,1,154540,80,1,1,0,11,0,28,1,1,pre_allocation
66,8447,greenran_normal,0,0,65535_65535,0,1,154540,88,1,1,1,12,88,28,1,1,allocated
66,8447,greenran_normal,0,0,65535_65535,0,2,154540,80,1,1,0,11,0,28,1,1,pre_allocation
66,8447,greenran_normal,0,0,65535_65535,0,2,154540,88,1,1,1,12,88,28,1,1,allocated
66,8447,greenran_normal,0,0,65535_65535,0,5,154532,80,1,1,0,11,0,28,1,1,pre_allocation
66,8447,greenran_normal,0,0,65535_65535,0,5,154532,88,1,1,1,12,88,28,1,1,allocated
66,8447,greenran_normal,0,0,65535_65535,0,4,157317,71,1,1,0,12,0,24,1,1,pre_allocation
66,8447,greenran_normal,0,0,65535_65535,0,4,157317,77,1,1,1,13,77,24,1,1,allocated
66,8447,greenran_normal,0,0,65535_65535,0,3,154539,88,1,1,0,12,0,28,1,1,pre_allocation
66,8447,greenran_normal,0,0,65535_65535,0,3,154539,95,1,1,1,13,95,28,1,1,allocated
66,8447,greenran_normal,0,0,65535_65535,0,1,154540,88,1,1,0,12,0,28,1,1,pre_allocation
66,8447,greenran_normal,0,0,65535_65535,0,1,154540,95,1,1,1,13,95,28,1,1,allocated
66,8447,greenran_normal,0,0,65535_65535,0,2,154540,88,1,1,0,12,0,28,1,1,pre_allocation
66,8447,greenran_normal,0,0,65535_65535,0,2,154540,95,1,1,1,13,95,28,1,1,allocated
66,8447,greenran_normal,0,0,65535_65535,0,5,154532,88,1,1,0,12,0,28,1,1,pre_allocation
66,8447,greenran_normal,0,0,65535_65535,0,5,154532,95,1,1,1,13,95,28,1,1,allocated
66,8447,greenran_normal,0,0,65535_65535,0,4,157317,77,1,1,0,13,0,24,1,1,pre_allocation
66,8447,greenran_normal,0,0,65535_65535,0,4,157317,83,1,1,1,14,83,24,1,1,allocated
66,8447,greenran_normal,0,0,65535_65535,0,3,154539,95,1,1,0,13,0,28,1,1,pre_allocation
66,8447,greenran_normal,0,0,65535_65535,0,3,154539,103,1,1,1,14,103,28,1,1,allocated
66,8447,greenran_normal,0,0,65535_65535,0,1,154540,95,1,1,0,13,0,28,1,1,pre_allocation
66,8447,greenran_normal,0,0,65535_65535,0,1,154540,103,1,1,1,14,103,28,1,1,allocated
66,8447,greenran_normal,0,0,65535_65535,0,2,154540,95,1,1,0,13,0,28,1,1,pre_allocation
66,8447,greenran_normal,0,0,65535_65535,0,2,154540,103,1,1,1,14,103,28,1,1,allocated
66,8447,greenran_normal,0,0,65535_65535,0,5,154532,95,1,1,0,13,0,28,1,1,pre_allocation
66,8447,greenran_normal,0,0,65535_65535,0,5,154532,103,1,1,1,14,103,28,1,1,allocated
66,8447,greenran_normal,0,0,65535_65535,0,4,157317,83,1,1,0,14,0,24,1,1,pre_allocation
66,8447,greenran_normal,0,0,65535_65535,0,4,157317,89,1,1,1,15,89,24,1,1,allocated
66,8447,greenran_normal,0,0,65535_65535,0,3,154539,103,1,1,0,14,0,28,1,1,pre_allocation
66,8447,greenran_normal,0,0,65535_65535,0,3,154539,110,1,1,1,15,110,28,1,1,allocated
66,8447,greenran_normal,0,0,65535_65535,0,1,154540,103,1,1,0,14,0,28,1,1,pre_allocation
66,8447,greenran_normal,0,0,65535_65535,0,1,154540,110,1,1,1,15,110,28,1,1,allocated
66,8447,greenran_normal,0,0,65535_65535,0,2,154540,103,1,1,0,14,0,28,1,1,pre_allocation
66,8447,greenran_normal,0,0,65535_65535,0,2,154540,110,1,1,1,15,110,28,1,1,allocated
66,8447,greenran_normal,0,0,65535_65535,0,5,154532,103,1,1,0,14,0,28,1,1,pre_allocation
66,8447,greenran_normal,0,0,65535_65535,0,5,154532,110,1,1,1,15,110,28,1,1,allocated
66,8447,greenran_normal,0,0,65535_65535,0,4,157317,89,1,1,0,15,0,24,1,1,pre_allocation
66,8447,greenran_normal,0,0,65535_65535,0,4,157317,96,1,1,1,16,96,24,1,1,allocated
66,8447,greenran_normal,0,0,65535_65535,0,3,154539,110,1,1,0,15,0,28,1,1,pre_allocation
66,8447,greenran_normal,0,0,65535_65535,0,3,154539,118,1,1,1,16,118,28,1,1,allocated
66,8447,greenran_normal,0,0,65535_65535,0,1,154540,110,1,1,0,15,0,28,1,1,pre_allocation
66,8447,greenran_normal,0,0,65535_65535,0,1,154540,118,1,1,1,16,118,28,1,1,allocated
66,8447,greenran_normal,0,0,65535_65535,0,2,154540,110,1,1,0,15,0,28,1,1,pre_allocation
66,8447,greenran_normal,0,0,65535_65535,0,2,154540,118,1,1,1,16,118,28,1,1,allocated
66,8447,greenran_normal,0,0,65535_65535,0,5,154532,110,1,1,0,15,0,28,1,1,pre_allocation
66,8447,greenran_normal,0,0,65535_65535,0,5,154532,118,1,1,1,16,118,28,1,1,allocated
66,8447,greenran_normal,0,0,65535_65535,0,4,157317,96,1,1,0,16,0,24,1,1,pre_allocation
66,8447,greenran_normal,0,0,65535_65535,0,4,157317,102,1,1,1,17,102,24,1,1,allocated
66,8447,greenran_normal,0,0,65535_65535,0,3,154539,118,1,1,0,16,0,28,1,1,pre_allocation
66,8447,greenran_normal,0,0,65535_65535,0,3,154539,126,1,1,1,17,126,28,1,1,allocated
66,8447,greenran_normal,0,0,65535_65535,0,1,154540,118,1,1,0,16,0,28,1,1,pre_allocation
66,8447,greenran_normal,0,0,65535_65535,0,1,154540,126,1,1,1,17,126,28,1,1,allocated
66,8447,greenran_normal,0,0,65535_65535,0,2,154540,118,1,1,0,16,0,28,1,1,pre_allocation
66,8447,greenran_normal,0,0,65535_65535,0,2,154540,126,1,1,1,17,126,28,1,1,allocated
66,8447,greenran_normal,0,0,65535_65535,0,5,154532,118,1,1,0,16,0,28,1,1,pre_allocation
66,8447,greenran_normal,0,0,65535_65535,0,5,154532,126,1,1,1,17,126,28,1,1,allocated
66,8447,greenran_normal,0,0,65535_65535,0,4,157317,102,1,1,0,17,0,24,1,1,pre_allocation
66,8447,greenran_normal,0,0,65535_65535,0,4,157317,108,1,1,1,18,108,24,1,1,allocated
66,8447,greenran_normal,0,0,65535_65535,0,3,154539,126,1,1,0,17,0,28,1,1,pre_allocation
66,8447,greenran_normal,0,0,65535_65535,0,3,154539,133,1,1,1,18,133,28,1,1,allocated
66,8447,greenran_normal,0,0,65535_65535,0,1,154540,126,1,1,0,17,0,28,1,1,pre_allocation
66,8447,greenran_normal,0,0,65535_65535,0,1,154540,133,1,1,1,18,133,28,1,1,allocated
66,8447,greenran_normal,0,0,65535_65535,0,2,154540,126,1,1,0,17,0,28,1,1,pre_allocation
66,8447,greenran_normal,0,0,65535_65535,0,2,154540,133,1,1,1,18,133,28,1,1,allocated
66,8447,greenran_normal,0,0,65535_65535,0,5,154532,126,1,1,0,17,0,28,1,1,pre_allocation
66,8447,greenran_normal,0,0,65535_65535,0,5,154532,133,1,1,1,18,133,28,1,1,allocated
66,8447,greenran_normal,0,0,65535_65535,0,4,157317,108,1,1,0,18,0,24,1,1,pre_allocation
66,8447,greenran_normal,0,0,65535_65535,0,4,157317,114,1,1,1,19,114,24,1,1,allocated
66,8447,greenran_normal,0,0,65535_65535,0,3,154539,133,1,1,0,18,0,28,1,1,pre_allocation
66,8447,greenran_normal,0,0,65535_65535,0,3,154539,141,1,1,1,19,141,28,1,1,allocated
66,8447,greenran_normal,0,0,65535_65535,0,1,154540,133,1,1,0,18,0,28,1,1,pre_allocation
66,8447,greenran_normal,0,0,65535_65535,0,1,154540,141,1,1,1,19,141,28,1,1,allocated
66,8447,greenran_normal,0,0,65535_65535,0,2,154540,133,1,1,0,18,0,28,1,1,pre_allocation
66,8447,greenran_normal,0,0,65535_65535,0,2,154540,141,1,1,1,19,141,28,1,1,allocated
66,8447,greenran_normal,0,0,65535_65535,0,5,154532,133,1,1,0,18,0,28,1,1,pre_allocation
66,8447,greenran_normal,0,0,65535_65535,0,5,154532,141,1,1,1,19,141,28,1,1,allocated
66,8447,greenran_normal,0,0,65535_65535,0,4,157317,114,1,1,0,19,0,24,1,1,pre_allocation
66,8447,greenran_normal,0,0,65535_65535,0,4,157317,120,1,1,1,20,120,24,1,1,allocated
66,8447,greenran_normal,0,0,65535_65535,0,3,154539,141,1,1,0,19,0,28,1,1,pre_allocation
66,8447,greenran_normal,0,0,65535_65535,0,3,154539,148,1,1,1,20,148,28,1,1,allocated
66,8447,greenran_normal,0,0,65535_65535,0,1,154540,141,1,1,0,19,0,28,1,1,pre_allocation
66,8447,greenran_normal,0,0,65535_65535,0,1,154540,148,1,1,1,20,148,28,1,1,allocated
66,8447,greenran_normal,0,0,65535_65535,0,2,154540,141,1,1,0,19,0,28,1,1,pre_allocation
66,8447,greenran_normal,0,0,65535_65535,0,2,154540,148,1,1,1,20,148,28,1,1,allocated
66,8447,greenran_normal,0,0,65535_65535,0,5,154532,141,1,1,0,19,0,28,1,1,pre_allocation
66,8447,greenran_normal,0,0,65535_65535,0,5,154532,148,1,1,1,20,148,28,1,1,allocated
66,8447,greenran_normal,0,0,65535_65535,0,4,157317,120,1,1,0,20,0,24,1,1,pre_allocation
66,8447,greenran_normal,0,0,65535_65535,0,4,157317,126,1,1,1,21,126,24,1,1,allocated
66,8447,greenran_normal,0,0,65535_65535,0,3,154539,148,1,1,0,20,0,28,1,1,pre_allocation
66,8447,greenran_normal,0,0,65535_65535,0,3,154539,156,1,1,1,21,156,28,1,1,allocated
66,8447,greenran_normal,0,0,65535_65535,0,1,154540,148,1,1,0,20,0,28,1,1,pre_allocation
66,8447,greenran_normal,0,0,65535_65535,0,1,154540,156,1,1,1,21,156,28,1,1,allocated
66,8447,greenran_normal,0,0,65535_65535,0,2,154540,148,1,1,0,20,0,28,1,1,pre_allocation
66,8447,greenran_normal,0,0,65535_65535,0,2,154540,156,1,1,1,21,156,28,1,1,allocated
66,8447,greenran_normal,0,0,65535_65535,0,5,154532,148,1,1,0,20,0,28,1,1,pre_allocation
66,8447,greenran_normal,0,0,65535_65535,0,5,154532,156,1,1,1,21,156,28,1,1,allocated
66,8447,greenran_normal,0,0,65535_65535,0,4,157317,126,1,1,0,21,0,24,1,1,pre_allocation
66,8447,greenran_normal,0,0,65535_65535,0,4,157317,133,1,1,1,22,133,24,1,1,allocated
66,8447,greenran_normal,0,0,65535_65535,0,3,154539,156,1,1,0,21,0,28,1,1,pre_allocation
66,8447,greenran_normal,0,0,65535_65535,0,3,154539,163,1,1,1,22,163,28,1,1,allocated
66,8447,greenran_normal,0,0,65535_65535,0,1,154540,156,1,1,0,21,0,28,1,1,pre_allocation
66,8447,greenran_normal,0,0,65535_65535,0,1,154540,163,1,1,1,22,163,28,1,1,allocated
66,8447,greenran_normal,0,0,65535_65535,0,2,154540,156,1,1,0,21,0,28,1,1,pre_allocation
66,8447,greenran_normal,0,0,65535_65535,0,2,154540,163,1,1,1,22,163,28,1,1,allocated
66,8447,greenran_normal,0,0,65535_65535,0,5,154532,156,1,1,0,21,0,28,1,1,pre_allocation
66,8447,greenran_normal,0,0,65535_65535,0,5,154532,163,1,1,1,22,163,28,1,1,allocated
66,8447,greenran_normal,0,0,65535_65535,0,4,157317,133,1,1,0,22,0,24,1,1,pre_allocation
66,8447,greenran_normal,0,0,65535_65535,0,4,157317,139,1,1,1,23,139,24,1,1,allocated
66,8447,greenran_normal,0,0,65535_65535,0,3,154539,163,1,1,0,22,0,28,1,1,pre_allocation
66,8447,greenran_normal,0,0,65535_65535,0,3,154539,171,1,1,1,23,171,28,1,1,allocated
66,8447,greenran_normal,0,0,65535_65535,0,1,154540,163,1,1,0,22,0,28,1,1,pre_allocation
66,8447,greenran_normal,0,0,65535_65535,0,1,154540,171,1,1,1,23,171,28,1,1,allocated
66,8447,greenran_normal,0,0,65535_65535,0,2,154540,163,1,1,0,22,0,28,1,1,pre_allocation
66,8447,greenran_normal,0,0,65535_65535,0,2,154540,171,1,1,1,23,171,28,1,1,allocated
66,8447,greenran_normal,0,0,65535_65535,0,5,154532,163,1,1,0,22,0,28,1,1,pre_allocation
66,8447,greenran_normal,0,0,65535_65535,0,5,154532,171,1,1,1,23,171,28,1,1,allocated
66,8447,greenran_normal,0,0,65535_65535,0,4,157317,139,1,1,0,23,0,24,1,1,pre_allocation
66,8447,greenran_normal,0,0,65535_65535,0,4,157317,145,1,1,1,24,145,24,1,1,allocated
66,8447,greenran_normal,0,0,65535_65535,0,3,154539,171,1,1,0,23,0,28,1,1,pre_allocation
66,8447,greenran_normal,0,0,65535_65535,0,3,154539,179,1,1,1,24,179,28,1,1,allocated
66,8447,greenran_normal,0,0,65535_65535,0,1,154540,171,1,1,0,23,0,28,1,1,pre_allocation
66,8447,greenran_normal,0,0,65535_65535,0,1,154540,179,1,1,1,24,179,28,1,1,allocated
66,8447,greenran_normal,0,0,65535_65535,0,2,154540,171,1,1,0,23,0,28,1,1,pre_allocation
66,8447,greenran_normal,0,0,65535_65535,0,2,154540,179,1,1,1,24,179,28,1,1,allocated
66,8447,greenran_normal,0,0,65535_65535,0,5,154532,171,1,1,0,23,0,28,1,1,pre_allocation
66,8447,greenran_normal,0,0,65535_65535,0,5,154532,179,1,1,1,24,179,28,1,1,allocated
66,8447,greenran_normal,0,0,65535_65535,0,4,157317,145,1,1,0,24,0,24,1,1,pre_allocation
66,8447,greenran_normal,0,0,65535_65535,0,4,157317,151,1,1,1,25,151,24,1,1,allocated
66,8447,greenran_normal,0,0,65535_65535,0,3,154539,179,1,1,0,24,0,28,1,1,pre_allocation
66,8447,greenran_normal,0,0,65535_65535,0,3,154539,186,1,1,1,25,186,28,1,1,allocated
66,8447,greenran_normal,0,0,65535_65535,0,1,154540,179,1,1,0,24,0,28,1,1,pre_allocation
66,8447,greenran_normal,0,0,65535_65535,0,1,154540,186,1,1,1,25,186,28,1,1,allocated
66,8447,greenran_normal,0,0,65535_65535,0,2,154540,179,1,1,0,24,0,28,1,1,pre_allocation
66,8447,greenran_normal,0,0,65535_65535,0,2,154540,186,1,1,1,25,186,28,1,1,allocated
66,8447,greenran_normal,0,0,65535_65535,0,5,154532,179,1,1,0,24,0,28,1,1,pre_allocation
66,8447,greenran_normal,0,0,65535_65535,0,5,154532,186,1,1,1,25,186,28,1,1,allocated
66,8447,greenran_normal,0,0,65535_65535,0,4,157317,151,1,1,0,25,0,24,1,1,pre_allocation
66,8447,greenran_normal,0,0,65535_65535,0,4,157317,157,1,1,1,26,157,24,1,1,allocated
66,8447,greenran_normal,0,0,65535_65535,0,3,154539,186,1,1,0,25,0,28,1,1,pre_allocation
66,8447,greenran_normal,0,0,65535_65535,0,3,154539,194,1,1,1,26,194,28,1,1,allocated
66,8447,greenran_normal,0,0,65535_65535,0,1,154540,186,1,1,0,25,0,28,1,1,pre_allocation
66,8447,greenran_normal,0,0,65535_65535,0,1,154540,194,1,1,1,26,194,28,1,1,allocated
66,8447,greenran_normal,0,0,65535_65535,0,2,154540,186,1,1,0,25,0,28,1,1,pre_allocation
66,8447,greenran_normal,0,0,65535_65535,0,2,154540,194,1,1,1,26,194,28,1,1,allocated
66,8447,greenran_normal,0,0,65535_65535,0,5,154532,186,1,1,0,25,0,28,1,1,pre_allocation
66,8447,greenran_normal,0,0,65535_65535,0,5,154532,194,1,1,1,26,194,28,1,1,allocated
66,8447,greenran_normal,0,0,65535_65535,2,38,5077844,0,1,1,0,0,0,15,1,1,pre_allocation
66,8447,greenran_normal,0,0,65535_65535,2,38,5077844,2,1,1,1,1,2,15,1,1,allocated
66,8447,greenran_normal,0,0,65535_65535,2,60,5077541,0,1,1,0,0,0,12,1,1,pre_allocation
66,8447,greenran_normal,0,0,65535_65535,2,60,5077541,2,1,1,1,1,2,12,1,1,allocated
66,8447,greenran_normal,0,0,65535_65535,2,64,5077205,0,1,1,0,0,0,16,1,1,pre_allocation
66,8447,greenran_normal,0,0,65535_65535,2,64,5077205,0,1,1,1,1,0,16,1,1,allocated
66,8447,greenran_normal,0,0,65535_65535,2,43,5076554,0,1,1,0,0,0,16,1,1,pre_allocation
66,8447,greenran_normal,0,0,65535_65535,2,43,5076554,0,1,1,1,1,0,16,1,1,allocated
66,8447,greenran_normal,0,0,65535_65535,2,42,5076013,0,1,1,0,0,0,24,1,1,pre_allocation
66,8447,greenran_normal,0,0,65535_65535,2,42,5076013,3,1,1,1,1,3,24,1,1,allocated
66,8447,greenran_normal,0,0,65535_65535,2,36,5075548,0,1,1,0,0,0,26,1,1,pre_allocation
66,8447,greenran_normal,0,0,65535_65535,2,36,5075548,4,1,1,1,1,4,26,1,1,allocated
66,8447,greenran_normal,0,0,65535_65535,2,59,5075493,0,1,1,0,0,0,24,1,1,pre_allocation
66,8447,greenran_normal,0,0,65535_65535,2,59,5075493,3,1,1,1,1,3,24,1,1,allocated
66,8447,greenran_normal,0,0,65535_65535,2,58,5075508,0,1,1,0,0,0,26,1,1,pre_allocation
66,8447,greenran_normal,0,0,65535_65535,2,58,5075508,4,1,1,1,1,4,26,1,1,allocated
66,8447,greenran_normal,0,0,65535_65535,2,39,5075440,0,1,1,0,0,0,28,1,1,pre_allocation
66,8447,greenran_normal,0,0,65535_65535,2,39,5075440,4,1,1,1,1,4,28,1,1,allocated
66,8447,greenran_normal,0,0,65535_65535,2,56,5075422,0,1,1,0,0,0,28,1,1,pre_allocation
66,8447,greenran_normal,0,0,65535_65535,2,56,5075422,4,1,1,1,1,4,28,1,1,allocated
66,8447,greenran_normal,0,0,65535_65535,2,57,5075422,0,1,1,0,0,0,28,1,1,pre_allocation
66,8447,greenran_normal,0,0,65535_65535,2,57,5075422,4,1,1,1,1,4,28,1,1,allocated
66,8447,greenran_normal,0,0,65535_65535,2,40,5075424,0,1,1,0,0,0,28,1,1,pre_allocation
66,8447,greenran_normal,0,0,65535_65535,2,40,5075424,4,1,1,1,1,4,28,1,1,allocated
66,8447,greenran_normal,0,0,65535_65535,2,63,5075420,0,1,1,0,0,0,28,1,1,pre_allocation
66,8447,greenran_normal,0,0,65535_65535,2,63,5075420,4,1,1,1,1,4,28,1,1,allocated
66,8447,greenran_normal,0,0,65535_65535,2,62,5075420,0,1,1,0,0,0,28,1,1,pre_allocation
66,8447,greenran_normal,0,0,65535_65535,2,62,5075420,4,1,1,1,1,4,28,1,1,allocated
66,8447,greenran_normal,0,0,65535_65535,2,61,5075419,0,1,1,0,0,0,28,1,1,pre_allocation
66,8447,greenran_normal,0,0,65535_65535,2,61,5075419,4,1,1,1,1,4,28,1,1,allocated
66,8447,greenran_normal,0,0,65535_65535,2,44,5075415,0,1,1,0,0,0,28,1,1,pre_allocation
66,8447,greenran_normal,0,0,65535_65535,2,44,5075415,4,1,1,1,1,4,28,1,1,allocated
66,8447,greenran_normal,0,0,65535_65535,2,55,5075415,0,1,1,0,0,0,28,1,1,pre_allocation
66,8447,greenran_normal,0,0,65535_65535,2,55,5075415,4,1,1,1,1,4,28,1,1,allocated
66,8447,greenran_normal,0,0,65535_65535,2,35,5075414,0,1,1,0,0,0,28,1,1,pre_allocation
66,8447,greenran_normal,0,0,65535_65535,2,35,5075414,4,1,1,1,1,4,28,1,1,allocated
66,8447,greenran_normal,0,0,65535_65535,2,37,5075417,0,1,1,0,0,0,28,1,1,pre_allocation
66,8447,greenran_normal,0,0,65535_65535,2,37,5075417,4,1,1,1,1,4,28,1,1,allocated
66,8447,greenran_normal,0,0,65535_65535,2,41,5075417,0,1,1,0,0,0,28,1,1,pre_allocation
66,8447,greenran_normal,0,0,65535_65535,2,41,5075417,4,1,1,1,1,4,28,1,1,allocated
66,8447,greenran_normal,0,0,65535_65535,2,38,5077844,2,1,1,0,1,0,15,1,1,pre_allocation
66,8447,greenran_normal,0,0,65535_65535,2,38,5077844,2,1,1,1,2,2,15,1,1,allocated
66,8447,greenran_normal,0,0,65535_65535,2,60,5077541,2,1,1,0,1,0,12,1,1,pre_allocation
66,8447,greenran_normal,0,0,65535_65535,2,60,5077541,1,1,1,1,2,1,12,1,1,allocated
66,8447,greenran_normal,0,0,65535_65535,2,64,5077205,0,1,1,0,1,0,16,1,1,pre_allocation
66,8447,greenran_normal,0,0,65535_65535,2,64,5077205,3,1,1,1,2,3,16,1,1,allocated
66,8447,greenran_normal,0,0,65535_65535,2,43,5076554,0,1,1,0,1,0,16,1,1,pre_allocation
66,8447,greenran_normal,0,0,65535_65535,2,43,5076554,3,1,1,1,2,3,16,1,1,allocated
66,8447,greenran_normal,0,0,65535_65535,2,42,5076013,3,1,1,0,1,0,24,1,1,pre_allocation
66,8447,greenran_normal,0,0,65535_65535,2,42,5076013,9,1,1,1,2,9,24,1,1,allocated
66,8447,greenran_normal,0,0,65535_65535,2,36,5075548,4,1,1,0,1,0,26,1,1,pre_allocation
66,8447,greenran_normal,0,0,65535_65535,2,36,5075548,11,1,1,1,2,11,26,1,1,allocated
66,8447,greenran_normal,0,0,65535_65535,2,59,5075493,3,1,1,0,1,0,24,1,1,pre_allocation
66,8447,greenran_normal,0,0,65535_65535,2,59,5075493,9,1,1,1,2,9,24,1,1,allocated
66,8447,greenran_normal,0,0,65535_65535,2,58,5075508,4,1,1,0,1,0,26,1,1,pre_allocation
66,8447,greenran_normal,0,0,65535_65535,2,58,5075508,11,1,1,1,2,11,26,1,1,allocated
66,8447,greenran_normal,0,0,65535_65535,2,39,5075440,4,1,1,0,1,0,28,1,1,pre_allocation
66,8447,greenran_normal,0,0,65535_65535,2,39,5075440,12,1,1,1,2,12,28,1,1,allocated
66,8447,greenran_normal,0,0,65535_65535,2,56,5075422,4,1,1,0,1,0,28,1,1,pre_allocation
66,8447,greenran_normal,0,0,65535_65535,2,56,5075422,12,1,1,1,2,12,28,1,1,allocated
66,8447,greenran_normal,0,0,65535_65535,2,57,5075422,4,1,1,0,1,0,28,1,1,pre_allocation
66,8447,greenran_normal,0,0,65535_65535,2,57,5075422,12,1,1,1,2,12,28,1,1,allocated
66,8447,greenran_normal,0,0,65535_65535,2,40,5075424,4,1,1,0,1,0,28,1,1,pre_allocation
66,8447,greenran_normal,0,0,65535_65535,2,40,5075424,12,1,1,1,2,12,28,1,1,allocated
66,8447,greenran_normal,0,0,65535_65535,2,63,5075420,4,1,1,0,1,0,28,1,1,pre_allocation
66,8447,greenran_normal,0,0,65535_65535,2,63,5075420,12,1,1,1,2,12,28,1,1,allocated
66,8447,greenran_normal,0,0,65535_65535,2,62,5075420,4,1,1,0,1,0,28,1,1,pre_allocation
66,8447,greenran_normal,0,0,65535_65535,2,62,5075420,12,1,1,1,2,12,28,1,1,allocated
66,8447,greenran_normal,0,0,65535_65535,2,61,5075419,4,1,1,0,1,0,28,1,1,pre_allocation
66,8447,greenran_normal,0,0,65535_65535,2,61,5075419,12,1,1,1,2,12,28,1,1,allocated
66,8447,greenran_normal,0,0,65535_65535,2,44,5075415,4,1,1,0,1,0,28,1,1,pre_allocation
66,8447,greenran_normal,0,0,65535_65535,2,44,5075415,12,1,1,1,2,12,28,1,1,allocated
66,8447,greenran_normal,0,0,65535_65535,2,55,5075415,4,1,1,0,1,0,28,1,1,pre_allocation
66,8447,greenran_normal,0,0,65535_65535,2,55,5075415,12,1,1,1,2,12,28,1,1,allocated
66,8447,greenran_normal,0,0,65535_65535,2,35,5075414,4,1,1,0,1,0,28,1,1,pre_allocation
66,8447,greenran_normal,0,0,65535_65535,2,35,5075414,12,1,1,1,2,12,28,1,1,allocated
66,8447,greenran_normal,0,0,65535_65535,2,37,5075417,4,1,1,0,1,0,28,1,1,pre_allocation
66,8447,greenran_normal,0,0,65535_65535,2,37,5075417,12,1,1,1,2,12,28,1,1,allocated
66,8447,greenran_normal,0,0,65535_65535,2,41,5075417,4,1,1,0,1,0,28,1,1,pre_allocation
66,8447,greenran_normal,0,0,65535_65535,2,41,5075417,12,1,1,1,2,12,28,1,1,allocated
66,8447,greenran_normal,0,0,65535_65535,2,38,5077844,2,1,1,0,2,0,15,1,1,pre_allocation
66,8447,greenran_normal,0,0,65535_65535,2,38,5077844,5,1,1,1,3,5,15,1,1,allocated
66,8447,greenran_normal,0,0,65535_65535,2,60,5077541,1,1,1,0,2,0,12,1,1,pre_allocation
66,8447,greenran_normal,0,0,65535_65535,2,60,5077541,3,1,1,1,3,3,12,1,1,allocated
66,8447,greenran_normal,0,0,65535_65535,2,64,5077205,3,1,1,0,2,0,16,1,1,pre_allocation
66,8447,greenran_normal,0,0,65535_65535,2,64,5077205,6,1,1,1,3,6,16,1,1,allocated
66,8447,greenran_normal,0,0,65535_65535,2,43,5076554,3,1,1,0,2,0,16,1,1,pre_allocation
66,8447,greenran_normal,0,0,65535_65535,2,43,5076554,6,1,1,1,3,6,16,1,1,allocated
66,8447,greenran_normal,0,0,65535_65535,2,42,5076013,9,1,1,0,2,0,24,1,1,pre_allocation
66,8447,greenran_normal,0,0,65535_65535,2,42,5076013,15,1,1,1,3,15,24,1,1,allocated
66,8447,greenran_normal,0,0,65535_65535,2,36,5075548,11,1,1,0,2,0,26,1,1,pre_allocation
66,8447,greenran_normal,0,0,65535_65535,2,36,5075548,18,1,1,1,3,18,26,1,1,allocated
66,8447,greenran_normal,0,0,65535_65535,2,59,5075493,9,1,1,0,2,0,24,1,1,pre_allocation
66,8447,greenran_normal,0,0,65535_65535,2,59,5075493,15,1,1,1,3,15,24,1,1,allocated
66,8447,greenran_normal,0,0,65535_65535,2,58,5075508,11,1,1,0,2,0,26,1,1,pre_allocation
66,8447,greenran_normal,0,0,65535_65535,2,58,5075508,18,1,1,1,3,18,26,1,1,allocated
66,8447,greenran_normal,0,0,65535_65535,2,39,5075440,12,1,1,0,2,0,28,1,1,pre_allocation
66,8447,greenran_normal,0,0,65535_65535,2,39,5075440,19,1,1,1,3,19,28,1,1,allocated
66,8447,greenran_normal,0,0,65535_65535,2,56,5075422,12,1,1,0,2,0,28,1,1,pre_allocation
66,8447,greenran_normal,0,0,65535_65535,2,56,5075422,19,1,1,1,3,19,28,1,1,allocated
66,8447,greenran_normal,0,0,65535_65535,2,57,5075422,12,1,1,0,2,0,28,1,1,pre_allocation
66,8447,greenran_normal,0,0,65535_65535,2,57,5075422,19,1,1,1,3,19,28,1,1,allocated
66,8447,greenran_normal,0,0,65535_65535,2,40,5075424,12,1,1,0,2,0,28,1,1,pre_allocation
66,8447,greenran_normal,0,0,65535_65535,2,40,5075424,19,1,1,1,3,19,28,1,1,allocated
66,8447,greenran_normal,0,0,65535_65535,2,63,5075420,12,1,1,0,2,0,28,1,1,pre_allocation
66,8447,greenran_normal,0,0,65535_65535,2,63,5075420,19,1,1,1,3,19,28,1,1,allocated
66,8447,greenran_normal,0,0,65535_65535,2,62,5075420,12,1,1,0,2,0,28,1,1,pre_allocation
66,8447,greenran_normal,0,0,65535_65535,2,62,5075420,19,1,1,1,3,19,28,1,1,allocated
66,8447,greenran_normal,0,0,65535_65535,2,61,5075419,12,1,1,0,2,0,28,1,1,pre_allocation
66,8447,greenran_normal,0,0,65535_65535,2,61,5075419,19,1,1,1,3,19,28,1,1,allocated
66,8447,greenran_normal,0,0,65535_65535,2,44,5075415,12,1,1,0,2,0,28,1,1,pre_allocation
66,8447,greenran_normal,0,0,65535_65535,2,44,5075415,19,1,1,1,3,19,28,1,1,allocated
66,8447,greenran_normal,0,0,65535_65535,2,55,5075415,12,1,1,0,2,0,28,1,1,pre_allocation
66,8447,greenran_normal,0,0,65535_65535,2,55,5075415,19,1,1,1,3,19,28,1,1,allocated
66,8447,greenran_normal,0,0,65535_65535,2,35,5075414,12,1,1,0,2,0,28,1,1,pre_allocation
66,8447,greenran_normal,0,0,65535_65535,2,35,5075414,19,1,1,1,3,19,28,1,1,allocated
66,8447,greenran_normal,0,0,65535_65535,2,37,5075417,12,1,1,0,2,0,28,1,1,pre_allocation
66,8447,greenran_normal,0,0,65535_65535,2,37,5075417,19,1,1,1,3,19,28,1,1,allocated
66,8447,greenran_normal,0,0,65535_65535,2,41,5075417,12,1,1,0,2,0,28,1,1,pre_allocation
66,8447,greenran_normal,0,0,65535_65535,2,41,5075417,19,1,1,1,3,19,28,1,1,allocated
66,8447,greenran_normal,0,0,65535_65535,2,38,5077844,5,1,1,0,3,0,15,1,1,pre_allocation
66,8447,greenran_normal,0,0,65535_65535,2,38,5077844,8,1,1,1,4,8,15,1,1,allocated
66,8447,greenran_normal,0,0,65535_65535,2,60,5077541,3,1,1,0,3,0,12,1,1,pre_allocation
66,8447,greenran_normal,0,0,65535_65535,2,60,5077541,5,1,1,1,4,5,12,1,1,allocated
66,8447,greenran_normal,0,0,65535_65535,2,64,5077205,6,1,1,0,3,0,16,1,1,pre_allocation
66,8447,greenran_normal,0,0,65535_65535,2,64,5077205,10,1,1,1,4,10,16,1,1,allocated
66,8447,greenran_normal,0,0,65535_65535,2,43,5076554,6,1,1,0,3,0,16,1,1,pre_allocation
66,8447,greenran_normal,0,0,65535_65535,2,43,5076554,10,1,1,1,4,10,16,1,1,allocated
66,8447,greenran_normal,0,0,65535_65535,2,42,5076013,15,1,1,0,3,0,24,1,1,pre_allocation
66,8447,greenran_normal,0,0,65535_65535,2,42,5076013,21,1,1,1,4,21,24,1,1,allocated
66,8447,greenran_normal,0,0,65535_65535,2,36,5075548,18,1,1,0,3,0,26,1,1,pre_allocation
66,8447,greenran_normal,0,0,65535_65535,2,36,5075548,25,1,1,1,4,25,26,1,1,allocated
66,8447,greenran_normal,0,0,65535_65535,2,59,5075493,15,1,1,0,3,0,24,1,1,pre_allocation
66,8447,greenran_normal,0,0,65535_65535,2,59,5075493,21,1,1,1,4,21,24,1,1,allocated
66,8447,greenran_normal,0,0,65535_65535,2,58,5075508,18,1,1,0,3,0,26,1,1,pre_allocation
66,8447,greenran_normal,0,0,65535_65535,2,58,5075508,25,1,1,1,4,25,26,1,1,allocated
66,8447,greenran_normal,0,0,65535_65535,2,39,5075440,19,1,1,0,3,0,28,1,1,pre_allocation
66,8447,greenran_normal,0,0,65535_65535,2,39,5075440,27,1,1,1,4,27,28,1,1,allocated
66,8447,greenran_normal,0,0,65535_65535,2,56,5075422,19,1,1,0,3,0,28,1,1,pre_allocation
66,8447,greenran_normal,0,0,65535_65535,2,56,5075422,27,1,1,1,4,27,28,1,1,allocated
66,8447,greenran_normal,0,0,65535_65535,2,57,5075422,19,1,1,0,3,0,28,1,1,pre_allocation
66,8447,greenran_normal,0,0,65535_65535,2,57,5075422,27,1,1,1,4,27,28,1,1,allocated
66,8447,greenran_normal,0,0,65535_65535,2,40,5075424,19,1,1,0,3,0,28,1,1,pre_allocation
66,8447,greenran_normal,0,0,65535_65535,2,40,5075424,27,1,1,1,4,27,28,1,1,allocated
66,8447,greenran_normal,0,0,65535_65535,2,63,5075420,19,1,1,0,3,0,28,1,1,pre_allocation
66,8447,greenran_normal,0,0,65535_65535,2,63,5075420,27,1,1,1,4,27,28,1,1,allocated
66,8447,greenran_normal,0,0,65535_65535,2,62,5075420,19,1,1,0,3,0,28,1,1,pre_allocation
66,8447,greenran_normal,0,0,65535_65535,2,62,5075420,27,1,1,1,4,27,28,1,1,allocated
66,8447,greenran_normal,0,0,65535_65535,2,61,5075419,19,1,1,0,3,0,28,1,1,pre_allocation
66,8447,greenran_normal,0,0,65535_65535,2,61,5075419,27,1,1,1,4,27,28,1,1,allocated
66,8447,greenran_normal,0,0,65535_65535,2,44,5075415,19,1,1,0,3,0,28,1,1,pre_allocation
66,8447,greenran_normal,0,0,65535_65535,2,44,5075415,27,1,1,1,4,27,28,1,1,allocated
66,8447,greenran_normal,0,0,65535_65535,2,55,5075415,19,1,1,0,3,0,28,1,1,pre_allocation
66,8447,greenran_normal,0,0,65535_65535,2,55,5075415,27,1,1,1,4,27,28,1,1,allocated
66,8447,greenran_normal,0,0,65535_65535,2,35,5075414,19,1,1,0,3,0,28,1,1,pre_allocation
66,8447,greenran_normal,0,0,65535_65535,2,35,5075414,27,1,1,1,4,27,28,1,1,allocated
66,8447,greenran_normal,0,0,65535_65535,2,37,5075417,19,1,1,0,3,0,28,1,1,pre_allocation
66,8447,greenran_normal,0,0,65535_65535,2,37,5075417,27,1,1,1,4,27,28,1,1,allocated
66,8447,greenran_normal,0,0,65535_65535,2,41,5075417,19,1,1,0,3,0,28,1,1,pre_allocation
66,8447,greenran_normal,0,0,65535_65535,2,41,5075417,27,1,1,1,4,27,28,1,1,allocated
66,8447,greenran_normal,0,0,65535_65535,2,38,5077844,8,1,1,0,4,0,15,1,1,pre_allocation
66,8447,greenran_normal,0,0,65535_65535,2,38,5077844,11,1,1,1,5,11,15,1,1,allocated
66,8447,greenran_normal,0,0,65535_65535,2,60,5077541,5,1,1,0,4,0,12,1,1,pre_allocation
66,8447,greenran_normal,0,0,65535_65535,2,60,5077541,7,1,1,1,5,7,12,1,1,allocated
66,8447,greenran_normal,0,0,65535_65535,2,64,5077205,10,1,1,0,4,0,16,1,1,pre_allocation
66,8447,greenran_normal,0,0,65535_65535,2,64,5077205,13,1,1,1,5,13,16,1,1,allocated
66,8447,greenran_normal,0,0,65535_65535,2,43,5076554,10,1,1,0,4,0,16,1,1,pre_allocation
66,8447,greenran_normal,0,0,65535_65535,2,43,5076554,13,1,1,1,5,13,16,1,1,allocated
66,8447,greenran_normal,0,0,65535_65535,2,42,5076013,21,1,1,0,4,0,24,1,1,pre_allocation
66,8447,greenran_normal,0,0,65535_65535,2,42,5076013,27,1,1,1,5,27,24,1,1,allocated
66,8447,greenran_normal,0,0,65535_65535,2,36,5075548,25,1,1,0,4,0,26,1,1,pre_allocation
66,8447,greenran_normal,0,0,65535_65535,2,36,5075548,32,1,1,1,5,32,26,1,1,allocated
66,8447,greenran_normal,0,0,65535_65535,2,59,5075493,21,1,1,0,4,0,24,1,1,pre_allocation
66,8447,greenran_normal,0,0,65535_65535,2,59,5075493,27,1,1,1,5,27,24,1,1,allocated
66,8447,greenran_normal,0,0,65535_65535,2,58,5075508,25,1,1,0,4,0,26,1,1,pre_allocation
66,8447,greenran_normal,0,0,65535_65535,2,58,5075508,32,1,1,1,5,32,26,1,1,allocated
66,8447,greenran_normal,0,0,65535_65535,2,39,5075440,27,1,1,0,4,0,28,1,1,pre_allocation
66,8447,greenran_normal,0,0,65535_65535,2,39,5075440,34,1,1,1,5,34,28,1,1,allocated
66,8447,greenran_normal,0,0,65535_65535,2,56,5075422,27,1,1,0,4,0,28,1,1,pre_allocation
66,8447,greenran_normal,0,0,65535_65535,2,56,5075422,34,1,1,1,5,34,28,1,1,allocated
66,8447,greenran_normal,0,0,65535_65535,2,57,5075422,27,1,1,0,4,0,28,1,1,pre_allocation
66,8447,greenran_normal,0,0,65535_65535,2,57,5075422,34,1,1,1,5,34,28,1,1,allocated
66,8447,greenran_normal,0,0,65535_65535,2,40,5075424,27,1,1,0,4,0,28,1,1,pre_allocation
66,8447,greenran_normal,0,0,65535_65535,2,40,5075424,34,1,1,1,5,34,28,1,1,allocated
66,8447,greenran_normal,0,0,65535_65535,2,63,5075420,27,1,1,0,4,0,28,1,1,pre_allocation
66,8447,greenran_normal,0,0,65535_65535,2,63,5075420,34,1,1,1,5,34,28,1,1,allocated
66,8447,greenran_normal,0,0,65535_65535,2,62,5075420,27,1,1,0,4,0,28,1,1,pre_allocation
66,8447,greenran_normal,0,0,65535_65535,2,62,5075420,34,1,1,1,5,34,28,1,1,allocated
66,8447,greenran_normal,0,0,65535_65535,2,61,5075419,27,1,1,0,4,0,28,1,1,pre_allocation
66,8447,greenran_normal,0,0,65535_65535,2,61,5075419,34,1,1,1,5,34,28,1,1,allocated
66,8447,greenran_normal,0,0,65535_65535,2,44,5075415,27,1,1,0,4,0,28,1,1,pre_allocation
66,8447,greenran_normal,0,0,65535_65535,2,44,5075415,34,1,1,1,5,34,28,1,1,allocated
66,8447,greenran_normal,0,0,65535_65535,2,55,5075415,27,1,1,0,4,0,28,1,1,pre_allocation
66,8447,greenran_normal,0,0,65535_65535,2,55,5075415,34,1,1,1,5,34,28,1,1,allocated
66,8447,greenran_normal,0,0,65535_65535,2,35,5075414,27,1,1,0,4,0,28,1,1,pre_allocation
66,8447,greenran_normal,0,0,65535_65535,2,35,5075414,34,1,1,1,5,34,28,1,1,allocated
66,8447,greenran_normal,0,0,65535_65535,2,37,5075417,27,1,1,0,4,0,28,1,1,pre_allocation
66,8447,greenran_normal,0,0,65535_65535,2,37,5075417,34,1,1,1,5,34,28,1,1,allocated
66,8447,greenran_normal,0,0,65535_65535,2,41,5075417,27,1,1,0,4,0,28,1,1,pre_allocation
66,8447,greenran_normal,0,0,65535_65535,2,41,5075417,34,1,1,1,5,34,28,1,1,allocated
66,8447,greenran_normal,0,0,65535_65535,2,38,5077844,11,1,1,0,5,0,15,1,1,pre_allocation
66,8447,greenran_normal,0,0,65535_65535,2,38,5077844,14,1,1,1,6,14,15,1,1,allocated
66,8447,greenran_normal,0,0,65535_65535,2,60,5077541,7,1,1,0,5,0,12,1,1,pre_allocation
66,8447,greenran_normal,0,0,65535_65535,2,60,5077541,9,1,1,1,6,9,12,1,1,allocated
66,8447,greenran_normal,0,0,65535_65535,2,64,5077205,13,1,1,0,5,0,16,1,1,pre_allocation
66,8447,greenran_normal,0,0,65535_65535,2,64,5077205,16,1,1,1,6,16,16,1,1,allocated
66,8447,greenran_normal,0,0,65535_65535,2,43,5076554,13,1,1,0,5,0,16,1,1,pre_allocation
66,8447,greenran_normal,0,0,65535_65535,2,43,5076554,16,1,1,1,6,16,16,1,1,allocated
66,8447,greenran_normal,0,0,65535_65535,2,42,5076013,27,1,1,0,5,0,24,1,1,pre_allocation
66,8447,greenran_normal,0,0,65535_65535,2,42,5076013,34,1,1,1,6,34,24,1,1,allocated
66,8447,greenran_normal,0,0,65535_65535,2,36,5075548,32,1,1,0,5,0,26,1,1,pre_allocation
66,8447,greenran_normal,0,0,65535_65535,2,36,5075548,39,1,1,1,6,39,26,1,1,allocated
66,8447,greenran_normal,0,0,65535_65535,2,59,5075493,27,1,1,0,5,0,24,1,1,pre_allocation
66,8447,greenran_normal,0,0,65535_65535,2,59,5075493,34,1,1,1,6,34,24,1,1,allocated
66,8447,greenran_normal,0,0,65535_65535,2,58,5075508,32,1,1,0,5,0,26,1,1,pre_allocation
66,8447,greenran_normal,0,0,65535_65535,2,58,5075508,39,1,1,1,6,39,26,1,1,allocated
66,8447,greenran_normal,0,0,65535_65535,2,39,5075440,34,1,1,0,5,0,28,1,1,pre_allocation
66,8447,greenran_normal,0,0,65535_65535,2,39,5075440,42,1,1,1,6,42,28,1,1,allocated
66,8447,greenran_normal,0,0,65535_65535,2,56,5075422,34,1,1,0,5,0,28,1,1,pre_allocation
66,8447,greenran_normal,0,0,65535_65535,2,56,5075422,42,1,1,1,6,42,28,1,1,allocated
66,8447,greenran_normal,0,0,65535_65535,2,57,5075422,34,1,1,0,5,0,28,1,1,pre_allocation
66,8447,greenran_normal,0,0,65535_65535,2,57,5075422,42,1,1,1,6,42,28,1,1,allocated
66,8447,greenran_normal,0,0,65535_65535,2,40,5075424,34,1,1,0,5,0,28,1,1,pre_allocation
66,8447,greenran_normal,0,0,65535_65535,2,40,5075424,42,1,1,1,6,42,28,1,1,allocated
66,8447,greenran_normal,0,0,65535_65535,2,63,5075420,34,1,1,0,5,0,28,1,1,pre_allocation
66,8447,greenran_normal,0,0,65535_65535,2,63,5075420,42,1,1,1,6,42,28,1,1,allocated
66,8447,greenran_normal,0,0,65535_65535,2,62,5075420,34,1,1,0,5,0,28,1,1,pre_allocation
66,8447,greenran_normal,0,0,65535_65535,2,62,5075420,42,1,1,1,6,42,28,1,1,allocated
66,8447,greenran_normal,0,0,65535_65535,2,61,5075419,34,1,1,0,5,0,28,1,1,pre_allocation
66,8447,greenran_normal,0,0,65535_65535,2,61,5075419,42,1,1,1,6,42,28,1,1,allocated
66,8447,greenran_normal,0,0,65535_65535,2,44,5075415,34,1,1,0,5,0,28,1,1,pre_allocation
66,8447,greenran_normal,0,0,65535_65535,2,44,5075415,42,1,1,1,6,42,28,1,1,allocated
66,8447,greenran_normal,0,0,65535_65535,2,55,5075415,34,1,1,0,5,0,28,1,1,pre_allocation
66,8447,greenran_normal,0,0,65535_65535,2,55,5075415,42,1,1,1,6,42,28,1,1,allocated
66,8447,greenran_normal,0,0,65535_65535,2,35,5075414,34,1,1,0,5,0,28,1,1,pre_allocation
66,8447,greenran_normal,0,0,65535_65535,2,35,5075414,42,1,1,1,6,42,28,1,1,allocated
66,8447,greenran_normal,0,0,65535_65535,2,37,5075417,34,1,1,0,5,0,28,1,1,pre_allocation
66,8447,greenran_normal,0,0,65535_65535,2,37,5075417,42,1,1,1,6,42,28,1,1,allocated
66,8447,greenran_normal,0,0,65535_65535,2,41,5075417,34,1,1,0,5,0,28,1,1,pre_allocation
66,8447,greenran_normal,0,0,65535_65535,2,41,5075417,42,1,1,1,6,42,28,1,1,allocated
66,8447,greenran_normal,0,0,65535_65535,2,38,5077844,14,1,1,0,6,0,15,1,1,pre_allocation
66,8447,greenran_normal,0,0,65535_65535,2,38,5077844,17,1,1,1,7,17,15,1,1,allocated
66,8447,greenran_normal,0,0,65535_65535,2,60,5077541,9,1,1,0,6,0,12,1,1,pre_allocation
66,8447,greenran_normal,0,0,65535_65535,2,60,5077541,11,1,1,1,7,11,12,1,1,allocated
66,8447,greenran_normal,0,0,65535_65535,2,64,5077205,16,1,1,0,6,0,16,1,1,pre_allocation
66,8447,greenran_normal,0,0,65535_65535,2,64,5077205,20,1,1,1,7,20,16,1,1,allocated
66,8447,greenran_normal,0,0,65535_65535,2,43,5076554,16,1,1,0,6,0,16,1,1,pre_allocation
66,8447,greenran_normal,0,0,65535_65535,2,43,5076554,20,1,1,1,7,20,16,1,1,allocated
66,8447,greenran_normal,0,0,65535_65535,2,42,5076013,34,1,1,0,6,0,24,1,1,pre_allocation
66,8447,greenran_normal,0,0,65535_65535,2,42,5076013,40,1,1,1,7,40,24,1,1,allocated
66,8447,greenran_normal,0,0,65535_65535,2,36,5075548,39,1,1,0,6,0,26,1,1,pre_allocation
66,8447,greenran_normal,0,0,65535_65535,2,36,5075548,46,1,1,1,7,46,26,1,1,allocated
66,8447,greenran_normal,0,0,65535_65535,2,59,5075493,34,1,1,0,6,0,24,1,1,pre_allocation
66,8447,greenran_normal,0,0,65535_65535,2,59,5075493,40,1,1,1,7,40,24,1,1,allocated
66,8447,greenran_normal,0,0,65535_65535,2,58,5075508,39,1,1,0,6,0,26,1,1,pre_allocation
66,8447,greenran_normal,0,0,65535_65535,2,58,5075508,46,1,1,1,7,46,26,1,1,allocated
66,8447,greenran_normal,0,0,65535_65535,2,39,5075440,42,1,1,0,6,0,28,1,1,pre_allocation
66,8447,greenran_normal,0,0,65535_65535,2,39,5075440,50,1,1,1,7,50,28,1,1,allocated
66,8447,greenran_normal,0,0,65535_65535,2,56,5075422,42,1,1,0,6,0,28,1,1,pre_allocation
66,8447,greenran_normal,0,0,65535_65535,2,56,5075422,50,1,1,1,7,50,28,1,1,allocated
66,8447,greenran_normal,0,0,65535_65535,2,57,5075422,42,1,1,0,6,0,28,1,1,pre_allocation
66,8447,greenran_normal,0,0,65535_65535,2,57,5075422,50,1,1,1,7,50,28,1,1,allocated
66,8447,greenran_normal,0,0,65535_65535,2,40,5075424,42,1,1,0,6,0,28,1,1,pre_allocation
66,8447,greenran_normal,0,0,65535_65535,2,40,5075424,50,1,1,1,7,50,28,1,1,allocated
66,8447,greenran_normal,0,0,65535_65535,2,63,5075420,42,1,1,0,6,0,28,1,1,pre_allocation
66,8447,greenran_normal,0,0,65535_65535,2,63,5075420,50,1,1,1,7,50,28,1,1,allocated
66,8447,greenran_normal,0,0,65535_65535,2,62,5075420,42,1,1,0,6,0,28,1,1,pre_allocation
66,8447,greenran_normal,0,0,65535_65535,2,62,5075420,50,1,1,1,7,50,28,1,1,allocated
66,8447,greenran_normal,0,0,65535_65535,2,61,5075419,42,1,1,0,6,0,28,1,1,pre_allocation
66,8447,greenran_normal,0,0,65535_65535,2,61,5075419,50,1,1,1,7,50,28,1,1,allocated
66,8447,greenran_normal,0,0,65535_65535,2,44,5075415,42,1,1,0,6,0,28,1,1,pre_allocation
66,8447,greenran_normal,0,0,65535_65535,2,44,5075415,50,1,1,1,7,50,28,1,1,allocated
69,8956,greenran_normal,0,0,65535_65535,0,4,167534,0,1,1,0,0,0,24,1,1,pre_allocation
69,8956,greenran_normal,0,0,65535_65535,0,4,167534,3,1,1,1,1,3,24,1,1,allocated
69,8956,greenran_normal,0,0,65535_65535,0,1,164649,0,1,1,0,0,0,28,1,1,pre_allocation
69,8956,greenran_normal,0,0,65535_65535,0,1,164649,4,1,1,1,1,4,28,1,1,allocated
69,8956,greenran_normal,0,0,65535_65535,0,2,164649,0,1,1,0,0,0,28,1,1,pre_allocation
69,8956,greenran_normal,0,0,65535_65535,0,2,164649,4,1,1,1,1,4,28,1,1,allocated
69,8956,greenran_normal,0,0,65535_65535,0,5,164641,0,1,1,0,0,0,28,1,1,pre_allocation
69,8956,greenran_normal,0,0,65535_65535,0,5,164641,4,1,1,1,1,4,28,1,1,allocated
69,8956,greenran_normal,0,0,65535_65535,0,3,164640,0,1,1,0,0,0,28,1,1,pre_allocation
69,8956,greenran_normal,0,0,65535_65535,0,3,164640,4,1,1,1,1,4,28,1,1,allocated
69,8956,greenran_normal,0,0,65535_65535,0,4,167534,3,1,1,0,1,0,24,1,1,pre_allocation
69,8956,greenran_normal,0,0,65535_65535,0,4,167534,9,1,1,1,2,9,24,1,1,allocated
69,8956,greenran_normal,0,0,65535_65535,0,1,164649,4,1,1,0,1,0,28,1,1,pre_allocation
69,8956,greenran_normal,0,0,65535_65535,0,1,164649,12,1,1,1,2,12,28,1,1,allocated
69,8956,greenran_normal,0,0,65535_65535,0,2,164649,4,1,1,0,1,0,28,1,1,pre_allocation
69,8956,greenran_normal,0,0,65535_65535,0,2,164649,12,1,1,1,2,12,28,1,1,allocated
69,8956,greenran_normal,0,0,65535_65535,0,5,164641,4,1,1,0,1,0,28,1,1,pre_allocation
69,8956,greenran_normal,0,0,65535_65535,0,5,164641,12,1,1,1,2,12,28,1,1,allocated
69,8956,greenran_normal,0,0,65535_65535,0,3,164640,4,1,1,0,1,0,28,1,1,pre_allocation
69,8956,greenran_normal,0,0,65535_65535,0,3,164640,12,1,1,1,2,12,28,1,1,allocated
69,8956,greenran_normal,0,0,65535_65535,0,4,167534,9,1,1,0,2,0,24,1,1,pre_allocation
69,8956,greenran_normal,0,0,65535_65535,0,4,167534,15,1,1,1,3,15,24,1,1,allocated
69,8956,greenran_normal,0,0,65535_65535,0,1,164649,12,1,1,0,2,0,28,1,1,pre_allocation
69,8956,greenran_normal,0,0,65535_65535,0,1,164649,19,1,1,1,3,19,28,1,1,allocated
69,8956,greenran_normal,0,0,65535_65535,0,2,164649,12,1,1,0,2,0,28,1,1,pre_allocation
69,8956,greenran_normal,0,0,65535_65535,0,2,164649,19,1,1,1,3,19,28,1,1,allocated
69,8956,greenran_normal,0,0,65535_65535,0,5,164641,12,1,1,0,2,0,28,1,1,pre_allocation
69,8956,greenran_normal,0,0,65535_65535,0,5,164641,19,1,1,1,3,19,28,1,1,allocated
69,8956,greenran_normal,0,0,65535_65535,0,3,164640,12,1,1,0,2,0,28,1,1,pre_allocation
69,8956,greenran_normal,0,0,65535_65535,0,3,164640,19,1,1,1,3,19,28,1,1,allocated
69,8956,greenran_normal,0,0,65535_65535,0,4,167534,15,1,1,0,3,0,24,1,1,pre_allocation
69,8956,greenran_normal,0,0,65535_65535,0,4,167534,21,1,1,1,4,21,24,1,1,allocated
69,8956,greenran_normal,0,0,65535_65535,0,1,164649,19,1,1,0,3,0,28,1,1,pre_allocation
69,8956,greenran_normal,0,0,65535_65535,0,1,164649,27,1,1,1,4,27,28,1,1,allocated
69,8956,greenran_normal,0,0,65535_65535,0,2,164649,19,1,1,0,3,0,28,1,1,pre_allocation
69,8956,greenran_normal,0,0,65535_65535,0,2,164649,27,1,1,1,4,27,28,1,1,allocated
69,8956,greenran_normal,0,0,65535_65535,0,5,164641,19,1,1,0,3,0,28,1,1,pre_allocation
69,8956,greenran_normal,0,0,65535_65535,0,5,164641,27,1,1,1,4,27,28,1,1,allocated
69,8956,greenran_normal,0,0,65535_65535,0,3,164640,19,1,1,0,3,0,28,1,1,pre_allocation
69,8956,greenran_normal,0,0,65535_65535,0,3,164640,27,1,1,1,4,27,28,1,1,allocated
69,8956,greenran_normal,0,0,65535_65535,0,4,167534,21,1,1,0,4,0,24,1,1,pre_allocation
69,8956,greenran_normal,0,0,65535_65535,0,4,167534,27,1,1,1,5,27,24,1,1,allocated
69,8956,greenran_normal,0,0,65535_65535,0,1,164649,27,1,1,0,4,0,28,1,1,pre_allocation
69,8956,greenran_normal,0,0,65535_65535,0,1,164649,34,1,1,1,5,34,28,1,1,allocated
69,8956,greenran_normal,0,0,65535_65535,0,2,164649,27,1,1,0,4,0,28,1,1,pre_allocation
69,8956,greenran_normal,0,0,65535_65535,0,2,164649,34,1,1,1,5,34,28,1,1,allocated
69,8956,greenran_normal,0,0,65535_65535,0,5,164641,27,1,1,0,4,0,28,1,1,pre_allocation
69,8956,greenran_normal,0,0,65535_65535,0,5,164641,34,1,1,1,5,34,28,1,1,allocated
69,8956,greenran_normal,0,0,65535_65535,0,3,164640,27,1,1,0,4,0,28,1,1,pre_allocation
69,8956,greenran_normal,0,0,65535_65535,0,3,164640,34,1,1,1,5,34,28,1,1,allocated
69,8956,greenran_normal,0,0,65535_65535,0,4,167534,27,1,1,0,5,0,24,1,1,pre_allocation
69,8956,greenran_normal,0,0,65535_65535,0,4,167534,34,1,1,1,6,34,24,1,1,allocated
69,8956,greenran_normal,0,0,65535_65535,0,1,164649,34,1,1,0,5,0,28,1,1,pre_allocation
69,8956,greenran_normal,0,0,65535_65535,0,1,164649,42,1,1,1,6,42,28,1,1,allocated
69,8956,greenran_normal,0,0,65535_65535,0,2,164649,34,1,1,0,5,0,28,1,1,pre_allocation
69,8956,greenran_normal,0,0,65535_65535,0,2,164649,42,1,1,1,6,42,28,1,1,allocated
69,8956,greenran_normal,0,0,65535_65535,0,5,164641,34,1,1,0,5,0,28,1,1,pre_allocation
69,8956,greenran_normal,0,0,65535_65535,0,5,164641,42,1,1,1,6,42,28,1,1,allocated
69,8956,greenran_normal,0,0,65535_65535,0,3,164640,34,1,1,0,5,0,28,1,1,pre_allocation
69,8956,greenran_normal,0,0,65535_65535,0,3,164640,42,1,1,1,6,42,28,1,1,allocated
69,8956,greenran_normal,0,0,65535_65535,0,4,167534,34,1,1,0,6,0,24,1,1,pre_allocation
69,8956,greenran_normal,0,0,65535_65535,0,4,167534,40,1,1,1,7,40,24,1,1,allocated
69,8956,greenran_normal,0,0,65535_65535,0,1,164649,42,1,1,0,6,0,28,1,1,pre_allocation
69,8956,greenran_normal,0,0,65535_65535,0,1,164649,50,1,1,1,7,50,28,1,1,allocated
69,8956,greenran_normal,0,0,65535_65535,0,2,164649,42,1,1,0,6,0,28,1,1,pre_allocation
69,8956,greenran_normal,0,0,65535_65535,0,2,164649,50,1,1,1,7,50,28,1,1,allocated
69,8956,greenran_normal,0,0,65535_65535,0,5,164641,42,1,1,0,6,0,28,1,1,pre_allocation
69,8956,greenran_normal,0,0,65535_65535,0,5,164641,50,1,1,1,7,50,28,1,1,allocated
69,8956,greenran_normal,0,0,65535_65535,0,3,164640,42,1,1,0,6,0,28,1,1,pre_allocation
69,8956,greenran_normal,0,0,65535_65535,0,3,164640,50,1,1,1,7,50,28,1,1,allocated
69,8956,greenran_normal,0,0,65535_65535,0,4,167534,40,1,1,0,7,0,24,1,1,pre_allocation
69,8956,greenran_normal,0,0,65535_65535,0,4,167534,46,1,1,1,8,46,24,1,1,allocated
69,8956,greenran_normal,0,0,65535_65535,0,1,164649,50,1,1,0,7,0,28,1,1,pre_allocation
69,8956,greenran_normal,0,0,65535_65535,0,1,164649,57,1,1,1,8,57,28,1,1,allocated
69,8956,greenran_normal,0,0,65535_65535,0,2,164649,50,1,1,0,7,0,28,1,1,pre_allocation
69,8956,greenran_normal,0,0,65535_65535,0,2,164649,57,1,1,1,8,57,28,1,1,allocated
69,8956,greenran_normal,0,0,65535_65535,0,5,164641,50,1,1,0,7,0,28,1,1,pre_allocation
69,8956,greenran_normal,0,0,65535_65535,0,5,164641,57,1,1,1,8,57,28,1,1,allocated
69,8956,greenran_normal,0,0,65535_65535,0,3,164640,50,1,1,0,7,0,28,1,1,pre_allocation
69,8956,greenran_normal,0,0,65535_65535,0,3,164640,57,1,1,1,8,57,28,1,1,allocated
69,8956,greenran_normal,0,0,65535_65535,0,4,167534,46,1,1,0,8,0,24,1,1,pre_allocation
69,8956,greenran_normal,0,0,65535_65535,0,4,167534,52,1,1,1,9,52,24,1,1,allocated
69,8956,greenran_normal,0,0,65535_65535,0,1,164649,57,1,1,0,8,0,28,1,1,pre_allocation
69,8956,greenran_normal,0,0,65535_65535,0,1,164649,65,1,1,1,9,65,28,1,1,allocated
69,8956,greenran_normal,0,0,65535_65535,0,2,164649,57,1,1,0,8,0,28,1,1,pre_allocation
69,8956,greenran_normal,0,0,65535_65535,0,2,164649,65,1,1,1,9,65,28,1,1,allocated
69,8956,greenran_normal,0,0,65535_65535,0,5,164641,57,1,1,0,8,0,28,1,1,pre_allocation
69,8956,greenran_normal,0,0,65535_65535,0,5,164641,65,1,1,1,9,65,28,1,1,allocated
69,8956,greenran_normal,0,0,65535_65535,0,3,164640,57,1,1,0,8,0,28,1,1,pre_allocation
69,8956,greenran_normal,0,0,65535_65535,0,3,164640,65,1,1,1,9,65,28,1,1,allocated
69,8956,greenran_normal,0,0,65535_65535,0,4,167534,52,1,1,0,9,0,24,1,1,pre_allocation
69,8956,greenran_normal,0,0,65535_65535,0,4,167534,58,1,1,1,10,58,24,1,1,allocated
69,8956,greenran_normal,0,0,65535_65535,0,1,164649,65,1,1,0,9,0,28,1,1,pre_allocation
69,8956,greenran_normal,0,0,65535_65535,0,1,164649,72,1,1,1,10,72,28,1,1,allocated
69,8956,greenran_normal,0,0,65535_65535,0,2,164649,65,1,1,0,9,0,28,1,1,pre_allocation
69,8956,greenran_normal,0,0,65535_65535,0,2,164649,72,1,1,1,10,72,28,1,1,allocated
69,8956,greenran_normal,0,0,65535_65535,0,5,164641,65,1,1,0,9,0,28,1,1,pre_allocation
69,8956,greenran_normal,0,0,65535_65535,0,5,164641,72,1,1,1,10,72,28,1,1,allocated
69,8956,greenran_normal,0,0,65535_65535,0,3,164640,65,1,1,0,9,0,28,1,1,pre_allocation
69,8956,greenran_normal,0,0,65535_65535,0,3,164640,72,1,1,1,10,72,28,1,1,allocated
69,8956,greenran_normal,0,0,65535_65535,0,4,167534,58,1,1,0,10,0,24,1,1,pre_allocation
69,8956,greenran_normal,0,0,65535_65535,0,4,167534,65,1,1,1,11,65,24,1,1,allocated
69,8956,greenran_normal,0,0,65535_65535,0,1,164649,72,1,1,0,10,0,28,1,1,pre_allocation
69,8956,greenran_normal,0,0,65535_65535,0,1,164649,80,1,1,1,11,80,28,1,1,allocated
69,8956,greenran_normal,0,0,65535_65535,0,2,164649,72,1,1,0,10,0,28,1,1,pre_allocation
69,8956,greenran_normal,0,0,65535_65535,0,2,164649,80,1,1,1,11,80,28,1,1,allocated
69,8956,greenran_normal,0,0,65535_65535,0,5,164641,72,1,1,0,10,0,28,1,1,pre_allocation
69,8956,greenran_normal,0,0,65535_65535,0,5,164641,80,1,1,1,11,80,28,1,1,allocated
69,8956,greenran_normal,0,0,65535_65535,0,3,164640,72,1,1,0,10,0,28,1,1,pre_allocation
69,8956,greenran_normal,0,0,65535_65535,0,3,164640,80,1,1,1,11,80,28,1,1,allocated
69,8956,greenran_normal,0,0,65535_65535,0,4,167534,65,1,1,0,11,0,24,1,1,pre_allocation
69,8956,greenran_normal,0,0,65535_65535,0,4,167534,71,1,1,1,12,71,24,1,1,allocated
69,8956,greenran_normal,0,0,65535_65535,0,1,164649,80,1,1,0,11,0,28,1,1,pre_allocation
69,8956,greenran_normal,0,0,65535_65535,0,1,164649,88,1,1,1,12,88,28,1,1,allocated
69,8956,greenran_normal,0,0,65535_65535,0,2,164649,80,1,1,0,11,0,28,1,1,pre_allocation
69,8956,greenran_normal,0,0,65535_65535,0,2,164649,88,1,1,1,12,88,28,1,1,allocated
69,8956,greenran_normal,0,0,65535_65535,0,5,164641,80,1,1,0,11,0,28,1,1,pre_allocation
69,8956,greenran_normal,0,0,65535_65535,0,5,164641,88,1,1,1,12,88,28,1,1,allocated
69,8956,greenran_normal,0,0,65535_65535,0,3,164640,80,1,1,0,11,0,28,1,1,pre_allocation
69,8956,greenran_normal,0,0,65535_65535,0,3,164640,88,1,1,1,12,88,28,1,1,allocated
69,8956,greenran_normal,0,0,65535_65535,0,4,167534,71,1,1,0,12,0,24,1,1,pre_allocation
69,8956,greenran_normal,0,0,65535_65535,0,4,167534,77,1,1,1,13,77,24,1,1,allocated
69,8956,greenran_normal,0,0,65535_65535,0,1,164649,88,1,1,0,12,0,28,1,1,pre_allocation
69,8956,greenran_normal,0,0,65535_65535,0,1,164649,95,1,1,1,13,95,28,1,1,allocated
69,8956,greenran_normal,0,0,65535_65535,0,2,164649,88,1,1,0,12,0,28,1,1,pre_allocation
69,8956,greenran_normal,0,0,65535_65535,0,2,164649,95,1,1,1,13,95,28,1,1,allocated
69,8956,greenran_normal,0,0,65535_65535,0,5,164641,88,1,1,0,12,0,28,1,1,pre_allocation
69,8956,greenran_normal,0,0,65535_65535,0,5,164641,95,1,1,1,13,95,28,1,1,allocated
69,8956,greenran_normal,0,0,65535_65535,0,3,164640,88,1,1,0,12,0,28,1,1,pre_allocation
69,8956,greenran_normal,0,0,65535_65535,0,3,164640,95,1,1,1,13,95,28,1,1,allocated
69,8956,greenran_normal,0,0,65535_65535,0,4,167534,77,1,1,0,13,0,24,1,1,pre_allocation
69,8956,greenran_normal,0,0,65535_65535,0,4,167534,83,1,1,1,14,83,24,1,1,allocated
69,8956,greenran_normal,0,0,65535_65535,0,1,164649,95,1,1,0,13,0,28,1,1,pre_allocation
69,8956,greenran_normal,0,0,65535_65535,0,1,164649,103,1,1,1,14,103,28,1,1,allocated
69,8956,greenran_normal,0,0,65535_65535,0,2,164649,95,1,1,0,13,0,28,1,1,pre_allocation
69,8956,greenran_normal,0,0,65535_65535,0,2,164649,103,1,1,1,14,103,28,1,1,allocated
69,8956,greenran_normal,0,0,65535_65535,0,5,164641,95,1,1,0,13,0,28,1,1,pre_allocation
69,8956,greenran_normal,0,0,65535_65535,0,5,164641,103,1,1,1,14,103,28,1,1,allocated
69,8956,greenran_normal,0,0,65535_65535,0,3,164640,95,1,1,0,13,0,28,1,1,pre_allocation
69,8956,greenran_normal,0,0,65535_65535,0,3,164640,103,1,1,1,14,103,28,1,1,allocated
69,8956,greenran_normal,0,0,65535_65535,0,4,167534,83,1,1,0,14,0,24,1,1,pre_allocation
69,8956,greenran_normal,0,0,65535_65535,0,4,167534,89,1,1,1,15,89,24,1,1,allocated
69,8956,greenran_normal,0,0,65535_65535,0,1,164649,103,1,1,0,14,0,28,1,1,pre_allocation
69,8956,greenran_normal,0,0,65535_65535,0,1,164649,110,1,1,1,15,110,28,1,1,allocated
69,8956,greenran_normal,0,0,65535_65535,0,2,164649,103,1,1,0,14,0,28,1,1,pre_allocation
69,8956,greenran_normal,0,0,65535_65535,0,2,164649,110,1,1,1,15,110,28,1,1,allocated
69,8956,greenran_normal,0,0,65535_65535,0,5,164641,103,1,1,0,14,0,28,1,1,pre_allocation
69,8956,greenran_normal,0,0,65535_65535,0,5,164641,110,1,1,1,15,110,28,1,1,allocated
69,8956,greenran_normal,0,0,65535_65535,0,3,164640,103,1,1,0,14,0,28,1,1,pre_allocation
69,8956,greenran_normal,0,0,65535_65535,0,3,164640,110,1,1,1,15,110,28,1,1,allocated
69,8956,greenran_normal,0,0,65535_65535,0,4,167534,89,1,1,0,15,0,24,1,1,pre_allocation
69,8956,greenran_normal,0,0,65535_65535,0,4,167534,96,1,1,1,16,96,24,1,1,allocated
69,8956,greenran_normal,0,0,65535_65535,0,1,164649,110,1,1,0,15,0,28,1,1,pre_allocation
69,8956,greenran_normal,0,0,65535_65535,0,1,164649,118,1,1,1,16,118,28,1,1,allocated
69,8956,greenran_normal,0,0,65535_65535,0,2,164649,110,1,1,0,15,0,28,1,1,pre_allocation
69,8956,greenran_normal,0,0,65535_65535,0,2,164649,118,1,1,1,16,118,28,1,1,allocated
69,8956,greenran_normal,0,0,65535_65535,0,5,164641,110,1,1,0,15,0,28,1,1,pre_allocation
69,8956,greenran_normal,0,0,65535_65535,0,5,164641,118,1,1,1,16,118,28,1,1,allocated
69,8956,greenran_normal,0,0,65535_65535,0,3,164640,110,1,1,0,15,0,28,1,1,pre_allocation
69,8956,greenran_normal,0,0,65535_65535,0,3,164640,118,1,1,1,16,118,28,1,1,allocated
69,8956,greenran_normal,0,0,65535_65535,0,4,167534,96,1,1,0,16,0,24,1,1,pre_allocation
69,8956,greenran_normal,0,0,65535_65535,0,4,167534,102,1,1,1,17,102,24,1,1,allocated
69,8956,greenran_normal,0,0,65535_65535,0,1,164649,118,1,1,0,16,0,28,1,1,pre_allocation
69,8956,greenran_normal,0,0,65535_65535,0,1,164649,126,1,1,1,17,126,28,1,1,allocated
69,8956,greenran_normal,0,0,65535_65535,0,2,164649,118,1,1,0,16,0,28,1,1,pre_allocation
69,8956,greenran_normal,0,0,65535_65535,0,2,164649,126,1,1,1,17,126,28,1,1,allocated
69,8956,greenran_normal,0,0,65535_65535,0,5,164641,118,1,1,0,16,0,28,1,1,pre_allocation
69,8956,greenran_normal,0,0,65535_65535,0,5,164641,126,1,1,1,17,126,28,1,1,allocated
69,8956,greenran_normal,0,0,65535_65535,0,3,164640,118,1,1,0,16,0,28,1,1,pre_allocation
69,8956,greenran_normal,0,0,65535_65535,0,3,164640,126,1,1,1,17,126,28,1,1,allocated
69,8956,greenran_normal,0,0,65535_65535,0,4,167534,102,1,1,0,17,0,24,1,1,pre_allocation
69,8956,greenran_normal,0,0,65535_65535,0,4,167534,108,1,1,1,18,108,24,1,1,allocated
69,8956,greenran_normal,0,0,65535_65535,0,1,164649,126,1,1,0,17,0,28,1,1,pre_allocation
69,8956,greenran_normal,0,0,65535_65535,0,1,164649,133,1,1,1,18,133,28,1,1,allocated
69,8956,greenran_normal,0,0,65535_65535,0,2,164649,126,1,1,0,17,0,28,1,1,pre_allocation
69,8956,greenran_normal,0,0,65535_65535,0,2,164649,133,1,1,1,18,133,28,1,1,allocated
69,8956,greenran_normal,0,0,65535_65535,0,5,164641,126,1,1,0,17,0,28,1,1,pre_allocation
69,8956,greenran_normal,0,0,65535_65535,0,5,164641,133,1,1,1,18,133,28,1,1,allocated
69,8956,greenran_normal,0,0,65535_65535,0,3,164640,126,1,1,0,17,0,28,1,1,pre_allocation
69,8956,greenran_normal,0,0,65535_65535,0,3,164640,133,1,1,1,18,133,28,1,1,allocated
69,8956,greenran_normal,0,0,65535_65535,0,4,167534,108,1,1,0,18,0,24,1,1,pre_allocation
69,8956,greenran_normal,0,0,65535_65535,0,4,167534,114,1,1,1,19,114,24,1,1,allocated
69,8956,greenran_normal,0,0,65535_65535,0,1,164649,133,1,1,0,18,0,28,1,1,pre_allocation
69,8956,greenran_normal,0,0,65535_65535,0,1,164649,141,1,1,1,19,141,28,1,1,allocated
69,8956,greenran_normal,0,0,65535_65535,0,2,164649,133,1,1,0,18,0,28,1,1,pre_allocation
69,8956,greenran_normal,0,0,65535_65535,0,2,164649,141,1,1,1,19,141,28,1,1,allocated
69,8956,greenran_normal,0,0,65535_65535,0,5,164641,133,1,1,0,18,0,28,1,1,pre_allocation
69,8956,greenran_normal,0,0,65535_65535,0,5,164641,141,1,1,1,19,141,28,1,1,allocated
69,8956,greenran_normal,0,0,65535_65535,0,3,164640,133,1,1,0,18,0,28,1,1,pre_allocation
69,8956,greenran_normal,0,0,65535_65535,0,3,164640,141,1,1,1,19,141,28,1,1,allocated
69,8956,greenran_normal,0,0,65535_65535,0,4,167534,114,1,1,0,19,0,24,1,1,pre_allocation
69,8956,greenran_normal,0,0,65535_65535,0,4,167534,120,1,1,1,20,120,24,1,1,allocated
69,8956,greenran_normal,0,0,65535_65535,0,1,164649,141,1,1,0,19,0,28,1,1,pre_allocation
69,8956,greenran_normal,0,0,65535_65535,0,1,164649,148,1,1,1,20,148,28,1,1,allocated
69,8956,greenran_normal,0,0,65535_65535,0,2,164649,141,1,1,0,19,0,28,1,1,pre_allocation
69,8956,greenran_normal,0,0,65535_65535,0,2,164649,148,1,1,1,20,148,28,1,1,allocated
69,8956,greenran_normal,0,0,65535_65535,0,5,164641,141,1,1,0,19,0,28,1,1,pre_allocation
69,8956,greenran_normal,0,0,65535_65535,0,5,164641,148,1,1,1,20,148,28,1,1,allocated
69,8956,greenran_normal,0,0,65535_65535,0,3,164640,141,1,1,0,19,0,28,1,1,pre_allocation
69,8956,greenran_normal,0,0,65535_65535,0,3,164640,148,1,1,1,20,148,28,1,1,allocated
69,8956,greenran_normal,0,0,65535_65535,0,4,167534,120,1,1,0,20,0,24,1,1,pre_allocation
69,8956,greenran_normal,0,0,65535_65535,0,4,167534,126,1,1,1,21,126,24,1,1,allocated
69,8956,greenran_normal,0,0,65535_65535,0,1,164649,148,1,1,0,20,0,28,1,1,pre_allocation
69,8956,greenran_normal,0,0,65535_65535,0,1,164649,156,1,1,1,21,156,28,1,1,allocated
69,8956,greenran_normal,0,0,65535_65535,0,2,164649,148,1,1,0,20,0,28,1,1,pre_allocation
69,8956,greenran_normal,0,0,65535_65535,0,2,164649,156,1,1,1,21,156,28,1,1,allocated
69,8956,greenran_normal,0,0,65535_65535,0,5,164641,148,1,1,0,20,0,28,1,1,pre_allocation
69,8956,greenran_normal,0,0,65535_65535,0,5,164641,156,1,1,1,21,156,28,1,1,allocated
69,8956,greenran_normal,0,0,65535_65535,0,3,164640,148,1,1,0,20,0,28,1,1,pre_allocation
69,8956,greenran_normal,0,0,65535_65535,0,3,164640,156,1,1,1,21,156,28,1,1,allocated
69,8956,greenran_normal,0,0,65535_65535,0,4,167534,126,1,1,0,21,0,24,1,1,pre_allocation
69,8956,greenran_normal,0,0,65535_65535,0,4,167534,133,1,1,1,22,133,24,1,1,allocated
69,8956,greenran_normal,0,0,65535_65535,0,1,164649,156,1,1,0,21,0,28,1,1,pre_allocation
69,8956,greenran_normal,0,0,65535_65535,0,1,164649,163,1,1,1,22,163,28,1,1,allocated
69,8956,greenran_normal,0,0,65535_65535,0,2,164649,156,1,1,0,21,0,28,1,1,pre_allocation
69,8956,greenran_normal,0,0,65535_65535,0,2,164649,163,1,1,1,22,163,28,1,1,allocated
69,8956,greenran_normal,0,0,65535_65535,0,5,164641,156,1,1,0,21,0,28,1,1,pre_allocation
69,8956,greenran_normal,0,0,65535_65535,0,5,164641,163,1,1,1,22,163,28,1,1,allocated
69,8956,greenran_normal,0,0,65535_65535,0,3,164640,156,1,1,0,21,0,28,1,1,pre_allocation
69,8956,greenran_normal,0,0,65535_65535,0,3,164640,163,1,1,1,22,163,28,1,1,allocated
69,8956,greenran_normal,0,0,65535_65535,0,4,167534,133,1,1,0,22,0,24,1,1,pre_allocation
69,8956,greenran_normal,0,0,65535_65535,0,4,167534,139,1,1,1,23,139,24,1,1,allocated
69,8956,greenran_normal,0,0,65535_65535,0,1,164649,163,1,1,0,22,0,28,1,1,pre_allocation
69,8956,greenran_normal,0,0,65535_65535,0,1,164649,171,1,1,1,23,171,28,1,1,allocated
69,8956,greenran_normal,0,0,65535_65535,0,2,164649,163,1,1,0,22,0,28,1,1,pre_allocation
69,8956,greenran_normal,0,0,65535_65535,0,2,164649,171,1,1,1,23,171,28,1,1,allocated
69,8956,greenran_normal,0,0,65535_65535,0,5,164641,163,1,1,0,22,0,28,1,1,pre_allocation
69,8956,greenran_normal,0,0,65535_65535,0,5,164641,171,1,1,1,23,171,28,1,1,allocated
69,8956,greenran_normal,0,0,65535_65535,0,3,164640,163,1,1,0,22,0,28,1,1,pre_allocation
69,8956,greenran_normal,0,0,65535_65535,0,3,164640,171,1,1,1,23,171,28,1,1,allocated
69,8956,greenran_normal,0,0,65535_65535,0,4,167534,139,1,1,0,23,0,24,1,1,pre_allocation
69,8956,greenran_normal,0,0,65535_65535,0,4,167534,145,1,1,1,24,145,24,1,1,allocated
69,8956,greenran_normal,0,0,65535_65535,0,1,164649,171,1,1,0,23,0,28,1,1,pre_allocation
69,8956,greenran_normal,0,0,65535_65535,0,1,164649,179,1,1,1,24,179,28,1,1,allocated
69,8956,greenran_normal,0,0,65535_65535,0,2,164649,171,1,1,0,23,0,28,1,1,pre_allocation
69,8956,greenran_normal,0,0,65535_65535,0,2,164649,179,1,1,1,24,179,28,1,1,allocated
69,8956,greenran_normal,0,0,65535_65535,0,5,164641,171,1,1,0,23,0,28,1,1,pre_allocation
69,8956,greenran_normal,0,0,65535_65535,0,5,164641,179,1,1,1,24,179,28,1,1,allocated
69,8956,greenran_normal,0,0,65535_65535,0,3,164640,171,1,1,0,23,0,28,1,1,pre_allocation
69,8956,greenran_normal,0,0,65535_65535,0,3,164640,179,1,1,1,24,179,28,1,1,allocated
69,8956,greenran_normal,0,0,65535_65535,0,4,167534,145,1,1,0,24,0,24,1,1,pre_allocation
69,8956,greenran_normal,0,0,65535_65535,0,4,167534,151,1,1,1,25,151,24,1,1,allocated
69,8956,greenran_normal,0,0,65535_65535,0,1,164649,179,1,1,0,24,0,28,1,1,pre_allocation
69,8956,greenran_normal,0,0,65535_65535,0,1,164649,186,1,1,1,25,186,28,1,1,allocated
69,8956,greenran_normal,0,0,65535_65535,0,2,164649,179,1,1,0,24,0,28,1,1,pre_allocation
69,8956,greenran_normal,0,0,65535_65535,0,2,164649,186,1,1,1,25,186,28,1,1,allocated
69,8956,greenran_normal,0,0,65535_65535,0,5,164641,179,1,1,0,24,0,28,1,1,pre_allocation
69,8956,greenran_normal,0,0,65535_65535,0,5,164641,186,1,1,1,25,186,28,1,1,allocated
69,8956,greenran_normal,0,0,65535_65535,0,3,164640,179,1,1,0,24,0,28,1,1,pre_allocation
69,8956,greenran_normal,0,0,65535_65535,0,3,164640,186,1,1,1,25,186,28,1,1,allocated
69,8956,greenran_normal,0,0,65535_65535,0,4,167534,151,1,1,0,25,0,24,1,1,pre_allocation
69,8956,greenran_normal,0,0,65535_65535,0,4,167534,157,1,1,1,26,157,24,1,1,allocated
69,8956,greenran_normal,0,0,65535_65535,0,1,164649,186,1,1,0,25,0,28,1,1,pre_allocation
69,8956,greenran_normal,0,0,65535_65535,0,1,164649,194,1,1,1,26,194,28,1,1,allocated
69,8956,greenran_normal,0,0,65535_65535,0,2,164649,186,1,1,0,25,0,28,1,1,pre_allocation
69,8956,greenran_normal,0,0,65535_65535,0,2,164649,194,1,1,1,26,194,28,1,1,allocated
69,8956,greenran_normal,0,0,65535_65535,0,5,164641,186,1,1,0,25,0,28,1,1,pre_allocation
69,8956,greenran_normal,0,0,65535_65535,0,5,164641,194,1,1,1,26,194,28,1,1,allocated
69,8956,greenran_normal,0,0,65535_65535,0,3,164640,186,1,1,0,25,0,28,1,1,pre_allocation
69,8956,greenran_normal,0,0,65535_65535,0,3,164640,194,1,1,1,26,194,28,1,1,allocated
69,8956,greenran_normal,0,0,65535_65535,0,4,167534,157,1,1,0,26,0,24,1,1,pre_allocation
69,8956,greenran_normal,0,0,65535_65535,0,4,167534,164,1,1,1,27,164,24,1,1,allocated
69,8956,greenran_normal,0,0,65535_65535,0,1,164649,194,1,1,0,26,0,28,1,1,pre_allocation
69,8956,greenran_normal,0,0,65535_65535,0,1,164649,201,1,1,1,27,201,28,1,1,allocated
69,8956,greenran_normal,0,0,65535_65535,0,2,164649,194,1,1,0,26,0,28,1,1,pre_allocation
69,8956,greenran_normal,0,0,65535_65535,0,2,164649,201,1,1,1,27,201,28,1,1,allocated
69,8956,greenran_normal,0,0,65535_65535,0,5,164641,194,1,1,0,26,0,28,1,1,pre_allocation
69,8956,greenran_normal,0,0,65535_65535,0,5,164641,201,1,1,1,27,201,28,1,1,allocated
69,8956,greenran_normal,0,0,65535_65535,0,3,164640,194,1,1,0,26,0,28,1,1,pre_allocation
69,8956,greenran_normal,0,0,65535_65535,0,3,164640,201,1,1,1,27,201,28,1,1,allocated
69,8956,greenran_normal,0,0,65535_65535,0,4,167534,164,1,1,0,27,0,24,1,1,pre_allocation
69,8956,greenran_normal,0,0,65535_65535,0,4,167534,170,1,1,1,28,170,24,1,1,allocated
69,8956,greenran_normal,0,0,65535_65535,0,1,164649,201,1,1,0,27,0,28,1,1,pre_allocation
69,8956,greenran_normal,0,0,65535_65535,0,1,164649,209,1,1,1,28,209,28,1,1,allocated
69,8956,greenran_normal,0,0,65535_65535,0,2,164649,201,1,1,0,27,0,28,1,1,pre_allocation
69,8956,greenran_normal,0,0,65535_65535,0,2,164649,209,1,1,1,28,209,28,1,1,allocated
69,8956,greenran_normal,0,0,65535_65535,0,5,164641,201,1,1,0,27,0,28,1,1,pre_allocation
69,8956,greenran_normal,0,0,65535_65535,0,5,164641,209,1,1,1,28,209,28,1,1,allocated
69,8956,greenran_normal,0,0,65535_65535,0,3,164640,201,1,1,0,27,0,28,1,1,pre_allocation
69,8956,greenran_normal,0,0,65535_65535,0,3,164640,209,1,1,1,28,209,28,1,1,allocated
69,8956,greenran_normal,0,0,65535_65535,0,4,167534,170,1,1,0,28,0,24,1,1,pre_allocation
69,8956,greenran_normal,0,0,65535_65535,0,4,167534,176,1,1,1,29,176,24,1,1,allocated
69,8956,greenran_normal,0,0,65535_65535,0,1,164649,209,1,1,0,28,0,28,1,1,pre_allocation
69,8956,greenran_normal,0,0,65535_65535,0,1,164649,217,1,1,1,29,217,28,1,1,allocated
69,8956,greenran_normal,0,0,65535_65535,0,2,164649,209,1,1,0,28,0,28,1,1,pre_allocation
69,8956,greenran_normal,0,0,65535_65535,0,2,164649,217,1,1,1,29,217,28,1,1,allocated
69,8956,greenran_normal,0,0,65535_65535,0,5,164641,209,1,1,0,28,0,28,1,1,pre_allocation
69,8956,greenran_normal,0,0,65535_65535,0,5,164641,217,1,1,1,29,217,28,1,1,allocated
69,8956,greenran_normal,0,0,65535_65535,0,3,164640,209,1,1,0,28,0,28,1,1,pre_allocation
69,8956,greenran_normal,0,0,65535_65535,0,3,164640,217,1,1,1,29,217,28,1,1,allocated
69,8956,greenran_normal,0,0,65535_65535,2,38,5402896,0,1,1,0,0,0,2,1,1,pre_allocation
69,8956,greenran_normal,0,0,65535_65535,2,38,5402896,0,1,1,1,1,0,2,1,1,allocated
69,8956,greenran_normal,0,0,65535_65535,2,60,5402587,0,1,1,0,0,0,14,1,1,pre_allocation
69,8956,greenran_normal,0,0,65535_65535,2,60,5402587,2,1,1,1,1,2,14,1,1,allocated
69,8956,greenran_normal,0,0,65535_65535,2,64,5402224,0,1,1,0,0,0,16,1,1,pre_allocation
69,8956,greenran_normal,0,0,65535_65535,2,64,5402224,0,1,1,1,1,0,16,1,1,allocated
69,8956,greenran_normal,0,0,65535_65535,2,43,5401557,0,1,1,0,0,0,16,1,1,pre_allocation
69,8956,greenran_normal,0,0,65535_65535,2,43,5401557,0,1,1,1,1,0,16,1,1,allocated
69,8956,greenran_normal,0,0,65535_65535,2,42,5400989,0,1,1,0,0,0,24,1,1,pre_allocation
69,8956,greenran_normal,0,0,65535_65535,2,42,5400989,3,1,1,1,1,3,24,1,1,allocated
69,8956,greenran_normal,0,0,65535_65535,2,36,5400489,0,1,1,0,0,0,26,1,1,pre_allocation
69,8956,greenran_normal,0,0,65535_65535,2,36,5400489,4,1,1,1,1,4,26,1,1,allocated
69,8956,greenran_normal,0,0,65535_65535,2,59,5400447,0,1,1,0,0,0,24,1,1,pre_allocation
69,8956,greenran_normal,0,0,65535_65535,2,59,5400447,3,1,1,1,1,3,24,1,1,allocated
69,8956,greenran_normal,0,0,65535_65535,2,58,5400456,0,1,1,0,0,0,26,1,1,pre_allocation
69,8956,greenran_normal,0,0,65535_65535,2,58,5400456,4,1,1,1,1,4,26,1,1,allocated
69,8956,greenran_normal,0,0,65535_65535,2,39,5400377,0,1,1,0,0,0,28,1,1,pre_allocation
69,8956,greenran_normal,0,0,65535_65535,2,39,5400377,4,1,1,1,1,4,28,1,1,allocated
69,8956,greenran_normal,0,0,65535_65535,2,63,5400365,0,1,1,0,0,0,28,1,1,pre_allocation
69,8956,greenran_normal,0,0,65535_65535,2,63,5400365,4,1,1,1,1,4,28,1,1,allocated
69,8956,greenran_normal,0,0,65535_65535,2,62,5400365,0,1,1,0,0,0,28,1,1,pre_allocation
69,8956,greenran_normal,0,0,65535_65535,2,62,5400365,4,1,1,1,1,4,28,1,1,allocated
69,8956,greenran_normal,0,0,65535_65535,2,61,5400364,0,1,1,0,0,0,28,1,1,pre_allocation
69,8956,greenran_normal,0,0,65535_65535,2,61,5400364,4,1,1,1,1,4,28,1,1,allocated
69,8956,greenran_normal,0,0,65535_65535,2,44,5400360,0,1,1,0,0,0,28,1,1,pre_allocation
69,8956,greenran_normal,0,0,65535_65535,2,44,5400360,4,1,1,1,1,4,28,1,1,allocated
69,8956,greenran_normal,0,0,65535_65535,2,55,5400360,0,1,1,0,0,0,28,1,1,pre_allocation
69,8956,greenran_normal,0,0,65535_65535,2,55,5400360,4,1,1,1,1,4,28,1,1,allocated
69,8956,greenran_normal,0,0,65535_65535,2,35,5400359,0,1,1,0,0,0,28,1,1,pre_allocation
69,8956,greenran_normal,0,0,65535_65535,2,35,5400359,4,1,1,1,1,4,28,1,1,allocated
69,8956,greenran_normal,0,0,65535_65535,2,37,5400362,0,1,1,0,0,0,28,1,1,pre_allocation
69,8956,greenran_normal,0,0,65535_65535,2,37,5400362,4,1,1,1,1,4,28,1,1,allocated
69,8956,greenran_normal,0,0,65535_65535,2,41,5400362,0,1,1,0,0,0,28,1,1,pre_allocation
69,8956,greenran_normal,0,0,65535_65535,2,41,5400362,4,1,1,1,1,4,28,1,1,allocated
69,8956,greenran_normal,0,0,65535_65535,2,56,5400359,0,1,1,0,0,0,28,1,1,pre_allocation
69,8956,greenran_normal,0,0,65535_65535,2,56,5400359,4,1,1,1,1,4,28,1,1,allocated
69,8956,greenran_normal,0,0,65535_65535,2,57,5400359,0,1,1,0,0,0,28,1,1,pre_allocation
69,8956,greenran_normal,0,0,65535_65535,2,57,5400359,4,1,1,1,1,4,28,1,1,allocated
69,8956,greenran_normal,0,0,65535_65535,2,40,5400361,0,1,1,0,0,0,28,1,1,pre_allocation
69,8956,greenran_normal,0,0,65535_65535,2,40,5400361,4,1,1,1,1,4,28,1,1,allocated
69,8956,greenran_normal,0,0,65535_65535,2,38,5402896,0,1,1,0,1,0,2,1,1,pre_allocation
69,8956,greenran_normal,0,0,65535_65535,2,38,5402896,0,1,1,1,2,0,2,1,1,allocated
69,8956,greenran_normal,0,0,65535_65535,2,60,5402587,2,1,1,0,1,0,14,1,1,pre_allocation
69,8956,greenran_normal,0,0,65535_65535,2,60,5402587,2,1,1,1,2,2,14,1,1,allocated
69,8956,greenran_normal,0,0,65535_65535,2,64,5402224,0,1,1,0,1,0,16,1,1,pre_allocation
69,8956,greenran_normal,0,0,65535_65535,2,64,5402224,3,1,1,1,2,3,16,1,1,allocated
69,8956,greenran_normal,0,0,65535_65535,2,43,5401557,0,1,1,0,1,0,16,1,1,pre_allocation
69,8956,greenran_normal,0,0,65535_65535,2,43,5401557,3,1,1,1,2,3,16,1,1,allocated
69,8956,greenran_normal,0,0,65535_65535,2,42,5400989,3,1,1,0,1,0,24,1,1,pre_allocation
69,8956,greenran_normal,0,0,65535_65535,2,42,5400989,9,1,1,1,2,9,24,1,1,allocated
69,8956,greenran_normal,0,0,65535_65535,2,36,5400489,4,1,1,0,1,0,26,1,1,pre_allocation
69,8956,greenran_normal,0,0,65535_65535,2,36,5400489,11,1,1,1,2,11,26,1,1,allocated
69,8956,greenran_normal,0,0,65535_65535,2,59,5400447,3,1,1,0,1,0,24,1,1,pre_allocation
69,8956,greenran_normal,0,0,65535_65535,2,59,5400447,9,1,1,1,2,9,24,1,1,allocated
69,8956,greenran_normal,0,0,65535_65535,2,58,5400456,4,1,1,0,1,0,26,1,1,pre_allocation
69,8956,greenran_normal,0,0,65535_65535,2,58,5400456,11,1,1,1,2,11,26,1,1,allocated
69,8956,greenran_normal,0,0,65535_65535,2,39,5400377,4,1,1,0,1,0,28,1,1,pre_allocation
69,8956,greenran_normal,0,0,65535_65535,2,39,5400377,12,1,1,1,2,12,28,1,1,allocated
69,8956,greenran_normal,0,0,65535_65535,2,63,5400365,4,1,1,0,1,0,28,1,1,pre_allocation
69,8956,greenran_normal,0,0,65535_65535,2,63,5400365,12,1,1,1,2,12,28,1,1,allocated
69,8956,greenran_normal,0,0,65535_65535,2,62,5400365,4,1,1,0,1,0,28,1,1,pre_allocation
69,8956,greenran_normal,0,0,65535_65535,2,62,5400365,12,1,1,1,2,12,28,1,1,allocated
69,8956,greenran_normal,0,0,65535_65535,2,61,5400364,4,1,1,0,1,0,28,1,1,pre_allocation
69,8956,greenran_normal,0,0,65535_65535,2,61,5400364,12,1,1,1,2,12,28,1,1,allocated
69,8956,greenran_normal,0,0,65535_65535,2,44,5400360,4,1,1,0,1,0,28,1,1,pre_allocation
69,8956,greenran_normal,0,0,65535_65535,2,44,5400360,12,1,1,1,2,12,28,1,1,allocated
69,8956,greenran_normal,0,0,65535_65535,2,55,5400360,4,1,1,0,1,0,28,1,1,pre_allocation
69,8956,greenran_normal,0,0,65535_65535,2,55,5400360,12,1,1,1,2,12,28,1,1,allocated
69,8956,greenran_normal,0,0,65535_65535,2,35,5400359,4,1,1,0,1,0,28,1,1,pre_allocation
69,8956,greenran_normal,0,0,65535_65535,2,35,5400359,12,1,1,1,2,12,28,1,1,allocated
69,8956,greenran_normal,0,0,65535_65535,2,37,5400362,4,1,1,0,1,0,28,1,1,pre_allocation
69,8956,greenran_normal,0,0,65535_65535,2,37,5400362,12,1,1,1,2,12,28,1,1,allocated
69,8956,greenran_normal,0,0,65535_65535,2,41,5400362,4,1,1,0,1,0,28,1,1,pre_allocation
69,8956,greenran_normal,0,0,65535_65535,2,41,5400362,12,1,1,1,2,12,28,1,1,allocated
69,8956,greenran_normal,0,0,65535_65535,2,56,5400359,4,1,1,0,1,0,28,1,1,pre_allocation
69,8956,greenran_normal,0,0,65535_65535,2,56,5400359,12,1,1,1,2,12,28,1,1,allocated
69,8956,greenran_normal,0,0,65535_65535,2,57,5400359,4,1,1,0,1,0,28,1,1,pre_allocation
69,8956,greenran_normal,0,0,65535_65535,2,57,5400359,12,1,1,1,2,12,28,1,1,allocated
69,8956,greenran_normal,0,0,65535_65535,2,40,5400361,4,1,1,0,1,0,28,1,1,pre_allocation
69,8956,greenran_normal,0,0,65535_65535,2,40,5400361,12,1,1,1,2,12,28,1,1,allocated
69,8956,greenran_normal,0,0,65535_65535,2,38,5402896,0,1,1,0,2,0,2,1,1,pre_allocation
69,8956,greenran_normal,0,0,65535_65535,2,38,5402896,0,1,1,1,3,0,2,1,1,allocated
69,8956,greenran_normal,0,0,65535_65535,2,60,5402587,2,1,1,0,2,0,14,1,1,pre_allocation
69,8956,greenran_normal,0,0,65535_65535,2,60,5402587,4,1,1,1,3,4,14,1,1,allocated
69,8956,greenran_normal,0,0,65535_65535,2,64,5402224,3,1,1,0,2,0,16,1,1,pre_allocation
69,8956,greenran_normal,0,0,65535_65535,2,64,5402224,6,1,1,1,3,6,16,1,1,allocated
69,8956,greenran_normal,0,0,65535_65535,2,43,5401557,3,1,1,0,2,0,16,1,1,pre_allocation
69,8956,greenran_normal,0,0,65535_65535,2,43,5401557,6,1,1,1,3,6,16,1,1,allocated
69,8956,greenran_normal,0,0,65535_65535,2,42,5400989,9,1,1,0,2,0,24,1,1,pre_allocation
69,8956,greenran_normal,0,0,65535_65535,2,42,5400989,15,1,1,1,3,15,24,1,1,allocated
69,8956,greenran_normal,0,0,65535_65535,2,36,5400489,11,1,1,0,2,0,26,1,1,pre_allocation
69,8956,greenran_normal,0,0,65535_65535,2,36,5400489,18,1,1,1,3,18,26,1,1,allocated
69,8956,greenran_normal,0,0,65535_65535,2,59,5400447,9,1,1,0,2,0,24,1,1,pre_allocation
69,8956,greenran_normal,0,0,65535_65535,2,59,5400447,15,1,1,1,3,15,24,1,1,allocated
69,8956,greenran_normal,0,0,65535_65535,2,58,5400456,11,1,1,0,2,0,26,1,1,pre_allocation
69,8956,greenran_normal,0,0,65535_65535,2,58,5400456,18,1,1,1,3,18,26,1,1,allocated
69,8956,greenran_normal,0,0,65535_65535,2,39,5400377,12,1,1,0,2,0,28,1,1,pre_allocation
69,8956,greenran_normal,0,0,65535_65535,2,39,5400377,19,1,1,1,3,19,28,1,1,allocated
69,8956,greenran_normal,0,0,65535_65535,2,63,5400365,12,1,1,0,2,0,28,1,1,pre_allocation
69,8956,greenran_normal,0,0,65535_65535,2,63,5400365,19,1,1,1,3,19,28,1,1,allocated
69,8956,greenran_normal,0,0,65535_65535,2,62,5400365,12,1,1,0,2,0,28,1,1,pre_allocation
69,8956,greenran_normal,0,0,65535_65535,2,62,5400365,19,1,1,1,3,19,28,1,1,allocated
69,8956,greenran_normal,0,0,65535_65535,2,61,5400364,12,1,1,0,2,0,28,1,1,pre_allocation
69,8956,greenran_normal,0,0,65535_65535,2,61,5400364,19,1,1,1,3,19,28,1,1,allocated
69,8956,greenran_normal,0,0,65535_65535,2,44,5400360,12,1,1,0,2,0,28,1,1,pre_allocation
69,8956,greenran_normal,0,0,65535_65535,2,44,5400360,19,1,1,1,3,19,28,1,1,allocated
69,8956,greenran_normal,0,0,65535_65535,2,55,5400360,12,1,1,0,2,0,28,1,1,pre_allocation
69,8956,greenran_normal,0,0,65535_65535,2,55,5400360,19,1,1,1,3,19,28,1,1,allocated
69,8956,greenran_normal,0,0,65535_65535,2,35,5400359,12,1,1,0,2,0,28,1,1,pre_allocation
69,8956,greenran_normal,0,0,65535_65535,2,35,5400359,19,1,1,1,3,19,28,1,1,allocated
69,8956,greenran_normal,0,0,65535_65535,2,37,5400362,12,1,1,0,2,0,28,1,1,pre_allocation
69,8956,greenran_normal,0,0,65535_65535,2,37,5400362,19,1,1,1,3,19,28,1,1,allocated
69,8956,greenran_normal,0,0,65535_65535,2,41,5400362,12,1,1,0,2,0,28,1,1,pre_allocation
69,8956,greenran_normal,0,0,65535_65535,2,41,5400362,19,1,1,1,3,19,28,1,1,allocated
69,8956,greenran_normal,0,0,65535_65535,2,56,5400359,12,1,1,0,2,0,28,1,1,pre_allocation
69,8956,greenran_normal,0,0,65535_65535,2,56,5400359,19,1,1,1,3,19,28,1,1,allocated
69,8956,greenran_normal,0,0,65535_65535,2,57,5400359,12,1,1,0,2,0,28,1,1,pre_allocation
69,8956,greenran_normal,0,0,65535_65535,2,57,5400359,19,1,1,1,3,19,28,1,1,allocated
69,8956,greenran_normal,0,0,65535_65535,2,40,5400361,12,1,1,0,2,0,28,1,1,pre_allocation
69,8956,greenran_normal,0,0,65535_65535,2,40,5400361,19,1,1,1,3,19,28,1,1,allocated
69,8956,greenran_normal,0,0,65535_65535,2,38,5402896,0,1,1,0,3,0,2,1,1,pre_allocation
69,8956,greenran_normal,0,0,65535_65535,2,38,5402896,1,1,1,1,4,1,2,1,1,allocated
69,8956,greenran_normal,0,0,65535_65535,2,60,5402587,4,1,1,0,3,0,14,1,1,pre_allocation
69,8956,greenran_normal,0,0,65535_65535,2,60,5402587,7,1,1,1,4,7,14,1,1,allocated
69,8956,greenran_normal,0,0,65535_65535,2,64,5402224,6,1,1,0,3,0,16,1,1,pre_allocation
69,8956,greenran_normal,0,0,65535_65535,2,64,5402224,10,1,1,1,4,10,16,1,1,allocated
69,8956,greenran_normal,0,0,65535_65535,2,43,5401557,6,1,1,0,3,0,16,1,1,pre_allocation
69,8956,greenran_normal,0,0,65535_65535,2,43,5401557,10,1,1,1,4,10,16,1,1,allocated
69,8956,greenran_normal,0,0,65535_65535,2,42,5400989,15,1,1,0,3,0,24,1,1,pre_allocation
69,8956,greenran_normal,0,0,65535_65535,2,42,5400989,21,1,1,1,4,21,24,1,1,allocated
69,8956,greenran_normal,0,0,65535_65535,2,36,5400489,18,1,1,0,3,0,26,1,1,pre_allocation
69,8956,greenran_normal,0,0,65535_65535,2,36,5400489,25,1,1,1,4,25,26,1,1,allocated
69,8956,greenran_normal,0,0,65535_65535,2,59,5400447,15,1,1,0,3,0,24,1,1,pre_allocation
69,8956,greenran_normal,0,0,65535_65535,2,59,5400447,21,1,1,1,4,21,24,1,1,allocated
69,8956,greenran_normal,0,0,65535_65535,2,58,5400456,18,1,1,0,3,0,26,1,1,pre_allocation
69,8956,greenran_normal,0,0,65535_65535,2,58,5400456,25,1,1,1,4,25,26,1,1,allocated
69,8956,greenran_normal,0,0,65535_65535,2,39,5400377,19,1,1,0,3,0,28,1,1,pre_allocation
69,8956,greenran_normal,0,0,65535_65535,2,39,5400377,27,1,1,1,4,27,28,1,1,allocated
69,8956,greenran_normal,0,0,65535_65535,2,63,5400365,19,1,1,0,3,0,28,1,1,pre_allocation
69,8956,greenran_normal,0,0,65535_65535,2,63,5400365,27,1,1,1,4,27,28,1,1,allocated
69,8956,greenran_normal,0,0,65535_65535,2,62,5400365,19,1,1,0,3,0,28,1,1,pre_allocation
69,8956,greenran_normal,0,0,65535_65535,2,62,5400365,27,1,1,1,4,27,28,1,1,allocated
69,8956,greenran_normal,0,0,65535_65535,2,61,5400364,19,1,1,0,3,0,28,1,1,pre_allocation
69,8956,greenran_normal,0,0,65535_65535,2,61,5400364,27,1,1,1,4,27,28,1,1,allocated
69,8956,greenran_normal,0,0,65535_65535,2,44,5400360,19,1,1,0,3,0,28,1,1,pre_allocation
69,8956,greenran_normal,0,0,65535_65535,2,44,5400360,27,1,1,1,4,27,28,1,1,allocated
69,8956,greenran_normal,0,0,65535_65535,2,55,5400360,19,1,1,0,3,0,28,1,1,pre_allocation
69,8956,greenran_normal,0,0,65535_65535,2,55,5400360,27,1,1,1,4,27,28,1,1,allocated
69,8956,greenran_normal,0,0,65535_65535,2,35,5400359,19,1,1,0,3,0,28,1,1,pre_allocation
69,8956,greenran_normal,0,0,65535_65535,2,35,5400359,27,1,1,1,4,27,28,1,1,allocated
69,8956,greenran_normal,0,0,65535_65535,2,37,5400362,19,1,1,0,3,0,28,1,1,pre_allocation
69,8956,greenran_normal,0,0,65535_65535,2,37,5400362,27,1,1,1,4,27,28,1,1,allocated
69,8956,greenran_normal,0,0,65535_65535,2,41,5400362,19,1,1,0,3,0,28,1,1,pre_allocation
69,8956,greenran_normal,0,0,65535_65535,2,41,5400362,27,1,1,1,4,27,28,1,1,allocated
69,8956,greenran_normal,0,0,65535_65535,2,56,5400359,19,1,1,0,3,0,28,1,1,pre_allocation
69,8956,greenran_normal,0,0,65535_65535,2,56,5400359,27,1,1,1,4,27,28,1,1,allocated
69,8956,greenran_normal,0,0,65535_65535,2,57,5400359,19,1,1,0,3,0,28,1,1,pre_allocation
69,8956,greenran_normal,0,0,65535_65535,2,57,5400359,27,1,1,1,4,27,28,1,1,allocated
69,8956,greenran_normal,0,0,65535_65535,2,40,5400361,19,1,1,0,3,0,28,1,1,pre_allocation
69,8956,greenran_normal,0,0,65535_65535,2,40,5400361,27,1,1,1,4,27,28,1,1,allocated
69,8956,greenran_normal,0,0,65535_65535,2,38,5402896,1,1,1,0,4,0,2,1,1,pre_allocation
69,8956,greenran_normal,0,0,65535_65535,2,38,5402896,1,1,1,1,5,1,2,1,1,allocated
69,8956,greenran_normal,0,0,65535_65535,2,60,5402587,7,1,1,0,4,0,14,1,1,pre_allocation
69,8956,greenran_normal,0,0,65535_65535,2,60,5402587,10,1,1,1,5,10,14,1,1,allocated
69,8956,greenran_normal,0,0,65535_65535,2,64,5402224,10,1,1,0,4,0,16,1,1,pre_allocation
69,8956,greenran_normal,0,0,65535_65535,2,64,5402224,13,1,1,1,5,13,16,1,1,allocated
69,8956,greenran_normal,0,0,65535_65535,2,43,5401557,10,1,1,0,4,0,16,1,1,pre_allocation
69,8956,greenran_normal,0,0,65535_65535,2,43,5401557,13,1,1,1,5,13,16,1,1,allocated
69,8956,greenran_normal,0,0,65535_65535,2,42,5400989,21,1,1,0,4,0,24,1,1,pre_allocation
69,8956,greenran_normal,0,0,65535_65535,2,42,5400989,27,1,1,1,5,27,24,1,1,allocated
69,8956,greenran_normal,0,0,65535_65535,2,36,5400489,25,1,1,0,4,0,26,1,1,pre_allocation
69,8956,greenran_normal,0,0,65535_65535,2,36,5400489,32,1,1,1,5,32,26,1,1,allocated
69,8956,greenran_normal,0,0,65535_65535,2,59,5400447,21,1,1,0,4,0,24,1,1,pre_allocation
69,8956,greenran_normal,0,0,65535_65535,2,59,5400447,27,1,1,1,5,27,24,1,1,allocated
69,8956,greenran_normal,0,0,65535_65535,2,58,5400456,25,1,1,0,4,0,26,1,1,pre_allocation
69,8956,greenran_normal,0,0,65535_65535,2,58,5400456,32,1,1,1,5,32,26,1,1,allocated
69,8956,greenran_normal,0,0,65535_65535,2,39,5400377,27,1,1,0,4,0,28,1,1,pre_allocation
69,8956,greenran_normal,0,0,65535_65535,2,39,5400377,34,1,1,1,5,34,28,1,1,allocated
69,8956,greenran_normal,0,0,65535_65535,2,63,5400365,27,1,1,0,4,0,28,1,1,pre_allocation
69,8956,greenran_normal,0,0,65535_65535,2,63,5400365,34,1,1,1,5,34,28,1,1,allocated
69,8956,greenran_normal,0,0,65535_65535,2,62,5400365,27,1,1,0,4,0,28,1,1,pre_allocation
69,8956,greenran_normal,0,0,65535_65535,2,62,5400365,34,1,1,1,5,34,28,1,1,allocated
69,8956,greenran_normal,0,0,65535_65535,2,61,5400364,27,1,1,0,4,0,28,1,1,pre_allocation
69,8956,greenran_normal,0,0,65535_65535,2,61,5400364,34,1,1,1,5,34,28,1,1,allocated
69,8956,greenran_normal,0,0,65535_65535,2,44,5400360,27,1,1,0,4,0,28,1,1,pre_allocation
69,8956,greenran_normal,0,0,65535_65535,2,44,5400360,34,1,1,1,5,34,28,1,1,allocated
69,8956,greenran_normal,0,0,65535_65535,2,55,5400360,27,1,1,0,4,0,28,1,1,pre_allocation
69,8956,greenran_normal,0,0,65535_65535,2,55,5400360,34,1,1,1,5,34,28,1,1,allocated
69,8956,greenran_normal,0,0,65535_65535,2,35,5400359,27,1,1,0,4,0,28,1,1,pre_allocation
69,8956,greenran_normal,0,0,65535_65535,2,35,5400359,34,1,1,1,5,34,28,1,1,allocated
69,8956,greenran_normal,0,0,65535_65535,2,37,5400362,27,1,1,0,4,0,28,1,1,pre_allocation
69,8956,greenran_normal,0,0,65535_65535,2,37,5400362,34,1,1,1,5,34,28,1,1,allocated
69,8956,greenran_normal,0,0,65535_65535,2,41,5400362,27,1,1,0,4,0,28,1,1,pre_allocation
69,8956,greenran_normal,0,0,65535_65535,2,41,5400362,34,1,1,1,5,34,28,1,1,allocated
69,8956,greenran_normal,0,0,65535_65535,2,56,5400359,27,1,1,0,4,0,28,1,1,pre_allocation
69,8956,greenran_normal,0,0,65535_65535,2,56,5400359,34,1,1,1,5,34,28,1,1,allocated
69,8956,greenran_normal,0,0,65535_65535,2,57,5400359,27,1,1,0,4,0,28,1,1,pre_allocation
69,8956,greenran_normal,0,0,65535_65535,2,57,5400359,34,1,1,1,5,34,28,1,1,allocated
69,8956,greenran_normal,0,0,65535_65535,2,40,5400361,27,1,1,0,4,0,28,1,1,pre_allocation
69,8956,greenran_normal,0,0,65535_65535,2,40,5400361,34,1,1,1,5,34,28,1,1,allocated
69,8956,greenran_normal,0,0,65535_65535,2,38,5402896,1,1,1,0,5,0,2,1,1,pre_allocation
69,8956,greenran_normal,0,0,65535_65535,2,38,5402896,1,1,1,1,6,1,2,1,1,allocated
69,8956,greenran_normal,0,0,65535_65535,2,60,5402587,10,1,1,0,5,0,14,1,1,pre_allocation
69,8956,greenran_normal,0,0,65535_65535,2,60,5402587,12,1,1,1,6,12,14,1,1,allocated
69,8956,greenran_normal,0,0,65535_65535,2,64,5402224,13,1,1,0,5,0,16,1,1,pre_allocation
69,8956,greenran_normal,0,0,65535_65535,2,64,5402224,16,1,1,1,6,16,16,1,1,allocated
69,8956,greenran_normal,0,0,65535_65535,2,43,5401557,13,1,1,0,5,0,16,1,1,pre_allocation
69,8956,greenran_normal,0,0,65535_65535,2,43,5401557,16,1,1,1,6,16,16,1,1,allocated
69,8956,greenran_normal,0,0,65535_65535,2,42,5400989,27,1,1,0,5,0,24,1,1,pre_allocation
69,8956,greenran_normal,0,0,65535_65535,2,42,5400989,34,1,1,1,6,34,24,1,1,allocated
69,8956,greenran_normal,0,0,65535_65535,2,36,5400489,32,1,1,0,5,0,26,1,1,pre_allocation
69,8956,greenran_normal,0,0,65535_65535,2,36,5400489,39,1,1,1,6,39,26,1,1,allocated
69,8956,greenran_normal,0,0,65535_65535,2,59,5400447,27,1,1,0,5,0,24,1,1,pre_allocation
69,8956,greenran_normal,0,0,65535_65535,2,59,5400447,34,1,1,1,6,34,24,1,1,allocated
69,8956,greenran_normal,0,0,65535_65535,2,58,5400456,32,1,1,0,5,0,26,1,1,pre_allocation
69,8956,greenran_normal,0,0,65535_65535,2,58,5400456,39,1,1,1,6,39,26,1,1,allocated
69,8956,greenran_normal,0,0,65535_65535,2,39,5400377,34,1,1,0,5,0,28,1,1,pre_allocation
69,8956,greenran_normal,0,0,65535_65535,2,39,5400377,42,1,1,1,6,42,28,1,1,allocated
69,8956,greenran_normal,0,0,65535_65535,2,63,5400365,34,1,1,0,5,0,28,1,1,pre_allocation
69,8956,greenran_normal,0,0,65535_65535,2,63,5400365,42,1,1,1,6,42,28,1,1,allocated
69,8956,greenran_normal,0,0,65535_65535,2,62,5400365,34,1,1,0,5,0,28,1,1,pre_allocation
69,8956,greenran_normal,0,0,65535_65535,2,62,5400365,42,1,1,1,6,42,28,1,1,allocated
69,8956,greenran_normal,0,0,65535_65535,2,61,5400364,34,1,1,0,5,0,28,1,1,pre_allocation
69,8956,greenran_normal,0,0,65535_65535,2,61,5400364,42,1,1,1,6,42,28,1,1,allocated
69,8956,greenran_normal,0,0,65535_65535,2,44,5400360,34,1,1,0,5,0,28,1,1,pre_allocation
69,8956,greenran_normal,0,0,65535_65535,2,44,5400360,42,1,1,1,6,42,28,1,1,allocated
69,8956,greenran_normal,0,0,65535_65535,2,55,5400360,34,1,1,0,5,0,28,1,1,pre_allocation
69,8956,greenran_normal,0,0,65535_65535,2,55,5400360,42,1,1,1,6,42,28,1,1,allocated
69,8956,greenran_normal,0,0,65535_65535,2,35,5400359,34,1,1,0,5,0,28,1,1,pre_allocation
69,8956,greenran_normal,0,0,65535_65535,2,35,5400359,42,1,1,1,6,42,28,1,1,allocated
69,8956,greenran_normal,0,0,65535_65535,2,37,5400362,34,1,1,0,5,0,28,1,1,pre_allocation
69,8956,greenran_normal,0,0,65535_65535,2,37,5400362,42,1,1,1,6,42,28,1,1,allocated
69,8956,greenran_normal,0,0,65535_65535,2,41,5400362,34,1,1,0,5,0,28,1,1,pre_allocation
69,8956,greenran_normal,0,0,65535_65535,2,41,5400362,42,1,1,1,6,42,28,1,1,allocated
69,8956,greenran_normal,0,0,65535_65535,2,56,5400359,34,1,1,0,5,0,28,1,1,pre_allocation
69,8956,greenran_normal,0,0,65535_65535,2,56,5400359,42,1,1,1,6,42,28,1,1,allocated
69,8956,greenran_normal,0,0,65535_65535,2,57,5400359,34,1,1,0,5,0,28,1,1,pre_allocation
69,8956,greenran_normal,0,0,65535_65535,2,57,5400359,42,1,1,1,6,42,28,1,1,allocated
69,8956,greenran_normal,0,0,65535_65535,2,40,5400361,34,1,1,0,5,0,28,1,1,pre_allocation
69,8956,greenran_normal,0,0,65535_65535,2,40,5400361,42,1,1,1,6,42,28,1,1,allocated
69,8956,greenran_normal,0,0,65535_65535,2,38,5402896,1,1,1,0,6,0,2,1,1,pre_allocation
69,8956,greenran_normal,0,0,65535_65535,2,38,5402896,2,1,1,1,7,2,2,1,1,allocated
71,9236,greenran_normal,0,0,65535_65535,0,4,173156,0,1,1,0,0,0,24,1,1,pre_allocation
71,9236,greenran_normal,0,0,65535_65535,0,4,173156,3,1,1,1,1,3,24,1,1,allocated
71,9236,greenran_normal,0,0,65535_65535,0,3,170193,0,1,1,0,0,0,28,1,1,pre_allocation
71,9236,greenran_normal,0,0,65535_65535,0,3,170193,4,1,1,1,1,4,28,1,1,allocated
71,9236,greenran_normal,0,0,65535_65535,0,1,170195,0,1,1,0,0,0,28,1,1,pre_allocation
71,9236,greenran_normal,0,0,65535_65535,0,1,170195,4,1,1,1,1,4,28,1,1,allocated
71,9236,greenran_normal,0,0,65535_65535,0,2,170195,0,1,1,0,0,0,28,1,1,pre_allocation
71,9236,greenran_normal,0,0,65535_65535,0,2,170195,4,1,1,1,1,4,28,1,1,allocated
71,9236,greenran_normal,0,0,65535_65535,0,5,170187,0,1,1,0,0,0,28,1,1,pre_allocation
71,9236,greenran_normal,0,0,65535_65535,0,5,170187,4,1,1,1,1,4,28,1,1,allocated
71,9236,greenran_normal,0,0,65535_65535,0,4,173156,3,1,1,0,1,0,24,1,1,pre_allocation
71,9236,greenran_normal,0,0,65535_65535,0,4,173156,9,1,1,1,2,9,24,1,1,allocated
71,9236,greenran_normal,0,0,65535_65535,0,3,170193,4,1,1,0,1,0,28,1,1,pre_allocation
71,9236,greenran_normal,0,0,65535_65535,0,3,170193,12,1,1,1,2,12,28,1,1,allocated
71,9236,greenran_normal,0,0,65535_65535,0,1,170195,4,1,1,0,1,0,28,1,1,pre_allocation
71,9236,greenran_normal,0,0,65535_65535,0,1,170195,12,1,1,1,2,12,28,1,1,allocated
71,9236,greenran_normal,0,0,65535_65535,0,2,170195,4,1,1,0,1,0,28,1,1,pre_allocation
71,9236,greenran_normal,0,0,65535_65535,0,2,170195,12,1,1,1,2,12,28,1,1,allocated
71,9236,greenran_normal,0,0,65535_65535,0,5,170187,4,1,1,0,1,0,28,1,1,pre_allocation
71,9236,greenran_normal,0,0,65535_65535,0,5,170187,12,1,1,1,2,12,28,1,1,allocated
71,9236,greenran_normal,0,0,65535_65535,0,4,173156,9,1,1,0,2,0,24,1,1,pre_allocation
71,9236,greenran_normal,0,0,65535_65535,0,4,173156,15,1,1,1,3,15,24,1,1,allocated
71,9236,greenran_normal,0,0,65535_65535,0,3,170193,12,1,1,0,2,0,28,1,1,pre_allocation
71,9236,greenran_normal,0,0,65535_65535,0,3,170193,19,1,1,1,3,19,28,1,1,allocated
71,9236,greenran_normal,0,0,65535_65535,0,1,170195,12,1,1,0,2,0,28,1,1,pre_allocation
71,9236,greenran_normal,0,0,65535_65535,0,1,170195,19,1,1,1,3,19,28,1,1,allocated
71,9236,greenran_normal,0,0,65535_65535,0,2,170195,12,1,1,0,2,0,28,1,1,pre_allocation
71,9236,greenran_normal,0,0,65535_65535,0,2,170195,19,1,1,1,3,19,28,1,1,allocated
71,9236,greenran_normal,0,0,65535_65535,0,5,170187,12,1,1,0,2,0,28,1,1,pre_allocation
71,9236,greenran_normal,0,0,65535_65535,0,5,170187,19,1,1,1,3,19,28,1,1,allocated
71,9236,greenran_normal,0,0,65535_65535,0,4,173156,15,1,1,0,3,0,24,1,1,pre_allocation
71,9236,greenran_normal,0,0,65535_65535,0,4,173156,21,1,1,1,4,21,24,1,1,allocated
71,9236,greenran_normal,0,0,65535_65535,0,3,170193,19,1,1,0,3,0,28,1,1,pre_allocation
71,9236,greenran_normal,0,0,65535_65535,0,3,170193,27,1,1,1,4,27,28,1,1,allocated
71,9236,greenran_normal,0,0,65535_65535,0,1,170195,19,1,1,0,3,0,28,1,1,pre_allocation
71,9236,greenran_normal,0,0,65535_65535,0,1,170195,27,1,1,1,4,27,28,1,1,allocated
71,9236,greenran_normal,0,0,65535_65535,0,2,170195,19,1,1,0,3,0,28,1,1,pre_allocation
71,9236,greenran_normal,0,0,65535_65535,0,2,170195,27,1,1,1,4,27,28,1,1,allocated
71,9236,greenran_normal,0,0,65535_65535,0,5,170187,19,1,1,0,3,0,28,1,1,pre_allocation
71,9236,greenran_normal,0,0,65535_65535,0,5,170187,27,1,1,1,4,27,28,1,1,allocated
71,9236,greenran_normal,0,0,65535_65535,0,4,173156,21,1,1,0,4,0,24,1,1,pre_allocation
71,9236,greenran_normal,0,0,65535_65535,0,4,173156,27,1,1,1,5,27,24,1,1,allocated
71,9236,greenran_normal,0,0,65535_65535,0,3,170193,27,1,1,0,4,0,28,1,1,pre_allocation
71,9236,greenran_normal,0,0,65535_65535,0,3,170193,34,1,1,1,5,34,28,1,1,allocated
71,9236,greenran_normal,0,0,65535_65535,0,1,170195,27,1,1,0,4,0,28,1,1,pre_allocation
71,9236,greenran_normal,0,0,65535_65535,0,1,170195,34,1,1,1,5,34,28,1,1,allocated
71,9236,greenran_normal,0,0,65535_65535,0,2,170195,27,1,1,0,4,0,28,1,1,pre_allocation
71,9236,greenran_normal,0,0,65535_65535,0,2,170195,34,1,1,1,5,34,28,1,1,allocated
71,9236,greenran_normal,0,0,65535_65535,0,5,170187,27,1,1,0,4,0,28,1,1,pre_allocation
71,9236,greenran_normal,0,0,65535_65535,0,5,170187,34,1,1,1,5,34,28,1,1,allocated
71,9236,greenran_normal,0,0,65535_65535,0,4,173156,27,1,1,0,5,0,24,1,1,pre_allocation
71,9236,greenran_normal,0,0,65535_65535,0,4,173156,34,1,1,1,6,34,24,1,1,allocated
71,9236,greenran_normal,0,0,65535_65535,0,3,170193,34,1,1,0,5,0,28,1,1,pre_allocation
71,9236,greenran_normal,0,0,65535_65535,0,3,170193,42,1,1,1,6,42,28,1,1,allocated
71,9236,greenran_normal,0,0,65535_65535,0,1,170195,34,1,1,0,5,0,28,1,1,pre_allocation
71,9236,greenran_normal,0,0,65535_65535,0,1,170195,42,1,1,1,6,42,28,1,1,allocated
71,9236,greenran_normal,0,0,65535_65535,0,2,170195,34,1,1,0,5,0,28,1,1,pre_allocation
71,9236,greenran_normal,0,0,65535_65535,0,2,170195,42,1,1,1,6,42,28,1,1,allocated
71,9236,greenran_normal,0,0,65535_65535,0,5,170187,34,1,1,0,5,0,28,1,1,pre_allocation
71,9236,greenran_normal,0,0,65535_65535,0,5,170187,42,1,1,1,6,42,28,1,1,allocated
71,9236,greenran_normal,0,0,65535_65535,0,4,173156,34,1,1,0,6,0,24,1,1,pre_allocation
71,9236,greenran_normal,0,0,65535_65535,0,4,173156,40,1,1,1,7,40,24,1,1,allocated
71,9236,greenran_normal,0,0,65535_65535,0,3,170193,42,1,1,0,6,0,28,1,1,pre_allocation
71,9236,greenran_normal,0,0,65535_65535,0,3,170193,50,1,1,1,7,50,28,1,1,allocated
71,9236,greenran_normal,0,0,65535_65535,0,1,170195,42,1,1,0,6,0,28,1,1,pre_allocation
71,9236,greenran_normal,0,0,65535_65535,0,1,170195,50,1,1,1,7,50,28,1,1,allocated
71,9236,greenran_normal,0,0,65535_65535,0,2,170195,42,1,1,0,6,0,28,1,1,pre_allocation
71,9236,greenran_normal,0,0,65535_65535,0,2,170195,50,1,1,1,7,50,28,1,1,allocated
71,9236,greenran_normal,0,0,65535_65535,0,5,170187,42,1,1,0,6,0,28,1,1,pre_allocation
71,9236,greenran_normal,0,0,65535_65535,0,5,170187,50,1,1,1,7,50,28,1,1,allocated
71,9236,greenran_normal,0,0,65535_65535,0,4,173156,40,1,1,0,7,0,24,1,1,pre_allocation
71,9236,greenran_normal,0,0,65535_65535,0,4,173156,46,1,1,1,8,46,24,1,1,allocated
71,9236,greenran_normal,0,0,65535_65535,0,3,170193,50,1,1,0,7,0,28,1,1,pre_allocation
71,9236,greenran_normal,0,0,65535_65535,0,3,170193,57,1,1,1,8,57,28,1,1,allocated
71,9236,greenran_normal,0,0,65535_65535,0,1,170195,50,1,1,0,7,0,28,1,1,pre_allocation
71,9236,greenran_normal,0,0,65535_65535,0,1,170195,57,1,1,1,8,57,28,1,1,allocated
71,9236,greenran_normal,0,0,65535_65535,0,2,170195,50,1,1,0,7,0,28,1,1,pre_allocation
71,9236,greenran_normal,0,0,65535_65535,0,2,170195,57,1,1,1,8,57,28,1,1,allocated
71,9236,greenran_normal,0,0,65535_65535,0,5,170187,50,1,1,0,7,0,28,1,1,pre_allocation
71,9236,greenran_normal,0,0,65535_65535,0,5,170187,57,1,1,1,8,57,28,1,1,allocated
71,9236,greenran_normal,0,0,65535_65535,0,4,173156,46,1,1,0,8,0,24,1,1,pre_allocation
71,9236,greenran_normal,0,0,65535_65535,0,4,173156,52,1,1,1,9,52,24,1,1,allocated
71,9236,greenran_normal,0,0,65535_65535,0,3,170193,57,1,1,0,8,0,28,1,1,pre_allocation
71,9236,greenran_normal,0,0,65535_65535,0,3,170193,65,1,1,1,9,65,28,1,1,allocated
71,9236,greenran_normal,0,0,65535_65535,0,1,170195,57,1,1,0,8,0,28,1,1,pre_allocation
71,9236,greenran_normal,0,0,65535_65535,0,1,170195,65,1,1,1,9,65,28,1,1,allocated
71,9236,greenran_normal,0,0,65535_65535,0,2,170195,57,1,1,0,8,0,28,1,1,pre_allocation
71,9236,greenran_normal,0,0,65535_65535,0,2,170195,65,1,1,1,9,65,28,1,1,allocated
71,9236,greenran_normal,0,0,65535_65535,0,5,170187,57,1,1,0,8,0,28,1,1,pre_allocation
71,9236,greenran_normal,0,0,65535_65535,0,5,170187,65,1,1,1,9,65,28,1,1,allocated
71,9236,greenran_normal,0,0,65535_65535,0,4,173156,52,1,1,0,9,0,24,1,1,pre_allocation
71,9236,greenran_normal,0,0,65535_65535,0,4,173156,58,1,1,1,10,58,24,1,1,allocated
71,9236,greenran_normal,0,0,65535_65535,0,3,170193,65,1,1,0,9,0,28,1,1,pre_allocation
71,9236,greenran_normal,0,0,65535_65535,0,3,170193,72,1,1,1,10,72,28,1,1,allocated
71,9236,greenran_normal,0,0,65535_65535,0,1,170195,65,1,1,0,9,0,28,1,1,pre_allocation
71,9236,greenran_normal,0,0,65535_65535,0,1,170195,72,1,1,1,10,72,28,1,1,allocated
71,9236,greenran_normal,0,0,65535_65535,0,2,170195,65,1,1,0,9,0,28,1,1,pre_allocation
71,9236,greenran_normal,0,0,65535_65535,0,2,170195,72,1,1,1,10,72,28,1,1,allocated
71,9236,greenran_normal,0,0,65535_65535,0,5,170187,65,1,1,0,9,0,28,1,1,pre_allocation
71,9236,greenran_normal,0,0,65535_65535,0,5,170187,72,1,1,1,10,72,28,1,1,allocated
71,9236,greenran_normal,0,0,65535_65535,0,4,173156,58,1,1,0,10,0,24,1,1,pre_allocation
71,9236,greenran_normal,0,0,65535_65535,0,4,173156,65,1,1,1,11,65,24,1,1,allocated
71,9236,greenran_normal,0,0,65535_65535,0,3,170193,72,1,1,0,10,0,28,1,1,pre_allocation
71,9236,greenran_normal,0,0,65535_65535,0,3,170193,80,1,1,1,11,80,28,1,1,allocated
71,9236,greenran_normal,0,0,65535_65535,0,1,170195,72,1,1,0,10,0,28,1,1,pre_allocation
71,9236,greenran_normal,0,0,65535_65535,0,1,170195,80,1,1,1,11,80,28,1,1,allocated
71,9236,greenran_normal,0,0,65535_65535,0,2,170195,72,1,1,0,10,0,28,1,1,pre_allocation
71,9236,greenran_normal,0,0,65535_65535,0,2,170195,80,1,1,1,11,80,28,1,1,allocated
71,9236,greenran_normal,0,0,65535_65535,0,5,170187,72,1,1,0,10,0,28,1,1,pre_allocation
71,9236,greenran_normal,0,0,65535_65535,0,5,170187,80,1,1,1,11,80,28,1,1,allocated
71,9236,greenran_normal,0,0,65535_65535,0,4,173156,65,1,1,0,11,0,24,1,1,pre_allocation
71,9236,greenran_normal,0,0,65535_65535,0,4,173156,71,1,1,1,12,71,24,1,1,allocated
71,9236,greenran_normal,0,0,65535_65535,0,3,170193,80,1,1,0,11,0,28,1,1,pre_allocation
71,9236,greenran_normal,0,0,65535_65535,0,3,170193,88,1,1,1,12,88,28,1,1,allocated
71,9236,greenran_normal,0,0,65535_65535,0,1,170195,80,1,1,0,11,0,28,1,1,pre_allocation
71,9236,greenran_normal,0,0,65535_65535,0,1,170195,88,1,1,1,12,88,28,1,1,allocated
71,9236,greenran_normal,0,0,65535_65535,0,2,170195,80,1,1,0,11,0,28,1,1,pre_allocation
71,9236,greenran_normal,0,0,65535_65535,0,2,170195,88,1,1,1,12,88,28,1,1,allocated
71,9236,greenran_normal,0,0,65535_65535,0,5,170187,80,1,1,0,11,0,28,1,1,pre_allocation
71,9236,greenran_normal,0,0,65535_65535,0,5,170187,88,1,1,1,12,88,28,1,1,allocated
71,9236,greenran_normal,0,0,65535_65535,0,4,173156,71,1,1,0,12,0,24,1,1,pre_allocation
71,9236,greenran_normal,0,0,65535_65535,0,4,173156,77,1,1,1,13,77,24,1,1,allocated
71,9236,greenran_normal,0,0,65535_65535,0,3,170193,88,1,1,0,12,0,28,1,1,pre_allocation
71,9236,greenran_normal,0,0,65535_65535,0,3,170193,95,1,1,1,13,95,28,1,1,allocated
71,9236,greenran_normal,0,0,65535_65535,0,1,170195,88,1,1,0,12,0,28,1,1,pre_allocation
71,9236,greenran_normal,0,0,65535_65535,0,1,170195,95,1,1,1,13,95,28,1,1,allocated
71,9236,greenran_normal,0,0,65535_65535,0,2,170195,88,1,1,0,12,0,28,1,1,pre_allocation
71,9236,greenran_normal,0,0,65535_65535,0,2,170195,95,1,1,1,13,95,28,1,1,allocated
71,9236,greenran_normal,0,0,65535_65535,0,5,170187,88,1,1,0,12,0,28,1,1,pre_allocation
71,9236,greenran_normal,0,0,65535_65535,0,5,170187,95,1,1,1,13,95,28,1,1,allocated
71,9236,greenran_normal,0,0,65535_65535,0,4,173156,77,1,1,0,13,0,24,1,1,pre_allocation
71,9236,greenran_normal,0,0,65535_65535,0,4,173156,83,1,1,1,14,83,24,1,1,allocated
71,9236,greenran_normal,0,0,65535_65535,0,3,170193,95,1,1,0,13,0,28,1,1,pre_allocation
71,9236,greenran_normal,0,0,65535_65535,0,3,170193,103,1,1,1,14,103,28,1,1,allocated
71,9236,greenran_normal,0,0,65535_65535,0,1,170195,95,1,1,0,13,0,28,1,1,pre_allocation
71,9236,greenran_normal,0,0,65535_65535,0,1,170195,103,1,1,1,14,103,28,1,1,allocated
71,9236,greenran_normal,0,0,65535_65535,0,2,170195,95,1,1,0,13,0,28,1,1,pre_allocation
71,9236,greenran_normal,0,0,65535_65535,0,2,170195,103,1,1,1,14,103,28,1,1,allocated
71,9236,greenran_normal,0,0,65535_65535,0,5,170187,95,1,1,0,13,0,28,1,1,pre_allocation
71,9236,greenran_normal,0,0,65535_65535,0,5,170187,103,1,1,1,14,103,28,1,1,allocated
71,9236,greenran_normal,0,0,65535_65535,0,4,173156,83,1,1,0,14,0,24,1,1,pre_allocation
71,9236,greenran_normal,0,0,65535_65535,0,4,173156,89,1,1,1,15,89,24,1,1,allocated
71,9236,greenran_normal,0,0,65535_65535,0,3,170193,103,1,1,0,14,0,28,1,1,pre_allocation
71,9236,greenran_normal,0,0,65535_65535,0,3,170193,110,1,1,1,15,110,28,1,1,allocated
71,9236,greenran_normal,0,0,65535_65535,0,1,170195,103,1,1,0,14,0,28,1,1,pre_allocation
71,9236,greenran_normal,0,0,65535_65535,0,1,170195,110,1,1,1,15,110,28,1,1,allocated
71,9236,greenran_normal,0,0,65535_65535,0,2,170195,103,1,1,0,14,0,28,1,1,pre_allocation
71,9236,greenran_normal,0,0,65535_65535,0,2,170195,110,1,1,1,15,110,28,1,1,allocated
71,9236,greenran_normal,0,0,65535_65535,0,5,170187,103,1,1,0,14,0,28,1,1,pre_allocation
71,9236,greenran_normal,0,0,65535_65535,0,5,170187,110,1,1,1,15,110,28,1,1,allocated
71,9236,greenran_normal,0,0,65535_65535,0,4,173156,89,1,1,0,15,0,24,1,1,pre_allocation
71,9236,greenran_normal,0,0,65535_65535,0,4,173156,96,1,1,1,16,96,24,1,1,allocated
71,9236,greenran_normal,0,0,65535_65535,0,3,170193,110,1,1,0,15,0,28,1,1,pre_allocation
71,9236,greenran_normal,0,0,65535_65535,0,3,170193,118,1,1,1,16,118,28,1,1,allocated
71,9236,greenran_normal,0,0,65535_65535,0,1,170195,110,1,1,0,15,0,28,1,1,pre_allocation
71,9236,greenran_normal,0,0,65535_65535,0,1,170195,118,1,1,1,16,118,28,1,1,allocated
71,9236,greenran_normal,0,0,65535_65535,0,2,170195,110,1,1,0,15,0,28,1,1,pre_allocation
71,9236,greenran_normal,0,0,65535_65535,0,2,170195,118,1,1,1,16,118,28,1,1,allocated
71,9236,greenran_normal,0,0,65535_65535,0,5,170187,110,1,1,0,15,0,28,1,1,pre_allocation
71,9236,greenran_normal,0,0,65535_65535,0,5,170187,118,1,1,1,16,118,28,1,1,allocated
71,9236,greenran_normal,0,0,65535_65535,0,4,173156,96,1,1,0,16,0,24,1,1,pre_allocation
71,9236,greenran_normal,0,0,65535_65535,0,4,173156,102,1,1,1,17,102,24,1,1,allocated
71,9236,greenran_normal,0,0,65535_65535,0,3,170193,118,1,1,0,16,0,28,1,1,pre_allocation
71,9236,greenran_normal,0,0,65535_65535,0,3,170193,126,1,1,1,17,126,28,1,1,allocated
71,9236,greenran_normal,0,0,65535_65535,0,1,170195,118,1,1,0,16,0,28,1,1,pre_allocation
71,9236,greenran_normal,0,0,65535_65535,0,1,170195,126,1,1,1,17,126,28,1,1,allocated
71,9236,greenran_normal,0,0,65535_65535,0,2,170195,118,1,1,0,16,0,28,1,1,pre_allocation
71,9236,greenran_normal,0,0,65535_65535,0,2,170195,126,1,1,1,17,126,28,1,1,allocated
71,9236,greenran_normal,0,0,65535_65535,0,5,170187,118,1,1,0,16,0,28,1,1,pre_allocation
71,9236,greenran_normal,0,0,65535_65535,0,5,170187,126,1,1,1,17,126,28,1,1,allocated
71,9236,greenran_normal,0,0,65535_65535,0,4,173156,102,1,1,0,17,0,24,1,1,pre_allocation
71,9236,greenran_normal,0,0,65535_65535,0,4,173156,108,1,1,1,18,108,24,1,1,allocated
71,9236,greenran_normal,0,0,65535_65535,0,3,170193,126,1,1,0,17,0,28,1,1,pre_allocation
71,9236,greenran_normal,0,0,65535_65535,0,3,170193,133,1,1,1,18,133,28,1,1,allocated
71,9236,greenran_normal,0,0,65535_65535,0,1,170195,126,1,1,0,17,0,28,1,1,pre_allocation
71,9236,greenran_normal,0,0,65535_65535,0,1,170195,133,1,1,1,18,133,28,1,1,allocated
71,9236,greenran_normal,0,0,65535_65535,0,2,170195,126,1,1,0,17,0,28,1,1,pre_allocation
71,9236,greenran_normal,0,0,65535_65535,0,2,170195,133,1,1,1,18,133,28,1,1,allocated
71,9236,greenran_normal,0,0,65535_65535,0,5,170187,126,1,1,0,17,0,28,1,1,pre_allocation
71,9236,greenran_normal,0,0,65535_65535,0,5,170187,133,1,1,1,18,133,28,1,1,allocated
71,9236,greenran_normal,0,0,65535_65535,0,4,173156,108,1,1,0,18,0,24,1,1,pre_allocation
71,9236,greenran_normal,0,0,65535_65535,0,4,173156,114,1,1,1,19,114,24,1,1,allocated
71,9236,greenran_normal,0,0,65535_65535,0,3,170193,133,1,1,0,18,0,28,1,1,pre_allocation
71,9236,greenran_normal,0,0,65535_65535,0,3,170193,141,1,1,1,19,141,28,1,1,allocated
71,9236,greenran_normal,0,0,65535_65535,0,1,170195,133,1,1,0,18,0,28,1,1,pre_allocation
71,9236,greenran_normal,0,0,65535_65535,0,1,170195,141,1,1,1,19,141,28,1,1,allocated
71,9236,greenran_normal,0,0,65535_65535,0,2,170195,133,1,1,0,18,0,28,1,1,pre_allocation
71,9236,greenran_normal,0,0,65535_65535,0,2,170195,141,1,1,1,19,141,28,1,1,allocated
71,9236,greenran_normal,0,0,65535_65535,0,5,170187,133,1,1,0,18,0,28,1,1,pre_allocation
71,9236,greenran_normal,0,0,65535_65535,0,5,170187,141,1,1,1,19,141,28,1,1,allocated
71,9236,greenran_normal,0,0,65535_65535,0,4,173156,114,1,1,0,19,0,24,1,1,pre_allocation
71,9236,greenran_normal,0,0,65535_65535,0,4,173156,120,1,1,1,20,120,24,1,1,allocated
71,9236,greenran_normal,0,0,65535_65535,0,3,170193,141,1,1,0,19,0,28,1,1,pre_allocation
71,9236,greenran_normal,0,0,65535_65535,0,3,170193,148,1,1,1,20,148,28,1,1,allocated
71,9236,greenran_normal,0,0,65535_65535,0,1,170195,141,1,1,0,19,0,28,1,1,pre_allocation
71,9236,greenran_normal,0,0,65535_65535,0,1,170195,148,1,1,1,20,148,28,1,1,allocated
71,9236,greenran_normal,0,0,65535_65535,0,2,170195,141,1,1,0,19,0,28,1,1,pre_allocation
71,9236,greenran_normal,0,0,65535_65535,0,2,170195,148,1,1,1,20,148,28,1,1,allocated
71,9236,greenran_normal,0,0,65535_65535,0,5,170187,141,1,1,0,19,0,28,1,1,pre_allocation
71,9236,greenran_normal,0,0,65535_65535,0,5,170187,148,1,1,1,20,148,28,1,1,allocated
71,9236,greenran_normal,0,0,65535_65535,0,4,173156,120,1,1,0,20,0,24,1,1,pre_allocation
71,9236,greenran_normal,0,0,65535_65535,0,4,173156,126,1,1,1,21,126,24,1,1,allocated
71,9236,greenran_normal,0,0,65535_65535,0,3,170193,148,1,1,0,20,0,28,1,1,pre_allocation
71,9236,greenran_normal,0,0,65535_65535,0,3,170193,156,1,1,1,21,156,28,1,1,allocated
71,9236,greenran_normal,0,0,65535_65535,0,1,170195,148,1,1,0,20,0,28,1,1,pre_allocation
71,9236,greenran_normal,0,0,65535_65535,0,1,170195,156,1,1,1,21,156,28,1,1,allocated
71,9236,greenran_normal,0,0,65535_65535,0,2,170195,148,1,1,0,20,0,28,1,1,pre_allocation
71,9236,greenran_normal,0,0,65535_65535,0,2,170195,156,1,1,1,21,156,28,1,1,allocated
71,9236,greenran_normal,0,0,65535_65535,0,5,170187,148,1,1,0,20,0,28,1,1,pre_allocation
71,9236,greenran_normal,0,0,65535_65535,0,5,170187,156,1,1,1,21,156,28,1,1,allocated
71,9236,greenran_normal,0,0,65535_65535,0,4,173156,126,1,1,0,21,0,24,1,1,pre_allocation
71,9236,greenran_normal,0,0,65535_65535,0,4,173156,133,1,1,1,22,133,24,1,1,allocated
71,9236,greenran_normal,0,0,65535_65535,0,3,170193,156,1,1,0,21,0,28,1,1,pre_allocation
71,9236,greenran_normal,0,0,65535_65535,0,3,170193,163,1,1,1,22,163,28,1,1,allocated
71,9236,greenran_normal,0,0,65535_65535,0,1,170195,156,1,1,0,21,0,28,1,1,pre_allocation
71,9236,greenran_normal,0,0,65535_65535,0,1,170195,163,1,1,1,22,163,28,1,1,allocated
71,9236,greenran_normal,0,0,65535_65535,0,2,170195,156,1,1,0,21,0,28,1,1,pre_allocation
71,9236,greenran_normal,0,0,65535_65535,0,2,170195,163,1,1,1,22,163,28,1,1,allocated
71,9236,greenran_normal,0,0,65535_65535,0,5,170187,156,1,1,0,21,0,28,1,1,pre_allocation
71,9236,greenran_normal,0,0,65535_65535,0,5,170187,163,1,1,1,22,163,28,1,1,allocated
71,9236,greenran_normal,0,0,65535_65535,0,4,173156,133,1,1,0,22,0,24,1,1,pre_allocation
71,9236,greenran_normal,0,0,65535_65535,0,4,173156,139,1,1,1,23,139,24,1,1,allocated
71,9236,greenran_normal,0,0,65535_65535,0,3,170193,163,1,1,0,22,0,28,1,1,pre_allocation
71,9236,greenran_normal,0,0,65535_65535,0,3,170193,171,1,1,1,23,171,28,1,1,allocated
71,9236,greenran_normal,0,0,65535_65535,0,1,170195,163,1,1,0,22,0,28,1,1,pre_allocation
71,9236,greenran_normal,0,0,65535_65535,0,1,170195,171,1,1,1,23,171,28,1,1,allocated
71,9236,greenran_normal,0,0,65535_65535,0,2,170195,163,1,1,0,22,0,28,1,1,pre_allocation
71,9236,greenran_normal,0,0,65535_65535,0,2,170195,171,1,1,1,23,171,28,1,1,allocated
71,9236,greenran_normal,0,0,65535_65535,0,5,170187,163,1,1,0,22,0,28,1,1,pre_allocation
71,9236,greenran_normal,0,0,65535_65535,0,5,170187,171,1,1,1,23,171,28,1,1,allocated
71,9236,greenran_normal,0,0,65535_65535,2,38,5581896,0,1,1,0,0,0,2,1,1,pre_allocation
71,9236,greenran_normal,0,0,65535_65535,2,38,5581896,0,1,1,1,1,0,2,1,1,allocated
71,9236,greenran_normal,0,0,65535_65535,2,60,5581562,0,1,1,0,0,0,14,1,1,pre_allocation
71,9236,greenran_normal,0,0,65535_65535,2,60,5581562,2,1,1,1,1,2,14,1,1,allocated
71,9236,greenran_normal,0,0,65535_65535,2,64,5581203,0,1,1,0,0,0,16,1,1,pre_allocation
71,9236,greenran_normal,0,0,65535_65535,2,64,5581203,0,1,1,1,1,0,16,1,1,allocated
71,9236,greenran_normal,0,0,65535_65535,2,43,5580529,0,1,1,0,0,0,14,1,1,pre_allocation
71,9236,greenran_normal,0,0,65535_65535,2,43,5580529,2,1,1,1,1,2,14,1,1,allocated
71,9236,greenran_normal,0,0,65535_65535,2,42,5579925,0,1,1,0,0,0,24,1,1,pre_allocation
71,9236,greenran_normal,0,0,65535_65535,2,42,5579925,3,1,1,1,1,3,24,1,1,allocated
71,9236,greenran_normal,0,0,65535_65535,2,36,5579414,0,1,1,0,0,0,26,1,1,pre_allocation
71,9236,greenran_normal,0,0,65535_65535,2,36,5579414,4,1,1,1,1,4,26,1,1,allocated
71,9236,greenran_normal,0,0,65535_65535,2,59,5579377,0,1,1,0,0,0,24,1,1,pre_allocation
71,9236,greenran_normal,0,0,65535_65535,2,59,5579377,3,1,1,1,1,3,24,1,1,allocated
71,9236,greenran_normal,0,0,65535_65535,2,58,5579381,0,1,1,0,0,0,26,1,1,pre_allocation
71,9236,greenran_normal,0,0,65535_65535,2,58,5579381,4,1,1,1,1,4,26,1,1,allocated
71,9236,greenran_normal,0,0,65535_65535,2,39,5579295,0,1,1,0,0,0,28,1,1,pre_allocation
71,9236,greenran_normal,0,0,65535_65535,2,39,5579295,4,1,1,1,1,4,28,1,1,allocated
71,9236,greenran_normal,0,0,65535_65535,2,63,5579283,0,1,1,0,0,0,28,1,1,pre_allocation
71,9236,greenran_normal,0,0,65535_65535,2,63,5579283,4,1,1,1,1,4,28,1,1,allocated
71,9236,greenran_normal,0,0,65535_65535,2,62,5579283,0,1,1,0,0,0,28,1,1,pre_allocation
71,9236,greenran_normal,0,0,65535_65535,2,62,5579283,4,1,1,1,1,4,28,1,1,allocated
71,9236,greenran_normal,0,0,65535_65535,2,61,5579282,0,1,1,0,0,0,28,1,1,pre_allocation
71,9236,greenran_normal,0,0,65535_65535,2,61,5579282,4,1,1,1,1,4,28,1,1,allocated
71,9236,greenran_normal,0,0,65535_65535,2,44,5579278,0,1,1,0,0,0,28,1,1,pre_allocation
71,9236,greenran_normal,0,0,65535_65535,2,44,5579278,4,1,1,1,1,4,28,1,1,allocated
71,9236,greenran_normal,0,0,65535_65535,2,55,5579278,0,1,1,0,0,0,28,1,1,pre_allocation
71,9236,greenran_normal,0,0,65535_65535,2,55,5579278,4,1,1,1,1,4,28,1,1,allocated
71,9236,greenran_normal,0,0,65535_65535,2,35,5579277,0,1,1,0,0,0,28,1,1,pre_allocation
71,9236,greenran_normal,0,0,65535_65535,2,35,5579277,4,1,1,1,1,4,28,1,1,allocated
71,9236,greenran_normal,0,0,65535_65535,2,37,5579280,0,1,1,0,0,0,28,1,1,pre_allocation
71,9236,greenran_normal,0,0,65535_65535,2,37,5579280,4,1,1,1,1,4,28,1,1,allocated
71,9236,greenran_normal,0,0,65535_65535,2,41,5579280,0,1,1,0,0,0,28,1,1,pre_allocation
71,9236,greenran_normal,0,0,65535_65535,2,41,5579280,4,1,1,1,1,4,28,1,1,allocated
71,9236,greenran_normal,0,0,65535_65535,2,56,5579277,0,1,1,0,0,0,28,1,1,pre_allocation
71,9236,greenran_normal,0,0,65535_65535,2,56,5579277,4,1,1,1,1,4,28,1,1,allocated
71,9236,greenran_normal,0,0,65535_65535,2,57,5579277,0,1,1,0,0,0,28,1,1,pre_allocation
71,9236,greenran_normal,0,0,65535_65535,2,57,5579277,4,1,1,1,1,4,28,1,1,allocated
71,9236,greenran_normal,0,0,65535_65535,2,40,5579279,0,1,1,0,0,0,28,1,1,pre_allocation
71,9236,greenran_normal,0,0,65535_65535,2,40,5579279,4,1,1,1,1,4,28,1,1,allocated
71,9236,greenran_normal,0,0,65535_65535,2,38,5581896,0,1,1,0,1,0,2,1,1,pre_allocation
71,9236,greenran_normal,0,0,65535_65535,2,38,5581896,0,1,1,1,2,0,2,1,1,allocated
71,9236,greenran_normal,0,0,65535_65535,2,60,5581562,2,1,1,0,1,0,14,1,1,pre_allocation
71,9236,greenran_normal,0,0,65535_65535,2,60,5581562,2,1,1,1,2,2,14,1,1,allocated
71,9236,greenran_normal,0,0,65535_65535,2,64,5581203,0,1,1,0,1,0,16,1,1,pre_allocation
71,9236,greenran_normal,0,0,65535_65535,2,64,5581203,3,1,1,1,2,3,16,1,1,allocated
71,9236,greenran_normal,0,0,65535_65535,2,43,5580529,2,1,1,0,1,0,14,1,1,pre_allocation
71,9236,greenran_normal,0,0,65535_65535,2,43,5580529,2,1,1,1,2,2,14,1,1,allocated
71,9236,greenran_normal,0,0,65535_65535,2,42,5579925,3,1,1,0,1,0,24,1,1,pre_allocation
71,9236,greenran_normal,0,0,65535_65535,2,42,5579925,9,1,1,1,2,9,24,1,1,allocated
71,9236,greenran_normal,0,0,65535_65535,2,36,5579414,4,1,1,0,1,0,26,1,1,pre_allocation
71,9236,greenran_normal,0,0,65535_65535,2,36,5579414,11,1,1,1,2,11,26,1,1,allocated
71,9236,greenran_normal,0,0,65535_65535,2,59,5579377,3,1,1,0,1,0,24,1,1,pre_allocation
71,9236,greenran_normal,0,0,65535_65535,2,59,5579377,9,1,1,1,2,9,24,1,1,allocated
71,9236,greenran_normal,0,0,65535_65535,2,58,5579381,4,1,1,0,1,0,26,1,1,pre_allocation
71,9236,greenran_normal,0,0,65535_65535,2,58,5579381,11,1,1,1,2,11,26,1,1,allocated
71,9236,greenran_normal,0,0,65535_65535,2,39,5579295,4,1,1,0,1,0,28,1,1,pre_allocation
71,9236,greenran_normal,0,0,65535_65535,2,39,5579295,12,1,1,1,2,12,28,1,1,allocated
71,9236,greenran_normal,0,0,65535_65535,2,63,5579283,4,1,1,0,1,0,28,1,1,pre_allocation
71,9236,greenran_normal,0,0,65535_65535,2,63,5579283,12,1,1,1,2,12,28,1,1,allocated
71,9236,greenran_normal,0,0,65535_65535,2,62,5579283,4,1,1,0,1,0,28,1,1,pre_allocation
71,9236,greenran_normal,0,0,65535_65535,2,62,5579283,12,1,1,1,2,12,28,1,1,allocated
71,9236,greenran_normal,0,0,65535_65535,2,61,5579282,4,1,1,0,1,0,28,1,1,pre_allocation
71,9236,greenran_normal,0,0,65535_65535,2,61,5579282,12,1,1,1,2,12,28,1,1,allocated
71,9236,greenran_normal,0,0,65535_65535,2,44,5579278,4,1,1,0,1,0,28,1,1,pre_allocation
71,9236,greenran_normal,0,0,65535_65535,2,44,5579278,12,1,1,1,2,12,28,1,1,allocated
71,9236,greenran_normal,0,0,65535_65535,2,55,5579278,4,1,1,0,1,0,28,1,1,pre_allocation
71,9236,greenran_normal,0,0,65535_65535,2,55,5579278,12,1,1,1,2,12,28,1,1,allocated
71,9236,greenran_normal,0,0,65535_65535,2,35,5579277,4,1,1,0,1,0,28,1,1,pre_allocation
71,9236,greenran_normal,0,0,65535_65535,2,35,5579277,12,1,1,1,2,12,28,1,1,allocated
71,9236,greenran_normal,0,0,65535_65535,2,37,5579280,4,1,1,0,1,0,28,1,1,pre_allocation
71,9236,greenran_normal,0,0,65535_65535,2,37,5579280,12,1,1,1,2,12,28,1,1,allocated
71,9236,greenran_normal,0,0,65535_65535,2,41,5579280,4,1,1,0,1,0,28,1,1,pre_allocation
71,9236,greenran_normal,0,0,65535_65535,2,41,5579280,12,1,1,1,2,12,28,1,1,allocated
71,9236,greenran_normal,0,0,65535_65535,2,56,5579277,4,1,1,0,1,0,28,1,1,pre_allocation
71,9236,greenran_normal,0,0,65535_65535,2,56,5579277,12,1,1,1,2,12,28,1,1,allocated
71,9236,greenran_normal,0,0,65535_65535,2,57,5579277,4,1,1,0,1,0,28,1,1,pre_allocation
71,9236,greenran_normal,0,0,65535_65535,2,57,5579277,12,1,1,1,2,12,28,1,1,allocated
71,9236,greenran_normal,0,0,65535_65535,2,40,5579279,4,1,1,0,1,0,28,1,1,pre_allocation
71,9236,greenran_normal,0,0,65535_65535,2,40,5579279,12,1,1,1,2,12,28,1,1,allocated
71,9236,greenran_normal,0,0,65535_65535,2,38,5581896,0,1,1,0,2,0,2,1,1,pre_allocation
71,9236,greenran_normal,0,0,65535_65535,2,38,5581896,0,1,1,1,3,0,2,1,1,allocated
71,9236,greenran_normal,0,0,65535_65535,2,60,5581562,2,1,1,0,2,0,14,1,1,pre_allocation
71,9236,greenran_normal,0,0,65535_65535,2,60,5581562,4,1,1,1,3,4,14,1,1,allocated
71,9236,greenran_normal,0,0,65535_65535,2,64,5581203,3,1,1,0,2,0,16,1,1,pre_allocation
71,9236,greenran_normal,0,0,65535_65535,2,64,5581203,6,1,1,1,3,6,16,1,1,allocated
71,9236,greenran_normal,0,0,65535_65535,2,43,5580529,2,1,1,0,2,0,14,1,1,pre_allocation
71,9236,greenran_normal,0,0,65535_65535,2,43,5580529,4,1,1,1,3,4,14,1,1,allocated
71,9236,greenran_normal,0,0,65535_65535,2,42,5579925,9,1,1,0,2,0,24,1,1,pre_allocation
71,9236,greenran_normal,0,0,65535_65535,2,42,5579925,15,1,1,1,3,15,24,1,1,allocated
71,9236,greenran_normal,0,0,65535_65535,2,36,5579414,11,1,1,0,2,0,26,1,1,pre_allocation
71,9236,greenran_normal,0,0,65535_65535,2,36,5579414,18,1,1,1,3,18,26,1,1,allocated
71,9236,greenran_normal,0,0,65535_65535,2,59,5579377,9,1,1,0,2,0,24,1,1,pre_allocation
71,9236,greenran_normal,0,0,65535_65535,2,59,5579377,15,1,1,1,3,15,24,1,1,allocated
71,9236,greenran_normal,0,0,65535_65535,2,58,5579381,11,1,1,0,2,0,26,1,1,pre_allocation
71,9236,greenran_normal,0,0,65535_65535,2,58,5579381,18,1,1,1,3,18,26,1,1,allocated
71,9236,greenran_normal,0,0,65535_65535,2,39,5579295,12,1,1,0,2,0,28,1,1,pre_allocation
71,9236,greenran_normal,0,0,65535_65535,2,39,5579295,19,1,1,1,3,19,28,1,1,allocated
71,9236,greenran_normal,0,0,65535_65535,2,63,5579283,12,1,1,0,2,0,28,1,1,pre_allocation
71,9236,greenran_normal,0,0,65535_65535,2,63,5579283,19,1,1,1,3,19,28,1,1,allocated
71,9236,greenran_normal,0,0,65535_65535,2,62,5579283,12,1,1,0,2,0,28,1,1,pre_allocation
71,9236,greenran_normal,0,0,65535_65535,2,62,5579283,19,1,1,1,3,19,28,1,1,allocated
71,9236,greenran_normal,0,0,65535_65535,2,61,5579282,12,1,1,0,2,0,28,1,1,pre_allocation
71,9236,greenran_normal,0,0,65535_65535,2,61,5579282,19,1,1,1,3,19,28,1,1,allocated
71,9236,greenran_normal,0,0,65535_65535,2,44,5579278,12,1,1,0,2,0,28,1,1,pre_allocation
71,9236,greenran_normal,0,0,65535_65535,2,44,5579278,19,1,1,1,3,19,28,1,1,allocated
71,9236,greenran_normal,0,0,65535_65535,2,55,5579278,12,1,1,0,2,0,28,1,1,pre_allocation
71,9236,greenran_normal,0,0,65535_65535,2,55,5579278,19,1,1,1,3,19,28,1,1,allocated
71,9236,greenran_normal,0,0,65535_65535,2,35,5579277,12,1,1,0,2,0,28,1,1,pre_allocation
71,9236,greenran_normal,0,0,65535_65535,2,35,5579277,19,1,1,1,3,19,28,1,1,allocated
71,9236,greenran_normal,0,0,65535_65535,2,37,5579280,12,1,1,0,2,0,28,1,1,pre_allocation
71,9236,greenran_normal,0,0,65535_65535,2,37,5579280,19,1,1,1,3,19,28,1,1,allocated
71,9236,greenran_normal,0,0,65535_65535,2,41,5579280,12,1,1,0,2,0,28,1,1,pre_allocation
71,9236,greenran_normal,0,0,65535_65535,2,41,5579280,19,1,1,1,3,19,28,1,1,allocated
71,9236,greenran_normal,0,0,65535_65535,2,56,5579277,12,1,1,0,2,0,28,1,1,pre_allocation
71,9236,greenran_normal,0,0,65535_65535,2,56,5579277,19,1,1,1,3,19,28,1,1,allocated
71,9236,greenran_normal,0,0,65535_65535,2,57,5579277,12,1,1,0,2,0,28,1,1,pre_allocation
71,9236,greenran_normal,0,0,65535_65535,2,57,5579277,19,1,1,1,3,19,28,1,1,allocated
71,9236,greenran_normal,0,0,65535_65535,2,40,5579279,12,1,1,0,2,0,28,1,1,pre_allocation
71,9236,greenran_normal,0,0,65535_65535,2,40,5579279,19,1,1,1,3,19,28,1,1,allocated
71,9236,greenran_normal,0,0,65535_65535,2,38,5581896,0,1,1,0,3,0,2,1,1,pre_allocation
71,9236,greenran_normal,0,0,65535_65535,2,38,5581896,1,1,1,1,4,1,2,1,1,allocated
71,9236,greenran_normal,0,0,65535_65535,2,60,5581562,4,1,1,0,3,0,14,1,1,pre_allocation
71,9236,greenran_normal,0,0,65535_65535,2,60,5581562,7,1,1,1,4,7,14,1,1,allocated
71,9236,greenran_normal,0,0,65535_65535,2,64,5581203,6,1,1,0,3,0,16,1,1,pre_allocation
71,9236,greenran_normal,0,0,65535_65535,2,64,5581203,10,1,1,1,4,10,16,1,1,allocated
71,9236,greenran_normal,0,0,65535_65535,2,43,5580529,4,1,1,0,3,0,14,1,1,pre_allocation
71,9236,greenran_normal,0,0,65535_65535,2,43,5580529,7,1,1,1,4,7,14,1,1,allocated
71,9236,greenran_normal,0,0,65535_65535,2,42,5579925,15,1,1,0,3,0,24,1,1,pre_allocation
71,9236,greenran_normal,0,0,65535_65535,2,42,5579925,21,1,1,1,4,21,24,1,1,allocated
71,9236,greenran_normal,0,0,65535_65535,2,36,5579414,18,1,1,0,3,0,26,1,1,pre_allocation
71,9236,greenran_normal,0,0,65535_65535,2,36,5579414,25,1,1,1,4,25,26,1,1,allocated
71,9236,greenran_normal,0,0,65535_65535,2,59,5579377,15,1,1,0,3,0,24,1,1,pre_allocation
71,9236,greenran_normal,0,0,65535_65535,2,59,5579377,21,1,1,1,4,21,24,1,1,allocated
71,9236,greenran_normal,0,0,65535_65535,2,58,5579381,18,1,1,0,3,0,26,1,1,pre_allocation
71,9236,greenran_normal,0,0,65535_65535,2,58,5579381,25,1,1,1,4,25,26,1,1,allocated
71,9236,greenran_normal,0,0,65535_65535,2,39,5579295,19,1,1,0,3,0,28,1,1,pre_allocation
71,9236,greenran_normal,0,0,65535_65535,2,39,5579295,27,1,1,1,4,27,28,1,1,allocated
71,9236,greenran_normal,0,0,65535_65535,2,63,5579283,19,1,1,0,3,0,28,1,1,pre_allocation
71,9236,greenran_normal,0,0,65535_65535,2,63,5579283,27,1,1,1,4,27,28,1,1,allocated
71,9236,greenran_normal,0,0,65535_65535,2,62,5579283,19,1,1,0,3,0,28,1,1,pre_allocation
71,9236,greenran_normal,0,0,65535_65535,2,62,5579283,27,1,1,1,4,27,28,1,1,allocated
71,9236,greenran_normal,0,0,65535_65535,2,61,5579282,19,1,1,0,3,0,28,1,1,pre_allocation
71,9236,greenran_normal,0,0,65535_65535,2,61,5579282,27,1,1,1,4,27,28,1,1,allocated
71,9236,greenran_normal,0,0,65535_65535,2,44,5579278,19,1,1,0,3,0,28,1,1,pre_allocation
71,9236,greenran_normal,0,0,65535_65535,2,44,5579278,27,1,1,1,4,27,28,1,1,allocated
71,9236,greenran_normal,0,0,65535_65535,2,55,5579278,19,1,1,0,3,0,28,1,1,pre_allocation
71,9236,greenran_normal,0,0,65535_65535,2,55,5579278,27,1,1,1,4,27,28,1,1,allocated
71,9236,greenran_normal,0,0,65535_65535,2,35,5579277,19,1,1,0,3,0,28,1,1,pre_allocation
71,9236,greenran_normal,0,0,65535_65535,2,35,5579277,27,1,1,1,4,27,28,1,1,allocated
71,9236,greenran_normal,0,0,65535_65535,2,37,5579280,19,1,1,0,3,0,28,1,1,pre_allocation
71,9236,greenran_normal,0,0,65535_65535,2,37,5579280,27,1,1,1,4,27,28,1,1,allocated
71,9236,greenran_normal,0,0,65535_65535,2,41,5579280,19,1,1,0,3,0,28,1,1,pre_allocation
71,9236,greenran_normal,0,0,65535_65535,2,41,5579280,27,1,1,1,4,27,28,1,1,allocated
71,9236,greenran_normal,0,0,65535_65535,2,56,5579277,19,1,1,0,3,0,28,1,1,pre_allocation
71,9236,greenran_normal,0,0,65535_65535,2,56,5579277,27,1,1,1,4,27,28,1,1,allocated
71,9236,greenran_normal,0,0,65535_65535,2,57,5579277,19,1,1,0,3,0,28,1,1,pre_allocation
71,9236,greenran_normal,0,0,65535_65535,2,57,5579277,27,1,1,1,4,27,28,1,1,allocated
71,9236,greenran_normal,0,0,65535_65535,2,40,5579279,19,1,1,0,3,0,28,1,1,pre_allocation
71,9236,greenran_normal,0,0,65535_65535,2,40,5579279,27,1,1,1,4,27,28,1,1,allocated
71,9236,greenran_normal,0,0,65535_65535,2,38,5581896,1,1,1,0,4,0,2,1,1,pre_allocation
71,9236,greenran_normal,0,0,65535_65535,2,38,5581896,1,1,1,1,5,1,2,1,1,allocated
71,9236,greenran_normal,0,0,65535_65535,2,60,5581562,7,1,1,0,4,0,14,1,1,pre_allocation
71,9236,greenran_normal,0,0,65535_65535,2,60,5581562,10,1,1,1,5,10,14,1,1,allocated
71,9236,greenran_normal,0,0,65535_65535,2,64,5581203,10,1,1,0,4,0,16,1,1,pre_allocation
71,9236,greenran_normal,0,0,65535_65535,2,64,5581203,13,1,1,1,5,13,16,1,1,allocated
71,9236,greenran_normal,0,0,65535_65535,2,43,5580529,7,1,1,0,4,0,14,1,1,pre_allocation
71,9236,greenran_normal,0,0,65535_65535,2,43,5580529,10,1,1,1,5,10,14,1,1,allocated
71,9236,greenran_normal,0,0,65535_65535,2,42,5579925,21,1,1,0,4,0,24,1,1,pre_allocation
71,9236,greenran_normal,0,0,65535_65535,2,42,5579925,27,1,1,1,5,27,24,1,1,allocated
71,9236,greenran_normal,0,0,65535_65535,2,36,5579414,25,1,1,0,4,0,26,1,1,pre_allocation
71,9236,greenran_normal,0,0,65535_65535,2,36,5579414,32,1,1,1,5,32,26,1,1,allocated
71,9236,greenran_normal,0,0,65535_65535,2,59,5579377,21,1,1,0,4,0,24,1,1,pre_allocation
71,9236,greenran_normal,0,0,65535_65535,2,59,5579377,27,1,1,1,5,27,24,1,1,allocated
71,9236,greenran_normal,0,0,65535_65535,2,58,5579381,25,1,1,0,4,0,26,1,1,pre_allocation
71,9236,greenran_normal,0,0,65535_65535,2,58,5579381,32,1,1,1,5,32,26,1,1,allocated
71,9236,greenran_normal,0,0,65535_65535,2,39,5579295,27,1,1,0,4,0,28,1,1,pre_allocation
71,9236,greenran_normal,0,0,65535_65535,2,39,5579295,34,1,1,1,5,34,28,1,1,allocated
71,9236,greenran_normal,0,0,65535_65535,2,63,5579283,27,1,1,0,4,0,28,1,1,pre_allocation
71,9236,greenran_normal,0,0,65535_65535,2,63,5579283,34,1,1,1,5,34,28,1,1,allocated
71,9236,greenran_normal,0,0,65535_65535,2,62,5579283,27,1,1,0,4,0,28,1,1,pre_allocation
71,9236,greenran_normal,0,0,65535_65535,2,62,5579283,34,1,1,1,5,34,28,1,1,allocated
71,9236,greenran_normal,0,0,65535_65535,2,61,5579282,27,1,1,0,4,0,28,1,1,pre_allocation
71,9236,greenran_normal,0,0,65535_65535,2,61,5579282,34,1,1,1,5,34,28,1,1,allocated
71,9236,greenran_normal,0,0,65535_65535,2,44,5579278,27,1,1,0,4,0,28,1,1,pre_allocation
71,9236,greenran_normal,0,0,65535_65535,2,44,5579278,34,1,1,1,5,34,28,1,1,allocated
71,9236,greenran_normal,0,0,65535_65535,2,55,5579278,27,1,1,0,4,0,28,1,1,pre_allocation
71,9236,greenran_normal,0,0,65535_65535,2,55,5579278,34,1,1,1,5,34,28,1,1,allocated
71,9236,greenran_normal,0,0,65535_65535,2,35,5579277,27,1,1,0,4,0,28,1,1,pre_allocation
71,9236,greenran_normal,0,0,65535_65535,2,35,5579277,34,1,1,1,5,34,28,1,1,allocated
71,9236,greenran_normal,0,0,65535_65535,2,37,5579280,27,1,1,0,4,0,28,1,1,pre_allocation
71,9236,greenran_normal,0,0,65535_65535,2,37,5579280,34,1,1,1,5,34,28,1,1,allocated
71,9236,greenran_normal,0,0,65535_65535,2,41,5579280,27,1,1,0,4,0,28,1,1,pre_allocation
71,9236,greenran_normal,0,0,65535_65535,2,41,5579280,34,1,1,1,5,34,28,1,1,allocated
71,9236,greenran_normal,0,0,65535_65535,2,56,5579277,27,1,1,0,4,0,28,1,1,pre_allocation
71,9236,greenran_normal,0,0,65535_65535,2,56,5579277,34,1,1,1,5,34,28,1,1,allocated
71,9236,greenran_normal,0,0,65535_65535,2,57,5579277,27,1,1,0,4,0,28,1,1,pre_allocation
71,9236,greenran_normal,0,0,65535_65535,2,57,5579277,34,1,1,1,5,34,28,1,1,allocated
71,9236,greenran_normal,0,0,65535_65535,2,40,5579279,27,1,1,0,4,0,28,1,1,pre_allocation
71,9236,greenran_normal,0,0,65535_65535,2,40,5579279,34,1,1,1,5,34,28,1,1,allocated
71,9236,greenran_normal,0,0,65535_65535,2,38,5581896,1,1,1,0,5,0,2,1,1,pre_allocation
71,9236,greenran_normal,0,0,65535_65535,2,38,5581896,1,1,1,1,6,1,2,1,1,allocated
71,9236,greenran_normal,0,0,65535_65535,2,60,5581562,10,1,1,0,5,0,14,1,1,pre_allocation
71,9236,greenran_normal,0,0,65535_65535,2,60,5581562,12,1,1,1,6,12,14,1,1,allocated
71,9236,greenran_normal,0,0,65535_65535,2,64,5581203,13,1,1,0,5,0,16,1,1,pre_allocation
71,9236,greenran_normal,0,0,65535_65535,2,64,5581203,16,1,1,1,6,16,16,1,1,allocated
71,9236,greenran_normal,0,0,65535_65535,2,43,5580529,10,1,1,0,5,0,14,1,1,pre_allocation
71,9236,greenran_normal,0,0,65535_65535,2,43,5580529,12,1,1,1,6,12,14,1,1,allocated
71,9236,greenran_normal,0,0,65535_65535,2,42,5579925,27,1,1,0,5,0,24,1,1,pre_allocation
71,9236,greenran_normal,0,0,65535_65535,2,42,5579925,34,1,1,1,6,34,24,1,1,allocated
71,9236,greenran_normal,0,0,65535_65535,2,36,5579414,32,1,1,0,5,0,26,1,1,pre_allocation
71,9236,greenran_normal,0,0,65535_65535,2,36,5579414,39,1,1,1,6,39,26,1,1,allocated
71,9236,greenran_normal,0,0,65535_65535,2,59,5579377,27,1,1,0,5,0,24,1,1,pre_allocation
71,9236,greenran_normal,0,0,65535_65535,2,59,5579377,34,1,1,1,6,34,24,1,1,allocated
71,9236,greenran_normal,0,0,65535_65535,2,58,5579381,32,1,1,0,5,0,26,1,1,pre_allocation
71,9236,greenran_normal,0,0,65535_65535,2,58,5579381,39,1,1,1,6,39,26,1,1,allocated
71,9236,greenran_normal,0,0,65535_65535,2,39,5579295,34,1,1,0,5,0,28,1,1,pre_allocation
71,9236,greenran_normal,0,0,65535_65535,2,39,5579295,42,1,1,1,6,42,28,1,1,allocated
71,9236,greenran_normal,0,0,65535_65535,2,63,5579283,34,1,1,0,5,0,28,1,1,pre_allocation
71,9236,greenran_normal,0,0,65535_65535,2,63,5579283,42,1,1,1,6,42,28,1,1,allocated
71,9236,greenran_normal,0,0,65535_65535,2,62,5579283,34,1,1,0,5,0,28,1,1,pre_allocation
71,9236,greenran_normal,0,0,65535_65535,2,62,5579283,42,1,1,1,6,42,28,1,1,allocated
71,9236,greenran_normal,0,0,65535_65535,2,61,5579282,34,1,1,0,5,0,28,1,1,pre_allocation
71,9236,greenran_normal,0,0,65535_65535,2,61,5579282,42,1,1,1,6,42,28,1,1,allocated
71,9236,greenran_normal,0,0,65535_65535,2,44,5579278,34,1,1,0,5,0,28,1,1,pre_allocation
71,9236,greenran_normal,0,0,65535_65535,2,44,5579278,42,1,1,1,6,42,28,1,1,allocated
71,9236,greenran_normal,0,0,65535_65535,2,55,5579278,34,1,1,0,5,0,28,1,1,pre_allocation
71,9236,greenran_normal,0,0,65535_65535,2,55,5579278,42,1,1,1,6,42,28,1,1,allocated
71,9236,greenran_normal,0,0,65535_65535,2,35,5579277,34,1,1,0,5,0,28,1,1,pre_allocation
71,9236,greenran_normal,0,0,65535_65535,2,35,5579277,42,1,1,1,6,42,28,1,1,allocated
71,9236,greenran_normal,0,0,65535_65535,2,37,5579280,34,1,1,0,5,0,28,1,1,pre_allocation
71,9236,greenran_normal,0,0,65535_65535,2,37,5579280,42,1,1,1,6,42,28,1,1,allocated
71,9236,greenran_normal,0,0,65535_65535,2,41,5579280,34,1,1,0,5,0,28,1,1,pre_allocation
71,9236,greenran_normal,0,0,65535_65535,2,41,5579280,42,1,1,1,6,42,28,1,1,allocated
71,9236,greenran_normal,0,0,65535_65535,2,56,5579277,34,1,1,0,5,0,28,1,1,pre_allocation
71,9236,greenran_normal,0,0,65535_65535,2,56,5579277,42,1,1,1,6,42,28,1,1,allocated
71,9236,greenran_normal,0,0,65535_65535,2,57,5579277,34,1,1,0,5,0,28,1,1,pre_allocation
71,9236,greenran_normal,0,0,65535_65535,2,57,5579277,42,1,1,1,6,42,28,1,1,allocated
71,9236,greenran_normal,0,0,65535_65535,2,40,5579279,34,1,1,0,5,0,28,1,1,pre_allocation
71,9236,greenran_normal,0,0,65535_65535,2,40,5579279,42,1,1,1,6,42,28,1,1,allocated
71,9236,greenran_normal,0,0,65535_65535,2,38,5581896,1,1,1,0,6,0,2,1,1,pre_allocation
71,9236,greenran_normal,0,0,65535_65535,2,38,5581896,2,1,1,1,7,2,2,1,1,allocated
71,9236,greenran_normal,0,0,65535_65535,2,60,5581562,12,1,1,0,6,0,14,1,1,pre_allocation
71,9236,greenran_normal,0,0,65535_65535,2,60,5581562,15,1,1,1,7,15,14,1,1,allocated
71,9236,greenran_normal,0,0,65535_65535,2,64,5581203,16,1,1,0,6,0,16,1,1,pre_allocation
71,9236,greenran_normal,0,0,65535_65535,2,64,5581203,20,1,1,1,7,20,16,1,1,allocated
71,9236,greenran_normal,0,0,65535_65535,2,43,5580529,12,1,1,0,6,0,14,1,1,pre_allocation
71,9236,greenran_normal,0,0,65535_65535,2,43,5580529,15,1,1,1,7,15,14,1,1,allocated
71,9236,greenran_normal,0,0,65535_65535,2,42,5579925,34,1,1,0,6,0,24,1,1,pre_allocation
71,9236,greenran_normal,0,0,65535_65535,2,42,5579925,40,1,1,1,7,40,24,1,1,allocated
71,9236,greenran_normal,0,0,65535_65535,2,36,5579414,39,1,1,0,6,0,26,1,1,pre_allocation
71,9236,greenran_normal,0,0,65535_65535,2,36,5579414,46,1,1,1,7,46,26,1,1,allocated
71,9236,greenran_normal,0,0,65535_65535,2,59,5579377,34,1,1,0,6,0,24,1,1,pre_allocation
71,9236,greenran_normal,0,0,65535_65535,2,59,5579377,40,1,1,1,7,40,24,1,1,allocated
71,9236,greenran_normal,0,0,65535_65535,2,58,5579381,39,1,1,0,6,0,26,1,1,pre_allocation
71,9236,greenran_normal,0,0,65535_65535,2,58,5579381,46,1,1,1,7,46,26,1,1,allocated
71,9236,greenran_normal,0,0,65535_65535,2,39,5579295,42,1,1,0,6,0,28,1,1,pre_allocation
71,9236,greenran_normal,0,0,65535_65535,2,39,5579295,50,1,1,1,7,50,28,1,1,allocated
71,9236,greenran_normal,0,0,65535_65535,2,63,5579283,42,1,1,0,6,0,28,1,1,pre_allocation
71,9236,greenran_normal,0,0,65535_65535,2,63,5579283,50,1,1,1,7,50,28,1,1,allocated
71,9236,greenran_normal,0,0,65535_65535,2,62,5579283,42,1,1,0,6,0,28,1,1,pre_allocation
71,9236,greenran_normal,0,0,65535_65535,2,62,5579283,50,1,1,1,7,50,28,1,1,allocated
71,9236,greenran_normal,0,0,65535_65535,2,61,5579282,42,1,1,0,6,0,28,1,1,pre_allocation
71,9236,greenran_normal,0,0,65535_65535,2,61,5579282,50,1,1,1,7,50,28,1,1,allocated
71,9236,greenran_normal,0,0,65535_65535,2,44,5579278,42,1,1,0,6,0,28,1,1,pre_allocation
71,9236,greenran_normal,0,0,65535_65535,2,44,5579278,50,1,1,1,7,50,28,1,1,allocated
71,9236,greenran_normal,0,0,65535_65535,2,55,5579278,42,1,1,0,6,0,28,1,1,pre_allocation
71,9236,greenran_normal,0,0,65535_65535,2,55,5579278,50,1,1,1,7,50,28,1,1,allocated
71,9236,greenran_normal,0,0,65535_65535,2,35,5579277,42,1,1,0,6,0,28,1,1,pre_allocation
71,9236,greenran_normal,0,0,65535_65535,2,35,5579277,50,1,1,1,7,50,28,1,1,allocated
71,9236,greenran_normal,0,0,65535_65535,2,37,5579280,42,1,1,0,6,0,28,1,1,pre_allocation
71,9236,greenran_normal,0,0,65535_65535,2,37,5579280,50,1,1,1,7,50,28,1,1,allocated
71,9236,greenran_normal,0,0,65535_65535,2,41,5579280,42,1,1,0,6,0,28,1,1,pre_allocation
71,9236,greenran_normal,0,0,65535_65535,2,41,5579280,50,1,1,1,7,50,28,1,1,allocated
71,9236,greenran_normal,0,0,65535_65535,2,56,5579277,42,1,1,0,6,0,28,1,1,pre_allocation
71,9236,greenran_normal,0,0,65535_65535,2,56,5579277,50,1,1,1,7,50,28,1,1,allocated
71,9236,greenran_normal,0,0,65535_65535,2,57,5579277,42,1,1,0,6,0,28,1,1,pre_allocation
71,9236,greenran_normal,0,0,65535_65535,2,57,5579277,50,1,1,1,7,50,28,1,1,allocated
71,9236,greenran_normal,0,0,65535_65535,2,40,5579279,42,1,1,0,6,0,28,1,1,pre_allocation
71,9236,greenran_normal,0,0,65535_65535,2,40,5579279,50,1,1,1,7,50,28,1,1,allocated
71,9236,greenran_normal,0,0,65535_65535,2,38,5581896,2,1,1,0,7,0,2,1,1,pre_allocation
71,9236,greenran_normal,0,0,65535_65535,2,38,5581896,2,1,1,1,8,2,2,1,1,allocated
71,9236,greenran_normal,0,0,65535_65535,2,60,5581562,15,1,1,0,7,0,14,1,1,pre_allocation
71,9236,greenran_normal,0,0,65535_65535,2,60,5581562,18,1,1,1,8,18,14,1,1,allocated
71,9236,greenran_normal,0,0,65535_65535,2,64,5581203,20,1,1,0,7,0,16,1,1,pre_allocation
71,9236,greenran_normal,0,0,65535_65535,2,64,5581203,23,1,1,1,8,23,16,1,1,allocated
71,9236,greenran_normal,0,0,65535_65535,2,43,5580529,15,1,1,0,7,0,14,1,1,pre_allocation
71,9236,greenran_normal,0,0,65535_65535,2,43,5580529,18,1,1,1,8,18,14,1,1,allocated
71,9236,greenran_normal,0,0,65535_65535,2,42,5579925,40,1,1,0,7,0,24,1,1,pre_allocation
71,9236,greenran_normal,0,0,65535_65535,2,42,5579925,46,1,1,1,8,46,24,1,1,allocated
71,9236,greenran_normal,0,0,65535_65535,2,36,5579414,46,1,1,0,7,0,26,1,1,pre_allocation
71,9236,greenran_normal,0,0,65535_65535,2,36,5579414,53,1,1,1,8,53,26,1,1,allocated
71,9236,greenran_normal,0,0,65535_65535,2,59,5579377,40,1,1,0,7,0,24,1,1,pre_allocation
71,9236,greenran_normal,0,0,65535_65535,2,59,5579377,46,1,1,1,8,46,24,1,1,allocated
71,9236,greenran_normal,0,0,65535_65535,2,58,5579381,46,1,1,0,7,0,26,1,1,pre_allocation
71,9236,greenran_normal,0,0,65535_65535,2,58,5579381,53,1,1,1,8,53,26,1,1,allocated
71,9236,greenran_normal,0,0,65535_65535,2,39,5579295,50,1,1,0,7,0,28,1,1,pre_allocation
71,9236,greenran_normal,0,0,65535_65535,2,39,5579295,57,1,1,1,8,57,28,1,1,allocated
71,9236,greenran_normal,0,0,65535_65535,2,63,5579283,50,1,1,0,7,0,28,1,1,pre_allocation
71,9236,greenran_normal,0,0,65535_65535,2,63,5579283,57,1,1,1,8,57,28,1,1,allocated
71,9236,greenran_normal,0,0,65535_65535,2,62,5579283,50,1,1,0,7,0,28,1,1,pre_allocation
71,9236,greenran_normal,0,0,65535_65535,2,62,5579283,57,1,1,1,8,57,28,1,1,allocated
73,9516,greenran_normal,0,0,65535_65535,0,4,178766,0,1,1,0,0,0,24,1,1,pre_allocation
73,9516,greenran_normal,0,0,65535_65535,0,4,178766,3,1,1,1,1,3,24,1,1,allocated
73,9516,greenran_normal,0,0,65535_65535,0,3,175732,0,1,1,0,0,0,28,1,1,pre_allocation
73,9516,greenran_normal,0,0,65535_65535,0,3,175732,4,1,1,1,1,4,28,1,1,allocated
73,9516,greenran_normal,0,0,65535_65535,0,1,175734,0,1,1,0,0,0,28,1,1,pre_allocation
73,9516,greenran_normal,0,0,65535_65535,0,1,175734,4,1,1,1,1,4,28,1,1,allocated
73,9516,greenran_normal,0,0,65535_65535,0,2,175734,0,1,1,0,0,0,28,1,1,pre_allocation
73,9516,greenran_normal,0,0,65535_65535,0,2,175734,4,1,1,1,1,4,28,1,1,allocated
73,9516,greenran_normal,0,0,65535_65535,0,5,175727,0,1,1,0,0,0,28,1,1,pre_allocation
73,9516,greenran_normal,0,0,65535_65535,0,5,175727,4,1,1,1,1,4,28,1,1,allocated
73,9516,greenran_normal,0,0,65535_65535,0,4,178766,3,1,1,0,1,0,24,1,1,pre_allocation
73,9516,greenran_normal,0,0,65535_65535,0,4,178766,9,1,1,1,2,9,24,1,1,allocated
73,9516,greenran_normal,0,0,65535_65535,0,3,175732,4,1,1,0,1,0,28,1,1,pre_allocation
73,9516,greenran_normal,0,0,65535_65535,0,3,175732,12,1,1,1,2,12,28,1,1,allocated
73,9516,greenran_normal,0,0,65535_65535,0,1,175734,4,1,1,0,1,0,28,1,1,pre_allocation
73,9516,greenran_normal,0,0,65535_65535,0,1,175734,12,1,1,1,2,12,28,1,1,allocated
73,9516,greenran_normal,0,0,65535_65535,0,2,175734,4,1,1,0,1,0,28,1,1,pre_allocation
73,9516,greenran_normal,0,0,65535_65535,0,2,175734,12,1,1,1,2,12,28,1,1,allocated
73,9516,greenran_normal,0,0,65535_65535,0,5,175727,4,1,1,0,1,0,28,1,1,pre_allocation
73,9516,greenran_normal,0,0,65535_65535,0,5,175727,12,1,1,1,2,12,28,1,1,allocated
73,9516,greenran_normal,0,0,65535_65535,0,4,178766,9,1,1,0,2,0,24,1,1,pre_allocation
73,9516,greenran_normal,0,0,65535_65535,0,4,178766,15,1,1,1,3,15,24,1,1,allocated
73,9516,greenran_normal,0,0,65535_65535,0,3,175732,12,1,1,0,2,0,28,1,1,pre_allocation
73,9516,greenran_normal,0,0,65535_65535,0,3,175732,19,1,1,1,3,19,28,1,1,allocated
73,9516,greenran_normal,0,0,65535_65535,0,1,175734,12,1,1,0,2,0,28,1,1,pre_allocation
73,9516,greenran_normal,0,0,65535_65535,0,1,175734,19,1,1,1,3,19,28,1,1,allocated
73,9516,greenran_normal,0,0,65535_65535,0,2,175734,12,1,1,0,2,0,28,1,1,pre_allocation
73,9516,greenran_normal,0,0,65535_65535,0,2,175734,19,1,1,1,3,19,28,1,1,allocated
73,9516,greenran_normal,0,0,65535_65535,0,5,175727,12,1,1,0,2,0,28,1,1,pre_allocation
73,9516,greenran_normal,0,0,65535_65535,0,5,175727,19,1,1,1,3,19,28,1,1,allocated
73,9516,greenran_normal,0,0,65535_65535,0,4,178766,15,1,1,0,3,0,24,1,1,pre_allocation
73,9516,greenran_normal,0,0,65535_65535,0,4,178766,21,1,1,1,4,21,24,1,1,allocated
73,9516,greenran_normal,0,0,65535_65535,0,3,175732,19,1,1,0,3,0,28,1,1,pre_allocation
73,9516,greenran_normal,0,0,65535_65535,0,3,175732,27,1,1,1,4,27,28,1,1,allocated
73,9516,greenran_normal,0,0,65535_65535,0,1,175734,19,1,1,0,3,0,28,1,1,pre_allocation
73,9516,greenran_normal,0,0,65535_65535,0,1,175734,27,1,1,1,4,27,28,1,1,allocated
73,9516,greenran_normal,0,0,65535_65535,0,2,175734,19,1,1,0,3,0,28,1,1,pre_allocation
73,9516,greenran_normal,0,0,65535_65535,0,2,175734,27,1,1,1,4,27,28,1,1,allocated
73,9516,greenran_normal,0,0,65535_65535,0,5,175727,19,1,1,0,3,0,28,1,1,pre_allocation
73,9516,greenran_normal,0,0,65535_65535,0,5,175727,27,1,1,1,4,27,28,1,1,allocated
73,9516,greenran_normal,0,0,65535_65535,0,4,178766,21,1,1,0,4,0,24,1,1,pre_allocation
73,9516,greenran_normal,0,0,65535_65535,0,4,178766,27,1,1,1,5,27,24,1,1,allocated
73,9516,greenran_normal,0,0,65535_65535,0,3,175732,27,1,1,0,4,0,28,1,1,pre_allocation
73,9516,greenran_normal,0,0,65535_65535,0,3,175732,34,1,1,1,5,34,28,1,1,allocated
73,9516,greenran_normal,0,0,65535_65535,0,1,175734,27,1,1,0,4,0,28,1,1,pre_allocation
73,9516,greenran_normal,0,0,65535_65535,0,1,175734,34,1,1,1,5,34,28,1,1,allocated
73,9516,greenran_normal,0,0,65535_65535,0,2,175734,27,1,1,0,4,0,28,1,1,pre_allocation
73,9516,greenran_normal,0,0,65535_65535,0,2,175734,34,1,1,1,5,34,28,1,1,allocated
73,9516,greenran_normal,0,0,65535_65535,0,5,175727,27,1,1,0,4,0,28,1,1,pre_allocation
73,9516,greenran_normal,0,0,65535_65535,0,5,175727,34,1,1,1,5,34,28,1,1,allocated
73,9516,greenran_normal,0,0,65535_65535,0,4,178766,27,1,1,0,5,0,24,1,1,pre_allocation
73,9516,greenran_normal,0,0,65535_65535,0,4,178766,34,1,1,1,6,34,24,1,1,allocated
73,9516,greenran_normal,0,0,65535_65535,0,3,175732,34,1,1,0,5,0,28,1,1,pre_allocation
73,9516,greenran_normal,0,0,65535_65535,0,3,175732,42,1,1,1,6,42,28,1,1,allocated
73,9516,greenran_normal,0,0,65535_65535,0,1,175734,34,1,1,0,5,0,28,1,1,pre_allocation
73,9516,greenran_normal,0,0,65535_65535,0,1,175734,42,1,1,1,6,42,28,1,1,allocated
73,9516,greenran_normal,0,0,65535_65535,0,2,175734,34,1,1,0,5,0,28,1,1,pre_allocation
73,9516,greenran_normal,0,0,65535_65535,0,2,175734,42,1,1,1,6,42,28,1,1,allocated
73,9516,greenran_normal,0,0,65535_65535,0,5,175727,34,1,1,0,5,0,28,1,1,pre_allocation
73,9516,greenran_normal,0,0,65535_65535,0,5,175727,42,1,1,1,6,42,28,1,1,allocated
73,9516,greenran_normal,0,0,65535_65535,0,4,178766,34,1,1,0,6,0,24,1,1,pre_allocation
73,9516,greenran_normal,0,0,65535_65535,0,4,178766,40,1,1,1,7,40,24,1,1,allocated
73,9516,greenran_normal,0,0,65535_65535,0,3,175732,42,1,1,0,6,0,28,1,1,pre_allocation
73,9516,greenran_normal,0,0,65535_65535,0,3,175732,50,1,1,1,7,50,28,1,1,allocated
73,9516,greenran_normal,0,0,65535_65535,0,1,175734,42,1,1,0,6,0,28,1,1,pre_allocation
73,9516,greenran_normal,0,0,65535_65535,0,1,175734,50,1,1,1,7,50,28,1,1,allocated
73,9516,greenran_normal,0,0,65535_65535,0,2,175734,42,1,1,0,6,0,28,1,1,pre_allocation
73,9516,greenran_normal,0,0,65535_65535,0,2,175734,50,1,1,1,7,50,28,1,1,allocated
73,9516,greenran_normal,0,0,65535_65535,0,5,175727,42,1,1,0,6,0,28,1,1,pre_allocation
73,9516,greenran_normal,0,0,65535_65535,0,5,175727,50,1,1,1,7,50,28,1,1,allocated
73,9516,greenran_normal,0,0,65535_65535,0,4,178766,40,1,1,0,7,0,24,1,1,pre_allocation
73,9516,greenran_normal,0,0,65535_65535,0,4,178766,46,1,1,1,8,46,24,1,1,allocated
73,9516,greenran_normal,0,0,65535_65535,0,3,175732,50,1,1,0,7,0,28,1,1,pre_allocation
73,9516,greenran_normal,0,0,65535_65535,0,3,175732,57,1,1,1,8,57,28,1,1,allocated
73,9516,greenran_normal,0,0,65535_65535,0,1,175734,50,1,1,0,7,0,28,1,1,pre_allocation
73,9516,greenran_normal,0,0,65535_65535,0,1,175734,57,1,1,1,8,57,28,1,1,allocated
73,9516,greenran_normal,0,0,65535_65535,0,2,175734,50,1,1,0,7,0,28,1,1,pre_allocation
73,9516,greenran_normal,0,0,65535_65535,0,2,175734,57,1,1,1,8,57,28,1,1,allocated
73,9516,greenran_normal,0,0,65535_65535,0,5,175727,50,1,1,0,7,0,28,1,1,pre_allocation
73,9516,greenran_normal,0,0,65535_65535,0,5,175727,57,1,1,1,8,57,28,1,1,allocated
73,9516,greenran_normal,0,0,65535_65535,0,4,178766,46,1,1,0,8,0,24,1,1,pre_allocation
73,9516,greenran_normal,0,0,65535_65535,0,4,178766,52,1,1,1,9,52,24,1,1,allocated
73,9516,greenran_normal,0,0,65535_65535,0,3,175732,57,1,1,0,8,0,28,1,1,pre_allocation
73,9516,greenran_normal,0,0,65535_65535,0,3,175732,65,1,1,1,9,65,28,1,1,allocated
73,9516,greenran_normal,0,0,65535_65535,0,1,175734,57,1,1,0,8,0,28,1,1,pre_allocation
73,9516,greenran_normal,0,0,65535_65535,0,1,175734,65,1,1,1,9,65,28,1,1,allocated
73,9516,greenran_normal,0,0,65535_65535,0,2,175734,57,1,1,0,8,0,28,1,1,pre_allocation
73,9516,greenran_normal,0,0,65535_65535,0,2,175734,65,1,1,1,9,65,28,1,1,allocated
73,9516,greenran_normal,0,0,65535_65535,0,5,175727,57,1,1,0,8,0,28,1,1,pre_allocation
73,9516,greenran_normal,0,0,65535_65535,0,5,175727,65,1,1,1,9,65,28,1,1,allocated
73,9516,greenran_normal,0,0,65535_65535,0,4,178766,52,1,1,0,9,0,24,1,1,pre_allocation
73,9516,greenran_normal,0,0,65535_65535,0,4,178766,58,1,1,1,10,58,24,1,1,allocated
73,9516,greenran_normal,0,0,65535_65535,0,3,175732,65,1,1,0,9,0,28,1,1,pre_allocation
73,9516,greenran_normal,0,0,65535_65535,0,3,175732,72,1,1,1,10,72,28,1,1,allocated
73,9516,greenran_normal,0,0,65535_65535,0,1,175734,65,1,1,0,9,0,28,1,1,pre_allocation
73,9516,greenran_normal,0,0,65535_65535,0,1,175734,72,1,1,1,10,72,28,1,1,allocated
73,9516,greenran_normal,0,0,65535_65535,0,2,175734,65,1,1,0,9,0,28,1,1,pre_allocation
73,9516,greenran_normal,0,0,65535_65535,0,2,175734,72,1,1,1,10,72,28,1,1,allocated
73,9516,greenran_normal,0,0,65535_65535,0,5,175727,65,1,1,0,9,0,28,1,1,pre_allocation
73,9516,greenran_normal,0,0,65535_65535,0,5,175727,72,1,1,1,10,72,28,1,1,allocated
73,9516,greenran_normal,0,0,65535_65535,0,4,178766,58,1,1,0,10,0,24,1,1,pre_allocation
73,9516,greenran_normal,0,0,65535_65535,0,4,178766,65,1,1,1,11,65,24,1,1,allocated
73,9516,greenran_normal,0,0,65535_65535,0,3,175732,72,1,1,0,10,0,28,1,1,pre_allocation
73,9516,greenran_normal,0,0,65535_65535,0,3,175732,80,1,1,1,11,80,28,1,1,allocated
73,9516,greenran_normal,0,0,65535_65535,0,1,175734,72,1,1,0,10,0,28,1,1,pre_allocation
73,9516,greenran_normal,0,0,65535_65535,0,1,175734,80,1,1,1,11,80,28,1,1,allocated
73,9516,greenran_normal,0,0,65535_65535,0,2,175734,72,1,1,0,10,0,28,1,1,pre_allocation
73,9516,greenran_normal,0,0,65535_65535,0,2,175734,80,1,1,1,11,80,28,1,1,allocated
73,9516,greenran_normal,0,0,65535_65535,0,5,175727,72,1,1,0,10,0,28,1,1,pre_allocation
73,9516,greenran_normal,0,0,65535_65535,0,5,175727,80,1,1,1,11,80,28,1,1,allocated
73,9516,greenran_normal,0,0,65535_65535,0,4,178766,65,1,1,0,11,0,24,1,1,pre_allocation
73,9516,greenran_normal,0,0,65535_65535,0,4,178766,71,1,1,1,12,71,24,1,1,allocated
73,9516,greenran_normal,0,0,65535_65535,0,3,175732,80,1,1,0,11,0,28,1,1,pre_allocation
73,9516,greenran_normal,0,0,65535_65535,0,3,175732,88,1,1,1,12,88,28,1,1,allocated
73,9516,greenran_normal,0,0,65535_65535,0,1,175734,80,1,1,0,11,0,28,1,1,pre_allocation
73,9516,greenran_normal,0,0,65535_65535,0,1,175734,88,1,1,1,12,88,28,1,1,allocated
73,9516,greenran_normal,0,0,65535_65535,0,2,175734,80,1,1,0,11,0,28,1,1,pre_allocation
73,9516,greenran_normal,0,0,65535_65535,0,2,175734,88,1,1,1,12,88,28,1,1,allocated
73,9516,greenran_normal,0,0,65535_65535,0,5,175727,80,1,1,0,11,0,28,1,1,pre_allocation
73,9516,greenran_normal,0,0,65535_65535,0,5,175727,88,1,1,1,12,88,28,1,1,allocated
73,9516,greenran_normal,0,0,65535_65535,0,4,178766,71,1,1,0,12,0,24,1,1,pre_allocation
73,9516,greenran_normal,0,0,65535_65535,0,4,178766,77,1,1,1,13,77,24,1,1,allocated
73,9516,greenran_normal,0,0,65535_65535,0,3,175732,88,1,1,0,12,0,28,1,1,pre_allocation
73,9516,greenran_normal,0,0,65535_65535,0,3,175732,95,1,1,1,13,95,28,1,1,allocated
73,9516,greenran_normal,0,0,65535_65535,0,1,175734,88,1,1,0,12,0,28,1,1,pre_allocation
73,9516,greenran_normal,0,0,65535_65535,0,1,175734,95,1,1,1,13,95,28,1,1,allocated
73,9516,greenran_normal,0,0,65535_65535,0,2,175734,88,1,1,0,12,0,28,1,1,pre_allocation
73,9516,greenran_normal,0,0,65535_65535,0,2,175734,95,1,1,1,13,95,28,1,1,allocated
73,9516,greenran_normal,0,0,65535_65535,0,5,175727,88,1,1,0,12,0,28,1,1,pre_allocation
73,9516,greenran_normal,0,0,65535_65535,0,5,175727,95,1,1,1,13,95,28,1,1,allocated
73,9516,greenran_normal,0,0,65535_65535,0,4,178766,77,1,1,0,13,0,24,1,1,pre_allocation
73,9516,greenran_normal,0,0,65535_65535,0,4,178766,83,1,1,1,14,83,24,1,1,allocated
73,9516,greenran_normal,0,0,65535_65535,0,3,175732,95,1,1,0,13,0,28,1,1,pre_allocation
73,9516,greenran_normal,0,0,65535_65535,0,3,175732,103,1,1,1,14,103,28,1,1,allocated
73,9516,greenran_normal,0,0,65535_65535,0,1,175734,95,1,1,0,13,0,28,1,1,pre_allocation
73,9516,greenran_normal,0,0,65535_65535,0,1,175734,103,1,1,1,14,103,28,1,1,allocated
73,9516,greenran_normal,0,0,65535_65535,0,2,175734,95,1,1,0,13,0,28,1,1,pre_allocation
73,9516,greenran_normal,0,0,65535_65535,0,2,175734,103,1,1,1,14,103,28,1,1,allocated
73,9516,greenran_normal,0,0,65535_65535,0,5,175727,95,1,1,0,13,0,28,1,1,pre_allocation
73,9516,greenran_normal,0,0,65535_65535,0,5,175727,103,1,1,1,14,103,28,1,1,allocated
73,9516,greenran_normal,0,0,65535_65535,0,4,178766,83,1,1,0,14,0,24,1,1,pre_allocation
73,9516,greenran_normal,0,0,65535_65535,0,4,178766,89,1,1,1,15,89,24,1,1,allocated
73,9516,greenran_normal,0,0,65535_65535,0,3,175732,103,1,1,0,14,0,28,1,1,pre_allocation
73,9516,greenran_normal,0,0,65535_65535,0,3,175732,110,1,1,1,15,110,28,1,1,allocated
73,9516,greenran_normal,0,0,65535_65535,0,1,175734,103,1,1,0,14,0,28,1,1,pre_allocation
73,9516,greenran_normal,0,0,65535_65535,0,1,175734,110,1,1,1,15,110,28,1,1,allocated
73,9516,greenran_normal,0,0,65535_65535,0,2,175734,103,1,1,0,14,0,28,1,1,pre_allocation
73,9516,greenran_normal,0,0,65535_65535,0,2,175734,110,1,1,1,15,110,28,1,1,allocated
73,9516,greenran_normal,0,0,65535_65535,0,5,175727,103,1,1,0,14,0,28,1,1,pre_allocation
73,9516,greenran_normal,0,0,65535_65535,0,5,175727,110,1,1,1,15,110,28,1,1,allocated
73,9516,greenran_normal,0,0,65535_65535,0,4,178766,89,1,1,0,15,0,24,1,1,pre_allocation
73,9516,greenran_normal,0,0,65535_65535,0,4,178766,96,1,1,1,16,96,24,1,1,allocated
73,9516,greenran_normal,0,0,65535_65535,0,3,175732,110,1,1,0,15,0,28,1,1,pre_allocation
73,9516,greenran_normal,0,0,65535_65535,0,3,175732,118,1,1,1,16,118,28,1,1,allocated
73,9516,greenran_normal,0,0,65535_65535,0,1,175734,110,1,1,0,15,0,28,1,1,pre_allocation
73,9516,greenran_normal,0,0,65535_65535,0,1,175734,118,1,1,1,16,118,28,1,1,allocated
73,9516,greenran_normal,0,0,65535_65535,0,2,175734,110,1,1,0,15,0,28,1,1,pre_allocation
73,9516,greenran_normal,0,0,65535_65535,0,2,175734,118,1,1,1,16,118,28,1,1,allocated
73,9516,greenran_normal,0,0,65535_65535,0,5,175727,110,1,1,0,15,0,28,1,1,pre_allocation
73,9516,greenran_normal,0,0,65535_65535,0,5,175727,118,1,1,1,16,118,28,1,1,allocated
73,9516,greenran_normal,0,0,65535_65535,0,4,178766,96,1,1,0,16,0,24,1,1,pre_allocation
73,9516,greenran_normal,0,0,65535_65535,0,4,178766,102,1,1,1,17,102,24,1,1,allocated
73,9516,greenran_normal,0,0,65535_65535,0,3,175732,118,1,1,0,16,0,28,1,1,pre_allocation
73,9516,greenran_normal,0,0,65535_65535,0,3,175732,126,1,1,1,17,126,28,1,1,allocated
73,9516,greenran_normal,0,0,65535_65535,0,1,175734,118,1,1,0,16,0,28,1,1,pre_allocation
73,9516,greenran_normal,0,0,65535_65535,0,1,175734,126,1,1,1,17,126,28,1,1,allocated
73,9516,greenran_normal,0,0,65535_65535,0,2,175734,118,1,1,0,16,0,28,1,1,pre_allocation
73,9516,greenran_normal,0,0,65535_65535,0,2,175734,126,1,1,1,17,126,28,1,1,allocated
73,9516,greenran_normal,0,0,65535_65535,0,5,175727,118,1,1,0,16,0,28,1,1,pre_allocation
73,9516,greenran_normal,0,0,65535_65535,0,5,175727,126,1,1,1,17,126,28,1,1,allocated
73,9516,greenran_normal,0,0,65535_65535,0,4,178766,102,1,1,0,17,0,24,1,1,pre_allocation
73,9516,greenran_normal,0,0,65535_65535,0,4,178766,108,1,1,1,18,108,24,1,1,allocated
73,9516,greenran_normal,0,0,65535_65535,0,3,175732,126,1,1,0,17,0,28,1,1,pre_allocation
73,9516,greenran_normal,0,0,65535_65535,0,3,175732,133,1,1,1,18,133,28,1,1,allocated
73,9516,greenran_normal,0,0,65535_65535,0,1,175734,126,1,1,0,17,0,28,1,1,pre_allocation
73,9516,greenran_normal,0,0,65535_65535,0,1,175734,133,1,1,1,18,133,28,1,1,allocated
73,9516,greenran_normal,0,0,65535_65535,0,2,175734,126,1,1,0,17,0,28,1,1,pre_allocation
73,9516,greenran_normal,0,0,65535_65535,0,2,175734,133,1,1,1,18,133,28,1,1,allocated
73,9516,greenran_normal,0,0,65535_65535,0,5,175727,126,1,1,0,17,0,28,1,1,pre_allocation
73,9516,greenran_normal,0,0,65535_65535,0,5,175727,133,1,1,1,18,133,28,1,1,allocated
73,9516,greenran_normal,0,0,65535_65535,0,4,178766,108,1,1,0,18,0,24,1,1,pre_allocation
73,9516,greenran_normal,0,0,65535_65535,0,4,178766,114,1,1,1,19,114,24,1,1,allocated
73,9516,greenran_normal,0,0,65535_65535,0,3,175732,133,1,1,0,18,0,28,1,1,pre_allocation
73,9516,greenran_normal,0,0,65535_65535,0,3,175732,141,1,1,1,19,141,28,1,1,allocated
73,9516,greenran_normal,0,0,65535_65535,0,1,175734,133,1,1,0,18,0,28,1,1,pre_allocation
73,9516,greenran_normal,0,0,65535_65535,0,1,175734,141,1,1,1,19,141,28,1,1,allocated
73,9516,greenran_normal,0,0,65535_65535,0,2,175734,133,1,1,0,18,0,28,1,1,pre_allocation
73,9516,greenran_normal,0,0,65535_65535,0,2,175734,141,1,1,1,19,141,28,1,1,allocated
73,9516,greenran_normal,0,0,65535_65535,0,5,175727,133,1,1,0,18,0,28,1,1,pre_allocation
73,9516,greenran_normal,0,0,65535_65535,0,5,175727,141,1,1,1,19,141,28,1,1,allocated
73,9516,greenran_normal,0,0,65535_65535,0,4,178766,114,1,1,0,19,0,24,1,1,pre_allocation
73,9516,greenran_normal,0,0,65535_65535,0,4,178766,120,1,1,1,20,120,24,1,1,allocated
73,9516,greenran_normal,0,0,65535_65535,0,3,175732,141,1,1,0,19,0,28,1,1,pre_allocation
73,9516,greenran_normal,0,0,65535_65535,0,3,175732,148,1,1,1,20,148,28,1,1,allocated
73,9516,greenran_normal,0,0,65535_65535,0,1,175734,141,1,1,0,19,0,28,1,1,pre_allocation
73,9516,greenran_normal,0,0,65535_65535,0,1,175734,148,1,1,1,20,148,28,1,1,allocated
73,9516,greenran_normal,0,0,65535_65535,0,2,175734,141,1,1,0,19,0,28,1,1,pre_allocation
73,9516,greenran_normal,0,0,65535_65535,0,2,175734,148,1,1,1,20,148,28,1,1,allocated
73,9516,greenran_normal,0,0,65535_65535,0,5,175727,141,1,1,0,19,0,28,1,1,pre_allocation
73,9516,greenran_normal,0,0,65535_65535,0,5,175727,148,1,1,1,20,148,28,1,1,allocated
73,9516,greenran_normal,0,0,65535_65535,0,4,178766,120,1,1,0,20,0,24,1,1,pre_allocation
73,9516,greenran_normal,0,0,65535_65535,0,4,178766,126,1,1,1,21,126,24,1,1,allocated
73,9516,greenran_normal,0,0,65535_65535,0,3,175732,148,1,1,0,20,0,28,1,1,pre_allocation
73,9516,greenran_normal,0,0,65535_65535,0,3,175732,156,1,1,1,21,156,28,1,1,allocated
73,9516,greenran_normal,0,0,65535_65535,0,1,175734,148,1,1,0,20,0,28,1,1,pre_allocation
73,9516,greenran_normal,0,0,65535_65535,0,1,175734,156,1,1,1,21,156,28,1,1,allocated
73,9516,greenran_normal,0,0,65535_65535,0,2,175734,148,1,1,0,20,0,28,1,1,pre_allocation
73,9516,greenran_normal,0,0,65535_65535,0,2,175734,156,1,1,1,21,156,28,1,1,allocated
73,9516,greenran_normal,0,0,65535_65535,0,5,175727,148,1,1,0,20,0,28,1,1,pre_allocation
73,9516,greenran_normal,0,0,65535_65535,0,5,175727,156,1,1,1,21,156,28,1,1,allocated
73,9516,greenran_normal,0,0,65535_65535,0,4,178766,126,1,1,0,21,0,24,1,1,pre_allocation
73,9516,greenran_normal,0,0,65535_65535,0,4,178766,133,1,1,1,22,133,24,1,1,allocated
73,9516,greenran_normal,0,0,65535_65535,0,3,175732,156,1,1,0,21,0,28,1,1,pre_allocation
73,9516,greenran_normal,0,0,65535_65535,0,3,175732,163,1,1,1,22,163,28,1,1,allocated
73,9516,greenran_normal,0,0,65535_65535,0,1,175734,156,1,1,0,21,0,28,1,1,pre_allocation
73,9516,greenran_normal,0,0,65535_65535,0,1,175734,163,1,1,1,22,163,28,1,1,allocated
73,9516,greenran_normal,0,0,65535_65535,0,2,175734,156,1,1,0,21,0,28,1,1,pre_allocation
73,9516,greenran_normal,0,0,65535_65535,0,2,175734,163,1,1,1,22,163,28,1,1,allocated
73,9516,greenran_normal,0,0,65535_65535,0,5,175727,156,1,1,0,21,0,28,1,1,pre_allocation
73,9516,greenran_normal,0,0,65535_65535,0,5,175727,163,1,1,1,22,163,28,1,1,allocated
73,9516,greenran_normal,0,0,65535_65535,0,4,178766,133,1,1,0,22,0,24,1,1,pre_allocation
73,9516,greenran_normal,0,0,65535_65535,0,4,178766,139,1,1,1,23,139,24,1,1,allocated
73,9516,greenran_normal,0,0,65535_65535,0,3,175732,163,1,1,0,22,0,28,1,1,pre_allocation
73,9516,greenran_normal,0,0,65535_65535,0,3,175732,171,1,1,1,23,171,28,1,1,allocated
73,9516,greenran_normal,0,0,65535_65535,0,1,175734,163,1,1,0,22,0,28,1,1,pre_allocation
73,9516,greenran_normal,0,0,65535_65535,0,1,175734,171,1,1,1,23,171,28,1,1,allocated
73,9516,greenran_normal,0,0,65535_65535,0,2,175734,163,1,1,0,22,0,28,1,1,pre_allocation
73,9516,greenran_normal,0,0,65535_65535,0,2,175734,171,1,1,1,23,171,28,1,1,allocated
73,9516,greenran_normal,0,0,65535_65535,0,5,175727,163,1,1,0,22,0,28,1,1,pre_allocation
73,9516,greenran_normal,0,0,65535_65535,0,5,175727,171,1,1,1,23,171,28,1,1,allocated
73,9516,greenran_normal,0,0,65535_65535,0,4,178766,139,1,1,0,23,0,24,1,1,pre_allocation
73,9516,greenran_normal,0,0,65535_65535,0,4,178766,145,1,1,1,24,145,24,1,1,allocated
73,9516,greenran_normal,0,0,65535_65535,0,3,175732,171,1,1,0,23,0,28,1,1,pre_allocation
73,9516,greenran_normal,0,0,65535_65535,0,3,175732,179,1,1,1,24,179,28,1,1,allocated
73,9516,greenran_normal,0,0,65535_65535,0,1,175734,171,1,1,0,23,0,28,1,1,pre_allocation
73,9516,greenran_normal,0,0,65535_65535,0,1,175734,179,1,1,1,24,179,28,1,1,allocated
73,9516,greenran_normal,0,0,65535_65535,0,2,175734,171,1,1,0,23,0,28,1,1,pre_allocation
73,9516,greenran_normal,0,0,65535_65535,0,2,175734,179,1,1,1,24,179,28,1,1,allocated
73,9516,greenran_normal,0,0,65535_65535,0,5,175727,171,1,1,0,23,0,28,1,1,pre_allocation
73,9516,greenran_normal,0,0,65535_65535,0,5,175727,179,1,1,1,24,179,28,1,1,allocated
73,9516,greenran_normal,0,0,65535_65535,0,4,178766,145,1,1,0,24,0,24,1,1,pre_allocation
73,9516,greenran_normal,0,0,65535_65535,0,4,178766,151,1,1,1,25,151,24,1,1,allocated
73,9516,greenran_normal,0,0,65535_65535,0,3,175732,179,1,1,0,24,0,28,1,1,pre_allocation
73,9516,greenran_normal,0,0,65535_65535,0,3,175732,186,1,1,1,25,186,28,1,1,allocated
73,9516,greenran_normal,0,0,65535_65535,0,1,175734,179,1,1,0,24,0,28,1,1,pre_allocation
73,9516,greenran_normal,0,0,65535_65535,0,1,175734,186,1,1,1,25,186,28,1,1,allocated
73,9516,greenran_normal,0,0,65535_65535,0,2,175734,179,1,1,0,24,0,28,1,1,pre_allocation
73,9516,greenran_normal,0,0,65535_65535,0,2,175734,186,1,1,1,25,186,28,1,1,allocated
73,9516,greenran_normal,0,0,65535_65535,0,5,175727,179,1,1,0,24,0,28,1,1,pre_allocation
73,9516,greenran_normal,0,0,65535_65535,0,5,175727,186,1,1,1,25,186,28,1,1,allocated
73,9516,greenran_normal,0,0,65535_65535,0,4,178766,151,1,1,0,25,0,24,1,1,pre_allocation
73,9516,greenran_normal,0,0,65535_65535,0,4,178766,157,1,1,1,26,157,24,1,1,allocated
73,9516,greenran_normal,0,0,65535_65535,0,3,175732,186,1,1,0,25,0,28,1,1,pre_allocation
73,9516,greenran_normal,0,0,65535_65535,0,3,175732,194,1,1,1,26,194,28,1,1,allocated
73,9516,greenran_normal,0,0,65535_65535,0,1,175734,186,1,1,0,25,0,28,1,1,pre_allocation
73,9516,greenran_normal,0,0,65535_65535,0,1,175734,194,1,1,1,26,194,28,1,1,allocated
73,9516,greenran_normal,0,0,65535_65535,0,2,175734,186,1,1,0,25,0,28,1,1,pre_allocation
73,9516,greenran_normal,0,0,65535_65535,0,2,175734,194,1,1,1,26,194,28,1,1,allocated
73,9516,greenran_normal,0,0,65535_65535,0,5,175727,186,1,1,0,25,0,28,1,1,pre_allocation
73,9516,greenran_normal,0,0,65535_65535,0,5,175727,194,1,1,1,26,194,28,1,1,allocated
73,9516,greenran_normal,0,0,65535_65535,0,4,178766,157,1,1,0,26,0,24,1,1,pre_allocation
73,9516,greenran_normal,0,0,65535_65535,0,4,178766,164,1,1,1,27,164,24,1,1,allocated
73,9516,greenran_normal,0,0,65535_65535,0,3,175732,194,1,1,0,26,0,28,1,1,pre_allocation
73,9516,greenran_normal,0,0,65535_65535,0,3,175732,201,1,1,1,27,201,28,1,1,allocated
73,9516,greenran_normal,0,0,65535_65535,0,1,175734,194,1,1,0,26,0,28,1,1,pre_allocation
73,9516,greenran_normal,0,0,65535_65535,0,1,175734,201,1,1,1,27,201,28,1,1,allocated
73,9516,greenran_normal,0,0,65535_65535,0,2,175734,194,1,1,0,26,0,28,1,1,pre_allocation
73,9516,greenran_normal,0,0,65535_65535,0,2,175734,201,1,1,1,27,201,28,1,1,allocated
73,9516,greenran_normal,0,0,65535_65535,0,5,175727,194,1,1,0,26,0,28,1,1,pre_allocation
73,9516,greenran_normal,0,0,65535_65535,0,5,175727,201,1,1,1,27,201,28,1,1,allocated
73,9516,greenran_normal,0,0,65535_65535,0,4,178766,164,1,1,0,27,0,24,1,1,pre_allocation
73,9516,greenran_normal,0,0,65535_65535,0,4,178766,170,1,1,1,28,170,24,1,1,allocated
73,9516,greenran_normal,0,0,65535_65535,0,3,175732,201,1,1,0,27,0,28,1,1,pre_allocation
73,9516,greenran_normal,0,0,65535_65535,0,3,175732,209,1,1,1,28,209,28,1,1,allocated
73,9516,greenran_normal,0,0,65535_65535,0,1,175734,201,1,1,0,27,0,28,1,1,pre_allocation
73,9516,greenran_normal,0,0,65535_65535,0,1,175734,209,1,1,1,28,209,28,1,1,allocated
73,9516,greenran_normal,0,0,65535_65535,0,2,175734,201,1,1,0,27,0,28,1,1,pre_allocation
73,9516,greenran_normal,0,0,65535_65535,0,2,175734,209,1,1,1,28,209,28,1,1,allocated
73,9516,greenran_normal,0,0,65535_65535,0,5,175727,201,1,1,0,27,0,28,1,1,pre_allocation
73,9516,greenran_normal,0,0,65535_65535,0,5,175727,209,1,1,1,28,209,28,1,1,allocated
73,9516,greenran_normal,0,0,65535_65535,0,4,178766,170,1,1,0,28,0,24,1,1,pre_allocation
73,9516,greenran_normal,0,0,65535_65535,0,4,178766,176,1,1,1,29,176,24,1,1,allocated
73,9516,greenran_normal,0,0,65535_65535,0,3,175732,209,1,1,0,28,0,28,1,1,pre_allocation
73,9516,greenran_normal,0,0,65535_65535,0,3,175732,217,1,1,1,29,217,28,1,1,allocated
73,9516,greenran_normal,0,0,65535_65535,0,1,175734,209,1,1,0,28,0,28,1,1,pre_allocation
73,9516,greenran_normal,0,0,65535_65535,0,1,175734,217,1,1,1,29,217,28,1,1,allocated
73,9516,greenran_normal,0,0,65535_65535,0,2,175734,209,1,1,0,28,0,28,1,1,pre_allocation
73,9516,greenran_normal,0,0,65535_65535,0,2,175734,217,1,1,1,29,217,28,1,1,allocated
73,9516,greenran_normal,0,0,65535_65535,0,5,175727,209,1,1,0,28,0,28,1,1,pre_allocation
73,9516,greenran_normal,0,0,65535_65535,0,5,175727,217,1,1,1,29,217,28,1,1,allocated
73,9516,greenran_normal,0,0,65535_65535,2,38,5760896,0,1,1,0,0,0,15,1,1,pre_allocation
73,9516,greenran_normal,0,0,65535_65535,2,38,5760896,2,1,1,1,1,2,15,1,1,allocated
73,9516,greenran_normal,0,0,65535_65535,2,60,5760549,0,1,1,0,0,0,12,1,1,pre_allocation
73,9516,greenran_normal,0,0,65535_65535,2,60,5760549,2,1,1,1,1,2,12,1,1,allocated
73,9516,greenran_normal,0,0,65535_65535,2,64,5760171,0,1,1,0,0,0,12,1,1,pre_allocation
73,9516,greenran_normal,0,0,65535_65535,2,64,5760171,2,1,1,1,1,2,12,1,1,allocated
73,9516,greenran_normal,0,0,65535_65535,2,43,5759497,0,1,1,0,0,0,18,1,1,pre_allocation
73,9516,greenran_normal,0,0,65535_65535,2,43,5759497,0,1,1,1,1,0,18,1,1,allocated
73,9516,greenran_normal,0,0,65535_65535,2,42,5758870,0,1,1,0,0,0,24,1,1,pre_allocation
73,9516,greenran_normal,0,0,65535_65535,2,42,5758870,3,1,1,1,1,3,24,1,1,allocated
73,9516,greenran_normal,0,0,65535_65535,2,36,5758339,0,1,1,0,0,0,26,1,1,pre_allocation
73,9516,greenran_normal,0,0,65535_65535,2,36,5758339,4,1,1,1,1,4,26,1,1,allocated
73,9516,greenran_normal,0,0,65535_65535,2,59,5758307,0,1,1,0,0,0,24,1,1,pre_allocation
73,9516,greenran_normal,0,0,65535_65535,2,59,5758307,3,1,1,1,1,3,24,1,1,allocated
73,9516,greenran_normal,0,0,65535_65535,2,58,5758306,0,1,1,0,0,0,26,1,1,pre_allocation
73,9516,greenran_normal,0,0,65535_65535,2,58,5758306,4,1,1,1,1,4,26,1,1,allocated
73,9516,greenran_normal,0,0,65535_65535,2,39,5758216,0,1,1,0,0,0,28,1,1,pre_allocation
73,9516,greenran_normal,0,0,65535_65535,2,39,5758216,4,1,1,1,1,4,28,1,1,allocated
73,9516,greenran_normal,0,0,65535_65535,2,61,5758208,0,1,1,0,0,0,28,1,1,pre_allocation
73,9516,greenran_normal,0,0,65535_65535,2,61,5758208,4,1,1,1,1,4,28,1,1,allocated
73,9516,greenran_normal,0,0,65535_65535,2,44,5758204,0,1,1,0,0,0,28,1,1,pre_allocation
73,9516,greenran_normal,0,0,65535_65535,2,44,5758204,4,1,1,1,1,4,28,1,1,allocated
73,9516,greenran_normal,0,0,65535_65535,2,55,5758204,0,1,1,0,0,0,28,1,1,pre_allocation
73,9516,greenran_normal,0,0,65535_65535,2,55,5758204,4,1,1,1,1,4,28,1,1,allocated
73,9516,greenran_normal,0,0,65535_65535,2,35,5758203,0,1,1,0,0,0,28,1,1,pre_allocation
73,9516,greenran_normal,0,0,65535_65535,2,35,5758203,4,1,1,1,1,4,28,1,1,allocated
73,9516,greenran_normal,0,0,65535_65535,2,37,5758206,0,1,1,0,0,0,28,1,1,pre_allocation
73,9516,greenran_normal,0,0,65535_65535,2,37,5758206,4,1,1,1,1,4,28,1,1,allocated
73,9516,greenran_normal,0,0,65535_65535,2,41,5758206,0,1,1,0,0,0,28,1,1,pre_allocation
73,9516,greenran_normal,0,0,65535_65535,2,41,5758206,4,1,1,1,1,4,28,1,1,allocated
73,9516,greenran_normal,0,0,65535_65535,2,56,5758203,0,1,1,0,0,0,28,1,1,pre_allocation
73,9516,greenran_normal,0,0,65535_65535,2,56,5758203,4,1,1,1,1,4,28,1,1,allocated
73,9516,greenran_normal,0,0,65535_65535,2,57,5758203,0,1,1,0,0,0,28,1,1,pre_allocation
73,9516,greenran_normal,0,0,65535_65535,2,57,5758203,4,1,1,1,1,4,28,1,1,allocated
73,9516,greenran_normal,0,0,65535_65535,2,40,5758205,0,1,1,0,0,0,28,1,1,pre_allocation
73,9516,greenran_normal,0,0,65535_65535,2,40,5758205,4,1,1,1,1,4,28,1,1,allocated
73,9516,greenran_normal,0,0,65535_65535,2,63,5758202,0,1,1,0,0,0,28,1,1,pre_allocation
73,9516,greenran_normal,0,0,65535_65535,2,63,5758202,4,1,1,1,1,4,28,1,1,allocated
73,9516,greenran_normal,0,0,65535_65535,2,62,5758202,0,1,1,0,0,0,28,1,1,pre_allocation
73,9516,greenran_normal,0,0,65535_65535,2,62,5758202,4,1,1,1,1,4,28,1,1,allocated
73,9516,greenran_normal,0,0,65535_65535,2,38,5760896,2,1,1,0,1,0,15,1,1,pre_allocation
73,9516,greenran_normal,0,0,65535_65535,2,38,5760896,2,1,1,1,2,2,15,1,1,allocated
73,9516,greenran_normal,0,0,65535_65535,2,60,5760549,2,1,1,0,1,0,12,1,1,pre_allocation
73,9516,greenran_normal,0,0,65535_65535,2,60,5760549,1,1,1,1,2,1,12,1,1,allocated
73,9516,greenran_normal,0,0,65535_65535,2,64,5760171,2,1,1,0,1,0,12,1,1,pre_allocation
73,9516,greenran_normal,0,0,65535_65535,2,64,5760171,1,1,1,1,2,1,12,1,1,allocated
73,9516,greenran_normal,0,0,65535_65535,2,43,5759497,0,1,1,0,1,0,18,1,1,pre_allocation
73,9516,greenran_normal,0,0,65535_65535,2,43,5759497,4,1,1,1,2,4,18,1,1,allocated
73,9516,greenran_normal,0,0,65535_65535,2,42,5758870,3,1,1,0,1,0,24,1,1,pre_allocation
73,9516,greenran_normal,0,0,65535_65535,2,42,5758870,9,1,1,1,2,9,24,1,1,allocated
73,9516,greenran_normal,0,0,65535_65535,2,36,5758339,4,1,1,0,1,0,26,1,1,pre_allocation
73,9516,greenran_normal,0,0,65535_65535,2,36,5758339,11,1,1,1,2,11,26,1,1,allocated
73,9516,greenran_normal,0,0,65535_65535,2,59,5758307,3,1,1,0,1,0,24,1,1,pre_allocation
73,9516,greenran_normal,0,0,65535_65535,2,59,5758307,9,1,1,1,2,9,24,1,1,allocated
73,9516,greenran_normal,0,0,65535_65535,2,58,5758306,4,1,1,0,1,0,26,1,1,pre_allocation
73,9516,greenran_normal,0,0,65535_65535,2,58,5758306,11,1,1,1,2,11,26,1,1,allocated
73,9516,greenran_normal,0,0,65535_65535,2,39,5758216,4,1,1,0,1,0,28,1,1,pre_allocation
73,9516,greenran_normal,0,0,65535_65535,2,39,5758216,12,1,1,1,2,12,28,1,1,allocated
73,9516,greenran_normal,0,0,65535_65535,2,61,5758208,4,1,1,0,1,0,28,1,1,pre_allocation
73,9516,greenran_normal,0,0,65535_65535,2,61,5758208,12,1,1,1,2,12,28,1,1,allocated
73,9516,greenran_normal,0,0,65535_65535,2,44,5758204,4,1,1,0,1,0,28,1,1,pre_allocation
73,9516,greenran_normal,0,0,65535_65535,2,44,5758204,12,1,1,1,2,12,28,1,1,allocated
73,9516,greenran_normal,0,0,65535_65535,2,55,5758204,4,1,1,0,1,0,28,1,1,pre_allocation
73,9516,greenran_normal,0,0,65535_65535,2,55,5758204,12,1,1,1,2,12,28,1,1,allocated
73,9516,greenran_normal,0,0,65535_65535,2,35,5758203,4,1,1,0,1,0,28,1,1,pre_allocation
73,9516,greenran_normal,0,0,65535_65535,2,35,5758203,12,1,1,1,2,12,28,1,1,allocated
73,9516,greenran_normal,0,0,65535_65535,2,37,5758206,4,1,1,0,1,0,28,1,1,pre_allocation
73,9516,greenran_normal,0,0,65535_65535,2,37,5758206,12,1,1,1,2,12,28,1,1,allocated
73,9516,greenran_normal,0,0,65535_65535,2,41,5758206,4,1,1,0,1,0,28,1,1,pre_allocation
73,9516,greenran_normal,0,0,65535_65535,2,41,5758206,12,1,1,1,2,12,28,1,1,allocated
73,9516,greenran_normal,0,0,65535_65535,2,56,5758203,4,1,1,0,1,0,28,1,1,pre_allocation
73,9516,greenran_normal,0,0,65535_65535,2,56,5758203,12,1,1,1,2,12,28,1,1,allocated
73,9516,greenran_normal,0,0,65535_65535,2,57,5758203,4,1,1,0,1,0,28,1,1,pre_allocation
73,9516,greenran_normal,0,0,65535_65535,2,57,5758203,12,1,1,1,2,12,28,1,1,allocated
73,9516,greenran_normal,0,0,65535_65535,2,40,5758205,4,1,1,0,1,0,28,1,1,pre_allocation
73,9516,greenran_normal,0,0,65535_65535,2,40,5758205,12,1,1,1,2,12,28,1,1,allocated
73,9516,greenran_normal,0,0,65535_65535,2,63,5758202,4,1,1,0,1,0,28,1,1,pre_allocation
73,9516,greenran_normal,0,0,65535_65535,2,63,5758202,12,1,1,1,2,12,28,1,1,allocated
73,9516,greenran_normal,0,0,65535_65535,2,62,5758202,4,1,1,0,1,0,28,1,1,pre_allocation
73,9516,greenran_normal,0,0,65535_65535,2,62,5758202,12,1,1,1,2,12,28,1,1,allocated
73,9516,greenran_normal,0,0,65535_65535,2,38,5760896,2,1,1,0,2,0,15,1,1,pre_allocation
73,9516,greenran_normal,0,0,65535_65535,2,38,5760896,5,1,1,1,3,5,15,1,1,allocated
73,9516,greenran_normal,0,0,65535_65535,2,60,5760549,1,1,1,0,2,0,12,1,1,pre_allocation
73,9516,greenran_normal,0,0,65535_65535,2,60,5760549,3,1,1,1,3,3,12,1,1,allocated
73,9516,greenran_normal,0,0,65535_65535,2,64,5760171,1,1,1,0,2,0,12,1,1,pre_allocation
73,9516,greenran_normal,0,0,65535_65535,2,64,5760171,3,1,1,1,3,3,12,1,1,allocated
73,9516,greenran_normal,0,0,65535_65535,2,43,5759497,4,1,1,0,2,0,18,1,1,pre_allocation
73,9516,greenran_normal,0,0,65535_65535,2,43,5759497,8,1,1,1,3,8,18,1,1,allocated
73,9516,greenran_normal,0,0,65535_65535,2,42,5758870,9,1,1,0,2,0,24,1,1,pre_allocation
73,9516,greenran_normal,0,0,65535_65535,2,42,5758870,15,1,1,1,3,15,24,1,1,allocated
73,9516,greenran_normal,0,0,65535_65535,2,36,5758339,11,1,1,0,2,0,26,1,1,pre_allocation
73,9516,greenran_normal,0,0,65535_65535,2,36,5758339,18,1,1,1,3,18,26,1,1,allocated
73,9516,greenran_normal,0,0,65535_65535,2,59,5758307,9,1,1,0,2,0,24,1,1,pre_allocation
73,9516,greenran_normal,0,0,65535_65535,2,59,5758307,15,1,1,1,3,15,24,1,1,allocated
73,9516,greenran_normal,0,0,65535_65535,2,58,5758306,11,1,1,0,2,0,26,1,1,pre_allocation
73,9516,greenran_normal,0,0,65535_65535,2,58,5758306,18,1,1,1,3,18,26,1,1,allocated
73,9516,greenran_normal,0,0,65535_65535,2,39,5758216,12,1,1,0,2,0,28,1,1,pre_allocation
73,9516,greenran_normal,0,0,65535_65535,2,39,5758216,19,1,1,1,3,19,28,1,1,allocated
73,9516,greenran_normal,0,0,65535_65535,2,61,5758208,12,1,1,0,2,0,28,1,1,pre_allocation
73,9516,greenran_normal,0,0,65535_65535,2,61,5758208,19,1,1,1,3,19,28,1,1,allocated
73,9516,greenran_normal,0,0,65535_65535,2,44,5758204,12,1,1,0,2,0,28,1,1,pre_allocation
73,9516,greenran_normal,0,0,65535_65535,2,44,5758204,19,1,1,1,3,19,28,1,1,allocated
73,9516,greenran_normal,0,0,65535_65535,2,55,5758204,12,1,1,0,2,0,28,1,1,pre_allocation
73,9516,greenran_normal,0,0,65535_65535,2,55,5758204,19,1,1,1,3,19,28,1,1,allocated
73,9516,greenran_normal,0,0,65535_65535,2,35,5758203,12,1,1,0,2,0,28,1,1,pre_allocation
73,9516,greenran_normal,0,0,65535_65535,2,35,5758203,19,1,1,1,3,19,28,1,1,allocated
73,9516,greenran_normal,0,0,65535_65535,2,37,5758206,12,1,1,0,2,0,28,1,1,pre_allocation
73,9516,greenran_normal,0,0,65535_65535,2,37,5758206,19,1,1,1,3,19,28,1,1,allocated
73,9516,greenran_normal,0,0,65535_65535,2,41,5758206,12,1,1,0,2,0,28,1,1,pre_allocation
73,9516,greenran_normal,0,0,65535_65535,2,41,5758206,19,1,1,1,3,19,28,1,1,allocated
73,9516,greenran_normal,0,0,65535_65535,2,56,5758203,12,1,1,0,2,0,28,1,1,pre_allocation
73,9516,greenran_normal,0,0,65535_65535,2,56,5758203,19,1,1,1,3,19,28,1,1,allocated
73,9516,greenran_normal,0,0,65535_65535,2,57,5758203,12,1,1,0,2,0,28,1,1,pre_allocation
73,9516,greenran_normal,0,0,65535_65535,2,57,5758203,19,1,1,1,3,19,28,1,1,allocated
73,9516,greenran_normal,0,0,65535_65535,2,40,5758205,12,1,1,0,2,0,28,1,1,pre_allocation
73,9516,greenran_normal,0,0,65535_65535,2,40,5758205,19,1,1,1,3,19,28,1,1,allocated
73,9516,greenran_normal,0,0,65535_65535,2,63,5758202,12,1,1,0,2,0,28,1,1,pre_allocation
73,9516,greenran_normal,0,0,65535_65535,2,63,5758202,19,1,1,1,3,19,28,1,1,allocated
73,9516,greenran_normal,0,0,65535_65535,2,62,5758202,12,1,1,0,2,0,28,1,1,pre_allocation
73,9516,greenran_normal,0,0,65535_65535,2,62,5758202,19,1,1,1,3,19,28,1,1,allocated
73,9516,greenran_normal,0,0,65535_65535,2,38,5760896,5,1,1,0,3,0,15,1,1,pre_allocation
73,9516,greenran_normal,0,0,65535_65535,2,38,5760896,8,1,1,1,4,8,15,1,1,allocated
73,9516,greenran_normal,0,0,65535_65535,2,60,5760549,3,1,1,0,3,0,12,1,1,pre_allocation
73,9516,greenran_normal,0,0,65535_65535,2,60,5760549,5,1,1,1,4,5,12,1,1,allocated
73,9516,greenran_normal,0,0,65535_65535,2,64,5760171,3,1,1,0,3,0,12,1,1,pre_allocation
73,9516,greenran_normal,0,0,65535_65535,2,64,5760171,5,1,1,1,4,5,12,1,1,allocated
73,9516,greenran_normal,0,0,65535_65535,2,43,5759497,8,1,1,0,3,0,18,1,1,pre_allocation
73,9516,greenran_normal,0,0,65535_65535,2,43,5759497,11,1,1,1,4,11,18,1,1,allocated
73,9516,greenran_normal,0,0,65535_65535,2,42,5758870,15,1,1,0,3,0,24,1,1,pre_allocation
73,9516,greenran_normal,0,0,65535_65535,2,42,5758870,21,1,1,1,4,21,24,1,1,allocated
73,9516,greenran_normal,0,0,65535_65535,2,36,5758339,18,1,1,0,3,0,26,1,1,pre_allocation
73,9516,greenran_normal,0,0,65535_65535,2,36,5758339,25,1,1,1,4,25,26,1,1,allocated
73,9516,greenran_normal,0,0,65535_65535,2,59,5758307,15,1,1,0,3,0,24,1,1,pre_allocation
73,9516,greenran_normal,0,0,65535_65535,2,59,5758307,21,1,1,1,4,21,24,1,1,allocated
73,9516,greenran_normal,0,0,65535_65535,2,58,5758306,18,1,1,0,3,0,26,1,1,pre_allocation
73,9516,greenran_normal,0,0,65535_65535,2,58,5758306,25,1,1,1,4,25,26,1,1,allocated
73,9516,greenran_normal,0,0,65535_65535,2,39,5758216,19,1,1,0,3,0,28,1,1,pre_allocation
73,9516,greenran_normal,0,0,65535_65535,2,39,5758216,27,1,1,1,4,27,28,1,1,allocated
73,9516,greenran_normal,0,0,65535_65535,2,61,5758208,19,1,1,0,3,0,28,1,1,pre_allocation
73,9516,greenran_normal,0,0,65535_65535,2,61,5758208,27,1,1,1,4,27,28,1,1,allocated
73,9516,greenran_normal,0,0,65535_65535,2,44,5758204,19,1,1,0,3,0,28,1,1,pre_allocation
73,9516,greenran_normal,0,0,65535_65535,2,44,5758204,27,1,1,1,4,27,28,1,1,allocated
73,9516,greenran_normal,0,0,65535_65535,2,55,5758204,19,1,1,0,3,0,28,1,1,pre_allocation
73,9516,greenran_normal,0,0,65535_65535,2,55,5758204,27,1,1,1,4,27,28,1,1,allocated
73,9516,greenran_normal,0,0,65535_65535,2,35,5758203,19,1,1,0,3,0,28,1,1,pre_allocation
73,9516,greenran_normal,0,0,65535_65535,2,35,5758203,27,1,1,1,4,27,28,1,1,allocated
73,9516,greenran_normal,0,0,65535_65535,2,37,5758206,19,1,1,0,3,0,28,1,1,pre_allocation
73,9516,greenran_normal,0,0,65535_65535,2,37,5758206,27,1,1,1,4,27,28,1,1,allocated
73,9516,greenran_normal,0,0,65535_65535,2,41,5758206,19,1,1,0,3,0,28,1,1,pre_allocation
73,9516,greenran_normal,0,0,65535_65535,2,41,5758206,27,1,1,1,4,27,28,1,1,allocated
73,9516,greenran_normal,0,0,65535_65535,2,56,5758203,19,1,1,0,3,0,28,1,1,pre_allocation
73,9516,greenran_normal,0,0,65535_65535,2,56,5758203,27,1,1,1,4,27,28,1,1,allocated
73,9516,greenran_normal,0,0,65535_65535,2,57,5758203,19,1,1,0,3,0,28,1,1,pre_allocation
73,9516,greenran_normal,0,0,65535_65535,2,57,5758203,27,1,1,1,4,27,28,1,1,allocated
73,9516,greenran_normal,0,0,65535_65535,2,40,5758205,19,1,1,0,3,0,28,1,1,pre_allocation
73,9516,greenran_normal,0,0,65535_65535,2,40,5758205,27,1,1,1,4,27,28,1,1,allocated
73,9516,greenran_normal,0,0,65535_65535,2,63,5758202,19,1,1,0,3,0,28,1,1,pre_allocation
73,9516,greenran_normal,0,0,65535_65535,2,63,5758202,27,1,1,1,4,27,28,1,1,allocated
73,9516,greenran_normal,0,0,65535_65535,2,62,5758202,19,1,1,0,3,0,28,1,1,pre_allocation
73,9516,greenran_normal,0,0,65535_65535,2,62,5758202,27,1,1,1,4,27,28,1,1,allocated
73,9516,greenran_normal,0,0,65535_65535,2,38,5760896,8,1,1,0,4,0,15,1,1,pre_allocation
73,9516,greenran_normal,0,0,65535_65535,2,38,5760896,11,1,1,1,5,11,15,1,1,allocated
73,9516,greenran_normal,0,0,65535_65535,2,60,5760549,5,1,1,0,4,0,12,1,1,pre_allocation
73,9516,greenran_normal,0,0,65535_65535,2,60,5760549,7,1,1,1,5,7,12,1,1,allocated
73,9516,greenran_normal,0,0,65535_65535,2,64,5760171,5,1,1,0,4,0,12,1,1,pre_allocation
73,9516,greenran_normal,0,0,65535_65535,2,64,5760171,7,1,1,1,5,7,12,1,1,allocated
73,9516,greenran_normal,0,0,65535_65535,2,43,5759497,11,1,1,0,4,0,18,1,1,pre_allocation
73,9516,greenran_normal,0,0,65535_65535,2,43,5759497,15,1,1,1,5,15,18,1,1,allocated
73,9516,greenran_normal,0,0,65535_65535,2,42,5758870,21,1,1,0,4,0,24,1,1,pre_allocation
73,9516,greenran_normal,0,0,65535_65535,2,42,5758870,27,1,1,1,5,27,24,1,1,allocated
73,9516,greenran_normal,0,0,65535_65535,2,36,5758339,25,1,1,0,4,0,26,1,1,pre_allocation
73,9516,greenran_normal,0,0,65535_65535,2,36,5758339,32,1,1,1,5,32,26,1,1,allocated
73,9516,greenran_normal,0,0,65535_65535,2,59,5758307,21,1,1,0,4,0,24,1,1,pre_allocation
73,9516,greenran_normal,0,0,65535_65535,2,59,5758307,27,1,1,1,5,27,24,1,1,allocated
73,9516,greenran_normal,0,0,65535_65535,2,58,5758306,25,1,1,0,4,0,26,1,1,pre_allocation
73,9516,greenran_normal,0,0,65535_65535,2,58,5758306,32,1,1,1,5,32,26,1,1,allocated
73,9516,greenran_normal,0,0,65535_65535,2,39,5758216,27,1,1,0,4,0,28,1,1,pre_allocation
73,9516,greenran_normal,0,0,65535_65535,2,39,5758216,34,1,1,1,5,34,28,1,1,allocated
73,9516,greenran_normal,0,0,65535_65535,2,61,5758208,27,1,1,0,4,0,28,1,1,pre_allocation
73,9516,greenran_normal,0,0,65535_65535,2,61,5758208,34,1,1,1,5,34,28,1,1,allocated
73,9516,greenran_normal,0,0,65535_65535,2,44,5758204,27,1,1,0,4,0,28,1,1,pre_allocation
73,9516,greenran_normal,0,0,65535_65535,2,44,5758204,34,1,1,1,5,34,28,1,1,allocated
73,9516,greenran_normal,0,0,65535_65535,2,55,5758204,27,1,1,0,4,0,28,1,1,pre_allocation
73,9516,greenran_normal,0,0,65535_65535,2,55,5758204,34,1,1,1,5,34,28,1,1,allocated
73,9516,greenran_normal,0,0,65535_65535,2,35,5758203,27,1,1,0,4,0,28,1,1,pre_allocation
73,9516,greenran_normal,0,0,65535_65535,2,35,5758203,34,1,1,1,5,34,28,1,1,allocated
73,9516,greenran_normal,0,0,65535_65535,2,37,5758206,27,1,1,0,4,0,28,1,1,pre_allocation
73,9516,greenran_normal,0,0,65535_65535,2,37,5758206,34,1,1,1,5,34,28,1,1,allocated
73,9516,greenran_normal,0,0,65535_65535,2,41,5758206,27,1,1,0,4,0,28,1,1,pre_allocation
73,9516,greenran_normal,0,0,65535_65535,2,41,5758206,34,1,1,1,5,34,28,1,1,allocated
73,9516,greenran_normal,0,0,65535_65535,2,56,5758203,27,1,1,0,4,0,28,1,1,pre_allocation
73,9516,greenran_normal,0,0,65535_65535,2,56,5758203,34,1,1,1,5,34,28,1,1,allocated
73,9516,greenran_normal,0,0,65535_65535,2,57,5758203,27,1,1,0,4,0,28,1,1,pre_allocation
73,9516,greenran_normal,0,0,65535_65535,2,57,5758203,34,1,1,1,5,34,28,1,1,allocated
73,9516,greenran_normal,0,0,65535_65535,2,40,5758205,27,1,1,0,4,0,28,1,1,pre_allocation
73,9516,greenran_normal,0,0,65535_65535,2,40,5758205,34,1,1,1,5,34,28,1,1,allocated
73,9516,greenran_normal,0,0,65535_65535,2,63,5758202,27,1,1,0,4,0,28,1,1,pre_allocation
73,9516,greenran_normal,0,0,65535_65535,2,63,5758202,34,1,1,1,5,34,28,1,1,allocated
73,9516,greenran_normal,0,0,65535_65535,2,62,5758202,27,1,1,0,4,0,28,1,1,pre_allocation
73,9516,greenran_normal,0,0,65535_65535,2,62,5758202,34,1,1,1,5,34,28,1,1,allocated
73,9516,greenran_normal,0,0,65535_65535,2,38,5760896,11,1,1,0,5,0,15,1,1,pre_allocation
73,9516,greenran_normal,0,0,65535_65535,2,38,5760896,14,1,1,1,6,14,15,1,1,allocated
73,9516,greenran_normal,0,0,65535_65535,2,60,5760549,7,1,1,0,5,0,12,1,1,pre_allocation
73,9516,greenran_normal,0,0,65535_65535,2,60,5760549,9,1,1,1,6,9,12,1,1,allocated
73,9516,greenran_normal,0,0,65535_65535,2,64,5760171,7,1,1,0,5,0,12,1,1,pre_allocation
73,9516,greenran_normal,0,0,65535_65535,2,64,5760171,9,1,1,1,6,9,12,1,1,allocated
73,9516,greenran_normal,0,0,65535_65535,2,43,5759497,15,1,1,0,5,0,18,1,1,pre_allocation
73,9516,greenran_normal,0,0,65535_65535,2,43,5759497,19,1,1,1,6,19,18,1,1,allocated
73,9516,greenran_normal,0,0,65535_65535,2,42,5758870,27,1,1,0,5,0,24,1,1,pre_allocation
73,9516,greenran_normal,0,0,65535_65535,2,42,5758870,34,1,1,1,6,34,24,1,1,allocated
73,9516,greenran_normal,0,0,65535_65535,2,36,5758339,32,1,1,0,5,0,26,1,1,pre_allocation
73,9516,greenran_normal,0,0,65535_65535,2,36,5758339,39,1,1,1,6,39,26,1,1,allocated
73,9516,greenran_normal,0,0,65535_65535,2,59,5758307,27,1,1,0,5,0,24,1,1,pre_allocation
73,9516,greenran_normal,0,0,65535_65535,2,59,5758307,34,1,1,1,6,34,24,1,1,allocated
73,9516,greenran_normal,0,0,65535_65535,2,58,5758306,32,1,1,0,5,0,26,1,1,pre_allocation
73,9516,greenran_normal,0,0,65535_65535,2,58,5758306,39,1,1,1,6,39,26,1,1,allocated
73,9516,greenran_normal,0,0,65535_65535,2,39,5758216,34,1,1,0,5,0,28,1,1,pre_allocation
73,9516,greenran_normal,0,0,65535_65535,2,39,5758216,42,1,1,1,6,42,28,1,1,allocated
73,9516,greenran_normal,0,0,65535_65535,2,61,5758208,34,1,1,0,5,0,28,1,1,pre_allocation
73,9516,greenran_normal,0,0,65535_65535,2,61,5758208,42,1,1,1,6,42,28,1,1,allocated
73,9516,greenran_normal,0,0,65535_65535,2,44,5758204,34,1,1,0,5,0,28,1,1,pre_allocation
73,9516,greenran_normal,0,0,65535_65535,2,44,5758204,42,1,1,1,6,42,28,1,1,allocated
73,9516,greenran_normal,0,0,65535_65535,2,55,5758204,34,1,1,0,5,0,28,1,1,pre_allocation
73,9516,greenran_normal,0,0,65535_65535,2,55,5758204,42,1,1,1,6,42,28,1,1,allocated
73,9516,greenran_normal,0,0,65535_65535,2,35,5758203,34,1,1,0,5,0,28,1,1,pre_allocation
73,9516,greenran_normal,0,0,65535_65535,2,35,5758203,42,1,1,1,6,42,28,1,1,allocated
73,9516,greenran_normal,0,0,65535_65535,2,37,5758206,34,1,1,0,5,0,28,1,1,pre_allocation
73,9516,greenran_normal,0,0,65535_65535,2,37,5758206,42,1,1,1,6,42,28,1,1,allocated
73,9516,greenran_normal,0,0,65535_65535,2,41,5758206,34,1,1,0,5,0,28,1,1,pre_allocation
73,9516,greenran_normal,0,0,65535_65535,2,41,5758206,42,1,1,1,6,42,28,1,1,allocated
73,9516,greenran_normal,0,0,65535_65535,2,56,5758203,34,1,1,0,5,0,28,1,1,pre_allocation
73,9516,greenran_normal,0,0,65535_65535,2,56,5758203,42,1,1,1,6,42,28,1,1,allocated
73,9516,greenran_normal,0,0,65535_65535,2,57,5758203,34,1,1,0,5,0,28,1,1,pre_allocation
73,9516,greenran_normal,0,0,65535_65535,2,57,5758203,42,1,1,1,6,42,28,1,1,allocated
73,9516,greenran_normal,0,0,65535_65535,2,40,5758205,34,1,1,0,5,0,28,1,1,pre_allocation
73,9516,greenran_normal,0,0,65535_65535,2,40,5758205,42,1,1,1,6,42,28,1,1,allocated
73,9516,greenran_normal,0,0,65535_65535,2,63,5758202,34,1,1,0,5,0,28,1,1,pre_allocation
73,9516,greenran_normal,0,0,65535_65535,2,63,5758202,42,1,1,1,6,42,28,1,1,allocated
73,9516,greenran_normal,0,0,65535_65535,2,62,5758202,34,1,1,0,5,0,28,1,1,pre_allocation
73,9516,greenran_normal,0,0,65535_65535,2,62,5758202,42,1,1,1,6,42,28,1,1,allocated
73,9516,greenran_normal,0,0,65535_65535,2,38,5760896,14,1,1,0,6,0,15,1,1,pre_allocation
73,9516,greenran_normal,0,0,65535_65535,2,38,5760896,17,1,1,1,7,17,15,1,1,allocated
76,9625,greenran_normal,0,0,65535_65535,0,4,180496,0,1,1,0,0,0,24,1,1,pre_allocation
76,9625,greenran_normal,0,0,65535_65535,0,4,180496,3,1,1,1,1,3,24,1,1,allocated
76,9625,greenran_normal,0,0,65535_65535,0,3,177338,0,1,1,0,0,0,28,1,1,pre_allocation
76,9625,greenran_normal,0,0,65535_65535,0,3,177338,4,1,1,1,1,4,28,1,1,allocated
76,9625,greenran_normal,0,0,65535_65535,0,1,177340,0,1,1,0,0,0,28,1,1,pre_allocation
76,9625,greenran_normal,0,0,65535_65535,0,1,177340,4,1,1,1,1,4,28,1,1,allocated
76,9625,greenran_normal,0,0,65535_65535,0,2,177340,0,1,1,0,0,0,28,1,1,pre_allocation
76,9625,greenran_normal,0,0,65535_65535,0,2,177340,4,1,1,1,1,4,28,1,1,allocated
76,9625,greenran_normal,0,0,65535_65535,0,5,177333,0,1,1,0,0,0,28,1,1,pre_allocation
76,9625,greenran_normal,0,0,65535_65535,0,5,177333,4,1,1,1,1,4,28,1,1,allocated
76,9625,greenran_normal,0,0,65535_65535,0,4,180496,3,1,1,0,1,0,24,1,1,pre_allocation
76,9625,greenran_normal,0,0,65535_65535,0,4,180496,9,1,1,1,2,9,24,1,1,allocated
76,9625,greenran_normal,0,0,65535_65535,0,3,177338,4,1,1,0,1,0,28,1,1,pre_allocation
76,9625,greenran_normal,0,0,65535_65535,0,3,177338,12,1,1,1,2,12,28,1,1,allocated
76,9625,greenran_normal,0,0,65535_65535,0,1,177340,4,1,1,0,1,0,28,1,1,pre_allocation
76,9625,greenran_normal,0,0,65535_65535,0,1,177340,12,1,1,1,2,12,28,1,1,allocated
76,9625,greenran_normal,0,0,65535_65535,0,2,177340,4,1,1,0,1,0,28,1,1,pre_allocation
76,9625,greenran_normal,0,0,65535_65535,0,2,177340,12,1,1,1,2,12,28,1,1,allocated
76,9625,greenran_normal,0,0,65535_65535,0,5,177333,4,1,1,0,1,0,28,1,1,pre_allocation
76,9625,greenran_normal,0,0,65535_65535,0,5,177333,12,1,1,1,2,12,28,1,1,allocated
76,9625,greenran_normal,0,0,65535_65535,0,4,180496,9,1,1,0,2,0,24,1,1,pre_allocation
76,9625,greenran_normal,0,0,65535_65535,0,4,180496,15,1,1,1,3,15,24,1,1,allocated
76,9625,greenran_normal,0,0,65535_65535,0,3,177338,12,1,1,0,2,0,28,1,1,pre_allocation
76,9625,greenran_normal,0,0,65535_65535,0,3,177338,19,1,1,1,3,19,28,1,1,allocated
76,9625,greenran_normal,0,0,65535_65535,0,1,177340,12,1,1,0,2,0,28,1,1,pre_allocation
76,9625,greenran_normal,0,0,65535_65535,0,1,177340,19,1,1,1,3,19,28,1,1,allocated
76,9625,greenran_normal,0,0,65535_65535,0,2,177340,12,1,1,0,2,0,28,1,1,pre_allocation
76,9625,greenran_normal,0,0,65535_65535,0,2,177340,19,1,1,1,3,19,28,1,1,allocated
76,9625,greenran_normal,0,0,65535_65535,0,5,177333,12,1,1,0,2,0,28,1,1,pre_allocation
76,9625,greenran_normal,0,0,65535_65535,0,5,177333,19,1,1,1,3,19,28,1,1,allocated
76,9625,greenran_normal,0,0,65535_65535,0,4,180496,15,1,1,0,3,0,24,1,1,pre_allocation
76,9625,greenran_normal,0,0,65535_65535,0,4,180496,21,1,1,1,4,21,24,1,1,allocated
76,9625,greenran_normal,0,0,65535_65535,0,3,177338,19,1,1,0,3,0,28,1,1,pre_allocation
76,9625,greenran_normal,0,0,65535_65535,0,3,177338,27,1,1,1,4,27,28,1,1,allocated
76,9625,greenran_normal,0,0,65535_65535,0,1,177340,19,1,1,0,3,0,28,1,1,pre_allocation
76,9625,greenran_normal,0,0,65535_65535,0,1,177340,27,1,1,1,4,27,28,1,1,allocated
76,9625,greenran_normal,0,0,65535_65535,0,2,177340,19,1,1,0,3,0,28,1,1,pre_allocation
76,9625,greenran_normal,0,0,65535_65535,0,2,177340,27,1,1,1,4,27,28,1,1,allocated
76,9625,greenran_normal,0,0,65535_65535,0,5,177333,19,1,1,0,3,0,28,1,1,pre_allocation
76,9625,greenran_normal,0,0,65535_65535,0,5,177333,27,1,1,1,4,27,28,1,1,allocated
76,9625,greenran_normal,0,0,65535_65535,0,4,180496,21,1,1,0,4,0,24,1,1,pre_allocation
76,9625,greenran_normal,0,0,65535_65535,0,4,180496,27,1,1,1,5,27,24,1,1,allocated
76,9625,greenran_normal,0,0,65535_65535,0,3,177338,27,1,1,0,4,0,28,1,1,pre_allocation
76,9625,greenran_normal,0,0,65535_65535,0,3,177338,34,1,1,1,5,34,28,1,1,allocated
76,9625,greenran_normal,0,0,65535_65535,0,1,177340,27,1,1,0,4,0,28,1,1,pre_allocation
76,9625,greenran_normal,0,0,65535_65535,0,1,177340,34,1,1,1,5,34,28,1,1,allocated
76,9625,greenran_normal,0,0,65535_65535,0,2,177340,27,1,1,0,4,0,28,1,1,pre_allocation
76,9625,greenran_normal,0,0,65535_65535,0,2,177340,34,1,1,1,5,34,28,1,1,allocated
76,9625,greenran_normal,0,0,65535_65535,0,5,177333,27,1,1,0,4,0,28,1,1,pre_allocation
76,9625,greenran_normal,0,0,65535_65535,0,5,177333,34,1,1,1,5,34,28,1,1,allocated
76,9625,greenran_normal,0,0,65535_65535,0,4,180496,27,1,1,0,5,0,24,1,1,pre_allocation
76,9625,greenran_normal,0,0,65535_65535,0,4,180496,34,1,1,1,6,34,24,1,1,allocated
76,9625,greenran_normal,0,0,65535_65535,0,3,177338,34,1,1,0,5,0,28,1,1,pre_allocation
76,9625,greenran_normal,0,0,65535_65535,0,3,177338,42,1,1,1,6,42,28,1,1,allocated
76,9625,greenran_normal,0,0,65535_65535,0,1,177340,34,1,1,0,5,0,28,1,1,pre_allocation
76,9625,greenran_normal,0,0,65535_65535,0,1,177340,42,1,1,1,6,42,28,1,1,allocated
76,9625,greenran_normal,0,0,65535_65535,0,2,177340,34,1,1,0,5,0,28,1,1,pre_allocation
76,9625,greenran_normal,0,0,65535_65535,0,2,177340,42,1,1,1,6,42,28,1,1,allocated
76,9625,greenran_normal,0,0,65535_65535,0,5,177333,34,1,1,0,5,0,28,1,1,pre_allocation
76,9625,greenran_normal,0,0,65535_65535,0,5,177333,42,1,1,1,6,42,28,1,1,allocated
76,9625,greenran_normal,0,0,65535_65535,0,4,180496,34,1,1,0,6,0,24,1,1,pre_allocation
76,9625,greenran_normal,0,0,65535_65535,0,4,180496,40,1,1,1,7,40,24,1,1,allocated
76,9625,greenran_normal,0,0,65535_65535,0,3,177338,42,1,1,0,6,0,28,1,1,pre_allocation
76,9625,greenran_normal,0,0,65535_65535,0,3,177338,50,1,1,1,7,50,28,1,1,allocated
76,9625,greenran_normal,0,0,65535_65535,0,1,177340,42,1,1,0,6,0,28,1,1,pre_allocation
76,9625,greenran_normal,0,0,65535_65535,0,1,177340,50,1,1,1,7,50,28,1,1,allocated
76,9625,greenran_normal,0,0,65535_65535,0,2,177340,42,1,1,0,6,0,28,1,1,pre_allocation
76,9625,greenran_normal,0,0,65535_65535,0,2,177340,50,1,1,1,7,50,28,1,1,allocated
76,9625,greenran_normal,0,0,65535_65535,0,5,177333,42,1,1,0,6,0,28,1,1,pre_allocation
76,9625,greenran_normal,0,0,65535_65535,0,5,177333,50,1,1,1,7,50,28,1,1,allocated
76,9625,greenran_normal,0,0,65535_65535,0,4,180496,40,1,1,0,7,0,24,1,1,pre_allocation
76,9625,greenran_normal,0,0,65535_65535,0,4,180496,46,1,1,1,8,46,24,1,1,allocated
76,9625,greenran_normal,0,0,65535_65535,0,3,177338,50,1,1,0,7,0,28,1,1,pre_allocation
76,9625,greenran_normal,0,0,65535_65535,0,3,177338,57,1,1,1,8,57,28,1,1,allocated
76,9625,greenran_normal,0,0,65535_65535,0,1,177340,50,1,1,0,7,0,28,1,1,pre_allocation
76,9625,greenran_normal,0,0,65535_65535,0,1,177340,57,1,1,1,8,57,28,1,1,allocated
76,9625,greenran_normal,0,0,65535_65535,0,2,177340,50,1,1,0,7,0,28,1,1,pre_allocation
76,9625,greenran_normal,0,0,65535_65535,0,2,177340,57,1,1,1,8,57,28,1,1,allocated
76,9625,greenran_normal,0,0,65535_65535,0,5,177333,50,1,1,0,7,0,28,1,1,pre_allocation
76,9625,greenran_normal,0,0,65535_65535,0,5,177333,57,1,1,1,8,57,28,1,1,allocated
76,9625,greenran_normal,0,0,65535_65535,0,4,180496,46,1,1,0,8,0,24,1,1,pre_allocation
76,9625,greenran_normal,0,0,65535_65535,0,4,180496,52,1,1,1,9,52,24,1,1,allocated
76,9625,greenran_normal,0,0,65535_65535,0,3,177338,57,1,1,0,8,0,28,1,1,pre_allocation
76,9625,greenran_normal,0,0,65535_65535,0,3,177338,65,1,1,1,9,65,28,1,1,allocated
76,9625,greenran_normal,0,0,65535_65535,0,1,177340,57,1,1,0,8,0,28,1,1,pre_allocation
76,9625,greenran_normal,0,0,65535_65535,0,1,177340,65,1,1,1,9,65,28,1,1,allocated
76,9625,greenran_normal,0,0,65535_65535,0,2,177340,57,1,1,0,8,0,28,1,1,pre_allocation
76,9625,greenran_normal,0,0,65535_65535,0,2,177340,65,1,1,1,9,65,28,1,1,allocated
76,9625,greenran_normal,0,0,65535_65535,0,5,177333,57,1,1,0,8,0,28,1,1,pre_allocation
76,9625,greenran_normal,0,0,65535_65535,0,5,177333,65,1,1,1,9,65,28,1,1,allocated
76,9625,greenran_normal,0,0,65535_65535,0,4,180496,52,1,1,0,9,0,24,1,1,pre_allocation
76,9625,greenran_normal,0,0,65535_65535,0,4,180496,58,1,1,1,10,58,24,1,1,allocated
76,9625,greenran_normal,0,0,65535_65535,0,3,177338,65,1,1,0,9,0,28,1,1,pre_allocation
76,9625,greenran_normal,0,0,65535_65535,0,3,177338,72,1,1,1,10,72,28,1,1,allocated
76,9625,greenran_normal,0,0,65535_65535,0,1,177340,65,1,1,0,9,0,28,1,1,pre_allocation
76,9625,greenran_normal,0,0,65535_65535,0,1,177340,72,1,1,1,10,72,28,1,1,allocated
76,9625,greenran_normal,0,0,65535_65535,0,2,177340,65,1,1,0,9,0,28,1,1,pre_allocation
76,9625,greenran_normal,0,0,65535_65535,0,2,177340,72,1,1,1,10,72,28,1,1,allocated
76,9625,greenran_normal,0,0,65535_65535,0,5,177333,65,1,1,0,9,0,28,1,1,pre_allocation
76,9625,greenran_normal,0,0,65535_65535,0,5,177333,72,1,1,1,10,72,28,1,1,allocated
76,9625,greenran_normal,0,0,65535_65535,0,4,180496,58,1,1,0,10,0,24,1,1,pre_allocation
76,9625,greenran_normal,0,0,65535_65535,0,4,180496,65,1,1,1,11,65,24,1,1,allocated
76,9625,greenran_normal,0,0,65535_65535,0,3,177338,72,1,1,0,10,0,28,1,1,pre_allocation
76,9625,greenran_normal,0,0,65535_65535,0,3,177338,80,1,1,1,11,80,28,1,1,allocated
76,9625,greenran_normal,0,0,65535_65535,0,1,177340,72,1,1,0,10,0,28,1,1,pre_allocation
76,9625,greenran_normal,0,0,65535_65535,0,1,177340,80,1,1,1,11,80,28,1,1,allocated
76,9625,greenran_normal,0,0,65535_65535,0,2,177340,72,1,1,0,10,0,28,1,1,pre_allocation
76,9625,greenran_normal,0,0,65535_65535,0,2,177340,80,1,1,1,11,80,28,1,1,allocated
76,9625,greenran_normal,0,0,65535_65535,0,5,177333,72,1,1,0,10,0,28,1,1,pre_allocation
76,9625,greenran_normal,0,0,65535_65535,0,5,177333,80,1,1,1,11,80,28,1,1,allocated
76,9625,greenran_normal,0,0,65535_65535,0,4,180496,65,1,1,0,11,0,24,1,1,pre_allocation
76,9625,greenran_normal,0,0,65535_65535,0,4,180496,71,1,1,1,12,71,24,1,1,allocated
76,9625,greenran_normal,0,0,65535_65535,0,3,177338,80,1,1,0,11,0,28,1,1,pre_allocation
76,9625,greenran_normal,0,0,65535_65535,0,3,177338,88,1,1,1,12,88,28,1,1,allocated
76,9625,greenran_normal,0,0,65535_65535,0,1,177340,80,1,1,0,11,0,28,1,1,pre_allocation
76,9625,greenran_normal,0,0,65535_65535,0,1,177340,88,1,1,1,12,88,28,1,1,allocated
76,9625,greenran_normal,0,0,65535_65535,0,2,177340,80,1,1,0,11,0,28,1,1,pre_allocation
76,9625,greenran_normal,0,0,65535_65535,0,2,177340,88,1,1,1,12,88,28,1,1,allocated
76,9625,greenran_normal,0,0,65535_65535,0,5,177333,80,1,1,0,11,0,28,1,1,pre_allocation
76,9625,greenran_normal,0,0,65535_65535,0,5,177333,88,1,1,1,12,88,28,1,1,allocated
76,9625,greenran_normal,0,0,65535_65535,0,4,180496,71,1,1,0,12,0,24,1,1,pre_allocation
76,9625,greenran_normal,0,0,65535_65535,0,4,180496,77,1,1,1,13,77,24,1,1,allocated
76,9625,greenran_normal,0,0,65535_65535,0,3,177338,88,1,1,0,12,0,28,1,1,pre_allocation
76,9625,greenran_normal,0,0,65535_65535,0,3,177338,95,1,1,1,13,95,28,1,1,allocated
76,9625,greenran_normal,0,0,65535_65535,0,1,177340,88,1,1,0,12,0,28,1,1,pre_allocation
76,9625,greenran_normal,0,0,65535_65535,0,1,177340,95,1,1,1,13,95,28,1,1,allocated
76,9625,greenran_normal,0,0,65535_65535,0,2,177340,88,1,1,0,12,0,28,1,1,pre_allocation
76,9625,greenran_normal,0,0,65535_65535,0,2,177340,95,1,1,1,13,95,28,1,1,allocated
76,9625,greenran_normal,0,0,65535_65535,0,5,177333,88,1,1,0,12,0,28,1,1,pre_allocation
76,9625,greenran_normal,0,0,65535_65535,0,5,177333,95,1,1,1,13,95,28,1,1,allocated
76,9625,greenran_normal,0,0,65535_65535,0,4,180496,77,1,1,0,13,0,24,1,1,pre_allocation
76,9625,greenran_normal,0,0,65535_65535,0,4,180496,83,1,1,1,14,83,24,1,1,allocated
76,9625,greenran_normal,0,0,65535_65535,0,3,177338,95,1,1,0,13,0,28,1,1,pre_allocation
76,9625,greenran_normal,0,0,65535_65535,0,3,177338,103,1,1,1,14,103,28,1,1,allocated
76,9625,greenran_normal,0,0,65535_65535,0,1,177340,95,1,1,0,13,0,28,1,1,pre_allocation
76,9625,greenran_normal,0,0,65535_65535,0,1,177340,103,1,1,1,14,103,28,1,1,allocated
76,9625,greenran_normal,0,0,65535_65535,0,2,177340,95,1,1,0,13,0,28,1,1,pre_allocation
76,9625,greenran_normal,0,0,65535_65535,0,2,177340,103,1,1,1,14,103,28,1,1,allocated
76,9625,greenran_normal,0,0,65535_65535,0,5,177333,95,1,1,0,13,0,28,1,1,pre_allocation
76,9625,greenran_normal,0,0,65535_65535,0,5,177333,103,1,1,1,14,103,28,1,1,allocated
76,9625,greenran_normal,0,0,65535_65535,0,4,180496,83,1,1,0,14,0,24,1,1,pre_allocation
76,9625,greenran_normal,0,0,65535_65535,0,4,180496,89,1,1,1,15,89,24,1,1,allocated
76,9625,greenran_normal,0,0,65535_65535,0,3,177338,103,1,1,0,14,0,28,1,1,pre_allocation
76,9625,greenran_normal,0,0,65535_65535,0,3,177338,110,1,1,1,15,110,28,1,1,allocated
76,9625,greenran_normal,0,0,65535_65535,0,1,177340,103,1,1,0,14,0,28,1,1,pre_allocation
76,9625,greenran_normal,0,0,65535_65535,0,1,177340,110,1,1,1,15,110,28,1,1,allocated
76,9625,greenran_normal,0,0,65535_65535,0,2,177340,103,1,1,0,14,0,28,1,1,pre_allocation
76,9625,greenran_normal,0,0,65535_65535,0,2,177340,110,1,1,1,15,110,28,1,1,allocated
76,9625,greenran_normal,0,0,65535_65535,0,5,177333,103,1,1,0,14,0,28,1,1,pre_allocation
76,9625,greenran_normal,0,0,65535_65535,0,5,177333,110,1,1,1,15,110,28,1,1,allocated
76,9625,greenran_normal,0,0,65535_65535,0,4,180496,89,1,1,0,15,0,24,1,1,pre_allocation
76,9625,greenran_normal,0,0,65535_65535,0,4,180496,96,1,1,1,16,96,24,1,1,allocated
76,9625,greenran_normal,0,0,65535_65535,0,3,177338,110,1,1,0,15,0,28,1,1,pre_allocation
76,9625,greenran_normal,0,0,65535_65535,0,3,177338,118,1,1,1,16,118,28,1,1,allocated
76,9625,greenran_normal,0,0,65535_65535,0,1,177340,110,1,1,0,15,0,28,1,1,pre_allocation
76,9625,greenran_normal,0,0,65535_65535,0,1,177340,118,1,1,1,16,118,28,1,1,allocated
76,9625,greenran_normal,0,0,65535_65535,0,2,177340,110,1,1,0,15,0,28,1,1,pre_allocation
76,9625,greenran_normal,0,0,65535_65535,0,2,177340,118,1,1,1,16,118,28,1,1,allocated
76,9625,greenran_normal,0,0,65535_65535,0,5,177333,110,1,1,0,15,0,28,1,1,pre_allocation
76,9625,greenran_normal,0,0,65535_65535,0,5,177333,118,1,1,1,16,118,28,1,1,allocated
76,9625,greenran_normal,0,0,65535_65535,0,4,180496,96,1,1,0,16,0,24,1,1,pre_allocation
76,9625,greenran_normal,0,0,65535_65535,0,4,180496,102,1,1,1,17,102,24,1,1,allocated
76,9625,greenran_normal,0,0,65535_65535,0,3,177338,118,1,1,0,16,0,28,1,1,pre_allocation
76,9625,greenran_normal,0,0,65535_65535,0,3,177338,126,1,1,1,17,126,28,1,1,allocated
76,9625,greenran_normal,0,0,65535_65535,0,1,177340,118,1,1,0,16,0,28,1,1,pre_allocation
76,9625,greenran_normal,0,0,65535_65535,0,1,177340,126,1,1,1,17,126,28,1,1,allocated
76,9625,greenran_normal,0,0,65535_65535,0,2,177340,118,1,1,0,16,0,28,1,1,pre_allocation
76,9625,greenran_normal,0,0,65535_65535,0,2,177340,126,1,1,1,17,126,28,1,1,allocated
76,9625,greenran_normal,0,0,65535_65535,0,5,177333,118,1,1,0,16,0,28,1,1,pre_allocation
76,9625,greenran_normal,0,0,65535_65535,0,5,177333,126,1,1,1,17,126,28,1,1,allocated
76,9625,greenran_normal,0,0,65535_65535,0,4,180496,102,1,1,0,17,0,24,1,1,pre_allocation
76,9625,greenran_normal,0,0,65535_65535,0,4,180496,108,1,1,1,18,108,24,1,1,allocated
76,9625,greenran_normal,0,0,65535_65535,0,3,177338,126,1,1,0,17,0,28,1,1,pre_allocation
76,9625,greenran_normal,0,0,65535_65535,0,3,177338,133,1,1,1,18,133,28,1,1,allocated
76,9625,greenran_normal,0,0,65535_65535,0,1,177340,126,1,1,0,17,0,28,1,1,pre_allocation
76,9625,greenran_normal,0,0,65535_65535,0,1,177340,133,1,1,1,18,133,28,1,1,allocated
76,9625,greenran_normal,0,0,65535_65535,0,2,177340,126,1,1,0,17,0,28,1,1,pre_allocation
76,9625,greenran_normal,0,0,65535_65535,0,2,177340,133,1,1,1,18,133,28,1,1,allocated
76,9625,greenran_normal,0,0,65535_65535,0,5,177333,126,1,1,0,17,0,28,1,1,pre_allocation
76,9625,greenran_normal,0,0,65535_65535,0,5,177333,133,1,1,1,18,133,28,1,1,allocated
76,9625,greenran_normal,0,0,65535_65535,0,4,180496,108,1,1,0,18,0,24,1,1,pre_allocation
76,9625,greenran_normal,0,0,65535_65535,0,4,180496,114,1,1,1,19,114,24,1,1,allocated
76,9625,greenran_normal,0,0,65535_65535,0,3,177338,133,1,1,0,18,0,28,1,1,pre_allocation
76,9625,greenran_normal,0,0,65535_65535,0,3,177338,141,1,1,1,19,141,28,1,1,allocated
76,9625,greenran_normal,0,0,65535_65535,0,1,177340,133,1,1,0,18,0,28,1,1,pre_allocation
76,9625,greenran_normal,0,0,65535_65535,0,1,177340,141,1,1,1,19,141,28,1,1,allocated
76,9625,greenran_normal,0,0,65535_65535,0,2,177340,133,1,1,0,18,0,28,1,1,pre_allocation
76,9625,greenran_normal,0,0,65535_65535,0,2,177340,141,1,1,1,19,141,28,1,1,allocated
76,9625,greenran_normal,0,0,65535_65535,0,5,177333,133,1,1,0,18,0,28,1,1,pre_allocation
76,9625,greenran_normal,0,0,65535_65535,0,5,177333,141,1,1,1,19,141,28,1,1,allocated
76,9625,greenran_normal,0,0,65535_65535,0,4,180496,114,1,1,0,19,0,24,1,1,pre_allocation
76,9625,greenran_normal,0,0,65535_65535,0,4,180496,120,1,1,1,20,120,24,1,1,allocated
76,9625,greenran_normal,0,0,65535_65535,0,3,177338,141,1,1,0,19,0,28,1,1,pre_allocation
76,9625,greenran_normal,0,0,65535_65535,0,3,177338,148,1,1,1,20,148,28,1,1,allocated
76,9625,greenran_normal,0,0,65535_65535,0,1,177340,141,1,1,0,19,0,28,1,1,pre_allocation
76,9625,greenran_normal,0,0,65535_65535,0,1,177340,148,1,1,1,20,148,28,1,1,allocated
76,9625,greenran_normal,0,0,65535_65535,0,2,177340,141,1,1,0,19,0,28,1,1,pre_allocation
76,9625,greenran_normal,0,0,65535_65535,0,2,177340,148,1,1,1,20,148,28,1,1,allocated
76,9625,greenran_normal,0,0,65535_65535,0,5,177333,141,1,1,0,19,0,28,1,1,pre_allocation
76,9625,greenran_normal,0,0,65535_65535,0,5,177333,148,1,1,1,20,148,28,1,1,allocated
76,9625,greenran_normal,0,0,65535_65535,0,4,180496,120,1,1,0,20,0,24,1,1,pre_allocation
76,9625,greenran_normal,0,0,65535_65535,0,4,180496,126,1,1,1,21,126,24,1,1,allocated
76,9625,greenran_normal,0,0,65535_65535,0,3,177338,148,1,1,0,20,0,28,1,1,pre_allocation
76,9625,greenran_normal,0,0,65535_65535,0,3,177338,156,1,1,1,21,156,28,1,1,allocated
76,9625,greenran_normal,0,0,65535_65535,0,1,177340,148,1,1,0,20,0,28,1,1,pre_allocation
76,9625,greenran_normal,0,0,65535_65535,0,1,177340,156,1,1,1,21,156,28,1,1,allocated
76,9625,greenran_normal,0,0,65535_65535,0,2,177340,148,1,1,0,20,0,28,1,1,pre_allocation
76,9625,greenran_normal,0,0,65535_65535,0,2,177340,156,1,1,1,21,156,28,1,1,allocated
76,9625,greenran_normal,0,0,65535_65535,0,5,177333,148,1,1,0,20,0,28,1,1,pre_allocation
76,9625,greenran_normal,0,0,65535_65535,0,5,177333,156,1,1,1,21,156,28,1,1,allocated
76,9625,greenran_normal,0,0,65535_65535,0,4,180496,126,1,1,0,21,0,24,1,1,pre_allocation
76,9625,greenran_normal,0,0,65535_65535,0,4,180496,133,1,1,1,22,133,24,1,1,allocated
76,9625,greenran_normal,0,0,65535_65535,0,3,177338,156,1,1,0,21,0,28,1,1,pre_allocation
76,9625,greenran_normal,0,0,65535_65535,0,3,177338,163,1,1,1,22,163,28,1,1,allocated
76,9625,greenran_normal,0,0,65535_65535,0,1,177340,156,1,1,0,21,0,28,1,1,pre_allocation
76,9625,greenran_normal,0,0,65535_65535,0,1,177340,163,1,1,1,22,163,28,1,1,allocated
76,9625,greenran_normal,0,0,65535_65535,0,2,177340,156,1,1,0,21,0,28,1,1,pre_allocation
76,9625,greenran_normal,0,0,65535_65535,0,2,177340,163,1,1,1,22,163,28,1,1,allocated
76,9625,greenran_normal,0,0,65535_65535,0,5,177333,156,1,1,0,21,0,28,1,1,pre_allocation
76,9625,greenran_normal,0,0,65535_65535,0,5,177333,163,1,1,1,22,163,28,1,1,allocated
76,9625,greenran_normal,0,0,65535_65535,0,4,180496,133,1,1,0,22,0,24,1,1,pre_allocation
76,9625,greenran_normal,0,0,65535_65535,0,4,180496,139,1,1,1,23,139,24,1,1,allocated
76,9625,greenran_normal,0,0,65535_65535,0,3,177338,163,1,1,0,22,0,28,1,1,pre_allocation
76,9625,greenran_normal,0,0,65535_65535,0,3,177338,171,1,1,1,23,171,28,1,1,allocated
76,9625,greenran_normal,0,0,65535_65535,0,1,177340,163,1,1,0,22,0,28,1,1,pre_allocation
76,9625,greenran_normal,0,0,65535_65535,0,1,177340,171,1,1,1,23,171,28,1,1,allocated
76,9625,greenran_normal,0,0,65535_65535,0,2,177340,163,1,1,0,22,0,28,1,1,pre_allocation
76,9625,greenran_normal,0,0,65535_65535,0,2,177340,171,1,1,1,23,171,28,1,1,allocated
76,9625,greenran_normal,0,0,65535_65535,0,5,177333,163,1,1,0,22,0,28,1,1,pre_allocation
76,9625,greenran_normal,0,0,65535_65535,0,5,177333,171,1,1,1,23,171,28,1,1,allocated
76,9625,greenran_normal,0,0,65535_65535,0,4,180496,139,1,1,0,23,0,24,1,1,pre_allocation
76,9625,greenran_normal,0,0,65535_65535,0,4,180496,145,1,1,1,24,145,24,1,1,allocated
76,9625,greenran_normal,0,0,65535_65535,0,3,177338,171,1,1,0,23,0,28,1,1,pre_allocation
76,9625,greenran_normal,0,0,65535_65535,0,3,177338,179,1,1,1,24,179,28,1,1,allocated
76,9625,greenran_normal,0,0,65535_65535,0,1,177340,171,1,1,0,23,0,28,1,1,pre_allocation
76,9625,greenran_normal,0,0,65535_65535,0,1,177340,179,1,1,1,24,179,28,1,1,allocated
76,9625,greenran_normal,0,0,65535_65535,0,2,177340,171,1,1,0,23,0,28,1,1,pre_allocation
76,9625,greenran_normal,0,0,65535_65535,0,2,177340,179,1,1,1,24,179,28,1,1,allocated
76,9625,greenran_normal,0,0,65535_65535,0,5,177333,171,1,1,0,23,0,28,1,1,pre_allocation
76,9625,greenran_normal,0,0,65535_65535,0,5,177333,179,1,1,1,24,179,28,1,1,allocated
76,9625,greenran_normal,0,0,65535_65535,0,4,180496,145,1,1,0,24,0,24,1,1,pre_allocation
76,9625,greenran_normal,0,0,65535_65535,0,4,180496,151,1,1,1,25,151,24,1,1,allocated
76,9625,greenran_normal,0,0,65535_65535,0,3,177338,179,1,1,0,24,0,28,1,1,pre_allocation
76,9625,greenran_normal,0,0,65535_65535,0,3,177338,186,1,1,1,25,186,28,1,1,allocated
76,9625,greenran_normal,0,0,65535_65535,0,1,177340,179,1,1,0,24,0,28,1,1,pre_allocation
76,9625,greenran_normal,0,0,65535_65535,0,1,177340,186,1,1,1,25,186,28,1,1,allocated
76,9625,greenran_normal,0,0,65535_65535,0,2,177340,179,1,1,0,24,0,28,1,1,pre_allocation
76,9625,greenran_normal,0,0,65535_65535,0,2,177340,186,1,1,1,25,186,28,1,1,allocated
76,9625,greenran_normal,0,0,65535_65535,0,5,177333,179,1,1,0,24,0,28,1,1,pre_allocation
76,9625,greenran_normal,0,0,65535_65535,0,5,177333,186,1,1,1,25,186,28,1,1,allocated
76,9625,greenran_normal,0,0,65535_65535,0,4,180496,151,1,1,0,25,0,24,1,1,pre_allocation
76,9625,greenran_normal,0,0,65535_65535,0,4,180496,157,1,1,1,26,157,24,1,1,allocated
76,9625,greenran_normal,0,0,65535_65535,0,3,177338,186,1,1,0,25,0,28,1,1,pre_allocation
76,9625,greenran_normal,0,0,65535_65535,0,3,177338,194,1,1,1,26,194,28,1,1,allocated
76,9625,greenran_normal,0,0,65535_65535,0,1,177340,186,1,1,0,25,0,28,1,1,pre_allocation
76,9625,greenran_normal,0,0,65535_65535,0,1,177340,194,1,1,1,26,194,28,1,1,allocated
76,9625,greenran_normal,0,0,65535_65535,0,2,177340,186,1,1,0,25,0,28,1,1,pre_allocation
76,9625,greenran_normal,0,0,65535_65535,0,2,177340,194,1,1,1,26,194,28,1,1,allocated
76,9625,greenran_normal,0,0,65535_65535,0,5,177333,186,1,1,0,25,0,28,1,1,pre_allocation
76,9625,greenran_normal,0,0,65535_65535,0,5,177333,194,1,1,1,26,194,28,1,1,allocated
76,9625,greenran_normal,0,0,65535_65535,0,4,180496,157,1,1,0,26,0,24,1,1,pre_allocation
76,9625,greenran_normal,0,0,65535_65535,0,4,180496,164,1,1,1,27,164,24,1,1,allocated
76,9625,greenran_normal,0,0,65535_65535,0,3,177338,194,1,1,0,26,0,28,1,1,pre_allocation
76,9625,greenran_normal,0,0,65535_65535,0,3,177338,201,1,1,1,27,201,28,1,1,allocated
76,9625,greenran_normal,0,0,65535_65535,0,1,177340,194,1,1,0,26,0,28,1,1,pre_allocation
76,9625,greenran_normal,0,0,65535_65535,0,1,177340,201,1,1,1,27,201,28,1,1,allocated
76,9625,greenran_normal,0,0,65535_65535,0,2,177340,194,1,1,0,26,0,28,1,1,pre_allocation
76,9625,greenran_normal,0,0,65535_65535,0,2,177340,201,1,1,1,27,201,28,1,1,allocated
76,9625,greenran_normal,0,0,65535_65535,0,5,177333,194,1,1,0,26,0,28,1,1,pre_allocation
76,9625,greenran_normal,0,0,65535_65535,0,5,177333,201,1,1,1,27,201,28,1,1,allocated
76,9625,greenran_normal,0,0,65535_65535,0,4,180496,164,1,1,0,27,0,24,1,1,pre_allocation
76,9625,greenran_normal,0,0,65535_65535,0,4,180496,170,1,1,1,28,170,24,1,1,allocated
76,9625,greenran_normal,0,0,65535_65535,0,3,177338,201,1,1,0,27,0,28,1,1,pre_allocation
76,9625,greenran_normal,0,0,65535_65535,0,3,177338,209,1,1,1,28,209,28,1,1,allocated
76,9625,greenran_normal,0,0,65535_65535,0,1,177340,201,1,1,0,27,0,28,1,1,pre_allocation
76,9625,greenran_normal,0,0,65535_65535,0,1,177340,209,1,1,1,28,209,28,1,1,allocated
76,9625,greenran_normal,0,0,65535_65535,0,2,177340,201,1,1,0,27,0,28,1,1,pre_allocation
76,9625,greenran_normal,0,0,65535_65535,0,2,177340,209,1,1,1,28,209,28,1,1,allocated
76,9625,greenran_normal,0,0,65535_65535,0,5,177333,201,1,1,0,27,0,28,1,1,pre_allocation
76,9625,greenran_normal,0,0,65535_65535,0,5,177333,209,1,1,1,28,209,28,1,1,allocated
76,9625,greenran_normal,0,0,65535_65535,0,4,180496,170,1,1,0,28,0,24,1,1,pre_allocation
76,9625,greenran_normal,0,0,65535_65535,0,4,180496,176,1,1,1,29,176,24,1,1,allocated
76,9625,greenran_normal,0,0,65535_65535,0,3,177338,209,1,1,0,28,0,28,1,1,pre_allocation
76,9625,greenran_normal,0,0,65535_65535,0,3,177338,217,1,1,1,29,217,28,1,1,allocated
76,9625,greenran_normal,0,0,65535_65535,0,1,177340,209,1,1,0,28,0,28,1,1,pre_allocation
76,9625,greenran_normal,0,0,65535_65535,0,1,177340,217,1,1,1,29,217,28,1,1,allocated
76,9625,greenran_normal,0,0,65535_65535,0,2,177340,209,1,1,0,28,0,28,1,1,pre_allocation
76,9625,greenran_normal,0,0,65535_65535,0,2,177340,217,1,1,1,29,217,28,1,1,allocated
76,9625,greenran_normal,0,0,65535_65535,0,5,177333,209,1,1,0,28,0,28,1,1,pre_allocation
76,9625,greenran_normal,0,0,65535_65535,0,5,177333,217,1,1,1,29,217,28,1,1,allocated
76,9625,greenran_normal,0,0,65535_65535,0,4,180496,176,1,1,0,29,0,24,1,1,pre_allocation
76,9625,greenran_normal,0,0,65535_65535,0,4,180496,182,1,1,1,30,182,24,1,1,allocated
76,9625,greenran_normal,0,0,65535_65535,0,3,177338,217,1,1,0,29,0,28,1,1,pre_allocation
76,9625,greenran_normal,0,0,65535_65535,0,3,177338,224,1,1,1,30,224,28,1,1,allocated
76,9625,greenran_normal,0,0,65535_65535,0,1,177340,217,1,1,0,29,0,28,1,1,pre_allocation
76,9625,greenran_normal,0,0,65535_65535,0,1,177340,224,1,1,1,30,224,28,1,1,allocated
76,9625,greenran_normal,0,0,65535_65535,0,2,177340,217,1,1,0,29,0,28,1,1,pre_allocation
76,9625,greenran_normal,0,0,65535_65535,0,2,177340,224,1,1,1,30,224,28,1,1,allocated
76,9625,greenran_normal,0,0,65535_65535,0,5,177333,217,1,1,0,29,0,28,1,1,pre_allocation
76,9625,greenran_normal,0,0,65535_65535,0,5,177333,224,1,1,1,30,224,28,1,1,allocated
76,9625,greenran_normal,0,0,65535_65535,0,4,180496,182,1,1,0,30,0,24,1,1,pre_allocation
76,9625,greenran_normal,0,0,65535_65535,0,4,180496,188,1,1,1,31,188,24,1,1,allocated
76,9625,greenran_normal,0,0,65535_65535,0,3,177338,224,1,1,0,30,0,28,1,1,pre_allocation
76,9625,greenran_normal,0,0,65535_65535,0,3,177338,232,1,1,1,31,232,28,1,1,allocated
76,9625,greenran_normal,0,0,65535_65535,0,1,177340,224,1,1,0,30,0,28,1,1,pre_allocation
76,9625,greenran_normal,0,0,65535_65535,0,1,177340,232,1,1,1,31,232,28,1,1,allocated
76,9625,greenran_normal,0,0,65535_65535,0,2,177340,224,1,1,0,30,0,28,1,1,pre_allocation
76,9625,greenran_normal,0,0,65535_65535,0,2,177340,232,1,1,1,31,232,28,1,1,allocated
76,9625,greenran_normal,0,0,65535_65535,0,5,177333,224,1,1,0,30,0,28,1,1,pre_allocation
76,9625,greenran_normal,0,0,65535_65535,0,5,177333,232,1,1,1,31,232,28,1,1,allocated
76,9625,greenran_normal,0,0,65535_65535,0,4,180496,188,1,1,0,31,0,24,1,1,pre_allocation
76,9625,greenran_normal,0,0,65535_65535,0,4,180496,195,1,1,1,32,195,24,1,1,allocated
76,9625,greenran_normal,0,0,65535_65535,0,3,177338,232,1,1,0,31,0,28,1,1,pre_allocation
76,9625,greenran_normal,0,0,65535_65535,0,3,177338,239,1,1,1,32,239,28,1,1,allocated
76,9625,greenran_normal,0,0,65535_65535,0,1,177340,232,1,1,0,31,0,28,1,1,pre_allocation
76,9625,greenran_normal,0,0,65535_65535,0,1,177340,239,1,1,1,32,239,28,1,1,allocated
76,9625,greenran_normal,0,0,65535_65535,0,2,177340,232,1,1,0,31,0,28,1,1,pre_allocation
76,9625,greenran_normal,0,0,65535_65535,0,2,177340,239,1,1,1,32,239,28,1,1,allocated
76,9625,greenran_normal,0,0,65535_65535,0,5,177333,232,1,1,0,31,0,28,1,1,pre_allocation
76,9625,greenran_normal,0,0,65535_65535,0,5,177333,239,1,1,1,32,239,28,1,1,allocated
76,9625,greenran_normal,0,0,65535_65535,0,4,180496,195,1,1,0,32,0,24,1,1,pre_allocation
76,9625,greenran_normal,0,0,65535_65535,0,4,180496,201,1,1,1,33,201,24,1,1,allocated
76,9625,greenran_normal,0,0,65535_65535,0,3,177338,239,1,1,0,32,0,28,1,1,pre_allocation
76,9625,greenran_normal,0,0,65535_65535,0,3,177338,247,1,1,1,33,247,28,1,1,allocated
76,9625,greenran_normal,0,0,65535_65535,0,1,177340,239,1,1,0,32,0,28,1,1,pre_allocation
76,9625,greenran_normal,0,0,65535_65535,0,1,177340,247,1,1,1,33,247,28,1,1,allocated
76,9625,greenran_normal,0,0,65535_65535,0,2,177340,239,1,1,0,32,0,28,1,1,pre_allocation
76,9625,greenran_normal,0,0,65535_65535,0,2,177340,247,1,1,1,33,247,28,1,1,allocated
76,9625,greenran_normal,0,0,65535_65535,0,5,177333,239,1,1,0,32,0,28,1,1,pre_allocation
76,9625,greenran_normal,0,0,65535_65535,0,5,177333,247,1,1,1,33,247,28,1,1,allocated
76,9625,greenran_normal,0,0,65535_65535,0,4,180496,201,1,1,0,33,0,24,1,1,pre_allocation
76,9625,greenran_normal,0,0,65535_65535,0,4,180496,207,1,1,1,34,207,24,1,1,allocated
76,9625,greenran_normal,0,0,65535_65535,0,3,177338,247,1,1,0,33,0,28,1,1,pre_allocation
76,9625,greenran_normal,0,0,65535_65535,0,3,177338,255,1,1,1,34,255,28,1,1,allocated
76,9625,greenran_normal,0,0,65535_65535,0,1,177340,247,1,1,0,33,0,28,1,1,pre_allocation
76,9625,greenran_normal,0,0,65535_65535,0,1,177340,255,1,1,1,34,255,28,1,1,allocated
76,9625,greenran_normal,0,0,65535_65535,2,38,5831028,0,1,1,0,0,0,15,1,1,pre_allocation
76,9625,greenran_normal,0,0,65535_65535,2,38,5831028,2,1,1,1,1,2,15,1,1,allocated
76,9625,greenran_normal,0,0,65535_65535,2,60,5830717,0,1,1,0,0,0,12,1,1,pre_allocation
76,9625,greenran_normal,0,0,65535_65535,2,60,5830717,2,1,1,1,1,2,12,1,1,allocated
76,9625,greenran_normal,0,0,65535_65535,2,64,5830339,0,1,1,0,0,0,12,1,1,pre_allocation
76,9625,greenran_normal,0,0,65535_65535,2,64,5830339,2,1,1,1,1,2,12,1,1,allocated
76,9625,greenran_normal,0,0,65535_65535,2,43,5829623,0,1,1,0,0,0,18,1,1,pre_allocation
76,9625,greenran_normal,0,0,65535_65535,2,43,5829623,0,1,1,1,1,0,18,1,1,allocated
76,9625,greenran_normal,0,0,65535_65535,2,42,5828951,0,1,1,0,0,0,24,1,1,pre_allocation
76,9625,greenran_normal,0,0,65535_65535,2,42,5828951,3,1,1,1,1,3,24,1,1,allocated
76,9625,greenran_normal,0,0,65535_65535,2,36,5828405,0,1,1,0,0,0,26,1,1,pre_allocation
76,9625,greenran_normal,0,0,65535_65535,2,36,5828405,4,1,1,1,1,4,26,1,1,allocated
76,9625,greenran_normal,0,0,65535_65535,2,59,5828378,0,1,1,0,0,0,26,1,1,pre_allocation
76,9625,greenran_normal,0,0,65535_65535,2,59,5828378,4,1,1,1,1,4,26,1,1,allocated
76,9625,greenran_normal,0,0,65535_65535,2,58,5828372,0,1,1,0,0,0,26,1,1,pre_allocation
76,9625,greenran_normal,0,0,65535_65535,2,58,5828372,4,1,1,1,1,4,26,1,1,allocated
76,9625,greenran_normal,0,0,65535_65535,2,39,5828273,0,1,1,0,0,0,28,1,1,pre_allocation
76,9625,greenran_normal,0,0,65535_65535,2,39,5828273,4,1,1,1,1,4,28,1,1,allocated
76,9625,greenran_normal,0,0,65535_65535,2,61,5828265,0,1,1,0,0,0,28,1,1,pre_allocation
76,9625,greenran_normal,0,0,65535_65535,2,61,5828265,4,1,1,1,1,4,28,1,1,allocated
76,9625,greenran_normal,0,0,65535_65535,2,44,5828261,0,1,1,0,0,0,28,1,1,pre_allocation
76,9625,greenran_normal,0,0,65535_65535,2,44,5828261,4,1,1,1,1,4,28,1,1,allocated
76,9625,greenran_normal,0,0,65535_65535,2,55,5828261,0,1,1,0,0,0,28,1,1,pre_allocation
76,9625,greenran_normal,0,0,65535_65535,2,55,5828261,4,1,1,1,1,4,28,1,1,allocated
76,9625,greenran_normal,0,0,65535_65535,2,35,5828260,0,1,1,0,0,0,28,1,1,pre_allocation
76,9625,greenran_normal,0,0,65535_65535,2,35,5828260,4,1,1,1,1,4,28,1,1,allocated
76,9625,greenran_normal,0,0,65535_65535,2,37,5828263,0,1,1,0,0,0,28,1,1,pre_allocation
76,9625,greenran_normal,0,0,65535_65535,2,37,5828263,4,1,1,1,1,4,28,1,1,allocated
76,9625,greenran_normal,0,0,65535_65535,2,41,5828263,0,1,1,0,0,0,28,1,1,pre_allocation
76,9625,greenran_normal,0,0,65535_65535,2,41,5828263,4,1,1,1,1,4,28,1,1,allocated
76,9625,greenran_normal,0,0,65535_65535,2,56,5828260,0,1,1,0,0,0,28,1,1,pre_allocation
76,9625,greenran_normal,0,0,65535_65535,2,56,5828260,4,1,1,1,1,4,28,1,1,allocated
76,9625,greenran_normal,0,0,65535_65535,2,57,5828260,0,1,1,0,0,0,28,1,1,pre_allocation
76,9625,greenran_normal,0,0,65535_65535,2,57,5828260,4,1,1,1,1,4,28,1,1,allocated
76,9625,greenran_normal,0,0,65535_65535,2,40,5828262,0,1,1,0,0,0,28,1,1,pre_allocation
76,9625,greenran_normal,0,0,65535_65535,2,40,5828262,4,1,1,1,1,4,28,1,1,allocated
76,9625,greenran_normal,0,0,65535_65535,2,63,5828259,0,1,1,0,0,0,28,1,1,pre_allocation
76,9625,greenran_normal,0,0,65535_65535,2,63,5828259,4,1,1,1,1,4,28,1,1,allocated
76,9625,greenran_normal,0,0,65535_65535,2,62,5828259,0,1,1,0,0,0,28,1,1,pre_allocation
76,9625,greenran_normal,0,0,65535_65535,2,62,5828259,4,1,1,1,1,4,28,1,1,allocated
76,9625,greenran_normal,0,0,65535_65535,2,38,5831028,2,1,1,0,1,0,15,1,1,pre_allocation
76,9625,greenran_normal,0,0,65535_65535,2,38,5831028,2,1,1,1,2,2,15,1,1,allocated
76,9625,greenran_normal,0,0,65535_65535,2,60,5830717,2,1,1,0,1,0,12,1,1,pre_allocation
76,9625,greenran_normal,0,0,65535_65535,2,60,5830717,1,1,1,1,2,1,12,1,1,allocated
76,9625,greenran_normal,0,0,65535_65535,2,64,5830339,2,1,1,0,1,0,12,1,1,pre_allocation
76,9625,greenran_normal,0,0,65535_65535,2,64,5830339,1,1,1,1,2,1,12,1,1,allocated
76,9625,greenran_normal,0,0,65535_65535,2,43,5829623,0,1,1,0,1,0,18,1,1,pre_allocation
76,9625,greenran_normal,0,0,65535_65535,2,43,5829623,4,1,1,1,2,4,18,1,1,allocated
76,9625,greenran_normal,0,0,65535_65535,2,42,5828951,3,1,1,0,1,0,24,1,1,pre_allocation
76,9625,greenran_normal,0,0,65535_65535,2,42,5828951,9,1,1,1,2,9,24,1,1,allocated
76,9625,greenran_normal,0,0,65535_65535,2,36,5828405,4,1,1,0,1,0,26,1,1,pre_allocation
76,9625,greenran_normal,0,0,65535_65535,2,36,5828405,11,1,1,1,2,11,26,1,1,allocated
76,9625,greenran_normal,0,0,65535_65535,2,59,5828378,4,1,1,0,1,0,26,1,1,pre_allocation
76,9625,greenran_normal,0,0,65535_65535,2,59,5828378,11,1,1,1,2,11,26,1,1,allocated
76,9625,greenran_normal,0,0,65535_65535,2,58,5828372,4,1,1,0,1,0,26,1,1,pre_allocation
76,9625,greenran_normal,0,0,65535_65535,2,58,5828372,11,1,1,1,2,11,26,1,1,allocated
76,9625,greenran_normal,0,0,65535_65535,2,39,5828273,4,1,1,0,1,0,28,1,1,pre_allocation
76,9625,greenran_normal,0,0,65535_65535,2,39,5828273,12,1,1,1,2,12,28,1,1,allocated
76,9625,greenran_normal,0,0,65535_65535,2,61,5828265,4,1,1,0,1,0,28,1,1,pre_allocation
76,9625,greenran_normal,0,0,65535_65535,2,61,5828265,12,1,1,1,2,12,28,1,1,allocated
76,9625,greenran_normal,0,0,65535_65535,2,44,5828261,4,1,1,0,1,0,28,1,1,pre_allocation
76,9625,greenran_normal,0,0,65535_65535,2,44,5828261,12,1,1,1,2,12,28,1,1,allocated
76,9625,greenran_normal,0,0,65535_65535,2,55,5828261,4,1,1,0,1,0,28,1,1,pre_allocation
76,9625,greenran_normal,0,0,65535_65535,2,55,5828261,12,1,1,1,2,12,28,1,1,allocated
76,9625,greenran_normal,0,0,65535_65535,2,35,5828260,4,1,1,0,1,0,28,1,1,pre_allocation
76,9625,greenran_normal,0,0,65535_65535,2,35,5828260,12,1,1,1,2,12,28,1,1,allocated
76,9625,greenran_normal,0,0,65535_65535,2,37,5828263,4,1,1,0,1,0,28,1,1,pre_allocation
76,9625,greenran_normal,0,0,65535_65535,2,37,5828263,12,1,1,1,2,12,28,1,1,allocated
76,9625,greenran_normal,0,0,65535_65535,2,41,5828263,4,1,1,0,1,0,28,1,1,pre_allocation
76,9625,greenran_normal,0,0,65535_65535,2,41,5828263,12,1,1,1,2,12,28,1,1,allocated
76,9625,greenran_normal,0,0,65535_65535,2,56,5828260,4,1,1,0,1,0,28,1,1,pre_allocation
76,9625,greenran_normal,0,0,65535_65535,2,56,5828260,12,1,1,1,2,12,28,1,1,allocated
76,9625,greenran_normal,0,0,65535_65535,2,57,5828260,4,1,1,0,1,0,28,1,1,pre_allocation
76,9625,greenran_normal,0,0,65535_65535,2,57,5828260,12,1,1,1,2,12,28,1,1,allocated
76,9625,greenran_normal,0,0,65535_65535,2,40,5828262,4,1,1,0,1,0,28,1,1,pre_allocation
76,9625,greenran_normal,0,0,65535_65535,2,40,5828262,12,1,1,1,2,12,28,1,1,allocated
76,9625,greenran_normal,0,0,65535_65535,2,63,5828259,4,1,1,0,1,0,28,1,1,pre_allocation
76,9625,greenran_normal,0,0,65535_65535,2,63,5828259,12,1,1,1,2,12,28,1,1,allocated
76,9625,greenran_normal,0,0,65535_65535,2,62,5828259,4,1,1,0,1,0,28,1,1,pre_allocation
76,9625,greenran_normal,0,0,65535_65535,2,62,5828259,12,1,1,1,2,12,28,1,1,allocated
76,9625,greenran_normal,0,0,65535_65535,2,38,5831028,2,1,1,0,2,0,15,1,1,pre_allocation
76,9625,greenran_normal,0,0,65535_65535,2,38,5831028,5,1,1,1,3,5,15,1,1,allocated
76,9625,greenran_normal,0,0,65535_65535,2,60,5830717,1,1,1,0,2,0,12,1,1,pre_allocation
76,9625,greenran_normal,0,0,65535_65535,2,60,5830717,3,1,1,1,3,3,12,1,1,allocated
76,9625,greenran_normal,0,0,65535_65535,2,64,5830339,1,1,1,0,2,0,12,1,1,pre_allocation
76,9625,greenran_normal,0,0,65535_65535,2,64,5830339,3,1,1,1,3,3,12,1,1,allocated
76,9625,greenran_normal,0,0,65535_65535,2,43,5829623,4,1,1,0,2,0,18,1,1,pre_allocation
76,9625,greenran_normal,0,0,65535_65535,2,43,5829623,8,1,1,1,3,8,18,1,1,allocated
76,9625,greenran_normal,0,0,65535_65535,2,42,5828951,9,1,1,0,2,0,24,1,1,pre_allocation
76,9625,greenran_normal,0,0,65535_65535,2,42,5828951,15,1,1,1,3,15,24,1,1,allocated
76,9625,greenran_normal,0,0,65535_65535,2,36,5828405,11,1,1,0,2,0,26,1,1,pre_allocation
76,9625,greenran_normal,0,0,65535_65535,2,36,5828405,18,1,1,1,3,18,26,1,1,allocated
76,9625,greenran_normal,0,0,65535_65535,2,59,5828378,11,1,1,0,2,0,26,1,1,pre_allocation
76,9625,greenran_normal,0,0,65535_65535,2,59,5828378,18,1,1,1,3,18,26,1,1,allocated
76,9625,greenran_normal,0,0,65535_65535,2,58,5828372,11,1,1,0,2,0,26,1,1,pre_allocation
76,9625,greenran_normal,0,0,65535_65535,2,58,5828372,18,1,1,1,3,18,26,1,1,allocated
76,9625,greenran_normal,0,0,65535_65535,2,39,5828273,12,1,1,0,2,0,28,1,1,pre_allocation
76,9625,greenran_normal,0,0,65535_65535,2,39,5828273,19,1,1,1,3,19,28,1,1,allocated
76,9625,greenran_normal,0,0,65535_65535,2,61,5828265,12,1,1,0,2,0,28,1,1,pre_allocation
76,9625,greenran_normal,0,0,65535_65535,2,61,5828265,19,1,1,1,3,19,28,1,1,allocated
76,9625,greenran_normal,0,0,65535_65535,2,44,5828261,12,1,1,0,2,0,28,1,1,pre_allocation
76,9625,greenran_normal,0,0,65535_65535,2,44,5828261,19,1,1,1,3,19,28,1,1,allocated
76,9625,greenran_normal,0,0,65535_65535,2,55,5828261,12,1,1,0,2,0,28,1,1,pre_allocation
76,9625,greenran_normal,0,0,65535_65535,2,55,5828261,19,1,1,1,3,19,28,1,1,allocated
76,9625,greenran_normal,0,0,65535_65535,2,35,5828260,12,1,1,0,2,0,28,1,1,pre_allocation
76,9625,greenran_normal,0,0,65535_65535,2,35,5828260,19,1,1,1,3,19,28,1,1,allocated
76,9625,greenran_normal,0,0,65535_65535,2,37,5828263,12,1,1,0,2,0,28,1,1,pre_allocation
76,9625,greenran_normal,0,0,65535_65535,2,37,5828263,19,1,1,1,3,19,28,1,1,allocated
76,9625,greenran_normal,0,0,65535_65535,2,41,5828263,12,1,1,0,2,0,28,1,1,pre_allocation
76,9625,greenran_normal,0,0,65535_65535,2,41,5828263,19,1,1,1,3,19,28,1,1,allocated
76,9625,greenran_normal,0,0,65535_65535,2,56,5828260,12,1,1,0,2,0,28,1,1,pre_allocation
76,9625,greenran_normal,0,0,65535_65535,2,56,5828260,19,1,1,1,3,19,28,1,1,allocated
76,9625,greenran_normal,0,0,65535_65535,2,57,5828260,12,1,1,0,2,0,28,1,1,pre_allocation
76,9625,greenran_normal,0,0,65535_65535,2,57,5828260,19,1,1,1,3,19,28,1,1,allocated
76,9625,greenran_normal,0,0,65535_65535,2,40,5828262,12,1,1,0,2,0,28,1,1,pre_allocation
76,9625,greenran_normal,0,0,65535_65535,2,40,5828262,19,1,1,1,3,19,28,1,1,allocated
76,9625,greenran_normal,0,0,65535_65535,2,63,5828259,12,1,1,0,2,0,28,1,1,pre_allocation
76,9625,greenran_normal,0,0,65535_65535,2,63,5828259,19,1,1,1,3,19,28,1,1,allocated
76,9625,greenran_normal,0,0,65535_65535,2,62,5828259,12,1,1,0,2,0,28,1,1,pre_allocation
76,9625,greenran_normal,0,0,65535_65535,2,62,5828259,19,1,1,1,3,19,28,1,1,allocated
76,9625,greenran_normal,0,0,65535_65535,2,38,5831028,5,1,1,0,3,0,15,1,1,pre_allocation
76,9625,greenran_normal,0,0,65535_65535,2,38,5831028,8,1,1,1,4,8,15,1,1,allocated
76,9625,greenran_normal,0,0,65535_65535,2,60,5830717,3,1,1,0,3,0,12,1,1,pre_allocation
76,9625,greenran_normal,0,0,65535_65535,2,60,5830717,5,1,1,1,4,5,12,1,1,allocated
76,9625,greenran_normal,0,0,65535_65535,2,64,5830339,3,1,1,0,3,0,12,1,1,pre_allocation
76,9625,greenran_normal,0,0,65535_65535,2,64,5830339,5,1,1,1,4,5,12,1,1,allocated
76,9625,greenran_normal,0,0,65535_65535,2,43,5829623,8,1,1,0,3,0,18,1,1,pre_allocation
76,9625,greenran_normal,0,0,65535_65535,2,43,5829623,11,1,1,1,4,11,18,1,1,allocated
76,9625,greenran_normal,0,0,65535_65535,2,42,5828951,15,1,1,0,3,0,24,1,1,pre_allocation
76,9625,greenran_normal,0,0,65535_65535,2,42,5828951,21,1,1,1,4,21,24,1,1,allocated
76,9625,greenran_normal,0,0,65535_65535,2,36,5828405,18,1,1,0,3,0,26,1,1,pre_allocation
76,9625,greenran_normal,0,0,65535_65535,2,36,5828405,25,1,1,1,4,25,26,1,1,allocated
76,9625,greenran_normal,0,0,65535_65535,2,59,5828378,18,1,1,0,3,0,26,1,1,pre_allocation
76,9625,greenran_normal,0,0,65535_65535,2,59,5828378,25,1,1,1,4,25,26,1,1,allocated
76,9625,greenran_normal,0,0,65535_65535,2,58,5828372,18,1,1,0,3,0,26,1,1,pre_allocation
76,9625,greenran_normal,0,0,65535_65535,2,58,5828372,25,1,1,1,4,25,26,1,1,allocated
76,9625,greenran_normal,0,0,65535_65535,2,39,5828273,19,1,1,0,3,0,28,1,1,pre_allocation
76,9625,greenran_normal,0,0,65535_65535,2,39,5828273,27,1,1,1,4,27,28,1,1,allocated
76,9625,greenran_normal,0,0,65535_65535,2,61,5828265,19,1,1,0,3,0,28,1,1,pre_allocation
76,9625,greenran_normal,0,0,65535_65535,2,61,5828265,27,1,1,1,4,27,28,1,1,allocated
76,9625,greenran_normal,0,0,65535_65535,2,44,5828261,19,1,1,0,3,0,28,1,1,pre_allocation
76,9625,greenran_normal,0,0,65535_65535,2,44,5828261,27,1,1,1,4,27,28,1,1,allocated
76,9625,greenran_normal,0,0,65535_65535,2,55,5828261,19,1,1,0,3,0,28,1,1,pre_allocation
76,9625,greenran_normal,0,0,65535_65535,2,55,5828261,27,1,1,1,4,27,28,1,1,allocated
76,9625,greenran_normal,0,0,65535_65535,2,35,5828260,19,1,1,0,3,0,28,1,1,pre_allocation
76,9625,greenran_normal,0,0,65535_65535,2,35,5828260,27,1,1,1,4,27,28,1,1,allocated
76,9625,greenran_normal,0,0,65535_65535,2,37,5828263,19,1,1,0,3,0,28,1,1,pre_allocation
76,9625,greenran_normal,0,0,65535_65535,2,37,5828263,27,1,1,1,4,27,28,1,1,allocated
76,9625,greenran_normal,0,0,65535_65535,2,41,5828263,19,1,1,0,3,0,28,1,1,pre_allocation
76,9625,greenran_normal,0,0,65535_65535,2,41,5828263,27,1,1,1,4,27,28,1,1,allocated
76,9625,greenran_normal,0,0,65535_65535,2,56,5828260,19,1,1,0,3,0,28,1,1,pre_allocation
76,9625,greenran_normal,0,0,65535_65535,2,56,5828260,27,1,1,1,4,27,28,1,1,allocated
76,9625,greenran_normal,0,0,65535_65535,2,57,5828260,19,1,1,0,3,0,28,1,1,pre_allocation
76,9625,greenran_normal,0,0,65535_65535,2,57,5828260,27,1,1,1,4,27,28,1,1,allocated
76,9625,greenran_normal,0,0,65535_65535,2,40,5828262,19,1,1,0,3,0,28,1,1,pre_allocation
76,9625,greenran_normal,0,0,65535_65535,2,40,5828262,27,1,1,1,4,27,28,1,1,allocated
76,9625,greenran_normal,0,0,65535_65535,2,63,5828259,19,1,1,0,3,0,28,1,1,pre_allocation
76,9625,greenran_normal,0,0,65535_65535,2,63,5828259,27,1,1,1,4,27,28,1,1,allocated
76,9625,greenran_normal,0,0,65535_65535,2,62,5828259,19,1,1,0,3,0,28,1,1,pre_allocation
76,9625,greenran_normal,0,0,65535_65535,2,62,5828259,27,1,1,1,4,27,28,1,1,allocated
76,9625,greenran_normal,0,0,65535_65535,2,38,5831028,8,1,1,0,4,0,15,1,1,pre_allocation
76,9625,greenran_normal,0,0,65535_65535,2,38,5831028,11,1,1,1,5,11,15,1,1,allocated
76,9625,greenran_normal,0,0,65535_65535,2,60,5830717,5,1,1,0,4,0,12,1,1,pre_allocation
76,9625,greenran_normal,0,0,65535_65535,2,60,5830717,7,1,1,1,5,7,12,1,1,allocated
76,9625,greenran_normal,0,0,65535_65535,2,64,5830339,5,1,1,0,4,0,12,1,1,pre_allocation
76,9625,greenran_normal,0,0,65535_65535,2,64,5830339,7,1,1,1,5,7,12,1,1,allocated
76,9625,greenran_normal,0,0,65535_65535,2,43,5829623,11,1,1,0,4,0,18,1,1,pre_allocation
76,9625,greenran_normal,0,0,65535_65535,2,43,5829623,15,1,1,1,5,15,18,1,1,allocated
76,9625,greenran_normal,0,0,65535_65535,2,42,5828951,21,1,1,0,4,0,24,1,1,pre_allocation
76,9625,greenran_normal,0,0,65535_65535,2,42,5828951,27,1,1,1,5,27,24,1,1,allocated
76,9625,greenran_normal,0,0,65535_65535,2,36,5828405,25,1,1,0,4,0,26,1,1,pre_allocation
76,9625,greenran_normal,0,0,65535_65535,2,36,5828405,32,1,1,1,5,32,26,1,1,allocated
76,9625,greenran_normal,0,0,65535_65535,2,59,5828378,25,1,1,0,4,0,26,1,1,pre_allocation
76,9625,greenran_normal,0,0,65535_65535,2,59,5828378,32,1,1,1,5,32,26,1,1,allocated
76,9625,greenran_normal,0,0,65535_65535,2,58,5828372,25,1,1,0,4,0,26,1,1,pre_allocation
76,9625,greenran_normal,0,0,65535_65535,2,58,5828372,32,1,1,1,5,32,26,1,1,allocated
76,9625,greenran_normal,0,0,65535_65535,2,39,5828273,27,1,1,0,4,0,28,1,1,pre_allocation
76,9625,greenran_normal,0,0,65535_65535,2,39,5828273,34,1,1,1,5,34,28,1,1,allocated
76,9625,greenran_normal,0,0,65535_65535,2,61,5828265,27,1,1,0,4,0,28,1,1,pre_allocation
76,9625,greenran_normal,0,0,65535_65535,2,61,5828265,34,1,1,1,5,34,28,1,1,allocated
76,9625,greenran_normal,0,0,65535_65535,2,44,5828261,27,1,1,0,4,0,28,1,1,pre_allocation
76,9625,greenran_normal,0,0,65535_65535,2,44,5828261,34,1,1,1,5,34,28,1,1,allocated
76,9625,greenran_normal,0,0,65535_65535,2,55,5828261,27,1,1,0,4,0,28,1,1,pre_allocation
76,9625,greenran_normal,0,0,65535_65535,2,55,5828261,34,1,1,1,5,34,28,1,1,allocated
76,9625,greenran_normal,0,0,65535_65535,2,35,5828260,27,1,1,0,4,0,28,1,1,pre_allocation
76,9625,greenran_normal,0,0,65535_65535,2,35,5828260,34,1,1,1,5,34,28,1,1,allocated
76,9625,greenran_normal,0,0,65535_65535,2,37,5828263,27,1,1,0,4,0,28,1,1,pre_allocation
76,9625,greenran_normal,0,0,65535_65535,2,37,5828263,34,1,1,1,5,34,28,1,1,allocated
76,9625,greenran_normal,0,0,65535_65535,2,41,5828263,27,1,1,0,4,0,28,1,1,pre_allocation
76,9625,greenran_normal,0,0,65535_65535,2,41,5828263,34,1,1,1,5,34,28,1,1,allocated
76,9625,greenran_normal,0,0,65535_65535,2,56,5828260,27,1,1,0,4,0,28,1,1,pre_allocation
76,9625,greenran_normal,0,0,65535_65535,2,56,5828260,34,1,1,1,5,34,28,1,1,allocated
76,9625,greenran_normal,0,0,65535_65535,2,57,5828260,27,1,1,0,4,0,28,1,1,pre_allocation
76,9625,greenran_normal,0,0,65535_65535,2,57,5828260,34,1,1,1,5,34,28,1,1,allocated
76,9625,greenran_normal,0,0,65535_65535,2,40,5828262,27,1,1,0,4,0,28,1,1,pre_allocation
76,9625,greenran_normal,0,0,65535_65535,2,40,5828262,34,1,1,1,5,34,28,1,1,allocated
78,9916,greenran_normal,0,0,65535_65535,0,4,186323,0,1,1,0,0,0,24,1,1,pre_allocation
78,9916,greenran_normal,0,0,65535_65535,0,4,186323,3,1,1,1,1,3,24,1,1,allocated
78,9916,greenran_normal,0,0,65535_65535,0,3,183048,0,1,1,0,0,0,28,1,1,pre_allocation
78,9916,greenran_normal,0,0,65535_65535,0,3,183048,4,1,1,1,1,4,28,1,1,allocated
78,9916,greenran_normal,0,0,65535_65535,0,1,183050,0,1,1,0,0,0,28,1,1,pre_allocation
78,9916,greenran_normal,0,0,65535_65535,0,1,183050,4,1,1,1,1,4,28,1,1,allocated
78,9916,greenran_normal,0,0,65535_65535,0,2,183050,0,1,1,0,0,0,28,1,1,pre_allocation
78,9916,greenran_normal,0,0,65535_65535,0,2,183050,4,1,1,1,1,4,28,1,1,allocated
78,9916,greenran_normal,0,0,65535_65535,0,5,183043,0,1,1,0,0,0,28,1,1,pre_allocation
78,9916,greenran_normal,0,0,65535_65535,0,5,183043,4,1,1,1,1,4,28,1,1,allocated
78,9916,greenran_normal,0,0,65535_65535,0,4,186323,3,1,1,0,1,0,24,1,1,pre_allocation
78,9916,greenran_normal,0,0,65535_65535,0,4,186323,9,1,1,1,2,9,24,1,1,allocated
78,9916,greenran_normal,0,0,65535_65535,0,3,183048,4,1,1,0,1,0,28,1,1,pre_allocation
78,9916,greenran_normal,0,0,65535_65535,0,3,183048,12,1,1,1,2,12,28,1,1,allocated
78,9916,greenran_normal,0,0,65535_65535,0,1,183050,4,1,1,0,1,0,28,1,1,pre_allocation
78,9916,greenran_normal,0,0,65535_65535,0,1,183050,12,1,1,1,2,12,28,1,1,allocated
78,9916,greenran_normal,0,0,65535_65535,0,2,183050,4,1,1,0,1,0,28,1,1,pre_allocation
78,9916,greenran_normal,0,0,65535_65535,0,2,183050,12,1,1,1,2,12,28,1,1,allocated
78,9916,greenran_normal,0,0,65535_65535,0,5,183043,4,1,1,0,1,0,28,1,1,pre_allocation
78,9916,greenran_normal,0,0,65535_65535,0,5,183043,12,1,1,1,2,12,28,1,1,allocated
78,9916,greenran_normal,0,0,65535_65535,0,4,186323,9,1,1,0,2,0,24,1,1,pre_allocation
78,9916,greenran_normal,0,0,65535_65535,0,4,186323,15,1,1,1,3,15,24,1,1,allocated
78,9916,greenran_normal,0,0,65535_65535,0,3,183048,12,1,1,0,2,0,28,1,1,pre_allocation
78,9916,greenran_normal,0,0,65535_65535,0,3,183048,19,1,1,1,3,19,28,1,1,allocated
78,9916,greenran_normal,0,0,65535_65535,0,1,183050,12,1,1,0,2,0,28,1,1,pre_allocation
78,9916,greenran_normal,0,0,65535_65535,0,1,183050,19,1,1,1,3,19,28,1,1,allocated
78,9916,greenran_normal,0,0,65535_65535,0,2,183050,12,1,1,0,2,0,28,1,1,pre_allocation
78,9916,greenran_normal,0,0,65535_65535,0,2,183050,19,1,1,1,3,19,28,1,1,allocated
78,9916,greenran_normal,0,0,65535_65535,0,5,183043,12,1,1,0,2,0,28,1,1,pre_allocation
78,9916,greenran_normal,0,0,65535_65535,0,5,183043,19,1,1,1,3,19,28,1,1,allocated
78,9916,greenran_normal,0,0,65535_65535,0,4,186323,15,1,1,0,3,0,24,1,1,pre_allocation
78,9916,greenran_normal,0,0,65535_65535,0,4,186323,21,1,1,1,4,21,24,1,1,allocated
78,9916,greenran_normal,0,0,65535_65535,0,3,183048,19,1,1,0,3,0,28,1,1,pre_allocation
78,9916,greenran_normal,0,0,65535_65535,0,3,183048,27,1,1,1,4,27,28,1,1,allocated
78,9916,greenran_normal,0,0,65535_65535,0,1,183050,19,1,1,0,3,0,28,1,1,pre_allocation
78,9916,greenran_normal,0,0,65535_65535,0,1,183050,27,1,1,1,4,27,28,1,1,allocated
78,9916,greenran_normal,0,0,65535_65535,0,2,183050,19,1,1,0,3,0,28,1,1,pre_allocation
78,9916,greenran_normal,0,0,65535_65535,0,2,183050,27,1,1,1,4,27,28,1,1,allocated
78,9916,greenran_normal,0,0,65535_65535,0,5,183043,19,1,1,0,3,0,28,1,1,pre_allocation
78,9916,greenran_normal,0,0,65535_65535,0,5,183043,27,1,1,1,4,27,28,1,1,allocated
78,9916,greenran_normal,0,0,65535_65535,0,4,186323,21,1,1,0,4,0,24,1,1,pre_allocation
78,9916,greenran_normal,0,0,65535_65535,0,4,186323,27,1,1,1,5,27,24,1,1,allocated
78,9916,greenran_normal,0,0,65535_65535,0,3,183048,27,1,1,0,4,0,28,1,1,pre_allocation
78,9916,greenran_normal,0,0,65535_65535,0,3,183048,34,1,1,1,5,34,28,1,1,allocated
78,9916,greenran_normal,0,0,65535_65535,0,1,183050,27,1,1,0,4,0,28,1,1,pre_allocation
78,9916,greenran_normal,0,0,65535_65535,0,1,183050,34,1,1,1,5,34,28,1,1,allocated
78,9916,greenran_normal,0,0,65535_65535,0,2,183050,27,1,1,0,4,0,28,1,1,pre_allocation
78,9916,greenran_normal,0,0,65535_65535,0,2,183050,34,1,1,1,5,34,28,1,1,allocated
78,9916,greenran_normal,0,0,65535_65535,0,5,183043,27,1,1,0,4,0,28,1,1,pre_allocation
78,9916,greenran_normal,0,0,65535_65535,0,5,183043,34,1,1,1,5,34,28,1,1,allocated
78,9916,greenran_normal,0,0,65535_65535,0,4,186323,27,1,1,0,5,0,24,1,1,pre_allocation
78,9916,greenran_normal,0,0,65535_65535,0,4,186323,34,1,1,1,6,34,24,1,1,allocated
78,9916,greenran_normal,0,0,65535_65535,0,3,183048,34,1,1,0,5,0,28,1,1,pre_allocation
78,9916,greenran_normal,0,0,65535_65535,0,3,183048,42,1,1,1,6,42,28,1,1,allocated
78,9916,greenran_normal,0,0,65535_65535,0,1,183050,34,1,1,0,5,0,28,1,1,pre_allocation
78,9916,greenran_normal,0,0,65535_65535,0,1,183050,42,1,1,1,6,42,28,1,1,allocated
78,9916,greenran_normal,0,0,65535_65535,0,2,183050,34,1,1,0,5,0,28,1,1,pre_allocation
78,9916,greenran_normal,0,0,65535_65535,0,2,183050,42,1,1,1,6,42,28,1,1,allocated
78,9916,greenran_normal,0,0,65535_65535,0,5,183043,34,1,1,0,5,0,28,1,1,pre_allocation
78,9916,greenran_normal,0,0,65535_65535,0,5,183043,42,1,1,1,6,42,28,1,1,allocated
78,9916,greenran_normal,0,0,65535_65535,0,4,186323,34,1,1,0,6,0,24,1,1,pre_allocation
78,9916,greenran_normal,0,0,65535_65535,0,4,186323,40,1,1,1,7,40,24,1,1,allocated
78,9916,greenran_normal,0,0,65535_65535,0,3,183048,42,1,1,0,6,0,28,1,1,pre_allocation
78,9916,greenran_normal,0,0,65535_65535,0,3,183048,50,1,1,1,7,50,28,1,1,allocated
78,9916,greenran_normal,0,0,65535_65535,0,1,183050,42,1,1,0,6,0,28,1,1,pre_allocation
78,9916,greenran_normal,0,0,65535_65535,0,1,183050,50,1,1,1,7,50,28,1,1,allocated
78,9916,greenran_normal,0,0,65535_65535,0,2,183050,42,1,1,0,6,0,28,1,1,pre_allocation
78,9916,greenran_normal,0,0,65535_65535,0,2,183050,50,1,1,1,7,50,28,1,1,allocated
78,9916,greenran_normal,0,0,65535_65535,0,5,183043,42,1,1,0,6,0,28,1,1,pre_allocation
78,9916,greenran_normal,0,0,65535_65535,0,5,183043,50,1,1,1,7,50,28,1,1,allocated
78,9916,greenran_normal,0,0,65535_65535,0,4,186323,40,1,1,0,7,0,24,1,1,pre_allocation
78,9916,greenran_normal,0,0,65535_65535,0,4,186323,46,1,1,1,8,46,24,1,1,allocated
78,9916,greenran_normal,0,0,65535_65535,0,3,183048,50,1,1,0,7,0,28,1,1,pre_allocation
78,9916,greenran_normal,0,0,65535_65535,0,3,183048,57,1,1,1,8,57,28,1,1,allocated
78,9916,greenran_normal,0,0,65535_65535,0,1,183050,50,1,1,0,7,0,28,1,1,pre_allocation
78,9916,greenran_normal,0,0,65535_65535,0,1,183050,57,1,1,1,8,57,28,1,1,allocated
78,9916,greenran_normal,0,0,65535_65535,0,2,183050,50,1,1,0,7,0,28,1,1,pre_allocation
78,9916,greenran_normal,0,0,65535_65535,0,2,183050,57,1,1,1,8,57,28,1,1,allocated
78,9916,greenran_normal,0,0,65535_65535,0,5,183043,50,1,1,0,7,0,28,1,1,pre_allocation
78,9916,greenran_normal,0,0,65535_65535,0,5,183043,57,1,1,1,8,57,28,1,1,allocated
78,9916,greenran_normal,0,0,65535_65535,0,4,186323,46,1,1,0,8,0,24,1,1,pre_allocation
78,9916,greenran_normal,0,0,65535_65535,0,4,186323,52,1,1,1,9,52,24,1,1,allocated
78,9916,greenran_normal,0,0,65535_65535,0,3,183048,57,1,1,0,8,0,28,1,1,pre_allocation
78,9916,greenran_normal,0,0,65535_65535,0,3,183048,65,1,1,1,9,65,28,1,1,allocated
78,9916,greenran_normal,0,0,65535_65535,0,1,183050,57,1,1,0,8,0,28,1,1,pre_allocation
78,9916,greenran_normal,0,0,65535_65535,0,1,183050,65,1,1,1,9,65,28,1,1,allocated
78,9916,greenran_normal,0,0,65535_65535,0,2,183050,57,1,1,0,8,0,28,1,1,pre_allocation
78,9916,greenran_normal,0,0,65535_65535,0,2,183050,65,1,1,1,9,65,28,1,1,allocated
78,9916,greenran_normal,0,0,65535_65535,0,5,183043,57,1,1,0,8,0,28,1,1,pre_allocation
78,9916,greenran_normal,0,0,65535_65535,0,5,183043,65,1,1,1,9,65,28,1,1,allocated
78,9916,greenran_normal,0,0,65535_65535,0,4,186323,52,1,1,0,9,0,24,1,1,pre_allocation
78,9916,greenran_normal,0,0,65535_65535,0,4,186323,58,1,1,1,10,58,24,1,1,allocated
78,9916,greenran_normal,0,0,65535_65535,0,3,183048,65,1,1,0,9,0,28,1,1,pre_allocation
78,9916,greenran_normal,0,0,65535_65535,0,3,183048,72,1,1,1,10,72,28,1,1,allocated
78,9916,greenran_normal,0,0,65535_65535,0,1,183050,65,1,1,0,9,0,28,1,1,pre_allocation
78,9916,greenran_normal,0,0,65535_65535,0,1,183050,72,1,1,1,10,72,28,1,1,allocated
78,9916,greenran_normal,0,0,65535_65535,0,2,183050,65,1,1,0,9,0,28,1,1,pre_allocation
78,9916,greenran_normal,0,0,65535_65535,0,2,183050,72,1,1,1,10,72,28,1,1,allocated
78,9916,greenran_normal,0,0,65535_65535,0,5,183043,65,1,1,0,9,0,28,1,1,pre_allocation
78,9916,greenran_normal,0,0,65535_65535,0,5,183043,72,1,1,1,10,72,28,1,1,allocated
78,9916,greenran_normal,0,0,65535_65535,0,4,186323,58,1,1,0,10,0,24,1,1,pre_allocation
78,9916,greenran_normal,0,0,65535_65535,0,4,186323,65,1,1,1,11,65,24,1,1,allocated
78,9916,greenran_normal,0,0,65535_65535,0,3,183048,72,1,1,0,10,0,28,1,1,pre_allocation
78,9916,greenran_normal,0,0,65535_65535,0,3,183048,80,1,1,1,11,80,28,1,1,allocated
78,9916,greenran_normal,0,0,65535_65535,0,1,183050,72,1,1,0,10,0,28,1,1,pre_allocation
78,9916,greenran_normal,0,0,65535_65535,0,1,183050,80,1,1,1,11,80,28,1,1,allocated
78,9916,greenran_normal,0,0,65535_65535,0,2,183050,72,1,1,0,10,0,28,1,1,pre_allocation
78,9916,greenran_normal,0,0,65535_65535,0,2,183050,80,1,1,1,11,80,28,1,1,allocated
78,9916,greenran_normal,0,0,65535_65535,0,5,183043,72,1,1,0,10,0,28,1,1,pre_allocation
78,9916,greenran_normal,0,0,65535_65535,0,5,183043,80,1,1,1,11,80,28,1,1,allocated
78,9916,greenran_normal,0,0,65535_65535,0,4,186323,65,1,1,0,11,0,24,1,1,pre_allocation
78,9916,greenran_normal,0,0,65535_65535,0,4,186323,71,1,1,1,12,71,24,1,1,allocated
78,9916,greenran_normal,0,0,65535_65535,0,3,183048,80,1,1,0,11,0,28,1,1,pre_allocation
78,9916,greenran_normal,0,0,65535_65535,0,3,183048,88,1,1,1,12,88,28,1,1,allocated
78,9916,greenran_normal,0,0,65535_65535,0,1,183050,80,1,1,0,11,0,28,1,1,pre_allocation
78,9916,greenran_normal,0,0,65535_65535,0,1,183050,88,1,1,1,12,88,28,1,1,allocated
78,9916,greenran_normal,0,0,65535_65535,0,2,183050,80,1,1,0,11,0,28,1,1,pre_allocation
78,9916,greenran_normal,0,0,65535_65535,0,2,183050,88,1,1,1,12,88,28,1,1,allocated
78,9916,greenran_normal,0,0,65535_65535,0,5,183043,80,1,1,0,11,0,28,1,1,pre_allocation
78,9916,greenran_normal,0,0,65535_65535,0,5,183043,88,1,1,1,12,88,28,1,1,allocated
78,9916,greenran_normal,0,0,65535_65535,0,4,186323,71,1,1,0,12,0,24,1,1,pre_allocation
78,9916,greenran_normal,0,0,65535_65535,0,4,186323,77,1,1,1,13,77,24,1,1,allocated
78,9916,greenran_normal,0,0,65535_65535,0,3,183048,88,1,1,0,12,0,28,1,1,pre_allocation
78,9916,greenran_normal,0,0,65535_65535,0,3,183048,95,1,1,1,13,95,28,1,1,allocated
78,9916,greenran_normal,0,0,65535_65535,0,1,183050,88,1,1,0,12,0,28,1,1,pre_allocation
78,9916,greenran_normal,0,0,65535_65535,0,1,183050,95,1,1,1,13,95,28,1,1,allocated
78,9916,greenran_normal,0,0,65535_65535,0,2,183050,88,1,1,0,12,0,28,1,1,pre_allocation
78,9916,greenran_normal,0,0,65535_65535,0,2,183050,95,1,1,1,13,95,28,1,1,allocated
78,9916,greenran_normal,0,0,65535_65535,0,5,183043,88,1,1,0,12,0,28,1,1,pre_allocation
78,9916,greenran_normal,0,0,65535_65535,0,5,183043,95,1,1,1,13,95,28,1,1,allocated
78,9916,greenran_normal,0,0,65535_65535,0,4,186323,77,1,1,0,13,0,24,1,1,pre_allocation
78,9916,greenran_normal,0,0,65535_65535,0,4,186323,83,1,1,1,14,83,24,1,1,allocated
78,9916,greenran_normal,0,0,65535_65535,0,3,183048,95,1,1,0,13,0,28,1,1,pre_allocation
78,9916,greenran_normal,0,0,65535_65535,0,3,183048,103,1,1,1,14,103,28,1,1,allocated
78,9916,greenran_normal,0,0,65535_65535,0,1,183050,95,1,1,0,13,0,28,1,1,pre_allocation
78,9916,greenran_normal,0,0,65535_65535,0,1,183050,103,1,1,1,14,103,28,1,1,allocated
78,9916,greenran_normal,0,0,65535_65535,0,2,183050,95,1,1,0,13,0,28,1,1,pre_allocation
78,9916,greenran_normal,0,0,65535_65535,0,2,183050,103,1,1,1,14,103,28,1,1,allocated
78,9916,greenran_normal,0,0,65535_65535,0,5,183043,95,1,1,0,13,0,28,1,1,pre_allocation
78,9916,greenran_normal,0,0,65535_65535,0,5,183043,103,1,1,1,14,103,28,1,1,allocated
78,9916,greenran_normal,0,0,65535_65535,0,4,186323,83,1,1,0,14,0,24,1,1,pre_allocation
78,9916,greenran_normal,0,0,65535_65535,0,4,186323,89,1,1,1,15,89,24,1,1,allocated
78,9916,greenran_normal,0,0,65535_65535,0,3,183048,103,1,1,0,14,0,28,1,1,pre_allocation
78,9916,greenran_normal,0,0,65535_65535,0,3,183048,110,1,1,1,15,110,28,1,1,allocated
78,9916,greenran_normal,0,0,65535_65535,0,1,183050,103,1,1,0,14,0,28,1,1,pre_allocation
78,9916,greenran_normal,0,0,65535_65535,0,1,183050,110,1,1,1,15,110,28,1,1,allocated
78,9916,greenran_normal,0,0,65535_65535,0,2,183050,103,1,1,0,14,0,28,1,1,pre_allocation
78,9916,greenran_normal,0,0,65535_65535,0,2,183050,110,1,1,1,15,110,28,1,1,allocated
78,9916,greenran_normal,0,0,65535_65535,0,5,183043,103,1,1,0,14,0,28,1,1,pre_allocation
78,9916,greenran_normal,0,0,65535_65535,0,5,183043,110,1,1,1,15,110,28,1,1,allocated
78,9916,greenran_normal,0,0,65535_65535,0,4,186323,89,1,1,0,15,0,24,1,1,pre_allocation
78,9916,greenran_normal,0,0,65535_65535,0,4,186323,96,1,1,1,16,96,24,1,1,allocated
78,9916,greenran_normal,0,0,65535_65535,0,3,183048,110,1,1,0,15,0,28,1,1,pre_allocation
78,9916,greenran_normal,0,0,65535_65535,0,3,183048,118,1,1,1,16,118,28,1,1,allocated
78,9916,greenran_normal,0,0,65535_65535,0,1,183050,110,1,1,0,15,0,28,1,1,pre_allocation
78,9916,greenran_normal,0,0,65535_65535,0,1,183050,118,1,1,1,16,118,28,1,1,allocated
78,9916,greenran_normal,0,0,65535_65535,0,2,183050,110,1,1,0,15,0,28,1,1,pre_allocation
78,9916,greenran_normal,0,0,65535_65535,0,2,183050,118,1,1,1,16,118,28,1,1,allocated
78,9916,greenran_normal,0,0,65535_65535,0,5,183043,110,1,1,0,15,0,28,1,1,pre_allocation
78,9916,greenran_normal,0,0,65535_65535,0,5,183043,118,1,1,1,16,118,28,1,1,allocated
78,9916,greenran_normal,0,0,65535_65535,0,4,186323,96,1,1,0,16,0,24,1,1,pre_allocation
78,9916,greenran_normal,0,0,65535_65535,0,4,186323,102,1,1,1,17,102,24,1,1,allocated
78,9916,greenran_normal,0,0,65535_65535,0,3,183048,118,1,1,0,16,0,28,1,1,pre_allocation
78,9916,greenran_normal,0,0,65535_65535,0,3,183048,126,1,1,1,17,126,28,1,1,allocated
78,9916,greenran_normal,0,0,65535_65535,0,1,183050,118,1,1,0,16,0,28,1,1,pre_allocation
78,9916,greenran_normal,0,0,65535_65535,0,1,183050,126,1,1,1,17,126,28,1,1,allocated
78,9916,greenran_normal,0,0,65535_65535,0,2,183050,118,1,1,0,16,0,28,1,1,pre_allocation
78,9916,greenran_normal,0,0,65535_65535,0,2,183050,126,1,1,1,17,126,28,1,1,allocated
78,9916,greenran_normal,0,0,65535_65535,0,5,183043,118,1,1,0,16,0,28,1,1,pre_allocation
78,9916,greenran_normal,0,0,65535_65535,0,5,183043,126,1,1,1,17,126,28,1,1,allocated
78,9916,greenran_normal,0,0,65535_65535,0,4,186323,102,1,1,0,17,0,24,1,1,pre_allocation
78,9916,greenran_normal,0,0,65535_65535,0,4,186323,108,1,1,1,18,108,24,1,1,allocated
78,9916,greenran_normal,0,0,65535_65535,0,3,183048,126,1,1,0,17,0,28,1,1,pre_allocation
78,9916,greenran_normal,0,0,65535_65535,0,3,183048,133,1,1,1,18,133,28,1,1,allocated
78,9916,greenran_normal,0,0,65535_65535,0,1,183050,126,1,1,0,17,0,28,1,1,pre_allocation
78,9916,greenran_normal,0,0,65535_65535,0,1,183050,133,1,1,1,18,133,28,1,1,allocated
78,9916,greenran_normal,0,0,65535_65535,0,2,183050,126,1,1,0,17,0,28,1,1,pre_allocation
78,9916,greenran_normal,0,0,65535_65535,0,2,183050,133,1,1,1,18,133,28,1,1,allocated
78,9916,greenran_normal,0,0,65535_65535,0,5,183043,126,1,1,0,17,0,28,1,1,pre_allocation
78,9916,greenran_normal,0,0,65535_65535,0,5,183043,133,1,1,1,18,133,28,1,1,allocated
78,9916,greenran_normal,0,0,65535_65535,0,4,186323,108,1,1,0,18,0,24,1,1,pre_allocation
78,9916,greenran_normal,0,0,65535_65535,0,4,186323,114,1,1,1,19,114,24,1,1,allocated
78,9916,greenran_normal,0,0,65535_65535,0,3,183048,133,1,1,0,18,0,28,1,1,pre_allocation
78,9916,greenran_normal,0,0,65535_65535,0,3,183048,141,1,1,1,19,141,28,1,1,allocated
78,9916,greenran_normal,0,0,65535_65535,0,1,183050,133,1,1,0,18,0,28,1,1,pre_allocation
78,9916,greenran_normal,0,0,65535_65535,0,1,183050,141,1,1,1,19,141,28,1,1,allocated
78,9916,greenran_normal,0,0,65535_65535,0,2,183050,133,1,1,0,18,0,28,1,1,pre_allocation
78,9916,greenran_normal,0,0,65535_65535,0,2,183050,141,1,1,1,19,141,28,1,1,allocated
78,9916,greenran_normal,0,0,65535_65535,0,5,183043,133,1,1,0,18,0,28,1,1,pre_allocation
78,9916,greenran_normal,0,0,65535_65535,0,5,183043,141,1,1,1,19,141,28,1,1,allocated
78,9916,greenran_normal,0,0,65535_65535,0,4,186323,114,1,1,0,19,0,24,1,1,pre_allocation
78,9916,greenran_normal,0,0,65535_65535,0,4,186323,120,1,1,1,20,120,24,1,1,allocated
78,9916,greenran_normal,0,0,65535_65535,0,3,183048,141,1,1,0,19,0,28,1,1,pre_allocation
78,9916,greenran_normal,0,0,65535_65535,0,3,183048,148,1,1,1,20,148,28,1,1,allocated
78,9916,greenran_normal,0,0,65535_65535,0,1,183050,141,1,1,0,19,0,28,1,1,pre_allocation
78,9916,greenran_normal,0,0,65535_65535,0,1,183050,148,1,1,1,20,148,28,1,1,allocated
78,9916,greenran_normal,0,0,65535_65535,0,2,183050,141,1,1,0,19,0,28,1,1,pre_allocation
78,9916,greenran_normal,0,0,65535_65535,0,2,183050,148,1,1,1,20,148,28,1,1,allocated
78,9916,greenran_normal,0,0,65535_65535,0,5,183043,141,1,1,0,19,0,28,1,1,pre_allocation
78,9916,greenran_normal,0,0,65535_65535,0,5,183043,148,1,1,1,20,148,28,1,1,allocated
78,9916,greenran_normal,0,0,65535_65535,0,4,186323,120,1,1,0,20,0,24,1,1,pre_allocation
78,9916,greenran_normal,0,0,65535_65535,0,4,186323,126,1,1,1,21,126,24,1,1,allocated
78,9916,greenran_normal,0,0,65535_65535,0,3,183048,148,1,1,0,20,0,28,1,1,pre_allocation
78,9916,greenran_normal,0,0,65535_65535,0,3,183048,156,1,1,1,21,156,28,1,1,allocated
78,9916,greenran_normal,0,0,65535_65535,0,1,183050,148,1,1,0,20,0,28,1,1,pre_allocation
78,9916,greenran_normal,0,0,65535_65535,0,1,183050,156,1,1,1,21,156,28,1,1,allocated
78,9916,greenran_normal,0,0,65535_65535,0,2,183050,148,1,1,0,20,0,28,1,1,pre_allocation
78,9916,greenran_normal,0,0,65535_65535,0,2,183050,156,1,1,1,21,156,28,1,1,allocated
78,9916,greenran_normal,0,0,65535_65535,0,5,183043,148,1,1,0,20,0,28,1,1,pre_allocation
78,9916,greenran_normal,0,0,65535_65535,0,5,183043,156,1,1,1,21,156,28,1,1,allocated
78,9916,greenran_normal,0,0,65535_65535,0,4,186323,126,1,1,0,21,0,24,1,1,pre_allocation
78,9916,greenran_normal,0,0,65535_65535,0,4,186323,133,1,1,1,22,133,24,1,1,allocated
78,9916,greenran_normal,0,0,65535_65535,0,3,183048,156,1,1,0,21,0,28,1,1,pre_allocation
78,9916,greenran_normal,0,0,65535_65535,0,3,183048,163,1,1,1,22,163,28,1,1,allocated
78,9916,greenran_normal,0,0,65535_65535,0,1,183050,156,1,1,0,21,0,28,1,1,pre_allocation
78,9916,greenran_normal,0,0,65535_65535,0,1,183050,163,1,1,1,22,163,28,1,1,allocated
78,9916,greenran_normal,0,0,65535_65535,0,2,183050,156,1,1,0,21,0,28,1,1,pre_allocation
78,9916,greenran_normal,0,0,65535_65535,0,2,183050,163,1,1,1,22,163,28,1,1,allocated
78,9916,greenran_normal,0,0,65535_65535,0,5,183043,156,1,1,0,21,0,28,1,1,pre_allocation
78,9916,greenran_normal,0,0,65535_65535,0,5,183043,163,1,1,1,22,163,28,1,1,allocated
78,9916,greenran_normal,0,0,65535_65535,0,4,186323,133,1,1,0,22,0,24,1,1,pre_allocation
78,9916,greenran_normal,0,0,65535_65535,0,4,186323,139,1,1,1,23,139,24,1,1,allocated
78,9916,greenran_normal,0,0,65535_65535,0,3,183048,163,1,1,0,22,0,28,1,1,pre_allocation
78,9916,greenran_normal,0,0,65535_65535,0,3,183048,171,1,1,1,23,171,28,1,1,allocated
78,9916,greenran_normal,0,0,65535_65535,0,1,183050,163,1,1,0,22,0,28,1,1,pre_allocation
78,9916,greenran_normal,0,0,65535_65535,0,1,183050,171,1,1,1,23,171,28,1,1,allocated
78,9916,greenran_normal,0,0,65535_65535,0,2,183050,163,1,1,0,22,0,28,1,1,pre_allocation
78,9916,greenran_normal,0,0,65535_65535,0,2,183050,171,1,1,1,23,171,28,1,1,allocated
78,9916,greenran_normal,0,0,65535_65535,0,5,183043,163,1,1,0,22,0,28,1,1,pre_allocation
78,9916,greenran_normal,0,0,65535_65535,0,5,183043,171,1,1,1,23,171,28,1,1,allocated
78,9916,greenran_normal,0,0,65535_65535,0,4,186323,139,1,1,0,23,0,24,1,1,pre_allocation
78,9916,greenran_normal,0,0,65535_65535,0,4,186323,145,1,1,1,24,145,24,1,1,allocated
78,9916,greenran_normal,0,0,65535_65535,0,3,183048,171,1,1,0,23,0,28,1,1,pre_allocation
78,9916,greenran_normal,0,0,65535_65535,0,3,183048,179,1,1,1,24,179,28,1,1,allocated
78,9916,greenran_normal,0,0,65535_65535,0,1,183050,171,1,1,0,23,0,28,1,1,pre_allocation
78,9916,greenran_normal,0,0,65535_65535,0,1,183050,179,1,1,1,24,179,28,1,1,allocated
78,9916,greenran_normal,0,0,65535_65535,0,2,183050,171,1,1,0,23,0,28,1,1,pre_allocation
78,9916,greenran_normal,0,0,65535_65535,0,2,183050,179,1,1,1,24,179,28,1,1,allocated
78,9916,greenran_normal,0,0,65535_65535,0,5,183043,171,1,1,0,23,0,28,1,1,pre_allocation
78,9916,greenran_normal,0,0,65535_65535,0,5,183043,179,1,1,1,24,179,28,1,1,allocated
78,9916,greenran_normal,0,0,65535_65535,0,4,186323,145,1,1,0,24,0,24,1,1,pre_allocation
78,9916,greenran_normal,0,0,65535_65535,0,4,186323,151,1,1,1,25,151,24,1,1,allocated
78,9916,greenran_normal,0,0,65535_65535,0,3,183048,179,1,1,0,24,0,28,1,1,pre_allocation
78,9916,greenran_normal,0,0,65535_65535,0,3,183048,186,1,1,1,25,186,28,1,1,allocated
78,9916,greenran_normal,0,0,65535_65535,0,1,183050,179,1,1,0,24,0,28,1,1,pre_allocation
78,9916,greenran_normal,0,0,65535_65535,0,1,183050,186,1,1,1,25,186,28,1,1,allocated
78,9916,greenran_normal,0,0,65535_65535,0,2,183050,179,1,1,0,24,0,28,1,1,pre_allocation
78,9916,greenran_normal,0,0,65535_65535,0,2,183050,186,1,1,1,25,186,28,1,1,allocated
78,9916,greenran_normal,0,0,65535_65535,0,5,183043,179,1,1,0,24,0,28,1,1,pre_allocation
78,9916,greenran_normal,0,0,65535_65535,0,5,183043,186,1,1,1,25,186,28,1,1,allocated
78,9916,greenran_normal,0,0,65535_65535,0,4,186323,151,1,1,0,25,0,24,1,1,pre_allocation
78,9916,greenran_normal,0,0,65535_65535,0,4,186323,157,1,1,1,26,157,24,1,1,allocated
78,9916,greenran_normal,0,0,65535_65535,0,3,183048,186,1,1,0,25,0,28,1,1,pre_allocation
78,9916,greenran_normal,0,0,65535_65535,0,3,183048,194,1,1,1,26,194,28,1,1,allocated
78,9916,greenran_normal,0,0,65535_65535,0,1,183050,186,1,1,0,25,0,28,1,1,pre_allocation
78,9916,greenran_normal,0,0,65535_65535,0,1,183050,194,1,1,1,26,194,28,1,1,allocated
78,9916,greenran_normal,0,0,65535_65535,0,2,183050,186,1,1,0,25,0,28,1,1,pre_allocation
78,9916,greenran_normal,0,0,65535_65535,0,2,183050,194,1,1,1,26,194,28,1,1,allocated
78,9916,greenran_normal,0,0,65535_65535,0,5,183043,186,1,1,0,25,0,28,1,1,pre_allocation
78,9916,greenran_normal,0,0,65535_65535,0,5,183043,194,1,1,1,26,194,28,1,1,allocated
78,9916,greenran_normal,0,0,65535_65535,0,4,186323,157,1,1,0,26,0,24,1,1,pre_allocation
78,9916,greenran_normal,0,0,65535_65535,0,4,186323,164,1,1,1,27,164,24,1,1,allocated
78,9916,greenran_normal,0,0,65535_65535,0,3,183048,194,1,1,0,26,0,28,1,1,pre_allocation
78,9916,greenran_normal,0,0,65535_65535,0,3,183048,201,1,1,1,27,201,28,1,1,allocated
78,9916,greenran_normal,0,0,65535_65535,0,1,183050,194,1,1,0,26,0,28,1,1,pre_allocation
78,9916,greenran_normal,0,0,65535_65535,0,1,183050,201,1,1,1,27,201,28,1,1,allocated
78,9916,greenran_normal,0,0,65535_65535,0,2,183050,194,1,1,0,26,0,28,1,1,pre_allocation
78,9916,greenran_normal,0,0,65535_65535,0,2,183050,201,1,1,1,27,201,28,1,1,allocated
78,9916,greenran_normal,0,0,65535_65535,0,5,183043,194,1,1,0,26,0,28,1,1,pre_allocation
78,9916,greenran_normal,0,0,65535_65535,0,5,183043,201,1,1,1,27,201,28,1,1,allocated
78,9916,greenran_normal,0,0,65535_65535,0,4,186323,164,1,1,0,27,0,24,1,1,pre_allocation
78,9916,greenran_normal,0,0,65535_65535,0,4,186323,170,1,1,1,28,170,24,1,1,allocated
78,9916,greenran_normal,0,0,65535_65535,0,3,183048,201,1,1,0,27,0,28,1,1,pre_allocation
78,9916,greenran_normal,0,0,65535_65535,0,3,183048,209,1,1,1,28,209,28,1,1,allocated
78,9916,greenran_normal,0,0,65535_65535,0,1,183050,201,1,1,0,27,0,28,1,1,pre_allocation
78,9916,greenran_normal,0,0,65535_65535,0,1,183050,209,1,1,1,28,209,28,1,1,allocated
78,9916,greenran_normal,0,0,65535_65535,0,2,183050,201,1,1,0,27,0,28,1,1,pre_allocation
78,9916,greenran_normal,0,0,65535_65535,0,2,183050,209,1,1,1,28,209,28,1,1,allocated
78,9916,greenran_normal,0,0,65535_65535,0,5,183043,201,1,1,0,27,0,28,1,1,pre_allocation
78,9916,greenran_normal,0,0,65535_65535,0,5,183043,209,1,1,1,28,209,28,1,1,allocated
78,9916,greenran_normal,0,0,65535_65535,0,4,186323,170,1,1,0,28,0,24,1,1,pre_allocation
78,9916,greenran_normal,0,0,65535_65535,0,4,186323,176,1,1,1,29,176,24,1,1,allocated
78,9916,greenran_normal,0,0,65535_65535,0,3,183048,209,1,1,0,28,0,28,1,1,pre_allocation
78,9916,greenran_normal,0,0,65535_65535,0,3,183048,217,1,1,1,29,217,28,1,1,allocated
78,9916,greenran_normal,0,0,65535_65535,0,1,183050,209,1,1,0,28,0,28,1,1,pre_allocation
78,9916,greenran_normal,0,0,65535_65535,0,1,183050,217,1,1,1,29,217,28,1,1,allocated
78,9916,greenran_normal,0,0,65535_65535,0,2,183050,209,1,1,0,28,0,28,1,1,pre_allocation
78,9916,greenran_normal,0,0,65535_65535,0,2,183050,217,1,1,1,29,217,28,1,1,allocated
78,9916,greenran_normal,0,0,65535_65535,0,5,183043,209,1,1,0,28,0,28,1,1,pre_allocation
78,9916,greenran_normal,0,0,65535_65535,0,5,183043,217,1,1,1,29,217,28,1,1,allocated
78,9916,greenran_normal,0,0,65535_65535,0,4,186323,176,1,1,0,29,0,24,1,1,pre_allocation
78,9916,greenran_normal,0,0,65535_65535,0,4,186323,182,1,1,1,30,182,24,1,1,allocated
78,9916,greenran_normal,0,0,65535_65535,0,3,183048,217,1,1,0,29,0,28,1,1,pre_allocation
78,9916,greenran_normal,0,0,65535_65535,0,3,183048,224,1,1,1,30,224,28,1,1,allocated
78,9916,greenran_normal,0,0,65535_65535,0,1,183050,217,1,1,0,29,0,28,1,1,pre_allocation
78,9916,greenran_normal,0,0,65535_65535,0,1,183050,224,1,1,1,30,224,28,1,1,allocated
78,9916,greenran_normal,0,0,65535_65535,0,2,183050,217,1,1,0,29,0,28,1,1,pre_allocation
78,9916,greenran_normal,0,0,65535_65535,0,2,183050,224,1,1,1,30,224,28,1,1,allocated
78,9916,greenran_normal,0,0,65535_65535,0,5,183043,217,1,1,0,29,0,28,1,1,pre_allocation
78,9916,greenran_normal,0,0,65535_65535,0,5,183043,224,1,1,1,30,224,28,1,1,allocated
78,9916,greenran_normal,0,0,65535_65535,0,4,186323,182,1,1,0,30,0,24,1,1,pre_allocation
78,9916,greenran_normal,0,0,65535_65535,0,4,186323,188,1,1,1,31,188,24,1,1,allocated
78,9916,greenran_normal,0,0,65535_65535,0,3,183048,224,1,1,0,30,0,28,1,1,pre_allocation
78,9916,greenran_normal,0,0,65535_65535,0,3,183048,232,1,1,1,31,232,28,1,1,allocated
78,9916,greenran_normal,0,0,65535_65535,0,1,183050,224,1,1,0,30,0,28,1,1,pre_allocation
78,9916,greenran_normal,0,0,65535_65535,0,1,183050,232,1,1,1,31,232,28,1,1,allocated
78,9916,greenran_normal,0,0,65535_65535,0,2,183050,224,1,1,0,30,0,28,1,1,pre_allocation
78,9916,greenran_normal,0,0,65535_65535,0,2,183050,232,1,1,1,31,232,28,1,1,allocated
78,9916,greenran_normal,0,0,65535_65535,0,5,183043,224,1,1,0,30,0,28,1,1,pre_allocation
78,9916,greenran_normal,0,0,65535_65535,0,5,183043,232,1,1,1,31,232,28,1,1,allocated
78,9916,greenran_normal,0,0,65535_65535,0,4,186323,188,1,1,0,31,0,24,1,1,pre_allocation
78,9916,greenran_normal,0,0,65535_65535,0,4,186323,195,1,1,1,32,195,24,1,1,allocated
78,9916,greenran_normal,0,0,65535_65535,0,3,183048,232,1,1,0,31,0,28,1,1,pre_allocation
78,9916,greenran_normal,0,0,65535_65535,0,3,183048,239,1,1,1,32,239,28,1,1,allocated
78,9916,greenran_normal,0,0,65535_65535,0,1,183050,232,1,1,0,31,0,28,1,1,pre_allocation
78,9916,greenran_normal,0,0,65535_65535,0,1,183050,239,1,1,1,32,239,28,1,1,allocated
78,9916,greenran_normal,0,0,65535_65535,0,2,183050,232,1,1,0,31,0,28,1,1,pre_allocation
78,9916,greenran_normal,0,0,65535_65535,0,2,183050,239,1,1,1,32,239,28,1,1,allocated
78,9916,greenran_normal,0,0,65535_65535,0,5,183043,232,1,1,0,31,0,28,1,1,pre_allocation
78,9916,greenran_normal,0,0,65535_65535,0,5,183043,239,1,1,1,32,239,28,1,1,allocated
78,9916,greenran_normal,0,0,65535_65535,0,4,186323,195,1,1,0,32,0,24,1,1,pre_allocation
78,9916,greenran_normal,0,0,65535_65535,0,4,186323,201,1,1,1,33,201,24,1,1,allocated
78,9916,greenran_normal,0,0,65535_65535,0,3,183048,239,1,1,0,32,0,28,1,1,pre_allocation
78,9916,greenran_normal,0,0,65535_65535,0,3,183048,247,1,1,1,33,247,28,1,1,allocated
78,9916,greenran_normal,0,0,65535_65535,0,1,183050,239,1,1,0,32,0,28,1,1,pre_allocation
78,9916,greenran_normal,0,0,65535_65535,0,1,183050,247,1,1,1,33,247,28,1,1,allocated
78,9916,greenran_normal,0,0,65535_65535,0,2,183050,239,1,1,0,32,0,28,1,1,pre_allocation
78,9916,greenran_normal,0,0,65535_65535,0,2,183050,247,1,1,1,33,247,28,1,1,allocated
78,9916,greenran_normal,0,0,65535_65535,0,5,183043,239,1,1,0,32,0,28,1,1,pre_allocation
78,9916,greenran_normal,0,0,65535_65535,0,5,183043,247,1,1,1,33,247,28,1,1,allocated
78,9916,greenran_normal,0,0,65535_65535,2,38,6017182,0,1,1,0,0,0,2,1,1,pre_allocation
78,9916,greenran_normal,0,0,65535_65535,2,38,6017182,0,1,1,1,1,0,2,1,1,allocated
78,9916,greenran_normal,0,0,65535_65535,2,60,6016877,0,1,1,0,0,0,12,1,1,pre_allocation
78,9916,greenran_normal,0,0,65535_65535,2,60,6016877,2,1,1,1,1,2,12,1,1,allocated
78,9916,greenran_normal,0,0,65535_65535,2,64,6016499,0,1,1,0,0,0,12,1,1,pre_allocation
78,9916,greenran_normal,0,0,65535_65535,2,64,6016499,2,1,1,1,1,2,12,1,1,allocated
78,9916,greenran_normal,0,0,65535_65535,2,43,6015768,0,1,1,0,0,0,14,1,1,pre_allocation
78,9916,greenran_normal,0,0,65535_65535,2,43,6015768,2,1,1,1,1,2,14,1,1,allocated
78,9916,greenran_normal,0,0,65535_65535,2,42,6015067,0,1,1,0,0,0,24,1,1,pre_allocation
78,9916,greenran_normal,0,0,65535_65535,2,42,6015067,3,1,1,1,1,3,24,1,1,allocated
78,9916,greenran_normal,0,0,65535_65535,2,36,6014511,0,1,1,0,0,0,26,1,1,pre_allocation
78,9916,greenran_normal,0,0,65535_65535,2,36,6014511,4,1,1,1,1,4,26,1,1,allocated
78,9916,greenran_normal,0,0,65535_65535,2,59,6014489,0,1,1,0,0,0,24,1,1,pre_allocation
78,9916,greenran_normal,0,0,65535_65535,2,59,6014489,3,1,1,1,1,3,24,1,1,allocated
78,9916,greenran_normal,0,0,65535_65535,2,58,6014478,0,1,1,0,0,0,26,1,1,pre_allocation
78,9916,greenran_normal,0,0,65535_65535,2,58,6014478,4,1,1,1,1,4,26,1,1,allocated
78,9916,greenran_normal,0,0,65535_65535,2,39,6014375,0,1,1,0,0,0,28,1,1,pre_allocation
78,9916,greenran_normal,0,0,65535_65535,2,39,6014375,4,1,1,1,1,4,28,1,1,allocated
78,9916,greenran_normal,0,0,65535_65535,2,57,6014369,0,1,1,0,0,0,28,1,1,pre_allocation
78,9916,greenran_normal,0,0,65535_65535,2,57,6014369,4,1,1,1,1,4,28,1,1,allocated
78,9916,greenran_normal,0,0,65535_65535,2,40,6014371,0,1,1,0,0,0,28,1,1,pre_allocation
78,9916,greenran_normal,0,0,65535_65535,2,40,6014371,4,1,1,1,1,4,28,1,1,allocated
78,9916,greenran_normal,0,0,65535_65535,2,63,6014368,0,1,1,0,0,0,28,1,1,pre_allocation
78,9916,greenran_normal,0,0,65535_65535,2,63,6014368,4,1,1,1,1,4,28,1,1,allocated
78,9916,greenran_normal,0,0,65535_65535,2,62,6014368,0,1,1,0,0,0,28,1,1,pre_allocation
78,9916,greenran_normal,0,0,65535_65535,2,62,6014368,4,1,1,1,1,4,28,1,1,allocated
78,9916,greenran_normal,0,0,65535_65535,2,61,6014367,0,1,1,0,0,0,28,1,1,pre_allocation
78,9916,greenran_normal,0,0,65535_65535,2,61,6014367,4,1,1,1,1,4,28,1,1,allocated
78,9916,greenran_normal,0,0,65535_65535,2,44,6014363,0,1,1,0,0,0,28,1,1,pre_allocation
78,9916,greenran_normal,0,0,65535_65535,2,44,6014363,4,1,1,1,1,4,28,1,1,allocated
78,9916,greenran_normal,0,0,65535_65535,2,55,6014363,0,1,1,0,0,0,28,1,1,pre_allocation
78,9916,greenran_normal,0,0,65535_65535,2,55,6014363,4,1,1,1,1,4,28,1,1,allocated
78,9916,greenran_normal,0,0,65535_65535,2,35,6014362,0,1,1,0,0,0,28,1,1,pre_allocation
78,9916,greenran_normal,0,0,65535_65535,2,35,6014362,4,1,1,1,1,4,28,1,1,allocated
78,9916,greenran_normal,0,0,65535_65535,2,37,6014365,0,1,1,0,0,0,28,1,1,pre_allocation
78,9916,greenran_normal,0,0,65535_65535,2,37,6014365,4,1,1,1,1,4,28,1,1,allocated
78,9916,greenran_normal,0,0,65535_65535,2,41,6014365,0,1,1,0,0,0,28,1,1,pre_allocation
78,9916,greenran_normal,0,0,65535_65535,2,41,6014365,4,1,1,1,1,4,28,1,1,allocated
78,9916,greenran_normal,0,0,65535_65535,2,56,6014362,0,1,1,0,0,0,28,1,1,pre_allocation
78,9916,greenran_normal,0,0,65535_65535,2,56,6014362,4,1,1,1,1,4,28,1,1,allocated
78,9916,greenran_normal,0,0,65535_65535,2,38,6017182,0,1,1,0,1,0,2,1,1,pre_allocation
78,9916,greenran_normal,0,0,65535_65535,2,38,6017182,0,1,1,1,2,0,2,1,1,allocated
78,9916,greenran_normal,0,0,65535_65535,2,60,6016877,2,1,1,0,1,0,12,1,1,pre_allocation
78,9916,greenran_normal,0,0,65535_65535,2,60,6016877,1,1,1,1,2,1,12,1,1,allocated
78,9916,greenran_normal,0,0,65535_65535,2,64,6016499,2,1,1,0,1,0,12,1,1,pre_allocation
78,9916,greenran_normal,0,0,65535_65535,2,64,6016499,1,1,1,1,2,1,12,1,1,allocated
78,9916,greenran_normal,0,0,65535_65535,2,43,6015768,2,1,1,0,1,0,14,1,1,pre_allocation
78,9916,greenran_normal,0,0,65535_65535,2,43,6015768,2,1,1,1,2,2,14,1,1,allocated
78,9916,greenran_normal,0,0,65535_65535,2,42,6015067,3,1,1,0,1,0,24,1,1,pre_allocation
78,9916,greenran_normal,0,0,65535_65535,2,42,6015067,9,1,1,1,2,9,24,1,1,allocated
78,9916,greenran_normal,0,0,65535_65535,2,36,6014511,4,1,1,0,1,0,26,1,1,pre_allocation
78,9916,greenran_normal,0,0,65535_65535,2,36,6014511,11,1,1,1,2,11,26,1,1,allocated
78,9916,greenran_normal,0,0,65535_65535,2,59,6014489,3,1,1,0,1,0,24,1,1,pre_allocation
78,9916,greenran_normal,0,0,65535_65535,2,59,6014489,9,1,1,1,2,9,24,1,1,allocated
78,9916,greenran_normal,0,0,65535_65535,2,58,6014478,4,1,1,0,1,0,26,1,1,pre_allocation
78,9916,greenran_normal,0,0,65535_65535,2,58,6014478,11,1,1,1,2,11,26,1,1,allocated
78,9916,greenran_normal,0,0,65535_65535,2,39,6014375,4,1,1,0,1,0,28,1,1,pre_allocation
78,9916,greenran_normal,0,0,65535_65535,2,39,6014375,12,1,1,1,2,12,28,1,1,allocated
78,9916,greenran_normal,0,0,65535_65535,2,57,6014369,4,1,1,0,1,0,28,1,1,pre_allocation
78,9916,greenran_normal,0,0,65535_65535,2,57,6014369,12,1,1,1,2,12,28,1,1,allocated
78,9916,greenran_normal,0,0,65535_65535,2,40,6014371,4,1,1,0,1,0,28,1,1,pre_allocation
78,9916,greenran_normal,0,0,65535_65535,2,40,6014371,12,1,1,1,2,12,28,1,1,allocated
78,9916,greenran_normal,0,0,65535_65535,2,63,6014368,4,1,1,0,1,0,28,1,1,pre_allocation
78,9916,greenran_normal,0,0,65535_65535,2,63,6014368,12,1,1,1,2,12,28,1,1,allocated
78,9916,greenran_normal,0,0,65535_65535,2,62,6014368,4,1,1,0,1,0,28,1,1,pre_allocation
78,9916,greenran_normal,0,0,65535_65535,2,62,6014368,12,1,1,1,2,12,28,1,1,allocated
78,9916,greenran_normal,0,0,65535_65535,2,61,6014367,4,1,1,0,1,0,28,1,1,pre_allocation
78,9916,greenran_normal,0,0,65535_65535,2,61,6014367,12,1,1,1,2,12,28,1,1,allocated
78,9916,greenran_normal,0,0,65535_65535,2,44,6014363,4,1,1,0,1,0,28,1,1,pre_allocation
78,9916,greenran_normal,0,0,65535_65535,2,44,6014363,12,1,1,1,2,12,28,1,1,allocated
78,9916,greenran_normal,0,0,65535_65535,2,55,6014363,4,1,1,0,1,0,28,1,1,pre_allocation
78,9916,greenran_normal,0,0,65535_65535,2,55,6014363,12,1,1,1,2,12,28,1,1,allocated
78,9916,greenran_normal,0,0,65535_65535,2,35,6014362,4,1,1,0,1,0,28,1,1,pre_allocation
78,9916,greenran_normal,0,0,65535_65535,2,35,6014362,12,1,1,1,2,12,28,1,1,allocated
78,9916,greenran_normal,0,0,65535_65535,2,37,6014365,4,1,1,0,1,0,28,1,1,pre_allocation
78,9916,greenran_normal,0,0,65535_65535,2,37,6014365,12,1,1,1,2,12,28,1,1,allocated
78,9916,greenran_normal,0,0,65535_65535,2,41,6014365,4,1,1,0,1,0,28,1,1,pre_allocation
78,9916,greenran_normal,0,0,65535_65535,2,41,6014365,12,1,1,1,2,12,28,1,1,allocated
78,9916,greenran_normal,0,0,65535_65535,2,56,6014362,4,1,1,0,1,0,28,1,1,pre_allocation
78,9916,greenran_normal,0,0,65535_65535,2,56,6014362,12,1,1,1,2,12,28,1,1,allocated
78,9916,greenran_normal,0,0,65535_65535,2,38,6017182,0,1,1,0,2,0,2,1,1,pre_allocation
78,9916,greenran_normal,0,0,65535_65535,2,38,6017182,0,1,1,1,3,0,2,1,1,allocated
78,9916,greenran_normal,0,0,65535_65535,2,60,6016877,1,1,1,0,2,0,12,1,1,pre_allocation
78,9916,greenran_normal,0,0,65535_65535,2,60,6016877,3,1,1,1,3,3,12,1,1,allocated
78,9916,greenran_normal,0,0,65535_65535,2,64,6016499,1,1,1,0,2,0,12,1,1,pre_allocation
78,9916,greenran_normal,0,0,65535_65535,2,64,6016499,3,1,1,1,3,3,12,1,1,allocated
78,9916,greenran_normal,0,0,65535_65535,2,43,6015768,2,1,1,0,2,0,14,1,1,pre_allocation
78,9916,greenran_normal,0,0,65535_65535,2,43,6015768,4,1,1,1,3,4,14,1,1,allocated
78,9916,greenran_normal,0,0,65535_65535,2,42,6015067,9,1,1,0,2,0,24,1,1,pre_allocation
78,9916,greenran_normal,0,0,65535_65535,2,42,6015067,15,1,1,1,3,15,24,1,1,allocated
78,9916,greenran_normal,0,0,65535_65535,2,36,6014511,11,1,1,0,2,0,26,1,1,pre_allocation
78,9916,greenran_normal,0,0,65535_65535,2,36,6014511,18,1,1,1,3,18,26,1,1,allocated
78,9916,greenran_normal,0,0,65535_65535,2,59,6014489,9,1,1,0,2,0,24,1,1,pre_allocation
78,9916,greenran_normal,0,0,65535_65535,2,59,6014489,15,1,1,1,3,15,24,1,1,allocated
78,9916,greenran_normal,0,0,65535_65535,2,58,6014478,11,1,1,0,2,0,26,1,1,pre_allocation
78,9916,greenran_normal,0,0,65535_65535,2,58,6014478,18,1,1,1,3,18,26,1,1,allocated
78,9916,greenran_normal,0,0,65535_65535,2,39,6014375,12,1,1,0,2,0,28,1,1,pre_allocation
78,9916,greenran_normal,0,0,65535_65535,2,39,6014375,19,1,1,1,3,19,28,1,1,allocated
78,9916,greenran_normal,0,0,65535_65535,2,57,6014369,12,1,1,0,2,0,28,1,1,pre_allocation
78,9916,greenran_normal,0,0,65535_65535,2,57,6014369,19,1,1,1,3,19,28,1,1,allocated
78,9916,greenran_normal,0,0,65535_65535,2,40,6014371,12,1,1,0,2,0,28,1,1,pre_allocation
78,9916,greenran_normal,0,0,65535_65535,2,40,6014371,19,1,1,1,3,19,28,1,1,allocated
78,9916,greenran_normal,0,0,65535_65535,2,63,6014368,12,1,1,0,2,0,28,1,1,pre_allocation
78,9916,greenran_normal,0,0,65535_65535,2,63,6014368,19,1,1,1,3,19,28,1,1,allocated
78,9916,greenran_normal,0,0,65535_65535,2,62,6014368,12,1,1,0,2,0,28,1,1,pre_allocation
78,9916,greenran_normal,0,0,65535_65535,2,62,6014368,19,1,1,1,3,19,28,1,1,allocated
78,9916,greenran_normal,0,0,65535_65535,2,61,6014367,12,1,1,0,2,0,28,1,1,pre_allocation
78,9916,greenran_normal,0,0,65535_65535,2,61,6014367,19,1,1,1,3,19,28,1,1,allocated
78,9916,greenran_normal,0,0,65535_65535,2,44,6014363,12,1,1,0,2,0,28,1,1,pre_allocation
78,9916,greenran_normal,0,0,65535_65535,2,44,6014363,19,1,1,1,3,19,28,1,1,allocated
78,9916,greenran_normal,0,0,65535_65535,2,55,6014363,12,1,1,0,2,0,28,1,1,pre_allocation
78,9916,greenran_normal,0,0,65535_65535,2,55,6014363,19,1,1,1,3,19,28,1,1,allocated
78,9916,greenran_normal,0,0,65535_65535,2,35,6014362,12,1,1,0,2,0,28,1,1,pre_allocation
78,9916,greenran_normal,0,0,65535_65535,2,35,6014362,19,1,1,1,3,19,28,1,1,allocated
78,9916,greenran_normal,0,0,65535_65535,2,37,6014365,12,1,1,0,2,0,28,1,1,pre_allocation
78,9916,greenran_normal,0,0,65535_65535,2,37,6014365,19,1,1,1,3,19,28,1,1,allocated
78,9916,greenran_normal,0,0,65535_65535,2,41,6014365,12,1,1,0,2,0,28,1,1,pre_allocation
78,9916,greenran_normal,0,0,65535_65535,2,41,6014365,19,1,1,1,3,19,28,1,1,allocated
78,9916,greenran_normal,0,0,65535_65535,2,56,6014362,12,1,1,0,2,0,28,1,1,pre_allocation
78,9916,greenran_normal,0,0,65535_65535,2,56,6014362,19,1,1,1,3,19,28,1,1,allocated
78,9916,greenran_normal,0,0,65535_65535,2,38,6017182,0,1,1,0,3,0,2,1,1,pre_allocation
78,9916,greenran_normal,0,0,65535_65535,2,38,6017182,1,1,1,1,4,1,2,1,1,allocated
78,9916,greenran_normal,0,0,65535_65535,2,60,6016877,3,1,1,0,3,0,12,1,1,pre_allocation
78,9916,greenran_normal,0,0,65535_65535,2,60,6016877,5,1,1,1,4,5,12,1,1,allocated
78,9916,greenran_normal,0,0,65535_65535,2,64,6016499,3,1,1,0,3,0,12,1,1,pre_allocation
78,9916,greenran_normal,0,0,65535_65535,2,64,6016499,5,1,1,1,4,5,12,1,1,allocated
78,9916,greenran_normal,0,0,65535_65535,2,43,6015768,4,1,1,0,3,0,14,1,1,pre_allocation
78,9916,greenran_normal,0,0,65535_65535,2,43,6015768,7,1,1,1,4,7,14,1,1,allocated
78,9916,greenran_normal,0,0,65535_65535,2,42,6015067,15,1,1,0,3,0,24,1,1,pre_allocation
78,9916,greenran_normal,0,0,65535_65535,2,42,6015067,21,1,1,1,4,21,24,1,1,allocated
78,9916,greenran_normal,0,0,65535_65535,2,36,6014511,18,1,1,0,3,0,26,1,1,pre_allocation
78,9916,greenran_normal,0,0,65535_65535,2,36,6014511,25,1,1,1,4,25,26,1,1,allocated
78,9916,greenran_normal,0,0,65535_65535,2,59,6014489,15,1,1,0,3,0,24,1,1,pre_allocation
78,9916,greenran_normal,0,0,65535_65535,2,59,6014489,21,1,1,1,4,21,24,1,1,allocated
78,9916,greenran_normal,0,0,65535_65535,2,58,6014478,18,1,1,0,3,0,26,1,1,pre_allocation
78,9916,greenran_normal,0,0,65535_65535,2,58,6014478,25,1,1,1,4,25,26,1,1,allocated
78,9916,greenran_normal,0,0,65535_65535,2,39,6014375,19,1,1,0,3,0,28,1,1,pre_allocation
78,9916,greenran_normal,0,0,65535_65535,2,39,6014375,27,1,1,1,4,27,28,1,1,allocated
78,9916,greenran_normal,0,0,65535_65535,2,57,6014369,19,1,1,0,3,0,28,1,1,pre_allocation
78,9916,greenran_normal,0,0,65535_65535,2,57,6014369,27,1,1,1,4,27,28,1,1,allocated
78,9916,greenran_normal,0,0,65535_65535,2,40,6014371,19,1,1,0,3,0,28,1,1,pre_allocation
78,9916,greenran_normal,0,0,65535_65535,2,40,6014371,27,1,1,1,4,27,28,1,1,allocated
78,9916,greenran_normal,0,0,65535_65535,2,63,6014368,19,1,1,0,3,0,28,1,1,pre_allocation
78,9916,greenran_normal,0,0,65535_65535,2,63,6014368,27,1,1,1,4,27,28,1,1,allocated
78,9916,greenran_normal,0,0,65535_65535,2,62,6014368,19,1,1,0,3,0,28,1,1,pre_allocation
78,9916,greenran_normal,0,0,65535_65535,2,62,6014368,27,1,1,1,4,27,28,1,1,allocated
78,9916,greenran_normal,0,0,65535_65535,2,61,6014367,19,1,1,0,3,0,28,1,1,pre_allocation
78,9916,greenran_normal,0,0,65535_65535,2,61,6014367,27,1,1,1,4,27,28,1,1,allocated
78,9916,greenran_normal,0,0,65535_65535,2,44,6014363,19,1,1,0,3,0,28,1,1,pre_allocation
78,9916,greenran_normal,0,0,65535_65535,2,44,6014363,27,1,1,1,4,27,28,1,1,allocated
78,9916,greenran_normal,0,0,65535_65535,2,55,6014363,19,1,1,0,3,0,28,1,1,pre_allocation
78,9916,greenran_normal,0,0,65535_65535,2,55,6014363,27,1,1,1,4,27,28,1,1,allocated
78,9916,greenran_normal,0,0,65535_65535,2,35,6014362,19,1,1,0,3,0,28,1,1,pre_allocation
78,9916,greenran_normal,0,0,65535_65535,2,35,6014362,27,1,1,1,4,27,28,1,1,allocated
78,9916,greenran_normal,0,0,65535_65535,2,37,6014365,19,1,1,0,3,0,28,1,1,pre_allocation
78,9916,greenran_normal,0,0,65535_65535,2,37,6014365,27,1,1,1,4,27,28,1,1,allocated
78,9916,greenran_normal,0,0,65535_65535,2,41,6014365,19,1,1,0,3,0,28,1,1,pre_allocation
78,9916,greenran_normal,0,0,65535_65535,2,41,6014365,27,1,1,1,4,27,28,1,1,allocated
78,9916,greenran_normal,0,0,65535_65535,2,56,6014362,19,1,1,0,3,0,28,1,1,pre_allocation
78,9916,greenran_normal,0,0,65535_65535,2,56,6014362,27,1,1,1,4,27,28,1,1,allocated
78,9916,greenran_normal,0,0,65535_65535,2,38,6017182,1,1,1,0,4,0,2,1,1,pre_allocation
78,9916,greenran_normal,0,0,65535_65535,2,38,6017182,1,1,1,1,5,1,2,1,1,allocated
78,9916,greenran_normal,0,0,65535_65535,2,60,6016877,5,1,1,0,4,0,12,1,1,pre_allocation
78,9916,greenran_normal,0,0,65535_65535,2,60,6016877,7,1,1,1,5,7,12,1,1,allocated
78,9916,greenran_normal,0,0,65535_65535,2,64,6016499,5,1,1,0,4,0,12,1,1,pre_allocation
78,9916,greenran_normal,0,0,65535_65535,2,64,6016499,7,1,1,1,5,7,12,1,1,allocated
78,9916,greenran_normal,0,0,65535_65535,2,43,6015768,7,1,1,0,4,0,14,1,1,pre_allocation
78,9916,greenran_normal,0,0,65535_65535,2,43,6015768,10,1,1,1,5,10,14,1,1,allocated
78,9916,greenran_normal,0,0,65535_65535,2,42,6015067,21,1,1,0,4,0,24,1,1,pre_allocation
78,9916,greenran_normal,0,0,65535_65535,2,42,6015067,27,1,1,1,5,27,24,1,1,allocated
78,9916,greenran_normal,0,0,65535_65535,2,36,6014511,25,1,1,0,4,0,26,1,1,pre_allocation
78,9916,greenran_normal,0,0,65535_65535,2,36,6014511,32,1,1,1,5,32,26,1,1,allocated
78,9916,greenran_normal,0,0,65535_65535,2,59,6014489,21,1,1,0,4,0,24,1,1,pre_allocation
78,9916,greenran_normal,0,0,65535_65535,2,59,6014489,27,1,1,1,5,27,24,1,1,allocated
78,9916,greenran_normal,0,0,65535_65535,2,58,6014478,25,1,1,0,4,0,26,1,1,pre_allocation
78,9916,greenran_normal,0,0,65535_65535,2,58,6014478,32,1,1,1,5,32,26,1,1,allocated
78,9916,greenran_normal,0,0,65535_65535,2,39,6014375,27,1,1,0,4,0,28,1,1,pre_allocation
78,9916,greenran_normal,0,0,65535_65535,2,39,6014375,34,1,1,1,5,34,28,1,1,allocated
78,9916,greenran_normal,0,0,65535_65535,2,57,6014369,27,1,1,0,4,0,28,1,1,pre_allocation
78,9916,greenran_normal,0,0,65535_65535,2,57,6014369,34,1,1,1,5,34,28,1,1,allocated
78,9916,greenran_normal,0,0,65535_65535,2,40,6014371,27,1,1,0,4,0,28,1,1,pre_allocation
78,9916,greenran_normal,0,0,65535_65535,2,40,6014371,34,1,1,1,5,34,28,1,1,allocated
78,9916,greenran_normal,0,0,65535_65535,2,63,6014368,27,1,1,0,4,0,28,1,1,pre_allocation
78,9916,greenran_normal,0,0,65535_65535,2,63,6014368,34,1,1,1,5,34,28,1,1,allocated
78,9916,greenran_normal,0,0,65535_65535,2,62,6014368,27,1,1,0,4,0,28,1,1,pre_allocation
78,9916,greenran_normal,0,0,65535_65535,2,62,6014368,34,1,1,1,5,34,28,1,1,allocated
78,9916,greenran_normal,0,0,65535_65535,2,61,6014367,27,1,1,0,4,0,28,1,1,pre_allocation
78,9916,greenran_normal,0,0,65535_65535,2,61,6014367,34,1,1,1,5,34,28,1,1,allocated
78,9916,greenran_normal,0,0,65535_65535,2,44,6014363,27,1,1,0,4,0,28,1,1,pre_allocation
78,9916,greenran_normal,0,0,65535_65535,2,44,6014363,34,1,1,1,5,34,28,1,1,allocated
78,9916,greenran_normal,0,0,65535_65535,2,55,6014363,27,1,1,0,4,0,28,1,1,pre_allocation
78,9916,greenran_normal,0,0,65535_65535,2,55,6014363,34,1,1,1,5,34,28,1,1,allocated
78,9916,greenran_normal,0,0,65535_65535,2,35,6014362,27,1,1,0,4,0,28,1,1,pre_allocation
78,9916,greenran_normal,0,0,65535_65535,2,35,6014362,34,1,1,1,5,34,28,1,1,allocated
78,9916,greenran_normal,0,0,65535_65535,2,37,6014365,27,1,1,0,4,0,28,1,1,pre_allocation
78,9916,greenran_normal,0,0,65535_65535,2,37,6014365,34,1,1,1,5,34,28,1,1,allocated
78,9916,greenran_normal,0,0,65535_65535,2,41,6014365,27,1,1,0,4,0,28,1,1,pre_allocation
78,9916,greenran_normal,0,0,65535_65535,2,41,6014365,34,1,1,1,5,34,28,1,1,allocated
78,9916,greenran_normal,0,0,65535_65535,2,56,6014362,27,1,1,0,4,0,28,1,1,pre_allocation
78,9916,greenran_normal,0,0,65535_65535,2,56,6014362,34,1,1,1,5,34,28,1,1,allocated
78,9916,greenran_normal,0,0,65535_65535,2,38,6017182,1,1,1,0,5,0,2,1,1,pre_allocation
78,9916,greenran_normal,0,0,65535_65535,2,38,6017182,1,1,1,1,6,1,2,1,1,allocated
