timestamp,sliceId,dedicatedPRB,minPRB,maxPRB
510,0,32.48624077970667,32.48624077970667,100.0
510,1,45.08466733878912,45.08466733878912,100.0
510,2,22.429091881504213,22.429091881504213,100.0
520,0,35.09149900396795,35.09149900396795,100.0
520,1,36.501065218138415,36.501065218138415,100.0
520,2,28.407435777893646,28.407435777893646,100.0
530,0,32.47977006157017,32.47977006157017,100.0
530,1,31.524918800209324,31.524918800209324,100.0
530,2,35.995311138220515,35.995311138220515,100.0
540,0,32.529518671893356,32.529518671893356,100.0
540,1,25.299142063038015,25.299142063038015,100.0
540,2,42.17133926506864,42.17133926506864,100.0
550,0,38.21441847290982,38.21441847290982,100.0
550,1,40.45923638044425,40.45923638044425,100.0
550,2,21.326345146645924,21.326345146645924,100.0
560,0,22.625504316716842,22.625504316716842,100.0
560,1,39.66409185022414,39.66409185022414,100.0
560,2,37.71040383305901,37.71040383305901,100.0
570,0,36.80556877112796,36.80556877112796,100.0
570,1,24.967873075650367,24.967873075650367,100.0
570,2,38.22655815322167,38.22655815322167,100.0
580,0,24.959267393446453,24.959267393446453,100.0
580,1,39.079519409924615,39.079519409924615,100.0
580,2,35.961213196628925,35.961213196628925,100.0
590,0,48.57537911917509,48.57537911917509,100.0
590,1,24.82980925118188,24.82980925118188,100.0
590,2,26.594811629643033,26.594811629643033,100.0
600,0,44.56689702212474,44.56689702212474,100.0
600,1,32.15916688921142,32.15916688921142,100.0
600,2,23.273936088663838,23.273936088663838,100.0
610,0,37.84917519558558,37.84917519558558,100.0
610,1,38.67747532113262,38.67747532113262,100.0
610,2,23.473349483281797,23.473349483281797,100.0
620,0,26.488830584637096,26.488830584637096,100.0
620,1,36.04994115258292,36.04994115258292,100.0
620,2,37.46122826278,37.46122826278,100.0
630,0,37.13383675778809,37.13383675778809,100.0
630,1,37.883062743438266,37.883062743438266,100.0
630,2,24.98310049877365,24.98310049877365,100.0
640,0,35.063188200062015,35.063188200062015,100.0
640,1,30.37194842843703,30.37194842843703,100.0
640,2,34.56486337150097,34.56486337150097,100.0
650,0,25.160768836708623,25.160768836708623,100.0
650,1,54.0600787643454,54.0600787643454,100.0
650,2,20.77915239894597,20.77915239894597,100.0
660,0,52.2714711861285,52.2714711861285,100.0
660,1,27.039919003602332,27.039919003602332,100.0
660,2,20.688609810269163,20.688609810269163,100.0
670,0,29.81368539598661,29.81368539598661,100.0
670,1,40.25765870082182,40.25765870082182,100.0
670,2,29.92865590319157,29.92865590319157,100.0
680,0,43.392943179233626,43.392943179233626,100.0
680,1,34.52958143530314,34.52958143530314,100.0
680,2,22.07747538546324,22.07747538546324,100.0
690,0,25.019189150447506,25.019189150447506,100.0
690,1,36.540951599827984,36.540951599827984,100.0
690,2,38.439859249724506,38.439859249724506,100.0
700,0,24.067855981735082,24.067855981735082,100.0
700,1,36.679445881189764,36.679445881189764,100.0
700,2,39.25269813707515,39.25269813707515,100.0
710,0,22.297046571713388,22.297046571713388,100.0
710,1,38.73113542745853,38.73113542745853,100.0
710,2,38.97181800082809,38.97181800082809,100.0
720,0,39.23918490461534,39.23918490461534,100.0
720,1,24.570701164162116,24.570701164162116,100.0
720,2,36.19011393122255,36.19011393122255,100.0
730,0,39.74409879501351,39.74409879501351,100.0
730,1,37.85257482110922,37.85257482110922,100.0
730,2,22.403326383877275,22.403326383877275,100.0
740,0,34.55740841296461,34.55740841296461,100.0
740,1,37.50478354681151,37.50478354681151,100.0
740,2,27.937808040223878,27.937808040223878,100.0
750,0,26.81267562902301,26.81267562902301,100.0
750,1,39.99194997782992,39.99194997782992,100.0
750,2,33.19537439314707,33.19537439314707,100.0
760,0,29.90252631334625,29.90252631334625,100.0
760,1,25.681780274076644,25.681780274076644,100.0
760,2,44.415693412577106,44.415693412577106,100.0
770,0,31.835814532501296,31.835814532501296,100.0
770,1,27.629669898199406,27.629669898199406,100.0
770,2,40.5345155692993,40.5345155692993,100.0
780,0,27.784514826220512,27.784514826220512,100.0
780,1,34.55706589917297,34.55706589917297,100.0
780,2,37.65841927460652,37.65841927460652,100.0
790,0,25.980820456730992,25.980820456730992,100.0
790,1,33.22556144083947,33.22556144083947,100.0
790,2,40.79361810242954,40.79361810242954,100.0
800,0,37.55957365261219,37.55957365261219,100.0
800,1,42.144439723626384,42.144439723626384,100.0
800,2,20.29598662376143,20.29598662376143,100.0
810,0,28.438829012100342,28.438829012100342,100.0
810,1,26.40018789463539,26.40018789463539,100.0
810,2,45.16098309326427,45.16098309326427,100.0
820,0,23.702510143111024,23.702510143111024,100.0
820,1,33.60325833341926,33.60325833341926,100.0
820,2,42.69423152346972,42.69423152346972,100.0
830,0,30.313869753670055,30.313869753670055,100.0
830,1,49.67271260477318,49.67271260477318,100.0
830,2,20.013417641556767,20.013417641556767,100.0
840,0,29.063031420953227,29.063031420953227,100.0
840,1,32.10394222217459,32.10394222217459,100.0
840,2,38.83302635687218,38.83302635687218,100.0
850,0,39.856938504657286,39.856938504657286,100.0
850,1,24.929338406675335,24.929338406675335,100.0
850,2,35.213723088667386,35.213723088667386,100.0
860,0,40.783921195481135,40.783921195481135,100.0
860,1,32.92082804496823,32.92082804496823,100.0
860,2,26.295250759550637,26.295250759550637,100.0
870,0,22.642834694054947,22.642834694054947,100.0
870,1,40.24197683036239,40.24197683036239,100.0
870,2,37.11518847558267,37.11518847558267,100.0
880,0,48.963590892056416,48.963590892056416,100.0
880,1,27.09512100565261,27.09512100565261,100.0
880,2,23.941288102290983,23.941288102290983,100.0
890,0,34.53955746564629,34.53955746564629,100.0
890,1,39.05624751013285,39.05624751013285,100.0
890,2,26.40419502422086,26.40419502422086,100.0
900,0,23.83051882692812,23.83051882692812,100.0
900,1,49.98184457729946,49.98184457729946,100.0
900,2,26.18763659577241,26.18763659577241,100.0
910,0,33.79581665669764,33.79581665669764,100.0
910,1,32.01718165378625,32.01718165378625,100.0
910,2,34.18700168951611,34.18700168951611,100.0
920,0,28.66411418499,28.66411418499,100.0
920,1,48.766668308200934,48.766668308200934,100.0
920,2,22.569217506809075,22.569217506809075,100.0
930,0,31.8601425727218,31.8601425727218,100.0
930,1,31.420535224448408,31.420535224448408,100.0
930,2,36.71932220282979,36.71932220282979,100.0
940,0,23.785104068848977,23.785104068848977,100.0
940,1,40.85169377269383,40.85169377269383,100.0
940,2,35.3632021584572,35.3632021584572,100.0
950,0,30.960815602658197,30.960815602658197,100.0
950,1,45.58419369417063,45.58419369417063,100.0
950,2,23.45499070317117,23.45499070317117,100.0
960,0,30.450149549891126,30.450149549891126,100.0
960,1,35.34755015457226,35.34755015457226,100.0
960,2,34.20230029553662,34.20230029553662,100.0
970,0,30.964223935019497,30.964223935019497,100.0
970,1,30.531331429343915,30.531331429343915,100.0
970,2,38.504444635636595,38.504444635636595,100.0
980,0,37.76243304020508,37.76243304020508,100.0
980,1,33.73348662744561,33.73348662744561,100.0
980,2,28.504080332349307,28.504080332349307,100.0
990,0,27.014065824856832,27.014065824856832,100.0
990,1,41.61655320945931,41.61655320945931,100.0
990,2,31.369380965683863,31.369380965683863,100.0
1000,0,39.0667516132773,39.0667516132773,100.0
1000,1,24.262725234566958,24.262725234566958,100.0
1000,2,36.670523152155745,36.670523152155745,100.0
1010,0,29.56900816609751,29.56900816609751,100.0
1010,1,35.991586379287554,35.991586379287554,100.0
1010,2,34.439405454614935,34.439405454614935,100.0
1020,0,27.61213004251478,27.61213004251478,100.0
1020,1,27.136628458590245,27.136628458590245,100.0
1020,2,45.25124149889498,45.25124149889498,100.0
1030,0,35.95514121844945,35.95514121844945,100.0
1030,1,28.871165493589636,28.871165493589636,100.0
1030,2,35.173693287960916,35.173693287960916,100.0
1040,0,25.029354890612993,25.029354890612993,100.0
1040,1,31.324040959574457,31.324040959574457,100.0
1040,2,43.64660414981255,43.64660414981255,100.0
1050,0,23.69863639438659,23.69863639438659,100.0
1050,1,27.507722245295724,27.507722245295724,100.0
1050,2,48.79364136031769,48.79364136031769,100.0
1060,0,25.215223982884176,25.215223982884176,100.0
1060,1,36.343795987683315,36.343795987683315,100.0
1060,2,38.44098002943252,38.44098002943252,100.0
1070,0,33.148581199691094,33.148581199691094,100.0
1070,1,39.97904236137108,39.97904236137108,100.0
1070,2,26.872376438937835,26.872376438937835,100.0
1080,0,31.643855869876937,31.643855869876937,100.0
1080,1,39.360345437223764,39.360345437223764,100.0
1080,2,28.995798692899307,28.995798692899307,100.0
1090,0,23.904460405261986,23.904460405261986,100.0
1090,1,45.69883202648922,45.69883202648922,100.0
1090,2,30.396707568248786,30.396707568248786,100.0
1100,0,22.069919816506772,22.069919816506772,100.0
1100,1,37.414761103715506,37.414761103715506,100.0
1100,2,40.515319079777726,40.515319079777726,100.0
1110,0,23.996057082808246,23.996057082808246,100.0
1110,1,45.36668031032362,45.36668031032362,100.0
1110,2,30.63726260686813,30.63726260686813,100.0
1120,0,35.36364243279145,35.36364243279145,100.0
1120,1,44.14688932515383,44.14688932515383,100.0
1120,2,20.489468242054716,20.489468242054716,100.0
1130,0,34.7655124033001,34.7655124033001,100.0
1130,1,46.06272445361434,46.06272445361434,100.0
1130,2,19.171763143085567,19.171763143085567,100.0
1140,0,30.888870364241605,30.888870364241605,100.0
1140,1,39.51246761311873,39.51246761311873,100.0
1140,2,29.598662022639665,29.598662022639665,100.0
1150,0,39.62863812300315,39.62863812300315,100.0
1150,1,29.258752451708318,29.258752451708318,100.0
1150,2,31.11260942528853,31.11260942528853,100.0
1160,0,23.56898682297195,23.56898682297195,100.0
1160,1,37.2788239515327,37.2788239515327,100.0
1160,2,39.15218922549535,39.15218922549535,100.0
1170,0,38.263623870045386,38.263623870045386,100.0
1170,1,28.665186467021854,28.665186467021854,100.0
1170,2,33.07118966293277,33.07118966293277,100.0
1180,0,23.88525341235362,23.88525341235362,100.0
1180,1,29.71048092946828,29.71048092946828,100.0
1180,2,46.404265658178105,46.404265658178105,100.0
1190,0,23.25058560582592,23.25058560582592,100.0
1190,1,27.248723621324185,27.248723621324185,100.0
1190,2,49.5006907728499,49.5006907728499,100.0
1200,0,31.325885239234264,31.325885239234264,100.0
1200,1,36.346647973216406,36.346647973216406,100.0
1200,2,32.327466787549334,32.327466787549334,100.0
1210,0,36.18772051025918,36.18772051025918,100.0
1210,1,44.888195176279304,44.888195176279304,100.0
1210,2,18.924084313461513,18.924084313461513,100.0
1220,0,24.825186064936027,24.825186064936027,100.0
1220,1,41.32710740942136,41.32710740942136,100.0
1220,2,33.847706525642614,33.847706525642614,100.0
1230,0,36.1313690207775,36.1313690207775,100.0
1230,1,45.05604645208576,45.05604645208576,100.0
1230,2,18.812584527136742,18.812584527136742,100.0
1240,0,29.172727979602403,29.172727979602403,100.0
1240,1,50.417110551494396,50.417110551494396,100.0
1240,2,20.41016146890321,20.41016146890321,100.0
1250,0,25.832605938336055,25.832605938336055,100.0
1250,1,44.980208386004016,44.980208386004016,100.0
1250,2,29.187185675659922,29.187185675659922,100.0
1260,0,40.20461302812778,40.20461302812778,100.0
1260,1,37.80327569320925,37.80327569320925,100.0
1260,2,21.99211127866297,21.99211127866297,100.0
1270,0,36.4439491911401,36.4439491911401,100.0
1270,1,42.75618675993017,42.75618675993017,100.0
1270,2,20.799864048929724,20.799864048929724,100.0
1280,0,29.21130307673162,29.21130307673162,100.0
1280,1,34.65956647963107,34.65956647963107,100.0
1280,2,36.129130443637315,36.129130443637315,100.0
1290,0,33.20101605755457,33.20101605755457,100.0
1290,1,32.722332520517924,32.722332520517924,100.0
1290,2,34.07665142192751,34.07665142192751,100.0
1300,0,51.025694207317095,51.025694207317095,100.0
1300,1,27.070066027850736,27.070066027850736,100.0
1300,2,21.904239764832166,21.904239764832166,100.0
1310,0,53.94961973321901,53.94961973321901,100.0
1310,1,26.50546776667487,26.50546776667487,100.0
1310,2,19.544912500106122,19.544912500106122,100.0
1320,0,28.0259238974485,28.0259238974485,100.0
1320,1,32.412890908658696,32.412890908658696,100.0
1320,2,39.5611851938928,39.5611851938928,100.0
1330,0,26.056625276511163,26.056625276511163,100.0
1330,1,47.135231985301616,47.135231985301616,100.0
1330,2,26.80814273818723,26.80814273818723,100.0
1340,0,24.642119044843334,24.642119044843334,100.0
1340,1,47.156968349169134,47.156968349169134,100.0
1340,2,28.20091260598754,28.20091260598754,100.0
1350,0,31.944641636104564,31.944641636104564,100.0
1350,1,41.9047271367463,41.9047271367463,100.0
1350,2,26.15063122714913,26.15063122714913,100.0
1360,0,40.91799802321545,40.91799802321545,100.0
1360,1,32.93307685773077,32.93307685773077,100.0
1360,2,26.14892511905379,26.14892511905379,100.0
1370,0,34.06354870497937,34.06354870497937,100.0
1370,1,37.02690354820605,37.02690354820605,100.0
1370,2,28.909547746814596,28.909547746814596,100.0
1380,0,34.91905894112338,34.91905894112338,100.0
1380,1,28.829939950078508,28.829939950078508,100.0
1380,2,36.25100110879811,36.25100110879811,100.0
1390,0,24.318129818881513,24.318129818881513,100.0
1390,1,37.993771191708845,37.993771191708845,100.0
1390,2,37.688098989409646,37.688098989409646,100.0
1400,0,50.19340368565277,50.19340368565277,100.0
1400,1,29.23104408280056,29.23104408280056,100.0
1400,2,20.575552231546666,20.575552231546666,100.0
1410,0,31.00984509317972,31.00984509317972,100.0
1410,1,37.78904913129267,37.78904913129267,100.0
1410,2,31.20110577552761,31.20110577552761,100.0
1420,0,31.181803942017794,31.181803942017794,100.0
1420,1,35.43704219832173,35.43704219832173,100.0
1420,2,33.38115385966047,33.38115385966047,100.0
1430,0,44.67166750323997,44.67166750323997,100.0
1430,1,30.03711026984891,30.03711026984891,100.0
1430,2,25.291222226911113,25.291222226911113,100.0
1440,0,33.17133016355571,33.17133016355571,100.0
1440,1,39.6031050731376,39.6031050731376,100.0
1440,2,27.225564763306693,27.225564763306693,100.0
1450,0,44.7094630168542,44.7094630168542,100.0
1450,1,29.851514335648954,29.851514335648954,100.0
1450,2,25.439022647496845,25.439022647496845,100.0
1460,0,29.056316463650422,29.056316463650422,100.0
1460,1,39.04103078958365,39.04103078958365,100.0
1460,2,31.90265274676593,31.90265274676593,100.0
1470,0,51.69921541733964,51.69921541733964,100.0
1470,1,28.480245163987806,28.480245163987806,100.0
1470,2,19.82053941867256,19.82053941867256,100.0
1480,0,33.84947749772999,33.84947749772999,100.0
1480,1,43.496233048240775,43.496233048240775,100.0
1480,2,22.654289454029232,22.654289454029232,100.0
1490,0,39.000063546967326,39.000063546967326,100.0
1490,1,28.00940562363682,28.00940562363682,100.0
1490,2,32.990530829395865,32.990530829395865,100.0
1500,0,26.327830492274305,26.327830492274305,100.0
1500,1,29.0523615658761,29.0523615658761,100.0
1500,2,44.6198079418496,44.6198079418496,100.0
