timestamp,ueImsi,sliceId,dTxBytes,dRxBytes,plr,resourceSharePct,dLostPackets,throughputMbps,bufferBytes
560,1,0,1528,0,100.00,22.65,1,0.0000,310
560,2,0,1528,0,100.00,22.65,1,0.0000,310
560,3,0,1528,0,100.00,22.65,1,0.0000,500
560,4,0,1528,0,100.00,22.65,1,0.0000,302
560,5,0,1528,0,100.00,22.65,1,0.0000,302
560,6,1,390,312,20.00,54.99,1,0.2496,169
560,7,1,390,312,20.00,54.99,1,0.2496,169
560,8,1,390,312,20.00,54.99,1,0.2496,169
560,9,1,390,312,20.00,54.99,1,0.2496,169
560,10,1,390,312,20.00,54.99,1,0.2496,169
560,11,2,256,128,50.00,22.36,1,0.1024,96
560,12,2,256,128,50.00,22.36,1,0.1024,96
560,13,2,256,128,50.00,22.36,1,0.1024,96
560,14,2,256,256,0.00,22.36,0,0.2048,96
560,15,2,256,256,0.00,22.36,0,0.2048,96
560,16,2,256,128,50.00,22.36,1,0.1024,96
560,17,2,256,384,0.00,22.36,0,0.3072,96
560,18,2,256,256,0.00,22.36,0,0.2048,137
560,19,2,256,256,0.00,22.36,0,0.2048,137
560,20,2,256,128,50.00,22.36,1,0.1024,96
