timestamp,sliceId,dedicatedPRB,minPRB,maxPRB
510,0,48.4577262471372,48.4577262471372,100.0
510,1,29.74256829632116,29.74256829632116,100.0
510,2,21.799705456541638,21.799705456541638,100.0
520,0,35.49132244973533,35.49132244973533,100.0
520,1,39.32258368600598,39.32258368600598,100.0
520,2,25.186093864258694,25.186093864258694,100.0
530,0,51.2511616998274,51.2511616998274,100.0
530,1,28.011523617130774,28.011523617130774,100.0
530,2,20.737314683041827,20.737314683041827,100.0
540,0,34.40195433736926,34.40195433736926,100.0
540,1,32.22362197289886,32.22362197289886,100.0
540,2,33.374423689731884,33.374423689731884,100.0
550,0,43.992903901073724,43.992903901073724,100.0
550,1,37.22365001659245,37.22365001659245,100.0
550,2,18.78344608233383,18.78344608233383,100.0
560,0,42.04284478120294,42.04284478120294,100.0
560,1,24.767675109035654,24.767675109035654,100.0
560,2,33.18948010976142,33.18948010976142,100.0
570,0,41.22206090790849,41.22206090790849,100.0
570,1,36.2794531512136,36.2794531512136,100.0
570,2,22.49848594087791,22.49848594087791,100.0
580,0,36.806467772602566,36.806467772602566,100.0
580,1,40.02328144328246,40.02328144328246,100.0
580,2,23.17025078411498,23.17025078411498,100.0
590,0,40.22883342040764,40.22883342040764,100.0
590,1,42.706105188092785,42.706105188092785,100.0
590,2,17.065061391499565,17.065061391499565,100.0
600,0,48.466587334223775,48.466587334223775,100.0
600,1,30.211786904341366,30.211786904341366,100.0
600,2,21.321625761434866,21.321625761434866,100.0
610,0,29.741605582185837,29.741605582185837,100.0
610,1,50.21480196265331,50.21480196265331,100.0
610,2,20.04359245516085,20.04359245516085,100.0
620,0,35.47985509834663,35.47985509834663,100.0
620,1,38.090783456258606,38.090783456258606,100.0
620,2,26.42936144539476,26.42936144539476,100.0
630,0,24.930925525465835,24.930925525465835,100.0
630,1,44.80461922517913,44.80461922517913,100.0
630,2,30.264455249355038,30.264455249355038,100.0
640,0,21.686307380456988,21.686307380456988,100.0
640,1,51.96088599421764,51.96088599421764,100.0
640,2,26.35280662532537,26.35280662532537,100.0
650,0,46.05580228420132,46.05580228420132,100.0
650,1,26.98827122060898,26.98827122060898,100.0
650,2,26.955926495189697,26.955926495189697,100.0
660,0,33.72620703999033,33.72620703999033,100.0
660,1,36.62428576107385,36.62428576107385,100.0
660,2,29.649507198935837,29.649507198935837,100.0
670,0,48.08685765355586,48.08685765355586,100.0
670,1,30.86678823585472,30.86678823585472,100.0
670,2,21.04635411058942,21.04635411058942,100.0
680,0,48.77686359555199,48.77686359555199,100.0
680,1,31.423646645368564,31.423646645368564,100.0
680,2,19.79948975907945,19.79948975907945,100.0
690,0,34.10387902439885,34.10387902439885,100.0
690,1,35.46664368440315,35.46664368440315,100.0
690,2,30.429477291198005,30.429477291198005,100.0
700,0,34.74414985797913,34.74414985797913,100.0
700,1,31.730094477050773,31.730094477050773,100.0
700,2,33.52575566497009,33.52575566497009,100.0
710,0,32.96442858987881,32.96442858987881,100.0
710,1,41.6673175957789,41.6673175957789,100.0
710,2,25.368253814342296,25.368253814342296,100.0
720,0,37.91258688746032,37.91258688746032,100.0
720,1,25.163263649645163,25.163263649645163,100.0
720,2,36.92414946289451,36.92414946289451,100.0
730,0,38.51506853914697,38.51506853914697,100.0
730,1,24.74313185898164,24.74313185898164,100.0
730,2,36.7417996018714,36.7417996018714,100.0
740,0,39.36207058936729,39.36207058936729,100.0
740,1,28.75884548603483,28.75884548603483,100.0
740,2,31.879083924597886,31.879083924597886,100.0
750,0,22.64247485172159,22.64247485172159,100.0
750,1,44.6517594052828,44.6517594052828,100.0
750,2,32.70576574299561,32.70576574299561,100.0
760,0,40.99953568095814,40.99953568095814,100.0
760,1,34.03096696404651,34.03096696404651,100.0
760,2,24.96949735499534,24.96949735499534,100.0
770,0,29.599239620470954,29.599239620470954,100.0
770,1,30.96008750211589,30.96008750211589,100.0
770,2,39.440672877413164,39.440672877413164,100.0
780,0,31.599179349644213,31.599179349644213,100.0
780,1,46.540894026716536,46.540894026716536,100.0
780,2,21.859926623639254,21.859926623639254,100.0
790,0,27.111507014026003,27.111507014026003,100.0
790,1,36.54516655755696,36.54516655755696,100.0
790,2,36.343326428417036,36.343326428417036,100.0
800,0,32.289198939623574,32.289198939623574,100.0
800,1,44.12779993508473,44.12779993508473,100.0
800,2,23.583001125291695,23.583001125291695,100.0
810,0,27.504360434356855,27.504360434356855,100.0
810,1,40.053017638387075,40.053017638387075,100.0
810,2,32.44262192725608,32.44262192725608,100.0
820,0,25.717383117623584,25.717383117623584,100.0
820,1,53.000959613117374,53.000959613117374,100.0
820,2,21.281657269259053,21.281657269259053,100.0
830,0,33.567236362616,33.567236362616,100.0
830,1,37.912427166162324,37.912427166162324,100.0
830,2,28.52033647122168,28.52033647122168,100.0
840,0,48.17358171115593,48.17358171115593,100.0
840,1,29.1130978623734,29.1130978623734,100.0
840,2,22.713320426470673,22.713320426470673,100.0
850,0,34.09635740847559,34.09635740847559,100.0
850,1,42.8724006681942,42.8724006681942,100.0
850,2,23.031241923330203,23.031241923330203,100.0
860,0,32.047242572674385,32.047242572674385,100.0
860,1,26.56535557574434,26.56535557574434,100.0
860,2,41.38740185158129,41.38740185158129,100.0
870,0,36.16306396727565,36.16306396727565,100.0
870,1,29.871603528898145,29.871603528898145,100.0
870,2,33.965332503826225,33.965332503826225,100.0
880,0,29.874467590887104,29.874467590887104,100.0
880,1,36.43671148771775,36.43671148771775,100.0
880,2,33.68882092139514,33.68882092139514,100.0
890,0,34.249220349880794,34.249220349880794,100.0
890,1,31.143529289613692,31.143529289613692,100.0
890,2,34.60725036050552,34.60725036050552,100.0
900,0,28.13194356171754,28.13194356171754,100.0
900,1,51.028413006349105,51.028413006349105,100.0
900,2,20.839643431933354,20.839643431933354,100.0
910,0,38.33204356391943,38.33204356391943,100.0
910,1,25.447102743854128,25.447102743854128,100.0
910,2,36.22085369222645,36.22085369222645,100.0
920,0,22.849821803056376,22.849821803056376,100.0
920,1,56.0619902551792,56.0619902551792,100.0
920,2,21.088187941764435,21.088187941764435,100.0
930,0,36.105538118006386,36.105538118006386,100.0
930,1,42.71172336881685,42.71172336881685,100.0
930,2,21.18273851317677,21.18273851317677,100.0
940,0,22.744727771675315,22.744727771675315,100.0
940,1,42.54543495402087,42.54543495402087,100.0
940,2,34.70983727430381,34.70983727430381,100.0
950,0,26.951318796993597,26.951318796993597,100.0
950,1,41.33680168136647,41.33680168136647,100.0
950,2,31.71187952163995,31.71187952163995,100.0
960,0,45.06353419167633,45.06353419167633,100.0
960,1,36.51556143742712,36.51556143742712,100.0
960,2,18.420904370896547,18.420904370896547,100.0
970,0,40.937339996564305,40.937339996564305,100.0
970,1,34.84392590086837,34.84392590086837,100.0
970,2,24.218734102567325,24.218734102567325,100.0
980,0,52.0641549787082,52.0641549787082,100.0
980,1,27.853176505859018,27.853176505859018,100.0
980,2,20.082668515432783,20.082668515432783,100.0
990,0,23.30008484779706,23.30008484779706,100.0
990,1,42.05963314626912,42.05963314626912,100.0
990,2,34.64028200593382,34.64028200593382,100.0
1000,0,26.972610908278348,26.972610908278348,100.0
1000,1,33.514827074121044,33.514827074121044,100.0
1000,2,39.51256201760061,39.51256201760061,100.0
1010,0,43.06156941780355,43.06156941780355,100.0
1010,1,38.72213864842253,38.72213864842253,100.0
1010,2,18.216291933773928,18.216291933773928,100.0
1020,0,35.69217361154918,35.69217361154918,100.0
1020,1,27.4875558434305,27.4875558434305,100.0
1020,2,36.82027054502033,36.82027054502033,100.0
1030,0,42.56193828323852,42.56193828323852,100.0
1030,1,28.483219723780557,28.483219723780557,100.0
1030,2,28.954841992980924,28.954841992980924,100.0
1040,0,35.536752552859575,35.536752552859575,100.0
1040,1,29.243199087179327,29.243199087179327,100.0
1040,2,35.22004835996111,35.22004835996111,100.0
1050,0,46.54270242450761,46.54270242450761,100.0
1050,1,29.972390046389968,29.972390046389968,100.0
1050,2,23.484907529102415,23.484907529102415,100.0
1060,0,38.07248101050638,38.07248101050638,100.0
1060,1,40.28776449046432,40.28776449046432,100.0
1060,2,21.639754499029305,21.639754499029305,100.0
1070,0,26.80510738064536,26.80510738064536,100.0
1070,1,43.089861109318164,43.089861109318164,100.0
1070,2,30.105031510036472,30.105031510036472,100.0
1080,0,24.680284757858082,24.680284757858082,100.0
1080,1,33.44117351974266,33.44117351974266,100.0
1080,2,41.878541722399255,41.878541722399255,100.0
1090,0,31.04601074882965,31.04601074882965,100.0
1090,1,42.50623928037002,42.50623928037002,100.0
1090,2,26.447749970800345,26.447749970800345,100.0
1100,0,22.009207806603637,22.009207806603637,100.0
1100,1,39.69531527385753,39.69531527385753,100.0
1100,2,38.29547691953882,38.29547691953882,100.0
1110,0,42.17054353680712,42.17054353680712,100.0
1110,1,40.179493451972654,40.179493451972654,100.0
1110,2,17.64996301122023,17.64996301122023,100.0
1120,0,49.582753121767574,49.582753121767574,100.0
1120,1,25.51658542097514,25.51658542097514,100.0
1120,2,24.90066145725729,24.90066145725729,100.0
1130,0,34.69203579942902,34.69203579942902,100.0
1130,1,30.968124850788413,30.968124850788413,100.0
1130,2,34.339839349782565,34.339839349782565,100.0
1140,0,41.787726244157184,41.787726244157184,100.0
1140,1,33.71682822479749,33.71682822479749,100.0
1140,2,24.495445531045323,24.495445531045323,100.0
1150,0,38.54887724748058,38.54887724748058,100.0
1150,1,40.15620463523163,40.15620463523163,100.0
1150,2,21.294918117287793,21.294918117287793,100.0
1160,0,25.400534393902436,25.400534393902436,100.0
1160,1,54.93673556699758,54.93673556699758,100.0
1160,2,19.662730039099998,19.662730039099998,100.0
1170,0,28.077961005141994,28.077961005141994,100.0
1170,1,41.60076047956902,41.60076047956902,100.0
1170,2,30.321278515288984,30.321278515288984,100.0
1180,0,35.29361809551242,35.29361809551242,100.0
1180,1,30.59693486065817,30.59693486065817,100.0
1180,2,34.10944704382941,34.10944704382941,100.0
1190,0,32.96011740745621,32.96011740745621,100.0
1190,1,37.211271027005644,37.211271027005644,100.0
1190,2,29.828611565538143,29.828611565538143,100.0
1200,0,47.54196503745574,47.54196503745574,100.0
1200,1,28.569736538773295,28.569736538773295,100.0
1200,2,23.88829842377097,23.88829842377097,100.0
1210,0,41.83885801533278,41.83885801533278,100.0
1210,1,37.32383577449969,37.32383577449969,100.0
1210,2,20.837306210167522,20.837306210167522,100.0
1220,0,27.938765475558924,27.938765475558924,100.0
1220,1,49.74292820734196,49.74292820734196,100.0
1220,2,22.31830631709912,22.31830631709912,100.0
1230,0,41.11854486995138,41.11854486995138,100.0
1230,1,29.228362541845588,29.228362541845588,100.0
1230,2,29.653092588203027,29.653092588203027,100.0
1240,0,42.58943872739839,42.58943872739839,100.0
1240,1,38.40736238611926,38.40736238611926,100.0
1240,2,19.003198886482352,19.003198886482352,100.0
1250,0,45.67542791658374,45.67542791658374,100.0
1250,1,29.78772348905818,29.78772348905818,100.0
1250,2,24.536848594358084,24.536848594358084,100.0
1260,0,34.12086526202793,34.12086526202793,100.0
1260,1,30.07674338316239,30.07674338316239,100.0
1260,2,35.80239135480968,35.80239135480968,100.0
1270,0,42.28564790784864,42.28564790784864,100.0
1270,1,28.766584361252217,28.766584361252217,100.0
1270,2,28.947767730899148,28.947767730899148,100.0
1280,0,27.01311301561433,27.01311301561433,100.0
1280,1,36.26267868399824,36.26267868399824,100.0
1280,2,36.72420830038743,36.72420830038743,100.0
1290,0,35.72424703308871,35.72424703308871,100.0
1290,1,28.712660769970057,28.712660769970057,100.0
1290,2,35.563092196941234,35.563092196941234,100.0
1300,0,49.52979223927392,49.52979223927392,100.0
1300,1,28.165456189257824,28.165456189257824,100.0
1300,2,22.304751571468252,22.304751571468252,100.0
1310,0,33.88155516243957,33.88155516243957,100.0
1310,1,26.166777690410342,26.166777690410342,100.0
1310,2,39.9516671471501,39.9516671471501,100.0
1320,0,25.05516675177408,25.05516675177408,100.0
1320,1,26.235359142411436,26.235359142411436,100.0
1320,2,48.70947410581448,48.70947410581448,100.0
1330,0,42.05360071513831,42.05360071513831,100.0
1330,1,33.282371720295366,33.282371720295366,100.0
1330,2,24.664027564566325,24.664027564566325,100.0
1340,0,41.60078069796261,41.60078069796261,100.0
1340,1,27.984884038710415,27.984884038710415,100.0
1340,2,30.414335263326976,30.414335263326976,100.0
1350,0,43.12369361639185,43.12369361639185,100.0
1350,1,30.928723364157868,30.928723364157868,100.0
1350,2,25.94758301945028,25.94758301945028,100.0
1360,0,23.597617167599772,23.597617167599772,100.0
1360,1,52.63820490966013,52.63820490966013,100.0
1360,2,23.7641779227401,23.7641779227401,100.0
1370,0,26.740622360373855,26.740622360373855,100.0
1370,1,28.275179818950157,28.275179818950157,100.0
1370,2,44.98419782067599,44.98419782067599,100.0
1380,0,28.270012767652062,28.270012767652062,100.0
1380,1,38.291483173309885,38.291483173309885,100.0
1380,2,33.43850405903805,33.43850405903805,100.0
1390,0,25.702837153929774,25.702837153929774,100.0
1390,1,33.23618872109716,33.23618872109716,100.0
1390,2,41.06097412497307,41.06097412497307,100.0
1400,0,37.45664243859051,37.45664243859051,100.0
1400,1,42.63405446614947,42.63405446614947,100.0
1400,2,19.909303095260018,19.909303095260018,100.0
1410,0,27.27357790137936,27.27357790137936,100.0
1410,1,51.803383175621796,51.803383175621796,100.0
1410,2,20.923038922998842,20.923038922998842,100.0
1420,0,31.933664692162942,31.933664692162942,100.0
1420,1,34.23162025396325,34.23162025396325,100.0
1420,2,33.8347150538738,33.8347150538738,100.0
1430,0,39.01698815190966,39.01698815190966,100.0
1430,1,41.459465751087535,41.459465751087535,100.0
1430,2,19.523546097002804,19.523546097002804,100.0
1440,0,37.478152269465525,37.478152269465525,100.0
1440,1,37.80018949993494,37.80018949993494,100.0
1440,2,24.721658230599537,24.721658230599537,100.0
1450,0,36.125913437928624,36.125913437928624,100.0
1450,1,34.42442983071038,34.42442983071038,100.0
1450,2,29.449656731360996,29.449656731360996,100.0
1460,0,24.336553549588473,24.336553549588473,100.0
1460,1,27.960934903206997,27.960934903206997,100.0
1460,2,47.70251154720453,47.70251154720453,100.0
1470,0,44.75202120826618,44.75202120826618,100.0
1470,1,31.818000047111216,31.818000047111216,100.0
1470,2,23.429978744622602,23.429978744622602,100.0
1480,0,34.02059305272022,34.02059305272022,100.0
1480,1,45.26626194154089,45.26626194154089,100.0
1480,2,20.7131450057389,20.7131450057389,100.0
1490,0,30.188951556115978,30.188951556115978,100.0
1490,1,32.30909111996764,32.30909111996764,100.0
1490,2,37.501957323916386,37.501957323916386,100.0
1500,0,23.921415926692347,23.921415926692347,100.0
1500,1,39.3701796042607,39.3701796042607,100.0
1500,2,36.708404469046954,36.708404469046954,100.0
