timestamp,ueImsi,sliceId,dTxBytes,dRxBytes,plr,resourceSharePct,dLostPackets,throughputMbps,bufferBytes,dlBufferBytes,ulBufferBytes,macBufferBytes,congestionPct,lastDrlActionStatus
9900,1,0,193616,256,98.84,38.88,170,0.0205,1199933,184076,1199933,1384009,13.20,applied
9900,2,0,193616,256,98.84,38.88,170,0.0205,1200005,184072,1200005,1384077,13.20,applied
9900,3,0,193616,34640,82.56,38.88,142,2.7712,1199296,184070,1199296,1383366,13.19,applied
9900,4,0,193616,256,98.84,38.88,170,0.0205,1199913,187082,1199913,1386995,13.23,applied
9900,5,0,193616,13764,92.44,38.88,159,1.1011,1200005,184075,1200005,1384080,13.20,applied
9900,6,1,0,0,0.00,36.98,0,0.0000,34,0,34,34,0.00,applied
9900,7,1,0,0,0.00,36.98,0,0.0000,34,0,34,34,0.00,applied
9900,8,1,0,0,0.00,36.98,0,0.0000,34,0,34,34,0.00,applied
9900,9,1,0,0,0.00,36.98,0,0.0000,34,0,34,34,0.00,applied
9900,10,1,0,0,0.00,36.98,0,0.0000,34,0,34,34,0.00,applied
9900,11,1,0,0,0.00,36.98,0,0.0000,34,0,34,34,0.00,applied
9900,12,1,0,0,0.00,36.98,0,0.0000,34,0,34,34,0.00,applied
9900,13,1,0,0,0.00,36.98,0,0.0000,34,0,34,34,0.00,applied
9900,14,2,65200,0,100.00,24.13,50,0.0000,5996094,5996094,51,5996145,57.18,applied
9900,15,2,65200,0,100.00,24.13,50,0.0000,5996255,5996255,34,5996289,57.19,applied
9900,16,2,65200,0,100.00,24.13,50,0.0000,5996096,5996096,51,5996147,57.18,applied
9900,17,2,65200,0,100.00,24.13,50,0.0000,5998463,5998463,51,5998514,57.21,applied
9900,18,2,65200,0,100.00,24.13,50,0.0000,5996098,5996098,51,5996149,57.18,applied
9900,19,2,65200,1316,86.00,24.13,43,0.1053,5996093,5996093,51,5996144,57.18,applied
9900,20,2,65200,940,90.00,24.13,45,0.0752,5996101,5996101,51,5996152,57.18,applied
9900,21,2,65200,0,100.00,24.13,50,0.0000,5996580,5996580,51,5996631,57.19,applied
9900,22,2,65200,0,100.00,24.13,50,0.0000,5997461,5997461,51,5997512,57.20,applied
9900,23,2,65200,0,100.00,24.13,50,0.0000,5996097,5996097,51,5996148,57.18,applied
9900,24,2,65200,940,90.00,24.13,45,0.0752,5996094,5996094,51,5996145,57.18,applied
9900,25,2,65200,0,100.00,24.13,50,0.0000,5996091,5996091,51,5996142,57.18,applied
9900,26,2,65200,0,100.00,24.13,50,0.0000,5996091,5996091,51,5996142,57.18,applied
9900,27,2,65200,0,100.00,24.13,50,0.0000,5996256,5996256,51,5996307,57.19,applied
9900,28,2,65200,0,100.00,24.13,50,0.0000,5996255,5996255,51,5996306,57.19,applied
9900,29,2,65200,0,100.00,24.13,50,0.0000,5998215,5998215,51,5998266,57.20,applied
9900,30,2,65200,0,100.00,24.13,50,0.0000,5996094,5996094,51,5996145,57.18,applied
9900,31,2,65200,940,90.00,24.13,45,0.0752,5996093,5996093,51,5996144,57.18,applied
9900,32,2,65200,0,100.00,24.13,50,0.0000,5996095,5996095,51,5996146,57.18,applied
9900,33,2,65200,0,100.00,24.13,50,0.0000,5997862,5997862,51,5997913,57.20,applied
