timestamp,sliceId,dedicatedPRB,minPRB,maxPRB
510,0,27.56983822406134,27.56983822406134,100.0
510,1,30.475298323032167,30.475298323032167,100.0
510,2,41.954863452906494,41.954863452906494,100.0
520,0,41.23100769777435,41.23100769777435,100.0
520,1,33.66999232844398,33.66999232844398,100.0
520,2,25.098999973781666,25.098999973781666,100.0
530,0,25.10985612908923,25.10985612908923,100.0
530,1,39.05171994765457,39.05171994765457,100.0
530,2,35.8384239232562,35.8384239232562,100.0
540,0,33.55172454257434,33.55172454257434,100.0
540,1,32.29148787580118,32.29148787580118,100.0
540,2,34.15678758162448,34.15678758162448,100.0
550,0,25.019845836150306,25.019845836150306,100.0
550,1,26.989832046031996,26.989832046031996,100.0
550,2,47.9903221178177,47.9903221178177,100.0
