510,0,14.629765433027858,14.629765433027858,100.0
510,1,15.569998194301132,15.569998194301132,100.0
510,2,69.80023637267101,69.80023637267101,100.0
520,0,63.615390112370186,63.615390112370186,100.0
520,1,21.923706703059313,21.923706703059313,100.0
520,2,14.460903184570492,14.460903184570492,100.0
530,0,58.25242440205698,58.25242440205698,100.0
530,1,9.454714810306767,9.454714810306767,100.0
530,2,32.29286078763626,32.29286078763626,100.0
540,0,45.45059524760532,45.45059524760532,100.0
540,1,22.530516780865845,22.530516780865845,100.0
540,2,32.01888797152883,32.01888797152883,100.0
550,0,47.143401545696925,47.143401545696925,100.0
550,1,10.019351142818957,10.019351142818957,100.0
550,2,42.83724731148412,42.83724731148412,100.0
560,0,73.58205509529566,73.58205509529566,100.0
560,1,13.051081758540594,13.051081758540594,100.0
560,2,13.36686314616376,13.36686314616376,100.0
570,0,12.461887006317781,12.461887006317781,100.0
570,1,11.168957732866582,11.168957732866582,100.0
570,2,76.36915526081563,76.36915526081563,100.0
580,0,32.91584951001434,32.91584951001434,100.0
580,1,33.825056279408905,33.825056279408905,100.0
580,2,33.25909421057676,33.25909421057676,100.0
590,0,72.33678768391172,72.33678768391172,100.0
590,1,15.958022550793768,15.958022550793768,100.0
590,2,11.705189765294506,11.705189765294506,100.0
600,0,21.46323026197185,21.46323026197185,100.0
600,1,15.651150028757998,15.651150028757998,100.0
600,2,62.88561970927016,62.88561970927016,100.0
610,0,27.778714593532012,27.778714593532012,100.0
610,1,52.50882159851565,52.50882159851565,100.0
610,2,19.712463807952325,19.712463807952325,100.0
620,0,16.471032952509194,16.471032952509194,100.0
620,1,19.64029085457949,19.64029085457949,100.0
620,2,63.88867619291132,63.88867619291132,100.0
630,0,11.59861815197732,11.59861815197732,100.0
630,1,11.031295590808911,11.031295590808911,100.0
630,2,77.37008625721377,77.37008625721377,100.0
640,0,53.27446239649267,53.27446239649267,100.0
640,1,31.462475180298288,31.462475180298288,100.0
640,2,15.263062423209043,15.263062423209043,100.0
650,0,54.72707966667091,54.72707966667091,100.0
650,1,21.652478798352288,21.652478798352288,100.0
650,2,23.62044153497681,23.62044153497681,100.0
660,0,52.923903238760595,52.923903238760595,100.0
660,1,11.153166468655721,11.153166468655721,100.0
660,2,35.92293029258369,35.92293029258369,100.0
670,0,55.95772882604445,55.95772882604445,100.0
670,1,28.22190778039223,28.22190778039223,100.0
670,2,15.820363393563335,15.820363393563335,100.0
680,0,34.742738107676956,34.742738107676956,100.0
680,1,11.985589170528614,11.985589170528614,100.0
680,2,53.27167272179444,53.27167272179444,100.0
690,0,11.21815613186088,11.21815613186088,100.0
690,1,10.88739436359627,10.88739436359627,100.0
690,2,77.89444950454285,77.89444950454285,100.0
700,0,17.87080224193035,17.87080224193035,100.0
700,1,68.83114788786028,68.83114788786028,100.0
700,2,13.298049870209368,13.298049870209368,100.0
710,0,23.695067718788078,23.695067718788078,100.0
710,1,40.98608255259125,40.98608255259125,100.0
710,2,35.31884972862067,35.31884972862067,100.0
720,0,40.64580244991145,40.64580244991145,100.0
720,1,28.7694905258057,28.7694905258057,100.0
720,2,30.584707024282853,30.584707024282853,100.0
730,0,64.4650823450502,64.4650823450502,100.0
730,1,23.658911000323883,23.658911000323883,100.0
730,2,11.876006654625913,11.876006654625913,100.0
740,0,53.32324966116846,53.32324966116846,100.0
740,1,18.557506611351645,18.557506611351645,100.0
740,2,28.11924372747991,28.11924372747991,100.0
750,0,11.255417161845914,11.255417161845914,100.0
750,1,11.654493234079661,11.654493234079661,100.0
750,2,77.09008960407444,77.09008960407444,100.0
760,0,22.162055606168547,22.162055606168547,100.0
760,1,12.27161478344999,12.27161478344999,100.0
760,2,65.56632961038147,65.56632961038147,100.0
770,0,36.09929069613745,36.09929069613745,100.0
770,1,9.331842117597994,9.331842117597994,100.0
770,2,54.568867186264555,54.568867186264555,100.0
780,0,29.613793897714373,29.613793897714373,100.0
780,1,40.54996304780608,40.54996304780608,100.0
780,2,29.83624305447955,29.83624305447955,100.0
790,0,32.10743360698522,32.10743360698522,100.0
790,1,9.28667939290295,9.28667939290295,100.0
790,2,58.605887000111835,58.605887000111835,100.0
800,0,36.6995049603585,36.6995049603585,100.0
800,1,13.708387874690613,13.708387874690613,100.0
800,2,49.59210716495089,49.59210716495089,100.0
810,0,11.512604992268328,11.512604992268328,100.0
810,1,12.743646034531816,12.743646034531816,100.0
810,2,75.74374897319984,75.74374897319984,100.0
820,0,22.328350360068725,22.328350360068725,100.0
820,1,33.91738366056739,33.91738366056739,100.0
820,2,43.754265979363886,43.754265979363886,100.0
830,0,38.10764534460675,38.10764534460675,100.0
830,1,33.450324127570546,33.450324127570546,100.0
830,2,28.44203052782271,28.44203052782271,100.0
840,0,61.927761192897805,61.927761192897805,100.0
840,1,9.754472166493064,9.754472166493064,100.0
840,2,28.317766640609126,28.317766640609126,100.0
850,0,57.61752039483288,57.61752039483288,100.0
850,1,25.515270466544866,25.515270466544866,100.0
850,2,16.86720913862225,16.86720913862225,100.0
860,0,52.070588795828876,52.070588795828876,100.0
860,1,22.100359635979984,22.100359635979984,100.0
860,2,25.82905156819114,25.82905156819114,100.0
870,0,11.8715028748508,11.8715028748508,100.0
870,1,13.722174755007918,13.722174755007918,100.0
870,2,74.40632237014128,74.40632237014128,100.0
880,0,23.923481490799247,23.923481490799247,100.0
880,1,18.297176044431364,18.297176044431364,100.0
880,2,57.77934246476939,57.77934246476939,100.0
890,0,15.448402934605223,15.448402934605223,100.0
890,1,63.82566746082527,63.82566746082527,100.0
890,2,20.7259296045695,20.7259296045695,100.0
900,0,30.239114117596834,30.239114117596834,100.0
900,1,40.406404266626794,40.406404266626794,100.0
900,2,29.354481615776386,29.354481615776386,100.0
910,0,46.41048127490837,46.41048127490837,100.0
910,1,8.186405260937976,8.186405260937976,100.0
910,2,45.40311346415365,45.40311346415365,100.0
920,0,45.944327069968544,45.944327069968544,100.0
920,1,22.302440289227288,22.302440289227288,100.0
920,2,31.753232640804168,31.753232640804168,100.0
930,0,11.102752985803361,11.102752985803361,100.0
930,1,10.875162866912502,10.875162866912502,100.0
930,2,78.02208414728415,78.02208414728415,100.0
940,0,23.981506520347942,23.981506520347942,100.0
940,1,59.14087096503822,59.14087096503822,100.0
940,2,16.877622514613847,16.877622514613847,100.0
950,0,25.798890695155418,25.798890695155418,100.0
950,1,61.22763654500714,61.22763654500714,100.0
950,2,12.973472759837456,12.973472759837456,100.0
960,0,37.587189877270994,37.587189877270994,100.0
960,1,50.508816239496255,50.508816239496255,100.0
960,2,11.903993883232753,11.903993883232753,100.0
970,0,35.04357405540195,35.04357405540195,100.0
970,1,34.556120784095214,34.556120784095214,100.0
970,2,30.40030516050284,30.40030516050284,100.0
980,0,20.43493544684809,20.43493544684809,100.0
980,1,43.911740415127646,43.911740415127646,100.0
980,2,35.65332413802426,35.65332413802426,100.0
990,0,13.473730681097141,13.473730681097141,100.0
990,1,10.736637803308998,10.736637803308998,100.0
990,2,75.78963151559385,75.78963151559385,100.0
1000,0,49.34513126366197,49.34513126366197,100.0
1000,1,32.45383054691941,32.45383054691941,100.0
1000,2,18.201038189418625,18.201038189418625,100.0
1010,0,31.71761007591255,31.71761007591255,100.0
1010,1,40.00558334168785,40.00558334168785,100.0
1010,2,28.276806582399587,28.276806582399587,100.0
1020,0,16.813855900559652,16.813855900559652,100.0
1020,1,25.869444365714727,25.869444365714727,100.0
1020,2,57.31669973372563,57.31669973372563,100.0
1030,0,21.52273717065699,21.52273717065699,100.0
1030,1,32.0849308374904,32.0849308374904,100.0
1030,2,46.39233199185262,46.39233199185262,100.0
1040,0,15.51037653925181,15.51037653925181,100.0
1040,1,18.01752508798174,18.01752508798174,100.0
1040,2,66.47209837276645,66.47209837276645,100.0
1050,0,11.666810614785861,11.666810614785861,100.0
1050,1,12.70116056847496,12.70116056847496,100.0
1050,2,75.63202881673918,75.63202881673918,100.0
1060,0,34.29171443987218,34.29171443987218,100.0
1060,1,14.066809765838393,14.066809765838393,100.0
1060,2,51.64147579428943,51.64147579428943,100.0
1070,0,49.622880257432136,49.622880257432136,100.0
1070,1,9.04617458690793,9.04617458690793,100.0
1070,2,41.33094515565992,41.33094515565992,100.0
1080,0,36.958791950739325,36.958791950739325,100.0
1080,1,47.27184167894758,47.27184167894758,100.0
1080,2,15.769366370313092,15.769366370313092,100.0
1090,0,45.77187639539927,45.77187639539927,100.0
1090,1,7.881842716844087,7.881842716844087,100.0
1090,2,46.34628088775665,46.34628088775665,100.0
1100,0,54.25334107649942,54.25334107649942,100.0
1100,1,9.449925528697706,9.449925528697706,100.0
1100,2,36.296733394802885,36.296733394802885,100.0
1110,0,12.417563124541235,12.417563124541235,100.0
1110,1,12.575753395444114,12.575753395444114,100.0
1110,2,75.00668348001464,75.00668348001464,100.0
1120,0,21.965187961043938,21.965187961043938,100.0
1120,1,26.71536156331708,26.71536156331708,100.0
1120,2,51.31945047563898,51.31945047563898,100.0
1130,0,33.967224887899086,33.967224887899086,100.0
1130,1,22.08508299862949,22.08508299862949,100.0
1130,2,43.94769211347144,43.94769211347144,100.0
1140,0,23.736586312035932,23.736586312035932,100.0
1140,1,43.19443961930392,43.19443961930392,100.0
1140,2,33.068974068660154,33.068974068660154,100.0
1150,0,39.44309285484764,39.44309285484764,100.0
1150,1,45.302966272023305,45.302966272023305,100.0
1150,2,15.253940873129068,15.253940873129068,100.0
1160,0,54.800520052569645,54.800520052569645,100.0
1160,1,13.366477022204904,13.366477022204904,100.0
1160,2,31.83300292522545,31.83300292522545,100.0
1170,0,11.319007451146378,11.319007451146378,100.0
1170,1,10.877432761902513,10.877432761902513,100.0
1170,2,77.80355978695111,77.80355978695111,100.0
1180,0,43.619062500292486,43.619062500292486,100.0
1180,1,12.941357910981294,12.941357910981294,100.0
1180,2,43.439579588726225,43.439579588726225,100.0
1190,0,56.01730117829128,56.01730117829128,100.0
1190,1,11.216798021600376,11.216798021600376,100.0
1190,2,32.76590080010835,32.76590080010835,100.0
1200,0,41.78771083836473,41.78771083836473,100.0
1200,1,26.987208058774126,26.987208058774126,100.0
1200,2,31.225081102861136,31.225081102861136,100.0
1210,0,19.67831216215119,19.67831216215119,100.0
1210,1,62.85798176907259,62.85798176907259,100.0
1210,2,17.46370606877622,17.46370606877622,100.0
1220,0,54.70415391021592,54.70415391021592,100.0
1220,1,21.016324800522806,21.016324800522806,100.0
1220,2,24.27952128926127,24.27952128926127,100.0
1230,0,12.190813681412223,12.190813681412223,100.0
1230,1,11.893301872895014,11.893301872895014,100.0
1230,2,75.91588444569275,75.91588444569275,100.0
1240,0,64.26605626240705,64.26605626240705,100.0
1240,1,16.883519201646656,16.883519201646656,100.0
1240,2,18.850424535946306,18.850424535946306,100.0
1250,0,32.19059272364744,32.19059272364744,100.0
1250,1,18.356261188639177,18.356261188639177,100.0
1250,2,49.45314608771338,49.45314608771338,100.0
1260,0,40.514441450689944,40.514441450689944,100.0
1260,1,26.094470436887306,26.094470436887306,100.0
1260,2,33.39108811242274,33.39108811242274,100.0
1270,0,45.66329775191459,45.66329775191459,100.0
1270,1,30.76421768474616,30.76421768474616,100.0
1270,2,23.572484563339252,23.572484563339252,100.0
1280,0,17.87856789069006,17.87856789069006,100.0
1280,1,58.253450354961636,58.253450354961636,100.0
1280,2,23.867981754348307,23.867981754348307,100.0
1290,0,10.970797529929703,10.970797529929703,100.0
1290,1,10.96340756191651,10.96340756191651,100.0
1290,2,78.06579490815379,78.06579490815379,100.0
1300,0,62.56081709810988,62.56081709810988,100.0
1300,1,9.11551844923437,9.11551844923437,100.0
1300,2,28.323664452655745,28.323664452655745,100.0
1310,0,60.36751913858419,60.36751913858419,100.0
1310,1,12.257931780514646,12.257931780514646,100.0
1310,2,27.37454908090117,27.37454908090117,100.0
1320,0,31.733911542377868,31.733911542377868,100.0
1320,1,41.65528443346004,41.65528443346004,100.0
1320,2,26.61080402416209,26.61080402416209,100.0
1330,0,65.99955785631592,65.99955785631592,100.0
1330,1,23.440484528141834,23.440484528141834,100.0
1330,2,10.559957615542265,10.559957615542265,100.0
1340,0,41.92525259960724,41.92525259960724,100.0
1340,1,37.54667894584916,37.54667894584916,100.0
1340,2,20.528068454543604,20.528068454543604,100.0
1350,0,12.71697536052134,12.71697536052134,100.0
1350,1,12.08942754371428,12.08942754371428,100.0
1350,2,75.19359709576437,75.19359709576437,100.0
1360,0,31.355662417460255,31.355662417460255,100.0
1360,1,31.969001728488177,31.969001728488177,100.0
1360,2,36.67533585405156,36.67533585405156,100.0
1370,0,60.07315529009677,60.07315529009677,100.0
1370,1,22.114469144299388,22.114469144299388,100.0
1370,2,17.812375565603848,17.812375565603848,100.0
1380,0,46.43962248885357,46.43962248885357,100.0
1380,1,25.861362570823054,25.861362570823054,100.0
1380,2,27.69901494032337,27.69901494032337,100.0
1390,0,43.12413312196607,43.12413312196607,100.0
1390,1,13.204105400826982,13.204105400826982,100.0
1390,2,43.67176147720696,43.67176147720696,100.0
1400,0,21.863519406161615,21.863519406161615,100.0
1400,1,14.629833881663318,14.629833881663318,100.0
1400,2,63.506646712175076,63.506646712175076,100.0
1410,0,12.678520528595937,12.678520528595937,100.0
1410,1,12.640506286737537,12.640506286737537,100.0
1410,2,74.68097318466653,74.68097318466653,100.0
1420,0,40.74658525449199,40.74658525449199,100.0
1420,1,45.83617510471197,45.83617510471197,100.0
1420,2,13.417239640796044,13.417239640796044,100.0
1430,0,19.035678717287144,19.035678717287144,100.0
1430,1,18.668388857012097,18.668388857012097,100.0
1430,2,62.29593242570076,62.29593242570076,100.0
1440,0,44.719289619346014,44.719289619346014,100.0
1440,1,35.154222992036885,35.154222992036885,100.0
1440,2,20.126487388617097,20.126487388617097,100.0
1450,0,57.32175103385095,57.32175103385095,100.0
1450,1,17.23824285943212,17.23824285943212,100.0
1450,2,25.440006106716922,25.440006106716922,100.0
1460,0,17.647794051336643,17.647794051336643,100.0
1460,1,39.48436967286891,39.48436967286891,100.0
1460,2,42.867836275794446,42.867836275794446,100.0
1470,0,11.93300168266863,11.93300168266863,100.0
1470,1,11.229490300884347,11.229490300884347,100.0
1470,2,76.83750801644702,76.83750801644702,100.0
1480,0,37.36969543817035,37.36969543817035,100.0
1480,1,19.529239324186026,19.529239324186026,100.0
1480,2,43.101065237643624,43.101065237643624,100.0
1490,0,38.89377682668824,38.89377682668824,100.0
1490,1,29.143175270302528,29.143175270302528,100.0
1490,2,31.96304790300923,31.96304790300923,100.0
1500,0,43.43241645345692,43.43241645345692,100.0
1500,1,45.63296789504946,45.63296789504946,100.0
1500,2,10.934615651493607,10.934615651493607,100.0
1510,0,22.413359650027196,22.413359650027196,100.0
1510,1,20.283467634341424,20.283467634341424,100.0
1510,2,57.303172715631376,57.303172715631376,100.0
1520,0,34.74511592842908,34.74511592842908,100.0
1520,1,13.31314239998913,13.31314239998913,100.0
1520,2,51.94174167158179,51.94174167158179,100.0
1530,0,11.62508969871771,11.62508969871771,100.0
1530,1,11.090248363418425,11.090248363418425,100.0
1530,2,77.28466193786387,77.28466193786387,100.0
1540,0,38.025543990107494,38.025543990107494,100.0
1540,1,10.234582729211535,10.234582729211535,100.0
1540,2,51.73987328068097,51.73987328068097,100.0
1550,0,45.531349933109524,45.531349933109524,100.0
1550,1,18.24853606591765,18.24853606591765,100.0
1550,2,36.22011400097283,36.22011400097283,100.0
1560,0,67.59950057543182,67.59950057543182,100.0
1560,1,19.71510926977217,19.71510926977217,100.0
1560,2,12.685390154796,12.685390154796,100.0
1570,0,22.835939116287136,22.835939116287136,100.0
1570,1,18.27504575344099,18.27504575344099,100.0
1570,2,58.88901513027188,58.88901513027188,100.0
1580,0,30.15100761684567,30.15100761684567,100.0
1580,1,34.255705550904096,34.255705550904096,100.0
1580,2,35.59328683225023,35.59328683225023,100.0
1590,0,13.36000282092919,13.36000282092919,100.0
1590,1,12.52376471175214,12.52376471175214,100.0
1590,2,74.11623246731868,74.11623246731868,100.0
1600,0,46.51168082859592,46.51168082859592,100.0
1600,1,11.902403346918586,11.902403346918586,100.0
1600,2,41.58591582448548,41.58591582448548,100.0
1610,0,39.27709196575299,39.27709196575299,100.0
1610,1,29.208289511127898,29.208289511127898,100.0
1610,2,31.514618523119115,31.514618523119115,100.0
1620,0,28.420137700223254,28.420137700223254,100.0
1620,1,33.62388409773251,33.62388409773251,100.0
1620,2,37.95597820204424,37.95597820204424,100.0
1630,0,13.141458418664865,13.141458418664865,100.0
1630,1,16.943205977141794,16.943205977141794,100.0
1630,2,69.91533560419334,69.91533560419334,100.0
1640,0,28.70772754824369,28.70772754824369,100.0
1640,1,26.896899786189334,26.896899786189334,100.0
1640,2,44.39537266556698,44.39537266556698,100.0
1650,0,11.468272781353713,11.468272781353713,100.0
1650,1,11.004358573097912,11.004358573097912,100.0
1650,2,77.52736864554838,77.52736864554838,100.0
1660,0,38.159909136008935,38.159909136008935,100.0
1660,1,25.642690124564893,25.642690124564893,100.0
1660,2,36.19740073942617,36.19740073942617,100.0
1670,0,32.49784584210834,32.49784584210834,100.0
1670,1,16.081089242413167,16.081089242413167,100.0
1670,2,51.42106491547849,51.42106491547849,100.0
1680,0,65.45938102862054,65.45938102862054,100.0
1680,1,10.653560427754753,10.653560427754753,100.0
1680,2,23.8870585436247,23.8870585436247,100.0
1690,0,25.054416989119616,25.054416989119616,100.0
1690,1,57.723738345112565,57.723738345112565,100.0
1690,2,17.221844665767833,17.221844665767833,100.0
1700,0,28.23754994922844,28.23754994922844,100.0
1700,1,52.59454522790663,52.59454522790663,100.0
1700,2,19.167904822864923,19.167904822864923,100.0
1710,0,12.399486310334673,12.399486310334673,100.0
1710,1,12.309059490227005,12.309059490227005,100.0
1710,2,75.29145419943832,75.29145419943832,100.0
1720,0,38.56209021452167,38.56209021452167,100.0
1720,1,33.78256565144704,33.78256565144704,100.0
1720,2,27.655344134031303,27.655344134031303,100.0
1730,0,31.528563796661963,31.528563796661963,100.0
1730,1,25.59362253534933,25.59362253534933,100.0
1730,2,42.877813667988704,42.877813667988704,100.0
1740,0,37.99983092940021,37.99983092940021,100.0
1740,1,31.645304754247817,31.645304754247817,100.0
1740,2,30.354864316351964,30.354864316351964,100.0
1750,0,46.419074832680614,46.419074832680614,100.0
1750,1,46.492727115107805,46.492727115107805,100.0
1750,2,7.08819805221159,7.08819805221159,100.0
1760,0,43.082202112290496,43.082202112290496,100.0
1760,1,32.80042803499775,32.80042803499775,100.0
1760,2,24.117369852711757,24.117369852711757,100.0
1770,0,13.05877432589082,13.05877432589082,100.0
1770,1,11.17867981429385,11.17867981429385,100.0
1770,2,75.76254585981532,75.76254585981532,100.0
1780,0,46.27311444206113,46.27311444206113,100.0
1780,1,41.45798169425684,41.45798169425684,100.0
1780,2,12.26890386368205,12.26890386368205,100.0
1790,0,44.85329543034221,44.85329543034221,100.0
1790,1,20.792737176877676,20.792737176877676,100.0
1790,2,34.35396739278011,34.35396739278011,100.0
1800,0,47.35514627813121,47.35514627813121,100.0
1800,1,7.5591714695227505,7.5591714695227505,100.0
1800,2,45.08568225234605,45.08568225234605,100.0
1810,0,36.11216094100247,36.11216094100247,100.0
1810,1,32.763989833975906,32.763989833975906,100.0
1810,2,31.123849225021623,31.123849225021623,100.0
1820,0,47.57375725326083,47.57375725326083,100.0
1820,1,16.665965015572397,16.665965015572397,100.0
1820,2,35.76027773116678,35.76027773116678,100.0
1830,0,12.079220881410773,12.079220881410773,100.0
1830,1,11.277899020256129,11.277899020256129,100.0
1830,2,76.6428800983331,76.6428800983331,100.0
1840,0,21.80958462079094,21.80958462079094,100.0
1840,1,11.767087702706812,11.767087702706812,100.0
1840,2,66.42332767650225,66.42332767650225,100.0
1850,0,64.31979320867136,64.31979320867136,100.0
1850,1,16.490125205566326,16.490125205566326,100.0
1850,2,19.190081585762318,19.190081585762318,100.0
1860,0,39.90416125818418,39.90416125818418,100.0
1860,1,32.25689006610513,32.25689006610513,100.0
1860,2,27.83894867571069,27.83894867571069,100.0
1870,0,59.07824180787008,59.07824180787008,100.0
1870,1,18.224464638349172,18.224464638349172,100.0
1870,2,22.69729355378075,22.69729355378075,100.0
1880,0,40.35495427374199,40.35495427374199,100.0
1880,1,38.638609104112554,38.638609104112554,100.0
1880,2,21.00643662214546,21.00643662214546,100.0
1890,0,11.155412568869417,11.155412568869417,100.0
1890,1,11.056600360992098,11.056600360992098,100.0
1890,2,77.78798707013848,77.78798707013848,100.0
1900,0,53.3687008563701,53.3687008563701,100.0
1900,1,31.940249604211214,31.940249604211214,100.0
1900,2,14.691049539418705,14.691049539418705,100.0
1910,0,31.082036867530977,31.082036867530977,100.0
1910,1,28.70645451441789,28.70645451441789,100.0
1910,2,40.211508618051134,40.211508618051134,100.0
1920,0,18.91925077429489,18.91925077429489,100.0
1920,1,26.621248755337675,26.621248755337675,100.0
1920,2,54.45950047036744,54.45950047036744,100.0
1930,0,19.457808907258713,19.457808907258713,100.0
1930,1,50.433511538713404,50.433511538713404,100.0
1930,2,30.108679554027873,30.108679554027873,100.0
1940,0,66.67910953355829,66.67910953355829,100.0
1940,1,11.442672569752514,11.442672569752514,100.0
1940,2,21.878217896689193,21.878217896689193,100.0
1950,0,15.684567502671722,15.684567502671722,100.0
1950,1,15.800257257095076,15.800257257095076,100.0
1950,2,68.5151752402332,68.5151752402332,100.0
1960,0,44.206512670485075,44.206512670485075,100.0
1960,1,25.948682347293772,25.948682347293772,100.0
1960,2,29.844804982221156,29.844804982221156,100.0
1970,0,28.503911575575902,28.503911575575902,100.0
1970,1,28.08989256229561,28.08989256229561,100.0
1970,2,43.40619586212849,43.40619586212849,100.0
1980,0,10.491068477457523,10.491068477457523,100.0
1980,1,41.3871009605825,41.3871009605825,100.0
1980,2,48.121830561959975,48.121830561959975,100.0
1990,0,29.960526852018127,29.960526852018127,100.0
1990,1,18.40803067938344,18.40803067938344,100.0
1990,2,51.63144246859843,51.63144246859843,100.0
2000,0,39.94314304339634,39.94314304339634,100.0
2000,1,34.13520177050083,34.13520177050083,100.0
2000,2,25.921655186102825,25.921655186102825,100.0
2010,0,12.334907642592373,12.334907642592373,100.0
2010,1,10.864041402945462,10.864041402945462,100.0
2010,2,76.80105095446216,76.80105095446216,100.0
2020,0,57.64916519869912,57.64916519869912,100.0
2020,1,12.895490428524303,12.895490428524303,100.0
2020,2,29.455344372776576,29.455344372776576,100.0
2030,0,45.96191425049773,45.96191425049773,100.0
2030,1,33.1728340707161,33.1728340707161,100.0
2030,2,20.86525167878618,20.86525167878618,100.0
2040,0,34.23718445452535,34.23718445452535,100.0
2040,1,10.008420311386267,10.008420311386267,100.0
2040,2,55.754395234088385,55.754395234088385,100.0
2050,0,52.396789357045215,52.396789357045215,100.0
2050,1,18.08053076129503,18.08053076129503,100.0
2050,2,29.522679881659748,29.522679881659748,100.0
2060,0,48.29788623995515,48.29788623995515,100.0
2060,1,23.105372541846457,23.105372541846457,100.0
2060,2,28.596741218198407,28.596741218198407,100.0
2070,0,12.648404523675735,12.648404523675735,100.0
2070,1,11.336670573492809,11.336670573492809,100.0
2070,2,76.01492490283147,76.01492490283147,100.0
2080,0,23.890688445423656,23.890688445423656,100.0
2080,1,41.70803514658902,41.70803514658902,100.0
2080,2,34.40127640798733,34.40127640798733,100.0
2090,0,26.555834747981827,26.555834747981827,100.0
2090,1,23.063659974200718,23.063659974200718,100.0
2090,2,50.380505277817456,50.380505277817456,100.0
2100,0,45.48194314989285,45.48194314989285,100.0
2100,1,16.61700201666731,16.61700201666731,100.0
2100,2,37.90105483343984,37.90105483343984,100.0
2110,0,12.402628400302454,12.402628400302454,100.0
2110,1,17.001052979689195,17.001052979689195,100.0
2110,2,70.59631862000836,70.59631862000836,100.0
2120,0,12.995228876475851,12.995228876475851,100.0
2120,1,69.54020991014225,69.54020991014225,100.0
2120,2,17.464561213381884,17.464561213381884,100.0
2130,0,11.493322076615192,11.493322076615192,100.0
2130,1,11.898699871749066,11.898699871749066,100.0
2130,2,76.60797805163574,76.60797805163574,100.0
2140,0,52.69206868830939,52.69206868830939,100.0
2140,1,20.540928522555255,20.540928522555255,100.0
2140,2,26.767002789135365,26.767002789135365,100.0
2150,0,26.367325457237513,26.367325457237513,100.0
2150,1,47.50615359772486,47.50615359772486,100.0
2150,2,26.12652094503762,26.12652094503762,100.0
2160,0,41.538389617050804,41.538389617050804,100.0
2160,1,23.223886213382652,23.223886213382652,100.0
2160,2,35.23772416956655,35.23772416956655,100.0
2170,0,68.89770957462262,68.89770957462262,100.0
2170,1,17.466045022577532,17.466045022577532,100.0
2170,2,13.636245402799851,13.636245402799851,100.0
2180,0,51.91927892915729,51.91927892915729,100.0
2180,1,12.456903066857757,12.456903066857757,100.0
2180,2,35.623818003984965,35.623818003984965,100.0
2190,0,12.052821304600204,12.052821304600204,100.0
2190,1,11.869557331980417,11.869557331980417,100.0
2190,2,76.0776213634194,76.0776213634194,100.0
2200,0,46.045213827013825,46.045213827013825,100.0
2200,1,8.987531407369797,8.987531407369797,100.0
2200,2,44.96725476561639,44.96725476561639,100.0
2210,0,53.969803697497746,53.969803697497746,100.0
2210,1,31.870517363627926,31.870517363627926,100.0
2210,2,14.159678938874329,14.159678938874329,100.0
2220,0,32.59450010161151,32.59450010161151,100.0
2220,1,13.475611017772197,13.475611017772197,100.0
2220,2,53.929888880616296,53.929888880616296,100.0
2230,0,24.122105870736217,24.122105870736217,100.0
2230,1,35.358001533993445,35.358001533993445,100.0
2230,2,40.519892595270335,40.519892595270335,100.0
2240,0,66.39954543108648,66.39954543108648,100.0
2240,1,16.709242550909803,16.709242550909803,100.0
2240,2,16.89121201800372,16.89121201800372,100.0
2250,0,13.243220875977538,13.243220875977538,100.0
2250,1,11.773789261108504,11.773789261108504,100.0
2250,2,74.98298986291397,74.98298986291397,100.0
2260,0,52.82749192460562,52.82749192460562,100.0
2260,1,30.076611363311446,30.076611363311446,100.0
2260,2,17.095896712082933,17.095896712082933,100.0
2270,0,45.31699514642667,45.31699514642667,100.0
2270,1,33.84285341576766,33.84285341576766,100.0
2270,2,20.84015143780567,20.84015143780567,100.0
2280,0,36.990155037163184,36.990155037163184,100.0
2280,1,14.502097377844061,14.502097377844061,100.0
2280,2,48.507747584992764,48.507747584992764,100.0
2290,0,64.21737866603551,64.21737866603551,100.0
2290,1,14.112602442971086,14.112602442971086,100.0
2290,2,21.670018890993397,21.670018890993397,100.0
2300,0,39.1553917646156,39.1553917646156,100.0
2300,1,40.44559029900533,40.44559029900533,100.0
2300,2,20.39901793637907,20.39901793637907,100.0
2310,0,13.765669845688496,13.765669845688496,100.0
2310,1,13.749559778933806,13.749559778933806,100.0
2310,2,72.48477037537769,72.48477037537769,100.0
2320,0,46.0596045787716,46.0596045787716,100.0
2320,1,35.10901515820751,35.10901515820751,100.0
2320,2,18.831380263020886,18.831380263020886,100.0
2330,0,36.755074959683895,36.755074959683895,100.0
2330,1,48.71704148154309,48.71704148154309,100.0
2330,2,14.527883558773022,14.527883558773022,100.0
2340,0,18.652948246781946,18.652948246781946,100.0
2340,1,44.828771226556654,44.828771226556654,100.0
2340,2,36.51828052666141,36.51828052666141,100.0
2350,0,53.22800068036885,53.22800068036885,100.0
2350,1,36.037817209886825,36.037817209886825,100.0
2350,2,10.734182109744324,10.734182109744324,100.0
2360,0,35.97678165457548,35.97678165457548,100.0
2360,1,31.809304229986797,31.809304229986797,100.0
2360,2,32.21391411543772,32.21391411543772,100.0
2370,0,13.684158581383981,13.684158581383981,100.0
2370,1,15.036870387086104,15.036870387086104,100.0
2370,2,71.27897103152992,71.27897103152992,100.0
2380,0,31.070435368077305,31.070435368077305,100.0
2380,1,15.412092409059202,15.412092409059202,100.0
2380,2,53.517472222863496,53.517472222863496,100.0
2390,0,17.071948140400764,17.071948140400764,100.0
2390,1,15.59887786220531,15.59887786220531,100.0
2390,2,67.32917399739394,67.32917399739394,100.0
2400,0,42.343982810747875,42.343982810747875,100.0
2400,1,40.9642730784901,40.9642730784901,100.0
2400,2,16.691744110762027,16.691744110762027,100.0
2410,0,76.0638506901778,76.0638506901778,100.0
2410,1,10.929203471659754,10.929203471659754,100.0
2410,2,13.006945838162443,13.006945838162443,100.0
2420,0,61.63995234241221,61.63995234241221,100.0
2420,1,18.52079371589648,18.52079371589648,100.0
2420,2,19.83925394169132,19.83925394169132,100.0
2430,0,13.08160656158842,13.08160656158842,100.0
2430,1,12.259497280160998,12.259497280160998,100.0
2430,2,74.65889615825057,74.65889615825057,100.0
2440,0,20.172826651964748,20.172826651964748,100.0
2440,1,10.943671641319218,10.943671641319218,100.0
2440,2,68.88350170671603,68.88350170671603,100.0
2450,0,52.757812614004685,52.757812614004685,100.0
2450,1,25.338598560037312,25.338598560037312,100.0
2450,2,21.903588825957996,21.903588825957996,100.0
2460,0,32.43974678846867,32.43974678846867,100.0
2460,1,22.986718098375103,22.986718098375103,100.0
2460,2,44.57353511315623,44.57353511315623,100.0
2470,0,28.102578728353368,28.102578728353368,100.0
2470,1,13.007302182018499,13.007302182018499,100.0
2470,2,58.890119089628136,58.890119089628136,100.0
2480,0,30.809726302327732,30.809726302327732,100.0
2480,1,42.99069926811419,42.99069926811419,100.0
2480,2,26.199574429558087,26.199574429558087,100.0
2490,0,15.323026701884263,15.323026701884263,100.0
2490,1,16.254136449640693,16.254136449640693,100.0
2490,2,68.42283684847506,68.42283684847506,100.0
2500,0,38.28641449874387,38.28641449874387,100.0
2500,1,50.612392754206546,50.612392754206546,100.0
2500,2,11.10119274704957,11.10119274704957,100.0
2510,0,28.917888679937597,28.917888679937597,100.0
2510,1,15.354423934420963,15.354423934420963,100.0
2510,2,55.72768738564143,55.72768738564143,100.0
2520,0,25.636682249625714,25.636682249625714,100.0
2520,1,52.003215398269234,52.003215398269234,100.0
2520,2,22.360102352105066,22.360102352105066,100.0
2530,0,61.10511270694424,61.10511270694424,100.0
2530,1,28.983183168484807,28.983183168484807,100.0
2530,2,9.911704124570957,9.911704124570957,100.0
2540,0,53.02190189643575,53.02190189643575,100.0
2540,1,17.661916423977882,17.661916423977882,100.0
2540,2,29.31618167958636,29.31618167958636,100.0
2550,0,12.716078299077296,12.716078299077296,100.0
2550,1,12.881894605224838,12.881894605224838,100.0
2550,2,74.40202709569786,74.40202709569786,100.0
2560,0,45.16282347554066,45.16282347554066,100.0
2560,1,21.637191233098044,21.637191233098044,100.0
2560,2,33.199985291361294,33.199985291361294,100.0
2570,0,55.978318464493285,55.978318464493285,100.0
2570,1,28.79331144728135,28.79331144728135,100.0
2570,2,15.228370088225383,15.228370088225383,100.0
2580,0,52.60079078677998,52.60079078677998,100.0
2580,1,23.265864890550528,23.265864890550528,100.0
2580,2,24.13334432266949,24.13334432266949,100.0
2590,0,13.09542344338486,13.09542344338486,100.0
2590,1,34.48040980330582,34.48040980330582,100.0
2590,2,52.42416675330932,52.42416675330932,100.0
2600,0,40.04659956334082,40.04659956334082,100.0
2600,1,35.43306481282425,35.43306481282425,100.0
2600,2,24.52033562383493,24.52033562383493,100.0
2610,0,11.444724731847487,11.444724731847487,100.0
2610,1,10.949159308310335,10.949159308310335,100.0
2610,2,77.60611595984219,77.60611595984219,100.0
2620,0,40.1341044605586,40.1341044605586,100.0
2620,1,23.207106600992763,23.207106600992763,100.0
2620,2,36.65878893844863,36.65878893844863,100.0
2630,0,43.8439611062959,43.8439611062959,100.0
2630,1,14.471721497581655,14.471721497581655,100.0
2630,2,41.684317396122445,41.684317396122445,100.0
2640,0,36.0081778755695,36.0081778755695,100.0
2640,1,16.9054632377987,16.9054632377987,100.0
2640,2,47.0863588866318,47.0863588866318,100.0
2650,0,45.91442168670569,45.91442168670569,100.0
2650,1,14.657202223719711,14.657202223719711,100.0
2650,2,39.4283760895746,39.4283760895746,100.0
2660,0,34.058500868470084,34.058500868470084,100.0
2660,1,27.446965682454845,27.446965682454845,100.0
2660,2,38.49453344907507,38.49453344907507,100.0
2670,0,15.296832437889424,15.296832437889424,100.0
2670,1,14.472932122690782,14.472932122690782,100.0
2670,2,70.2302354394198,70.2302354394198,100.0
2680,0,15.43182994861206,15.43182994861206,100.0
2680,1,41.326274792625256,41.326274792625256,100.0
2680,2,43.24189525876269,43.24189525876269,100.0
2690,0,59.10274627774559,59.10274627774559,100.0
2690,1,25.633774919993947,25.633774919993947,100.0
2690,2,15.26347880226046,15.26347880226046,100.0
2700,0,44.5514918706133,44.5514918706133,100.0
2700,1,44.510311207019456,44.510311207019456,100.0
2700,2,10.938196922367252,10.938196922367252,100.0
2710,0,29.20525570502177,29.20525570502177,100.0
2710,1,37.90251607766345,37.90251607766345,100.0
2710,2,32.89222821731478,32.89222821731478,100.0
2720,0,64.31000822236476,64.31000822236476,100.0
2720,1,14.371783094442192,14.371783094442192,100.0
2720,2,21.31820868319305,21.31820868319305,100.0
2730,0,14.11632788235386,14.11632788235386,100.0
2730,1,14.325481539730605,14.325481539730605,100.0
2730,2,71.55819057791554,71.55819057791554,100.0
2740,0,33.018204272240894,33.018204272240894,100.0
2740,1,16.150440927353696,16.150440927353696,100.0
2740,2,50.831354800405414,50.831354800405414,100.0
2750,0,48.37990397899944,48.37990397899944,100.0
2750,1,38.67961933448608,38.67961933448608,100.0
2750,2,12.940476686514499,12.940476686514499,100.0
2760,0,48.63505647821738,48.63505647821738,100.0
2760,1,9.121705940984063,9.121705940984063,100.0
2760,2,42.24323758079855,42.24323758079855,100.0
2770,0,61.6871829723849,61.6871829723849,100.0
2770,1,21.222036841380636,21.222036841380636,100.0
2770,2,17.090780186234465,17.090780186234465,100.0
2780,0,18.918868448339378,18.918868448339378,100.0
2780,1,53.305981372571985,53.305981372571985,100.0
2780,2,27.775150179088637,27.775150179088637,100.0
2790,0,15.5363980272022,15.5363980272022,100.0
2790,1,11.409512965101786,11.409512965101786,100.0
2790,2,73.054089007696,73.054089007696,100.0
2800,0,49.54364809215707,49.54364809215707,100.0
2800,1,12.310001630917629,12.310001630917629,100.0
2800,2,38.146350276925304,38.146350276925304,100.0
2810,0,47.12510976741939,47.12510976741939,100.0
2810,1,24.82813067042821,24.82813067042821,100.0
2810,2,28.046759562152413,28.046759562152413,100.0
2820,0,36.53967880805401,36.53967880805401,100.0
2820,1,22.77040199409536,22.77040199409536,100.0
2820,2,40.68991919785063,40.68991919785063,100.0
2830,0,35.452975428618394,35.452975428618394,100.0
2830,1,41.28012774584408,41.28012774584408,100.0
2830,2,23.26689682553752,23.26689682553752,100.0
2840,0,17.959049439504383,17.959049439504383,100.0
2840,1,52.808797316915324,52.808797316915324,100.0
2840,2,29.232153243580296,29.232153243580296,100.0
2850,0,10.798340037302204,10.798340037302204,100.0
2850,1,11.94667066028439,11.94667066028439,100.0
2850,2,77.2549893024134,77.2549893024134,100.0
2860,0,29.561625400236068,29.561625400236068,100.0
2860,1,20.1710996028782,20.1710996028782,100.0
2860,2,50.26727499688574,50.26727499688574,100.0
2870,0,36.74889124123037,36.74889124123037,100.0
2870,1,14.45508809768924,14.45508809768924,100.0
2870,2,48.79602066108039,48.79602066108039,100.0
2880,0,15.849128648823383,15.849128648823383,100.0
2880,1,32.66635586676497,32.66635586676497,100.0
2880,2,51.48451548441165,51.48451548441165,100.0
2890,0,63.239616458330204,63.239616458330204,100.0
2890,1,15.980826784188809,15.980826784188809,100.0
2890,2,20.779556757480993,20.779556757480993,100.0
2900,0,51.15065051781406,51.15065051781406,100.0
2900,1,38.45013065310201,38.45013065310201,100.0
2900,2,10.399218829083944,10.399218829083944,100.0
2910,0,20.209126901914427,20.209126901914427,100.0
2910,1,10.935886902331854,10.935886902331854,100.0
2910,2,68.85498619575372,68.85498619575372,100.0
2920,0,15.813519283464524,15.813519283464524,100.0
2920,1,27.78022040415571,27.78022040415571,100.0
2920,2,56.406260312379764,56.406260312379764,100.0
2930,0,47.32717197172997,47.32717197172997,100.0
2930,1,39.46229926711041,39.46229926711041,100.0
2930,2,13.21052876115963,13.21052876115963,100.0
2940,0,51.760006744857954,51.760006744857954,100.0
2940,1,22.57178741004941,22.57178741004941,100.0
2940,2,25.668205845092633,25.668205845092633,100.0
2950,0,26.507034973513544,26.507034973513544,100.0
2950,1,42.3700637240486,42.3700637240486,100.0
2950,2,31.122901302437867,31.122901302437867,100.0
2960,0,64.86392229528781,64.86392229528781,100.0
2960,1,15.494188383490343,15.494188383490343,100.0
2960,2,19.64188932122187,19.64188932122187,100.0
2970,0,12.412707435725757,12.412707435725757,100.0
2970,1,12.822526974198462,12.822526974198462,100.0
2970,2,74.76476559007578,74.76476559007578,100.0
2980,0,17.46011077837187,17.46011077837187,100.0
2980,1,23.122975178625314,23.122975178625314,100.0
2980,2,59.41691404300281,59.41691404300281,100.0
2990,0,73.08783156523941,73.08783156523941,100.0
2990,1,12.582072286950382,12.582072286950382,100.0
2990,2,14.330096147810215,14.330096147810215,100.0
3000,0,48.16593116538932,48.16593116538932,100.0
3000,1,35.848334399647136,35.848334399647136,100.0
3000,2,15.98573443496355,15.98573443496355,100.0
3010,0,51.839956507423615,51.839956507423615,100.0
3010,1,23.052737116841026,23.052737116841026,100.0
3010,2,25.107306375735366,25.107306375735366,100.0
3020,0,37.423603653165536,37.423603653165536,100.0
3020,1,39.12898209291594,39.12898209291594,100.0
3020,2,23.447414253918534,23.447414253918534,100.0
3030,0,10.786659764016795,10.786659764016795,100.0
3030,1,11.544180945476208,11.544180945476208,100.0
3030,2,77.669159290507,77.669159290507,100.0
3040,0,48.66435910789754,48.66435910789754,100.0
3040,1,9.222573232605368,9.222573232605368,100.0
3040,2,42.11306765949709,42.11306765949709,100.0
3050,0,28.069721611316318,28.069721611316318,100.0
3050,1,46.28892407013351,46.28892407013351,100.0
3050,2,25.641354318550174,25.641354318550174,100.0
3060,0,55.89305146165972,55.89305146165972,100.0
3060,1,12.191800084337594,12.191800084337594,100.0
3060,2,31.91514845400269,31.91514845400269,100.0
3070,0,50.3884482406924,50.3884482406924,100.0
3070,1,22.950152578855192,22.950152578855192,100.0
3070,2,26.661399180452417,26.661399180452417,100.0
3080,0,56.781295829790636,56.781295829790636,100.0
3080,1,17.229821840439367,17.229821840439367,100.0
3080,2,25.988882329770007,25.988882329770007,100.0
3090,0,12.066977925915015,12.066977925915015,100.0
3090,1,12.686016111999807,12.686016111999807,100.0
3090,2,75.24700596208518,75.24700596208518,100.0
3100,0,44.911852387806,44.911852387806,100.0
3100,1,31.23212881907376,31.23212881907376,100.0
3100,2,23.85601879312024,23.85601879312024,100.0
3110,0,25.93582746001949,25.93582746001949,100.0
3110,1,22.807013703782385,22.807013703782385,100.0
3110,2,51.25715883619814,51.25715883619814,100.0
3120,0,31.418369705612132,31.418369705612132,100.0
3120,1,21.463458896432723,21.463458896432723,100.0
3120,2,47.11817139795515,47.11817139795515,100.0
3130,0,33.74926592997762,33.74926592997762,100.0
3130,1,29.774199377647626,29.774199377647626,100.0
3130,2,36.47653469237476,36.47653469237476,100.0
3140,0,49.09290057690242,49.09290057690242,100.0
3140,1,11.869217044478807,11.869217044478807,100.0
3140,2,39.03788237861877,39.03788237861877,100.0
3150,0,12.634912443950066,12.634912443950066,100.0
3150,1,11.705444249373691,11.705444249373691,100.0
3150,2,75.65964330667624,75.65964330667624,100.0
3160,0,50.90799966395103,50.90799966395103,100.0
3160,1,25.467244007531797,25.467244007531797,100.0
3160,2,23.624756328517186,23.624756328517186,100.0
3170,0,43.68691723198127,43.68691723198127,100.0
3170,1,17.67306826933822,17.67306826933822,100.0
3170,2,38.64001449868051,38.64001449868051,100.0
3180,0,35.28607122320681,35.28607122320681,100.0
3180,1,50.89440540452864,50.89440540452864,100.0
3180,2,13.819523372264547,13.819523372264547,100.0
3190,0,22.76068525961213,22.76068525961213,100.0
3190,1,64.8633743768276,64.8633743768276,100.0
3190,2,12.375940363560273,12.375940363560273,100.0
3200,0,31.799323617969854,31.799323617969854,100.0
3200,1,26.521079670395313,26.521079670395313,100.0
3200,2,41.679596711634844,41.679596711634844,100.0
3210,0,11.37302635457148,11.37302635457148,100.0
3210,1,11.18708717021091,11.18708717021091,100.0
3210,2,77.4398864752176,77.4398864752176,100.0
3220,0,25.679855603414104,25.679855603414104,100.0
3220,1,29.26868722436982,29.26868722436982,100.0
3220,2,45.051457172216075,45.051457172216075,100.0
3230,0,56.38032154591597,56.38032154591597,100.0
3230,1,22.43333205613088,22.43333205613088,100.0
3230,2,21.186346397953155,21.186346397953155,100.0
3240,0,59.78870754391774,59.78870754391774,100.0
3240,1,23.762205498090058,23.762205498090058,100.0
3240,2,16.449086957992204,16.449086957992204,100.0
3250,0,28.978287981137,28.978287981137,100.0
3250,1,10.734291894655431,10.734291894655431,100.0
3250,2,60.28742012420757,60.28742012420757,100.0
3260,0,32.112491514354815,32.112491514354815,100.0
3260,1,49.32667156561125,49.32667156561125,100.0
3260,2,18.560836920033932,18.560836920033932,100.0
3270,0,12.757940805402127,12.757940805402127,100.0
3270,1,17.46683883902837,17.46683883902837,100.0
3270,2,69.7752203555695,69.7752203555695,100.0
3280,0,36.76223849059683,36.76223849059683,100.0
3280,1,17.905234843807243,17.905234843807243,100.0
3280,2,45.33252666559592,45.33252666559592,100.0
3290,0,48.1207420855532,48.1207420855532,100.0
3290,1,12.448772207061037,12.448772207061037,100.0
3290,2,39.43048570738576,39.43048570738576,100.0
3300,0,30.52818280683338,30.52818280683338,100.0
3300,1,23.24621210727558,23.24621210727558,100.0
3300,2,46.22560508589103,46.22560508589103,100.0
3310,0,26.17424744150107,26.17424744150107,100.0
3310,1,31.99867040029436,31.99867040029436,100.0
3310,2,41.82708215820458,41.82708215820458,100.0
3320,0,52.58707260643325,52.58707260643325,100.0
3320,1,21.5706628350913,21.5706628350913,100.0
3320,2,25.842264558475453,25.842264558475453,100.0
3330,0,11.267150101408815,11.267150101408815,100.0
3330,1,12.799742274841519,12.799742274841519,100.0
3330,2,75.93310762374968,75.93310762374968,100.0
3340,0,29.810150939451262,29.810150939451262,100.0
3340,1,33.930028703092866,33.930028703092866,100.0
3340,2,36.25982035745587,36.25982035745587,100.0
3350,0,59.43330572896074,59.43330572896074,100.0
3350,1,19.41812191397006,19.41812191397006,100.0
3350,2,21.148572357069202,21.148572357069202,100.0
3360,0,54.36059546863805,54.36059546863805,100.0
3360,1,16.999740025327085,16.999740025327085,100.0
3360,2,28.639664506034872,28.639664506034872,100.0
3370,0,48.54613959878227,48.54613959878227,100.0
3370,1,14.08597919895366,14.08597919895366,100.0
3370,2,37.36788120226407,37.36788120226407,100.0
3380,0,39.334459136336456,39.334459136336456,100.0
3380,1,34.571341990083624,34.571341990083624,100.0
3380,2,26.09419887357991,26.09419887357991,100.0
3390,0,14.487356001688411,14.487356001688411,100.0
3390,1,14.587968932002756,14.587968932002756,100.0
3390,2,70.92467506630882,70.92467506630882,100.0
3400,0,51.24700798003392,51.24700798003392,100.0
3400,1,14.663921101418676,14.663921101418676,100.0
3400,2,34.0890709185474,34.0890709185474,100.0
3410,0,44.873773329732,44.873773329732,100.0
3410,1,39.58339196135804,39.58339196135804,100.0
3410,2,15.542834708909956,15.542834708909956,100.0
3420,0,37.10664860493968,37.10664860493968,100.0
3420,1,12.09773044910635,12.09773044910635,100.0
3420,2,50.79562094595398,50.79562094595398,100.0
3430,0,40.62846049300872,40.62846049300872,100.0
3430,1,13.0367916846003,13.0367916846003,100.0
3430,2,46.33474782239098,46.33474782239098,100.0
3440,0,46.07331658572606,46.07331658572606,100.0
3440,1,10.909980110094079,10.909980110094079,100.0
3440,2,43.016703304179856,43.016703304179856,100.0
3450,0,16.65683868648338,16.65683868648338,100.0
3450,1,17.46131403943685,17.46131403943685,100.0
3450,2,65.88184727407976,65.88184727407976,100.0
3460,0,33.83751502583228,33.83751502583228,100.0
3460,1,33.724097088261864,33.724097088261864,100.0
3460,2,32.438387885905854,32.438387885905854,100.0
3470,0,51.050705562622426,51.050705562622426,100.0
3470,1,30.00291007619981,30.00291007619981,100.0
3470,2,18.946384361177778,18.946384361177778,100.0
3480,0,23.066624570518204,23.066624570518204,100.0
3480,1,15.605441714870278,15.605441714870278,100.0
3480,2,61.327933714611525,61.327933714611525,100.0
3490,0,27.19187927162193,27.19187927162193,100.0
3490,1,38.17261187280086,38.17261187280086,100.0
3490,2,34.63550885557721,34.63550885557721,100.0
3500,0,29.047310251793895,29.047310251793895,100.0
3500,1,48.99125108707486,48.99125108707486,100.0
3500,2,21.96143866113124,21.96143866113124,100.0
3510,0,13.244061485930372,13.244061485930372,100.0
3510,1,11.389989415740823,11.389989415740823,100.0
3510,2,75.3659490983288,75.3659490983288,100.0
3520,0,9.312948719333058,9.312948719333058,100.0
3520,1,51.54043125569805,51.54043125569805,100.0
3520,2,39.1466200249689,39.1466200249689,100.0
3530,0,36.449245164165674,36.449245164165674,100.0
3530,1,42.337289961685066,42.337289961685066,100.0
3530,2,21.213464874149263,21.213464874149263,100.0
3540,0,53.38602569946259,53.38602569946259,100.0
3540,1,16.0604339365258,16.0604339365258,100.0
3540,2,30.553540364011607,30.553540364011607,100.0
3550,0,55.09919842414658,55.09919842414658,100.0
3550,1,9.829377217061177,9.829377217061177,100.0
3550,2,35.07142435879225,35.07142435879225,100.0
3560,0,28.372680314261235,28.372680314261235,100.0
3560,1,17.974614624467343,17.974614624467343,100.0
3560,2,53.65270506127142,53.65270506127142,100.0
3570,0,11.269760968136941,11.269760968136941,100.0
3570,1,11.202572742601523,11.202572742601523,100.0
3570,2,77.52766628926153,77.52766628926153,100.0
3580,0,27.50267678559309,27.50267678559309,100.0
3580,1,22.841373152539628,22.841373152539628,100.0
3580,2,49.655950061867294,49.655950061867294,100.0
3590,0,22.35526995908924,22.35526995908924,100.0
3590,1,15.763508938979914,15.763508938979914,100.0
3590,2,61.88122110193084,61.88122110193084,100.0
3600,0,44.30825197017669,44.30825197017669,100.0
3600,1,45.29578778857904,45.29578778857904,100.0
3600,2,10.395960241244273,10.395960241244273,100.0
3610,0,18.704219474616746,18.704219474616746,100.0
3610,1,42.331764483398956,42.331764483398956,100.0
3610,2,38.96401604198429,38.96401604198429,100.0
3620,0,57.64443828053005,57.64443828053005,100.0
3620,1,17.193460256452727,17.193460256452727,100.0
3620,2,25.162101463017223,25.162101463017223,100.0
3630,0,10.940879545173212,10.940879545173212,100.0
3630,1,17.69558378280284,17.69558378280284,100.0
3630,2,71.36353667202395,71.36353667202395,100.0
3640,0,27.513068143001295,27.513068143001295,100.0
3640,1,45.70868158542527,45.70868158542527,100.0
3640,2,26.77825027157345,26.77825027157345,100.0
3650,0,45.62402796974844,45.62402796974844,100.0
3650,1,36.064401940917776,36.064401940917776,100.0
3650,2,18.311570089333788,18.311570089333788,100.0
3660,0,42.68263224213676,42.68263224213676,100.0
3660,1,29.121430944212157,29.121430944212157,100.0
3660,2,28.195936813651084,28.195936813651084,100.0
3670,0,20.177951990165244,20.177951990165244,100.0
3670,1,35.78643354063165,35.78643354063165,100.0
3670,2,44.03561446920311,44.03561446920311,100.0
3680,0,38.85472368630787,38.85472368630787,100.0
3680,1,38.82027746590616,38.82027746590616,100.0
3680,2,22.324998847785967,22.324998847785967,100.0
3690,0,11.512910160032876,11.512910160032876,100.0
3690,1,11.360787976232704,11.360787976232704,100.0
3690,2,77.12630186373443,77.12630186373443,100.0
3700,0,13.898641444051549,13.898641444051549,100.0
3700,1,56.42555345950194,56.42555345950194,100.0
3700,2,29.675805096446506,29.675805096446506,100.0
3710,0,28.79528301625655,28.79528301625655,100.0
3710,1,16.35585791949181,16.35585791949181,100.0
3710,2,54.848859064251634,54.848859064251634,100.0
3720,0,52.20724374453588,52.20724374453588,100.0
3720,1,28.967085717536094,28.967085717536094,100.0
3720,2,18.825670537928033,18.825670537928033,100.0
3730,0,45.39774445977567,45.39774445977567,100.0
3730,1,30.502883208209987,30.502883208209987,100.0
3730,2,24.099372332014333,24.099372332014333,100.0
3740,0,20.794691519227005,20.794691519227005,100.0
3740,1,39.604249939831035,39.604249939831035,100.0
3740,2,39.60105854094197,39.60105854094197,100.0
3750,0,11.388287035764916,11.388287035764916,100.0
3750,1,11.453599216292194,11.453599216292194,100.0
3750,2,77.15811374794289,77.15811374794289,100.0
3760,0,67.74658619804833,67.74658619804833,100.0
3760,1,10.099024717978871,10.099024717978871,100.0
3760,2,22.1543890839728,22.1543890839728,100.0
3770,0,55.404678551156096,55.404678551156096,100.0
3770,1,9.079686934019755,9.079686934019755,100.0
3770,2,35.51563451482415,35.51563451482415,100.0
3780,0,49.75883354872992,49.75883354872992,100.0
3780,1,25.709088997024576,25.709088997024576,100.0
3780,2,24.532077454245503,24.532077454245503,100.0
3790,0,44.11286287645406,44.11286287645406,100.0
3790,1,12.910811005349935,12.910811005349935,100.0
3790,2,42.97632611819601,42.97632611819601,100.0
3800,0,65.12651718810513,65.12651718810513,100.0
3800,1,16.275604759204647,16.275604759204647,100.0
3800,2,18.597878052690238,18.597878052690238,100.0
3810,0,11.5379334052085,11.5379334052085,100.0
3810,1,11.860605566392037,11.860605566392037,100.0
3810,2,76.60146102839947,76.60146102839947,100.0
3820,0,65.56378833306377,65.56378833306377,100.0
3820,1,18.523930067205647,18.523930067205647,100.0
3820,2,15.912281599730596,15.912281599730596,100.0
3830,0,71.0569145533565,71.0569145533565,100.0
3830,1,13.56787555508574,13.56787555508574,100.0
3830,2,15.375209891557754,15.375209891557754,100.0
3840,0,45.83569199616305,45.83569199616305,100.0
3840,1,9.711327019305735,9.711327019305735,100.0
3840,2,44.452980984531216,44.452980984531216,100.0
3850,0,51.37855524362038,51.37855524362038,100.0
3850,1,16.05577782012847,16.05577782012847,100.0
3850,2,32.56566693625116,32.56566693625116,100.0
3860,0,52.243030155825444,52.243030155825444,100.0
3860,1,15.089251644629002,15.089251644629002,100.0
3860,2,32.667718199545554,32.667718199545554,100.0
3870,0,11.069496211330257,11.069496211330257,100.0
3870,1,11.147177772222124,11.147177772222124,100.0
3870,2,77.78332601644763,77.78332601644763,100.0
3880,0,38.10299063185951,38.10299063185951,100.0
3880,1,32.9014522292311,32.9014522292311,100.0
3880,2,28.995557138909394,28.995557138909394,100.0
3890,0,63.16592176278293,63.16592176278293,100.0
3890,1,17.263104480556752,17.263104480556752,100.0
3890,2,19.570973756660322,19.570973756660322,100.0
3900,0,33.551493567475376,33.551493567475376,100.0
3900,1,24.034409229219072,24.034409229219072,100.0
3900,2,42.41409720330556,42.41409720330556,100.0
3910,0,18.525396074189395,18.525396074189395,100.0
3910,1,52.27794738463702,52.27794738463702,100.0
3910,2,29.1966565411736,29.1966565411736,100.0
3920,0,36.43014709603024,36.43014709603024,100.0
3920,1,19.913107220284598,19.913107220284598,100.0
3920,2,43.65674568368516,43.65674568368516,100.0
3930,0,13.762322410067544,13.762322410067544,100.0
3930,1,11.563903037656754,11.563903037656754,100.0
3930,2,74.6737745522757,74.6737745522757,100.0
3940,0,47.842972477585676,47.842972477585676,100.0
3940,1,21.0408931886555,21.0408931886555,100.0
3940,2,31.116134333758826,31.116134333758826,100.0
3950,0,23.076009076303464,23.076009076303464,100.0
3950,1,13.667735389813219,13.667735389813219,100.0
3950,2,63.25625553388332,63.25625553388332,100.0
3960,0,52.76101600542616,52.76101600542616,100.0
3960,1,30.401648224209087,30.401648224209087,100.0
3960,2,16.83733577036476,16.83733577036476,100.0
3970,0,55.62308448744617,55.62308448744617,100.0
3970,1,10.686340387603359,10.686340387603359,100.0
3970,2,33.69057512495047,33.69057512495047,100.0
3980,0,51.876760722553584,51.876760722553584,100.0
3980,1,16.462202853223438,16.462202853223438,100.0
3980,2,31.66103642422297,31.66103642422297,100.0
3990,0,11.397149518098113,11.397149518098113,100.0
3990,1,10.935362140175068,10.935362140175068,100.0
3990,2,77.66748834172684,77.66748834172684,100.0
4000,0,69.20232159827934,69.20232159827934,100.0
4000,1,13.211649058940871,13.211649058940871,100.0
4000,2,17.5860293427798,17.5860293427798,100.0
4010,0,46.11420933766917,46.11420933766917,100.0
4010,1,17.663902238745166,17.663902238745166,100.0
4010,2,36.22188842358567,36.22188842358567,100.0
4020,0,19.224215422294012,19.224215422294012,100.0
4020,1,38.91689546258005,38.91689546258005,100.0
4020,2,41.85888911512595,41.85888911512595,100.0
4030,0,18.57081121599433,18.57081121599433,100.0
4030,1,24.411810363108962,24.411810363108962,100.0
4030,2,57.01737842089671,57.01737842089671,100.0
4040,0,27.84915932600049,27.84915932600049,100.0
4040,1,13.910360184910944,13.910360184910944,100.0
4040,2,58.240480489088576,58.240480489088576,100.0
4050,0,11.43564326025885,11.43564326025885,100.0
4050,1,10.907082938114462,10.907082938114462,100.0
4050,2,77.65727380162669,77.65727380162669,100.0
4060,0,19.411323376835405,19.411323376835405,100.0
4060,1,25.00581942124727,25.00581942124727,100.0
4060,2,55.58285720191732,55.58285720191732,100.0
4070,0,58.727769001434204,58.727769001434204,100.0
4070,1,22.917047057871685,22.917047057871685,100.0
4070,2,18.355183940694115,18.355183940694115,100.0
4080,0,51.48428063063296,51.48428063063296,100.0
4080,1,17.140873434647176,17.140873434647176,100.0
4080,2,31.374845934719854,31.374845934719854,100.0
4090,0,35.433122547982904,35.433122547982904,100.0
4090,1,33.50626203712821,33.50626203712821,100.0
4090,2,31.060615414888893,31.060615414888893,100.0
4100,0,28.355905850084696,28.355905850084696,100.0
4100,1,23.870415178807708,23.870415178807708,100.0
4100,2,47.7736789711076,47.7736789711076,100.0
4110,0,15.284929163345767,15.284929163345767,100.0
4110,1,14.95239129766224,14.95239129766224,100.0
4110,2,69.76267953899199,69.76267953899199,100.0
4120,0,42.94695167220508,42.94695167220508,100.0
4120,1,30.282184981606818,30.282184981606818,100.0
4120,2,26.7708633461881,26.7708633461881,100.0
4130,0,41.91590752306034,41.91590752306034,100.0
4130,1,18.697646418355447,18.697646418355447,100.0
4130,2,39.38644605858422,39.38644605858422,100.0
4140,0,45.22112892699332,45.22112892699332,100.0
4140,1,8.400369380234377,8.400369380234377,100.0
4140,2,46.37850169277231,46.37850169277231,100.0
4150,0,67.83806954654023,67.83806954654023,100.0
4150,1,10.342181064428791,10.342181064428791,100.0
4150,2,21.81974938903099,21.81974938903099,100.0
4160,0,35.50511298276179,35.50511298276179,100.0
4160,1,15.307927965222248,15.307927965222248,100.0
4160,2,49.18695905201597,49.18695905201597,100.0
4170,0,11.994750741871991,11.994750741871991,100.0
4170,1,11.086825888981863,11.086825888981863,100.0
4170,2,76.91842336914615,76.91842336914615,100.0
4180,0,52.48869802401123,52.48869802401123,100.0
4180,1,20.49719623435154,20.49719623435154,100.0
4180,2,27.01410574163723,27.01410574163723,100.0
4190,0,34.33131882081307,34.33131882081307,100.0
4190,1,14.16685607987348,14.16685607987348,100.0
4190,2,51.50182509931346,51.50182509931346,100.0
4200,0,56.10638615355569,56.10638615355569,100.0
4200,1,13.822267119720063,13.822267119720063,100.0
4200,2,30.07134672672426,30.07134672672426,100.0
4210,0,40.8715682017629,40.8715682017629,100.0
4210,1,42.485940782375266,42.485940782375266,100.0
4210,2,16.642491015861847,16.642491015861847,100.0
4220,0,11.181162631995559,11.181162631995559,100.0
4220,1,24.74852441974101,24.74852441974101,100.0
4220,2,64.07031294826344,64.07031294826344,100.0
4230,0,14.581531291775288,14.581531291775288,100.0
4230,1,13.598561481353489,13.598561481353489,100.0
4230,2,71.81990722687122,71.81990722687122,100.0
4240,0,45.162446326964364,45.162446326964364,100.0
4240,1,12.152274734205522,12.152274734205522,100.0
4240,2,42.685278938830116,42.685278938830116,100.0
4250,0,33.30278250263171,33.30278250263171,100.0
4250,1,48.411333979063265,48.411333979063265,100.0
4250,2,18.28588351830502,18.28588351830502,100.0
4260,0,63.3634150919821,63.3634150919821,100.0
4260,1,19.504918642168757,19.504918642168757,100.0
4260,2,17.131666265849148,17.131666265849148,100.0
4270,0,24.478251485714956,24.478251485714956,100.0
4270,1,26.16095624007993,26.16095624007993,100.0
4270,2,49.36079227420512,49.36079227420512,100.0
4280,0,63.784764090762295,63.784764090762295,100.0
4280,1,19.100861354125165,19.100861354125165,100.0
4280,2,17.114374555112548,17.114374555112548,100.0
4290,0,12.698167209878628,12.698167209878628,100.0
4290,1,12.533914955870806,12.533914955870806,100.0
4290,2,74.76791783425057,74.76791783425057,100.0
4300,0,63.805450385738816,63.805450385738816,100.0
4300,1,22.575791488729507,22.575791488729507,100.0
4300,2,13.618758125531679,13.618758125531679,100.0
4310,0,50.027796832919556,50.027796832919556,100.0
4310,1,7.808561415966456,7.808561415966456,100.0
4310,2,42.163641751113985,42.163641751113985,100.0
4320,0,26.493736203447853,26.493736203447853,100.0
4320,1,21.664698258508132,21.664698258508132,100.0
4320,2,51.84156553804401,51.84156553804401,100.0
4330,0,25.339963728637994,25.339963728637994,100.0
4330,1,9.661208623556389,9.661208623556389,100.0
4330,2,64.99882764780561,64.99882764780561,100.0
4340,0,38.498094552623265,38.498094552623265,100.0
4340,1,29.08940948337438,29.08940948337438,100.0
4340,2,32.41249596400236,32.41249596400236,100.0
4350,0,11.473994597737192,11.473994597737192,100.0
4350,1,11.135742658458915,11.135742658458915,100.0
4350,2,77.3902627438039,77.3902627438039,100.0
4360,0,66.58397551947252,66.58397551947252,100.0
4360,1,10.750898098873197,10.750898098873197,100.0
4360,2,22.66512638165429,22.66512638165429,100.0
4370,0,41.707697953769966,41.707697953769966,100.0
4370,1,26.49585410718111,26.49585410718111,100.0
4370,2,31.79644793904894,31.79644793904894,100.0
4380,0,58.50457273469265,58.50457273469265,100.0
4380,1,19.44263430196757,19.44263430196757,100.0
4380,2,22.05279296333977,22.05279296333977,100.0
4390,0,64.01065361899624,64.01065361899624,100.0
4390,1,13.708543403403922,13.708543403403922,100.0
4390,2,22.280802977599826,22.280802977599826,100.0
4400,0,48.54261194369706,48.54261194369706,100.0
4400,1,24.695397585159107,24.695397585159107,100.0
4400,2,26.761990471143825,26.761990471143825,100.0
4410,0,11.556292509393812,11.556292509393812,100.0
4410,1,11.172580122934388,11.172580122934388,100.0
4410,2,77.27112736767181,77.27112736767181,100.0
4420,0,16.368242055446668,16.368242055446668,100.0
4420,1,29.933344163527455,29.933344163527455,100.0
4420,2,53.69841378102588,53.69841378102588,100.0
4430,0,31.246362313371982,31.246362313371982,100.0
4430,1,38.91433438518806,38.91433438518806,100.0
4430,2,29.83930330143997,29.83930330143997,100.0
4440,0,48.84414795814316,48.84414795814316,100.0
4440,1,25.496962838321846,25.496962838321846,100.0
4440,2,25.658889203534983,25.658889203534983,100.0
4450,0,54.68768217643326,54.68768217643326,100.0
4450,1,21.934901112671458,21.934901112671458,100.0
4450,2,23.37741671089528,23.37741671089528,100.0
4460,0,64.31928771946292,64.31928771946292,100.0
4460,1,9.49869732756602,9.49869732756602,100.0
4460,2,26.182014952971066,26.182014952971066,100.0
4470,0,11.689940194303118,11.689940194303118,100.0
4470,1,12.035038649580258,12.035038649580258,100.0
4470,2,76.27502115611662,76.27502115611662,100.0
4480,0,62.271444608107394,62.271444608107394,100.0
4480,1,12.910867385483051,12.910867385483051,100.0
4480,2,24.81768800640955,24.81768800640955,100.0
4490,0,63.388482928106136,63.388482928106136,100.0
4490,1,9.880423039076252,9.880423039076252,100.0
4490,2,26.73109403281762,26.73109403281762,100.0
4500,0,24.656303505573764,24.656303505573764,100.0
4500,1,12.730632374763278,12.730632374763278,100.0
4500,2,62.613064119662965,62.613064119662965,100.0
4510,0,44.51604909748273,44.51604909748273,100.0
4510,1,47.239568593576266,47.239568593576266,100.0
4510,2,8.244382308941006,8.244382308941006,100.0
4520,0,28.044087362589455,28.044087362589455,100.0
4520,1,50.17137065488273,50.17137065488273,100.0
4520,2,21.78454198252782,21.78454198252782,100.0
4530,0,12.529702274322219,12.529702274322219,100.0
4530,1,10.738151780880818,10.738151780880818,100.0
4530,2,76.73214594479695,76.73214594479695,100.0
4540,0,52.51207472538848,52.51207472538848,100.0
4540,1,24.753354828890338,24.753354828890338,100.0
4540,2,22.734570445721193,22.734570445721193,100.0
4550,0,26.0362275626992,26.0362275626992,100.0
4550,1,51.71303513001325,51.71303513001325,100.0
4550,2,22.25073730728756,22.25073730728756,100.0
4560,0,36.92997364064531,36.92997364064531,100.0
4560,1,42.157852168057815,42.157852168057815,100.0
4560,2,20.91217419129688,20.91217419129688,100.0
4570,0,23.912602654436792,23.912602654436792,100.0
4570,1,45.5374935037128,45.5374935037128,100.0
4570,2,30.549903841850405,30.549903841850405,100.0
4580,0,52.75105616622372,52.75105616622372,100.0
4580,1,27.796017113721167,27.796017113721167,100.0
4580,2,19.452926720055114,19.452926720055114,100.0
4590,0,11.164984467365285,11.164984467365285,100.0
4590,1,14.236321225617157,14.236321225617157,100.0
4590,2,74.59869430701755,74.59869430701755,100.0
4600,0,38.6311184796691,38.6311184796691,100.0
4600,1,26.432433687396944,26.432433687396944,100.0
4600,2,34.936447832933965,34.936447832933965,100.0
4610,0,11.027712772257598,11.027712772257598,100.0
4610,1,26.199532183516812,26.199532183516812,100.0
4610,2,62.77275504422559,62.77275504422559,100.0
4620,0,47.483012459786345,47.483012459786345,100.0
4620,1,25.55241107713756,25.55241107713756,100.0
4620,2,26.96457646307609,26.96457646307609,100.0
4630,0,18.577253915545338,18.577253915545338,100.0
4630,1,38.38246586379322,38.38246586379322,100.0
4630,2,43.04028022066144,43.04028022066144,100.0
4640,0,29.514572325858946,29.514572325858946,100.0
4640,1,48.67405156622252,48.67405156622252,100.0
4640,2,21.81137610791854,21.81137610791854,100.0
4650,0,11.216452869124296,11.216452869124296,100.0
4650,1,10.851014424613307,10.851014424613307,100.0
4650,2,77.9325327062624,77.9325327062624,100.0
4660,0,65.15642292566734,65.15642292566734,100.0
4660,1,18.03958681281094,18.03958681281094,100.0
4660,2,16.80399026152172,16.80399026152172,100.0
4670,0,25.28940780208011,25.28940780208011,100.0
4670,1,30.37678389781253,30.37678389781253,100.0
4670,2,44.33380830010735,44.33380830010735,100.0
4680,0,20.36410100385285,20.36410100385285,100.0
4680,1,12.722994509026723,12.722994509026723,100.0
4680,2,66.91290448712043,66.91290448712043,100.0
4690,0,47.09527276391546,47.09527276391546,100.0
4690,1,9.986210933057851,9.986210933057851,100.0
4690,2,42.918516303026685,42.918516303026685,100.0
4700,0,55.99928625561573,55.99928625561573,100.0
4700,1,19.866686944677703,19.866686944677703,100.0
4700,2,24.134026799706568,24.134026799706568,100.0
4710,0,10.91614389128618,10.91614389128618,100.0
4710,1,11.158330551779914,11.158330551779914,100.0
4710,2,77.9255255569339,77.9255255569339,100.0
4720,0,62.27696251088351,62.27696251088351,100.0
4720,1,21.979478990734318,21.979478990734318,100.0
4720,2,15.743558498382178,15.743558498382178,100.0
4730,0,41.02658797163752,41.02658797163752,100.0
4730,1,18.21242518176652,18.21242518176652,100.0
4730,2,40.76098684659596,40.76098684659596,100.0
4740,0,51.14289515827258,51.14289515827258,100.0
4740,1,18.9913355409929,18.9913355409929,100.0
4740,2,29.865769300734517,29.865769300734517,100.0
4750,0,32.32780051796323,32.32780051796323,100.0
4750,1,18.014811750243464,18.014811750243464,100.0
4750,2,49.65738773179329,49.65738773179329,100.0
4760,0,63.84390384510231,63.84390384510231,100.0
4760,1,14.058981467249865,14.058981467249865,100.0
4760,2,22.09711468764782,22.09711468764782,100.0
4770,0,12.763492090243602,12.763492090243602,100.0
4770,1,13.067482712815284,13.067482712815284,100.0
4770,2,74.1690251969411,74.1690251969411,100.0
4780,0,31.916135849809947,31.916135849809947,100.0
4780,1,41.36151565221652,41.36151565221652,100.0
4780,2,26.72234849797354,26.72234849797354,100.0
4790,0,21.308770017028092,21.308770017028092,100.0
4790,1,54.137034358905034,54.137034358905034,100.0
4790,2,24.554195624066885,24.554195624066885,100.0
4800,0,42.57323893268966,42.57323893268966,100.0
4800,1,25.664774142404497,25.664774142404497,100.0
4800,2,31.761986924905838,31.761986924905838,100.0
4810,0,24.315226599261365,24.315226599261365,100.0
4810,1,11.531211353209043,11.531211353209043,100.0
4810,2,64.1535620475296,64.1535620475296,100.0
4820,0,59.02140421953072,59.02140421953072,100.0
4820,1,18.09215174182805,18.09215174182805,100.0
4820,2,22.886444038641216,22.886444038641216,100.0
4830,0,10.719900137506166,10.719900137506166,100.0
4830,1,12.320343799609992,12.320343799609992,100.0
4830,2,76.95975606288384,76.95975606288384,100.0
4840,0,50.16625291997886,50.16625291997886,100.0
4840,1,19.50810580658535,19.50810580658535,100.0
4840,2,30.3256412734358,30.3256412734358,100.0
4850,0,27.509772153312063,27.509772153312063,100.0
4850,1,34.746936988178255,34.746936988178255,100.0
4850,2,37.743290858509695,37.743290858509695,100.0
4860,0,58.76934084180255,58.76934084180255,100.0
4860,1,24.825041792987417,24.825041792987417,100.0
4860,2,16.405617365210038,16.405617365210038,100.0
4870,0,45.42854303752579,45.42854303752579,100.0
4870,1,40.796753399700926,40.796753399700926,100.0
4870,2,13.774703562773293,13.774703562773293,100.0
4880,0,39.99248520591099,39.99248520591099,100.0
4880,1,13.74843650356855,13.74843650356855,100.0
4880,2,46.25907829052046,46.25907829052046,100.0
4890,0,10.74296423561571,10.74296423561571,100.0
4890,1,12.577951376344629,12.577951376344629,100.0
4890,2,76.67908438803967,76.67908438803967,100.0
4900,0,24.799151377032807,24.799151377032807,100.0
4900,1,48.517799624634364,48.517799624634364,100.0
4900,2,26.683048998332833,26.683048998332833,100.0
4910,0,36.007496993836334,36.007496993836334,100.0
4910,1,9.642119247862526,9.642119247862526,100.0
4910,2,54.350383758301135,54.350383758301135,100.0
4920,0,55.473859147395544,55.473859147395544,100.0
4920,1,11.643076388513068,11.643076388513068,100.0
4920,2,32.88306446409139,32.88306446409139,100.0
4930,0,44.151703793996994,44.151703793996994,100.0
4930,1,19.696095463564824,19.696095463564824,100.0
4930,2,36.15220074243818,36.15220074243818,100.0
4940,0,49.99746571720376,49.99746571720376,100.0
4940,1,13.285307436502599,13.285307436502599,100.0
4940,2,36.71722684629364,36.71722684629364,100.0
4950,0,15.78959142099044,15.78959142099044,100.0
4950,1,10.431953463036393,10.431953463036393,100.0
4950,2,73.77845511597316,73.77845511597316,100.0
4960,0,38.19923400243535,38.19923400243535,100.0
4960,1,31.039535132551432,31.039535132551432,100.0
4960,2,30.76123086501322,30.76123086501322,100.0
4970,0,24.53167182602977,24.53167182602977,100.0
4970,1,29.977699983170748,29.977699983170748,100.0
4970,2,45.490628190799484,45.490628190799484,100.0
4980,0,53.21214742478778,53.21214742478778,100.0
4980,1,12.360741147146669,12.360741147146669,100.0
4980,2,34.427111428065544,34.427111428065544,100.0
4990,0,55.97407124722047,55.97407124722047,100.0
4990,1,8.217993653578066,8.217993653578066,100.0
4990,2,35.80793509920147,35.80793509920147,100.0
5000,0,38.97131162532949,38.97131162532949,100.0
5000,1,11.742526937130823,11.742526937130823,100.0
5000,2,49.2861614375397,49.2861614375397,100.0
5010,0,10.81788080460677,10.81788080460677,100.0
5010,1,12.58236540106692,12.58236540106692,100.0
5010,2,76.5997537943263,76.5997537943263,100.0
5020,0,54.55774623347759,54.55774623347759,100.0
5020,1,10.638948742069118,10.638948742069118,100.0
5020,2,34.80330502445329,34.80330502445329,100.0
5030,0,26.144285591691975,26.144285591691975,100.0
5030,1,55.767919972274825,55.767919972274825,100.0
5030,2,18.087794436033203,18.087794436033203,100.0
5040,0,15.209338047803156,15.209338047803156,100.0
5040,1,53.14657993107594,53.14657993107594,100.0
5040,2,31.644082021120905,31.644082021120905,100.0
5050,0,30.544055347086395,30.544055347086395,100.0
5050,1,33.6746358669547,33.6746358669547,100.0
5050,2,35.78130878595889,35.78130878595889,100.0
5060,0,58.91660581209729,58.91660581209729,100.0
5060,1,20.538006810988133,20.538006810988133,100.0
5060,2,20.54538737691458,20.54538737691458,100.0
5070,0,12.060479802215822,12.060479802215822,100.0
5070,1,12.020841692225433,12.020841692225433,100.0
5070,2,75.91867850555874,75.91867850555874,100.0
5080,0,26.602608894963964,26.602608894963964,100.0
5080,1,46.3146110404873,46.3146110404873,100.0
5080,2,27.082780064548732,27.082780064548732,100.0
5090,0,52.181653415950294,52.181653415950294,100.0
5090,1,26.060322172226265,26.060322172226265,100.0
5090,2,21.758024411823442,21.758024411823442,100.0
5100,0,14.49947444429622,14.49947444429622,100.0
5100,1,34.82279126667693,34.82279126667693,100.0
5100,2,50.67773428902685,50.67773428902685,100.0
5110,0,56.388344442318406,56.388344442318406,100.0
5110,1,13.77088117400611,13.77088117400611,100.0
5110,2,29.840774383675495,29.840774383675495,100.0
5120,0,43.89951600032785,43.89951600032785,100.0
5120,1,19.25743274021242,19.25743274021242,100.0
5120,2,36.84305125945973,36.84305125945973,100.0
5130,0,11.439174707922064,11.439174707922064,100.0
5130,1,14.384949050968505,14.384949050968505,100.0
5130,2,74.17587624110944,74.17587624110944,100.0
5140,0,22.896778960726415,22.896778960726415,100.0
5140,1,18.824734696269715,18.824734696269715,100.0
5140,2,58.27848634300386,58.27848634300386,100.0
5150,0,58.54476145822615,58.54476145822615,100.0
5150,1,32.51404363841771,32.51404363841771,100.0
5150,2,8.94119490335615,8.94119490335615,100.0
5160,0,40.70156093115234,40.70156093115234,100.0
5160,1,33.27031570950736,33.27031570950736,100.0
5160,2,26.0281233593403,26.0281233593403,100.0
5170,0,37.36772014293786,37.36772014293786,100.0
5170,1,30.714323591787835,30.714323591787835,100.0
5170,2,31.9179562652743,31.9179562652743,100.0
5180,0,48.705104448560434,48.705104448560434,100.0
5180,1,12.306214095079019,12.306214095079019,100.0
5180,2,38.988681456360545,38.988681456360545,100.0
5190,0,12.675590456381276,12.675590456381276,100.0
5190,1,12.7498530434995,12.7498530434995,100.0
5190,2,74.57455650011923,74.57455650011923,100.0
5200,0,46.61701174045551,46.61701174045551,100.0
5200,1,20.9522040333366,20.9522040333366,100.0
5200,2,32.43078422620789,32.43078422620789,100.0
5210,0,16.048700120146478,16.048700120146478,100.0
5210,1,11.954368895982489,11.954368895982489,100.0
5210,2,71.99693098387104,71.99693098387104,100.0
5220,0,75.6194656336233,75.6194656336233,100.0
5220,1,12.719075045502162,12.719075045502162,100.0
5220,2,11.661459320874531,11.661459320874531,100.0
5230,0,55.01993582242224,55.01993582242224,100.0
5230,1,21.633987168982188,21.633987168982188,100.0
5230,2,23.34607700859557,23.34607700859557,100.0
5240,0,29.232342099920444,29.232342099920444,100.0
5240,1,20.69549002591061,20.69549002591061,100.0
5240,2,50.07216787416895,50.07216787416895,100.0
5250,0,11.074441393880502,11.074441393880502,100.0
5250,1,11.78539561579227,11.78539561579227,100.0
5250,2,77.14016299032723,77.14016299032723,100.0
5260,0,28.305399883432123,28.305399883432123,100.0
5260,1,11.113063616325698,11.113063616325698,100.0
5260,2,60.58153650024218,60.58153650024218,100.0
5270,0,12.169696030055544,12.169696030055544,100.0
5270,1,59.8189451931434,59.8189451931434,100.0
5270,2,28.01135877680105,28.01135877680105,100.0
5280,0,38.58615300555546,38.58615300555546,100.0
5280,1,51.405978767516615,51.405978767516615,100.0
5280,2,10.007868226927933,10.007868226927933,100.0
5290,0,26.98463946652019,26.98463946652019,100.0
5290,1,38.20149386807954,38.20149386807954,100.0
5290,2,34.81386666540028,34.81386666540028,100.0
5300,0,14.525489853370557,14.525489853370557,100.0
5300,1,51.73880281217129,51.73880281217129,100.0
5300,2,33.73570733445815,33.73570733445815,100.0
5310,0,11.351186416236901,11.351186416236901,100.0
5310,1,11.179129896511387,11.179129896511387,100.0
5310,2,77.46968368725172,77.46968368725172,100.0
5320,0,33.28670204803399,33.28670204803399,100.0
5320,1,25.692459738910006,25.692459738910006,100.0
5320,2,41.02083821305602,41.02083821305602,100.0
5330,0,47.24823404965513,47.24823404965513,100.0
5330,1,7.998435171199064,7.998435171199064,100.0
5330,2,44.75333077914581,44.75333077914581,100.0
5340,0,67.05935683882659,67.05935683882659,100.0
5340,1,13.599248850472954,13.599248850472954,100.0
5340,2,19.34139431070047,19.34139431070047,100.0
5350,0,27.40031444090055,27.40031444090055,100.0
5350,1,20.308437357278542,20.308437357278542,100.0
5350,2,52.291248201820906,52.291248201820906,100.0
5360,0,41.73940260773608,41.73940260773608,100.0
5360,1,11.399055693577326,11.399055693577326,100.0
5360,2,46.861541698686594,46.861541698686594,100.0
5370,0,11.321267319793918,11.321267319793918,100.0
5370,1,11.000277515857618,11.000277515857618,100.0
5370,2,77.67845516434846,77.67845516434846,100.0
5380,0,24.95387033886588,24.95387033886588,100.0
5380,1,55.8371348831069,55.8371348831069,100.0
5380,2,19.208994778027233,19.208994778027233,100.0
5390,0,42.4704466425099,42.4704466425099,100.0
5390,1,35.82196112474691,35.82196112474691,100.0
5390,2,21.70759223274319,21.70759223274319,100.0
5400,0,21.927387258194837,21.927387258194837,100.0
5400,1,22.341995831099055,22.341995831099055,100.0
5400,2,55.73061691070611,55.73061691070611,100.0
5410,0,59.23009849787213,59.23009849787213,100.0
5410,1,13.608845325845248,13.608845325845248,100.0
5410,2,27.161056176282617,27.161056176282617,100.0
5420,0,43.27410101703683,43.27410101703683,100.0
5420,1,7.191297723920282,7.191297723920282,100.0
5420,2,49.5346012590429,49.5346012590429,100.0
5430,0,11.363211365033981,11.363211365033981,100.0
5430,1,11.281920019116448,11.281920019116448,100.0
5430,2,77.35486861584957,77.35486861584957,100.0
5440,0,43.74195256723215,43.74195256723215,100.0
5440,1,28.106549462122988,28.106549462122988,100.0
5440,2,28.15149797064487,28.15149797064487,100.0
5450,0,22.962604397828198,22.962604397828198,100.0
5450,1,10.690484436880658,10.690484436880658,100.0
5450,2,66.34691116529116,66.34691116529116,100.0
5460,0,12.475921835438744,12.475921835438744,100.0
5460,1,49.6264348435803,49.6264348435803,100.0
5460,2,37.89764332098097,37.89764332098097,100.0
5470,0,32.609197915397885,32.609197915397885,100.0
5470,1,45.782516506004114,45.782516506004114,100.0
5470,2,21.608285578598,21.608285578598,100.0
5480,0,46.77330000595584,46.77330000595584,100.0
5480,1,43.39739357009908,43.39739357009908,100.0
5480,2,9.829306423945082,9.829306423945082,100.0
5490,0,15.582297649754926,15.582297649754926,100.0
5490,1,11.50533938206109,11.50533938206109,100.0
5490,2,72.91236296818398,72.91236296818398,100.0
5500,0,17.994484628628513,17.994484628628513,100.0
5500,1,25.44728128410929,25.44728128410929,100.0
5500,2,56.55823408726221,56.55823408726221,100.0
5510,0,32.54959643696598,32.54959643696598,100.0
5510,1,27.959515786622053,27.959515786622053,100.0
5510,2,39.49088777641198,39.49088777641198,100.0
5520,0,58.00229246078733,58.00229246078733,100.0
5520,1,21.01695858178214,21.01695858178214,100.0
5520,2,20.980748957430528,20.980748957430528,100.0
5530,0,44.77256008327999,44.77256008327999,100.0
5530,1,20.443367577423764,20.443367577423764,100.0
5530,2,34.78407233929625,34.78407233929625,100.0
5540,0,52.60635423443032,52.60635423443032,100.0
5540,1,16.314149070723335,16.314149070723335,100.0
5540,2,31.079496694846355,31.079496694846355,100.0
5550,0,12.142287138095506,12.142287138095506,100.0
5550,1,11.012379326885172,11.012379326885172,100.0
5550,2,76.84533353501932,76.84533353501932,100.0
5560,0,25.32539583412098,25.32539583412098,100.0
5560,1,23.173220040880295,23.173220040880295,100.0
5560,2,51.50138412499873,51.50138412499873,100.0
5570,0,43.3089267770369,43.3089267770369,100.0
5570,1,8.77038501282625,8.77038501282625,100.0
5570,2,47.920688210136845,47.920688210136845,100.0
5580,0,24.796540004145534,24.796540004145534,100.0
5580,1,55.74977847855368,55.74977847855368,100.0
5580,2,19.453681517300797,19.453681517300797,100.0
5590,0,47.18818811422429,47.18818811422429,100.0
5590,1,15.616504223490995,15.616504223490995,100.0
5590,2,37.195307662284726,37.195307662284726,100.0
5600,0,11.544766867166985,11.544766867166985,100.0
5600,1,41.596464444017016,41.596464444017016,100.0
5600,2,46.858768688816006,46.858768688816006,100.0
5610,0,11.963052851648934,11.963052851648934,100.0
5610,1,10.847545709917487,10.847545709917487,100.0
5610,2,77.18940143843358,77.18940143843358,100.0
5620,0,30.549015899694137,30.549015899694137,100.0
5620,1,27.82280388929617,27.82280388929617,100.0
5620,2,41.628180211009685,41.628180211009685,100.0
5630,0,49.012016252638254,49.012016252638254,100.0
5630,1,40.65265026100725,40.65265026100725,100.0
5630,2,10.335333486354495,10.335333486354495,100.0
5640,0,34.765546102347166,34.765546102347166,100.0
5640,1,12.453251427701376,12.453251427701376,100.0
5640,2,52.78120246995146,52.78120246995146,100.0
5650,0,31.708321407042373,31.708321407042373,100.0
5650,1,50.543717796155384,50.543717796155384,100.0
5650,2,17.747960796802253,17.747960796802253,100.0
5660,0,50.92016371100435,50.92016371100435,100.0
5660,1,17.74607388082619,17.74607388082619,100.0
5660,2,31.33376240816946,31.33376240816946,100.0
5670,0,12.250042626416835,12.250042626416835,100.0
5670,1,11.20385984691826,11.20385984691826,100.0
5670,2,76.54609752666491,76.54609752666491,100.0
5680,0,24.577419537330965,24.577419537330965,100.0
5680,1,38.30571887987674,38.30571887987674,100.0
5680,2,37.116861582792296,37.116861582792296,100.0
5690,0,40.53239368381747,40.53239368381747,100.0
5690,1,23.504823158539768,23.504823158539768,100.0
5690,2,35.96278315764276,35.96278315764276,100.0
5700,0,56.30412327629754,56.30412327629754,100.0
5700,1,14.877231161218955,14.877231161218955,100.0
5700,2,28.818645562483514,28.818645562483514,100.0
5710,0,39.43136668324615,39.43136668324615,100.0
5710,1,20.19291264352988,20.19291264352988,100.0
5710,2,40.37572067322397,40.37572067322397,100.0
5720,0,47.260367063815124,47.260367063815124,100.0
5720,1,18.004295603246362,18.004295603246362,100.0
5720,2,34.73533733293853,34.73533733293853,100.0
5730,0,12.30170931675802,12.30170931675802,100.0
5730,1,11.38812072218287,11.38812072218287,100.0
5730,2,76.31016996105912,76.31016996105912,100.0
5740,0,25.750382513594904,25.750382513594904,100.0
5740,1,27.4169189710049,27.4169189710049,100.0
5740,2,46.8326985154002,46.8326985154002,100.0
5750,0,54.425729445202045,54.425729445202045,100.0
5750,1,32.86248180065571,32.86248180065571,100.0
5750,2,12.711788754142262,12.711788754142262,100.0
5760,0,25.695969620655507,25.695969620655507,100.0
5760,1,36.177114730369446,36.177114730369446,100.0
5760,2,38.12691564897506,38.12691564897506,100.0
5770,0,26.448917932343168,26.448917932343168,100.0
5770,1,54.109422322614144,54.109422322614144,100.0
5770,2,19.441659745042685,19.441659745042685,100.0
5780,0,50.23913772103784,50.23913772103784,100.0
5780,1,12.886931113476962,12.886931113476962,100.0
5780,2,36.87393116548521,36.87393116548521,100.0
5790,0,11.311801381773936,11.311801381773936,100.0
5790,1,10.879696790513126,10.879696790513126,100.0
5790,2,77.80850182771294,77.80850182771294,100.0
5800,0,35.792891029292555,35.792891029292555,100.0
5800,1,38.7205178303694,38.7205178303694,100.0
5800,2,25.48659114033804,25.48659114033804,100.0
5810,0,36.09871632434831,36.09871632434831,100.0
5810,1,36.343015809108145,36.343015809108145,100.0
5810,2,27.558267866543545,27.558267866543545,100.0
5820,0,38.89484833421561,38.89484833421561,100.0
5820,1,21.320250280977245,21.320250280977245,100.0
5820,2,39.784901384807156,39.784901384807156,100.0
5830,0,30.48551559592722,30.48551559592722,100.0
5830,1,23.415761355831002,23.415761355831002,100.0
5830,2,46.09872304824177,46.09872304824177,100.0
5840,0,34.666335250086654,34.666335250086654,100.0
5840,1,53.08971924384957,53.08971924384957,100.0
5840,2,12.243945506063781,12.243945506063781,100.0
5850,0,11.98660901753832,11.98660901753832,100.0
5850,1,19.31349639261876,19.31349639261876,100.0
5850,2,68.69989458984293,68.69989458984293,100.0
5860,0,35.81818380738062,35.81818380738062,100.0
5860,1,43.573847709973805,43.573847709973805,100.0
5860,2,20.607968482645575,20.607968482645575,100.0
5870,0,22.97800072108632,22.97800072108632,100.0
5870,1,19.684972465148213,19.684972465148213,100.0
5870,2,57.33702681376547,57.33702681376547,100.0
5880,0,30.958073469437657,30.958073469437657,100.0
5880,1,38.29965880523717,38.29965880523717,100.0
5880,2,30.742267725325163,30.742267725325163,100.0
5890,0,32.273723605012094,32.273723605012094,100.0
5890,1,55.61815232272907,55.61815232272907,100.0
5890,2,12.108124072258846,12.108124072258846,100.0
5900,0,33.4461103439971,33.4461103439971,100.0
5900,1,30.610718934330134,30.610718934330134,100.0
5900,2,35.94317072167277,35.94317072167277,100.0
5910,0,10.880303426040818,10.880303426040818,100.0
5910,1,11.900015846381192,11.900015846381192,100.0
5910,2,77.219680727578,77.219680727578,100.0
5920,0,14.629483941839283,14.629483941839283,100.0
5920,1,12.483162471165933,12.483162471165933,100.0
5920,2,72.88735358699479,72.88735358699479,100.0
5930,0,29.46045430115911,29.46045430115911,100.0
5930,1,17.877161423957652,17.877161423957652,100.0
5930,2,52.66238427488324,52.66238427488324,100.0
5940,0,39.41637029374817,39.41637029374817,100.0
5940,1,34.89858564783335,34.89858564783335,100.0
5940,2,25.685044058418466,25.685044058418466,100.0
5950,0,32.04198869673368,32.04198869673368,100.0
5950,1,39.18196720484094,39.18196720484094,100.0
5950,2,28.77604409842539,28.77604409842539,100.0
5960,0,63.9984433442053,63.9984433442053,100.0
5960,1,23.39145139977844,23.39145139977844,100.0
5960,2,12.61010525601626,12.61010525601626,100.0
5970,0,16.706343137707684,16.706343137707684,100.0
5970,1,14.9701796523087,14.9701796523087,100.0
5970,2,68.32347720998364,68.32347720998364,100.0
5980,0,46.54198669730775,46.54198669730775,100.0
5980,1,12.528668182360757,12.528668182360757,100.0
5980,2,40.92934512033148,40.92934512033148,100.0
5990,0,26.46321977872853,26.46321977872853,100.0
5990,1,24.22549809678998,24.22549809678998,100.0
5990,2,49.31128212448149,49.31128212448149,100.0
6000,0,70.96052379683697,70.96052379683697,100.0
6000,1,16.66716235606411,16.66716235606411,100.0
6000,2,12.372313847098921,12.372313847098921,100.0
6010,0,41.90768461056839,41.90768461056839,100.0
6010,1,17.201653344397304,17.201653344397304,100.0
6010,2,40.89066204503432,40.89066204503432,100.0
6020,0,47.92989226710436,47.92989226710436,100.0
6020,1,10.376393193465331,10.376393193465331,100.0
6020,2,41.69371453943032,41.69371453943032,100.0
6030,0,12.768424187037974,12.768424187037974,100.0
6030,1,14.041299453599443,14.041299453599443,100.0
6030,2,73.1902763593626,73.1902763593626,100.0
6040,0,40.1882208732378,40.1882208732378,100.0
6040,1,38.26640530052642,38.26640530052642,100.0
6040,2,21.545373826235792,21.545373826235792,100.0
6050,0,36.554034042337996,36.554034042337996,100.0
6050,1,20.81841867901361,20.81841867901361,100.0
6050,2,42.6275472786484,42.6275472786484,100.0
6060,0,24.201158571296443,24.201158571296443,100.0
6060,1,34.50702334351727,34.50702334351727,100.0
6060,2,41.2918180851863,41.2918180851863,100.0
6070,0,56.41770715300009,56.41770715300009,100.0
6070,1,30.623029024686243,30.623029024686243,100.0
6070,2,12.959263822313686,12.959263822313686,100.0
6080,0,50.20490887838881,50.20490887838881,100.0
6080,1,11.266396594530333,11.266396594530333,100.0
6080,2,38.52869452708086,38.52869452708086,100.0
6090,0,14.06529697730828,14.06529697730828,100.0
6090,1,12.682785420856563,12.682785420856563,100.0
6090,2,73.25191760183516,73.25191760183516,100.0
6100,0,21.137539995085515,21.137539995085515,100.0
6100,1,24.56549812630725,24.56549812630725,100.0
6100,2,54.29696187860724,54.29696187860724,100.0
6110,0,60.52264879542793,60.52264879542793,100.0
6110,1,22.958842799168817,22.958842799168817,100.0
6110,2,16.518508405403242,16.518508405403242,100.0
6120,0,55.39789936894044,55.39789936894044,100.0
6120,1,24.869966617927513,24.869966617927513,100.0
6120,2,19.73213401313205,19.73213401313205,100.0
6130,0,24.834830718014327,24.834830718014327,100.0
6130,1,26.352247751379167,26.352247751379167,100.0
6130,2,48.81292153060651,48.81292153060651,100.0
6140,0,13.760382730315406,13.760382730315406,100.0
6140,1,25.28986064599576,25.28986064599576,100.0
6140,2,60.949756623688835,60.949756623688835,100.0
6150,0,11.408788840859598,11.408788840859598,100.0
6150,1,13.540237715933365,13.540237715933365,100.0
6150,2,75.05097344320704,75.05097344320704,100.0
6160,0,42.0359330558447,42.0359330558447,100.0
6160,1,26.76586242983446,26.76586242983446,100.0
6160,2,31.19820451432085,31.19820451432085,100.0
6170,0,59.844834996475186,59.844834996475186,100.0
6170,1,26.669346499385853,26.669346499385853,100.0
6170,2,13.485818504138969,13.485818504138969,100.0
6180,0,36.78934240354447,36.78934240354447,100.0
6180,1,13.508613098145156,13.508613098145156,100.0
6180,2,49.70204449831038,49.70204449831038,100.0
6190,0,17.586968235363614,17.586968235363614,100.0
6190,1,41.090056538999534,41.090056538999534,100.0
6190,2,41.322975225636846,41.322975225636846,100.0
6200,0,57.84913816889199,57.84913816889199,100.0
6200,1,19.462498011472373,19.462498011472373,100.0
6200,2,22.688363819635644,22.688363819635644,100.0
6210,0,10.977834451373445,10.977834451373445,100.0
6210,1,13.173287378973185,13.173287378973185,100.0
6210,2,75.84887816965336,75.84887816965336,100.0
6220,0,37.75023560067062,37.75023560067062,100.0
6220,1,28.437766823119215,28.437766823119215,100.0
6220,2,33.81199757621015,33.81199757621015,100.0
6230,0,23.044581053820004,23.044581053820004,100.0
6230,1,34.288091016814384,34.288091016814384,100.0
6230,2,42.66732792936562,42.66732792936562,100.0
6240,0,31.181519772961362,31.181519772961362,100.0
6240,1,24.17906607755784,24.17906607755784,100.0
6240,2,44.63941414948079,44.63941414948079,100.0
6250,0,36.69987218334051,36.69987218334051,100.0
6250,1,11.966212330179818,11.966212330179818,100.0
6250,2,51.333915486479675,51.333915486479675,100.0
6260,0,45.54589194459333,45.54589194459333,100.0
6260,1,11.521722472207305,11.521722472207305,100.0
6260,2,42.93238558319937,42.93238558319937,100.0
6270,0,15.071506603080117,15.071506603080117,100.0
6270,1,15.114350435934387,15.114350435934387,100.0
6270,2,69.8141429609855,69.8141429609855,100.0
6280,0,19.10539984903697,19.10539984903697,100.0
6280,1,20.928934312212846,20.928934312212846,100.0
6280,2,59.96566583875019,59.96566583875019,100.0
6290,0,29.718157549462425,29.718157549462425,100.0
6290,1,49.86257664668381,49.86257664668381,100.0
6290,2,20.41926580385376,20.41926580385376,100.0
6300,0,38.19052159833001,38.19052159833001,100.0
6300,1,36.90264237359356,36.90264237359356,100.0
6300,2,24.906836028076434,24.906836028076434,100.0
6310,0,47.02776641662307,47.02776641662307,100.0
6310,1,17.43236433605336,17.43236433605336,100.0
6310,2,35.539869247323566,35.539869247323566,100.0
6320,0,64.32763411381124,64.32763411381124,100.0
6320,1,17.819708318795907,17.819708318795907,100.0
6320,2,17.85265756739284,17.85265756739284,100.0
6330,0,12.613451396489788,12.613451396489788,100.0
6330,1,11.762461032542335,11.762461032542335,100.0
6330,2,75.62408757096787,75.62408757096787,100.0
6340,0,55.014493208110736,55.014493208110736,100.0
6340,1,17.15871523823106,17.15871523823106,100.0
6340,2,27.826791553658204,27.826791553658204,100.0
6350,0,54.01934178963862,54.01934178963862,100.0
6350,1,34.427008165316465,34.427008165316465,100.0
6350,2,11.553650045044932,11.553650045044932,100.0
6360,0,51.10167885358082,51.10167885358082,100.0
6360,1,19.643437084905262,19.643437084905262,100.0
6360,2,29.254884061513913,29.254884061513913,100.0
6370,0,33.31839401581983,33.31839401581983,100.0
6370,1,33.38622790664334,33.38622790664334,100.0
6370,2,33.29537807753684,33.29537807753684,100.0
6380,0,13.557680942924177,13.557680942924177,100.0
6380,1,27.19509990615969,27.19509990615969,100.0
6380,2,59.24721915091613,59.24721915091613,100.0
6390,0,14.75442783503563,14.75442783503563,100.0
6390,1,15.399208609109166,15.399208609109166,100.0
6390,2,69.8463635558552,69.8463635558552,100.0
6400,0,32.9159583047167,32.9159583047167,100.0
6400,1,31.509432351164918,31.509432351164918,100.0
6400,2,35.57460934411838,35.57460934411838,100.0
6410,0,44.1149251376354,44.1149251376354,100.0
6410,1,28.22679518842065,28.22679518842065,100.0
6410,2,27.658279673943948,27.658279673943948,100.0
6420,0,43.91472731418152,43.91472731418152,100.0
6420,1,18.92966828416623,18.92966828416623,100.0
6420,2,37.15560440165225,37.15560440165225,100.0
6430,0,58.296008267026004,58.296008267026004,100.0
6430,1,12.51022541674426,12.51022541674426,100.0
6430,2,29.19376631622973,29.19376631622973,100.0
6440,0,45.735278227934515,45.735278227934515,100.0
6440,1,17.283975930130765,17.283975930130765,100.0
6440,2,36.98074584193473,36.98074584193473,100.0
6450,0,14.00459758842803,14.00459758842803,100.0
6450,1,10.848349751710643,10.848349751710643,100.0
6450,2,75.14705265986133,75.14705265986133,100.0
6460,0,51.82378087973599,51.82378087973599,100.0
6460,1,33.42981346825261,33.42981346825261,100.0
6460,2,14.746405652011413,14.746405652011413,100.0
6470,0,32.29394854345415,32.29394854345415,100.0
6470,1,41.011741946572585,41.011741946572585,100.0
6470,2,26.69430950997327,26.69430950997327,100.0
6480,0,30.18138137902856,30.18138137902856,100.0
6480,1,24.682021505341176,24.682021505341176,100.0
6480,2,45.13659711563026,45.13659711563026,100.0
6490,0,19.543098418075264,19.543098418075264,100.0
6490,1,17.666134291227195,17.666134291227195,100.0
6490,2,62.79076729069754,62.79076729069754,100.0
6500,0,64.15465390619582,64.15465390619582,100.0
6500,1,18.1217089850568,18.1217089850568,100.0
6500,2,17.723637108747383,17.723637108747383,100.0
6510,0,15.98927089062789,15.98927089062789,100.0
6510,1,10.604647527284254,10.604647527284254,100.0
6510,2,73.40608158208785,73.40608158208785,100.0
6520,0,20.49530563285564,20.49530563285564,100.0
6520,1,17.755194197874705,17.755194197874705,100.0
6520,2,61.74950016926965,61.74950016926965,100.0
6530,0,57.69994042079374,57.69994042079374,100.0
6530,1,14.293357791859446,14.293357791859446,100.0
6530,2,28.006701787346827,28.006701787346827,100.0
6540,0,47.490023896525884,47.490023896525884,100.0
6540,1,34.447878554649805,34.447878554649805,100.0
6540,2,18.062097548824312,18.062097548824312,100.0
6550,0,48.94691958352667,48.94691958352667,100.0
6550,1,16.479840205551845,16.479840205551845,100.0
6550,2,34.57324021092148,34.57324021092148,100.0
6560,0,30.749102030967745,30.749102030967745,100.0
6560,1,43.577876534674246,43.577876534674246,100.0
6560,2,25.673021434358017,25.673021434358017,100.0
6570,0,14.350513360675768,14.350513360675768,100.0
6570,1,17.94200880347709,17.94200880347709,100.0
6570,2,67.70747783584714,67.70747783584714,100.0
6580,0,25.479670332973935,25.479670332973935,100.0
6580,1,39.54567001282819,39.54567001282819,100.0
6580,2,34.97465965419788,34.97465965419788,100.0
6590,0,23.559018602529434,23.559018602529434,100.0
6590,1,25.888487275066574,25.888487275066574,100.0
6590,2,50.55249412240399,50.55249412240399,100.0
6600,0,61.026970276176854,61.026970276176854,100.0
6600,1,17.34076507913194,17.34076507913194,100.0
6600,2,21.632264644691215,21.632264644691215,100.0
6610,0,29.57809367679531,29.57809367679531,100.0
6610,1,23.331853397058158,23.331853397058158,100.0
6610,2,47.09005292614654,47.09005292614654,100.0
6620,0,60.37326141248142,60.37326141248142,100.0
6620,1,15.493489588223527,15.493489588223527,100.0
6620,2,24.133248999295052,24.133248999295052,100.0
6630,0,12.143442387797206,12.143442387797206,100.0
6630,1,11.872819521784963,11.872819521784963,100.0
6630,2,75.98373809041783,75.98373809041783,100.0
6640,0,29.523193629562655,29.523193629562655,100.0
6640,1,32.59048224693009,32.59048224693009,100.0
6640,2,37.886324123507265,37.886324123507265,100.0
6650,0,22.76228030713077,22.76228030713077,100.0
6650,1,41.12251350915712,41.12251350915712,100.0
6650,2,36.11520618371211,36.11520618371211,100.0
6660,0,17.853995117398675,17.853995117398675,100.0
6660,1,55.36458631657947,55.36458631657947,100.0
6660,2,26.781418566021852,26.781418566021852,100.0
6670,0,50.339051008444926,50.339051008444926,100.0
6670,1,23.23464589199067,23.23464589199067,100.0
6670,2,26.426303099564407,26.426303099564407,100.0
6680,0,22.50721882447912,22.50721882447912,100.0
6680,1,23.587960330503755,23.587960330503755,100.0
6680,2,53.904820845017134,53.904820845017134,100.0
6690,0,11.069654633573895,11.069654633573895,100.0
6690,1,11.104478926099695,11.104478926099695,100.0
6690,2,77.82586644032642,77.82586644032642,100.0
6700,0,35.617528787138404,35.617528787138404,100.0
6700,1,32.75094393922623,32.75094393922623,100.0
6700,2,31.631527273635363,31.631527273635363,100.0
6710,0,28.335126409677446,28.335126409677446,100.0
6710,1,40.452446635595635,40.452446635595635,100.0
6710,2,31.21242695472692,31.21242695472692,100.0
6720,0,46.37670746632557,46.37670746632557,100.0
6720,1,10.013882751707618,10.013882751707618,100.0
6720,2,43.60940978196681,43.60940978196681,100.0
6730,0,50.00836157177426,50.00836157177426,100.0
6730,1,16.517739415914615,16.517739415914615,100.0
6730,2,33.473899012311115,33.473899012311115,100.0
6740,0,42.43803451330898,42.43803451330898,100.0
6740,1,22.100901182664202,22.100901182664202,100.0
6740,2,35.46106430402682,35.46106430402682,100.0
6750,0,10.914720783254872,10.914720783254872,100.0
6750,1,12.166300448634022,12.166300448634022,100.0
6750,2,76.91897876811112,76.91897876811112,100.0
6760,0,62.453745825541915,62.453745825541915,100.0
6760,1,16.697767917670564,16.697767917670564,100.0
6760,2,20.848486256787528,20.848486256787528,100.0
6770,0,20.532609343534766,20.532609343534766,100.0
6770,1,40.33784798686827,40.33784798686827,100.0
6770,2,39.12954266959696,39.12954266959696,100.0
6780,0,49.32325914913762,49.32325914913762,100.0
6780,1,15.746751613386886,15.746751613386886,100.0
6780,2,34.92998923747549,34.92998923747549,100.0
6790,0,52.71615921887943,52.71615921887943,100.0
6790,1,28.91711684991312,28.91711684991312,100.0
6790,2,18.36672393120745,18.36672393120745,100.0
6800,0,15.817905633530657,15.817905633530657,100.0
6800,1,65.87348372927617,65.87348372927617,100.0
6800,2,18.308610637193166,18.308610637193166,100.0
6810,0,11.37678080981187,11.37678080981187,100.0
6810,1,11.702362565365295,11.702362565365295,100.0
6810,2,76.92085662482285,76.92085662482285,100.0
6820,0,61.54923467390789,61.54923467390789,100.0
6820,1,13.43737414830611,13.43737414830611,100.0
6820,2,25.013391177785994,25.013391177785994,100.0
6830,0,11.405573763574024,11.405573763574024,100.0
6830,1,18.42153976030982,18.42153976030982,100.0
6830,2,70.17288647611616,70.17288647611616,100.0
6840,0,43.99290625816351,43.99290625816351,100.0
6840,1,22.441531118288452,22.441531118288452,100.0
6840,2,33.56556262354805,33.56556262354805,100.0
6850,0,23.319834369769335,23.319834369769335,100.0
6850,1,52.98791041497618,52.98791041497618,100.0
6850,2,23.692255215254495,23.692255215254495,100.0
6860,0,19.958109719193857,19.958109719193857,100.0
6860,1,53.90864191979116,53.90864191979116,100.0
6860,2,26.13324836101498,26.13324836101498,100.0
6870,0,11.265194025066265,11.265194025066265,100.0
6870,1,11.944076820231434,11.944076820231434,100.0
6870,2,76.7907291547023,76.7907291547023,100.0
6880,0,59.99146960085451,59.99146960085451,100.0
6880,1,14.12051499475895,14.12051499475895,100.0
6880,2,25.888015404386532,25.888015404386532,100.0
6890,0,50.87962015752634,50.87962015752634,100.0
6890,1,14.360764212709809,14.360764212709809,100.0
6890,2,34.75961562976386,34.75961562976386,100.0
6900,0,50.04211466339047,50.04211466339047,100.0
6900,1,17.735707782657194,17.735707782657194,100.0
6900,2,32.22217755395234,32.22217755395234,100.0
6910,0,20.047910114392124,20.047910114392124,100.0
6910,1,17.495049061019223,17.495049061019223,100.0
6910,2,62.45704082458865,62.45704082458865,100.0
6920,0,56.04223689318738,56.04223689318738,100.0
6920,1,31.70142730894745,31.70142730894745,100.0
6920,2,12.256335797865175,12.256335797865175,100.0
6930,0,14.314593889677802,14.314593889677802,100.0
6930,1,13.917632305691866,13.917632305691866,100.0
6930,2,71.76777380463034,71.76777380463034,100.0
6940,0,62.931406104430025,62.931406104430025,100.0
6940,1,20.07302881962468,20.07302881962468,100.0
6940,2,16.995565075945297,16.995565075945297,100.0
6950,0,20.349592910691218,20.349592910691218,100.0
6950,1,24.822185286228606,24.822185286228606,100.0
6950,2,54.82822180308018,54.82822180308018,100.0
6960,0,46.98974413749858,46.98974413749858,100.0
6960,1,23.854438092061947,23.854438092061947,100.0
6960,2,29.15581777043948,29.15581777043948,100.0
6970,0,44.771569474043474,44.771569474043474,100.0
6970,1,25.06380068346296,25.06380068346296,100.0
6970,2,30.164629842493575,30.164629842493575,100.0
6980,0,34.766214926819,34.766214926819,100.0
6980,1,12.468136095859371,12.468136095859371,100.0
6980,2,52.76564897732163,52.76564897732163,100.0
6990,0,18.360674735302172,18.360674735302172,100.0
6990,1,18.379834212276442,18.379834212276442,100.0
6990,2,63.25949105242139,63.25949105242139,100.0
7000,0,15.196720609820122,15.196720609820122,100.0
7000,1,59.3478982749218,59.3478982749218,100.0
7000,2,25.45538111525808,25.45538111525808,100.0
7010,0,58.4746931881924,58.4746931881924,100.0
7010,1,17.08664027240224,17.08664027240224,100.0
7010,2,24.43866653940538,24.43866653940538,100.0
7020,0,26.838706390701134,26.838706390701134,100.0
7020,1,58.04860821748174,58.04860821748174,100.0
7020,2,15.112685391817122,15.112685391817122,100.0
7030,0,44.692883194911104,44.692883194911104,100.0
7030,1,37.41854495998798,37.41854495998798,100.0
7030,2,17.888571845100916,17.888571845100916,100.0
7040,0,35.53405072192292,35.53405072192292,100.0
7040,1,27.165584880539228,27.165584880539228,100.0
7040,2,37.300364397537855,37.300364397537855,100.0
7050,0,11.811469706097185,11.811469706097185,100.0
7050,1,11.173108712922177,11.173108712922177,100.0
7050,2,77.01542158098064,77.01542158098064,100.0
7060,0,39.104081202614665,39.104081202614665,100.0
7060,1,27.917658273984102,27.917658273984102,100.0
7060,2,32.97826052340124,32.97826052340124,100.0
7070,0,28.61773815567596,28.61773815567596,100.0
7070,1,40.81229950176296,40.81229950176296,100.0
7070,2,30.56996234256109,30.56996234256109,100.0
7080,0,31.59392822019965,31.59392822019965,100.0
7080,1,32.247894121114015,32.247894121114015,100.0
7080,2,36.158177658686334,36.158177658686334,100.0
7090,0,41.82938107908171,41.82938107908171,100.0
7090,1,32.542563368548656,32.542563368548656,100.0
7090,2,25.628055552369634,25.628055552369634,100.0
7100,0,67.38335038442442,67.38335038442442,100.0
7100,1,14.143665283957088,14.143665283957088,100.0
7100,2,18.472984331618488,18.472984331618488,100.0
7110,0,29.489081767262803,29.489081767262803,100.0
7110,1,21.22721865179338,21.22721865179338,100.0
7110,2,49.283699580943825,49.283699580943825,100.0
7120,0,64.26635163999498,64.26635163999498,100.0
7120,1,22.02823076099167,22.02823076099167,100.0
7120,2,13.705417599013355,13.705417599013355,100.0
7130,0,42.28064242733038,42.28064242733038,100.0
7130,1,21.587220497831808,21.587220497831808,100.0
7130,2,36.13213707483782,36.13213707483782,100.0
7140,0,45.48958014822079,45.48958014822079,100.0
7140,1,34.52590410679609,34.52590410679609,100.0
7140,2,19.98451574498311,19.98451574498311,100.0
7150,0,49.42239997874051,49.42239997874051,100.0
7150,1,34.092978092829625,34.092978092829625,100.0
7150,2,16.484621928429867,16.484621928429867,100.0
7160,0,16.81254446106598,16.81254446106598,100.0
7160,1,44.09077174132274,44.09077174132274,100.0
7160,2,39.09668379761129,39.09668379761129,100.0
7170,0,11.0648781085649,11.0648781085649,100.0
7170,1,11.68313096043365,11.68313096043365,100.0
7170,2,77.25199093100144,77.25199093100144,100.0
7180,0,33.188329560634585,33.188329560634585,100.0
7180,1,51.762866112837195,51.762866112837195,100.0
7180,2,15.04880432652823,15.04880432652823,100.0
7190,0,47.10456238327154,47.10456238327154,100.0
7190,1,32.68167525618499,32.68167525618499,100.0
7190,2,20.21376236054347,20.21376236054347,100.0
7200,0,43.526242385979444,43.526242385979444,100.0
7200,1,40.787385444044475,40.787385444044475,100.0
7200,2,15.686372169976078,15.686372169976078,100.0
7210,0,23.005908295217107,23.005908295217107,100.0
7210,1,61.698385637267506,61.698385637267506,100.0
7210,2,15.295706067515393,15.295706067515393,100.0
7220,0,44.881944851143,44.881944851143,100.0
7220,1,16.574021892847142,16.574021892847142,100.0
7220,2,38.54403325600986,38.54403325600986,100.0
7230,0,13.695877602722389,13.695877602722389,100.0
7230,1,13.516104545994212,13.516104545994212,100.0
7230,2,72.7880178512834,72.7880178512834,100.0
7240,0,29.541021372412658,29.541021372412658,100.0
7240,1,19.278081619459318,19.278081619459318,100.0
7240,2,51.18089700812802,51.18089700812802,100.0
7250,0,38.23874654321317,38.23874654321317,100.0
7250,1,38.21854215521732,38.21854215521732,100.0
7250,2,23.54271130156951,23.54271130156951,100.0
7260,0,42.519153236854955,42.519153236854955,100.0
7260,1,26.63365285840293,26.63365285840293,100.0
7260,2,30.847193904742117,30.847193904742117,100.0
7270,0,25.630586832810753,25.630586832810753,100.0
7270,1,23.701038414252448,23.701038414252448,100.0
7270,2,50.6683747529368,50.6683747529368,100.0
7280,0,56.46476480030429,56.46476480030429,100.0
7280,1,21.370288788162902,21.370288788162902,100.0
7280,2,22.16494641153281,22.16494641153281,100.0
7290,0,13.940619068742386,13.940619068742386,100.0
7290,1,13.930077778792194,13.930077778792194,100.0
7290,2,72.12930315246543,72.12930315246543,100.0
7300,0,43.27384399406555,43.27384399406555,100.0
7300,1,12.289736107124732,12.289736107124732,100.0
7300,2,44.43641989880972,44.43641989880972,100.0
7310,0,14.972562709655,14.972562709655,100.0
7310,1,51.71565531705586,51.71565531705586,100.0
7310,2,33.311781973289136,33.311781973289136,100.0
7320,0,37.58368817893689,37.58368817893689,100.0
7320,1,11.513322418335008,11.513322418335008,100.0
7320,2,50.90298940272812,50.90298940272812,100.0
7330,0,40.289228376059334,40.289228376059334,100.0
7330,1,27.191903788199497,27.191903788199497,100.0
7330,2,32.51886783574117,32.51886783574117,100.0
7340,0,71.76770737437083,71.76770737437083,100.0
7340,1,13.028817359310638,13.028817359310638,100.0
7340,2,15.203475266318545,15.203475266318545,100.0
7350,0,18.350697444150143,18.350697444150143,100.0
7350,1,13.512703930607648,13.512703930607648,100.0
7350,2,68.1365986252422,68.1365986252422,100.0
7360,0,54.63360756466336,54.63360756466336,100.0
7360,1,19.189808920229652,19.189808920229652,100.0
7360,2,26.176583515106987,26.176583515106987,100.0
7370,0,42.20034886147522,42.20034886147522,100.0
7370,1,33.65530067980883,33.65530067980883,100.0
7370,2,24.144350458715948,24.144350458715948,100.0
7380,0,31.592271011807792,31.592271011807792,100.0
7380,1,24.202085852677953,24.202085852677953,100.0
7380,2,44.205643135514244,44.205643135514244,100.0
7390,0,17.25119341002869,17.25119341002869,100.0
7390,1,12.129535685690072,12.129535685690072,100.0
7390,2,70.61927090428124,70.61927090428124,100.0
7400,0,27.316998894125692,27.316998894125692,100.0
7400,1,19.93029726198881,19.93029726198881,100.0
7400,2,52.7527038438855,52.7527038438855,100.0
7410,0,11.100056697743156,11.100056697743156,100.0
7410,1,11.061665550471487,11.061665550471487,100.0
7410,2,77.83827775178536,77.83827775178536,100.0
7420,0,28.80613043785467,28.80613043785467,100.0
7420,1,29.060324724179143,29.060324724179143,100.0
7420,2,42.1335448379662,42.1335448379662,100.0
7430,0,53.793062053429495,53.793062053429495,100.0
7430,1,20.4894154432789,20.4894154432789,100.0
7430,2,25.7175225032916,25.7175225032916,100.0
7440,0,25.36061043515901,25.36061043515901,100.0
7440,1,19.938247800981873,19.938247800981873,100.0
7440,2,54.70114176385913,54.70114176385913,100.0
7450,0,43.74889830434427,43.74889830434427,100.0
7450,1,12.982064339688485,12.982064339688485,100.0
7450,2,43.26903735596725,43.26903735596725,100.0
7460,0,48.83270725618635,48.83270725618635,100.0
7460,1,26.459593068656336,26.459593068656336,100.0
7460,2,24.707699675157308,24.707699675157308,100.0
7470,0,13.363881984586671,13.363881984586671,100.0
7470,1,12.180857267419034,12.180857267419034,100.0
7470,2,74.4552607479943,74.4552607479943,100.0
7480,0,55.68623668978885,55.68623668978885,100.0
7480,1,8.793187931059338,8.793187931059338,100.0
7480,2,35.52057537915181,35.52057537915181,100.0
7490,0,53.466554365599585,53.466554365599585,100.0
7490,1,15.419626704310229,15.419626704310229,100.0
7490,2,31.113818930090186,31.113818930090186,100.0
7500,0,55.382609810606354,55.382609810606354,100.0
7500,1,28.6010015991558,28.6010015991558,100.0
7500,2,16.01638859023785,16.01638859023785,100.0
7510,0,41.78855265920065,41.78855265920065,100.0
7510,1,19.026890927095934,19.026890927095934,100.0
7510,2,39.184556413703426,39.184556413703426,100.0
7520,0,36.09508814422773,36.09508814422773,100.0
7520,1,34.621480970795105,34.621480970795105,100.0
7520,2,29.283430884977175,29.283430884977175,100.0
7530,0,15.531953010188099,15.531953010188099,100.0
7530,1,11.785437671566083,11.785437671566083,100.0
7530,2,72.68260931824582,72.68260931824582,100.0
7540,0,62.882972448083784,62.882972448083784,100.0
7540,1,18.779812953617228,18.779812953617228,100.0
7540,2,18.33721459829899,18.33721459829899,100.0
7550,0,70.6055831939708,70.6055831939708,100.0
7550,1,13.494989445340241,13.494989445340241,100.0
7550,2,15.899427360688959,15.899427360688959,100.0
7560,0,39.489717045466186,39.489717045466186,100.0
7560,1,49.09303874360184,49.09303874360184,100.0
7560,2,11.41724421093197,11.41724421093197,100.0
7570,0,11.751502884846891,11.751502884846891,100.0
7570,1,12.50101983303154,12.50101983303154,100.0
7570,2,75.74747728212157,75.74747728212157,100.0
7580,0,57.913715063822615,57.913715063822615,100.0
7580,1,29.223995065453796,29.223995065453796,100.0
7580,2,12.862289870723595,12.862289870723595,100.0
7590,0,12.176510179972123,12.176510179972123,100.0
7590,1,11.333959433668158,11.333959433668158,100.0
7590,2,76.4895303863597,76.4895303863597,100.0
7600,0,26.732390197483102,26.732390197483102,100.0
7600,1,20.97099311552605,20.97099311552605,100.0
7600,2,52.29661668699085,52.29661668699085,100.0
7610,0,65.28108637304089,65.28108637304089,100.0
7610,1,18.75547277478185,18.75547277478185,100.0
7610,2,15.963440852177243,15.963440852177243,100.0
7620,0,14.08193965759262,14.08193965759262,100.0
7620,1,22.4708424971893,22.4708424971893,100.0
7620,2,63.447217845218084,63.447217845218084,100.0
7630,0,33.08100159298573,33.08100159298573,100.0
7630,1,35.71246957969018,35.71246957969018,100.0
7630,2,31.206528827324103,31.206528827324103,100.0
7640,0,29.24816461208261,29.24816461208261,100.0
7640,1,21.24612099622305,21.24612099622305,100.0
7640,2,49.50571439169435,49.50571439169435,100.0
7650,0,11.838461248357303,11.838461248357303,100.0
7650,1,11.138856924955077,11.138856924955077,100.0
7650,2,77.02268182668763,77.02268182668763,100.0
7660,0,25.882776807584435,25.882776807584435,100.0
7660,1,56.34204387462034,56.34204387462034,100.0
7660,2,17.77517931779522,17.77517931779522,100.0
7670,0,43.681410228619114,43.681410228619114,100.0
7670,1,28.375298042216336,28.375298042216336,100.0
7670,2,27.943291729164542,27.943291729164542,100.0
7680,0,27.20178040244506,27.20178040244506,100.0
7680,1,42.01000792926954,42.01000792926954,100.0
7680,2,30.788211668285403,30.788211668285403,100.0
7690,0,35.82569913340553,35.82569913340553,100.0
7690,1,11.363357544205359,11.363357544205359,100.0
7690,2,52.810943322389114,52.810943322389114,100.0
7700,0,39.77974759443882,39.77974759443882,100.0
7700,1,37.5302236352031,37.5302236352031,100.0
7700,2,22.69002877035808,22.69002877035808,100.0
7710,0,12.103249519835598,12.103249519835598,100.0
7710,1,12.147757741680914,12.147757741680914,100.0
7710,2,75.7489927384835,75.7489927384835,100.0
7720,0,12.149713052001594,12.149713052001594,100.0
7720,1,13.138342460182638,13.138342460182638,100.0
7720,2,74.71194448781576,74.71194448781576,100.0
7730,0,44.41238321185148,44.41238321185148,100.0
7730,1,17.413398152329872,17.413398152329872,100.0
7730,2,38.17421863581864,38.17421863581864,100.0
7740,0,27.417147809520152,27.417147809520152,100.0
7740,1,33.2049234798136,33.2049234798136,100.0
7740,2,39.37792871066625,39.37792871066625,100.0
7750,0,29.303621669181645,29.303621669181645,100.0
7750,1,47.974750108361185,47.974750108361185,100.0
7750,2,22.72162822245717,22.72162822245717,100.0
7760,0,56.85099278978348,56.85099278978348,100.0
7760,1,11.520348447497462,11.520348447497462,100.0
7760,2,31.62865876271906,31.62865876271906,100.0
7770,0,11.589545633582173,11.589545633582173,100.0
7770,1,11.442381734115658,11.442381734115658,100.0
7770,2,76.96807263230218,76.96807263230218,100.0
7780,0,59.87521164040371,59.87521164040371,100.0
7780,1,24.74096348427919,24.74096348427919,100.0
7780,2,15.383824875317092,15.383824875317092,100.0
7790,0,28.40230146187965,28.40230146187965,100.0
7790,1,36.48811510182828,36.48811510182828,100.0
7790,2,35.10958343629207,35.10958343629207,100.0
7800,0,48.37748750424037,48.37748750424037,100.0
7800,1,8.779442111690248,8.779442111690248,100.0
7800,2,42.84307038406938,42.84307038406938,100.0
7810,0,32.2685310878056,32.2685310878056,100.0
7810,1,35.443071154429504,35.443071154429504,100.0
7810,2,32.288397757764905,32.288397757764905,100.0
7820,0,40.32050972768307,40.32050972768307,100.0
7820,1,31.14011068396464,31.14011068396464,100.0
7820,2,28.539379588352297,28.539379588352297,100.0
7830,0,11.169180498805982,11.169180498805982,100.0
7830,1,12.184838945950181,12.184838945950181,100.0
7830,2,76.64598055524384,76.64598055524384,100.0
7840,0,44.146373114953775,44.146373114953775,100.0
7840,1,42.933522646589964,42.933522646589964,100.0
7840,2,12.920104238456274,12.920104238456274,100.0
7850,0,53.47545053211052,53.47545053211052,100.0
7850,1,37.657531378106015,37.657531378106015,100.0
7850,2,8.867018089783453,8.867018089783453,100.0
7860,0,24.145596428829265,24.145596428829265,100.0
7860,1,21.73227348612505,21.73227348612505,100.0
7860,2,54.1221300850457,54.1221300850457,100.0
7870,0,27.51292110476721,27.51292110476721,100.0
7870,1,34.3960866809815,34.3960866809815,100.0
7870,2,38.09099221425129,38.09099221425129,100.0
7880,0,36.03966663556612,36.03966663556612,100.0
7880,1,43.589939692662675,43.589939692662675,100.0
7880,2,20.3703936717712,20.3703936717712,100.0
7890,0,11.894530935120809,11.894530935120809,100.0
7890,1,10.790116741324644,10.790116741324644,100.0
7890,2,77.31535232355455,77.31535232355455,100.0
7900,0,21.40528465339202,21.40528465339202,100.0
7900,1,23.958150608923447,23.958150608923447,100.0
7900,2,54.63656473768454,54.63656473768454,100.0
7910,0,27.547076041024432,27.547076041024432,100.0
7910,1,56.05513869345915,56.05513869345915,100.0
7910,2,16.39778526551642,16.39778526551642,100.0
7920,0,29.43328394854005,29.43328394854005,100.0
7920,1,55.967663028424006,55.967663028424006,100.0
7920,2,14.599053023035946,14.599053023035946,100.0
7930,0,36.3184046621843,36.3184046621843,100.0
7930,1,32.48387199868724,32.48387199868724,100.0
7930,2,31.19772333912845,31.19772333912845,100.0
7940,0,23.171743739795417,23.171743739795417,100.0
7940,1,60.715369322027804,60.715369322027804,100.0
7940,2,16.112886938176786,16.112886938176786,100.0
7950,0,11.345244124852048,11.345244124852048,100.0
7950,1,11.610198959040979,11.610198959040979,100.0
7950,2,77.04455691610697,77.04455691610697,100.0
7960,0,57.66229665828786,57.66229665828786,100.0
7960,1,11.206871954056114,11.206871954056114,100.0
7960,2,31.130831387656023,31.130831387656023,100.0
7970,0,62.90054500426041,62.90054500426041,100.0
7970,1,18.137484710530995,18.137484710530995,100.0
7970,2,18.96197028520859,18.96197028520859,100.0
7980,0,49.62069506485032,49.62069506485032,100.0
7980,1,8.120375952576874,8.120375952576874,100.0
7980,2,42.25892898257282,42.25892898257282,100.0
7990,0,33.27498312204121,33.27498312204121,100.0
7990,1,12.276952363293775,12.276952363293775,100.0
7990,2,54.448064514665006,54.448064514665006,100.0
8000,0,39.80810991710072,39.80810991710072,100.0
8000,1,27.89211406839912,27.89211406839912,100.0
8000,2,32.299776014500154,32.299776014500154,100.0
8010,0,12.512197164807343,12.512197164807343,100.0
8010,1,10.659270388739232,10.659270388739232,100.0
8010,2,76.82853244645342,76.82853244645342,100.0
8020,0,53.250146895283294,53.250146895283294,100.0
8020,1,20.56746092614208,20.56746092614208,100.0
8020,2,26.182392178574638,26.182392178574638,100.0
8030,0,41.01968928790725,41.01968928790725,100.0
8030,1,29.382723015859025,29.382723015859025,100.0
8030,2,29.59758769623374,29.59758769623374,100.0
8040,0,13.14822567815194,13.14822567815194,100.0
8040,1,12.6026707039966,12.6026707039966,100.0
8040,2,74.24910361785146,74.24910361785146,100.0
8050,0,61.206739468369264,61.206739468369264,100.0
8050,1,26.847109049723304,26.847109049723304,100.0
8050,2,11.946151481907435,11.946151481907435,100.0
8060,0,42.08094668784599,42.08094668784599,100.0
8060,1,24.09278964615614,24.09278964615614,100.0
8060,2,33.82626366599788,33.82626366599788,100.0
8070,0,11.775141445649163,11.775141445649163,100.0
8070,1,11.747817068897886,11.747817068897886,100.0
8070,2,76.47704148545294,76.47704148545294,100.0
8080,0,39.59193614373982,39.59193614373982,100.0
8080,1,29.578366659821633,29.578366659821633,100.0
8080,2,30.829697196438545,30.829697196438545,100.0
8090,0,25.062390915711724,25.062390915711724,100.0
8090,1,16.791259088732126,16.791259088732126,100.0
8090,2,58.14634999555616,58.14634999555616,100.0
8100,0,36.52438658087351,36.52438658087351,100.0
8100,1,34.54269984987408,34.54269984987408,100.0
8100,2,28.932913569252406,28.932913569252406,100.0
8110,0,59.427842083121504,59.427842083121504,100.0
8110,1,26.913040946859894,26.913040946859894,100.0
8110,2,13.659116970018598,13.659116970018598,100.0
8120,0,17.11548788841297,17.11548788841297,100.0
8120,1,60.66054576213272,60.66054576213272,100.0
8120,2,22.223966349454304,22.223966349454304,100.0
8130,0,10.999782426994384,10.999782426994384,100.0
8130,1,11.009626646361466,11.009626646361466,100.0
8130,2,77.99059092664415,77.99059092664415,100.0
8140,0,43.668865945504834,43.668865945504834,100.0
8140,1,24.745269433618557,24.745269433618557,100.0
8140,2,31.585864620876603,31.585864620876603,100.0
8150,0,26.8074189089208,26.8074189089208,100.0
8150,1,49.46526473658206,49.46526473658206,100.0
8150,2,23.727316354497137,23.727316354497137,100.0
8160,0,31.507979069564435,31.507979069564435,100.0
8160,1,11.52059569024054,11.52059569024054,100.0
8160,2,56.97142524019502,56.97142524019502,100.0
8170,0,32.75857370379573,32.75857370379573,100.0
8170,1,33.232307677245046,33.232307677245046,100.0
8170,2,34.00911861895923,34.00911861895923,100.0
8180,0,17.165937466111508,17.165937466111508,100.0
8180,1,14.35382799342905,14.35382799342905,100.0
8180,2,68.48023454045945,68.48023454045945,100.0
8190,0,11.36439376992327,11.36439376992327,100.0
8190,1,11.299460955310124,11.299460955310124,100.0
8190,2,77.3361452747666,77.3361452747666,100.0
8200,0,24.46963223739744,24.46963223739744,100.0
8200,1,57.09126049308551,57.09126049308551,100.0
8200,2,18.439107269517056,18.439107269517056,100.0
8210,0,67.32629693297825,67.32629693297825,100.0
8210,1,22.71020475642028,22.71020475642028,100.0
8210,2,9.963498310601477,9.963498310601477,100.0
8220,0,60.66676313765438,60.66676313765438,100.0
8220,1,28.22308357415339,28.22308357415339,100.0
8220,2,11.110153288192226,11.110153288192226,100.0
8230,0,52.8201241345042,52.8201241345042,100.0
8230,1,18.041067884098975,18.041067884098975,100.0
8230,2,29.138807981396837,29.138807981396837,100.0
8240,0,12.247129547325244,12.247129547325244,100.0
8240,1,25.19014766446666,25.19014766446666,100.0
8240,2,62.56272278820809,62.56272278820809,100.0
8250,0,11.79859369148717,11.79859369148717,100.0
8250,1,11.275319971376893,11.275319971376893,100.0
8250,2,76.92608633713593,76.92608633713593,100.0
8260,0,23.164581103630365,23.164581103630365,100.0
8260,1,43.40435645820679,43.40435645820679,100.0
8260,2,33.431062438162854,33.431062438162854,100.0
8270,0,40.624539304975386,40.624539304975386,100.0
8270,1,34.01951022845564,34.01951022845564,100.0
8270,2,25.355950466568984,25.355950466568984,100.0
8280,0,34.61600722652733,34.61600722652733,100.0
8280,1,25.792420873306714,25.792420873306714,100.0
8280,2,39.59157190016595,39.59157190016595,100.0
8290,0,27.02746123573248,27.02746123573248,100.0
8290,1,44.129161741961816,44.129161741961816,100.0
8290,2,28.843377022305717,28.843377022305717,100.0
8300,0,38.490372076905096,38.490372076905096,100.0
8300,1,50.43310101611296,50.43310101611296,100.0
8300,2,11.076526906981949,11.076526906981949,100.0
8310,0,13.51271087812316,13.51271087812316,100.0
8310,1,12.03957119962891,12.03957119962891,100.0
8310,2,74.44771792224793,74.44771792224793,100.0
8320,0,42.13830073345792,42.13830073345792,100.0
8320,1,37.86578701112796,37.86578701112796,100.0
8320,2,19.995912255414115,19.995912255414115,100.0
8330,0,56.437726608334174,56.437726608334174,100.0
8330,1,13.198474306430304,13.198474306430304,100.0
8330,2,30.36379908523552,30.36379908523552,100.0
8340,0,19.984693389254094,19.984693389254094,100.0
8340,1,54.741197435302944,54.741197435302944,100.0
8340,2,25.27410917544296,25.27410917544296,100.0
8350,0,51.450736267680284,51.450736267680284,100.0
8350,1,35.75030382759582,35.75030382759582,100.0
8350,2,12.798959904723898,12.798959904723898,100.0
8360,0,20.28767159200116,20.28767159200116,100.0
8360,1,18.13458537208347,18.13458537208347,100.0
8360,2,61.57774303591537,61.57774303591537,100.0
8370,0,11.654167309721235,11.654167309721235,100.0
8370,1,10.77655376047836,10.77655376047836,100.0
8370,2,77.5692789298004,77.5692789298004,100.0
8380,0,29.04776023554321,29.04776023554321,100.0
8380,1,19.25289288390378,19.25289288390378,100.0
8380,2,51.69934688055301,51.69934688055301,100.0
8390,0,27.074650559546793,27.074650559546793,100.0
8390,1,46.97280831520572,46.97280831520572,100.0
8390,2,25.952541125247492,25.952541125247492,100.0
8400,0,40.28298379014903,40.28298379014903,100.0
8400,1,25.51281682125724,25.51281682125724,100.0
8400,2,34.204199388593736,34.204199388593736,100.0
8410,0,21.82372422748454,21.82372422748454,100.0
8410,1,18.640054315202633,18.640054315202633,100.0
8410,2,59.536221457312834,59.536221457312834,100.0
8420,0,44.275311043979066,44.275311043979066,100.0
8420,1,28.060312726877424,28.060312726877424,100.0
8420,2,27.66437622914351,27.66437622914351,100.0
8430,0,12.933866015308965,12.933866015308965,100.0
8430,1,11.53781630431152,11.53781630431152,100.0
8430,2,75.52831768037952,75.52831768037952,100.0
8440,0,22.42476577139022,22.42476577139022,100.0
8440,1,41.48952077783821,41.48952077783821,100.0
8440,2,36.085713450771564,36.085713450771564,100.0
8450,0,64.06458606493007,64.06458606493007,100.0
8450,1,21.049569389808084,21.049569389808084,100.0
8450,2,14.885844545261866,14.885844545261866,100.0
8460,0,42.41046748464182,42.41046748464182,100.0
8460,1,9.760393324502136,9.760393324502136,100.0
8460,2,47.82913919085603,47.82913919085603,100.0
8470,0,10.803629390486583,10.803629390486583,100.0
8470,1,43.660885649508245,43.660885649508245,100.0
8470,2,45.53548496000517,45.53548496000517,100.0
8480,0,26.32049235898617,26.32049235898617,100.0
8480,1,56.96740973945909,56.96740973945909,100.0
8480,2,16.71209790155474,16.71209790155474,100.0
8490,0,11.874794346395525,11.874794346395525,100.0
8490,1,11.960617116309153,11.960617116309153,100.0
8490,2,76.16458853729532,76.16458853729532,100.0
8500,0,35.05098002334238,35.05098002334238,100.0
8500,1,37.52538175175461,37.52538175175461,100.0
8500,2,27.423638224903,27.423638224903,100.0
8510,0,25.11297329130016,25.11297329130016,100.0
8510,1,35.54107076730198,35.54107076730198,100.0
8510,2,39.34595594139786,39.34595594139786,100.0
8520,0,23.635341287184932,23.635341287184932,100.0
8520,1,26.932660954070602,26.932660954070602,100.0
8520,2,49.431997758744465,49.431997758744465,100.0
8530,0,37.200908829745224,37.200908829745224,100.0
8530,1,54.27118087968268,54.27118087968268,100.0
8530,2,8.527910290572104,8.527910290572104,100.0
8540,0,25.823769474353337,25.823769474353337,100.0
8540,1,28.784330570157806,28.784330570157806,100.0
8540,2,45.39189995548886,45.39189995548886,100.0
8550,0,14.003262313018178,14.003262313018178,100.0
8550,1,11.852692220106222,11.852692220106222,100.0
8550,2,74.14404546687561,74.14404546687561,100.0
8560,0,37.14763527500432,37.14763527500432,100.0
8560,1,33.64433350014432,33.64433350014432,100.0
8560,2,29.20803122485136,29.20803122485136,100.0
8570,0,35.36186008784329,35.36186008784329,100.0
8570,1,22.631133327765095,22.631133327765095,100.0
8570,2,42.00700658439162,42.00700658439162,100.0
8580,0,46.73187508914609,46.73187508914609,100.0
8580,1,31.504618829845153,31.504618829845153,100.0
8580,2,21.763506081008753,21.763506081008753,100.0
8590,0,17.823804530451167,17.823804530451167,100.0
8590,1,20.15317893580675,20.15317893580675,100.0
8590,2,62.02301653374208,62.02301653374208,100.0
8600,0,32.03056885746272,32.03056885746272,100.0
8600,1,38.01977692821444,38.01977692821444,100.0
8600,2,29.949654214322845,29.949654214322845,100.0
8610,0,11.842271022588085,11.842271022588085,100.0
8610,1,11.671827370673661,11.671827370673661,100.0
8610,2,76.48590160673825,76.48590160673825,100.0
8620,0,37.23353096425634,37.23353096425634,100.0
8620,1,36.27259324674928,36.27259324674928,100.0
8620,2,26.493875788994377,26.493875788994377,100.0
8630,0,12.870393750497039,12.870393750497039,100.0
8630,1,58.31400411807175,58.31400411807175,100.0
8630,2,28.815602131431213,28.815602131431213,100.0
8640,0,27.548181347963347,27.548181347963347,100.0
8640,1,26.744312493648685,26.744312493648685,100.0
8640,2,45.707506158387964,45.707506158387964,100.0
8650,0,62.376539880180694,62.376539880180694,100.0
8650,1,16.4835266676343,16.4835266676343,100.0
8650,2,21.139933452185012,21.139933452185012,100.0
8660,0,45.549965228128784,45.549965228128784,100.0
8660,1,40.61187405763834,40.61187405763834,100.0
8660,2,13.838160714232869,13.838160714232869,100.0
8670,0,19.99969760552042,19.99969760552042,100.0
8670,1,11.434096433297944,11.434096433297944,100.0
8670,2,68.56620596118165,68.56620596118165,100.0
8680,0,64.48711689571893,64.48711689571893,100.0
8680,1,15.94055013966725,15.94055013966725,100.0
8680,2,19.57233296461381,19.57233296461381,100.0
8690,0,12.84044039665016,12.84044039665016,100.0
8690,1,37.193140508127534,37.193140508127534,100.0
8690,2,49.966419095222314,49.966419095222314,100.0
8700,0,62.551394995162646,62.551394995162646,100.0
8700,1,13.866355882463385,13.866355882463385,100.0
8700,2,23.582249122373977,23.582249122373977,100.0
8710,0,16.37410031587622,16.37410031587622,100.0
8710,1,21.679869910432316,21.679869910432316,100.0
8710,2,61.94602977369147,61.94602977369147,100.0
8720,0,41.83720632532406,41.83720632532406,100.0
8720,1,23.54143729567708,23.54143729567708,100.0
8720,2,34.621356378998854,34.621356378998854,100.0
8730,0,13.453629035952497,13.453629035952497,100.0
8730,1,13.22915480400995,13.22915480400995,100.0
8730,2,73.31721616003756,73.31721616003756,100.0
8740,0,51.21614212718557,51.21614212718557,100.0
8740,1,18.219041848088754,18.219041848088754,100.0
8740,2,30.564816024725683,30.564816024725683,100.0
8750,0,37.52656057000525,37.52656057000525,100.0
8750,1,19.27762071485403,19.27762071485403,100.0
8750,2,43.1958187151407,43.1958187151407,100.0
8760,0,35.280105712322055,35.280105712322055,100.0
8760,1,22.790105624732302,22.790105624732302,100.0
8760,2,41.92978866294565,41.92978866294565,100.0
8770,0,44.72755983285024,44.72755983285024,100.0
8770,1,30.582050714797067,30.582050714797067,100.0
8770,2,24.690389452352708,24.690389452352708,100.0
8780,0,12.620699955257416,12.620699955257416,100.0
8780,1,34.78450161694361,34.78450161694361,100.0
8780,2,52.59479842779897,52.59479842779897,100.0
8790,0,10.888383186335316,10.888383186335316,100.0
8790,1,10.958294149656563,10.958294149656563,100.0
8790,2,78.15332266400812,78.15332266400812,100.0
8800,0,63.54152478660989,63.54152478660989,100.0
8800,1,23.389660206995305,23.389660206995305,100.0
8800,2,13.068815006394804,13.068815006394804,100.0
8810,0,39.17439282003707,39.17439282003707,100.0
8810,1,20.129537546230775,20.129537546230775,100.0
8810,2,40.69606963373216,40.69606963373216,100.0
8820,0,27.288133194167596,27.288133194167596,100.0
8820,1,42.257161499239416,42.257161499239416,100.0
8820,2,30.454705306592995,30.454705306592995,100.0
8830,0,15.958697434275349,15.958697434275349,100.0
8830,1,26.892556106371927,26.892556106371927,100.0
8830,2,57.14874645935273,57.14874645935273,100.0
8840,0,47.829704820200334,47.829704820200334,100.0
8840,1,30.336116170608427,30.336116170608427,100.0
8840,2,21.834179009191246,21.834179009191246,100.0
8850,0,11.34032007411953,11.34032007411953,100.0
8850,1,11.473912742695251,11.473912742695251,100.0
8850,2,77.18576718318522,77.18576718318522,100.0
8860,0,21.460660021035135,21.460660021035135,100.0
8860,1,34.56073938975233,34.56073938975233,100.0
8860,2,43.97860058921253,43.97860058921253,100.0
8870,0,50.76482841396432,50.76482841396432,100.0
8870,1,25.4044547146541,25.4044547146541,100.0
8870,2,23.8307168713816,23.8307168713816,100.0
8880,0,48.21574494259531,48.21574494259531,100.0
8880,1,25.611283490718172,25.611283490718172,100.0
8880,2,26.17297156668653,26.17297156668653,100.0
8890,0,39.22303317025516,39.22303317025516,100.0
8890,1,29.12848890700184,29.12848890700184,100.0
8890,2,31.648477922742995,31.648477922742995,100.0
8900,0,63.285567136583545,63.285567136583545,100.0
8900,1,15.78513051860889,15.78513051860889,100.0
8900,2,20.929302344807564,20.929302344807564,100.0
8910,0,13.650565240993567,13.650565240993567,100.0
8910,1,12.95025087204186,12.95025087204186,100.0
8910,2,73.39918388696458,73.39918388696458,100.0
8920,0,49.55017241385449,49.55017241385449,100.0
8920,1,18.674397289930635,18.674397289930635,100.0
8920,2,31.775430296214875,31.775430296214875,100.0
8930,0,22.83567025939088,22.83567025939088,100.0
8930,1,31.463076392892848,31.463076392892848,100.0
8930,2,45.70125334771628,45.70125334771628,100.0
8940,0,46.17666305493476,46.17666305493476,100.0
8940,1,17.04013205884129,17.04013205884129,100.0
8940,2,36.78320488622394,36.78320488622394,100.0
8950,0,60.390405192630645,60.390405192630645,100.0
8950,1,20.04583028630934,20.04583028630934,100.0
8950,2,19.563764521060016,19.563764521060016,100.0
8960,0,50.03093784699336,50.03093784699336,100.0
8960,1,9.762835850837895,9.762835850837895,100.0
8960,2,40.20622630216873,40.20622630216873,100.0
8970,0,15.01120374516654,15.01120374516654,100.0
8970,1,13.648733392095638,13.648733392095638,100.0
8970,2,71.34006286273782,71.34006286273782,100.0
8980,0,37.243506424184446,37.243506424184446,100.0
8980,1,31.95460837608726,31.95460837608726,100.0
8980,2,30.80188519972828,30.80188519972828,100.0
8990,0,48.8754083778417,48.8754083778417,100.0
8990,1,19.372892925078954,19.372892925078954,100.0
8990,2,31.751698697079345,31.751698697079345,100.0
9000,0,45.443317966954545,45.443317966954545,100.0
9000,1,20.344615513030064,20.344615513030064,100.0
9000,2,34.2120665200154,34.2120665200154,100.0
9010,0,19.36230896159984,19.36230896159984,100.0
9010,1,15.454101325398236,15.454101325398236,100.0
9010,2,65.18358971300192,65.18358971300192,100.0
9020,0,14.04773286578534,14.04773286578534,100.0
9020,1,15.715911631160182,15.715911631160182,100.0
9020,2,70.23635550305448,70.23635550305448,100.0
9030,0,11.310096404819502,11.310096404819502,100.0
9030,1,11.571099473139574,11.571099473139574,100.0
9030,2,77.11880412204093,77.11880412204093,100.0
9040,0,21.941986974425053,21.941986974425053,100.0
9040,1,13.438680083244787,13.438680083244787,100.0
9040,2,64.61933294233016,64.61933294233016,100.0
9050,0,38.781189820390885,38.781189820390885,100.0
9050,1,39.95735943086894,39.95735943086894,100.0
9050,2,21.261450748740174,21.261450748740174,100.0
9060,0,25.75265179075523,25.75265179075523,100.0
9060,1,45.73080265675515,45.73080265675515,100.0
9060,2,28.516545552489614,28.516545552489614,100.0
9070,0,27.886966974406857,27.886966974406857,100.0
9070,1,43.04685382051105,43.04685382051105,100.0
9070,2,29.0661792050821,29.0661792050821,100.0
9080,0,24.425463163220165,24.425463163220165,100.0
9080,1,49.681899301142316,49.681899301142316,100.0
9080,2,25.892637535637515,25.892637535637515,100.0
9090,0,19.8664802169754,19.8664802169754,100.0
9090,1,10.614391859496681,10.614391859496681,100.0
9090,2,69.51912792352792,69.51912792352792,100.0
9100,0,67.19068670473034,67.19068670473034,100.0
9100,1,12.086554769088886,12.086554769088886,100.0
9100,2,20.722758526180783,20.722758526180783,100.0
9110,0,25.701449139459886,25.701449139459886,100.0
9110,1,33.811250313088124,33.811250313088124,100.0
9110,2,40.48730054745198,40.48730054745198,100.0
9120,0,39.97188283176069,39.97188283176069,100.0
9120,1,16.562983161089164,16.562983161089164,100.0
9120,2,43.465134007150155,43.465134007150155,100.0
9130,0,14.234398511908836,14.234398511908836,100.0
9130,1,53.9187196907765,53.9187196907765,100.0
9130,2,31.846881797314662,31.846881797314662,100.0
9140,0,33.38940020800539,33.38940020800539,100.0
9140,1,45.993757972974066,45.993757972974066,100.0
9140,2,20.61684181902055,20.61684181902055,100.0
9150,0,11.462492938452108,11.462492938452108,100.0
9150,1,11.460635419723452,11.460635419723452,100.0
9150,2,77.07687164182444,77.07687164182444,100.0
9160,0,36.06507122894263,36.06507122894263,100.0
9160,1,30.05342778130173,30.05342778130173,100.0
9160,2,33.881500989755644,33.881500989755644,100.0
9170,0,25.110657755884848,25.110657755884848,100.0
9170,1,15.799217290211962,15.799217290211962,100.0
9170,2,59.09012495390319,59.09012495390319,100.0
9180,0,67.30784431606594,67.30784431606594,100.0
9180,1,20.959555105888036,20.959555105888036,100.0
9180,2,11.732600578046014,11.732600578046014,100.0
9190,0,56.094792087699716,56.094792087699716,100.0
9190,1,9.070278362676106,9.070278362676106,100.0
9190,2,34.83492954962418,34.83492954962418,100.0
9200,0,38.19880769956917,38.19880769956917,100.0
9200,1,32.338619074069484,32.338619074069484,100.0
9200,2,29.462573226361343,29.462573226361343,100.0
9210,0,11.690364349047263,11.690364349047263,100.0
9210,1,12.003830756856077,12.003830756856077,100.0
9210,2,76.30580489409667,76.30580489409667,100.0
9220,0,50.10880812688738,50.10880812688738,100.0
9220,1,26.042554665475347,26.042554665475347,100.0
9220,2,23.848637207637278,23.848637207637278,100.0
9230,0,50.24589628182523,50.24589628182523,100.0
9230,1,11.441775420071156,11.441775420071156,100.0
9230,2,38.312328298103616,38.312328298103616,100.0
9240,0,40.08552337182983,40.08552337182983,100.0
9240,1,18.755536769776114,18.755536769776114,100.0
9240,2,41.15893985839406,41.15893985839406,100.0
9250,0,30.369995979606472,30.369995979606472,100.0
9250,1,16.131851660353103,16.131851660353103,100.0
9250,2,53.49815236004042,53.49815236004042,100.0
9260,0,13.15263143847,13.15263143847,100.0
9260,1,67.13646930091774,67.13646930091774,100.0
9260,2,19.710899260612262,19.710899260612262,100.0
9270,0,13.585826193361273,13.585826193361273,100.0
9270,1,13.089561014548881,13.089561014548881,100.0
9270,2,73.32461279208985,73.32461279208985,100.0
9280,0,34.07426311723496,34.07426311723496,100.0
9280,1,35.51663567097296,35.51663567097296,100.0
9280,2,30.409101211792066,30.409101211792066,100.0
9290,0,29.07050861868094,29.07050861868094,100.0
9290,1,53.593644191447375,53.593644191447375,100.0
9290,2,17.33584718987169,17.33584718987169,100.0
9300,0,41.8462628609026,41.8462628609026,100.0
9300,1,38.78615356501683,38.78615356501683,100.0
9300,2,19.367583574080566,19.367583574080566,100.0
9310,0,22.505562039755233,22.505562039755233,100.0
9310,1,23.719321465337746,23.719321465337746,100.0
9310,2,53.775116494907024,53.775116494907024,100.0
9320,0,34.77459147896859,34.77459147896859,100.0
9320,1,21.09065848808564,21.09065848808564,100.0
9320,2,44.13475003294577,44.13475003294577,100.0
9330,0,10.914097001377243,10.914097001377243,100.0
9330,1,11.184021053135703,11.184021053135703,100.0
9330,2,77.90188194548705,77.90188194548705,100.0
9340,0,43.64916184400961,43.64916184400961,100.0
9340,1,10.341851596747206,10.341851596747206,100.0
9340,2,46.00898655924318,46.00898655924318,100.0
9350,0,19.03936645362629,19.03936645362629,100.0
9350,1,61.54803344999319,61.54803344999319,100.0
9350,2,19.412600096380523,19.412600096380523,100.0
9360,0,28.57368664011905,28.57368664011905,100.0
9360,1,24.96980563499365,24.96980563499365,100.0
9360,2,46.4565077248873,46.4565077248873,100.0
9370,0,55.791958515158356,55.791958515158356,100.0
9370,1,17.052597096183703,17.052597096183703,100.0
9370,2,27.15544438865795,27.15544438865795,100.0
9380,0,51.002940091789775,51.002940091789775,100.0
9380,1,13.48049543276783,13.48049543276783,100.0
9380,2,35.516564475442394,35.516564475442394,100.0
9390,0,11.17302478349505,11.17302478349505,100.0
9390,1,11.339834408168569,11.339834408168569,100.0
9390,2,77.48714080833639,77.48714080833639,100.0
9400,0,30.202305928008684,30.202305928008684,100.0
9400,1,23.531386055254625,23.531386055254625,100.0
9400,2,46.26630801673669,46.26630801673669,100.0
9410,0,65.55885407076187,65.55885407076187,100.0
9410,1,12.511032244419514,12.511032244419514,100.0
9410,2,21.930113684818622,21.930113684818622,100.0
9420,0,45.512048095556416,45.512048095556416,100.0
9420,1,17.483445071219332,17.483445071219332,100.0
9420,2,37.00450683322426,37.00450683322426,100.0
9430,0,38.414875090695546,38.414875090695546,100.0
9430,1,19.826720403659564,19.826720403659564,100.0
9430,2,41.7584045056449,41.7584045056449,100.0
9440,0,42.98221779540376,42.98221779540376,100.0
9440,1,24.784185798253066,24.784185798253066,100.0
9440,2,32.23359640634318,32.23359640634318,100.0
9450,0,11.884097568233543,11.884097568233543,100.0
9450,1,11.740332518749396,11.740332518749396,100.0
9450,2,76.37556991301707,76.37556991301707,100.0
9460,0,75.3899733186847,75.3899733186847,100.0
9460,1,12.33033004702747,12.33033004702747,100.0
9460,2,12.279696634287832,12.279696634287832,100.0
9470,0,39.07772277461481,39.07772277461481,100.0
9470,1,41.78284666687385,41.78284666687385,100.0
9470,2,19.139430558511343,19.139430558511343,100.0
9480,0,38.09872544940025,38.09872544940025,100.0
9480,1,25.212298449334234,25.212298449334234,100.0
9480,2,36.68897610126552,36.68897610126552,100.0
9490,0,16.979495368387184,16.979495368387184,100.0
9490,1,27.038608518874657,27.038608518874657,100.0
9490,2,55.98189611273816,55.98189611273816,100.0
9500,0,33.83805373590304,33.83805373590304,100.0
9500,1,21.125988347735376,21.125988347735376,100.0
9500,2,45.03595791636158,45.03595791636158,100.0
9510,0,12.859529298324823,12.859529298324823,100.0
9510,1,13.430661168584408,13.430661168584408,100.0
9510,2,73.70980953309076,73.70980953309076,100.0
9520,0,34.28551460861771,34.28551460861771,100.0
9520,1,37.912267905770996,37.912267905770996,100.0
9520,2,27.80221748561129,27.80221748561129,100.0
9530,0,33.41056554315886,33.41056554315886,100.0
9530,1,51.47751323138675,51.47751323138675,100.0
9530,2,15.111921225454392,15.111921225454392,100.0
9540,0,44.4910093774982,44.4910093774982,100.0
9540,1,13.226326684351852,13.226326684351852,100.0
9540,2,42.28266393814996,42.28266393814996,100.0
9550,0,30.885768797775388,30.885768797775388,100.0
9550,1,31.514848595897067,31.514848595897067,100.0
9550,2,37.59938260632755,37.59938260632755,100.0
9560,0,39.12252698618979,39.12252698618979,100.0
9560,1,28.7713673990661,28.7713673990661,100.0
9560,2,32.106105614744116,32.106105614744116,100.0
9570,0,11.337467517735469,11.337467517735469,100.0
9570,1,12.01972996469817,12.01972996469817,100.0
9570,2,76.64280251756637,76.64280251756637,100.0
9580,0,15.005611635507327,15.005611635507327,100.0
9580,1,17.361020861667832,17.361020861667832,100.0
9580,2,67.63336750282485,67.63336750282485,100.0
9590,0,35.8497215410005,35.8497215410005,100.0
9590,1,52.74716838718948,52.74716838718948,100.0
9590,2,11.40311007181003,11.40311007181003,100.0
9600,0,31.825434605947677,31.825434605947677,100.0
9600,1,23.316641756129187,23.316641756129187,100.0
9600,2,44.85792363792313,44.85792363792313,100.0
9610,0,33.21298249607405,33.21298249607405,100.0
9610,1,47.47959992607317,47.47959992607317,100.0
9610,2,19.30741757785279,19.30741757785279,100.0
9620,0,21.30575237113445,21.30575237113445,100.0
9620,1,55.88888625558741,55.88888625558741,100.0
9620,2,22.805361373278142,22.805361373278142,100.0
9630,0,11.268174513317387,11.268174513317387,100.0
9630,1,11.588571635421852,11.588571635421852,100.0
9630,2,77.14325385126077,77.14325385126077,100.0
9640,0,24.315537675465006,24.315537675465006,100.0
9640,1,21.186249953082168,21.186249953082168,100.0
9640,2,54.49821237145284,54.49821237145284,100.0
9650,0,60.9734843581913,60.9734843581913,100.0
9650,1,11.601586536630965,11.601586536630965,100.0
9650,2,27.424929105177736,27.424929105177736,100.0
9660,0,27.0379390103993,27.0379390103993,100.0
9660,1,40.41119812224195,40.41119812224195,100.0
9660,2,32.55086286735875,32.55086286735875,100.0
9670,0,26.36182016193788,26.36182016193788,100.0
9670,1,41.8466963051526,41.8466963051526,100.0
9670,2,31.791483532909524,31.791483532909524,100.0
9680,0,40.64884487034687,40.64884487034687,100.0
9680,1,14.850298280731028,14.850298280731028,100.0
9680,2,44.5008568489221,44.5008568489221,100.0
9690,0,11.013725248616533,11.013725248616533,100.0
9690,1,11.504818991346342,11.504818991346342,100.0
9690,2,77.48145576003714,77.48145576003714,100.0
9700,0,43.14902505223648,43.14902505223648,100.0
9700,1,11.515002875716267,11.515002875716267,100.0
9700,2,45.33597207204726,45.33597207204726,100.0
9710,0,59.28461266535944,59.28461266535944,100.0
9710,1,21.16065615651081,21.16065615651081,100.0
9710,2,19.554731178129757,19.554731178129757,100.0
9720,0,22.759860039227885,22.759860039227885,100.0
9720,1,63.30314315287263,63.30314315287263,100.0
9720,2,13.936996807899476,13.936996807899476,100.0
9730,0,25.354435492033804,25.354435492033804,100.0
9730,1,34.9042462995049,34.9042462995049,100.0
9730,2,39.7413182084613,39.7413182084613,100.0
9740,0,17.05723969504656,17.05723969504656,100.0
9740,1,53.51055680711746,53.51055680711746,100.0
9740,2,29.432203497835978,29.432203497835978,100.0
9750,0,11.088968895678997,11.088968895678997,100.0
9750,1,10.986006608528301,10.986006608528301,100.0
9750,2,77.92502449579271,77.92502449579271,100.0
9760,0,37.879907347118596,37.879907347118596,100.0
9760,1,32.365623804815755,32.365623804815755,100.0
9760,2,29.754468848065645,29.754468848065645,100.0
9770,0,43.852355077234044,43.852355077234044,100.0
9770,1,25.692885638792422,25.692885638792422,100.0
9770,2,30.454759283973537,30.454759283973537,100.0
9780,0,17.78105767118719,17.78105767118719,100.0
9780,1,40.02563668783522,40.02563668783522,100.0
9780,2,42.1933056409776,42.1933056409776,100.0
9790,0,70.0088137442194,70.0088137442194,100.0
9790,1,17.990040329626815,17.990040329626815,100.0
9790,2,12.001145926153788,12.001145926153788,100.0
9800,0,50.42731544431378,50.42731544431378,100.0
9800,1,23.4974739866389,23.4974739866389,100.0
9800,2,26.075210569047307,26.075210569047307,100.0
9810,0,12.12874052727586,12.12874052727586,100.0
9810,1,12.51476027699841,12.51476027699841,100.0
9810,2,75.35649919572572,75.35649919572572,100.0
9820,0,40.803761305565686,40.803761305565686,100.0
9820,1,30.502443695746926,30.502443695746926,100.0
9820,2,28.693794998687384,28.693794998687384,100.0
9830,0,26.809838291505255,26.809838291505255,100.0
9830,1,28.43426296628209,28.43426296628209,100.0
9830,2,44.75589874221265,44.75589874221265,100.0
9840,0,51.29804286825909,51.29804286825909,100.0
9840,1,24.408268635752645,24.408268635752645,100.0
9840,2,24.293688495988278,24.293688495988278,100.0
9850,0,22.04628124479987,22.04628124479987,100.0
9850,1,52.95898122155707,52.95898122155707,100.0
9850,2,24.994737533643075,24.994737533643075,100.0
9860,0,64.5223112893993,64.5223112893993,100.0
9860,1,15.11056356334235,15.11056356334235,100.0
9860,2,20.367125147258353,20.367125147258353,100.0
9870,0,13.865311533291555,13.865311533291555,100.0
9870,1,13.267391985435875,13.267391985435875,100.0
9870,2,72.86729648127258,72.86729648127258,100.0
9880,0,65.31527094923229,65.31527094923229,100.0
9880,1,17.555468216451132,17.555468216451132,100.0
9880,2,17.129260834316582,17.129260834316582,100.0
9890,0,62.23916300377551,62.23916300377551,100.0
9890,1,15.869892081241632,15.869892081241632,100.0
9890,2,21.890944914982853,21.890944914982853,100.0
9900,0,22.260781190634255,22.260781190634255,100.0
9900,1,20.385316786483322,20.385316786483322,100.0
9900,2,57.35390202288243,57.35390202288243,100.0
9910,0,42.11293065023271,42.11293065023271,100.0
9910,1,10.066832027102048,10.066832027102048,100.0
9910,2,47.820237322665236,47.820237322665236,100.0
9920,0,16.96047494737142,16.96047494737142,100.0
9920,1,18.0227632146264,18.0227632146264,100.0
9920,2,65.01676183800218,65.01676183800218,100.0
9930,0,10.88875121925128,10.88875121925128,100.0
9930,1,10.890323259519938,10.890323259519938,100.0
9930,2,78.22092552122878,78.22092552122878,100.0
9940,0,53.9343671438927,53.9343671438927,100.0
9940,1,24.09766332287192,24.09766332287192,100.0
9940,2,21.967969533235372,21.967969533235372,100.0
9950,0,51.077717140298454,51.077717140298454,100.0
9950,1,19.13894353718836,19.13894353718836,100.0
9950,2,29.783339322513186,29.783339322513186,100.0
9960,0,27.72729035634251,27.72729035634251,100.0
9960,1,26.872844590510486,26.872844590510486,100.0
9960,2,45.39986505314701,45.39986505314701,100.0
9970,0,66.17585693866646,66.17585693866646,100.0
9970,1,13.642723018787162,13.642723018787162,100.0
9970,2,20.18142004254638,20.18142004254638,100.0
9980,0,37.63220310886123,37.63220310886123,100.0
9980,1,26.203072409510327,26.203072409510327,100.0
9980,2,36.16472448162843,36.16472448162843,100.0
9990,0,11.23117165609122,11.23117165609122,100.0
9990,1,11.539902650165896,11.539902650165896,100.0
9990,2,77.2289256937429,77.2289256937429,100.0
