timestamp,sliceId,dedicatedPRB,minPRB,maxPRB
510,0,46.32005445214838,46.32005445214838,100.0
510,1,30.35628008531402,30.35628008531402,100.0
510,2,23.323665462537594,23.323665462537594,100.0
520,0,23.126773841418135,23.126773841418135,100.0
520,1,25.490830264509455,25.490830264509455,100.0
520,2,51.38239589407241,51.38239589407241,100.0
530,0,38.43185293954852,38.43185293954852,100.0
530,1,39.27032533659464,39.27032533659464,100.0
530,2,22.297821723856842,22.297821723856842,100.0
540,0,23.266208496958907,23.266208496958907,100.0
540,1,33.59155022765318,33.59155022765318,100.0
540,2,43.14224127538792,43.14224127538792,100.0
550,0,36.193257874264496,36.193257874264496,100.0
550,1,30.662118565848196,30.662118565848196,100.0
550,2,33.144623559887314,33.144623559887314,100.0
560,0,33.96005731047288,33.96005731047288,100.0
560,1,42.004623725001835,42.004623725001835,100.0
560,2,24.035318964525292,24.035318964525292,100.0
570,0,27.864899291252883,27.864899291252883,100.0
570,1,41.500847714240635,41.500847714240635,100.0
570,2,30.634252994506483,30.634252994506483,100.0
580,0,36.06608856002838,36.06608856002838,100.0
580,1,24.15232117056972,24.15232117056972,100.0
580,2,39.7815902694019,39.7815902694019,100.0
590,0,30.1735239680101,30.1735239680101,100.0
590,1,44.402664402871984,44.402664402871984,100.0
590,2,25.42381162911791,25.42381162911791,100.0
600,0,25.563788451383974,25.563788451383974,100.0
600,1,30.4195582357273,30.4195582357273,100.0
600,2,44.016653312888735,44.016653312888735,100.0
610,0,43.14974911874147,43.14974911874147,100.0
610,1,26.481762355272426,26.481762355272426,100.0
610,2,30.368488525986102,30.368488525986102,100.0
620,0,36.34457301325947,36.34457301325947,100.0
620,1,39.81226167533536,39.81226167533536,100.0
620,2,23.843165311405173,23.843165311405173,100.0
630,0,25.456987501308802,25.456987501308802,100.0
630,1,32.148718363852815,32.148718363852815,100.0
630,2,42.394294134838375,42.394294134838375,100.0
640,0,24.324954969819164,24.324954969819164,100.0
640,1,41.36559833635731,41.36559833635731,100.0
640,2,34.30944669382354,34.30944669382354,100.0
650,0,34.73846132166018,34.73846132166018,100.0
650,1,35.468162643195654,35.468162643195654,100.0
650,2,29.79337603514417,29.79337603514417,100.0
660,0,29.350328539358173,29.350328539358173,100.0
660,1,46.11782373799984,46.11782373799984,100.0
660,2,24.531847722641984,24.531847722641984,100.0
670,0,22.593935232589683,22.593935232589683,100.0
670,1,39.664705876847464,39.664705876847464,100.0
670,2,37.74135889056286,37.74135889056286,100.0
680,0,38.61158241635473,38.61158241635473,100.0
680,1,32.370575304222974,32.370575304222974,100.0
680,2,29.0178422794223,29.0178422794223,100.0
690,0,27.732587799877994,27.732587799877994,100.0
690,1,33.936362479145814,33.936362479145814,100.0
690,2,38.3310497209762,38.3310497209762,100.0
700,0,29.5662615809993,29.5662615809993,100.0
700,1,31.61915669269525,31.61915669269525,100.0
700,2,38.814581726305455,38.814581726305455,100.0
710,0,21.50401788420533,21.50401788420533,100.0
710,1,37.49703711698819,37.49703711698819,100.0
710,2,40.998944998806486,40.998944998806486,100.0
720,0,22.26944249667191,22.26944249667191,100.0
720,1,39.42288250075943,39.42288250075943,100.0
720,2,38.307675002568665,38.307675002568665,100.0
730,0,33.308082612056886,33.308082612056886,100.0
730,1,27.43746820880732,27.43746820880732,100.0
730,2,39.254449179135804,39.254449179135804,100.0
740,0,36.18110815102485,36.18110815102485,100.0
740,1,30.051982268912212,30.051982268912212,100.0
740,2,33.76690958006293,33.76690958006293,100.0
750,0,25.212706939686928,25.212706939686928,100.0
750,1,42.1762029590473,42.1762029590473,100.0
750,2,32.611090101265766,32.611090101265766,100.0
760,0,23.739325461613596,23.739325461613596,100.0
760,1,42.85422961613757,42.85422961613757,100.0
760,2,33.40644492224884,33.40644492224884,100.0
770,0,37.48226702184926,37.48226702184926,100.0
770,1,30.453007516781465,30.453007516781465,100.0
770,2,32.06472546136927,32.06472546136927,100.0
780,0,22.70516692637665,22.70516692637665,100.0
780,1,43.47979400531376,43.47979400531376,100.0
780,2,33.815039068309595,33.815039068309595,100.0
790,0,29.854299464726086,29.854299464726086,100.0
790,1,43.31538114314968,43.31538114314968,100.0
790,2,26.830319392124235,26.830319392124235,100.0
800,0,32.59725727261543,32.59725727261543,100.0
800,1,29.589055323186546,29.589055323186546,100.0
800,2,37.81368740419803,37.81368740419803,100.0
810,0,24.70620994547032,24.70620994547032,100.0
810,1,52.598996820852186,52.598996820852186,100.0
810,2,22.694793233677494,22.694793233677494,100.0
820,0,32.58050088693796,32.58050088693796,100.0
820,1,25.314540911172877,25.314540911172877,100.0
820,2,42.10495820188917,42.10495820188917,100.0
830,0,34.2528596941985,34.2528596941985,100.0
830,1,29.073655096260158,29.073655096260158,100.0
830,2,36.67348520954135,36.67348520954135,100.0
840,0,32.50958292965007,32.50958292965007,100.0
840,1,43.831175438406824,43.831175438406824,100.0
840,2,23.65924163194311,23.65924163194311,100.0
850,0,37.10629243351175,37.10629243351175,100.0
850,1,33.59315138504386,33.59315138504386,100.0
850,2,29.300556181444392,29.300556181444392,100.0
860,0,29.652102277700088,29.652102277700088,100.0
860,1,44.489996861934515,44.489996861934515,100.0
860,2,25.8579008603654,25.8579008603654,100.0
870,0,26.65593264974586,26.65593264974586,100.0
870,1,26.50039631132286,26.50039631132286,100.0
870,2,46.84367103893128,46.84367103893128,100.0
880,0,26.111583770843204,26.111583770843204,100.0
880,1,35.63106102935449,35.63106102935449,100.0
880,2,38.25735519980231,38.25735519980231,100.0
890,0,43.2981670208854,43.2981670208854,100.0
890,1,33.87318523918488,33.87318523918488,100.0
890,2,22.828647739929718,22.828647739929718,100.0
900,0,36.19348595252767,36.19348595252767,100.0
900,1,35.75812707387253,35.75812707387253,100.0
900,2,28.048386973599793,28.048386973599793,100.0
910,0,43.54368998172515,43.54368998172515,100.0
910,1,29.13978236650937,29.13978236650937,100.0
910,2,27.316527651765483,27.316527651765483,100.0
920,0,21.973343725586545,21.973343725586545,100.0
920,1,38.82353266052574,38.82353266052574,100.0
920,2,39.20312361388771,39.20312361388771,100.0
930,0,48.52371670188072,48.52371670188072,100.0
930,1,29.518227260309725,29.518227260309725,100.0
930,2,21.95805603780955,21.95805603780955,100.0
940,0,25.026505853268855,25.026505853268855,100.0
940,1,36.209898940908644,36.209898940908644,100.0
940,2,38.76359520582251,38.76359520582251,100.0
950,0,40.43427933404864,40.43427933404864,100.0
950,1,37.942476739205745,37.942476739205745,100.0
950,2,21.62324392674562,21.62324392674562,100.0
960,0,36.86638208944399,36.86638208944399,100.0
960,1,40.31339080744127,40.31339080744127,100.0
960,2,22.820227103114743,22.820227103114743,100.0
970,0,50.73549817978119,50.73549817978119,100.0
970,1,30.541932774708837,30.541932774708837,100.0
970,2,18.722569045509978,18.722569045509978,100.0
980,0,44.40630680172214,44.40630680172214,100.0
980,1,34.02348738955007,34.02348738955007,100.0
980,2,21.570205808727792,21.570205808727792,100.0
990,0,27.72296396222309,27.72296396222309,100.0
990,1,33.69227427603164,33.69227427603164,100.0
990,2,38.58476176174527,38.58476176174527,100.0
1000,0,28.190820325933284,28.190820325933284,100.0
1000,1,38.71103943812008,38.71103943812008,100.0
1000,2,33.09814023594664,33.09814023594664,100.0
1010,0,28.585844432740217,28.585844432740217,100.0
1010,1,30.678040764611435,30.678040764611435,100.0
1010,2,40.73611480264835,40.73611480264835,100.0
1020,0,44.93524829576609,44.93524829576609,100.0
1020,1,35.86243817602243,35.86243817602243,100.0
1020,2,19.20231352821149,19.20231352821149,100.0
1030,0,25.21410173587887,25.21410173587887,100.0
1030,1,52.766592444338656,52.766592444338656,100.0
1030,2,22.01930581978248,22.01930581978248,100.0
1040,0,31.12388914574294,31.12388914574294,100.0
1040,1,27.762912050549776,27.762912050549776,100.0
1040,2,41.11319880370729,41.11319880370729,100.0
1050,0,32.631604862554454,32.631604862554454,100.0
1050,1,44.29540912236871,44.29540912236871,100.0
1050,2,23.07298601507684,23.07298601507684,100.0
1060,0,39.889593982371565,39.889593982371565,100.0
1060,1,40.02872274122433,40.02872274122433,100.0
1060,2,20.081683276404107,20.081683276404107,100.0
1070,0,25.886002935378947,25.886002935378947,100.0
1070,1,41.63444933768666,41.63444933768666,100.0
1070,2,32.479547726934385,32.479547726934385,100.0
1080,0,38.742656866749634,38.742656866749634,100.0
1080,1,28.631235471176865,28.631235471176865,100.0
1080,2,32.6261076620735,32.6261076620735,100.0
1090,0,29.581309116719055,29.581309116719055,100.0
1090,1,44.08745372505044,44.08745372505044,100.0
1090,2,26.331237158230504,26.331237158230504,100.0
1100,0,51.23173888795056,51.23173888795056,100.0
1100,1,29.412147501299547,29.412147501299547,100.0
1100,2,19.356113610749894,19.356113610749894,100.0
1110,0,48.14268453768952,48.14268453768952,100.0
1110,1,30.12249992266093,30.12249992266093,100.0
1110,2,21.734815539649553,21.734815539649553,100.0
1120,0,35.3071108411399,35.3071108411399,100.0
1120,1,35.17636671998739,35.17636671998739,100.0
1120,2,29.516522438872705,29.516522438872705,100.0
1130,0,42.86447693685,42.86447693685,100.0
1130,1,30.988442826735856,30.988442826735856,100.0
1130,2,26.14708023641415,26.14708023641415,100.0
1140,0,37.833996228462745,37.833996228462745,100.0
1140,1,38.86646983811256,38.86646983811256,100.0
1140,2,23.299533933424705,23.299533933424705,100.0
1150,0,33.282983063912276,33.282983063912276,100.0
1150,1,44.59250729528472,44.59250729528472,100.0
1150,2,22.124509640803,22.124509640803,100.0
1160,0,44.22435769485644,44.22435769485644,100.0
1160,1,25.963515596959063,25.963515596959063,100.0
1160,2,29.81212670818451,29.81212670818451,100.0
1170,0,34.45608829624762,34.45608829624762,100.0
1170,1,40.08764183922264,40.08764183922264,100.0
1170,2,25.456269864529734,25.456269864529734,100.0
1180,0,42.11820352459089,42.11820352459089,100.0
1180,1,32.76241113637553,32.76241113637553,100.0
1180,2,25.119385339033578,25.119385339033578,100.0
1190,0,46.590868106551085,46.590868106551085,100.0
1190,1,34.212455986900636,34.212455986900636,100.0
1190,2,19.196675906548275,19.196675906548275,100.0
1200,0,36.1138042911794,36.1138042911794,100.0
1200,1,27.54716051057834,27.54716051057834,100.0
1200,2,36.339035198242264,36.339035198242264,100.0
1210,0,43.03608451978774,43.03608451978774,100.0
1210,1,37.733836704173804,37.733836704173804,100.0
1210,2,19.23007877603845,19.23007877603845,100.0
1220,0,29.602108477739115,29.602108477739115,100.0
1220,1,39.37913973258173,39.37913973258173,100.0
1220,2,31.018751789679165,31.018751789679165,100.0
1230,0,28.721467062354446,28.721467062354446,100.0
1230,1,35.30754551520662,35.30754551520662,100.0
1230,2,35.97098742243894,35.97098742243894,100.0
1240,0,25.61115025140156,25.61115025140156,100.0
1240,1,26.91315974140774,26.91315974140774,100.0
1240,2,47.47569000719069,47.47569000719069,100.0
1250,0,43.23438151444199,43.23438151444199,100.0
1250,1,25.294416076582003,25.294416076582003,100.0
1250,2,31.471202408976005,31.471202408976005,100.0
1260,0,30.919983236471666,30.919983236471666,100.0
1260,1,34.28083471137296,34.28083471137296,100.0
1260,2,34.79918205215538,34.79918205215538,100.0
1270,0,27.480129144774075,27.480129144774075,100.0
1270,1,33.163862541502084,33.163862541502084,100.0
1270,2,39.35600831372385,39.35600831372385,100.0
1280,0,30.797313000032656,30.797313000032656,100.0
1280,1,29.95028679644141,29.95028679644141,100.0
1280,2,39.25240020352594,39.25240020352594,100.0
1290,0,41.6408037013664,41.6408037013664,100.0
1290,1,26.8996003932291,26.8996003932291,100.0
1290,2,31.4595959054045,31.4595959054045,100.0
1300,0,44.54135968652473,44.54135968652473,100.0
1300,1,28.668878397112284,28.668878397112284,100.0
1300,2,26.78976191636299,26.78976191636299,100.0
1310,0,42.63077472629864,42.63077472629864,100.0
1310,1,33.97925778215882,33.97925778215882,100.0
1310,2,23.389967491542553,23.389967491542553,100.0
1320,0,52.67248104675344,52.67248104675344,100.0
1320,1,25.698172923274054,25.698172923274054,100.0
1320,2,21.629346029972513,21.629346029972513,100.0
1330,0,46.21748926466462,46.21748926466462,100.0
1330,1,27.30779194718369,27.30779194718369,100.0
1330,2,26.474718788151684,26.474718788151684,100.0
1340,0,30.94885373399431,30.94885373399431,100.0
1340,1,38.71788713328623,38.71788713328623,100.0
1340,2,30.33325913271946,30.33325913271946,100.0
1350,0,35.513387712471435,35.513387712471435,100.0
1350,1,32.94663345565348,32.94663345565348,100.0
1350,2,31.539978831875082,31.539978831875082,100.0
1360,0,37.66683711033523,37.66683711033523,100.0
1360,1,42.74625072960948,42.74625072960948,100.0
1360,2,19.58691216005529,19.58691216005529,100.0
1370,0,45.35740318601981,45.35740318601981,100.0
1370,1,28.062458234741605,28.062458234741605,100.0
1370,2,26.580138579238593,26.580138579238593,100.0
1380,0,26.6160208947354,26.6160208947354,100.0
1380,1,49.51411937070926,49.51411937070926,100.0
1380,2,23.869859734555344,23.869859734555344,100.0
1390,0,40.672006435014175,40.672006435014175,100.0
1390,1,37.11194509401618,37.11194509401618,100.0
1390,2,22.216048470969653,22.216048470969653,100.0
1400,0,30.003568475297726,30.003568475297726,100.0
1400,1,42.09469416249082,42.09469416249082,100.0
1400,2,27.901737362211453,27.901737362211453,100.0
1410,0,41.3261840502196,41.3261840502196,100.0
1410,1,36.10891408805501,36.10891408805501,100.0
1410,2,22.56490186172539,22.56490186172539,100.0
1420,0,27.047891696359905,27.047891696359905,100.0
1420,1,35.085010704163764,35.085010704163764,100.0
1420,2,37.86709759947633,37.86709759947633,100.0
1430,0,24.818552525388682,24.818552525388682,100.0
1430,1,47.504709527322966,47.504709527322966,100.0
1430,2,27.676737947288366,27.676737947288366,100.0
1440,0,34.40911197665684,34.40911197665684,100.0
1440,1,44.25967109813708,44.25967109813708,100.0
1440,2,21.331216925206093,21.331216925206093,100.0
1450,0,41.73162887220233,41.73162887220233,100.0
1450,1,27.373974016141045,27.373974016141045,100.0
1450,2,30.89439711165663,30.89439711165663,100.0
1460,0,32.73481600562267,32.73481600562267,100.0
1460,1,32.51751437940481,32.51751437940481,100.0
1460,2,34.747669614972516,34.747669614972516,100.0
1470,0,41.45019720986119,41.45019720986119,100.0
1470,1,36.49113662303772,36.49113662303772,100.0
1470,2,22.058666167101087,22.058666167101087,100.0
1480,0,33.060239460368166,33.060239460368166,100.0
1480,1,34.76882437508889,34.76882437508889,100.0
1480,2,32.170936164542944,32.170936164542944,100.0
1490,0,46.923120173553926,46.923120173553926,100.0
1490,1,34.74099120958367,34.74099120958367,100.0
1490,2,18.335888616862405,18.335888616862405,100.0
1500,0,45.78198198132939,45.78198198132939,100.0
1500,1,27.125859521601093,27.125859521601093,100.0
1500,2,27.092158497069523,27.092158497069523,100.0
