timestamp,ueImsi,sliceId,dTxBytes,dRxBytes,plr,resourceSharePct,dLostPackets,throughputMbps,bufferBytes
1510,1,0,18336,0,100.00,25.93,12,0.0000,1668159
1510,2,0,18336,1528,91.67,25.93,11,1.2224,1455256
1510,3,0,18336,4584,75.00,25.93,9,3.6672,1126045
1510,4,0,18336,0,100.00,25.93,12,0.0000,1316228
1510,5,0,18336,0,100.00,25.93,12,0.0000,1725145
1510,6,1,390,390,0.00,52.99,0,0.3120,87
1510,7,1,390,0,100.00,52.99,5,0.0000,681
1510,8,1,390,390,0.00,52.99,0,0.3120,87
1510,9,1,390,234,40.00,52.99,2,0.1872,169
1510,10,1,390,0,100.00,52.99,5,0.0000,2875
1510,11,2,384,256,33.33,21.08,1,0.2048,42
1510,12,2,384,256,33.33,21.08,1,0.2048,137
1510,13,2,384,256,33.33,21.08,1,0.2048,137
1510,14,2,384,256,33.33,21.08,1,0.2048,137
1510,15,2,384,256,33.33,21.08,1,0.2048,103
1510,16,2,384,0,100.00,21.08,3,0.0000,813
1510,17,2,384,256,33.33,21.08,1,0.2048,137
1510,18,2,384,0,100.00,21.08,3,0.0000,285
1510,19,2,384,256,33.33,21.08,1,0.2048,137
1510,20,2,384,0,100.00,21.08,3,0.0000,137
