timestamp,ueImsi,sliceId,dTxBytes,dRxBytes,plr,resourceSharePct,dLostPackets,throughputMbps,bufferBytes
3530,1,0,24448,3056,87.50,24.02,14,2.4448,6944600
3530,2,0,24448,3056,87.50,24.02,14,2.4448,6944624
3530,3,0,24448,1528,93.75,24.02,15,1.2224,6944399
3530,4,0,24448,1528,93.75,24.02,15,1.2224,6944119
3530,5,0,24448,1528,93.75,24.02,15,1.2224,6944172
3530,6,1,390,390,0.00,30.04,0,0.3120,87
3530,7,1,390,390,0.00,30.04,0,0.3120,87
3530,8,1,390,390,0.00,30.04,0,0.3120,87
3530,9,1,390,390,0.00,30.04,0,0.3120,87
3530,10,1,390,390,0.00,30.04,0,0.3120,87
3530,11,2,16000,2560,84.00,45.94,105,2.0480,4228489
3530,12,2,16000,2560,84.00,45.94,105,2.0480,4228632
3530,13,2,16000,2560,84.00,45.94,105,2.0480,4228496
3530,14,2,16000,2560,84.00,45.94,105,2.0480,4228359
3530,15,2,16000,2560,84.00,45.94,105,2.0480,4228434
3530,16,2,16000,2304,85.60,45.94,107,1.8432,4228522
3530,17,2,16000,2432,84.80,45.94,106,1.9456,4228355
3530,18,2,16000,2304,85.60,45.94,107,1.8432,4228515
3530,19,2,16000,2432,84.80,45.94,106,1.9456,4228400
3530,20,2,16000,2432,84.80,45.94,106,1.9456,4228428
