timestamp,ueImsi,sliceId,dTxBytes,dRxBytes,plr,resourceSharePct,dLostPackets,throughputMbps,bufferBytes
1510,1,0,18336,15280,16.67,28.40,2,12.2240,4296
1510,2,0,18336,10696,41.67,28.40,5,8.5568,538621
1510,3,0,18336,12224,33.33,28.40,4,9.7792,193794
1510,4,0,18336,6112,66.67,28.40,8,4.8896,1050460
1510,5,0,18336,0,100.00,28.40,12,0.0000,1697013
1510,6,1,390,0,100.00,47.17,5,0.0000,169
1510,7,1,390,390,0.00,47.17,0,0.3120,87
1510,8,1,390,312,20.00,47.17,1,0.2496,169
1510,9,1,390,0,100.00,47.17,5,0.0000,169
1510,10,1,390,390,0.00,47.17,0,0.3120,87
1510,11,2,384,256,33.33,24.43,1,0.2048,77
1510,12,2,384,256,33.33,24.43,1,0.2048,27
1510,13,2,384,256,33.33,24.43,1,0.2048,137
1510,14,2,384,0,100.00,24.43,3,0.0000,269
1510,15,2,384,256,33.33,24.43,1,0.2048,137
1510,16,2,384,256,33.33,24.43,1,0.2048,137
1510,17,2,384,256,33.33,24.43,1,0.2048,27
1510,18,2,384,0,100.00,24.43,3,0.0000,137
1510,19,2,384,256,33.33,24.43,1,0.2048,137
1510,20,2,384,256,33.33,24.43,1,0.2048,137
