timestamp,sliceId,dedicatedPRB,minPRB,maxPRB
510,0,25.862042064538844,25.862042064538844,100.0
510,1,26.04240301075454,26.04240301075454,100.0
510,2,48.09555492470662,48.09555492470662,100.0
520,0,24.03852405110652,24.03852405110652,100.0
520,1,43.57787435948518,43.57787435948518,100.0
520,2,32.38360158940831,32.38360158940831,100.0
530,0,24.806137108598627,24.806137108598627,100.0
530,1,35.055315918465844,35.055315918465844,100.0
530,2,40.13854697293553,40.13854697293553,100.0
540,0,23.929845017780217,23.929845017780217,100.0
540,1,52.029194234473586,52.029194234473586,100.0
540,2,24.040960747746208,24.040960747746208,100.0
550,0,37.592378624220565,37.592378624220565,100.0
550,1,40.24511127486902,40.24511127486902,100.0
550,2,22.16251010091042,22.16251010091042,100.0
