timestamp,sliceId,dedicatedPRB,minPRB,maxPRB,algorithm
510,0,26.665,26.665,100.0,0
510,1,50.0,50.0,100.0,0
510,2,23.335,23.335,100.0,0
520,0,36.665000000000006,36.665000000000006,100.0,2
520,1,20.0,20.0,100.0,2
520,2,43.335,43.335,100.0,2
530,0,41.665,41.665,100.0,0
530,1,20.000000000000004,20.000000000000004,100.0,0
530,2,38.335,38.335,100.0,0
540,0,61.665000000000006,61.665000000000006,100.0,2
540,1,20.0,20.0,100.0,2
540,2,18.335,18.335,100.0,2
550,0,61.665000000000006,61.665000000000006,100.0,2
550,1,20.0,20.0,100.0,2
550,2,18.335,18.335,100.0,2
