timestamp,ueImsi,sliceId,dTxBytes,dRxBytes,plr,resourceSharePct,dLostPackets,throughputMbps,bufferBytes
1510,1,0,18336,0,100.00,27.73,12,0.0000,1712485
1510,2,0,18336,3056,83.33,27.73,10,2.4448,1488042
1510,3,0,18336,4584,75.00,27.73,9,3.6672,1191097
1510,4,0,18336,4584,75.00,27.73,9,3.6672,1392951
1510,5,0,18336,0,100.00,27.73,12,0.0000,1699316
1510,6,1,390,390,0.00,40.34,0,0.3120,87
1510,7,1,390,0,100.00,40.34,5,0.0000,251
1510,8,1,390,390,0.00,40.34,0,0.3120,87
1510,9,1,390,234,40.00,40.34,2,0.1872,87
1510,10,1,390,0,100.00,40.34,5,0.0000,661
1510,11,2,384,256,33.33,31.93,1,0.2048,137
1510,12,2,384,256,33.33,31.93,1,0.2048,137
1510,13,2,384,256,33.33,31.93,1,0.2048,137
1510,14,2,384,256,33.33,31.93,1,0.2048,137
1510,15,2,384,256,33.33,31.93,1,0.2048,66
1510,16,2,384,0,100.00,31.93,3,0.0000,137
1510,17,2,384,256,33.33,31.93,1,0.2048,137
1510,18,2,384,0,100.00,31.93,3,0.0000,269
1510,19,2,384,256,33.33,31.93,1,0.2048,137
1510,20,2,384,0,100.00,31.93,3,0.0000,137
