timestamp,sliceId,dedicatedPRB,minPRB,maxPRB
510,0,27.692646333521925,27.692646333521925,100.0
510,1,28.953959457690726,28.953959457690726,100.0
510,2,43.35339420878736,43.35339420878736,100.0
520,0,48.904108131299665,48.904108131299665,100.0
520,1,32.83570645835722,32.83570645835722,100.0
520,2,18.260185410343116,18.260185410343116,100.0
530,0,43.528253071316634,43.528253071316634,100.0
530,1,34.11916819374665,34.11916819374665,100.0
530,2,22.352578734936706,22.352578734936706,100.0
540,0,40.90181323490386,40.90181323490386,100.0
540,1,28.185985206597707,28.185985206597707,100.0
540,2,30.91220155849843,30.91220155849843,100.0
550,0,42.384260840106535,42.384260840106535,100.0
550,1,26.23861007784274,26.23861007784274,100.0
550,2,31.377129082050725,31.377129082050725,100.0
560,0,37.11655684297654,37.11655684297654,100.0
560,1,30.800227668936436,30.800227668936436,100.0
560,2,32.08321548808703,32.08321548808703,100.0
570,0,30.049610429204222,30.049610429204222,100.0
570,1,32.42276360905304,32.42276360905304,100.0
570,2,37.527625961742736,37.527625961742736,100.0
580,0,31.700806939159087,31.700806939159087,100.0
580,1,43.24227846018458,43.24227846018458,100.0
580,2,25.056914600656334,25.056914600656334,100.0
590,0,22.503870478158824,22.503870478158824,100.0
590,1,41.53520051134688,41.53520051134688,100.0
590,2,35.96092901049429,35.96092901049429,100.0
600,0,39.61992982158029,39.61992982158029,100.0
600,1,31.66621629302781,31.66621629302781,100.0
600,2,28.71385388539189,28.71385388539189,100.0
610,0,35.389908745124096,35.389908745124096,100.0
610,1,42.33246548017112,42.33246548017112,100.0
610,2,22.27762577470478,22.27762577470478,100.0
620,0,31.01279474110166,31.01279474110166,100.0
620,1,39.166428015536994,39.166428015536994,100.0
620,2,29.82077724336134,29.82077724336134,100.0
630,0,31.384967770149117,31.384967770149117,100.0
630,1,42.65076290181666,42.65076290181666,100.0
630,2,25.964269328034216,25.964269328034216,100.0
640,0,24.34380825892477,24.34380825892477,100.0
640,1,53.88099581142449,53.88099581142449,100.0
640,2,21.775195929650735,21.775195929650735,100.0
650,0,36.641229952274514,36.641229952274514,100.0
650,1,41.99393594075115,41.99393594075115,100.0
650,2,21.364834106974335,21.364834106974335,100.0
660,0,40.32279787321671,40.32279787321671,100.0
660,1,36.63833581782943,36.63833581782943,100.0
660,2,23.038866308953864,23.038866308953864,100.0
670,0,28.264080745303826,28.264080745303826,100.0
670,1,29.677791319869463,29.677791319869463,100.0
670,2,42.05812793482671,42.05812793482671,100.0
680,0,40.010529495436884,40.010529495436884,100.0
680,1,36.658518149718674,36.658518149718674,100.0
680,2,23.330952354844452,23.330952354844452,100.0
690,0,33.48438569902472,33.48438569902472,100.0
690,1,26.95082592379718,26.95082592379718,100.0
690,2,39.56478837717811,39.56478837717811,100.0
700,0,25.908818421525392,25.908818421525392,100.0
700,1,36.61507969405235,36.61507969405235,100.0
700,2,37.47610188442225,37.47610188442225,100.0
710,0,26.45257973639711,26.45257973639711,100.0
710,1,34.6029011935876,34.6029011935876,100.0
710,2,38.944519070015296,38.944519070015296,100.0
720,0,47.159782705932074,47.159782705932074,100.0
720,1,29.91899202830267,29.91899202830267,100.0
720,2,22.92122526576526,22.92122526576526,100.0
730,0,28.15542320681535,28.15542320681535,100.0
730,1,36.89394182037747,36.89394182037747,100.0
730,2,34.95063497280717,34.95063497280717,100.0
740,0,25.666635428701124,25.666635428701124,100.0
740,1,54.81096845573976,54.81096845573976,100.0
740,2,19.52239611555912,19.52239611555912,100.0
750,0,38.6565725066478,38.6565725066478,100.0
750,1,38.94046017425287,38.94046017425287,100.0
750,2,22.402967319099336,22.402967319099336,100.0
760,0,33.435360746170936,33.435360746170936,100.0
760,1,33.8955718856634,33.8955718856634,100.0
760,2,32.669067368165656,32.669067368165656,100.0
770,0,32.575481765132665,32.575481765132665,100.0
770,1,35.02728270055745,35.02728270055745,100.0
770,2,32.397235534309885,32.397235534309885,100.0
780,0,33.254650470647896,33.254650470647896,100.0
780,1,35.97611276190883,35.97611276190883,100.0
780,2,30.769236767443275,30.769236767443275,100.0
790,0,30.907483895315302,30.907483895315302,100.0
790,1,45.17027552872879,45.17027552872879,100.0
790,2,23.922240575955914,23.922240575955914,100.0
800,0,40.39269343260605,40.39269343260605,100.0
800,1,39.50630208203024,39.50630208203024,100.0
800,2,20.10100448536371,20.10100448536371,100.0
810,0,38.220448646115194,38.220448646115194,100.0
810,1,41.95420950244091,41.95420950244091,100.0
810,2,19.825341851443902,19.825341851443902,100.0
820,0,38.33629395147378,38.33629395147378,100.0
820,1,40.577654948304854,40.577654948304854,100.0
820,2,21.086051100221376,21.086051100221376,100.0
830,0,25.53517410452832,25.53517410452832,100.0
830,1,52.646760378471136,52.646760378471136,100.0
830,2,21.81806551700055,21.81806551700055,100.0
840,0,42.47665838325595,42.47665838325595,100.0
840,1,34.129031484675686,34.129031484675686,100.0
840,2,23.39431013206837,23.39431013206837,100.0
850,0,27.571769398886374,27.571769398886374,100.0
850,1,27.528073292345812,27.528073292345812,100.0
850,2,44.90015730876782,44.90015730876782,100.0
860,0,50.67371715572392,50.67371715572392,100.0
860,1,28.328969826309997,28.328969826309997,100.0
860,2,20.99731301796609,20.99731301796609,100.0
870,0,29.10424556123708,29.10424556123708,100.0
870,1,48.56288734902273,48.56288734902273,100.0
870,2,22.332867089740187,22.332867089740187,100.0
880,0,45.27140199096723,45.27140199096723,100.0
880,1,29.09263396399091,29.09263396399091,100.0
880,2,25.63596404504186,25.63596404504186,100.0
890,0,39.002593305353386,39.002593305353386,100.0
890,1,29.366430340256837,29.366430340256837,100.0
890,2,31.630976354389784,31.630976354389784,100.0
900,0,33.40826942979355,33.40826942979355,100.0
900,1,38.26903924457882,38.26903924457882,100.0
900,2,28.32269132562763,28.32269132562763,100.0
910,0,30.331572893504834,30.331572893504834,100.0
910,1,37.41883394271451,37.41883394271451,100.0
910,2,32.24959316378066,32.24959316378066,100.0
920,0,37.41651187535996,37.41651187535996,100.0
920,1,40.80298122006928,40.80298122006928,100.0
920,2,21.780506904570764,21.780506904570764,100.0
930,0,36.98147731775213,36.98147731775213,100.0
930,1,39.09645628447424,39.09645628447424,100.0
930,2,23.922066397773616,23.922066397773616,100.0
940,0,21.590804708072948,21.590804708072948,100.0
940,1,38.98753429070854,38.98753429070854,100.0
940,2,39.42166100121851,39.42166100121851,100.0
950,0,39.868312418682535,39.868312418682535,100.0
950,1,38.36047701001305,38.36047701001305,100.0
950,2,21.771210571304415,21.771210571304415,100.0
960,0,35.6929959460811,35.6929959460811,100.0
960,1,29.89542972588626,29.89542972588626,100.0
960,2,34.41157432803264,34.41157432803264,100.0
970,0,28.770359906683396,28.770359906683396,100.0
970,1,49.8153238130645,49.8153238130645,100.0
970,2,21.414316280252105,21.414316280252105,100.0
980,0,36.928775218339695,36.928775218339695,100.0
980,1,37.29403262663074,37.29403262663074,100.0
980,2,25.77719215502957,25.77719215502957,100.0
990,0,32.614323056049464,32.614323056049464,100.0
990,1,39.426643138027515,39.426643138027515,100.0
990,2,27.959033805923017,27.959033805923017,100.0
1000,0,44.917692242376376,44.917692242376376,100.0
1000,1,28.47291025226213,28.47291025226213,100.0
1000,2,26.6093975053615,26.6093975053615,100.0
1010,0,32.712199760846204,32.712199760846204,100.0
1010,1,37.23348001481418,37.23348001481418,100.0
1010,2,30.05432022433961,30.05432022433961,100.0
1020,0,31.367037563433264,31.367037563433264,100.0
1020,1,28.248202282436353,28.248202282436353,100.0
1020,2,40.3847601541304,40.3847601541304,100.0
1030,0,35.10360080842215,35.10360080842215,100.0
1030,1,31.50979120821412,31.50979120821412,100.0
1030,2,33.386607983363724,33.386607983363724,100.0
1040,0,23.012076312407974,23.012076312407974,100.0
1040,1,35.89918573836576,35.89918573836576,100.0
1040,2,41.08873794922627,41.08873794922627,100.0
1050,0,38.478266819198986,38.478266819198986,100.0
1050,1,39.35422701868758,39.35422701868758,100.0
1050,2,22.16750616211343,22.16750616211343,100.0
1060,0,39.98551068901309,39.98551068901309,100.0
1060,1,40.363183118578704,40.363183118578704,100.0
1060,2,19.651306192408207,19.651306192408207,100.0
1070,0,28.54225809481308,28.54225809481308,100.0
1070,1,36.967033634305956,36.967033634305956,100.0
1070,2,34.49070827088096,34.49070827088096,100.0
1080,0,42.318458013203816,42.318458013203816,100.0
1080,1,35.726399537856054,35.726399537856054,100.0
1080,2,21.95514244894012,21.95514244894012,100.0
1090,0,33.0049389316898,33.0049389316898,100.0
1090,1,25.72327829824855,25.72327829824855,100.0
1090,2,41.27178277006165,41.27178277006165,100.0
1100,0,27.348144828554023,27.348144828554023,100.0
1100,1,51.937943134894226,51.937943134894226,100.0
1100,2,20.713912036551754,20.713912036551754,100.0
1110,0,30.500732540133836,30.500732540133836,100.0
1110,1,46.66448251205521,46.66448251205521,100.0
1110,2,22.834784947810952,22.834784947810952,100.0
1120,0,48.51728441096969,48.51728441096969,100.0
1120,1,30.51010790276466,30.51010790276466,100.0
1120,2,20.972607686265647,20.972607686265647,100.0
1130,0,39.603221293589606,39.603221293589606,100.0
1130,1,36.68897782218304,36.68897782218304,100.0
1130,2,23.707800884227364,23.707800884227364,100.0
1140,0,28.937417823278043,28.937417823278043,100.0
1140,1,47.69733451314783,47.69733451314783,100.0
1140,2,23.36524766357413,23.36524766357413,100.0
1150,0,39.607392320547376,39.607392320547376,100.0
1150,1,39.53619045991118,39.53619045991118,100.0
1150,2,20.856417219541434,20.856417219541434,100.0
1160,0,43.33283926875735,43.33283926875735,100.0
1160,1,35.4569546190086,35.4569546190086,100.0
1160,2,21.21020611223407,21.21020611223407,100.0
1170,0,35.83474641581713,35.83474641581713,100.0
1170,1,38.41066820829003,38.41066820829003,100.0
1170,2,25.754585375892837,25.754585375892837,100.0
1180,0,21.370800763263105,21.370800763263105,100.0
1180,1,38.99037570549104,38.99037570549104,100.0
1180,2,39.63882353124586,39.63882353124586,100.0
1190,0,23.087389637446215,23.087389637446215,100.0
1190,1,40.08196962113778,40.08196962113778,100.0
1190,2,36.83064074141601,36.83064074141601,100.0
1200,0,27.827378536457964,27.827378536457964,100.0
1200,1,35.76738426842301,35.76738426842301,100.0
1200,2,36.40523719511903,36.40523719511903,100.0
1210,0,27.906974528785,27.906974528785,100.0
1210,1,47.38606215213482,47.38606215213482,100.0
1210,2,24.706963319080185,24.706963319080185,100.0
1220,0,28.631098503909254,28.631098503909254,100.0
1220,1,29.301438592837908,29.301438592837908,100.0
1220,2,42.06746290325284,42.06746290325284,100.0
1230,0,25.876822960323516,25.876822960323516,100.0
1230,1,32.10757833095088,32.10757833095088,100.0
1230,2,42.01559870872561,42.01559870872561,100.0
1240,0,37.37836676169907,37.37836676169907,100.0
1240,1,30.257940363120806,30.257940363120806,100.0
1240,2,32.36369287518013,32.36369287518013,100.0
1250,0,26.196275701876658,26.196275701876658,100.0
1250,1,30.272244821280292,30.272244821280292,100.0
1250,2,43.531479476843046,43.531479476843046,100.0
1260,0,22.727375395437207,22.727375395437207,100.0
1260,1,45.38504789384563,45.38504789384563,100.0
1260,2,31.88757671071716,31.88757671071716,100.0
1270,0,25.98859399950411,25.98859399950411,100.0
1270,1,50.845440170176644,50.845440170176644,100.0
1270,2,23.16596583031924,23.16596583031924,100.0
1280,0,50.422234788794675,50.422234788794675,100.0
1280,1,28.0259369324717,28.0259369324717,100.0
1280,2,21.551828278733627,21.551828278733627,100.0
1290,0,34.917348487458675,34.917348487458675,100.0
1290,1,44.58933341625222,44.58933341625222,100.0
1290,2,20.493318096289105,20.493318096289105,100.0
1300,0,39.83696128562639,39.83696128562639,100.0
1300,1,32.90734033698307,32.90734033698307,100.0
1300,2,27.255698377390548,27.255698377390548,100.0
1310,0,23.69320087171289,23.69320087171289,100.0
1310,1,31.046254299751425,31.046254299751425,100.0
1310,2,45.260544828535686,45.260544828535686,100.0
1320,0,30.640713994240485,30.640713994240485,100.0
1320,1,29.09584076700521,29.09584076700521,100.0
1320,2,40.263445238754315,40.263445238754315,100.0
1330,0,37.69489636346687,37.69489636346687,100.0
1330,1,33.05891347549385,33.05891347549385,100.0
1330,2,29.246190161039287,29.246190161039287,100.0
1340,0,32.01535271824266,32.01535271824266,100.0
1340,1,43.19809118375835,43.19809118375835,100.0
1340,2,24.78655609799899,24.78655609799899,100.0
1350,0,42.0106160570822,42.0106160570822,100.0
1350,1,36.12831945674787,36.12831945674787,100.0
1350,2,21.86106448616992,21.86106448616992,100.0
1360,0,22.415911377637958,22.415911377637958,100.0
1360,1,57.058837531530806,57.058837531530806,100.0
1360,2,20.525251090831247,20.525251090831247,100.0
1370,0,26.47030060505186,26.47030060505186,100.0
1370,1,37.954258909248466,37.954258909248466,100.0
1370,2,35.57544048569967,35.57544048569967,100.0
1380,0,31.098437531754332,31.098437531754332,100.0
1380,1,41.99110425339529,41.99110425339529,100.0
1380,2,26.91045821485038,26.91045821485038,100.0
1390,0,31.063253221258996,31.063253221258996,100.0
1390,1,40.60082468544193,40.60082468544193,100.0
1390,2,28.335922093299075,28.335922093299075,100.0
1400,0,32.79674848710764,32.79674848710764,100.0
1400,1,34.83697152501992,34.83697152501992,100.0
1400,2,32.36627998787244,32.36627998787244,100.0
1410,0,27.106232089154364,27.106232089154364,100.0
1410,1,42.191088207826766,42.191088207826766,100.0
1410,2,30.702679703018877,30.702679703018877,100.0
1420,0,30.480970363427918,30.480970363427918,100.0
1420,1,37.0173128177738,37.0173128177738,100.0
1420,2,32.50171681879829,32.50171681879829,100.0
1430,0,50.252492562819064,50.252492562819064,100.0
1430,1,27.6910240232437,27.6910240232437,100.0
1430,2,22.05648341393724,22.05648341393724,100.0
1440,0,27.945092407766946,27.945092407766946,100.0
1440,1,41.630600239868436,41.630600239868436,100.0
1440,2,30.42430735236462,30.42430735236462,100.0
1450,0,39.73816951425019,39.73816951425019,100.0
1450,1,43.10285312418623,43.10285312418623,100.0
1450,2,17.158977361563576,17.158977361563576,100.0
1460,0,38.323114929172064,38.323114929172064,100.0
1460,1,37.68283118615693,37.68283118615693,100.0
1460,2,23.994053884671,23.994053884671,100.0
1470,0,37.94140722567041,37.94140722567041,100.0
1470,1,41.02446018372095,41.02446018372095,100.0
1470,2,21.03413259060865,21.03413259060865,100.0
1480,0,24.95671321979773,24.95671321979773,100.0
1480,1,52.04265417538617,52.04265417538617,100.0
1480,2,23.000632604816097,23.000632604816097,100.0
1490,0,26.433619948326847,26.433619948326847,100.0
1490,1,37.94041418188376,37.94041418188376,100.0
1490,2,35.6259658697894,35.6259658697894,100.0
1500,0,25.574707577835078,25.574707577835078,100.0
1500,1,44.118177709938166,44.118177709938166,100.0
1500,2,30.307114712226767,30.307114712226767,100.0
