timestamp,sliceId,dedicatedPRB,minPRB,maxPRB,algorithm
510,0,16.665000000000003,16.665000000000003,100.0,1
510,1,35.0,35.0,100.0,1
510,2,48.335,48.335,100.0,1
520,0,46.665,46.665,100.0,1
520,1,25.0,25.0,100.0,1
520,2,28.335,28.335,100.0,1
530,0,26.665,26.665,100.0,2
530,1,55.00000000000001,55.00000000000001,100.0,2
530,2,18.335,18.335,100.0,2
540,0,31.665,31.665,100.0,1
540,1,50.0,50.0,100.0,1
540,2,18.335,18.335,100.0,1
550,0,36.665000000000006,36.665000000000006,100.0,2
550,1,20.0,20.0,100.0,2
550,2,43.335,43.335,100.0,2
