timestamp,sliceId,dedicatedPRB,minPRB,maxPRB
510,0,28.273003383366962,28.273003383366962,100.0
510,1,29.445250280826603,29.445250280826603,100.0
510,2,42.28174633580644,42.28174633580644,100.0
520,0,29.78560351685495,29.78560351685495,100.0
520,1,36.17974595212056,36.17974595212056,100.0
520,2,34.03465053102449,34.03465053102449,100.0
530,0,33.18566277524339,33.18566277524339,100.0
530,1,38.5900582985092,38.5900582985092,100.0
530,2,28.224278926247408,28.224278926247408,100.0
540,0,31.061192824643907,31.061192824643907,100.0
540,1,47.63765229555387,47.63765229555387,100.0
540,2,21.301154879802226,21.301154879802226,100.0
550,0,46.07613335263583,46.07613335263583,100.0
550,1,29.455801891177753,29.455801891177753,100.0
550,2,24.46806475618642,24.46806475618642,100.0
