timestamp,sliceId,dedicatedPRB,minPRB,maxPRB
510,0,31.046375088458433,31.046375088458433,100.0
510,1,29.521934014254096,29.521934014254096,100.0
510,2,39.431690897287474,39.431690897287474,100.0
520,0,28.986762960205244,28.986762960205244,100.0
520,1,38.69941055299287,38.69941055299287,100.0
520,2,32.31382648680189,32.31382648680189,100.0
530,0,22.31650979700979,22.31650979700979,100.0
530,1,44.44015788961006,44.44015788961006,100.0
530,2,33.24333231338015,33.24333231338015,100.0
540,0,23.846110704395226,23.846110704395226,100.0
540,1,35.78822118521238,35.78822118521238,100.0
540,2,40.36566811039239,40.36566811039239,100.0
550,0,25.987494107180876,25.987494107180876,100.0
550,1,48.81896362245065,48.81896362245065,100.0
550,2,25.193542270368475,25.193542270368475,100.0
560,0,30.249813398848314,30.249813398848314,100.0
560,1,34.00810657673907,34.00810657673907,100.0
560,2,35.74208002441262,35.74208002441262,100.0
570,0,28.363418309497725,28.363418309497725,100.0
570,1,36.38039872550406,36.38039872550406,100.0
570,2,35.25618296499822,35.25618296499822,100.0
580,0,38.16719240013665,38.16719240013665,100.0
580,1,33.32336463287112,33.32336463287112,100.0
580,2,28.509442966992243,28.509442966992243,100.0
590,0,28.37237752601871,28.37237752601871,100.0
590,1,34.407097970150424,34.407097970150424,100.0
590,2,37.22052450383087,37.22052450383087,100.0
600,0,43.02377548438935,43.02377548438935,100.0
600,1,28.47797372788343,28.47797372788343,100.0
600,2,28.49825078772722,28.49825078772722,100.0
610,0,27.006797797199862,27.006797797199862,100.0
610,1,39.29001837190359,39.29001837190359,100.0
610,2,33.703183830896556,33.703183830896556,100.0
620,0,34.028007006347835,34.028007006347835,100.0
620,1,31.920217225598613,31.920217225598613,100.0
620,2,34.05177576805355,34.05177576805355,100.0
630,0,25.131372842515916,25.131372842515916,100.0
630,1,40.97258837644178,40.97258837644178,100.0
630,2,33.896038781042314,33.896038781042314,100.0
640,0,41.61117798564127,41.61117798564127,100.0
640,1,33.85288367491844,33.85288367491844,100.0
640,2,24.535938339440293,24.535938339440293,100.0
650,0,36.89591167594373,36.89591167594373,100.0
650,1,26.173655907775416,26.173655907775416,100.0
650,2,36.93043241628086,36.93043241628086,100.0
660,0,39.453588838770024,39.453588838770024,100.0
660,1,38.278091472503874,38.278091472503874,100.0
660,2,22.268319688726105,22.268319688726105,100.0
670,0,31.451902866389535,31.451902866389535,100.0
670,1,26.932259535819004,26.932259535819004,100.0
670,2,41.61583759779146,41.61583759779146,100.0
680,0,41.568944030745094,41.568944030745094,100.0
680,1,30.661222633761533,30.661222633761533,100.0
680,2,27.769833335493377,27.769833335493377,100.0
690,0,24.81887143407936,24.81887143407936,100.0
690,1,29.694159887323547,29.694159887323547,100.0
690,2,45.486968678597094,45.486968678597094,100.0
700,0,32.959059961557735,32.959059961557735,100.0
700,1,25.371681616472802,25.371681616472802,100.0
700,2,41.66925842196947,41.66925842196947,100.0
710,0,23.139876866994168,23.139876866994168,100.0
710,1,28.56992641304863,28.56992641304863,100.0
710,2,48.2901967199572,48.2901967199572,100.0
720,0,25.73687739296966,25.73687739296966,100.0
720,1,45.29346230812525,45.29346230812525,100.0
720,2,28.969660298905087,28.969660298905087,100.0
730,0,30.117880280680787,30.117880280680787,100.0
730,1,46.91838656266598,46.91838656266598,100.0
730,2,22.963733156653234,22.963733156653234,100.0
740,0,27.7709038275384,27.7709038275384,100.0
740,1,35.84291368574556,35.84291368574556,100.0
740,2,36.38618248671604,36.38618248671604,100.0
750,0,29.56523938037268,29.56523938037268,100.0
750,1,37.58319930005246,37.58319930005246,100.0
750,2,32.851561319574856,32.851561319574856,100.0
760,0,26.95022982636544,26.95022982636544,100.0
760,1,46.40903745811858,46.40903745811858,100.0
760,2,26.640732715515984,26.640732715515984,100.0
770,0,30.46353553216835,30.46353553216835,100.0
770,1,42.55721309801257,42.55721309801257,100.0
770,2,26.979251369819075,26.979251369819075,100.0
780,0,44.02403553163585,44.02403553163585,100.0
780,1,26.129888063279296,26.129888063279296,100.0
780,2,29.846076405084855,29.846076405084855,100.0
790,0,29.4746983545631,29.4746983545631,100.0
790,1,44.471799814546976,44.471799814546976,100.0
790,2,26.053501830889935,26.053501830889935,100.0
800,0,36.939454008317725,36.939454008317725,100.0
800,1,41.456639348412615,41.456639348412615,100.0
800,2,21.60390664326966,21.60390664326966,100.0
810,0,25.67442359066335,25.67442359066335,100.0
810,1,28.009877616878402,28.009877616878402,100.0
810,2,46.31569879245825,46.31569879245825,100.0
820,0,34.01210549166067,34.01210549166067,100.0
820,1,41.71976493395051,41.71976493395051,100.0
820,2,24.268129574388816,24.268129574388816,100.0
830,0,28.749364416462775,28.749364416462775,100.0
830,1,30.008750486100453,30.008750486100453,100.0
830,2,41.24188509743677,41.24188509743677,100.0
840,0,37.62127183997944,37.62127183997944,100.0
840,1,35.33949041442671,35.33949041442671,100.0
840,2,27.039237745593848,27.039237745593848,100.0
850,0,34.09254942296145,34.09254942296145,100.0
850,1,28.405938327435386,28.405938327435386,100.0
850,2,37.50151224960317,37.50151224960317,100.0
860,0,25.038572152564953,25.038572152564953,100.0
860,1,28.20099546859154,28.20099546859154,100.0
860,2,46.76043237884351,46.76043237884351,100.0
870,0,28.752300901878243,28.752300901878243,100.0
870,1,48.63611356647031,48.63611356647031,100.0
870,2,22.61158553165145,22.61158553165145,100.0
880,0,24.088335879080653,24.088335879080653,100.0
880,1,48.95585309347157,48.95585309347157,100.0
880,2,26.955811027447783,26.955811027447783,100.0
890,0,29.62236857926558,29.62236857926558,100.0
890,1,38.79057545042646,38.79057545042646,100.0
890,2,31.58705597030797,31.58705597030797,100.0
900,0,27.26654388127573,27.26654388127573,100.0
900,1,46.62596510681553,46.62596510681553,100.0
900,2,26.10749101190874,26.10749101190874,100.0
910,0,53.66459920662202,53.66459920662202,100.0
910,1,26.069908899365636,26.069908899365636,100.0
910,2,20.265491894012357,20.265491894012357,100.0
920,0,39.16995755378879,39.16995755378879,100.0
920,1,35.8843948868385,35.8843948868385,100.0
920,2,24.945647559372706,24.945647559372706,100.0
930,0,25.954137252613386,25.954137252613386,100.0
930,1,49.285841892259455,49.285841892259455,100.0
930,2,24.760020855127163,24.760020855127163,100.0
940,0,34.95678503352945,34.95678503352945,100.0
940,1,39.5229538334737,39.5229538334737,100.0
940,2,25.52026113299685,25.52026113299685,100.0
950,0,27.74082323557321,27.74082323557321,100.0
950,1,26.882440998762664,26.882440998762664,100.0
950,2,45.37673576566414,45.37673576566414,100.0
960,0,32.564282821942506,32.564282821942506,100.0
960,1,35.237870180571306,35.237870180571306,100.0
960,2,32.19784699748619,32.19784699748619,100.0
970,0,45.97448776502058,45.97448776502058,100.0
970,1,29.060551849853887,29.060551849853887,100.0
970,2,24.964960385125533,24.964960385125533,100.0
980,0,36.10456446932814,36.10456446932814,100.0
980,1,41.17533077242397,41.17533077242397,100.0
980,2,22.72010475824789,22.72010475824789,100.0
990,0,27.703401204349536,27.703401204349536,100.0
990,1,29.91663237356985,29.91663237356985,100.0
990,2,42.379966422080614,42.379966422080614,100.0
1000,0,23.054141377569,23.054141377569,100.0
1000,1,26.001364972980724,26.001364972980724,100.0
1000,2,50.94449364945029,50.94449364945029,100.0
1010,0,36.523631095030886,36.523631095030886,100.0
1010,1,40.047416853300504,40.047416853300504,100.0
1010,2,23.42895205166861,23.42895205166861,100.0
1020,0,42.13241663310685,42.13241663310685,100.0
1020,1,26.544409781142768,26.544409781142768,100.0
1020,2,31.323173585750386,31.323173585750386,100.0
1030,0,40.298135738975446,40.298135738975446,100.0
1030,1,28.047602170110082,28.047602170110082,100.0
1030,2,31.654262090914475,31.654262090914475,100.0
1040,0,25.9806309166629,25.9806309166629,100.0
1040,1,35.73870616876674,35.73870616876674,100.0
1040,2,38.28066291457037,38.28066291457037,100.0
1050,0,26.82346401124579,26.82346401124579,100.0
1050,1,46.58878167041473,46.58878167041473,100.0
1050,2,26.587754318339467,26.587754318339467,100.0
1060,0,24.717465879184676,24.717465879184676,100.0
1060,1,45.72883310340814,45.72883310340814,100.0
1060,2,29.553701017407185,29.553701017407185,100.0
1070,0,34.66625932435896,34.66625932435896,100.0
1070,1,39.67351278218728,39.67351278218728,100.0
1070,2,25.660227893453758,25.660227893453758,100.0
1080,0,38.905503333758794,38.905503333758794,100.0
1080,1,35.12587650588678,35.12587650588678,100.0
1080,2,25.968620160354426,25.968620160354426,100.0
1090,0,32.08552919694324,32.08552919694324,100.0
1090,1,45.0741301776112,45.0741301776112,100.0
1090,2,22.840340625445553,22.840340625445553,100.0
1100,0,28.20240726641251,28.20240726641251,100.0
1100,1,37.80137484191588,37.80137484191588,100.0
1100,2,33.996217891671606,33.996217891671606,100.0
1110,0,27.74802428080545,27.74802428080545,100.0
1110,1,46.286396359488236,46.286396359488236,100.0
1110,2,25.965579359706314,25.965579359706314,100.0
1120,0,25.178798101715373,25.178798101715373,100.0
1120,1,38.62403629527525,38.62403629527525,100.0
1120,2,36.197165603009374,36.197165603009374,100.0
1130,0,33.27755023540914,33.27755023540914,100.0
1130,1,36.7064460070564,36.7064460070564,100.0
1130,2,30.01600375753447,30.01600375753447,100.0
1140,0,28.733722840983294,28.733722840983294,100.0
1140,1,37.541079939098424,37.541079939098424,100.0
1140,2,33.72519721991828,33.72519721991828,100.0
1150,0,40.81036575771411,40.81036575771411,100.0
1150,1,35.35460106829892,35.35460106829892,100.0
1150,2,23.83503317398697,23.83503317398697,100.0
1160,0,33.0251763629837,33.0251763629837,100.0
1160,1,35.208787759088544,35.208787759088544,100.0
1160,2,31.766035877927756,31.766035877927756,100.0
1170,0,23.159884127912814,23.159884127912814,100.0
1170,1,35.958618583698254,35.958618583698254,100.0
1170,2,40.881497288388935,40.881497288388935,100.0
1180,0,34.10423099749059,34.10423099749059,100.0
1180,1,37.80821796760908,37.80821796760908,100.0
1180,2,28.087551034900322,28.087551034900322,100.0
1190,0,22.897347934643328,22.897347934643328,100.0
1190,1,26.21820219918526,26.21820219918526,100.0
1190,2,50.88444986617141,50.88444986617141,100.0
1200,0,41.321687886716774,41.321687886716774,100.0
1200,1,40.70313285537281,40.70313285537281,100.0
1200,2,17.975179257910415,17.975179257910415,100.0
1210,0,24.418790412417145,24.418790412417145,100.0
1210,1,32.477291239714056,32.477291239714056,100.0
1210,2,43.1039183478688,43.1039183478688,100.0
1220,0,28.604384153389734,28.604384153389734,100.0
1220,1,39.23123396475559,39.23123396475559,100.0
1220,2,32.16438188185469,32.16438188185469,100.0
1230,0,25.219566991754643,25.219566991754643,100.0
1230,1,42.73975240463223,42.73975240463223,100.0
1230,2,32.04068060361314,32.04068060361314,100.0
1240,0,23.309513590760762,23.309513590760762,100.0
1240,1,57.01556241600312,57.01556241600312,100.0
1240,2,19.674923993236114,19.674923993236114,100.0
1250,0,26.243509045850043,26.243509045850043,100.0
1250,1,40.5705864762188,40.5705864762188,100.0
1250,2,33.185904477931146,33.185904477931146,100.0
1260,0,26.7196486189915,26.7196486189915,100.0
1260,1,29.555445417742288,29.555445417742288,100.0
1260,2,43.72490596326622,43.72490596326622,100.0
1270,0,37.363230436436126,37.363230436436126,100.0
1270,1,37.291603200077546,37.291603200077546,100.0
1270,2,25.34516636348633,25.34516636348633,100.0
1280,0,32.79355755417704,32.79355755417704,100.0
1280,1,38.205885769248624,38.205885769248624,100.0
1280,2,29.000556676574334,29.000556676574334,100.0
1290,0,45.98016039827873,45.98016039827873,100.0
1290,1,30.278563141423053,30.278563141423053,100.0
1290,2,23.74127646029822,23.74127646029822,100.0
1300,0,23.658906428675614,23.658906428675614,100.0
1300,1,38.9251331134499,38.9251331134499,100.0
1300,2,37.41596045787448,37.41596045787448,100.0
1310,0,25.893178219879086,25.893178219879086,100.0
1310,1,52.5451918724841,52.5451918724841,100.0
1310,2,21.56162990763682,21.56162990763682,100.0
1320,0,47.332471887179885,47.332471887179885,100.0
1320,1,31.34779729360214,31.34779729360214,100.0
1320,2,21.319730819217977,21.319730819217977,100.0
1330,0,30.20757998549084,30.20757998549084,100.0
1330,1,36.316607888457476,36.316607888457476,100.0
1330,2,33.475812126051686,33.475812126051686,100.0
1340,0,40.77486779993771,40.77486779993771,100.0
1340,1,30.62430300121942,30.62430300121942,100.0
1340,2,28.600829198842863,28.600829198842863,100.0
1350,0,24.91778373423458,24.91778373423458,100.0
1350,1,42.96202572420621,42.96202572420621,100.0
1350,2,32.12019054155922,32.12019054155922,100.0
1360,0,23.843483402827147,23.843483402827147,100.0
1360,1,38.791869786053574,38.791869786053574,100.0
1360,2,37.36464681111928,37.36464681111928,100.0
1370,0,28.09316335683773,28.09316335683773,100.0
1370,1,45.63992579627542,45.63992579627542,100.0
1370,2,26.266910846886848,26.266910846886848,100.0
1380,0,44.85969663924727,44.85969663924727,100.0
1380,1,32.32317708082323,32.32317708082323,100.0
1380,2,22.8171262799295,22.8171262799295,100.0
1390,0,27.170925022575965,27.170925022575965,100.0
1390,1,48.173419754695686,48.173419754695686,100.0
1390,2,24.655655222728345,24.655655222728345,100.0
1400,0,30.48110204905695,30.48110204905695,100.0
1400,1,38.44009738876586,38.44009738876586,100.0
1400,2,31.078800562177182,31.078800562177182,100.0
1410,0,39.85780262093615,39.85780262093615,100.0
1410,1,25.85690004521205,25.85690004521205,100.0
1410,2,34.2852973338518,34.2852973338518,100.0
1420,0,35.9118052943507,35.9118052943507,100.0
1420,1,26.967526391685865,26.967526391685865,100.0
1420,2,37.12066831396344,37.12066831396344,100.0
1430,0,44.23379580855114,44.23379580855114,100.0
1430,1,34.48589125021225,34.48589125021225,100.0
1430,2,21.280312941236605,21.280312941236605,100.0
1440,0,27.361896299351272,27.361896299351272,100.0
1440,1,45.434819409335354,45.434819409335354,100.0
1440,2,27.203284291313373,27.203284291313373,100.0
1450,0,27.470891580942116,27.470891580942116,100.0
1450,1,45.66882867219374,45.66882867219374,100.0
1450,2,26.860279746864148,26.860279746864148,100.0
1460,0,44.16020042818064,44.16020042818064,100.0
1460,1,32.59809582916346,32.59809582916346,100.0
1460,2,23.24170374265589,23.24170374265589,100.0
1470,0,27.669125194560618,27.669125194560618,100.0
1470,1,31.170688594693118,31.170688594693118,100.0
1470,2,41.16018621074626,41.16018621074626,100.0
1480,0,22.31791200050623,22.31791200050623,100.0
1480,1,57.684391378956946,57.684391378956946,100.0
1480,2,19.997696620536832,19.997696620536832,100.0
1490,0,37.19266867890019,37.19266867890019,100.0
1490,1,24.701526192974914,24.701526192974914,100.0
1490,2,38.10580512812489,38.10580512812489,100.0
1500,0,31.189774110442603,31.189774110442603,100.0
1500,1,40.26966687116913,40.26966687116913,100.0
1500,2,28.54055901838828,28.54055901838828,100.0
