timestamp,ueImsi,sliceId,dTxBytes,dRxBytes,plr,resourceSharePct,dLostPackets,throughputMbps,bufferBytes
560,1,0,24448,3056,87.50,41.54,14,2.4448,133683
560,2,0,24448,3056,87.50,41.54,14,2.4448,133683
560,3,0,24448,1528,93.75,41.54,15,1.2224,133584
560,4,0,24448,1528,93.75,41.54,15,1.2224,133592
560,5,0,24448,3056,87.50,41.54,14,2.4448,133673
560,6,1,390,312,20.00,38.40,1,0.2496,169
560,7,1,390,312,20.00,38.40,1,0.2496,169
560,8,1,390,312,20.00,38.40,1,0.2496,169
560,9,1,390,312,20.00,38.40,1,0.2496,169
560,10,1,390,312,20.00,38.40,1,0.2496,169
560,11,2,16000,768,95.20,20.06,119,0.6144,90895
560,12,2,16000,768,95.20,20.06,119,0.6144,90987
560,13,2,16000,768,95.20,20.06,119,0.6144,90913
560,14,2,16000,768,95.20,20.06,119,0.6144,90903
560,15,2,16000,768,95.20,20.06,119,0.6144,90966
560,16,2,16000,768,95.20,20.06,119,0.6144,90967
560,17,2,16000,768,95.20,20.06,119,0.6144,90959
560,18,2,16000,768,95.20,20.06,119,0.6144,90959
560,19,2,16000,768,95.20,20.06,119,0.6144,90964
560,20,2,16000,768,95.20,20.06,119,0.6144,90964
