timestamp,ueImsi,sliceId,dTxBytes,dRxBytes,plr,resourceSharePct,dLostPackets,throughputMbps,bufferBytes
1000,1,0,25976,3056,88.24,49.01,15,2.4448,1150554
1000,2,0,25976,3056,88.24,49.01,15,2.4448,1150563
1000,3,0,25976,4584,82.35,49.01,14,3.6672,1150428
1000,4,0,25976,4584,82.35,49.01,14,3.6672,1150413
1000,5,0,25976,4584,82.35,49.01,14,3.6672,1150535
1000,6,1,390,312,20.00,29.74,1,0.2496,169
1000,7,1,390,312,20.00,29.74,1,0.2496,169
1000,8,1,390,312,20.00,29.74,1,0.2496,169
1000,9,1,390,312,20.00,29.74,1,0.2496,169
1000,10,1,390,312,20.00,29.74,1,0.2496,169
1000,11,2,16000,768,95.20,21.26,119,0.6144,774101
1000,12,2,16000,640,96.00,21.26,120,0.5120,774188
1000,13,2,16000,640,96.00,21.26,120,0.5120,774134
1000,14,2,16000,768,95.20,21.26,119,0.6144,774128
1000,15,2,16000,768,95.20,21.26,119,0.6144,774161
1000,16,2,16000,768,95.20,21.26,119,0.6144,774162
1000,17,2,16000,768,95.20,21.26,119,0.6144,774135
1000,18,2,16000,768,95.20,21.26,119,0.6144,774083
1000,19,2,16000,768,95.20,21.26,119,0.6144,774264
1000,20,2,16000,768,95.20,21.26,119,0.6144,774182
