timestamp,ueImsi,sliceId,dTxBytes,dRxBytes,plr,resourceSharePct,dLostPackets,throughputMbps,bufferBytes
1510,1,0,18336,16808,8.33,36.67,1,13.4464,1537
1510,2,0,18336,0,100.00,36.67,12,0.0000,1637296
1510,3,0,18336,0,100.00,36.67,12,0.0000,1674942
1510,4,0,18336,18336,0.00,36.67,0,14.6688,2112
1510,5,0,18336,1528,91.67,36.67,11,1.2224,1712568
1510,6,1,390,390,0.00,20.00,0,0.3120,87
1510,7,1,390,390,0.00,20.00,0,0.3120,87
1510,8,1,390,390,0.00,20.00,0,0.3120,87
1510,9,1,390,390,0.00,20.00,0,0.3120,87
1510,10,1,390,0,100.00,20.00,5,0.0000,28499
1510,11,2,384,256,33.33,43.34,1,0.2048,137
1510,12,2,384,256,33.33,43.34,1,0.2048,137
1510,13,2,384,0,100.00,43.34,3,0.0000,269
1510,14,2,384,640,0.00,43.34,0,0.5120,137
1510,15,2,384,0,100.00,43.34,3,0.0000,580
1510,16,2,384,0,100.00,43.34,3,0.0000,533
1510,17,2,384,0,100.00,43.34,3,0.0000,8795
1510,18,2,384,256,33.33,43.34,1,0.2048,137
1510,19,2,384,256,33.33,43.34,1,0.2048,137
1510,20,2,384,256,33.33,43.34,1,0.2048,137
