timestamp,ueImsi,sliceId,dTxBytes,dRxBytes,plr,resourceSharePct,dLostPackets,throughputMbps,bufferBytes
560,1,0,24448,4584,81.25,45.20,13,3.6672,122489
560,2,0,24448,4584,81.25,45.20,13,3.6672,122508
560,3,0,24448,4584,81.25,45.20,13,3.6672,122509
560,4,0,24448,4584,81.25,45.20,13,3.6672,122488
560,5,0,24448,4584,81.25,45.20,13,3.6672,122399
560,6,1,390,390,0.00,31.57,0,0.3120,87
560,7,1,390,390,0.00,31.57,0,0.3120,87
560,8,1,390,390,0.00,31.57,0,0.3120,87
560,9,1,390,390,0.00,31.57,0,0.3120,87
560,10,1,390,390,0.00,31.57,0,0.3120,87
560,11,2,16000,1152,92.80,23.23,116,0.9216,88186
560,12,2,16000,1152,92.80,23.23,116,0.9216,88196
560,13,2,16000,1152,92.80,23.23,116,0.9216,88184
560,14,2,16000,1280,92.00,23.23,115,1.0240,88160
560,15,2,16000,1280,92.00,23.23,115,1.0240,88154
560,16,2,16000,1152,92.80,23.23,116,0.9216,88139
560,17,2,16000,1280,92.00,23.23,115,1.0240,88133
560,18,2,16000,1152,92.80,23.23,116,0.9216,88093
560,19,2,16000,1280,92.00,23.23,115,1.0240,88145
560,20,2,16000,1280,92.00,23.23,115,1.0240,88160
