timestamp,ueImsi,sliceId,dTxBytes,dRxBytes,plr,resourceSharePct,dLostPackets,throughputMbps,bufferBytes
900,1,0,25976,4584,82.35,48.25,14,3.6672,922157
900,2,0,25976,4584,82.35,48.25,14,3.6672,922024
900,3,0,25976,4584,82.35,48.25,14,3.6672,922078
900,4,0,25976,4584,82.35,48.25,14,3.6672,922053
900,5,0,25976,4584,82.35,48.25,14,3.6672,922041
900,6,1,390,546,0.00,25.04,0,0.4368,87
900,7,1,390,546,0.00,25.04,0,0.4368,87
900,8,1,390,546,0.00,25.04,0,0.4368,87
900,9,1,390,546,0.00,25.04,0,0.4368,87
900,10,1,390,546,0.00,25.04,0,0.4368,87
900,11,2,16000,1152,92.80,26.70,116,0.9216,612446
900,12,2,16000,1152,92.80,26.70,116,0.9216,612402
900,13,2,16000,1152,92.80,26.70,116,0.9216,612404
900,14,2,16000,1152,92.80,26.70,116,0.9216,612422
900,15,2,16000,1152,92.80,26.70,116,0.9216,612445
900,16,2,16000,1152,92.80,26.70,116,0.9216,612360
900,17,2,16000,1152,92.80,26.70,116,0.9216,612314
900,18,2,16000,1280,92.00,26.70,115,1.0240,612353
900,19,2,16000,1152,92.80,26.70,116,0.9216,612456
900,20,2,16000,1280,92.00,26.70,115,1.0240,612470
