timestamp,sliceId,dedicatedPRB,minPRB,maxPRB
510,0,41.96976969150222,41.96976969150222,100.0
510,1,39.310348851875034,39.310348851875034,100.0
510,2,18.71988145662274,18.71988145662274,100.0
520,0,31.69221171422265,31.69221171422265,100.0
520,1,32.02804046897801,32.02804046897801,100.0
520,2,36.279747816799336,36.279747816799336,100.0
530,0,32.3474210897932,32.3474210897932,100.0
530,1,29.545643163232377,29.545643163232377,100.0
530,2,38.106935746974415,38.106935746974415,100.0
540,0,36.43980644220118,36.43980644220118,100.0
540,1,28.869596621899202,28.869596621899202,100.0
540,2,34.69059693589961,34.69059693589961,100.0
550,0,36.52401359431624,36.52401359431624,100.0
550,1,27.203506303842808,27.203506303842808,100.0
550,2,36.27248010184096,36.27248010184096,100.0
560,0,30.026318763294196,30.026318763294196,100.0
560,1,32.067540565196026,32.067540565196026,100.0
560,2,37.90614067150977,37.90614067150977,100.0
570,0,43.37707290989778,43.37707290989778,100.0
570,1,24.354064599718253,24.354064599718253,100.0
570,2,32.268862490383974,32.268862490383974,100.0
580,0,23.847153617369276,23.847153617369276,100.0
580,1,57.03597842638185,57.03597842638185,100.0
580,2,19.116867956248875,19.116867956248875,100.0
