timestamp,sliceId,dedicatedPRB,minPRB,maxPRB,algorithm
510,0,21.665,21.665,100.0,2
510,1,40.0,40.0,100.0,2
510,2,38.334999999999994,38.334999999999994,100.0,2
520,0,36.665000000000006,36.665000000000006,100.0,2
520,1,25.0,25.0,100.0,2
520,2,38.334999999999994,38.334999999999994,100.0,2
530,0,21.665,21.665,100.0,2
530,1,30.000000000000004,30.000000000000004,100.0,2
530,2,48.334999999999994,48.334999999999994,100.0,2
540,0,26.665,26.665,100.0,2
540,1,25.0,25.0,100.0,2
540,2,48.334999999999994,48.334999999999994,100.0,2
550,0,21.665,21.665,100.0,2
550,1,30.000000000000004,30.000000000000004,100.0,2
550,2,48.334999999999994,48.334999999999994,100.0,2
560,0,31.665,31.665,100.0,0
560,1,25.0,25.0,100.0,0
560,2,43.335,43.335,100.0,0
570,0,31.665,31.665,100.0,0
570,1,25.0,25.0,100.0,0
570,2,43.335,43.335,100.0,0
