timestamp,sliceId,dedicatedPRB,minPRB,maxPRB,algorithm
510,0,46.665,46.665,100.0,1
510,1,40.0,40.0,100.0,1
510,2,13.334999999999999,13.334999999999999,100.0,1
520,0,41.665,41.665,100.0,1
520,1,20.000000000000004,20.000000000000004,100.0,1
520,2,38.335,38.335,100.0,1
530,0,16.665000000000003,16.665000000000003,100.0,2
530,1,35.0,35.0,100.0,2
530,2,48.335,48.335,100.0,2
540,0,26.665,26.665,100.0,0
540,1,20.0,20.0,100.0,0
540,2,53.335,53.335,100.0,0
550,0,41.665,41.665,100.0,2
550,1,35.0,35.0,100.0,2
550,2,23.335,23.335,100.0,2
