timestamp,ueImsi,sliceId,dTxBytes,dRxBytes,plr,resourceSharePct,dLostPackets,throughputMbps,bufferBytes
1510,1,0,18336,0,100.00,31.66,12,0.0000,1693996
1510,2,0,18336,3056,83.33,31.66,10,2.4448,1436001
1510,3,0,18336,6112,66.67,31.66,8,4.8896,1094059
1510,4,0,18336,0,100.00,31.66,12,0.0000,1295327
1510,5,0,18336,0,100.00,31.66,12,0.0000,1649232
1510,6,1,390,390,0.00,45.00,0,0.3120,87
1510,7,1,390,0,100.00,45.00,5,0.0000,1934
1510,8,1,390,390,0.00,45.00,0,0.3120,87
1510,9,1,390,0,100.00,45.00,5,0.0000,169
1510,10,1,390,0,100.00,45.00,5,0.0000,1517
1510,11,2,384,256,33.33,23.34,1,0.2048,21
1510,12,2,384,256,33.33,23.34,1,0.2048,137
1510,13,2,384,256,33.33,23.34,1,0.2048,137
1510,14,2,384,256,33.33,23.34,1,0.2048,137
1510,15,2,384,256,33.33,23.34,1,0.2048,87
1510,16,2,384,0,100.00,23.34,3,0.0000,1823
1510,17,2,384,256,33.33,23.34,1,0.2048,137
1510,18,2,384,0,100.00,23.34,3,0.0000,137
1510,19,2,384,256,33.33,23.34,1,0.2048,137
1510,20,2,384,256,33.33,23.34,1,0.2048,137
