timestamp,ueImsi,sliceId,dTxBytes,dRxBytes,plr,resourceSharePct,dLostPackets,throughputMbps,bufferBytes
1510,1,0,18336,16808,8.33,28.88,1,13.4464,84511
1510,2,0,18336,16808,8.33,28.88,1,13.4464,23869
1510,3,0,18336,16808,8.33,28.88,1,13.4464,23892
1510,4,0,18336,15280,16.67,28.88,2,12.2240,23802
1510,5,0,18336,15280,16.67,28.88,2,12.2240,23668
1510,6,1,390,390,0.00,26.37,0,0.3120,87
1510,7,1,390,390,0.00,26.37,0,0.3120,87
1510,8,1,390,0,100.00,26.37,5,0.0000,415
1510,9,1,390,390,0.00,26.37,0,0.3120,87
1510,10,1,390,390,0.00,26.37,0,0.3120,87
1510,11,2,384,256,33.33,44.75,1,0.2048,137
1510,12,2,384,256,33.33,44.75,1,0.2048,137
1510,13,2,384,256,33.33,44.75,1,0.2048,137
1510,14,2,384,256,33.33,44.75,1,0.2048,137
1510,15,2,384,0,100.00,44.75,3,0.0000,137
1510,16,2,384,256,33.33,44.75,1,0.2048,137
1510,17,2,384,256,33.33,44.75,1,0.2048,137
1510,18,2,384,0,100.00,44.75,3,0.0000,137
1510,19,2,384,256,33.33,44.75,1,0.2048,137
1510,20,2,384,256,33.33,44.75,1,0.2048,137
