timestamp,sliceId,dedicatedPRB,minPRB,maxPRB
510,0,51.45101461064742,51.45101461064742,100.0
510,1,28.79677765671752,28.79677765671752,100.0
510,2,19.752207732635057,19.752207732635057,100.0
520,0,38.3838476982176,38.3838476982176,100.0
520,1,24.43407028461363,24.43407028461363,100.0
520,2,37.182082017168774,37.182082017168774,100.0
530,0,25.640006705607977,25.640006705607977,100.0
530,1,35.64565110274195,35.64565110274195,100.0
530,2,38.714342191650076,38.714342191650076,100.0
540,0,32.0907513909767,32.0907513909767,100.0
540,1,48.53702288578343,48.53702288578343,100.0
540,2,19.37222572323988,19.37222572323988,100.0
550,0,48.31694155174302,48.31694155174302,100.0
550,1,31.64159404056105,31.64159404056105,100.0
550,2,20.041464407695937,20.041464407695937,100.0
560,0,37.97243825483787,37.97243825483787,100.0
560,1,30.02660833354227,30.02660833354227,100.0
560,2,32.00095341161986,32.00095341161986,100.0
570,0,26.91524051184092,26.91524051184092,100.0
570,1,38.30012756805523,38.30012756805523,100.0
570,2,34.78463192010385,34.78463192010385,100.0
580,0,23.73447550343292,23.73447550343292,100.0
580,1,31.410066120968228,31.410066120968228,100.0
580,2,44.85545837559886,44.85545837559886,100.0
590,0,39.120395635932184,39.120395635932184,100.0
590,1,43.47224796972131,43.47224796972131,100.0
590,2,17.40735639434651,17.40735639434651,100.0
600,0,46.122717908511376,46.122717908511376,100.0
600,1,29.37972220436782,29.37972220436782,100.0
600,2,24.497559887120804,24.497559887120804,100.0
610,0,23.176401229079946,23.176401229079946,100.0
610,1,46.34868638836463,46.34868638836463,100.0
610,2,30.47491238255543,30.47491238255543,100.0
620,0,45.551451753189355,45.551451753189355,100.0
620,1,31.300691517630558,31.300691517630558,100.0
620,2,23.147856729180088,23.147856729180088,100.0
630,0,44.502124166081416,44.502124166081416,100.0
630,1,35.770378925055255,35.770378925055255,100.0
630,2,19.727496908863323,19.727496908863323,100.0
640,0,24.24723192130896,24.24723192130896,100.0
640,1,49.171683486501216,49.171683486501216,100.0
640,2,26.58108459218983,26.58108459218983,100.0
650,0,23.214003813144853,23.214003813144853,100.0
650,1,48.83277086099923,48.83277086099923,100.0
650,2,27.95322532585591,27.95322532585591,100.0
660,0,26.791708486987943,26.791708486987943,100.0
660,1,50.677869035762555,50.677869035762555,100.0
660,2,22.530422477249495,22.530422477249495,100.0
670,0,25.815204085311333,25.815204085311333,100.0
670,1,44.166309610943,44.166309610943,100.0
670,2,30.01848630374566,30.01848630374566,100.0
680,0,28.352726039112763,28.352726039112763,100.0
680,1,34.29072620788578,34.29072620788578,100.0
680,2,37.35654775300146,37.35654775300146,100.0
690,0,26.813465607333274,26.813465607333274,100.0
690,1,38.103181676506324,38.103181676506324,100.0
690,2,35.0833527161604,35.0833527161604,100.0
700,0,36.535897336419346,36.535897336419346,100.0
700,1,32.96076755474089,32.96076755474089,100.0
700,2,30.503335108839757,30.503335108839757,100.0
710,0,28.75240703877538,28.75240703877538,100.0
710,1,46.9341704981339,46.9341704981339,100.0
710,2,24.31342246309071,24.31342246309071,100.0
720,0,32.113561019743095,32.113561019743095,100.0
720,1,40.601414923924224,40.601414923924224,100.0
720,2,27.285024056332684,27.285024056332684,100.0
730,0,34.66755405361152,34.66755405361152,100.0
730,1,37.201168205110264,37.201168205110264,100.0
730,2,28.131277741278232,28.131277741278232,100.0
740,0,33.41095764015209,33.41095764015209,100.0
740,1,35.594572022319824,35.594572022319824,100.0
740,2,30.994470337528075,30.994470337528075,100.0
750,0,27.51088190296701,27.51088190296701,100.0
750,1,51.26218781323608,51.26218781323608,100.0
750,2,21.22693028379691,21.22693028379691,100.0
760,0,38.16339722899373,38.16339722899373,100.0
760,1,40.744402564186984,40.744402564186984,100.0
760,2,21.09220020681929,21.09220020681929,100.0
770,0,35.01064165069725,35.01064165069725,100.0
770,1,37.49311719416821,37.49311719416821,100.0
770,2,27.496241155134538,27.496241155134538,100.0
780,0,26.909693357373303,26.909693357373303,100.0
780,1,50.99743454603573,50.99743454603573,100.0
780,2,22.09287209659097,22.09287209659097,100.0
790,0,43.65718867779239,43.65718867779239,100.0
790,1,36.103930051254146,36.103930051254146,100.0
790,2,20.238881270953463,20.238881270953463,100.0
800,0,35.79427735797147,35.79427735797147,100.0
800,1,36.21692834063923,36.21692834063923,100.0
800,2,27.98879430138931,27.98879430138931,100.0
810,0,27.27503413175277,27.27503413175277,100.0
810,1,28.85575158455614,28.85575158455614,100.0
810,2,43.86921428369109,43.86921428369109,100.0
820,0,41.040623356124655,41.040623356124655,100.0
820,1,32.144291135114386,32.144291135114386,100.0
820,2,26.815085508760962,26.815085508760962,100.0
830,0,28.654274814332986,28.654274814332986,100.0
830,1,28.211509428638408,28.211509428638408,100.0
830,2,43.13421575702861,43.13421575702861,100.0
840,0,24.589704860502593,24.589704860502593,100.0
840,1,27.027037376571094,27.027037376571094,100.0
840,2,48.38325776292631,48.38325776292631,100.0
850,0,29.948004355933953,29.948004355933953,100.0
850,1,36.44021265390086,36.44021265390086,100.0
850,2,33.611782990165196,33.611782990165196,100.0
860,0,43.27281654310377,43.27281654310377,100.0
860,1,32.85459143141792,32.85459143141792,100.0
860,2,23.8725920254783,23.8725920254783,100.0
870,0,44.268877750101545,44.268877750101545,100.0
870,1,30.134273720573113,30.134273720573113,100.0
870,2,25.596848529325346,25.596848529325346,100.0
880,0,31.45941659184352,31.45941659184352,100.0
880,1,47.46375658901227,47.46375658901227,100.0
880,2,21.076826819144213,21.076826819144213,100.0
890,0,52.760818715184,52.760818715184,100.0
890,1,25.684156155388205,25.684156155388205,100.0
890,2,21.555025129427797,21.555025129427797,100.0
900,0,24.16479814774239,24.16479814774239,100.0
900,1,30.836481269185516,30.836481269185516,100.0
900,2,44.9987205830721,44.9987205830721,100.0
910,0,30.83265360247714,30.83265360247714,100.0
910,1,39.08822130329996,39.08822130329996,100.0
910,2,30.079125094222903,30.079125094222903,100.0
920,0,31.4066091920001,31.4066091920001,100.0
920,1,40.842669188427806,40.842669188427806,100.0
920,2,27.750721619572104,27.750721619572104,100.0
930,0,40.09831917326404,40.09831917326404,100.0
930,1,38.49861557623034,38.49861557623034,100.0
930,2,21.403065250505616,21.403065250505616,100.0
940,0,46.74069700488748,46.74069700488748,100.0
940,1,26.083080416292926,26.083080416292926,100.0
940,2,27.176222578819598,27.176222578819598,100.0
950,0,28.41315552686937,28.41315552686937,100.0
950,1,26.446432591397105,26.446432591397105,100.0
950,2,45.14041188173352,45.14041188173352,100.0
960,0,25.724630687525085,25.724630687525085,100.0
960,1,28.49817582783123,28.49817582783123,100.0
960,2,45.77719348464369,45.77719348464369,100.0
970,0,31.485754097292684,31.485754097292684,100.0
970,1,31.04170341362894,31.04170341362894,100.0
970,2,37.47254248907838,37.47254248907838,100.0
980,0,31.36708564592292,31.36708564592292,100.0
980,1,33.81969857321701,33.81969857321701,100.0
980,2,34.81321578086007,34.81321578086007,100.0
990,0,41.00645587305467,41.00645587305467,100.0
990,1,27.721114750644986,27.721114750644986,100.0
990,2,31.27242937630034,31.27242937630034,100.0
1000,0,44.46060919903828,44.46060919903828,100.0
1000,1,27.80379041179813,27.80379041179813,100.0
1000,2,27.735600389163594,27.735600389163594,100.0
1010,0,45.49310705440911,45.49310705440911,100.0
1010,1,28.202249120191237,28.202249120191237,100.0
1010,2,26.304643825399655,26.304643825399655,100.0
1020,0,34.42313747620613,34.42313747620613,100.0
1020,1,27.75004178524858,27.75004178524858,100.0
1020,2,37.8268207385453,37.8268207385453,100.0
1030,0,34.36299538925009,34.36299538925009,100.0
1030,1,29.095737102235702,29.095737102235702,100.0
1030,2,36.54126750851421,36.54126750851421,100.0
1040,0,35.84867007567076,35.84867007567076,100.0
1040,1,30.479474285730525,30.479474285730525,100.0
1040,2,33.67185563859873,33.67185563859873,100.0
1050,0,29.357703575886106,29.357703575886106,100.0
1050,1,30.70886724525696,30.70886724525696,100.0
1050,2,39.93342917885694,39.93342917885694,100.0
1060,0,41.11867126044223,41.11867126044223,100.0
1060,1,30.407128670881335,30.407128670881335,100.0
1060,2,28.474200068676446,28.474200068676446,100.0
1070,0,29.58170113896918,29.58170113896918,100.0
1070,1,38.199524804785376,38.199524804785376,100.0
1070,2,32.21877405624545,32.21877405624545,100.0
1080,0,24.677485383218603,24.677485383218603,100.0
1080,1,27.716800882384252,27.716800882384252,100.0
1080,2,47.60571373439715,47.60571373439715,100.0
1090,0,26.77363197813079,26.77363197813079,100.0
1090,1,29.973273529308553,29.973273529308553,100.0
1090,2,43.25309449256066,43.25309449256066,100.0
1100,0,30.465884379951092,30.465884379951092,100.0
1100,1,42.933627279721634,42.933627279721634,100.0
1100,2,26.600488340327278,26.600488340327278,100.0
1110,0,42.07410459682785,42.07410459682785,100.0
1110,1,26.904650528552548,26.904650528552548,100.0
1110,2,31.021244874619597,31.021244874619597,100.0
1120,0,36.17089662636428,36.17089662636428,100.0
1120,1,36.53714251436565,36.53714251436565,100.0
1120,2,27.29196085927007,27.29196085927007,100.0
1130,0,23.833746316451464,23.833746316451464,100.0
1130,1,42.25693998859828,42.25693998859828,100.0
1130,2,33.909313694950264,33.909313694950264,100.0
1140,0,46.475129363595734,46.475129363595734,100.0
1140,1,24.24603436277127,24.24603436277127,100.0
1140,2,29.27883627363299,29.27883627363299,100.0
1150,0,45.82511936592455,45.82511936592455,100.0
1150,1,35.97138612585217,35.97138612585217,100.0
1150,2,18.203494508223272,18.203494508223272,100.0
1160,0,35.047207337444206,35.047207337444206,100.0
1160,1,36.40647019375862,36.40647019375862,100.0
1160,2,28.54632246879718,28.54632246879718,100.0
1170,0,25.746591411046015,25.746591411046015,100.0
1170,1,29.038298506832405,29.038298506832405,100.0
1170,2,45.21511008212159,45.21511008212159,100.0
1180,0,29.55237767350668,29.55237767350668,100.0
1180,1,32.67921464841497,32.67921464841497,100.0
1180,2,37.768407678078354,37.768407678078354,100.0
1190,0,40.94977853372662,40.94977853372662,100.0
1190,1,32.83533237880412,32.83533237880412,100.0
1190,2,26.214889087469274,26.214889087469274,100.0
1200,0,20.726397389116162,20.726397389116162,100.0
1200,1,38.177155431831444,38.177155431831444,100.0
1200,2,41.09644717905239,41.09644717905239,100.0
1210,0,29.202691800572854,29.202691800572854,100.0
1210,1,51.5803378255716,51.5803378255716,100.0
1210,2,19.21697037385556,19.21697037385556,100.0
1220,0,51.446941774253276,51.446941774253276,100.0
1220,1,26.885152002981826,26.885152002981826,100.0
1220,2,21.667906222764906,21.667906222764906,100.0
1230,0,26.06438845927136,26.06438845927136,100.0
1230,1,39.87537038283111,39.87537038283111,100.0
1230,2,34.06024115789753,34.06024115789753,100.0
1240,0,37.64949489395782,37.64949489395782,100.0
1240,1,31.959713843350013,31.959713843350013,100.0
1240,2,30.39079126269216,30.39079126269216,100.0
1250,0,36.63644437659052,36.63644437659052,100.0
1250,1,29.5824577077209,29.5824577077209,100.0
1250,2,33.781097915688584,33.781097915688584,100.0
1260,0,24.063509421333933,24.063509421333933,100.0
1260,1,44.156449125036936,44.156449125036936,100.0
1260,2,31.78004145362914,31.78004145362914,100.0
1270,0,25.884910980407632,25.884910980407632,100.0
1270,1,26.897938151204027,26.897938151204027,100.0
1270,2,47.21715086838835,47.21715086838835,100.0
1280,0,31.82681061082981,31.82681061082981,100.0
1280,1,42.30777079714015,42.30777079714015,100.0
1280,2,25.865418592030043,25.865418592030043,100.0
1290,0,22.581181513693686,22.581181513693686,100.0
1290,1,33.582329767698134,33.582329767698134,100.0
1290,2,43.83648871860818,43.83648871860818,100.0
1300,0,29.637321137447405,29.637321137447405,100.0
1300,1,43.86885079474197,43.86885079474197,100.0
1300,2,26.493828067810625,26.493828067810625,100.0
1310,0,23.227715405629564,23.227715405629564,100.0
1310,1,42.77587102722124,42.77587102722124,100.0
1310,2,33.9964135671492,33.9964135671492,100.0
1320,0,43.18268284790805,43.18268284790805,100.0
1320,1,32.10826937539796,32.10826937539796,100.0
1320,2,24.709047776693993,24.709047776693993,100.0
1330,0,36.86773479086109,36.86773479086109,100.0
1330,1,28.153424583797097,28.153424583797097,100.0
1330,2,34.9788406253418,34.9788406253418,100.0
1340,0,28.376336625019725,28.376336625019725,100.0
1340,1,28.60007832012933,28.60007832012933,100.0
1340,2,43.02358505485094,43.02358505485094,100.0
1350,0,32.85821612495582,32.85821612495582,100.0
1350,1,34.184981696088485,34.184981696088485,100.0
1350,2,32.956802178955705,32.956802178955705,100.0
1360,0,26.906993054324047,26.906993054324047,100.0
1360,1,52.56251268461802,52.56251268461802,100.0
1360,2,20.530494261057935,20.530494261057935,100.0
1370,0,31.248822707261255,31.248822707261255,100.0
1370,1,35.87075776584949,35.87075776584949,100.0
1370,2,32.88041952688926,32.88041952688926,100.0
1380,0,39.974231330818164,39.974231330818164,100.0
1380,1,33.81779686029067,33.81779686029067,100.0
1380,2,26.207971808891173,26.207971808891173,100.0
1390,0,21.437653612704935,21.437653612704935,100.0
1390,1,40.85244583059062,40.85244583059062,100.0
1390,2,37.709900556704454,37.709900556704454,100.0
1400,0,29.82863381897926,29.82863381897926,100.0
1400,1,28.53426613977354,28.53426613977354,100.0
1400,2,41.6371000412472,41.6371000412472,100.0
1410,0,27.3061760528991,27.3061760528991,100.0
1410,1,39.60852766224184,39.60852766224184,100.0
1410,2,33.085296284859055,33.085296284859055,100.0
1420,0,28.70882498047222,28.70882498047222,100.0
1420,1,45.49448176551018,45.49448176551018,100.0
1420,2,25.796693254017594,25.796693254017594,100.0
1430,0,35.31314722604346,35.31314722604346,100.0
1430,1,36.38300570170327,36.38300570170327,100.0
1430,2,28.303847072253262,28.303847072253262,100.0
1440,0,40.88014776568257,40.88014776568257,100.0
1440,1,30.418018881522112,30.418018881522112,100.0
1440,2,28.701833352795315,28.701833352795315,100.0
1450,0,30.782987816081427,30.782987816081427,100.0
1450,1,29.022160235704725,29.022160235704725,100.0
1450,2,40.19485194821385,40.19485194821385,100.0
1460,0,24.771341217134708,24.771341217134708,100.0
1460,1,45.813196854105406,45.813196854105406,100.0
1460,2,29.41546192875988,29.41546192875988,100.0
1470,0,23.371052159130723,23.371052159130723,100.0
1470,1,35.40110762697151,35.40110762697151,100.0
1470,2,41.22784021389777,41.22784021389777,100.0
1480,0,42.7430254584132,42.7430254584132,100.0
1480,1,32.67277408595913,32.67277408595913,100.0
1480,2,24.584200455627673,24.584200455627673,100.0
1490,0,32.7514045177921,32.7514045177921,100.0
1490,1,28.600734100546095,28.600734100546095,100.0
1490,2,38.647861381661805,38.647861381661805,100.0
1500,0,28.87623918339637,28.87623918339637,100.0
1500,1,26.370512146302648,26.370512146302648,100.0
1500,2,44.753248670300984,44.753248670300984,100.0
