timestamp,ueImsi,sliceId,dTxBytes,dRxBytes,plr,resourceSharePct,dLostPackets,throughputMbps,bufferBytes
560,1,0,24448,1528,93.75,24.46,15,1.2224,138611
560,2,0,24448,1528,93.75,24.46,15,1.2224,138613
560,3,0,24448,1528,93.75,24.46,15,1.2224,138576
560,4,0,24448,1528,93.75,24.46,15,1.2224,138577
560,5,0,24448,1528,93.75,24.46,15,1.2224,138569
560,6,1,780,624,20.00,36.32,2,0.4992,87
560,7,1,780,624,20.00,36.32,2,0.4992,126
560,8,1,780,624,20.00,36.32,2,0.4992,87
560,9,1,780,624,20.00,36.32,2,0.4992,87
560,10,1,780,624,20.00,36.32,2,0.4992,87
560,11,2,16000,896,94.40,39.21,118,0.7168,90378
560,12,2,16000,896,94.40,39.21,118,0.7168,90378
560,13,2,16000,896,94.40,39.21,118,0.7168,90363
560,14,2,16000,896,94.40,39.21,118,0.7168,90363
560,15,2,16000,896,94.40,39.21,118,0.7168,90435
560,16,2,16000,896,94.40,39.21,118,0.7168,90435
560,17,2,16000,896,94.40,39.21,118,0.7168,90450
560,18,2,16000,896,94.40,39.21,118,0.7168,90444
560,19,2,16000,896,94.40,39.21,118,0.7168,90433
560,20,2,16000,896,94.40,39.21,118,0.7168,90441
