timestamp,sliceId,dedicatedPRB,minPRB,maxPRB
510,0,22.02230615204662,22.02230615204662,100.0
510,1,57.27250060592859,57.27250060592859,100.0
510,2,20.705193242024787,20.705193242024787,100.0
520,0,44.452242387070285,44.452242387070285,100.0
520,1,24.515754166021956,24.515754166021956,100.0
520,2,31.03200344690775,31.03200344690775,100.0
530,0,32.17070294859089,32.17070294859089,100.0
530,1,41.603831052568694,41.603831052568694,100.0
530,2,26.225465998840424,26.225465998840424,100.0
540,0,49.46402356863566,49.46402356863566,100.0
540,1,29.165087713660675,29.165087713660675,100.0
540,2,21.37088871770367,21.37088871770367,100.0
550,0,42.88025958881999,42.88025958881999,100.0
550,1,29.971285631031634,29.971285631031634,100.0
550,2,27.148454780148374,27.148454780148374,100.0
560,0,32.13782286518597,32.13782286518597,100.0
560,1,47.858702529176874,47.858702529176874,100.0
560,2,20.00347460563716,20.00347460563716,100.0
570,0,37.50795164330499,37.50795164330499,100.0
570,1,29.217630584378778,29.217630584378778,100.0
570,2,33.274417772316234,33.274417772316234,100.0
580,0,23.00842961186905,23.00842961186905,100.0
580,1,31.478097285004836,31.478097285004836,100.0
580,2,45.51347310312612,45.51347310312612,100.0
590,0,34.05796643590292,34.05796643590292,100.0
590,1,36.06538610507857,36.06538610507857,100.0
590,2,29.876647459018514,29.876647459018514,100.0
600,0,22.67216254522369,22.67216254522369,100.0
600,1,46.4239771431393,46.4239771431393,100.0
600,2,30.903860311637015,30.903860311637015,100.0
610,0,21.177890287401997,21.177890287401997,100.0
610,1,41.538038215423775,41.538038215423775,100.0
610,2,37.284071497174224,37.284071497174224,100.0
620,0,30.974616994780625,30.974616994780625,100.0
620,1,30.80108703888741,30.80108703888741,100.0
620,2,38.224295966331965,38.224295966331965,100.0
630,0,21.90900366042727,21.90900366042727,100.0
630,1,37.02210704090955,37.02210704090955,100.0
630,2,41.06888929866319,41.06888929866319,100.0
640,0,33.330387549581246,33.330387549581246,100.0
640,1,26.90963592087176,26.90963592087176,100.0
640,2,39.75997652954699,39.75997652954699,100.0
650,0,22.874812672695345,22.874812672695345,100.0
650,1,54.098455642225375,54.098455642225375,100.0
650,2,23.026731685079277,23.026731685079277,100.0
660,0,25.277114313542853,25.277114313542853,100.0
660,1,48.28732376385919,48.28732376385919,100.0
660,2,26.435561922597948,26.435561922597948,100.0
670,0,26.885386811681087,26.885386811681087,100.0
670,1,50.611728762954186,50.611728762954186,100.0
670,2,22.502884425364726,22.502884425364726,100.0
680,0,20.210939009224163,20.210939009224163,100.0
680,1,43.11919109421758,43.11919109421758,100.0
680,2,36.66986989655826,36.66986989655826,100.0
690,0,27.476878325081234,27.476878325081234,100.0
690,1,32.97733923871881,32.97733923871881,100.0
690,2,39.54578243619995,39.54578243619995,100.0
700,0,23.2650643271653,23.2650643271653,100.0
700,1,56.95736794450432,56.95736794450432,100.0
700,2,19.777567728330375,19.777567728330375,100.0
710,0,23.562665102726925,23.562665102726925,100.0
710,1,51.09771945912166,51.09771945912166,100.0
710,2,25.339615438151426,25.339615438151426,100.0
720,0,27.755809601521353,27.755809601521353,100.0
720,1,38.83416110683483,38.83416110683483,100.0
720,2,33.410029291643816,33.410029291643816,100.0
730,0,24.509658458855185,24.509658458855185,100.0
730,1,33.017428196160694,33.017428196160694,100.0
730,2,42.47291334498412,42.47291334498412,100.0
740,0,21.689065103636786,21.689065103636786,100.0
740,1,48.92380862986504,48.92380862986504,100.0
740,2,29.387126266498175,29.387126266498175,100.0
750,0,30.845118416791905,30.845118416791905,100.0
750,1,28.59742705283971,28.59742705283971,100.0
750,2,40.55745453036839,40.55745453036839,100.0
760,0,22.784415997862432,22.784415997862432,100.0
760,1,56.69409146461349,56.69409146461349,100.0
760,2,20.521492537524082,20.521492537524082,100.0
770,0,27.47211316544184,27.47211316544184,100.0
770,1,47.362732061697024,47.362732061697024,100.0
770,2,25.165154772861133,25.165154772861133,100.0
780,0,26.614351809827347,26.614351809827347,100.0
780,1,51.40096566656569,51.40096566656569,100.0
780,2,21.98468252360697,21.98468252360697,100.0
790,0,43.97148997799412,43.97148997799412,100.0
790,1,26.991015472011814,26.991015472011814,100.0
790,2,29.037494549994065,29.037494549994065,100.0
800,0,29.638568204909017,29.638568204909017,100.0
800,1,48.94528092518,48.94528092518,100.0
800,2,21.416150869910993,21.416150869910993,100.0
810,0,30.57475510998301,30.57475510998301,100.0
810,1,42.57417164287124,42.57417164287124,100.0
810,2,26.851073247145752,26.851073247145752,100.0
820,0,29.655316718146242,29.655316718146242,100.0
820,1,28.670361075944186,28.670361075944186,100.0
820,2,41.67432220590959,41.67432220590959,100.0
830,0,27.183607447099394,27.183607447099394,100.0
830,1,51.85053928560194,51.85053928560194,100.0
830,2,20.965853267298673,20.965853267298673,100.0
840,0,28.0331802391661,28.0331802391661,100.0
840,1,27.703420279442696,27.703420279442696,100.0
840,2,44.26339948139121,44.26339948139121,100.0
850,0,32.35394205936765,32.35394205936765,100.0
850,1,40.1601076785677,40.1601076785677,100.0
850,2,27.485950262064662,27.485950262064662,100.0
860,0,25.050324548517505,25.050324548517505,100.0
860,1,31.184835361791674,31.184835361791674,100.0
860,2,43.76484008969083,43.76484008969083,100.0
870,0,22.995795913726713,22.995795913726713,100.0
870,1,40.879656184826146,40.879656184826146,100.0
870,2,36.124547901447144,36.124547901447144,100.0
880,0,34.788380206180705,34.788380206180705,100.0
880,1,30.396892704251744,30.396892704251744,100.0
880,2,34.81472708956756,34.81472708956756,100.0
890,0,24.158948480272734,24.158948480272734,100.0
890,1,42.0017267967847,42.0017267967847,100.0
890,2,33.839324722942564,33.839324722942564,100.0
900,0,20.523268648878258,20.523268648878258,100.0
900,1,38.94071230992214,38.94071230992214,100.0
900,2,40.5360190411996,40.5360190411996,100.0
910,0,21.457798837151074,21.457798837151074,100.0
910,1,38.205633173559306,38.205633173559306,100.0
910,2,40.33656798928962,40.33656798928962,100.0
920,0,26.01855631241824,26.01855631241824,100.0
920,1,42.16825626473647,42.16825626473647,100.0
920,2,31.81318742284529,31.81318742284529,100.0
930,0,34.38082843847522,34.38082843847522,100.0
930,1,38.527765341930724,38.527765341930724,100.0
930,2,27.09140621959406,27.09140621959406,100.0
940,0,23.116008585956482,23.116008585956482,100.0
940,1,46.60617315989408,46.60617315989408,100.0
940,2,30.27781825414944,30.27781825414944,100.0
950,0,25.177081254576137,25.177081254576137,100.0
950,1,40.5933109433262,40.5933109433262,100.0
950,2,34.22960780209766,34.22960780209766,100.0
960,0,27.52258296391602,27.52258296391602,100.0
960,1,32.54849155549409,32.54849155549409,100.0
960,2,39.928925480589896,39.928925480589896,100.0
970,0,29.667713640199118,29.667713640199118,100.0
970,1,34.03442620630018,34.03442620630018,100.0
970,2,36.29786015350069,36.29786015350069,100.0
980,0,30.803203924189955,30.803203924189955,100.0
980,1,35.085374776599366,35.085374776599366,100.0
980,2,34.11142129921069,34.11142129921069,100.0
990,0,25.787258120245504,25.787258120245504,100.0
990,1,40.07179835191301,40.07179835191301,100.0
990,2,34.140943527841486,34.140943527841486,100.0
1000,0,28.019032812216516,28.019032812216516,100.0
1000,1,33.85747785226876,33.85747785226876,100.0
1000,2,38.12348933551473,38.12348933551473,100.0
1010,0,22.01353980877468,22.01353980877468,100.0
1010,1,48.16077851880095,48.16077851880095,100.0
1010,2,29.825681672424366,29.825681672424366,100.0
1020,0,23.479075471791848,23.479075471791848,100.0
1020,1,35.97615767494743,35.97615767494743,100.0
1020,2,40.544766853260725,40.544766853260725,100.0
1030,0,30.21505804115711,30.21505804115711,100.0
1030,1,46.56956592044192,46.56956592044192,100.0
1030,2,23.21537603840097,23.21537603840097,100.0
1040,0,35.84867841610181,35.84867841610181,100.0
1040,1,39.361229117920516,39.361229117920516,100.0
1040,2,24.790092465977676,24.790092465977676,100.0
1050,0,23.136758990236,23.136758990236,100.0
1050,1,53.06028873471173,53.06028873471173,100.0
1050,2,23.802952275052263,23.802952275052263,100.0
1060,0,26.678321632605684,26.678321632605684,100.0
1060,1,37.76515000531882,37.76515000531882,100.0
1060,2,35.55652836207548,35.55652836207548,100.0
1070,0,35.22166958809218,35.22166958809218,100.0
1070,1,39.29143998658262,39.29143998658262,100.0
1070,2,25.4868904253252,25.4868904253252,100.0
1080,0,23.890730495723705,23.890730495723705,100.0
1080,1,52.48436586086914,52.48436586086914,100.0
1080,2,23.624903643407144,23.624903643407144,100.0
1090,0,25.886483819801953,25.886483819801953,100.0
1090,1,36.597277822441484,36.597277822441484,100.0
1090,2,37.51623835775657,37.51623835775657,100.0
1100,0,32.5760026799693,32.5760026799693,100.0
1100,1,39.48110428838492,39.48110428838492,100.0
1100,2,27.94289303164578,27.94289303164578,100.0
1110,0,24.33132288461205,24.33132288461205,100.0
1110,1,35.571684384415114,35.571684384415114,100.0
1110,2,40.096992730972836,40.096992730972836,100.0
1120,0,23.31498773413367,23.31498773413367,100.0
1120,1,30.279372992425884,30.279372992425884,100.0
1120,2,46.40563927344045,46.40563927344045,100.0
1130,0,31.808276598506,31.808276598506,100.0
1130,1,31.780049117878008,31.780049117878008,100.0
1130,2,36.411674283616,36.411674283616,100.0
1140,0,21.39734151764608,21.39734151764608,100.0
1140,1,37.93668406044917,37.93668406044917,100.0
1140,2,40.665974421904764,40.665974421904764,100.0
1150,0,32.62886783784151,32.62886783784151,100.0
1150,1,49.62661578423255,49.62661578423255,100.0
1150,2,17.74451637792594,17.74451637792594,100.0
1160,0,22.63704493626617,22.63704493626617,100.0
1160,1,42.923401219783756,42.923401219783756,100.0
1160,2,34.43955384395008,34.43955384395008,100.0
1170,0,24.17612995506906,24.17612995506906,100.0
1170,1,37.26274084071158,37.26274084071158,100.0
1170,2,38.56112920421937,38.56112920421937,100.0
1180,0,30.33966082633729,30.33966082633729,100.0
1180,1,45.65816919341228,45.65816919341228,100.0
1180,2,24.002169980250425,24.002169980250425,100.0
1190,0,24.850947544348244,24.850947544348244,100.0
1190,1,54.52682280296067,54.52682280296067,100.0
1190,2,20.622229652691075,20.622229652691075,100.0
1200,0,21.543052417700046,21.543052417700046,100.0
1200,1,43.64533514540355,43.64533514540355,100.0
1200,2,34.811612436896404,34.811612436896404,100.0
1210,0,26.122093173198575,26.122093173198575,100.0
1210,1,37.44305457859311,37.44305457859311,100.0
1210,2,36.43485224820833,36.43485224820833,100.0
1220,0,24.024850919689918,24.024850919689918,100.0
1220,1,52.28802011131103,52.28802011131103,100.0
1220,2,23.687128968999062,23.687128968999062,100.0
1230,0,21.068457216542207,21.068457216542207,100.0
1230,1,37.20591732313452,37.20591732313452,100.0
1230,2,41.72562546032328,41.72562546032328,100.0
1240,0,29.022257404061225,29.022257404061225,100.0
1240,1,46.153681273608086,46.153681273608086,100.0
1240,2,24.824061322330692,24.824061322330692,100.0
1250,0,20.040946522322972,20.040946522322972,100.0
1250,1,44.05776343776261,44.05776343776261,100.0
1250,2,35.90129003991442,35.90129003991442,100.0
1260,0,21.63684405083378,21.63684405083378,100.0
1260,1,49.0792617409916,49.0792617409916,100.0
1260,2,29.283894208174623,29.283894208174623,100.0
1270,0,28.676153770700363,28.676153770700363,100.0
1270,1,31.997199284541644,31.997199284541644,100.0
1270,2,39.32664694475799,39.32664694475799,100.0
1280,0,24.824406358564605,24.824406358564605,100.0
1280,1,26.900184391657728,26.900184391657728,100.0
1280,2,48.27540924977767,48.27540924977767,100.0
1290,0,27.444559017133802,27.444559017133802,100.0
1290,1,47.31119899974928,47.31119899974928,100.0
1290,2,25.244241983116915,25.244241983116915,100.0
1300,0,22.62500067056316,22.62500067056316,100.0
1300,1,41.21382651481776,41.21382651481776,100.0
1300,2,36.16117281461908,36.16117281461908,100.0
1310,0,33.667583176839,33.667583176839,100.0
1310,1,41.695715492577236,41.695715492577236,100.0
1310,2,24.636701330583772,24.636701330583772,100.0
1320,0,25.128654197554827,25.128654197554827,100.0
1320,1,35.76987257041064,35.76987257041064,100.0
1320,2,39.101473232034536,39.101473232034536,100.0
1330,0,23.673968489560547,23.673968489560547,100.0
1330,1,56.63746375581212,56.63746375581212,100.0
1330,2,19.68856775462733,19.68856775462733,100.0
1340,0,30.91276259232612,30.91276259232612,100.0
1340,1,46.50406287544299,46.50406287544299,100.0
1340,2,22.58317453223088,22.58317453223088,100.0
1350,0,25.603947404756582,25.603947404756582,100.0
1350,1,53.53817963830838,53.53817963830838,100.0
1350,2,20.85787295693504,20.85787295693504,100.0
1360,0,22.987010468547844,22.987010468547844,100.0
1360,1,42.855435349495785,42.855435349495785,100.0
1360,2,34.15755418195637,34.15755418195637,100.0
1370,0,25.611230718401412,25.611230718401412,100.0
1370,1,40.13111506844417,40.13111506844417,100.0
1370,2,34.25765421315442,34.25765421315442,100.0
1380,0,27.928607333809353,27.928607333809353,100.0
1380,1,49.36243730159543,49.36243730159543,100.0
1380,2,22.70895536459522,22.70895536459522,100.0
1390,0,38.343703121489455,38.343703121489455,100.0
1390,1,42.94271837831114,42.94271837831114,100.0
1390,2,18.713578500199407,18.713578500199407,100.0
1400,0,22.430543819099697,22.430543819099697,100.0
1400,1,55.63234773799222,55.63234773799222,100.0
1400,2,21.937108442908094,21.937108442908094,100.0
1410,0,28.743648384247255,28.743648384247255,100.0
1410,1,39.75757279257587,39.75757279257587,100.0
1410,2,31.49877882317687,31.49877882317687,100.0
1420,0,23.270052332514823,23.270052332514823,100.0
1420,1,53.67911270502882,53.67911270502882,100.0
1420,2,23.050834962456364,23.050834962456364,100.0
1430,0,24.011937053631243,24.011937053631243,100.0
1430,1,47.631607331716864,47.631607331716864,100.0
1430,2,28.3564556146519,28.3564556146519,100.0
1440,0,22.381090688613096,22.381090688613096,100.0
1440,1,45.68237226414785,45.68237226414785,100.0
1440,2,31.93653704723906,31.93653704723906,100.0
1450,0,32.67850025707537,32.67850025707537,100.0
1450,1,47.232393403691944,47.232393403691944,100.0
1450,2,20.089106339232686,20.089106339232686,100.0
1460,0,21.78091665436332,21.78091665436332,100.0
1460,1,46.029170896473595,46.029170896473595,100.0
1460,2,32.18991244916308,32.18991244916308,100.0
1470,0,20.634024349068603,20.634024349068603,100.0
1470,1,42.153223166704315,42.153223166704315,100.0
1470,2,37.21275248422709,37.21275248422709,100.0
1480,0,22.842029779670824,22.842029779670824,100.0
1480,1,57.81837650778245,57.81837650778245,100.0
1480,2,19.339593712546716,19.339593712546716,100.0
1490,0,21.854116516016333,21.854116516016333,100.0
1490,1,45.408431323596744,45.408431323596744,100.0
1490,2,32.73745216038692,32.73745216038692,100.0
1500,0,20.938424020903188,20.938424020903188,100.0
1500,1,41.44784970530363,41.44784970530363,100.0
1500,2,37.613726273793176,37.613726273793176,100.0
