timestamp,ueImsi,sliceId,dTxBytes,dRxBytes,plr,resourceSharePct,dLostPackets,throughputMbps,bufferBytes
560,1,0,24448,3056,87.50,30.94,14,2.4448,135907
560,2,0,24448,3056,87.50,30.94,14,2.4448,135808
560,3,0,24448,3056,87.50,30.94,14,2.4448,135818
560,4,0,24448,3056,87.50,30.94,14,2.4448,135818
560,5,0,24448,3056,87.50,30.94,14,2.4448,135821
560,6,1,390,312,20.00,39.18,1,0.2496,169
560,7,1,390,312,20.00,39.18,1,0.2496,169
560,8,1,390,312,20.00,39.18,1,0.2496,169
560,9,1,390,312,20.00,39.18,1,0.2496,169
560,10,1,390,312,20.00,39.18,1,0.2496,169
560,11,2,16000,896,94.40,29.88,118,0.7168,89924
560,12,2,16000,896,94.40,29.88,118,0.7168,89926
560,13,2,16000,896,94.40,29.88,118,0.7168,89911
560,14,2,16000,896,94.40,29.88,118,0.7168,89922
560,15,2,16000,1024,93.60,29.88,117,0.8192,89992
560,16,2,16000,1024,93.60,29.88,117,0.8192,89993
560,17,2,16000,896,94.40,29.88,118,0.7168,89962
560,18,2,16000,896,94.40,29.88,118,0.7168,89887
560,19,2,16000,896,94.40,29.88,118,0.7168,89983
560,20,2,16000,1024,93.60,29.88,117,0.8192,89989
