timestamp,ueImsi,sliceId,dTxBytes,dRxBytes,plr,resourceSharePct,dLostPackets,throughputMbps,bufferBytes,dlBufferBytes,ulBufferBytes,macBufferBytes,congestionPct,lastDrlActionStatus
9900,1,0,128736,0,100.00,28.19,112,0.0000,1199910,70966,1199910,1270876,12.12,applied
9900,2,0,128736,47892,65.18,28.19,73,3.8314,1200005,69503,1200005,1269508,12.11,applied
9900,3,0,128736,51576,62.50,28.19,70,4.1261,1200005,69510,1200005,1269515,12.11,applied
9900,4,0,128736,0,100.00,28.19,112,0.0000,34,72368,34,72402,0.69,applied
9900,5,0,128736,0,100.00,28.19,112,0.0000,2019,69460,2019,71479,0.68,applied
9900,6,1,0,0,0.00,44.84,0,0.0000,34,0,34,34,0.00,applied
9900,7,1,0,0,0.00,44.84,0,0.0000,34,0,34,34,0.00,applied
9900,8,1,0,0,0.00,44.84,0,0.0000,34,0,34,34,0.00,applied
9900,9,1,0,0,0.00,44.84,0,0.0000,34,0,34,34,0.00,applied
9900,10,1,0,0,0.00,44.84,0,0.0000,34,0,34,34,0.00,applied
9900,11,1,0,0,0.00,44.84,0,0.0000,34,0,34,34,0.00,applied
9900,12,1,0,0,0.00,44.84,0,0.0000,34,0,34,34,0.00,applied
9900,13,1,0,0,0.00,44.84,0,0.0000,34,0,34,34,0.00,applied
9900,14,2,65200,940,90.00,26.96,45,0.0752,4613340,4613340,51,4613391,44.00,applied
9900,15,2,65200,0,100.00,26.96,50,0.0000,4613506,4613506,51,4613557,44.00,applied
9900,16,2,65200,940,90.00,26.96,45,0.0752,4613409,4613409,51,4613460,44.00,applied
9900,17,2,65200,0,100.00,26.96,50,0.0000,4616821,4616821,51,4616872,44.03,applied
9900,18,2,65200,0,100.00,26.96,50,0.0000,4613581,4613581,51,4613632,44.00,applied
