timestamp,ueImsi,sliceId,dTxBytes,dRxBytes,plr,resourceSharePct,dLostPackets,throughputMbps,bufferBytes
560,1,0,24448,3056,87.50,31.45,14,2.4448,134272
560,2,0,24448,3056,87.50,31.45,14,2.4448,134279
560,3,0,24448,3056,87.50,31.45,14,2.4448,134279
560,4,0,24448,3056,87.50,31.45,14,2.4448,134174
560,5,0,24448,3056,87.50,31.45,14,2.4448,134269
560,6,1,390,312,20.00,32.08,1,0.2496,169
560,7,1,390,312,20.00,32.08,1,0.2496,169
560,8,1,390,312,20.00,32.08,1,0.2496,169
560,9,1,390,312,20.00,32.08,1,0.2496,169
560,10,1,390,312,20.00,32.08,1,0.2496,169
560,11,2,16000,1024,93.60,36.46,117,0.8192,90314
560,12,2,16000,1024,93.60,36.46,117,0.8192,90315
560,13,2,16000,1024,93.60,36.46,117,0.8192,90330
560,14,2,16000,1024,93.60,36.46,117,0.8192,90329
560,15,2,16000,896,94.40,36.46,118,0.7168,90269
560,16,2,16000,896,94.40,36.46,118,0.7168,90269
560,17,2,16000,896,94.40,36.46,118,0.7168,90269
560,18,2,16000,1024,93.60,36.46,117,0.8192,90277
560,19,2,16000,1024,93.60,36.46,117,0.8192,90360
560,20,2,16000,896,94.40,36.46,118,0.7168,90359
