timestamp,sliceId,dedicatedPRB,minPRB,maxPRB
510,0,24.352144146110838,24.352144146110838,100.0
510,1,49.19853696508119,49.19853696508119,100.0
510,2,26.449318888807973,26.449318888807973,100.0
520,0,36.55217737975738,36.55217737975738,100.0
520,1,35.8176023425387,35.8176023425387,100.0
520,2,27.63022027770392,27.63022027770392,100.0
530,0,26.05601240501368,26.05601240501368,100.0
530,1,47.48613334067578,47.48613334067578,100.0
530,2,26.457854254310536,26.457854254310536,100.0
540,0,39.42789841821619,39.42789841821619,100.0
540,1,36.523861720047066,36.523861720047066,100.0
540,2,24.048239861736736,24.048239861736736,100.0
550,0,36.28971900345715,36.28971900345715,100.0
550,1,25.498067832528687,25.498067832528687,100.0
550,2,38.212213164014166,38.212213164014166,100.0
