timestamp,sliceId,dedicatedPRB,minPRB,maxPRB
510,0,32.176910814851034,32.176910814851034,100.0
510,1,45.48864111549336,45.48864111549336,100.0
510,2,22.334448069655615,22.334448069655615,100.0
520,0,35.00129766606569,35.00129766606569,100.0
520,1,37.42359037791753,37.42359037791753,100.0
520,2,27.575111956016784,27.575111956016784,100.0
530,0,29.92738816554743,29.92738816554743,100.0
530,1,30.21871048932223,30.21871048932223,100.0
530,2,39.85390134513034,39.85390134513034,100.0
540,0,29.61554934419785,29.61554934419785,100.0
540,1,25.12414607617676,25.12414607617676,100.0
540,2,45.26030457962539,45.26030457962539,100.0
550,0,33.034715753338595,33.034715753338595,100.0
550,1,40.97781307180873,40.97781307180873,100.0
550,2,25.987471174852683,25.987471174852683,100.0
560,0,22.45691692685763,22.45691692685763,100.0
560,1,40.64854149292718,40.64854149292718,100.0
560,2,36.8945415802152,36.8945415802152,100.0
570,0,36.359126017678534,36.359126017678534,100.0
570,1,25.02313733398256,25.02313733398256,100.0
570,2,38.617736648338905,38.617736648338905,100.0
580,0,23.4133198435996,23.4133198435996,100.0
580,1,39.87814691332138,39.87814691332138,100.0
580,2,36.708533243079025,36.708533243079025,100.0
590,0,47.25604251844104,47.25604251844104,100.0
590,1,24.901316472362133,24.901316472362133,100.0
590,2,27.84264100919682,27.84264100919682,100.0
600,0,41.47681449774661,41.47681449774661,100.0
600,1,34.69195804335122,34.69195804335122,100.0
600,2,23.831227458902166,23.831227458902166,100.0
610,0,36.75338359965052,36.75338359965052,100.0
610,1,40.20674161042516,40.20674161042516,100.0
610,2,23.039874789924326,23.039874789924326,100.0
620,0,26.172686312029448,26.172686312029448,100.0
620,1,35.73356018841117,35.73356018841117,100.0
620,2,38.093753499559384,38.093753499559384,100.0
630,0,35.1024652837571,35.1024652837571,100.0
630,1,39.16166338433489,39.16166338433489,100.0
630,2,25.735871331908005,25.735871331908005,100.0
640,0,34.7146666555935,34.7146666555935,100.0
640,1,29.826340817324002,29.826340817324002,100.0
640,2,35.458992527082515,35.458992527082515,100.0
650,0,24.503998678015503,24.503998678015503,100.0
650,1,54.96238047712991,54.96238047712991,100.0
650,2,20.53362084485458,20.53362084485458,100.0
660,0,53.42331946189207,53.42331946189207,100.0
660,1,26.76660611520446,26.76660611520446,100.0
660,2,19.810074422903465,19.810074422903465,100.0
670,0,31.994672484015307,31.994672484015307,100.0
670,1,40.16848870120199,40.16848870120199,100.0
670,2,27.836838814782705,27.836838814782705,100.0
680,0,43.873831031233316,43.873831031233316,100.0
680,1,33.829850230842894,33.829850230842894,100.0
680,2,22.296318737923798,22.296318737923798,100.0
690,0,26.649968412932147,26.649968412932147,100.0
690,1,36.760585843083106,36.760585843083106,100.0
690,2,36.58944574398475,36.58944574398475,100.0
700,0,23.22458713390201,23.22458713390201,100.0
700,1,37.01754987718354,37.01754987718354,100.0
700,2,39.75786298891445,39.75786298891445,100.0
710,0,21.88520025650501,21.88520025650501,100.0
710,1,39.58279947241504,39.58279947241504,100.0
710,2,38.532000271079944,38.532000271079944,100.0
720,0,38.506540148209794,38.506540148209794,100.0
720,1,25.11019684397029,25.11019684397029,100.0
720,2,36.38326300781993,36.38326300781993,100.0
730,0,37.82638288771086,37.82638288771086,100.0
730,1,39.73684487851272,39.73684487851272,100.0
730,2,22.436772233776427,22.436772233776427,100.0
740,0,37.57045977022745,37.57045977022745,100.0
740,1,34.98230987499454,34.98230987499454,100.0
740,2,27.447230354778007,27.447230354778007,100.0
750,0,29.857956376849202,29.857956376849202,100.0
750,1,40.681238398438836,40.681238398438836,100.0
750,2,29.460805224711965,29.460805224711965,100.0
760,0,30.338693677328678,30.338693677328678,100.0
760,1,25.70523773969939,25.70523773969939,100.0
760,2,43.95606858297194,43.95606858297194,100.0
770,0,30.99120211653107,30.99120211653107,100.0
770,1,26.94457740466235,26.94457740466235,100.0
770,2,42.06422047880659,42.06422047880659,100.0
780,0,27.12412407081884,27.12412407081884,100.0
780,1,35.07090196764494,35.07090196764494,100.0
780,2,37.804973961536234,37.804973961536234,100.0
790,0,26.25246591862032,26.25246591862032,100.0
790,1,35.19373938282683,35.19373938282683,100.0
790,2,38.55379469855285,38.55379469855285,100.0
800,0,38.02027310671859,38.02027310671859,100.0
800,1,42.415474522715435,42.415474522715435,100.0
800,2,19.564252370565978,19.564252370565978,100.0
810,0,36.33557887316587,36.33557887316587,100.0
810,1,24.43908532646875,24.43908532646875,100.0
810,2,39.22533580036538,39.22533580036538,100.0
820,0,24.98485662453439,24.98485662453439,100.0
820,1,32.57039434004141,32.57039434004141,100.0
820,2,42.44474903542421,42.44474903542421,100.0
830,0,29.478232130053634,29.478232130053634,100.0
830,1,49.935048019244796,49.935048019244796,100.0
830,2,20.58671985070157,20.58671985070157,100.0
840,0,37.44047467249767,37.44047467249767,100.0
840,1,28.558154962032418,28.558154962032418,100.0
840,2,34.00137036546991,34.00137036546991,100.0
850,0,43.30821099788843,43.30821099788843,100.0
850,1,25.033809397344122,25.033809397344122,100.0
850,2,31.65797960476745,31.65797960476745,100.0
860,0,39.06413948672514,39.06413948672514,100.0
860,1,33.94606411353166,33.94606411353166,100.0
860,2,26.989796399743206,26.989796399743206,100.0
870,0,25.14349223324549,25.14349223324549,100.0
870,1,42.80320372241248,42.80320372241248,100.0
870,2,32.05330404434202,32.05330404434202,100.0
880,0,48.93250997448108,48.93250997448108,100.0
880,1,28.536297110039943,28.536297110039943,100.0
880,2,22.531192915478986,22.531192915478986,100.0
890,0,30.044384080738762,30.044384080738762,100.0
890,1,42.8218980024112,42.8218980024112,100.0
890,2,27.133717916850042,27.133717916850042,100.0
900,0,25.654467868106174,25.654467868106174,100.0
900,1,52.13710447772397,52.13710447772397,100.0
900,2,22.208427654169864,22.208427654169864,100.0
910,0,39.458900662000836,39.458900662000836,100.0
910,1,33.03247498396343,33.03247498396343,100.0
910,2,27.50862435403573,27.50862435403573,100.0
920,0,30.19009203754531,30.19009203754531,100.0
920,1,48.83793582431767,48.83793582431767,100.0
920,2,20.971972138137023,20.971972138137023,100.0
930,0,35.74034558583109,35.74034558583109,100.0
930,1,30.12721903180585,30.12721903180585,100.0
930,2,34.132435382363056,34.132435382363056,100.0
940,0,24.819181304715187,24.819181304715187,100.0
940,1,42.01792692229932,42.01792692229932,100.0
940,2,33.16289177298549,33.16289177298549,100.0
950,0,27.20501117917139,27.20501117917139,100.0
950,1,50.73027161399801,50.73027161399801,100.0
950,2,22.064717206830604,22.064717206830604,100.0
960,0,35.782419673350994,35.782419673350994,100.0
960,1,32.41756103920689,32.41756103920689,100.0
960,2,31.800019287442115,31.800019287442115,100.0
970,0,33.02471114651422,33.02471114651422,100.0
970,1,34.16108528702188,34.16108528702188,100.0
970,2,32.81420356646391,32.81420356646391,100.0
980,0,42.08529574124741,42.08529574124741,100.0
980,1,32.4731880588103,32.4731880588103,100.0
980,2,25.44151619994228,25.44151619994228,100.0
990,0,31.901374447431465,31.901374447431465,100.0
990,1,42.165085585271925,42.165085585271925,100.0
990,2,25.93353996729662,25.93353996729662,100.0
1000,0,42.427366902218026,42.427366902218026,100.0
1000,1,25.142043852305473,25.142043852305473,100.0
1000,2,32.43058924547651,32.43058924547651,100.0
1010,0,32.94833888461313,32.94833888461313,100.0
1010,1,34.68827055222384,34.68827055222384,100.0
1010,2,32.36339056316303,32.36339056316303,100.0
1020,0,29.636313401637537,29.636313401637537,100.0
1020,1,28.283103029702584,28.283103029702584,100.0
1020,2,42.08058356865988,42.08058356865988,100.0
1030,0,45.42025324390415,45.42025324390415,100.0
1030,1,26.650419515249922,26.650419515249922,100.0
1030,2,27.929327240845925,27.929327240845925,100.0
1040,0,27.37839375008005,27.37839375008005,100.0
1040,1,30.806912355368077,30.806912355368077,100.0
1040,2,41.81469389455188,41.81469389455188,100.0
1050,0,24.274323708402832,24.274323708402832,100.0
1050,1,27.946205647672134,27.946205647672134,100.0
1050,2,47.77947064392502,47.77947064392502,100.0
1060,0,32.925821370465464,32.925821370465464,100.0
1060,1,32.9678307048594,32.9678307048594,100.0
1060,2,34.10634792467515,34.10634792467515,100.0
1070,0,36.94465519271365,36.94465519271365,100.0
1070,1,37.47186133550042,37.47186133550042,100.0
1070,2,25.58348347178593,25.58348347178593,100.0
1080,0,40.726990882909206,40.726990882909206,100.0
1080,1,34.37522226083299,34.37522226083299,100.0
1080,2,24.897786856257806,24.897786856257806,100.0
1090,0,26.09999791952189,26.09999791952189,100.0
1090,1,42.714751277175,42.714751277175,100.0
1090,2,31.18525080330311,31.18525080330311,100.0
1100,0,22.857653595701542,22.857653595701542,100.0
1100,1,38.21284032354624,38.21284032354624,100.0
1100,2,38.92950608075222,38.92950608075222,100.0
1110,0,25.853236413061463,25.853236413061463,100.0
1110,1,44.91816002903353,44.91816002903353,100.0
1110,2,29.228603557905007,29.228603557905007,100.0
1120,0,36.043182446500296,36.043182446500296,100.0
1120,1,43.65673896907507,43.65673896907507,100.0
1120,2,20.30007858442463,20.30007858442463,100.0
1130,0,42.15809077096326,42.15809077096326,100.0
1130,1,39.118277097187814,39.118277097187814,100.0
1130,2,18.723632131848923,18.723632131848923,100.0
1140,0,38.95010912455453,38.95010912455453,100.0
1140,1,32.84184303926033,32.84184303926033,100.0
1140,2,28.208047836185134,28.208047836185134,100.0
1150,0,41.65939385850487,41.65939385850487,100.0
1150,1,28.65962902859267,28.65962902859267,100.0
1150,2,29.68097711290246,29.68097711290246,100.0
1160,0,24.66193095714564,24.66193095714564,100.0
1160,1,37.56278852324949,37.56278852324949,100.0
1160,2,37.77528051960488,37.77528051960488,100.0
1170,0,39.34740037410063,39.34740037410063,100.0
1170,1,29.388419724642954,29.388419724642954,100.0
1170,2,31.264179901256412,31.264179901256412,100.0
1180,0,24.484066447195087,24.484066447195087,100.0
1180,1,29.999347687741036,29.999347687741036,100.0
1180,2,45.516585865063874,45.516585865063874,100.0
1190,0,23.709792872050865,23.709792872050865,100.0
1190,1,27.541378961769382,27.541378961769382,100.0
1190,2,48.748828166179756,48.748828166179756,100.0
1200,0,33.50903049070736,33.50903049070736,100.0
1200,1,36.5883968722996,36.5883968722996,100.0
1200,2,29.902572636993053,29.902572636993053,100.0
1210,0,36.38612919294373,36.38612919294373,100.0
1210,1,44.658899555906885,44.658899555906885,100.0
1210,2,18.954971251149384,18.954971251149384,100.0
1220,0,25.115262372097746,25.115262372097746,100.0
1220,1,40.52153001995263,40.52153001995263,100.0
1220,2,34.36320760794962,34.36320760794962,100.0
1230,0,35.78343720041869,35.78343720041869,100.0
1230,1,45.26541261443014,45.26541261443014,100.0
1230,2,18.95115018515117,18.95115018515117,100.0
1240,0,31.18702357800719,31.18702357800719,100.0
1240,1,48.519359110040156,48.519359110040156,100.0
1240,2,20.29361731195265,20.29361731195265,100.0
1250,0,28.000195941641202,28.000195941641202,100.0
1250,1,45.386325861334456,45.386325861334456,100.0
1250,2,26.61347819702434,26.61347819702434,100.0
1260,0,41.66286929907612,41.66286929907612,100.0
1260,1,37.03330566834938,37.03330566834938,100.0
1260,2,21.303825032574505,21.303825032574505,100.0
1270,0,36.45679133724427,36.45679133724427,100.0
1270,1,42.9368361649097,42.9368361649097,100.0
1270,2,20.606372497846024,20.606372497846024,100.0
1280,0,29.858922902963826,29.858922902963826,100.0
1280,1,35.03287409987933,35.03287409987933,100.0
1280,2,35.108202997156845,35.108202997156845,100.0
1290,0,33.467758718436755,33.467758718436755,100.0
1290,1,33.14933958149472,33.14933958149472,100.0
1290,2,33.38290170006852,33.38290170006852,100.0
1300,0,51.776933508022275,51.776933508022275,100.0
1300,1,26.889377647560153,26.889377647560153,100.0
1300,2,21.333688844417576,21.333688844417576,100.0
1310,0,54.096647216014595,54.096647216014595,100.0
1310,1,26.214953945194715,26.214953945194715,100.0
1310,2,19.688398838790693,19.688398838790693,100.0
1320,0,25.484600840859876,25.484600840859876,100.0
1320,1,31.0531781198784,31.0531781198784,100.0
1320,2,43.46222103926173,43.46222103926173,100.0
1330,0,25.683860331663144,25.683860331663144,100.0
1330,1,48.941053481503346,48.941053481503346,100.0
1330,2,25.375086186833514,25.375086186833514,100.0
1340,0,25.993546692003495,25.993546692003495,100.0
1340,1,48.47639099646547,48.47639099646547,100.0
1340,2,25.530062311531037,25.530062311531037,100.0
1350,0,36.46641743726139,36.46641743726139,100.0
1350,1,40.69194712587117,40.69194712587117,100.0
1350,2,22.841635436867445,22.841635436867445,100.0
1360,0,41.04381539693953,41.04381539693953,100.0
1360,1,33.038509119409575,33.038509119409575,100.0
1360,2,25.917675483650893,25.917675483650893,100.0
1370,0,33.80169226142259,33.80169226142259,100.0
1370,1,36.85678534474405,36.85678534474405,100.0
1370,2,29.34152239383337,29.34152239383337,100.0
1380,0,34.90408860863089,34.90408860863089,100.0
1380,1,29.04758425034002,29.04758425034002,100.0
1380,2,36.048327141029084,36.048327141029084,100.0
1390,0,24.406259745251496,24.406259745251496,100.0
1390,1,38.967241643028025,38.967241643028025,100.0
1390,2,36.62649861172047,36.62649861172047,100.0
1400,0,48.85780384156355,48.85780384156355,100.0
1400,1,29.982373359774883,29.982373359774883,100.0
1400,2,21.159822798661576,21.159822798661576,100.0
1410,0,28.92816089069255,28.92816089069255,100.0
1410,1,38.091078056391346,38.091078056391346,100.0
1410,2,32.98076105291611,32.98076105291611,100.0
1420,0,31.201066284568697,31.201066284568697,100.0
1420,1,35.68424597956718,35.68424597956718,100.0
1420,2,33.11468773586413,33.11468773586413,100.0
1430,0,43.59889301135649,43.59889301135649,100.0
1430,1,30.285815031896462,30.285815031896462,100.0
1430,2,26.115291956747043,26.115291956747043,100.0
1440,0,32.16166287310761,32.16166287310761,100.0
1440,1,40.313720546308865,40.313720546308865,100.0
1440,2,27.524616580583526,27.524616580583526,100.0
1450,0,44.5236240778135,44.5236240778135,100.0
1450,1,29.74223846636702,29.74223846636702,100.0
1450,2,25.73413745581949,25.73413745581949,100.0
1460,0,27.919701752972014,27.919701752972014,100.0
1460,1,39.821073635663716,39.821073635663716,100.0
1460,2,32.25922461136427,32.25922461136427,100.0
1470,0,51.347454449248445,51.347454449248445,100.0
1470,1,28.674374954444694,28.674374954444694,100.0
1470,2,19.978170596306867,19.978170596306867,100.0
1480,0,31.63157330411663,31.63157330411663,100.0
1480,1,44.085748539933256,44.085748539933256,100.0
1480,2,24.282678155950123,24.282678155950123,100.0
1490,0,39.1504341319299,39.1504341319299,100.0
1490,1,27.6968737166575,27.6968737166575,100.0
1490,2,33.152692151412595,33.152692151412595,100.0
1500,0,26.225783166401907,26.225783166401907,100.0
1500,1,29.01064014599328,29.01064014599328,100.0
1500,2,44.763576687604825,44.763576687604825,100.0
