timestamp,ueImsi,sliceId,dTxBytes,dRxBytes,plr,resourceSharePct,dLostPackets,throughputMbps,bufferBytes
1510,1,0,35144,0,100.00,22.50,23,0.0000,3181772
1510,2,0,35144,13752,60.87,22.50,14,11.0016,1754140
1510,3,1,1014,936,7.69,33.12,1,0.7488,87
1510,4,1,1014,936,7.69,33.12,1,0.7488,87
1510,5,2,256,0,100.00,44.39,2,0.0000,137
1510,6,2,256,256,0.00,44.39,0,0.2048,137
1510,7,2,256,0,100.00,44.39,2,0.0000,137
1510,8,2,256,256,0.00,44.39,0,0.2048,137
1510,9,2,256,256,0.00,44.39,0,0.2048,137
1510,10,2,256,0,100.00,44.39,2,0.0000,137
