timestamp,sliceId,dedicatedPRB,minPRB,maxPRB
510,0,34.99809702266655,34.99809702266655,100.0
510,1,44.93066216715354,44.93066216715354,100.0
510,2,20.0712408101799,20.0712408101799,100.0
520,0,42.10830766904255,42.10830766904255,100.0
520,1,36.62024086072881,36.62024086072881,100.0
520,2,21.271451470228627,21.271451470228627,100.0
530,0,33.77219764403721,33.77219764403721,100.0
530,1,35.43370636787638,35.43370636787638,100.0
530,2,30.7940959880864,30.7940959880864,100.0
540,0,28.044397356827915,28.044397356827915,100.0
540,1,38.71945627927948,38.71945627927948,100.0
540,2,33.23614636389261,33.23614636389261,100.0
550,0,42.4652277745313,42.4652277745313,100.0
550,1,23.940678724156957,23.940678724156957,100.0
550,2,33.59409350131175,33.59409350131175,100.0
560,0,32.035939365066135,32.035939365066135,100.0
560,1,41.465756291303485,41.465756291303485,100.0
560,2,26.498304343630387,26.498304343630387,100.0
570,0,35.371331504244516,35.371331504244516,100.0
570,1,30.54958345862341,30.54958345862341,100.0
570,2,34.07908503713207,34.07908503713207,100.0
580,0,35.13749068937327,35.13749068937327,100.0
580,1,29.044571298584543,29.044571298584543,100.0
580,2,35.81793801204219,35.81793801204219,100.0
590,0,23.78337815990105,23.78337815990105,100.0
590,1,29.208792610177387,29.208792610177387,100.0
590,2,47.00782922992156,47.00782922992156,100.0
600,0,43.43242179913299,43.43242179913299,100.0
600,1,32.881852990086045,32.881852990086045,100.0
600,2,23.685725210780955,23.685725210780955,100.0
610,0,31.674870333159944,31.674870333159944,100.0
610,1,43.18993177216984,43.18993177216984,100.0
610,2,25.135197894670213,25.135197894670213,100.0
620,0,28.92410982446115,28.92410982446115,100.0
620,1,29.184378924425936,29.184378924425936,100.0
620,2,41.89151125111291,41.89151125111291,100.0
630,0,41.69184902245934,41.69184902245934,100.0
630,1,31.24136986956543,31.24136986956543,100.0
630,2,27.066781107975235,27.066781107975235,100.0
640,0,40.139426393787446,40.139426393787446,100.0
640,1,36.2920318078245,36.2920318078245,100.0
640,2,23.56854179838805,23.56854179838805,100.0
650,0,40.284681697248246,40.284681697248246,100.0
650,1,39.3265897766686,39.3265897766686,100.0
650,2,20.388728526083156,20.388728526083156,100.0
660,0,29.815331241964348,29.815331241964348,100.0
660,1,41.63319820628333,41.63319820628333,100.0
660,2,28.551470551752328,28.551470551752328,100.0
670,0,50.00643848950931,50.00643848950931,100.0
670,1,28.037396935200775,28.037396935200775,100.0
670,2,21.956164575289915,21.956164575289915,100.0
680,0,30.010201119268732,30.010201119268732,100.0
680,1,33.52160329936242,33.52160329936242,100.0
680,2,36.468195581368846,36.468195581368846,100.0
690,0,35.03681990535209,35.03681990535209,100.0
690,1,27.476074279932728,27.476074279932728,100.0
690,2,37.487105814715186,37.487105814715186,100.0
700,0,26.47597725181779,26.47597725181779,100.0
700,1,29.64769825726355,29.64769825726355,100.0
700,2,43.87632449091866,43.87632449091866,100.0
710,0,30.99740201758773,30.99740201758773,100.0
710,1,40.539871558240904,40.539871558240904,100.0
710,2,28.462726424171365,28.462726424171365,100.0
720,0,36.578506955105624,36.578506955105624,100.0
720,1,39.9094290554215,39.9094290554215,100.0
720,2,23.512063989472885,23.512063989472885,100.0
730,0,39.64705161990651,39.64705161990651,100.0
730,1,26.409268763622695,26.409268763622695,100.0
730,2,33.943679616470796,33.943679616470796,100.0
740,0,36.26000890238372,36.26000890238372,100.0
740,1,32.40754210660788,32.40754210660788,100.0
740,2,31.332448991008416,31.332448991008416,100.0
750,0,35.48449897737971,35.48449897737971,100.0
750,1,32.816267480791836,32.816267480791836,100.0
750,2,31.69923354182846,31.69923354182846,100.0
760,0,36.14204610904197,36.14204610904197,100.0
760,1,26.653880579175638,26.653880579175638,100.0
760,2,37.2040733117824,37.2040733117824,100.0
770,0,27.524213575301548,27.524213575301548,100.0
770,1,48.33894015169375,48.33894015169375,100.0
770,2,24.136846273004714,24.136846273004714,100.0
780,0,28.529653792109507,28.529653792109507,100.0
780,1,31.220818442564113,31.220818442564113,100.0
780,2,40.249527765326384,40.249527765326384,100.0
790,0,34.79178760872775,34.79178760872775,100.0
790,1,25.57151407930025,25.57151407930025,100.0
790,2,39.636698311972,39.636698311972,100.0
800,0,45.77722825819792,45.77722825819792,100.0
800,1,35.31185299213258,35.31185299213258,100.0
800,2,18.9109187496695,18.9109187496695,100.0
810,0,25.425491962935,25.425491962935,100.0
810,1,46.13828232354789,46.13828232354789,100.0
810,2,28.436225713517118,28.436225713517118,100.0
820,0,45.91635901713307,45.91635901713307,100.0
820,1,33.442408160427874,33.442408160427874,100.0
820,2,20.641232822439054,20.641232822439054,100.0
830,0,29.874687906794428,29.874687906794428,100.0
830,1,30.04514351789541,30.04514351789541,100.0
830,2,40.08016857531016,40.08016857531016,100.0
840,0,36.22407747059913,36.22407747059913,100.0
840,1,25.024366326001545,25.024366326001545,100.0
840,2,38.75155620339933,38.75155620339933,100.0
850,0,29.54331058442905,29.54331058442905,100.0
850,1,28.800502228721626,28.800502228721626,100.0
850,2,41.65618718684932,41.65618718684932,100.0
860,0,36.734074262673,36.734074262673,100.0
860,1,36.09337689919478,36.09337689919478,100.0
860,2,27.172548838132222,27.172548838132222,100.0
870,0,35.227906055249726,35.227906055249726,100.0
870,1,35.250980113704564,35.250980113704564,100.0
870,2,29.52111383104571,29.52111383104571,100.0
880,0,25.453329036041783,25.453329036041783,100.0
880,1,30.572249654581952,30.572249654581952,100.0
880,2,43.97442130937627,43.97442130937627,100.0
890,0,38.10036496020789,38.10036496020789,100.0
890,1,29.104688568435797,29.104688568435797,100.0
890,2,32.79494647135631,32.79494647135631,100.0
900,0,26.399649884712478,26.399649884712478,100.0
900,1,26.80036500799935,26.80036500799935,100.0
900,2,46.79998510728818,46.79998510728818,100.0
910,0,31.8039776685055,31.8039776685055,100.0
910,1,43.07226722236555,43.07226722236555,100.0
910,2,25.123755109128957,25.123755109128957,100.0
920,0,27.875941042257562,27.875941042257562,100.0
920,1,48.69162797322386,48.69162797322386,100.0
920,2,23.432430984518575,23.432430984518575,100.0
930,0,36.61054443293396,36.61054443293396,100.0
930,1,32.45680812928604,32.45680812928604,100.0
930,2,30.93264743777999,30.93264743777999,100.0
940,0,29.79525902278455,29.79525902278455,100.0
940,1,35.54941995707831,35.54941995707831,100.0
940,2,34.655321020137144,34.655321020137144,100.0
950,0,40.12039147512064,40.12039147512064,100.0
950,1,24.349808629809615,24.349808629809615,100.0
950,2,35.52979989506974,35.52979989506974,100.0
960,0,46.08717961672401,46.08717961672401,100.0
960,1,26.991846256980768,26.991846256980768,100.0
960,2,26.920974126295228,26.920974126295228,100.0
970,0,37.506424589138696,37.506424589138696,100.0
970,1,32.435304922033595,32.435304922033595,100.0
970,2,30.0582704888277,30.0582704888277,100.0
980,0,35.254626387402446,35.254626387402446,100.0
980,1,25.761989867819747,25.761989867819747,100.0
980,2,38.98338374477781,38.98338374477781,100.0
990,0,30.432986341516642,30.432986341516642,100.0
990,1,42.50500744150344,42.50500744150344,100.0
990,2,27.062006216979924,27.062006216979924,100.0
1000,0,52.78017208498946,52.78017208498946,100.0
1000,1,26.825452835471918,26.825452835471918,100.0
1000,2,20.394375079538623,20.394375079538623,100.0
1010,0,37.73268493665018,37.73268493665018,100.0
1010,1,29.89647387975607,29.89647387975607,100.0
1010,2,32.370841183593754,32.370841183593754,100.0
1020,0,45.55435497947179,45.55435497947179,100.0
1020,1,26.014959072142812,26.014959072142812,100.0
1020,2,28.4306859483854,28.4306859483854,100.0
1030,0,48.29213376793133,48.29213376793133,100.0
1030,1,26.35203434124673,26.35203434124673,100.0
1030,2,25.35583189082194,25.35583189082194,100.0
1040,0,33.037360125777596,33.037360125777596,100.0
1040,1,39.29727452738068,39.29727452738068,100.0
1040,2,27.665365346841718,27.665365346841718,100.0
1050,0,30.59264320106876,30.59264320106876,100.0
1050,1,43.32842847260309,43.32842847260309,100.0
1050,2,26.078928326328143,26.078928326328143,100.0
1060,0,42.55066512741529,42.55066512741529,100.0
1060,1,32.687339645892735,32.687339645892735,100.0
1060,2,24.761995226691973,24.761995226691973,100.0
1070,0,35.30014728523187,35.30014728523187,100.0
1070,1,32.17240467725116,32.17240467725116,100.0
1070,2,32.52744803751697,32.52744803751697,100.0
1080,0,32.48353904353552,32.48353904353552,100.0
1080,1,37.78365568953258,37.78365568953258,100.0
1080,2,29.732805266931894,29.732805266931894,100.0
1090,0,39.17791875453022,39.17791875453022,100.0
1090,1,31.52923557883956,31.52923557883956,100.0
1090,2,29.292845666630228,29.292845666630228,100.0
1100,0,44.92399117655691,44.92399117655691,100.0
1100,1,30.641249980930795,30.641249980930795,100.0
1100,2,24.434758842512288,24.434758842512288,100.0
1110,0,37.78035816897087,37.78035816897087,100.0
1110,1,29.910784624858287,29.910784624858287,100.0
1110,2,32.30885720617085,32.30885720617085,100.0
1120,0,41.937334953242356,41.937334953242356,100.0
1120,1,36.637370505705555,36.637370505705555,100.0
1120,2,21.425294541052082,21.425294541052082,100.0
1130,0,25.52291282765709,25.52291282765709,100.0
1130,1,48.742701329237,48.742701329237,100.0
1130,2,25.734385843105912,25.734385843105912,100.0
1140,0,34.224681285217706,34.224681285217706,100.0
1140,1,30.09737654814706,30.09737654814706,100.0
1140,2,35.677942166635226,35.677942166635226,100.0
1150,0,26.626275807767918,26.626275807767918,100.0
1150,1,51.494104451609665,51.494104451609665,100.0
1150,2,21.879619740622413,21.879619740622413,100.0
1160,0,27.13538997109864,27.13538997109864,100.0
1160,1,49.26742587570116,49.26742587570116,100.0
1160,2,23.597184153200207,23.597184153200207,100.0
1170,0,40.092886334514134,40.092886334514134,100.0
1170,1,39.24838483220843,39.24838483220843,100.0
1170,2,20.658728833277443,20.658728833277443,100.0
1180,0,28.41074592840559,28.41074592840559,100.0
1180,1,32.309017109621294,32.309017109621294,100.0
1180,2,39.280236961973124,39.280236961973124,100.0
1190,0,34.984350696630926,34.984350696630926,100.0
1190,1,34.33416375870735,34.33416375870735,100.0
1190,2,30.681485544661726,30.681485544661726,100.0
1200,0,36.51405694132453,36.51405694132453,100.0
1200,1,29.656450914081077,29.656450914081077,100.0
1200,2,33.82949214459438,33.82949214459438,100.0
1210,0,30.589189550092954,30.589189550092954,100.0
1210,1,43.06224764285588,43.06224764285588,100.0
1210,2,26.348562807051174,26.348562807051174,100.0
1220,0,46.23484997097888,46.23484997097888,100.0
1220,1,32.122366360538734,32.122366360538734,100.0
1220,2,21.642783668482394,21.642783668482394,100.0
1230,0,49.18725766785646,49.18725766785646,100.0
1230,1,28.47179092633194,28.47179092633194,100.0
1230,2,22.3409514058116,22.3409514058116,100.0
1240,0,36.512384798466314,36.512384798466314,100.0
1240,1,44.424914622944165,44.424914622944165,100.0
1240,2,19.06270057858953,19.06270057858953,100.0
1250,0,23.753031515521034,23.753031515521034,100.0
1250,1,26.374410797018093,26.374410797018093,100.0
1250,2,49.87255768746087,49.87255768746087,100.0
1260,0,39.59293015774054,39.59293015774054,100.0
1260,1,38.442249435732165,38.442249435732165,100.0
1260,2,21.96482040652729,21.96482040652729,100.0
1270,0,39.49576422245576,39.49576422245576,100.0
1270,1,32.70654284218308,32.70654284218308,100.0
1270,2,27.797692935361162,27.797692935361162,100.0
1280,0,37.80257555720855,37.80257555720855,100.0
1280,1,40.92098880685599,40.92098880685599,100.0
1280,2,21.276435635935474,21.276435635935474,100.0
1290,0,40.5639677329923,40.5639677329923,100.0
1290,1,27.29810858807216,27.29810858807216,100.0
1290,2,32.13792367893554,32.13792367893554,100.0
1300,0,23.651132801429714,23.651132801429714,100.0
1300,1,27.583081165177493,27.583081165177493,100.0
1300,2,48.7657860333928,48.7657860333928,100.0
1310,0,31.489770925832588,31.489770925832588,100.0
1310,1,30.055008192769193,30.055008192769193,100.0
1310,2,38.455220881398226,38.455220881398226,100.0
1320,0,40.230873392701824,40.230873392701824,100.0
1320,1,29.941649321703256,29.941649321703256,100.0
1320,2,29.827477285594934,29.827477285594934,100.0
1330,0,39.836258222397255,39.836258222397255,100.0
1330,1,34.74457673621515,34.74457673621515,100.0
1330,2,25.419165041387593,25.419165041387593,100.0
1340,0,39.95141467011389,39.95141467011389,100.0
1340,1,41.28936276937446,41.28936276937446,100.0
1340,2,18.759222560511652,18.759222560511652,100.0
1350,0,40.297670109539474,40.297670109539474,100.0
1350,1,34.48380403595964,34.48380403595964,100.0
1350,2,25.218525854500882,25.218525854500882,100.0
1360,0,27.933653710150143,27.933653710150143,100.0
1360,1,52.39238455734325,52.39238455734325,100.0
1360,2,19.673961732506605,19.673961732506605,100.0
1370,0,35.011728246478114,35.011728246478114,100.0
1370,1,35.554838182265186,35.554838182265186,100.0
1370,2,29.43343357125671,29.43343357125671,100.0
1380,0,44.93007907543956,44.93007907543956,100.0
1380,1,34.29145549675913,34.29145549675913,100.0
1380,2,20.77846542780132,20.77846542780132,100.0
1390,0,42.071137524989524,42.071137524989524,100.0
1390,1,38.71917866712954,38.71917866712954,100.0
1390,2,19.209683807880936,19.209683807880936,100.0
1400,0,40.575532275923166,40.575532275923166,100.0
1400,1,38.38269084372572,38.38269084372572,100.0
1400,2,21.04177688035112,21.04177688035112,100.0
1410,0,40.42930020922044,40.42930020922044,100.0
1410,1,34.625276110558325,34.625276110558325,100.0
1410,2,24.945423680221243,24.945423680221243,100.0
1420,0,42.21878172428036,42.21878172428036,100.0
1420,1,32.18824669031699,32.18824669031699,100.0
1420,2,25.592971585402648,25.592971585402648,100.0
1430,0,45.56464077833836,45.56464077833836,100.0
1430,1,24.800362052136805,24.800362052136805,100.0
1430,2,29.634997169524834,29.634997169524834,100.0
1440,0,50.88017947392605,50.88017947392605,100.0
1440,1,28.86133176374085,28.86133176374085,100.0
1440,2,20.25848876233311,20.25848876233311,100.0
1450,0,34.083917716864995,34.083917716864995,100.0
1450,1,33.07168784046836,33.07168784046836,100.0
1450,2,32.84439444266665,32.84439444266665,100.0
1460,0,36.88649930851405,36.88649930851405,100.0
1460,1,31.0621501468909,31.0621501468909,100.0
1460,2,32.05135054459507,32.05135054459507,100.0
1470,0,38.10901316893693,38.10901316893693,100.0
1470,1,31.237381854782864,31.237381854782864,100.0
1470,2,30.653604976280203,30.653604976280203,100.0
1480,0,32.15176631025168,32.15176631025168,100.0
1480,1,26.81211788945025,26.81211788945025,100.0
1480,2,41.03611580029807,41.03611580029807,100.0
1490,0,29.942853067535545,29.942853067535545,100.0
1490,1,49.38186334816821,49.38186334816821,100.0
1490,2,20.675283584296245,20.675283584296245,100.0
1500,0,40.76625231815731,40.76625231815731,100.0
1500,1,30.167895549361045,30.167895549361045,100.0
1500,2,29.065852132481645,29.065852132481645,100.0
