timestamp,ueImsi,sliceId,dTxBytes,dRxBytes,plr,resourceSharePct,dLostPackets,throughputMbps,bufferBytes
570,1,0,25976,4584,82.35,40.20,14,3.6672,148691
570,2,0,25976,4584,82.35,40.20,14,3.6672,148697
570,3,0,25976,4584,82.35,40.20,14,3.6672,148689
570,4,0,25976,4584,82.35,40.20,14,3.6672,148612
570,5,0,25976,4584,82.35,40.20,14,3.6672,148607
570,6,1,390,390,0.00,38.38,0,0.3120,87
570,7,1,390,390,0.00,38.38,0,0.3120,87
570,8,1,390,390,0.00,38.38,0,0.3120,87
570,9,1,390,390,0.00,38.38,0,0.3120,87
570,10,1,390,390,0.00,38.38,0,0.3120,87
570,11,2,16000,1536,90.40,21.42,113,1.2288,101000
570,12,2,16000,1408,91.20,21.42,114,1.1264,101018
570,13,2,16000,1408,91.20,21.42,114,1.1264,101002
570,14,2,16000,1408,91.20,21.42,114,1.1264,101064
570,15,2,16000,1408,91.20,21.42,114,1.1264,101001
570,16,2,16000,1536,90.40,21.42,113,1.2288,101089
570,17,2,16000,1536,90.40,21.42,113,1.2288,101081
570,18,2,16000,1408,91.20,21.42,114,1.1264,101015
570,19,2,16000,1536,90.40,21.42,113,1.2288,101078
570,20,2,16000,1536,90.40,21.42,113,1.2288,101077
