timestamp,sliceId,dedicatedPRB,minPRB,maxPRB
510,0,24.478563525174692,24.478563525174692,100.0
510,1,37.64435409350256,37.64435409350256,100.0
510,2,37.87708238132275,37.87708238132275,100.0
520,0,32.25942224057911,32.25942224057911,100.0
520,1,46.50785807970736,46.50785807970736,100.0
520,2,21.232719679713526,21.232719679713526,100.0
530,0,39.40238771198366,39.40238771198366,100.0
530,1,26.479915044572078,26.479915044572078,100.0
530,2,34.117697243444276,34.117697243444276,100.0
540,0,23.011228017931295,23.011228017931295,100.0
540,1,33.27956839700658,33.27956839700658,100.0
540,2,43.70920358506213,43.70920358506213,100.0
550,0,23.286944778060306,23.286944778060306,100.0
550,1,26.12427423060811,26.12427423060811,100.0
550,2,50.58878099133158,50.58878099133158,100.0
560,0,21.567274747569844,21.567274747569844,100.0
560,1,33.72669999632306,33.72669999632306,100.0
560,2,44.70602525610709,44.70602525610709,100.0
570,0,22.793362216254586,22.793362216254586,100.0
570,1,45.89855147367457,45.89855147367457,100.0
570,2,31.30808631007085,31.30808631007085,100.0
580,0,29.887877695903338,29.887877695903338,100.0
580,1,30.180892427041666,30.180892427041666,100.0
580,2,39.931229877054996,39.931229877054996,100.0
590,0,22.826992107742523,22.826992107742523,100.0
590,1,25.785477161370206,25.785477161370206,100.0
590,2,51.38753073088726,51.38753073088726,100.0
600,0,24.83521374777904,24.83521374777904,100.0
600,1,25.954804654620133,25.954804654620133,100.0
600,2,49.20998159760083,49.20998159760083,100.0
610,0,22.47603857455495,22.47603857455495,100.0
610,1,25.466166294592085,25.466166294592085,100.0
610,2,52.057795130852966,52.057795130852966,100.0
620,0,23.16318568537091,23.16318568537091,100.0
620,1,28.237621170963834,28.237621170963834,100.0
620,2,48.599193143665254,48.599193143665254,100.0
630,0,22.578175681045387,22.578175681045387,100.0
630,1,26.13898356608605,26.13898356608605,100.0
630,2,51.28284075286857,51.28284075286857,100.0
640,0,23.930919818060392,23.930919818060392,100.0
640,1,46.212247652683686,46.212247652683686,100.0
640,2,29.85683252925593,29.85683252925593,100.0
650,0,22.88291267016194,22.88291267016194,100.0
650,1,25.902575130550527,25.902575130550527,100.0
650,2,51.21451219928754,51.21451219928754,100.0
660,0,23.490235659121787,23.490235659121787,100.0
660,1,30.719350996398408,30.719350996398408,100.0
660,2,45.79041334447981,45.79041334447981,100.0
670,0,22.569623345933397,22.569623345933397,100.0
670,1,29.926907683804593,29.926907683804593,100.0
670,2,47.503468970262006,47.503468970262006,100.0
680,0,22.795140701025833,22.795140701025833,100.0
680,1,32.796374913929085,32.796374913929085,100.0
680,2,44.40848438504508,44.40848438504508,100.0
690,0,22.16010003921308,22.16010003921308,100.0
690,1,39.948251096677886,39.948251096677886,100.0
690,2,37.89164886410903,37.89164886410903,100.0
700,0,22.57576919885091,22.57576919885091,100.0
700,1,31.823274874456313,31.823274874456313,100.0
700,2,45.60095592669277,45.60095592669277,100.0
710,0,23.826129802370417,23.826129802370417,100.0
710,1,28.31106217005847,28.31106217005847,100.0
710,2,47.86280802757112,47.86280802757112,100.0
720,0,23.915298244884827,23.915298244884827,100.0
720,1,28.138962354892588,28.138962354892588,100.0
720,2,47.945739400222585,47.945739400222585,100.0
730,0,26.65052341698947,26.65052341698947,100.0
730,1,30.04617781541513,30.04617781541513,100.0
730,2,43.3032987675954,43.3032987675954,100.0
740,0,21.95549051673012,21.95549051673012,100.0
740,1,31.642613767569138,31.642613767569138,100.0
740,2,46.40189571570074,46.40189571570074,100.0
750,0,20.422411251705736,20.422411251705736,100.0
750,1,41.00495205139127,41.00495205139127,100.0
750,2,38.57263669690299,38.57263669690299,100.0
760,0,22.960752029768205,22.960752029768205,100.0
760,1,28.892934262894205,28.892934262894205,100.0
760,2,48.14631370733759,48.14631370733759,100.0
770,0,21.378853952919318,21.378853952919318,100.0
770,1,38.45213602771618,38.45213602771618,100.0
770,2,40.16901001936451,40.16901001936451,100.0
780,0,22.02802116893952,22.02802116893952,100.0
780,1,34.48801436881711,34.48801436881711,100.0
780,2,43.48396446224337,43.48396446224337,100.0
790,0,23.92836678890613,23.92836678890613,100.0
790,1,30.660175750664887,30.660175750664887,100.0
790,2,45.41145746042898,45.41145746042898,100.0
800,0,20.942506695448223,20.942506695448223,100.0
800,1,41.31365920381056,41.31365920381056,100.0
800,2,37.743834100741225,37.743834100741225,100.0
810,0,23.047919707530312,23.047919707530312,100.0
810,1,27.363916480593982,27.363916480593982,100.0
810,2,49.58816381187571,49.58816381187571,100.0
820,0,23.278911790701727,23.278911790701727,100.0
820,1,30.846093493960158,30.846093493960158,100.0
820,2,45.874994715338104,45.874994715338104,100.0
830,0,25.148858275055723,25.148858275055723,100.0
830,1,35.71860022234795,35.71860022234795,100.0
830,2,39.132541502596325,39.132541502596325,100.0
840,0,20.770077931956422,20.770077931956422,100.0
840,1,44.03524942832519,44.03524942832519,100.0
840,2,35.194672639718384,35.194672639718384,100.0
850,0,21.95874085222092,21.95874085222092,100.0
850,1,37.267250832354726,37.267250832354726,100.0
850,2,40.774008315424354,40.774008315424354,100.0
860,0,23.62322548072583,23.62322548072583,100.0
860,1,26.491643496383936,26.491643496383936,100.0
860,2,49.88513102289024,49.88513102289024,100.0
870,0,23.6180689061816,23.6180689061816,100.0
870,1,26.3219543717578,26.3219543717578,100.0
870,2,50.059976722060604,50.059976722060604,100.0
880,0,24.29419937294194,24.29419937294194,100.0
880,1,39.31246937619812,39.31246937619812,100.0
880,2,36.39333125085994,36.39333125085994,100.0
890,0,21.559042251034597,21.559042251034597,100.0
890,1,36.23472774004124,36.23472774004124,100.0
890,2,42.20623000892416,42.20623000892416,100.0
900,0,22.475092035774956,22.475092035774956,100.0
900,1,36.8992166577262,36.8992166577262,100.0
900,2,40.62569130649884,40.62569130649884,100.0
910,0,20.242507848355135,20.242507848355135,100.0
910,1,42.84958968142567,42.84958968142567,100.0
910,2,36.9079024702192,36.9079024702192,100.0
920,0,21.469747394133122,21.469747394133122,100.0
920,1,37.27323246991176,37.27323246991176,100.0
920,2,41.257020135955116,41.257020135955116,100.0
930,0,22.76504367983146,22.76504367983146,100.0
930,1,29.08544485801435,29.08544485801435,100.0
930,2,48.14951146215419,48.14951146215419,100.0
940,0,22.144923888763188,22.144923888763188,100.0
940,1,38.34846933070778,38.34846933070778,100.0
940,2,39.50660678052903,39.50660678052903,100.0
950,0,20.250555381793774,20.250555381793774,100.0
950,1,43.788173963924294,43.788173963924294,100.0
950,2,35.96127065428194,35.96127065428194,100.0
960,0,21.69896854996955,21.69896854996955,100.0
960,1,42.76991270198173,42.76991270198173,100.0
960,2,35.531118748048726,35.531118748048726,100.0
970,0,21.604238298821183,21.604238298821183,100.0
970,1,41.36347181228317,41.36347181228317,100.0
970,2,37.03228988889565,37.03228988889565,100.0
980,0,22.65001814598072,22.65001814598072,100.0
980,1,33.74527763454861,33.74527763454861,100.0
980,2,43.60470421947068,43.60470421947068,100.0
990,0,23.29651238269821,23.29651238269821,100.0
990,1,27.446972522736466,27.446972522736466,100.0
990,2,49.25651509456533,49.25651509456533,100.0
1000,0,21.665201898831462,21.665201898831462,100.0
1000,1,41.400675934537844,41.400675934537844,100.0
1000,2,36.93412216663069,36.93412216663069,100.0
1010,0,24.533453994561,24.533453994561,100.0
1010,1,30.254281782168057,30.254281782168057,100.0
1010,2,45.21226422327094,45.21226422327094,100.0
1020,0,22.317996893783477,22.317996893783477,100.0
1020,1,36.6465893927439,36.6465893927439,100.0
1020,2,41.03541371347262,41.03541371347262,100.0
1030,0,21.81541770441155,21.81541770441155,100.0
1030,1,39.790120871689,39.790120871689,100.0
1030,2,38.39446142389946,38.39446142389946,100.0
1040,0,21.56761623773463,21.56761623773463,100.0
1040,1,34.43641286374875,34.43641286374875,100.0
1040,2,43.99597089851663,43.99597089851663,100.0
1050,0,20.58702287116195,20.58702287116195,100.0
1050,1,44.447411900807,44.447411900807,100.0
1050,2,34.96556522803106,34.96556522803106,100.0
1060,0,22.960017698586533,22.960017698586533,100.0
1060,1,26.92082442017855,26.92082442017855,100.0
1060,2,50.11915788123491,50.11915788123491,100.0
1070,0,25.46476561810424,25.46476561810424,100.0
1070,1,27.11207683710371,27.11207683710371,100.0
1070,2,47.42315754479204,47.42315754479204,100.0
1080,0,21.34706869050843,21.34706869050843,100.0
1080,1,45.63166783545664,45.63166783545664,100.0
1080,2,33.02126347403493,33.02126347403493,100.0
1090,0,21.748538564193026,21.748538564193026,100.0
1090,1,31.27699790779627,31.27699790779627,100.0
1090,2,46.97446352801071,46.97446352801071,100.0
1100,0,24.435130076211557,24.435130076211557,100.0
1100,1,31.118384411221157,31.118384411221157,100.0
1100,2,44.44648551256729,44.44648551256729,100.0
1110,0,21.527404333744276,21.527404333744276,100.0
1110,1,38.13280384575142,38.13280384575142,100.0
1110,2,40.33979182050431,40.33979182050431,100.0
1120,0,23.31968132718764,23.31968132718764,100.0
1120,1,26.900266104508177,26.900266104508177,100.0
1120,2,49.780052568304185,49.780052568304185,100.0
1130,0,20.954282882464316,20.954282882464316,100.0
1130,1,44.7880134488866,44.7880134488866,100.0
1130,2,34.257703668649086,34.257703668649086,100.0
1140,0,21.222395471193902,21.222395471193902,100.0
1140,1,41.54917282955337,41.54917282955337,100.0
1140,2,37.228431699252724,37.228431699252724,100.0
1150,0,23.908588551401255,23.908588551401255,100.0
1150,1,27.30826585978085,27.30826585978085,100.0
1150,2,48.7831455888179,48.7831455888179,100.0
1160,0,22.314070981509687,22.314070981509687,100.0
1160,1,31.404582288240984,31.404582288240984,100.0
1160,2,46.28134673024933,46.28134673024933,100.0
1170,0,24.428212965109417,24.428212965109417,100.0
1170,1,32.200085057170874,32.200085057170874,100.0
1170,2,43.37170197771971,43.37170197771971,100.0
1180,0,22.133082065356362,22.133082065356362,100.0
1180,1,32.062284636812194,32.062284636812194,100.0
1180,2,45.80463329783145,45.80463329783145,100.0
1190,0,23.57700969282724,23.57700969282724,100.0
1190,1,28.641313421360138,28.641313421360138,100.0
1190,2,47.78167688581262,47.78167688581262,100.0
1200,0,22.93050111731577,22.93050111731577,100.0
1200,1,27.054961643132398,27.054961643132398,100.0
1200,2,50.01453723955183,50.01453723955183,100.0
1210,0,21.43266491778428,21.43266491778428,100.0
1210,1,39.31518110672302,39.31518110672302,100.0
1210,2,39.252153975492696,39.252153975492696,100.0
1220,0,20.813079433274712,20.813079433274712,100.0
1220,1,44.51842345722849,44.51842345722849,100.0
1220,2,34.6684971094968,34.6684971094968,100.0
1230,0,20.90079217167545,20.90079217167545,100.0
1230,1,40.6603493039338,40.6603493039338,100.0
1230,2,38.43885852439075,38.43885852439075,100.0
1240,0,21.99502653605776,21.99502653605776,100.0
1240,1,29.043751324938793,29.043751324938793,100.0
1240,2,48.961222139003446,48.961222139003446,100.0
1250,0,23.996591397443083,23.996591397443083,100.0
1250,1,40.3385719073355,40.3385719073355,100.0
1250,2,35.664836695221425,35.664836695221425,100.0
1260,0,20.34341207595419,20.34341207595419,100.0
1260,1,43.49278496173651,43.49278496173651,100.0
1260,2,36.1638029623093,36.1638029623093,100.0
1270,0,21.146567911660863,21.146567911660863,100.0
1270,1,40.71158274510952,40.71158274510952,100.0
1270,2,38.14184934322963,38.14184934322963,100.0
1280,0,22.840499054082443,22.840499054082443,100.0
1280,1,29.2590056364889,29.2590056364889,100.0
1280,2,47.900495309428656,47.900495309428656,100.0
1290,0,24.42070930758879,24.42070930758879,100.0
1290,1,28.54061522450147,28.54061522450147,100.0
1290,2,47.03867546790974,47.03867546790974,100.0
1300,0,25.97878763898887,25.97878763898887,100.0
1300,1,32.7189485624881,32.7189485624881,100.0
1300,2,41.30226379852303,41.30226379852303,100.0
1310,0,22.860544951451406,22.860544951451406,100.0
1310,1,37.29474464296798,37.29474464296798,100.0
1310,2,39.84471040558063,39.84471040558063,100.0
1320,0,22.37643048720529,22.37643048720529,100.0
1320,1,29.24520921317354,29.24520921317354,100.0
1320,2,48.37836029962118,48.37836029962118,100.0
1330,0,23.018313170839356,23.018313170839356,100.0
1330,1,45.96489248678182,45.96489248678182,100.0
1330,2,31.016794342378823,31.016794342378823,100.0
1340,0,20.4511169557213,20.4511169557213,100.0
1340,1,42.356421648794644,42.356421648794644,100.0
1340,2,37.19246139548405,37.19246139548405,100.0
1350,0,22.624763866503834,22.624763866503834,100.0
1350,1,32.1262233763515,32.1262233763515,100.0
1350,2,45.249012757144676,45.249012757144676,100.0
1360,0,23.88607418163651,23.88607418163651,100.0
1360,1,34.13412682981132,34.13412682981132,100.0
1360,2,41.97979898855217,41.97979898855217,100.0
1370,0,22.670027695659638,22.670027695659638,100.0
1370,1,31.02622150993561,31.02622150993561,100.0
1370,2,46.30375079440475,46.30375079440475,100.0
1380,0,23.83522952338523,23.83522952338523,100.0
1380,1,27.884470724275882,27.884470724275882,100.0
1380,2,48.280299752338884,48.280299752338884,100.0
1390,0,22.700032404964755,22.700032404964755,100.0
1390,1,28.350654795643248,28.350654795643248,100.0
1390,2,48.949312799392,48.949312799392,100.0
1400,0,23.752827610952373,23.752827610952373,100.0
1400,1,29.75593106215748,29.75593106215748,100.0
1400,2,46.49124132689014,46.49124132689014,100.0
1410,0,22.67822513015462,22.67822513015462,100.0
1410,1,26.93626372456162,26.93626372456162,100.0
1410,2,50.38551114528376,50.38551114528376,100.0
1420,0,21.524220255367716,21.524220255367716,100.0
1420,1,39.12119633615128,39.12119633615128,100.0
1420,2,39.354583408481005,39.354583408481005,100.0
1430,0,26.29252935085106,26.29252935085106,100.0
1430,1,26.195576946375553,26.195576946375553,100.0
1430,2,47.51189370277339,47.51189370277339,100.0
1440,0,22.719515742666403,22.719515742666403,100.0
1440,1,36.05438112262214,36.05438112262214,100.0
1440,2,41.22610313471145,41.22610313471145,100.0
1450,0,21.63436197970908,21.63436197970908,100.0
1450,1,39.227397545971264,39.227397545971264,100.0
1450,2,39.13824047431965,39.13824047431965,100.0
1460,0,23.367940834686472,23.367940834686472,100.0
1460,1,30.941533318974102,30.941533318974102,100.0
1460,2,45.69052584633942,45.69052584633942,100.0
1470,0,21.55255560139083,21.55255560139083,100.0
1470,1,35.65412456466897,35.65412456466897,100.0
1470,2,42.7933198339402,42.7933198339402,100.0
1480,0,24.693160096611464,24.693160096611464,100.0
1480,1,26.81229398793208,26.81229398793208,100.0
1480,2,48.49454591545646,48.49454591545646,100.0
1490,0,22.971781684220936,22.971781684220936,100.0
1490,1,31.85662965654267,31.85662965654267,100.0
1490,2,45.1715886592364,45.1715886592364,100.0
1500,0,21.955039606420375,21.955039606420375,100.0
1500,1,36.68689934026062,36.68689934026062,100.0
1500,2,41.358061053319005,41.358061053319005,100.0
1510,0,21.34685385860094,21.34685385860094,100.0
1510,1,38.47190697321235,38.47190697321235,100.0
1510,2,40.181239168186714,40.181239168186714,100.0
1520,0,20.801626375302586,20.801626375302586,100.0
1520,1,42.388548868217576,42.388548868217576,100.0
1520,2,36.809824756479834,36.809824756479834,100.0
1530,0,23.292993733883755,23.292993733883755,100.0
1530,1,30.778041832964558,30.778041832964558,100.0
1530,2,45.928964433151684,45.928964433151684,100.0
1540,0,22.18936199525701,22.18936199525701,100.0
1540,1,35.59427271761956,35.59427271761956,100.0
1540,2,42.21636528712344,42.21636528712344,100.0
1550,0,20.992145024085563,20.992145024085563,100.0
1550,1,39.3088625271499,39.3088625271499,100.0
1550,2,39.69899244876454,39.69899244876454,100.0
1560,0,23.78451914479956,23.78451914479956,100.0
1560,1,27.012926214870063,27.012926214870063,100.0
1560,2,49.202554640330376,49.202554640330376,100.0
1570,0,22.803381407908446,22.803381407908446,100.0
1570,1,27.746163495165387,27.746163495165387,100.0
1570,2,49.45045509692617,49.45045509692617,100.0
1580,0,22.768814755745353,22.768814755745353,100.0
1580,1,27.48515983340889,27.48515983340889,100.0
1580,2,49.74602541084575,49.74602541084575,100.0
1590,0,23.261629712515692,23.261629712515692,100.0
1590,1,26.857170005094932,26.857170005094932,100.0
1590,2,49.88120028238938,49.88120028238938,100.0
1600,0,22.0533051770581,22.0533051770581,100.0
1600,1,39.85695293156917,39.85695293156917,100.0
1600,2,38.08974189137273,38.08974189137273,100.0
1610,0,22.761955134134784,22.761955134134784,100.0
1610,1,26.927080683269573,26.927080683269573,100.0
1610,2,50.310964182595654,50.310964182595654,100.0
1620,0,21.73754754688762,21.73754754688762,100.0
1620,1,32.73414744987978,32.73414744987978,100.0
1620,2,45.5283050032326,45.5283050032326,100.0
1630,0,23.109276528353416,23.109276528353416,100.0
1630,1,35.37958053906197,35.37958053906197,100.0
1630,2,41.51114293258462,41.51114293258462,100.0
1640,0,22.7538439989558,22.7538439989558,100.0
1640,1,37.802924279989455,37.802924279989455,100.0
1640,2,39.44323172105474,39.44323172105474,100.0
1650,0,22.721599434500945,22.721599434500945,100.0
1650,1,29.403503358602762,29.403503358602762,100.0
1650,2,47.87489720689629,47.87489720689629,100.0
1660,0,22.19424301627126,22.19424301627126,100.0
1660,1,28.314050112822137,28.314050112822137,100.0
1660,2,49.49170687090661,49.49170687090661,100.0
1670,0,24.384853695623043,24.384853695623043,100.0
1670,1,29.116968813073374,29.116968813073374,100.0
1670,2,46.49817749130358,46.49817749130358,100.0
1680,0,22.725459060505003,22.725459060505003,100.0
1680,1,33.196555011252826,33.196555011252826,100.0
1680,2,44.07798592824218,44.07798592824218,100.0
1690,0,23.618033594051152,23.618033594051152,100.0
1690,1,29.972423117935826,29.972423117935826,100.0
1690,2,46.40954328801302,46.40954328801302,100.0
1700,0,21.914652087846378,21.914652087846378,100.0
1700,1,38.711231032166175,38.711231032166175,100.0
1700,2,39.37411687998745,39.37411687998745,100.0
1710,0,21.085664935790387,21.085664935790387,100.0
1710,1,41.07518500300221,41.07518500300221,100.0
1710,2,37.8391500612074,37.8391500612074,100.0
1720,0,23.007151107211953,23.007151107211953,100.0
1720,1,36.810744207664726,36.810744207664726,100.0
1720,2,40.18210468512332,40.18210468512332,100.0
1730,0,23.495842579278158,23.495842579278158,100.0
1730,1,29.83171697892233,29.83171697892233,100.0
1730,2,46.672440441799516,46.672440441799516,100.0
1740,0,21.844508970464958,21.844508970464958,100.0
1740,1,35.18348307354625,35.18348307354625,100.0
1740,2,42.972007955988786,42.972007955988786,100.0
1750,0,21.373004593553897,21.373004593553897,100.0
1750,1,37.29719916733533,37.29719916733533,100.0
1750,2,41.32979623911077,41.32979623911077,100.0
1760,0,24.49976408627283,24.49976408627283,100.0
1760,1,26.72360354996379,26.72360354996379,100.0
1760,2,48.776632363763376,48.776632363763376,100.0
1770,0,21.11169168276381,21.11169168276381,100.0
1770,1,39.845846597253335,39.845846597253335,100.0
1770,2,39.04246171998286,39.04246171998286,100.0
1780,0,24.65752317685128,24.65752317685128,100.0
1780,1,26.599754437111876,26.599754437111876,100.0
1780,2,48.74272238603684,48.74272238603684,100.0
1790,0,23.389248350891236,23.389248350891236,100.0
1790,1,30.009160250631872,30.009160250631872,100.0
1790,2,46.6015913984769,46.6015913984769,100.0
1800,0,22.580201555598336,22.580201555598336,100.0
1800,1,28.431422069475587,28.431422069475587,100.0
1800,2,48.98837637492608,48.98837637492608,100.0
1810,0,24.43225730458988,24.43225730458988,100.0
1810,1,34.60415606214626,34.60415606214626,100.0
1810,2,40.963586633263866,40.963586633263866,100.0
1820,0,23.740036269295352,23.740036269295352,100.0
1820,1,32.565984455819496,32.565984455819496,100.0
1820,2,43.693979274885145,43.693979274885145,100.0
1830,0,23.493837304276074,23.493837304276074,100.0
1830,1,36.88413906457732,36.88413906457732,100.0
1830,2,39.62202363114661,39.62202363114661,100.0
1840,0,21.86642488090559,21.86642488090559,100.0
1840,1,40.566703860058006,40.566703860058006,100.0
1840,2,37.56687125903641,37.56687125903641,100.0
1850,0,21.173689394511122,21.173689394511122,100.0
1850,1,42.49678148356389,42.49678148356389,100.0
1850,2,36.32952912192498,36.32952912192498,100.0
1860,0,22.04450337104108,22.04450337104108,100.0
1860,1,37.95783082992818,37.95783082992818,100.0
1860,2,39.99766579903074,39.99766579903074,100.0
1870,0,27.7559344811894,27.7559344811894,100.0
1870,1,32.32720207286629,32.32720207286629,100.0
1870,2,39.91686344594431,39.91686344594431,100.0
1880,0,22.954349257601695,22.954349257601695,100.0
1880,1,40.43345331186462,40.43345331186462,100.0
1880,2,36.61219743053368,36.61219743053368,100.0
1890,0,22.827711452930487,22.827711452930487,100.0
1890,1,41.22336139596759,41.22336139596759,100.0
1890,2,35.94892715110192,35.94892715110192,100.0
1900,0,21.23745267519888,21.23745267519888,100.0
1900,1,42.96550989896251,42.96550989896251,100.0
1900,2,35.79703742583862,35.79703742583862,100.0
1910,0,23.649296571584877,23.649296571584877,100.0
1910,1,32.33049622834309,32.33049622834309,100.0
1910,2,44.02020720007203,44.02020720007203,100.0
1920,0,23.01181687463551,23.01181687463551,100.0
1920,1,27.908699940916758,27.908699940916758,100.0
1920,2,49.07948318444773,49.07948318444773,100.0
1930,0,21.498559622817293,21.498559622817293,100.0
1930,1,40.43111896092597,40.43111896092597,100.0
1930,2,38.07032141625674,38.07032141625674,100.0
1940,0,23.577516111600232,23.577516111600232,100.0
1940,1,30.143515870668974,30.143515870668974,100.0
1940,2,46.27896801773079,46.27896801773079,100.0
1950,0,24.10866611826102,24.10866611826102,100.0
1950,1,32.45349241204757,32.45349241204757,100.0
1950,2,43.43784146969142,43.43784146969142,100.0
1960,0,21.779830724551662,21.779830724551662,100.0
1960,1,39.29810674132756,39.29810674132756,100.0
1960,2,38.922062534120776,38.922062534120776,100.0
1970,0,22.863607155236405,22.863607155236405,100.0
1970,1,39.058116685465784,39.058116685465784,100.0
1970,2,38.078276159297815,38.078276159297815,100.0
1980,0,22.697553975549727,22.697553975549727,100.0
1980,1,37.59738525142471,37.59738525142471,100.0
1980,2,39.70506077302557,39.70506077302557,100.0
1990,0,23.97373391813129,23.97373391813129,100.0
1990,1,25.728897295044938,25.728897295044938,100.0
1990,2,50.29736878682378,50.29736878682378,100.0
2000,0,21.412430969865458,21.412430969865458,100.0
2000,1,33.990031201189915,33.990031201189915,100.0
2000,2,44.59753782894464,44.59753782894464,100.0
2010,0,22.590685207591907,22.590685207591907,100.0
2010,1,33.949412445217945,33.949412445217945,100.0
2010,2,43.45990234719015,43.45990234719015,100.0
2020,0,20.989737297743478,20.989737297743478,100.0
2020,1,47.28404253544418,47.28404253544418,100.0
2020,2,31.72622016681234,31.72622016681234,100.0
2030,0,20.700615317290293,20.700615317290293,100.0
2030,1,42.557246403024074,42.557246403024074,100.0
2030,2,36.74213827968563,36.74213827968563,100.0
2040,0,22.266931850010593,22.266931850010593,100.0
2040,1,31.134332778904806,31.134332778904806,100.0
2040,2,46.5987353710846,46.5987353710846,100.0
2050,0,20.985062621349297,20.985062621349297,100.0
2050,1,39.33630168400864,39.33630168400864,100.0
2050,2,39.67863569464206,39.67863569464206,100.0
2060,0,23.815204327328185,23.815204327328185,100.0
2060,1,35.53551647042811,35.53551647042811,100.0
2060,2,40.649279202243704,40.649279202243704,100.0
2070,0,21.062636329532168,21.062636329532168,100.0
2070,1,37.068396155269895,37.068396155269895,100.0
2070,2,41.868967515197944,41.868967515197944,100.0
2080,0,24.166217226430927,24.166217226430927,100.0
2080,1,28.42983175693806,28.42983175693806,100.0
2080,2,47.403951016631005,47.403951016631005,100.0
2090,0,23.363655063467466,23.363655063467466,100.0
2090,1,32.98129801004991,32.98129801004991,100.0
2090,2,43.655046926482626,43.655046926482626,100.0
2100,0,21.39407944185578,21.39407944185578,100.0
2100,1,38.52215705654744,38.52215705654744,100.0
2100,2,40.08376350159678,40.08376350159678,100.0
2110,0,25.367055898352803,25.367055898352803,100.0
2110,1,37.80790855574489,37.80790855574489,100.0
2110,2,36.82503554590232,36.82503554590232,100.0
2120,0,22.663748462329412,22.663748462329412,100.0
2120,1,38.64547676539683,38.64547676539683,100.0
2120,2,38.69077477227376,38.69077477227376,100.0
2130,0,26.439336715378904,26.439336715378904,100.0
2130,1,28.305379238424056,28.305379238424056,100.0
2130,2,45.25528404619704,45.25528404619704,100.0
2140,0,21.255150108621343,21.255150108621343,100.0
2140,1,41.98074188815921,41.98074188815921,100.0
2140,2,36.764108003219455,36.764108003219455,100.0
2150,0,21.509598321004496,21.509598321004496,100.0
2150,1,37.42793327011602,37.42793327011602,100.0
2150,2,41.06246840887948,41.06246840887948,100.0
2160,0,20.51622137757948,20.51622137757948,100.0
2160,1,42.31054172295538,42.31054172295538,100.0
2160,2,37.17323689946514,37.17323689946514,100.0
2170,0,26.270968074082468,26.270968074082468,100.0
2170,1,30.102700020540908,30.102700020540908,100.0
2170,2,43.626331905376624,43.626331905376624,100.0
2180,0,23.056423209807175,23.056423209807175,100.0
2180,1,26.93219491170305,26.93219491170305,100.0
2180,2,50.01138187848977,50.01138187848977,100.0
2190,0,25.084570198072438,25.084570198072438,100.0
2190,1,39.655353806606186,39.655353806606186,100.0
2190,2,35.26007599532139,35.26007599532139,100.0
2200,0,24.74255710660751,24.74255710660751,100.0
2200,1,31.26533240961855,31.26533240961855,100.0
2200,2,43.99211048377394,43.99211048377394,100.0
2210,0,21.390648457527618,21.390648457527618,100.0
2210,1,37.643350664304045,37.643350664304045,100.0
2210,2,40.96600087816834,40.96600087816834,100.0
2220,0,21.89074944685266,21.89074944685266,100.0
2220,1,33.048626753059715,33.048626753059715,100.0
2220,2,45.060623800087626,45.060623800087626,100.0
2230,0,22.942255826527646,22.942255826527646,100.0
2230,1,40.32505268562127,40.32505268562127,100.0
2230,2,36.732691487851085,36.732691487851085,100.0
2240,0,22.647012991329806,22.647012991329806,100.0
2240,1,26.710607753983535,26.710607753983535,100.0
2240,2,50.64237925468667,50.64237925468667,100.0
2250,0,21.97706971881612,21.97706971881612,100.0
2250,1,32.71668211582804,32.71668211582804,100.0
2250,2,45.30624816535584,45.30624816535584,100.0
2260,0,22.59918628572036,22.59918628572036,100.0
2260,1,34.95225937782442,34.95225937782442,100.0
2260,2,42.448554336455224,42.448554336455224,100.0
2270,0,21.572247526240623,21.572247526240623,100.0
2270,1,48.60263765441732,48.60263765441732,100.0
2270,2,29.82511481934206,29.82511481934206,100.0
2280,0,23.452710216223178,23.452710216223178,100.0
2280,1,26.85963371928586,26.85963371928586,100.0
2280,2,49.687656064490966,49.687656064490966,100.0
2290,0,22.925512411445425,22.925512411445425,100.0
2290,1,36.990378273230505,36.990378273230505,100.0
2290,2,40.08410931532407,40.08410931532407,100.0
2300,0,20.718122562975573,20.718122562975573,100.0
2300,1,40.6540191039614,40.6540191039614,100.0
2300,2,38.62785833306302,38.62785833306302,100.0
2310,0,23.131190981358788,23.131190981358788,100.0
2310,1,27.925907778360042,27.925907778360042,100.0
2310,2,48.94290124028117,48.94290124028117,100.0
2320,0,20.617810459354768,20.617810459354768,100.0
2320,1,42.986040927054006,42.986040927054006,100.0
2320,2,36.39614861359123,36.39614861359123,100.0
2330,0,21.639833876556324,21.639833876556324,100.0
2330,1,35.2385058067426,35.2385058067426,100.0
2330,2,43.121660316701075,43.121660316701075,100.0
2340,0,23.38352754105221,23.38352754105221,100.0
2340,1,31.426002966630385,31.426002966630385,100.0
2340,2,45.190469492317405,45.190469492317405,100.0
2350,0,25.950805297166248,25.950805297166248,100.0
2350,1,34.00780061965145,34.00780061965145,100.0
2350,2,40.041394083182304,40.041394083182304,100.0
2360,0,22.66762030618142,22.66762030618142,100.0
2360,1,26.727081724579417,26.727081724579417,100.0
2360,2,50.60529796923916,50.60529796923916,100.0
2370,0,23.559328925035338,23.559328925035338,100.0
2370,1,35.683786718439364,35.683786718439364,100.0
2370,2,40.756884356525305,40.756884356525305,100.0
2380,0,23.21361791944655,23.21361791944655,100.0
2380,1,42.18896129723613,42.18896129723613,100.0
2380,2,34.59742078331732,34.59742078331732,100.0
2390,0,22.07528393090586,22.07528393090586,100.0
2390,1,33.46996412415514,33.46996412415514,100.0
2390,2,44.454751944939,44.454751944939,100.0
2400,0,24.954343360266897,24.954343360266897,100.0
2400,1,32.79696109044327,32.79696109044327,100.0
2400,2,42.248695549289835,42.248695549289835,100.0
2410,0,23.136902293352513,23.136902293352513,100.0
2410,1,27.736111503283507,27.736111503283507,100.0
2410,2,49.126986203363984,49.126986203363984,100.0
2420,0,21.23448667891884,21.23448667891884,100.0
2420,1,42.80843815206708,42.80843815206708,100.0
2420,2,35.95707516901407,35.95707516901407,100.0
2430,0,20.986291085587087,20.986291085587087,100.0
2430,1,41.66975257914295,41.66975257914295,100.0
2430,2,37.343956335269965,37.343956335269965,100.0
2440,0,21.747792805266716,21.747792805266716,100.0
2440,1,31.988258793910795,31.988258793910795,100.0
2440,2,46.263948400822485,46.263948400822485,100.0
2450,0,21.972507556894605,21.972507556894605,100.0
2450,1,34.98932105366249,34.98932105366249,100.0
2450,2,43.0381713894429,43.0381713894429,100.0
2460,0,22.645172002491204,22.645172002491204,100.0
2460,1,36.308827418576215,36.308827418576215,100.0
2460,2,41.04600057893257,41.04600057893257,100.0
2470,0,24.113109190160436,24.113109190160436,100.0
2470,1,32.60194287820942,32.60194287820942,100.0
2470,2,43.28494793163015,43.28494793163015,100.0
2480,0,21.96274377530508,21.96274377530508,100.0
2480,1,43.64299472095996,43.64299472095996,100.0
2480,2,34.39426150373497,34.39426150373497,100.0
2490,0,23.218731933875585,23.218731933875585,100.0
2490,1,35.35252581776883,35.35252581776883,100.0
2490,2,41.42874224835559,41.42874224835559,100.0
2500,0,21.947093108779924,21.947093108779924,100.0
2500,1,32.92319702642989,32.92319702642989,100.0
2500,2,45.129709864790186,45.129709864790186,100.0
2510,0,22.446959738906383,22.446959738906383,100.0
2510,1,39.80507922899735,39.80507922899735,100.0
2510,2,37.74796103209627,37.74796103209627,100.0
2520,0,22.347294636457782,22.347294636457782,100.0
2520,1,28.441985766678524,28.441985766678524,100.0
2520,2,49.2107195968637,49.2107195968637,100.0
2530,0,23.757393782506632,23.757393782506632,100.0
2530,1,31.077008798548583,31.077008798548583,100.0
2530,2,45.165597418944785,45.165597418944785,100.0
2540,0,22.08413573131778,22.08413573131778,100.0
2540,1,35.94215680246238,35.94215680246238,100.0
2540,2,41.97370746621984,41.97370746621984,100.0
2550,0,24.00944588577432,24.00944588577432,100.0
2550,1,26.976259671531484,26.976259671531484,100.0
2550,2,49.014294442694194,49.014294442694194,100.0
2560,0,21.45925963655103,21.45925963655103,100.0
2560,1,38.69531985983639,38.69531985983639,100.0
2560,2,39.84542050361258,39.84542050361258,100.0
2570,0,23.058935225443754,23.058935225443754,100.0
2570,1,26.24963300833962,26.24963300833962,100.0
2570,2,50.691431766216624,50.691431766216624,100.0
2580,0,22.78800576669411,22.78800576669411,100.0
2580,1,26.142944725197793,26.142944725197793,100.0
2580,2,51.06904950810811,51.06904950810811,100.0
2590,0,24.377848037259987,24.377848037259987,100.0
2590,1,31.942420496328815,31.942420496328815,100.0
2590,2,43.6797314664112,43.6797314664112,100.0
2600,0,22.456829021261907,22.456829021261907,100.0
2600,1,38.08785491475709,38.08785491475709,100.0
2600,2,39.455316063981,39.455316063981,100.0
2610,0,21.502914210448324,21.502914210448324,100.0
2610,1,33.89724143464644,33.89724143464644,100.0
2610,2,44.59984435490523,44.59984435490523,100.0
2620,0,22.688928907737345,22.688928907737345,100.0
2620,1,36.69779881988017,36.69779881988017,100.0
2620,2,40.61327227238248,40.61327227238248,100.0
2630,0,20.342275212606033,20.342275212606033,100.0
2630,1,43.205566902892926,43.205566902892926,100.0
2630,2,36.45215788450105,36.45215788450105,100.0
2640,0,21.921240974867196,21.921240974867196,100.0
2640,1,37.642951974444884,37.642951974444884,100.0
2640,2,40.43580705068791,40.43580705068791,100.0
2650,0,21.727127891873195,21.727127891873195,100.0
2650,1,42.3034952609271,42.3034952609271,100.0
2650,2,35.969376847199705,35.969376847199705,100.0
2660,0,23.88335889785057,23.88335889785057,100.0
2660,1,26.90439876163151,26.90439876163151,100.0
2660,2,49.21224234051792,49.21224234051792,100.0
2670,0,21.540150146887978,21.540150146887978,100.0
2670,1,45.405808860994014,45.405808860994014,100.0
2670,2,33.05404099211802,33.05404099211802,100.0
2680,0,22.456683746022424,22.456683746022424,100.0
2680,1,35.74108418834211,35.74108418834211,100.0
2680,2,41.80223206563547,41.80223206563547,100.0
2690,0,22.973305259092434,22.973305259092434,100.0
2690,1,26.38586603576625,26.38586603576625,100.0
2690,2,50.64082870514133,50.64082870514133,100.0
2700,0,22.184002072861333,22.184002072861333,100.0
2700,1,31.58865175807347,31.58865175807347,100.0
2700,2,46.2273461690652,46.2273461690652,100.0
2710,0,20.812633666811944,20.812633666811944,100.0
2710,1,38.67829835607585,38.67829835607585,100.0
2710,2,40.50906797711221,40.50906797711221,100.0
2720,0,23.043370208241242,23.043370208241242,100.0
2720,1,36.13638722241775,36.13638722241775,100.0
2720,2,40.820242569341005,40.820242569341005,100.0
2730,0,22.342162742039594,22.342162742039594,100.0
2730,1,31.278146144184454,31.278146144184454,100.0
2730,2,46.37969111377595,46.37969111377595,100.0
