timestamp,ueImsi,sliceId,dTxBytes,dRxBytes,plr,resourceSharePct,dLostPackets,throughputMbps,bufferBytes
1510,1,0,35144,27504,21.74,30.41,5,22.0032,189387
1510,2,0,35144,16808,52.17,30.41,12,13.4464,1514461
1510,3,1,1014,0,100.00,40.23,13,0.0000,87
1510,4,1,1014,1014,0.00,40.23,0,0.8112,87
1510,5,2,256,0,100.00,29.36,2,0.0000,137
1510,6,2,256,256,0.00,29.36,0,0.2048,137
1510,7,2,256,256,0.00,29.36,0,0.2048,137
1510,8,2,256,0,100.00,29.36,2,0.0000,137
1510,9,2,256,0,100.00,29.36,2,0.0000,137
1510,10,2,256,256,0.00,29.36,0,0.2048,137
