timestamp,ueImsi,sliceId,dTxBytes,dRxBytes,plr,resourceSharePct,dLostPackets,throughputMbps,bufferBytes
1510,1,0,18336,0,100.00,42.42,12,0.0000,1699231
1510,2,0,18336,4584,75.00,42.42,9,3.6672,1458512
1510,3,0,18336,7640,58.33,42.42,7,6.1120,1137304
1510,4,0,18336,10696,41.67,42.42,5,8.5568,1311866
1510,5,0,18336,0,100.00,42.42,12,0.0000,1699076
1510,6,1,390,390,0.00,37.76,0,0.3120,87
1510,7,1,390,0,100.00,37.76,5,0.0000,497
1510,8,1,390,390,0.00,37.76,0,0.3120,87
1510,9,1,390,156,60.00,37.76,3,0.1248,579
1510,10,1,390,0,100.00,37.76,5,0.0000,2212
1510,11,2,384,256,33.33,19.82,1,0.2048,21
1510,12,2,384,256,33.33,19.82,1,0.2048,137
1510,13,2,384,256,33.33,19.82,1,0.2048,137
1510,14,2,384,256,33.33,19.82,1,0.2048,137
1510,15,2,384,256,33.33,19.82,1,0.2048,95
1510,16,2,384,0,100.00,19.82,3,0.0000,137
1510,17,2,384,256,33.33,19.82,1,0.2048,137
1510,18,2,384,0,100.00,19.82,3,0.0000,401
1510,19,2,384,256,33.33,19.82,1,0.2048,137
1510,20,2,384,2560,0.00,19.82,0,2.0480,137
