timestamp,ueImsi,sliceId,dTxBytes,dRxBytes,plr,resourceSharePct,dLostPackets,throughputMbps,bufferBytes
1510,1,0,35144,22920,34.78,31.63,8,18.3360,733696
1510,2,0,35144,25976,26.09,31.63,6,20.7808,246915
1510,3,1,1014,936,7.69,45.91,1,0.7488,87
1510,4,1,1014,936,7.69,45.91,1,0.7488,87
1510,5,2,256,128,50.00,22.46,1,0.1024,54
1510,6,2,256,256,0.00,22.46,0,0.2048,54
1510,7,2,256,256,0.00,22.46,0,0.2048,54
1510,8,2,256,0,100.00,22.46,2,0.0000,137
1510,9,2,256,256,0.00,22.46,0,0.2048,54
1510,10,2,256,256,0.00,22.46,0,0.2048,61
