timestamp_ms,ue_id,slice,thr_mbps,tx_bytes_delta,rx_bytes_delta,tx_packets_delta,rx_packets_delta,loss_pct_interval,buffer_bytes,dropped_packets_delta,rsh_configured_pct
510,1,eMBB,19.5584,33616,24448,22,16,0.00,3069,0,33.33
510,2,eMBB,19.5584,33616,24448,22,16,0.00,3069,0,33.33
510,3,URLLC,0.4992,936,624,12,8,0.00,87,0,40.00
510,4,URLLC,0.4992,936,624,12,8,0.00,87,0,40.00
510,5,MTC,0.1024,256,128,2,1,0.00,137,0,26.67
510,6,MTC,0.1024,256,128,2,1,0.00,137,0,26.67
510,7,MTC,0.1024,256,128,2,1,0.00,137,0,26.67
510,8,MTC,0.0000,256,0,2,0,0.00,137,0,26.67
510,9,MTC,0.1024,256,128,2,1,0.00,137,0,26.67
510,10,MTC,0.1024,256,128,2,1,0.00,137,0,26.67
520,1,eMBB,20.7808,35144,25976,23,17,0.00,9739,0,35.73
520,2,eMBB,23.2256,35144,29032,23,19,0.00,7646,0,35.73
520,3,URLLC,0.8112,936,1014,12,13,0.00,333,0,31.42
520,4,URLLC,0.8112,936,1014,12,13,0.00,333,0,31.42
520,5,MTC,0.2048,256,256,2,2,0.00,137,0,32.84
520,6,MTC,0.2048,256,256,2,2,0.00,137,0,32.84
520,7,MTC,0.2048,256,256,2,2,0.00,137,0,32.84
520,8,MTC,0.0000,256,0,2,0,0.00,137,0,32.84
520,9,MTC,0.2048,256,256,2,2,0.00,137,0,32.84
520,10,MTC,0.2048,256,256,2,2,0.00,137,0,32.84
530,1,eMBB,22.0032,35144,27504,23,18,0.00,19442,0,33.22
530,2,eMBB,20.7808,35144,25976,23,17,0.00,17073,0,33.22
530,3,URLLC,0.5616,1014,702,13,9,0.00,333,0,42.26
530,4,URLLC,0.5616,1014,702,13,9,0.00,333,0,42.26
530,5,MTC,0.2048,256,256,2,2,0.00,137,0,24.52
530,6,MTC,0.2048,256,256,2,2,0.00,137,0,24.52
530,7,MTC,0.2048,256,256,2,2,0.00,137,0,24.52
530,8,MTC,0.0000,256,0,2,0,0.00,137,0,24.52
530,9,MTC,0.2048,256,256,2,2,0.00,137,0,24.52
530,10,MTC,0.2048,256,256,2,2,0.00,137,0,24.52
540,1,eMBB,24.4480,35144,30560,23,20,0.00,19949,0,24.57
540,2,eMBB,29.3376,35144,36672,23,24,0.00,11242,0,24.57
540,3,URLLC,0.8112,936,1014,12,13,0.00,87,0,28.10
540,4,URLLC,0.8112,936,1014,12,13,0.00,87,0,28.10
540,5,MTC,0.2048,256,256,2,2,0.00,137,0,47.33
540,6,MTC,0.2048,256,256,2,2,0.00,137,0,47.33
540,7,MTC,0.2048,256,256,2,2,0.00,137,0,47.33
540,8,MTC,0.0000,256,0,2,0,0.00,137,0,47.33
540,9,MTC,0.2048,256,256,2,2,0.00,137,0,47.33
540,10,MTC,0.2048,256,256,2,2,0.00,137,0,47.33
550,1,eMBB,23.2256,35144,29032,23,19,0.00,31585,0,47.22
550,2,eMBB,29.3376,35144,36672,23,24,0.00,16185,0,47.22
550,3,URLLC,0.8112,1014,1014,13,13,0.00,87,0,29.46
550,4,URLLC,0.8112,1014,1014,13,13,0.00,87,0,29.46
550,5,MTC,0.2048,256,256,2,2,0.00,137,0,23.32
550,6,MTC,0.2048,256,256,2,2,0.00,137,0,23.32
550,7,MTC,0.2048,256,256,2,2,0.00,137,0,23.32
550,8,MTC,0.0000,256,0,2,0,0.00,137,0,23.32
550,9,MTC,0.2048,256,256,2,2,0.00,137,0,23.32
550,10,MTC,0.2048,256,256,2,2,0.00,137,0,23.32
560,1,eMBB,28.1152,35144,35144,23,23,0.00,31393,0,40.74
560,2,eMBB,34.2272,35144,42784,23,28,0.00,10319,0,40.74
560,3,URLLC,0.8112,936,1014,12,13,0.00,333,0,33.03
560,4,URLLC,0.8112,936,1014,12,13,0.00,333,0,33.03
560,5,MTC,0.2048,256,256,2,2,0.00,137,0,26.22
560,6,MTC,0.2048,256,256,2,2,0.00,137,0,26.22
560,7,MTC,0.2048,256,256,2,2,0.00,137,0,26.22
560,8,MTC,0.0000,256,0,2,0,0.00,137,0,26.22
560,9,MTC,0.2048,256,256,2,2,0.00,137,0,26.22
560,10,MTC,0.2048,256,256,2,2,0.00,137,0,26.22
570,1,eMBB,20.7808,35144,25976,23,17,0.00,37137,0,26.34
570,2,eMBB,22.0032,35144,27504,23,18,0.00,12845,0,26.34
570,3,URLLC,0.8736,1014,1092,13,14,0.00,415,0,37.10
570,4,URLLC,0.8736,1014,1092,13,14,0.00,415,0,37.10
570,5,MTC,0.2048,256,256,2,2,0.00,137,0,36.56
570,6,MTC,0.2048,256,256,2,2,0.00,137,0,36.56
570,7,MTC,0.2048,256,256,2,2,0.00,137,0,36.56
570,8,MTC,0.0000,256,0,2,0,0.00,137,0,36.56
570,9,MTC,0.2048,256,256,2,2,0.00,137,0,36.56
570,10,MTC,0.2048,256,256,2,2,0.00,137,0,36.56
580,1,eMBB,29.3376,35144,36672,23,24,0.00,37937,0,44.43
580,2,eMBB,36.6720,35144,45840,23,30,0.00,4904,0,44.43
580,3,URLLC,0.8112,936,1014,12,13,0.00,87,0,25.08
580,4,URLLC,0.8112,936,1014,12,13,0.00,87,0,25.08
580,5,MTC,0.3072,256,384,2,3,0.00,137,0,30.49
580,6,MTC,0.3072,256,384,2,3,0.00,137,0,30.49
580,7,MTC,0.3072,256,384,2,3,0.00,137,0,30.49
580,8,MTC,0.0000,256,0,2,0,0.00,137,0,30.49
580,9,MTC,0.3072,256,384,2,3,0.00,137,0,30.49
580,10,MTC,0.3072,256,384,2,3,0.00,137,0,30.49
590,1,eMBB,20.7808,35144,25976,23,17,0.00,44068,0,35.73
590,2,eMBB,24.4480,35144,30560,23,20,0.00,5645,0,35.73
590,3,URLLC,0.7488,1014,936,13,12,0.00,87,0,37.68
590,4,URLLC,0.7488,1014,936,13,12,0.00,87,0,37.68
590,5,MTC,0.2048,256,256,2,2,0.00,39,0,26.59
590,6,MTC,0.2048,256,256,2,2,0.00,39,0,26.59
590,7,MTC,0.2048,256,256,2,2,0.00,39,0,26.59
590,8,MTC,0.0000,256,0,2,0,0.00,137,0,26.59
590,9,MTC,0.2048,256,256,2,2,0.00,39,0,26.59
590,10,MTC,0.2048,256,256,2,2,0.00,53,0,26.59
600,1,eMBB,22.0032,35144,27504,23,18,0.00,50115,0,26.93
600,2,eMBB,22.0032,35144,27504,23,18,0.00,11458,0,26.93
600,3,URLLC,0.6240,936,780,12,10,0.00,87,0,27.01
600,4,URLLC,0.6240,936,780,12,10,0.00,87,0,27.01
600,5,MTC,0.1024,256,128,2,1,0.00,137,0,46.06
600,6,MTC,0.1024,256,128,2,1,0.00,137,0,46.06
600,7,MTC,0.1024,256,128,2,1,0.00,137,0,46.06
600,8,MTC,0.0000,256,0,2,0,0.00,137,0,46.06
600,9,MTC,0.1024,256,128,2,1,0.00,137,0,46.06
600,10,MTC,0.1024,256,128,2,1,0.00,137,0,46.06
610,1,eMBB,20.7808,35144,25976,23,17,0.00,59688,0,35.37
610,2,eMBB,25.6704,35144,32088,23,21,0.00,14955,0,35.37
610,3,URLLC,0.8112,1014,1014,13,13,0.00,87,0,35.92
610,4,URLLC,0.8112,1014,1014,13,13,0.00,87,0,35.92
610,5,MTC,0.2048,256,256,2,2,0.00,137,0,28.71
610,6,MTC,0.2048,256,256,2,2,0.00,137,0,28.71
610,7,MTC,0.2048,256,256,2,2,0.00,137,0,28.71
610,8,MTC,0.0000,256,0,2,0,0.00,137,0,28.71
610,9,MTC,0.2048,256,256,2,2,0.00,137,0,28.71
610,10,MTC,0.2048,256,256,2,2,0.00,137,0,28.71
620,1,eMBB,25.6704,33616,32088,22,21,0.00,66029,0,38.17
620,2,eMBB,31.7824,33616,39728,22,26,0.00,14841,0,38.17
620,3,URLLC,0.8112,936,1014,12,13,0.00,333,0,26.67
620,4,URLLC,0.8112,936,1014,12,13,0.00,333,0,26.67
620,5,MTC,0.3072,256,384,2,3,0.00,137,0,35.16
620,6,MTC,0.3072,256,384,2,3,0.00,137,0,35.16
620,7,MTC,0.3072,256,384,2,3,0.00,137,0,35.16
620,8,MTC,0.0000,256,0,2,0,0.00,137,0,35.16
620,9,MTC,0.3072,256,384,2,3,0.00,137,0,35.16
620,10,MTC,0.3072,256,384,2,3,0.00,137,0,35.16
630,1,eMBB,24.4480,35144,30560,23,20,0.00,66251,0,29.98
630,2,eMBB,26.8928,35144,33616,23,22,0.00,11949,0,29.98
630,3,URLLC,0.8112,1014,1014,13,13,0.00,87,0,42.71
630,4,URLLC,0.8112,1014,1014,13,13,0.00,87,0,42.71
630,5,MTC,0.2048,384,256,3,2,0.00,32,0,27.31
630,6,MTC,0.2048,384,256,3,2,0.00,39,0,27.31
630,7,MTC,0.2048,384,256,3,2,0.00,39,0,27.31
630,8,MTC,0.0000,384,0,3,0,0.00,137,0,27.31
630,9,MTC,0.2048,384,256,3,2,0.00,32,0,27.31
630,10,MTC,0.2048,384,256,3,2,0.00,53,0,27.31
640,1,eMBB,24.4480,35144,30560,23,20,0.00,72730,0,26.36
640,2,eMBB,26.8928,35144,33616,23,22,0.00,14967,0,26.36
640,3,URLLC,0.8112,936,1014,12,13,0.00,87,0,41.04
640,4,URLLC,0.8112,936,1014,12,13,0.00,87,0,41.04
640,5,MTC,0.2048,256,256,2,2,0.00,137,0,32.60
640,6,MTC,0.2048,256,256,2,2,0.00,137,0,32.60
640,7,MTC,0.2048,256,256,2,2,0.00,137,0,32.60
640,8,MTC,0.0000,256,0,2,0,0.00,137,0,32.60
640,9,MTC,0.2048,256,256,2,2,0.00,137,0,32.60
640,10,MTC,0.2048,256,256,2,2,0.00,137,0,32.60
650,1,eMBB,25.6704,35144,32088,23,21,0.00,83020,0,28.05
650,2,eMBB,29.3376,35144,36672,23,24,0.00,21972,0,28.05
650,3,URLLC,0.8112,1014,1014,13,13,0.00,333,0,31.07
650,4,URLLC,0.8112,1014,1014,13,13,0.00,333,0,31.07
650,5,MTC,0.2048,256,256,2,2,0.00,137,0,40.87
650,6,MTC,0.2048,256,256,2,2,0.00,137,0,40.87
650,7,MTC,0.2048,256,256,2,2,0.00,137,0,40.87
650,8,MTC,0.0000,256,0,2,0,0.00,137,0,40.87
650,9,MTC,0.2048,256,256,2,2,0.00,137,0,40.87
650,10,MTC,0.2048,256,256,2,2,0.00,137,0,40.87
660,1,eMBB,11.0016,35144,13752,23,9,0.00,95201,0,43.62
660,2,eMBB,14.6688,35144,18336,23,12,0.00,28746,0,43.62
660,3,URLLC,0.8112,936,1014,12,13,0.00,333,0,37.30
660,4,URLLC,0.8112,936,1014,12,13,0.00,333,0,37.30
660,5,MTC,0.2048,256,256,2,2,0.00,137,0,19.08
660,6,MTC,0.2048,256,256,2,2,0.00,137,0,19.08
660,7,MTC,0.2048,256,256,2,2,0.00,137,0,19.08
660,8,MTC,0.0000,256,0,2,0,0.00,137,0,19.08
660,9,MTC,0.2048,256,256,2,2,0.00,137,0,19.08
660,10,MTC,0.2048,256,256,2,2,0.00,137,0,19.08
670,1,eMBB,22.0032,35144,27504,23,18,0.00,100407,0,25.33
670,2,eMBB,24.4480,35144,30560,23,20,0.00,30561,0,25.33
670,3,URLLC,0.5616,1014,702,13,9,0.00,333,0,49.83
670,4,URLLC,0.5616,1014,702,13,9,0.00,333,0,49.83
670,5,MTC,0.2048,256,256,2,2,0.00,47,0,24.84
670,6,MTC,0.2048,256,256,2,2,0.00,47,0,24.84
670,7,MTC,0.2048,256,256,2,2,0.00,47,0,24.84
670,8,MTC,0.0000,256,0,2,0,0.00,137,0,24.84
670,9,MTC,0.2048,256,256,2,2,0.00,47,0,24.84
670,10,MTC,0.2048,256,256,2,2,0.00,39,0,24.84
680,1,eMBB,33.0048,35144,41256,23,27,0.00,102188,0,45.35
680,2,eMBB,37.8944,35144,47368,23,31,0.00,25953,0,45.35
680,3,URLLC,0.8112,936,1014,12,13,0.00,415,0,32.70
680,4,URLLC,0.8112,936,1014,12,13,0.00,415,0,32.70
680,5,MTC,0.1024,256,128,2,1,0.00,137,0,21.95
680,6,MTC,0.2048,256,256,2,2,0.00,137,0,21.95
680,7,MTC,0.2048,256,256,2,2,0.00,137,0,21.95
680,8,MTC,0.0000,256,0,2,0,0.00,137,0,21.95
680,9,MTC,0.2048,256,256,2,2,0.00,137,0,21.95
680,10,MTC,0.2048,256,256,2,2,0.00,137,0,21.95
690,1,eMBB,17.1136,35144,21392,23,14,0.00,113834,0,22.08
690,2,eMBB,19.5584,35144,24448,23,16,0.00,34957,0,22.08
690,3,URLLC,0.8112,1014,1014,13,13,0.00,87,0,50.03
690,4,URLLC,0.8112,1014,1014,13,13,0.00,87,0,50.03
690,5,MTC,0.3072,256,384,2,3,0.00,32,0,27.89
690,6,MTC,0.2048,256,256,2,2,0.00,32,0,27.89
690,7,MTC,0.2048,256,256,2,2,0.00,39,0,27.89
690,8,MTC,0.0000,256,0,2,0,0.00,137,0,27.89
690,9,MTC,0.2048,256,256,2,2,0.00,32,0,27.89
690,10,MTC,0.2048,256,256,2,2,0.00,40,0,27.89
700,1,eMBB,22.0032,35144,27504,23,18,0.00,122507,0,28.82
700,2,eMBB,24.4480,35144,30560,23,20,0.00,39461,0,28.82
700,3,URLLC,0.8112,936,1014,12,13,0.00,333,0,31.81
700,4,URLLC,0.8112,936,1014,12,13,0.00,333,0,31.81
700,5,MTC,0.2048,256,256,2,2,0.00,137,0,39.37
700,6,MTC,0.2048,256,256,2,2,0.00,137,0,39.37
700,7,MTC,0.2048,256,256,2,2,0.00,137,0,39.37
700,8,MTC,0.0000,256,0,2,0,0.00,137,0,39.37
700,9,MTC,0.2048,256,256,2,2,0.00,137,0,39.37
700,10,MTC,0.2048,256,256,2,2,0.00,137,0,39.37
710,1,eMBB,20.7808,35144,25976,23,17,0.00,126827,0,23.03
710,2,eMBB,25.6704,35144,32088,23,21,0.00,38586,0,23.03
710,3,URLLC,0.8736,1014,1092,13,14,0.00,87,0,26.81
710,4,URLLC,0.8736,1014,1092,13,14,0.00,87,0,26.81
710,5,MTC,0.3072,256,384,2,3,0.00,137,0,50.16
710,6,MTC,0.3072,256,384,2,3,0.00,137,0,50.16
710,7,MTC,0.3072,256,384,2,3,0.00,137,0,50.16
710,8,MTC,0.0000,256,0,2,0,0.00,137,0,50.16
710,9,MTC,0.3072,256,384,2,3,0.00,137,0,50.16
710,10,MTC,0.3072,256,384,2,3,0.00,137,0,50.16
720,1,eMBB,19.5584,35144,24448,23,16,0.00,140289,0,23.57
720,2,eMBB,20.7808,35144,25976,23,17,0.00,49822,0,23.57
720,3,URLLC,0.8112,936,1014,12,13,0.00,87,0,50.09
720,4,URLLC,0.8112,936,1014,12,13,0.00,87,0,50.09
720,5,MTC,0.2048,256,256,2,2,0.00,137,0,26.34
720,6,MTC,0.2048,256,256,2,2,0.00,137,0,26.34
720,7,MTC,0.2048,256,256,2,2,0.00,137,0,26.34
720,8,MTC,0.0000,256,0,2,0,0.00,137,0,26.34
720,9,MTC,0.2048,256,256,2,2,0.00,137,0,26.34
720,10,MTC,0.2048,256,256,2,2,0.00,137,0,26.34
730,1,eMBB,22.0032,35144,27504,23,18,0.00,146935,0,27.03
730,2,eMBB,25.6704,35144,32088,23,21,0.00,51361,0,27.03
730,3,URLLC,0.7488,1014,936,13,12,0.00,87,0,28.29
730,4,URLLC,0.7488,1014,936,13,12,0.00,87,0,28.29
730,5,MTC,0.2048,256,256,2,2,0.00,137,0,44.68
730,6,MTC,0.2048,256,256,2,2,0.00,137,0,44.68
730,7,MTC,0.2048,256,256,2,2,0.00,137,0,44.68
730,8,MTC,0.0000,256,0,2,0,0.00,137,0,44.68
730,9,MTC,0.2048,256,256,2,2,0.00,137,0,44.68
730,10,MTC,0.2048,256,256,2,2,0.00,137,0,44.68
740,1,eMBB,17.1136,33616,21392,22,14,0.00,158076,0,29.93
740,2,eMBB,22.0032,33616,27504,22,18,0.00,56977,0,29.93
740,3,URLLC,0.6240,936,780,12,10,0.00,87,0,34.85
740,4,URLLC,0.6240,936,780,12,10,0.00,87,0,34.85
740,5,MTC,0.1024,256,128,2,1,0.00,137,0,35.22
740,6,MTC,0.1024,256,128,2,1,0.00,137,0,35.22
740,7,MTC,0.1024,256,128,2,1,0.00,137,0,35.22
740,8,MTC,0.0000,256,0,2,0,0.00,137,0,35.22
740,9,MTC,0.1024,256,128,2,1,0.00,137,0,35.22
740,10,MTC,0.1024,256,128,2,1,0.00,137,0,35.22
750,1,eMBB,25.6704,35144,32088,23,21,0.00,165257,0,41.05
750,2,eMBB,30.5600,35144,38200,23,25,0.00,57909,0,41.05
750,3,URLLC,0.8112,1014,1014,13,13,0.00,87,0,30.47
750,4,URLLC,0.8112,1014,1014,13,13,0.00,87,0,30.47
750,5,MTC,0.3072,384,384,3,3,0.00,137,0,28.48
750,6,MTC,0.3072,384,384,3,3,0.00,137,0,28.48
750,7,MTC,0.3072,384,384,3,3,0.00,137,0,28.48
750,8,MTC,0.0000,384,0,3,0,0.00,137,0,28.48
750,9,MTC,0.3072,384,384,3,3,0.00,137,0,28.48
750,10,MTC,0.3072,384,384,3,3,0.00,137,0,28.48
760,1,eMBB,24.4480,35144,30560,23,20,0.00,171171,0,33.49
760,2,eMBB,28.1152,35144,35144,23,23,0.00,58453,0,33.49
760,3,URLLC,0.8112,936,1014,12,13,0.00,333,0,29.11
760,4,URLLC,0.8112,936,1014,12,13,0.00,333,0,29.11
760,5,MTC,0.2048,256,256,2,2,0.00,137,0,37.40
760,6,MTC,0.2048,256,256,2,2,0.00,137,0,37.40
760,7,MTC,0.2048,256,256,2,2,0.00,137,0,37.40
760,8,MTC,0.0000,256,0,2,0,0.00,137,0,37.40
760,9,MTC,0.2048,256,256,2,2,0.00,137,0,37.40
760,10,MTC,0.2048,256,256,2,2,0.00,137,0,37.40
770,1,eMBB,24.4480,35144,30560,23,20,0.00,170384,0,31.18
770,2,eMBB,30.5600,35144,38200,23,25,0.00,51872,0,31.18
770,3,URLLC,0.8112,1014,1014,13,13,0.00,87,0,36.28
770,4,URLLC,0.8112,1014,1014,13,13,0.00,87,0,36.28
770,5,MTC,0.2048,256,256,2,2,0.00,137,0,32.54
770,6,MTC,0.2048,256,256,2,2,0.00,137,0,32.54
770,7,MTC,0.2048,256,256,2,2,0.00,137,0,32.54
770,8,MTC,0.0000,256,0,2,0,0.00,137,0,32.54
770,9,MTC,0.2048,256,256,2,2,0.00,137,0,32.54
770,10,MTC,0.2048,256,256,2,2,0.00,137,0,32.54
780,1,eMBB,23.2256,35144,29032,23,19,0.00,179797,0,36.11
780,2,eMBB,28.1152,35144,35144,23,23,0.00,55176,0,36.11
780,3,URLLC,0.8112,936,1014,12,13,0.00,87,0,31.44
780,4,URLLC,0.8112,936,1014,12,13,0.00,87,0,31.44
780,5,MTC,0.2048,256,256,2,2,0.00,137,0,32.45
780,6,MTC,0.2048,256,256,2,2,0.00,137,0,32.45
780,7,MTC,0.2048,256,256,2,2,0.00,137,0,32.45
780,8,MTC,0.0000,256,0,2,0,0.00,137,0,32.45
780,9,MTC,0.2048,256,256,2,2,0.00,137,0,32.45
780,10,MTC,0.2048,256,256,2,2,0.00,137,0,32.45
790,1,eMBB,26.8928,35144,33616,23,22,0.00,188482,0,34.64
790,2,eMBB,31.7824,35144,39728,23,26,0.00,57559,0,34.64
790,3,URLLC,0.8112,1014,1014,13,13,0.00,333,0,33.31
790,4,URLLC,0.8112,1014,1014,13,13,0.00,333,0,33.31
790,5,MTC,0.2048,256,256,2,2,0.00,137,0,32.05
790,6,MTC,0.2048,256,256,2,2,0.00,137,0,32.05
790,7,MTC,0.2048,256,256,2,2,0.00,137,0,32.05
790,8,MTC,0.0000,256,0,2,0,0.00,137,0,32.05
790,9,MTC,0.2048,256,256,2,2,0.00,137,0,32.05
790,10,MTC,0.2048,256,256,2,2,0.00,137,0,32.05
800,1,eMBB,15.8912,35144,19864,23,13,0.00,193642,0,22.77
800,2,eMBB,18.3360,35144,22920,23,15,0.00,59636,0,22.77
800,3,URLLC,0.8112,936,1014,12,13,0.00,333,0,33.59
800,4,URLLC,0.8112,936,1014,12,13,0.00,333,0,33.59
800,5,MTC,0.2048,256,256,2,2,0.00,137,0,43.63
800,6,MTC,0.2048,256,256,2,2,0.00,137,0,43.63
800,7,MTC,0.2048,256,256,2,2,0.00,137,0,43.63
800,8,MTC,0.0000,256,0,2,0,0.00,137,0,43.63
800,9,MTC,0.2048,256,256,2,2,0.00,137,0,43.63
800,10,MTC,0.2048,256,256,2,2,0.00,137,0,43.63
810,1,eMBB,26.8928,35144,33616,23,22,0.00,192016,0,51.48
810,2,eMBB,31.7824,35144,39728,23,26,0.00,48512,0,51.48
810,3,URLLC,0.5616,1014,702,13,9,0.00,333,0,26.71
810,4,URLLC,0.5616,1014,702,13,9,0.00,333,0,26.71
810,5,MTC,0.2048,256,256,2,2,0.00,137,0,21.82
810,6,MTC,0.2048,256,256,2,2,0.00,137,0,21.82
810,7,MTC,0.2048,256,256,2,2,0.00,137,0,21.82
810,8,MTC,0.0000,256,0,2,0,0.00,137,0,21.82
810,9,MTC,0.2048,256,256,2,2,0.00,137,0,21.82
810,10,MTC,0.2048,256,256,2,2,0.00,137,0,21.82
820,1,eMBB,24.4480,35144,30560,23,20,0.00,199386,0,28.69
820,2,eMBB,33.0048,35144,41256,23,27,0.00,47693,0,28.69
820,3,URLLC,0.8112,936,1014,12,13,0.00,87,0,28.77
820,4,URLLC,0.8112,936,1014,12,13,0.00,87,0,28.77
820,5,MTC,0.2048,256,256,2,2,0.00,137,0,42.54
820,6,MTC,0.2048,256,256,2,2,0.00,137,0,42.54
820,7,MTC,0.2048,256,256,2,2,0.00,137,0,42.54
820,8,MTC,0.0000,256,0,2,0,0.00,137,0,42.54
820,9,MTC,0.2048,256,256,2,2,0.00,137,0,42.54
820,10,MTC,0.2048,256,256,2,2,0.00,137,0,42.54
830,1,eMBB,13.4464,35144,16808,23,11,0.00,221168,0,33.65
830,2,eMBB,15.8912,35144,19864,23,13,0.00,66711,0,33.65
830,3,URLLC,0.8112,1014,1014,13,13,0.00,87,0,46.17
830,4,URLLC,0.8112,1014,1014,13,13,0.00,87,0,46.17
830,5,MTC,0.2048,256,256,2,2,0.00,62,0,20.18
830,6,MTC,0.2048,256,256,2,2,0.00,62,0,20.18
830,7,MTC,0.2048,256,256,2,2,0.00,62,0,20.18
830,8,MTC,0.0000,256,0,2,0,0.00,137,0,20.18
830,9,MTC,0.2048,256,256,2,2,0.00,70,0,20.18
830,10,MTC,0.2048,256,256,2,2,0.00,68,0,20.18
840,1,eMBB,22.0032,35144,27504,23,18,0.00,229545,0,27.14
840,2,eMBB,23.2256,35144,29032,23,19,0.00,73161,0,27.14
840,3,URLLC,0.8112,936,1014,12,13,0.00,333,0,48.57
840,4,URLLC,0.8112,936,1014,12,13,0.00,333,0,48.57
840,5,MTC,0.2048,256,256,2,2,0.00,137,0,24.29
840,6,MTC,0.2048,256,256,2,2,0.00,137,0,24.29
840,7,MTC,0.2048,256,256,2,2,0.00,137,0,24.29
840,8,MTC,0.0000,256,0,2,0,0.00,137,0,24.29
840,9,MTC,0.2048,256,256,2,2,0.00,137,0,24.29
840,10,MTC,0.2048,256,256,2,2,0.00,137,0,24.29
850,1,eMBB,24.4480,35144,30560,23,20,0.00,232806,0,28.23
850,2,eMBB,29.3376,35144,36672,23,24,0.00,71092,0,28.23
850,3,URLLC,0.8736,1014,1092,13,14,0.00,87,0,28.36
850,4,URLLC,0.8736,1014,1092,13,14,0.00,87,0,28.36
850,5,MTC,0.3072,256,384,2,3,0.00,137,0,43.41
850,6,MTC,0.3072,256,384,2,3,0.00,137,0,43.41
850,7,MTC,0.3072,256,384,2,3,0.00,137,0,43.41
850,8,MTC,0.0000,256,0,2,0,0.00,137,0,43.41
850,9,MTC,0.3072,256,384,2,3,0.00,137,0,43.41
850,10,MTC,0.3072,256,384,2,3,0.00,137,0,43.41
860,1,eMBB,19.5584,33616,24448,22,16,0.00,243398,0,23.75
860,2,eMBB,23.2256,33616,29032,22,19,0.00,78193,0,23.75
860,3,URLLC,0.8112,936,1014,12,13,0.00,87,0,34.11
860,4,URLLC,0.8112,936,1014,12,13,0.00,87,0,34.11
860,5,MTC,0.2048,256,256,2,2,0.00,137,0,42.14
860,6,MTC,0.2048,256,256,2,2,0.00,137,0,42.14
860,7,MTC,0.2048,256,256,2,2,0.00,137,0,42.14
860,8,MTC,0.0000,256,0,2,0,0.00,137,0,42.14
860,9,MTC,0.2048,256,256,2,2,0.00,137,0,42.14
860,10,MTC,0.2048,256,256,2,2,0.00,137,0,42.14
870,1,eMBB,22.0032,35144,27504,23,18,0.00,248432,0,39.87
870,2,eMBB,24.4480,35144,30560,23,20,0.00,79554,0,39.87
870,3,URLLC,0.7488,1014,936,13,12,0.00,87,0,29.32
870,4,URLLC,0.7488,1014,936,13,12,0.00,87,0,29.32
870,5,MTC,0.2048,384,256,3,2,0.00,16,0,30.81
870,6,MTC,0.2048,384,256,3,2,0.00,24,0,30.81
870,7,MTC,0.2048,384,256,3,2,0.00,24,0,30.81
870,8,MTC,0.0000,384,0,3,0,0.00,137,0,30.81
870,9,MTC,0.2048,384,256,3,2,0.00,24,0,30.81
870,10,MTC,0.2048,384,256,3,2,0.00,16,0,30.81
880,1,eMBB,20.7808,35144,25976,23,17,0.00,259895,0,22.21
880,2,eMBB,23.2256,35144,29032,23,19,0.00,85652,0,22.21
880,3,URLLC,0.6240,936,780,12,10,0.00,87,0,29.47
880,4,URLLC,0.6240,936,780,12,10,0.00,87,0,29.47
880,5,MTC,0.2048,256,256,2,2,0.00,137,0,48.32
880,6,MTC,0.2048,256,256,2,2,0.00,137,0,48.32
880,7,MTC,0.2048,256,256,2,2,0.00,137,0,48.32
880,8,MTC,0.0000,256,0,2,0,0.00,137,0,48.32
880,9,MTC,0.2048,256,256,2,2,0.00,137,0,48.32
880,10,MTC,0.2048,256,256,2,2,0.00,137,0,48.32
890,1,eMBB,23.2256,35144,29032,23,19,0.00,262811,0,32.48
890,2,eMBB,26.8928,35144,33616,23,22,0.00,83851,0,32.48
890,3,URLLC,0.8112,1014,1014,13,13,0.00,87,0,34.91
890,4,URLLC,0.8112,1014,1014,13,13,0.00,87,0,34.91
890,5,MTC,0.2048,256,256,2,2,0.00,137,0,32.62
890,6,MTC,0.2048,256,256,2,2,0.00,137,0,32.62
890,7,MTC,0.2048,256,256,2,2,0.00,137,0,32.62
890,8,MTC,0.0000,256,0,2,0,0.00,137,0,32.62
890,9,MTC,0.2048,256,256,2,2,0.00,137,0,32.62
890,10,MTC,0.2048,256,256,2,2,0.00,137,0,32.62
900,1,eMBB,23.2256,35144,29032,23,19,0.00,273341,0,27.96
900,2,eMBB,28.1152,35144,35144,23,23,0.00,88869,0,27.96
900,3,URLLC,0.8112,936,1014,12,13,0.00,333,0,37.99
900,4,URLLC,0.8112,936,1014,12,13,0.00,333,0,37.99
900,5,MTC,0.2048,256,256,2,2,0.00,137,0,34.05
900,6,MTC,0.2048,256,256,2,2,0.00,137,0,34.05
900,7,MTC,0.2048,256,256,2,2,0.00,137,0,34.05
900,8,MTC,0.0000,256,0,2,0,0.00,137,0,34.05
900,9,MTC,0.2048,256,256,2,2,0.00,137,0,34.05
900,10,MTC,0.2048,256,256,2,2,0.00,137,0,34.05
910,1,eMBB,22.0032,35144,27504,23,18,0.00,276949,0,30.07
910,2,eMBB,25.6704,35144,32088,23,21,0.00,89572,0,30.07
910,3,URLLC,0.8112,1014,1014,13,13,0.00,87,0,33.03
910,4,URLLC,0.8112,1014,1014,13,13,0.00,87,0,33.03
910,5,MTC,0.2048,256,256,2,2,0.00,137,0,36.90
910,6,MTC,0.2048,256,256,2,2,0.00,137,0,36.90
910,7,MTC,0.2048,256,256,2,2,0.00,137,0,36.90
910,8,MTC,0.0000,256,0,2,0,0.00,137,0,36.90
910,9,MTC,0.2048,256,256,2,2,0.00,137,0,36.90
910,10,MTC,0.2048,256,256,2,2,0.00,137,0,36.90
920,1,eMBB,18.3360,35144,22920,23,15,0.00,290543,0,39.62
920,2,eMBB,22.0032,35144,27504,23,18,0.00,98260,0,39.62
920,3,URLLC,0.8112,936,1014,12,13,0.00,87,0,42.26
920,4,URLLC,0.8112,936,1014,12,13,0.00,87,0,42.26
920,5,MTC,0.2048,256,256,2,2,0.00,137,0,18.11
920,6,MTC,0.2048,256,256,2,2,0.00,137,0,18.11
920,7,MTC,0.2048,256,256,2,2,0.00,137,0,18.11
920,8,MTC,0.0000,256,0,2,0,0.00,137,0,18.11
920,9,MTC,0.2048,256,256,2,2,0.00,137,0,18.11
920,10,MTC,0.2048,256,256,2,2,0.00,137,0,18.11
930,1,eMBB,30.5600,35144,38200,23,25,0.00,295503,0,26.34
930,2,eMBB,35.4496,35144,44312,23,29,0.00,97677,0,26.34
930,3,URLLC,0.8112,1014,1014,13,13,0.00,333,0,42.25
930,4,URLLC,0.8112,1014,1014,13,13,0.00,333,0,42.25
930,5,MTC,0.2048,256,256,2,2,0.00,24,0,31.41
930,6,MTC,0.2048,256,256,2,2,0.00,16,0,31.41
930,7,MTC,0.2048,256,256,2,2,0.00,16,0,31.41
930,8,MTC,0.0000,256,0,2,0,0.00,137,0,31.41
930,9,MTC,0.2048,256,256,2,2,0.00,16,0,31.41
930,10,MTC,0.2048,256,256,2,2,0.00,16,0,31.41
940,1,eMBB,15.8912,35144,19864,23,13,0.00,301167,0,43.02
940,2,eMBB,18.3360,35144,22920,23,15,0.00,99040,0,43.02
940,3,URLLC,0.8112,936,1014,12,13,0.00,87,0,36.98
940,4,URLLC,0.8112,936,1014,12,13,0.00,87,0,36.98
940,5,MTC,0.2048,256,256,2,2,0.00,137,0,19.99
940,6,MTC,0.3072,256,384,2,3,0.00,137,0,19.99
940,7,MTC,0.3072,256,384,2,3,0.00,137,0,19.99
940,8,MTC,0.0000,256,0,2,0,0.00,137,0,19.99
940,9,MTC,0.3072,256,384,2,3,0.00,137,0,19.99
940,10,MTC,0.3072,256,384,2,3,0.00,137,0,19.99
950,1,eMBB,17.1136,35144,21392,23,14,0.00,312716,0,37.07
950,2,eMBB,19.5584,35144,24448,23,16,0.00,106771,0,37.07
950,3,URLLC,0.5616,1014,702,13,9,0.00,333,0,26.70
950,4,URLLC,0.5616,1014,702,13,9,0.00,333,0,26.70
950,5,MTC,0.2048,256,256,2,2,0.00,137,0,36.23
950,6,MTC,0.1024,256,128,2,1,0.00,137,0,36.23
950,7,MTC,0.1024,256,128,2,1,0.00,137,0,36.23
950,8,MTC,0.0000,256,0,2,0,0.00,137,0,36.23
950,9,MTC,0.1024,256,128,2,1,0.00,137,0,36.23
950,10,MTC,0.1024,256,128,2,1,0.00,137,0,36.23
960,1,eMBB,26.8928,35144,33616,23,22,0.00,316768,0,28.26
960,2,eMBB,30.5600,35144,38200,23,25,0.00,105382,0,28.26
960,3,URLLC,0.8112,936,1014,12,13,0.00,87,0,29.89
960,4,URLLC,0.8112,936,1014,12,13,0.00,87,0,29.89
960,5,MTC,0.2048,256,256,2,2,0.00,137,0,41.84
960,6,MTC,0.2048,256,256,2,2,0.00,137,0,41.84
960,7,MTC,0.2048,256,256,2,2,0.00,137,0,41.84
960,8,MTC,0.0000,256,0,2,0,0.00,137,0,41.84
960,9,MTC,0.2048,256,256,2,2,0.00,137,0,41.84
960,10,MTC,0.2048,256,256,2,2,0.00,137,0,41.84
970,1,eMBB,26.8928,35144,33616,23,22,0.00,320735,0,35.09
970,2,eMBB,33.0048,35144,41256,23,27,0.00,102686,0,35.09
970,3,URLLC,0.8112,1014,1014,13,13,0.00,333,0,32.01
970,4,URLLC,0.8112,1014,1014,13,13,0.00,333,0,32.01
970,5,MTC,0.2048,256,256,2,2,0.00,137,0,32.91
970,6,MTC,0.2048,256,256,2,2,0.00,137,0,32.91
970,7,MTC,0.2048,256,256,2,2,0.00,137,0,32.91
970,8,MTC,0.0000,256,0,2,0,0.00,137,0,32.91
970,9,MTC,0.2048,256,256,2,2,0.00,137,0,32.91
970,10,MTC,0.2048,256,256,2,2,0.00,137,0,32.91
980,1,eMBB,23.2256,33616,29032,22,19,0.00,329775,0,24.69
980,2,eMBB,25.6704,33616,32088,22,21,0.00,109391,0,24.69
980,3,URLLC,0.8112,936,1014,12,13,0.00,333,0,46.48
980,4,URLLC,0.8112,936,1014,12,13,0.00,333,0,46.48
980,5,MTC,0.2048,256,256,2,2,0.00,137,0,28.83
980,6,MTC,0.3072,256,384,2,3,0.00,137,0,28.83
980,7,MTC,0.3072,256,384,2,3,0.00,137,0,28.83
980,8,MTC,0.0000,256,0,2,0,0.00,137,0,28.83
980,9,MTC,0.3072,256,384,2,3,0.00,137,0,28.83
980,10,MTC,0.3072,256,384,2,3,0.00,137,0,28.83
990,1,eMBB,15.8912,35144,19864,23,13,0.00,337526,0,26.35
990,2,eMBB,18.3360,35144,22920,23,15,0.00,114236,0,26.35
990,3,URLLC,0.8736,1014,1092,13,14,0.00,415,0,46.72
990,4,URLLC,0.8736,1014,1092,13,14,0.00,415,0,46.72
990,5,MTC,0.2048,384,256,3,2,0.00,137,0,26.94
990,6,MTC,0.2048,384,256,3,2,0.00,137,0,26.94
990,7,MTC,0.2048,384,256,3,2,0.00,137,0,26.94
990,8,MTC,0.0000,384,0,3,0,0.00,137,0,26.94
990,9,MTC,0.2048,384,256,3,2,0.00,137,0,26.94
990,10,MTC,0.2048,384,256,3,2,0.00,137,0,26.94
1000,1,eMBB,18.3360,35144,22920,23,15,0.00,353983,0,32.40
1000,2,eMBB,22.0032,35144,27504,23,18,0.00,126199,0,32.40
1000,3,URLLC,0.8112,936,1014,12,13,0.00,87,0,33.46
1000,4,URLLC,0.8112,936,1014,12,13,0.00,87,0,33.46
1000,5,MTC,0.3072,256,384,2,3,0.00,15,0,34.14
1000,6,MTC,0.2048,256,256,2,2,0.00,15,0,34.14
1000,7,MTC,0.2048,256,256,2,2,0.00,15,0,34.14
1000,8,MTC,0.0000,256,0,2,0,0.00,137,0,34.14
1000,9,MTC,0.2048,256,256,2,2,0.00,15,0,34.14
1000,10,MTC,0.2048,256,256,2,2,0.00,137,0,34.14
1010,1,eMBB,13.4464,35144,16808,23,11,0.00,370280,0,34.46
1010,2,eMBB,17.1136,35144,21392,23,14,0.00,137591,0,34.46
1010,3,URLLC,0.7488,1014,936,13,12,0.00,87,0,35.11
1010,4,URLLC,0.7488,1014,936,13,12,0.00,87,0,35.11
1010,5,MTC,0.2048,256,256,2,2,0.00,137,0,30.43
1010,6,MTC,0.2048,256,256,2,2,0.00,137,0,30.43
1010,7,MTC,0.2048,256,256,2,2,0.00,137,0,30.43
1010,8,MTC,0.0000,256,0,2,0,0.00,137,0,30.43
1010,9,MTC,0.2048,256,256,2,2,0.00,137,0,30.43
1010,10,MTC,0.2048,256,256,2,2,0.00,137,0,30.43
1020,1,eMBB,22.0032,35144,27504,23,18,0.00,379696,0,35.92
1020,2,eMBB,25.6704,35144,32088,23,21,0.00,140998,0,35.92
1020,3,URLLC,0.6240,936,780,12,10,0.00,333,0,35.63
1020,4,URLLC,0.6240,936,780,12,10,0.00,333,0,35.63
1020,5,MTC,0.2048,256,256,2,2,0.00,137,0,28.45
1020,6,MTC,0.2048,256,256,2,2,0.00,137,0,28.45
1020,7,MTC,0.2048,256,256,2,2,0.00,137,0,28.45
1020,8,MTC,0.0000,256,0,2,0,0.00,137,0,28.45
1020,9,MTC,0.2048,256,256,2,2,0.00,137,0,28.45
1020,10,MTC,0.2048,256,256,2,2,0.00,137,0,28.45
1030,1,eMBB,23.2256,35144,29032,23,19,0.00,381594,0,38.87
1030,2,eMBB,29.3376,35144,36672,23,24,0.00,134294,0,38.87
1030,3,URLLC,0.8112,1014,1014,13,13,0.00,87,0,24.40
1030,4,URLLC,0.8112,1014,1014,13,13,0.00,87,0,24.40
1030,5,MTC,0.2048,256,256,2,2,0.00,137,0,36.73
1030,6,MTC,0.2048,256,256,2,2,0.00,137,0,36.73
1030,7,MTC,0.2048,256,256,2,2,0.00,137,0,36.73
1030,8,MTC,0.0000,256,0,2,0,0.00,137,0,36.73
1030,9,MTC,0.2048,256,256,2,2,0.00,137,0,36.73
1030,10,MTC,0.2048,256,256,2,2,0.00,137,0,36.73
1040,1,eMBB,24.4480,35144,30560,23,20,0.00,391762,0,35.33
1040,2,eMBB,29.3376,35144,36672,23,24,0.00,139970,0,35.33
1040,3,URLLC,0.8112,936,1014,12,13,0.00,87,0,25.67
1040,4,URLLC,0.8112,936,1014,12,13,0.00,87,0,25.67
1040,5,MTC,0.2048,256,256,2,2,0.00,137,0,39.00
1040,6,MTC,0.2048,256,256,2,2,0.00,137,0,39.00
1040,7,MTC,0.2048,256,256,2,2,0.00,137,0,39.00
1040,8,MTC,0.0000,256,0,2,0,0.00,137,0,39.00
1040,9,MTC,0.2048,256,256,2,2,0.00,137,0,39.00
1040,10,MTC,0.2048,256,256,2,2,0.00,137,0,39.00
1050,1,eMBB,20.7808,35144,25976,23,17,0.00,398544,0,32.66
1050,2,eMBB,25.6704,35144,32088,23,21,0.00,141705,0,32.66
1050,3,URLLC,0.8112,1014,1014,13,13,0.00,251,0,41.75
1050,4,URLLC,0.8112,1014,1014,13,13,0.00,251,0,41.75
1050,5,MTC,0.2048,256,256,2,2,0.00,137,0,25.59
1050,6,MTC,0.2048,256,256,2,2,0.00,137,0,25.59
1050,7,MTC,0.2048,256,256,2,2,0.00,137,0,25.59
1050,8,MTC,0.0000,256,0,2,0,0.00,137,0,25.59
1050,9,MTC,0.2048,256,256,2,2,0.00,137,0,25.59
1050,10,MTC,0.2048,256,256,2,2,0.00,137,0,25.59
1060,1,eMBB,31.7824,35144,39728,23,26,0.00,394772,0,38.85
1060,2,eMBB,34.2272,35144,42784,23,28,0.00,134821,0,38.85
1060,3,URLLC,0.8112,936,1014,12,13,0.00,87,0,34.76
1060,4,URLLC,0.8112,936,1014,12,13,0.00,87,0,34.76
1060,5,MTC,0.2048,256,256,2,2,0.00,39,0,26.39
1060,6,MTC,0.2048,256,256,2,2,0.00,39,0,26.39
1060,7,MTC,0.2048,256,256,2,2,0.00,39,0,26.39
1060,8,MTC,0.0000,256,0,2,0,0.00,137,0,26.39
1060,9,MTC,0.2048,256,256,2,2,0.00,39,0,26.39
1060,10,MTC,0.2048,256,256,2,2,0.00,39,0,26.39
1070,1,eMBB,26.8928,35144,33616,23,22,0.00,402296,0,38.48
1070,2,eMBB,31.7824,35144,39728,23,26,0.00,137288,0,38.48
1070,3,URLLC,0.8112,1014,1014,13,13,0.00,87,0,40.09
1070,4,URLLC,0.8112,1014,1014,13,13,0.00,87,0,40.09
1070,5,MTC,0.3072,256,384,2,3,0.00,137,0,21.43
1070,6,MTC,0.3072,256,384,2,3,0.00,137,0,21.43
1070,7,MTC,0.3072,256,384,2,3,0.00,137,0,21.43
1070,8,MTC,0.0000,256,0,2,0,0.00,137,0,21.43
1070,9,MTC,0.3072,256,384,2,3,0.00,137,0,21.43
1070,10,MTC,0.3072,256,384,2,3,0.00,137,0,21.43
1080,1,eMBB,15.8912,35144,19864,23,13,0.00,408349,0,51.72
1080,2,eMBB,20.7808,35144,25976,23,17,0.00,135806,0,51.72
1080,3,URLLC,0.5616,936,702,12,9,0.00,333,0,26.72
1080,4,URLLC,0.5616,936,702,12,9,0.00,333,0,26.72
1080,5,MTC,0.1024,256,128,2,1,0.00,54,0,21.56
1080,6,MTC,0.1024,256,128,2,1,0.00,137,0,21.56
1080,7,MTC,0.1024,256,128,2,1,0.00,137,0,21.56
1080,8,MTC,0.0000,256,0,2,0,0.00,137,0,21.56
1080,9,MTC,0.1024,256,128,2,1,0.00,137,0,21.56
1080,10,MTC,0.1024,256,128,2,1,0.00,137,0,21.56
1090,1,eMBB,17.1136,35144,21392,23,14,0.00,419846,0,32.84
1090,2,eMBB,20.7808,35144,25976,23,17,0.00,142171,0,32.84
1090,3,URLLC,0.9984,1014,1248,13,16,0.00,87,0,34.66
1090,4,URLLC,0.9984,1014,1248,13,16,0.00,87,0,34.66
1090,5,MTC,0.3072,256,384,2,3,0.00,16,0,32.49
1090,6,MTC,0.3072,256,384,2,3,0.00,15,0,32.49
1090,7,MTC,0.3072,256,384,2,3,0.00,16,0,32.49
1090,8,MTC,0.0000,256,0,2,0,0.00,137,0,32.49
1090,9,MTC,0.3072,256,384,2,3,0.00,16,0,32.49
1090,10,MTC,0.3072,256,384,2,3,0.00,15,0,32.49
1100,1,eMBB,33.0048,33616,41256,22,27,0.00,415726,0,37.63
1100,2,eMBB,39.1168,33616,48896,22,32,0.00,128828,0,37.63
1100,3,URLLC,0.6240,936,780,12,10,0.00,87,0,34.09
1100,4,URLLC,0.6240,936,780,12,10,0.00,87,0,34.09
1100,5,MTC,0.1024,256,128,2,1,0.00,137,0,28.29
1100,6,MTC,0.1024,256,128,2,1,0.00,137,0,28.29
1100,7,MTC,0.1024,256,128,2,1,0.00,137,0,28.29
1100,8,MTC,0.0000,256,0,2,0,0.00,137,0,28.29
1100,9,MTC,0.1024,256,128,2,1,0.00,137,0,28.29
1100,10,MTC,0.1024,256,128,2,1,0.00,137,0,28.29
1110,1,eMBB,23.2256,35144,29032,23,19,0.00,425443,0,26.60
1110,2,eMBB,28.1152,35144,35144,23,23,0.00,135948,0,26.60
1110,3,URLLC,0.8112,1014,1014,13,13,0.00,333,0,49.46
1110,4,URLLC,0.8112,1014,1014,13,13,0.00,333,0,49.46
1110,5,MTC,0.3072,384,384,3,3,0.00,137,0,23.94
1110,6,MTC,0.3072,384,384,3,3,0.00,137,0,23.94
1110,7,MTC,0.3072,384,384,3,3,0.00,137,0,23.94
1110,8,MTC,0.0000,384,0,3,0,0.00,137,0,23.94
1110,9,MTC,0.3072,384,384,3,3,0.00,137,0,23.94
1110,10,MTC,0.3072,384,384,3,3,0.00,137,0,23.94
1120,1,eMBB,20.7808,35144,25976,23,17,0.00,435334,0,30.36
1120,2,eMBB,24.4480,35144,30560,23,20,0.00,141552,0,30.36
1120,3,URLLC,0.8112,936,1014,12,13,0.00,333,0,34.66
1120,4,URLLC,0.8112,936,1014,12,13,0.00,333,0,34.66
1120,5,MTC,0.2048,256,256,2,2,0.00,137,0,34.98
1120,6,MTC,0.2048,256,256,2,2,0.00,137,0,34.98
1120,7,MTC,0.2048,256,256,2,2,0.00,137,0,34.98
1120,8,MTC,0.0000,256,0,2,0,0.00,137,0,34.98
1120,9,MTC,0.2048,256,256,2,2,0.00,137,0,34.98
1120,10,MTC,0.2048,256,256,2,2,0.00,137,0,34.98
1130,1,eMBB,18.3360,35144,22920,23,15,0.00,444367,0,52.54
1130,2,eMBB,24.4480,35144,30560,23,20,0.00,143302,0,52.54
1130,3,URLLC,0.8736,1014,1092,13,14,0.00,87,0,27.72
1130,4,URLLC,0.8736,1014,1092,13,14,0.00,87,0,27.72
1130,5,MTC,0.2048,256,256,2,2,0.00,70,0,19.75
1130,6,MTC,0.2048,256,256,2,2,0.00,62,0,19.75
1130,7,MTC,0.2048,256,256,2,2,0.00,70,0,19.75
1130,8,MTC,0.0000,256,0,2,0,0.00,137,0,19.75
1130,9,MTC,0.2048,256,256,2,2,0.00,62,0,19.75
1130,10,MTC,0.2048,256,256,2,2,0.00,70,0,19.75
1140,1,eMBB,29.3376,35144,36672,23,24,0.00,444862,0,39.24
1140,2,eMBB,36.6720,35144,45840,23,30,0.00,132808,0,39.24
1140,3,URLLC,0.8112,936,1014,12,13,0.00,87,0,27.41
1140,4,URLLC,0.8112,936,1014,12,13,0.00,87,0,27.41
1140,5,MTC,0.2048,256,256,2,2,0.00,137,0,33.35
1140,6,MTC,0.2048,256,256,2,2,0.00,137,0,33.35
1140,7,MTC,0.2048,256,256,2,2,0.00,137,0,33.35
1140,8,MTC,0.0000,256,0,2,0,0.00,137,0,33.35
1140,9,MTC,0.2048,256,256,2,2,0.00,137,0,33.35
1140,10,MTC,0.2048,256,256,2,2,0.00,137,0,33.35
1150,1,eMBB,11.0016,35144,13752,23,9,0.00,462378,0,39.46
1150,2,eMBB,13.4464,35144,16808,23,11,0.00,146298,0,39.46
1150,3,URLLC,0.7488,1014,936,13,12,0.00,87,0,41.30
1150,4,URLLC,0.7488,1014,936,13,12,0.00,87,0,41.30
1150,5,MTC,0.2048,256,256,2,2,0.00,137,0,19.25
1150,6,MTC,0.2048,256,256,2,2,0.00,137,0,19.25
1150,7,MTC,0.2048,256,256,2,2,0.00,137,0,19.25
1150,8,MTC,0.0000,256,0,2,0,0.00,137,0,19.25
1150,9,MTC,0.2048,256,256,2,2,0.00,137,0,19.25
1150,10,MTC,0.2048,256,256,2,2,0.00,137,0,19.25
1160,1,eMBB,20.7808,35144,25976,23,17,0.00,468403,0,26.58
1160,2,eMBB,24.4480,35144,30560,23,20,0.00,146380,0,26.58
1160,3,URLLC,0.6240,936,780,12,10,0.00,87,0,32.28
1160,4,URLLC,0.6240,936,780,12,10,0.00,87,0,32.28
1160,5,MTC,0.2048,256,256,2,2,0.00,137,0,41.15
1160,6,MTC,0.2048,256,256,2,2,0.00,137,0,41.15
1160,7,MTC,0.2048,256,256,2,2,0.00,137,0,41.15
1160,8,MTC,0.0000,256,0,2,0,0.00,137,0,41.15
1160,9,MTC,0.2048,256,256,2,2,0.00,137,0,41.15
1160,10,MTC,0.2048,256,256,2,2,0.00,137,0,41.15
1170,1,eMBB,23.2256,35144,29032,23,19,0.00,476823,0,37.22
1170,2,eMBB,26.8928,35144,33616,23,22,0.00,149705,0,37.22
1170,3,URLLC,0.8112,1014,1014,13,13,0.00,87,0,24.71
1170,4,URLLC,0.8112,1014,1014,13,13,0.00,87,0,24.71
1170,5,MTC,0.2048,256,256,2,2,0.00,137,0,38.07
1170,6,MTC,0.2048,256,256,2,2,0.00,137,0,38.07
1170,7,MTC,0.2048,256,256,2,2,0.00,137,0,38.07
1170,8,MTC,0.0000,256,0,2,0,0.00,137,0,38.07
1170,9,MTC,0.2048,256,256,2,2,0.00,137,0,38.07
1170,10,MTC,0.2048,256,256,2,2,0.00,137,0,38.07
1180,1,eMBB,26.8928,35144,33616,23,22,0.00,481735,0,48.49
1180,2,eMBB,36.6720,35144,45840,23,30,0.00,144406,0,48.49
1180,3,URLLC,0.8112,936,1014,12,13,0.00,333,0,32.41
1180,4,URLLC,0.8112,936,1014,12,13,0.00,333,0,32.41
1180,5,MTC,0.2048,256,256,2,2,0.00,137,0,19.09
1180,6,MTC,0.2048,256,256,2,2,0.00,137,0,19.09
1180,7,MTC,0.2048,256,256,2,2,0.00,137,0,19.09
1180,8,MTC,0.0000,256,0,2,0,0.00,137,0,19.09
1180,9,MTC,0.2048,256,256,2,2,0.00,137,0,19.09
1180,10,MTC,0.2048,256,256,2,2,0.00,137,0,19.09
1190,1,eMBB,20.7808,35144,25976,23,17,0.00,488695,0,32.40
1190,2,eMBB,26.8928,35144,33616,23,22,0.00,144327,0,32.40
1190,3,URLLC,0.8112,1014,1014,13,13,0.00,333,0,44.80
1190,4,URLLC,0.8112,1014,1014,13,13,0.00,333,0,44.80
1190,5,MTC,0.2048,256,256,2,2,0.00,137,0,22.80
1190,6,MTC,0.2048,256,256,2,2,0.00,137,0,22.80
1190,7,MTC,0.2048,256,256,2,2,0.00,137,0,22.80
1190,8,MTC,0.0000,256,0,2,0,0.00,137,0,22.80
1190,9,MTC,0.2048,256,256,2,2,0.00,137,0,22.80
1190,10,MTC,0.2048,256,256,2,2,0.00,137,0,22.80
1200,1,eMBB,25.6704,35144,32088,23,21,0.00,491312,0,33.42
1200,2,eMBB,29.3376,35144,36672,23,24,0.00,142457,0,33.42
1200,3,URLLC,0.8112,936,1014,12,13,0.00,87,0,31.40
1200,4,URLLC,0.8112,936,1014,12,13,0.00,87,0,31.40
1200,5,MTC,0.3072,256,384,2,3,0.00,137,0,35.18
1200,6,MTC,0.3072,256,384,2,3,0.00,137,0,35.18
1200,7,MTC,0.3072,256,384,2,3,0.00,137,0,35.18
1200,8,MTC,0.0000,256,0,2,0,0.00,137,0,35.18
1200,9,MTC,0.3072,256,384,2,3,0.00,137,0,35.18
1200,10,MTC,0.3072,256,384,2,3,0.00,137,0,35.18
1210,1,eMBB,29.3376,35144,36672,23,24,0.00,497927,0,35.54
1210,2,eMBB,34.2272,35144,42784,23,28,0.00,144109,0,35.54
1210,3,URLLC,0.8112,1014,1014,13,13,0.00,87,0,36.10
1210,4,URLLC,0.8112,1014,1014,13,13,0.00,87,0,36.10
1210,5,MTC,0.2048,256,256,2,2,0.00,32,0,28.36
1210,6,MTC,0.2048,256,256,2,2,0.00,32,0,28.36
1210,7,MTC,0.2048,256,256,2,2,0.00,32,0,28.36
1210,8,MTC,0.0000,256,0,2,0,0.00,137,0,28.36
1210,9,MTC,0.2048,256,256,2,2,0.00,32,0,28.36
1210,10,MTC,0.2048,256,256,2,2,0.00,40,0,28.36
1220,1,eMBB,17.1136,33616,21392,22,14,0.00,502691,0,47.21
1220,2,eMBB,23.2256,33616,29032,22,19,0.00,140722,0,47.21
1220,3,URLLC,0.8112,936,1014,12,13,0.00,87,0,31.39
1220,4,URLLC,0.8112,936,1014,12,13,0.00,87,0,31.39
1220,5,MTC,0.2048,256,256,2,2,0.00,62,0,21.41
1220,6,MTC,0.2048,256,256,2,2,0.00,54,0,21.41
1220,7,MTC,0.2048,256,256,2,2,0.00,62,0,21.41
1220,8,MTC,0.0000,256,0,2,0,0.00,137,0,21.41
1220,9,MTC,0.2048,256,256,2,2,0.00,62,0,21.41
1220,10,MTC,0.2048,256,256,2,2,0.00,54,0,21.41
1230,1,eMBB,24.4480,35144,30560,23,20,0.00,504846,0,42.01
1230,2,eMBB,33.0048,35144,41256,23,27,0.00,130586,0,42.01
1230,3,URLLC,0.5616,1014,702,13,9,0.00,333,0,25.26
1230,4,URLLC,0.5616,1014,702,13,9,0.00,333,0,25.26
1230,5,MTC,0.1024,384,128,3,1,0.00,137,0,32.73
1230,6,MTC,0.1024,384,128,3,1,0.00,137,0,32.73
1230,7,MTC,0.1024,384,128,3,1,0.00,137,0,32.73
1230,8,MTC,0.0000,384,0,3,0,0.00,137,0,32.73
1230,9,MTC,0.1024,384,128,3,1,0.00,137,0,32.73
1230,10,MTC,0.1024,384,128,3,1,0.00,137,0,32.73
1240,1,eMBB,22.0032,35144,27504,23,18,0.00,516701,0,45.23
1240,2,eMBB,28.1152,35144,35144,23,23,0.00,135527,0,45.23
1240,3,URLLC,0.8112,936,1014,12,13,0.00,333,0,34.00
1240,4,URLLC,0.8112,936,1014,12,13,0.00,333,0,34.00
1240,5,MTC,0.2048,256,256,2,2,0.00,137,0,20.77
1240,6,MTC,0.3072,256,384,2,3,0.00,137,0,20.77
1240,7,MTC,0.3072,256,384,2,3,0.00,137,0,20.77
1240,8,MTC,0.0000,256,0,2,0,0.00,137,0,20.77
1240,9,MTC,0.3072,256,384,2,3,0.00,137,0,20.77
1240,10,MTC,0.3072,256,384,2,3,0.00,137,0,20.77
1250,1,eMBB,19.5584,35144,24448,23,16,0.00,528591,0,28.56
1250,2,eMBB,23.2256,35144,29032,23,19,0.00,143963,0,28.56
1250,3,URLLC,0.8112,1014,1014,13,13,0.00,333,0,44.95
1250,4,URLLC,0.8112,1014,1014,13,13,0.00,333,0,44.95
1250,5,MTC,0.3072,256,384,2,3,0.00,39,0,26.49
1250,6,MTC,0.2048,256,256,2,2,0.00,39,0,26.49
1250,7,MTC,0.2048,256,256,2,2,0.00,39,0,26.49
1250,8,MTC,0.0000,256,0,2,0,0.00,137,0,26.49
1250,9,MTC,0.2048,256,256,2,2,0.00,39,0,26.49
1250,10,MTC,0.2048,256,256,2,2,0.00,47,0,26.49
1260,1,eMBB,22.0032,35144,27504,23,18,0.00,536310,0,29.69
1260,2,eMBB,23.2256,35144,29032,23,19,0.00,148679,0,29.69
1260,3,URLLC,0.8112,936,1014,12,13,0.00,333,0,37.18
1260,4,URLLC,0.8112,936,1014,12,13,0.00,333,0,37.18
1260,5,MTC,0.2048,256,256,2,2,0.00,137,0,33.12
1260,6,MTC,0.2048,256,256,2,2,0.00,137,0,33.12
1260,7,MTC,0.2048,256,256,2,2,0.00,137,0,33.12
1260,8,MTC,0.0000,256,0,2,0,0.00,137,0,33.12
1260,9,MTC,0.2048,256,256,2,2,0.00,137,0,33.12
1260,10,MTC,0.2048,256,256,2,2,0.00,137,0,33.12
1270,1,eMBB,28.1152,35144,35144,23,23,0.00,534189,0,30.69
1270,2,eMBB,31.7824,35144,39728,23,26,0.00,142423,0,30.69
1270,3,URLLC,0.8736,1014,1092,13,14,0.00,87,0,40.17
1270,4,URLLC,0.8736,1014,1092,13,14,0.00,87,0,40.17
1270,5,MTC,0.2048,256,256,2,2,0.00,137,0,29.13
1270,6,MTC,0.2048,256,256,2,2,0.00,137,0,29.13
1270,7,MTC,0.2048,256,256,2,2,0.00,137,0,29.13
1270,8,MTC,0.0000,256,0,2,0,0.00,137,0,29.13
1270,9,MTC,0.2048,256,256,2,2,0.00,137,0,29.13
1270,10,MTC,0.2048,256,256,2,2,0.00,137,0,29.13
1280,1,eMBB,11.0016,35144,13752,23,9,0.00,551050,0,38.90
1280,2,eMBB,12.2240,35144,15280,23,10,0.00,156772,0,38.90
1280,3,URLLC,0.7488,936,936,12,12,0.00,333,0,40.01
1280,4,URLLC,0.7488,936,936,12,12,0.00,333,0,40.01
1280,5,MTC,0.2048,256,256,2,2,0.00,137,0,21.09
1280,6,MTC,0.2048,256,256,2,2,0.00,137,0,21.09
1280,7,MTC,0.2048,256,256,2,2,0.00,137,0,21.09
1280,8,MTC,0.0000,256,0,2,0,0.00,137,0,21.09
1280,9,MTC,0.2048,256,256,2,2,0.00,137,0,21.09
1280,10,MTC,0.2048,256,256,2,2,0.00,137,0,21.09
1290,1,eMBB,23.2256,35144,29032,23,19,0.00,560406,0,38.17
1290,2,eMBB,29.3376,35144,36672,23,24,0.00,157961,0,38.17
1290,3,URLLC,0.8112,1014,1014,13,13,0.00,87,0,42.39
1290,4,URLLC,0.8112,1014,1014,13,13,0.00,87,0,42.39
1290,5,MTC,0.2048,256,256,2,2,0.00,137,0,19.44
1290,6,MTC,0.2048,256,256,2,2,0.00,137,0,19.44
1290,7,MTC,0.2048,256,256,2,2,0.00,137,0,19.44
1290,8,MTC,0.0000,256,0,2,0,0.00,137,0,19.44
1290,9,MTC,0.2048,256,256,2,2,0.00,137,0,19.44
1290,10,MTC,0.2048,256,256,2,2,0.00,137,0,19.44
1300,1,eMBB,18.3360,35144,22920,23,15,0.00,567086,0,33.05
1300,2,eMBB,23.2256,35144,29032,23,19,0.00,159103,0,33.05
1300,3,URLLC,0.8112,936,1014,12,13,0.00,87,0,40.07
1300,4,URLLC,0.8112,936,1014,12,13,0.00,87,0,40.07
1300,5,MTC,0.2048,256,256,2,2,0.00,39,0,26.88
1300,6,MTC,0.2048,256,256,2,2,0.00,39,0,26.88
1300,7,MTC,0.2048,256,256,2,2,0.00,39,0,26.88
1300,8,MTC,0.0000,256,0,2,0,0.00,137,0,26.88
1300,9,MTC,0.2048,256,256,2,2,0.00,39,0,26.88
1300,10,MTC,0.2048,256,256,2,2,0.00,32,0,26.88
1310,1,eMBB,30.5600,35144,38200,23,25,0.00,569034,0,41.27
1310,2,eMBB,35.4496,35144,44312,23,29,0.00,152445,0,41.27
1310,3,URLLC,0.6240,1014,780,13,10,0.00,87,0,27.45
1310,4,URLLC,0.6240,1014,780,13,10,0.00,87,0,27.45
1310,5,MTC,0.2048,256,256,2,2,0.00,137,0,31.28
1310,6,MTC,0.2048,256,256,2,2,0.00,137,0,31.28
1310,7,MTC,0.2048,256,256,2,2,0.00,137,0,31.28
1310,8,MTC,0.0000,256,0,2,0,0.00,137,0,31.28
1310,9,MTC,0.2048,256,256,2,2,0.00,137,0,31.28
1310,10,MTC,0.2048,256,256,2,2,0.00,137,0,31.28
1320,1,eMBB,19.5584,35144,24448,23,16,0.00,582983,0,32.58
1320,2,eMBB,28.1152,35144,35144,23,23,0.00,158604,0,32.58
1320,3,URLLC,0.8112,936,1014,12,13,0.00,333,0,37.72
1320,4,URLLC,0.8112,936,1014,12,13,0.00,333,0,37.72
1320,5,MTC,0.2048,256,256,2,2,0.00,137,0,29.70
1320,6,MTC,0.2048,256,256,2,2,0.00,137,0,29.70
1320,7,MTC,0.2048,256,256,2,2,0.00,137,0,29.70
1320,8,MTC,0.0000,256,0,2,0,0.00,137,0,29.70
1320,9,MTC,0.2048,256,256,2,2,0.00,137,0,29.70
1320,10,MTC,0.2048,256,256,2,2,0.00,137,0,29.70
1330,1,eMBB,26.8928,35144,33616,23,22,0.00,579476,0,44.17
1330,2,eMBB,34.2272,35144,42784,23,28,0.00,147636,0,44.17
1330,3,URLLC,0.8112,1014,1014,13,13,0.00,87,0,29.79
1330,4,URLLC,0.8112,1014,1014,13,13,0.00,87,0,29.79
1330,5,MTC,0.3072,256,384,2,3,0.00,137,0,26.04
1330,6,MTC,0.3072,256,384,2,3,0.00,137,0,26.04
1330,7,MTC,0.3072,256,384,2,3,0.00,137,0,26.04
1330,8,MTC,0.0000,256,0,2,0,0.00,137,0,26.04
1330,9,MTC,0.3072,256,384,2,3,0.00,137,0,26.04
1330,10,MTC,0.3072,256,384,2,3,0.00,137,0,26.04
1340,1,eMBB,25.6704,33616,32088,22,21,0.00,584340,0,38.69
1340,2,eMBB,30.5600,33616,38200,22,25,0.00,146584,0,38.69
1340,3,URLLC,0.8112,936,1014,12,13,0.00,87,0,36.68
1340,4,URLLC,0.8112,936,1014,12,13,0.00,87,0,36.68
1340,5,MTC,0.2048,256,256,2,2,0.00,47,0,24.63
1340,6,MTC,0.2048,256,256,2,2,0.00,47,0,24.63
1340,7,MTC,0.2048,256,256,2,2,0.00,47,0,24.63
1340,8,MTC,0.0000,256,0,2,0,0.00,137,0,24.63
1340,9,MTC,0.2048,256,256,2,2,0.00,47,0,24.63
1340,10,MTC,0.2048,256,256,2,2,0.00,47,0,24.63
1350,1,eMBB,33.0048,35144,41256,23,27,0.00,584738,0,48.52
1350,2,eMBB,41.5616,35144,51952,23,34,0.00,138016,0,48.52
1350,3,URLLC,0.8112,1014,1014,13,13,0.00,333,0,27.03
1350,4,URLLC,0.8112,1014,1014,13,13,0.00,333,0,27.03
1350,5,MTC,0.2048,384,256,3,2,0.00,137,0,24.45
1350,6,MTC,0.2048,384,256,3,2,0.00,137,0,24.45
1350,7,MTC,0.2048,384,256,3,2,0.00,137,0,24.45
1350,8,MTC,0.0000,384,0,3,0,0.00,137,0,24.45
1350,9,MTC,0.2048,384,256,3,2,0.00,137,0,24.45
1350,10,MTC,0.2048,384,256,3,2,0.00,137,0,24.45
1360,1,eMBB,13.4464,35144,16808,23,11,0.00,596790,0,32.09
1360,2,eMBB,15.8912,35144,19864,23,13,0.00,143040,0,32.09
1360,3,URLLC,0.8112,936,1014,12,13,0.00,333,0,35.62
1360,4,URLLC,0.8112,936,1014,12,13,0.00,333,0,35.62
1360,5,MTC,0.2048,256,256,2,2,0.00,137,0,32.29
1360,6,MTC,0.2048,256,256,2,2,0.00,137,0,32.29
1360,7,MTC,0.2048,256,256,2,2,0.00,137,0,32.29
1360,8,MTC,0.0000,256,0,2,0,0.00,137,0,32.29
1360,9,MTC,0.2048,256,256,2,2,0.00,137,0,32.29
1360,10,MTC,0.2048,256,256,2,2,0.00,137,0,32.29
1370,1,eMBB,24.4480,35144,30560,23,20,0.00,602531,0,46.58
1370,2,eMBB,31.7824,35144,39728,23,26,0.00,139917,0,46.58
1370,3,URLLC,0.5616,1014,702,13,9,0.00,333,0,29.17
1370,4,URLLC,0.5616,1014,702,13,9,0.00,333,0,29.17
1370,5,MTC,0.2048,256,256,2,2,0.00,137,0,24.25
1370,6,MTC,0.2048,256,256,2,2,0.00,137,0,24.25
1370,7,MTC,0.2048,256,256,2,2,0.00,137,0,24.25
1370,8,MTC,0.0000,256,0,2,0,0.00,137,0,24.25
1370,9,MTC,0.2048,256,256,2,2,0.00,137,0,24.25
1370,10,MTC,0.2048,256,256,2,2,0.00,137,0,24.25
1380,1,eMBB,26.8928,35144,33616,23,22,0.00,600362,0,32.97
1380,2,eMBB,33.0048,35144,41256,23,27,0.00,129160,0,32.97
1380,3,URLLC,0.8112,936,1014,12,13,0.00,87,0,40.97
1380,4,URLLC,0.8112,936,1014,12,13,0.00,87,0,40.97
1380,5,MTC,0.2048,256,256,2,2,0.00,137,0,26.05
1380,6,MTC,0.2048,256,256,2,2,0.00,137,0,26.05
1380,7,MTC,0.2048,256,256,2,2,0.00,137,0,26.05
1380,8,MTC,0.0000,256,0,2,0,0.00,137,0,26.05
1380,9,MTC,0.2048,256,256,2,2,0.00,137,0,26.05
1380,10,MTC,0.2048,256,256,2,2,0.00,137,0,26.05
1390,1,eMBB,23.2256,35144,29032,23,19,0.00,611521,0,41.63
1390,2,eMBB,28.1152,35144,35144,23,23,0.00,135952,0,41.63
1390,3,URLLC,0.8112,1014,1014,13,13,0.00,333,0,40.40
1390,4,URLLC,0.8112,1014,1014,13,13,0.00,333,0,40.40
1390,5,MTC,0.1024,256,128,2,1,0.00,137,0,17.96
1390,6,MTC,0.2048,256,256,2,2,0.00,137,0,17.96
1390,7,MTC,0.2048,256,256,2,2,0.00,137,0,17.96
1390,8,MTC,0.0000,256,0,2,0,0.00,137,0,17.96
1390,9,MTC,0.2048,256,256,2,2,0.00,137,0,17.96
1390,10,MTC,0.2048,256,256,2,2,0.00,137,0,17.96
1400,1,eMBB,29.3376,35144,36672,23,24,0.00,610695,0,38.67
1400,2,eMBB,33.0048,35144,41256,23,27,0.00,129787,0,38.67
1400,3,URLLC,0.8112,936,1014,12,13,0.00,333,0,37.25
1400,4,URLLC,0.8112,936,1014,12,13,0.00,333,0,37.25
1400,5,MTC,0.3072,256,384,2,3,0.00,137,0,24.08
1400,6,MTC,0.2048,256,256,2,2,0.00,137,0,24.08
1400,7,MTC,0.2048,256,256,2,2,0.00,137,0,24.08
1400,8,MTC,0.0000,256,0,2,0,0.00,137,0,24.08
1400,9,MTC,0.2048,256,256,2,2,0.00,137,0,24.08
1400,10,MTC,0.1024,256,128,2,1,0.00,137,0,24.08
1410,1,eMBB,23.2256,35144,29032,23,19,0.00,610201,0,45.55
1410,2,eMBB,28.1152,35144,35144,23,23,0.00,122985,0,45.55
1410,3,URLLC,0.8736,1014,1092,13,14,0.00,415,0,31.96
1410,4,URLLC,0.8736,1014,1092,13,14,0.00,415,0,31.96
1410,5,MTC,0.2048,256,256,2,2,0.00,137,0,22.49
1410,6,MTC,0.2048,256,256,2,2,0.00,137,0,22.49
1410,7,MTC,0.2048,256,256,2,2,0.00,137,0,22.49
1410,8,MTC,0.0000,256,0,2,0,0.00,137,0,22.49
1410,9,MTC,0.2048,256,256,2,2,0.00,137,0,22.49
1410,10,MTC,0.3072,256,384,2,3,0.00,137,0,22.49
1420,1,eMBB,23.2256,35144,29032,23,19,0.00,619553,0,23.21
1420,2,eMBB,26.8928,35144,33616,23,22,0.00,128224,0,23.21
1420,3,URLLC,0.8112,936,1014,12,13,0.00,87,0,29.09
1420,4,URLLC,0.8112,936,1014,12,13,0.00,87,0,29.09
1420,5,MTC,0.3072,256,384,2,3,0.00,137,0,47.70
1420,6,MTC,0.3072,256,384,2,3,0.00,137,0,47.70
1420,7,MTC,0.3072,256,384,2,3,0.00,137,0,47.70
1420,8,MTC,0.0000,256,0,2,0,0.00,137,0,47.70
1420,9,MTC,0.3072,256,384,2,3,0.00,137,0,47.70
1420,10,MTC,0.3072,256,384,2,3,0.00,137,0,47.70
1430,1,eMBB,17.1136,35144,21392,23,14,0.00,632048,0,42.39
1430,2,eMBB,19.5584,35144,24448,23,16,0.00,136416,0,42.39
1430,3,URLLC,0.6864,1014,858,13,11,0.00,104,0,32.12
1430,4,URLLC,0.6864,1014,858,13,11,0.00,96,0,32.12
1430,5,MTC,0.1024,256,128,2,1,0.00,47,0,25.49
1430,6,MTC,0.1024,256,128,2,1,0.00,39,0,25.49
1430,7,MTC,0.1024,256,128,2,1,0.00,39,0,25.49
1430,8,MTC,0.0000,256,0,2,0,0.00,137,0,25.49
1430,9,MTC,0.1024,256,128,2,1,0.00,47,0,25.49
1430,10,MTC,0.1024,256,128,2,1,0.00,47,0,25.49
1440,1,eMBB,20.7808,35144,25976,23,17,0.00,635881,0,39.35
1440,2,eMBB,25.6704,35144,32088,23,21,0.00,134878,0,39.35
1440,3,URLLC,0.8736,936,1092,12,14,0.00,87,0,32.42
1440,4,URLLC,0.8736,936,1092,12,14,0.00,87,0,32.42
1440,5,MTC,0.2048,256,256,2,2,0.00,32,0,28.23
1440,6,MTC,0.2048,256,256,2,2,0.00,32,0,28.23
1440,7,MTC,0.2048,256,256,2,2,0.00,32,0,28.23
1440,8,MTC,0.0000,256,0,2,0,0.00,137,0,28.23
1440,9,MTC,0.2048,256,256,2,2,0.00,32,0,28.23
1440,10,MTC,0.2048,256,256,2,2,0.00,32,0,28.23
1450,1,eMBB,25.6704,35144,32088,23,21,0.00,642762,0,42.44
1450,2,eMBB,30.5600,35144,38200,23,25,0.00,134519,0,42.44
1450,3,URLLC,0.6240,1014,780,13,10,0.00,87,0,25.81
1450,4,URLLC,0.6240,1014,780,13,10,0.00,87,0,25.81
1450,5,MTC,0.2048,256,256,2,2,0.00,137,0,31.75
1450,6,MTC,0.2048,256,256,2,2,0.00,137,0,31.75
1450,7,MTC,0.2048,256,256,2,2,0.00,137,0,31.75
1450,8,MTC,0.0000,256,0,2,0,0.00,137,0,31.75
1450,9,MTC,0.2048,256,256,2,2,0.00,137,0,31.75
1450,10,MTC,0.2048,256,256,2,2,0.00,137,0,31.75
1460,1,eMBB,25.6704,33616,32088,22,21,0.00,650903,0,37.52
1460,2,eMBB,33.0048,33616,41256,22,27,0.00,133336,0,37.52
1460,3,URLLC,0.8112,936,1014,12,13,0.00,333,0,28.14
1460,4,URLLC,0.8112,936,1014,12,13,0.00,333,0,28.14
1460,5,MTC,0.3072,256,384,2,3,0.00,137,0,34.34
1460,6,MTC,0.3072,256,384,2,3,0.00,137,0,34.34
1460,7,MTC,0.3072,256,384,2,3,0.00,137,0,34.34
1460,8,MTC,0.0000,256,0,2,0,0.00,137,0,34.34
1460,9,MTC,0.3072,256,384,2,3,0.00,137,0,34.34
1460,10,MTC,0.3072,256,384,2,3,0.00,137,0,34.34
1470,1,eMBB,23.2256,35144,29032,23,19,0.00,651421,0,29.46
1470,2,eMBB,26.8928,35144,33616,23,22,0.00,130761,0,29.46
1470,3,URLLC,0.8112,1014,1014,13,13,0.00,87,0,42.26
1470,4,URLLC,0.8112,1014,1014,13,13,0.00,87,0,42.26
1470,5,MTC,0.2048,384,256,3,2,0.00,32,0,28.28
1470,6,MTC,0.2048,384,256,3,2,0.00,32,0,28.28
1470,7,MTC,0.2048,384,256,3,2,0.00,32,0,28.28
1470,8,MTC,0.0000,384,0,3,0,0.00,137,0,28.28
1470,9,MTC,0.2048,384,256,3,2,0.00,32,0,28.28
1470,10,MTC,0.2048,384,256,3,2,0.00,32,0,28.28
1480,1,eMBB,29.3376,35144,36672,23,24,0.00,652575,0,38.13
1480,2,eMBB,34.2272,35144,42784,23,28,0.00,127330,0,38.13
1480,3,URLLC,0.8112,936,1014,12,13,0.00,87,0,33.42
1480,4,URLLC,0.8112,936,1014,12,13,0.00,87,0,33.42
1480,5,MTC,0.2048,256,256,2,2,0.00,137,0,28.45
1480,6,MTC,0.2048,256,256,2,2,0.00,137,0,28.45
1480,7,MTC,0.2048,256,256,2,2,0.00,137,0,28.45
1480,8,MTC,0.0000,256,0,2,0,0.00,137,0,28.45
1480,9,MTC,0.2048,256,256,2,2,0.00,137,0,28.45
1480,10,MTC,0.2048,256,256,2,2,0.00,137,0,28.45
1490,1,eMBB,26.8928,35144,33616,23,22,0.00,660076,0,39.87
1490,2,eMBB,33.0048,35144,41256,23,27,0.00,128194,0,39.87
1490,3,URLLC,0.8112,1014,1014,13,13,0.00,333,0,28.84
1490,4,URLLC,0.8112,1014,1014,13,13,0.00,333,0,28.84
1490,5,MTC,0.2048,256,256,2,2,0.00,137,0,31.28
1490,6,MTC,0.2048,256,256,2,2,0.00,137,0,31.28
1490,7,MTC,0.2048,256,256,2,2,0.00,137,0,31.28
1490,8,MTC,0.0000,256,0,2,0,0.00,137,0,31.28
1490,9,MTC,0.2048,256,256,2,2,0.00,137,0,31.28
1490,10,MTC,0.2048,256,256,2,2,0.00,137,0,31.28
1500,1,eMBB,14.6688,35144,18336,23,12,0.00,669449,0,32.04
1500,2,eMBB,17.1136,35144,21392,23,14,0.00,131605,0,32.04
1500,3,URLLC,0.8112,936,1014,12,13,0.00,333,0,30.56
1500,4,URLLC,0.8112,936,1014,12,13,0.00,333,0,30.56
1500,5,MTC,0.2048,256,256,2,2,0.00,137,0,37.40
1500,6,MTC,0.2048,256,256,2,2,0.00,137,0,37.40
1500,7,MTC,0.2048,256,256,2,2,0.00,137,0,37.40
1500,8,MTC,0.0000,256,0,2,0,0.00,137,0,37.40
1500,9,MTC,0.2048,256,256,2,2,0.00,137,0,37.40
1500,10,MTC,0.2048,256,256,2,2,0.00,137,0,37.40
1510,1,eMBB,25.6704,35144,32088,23,21,0.00,668082,0,37.64
1510,2,eMBB,29.3376,35144,36672,23,24,0.00,123530,0,37.64
1510,3,URLLC,0.5616,1014,702,13,9,0.00,333,0,32.42
1510,4,URLLC,0.5616,1014,702,13,9,0.00,333,0,32.42
1510,5,MTC,0.2048,256,256,2,2,0.00,24,0,29.95
1510,6,MTC,0.2048,256,256,2,2,0.00,24,0,29.95
1510,7,MTC,0.2048,256,256,2,2,0.00,24,0,29.95
1510,8,MTC,0.0000,256,0,2,0,0.00,137,0,29.95
1510,9,MTC,0.2048,256,256,2,2,0.00,24,0,29.95
1510,10,MTC,0.2048,256,256,2,2,0.00,33,0,29.95
