timestamp,ueImsi,sliceId,dTxBytes,dRxBytes,plr,resourceSharePct,dLostPackets,throughputMbps,bufferBytes
560,1,0,24448,1528,93.75,16.66,15,1.2224,140089
560,2,0,24448,1528,93.75,16.66,15,1.2224,138926
560,3,0,24448,1528,93.75,16.66,15,1.2224,138889
560,4,0,24448,1528,93.75,16.66,15,1.2224,138493
560,5,0,24448,1528,93.75,16.66,15,1.2224,138494
560,6,1,780,624,20.00,40.00,2,0.4992,87
560,7,1,780,624,20.00,40.00,2,0.4992,87
560,8,1,780,624,20.00,40.00,2,0.4992,87
560,9,1,780,624,20.00,40.00,2,0.4992,87
560,10,1,780,624,20.00,40.00,2,0.4992,87
560,11,2,16000,768,95.20,43.34,119,0.6144,90532
560,12,2,16000,768,95.20,43.34,119,0.6144,90532
560,13,2,16000,768,95.20,43.34,119,0.6144,90532
560,14,2,16000,896,94.40,43.34,118,0.7168,90089
560,15,2,16000,768,95.20,43.34,119,0.6144,90145
560,16,2,16000,768,95.20,43.34,119,0.6144,90145
560,17,2,16000,768,95.20,43.34,119,0.6144,90146
560,18,2,16000,1152,92.80,43.34,116,0.9216,89663
560,19,2,16000,1152,92.80,43.34,116,0.9216,89653
560,20,2,16000,1152,92.80,43.34,116,0.9216,89653
