timestamp,ueImsi,sliceId,dTxBytes,dRxBytes,plr,resourceSharePct,dLostPackets,throughputMbps,bufferBytes
560,1,0,24448,3056,87.50,43.09,14,2.4448,135808
560,2,0,24448,3056,87.50,43.09,14,2.4448,135809
560,3,0,24448,3056,87.50,43.09,14,2.4448,135773
560,4,0,24448,3056,87.50,43.09,14,2.4448,135772
560,5,0,24448,3056,87.50,43.09,14,2.4448,135773
560,6,1,780,624,20.00,31.78,2,0.4992,126
560,7,1,780,624,20.00,31.78,2,0.4992,126
560,8,1,780,624,20.00,31.78,2,0.4992,126
560,9,1,780,624,20.00,31.78,2,0.4992,87
560,10,1,780,624,20.00,31.78,2,0.4992,87
560,11,2,16000,640,96.00,25.13,120,0.5120,91359
560,12,2,16000,640,96.00,25.13,120,0.5120,91359
560,13,2,16000,640,96.00,25.13,120,0.5120,91360
560,14,2,16000,640,96.00,25.13,120,0.5120,91360
560,15,2,16000,512,96.80,25.13,121,0.4096,91315
560,16,2,16000,512,96.80,25.13,121,0.4096,91315
560,17,2,16000,512,96.80,25.13,121,0.4096,91299
560,18,2,16000,640,96.00,25.13,120,0.5120,91315
560,19,2,16000,640,96.00,25.13,120,0.5120,91321
560,20,2,16000,640,96.00,25.13,120,0.5120,91328
