timestamp,sliceId,dedicatedPRB,minPRB,maxPRB
510,0,24.40499130364101,24.40499130364101,100.0
510,1,40.66341878967077,40.66341878967077,100.0
510,2,34.93158990668822,34.93158990668822,100.0
520,0,32.40804727994022,32.40804727994022,100.0
520,1,31.016419607205393,31.016419607205393,100.0
520,2,36.575533112854394,36.575533112854394,100.0
530,0,22.407047264604124,22.407047264604124,100.0
530,1,43.59638022277772,43.59638022277772,100.0
530,2,33.99657251261816,33.99657251261816,100.0
540,0,33.22613206161786,33.22613206161786,100.0
540,1,24.530192821784276,24.530192821784276,100.0
540,2,42.24367511659787,42.24367511659787,100.0
550,0,41.138887613969956,41.138887613969956,100.0
550,1,32.222832613535935,32.222832613535935,100.0
550,2,26.638279772494105,26.638279772494105,100.0
