timestamp,sliceId,dedicatedPRB,minPRB,maxPRB
510,0,47.424201376080944,47.424201376080944,100.0
510,1,32.419471300321,32.419471300321,100.0
510,2,20.15632732359806,20.15632732359806,100.0
520,0,41.17589614115549,41.17589614115549,100.0
520,1,38.61350201609351,38.61350201609351,100.0
520,2,20.210601842751004,20.210601842751004,100.0
530,0,30.567399953109092,30.567399953109092,100.0
530,1,45.981082928132,45.981082928132,100.0
530,2,23.451517118758915,23.451517118758915,100.0
540,0,22.883543401682836,22.883543401682836,100.0
540,1,30.26028858160249,30.26028858160249,100.0
540,2,46.85616801671467,46.85616801671467,100.0
550,0,28.68361225514789,28.68361225514789,100.0
550,1,38.26661256688897,38.26661256688897,100.0
550,2,33.049775177963134,33.049775177963134,100.0
560,0,47.00075503792909,47.00075503792909,100.0
560,1,33.00809329992261,33.00809329992261,100.0
560,2,19.991151662148294,19.991151662148294,100.0
570,0,25.205488686622342,25.205488686622342,100.0
570,1,50.440021375187285,50.440021375187285,100.0
570,2,24.354489938190387,24.354489938190387,100.0
580,0,38.78547866582311,38.78547866582311,100.0
580,1,32.50319621711502,32.50319621711502,100.0
580,2,28.711325117061865,28.711325117061865,100.0
590,0,25.27397603395991,25.27397603395991,100.0
590,1,30.148634030525777,30.148634030525777,100.0
590,2,44.57738993551431,44.57738993551431,100.0
600,0,35.35270498639076,35.35270498639076,100.0
600,1,44.2029332296333,44.2029332296333,100.0
600,2,20.444361783975936,20.444361783975936,100.0
610,0,40.78771317677654,40.78771317677654,100.0
610,1,25.33768975812124,25.33768975812124,100.0
610,2,33.87459706510222,33.87459706510222,100.0
620,0,28.165305542276602,28.165305542276602,100.0
620,1,51.845330995887316,51.845330995887316,100.0
620,2,19.989363461836078,19.989363461836078,100.0
630,0,22.76074837917371,22.76074837917371,100.0
630,1,38.924138642457336,38.924138642457336,100.0
630,2,38.31511297836895,38.31511297836895,100.0
640,0,34.99150282040425,34.99150282040425,100.0
640,1,45.20247159005039,45.20247159005039,100.0
640,2,19.80602558954536,19.80602558954536,100.0
650,0,47.234868780231366,47.234868780231366,100.0
650,1,29.959336443686713,29.959336443686713,100.0
650,2,22.805794776081918,22.805794776081918,100.0
660,0,42.99144427142919,42.99144427142919,100.0
660,1,30.215732438912358,30.215732438912358,100.0
660,2,26.792823289658447,26.792823289658447,100.0
670,0,27.15884160862206,27.15884160862206,100.0
670,1,45.204057617532335,45.204057617532335,100.0
670,2,27.637100773845603,27.637100773845603,100.0
680,0,33.20447856027453,33.20447856027453,100.0
680,1,39.79838765872271,39.79838765872271,100.0
680,2,26.99713378100276,26.99713378100276,100.0
690,0,26.302677654561517,26.302677654561517,100.0
690,1,36.33401899607539,36.33401899607539,100.0
690,2,37.3633033493631,37.3633033493631,100.0
700,0,44.17418356569442,44.17418356569442,100.0
700,1,30.13697954475869,30.13697954475869,100.0
700,2,25.688836889546902,25.688836889546902,100.0
710,0,24.19741334388195,24.19741334388195,100.0
710,1,39.296368981487454,39.296368981487454,100.0
710,2,36.50621767463059,36.50621767463059,100.0
720,0,38.901390819426126,38.901390819426126,100.0
720,1,27.372102300012525,27.372102300012525,100.0
720,2,33.726506880561345,33.726506880561345,100.0
730,0,25.67756323531632,25.67756323531632,100.0
730,1,53.61008240142533,53.61008240142533,100.0
730,2,20.71235436325835,20.71235436325835,100.0
740,0,38.96835483503252,38.96835483503252,100.0
740,1,41.9964521411191,41.9964521411191,100.0
740,2,19.03519302384837,19.03519302384837,100.0
750,0,42.422083303524296,42.422083303524296,100.0
750,1,35.09068958238954,35.09068958238954,100.0
750,2,22.487227114086174,22.487227114086174,100.0
760,0,34.00281467571589,34.00281467571589,100.0
760,1,47.59480086708726,47.59480086708726,100.0
760,2,18.402384457196852,18.402384457196852,100.0
770,0,33.68226805257943,33.68226805257943,100.0
770,1,44.02495415675757,44.02495415675757,100.0
770,2,22.292777790663003,22.292777790663003,100.0
780,0,45.25429012826721,45.25429012826721,100.0
780,1,34.6851610138786,34.6851610138786,100.0
780,2,20.060548857854194,20.060548857854194,100.0
790,0,46.990200903417104,46.990200903417104,100.0
790,1,29.424585720292306,29.424585720292306,100.0
790,2,23.585213376290593,23.585213376290593,100.0
800,0,38.79911854831476,38.79911854831476,100.0
800,1,29.510205246168297,29.510205246168297,100.0
800,2,31.690676205516947,31.690676205516947,100.0
810,0,25.303755193997006,25.303755193997006,100.0
810,1,36.011555259923526,36.011555259923526,100.0
810,2,38.684689546079476,38.684689546079476,100.0
820,0,41.626528716275416,41.626528716275416,100.0
820,1,38.270829213808604,38.270829213808604,100.0
820,2,20.102642069915984,20.102642069915984,100.0
830,0,26.816655147268953,26.816655147268953,100.0
830,1,30.824597909142366,30.824597909142366,100.0
830,2,42.358746943588685,42.358746943588685,100.0
840,0,28.21098695905624,28.21098695905624,100.0
840,1,31.69394664362067,31.69394664362067,100.0
840,2,40.095066397323095,40.095066397323095,100.0
850,0,49.66919445653696,49.66919445653696,100.0
850,1,27.996093287263683,27.996093287263683,100.0
850,2,22.334712256199357,22.334712256199357,100.0
860,0,52.66976576248431,52.66976576248431,100.0
860,1,26.11805513172285,26.11805513172285,100.0
860,2,21.21217910579284,21.21217910579284,100.0
870,0,44.865042519222776,44.865042519222776,100.0
870,1,35.778509207807886,35.778509207807886,100.0
870,2,19.356448272969345,19.356448272969345,100.0
880,0,34.63385887080877,34.63385887080877,100.0
880,1,31.597626156624713,31.597626156624713,100.0
880,2,33.76851497256651,33.76851497256651,100.0
890,0,42.09982330435601,42.09982330435601,100.0
890,1,34.331328355446104,34.331328355446104,100.0
890,2,23.5688483401979,23.5688483401979,100.0
900,0,41.38093647521096,41.38093647521096,100.0
900,1,31.460706574573134,31.460706574573134,100.0
900,2,27.15835695021591,27.15835695021591,100.0
910,0,30.73937240807374,30.73937240807374,100.0
910,1,31.868196203940013,31.868196203940013,100.0
910,2,37.39243138798625,37.39243138798625,100.0
920,0,30.22247054437834,30.22247054437834,100.0
920,1,38.293369758347154,38.293369758347154,100.0
920,2,31.48415969727451,31.48415969727451,100.0
930,0,22.775946086386224,22.775946086386224,100.0
930,1,53.5685261980812,53.5685261980812,100.0
930,2,23.65552771553258,23.65552771553258,100.0
940,0,33.59292974530121,33.59292974530121,100.0
940,1,42.33389546497168,42.33389546497168,100.0
940,2,24.0731747897271,24.0731747897271,100.0
950,0,47.68616361525518,47.68616361525518,100.0
950,1,31.676685037563068,31.676685037563068,100.0
950,2,20.63715134718175,20.63715134718175,100.0
960,0,35.28428155539894,35.28428155539894,100.0
960,1,43.11897301315528,43.11897301315528,100.0
960,2,21.59674543144578,21.59674543144578,100.0
970,0,25.93313746467809,25.93313746467809,100.0
970,1,37.935780667515374,37.935780667515374,100.0
970,2,36.13108186780654,36.13108186780654,100.0
980,0,25.201472806687796,25.201472806687796,100.0
980,1,51.40241800282512,51.40241800282512,100.0
980,2,23.396109190487085,23.396109190487085,100.0
990,0,47.24809713664852,47.24809713664852,100.0
990,1,29.640581920569296,29.640581920569296,100.0
990,2,23.111320942782182,23.111320942782182,100.0
1000,0,37.776794254943844,37.776794254943844,100.0
1000,1,35.7545952497472,35.7545952497472,100.0
1000,2,26.46861049530896,26.46861049530896,100.0
1010,0,32.77147975841152,32.77147975841152,100.0
1010,1,34.29403672557903,34.29403672557903,100.0
1010,2,32.934483516009436,32.934483516009436,100.0
1020,0,26.83724056445657,26.83724056445657,100.0
1020,1,35.01590462325296,35.01590462325296,100.0
1020,2,38.14685481229047,38.14685481229047,100.0
1030,0,52.58931740047925,52.58931740047925,100.0
1030,1,26.674963519450845,26.674963519450845,100.0
1030,2,20.735719080069916,20.735719080069916,100.0
1040,0,37.1735586085715,37.1735586085715,100.0
1040,1,33.44244414752402,33.44244414752402,100.0
1040,2,29.38399724390448,29.38399724390448,100.0
1050,0,35.3115735101849,35.3115735101849,100.0
1050,1,34.6946974796428,34.6946974796428,100.0
1050,2,29.9937290101723,29.9937290101723,100.0
1060,0,21.010252980425932,21.010252980425932,100.0
1060,1,40.26660964852152,40.26660964852152,100.0
1060,2,38.72313737105254,38.72313737105254,100.0
1070,0,22.713739759600664,22.713739759600664,100.0
1070,1,45.72967690306985,45.72967690306985,100.0
1070,2,31.556583337329492,31.556583337329492,100.0
1080,0,28.558661992770013,28.558661992770013,100.0
1080,1,40.789772303754354,40.789772303754354,100.0
1080,2,30.65156570347563,30.65156570347563,100.0
1090,0,48.281679164824276,48.281679164824276,100.0
1090,1,27.245515579187064,27.245515579187064,100.0
1090,2,24.472805255988668,24.472805255988668,100.0
1100,0,44.07889907215158,44.07889907215158,100.0
1100,1,31.06854933286095,31.06854933286095,100.0
1100,2,24.852551594987464,24.852551594987464,100.0
1110,0,43.34147145180596,43.34147145180596,100.0
1110,1,29.424109197513104,29.424109197513104,100.0
1110,2,27.234419350680945,27.234419350680945,100.0
1120,0,33.113602204011414,33.113602204011414,100.0
1120,1,41.872763704286896,41.872763704286896,100.0
1120,2,25.013634091701686,25.013634091701686,100.0
1130,0,29.531641561430877,29.531641561430877,100.0
1130,1,37.205378433849944,37.205378433849944,100.0
1130,2,33.262980004719175,33.262980004719175,100.0
1140,0,32.05615738049014,32.05615738049014,100.0
1140,1,45.2274879238455,45.2274879238455,100.0
1140,2,22.716354695664368,22.716354695664368,100.0
1150,0,48.38179315821742,48.38179315821742,100.0
1150,1,27.539982483793324,27.539982483793324,100.0
1150,2,24.078224357989253,24.078224357989253,100.0
1160,0,47.64799196646664,47.64799196646664,100.0
1160,1,29.030802752186624,29.030802752186624,100.0
1160,2,23.321205281346742,23.321205281346742,100.0
1170,0,26.51416514078835,26.51416514078835,100.0
1170,1,54.56144259343473,54.56144259343473,100.0
1170,2,18.92439226577693,18.92439226577693,100.0
1180,0,29.76353114821363,29.76353114821363,100.0
1180,1,36.17319615509963,36.17319615509963,100.0
1180,2,34.06327269668674,34.06327269668674,100.0
1190,0,26.871709105623044,26.871709105623044,100.0
1190,1,39.925551938184334,39.925551938184334,100.0
1190,2,33.202738956192626,33.202738956192626,100.0
1200,0,29.08860602747826,29.08860602747826,100.0
1200,1,38.185110236571354,38.185110236571354,100.0
1200,2,32.72628373595039,32.72628373595039,100.0
1210,0,23.401737534435792,23.401737534435792,100.0
1210,1,40.24395491148407,40.24395491148407,100.0
1210,2,36.354307554080144,36.354307554080144,100.0
1220,0,24.112086293573615,24.112086293573615,100.0
1220,1,29.338959913246754,29.338959913246754,100.0
1220,2,46.548953793179635,46.548953793179635,100.0
1230,0,31.322373228158884,31.322373228158884,100.0
1230,1,36.44245059720675,36.44245059720675,100.0
1230,2,32.235176174634375,32.235176174634375,100.0
1240,0,23.96521035030884,23.96521035030884,100.0
1240,1,49.90344708799391,49.90344708799391,100.0
1240,2,26.131342561697256,26.131342561697256,100.0
1250,0,27.22719731118043,27.22719731118043,100.0
1250,1,47.660204985452246,47.660204985452246,100.0
1250,2,25.112597703367328,25.112597703367328,100.0
1260,0,23.891515092765797,23.891515092765797,100.0
1260,1,56.29156027273146,56.29156027273146,100.0
1260,2,19.816924634502747,19.816924634502747,100.0
1270,0,47.091071987210434,47.091071987210434,100.0
1270,1,31.798708542995545,31.798708542995545,100.0
1270,2,21.110219469794025,21.110219469794025,100.0
1280,0,28.746288213040295,28.746288213040295,100.0
1280,1,35.72180975111971,35.72180975111971,100.0
1280,2,35.53190203584,35.53190203584,100.0
1290,0,35.924378800461405,35.924378800461405,100.0
1290,1,26.840119796863227,26.840119796863227,100.0
1290,2,37.23550140267537,37.23550140267537,100.0
1300,0,37.80614810365027,37.80614810365027,100.0
1300,1,29.859567799441322,29.859567799441322,100.0
1300,2,32.3342840969084,32.3342840969084,100.0
1310,0,27.23619829791528,27.23619829791528,100.0
1310,1,51.88603727391712,51.88603727391712,100.0
1310,2,20.877764428167602,20.877764428167602,100.0
1320,0,24.319852821825442,24.319852821825442,100.0
1320,1,46.38999475445381,46.38999475445381,100.0
1320,2,29.29015242372075,29.29015242372075,100.0
1330,0,29.42957528729594,29.42957528729594,100.0
1330,1,39.049914821389144,39.049914821389144,100.0
1330,2,31.52050989131492,31.52050989131492,100.0
1340,0,35.623874796709465,35.623874796709465,100.0
1340,1,26.14014590456296,26.14014590456296,100.0
1340,2,38.23597929872757,38.23597929872757,100.0
1350,0,26.6932185196277,26.6932185196277,100.0
1350,1,30.112532702507057,30.112532702507057,100.0
1350,2,43.194248777865255,43.194248777865255,100.0
1360,0,30.191224554365313,30.191224554365313,100.0
1360,1,40.12510010339601,40.12510010339601,100.0
1360,2,29.68367534223869,29.68367534223869,100.0
1370,0,33.33552675284578,33.33552675284578,100.0
1370,1,30.746045191055927,30.746045191055927,100.0
1370,2,35.91842805609829,35.91842805609829,100.0
1380,0,28.937756437030966,28.937756437030966,100.0
1380,1,48.9300825719783,48.9300825719783,100.0
1380,2,22.13216099099073,22.13216099099073,100.0
1390,0,35.031351908244375,35.031351908244375,100.0
1390,1,33.367369503334714,33.367369503334714,100.0
1390,2,31.60127858842091,31.60127858842091,100.0
1400,0,34.86078305993472,34.86078305993472,100.0
1400,1,26.067151208834016,26.067151208834016,100.0
1400,2,39.07206573123126,39.07206573123126,100.0
1410,0,38.22126999458082,38.22126999458082,100.0
1410,1,40.53055569558383,40.53055569558383,100.0
1410,2,21.248174309835356,21.248174309835356,100.0
1420,0,26.392311022716697,26.392311022716697,100.0
1420,1,50.2502720112932,50.2502720112932,100.0
1420,2,23.35741696599012,23.35741696599012,100.0
1430,0,39.34443363095937,39.34443363095937,100.0
1430,1,39.748508684913084,39.748508684913084,100.0
1430,2,20.90705768412755,20.90705768412755,100.0
1440,0,34.38702183599888,34.38702183599888,100.0
1440,1,31.957033590815264,31.957033590815264,100.0
1440,2,33.655944573185856,33.655944573185856,100.0
1450,0,31.057080098540617,31.057080098540617,100.0
1450,1,32.00394581854184,32.00394581854184,100.0
1450,2,36.938974082917554,36.938974082917554,100.0
1460,0,26.669022976154956,26.669022976154956,100.0
1460,1,44.1497224607008,44.1497224607008,100.0
1460,2,29.181254563144243,29.181254563144243,100.0
1470,0,30.18425821656361,30.18425821656361,100.0
1470,1,32.39547318046721,32.39547318046721,100.0
1470,2,37.42026860296919,37.42026860296919,100.0
1480,0,34.28821466622002,34.28821466622002,100.0
1480,1,30.167832963160624,30.167832963160624,100.0
1480,2,35.54395237061936,35.54395237061936,100.0
1490,0,39.00727582143898,39.00727582143898,100.0
1490,1,38.44744714761007,38.44744714761007,100.0
1490,2,22.545277030950945,22.545277030950945,100.0
1500,0,33.177212624969435,33.177212624969435,100.0
1500,1,30.662160230708245,30.662160230708245,100.0
1500,2,36.16062714432232,36.16062714432232,100.0
