timestamp,ueImsi,sliceId,dTxBytes,dRxBytes,plr,resourceSharePct,dLostPackets,throughputMbps,bufferBytes,dlBufferBytes,ulBufferBytes,macBufferBytes,congestionPct,lastDrlActionStatus
9900,1,0,193616,0,100.00,25.49,172,0.0000,1200005,180443,1200005,1380448,13.16,applied
9900,2,0,193616,0,100.00,25.49,172,0.0000,1200005,180446,1200005,1380451,13.17,applied
9900,3,0,193616,0,100.00,25.49,172,0.0000,1200005,180442,1200005,1380447,13.16,applied
9900,4,0,193616,0,100.00,25.49,172,0.0000,1199960,183545,1199960,1383505,13.19,applied
9900,5,0,193616,8596,95.93,25.49,165,0.6877,1200005,180443,1200005,1380448,13.16,applied
9900,6,1,0,0,0.00,28.86,0,0.0000,34,0,34,34,0.00,applied
9900,7,1,0,0,0.00,28.86,0,0.0000,34,0,34,34,0.00,applied
9900,8,1,0,0,0.00,28.86,0,0.0000,34,0,34,34,0.00,applied
9900,9,1,0,0,0.00,28.86,0,0.0000,34,0,34,34,0.00,applied
9900,10,1,0,0,0.00,28.86,0,0.0000,34,0,34,34,0.00,applied
9900,11,1,0,0,0.00,28.86,0,0.0000,34,0,34,34,0.00,applied
9900,12,1,0,0,0.00,28.86,0,0.0000,34,0,34,34,0.00,applied
9900,13,1,0,0,0.00,28.86,0,0.0000,34,0,34,34,0.00,applied
9900,14,2,65200,0,100.00,45.65,50,0.0000,5908538,5908538,51,5908589,56.35,applied
9900,15,2,65200,0,100.00,45.65,50,0.0000,5908703,5908703,34,5908737,56.35,applied
9900,16,2,65200,0,100.00,45.65,50,0.0000,5908542,5908542,51,5908593,56.35,applied
9900,17,2,65200,0,100.00,45.65,50,0.0000,5911243,5911243,51,5911294,56.37,applied
9900,18,2,65200,0,100.00,45.65,50,0.0000,5908555,5908555,51,5908606,56.35,applied
9900,19,2,65200,940,90.00,45.65,45,0.0752,5908540,5908540,51,5908591,56.35,applied
9900,20,2,65200,940,90.00,45.65,45,0.0752,5908541,5908541,51,5908592,56.35,applied
9900,21,2,65200,0,100.00,45.65,50,0.0000,5909192,5909192,51,5909243,56.35,applied
9900,22,2,65200,0,100.00,45.65,50,0.0000,5909830,5909830,51,5909881,56.36,applied
9900,23,2,65200,0,100.00,45.65,50,0.0000,5908538,5908538,51,5908589,56.35,applied
9900,24,2,65200,940,90.00,45.65,45,0.0752,5908541,5908541,51,5908592,56.35,applied
9900,25,2,65200,0,100.00,45.65,50,0.0000,5908538,5908538,51,5908589,56.35,applied
9900,26,2,65200,0,100.00,45.65,50,0.0000,5908538,5908538,51,5908589,56.35,applied
9900,27,2,65200,0,100.00,45.65,50,0.0000,5908665,5908665,51,5908716,56.35,applied
9900,28,2,65200,0,100.00,45.65,50,0.0000,5908679,5908679,51,5908730,56.35,applied
9900,29,2,65200,0,100.00,45.65,50,0.0000,5910951,5910951,51,5911002,56.37,applied
9900,30,2,65200,0,100.00,45.65,50,0.0000,5908536,5908536,51,5908587,56.35,applied
9900,31,2,65200,940,90.00,45.65,45,0.0752,5908544,5908544,51,5908595,56.35,applied
9900,32,2,65200,0,100.00,45.65,50,0.0000,5908536,5908536,51,5908587,56.35,applied
9900,33,2,65200,0,100.00,45.65,50,0.0000,5910443,5910443,51,5910494,56.37,applied
