callId,timeMs,scenario,sliceId,rnti,inActiveUl,ulBufferSize,diagReason
1,502,greenran_normal,0,1,1,34,0,0,in_active_ul
1,502,greenran_normal,0,2,1,34,0,0,in_active_ul
1,502,greenran_normal,0,3,1,34,0,0,in_active_ul
1,502,greenran_normal,0,4,1,34,0,0,in_active_ul
1,502,greenran_normal,0,5,0,0,0,0,not_in_active_ul
1,502,greenran_normal,1,6,0,0,0,0,not_in_active_ul
1,502,greenran_normal,1,7,0,0,0,0,not_in_active_ul
1,502,greenran_normal,1,8,0,0,0,0,not_in_active_ul
1,502,greenran_normal,1,9,0,0,0,0,not_in_active_ul
1,502,greenran_normal,1,10,0,0,0,0,not_in_active_ul
1,502,greenran_normal,1,11,0,0,0,0,not_in_active_ul
1,502,greenran_normal,1,12,0,0,0,0,not_in_active_ul
1,502,greenran_normal,1,34,0,0,0,0,not_in_active_ul
1,502,greenran_normal,2,35,0,0,0,0,not_in_active_ul
1,502,greenran_normal,2,36,0,0,0,0,not_in_active_ul
1,502,greenran_normal,2,37,0,0,0,0,not_in_active_ul
1,502,greenran_normal,2,38,0,0,0,0,not_in_active_ul
1,502,greenran_normal,2,39,0,0,0,0,not_in_active_ul
1,502,greenran_normal,2,40,0,0,0,0,not_in_active_ul
1,502,greenran_normal,2,41,0,0,0,0,not_in_active_ul
1,502,greenran_normal,2,42,0,0,0,0,not_in_active_ul
1,502,greenran_normal,2,43,0,0,0,0,not_in_active_ul
1,502,greenran_normal,2,44,0,0,0,0,not_in_active_ul
1,502,greenran_normal,2,55,0,0,0,0,not_in_active_ul
1,502,greenran_normal,2,56,0,0,0,0,not_in_active_ul
1,502,greenran_normal,2,57,0,0,0,0,not_in_active_ul
1,502,greenran_normal,2,58,0,0,0,0,not_in_active_ul
1,502,greenran_normal,2,59,0,0,0,0,not_in_active_ul
1,502,greenran_normal,2,60,0,0,0,0,not_in_active_ul
1,502,greenran_normal,2,61,0,0,0,0,not_in_active_ul
1,502,greenran_normal,2,62,0,0,0,0,not_in_active_ul
1,502,greenran_normal,2,63,0,0,0,0,not_in_active_ul
1,502,greenran_normal,2,64,0,0,0,0,not_in_active_ul
142,602,greenran_normal,0,1,1,1199983,0,0,in_active_ul
142,602,greenran_normal,0,2,1,1199993,0,0,in_active_ul
142,602,greenran_normal,0,3,1,150005,0,0,in_active_ul
142,602,greenran_normal,0,4,1,1199904,0,0,in_active_ul
142,602,greenran_normal,0,5,1,1200005,0,0,in_active_ul
142,602,greenran_normal,1,6,0,0,0,0,not_in_active_ul
142,602,greenran_normal,1,7,0,0,0,0,not_in_active_ul
142,602,greenran_normal,1,8,0,0,0,0,not_in_active_ul
142,602,greenran_normal,1,9,0,0,0,0,not_in_active_ul
142,602,greenran_normal,1,10,0,0,0,0,not_in_active_ul
142,602,greenran_normal,1,11,0,0,0,0,not_in_active_ul
142,602,greenran_normal,1,12,0,0,0,0,not_in_active_ul
142,602,greenran_normal,1,34,0,0,0,0,not_in_active_ul
142,602,greenran_normal,2,35,0,0,0,0,not_in_active_ul
142,602,greenran_normal,2,36,0,0,0,0,not_in_active_ul
142,602,greenran_normal,2,37,0,0,0,0,not_in_active_ul
142,602,greenran_normal,2,38,0,0,0,0,not_in_active_ul
142,602,greenran_normal,2,39,1,51,0,0,in_active_ul
142,602,greenran_normal,2,40,0,0,0,0,not_in_active_ul
142,602,greenran_normal,2,41,0,0,0,0,not_in_active_ul
142,602,greenran_normal,2,42,0,0,0,0,not_in_active_ul
142,602,greenran_normal,2,43,0,0,0,0,not_in_active_ul
142,602,greenran_normal,2,44,0,0,0,0,not_in_active_ul
142,602,greenran_normal,2,55,0,0,0,0,not_in_active_ul
142,602,greenran_normal,2,56,0,0,0,0,not_in_active_ul
142,602,greenran_normal,2,57,0,0,0,0,not_in_active_ul
142,602,greenran_normal,2,58,0,0,0,0,not_in_active_ul
142,602,greenran_normal,2,59,0,0,0,0,not_in_active_ul
142,602,greenran_normal,2,60,0,0,0,0,not_in_active_ul
142,602,greenran_normal,2,61,0,0,0,0,not_in_active_ul
142,602,greenran_normal,2,62,0,0,0,0,not_in_active_ul
142,602,greenran_normal,2,63,0,0,0,0,not_in_active_ul
142,602,greenran_normal,2,64,0,0,0,0,not_in_active_ul
294,702,greenran_normal,0,1,1,1200005,0,0,in_active_ul
294,702,greenran_normal,0,2,1,1200005,0,0,in_active_ul
294,702,greenran_normal,0,3,0,0,0,0,not_in_active_ul
294,702,greenran_normal,0,4,1,1200005,0,0,in_active_ul
294,702,greenran_normal,0,5,1,1200005,0,0,in_active_ul
294,702,greenran_normal,1,6,0,0,0,0,not_in_active_ul
294,702,greenran_normal,1,7,0,0,0,0,not_in_active_ul
294,702,greenran_normal,1,8,0,0,0,0,not_in_active_ul
294,702,greenran_normal,1,9,0,0,0,0,not_in_active_ul
294,702,greenran_normal,1,10,0,0,0,0,not_in_active_ul
294,702,greenran_normal,1,11,0,0,0,0,not_in_active_ul
294,702,greenran_normal,1,12,0,0,0,0,not_in_active_ul
294,702,greenran_normal,1,34,0,0,0,0,not_in_active_ul
294,702,greenran_normal,2,35,0,0,0,0,not_in_active_ul
294,702,greenran_normal,2,36,0,0,0,0,not_in_active_ul
294,702,greenran_normal,2,37,1,51,0,0,in_active_ul
294,702,greenran_normal,2,38,0,0,0,0,not_in_active_ul
294,702,greenran_normal,2,39,1,51,0,0,in_active_ul
294,702,greenran_normal,2,40,1,51,0,0,in_active_ul
294,702,greenran_normal,2,41,1,51,0,0,in_active_ul
294,702,greenran_normal,2,42,0,0,0,0,not_in_active_ul
294,702,greenran_normal,2,43,0,0,0,0,not_in_active_ul
294,702,greenran_normal,2,44,0,0,0,0,not_in_active_ul
294,702,greenran_normal,2,55,1,51,0,0,in_active_ul
294,702,greenran_normal,2,56,1,51,0,0,in_active_ul
294,702,greenran_normal,2,57,0,0,0,0,not_in_active_ul
294,702,greenran_normal,2,58,1,51,0,0,in_active_ul
294,702,greenran_normal,2,59,0,0,0,0,not_in_active_ul
294,702,greenran_normal,2,60,0,0,0,0,not_in_active_ul
294,702,greenran_normal,2,61,0,0,0,0,not_in_active_ul
294,702,greenran_normal,2,62,1,51,0,0,in_active_ul
294,702,greenran_normal,2,63,0,0,0,0,not_in_active_ul
294,702,greenran_normal,2,64,0,0,0,0,not_in_active_ul
435,802,greenran_normal,0,1,1,1200005,0,0,in_active_ul
435,802,greenran_normal,0,2,1,1200005,0,0,in_active_ul
435,802,greenran_normal,0,3,1,1200005,0,0,in_active_ul
435,802,greenran_normal,0,4,0,0,0,0,not_in_active_ul
435,802,greenran_normal,0,5,1,1199978,0,0,in_active_ul
435,802,greenran_normal,1,6,0,0,0,0,not_in_active_ul
435,802,greenran_normal,1,7,0,0,0,0,not_in_active_ul
435,802,greenran_normal,1,8,0,0,0,0,not_in_active_ul
435,802,greenran_normal,1,9,0,0,0,0,not_in_active_ul
435,802,greenran_normal,1,10,0,0,0,0,not_in_active_ul
435,802,greenran_normal,1,11,0,0,0,0,not_in_active_ul
435,802,greenran_normal,1,12,0,0,0,0,not_in_active_ul
435,802,greenran_normal,1,34,0,0,0,0,not_in_active_ul
435,802,greenran_normal,2,35,0,0,0,0,not_in_active_ul
435,802,greenran_normal,2,36,0,0,0,0,not_in_active_ul
435,802,greenran_normal,2,37,1,51,0,0,in_active_ul
435,802,greenran_normal,2,38,0,0,0,0,not_in_active_ul
435,802,greenran_normal,2,39,0,0,0,0,not_in_active_ul
435,802,greenran_normal,2,40,0,0,0,0,not_in_active_ul
435,802,greenran_normal,2,41,0,0,0,0,not_in_active_ul
435,802,greenran_normal,2,42,0,0,0,0,not_in_active_ul
435,802,greenran_normal,2,43,0,0,0,0,not_in_active_ul
435,802,greenran_normal,2,44,0,0,0,0,not_in_active_ul
435,802,greenran_normal,2,55,0,0,0,0,not_in_active_ul
435,802,greenran_normal,2,56,1,34,0,0,in_active_ul
435,802,greenran_normal,2,57,0,0,0,0,not_in_active_ul
435,802,greenran_normal,2,58,1,34,0,0,in_active_ul
435,802,greenran_normal,2,59,0,0,0,0,not_in_active_ul
435,802,greenran_normal,2,60,0,0,0,0,not_in_active_ul
435,802,greenran_normal,2,61,0,0,0,0,not_in_active_ul
435,802,greenran_normal,2,62,0,0,0,0,not_in_active_ul
435,802,greenran_normal,2,63,0,0,0,0,not_in_active_ul
435,802,greenran_normal,2,64,0,0,0,0,not_in_active_ul
571,902,greenran_normal,0,1,1,1200005,0,0,in_active_ul
571,902,greenran_normal,0,2,1,1200005,0,0,in_active_ul
571,902,greenran_normal,0,3,1,1200005,0,0,in_active_ul
571,902,greenran_normal,0,4,0,0,0,0,not_in_active_ul
571,902,greenran_normal,0,5,0,0,0,0,not_in_active_ul
571,902,greenran_normal,1,6,0,0,0,0,not_in_active_ul
571,902,greenran_normal,1,7,0,0,0,0,not_in_active_ul
571,902,greenran_normal,1,8,0,0,0,0,not_in_active_ul
571,902,greenran_normal,1,9,0,0,0,0,not_in_active_ul
571,902,greenran_normal,1,10,0,0,0,0,not_in_active_ul
571,902,greenran_normal,1,11,0,0,0,0,not_in_active_ul
571,902,greenran_normal,1,12,0,0,0,0,not_in_active_ul
571,902,greenran_normal,1,34,0,0,0,0,not_in_active_ul
571,902,greenran_normal,2,35,0,0,0,0,not_in_active_ul
571,902,greenran_normal,2,36,0,0,0,0,not_in_active_ul
571,902,greenran_normal,2,37,1,51,0,0,in_active_ul
571,902,greenran_normal,2,38,0,0,0,0,not_in_active_ul
571,902,greenran_normal,2,39,1,203,0,0,in_active_ul
571,902,greenran_normal,2,40,1,51,0,0,in_active_ul
571,902,greenran_normal,2,41,1,51,0,0,in_active_ul
571,902,greenran_normal,2,42,0,0,0,0,not_in_active_ul
571,902,greenran_normal,2,43,0,0,0,0,not_in_active_ul
571,902,greenran_normal,2,44,0,0,0,0,not_in_active_ul
571,902,greenran_normal,2,55,1,51,0,0,in_active_ul
571,902,greenran_normal,2,56,1,51,0,0,in_active_ul
571,902,greenran_normal,2,57,0,0,0,0,not_in_active_ul
571,902,greenran_normal,2,58,1,51,0,0,in_active_ul
571,902,greenran_normal,2,59,0,0,0,0,not_in_active_ul
571,902,greenran_normal,2,60,0,0,0,0,not_in_active_ul
571,902,greenran_normal,2,61,0,0,0,0,not_in_active_ul
571,902,greenran_normal,2,62,1,51,0,0,in_active_ul
571,902,greenran_normal,2,63,0,0,0,0,not_in_active_ul
571,902,greenran_normal,2,64,0,0,0,0,not_in_active_ul
705,1002,greenran_normal,0,1,1,1199882,0,0,in_active_ul
705,1002,greenran_normal,0,2,1,1199882,0,0,in_active_ul
705,1002,greenran_normal,0,3,1,1198862,0,0,in_active_ul
705,1002,greenran_normal,0,4,1,1200005,0,0,in_active_ul
705,1002,greenran_normal,0,5,1,1199829,0,0,in_active_ul
705,1002,greenran_normal,1,6,0,0,0,0,not_in_active_ul
705,1002,greenran_normal,1,7,0,0,0,0,not_in_active_ul
705,1002,greenran_normal,1,8,0,0,0,0,not_in_active_ul
705,1002,greenran_normal,1,9,0,0,0,0,not_in_active_ul
705,1002,greenran_normal,1,10,0,0,0,0,not_in_active_ul
705,1002,greenran_normal,1,11,0,0,0,0,not_in_active_ul
705,1002,greenran_normal,1,12,0,0,0,0,not_in_active_ul
705,1002,greenran_normal,1,34,0,0,0,0,not_in_active_ul
705,1002,greenran_normal,2,35,0,0,0,0,not_in_active_ul
705,1002,greenran_normal,2,36,0,0,0,0,not_in_active_ul
705,1002,greenran_normal,2,37,0,0,0,0,not_in_active_ul
705,1002,greenran_normal,2,38,0,0,0,0,not_in_active_ul
705,1002,greenran_normal,2,39,0,0,0,0,not_in_active_ul
705,1002,greenran_normal,2,40,0,0,0,0,not_in_active_ul
705,1002,greenran_normal,2,41,0,0,0,0,not_in_active_ul
705,1002,greenran_normal,2,42,0,0,0,0,not_in_active_ul
705,1002,greenran_normal,2,43,0,0,0,0,not_in_active_ul
705,1002,greenran_normal,2,44,0,0,0,0,not_in_active_ul
705,1002,greenran_normal,2,55,0,0,0,0,not_in_active_ul
705,1002,greenran_normal,2,56,0,0,0,0,not_in_active_ul
705,1002,greenran_normal,2,57,0,0,0,0,not_in_active_ul
705,1002,greenran_normal,2,58,1,34,0,0,in_active_ul
705,1002,greenran_normal,2,59,0,0,0,0,not_in_active_ul
705,1002,greenran_normal,2,60,0,0,0,0,not_in_active_ul
705,1002,greenran_normal,2,61,0,0,0,0,not_in_active_ul
705,1002,greenran_normal,2,62,0,0,0,0,not_in_active_ul
705,1002,greenran_normal,2,63,0,0,0,0,not_in_active_ul
705,1002,greenran_normal,2,64,0,0,0,0,not_in_active_ul
839,1103,greenran_normal,0,1,1,1200005,0,0,in_active_ul
839,1103,greenran_normal,0,2,1,1200005,0,0,in_active_ul
839,1103,greenran_normal,0,3,1,1200005,0,0,in_active_ul
839,1103,greenran_normal,0,4,0,0,0,0,not_in_active_ul
839,1103,greenran_normal,0,5,1,1200005,0,0,in_active_ul
839,1103,greenran_normal,1,6,0,0,0,0,not_in_active_ul
839,1103,greenran_normal,1,7,0,0,0,0,not_in_active_ul
839,1103,greenran_normal,1,8,0,0,0,0,not_in_active_ul
839,1103,greenran_normal,1,9,0,0,0,0,not_in_active_ul
839,1103,greenran_normal,1,10,0,0,0,0,not_in_active_ul
839,1103,greenran_normal,1,11,0,0,0,0,not_in_active_ul
839,1103,greenran_normal,1,12,0,0,0,0,not_in_active_ul
839,1103,greenran_normal,1,34,0,0,0,0,not_in_active_ul
839,1103,greenran_normal,2,35,0,0,0,0,not_in_active_ul
839,1103,greenran_normal,2,36,0,0,0,0,not_in_active_ul
839,1103,greenran_normal,2,37,1,51,0,0,in_active_ul
839,1103,greenran_normal,2,38,0,0,0,0,not_in_active_ul
839,1103,greenran_normal,2,39,0,0,0,0,not_in_active_ul
839,1103,greenran_normal,2,40,1,51,0,0,in_active_ul
839,1103,greenran_normal,2,41,1,51,0,0,in_active_ul
839,1103,greenran_normal,2,42,0,0,0,0,not_in_active_ul
839,1103,greenran_normal,2,43,0,0,0,0,not_in_active_ul
839,1103,greenran_normal,2,44,0,0,0,0,not_in_active_ul
839,1103,greenran_normal,2,55,1,51,0,0,in_active_ul
839,1103,greenran_normal,2,56,1,51,0,0,in_active_ul
839,1103,greenran_normal,2,57,0,0,0,0,not_in_active_ul
839,1103,greenran_normal,2,58,1,51,0,0,in_active_ul
839,1103,greenran_normal,2,59,0,0,0,0,not_in_active_ul
839,1103,greenran_normal,2,60,0,0,0,0,not_in_active_ul
839,1103,greenran_normal,2,61,0,0,0,0,not_in_active_ul
839,1103,greenran_normal,2,62,1,51,0,0,in_active_ul
839,1103,greenran_normal,2,63,0,0,0,0,not_in_active_ul
839,1103,greenran_normal,2,64,0,0,0,0,not_in_active_ul
975,1203,greenran_normal,0,1,1,1200005,0,0,in_active_ul
975,1203,greenran_normal,0,2,1,1200005,0,0,in_active_ul
975,1203,greenran_normal,0,3,0,0,0,0,not_in_active_ul
975,1203,greenran_normal,0,4,1,1200005,0,0,in_active_ul
975,1203,greenran_normal,0,5,0,0,0,0,not_in_active_ul
975,1203,greenran_normal,1,6,0,0,0,0,not_in_active_ul
975,1203,greenran_normal,1,7,0,0,0,0,not_in_active_ul
975,1203,greenran_normal,1,8,0,0,0,0,not_in_active_ul
975,1203,greenran_normal,1,9,0,0,0,0,not_in_active_ul
975,1203,greenran_normal,1,10,0,0,0,0,not_in_active_ul
975,1203,greenran_normal,1,11,0,0,0,0,not_in_active_ul
975,1203,greenran_normal,1,12,0,0,0,0,not_in_active_ul
975,1203,greenran_normal,1,34,0,0,0,0,not_in_active_ul
975,1203,greenran_normal,2,35,0,0,0,0,not_in_active_ul
975,1203,greenran_normal,2,36,0,0,0,0,not_in_active_ul
975,1203,greenran_normal,2,37,0,0,0,0,not_in_active_ul
975,1203,greenran_normal,2,38,0,0,0,0,not_in_active_ul
975,1203,greenran_normal,2,39,0,0,0,0,not_in_active_ul
975,1203,greenran_normal,2,40,0,0,0,0,not_in_active_ul
975,1203,greenran_normal,2,41,0,0,0,0,not_in_active_ul
975,1203,greenran_normal,2,42,0,0,0,0,not_in_active_ul
975,1203,greenran_normal,2,43,0,0,0,0,not_in_active_ul
975,1203,greenran_normal,2,44,0,0,0,0,not_in_active_ul
975,1203,greenran_normal,2,55,0,0,0,0,not_in_active_ul
975,1203,greenran_normal,2,56,0,0,0,0,not_in_active_ul
975,1203,greenran_normal,2,57,0,0,0,0,not_in_active_ul
975,1203,greenran_normal,2,58,0,0,0,0,not_in_active_ul
975,1203,greenran_normal,2,59,0,0,0,0,not_in_active_ul
975,1203,greenran_normal,2,60,0,0,0,0,not_in_active_ul
975,1203,greenran_normal,2,61,0,0,0,0,not_in_active_ul
975,1203,greenran_normal,2,62,0,0,0,0,not_in_active_ul
975,1203,greenran_normal,2,63,0,0,0,0,not_in_active_ul
975,1203,greenran_normal,2,64,0,0,0,0,not_in_active_ul
1118,1303,greenran_normal,0,1,1,1199894,0,0,in_active_ul
1118,1303,greenran_normal,0,2,1,1199894,0,0,in_active_ul
1118,1303,greenran_normal,0,3,1,1200005,0,0,in_active_ul
1118,1303,greenran_normal,0,4,0,0,0,0,not_in_active_ul
1118,1303,greenran_normal,0,5,1,1199962,0,0,in_active_ul
1118,1303,greenran_normal,1,6,0,0,0,0,not_in_active_ul
1118,1303,greenran_normal,1,7,0,0,0,0,not_in_active_ul
1118,1303,greenran_normal,1,8,0,0,0,0,not_in_active_ul
1118,1303,greenran_normal,1,9,0,0,0,0,not_in_active_ul
1118,1303,greenran_normal,1,10,0,0,0,0,not_in_active_ul
1118,1303,greenran_normal,1,11,0,0,0,0,not_in_active_ul
1118,1303,greenran_normal,1,12,0,0,0,0,not_in_active_ul
1118,1303,greenran_normal,1,34,0,0,0,0,not_in_active_ul
1118,1303,greenran_normal,2,35,0,0,0,0,not_in_active_ul
1118,1303,greenran_normal,2,36,0,0,0,0,not_in_active_ul
1118,1303,greenran_normal,2,37,0,0,0,0,not_in_active_ul
1118,1303,greenran_normal,2,38,0,0,0,0,not_in_active_ul
1118,1303,greenran_normal,2,39,0,0,0,0,not_in_active_ul
1118,1303,greenran_normal,2,40,0,0,0,0,not_in_active_ul
1118,1303,greenran_normal,2,41,0,0,0,0,not_in_active_ul
1118,1303,greenran_normal,2,42,0,0,0,0,not_in_active_ul
1118,1303,greenran_normal,2,43,0,0,0,0,not_in_active_ul
1118,1303,greenran_normal,2,44,0,0,0,0,not_in_active_ul
1118,1303,greenran_normal,2,55,0,0,0,0,not_in_active_ul
1118,1303,greenran_normal,2,56,0,0,0,0,not_in_active_ul
1118,1303,greenran_normal,2,57,0,0,0,0,not_in_active_ul
1118,1303,greenran_normal,2,58,0,0,0,0,not_in_active_ul
1118,1303,greenran_normal,2,59,0,0,0,0,not_in_active_ul
1118,1303,greenran_normal,2,60,0,0,0,0,not_in_active_ul
1118,1303,greenran_normal,2,61,0,0,0,0,not_in_active_ul
1118,1303,greenran_normal,2,62,0,0,0,0,not_in_active_ul
1118,1303,greenran_normal,2,63,0,0,0,0,not_in_active_ul
1118,1303,greenran_normal,2,64,0,0,0,0,not_in_active_ul
1262,1403,greenran_normal,0,1,1,1199856,0,0,in_active_ul
1262,1403,greenran_normal,0,2,1,1200005,0,0,in_active_ul
1262,1403,greenran_normal,0,3,1,1200005,0,0,in_active_ul
1262,1403,greenran_normal,0,4,0,0,0,0,not_in_active_ul
1262,1403,greenran_normal,0,5,1,1199800,0,0,in_active_ul
1262,1403,greenran_normal,1,6,0,0,0,0,not_in_active_ul
1262,1403,greenran_normal,1,7,0,0,0,0,not_in_active_ul
1262,1403,greenran_normal,1,8,0,0,0,0,not_in_active_ul
1262,1403,greenran_normal,1,9,0,0,0,0,not_in_active_ul
1262,1403,greenran_normal,1,10,0,0,0,0,not_in_active_ul
1262,1403,greenran_normal,1,11,0,0,0,0,not_in_active_ul
1262,1403,greenran_normal,1,12,0,0,0,0,not_in_active_ul
1262,1403,greenran_normal,1,34,0,0,0,0,not_in_active_ul
1262,1403,greenran_normal,2,35,0,0,0,0,not_in_active_ul
1262,1403,greenran_normal,2,36,0,0,0,0,not_in_active_ul
1262,1403,greenran_normal,2,37,0,0,0,0,not_in_active_ul
1262,1403,greenran_normal,2,38,0,0,0,0,not_in_active_ul
1262,1403,greenran_normal,2,39,0,0,0,0,not_in_active_ul
1262,1403,greenran_normal,2,40,0,0,0,0,not_in_active_ul
1262,1403,greenran_normal,2,41,0,0,0,0,not_in_active_ul
1262,1403,greenran_normal,2,42,0,0,0,0,not_in_active_ul
1262,1403,greenran_normal,2,43,0,0,0,0,not_in_active_ul
1262,1403,greenran_normal,2,44,0,0,0,0,not_in_active_ul
1262,1403,greenran_normal,2,55,0,0,0,0,not_in_active_ul
1262,1403,greenran_normal,2,56,0,0,0,0,not_in_active_ul
1262,1403,greenran_normal,2,57,0,0,0,0,not_in_active_ul
1262,1403,greenran_normal,2,58,0,0,0,0,not_in_active_ul
1262,1403,greenran_normal,2,59,0,0,0,0,not_in_active_ul
1262,1403,greenran_normal,2,60,0,0,0,0,not_in_active_ul
1262,1403,greenran_normal,2,61,0,0,0,0,not_in_active_ul
1262,1403,greenran_normal,2,62,0,0,0,0,not_in_active_ul
1262,1403,greenran_normal,2,63,0,0,0,0,not_in_active_ul
1262,1403,greenran_normal,2,64,0,0,0,0,not_in_active_ul
1406,1503,greenran_normal,0,1,1,1200005,0,0,in_active_ul
1406,1503,greenran_normal,0,2,1,1200005,0,0,in_active_ul
1406,1503,greenran_normal,0,3,1,1200005,0,0,in_active_ul
1406,1503,greenran_normal,0,4,1,1200005,0,0,in_active_ul
1406,1503,greenran_normal,0,5,1,1200005,0,0,in_active_ul
1406,1503,greenran_normal,1,6,0,0,0,0,not_in_active_ul
1406,1503,greenran_normal,1,7,0,0,0,0,not_in_active_ul
1406,1503,greenran_normal,1,8,0,0,0,0,not_in_active_ul
1406,1503,greenran_normal,1,9,0,0,0,0,not_in_active_ul
1406,1503,greenran_normal,1,10,0,0,0,0,not_in_active_ul
1406,1503,greenran_normal,1,11,0,0,0,0,not_in_active_ul
1406,1503,greenran_normal,1,12,0,0,0,0,not_in_active_ul
1406,1503,greenran_normal,1,34,0,0,0,0,not_in_active_ul
1406,1503,greenran_normal,2,35,0,0,0,0,not_in_active_ul
1406,1503,greenran_normal,2,36,0,0,0,0,not_in_active_ul
1406,1503,greenran_normal,2,37,0,0,0,0,not_in_active_ul
1406,1503,greenran_normal,2,38,0,0,0,0,not_in_active_ul
1406,1503,greenran_normal,2,39,0,0,0,0,not_in_active_ul
1406,1503,greenran_normal,2,40,0,0,0,0,not_in_active_ul
1406,1503,greenran_normal,2,41,0,0,0,0,not_in_active_ul
1406,1503,greenran_normal,2,42,0,0,0,0,not_in_active_ul
1406,1503,greenran_normal,2,43,0,0,0,0,not_in_active_ul
1406,1503,greenran_normal,2,44,0,0,0,0,not_in_active_ul
1406,1503,greenran_normal,2,55,0,0,0,0,not_in_active_ul
1406,1503,greenran_normal,2,56,0,0,0,0,not_in_active_ul
1406,1503,greenran_normal,2,57,0,0,0,0,not_in_active_ul
1406,1503,greenran_normal,2,58,0,0,0,0,not_in_active_ul
1406,1503,greenran_normal,2,59,0,0,0,0,not_in_active_ul
1406,1503,greenran_normal,2,60,0,0,0,0,not_in_active_ul
1406,1503,greenran_normal,2,61,0,0,0,0,not_in_active_ul
1406,1503,greenran_normal,2,62,0,0,0,0,not_in_active_ul
1406,1503,greenran_normal,2,63,0,0,0,0,not_in_active_ul
1406,1503,greenran_normal,2,64,0,0,0,0,not_in_active_ul
1534,1603,greenran_normal,0,1,0,0,0,0,not_in_active_ul
1534,1603,greenran_normal,0,2,0,0,0,0,not_in_active_ul
1534,1603,greenran_normal,0,3,1,1200005,0,0,in_active_ul
1534,1603,greenran_normal,0,4,1,1200005,0,0,in_active_ul
1534,1603,greenran_normal,0,5,0,0,0,0,not_in_active_ul
1534,1603,greenran_normal,1,6,0,0,0,0,not_in_active_ul
1534,1603,greenran_normal,1,7,0,0,0,0,not_in_active_ul
1534,1603,greenran_normal,1,8,0,0,0,0,not_in_active_ul
1534,1603,greenran_normal,1,9,0,0,0,0,not_in_active_ul
1534,1603,greenran_normal,1,10,0,0,0,0,not_in_active_ul
1534,1603,greenran_normal,1,11,0,0,0,0,not_in_active_ul
1534,1603,greenran_normal,1,12,0,0,0,0,not_in_active_ul
1534,1603,greenran_normal,1,34,0,0,0,0,not_in_active_ul
1534,1603,greenran_normal,2,35,0,0,0,0,not_in_active_ul
1534,1603,greenran_normal,2,36,0,0,0,0,not_in_active_ul
1534,1603,greenran_normal,2,37,0,0,0,0,not_in_active_ul
1534,1603,greenran_normal,2,38,0,0,0,0,not_in_active_ul
1534,1603,greenran_normal,2,39,0,0,0,0,not_in_active_ul
1534,1603,greenran_normal,2,40,0,0,0,0,not_in_active_ul
1534,1603,greenran_normal,2,41,0,0,0,0,not_in_active_ul
1534,1603,greenran_normal,2,42,0,0,0,0,not_in_active_ul
1534,1603,greenran_normal,2,43,0,0,0,0,not_in_active_ul
1534,1603,greenran_normal,2,44,0,0,0,0,not_in_active_ul
1534,1603,greenran_normal,2,55,0,0,0,0,not_in_active_ul
1534,1603,greenran_normal,2,56,0,0,0,0,not_in_active_ul
1534,1603,greenran_normal,2,57,0,0,0,0,not_in_active_ul
1534,1603,greenran_normal,2,58,0,0,0,0,not_in_active_ul
1534,1603,greenran_normal,2,59,0,0,0,0,not_in_active_ul
1534,1603,greenran_normal,2,60,0,0,0,0,not_in_active_ul
1534,1603,greenran_normal,2,61,0,0,0,0,not_in_active_ul
1534,1603,greenran_normal,2,62,0,0,0,0,not_in_active_ul
1534,1603,greenran_normal,2,63,0,0,0,0,not_in_active_ul
1534,1603,greenran_normal,2,64,0,0,0,0,not_in_active_ul
1676,1703,greenran_normal,0,1,1,1200005,0,0,in_active_ul
1676,1703,greenran_normal,0,2,0,0,0,0,not_in_active_ul
1676,1703,greenran_normal,0,3,1,1200005,0,0,in_active_ul
1676,1703,greenran_normal,0,4,1,1200005,0,0,in_active_ul
1676,1703,greenran_normal,0,5,1,1200005,0,0,in_active_ul
1676,1703,greenran_normal,1,6,0,0,0,0,not_in_active_ul
1676,1703,greenran_normal,1,7,0,0,0,0,not_in_active_ul
1676,1703,greenran_normal,1,8,0,0,0,0,not_in_active_ul
1676,1703,greenran_normal,1,9,0,0,0,0,not_in_active_ul
1676,1703,greenran_normal,1,10,0,0,0,0,not_in_active_ul
1676,1703,greenran_normal,1,11,0,0,0,0,not_in_active_ul
1676,1703,greenran_normal,1,12,0,0,0,0,not_in_active_ul
1676,1703,greenran_normal,1,34,0,0,0,0,not_in_active_ul
1676,1703,greenran_normal,2,35,0,0,0,0,not_in_active_ul
1676,1703,greenran_normal,2,36,0,0,0,0,not_in_active_ul
1676,1703,greenran_normal,2,37,0,0,0,0,not_in_active_ul
1676,1703,greenran_normal,2,38,0,0,0,0,not_in_active_ul
1676,1703,greenran_normal,2,39,0,0,0,0,not_in_active_ul
1676,1703,greenran_normal,2,40,0,0,0,0,not_in_active_ul
1676,1703,greenran_normal,2,41,0,0,0,0,not_in_active_ul
1676,1703,greenran_normal,2,42,0,0,0,0,not_in_active_ul
1676,1703,greenran_normal,2,43,0,0,0,0,not_in_active_ul
1676,1703,greenran_normal,2,44,0,0,0,0,not_in_active_ul
1676,1703,greenran_normal,2,55,0,0,0,0,not_in_active_ul
1676,1703,greenran_normal,2,56,0,0,0,0,not_in_active_ul
1676,1703,greenran_normal,2,57,0,0,0,0,not_in_active_ul
1676,1703,greenran_normal,2,58,0,0,0,0,not_in_active_ul
1676,1703,greenran_normal,2,59,0,0,0,0,not_in_active_ul
1676,1703,greenran_normal,2,60,0,0,0,0,not_in_active_ul
1676,1703,greenran_normal,2,61,0,0,0,0,not_in_active_ul
1676,1703,greenran_normal,2,62,0,0,0,0,not_in_active_ul
1676,1703,greenran_normal,2,63,0,0,0,0,not_in_active_ul
1676,1703,greenran_normal,2,64,0,0,0,0,not_in_active_ul
1822,1803,greenran_normal,0,1,1,1200005,0,0,in_active_ul
1822,1803,greenran_normal,0,2,1,1200005,0,0,in_active_ul
1822,1803,greenran_normal,0,3,1,1200005,0,0,in_active_ul
1822,1803,greenran_normal,0,4,1,1200005,0,0,in_active_ul
1822,1803,greenran_normal,0,5,1,1200005,0,0,in_active_ul
1822,1803,greenran_normal,1,6,0,0,0,0,not_in_active_ul
1822,1803,greenran_normal,1,7,0,0,0,0,not_in_active_ul
1822,1803,greenran_normal,1,8,0,0,0,0,not_in_active_ul
1822,1803,greenran_normal,1,9,0,0,0,0,not_in_active_ul
1822,1803,greenran_normal,1,10,0,0,0,0,not_in_active_ul
1822,1803,greenran_normal,1,11,0,0,0,0,not_in_active_ul
1822,1803,greenran_normal,1,12,0,0,0,0,not_in_active_ul
1822,1803,greenran_normal,1,34,0,0,0,0,not_in_active_ul
1822,1803,greenran_normal,2,35,0,0,0,0,not_in_active_ul
1822,1803,greenran_normal,2,36,0,0,0,0,not_in_active_ul
1822,1803,greenran_normal,2,37,0,0,0,0,not_in_active_ul
1822,1803,greenran_normal,2,38,0,0,0,0,not_in_active_ul
1822,1803,greenran_normal,2,39,0,0,0,0,not_in_active_ul
1822,1803,greenran_normal,2,40,0,0,0,0,not_in_active_ul
1822,1803,greenran_normal,2,41,0,0,0,0,not_in_active_ul
1822,1803,greenran_normal,2,42,0,0,0,0,not_in_active_ul
1822,1803,greenran_normal,2,43,0,0,0,0,not_in_active_ul
1822,1803,greenran_normal,2,44,0,0,0,0,not_in_active_ul
1822,1803,greenran_normal,2,55,0,0,0,0,not_in_active_ul
1822,1803,greenran_normal,2,56,0,0,0,0,not_in_active_ul
1822,1803,greenran_normal,2,57,0,0,0,0,not_in_active_ul
1822,1803,greenran_normal,2,58,0,0,0,0,not_in_active_ul
1822,1803,greenran_normal,2,59,0,0,0,0,not_in_active_ul
1822,1803,greenran_normal,2,60,0,0,0,0,not_in_active_ul
1822,1803,greenran_normal,2,61,0,0,0,0,not_in_active_ul
1822,1803,greenran_normal,2,62,0,0,0,0,not_in_active_ul
1822,1803,greenran_normal,2,63,0,0,0,0,not_in_active_ul
1822,1803,greenran_normal,2,64,0,0,0,0,not_in_active_ul
1961,1903,greenran_normal,0,1,0,0,0,0,not_in_active_ul
1961,1903,greenran_normal,0,2,1,1199713,0,0,in_active_ul
1961,1903,greenran_normal,0,3,1,1200005,0,0,in_active_ul
1961,1903,greenran_normal,0,4,1,1200005,0,0,in_active_ul
1961,1903,greenran_normal,0,5,1,1200005,0,0,in_active_ul
1961,1903,greenran_normal,1,6,0,0,0,0,not_in_active_ul
1961,1903,greenran_normal,1,7,0,0,0,0,not_in_active_ul
1961,1903,greenran_normal,1,8,0,0,0,0,not_in_active_ul
1961,1903,greenran_normal,1,9,0,0,0,0,not_in_active_ul
1961,1903,greenran_normal,1,10,0,0,0,0,not_in_active_ul
1961,1903,greenran_normal,1,11,0,0,0,0,not_in_active_ul
1961,1903,greenran_normal,1,12,0,0,0,0,not_in_active_ul
1961,1903,greenran_normal,1,34,0,0,0,0,not_in_active_ul
1961,1903,greenran_normal,2,35,0,0,0,0,not_in_active_ul
1961,1903,greenran_normal,2,36,0,0,0,0,not_in_active_ul
1961,1903,greenran_normal,2,37,1,51,0,0,in_active_ul
1961,1903,greenran_normal,2,38,0,0,0,0,not_in_active_ul
1961,1903,greenran_normal,2,39,0,0,0,0,not_in_active_ul
1961,1903,greenran_normal,2,40,0,0,0,0,not_in_active_ul
1961,1903,greenran_normal,2,41,0,0,0,0,not_in_active_ul
1961,1903,greenran_normal,2,42,0,0,0,0,not_in_active_ul
1961,1903,greenran_normal,2,43,0,0,0,0,not_in_active_ul
1961,1903,greenran_normal,2,44,0,0,0,0,not_in_active_ul
1961,1903,greenran_normal,2,55,0,0,0,0,not_in_active_ul
1961,1903,greenran_normal,2,56,1,51,0,0,in_active_ul
1961,1903,greenran_normal,2,57,0,0,0,0,not_in_active_ul
1961,1903,greenran_normal,2,58,0,0,0,0,not_in_active_ul
1961,1903,greenran_normal,2,59,0,0,0,0,not_in_active_ul
1961,1903,greenran_normal,2,60,0,0,0,0,not_in_active_ul
1961,1903,greenran_normal,2,61,0,0,0,0,not_in_active_ul
1961,1903,greenran_normal,2,62,0,0,0,0,not_in_active_ul
1961,1903,greenran_normal,2,63,0,0,0,0,not_in_active_ul
1961,1903,greenran_normal,2,64,0,0,0,0,not_in_active_ul
2093,2003,greenran_normal,0,1,1,1200005,0,0,in_active_ul
2093,2003,greenran_normal,0,2,1,1200005,0,0,in_active_ul
2093,2003,greenran_normal,0,3,0,0,0,0,not_in_active_ul
2093,2003,greenran_normal,0,4,1,1200005,0,0,in_active_ul
2093,2003,greenran_normal,0,5,0,0,0,0,not_in_active_ul
2093,2003,greenran_normal,1,6,0,0,0,0,not_in_active_ul
2093,2003,greenran_normal,1,7,0,0,0,0,not_in_active_ul
2093,2003,greenran_normal,1,8,0,0,0,0,not_in_active_ul
2093,2003,greenran_normal,1,9,0,0,0,0,not_in_active_ul
2093,2003,greenran_normal,1,10,0,0,0,0,not_in_active_ul
2093,2003,greenran_normal,1,11,0,0,0,0,not_in_active_ul
2093,2003,greenran_normal,1,12,0,0,0,0,not_in_active_ul
2093,2003,greenran_normal,1,34,0,0,0,0,not_in_active_ul
2093,2003,greenran_normal,2,35,0,0,0,0,not_in_active_ul
2093,2003,greenran_normal,2,36,0,0,0,0,not_in_active_ul
2093,2003,greenran_normal,2,37,0,0,0,0,not_in_active_ul
2093,2003,greenran_normal,2,38,0,0,0,0,not_in_active_ul
2093,2003,greenran_normal,2,39,0,0,0,0,not_in_active_ul
2093,2003,greenran_normal,2,40,0,0,0,0,not_in_active_ul
2093,2003,greenran_normal,2,41,0,0,0,0,not_in_active_ul
2093,2003,greenran_normal,2,42,0,0,0,0,not_in_active_ul
2093,2003,greenran_normal,2,43,0,0,0,0,not_in_active_ul
2093,2003,greenran_normal,2,44,0,0,0,0,not_in_active_ul
2093,2003,greenran_normal,2,55,0,0,0,0,not_in_active_ul
2093,2003,greenran_normal,2,56,0,0,0,0,not_in_active_ul
2093,2003,greenran_normal,2,57,0,0,0,0,not_in_active_ul
2093,2003,greenran_normal,2,58,0,0,0,0,not_in_active_ul
2093,2003,greenran_normal,2,59,0,0,0,0,not_in_active_ul
2093,2003,greenran_normal,2,60,0,0,0,0,not_in_active_ul
2093,2003,greenran_normal,2,61,0,0,0,0,not_in_active_ul
2093,2003,greenran_normal,2,62,0,0,0,0,not_in_active_ul
2093,2003,greenran_normal,2,63,0,0,0,0,not_in_active_ul
2093,2003,greenran_normal,2,64,0,0,0,0,not_in_active_ul
2243,2103,greenran_normal,0,1,0,0,0,0,not_in_active_ul
2243,2103,greenran_normal,0,2,1,1200005,0,0,in_active_ul
2243,2103,greenran_normal,0,3,1,1200005,0,0,in_active_ul
2243,2103,greenran_normal,0,4,1,1200005,0,0,in_active_ul
2243,2103,greenran_normal,0,5,1,1200005,0,0,in_active_ul
2243,2103,greenran_normal,1,6,0,0,0,0,not_in_active_ul
2243,2103,greenran_normal,1,7,0,0,0,0,not_in_active_ul
2243,2103,greenran_normal,1,8,0,0,0,0,not_in_active_ul
2243,2103,greenran_normal,1,9,0,0,0,0,not_in_active_ul
2243,2103,greenran_normal,1,10,0,0,0,0,not_in_active_ul
2243,2103,greenran_normal,1,11,0,0,0,0,not_in_active_ul
2243,2103,greenran_normal,1,12,0,0,0,0,not_in_active_ul
2243,2103,greenran_normal,1,34,0,0,0,0,not_in_active_ul
2243,2103,greenran_normal,2,35,0,0,0,0,not_in_active_ul
2243,2103,greenran_normal,2,36,0,0,0,0,not_in_active_ul
2243,2103,greenran_normal,2,37,0,0,0,0,not_in_active_ul
2243,2103,greenran_normal,2,38,0,0,0,0,not_in_active_ul
2243,2103,greenran_normal,2,39,0,0,0,0,not_in_active_ul
2243,2103,greenran_normal,2,40,0,0,0,0,not_in_active_ul
2243,2103,greenran_normal,2,41,0,0,0,0,not_in_active_ul
2243,2103,greenran_normal,2,42,0,0,0,0,not_in_active_ul
2243,2103,greenran_normal,2,43,0,0,0,0,not_in_active_ul
2243,2103,greenran_normal,2,44,0,0,0,0,not_in_active_ul
2243,2103,greenran_normal,2,55,0,0,0,0,not_in_active_ul
2243,2103,greenran_normal,2,56,0,0,0,0,not_in_active_ul
2243,2103,greenran_normal,2,57,0,0,0,0,not_in_active_ul
2243,2103,greenran_normal,2,58,0,0,0,0,not_in_active_ul
2243,2103,greenran_normal,2,59,0,0,0,0,not_in_active_ul
2243,2103,greenran_normal,2,60,0,0,0,0,not_in_active_ul
2243,2103,greenran_normal,2,61,0,0,0,0,not_in_active_ul
2243,2103,greenran_normal,2,62,0,0,0,0,not_in_active_ul
2243,2103,greenran_normal,2,63,0,0,0,0,not_in_active_ul
2243,2103,greenran_normal,2,64,0,0,0,0,not_in_active_ul
2403,2204,greenran_normal,0,1,1,1200005,0,0,in_active_ul
2403,2204,greenran_normal,0,2,1,1200005,0,0,in_active_ul
2403,2204,greenran_normal,0,3,1,1200005,0,0,in_active_ul
2403,2204,greenran_normal,0,4,0,0,0,0,not_in_active_ul
2403,2204,greenran_normal,0,5,1,1200005,0,0,in_active_ul
2403,2204,greenran_normal,1,6,0,0,0,0,not_in_active_ul
2403,2204,greenran_normal,1,7,0,0,0,0,not_in_active_ul
2403,2204,greenran_normal,1,8,0,0,0,0,not_in_active_ul
2403,2204,greenran_normal,1,9,0,0,0,0,not_in_active_ul
2403,2204,greenran_normal,1,10,0,0,0,0,not_in_active_ul
2403,2204,greenran_normal,1,11,0,0,0,0,not_in_active_ul
2403,2204,greenran_normal,1,12,0,0,0,0,not_in_active_ul
2403,2204,greenran_normal,1,34,0,0,0,0,not_in_active_ul
2403,2204,greenran_normal,2,35,0,0,0,0,not_in_active_ul
2403,2204,greenran_normal,2,36,0,0,0,0,not_in_active_ul
2403,2204,greenran_normal,2,37,0,0,0,0,not_in_active_ul
2403,2204,greenran_normal,2,38,0,0,0,0,not_in_active_ul
2403,2204,greenran_normal,2,39,0,0,0,0,not_in_active_ul
2403,2204,greenran_normal,2,40,0,0,0,0,not_in_active_ul
2403,2204,greenran_normal,2,41,0,0,0,0,not_in_active_ul
2403,2204,greenran_normal,2,42,0,0,0,0,not_in_active_ul
2403,2204,greenran_normal,2,43,0,0,0,0,not_in_active_ul
2403,2204,greenran_normal,2,44,0,0,0,0,not_in_active_ul
2403,2204,greenran_normal,2,55,0,0,0,0,not_in_active_ul
2403,2204,greenran_normal,2,56,0,0,0,0,not_in_active_ul
2403,2204,greenran_normal,2,57,0,0,0,0,not_in_active_ul
2403,2204,greenran_normal,2,58,0,0,0,0,not_in_active_ul
2403,2204,greenran_normal,2,59,0,0,0,0,not_in_active_ul
2403,2204,greenran_normal,2,60,0,0,0,0,not_in_active_ul
2403,2204,greenran_normal,2,61,0,0,0,0,not_in_active_ul
2403,2204,greenran_normal,2,62,0,0,0,0,not_in_active_ul
2403,2204,greenran_normal,2,63,0,0,0,0,not_in_active_ul
2403,2204,greenran_normal,2,64,0,0,0,0,not_in_active_ul
2533,2304,greenran_normal,0,1,1,1200005,0,0,in_active_ul
2533,2304,greenran_normal,0,2,1,1200005,0,0,in_active_ul
2533,2304,greenran_normal,0,3,1,1200005,0,0,in_active_ul
2533,2304,greenran_normal,0,4,1,1199843,0,0,in_active_ul
2533,2304,greenran_normal,0,5,1,1200005,0,0,in_active_ul
2533,2304,greenran_normal,1,6,0,0,0,0,not_in_active_ul
2533,2304,greenran_normal,1,7,0,0,0,0,not_in_active_ul
2533,2304,greenran_normal,1,8,0,0,0,0,not_in_active_ul
2533,2304,greenran_normal,1,9,0,0,0,0,not_in_active_ul
2533,2304,greenran_normal,1,10,0,0,0,0,not_in_active_ul
2533,2304,greenran_normal,1,11,0,0,0,0,not_in_active_ul
2533,2304,greenran_normal,1,12,0,0,0,0,not_in_active_ul
2533,2304,greenran_normal,1,34,0,0,0,0,not_in_active_ul
2533,2304,greenran_normal,2,35,0,0,0,0,not_in_active_ul
2533,2304,greenran_normal,2,36,0,0,0,0,not_in_active_ul
2533,2304,greenran_normal,2,37,1,34,0,0,in_active_ul
2533,2304,greenran_normal,2,38,0,0,0,0,not_in_active_ul
2533,2304,greenran_normal,2,39,0,0,0,0,not_in_active_ul
2533,2304,greenran_normal,2,40,0,0,0,0,not_in_active_ul
2533,2304,greenran_normal,2,41,0,0,0,0,not_in_active_ul
2533,2304,greenran_normal,2,42,0,0,0,0,not_in_active_ul
2533,2304,greenran_normal,2,43,0,0,0,0,not_in_active_ul
2533,2304,greenran_normal,2,44,0,0,0,0,not_in_active_ul
2533,2304,greenran_normal,2,55,0,0,0,0,not_in_active_ul
2533,2304,greenran_normal,2,56,0,0,0,0,not_in_active_ul
2533,2304,greenran_normal,2,57,0,0,0,0,not_in_active_ul
2533,2304,greenran_normal,2,58,0,0,0,0,not_in_active_ul
2533,2304,greenran_normal,2,59,0,0,0,0,not_in_active_ul
2533,2304,greenran_normal,2,60,0,0,0,0,not_in_active_ul
2533,2304,greenran_normal,2,61,0,0,0,0,not_in_active_ul
2533,2304,greenran_normal,2,62,0,0,0,0,not_in_active_ul
2533,2304,greenran_normal,2,63,0,0,0,0,not_in_active_ul
2533,2304,greenran_normal,2,64,0,0,0,0,not_in_active_ul
2653,2404,greenran_normal,0,1,1,1199925,0,0,in_active_ul
2653,2404,greenran_normal,0,2,1,1199946,0,0,in_active_ul
2653,2404,greenran_normal,0,3,1,1200005,0,0,in_active_ul
2653,2404,greenran_normal,0,4,0,0,0,0,not_in_active_ul
2653,2404,greenran_normal,0,5,1,1199819,0,0,in_active_ul
2653,2404,greenran_normal,1,6,0,0,0,0,not_in_active_ul
2653,2404,greenran_normal,1,7,0,0,0,0,not_in_active_ul
2653,2404,greenran_normal,1,8,0,0,0,0,not_in_active_ul
2653,2404,greenran_normal,1,9,0,0,0,0,not_in_active_ul
2653,2404,greenran_normal,1,10,0,0,0,0,not_in_active_ul
2653,2404,greenran_normal,1,11,0,0,0,0,not_in_active_ul
2653,2404,greenran_normal,1,12,0,0,0,0,not_in_active_ul
2653,2404,greenran_normal,1,34,0,0,0,0,not_in_active_ul
2653,2404,greenran_normal,2,35,0,0,0,0,not_in_active_ul
2653,2404,greenran_normal,2,36,0,0,0,0,not_in_active_ul
2653,2404,greenran_normal,2,37,0,0,0,0,not_in_active_ul
2653,2404,greenran_normal,2,38,0,0,0,0,not_in_active_ul
2653,2404,greenran_normal,2,39,0,0,0,0,not_in_active_ul
2653,2404,greenran_normal,2,40,0,0,0,0,not_in_active_ul
2653,2404,greenran_normal,2,41,0,0,0,0,not_in_active_ul
2653,2404,greenran_normal,2,42,0,0,0,0,not_in_active_ul
2653,2404,greenran_normal,2,43,0,0,0,0,not_in_active_ul
2653,2404,greenran_normal,2,44,0,0,0,0,not_in_active_ul
2653,2404,greenran_normal,2,55,0,0,0,0,not_in_active_ul
2653,2404,greenran_normal,2,56,0,0,0,0,not_in_active_ul
2653,2404,greenran_normal,2,57,0,0,0,0,not_in_active_ul
2653,2404,greenran_normal,2,58,0,0,0,0,not_in_active_ul
2653,2404,greenran_normal,2,59,0,0,0,0,not_in_active_ul
2653,2404,greenran_normal,2,60,0,0,0,0,not_in_active_ul
2653,2404,greenran_normal,2,61,0,0,0,0,not_in_active_ul
2653,2404,greenran_normal,2,62,0,0,0,0,not_in_active_ul
2653,2404,greenran_normal,2,63,0,0,0,0,not_in_active_ul
2653,2404,greenran_normal,2,64,0,0,0,0,not_in_active_ul
2791,2504,greenran_normal,0,1,1,1200005,0,0,in_active_ul
2791,2504,greenran_normal,0,2,1,1199949,0,0,in_active_ul
2791,2504,greenran_normal,0,3,1,1200005,0,0,in_active_ul
2791,2504,greenran_normal,0,4,1,1200005,0,0,in_active_ul
2791,2504,greenran_normal,0,5,1,1199876,0,0,in_active_ul
2791,2504,greenran_normal,1,6,0,0,0,0,not_in_active_ul
2791,2504,greenran_normal,1,7,0,0,0,0,not_in_active_ul
2791,2504,greenran_normal,1,8,0,0,0,0,not_in_active_ul
2791,2504,greenran_normal,1,9,0,0,0,0,not_in_active_ul
2791,2504,greenran_normal,1,10,0,0,0,0,not_in_active_ul
2791,2504,greenran_normal,1,11,0,0,0,0,not_in_active_ul
2791,2504,greenran_normal,1,12,0,0,0,0,not_in_active_ul
2791,2504,greenran_normal,1,34,0,0,0,0,not_in_active_ul
2791,2504,greenran_normal,2,35,0,0,0,0,not_in_active_ul
2791,2504,greenran_normal,2,36,0,0,0,0,not_in_active_ul
2791,2504,greenran_normal,2,37,1,203,0,0,in_active_ul
2791,2504,greenran_normal,2,38,0,0,0,0,not_in_active_ul
2791,2504,greenran_normal,2,39,0,0,0,0,not_in_active_ul
2791,2504,greenran_normal,2,40,0,0,0,0,not_in_active_ul
2791,2504,greenran_normal,2,41,0,0,0,0,not_in_active_ul
2791,2504,greenran_normal,2,42,0,0,0,0,not_in_active_ul
2791,2504,greenran_normal,2,43,0,0,0,0,not_in_active_ul
2791,2504,greenran_normal,2,44,0,0,0,0,not_in_active_ul
2791,2504,greenran_normal,2,55,0,0,0,0,not_in_active_ul
2791,2504,greenran_normal,2,56,0,0,0,0,not_in_active_ul
2791,2504,greenran_normal,2,57,0,0,0,0,not_in_active_ul
2791,2504,greenran_normal,2,58,0,0,0,0,not_in_active_ul
2791,2504,greenran_normal,2,59,0,0,0,0,not_in_active_ul
2791,2504,greenran_normal,2,60,0,0,0,0,not_in_active_ul
2791,2504,greenran_normal,2,61,0,0,0,0,not_in_active_ul
2791,2504,greenran_normal,2,62,0,0,0,0,not_in_active_ul
2791,2504,greenran_normal,2,63,0,0,0,0,not_in_active_ul
2791,2504,greenran_normal,2,64,0,0,0,0,not_in_active_ul
2928,2604,greenran_normal,0,1,1,1199843,0,0,in_active_ul
2928,2604,greenran_normal,0,2,1,1199636,0,0,in_active_ul
2928,2604,greenran_normal,0,3,1,1198667,0,0,in_active_ul
2928,2604,greenran_normal,0,4,0,0,0,0,not_in_active_ul
2928,2604,greenran_normal,0,5,1,1199596,0,0,in_active_ul
2928,2604,greenran_normal,1,6,0,0,0,0,not_in_active_ul
2928,2604,greenran_normal,1,7,0,0,0,0,not_in_active_ul
2928,2604,greenran_normal,1,8,0,0,0,0,not_in_active_ul
2928,2604,greenran_normal,1,9,0,0,0,0,not_in_active_ul
2928,2604,greenran_normal,1,10,0,0,0,0,not_in_active_ul
2928,2604,greenran_normal,1,11,0,0,0,0,not_in_active_ul
2928,2604,greenran_normal,1,12,0,0,0,0,not_in_active_ul
2928,2604,greenran_normal,1,34,0,0,0,0,not_in_active_ul
2928,2604,greenran_normal,2,35,0,0,0,0,not_in_active_ul
2928,2604,greenran_normal,2,36,0,0,0,0,not_in_active_ul
2928,2604,greenran_normal,2,37,0,0,0,0,not_in_active_ul
2928,2604,greenran_normal,2,38,0,0,0,0,not_in_active_ul
2928,2604,greenran_normal,2,39,0,0,0,0,not_in_active_ul
2928,2604,greenran_normal,2,40,0,0,0,0,not_in_active_ul
2928,2604,greenran_normal,2,41,0,0,0,0,not_in_active_ul
2928,2604,greenran_normal,2,42,0,0,0,0,not_in_active_ul
2928,2604,greenran_normal,2,43,0,0,0,0,not_in_active_ul
2928,2604,greenran_normal,2,44,0,0,0,0,not_in_active_ul
2928,2604,greenran_normal,2,55,0,0,0,0,not_in_active_ul
2928,2604,greenran_normal,2,56,0,0,0,0,not_in_active_ul
2928,2604,greenran_normal,2,57,0,0,0,0,not_in_active_ul
2928,2604,greenran_normal,2,58,0,0,0,0,not_in_active_ul
2928,2604,greenran_normal,2,59,0,0,0,0,not_in_active_ul
2928,2604,greenran_normal,2,60,0,0,0,0,not_in_active_ul
2928,2604,greenran_normal,2,61,0,0,0,0,not_in_active_ul
2928,2604,greenran_normal,2,62,0,0,0,0,not_in_active_ul
2928,2604,greenran_normal,2,63,0,0,0,0,not_in_active_ul
2928,2604,greenran_normal,2,64,0,0,0,0,not_in_active_ul
3085,2704,greenran_normal,0,1,0,0,0,0,not_in_active_ul
3085,2704,greenran_normal,0,2,1,1199795,0,0,in_active_ul
3085,2704,greenran_normal,0,3,1,1197351,0,0,in_active_ul
3085,2704,greenran_normal,0,4,1,1199900,0,0,in_active_ul
3085,2704,greenran_normal,0,5,1,1200005,0,0,in_active_ul
3085,2704,greenran_normal,1,6,0,0,0,0,not_in_active_ul
3085,2704,greenran_normal,1,7,0,0,0,0,not_in_active_ul
3085,2704,greenran_normal,1,8,0,0,0,0,not_in_active_ul
3085,2704,greenran_normal,1,9,0,0,0,0,not_in_active_ul
3085,2704,greenran_normal,1,10,0,0,0,0,not_in_active_ul
3085,2704,greenran_normal,1,11,0,0,0,0,not_in_active_ul
3085,2704,greenran_normal,1,12,0,0,0,0,not_in_active_ul
3085,2704,greenran_normal,1,34,0,0,0,0,not_in_active_ul
3085,2704,greenran_normal,2,35,0,0,0,0,not_in_active_ul
3085,2704,greenran_normal,2,36,0,0,0,0,not_in_active_ul
3085,2704,greenran_normal,2,37,1,79,0,0,in_active_ul
3085,2704,greenran_normal,2,38,0,0,0,0,not_in_active_ul
3085,2704,greenran_normal,2,39,0,0,0,0,not_in_active_ul
3085,2704,greenran_normal,2,40,0,0,0,0,not_in_active_ul
3085,2704,greenran_normal,2,41,0,0,0,0,not_in_active_ul
3085,2704,greenran_normal,2,42,0,0,0,0,not_in_active_ul
3085,2704,greenran_normal,2,43,0,0,0,0,not_in_active_ul
3085,2704,greenran_normal,2,44,0,0,0,0,not_in_active_ul
3085,2704,greenran_normal,2,55,0,0,0,0,not_in_active_ul
3085,2704,greenran_normal,2,56,0,0,0,0,not_in_active_ul
3085,2704,greenran_normal,2,57,0,0,0,0,not_in_active_ul
3085,2704,greenran_normal,2,58,0,0,0,0,not_in_active_ul
3085,2704,greenran_normal,2,59,0,0,0,0,not_in_active_ul
3085,2704,greenran_normal,2,60,0,0,0,0,not_in_active_ul
3085,2704,greenran_normal,2,61,0,0,0,0,not_in_active_ul
3085,2704,greenran_normal,2,62,0,0,0,0,not_in_active_ul
3085,2704,greenran_normal,2,63,0,0,0,0,not_in_active_ul
3085,2704,greenran_normal,2,64,0,0,0,0,not_in_active_ul
3244,2804,greenran_normal,0,1,0,0,0,0,not_in_active_ul
3244,2804,greenran_normal,0,2,0,0,0,0,not_in_active_ul
3244,2804,greenran_normal,0,3,1,1200005,0,0,in_active_ul
3244,2804,greenran_normal,0,4,0,0,0,0,not_in_active_ul
3244,2804,greenran_normal,0,5,1,1200005,0,0,in_active_ul
3244,2804,greenran_normal,1,6,0,0,0,0,not_in_active_ul
3244,2804,greenran_normal,1,7,0,0,0,0,not_in_active_ul
3244,2804,greenran_normal,1,8,0,0,0,0,not_in_active_ul
3244,2804,greenran_normal,1,9,0,0,0,0,not_in_active_ul
3244,2804,greenran_normal,1,10,0,0,0,0,not_in_active_ul
3244,2804,greenran_normal,1,11,0,0,0,0,not_in_active_ul
3244,2804,greenran_normal,1,12,0,0,0,0,not_in_active_ul
3244,2804,greenran_normal,1,34,0,0,0,0,not_in_active_ul
3244,2804,greenran_normal,2,35,0,0,0,0,not_in_active_ul
3244,2804,greenran_normal,2,36,0,0,0,0,not_in_active_ul
3244,2804,greenran_normal,2,37,1,203,0,0,in_active_ul
3244,2804,greenran_normal,2,38,0,0,0,0,not_in_active_ul
3244,2804,greenran_normal,2,39,0,0,0,0,not_in_active_ul
3244,2804,greenran_normal,2,40,0,0,0,0,not_in_active_ul
3244,2804,greenran_normal,2,41,0,0,0,0,not_in_active_ul
3244,2804,greenran_normal,2,42,0,0,0,0,not_in_active_ul
3244,2804,greenran_normal,2,43,0,0,0,0,not_in_active_ul
3244,2804,greenran_normal,2,44,0,0,0,0,not_in_active_ul
3244,2804,greenran_normal,2,55,0,0,0,0,not_in_active_ul
3244,2804,greenran_normal,2,56,0,0,0,0,not_in_active_ul
3244,2804,greenran_normal,2,57,0,0,0,0,not_in_active_ul
3244,2804,greenran_normal,2,58,0,0,0,0,not_in_active_ul
3244,2804,greenran_normal,2,59,0,0,0,0,not_in_active_ul
3244,2804,greenran_normal,2,60,0,0,0,0,not_in_active_ul
3244,2804,greenran_normal,2,61,0,0,0,0,not_in_active_ul
3244,2804,greenran_normal,2,62,0,0,0,0,not_in_active_ul
3244,2804,greenran_normal,2,63,0,0,0,0,not_in_active_ul
3244,2804,greenran_normal,2,64,0,0,0,0,not_in_active_ul
3396,2904,greenran_normal,0,1,1,1200005,0,0,in_active_ul
3396,2904,greenran_normal,0,2,1,1200005,0,0,in_active_ul
3396,2904,greenran_normal,0,3,1,1200005,0,0,in_active_ul
3396,2904,greenran_normal,0,4,0,0,0,0,not_in_active_ul
3396,2904,greenran_normal,0,5,1,1200005,0,0,in_active_ul
3396,2904,greenran_normal,1,6,0,0,0,0,not_in_active_ul
3396,2904,greenran_normal,1,7,0,0,0,0,not_in_active_ul
3396,2904,greenran_normal,1,8,0,0,0,0,not_in_active_ul
3396,2904,greenran_normal,1,9,0,0,0,0,not_in_active_ul
3396,2904,greenran_normal,1,10,0,0,0,0,not_in_active_ul
3396,2904,greenran_normal,1,11,0,0,0,0,not_in_active_ul
3396,2904,greenran_normal,1,12,0,0,0,0,not_in_active_ul
3396,2904,greenran_normal,1,34,0,0,0,0,not_in_active_ul
3396,2904,greenran_normal,2,35,0,0,0,0,not_in_active_ul
3396,2904,greenran_normal,2,36,0,0,0,0,not_in_active_ul
3396,2904,greenran_normal,2,37,1,281,0,0,in_active_ul
3396,2904,greenran_normal,2,38,0,0,0,0,not_in_active_ul
3396,2904,greenran_normal,2,39,0,0,0,0,not_in_active_ul
3396,2904,greenran_normal,2,40,0,0,0,0,not_in_active_ul
3396,2904,greenran_normal,2,41,0,0,0,0,not_in_active_ul
3396,2904,greenran_normal,2,42,0,0,0,0,not_in_active_ul
3396,2904,greenran_normal,2,43,0,0,0,0,not_in_active_ul
3396,2904,greenran_normal,2,44,0,0,0,0,not_in_active_ul
3396,2904,greenran_normal,2,55,0,0,0,0,not_in_active_ul
3396,2904,greenran_normal,2,56,0,0,0,0,not_in_active_ul
3396,2904,greenran_normal,2,57,0,0,0,0,not_in_active_ul
3396,2904,greenran_normal,2,58,0,0,0,0,not_in_active_ul
3396,2904,greenran_normal,2,59,0,0,0,0,not_in_active_ul
3396,2904,greenran_normal,2,60,0,0,0,0,not_in_active_ul
3396,2904,greenran_normal,2,61,0,0,0,0,not_in_active_ul
3396,2904,greenran_normal,2,62,0,0,0,0,not_in_active_ul
3396,2904,greenran_normal,2,63,0,0,0,0,not_in_active_ul
3396,2904,greenran_normal,2,64,0,0,0,0,not_in_active_ul
3544,3004,greenran_normal,0,1,1,1200005,0,0,in_active_ul
3544,3004,greenran_normal,0,2,1,1199973,0,0,in_active_ul
3544,3004,greenran_normal,0,3,1,1200005,0,0,in_active_ul
3544,3004,greenran_normal,0,4,0,0,0,0,not_in_active_ul
3544,3004,greenran_normal,0,5,1,1199922,0,0,in_active_ul
3544,3004,greenran_normal,1,6,0,0,0,0,not_in_active_ul
3544,3004,greenran_normal,1,7,0,0,0,0,not_in_active_ul
3544,3004,greenran_normal,1,8,0,0,0,0,not_in_active_ul
3544,3004,greenran_normal,1,9,0,0,0,0,not_in_active_ul
3544,3004,greenran_normal,1,10,0,0,0,0,not_in_active_ul
3544,3004,greenran_normal,1,11,0,0,0,0,not_in_active_ul
3544,3004,greenran_normal,1,12,0,0,0,0,not_in_active_ul
3544,3004,greenran_normal,1,34,0,0,0,0,not_in_active_ul
3544,3004,greenran_normal,2,35,0,0,0,0,not_in_active_ul
3544,3004,greenran_normal,2,36,0,0,0,0,not_in_active_ul
3544,3004,greenran_normal,2,37,0,0,0,0,not_in_active_ul
3544,3004,greenran_normal,2,38,0,0,0,0,not_in_active_ul
3544,3004,greenran_normal,2,39,0,0,0,0,not_in_active_ul
3544,3004,greenran_normal,2,40,0,0,0,0,not_in_active_ul
3544,3004,greenran_normal,2,41,0,0,0,0,not_in_active_ul
3544,3004,greenran_normal,2,42,0,0,0,0,not_in_active_ul
3544,3004,greenran_normal,2,43,0,0,0,0,not_in_active_ul
3544,3004,greenran_normal,2,44,0,0,0,0,not_in_active_ul
3544,3004,greenran_normal,2,55,0,0,0,0,not_in_active_ul
3544,3004,greenran_normal,2,56,0,0,0,0,not_in_active_ul
3544,3004,greenran_normal,2,57,0,0,0,0,not_in_active_ul
3544,3004,greenran_normal,2,58,0,0,0,0,not_in_active_ul
3544,3004,greenran_normal,2,59,0,0,0,0,not_in_active_ul
3544,3004,greenran_normal,2,60,0,0,0,0,not_in_active_ul
3544,3004,greenran_normal,2,61,0,0,0,0,not_in_active_ul
3544,3004,greenran_normal,2,62,0,0,0,0,not_in_active_ul
3544,3004,greenran_normal,2,63,0,0,0,0,not_in_active_ul
3544,3004,greenran_normal,2,64,0,0,0,0,not_in_active_ul
3686,3104,greenran_normal,0,1,1,1199294,0,0,in_active_ul
3686,3104,greenran_normal,0,2,1,1199109,0,0,in_active_ul
3686,3104,greenran_normal,0,3,1,1198591,0,0,in_active_ul
3686,3104,greenran_normal,0,4,1,1200005,0,0,in_active_ul
3686,3104,greenran_normal,0,5,1,1200005,0,0,in_active_ul
3686,3104,greenran_normal,1,6,0,0,0,0,not_in_active_ul
3686,3104,greenran_normal,1,7,0,0,0,0,not_in_active_ul
3686,3104,greenran_normal,1,8,0,0,0,0,not_in_active_ul
3686,3104,greenran_normal,1,9,0,0,0,0,not_in_active_ul
3686,3104,greenran_normal,1,10,0,0,0,0,not_in_active_ul
3686,3104,greenran_normal,1,11,0,0,0,0,not_in_active_ul
3686,3104,greenran_normal,1,12,0,0,0,0,not_in_active_ul
3686,3104,greenran_normal,1,34,0,0,0,0,not_in_active_ul
3686,3104,greenran_normal,2,35,0,0,0,0,not_in_active_ul
3686,3104,greenran_normal,2,36,0,0,0,0,not_in_active_ul
3686,3104,greenran_normal,2,37,0,0,0,0,not_in_active_ul
3686,3104,greenran_normal,2,38,0,0,0,0,not_in_active_ul
3686,3104,greenran_normal,2,39,0,0,0,0,not_in_active_ul
3686,3104,greenran_normal,2,40,0,0,0,0,not_in_active_ul
3686,3104,greenran_normal,2,41,0,0,0,0,not_in_active_ul
3686,3104,greenran_normal,2,42,0,0,0,0,not_in_active_ul
3686,3104,greenran_normal,2,43,0,0,0,0,not_in_active_ul
3686,3104,greenran_normal,2,44,0,0,0,0,not_in_active_ul
3686,3104,greenran_normal,2,55,0,0,0,0,not_in_active_ul
3686,3104,greenran_normal,2,56,0,0,0,0,not_in_active_ul
3686,3104,greenran_normal,2,57,0,0,0,0,not_in_active_ul
3686,3104,greenran_normal,2,58,0,0,0,0,not_in_active_ul
3686,3104,greenran_normal,2,59,0,0,0,0,not_in_active_ul
3686,3104,greenran_normal,2,60,0,0,0,0,not_in_active_ul
3686,3104,greenran_normal,2,61,0,0,0,0,not_in_active_ul
3686,3104,greenran_normal,2,62,0,0,0,0,not_in_active_ul
3686,3104,greenran_normal,2,63,0,0,0,0,not_in_active_ul
3686,3104,greenran_normal,2,64,0,0,0,0,not_in_active_ul
3831,3204,greenran_normal,0,1,0,0,0,0,not_in_active_ul
3831,3204,greenran_normal,0,2,1,1200005,0,0,in_active_ul
3831,3204,greenran_normal,0,3,1,1200005,0,0,in_active_ul
3831,3204,greenran_normal,0,4,0,0,0,0,not_in_active_ul
3831,3204,greenran_normal,0,5,1,1200005,0,0,in_active_ul
3831,3204,greenran_normal,1,6,0,0,0,0,not_in_active_ul
3831,3204,greenran_normal,1,7,0,0,0,0,not_in_active_ul
3831,3204,greenran_normal,1,8,0,0,0,0,not_in_active_ul
3831,3204,greenran_normal,1,9,0,0,0,0,not_in_active_ul
3831,3204,greenran_normal,1,10,0,0,0,0,not_in_active_ul
3831,3204,greenran_normal,1,11,0,0,0,0,not_in_active_ul
3831,3204,greenran_normal,1,12,0,0,0,0,not_in_active_ul
3831,3204,greenran_normal,1,34,0,0,0,0,not_in_active_ul
3831,3204,greenran_normal,2,35,0,0,0,0,not_in_active_ul
3831,3204,greenran_normal,2,36,0,0,0,0,not_in_active_ul
3831,3204,greenran_normal,2,37,1,147,0,0,in_active_ul
3831,3204,greenran_normal,2,38,0,0,0,0,not_in_active_ul
3831,3204,greenran_normal,2,39,0,0,0,0,not_in_active_ul
3831,3204,greenran_normal,2,40,0,0,0,0,not_in_active_ul
3831,3204,greenran_normal,2,41,0,0,0,0,not_in_active_ul
3831,3204,greenran_normal,2,42,0,0,0,0,not_in_active_ul
3831,3204,greenran_normal,2,43,0,0,0,0,not_in_active_ul
3831,3204,greenran_normal,2,44,0,0,0,0,not_in_active_ul
3831,3204,greenran_normal,2,55,0,0,0,0,not_in_active_ul
3831,3204,greenran_normal,2,56,0,0,0,0,not_in_active_ul
3831,3204,greenran_normal,2,57,0,0,0,0,not_in_active_ul
3831,3204,greenran_normal,2,58,0,0,0,0,not_in_active_ul
3831,3204,greenran_normal,2,59,0,0,0,0,not_in_active_ul
3831,3204,greenran_normal,2,60,0,0,0,0,not_in_active_ul
3831,3204,greenran_normal,2,61,0,0,0,0,not_in_active_ul
3831,3204,greenran_normal,2,62,0,0,0,0,not_in_active_ul
3831,3204,greenran_normal,2,63,0,0,0,0,not_in_active_ul
3831,3204,greenran_normal,2,64,0,0,0,0,not_in_active_ul
3983,3304,greenran_normal,0,1,1,1200005,0,0,in_active_ul
3983,3304,greenran_normal,0,2,1,1199992,0,0,in_active_ul
3983,3304,greenran_normal,0,3,1,1200005,0,0,in_active_ul
3983,3304,greenran_normal,0,4,1,1199992,0,0,in_active_ul
3983,3304,greenran_normal,0,5,1,1199992,0,0,in_active_ul
3983,3304,greenran_normal,1,6,0,0,0,0,not_in_active_ul
3983,3304,greenran_normal,1,7,0,0,0,0,not_in_active_ul
3983,3304,greenran_normal,1,8,0,0,0,0,not_in_active_ul
3983,3304,greenran_normal,1,9,0,0,0,0,not_in_active_ul
3983,3304,greenran_normal,1,10,0,0,0,0,not_in_active_ul
3983,3304,greenran_normal,1,11,0,0,0,0,not_in_active_ul
3983,3304,greenran_normal,1,12,0,0,0,0,not_in_active_ul
3983,3304,greenran_normal,1,34,0,0,0,0,not_in_active_ul
3983,3304,greenran_normal,2,35,0,0,0,0,not_in_active_ul
3983,3304,greenran_normal,2,36,0,0,0,0,not_in_active_ul
3983,3304,greenran_normal,2,37,1,203,0,0,in_active_ul
3983,3304,greenran_normal,2,38,0,0,0,0,not_in_active_ul
3983,3304,greenran_normal,2,39,0,0,0,0,not_in_active_ul
3983,3304,greenran_normal,2,40,0,0,0,0,not_in_active_ul
3983,3304,greenran_normal,2,41,0,0,0,0,not_in_active_ul
3983,3304,greenran_normal,2,42,0,0,0,0,not_in_active_ul
3983,3304,greenran_normal,2,43,0,0,0,0,not_in_active_ul
3983,3304,greenran_normal,2,44,0,0,0,0,not_in_active_ul
3983,3304,greenran_normal,2,55,0,0,0,0,not_in_active_ul
3983,3304,greenran_normal,2,56,0,0,0,0,not_in_active_ul
3983,3304,greenran_normal,2,57,0,0,0,0,not_in_active_ul
3983,3304,greenran_normal,2,58,0,0,0,0,not_in_active_ul
3983,3304,greenran_normal,2,59,0,0,0,0,not_in_active_ul
3983,3304,greenran_normal,2,60,0,0,0,0,not_in_active_ul
3983,3304,greenran_normal,2,61,0,0,0,0,not_in_active_ul
3983,3304,greenran_normal,2,62,0,0,0,0,not_in_active_ul
3983,3304,greenran_normal,2,63,0,0,0,0,not_in_active_ul
3983,3304,greenran_normal,2,64,0,0,0,0,not_in_active_ul
4130,3404,greenran_normal,0,1,1,1200005,0,0,in_active_ul
4130,3404,greenran_normal,0,2,1,1200005,0,0,in_active_ul
4130,3404,greenran_normal,0,3,1,1200005,0,0,in_active_ul
4130,3404,greenran_normal,0,4,0,0,0,0,not_in_active_ul
4130,3404,greenran_normal,0,5,1,1200005,0,0,in_active_ul
4130,3404,greenran_normal,1,6,0,0,0,0,not_in_active_ul
4130,3404,greenran_normal,1,7,0,0,0,0,not_in_active_ul
4130,3404,greenran_normal,1,8,0,0,0,0,not_in_active_ul
4130,3404,greenran_normal,1,9,0,0,0,0,not_in_active_ul
4130,3404,greenran_normal,1,10,0,0,0,0,not_in_active_ul
4130,3404,greenran_normal,1,11,0,0,0,0,not_in_active_ul
4130,3404,greenran_normal,1,12,0,0,0,0,not_in_active_ul
4130,3404,greenran_normal,1,34,0,0,0,0,not_in_active_ul
4130,3404,greenran_normal,2,35,0,0,0,0,not_in_active_ul
4130,3404,greenran_normal,2,36,0,0,0,0,not_in_active_ul
4130,3404,greenran_normal,2,37,0,0,0,0,not_in_active_ul
4130,3404,greenran_normal,2,38,0,0,0,0,not_in_active_ul
4130,3404,greenran_normal,2,39,0,0,0,0,not_in_active_ul
4130,3404,greenran_normal,2,40,0,0,0,0,not_in_active_ul
4130,3404,greenran_normal,2,41,0,0,0,0,not_in_active_ul
4130,3404,greenran_normal,2,42,0,0,0,0,not_in_active_ul
4130,3404,greenran_normal,2,43,0,0,0,0,not_in_active_ul
4130,3404,greenran_normal,2,44,0,0,0,0,not_in_active_ul
4130,3404,greenran_normal,2,55,0,0,0,0,not_in_active_ul
4130,3404,greenran_normal,2,56,0,0,0,0,not_in_active_ul
4130,3404,greenran_normal,2,57,0,0,0,0,not_in_active_ul
4130,3404,greenran_normal,2,58,0,0,0,0,not_in_active_ul
4130,3404,greenran_normal,2,59,0,0,0,0,not_in_active_ul
4130,3404,greenran_normal,2,60,0,0,0,0,not_in_active_ul
4130,3404,greenran_normal,2,61,0,0,0,0,not_in_active_ul
4130,3404,greenran_normal,2,62,0,0,0,0,not_in_active_ul
4130,3404,greenran_normal,2,63,0,0,0,0,not_in_active_ul
4130,3404,greenran_normal,2,64,0,0,0,0,not_in_active_ul
4259,3504,greenran_normal,0,1,1,1200005,0,0,in_active_ul
4259,3504,greenran_normal,0,2,1,1200005,0,0,in_active_ul
4259,3504,greenran_normal,0,3,1,1200005,0,0,in_active_ul
4259,3504,greenran_normal,0,4,1,1200005,0,0,in_active_ul
4259,3504,greenran_normal,0,5,1,1200005,0,0,in_active_ul
4259,3504,greenran_normal,1,6,0,0,0,0,not_in_active_ul
4259,3504,greenran_normal,1,7,0,0,0,0,not_in_active_ul
4259,3504,greenran_normal,1,8,0,0,0,0,not_in_active_ul
4259,3504,greenran_normal,1,9,0,0,0,0,not_in_active_ul
4259,3504,greenran_normal,1,10,0,0,0,0,not_in_active_ul
4259,3504,greenran_normal,1,11,0,0,0,0,not_in_active_ul
4259,3504,greenran_normal,1,12,0,0,0,0,not_in_active_ul
4259,3504,greenran_normal,1,34,0,0,0,0,not_in_active_ul
4259,3504,greenran_normal,2,35,0,0,0,0,not_in_active_ul
4259,3504,greenran_normal,2,36,0,0,0,0,not_in_active_ul
4259,3504,greenran_normal,2,37,0,0,0,0,not_in_active_ul
4259,3504,greenran_normal,2,38,0,0,0,0,not_in_active_ul
4259,3504,greenran_normal,2,39,0,0,0,0,not_in_active_ul
4259,3504,greenran_normal,2,40,0,0,0,0,not_in_active_ul
4259,3504,greenran_normal,2,41,0,0,0,0,not_in_active_ul
4259,3504,greenran_normal,2,42,0,0,0,0,not_in_active_ul
4259,3504,greenran_normal,2,43,0,0,0,0,not_in_active_ul
4259,3504,greenran_normal,2,44,0,0,0,0,not_in_active_ul
4259,3504,greenran_normal,2,55,0,0,0,0,not_in_active_ul
4259,3504,greenran_normal,2,56,0,0,0,0,not_in_active_ul
4259,3504,greenran_normal,2,57,0,0,0,0,not_in_active_ul
4259,3504,greenran_normal,2,58,0,0,0,0,not_in_active_ul
4259,3504,greenran_normal,2,59,0,0,0,0,not_in_active_ul
4259,3504,greenran_normal,2,60,0,0,0,0,not_in_active_ul
4259,3504,greenran_normal,2,61,0,0,0,0,not_in_active_ul
4259,3504,greenran_normal,2,62,0,0,0,0,not_in_active_ul
4259,3504,greenran_normal,2,63,0,0,0,0,not_in_active_ul
4259,3504,greenran_normal,2,64,0,0,0,0,not_in_active_ul
4395,3604,greenran_normal,0,1,1,1199977,0,0,in_active_ul
4395,3604,greenran_normal,0,2,1,1199986,0,0,in_active_ul
4395,3604,greenran_normal,0,3,1,1199664,0,0,in_active_ul
4395,3604,greenran_normal,0,4,0,0,0,0,not_in_active_ul
4395,3604,greenran_normal,0,5,1,1199938,0,0,in_active_ul
4395,3604,greenran_normal,1,6,0,0,0,0,not_in_active_ul
4395,3604,greenran_normal,1,7,0,0,0,0,not_in_active_ul
4395,3604,greenran_normal,1,8,0,0,0,0,not_in_active_ul
4395,3604,greenran_normal,1,9,0,0,0,0,not_in_active_ul
4395,3604,greenran_normal,1,10,0,0,0,0,not_in_active_ul
4395,3604,greenran_normal,1,11,0,0,0,0,not_in_active_ul
4395,3604,greenran_normal,1,12,0,0,0,0,not_in_active_ul
4395,3604,greenran_normal,1,34,0,0,0,0,not_in_active_ul
4395,3604,greenran_normal,2,35,0,0,0,0,not_in_active_ul
4395,3604,greenran_normal,2,36,0,0,0,0,not_in_active_ul
4395,3604,greenran_normal,2,37,0,0,0,0,not_in_active_ul
4395,3604,greenran_normal,2,38,0,0,0,0,not_in_active_ul
4395,3604,greenran_normal,2,39,0,0,0,0,not_in_active_ul
4395,3604,greenran_normal,2,40,0,0,0,0,not_in_active_ul
4395,3604,greenran_normal,2,41,0,0,0,0,not_in_active_ul
4395,3604,greenran_normal,2,42,0,0,0,0,not_in_active_ul
4395,3604,greenran_normal,2,43,0,0,0,0,not_in_active_ul
4395,3604,greenran_normal,2,44,0,0,0,0,not_in_active_ul
4395,3604,greenran_normal,2,55,0,0,0,0,not_in_active_ul
4395,3604,greenran_normal,2,56,0,0,0,0,not_in_active_ul
4395,3604,greenran_normal,2,57,0,0,0,0,not_in_active_ul
4395,3604,greenran_normal,2,58,0,0,0,0,not_in_active_ul
4395,3604,greenran_normal,2,59,0,0,0,0,not_in_active_ul
4395,3604,greenran_normal,2,60,0,0,0,0,not_in_active_ul
4395,3604,greenran_normal,2,61,0,0,0,0,not_in_active_ul
4395,3604,greenran_normal,2,62,0,0,0,0,not_in_active_ul
4395,3604,greenran_normal,2,63,0,0,0,0,not_in_active_ul
4395,3604,greenran_normal,2,64,0,0,0,0,not_in_active_ul
4529,3704,greenran_normal,0,1,1,1200005,0,0,in_active_ul
4529,3704,greenran_normal,0,2,1,1200005,0,0,in_active_ul
4529,3704,greenran_normal,0,3,1,1200005,0,0,in_active_ul
4529,3704,greenran_normal,0,4,1,1199948,0,0,in_active_ul
4529,3704,greenran_normal,0,5,1,1199989,0,0,in_active_ul
4529,3704,greenran_normal,1,6,0,0,0,0,not_in_active_ul
4529,3704,greenran_normal,1,7,0,0,0,0,not_in_active_ul
4529,3704,greenran_normal,1,8,0,0,0,0,not_in_active_ul
4529,3704,greenran_normal,1,9,0,0,0,0,not_in_active_ul
4529,3704,greenran_normal,1,10,0,0,0,0,not_in_active_ul
4529,3704,greenran_normal,1,11,0,0,0,0,not_in_active_ul
4529,3704,greenran_normal,1,12,0,0,0,0,not_in_active_ul
4529,3704,greenran_normal,1,34,0,0,0,0,not_in_active_ul
4529,3704,greenran_normal,2,35,0,0,0,0,not_in_active_ul
4529,3704,greenran_normal,2,36,0,0,0,0,not_in_active_ul
4529,3704,greenran_normal,2,37,0,0,0,0,not_in_active_ul
4529,3704,greenran_normal,2,38,0,0,0,0,not_in_active_ul
4529,3704,greenran_normal,2,39,0,0,0,0,not_in_active_ul
4529,3704,greenran_normal,2,40,0,0,0,0,not_in_active_ul
4529,3704,greenran_normal,2,41,0,0,0,0,not_in_active_ul
4529,3704,greenran_normal,2,42,0,0,0,0,not_in_active_ul
4529,3704,greenran_normal,2,43,0,0,0,0,not_in_active_ul
4529,3704,greenran_normal,2,44,0,0,0,0,not_in_active_ul
4529,3704,greenran_normal,2,55,0,0,0,0,not_in_active_ul
4529,3704,greenran_normal,2,56,0,0,0,0,not_in_active_ul
4529,3704,greenran_normal,2,57,0,0,0,0,not_in_active_ul
4529,3704,greenran_normal,2,58,0,0,0,0,not_in_active_ul
4529,3704,greenran_normal,2,59,0,0,0,0,not_in_active_ul
4529,3704,greenran_normal,2,60,0,0,0,0,not_in_active_ul
4529,3704,greenran_normal,2,61,0,0,0,0,not_in_active_ul
4529,3704,greenran_normal,2,62,0,0,0,0,not_in_active_ul
4529,3704,greenran_normal,2,63,0,0,0,0,not_in_active_ul
4529,3704,greenran_normal,2,64,0,0,0,0,not_in_active_ul
4663,3804,greenran_normal,0,1,0,0,0,0,not_in_active_ul
4663,3804,greenran_normal,0,2,0,0,0,0,not_in_active_ul
4663,3804,greenran_normal,0,3,1,1200005,0,0,in_active_ul
4663,3804,greenran_normal,0,4,0,0,0,0,not_in_active_ul
4663,3804,greenran_normal,0,5,1,1200005,0,0,in_active_ul
4663,3804,greenran_normal,1,6,0,0,0,0,not_in_active_ul
4663,3804,greenran_normal,1,7,0,0,0,0,not_in_active_ul
4663,3804,greenran_normal,1,8,0,0,0,0,not_in_active_ul
4663,3804,greenran_normal,1,9,0,0,0,0,not_in_active_ul
4663,3804,greenran_normal,1,10,0,0,0,0,not_in_active_ul
4663,3804,greenran_normal,1,11,0,0,0,0,not_in_active_ul
4663,3804,greenran_normal,1,12,0,0,0,0,not_in_active_ul
4663,3804,greenran_normal,1,34,0,0,0,0,not_in_active_ul
4663,3804,greenran_normal,2,35,0,0,0,0,not_in_active_ul
4663,3804,greenran_normal,2,36,0,0,0,0,not_in_active_ul
4663,3804,greenran_normal,2,37,0,0,0,0,not_in_active_ul
4663,3804,greenran_normal,2,38,0,0,0,0,not_in_active_ul
4663,3804,greenran_normal,2,39,0,0,0,0,not_in_active_ul
4663,3804,greenran_normal,2,40,0,0,0,0,not_in_active_ul
4663,3804,greenran_normal,2,41,0,0,0,0,not_in_active_ul
4663,3804,greenran_normal,2,42,0,0,0,0,not_in_active_ul
4663,3804,greenran_normal,2,43,0,0,0,0,not_in_active_ul
4663,3804,greenran_normal,2,44,0,0,0,0,not_in_active_ul
4663,3804,greenran_normal,2,55,0,0,0,0,not_in_active_ul
4663,3804,greenran_normal,2,56,1,79,0,0,in_active_ul
4663,3804,greenran_normal,2,57,0,0,0,0,not_in_active_ul
4663,3804,greenran_normal,2,58,0,0,0,0,not_in_active_ul
4663,3804,greenran_normal,2,59,0,0,0,0,not_in_active_ul
4663,3804,greenran_normal,2,60,0,0,0,0,not_in_active_ul
4663,3804,greenran_normal,2,61,0,0,0,0,not_in_active_ul
4663,3804,greenran_normal,2,62,0,0,0,0,not_in_active_ul
4663,3804,greenran_normal,2,63,0,0,0,0,not_in_active_ul
4663,3804,greenran_normal,2,64,0,0,0,0,not_in_active_ul
4814,3904,greenran_normal,0,1,1,1199992,0,0,in_active_ul
4814,3904,greenran_normal,0,2,0,0,0,0,not_in_active_ul
4814,3904,greenran_normal,0,3,1,1200005,0,0,in_active_ul
4814,3904,greenran_normal,0,4,1,1199743,0,0,in_active_ul
4814,3904,greenran_normal,0,5,1,1199985,0,0,in_active_ul
4814,3904,greenran_normal,1,6,0,0,0,0,not_in_active_ul
4814,3904,greenran_normal,1,7,0,0,0,0,not_in_active_ul
4814,3904,greenran_normal,1,8,0,0,0,0,not_in_active_ul
4814,3904,greenran_normal,1,9,0,0,0,0,not_in_active_ul
4814,3904,greenran_normal,1,10,0,0,0,0,not_in_active_ul
4814,3904,greenran_normal,1,11,0,0,0,0,not_in_active_ul
4814,3904,greenran_normal,1,12,0,0,0,0,not_in_active_ul
4814,3904,greenran_normal,1,34,0,0,0,0,not_in_active_ul
4814,3904,greenran_normal,2,35,0,0,0,0,not_in_active_ul
4814,3904,greenran_normal,2,36,0,0,0,0,not_in_active_ul
4814,3904,greenran_normal,2,37,0,0,0,0,not_in_active_ul
4814,3904,greenran_normal,2,38,0,0,0,0,not_in_active_ul
4814,3904,greenran_normal,2,39,0,0,0,0,not_in_active_ul
4814,3904,greenran_normal,2,40,0,0,0,0,not_in_active_ul
4814,3904,greenran_normal,2,41,0,0,0,0,not_in_active_ul
4814,3904,greenran_normal,2,42,0,0,0,0,not_in_active_ul
4814,3904,greenran_normal,2,43,0,0,0,0,not_in_active_ul
4814,3904,greenran_normal,2,44,0,0,0,0,not_in_active_ul
4814,3904,greenran_normal,2,55,0,0,0,0,not_in_active_ul
4814,3904,greenran_normal,2,56,0,0,0,0,not_in_active_ul
4814,3904,greenran_normal,2,57,0,0,0,0,not_in_active_ul
4814,3904,greenran_normal,2,58,0,0,0,0,not_in_active_ul
4814,3904,greenran_normal,2,59,0,0,0,0,not_in_active_ul
4814,3904,greenran_normal,2,60,0,0,0,0,not_in_active_ul
4814,3904,greenran_normal,2,61,0,0,0,0,not_in_active_ul
4814,3904,greenran_normal,2,62,0,0,0,0,not_in_active_ul
4814,3904,greenran_normal,2,63,0,0,0,0,not_in_active_ul
4814,3904,greenran_normal,2,64,0,0,0,0,not_in_active_ul
4959,4004,greenran_normal,0,1,1,1199920,0,0,in_active_ul
4959,4004,greenran_normal,0,2,1,1200005,0,0,in_active_ul
4959,4004,greenran_normal,0,3,1,1199400,0,0,in_active_ul
4959,4004,greenran_normal,0,4,0,0,0,0,not_in_active_ul
4959,4004,greenran_normal,0,5,1,1199812,0,0,in_active_ul
4959,4004,greenran_normal,1,6,0,0,0,0,not_in_active_ul
4959,4004,greenran_normal,1,7,0,0,0,0,not_in_active_ul
4959,4004,greenran_normal,1,8,0,0,0,0,not_in_active_ul
4959,4004,greenran_normal,1,9,0,0,0,0,not_in_active_ul
4959,4004,greenran_normal,1,10,0,0,0,0,not_in_active_ul
4959,4004,greenran_normal,1,11,0,0,0,0,not_in_active_ul
4959,4004,greenran_normal,1,12,0,0,0,0,not_in_active_ul
4959,4004,greenran_normal,1,34,0,0,0,0,not_in_active_ul
4959,4004,greenran_normal,2,35,0,0,0,0,not_in_active_ul
4959,4004,greenran_normal,2,36,0,0,0,0,not_in_active_ul
4959,4004,greenran_normal,2,37,0,0,0,0,not_in_active_ul
4959,4004,greenran_normal,2,38,0,0,0,0,not_in_active_ul
4959,4004,greenran_normal,2,39,0,0,0,0,not_in_active_ul
4959,4004,greenran_normal,2,40,0,0,0,0,not_in_active_ul
4959,4004,greenran_normal,2,41,0,0,0,0,not_in_active_ul
4959,4004,greenran_normal,2,42,0,0,0,0,not_in_active_ul
4959,4004,greenran_normal,2,43,0,0,0,0,not_in_active_ul
4959,4004,greenran_normal,2,44,0,0,0,0,not_in_active_ul
4959,4004,greenran_normal,2,55,0,0,0,0,not_in_active_ul
4959,4004,greenran_normal,2,56,0,0,0,0,not_in_active_ul
4959,4004,greenran_normal,2,57,0,0,0,0,not_in_active_ul
4959,4004,greenran_normal,2,58,0,0,0,0,not_in_active_ul
4959,4004,greenran_normal,2,59,0,0,0,0,not_in_active_ul
4959,4004,greenran_normal,2,60,0,0,0,0,not_in_active_ul
4959,4004,greenran_normal,2,61,0,0,0,0,not_in_active_ul
4959,4004,greenran_normal,2,62,0,0,0,0,not_in_active_ul
4959,4004,greenran_normal,2,63,0,0,0,0,not_in_active_ul
4959,4004,greenran_normal,2,64,0,0,0,0,not_in_active_ul
5081,4104,greenran_normal,0,1,1,1200005,0,0,in_active_ul
5081,4104,greenran_normal,0,2,1,1200005,0,0,in_active_ul
5081,4104,greenran_normal,0,3,1,1200005,0,0,in_active_ul
5081,4104,greenran_normal,0,4,1,1200005,0,0,in_active_ul
5081,4104,greenran_normal,0,5,1,1200005,0,0,in_active_ul
5081,4104,greenran_normal,1,6,0,0,0,0,not_in_active_ul
5081,4104,greenran_normal,1,7,0,0,0,0,not_in_active_ul
5081,4104,greenran_normal,1,8,0,0,0,0,not_in_active_ul
5081,4104,greenran_normal,1,9,0,0,0,0,not_in_active_ul
5081,4104,greenran_normal,1,10,0,0,0,0,not_in_active_ul
5081,4104,greenran_normal,1,11,0,0,0,0,not_in_active_ul
5081,4104,greenran_normal,1,12,0,0,0,0,not_in_active_ul
5081,4104,greenran_normal,1,34,0,0,0,0,not_in_active_ul
5081,4104,greenran_normal,2,35,0,0,0,0,not_in_active_ul
5081,4104,greenran_normal,2,36,0,0,0,0,not_in_active_ul
5081,4104,greenran_normal,2,37,0,0,0,0,not_in_active_ul
5081,4104,greenran_normal,2,38,0,0,0,0,not_in_active_ul
5081,4104,greenran_normal,2,39,0,0,0,0,not_in_active_ul
5081,4104,greenran_normal,2,40,0,0,0,0,not_in_active_ul
5081,4104,greenran_normal,2,41,0,0,0,0,not_in_active_ul
5081,4104,greenran_normal,2,42,0,0,0,0,not_in_active_ul
5081,4104,greenran_normal,2,43,0,0,0,0,not_in_active_ul
5081,4104,greenran_normal,2,44,0,0,0,0,not_in_active_ul
5081,4104,greenran_normal,2,55,0,0,0,0,not_in_active_ul
5081,4104,greenran_normal,2,56,0,0,0,0,not_in_active_ul
5081,4104,greenran_normal,2,57,0,0,0,0,not_in_active_ul
5081,4104,greenran_normal,2,58,0,0,0,0,not_in_active_ul
5081,4104,greenran_normal,2,59,0,0,0,0,not_in_active_ul
5081,4104,greenran_normal,2,60,0,0,0,0,not_in_active_ul
5081,4104,greenran_normal,2,61,0,0,0,0,not_in_active_ul
5081,4104,greenran_normal,2,62,0,0,0,0,not_in_active_ul
5081,4104,greenran_normal,2,63,0,0,0,0,not_in_active_ul
5081,4104,greenran_normal,2,64,0,0,0,0,not_in_active_ul
5224,4204,greenran_normal,0,1,0,0,0,0,not_in_active_ul
5224,4204,greenran_normal,0,2,0,0,0,0,not_in_active_ul
5224,4204,greenran_normal,0,3,0,0,0,0,not_in_active_ul
5224,4204,greenran_normal,0,4,0,0,0,0,not_in_active_ul
5224,4204,greenran_normal,0,5,0,0,0,0,not_in_active_ul
5224,4204,greenran_normal,1,6,0,0,0,0,not_in_active_ul
5224,4204,greenran_normal,1,7,0,0,0,0,not_in_active_ul
5224,4204,greenran_normal,1,8,0,0,0,0,not_in_active_ul
5224,4204,greenran_normal,1,9,0,0,0,0,not_in_active_ul
5224,4204,greenran_normal,1,10,0,0,0,0,not_in_active_ul
5224,4204,greenran_normal,1,11,0,0,0,0,not_in_active_ul
5224,4204,greenran_normal,1,12,0,0,0,0,not_in_active_ul
5224,4204,greenran_normal,1,34,0,0,0,0,not_in_active_ul
5224,4204,greenran_normal,2,35,0,0,0,0,not_in_active_ul
5224,4204,greenran_normal,2,36,0,0,0,0,not_in_active_ul
5224,4204,greenran_normal,2,37,0,0,0,0,not_in_active_ul
5224,4204,greenran_normal,2,38,0,0,0,0,not_in_active_ul
5224,4204,greenran_normal,2,39,0,0,0,0,not_in_active_ul
5224,4204,greenran_normal,2,40,1,43,0,0,in_active_ul
5224,4204,greenran_normal,2,41,1,43,0,0,in_active_ul
5224,4204,greenran_normal,2,42,0,0,0,0,not_in_active_ul
5224,4204,greenran_normal,2,43,0,0,0,0,not_in_active_ul
5224,4204,greenran_normal,2,44,0,0,0,0,not_in_active_ul
5224,4204,greenran_normal,2,55,1,43,0,0,in_active_ul
5224,4204,greenran_normal,2,56,0,0,0,0,not_in_active_ul
5224,4204,greenran_normal,2,57,0,0,0,0,not_in_active_ul
5224,4204,greenran_normal,2,58,0,0,0,0,not_in_active_ul
5224,4204,greenran_normal,2,59,0,0,0,0,not_in_active_ul
5224,4204,greenran_normal,2,60,0,0,0,0,not_in_active_ul
5224,4204,greenran_normal,2,61,0,0,0,0,not_in_active_ul
5224,4204,greenran_normal,2,62,1,43,0,0,in_active_ul
5224,4204,greenran_normal,2,63,0,0,0,0,not_in_active_ul
5224,4204,greenran_normal,2,64,0,0,0,0,not_in_active_ul
5363,4304,greenran_normal,0,1,1,1200005,0,0,in_active_ul
5363,4304,greenran_normal,0,2,1,1200005,0,0,in_active_ul
5363,4304,greenran_normal,0,3,1,1200005,0,0,in_active_ul
5363,4304,greenran_normal,0,4,0,0,0,0,not_in_active_ul
5363,4304,greenran_normal,0,5,1,1200005,0,0,in_active_ul
5363,4304,greenran_normal,1,6,0,0,0,0,not_in_active_ul
5363,4304,greenran_normal,1,7,0,0,0,0,not_in_active_ul
5363,4304,greenran_normal,1,8,0,0,0,0,not_in_active_ul
5363,4304,greenran_normal,1,9,0,0,0,0,not_in_active_ul
5363,4304,greenran_normal,1,10,0,0,0,0,not_in_active_ul
5363,4304,greenran_normal,1,11,0,0,0,0,not_in_active_ul
5363,4304,greenran_normal,1,12,0,0,0,0,not_in_active_ul
5363,4304,greenran_normal,1,34,0,0,0,0,not_in_active_ul
5363,4304,greenran_normal,2,35,0,0,0,0,not_in_active_ul
5363,4304,greenran_normal,2,36,0,0,0,0,not_in_active_ul
5363,4304,greenran_normal,2,37,0,0,0,0,not_in_active_ul
5363,4304,greenran_normal,2,38,0,0,0,0,not_in_active_ul
5363,4304,greenran_normal,2,39,0,0,0,0,not_in_active_ul
5363,4304,greenran_normal,2,40,0,0,0,0,not_in_active_ul
5363,4304,greenran_normal,2,41,0,0,0,0,not_in_active_ul
5363,4304,greenran_normal,2,42,0,0,0,0,not_in_active_ul
5363,4304,greenran_normal,2,43,0,0,0,0,not_in_active_ul
5363,4304,greenran_normal,2,44,0,0,0,0,not_in_active_ul
5363,4304,greenran_normal,2,55,0,0,0,0,not_in_active_ul
5363,4304,greenran_normal,2,56,0,0,0,0,not_in_active_ul
5363,4304,greenran_normal,2,57,0,0,0,0,not_in_active_ul
5363,4304,greenran_normal,2,58,0,0,0,0,not_in_active_ul
5363,4304,greenran_normal,2,59,0,0,0,0,not_in_active_ul
5363,4304,greenran_normal,2,60,0,0,0,0,not_in_active_ul
5363,4304,greenran_normal,2,61,0,0,0,0,not_in_active_ul
5363,4304,greenran_normal,2,62,0,0,0,0,not_in_active_ul
5363,4304,greenran_normal,2,63,0,0,0,0,not_in_active_ul
5363,4304,greenran_normal,2,64,0,0,0,0,not_in_active_ul
5496,4404,greenran_normal,0,1,1,1199810,0,0,in_active_ul
5496,4404,greenran_normal,0,2,1,1199861,0,0,in_active_ul
5496,4404,greenran_normal,0,3,1,1198369,0,0,in_active_ul
5496,4404,greenran_normal,0,4,0,0,0,0,not_in_active_ul
5496,4404,greenran_normal,0,5,1,1199506,0,0,in_active_ul
5496,4404,greenran_normal,1,6,0,0,0,0,not_in_active_ul
5496,4404,greenran_normal,1,7,0,0,0,0,not_in_active_ul
5496,4404,greenran_normal,1,8,0,0,0,0,not_in_active_ul
5496,4404,greenran_normal,1,9,0,0,0,0,not_in_active_ul
5496,4404,greenran_normal,1,10,0,0,0,0,not_in_active_ul
5496,4404,greenran_normal,1,11,0,0,0,0,not_in_active_ul
5496,4404,greenran_normal,1,12,0,0,0,0,not_in_active_ul
5496,4404,greenran_normal,1,34,0,0,0,0,not_in_active_ul
5496,4404,greenran_normal,2,35,0,0,0,0,not_in_active_ul
5496,4404,greenran_normal,2,36,0,0,0,0,not_in_active_ul
5496,4404,greenran_normal,2,37,0,0,0,0,not_in_active_ul
5496,4404,greenran_normal,2,38,0,0,0,0,not_in_active_ul
5496,4404,greenran_normal,2,39,0,0,0,0,not_in_active_ul
5496,4404,greenran_normal,2,40,0,0,0,0,not_in_active_ul
5496,4404,greenran_normal,2,41,0,0,0,0,not_in_active_ul
5496,4404,greenran_normal,2,42,0,0,0,0,not_in_active_ul
5496,4404,greenran_normal,2,43,0,0,0,0,not_in_active_ul
5496,4404,greenran_normal,2,44,0,0,0,0,not_in_active_ul
5496,4404,greenran_normal,2,55,0,0,0,0,not_in_active_ul
5496,4404,greenran_normal,2,56,0,0,0,0,not_in_active_ul
5496,4404,greenran_normal,2,57,0,0,0,0,not_in_active_ul
5496,4404,greenran_normal,2,58,0,0,0,0,not_in_active_ul
5496,4404,greenran_normal,2,59,0,0,0,0,not_in_active_ul
5496,4404,greenran_normal,2,60,0,0,0,0,not_in_active_ul
5496,4404,greenran_normal,2,61,0,0,0,0,not_in_active_ul
5496,4404,greenran_normal,2,62,0,0,0,0,not_in_active_ul
5496,4404,greenran_normal,2,63,0,0,0,0,not_in_active_ul
5496,4404,greenran_normal,2,64,0,0,0,0,not_in_active_ul
5651,4504,greenran_normal,0,1,0,0,0,0,not_in_active_ul
5651,4504,greenran_normal,0,2,1,1200005,0,0,in_active_ul
5651,4504,greenran_normal,0,3,1,1200005,0,0,in_active_ul
5651,4504,greenran_normal,0,4,1,1199720,0,0,in_active_ul
5651,4504,greenran_normal,0,5,1,1200005,0,0,in_active_ul
5651,4504,greenran_normal,1,6,0,0,0,0,not_in_active_ul
5651,4504,greenran_normal,1,7,0,0,0,0,not_in_active_ul
5651,4504,greenran_normal,1,8,0,0,0,0,not_in_active_ul
5651,4504,greenran_normal,1,9,0,0,0,0,not_in_active_ul
5651,4504,greenran_normal,1,10,0,0,0,0,not_in_active_ul
5651,4504,greenran_normal,1,11,0,0,0,0,not_in_active_ul
5651,4504,greenran_normal,1,12,0,0,0,0,not_in_active_ul
5651,4504,greenran_normal,1,34,0,0,0,0,not_in_active_ul
5651,4504,greenran_normal,2,35,0,0,0,0,not_in_active_ul
5651,4504,greenran_normal,2,36,0,0,0,0,not_in_active_ul
5651,4504,greenran_normal,2,37,0,0,0,0,not_in_active_ul
5651,4504,greenran_normal,2,38,0,0,0,0,not_in_active_ul
5651,4504,greenran_normal,2,39,0,0,0,0,not_in_active_ul
5651,4504,greenran_normal,2,40,0,0,0,0,not_in_active_ul
5651,4504,greenran_normal,2,41,0,0,0,0,not_in_active_ul
5651,4504,greenran_normal,2,42,0,0,0,0,not_in_active_ul
5651,4504,greenran_normal,2,43,0,0,0,0,not_in_active_ul
5651,4504,greenran_normal,2,44,0,0,0,0,not_in_active_ul
5651,4504,greenran_normal,2,55,0,0,0,0,not_in_active_ul
5651,4504,greenran_normal,2,56,0,0,0,0,not_in_active_ul
5651,4504,greenran_normal,2,57,0,0,0,0,not_in_active_ul
5651,4504,greenran_normal,2,58,0,0,0,0,not_in_active_ul
5651,4504,greenran_normal,2,59,0,0,0,0,not_in_active_ul
5651,4504,greenran_normal,2,60,0,0,0,0,not_in_active_ul
5651,4504,greenran_normal,2,61,0,0,0,0,not_in_active_ul
5651,4504,greenran_normal,2,62,0,0,0,0,not_in_active_ul
5651,4504,greenran_normal,2,63,0,0,0,0,not_in_active_ul
5651,4504,greenran_normal,2,64,0,0,0,0,not_in_active_ul
5798,4604,greenran_normal,0,1,1,1199893,0,0,in_active_ul
5798,4604,greenran_normal,0,2,1,1199921,0,0,in_active_ul
5798,4604,greenran_normal,0,3,1,1199337,0,0,in_active_ul
5798,4604,greenran_normal,0,4,0,0,0,0,not_in_active_ul
5798,4604,greenran_normal,0,5,1,1199747,0,0,in_active_ul
5798,4604,greenran_normal,1,6,0,0,0,0,not_in_active_ul
5798,4604,greenran_normal,1,7,0,0,0,0,not_in_active_ul
5798,4604,greenran_normal,1,8,0,0,0,0,not_in_active_ul
5798,4604,greenran_normal,1,9,0,0,0,0,not_in_active_ul
5798,4604,greenran_normal,1,10,0,0,0,0,not_in_active_ul
5798,4604,greenran_normal,1,11,0,0,0,0,not_in_active_ul
5798,4604,greenran_normal,1,12,0,0,0,0,not_in_active_ul
5798,4604,greenran_normal,1,34,0,0,0,0,not_in_active_ul
5798,4604,greenran_normal,2,35,0,0,0,0,not_in_active_ul
5798,4604,greenran_normal,2,36,0,0,0,0,not_in_active_ul
5798,4604,greenran_normal,2,37,0,0,0,0,not_in_active_ul
5798,4604,greenran_normal,2,38,0,0,0,0,not_in_active_ul
5798,4604,greenran_normal,2,39,0,0,0,0,not_in_active_ul
5798,4604,greenran_normal,2,40,0,0,0,0,not_in_active_ul
5798,4604,greenran_normal,2,41,0,0,0,0,not_in_active_ul
5798,4604,greenran_normal,2,42,0,0,0,0,not_in_active_ul
5798,4604,greenran_normal,2,43,0,0,0,0,not_in_active_ul
5798,4604,greenran_normal,2,44,0,0,0,0,not_in_active_ul
5798,4604,greenran_normal,2,55,0,0,0,0,not_in_active_ul
5798,4604,greenran_normal,2,56,0,0,0,0,not_in_active_ul
5798,4604,greenran_normal,2,57,0,0,0,0,not_in_active_ul
5798,4604,greenran_normal,2,58,0,0,0,0,not_in_active_ul
5798,4604,greenran_normal,2,59,0,0,0,0,not_in_active_ul
5798,4604,greenran_normal,2,60,0,0,0,0,not_in_active_ul
5798,4604,greenran_normal,2,61,0,0,0,0,not_in_active_ul
5798,4604,greenran_normal,2,62,0,0,0,0,not_in_active_ul
5798,4604,greenran_normal,2,63,0,0,0,0,not_in_active_ul
5798,4604,greenran_normal,2,64,0,0,0,0,not_in_active_ul
5931,4704,greenran_normal,0,1,1,1200005,0,0,in_active_ul
5931,4704,greenran_normal,0,2,1,1200005,0,0,in_active_ul
5931,4704,greenran_normal,0,3,1,1200005,0,0,in_active_ul
5931,4704,greenran_normal,0,4,1,1200005,0,0,in_active_ul
5931,4704,greenran_normal,0,5,0,0,0,0,not_in_active_ul
5931,4704,greenran_normal,1,6,0,0,0,0,not_in_active_ul
5931,4704,greenran_normal,1,7,0,0,0,0,not_in_active_ul
5931,4704,greenran_normal,1,8,0,0,0,0,not_in_active_ul
5931,4704,greenran_normal,1,9,0,0,0,0,not_in_active_ul
5931,4704,greenran_normal,1,10,0,0,0,0,not_in_active_ul
5931,4704,greenran_normal,1,11,0,0,0,0,not_in_active_ul
5931,4704,greenran_normal,1,12,0,0,0,0,not_in_active_ul
5931,4704,greenran_normal,1,34,0,0,0,0,not_in_active_ul
5931,4704,greenran_normal,2,35,0,0,0,0,not_in_active_ul
5931,4704,greenran_normal,2,36,0,0,0,0,not_in_active_ul
5931,4704,greenran_normal,2,37,0,0,0,0,not_in_active_ul
5931,4704,greenran_normal,2,38,0,0,0,0,not_in_active_ul
5931,4704,greenran_normal,2,39,0,0,0,0,not_in_active_ul
5931,4704,greenran_normal,2,40,0,0,0,0,not_in_active_ul
5931,4704,greenran_normal,2,41,1,43,0,0,in_active_ul
5931,4704,greenran_normal,2,42,0,0,0,0,not_in_active_ul
5931,4704,greenran_normal,2,43,0,0,0,0,not_in_active_ul
5931,4704,greenran_normal,2,44,0,0,0,0,not_in_active_ul
5931,4704,greenran_normal,2,55,1,43,0,0,in_active_ul
5931,4704,greenran_normal,2,56,0,0,0,0,not_in_active_ul
5931,4704,greenran_normal,2,57,0,0,0,0,not_in_active_ul
5931,4704,greenran_normal,2,58,0,0,0,0,not_in_active_ul
5931,4704,greenran_normal,2,59,0,0,0,0,not_in_active_ul
5931,4704,greenran_normal,2,60,0,0,0,0,not_in_active_ul
5931,4704,greenran_normal,2,61,0,0,0,0,not_in_active_ul
5931,4704,greenran_normal,2,62,1,43,0,0,in_active_ul
5931,4704,greenran_normal,2,63,0,0,0,0,not_in_active_ul
5931,4704,greenran_normal,2,64,0,0,0,0,not_in_active_ul
6057,4804,greenran_normal,0,1,1,1199677,0,0,in_active_ul
6057,4804,greenran_normal,0,2,1,1199677,0,0,in_active_ul
6057,4804,greenran_normal,0,3,1,1196326,0,0,in_active_ul
6057,4804,greenran_normal,0,4,0,0,0,0,not_in_active_ul
6057,4804,greenran_normal,0,5,1,1199092,0,0,in_active_ul
6057,4804,greenran_normal,1,6,0,0,0,0,not_in_active_ul
6057,4804,greenran_normal,1,7,0,0,0,0,not_in_active_ul
6057,4804,greenran_normal,1,8,0,0,0,0,not_in_active_ul
6057,4804,greenran_normal,1,9,0,0,0,0,not_in_active_ul
6057,4804,greenran_normal,1,10,0,0,0,0,not_in_active_ul
6057,4804,greenran_normal,1,11,0,0,0,0,not_in_active_ul
6057,4804,greenran_normal,1,12,0,0,0,0,not_in_active_ul
6057,4804,greenran_normal,1,34,0,0,0,0,not_in_active_ul
6057,4804,greenran_normal,2,35,0,0,0,0,not_in_active_ul
6057,4804,greenran_normal,2,36,0,0,0,0,not_in_active_ul
6057,4804,greenran_normal,2,37,0,0,0,0,not_in_active_ul
6057,4804,greenran_normal,2,38,0,0,0,0,not_in_active_ul
6057,4804,greenran_normal,2,39,0,0,0,0,not_in_active_ul
6057,4804,greenran_normal,2,40,0,0,0,0,not_in_active_ul
6057,4804,greenran_normal,2,41,0,0,0,0,not_in_active_ul
6057,4804,greenran_normal,2,42,0,0,0,0,not_in_active_ul
6057,4804,greenran_normal,2,43,0,0,0,0,not_in_active_ul
6057,4804,greenran_normal,2,44,0,0,0,0,not_in_active_ul
6057,4804,greenran_normal,2,55,0,0,0,0,not_in_active_ul
6057,4804,greenran_normal,2,56,0,0,0,0,not_in_active_ul
6057,4804,greenran_normal,2,57,0,0,0,0,not_in_active_ul
6057,4804,greenran_normal,2,58,0,0,0,0,not_in_active_ul
6057,4804,greenran_normal,2,59,0,0,0,0,not_in_active_ul
6057,4804,greenran_normal,2,60,0,0,0,0,not_in_active_ul
6057,4804,greenran_normal,2,61,0,0,0,0,not_in_active_ul
6057,4804,greenran_normal,2,62,0,0,0,0,not_in_active_ul
6057,4804,greenran_normal,2,63,0,0,0,0,not_in_active_ul
6057,4804,greenran_normal,2,64,0,0,0,0,not_in_active_ul
6206,4904,greenran_normal,0,1,1,1200005,0,0,in_active_ul
6206,4904,greenran_normal,0,2,1,1200005,0,0,in_active_ul
6206,4904,greenran_normal,0,3,1,1200005,0,0,in_active_ul
6206,4904,greenran_normal,0,4,0,0,0,0,not_in_active_ul
6206,4904,greenran_normal,0,5,1,1200005,0,0,in_active_ul
6206,4904,greenran_normal,1,6,0,0,0,0,not_in_active_ul
6206,4904,greenran_normal,1,7,0,0,0,0,not_in_active_ul
6206,4904,greenran_normal,1,8,0,0,0,0,not_in_active_ul
6206,4904,greenran_normal,1,9,0,0,0,0,not_in_active_ul
6206,4904,greenran_normal,1,10,0,0,0,0,not_in_active_ul
6206,4904,greenran_normal,1,11,0,0,0,0,not_in_active_ul
6206,4904,greenran_normal,1,12,0,0,0,0,not_in_active_ul
6206,4904,greenran_normal,1,34,0,0,0,0,not_in_active_ul
6206,4904,greenran_normal,2,35,0,0,0,0,not_in_active_ul
6206,4904,greenran_normal,2,36,0,0,0,0,not_in_active_ul
6206,4904,greenran_normal,2,37,0,0,0,0,not_in_active_ul
6206,4904,greenran_normal,2,38,0,0,0,0,not_in_active_ul
6206,4904,greenran_normal,2,39,0,0,0,0,not_in_active_ul
6206,4904,greenran_normal,2,40,1,19,0,0,in_active_ul
6206,4904,greenran_normal,2,41,0,0,0,0,not_in_active_ul
6206,4904,greenran_normal,2,42,0,0,0,0,not_in_active_ul
6206,4904,greenran_normal,2,43,0,0,0,0,not_in_active_ul
6206,4904,greenran_normal,2,44,0,0,0,0,not_in_active_ul
6206,4904,greenran_normal,2,55,0,0,0,0,not_in_active_ul
6206,4904,greenran_normal,2,56,0,0,0,0,not_in_active_ul
6206,4904,greenran_normal,2,57,0,0,0,0,not_in_active_ul
6206,4904,greenran_normal,2,58,0,0,0,0,not_in_active_ul
6206,4904,greenran_normal,2,59,0,0,0,0,not_in_active_ul
6206,4904,greenran_normal,2,60,0,0,0,0,not_in_active_ul
6206,4904,greenran_normal,2,61,0,0,0,0,not_in_active_ul
6206,4904,greenran_normal,2,62,1,19,0,0,in_active_ul
6206,4904,greenran_normal,2,63,0,0,0,0,not_in_active_ul
6206,4904,greenran_normal,2,64,0,0,0,0,not_in_active_ul
6358,5004,greenran_normal,0,1,1,1199658,0,0,in_active_ul
6358,5004,greenran_normal,0,2,1,1200005,0,0,in_active_ul
6358,5004,greenran_normal,0,3,1,1198981,0,0,in_active_ul
6358,5004,greenran_normal,0,4,0,0,0,0,not_in_active_ul
6358,5004,greenran_normal,0,5,1,1200005,0,0,in_active_ul
6358,5004,greenran_normal,1,6,0,0,0,0,not_in_active_ul
6358,5004,greenran_normal,1,7,0,0,0,0,not_in_active_ul
6358,5004,greenran_normal,1,8,0,0,0,0,not_in_active_ul
6358,5004,greenran_normal,1,9,0,0,0,0,not_in_active_ul
6358,5004,greenran_normal,1,10,0,0,0,0,not_in_active_ul
6358,5004,greenran_normal,1,11,0,0,0,0,not_in_active_ul
6358,5004,greenran_normal,1,12,0,0,0,0,not_in_active_ul
6358,5004,greenran_normal,1,34,0,0,0,0,not_in_active_ul
6358,5004,greenran_normal,2,35,0,0,0,0,not_in_active_ul
6358,5004,greenran_normal,2,36,0,0,0,0,not_in_active_ul
6358,5004,greenran_normal,2,37,0,0,0,0,not_in_active_ul
6358,5004,greenran_normal,2,38,0,0,0,0,not_in_active_ul
6358,5004,greenran_normal,2,39,0,0,0,0,not_in_active_ul
6358,5004,greenran_normal,2,40,0,0,0,0,not_in_active_ul
6358,5004,greenran_normal,2,41,0,0,0,0,not_in_active_ul
6358,5004,greenran_normal,2,42,0,0,0,0,not_in_active_ul
6358,5004,greenran_normal,2,43,0,0,0,0,not_in_active_ul
6358,5004,greenran_normal,2,44,0,0,0,0,not_in_active_ul
6358,5004,greenran_normal,2,55,0,0,0,0,not_in_active_ul
6358,5004,greenran_normal,2,56,0,0,0,0,not_in_active_ul
6358,5004,greenran_normal,2,57,0,0,0,0,not_in_active_ul
6358,5004,greenran_normal,2,58,0,0,0,0,not_in_active_ul
6358,5004,greenran_normal,2,59,0,0,0,0,not_in_active_ul
6358,5004,greenran_normal,2,60,0,0,0,0,not_in_active_ul
6358,5004,greenran_normal,2,61,0,0,0,0,not_in_active_ul
6358,5004,greenran_normal,2,62,0,0,0,0,not_in_active_ul
6358,5004,greenran_normal,2,63,0,0,0,0,not_in_active_ul
6358,5004,greenran_normal,2,64,0,0,0,0,not_in_active_ul
6494,5104,greenran_normal,0,1,1,1200005,0,0,in_active_ul
6494,5104,greenran_normal,0,2,1,1200005,0,0,in_active_ul
6494,5104,greenran_normal,0,3,1,1200005,0,0,in_active_ul
6494,5104,greenran_normal,0,4,1,1200005,0,0,in_active_ul
6494,5104,greenran_normal,0,5,1,1200005,0,0,in_active_ul
6494,5104,greenran_normal,1,6,0,0,0,0,not_in_active_ul
6494,5104,greenran_normal,1,7,0,0,0,0,not_in_active_ul
6494,5104,greenran_normal,1,8,0,0,0,0,not_in_active_ul
6494,5104,greenran_normal,1,9,0,0,0,0,not_in_active_ul
6494,5104,greenran_normal,1,10,0,0,0,0,not_in_active_ul
6494,5104,greenran_normal,1,11,0,0,0,0,not_in_active_ul
6494,5104,greenran_normal,1,12,0,0,0,0,not_in_active_ul
6494,5104,greenran_normal,1,34,0,0,0,0,not_in_active_ul
6494,5104,greenran_normal,2,35,0,0,0,0,not_in_active_ul
6494,5104,greenran_normal,2,36,0,0,0,0,not_in_active_ul
6494,5104,greenran_normal,2,37,0,0,0,0,not_in_active_ul
6494,5104,greenran_normal,2,38,0,0,0,0,not_in_active_ul
6494,5104,greenran_normal,2,39,0,0,0,0,not_in_active_ul
6494,5104,greenran_normal,2,40,0,0,0,0,not_in_active_ul
6494,5104,greenran_normal,2,41,0,0,0,0,not_in_active_ul
6494,5104,greenran_normal,2,42,0,0,0,0,not_in_active_ul
6494,5104,greenran_normal,2,43,0,0,0,0,not_in_active_ul
6494,5104,greenran_normal,2,44,0,0,0,0,not_in_active_ul
6494,5104,greenran_normal,2,55,0,0,0,0,not_in_active_ul
6494,5104,greenran_normal,2,56,0,0,0,0,not_in_active_ul
6494,5104,greenran_normal,2,57,0,0,0,0,not_in_active_ul
6494,5104,greenran_normal,2,58,0,0,0,0,not_in_active_ul
6494,5104,greenran_normal,2,59,0,0,0,0,not_in_active_ul
6494,5104,greenran_normal,2,60,0,0,0,0,not_in_active_ul
6494,5104,greenran_normal,2,61,0,0,0,0,not_in_active_ul
6494,5104,greenran_normal,2,62,0,0,0,0,not_in_active_ul
6494,5104,greenran_normal,2,63,0,0,0,0,not_in_active_ul
6494,5104,greenran_normal,2,64,0,0,0,0,not_in_active_ul
6638,5204,greenran_normal,0,1,1,1200005,0,0,in_active_ul
6638,5204,greenran_normal,0,2,1,1199967,0,0,in_active_ul
6638,5204,greenran_normal,0,3,1,1200005,0,0,in_active_ul
6638,5204,greenran_normal,0,4,0,0,0,0,not_in_active_ul
6638,5204,greenran_normal,0,5,1,1200005,0,0,in_active_ul
6638,5204,greenran_normal,1,6,0,0,0,0,not_in_active_ul
6638,5204,greenran_normal,1,7,0,0,0,0,not_in_active_ul
6638,5204,greenran_normal,1,8,0,0,0,0,not_in_active_ul
6638,5204,greenran_normal,1,9,0,0,0,0,not_in_active_ul
6638,5204,greenran_normal,1,10,0,0,0,0,not_in_active_ul
6638,5204,greenran_normal,1,11,0,0,0,0,not_in_active_ul
6638,5204,greenran_normal,1,12,0,0,0,0,not_in_active_ul
6638,5204,greenran_normal,1,34,0,0,0,0,not_in_active_ul
6638,5204,greenran_normal,2,35,0,0,0,0,not_in_active_ul
6638,5204,greenran_normal,2,36,0,0,0,0,not_in_active_ul
6638,5204,greenran_normal,2,37,0,0,0,0,not_in_active_ul
6638,5204,greenran_normal,2,38,0,0,0,0,not_in_active_ul
6638,5204,greenran_normal,2,39,0,0,0,0,not_in_active_ul
6638,5204,greenran_normal,2,40,1,147,0,0,in_active_ul
6638,5204,greenran_normal,2,41,1,147,0,0,in_active_ul
6638,5204,greenran_normal,2,42,0,0,0,0,not_in_active_ul
6638,5204,greenran_normal,2,43,0,0,0,0,not_in_active_ul
6638,5204,greenran_normal,2,44,0,0,0,0,not_in_active_ul
6638,5204,greenran_normal,2,55,1,147,0,0,in_active_ul
6638,5204,greenran_normal,2,56,1,203,0,0,in_active_ul
6638,5204,greenran_normal,2,57,0,0,0,0,not_in_active_ul
6638,5204,greenran_normal,2,58,0,0,0,0,not_in_active_ul
6638,5204,greenran_normal,2,59,0,0,0,0,not_in_active_ul
6638,5204,greenran_normal,2,60,0,0,0,0,not_in_active_ul
6638,5204,greenran_normal,2,61,0,0,0,0,not_in_active_ul
6638,5204,greenran_normal,2,62,1,147,0,0,in_active_ul
6638,5204,greenran_normal,2,63,0,0,0,0,not_in_active_ul
6638,5204,greenran_normal,2,64,0,0,0,0,not_in_active_ul
6775,5304,greenran_normal,0,1,1,1200005,0,0,in_active_ul
6775,5304,greenran_normal,0,2,1,1200005,0,0,in_active_ul
6775,5304,greenran_normal,0,3,1,1199886,0,0,in_active_ul
6775,5304,greenran_normal,0,4,1,1200005,0,0,in_active_ul
6775,5304,greenran_normal,0,5,1,1199992,0,0,in_active_ul
6775,5304,greenran_normal,1,6,0,0,0,0,not_in_active_ul
6775,5304,greenran_normal,1,7,0,0,0,0,not_in_active_ul
6775,5304,greenran_normal,1,8,0,0,0,0,not_in_active_ul
6775,5304,greenran_normal,1,9,0,0,0,0,not_in_active_ul
6775,5304,greenran_normal,1,10,0,0,0,0,not_in_active_ul
6775,5304,greenran_normal,1,11,0,0,0,0,not_in_active_ul
6775,5304,greenran_normal,1,12,0,0,0,0,not_in_active_ul
6775,5304,greenran_normal,1,34,0,0,0,0,not_in_active_ul
6775,5304,greenran_normal,2,35,0,0,0,0,not_in_active_ul
6775,5304,greenran_normal,2,36,0,0,0,0,not_in_active_ul
6775,5304,greenran_normal,2,37,0,0,0,0,not_in_active_ul
6775,5304,greenran_normal,2,38,0,0,0,0,not_in_active_ul
6775,5304,greenran_normal,2,39,0,0,0,0,not_in_active_ul
6775,5304,greenran_normal,2,40,0,0,0,0,not_in_active_ul
6775,5304,greenran_normal,2,41,0,0,0,0,not_in_active_ul
6775,5304,greenran_normal,2,42,0,0,0,0,not_in_active_ul
6775,5304,greenran_normal,2,43,0,0,0,0,not_in_active_ul
6775,5304,greenran_normal,2,44,0,0,0,0,not_in_active_ul
6775,5304,greenran_normal,2,55,0,0,0,0,not_in_active_ul
6775,5304,greenran_normal,2,56,0,0,0,0,not_in_active_ul
6775,5304,greenran_normal,2,57,0,0,0,0,not_in_active_ul
6775,5304,greenran_normal,2,58,0,0,0,0,not_in_active_ul
6775,5304,greenran_normal,2,59,0,0,0,0,not_in_active_ul
6775,5304,greenran_normal,2,60,0,0,0,0,not_in_active_ul
6775,5304,greenran_normal,2,61,0,0,0,0,not_in_active_ul
6775,5304,greenran_normal,2,62,0,0,0,0,not_in_active_ul
6775,5304,greenran_normal,2,63,0,0,0,0,not_in_active_ul
6775,5304,greenran_normal,2,64,0,0,0,0,not_in_active_ul
6914,5404,greenran_normal,0,1,1,1200005,0,0,in_active_ul
6914,5404,greenran_normal,0,2,1,1200005,0,0,in_active_ul
6914,5404,greenran_normal,0,3,1,1200005,0,0,in_active_ul
6914,5404,greenran_normal,0,4,0,0,0,0,not_in_active_ul
6914,5404,greenran_normal,0,5,1,1200005,0,0,in_active_ul
6914,5404,greenran_normal,1,6,0,0,0,0,not_in_active_ul
6914,5404,greenran_normal,1,7,0,0,0,0,not_in_active_ul
6914,5404,greenran_normal,1,8,0,0,0,0,not_in_active_ul
6914,5404,greenran_normal,1,9,0,0,0,0,not_in_active_ul
6914,5404,greenran_normal,1,10,0,0,0,0,not_in_active_ul
6914,5404,greenran_normal,1,11,0,0,0,0,not_in_active_ul
6914,5404,greenran_normal,1,12,0,0,0,0,not_in_active_ul
6914,5404,greenran_normal,1,34,0,0,0,0,not_in_active_ul
6914,5404,greenran_normal,2,35,0,0,0,0,not_in_active_ul
6914,5404,greenran_normal,2,36,0,0,0,0,not_in_active_ul
6914,5404,greenran_normal,2,37,0,0,0,0,not_in_active_ul
6914,5404,greenran_normal,2,38,0,0,0,0,not_in_active_ul
6914,5404,greenran_normal,2,39,0,0,0,0,not_in_active_ul
6914,5404,greenran_normal,2,40,0,0,0,0,not_in_active_ul
6914,5404,greenran_normal,2,41,0,0,0,0,not_in_active_ul
6914,5404,greenran_normal,2,42,0,0,0,0,not_in_active_ul
6914,5404,greenran_normal,2,43,0,0,0,0,not_in_active_ul
6914,5404,greenran_normal,2,44,0,0,0,0,not_in_active_ul
6914,5404,greenran_normal,2,55,0,0,0,0,not_in_active_ul
6914,5404,greenran_normal,2,56,0,0,0,0,not_in_active_ul
6914,5404,greenran_normal,2,57,0,0,0,0,not_in_active_ul
6914,5404,greenran_normal,2,58,0,0,0,0,not_in_active_ul
6914,5404,greenran_normal,2,59,0,0,0,0,not_in_active_ul
6914,5404,greenran_normal,2,60,0,0,0,0,not_in_active_ul
6914,5404,greenran_normal,2,61,0,0,0,0,not_in_active_ul
6914,5404,greenran_normal,2,62,0,0,0,0,not_in_active_ul
6914,5404,greenran_normal,2,63,0,0,0,0,not_in_active_ul
6914,5404,greenran_normal,2,64,0,0,0,0,not_in_active_ul
7063,5504,greenran_normal,0,1,1,1200005,0,0,in_active_ul
7063,5504,greenran_normal,0,2,1,1200005,0,0,in_active_ul
7063,5504,greenran_normal,0,3,1,1200005,0,0,in_active_ul
7063,5504,greenran_normal,0,4,1,1200005,0,0,in_active_ul
7063,5504,greenran_normal,0,5,1,1200005,0,0,in_active_ul
7063,5504,greenran_normal,1,6,0,0,0,0,not_in_active_ul
7063,5504,greenran_normal,1,7,0,0,0,0,not_in_active_ul
7063,5504,greenran_normal,1,8,0,0,0,0,not_in_active_ul
7063,5504,greenran_normal,1,9,0,0,0,0,not_in_active_ul
7063,5504,greenran_normal,1,10,0,0,0,0,not_in_active_ul
7063,5504,greenran_normal,1,11,0,0,0,0,not_in_active_ul
7063,5504,greenran_normal,1,12,0,0,0,0,not_in_active_ul
7063,5504,greenran_normal,1,34,0,0,0,0,not_in_active_ul
7063,5504,greenran_normal,2,35,0,0,0,0,not_in_active_ul
7063,5504,greenran_normal,2,36,0,0,0,0,not_in_active_ul
7063,5504,greenran_normal,2,37,0,0,0,0,not_in_active_ul
7063,5504,greenran_normal,2,38,0,0,0,0,not_in_active_ul
7063,5504,greenran_normal,2,39,0,0,0,0,not_in_active_ul
7063,5504,greenran_normal,2,40,1,147,0,0,in_active_ul
7063,5504,greenran_normal,2,41,1,147,0,0,in_active_ul
7063,5504,greenran_normal,2,42,0,0,0,0,not_in_active_ul
7063,5504,greenran_normal,2,43,0,0,0,0,not_in_active_ul
7063,5504,greenran_normal,2,44,0,0,0,0,not_in_active_ul
7063,5504,greenran_normal,2,55,1,147,0,0,in_active_ul
7063,5504,greenran_normal,2,56,1,147,0,0,in_active_ul
7063,5504,greenran_normal,2,57,0,0,0,0,not_in_active_ul
7063,5504,greenran_normal,2,58,0,0,0,0,not_in_active_ul
7063,5504,greenran_normal,2,59,0,0,0,0,not_in_active_ul
7063,5504,greenran_normal,2,60,0,0,0,0,not_in_active_ul
7063,5504,greenran_normal,2,61,0,0,0,0,not_in_active_ul
7063,5504,greenran_normal,2,62,1,147,0,0,in_active_ul
7063,5504,greenran_normal,2,63,0,0,0,0,not_in_active_ul
7063,5504,greenran_normal,2,64,0,0,0,0,not_in_active_ul
7210,5604,greenran_normal,0,1,1,1200005,0,0,in_active_ul
7210,5604,greenran_normal,0,2,1,1200005,0,0,in_active_ul
7210,5604,greenran_normal,0,3,1,1198927,0,0,in_active_ul
7210,5604,greenran_normal,0,4,0,0,0,0,not_in_active_ul
7210,5604,greenran_normal,0,5,1,1200005,0,0,in_active_ul
7210,5604,greenran_normal,1,6,0,0,0,0,not_in_active_ul
7210,5604,greenran_normal,1,7,0,0,0,0,not_in_active_ul
7210,5604,greenran_normal,1,8,0,0,0,0,not_in_active_ul
7210,5604,greenran_normal,1,9,0,0,0,0,not_in_active_ul
7210,5604,greenran_normal,1,10,0,0,0,0,not_in_active_ul
7210,5604,greenran_normal,1,11,0,0,0,0,not_in_active_ul
7210,5604,greenran_normal,1,12,0,0,0,0,not_in_active_ul
7210,5604,greenran_normal,1,34,0,0,0,0,not_in_active_ul
7210,5604,greenran_normal,2,35,0,0,0,0,not_in_active_ul
7210,5604,greenran_normal,2,36,0,0,0,0,not_in_active_ul
7210,5604,greenran_normal,2,37,0,0,0,0,not_in_active_ul
7210,5604,greenran_normal,2,38,0,0,0,0,not_in_active_ul
7210,5604,greenran_normal,2,39,0,0,0,0,not_in_active_ul
7210,5604,greenran_normal,2,40,0,0,0,0,not_in_active_ul
7210,5604,greenran_normal,2,41,0,0,0,0,not_in_active_ul
7210,5604,greenran_normal,2,42,0,0,0,0,not_in_active_ul
7210,5604,greenran_normal,2,43,0,0,0,0,not_in_active_ul
7210,5604,greenran_normal,2,44,0,0,0,0,not_in_active_ul
7210,5604,greenran_normal,2,55,0,0,0,0,not_in_active_ul
7210,5604,greenran_normal,2,56,0,0,0,0,not_in_active_ul
7210,5604,greenran_normal,2,57,0,0,0,0,not_in_active_ul
7210,5604,greenran_normal,2,58,0,0,0,0,not_in_active_ul
7210,5604,greenran_normal,2,59,0,0,0,0,not_in_active_ul
7210,5604,greenran_normal,2,60,0,0,0,0,not_in_active_ul
7210,5604,greenran_normal,2,61,0,0,0,0,not_in_active_ul
7210,5604,greenran_normal,2,62,0,0,0,0,not_in_active_ul
7210,5604,greenran_normal,2,63,0,0,0,0,not_in_active_ul
7210,5604,greenran_normal,2,64,0,0,0,0,not_in_active_ul
7346,5704,greenran_normal,0,1,1,1200005,0,0,in_active_ul
7346,5704,greenran_normal,0,2,1,1200005,0,0,in_active_ul
7346,5704,greenran_normal,0,3,1,1200005,0,0,in_active_ul
7346,5704,greenran_normal,0,4,1,1200005,0,0,in_active_ul
7346,5704,greenran_normal,0,5,1,1200005,0,0,in_active_ul
7346,5704,greenran_normal,1,6,0,0,0,0,not_in_active_ul
7346,5704,greenran_normal,1,7,0,0,0,0,not_in_active_ul
7346,5704,greenran_normal,1,8,0,0,0,0,not_in_active_ul
7346,5704,greenran_normal,1,9,0,0,0,0,not_in_active_ul
7346,5704,greenran_normal,1,10,0,0,0,0,not_in_active_ul
7346,5704,greenran_normal,1,11,0,0,0,0,not_in_active_ul
7346,5704,greenran_normal,1,12,0,0,0,0,not_in_active_ul
7346,5704,greenran_normal,1,34,0,0,0,0,not_in_active_ul
7346,5704,greenran_normal,2,35,0,0,0,0,not_in_active_ul
7346,5704,greenran_normal,2,36,0,0,0,0,not_in_active_ul
7346,5704,greenran_normal,2,37,0,0,0,0,not_in_active_ul
7346,5704,greenran_normal,2,38,0,0,0,0,not_in_active_ul
7346,5704,greenran_normal,2,39,0,0,0,0,not_in_active_ul
7346,5704,greenran_normal,2,40,0,0,0,0,not_in_active_ul
7346,5704,greenran_normal,2,41,0,0,0,0,not_in_active_ul
7346,5704,greenran_normal,2,42,0,0,0,0,not_in_active_ul
7346,5704,greenran_normal,2,43,0,0,0,0,not_in_active_ul
7346,5704,greenran_normal,2,44,0,0,0,0,not_in_active_ul
7346,5704,greenran_normal,2,55,0,0,0,0,not_in_active_ul
7346,5704,greenran_normal,2,56,0,0,0,0,not_in_active_ul
7346,5704,greenran_normal,2,57,0,0,0,0,not_in_active_ul
7346,5704,greenran_normal,2,58,0,0,0,0,not_in_active_ul
7346,5704,greenran_normal,2,59,0,0,0,0,not_in_active_ul
7346,5704,greenran_normal,2,60,0,0,0,0,not_in_active_ul
7346,5704,greenran_normal,2,61,0,0,0,0,not_in_active_ul
7346,5704,greenran_normal,2,62,0,0,0,0,not_in_active_ul
7346,5704,greenran_normal,2,63,0,0,0,0,not_in_active_ul
7346,5704,greenran_normal,2,64,0,0,0,0,not_in_active_ul
7488,5804,greenran_normal,0,1,1,1199923,0,0,in_active_ul
7488,5804,greenran_normal,0,2,0,0,0,0,not_in_active_ul
7488,5804,greenran_normal,0,3,1,1200005,0,0,in_active_ul
7488,5804,greenran_normal,0,4,1,1200005,0,0,in_active_ul
7488,5804,greenran_normal,0,5,1,1199748,0,0,in_active_ul
7488,5804,greenran_normal,1,6,0,0,0,0,not_in_active_ul
7488,5804,greenran_normal,1,7,0,0,0,0,not_in_active_ul
7488,5804,greenran_normal,1,8,0,0,0,0,not_in_active_ul
7488,5804,greenran_normal,1,9,0,0,0,0,not_in_active_ul
7488,5804,greenran_normal,1,10,0,0,0,0,not_in_active_ul
7488,5804,greenran_normal,1,11,0,0,0,0,not_in_active_ul
7488,5804,greenran_normal,1,12,0,0,0,0,not_in_active_ul
7488,5804,greenran_normal,1,34,0,0,0,0,not_in_active_ul
7488,5804,greenran_normal,2,35,0,0,0,0,not_in_active_ul
7488,5804,greenran_normal,2,36,0,0,0,0,not_in_active_ul
7488,5804,greenran_normal,2,37,0,0,0,0,not_in_active_ul
7488,5804,greenran_normal,2,38,0,0,0,0,not_in_active_ul
7488,5804,greenran_normal,2,39,0,0,0,0,not_in_active_ul
7488,5804,greenran_normal,2,40,0,0,0,0,not_in_active_ul
7488,5804,greenran_normal,2,41,0,0,0,0,not_in_active_ul
7488,5804,greenran_normal,2,42,0,0,0,0,not_in_active_ul
7488,5804,greenran_normal,2,43,0,0,0,0,not_in_active_ul
7488,5804,greenran_normal,2,44,0,0,0,0,not_in_active_ul
7488,5804,greenran_normal,2,55,0,0,0,0,not_in_active_ul
7488,5804,greenran_normal,2,56,0,0,0,0,not_in_active_ul
7488,5804,greenran_normal,2,57,0,0,0,0,not_in_active_ul
7488,5804,greenran_normal,2,58,0,0,0,0,not_in_active_ul
7488,5804,greenran_normal,2,59,0,0,0,0,not_in_active_ul
7488,5804,greenran_normal,2,60,0,0,0,0,not_in_active_ul
7488,5804,greenran_normal,2,61,0,0,0,0,not_in_active_ul
7488,5804,greenran_normal,2,62,0,0,0,0,not_in_active_ul
7488,5804,greenran_normal,2,63,0,0,0,0,not_in_active_ul
7488,5804,greenran_normal,2,64,0,0,0,0,not_in_active_ul
7635,5904,greenran_normal,0,1,0,0,0,0,not_in_active_ul
7635,5904,greenran_normal,0,2,0,0,0,0,not_in_active_ul
7635,5904,greenran_normal,0,3,1,1199902,0,0,in_active_ul
7635,5904,greenran_normal,0,4,1,1200005,0,0,in_active_ul
7635,5904,greenran_normal,0,5,0,0,0,0,not_in_active_ul
7635,5904,greenran_normal,1,6,0,0,0,0,not_in_active_ul
7635,5904,greenran_normal,1,7,0,0,0,0,not_in_active_ul
7635,5904,greenran_normal,1,8,0,0,0,0,not_in_active_ul
7635,5904,greenran_normal,1,9,0,0,0,0,not_in_active_ul
7635,5904,greenran_normal,1,10,0,0,0,0,not_in_active_ul
7635,5904,greenran_normal,1,11,0,0,0,0,not_in_active_ul
7635,5904,greenran_normal,1,12,0,0,0,0,not_in_active_ul
7635,5904,greenran_normal,1,34,0,0,0,0,not_in_active_ul
7635,5904,greenran_normal,2,35,0,0,0,0,not_in_active_ul
7635,5904,greenran_normal,2,36,0,0,0,0,not_in_active_ul
7635,5904,greenran_normal,2,37,0,0,0,0,not_in_active_ul
7635,5904,greenran_normal,2,38,0,0,0,0,not_in_active_ul
7635,5904,greenran_normal,2,39,0,0,0,0,not_in_active_ul
7635,5904,greenran_normal,2,40,1,58,0,0,in_active_ul
7635,5904,greenran_normal,2,41,1,58,0,0,in_active_ul
7635,5904,greenran_normal,2,42,0,0,0,0,not_in_active_ul
7635,5904,greenran_normal,2,43,0,0,0,0,not_in_active_ul
7635,5904,greenran_normal,2,44,0,0,0,0,not_in_active_ul
7635,5904,greenran_normal,2,55,1,58,0,0,in_active_ul
7635,5904,greenran_normal,2,56,1,107,0,0,in_active_ul
7635,5904,greenran_normal,2,57,0,0,0,0,not_in_active_ul
7635,5904,greenran_normal,2,58,0,0,0,0,not_in_active_ul
7635,5904,greenran_normal,2,59,0,0,0,0,not_in_active_ul
7635,5904,greenran_normal,2,60,0,0,0,0,not_in_active_ul
7635,5904,greenran_normal,2,61,0,0,0,0,not_in_active_ul
7635,5904,greenran_normal,2,62,1,58,0,0,in_active_ul
7635,5904,greenran_normal,2,63,0,0,0,0,not_in_active_ul
7635,5904,greenran_normal,2,64,0,0,0,0,not_in_active_ul
7779,6004,greenran_normal,0,1,1,1199981,0,0,in_active_ul
7779,6004,greenran_normal,0,2,1,1200005,0,0,in_active_ul
7779,6004,greenran_normal,0,3,1,1200005,0,0,in_active_ul
7779,6004,greenran_normal,0,4,0,0,0,0,not_in_active_ul
7779,6004,greenran_normal,0,5,1,1200005,0,0,in_active_ul
7779,6004,greenran_normal,1,6,0,0,0,0,not_in_active_ul
7779,6004,greenran_normal,1,7,0,0,0,0,not_in_active_ul
7779,6004,greenran_normal,1,8,0,0,0,0,not_in_active_ul
7779,6004,greenran_normal,1,9,0,0,0,0,not_in_active_ul
7779,6004,greenran_normal,1,10,0,0,0,0,not_in_active_ul
7779,6004,greenran_normal,1,11,0,0,0,0,not_in_active_ul
7779,6004,greenran_normal,1,12,0,0,0,0,not_in_active_ul
7779,6004,greenran_normal,1,34,0,0,0,0,not_in_active_ul
7779,6004,greenran_normal,2,35,0,0,0,0,not_in_active_ul
7779,6004,greenran_normal,2,36,0,0,0,0,not_in_active_ul
7779,6004,greenran_normal,2,37,0,0,0,0,not_in_active_ul
7779,6004,greenran_normal,2,38,0,0,0,0,not_in_active_ul
7779,6004,greenran_normal,2,39,0,0,0,0,not_in_active_ul
7779,6004,greenran_normal,2,40,0,0,0,0,not_in_active_ul
7779,6004,greenran_normal,2,41,0,0,0,0,not_in_active_ul
7779,6004,greenran_normal,2,42,0,0,0,0,not_in_active_ul
7779,6004,greenran_normal,2,43,0,0,0,0,not_in_active_ul
7779,6004,greenran_normal,2,44,0,0,0,0,not_in_active_ul
7779,6004,greenran_normal,2,55,0,0,0,0,not_in_active_ul
7779,6004,greenran_normal,2,56,0,0,0,0,not_in_active_ul
7779,6004,greenran_normal,2,57,0,0,0,0,not_in_active_ul
7779,6004,greenran_normal,2,58,0,0,0,0,not_in_active_ul
7779,6004,greenran_normal,2,59,0,0,0,0,not_in_active_ul
7779,6004,greenran_normal,2,60,0,0,0,0,not_in_active_ul
7779,6004,greenran_normal,2,61,0,0,0,0,not_in_active_ul
7779,6004,greenran_normal,2,62,0,0,0,0,not_in_active_ul
7779,6004,greenran_normal,2,63,0,0,0,0,not_in_active_ul
7779,6004,greenran_normal,2,64,0,0,0,0,not_in_active_ul
7917,6104,greenran_normal,0,1,1,1200005,0,0,in_active_ul
7917,6104,greenran_normal,0,2,1,1200005,0,0,in_active_ul
7917,6104,greenran_normal,0,3,1,1200005,0,0,in_active_ul
7917,6104,greenran_normal,0,4,0,0,0,0,not_in_active_ul
7917,6104,greenran_normal,0,5,1,1200005,0,0,in_active_ul
7917,6104,greenran_normal,1,6,0,0,0,0,not_in_active_ul
7917,6104,greenran_normal,1,7,0,0,0,0,not_in_active_ul
7917,6104,greenran_normal,1,8,0,0,0,0,not_in_active_ul
7917,6104,greenran_normal,1,9,0,0,0,0,not_in_active_ul
7917,6104,greenran_normal,1,10,0,0,0,0,not_in_active_ul
7917,6104,greenran_normal,1,11,0,0,0,0,not_in_active_ul
7917,6104,greenran_normal,1,12,0,0,0,0,not_in_active_ul
7917,6104,greenran_normal,1,34,0,0,0,0,not_in_active_ul
7917,6104,greenran_normal,2,35,0,0,0,0,not_in_active_ul
7917,6104,greenran_normal,2,36,0,0,0,0,not_in_active_ul
7917,6104,greenran_normal,2,37,0,0,0,0,not_in_active_ul
7917,6104,greenran_normal,2,38,0,0,0,0,not_in_active_ul
7917,6104,greenran_normal,2,39,0,0,0,0,not_in_active_ul
7917,6104,greenran_normal,2,40,0,0,0,0,not_in_active_ul
7917,6104,greenran_normal,2,41,0,0,0,0,not_in_active_ul
7917,6104,greenran_normal,2,42,0,0,0,0,not_in_active_ul
7917,6104,greenran_normal,2,43,0,0,0,0,not_in_active_ul
7917,6104,greenran_normal,2,44,0,0,0,0,not_in_active_ul
7917,6104,greenran_normal,2,55,0,0,0,0,not_in_active_ul
7917,6104,greenran_normal,2,56,0,0,0,0,not_in_active_ul
7917,6104,greenran_normal,2,57,0,0,0,0,not_in_active_ul
7917,6104,greenran_normal,2,58,0,0,0,0,not_in_active_ul
7917,6104,greenran_normal,2,59,0,0,0,0,not_in_active_ul
7917,6104,greenran_normal,2,60,0,0,0,0,not_in_active_ul
7917,6104,greenran_normal,2,61,0,0,0,0,not_in_active_ul
7917,6104,greenran_normal,2,62,0,0,0,0,not_in_active_ul
7917,6104,greenran_normal,2,63,0,0,0,0,not_in_active_ul
7917,6104,greenran_normal,2,64,0,0,0,0,not_in_active_ul
8058,6204,greenran_normal,0,1,1,1200005,0,0,in_active_ul
8058,6204,greenran_normal,0,2,1,1200005,0,0,in_active_ul
8058,6204,greenran_normal,0,3,1,1200005,0,0,in_active_ul
8058,6204,greenran_normal,0,4,0,0,0,0,not_in_active_ul
8058,6204,greenran_normal,0,5,1,1200005,0,0,in_active_ul
8058,6204,greenran_normal,1,6,0,0,0,0,not_in_active_ul
8058,6204,greenran_normal,1,7,0,0,0,0,not_in_active_ul
8058,6204,greenran_normal,1,8,0,0,0,0,not_in_active_ul
8058,6204,greenran_normal,1,9,0,0,0,0,not_in_active_ul
8058,6204,greenran_normal,1,10,0,0,0,0,not_in_active_ul
8058,6204,greenran_normal,1,11,0,0,0,0,not_in_active_ul
8058,6204,greenran_normal,1,12,0,0,0,0,not_in_active_ul
8058,6204,greenran_normal,1,34,0,0,0,0,not_in_active_ul
8058,6204,greenran_normal,2,35,0,0,0,0,not_in_active_ul
8058,6204,greenran_normal,2,36,0,0,0,0,not_in_active_ul
8058,6204,greenran_normal,2,37,0,0,0,0,not_in_active_ul
8058,6204,greenran_normal,2,38,0,0,0,0,not_in_active_ul
8058,6204,greenran_normal,2,39,0,0,0,0,not_in_active_ul
8058,6204,greenran_normal,2,40,0,0,0,0,not_in_active_ul
8058,6204,greenran_normal,2,41,0,0,0,0,not_in_active_ul
8058,6204,greenran_normal,2,42,0,0,0,0,not_in_active_ul
8058,6204,greenran_normal,2,43,0,0,0,0,not_in_active_ul
8058,6204,greenran_normal,2,44,0,0,0,0,not_in_active_ul
8058,6204,greenran_normal,2,55,0,0,0,0,not_in_active_ul
8058,6204,greenran_normal,2,56,0,0,0,0,not_in_active_ul
8058,6204,greenran_normal,2,57,0,0,0,0,not_in_active_ul
8058,6204,greenran_normal,2,58,0,0,0,0,not_in_active_ul
8058,6204,greenran_normal,2,59,0,0,0,0,not_in_active_ul
8058,6204,greenran_normal,2,60,0,0,0,0,not_in_active_ul
8058,6204,greenran_normal,2,61,0,0,0,0,not_in_active_ul
8058,6204,greenran_normal,2,62,0,0,0,0,not_in_active_ul
8058,6204,greenran_normal,2,63,0,0,0,0,not_in_active_ul
8058,6204,greenran_normal,2,64,0,0,0,0,not_in_active_ul
8197,6304,greenran_normal,0,1,1,1199823,0,0,in_active_ul
8197,6304,greenran_normal,0,2,1,1199882,0,0,in_active_ul
8197,6304,greenran_normal,0,3,1,1199759,0,0,in_active_ul
8197,6304,greenran_normal,0,4,0,0,0,0,not_in_active_ul
8197,6304,greenran_normal,0,5,1,1200005,0,0,in_active_ul
8197,6304,greenran_normal,1,6,0,0,0,0,not_in_active_ul
8197,6304,greenran_normal,1,7,0,0,0,0,not_in_active_ul
8197,6304,greenran_normal,1,8,0,0,0,0,not_in_active_ul
8197,6304,greenran_normal,1,9,0,0,0,0,not_in_active_ul
8197,6304,greenran_normal,1,10,0,0,0,0,not_in_active_ul
8197,6304,greenran_normal,1,11,0,0,0,0,not_in_active_ul
8197,6304,greenran_normal,1,12,0,0,0,0,not_in_active_ul
8197,6304,greenran_normal,1,34,0,0,0,0,not_in_active_ul
8197,6304,greenran_normal,2,35,0,0,0,0,not_in_active_ul
8197,6304,greenran_normal,2,36,0,0,0,0,not_in_active_ul
8197,6304,greenran_normal,2,37,0,0,0,0,not_in_active_ul
8197,6304,greenran_normal,2,38,0,0,0,0,not_in_active_ul
8197,6304,greenran_normal,2,39,0,0,0,0,not_in_active_ul
8197,6304,greenran_normal,2,40,1,147,0,0,in_active_ul
8197,6304,greenran_normal,2,41,1,147,0,0,in_active_ul
8197,6304,greenran_normal,2,42,0,0,0,0,not_in_active_ul
8197,6304,greenran_normal,2,43,0,0,0,0,not_in_active_ul
8197,6304,greenran_normal,2,44,0,0,0,0,not_in_active_ul
8197,6304,greenran_normal,2,55,1,147,0,0,in_active_ul
8197,6304,greenran_normal,2,56,0,0,0,0,not_in_active_ul
8197,6304,greenran_normal,2,57,0,0,0,0,not_in_active_ul
8197,6304,greenran_normal,2,58,0,0,0,0,not_in_active_ul
8197,6304,greenran_normal,2,59,0,0,0,0,not_in_active_ul
8197,6304,greenran_normal,2,60,0,0,0,0,not_in_active_ul
8197,6304,greenran_normal,2,61,0,0,0,0,not_in_active_ul
8197,6304,greenran_normal,2,62,1,147,0,0,in_active_ul
8197,6304,greenran_normal,2,63,0,0,0,0,not_in_active_ul
8197,6304,greenran_normal,2,64,0,0,0,0,not_in_active_ul
8350,6404,greenran_normal,0,1,1,1200005,0,0,in_active_ul
8350,6404,greenran_normal,0,2,1,1199989,0,0,in_active_ul
8350,6404,greenran_normal,0,3,1,1200005,0,0,in_active_ul
8350,6404,greenran_normal,0,4,0,0,0,0,not_in_active_ul
8350,6404,greenran_normal,0,5,1,1200005,0,0,in_active_ul
8350,6404,greenran_normal,1,6,0,0,0,0,not_in_active_ul
8350,6404,greenran_normal,1,7,0,0,0,0,not_in_active_ul
8350,6404,greenran_normal,1,8,0,0,0,0,not_in_active_ul
8350,6404,greenran_normal,1,9,0,0,0,0,not_in_active_ul
8350,6404,greenran_normal,1,10,0,0,0,0,not_in_active_ul
8350,6404,greenran_normal,1,11,0,0,0,0,not_in_active_ul
8350,6404,greenran_normal,1,12,0,0,0,0,not_in_active_ul
8350,6404,greenran_normal,1,34,0,0,0,0,not_in_active_ul
8350,6404,greenran_normal,2,35,0,0,0,0,not_in_active_ul
8350,6404,greenran_normal,2,36,0,0,0,0,not_in_active_ul
8350,6404,greenran_normal,2,37,0,0,0,0,not_in_active_ul
8350,6404,greenran_normal,2,38,0,0,0,0,not_in_active_ul
8350,6404,greenran_normal,2,39,0,0,0,0,not_in_active_ul
8350,6404,greenran_normal,2,40,0,0,0,0,not_in_active_ul
8350,6404,greenran_normal,2,41,0,0,0,0,not_in_active_ul
8350,6404,greenran_normal,2,42,0,0,0,0,not_in_active_ul
8350,6404,greenran_normal,2,43,0,0,0,0,not_in_active_ul
8350,6404,greenran_normal,2,44,0,0,0,0,not_in_active_ul
8350,6404,greenran_normal,2,55,0,0,0,0,not_in_active_ul
8350,6404,greenran_normal,2,56,0,0,0,0,not_in_active_ul
8350,6404,greenran_normal,2,57,0,0,0,0,not_in_active_ul
8350,6404,greenran_normal,2,58,0,0,0,0,not_in_active_ul
8350,6404,greenran_normal,2,59,0,0,0,0,not_in_active_ul
8350,6404,greenran_normal,2,60,0,0,0,0,not_in_active_ul
8350,6404,greenran_normal,2,61,0,0,0,0,not_in_active_ul
8350,6404,greenran_normal,2,62,0,0,0,0,not_in_active_ul
8350,6404,greenran_normal,2,63,0,0,0,0,not_in_active_ul
8350,6404,greenran_normal,2,64,0,0,0,0,not_in_active_ul
8491,6504,greenran_normal,0,1,1,1200005,0,0,in_active_ul
8491,6504,greenran_normal,0,2,1,1200005,0,0,in_active_ul
8491,6504,greenran_normal,0,3,1,1200005,0,0,in_active_ul
8491,6504,greenran_normal,0,4,0,0,0,0,not_in_active_ul
8491,6504,greenran_normal,0,5,1,1200005,0,0,in_active_ul
8491,6504,greenran_normal,1,6,0,0,0,0,not_in_active_ul
8491,6504,greenran_normal,1,7,0,0,0,0,not_in_active_ul
8491,6504,greenran_normal,1,8,0,0,0,0,not_in_active_ul
8491,6504,greenran_normal,1,9,0,0,0,0,not_in_active_ul
8491,6504,greenran_normal,1,10,0,0,0,0,not_in_active_ul
8491,6504,greenran_normal,1,11,0,0,0,0,not_in_active_ul
8491,6504,greenran_normal,1,12,0,0,0,0,not_in_active_ul
8491,6504,greenran_normal,1,34,0,0,0,0,not_in_active_ul
8491,6504,greenran_normal,2,35,0,0,0,0,not_in_active_ul
8491,6504,greenran_normal,2,36,0,0,0,0,not_in_active_ul
8491,6504,greenran_normal,2,37,0,0,0,0,not_in_active_ul
8491,6504,greenran_normal,2,38,0,0,0,0,not_in_active_ul
8491,6504,greenran_normal,2,39,0,0,0,0,not_in_active_ul
8491,6504,greenran_normal,2,40,1,43,0,0,in_active_ul
8491,6504,greenran_normal,2,41,1,43,0,0,in_active_ul
8491,6504,greenran_normal,2,42,0,0,0,0,not_in_active_ul
8491,6504,greenran_normal,2,43,0,0,0,0,not_in_active_ul
8491,6504,greenran_normal,2,44,0,0,0,0,not_in_active_ul
8491,6504,greenran_normal,2,55,1,43,0,0,in_active_ul
8491,6504,greenran_normal,2,56,0,0,0,0,not_in_active_ul
8491,6504,greenran_normal,2,57,0,0,0,0,not_in_active_ul
8491,6504,greenran_normal,2,58,0,0,0,0,not_in_active_ul
8491,6504,greenran_normal,2,59,0,0,0,0,not_in_active_ul
8491,6504,greenran_normal,2,60,0,0,0,0,not_in_active_ul
8491,6504,greenran_normal,2,61,0,0,0,0,not_in_active_ul
8491,6504,greenran_normal,2,62,1,43,0,0,in_active_ul
8491,6504,greenran_normal,2,63,0,0,0,0,not_in_active_ul
8491,6504,greenran_normal,2,64,0,0,0,0,not_in_active_ul
8634,6604,greenran_normal,0,1,1,1199963,0,0,in_active_ul
8634,6604,greenran_normal,0,2,1,1200005,0,0,in_active_ul
8634,6604,greenran_normal,0,3,1,1199496,0,0,in_active_ul
8634,6604,greenran_normal,0,4,0,0,0,0,not_in_active_ul
8634,6604,greenran_normal,0,5,1,1199882,0,0,in_active_ul
8634,6604,greenran_normal,1,6,0,0,0,0,not_in_active_ul
8634,6604,greenran_normal,1,7,0,0,0,0,not_in_active_ul
8634,6604,greenran_normal,1,8,0,0,0,0,not_in_active_ul
8634,6604,greenran_normal,1,9,0,0,0,0,not_in_active_ul
8634,6604,greenran_normal,1,10,0,0,0,0,not_in_active_ul
8634,6604,greenran_normal,1,11,0,0,0,0,not_in_active_ul
8634,6604,greenran_normal,1,12,0,0,0,0,not_in_active_ul
8634,6604,greenran_normal,1,34,0,0,0,0,not_in_active_ul
8634,6604,greenran_normal,2,35,0,0,0,0,not_in_active_ul
8634,6604,greenran_normal,2,36,0,0,0,0,not_in_active_ul
8634,6604,greenran_normal,2,37,0,0,0,0,not_in_active_ul
8634,6604,greenran_normal,2,38,0,0,0,0,not_in_active_ul
8634,6604,greenran_normal,2,39,0,0,0,0,not_in_active_ul
8634,6604,greenran_normal,2,40,0,0,0,0,not_in_active_ul
8634,6604,greenran_normal,2,41,0,0,0,0,not_in_active_ul
8634,6604,greenran_normal,2,42,0,0,0,0,not_in_active_ul
8634,6604,greenran_normal,2,43,0,0,0,0,not_in_active_ul
8634,6604,greenran_normal,2,44,0,0,0,0,not_in_active_ul
8634,6604,greenran_normal,2,55,0,0,0,0,not_in_active_ul
8634,6604,greenran_normal,2,56,0,0,0,0,not_in_active_ul
8634,6604,greenran_normal,2,57,0,0,0,0,not_in_active_ul
8634,6604,greenran_normal,2,58,0,0,0,0,not_in_active_ul
8634,6604,greenran_normal,2,59,0,0,0,0,not_in_active_ul
8634,6604,greenran_normal,2,60,0,0,0,0,not_in_active_ul
8634,6604,greenran_normal,2,61,0,0,0,0,not_in_active_ul
8634,6604,greenran_normal,2,62,0,0,0,0,not_in_active_ul
8634,6604,greenran_normal,2,63,0,0,0,0,not_in_active_ul
8634,6604,greenran_normal,2,64,0,0,0,0,not_in_active_ul
8774,6704,greenran_normal,0,1,0,0,0,0,not_in_active_ul
8774,6704,greenran_normal,0,2,0,0,0,0,not_in_active_ul
8774,6704,greenran_normal,0,3,1,1200005,0,0,in_active_ul
8774,6704,greenran_normal,0,4,1,1200005,0,0,in_active_ul
8774,6704,greenran_normal,0,5,1,1200005,0,0,in_active_ul
8774,6704,greenran_normal,1,6,0,0,0,0,not_in_active_ul
8774,6704,greenran_normal,1,7,0,0,0,0,not_in_active_ul
8774,6704,greenran_normal,1,8,0,0,0,0,not_in_active_ul
8774,6704,greenran_normal,1,9,0,0,0,0,not_in_active_ul
8774,6704,greenran_normal,1,10,0,0,0,0,not_in_active_ul
8774,6704,greenran_normal,1,11,0,0,0,0,not_in_active_ul
8774,6704,greenran_normal,1,12,0,0,0,0,not_in_active_ul
8774,6704,greenran_normal,1,34,0,0,0,0,not_in_active_ul
8774,6704,greenran_normal,2,35,0,0,0,0,not_in_active_ul
8774,6704,greenran_normal,2,36,0,0,0,0,not_in_active_ul
8774,6704,greenran_normal,2,37,0,0,0,0,not_in_active_ul
8774,6704,greenran_normal,2,38,0,0,0,0,not_in_active_ul
8774,6704,greenran_normal,2,39,0,0,0,0,not_in_active_ul
8774,6704,greenran_normal,2,40,0,0,0,0,not_in_active_ul
8774,6704,greenran_normal,2,41,0,0,0,0,not_in_active_ul
8774,6704,greenran_normal,2,42,0,0,0,0,not_in_active_ul
8774,6704,greenran_normal,2,43,0,0,0,0,not_in_active_ul
8774,6704,greenran_normal,2,44,0,0,0,0,not_in_active_ul
8774,6704,greenran_normal,2,55,0,0,0,0,not_in_active_ul
8774,6704,greenran_normal,2,56,0,0,0,0,not_in_active_ul
8774,6704,greenran_normal,2,57,0,0,0,0,not_in_active_ul
8774,6704,greenran_normal,2,58,0,0,0,0,not_in_active_ul
8774,6704,greenran_normal,2,59,0,0,0,0,not_in_active_ul
8774,6704,greenran_normal,2,60,0,0,0,0,not_in_active_ul
8774,6704,greenran_normal,2,61,0,0,0,0,not_in_active_ul
8774,6704,greenran_normal,2,62,0,0,0,0,not_in_active_ul
8774,6704,greenran_normal,2,63,0,0,0,0,not_in_active_ul
8774,6704,greenran_normal,2,64,0,0,0,0,not_in_active_ul
8918,6804,greenran_normal,0,1,1,1199665,0,0,in_active_ul
8918,6804,greenran_normal,0,2,1,1199504,0,0,in_active_ul
8918,6804,greenran_normal,0,3,1,1197207,0,0,in_active_ul
8918,6804,greenran_normal,0,4,0,0,0,0,not_in_active_ul
8918,6804,greenran_normal,0,5,1,1199150,0,0,in_active_ul
8918,6804,greenran_normal,1,6,0,0,0,0,not_in_active_ul
8918,6804,greenran_normal,1,7,0,0,0,0,not_in_active_ul
8918,6804,greenran_normal,1,8,0,0,0,0,not_in_active_ul
8918,6804,greenran_normal,1,9,0,0,0,0,not_in_active_ul
8918,6804,greenran_normal,1,10,0,0,0,0,not_in_active_ul
8918,6804,greenran_normal,1,11,0,0,0,0,not_in_active_ul
8918,6804,greenran_normal,1,12,0,0,0,0,not_in_active_ul
8918,6804,greenran_normal,1,34,0,0,0,0,not_in_active_ul
8918,6804,greenran_normal,2,35,0,0,0,0,not_in_active_ul
8918,6804,greenran_normal,2,36,0,0,0,0,not_in_active_ul
8918,6804,greenran_normal,2,37,0,0,0,0,not_in_active_ul
8918,6804,greenran_normal,2,38,0,0,0,0,not_in_active_ul
8918,6804,greenran_normal,2,39,0,0,0,0,not_in_active_ul
8918,6804,greenran_normal,2,40,0,0,0,0,not_in_active_ul
8918,6804,greenran_normal,2,41,0,0,0,0,not_in_active_ul
8918,6804,greenran_normal,2,42,0,0,0,0,not_in_active_ul
8918,6804,greenran_normal,2,43,0,0,0,0,not_in_active_ul
8918,6804,greenran_normal,2,44,0,0,0,0,not_in_active_ul
8918,6804,greenran_normal,2,55,0,0,0,0,not_in_active_ul
8918,6804,greenran_normal,2,56,0,0,0,0,not_in_active_ul
8918,6804,greenran_normal,2,57,0,0,0,0,not_in_active_ul
8918,6804,greenran_normal,2,58,0,0,0,0,not_in_active_ul
8918,6804,greenran_normal,2,59,0,0,0,0,not_in_active_ul
8918,6804,greenran_normal,2,60,0,0,0,0,not_in_active_ul
8918,6804,greenran_normal,2,61,0,0,0,0,not_in_active_ul
8918,6804,greenran_normal,2,62,0,0,0,0,not_in_active_ul
8918,6804,greenran_normal,2,63,0,0,0,0,not_in_active_ul
8918,6804,greenran_normal,2,64,0,0,0,0,not_in_active_ul
9073,6904,greenran_normal,0,1,1,1200005,0,0,in_active_ul
9073,6904,greenran_normal,0,2,0,0,0,0,not_in_active_ul
9073,6904,greenran_normal,0,3,1,1200005,0,0,in_active_ul
9073,6904,greenran_normal,0,4,0,0,0,0,not_in_active_ul
9073,6904,greenran_normal,0,5,1,1200005,0,0,in_active_ul
9073,6904,greenran_normal,1,6,0,0,0,0,not_in_active_ul
9073,6904,greenran_normal,1,7,0,0,0,0,not_in_active_ul
9073,6904,greenran_normal,1,8,0,0,0,0,not_in_active_ul
9073,6904,greenran_normal,1,9,0,0,0,0,not_in_active_ul
9073,6904,greenran_normal,1,10,0,0,0,0,not_in_active_ul
9073,6904,greenran_normal,1,11,0,0,0,0,not_in_active_ul
9073,6904,greenran_normal,1,12,0,0,0,0,not_in_active_ul
9073,6904,greenran_normal,1,34,0,0,0,0,not_in_active_ul
9073,6904,greenran_normal,2,35,0,0,0,0,not_in_active_ul
9073,6904,greenran_normal,2,36,0,0,0,0,not_in_active_ul
9073,6904,greenran_normal,2,37,0,0,0,0,not_in_active_ul
9073,6904,greenran_normal,2,38,0,0,0,0,not_in_active_ul
9073,6904,greenran_normal,2,39,0,0,0,0,not_in_active_ul
9073,6904,greenran_normal,2,40,0,0,0,0,not_in_active_ul
9073,6904,greenran_normal,2,41,0,0,0,0,not_in_active_ul
9073,6904,greenran_normal,2,42,0,0,0,0,not_in_active_ul
9073,6904,greenran_normal,2,43,0,0,0,0,not_in_active_ul
9073,6904,greenran_normal,2,44,0,0,0,0,not_in_active_ul
9073,6904,greenran_normal,2,55,0,0,0,0,not_in_active_ul
9073,6904,greenran_normal,2,56,0,0,0,0,not_in_active_ul
9073,6904,greenran_normal,2,57,0,0,0,0,not_in_active_ul
9073,6904,greenran_normal,2,58,0,0,0,0,not_in_active_ul
9073,6904,greenran_normal,2,59,0,0,0,0,not_in_active_ul
9073,6904,greenran_normal,2,60,0,0,0,0,not_in_active_ul
9073,6904,greenran_normal,2,61,0,0,0,0,not_in_active_ul
9073,6904,greenran_normal,2,62,0,0,0,0,not_in_active_ul
9073,6904,greenran_normal,2,63,0,0,0,0,not_in_active_ul
9073,6904,greenran_normal,2,64,0,0,0,0,not_in_active_ul
9231,7004,greenran_normal,0,1,1,1199827,0,0,in_active_ul
9231,7004,greenran_normal,0,2,1,1200005,0,0,in_active_ul
9231,7004,greenran_normal,0,3,1,1200005,0,0,in_active_ul
9231,7004,greenran_normal,0,4,0,0,0,0,not_in_active_ul
9231,7004,greenran_normal,0,5,1,1199829,0,0,in_active_ul
9231,7004,greenran_normal,1,6,0,0,0,0,not_in_active_ul
9231,7004,greenran_normal,1,7,0,0,0,0,not_in_active_ul
9231,7004,greenran_normal,1,8,0,0,0,0,not_in_active_ul
9231,7004,greenran_normal,1,9,0,0,0,0,not_in_active_ul
9231,7004,greenran_normal,1,10,0,0,0,0,not_in_active_ul
9231,7004,greenran_normal,1,11,0,0,0,0,not_in_active_ul
9231,7004,greenran_normal,1,12,0,0,0,0,not_in_active_ul
9231,7004,greenran_normal,1,34,0,0,0,0,not_in_active_ul
9231,7004,greenran_normal,2,35,0,0,0,0,not_in_active_ul
9231,7004,greenran_normal,2,36,0,0,0,0,not_in_active_ul
9231,7004,greenran_normal,2,37,0,0,0,0,not_in_active_ul
9231,7004,greenran_normal,2,38,0,0,0,0,not_in_active_ul
9231,7004,greenran_normal,2,39,0,0,0,0,not_in_active_ul
9231,7004,greenran_normal,2,40,1,58,0,0,in_active_ul
9231,7004,greenran_normal,2,41,1,58,0,0,in_active_ul
9231,7004,greenran_normal,2,42,0,0,0,0,not_in_active_ul
9231,7004,greenran_normal,2,43,0,0,0,0,not_in_active_ul
9231,7004,greenran_normal,2,44,0,0,0,0,not_in_active_ul
9231,7004,greenran_normal,2,55,1,58,0,0,in_active_ul
9231,7004,greenran_normal,2,56,1,147,0,0,in_active_ul
9231,7004,greenran_normal,2,57,0,0,0,0,not_in_active_ul
9231,7004,greenran_normal,2,58,0,0,0,0,not_in_active_ul
9231,7004,greenran_normal,2,59,0,0,0,0,not_in_active_ul
9231,7004,greenran_normal,2,60,0,0,0,0,not_in_active_ul
9231,7004,greenran_normal,2,61,0,0,0,0,not_in_active_ul
9231,7004,greenran_normal,2,62,1,58,0,0,in_active_ul
9231,7004,greenran_normal,2,63,0,0,0,0,not_in_active_ul
9231,7004,greenran_normal,2,64,0,0,0,0,not_in_active_ul
9390,7104,greenran_normal,0,1,1,1199927,0,0,in_active_ul
9390,7104,greenran_normal,0,2,1,1199963,0,0,in_active_ul
9390,7104,greenran_normal,0,3,1,1200005,0,0,in_active_ul
9390,7104,greenran_normal,0,4,0,0,0,0,not_in_active_ul
9390,7104,greenran_normal,0,5,1,1199881,0,0,in_active_ul
9390,7104,greenran_normal,1,6,0,0,0,0,not_in_active_ul
9390,7104,greenran_normal,1,7,0,0,0,0,not_in_active_ul
9390,7104,greenran_normal,1,8,0,0,0,0,not_in_active_ul
9390,7104,greenran_normal,1,9,0,0,0,0,not_in_active_ul
9390,7104,greenran_normal,1,10,0,0,0,0,not_in_active_ul
9390,7104,greenran_normal,1,11,0,0,0,0,not_in_active_ul
9390,7104,greenran_normal,1,12,0,0,0,0,not_in_active_ul
9390,7104,greenran_normal,1,34,0,0,0,0,not_in_active_ul
9390,7104,greenran_normal,2,35,0,0,0,0,not_in_active_ul
9390,7104,greenran_normal,2,36,0,0,0,0,not_in_active_ul
9390,7104,greenran_normal,2,37,0,0,0,0,not_in_active_ul
9390,7104,greenran_normal,2,38,0,0,0,0,not_in_active_ul
9390,7104,greenran_normal,2,39,0,0,0,0,not_in_active_ul
9390,7104,greenran_normal,2,40,0,0,0,0,not_in_active_ul
9390,7104,greenran_normal,2,41,0,0,0,0,not_in_active_ul
9390,7104,greenran_normal,2,42,0,0,0,0,not_in_active_ul
9390,7104,greenran_normal,2,43,0,0,0,0,not_in_active_ul
9390,7104,greenran_normal,2,44,0,0,0,0,not_in_active_ul
9390,7104,greenran_normal,2,55,0,0,0,0,not_in_active_ul
9390,7104,greenran_normal,2,56,0,0,0,0,not_in_active_ul
9390,7104,greenran_normal,2,57,0,0,0,0,not_in_active_ul
9390,7104,greenran_normal,2,58,0,0,0,0,not_in_active_ul
9390,7104,greenran_normal,2,59,0,0,0,0,not_in_active_ul
9390,7104,greenran_normal,2,60,0,0,0,0,not_in_active_ul
9390,7104,greenran_normal,2,61,0,0,0,0,not_in_active_ul
9390,7104,greenran_normal,2,62,0,0,0,0,not_in_active_ul
9390,7104,greenran_normal,2,63,0,0,0,0,not_in_active_ul
9390,7104,greenran_normal,2,64,0,0,0,0,not_in_active_ul
9528,7204,greenran_normal,0,1,1,1199883,0,0,in_active_ul
9528,7204,greenran_normal,0,2,1,1199918,0,0,in_active_ul
9528,7204,greenran_normal,0,3,1,1200005,0,0,in_active_ul
9528,7204,greenran_normal,0,4,1,1199916,0,0,in_active_ul
9528,7204,greenran_normal,0,5,0,0,0,0,not_in_active_ul
9528,7204,greenran_normal,1,6,0,0,0,0,not_in_active_ul
9528,7204,greenran_normal,1,7,0,0,0,0,not_in_active_ul
9528,7204,greenran_normal,1,8,0,0,0,0,not_in_active_ul
9528,7204,greenran_normal,1,9,0,0,0,0,not_in_active_ul
9528,7204,greenran_normal,1,10,0,0,0,0,not_in_active_ul
9528,7204,greenran_normal,1,11,0,0,0,0,not_in_active_ul
9528,7204,greenran_normal,1,12,0,0,0,0,not_in_active_ul
9528,7204,greenran_normal,1,34,0,0,0,0,not_in_active_ul
9528,7204,greenran_normal,2,35,0,0,0,0,not_in_active_ul
9528,7204,greenran_normal,2,36,0,0,0,0,not_in_active_ul
9528,7204,greenran_normal,2,37,0,0,0,0,not_in_active_ul
9528,7204,greenran_normal,2,38,0,0,0,0,not_in_active_ul
9528,7204,greenran_normal,2,39,0,0,0,0,not_in_active_ul
9528,7204,greenran_normal,2,40,0,0,0,0,not_in_active_ul
9528,7204,greenran_normal,2,41,0,0,0,0,not_in_active_ul
9528,7204,greenran_normal,2,42,0,0,0,0,not_in_active_ul
9528,7204,greenran_normal,2,43,0,0,0,0,not_in_active_ul
9528,7204,greenran_normal,2,44,0,0,0,0,not_in_active_ul
9528,7204,greenran_normal,2,55,0,0,0,0,not_in_active_ul
9528,7204,greenran_normal,2,56,0,0,0,0,not_in_active_ul
9528,7204,greenran_normal,2,57,0,0,0,0,not_in_active_ul
9528,7204,greenran_normal,2,58,0,0,0,0,not_in_active_ul
9528,7204,greenran_normal,2,59,0,0,0,0,not_in_active_ul
9528,7204,greenran_normal,2,60,0,0,0,0,not_in_active_ul
9528,7204,greenran_normal,2,61,0,0,0,0,not_in_active_ul
9528,7204,greenran_normal,2,62,0,0,0,0,not_in_active_ul
9528,7204,greenran_normal,2,63,0,0,0,0,not_in_active_ul
9528,7204,greenran_normal,2,64,0,0,0,0,not_in_active_ul
9655,7304,greenran_normal,0,1,1,1200005,0,0,in_active_ul
9655,7304,greenran_normal,0,2,1,1200005,0,0,in_active_ul
9655,7304,greenran_normal,0,3,1,1199895,0,0,in_active_ul
9655,7304,greenran_normal,0,4,1,1200005,0,0,in_active_ul
9655,7304,greenran_normal,0,5,1,1199995,0,0,in_active_ul
9655,7304,greenran_normal,1,6,0,0,0,0,not_in_active_ul
9655,7304,greenran_normal,1,7,0,0,0,0,not_in_active_ul
9655,7304,greenran_normal,1,8,0,0,0,0,not_in_active_ul
9655,7304,greenran_normal,1,9,0,0,0,0,not_in_active_ul
9655,7304,greenran_normal,1,10,0,0,0,0,not_in_active_ul
9655,7304,greenran_normal,1,11,0,0,0,0,not_in_active_ul
9655,7304,greenran_normal,1,12,0,0,0,0,not_in_active_ul
9655,7304,greenran_normal,1,34,0,0,0,0,not_in_active_ul
9655,7304,greenran_normal,2,35,0,0,0,0,not_in_active_ul
9655,7304,greenran_normal,2,36,0,0,0,0,not_in_active_ul
9655,7304,greenran_normal,2,37,0,0,0,0,not_in_active_ul
9655,7304,greenran_normal,2,38,0,0,0,0,not_in_active_ul
9655,7304,greenran_normal,2,39,0,0,0,0,not_in_active_ul
9655,7304,greenran_normal,2,40,0,0,0,0,not_in_active_ul
9655,7304,greenran_normal,2,41,0,0,0,0,not_in_active_ul
9655,7304,greenran_normal,2,42,0,0,0,0,not_in_active_ul
9655,7304,greenran_normal,2,43,0,0,0,0,not_in_active_ul
9655,7304,greenran_normal,2,44,0,0,0,0,not_in_active_ul
9655,7304,greenran_normal,2,55,0,0,0,0,not_in_active_ul
9655,7304,greenran_normal,2,56,0,0,0,0,not_in_active_ul
9655,7304,greenran_normal,2,57,0,0,0,0,not_in_active_ul
9655,7304,greenran_normal,2,58,0,0,0,0,not_in_active_ul
9655,7304,greenran_normal,2,59,0,0,0,0,not_in_active_ul
9655,7304,greenran_normal,2,60,0,0,0,0,not_in_active_ul
9655,7304,greenran_normal,2,61,0,0,0,0,not_in_active_ul
9655,7304,greenran_normal,2,62,0,0,0,0,not_in_active_ul
9655,7304,greenran_normal,2,63,0,0,0,0,not_in_active_ul
9655,7304,greenran_normal,2,64,0,0,0,0,not_in_active_ul
9786,7404,greenran_normal,0,1,1,1200005,0,0,in_active_ul
9786,7404,greenran_normal,0,2,1,1199963,0,0,in_active_ul
9786,7404,greenran_normal,0,3,1,1199941,0,0,in_active_ul
9786,7404,greenran_normal,0,4,0,0,0,0,not_in_active_ul
9786,7404,greenran_normal,0,5,1,1199849,0,0,in_active_ul
9786,7404,greenran_normal,1,6,0,0,0,0,not_in_active_ul
9786,7404,greenran_normal,1,7,0,0,0,0,not_in_active_ul
9786,7404,greenran_normal,1,8,0,0,0,0,not_in_active_ul
9786,7404,greenran_normal,1,9,0,0,0,0,not_in_active_ul
9786,7404,greenran_normal,1,10,0,0,0,0,not_in_active_ul
9786,7404,greenran_normal,1,11,0,0,0,0,not_in_active_ul
9786,7404,greenran_normal,1,12,0,0,0,0,not_in_active_ul
9786,7404,greenran_normal,1,34,0,0,0,0,not_in_active_ul
9786,7404,greenran_normal,2,35,0,0,0,0,not_in_active_ul
9786,7404,greenran_normal,2,36,0,0,0,0,not_in_active_ul
9786,7404,greenran_normal,2,37,0,0,0,0,not_in_active_ul
9786,7404,greenran_normal,2,38,0,0,0,0,not_in_active_ul
9786,7404,greenran_normal,2,39,0,0,0,0,not_in_active_ul
9786,7404,greenran_normal,2,40,0,0,0,0,not_in_active_ul
9786,7404,greenran_normal,2,41,0,0,0,0,not_in_active_ul
9786,7404,greenran_normal,2,42,0,0,0,0,not_in_active_ul
9786,7404,greenran_normal,2,43,0,0,0,0,not_in_active_ul
9786,7404,greenran_normal,2,44,0,0,0,0,not_in_active_ul
9786,7404,greenran_normal,2,55,0,0,0,0,not_in_active_ul
9786,7404,greenran_normal,2,56,0,0,0,0,not_in_active_ul
9786,7404,greenran_normal,2,57,0,0,0,0,not_in_active_ul
9786,7404,greenran_normal,2,58,0,0,0,0,not_in_active_ul
9786,7404,greenran_normal,2,59,0,0,0,0,not_in_active_ul
9786,7404,greenran_normal,2,60,0,0,0,0,not_in_active_ul
9786,7404,greenran_normal,2,61,0,0,0,0,not_in_active_ul
9786,7404,greenran_normal,2,62,0,0,0,0,not_in_active_ul
9786,7404,greenran_normal,2,63,0,0,0,0,not_in_active_ul
9786,7404,greenran_normal,2,64,0,0,0,0,not_in_active_ul
9916,7504,greenran_normal,0,1,1,1200005,0,0,in_active_ul
9916,7504,greenran_normal,0,2,1,1200005,0,0,in_active_ul
9916,7504,greenran_normal,0,3,1,1199902,0,0,in_active_ul
9916,7504,greenran_normal,0,4,1,1200005,0,0,in_active_ul
9916,7504,greenran_normal,0,5,1,1200005,0,0,in_active_ul
9916,7504,greenran_normal,1,6,0,0,0,0,not_in_active_ul
9916,7504,greenran_normal,1,7,0,0,0,0,not_in_active_ul
9916,7504,greenran_normal,1,8,0,0,0,0,not_in_active_ul
9916,7504,greenran_normal,1,9,0,0,0,0,not_in_active_ul
9916,7504,greenran_normal,1,10,0,0,0,0,not_in_active_ul
9916,7504,greenran_normal,1,11,0,0,0,0,not_in_active_ul
9916,7504,greenran_normal,1,12,0,0,0,0,not_in_active_ul
9916,7504,greenran_normal,1,34,0,0,0,0,not_in_active_ul
9916,7504,greenran_normal,2,35,0,0,0,0,not_in_active_ul
9916,7504,greenran_normal,2,36,0,0,0,0,not_in_active_ul
9916,7504,greenran_normal,2,37,0,0,0,0,not_in_active_ul
9916,7504,greenran_normal,2,38,0,0,0,0,not_in_active_ul
9916,7504,greenran_normal,2,39,0,0,0,0,not_in_active_ul
9916,7504,greenran_normal,2,40,0,0,0,0,not_in_active_ul
9916,7504,greenran_normal,2,41,0,0,0,0,not_in_active_ul
9916,7504,greenran_normal,2,42,0,0,0,0,not_in_active_ul
9916,7504,greenran_normal,2,43,0,0,0,0,not_in_active_ul
9916,7504,greenran_normal,2,44,0,0,0,0,not_in_active_ul
9916,7504,greenran_normal,2,55,0,0,0,0,not_in_active_ul
9916,7504,greenran_normal,2,56,0,0,0,0,not_in_active_ul
9916,7504,greenran_normal,2,57,0,0,0,0,not_in_active_ul
9916,7504,greenran_normal,2,58,0,0,0,0,not_in_active_ul
9916,7504,greenran_normal,2,59,0,0,0,0,not_in_active_ul
9916,7504,greenran_normal,2,60,0,0,0,0,not_in_active_ul
9916,7504,greenran_normal,2,61,0,0,0,0,not_in_active_ul
9916,7504,greenran_normal,2,62,0,0,0,0,not_in_active_ul
9916,7504,greenran_normal,2,63,0,0,0,0,not_in_active_ul
9916,7504,greenran_normal,2,64,0,0,0,0,not_in_active_ul
10058,7604,greenran_normal,0,1,1,1199869,0,0,in_active_ul
10058,7604,greenran_normal,0,2,1,1200005,0,0,in_active_ul
10058,7604,greenran_normal,0,3,1,1200005,0,0,in_active_ul
10058,7604,greenran_normal,0,4,0,0,0,0,not_in_active_ul
10058,7604,greenran_normal,0,5,1,1199905,0,0,in_active_ul
10058,7604,greenran_normal,1,6,0,0,0,0,not_in_active_ul
10058,7604,greenran_normal,1,7,0,0,0,0,not_in_active_ul
10058,7604,greenran_normal,1,8,0,0,0,0,not_in_active_ul
10058,7604,greenran_normal,1,9,0,0,0,0,not_in_active_ul
10058,7604,greenran_normal,1,10,0,0,0,0,not_in_active_ul
10058,7604,greenran_normal,1,11,0,0,0,0,not_in_active_ul
10058,7604,greenran_normal,1,12,0,0,0,0,not_in_active_ul
10058,7604,greenran_normal,1,34,0,0,0,0,not_in_active_ul
10058,7604,greenran_normal,2,35,0,0,0,0,not_in_active_ul
10058,7604,greenran_normal,2,36,0,0,0,0,not_in_active_ul
10058,7604,greenran_normal,2,37,0,0,0,0,not_in_active_ul
10058,7604,greenran_normal,2,38,0,0,0,0,not_in_active_ul
10058,7604,greenran_normal,2,39,0,0,0,0,not_in_active_ul
10058,7604,greenran_normal,2,40,0,0,0,0,not_in_active_ul
10058,7604,greenran_normal,2,41,0,0,0,0,not_in_active_ul
10058,7604,greenran_normal,2,42,0,0,0,0,not_in_active_ul
10058,7604,greenran_normal,2,43,0,0,0,0,not_in_active_ul
10058,7604,greenran_normal,2,44,0,0,0,0,not_in_active_ul
10058,7604,greenran_normal,2,55,0,0,0,0,not_in_active_ul
10058,7604,greenran_normal,2,56,1,107,0,0,in_active_ul
10058,7604,greenran_normal,2,57,0,0,0,0,not_in_active_ul
10058,7604,greenran_normal,2,58,0,0,0,0,not_in_active_ul
10058,7604,greenran_normal,2,59,0,0,0,0,not_in_active_ul
10058,7604,greenran_normal,2,60,0,0,0,0,not_in_active_ul
10058,7604,greenran_normal,2,61,0,0,0,0,not_in_active_ul
10058,7604,greenran_normal,2,62,0,0,0,0,not_in_active_ul
10058,7604,greenran_normal,2,63,0,0,0,0,not_in_active_ul
10058,7604,greenran_normal,2,64,0,0,0,0,not_in_active_ul
10198,7704,greenran_normal,0,1,1,1200005,0,0,in_active_ul
10198,7704,greenran_normal,0,2,1,1200005,0,0,in_active_ul
10198,7704,greenran_normal,0,3,1,1200005,0,0,in_active_ul
10198,7704,greenran_normal,0,4,1,1200005,0,0,in_active_ul
10198,7704,greenran_normal,0,5,1,1200005,0,0,in_active_ul
10198,7704,greenran_normal,1,6,0,0,0,0,not_in_active_ul
10198,7704,greenran_normal,1,7,0,0,0,0,not_in_active_ul
10198,7704,greenran_normal,1,8,0,0,0,0,not_in_active_ul
10198,7704,greenran_normal,1,9,0,0,0,0,not_in_active_ul
10198,7704,greenran_normal,1,10,0,0,0,0,not_in_active_ul
10198,7704,greenran_normal,1,11,0,0,0,0,not_in_active_ul
10198,7704,greenran_normal,1,12,0,0,0,0,not_in_active_ul
10198,7704,greenran_normal,1,34,0,0,0,0,not_in_active_ul
10198,7704,greenran_normal,2,35,0,0,0,0,not_in_active_ul
10198,7704,greenran_normal,2,36,0,0,0,0,not_in_active_ul
10198,7704,greenran_normal,2,37,0,0,0,0,not_in_active_ul
10198,7704,greenran_normal,2,38,0,0,0,0,not_in_active_ul
10198,7704,greenran_normal,2,39,0,0,0,0,not_in_active_ul
10198,7704,greenran_normal,2,40,0,0,0,0,not_in_active_ul
10198,7704,greenran_normal,2,41,0,0,0,0,not_in_active_ul
10198,7704,greenran_normal,2,42,0,0,0,0,not_in_active_ul
10198,7704,greenran_normal,2,43,0,0,0,0,not_in_active_ul
10198,7704,greenran_normal,2,44,0,0,0,0,not_in_active_ul
10198,7704,greenran_normal,2,55,0,0,0,0,not_in_active_ul
10198,7704,greenran_normal,2,56,0,0,0,0,not_in_active_ul
10198,7704,greenran_normal,2,57,0,0,0,0,not_in_active_ul
10198,7704,greenran_normal,2,58,0,0,0,0,not_in_active_ul
10198,7704,greenran_normal,2,59,0,0,0,0,not_in_active_ul
10198,7704,greenran_normal,2,60,0,0,0,0,not_in_active_ul
10198,7704,greenran_normal,2,61,0,0,0,0,not_in_active_ul
10198,7704,greenran_normal,2,62,0,0,0,0,not_in_active_ul
10198,7704,greenran_normal,2,63,0,0,0,0,not_in_active_ul
10198,7704,greenran_normal,2,64,0,0,0,0,not_in_active_ul
10327,7804,greenran_normal,0,1,1,1200005,0,0,in_active_ul
10327,7804,greenran_normal,0,2,1,1200005,0,0,in_active_ul
10327,7804,greenran_normal,0,3,1,1200005,0,0,in_active_ul
10327,7804,greenran_normal,0,4,0,0,0,0,not_in_active_ul
10327,7804,greenran_normal,0,5,1,1200005,0,0,in_active_ul
10327,7804,greenran_normal,1,6,0,0,0,0,not_in_active_ul
10327,7804,greenran_normal,1,7,0,0,0,0,not_in_active_ul
10327,7804,greenran_normal,1,8,0,0,0,0,not_in_active_ul
10327,7804,greenran_normal,1,9,0,0,0,0,not_in_active_ul
10327,7804,greenran_normal,1,10,0,0,0,0,not_in_active_ul
10327,7804,greenran_normal,1,11,0,0,0,0,not_in_active_ul
10327,7804,greenran_normal,1,12,0,0,0,0,not_in_active_ul
10327,7804,greenran_normal,1,34,0,0,0,0,not_in_active_ul
10327,7804,greenran_normal,2,35,0,0,0,0,not_in_active_ul
10327,7804,greenran_normal,2,36,0,0,0,0,not_in_active_ul
10327,7804,greenran_normal,2,37,0,0,0,0,not_in_active_ul
10327,7804,greenran_normal,2,38,0,0,0,0,not_in_active_ul
10327,7804,greenran_normal,2,39,0,0,0,0,not_in_active_ul
10327,7804,greenran_normal,2,40,0,0,0,0,not_in_active_ul
10327,7804,greenran_normal,2,41,0,0,0,0,not_in_active_ul
10327,7804,greenran_normal,2,42,0,0,0,0,not_in_active_ul
10327,7804,greenran_normal,2,43,0,0,0,0,not_in_active_ul
10327,7804,greenran_normal,2,44,0,0,0,0,not_in_active_ul
10327,7804,greenran_normal,2,55,0,0,0,0,not_in_active_ul
10327,7804,greenran_normal,2,56,0,0,0,0,not_in_active_ul
10327,7804,greenran_normal,2,57,0,0,0,0,not_in_active_ul
10327,7804,greenran_normal,2,58,0,0,0,0,not_in_active_ul
10327,7804,greenran_normal,2,59,0,0,0,0,not_in_active_ul
10327,7804,greenran_normal,2,60,0,0,0,0,not_in_active_ul
10327,7804,greenran_normal,2,61,0,0,0,0,not_in_active_ul
10327,7804,greenran_normal,2,62,0,0,0,0,not_in_active_ul
10327,7804,greenran_normal,2,63,0,0,0,0,not_in_active_ul
10327,7804,greenran_normal,2,64,0,0,0,0,not_in_active_ul
10481,7904,greenran_normal,0,1,1,1200005,0,0,in_active_ul
10481,7904,greenran_normal,0,2,1,1200005,0,0,in_active_ul
10481,7904,greenran_normal,0,3,1,1199337,0,0,in_active_ul
10481,7904,greenran_normal,0,4,0,0,0,0,not_in_active_ul
10481,7904,greenran_normal,0,5,1,1200005,0,0,in_active_ul
10481,7904,greenran_normal,1,6,0,0,0,0,not_in_active_ul
10481,7904,greenran_normal,1,7,0,0,0,0,not_in_active_ul
10481,7904,greenran_normal,1,8,0,0,0,0,not_in_active_ul
10481,7904,greenran_normal,1,9,0,0,0,0,not_in_active_ul
10481,7904,greenran_normal,1,10,0,0,0,0,not_in_active_ul
10481,7904,greenran_normal,1,11,0,0,0,0,not_in_active_ul
10481,7904,greenran_normal,1,12,0,0,0,0,not_in_active_ul
10481,7904,greenran_normal,1,34,0,0,0,0,not_in_active_ul
10481,7904,greenran_normal,2,35,0,0,0,0,not_in_active_ul
10481,7904,greenran_normal,2,36,0,0,0,0,not_in_active_ul
10481,7904,greenran_normal,2,37,0,0,0,0,not_in_active_ul
10481,7904,greenran_normal,2,38,0,0,0,0,not_in_active_ul
10481,7904,greenran_normal,2,39,0,0,0,0,not_in_active_ul
10481,7904,greenran_normal,2,40,0,0,0,0,not_in_active_ul
10481,7904,greenran_normal,2,41,0,0,0,0,not_in_active_ul
10481,7904,greenran_normal,2,42,0,0,0,0,not_in_active_ul
10481,7904,greenran_normal,2,43,0,0,0,0,not_in_active_ul
10481,7904,greenran_normal,2,44,0,0,0,0,not_in_active_ul
10481,7904,greenran_normal,2,55,0,0,0,0,not_in_active_ul
10481,7904,greenran_normal,2,56,0,0,0,0,not_in_active_ul
10481,7904,greenran_normal,2,57,0,0,0,0,not_in_active_ul
10481,7904,greenran_normal,2,58,0,0,0,0,not_in_active_ul
10481,7904,greenran_normal,2,59,0,0,0,0,not_in_active_ul
10481,7904,greenran_normal,2,60,0,0,0,0,not_in_active_ul
10481,7904,greenran_normal,2,61,0,0,0,0,not_in_active_ul
10481,7904,greenran_normal,2,62,0,0,0,0,not_in_active_ul
10481,7904,greenran_normal,2,63,0,0,0,0,not_in_active_ul
10481,7904,greenran_normal,2,64,0,0,0,0,not_in_active_ul
10617,8004,greenran_normal,0,1,1,1200005,0,0,in_active_ul
10617,8004,greenran_normal,0,2,1,1200005,0,0,in_active_ul
10617,8004,greenran_normal,0,3,1,1199905,0,0,in_active_ul
10617,8004,greenran_normal,0,4,0,0,0,0,not_in_active_ul
10617,8004,greenran_normal,0,5,1,1199982,0,0,in_active_ul
10617,8004,greenran_normal,1,6,0,0,0,0,not_in_active_ul
10617,8004,greenran_normal,1,7,0,0,0,0,not_in_active_ul
10617,8004,greenran_normal,1,8,0,0,0,0,not_in_active_ul
10617,8004,greenran_normal,1,9,0,0,0,0,not_in_active_ul
10617,8004,greenran_normal,1,10,0,0,0,0,not_in_active_ul
10617,8004,greenran_normal,1,11,0,0,0,0,not_in_active_ul
10617,8004,greenran_normal,1,12,0,0,0,0,not_in_active_ul
10617,8004,greenran_normal,1,34,0,0,0,0,not_in_active_ul
10617,8004,greenran_normal,2,35,0,0,0,0,not_in_active_ul
10617,8004,greenran_normal,2,36,0,0,0,0,not_in_active_ul
10617,8004,greenran_normal,2,37,0,0,0,0,not_in_active_ul
10617,8004,greenran_normal,2,38,0,0,0,0,not_in_active_ul
10617,8004,greenran_normal,2,39,0,0,0,0,not_in_active_ul
10617,8004,greenran_normal,2,40,0,0,0,0,not_in_active_ul
10617,8004,greenran_normal,2,41,0,0,0,0,not_in_active_ul
10617,8004,greenran_normal,2,42,0,0,0,0,not_in_active_ul
10617,8004,greenran_normal,2,43,0,0,0,0,not_in_active_ul
10617,8004,greenran_normal,2,44,0,0,0,0,not_in_active_ul
10617,8004,greenran_normal,2,55,0,0,0,0,not_in_active_ul
10617,8004,greenran_normal,2,56,0,0,0,0,not_in_active_ul
10617,8004,greenran_normal,2,57,0,0,0,0,not_in_active_ul
10617,8004,greenran_normal,2,58,0,0,0,0,not_in_active_ul
10617,8004,greenran_normal,2,59,0,0,0,0,not_in_active_ul
10617,8004,greenran_normal,2,60,0,0,0,0,not_in_active_ul
10617,8004,greenran_normal,2,61,0,0,0,0,not_in_active_ul
10617,8004,greenran_normal,2,62,0,0,0,0,not_in_active_ul
10617,8004,greenran_normal,2,63,0,0,0,0,not_in_active_ul
10617,8004,greenran_normal,2,64,0,0,0,0,not_in_active_ul
10767,8105,greenran_normal,0,1,1,1199723,0,0,in_active_ul
10767,8105,greenran_normal,0,2,1,1199656,0,0,in_active_ul
10767,8105,greenran_normal,0,3,1,1198804,0,0,in_active_ul
10767,8105,greenran_normal,0,4,0,0,0,0,not_in_active_ul
10767,8105,greenran_normal,0,5,1,1200005,0,0,in_active_ul
10767,8105,greenran_normal,1,6,0,0,0,0,not_in_active_ul
10767,8105,greenran_normal,1,7,0,0,0,0,not_in_active_ul
10767,8105,greenran_normal,1,8,0,0,0,0,not_in_active_ul
10767,8105,greenran_normal,1,9,0,0,0,0,not_in_active_ul
10767,8105,greenran_normal,1,10,0,0,0,0,not_in_active_ul
10767,8105,greenran_normal,1,11,0,0,0,0,not_in_active_ul
10767,8105,greenran_normal,1,12,0,0,0,0,not_in_active_ul
10767,8105,greenran_normal,1,34,0,0,0,0,not_in_active_ul
10767,8105,greenran_normal,2,35,0,0,0,0,not_in_active_ul
10767,8105,greenran_normal,2,36,0,0,0,0,not_in_active_ul
10767,8105,greenran_normal,2,37,0,0,0,0,not_in_active_ul
10767,8105,greenran_normal,2,38,0,0,0,0,not_in_active_ul
10767,8105,greenran_normal,2,39,0,0,0,0,not_in_active_ul
10767,8105,greenran_normal,2,40,1,43,0,0,in_active_ul
10767,8105,greenran_normal,2,41,1,43,0,0,in_active_ul
10767,8105,greenran_normal,2,42,0,0,0,0,not_in_active_ul
10767,8105,greenran_normal,2,43,0,0,0,0,not_in_active_ul
10767,8105,greenran_normal,2,44,0,0,0,0,not_in_active_ul
10767,8105,greenran_normal,2,55,1,43,0,0,in_active_ul
10767,8105,greenran_normal,2,56,0,0,0,0,not_in_active_ul
10767,8105,greenran_normal,2,57,0,0,0,0,not_in_active_ul
10767,8105,greenran_normal,2,58,0,0,0,0,not_in_active_ul
10767,8105,greenran_normal,2,59,0,0,0,0,not_in_active_ul
10767,8105,greenran_normal,2,60,0,0,0,0,not_in_active_ul
10767,8105,greenran_normal,2,61,0,0,0,0,not_in_active_ul
10767,8105,greenran_normal,2,62,1,43,0,0,in_active_ul
10767,8105,greenran_normal,2,63,0,0,0,0,not_in_active_ul
10767,8105,greenran_normal,2,64,0,0,0,0,not_in_active_ul
10914,8205,greenran_normal,0,1,1,1200005,0,0,in_active_ul
10914,8205,greenran_normal,0,2,1,1199889,0,0,in_active_ul
10914,8205,greenran_normal,0,3,1,1197138,0,0,in_active_ul
10914,8205,greenran_normal,0,4,0,0,0,0,not_in_active_ul
10914,8205,greenran_normal,0,5,1,1199670,0,0,in_active_ul
10914,8205,greenran_normal,1,6,0,0,0,0,not_in_active_ul
10914,8205,greenran_normal,1,7,0,0,0,0,not_in_active_ul
10914,8205,greenran_normal,1,8,0,0,0,0,not_in_active_ul
10914,8205,greenran_normal,1,9,0,0,0,0,not_in_active_ul
10914,8205,greenran_normal,1,10,0,0,0,0,not_in_active_ul
10914,8205,greenran_normal,1,11,0,0,0,0,not_in_active_ul
10914,8205,greenran_normal,1,12,0,0,0,0,not_in_active_ul
10914,8205,greenran_normal,1,34,0,0,0,0,not_in_active_ul
10914,8205,greenran_normal,2,35,0,0,0,0,not_in_active_ul
10914,8205,greenran_normal,2,36,0,0,0,0,not_in_active_ul
10914,8205,greenran_normal,2,37,0,0,0,0,not_in_active_ul
10914,8205,greenran_normal,2,38,0,0,0,0,not_in_active_ul
10914,8205,greenran_normal,2,39,0,0,0,0,not_in_active_ul
10914,8205,greenran_normal,2,40,0,0,0,0,not_in_active_ul
10914,8205,greenran_normal,2,41,0,0,0,0,not_in_active_ul
10914,8205,greenran_normal,2,42,0,0,0,0,not_in_active_ul
10914,8205,greenran_normal,2,43,0,0,0,0,not_in_active_ul
10914,8205,greenran_normal,2,44,0,0,0,0,not_in_active_ul
10914,8205,greenran_normal,2,55,0,0,0,0,not_in_active_ul
10914,8205,greenran_normal,2,56,0,0,0,0,not_in_active_ul
10914,8205,greenran_normal,2,57,0,0,0,0,not_in_active_ul
10914,8205,greenran_normal,2,58,0,0,0,0,not_in_active_ul
10914,8205,greenran_normal,2,59,0,0,0,0,not_in_active_ul
10914,8205,greenran_normal,2,60,0,0,0,0,not_in_active_ul
10914,8205,greenran_normal,2,61,0,0,0,0,not_in_active_ul
10914,8205,greenran_normal,2,62,0,0,0,0,not_in_active_ul
10914,8205,greenran_normal,2,63,0,0,0,0,not_in_active_ul
10914,8205,greenran_normal,2,64,0,0,0,0,not_in_active_ul
11049,8305,greenran_normal,0,1,1,1199983,0,0,in_active_ul
11049,8305,greenran_normal,0,2,1,1199981,0,0,in_active_ul
11049,8305,greenran_normal,0,3,1,1199399,0,0,in_active_ul
11049,8305,greenran_normal,0,4,1,1200005,0,0,in_active_ul
11049,8305,greenran_normal,0,5,1,1199935,0,0,in_active_ul
11049,8305,greenran_normal,1,6,0,0,0,0,not_in_active_ul
11049,8305,greenran_normal,1,7,0,0,0,0,not_in_active_ul
11049,8305,greenran_normal,1,8,0,0,0,0,not_in_active_ul
11049,8305,greenran_normal,1,9,0,0,0,0,not_in_active_ul
11049,8305,greenran_normal,1,10,0,0,0,0,not_in_active_ul
11049,8305,greenran_normal,1,11,0,0,0,0,not_in_active_ul
11049,8305,greenran_normal,1,12,0,0,0,0,not_in_active_ul
11049,8305,greenran_normal,1,34,0,0,0,0,not_in_active_ul
11049,8305,greenran_normal,2,35,0,0,0,0,not_in_active_ul
11049,8305,greenran_normal,2,36,0,0,0,0,not_in_active_ul
11049,8305,greenran_normal,2,37,0,0,0,0,not_in_active_ul
11049,8305,greenran_normal,2,38,0,0,0,0,not_in_active_ul
11049,8305,greenran_normal,2,39,0,0,0,0,not_in_active_ul
11049,8305,greenran_normal,2,40,0,0,0,0,not_in_active_ul
11049,8305,greenran_normal,2,41,0,0,0,0,not_in_active_ul
11049,8305,greenran_normal,2,42,0,0,0,0,not_in_active_ul
11049,8305,greenran_normal,2,43,0,0,0,0,not_in_active_ul
11049,8305,greenran_normal,2,44,0,0,0,0,not_in_active_ul
11049,8305,greenran_normal,2,55,0,0,0,0,not_in_active_ul
11049,8305,greenran_normal,2,56,0,0,0,0,not_in_active_ul
11049,8305,greenran_normal,2,57,0,0,0,0,not_in_active_ul
11049,8305,greenran_normal,2,58,0,0,0,0,not_in_active_ul
11049,8305,greenran_normal,2,59,0,0,0,0,not_in_active_ul
11049,8305,greenran_normal,2,60,0,0,0,0,not_in_active_ul
11049,8305,greenran_normal,2,61,0,0,0,0,not_in_active_ul
11049,8305,greenran_normal,2,62,0,0,0,0,not_in_active_ul
11049,8305,greenran_normal,2,63,0,0,0,0,not_in_active_ul
11049,8305,greenran_normal,2,64,0,0,0,0,not_in_active_ul
11196,8406,greenran_normal,0,1,1,1199360,0,0,in_active_ul
11196,8406,greenran_normal,0,2,0,0,0,0,not_in_active_ul
11196,8406,greenran_normal,0,3,0,0,0,0,not_in_active_ul
11196,8406,greenran_normal,0,4,0,0,0,0,not_in_active_ul
11196,8406,greenran_normal,0,5,0,0,0,0,not_in_active_ul
11196,8406,greenran_normal,1,6,0,0,0,0,not_in_active_ul
11196,8406,greenran_normal,1,7,0,0,0,0,not_in_active_ul
11196,8406,greenran_normal,1,8,0,0,0,0,not_in_active_ul
11196,8406,greenran_normal,1,9,0,0,0,0,not_in_active_ul
11196,8406,greenran_normal,1,10,0,0,0,0,not_in_active_ul
11196,8406,greenran_normal,1,11,0,0,0,0,not_in_active_ul
11196,8406,greenran_normal,1,12,0,0,0,0,not_in_active_ul
11196,8406,greenran_normal,1,34,0,0,0,0,not_in_active_ul
11196,8406,greenran_normal,2,35,0,0,0,0,not_in_active_ul
11196,8406,greenran_normal,2,36,0,0,0,0,not_in_active_ul
11196,8406,greenran_normal,2,37,0,0,0,0,not_in_active_ul
11196,8406,greenran_normal,2,38,0,0,0,0,not_in_active_ul
11196,8406,greenran_normal,2,39,0,0,0,0,not_in_active_ul
11196,8406,greenran_normal,2,40,0,0,0,0,not_in_active_ul
11196,8406,greenran_normal,2,41,0,0,0,0,not_in_active_ul
11196,8406,greenran_normal,2,42,0,0,0,0,not_in_active_ul
11196,8406,greenran_normal,2,43,0,0,0,0,not_in_active_ul
11196,8406,greenran_normal,2,44,0,0,0,0,not_in_active_ul
11196,8406,greenran_normal,2,55,0,0,0,0,not_in_active_ul
11196,8406,greenran_normal,2,56,0,0,0,0,not_in_active_ul
11196,8406,greenran_normal,2,57,0,0,0,0,not_in_active_ul
11196,8406,greenran_normal,2,58,0,0,0,0,not_in_active_ul
11196,8406,greenran_normal,2,59,0,0,0,0,not_in_active_ul
11196,8406,greenran_normal,2,60,0,0,0,0,not_in_active_ul
11196,8406,greenran_normal,2,61,0,0,0,0,not_in_active_ul
11196,8406,greenran_normal,2,62,0,0,0,0,not_in_active_ul
11196,8406,greenran_normal,2,63,0,0,0,0,not_in_active_ul
11196,8406,greenran_normal,2,64,0,0,0,0,not_in_active_ul
11339,8506,greenran_normal,0,1,1,1200005,0,0,in_active_ul
11339,8506,greenran_normal,0,2,1,1199900,0,0,in_active_ul
11339,8506,greenran_normal,0,3,0,0,0,0,not_in_active_ul
11339,8506,greenran_normal,0,4,1,1199848,0,0,in_active_ul
11339,8506,greenran_normal,0,5,1,1200005,0,0,in_active_ul
11339,8506,greenran_normal,1,6,0,0,0,0,not_in_active_ul
11339,8506,greenran_normal,1,7,0,0,0,0,not_in_active_ul
11339,8506,greenran_normal,1,8,0,0,0,0,not_in_active_ul
11339,8506,greenran_normal,1,9,0,0,0,0,not_in_active_ul
11339,8506,greenran_normal,1,10,0,0,0,0,not_in_active_ul
11339,8506,greenran_normal,1,11,0,0,0,0,not_in_active_ul
11339,8506,greenran_normal,1,12,0,0,0,0,not_in_active_ul
11339,8506,greenran_normal,1,34,0,0,0,0,not_in_active_ul
11339,8506,greenran_normal,2,35,0,0,0,0,not_in_active_ul
11339,8506,greenran_normal,2,36,0,0,0,0,not_in_active_ul
11339,8506,greenran_normal,2,37,0,0,0,0,not_in_active_ul
11339,8506,greenran_normal,2,38,0,0,0,0,not_in_active_ul
11339,8506,greenran_normal,2,39,0,0,0,0,not_in_active_ul
11339,8506,greenran_normal,2,40,0,0,0,0,not_in_active_ul
11339,8506,greenran_normal,2,41,0,0,0,0,not_in_active_ul
11339,8506,greenran_normal,2,42,0,0,0,0,not_in_active_ul
11339,8506,greenran_normal,2,43,0,0,0,0,not_in_active_ul
11339,8506,greenran_normal,2,44,0,0,0,0,not_in_active_ul
11339,8506,greenran_normal,2,55,0,0,0,0,not_in_active_ul
11339,8506,greenran_normal,2,56,0,0,0,0,not_in_active_ul
11339,8506,greenran_normal,2,57,0,0,0,0,not_in_active_ul
11339,8506,greenran_normal,2,58,0,0,0,0,not_in_active_ul
11339,8506,greenran_normal,2,59,0,0,0,0,not_in_active_ul
11339,8506,greenran_normal,2,60,0,0,0,0,not_in_active_ul
11339,8506,greenran_normal,2,61,0,0,0,0,not_in_active_ul
11339,8506,greenran_normal,2,62,0,0,0,0,not_in_active_ul
11339,8506,greenran_normal,2,63,0,0,0,0,not_in_active_ul
11339,8506,greenran_normal,2,64,0,0,0,0,not_in_active_ul
11492,8606,greenran_normal,0,1,1,1200005,0,0,in_active_ul
11492,8606,greenran_normal,0,2,1,1200005,0,0,in_active_ul
11492,8606,greenran_normal,0,3,1,1200005,0,0,in_active_ul
11492,8606,greenran_normal,0,4,0,0,0,0,not_in_active_ul
11492,8606,greenran_normal,0,5,1,1200005,0,0,in_active_ul
11492,8606,greenran_normal,1,6,0,0,0,0,not_in_active_ul
11492,8606,greenran_normal,1,7,0,0,0,0,not_in_active_ul
11492,8606,greenran_normal,1,8,0,0,0,0,not_in_active_ul
11492,8606,greenran_normal,1,9,0,0,0,0,not_in_active_ul
11492,8606,greenran_normal,1,10,0,0,0,0,not_in_active_ul
11492,8606,greenran_normal,1,11,0,0,0,0,not_in_active_ul
11492,8606,greenran_normal,1,12,0,0,0,0,not_in_active_ul
11492,8606,greenran_normal,1,34,0,0,0,0,not_in_active_ul
11492,8606,greenran_normal,2,35,0,0,0,0,not_in_active_ul
11492,8606,greenran_normal,2,36,0,0,0,0,not_in_active_ul
11492,8606,greenran_normal,2,37,0,0,0,0,not_in_active_ul
11492,8606,greenran_normal,2,38,0,0,0,0,not_in_active_ul
11492,8606,greenran_normal,2,39,0,0,0,0,not_in_active_ul
11492,8606,greenran_normal,2,40,0,0,0,0,not_in_active_ul
11492,8606,greenran_normal,2,41,0,0,0,0,not_in_active_ul
11492,8606,greenran_normal,2,42,0,0,0,0,not_in_active_ul
11492,8606,greenran_normal,2,43,0,0,0,0,not_in_active_ul
11492,8606,greenran_normal,2,44,0,0,0,0,not_in_active_ul
11492,8606,greenran_normal,2,55,0,0,0,0,not_in_active_ul
11492,8606,greenran_normal,2,56,0,0,0,0,not_in_active_ul
11492,8606,greenran_normal,2,57,0,0,0,0,not_in_active_ul
11492,8606,greenran_normal,2,58,0,0,0,0,not_in_active_ul
11492,8606,greenran_normal,2,59,0,0,0,0,not_in_active_ul
11492,8606,greenran_normal,2,60,0,0,0,0,not_in_active_ul
11492,8606,greenran_normal,2,61,0,0,0,0,not_in_active_ul
11492,8606,greenran_normal,2,62,0,0,0,0,not_in_active_ul
11492,8606,greenran_normal,2,63,0,0,0,0,not_in_active_ul
11492,8606,greenran_normal,2,64,0,0,0,0,not_in_active_ul
11635,8706,greenran_normal,0,1,1,1200005,0,0,in_active_ul
11635,8706,greenran_normal,0,2,1,1200005,0,0,in_active_ul
11635,8706,greenran_normal,0,3,0,0,0,0,not_in_active_ul
11635,8706,greenran_normal,0,4,1,1200005,0,0,in_active_ul
11635,8706,greenran_normal,0,5,0,0,0,0,not_in_active_ul
11635,8706,greenran_normal,1,6,0,0,0,0,not_in_active_ul
11635,8706,greenran_normal,1,7,0,0,0,0,not_in_active_ul
11635,8706,greenran_normal,1,8,0,0,0,0,not_in_active_ul
11635,8706,greenran_normal,1,9,0,0,0,0,not_in_active_ul
11635,8706,greenran_normal,1,10,0,0,0,0,not_in_active_ul
11635,8706,greenran_normal,1,11,0,0,0,0,not_in_active_ul
11635,8706,greenran_normal,1,12,0,0,0,0,not_in_active_ul
11635,8706,greenran_normal,1,34,0,0,0,0,not_in_active_ul
11635,8706,greenran_normal,2,35,0,0,0,0,not_in_active_ul
11635,8706,greenran_normal,2,36,0,0,0,0,not_in_active_ul
11635,8706,greenran_normal,2,37,0,0,0,0,not_in_active_ul
11635,8706,greenran_normal,2,38,0,0,0,0,not_in_active_ul
11635,8706,greenran_normal,2,39,0,0,0,0,not_in_active_ul
11635,8706,greenran_normal,2,40,0,0,0,0,not_in_active_ul
11635,8706,greenran_normal,2,41,0,0,0,0,not_in_active_ul
11635,8706,greenran_normal,2,42,0,0,0,0,not_in_active_ul
11635,8706,greenran_normal,2,43,0,0,0,0,not_in_active_ul
11635,8706,greenran_normal,2,44,0,0,0,0,not_in_active_ul
11635,8706,greenran_normal,2,55,0,0,0,0,not_in_active_ul
11635,8706,greenran_normal,2,56,0,0,0,0,not_in_active_ul
11635,8706,greenran_normal,2,57,0,0,0,0,not_in_active_ul
11635,8706,greenran_normal,2,58,0,0,0,0,not_in_active_ul
11635,8706,greenran_normal,2,59,0,0,0,0,not_in_active_ul
11635,8706,greenran_normal,2,60,0,0,0,0,not_in_active_ul
11635,8706,greenran_normal,2,61,0,0,0,0,not_in_active_ul
11635,8706,greenran_normal,2,62,0,0,0,0,not_in_active_ul
11635,8706,greenran_normal,2,63,0,0,0,0,not_in_active_ul
11635,8706,greenran_normal,2,64,0,0,0,0,not_in_active_ul
11785,8806,greenran_normal,0,1,1,1200005,0,0,in_active_ul
11785,8806,greenran_normal,0,2,1,1200005,0,0,in_active_ul
11785,8806,greenran_normal,0,3,1,1199927,0,0,in_active_ul
11785,8806,greenran_normal,0,4,0,0,0,0,not_in_active_ul
11785,8806,greenran_normal,0,5,1,1200005,0,0,in_active_ul
11785,8806,greenran_normal,1,6,0,0,0,0,not_in_active_ul
11785,8806,greenran_normal,1,7,0,0,0,0,not_in_active_ul
11785,8806,greenran_normal,1,8,0,0,0,0,not_in_active_ul
11785,8806,greenran_normal,1,9,0,0,0,0,not_in_active_ul
11785,8806,greenran_normal,1,10,0,0,0,0,not_in_active_ul
11785,8806,greenran_normal,1,11,0,0,0,0,not_in_active_ul
11785,8806,greenran_normal,1,12,0,0,0,0,not_in_active_ul
11785,8806,greenran_normal,1,34,0,0,0,0,not_in_active_ul
11785,8806,greenran_normal,2,35,0,0,0,0,not_in_active_ul
11785,8806,greenran_normal,2,36,0,0,0,0,not_in_active_ul
11785,8806,greenran_normal,2,37,0,0,0,0,not_in_active_ul
11785,8806,greenran_normal,2,38,0,0,0,0,not_in_active_ul
11785,8806,greenran_normal,2,39,0,0,0,0,not_in_active_ul
11785,8806,greenran_normal,2,40,0,0,0,0,not_in_active_ul
11785,8806,greenran_normal,2,41,0,0,0,0,not_in_active_ul
11785,8806,greenran_normal,2,42,0,0,0,0,not_in_active_ul
11785,8806,greenran_normal,2,43,0,0,0,0,not_in_active_ul
11785,8806,greenran_normal,2,44,0,0,0,0,not_in_active_ul
11785,8806,greenran_normal,2,55,0,0,0,0,not_in_active_ul
11785,8806,greenran_normal,2,56,0,0,0,0,not_in_active_ul
11785,8806,greenran_normal,2,57,0,0,0,0,not_in_active_ul
11785,8806,greenran_normal,2,58,0,0,0,0,not_in_active_ul
11785,8806,greenran_normal,2,59,0,0,0,0,not_in_active_ul
11785,8806,greenran_normal,2,60,0,0,0,0,not_in_active_ul
11785,8806,greenran_normal,2,61,0,0,0,0,not_in_active_ul
11785,8806,greenran_normal,2,62,0,0,0,0,not_in_active_ul
11785,8806,greenran_normal,2,63,0,0,0,0,not_in_active_ul
11785,8806,greenran_normal,2,64,0,0,0,0,not_in_active_ul
11918,8906,greenran_normal,0,1,1,1200005,0,0,in_active_ul
11918,8906,greenran_normal,0,2,1,1200005,0,0,in_active_ul
11918,8906,greenran_normal,0,3,0,0,0,0,not_in_active_ul
11918,8906,greenran_normal,0,4,0,0,0,0,not_in_active_ul
11918,8906,greenran_normal,0,5,1,1200005,0,0,in_active_ul
11918,8906,greenran_normal,1,6,0,0,0,0,not_in_active_ul
11918,8906,greenran_normal,1,7,0,0,0,0,not_in_active_ul
11918,8906,greenran_normal,1,8,0,0,0,0,not_in_active_ul
11918,8906,greenran_normal,1,9,0,0,0,0,not_in_active_ul
11918,8906,greenran_normal,1,10,0,0,0,0,not_in_active_ul
11918,8906,greenran_normal,1,11,0,0,0,0,not_in_active_ul
11918,8906,greenran_normal,1,12,0,0,0,0,not_in_active_ul
11918,8906,greenran_normal,1,34,0,0,0,0,not_in_active_ul
11918,8906,greenran_normal,2,35,0,0,0,0,not_in_active_ul
11918,8906,greenran_normal,2,36,0,0,0,0,not_in_active_ul
11918,8906,greenran_normal,2,37,0,0,0,0,not_in_active_ul
11918,8906,greenran_normal,2,38,0,0,0,0,not_in_active_ul
11918,8906,greenran_normal,2,39,0,0,0,0,not_in_active_ul
11918,8906,greenran_normal,2,40,0,0,0,0,not_in_active_ul
11918,8906,greenran_normal,2,41,0,0,0,0,not_in_active_ul
11918,8906,greenran_normal,2,42,0,0,0,0,not_in_active_ul
11918,8906,greenran_normal,2,43,0,0,0,0,not_in_active_ul
11918,8906,greenran_normal,2,44,0,0,0,0,not_in_active_ul
11918,8906,greenran_normal,2,55,0,0,0,0,not_in_active_ul
11918,8906,greenran_normal,2,56,0,0,0,0,not_in_active_ul
11918,8906,greenran_normal,2,57,0,0,0,0,not_in_active_ul
11918,8906,greenran_normal,2,58,0,0,0,0,not_in_active_ul
11918,8906,greenran_normal,2,59,0,0,0,0,not_in_active_ul
11918,8906,greenran_normal,2,60,0,0,0,0,not_in_active_ul
11918,8906,greenran_normal,2,61,0,0,0,0,not_in_active_ul
11918,8906,greenran_normal,2,62,0,0,0,0,not_in_active_ul
11918,8906,greenran_normal,2,63,0,0,0,0,not_in_active_ul
11918,8906,greenran_normal,2,64,0,0,0,0,not_in_active_ul
12056,9006,greenran_normal,0,1,1,1200005,0,0,in_active_ul
12056,9006,greenran_normal,0,2,1,1200005,0,0,in_active_ul
12056,9006,greenran_normal,0,3,1,1200005,0,0,in_active_ul
12056,9006,greenran_normal,0,4,0,0,0,0,not_in_active_ul
12056,9006,greenran_normal,0,5,1,1200005,0,0,in_active_ul
12056,9006,greenran_normal,1,6,0,0,0,0,not_in_active_ul
12056,9006,greenran_normal,1,7,0,0,0,0,not_in_active_ul
12056,9006,greenran_normal,1,8,0,0,0,0,not_in_active_ul
12056,9006,greenran_normal,1,9,0,0,0,0,not_in_active_ul
12056,9006,greenran_normal,1,10,0,0,0,0,not_in_active_ul
12056,9006,greenran_normal,1,11,0,0,0,0,not_in_active_ul
12056,9006,greenran_normal,1,12,0,0,0,0,not_in_active_ul
12056,9006,greenran_normal,1,34,0,0,0,0,not_in_active_ul
12056,9006,greenran_normal,2,35,0,0,0,0,not_in_active_ul
12056,9006,greenran_normal,2,36,0,0,0,0,not_in_active_ul
12056,9006,greenran_normal,2,37,0,0,0,0,not_in_active_ul
12056,9006,greenran_normal,2,38,0,0,0,0,not_in_active_ul
12056,9006,greenran_normal,2,39,0,0,0,0,not_in_active_ul
12056,9006,greenran_normal,2,40,0,0,0,0,not_in_active_ul
12056,9006,greenran_normal,2,41,0,0,0,0,not_in_active_ul
12056,9006,greenran_normal,2,42,0,0,0,0,not_in_active_ul
12056,9006,greenran_normal,2,43,0,0,0,0,not_in_active_ul
12056,9006,greenran_normal,2,44,0,0,0,0,not_in_active_ul
12056,9006,greenran_normal,2,55,0,0,0,0,not_in_active_ul
12056,9006,greenran_normal,2,56,0,0,0,0,not_in_active_ul
12056,9006,greenran_normal,2,57,0,0,0,0,not_in_active_ul
12056,9006,greenran_normal,2,58,0,0,0,0,not_in_active_ul
12056,9006,greenran_normal,2,59,0,0,0,0,not_in_active_ul
12056,9006,greenran_normal,2,60,0,0,0,0,not_in_active_ul
12056,9006,greenran_normal,2,61,0,0,0,0,not_in_active_ul
12056,9006,greenran_normal,2,62,0,0,0,0,not_in_active_ul
12056,9006,greenran_normal,2,63,0,0,0,0,not_in_active_ul
12056,9006,greenran_normal,2,64,0,0,0,0,not_in_active_ul
12190,9106,greenran_normal,0,1,0,0,0,0,not_in_active_ul
12190,9106,greenran_normal,0,2,1,1199900,0,0,in_active_ul
12190,9106,greenran_normal,0,3,1,1200005,0,0,in_active_ul
12190,9106,greenran_normal,0,4,0,0,0,0,not_in_active_ul
12190,9106,greenran_normal,0,5,0,0,0,0,not_in_active_ul
12190,9106,greenran_normal,1,6,0,0,0,0,not_in_active_ul
12190,9106,greenran_normal,1,7,0,0,0,0,not_in_active_ul
12190,9106,greenran_normal,1,8,0,0,0,0,not_in_active_ul
12190,9106,greenran_normal,1,9,0,0,0,0,not_in_active_ul
12190,9106,greenran_normal,1,10,0,0,0,0,not_in_active_ul
12190,9106,greenran_normal,1,11,0,0,0,0,not_in_active_ul
12190,9106,greenran_normal,1,12,0,0,0,0,not_in_active_ul
12190,9106,greenran_normal,1,34,0,0,0,0,not_in_active_ul
12190,9106,greenran_normal,2,35,0,0,0,0,not_in_active_ul
12190,9106,greenran_normal,2,36,0,0,0,0,not_in_active_ul
12190,9106,greenran_normal,2,37,0,0,0,0,not_in_active_ul
12190,9106,greenran_normal,2,38,0,0,0,0,not_in_active_ul
12190,9106,greenran_normal,2,39,0,0,0,0,not_in_active_ul
12190,9106,greenran_normal,2,40,0,0,0,0,not_in_active_ul
12190,9106,greenran_normal,2,41,0,0,0,0,not_in_active_ul
12190,9106,greenran_normal,2,42,0,0,0,0,not_in_active_ul
12190,9106,greenran_normal,2,43,0,0,0,0,not_in_active_ul
12190,9106,greenran_normal,2,44,0,0,0,0,not_in_active_ul
12190,9106,greenran_normal,2,55,0,0,0,0,not_in_active_ul
12190,9106,greenran_normal,2,56,0,0,0,0,not_in_active_ul
12190,9106,greenran_normal,2,57,0,0,0,0,not_in_active_ul
12190,9106,greenran_normal,2,58,0,0,0,0,not_in_active_ul
12190,9106,greenran_normal,2,59,0,0,0,0,not_in_active_ul
12190,9106,greenran_normal,2,60,0,0,0,0,not_in_active_ul
12190,9106,greenran_normal,2,61,0,0,0,0,not_in_active_ul
12190,9106,greenran_normal,2,62,0,0,0,0,not_in_active_ul
12190,9106,greenran_normal,2,63,0,0,0,0,not_in_active_ul
12190,9106,greenran_normal,2,64,0,0,0,0,not_in_active_ul
12341,9206,greenran_normal,0,1,1,1200005,0,0,in_active_ul
12341,9206,greenran_normal,0,2,0,0,0,0,not_in_active_ul
12341,9206,greenran_normal,0,3,1,1200005,0,0,in_active_ul
12341,9206,greenran_normal,0,4,1,1199928,0,0,in_active_ul
12341,9206,greenran_normal,0,5,1,1200005,0,0,in_active_ul
12341,9206,greenran_normal,1,6,0,0,0,0,not_in_active_ul
12341,9206,greenran_normal,1,7,0,0,0,0,not_in_active_ul
12341,9206,greenran_normal,1,8,0,0,0,0,not_in_active_ul
12341,9206,greenran_normal,1,9,0,0,0,0,not_in_active_ul
12341,9206,greenran_normal,1,10,0,0,0,0,not_in_active_ul
12341,9206,greenran_normal,1,11,0,0,0,0,not_in_active_ul
12341,9206,greenran_normal,1,12,0,0,0,0,not_in_active_ul
12341,9206,greenran_normal,1,34,0,0,0,0,not_in_active_ul
12341,9206,greenran_normal,2,35,0,0,0,0,not_in_active_ul
12341,9206,greenran_normal,2,36,0,0,0,0,not_in_active_ul
12341,9206,greenran_normal,2,37,0,0,0,0,not_in_active_ul
12341,9206,greenran_normal,2,38,0,0,0,0,not_in_active_ul
12341,9206,greenran_normal,2,39,0,0,0,0,not_in_active_ul
12341,9206,greenran_normal,2,40,0,0,0,0,not_in_active_ul
12341,9206,greenran_normal,2,41,0,0,0,0,not_in_active_ul
12341,9206,greenran_normal,2,42,0,0,0,0,not_in_active_ul
12341,9206,greenran_normal,2,43,0,0,0,0,not_in_active_ul
12341,9206,greenran_normal,2,44,0,0,0,0,not_in_active_ul
12341,9206,greenran_normal,2,55,0,0,0,0,not_in_active_ul
12341,9206,greenran_normal,2,56,0,0,0,0,not_in_active_ul
12341,9206,greenran_normal,2,57,0,0,0,0,not_in_active_ul
12341,9206,greenran_normal,2,58,0,0,0,0,not_in_active_ul
12341,9206,greenran_normal,2,59,0,0,0,0,not_in_active_ul
12341,9206,greenran_normal,2,60,0,0,0,0,not_in_active_ul
12341,9206,greenran_normal,2,61,0,0,0,0,not_in_active_ul
12341,9206,greenran_normal,2,62,0,0,0,0,not_in_active_ul
12341,9206,greenran_normal,2,63,0,0,0,0,not_in_active_ul
12341,9206,greenran_normal,2,64,0,0,0,0,not_in_active_ul
12493,9306,greenran_normal,0,1,1,1199962,0,0,in_active_ul
12493,9306,greenran_normal,0,2,1,1199896,0,0,in_active_ul
12493,9306,greenran_normal,0,3,0,0,0,0,not_in_active_ul
12493,9306,greenran_normal,0,4,1,1200005,0,0,in_active_ul
12493,9306,greenran_normal,0,5,0,0,0,0,not_in_active_ul
12493,9306,greenran_normal,1,6,0,0,0,0,not_in_active_ul
12493,9306,greenran_normal,1,7,0,0,0,0,not_in_active_ul
12493,9306,greenran_normal,1,8,0,0,0,0,not_in_active_ul
12493,9306,greenran_normal,1,9,0,0,0,0,not_in_active_ul
12493,9306,greenran_normal,1,10,0,0,0,0,not_in_active_ul
12493,9306,greenran_normal,1,11,0,0,0,0,not_in_active_ul
12493,9306,greenran_normal,1,12,0,0,0,0,not_in_active_ul
12493,9306,greenran_normal,1,34,0,0,0,0,not_in_active_ul
12493,9306,greenran_normal,2,35,0,0,0,0,not_in_active_ul
12493,9306,greenran_normal,2,36,0,0,0,0,not_in_active_ul
12493,9306,greenran_normal,2,37,0,0,0,0,not_in_active_ul
12493,9306,greenran_normal,2,38,0,0,0,0,not_in_active_ul
12493,9306,greenran_normal,2,39,0,0,0,0,not_in_active_ul
12493,9306,greenran_normal,2,40,0,0,0,0,not_in_active_ul
12493,9306,greenran_normal,2,41,0,0,0,0,not_in_active_ul
12493,9306,greenran_normal,2,42,0,0,0,0,not_in_active_ul
12493,9306,greenran_normal,2,43,0,0,0,0,not_in_active_ul
12493,9306,greenran_normal,2,44,0,0,0,0,not_in_active_ul
12493,9306,greenran_normal,2,55,0,0,0,0,not_in_active_ul
12493,9306,greenran_normal,2,56,0,0,0,0,not_in_active_ul
12493,9306,greenran_normal,2,57,0,0,0,0,not_in_active_ul
12493,9306,greenran_normal,2,58,0,0,0,0,not_in_active_ul
12493,9306,greenran_normal,2,59,0,0,0,0,not_in_active_ul
12493,9306,greenran_normal,2,60,0,0,0,0,not_in_active_ul
12493,9306,greenran_normal,2,61,0,0,0,0,not_in_active_ul
12493,9306,greenran_normal,2,62,0,0,0,0,not_in_active_ul
12493,9306,greenran_normal,2,63,0,0,0,0,not_in_active_ul
12493,9306,greenran_normal,2,64,0,0,0,0,not_in_active_ul
12632,9406,greenran_normal,0,1,1,1200005,0,0,in_active_ul
12632,9406,greenran_normal,0,2,1,1200005,0,0,in_active_ul
12632,9406,greenran_normal,0,3,1,1200005,0,0,in_active_ul
12632,9406,greenran_normal,0,4,0,0,0,0,not_in_active_ul
12632,9406,greenran_normal,0,5,1,1200005,0,0,in_active_ul
12632,9406,greenran_normal,1,6,0,0,0,0,not_in_active_ul
12632,9406,greenran_normal,1,7,0,0,0,0,not_in_active_ul
12632,9406,greenran_normal,1,8,0,0,0,0,not_in_active_ul
12632,9406,greenran_normal,1,9,0,0,0,0,not_in_active_ul
12632,9406,greenran_normal,1,10,0,0,0,0,not_in_active_ul
12632,9406,greenran_normal,1,11,0,0,0,0,not_in_active_ul
12632,9406,greenran_normal,1,12,0,0,0,0,not_in_active_ul
12632,9406,greenran_normal,1,34,0,0,0,0,not_in_active_ul
12632,9406,greenran_normal,2,35,0,0,0,0,not_in_active_ul
12632,9406,greenran_normal,2,36,0,0,0,0,not_in_active_ul
12632,9406,greenran_normal,2,37,0,0,0,0,not_in_active_ul
12632,9406,greenran_normal,2,38,0,0,0,0,not_in_active_ul
12632,9406,greenran_normal,2,39,0,0,0,0,not_in_active_ul
12632,9406,greenran_normal,2,40,0,0,0,0,not_in_active_ul
12632,9406,greenran_normal,2,41,0,0,0,0,not_in_active_ul
12632,9406,greenran_normal,2,42,0,0,0,0,not_in_active_ul
12632,9406,greenran_normal,2,43,0,0,0,0,not_in_active_ul
12632,9406,greenran_normal,2,44,0,0,0,0,not_in_active_ul
12632,9406,greenran_normal,2,55,0,0,0,0,not_in_active_ul
12632,9406,greenran_normal,2,56,0,0,0,0,not_in_active_ul
12632,9406,greenran_normal,2,57,0,0,0,0,not_in_active_ul
12632,9406,greenran_normal,2,58,0,0,0,0,not_in_active_ul
12632,9406,greenran_normal,2,59,0,0,0,0,not_in_active_ul
12632,9406,greenran_normal,2,60,0,0,0,0,not_in_active_ul
12632,9406,greenran_normal,2,61,0,0,0,0,not_in_active_ul
12632,9406,greenran_normal,2,62,0,0,0,0,not_in_active_ul
12632,9406,greenran_normal,2,63,0,0,0,0,not_in_active_ul
12632,9406,greenran_normal,2,64,0,0,0,0,not_in_active_ul
12772,9506,greenran_normal,0,1,1,1200005,0,0,in_active_ul
12772,9506,greenran_normal,0,2,0,0,0,0,not_in_active_ul
12772,9506,greenran_normal,0,3,1,1199760,0,0,in_active_ul
12772,9506,greenran_normal,0,4,1,1199973,0,0,in_active_ul
12772,9506,greenran_normal,0,5,1,1199972,0,0,in_active_ul
12772,9506,greenran_normal,1,6,0,0,0,0,not_in_active_ul
12772,9506,greenran_normal,1,7,0,0,0,0,not_in_active_ul
12772,9506,greenran_normal,1,8,0,0,0,0,not_in_active_ul
12772,9506,greenran_normal,1,9,0,0,0,0,not_in_active_ul
12772,9506,greenran_normal,1,10,0,0,0,0,not_in_active_ul
12772,9506,greenran_normal,1,11,0,0,0,0,not_in_active_ul
12772,9506,greenran_normal,1,12,0,0,0,0,not_in_active_ul
12772,9506,greenran_normal,1,34,0,0,0,0,not_in_active_ul
12772,9506,greenran_normal,2,35,0,0,0,0,not_in_active_ul
12772,9506,greenran_normal,2,36,0,0,0,0,not_in_active_ul
12772,9506,greenran_normal,2,37,0,0,0,0,not_in_active_ul
12772,9506,greenran_normal,2,38,0,0,0,0,not_in_active_ul
12772,9506,greenran_normal,2,39,0,0,0,0,not_in_active_ul
12772,9506,greenran_normal,2,40,0,0,0,0,not_in_active_ul
12772,9506,greenran_normal,2,41,0,0,0,0,not_in_active_ul
12772,9506,greenran_normal,2,42,0,0,0,0,not_in_active_ul
12772,9506,greenran_normal,2,43,0,0,0,0,not_in_active_ul
12772,9506,greenran_normal,2,44,0,0,0,0,not_in_active_ul
12772,9506,greenran_normal,2,55,0,0,0,0,not_in_active_ul
12772,9506,greenran_normal,2,56,0,0,0,0,not_in_active_ul
12772,9506,greenran_normal,2,57,0,0,0,0,not_in_active_ul
12772,9506,greenran_normal,2,58,0,0,0,0,not_in_active_ul
12772,9506,greenran_normal,2,59,0,0,0,0,not_in_active_ul
12772,9506,greenran_normal,2,60,0,0,0,0,not_in_active_ul
12772,9506,greenran_normal,2,61,0,0,0,0,not_in_active_ul
12772,9506,greenran_normal,2,62,0,0,0,0,not_in_active_ul
12772,9506,greenran_normal,2,63,0,0,0,0,not_in_active_ul
12772,9506,greenran_normal,2,64,0,0,0,0,not_in_active_ul
12920,9606,greenran_normal,0,1,1,1200005,0,0,in_active_ul
12920,9606,greenran_normal,0,2,1,1200005,0,0,in_active_ul
12920,9606,greenran_normal,0,3,1,1200005,0,0,in_active_ul
12920,9606,greenran_normal,0,4,1,1199925,0,0,in_active_ul
12920,9606,greenran_normal,0,5,0,0,0,0,not_in_active_ul
12920,9606,greenran_normal,1,6,0,0,0,0,not_in_active_ul
12920,9606,greenran_normal,1,7,0,0,0,0,not_in_active_ul
12920,9606,greenran_normal,1,8,0,0,0,0,not_in_active_ul
12920,9606,greenran_normal,1,9,0,0,0,0,not_in_active_ul
12920,9606,greenran_normal,1,10,0,0,0,0,not_in_active_ul
12920,9606,greenran_normal,1,11,0,0,0,0,not_in_active_ul
12920,9606,greenran_normal,1,12,0,0,0,0,not_in_active_ul
12920,9606,greenran_normal,1,34,0,0,0,0,not_in_active_ul
12920,9606,greenran_normal,2,35,0,0,0,0,not_in_active_ul
12920,9606,greenran_normal,2,36,0,0,0,0,not_in_active_ul
12920,9606,greenran_normal,2,37,0,0,0,0,not_in_active_ul
12920,9606,greenran_normal,2,38,0,0,0,0,not_in_active_ul
12920,9606,greenran_normal,2,39,0,0,0,0,not_in_active_ul
12920,9606,greenran_normal,2,40,0,0,0,0,not_in_active_ul
12920,9606,greenran_normal,2,41,0,0,0,0,not_in_active_ul
12920,9606,greenran_normal,2,42,0,0,0,0,not_in_active_ul
12920,9606,greenran_normal,2,43,0,0,0,0,not_in_active_ul
12920,9606,greenran_normal,2,44,0,0,0,0,not_in_active_ul
12920,9606,greenran_normal,2,55,0,0,0,0,not_in_active_ul
12920,9606,greenran_normal,2,56,0,0,0,0,not_in_active_ul
12920,9606,greenran_normal,2,57,0,0,0,0,not_in_active_ul
12920,9606,greenran_normal,2,58,0,0,0,0,not_in_active_ul
12920,9606,greenran_normal,2,59,0,0,0,0,not_in_active_ul
12920,9606,greenran_normal,2,60,0,0,0,0,not_in_active_ul
12920,9606,greenran_normal,2,61,0,0,0,0,not_in_active_ul
12920,9606,greenran_normal,2,62,0,0,0,0,not_in_active_ul
12920,9606,greenran_normal,2,63,0,0,0,0,not_in_active_ul
12920,9606,greenran_normal,2,64,0,0,0,0,not_in_active_ul
13055,9706,greenran_normal,0,1,1,1200005,0,0,in_active_ul
13055,9706,greenran_normal,0,2,1,1200005,0,0,in_active_ul
13055,9706,greenran_normal,0,3,0,0,0,0,not_in_active_ul
13055,9706,greenran_normal,0,4,1,1200005,0,0,in_active_ul
13055,9706,greenran_normal,0,5,1,1200005,0,0,in_active_ul
13055,9706,greenran_normal,1,6,0,0,0,0,not_in_active_ul
13055,9706,greenran_normal,1,7,0,0,0,0,not_in_active_ul
13055,9706,greenran_normal,1,8,0,0,0,0,not_in_active_ul
13055,9706,greenran_normal,1,9,0,0,0,0,not_in_active_ul
13055,9706,greenran_normal,1,10,0,0,0,0,not_in_active_ul
13055,9706,greenran_normal,1,11,0,0,0,0,not_in_active_ul
13055,9706,greenran_normal,1,12,0,0,0,0,not_in_active_ul
13055,9706,greenran_normal,1,34,0,0,0,0,not_in_active_ul
13055,9706,greenran_normal,2,35,0,0,0,0,not_in_active_ul
13055,9706,greenran_normal,2,36,0,0,0,0,not_in_active_ul
13055,9706,greenran_normal,2,37,0,0,0,0,not_in_active_ul
13055,9706,greenran_normal,2,38,0,0,0,0,not_in_active_ul
13055,9706,greenran_normal,2,39,0,0,0,0,not_in_active_ul
13055,9706,greenran_normal,2,40,0,0,0,0,not_in_active_ul
13055,9706,greenran_normal,2,41,0,0,0,0,not_in_active_ul
13055,9706,greenran_normal,2,42,0,0,0,0,not_in_active_ul
13055,9706,greenran_normal,2,43,0,0,0,0,not_in_active_ul
13055,9706,greenran_normal,2,44,0,0,0,0,not_in_active_ul
13055,9706,greenran_normal,2,55,0,0,0,0,not_in_active_ul
13055,9706,greenran_normal,2,56,0,0,0,0,not_in_active_ul
13055,9706,greenran_normal,2,57,0,0,0,0,not_in_active_ul
13055,9706,greenran_normal,2,58,0,0,0,0,not_in_active_ul
13055,9706,greenran_normal,2,59,0,0,0,0,not_in_active_ul
13055,9706,greenran_normal,2,60,0,0,0,0,not_in_active_ul
13055,9706,greenran_normal,2,61,0,0,0,0,not_in_active_ul
13055,9706,greenran_normal,2,62,0,0,0,0,not_in_active_ul
13055,9706,greenran_normal,2,63,0,0,0,0,not_in_active_ul
13055,9706,greenran_normal,2,64,0,0,0,0,not_in_active_ul
13196,9806,greenran_normal,0,1,1,1200005,0,0,in_active_ul
13196,9806,greenran_normal,0,2,1,1200005,0,0,in_active_ul
13196,9806,greenran_normal,0,3,1,1200005,0,0,in_active_ul
13196,9806,greenran_normal,0,4,1,1199967,0,0,in_active_ul
13196,9806,greenran_normal,0,5,1,1200005,0,0,in_active_ul
13196,9806,greenran_normal,1,6,0,0,0,0,not_in_active_ul
13196,9806,greenran_normal,1,7,0,0,0,0,not_in_active_ul
13196,9806,greenran_normal,1,8,0,0,0,0,not_in_active_ul
13196,9806,greenran_normal,1,9,0,0,0,0,not_in_active_ul
13196,9806,greenran_normal,1,10,0,0,0,0,not_in_active_ul
13196,9806,greenran_normal,1,11,0,0,0,0,not_in_active_ul
13196,9806,greenran_normal,1,12,0,0,0,0,not_in_active_ul
13196,9806,greenran_normal,1,34,0,0,0,0,not_in_active_ul
13196,9806,greenran_normal,2,35,0,0,0,0,not_in_active_ul
13196,9806,greenran_normal,2,36,0,0,0,0,not_in_active_ul
13196,9806,greenran_normal,2,37,0,0,0,0,not_in_active_ul
13196,9806,greenran_normal,2,38,0,0,0,0,not_in_active_ul
13196,9806,greenran_normal,2,39,0,0,0,0,not_in_active_ul
13196,9806,greenran_normal,2,40,0,0,0,0,not_in_active_ul
13196,9806,greenran_normal,2,41,0,0,0,0,not_in_active_ul
13196,9806,greenran_normal,2,42,0,0,0,0,not_in_active_ul
13196,9806,greenran_normal,2,43,0,0,0,0,not_in_active_ul
13196,9806,greenran_normal,2,44,0,0,0,0,not_in_active_ul
13196,9806,greenran_normal,2,55,0,0,0,0,not_in_active_ul
13196,9806,greenran_normal,2,56,0,0,0,0,not_in_active_ul
13196,9806,greenran_normal,2,57,0,0,0,0,not_in_active_ul
13196,9806,greenran_normal,2,58,0,0,0,0,not_in_active_ul
13196,9806,greenran_normal,2,59,0,0,0,0,not_in_active_ul
13196,9806,greenran_normal,2,60,0,0,0,0,not_in_active_ul
13196,9806,greenran_normal,2,61,0,0,0,0,not_in_active_ul
13196,9806,greenran_normal,2,62,0,0,0,0,not_in_active_ul
13196,9806,greenran_normal,2,63,0,0,0,0,not_in_active_ul
13196,9806,greenran_normal,2,64,0,0,0,0,not_in_active_ul
13328,9906,greenran_normal,0,1,1,1200005,0,0,in_active_ul
13328,9906,greenran_normal,0,2,1,1199635,0,0,in_active_ul
13328,9906,greenran_normal,0,3,0,0,0,0,not_in_active_ul
13328,9906,greenran_normal,0,4,1,1199986,0,0,in_active_ul
13328,9906,greenran_normal,0,5,1,1200005,0,0,in_active_ul
13328,9906,greenran_normal,1,6,0,0,0,0,not_in_active_ul
13328,9906,greenran_normal,1,7,0,0,0,0,not_in_active_ul
13328,9906,greenran_normal,1,8,0,0,0,0,not_in_active_ul
13328,9906,greenran_normal,1,9,0,0,0,0,not_in_active_ul
13328,9906,greenran_normal,1,10,0,0,0,0,not_in_active_ul
13328,9906,greenran_normal,1,11,0,0,0,0,not_in_active_ul
13328,9906,greenran_normal,1,12,0,0,0,0,not_in_active_ul
13328,9906,greenran_normal,1,34,0,0,0,0,not_in_active_ul
13328,9906,greenran_normal,2,35,0,0,0,0,not_in_active_ul
13328,9906,greenran_normal,2,36,0,0,0,0,not_in_active_ul
13328,9906,greenran_normal,2,37,0,0,0,0,not_in_active_ul
13328,9906,greenran_normal,2,38,0,0,0,0,not_in_active_ul
13328,9906,greenran_normal,2,39,0,0,0,0,not_in_active_ul
13328,9906,greenran_normal,2,40,0,0,0,0,not_in_active_ul
13328,9906,greenran_normal,2,41,0,0,0,0,not_in_active_ul
13328,9906,greenran_normal,2,42,0,0,0,0,not_in_active_ul
13328,9906,greenran_normal,2,43,0,0,0,0,not_in_active_ul
13328,9906,greenran_normal,2,44,0,0,0,0,not_in_active_ul
13328,9906,greenran_normal,2,55,0,0,0,0,not_in_active_ul
13328,9906,greenran_normal,2,56,0,0,0,0,not_in_active_ul
13328,9906,greenran_normal,2,57,0,0,0,0,not_in_active_ul
13328,9906,greenran_normal,2,58,0,0,0,0,not_in_active_ul
13328,9906,greenran_normal,2,59,0,0,0,0,not_in_active_ul
13328,9906,greenran_normal,2,60,0,0,0,0,not_in_active_ul
13328,9906,greenran_normal,2,61,0,0,0,0,not_in_active_ul
13328,9906,greenran_normal,2,62,0,0,0,0,not_in_active_ul
13328,9906,greenran_normal,2,63,0,0,0,0,not_in_active_ul
13328,9906,greenran_normal,2,64,0,0,0,0,not_in_active_ul
13454,10006,greenran_normal,0,1,1,1200005,0,0,in_active_ul
13454,10006,greenran_normal,0,2,1,1200005,0,0,in_active_ul
13454,10006,greenran_normal,0,3,1,1200005,0,0,in_active_ul
13454,10006,greenran_normal,0,4,1,1200005,0,0,in_active_ul
13454,10006,greenran_normal,0,5,1,1200005,0,0,in_active_ul
13454,10006,greenran_normal,1,6,0,0,0,0,not_in_active_ul
13454,10006,greenran_normal,1,7,0,0,0,0,not_in_active_ul
13454,10006,greenran_normal,1,8,0,0,0,0,not_in_active_ul
13454,10006,greenran_normal,1,9,0,0,0,0,not_in_active_ul
13454,10006,greenran_normal,1,10,0,0,0,0,not_in_active_ul
13454,10006,greenran_normal,1,11,0,0,0,0,not_in_active_ul
13454,10006,greenran_normal,1,12,0,0,0,0,not_in_active_ul
13454,10006,greenran_normal,1,34,0,0,0,0,not_in_active_ul
13454,10006,greenran_normal,2,35,0,0,0,0,not_in_active_ul
13454,10006,greenran_normal,2,36,0,0,0,0,not_in_active_ul
13454,10006,greenran_normal,2,37,0,0,0,0,not_in_active_ul
13454,10006,greenran_normal,2,38,0,0,0,0,not_in_active_ul
13454,10006,greenran_normal,2,39,0,0,0,0,not_in_active_ul
13454,10006,greenran_normal,2,40,0,0,0,0,not_in_active_ul
13454,10006,greenran_normal,2,41,0,0,0,0,not_in_active_ul
13454,10006,greenran_normal,2,42,0,0,0,0,not_in_active_ul
13454,10006,greenran_normal,2,43,0,0,0,0,not_in_active_ul
13454,10006,greenran_normal,2,44,0,0,0,0,not_in_active_ul
13454,10006,greenran_normal,2,55,0,0,0,0,not_in_active_ul
13454,10006,greenran_normal,2,56,0,0,0,0,not_in_active_ul
13454,10006,greenran_normal,2,57,0,0,0,0,not_in_active_ul
13454,10006,greenran_normal,2,58,0,0,0,0,not_in_active_ul
13454,10006,greenran_normal,2,59,0,0,0,0,not_in_active_ul
13454,10006,greenran_normal,2,60,0,0,0,0,not_in_active_ul
13454,10006,greenran_normal,2,61,0,0,0,0,not_in_active_ul
13454,10006,greenran_normal,2,62,0,0,0,0,not_in_active_ul
13454,10006,greenran_normal,2,63,0,0,0,0,not_in_active_ul
13454,10006,greenran_normal,2,64,0,0,0,0,not_in_active_ul
13601,10107,greenran_normal,0,1,1,1200005,0,0,in_active_ul
13601,10107,greenran_normal,0,2,1,1200005,0,0,in_active_ul
13601,10107,greenran_normal,0,3,1,1200005,0,0,in_active_ul
13601,10107,greenran_normal,0,4,1,1200005,0,0,in_active_ul
13601,10107,greenran_normal,0,5,1,1200005,0,0,in_active_ul
13601,10107,greenran_normal,1,6,0,0,0,0,not_in_active_ul
13601,10107,greenran_normal,1,7,0,0,0,0,not_in_active_ul
13601,10107,greenran_normal,1,8,0,0,0,0,not_in_active_ul
13601,10107,greenran_normal,1,9,0,0,0,0,not_in_active_ul
13601,10107,greenran_normal,1,10,0,0,0,0,not_in_active_ul
13601,10107,greenran_normal,1,11,0,0,0,0,not_in_active_ul
13601,10107,greenran_normal,1,12,0,0,0,0,not_in_active_ul
13601,10107,greenran_normal,1,34,0,0,0,0,not_in_active_ul
13601,10107,greenran_normal,2,35,0,0,0,0,not_in_active_ul
13601,10107,greenran_normal,2,36,0,0,0,0,not_in_active_ul
13601,10107,greenran_normal,2,37,0,0,0,0,not_in_active_ul
13601,10107,greenran_normal,2,38,0,0,0,0,not_in_active_ul
13601,10107,greenran_normal,2,39,0,0,0,0,not_in_active_ul
13601,10107,greenran_normal,2,40,0,0,0,0,not_in_active_ul
13601,10107,greenran_normal,2,41,0,0,0,0,not_in_active_ul
13601,10107,greenran_normal,2,42,0,0,0,0,not_in_active_ul
13601,10107,greenran_normal,2,43,0,0,0,0,not_in_active_ul
13601,10107,greenran_normal,2,44,0,0,0,0,not_in_active_ul
13601,10107,greenran_normal,2,55,0,0,0,0,not_in_active_ul
13601,10107,greenran_normal,2,56,0,0,0,0,not_in_active_ul
13601,10107,greenran_normal,2,57,0,0,0,0,not_in_active_ul
13601,10107,greenran_normal,2,58,0,0,0,0,not_in_active_ul
13601,10107,greenran_normal,2,59,0,0,0,0,not_in_active_ul
13601,10107,greenran_normal,2,60,0,0,0,0,not_in_active_ul
13601,10107,greenran_normal,2,61,0,0,0,0,not_in_active_ul
13601,10107,greenran_normal,2,62,0,0,0,0,not_in_active_ul
13601,10107,greenran_normal,2,63,0,0,0,0,not_in_active_ul
13601,10107,greenran_normal,2,64,0,0,0,0,not_in_active_ul
13731,10207,greenran_normal,0,1,1,1199531,0,0,in_active_ul
13731,10207,greenran_normal,0,2,1,1199525,0,0,in_active_ul
13731,10207,greenran_normal,0,3,1,1200005,0,0,in_active_ul
13731,10207,greenran_normal,0,4,0,0,0,0,not_in_active_ul
13731,10207,greenran_normal,0,5,1,1200005,0,0,in_active_ul
13731,10207,greenran_normal,1,6,0,0,0,0,not_in_active_ul
13731,10207,greenran_normal,1,7,0,0,0,0,not_in_active_ul
13731,10207,greenran_normal,1,8,0,0,0,0,not_in_active_ul
13731,10207,greenran_normal,1,9,0,0,0,0,not_in_active_ul
13731,10207,greenran_normal,1,10,0,0,0,0,not_in_active_ul
13731,10207,greenran_normal,1,11,0,0,0,0,not_in_active_ul
13731,10207,greenran_normal,1,12,0,0,0,0,not_in_active_ul
13731,10207,greenran_normal,1,34,0,0,0,0,not_in_active_ul
13731,10207,greenran_normal,2,35,0,0,0,0,not_in_active_ul
13731,10207,greenran_normal,2,36,0,0,0,0,not_in_active_ul
13731,10207,greenran_normal,2,37,0,0,0,0,not_in_active_ul
13731,10207,greenran_normal,2,38,0,0,0,0,not_in_active_ul
13731,10207,greenran_normal,2,39,0,0,0,0,not_in_active_ul
13731,10207,greenran_normal,2,40,0,0,0,0,not_in_active_ul
13731,10207,greenran_normal,2,41,0,0,0,0,not_in_active_ul
13731,10207,greenran_normal,2,42,0,0,0,0,not_in_active_ul
13731,10207,greenran_normal,2,43,0,0,0,0,not_in_active_ul
13731,10207,greenran_normal,2,44,0,0,0,0,not_in_active_ul
13731,10207,greenran_normal,2,55,0,0,0,0,not_in_active_ul
13731,10207,greenran_normal,2,56,0,0,0,0,not_in_active_ul
13731,10207,greenran_normal,2,57,0,0,0,0,not_in_active_ul
13731,10207,greenran_normal,2,58,0,0,0,0,not_in_active_ul
13731,10207,greenran_normal,2,59,0,0,0,0,not_in_active_ul
13731,10207,greenran_normal,2,60,0,0,0,0,not_in_active_ul
13731,10207,greenran_normal,2,61,0,0,0,0,not_in_active_ul
13731,10207,greenran_normal,2,62,0,0,0,0,not_in_active_ul
13731,10207,greenran_normal,2,63,0,0,0,0,not_in_active_ul
13731,10207,greenran_normal,2,64,0,0,0,0,not_in_active_ul
13882,10307,greenran_normal,0,1,1,1200005,0,0,in_active_ul
13882,10307,greenran_normal,0,2,1,1200005,0,0,in_active_ul
13882,10307,greenran_normal,0,3,1,1200005,0,0,in_active_ul
13882,10307,greenran_normal,0,4,0,0,0,0,not_in_active_ul
13882,10307,greenran_normal,0,5,1,1200005,0,0,in_active_ul
13882,10307,greenran_normal,1,6,0,0,0,0,not_in_active_ul
13882,10307,greenran_normal,1,7,0,0,0,0,not_in_active_ul
13882,10307,greenran_normal,1,8,0,0,0,0,not_in_active_ul
13882,10307,greenran_normal,1,9,0,0,0,0,not_in_active_ul
13882,10307,greenran_normal,1,10,0,0,0,0,not_in_active_ul
13882,10307,greenran_normal,1,11,0,0,0,0,not_in_active_ul
13882,10307,greenran_normal,1,12,0,0,0,0,not_in_active_ul
13882,10307,greenran_normal,1,34,0,0,0,0,not_in_active_ul
13882,10307,greenran_normal,2,35,0,0,0,0,not_in_active_ul
13882,10307,greenran_normal,2,36,0,0,0,0,not_in_active_ul
13882,10307,greenran_normal,2,37,0,0,0,0,not_in_active_ul
13882,10307,greenran_normal,2,38,0,0,0,0,not_in_active_ul
13882,10307,greenran_normal,2,39,0,0,0,0,not_in_active_ul
13882,10307,greenran_normal,2,40,0,0,0,0,not_in_active_ul
13882,10307,greenran_normal,2,41,0,0,0,0,not_in_active_ul
13882,10307,greenran_normal,2,42,0,0,0,0,not_in_active_ul
13882,10307,greenran_normal,2,43,0,0,0,0,not_in_active_ul
13882,10307,greenran_normal,2,44,0,0,0,0,not_in_active_ul
13882,10307,greenran_normal,2,55,0,0,0,0,not_in_active_ul
13882,10307,greenran_normal,2,56,0,0,0,0,not_in_active_ul
13882,10307,greenran_normal,2,57,0,0,0,0,not_in_active_ul
13882,10307,greenran_normal,2,58,0,0,0,0,not_in_active_ul
13882,10307,greenran_normal,2,59,0,0,0,0,not_in_active_ul
13882,10307,greenran_normal,2,60,0,0,0,0,not_in_active_ul
13882,10307,greenran_normal,2,61,0,0,0,0,not_in_active_ul
13882,10307,greenran_normal,2,62,0,0,0,0,not_in_active_ul
13882,10307,greenran_normal,2,63,0,0,0,0,not_in_active_ul
13882,10307,greenran_normal,2,64,0,0,0,0,not_in_active_ul
14018,10407,greenran_normal,0,1,0,0,0,0,not_in_active_ul
14018,10407,greenran_normal,0,2,1,1199873,0,0,in_active_ul
14018,10407,greenran_normal,0,3,1,1198971,0,0,in_active_ul
14018,10407,greenran_normal,0,4,1,1199885,0,0,in_active_ul
14018,10407,greenran_normal,0,5,1,1200005,0,0,in_active_ul
14018,10407,greenran_normal,1,6,0,0,0,0,not_in_active_ul
14018,10407,greenran_normal,1,7,0,0,0,0,not_in_active_ul
14018,10407,greenran_normal,1,8,0,0,0,0,not_in_active_ul
14018,10407,greenran_normal,1,9,0,0,0,0,not_in_active_ul
14018,10407,greenran_normal,1,10,0,0,0,0,not_in_active_ul
14018,10407,greenran_normal,1,11,0,0,0,0,not_in_active_ul
14018,10407,greenran_normal,1,12,0,0,0,0,not_in_active_ul
14018,10407,greenran_normal,1,34,0,0,0,0,not_in_active_ul
14018,10407,greenran_normal,2,35,0,0,0,0,not_in_active_ul
14018,10407,greenran_normal,2,36,0,0,0,0,not_in_active_ul
14018,10407,greenran_normal,2,37,0,0,0,0,not_in_active_ul
14018,10407,greenran_normal,2,38,0,0,0,0,not_in_active_ul
14018,10407,greenran_normal,2,39,0,0,0,0,not_in_active_ul
14018,10407,greenran_normal,2,40,0,0,0,0,not_in_active_ul
14018,10407,greenran_normal,2,41,0,0,0,0,not_in_active_ul
14018,10407,greenran_normal,2,42,0,0,0,0,not_in_active_ul
14018,10407,greenran_normal,2,43,0,0,0,0,not_in_active_ul
14018,10407,greenran_normal,2,44,0,0,0,0,not_in_active_ul
14018,10407,greenran_normal,2,55,0,0,0,0,not_in_active_ul
14018,10407,greenran_normal,2,56,0,0,0,0,not_in_active_ul
14018,10407,greenran_normal,2,57,0,0,0,0,not_in_active_ul
14018,10407,greenran_normal,2,58,0,0,0,0,not_in_active_ul
14018,10407,greenran_normal,2,59,0,0,0,0,not_in_active_ul
14018,10407,greenran_normal,2,60,0,0,0,0,not_in_active_ul
14018,10407,greenran_normal,2,61,0,0,0,0,not_in_active_ul
14018,10407,greenran_normal,2,62,0,0,0,0,not_in_active_ul
14018,10407,greenran_normal,2,63,0,0,0,0,not_in_active_ul
14018,10407,greenran_normal,2,64,0,0,0,0,not_in_active_ul
14163,10507,greenran_normal,0,1,0,0,0,0,not_in_active_ul
14163,10507,greenran_normal,0,2,0,0,0,0,not_in_active_ul
14163,10507,greenran_normal,0,3,0,0,0,0,not_in_active_ul
14163,10507,greenran_normal,0,4,1,1199684,0,0,in_active_ul
14163,10507,greenran_normal,0,5,1,1200005,0,0,in_active_ul
14163,10507,greenran_normal,1,6,0,0,0,0,not_in_active_ul
14163,10507,greenran_normal,1,7,0,0,0,0,not_in_active_ul
14163,10507,greenran_normal,1,8,0,0,0,0,not_in_active_ul
14163,10507,greenran_normal,1,9,0,0,0,0,not_in_active_ul
14163,10507,greenran_normal,1,10,0,0,0,0,not_in_active_ul
14163,10507,greenran_normal,1,11,0,0,0,0,not_in_active_ul
14163,10507,greenran_normal,1,12,0,0,0,0,not_in_active_ul
14163,10507,greenran_normal,1,34,0,0,0,0,not_in_active_ul
14163,10507,greenran_normal,2,35,0,0,0,0,not_in_active_ul
14163,10507,greenran_normal,2,36,0,0,0,0,not_in_active_ul
14163,10507,greenran_normal,2,37,0,0,0,0,not_in_active_ul
14163,10507,greenran_normal,2,38,0,0,0,0,not_in_active_ul
14163,10507,greenran_normal,2,39,0,0,0,0,not_in_active_ul
14163,10507,greenran_normal,2,40,0,0,0,0,not_in_active_ul
14163,10507,greenran_normal,2,41,0,0,0,0,not_in_active_ul
14163,10507,greenran_normal,2,42,0,0,0,0,not_in_active_ul
14163,10507,greenran_normal,2,43,0,0,0,0,not_in_active_ul
14163,10507,greenran_normal,2,44,0,0,0,0,not_in_active_ul
14163,10507,greenran_normal,2,55,0,0,0,0,not_in_active_ul
14163,10507,greenran_normal,2,56,0,0,0,0,not_in_active_ul
14163,10507,greenran_normal,2,57,0,0,0,0,not_in_active_ul
14163,10507,greenran_normal,2,58,0,0,0,0,not_in_active_ul
14163,10507,greenran_normal,2,59,0,0,0,0,not_in_active_ul
14163,10507,greenran_normal,2,60,0,0,0,0,not_in_active_ul
14163,10507,greenran_normal,2,61,0,0,0,0,not_in_active_ul
14163,10507,greenran_normal,2,62,0,0,0,0,not_in_active_ul
14163,10507,greenran_normal,2,63,0,0,0,0,not_in_active_ul
14163,10507,greenran_normal,2,64,0,0,0,0,not_in_active_ul
