timestamp,sliceId,dedicatedPRB,minPRB,maxPRB
510,0,37.26701812253352,37.26701812253352,100.0
510,1,41.00856814246458,41.00856814246458,100.0
510,2,21.7244137350019,21.7244137350019,100.0
520,0,37.91690587829684,37.91690587829684,100.0
520,1,41.87726814996783,41.87726814996783,100.0
520,2,20.205825971735326,20.205825971735326,100.0
530,0,39.160179319266256,39.160179319266256,100.0
530,1,40.20809576751917,40.20809576751917,100.0
530,2,20.63172491321458,20.63172491321458,100.0
540,0,21.98570302887618,21.98570302887618,100.0
540,1,39.044751739395856,39.044751739395856,100.0
540,2,38.96954523172796,38.96954523172796,100.0
550,0,42.75244780795104,42.75244780795104,100.0
550,1,33.852433949330695,33.852433949330695,100.0
550,2,23.395118242718265,23.395118242718265,100.0
