timestamp,sliceId,dedicatedPRB,minPRB,maxPRB
510,0,34.79910952168287,34.79910952168287,100.0
510,1,43.47172984240321,43.47172984240321,100.0
510,2,21.729160635913924,21.729160635913924,100.0
520,0,29.111245175537537,29.111245175537537,100.0
520,1,48.280221686923454,48.280221686923454,100.0
520,2,22.608533137539013,22.608533137539013,100.0
530,0,38.800537113658635,38.800537113658635,100.0
530,1,25.5210997343367,25.5210997343367,100.0
530,2,35.678363152004664,35.678363152004664,100.0
540,0,32.916236575876,32.916236575876,100.0
540,1,39.45935354234792,39.45935354234792,100.0
540,2,27.624409881776074,27.624409881776074,100.0
550,0,41.235976202699874,41.235976202699874,100.0
550,1,37.005442872592454,37.005442872592454,100.0
550,2,21.75858092470768,21.75858092470768,100.0
