timestamp,ueImsi,sliceId,dTxBytes,dRxBytes,plr,resourceSharePct,dLostPackets,throughputMbps,bufferBytes
1510,1,0,18336,16808,8.33,22.75,1,13.4464,1537
1510,2,0,18336,0,100.00,22.75,12,0.0000,1692853
1510,3,0,18336,0,100.00,22.75,12,0.0000,1706416
1510,4,0,18336,16808,8.33,22.75,1,13.4464,3409
1510,5,0,18336,0,100.00,22.75,12,0.0000,1626660
1510,6,1,390,390,0.00,48.36,0,0.3120,87
1510,7,1,390,390,0.00,48.36,0,0.3120,87
1510,8,1,390,390,0.00,48.36,0,0.3120,87
1510,9,1,390,390,0.00,48.36,0,0.3120,87
1510,10,1,390,0,100.00,48.36,5,0.0000,1445
1510,11,2,384,256,33.33,28.89,1,0.2048,137
1510,12,2,384,256,33.33,28.89,1,0.2048,137
1510,13,2,384,0,100.00,28.89,3,0.0000,2909
1510,14,2,384,0,100.00,28.89,3,0.0000,137
1510,15,2,384,0,100.00,28.89,3,0.0000,137
1510,16,2,384,0,100.00,28.89,3,0.0000,574
1510,17,2,384,0,100.00,28.89,3,0.0000,697
1510,18,2,384,1792,0.00,28.89,0,1.4336,137
1510,19,2,384,256,33.33,28.89,1,0.2048,137
1510,20,2,384,256,33.33,28.89,1,0.2048,137
