timestamp,sliceId,dedicatedPRB,minPRB,maxPRB
510,0,45.4846073650043,45.4846073650043,100.0
510,1,29.55187155451461,29.55187155451461,100.0
510,2,24.963521080481087,24.963521080481087,100.0
520,0,51.64250630769239,51.64250630769239,100.0
520,1,27.653126550165,27.653126550165,100.0
520,2,20.70436714214262,20.70436714214262,100.0
530,0,46.469936497290874,46.469936497290874,100.0
530,1,32.54662352369979,32.54662352369979,100.0
530,2,20.98343997900934,20.98343997900934,100.0
540,0,54.15619165347785,54.15619165347785,100.0
540,1,26.21079609849289,26.21079609849289,100.0
540,2,19.633012248029264,19.633012248029264,100.0
550,0,38.79923723143405,38.79923723143405,100.0
550,1,43.62348808182108,43.62348808182108,100.0
550,2,17.577274686744875,17.577274686744875,100.0
560,0,40.23940836350414,40.23940836350414,100.0
560,1,36.016481966402615,36.016481966402615,100.0
560,2,23.744109670093255,23.744109670093255,100.0
570,0,29.240150095417285,29.240150095417285,100.0
570,1,31.783973336842937,31.783973336842937,100.0
570,2,38.97587656773979,38.97587656773979,100.0
580,0,35.22494982066583,35.22494982066583,100.0
580,1,39.878801249876304,39.878801249876304,100.0
580,2,24.896248929457858,24.896248929457858,100.0
590,0,30.36313339270209,30.36313339270209,100.0
590,1,43.60525016684291,43.60525016684291,100.0
590,2,26.031616440455014,26.031616440455014,100.0
600,0,41.253028541513736,41.253028541513736,100.0
600,1,32.01506324309206,32.01506324309206,100.0
600,2,26.731908215394217,26.731908215394217,100.0
610,0,31.270552142347736,31.270552142347736,100.0
610,1,45.781358984967405,45.781358984967405,100.0
610,2,22.948088872684856,22.948088872684856,100.0
620,0,21.59230825529807,21.59230825529807,100.0
620,1,39.17075293779715,39.17075293779715,100.0
620,2,39.23693880690479,39.23693880690479,100.0
630,0,47.38109767004234,47.38109767004234,100.0
630,1,28.487998497317918,28.487998497317918,100.0
630,2,24.130903832639746,24.130903832639746,100.0
640,0,44.37055869847997,44.37055869847997,100.0
640,1,34.48403331116597,34.48403331116597,100.0
640,2,21.145407990354066,21.145407990354066,100.0
650,0,30.953962411142044,30.953962411142044,100.0
650,1,46.99937433308568,46.99937433308568,100.0
650,2,22.046663255772277,22.046663255772277,100.0
660,0,38.09925708197511,38.09925708197511,100.0
660,1,24.650147271861737,24.650147271861737,100.0
660,2,37.250595646163156,37.250595646163156,100.0
670,0,36.93430824457104,36.93430824457104,100.0
670,1,35.46606870812146,35.46606870812146,100.0
670,2,27.599623047307496,27.599623047307496,100.0
680,0,25.197402059023087,25.197402059023087,100.0
680,1,35.094226477136225,35.094226477136225,100.0
680,2,39.708371463840685,39.708371463840685,100.0
690,0,29.64329287274393,29.64329287274393,100.0
690,1,46.51132000386091,46.51132000386091,100.0
690,2,23.845387123395152,23.845387123395152,100.0
700,0,37.515478993218785,37.515478993218785,100.0
700,1,34.50806081901604,34.50806081901604,100.0
700,2,27.976460187765174,27.976460187765174,100.0
710,0,35.02993809616866,35.02993809616866,100.0
710,1,29.306621730155292,29.306621730155292,100.0
710,2,35.66344017367605,35.66344017367605,100.0
720,0,41.52389825285084,41.52389825285084,100.0
720,1,37.597348361089566,37.597348361089566,100.0
720,2,20.878753386059586,20.878753386059586,100.0
730,0,47.16434254851832,47.16434254851832,100.0
730,1,28.538851696258625,28.538851696258625,100.0
730,2,24.296805755223044,24.296805755223044,100.0
740,0,36.82613806848695,36.82613806848695,100.0
740,1,30.809932646412207,30.809932646412207,100.0
740,2,32.36392928510085,32.36392928510085,100.0
750,0,43.752418422393156,43.752418422393156,100.0
750,1,28.964182345247085,28.964182345247085,100.0
750,2,27.283399232359763,27.283399232359763,100.0
760,0,36.52034155364113,36.52034155364113,100.0
760,1,25.454547727355532,25.454547727355532,100.0
760,2,38.025110719003344,38.025110719003344,100.0
770,0,30.607992853567595,30.607992853567595,100.0
770,1,35.58647777624858,35.58647777624858,100.0
770,2,33.80552937018382,33.80552937018382,100.0
780,0,23.964962867908035,23.964962867908035,100.0
780,1,28.26405271277445,28.26405271277445,100.0
780,2,47.77098441931751,47.77098441931751,100.0
790,0,38.31753204089804,38.31753204089804,100.0
790,1,29.393968198044995,29.393968198044995,100.0
790,2,32.28849976105697,32.28849976105697,100.0
800,0,27.716170823007356,27.716170823007356,100.0
800,1,46.33618390371697,46.33618390371697,100.0
800,2,25.947645273275683,25.947645273275683,100.0
810,0,36.33672719955654,36.33672719955654,100.0
810,1,30.43825774264357,30.43825774264357,100.0
810,2,33.22501505779989,33.22501505779989,100.0
820,0,27.394105601470464,27.394105601470464,100.0
820,1,52.05634965179829,52.05634965179829,100.0
820,2,20.54954474673124,20.54954474673124,100.0
830,0,29.76708392173156,29.76708392173156,100.0
830,1,25.451577637336747,25.451577637336747,100.0
830,2,44.7813384409317,44.7813384409317,100.0
840,0,31.44403794673749,31.44403794673749,100.0
840,1,40.24625918478824,40.24625918478824,100.0
840,2,28.309702868474275,28.309702868474275,100.0
850,0,28.577252903811978,28.577252903811978,100.0
850,1,39.460586736296236,39.460586736296236,100.0
850,2,31.962160359891783,31.962160359891783,100.0
860,0,22.487077645533688,22.487077645533688,100.0
860,1,54.63830892006579,54.63830892006579,100.0
860,2,22.874613434400526,22.874613434400526,100.0
870,0,31.08833068936805,31.08833068936805,100.0
870,1,47.611893428445725,47.611893428445725,100.0
870,2,21.29977588218623,21.29977588218623,100.0
880,0,34.94119798518296,34.94119798518296,100.0
880,1,27.342881292795795,27.342881292795795,100.0
880,2,37.715920722021245,37.715920722021245,100.0
890,0,49.161439349158876,49.161439349158876,100.0
890,1,29.794908893499382,29.794908893499382,100.0
890,2,21.043651757341742,21.043651757341742,100.0
900,0,36.684336118775406,36.684336118775406,100.0
900,1,38.153013453057675,38.153013453057675,100.0
900,2,25.162650428166927,25.162650428166927,100.0
910,0,31.0203662688409,31.0203662688409,100.0
910,1,36.72333741548964,36.72333741548964,100.0
910,2,32.256296315669466,32.256296315669466,100.0
920,0,25.52032289580574,25.52032289580574,100.0
920,1,53.47449537482578,53.47449537482578,100.0
920,2,21.005181729368484,21.005181729368484,100.0
930,0,51.37831817334354,51.37831817334354,100.0
930,1,29.230985002672654,29.230985002672654,100.0
930,2,19.390696823983816,19.390696823983816,100.0
940,0,27.613840992252094,27.613840992252094,100.0
940,1,37.6094530004582,37.6094530004582,100.0
940,2,34.7767060072897,34.7767060072897,100.0
950,0,39.565562126223575,39.565562126223575,100.0
950,1,42.11675259611897,42.11675259611897,100.0
950,2,18.31768527765745,18.31768527765745,100.0
960,0,28.203133549838338,28.203133549838338,100.0
960,1,38.6949913162891,38.6949913162891,100.0
960,2,33.10187513387257,33.10187513387257,100.0
970,0,31.150015228117354,31.150015228117354,100.0
970,1,40.18105449455456,40.18105449455456,100.0
970,2,28.66893027732808,28.66893027732808,100.0
980,0,28.095805186326906,28.095805186326906,100.0
980,1,42.558248651559786,42.558248651559786,100.0
980,2,29.345946162113307,29.345946162113307,100.0
990,0,27.236217518237915,27.236217518237915,100.0
990,1,32.868279608949976,32.868279608949976,100.0
990,2,39.8955028728121,39.8955028728121,100.0
1000,0,41.23902674044152,41.23902674044152,100.0
1000,1,33.039240951495344,33.039240951495344,100.0
1000,2,25.72173230806315,25.72173230806315,100.0
1010,0,34.25775165329155,34.25775165329155,100.0
1010,1,42.40874507663044,42.40874507663044,100.0
1010,2,23.33350327007801,23.33350327007801,100.0
1020,0,43.778581748620645,43.778581748620645,100.0
1020,1,34.35069373669769,34.35069373669769,100.0
1020,2,21.870724514681665,21.870724514681665,100.0
1030,0,39.48081791020841,39.48081791020841,100.0
1030,1,31.408848449068806,31.408848449068806,100.0
1030,2,29.11033364072278,29.11033364072278,100.0
1040,0,23.567993674781796,23.567993674781796,100.0
1040,1,34.92417881007955,34.92417881007955,100.0
1040,2,41.50782751513865,41.50782751513865,100.0
1050,0,25.96139158595376,25.96139158595376,100.0
1050,1,30.969694023242507,30.969694023242507,100.0
1050,2,43.06891439080374,43.06891439080374,100.0
1060,0,45.612607629954525,45.612607629954525,100.0
1060,1,32.24359049433868,32.24359049433868,100.0
1060,2,22.143801875706806,22.143801875706806,100.0
1070,0,23.68052414610211,23.68052414610211,100.0
1070,1,31.362012295453845,31.362012295453845,100.0
1070,2,44.95746355844405,44.95746355844405,100.0
1080,0,39.15179774913993,39.15179774913993,100.0
1080,1,31.804810532745925,31.804810532745925,100.0
1080,2,29.043391718114155,29.043391718114155,100.0
1090,0,34.73526065188487,34.73526065188487,100.0
1090,1,34.06783916968465,34.06783916968465,100.0
1090,2,31.196900178430475,31.196900178430475,100.0
1100,0,36.18920294065824,36.18920294065824,100.0
1100,1,44.969592839993396,44.969592839993396,100.0
1100,2,18.841204219348366,18.841204219348366,100.0
1110,0,23.718057601223293,23.718057601223293,100.0
1110,1,31.21442424665387,31.21442424665387,100.0
1110,2,45.06751815212283,45.06751815212283,100.0
1120,0,37.69426435260097,37.69426435260097,100.0
1120,1,43.45303643581106,43.45303643581106,100.0
1120,2,18.85269921158797,18.85269921158797,100.0
1130,0,24.94234776715526,24.94234776715526,100.0
1130,1,26.44609216256234,26.44609216256234,100.0
1130,2,48.6115600702824,48.6115600702824,100.0
1140,0,42.04377854979657,42.04377854979657,100.0
1140,1,34.11718867398975,34.11718867398975,100.0
1140,2,23.839032776213678,23.839032776213678,100.0
1150,0,38.19818692920903,38.19818692920903,100.0
1150,1,40.82884722302208,40.82884722302208,100.0
1150,2,20.972965847768894,20.972965847768894,100.0
1160,0,35.36441033026071,35.36441033026071,100.0
1160,1,32.88824654071132,32.88824654071132,100.0
1160,2,31.74734312902797,31.74734312902797,100.0
1170,0,41.38135524573995,41.38135524573995,100.0
1170,1,25.587524583119762,25.587524583119762,100.0
1170,2,33.031120171140294,33.031120171140294,100.0
1180,0,24.636728113291387,24.636728113291387,100.0
1180,1,45.171382557896386,45.171382557896386,100.0
1180,2,30.191889328812227,30.191889328812227,100.0
1190,0,32.12281416321679,32.12281416321679,100.0
1190,1,26.540483835507217,26.540483835507217,100.0
1190,2,41.336702001276,41.336702001276,100.0
1200,0,24.56394267114018,24.56394267114018,100.0
1200,1,51.798199720409755,51.798199720409755,100.0
1200,2,23.63785760845007,23.63785760845007,100.0
1210,0,29.150299113097855,29.150299113097855,100.0
1210,1,35.31046648096263,35.31046648096263,100.0
1210,2,35.53923440593951,35.53923440593951,100.0
1220,0,44.44764197845256,44.44764197845256,100.0
1220,1,36.152960479653466,36.152960479653466,100.0
1220,2,19.399397541893972,19.399397541893972,100.0
1230,0,45.79119812146697,45.79119812146697,100.0
1230,1,33.36598917984996,33.36598917984996,100.0
1230,2,20.842812698683076,20.842812698683076,100.0
1240,0,30.27100880370497,30.27100880370497,100.0
1240,1,37.86638175606274,37.86638175606274,100.0
1240,2,31.86260944023229,31.86260944023229,100.0
1250,0,43.697817514099256,43.697817514099256,100.0
1250,1,25.3325753773878,25.3325753773878,100.0
1250,2,30.969607108512943,30.969607108512943,100.0
1260,0,41.677669494885734,41.677669494885734,100.0
1260,1,26.22099687887378,26.22099687887378,100.0
1260,2,32.101333626240496,32.101333626240496,100.0
1270,0,30.060937900899454,30.060937900899454,100.0
1270,1,31.288303976878762,31.288303976878762,100.0
1270,2,38.65075812222179,38.65075812222179,100.0
1280,0,23.758173651546493,23.758173651546493,100.0
1280,1,37.71114653047784,37.71114653047784,100.0
1280,2,38.53067981797567,38.53067981797567,100.0
1290,0,31.50388221511443,31.50388221511443,100.0
1290,1,32.40316808179902,32.40316808179902,100.0
1290,2,36.092949703086546,36.092949703086546,100.0
1300,0,30.78277572672754,30.78277572672754,100.0
1300,1,50.80847100441874,50.80847100441874,100.0
1300,2,18.40875326885373,18.40875326885373,100.0
1310,0,26.22408722840546,26.22408722840546,100.0
1310,1,35.25527144792785,35.25527144792785,100.0
1310,2,38.5206413236667,38.5206413236667,100.0
1320,0,42.801403277824114,42.801403277824114,100.0
1320,1,31.656651854679872,31.656651854679872,100.0
1320,2,25.541944867496014,25.541944867496014,100.0
1330,0,39.09586145866999,39.09586145866999,100.0
1330,1,31.616982385040735,31.616982385040735,100.0
1330,2,29.28715615628929,29.28715615628929,100.0
1340,0,37.86864972045859,37.86864972045859,100.0
1340,1,30.14037322545844,30.14037322545844,100.0
1340,2,31.99097705408297,31.99097705408297,100.0
1350,0,25.47734038640978,25.47734038640978,100.0
1350,1,28.034808307672392,28.034808307672392,100.0
1350,2,46.48785130591783,46.48785130591783,100.0
1360,0,37.14335436091757,37.14335436091757,100.0
1360,1,25.45130107630042,25.45130107630042,100.0
1360,2,37.40534456278201,37.40534456278201,100.0
1370,0,40.61441124609138,40.61441124609138,100.0
1370,1,29.63850210143909,29.63850210143909,100.0
1370,2,29.747086652469534,29.747086652469534,100.0
1380,0,48.36298615013911,48.36298615013911,100.0
1380,1,29.95005497122142,29.95005497122142,100.0
1380,2,21.686958878639466,21.686958878639466,100.0
1390,0,30.966425462272507,30.966425462272507,100.0
1390,1,43.96745129875438,43.96745129875438,100.0
1390,2,25.06612323897312,25.06612323897312,100.0
1400,0,37.68612668161381,37.68612668161381,100.0
1400,1,30.48100448540868,30.48100448540868,100.0
1400,2,31.832868832977518,31.832868832977518,100.0
1410,0,47.44784114053723,47.44784114053723,100.0
1410,1,24.690630350538324,24.690630350538324,100.0
1410,2,27.86152850892445,27.86152850892445,100.0
1420,0,32.27244536833927,32.27244536833927,100.0
1420,1,42.93374868230397,42.93374868230397,100.0
1420,2,24.793805949356763,24.793805949356763,100.0
1430,0,51.259738449780514,51.259738449780514,100.0
1430,1,28.753003431227135,28.753003431227135,100.0
1430,2,19.98725811899236,19.98725811899236,100.0
1440,0,25.451133336498916,25.451133336498916,100.0
1440,1,46.38663229312362,46.38663229312362,100.0
1440,2,28.162234370377476,28.162234370377476,100.0
1450,0,33.29663273394409,33.29663273394409,100.0
1450,1,46.660614958607006,46.660614958607006,100.0
1450,2,20.042752307448914,20.042752307448914,100.0
1460,0,37.978094683251285,37.978094683251285,100.0
1460,1,26.790806273699495,26.790806273699495,100.0
1460,2,35.23109904304922,35.23109904304922,100.0
1470,0,51.40401741821891,51.40401741821891,100.0
1470,1,28.227260575899425,28.227260575899425,100.0
1470,2,20.368722005881665,20.368722005881665,100.0
1480,0,41.66875721786467,41.66875721786467,100.0
1480,1,35.88667457705558,35.88667457705558,100.0
1480,2,22.444568205079747,22.444568205079747,100.0
1490,0,51.52593297325686,51.52593297325686,100.0
1490,1,28.956774720643182,28.956774720643182,100.0
1490,2,19.517292306099957,19.517292306099957,100.0
1500,0,28.9843599247727,28.9843599247727,100.0
1500,1,44.676346871223785,44.676346871223785,100.0
1500,2,26.33929320400351,26.33929320400351,100.0
