timestamp,sliceId,dedicatedPRB,minPRB,maxPRB,algorithm
510,0,21.665,21.665,100.0,2
510,1,60.00000000000001,60.00000000000001,100.0,2
510,2,18.335,18.335,100.0,2
520,0,56.665,56.665,100.0,0
520,1,25.0,25.0,100.0,0
520,2,18.335,18.335,100.0,0
530,0,41.665,41.665,100.0,2
530,1,25.0,25.0,100.0,2
530,2,33.335,33.335,100.0,2
540,0,46.665,46.665,100.0,1
540,1,35.0,35.0,100.0,1
540,2,18.335,18.335,100.0,1
550,0,21.665,21.665,100.0,2
550,1,60.00000000000001,60.00000000000001,100.0,2
550,2,18.335,18.335,100.0,2
