timestamp,ueImsi,sliceId,dTxBytes,dRxBytes,plr,resourceSharePct,dLostPackets,throughputMbps,bufferBytes
600,1,0,18336,3056,83.33,16.67,10,2.4448,141685
600,2,0,18336,4584,75.00,16.67,9,3.6672,141107
600,3,0,18336,4584,75.00,16.67,9,3.6672,140673
600,4,0,18336,4584,75.00,16.67,9,3.6672,140653
600,5,0,18336,4584,75.00,16.67,9,3.6672,140556
600,6,1,390,390,0.00,35.00,0,0.3120,87
600,7,1,390,390,0.00,35.00,0,0.3120,87
600,8,1,390,390,0.00,35.00,0,0.3120,87
600,9,1,390,390,0.00,35.00,0,0.3120,87
600,10,1,390,390,0.00,35.00,0,0.3120,87
600,11,2,256,256,0.00,48.34,0,0.2048,137
600,12,2,256,256,0.00,48.34,0,0.2048,137
600,13,2,256,256,0.00,48.34,0,0.2048,137
600,14,2,256,256,0.00,48.34,0,0.2048,137
600,15,2,256,256,0.00,48.34,0,0.2048,137
600,16,2,256,256,0.00,48.34,0,0.2048,137
600,17,2,256,256,0.00,48.34,0,0.2048,137
600,18,2,256,256,0.00,48.34,0,0.2048,137
600,19,2,256,256,0.00,48.34,0,0.2048,137
600,20,2,256,256,0.00,48.34,0,0.2048,137
