timestamp,sliceId,dedicatedPRB,minPRB,maxPRB
510,0,30.074090487051475,30.074090487051475,100.0
510,1,39.523390189125806,39.523390189125806,100.0
510,2,30.40251932382272,30.40251932382272,100.0
520,0,36.85126957948998,36.85126957948998,100.0
520,1,33.36760451365741,33.36760451365741,100.0
520,2,29.78112590685261,29.78112590685261,100.0
530,0,36.92272892802333,36.92272892802333,100.0
530,1,39.3434195853578,39.3434195853578,100.0
530,2,23.733851486618875,23.733851486618875,100.0
540,0,38.6225572503171,38.6225572503171,100.0
540,1,41.09876542933557,41.09876542933557,100.0
540,2,20.278677320347335,20.278677320347335,100.0
550,0,39.95143558086482,39.95143558086482,100.0
550,1,25.58482659920504,25.58482659920504,100.0
550,2,34.463737819930145,34.463737819930145,100.0
560,0,30.847286553736897,30.847286553736897,100.0
560,1,31.835549480597834,31.835549480597834,100.0
560,2,37.31716396566527,37.31716396566527,100.0
570,0,27.8345146456575,27.8345146456575,100.0
570,1,26.894530641229707,26.894530641229707,100.0
570,2,45.2709547131128,45.2709547131128,100.0
580,0,45.58350670952523,45.58350670952523,100.0
580,1,34.481483212135835,34.481483212135835,100.0
580,2,19.935010078338927,19.935010078338927,100.0
590,0,40.94760505964092,40.94760505964092,100.0
590,1,28.548887620934572,28.548887620934572,100.0
590,2,30.50350731942452,30.50350731942452,100.0
600,0,37.07316746267647,37.07316746267647,100.0
600,1,30.521626685114168,30.521626685114168,100.0
600,2,32.40520585220936,32.40520585220936,100.0
610,0,28.468170949088258,28.468170949088258,100.0
610,1,30.29068228693906,30.29068228693906,100.0
610,2,41.241146763972694,41.241146763972694,100.0
620,0,33.91531228141148,33.91531228141148,100.0
620,1,36.01636846497057,36.01636846497057,100.0
620,2,30.068319253617947,30.068319253617947,100.0
630,0,28.738660069548,28.738660069548,100.0
630,1,35.10015094936304,35.10015094936304,100.0
630,2,36.16118898108896,36.16118898108896,100.0
640,0,40.951092697821736,40.951092697821736,100.0
640,1,27.350015433377443,27.350015433377443,100.0
640,2,31.698891868800814,31.698891868800814,100.0
650,0,48.49260248443524,48.49260248443524,100.0
650,1,29.32574606040278,29.32574606040278,100.0
650,2,22.18165145516199,22.18165145516199,100.0
660,0,42.40137621800466,42.40137621800466,100.0
660,1,30.950322138051945,30.950322138051945,100.0
660,2,26.648301643943395,26.648301643943395,100.0
670,0,39.59999532473972,39.59999532473972,100.0
670,1,25.003494295880845,25.003494295880845,100.0
670,2,35.396510379379436,35.396510379379436,100.0
680,0,37.03713564064671,37.03713564064671,100.0
680,1,30.293260572161472,30.293260572161472,100.0
680,2,32.66960378719182,32.66960378719182,100.0
690,0,36.76160474656457,36.76160474656457,100.0
690,1,30.297865689128656,30.297865689128656,100.0
690,2,32.94052956430677,32.94052956430677,100.0
700,0,35.15283719004925,35.15283719004925,100.0
700,1,42.08929237111557,42.08929237111557,100.0
700,2,22.75787043883519,22.75787043883519,100.0
710,0,37.343540451110144,37.343540451110144,100.0
710,1,30.42530165936343,30.42530165936343,100.0
710,2,32.23115788952643,32.23115788952643,100.0
720,0,37.60379549203242,37.60379549203242,100.0
720,1,36.56173130136016,36.56173130136016,100.0
720,2,25.834473206607424,25.834473206607424,100.0
730,0,35.830760193211816,35.830760193211816,100.0
730,1,26.986053401859078,26.986053401859078,100.0
730,2,37.183186404929096,37.183186404929096,100.0
740,0,44.726396362125286,44.726396362125286,100.0
740,1,31.660134246988598,31.660134246988598,100.0
740,2,23.61346939088612,23.61346939088612,100.0
750,0,44.3010413135736,44.3010413135736,100.0
750,1,29.947651169851262,29.947651169851262,100.0
750,2,25.751307516575146,25.751307516575146,100.0
760,0,24.08450503751428,24.08450503751428,100.0
760,1,28.47991119128229,28.47991119128229,100.0
760,2,47.435583771203426,47.435583771203426,100.0
770,0,30.477573430926313,30.477573430926313,100.0
770,1,44.50377470496465,44.50377470496465,100.0
770,2,25.01865186410903,25.01865186410903,100.0
780,0,35.919250145485094,35.919250145485094,100.0
780,1,30.875816797833046,30.875816797833046,100.0
780,2,33.20493305668186,33.20493305668186,100.0
790,0,48.378307342765616,48.378307342765616,100.0
790,1,25.834634618604735,25.834634618604735,100.0
790,2,25.787058038629652,25.787058038629652,100.0
800,0,37.35964041094775,37.35964041094775,100.0
800,1,34.80337802041763,34.80337802041763,100.0
800,2,27.836981568634627,27.836981568634627,100.0
810,0,35.82600727608764,35.82600727608764,100.0
810,1,32.65642647166989,32.65642647166989,100.0
810,2,31.517566252242478,31.517566252242478,100.0
820,0,40.776977061991545,40.776977061991545,100.0
820,1,26.89712549297209,26.89712549297209,100.0
820,2,32.32589744503636,32.32589744503636,100.0
830,0,25.318424646589683,25.318424646589683,100.0
830,1,31.941110382283178,31.941110382283178,100.0
830,2,42.74046497112715,42.74046497112715,100.0
840,0,28.846820932951324,28.846820932951324,100.0
840,1,41.92639799146873,41.92639799146873,100.0
840,2,29.22678107557995,29.22678107557995,100.0
850,0,29.93780224191798,29.93780224191798,100.0
850,1,35.08613464330269,35.08613464330269,100.0
850,2,34.976063114779336,34.976063114779336,100.0
860,0,37.155127741260564,37.155127741260564,100.0
860,1,35.864076887671104,35.864076887671104,100.0
860,2,26.980795371068332,26.980795371068332,100.0
870,0,41.609333728481026,41.609333728481026,100.0
870,1,30.395334990106594,30.395334990106594,100.0
870,2,27.995331281412383,27.995331281412383,100.0
880,0,34.90206358432901,34.90206358432901,100.0
880,1,27.83938878092326,27.83938878092326,100.0
880,2,37.25854763474773,37.25854763474773,100.0
890,0,42.936100095894304,42.936100095894304,100.0
890,1,29.061359020284485,29.061359020284485,100.0
890,2,28.002540883821215,28.002540883821215,100.0
900,0,27.241462361413593,27.241462361413593,100.0
900,1,29.252378474556078,29.252378474556078,100.0
900,2,43.506159164030336,43.506159164030336,100.0
910,0,40.36955678567716,40.36955678567716,100.0
910,1,29.40490031920109,29.40490031920109,100.0
910,2,30.225542895121755,30.225542895121755,100.0
920,0,30.34250662966358,30.34250662966358,100.0
920,1,47.35666748933777,47.35666748933777,100.0
920,2,22.300825880998648,22.300825880998648,100.0
930,0,45.81627756992429,45.81627756992429,100.0
930,1,33.78692828611652,33.78692828611652,100.0
930,2,20.396794143959198,20.396794143959198,100.0
940,0,25.96729353969593,25.96729353969593,100.0
940,1,48.30535910127084,48.30535910127084,100.0
940,2,25.72734735903323,25.72734735903323,100.0
950,0,33.51278631989859,33.51278631989859,100.0
950,1,39.49425060994408,39.49425060994408,100.0
950,2,26.992963070157344,26.992963070157344,100.0
960,0,33.753906506011624,33.753906506011624,100.0
960,1,44.712638043165825,44.712638043165825,100.0
960,2,21.533455450822565,21.533455450822565,100.0
970,0,35.49965409500107,35.49965409500107,100.0
970,1,38.52859391491933,38.52859391491933,100.0
970,2,25.971751990079596,25.971751990079596,100.0
980,0,30.157996979245645,30.157996979245645,100.0
980,1,46.51050223768857,46.51050223768857,100.0
980,2,23.331500783065792,23.331500783065792,100.0
990,0,26.568340196554235,26.568340196554235,100.0
990,1,41.08930499115056,41.08930499115056,100.0
990,2,32.342354812295206,32.342354812295206,100.0
1000,0,34.726724344944884,34.726724344944884,100.0
1000,1,43.37721345677708,43.37721345677708,100.0
1000,2,21.89606219827804,21.89606219827804,100.0
1010,0,36.28990053357947,36.28990053357947,100.0
1010,1,40.52881432860259,40.52881432860259,100.0
1010,2,23.181285137817937,23.181285137817937,100.0
1020,0,33.720704835015795,33.720704835015795,100.0
1020,1,43.23691406713978,43.23691406713978,100.0
1020,2,23.042381097844423,23.042381097844423,100.0
1030,0,33.07096831821252,33.07096831821252,100.0
1030,1,43.48700210728406,43.48700210728406,100.0
1030,2,23.442029574503426,23.442029574503426,100.0
1040,0,34.85796484181017,34.85796484181017,100.0
1040,1,40.07013719520156,40.07013719520156,100.0
1040,2,25.071897962988267,25.071897962988267,100.0
1050,0,26.414650932708717,26.414650932708717,100.0
1050,1,52.21867673333467,52.21867673333467,100.0
1050,2,21.36667233395661,21.36667233395661,100.0
1060,0,32.71789665031035,32.71789665031035,100.0
1060,1,35.08870453204085,35.08870453204085,100.0
1060,2,32.1933988176488,32.1933988176488,100.0
1070,0,28.127315098533266,28.127315098533266,100.0
1070,1,46.66411665214122,46.66411665214122,100.0
1070,2,25.208568249325513,25.208568249325513,100.0
1080,0,28.528576133802357,28.528576133802357,100.0
1080,1,50.13001507664574,50.13001507664574,100.0
1080,2,21.341408789551906,21.341408789551906,100.0
1090,0,28.456253497956762,28.456253497956762,100.0
1090,1,37.514809844021954,37.514809844021954,100.0
1090,2,34.028936658021294,34.028936658021294,100.0
1100,0,27.001128414377938,27.001128414377938,100.0
1100,1,50.032458430251566,50.032458430251566,100.0
1100,2,22.96641315537049,22.96641315537049,100.0
1110,0,33.200071029151296,33.200071029151296,100.0
1110,1,43.73735805357479,43.73735805357479,100.0
1110,2,23.06257091727392,23.06257091727392,100.0
1120,0,28.72101723663046,28.72101723663046,100.0
1120,1,48.053944690969914,48.053944690969914,100.0
1120,2,23.225038072399627,23.225038072399627,100.0
1130,0,39.36546745705403,39.36546745705403,100.0
1130,1,39.4928089643477,39.4928089643477,100.0
1130,2,21.141723578598278,21.141723578598278,100.0
1140,0,25.27541040591753,25.27541040591753,100.0
1140,1,48.31097349326046,48.31097349326046,100.0
1140,2,26.413616100822,26.413616100822,100.0
1150,0,39.48218468094355,39.48218468094355,100.0
1150,1,37.42758769450531,37.42758769450531,100.0
1150,2,23.090227624551147,23.090227624551147,100.0
1160,0,38.098892305515214,38.098892305515214,100.0
1160,1,36.53027089599685,36.53027089599685,100.0
1160,2,25.37083679848794,25.37083679848794,100.0
1170,0,29.387487387372822,29.387487387372822,100.0
1170,1,28.763766278464644,28.763766278464644,100.0
1170,2,41.848746334162534,41.848746334162534,100.0
1180,0,29.362021383204322,29.362021383204322,100.0
1180,1,43.398027639148424,43.398027639148424,100.0
1180,2,27.239950977647258,27.239950977647258,100.0
1190,0,39.29548680197221,39.29548680197221,100.0
1190,1,42.30337309644384,42.30337309644384,100.0
1190,2,18.40114010158394,18.40114010158394,100.0
1200,0,32.512390494074644,32.512390494074644,100.0
1200,1,46.41195483837938,46.41195483837938,100.0
1200,2,21.075654667545972,21.075654667545972,100.0
1210,0,31.023827720154713,31.023827720154713,100.0
1210,1,47.132870069263255,47.132870069263255,100.0
1210,2,21.84330221058203,21.84330221058203,100.0
1220,0,27.029080468527344,27.029080468527344,100.0
1220,1,42.93109696813623,42.93109696813623,100.0
1220,2,30.039822563336426,30.039822563336426,100.0
1230,0,36.10029756171777,36.10029756171777,100.0
1230,1,36.673209144284726,36.673209144284726,100.0
1230,2,27.22649329399751,27.22649329399751,100.0
1240,0,30.326753222707413,30.326753222707413,100.0
1240,1,41.421246998613064,41.421246998613064,100.0
1240,2,28.251999778679526,28.251999778679526,100.0
1250,0,22.723141274477545,22.723141274477545,100.0
1250,1,38.91537981711876,38.91537981711876,100.0
1250,2,38.36147890840369,38.36147890840369,100.0
1260,0,22.252129219094353,22.252129219094353,100.0
1260,1,29.997510330154785,29.997510330154785,100.0
1260,2,47.75036045075087,47.75036045075087,100.0
1270,0,35.85508401031542,35.85508401031542,100.0
1270,1,30.565935198835987,30.565935198835987,100.0
1270,2,33.5789807908486,33.5789807908486,100.0
1280,0,33.878692450369094,33.878692450369094,100.0
1280,1,30.194588631847978,30.194588631847978,100.0
1280,2,35.92671891778293,35.92671891778293,100.0
1290,0,26.26272581061994,26.26272581061994,100.0
1290,1,40.16067082591428,40.16067082591428,100.0
1290,2,33.57660336346577,33.57660336346577,100.0
1300,0,26.06991232179268,26.06991232179268,100.0
1300,1,37.53934909980573,37.53934909980573,100.0
1300,2,36.39073857840159,36.39073857840159,100.0
1310,0,25.544228898797094,25.544228898797094,100.0
1310,1,45.87582796611315,45.87582796611315,100.0
1310,2,28.579943135089763,28.579943135089763,100.0
1320,0,32.3613607360804,32.3613607360804,100.0
1320,1,26.683382803751023,26.683382803751023,100.0
1320,2,40.955256460168584,40.955256460168584,100.0
1330,0,30.65494320543461,30.65494320543461,100.0
1330,1,42.186135348501644,42.186135348501644,100.0
1330,2,27.15892144606375,27.15892144606375,100.0
1340,0,31.836970132712565,31.836970132712565,100.0
1340,1,25.80102659399493,25.80102659399493,100.0
1340,2,42.36200327329251,42.36200327329251,100.0
1350,0,40.5197496555342,40.5197496555342,100.0
1350,1,29.997182292641966,29.997182292641966,100.0
1350,2,29.483068051823835,29.483068051823835,100.0
1360,0,23.087981231221576,23.087981231221576,100.0
1360,1,55.08324279428975,55.08324279428975,100.0
1360,2,21.828775974488664,21.828775974488664,100.0
1370,0,34.601100317694964,34.601100317694964,100.0
1370,1,32.830558729749576,32.830558729749576,100.0
1370,2,32.56834095255546,32.56834095255546,100.0
1380,0,25.525274887920524,25.525274887920524,100.0
1380,1,41.290479095157934,41.290479095157934,100.0
1380,2,33.18424601692154,33.18424601692154,100.0
1390,0,22.52186033197524,22.52186033197524,100.0
1390,1,49.890256382443546,49.890256382443546,100.0
1390,2,27.587883285581217,27.587883285581217,100.0
1400,0,37.14681278816079,37.14681278816079,100.0
1400,1,27.401131291623532,27.401131291623532,100.0
1400,2,35.45205592021569,35.45205592021569,100.0
1410,0,26.350518456610818,26.350518456610818,100.0
1410,1,53.10060144047094,53.10060144047094,100.0
1410,2,20.548880102918254,20.548880102918254,100.0
1420,0,33.66318577188272,33.66318577188272,100.0
1420,1,48.236217138044864,48.236217138044864,100.0
1420,2,18.10059709007241,18.10059709007241,100.0
1430,0,38.56252270994286,38.56252270994286,100.0
1430,1,34.17054031786808,34.17054031786808,100.0
1430,2,27.26693697218906,27.26693697218906,100.0
1440,0,32.542251521838416,32.542251521838416,100.0
1440,1,47.86311157281168,47.86311157281168,100.0
1440,2,19.594636905349898,19.594636905349898,100.0
1450,0,24.179050593892363,24.179050593892363,100.0
1450,1,41.66352510571564,41.66352510571564,100.0
1450,2,34.157424300391995,34.157424300391995,100.0
1460,0,28.347926779473188,28.347926779473188,100.0
1460,1,38.96724555236212,38.96724555236212,100.0
1460,2,32.68482766816469,32.68482766816469,100.0
1470,0,25.971321020786764,25.971321020786764,100.0
1470,1,28.710993603879132,28.710993603879132,100.0
1470,2,45.31768537533411,45.31768537533411,100.0
1480,0,32.98108983978613,32.98108983978613,100.0
1480,1,42.02895355429174,42.02895355429174,100.0
1480,2,24.989956605922142,24.989956605922142,100.0
1490,0,38.44965964930246,38.44965964930246,100.0
1490,1,29.304123103010287,29.304123103010287,100.0
1490,2,32.246217247687255,32.246217247687255,100.0
1500,0,25.055697948950094,25.055697948950094,100.0
1500,1,52.73973432891861,52.73973432891861,100.0
1500,2,22.2045677221313,22.2045677221313,100.0
