timestamp,sliceId,dedicatedPRB,minPRB,maxPRB
510,0,27.84450014054114,27.84450014054114,100.0
510,1,37.87843969746126,37.87843969746126,100.0
510,2,34.277060161997596,34.277060161997596,100.0
520,0,51.887311478336905,51.887311478336905,100.0
520,1,25.65655054522045,25.65655054522045,100.0
520,2,22.45613797644264,22.45613797644264,100.0
530,0,35.91987979519992,35.91987979519992,100.0
530,1,40.78769575374516,40.78769575374516,100.0
530,2,23.292424451054917,23.292424451054917,100.0
540,0,40.82507735389419,40.82507735389419,100.0
540,1,36.37419097837329,36.37419097837329,100.0
540,2,22.800731667732517,22.800731667732517,100.0
550,0,29.671017699397716,29.671017699397716,100.0
550,1,47.106291820919594,47.106291820919594,100.0
550,2,23.22269047968269,23.22269047968269,100.0
560,0,29.59596521284189,29.59596521284189,100.0
560,1,31.32177923818544,31.32177923818544,100.0
560,2,39.08225554897267,39.08225554897267,100.0
570,0,28.0829639583087,28.0829639583087,100.0
570,1,46.91947025861928,46.91947025861928,100.0
570,2,24.997565783072023,24.997565783072023,100.0
580,0,38.48867506939243,38.48867506939243,100.0
580,1,40.10479295291252,40.10479295291252,100.0
580,2,21.40653197769506,21.40653197769506,100.0
590,0,29.567201796524035,29.567201796524035,100.0
590,1,33.34756820109984,33.34756820109984,100.0
590,2,37.08523000237613,37.08523000237613,100.0
600,0,24.59624709086589,24.59624709086589,100.0
600,1,47.268391868389195,47.268391868389195,100.0
600,2,28.135361040744915,28.135361040744915,100.0
610,0,23.427188097523562,23.427188097523562,100.0
610,1,26.61275829884982,26.61275829884982,100.0
610,2,49.96005360362662,49.96005360362662,100.0
620,0,27.833888045575222,27.833888045575222,100.0
620,1,46.8278948744348,46.8278948744348,100.0
620,2,25.338217079989988,25.338217079989988,100.0
630,0,23.55673276711494,23.55673276711494,100.0
630,1,41.57357987349521,41.57357987349521,100.0
630,2,34.86968735938984,34.86968735938984,100.0
640,0,22.684293070755846,22.684293070755846,100.0
640,1,53.59786609237358,53.59786609237358,100.0
640,2,23.717840836870568,23.717840836870568,100.0
650,0,32.906853810629876,32.906853810629876,100.0
650,1,38.04648580907251,38.04648580907251,100.0
650,2,29.046660380297617,29.046660380297617,100.0
660,0,33.02446875184537,33.02446875184537,100.0
660,1,31.405810726642596,31.405810726642596,100.0
660,2,35.56972052151204,35.56972052151204,100.0
670,0,27.777437167766024,27.777437167766024,100.0
670,1,46.876117471184045,46.876117471184045,100.0
670,2,25.34644536104994,25.34644536104994,100.0
680,0,36.649861264314104,36.649861264314104,100.0
680,1,40.66104084792197,40.66104084792197,100.0
680,2,22.68909788776393,22.68909788776393,100.0
690,0,30.320317287962894,30.320317287962894,100.0
690,1,43.36342133470616,43.36342133470616,100.0
690,2,26.316261377330957,26.316261377330957,100.0
700,0,40.597068993869456,40.597068993869456,100.0
700,1,24.4544682408307,24.4544682408307,100.0
700,2,34.948462765299844,34.948462765299844,100.0
710,0,33.85510777870512,33.85510777870512,100.0
710,1,46.64267299319319,46.64267299319319,100.0
710,2,19.50221922810169,19.50221922810169,100.0
720,0,32.75092438341029,32.75092438341029,100.0
720,1,37.80200281766369,37.80200281766369,100.0
720,2,29.447072798926012,29.447072798926012,100.0
730,0,41.280701350359585,41.280701350359585,100.0
730,1,25.386067815999464,25.386067815999464,100.0
730,2,33.33323083364095,33.33323083364095,100.0
740,0,29.779556845170873,29.779556845170873,100.0
740,1,40.716347883374624,40.716347883374624,100.0
740,2,29.5040952714545,29.5040952714545,100.0
750,0,46.907698898184805,46.907698898184805,100.0
750,1,30.56514623950696,30.56514623950696,100.0
750,2,22.52715486230824,22.52715486230824,100.0
760,0,23.723282829845854,23.723282829845854,100.0
760,1,40.508759100873725,40.508759100873725,100.0
760,2,35.767958069280425,35.767958069280425,100.0
770,0,23.36911629610099,23.36911629610099,100.0
770,1,54.629847274598376,54.629847274598376,100.0
770,2,22.001036429300637,22.001036429300637,100.0
780,0,43.44785154299874,43.44785154299874,100.0
780,1,34.913072092353055,34.913072092353055,100.0
780,2,21.63907636464821,21.63907636464821,100.0
790,0,32.51934024876029,32.51934024876029,100.0
790,1,48.1720032914373,48.1720032914373,100.0
790,2,19.308656459802418,19.308656459802418,100.0
800,0,26.783721022650187,26.783721022650187,100.0
800,1,33.03139126025222,33.03139126025222,100.0
800,2,40.184887717097595,40.184887717097595,100.0
810,0,41.18041771835082,41.18041771835082,100.0
810,1,27.750603271716784,27.750603271716784,100.0
810,2,31.068979009932406,31.068979009932406,100.0
820,0,33.82221270952531,33.82221270952531,100.0
820,1,29.86521747570424,29.86521747570424,100.0
820,2,36.31256981477045,36.31256981477045,100.0
830,0,35.28952436053233,35.28952436053233,100.0
830,1,27.673719617256737,27.673719617256737,100.0
830,2,37.036756022210945,37.036756022210945,100.0
840,0,28.025434707411407,28.025434707411407,100.0
840,1,26.533253462129057,26.533253462129057,100.0
840,2,45.44131183045954,45.44131183045954,100.0
850,0,33.10122162218974,33.10122162218974,100.0
850,1,29.899735794843448,29.899735794843448,100.0
850,2,36.999042582966815,36.999042582966815,100.0
860,0,25.27860036913216,25.27860036913216,100.0
860,1,38.98907586757201,38.98907586757201,100.0
860,2,35.732323763295845,35.732323763295845,100.0
870,0,27.604588165782186,27.604588165782186,100.0
870,1,45.44156551085671,45.44156551085671,100.0
870,2,26.95384632336111,26.95384632336111,100.0
880,0,41.285831802610886,41.285831802610886,100.0
880,1,25.787416171225995,25.787416171225995,100.0
880,2,32.92675202616313,32.92675202616313,100.0
890,0,43.41857555992416,43.41857555992416,100.0
890,1,34.187299293111856,34.187299293111856,100.0
890,2,22.39412514696399,22.39412514696399,100.0
900,0,30.17598114873532,30.17598114873532,100.0
900,1,50.288025507184656,50.288025507184656,100.0
900,2,19.535993344080023,19.535993344080023,100.0
910,0,44.77295000018437,44.77295000018437,100.0
910,1,31.383004763200102,31.383004763200102,100.0
910,2,23.844045236615518,23.844045236615518,100.0
920,0,39.227855289522076,39.227855289522076,100.0
920,1,40.46952550436259,40.46952550436259,100.0
920,2,20.302619206115335,20.302619206115335,100.0
930,0,43.95231825355553,43.95231825355553,100.0
930,1,37.503573123562916,37.503573123562916,100.0
930,2,18.544108622881556,18.544108622881556,100.0
940,0,32.84751748268672,32.84751748268672,100.0
940,1,37.301933973030245,37.301933973030245,100.0
940,2,29.85054854428304,29.85054854428304,100.0
950,0,41.92925836349628,41.92925836349628,100.0
950,1,28.621872875743048,28.621872875743048,100.0
950,2,29.44886876076067,29.44886876076067,100.0
960,0,26.887066603669435,26.887066603669435,100.0
960,1,50.47282410264798,50.47282410264798,100.0
960,2,22.640109293682592,22.640109293682592,100.0
970,0,44.55181382057959,44.55181382057959,100.0
970,1,32.00132663477485,32.00132663477485,100.0
970,2,23.446859544645555,23.446859544645555,100.0
980,0,27.334940177533646,27.334940177533646,100.0
980,1,33.199330539707596,33.199330539707596,100.0
980,2,39.46572928275876,39.46572928275876,100.0
990,0,33.68136368998923,33.68136368998923,100.0
990,1,39.00243044397392,39.00243044397392,100.0
990,2,27.316205866036864,27.316205866036864,100.0
1000,0,35.159698203182906,35.159698203182906,100.0
1000,1,29.70791529277942,29.70791529277942,100.0
1000,2,35.13238650403768,35.13238650403768,100.0
1010,0,34.01973892265746,34.01973892265746,100.0
1010,1,43.70520622526431,43.70520622526431,100.0
1010,2,22.27505485207822,22.27505485207822,100.0
1020,0,48.744209224680645,48.744209224680645,100.0
1020,1,31.14590430574375,31.14590430574375,100.0
1020,2,20.109886469575606,20.109886469575606,100.0
1030,0,36.04555535671891,36.04555535671891,100.0
1030,1,35.40409777435928,35.40409777435928,100.0
1030,2,28.550346868921828,28.550346868921828,100.0
1040,0,24.769510044899096,24.769510044899096,100.0
1040,1,47.92932881081098,47.92932881081098,100.0
1040,2,27.301161144289924,27.301161144289924,100.0
1050,0,33.1631571059287,33.1631571059287,100.0
1050,1,47.124933908117306,47.124933908117306,100.0
1050,2,19.711908985954,19.711908985954,100.0
1060,0,33.529181544771994,33.529181544771994,100.0
1060,1,39.5015735480112,39.5015735480112,100.0
1060,2,26.969244907216805,26.969244907216805,100.0
1070,0,40.15298615615077,40.15298615615077,100.0
1070,1,29.874930719371573,29.874930719371573,100.0
1070,2,29.97208312447766,29.97208312447766,100.0
1080,0,38.64330323244998,38.64330323244998,100.0
1080,1,27.150257036246277,27.150257036246277,100.0
1080,2,34.20643973130375,34.20643973130375,100.0
1090,0,36.32964689805874,36.32964689805874,100.0
1090,1,38.79214002189183,38.79214002189183,100.0
1090,2,24.878213080049424,24.878213080049424,100.0
1100,0,33.57876090478507,33.57876090478507,100.0
1100,1,26.670399335170313,26.670399335170313,100.0
1100,2,39.75083976004463,39.75083976004463,100.0
1110,0,23.530563382287333,23.530563382287333,100.0
1110,1,43.552288910506455,43.552288910506455,100.0
1110,2,32.91714770720621,32.91714770720621,100.0
1120,0,35.309519702703454,35.309519702703454,100.0
1120,1,43.49640749875071,43.49640749875071,100.0
1120,2,21.19407279854584,21.19407279854584,100.0
1130,0,23.138047542055784,23.138047542055784,100.0
1130,1,57.70489477322418,57.70489477322418,100.0
1130,2,19.157057684720037,19.157057684720037,100.0
1140,0,26.112283775461933,26.112283775461933,100.0
1140,1,43.02809570631439,43.02809570631439,100.0
1140,2,30.85962051822368,30.85962051822368,100.0
1150,0,21.74650344072695,21.74650344072695,100.0
1150,1,40.76181256938892,40.76181256938892,100.0
1150,2,37.49168398988413,37.49168398988413,100.0
1160,0,51.98971292145694,51.98971292145694,100.0
1160,1,27.08895143732637,27.08895143732637,100.0
1160,2,20.921335641216682,20.921335641216682,100.0
1170,0,31.746448138566446,31.746448138566446,100.0
1170,1,32.29800458531763,32.29800458531763,100.0
1170,2,35.95554727611594,35.95554727611594,100.0
1180,0,38.46671558730401,38.46671558730401,100.0
1180,1,24.80771620564911,24.80771620564911,100.0
1180,2,36.72556820704689,36.72556820704689,100.0
1190,0,30.328630439540404,30.328630439540404,100.0
1190,1,49.38146178837948,49.38146178837948,100.0
1190,2,20.289907772080117,20.289907772080117,100.0
1200,0,31.46150552521797,31.46150552521797,100.0
1200,1,40.20159077273468,40.20159077273468,100.0
1200,2,28.336903702047355,28.336903702047355,100.0
1210,0,34.037806768400834,34.037806768400834,100.0
1210,1,30.8950001035251,30.8950001035251,100.0
1210,2,35.06719312807407,35.06719312807407,100.0
1220,0,33.080259638835564,33.080259638835564,100.0
1220,1,36.809031210773554,36.809031210773554,100.0
1220,2,30.110709150390885,30.110709150390885,100.0
1230,0,32.577599218209485,32.577599218209485,100.0
1230,1,45.06279592266102,45.06279592266102,100.0
1230,2,22.359604859129494,22.359604859129494,100.0
1240,0,29.602321816219778,29.602321816219778,100.0
1240,1,47.45121805758176,47.45121805758176,100.0
1240,2,22.94646012619846,22.94646012619846,100.0
1250,0,33.77486792888775,33.77486792888775,100.0
1250,1,46.80279117588447,46.80279117588447,100.0
1250,2,19.422340895227773,19.422340895227773,100.0
1260,0,23.408632566186093,23.408632566186093,100.0
1260,1,36.48142778451076,36.48142778451076,100.0
1260,2,40.10993964930315,40.10993964930315,100.0
1270,0,38.64359020017808,38.64359020017808,100.0
1270,1,40.10376503603384,40.10376503603384,100.0
1270,2,21.25264476378808,21.25264476378808,100.0
1280,0,39.596984896838194,39.596984896838194,100.0
1280,1,34.85693427779635,34.85693427779635,100.0
1280,2,25.546080825365454,25.546080825365454,100.0
1290,0,28.99050788163009,28.99050788163009,100.0
1290,1,49.064615241965654,49.064615241965654,100.0
1290,2,21.94487687640426,21.94487687640426,100.0
1300,0,38.78279129522403,38.78279129522403,100.0
1300,1,26.658880193981926,26.658880193981926,100.0
1300,2,34.55832851079405,34.55832851079405,100.0
1310,0,43.781051886607536,43.781051886607536,100.0
1310,1,27.977196922415278,27.977196922415278,100.0
1310,2,28.241751190977183,28.241751190977183,100.0
1320,0,42.464137520335086,42.464137520335086,100.0
1320,1,37.04855899841106,37.04855899841106,100.0
1320,2,20.48730348125385,20.48730348125385,100.0
1330,0,28.416681004920648,28.416681004920648,100.0
1330,1,48.83621041634463,48.83621041634463,100.0
1330,2,22.747108578734725,22.747108578734725,100.0
1340,0,34.105840252923414,34.105840252923414,100.0
1340,1,32.581980582602036,32.581980582602036,100.0
1340,2,33.31217916447456,33.31217916447456,100.0
1350,0,22.783468311016193,22.783468311016193,100.0
1350,1,39.12881228232254,39.12881228232254,100.0
1350,2,38.08771940666127,38.08771940666127,100.0
1360,0,32.23228626976146,32.23228626976146,100.0
1360,1,41.323911207918904,41.323911207918904,100.0
1360,2,26.443802522319643,26.443802522319643,100.0
1370,0,37.78621351516039,37.78621351516039,100.0
1370,1,35.46948164832714,35.46948164832714,100.0
1370,2,26.744304836512466,26.744304836512466,100.0
1380,0,37.254589070784704,37.254589070784704,100.0
1380,1,32.3673656318964,32.3673656318964,100.0
1380,2,30.378045297318902,30.378045297318902,100.0
1390,0,22.613528270874035,22.613528270874035,100.0
1390,1,31.766102436869087,31.766102436869087,100.0
1390,2,45.62036929225688,45.62036929225688,100.0
1400,0,27.49322536651929,27.49322536651929,100.0
1400,1,30.812927643025212,30.812927643025212,100.0
1400,2,41.6938469904555,41.6938469904555,100.0
1410,0,34.42751372716487,34.42751372716487,100.0
1410,1,35.910594825579835,35.910594825579835,100.0
1410,2,29.661891447255297,29.661891447255297,100.0
1420,0,34.329539735739736,34.329539735739736,100.0
1420,1,34.118004348208544,34.118004348208544,100.0
1420,2,31.55245591605172,31.55245591605172,100.0
1430,0,52.145700375190216,52.145700375190216,100.0
1430,1,25.71581047450668,25.71581047450668,100.0
1430,2,22.13848915030311,22.13848915030311,100.0
1440,0,27.543119575718823,27.543119575718823,100.0
1440,1,41.89110000799785,41.89110000799785,100.0
1440,2,30.565780416283328,30.565780416283328,100.0
1450,0,54.8715528031016,54.8715528031016,100.0
1450,1,25.7394937992497,25.7394937992497,100.0
1450,2,19.388953397648702,19.388953397648702,100.0
1460,0,48.79891757039688,48.79891757039688,100.0
1460,1,29.23764982601749,29.23764982601749,100.0
1460,2,21.963432603585627,21.963432603585627,100.0
1470,0,25.896708362881682,25.896708362881682,100.0
1470,1,37.43757309295574,37.43757309295574,100.0
1470,2,36.66571854416259,36.66571854416259,100.0
1480,0,32.84692091006462,32.84692091006462,100.0
1480,1,42.793042125901486,42.793042125901486,100.0
1480,2,24.360036964033892,24.360036964033892,100.0
1490,0,24.05138346415874,24.05138346415874,100.0
1490,1,42.44734315130933,42.44734315130933,100.0
1490,2,33.50127338453193,33.50127338453193,100.0
1500,0,27.54495990394187,27.54495990394187,100.0
1500,1,34.51181008688602,34.51181008688602,100.0
1500,2,37.94323000917212,37.94323000917212,100.0
