timestamp,ueImsi,sliceId,dTxBytes,dRxBytes,plr,resourceSharePct,dLostPackets,throughputMbps,bufferBytes
1510,1,0,35144,0,100.00,26.66,23,0.0000,3200316
1510,2,0,35144,18336,47.83,26.66,11,14.6688,2053572
1510,3,1,1014,936,7.69,40.00,1,0.7488,87
1510,4,1,1014,468,53.85,40.00,7,0.3744,87
1510,5,2,256,0,100.00,33.34,2,0.0000,137
1510,6,2,256,256,0.00,33.34,0,0.2048,137
1510,7,2,256,0,100.00,33.34,2,0.0000,137
1510,8,2,256,256,0.00,33.34,0,0.2048,137
1510,9,2,256,256,0.00,33.34,0,0.2048,137
1510,10,2,256,0,100.00,33.34,2,0.0000,137
