timestamp,ueImsi,sliceId,dTxBytes,dRxBytes,plr,resourceSharePct,dLostPackets,throughputMbps,bufferBytes,dlBufferBytes,ulBufferBytes,macBufferBytes,congestionPct,lastDrlActionStatus
10600,1,0,194844,3812,97.69,16.66,169,0.3050,1199865,196316,1199865,1396181,13.32,applied
10600,2,0,194844,7496,95.95,16.66,166,0.5997,1199831,196299,1199831,1396130,13.31,applied
10600,3,0,194844,122928,41.62,16.66,72,9.8342,1199496,196296,1199496,1395792,13.31,applied
10600,4,0,194844,0,100.00,16.66,173,0.0000,1200005,200037,1200005,1400042,13.35,applied
10600,5,0,194844,8724,95.38,16.66,165,0.6979,1199792,196294,1199792,1396086,13.31,applied
10600,6,1,0,0,0.00,40.00,0,0.0000,34,0,34,34,0.00,applied
10600,7,1,0,0,0.00,40.00,0,0.0000,34,0,34,34,0.00,applied
10600,8,1,0,0,0.00,40.00,0,0.0000,34,0,34,34,0.00,applied
10600,9,1,0,0,0.00,40.00,0,0.0000,34,0,34,34,0.00,applied
10600,10,1,0,0,0.00,40.00,0,0.0000,34,0,34,34,0.00,applied
10600,11,1,0,0,0.00,40.00,0,0.0000,34,0,34,34,0.00,applied
10600,12,1,0,0,0.00,40.00,0,0.0000,34,0,34,34,0.00,applied
10600,13,1,0,0,0.00,40.00,0,0.0000,34,0,34,34,0.00,applied
10600,14,2,63772,0,100.00,43.33,49,0.0000,6429070,6429070,51,6429121,61.31,applied
10600,15,2,63772,0,100.00,43.33,49,0.0000,6429235,6429235,34,6429269,61.31,applied
10600,16,2,63772,0,100.00,43.33,49,0.0000,6429073,6429073,51,6429124,61.31,applied
10600,17,2,63772,0,100.00,43.33,49,0.0000,6432311,6432311,51,6432362,61.34,applied
10600,18,2,63772,0,100.00,43.33,49,0.0000,6429068,6429068,51,6429119,61.31,applied
10600,19,2,63772,940,89.80,43.33,44,0.0752,6429072,6429072,51,6429123,61.31,applied
10600,20,2,63772,940,89.80,43.33,44,0.0752,6429073,6429073,51,6429124,61.31,applied
10600,21,2,63772,0,100.00,43.33,49,0.0000,6429879,6429879,51,6429930,61.32,applied
10600,22,2,63772,0,100.00,43.33,49,0.0000,6430860,6430860,51,6430911,61.33,applied
10600,23,2,63772,0,100.00,43.33,49,0.0000,6429064,6429064,51,6429115,61.31,applied
10600,24,2,63772,940,89.80,43.33,44,0.0752,6429065,6429065,51,6429116,61.31,applied
10600,25,2,63772,940,89.80,43.33,44,0.0752,6429065,6429065,51,6429116,61.31,applied
10600,26,2,63772,0,100.00,43.33,49,0.0000,6429071,6429071,51,6429122,61.31,applied
10600,27,2,63772,0,100.00,43.33,49,0.0000,6429183,6429183,34,6429217,61.31,applied
10600,28,2,63772,0,100.00,43.33,49,0.0000,6429232,6429232,51,6429283,61.31,applied
10600,29,2,63772,0,100.00,43.33,49,0.0000,6431970,6431970,51,6432021,61.34,applied
10600,30,2,63772,0,100.00,43.33,49,0.0000,6429068,6429068,51,6429119,61.31,applied
10600,31,2,63772,940,89.80,43.33,44,0.0752,6429068,6429068,51,6429119,61.31,applied
10600,32,2,63772,0,100.00,43.33,49,0.0000,6429067,6429067,51,6429118,61.31,applied
10600,33,2,63772,0,100.00,43.33,49,0.0000,6431338,6431338,51,6431389,61.33,applied
