timestamp,sliceId,dedicatedPRB,minPRB,maxPRB
510,0,25.659208705230053,25.659208705230053,100.0
510,1,48.527727707271524,48.527727707271524,100.0
510,2,25.81306358749842,25.81306358749842,100.0
520,0,32.872938397392325,32.872938397392325,100.0
520,1,41.552996427380606,41.552996427380606,100.0
520,2,25.574065175227062,25.574065175227062,100.0
530,0,38.2357152825268,38.2357152825268,100.0
530,1,35.589463776318226,35.589463776318226,100.0
530,2,26.17482094115498,26.17482094115498,100.0
540,0,47.4877160823682,47.4877160823682,100.0
540,1,29.577835805334722,29.577835805334722,100.0
540,2,22.934448112297073,22.934448112297073,100.0
550,0,46.34419195981096,46.34419195981096,100.0
550,1,27.93298159783709,27.93298159783709,100.0
550,2,25.72282644235194,25.72282644235194,100.0
560,0,25.9032190745603,25.9032190745603,100.0
560,1,32.05287488227016,32.05287488227016,100.0
560,2,42.04390604316954,42.04390604316954,100.0
570,0,37.157540197275246,37.157540197275246,100.0
570,1,26.388493275252046,26.388493275252046,100.0
570,2,36.4539665274727,36.4539665274727,100.0
580,0,23.57194634412934,23.57194634412934,100.0
580,1,52.761708037588505,52.761708037588505,100.0
580,2,23.66634561828216,23.66634561828216,100.0
590,0,23.73219799838038,23.73219799838038,100.0
590,1,55.409668540090216,55.409668540090216,100.0
590,2,20.85813346152941,20.85813346152941,100.0
600,0,27.449660770865663,27.449660770865663,100.0
600,1,27.769527145398442,27.769527145398442,100.0
600,2,44.780812083735896,44.780812083735896,100.0
610,0,37.91996806708886,37.91996806708886,100.0
610,1,41.28520658132433,41.28520658132433,100.0
610,2,20.794825351586816,20.794825351586816,100.0
620,0,41.45601371703411,41.45601371703411,100.0
620,1,25.41565972983637,25.41565972983637,100.0
620,2,33.12832655312952,33.12832655312952,100.0
630,0,24.89362410512432,24.89362410512432,100.0
630,1,54.65982492713823,54.65982492713823,100.0
630,2,20.446550967737437,20.446550967737437,100.0
640,0,22.056198883567664,22.056198883567664,100.0
640,1,42.55542656383767,42.55542656383767,100.0
640,2,35.38837455259468,35.38837455259468,100.0
650,0,46.35261384749723,46.35261384749723,100.0
650,1,30.035955868053822,30.035955868053822,100.0
650,2,23.611430284448957,23.611430284448957,100.0
660,0,39.230656355088264,39.230656355088264,100.0
660,1,38.83659585100088,38.83659585100088,100.0
660,2,21.932747793910863,21.932747793910863,100.0
670,0,41.0528547633678,41.0528547633678,100.0
670,1,29.645745203014297,29.645745203014297,100.0
670,2,29.30140003361791,29.30140003361791,100.0
680,0,32.61123077544189,32.61123077544189,100.0
680,1,41.45263676677504,41.45263676677504,100.0
680,2,25.936132457783067,25.936132457783067,100.0
690,0,30.174147874763474,30.174147874763474,100.0
690,1,36.51086275966349,36.51086275966349,100.0
690,2,33.31498936557304,33.31498936557304,100.0
700,0,49.299010046372175,49.299010046372175,100.0
700,1,30.74995181950957,30.74995181950957,100.0
700,2,19.951038134118253,19.951038134118253,100.0
710,0,22.525161859142298,22.525161859142298,100.0
710,1,36.78204746074948,36.78204746074948,100.0
710,2,40.692790680108224,40.692790680108224,100.0
720,0,27.371745938433996,27.371745938433996,100.0
720,1,49.35100164038272,49.35100164038272,100.0
720,2,23.27725242118329,23.27725242118329,100.0
730,0,33.60844478298491,33.60844478298491,100.0
730,1,41.35208062424493,41.35208062424493,100.0
730,2,25.039474592770155,25.039474592770155,100.0
740,0,25.712859272410878,25.712859272410878,100.0
740,1,45.01062994470868,45.01062994470868,100.0
740,2,29.27651078288044,29.27651078288044,100.0
750,0,34.92819383102715,34.92819383102715,100.0
750,1,32.005254663533925,32.005254663533925,100.0
750,2,33.06655150543891,33.06655150543891,100.0
760,0,29.453547236486706,29.453547236486706,100.0
760,1,37.661809118996004,37.661809118996004,100.0
760,2,32.88464364451728,32.88464364451728,100.0
770,0,47.59436409045561,47.59436409045561,100.0
770,1,28.024976230304212,28.024976230304212,100.0
770,2,24.380659679240186,24.380659679240186,100.0
780,0,24.206086242853036,24.206086242853036,100.0
780,1,45.273208836886894,45.273208836886894,100.0
780,2,30.520704920260066,30.520704920260066,100.0
790,0,38.39908438823469,38.39908438823469,100.0
790,1,32.47259215434,32.47259215434,100.0
790,2,29.128323457425314,29.128323457425314,100.0
800,0,29.75181520425662,29.75181520425662,100.0
800,1,29.76596774974418,29.76596774974418,100.0
800,2,40.48221704599921,40.48221704599921,100.0
810,0,35.41456063724393,35.41456063724393,100.0
810,1,46.05313015605913,46.05313015605913,100.0
810,2,18.53230920669694,18.53230920669694,100.0
820,0,37.09080524060309,37.09080524060309,100.0
820,1,39.06361481480734,39.06361481480734,100.0
820,2,23.845579944589574,23.845579944589574,100.0
830,0,33.11461495739512,33.11461495739512,100.0
830,1,35.15004666986275,35.15004666986275,100.0
830,2,31.735338372742127,31.735338372742127,100.0
840,0,30.569977557370365,30.569977557370365,100.0
840,1,48.91434973508634,48.91434973508634,100.0
840,2,20.515672707543295,20.515672707543295,100.0
850,0,25.278587440974086,25.278587440974086,100.0
850,1,33.84644735802481,33.84644735802481,100.0
850,2,40.8749652010011,40.8749652010011,100.0
860,0,27.51302804124086,27.51302804124086,100.0
860,1,29.54933057183695,29.54933057183695,100.0
860,2,42.93764138692219,42.93764138692219,100.0
870,0,26.42633505979348,26.42633505979348,100.0
870,1,44.48964737547075,44.48964737547075,100.0
870,2,29.084017564735763,29.084017564735763,100.0
880,0,26.30916036652897,26.30916036652897,100.0
880,1,31.26552259832074,31.26552259832074,100.0
880,2,42.425317035150286,42.425317035150286,100.0
890,0,31.992795717132584,31.992795717132584,100.0
890,1,32.583158323428776,32.583158323428776,100.0
890,2,35.424045959438644,35.424045959438644,100.0
900,0,30.600699712210673,30.600699712210673,100.0
900,1,38.96408417353355,38.96408417353355,100.0
900,2,30.43521611425577,30.43521611425577,100.0
910,0,22.105620213214248,22.105620213214248,100.0
910,1,40.20594212407678,40.20594212407678,100.0
910,2,37.688437662708985,37.688437662708985,100.0
920,0,23.02717504771903,23.02717504771903,100.0
920,1,27.11126787803324,27.11126787803324,100.0
920,2,49.86155707424773,49.86155707424773,100.0
930,0,28.539812805465786,28.539812805465786,100.0
930,1,43.13942590627123,43.13942590627123,100.0
930,2,28.32076128826299,28.32076128826299,100.0
940,0,25.15163836456116,25.15163836456116,100.0
940,1,32.26553009760394,32.26553009760394,100.0
940,2,42.5828315378349,42.5828315378349,100.0
950,0,25.626493652126577,25.626493652126577,100.0
950,1,47.58808709236842,47.58808709236842,100.0
950,2,26.785419255505005,26.785419255505005,100.0
960,0,26.12125761765991,26.12125761765991,100.0
960,1,36.05042636247916,36.05042636247916,100.0
960,2,37.82831601986093,37.82831601986093,100.0
970,0,33.28320909515152,33.28320909515152,100.0
970,1,38.043755347743,38.043755347743,100.0
970,2,28.673035557105475,28.673035557105475,100.0
980,0,21.60336344630575,21.60336344630575,100.0
980,1,42.480284147425806,42.480284147425806,100.0
980,2,35.916352406268444,35.916352406268444,100.0
990,0,29.866414037796286,29.866414037796286,100.0
990,1,38.25993132302414,38.25993132302414,100.0
990,2,31.87365463917957,31.87365463917957,100.0
1000,0,25.04715136520571,25.04715136520571,100.0
1000,1,36.79125165797803,36.79125165797803,100.0
1000,2,38.16159697681626,38.16159697681626,100.0
1010,0,31.99791085556825,31.99791085556825,100.0
1010,1,44.93535107061959,44.93535107061959,100.0
1010,2,23.06673807381217,23.06673807381217,100.0
1020,0,21.144820781200735,21.144820781200735,100.0
1020,1,39.539036773209695,39.539036773209695,100.0
1020,2,39.31614244558958,39.31614244558958,100.0
1030,0,27.379089297755648,27.379089297755648,100.0
1030,1,41.0375532024868,41.0375532024868,100.0
1030,2,31.583357499757557,31.583357499757557,100.0
1040,0,20.85567227260341,20.85567227260341,100.0
1040,1,44.73052889204209,44.73052889204209,100.0
1040,2,34.413798835354505,34.413798835354505,100.0
1050,0,27.87026463838118,27.87026463838118,100.0
1050,1,44.57248071530126,44.57248071530126,100.0
1050,2,27.55725464631756,27.55725464631756,100.0
1060,0,26.656045154674697,26.656045154674697,100.0
1060,1,40.96272120143857,40.96272120143857,100.0
1060,2,32.38123364388674,32.38123364388674,100.0
1070,0,20.986107976371247,20.986107976371247,100.0
1070,1,44.82283507757807,44.82283507757807,100.0
1070,2,34.19105694605068,34.19105694605068,100.0
1080,0,33.102253193315114,33.102253193315114,100.0
1080,1,24.576435253508606,24.576435253508606,100.0
1080,2,42.32131155317628,42.32131155317628,100.0
1090,0,24.51383655264578,24.51383655264578,100.0
1090,1,49.306470392373654,49.306470392373654,100.0
1090,2,26.179693054980564,26.179693054980564,100.0
1100,0,24.69212077509208,24.69212077509208,100.0
1100,1,37.135777493010295,37.135777493010295,100.0
1100,2,38.17210173189763,38.17210173189763,100.0
1110,0,24.16121771512363,24.16121771512363,100.0
1110,1,30.82371704911408,30.82371704911408,100.0
1110,2,45.015065235762286,45.015065235762286,100.0
1120,0,31.23136981494624,31.23136981494624,100.0
1120,1,29.813344687163447,29.813344687163447,100.0
1120,2,38.955285497890316,38.955285497890316,100.0
1130,0,23.601381512150915,23.601381512150915,100.0
1130,1,34.30287938980907,34.30287938980907,100.0
1130,2,42.09573909804002,42.09573909804002,100.0
1140,0,26.40536502317905,26.40536502317905,100.0
1140,1,39.72294420634838,39.72294420634838,100.0
1140,2,33.871690770472576,33.871690770472576,100.0
1150,0,35.23092717665237,35.23092717665237,100.0
1150,1,25.97592640920502,25.97592640920502,100.0
1150,2,38.79314641414261,38.79314641414261,100.0
1160,0,42.4344347128816,42.4344347128816,100.0
1160,1,33.77781400689205,33.77781400689205,100.0
1160,2,23.78775128022635,23.78775128022635,100.0
1170,0,45.09055813790586,45.09055813790586,100.0
1170,1,30.064785012278445,30.064785012278445,100.0
1170,2,24.844656849815692,24.844656849815692,100.0
1180,0,36.544987171982086,36.544987171982086,100.0
1180,1,34.24781442816866,34.24781442816866,100.0
1180,2,29.207198399849254,29.207198399849254,100.0
1190,0,37.177533764430706,37.177533764430706,100.0
1190,1,38.140149012677306,38.140149012677306,100.0
1190,2,24.682317222891996,24.682317222891996,100.0
1200,0,27.253569069658766,27.253569069658766,100.0
1200,1,31.049126141302143,31.049126141302143,100.0
1200,2,41.697304789039094,41.697304789039094,100.0
1210,0,29.356314647326908,29.356314647326908,100.0
1210,1,44.267200221542936,44.267200221542936,100.0
1210,2,26.376485131130156,26.376485131130156,100.0
1220,0,26.094573046091014,26.094573046091014,100.0
1220,1,37.20014392595055,37.20014392595055,100.0
1220,2,36.70528302795845,36.70528302795845,100.0
1230,0,37.64969508760492,37.64969508760492,100.0
1230,1,24.585620197977512,24.585620197977512,100.0
1230,2,37.76468471441758,37.76468471441758,100.0
1240,0,40.725613521992585,40.725613521992585,100.0
1240,1,28.145298609313972,28.145298609313972,100.0
1240,2,31.12908786869345,31.12908786869345,100.0
1250,0,48.08489667789403,48.08489667789403,100.0
1250,1,30.075530277459016,30.075530277459016,100.0
1250,2,21.839573044646947,21.839573044646947,100.0
1260,0,48.11013289829841,48.11013289829841,100.0
1260,1,29.85566884949382,29.85566884949382,100.0
1260,2,22.034198252207776,22.034198252207776,100.0
1270,0,36.734591980822096,36.734591980822096,100.0
1270,1,31.33555603489837,31.33555603489837,100.0
1270,2,31.929851984279544,31.929851984279544,100.0
1280,0,43.60500085588443,43.60500085588443,100.0
1280,1,28.311306552691395,28.311306552691395,100.0
1280,2,28.083692591424185,28.083692591424185,100.0
1290,0,23.104756026384283,23.104756026384283,100.0
1290,1,40.902503204448315,40.902503204448315,100.0
1290,2,35.992740769167405,35.992740769167405,100.0
1300,0,36.07824356680229,36.07824356680229,100.0
1300,1,29.183517138497105,29.183517138497105,100.0
1300,2,34.7382392947006,34.7382392947006,100.0
1310,0,32.757516750678704,32.757516750678704,100.0
1310,1,31.791844748483427,31.791844748483427,100.0
1310,2,35.45063850083787,35.45063850083787,100.0
1320,0,39.72553698368566,39.72553698368566,100.0
1320,1,38.58562123206848,38.58562123206848,100.0
1320,2,21.688841784245867,21.688841784245867,100.0
1330,0,24.202890744137257,24.202890744137257,100.0
1330,1,35.976112898093795,35.976112898093795,100.0
1330,2,39.820996357768955,39.820996357768955,100.0
1340,0,27.806005460985723,27.806005460985723,100.0
1340,1,50.803216783688384,50.803216783688384,100.0
1340,2,21.39077775532589,21.39077775532589,100.0
1350,0,28.37870500354062,28.37870500354062,100.0
1350,1,41.86136998391512,41.86136998391512,100.0
1350,2,29.759925012544265,29.759925012544265,100.0
1360,0,26.604197378715376,26.604197378715376,100.0
1360,1,50.06521909931572,50.06521909931572,100.0
1360,2,23.33058352196891,23.33058352196891,100.0
1370,0,43.02528104423761,43.02528104423761,100.0
1370,1,31.882388084042766,31.882388084042766,100.0
1370,2,25.092330871719625,25.092330871719625,100.0
1380,0,33.054938520756195,33.054938520756195,100.0
1380,1,41.535972367521495,41.535972367521495,100.0
1380,2,25.40908911172232,25.40908911172232,100.0
1390,0,44.57433468275723,44.57433468275723,100.0
1390,1,32.002186225163584,32.002186225163584,100.0
1390,2,23.423479092079177,23.423479092079177,100.0
1400,0,28.910211674656484,28.910211674656484,100.0
1400,1,37.04551841832806,37.04551841832806,100.0
1400,2,34.044269907015455,34.044269907015455,100.0
1410,0,30.493384959939103,30.493384959939103,100.0
1410,1,36.52212343295225,36.52212343295225,100.0
1410,2,32.98449160710866,32.98449160710866,100.0
1420,0,42.14951346018655,42.14951346018655,100.0
1420,1,37.63677260002885,37.63677260002885,100.0
1420,2,20.2137139397846,20.2137139397846,100.0
1430,0,31.75066399405794,31.75066399405794,100.0
1430,1,36.803337024434406,36.803337024434406,100.0
1430,2,31.44599898150765,31.44599898150765,100.0
1440,0,49.14175837310773,49.14175837310773,100.0
1440,1,28.219566835717234,28.219566835717234,100.0
1440,2,22.638674791175045,22.638674791175045,100.0
1450,0,28.820464593546625,28.820464593546625,100.0
1450,1,42.02379927797676,42.02379927797676,100.0
1450,2,29.155736128476633,29.155736128476633,100.0
1460,0,38.85477493840361,38.85477493840361,100.0
1460,1,27.04005935990525,27.04005935990525,100.0
1460,2,34.10516570169114,34.10516570169114,100.0
1470,0,37.63007820301304,37.63007820301304,100.0
1470,1,32.302719970861105,32.302719970861105,100.0
1470,2,30.067201826125856,30.067201826125856,100.0
1480,0,21.731174051689194,21.731174051689194,100.0
1480,1,36.27640134745086,36.27640134745086,100.0
1480,2,41.99242460085995,41.99242460085995,100.0
1490,0,29.024491744720066,29.024491744720066,100.0
1490,1,47.42599782876686,47.42599782876686,100.0
1490,2,23.54951042651307,23.54951042651307,100.0
1500,0,41.84411847605153,41.84411847605153,100.0
1500,1,38.583390531828655,38.583390531828655,100.0
1500,2,19.57249099211981,19.57249099211981,100.0
