timestamp,sliceId,dedicatedPRB,minPRB,maxPRB
510,0,32.16772406559786,32.16772406559786,100.0
510,1,40.50908820830443,40.50908820830443,100.0
510,2,27.323187726097707,27.323187726097707,100.0
520,0,25.03248819684149,25.03248819684149,100.0
520,1,46.99257336281504,46.99257336281504,100.0
520,2,27.974938440343482,27.974938440343482,100.0
530,0,41.25781096129255,41.25781096129255,100.0
530,1,24.008755306158996,24.008755306158996,100.0
530,2,34.73343373254845,34.73343373254845,100.0
540,0,22.168465180164382,22.168465180164382,100.0
540,1,47.50537911348665,47.50537911348665,100.0
540,2,30.326155706348974,30.326155706348974,100.0
550,0,23.31103868989005,23.31103868989005,100.0
550,1,25.97483074962843,25.97483074962843,100.0
550,2,50.71413056048152,50.71413056048152,100.0
560,0,24.1899165831639,24.1899165831639,100.0
560,1,46.545035232055135,46.545035232055135,100.0
560,2,29.265048184780973,29.265048184780973,100.0
570,0,50.53932261520752,50.53932261520752,100.0
570,1,26.21748784700263,26.21748784700263,100.0
570,2,23.24318953778985,23.24318953778985,100.0
580,0,26.33425754956994,26.33425754956994,100.0
580,1,42.2717252107692,42.2717252107692,100.0
580,2,31.394017239660855,31.394017239660855,100.0
590,0,41.73378645233432,41.73378645233432,100.0
590,1,34.530253564129445,34.530253564129445,100.0
590,2,23.73595998353623,23.73595998353623,100.0
600,0,24.740221343137375,24.740221343137375,100.0
600,1,50.369867764639366,50.369867764639366,100.0
600,2,24.88991089222326,24.88991089222326,100.0
610,0,33.416203033672375,33.416203033672375,100.0
610,1,47.59715156325519,47.59715156325519,100.0
610,2,18.986645403072437,18.986645403072437,100.0
620,0,26.272119131383963,26.272119131383963,100.0
620,1,48.35734206834782,48.35734206834782,100.0
620,2,25.370538800268218,25.370538800268218,100.0
630,0,22.616004272490787,22.616004272490787,100.0
630,1,40.640357189489684,40.640357189489684,100.0
630,2,36.74363853801953,36.74363853801953,100.0
640,0,35.670766896694026,35.670766896694026,100.0
640,1,38.80878889462117,38.80878889462117,100.0
640,2,25.520444208684818,25.520444208684818,100.0
650,0,26.33722165376755,26.33722165376755,100.0
650,1,40.63725927539896,40.63725927539896,100.0
650,2,33.02551907083349,33.02551907083349,100.0
660,0,35.10604615314726,35.10604615314726,100.0
660,1,31.923065847194415,31.923065847194415,100.0
660,2,32.97088799965832,32.97088799965832,100.0
670,0,25.317826453100377,25.317826453100377,100.0
670,1,51.405723676643525,51.405723676643525,100.0
670,2,23.276449870256105,23.276449870256105,100.0
680,0,47.86570719172645,47.86570719172645,100.0
680,1,30.1972203645539,30.1972203645539,100.0
680,2,21.93707244371965,21.93707244371965,100.0
690,0,35.893948810842836,35.893948810842836,100.0
690,1,29.48793677553143,29.48793677553143,100.0
690,2,34.61811441362573,34.61811441362573,100.0
700,0,51.209136387981545,51.209136387981545,100.0
700,1,25.79494246827662,25.79494246827662,100.0
700,2,22.99592114374184,22.99592114374184,100.0
710,0,30.840388495639647,30.840388495639647,100.0
710,1,39.815434587046845,39.815434587046845,100.0
710,2,29.34417691731352,29.34417691731352,100.0
720,0,34.194678513902524,34.194678513902524,100.0
720,1,40.80709659577868,40.80709659577868,100.0
720,2,24.9982248903188,24.9982248903188,100.0
730,0,45.646116012714906,45.646116012714906,100.0
730,1,31.77334921638877,31.77334921638877,100.0
730,2,22.580534770896335,22.580534770896335,100.0
740,0,25.652154129807027,25.652154129807027,100.0
740,1,36.56909967440809,36.56909967440809,100.0
740,2,37.77874619578489,37.77874619578489,100.0
750,0,32.22874816600273,32.22874816600273,100.0
750,1,43.69465351972476,43.69465351972476,100.0
750,2,24.076598314272523,24.076598314272523,100.0
760,0,48.02505029555506,48.02505029555506,100.0
760,1,28.792200782969523,28.792200782969523,100.0
760,2,23.18274892147541,23.18274892147541,100.0
770,0,36.01567096206972,36.01567096206972,100.0
770,1,44.2764034295832,44.2764034295832,100.0
770,2,19.707925608347082,19.707925608347082,100.0
780,0,41.16527472776483,41.16527472776483,100.0
780,1,35.65042934110048,35.65042934110048,100.0
780,2,23.18429593113469,23.18429593113469,100.0
790,0,37.223286918929595,37.223286918929595,100.0
790,1,27.297773766032346,27.297773766032346,100.0
790,2,35.47893931503807,35.47893931503807,100.0
800,0,43.39522853563438,43.39522853563438,100.0
800,1,32.55238254935985,32.55238254935985,100.0
800,2,24.052388915005775,24.052388915005775,100.0
810,0,34.65544606728003,34.65544606728003,100.0
810,1,39.18046517034865,39.18046517034865,100.0
810,2,26.16408876237133,26.16408876237133,100.0
820,0,28.935735052607072,28.935735052607072,100.0
820,1,35.56636788217191,35.56636788217191,100.0
820,2,35.497897065221025,35.497897065221025,100.0
830,0,38.924515260907874,38.924515260907874,100.0
830,1,29.412649378643675,29.412649378643675,100.0
830,2,31.662835360448447,31.662835360448447,100.0
840,0,27.68660130163971,27.68660130163971,100.0
840,1,39.590021260834085,39.590021260834085,100.0
840,2,32.72337743752621,32.72337743752621,100.0
850,0,26.446411045763853,26.446411045763853,100.0
850,1,35.37035814649514,35.37035814649514,100.0
850,2,38.18323080774101,38.18323080774101,100.0
860,0,21.790304904503078,21.790304904503078,100.0
860,1,50.66384071984208,50.66384071984208,100.0
860,2,27.545854375654844,27.545854375654844,100.0
870,0,38.427431436270325,38.427431436270325,100.0
870,1,35.20118278494468,35.20118278494468,100.0
870,2,26.371385778785,26.371385778785,100.0
880,0,38.15160350502801,38.15160350502801,100.0
880,1,38.52788582606126,38.52788582606126,100.0
880,2,23.32051066891074,23.32051066891074,100.0
890,0,37.4145615470082,37.4145615470082,100.0
890,1,34.743739575478635,34.743739575478635,100.0
890,2,27.841698877513167,27.841698877513167,100.0
900,0,23.815245715430116,23.815245715430116,100.0
900,1,51.453199789767766,51.453199789767766,100.0
900,2,24.731554494802104,24.731554494802104,100.0
910,0,23.598854079940406,23.598854079940406,100.0
910,1,48.48481523815493,48.48481523815493,100.0
910,2,27.91633068190466,27.91633068190466,100.0
920,0,23.133491720938242,23.133491720938242,100.0
920,1,33.28839618607037,33.28839618607037,100.0
920,2,43.57811209299138,43.57811209299138,100.0
930,0,48.58631924793405,48.58631924793405,100.0
930,1,29.20302634618815,29.20302634618815,100.0
930,2,22.210654405877804,22.210654405877804,100.0
940,0,26.843830535754076,26.843830535754076,100.0
940,1,49.45285483622598,49.45285483622598,100.0
940,2,23.703314628019946,23.703314628019946,100.0
950,0,30.964586825672313,30.964586825672313,100.0
950,1,38.11785505151564,38.11785505151564,100.0
950,2,30.917558122812043,30.917558122812043,100.0
960,0,40.22093392746308,40.22093392746308,100.0
960,1,42.53626616972295,42.53626616972295,100.0
960,2,17.24279990281398,17.24279990281398,100.0
970,0,32.946758894329314,32.946758894329314,100.0
970,1,35.96499688622457,35.96499688622457,100.0
970,2,31.088244219446125,31.088244219446125,100.0
980,0,28.57997286429461,28.57997286429461,100.0
980,1,30.176231574976857,30.176231574976857,100.0
980,2,41.24379556072854,41.24379556072854,100.0
990,0,33.22825780583482,33.22825780583482,100.0
990,1,42.36472791103834,42.36472791103834,100.0
990,2,24.407014283126845,24.407014283126845,100.0
1000,0,36.24314343496488,36.24314343496488,100.0
1000,1,27.5344041594839,27.5344041594839,100.0
1000,2,36.22245240555122,36.22245240555122,100.0
1010,0,38.653172307399416,38.653172307399416,100.0
1010,1,31.58828712597348,31.58828712597348,100.0
1010,2,29.7585405666271,29.7585405666271,100.0
1020,0,25.383369703540392,25.383369703540392,100.0
1020,1,44.50505422941545,44.50505422941545,100.0
1020,2,30.111576067044172,30.111576067044172,100.0
1030,0,30.54908418738411,30.54908418738411,100.0
1030,1,44.04631551548058,44.04631551548058,100.0
1030,2,25.404600297135318,25.404600297135318,100.0
1040,0,29.998493365755373,29.998493365755373,100.0
1040,1,50.29641366781774,50.29641366781774,100.0
1040,2,19.705092966426882,19.705092966426882,100.0
1050,0,37.495927973813856,37.495927973813856,100.0
1050,1,41.351922042909614,41.351922042909614,100.0
1050,2,21.15214998327653,21.15214998327653,100.0
1060,0,30.688857022504806,30.688857022504806,100.0
1060,1,39.060641510773394,39.060641510773394,100.0
1060,2,30.25050146672179,30.25050146672179,100.0
1070,0,27.24780117248799,27.24780117248799,100.0
1070,1,30.9919685357534,30.9919685357534,100.0
1070,2,41.76023029175862,41.76023029175862,100.0
1080,0,33.07764612190453,33.07764612190453,100.0
1080,1,34.75222856909386,34.75222856909386,100.0
1080,2,32.17012530900163,32.17012530900163,100.0
1090,0,36.999882386335834,36.999882386335834,100.0
1090,1,31.459506792290032,31.459506792290032,100.0
1090,2,31.54061082137413,31.54061082137413,100.0
1100,0,50.05094001970536,50.05094001970536,100.0
1100,1,29.07633401905858,29.07633401905858,100.0
1100,2,20.872725961236075,20.872725961236075,100.0
1110,0,39.89804312206442,39.89804312206442,100.0
1110,1,28.99014313820139,28.99014313820139,100.0
1110,2,31.111813739734185,31.111813739734185,100.0
1120,0,26.210297402274197,26.210297402274197,100.0
1120,1,50.06553038936185,50.06553038936185,100.0
1120,2,23.724172208363957,23.724172208363957,100.0
1130,0,29.681391047037586,29.681391047037586,100.0
1130,1,31.516929346031077,31.516929346031077,100.0
1130,2,38.80167960693134,38.80167960693134,100.0
1140,0,28.504493992244235,28.504493992244235,100.0
1140,1,29.768612960878915,29.768612960878915,100.0
1140,2,41.72689304687685,41.72689304687685,100.0
1150,0,22.67626448937804,22.67626448937804,100.0
1150,1,40.84226172332972,40.84226172332972,100.0
1150,2,36.481473787292245,36.481473787292245,100.0
1160,0,39.1931233394904,39.1931233394904,100.0
1160,1,23.81053784464396,23.81053784464396,100.0
1160,2,36.996338815865634,36.996338815865634,100.0
1170,0,30.251291320495373,30.251291320495373,100.0
1170,1,32.35843374387177,32.35843374387177,100.0
1170,2,37.39027493563286,37.39027493563286,100.0
1180,0,25.770594234353638,25.770594234353638,100.0
1180,1,46.92391584257391,46.92391584257391,100.0
1180,2,27.305489923072457,27.305489923072457,100.0
1190,0,26.79547337933209,26.79547337933209,100.0
1190,1,29.911610220951857,29.911610220951857,100.0
1190,2,43.292916399716056,43.292916399716056,100.0
1200,0,23.450195818174276,23.450195818174276,100.0
1200,1,31.898780285136635,31.898780285136635,100.0
1200,2,44.65102389668909,44.65102389668909,100.0
1210,0,26.71182946428075,26.71182946428075,100.0
1210,1,37.048850955582516,37.048850955582516,100.0
1210,2,36.239319580136744,36.239319580136744,100.0
1220,0,29.11468838146841,29.11468838146841,100.0
1220,1,33.664925269445035,33.664925269445035,100.0
1220,2,37.220386349086546,37.220386349086546,100.0
1230,0,26.303401502893703,26.303401502893703,100.0
1230,1,32.76214170664416,32.76214170664416,100.0
1230,2,40.934456790462136,40.934456790462136,100.0
1240,0,29.585212789824045,29.585212789824045,100.0
1240,1,45.61286951019856,45.61286951019856,100.0
1240,2,24.8019176999774,24.8019176999774,100.0
1250,0,25.691992633132433,25.691992633132433,100.0
1250,1,28.231301862377457,28.231301862377457,100.0
1250,2,46.076705504490114,46.076705504490114,100.0
1260,0,27.484419566076156,27.484419566076156,100.0
1260,1,35.15020712294151,35.15020712294151,100.0
1260,2,37.36537331098235,37.36537331098235,100.0
1270,0,36.38389811459298,36.38389811459298,100.0
1270,1,31.835053633581587,31.835053633581587,100.0
1270,2,31.78104825182543,31.78104825182543,100.0
1280,0,31.012079725629526,31.012079725629526,100.0
1280,1,40.73509413268687,40.73509413268687,100.0
1280,2,28.252826141683606,28.252826141683606,100.0
1290,0,24.04025684522474,24.04025684522474,100.0
1290,1,32.27286809778695,32.27286809778695,100.0
1290,2,43.68687505698831,43.68687505698831,100.0
1300,0,23.32360516438927,23.32360516438927,100.0
1300,1,49.64193321192881,49.64193321192881,100.0
1300,2,27.03446162368192,27.03446162368192,100.0
1310,0,25.91398714179473,25.91398714179473,100.0
1310,1,31.069868628640496,31.069868628640496,100.0
1310,2,43.01614422956478,43.01614422956478,100.0
1320,0,26.255562137485295,26.255562137485295,100.0
1320,1,33.7920747377354,33.7920747377354,100.0
1320,2,39.95236312477932,39.95236312477932,100.0
1330,0,28.110459648922685,28.110459648922685,100.0
1330,1,26.5229278838919,26.5229278838919,100.0
1330,2,45.36661246718542,45.36661246718542,100.0
1340,0,30.982011852586734,30.982011852586734,100.0
1340,1,28.690321882781188,28.690321882781188,100.0
1340,2,40.32766626463208,40.32766626463208,100.0
1350,0,44.49904904715943,44.49904904715943,100.0
1350,1,33.02697006672409,33.02697006672409,100.0
1350,2,22.473980886116472,22.473980886116472,100.0
1360,0,30.159244491995153,30.159244491995153,100.0
1360,1,27.925244207323054,27.925244207323054,100.0
1360,2,41.91551130068179,41.91551130068179,100.0
1370,0,40.802258580706244,40.802258580706244,100.0
1370,1,33.76684933474496,33.76684933474496,100.0
1370,2,25.43089208454879,25.43089208454879,100.0
1380,0,30.020377938221877,30.020377938221877,100.0
1380,1,48.71587485232164,48.71587485232164,100.0
1380,2,21.263747209456483,21.263747209456483,100.0
1390,0,43.10019884102133,43.10019884102133,100.0
1390,1,35.10265290510941,35.10265290510941,100.0
1390,2,21.79714825386926,21.79714825386926,100.0
1400,0,36.412050027074606,36.412050027074606,100.0
1400,1,35.38224867675201,35.38224867675201,100.0
1400,2,28.205701296173373,28.205701296173373,100.0
1410,0,23.847824069390956,23.847824069390956,100.0
1410,1,26.17948325271144,26.17948325271144,100.0
1410,2,49.97269267789761,49.97269267789761,100.0
1420,0,35.06367232384486,35.06367232384486,100.0
1420,1,28.18967261988132,28.18967261988132,100.0
1420,2,36.746655056273816,36.746655056273816,100.0
1430,0,22.882738705592054,22.882738705592054,100.0
1430,1,42.411396026273906,42.411396026273906,100.0
1430,2,34.70586526813404,34.70586526813404,100.0
1440,0,26.09160456424563,26.09160456424563,100.0
1440,1,44.47391067735385,44.47391067735385,100.0
1440,2,29.43448475840052,29.43448475840052,100.0
1450,0,24.082907247023304,24.082907247023304,100.0
1450,1,34.093506893641866,34.093506893641866,100.0
1450,2,41.823585859334834,41.823585859334834,100.0
1460,0,44.823681352838655,44.823681352838655,100.0
1460,1,28.53551994177438,28.53551994177438,100.0
1460,2,26.640798705386974,26.640798705386974,100.0
1470,0,34.322310607053566,34.322310607053566,100.0
1470,1,37.95503021481179,37.95503021481179,100.0
1470,2,27.722659178134645,27.722659178134645,100.0
1480,0,32.75660567170781,32.75660567170781,100.0
1480,1,39.149142626500044,39.149142626500044,100.0
1480,2,28.09425170179215,28.09425170179215,100.0
1490,0,32.501403443252094,32.501403443252094,100.0
1490,1,40.01679286400792,40.01679286400792,100.0
1490,2,27.481803692739987,27.481803692739987,100.0
1500,0,28.473847839442556,28.473847839442556,100.0
1500,1,40.06898159609591,40.06898159609591,100.0
1500,2,31.457170564461535,31.457170564461535,100.0
