timestamp,ueImsi,sliceId,dTxBytes,dRxBytes,plr,resourceSharePct,dLostPackets,throughputMbps,bufferBytes,dlBufferBytes,ulBufferBytes,macBufferBytes,congestionPct,lastDrlActionStatus
10600,1,0,194844,11308,93.64,31.66,162,0.9046,1199947,197708,1199947,1397655,13.33,applied
10600,2,0,194844,4196,95.95,31.66,166,0.3357,1199884,197677,1199884,1397561,13.33,applied
10600,3,0,194844,67796,67.05,31.66,116,5.4237,1199116,197676,1199116,1396792,13.32,applied
10600,4,0,194844,256,98.84,31.66,171,0.0205,1199885,201494,1199885,1401379,13.36,applied
10600,5,0,194844,5168,96.53,31.66,167,0.4134,1199984,197680,1199984,1397664,13.33,applied
10600,6,1,0,0,0.00,55.00,0,0.0000,34,0,34,34,0.00,applied
10600,7,1,0,0,0.00,55.00,0,0.0000,34,0,34,34,0.00,applied
10600,8,1,0,0,0.00,55.00,0,0.0000,34,0,34,34,0.00,applied
10600,9,1,0,0,0.00,55.00,0,0.0000,34,0,34,34,0.00,applied
10600,10,1,0,0,0.00,55.00,0,0.0000,34,0,34,34,0.00,applied
10600,11,1,0,0,0.00,55.00,0,0.0000,34,0,34,34,0.00,applied
10600,12,1,0,0,0.00,55.00,0,0.0000,34,0,34,34,0.00,applied
10600,13,1,0,0,0.00,55.00,0,0.0000,34,0,34,34,0.00,applied
10600,14,2,63772,0,100.00,13.33,49,0.0000,6447570,6447570,51,6447621,61.49,applied
10600,15,2,63772,0,100.00,13.33,49,0.0000,6447741,6447741,34,6447775,61.49,applied
10600,16,2,63772,0,100.00,13.33,49,0.0000,6447571,6447571,51,6447622,61.49,applied
10600,17,2,63772,0,100.00,13.33,49,0.0000,6450858,6450858,51,6450909,61.52,applied
10600,18,2,63772,0,100.00,13.33,49,0.0000,6447586,6447586,51,6447637,61.49,applied
10600,19,2,63772,940,89.80,13.33,44,0.0752,6447572,6447572,51,6447623,61.49,applied
10600,20,2,63772,940,89.80,13.33,44,0.0752,6447566,6447566,51,6447617,61.49,applied
10600,21,2,63772,0,100.00,13.33,49,0.0000,6448456,6448456,51,6448507,61.50,applied
10600,22,2,63772,0,100.00,13.33,49,0.0000,6449383,6449383,51,6449434,61.51,applied
10600,23,2,63772,0,100.00,13.33,49,0.0000,6447562,6447562,51,6447613,61.49,applied
10600,24,2,63772,940,89.80,13.33,44,0.0752,6447570,6447570,51,6447621,61.49,applied
10600,25,2,63772,940,89.80,13.33,44,0.0752,6447562,6447562,51,6447613,61.49,applied
10600,26,2,63772,0,100.00,13.33,49,0.0000,6447564,6447564,51,6447615,61.49,applied
10600,27,2,63772,0,100.00,13.33,49,0.0000,6447759,6447759,51,6447810,61.49,applied
10600,28,2,63772,0,100.00,13.33,49,0.0000,6447699,6447699,51,6447750,61.49,applied
10600,29,2,63772,0,100.00,13.33,49,0.0000,6450519,6450519,51,6450570,61.52,applied
10600,30,2,63772,0,100.00,13.33,49,0.0000,6447569,6447569,51,6447620,61.49,applied
10600,31,2,63772,940,89.80,13.33,44,0.0752,6447569,6447569,51,6447620,61.49,applied
10600,32,2,63772,0,100.00,13.33,49,0.0000,6447570,6447570,51,6447621,61.49,applied
10600,33,2,63772,0,100.00,13.33,49,0.0000,6449938,6449938,51,6449989,61.51,applied
