timestamp,ueImsi,sliceId,dTxBytes,dRxBytes,plr,resourceSharePct,dLostPackets,throughputMbps,bufferBytes
620,1,0,24448,3056,87.50,38.88,14,2.4448,268158
620,2,0,24448,3056,87.50,38.88,14,2.4448,268151
620,3,0,24448,4584,81.25,38.88,13,3.6672,268059
620,4,0,24448,4584,81.25,38.88,13,3.6672,268060
620,5,0,24448,4584,81.25,38.88,13,3.6672,268071
620,6,1,390,546,0.00,39.09,0,0.4368,87
620,7,1,390,546,0.00,39.09,0,0.4368,87
620,8,1,390,546,0.00,39.09,0,0.4368,87
620,9,1,390,546,0.00,39.09,0,0.4368,87
620,10,1,390,546,0.00,39.09,0,0.4368,87
620,11,2,16000,896,94.40,22.04,118,0.7168,180686
620,12,2,16000,896,94.40,22.04,118,0.7168,180671
620,13,2,16000,896,94.40,22.04,118,0.7168,180666
620,14,2,16000,896,94.40,22.04,118,0.7168,180675
620,15,2,16000,1024,93.60,22.04,117,0.8192,180628
620,16,2,16000,1024,93.60,22.04,117,0.8192,180640
620,17,2,16000,896,94.40,22.04,118,0.7168,180641
620,18,2,16000,896,94.40,22.04,118,0.7168,180650
620,19,2,16000,896,94.40,22.04,118,0.7168,180723
620,20,2,16000,896,94.40,22.04,118,0.7168,180722
