timestamp,ueImsi,sliceId,dTxBytes,dRxBytes,plr,resourceSharePct,dLostPackets,throughputMbps,bufferBytes
1510,1,0,35144,16808,52.17,44.82,12,13.4464,1531199
1510,2,0,35144,39728,0.00,44.82,0,31.7824,1537
1510,3,1,1014,936,7.69,29.31,1,0.7488,87
1510,4,1,1014,936,7.69,29.31,1,0.7488,87
1510,5,2,256,256,0.00,25.86,0,0.2048,137
1510,6,2,256,0,100.00,25.86,2,0.0000,137
1510,7,2,256,0,100.00,25.86,2,0.0000,137
1510,8,2,256,256,0.00,25.86,0,0.2048,137
1510,9,2,256,256,0.00,25.86,0,0.2048,137
1510,10,2,256,256,0.00,25.86,0,0.2048,137
