timestamp,ueImsi,sliceId,dTxBytes,dRxBytes,plr,resourceSharePct,dLostPackets,throughputMbps,bufferBytes
1510,1,0,18336,16808,8.33,21.66,1,13.4464,20753
1510,2,0,18336,10696,41.67,21.66,5,8.5568,587598
1510,3,0,18336,0,100.00,21.66,12,0.0000,341375
1510,4,0,18336,6112,66.67,21.66,8,4.8896,1114933
1510,5,0,18336,0,100.00,21.66,12,0.0000,1712478
1510,6,1,390,234,40.00,25.00,2,0.1872,87
1510,7,1,390,390,0.00,25.00,0,0.3120,87
1510,8,1,390,468,0.00,25.00,0,0.3744,169
1510,9,1,390,0,100.00,25.00,5,0.0000,3467
1510,10,1,390,390,0.00,25.00,0,0.3120,87
1510,11,2,384,256,33.33,53.34,1,0.2048,93
1510,12,2,384,256,33.33,53.34,1,0.2048,137
1510,13,2,384,256,33.33,53.34,1,0.2048,137
1510,14,2,384,0,100.00,53.34,3,0.0000,269
1510,15,2,384,256,33.33,53.34,1,0.2048,137
1510,16,2,384,256,33.33,53.34,1,0.2048,137
1510,17,2,384,0,100.00,53.34,3,0.0000,137
1510,18,2,384,0,100.00,53.34,3,0.0000,401
1510,19,2,384,256,33.33,53.34,1,0.2048,137
1510,20,2,384,128,66.67,53.34,2,0.1024,137
