timestamp,sliceId,dedicatedPRB,minPRB,maxPRB
510,0,23.76103000924475,23.76103000924475,100.0
510,1,44.49976775130223,44.49976775130223,100.0
510,2,31.73920223945303,31.73920223945303,100.0
520,0,21.808781663558293,21.808781663558293,100.0
520,1,28.801750347971428,28.801750347971428,100.0
520,2,49.38946798847027,49.38946798847027,100.0
530,0,40.85862978872616,40.85862978872616,100.0
530,1,35.75342428716252,35.75342428716252,100.0
530,2,23.38794592411132,23.38794592411132,100.0
540,0,53.45107764436439,53.45107764436439,100.0
540,1,26.981572878142003,26.981572878142003,100.0
540,2,19.567349477493607,19.567349477493607,100.0
550,0,27.230592719086548,27.230592719086548,100.0
550,1,54.343498456892505,54.343498456892505,100.0
550,2,18.42590882402095,18.42590882402095,100.0
560,0,52.69461378815301,52.69461378815301,100.0
560,1,25.274480044579956,25.274480044579956,100.0
560,2,22.030906167267034,22.030906167267034,100.0
570,0,54.32870631362188,54.32870631362188,100.0
570,1,26.731582324420977,26.731582324420977,100.0
570,2,18.939711361957148,18.939711361957148,100.0
580,0,40.539229955147945,40.539229955147945,100.0
580,1,39.886132153144736,39.886132153144736,100.0
580,2,19.57463789170732,19.57463789170732,100.0
590,0,49.43194977462107,49.43194977462107,100.0
590,1,28.357112604903655,28.357112604903655,100.0
590,2,22.210937620475274,22.210937620475274,100.0
600,0,46.36528924486172,46.36528924486172,100.0
600,1,30.87816642972786,30.87816642972786,100.0
600,2,22.756544325410417,22.756544325410417,100.0
610,0,46.65487223907577,46.65487223907577,100.0
610,1,29.35599516584991,29.35599516584991,100.0
610,2,23.98913259507431,23.98913259507431,100.0
620,0,53.54089231818047,53.54089231818047,100.0
620,1,27.44272382012557,27.44272382012557,100.0
620,2,19.016383861693967,19.016383861693967,100.0
630,0,47.533752670399046,47.533752670399046,100.0
630,1,31.551499974320212,31.551499974320212,100.0
630,2,20.91474735528074,20.91474735528074,100.0
640,0,41.42433097708763,41.42433097708763,100.0
640,1,41.14090504318584,41.14090504318584,100.0
640,2,17.43476397972653,17.43476397972653,100.0
650,0,33.76199279769719,33.76199279769719,100.0
650,1,44.69151580880283,44.69151580880283,100.0
650,2,21.546491393499966,21.546491393499966,100.0
660,0,48.2640085863348,48.2640085863348,100.0
660,1,33.97366086115075,33.97366086115075,100.0
660,2,17.762330552514445,17.762330552514445,100.0
670,0,53.49820929642768,53.49820929642768,100.0
670,1,26.79868718272959,26.79868718272959,100.0
670,2,19.703103520842717,19.703103520842717,100.0
680,0,45.345125270743274,45.345125270743274,100.0
680,1,36.436079362036885,36.436079362036885,100.0
680,2,18.218795367219847,18.218795367219847,100.0
690,0,38.08064556214863,38.08064556214863,100.0
690,1,43.69538376557204,43.69538376557204,100.0
690,2,18.22397067227933,18.22397067227933,100.0
700,0,44.859846674853564,44.859846674853564,100.0
700,1,34.470819919136076,34.470819919136076,100.0
700,2,20.669333406010356,20.669333406010356,100.0
710,0,43.9114023258235,43.9114023258235,100.0
710,1,37.90026399568195,37.90026399568195,100.0
710,2,18.188333678494548,18.188333678494548,100.0
720,0,50.61568340680505,50.61568340680505,100.0
720,1,28.017463526738158,28.017463526738158,100.0
720,2,21.366853066456798,21.366853066456798,100.0
730,0,41.49574090770507,41.49574090770507,100.0
730,1,40.74119080249641,40.74119080249641,100.0
730,2,17.763068289798525,17.763068289798525,100.0
740,0,46.57219433443756,46.57219433443756,100.0
740,1,33.65347757733564,33.65347757733564,100.0
740,2,19.774328088226795,19.774328088226795,100.0
750,0,43.7685332158815,43.7685332158815,100.0
750,1,36.5688264377377,36.5688264377377,100.0
750,2,19.662640346380805,19.662640346380805,100.0
760,0,45.27681512542442,45.27681512542442,100.0
760,1,36.36610222052451,36.36610222052451,100.0
760,2,18.35708265405107,18.35708265405107,100.0
770,0,50.16663660061986,50.16663660061986,100.0
770,1,29.842986513909093,29.842986513909093,100.0
770,2,19.99037688547106,19.99037688547106,100.0
780,0,48.201233536555534,48.201233536555534,100.0
780,1,27.846488146044546,27.846488146044546,100.0
780,2,23.952278317399923,23.952278317399923,100.0
790,0,51.21118791451569,51.21118791451569,100.0
790,1,26.34770058856398,26.34770058856398,100.0
790,2,22.441111496920342,22.441111496920342,100.0
800,0,32.2557939983748,32.2557939983748,100.0
800,1,47.08984310694037,47.08984310694037,100.0
800,2,20.654362894684823,20.654362894684823,100.0
810,0,32.966483188129835,32.966483188129835,100.0
810,1,42.243417332577515,42.243417332577515,100.0
810,2,24.79009947929265,24.79009947929265,100.0
820,0,53.39596142367298,53.39596142367298,100.0
820,1,26.62511194027361,26.62511194027361,100.0
820,2,19.978926636053412,19.978926636053412,100.0
