timestamp,sliceId,dedicatedPRB,minPRB,maxPRB
510,0,25.938607863328876,25.938607863328876,100.0
510,1,36.00242753029463,36.00242753029463,100.0
510,2,38.05896460637649,38.05896460637649,100.0
520,0,37.72589082011043,37.72589082011043,100.0
520,1,44.479655984124975,44.479655984124975,100.0
520,2,17.794453195764586,17.794453195764586,100.0
530,0,24.09871522611381,24.09871522611381,100.0
530,1,48.04601215430593,48.04601215430593,100.0
530,2,27.85527261958026,27.85527261958026,100.0
540,0,39.90352128499563,39.90352128499563,100.0
540,1,42.64868768292634,42.64868768292634,100.0
540,2,17.44779103207804,17.44779103207804,100.0
550,0,24.014151759787893,24.014151759787893,100.0
550,1,38.08421876978775,38.08421876978775,100.0
550,2,37.90162947042436,37.90162947042436,100.0
560,0,27.891598178454867,27.891598178454867,100.0
560,1,36.36993090500032,36.36993090500032,100.0
560,2,35.73847091654481,35.73847091654481,100.0
570,0,33.116257825060416,33.116257825060416,100.0
570,1,35.94948398725909,35.94948398725909,100.0
570,2,30.93425818768049,30.93425818768049,100.0
580,0,22.337494574591272,22.337494574591272,100.0
580,1,39.95373646899206,39.95373646899206,100.0
580,2,37.70876895641666,37.70876895641666,100.0
590,0,36.006074324364576,36.006074324364576,100.0
590,1,38.684455739728755,38.684455739728755,100.0
590,2,25.309469935906666,25.309469935906666,100.0
