timestamp,ueImsi,sliceId,dTxBytes,dRxBytes,plr,resourceSharePct,dLostPackets,throughputMbps,bufferBytes,dlBufferBytes,ulBufferBytes,macBufferBytes,congestionPct,lastDrlActionStatus
9900,1,0,128736,0,100.00,44.56,112,0.0000,1198757,27461,1198757,1226218,11.69,applied
9900,2,0,128736,109292,20.54,44.56,23,8.7434,1199018,27461,1199018,1226479,11.70,applied
9900,3,0,128736,89644,34.82,44.56,39,7.1715,1200005,27461,1200005,1227466,11.71,applied
9900,4,0,128736,0,100.00,44.56,112,0.0000,34,27461,34,27495,0.26,applied
9900,5,0,128736,0,100.00,44.56,112,0.0000,2811,27461,2811,30272,0.29,applied
9900,6,1,0,0,0.00,25.53,0,0.0000,34,0,34,34,0.00,applied
9900,7,1,0,0,0.00,25.53,0,0.0000,34,0,34,34,0.00,applied
9900,8,1,0,0,0.00,25.53,0,0.0000,34,0,34,34,0.00,applied
9900,9,1,0,0,0.00,25.53,0,0.0000,34,0,34,34,0.00,applied
9900,10,1,0,0,0.00,25.53,0,0.0000,34,0,34,34,0.00,applied
9900,11,1,0,0,0.00,25.53,0,0.0000,34,0,34,34,0.00,applied
9900,12,1,0,0,0.00,25.53,0,0.0000,34,0,34,34,0.00,applied
9900,13,1,0,0,0.00,25.53,0,0.0000,34,0,34,34,0.00,applied
9900,14,2,65200,940,90.00,29.91,45,0.0752,1662557,1662557,51,1662608,15.86,applied
9900,15,2,65200,0,100.00,29.91,50,0.0000,1662557,1662557,51,1662608,15.86,applied
9900,16,2,65200,752,92.00,29.91,46,0.0602,1662557,1662557,147,1662704,15.86,applied
9900,17,2,65200,0,100.00,29.91,50,0.0000,1663725,1663725,51,1663776,15.87,applied
9900,18,2,65200,0,100.00,29.91,50,0.0000,1662557,1662557,51,1662608,15.86,applied
