timestamp,sliceId,dedicatedPRB,minPRB,maxPRB
510,0,29.82957351690032,29.82957351690032,100.0
510,1,29.406319457661134,29.406319457661134,100.0
510,2,40.76410702543855,40.76410702543855,100.0
520,0,34.134928424096515,34.134928424096515,100.0
520,1,47.06191250921539,47.06191250921539,100.0
520,2,18.803159066688096,18.803159066688096,100.0
530,0,33.25207081467235,33.25207081467235,100.0
530,1,42.71894082014398,42.71894082014398,100.0
530,2,24.028988365183668,24.028988365183668,100.0
540,0,27.888220175961102,27.888220175961102,100.0
540,1,38.92416638019409,38.92416638019409,100.0
540,2,33.18761344384481,33.18761344384481,100.0
550,0,37.86711906883289,37.86711906883289,100.0
550,1,39.9060739090275,39.9060739090275,100.0
550,2,22.22680702213962,22.22680702213962,100.0
