timestamp,ueImsi,sliceId,dTxBytes,dRxBytes,plr,resourceSharePct,dLostPackets,throughputMbps,bufferBytes
1510,1,0,18336,15280,16.67,21.66,2,12.2240,5729
1510,2,0,18336,9168,50.00,21.66,6,7.3344,540621
1510,3,0,18336,30560,0.00,21.66,0,24.4480,261548
1510,4,0,18336,6112,66.67,21.66,8,4.8896,1069953
1510,5,0,18336,0,100.00,21.66,12,0.0000,1709440
1510,6,1,390,780,0.00,65.00,0,0.6240,87
1510,7,1,390,390,0.00,65.00,0,0.3120,87
1510,8,1,390,546,0.00,65.00,0,0.4368,251
1510,9,1,390,0,100.00,65.00,5,0.0000,251
1510,10,1,390,390,0.00,65.00,0,0.3120,87
1510,11,2,384,384,0.00,13.33,0,0.3072,108
1510,12,2,384,256,33.33,13.33,1,0.2048,56
1510,13,2,384,256,33.33,13.33,1,0.2048,137
1510,14,2,384,0,100.00,13.33,3,0.0000,407
1510,15,2,384,256,33.33,13.33,1,0.2048,137
1510,16,2,384,256,33.33,13.33,1,0.2048,137
1510,17,2,384,0,100.00,13.33,3,0.0000,137
1510,18,2,384,0,100.00,13.33,3,0.0000,42
1510,19,2,384,256,33.33,13.33,1,0.2048,137
1510,20,2,384,0,100.00,13.33,3,0.0000,137
