timestamp_ms,ue_id,slice,thr_mbps,tx_bytes_delta,rx_bytes_delta,tx_packets_delta,rx_packets_delta,loss_pct_interval,buffer_bytes,dropped_packets_delta,rsh_configured_pct
510,1,eMBB,8.5568,33616,10696,22,7,0.00,3069,0,33.33
510,2,eMBB,0.0000,33616,0,22,0,0.00,3069,0,33.33
510,3,URLLC,0.0000,936,0,12,0,0.00,87,0,40.00
510,4,URLLC,0.1248,936,156,12,2,0.00,87,0,40.00
510,5,MTC,0.0000,256,0,2,0,0.00,0,0,26.67
510,6,MTC,0.0000,256,0,2,0,0.00,0,0,26.67
510,7,MTC,0.0000,256,0,2,0,0.00,0,0,26.67
510,8,MTC,0.0000,256,0,2,0,0.00,0,0,26.67
510,9,MTC,0.0000,256,0,2,0,0.00,0,0,26.67
510,10,MTC,0.0000,256,0,2,0,0.00,0,0,26.67
520,1,eMBB,0.0000,35144,0,23,0,0.00,3069,0,33.58
520,2,eMBB,0.0000,35144,0,23,0,0.00,3069,0,33.58
520,3,URLLC,0.0000,936,0,12,0,0.00,87,0,41.31
520,4,URLLC,0.1248,936,156,12,2,0.00,87,0,41.31
520,5,MTC,0.0000,256,0,2,0,0.00,0,0,25.11
520,6,MTC,0.0000,256,0,2,0,0.00,0,0,25.11
520,7,MTC,0.0000,256,0,2,0,0.00,0,0,25.11
520,8,MTC,0.0000,256,0,2,0,0.00,0,0,25.11
520,9,MTC,0.0000,256,0,2,0,0.00,0,0,25.11
520,10,MTC,0.0000,256,0,2,0,0.00,0,0,25.11
530,1,eMBB,11.0016,35144,13752,23,9,0.00,68913,0,34.85
530,2,eMBB,0.0000,35144,0,23,0,0.00,82964,0,34.85
530,3,URLLC,0.0000,1014,0,13,0,0.00,87,0,43.73
530,4,URLLC,1.8096,1014,2262,13,29,0.00,87,0,43.73
530,5,MTC,0.0000,256,0,2,0,0.00,269,0,21.42
530,6,MTC,0.5120,256,640,2,5,0.00,157,0,21.42
530,7,MTC,0.5120,256,640,2,5,0.00,121,0,21.42
530,8,MTC,0.5120,256,640,2,5,0.00,154,0,21.42
530,9,MTC,0.5120,256,640,2,5,0.00,154,0,21.42
530,10,MTC,0.0000,256,0,2,0,0.00,266,0,21.42
540,1,eMBB,12.2240,35144,15280,23,10,0.00,68913,0,37.42
540,2,eMBB,0.0000,35144,0,23,0,0.00,82964,0,37.42
540,3,URLLC,0.0000,936,0,12,0,0.00,87,0,33.37
540,4,URLLC,0.0624,936,78,12,1,0.00,87,0,33.37
540,5,MTC,0.0000,256,0,2,0,0.00,269,0,29.21
540,6,MTC,0.0000,256,0,2,0,0.00,157,0,29.21
540,7,MTC,0.0000,256,0,2,0,0.00,121,0,29.21
540,8,MTC,0.0000,256,0,2,0,0.00,154,0,29.21
540,9,MTC,0.0000,256,0,2,0,0.00,154,0,29.21
540,10,MTC,0.0000,256,0,2,0,0.00,266,0,29.21
550,1,eMBB,0.0000,35144,0,23,0,0.00,68913,0,29.59
550,2,eMBB,0.0000,35144,0,23,0,0.00,82964,0,29.59
550,3,URLLC,0.0000,1014,0,13,0,0.00,87,0,43.64
550,4,URLLC,0.0000,1014,0,13,0,0.00,87,0,43.64
550,5,MTC,0.0000,256,0,2,0,0.00,269,0,26.77
550,6,MTC,0.0000,256,0,2,0,0.00,157,0,26.77
550,7,MTC,0.0000,256,0,2,0,0.00,121,0,26.77
550,8,MTC,0.0000,256,0,2,0,0.00,154,0,26.77
550,9,MTC,0.0000,256,0,2,0,0.00,154,0,26.77
550,10,MTC,0.0000,256,0,2,0,0.00,266,0,26.77
560,1,eMBB,9.7792,35144,12224,23,8,0.00,147677,0,45.51
560,2,eMBB,0.0000,35144,0,23,0,0.00,183322,0,45.51
560,3,URLLC,0.0000,936,0,12,0,0.00,2013,0,25.61
560,4,URLLC,0.9360,936,1170,12,15,0.00,691,0,25.61
560,5,MTC,0.0000,256,0,2,0,0.00,797,0,28.88
560,6,MTC,0.5120,256,640,2,5,0.00,179,0,28.88
560,7,MTC,0.5120,256,640,2,5,0.00,179,0,28.88
560,8,MTC,0.5120,256,640,2,5,0.00,179,0,28.88
560,9,MTC,0.5120,256,640,2,5,0.00,186,0,28.88
560,10,MTC,0.0000,256,0,2,0,0.00,797,0,28.88
570,1,eMBB,11.0016,35144,13752,23,9,0.00,146512,0,22.94
570,2,eMBB,0.0000,35144,0,23,0,0.00,184702,0,22.94
570,3,URLLC,0.0000,1014,0,13,0,0.00,87,0,45.04
570,4,URLLC,0.9360,1014,1170,13,15,0.00,87,0,45.04
570,5,MTC,0.0000,256,0,2,0,0.00,899,0,32.02
570,6,MTC,0.2048,256,256,2,2,0.00,179,0,32.02
570,7,MTC,0.2048,256,256,2,2,0.00,179,0,32.02
570,8,MTC,0.2048,256,256,2,2,0.00,179,0,32.02
570,9,MTC,0.2048,256,256,2,2,0.00,186,0,32.02
570,10,MTC,0.0000,256,0,2,0,0.00,899,0,32.02
580,1,eMBB,0.0000,35144,0,23,0,0.00,201455,0,36.79
580,2,eMBB,0.0000,35144,0,23,0,0.00,241189,0,36.79
580,3,URLLC,0.0000,936,0,12,0,0.00,1473,0,33.00
580,4,URLLC,0.0000,936,0,12,0,0.00,1473,0,33.00
580,5,MTC,0.0000,256,0,2,0,0.00,362,0,30.22
580,6,MTC,0.2048,256,256,2,2,0.00,175,0,30.22
580,7,MTC,0.2048,256,256,2,2,0.00,175,0,30.22
580,8,MTC,0.2048,256,256,2,2,0.00,175,0,30.22
580,9,MTC,0.2048,256,256,2,2,0.00,175,0,30.22
580,10,MTC,0.0000,256,0,2,0,0.00,362,0,30.22
590,1,eMBB,24.4480,35144,30560,23,20,0.00,209739,0,41.08
590,2,eMBB,0.0000,35144,0,23,0,0.00,279034,0,41.08
590,3,URLLC,0.0000,1014,0,13,0,0.00,169,0,38.97
590,4,URLLC,1.9344,1014,2418,13,31,0.00,33,0,38.97
590,5,MTC,0.0000,256,0,2,0,0.00,80,0,19.95
590,6,MTC,0.4096,256,512,2,4,0.00,137,0,19.95
590,7,MTC,0.4096,256,512,2,4,0.00,137,0,19.95
590,8,MTC,0.4096,256,512,2,4,0.00,137,0,19.95
590,9,MTC,0.4096,256,512,2,4,0.00,137,0,19.95
590,10,MTC,0.0000,256,0,2,0,0.00,137,0,19.95
600,1,eMBB,35.4496,35144,44312,23,29,0.00,198586,0,29.52
600,2,eMBB,0.0000,35144,0,23,0,0.00,302431,0,29.52
600,3,URLLC,0.0000,936,0,12,0,0.00,87,0,38.90
600,4,URLLC,0.9984,936,1248,12,16,0.00,251,0,38.90
600,5,MTC,0.0000,256,0,2,0,0.00,137,0,31.58
600,6,MTC,0.2048,256,256,2,2,0.00,137,0,31.58
600,7,MTC,0.2048,256,256,2,2,0.00,137,0,31.58
600,8,MTC,0.2048,256,256,2,2,0.00,137,0,31.58
600,9,MTC,0.2048,256,256,2,2,0.00,137,0,31.58
600,10,MTC,0.0000,256,0,2,0,0.00,137,0,31.58
610,1,eMBB,25.6704,35144,32088,23,21,0.00,203423,0,30.61
610,2,eMBB,0.0000,35144,0,23,0,0.00,349311,0,30.61
610,3,URLLC,0.0000,1014,0,13,0,0.00,87,0,40.07
610,4,URLLC,0.4368,1014,546,13,7,0.00,87,0,40.07
610,5,MTC,0.0000,256,0,2,0,0.00,50,0,29.32
610,6,MTC,0.2048,256,256,2,2,0.00,137,0,29.32
610,7,MTC,0.2048,256,256,2,2,0.00,137,0,29.32
610,8,MTC,0.2048,256,256,2,2,0.00,137,0,29.32
610,9,MTC,0.2048,256,256,2,2,0.00,137,0,29.32
610,10,MTC,0.0000,256,0,2,0,0.00,137,0,29.32
620,1,eMBB,29.3376,33616,36672,22,24,0.00,201622,0,22.73
620,2,eMBB,0.0000,33616,0,22,0,0.00,371521,0,22.73
620,3,URLLC,0.0000,936,0,12,0,0.00,579,0,48.68
620,4,URLLC,0.4992,936,624,12,8,0.00,87,0,48.68
620,5,MTC,0.0000,256,0,2,0,0.00,137,0,28.59
620,6,MTC,0.2048,256,256,2,2,0.00,137,0,28.59
620,7,MTC,0.2048,256,256,2,2,0.00,137,0,28.59
620,8,MTC,0.2048,256,256,2,2,0.00,137,0,28.59
620,9,MTC,0.2048,256,256,2,2,0.00,137,0,28.59
620,10,MTC,0.0000,256,0,2,0,0.00,15,0,28.59
630,1,eMBB,31.7824,35144,39728,23,26,0.00,196860,0,24.37
630,2,eMBB,0.0000,35144,0,23,0,0.00,408032,0,24.37
630,3,URLLC,0.0000,1014,0,13,0,0.00,251,0,31.80
630,4,URLLC,0.0000,1014,0,13,0,0.00,87,0,31.80
630,5,MTC,0.0000,384,0,3,0,0.00,137,0,43.83
630,6,MTC,0.2048,384,256,3,2,0.00,137,0,43.83
630,7,MTC,0.2048,384,256,3,2,0.00,137,0,43.83
630,8,MTC,0.2048,384,256,3,2,0.00,137,0,43.83
630,9,MTC,0.2048,384,256,3,2,0.00,137,0,43.83
630,10,MTC,0.0000,384,0,3,0,0.00,137,0,43.83
640,1,eMBB,31.7824,35144,39728,23,26,0.00,195069,0,43.28
640,2,eMBB,0.0000,35144,0,23,0,0.00,437181,0,43.28
640,3,URLLC,0.0000,936,0,12,0,0.00,1153,0,35.99
640,4,URLLC,0.0000,936,0,12,0,0.00,87,0,35.99
640,5,MTC,0.0000,256,0,2,0,0.00,137,0,20.73
640,6,MTC,0.2048,256,256,2,2,0.00,137,0,20.73
640,7,MTC,0.2048,256,256,2,2,0.00,137,0,20.73
640,8,MTC,0.2048,256,256,2,2,0.00,137,0,20.73
640,9,MTC,0.2048,256,256,2,2,0.00,137,0,20.73
640,10,MTC,0.0000,256,0,2,0,0.00,269,0,20.73
650,1,eMBB,33.0048,35144,41256,23,27,0.00,187520,0,21.47
650,2,eMBB,0.0000,35144,0,23,0,0.00,459034,0,21.47
650,3,URLLC,0.0000,1014,0,13,0,0.00,251,0,44.41
650,4,URLLC,0.0000,1014,0,13,0,0.00,234,0,44.41
650,5,MTC,0.0000,256,0,2,0,0.00,137,0,34.11
650,6,MTC,0.2048,256,256,2,2,0.00,137,0,34.11
650,7,MTC,0.2048,256,256,2,2,0.00,137,0,34.11
650,8,MTC,0.2048,256,256,2,2,0.00,137,0,34.11
650,9,MTC,0.2048,256,256,2,2,0.00,137,0,34.11
650,10,MTC,0.0000,256,0,2,0,0.00,269,0,34.11
660,1,eMBB,25.6704,35144,32088,23,21,0.00,188042,0,27.37
660,2,eMBB,0.0000,35144,0,23,0,0.00,509401,0,27.37
660,3,URLLC,0.0000,936,0,12,0,0.00,87,0,40.78
660,4,URLLC,0.0000,936,0,12,0,0.00,87,0,40.78
660,5,MTC,0.2048,256,256,2,2,0.00,269,0,31.85
660,6,MTC,0.2048,256,256,2,2,0.00,137,0,31.85
660,7,MTC,0.2048,256,256,2,2,0.00,137,0,31.85
660,8,MTC,0.2048,256,256,2,2,0.00,137,0,31.85
660,9,MTC,0.2048,256,256,2,2,0.00,137,0,31.85
660,10,MTC,0.0000,256,0,2,0,0.00,269,0,31.85
670,1,eMBB,67.2320,35144,84040,23,55,0.00,134108,0,43.44
670,2,eMBB,0.0000,35144,0,23,0,0.00,538392,0,43.44
670,3,URLLC,0.0000,1014,0,13,0,0.00,87,0,31.83
670,4,URLLC,0.0000,1014,0,13,0,0.00,87,0,31.83
670,5,MTC,0.0000,256,0,2,0,0.00,269,0,24.73
670,6,MTC,0.2048,256,256,2,2,0.00,137,0,24.73
670,7,MTC,0.2048,256,256,2,2,0.00,137,0,24.73
670,8,MTC,0.2048,256,256,2,2,0.00,137,0,24.73
670,9,MTC,0.2048,256,256,2,2,0.00,137,0,24.73
670,10,MTC,0.0000,256,0,2,0,0.00,665,0,24.73
680,1,eMBB,55.0080,35144,68760,23,45,0.00,93877,0,24.19
680,2,eMBB,0.0000,35144,0,23,0,0.00,559770,0,24.19
680,3,URLLC,0.0000,936,0,12,0,0.00,169,0,31.90
680,4,URLLC,0.0000,936,0,12,0,0.00,87,0,31.90
680,5,MTC,0.0000,256,0,2,0,0.00,269,0,43.90
680,6,MTC,0.2048,256,256,2,2,0.00,137,0,43.90
680,7,MTC,0.2048,256,256,2,2,0.00,137,0,43.90
680,8,MTC,0.2048,256,256,2,2,0.00,137,0,43.90
680,9,MTC,0.2048,256,256,2,2,0.00,137,0,43.90
680,10,MTC,0.0000,256,0,2,0,0.00,137,0,43.90
690,1,eMBB,66.0096,35144,82512,23,54,0.00,52786,0,41.88
690,2,eMBB,0.0000,35144,0,23,0,0.00,608620,0,41.88
690,3,URLLC,0.0000,1014,0,13,0,0.00,169,0,24.60
690,4,URLLC,0.0000,1014,0,13,0,0.00,251,0,24.60
690,5,MTC,0.0000,256,0,2,0,0.00,797,0,33.52
690,6,MTC,0.2048,256,256,2,2,0.00,137,0,33.52
690,7,MTC,0.2048,256,256,2,2,0.00,137,0,33.52
690,8,MTC,0.2048,256,256,2,2,0.00,137,0,33.52
690,9,MTC,0.2048,256,256,2,2,0.00,137,0,33.52
690,10,MTC,0.0000,256,0,2,0,0.00,401,0,33.52
700,1,eMBB,59.8976,35144,74872,23,49,0.00,18811,0,23.10
700,2,eMBB,0.0000,35144,0,23,0,0.00,641718,0,23.10
700,3,URLLC,0.0000,936,0,12,0,0.00,415,0,51.20
700,4,URLLC,0.0000,936,0,12,0,0.00,87,0,51.20
700,5,MTC,0.0000,256,0,2,0,0.00,533,0,25.70
700,6,MTC,0.2048,256,256,2,2,0.00,137,0,25.70
700,7,MTC,0.2048,256,256,2,2,0.00,137,0,25.70
700,8,MTC,0.2048,256,256,2,2,0.00,137,0,25.70
700,9,MTC,0.2048,256,256,2,2,0.00,137,0,25.70
700,10,MTC,0.0000,256,0,2,0,0.00,137,0,25.70
710,1,eMBB,40.3392,35144,50424,23,33,0.00,6133,0,37.58
710,2,eMBB,0.0000,35144,0,23,0,0.00,641718,0,37.58
710,3,URLLC,0.0000,1014,0,13,0,0.00,87,0,33.32
710,4,URLLC,0.0000,1014,0,13,0,0.00,333,0,33.32
710,5,MTC,0.0000,256,0,2,0,0.00,598,0,29.10
710,6,MTC,0.3072,256,384,2,3,0.00,137,0,29.10
710,7,MTC,0.3072,256,384,2,3,0.00,137,0,29.10
710,8,MTC,0.3072,256,384,2,3,0.00,137,0,29.10
710,9,MTC,0.3072,256,384,2,3,0.00,137,0,29.10
710,10,MTC,0.0000,256,0,2,0,0.00,269,0,29.10
720,1,eMBB,29.3376,35144,36672,23,24,0.00,1838,0,22.99
720,2,eMBB,0.0000,35144,0,23,0,0.00,695824,0,22.99
720,3,URLLC,0.0000,936,0,12,0,0.00,743,0,31.00
720,4,URLLC,2.0592,936,2574,12,33,0.00,87,0,31.00
720,5,MTC,0.0000,256,0,2,0,0.00,598,0,46.00
720,6,MTC,0.2048,256,256,2,2,0.00,137,0,46.00
720,7,MTC,0.2048,256,256,2,2,0.00,137,0,46.00
720,8,MTC,0.2048,256,256,2,2,0.00,137,0,46.00
720,9,MTC,0.2048,256,256,2,2,0.00,137,0,46.00
720,10,MTC,0.0000,256,0,2,0,0.00,269,0,46.00
730,1,eMBB,28.1152,35144,35144,23,23,0.00,1537,0,29.12
730,2,eMBB,0.0000,35144,0,23,0,0.00,716447,0,29.12
730,3,URLLC,0.0000,1014,0,13,0,0.00,251,0,28.02
730,4,URLLC,0.0000,1014,0,13,0,0.00,333,0,28.02
730,5,MTC,0.0000,256,0,2,0,0.00,598,0,42.86
730,6,MTC,0.2048,256,256,2,2,0.00,137,0,42.86
730,7,MTC,0.2048,256,256,2,2,0.00,137,0,42.86
730,8,MTC,0.2048,256,256,2,2,0.00,137,0,42.86
730,9,MTC,0.2048,256,256,2,2,0.00,137,0,42.86
730,10,MTC,0.0000,256,0,2,0,0.00,269,0,42.86
740,1,eMBB,25.6704,33616,32088,22,21,0.00,1537,0,23.54
740,2,eMBB,0.0000,33616,0,22,0,0.00,767788,0,23.54
740,3,URLLC,0.0000,936,0,12,0,0.00,333,0,38.80
740,4,URLLC,0.0000,936,0,12,0,0.00,251,0,38.80
740,5,MTC,0.0000,256,0,2,0,0.00,269,0,37.66
740,6,MTC,0.2048,256,256,2,2,0.00,137,0,37.66
740,7,MTC,0.2048,256,256,2,2,0.00,137,0,37.66
740,8,MTC,0.2048,256,256,2,2,0.00,137,0,37.66
740,9,MTC,0.2048,256,256,2,2,0.00,137,0,37.66
740,10,MTC,0.0000,256,0,2,0,0.00,137,0,37.66
750,1,eMBB,30.5600,35144,38200,23,25,0.00,1537,0,28.11
750,2,eMBB,0.0000,35144,0,23,0,0.00,783492,0,28.11
750,3,URLLC,0.0000,1014,0,13,0,0.00,415,0,29.94
750,4,URLLC,0.0000,1014,0,13,0,0.00,415,0,29.94
750,5,MTC,0.0000,384,0,3,0,0.00,269,0,41.94
750,6,MTC,0.2048,384,256,3,2,0.00,137,0,41.94
750,7,MTC,0.2048,384,256,3,2,0.00,137,0,41.94
750,8,MTC,0.2048,384,256,3,2,0.00,137,0,41.94
750,9,MTC,0.2048,384,256,3,2,0.00,137,0,41.94
750,10,MTC,0.0000,384,0,3,0,0.00,269,0,41.94
760,1,eMBB,23.2256,35144,29032,23,19,0.00,4281,0,29.87
760,2,eMBB,0.0000,35144,0,23,0,0.00,823520,0,29.87
760,3,URLLC,0.0000,936,0,12,0,0.00,251,0,35.24
760,4,URLLC,0.0000,936,0,12,0,0.00,1071,0,35.24
760,5,MTC,0.0000,256,0,2,0,0.00,137,0,34.88
760,6,MTC,0.2048,256,256,2,2,0.00,137,0,34.88
760,7,MTC,0.2048,256,256,2,2,0.00,137,0,34.88
760,8,MTC,0.2048,256,256,2,2,0.00,137,0,34.88
760,9,MTC,0.2048,256,256,2,2,0.00,137,0,34.88
760,10,MTC,0.0000,256,0,2,0,0.00,269,0,34.88
770,1,eMBB,29.3376,35144,36672,23,24,0.00,2393,0,37.06
770,2,eMBB,0.0000,35144,0,23,0,0.00,846986,0,37.06
770,3,URLLC,0.0000,1014,0,13,0,0.00,251,0,28.49
770,4,URLLC,0.0000,1014,0,13,0,0.00,661,0,28.49
770,5,MTC,0.0000,256,0,2,0,0.00,137,0,34.44
770,6,MTC,0.2048,256,256,2,2,0.00,137,0,34.44
770,7,MTC,0.2048,256,256,2,2,0.00,137,0,34.44
770,8,MTC,0.2048,256,256,2,2,0.00,137,0,34.44
770,9,MTC,0.2048,256,256,2,2,0.00,137,0,34.44
770,10,MTC,0.0000,256,0,2,0,0.00,269,0,34.44
780,1,eMBB,29.3376,35144,36672,23,24,0.00,7665,0,35.88
780,2,eMBB,0.0000,35144,0,23,0,0.00,882197,0,35.88
780,3,URLLC,0.0000,936,0,12,0,0.00,629,0,36.13
780,4,URLLC,0.0000,936,0,12,0,0.00,415,0,36.13
780,5,MTC,0.0000,256,0,2,0,0.00,269,0,27.99
780,6,MTC,0.2048,256,256,2,2,0.00,137,0,27.99
780,7,MTC,0.2048,256,256,2,2,0.00,137,0,27.99
780,8,MTC,0.2048,256,256,2,2,0.00,137,0,27.99
780,9,MTC,0.2048,256,256,2,2,0.00,137,0,27.99
780,10,MTC,0.0000,256,0,2,0,0.00,1061,0,27.99
790,1,eMBB,29.3376,35144,36672,23,24,0.00,3353,0,25.49
790,2,eMBB,0.0000,35144,0,23,0,0.00,904213,0,25.49
790,3,URLLC,0.0000,1014,0,13,0,0.00,629,0,39.91
790,4,URLLC,0.0000,1014,0,13,0,0.00,87,0,39.91
790,5,MTC,0.0000,256,0,2,0,0.00,401,0,34.61
790,6,MTC,0.2048,256,256,2,2,0.00,137,0,34.61
790,7,MTC,0.2048,256,256,2,2,0.00,137,0,34.61
790,8,MTC,0.2048,256,256,2,2,0.00,137,0,34.61
790,9,MTC,0.2048,256,256,2,2,0.00,137,0,34.61
790,10,MTC,0.0000,256,0,2,0,0.00,934,0,34.61
800,1,eMBB,28.1152,35144,35144,23,23,0.00,1537,0,43.45
800,2,eMBB,0.0000,35144,0,23,0,0.00,936134,0,43.45
800,3,URLLC,0.0000,936,0,12,0,0.00,415,0,27.48
800,4,URLLC,0.0000,936,0,12,0,0.00,194,0,27.48
800,5,MTC,0.0000,256,0,2,0,0.00,137,0,29.07
800,6,MTC,0.2048,256,256,2,2,0.00,137,0,29.07
800,7,MTC,0.2048,256,256,2,2,0.00,137,0,29.07
800,8,MTC,0.2048,256,256,2,2,0.00,137,0,29.07
800,9,MTC,0.2048,256,256,2,2,0.00,137,0,29.07
800,10,MTC,0.0000,256,0,2,0,0.00,934,0,29.07
810,1,eMBB,26.8928,35144,33616,23,22,0.00,1537,0,21.34
810,2,eMBB,0.0000,35144,0,23,0,0.00,957420,0,21.34
810,3,URLLC,0.0000,1014,0,13,0,0.00,333,0,45.87
810,4,URLLC,0.0000,1014,0,13,0,0.00,93,0,45.87
810,5,MTC,0.0000,256,0,2,0,0.00,137,0,32.79
810,6,MTC,0.2048,256,256,2,2,0.00,137,0,32.79
810,7,MTC,0.2048,256,256,2,2,0.00,137,0,32.79
810,8,MTC,0.2048,256,256,2,2,0.00,137,0,32.79
810,9,MTC,0.2048,256,256,2,2,0.00,137,0,32.79
810,10,MTC,0.0000,256,0,2,0,0.00,934,0,32.79
820,1,eMBB,24.4480,35144,30560,23,20,0.00,1537,0,50.09
820,2,eMBB,0.0000,35144,0,23,0,0.00,1003512,0,50.09
820,3,URLLC,0.0000,936,0,12,0,0.00,87,0,30.89
820,4,URLLC,5.4288,936,6786,12,87,0.00,333,0,30.89
820,5,MTC,0.0000,256,0,2,0,0.00,137,0,19.02
820,6,MTC,0.3072,256,384,2,3,0.00,137,0,19.02
820,7,MTC,0.3072,256,384,2,3,0.00,137,0,19.02
820,8,MTC,0.3072,256,384,2,3,0.00,137,0,19.02
820,9,MTC,0.3072,256,384,2,3,0.00,137,0,19.02
820,10,MTC,0.0000,256,0,2,0,0.00,665,0,19.02
830,1,eMBB,28.1152,35144,35144,23,23,0.00,1537,0,23.55
830,2,eMBB,0.0000,35144,0,23,0,0.00,1033639,0,23.55
830,3,URLLC,0.0000,1014,0,13,0,0.00,251,0,53.60
830,4,URLLC,0.0000,1014,0,13,0,0.00,251,0,53.60
830,5,MTC,0.0000,256,0,2,0,0.00,137,0,22.85
830,6,MTC,0.1024,256,128,2,1,0.00,137,0,22.85
830,7,MTC,0.1024,256,128,2,1,0.00,137,0,22.85
830,8,MTC,0.1024,256,128,2,1,0.00,137,0,22.85
830,9,MTC,0.1024,256,128,2,1,0.00,137,0,22.85
830,10,MTC,0.0000,256,0,2,0,0.00,665,0,22.85
840,1,eMBB,29.3376,35144,36672,23,24,0.00,4529,0,23.13
840,2,eMBB,0.0000,35144,0,23,0,0.00,1043143,0,23.13
840,3,URLLC,0.0000,936,0,12,0,0.00,87,0,40.44
840,4,URLLC,0.0000,936,0,12,0,0.00,251,0,40.44
840,5,MTC,0.0000,256,0,2,0,0.00,137,0,36.43
840,6,MTC,0.2048,256,256,2,2,0.00,137,0,36.43
840,7,MTC,0.2048,256,256,2,2,0.00,137,0,36.43
840,8,MTC,0.2048,256,256,2,2,0.00,137,0,36.43
840,9,MTC,0.2048,256,256,2,2,0.00,137,0,36.43
840,10,MTC,0.0000,256,0,2,0,0.00,665,0,36.43
850,1,eMBB,30.5600,35144,38200,23,25,0.00,6133,0,43.20
850,2,eMBB,0.0000,35144,0,23,0,0.00,1083912,0,43.20
850,3,URLLC,0.0000,1014,0,13,0,0.00,87,0,29.61
850,4,URLLC,0.0000,1014,0,13,0,0.00,2219,0,29.61
850,5,MTC,0.0000,256,0,2,0,0.00,401,0,27.20
850,6,MTC,0.3072,256,384,2,3,0.00,137,0,27.20
850,7,MTC,0.3072,256,384,2,3,0.00,137,0,27.20
850,8,MTC,0.3072,256,384,2,3,0.00,137,0,27.20
850,9,MTC,0.3072,256,384,2,3,0.00,137,0,27.20
850,10,MTC,0.0000,256,0,2,0,0.00,401,0,27.20
860,1,eMBB,29.3376,33616,36672,22,24,0.00,3069,0,36.89
860,2,eMBB,0.0000,33616,0,22,0,0.00,1116235,0,36.89
860,3,URLLC,0.0000,936,0,12,0,0.00,87,0,45.48
860,4,URLLC,0.0000,936,0,12,0,0.00,2219,0,45.48
860,5,MTC,0.0000,256,0,2,0,0.00,401,0,17.62
860,6,MTC,0.2048,256,256,2,2,0.00,137,0,17.62
860,7,MTC,0.2048,256,256,2,2,0.00,137,0,17.62
860,8,MTC,0.2048,256,256,2,2,0.00,137,0,17.62
860,9,MTC,0.2048,256,256,2,2,0.00,137,0,17.62
860,10,MTC,0.0000,256,0,2,0,0.00,137,0,17.62
870,1,eMBB,28.1152,35144,35144,23,23,0.00,1537,0,34.28
870,2,eMBB,0.0000,35144,0,23,0,0.00,1148207,0,34.28
870,3,URLLC,0.0000,1014,0,13,0,0.00,3203,0,38.83
870,4,URLLC,0.0000,1014,0,13,0,0.00,251,0,38.83
870,5,MTC,0.0000,384,0,3,0,0.00,269,0,26.89
870,6,MTC,0.2048,384,256,3,2,0.00,137,0,26.89
870,7,MTC,0.2048,384,256,3,2,0.00,137,0,26.89
870,8,MTC,0.2048,384,256,3,2,0.00,137,0,26.89
870,9,MTC,0.2048,384,256,3,2,0.00,137,0,26.89
870,10,MTC,0.0000,384,0,3,0,0.00,269,0,26.89
880,1,eMBB,26.8928,35144,33616,23,22,0.00,1537,0,23.59
880,2,eMBB,0.0000,35144,0,23,0,0.00,1164097,0,23.59
880,3,URLLC,0.0000,936,0,12,0,0.00,1756,0,44.18
880,4,URLLC,0.0000,936,0,12,0,0.00,333,0,44.18
880,5,MTC,0.0000,256,0,2,0,0.00,533,0,32.23
880,6,MTC,0.2048,256,256,2,2,0.00,137,0,32.23
880,7,MTC,0.2048,256,256,2,2,0.00,137,0,32.23
880,8,MTC,0.2048,256,256,2,2,0.00,137,0,32.23
880,9,MTC,0.2048,256,256,2,2,0.00,137,0,32.23
880,10,MTC,0.0000,256,0,2,0,0.00,401,0,32.23
890,1,eMBB,26.8928,35144,33616,23,22,0.00,1537,0,28.80
890,2,eMBB,0.0000,35144,0,23,0,0.00,1201603,0,28.80
890,3,URLLC,0.0000,1014,0,13,0,0.00,251,0,41.92
890,4,URLLC,0.0000,1014,0,13,0,0.00,1153,0,41.92
890,5,MTC,0.0000,256,0,2,0,0.00,533,0,29.28
890,6,MTC,0.2048,256,256,2,2,0.00,137,0,29.28
890,7,MTC,0.2048,256,256,2,2,0.00,137,0,29.28
890,8,MTC,0.2048,256,256,2,2,0.00,137,0,29.28
890,9,MTC,0.2048,256,256,2,2,0.00,137,0,29.28
890,10,MTC,0.0000,256,0,2,0,0.00,401,0,29.28
900,1,eMBB,25.6704,35144,32088,23,21,0.00,1537,0,32.02
900,2,eMBB,0.0000,35144,0,23,0,0.00,1232950,0,32.02
900,3,URLLC,0.0000,936,0,12,0,0.00,661,0,40.18
900,4,URLLC,0.0000,936,0,12,0,0.00,1071,0,40.18
900,5,MTC,0.0000,256,0,2,0,0.00,533,0,27.80
900,6,MTC,0.2048,256,256,2,2,0.00,137,0,27.80
900,7,MTC,0.2048,256,256,2,2,0.00,137,0,27.80
900,8,MTC,0.2048,256,256,2,2,0.00,137,0,27.80
900,9,MTC,0.2048,256,256,2,2,0.00,137,0,27.80
900,10,MTC,0.0000,256,0,2,0,0.00,401,0,27.80
910,1,eMBB,29.3376,35144,36672,23,24,0.00,6752,0,31.72
910,2,eMBB,0.0000,35144,0,23,0,0.00,1268500,0,31.72
910,3,URLLC,0.0000,1014,0,13,0,0.00,661,0,46.10
910,4,URLLC,0.0000,1014,0,13,0,0.00,87,0,46.10
910,5,MTC,0.0000,256,0,2,0,0.00,533,0,22.18
910,6,MTC,0.2048,256,256,2,2,0.00,137,0,22.18
910,7,MTC,0.2048,256,256,2,2,0.00,137,0,22.18
910,8,MTC,0.2048,256,256,2,2,0.00,137,0,22.18
910,9,MTC,0.2048,256,256,2,2,0.00,137,0,22.18
910,10,MTC,0.0000,256,0,2,0,0.00,401,0,22.18
920,1,eMBB,29.3376,35144,36672,23,24,0.00,7665,0,50.01
920,2,eMBB,0.0000,35144,0,23,0,0.00,1282866,0,50.01
920,3,URLLC,0.0000,936,0,12,0,0.00,87,0,27.61
920,4,URLLC,12.8544,936,16068,12,206,0.00,333,0,27.61
920,5,MTC,0.0000,256,0,2,0,0.00,533,0,22.38
920,6,MTC,0.2048,256,256,2,2,0.00,137,0,22.38
920,7,MTC,0.2048,256,256,2,2,0.00,137,0,22.38
920,8,MTC,0.2048,256,256,2,2,0.00,137,0,22.38
920,9,MTC,0.2048,256,256,2,2,0.00,137,0,22.38
920,10,MTC,0.0000,256,0,2,0,0.00,401,0,22.38
930,1,eMBB,29.3376,35144,36672,23,24,0.00,1537,0,29.89
930,2,eMBB,0.0000,35144,0,23,0,0.00,1327057,0,29.89
930,3,URLLC,0.0000,1014,0,13,0,0.00,661,0,43.71
930,4,URLLC,1.8720,1014,2340,13,30,0.00,1481,0,43.71
930,5,MTC,0.0000,256,0,2,0,0.00,1325,0,26.40
930,6,MTC,0.2048,256,256,2,2,0.00,137,0,26.40
930,7,MTC,0.2048,256,256,2,2,0.00,137,0,26.40
930,8,MTC,0.2048,256,256,2,2,0.00,137,0,26.40
930,9,MTC,0.2048,256,256,2,2,0.00,137,0,26.40
930,10,MTC,0.0000,256,0,2,0,0.00,401,0,26.40
940,1,eMBB,28.1152,35144,35144,23,23,0.00,1537,0,31.17
940,2,eMBB,0.0000,35144,0,23,0,0.00,1327057,0,31.17
940,3,URLLC,0.0000,936,0,12,0,0.00,743,0,47.19
940,4,URLLC,0.0000,936,0,12,0,0.00,770,0,47.19
940,5,MTC,0.0000,256,0,2,0,0.00,64,0,21.64
940,6,MTC,0.3072,256,384,2,3,0.00,137,0,21.64
940,7,MTC,0.3072,256,384,2,3,0.00,137,0,21.64
940,8,MTC,0.3072,256,384,2,3,0.00,137,0,21.64
940,9,MTC,0.3072,256,384,2,3,0.00,137,0,21.64
940,10,MTC,0.0000,256,0,2,0,0.00,1457,0,21.64
950,1,eMBB,24.4480,35144,30560,23,20,0.00,1537,0,29.73
950,2,eMBB,0.0000,35144,0,23,0,0.00,1395320,0,29.73
950,3,URLLC,0.0000,1014,0,13,0,0.00,415,0,41.02
950,4,URLLC,2.4336,1014,3042,13,39,0.00,235,0,41.02
950,5,MTC,0.0000,256,0,2,0,0.00,401,0,29.24
950,6,MTC,0.2048,256,256,2,2,0.00,137,0,29.24
950,7,MTC,0.2048,256,256,2,2,0.00,137,0,29.24
950,8,MTC,0.2048,256,256,2,2,0.00,137,0,29.24
950,9,MTC,0.2048,256,256,2,2,0.00,137,0,29.24
950,10,MTC,0.0000,256,0,2,0,0.00,1457,0,29.24
960,1,eMBB,28.1152,35144,35144,23,23,0.00,1537,0,25.33
960,2,eMBB,0.0000,35144,0,23,0,0.00,1421907,0,25.33
960,3,URLLC,0.0000,936,0,12,0,0.00,497,0,29.79
960,4,URLLC,0.0000,936,0,12,0,0.00,333,0,29.79
960,5,MTC,0.0000,256,0,2,0,0.00,401,0,44.88
960,6,MTC,0.2048,256,256,2,2,0.00,137,0,44.88
960,7,MTC,0.2048,256,256,2,2,0.00,137,0,44.88
960,8,MTC,0.2048,256,256,2,2,0.00,137,0,44.88
960,9,MTC,0.2048,256,256,2,2,0.00,137,0,44.88
960,10,MTC,0.0000,256,0,2,0,0.00,533,0,44.88
970,1,eMBB,26.8928,35144,33616,23,22,0.00,1966,0,26.74
970,2,eMBB,0.0000,35144,0,23,0,0.00,1459265,0,26.74
970,3,URLLC,0.0000,1014,0,13,0,0.00,333,0,38.82
970,4,URLLC,0.0000,1014,0,13,0,0.00,333,0,38.82
970,5,MTC,0.0000,256,0,2,0,0.00,401,0,34.43
970,6,MTC,0.1024,256,128,2,1,0.00,137,0,34.43
970,7,MTC,0.1024,256,128,2,1,0.00,137,0,34.43
970,8,MTC,0.1024,256,128,2,1,0.00,137,0,34.43
970,9,MTC,0.1024,256,128,2,1,0.00,137,0,34.43
970,10,MTC,0.0000,256,0,2,0,0.00,533,0,34.43
980,1,eMBB,29.3376,33616,36672,22,24,0.00,3846,0,31.96
980,2,eMBB,0.0000,33616,0,22,0,0.00,1495497,0,31.96
980,3,URLLC,0.0000,936,0,12,0,0.00,989,0,40.00
980,4,URLLC,0.6864,936,858,12,11,0.00,1891,0,40.00
980,5,MTC,0.0000,256,0,2,0,0.00,783,0,28.04
980,6,MTC,0.3072,256,384,2,3,0.00,137,0,28.04
980,7,MTC,0.3072,256,384,2,3,0.00,137,0,28.04
980,8,MTC,0.3072,256,384,2,3,0.00,137,0,28.04
980,9,MTC,0.3072,256,384,2,3,0.00,137,0,28.04
980,10,MTC,0.0000,256,0,2,0,0.00,533,0,28.04
990,1,eMBB,29.3376,35144,36672,23,24,0.00,7665,0,24.23
990,2,eMBB,0.0000,35144,0,23,0,0.00,1516995,0,24.23
990,3,URLLC,0.0000,1014,0,13,0,0.00,661,0,49.52
990,4,URLLC,0.6864,1014,858,13,11,0.00,333,0,49.52
990,5,MTC,0.0000,384,0,3,0,0.00,783,0,26.25
990,6,MTC,0.2048,384,256,3,2,0.00,137,0,26.25
990,7,MTC,0.2048,384,256,3,2,0.00,137,0,26.25
990,8,MTC,0.2048,384,256,3,2,0.00,137,0,26.25
990,9,MTC,0.2048,384,256,3,2,0.00,137,0,26.25
990,10,MTC,0.0000,384,0,3,0,0.00,401,0,26.25
1000,1,eMBB,29.3376,35144,36672,23,24,0.00,1537,0,41.79
1000,2,eMBB,0.0000,35144,0,23,0,0.00,1550114,0,41.79
1000,3,URLLC,0.0000,936,0,12,0,0.00,415,0,34.82
1000,4,URLLC,0.0000,936,0,12,0,0.00,251,0,34.82
1000,5,MTC,0.0000,256,0,2,0,0.00,533,0,23.38
1000,6,MTC,0.2048,256,256,2,2,0.00,137,0,23.38
1000,7,MTC,0.2048,256,256,2,2,0.00,137,0,23.38
1000,8,MTC,0.2048,256,256,2,2,0.00,137,0,23.38
1000,9,MTC,0.2048,256,256,2,2,0.00,137,0,23.38
1000,10,MTC,0.0000,256,0,2,0,0.00,513,0,23.38
1010,1,eMBB,28.1152,35144,35144,23,23,0.00,3069,0,31.59
1010,2,eMBB,0.0000,35144,0,23,0,0.00,1558087,0,31.59
1010,3,URLLC,0.0000,1014,0,13,0,0.00,1071,0,41.56
1010,4,URLLC,0.0000,1014,0,13,0,0.00,251,0,41.56
1010,5,MTC,0.0000,256,0,2,0,0.00,137,0,26.85
1010,6,MTC,0.2048,256,256,2,2,0.00,137,0,26.85
1010,7,MTC,0.2048,256,256,2,2,0.00,137,0,26.85
1010,8,MTC,0.2048,256,256,2,2,0.00,137,0,26.85
1010,9,MTC,0.2048,256,256,2,2,0.00,137,0,26.85
1010,10,MTC,0.0000,256,0,2,0,0.00,513,0,26.85
1020,1,eMBB,28.1152,35144,35144,23,23,0.00,3069,0,32.97
1020,2,eMBB,0.0000,35144,0,23,0,0.00,1593124,0,32.97
1020,3,URLLC,0.0000,936,0,12,0,0.00,87,0,36.43
1020,4,URLLC,2.8080,936,3510,12,45,0.00,2300,0,36.43
1020,5,MTC,0.0000,256,0,2,0,0.00,137,0,30.60
1020,6,MTC,0.2048,256,256,2,2,0.00,137,0,30.60
1020,7,MTC,0.2048,256,256,2,2,0.00,137,0,30.60
1020,8,MTC,0.2048,256,256,2,2,0.00,137,0,30.60
1020,9,MTC,0.2048,256,256,2,2,0.00,137,0,30.60
1020,10,MTC,0.0000,256,0,2,0,0.00,646,0,30.60
1030,1,eMBB,25.6704,35144,32088,23,21,0.00,3069,0,32.68
1030,2,eMBB,0.0000,35144,0,23,0,0.00,1654635,0,32.68
1030,3,URLLC,0.0000,1014,0,13,0,0.00,87,0,43.44
1030,4,URLLC,0.3744,1014,468,13,6,0.00,415,0,43.44
1030,5,MTC,0.0000,256,0,2,0,0.00,137,0,23.87
1030,6,MTC,0.2048,256,256,2,2,0.00,137,0,23.87
1030,7,MTC,0.2048,256,256,2,2,0.00,137,0,23.87
1030,8,MTC,0.2048,256,256,2,2,0.00,137,0,23.87
1030,9,MTC,0.2048,256,256,2,2,0.00,137,0,23.87
1030,10,MTC,0.0000,256,0,2,0,0.00,137,0,23.87
1040,1,eMBB,26.8928,35144,33616,23,22,0.00,3069,0,29.44
1040,2,eMBB,0.0000,35144,0,23,0,0.00,1664266,0,29.44
1040,3,URLLC,0.0000,936,0,12,0,0.00,333,0,28.47
1040,4,URLLC,0.0000,936,0,12,0,0.00,251,0,28.47
1040,5,MTC,0.0000,256,0,2,0,0.00,137,0,42.09
1040,6,MTC,0.2048,256,256,2,2,0.00,137,0,42.09
1040,7,MTC,0.2048,256,256,2,2,0.00,137,0,42.09
1040,8,MTC,0.2048,256,256,2,2,0.00,137,0,42.09
1040,9,MTC,0.2048,256,256,2,2,0.00,137,0,42.09
1040,10,MTC,0.0000,256,0,2,0,0.00,269,0,42.09
1050,1,eMBB,29.3376,35144,36672,23,24,0.00,1537,0,44.47
1050,2,eMBB,0.0000,35144,0,23,0,0.00,1703305,0,44.47
1050,3,URLLC,0.0000,1014,0,13,0,0.00,251,0,25.87
1050,4,URLLC,0.0000,1014,0,13,0,0.00,415,0,25.87
1050,5,MTC,0.0000,256,0,2,0,0.00,137,0,29.66
1050,6,MTC,0.2048,256,256,2,2,0.00,137,0,29.66
1050,7,MTC,0.2048,256,256,2,2,0.00,137,0,29.66
1050,8,MTC,0.2048,256,256,2,2,0.00,137,0,29.66
1050,9,MTC,0.2048,256,256,2,2,0.00,137,0,29.66
1050,10,MTC,0.0000,256,0,2,0,0.00,269,0,29.66
1060,1,eMBB,29.3376,35144,36672,23,24,0.00,6133,0,38.77
1060,2,eMBB,0.0000,35144,0,23,0,0.00,1749145,0,38.77
1060,3,URLLC,0.0000,936,0,12,0,0.00,251,0,35.38
1060,4,URLLC,2.8704,936,3588,12,46,0.00,333,0,35.38
1060,5,MTC,0.0000,256,0,2,0,0.00,401,0,25.85
1060,6,MTC,0.2048,256,256,2,2,0.00,137,0,25.85
1060,7,MTC,0.2048,256,256,2,2,0.00,137,0,25.85
1060,8,MTC,0.2048,256,256,2,2,0.00,137,0,25.85
1060,9,MTC,0.2048,256,256,2,2,0.00,137,0,25.85
1060,10,MTC,0.0000,256,0,2,0,0.00,269,0,25.85
1070,1,eMBB,29.3376,35144,36672,23,24,0.00,1537,0,37.50
1070,2,eMBB,0.0000,35144,0,23,0,0.00,1763704,0,37.50
1070,3,URLLC,0.0000,1014,0,13,0,0.00,251,0,42.88
1070,4,URLLC,0.0000,1014,0,13,0,0.00,333,0,42.88
1070,5,MTC,0.0000,256,0,2,0,0.00,401,0,19.62
1070,6,MTC,0.3072,256,384,2,3,0.00,137,0,19.62
1070,7,MTC,0.3072,256,384,2,3,0.00,137,0,19.62
1070,8,MTC,0.3072,256,384,2,3,0.00,137,0,19.62
1070,9,MTC,0.3072,256,384,2,3,0.00,137,0,19.62
1070,10,MTC,0.0000,256,0,2,0,0.00,137,0,19.62
1080,1,eMBB,28.1152,35144,35144,23,23,0.00,1537,0,40.33
1080,2,eMBB,0.0000,35144,0,23,0,0.00,1800191,0,40.33
1080,3,URLLC,0.0000,936,0,12,0,0.00,87,0,34.11
1080,4,URLLC,0.8112,936,1014,12,13,0.00,1071,0,34.11
1080,5,MTC,0.0000,256,0,2,0,0.00,513,0,25.56
1080,6,MTC,0.2048,256,256,2,2,0.00,137,0,25.56
1080,7,MTC,0.2048,256,256,2,2,0.00,137,0,25.56
1080,8,MTC,0.2048,256,256,2,2,0.00,137,0,25.56
1080,9,MTC,0.2048,256,256,2,2,0.00,137,0,25.56
1080,10,MTC,0.0000,256,0,2,0,0.00,269,0,25.56
1090,1,eMBB,28.1152,35144,35144,23,23,0.00,1537,0,34.66
1090,2,eMBB,0.0000,35144,0,23,0,0.00,1839455,0,34.66
1090,3,URLLC,0.0000,1014,0,13,0,0.00,251,0,25.98
1090,4,URLLC,0.0000,1014,0,13,0,0.00,1071,0,25.98
1090,5,MTC,0.0000,256,0,2,0,0.00,137,0,39.36
1090,6,MTC,0.2048,256,256,2,2,0.00,137,0,39.36
1090,7,MTC,0.2048,256,256,2,2,0.00,137,0,39.36
1090,8,MTC,0.2048,256,256,2,2,0.00,137,0,39.36
1090,9,MTC,0.2048,256,256,2,2,0.00,137,0,39.36
1090,10,MTC,0.0000,256,0,2,0,0.00,269,0,39.36
1100,1,eMBB,23.2256,33616,29032,22,19,0.00,1537,0,24.52
1100,2,eMBB,0.0000,33616,0,22,0,0.00,1855117,0,24.52
1100,3,URLLC,0.0000,936,0,12,0,0.00,743,0,26.89
1100,4,URLLC,1.6224,936,2028,12,26,0.00,1071,0,26.89
1100,5,MTC,0.0000,256,0,2,0,0.00,137,0,48.59
1100,6,MTC,0.2048,256,256,2,2,0.00,137,0,48.59
1100,7,MTC,0.2048,256,256,2,2,0.00,137,0,48.59
1100,8,MTC,0.2048,256,256,2,2,0.00,137,0,48.59
1100,9,MTC,0.2048,256,256,2,2,0.00,137,0,48.59
1100,10,MTC,0.0000,256,0,2,0,0.00,401,0,48.59
1110,1,eMBB,28.1152,35144,35144,23,23,0.00,2252,0,28.58
1110,2,eMBB,0.0000,35144,0,23,0,0.00,1897113,0,28.58
1110,3,URLLC,0.0000,1014,0,13,0,0.00,661,0,41.08
1110,4,URLLC,0.2496,1014,312,13,4,0.00,87,0,41.08
1110,5,MTC,0.0000,384,0,3,0,0.00,137,0,30.34
1110,6,MTC,0.2048,384,256,3,2,0.00,137,0,30.34
1110,7,MTC,0.2048,384,256,3,2,0.00,137,0,30.34
1110,8,MTC,0.2048,384,256,3,2,0.00,137,0,30.34
1110,9,MTC,0.2048,384,256,3,2,0.00,137,0,30.34
1110,10,MTC,0.0000,384,0,3,0,0.00,401,0,30.34
1120,1,eMBB,29.3376,35144,36672,23,24,0.00,2902,0,28.55
1120,2,eMBB,0.0000,35144,0,23,0,0.00,1931524,0,28.55
1120,3,URLLC,0.0000,936,0,12,0,0.00,661,0,35.28
1120,4,URLLC,1.8096,936,2262,12,29,0.00,87,0,35.28
1120,5,MTC,0.0000,256,0,2,0,0.00,533,0,36.17
1120,6,MTC,0.2048,256,256,2,2,0.00,137,0,36.17
1120,7,MTC,0.2048,256,256,2,2,0.00,137,0,36.17
1120,8,MTC,0.2048,256,256,2,2,0.00,137,0,36.17
1120,9,MTC,0.2048,256,256,2,2,0.00,137,0,36.17
1120,10,MTC,0.0000,256,0,2,0,0.00,137,0,36.17
1130,1,eMBB,29.3376,35144,36672,23,24,0.00,7665,0,25.49
1130,2,eMBB,0.0000,35144,0,23,0,0.00,1942998,0,25.49
1130,3,URLLC,0.0000,1014,0,13,0,0.00,661,0,32.77
1130,4,URLLC,0.0000,1014,0,13,0,0.00,333,0,32.77
1130,5,MTC,0.0000,256,0,2,0,0.00,269,0,41.74
1130,6,MTC,0.2048,256,256,2,2,0.00,137,0,41.74
1130,7,MTC,0.2048,256,256,2,2,0.00,137,0,41.74
1130,8,MTC,0.2048,256,256,2,2,0.00,137,0,41.74
1130,9,MTC,0.2048,256,256,2,2,0.00,137,0,41.74
1130,10,MTC,0.0000,256,0,2,0,0.00,137,0,41.74
1140,1,eMBB,29.3376,35144,36672,23,24,0.00,1537,0,25.10
1140,2,eMBB,0.0000,35144,0,23,0,0.00,1973521,0,25.10
1140,3,URLLC,0.0000,936,0,12,0,0.00,169,0,38.11
1140,4,URLLC,3.4320,936,4290,12,55,0.00,415,0,38.11
1140,5,MTC,0.0000,256,0,2,0,0.00,137,0,36.79
1140,6,MTC,0.2048,256,256,2,2,0.00,137,0,36.79
1140,7,MTC,0.2048,256,256,2,2,0.00,137,0,36.79
1140,8,MTC,0.2048,256,256,2,2,0.00,137,0,36.79
1140,9,MTC,0.2048,256,256,2,2,0.00,137,0,36.79
1140,10,MTC,0.0000,256,0,2,0,0.00,401,0,36.79
1150,1,eMBB,28.1152,35144,35144,23,23,0.00,1537,0,36.41
1150,2,eMBB,0.0000,35144,0,23,0,0.00,2021452,0,36.41
1150,3,URLLC,0.0000,1014,0,13,0,0.00,251,0,36.57
1150,4,URLLC,0.0000,1014,0,13,0,0.00,333,0,36.57
1150,5,MTC,0.0000,256,0,2,0,0.00,137,0,27.02
1150,6,MTC,0.2048,256,256,2,2,0.00,137,0,27.02
1150,7,MTC,0.2048,256,256,2,2,0.00,137,0,27.02
1150,8,MTC,0.2048,256,256,2,2,0.00,137,0,27.02
1150,9,MTC,0.2048,256,256,2,2,0.00,137,0,27.02
1150,10,MTC,0.0000,256,0,2,0,0.00,137,0,27.02
1160,1,eMBB,28.1152,35144,35144,23,23,0.00,1537,0,47.01
1160,2,eMBB,0.0000,35144,0,23,0,0.00,2021452,0,47.01
1160,3,URLLC,0.0000,936,0,12,0,0.00,333,0,32.98
1160,4,URLLC,0.0000,936,0,12,0,0.00,333,0,32.98
1160,5,MTC,0.0000,256,0,2,0,0.00,137,0,20.01
1160,6,MTC,0.2048,256,256,2,2,0.00,137,0,20.01
1160,7,MTC,0.2048,256,256,2,2,0.00,137,0,20.01
1160,8,MTC,0.2048,256,256,2,2,0.00,137,0,20.01
1160,9,MTC,0.2048,256,256,2,2,0.00,137,0,20.01
1160,10,MTC,0.0000,256,0,2,0,0.00,137,0,20.01
1170,1,eMBB,28.1152,35144,35144,23,23,0.00,1537,0,31.16
1170,2,eMBB,0.0000,35144,0,23,0,0.00,2072530,0,31.16
1170,3,URLLC,0.0000,1014,0,13,0,0.00,333,0,33.15
1170,4,URLLC,0.0000,1014,0,13,0,0.00,333,0,33.15
1170,5,MTC,0.0000,256,0,2,0,0.00,137,0,35.69
1170,6,MTC,0.2048,256,256,2,2,0.00,137,0,35.69
1170,7,MTC,0.2048,256,256,2,2,0.00,137,0,35.69
1170,8,MTC,0.2048,256,256,2,2,0.00,137,0,35.69
1170,9,MTC,0.2048,256,256,2,2,0.00,137,0,35.69
1170,10,MTC,0.0000,256,0,2,0,0.00,137,0,35.69
1180,1,eMBB,24.4480,35144,30560,23,20,0.00,1537,0,24.68
1180,2,eMBB,0.0000,35144,0,23,0,0.00,2117271,0,24.68
1180,3,URLLC,0.0000,936,0,12,0,0.00,1071,0,40.06
1180,4,URLLC,0.0000,936,0,12,0,0.00,333,0,40.06
1180,5,MTC,0.0000,256,0,2,0,0.00,137,0,35.26
1180,6,MTC,0.2048,256,256,2,2,0.00,137,0,35.26
1180,7,MTC,0.2048,256,256,2,2,0.00,137,0,35.26
1180,8,MTC,0.2048,256,256,2,2,0.00,137,0,35.26
1180,9,MTC,0.2048,256,256,2,2,0.00,137,0,35.26
1180,10,MTC,0.0000,256,0,2,0,0.00,269,0,35.26
1190,1,eMBB,29.3376,35144,36672,23,24,0.00,5711,0,27.86
1190,2,eMBB,0.0000,35144,0,23,0,0.00,2162011,0,27.86
1190,3,URLLC,0.0000,1014,0,13,0,0.00,1399,0,34.24
1190,4,URLLC,0.5616,1014,702,13,9,0.00,2059,0,34.24
1190,5,MTC,0.0000,256,0,2,0,0.00,137,0,37.91
1190,6,MTC,0.2048,256,256,2,2,0.00,137,0,37.91
1190,7,MTC,0.2048,256,256,2,2,0.00,137,0,37.91
1190,8,MTC,0.2048,256,256,2,2,0.00,137,0,37.91
1190,9,MTC,0.2048,256,256,2,2,0.00,137,0,37.91
1190,10,MTC,0.0000,256,0,2,0,0.00,401,0,37.91
1200,1,eMBB,29.3376,35144,36672,23,24,0.00,6133,0,37.49
1200,2,eMBB,0.0000,35144,0,23,0,0.00,2173506,0,37.49
1200,3,URLLC,0.0000,936,0,12,0,0.00,1399,0,41.18
1200,4,URLLC,0.2496,936,312,12,4,0.00,333,0,41.18
1200,5,MTC,0.0000,256,0,2,0,0.00,269,0,21.33
1200,6,MTC,0.3072,256,384,2,3,0.00,137,0,21.33
1200,7,MTC,0.3072,256,384,2,3,0.00,137,0,21.33
1200,8,MTC,0.3072,256,384,2,3,0.00,137,0,21.33
1200,9,MTC,0.3072,256,384,2,3,0.00,137,0,21.33
1200,10,MTC,0.0000,256,0,2,0,0.00,137,0,21.33
1210,1,eMBB,29.3376,35144,36672,23,24,0.00,1537,0,22.60
1210,2,eMBB,0.0000,35144,0,23,0,0.00,2225191,0,22.60
1210,3,URLLC,0.0000,1014,0,13,0,0.00,497,0,41.31
1210,4,URLLC,0.0000,1014,0,13,0,0.00,87,0,41.31
1210,5,MTC,0.0000,256,0,2,0,0.00,137,0,36.09
1210,6,MTC,0.2048,256,256,2,2,0.00,137,0,36.09
1210,7,MTC,0.2048,256,256,2,2,0.00,137,0,36.09
1210,8,MTC,0.2048,256,256,2,2,0.00,137,0,36.09
1210,9,MTC,0.2048,256,256,2,2,0.00,137,0,36.09
1210,10,MTC,0.0000,256,0,2,0,0.00,137,0,36.09
1220,1,eMBB,28.1152,33616,35144,22,23,0.00,1537,0,42.10
1220,2,eMBB,0.0000,33616,0,22,0,0.00,2251825,0,42.10
1220,3,URLLC,0.0000,936,0,12,0,0.00,497,0,29.79
1220,4,URLLC,4.1184,936,5148,12,66,0.00,87,0,29.79
1220,5,MTC,0.0000,256,0,2,0,0.00,269,0,28.11
1220,6,MTC,0.2048,256,256,2,2,0.00,137,0,28.11
1220,7,MTC,0.2048,256,256,2,2,0.00,137,0,28.11
1220,8,MTC,0.2048,256,256,2,2,0.00,137,0,28.11
1220,9,MTC,0.2048,256,256,2,2,0.00,137,0,28.11
1220,10,MTC,0.0000,256,0,2,0,0.00,269,0,28.11
1230,1,eMBB,28.1152,35144,35144,23,23,0.00,1537,0,29.39
1230,2,eMBB,0.0000,35144,0,23,0,0.00,2275732,0,29.39
1230,3,URLLC,0.0000,1014,0,13,0,0.00,497,0,45.63
1230,4,URLLC,0.0000,1014,0,13,0,0.00,2055,0,45.63
1230,5,MTC,0.0000,384,0,3,0,0.00,137,0,24.97
1230,6,MTC,0.2048,384,256,3,2,0.00,137,0,24.97
1230,7,MTC,0.2048,384,256,3,2,0.00,137,0,24.97
1230,8,MTC,0.2048,384,256,3,2,0.00,137,0,24.97
1230,9,MTC,0.2048,384,256,3,2,0.00,137,0,24.97
1230,10,MTC,0.0000,384,0,3,0,0.00,269,0,24.97
1240,1,eMBB,26.8928,35144,33616,23,22,0.00,1537,0,32.20
1240,2,eMBB,0.0000,35144,0,23,0,0.00,2304059,0,32.20
1240,3,URLLC,0.0000,936,0,12,0,0.00,2793,0,27.21
1240,4,URLLC,0.0000,936,0,12,0,0.00,2055,0,27.21
1240,5,MTC,0.0000,256,0,2,0,0.00,137,0,40.59
1240,6,MTC,0.2048,256,256,2,2,0.00,137,0,40.59
1240,7,MTC,0.2048,256,256,2,2,0.00,137,0,40.59
1240,8,MTC,0.2048,256,256,2,2,0.00,137,0,40.59
1240,9,MTC,0.2048,256,256,2,2,0.00,137,0,40.59
1240,10,MTC,0.0000,256,0,2,0,0.00,137,0,40.59
1250,1,eMBB,24.4480,35144,30560,23,20,0.00,1537,0,34.67
1250,2,eMBB,0.0000,35144,0,23,0,0.00,2340587,0,34.67
1250,3,URLLC,0.0000,1014,0,13,0,0.00,1568,0,36.71
1250,4,URLLC,0.3120,1014,390,13,5,0.00,2635,0,36.71
1250,5,MTC,0.0000,256,0,2,0,0.00,137,0,28.61
1250,6,MTC,0.2048,256,256,2,2,0.00,137,0,28.61
1250,7,MTC,0.2048,256,256,2,2,0.00,137,0,28.61
1250,8,MTC,0.2048,256,256,2,2,0.00,137,0,28.61
1250,9,MTC,0.2048,256,256,2,2,0.00,137,0,28.61
1250,10,MTC,0.0000,256,0,2,0,0.00,137,0,28.61
1260,1,eMBB,29.3376,35144,36672,23,24,0.00,3393,0,34.00
1260,2,eMBB,0.0000,35144,0,23,0,0.00,2340587,0,34.00
1260,3,URLLC,0.0000,936,0,12,0,0.00,1568,0,29.32
1260,4,URLLC,0.0000,936,0,12,0,0.00,333,0,29.32
1260,5,MTC,0.0000,256,0,2,0,0.00,401,0,36.69
1260,6,MTC,0.2048,256,256,2,2,0.00,137,0,36.69
1260,7,MTC,0.2048,256,256,2,2,0.00,137,0,36.69
1260,8,MTC,0.2048,256,256,2,2,0.00,137,0,36.69
1260,9,MTC,0.2048,256,256,2,2,0.00,137,0,36.69
1260,10,MTC,0.0000,256,0,2,0,0.00,137,0,36.69
1270,1,eMBB,29.3376,35144,36672,23,24,0.00,7665,0,33.13
1270,2,eMBB,0.0000,35144,0,23,0,0.00,2407425,0,33.13
1270,3,URLLC,0.0000,1014,0,13,0,0.00,1809,0,37.38
1270,4,URLLC,0.0000,1014,0,13,0,0.00,333,0,37.38
1270,5,MTC,0.0000,256,0,2,0,0.00,137,0,29.49
1270,6,MTC,0.2048,256,256,2,2,0.00,137,0,29.49
1270,7,MTC,0.2048,256,256,2,2,0.00,137,0,29.49
1270,8,MTC,0.2048,256,256,2,2,0.00,137,0,29.49
1270,9,MTC,0.2048,256,256,2,2,0.00,137,0,29.49
1270,10,MTC,0.0000,256,0,2,0,0.00,137,0,29.49
1280,1,eMBB,29.3376,35144,36672,23,24,0.00,1537,0,27.17
1280,2,eMBB,0.0000,35144,0,23,0,0.00,2442936,0,27.17
1280,3,URLLC,0.0000,936,0,12,0,0.00,87,0,47.31
1280,4,URLLC,1.8720,936,2340,12,30,0.00,1809,0,47.31
1280,5,MTC,0.0000,256,0,2,0,0.00,137,0,25.53
1280,6,MTC,0.2048,256,256,2,2,0.00,137,0,25.53
1280,7,MTC,0.2048,256,256,2,2,0.00,137,0,25.53
1280,8,MTC,0.2048,256,256,2,2,0.00,137,0,25.53
1280,9,MTC,0.2048,256,256,2,2,0.00,137,0,25.53
1280,10,MTC,0.0000,256,0,2,0,0.00,137,0,25.53
1290,1,eMBB,28.1152,35144,35144,23,23,0.00,1537,0,40.50
1290,2,eMBB,0.0000,35144,0,23,0,0.00,2442936,0,40.50
1290,3,URLLC,0.0000,1014,0,13,0,0.00,87,0,36.16
1290,4,URLLC,0.0000,1014,0,13,0,0.00,1809,0,36.16
1290,5,MTC,0.0000,256,0,2,0,0.00,137,0,23.34
1290,6,MTC,0.2048,256,256,2,2,0.00,137,0,23.34
1290,7,MTC,0.2048,256,256,2,2,0.00,137,0,23.34
1290,8,MTC,0.2048,256,256,2,2,0.00,137,0,23.34
1290,9,MTC,0.2048,256,256,2,2,0.00,137,0,23.34
1290,10,MTC,0.0000,256,0,2,0,0.00,401,0,23.34
1300,1,eMBB,26.8928,35144,33616,23,22,0.00,1537,0,23.96
1300,2,eMBB,0.0000,35144,0,23,0,0.00,2503686,0,23.96
1300,3,URLLC,0.0000,936,0,12,0,0.00,333,0,31.32
1300,4,URLLC,2.4336,936,3042,12,39,0.00,87,0,31.32
1300,5,MTC,0.0000,256,0,2,0,0.00,137,0,44.72
1300,6,MTC,0.3072,256,384,2,3,0.00,137,0,44.72
1300,7,MTC,0.3072,256,384,2,3,0.00,137,0,44.72
1300,8,MTC,0.3072,256,384,2,3,0.00,137,0,44.72
1300,9,MTC,0.3072,256,384,2,3,0.00,137,0,44.72
1300,10,MTC,0.0000,256,0,2,0,0.00,401,0,44.72
1310,1,eMBB,25.6704,35144,32088,23,21,0.00,1537,0,29.87
1310,2,eMBB,0.0000,35144,0,23,0,0.00,2549397,0,29.87
1310,3,URLLC,0.0000,1014,0,13,0,0.00,87,0,36.61
1310,4,URLLC,0.0000,1014,0,13,0,0.00,169,0,36.61
1310,5,MTC,0.0000,256,0,2,0,0.00,137,0,33.52
1310,6,MTC,0.2048,256,256,2,2,0.00,137,0,33.52
1310,7,MTC,0.2048,256,256,2,2,0.00,137,0,33.52
1310,8,MTC,0.2048,256,256,2,2,0.00,137,0,33.52
1310,9,MTC,0.2048,256,256,2,2,0.00,137,0,33.52
1310,10,MTC,0.0000,256,0,2,0,0.00,89,0,33.52
1320,1,eMBB,26.8928,35144,33616,23,22,0.00,1537,0,40.94
1320,2,eMBB,0.0000,35144,0,23,0,0.00,2583519,0,40.94
1320,3,URLLC,0.0000,936,0,12,0,0.00,87,0,41.84
1320,4,URLLC,0.0000,936,0,12,0,0.00,1153,0,41.84
1320,5,MTC,0.0000,256,0,2,0,0.00,665,0,17.22
1320,6,MTC,0.1024,256,128,2,1,0.00,137,0,17.22
1320,7,MTC,0.1024,256,128,2,1,0.00,137,0,17.22
1320,8,MTC,0.1024,256,128,2,1,0.00,137,0,17.22
1320,9,MTC,0.1024,256,128,2,1,0.00,137,0,17.22
1320,10,MTC,0.0000,256,0,2,0,0.00,89,0,17.22
1330,1,eMBB,29.3376,35144,36672,23,24,0.00,5255,0,49.20
1330,2,eMBB,0.0000,35144,0,23,0,0.00,2618623,0,49.20
1330,3,URLLC,0.0000,1014,0,13,0,0.00,333,0,26.04
1330,4,URLLC,3.3072,1014,4134,13,53,0.00,333,0,26.04
1330,5,MTC,0.0000,256,0,2,0,0.00,269,0,24.76
1330,6,MTC,0.3072,256,384,2,3,0.00,137,0,24.76
1330,7,MTC,0.3072,256,384,2,3,0.00,137,0,24.76
1330,8,MTC,0.3072,256,384,2,3,0.00,137,0,24.76
1330,9,MTC,0.3072,256,384,2,3,0.00,137,0,24.76
1330,10,MTC,0.0000,256,0,2,0,0.00,401,0,24.76
1340,1,eMBB,29.3376,33616,36672,22,24,0.00,7665,0,35.49
1340,2,eMBB,0.0000,33616,0,22,0,0.00,2643128,0,35.49
1340,3,URLLC,0.0000,936,0,12,0,0.00,415,0,36.18
1340,4,URLLC,0.0000,936,0,12,0,0.00,333,0,36.18
1340,5,MTC,0.0000,256,0,2,0,0.00,269,0,28.34
1340,6,MTC,0.2048,256,256,2,2,0.00,137,0,28.34
1340,7,MTC,0.2048,256,256,2,2,0.00,137,0,28.34
1340,8,MTC,0.2048,256,256,2,2,0.00,137,0,28.34
1340,9,MTC,0.2048,256,256,2,2,0.00,137,0,28.34
1340,10,MTC,0.0000,256,0,2,0,0.00,269,0,28.34
1350,1,eMBB,30.5600,35144,38200,23,25,0.00,3069,0,24.48
1350,2,eMBB,0.0000,35144,0,23,0,0.00,2643128,0,24.48
1350,3,URLLC,0.0000,1014,0,13,0,0.00,87,0,31.37
1350,4,URLLC,0.0000,1014,0,13,0,0.00,333,0,31.37
1350,5,MTC,0.0000,384,0,3,0,0.00,269,0,44.15
1350,6,MTC,0.2048,384,256,3,2,0.00,137,0,44.15
1350,7,MTC,0.2048,384,256,3,2,0.00,137,0,44.15
1350,8,MTC,0.2048,384,256,3,2,0.00,137,0,44.15
1350,9,MTC,0.2048,384,256,3,2,0.00,137,0,44.15
1350,10,MTC,0.0000,384,0,3,0,0.00,401,0,44.15
1360,1,eMBB,26.8928,35144,33616,23,22,0.00,3069,0,34.48
1360,2,eMBB,0.0000,35144,0,23,0,0.00,2643128,0,34.48
1360,3,URLLC,0.0000,936,0,12,0,0.00,1153,0,37.24
1360,4,URLLC,0.0000,936,0,12,0,0.00,415,0,37.24
1360,5,MTC,0.0000,256,0,2,0,0.00,269,0,28.27
1360,6,MTC,0.2048,256,256,2,2,0.00,137,0,28.27
1360,7,MTC,0.2048,256,256,2,2,0.00,137,0,28.27
1360,8,MTC,0.2048,256,256,2,2,0.00,137,0,28.27
1360,9,MTC,0.2048,256,256,2,2,0.00,137,0,28.27
1360,10,MTC,0.0000,256,0,2,0,0.00,137,0,28.27
1370,1,eMBB,28.1152,35144,35144,23,23,0.00,1537,0,24.88
1370,2,eMBB,0.0000,35144,0,23,0,0.00,2752434,0,24.88
1370,3,URLLC,0.0000,1014,0,13,0,0.00,169,0,40.99
1370,4,URLLC,0.0000,1014,0,13,0,0.00,415,0,40.99
1370,5,MTC,0.0000,256,0,2,0,0.00,137,0,34.12
1370,6,MTC,0.2048,256,256,2,2,0.00,137,0,34.12
1370,7,MTC,0.2048,256,256,2,2,0.00,137,0,34.12
1370,8,MTC,0.2048,256,256,2,2,0.00,137,0,34.12
1370,9,MTC,0.2048,256,256,2,2,0.00,137,0,34.12
1370,10,MTC,0.0000,256,0,2,0,0.00,269,0,34.12
1380,1,eMBB,26.8928,35144,33616,23,22,0.00,1537,0,32.94
1380,2,eMBB,0.0000,35144,0,23,0,0.00,2785231,0,32.94
1380,3,URLLC,0.0000,936,0,12,0,0.00,1235,0,42.14
1380,4,URLLC,0.0000,936,0,12,0,0.00,415,0,42.14
1380,5,MTC,0.0000,256,0,2,0,0.00,137,0,24.92
1380,6,MTC,0.2048,256,256,2,2,0.00,137,0,24.92
1380,7,MTC,0.2048,256,256,2,2,0.00,137,0,24.92
1380,8,MTC,0.2048,256,256,2,2,0.00,137,0,24.92
1380,9,MTC,0.2048,256,256,2,2,0.00,137,0,24.92
1380,10,MTC,0.0000,256,0,2,0,0.00,269,0,24.92
1390,1,eMBB,25.6704,35144,32088,23,21,0.00,3069,0,31.39
1390,2,eMBB,0.0000,35144,0,23,0,0.00,2803288,0,31.39
1390,3,URLLC,0.0000,1014,0,13,0,0.00,1716,0,38.09
1390,4,URLLC,0.0000,1014,0,13,0,0.00,415,0,38.09
1390,5,MTC,0.0000,256,0,2,0,0.00,137,0,30.52
1390,6,MTC,0.2048,256,256,2,2,0.00,137,0,30.52
1390,7,MTC,0.2048,256,256,2,2,0.00,137,0,30.52
1390,8,MTC,0.2048,256,256,2,2,0.00,137,0,30.52
1390,9,MTC,0.2048,256,256,2,2,0.00,137,0,30.52
1390,10,MTC,0.0000,256,0,2,0,0.00,401,0,30.52
1400,1,eMBB,29.3376,35144,36672,23,24,0.00,3069,0,33.08
1400,2,eMBB,0.0000,35144,0,23,0,0.00,2829527,0,33.08
1400,3,URLLC,0.0000,936,0,12,0,0.00,1716,0,40.96
1400,4,URLLC,0.0000,936,0,12,0,0.00,415,0,40.96
1400,5,MTC,0.0000,256,0,2,0,0.00,137,0,25.96
1400,6,MTC,0.2048,256,256,2,2,0.00,137,0,25.96
1400,7,MTC,0.2048,256,256,2,2,0.00,137,0,25.96
1400,8,MTC,0.2048,256,256,2,2,0.00,137,0,25.96
1400,9,MTC,0.2048,256,256,2,2,0.00,137,0,25.96
1400,10,MTC,0.0000,256,0,2,0,0.00,137,0,25.96
1410,1,eMBB,29.3376,35144,36672,23,24,0.00,6133,0,24.95
1410,2,eMBB,0.0000,35144,0,23,0,0.00,2871583,0,24.95
1410,3,URLLC,0.0000,1014,0,13,0,0.00,1716,0,53.64
1410,4,URLLC,0.0000,1014,0,13,0,0.00,2547,0,53.64
1410,5,MTC,0.0000,256,0,2,0,0.00,137,0,21.40
1410,6,MTC,0.2048,256,256,2,2,0.00,137,0,21.40
1410,7,MTC,0.2048,256,256,2,2,0.00,137,0,21.40
1410,8,MTC,0.2048,256,256,2,2,0.00,137,0,21.40
1410,9,MTC,0.2048,256,256,2,2,0.00,137,0,21.40
1410,10,MTC,0.0000,256,0,2,0,0.00,269,0,21.40
1420,1,eMBB,29.3376,35144,36672,23,24,0.00,1537,0,35.07
1420,2,eMBB,0.0000,35144,0,23,0,0.00,2873372,0,35.07
1420,3,URLLC,0.0000,936,0,12,0,0.00,1716,0,37.37
1420,4,URLLC,0.0000,936,0,12,0,0.00,333,0,37.37
1420,5,MTC,0.0000,256,0,2,0,0.00,137,0,27.57
1420,6,MTC,0.3072,256,384,2,3,0.00,137,0,27.57
1420,7,MTC,0.3072,256,384,2,3,0.00,137,0,27.57
1420,8,MTC,0.3072,256,384,2,3,0.00,137,0,27.57
1420,9,MTC,0.3072,256,384,2,3,0.00,137,0,27.57
1420,10,MTC,0.0000,256,0,2,0,0.00,137,0,27.57
1430,1,eMBB,28.1152,35144,35144,23,23,0.00,1537,0,38.30
1430,2,eMBB,0.0000,35144,0,23,0,0.00,2918197,0,38.30
1430,3,URLLC,0.0000,1014,0,13,0,0.00,1634,0,27.28
1430,4,URLLC,6.1776,1014,7722,13,99,0.00,1071,0,27.28
1430,5,MTC,0.0000,256,0,2,0,0.00,269,0,34.42
1430,6,MTC,0.2048,256,256,2,2,0.00,137,0,34.42
1430,7,MTC,0.2048,256,256,2,2,0.00,137,0,34.42
1430,8,MTC,0.2048,256,256,2,2,0.00,137,0,34.42
1430,9,MTC,0.2048,256,256,2,2,0.00,137,0,34.42
1430,10,MTC,0.0000,256,0,2,0,0.00,137,0,34.42
1440,1,eMBB,28.1152,35144,35144,23,23,0.00,1537,0,32.18
1440,2,eMBB,0.0000,35144,0,23,0,0.00,2965611,0,32.18
1440,3,URLLC,0.0000,936,0,12,0,0.00,1804,0,32.78
1440,4,URLLC,0.0000,936,0,12,0,0.00,1306,0,32.78
1440,5,MTC,0.0000,256,0,2,0,0.00,269,0,35.04
1440,6,MTC,0.2048,256,256,2,2,0.00,137,0,35.04
1440,7,MTC,0.2048,256,256,2,2,0.00,137,0,35.04
1440,8,MTC,0.2048,256,256,2,2,0.00,137,0,35.04
1440,9,MTC,0.2048,256,256,2,2,0.00,137,0,35.04
1440,10,MTC,0.0000,256,0,2,0,0.00,269,0,35.04
1450,1,eMBB,26.8928,35144,33616,23,22,0.00,1537,0,40.07
1450,2,eMBB,0.0000,35144,0,23,0,0.00,2974291,0,40.07
1450,3,URLLC,0.0000,1014,0,13,0,0.00,1804,0,24.11
1450,4,URLLC,0.0000,1014,0,13,0,0.00,1306,0,24.11
1450,5,MTC,0.0000,256,0,2,0,0.00,269,0,35.82
1450,6,MTC,0.2048,256,256,2,2,0.00,137,0,35.82
1450,7,MTC,0.2048,256,256,2,2,0.00,137,0,35.82
1450,8,MTC,0.2048,256,256,2,2,0.00,137,0,35.82
1450,9,MTC,0.2048,256,256,2,2,0.00,137,0,35.82
1450,10,MTC,0.0000,256,0,2,0,0.00,137,0,35.82
1460,1,eMBB,24.4480,33616,30560,22,20,0.00,1537,0,25.29
1460,2,eMBB,0.0000,33616,0,22,0,0.00,3006756,0,25.29
1460,3,URLLC,0.0000,936,0,12,0,0.00,497,0,53.13
1460,4,URLLC,2.7456,936,3432,12,44,0.00,2720,0,53.13
1460,5,MTC,0.0000,256,0,2,0,0.00,269,0,21.58
1460,6,MTC,0.2048,256,256,2,2,0.00,137,0,21.58
1460,7,MTC,0.2048,256,256,2,2,0.00,137,0,21.58
1460,8,MTC,0.2048,256,256,2,2,0.00,137,0,21.58
1460,9,MTC,0.2048,256,256,2,2,0.00,137,0,21.58
1460,10,MTC,0.0000,256,0,2,0,0.00,269,0,21.58
1470,1,eMBB,29.3376,35144,36672,23,24,0.00,4845,0,36.16
1470,2,eMBB,0.0000,35144,0,23,0,0.00,3054292,0,36.16
1470,3,URLLC,0.0000,1014,0,13,0,0.00,579,0,32.41
1470,4,URLLC,0.3120,1014,390,13,5,0.00,1071,0,32.41
1470,5,MTC,0.0000,384,0,3,0,0.00,797,0,31.42
1470,6,MTC,0.2048,384,256,3,2,0.00,137,0,31.42
1470,7,MTC,0.2048,384,256,3,2,0.00,137,0,31.42
1470,8,MTC,0.2048,384,256,3,2,0.00,137,0,31.42
1470,9,MTC,0.2048,384,256,3,2,0.00,137,0,31.42
1470,10,MTC,0.0000,384,0,3,0,0.00,137,0,31.42
1480,1,eMBB,29.3376,35144,36672,23,24,0.00,7665,0,40.03
1480,2,eMBB,0.0000,35144,0,23,0,0.00,3087257,0,40.03
1480,3,URLLC,0.0000,936,0,12,0,0.00,1481,0,32.73
1480,4,URLLC,0.0000,936,0,12,0,0.00,333,0,32.73
1480,5,MTC,0.0000,256,0,2,0,0.00,137,0,27.24
1480,6,MTC,0.2048,256,256,2,2,0.00,137,0,27.24
1480,7,MTC,0.2048,256,256,2,2,0.00,137,0,27.24
1480,8,MTC,0.2048,256,256,2,2,0.00,137,0,27.24
1480,9,MTC,0.2048,256,256,2,2,0.00,137,0,27.24
1480,10,MTC,0.0000,256,0,2,0,0.00,137,0,27.24
1490,1,eMBB,29.3376,35144,36672,23,24,0.00,1537,0,36.43
1490,2,eMBB,0.0000,35144,0,23,0,0.00,3100091,0,36.43
1490,3,URLLC,0.0000,1014,0,13,0,0.00,333,0,27.13
1490,4,URLLC,1.0608,1014,1326,13,17,0.00,251,0,27.13
1490,5,MTC,0.0000,256,0,2,0,0.00,137,0,36.43
1490,6,MTC,0.2048,256,256,2,2,0.00,137,0,36.43
1490,7,MTC,0.2048,256,256,2,2,0.00,137,0,36.43
1490,8,MTC,0.2048,256,256,2,2,0.00,137,0,36.43
1490,9,MTC,0.2048,256,256,2,2,0.00,137,0,36.43
1490,10,MTC,0.0000,256,0,2,0,0.00,137,0,36.43
1500,1,eMBB,28.1152,35144,35144,23,23,0.00,1537,0,30.54
1500,2,eMBB,0.0000,35144,0,23,0,0.00,3148356,0,30.54
1500,3,URLLC,0.0000,936,0,12,0,0.00,87,0,37.72
1500,4,URLLC,0.0000,936,0,12,0,0.00,333,0,37.72
1500,5,MTC,0.0000,256,0,2,0,0.00,269,0,31.74
1500,6,MTC,0.2048,256,256,2,2,0.00,137,0,31.74
1500,7,MTC,0.2048,256,256,2,2,0.00,137,0,31.74
1500,8,MTC,0.2048,256,256,2,2,0.00,137,0,31.74
1500,9,MTC,0.2048,256,256,2,2,0.00,137,0,31.74
1500,10,MTC,0.0000,256,0,2,0,0.00,137,0,31.74
1510,1,eMBB,28.1152,35144,35144,23,23,0.00,1537,0,31.34
1510,2,eMBB,0.0000,35144,0,23,0,0.00,3190646,0,31.34
1510,3,URLLC,0.0000,1014,0,13,0,0.00,333,0,49.16
1510,4,URLLC,0.0000,1014,0,13,0,0.00,333,0,49.16
1510,5,MTC,0.0000,256,0,2,0,0.00,269,0,19.50
1510,6,MTC,0.2048,256,256,2,2,0.00,137,0,19.50
1510,7,MTC,0.2048,256,256,2,2,0.00,137,0,19.50
1510,8,MTC,0.2048,256,256,2,2,0.00,137,0,19.50
1510,9,MTC,0.2048,256,256,2,2,0.00,137,0,19.50
1510,10,MTC,0.0000,256,0,2,0,0.00,401,0,19.50
