timestamp,ueImsi,sliceId,dTxBytes,dRxBytes,plr,resourceSharePct,dLostPackets,throughputMbps,bufferBytes
560,1,0,24448,3056,87.50,21.66,14,2.4448,129659
560,2,0,24448,3056,87.50,21.66,14,2.4448,129700
560,3,0,24448,3056,87.50,21.66,14,2.4448,129715
560,4,0,24448,3056,87.50,21.66,14,2.4448,129637
560,5,0,24448,3056,87.50,21.66,14,2.4448,129612
560,6,1,780,702,10.00,65.00,1,0.5616,87
560,7,1,780,702,10.00,65.00,1,0.5616,87
560,8,1,780,702,10.00,65.00,1,0.5616,87
560,9,1,780,702,10.00,65.00,1,0.5616,87
560,10,1,780,702,10.00,65.00,1,0.5616,87
560,11,2,16000,768,95.20,13.33,119,0.6144,90460
560,12,2,16000,640,96.00,13.33,120,0.5120,90406
560,13,2,16000,768,95.20,13.33,119,0.6144,90469
560,14,2,16000,768,95.20,13.33,119,0.6144,90445
560,15,2,16000,768,95.20,13.33,119,0.6144,90452
560,16,2,16000,896,94.40,13.33,118,0.7168,90457
560,17,2,16000,896,94.40,13.33,118,0.7168,90471
560,18,2,16000,896,94.40,13.33,118,0.7168,90471
560,19,2,16000,896,94.40,13.33,118,0.7168,90455
560,20,2,16000,768,95.20,13.33,119,0.6144,90373
