timestamp,ueImsi,sliceId,dTxBytes,dRxBytes,plr,resourceSharePct,dLostPackets,throughputMbps,bufferBytes
640,1,0,25976,1528,94.12,23.51,16,1.2224,319196
640,2,0,25976,1528,94.12,23.51,16,1.2224,319204
640,3,0,25976,1528,94.12,23.51,16,1.2224,319073
640,4,0,25976,1528,94.12,23.51,16,1.2224,319091
640,5,0,25976,1528,94.12,23.51,16,1.2224,319199
640,6,1,390,468,0.00,48.56,0,0.3744,87
640,7,1,390,468,0.00,48.56,0,0.3744,87
640,8,1,390,468,0.00,48.56,0,0.3744,87
640,9,1,390,468,0.00,48.56,0,0.3744,87
640,10,1,390,468,0.00,48.56,0,0.3744,87
640,11,2,16000,1152,92.80,27.94,116,0.9216,213647
640,12,2,16000,1024,93.60,27.94,117,0.8192,213601
640,13,2,16000,1024,93.60,27.94,117,0.8192,213538
640,14,2,16000,1024,93.60,27.94,117,0.8192,213523
640,15,2,16000,896,94.40,27.94,118,0.7168,213588
640,16,2,16000,1024,93.60,27.94,117,0.8192,213619
640,17,2,16000,896,94.40,27.94,118,0.7168,213580
640,18,2,16000,896,94.40,27.94,118,0.7168,213589
640,19,2,16000,896,94.40,27.94,118,0.7168,213562
640,20,2,16000,896,94.40,27.94,118,0.7168,213587
