timestamp,ueImsi,sliceId,dTxBytes,dRxBytes,plr,resourceSharePct,dLostPackets,throughputMbps,bufferBytes,dlBufferBytes,ulBufferBytes,macBufferBytes,congestionPct,lastDrlActionStatus
9900,1,0,128736,0,100.00,39.96,112,0.0000,1199392,68393,1199392,1267785,12.09,applied
9900,2,0,128736,57716,58.04,39.96,65,4.6173,1200005,68381,1200005,1268386,12.10,applied
9900,3,0,128736,93328,32.14,39.96,36,7.4662,1200005,68381,1200005,1268386,12.10,applied
9900,4,0,128736,0,100.00,39.96,112,0.0000,34,68381,34,68415,0.65,applied
9900,5,0,128736,0,100.00,39.96,112,0.0000,34,68381,34,68415,0.65,applied
9900,6,1,0,0,0.00,30.16,0,0.0000,34,0,34,34,0.00,applied
9900,7,1,0,0,0.00,30.16,0,0.0000,34,0,34,34,0.00,applied
9900,8,1,0,0,0.00,30.16,0,0.0000,34,0,34,34,0.00,applied
9900,9,1,0,0,0.00,30.16,0,0.0000,34,0,34,34,0.00,applied
9900,10,1,0,0,0.00,30.16,0,0.0000,34,0,34,34,0.00,applied
9900,11,1,0,0,0.00,30.16,0,0.0000,34,0,34,34,0.00,applied
9900,12,1,0,0,0.00,30.16,0,0.0000,34,0,34,34,0.00,applied
9900,13,1,0,0,0.00,30.16,0,0.0000,34,0,34,34,0.00,applied
9900,14,2,65200,940,90.00,29.88,45,0.0752,4217823,4217823,51,4217874,40.22,applied
9900,15,2,65200,0,100.00,29.88,50,0.0000,4217797,4217797,51,4217848,40.22,applied
9900,16,2,65200,752,92.00,29.88,46,0.0602,4217823,4217823,51,4217874,40.22,applied
9900,17,2,65200,0,100.00,29.88,50,0.0000,4218965,4218965,51,4219016,40.24,applied
9900,18,2,65200,0,100.00,29.88,50,0.0000,4217823,4217823,51,4217874,40.22,applied
