timestamp,ueImsi,sliceId,dTxBytes,dRxBytes,plr,resourceSharePct,dLostPackets,throughputMbps,bufferBytes
1510,1,0,18336,15280,16.67,35.29,2,12.2240,2224
1510,2,0,18336,0,100.00,35.29,12,0.0000,1680429
1510,3,0,18336,0,100.00,35.29,12,0.0000,1688542
1510,4,0,18336,16808,8.33,35.29,1,13.4464,978
1510,5,0,18336,1528,91.67,35.29,11,1.2224,1684479
1510,6,1,390,390,0.00,39.58,0,0.3120,87
1510,7,1,390,390,0.00,39.58,0,0.3120,87
1510,8,1,390,390,0.00,39.58,0,0.3120,87
1510,9,1,390,390,0.00,39.58,0,0.3120,87
1510,10,1,390,0,100.00,39.58,5,0.0000,24646
1510,11,2,384,256,33.33,25.13,1,0.2048,137
1510,12,2,384,256,33.33,25.13,1,0.2048,137
1510,13,2,384,0,100.00,25.13,3,0.0000,1473
1510,14,2,384,512,0.00,25.13,0,0.4096,137
1510,15,2,384,0,100.00,25.13,3,0.0000,1908
1510,16,2,384,0,100.00,25.13,3,0.0000,6510
1510,17,2,384,0,100.00,25.13,3,0.0000,137
1510,18,2,384,0,100.00,25.13,3,0.0000,137
1510,19,2,384,256,33.33,25.13,1,0.2048,137
1510,20,2,384,256,33.33,25.13,1,0.2048,137
