timestamp,sliceId,dedicatedPRB,minPRB,maxPRB
510,0,27.264615059991876,27.264615059991876,100.0
510,1,31.17202473145142,31.17202473145142,100.0
510,2,41.5633602085567,41.5633602085567,100.0
520,0,39.95101747596751,39.95101747596751,100.0
520,1,34.4841588294131,34.4841588294131,100.0
520,2,25.5648236946194,25.5648236946194,100.0
530,0,24.997511061394782,24.997511061394782,100.0
530,1,39.44246091385321,39.44246091385321,100.0
530,2,35.560028024752,35.560028024752,100.0
540,0,32.745482207005274,32.745482207005274,100.0
540,1,33.296321021390355,33.296321021390355,100.0
540,2,33.958196771604385,33.958196771604385,100.0
550,0,24.934934229069448,24.934934229069448,100.0
550,1,27.258883524447793,27.258883524447793,100.0
550,2,47.806182246482756,47.806182246482756,100.0
