timestamp,ueImsi,sliceId,dTxBytes,dRxBytes,plr,resourceSharePct,dLostPackets,throughputMbps,bufferBytes,dlBufferBytes,ulBufferBytes,macBufferBytes,congestionPct,lastDrlActionStatus
9900,1,0,193616,10464,92.44,35.34,159,0.8371,1200005,183379,1200005,1383384,13.19,applied
9900,2,0,193616,640,97.09,35.34,167,0.0512,1200005,183382,1200005,1383387,13.19,applied
9900,3,0,193616,66952,65.70,35.34,113,5.3562,1199283,183381,1199283,1382664,13.19,applied
9900,4,0,193616,512,97.67,35.34,168,0.0410,1200005,186351,1200005,1386356,13.22,applied
9900,5,0,193616,8008,93.60,35.34,161,0.6406,1200005,183376,1200005,1383381,13.19,applied
9900,6,1,0,0,0.00,29.80,0,0.0000,34,0,34,34,0.00,applied
9900,7,1,0,0,0.00,29.80,0,0.0000,34,0,34,34,0.00,applied
9900,8,1,0,0,0.00,29.80,0,0.0000,34,0,34,34,0.00,applied
9900,9,1,0,0,0.00,29.80,0,0.0000,34,0,34,34,0.00,applied
9900,10,1,0,0,0.00,29.80,0,0.0000,34,0,34,34,0.00,applied
9900,11,1,0,0,0.00,29.80,0,0.0000,34,0,34,34,0.00,applied
9900,12,1,0,0,0.00,29.80,0,0.0000,34,0,34,34,0.00,applied
9900,13,1,0,0,0.00,29.80,0,0.0000,34,0,34,34,0.00,applied
9900,14,2,65200,0,100.00,34.86,50,0.0000,5995858,5995858,51,5995909,57.18,applied
9900,15,2,65200,0,100.00,34.86,50,0.0000,5996064,5996064,34,5996098,57.18,applied
9900,16,2,65200,0,100.00,34.86,50,0.0000,5995863,5995863,51,5995914,57.18,applied
9900,17,2,65200,0,100.00,34.86,50,0.0000,5998481,5998481,51,5998532,57.21,applied
9900,18,2,65200,0,100.00,34.86,50,0.0000,5995863,5995863,51,5995914,57.18,applied
9900,19,2,65200,940,90.00,34.86,45,0.0752,5995861,5995861,51,5995912,57.18,applied
9900,20,2,65200,940,90.00,34.86,45,0.0752,5995861,5995861,51,5995912,57.18,applied
9900,21,2,65200,0,100.00,34.86,50,0.0000,5996517,5996517,51,5996568,57.19,applied
9900,22,2,65200,0,100.00,34.86,50,0.0000,5997359,5997359,51,5997410,57.20,applied
9900,23,2,65200,0,100.00,34.86,50,0.0000,5995858,5995858,51,5995909,57.18,applied
9900,24,2,65200,940,90.00,34.86,45,0.0752,5995866,5995866,51,5995917,57.18,applied
9900,25,2,65200,0,100.00,34.86,50,0.0000,5995866,5995866,51,5995917,57.18,applied
9900,26,2,65200,0,100.00,34.86,50,0.0000,5995859,5995859,51,5995910,57.18,applied
9900,27,2,65200,0,100.00,34.86,50,0.0000,5995968,5995968,51,5996019,57.18,applied
9900,28,2,65200,0,100.00,34.86,50,0.0000,5995938,5995938,51,5995989,57.18,applied
9900,29,2,65200,0,100.00,34.86,50,0.0000,5998241,5998241,51,5998292,57.20,applied
9900,30,2,65200,0,100.00,34.86,50,0.0000,5995862,5995862,51,5995913,57.18,applied
9900,31,2,65200,940,90.00,34.86,45,0.0752,5995864,5995864,51,5995915,57.18,applied
9900,32,2,65200,0,100.00,34.86,50,0.0000,5995864,5995864,51,5995915,57.18,applied
9900,33,2,65200,0,100.00,34.86,50,0.0000,5997741,5997741,51,5997792,57.20,applied
