timestamp,ueImsi,sliceId,dTxBytes,dRxBytes,plr,resourceSharePct,dLostPackets,throughputMbps,bufferBytes
1510,1,0,35144,21392,39.13,16.66,9,17.1136,522378
1510,2,0,35144,10696,69.57,16.66,16,8.5568,1764243
1510,3,1,1014,0,100.00,50.00,13,0.0000,87
1510,4,1,1014,936,7.69,50.00,1,0.7488,87
1510,5,2,256,0,100.00,33.34,2,0.0000,137
1510,6,2,256,2944,0.00,33.34,0,2.3552,137
1510,7,2,256,256,0.00,33.34,0,0.2048,137
1510,8,2,256,0,100.00,33.34,2,0.0000,137
1510,9,2,256,0,100.00,33.34,2,0.0000,137
1510,10,2,256,256,0.00,33.34,0,0.2048,137
