timestamp,ueImsi,sliceId,dTxBytes,dRxBytes,plr,resourceSharePct,dLostPackets,throughputMbps,bufferBytes
1510,1,0,18336,22920,0.00,51.66,0,18.3360,84612
1510,2,0,18336,16808,8.33,51.66,1,13.4464,637699
1510,3,0,18336,3056,83.33,51.66,10,2.4448,437758
1510,4,0,18336,9168,50.00,51.66,6,7.3344,1139010
1510,5,0,18336,0,100.00,51.66,12,0.0000,1729353
1510,6,1,390,0,100.00,25.00,5,0.0000,333
1510,7,1,390,390,0.00,25.00,0,0.3120,87
1510,8,1,390,234,40.00,25.00,2,0.1872,169
1510,9,1,390,0,100.00,25.00,5,0.0000,661
1510,10,1,390,390,0.00,25.00,0,0.3120,87
1510,11,2,384,256,33.33,23.34,1,0.2048,28
1510,12,2,384,0,100.00,23.34,3,0.0000,137
1510,13,2,384,256,33.33,23.34,1,0.2048,137
1510,14,2,384,0,100.00,23.34,3,0.0000,267
1510,15,2,384,256,33.33,23.34,1,0.2048,137
1510,16,2,384,256,33.33,23.34,1,0.2048,137
1510,17,2,384,2176,0.00,23.34,0,1.7408,137
1510,18,2,384,0,100.00,23.34,3,0.0000,137
1510,19,2,384,256,33.33,23.34,1,0.2048,137
1510,20,2,384,256,33.33,23.34,1,0.2048,137
