timestamp,ueImsi,sliceId,dTxBytes,dRxBytes,plr,resourceSharePct,dLostPackets,throughputMbps,bufferBytes
1510,1,0,35144,21392,39.13,16.67,9,17.1136,433456
1510,2,0,35144,12224,65.22,16.67,15,9.7792,1720117
1510,3,1,1014,78,92.31,35.00,12,0.0624,251
1510,4,1,1014,936,7.69,35.00,1,0.7488,87
1510,5,2,256,0,100.00,48.34,2,0.0000,269
1510,6,2,256,384,0.00,48.34,0,0.3072,137
1510,7,2,256,256,0.00,48.34,0,0.2048,137
1510,8,2,256,0,100.00,48.34,2,0.0000,137
1510,9,2,256,0,100.00,48.34,2,0.0000,401
1510,10,2,256,256,0.00,48.34,0,0.2048,137
