timestamp,sliceId,dedicatedPRB,minPRB,maxPRB
510,0,36.01596230829648,36.01596230829648,100.0
510,1,43.69617755678984,43.69617755678984,100.0
510,2,20.287860134913675,20.287860134913675,100.0
520,0,34.99369180451053,34.99369180451053,100.0
520,1,32.847432528058576,32.847432528058576,100.0
520,2,32.158875667430905,32.158875667430905,100.0
530,0,26.112528889617494,26.112528889617494,100.0
530,1,45.317139000041244,45.317139000041244,100.0
530,2,28.57033211034127,28.57033211034127,100.0
540,0,23.149889986483487,23.149889986483487,100.0
540,1,40.214622787520476,40.214622787520476,100.0
540,2,36.635487225996044,36.635487225996044,100.0
550,0,23.99930340985875,23.99930340985875,100.0
550,1,49.185222361477834,49.185222361477834,100.0
550,2,26.815474228663422,26.815474228663422,100.0
560,0,45.809270870751476,45.809270870751476,100.0
560,1,25.862402859399126,25.862402859399126,100.0
560,2,28.328326269849402,28.328326269849402,100.0
570,0,29.803291229877715,29.803291229877715,100.0
570,1,32.73759724932641,32.73759724932641,100.0
570,2,37.45911152079587,37.45911152079587,100.0
580,0,36.73929495770547,36.73929495770547,100.0
580,1,31.018022632078523,31.018022632078523,100.0
580,2,32.242682410216005,32.242682410216005,100.0
590,0,38.292393103276474,38.292393103276474,100.0
590,1,26.889910401582906,26.889910401582906,100.0
590,2,34.81769649514062,34.81769649514062,100.0
600,0,25.034655596367895,25.034655596367895,100.0
600,1,30.067062928187564,30.067062928187564,100.0
600,2,44.89828147544455,44.89828147544455,100.0
610,0,31.948839457579624,31.948839457579624,100.0
610,1,38.42847132782073,38.42847132782073,100.0
610,2,29.622689214599653,29.622689214599653,100.0
620,0,30.458222673068867,30.458222673068867,100.0
620,1,41.560188502358805,41.560188502358805,100.0
620,2,27.981588824572324,27.981588824572324,100.0
630,0,25.990520173202224,25.990520173202224,100.0
630,1,48.033333063876306,48.033333063876306,100.0
630,2,25.976146762921477,25.976146762921477,100.0
640,0,46.57243654310961,46.57243654310961,100.0
640,1,27.724841500059803,27.724841500059803,100.0
640,2,25.702721956830594,25.702721956830594,100.0
650,0,41.352217447352515,41.352217447352515,100.0
650,1,27.693851147929383,27.693851147929383,100.0
650,2,30.953931404718094,30.953931404718094,100.0
660,0,35.44565147470422,35.44565147470422,100.0
660,1,40.48670652115024,40.48670652115024,100.0
660,2,24.067642004145544,24.067642004145544,100.0
670,0,45.35760797117048,45.35760797117048,100.0
670,1,28.213911426721626,28.213911426721626,100.0
670,2,26.428480602107896,26.428480602107896,100.0
680,0,37.101023452526675,37.101023452526675,100.0
680,1,44.67651535302183,44.67651535302183,100.0
680,2,18.222461194451494,18.222461194451494,100.0
690,0,33.62856762087477,33.62856762087477,100.0
690,1,25.21223705730523,25.21223705730523,100.0
690,2,41.15919532181999,41.15919532181999,100.0
700,0,32.87575198235575,32.87575198235575,100.0
700,1,43.56881315967057,43.56881315967057,100.0
700,2,23.55543485797368,23.55543485797368,100.0
710,0,39.23659388461231,39.23659388461231,100.0
710,1,27.255811214974624,27.255811214974624,100.0
710,2,33.50759490041306,33.50759490041306,100.0
720,0,31.158258686685482,31.158258686685482,100.0
720,1,33.491319578295496,33.491319578295496,100.0
720,2,35.35042173501902,35.35042173501902,100.0
730,0,40.191211940097645,40.191211940097645,100.0
730,1,33.08861926198744,33.08861926198744,100.0
730,2,26.720168797914923,26.720168797914923,100.0
740,0,28.99527707257002,28.99527707257002,100.0
740,1,29.285177772431208,29.285177772431208,100.0
740,2,41.71954515499877,41.71954515499877,100.0
750,0,22.456687311891354,22.456687311891354,100.0
750,1,45.51319677581206,45.51319677581206,100.0
750,2,32.03011591229659,32.03011591229659,100.0
760,0,30.553532397352747,30.553532397352747,100.0
760,1,39.85056193353418,39.85056193353418,100.0
760,2,29.59590566911307,29.59590566911307,100.0
770,0,32.02712851095025,32.02712851095025,100.0
770,1,38.38370004063397,38.38370004063397,100.0
770,2,29.589171448415787,29.589171448415787,100.0
780,0,28.254045801891998,28.254045801891998,100.0
780,1,32.241951434507016,32.241951434507016,100.0
780,2,39.50400276360099,39.50400276360099,100.0
790,0,24.265297447353586,24.265297447353586,100.0
790,1,44.04947260866404,44.04947260866404,100.0
790,2,31.685229943982385,31.685229943982385,100.0
800,0,41.10889452444927,41.10889452444927,100.0
800,1,40.84770517616688,40.84770517616688,100.0
800,2,18.043400299383848,18.043400299383848,100.0
810,0,43.45724766785071,43.45724766785071,100.0
810,1,32.56135227626421,32.56135227626421,100.0
810,2,23.98140005588509,23.98140005588509,100.0
820,0,39.26730263196917,39.26730263196917,100.0
820,1,26.786425644905005,26.786425644905005,100.0
820,2,33.94627172312582,33.94627172312582,100.0
830,0,49.197423936187754,49.197423936187754,100.0
830,1,24.651687174258193,24.651687174258193,100.0
830,2,26.150888889554047,26.150888889554047,100.0
840,0,35.84230408926503,35.84230408926503,100.0
840,1,25.719417347426443,25.719417347426443,100.0
840,2,38.43827856330854,38.43827856330854,100.0
850,0,37.17508685417551,37.17508685417551,100.0
850,1,33.2662885331802,33.2662885331802,100.0
850,2,29.55862461264429,29.55862461264429,100.0
860,0,36.32347004108802,36.32347004108802,100.0
860,1,39.60695782526298,39.60695782526298,100.0
860,2,24.069572133648993,24.069572133648993,100.0
870,0,27.247101774835098,27.247101774835098,100.0
870,1,29.40889820788578,29.40889820788578,100.0
870,2,43.34400001727913,43.34400001727913,100.0
880,0,27.221668205928108,27.221668205928108,100.0
880,1,26.906601340628004,26.906601340628004,100.0
880,2,45.871730453443895,45.871730453443895,100.0
890,0,32.70100982474028,32.70100982474028,100.0
890,1,36.82034336807537,36.82034336807537,100.0
890,2,30.47864680718435,30.47864680718435,100.0
900,0,27.44494225895147,27.44494225895147,100.0
900,1,41.57505853251291,41.57505853251291,100.0
900,2,30.97999920853562,30.97999920853562,100.0
910,0,38.53246965332816,38.53246965332816,100.0
910,1,33.07239583292249,33.07239583292249,100.0
910,2,28.395134513749355,28.395134513749355,100.0
920,0,33.0368131246132,33.0368131246132,100.0
920,1,42.70445850657223,42.70445850657223,100.0
920,2,24.258728368814573,24.258728368814573,100.0
930,0,41.44032563601113,41.44032563601113,100.0
930,1,37.38715334681738,37.38715334681738,100.0
930,2,21.172521017171498,21.172521017171498,100.0
940,0,47.88874572528291,47.88874572528291,100.0
940,1,28.29876012346198,28.29876012346198,100.0
940,2,23.812494151255102,23.812494151255102,100.0
950,0,38.1767297463012,38.1767297463012,100.0
950,1,43.44651249289859,43.44651249289859,100.0
950,2,18.37675776080021,18.37675776080021,100.0
960,0,38.02256802533993,38.02256802533993,100.0
960,1,29.714056695633605,29.714056695633605,100.0
960,2,32.26337527902646,32.26337527902646,100.0
970,0,41.94528781964515,41.94528781964515,100.0
970,1,33.9476644491502,33.9476644491502,100.0
970,2,24.107047731204645,24.107047731204645,100.0
980,0,32.77040039509639,32.77040039509639,100.0
980,1,45.9477386981311,45.9477386981311,100.0
980,2,21.281860906772515,21.281860906772515,100.0
990,0,40.577273551279816,40.577273551279816,100.0
990,1,40.25695740592201,40.25695740592201,100.0
990,2,19.165769042798175,19.165769042798175,100.0
1000,0,36.683911323510166,36.683911323510166,100.0
1000,1,40.933060175079575,40.933060175079575,100.0
1000,2,22.38302850141025,22.38302850141025,100.0
1010,0,45.81909873008059,45.81909873008059,100.0
1010,1,34.54532685991132,34.54532685991132,100.0
1010,2,19.63557441000809,19.63557441000809,100.0
1020,0,38.523173749690336,38.523173749690336,100.0
1020,1,41.894167187062855,41.894167187062855,100.0
1020,2,19.58265906324681,19.58265906324681,100.0
1030,0,51.514286991122916,51.514286991122916,100.0
1030,1,28.717705089195523,28.717705089195523,100.0
1030,2,19.768007919681565,19.768007919681565,100.0
1040,0,46.65422797172686,46.65422797172686,100.0
1040,1,31.504878470637966,31.504878470637966,100.0
1040,2,21.84089355763518,21.84089355763518,100.0
1050,0,34.18170673854707,34.18170673854707,100.0
1050,1,39.24089773668877,39.24089773668877,100.0
1050,2,26.577395524764157,26.577395524764157,100.0
1060,0,33.29781602315717,33.29781602315717,100.0
1060,1,32.08608821116421,32.08608821116421,100.0
1060,2,34.61609576567862,34.61609576567862,100.0
1070,0,43.45201665760881,43.45201665760881,100.0
1070,1,29.566582455698875,29.566582455698875,100.0
1070,2,26.98140088669232,26.98140088669232,100.0
1080,0,26.441927062007874,26.441927062007874,100.0
1080,1,34.02527600516495,34.02527600516495,100.0
1080,2,39.532796932827175,39.532796932827175,100.0
1090,0,36.6508067206207,36.6508067206207,100.0
1090,1,35.07689675329628,35.07689675329628,100.0
1090,2,28.272296526083018,28.272296526083018,100.0
1100,0,40.60842249950471,40.60842249950471,100.0
1100,1,35.910082245771065,35.910082245771065,100.0
1100,2,23.481495254724223,23.481495254724223,100.0
1110,0,51.179556856012034,51.179556856012034,100.0
1110,1,28.1258382898941,28.1258382898941,100.0
1110,2,20.69460485409386,20.69460485409386,100.0
1120,0,41.091892915999594,41.091892915999594,100.0
1120,1,34.3275663876655,34.3275663876655,100.0
1120,2,24.5805406963349,24.5805406963349,100.0
1130,0,24.71851419819805,24.71851419819805,100.0
1130,1,29.422807731922983,29.422807731922983,100.0
1130,2,45.85867806987897,45.85867806987897,100.0
1140,0,35.10846569581565,35.10846569581565,100.0
1140,1,30.029223092700946,30.029223092700946,100.0
1140,2,34.8623112114834,34.8623112114834,100.0
1150,0,29.73384047214257,29.73384047214257,100.0
1150,1,42.677683553001344,42.677683553001344,100.0
1150,2,27.588475974856085,27.588475974856085,100.0
1160,0,30.558072129636848,30.558072129636848,100.0
1160,1,25.100590142712754,25.100590142712754,100.0
1160,2,44.34133772765041,44.34133772765041,100.0
1170,0,49.48848147534408,49.48848147534408,100.0
1170,1,28.262648814946562,28.262648814946562,100.0
1170,2,22.24886970970936,22.24886970970936,100.0
1180,0,47.81006621909333,47.81006621909333,100.0
1180,1,29.7614754923394,29.7614754923394,100.0
1180,2,22.42845828856727,22.42845828856727,100.0
1190,0,24.085407672722948,24.085407672722948,100.0
1190,1,49.956793164892424,49.956793164892424,100.0
1190,2,25.95779916238464,25.95779916238464,100.0
1200,0,44.18962775290689,44.18962775290689,100.0
1200,1,26.927903178811697,26.927903178811697,100.0
1200,2,28.882469068281413,28.882469068281413,100.0
1210,0,37.19955589038769,37.19955589038769,100.0
1210,1,24.121057599270813,24.121057599270813,100.0
1210,2,38.679386510341494,38.679386510341494,100.0
1220,0,35.43731141320649,35.43731141320649,100.0
1220,1,46.05369725472428,46.05369725472428,100.0
1220,2,18.50899133206924,18.50899133206924,100.0
1230,0,43.920392079239235,43.920392079239235,100.0
1230,1,34.93645451834475,34.93645451834475,100.0
1230,2,21.143153402416022,21.143153402416022,100.0
1240,0,46.079270293208786,46.079270293208786,100.0
1240,1,30.148498190366524,30.148498190366524,100.0
1240,2,23.772231516424696,23.772231516424696,100.0
1250,0,47.984630660809394,47.984630660809394,100.0
1250,1,28.11003219317979,28.11003219317979,100.0
1250,2,23.90533714601082,23.90533714601082,100.0
1260,0,41.39342792827648,41.39342792827648,100.0
1260,1,30.732789877033206,30.732789877033206,100.0
1260,2,27.87378219469031,27.87378219469031,100.0
1270,0,51.55645214671648,51.55645214671648,100.0
1270,1,26.22278848441308,26.22278848441308,100.0
1270,2,22.220759368870446,22.220759368870446,100.0
1280,0,51.64393766097389,51.64393766097389,100.0
1280,1,27.30244262117577,27.30244262117577,100.0
1280,2,21.05361971785034,21.05361971785034,100.0
1290,0,38.70794582577464,38.70794582577464,100.0
1290,1,27.02567385183336,27.02567385183336,100.0
1290,2,34.26638032239201,34.26638032239201,100.0
1300,0,51.41785537284286,51.41785537284286,100.0
1300,1,26.877562462100034,26.877562462100034,100.0
1300,2,21.70458216505711,21.70458216505711,100.0
1310,0,44.61742290242101,44.61742290242101,100.0
1310,1,25.30752180220752,25.30752180220752,100.0
1310,2,30.075055295371467,30.075055295371467,100.0
1320,0,48.20130155593033,48.20130155593033,100.0
1320,1,29.812333629722087,29.812333629722087,100.0
1320,2,21.98636481434758,21.98636481434758,100.0
1330,0,34.23347119187401,34.23347119187401,100.0
1330,1,27.37876401590544,27.37876401590544,100.0
1330,2,38.38776479222056,38.38776479222056,100.0
1340,0,37.343914441289826,37.343914441289826,100.0
1340,1,25.992531139968477,25.992531139968477,100.0
1340,2,36.663554418741704,36.663554418741704,100.0
1350,0,32.55325990450194,32.55325990450194,100.0
1350,1,35.717483111557854,35.717483111557854,100.0
1350,2,31.729256983940207,31.729256983940207,100.0
1360,0,34.69870206378957,34.69870206378957,100.0
1360,1,34.13789762140528,34.13789762140528,100.0
1360,2,31.163400314805166,31.163400314805166,100.0
1370,0,35.46236039812169,35.46236039812169,100.0
1370,1,37.95261940125086,37.95261940125086,100.0
1370,2,26.58502020062747,26.58502020062747,100.0
1380,0,39.80283607414145,39.80283607414145,100.0
1380,1,29.31967575428584,29.31967575428584,100.0
1380,2,30.877488171572697,30.877488171572697,100.0
1390,0,38.72098625770665,38.72098625770665,100.0
1390,1,25.39425079479729,25.39425079479729,100.0
1390,2,35.884762947496064,35.884762947496064,100.0
1400,0,33.083288706591915,33.083288706591915,100.0
1400,1,34.88891345782396,34.88891345782396,100.0
1400,2,32.02779783558412,32.02779783558412,100.0
1410,0,48.28142028812338,48.28142028812338,100.0
1410,1,26.752444001184873,26.752444001184873,100.0
1410,2,24.966135710691756,24.966135710691756,100.0
1420,0,29.048649449402355,29.048649449402355,100.0
1420,1,35.56589258163508,35.56589258163508,100.0
1420,2,35.38545796896256,35.38545796896256,100.0
1430,0,39.448820063244625,39.448820063244625,100.0
1430,1,27.24377292264797,27.24377292264797,100.0
1430,2,33.307407014107405,33.307407014107405,100.0
1440,0,31.149036126237263,31.149036126237263,100.0
1440,1,28.450519779818094,28.450519779818094,100.0
1440,2,40.40044409394464,40.40044409394464,100.0
1450,0,33.906980227616025,33.906980227616025,100.0
1450,1,31.690762327284826,31.690762327284826,100.0
1450,2,34.402257445099146,34.402257445099146,100.0
1460,0,54.19928686853132,54.19928686853132,100.0
1460,1,26.247033999108265,26.247033999108265,100.0
1460,2,19.55367913236042,19.55367913236042,100.0
1470,0,28.33518760912419,28.33518760912419,100.0
1470,1,36.50992371404445,36.50992371404445,100.0
1470,2,35.15488867683136,35.15488867683136,100.0
1480,0,38.32494255510939,38.32494255510939,100.0
1480,1,26.878229610114523,26.878229610114523,100.0
1480,2,34.79682783477609,34.79682783477609,100.0
1490,0,42.9879658922903,42.9879658922903,100.0
1490,1,30.579231786856866,30.579231786856866,100.0
1490,2,26.43280232085285,26.43280232085285,100.0
1500,0,34.02590365544105,34.02590365544105,100.0
1500,1,38.03207980150587,38.03207980150587,100.0
1500,2,27.94201654305309,27.94201654305309,100.0
