timestamp,ueImsi,sliceId,dTxBytes,dRxBytes,plr,resourceSharePct,dLostPackets,throughputMbps
4010,1,0,24448,4584,81.25,46.66,13,3.6672
4010,2,0,24448,6112,75.00,46.66,12,4.8896
4010,3,0,24448,4584,81.25,46.66,13,3.6672
4010,4,0,24448,6112,75.00,46.66,12,4.8896
4010,5,0,24448,6112,75.00,46.66,12,4.8896
4010,6,1,390,312,20.00,35.00,1,0.2496
4010,7,1,390,312,20.00,35.00,1,0.2496
4010,8,1,390,312,20.00,35.00,1,0.2496
4010,9,1,390,312,20.00,35.00,1,0.2496
4010,10,1,390,312,20.00,35.00,1,0.2496
4010,11,2,16000,1024,93.60,18.33,117,0.8192
4010,12,2,16000,896,94.40,18.33,118,0.7168
4010,13,2,16000,896,94.40,18.33,118,0.7168
4010,14,2,16000,896,94.40,18.33,118,0.7168
4010,15,2,16000,896,94.40,18.33,118,0.7168
4010,16,2,16000,1024,93.60,18.33,117,0.8192
4010,17,2,16000,896,94.40,18.33,118,0.7168
4010,18,2,16000,896,94.40,18.33,118,0.7168
4010,19,2,16000,896,94.40,18.33,118,0.7168
4010,20,2,16000,1024,93.60,18.33,117,0.8192
