timestamp,ueImsi,sliceId,dTxBytes,dRxBytes,plr,resourceSharePct,dLostPackets,throughputMbps,bufferBytes
560,1,0,24448,1528,93.75,29.81,15,1.2224,139058
560,2,0,24448,1528,93.75,29.81,15,1.2224,139074
560,3,0,24448,1528,93.75,29.81,15,1.2224,139030
560,4,0,24448,1528,93.75,29.81,15,1.2224,139045
560,5,0,24448,1528,93.75,29.81,15,1.2224,139031
560,6,1,780,624,20.00,29.11,2,0.4992,126
560,7,1,780,624,20.00,29.11,2,0.4992,126
560,8,1,780,624,20.00,29.11,2,0.4992,126
560,9,1,780,624,20.00,29.11,2,0.4992,126
560,10,1,780,624,20.00,29.11,2,0.4992,126
560,11,2,16000,896,94.40,41.08,118,0.7168,90759
560,12,2,16000,896,94.40,41.08,118,0.7168,90659
560,13,2,16000,896,94.40,41.08,118,0.7168,90751
560,14,2,16000,1024,93.60,41.08,117,0.8192,90759
560,15,2,16000,1024,93.60,41.08,117,0.8192,90717
560,16,2,16000,1024,93.60,41.08,117,0.8192,90718
560,17,2,16000,896,94.40,41.08,118,0.7168,90642
560,18,2,16000,896,94.40,41.08,118,0.7168,90714
560,19,2,16000,896,94.40,41.08,118,0.7168,90654
560,20,2,16000,896,94.40,41.08,118,0.7168,90637
