timestamp,sliceId,dedicatedPRB,minPRB,maxPRB
510,0,28.4461003952168,28.4461003952168,100.0
510,1,29.303916712468688,29.303916712468688,100.0
510,2,42.24998289231451,42.24998289231451,100.0
520,0,29.99827651041771,29.99827651041771,100.0
520,1,35.95054562485752,35.95054562485752,100.0
520,2,34.05117786472477,34.05117786472477,100.0
530,0,33.323868097368084,33.323868097368084,100.0
530,1,38.442297191019634,38.442297191019634,100.0
530,2,28.233834711612282,28.233834711612282,100.0
540,0,31.470570452697,31.470570452697,100.0
540,1,47.222109479326406,47.222109479326406,100.0
540,2,21.307320067976597,21.307320067976597,100.0
550,0,46.47752938404167,46.47752938404167,100.0
550,1,29.2567333096044,29.2567333096044,100.0
550,2,24.265737306353934,24.265737306353934,100.0
