timestamp,sliceId,dedicatedPRB,minPRB,maxPRB
510,0,28.863330526420857,28.863330526420857,100.0
510,1,43.48877041245876,43.48877041245876,100.0
510,2,27.64789906112038,27.64789906112038,100.0
520,0,44.72463099915366,44.72463099915366,100.0
520,1,36.486451034927015,36.486451034927015,100.0
520,2,18.78891796591933,18.78891796591933,100.0
530,0,41.189501626346825,41.189501626346825,100.0
530,1,30.118793492602848,30.118793492602848,100.0
530,2,28.691704881050324,28.691704881050324,100.0
540,0,38.53646577278093,38.53646577278093,100.0
540,1,28.74766249945389,28.74766249945389,100.0
540,2,32.71587172776518,32.71587172776518,100.0
550,0,52.945812470568974,52.945812470568974,100.0
550,1,26.082787423118305,26.082787423118305,100.0
550,2,20.971400106312725,20.971400106312725,100.0
