timestamp,ueImsi,sliceId,dTxBytes,dRxBytes,plr,resourceSharePct,dLostPackets,throughputMbps,bufferBytes
560,1,0,24448,1528,93.75,41.72,15,1.2224,134656
560,2,0,24448,1528,93.75,41.72,15,1.2224,134659
560,3,0,24448,1528,93.75,41.72,15,1.2224,134545
560,4,0,24448,1528,93.75,41.72,15,1.2224,134560
560,5,0,24448,1528,93.75,41.72,15,1.2224,134547
560,6,1,390,312,20.00,27.70,1,0.2496,169
560,7,1,390,312,20.00,27.70,1,0.2496,169
560,8,1,390,312,20.00,27.70,1,0.2496,169
560,9,1,390,312,20.00,27.70,1,0.2496,169
560,10,1,390,312,20.00,27.70,1,0.2496,169
560,11,2,16000,896,94.40,30.58,118,0.7168,90304
560,12,2,16000,896,94.40,30.58,118,0.7168,90310
560,13,2,16000,896,94.40,30.58,118,0.7168,90297
560,14,2,16000,896,94.40,30.58,118,0.7168,90297
560,15,2,16000,896,94.40,30.58,118,0.7168,90281
560,16,2,16000,768,95.20,30.58,119,0.6144,90274
560,17,2,16000,768,95.20,30.58,119,0.6144,90282
560,18,2,16000,768,95.20,30.58,119,0.6144,90276
560,19,2,16000,896,94.40,30.58,118,0.7168,90267
560,20,2,16000,896,94.40,30.58,118,0.7168,90280
