timestamp,ueImsi,sliceId,dTxBytes,dRxBytes,plr,resourceSharePct,dLostPackets,throughputMbps,bufferBytes
650,1,0,16808,4584,72.73,61.67,8,3.6672,225053
650,2,0,16808,3056,81.82,61.67,9,2.4448,223882
650,3,0,16808,4584,72.73,61.67,8,3.6672,223460
650,4,0,16808,4584,72.73,61.67,8,3.6672,223355
650,5,0,16808,4584,72.73,61.67,8,3.6672,223369
650,6,1,390,312,20.00,25.00,1,0.2496,169
650,7,1,390,312,20.00,25.00,1,0.2496,169
650,8,1,390,312,20.00,25.00,1,0.2496,169
650,9,1,390,312,20.00,25.00,1,0.2496,169
650,10,1,390,312,20.00,25.00,1,0.2496,169
650,11,2,384,384,0.00,13.33,0,0.3072,137
650,12,2,384,256,33.33,13.33,1,0.2048,137
650,13,2,384,256,33.33,13.33,1,0.2048,137
650,14,2,384,256,33.33,13.33,1,0.2048,137
650,15,2,384,256,33.33,13.33,1,0.2048,137
650,16,2,384,256,33.33,13.33,1,0.2048,137
650,17,2,384,384,0.00,13.33,0,0.3072,137
650,18,2,384,384,0.00,13.33,0,0.3072,137
650,19,2,384,256,33.33,13.33,1,0.2048,137
650,20,2,384,256,33.33,13.33,1,0.2048,137
