timestamp,sliceId,dedicatedPRB,minPRB,maxPRB
510,0,39.22343055443381,39.22343055443381,100.0
510,1,25.16411128522825,25.16411128522825,100.0
510,2,35.61245816033794,35.61245816033794,100.0
520,0,25.51381210816092,25.51381210816092,100.0
520,1,51.69760097488159,51.69760097488159,100.0
520,2,22.788586916957495,22.788586916957495,100.0
530,0,30.023656707044516,30.023656707044516,100.0
530,1,49.76265120903424,49.76265120903424,100.0
530,2,20.21369208392125,20.21369208392125,100.0
540,0,35.413839041250995,35.413839041250995,100.0
540,1,42.29934413468306,42.29934413468306,100.0
540,2,22.286816824065944,22.286816824065944,100.0
550,0,27.322299179292354,27.322299179292354,100.0
550,1,41.72237100100242,41.72237100100242,100.0
550,2,30.95532981970523,30.95532981970523,100.0
