timestamp,sliceId,dedicatedPRB,minPRB,maxPRB
600,0,27.622256998431304,27.622256998431304,100.0
600,1,28.547142333902787,28.547142333902787,100.0
600,2,43.830600667665905,43.830600667665905,100.0
700,0,40.29356124852497,40.29356124852497,100.0
700,1,28.387528375433114,28.387528375433114,100.0
700,2,31.31891037604192,31.31891037604192,100.0
800,0,34.571572092209266,34.571572092209266,100.0
800,1,33.154332538271326,33.154332538271326,100.0
800,2,32.27409536951941,32.27409536951941,100.0
900,0,45.903695241523565,45.903695241523565,100.0
900,1,26.00276249451529,26.00276249451529,100.0
900,2,28.093542263961147,28.093542263961147,100.0
1000,0,36.93010442018165,36.93010442018165,100.0
1000,1,32.08093301387278,32.08093301387278,100.0
1000,2,30.988962565945567,30.988962565945567,100.0
1100,0,48.07430974741608,48.07430974741608,100.0
1100,1,28.542168759744058,28.542168759744058,100.0
1100,2,23.383521492839858,23.383521492839858,100.0
1200,0,29.303295487307434,29.303295487307434,100.0
1200,1,40.13702265536219,40.13702265536219,100.0
1200,2,30.55968185733039,30.55968185733039,100.0
1300,0,33.38714781976478,33.38714781976478,100.0
1300,1,46.03498816794321,46.03498816794321,100.0
1300,2,20.577864012292014,20.577864012292014,100.0
1400,0,36.650096304920986,36.650096304920986,100.0
1400,1,44.072074915229315,44.072074915229315,100.0
1400,2,19.277828779849706,19.277828779849706,100.0
1500,0,33.315822223514964,33.315822223514964,100.0
1500,1,31.36365860447214,31.36365860447214,100.0
1500,2,35.3205191720129,35.3205191720129,100.0
1600,0,26.770214488639375,26.770214488639375,100.0
1600,1,48.37529213177423,48.37529213177423,100.0
1600,2,24.854493379586394,24.854493379586394,100.0
1700,0,23.626980871416634,23.626980871416634,100.0
1700,1,37.01258561197,37.01258561197,100.0
1700,2,39.360433516613355,39.360433516613355,100.0
1800,0,46.57295328359757,46.57295328359757,100.0
1800,1,24.694731101375766,24.694731101375766,100.0
1800,2,28.73231561502666,28.73231561502666,100.0
1900,0,24.614660394433717,24.614660394433717,100.0
1900,1,42.92315140001968,42.92315140001968,100.0
1900,2,32.46218820554661,32.46218820554661,100.0
2000,0,25.73502393199255,25.73502393199255,100.0
2000,1,35.635752526218766,35.635752526218766,100.0
2000,2,38.62922354178869,38.62922354178869,100.0
2100,0,22.720380483932505,22.720380483932505,100.0
2100,1,37.08667439202746,37.08667439202746,100.0
2100,2,40.19294512404003,40.19294512404003,100.0
2200,0,29.150463380618053,29.150463380618053,100.0
2200,1,48.15236609888663,48.15236609888663,100.0
2200,2,22.69717052049532,22.69717052049532,100.0
2300,0,35.033284313576495,35.033284313576495,100.0
2300,1,41.54004600169483,41.54004600169483,100.0
2300,2,23.42666968472867,23.42666968472867,100.0
2400,0,45.574596290357334,45.574596290357334,100.0
2400,1,29.232623052571828,29.232623052571828,100.0
2400,2,25.192780657070845,25.192780657070845,100.0
2500,0,46.128840567592164,46.128840567592164,100.0
2500,1,30.415467691447574,30.415467691447574,100.0
2500,2,23.455691740960265,23.455691740960265,100.0
2600,0,40.149157111848524,40.149157111848524,100.0
2600,1,27.695049014704097,27.695049014704097,100.0
2600,2,32.15579387344738,32.15579387344738,100.0
2700,0,33.77153140727835,33.77153140727835,100.0
2700,1,35.34528780872179,35.34528780872179,100.0
2700,2,30.883180783999855,30.883180783999855,100.0
2800,0,42.73043355645581,42.73043355645581,100.0
2800,1,26.819458555407827,26.819458555407827,100.0
2800,2,30.45010788813637,30.45010788813637,100.0
2900,0,28.39252392893184,28.39252392893184,100.0
2900,1,53.18448558966457,53.18448558966457,100.0
2900,2,18.422990481403605,18.422990481403605,100.0
3000,0,44.52984837528047,44.52984837528047,100.0
3000,1,32.38979082044863,32.38979082044863,100.0
3000,2,23.080360804270896,23.080360804270896,100.0
3100,0,25.765540370484153,25.765540370484153,100.0
3100,1,53.40180873600126,53.40180873600126,100.0
3100,2,20.832650893514597,20.832650893514597,100.0
3200,0,21.720959607547325,21.720959607547325,100.0
3200,1,51.002666064428034,51.002666064428034,100.0
3200,2,27.276374328024637,27.276374328024637,100.0
3300,0,39.21294961481259,39.21294961481259,100.0
3300,1,30.545178202376228,30.545178202376228,100.0
3300,2,30.24187218281118,30.24187218281118,100.0
3400,0,33.859172461521744,33.859172461521744,100.0
3400,1,46.127651453384765,46.127651453384765,100.0
3400,2,20.013176085093484,20.013176085093484,100.0
3500,0,41.16615447221566,41.16615447221566,100.0
3500,1,38.704496962996174,38.704496962996174,100.0
3500,2,20.129348564788174,20.129348564788174,100.0
3600,0,35.64172197141995,35.64172197141995,100.0
3600,1,25.043338007511494,25.043338007511494,100.0
3600,2,39.31494002106856,39.31494002106856,100.0
3700,0,47.84852302918297,47.84852302918297,100.0
3700,1,29.94348058432566,29.94348058432566,100.0
3700,2,22.20799638649137,22.20799638649137,100.0
3800,0,43.8557464953554,43.8557464953554,100.0
3800,1,26.63380926350553,26.63380926350553,100.0
3800,2,29.510444241139083,29.510444241139083,100.0
3900,0,28.93625944158168,28.93625944158168,100.0
3900,1,25.43086423729036,25.43086423729036,100.0
3900,2,45.63287632112796,45.63287632112796,100.0
4000,0,23.776119164490677,23.776119164490677,100.0
4000,1,43.17548564264819,43.17548564264819,100.0
4000,2,33.048395192861136,33.048395192861136,100.0
4100,0,46.878308062874446,46.878308062874446,100.0
4100,1,34.838099153425574,34.838099153425574,100.0
4100,2,18.28359278369998,18.28359278369998,100.0
4200,0,38.86187254361588,38.86187254361588,100.0
4200,1,30.992459645433172,30.992459645433172,100.0
4200,2,30.14566781095094,30.14566781095094,100.0
4300,0,36.21368529804972,36.21368529804972,100.0
4300,1,43.132690240341475,43.132690240341475,100.0
4300,2,20.653624461608803,20.653624461608803,100.0
4400,0,28.80818293224998,28.80818293224998,100.0
4400,1,50.38416195400058,50.38416195400058,100.0
4400,2,20.80765511374944,20.80765511374944,100.0
4500,0,48.04109661725065,48.04109661725065,100.0
4500,1,30.019123710645797,30.019123710645797,100.0
4500,2,21.93977967210356,21.93977967210356,100.0
4600,0,51.571259872705525,51.571259872705525,100.0
4600,1,29.633307294271212,29.633307294271212,100.0
4600,2,18.79543283302327,18.79543283302327,100.0
4700,0,23.327028791140737,23.327028791140737,100.0
4700,1,26.027502553132436,26.027502553132436,100.0
4700,2,50.64546865572682,50.64546865572682,100.0
4800,0,22.86871215713379,22.86871215713379,100.0
4800,1,32.058729656542816,32.058729656542816,100.0
4800,2,45.0725581863234,45.0725581863234,100.0
4900,0,28.76748681557868,28.76748681557868,100.0
4900,1,38.884406550071624,38.884406550071624,100.0
4900,2,32.3481066343497,32.3481066343497,100.0
5000,0,39.37779023484399,39.37779023484399,100.0
5000,1,34.17721005670409,34.17721005670409,100.0
5000,2,26.44499970845192,26.44499970845192,100.0
5100,0,27.301224846639965,27.301224846639965,100.0
5100,1,37.198906974330924,37.198906974330924,100.0
5100,2,35.49986817902911,35.49986817902911,100.0
5200,0,32.26649049293005,32.26649049293005,100.0
5200,1,28.09686128494105,28.09686128494105,100.0
5200,2,39.63664822212889,39.63664822212889,100.0
5300,0,31.34024694306101,31.34024694306101,100.0
5300,1,27.951131658594274,27.951131658594274,100.0
5300,2,40.70862139834472,40.70862139834472,100.0
5400,0,26.857926466484592,26.857926466484592,100.0
5400,1,33.937905061896075,33.937905061896075,100.0
5400,2,39.20416847161933,39.20416847161933,100.0
5500,0,23.363768297346734,23.363768297346734,100.0
5500,1,52.58152868351519,52.58152868351519,100.0
5500,2,24.05470301913808,24.05470301913808,100.0
5600,0,40.046289438634034,40.046289438634034,100.0
5600,1,27.217376321050324,27.217376321050324,100.0
5600,2,32.73633424031564,32.73633424031564,100.0
5700,0,34.342237025437846,34.342237025437846,100.0
5700,1,33.79819155300379,33.79819155300379,100.0
5700,2,31.859571421558368,31.859571421558368,100.0
5800,0,24.49560916055675,24.49560916055675,100.0
5800,1,44.26924932849379,44.26924932849379,100.0
5800,2,31.235141510949454,31.235141510949454,100.0
5900,0,30.543758840952357,30.543758840952357,100.0
5900,1,27.728887544364245,27.728887544364245,100.0
5900,2,41.7273536146834,41.7273536146834,100.0
6000,0,34.60998915197499,34.60998915197499,100.0
6000,1,31.780897616057906,31.780897616057906,100.0
6000,2,33.6091132319671,33.6091132319671,100.0
6100,0,27.47811919274867,27.47811919274867,100.0
6100,1,45.93330793093152,45.93330793093152,100.0
6100,2,26.588572876319816,26.588572876319816,100.0
6200,0,33.246209811367514,33.246209811367514,100.0
6200,1,40.98516483106398,40.98516483106398,100.0
6200,2,25.768625357568503,25.768625357568503,100.0
6300,0,33.32819331628269,33.32819331628269,100.0
6300,1,25.227565051928746,25.227565051928746,100.0
6300,2,41.44424163178856,41.44424163178856,100.0
6400,0,37.83868197163992,37.83868197163992,100.0
6400,1,34.24218229691112,34.24218229691112,100.0
6400,2,27.919135731448964,27.919135731448964,100.0
6500,0,44.93838443078562,44.93838443078562,100.0
6500,1,28.61927686765177,28.61927686765177,100.0
6500,2,26.442338701562623,26.442338701562623,100.0
6600,0,28.134486563470173,28.134486563470173,100.0
6600,1,36.904895536898266,36.904895536898266,100.0
6600,2,34.960617899631565,34.960617899631565,100.0
6700,0,27.366647898448072,27.366647898448072,100.0
6700,1,41.257616449870085,41.257616449870085,100.0
6700,2,31.375735651681847,31.375735651681847,100.0
6800,0,39.6112650284555,39.6112650284555,100.0
6800,1,31.020010324577633,31.020010324577633,100.0
6800,2,29.368724646966864,29.368724646966864,100.0
6900,0,32.84103392993066,32.84103392993066,100.0
6900,1,37.53484953333399,37.53484953333399,100.0
6900,2,29.624116536735347,29.624116536735347,100.0
7000,0,52.45778962811517,52.45778962811517,100.0
7000,1,27.430688918647395,27.430688918647395,100.0
7000,2,20.111521453237437,20.111521453237437,100.0
7100,0,26.306089992941367,26.306089992941367,100.0
7100,1,51.58299559357884,51.58299559357884,100.0
7100,2,22.110914413479787,22.110914413479787,100.0
7200,0,28.545052652793185,28.545052652793185,100.0
7200,1,34.67843011716112,34.67843011716112,100.0
7200,2,36.77651723004569,36.77651723004569,100.0
7300,0,51.75958924297313,51.75958924297313,100.0
7300,1,29.69804881611801,29.69804881611801,100.0
7300,2,18.54236194090886,18.54236194090886,100.0
7400,0,31.07548913270938,31.07548913270938,100.0
7400,1,43.93876007621993,43.93876007621993,100.0
7400,2,24.98575079107069,24.98575079107069,100.0
7500,0,33.066557212283264,33.066557212283264,100.0
7500,1,32.888210333910386,32.888210333910386,100.0
7500,2,34.04523245380635,34.04523245380635,100.0
7600,0,23.9605177459222,23.9605177459222,100.0
7600,1,55.46987410776336,55.46987410776336,100.0
7600,2,20.56960814631444,20.56960814631444,100.0
7700,0,34.558404529519066,34.558404529519066,100.0
7700,1,45.52495524833068,45.52495524833068,100.0
7700,2,19.916640222150257,19.916640222150257,100.0
7800,0,27.57461792162468,27.57461792162468,100.0
7800,1,48.68193877455679,48.68193877455679,100.0
7800,2,23.74344330381853,23.74344330381853,100.0
7900,0,30.30987302752254,30.30987302752254,100.0
7900,1,38.582832935367314,38.582832935367314,100.0
7900,2,31.10729403711015,31.10729403711015,100.0
8000,0,29.85870114891782,29.85870114891782,100.0
8000,1,29.149110640719815,29.149110640719815,100.0
8000,2,40.99218821036237,40.99218821036237,100.0
8100,0,28.918669370632067,28.918669370632067,100.0
8100,1,29.141464909228006,29.141464909228006,100.0
8100,2,41.93986572013993,41.93986572013993,100.0
8200,0,33.349193575159674,33.349193575159674,100.0
8200,1,46.64428897463746,46.64428897463746,100.0
8200,2,20.006517450202875,20.006517450202875,100.0
8300,0,22.855391104856825,22.855391104856825,100.0
8300,1,45.32652668937936,45.32652668937936,100.0
8300,2,31.818082205763815,31.818082205763815,100.0
8400,0,38.81852075863878,38.81852075863878,100.0
8400,1,36.27181426842622,36.27181426842622,100.0
8400,2,24.909664972934987,24.909664972934987,100.0
8500,0,30.961587694323555,30.961587694323555,100.0
8500,1,44.094062134704224,44.094062134704224,100.0
8500,2,24.944350170972225,24.944350170972225,100.0
8600,0,30.590837173632536,30.590837173632536,100.0
8600,1,49.59616591232219,49.59616591232219,100.0
8600,2,19.81299691404528,19.81299691404528,100.0
8700,0,47.32149343929583,47.32149343929583,100.0
8700,1,30.90945989088058,30.90945989088058,100.0
8700,2,21.7690466698236,21.7690466698236,100.0
8800,0,43.12969722629996,43.12969722629996,100.0
8800,1,27.650181732524775,27.650181732524775,100.0
8800,2,29.22012104117526,29.22012104117526,100.0
8900,0,41.37423164856804,41.37423164856804,100.0
8900,1,25.039055006332056,25.039055006332056,100.0
8900,2,33.5867133450999,33.5867133450999,100.0
9000,0,46.164730377638534,46.164730377638534,100.0
9000,1,32.54917730901773,32.54917730901773,100.0
9000,2,21.28609231334373,21.28609231334373,100.0
9100,0,23.537356010683958,23.537356010683958,100.0
9100,1,40.99057865918688,40.99057865918688,100.0
9100,2,35.47206533012917,35.47206533012917,100.0
9200,0,27.255873827640347,27.255873827640347,100.0
9200,1,30.6465206079278,30.6465206079278,100.0
9200,2,42.09760556443185,42.09760556443185,100.0
9300,0,27.06517879750668,27.06517879750668,100.0
9300,1,51.29932508781766,51.29932508781766,100.0
9300,2,21.635496114675668,21.635496114675668,100.0
9400,0,43.1753426589493,43.1753426589493,100.0
9400,1,31.077879340240038,31.077879340240038,100.0
9400,2,25.746778000810664,25.746778000810664,100.0
9500,0,46.39003905121639,46.39003905121639,100.0
9500,1,35.574861102670276,35.574861102670276,100.0
9500,2,18.03509984611334,18.03509984611334,100.0
9600,0,30.306469655131984,30.306469655131984,100.0
9600,1,27.715239184892955,27.715239184892955,100.0
9600,2,41.978291159975065,41.978291159975065,100.0
9700,0,31.225667208978226,31.225667208978226,100.0
9700,1,47.303196083102364,47.303196083102364,100.0
9700,2,21.471136707919417,21.471136707919417,100.0
9800,0,48.607188437659396,48.607188437659396,100.0
9800,1,30.012181782158205,30.012181782158205,100.0
9800,2,21.3806297801824,21.3806297801824,100.0
9900,0,39.752474206710154,39.752474206710154,100.0
9900,1,39.58845307279133,39.58845307279133,100.0
9900,2,20.65907272049851,20.65907272049851,100.0
