timestamp,ueImsi,sliceId,dTxBytes,dRxBytes,plr,resourceSharePct,dLostPackets,throughputMbps,bufferBytes,dlBufferBytes,ulBufferBytes,macBufferBytes,congestionPct,lastDrlActionStatus
9900,1,0,128736,0,100.00,31.23,112,0.0000,1200005,47704,1200005,1247709,11.90,applied
9900,2,0,128736,52804,61.61,31.23,69,4.2243,1198985,47704,1198985,1246689,11.89,applied
9900,3,0,128736,167008,0.00,31.23,0,13.3606,1198390,47704,1198390,1246094,11.88,applied
9900,4,0,128736,0,100.00,31.23,112,0.0000,34,47704,34,47738,0.46,applied
9900,5,0,128736,0,100.00,31.23,112,0.0000,34,47704,34,47738,0.46,applied
9900,6,1,0,0,0.00,47.30,0,0.0000,34,0,34,34,0.00,applied
9900,7,1,0,0,0.00,47.30,0,0.0000,34,0,34,34,0.00,applied
9900,8,1,0,0,0.00,47.30,0,0.0000,34,0,34,34,0.00,applied
9900,9,1,0,0,0.00,47.30,0,0.0000,34,0,34,34,0.00,applied
9900,10,1,0,0,0.00,47.30,0,0.0000,34,0,34,34,0.00,applied
9900,11,1,0,0,0.00,47.30,0,0.0000,34,0,34,34,0.00,applied
9900,12,1,0,0,0.00,47.30,0,0.0000,34,0,34,34,0.00,applied
9900,13,1,0,0,0.00,47.30,0,0.0000,34,0,34,34,0.00,applied
9900,14,2,65200,1504,84.00,21.47,42,0.1203,2940807,2940807,51,2940858,28.05,applied
9900,15,2,65200,0,100.00,21.47,50,0.0000,2940807,2940807,51,2940858,28.05,applied
9900,16,2,65200,752,92.00,21.47,46,0.0602,2940807,2940807,51,2940858,28.05,applied
9900,17,2,65200,0,100.00,21.47,50,0.0000,2941948,2941948,51,2941999,28.06,applied
9900,18,2,65200,0,100.00,21.47,50,0.0000,2940807,2940807,51,2940858,28.05,applied
