timestamp,sliceId,dedicatedPRB,minPRB,maxPRB
510,0,22.139145842243817,22.139145842243817,100.0
510,1,28.128298134218337,28.128298134218337,100.0
510,2,49.732556023537846,49.732556023537846,100.0
520,0,40.455333798413044,40.455333798413044,100.0
520,1,29.713829008993297,29.713829008993297,100.0
520,2,29.830837192593663,29.830837192593663,100.0
530,0,23.260941544217882,23.260941544217882,100.0
530,1,31.053509594806737,31.053509594806737,100.0
530,2,45.68554886097537,45.68554886097537,100.0
540,0,29.111158837391947,29.111158837391947,100.0
540,1,31.200172372273816,31.200172372273816,100.0
540,2,39.68866879033424,39.68866879033424,100.0
550,0,47.76382307288022,47.76382307288022,100.0
550,1,28.16172656875838,28.16172656875838,100.0
550,2,24.074450358361403,24.074450358361403,100.0
