timestamp,ueImsi,sliceId,dTxBytes,dRxBytes,plr,resourceSharePct,dLostPackets,throughputMbps,bufferBytes
1510,1,0,18336,0,100.00,66.67,12,0.0000,1721425
1510,2,0,18336,4584,75.00,66.67,9,3.6672,1449267
1510,3,0,18336,9168,50.00,66.67,6,7.3344,1113557
1510,4,0,18336,7640,58.33,66.67,7,6.1120,1336236
1510,5,0,18336,0,100.00,66.67,12,0.0000,1703919
1510,6,1,390,390,0.00,20.00,0,0.3120,87
1510,7,1,390,0,100.00,20.00,5,0.0000,169
1510,8,1,390,390,0.00,20.00,0,0.3120,87
1510,9,1,390,0,100.00,20.00,5,0.0000,87
1510,10,1,390,0,100.00,20.00,5,0.0000,87
1510,11,2,384,256,33.33,13.34,1,0.2048,74
1510,12,2,384,256,33.33,13.34,1,0.2048,137
1510,13,2,384,256,33.33,13.34,1,0.2048,137
1510,14,2,384,256,33.33,13.34,1,0.2048,137
1510,15,2,384,256,33.33,13.34,1,0.2048,96
1510,16,2,384,0,100.00,13.34,3,0.0000,485
1510,17,2,384,256,33.33,13.34,1,0.2048,137
1510,18,2,384,0,100.00,13.34,3,0.0000,1437
1510,19,2,384,256,33.33,13.34,1,0.2048,137
1510,20,2,384,256,33.33,13.34,1,0.2048,137
