timestamp,ueImsi,sliceId,dTxBytes,dRxBytes,plr,resourceSharePct,dLostPackets,throughputMbps,bufferBytes
1510,1,0,35144,38200,0.00,45.13,0,30.5600,170782
1510,2,0,35144,22920,34.78,45.13,8,18.3360,1500624
1510,3,1,1014,0,100.00,34.32,13,0.0000,87
1510,4,1,1014,936,7.69,34.32,1,0.7488,87
1510,5,2,256,0,100.00,20.55,2,0.0000,137
1510,6,2,256,256,0.00,20.55,0,0.2048,137
1510,7,2,256,256,0.00,20.55,0,0.2048,137
1510,8,2,256,0,100.00,20.55,2,0.0000,137
1510,9,2,256,0,100.00,20.55,2,0.0000,157
1510,10,2,256,256,0.00,20.55,0,0.2048,137
