timestamp,sliceId,dedicatedPRB,minPRB,maxPRB
510,0,41.69541952478716,41.69541952478716,100.0
510,1,34.48631025044524,34.48631025044524,100.0
510,2,23.818270224767602,23.818270224767602,100.0
520,0,37.8173450950669,37.8173450950669,100.0
520,1,33.287111043461415,33.287111043461415,100.0
520,2,28.895543861471683,28.895543861471683,100.0
530,0,39.96778917660049,39.96778917660049,100.0
530,1,33.471539242055506,33.471539242055506,100.0
530,2,26.560671581343993,26.560671581343993,100.0
540,0,27.735095739024178,27.735095739024178,100.0
540,1,44.05329581941812,44.05329581941812,100.0
540,2,28.211608441557708,28.211608441557708,100.0
550,0,29.97321082359432,29.97321082359432,100.0
550,1,45.87100870480407,45.87100870480407,100.0
550,2,24.15578047160161,24.15578047160161,100.0
560,0,33.28938095903926,33.28938095903926,100.0
560,1,38.60017441341294,38.60017441341294,100.0
560,2,28.1104446275478,28.1104446275478,100.0
570,0,33.07810430757691,33.07810430757691,100.0
570,1,43.943467718097885,43.943467718097885,100.0
570,2,22.97842797432521,22.97842797432521,100.0
580,0,26.063679609599667,26.063679609599667,100.0
580,1,31.469304491213812,31.469304491213812,100.0
580,2,42.46701589918652,42.46701589918652,100.0
590,0,47.61570947248301,47.61570947248301,100.0
590,1,32.29324407477745,32.29324407477745,100.0
590,2,20.09104645273954,20.09104645273954,100.0
600,0,36.77319876002386,36.77319876002386,100.0
600,1,44.70438064607308,44.70438064607308,100.0
600,2,18.522420593903057,18.522420593903057,100.0
610,0,27.986046535746084,27.986046535746084,100.0
610,1,48.70889866229942,48.70889866229942,100.0
610,2,23.305054801954494,23.305054801954494,100.0
620,0,44.325443695004196,44.325443695004196,100.0
620,1,36.93662164127562,36.93662164127562,100.0
620,2,18.737934663720186,18.737934663720186,100.0
630,0,42.87107009812606,42.87107009812606,100.0
630,1,33.325960613855926,33.325960613855926,100.0
630,2,23.802969288018016,23.802969288018016,100.0
640,0,27.934290322031675,27.934290322031675,100.0
640,1,48.14219484330582,48.14219484330582,100.0
640,2,23.9235148346625,23.9235148346625,100.0
650,0,32.9121046176758,32.9121046176758,100.0
650,1,42.10186624586297,42.10186624586297,100.0
650,2,24.986029136461223,24.986029136461223,100.0
660,0,32.63796138125219,32.63796138125219,100.0
660,1,45.099844925572874,45.099844925572874,100.0
660,2,22.262193693174943,22.262193693174943,100.0
670,0,31.36400642193955,31.36400642193955,100.0
670,1,42.870426184797964,42.870426184797964,100.0
670,2,25.765567393262483,25.765567393262483,100.0
680,0,27.85715368426881,27.85715368426881,100.0
680,1,34.74543686336451,34.74543686336451,100.0
680,2,37.39740945236669,37.39740945236669,100.0
690,0,32.383064482341695,32.383064482341695,100.0
690,1,45.062040575448876,45.062040575448876,100.0
690,2,22.554894942209433,22.554894942209433,100.0
700,0,29.82544946503956,29.82544946503956,100.0
700,1,37.36802783634812,37.36802783634812,100.0
700,2,32.80652269861232,32.80652269861232,100.0
710,0,22.4225269935897,22.4225269935897,100.0
710,1,31.371806294968728,31.371806294968728,100.0
710,2,46.205666711441566,46.205666711441566,100.0
720,0,29.923118784649127,29.923118784649127,100.0
720,1,26.71372325876335,26.71372325876335,100.0
720,2,43.36315795658752,43.36315795658752,100.0
730,0,28.401584870456738,28.401584870456738,100.0
730,1,40.1332702050135,40.1332702050135,100.0
730,2,31.46514492452977,31.46514492452977,100.0
740,0,33.0637639329618,33.0637639329618,100.0
740,1,29.58384732686084,29.58384732686084,100.0
740,2,37.35238874017736,37.35238874017736,100.0
