timestamp,ueImsi,sliceId,dTxBytes,dRxBytes,plr,resourceSharePct,dLostPackets,throughputMbps,bufferBytes,dlBufferBytes,ulBufferBytes,macBufferBytes,congestionPct,lastDrlActionStatus
9900,1,0,193616,1740,97.09,51.22,167,0.1392,1200005,184114,1200005,1384119,13.20,applied
9900,2,0,193616,1740,97.09,51.22,167,0.1392,1200005,184115,1200005,1384120,13.20,applied
9900,3,0,193616,70508,64.53,51.22,111,5.6406,1200005,184113,1200005,1384118,13.20,applied
9900,4,0,193616,384,98.26,51.22,169,0.0307,1199873,187040,1199873,1386913,13.23,applied
9900,5,0,193616,7880,94.19,51.22,162,0.6304,1200005,184113,1200005,1384118,13.20,applied
9900,6,1,0,0,0.00,26.96,0,0.0000,34,0,34,34,0.00,applied
9900,7,1,0,0,0.00,26.96,0,0.0000,34,0,34,34,0.00,applied
9900,8,1,0,0,0.00,26.96,0,0.0000,34,0,34,34,0.00,applied
9900,9,1,0,0,0.00,26.96,0,0.0000,34,0,34,34,0.00,applied
9900,10,1,0,0,0.00,26.96,0,0.0000,34,0,34,34,0.00,applied
9900,11,1,0,0,0.00,26.96,0,0.0000,34,0,34,34,0.00,applied
9900,12,1,0,0,0.00,26.96,0,0.0000,17,0,17,17,0.00,applied
9900,13,1,0,0,0.00,26.96,0,0.0000,34,0,34,34,0.00,applied
9900,14,2,65200,0,100.00,21.83,50,0.0000,5996191,5996191,51,5996242,57.18,applied
9900,15,2,65200,0,100.00,21.83,50,0.0000,5996308,5996308,34,5996342,57.19,applied
9900,16,2,65200,0,100.00,21.83,50,0.0000,5996201,5996201,51,5996252,57.18,applied
9900,17,2,65200,0,100.00,21.83,50,0.0000,5998509,5998509,51,5998560,57.21,applied
9900,18,2,65200,0,100.00,21.83,50,0.0000,5996196,5996196,31,5996227,57.18,applied
9900,19,2,65200,940,90.00,21.83,45,0.0752,5996196,5996196,51,5996247,57.18,applied
9900,20,2,65200,940,90.00,21.83,45,0.0752,5996196,5996196,51,5996247,57.18,applied
9900,21,2,65200,0,100.00,21.83,50,0.0000,5996731,5996731,51,5996782,57.19,applied
9900,22,2,65200,0,100.00,21.83,50,0.0000,5997299,5997299,51,5997350,57.20,applied
9900,23,2,65200,0,100.00,21.83,50,0.0000,5996191,5996191,51,5996242,57.18,applied
9900,24,2,65200,940,90.00,21.83,45,0.0752,5996192,5996192,51,5996243,57.18,applied
9900,25,2,65200,0,100.00,21.83,50,0.0000,5996199,5996199,51,5996250,57.18,applied
9900,26,2,65200,0,100.00,21.83,50,0.0000,5996199,5996199,51,5996250,57.18,applied
9900,27,2,65200,0,100.00,21.83,50,0.0000,5996302,5996302,51,5996353,57.19,applied
9900,28,2,65200,0,100.00,21.83,50,0.0000,5996304,5996304,51,5996355,57.19,applied
9900,29,2,65200,0,100.00,21.83,50,0.0000,5998317,5998317,51,5998368,57.20,applied
9900,30,2,65200,0,100.00,21.83,50,0.0000,5996197,5996197,51,5996248,57.18,applied
9900,31,2,65200,940,90.00,21.83,45,0.0752,5996197,5996197,51,5996248,57.18,applied
9900,32,2,65200,0,100.00,21.83,50,0.0000,5996197,5996197,51,5996248,57.18,applied
9900,33,2,65200,0,100.00,21.83,50,0.0000,5998003,5998003,51,5998054,57.20,applied
