timestamp,sliceId,dedicatedPRB,minPRB,maxPRB,algorithm
510,0,21.66499972343445,21.66499972343445,100.0,0
510,1,55.00000029802323,55.00000029802323,100.0,0
510,2,23.33499997854233,23.33499997854233,100.0,0
520,0,41.66499972343445,41.66499972343445,100.0,2
520,1,25.000000298023224,25.000000298023224,100.0,2
520,2,33.33499997854233,33.33499997854233,100.0,2
530,0,41.66499972343445,41.66499972343445,100.0,2
530,1,35.000000298023224,35.000000298023224,100.0,2
530,2,23.334999978542328,23.334999978542328,100.0,2
540,0,36.66499972343445,36.66499972343445,100.0,1
540,1,20.000000298023224,20.000000298023224,100.0,1
540,2,43.33499997854233,43.33499997854233,100.0,1
550,0,16.66499972343445,16.66499972343445,100.0,0
550,1,35.000000298023224,35.000000298023224,100.0,0
550,2,48.33499997854233,48.33499997854233,100.0,0
560,0,16.66499972343445,16.66499972343445,100.0,0
560,1,35.000000298023224,35.000000298023224,100.0,0
560,2,48.33499997854233,48.33499997854233,100.0,0
