timestamp,ueImsi,sliceId,dTxBytes,dRxBytes,plr,resourceSharePct,dLostPackets,throughputMbps,bufferBytes
560,1,0,24448,1528,93.75,31.85,15,1.2224,134828
560,2,0,24448,1528,93.75,31.85,15,1.2224,134830
560,3,0,24448,1528,93.75,31.85,15,1.2224,134792
560,4,0,24448,1528,93.75,31.85,15,1.2224,134769
560,5,0,24448,1528,93.75,31.85,15,1.2224,134792
560,6,1,780,624,20.00,41.15,2,0.4992,87
560,7,1,780,624,20.00,41.15,2,0.4992,87
560,8,1,780,624,20.00,41.15,2,0.4992,87
560,9,1,780,624,20.00,41.15,2,0.4992,87
560,10,1,780,624,20.00,41.15,2,0.4992,87
560,11,2,16000,640,96.00,27.00,120,0.5120,91857
560,12,2,16000,640,96.00,27.00,120,0.5120,91847
560,13,2,16000,640,96.00,27.00,120,0.5120,91847
560,14,2,16000,640,96.00,27.00,120,0.5120,91848
560,15,2,16000,640,96.00,27.00,120,0.5120,91895
560,16,2,16000,640,96.00,27.00,120,0.5120,91796
560,17,2,16000,640,96.00,27.00,120,0.5120,91797
560,18,2,16000,640,96.00,27.00,120,0.5120,91812
560,19,2,16000,512,96.80,27.00,121,0.4096,91797
560,20,2,16000,512,96.80,27.00,121,0.4096,91816
