timestamp,ueImsi,sliceId,dTxBytes,dRxBytes,plr,resourceSharePct,dLostPackets,throughputMbps,bufferBytes
1510,1,0,35144,27504,21.74,21.66,5,22.0032,661863
1510,2,0,35144,15280,56.52,21.66,13,12.2240,1841500
1510,3,1,1014,936,7.69,20.00,1,0.7488,87
1510,4,1,1014,858,15.38,20.00,2,0.6864,29
1510,5,2,256,0,100.00,58.34,2,0.0000,137
1510,6,2,256,0,100.00,58.34,2,0.0000,137
1510,7,2,256,256,0.00,58.34,0,0.2048,137
1510,8,2,256,0,100.00,58.34,2,0.0000,137
1510,9,2,256,0,100.00,58.34,2,0.0000,797
1510,10,2,256,256,0.00,58.34,0,0.2048,137
