timestamp,sliceId,dedicatedPRB,minPRB,maxPRB
510,0,47.26611527575331,47.26611527575331,100.0
510,1,27.39703228373145,27.39703228373145,100.0
510,2,25.336852440515244,25.336852440515244,100.0
520,0,34.49577126761299,34.49577126761299,100.0
520,1,38.41349014102674,38.41349014102674,100.0
520,2,27.090738591360285,27.090738591360285,100.0
530,0,22.762519420209316,22.762519420209316,100.0
530,1,38.99933713110534,38.99933713110534,100.0
530,2,38.23814344868535,38.23814344868535,100.0
540,0,28.838378451998558,28.838378451998558,100.0
540,1,35.556804125949995,35.556804125949995,100.0
540,2,35.60481742205145,35.60481742205145,100.0
550,0,44.188282744814444,44.188282744814444,100.0
550,1,33.088489502346675,33.088489502346675,100.0
550,2,22.723227752838877,22.723227752838877,100.0
560,0,34.7054977620826,34.7054977620826,100.0
560,1,37.90871768628468,37.90871768628468,100.0
560,2,27.385784551632717,27.385784551632717,100.0
570,0,46.886263561346176,46.886263561346176,100.0
570,1,30.236932889394087,30.236932889394087,100.0
570,2,22.876803549259733,22.876803549259733,100.0
580,0,23.584589936379764,23.584589936379764,100.0
580,1,26.404687173394635,26.404687173394635,100.0
580,2,50.0107228902256,50.0107228902256,100.0
590,0,33.56148067890436,33.56148067890436,100.0
590,1,36.47302572042608,36.47302572042608,100.0
590,2,29.965493600669568,29.965493600669568,100.0
600,0,44.6174953166529,44.6174953166529,100.0
600,1,37.14206457159157,37.14206457159157,100.0
600,2,18.240440111755536,18.240440111755536,100.0
610,0,30.720449287449785,30.720449287449785,100.0
610,1,48.116144186722124,48.116144186722124,100.0
610,2,21.163406525828105,21.163406525828105,100.0
620,0,34.34360520082758,34.34360520082758,100.0
620,1,41.58336379864686,41.58336379864686,100.0
620,2,24.073031000525567,24.073031000525567,100.0
630,0,38.74162321800318,38.74162321800318,100.0
630,1,37.01036171282712,37.01036171282712,100.0
630,2,24.248015069169714,24.248015069169714,100.0
640,0,20.373670925666353,20.373670925666353,100.0
640,1,43.08764534875459,43.08764534875459,100.0
640,2,36.538683725579055,36.538683725579055,100.0
650,0,47.72184395640174,47.72184395640174,100.0
650,1,31.63618194657803,31.63618194657803,100.0
650,2,20.641974097020217,20.641974097020217,100.0
660,0,23.52060515966745,23.52060515966745,100.0
660,1,35.98535503453771,35.98535503453771,100.0
660,2,40.49403980579485,40.49403980579485,100.0
670,0,36.32002305516827,36.32002305516827,100.0
670,1,45.397042381868545,45.397042381868545,100.0
670,2,18.28293456296318,18.28293456296318,100.0
680,0,47.73024410294616,47.73024410294616,100.0
680,1,33.80549236275593,33.80549236275593,100.0
680,2,18.464263534297924,18.464263534297924,100.0
690,0,28.291150378587915,28.291150378587915,100.0
690,1,53.133557918353766,53.133557918353766,100.0
690,2,18.575291703058312,18.575291703058312,100.0
700,0,23.95216916804429,23.95216916804429,100.0
700,1,37.45937042532411,37.45937042532411,100.0
700,2,38.5884604066316,38.5884604066316,100.0
710,0,25.366058842344895,25.366058842344895,100.0
710,1,54.61093047255072,54.61093047255072,100.0
710,2,20.023010685104374,20.023010685104374,100.0
720,0,40.9736476346622,40.9736476346622,100.0
720,1,32.474173047739654,32.474173047739654,100.0
720,2,26.552179317598146,26.552179317598146,100.0
730,0,33.9006148735432,33.9006148735432,100.0
730,1,37.45906876750046,37.45906876750046,100.0
730,2,28.64031635895634,28.64031635895634,100.0
740,0,36.639382210531636,36.639382210531636,100.0
740,1,37.360841222173356,37.360841222173356,100.0
740,2,25.999776567295008,25.999776567295008,100.0
750,0,22.783492385157484,22.783492385157484,100.0
750,1,48.60878614796842,48.60878614796842,100.0
750,2,28.607721466874104,28.607721466874104,100.0
760,0,24.0673614559929,24.0673614559929,100.0
760,1,41.21468493427601,41.21468493427601,100.0
760,2,34.7179536097311,34.7179536097311,100.0
770,0,32.5331034737608,32.5331034737608,100.0
770,1,34.12513806381704,34.12513806381704,100.0
770,2,33.34175846242216,33.34175846242216,100.0
780,0,39.75180919563338,39.75180919563338,100.0
780,1,32.76177283915045,32.76177283915045,100.0
780,2,27.48641796521617,27.48641796521617,100.0
790,0,43.6555756942625,43.6555756942625,100.0
790,1,32.784878476969666,32.784878476969666,100.0
790,2,23.559545828767824,23.559545828767824,100.0
800,0,40.256749019799734,40.256749019799734,100.0
800,1,39.24787215737794,39.24787215737794,100.0
800,2,20.495378822822335,20.495378822822335,100.0
810,0,33.08865118905898,33.08865118905898,100.0
810,1,37.933068049430716,37.933068049430716,100.0
810,2,28.978280761510298,28.978280761510298,100.0
820,0,49.41987121704899,49.41987121704899,100.0
820,1,31.023619194115465,31.023619194115465,100.0
820,2,19.556509588835542,19.556509588835542,100.0
830,0,28.732737485069098,28.732737485069098,100.0
830,1,30.608448228280245,30.608448228280245,100.0
830,2,40.65881428665066,40.65881428665066,100.0
840,0,36.72557719481924,36.72557719481924,100.0
840,1,40.5094666642476,40.5094666642476,100.0
840,2,22.764956140933176,22.764956140933176,100.0
850,0,28.45628321059635,28.45628321059635,100.0
850,1,32.59872594133423,32.59872594133423,100.0
850,2,38.944990848069416,38.944990848069416,100.0
860,0,25.968546425376243,25.968546425376243,100.0
860,1,50.844702602106075,50.844702602106075,100.0
860,2,23.18675097251768,23.18675097251768,100.0
870,0,37.30688735551896,37.30688735551896,100.0
870,1,34.95636528701092,34.95636528701092,100.0
870,2,27.736747357470126,27.736747357470126,100.0
880,0,24.74830391126747,24.74830391126747,100.0
880,1,51.264446295381894,51.264446295381894,100.0
880,2,23.987249793350628,23.987249793350628,100.0
890,0,24.37631454965133,24.37631454965133,100.0
890,1,44.70187406217222,44.70187406217222,100.0
890,2,30.921811388176444,30.921811388176444,100.0
900,0,26.259565328366257,26.259565328366257,100.0
900,1,49.580404452686324,49.580404452686324,100.0
900,2,24.16003021894743,24.16003021894743,100.0
910,0,40.46008613065779,40.46008613065779,100.0
910,1,27.27357021420375,27.27357021420375,100.0
910,2,32.266343655138456,32.266343655138456,100.0
920,0,37.544324817939824,37.544324817939824,100.0
920,1,40.91999122653071,40.91999122653071,100.0
920,2,21.535683955529468,21.535683955529468,100.0
930,0,52.999985841018486,52.999985841018486,100.0
930,1,27.625089198689757,27.625089198689757,100.0
930,2,19.37492496029176,19.37492496029176,100.0
940,0,26.265373182704387,26.265373182704387,100.0
940,1,26.34830404589117,26.34830404589117,100.0
940,2,47.386322771404444,47.386322771404444,100.0
950,0,40.28692104527958,40.28692104527958,100.0
950,1,33.4708289839174,33.4708289839174,100.0
950,2,26.242249970803023,26.242249970803023,100.0
960,0,31.6141345888491,31.6141345888491,100.0
960,1,41.951479775320955,41.951479775320955,100.0
960,2,26.434385635829944,26.434385635829944,100.0
970,0,29.398345258337066,29.398345258337066,100.0
970,1,40.47009470745341,40.47009470745341,100.0
970,2,30.131560034209514,30.131560034209514,100.0
980,0,30.860511621702397,30.860511621702397,100.0
980,1,49.58589205402077,49.58589205402077,100.0
980,2,19.553596324276835,19.553596324276835,100.0
990,0,40.040908893484584,40.040908893484584,100.0
990,1,36.372214647501124,36.372214647501124,100.0
990,2,23.58687645901429,23.58687645901429,100.0
1000,0,25.547363782107563,25.547363782107563,100.0
1000,1,51.37478537074157,51.37478537074157,100.0
1000,2,23.077850847150867,23.077850847150867,100.0
1010,0,31.3375607444459,31.3375607444459,100.0
1010,1,29.21335966012405,29.21335966012405,100.0
1010,2,39.449079595430064,39.449079595430064,100.0
1020,0,34.59648817089938,34.59648817089938,100.0
1020,1,29.525146448599287,29.525146448599287,100.0
1020,2,35.87836538050133,35.87836538050133,100.0
1030,0,38.64561315854305,38.64561315854305,100.0
1030,1,33.31946636453649,33.31946636453649,100.0
1030,2,28.034920476920465,28.034920476920465,100.0
1040,0,36.75911818264163,36.75911818264163,100.0
1040,1,43.572658066156954,43.572658066156954,100.0
1040,2,19.66822375120142,19.66822375120142,100.0
1050,0,44.81958490350835,44.81958490350835,100.0
1050,1,35.82880838298452,35.82880838298452,100.0
1050,2,19.351606713507135,19.351606713507135,100.0
1060,0,31.16529653512864,31.16529653512864,100.0
1060,1,42.43891562403604,42.43891562403604,100.0
1060,2,26.39578784083531,26.39578784083531,100.0
1070,0,29.631986507649522,29.631986507649522,100.0
1070,1,35.97795109884424,35.97795109884424,100.0
1070,2,34.39006239350624,34.39006239350624,100.0
1080,0,27.1846540214584,27.1846540214584,100.0
1080,1,41.50855279937035,41.50855279937035,100.0
1080,2,31.306793179171255,31.306793179171255,100.0
1090,0,33.45246016418623,33.45246016418623,100.0
1090,1,24.35607185161742,24.35607185161742,100.0
1090,2,42.191467984196365,42.191467984196365,100.0
1100,0,22.50817825646555,22.50817825646555,100.0
1100,1,31.532566710123806,31.532566710123806,100.0
1100,2,45.95925503341065,45.95925503341065,100.0
1110,0,38.714372125638555,38.714372125638555,100.0
1110,1,25.13134652430798,25.13134652430798,100.0
1110,2,36.154281350053466,36.154281350053466,100.0
1120,0,34.47058868386744,34.47058868386744,100.0
1120,1,25.190703729737287,25.190703729737287,100.0
1120,2,40.33870758639527,40.33870758639527,100.0
1130,0,29.37240206543063,29.37240206543063,100.0
1130,1,27.313048919393452,27.313048919393452,100.0
1130,2,43.31454901517592,43.31454901517592,100.0
1140,0,39.343379557603235,39.343379557603235,100.0
1140,1,36.194077782733814,36.194077782733814,100.0
1140,2,24.46254265966295,24.46254265966295,100.0
1150,0,32.19200256419908,32.19200256419908,100.0
1150,1,39.15230573345333,39.15230573345333,100.0
1150,2,28.655691702347603,28.655691702347603,100.0
1160,0,39.42426546131645,39.42426546131645,100.0
1160,1,28.81339253821027,28.81339253821027,100.0
1160,2,31.762342000473275,31.762342000473275,100.0
1170,0,31.654501572829574,31.654501572829574,100.0
1170,1,31.93042723385164,31.93042723385164,100.0
1170,2,36.415071193318795,36.415071193318795,100.0
1180,0,36.741565370969056,36.741565370969056,100.0
1180,1,26.017871068515518,26.017871068515518,100.0
1180,2,37.24056356051542,37.24056356051542,100.0
1190,0,39.59351524497189,39.59351524497189,100.0
1190,1,25.486632275282396,25.486632275282396,100.0
1190,2,34.919852479745714,34.919852479745714,100.0
1200,0,49.7586103983634,49.7586103983634,100.0
1200,1,29.282780682404074,29.282780682404074,100.0
1200,2,20.958608919232518,20.958608919232518,100.0
1210,0,29.429948130163208,29.429948130163208,100.0
1210,1,34.363053902963635,34.363053902963635,100.0
1210,2,36.20699796687315,36.20699796687315,100.0
1220,0,21.0591999084846,21.0591999084846,100.0
1220,1,40.357872100315255,40.357872100315255,100.0
1220,2,38.58292799120015,38.58292799120015,100.0
1230,0,39.59616342949228,39.59616342949228,100.0
1230,1,39.17234639129531,39.17234639129531,100.0
1230,2,21.231490179212415,21.231490179212415,100.0
1240,0,45.56682970113343,45.56682970113343,100.0
1240,1,30.674685639130317,30.674685639130317,100.0
1240,2,23.758484659736258,23.758484659736258,100.0
1250,0,43.759418661098614,43.759418661098614,100.0
1250,1,32.369107092124025,32.369107092124025,100.0
1250,2,23.871474246777357,23.871474246777357,100.0
1260,0,21.57545718920735,21.57545718920735,100.0
1260,1,41.58355292578165,41.58355292578165,100.0
1260,2,36.840989885011,36.840989885011,100.0
1270,0,22.176122949279684,22.176122949279684,100.0
1270,1,31.87820118983085,31.87820118983085,100.0
1270,2,45.945675860889466,45.945675860889466,100.0
1280,0,26.42389951532348,26.42389951532348,100.0
1280,1,51.28682633578174,51.28682633578174,100.0
1280,2,22.28927414889478,22.28927414889478,100.0
1290,0,41.63435638095773,41.63435638095773,100.0
1290,1,37.029954612869005,37.029954612869005,100.0
1290,2,21.33568900617327,21.33568900617327,100.0
1300,0,44.569511980763274,44.569511980763274,100.0
1300,1,34.63060118438065,34.63060118438065,100.0
1300,2,20.799886834856075,20.799886834856075,100.0
1310,0,41.968375009656064,41.968375009656064,100.0
1310,1,38.258902184151225,38.258902184151225,100.0
1310,2,19.772722806192704,19.772722806192704,100.0
1320,0,24.062902167810734,24.062902167810734,100.0
1320,1,41.37765240298393,41.37765240298393,100.0
1320,2,34.55944542920534,34.55944542920534,100.0
1330,0,39.98921233926642,39.98921233926642,100.0
1330,1,39.01637256960632,39.01637256960632,100.0
1330,2,20.994415091127255,20.994415091127255,100.0
1340,0,36.18659615017174,36.18659615017174,100.0
1340,1,34.46774430081444,34.46774430081444,100.0
1340,2,29.345659549013824,29.345659549013824,100.0
1350,0,45.43367144222382,45.43367144222382,100.0
1350,1,36.48365871656527,36.48365871656527,100.0
1350,2,18.0826698412109,18.0826698412109,100.0
1360,0,53.81189733299148,53.81189733299148,100.0
1360,1,26.89790194484919,26.89790194484919,100.0
1360,2,19.290200722159334,19.290200722159334,100.0
1370,0,25.92852229186698,25.92852229186698,100.0
1370,1,41.42655960140821,41.42655960140821,100.0
1370,2,32.64491810672481,32.64491810672481,100.0
1380,0,27.427619241688223,27.427619241688223,100.0
1380,1,35.235594784045546,35.235594784045546,100.0
1380,2,37.33678597426623,37.33678597426623,100.0
1390,0,23.182166571558458,23.182166571558458,100.0
1390,1,42.29349398519014,42.29349398519014,100.0
1390,2,34.52433944325141,34.52433944325141,100.0
1400,0,25.926404455712635,25.926404455712635,100.0
1400,1,28.20405709392153,28.20405709392153,100.0
1400,2,45.86953845036583,45.86953845036583,100.0
1410,0,30.274817801170805,30.274817801170805,100.0
1410,1,35.65448473532473,35.65448473532473,100.0
1410,2,34.070697463504466,34.070697463504466,100.0
1420,0,27.605833636644178,27.605833636644178,100.0
1420,1,49.701768581511836,49.701768581511836,100.0
1420,2,22.692397781843994,22.692397781843994,100.0
1430,0,45.03803226660929,45.03803226660929,100.0
1430,1,34.44226277707442,34.44226277707442,100.0
1430,2,20.519704956316282,20.519704956316282,100.0
1440,0,50.78459173650187,50.78459173650187,100.0
1440,1,26.239034874526002,26.239034874526002,100.0
1440,2,22.97637338897212,22.97637338897212,100.0
1450,0,43.8095408707821,43.8095408707821,100.0
1450,1,36.7444700686119,36.7444700686119,100.0
1450,2,19.445989060605996,19.445989060605996,100.0
1460,0,29.432826411010627,29.432826411010627,100.0
1460,1,27.165408465211584,27.165408465211584,100.0
1460,2,43.40176512377779,43.40176512377779,100.0
1470,0,42.35753097096874,42.35753097096874,100.0
1470,1,29.608948488020527,29.608948488020527,100.0
1470,2,28.033520541010738,28.033520541010738,100.0
1480,0,27.115414287439656,27.115414287439656,100.0
1480,1,53.14114718301942,53.14114718301942,100.0
1480,2,19.74343852954093,19.74343852954093,100.0
1490,0,45.07381427179209,45.07381427179209,100.0
1490,1,31.568222497311808,31.568222497311808,100.0
1490,2,23.357963230896097,23.357963230896097,100.0
1500,0,40.11315540939803,40.11315540939803,100.0
1500,1,29.29168829354512,29.29168829354512,100.0
1500,2,30.595156297056853,30.595156297056853,100.0
