timestamp,sliceId,dedicatedPRB,minPRB,maxPRB
510,0,33.43088753807604,33.43088753807604,100.0
510,1,31.7343762809189,31.7343762809189,100.0
510,2,34.834736181005056,34.834736181005056,100.0
520,0,45.719806869055105,45.719806869055105,100.0
520,1,34.98219847683968,34.98219847683968,100.0
520,2,19.29799465410522,19.29799465410522,100.0
530,0,26.490909859951373,26.490909859951373,100.0
530,1,26.041259686404892,26.041259686404892,100.0
530,2,47.46783045364373,47.46783045364373,100.0
540,0,42.70670023573837,42.70670023573837,100.0
540,1,38.265587692588134,38.265587692588134,100.0
540,2,19.0277120716735,19.0277120716735,100.0
550,0,39.04366696348278,39.04366696348278,100.0
550,1,35.22469643009928,35.22469643009928,100.0
550,2,25.73163660641795,25.73163660641795,100.0
560,0,36.76998592159556,36.76998592159556,100.0
560,1,29.854102347358168,29.854102347358168,100.0
560,2,33.37591173104626,33.37591173104626,100.0
570,0,30.573379352636955,30.573379352636955,100.0
570,1,44.9232636076381,44.9232636076381,100.0
570,2,24.503357039724943,24.503357039724943,100.0
580,0,23.33089401223419,23.33089401223419,100.0
580,1,52.602575072288346,52.602575072288346,100.0
580,2,24.066530915477458,24.066530915477458,100.0
590,0,31.094869188782027,31.094869188782027,100.0
590,1,48.49460108826585,48.49460108826585,100.0
590,2,20.41052972295212,20.41052972295212,100.0
600,0,23.806112584005145,23.806112584005145,100.0
600,1,42.37507011162992,42.37507011162992,100.0
600,2,33.81881730436494,33.81881730436494,100.0
610,0,37.31304606318682,37.31304606318682,100.0
610,1,44.025781925880956,44.025781925880956,100.0
610,2,18.661172010932223,18.661172010932223,100.0
620,0,23.46245448532949,23.46245448532949,100.0
620,1,33.44001383745484,33.44001383745484,100.0
620,2,43.09753167721567,43.09753167721567,100.0
630,0,38.027660808390614,38.027660808390614,100.0
630,1,44.32163111070995,44.32163111070995,100.0
630,2,17.65070808089944,17.65070808089944,100.0
640,0,21.216408133139847,21.216408133139847,100.0
640,1,38.06523849237852,38.06523849237852,100.0
640,2,40.71835337448164,40.71835337448164,100.0
650,0,39.072292168524115,39.072292168524115,100.0
650,1,43.96206699352586,43.96206699352586,100.0
650,2,16.965640837950026,16.965640837950026,100.0
660,0,21.91665329236691,21.91665329236691,100.0
660,1,33.807897751980484,33.807897751980484,100.0
660,2,44.2754489556526,44.2754489556526,100.0
670,0,48.96492569247635,48.96492569247635,100.0
670,1,30.04863539353066,30.04863539353066,100.0
670,2,20.986438913992995,20.986438913992995,100.0
680,0,21.252928132921,21.252928132921,100.0
680,1,37.875557178165195,37.875557178165195,100.0
680,2,40.871514688913805,40.871514688913805,100.0
690,0,39.949842306572116,39.949842306572116,100.0
690,1,42.22978677960958,42.22978677960958,100.0
690,2,17.820370913818305,17.820370913818305,100.0
700,0,22.81776713533932,22.81776713533932,100.0
700,1,37.518995538938846,37.518995538938846,100.0
700,2,39.66323732572183,39.66323732572183,100.0
710,0,42.771520466838695,42.771520466838695,100.0
710,1,37.82214995680564,37.82214995680564,100.0
710,2,19.406329576355656,19.406329576355656,100.0
720,0,26.05778939346875,26.05778939346875,100.0
720,1,26.540963398346047,26.540963398346047,100.0
720,2,47.40124720818521,47.40124720818521,100.0
