timestamp,ueImsi,sliceId,dTxBytes,dRxBytes,plr,resourceSharePct,dLostPackets,throughputMbps,bufferBytes,dlBufferBytes,ulBufferBytes,macBufferBytes,congestionPct,lastDrlActionStatus
10600,1,0,194844,0,100.00,46.66,173,0.0000,1199939,196512,1199939,1396451,13.32,applied
10600,2,0,194844,2456,98.84,46.66,171,0.1965,1200005,196505,1200005,1396510,13.32,applied
10600,3,0,194844,56488,73.41,46.66,127,4.5190,1200005,196510,1200005,1396515,13.32,applied
10600,4,0,194844,0,100.00,46.66,173,0.0000,1200005,199724,1200005,1399729,13.35,applied
10600,5,0,194844,6140,97.11,46.66,168,0.4912,1200005,196510,1200005,1396515,13.32,applied
10600,6,1,0,0,0.00,35.00,0,0.0000,34,0,34,34,0.00,applied
10600,7,1,0,0,0.00,35.00,0,0.0000,34,0,34,34,0.00,applied
10600,8,1,0,0,0.00,35.00,0,0.0000,34,0,34,34,0.00,applied
10600,9,1,0,0,0.00,35.00,0,0.0000,34,0,34,34,0.00,applied
10600,10,1,0,0,0.00,35.00,0,0.0000,34,0,34,34,0.00,applied
10600,11,1,0,0,0.00,35.00,0,0.0000,34,0,34,34,0.00,applied
10600,12,1,0,0,0.00,35.00,0,0.0000,34,0,34,34,0.00,applied
10600,13,1,0,0,0.00,35.00,0,0.0000,34,0,34,34,0.00,applied
10600,14,2,63772,0,100.00,18.33,49,0.0000,6374004,6374004,51,6374055,60.79,applied
10600,15,2,63772,0,100.00,18.33,49,0.0000,6374095,6374095,34,6374129,60.79,applied
10600,16,2,63772,0,100.00,18.33,49,0.0000,6374009,6374009,51,6374060,60.79,applied
10600,17,2,63772,0,100.00,18.33,49,0.0000,6376614,6376614,51,6376665,60.81,applied
10600,18,2,63772,0,100.00,18.33,49,0.0000,6374011,6374011,51,6374062,60.79,applied
10600,19,2,63772,940,89.80,18.33,44,0.0752,6374005,6374005,51,6374056,60.79,applied
10600,20,2,63772,940,89.80,18.33,44,0.0752,6374005,6374005,51,6374056,60.79,applied
10600,21,2,63772,0,100.00,18.33,49,0.0000,6374597,6374597,51,6374648,60.79,applied
10600,22,2,63772,0,100.00,18.33,49,0.0000,6375555,6375555,51,6375606,60.80,applied
10600,23,2,63772,0,100.00,18.33,49,0.0000,6374006,6374006,51,6374057,60.79,applied
10600,24,2,63772,940,89.80,18.33,44,0.0752,6374012,6374012,51,6374063,60.79,applied
10600,25,2,63772,0,100.00,18.33,49,0.0000,6374006,6374006,51,6374057,60.79,applied
10600,26,2,63772,0,100.00,18.33,49,0.0000,6374006,6374006,51,6374057,60.79,applied
10600,27,2,63772,0,100.00,18.33,49,0.0000,6374128,6374128,51,6374179,60.79,applied
10600,28,2,63772,0,100.00,18.33,49,0.0000,6374144,6374144,51,6374195,60.79,applied
10600,29,2,63772,0,100.00,18.33,49,0.0000,6376286,6376286,51,6376337,60.81,applied
10600,30,2,63772,0,100.00,18.33,49,0.0000,6374010,6374010,51,6374061,60.79,applied
10600,31,2,63772,940,89.80,18.33,44,0.0752,6374010,6374010,51,6374061,60.79,applied
10600,32,2,63772,0,100.00,18.33,49,0.0000,6374010,6374010,51,6374061,60.79,applied
10600,33,2,63772,0,100.00,18.33,49,0.0000,6375847,6375847,51,6375898,60.81,applied
