timestamp,ueImsi,sliceId,dTxBytes,dRxBytes,plr,resourceSharePct,dLostPackets,throughputMbps,bufferBytes
560,1,0,24448,1528,93.75,29.48,15,1.2224,135411
560,2,0,24448,1528,93.75,29.48,15,1.2224,135306
560,3,0,24448,1528,93.75,29.48,15,1.2224,135368
560,4,0,24448,1528,93.75,29.48,15,1.2224,135384
560,5,0,24448,1528,93.75,29.48,15,1.2224,135384
560,6,1,780,624,20.00,27.88,2,0.4992,126
560,7,1,780,624,20.00,27.88,2,0.4992,126
560,8,1,780,624,20.00,27.88,2,0.4992,126
560,9,1,780,624,20.00,27.88,2,0.4992,126
560,10,1,780,624,20.00,27.88,2,0.4992,126
560,11,2,16000,896,94.40,42.65,118,0.7168,90870
560,12,2,16000,896,94.40,42.65,118,0.7168,90862
560,13,2,16000,896,94.40,42.65,118,0.7168,90778
560,14,2,16000,896,94.40,42.65,118,0.7168,90793
560,15,2,16000,1024,93.60,42.65,117,0.8192,90850
560,16,2,16000,1024,93.60,42.65,117,0.8192,90841
560,17,2,16000,1024,93.60,42.65,117,0.8192,90833
560,18,2,16000,1024,93.60,42.65,117,0.8192,90835
560,19,2,16000,1024,93.60,42.65,117,0.8192,90821
560,20,2,16000,896,94.40,42.65,118,0.7168,90813
