timestamp,ueImsi,sliceId,dTxBytes,dRxBytes,plr,resourceSharePct,dLostPackets,throughputMbps,bufferBytes
1510,1,0,18336,18336,0.00,45.26,0,14.6688,2437
1510,2,0,18336,16808,8.33,45.26,1,13.4464,547478
1510,3,0,18336,19864,0.00,45.26,0,15.8912,186587
1510,4,0,18336,9168,50.00,45.26,6,7.3344,1050070
1510,5,0,18336,0,100.00,45.26,12,0.0000,1696194
1510,6,1,390,546,0.00,24.88,0,0.4368,169
1510,7,1,390,390,0.00,24.88,0,0.3120,87
1510,8,1,390,0,100.00,24.88,5,0.0000,333
1510,9,1,390,0,100.00,24.88,5,0.0000,169
1510,10,1,390,390,0.00,24.88,0,0.3120,87
1510,11,2,384,256,33.33,29.85,1,0.2048,114
1510,12,2,384,256,33.33,29.85,1,0.2048,137
1510,13,2,384,256,33.33,29.85,1,0.2048,137
1510,14,2,384,0,100.00,29.85,3,0.0000,3129
1510,15,2,384,256,33.33,29.85,1,0.2048,137
1510,16,2,384,256,33.33,29.85,1,0.2048,137
1510,17,2,384,512,0.00,29.85,0,0.4096,137
1510,18,2,384,0,100.00,29.85,3,0.0000,961
1510,19,2,384,256,33.33,29.85,1,0.2048,137
1510,20,2,384,0,100.00,29.85,3,0.0000,137
