timestamp,sliceId,dedicatedPRB,minPRB,maxPRB
510,0,41.055151837656936,41.055151837656936,100.0
510,1,26.50243347658329,26.50243347658329,100.0
510,2,32.44241468575978,32.44241468575978,100.0
520,0,41.127960277187825,41.127960277187825,100.0
520,1,35.34212645533989,35.34212645533989,100.0
520,2,23.529913267472292,23.529913267472292,100.0
530,0,34.20817097464861,34.20817097464861,100.0
530,1,37.92937111954946,37.92937111954946,100.0
530,2,27.862457905801925,27.862457905801925,100.0
540,0,37.74936973856649,37.74936973856649,100.0
540,1,26.44469351369637,26.44469351369637,100.0
540,2,35.805936747737135,35.805936747737135,100.0
550,0,28.477188409687226,28.477188409687226,100.0
550,1,30.848126868656582,30.848126868656582,100.0
550,2,40.67468472165619,40.67468472165619,100.0
560,0,38.247455872031836,38.247455872031836,100.0
560,1,44.55686419534944,44.55686419534944,100.0
560,2,17.19567993261873,17.19567993261873,100.0
570,0,27.61334526526429,27.61334526526429,100.0
570,1,43.57137507426596,43.57137507426596,100.0
570,2,28.81527966046975,28.81527966046975,100.0
580,0,23.02437157917084,23.02437157917084,100.0
580,1,58.13046872474273,58.13046872474273,100.0
580,2,18.845159696086437,18.845159696086437,100.0
590,0,35.40062349894146,35.40062349894146,100.0
590,1,32.06926636271384,32.06926636271384,100.0
590,2,32.530110138344696,32.530110138344696,100.0
600,0,20.880087952685024,20.880087952685024,100.0
600,1,42.98687404399607,42.98687404399607,100.0
600,2,36.13303800331891,36.13303800331891,100.0
610,0,37.86582586469549,37.86582586469549,100.0
610,1,44.36623327722805,44.36623327722805,100.0
610,2,17.76794085807647,17.76794085807647,100.0
620,0,24.25025844422641,24.25025844422641,100.0
620,1,35.588379321550086,35.588379321550086,100.0
620,2,40.1613622342235,40.1613622342235,100.0
630,0,40.69181017380217,40.69181017380217,100.0
630,1,40.82526264364771,40.82526264364771,100.0
630,2,18.482927182550128,18.482927182550128,100.0
640,0,21.092523625131047,21.092523625131047,100.0
640,1,42.78100465603223,42.78100465603223,100.0
640,2,36.126471718836726,36.126471718836726,100.0
650,0,52.30103603900711,52.30103603900711,100.0
650,1,26.65497638907437,26.65497638907437,100.0
650,2,21.04398757191852,21.04398757191852,100.0
660,0,23.684471955132498,23.684471955132498,100.0
660,1,31.119710373302627,31.119710373302627,100.0
660,2,45.195817671564875,45.195817671564875,100.0
670,0,47.07099506604911,47.07099506604911,100.0
670,1,34.6920543923938,34.6920543923938,100.0
670,2,18.23695054155709,18.23695054155709,100.0
680,0,23.313184661071702,23.313184661071702,100.0
680,1,32.59882043158158,32.59882043158158,100.0
680,2,44.087994907346726,44.087994907346726,100.0
690,0,52.639836588873855,52.639836588873855,100.0
690,1,27.17669067272972,27.17669067272972,100.0
690,2,20.183472738396436,20.183472738396436,100.0
700,0,30.176359852419747,30.176359852419747,100.0
700,1,32.167389330144665,32.167389330144665,100.0
700,2,37.65625081743559,37.65625081743559,100.0
710,0,34.1951812834245,34.1951812834245,100.0
710,1,43.12287031666535,43.12287031666535,100.0
710,2,22.68194839991014,22.68194839991014,100.0
720,0,20.541973638855566,20.541973638855566,100.0
720,1,43.42124641574456,43.42124641574456,100.0
720,2,36.03677994539988,36.03677994539988,100.0
730,0,51.49588959745387,51.49588959745387,100.0
730,1,29.677138524178094,29.677138524178094,100.0
730,2,18.826971878368052,18.826971878368052,100.0
740,0,26.802430050577875,26.802430050577875,100.0
740,1,34.85721942773748,34.85721942773748,100.0
740,2,38.340350521684634,38.340350521684634,100.0
750,0,52.07385564900875,52.07385564900875,100.0
750,1,27.3540227491481,27.3540227491481,100.0
750,2,20.572121601843158,20.572121601843158,100.0
