timestamp,sliceId,dedicatedPRB,minPRB,maxPRB
510,0,22.142869435964883,22.142869435964883,100.0
510,1,31.47842962016175,31.47842962016175,100.0
510,2,46.378700943873355,46.378700943873355,100.0
520,0,31.64237062710051,31.64237062710051,100.0
520,1,47.155024822256514,47.155024822256514,100.0
520,2,21.202604550642977,21.202604550642977,100.0
530,0,42.35526623738394,42.35526623738394,100.0
530,1,33.903735594514515,33.903735594514515,100.0
530,2,23.740998168101545,23.740998168101545,100.0
540,0,37.890854914242325,37.890854914242325,100.0
540,1,42.13704384923203,42.13704384923203,100.0
540,2,19.972101236525646,19.972101236525646,100.0
550,0,37.682573009707404,37.682573009707404,100.0
550,1,29.687732742462885,29.687732742462885,100.0
550,2,32.62969424782972,32.62969424782972,100.0
