timestamp,ueImsi,sliceId,dTxBytes,dRxBytes,plr,resourceSharePct,dLostPackets,throughputMbps,bufferBytes
880,1,0,25976,4584,82.35,43.50,14,3.6672,867327
880,2,0,25976,4584,82.35,43.50,14,3.6672,867356
880,3,0,25976,4584,82.35,43.50,14,3.6672,867347
880,4,0,25976,4584,82.35,43.50,14,3.6672,867231
880,5,0,25976,4584,82.35,43.50,14,3.6672,867343
880,6,1,390,390,0.00,34.01,0,0.3120,87
880,7,1,390,390,0.00,34.01,0,0.3120,87
880,8,1,390,390,0.00,34.01,0,0.3120,87
880,9,1,390,390,0.00,34.01,0,0.3120,87
880,10,1,390,390,0.00,34.01,0,0.3120,87
880,11,2,16000,1024,93.60,22.49,117,0.8192,581894
880,12,2,16000,1024,93.60,22.49,117,0.8192,581908
880,13,2,16000,1024,93.60,22.49,117,0.8192,581910
880,14,2,16000,1024,93.60,22.49,117,0.8192,581930
880,15,2,16000,1024,93.60,22.49,117,0.8192,581990
880,16,2,16000,896,94.40,22.49,118,0.7168,581947
880,17,2,16000,1024,93.60,22.49,117,0.8192,581804
880,18,2,16000,896,94.40,22.49,118,0.7168,581845
880,19,2,16000,1024,93.60,22.49,117,0.8192,582009
880,20,2,16000,896,94.40,22.49,118,0.7168,581982
