timestamp,sliceId,dedicatedPRB,minPRB,maxPRB
510,0,40.73901201087322,40.73901201087322,100.0
510,1,35.48994284838399,35.48994284838399,100.0
510,2,23.7710451407428,23.7710451407428,100.0
520,0,41.9126229087931,41.9126229087931,100.0
520,1,30.662782378574633,30.662782378574633,100.0
520,2,27.424594712632278,27.424594712632278,100.0
530,0,29.818100251671588,29.818100251671588,100.0
530,1,42.63352160931749,42.63352160931749,100.0
530,2,27.54837813901092,27.54837813901092,100.0
540,0,40.34568381631553,40.34568381631553,100.0
540,1,39.26120206170857,39.26120206170857,100.0
540,2,20.393114121975902,20.393114121975902,100.0
550,0,49.5557322098045,49.5557322098045,100.0
550,1,29.14881693986165,29.14881693986165,100.0
550,2,21.295450850333847,21.295450850333847,100.0
560,0,22.851733679366887,22.851733679366887,100.0
560,1,32.64188661585058,32.64188661585058,100.0
560,2,44.50637970478253,44.50637970478253,100.0
570,0,24.980240499694567,24.980240499694567,100.0
570,1,44.96173117123769,44.96173117123769,100.0
570,2,30.058028329067753,30.058028329067753,100.0
580,0,35.55219583606809,35.55219583606809,100.0
580,1,44.30836686108479,44.30836686108479,100.0
580,2,20.139437302847117,20.139437302847117,100.0
590,0,28.252826034792587,28.252826034792587,100.0
590,1,32.21177290865182,32.21177290865182,100.0
590,2,39.5354010565556,39.5354010565556,100.0
600,0,27.20123667588883,27.20123667588883,100.0
600,1,48.72834897758397,48.72834897758397,100.0
600,2,24.0704143465272,24.0704143465272,100.0
610,0,48.62368864356835,48.62368864356835,100.0
610,1,27.6093073070383,27.6093073070383,100.0
610,2,23.767004049393343,23.767004049393343,100.0
620,0,29.219926059227053,29.219926059227053,100.0
620,1,40.07292074003436,40.07292074003436,100.0
620,2,30.707153200738595,30.707153200738595,100.0
630,0,24.738131556516663,24.738131556516663,100.0
630,1,49.9311731306759,49.9311731306759,100.0
630,2,25.330695312807432,25.330695312807432,100.0
640,0,21.2654157446717,21.2654157446717,100.0
640,1,39.56992221320096,39.56992221320096,100.0
640,2,39.16466204212734,39.16466204212734,100.0
650,0,42.261267295559705,42.261267295559705,100.0
650,1,27.388525998326074,27.388525998326074,100.0
650,2,30.350206706114225,30.350206706114225,100.0
660,0,32.16991497280037,32.16991497280037,100.0
660,1,38.355194697238574,38.355194697238574,100.0
660,2,29.474890329961056,29.474890329961056,100.0
670,0,37.21558605294573,37.21558605294573,100.0
670,1,23.852768958324898,23.852768958324898,100.0
670,2,38.93164498872938,38.93164498872938,100.0
680,0,28.56903239709402,28.56903239709402,100.0
680,1,31.56808082318261,31.56808082318261,100.0
680,2,39.86288677972338,39.86288677972338,100.0
690,0,27.673092111985724,27.673092111985724,100.0
690,1,43.25424677866817,43.25424677866817,100.0
690,2,29.0726611093461,29.0726611093461,100.0
700,0,32.430432419369836,32.430432419369836,100.0
700,1,39.06261563126703,39.06261563126703,100.0
700,2,28.506951949363142,28.506951949363142,100.0
710,0,35.31458996274698,35.31458996274698,100.0
710,1,31.30891861089349,31.30891861089349,100.0
710,2,33.376491426359536,33.376491426359536,100.0
720,0,30.582588565525658,30.582588565525658,100.0
720,1,45.894424698097446,45.894424698097446,100.0
720,2,23.522986736376893,23.522986736376893,100.0
730,0,27.264228855735777,27.264228855735777,100.0
730,1,50.6625815399022,50.6625815399022,100.0
730,2,22.07318960436203,22.07318960436203,100.0
740,0,22.752185365352272,22.752185365352272,100.0
740,1,45.07374090116748,45.07374090116748,100.0
740,2,32.17407373348025,32.17407373348025,100.0
750,0,31.037506529831514,31.037506529831514,100.0
750,1,42.01627206994366,42.01627206994366,100.0
750,2,26.94622140022482,26.94622140022482,100.0
760,0,34.92395030607505,34.92395030607505,100.0
760,1,36.98557248262042,36.98557248262042,100.0
760,2,28.090477211304528,28.090477211304528,100.0
770,0,39.141581631486574,39.141581631486574,100.0
770,1,38.1007962440199,38.1007962440199,100.0
770,2,22.757622124493526,22.757622124493526,100.0
780,0,39.29166062577898,39.29166062577898,100.0
780,1,23.841315498013323,23.841315498013323,100.0
780,2,36.867023876207696,36.867023876207696,100.0
790,0,43.326123504847615,43.326123504847615,100.0
790,1,30.651276375920446,30.651276375920446,100.0
790,2,26.022600119231942,26.022600119231942,100.0
800,0,29.33019928397915,29.33019928397915,100.0
800,1,35.55321833803104,35.55321833803104,100.0
800,2,35.116582377989815,35.116582377989815,100.0
810,0,36.57619359232834,36.57619359232834,100.0
810,1,27.705684185906048,27.705684185906048,100.0
810,2,35.71812222176562,35.71812222176562,100.0
820,0,25.612304869456388,25.612304869456388,100.0
820,1,41.664512907294274,41.664512907294274,100.0
820,2,32.723182223249346,32.723182223249346,100.0
830,0,37.61438867519323,37.61438867519323,100.0
830,1,39.10777749841986,39.10777749841986,100.0
830,2,23.277833826386907,23.277833826386907,100.0
840,0,34.47793477481848,34.47793477481848,100.0
840,1,38.943434803789486,38.943434803789486,100.0
840,2,26.57863042139204,26.57863042139204,100.0
850,0,46.10623075543674,46.10623075543674,100.0
850,1,26.650401827076127,26.650401827076127,100.0
850,2,27.243367417487143,27.243367417487143,100.0
860,0,39.198003813328505,39.198003813328505,100.0
860,1,35.79354296938686,35.79354296938686,100.0
860,2,25.008453217284625,25.008453217284625,100.0
870,0,43.50283066392401,43.50283066392401,100.0
870,1,34.009514497199035,34.009514497199035,100.0
870,2,22.487654838876963,22.487654838876963,100.0
