timestamp,ueImsi,sliceId,dTxBytes,dRxBytes,plr,resourceSharePct,dLostPackets,throughputMbps,bufferBytes
1510,1,0,18336,15280,16.67,27.75,2,12.2240,1197
1510,2,0,18336,10696,41.67,27.75,5,8.5568,528562
1510,3,0,18336,13752,25.00,27.75,3,11.0016,182699
1510,4,0,18336,7640,58.33,27.75,7,6.1120,1044609
1510,5,0,18336,0,100.00,27.75,12,0.0000,1684452
1510,6,1,390,0,100.00,47.82,5,0.0000,169
1510,7,1,390,390,0.00,47.82,0,0.3120,87
1510,8,1,390,0,100.00,47.82,5,0.0000,87
1510,9,1,390,0,100.00,47.82,5,0.0000,1201
1510,10,1,390,390,0.00,47.82,0,0.3120,87
1510,11,2,384,256,33.33,24.43,1,0.2048,27
1510,12,2,384,256,33.33,24.43,1,0.2048,27
1510,13,2,384,256,33.33,24.43,1,0.2048,137
1510,14,2,384,0,100.00,24.43,3,0.0000,929
1510,15,2,384,256,33.33,24.43,1,0.2048,137
1510,16,2,384,256,33.33,24.43,1,0.2048,137
1510,17,2,384,0,100.00,24.43,3,0.0000,137
1510,18,2,384,0,100.00,24.43,3,0.0000,1061
1510,19,2,384,256,33.33,24.43,1,0.2048,137
1510,20,2,384,128,66.67,24.43,2,0.1024,137
