timestamp,sliceId,dedicatedPRB,minPRB,maxPRB
510,0,42.04207561252649,42.04207561252649,100.0
510,1,40.21407435144291,40.21407435144291,100.0
510,2,17.7438500360306,17.7438500360306,100.0
520,0,31.72812095023071,31.72812095023071,100.0
520,1,37.25932629003948,37.25932629003948,100.0
520,2,31.012552759729818,31.012552759729818,100.0
530,0,40.440193198576424,40.440193198576424,100.0
530,1,42.731133900686665,42.731133900686665,100.0
530,2,16.82867290073692,16.82867290073692,100.0
540,0,35.06508875186568,35.06508875186568,100.0
540,1,39.54616028437871,39.54616028437871,100.0
540,2,25.388750963755612,25.388750963755612,100.0
550,0,21.95522669943255,21.95522669943255,100.0
550,1,53.141549401405854,53.141549401405854,100.0
550,2,24.903223899161603,24.903223899161603,100.0
