timestamp,ueImsi,sliceId,dTxBytes,dRxBytes,plr,resourceSharePct,dLostPackets,throughputMbps,bufferBytes
560,1,0,24448,1528,93.75,16.67,15,1.2224,132635
560,2,0,24448,1528,93.75,16.67,15,1.2224,131958
560,3,0,24448,1528,93.75,16.67,15,1.2224,131862
560,4,0,24448,3056,87.50,16.67,14,2.4448,131458
560,5,0,24448,1528,93.75,16.67,15,1.2224,131173
560,6,1,390,312,20.00,70.00,1,0.2496,169
560,7,1,390,312,20.00,70.00,1,0.2496,169
560,8,1,390,312,20.00,70.00,1,0.2496,169
560,9,1,390,312,20.00,70.00,1,0.2496,169
560,10,1,390,312,20.00,70.00,1,0.2496,169
560,11,2,16000,384,97.60,13.34,122,0.3072,93147
560,12,2,16000,384,97.60,13.34,122,0.3072,93147
560,13,2,16000,384,97.60,13.34,122,0.3072,93148
560,14,2,16000,640,96.00,13.34,120,0.5120,92436
560,15,2,16000,640,96.00,13.34,120,0.5120,92401
560,16,2,16000,640,96.00,13.34,120,0.5120,92110
560,17,2,16000,768,95.20,13.34,119,0.6144,91820
560,18,2,16000,768,95.20,13.34,119,0.6144,91535
560,19,2,16000,768,95.20,13.34,119,0.6144,91608
560,20,2,16000,768,95.20,13.34,119,0.6144,91528
