timestamp,ueImsi,sliceId,dTxBytes,dRxBytes,plr,resourceSharePct,dLostPackets,throughputMbps,bufferBytes
560,1,0,24448,3056,87.50,48.63,14,2.4448,134047
560,2,0,24448,3056,87.50,48.63,14,2.4448,133948
560,3,0,24448,1528,93.75,48.63,15,1.2224,133847
560,4,0,24448,1528,93.75,48.63,15,1.2224,133850
560,5,0,24448,1528,93.75,48.63,15,1.2224,133854
560,6,1,390,312,20.00,32.10,1,0.2496,169
560,7,1,390,312,20.00,32.10,1,0.2496,169
560,8,1,390,312,20.00,32.10,1,0.2496,169
560,9,1,390,312,20.00,32.10,1,0.2496,169
560,10,1,390,312,20.00,32.10,1,0.2496,169
560,11,2,16000,512,96.80,19.27,121,0.4096,91389
560,12,2,16000,512,96.80,19.27,121,0.4096,91382
560,13,2,16000,512,96.80,19.27,121,0.4096,91373
560,14,2,16000,512,96.80,19.27,121,0.4096,91366
560,15,2,16000,384,97.60,19.27,122,0.3072,91436
560,16,2,16000,384,97.60,19.27,122,0.3072,91430
560,17,2,16000,512,96.80,19.27,121,0.4096,91359
560,18,2,16000,512,96.80,19.27,121,0.4096,91339
560,19,2,16000,512,96.80,19.27,121,0.4096,91425
560,20,2,16000,512,96.80,19.27,121,0.4096,91443
