timestamp,ueImsi,sliceId,dTxBytes,dRxBytes,plr,resourceSharePct,dLostPackets,throughputMbps,bufferBytes
1200,1,0,18336,1528,91.67,22.62,11,1.2224,1078070
1200,2,0,18336,1528,91.67,22.62,11,1.2224,1078042
1200,3,0,18336,1528,91.67,22.62,11,1.2224,1078141
1200,4,0,18336,1528,91.67,22.62,11,1.2224,1078072
1200,5,0,18336,1528,91.67,22.62,11,1.2224,1078062
1200,6,1,390,468,0.00,49.06,0,0.3744,87
1200,7,1,390,468,0.00,49.06,0,0.3744,87
1200,8,1,390,468,0.00,49.06,0,0.3744,87
1200,9,1,390,468,0.00,49.06,0,0.3744,87
1200,10,1,390,468,0.00,49.06,0,0.3744,87
1200,11,2,256,384,0.00,28.32,0,0.3072,137
1200,12,2,256,384,0.00,28.32,0,0.3072,137
1200,13,2,256,384,0.00,28.32,0,0.3072,137
1200,14,2,256,384,0.00,28.32,0,0.3072,137
1200,15,2,256,384,0.00,28.32,0,0.3072,137
1200,16,2,256,384,0.00,28.32,0,0.3072,137
1200,17,2,256,384,0.00,28.32,0,0.3072,137
1200,18,2,256,384,0.00,28.32,0,0.3072,137
1200,19,2,256,384,0.00,28.32,0,0.3072,137
1200,20,2,256,384,0.00,28.32,0,0.3072,137
