timestamp,sliceId,dedicatedPRB,minPRB,maxPRB
510,0,46.28292119210434,46.28292119210434,100.0
510,1,34.92349724381558,34.92349724381558,100.0
510,2,18.793581564080075,18.793581564080075,100.0
520,0,30.568856945947132,30.568856945947132,100.0
520,1,43.12939552185985,43.12939552185985,100.0
520,2,26.30174753219302,26.30174753219302,100.0
530,0,29.292664289856152,29.292664289856152,100.0
530,1,38.95675756642058,38.95675756642058,100.0
530,2,31.750578143723267,31.750578143723267,100.0
540,0,29.19098968902506,29.19098968902506,100.0
540,1,40.81714310714987,40.81714310714987,100.0
540,2,29.991867203825073,29.991867203825073,100.0
550,0,22.83893148088451,22.83893148088451,100.0
550,1,29.026142144530475,29.026142144530475,100.0
550,2,48.13492637458501,48.13492637458501,100.0
