timestamp,ueImsi,sliceId,dTxBytes,dRxBytes,plr,resourceSharePct,dLostPackets,throughputMbps,bufferBytes
1510,1,0,35144,32088,8.70,31.81,2,25.6704,148682
1510,2,0,35144,18336,47.83,31.81,11,14.6688,1489431
1510,3,1,1014,312,69.23,44.89,9,0.2496,87
1510,4,1,1014,1014,0.00,44.89,0,0.8112,87
1510,5,2,256,0,100.00,23.30,2,0.0000,137
1510,6,2,256,1024,0.00,23.30,0,0.8192,137
1510,7,2,256,256,0.00,23.30,0,0.2048,137
1510,8,2,256,0,100.00,23.30,2,0.0000,137
1510,9,2,256,0,100.00,23.30,2,0.0000,269
1510,10,2,256,256,0.00,23.30,0,0.2048,137
