timestamp,ueImsi,sliceId,dTxBytes,dRxBytes,plr,resourceSharePct,dLostPackets,throughputMbps,bufferBytes
760,1,0,25976,1528,94.12,25.22,16,1.2224,597610
760,2,0,25976,3056,88.24,25.22,15,2.4448,597474
760,3,0,25976,1528,94.12,25.22,16,1.2224,597504
760,4,0,25976,1528,94.12,25.22,16,1.2224,597610
760,5,0,25976,1528,94.12,25.22,16,1.2224,597510
760,6,1,390,546,0.00,45.10,0,0.4368,87
760,7,1,390,546,0.00,45.10,0,0.4368,87
760,8,1,390,546,0.00,45.10,0,0.4368,87
760,9,1,390,546,0.00,45.10,0,0.4368,87
760,10,1,390,546,0.00,45.10,0,0.4368,87
760,11,2,16000,1024,93.60,29.68,117,0.8192,397178
760,12,2,16000,1024,93.60,29.68,117,0.8192,397165
760,13,2,16000,1024,93.60,29.68,117,0.8192,397170
760,14,2,16000,1024,93.60,29.68,117,0.8192,397186
760,15,2,16000,1024,93.60,29.68,117,0.8192,397179
760,16,2,16000,1024,93.60,29.68,117,0.8192,397167
760,17,2,16000,1024,93.60,29.68,117,0.8192,397179
760,18,2,16000,1024,93.60,29.68,117,0.8192,397178
760,19,2,16000,1024,93.60,29.68,117,0.8192,397246
760,20,2,16000,1024,93.60,29.68,117,0.8192,397263
