timestamp,sliceId,dedicatedPRB,minPRB,maxPRB
510,0,35.04598533536398,35.04598533536398,100.0
510,1,29.727290865046896,29.727290865046896,100.0
510,2,35.226723799589124,35.226723799589124,100.0
520,0,52.22027739374221,52.22027739374221,100.0
520,1,25.834841464990443,25.834841464990443,100.0
520,2,21.94488114126735,21.94488114126735,100.0
530,0,52.384707940592044,52.384707940592044,100.0
530,1,28.353290080641912,28.353290080641912,100.0
530,2,19.262001978766037,19.262001978766037,100.0
540,0,49.7885903546232,49.7885903546232,100.0
540,1,26.12742707046677,26.12742707046677,100.0
540,2,24.083982574910035,24.083982574910035,100.0
550,0,51.63808050455787,51.63808050455787,100.0
550,1,27.58407777211889,27.58407777211889,100.0
550,2,20.777841723323228,20.777841723323228,100.0
560,0,29.506544485732768,29.506544485732768,100.0
560,1,48.809976304661596,48.809976304661596,100.0
560,2,21.683479209605636,21.683479209605636,100.0
570,0,28.11616046831189,28.11616046831189,100.0
570,1,34.07931840805604,34.07931840805604,100.0
570,2,37.80452112363207,37.80452112363207,100.0
580,0,33.570973142086785,33.570973142086785,100.0
580,1,46.95408148369613,46.95408148369613,100.0
580,2,19.474945374217093,19.474945374217093,100.0
590,0,30.224762637258596,30.224762637258596,100.0
590,1,36.76157838547978,36.76157838547978,100.0
590,2,33.01365897726163,33.01365897726163,100.0
600,0,47.530490618145464,47.530490618145464,100.0
600,1,29.204072183417406,29.204072183417406,100.0
600,2,23.265437198437137,23.265437198437137,100.0
610,0,22.42227780439031,22.42227780439031,100.0
610,1,44.424120921119695,44.424120921119695,100.0
610,2,33.15360127448999,33.15360127448999,100.0
620,0,29.48399399128352,29.48399399128352,100.0
620,1,50.8321086179214,50.8321086179214,100.0
620,2,19.68389739079508,19.68389739079508,100.0
630,0,34.690091877279386,34.690091877279386,100.0
630,1,39.64399551342922,39.64399551342922,100.0
630,2,25.665912609291407,25.665912609291407,100.0
640,0,26.81794874288485,26.81794874288485,100.0
640,1,26.438596076273353,26.438596076273353,100.0
640,2,46.743455180841806,46.743455180841806,100.0
650,0,35.95059587117825,35.95059587117825,100.0
650,1,37.00095995689264,37.00095995689264,100.0
650,2,27.04844417192911,27.04844417192911,100.0
660,0,37.85822632930148,37.85822632930148,100.0
660,1,34.004144769207514,34.004144769207514,100.0
660,2,28.137628901491006,28.137628901491006,100.0
670,0,40.546054281332204,40.546054281332204,100.0
670,1,37.13465367014709,37.13465367014709,100.0
670,2,22.319292048520705,22.319292048520705,100.0
680,0,41.793030408871005,41.793030408871005,100.0
680,1,25.632299522475172,25.632299522475172,100.0
680,2,32.57467006865383,32.57467006865383,100.0
690,0,30.644592205221155,30.644592205221155,100.0
690,1,36.084950100592906,36.084950100592906,100.0
690,2,33.27045769418594,33.27045769418594,100.0
700,0,44.3599022482632,44.3599022482632,100.0
700,1,33.77542394047695,33.77542394047695,100.0
700,2,21.86467381125986,21.86467381125986,100.0
710,0,20.84380519870484,20.84380519870484,100.0
710,1,43.18328703921858,43.18328703921858,100.0
710,2,35.97290776207659,35.97290776207659,100.0
720,0,34.580200438403985,34.580200438403985,100.0
720,1,42.6094213974981,42.6094213974981,100.0
720,2,22.810378164097912,22.810378164097912,100.0
730,0,37.37333213740002,37.37333213740002,100.0
730,1,39.134815915644985,39.134815915644985,100.0
730,2,23.491851946954995,23.491851946954995,100.0
740,0,31.099895475459338,31.099895475459338,100.0
740,1,42.620257726503105,42.620257726503105,100.0
740,2,26.279846798037553,26.279846798037553,100.0
750,0,27.220864689392705,27.220864689392705,100.0
750,1,35.998507690965596,35.998507690965596,100.0
750,2,36.780627619641706,36.780627619641706,100.0
760,0,38.56387502466553,38.56387502466553,100.0
760,1,36.817338651452516,36.817338651452516,100.0
760,2,24.618786323881952,24.618786323881952,100.0
770,0,41.63105457430577,41.63105457430577,100.0
770,1,32.04561618887449,32.04561618887449,100.0
770,2,26.32332923681974,26.32332923681974,100.0
780,0,23.393598805570825,23.393598805570825,100.0
780,1,45.73148323526342,45.73148323526342,100.0
780,2,30.874917959165753,30.874917959165753,100.0
790,0,23.14368350592541,23.14368350592541,100.0
790,1,44.18176142918253,44.18176142918253,100.0
790,2,32.67455506489206,32.67455506489206,100.0
800,0,43.38341378010988,43.38341378010988,100.0
800,1,36.13614025499911,36.13614025499911,100.0
800,2,20.480445964891015,20.480445964891015,100.0
810,0,40.15302128985031,40.15302128985031,100.0
810,1,36.166030523282714,36.166030523282714,100.0
810,2,23.680948186866985,23.680948186866985,100.0
820,0,47.84080471833114,47.84080471833114,100.0
820,1,29.44329471947883,29.44329471947883,100.0
820,2,22.71590056219003,22.71590056219003,100.0
830,0,47.79839582190751,47.79839582190751,100.0
830,1,29.683030576466635,29.683030576466635,100.0
830,2,22.518573601625853,22.518573601625853,100.0
840,0,30.241349843043235,30.241349843043235,100.0
840,1,38.79693896429475,38.79693896429475,100.0
840,2,30.961711192662015,30.961711192662015,100.0
850,0,34.16562662395276,34.16562662395276,100.0
850,1,44.376167751325674,44.376167751325674,100.0
850,2,21.458205624721572,21.458205624721572,100.0
860,0,30.504732216632295,30.504732216632295,100.0
860,1,33.924856616624005,33.924856616624005,100.0
860,2,35.570411166743696,35.570411166743696,100.0
870,0,29.415139214765308,29.415139214765308,100.0
870,1,33.78564832829007,33.78564832829007,100.0
870,2,36.799212456944616,36.799212456944616,100.0
880,0,36.797274274671864,36.797274274671864,100.0
880,1,45.03904740415685,45.03904740415685,100.0
880,2,18.16367832117129,18.16367832117129,100.0
890,0,43.36830047673166,43.36830047673166,100.0
890,1,28.082438317587894,28.082438317587894,100.0
890,2,28.54926120568045,28.54926120568045,100.0
900,0,29.76605424537998,29.76605424537998,100.0
900,1,29.9527968337715,29.9527968337715,100.0
900,2,40.28114892084852,40.28114892084852,100.0
910,0,34.34706624428514,34.34706624428514,100.0
910,1,34.5138636277018,34.5138636277018,100.0
910,2,31.139070128013064,31.139070128013064,100.0
920,0,40.528379637142685,40.528379637142685,100.0
920,1,38.312860466524235,38.312860466524235,100.0
920,2,21.15875989633308,21.15875989633308,100.0
930,0,42.99146623225843,42.99146623225843,100.0
930,1,36.297471414647845,36.297471414647845,100.0
930,2,20.711062353093727,20.711062353093727,100.0
940,0,31.442734900158833,31.442734900158833,100.0
940,1,44.315491700655556,44.315491700655556,100.0
940,2,24.241773399185607,24.241773399185607,100.0
950,0,50.71946857767857,50.71946857767857,100.0
950,1,27.679922459747264,27.679922459747264,100.0
950,2,21.600608962574167,21.600608962574167,100.0
960,0,47.57715602096946,47.57715602096946,100.0
960,1,30.488352404890218,30.488352404890218,100.0
960,2,21.934491574140328,21.934491574140328,100.0
970,0,43.97044052623126,43.97044052623126,100.0
970,1,34.55774412942117,34.55774412942117,100.0
970,2,21.47181534434758,21.47181534434758,100.0
980,0,51.281328308631544,51.281328308631544,100.0
980,1,29.62046105287335,29.62046105287335,100.0
980,2,19.098210638495093,19.098210638495093,100.0
990,0,26.963771830855787,26.963771830855787,100.0
990,1,49.75279416953668,49.75279416953668,100.0
990,2,23.283433999607535,23.283433999607535,100.0
1000,0,39.27556037796825,39.27556037796825,100.0
1000,1,38.23614136357519,38.23614136357519,100.0
1000,2,22.488298258456563,22.488298258456563,100.0
1010,0,29.565890839969335,29.565890839969335,100.0
1010,1,38.589345935777786,38.589345935777786,100.0
1010,2,31.844763224252876,31.844763224252876,100.0
1020,0,39.423572091550675,39.423572091550675,100.0
1020,1,25.151802141063833,25.151802141063833,100.0
1020,2,35.42462576738549,35.42462576738549,100.0
1030,0,46.66553760866673,46.66553760866673,100.0
1030,1,26.494874131577305,26.494874131577305,100.0
1030,2,26.839588259755963,26.839588259755963,100.0
1040,0,28.9523274601369,28.9523274601369,100.0
1040,1,29.445653331860523,29.445653331860523,100.0
1040,2,41.60201920800259,41.60201920800259,100.0
1050,0,29.39204766551636,29.39204766551636,100.0
1050,1,36.184430047833885,36.184430047833885,100.0
1050,2,34.423522286649764,34.423522286649764,100.0
1060,0,35.48729359749603,35.48729359749603,100.0
1060,1,26.19113088754215,26.19113088754215,100.0
1060,2,38.32157551496182,38.32157551496182,100.0
1070,0,36.50392499539742,36.50392499539742,100.0
1070,1,27.871918315461507,27.871918315461507,100.0
1070,2,35.624156689141074,35.624156689141074,100.0
1080,0,44.25813692385559,44.25813692385559,100.0
1080,1,35.48833364802817,35.48833364802817,100.0
1080,2,20.253529428116245,20.253529428116245,100.0
1090,0,43.78200096529388,43.78200096529388,100.0
1090,1,27.23194130462477,27.23194130462477,100.0
1090,2,28.986057730081356,28.986057730081356,100.0
1100,0,33.076368262577546,33.076368262577546,100.0
1100,1,42.391885120284094,42.391885120284094,100.0
1100,2,24.531746617138364,24.531746617138364,100.0
1110,0,35.93217858022076,35.93217858022076,100.0
1110,1,45.69309000802139,45.69309000802139,100.0
1110,2,18.374731411757843,18.374731411757843,100.0
1120,0,35.159285016433,35.159285016433,100.0
1120,1,33.58209421895306,33.58209421895306,100.0
1120,2,31.258620764613944,31.258620764613944,100.0
1130,0,28.46685599431586,28.46685599431586,100.0
1130,1,44.81643403599211,44.81643403599211,100.0
1130,2,26.716709969692033,26.716709969692033,100.0
1140,0,27.49500270042561,27.49500270042561,100.0
1140,1,34.83309894459036,34.83309894459036,100.0
1140,2,37.67189835498404,37.67189835498404,100.0
1150,0,41.83738528901413,41.83738528901413,100.0
1150,1,32.740788145653084,32.740788145653084,100.0
1150,2,25.421826565332793,25.421826565332793,100.0
1160,0,32.51951638419588,32.51951638419588,100.0
1160,1,36.21695077569949,36.21695077569949,100.0
1160,2,31.26353284010463,31.26353284010463,100.0
1170,0,46.84229606749819,46.84229606749819,100.0
1170,1,27.854352806467485,27.854352806467485,100.0
1170,2,25.303351126034322,25.303351126034322,100.0
1180,0,27.257796162500764,27.257796162500764,100.0
1180,1,29.00479459441548,29.00479459441548,100.0
1180,2,43.73740924308376,43.73740924308376,100.0
1190,0,52.79008599191317,52.79008599191317,100.0
1190,1,25.183034321769547,25.183034321769547,100.0
1190,2,22.026879686317283,22.026879686317283,100.0
1200,0,42.99403503566068,42.99403503566068,100.0
1200,1,33.79648669717447,33.79648669717447,100.0
1200,2,23.20947826716484,23.20947826716484,100.0
1210,0,26.060566645318694,26.060566645318694,100.0
1210,1,51.87649407896806,51.87649407896806,100.0
1210,2,22.06293927571325,22.06293927571325,100.0
1220,0,24.129872930982973,24.129872930982973,100.0
1220,1,51.49496562481831,51.49496562481831,100.0
1220,2,24.375161444198728,24.375161444198728,100.0
1230,0,34.23913740609254,34.23913740609254,100.0
1230,1,35.1346098343579,35.1346098343579,100.0
1230,2,30.626252759549562,30.626252759549562,100.0
1240,0,41.62903550295894,41.62903550295894,100.0
1240,1,27.694284858521566,27.694284858521566,100.0
1240,2,30.676679638519488,30.676679638519488,100.0
1250,0,34.351874319638675,34.351874319638675,100.0
1250,1,30.711646384828228,30.711646384828228,100.0
1250,2,34.9364792955331,34.9364792955331,100.0
1260,0,30.4233992097793,30.4233992097793,100.0
1260,1,34.51202759240392,34.51202759240392,100.0
1260,2,35.064573197816784,35.064573197816784,100.0
1270,0,33.66904105608484,33.66904105608484,100.0
1270,1,44.70002750683705,44.70002750683705,100.0
1270,2,21.6309314370781,21.6309314370781,100.0
1280,0,36.44360834057749,36.44360834057749,100.0
1280,1,44.50453365349908,44.50453365349908,100.0
1280,2,19.05185800592343,19.05185800592343,100.0
1290,0,44.641987820610694,44.641987820610694,100.0
1290,1,27.89883519051764,27.89883519051764,100.0
1290,2,27.45917698887167,27.45917698887167,100.0
1300,0,43.26692796527203,43.26692796527203,100.0
1300,1,29.633094865734705,29.633094865734705,100.0
1300,2,27.099977168993263,27.099977168993263,100.0
1310,0,33.15153502703795,33.15153502703795,100.0
1310,1,29.047859064424685,29.047859064424685,100.0
1310,2,37.80060590853737,37.80060590853737,100.0
1320,0,30.407645616693912,30.407645616693912,100.0
1320,1,41.42061737613151,41.42061737613151,100.0
1320,2,28.17173700717458,28.17173700717458,100.0
1330,0,23.795238278799008,23.795238278799008,100.0
1330,1,26.156873557670057,26.156873557670057,100.0
1330,2,50.04788816353093,50.04788816353093,100.0
1340,0,47.906309920442155,47.906309920442155,100.0
1340,1,33.897629139547696,33.897629139547696,100.0
1340,2,18.19606094001015,18.19606094001015,100.0
1350,0,37.95507771064429,37.95507771064429,100.0
1350,1,29.273116963589597,29.273116963589597,100.0
1350,2,32.77180532576611,32.77180532576611,100.0
1360,0,22.39002616091599,22.39002616091599,100.0
1360,1,46.784361567591404,46.784361567591404,100.0
1360,2,30.82561227149261,30.82561227149261,100.0
1370,0,41.05635798896407,41.05635798896407,100.0
1370,1,34.92122088653335,34.92122088653335,100.0
1370,2,24.022421124502575,24.022421124502575,100.0
1380,0,24.438257153855446,24.438257153855446,100.0
1380,1,35.502744626432026,35.502744626432026,100.0
1380,2,40.05899821971253,40.05899821971253,100.0
1390,0,34.133722993529666,34.133722993529666,100.0
1390,1,42.733338929914645,42.733338929914645,100.0
1390,2,23.132938076555682,23.132938076555682,100.0
1400,0,29.49376409565108,29.49376409565108,100.0
1400,1,38.16050601749158,38.16050601749158,100.0
1400,2,32.34572988685734,32.34572988685734,100.0
1410,0,37.831073067412014,37.831073067412014,100.0
1410,1,33.383193997561165,33.383193997561165,100.0
1410,2,28.785732935026815,28.785732935026815,100.0
1420,0,46.94462223131454,46.94462223131454,100.0
1420,1,27.318939198330504,27.318939198330504,100.0
1420,2,25.73643857035496,25.73643857035496,100.0
1430,0,34.12129016568738,34.12129016568738,100.0
1430,1,41.614403781555595,41.614403781555595,100.0
1430,2,24.264306052757025,24.264306052757025,100.0
1440,0,29.17477424905005,29.17477424905005,100.0
1440,1,47.986760335043016,47.986760335043016,100.0
1440,2,22.83846541590694,22.83846541590694,100.0
1450,0,33.10434132474344,33.10434132474344,100.0
1450,1,26.743120848341455,26.743120848341455,100.0
1450,2,40.1525378269151,40.1525378269151,100.0
1460,0,34.837623922328866,34.837623922328866,100.0
1460,1,38.78915706684465,38.78915706684465,100.0
1460,2,26.37321901082648,26.37321901082648,100.0
1470,0,24.94746013459971,24.94746013459971,100.0
1470,1,31.56976466474467,31.56976466474467,100.0
1470,2,43.482775200655624,43.482775200655624,100.0
1480,0,30.74191645506884,30.74191645506884,100.0
1480,1,44.99492547153584,44.99492547153584,100.0
1480,2,24.263158073395314,24.263158073395314,100.0
1490,0,42.211680976372755,42.211680976372755,100.0
1490,1,36.07965185148997,36.07965185148997,100.0
1490,2,21.70866717213728,21.70866717213728,100.0
1500,0,40.63847691574106,40.63847691574106,100.0
1500,1,36.16520385516514,36.16520385516514,100.0
1500,2,23.196319229093806,23.196319229093806,100.0
