timestamp,sliceId,dedicatedPRB,minPRB,maxPRB
510,0,21.739596017031886,21.739596017031886,100.0
510,1,48.83432299655586,48.83432299655586,100.0
510,2,29.426080986412256,29.426080986412256,100.0
520,0,25.02237839688075,25.02237839688075,100.0
520,1,40.31945513172595,40.31945513172595,100.0
520,2,34.6581664713933,34.6581664713933,100.0
530,0,23.518070699364884,23.518070699364884,100.0
530,1,29.915722406243635,29.915722406243635,100.0
530,2,46.566206894391485,46.566206894391485,100.0
540,0,28.901990110939163,28.901990110939163,100.0
540,1,38.82381541384501,38.82381541384501,100.0
540,2,32.27419447521583,32.27419447521583,100.0
550,0,25.39804921636768,25.39804921636768,100.0
550,1,32.696218641200446,32.696218641200446,100.0
550,2,41.90573214243187,41.90573214243187,100.0
560,0,30.13487781027444,30.13487781027444,100.0
560,1,44.30583287991852,44.30583287991852,100.0
560,2,25.55928930980705,25.55928930980705,100.0
570,0,29.67713413885277,29.67713413885277,100.0
570,1,50.14310750851154,50.14310750851154,100.0
570,2,20.179758352635684,20.179758352635684,100.0
580,0,27.067654522754147,27.067654522754147,100.0
580,1,47.75141577554767,47.75141577554767,100.0
580,2,25.180929701698183,25.180929701698183,100.0
590,0,26.771802775647537,26.771802775647537,100.0
590,1,45.83624560452398,45.83624560452398,100.0
590,2,27.391951619828482,27.391951619828482,100.0
600,0,35.42241811359011,35.42241811359011,100.0
600,1,43.126860726523,43.126860726523,100.0
600,2,21.450721159886882,21.450721159886882,100.0
610,0,33.502770785221905,33.502770785221905,100.0
610,1,34.77062185651678,34.77062185651678,100.0
610,2,31.726607358261322,31.726607358261322,100.0
620,0,29.68341104569966,29.68341104569966,100.0
620,1,41.83850123461088,41.83850123461088,100.0
620,2,28.47808771968946,28.47808771968946,100.0
630,0,22.19063622168493,22.19063622168493,100.0
630,1,43.95024483431776,43.95024483431776,100.0
630,2,33.859118943997316,33.859118943997316,100.0
640,0,38.442314165227195,38.442314165227195,100.0
640,1,27.66565964331499,27.66565964331499,100.0
640,2,33.892026191457816,33.892026191457816,100.0
650,0,36.08649584659888,36.08649584659888,100.0
650,1,24.416341754434217,24.416341754434217,100.0
650,2,39.497162398966914,39.497162398966914,100.0
660,0,29.466603681981162,29.466603681981162,100.0
660,1,35.91951491135477,35.91951491135477,100.0
660,2,34.61388140666407,34.61388140666407,100.0
670,0,49.43339789617349,49.43339789617349,100.0
670,1,25.987396222676807,25.987396222676807,100.0
670,2,24.579205881149697,24.579205881149697,100.0
680,0,46.95939639515449,46.95939639515449,100.0
680,1,25.277459750986676,25.277459750986676,100.0
680,2,27.763143853858846,27.763143853858846,100.0
690,0,28.922524717795,28.922524717795,100.0
690,1,48.68855275062367,48.68855275062367,100.0
690,2,22.388922531581336,22.388922531581336,100.0
700,0,37.155275574718594,37.155275574718594,100.0
700,1,44.84974504584079,44.84974504584079,100.0
700,2,17.99497937944062,17.99497937944062,100.0
710,0,35.58616395181617,35.58616395181617,100.0
710,1,39.839651859720185,39.839651859720185,100.0
710,2,24.57418418846365,24.57418418846365,100.0
720,0,27.94922596392726,27.94922596392726,100.0
720,1,28.138492732649077,28.138492732649077,100.0
720,2,43.91228130342366,43.91228130342366,100.0
730,0,48.739325824998545,48.739325824998545,100.0
730,1,27.71320786828352,27.71320786828352,100.0
730,2,23.547466306717936,23.547466306717936,100.0
740,0,23.94380943255709,23.94380943255709,100.0
740,1,43.47570511445667,43.47570511445667,100.0
740,2,32.58048545298624,32.58048545298624,100.0
750,0,48.43438249884501,48.43438249884501,100.0
750,1,26.55944222190068,26.55944222190068,100.0
750,2,25.006175279254318,25.006175279254318,100.0
760,0,45.82318004536647,45.82318004536647,100.0
760,1,30.017548625227096,30.017548625227096,100.0
760,2,24.15927132940643,24.15927132940643,100.0
770,0,35.217517258393976,35.217517258393976,100.0
770,1,26.404623809448168,26.404623809448168,100.0
770,2,38.377858932157864,38.377858932157864,100.0
780,0,52.19036536407634,52.19036536407634,100.0
780,1,29.21828256815798,29.21828256815798,100.0
780,2,18.59135206776569,18.59135206776569,100.0
790,0,32.8888134913919,32.8888134913919,100.0
790,1,28.525449436573936,28.525449436573936,100.0
790,2,38.58573707203416,38.58573707203416,100.0
800,0,34.422422115107295,34.422422115107295,100.0
800,1,36.70402962411566,36.70402962411566,100.0
800,2,28.87354826077705,28.87354826077705,100.0
810,0,31.194705780222936,31.194705780222936,100.0
810,1,43.98666984318756,43.98666984318756,100.0
810,2,24.81862437658949,24.81862437658949,100.0
820,0,29.18475940920933,29.18475940920933,100.0
820,1,35.89693633008079,35.89693633008079,100.0
820,2,34.918304260709874,34.918304260709874,100.0
830,0,25.233951388462106,25.233951388462106,100.0
830,1,54.92401784104152,54.92401784104152,100.0
830,2,19.84203077049639,19.84203077049639,100.0
840,0,35.45191119696353,35.45191119696353,100.0
840,1,39.690143986412465,39.690143986412465,100.0
840,2,24.857944816624,24.857944816624,100.0
850,0,41.55283467636182,41.55283467636182,100.0
850,1,37.18318880879511,37.18318880879511,100.0
850,2,21.263976514843076,21.263976514843076,100.0
860,0,41.23959752032096,41.23959752032096,100.0
860,1,34.79627030429964,34.79627030429964,100.0
860,2,23.964132175379397,23.964132175379397,100.0
870,0,23.198751657820782,23.198751657820782,100.0
870,1,48.53789896981365,48.53789896981365,100.0
870,2,28.263349372365564,28.263349372365564,100.0
880,0,34.03383299707795,34.03383299707795,100.0
880,1,33.99717593600206,33.99717593600206,100.0
880,2,31.968991066919994,31.968991066919994,100.0
890,0,36.61752603799116,36.61752603799116,100.0
890,1,35.28253237052017,35.28253237052017,100.0
890,2,28.099941591488665,28.099941591488665,100.0
900,0,46.15346786297216,46.15346786297216,100.0
900,1,30.230573276756704,30.230573276756704,100.0
900,2,23.61595886027114,23.61595886027114,100.0
910,0,49.54829242580136,49.54829242580136,100.0
910,1,31.072333037832074,31.072333037832074,100.0
910,2,19.379374536366576,19.379374536366576,100.0
920,0,30.163936475429214,30.163936475429214,100.0
920,1,43.67711042554468,43.67711042554468,100.0
920,2,26.158953099026093,26.158953099026093,100.0
930,0,34.85966677983872,34.85966677983872,100.0
930,1,47.16099343994843,47.16099343994843,100.0
930,2,17.97933978021286,17.97933978021286,100.0
940,0,34.90724551467827,34.90724551467827,100.0
940,1,35.930786319762454,35.930786319762454,100.0
940,2,29.161968165559273,29.161968165559273,100.0
950,0,35.43183965488245,35.43183965488245,100.0
950,1,26.31369356258609,26.31369356258609,100.0
950,2,38.25446678253146,38.25446678253146,100.0
960,0,34.51704397153751,34.51704397153751,100.0
960,1,33.01590850936584,33.01590850936584,100.0
960,2,32.467047519096646,32.467047519096646,100.0
970,0,24.141790570928322,24.141790570928322,100.0
970,1,33.3158745321269,33.3158745321269,100.0
970,2,42.54233489694479,42.54233489694479,100.0
980,0,34.73854250328425,34.73854250328425,100.0
980,1,38.442442321264984,38.442442321264984,100.0
980,2,26.819015175450772,26.819015175450772,100.0
990,0,30.964074312676793,30.964074312676793,100.0
990,1,37.44726879294022,37.44726879294022,100.0
990,2,31.58865689438298,31.58865689438298,100.0
1000,0,27.63885248057517,27.63885248057517,100.0
1000,1,48.0798265227757,48.0798265227757,100.0
1000,2,24.28132099664914,24.28132099664914,100.0
1010,0,37.63209394018045,37.63209394018045,100.0
1010,1,30.800805539518915,30.800805539518915,100.0
1010,2,31.567100520300638,31.567100520300638,100.0
1020,0,45.259601602567265,45.259601602567265,100.0
1020,1,33.196320287534256,33.196320287534256,100.0
1020,2,21.544078109898468,21.544078109898468,100.0
1030,0,29.45875032668852,29.45875032668852,100.0
1030,1,43.06369401377945,43.06369401377945,100.0
1030,2,27.477555659532044,27.477555659532044,100.0
1040,0,27.970974006917267,27.970974006917267,100.0
1040,1,52.11685831861552,52.11685831861552,100.0
1040,2,19.912167674467213,19.912167674467213,100.0
1050,0,26.170921975076467,26.170921975076467,100.0
1050,1,51.92369613722472,51.92369613722472,100.0
1050,2,21.905381887698816,21.905381887698816,100.0
1060,0,30.11492306005105,30.11492306005105,100.0
1060,1,32.54545730675021,32.54545730675021,100.0
1060,2,37.33961963319874,37.33961963319874,100.0
1070,0,36.05963119248003,36.05963119248003,100.0
1070,1,31.833591282035055,31.833591282035055,100.0
1070,2,32.10677752548491,32.10677752548491,100.0
1080,0,21.832145010051356,21.832145010051356,100.0
1080,1,45.54442588939368,45.54442588939368,100.0
1080,2,32.623429100554965,32.623429100554965,100.0
1090,0,41.80419669654828,41.80419669654828,100.0
1090,1,36.634968229085274,36.634968229085274,100.0
1090,2,21.560835074366455,21.560835074366455,100.0
1100,0,33.50776110906589,33.50776110906589,100.0
1100,1,36.81324203038184,36.81324203038184,100.0
1100,2,29.678996860552264,29.678996860552264,100.0
1110,0,24.298894776972684,24.298894776972684,100.0
1110,1,48.18590275573985,48.18590275573985,100.0
1110,2,27.51520246728746,27.51520246728746,100.0
1120,0,25.192250017792407,25.192250017792407,100.0
1120,1,51.745708986559016,51.745708986559016,100.0
1120,2,23.062040995648577,23.062040995648577,100.0
1130,0,29.66783671691417,29.66783671691417,100.0
1130,1,29.944240013308477,29.944240013308477,100.0
1130,2,40.38792326977736,40.38792326977736,100.0
1140,0,39.27843305123304,39.27843305123304,100.0
1140,1,30.14031711347301,30.14031711347301,100.0
1140,2,30.58124983529396,30.58124983529396,100.0
1150,0,29.462960914440238,29.462960914440238,100.0
1150,1,43.297282762934415,43.297282762934415,100.0
1150,2,27.23975632262534,27.23975632262534,100.0
1160,0,35.352273064647704,35.352273064647704,100.0
1160,1,30.392134368129543,30.392134368129543,100.0
1160,2,34.255592567222756,34.255592567222756,100.0
1170,0,30.216783329609676,30.216783329609676,100.0
1170,1,26.398667583261222,26.398667583261222,100.0
1170,2,43.3845490871291,43.3845490871291,100.0
1180,0,24.663373644689703,24.663373644689703,100.0
1180,1,47.302443934677676,47.302443934677676,100.0
1180,2,28.034182420632625,28.034182420632625,100.0
1190,0,31.999996831354245,31.999996831354245,100.0
1190,1,26.404852122246968,26.404852122246968,100.0
1190,2,41.59515104639879,41.59515104639879,100.0
1200,0,26.79944620962554,26.79944620962554,100.0
1200,1,54.68119686768039,54.68119686768039,100.0
1200,2,18.519356922694076,18.519356922694076,100.0
1210,0,31.360336118063444,31.360336118063444,100.0
1210,1,31.199402148924815,31.199402148924815,100.0
1210,2,37.440261733011745,37.440261733011745,100.0
1220,0,30.031288900331525,30.031288900331525,100.0
1220,1,49.70240197275011,49.70240197275011,100.0
1220,2,20.266309126918358,20.266309126918358,100.0
1230,0,32.54524330649179,32.54524330649179,100.0
1230,1,26.454465590927654,26.454465590927654,100.0
1230,2,41.000291102580555,41.000291102580555,100.0
1240,0,39.41407505994933,39.41407505994933,100.0
1240,1,28.98076170449132,28.98076170449132,100.0
1240,2,31.605163235559353,31.605163235559353,100.0
1250,0,39.32519373274275,39.32519373274275,100.0
1250,1,41.823783190111094,41.823783190111094,100.0
1250,2,18.85102307714616,18.85102307714616,100.0
1260,0,54.13419147472243,54.13419147472243,100.0
1260,1,26.816401552785905,26.816401552785905,100.0
1260,2,19.049406972491667,19.049406972491667,100.0
1270,0,29.0004716752925,29.0004716752925,100.0
1270,1,43.30713263197751,43.30713263197751,100.0
1270,2,27.692395692729992,27.692395692729992,100.0
1280,0,24.566436811228986,24.566436811228986,100.0
1280,1,35.009760488498834,35.009760488498834,100.0
1280,2,40.423802700272184,40.423802700272184,100.0
1290,0,36.08440028054985,36.08440028054985,100.0
1290,1,42.96336714756022,42.96336714756022,100.0
1290,2,20.952232571889922,20.952232571889922,100.0
1300,0,31.90994584134638,31.90994584134638,100.0
1300,1,47.19793168510268,47.19793168510268,100.0
1300,2,20.892122473550938,20.892122473550938,100.0
1310,0,29.94300244073881,29.94300244073881,100.0
1310,1,47.62350443911475,47.62350443911475,100.0
1310,2,22.43349312014645,22.43349312014645,100.0
1320,0,41.028518020097366,41.028518020097366,100.0
1320,1,34.392924197965655,34.392924197965655,100.0
1320,2,24.578557781936983,24.578557781936983,100.0
1330,0,30.87378648348229,30.87378648348229,100.0
1330,1,39.956467675369076,39.956467675369076,100.0
1330,2,29.169745841148643,29.169745841148643,100.0
1340,0,36.40071075950566,36.40071075950566,100.0
1340,1,27.471571852531856,27.471571852531856,100.0
1340,2,36.12771738796249,36.12771738796249,100.0
1350,0,27.326619354763448,27.326619354763448,100.0
1350,1,34.53167975023259,34.53167975023259,100.0
1350,2,38.14170089500396,38.14170089500396,100.0
1360,0,38.34266574947971,38.34266574947971,100.0
1360,1,35.648082575158355,35.648082575158355,100.0
1360,2,26.009251675361934,26.009251675361934,100.0
1370,0,34.302936366583566,34.302936366583566,100.0
1370,1,39.357447044728566,39.357447044728566,100.0
1370,2,26.339616588687864,26.339616588687864,100.0
1380,0,24.16528177828285,24.16528177828285,100.0
1380,1,46.98911914362281,46.98911914362281,100.0
1380,2,28.84559907809434,28.84559907809434,100.0
1390,0,24.234081335139145,24.234081335139145,100.0
1390,1,52.15295483325678,52.15295483325678,100.0
1390,2,23.61296383160406,23.61296383160406,100.0
1400,0,33.702048625878334,33.702048625878334,100.0
1400,1,27.52925388125321,27.52925388125321,100.0
1400,2,38.768697492868455,38.768697492868455,100.0
1410,0,24.48547297161069,24.48547297161069,100.0
1410,1,51.32834433558997,51.32834433558997,100.0
1410,2,24.186182692799335,24.186182692799335,100.0
1420,0,31.877197001991362,31.877197001991362,100.0
1420,1,36.03743733505935,36.03743733505935,100.0
1420,2,32.085365662949286,32.085365662949286,100.0
1430,0,36.148744330388524,36.148744330388524,100.0
1430,1,31.331793474314235,31.331793474314235,100.0
1430,2,32.51946219529724,32.51946219529724,100.0
1440,0,23.768219701615713,23.768219701615713,100.0
1440,1,53.67855208938352,53.67855208938352,100.0
1440,2,22.553228209000764,22.553228209000764,100.0
1450,0,47.25384277461133,47.25384277461133,100.0
1450,1,29.764131545781154,29.764131545781154,100.0
1450,2,22.982025679607514,22.982025679607514,100.0
1460,0,42.14632224494763,42.14632224494763,100.0
1460,1,25.120364698776005,25.120364698776005,100.0
1460,2,32.73331305627637,32.73331305627637,100.0
1470,0,28.72112842053907,28.72112842053907,100.0
1470,1,41.98243715662257,41.98243715662257,100.0
1470,2,29.296434422838374,29.296434422838374,100.0
1480,0,27.984496618119014,27.984496618119014,100.0
1480,1,41.489857608500124,41.489857608500124,100.0
1480,2,30.52564577338086,30.52564577338086,100.0
1490,0,32.13665765012736,32.13665765012736,100.0
1490,1,47.66877186117152,47.66877186117152,100.0
1490,2,20.194570488701114,20.194570488701114,100.0
1500,0,24.678263166097302,24.678263166097302,100.0
1500,1,33.08332383949968,33.08332383949968,100.0
1500,2,42.23841299440302,42.23841299440302,100.0
