timestamp,ueImsi,sliceId,dTxBytes,dRxBytes,plr,resourceSharePct,dLostPackets,throughputMbps,bufferBytes
640,1,0,25976,4584,82.35,51.31,14,3.6672,290036
640,2,0,25976,4584,82.35,51.31,14,3.6672,289947
640,3,0,25976,4584,82.35,51.31,14,3.6672,289942
640,4,0,25976,4584,82.35,51.31,14,3.6672,289964
640,5,0,25976,4584,82.35,51.31,14,3.6672,289951
640,6,1,390,390,0.00,26.92,0,0.3120,87
640,7,1,390,390,0.00,26.92,0,0.3120,87
640,8,1,390,390,0.00,26.92,0,0.3120,87
640,9,1,390,390,0.00,26.92,0,0.3120,87
640,10,1,390,390,0.00,26.92,0,0.3120,87
640,11,2,16000,1024,93.60,21.77,117,0.8192,206795
640,12,2,16000,1024,93.60,21.77,117,0.8192,206783
640,13,2,16000,1024,93.60,21.77,117,0.8192,206820
640,14,2,16000,1024,93.60,21.77,117,0.8192,206758
640,15,2,16000,1024,93.60,21.77,117,0.8192,206742
640,16,2,16000,1024,93.60,21.77,117,0.8192,206841
640,17,2,16000,1024,93.60,21.77,117,0.8192,206849
640,18,2,16000,1024,93.60,21.77,117,0.8192,206801
640,19,2,16000,1024,93.60,21.77,117,0.8192,206758
640,20,2,16000,1024,93.60,21.77,117,0.8192,206766
