timestamp,sliceId,dedicatedPRB,minPRB,maxPRB
510,0,37.00135303533008,37.00135303533008,100.0
510,1,34.889726343105984,34.889726343105984,100.0
510,2,28.10892062156394,28.10892062156394,100.0
520,0,35.1844237221163,35.1844237221163,100.0
520,1,31.82695806947763,31.82695806947763,100.0
520,2,32.98861820840607,32.98861820840607,100.0
530,0,31.64863835311572,31.64863835311572,100.0
530,1,31.83998457837499,31.83998457837499,100.0
530,2,36.51137706850929,36.51137706850929,100.0
540,0,41.005516581328216,41.005516581328216,100.0
540,1,27.87686723474558,27.87686723474558,100.0
540,2,31.11761618392621,31.11761618392621,100.0
550,0,25.87787198433712,25.87787198433712,100.0
550,1,41.99248765883572,41.99248765883572,100.0
550,2,32.12964035682717,32.12964035682717,100.0
560,0,50.97571125076733,50.97571125076733,100.0
560,1,26.88824210579509,26.88824210579509,100.0
560,2,22.136046643437574,22.136046643437574,100.0
570,0,36.18992094367141,36.18992094367141,100.0
570,1,45.925635812744986,45.925635812744986,100.0
570,2,17.884443243583608,17.884443243583608,100.0
580,0,46.30832475465632,46.30832475465632,100.0
580,1,29.817595782523476,29.817595782523476,100.0
580,2,23.874079462820205,23.874079462820205,100.0
590,0,50.17001424048515,50.17001424048515,100.0
590,1,27.841220862953126,27.841220862953126,100.0
590,2,21.988764896561726,21.988764896561726,100.0
600,0,30.93807948223332,30.93807948223332,100.0
600,1,47.39546458537285,47.39546458537285,100.0
600,2,21.66645593239384,21.66645593239384,100.0
610,0,43.61812040187857,43.61812040187857,100.0
610,1,30.651487152201966,30.651487152201966,100.0
610,2,25.73039244591947,25.73039244591947,100.0
620,0,48.574637331460316,48.574637331460316,100.0
620,1,25.699676171989772,25.699676171989772,100.0
620,2,25.725686496549915,25.725686496549915,100.0
630,0,51.314070288464066,51.314070288464066,100.0
630,1,26.92065800186384,26.92065800186384,100.0
630,2,21.765271709672092,21.765271709672092,100.0
