timestamp,sliceId,dedicatedPRB,minPRB,maxPRB,algorithm
510,0,46.665,46.665,100.0,1
510,1,30.000000000000004,30.000000000000004,100.0,1
510,2,23.335,23.335,100.0,1
520,0,31.665,31.665,100.0,2
520,1,45.0,45.0,100.0,2
520,2,23.335,23.335,100.0,2
530,0,31.665,31.665,100.0,2
530,1,30.000000000000004,30.000000000000004,100.0,2
530,2,38.334999999999994,38.334999999999994,100.0,2
540,0,41.665,41.665,100.0,1
540,1,20.000000000000004,20.000000000000004,100.0,1
540,2,38.335,38.335,100.0,1
550,0,41.665,41.665,100.0,2
550,1,40.0,40.0,100.0,2
550,2,18.335,18.335,100.0,2
560,0,26.665,26.665,100.0,2
560,1,55.00000000000001,55.00000000000001,100.0,2
560,2,18.335,18.335,100.0,2
570,0,16.665,16.665,100.0,1
570,1,30.000000000000004,30.000000000000004,100.0,1
570,2,53.335,53.335,100.0,1
580,0,46.665,46.665,100.0,2
580,1,20.0,20.0,100.0,2
580,2,33.335,33.335,100.0,2
