timestamp,ueImsi,sliceId,dTxBytes,dRxBytes,plr,resourceSharePct,dLostPackets,throughputMbps,bufferBytes
560,1,0,24448,1528,93.75,31.66,15,1.2224,136118
560,2,0,24448,1528,93.75,31.66,15,1.2224,135434
560,3,0,24448,1528,93.75,31.66,15,1.2224,135111
560,4,0,24448,1528,93.75,31.66,15,1.2224,133951
560,5,0,24448,1528,93.75,31.66,15,1.2224,133853
560,6,1,780,624,20.00,35.00,2,0.4992,87
560,7,1,780,624,20.00,35.00,2,0.4992,87
560,8,1,780,624,20.00,35.00,2,0.4992,87
560,9,1,780,624,20.00,35.00,2,0.4992,126
560,10,1,780,624,20.00,35.00,2,0.4992,126
560,11,2,16000,512,96.80,33.34,121,0.4096,93071
560,12,2,16000,512,96.80,33.34,121,0.4096,93071
560,13,2,16000,896,94.40,33.34,118,0.7168,92582
560,14,2,16000,768,95.20,33.34,119,0.6144,92229
560,15,2,16000,768,95.20,33.34,119,0.6144,92292
560,16,2,16000,768,95.20,33.34,119,0.6144,91611
560,17,2,16000,768,95.20,33.34,119,0.6144,91613
560,18,2,16000,768,95.20,33.34,119,0.6144,91613
560,19,2,16000,768,95.20,33.34,119,0.6144,91605
560,20,2,16000,768,95.20,33.34,119,0.6144,91605
