timestamp,ueImsi,sliceId,dTxBytes,dRxBytes,plr,resourceSharePct,dLostPackets,throughputMbps,bufferBytes
560,1,0,24448,3056,87.50,66.67,14,2.4448,136862
560,2,0,24448,3056,87.50,66.67,14,2.4448,135710
560,3,0,24448,3056,87.50,66.67,14,2.4448,135772
560,4,0,24448,3056,87.50,66.67,14,2.4448,135772
560,5,0,24448,3056,87.50,66.67,14,2.4448,134989
560,6,1,780,624,20.00,20.00,2,0.4992,126
560,7,1,780,624,20.00,20.00,2,0.4992,225
560,8,1,780,624,20.00,20.00,2,0.4992,225
560,9,1,780,624,20.00,20.00,2,0.4992,225
560,10,1,780,624,20.00,20.00,2,0.4992,225
560,11,2,16000,128,99.20,13.34,124,0.1024,93161
560,12,2,16000,128,99.20,13.34,124,0.1024,93161
560,13,2,16000,128,99.20,13.34,124,0.1024,92083
560,14,2,16000,512,96.80,13.34,121,0.4096,91640
560,15,2,16000,384,97.60,13.34,122,0.3072,91704
560,16,2,16000,384,97.60,13.34,122,0.3072,91704
560,17,2,16000,384,97.60,13.34,122,0.3072,91704
560,18,2,16000,384,97.60,13.34,122,0.3072,91704
560,19,2,16000,384,97.60,13.34,122,0.3072,91702
560,20,2,16000,384,97.60,13.34,122,0.3072,91702
