timestamp_ms,ue_id,slice,thr_mbps,tx_bytes_delta,rx_bytes_delta,tx_packets_delta,rx_packets_delta,loss_pct_interval,buffer_bytes,dropped_packets_delta,rsh_configured_pct
510,1,eMBB,8.5568,33616,10696,22,7,0.00,3069,0,33.33
510,2,eMBB,19.5584,33616,24448,22,16,0.00,3069,0,33.33
510,3,URLLC,0.4992,936,624,12,8,0.00,87,0,40.00
510,4,URLLC,0.4992,936,624,12,8,0.00,87,0,40.00
510,5,MTC,0.1024,256,128,2,1,0.00,137,0,26.67
510,6,MTC,0.0000,256,0,2,0,0.00,137,0,26.67
510,7,MTC,0.0000,256,0,2,0,0.00,137,0,26.67
510,8,MTC,0.1024,256,128,2,1,0.00,137,0,26.67
510,9,MTC,0.1024,256,128,2,1,0.00,137,0,26.67
510,10,MTC,0.1024,256,128,2,1,0.00,137,0,26.67
520,1,eMBB,11.0016,35144,13752,23,9,0.00,28722,0,41.66
520,2,eMBB,3.6672,35144,4584,23,3,0.00,28631,0,41.66
520,3,URLLC,0.6864,936,858,12,11,0.00,333,0,20.00
520,4,URLLC,0.6864,936,858,12,11,0.00,333,0,20.00
520,5,MTC,0.2048,256,256,2,2,0.00,137,0,38.34
520,6,MTC,0.0000,256,0,2,0,0.00,137,0,38.34
520,7,MTC,0.0000,256,0,2,0,0.00,137,0,38.34
520,8,MTC,0.2048,256,256,2,2,0.00,137,0,38.34
520,9,MTC,0.2048,256,256,2,2,0.00,137,0,38.34
520,10,MTC,0.2048,256,256,2,2,0.00,137,0,38.34
530,1,eMBB,7.3344,35144,9168,23,6,0.00,59579,0,41.66
530,2,eMBB,9.7792,35144,12224,23,8,0.00,41037,0,41.66
530,3,URLLC,0.8736,1014,1092,13,14,0.00,87,0,20.00
530,4,URLLC,0.8736,1014,1092,13,14,0.00,87,0,20.00
530,5,MTC,0.2048,256,256,2,2,0.00,137,0,38.34
530,6,MTC,0.0000,256,0,2,0,0.00,137,0,38.34
530,7,MTC,0.0000,256,0,2,0,0.00,86,0,38.34
530,8,MTC,0.2048,256,256,2,2,0.00,137,0,38.34
530,9,MTC,0.2048,256,256,2,2,0.00,137,0,38.34
530,10,MTC,0.2048,256,256,2,2,0.00,137,0,38.34
540,1,eMBB,18.3360,35144,22920,23,15,0.00,61419,0,61.67
540,2,eMBB,62.3424,35144,77928,23,51,0.00,8686,0,61.67
540,3,URLLC,0.8112,936,1014,12,13,0.00,87,0,20.00
540,4,URLLC,0.8112,936,1014,12,13,0.00,87,0,20.00
540,5,MTC,0.2048,256,256,2,2,0.00,137,0,18.34
540,6,MTC,0.0000,256,0,2,0,0.00,137,0,18.34
540,7,MTC,0.0000,256,0,2,0,0.00,86,0,18.34
540,8,MTC,0.2048,256,256,2,2,0.00,137,0,18.34
540,9,MTC,0.2048,256,256,2,2,0.00,137,0,18.34
540,10,MTC,0.2048,256,256,2,2,0.00,137,0,18.34
550,1,eMBB,28.1152,35144,35144,23,23,0.00,67793,0,41.66
550,2,eMBB,31.7824,35144,39728,23,26,0.00,3069,0,41.66
550,3,URLLC,0.6240,1014,780,13,10,0.00,87,0,20.00
550,4,URLLC,0.6240,1014,780,13,10,0.00,87,0,20.00
550,5,MTC,0.2048,256,256,2,2,0.00,137,0,38.34
550,6,MTC,0.0000,256,0,2,0,0.00,108,0,38.34
550,7,MTC,0.0000,256,0,2,0,0.00,137,0,38.34
550,8,MTC,0.2048,256,256,2,2,0.00,137,0,38.34
550,9,MTC,0.2048,256,256,2,2,0.00,137,0,38.34
550,10,MTC,0.2048,256,256,2,2,0.00,137,0,38.34
560,1,eMBB,20.7808,35144,25976,23,17,0.00,80208,0,46.66
560,2,eMBB,29.3376,35144,36672,23,24,0.00,6388,0,46.66
560,3,URLLC,0.8112,936,1014,12,13,0.00,87,0,25.00
560,4,URLLC,0.8112,936,1014,12,13,0.00,87,0,25.00
560,5,MTC,0.2048,256,256,2,2,0.00,137,0,28.34
560,6,MTC,0.0000,256,0,2,0,0.00,137,0,28.34
560,7,MTC,0.0000,256,0,2,0,0.00,137,0,28.34
560,8,MTC,0.2048,256,256,2,2,0.00,137,0,28.34
560,9,MTC,0.2048,256,256,2,2,0.00,137,0,28.34
560,10,MTC,0.2048,256,256,2,2,0.00,137,0,28.34
570,1,eMBB,8.5568,35144,10696,23,7,0.00,92104,0,46.66
570,2,eMBB,29.3376,35144,36672,23,24,0.00,6133,0,46.66
570,3,URLLC,0.8736,1014,1092,13,14,0.00,169,0,25.00
570,4,URLLC,0.8736,1014,1092,13,14,0.00,169,0,25.00
570,5,MTC,0.2048,256,256,2,2,0.00,137,0,28.34
570,6,MTC,0.0000,256,0,2,0,0.00,137,0,28.34
570,7,MTC,0.0000,256,0,2,0,0.00,137,0,28.34
570,8,MTC,0.2048,256,256,2,2,0.00,137,0,28.34
570,9,MTC,0.2048,256,256,2,2,0.00,137,0,28.34
570,10,MTC,0.2048,256,256,2,2,0.00,137,0,28.34
580,1,eMBB,23.2256,35144,29032,23,19,0.00,107340,0,26.67
580,2,eMBB,29.3376,35144,36672,23,24,0.00,1537,0,26.67
580,3,URLLC,0.8112,936,1014,12,13,0.00,87,0,35.00
580,4,URLLC,0.8112,936,1014,12,13,0.00,87,0,35.00
580,5,MTC,0.3072,256,384,2,3,0.00,137,0,38.34
580,6,MTC,0.0000,256,0,2,0,0.00,137,0,38.34
580,7,MTC,0.0000,256,0,2,0,0.00,137,0,38.34
580,8,MTC,0.3072,256,384,2,3,0.00,137,0,38.34
580,9,MTC,0.3072,256,384,2,3,0.00,137,0,38.34
580,10,MTC,0.3072,256,384,2,3,0.00,137,0,38.34
590,1,eMBB,18.3360,35144,22920,23,15,0.00,120204,0,56.66
590,2,eMBB,28.1152,35144,35144,23,23,0.00,1537,0,56.66
590,3,URLLC,0.7488,1014,936,13,12,0.00,87,0,20.00
590,4,URLLC,0.7488,1014,936,13,12,0.00,87,0,20.00
590,5,MTC,0.2048,256,256,2,2,0.00,137,0,23.34
590,6,MTC,0.0000,256,0,2,0,0.00,137,0,23.34
590,7,MTC,0.0000,256,0,2,0,0.00,137,0,23.34
590,8,MTC,0.2048,256,256,2,2,0.00,137,0,23.34
590,9,MTC,0.2048,256,256,2,2,0.00,137,0,23.34
590,10,MTC,0.2048,256,256,2,2,0.00,137,0,23.34
600,1,eMBB,20.7808,35144,25976,23,17,0.00,134030,0,31.66
600,2,eMBB,25.6704,35144,32088,23,21,0.00,1537,0,31.66
600,3,URLLC,0.8112,936,1014,12,13,0.00,87,0,25.00
600,4,URLLC,0.8112,936,1014,12,13,0.00,87,0,25.00
600,5,MTC,0.2048,256,256,2,2,0.00,137,0,43.34
600,6,MTC,0.0000,256,0,2,0,0.00,137,0,43.34
600,7,MTC,0.0000,256,0,2,0,0.00,137,0,43.34
600,8,MTC,0.2048,256,256,2,2,0.00,137,0,43.34
600,9,MTC,0.2048,256,256,2,2,0.00,137,0,43.34
600,10,MTC,0.2048,256,256,2,2,0.00,137,0,43.34
610,1,eMBB,12.2240,35144,15280,23,10,0.00,142294,0,46.66
610,2,eMBB,25.6704,35144,32088,23,21,0.00,1537,0,46.66
610,3,URLLC,0.7488,1014,936,13,12,0.00,87,0,30.00
610,4,URLLC,0.7488,1014,936,13,12,0.00,87,0,30.00
610,5,MTC,0.2048,256,256,2,2,0.00,137,0,23.34
610,6,MTC,0.0000,256,0,2,0,0.00,137,0,23.34
610,7,MTC,0.0000,256,0,2,0,0.00,137,0,23.34
610,8,MTC,0.2048,256,256,2,2,0.00,137,0,23.34
610,9,MTC,0.2048,256,256,2,2,0.00,137,0,23.34
610,10,MTC,0.2048,256,256,2,2,0.00,137,0,23.34
620,1,eMBB,14.6688,33616,18336,22,12,0.00,147405,0,46.66
620,2,eMBB,28.1152,33616,35144,22,23,0.00,1537,0,46.66
620,3,URLLC,0.6864,936,858,12,11,0.00,87,0,30.00
620,4,URLLC,0.6864,936,858,12,11,0.00,87,0,30.00
620,5,MTC,0.2048,256,256,2,2,0.00,137,0,23.34
620,6,MTC,0.0000,256,0,2,0,0.00,137,0,23.34
620,7,MTC,0.0000,256,0,2,0,0.00,137,0,23.34
620,8,MTC,0.2048,256,256,2,2,0.00,137,0,23.34
620,9,MTC,0.2048,256,256,2,2,0.00,137,0,23.34
620,10,MTC,0.2048,256,256,2,2,0.00,137,0,23.34
630,1,eMBB,0.0000,35144,0,23,0,0.00,151051,0,66.67
630,2,eMBB,29.3376,35144,36672,23,24,0.00,1537,0,66.67
630,3,URLLC,0.8112,1014,1014,13,13,0.00,87,0,20.00
630,4,URLLC,0.8112,1014,1014,13,13,0.00,87,0,20.00
630,5,MTC,0.2048,384,256,3,2,0.00,137,0,13.34
630,6,MTC,0.0000,384,0,3,0,0.00,137,0,13.34
630,7,MTC,0.0000,384,0,3,0,0.00,21,0,13.34
630,8,MTC,0.2048,384,256,3,2,0.00,137,0,13.34
630,9,MTC,0.2048,384,256,3,2,0.00,137,0,13.34
630,10,MTC,0.2048,384,256,3,2,0.00,137,0,13.34
640,1,eMBB,0.0000,35144,0,23,0,0.00,184271,0,16.66
640,2,eMBB,23.2256,35144,29032,23,19,0.00,13908,0,16.66
640,3,URLLC,0.8112,936,1014,12,13,0.00,251,0,60.00
640,4,URLLC,0.8112,936,1014,12,13,0.00,251,0,60.00
640,5,MTC,0.2048,256,256,2,2,0.00,137,0,23.34
640,6,MTC,0.0000,256,0,2,0,0.00,137,0,23.34
640,7,MTC,0.0000,256,0,2,0,0.00,137,0,23.34
640,8,MTC,0.2048,256,256,2,2,0.00,137,0,23.34
640,9,MTC,0.2048,256,256,2,2,0.00,137,0,23.34
640,10,MTC,0.2048,256,256,2,2,0.00,137,0,23.34
650,1,eMBB,0.0000,35144,0,23,0,0.00,183411,0,46.66
650,2,eMBB,35.4496,35144,44312,23,29,0.00,1537,0,46.66
650,3,URLLC,0.8112,1014,1014,13,13,0.00,87,0,30.00
650,4,URLLC,0.8112,1014,1014,13,13,0.00,87,0,30.00
650,5,MTC,0.2048,256,256,2,2,0.00,137,0,23.34
650,6,MTC,0.0000,256,0,2,0,0.00,137,0,23.34
650,7,MTC,0.0000,256,0,2,0,0.00,137,0,23.34
650,8,MTC,0.2048,256,256,2,2,0.00,137,0,23.34
650,9,MTC,0.2048,256,256,2,2,0.00,137,0,23.34
650,10,MTC,0.2048,256,256,2,2,0.00,137,0,23.34
660,1,eMBB,0.0000,35144,0,23,0,0.00,199418,0,51.67
660,2,eMBB,28.1152,35144,35144,23,23,0.00,1537,0,51.67
660,3,URLLC,0.8112,936,1014,12,13,0.00,87,0,30.00
660,4,URLLC,0.8112,936,1014,12,13,0.00,87,0,30.00
660,5,MTC,0.2048,256,256,2,2,0.00,137,0,18.34
660,6,MTC,0.0000,256,0,2,0,0.00,137,0,18.34
660,7,MTC,0.0000,256,0,2,0,0.00,137,0,18.34
660,8,MTC,0.2048,256,256,2,2,0.00,137,0,18.34
660,9,MTC,0.2048,256,256,2,2,0.00,137,0,18.34
660,10,MTC,0.2048,256,256,2,2,0.00,137,0,18.34
670,1,eMBB,0.0000,35144,0,23,0,0.00,210690,0,51.67
670,2,eMBB,28.1152,35144,35144,23,23,0.00,1537,0,51.67
670,3,URLLC,0.7488,1014,936,13,12,0.00,87,0,30.00
670,4,URLLC,0.7488,1014,936,13,12,0.00,87,0,30.00
670,5,MTC,0.2048,256,256,2,2,0.00,137,0,18.34
670,6,MTC,0.0000,256,0,2,0,0.00,137,0,18.34
670,7,MTC,0.0000,256,0,2,0,0.00,137,0,18.34
670,8,MTC,0.2048,256,256,2,2,0.00,137,0,18.34
670,9,MTC,0.2048,256,256,2,2,0.00,137,0,18.34
670,10,MTC,0.2048,256,256,2,2,0.00,137,0,18.34
680,1,eMBB,0.0000,35144,0,23,0,0.00,212628,0,51.67
680,2,eMBB,25.6704,35144,32088,23,21,0.00,3069,0,51.67
680,3,URLLC,0.8112,936,1014,12,13,0.00,87,0,30.00
680,4,URLLC,0.8112,936,1014,12,13,0.00,87,0,30.00
680,5,MTC,0.2048,256,256,2,2,0.00,137,0,18.34
680,6,MTC,0.0000,256,0,2,0,0.00,137,0,18.34
680,7,MTC,0.0000,256,0,2,0,0.00,137,0,18.34
680,8,MTC,0.2048,256,256,2,2,0.00,137,0,18.34
680,9,MTC,0.2048,256,256,2,2,0.00,137,0,18.34
680,10,MTC,0.2048,256,256,2,2,0.00,137,0,18.34
690,1,eMBB,122.2400,35144,152800,23,100,0.00,225794,0,51.67
690,2,eMBB,26.8928,35144,33616,23,22,0.00,1537,0,51.67
690,3,URLLC,0.6240,1014,780,13,10,0.00,87,0,30.00
690,4,URLLC,0.6240,1014,780,13,10,0.00,87,0,30.00
690,5,MTC,0.2048,256,256,2,2,0.00,137,0,18.34
690,6,MTC,0.0000,256,0,2,0,0.00,137,0,18.34
690,7,MTC,0.0000,256,0,2,0,0.00,137,0,18.34
690,8,MTC,0.2048,256,256,2,2,0.00,137,0,18.34
690,9,MTC,0.2048,256,256,2,2,0.00,137,0,18.34
690,10,MTC,0.2048,256,256,2,2,0.00,137,0,18.34
700,1,eMBB,41.5616,35144,51952,23,34,0.00,245349,0,51.67
700,2,eMBB,29.3376,35144,36672,23,24,0.00,4585,0,51.67
700,3,URLLC,0.8112,936,1014,12,13,0.00,87,0,30.00
700,4,URLLC,0.8112,936,1014,12,13,0.00,87,0,30.00
700,5,MTC,0.2048,256,256,2,2,0.00,137,0,18.34
700,6,MTC,0.0000,256,0,2,0,0.00,137,0,18.34
700,7,MTC,0.0000,256,0,2,0,0.00,137,0,18.34
700,8,MTC,0.2048,256,256,2,2,0.00,137,0,18.34
700,9,MTC,0.2048,256,256,2,2,0.00,137,0,18.34
700,10,MTC,0.2048,256,256,2,2,0.00,137,0,18.34
710,1,eMBB,14.6688,35144,18336,23,12,0.00,242666,0,56.66
710,2,eMBB,29.3376,35144,36672,23,24,0.00,6133,0,56.66
710,3,URLLC,0.8736,1014,1092,13,14,0.00,169,0,20.00
710,4,URLLC,0.8736,1014,1092,13,14,0.00,169,0,20.00
710,5,MTC,0.3072,256,384,2,3,0.00,137,0,23.34
710,6,MTC,0.0000,256,0,2,0,0.00,137,0,23.34
710,7,MTC,0.0000,256,0,2,0,0.00,137,0,23.34
710,8,MTC,0.3072,256,384,2,3,0.00,137,0,23.34
710,9,MTC,0.3072,256,384,2,3,0.00,137,0,23.34
710,10,MTC,0.3072,256,384,2,3,0.00,137,0,23.34
720,1,eMBB,19.5584,35144,24448,23,16,0.00,260008,0,16.66
720,2,eMBB,28.1152,35144,35144,23,23,0.00,2609,0,16.66
720,3,URLLC,0.8112,936,1014,12,13,0.00,87,0,55.00
720,4,URLLC,0.8112,936,1014,12,13,0.00,87,0,55.00
720,5,MTC,0.2048,256,256,2,2,0.00,137,0,28.34
720,6,MTC,0.0000,256,0,2,0,0.00,137,0,28.34
720,7,MTC,0.0000,256,0,2,0,0.00,137,0,28.34
720,8,MTC,0.2048,256,256,2,2,0.00,137,0,28.34
720,9,MTC,0.2048,256,256,2,2,0.00,137,0,28.34
720,10,MTC,0.2048,256,256,2,2,0.00,137,0,28.34
730,1,eMBB,17.1136,35144,21392,23,14,0.00,282319,0,26.66
730,2,eMBB,29.3376,35144,36672,23,24,0.00,1537,0,26.66
730,3,URLLC,0.7488,1014,936,13,12,0.00,87,0,30.00
730,4,URLLC,0.7488,1014,936,13,12,0.00,87,0,30.00
730,5,MTC,0.2048,256,256,2,2,0.00,137,0,43.34
730,6,MTC,0.0000,256,0,2,0,0.00,137,0,43.34
730,7,MTC,0.0000,256,0,2,0,0.00,137,0,43.34
730,8,MTC,0.2048,256,256,2,2,0.00,137,0,43.34
730,9,MTC,0.2048,256,256,2,2,0.00,137,0,43.34
730,10,MTC,0.2048,256,256,2,2,0.00,137,0,43.34
740,1,eMBB,11.0016,33616,13752,22,9,0.00,291870,0,41.66
740,2,eMBB,25.6704,33616,32088,22,21,0.00,1537,0,41.66
740,3,URLLC,0.8112,936,1014,12,13,0.00,87,0,45.00
740,4,URLLC,0.8112,936,1014,12,13,0.00,87,0,45.00
740,5,MTC,0.2048,256,256,2,2,0.00,137,0,13.34
740,6,MTC,0.0000,256,0,2,0,0.00,137,0,13.34
740,7,MTC,0.0000,256,0,2,0,0.00,137,0,13.34
740,8,MTC,0.2048,256,256,2,2,0.00,137,0,13.34
740,9,MTC,0.2048,256,256,2,2,0.00,137,0,13.34
740,10,MTC,0.2048,256,256,2,2,0.00,137,0,13.34
750,1,eMBB,14.6688,35144,18336,23,12,0.00,325803,0,16.66
750,2,eMBB,23.2256,35144,29032,23,19,0.00,1537,0,16.66
750,3,URLLC,0.7488,1014,936,13,12,0.00,87,0,55.00
750,4,URLLC,0.7488,1014,936,13,12,0.00,87,0,55.00
750,5,MTC,0.2048,384,256,3,2,0.00,137,0,28.34
750,6,MTC,0.0000,384,0,3,0,0.00,137,0,28.34
750,7,MTC,0.0000,384,0,3,0,0.00,137,0,28.34
750,8,MTC,0.2048,384,256,3,2,0.00,137,0,28.34
750,9,MTC,0.2048,384,256,3,2,0.00,137,0,28.34
750,10,MTC,0.2048,384,256,3,2,0.00,137,0,28.34
760,1,eMBB,4.8896,35144,6112,23,4,0.00,337951,0,21.66
760,2,eMBB,28.1152,35144,35144,23,23,0.00,1537,0,21.66
760,3,URLLC,0.6864,936,858,12,11,0.00,87,0,25.00
760,4,URLLC,0.6864,936,858,12,11,0.00,87,0,25.00
760,5,MTC,0.2048,256,256,2,2,0.00,137,0,53.34
760,6,MTC,0.0000,256,0,2,0,0.00,137,0,53.34
760,7,MTC,0.0000,256,0,2,0,0.00,137,0,53.34
760,8,MTC,0.2048,256,256,2,2,0.00,137,0,53.34
760,9,MTC,0.2048,256,256,2,2,0.00,137,0,53.34
760,10,MTC,0.2048,256,256,2,2,0.00,137,0,53.34
770,1,eMBB,0.0000,35144,0,23,0,0.00,368016,0,16.66
770,2,eMBB,26.8928,35144,33616,23,22,0.00,13583,0,16.66
770,3,URLLC,0.8112,1014,1014,13,13,0.00,87,0,55.00
770,4,URLLC,0.8112,1014,1014,13,13,0.00,87,0,55.00
770,5,MTC,0.2048,256,256,2,2,0.00,137,0,28.34
770,6,MTC,0.0000,256,0,2,0,0.00,137,0,28.34
770,7,MTC,0.0000,256,0,2,0,0.00,137,0,28.34
770,8,MTC,0.2048,256,256,2,2,0.00,137,0,28.34
770,9,MTC,0.2048,256,256,2,2,0.00,137,0,28.34
770,10,MTC,0.2048,256,256,2,2,0.00,137,0,28.34
780,1,eMBB,23.2256,35144,29032,23,19,0.00,382576,0,16.66
780,2,eMBB,30.5600,35144,38200,23,25,0.00,11551,0,16.66
780,3,URLLC,0.8112,936,1014,12,13,0.00,251,0,55.00
780,4,URLLC,0.8112,936,1014,12,13,0.00,251,0,55.00
780,5,MTC,0.2048,256,256,2,2,0.00,137,0,28.34
780,6,MTC,0.0000,256,0,2,0,0.00,137,0,28.34
780,7,MTC,0.0000,256,0,2,0,0.00,137,0,28.34
780,8,MTC,0.2048,256,256,2,2,0.00,137,0,28.34
780,9,MTC,0.2048,256,256,2,2,0.00,137,0,28.34
780,10,MTC,0.2048,256,256,2,2,0.00,137,0,28.34
790,1,eMBB,15.8912,35144,19864,23,13,0.00,406873,0,16.66
790,2,eMBB,33.0048,35144,41256,23,27,0.00,5837,0,16.66
790,3,URLLC,0.8112,1014,1014,13,13,0.00,87,0,55.00
790,4,URLLC,0.8112,1014,1014,13,13,0.00,87,0,55.00
790,5,MTC,0.2048,256,256,2,2,0.00,137,0,28.34
790,6,MTC,0.0000,256,0,2,0,0.00,137,0,28.34
790,7,MTC,0.0000,256,0,2,0,0.00,137,0,28.34
790,8,MTC,0.2048,256,256,2,2,0.00,137,0,28.34
790,9,MTC,0.2048,256,256,2,2,0.00,137,0,28.34
790,10,MTC,0.2048,256,256,2,2,0.00,137,0,28.34
800,1,eMBB,1.2224,35144,1528,23,1,0.00,423698,0,16.66
800,2,eMBB,23.2256,35144,29032,23,19,0.00,6180,0,16.66
800,3,URLLC,0.8112,936,1014,12,13,0.00,87,0,55.00
800,4,URLLC,0.8112,936,1014,12,13,0.00,87,0,55.00
800,5,MTC,0.2048,256,256,2,2,0.00,137,0,28.34
800,6,MTC,0.0000,256,0,2,0,0.00,137,0,28.34
800,7,MTC,0.0000,256,0,2,0,0.00,137,0,28.34
800,8,MTC,0.2048,256,256,2,2,0.00,137,0,28.34
800,9,MTC,0.2048,256,256,2,2,0.00,137,0,28.34
800,10,MTC,0.2048,256,256,2,2,0.00,137,0,28.34
810,1,eMBB,15.8912,35144,19864,23,13,0.00,448861,0,16.66
810,2,eMBB,33.0048,35144,41256,23,27,0.00,1909,0,16.66
810,3,URLLC,0.7488,1014,936,13,12,0.00,87,0,55.00
810,4,URLLC,0.7488,1014,936,13,12,0.00,87,0,55.00
810,5,MTC,0.2048,256,256,2,2,0.00,137,0,28.34
810,6,MTC,0.0000,256,0,2,0,0.00,137,0,28.34
810,7,MTC,0.0000,256,0,2,0,0.00,137,0,28.34
810,8,MTC,0.2048,256,256,2,2,0.00,137,0,28.34
810,9,MTC,0.2048,256,256,2,2,0.00,137,0,28.34
810,10,MTC,0.2048,256,256,2,2,0.00,137,0,28.34
820,1,eMBB,12.2240,35144,15280,23,10,0.00,474499,0,16.66
820,2,eMBB,20.7808,35144,25976,23,17,0.00,1537,0,16.66
820,3,URLLC,0.8112,936,1014,12,13,0.00,87,0,55.00
820,4,URLLC,0.8112,936,1014,12,13,0.00,87,0,55.00
820,5,MTC,0.3072,256,384,2,3,0.00,137,0,28.34
820,6,MTC,0.0000,256,0,2,0,0.00,137,0,28.34
820,7,MTC,0.0000,256,0,2,0,0.00,137,0,28.34
820,8,MTC,0.3072,256,384,2,3,0.00,137,0,28.34
820,9,MTC,0.3072,256,384,2,3,0.00,137,0,28.34
820,10,MTC,0.3072,256,384,2,3,0.00,137,0,28.34
830,1,eMBB,1.2224,35144,1528,23,1,0.00,488061,0,46.66
830,2,eMBB,30.5600,35144,38200,23,25,0.00,2841,0,46.66
830,3,URLLC,0.6240,1014,780,13,10,0.00,87,0,35.00
830,4,URLLC,0.6240,1014,780,13,10,0.00,87,0,35.00
830,5,MTC,0.1024,256,128,2,1,0.00,137,0,18.34
830,6,MTC,0.0000,256,0,2,0,0.00,137,0,18.34
830,7,MTC,0.0000,256,0,2,0,0.00,137,0,18.34
830,8,MTC,0.1024,256,128,2,1,0.00,137,0,18.34
830,9,MTC,0.1024,256,128,2,1,0.00,137,0,18.34
830,10,MTC,0.1024,256,128,2,1,0.00,137,0,18.34
840,1,eMBB,28.1152,35144,35144,23,23,0.00,501486,0,16.66
840,2,eMBB,29.3376,35144,36672,23,24,0.00,7205,0,16.66
840,3,URLLC,0.8112,936,1014,12,13,0.00,87,0,30.00
840,4,URLLC,0.8112,936,1014,12,13,0.00,87,0,30.00
840,5,MTC,0.2048,256,256,2,2,0.00,137,0,53.34
840,6,MTC,0.0000,256,0,2,0,0.00,137,0,53.34
840,7,MTC,0.0000,256,0,2,0,0.00,137,0,53.34
840,8,MTC,0.2048,256,256,2,2,0.00,137,0,53.34
840,9,MTC,0.2048,256,256,2,2,0.00,137,0,53.34
840,10,MTC,0.2048,256,256,2,2,0.00,137,0,53.34
850,1,eMBB,14.6688,35144,18336,23,12,0.00,517817,0,16.66
850,2,eMBB,28.1152,35144,35144,23,23,0.00,8166,0,16.66
850,3,URLLC,0.8736,1014,1092,13,14,0.00,169,0,55.00
850,4,URLLC,0.8736,1014,1092,13,14,0.00,169,0,55.00
850,5,MTC,0.3072,256,384,2,3,0.00,137,0,28.34
850,6,MTC,0.0000,256,0,2,0,0.00,137,0,28.34
850,7,MTC,0.0000,256,0,2,0,0.00,137,0,28.34
850,8,MTC,0.3072,256,384,2,3,0.00,137,0,28.34
850,9,MTC,0.3072,256,384,2,3,0.00,137,0,28.34
850,10,MTC,0.3072,256,384,2,3,0.00,137,0,28.34
860,1,eMBB,11.0016,33616,13752,22,9,0.00,537377,0,16.66
860,2,eMBB,28.1152,33616,35144,22,23,0.00,5892,0,16.66
860,3,URLLC,0.8112,936,1014,12,13,0.00,87,0,55.00
860,4,URLLC,0.8112,936,1014,12,13,0.00,87,0,55.00
860,5,MTC,0.2048,256,256,2,2,0.00,137,0,28.34
860,6,MTC,0.0000,256,0,2,0,0.00,137,0,28.34
860,7,MTC,0.0000,256,0,2,0,0.00,137,0,28.34
860,8,MTC,0.2048,256,256,2,2,0.00,137,0,28.34
860,9,MTC,0.2048,256,256,2,2,0.00,137,0,28.34
860,10,MTC,0.2048,256,256,2,2,0.00,137,0,28.34
870,1,eMBB,0.0000,35144,0,23,0,0.00,560891,0,31.66
870,2,eMBB,31.7824,35144,39728,23,26,0.00,1537,0,31.66
870,3,URLLC,0.7488,1014,936,13,12,0.00,87,0,35.00
870,4,URLLC,0.7488,1014,936,13,12,0.00,87,0,35.00
870,5,MTC,0.2048,384,256,3,2,0.00,137,0,33.34
870,6,MTC,0.0000,384,0,3,0,0.00,137,0,33.34
870,7,MTC,0.0000,384,0,3,0,0.00,137,0,33.34
870,8,MTC,0.2048,384,256,3,2,0.00,137,0,33.34
870,9,MTC,0.2048,384,256,3,2,0.00,137,0,33.34
870,10,MTC,0.2048,384,256,3,2,0.00,137,0,33.34
880,1,eMBB,28.1152,35144,35144,23,23,0.00,581640,0,31.66
880,2,eMBB,26.8928,35144,33616,23,22,0.00,1537,0,31.66
880,3,URLLC,0.8112,936,1014,12,13,0.00,87,0,35.00
880,4,URLLC,0.8112,936,1014,12,13,0.00,87,0,35.00
880,5,MTC,0.2048,256,256,2,2,0.00,137,0,33.34
880,6,MTC,0.0000,256,0,2,0,0.00,137,0,33.34
880,7,MTC,0.0000,256,0,2,0,0.00,137,0,33.34
880,8,MTC,0.2048,256,256,2,2,0.00,137,0,33.34
880,9,MTC,0.2048,256,256,2,2,0.00,137,0,33.34
880,10,MTC,0.2048,256,256,2,2,0.00,137,0,33.34
890,1,eMBB,9.7792,35144,12224,23,8,0.00,595936,0,31.66
890,2,eMBB,25.6704,35144,32088,23,21,0.00,1537,0,31.66
890,3,URLLC,0.7488,1014,936,13,12,0.00,87,0,35.00
890,4,URLLC,0.7488,1014,936,13,12,0.00,87,0,35.00
890,5,MTC,0.2048,256,256,2,2,0.00,137,0,33.34
890,6,MTC,0.0000,256,0,2,0,0.00,137,0,33.34
890,7,MTC,0.0000,256,0,2,0,0.00,137,0,33.34
890,8,MTC,0.2048,256,256,2,2,0.00,137,0,33.34
890,9,MTC,0.2048,256,256,2,2,0.00,137,0,33.34
890,10,MTC,0.2048,256,256,2,2,0.00,137,0,33.34
900,1,eMBB,0.0000,35144,0,23,0,0.00,600996,0,46.66
900,2,eMBB,26.8928,35144,33616,23,22,0.00,1537,0,46.66
900,3,URLLC,0.6864,936,858,12,11,0.00,87,0,20.00
900,4,URLLC,0.6864,936,858,12,11,0.00,87,0,20.00
900,5,MTC,0.2048,256,256,2,2,0.00,137,0,33.34
900,6,MTC,0.0000,256,0,2,0,0.00,137,0,33.34
900,7,MTC,0.0000,256,0,2,0,0.00,137,0,33.34
900,8,MTC,0.2048,256,256,2,2,0.00,137,0,33.34
900,9,MTC,0.2048,256,256,2,2,0.00,137,0,33.34
900,10,MTC,0.2048,256,256,2,2,0.00,137,0,33.34
910,1,eMBB,30.5600,35144,38200,23,25,0.00,603873,0,46.66
910,2,eMBB,29.3376,35144,36672,23,24,0.00,3069,0,46.66
910,3,URLLC,0.8112,1014,1014,13,13,0.00,87,0,20.00
910,4,URLLC,0.8112,1014,1014,13,13,0.00,87,0,20.00
910,5,MTC,0.2048,256,256,2,2,0.00,137,0,33.34
910,6,MTC,0.0000,256,0,2,0,0.00,137,0,33.34
910,7,MTC,0.0000,256,0,2,0,0.00,137,0,33.34
910,8,MTC,0.2048,256,256,2,2,0.00,137,0,33.34
910,9,MTC,0.2048,256,256,2,2,0.00,137,0,33.34
910,10,MTC,0.2048,256,256,2,2,0.00,137,0,33.34
920,1,eMBB,7.3344,35144,9168,23,6,0.00,616627,0,46.66
920,2,eMBB,29.3376,35144,36672,23,24,0.00,7665,0,46.66
920,3,URLLC,0.8112,936,1014,12,13,0.00,251,0,20.00
920,4,URLLC,0.8112,936,1014,12,13,0.00,251,0,20.00
920,5,MTC,0.2048,256,256,2,2,0.00,137,0,33.34
920,6,MTC,0.0000,256,0,2,0,0.00,137,0,33.34
920,7,MTC,0.0000,256,0,2,0,0.00,137,0,33.34
920,8,MTC,0.2048,256,256,2,2,0.00,137,0,33.34
920,9,MTC,0.2048,256,256,2,2,0.00,137,0,33.34
920,10,MTC,0.2048,256,256,2,2,0.00,137,0,33.34
930,1,eMBB,7.3344,35144,9168,23,6,0.00,620347,0,46.66
930,2,eMBB,29.3376,35144,36672,23,24,0.00,1537,0,46.66
930,3,URLLC,0.8112,1014,1014,13,13,0.00,87,0,20.00
930,4,URLLC,0.8112,1014,1014,13,13,0.00,87,0,20.00
930,5,MTC,0.2048,256,256,2,2,0.00,137,0,33.34
930,6,MTC,0.0000,256,0,2,0,0.00,137,0,33.34
930,7,MTC,0.0000,256,0,2,0,0.00,137,0,33.34
930,8,MTC,0.2048,256,256,2,2,0.00,137,0,33.34
930,9,MTC,0.2048,256,256,2,2,0.00,137,0,33.34
930,10,MTC,0.2048,256,256,2,2,0.00,137,0,33.34
940,1,eMBB,0.0000,35144,0,23,0,0.00,624048,0,46.66
940,2,eMBB,28.1152,35144,35144,23,23,0.00,1537,0,46.66
940,3,URLLC,0.8112,936,1014,12,13,0.00,87,0,20.00
940,4,URLLC,0.8112,936,1014,12,13,0.00,87,0,20.00
940,5,MTC,0.3072,256,384,2,3,0.00,137,0,33.34
940,6,MTC,0.0000,256,0,2,0,0.00,137,0,33.34
940,7,MTC,0.0000,256,0,2,0,0.00,137,0,33.34
940,8,MTC,0.3072,256,384,2,3,0.00,137,0,33.34
940,9,MTC,0.3072,256,384,2,3,0.00,137,0,33.34
940,10,MTC,0.3072,256,384,2,3,0.00,137,0,33.34
950,1,eMBB,0.0000,35144,0,23,0,0.00,636199,0,46.66
950,2,eMBB,28.1152,35144,35144,23,23,0.00,1537,0,46.66
950,3,URLLC,0.7488,1014,936,13,12,0.00,87,0,20.00
950,4,URLLC,0.7488,1014,936,13,12,0.00,87,0,20.00
950,5,MTC,0.2048,256,256,2,2,0.00,137,0,33.34
950,6,MTC,0.0000,256,0,2,0,0.00,137,0,33.34
950,7,MTC,0.0000,256,0,2,0,0.00,137,0,33.34
950,8,MTC,0.2048,256,256,2,2,0.00,137,0,33.34
950,9,MTC,0.2048,256,256,2,2,0.00,137,0,33.34
950,10,MTC,0.2048,256,256,2,2,0.00,137,0,33.34
960,1,eMBB,0.0000,35144,0,23,0,0.00,644519,0,46.66
960,2,eMBB,25.6704,35144,32088,23,21,0.00,1537,0,46.66
960,3,URLLC,0.8112,936,1014,12,13,0.00,87,0,20.00
960,4,URLLC,0.8112,936,1014,12,13,0.00,87,0,20.00
960,5,MTC,0.2048,256,256,2,2,0.00,137,0,33.34
960,6,MTC,0.0000,256,0,2,0,0.00,137,0,33.34
960,7,MTC,0.0000,256,0,2,0,0.00,137,0,33.34
960,8,MTC,0.2048,256,256,2,2,0.00,137,0,33.34
960,9,MTC,0.2048,256,256,2,2,0.00,137,0,33.34
960,10,MTC,0.2048,256,256,2,2,0.00,137,0,33.34
970,1,eMBB,0.0000,35144,0,23,0,0.00,657518,0,46.66
970,2,eMBB,25.6704,35144,32088,23,21,0.00,1537,0,46.66
970,3,URLLC,0.6240,1014,780,13,10,0.00,87,0,20.00
970,4,URLLC,0.6240,1014,780,13,10,0.00,87,0,20.00
970,5,MTC,0.1024,256,128,2,1,0.00,137,0,33.34
970,6,MTC,0.0000,256,0,2,0,0.00,137,0,33.34
970,7,MTC,0.0000,256,0,2,0,0.00,137,0,33.34
970,8,MTC,0.1024,256,128,2,1,0.00,137,0,33.34
970,9,MTC,0.1024,256,128,2,1,0.00,137,0,33.34
970,10,MTC,0.1024,256,128,2,1,0.00,137,0,33.34
980,1,eMBB,0.0000,33616,0,22,0,0.00,687422,0,36.67
980,2,eMBB,29.3376,33616,36672,22,24,0.00,2032,0,36.67
980,3,URLLC,0.8112,936,1014,12,13,0.00,87,0,25.00
980,4,URLLC,0.8112,936,1014,12,13,0.00,87,0,25.00
980,5,MTC,0.3072,256,384,2,3,0.00,137,0,38.33
980,6,MTC,0.0000,256,0,2,0,0.00,137,0,38.33
980,7,MTC,0.0000,256,0,2,0,0.00,137,0,38.33
980,8,MTC,0.3072,256,384,2,3,0.00,137,0,38.33
980,9,MTC,0.3072,256,384,2,3,0.00,137,0,38.33
980,10,MTC,0.3072,256,384,2,3,0.00,137,0,38.33
990,1,eMBB,0.0000,35144,0,23,0,0.00,687238,0,46.66
990,2,eMBB,29.3376,35144,36672,23,24,0.00,7665,0,46.66
990,3,URLLC,0.8736,1014,1092,13,14,0.00,169,0,20.00
990,4,URLLC,0.8736,1014,1092,13,14,0.00,169,0,20.00
990,5,MTC,0.2048,384,256,3,2,0.00,137,0,33.34
990,6,MTC,0.0000,384,0,3,0,0.00,137,0,33.34
990,7,MTC,0.0000,384,0,3,0,0.00,137,0,33.34
990,8,MTC,0.2048,384,256,3,2,0.00,137,0,33.34
990,9,MTC,0.2048,384,256,3,2,0.00,137,0,33.34
990,10,MTC,0.2048,384,256,3,2,0.00,137,0,33.34
1000,1,eMBB,0.0000,35144,0,23,0,0.00,704617,0,36.67
1000,2,eMBB,29.3376,35144,36672,23,24,0.00,1537,0,36.67
1000,3,URLLC,0.8112,936,1014,12,13,0.00,87,0,25.00
1000,4,URLLC,0.8112,936,1014,12,13,0.00,87,0,25.00
1000,5,MTC,0.2048,256,256,2,2,0.00,137,0,38.33
1000,6,MTC,0.0000,256,0,2,0,0.00,137,0,38.33
1000,7,MTC,0.0000,256,0,2,0,0.00,137,0,38.33
1000,8,MTC,0.2048,256,256,2,2,0.00,137,0,38.33
1000,9,MTC,0.2048,256,256,2,2,0.00,137,0,38.33
1000,10,MTC,0.2048,256,256,2,2,0.00,137,0,38.33
1010,1,eMBB,0.0000,35144,0,23,0,0.00,721541,0,36.67
1010,2,eMBB,28.1152,35144,35144,23,23,0.00,3069,0,36.67
1010,3,URLLC,0.7488,1014,936,13,12,0.00,87,0,25.00
1010,4,URLLC,0.7488,1014,936,13,12,0.00,87,0,25.00
1010,5,MTC,0.2048,256,256,2,2,0.00,137,0,38.33
1010,6,MTC,0.0000,256,0,2,0,0.00,137,0,38.33
1010,7,MTC,0.0000,256,0,2,0,0.00,137,0,38.33
1010,8,MTC,0.2048,256,256,2,2,0.00,137,0,38.33
1010,9,MTC,0.2048,256,256,2,2,0.00,137,0,38.33
1010,10,MTC,0.2048,256,256,2,2,0.00,137,0,38.33
1020,1,eMBB,171.1360,35144,213920,23,140,0.00,730195,0,36.67
1020,2,eMBB,28.1152,35144,35144,23,23,0.00,3069,0,36.67
1020,3,URLLC,0.8112,936,1014,12,13,0.00,87,0,25.00
1020,4,URLLC,0.8112,936,1014,12,13,0.00,87,0,25.00
1020,5,MTC,0.2048,256,256,2,2,0.00,137,0,38.33
1020,6,MTC,0.0000,256,0,2,0,0.00,137,0,38.33
1020,7,MTC,0.0000,256,0,2,0,0.00,137,0,38.33
1020,8,MTC,0.2048,256,256,2,2,0.00,137,0,38.33
1020,9,MTC,0.2048,256,256,2,2,0.00,137,0,38.33
1020,10,MTC,0.2048,256,256,2,2,0.00,137,0,38.33
1030,1,eMBB,0.0000,35144,0,23,0,0.00,742683,0,36.67
1030,2,eMBB,25.6704,35144,32088,23,21,0.00,3069,0,36.67
1030,3,URLLC,0.7488,1014,936,13,12,0.00,87,0,35.00
1030,4,URLLC,0.7488,1014,936,13,12,0.00,87,0,35.00
1030,5,MTC,0.2048,256,256,2,2,0.00,137,0,28.34
1030,6,MTC,0.0000,256,0,2,0,0.00,196,0,28.34
1030,7,MTC,0.0000,256,0,2,0,0.00,137,0,28.34
1030,8,MTC,0.2048,256,256,2,2,0.00,137,0,28.34
1030,9,MTC,0.2048,256,256,2,2,0.00,137,0,28.34
1030,10,MTC,0.2048,256,256,2,2,0.00,137,0,28.34
1040,1,eMBB,22.0032,35144,27504,23,18,0.00,756369,0,36.67
1040,2,eMBB,26.8928,35144,33616,23,22,0.00,3069,0,36.67
1040,3,URLLC,0.6864,936,858,12,11,0.00,87,0,25.00
1040,4,URLLC,0.6864,936,858,12,11,0.00,87,0,25.00
1040,5,MTC,0.2048,256,256,2,2,0.00,137,0,38.33
1040,6,MTC,0.0000,256,0,2,0,0.00,137,0,38.33
1040,7,MTC,0.0000,256,0,2,0,0.00,401,0,38.33
1040,8,MTC,0.2048,256,256,2,2,0.00,137,0,38.33
1040,9,MTC,0.2048,256,256,2,2,0.00,137,0,38.33
1040,10,MTC,0.2048,256,256,2,2,0.00,137,0,38.33
1050,1,eMBB,31.7824,35144,39728,23,26,0.00,772331,0,36.67
1050,2,eMBB,29.3376,35144,36672,23,24,0.00,5445,0,36.67
1050,3,URLLC,0.8112,1014,1014,13,13,0.00,87,0,35.00
1050,4,URLLC,0.8112,1014,1014,13,13,0.00,87,0,35.00
1050,5,MTC,0.2048,256,256,2,2,0.00,137,0,28.34
1050,6,MTC,0.0000,256,0,2,0,0.00,137,0,28.34
1050,7,MTC,0.0000,256,0,2,0,0.00,137,0,28.34
1050,8,MTC,0.2048,256,256,2,2,0.00,137,0,28.34
1050,9,MTC,0.2048,256,256,2,2,0.00,137,0,28.34
1050,10,MTC,0.2048,256,256,2,2,0.00,137,0,28.34
1060,1,eMBB,20.7808,35144,25976,23,17,0.00,784148,0,36.67
1060,2,eMBB,29.3376,35144,36672,23,24,0.00,6133,0,36.67
1060,3,URLLC,0.8112,936,1014,12,13,0.00,251,0,35.00
1060,4,URLLC,0.8112,936,1014,12,13,0.00,251,0,35.00
1060,5,MTC,0.2048,256,256,2,2,0.00,137,0,28.34
1060,6,MTC,0.0000,256,0,2,0,0.00,137,0,28.34
1060,7,MTC,0.0000,256,0,2,0,0.00,137,0,28.34
1060,8,MTC,0.2048,256,256,2,2,0.00,137,0,28.34
1060,9,MTC,0.2048,256,256,2,2,0.00,137,0,28.34
1060,10,MTC,0.2048,256,256,2,2,0.00,137,0,28.34
1070,1,eMBB,0.0000,35144,0,23,0,0.00,802884,0,36.67
1070,2,eMBB,29.3376,35144,36672,23,24,0.00,1537,0,36.67
1070,3,URLLC,0.8112,1014,1014,13,13,0.00,87,0,35.00
1070,4,URLLC,0.8112,1014,1014,13,13,0.00,87,0,35.00
1070,5,MTC,0.3072,256,384,2,3,0.00,137,0,28.34
1070,6,MTC,0.0000,256,0,2,0,0.00,137,0,28.34
1070,7,MTC,0.0000,256,0,2,0,0.00,137,0,28.34
1070,8,MTC,0.3072,256,384,2,3,0.00,137,0,28.34
1070,9,MTC,0.3072,256,384,2,3,0.00,137,0,28.34
1070,10,MTC,0.3072,256,384,2,3,0.00,137,0,28.34
1080,1,eMBB,25.6704,35144,32088,23,21,0.00,822307,0,31.66
1080,2,eMBB,25.6704,35144,32088,23,21,0.00,4061,0,31.66
1080,3,URLLC,0.8112,936,1014,12,13,0.00,87,0,45.00
1080,4,URLLC,0.8112,936,1014,12,13,0.00,87,0,45.00
1080,5,MTC,0.2048,256,256,2,2,0.00,137,0,23.34
1080,6,MTC,0.0000,256,0,2,0,0.00,137,0,23.34
1080,7,MTC,0.0000,256,0,2,0,0.00,137,0,23.34
1080,8,MTC,0.2048,256,256,2,2,0.00,137,0,23.34
1080,9,MTC,0.2048,256,256,2,2,0.00,137,0,23.34
1080,10,MTC,0.2048,256,256,2,2,0.00,137,0,23.34
1090,1,eMBB,17.1136,35144,21392,23,14,0.00,839611,0,31.66
1090,2,eMBB,30.5600,35144,38200,23,25,0.00,1537,0,31.66
1090,3,URLLC,0.7488,1014,936,13,12,0.00,87,0,45.00
1090,4,URLLC,0.7488,1014,936,13,12,0.00,87,0,45.00
1090,5,MTC,0.2048,256,256,2,2,0.00,137,0,23.34
1090,6,MTC,0.0000,256,0,2,0,0.00,137,0,23.34
1090,7,MTC,0.0000,256,0,2,0,0.00,137,0,23.34
1090,8,MTC,0.2048,256,256,2,2,0.00,137,0,23.34
1090,9,MTC,0.2048,256,256,2,2,0.00,137,0,23.34
1090,10,MTC,0.2048,256,256,2,2,0.00,137,0,23.34
1100,1,eMBB,9.7792,33616,12224,22,8,0.00,852024,0,31.66
1100,2,eMBB,23.2256,33616,29032,22,19,0.00,1537,0,31.66
1100,3,URLLC,0.8112,936,1014,12,13,0.00,87,0,45.00
1100,4,URLLC,0.8112,936,1014,12,13,0.00,87,0,45.00
1100,5,MTC,0.2048,256,256,2,2,0.00,137,0,23.34
1100,6,MTC,0.0000,256,0,2,0,0.00,137,0,23.34
1100,7,MTC,0.0000,256,0,2,0,0.00,137,0,23.34
1100,8,MTC,0.2048,256,256,2,2,0.00,137,0,23.34
1100,9,MTC,0.2048,256,256,2,2,0.00,137,0,23.34
1100,10,MTC,0.2048,256,256,2,2,0.00,137,0,23.34
1110,1,eMBB,29.3376,35144,36672,23,24,0.00,866833,0,31.66
1110,2,eMBB,28.1152,35144,35144,23,23,0.00,4794,0,31.66
1110,3,URLLC,0.6240,1014,780,13,10,0.00,87,0,45.00
1110,4,URLLC,0.6240,1014,780,13,10,0.00,87,0,45.00
1110,5,MTC,0.2048,384,256,3,2,0.00,137,0,23.34
1110,6,MTC,0.0000,384,0,3,0,0.00,137,0,23.34
1110,7,MTC,0.0000,384,0,3,0,0.00,137,0,23.34
1110,8,MTC,0.2048,384,256,3,2,0.00,137,0,23.34
1110,9,MTC,0.2048,384,256,3,2,0.00,137,0,23.34
1110,10,MTC,0.2048,384,256,3,2,0.00,137,0,23.34
1120,1,eMBB,0.0000,35144,0,23,0,0.00,883491,0,36.67
1120,2,eMBB,29.3376,35144,36672,23,24,0.00,5616,0,36.67
1120,3,URLLC,0.8112,936,1014,12,13,0.00,87,0,25.00
1120,4,URLLC,0.8112,936,1014,12,13,0.00,87,0,25.00
1120,5,MTC,0.2048,256,256,2,2,0.00,137,0,38.33
1120,6,MTC,0.0000,256,0,2,0,0.00,137,0,38.33
1120,7,MTC,0.0000,256,0,2,0,0.00,269,0,38.33
1120,8,MTC,0.2048,256,256,2,2,0.00,137,0,38.33
1120,9,MTC,0.2048,256,256,2,2,0.00,137,0,38.33
1120,10,MTC,0.2048,256,256,2,2,0.00,137,0,38.33
1130,1,eMBB,26.8928,35144,33616,23,22,0.00,892708,0,46.66
1130,2,eMBB,29.3376,35144,36672,23,24,0.00,7665,0,46.66
1130,3,URLLC,0.8736,1014,1092,13,14,0.00,169,0,20.00
1130,4,URLLC,0.8736,1014,1092,13,14,0.00,169,0,20.00
1130,5,MTC,0.2048,256,256,2,2,0.00,137,0,33.34
1130,6,MTC,0.0000,256,0,2,0,0.00,137,0,33.34
1130,7,MTC,0.0000,256,0,2,0,0.00,137,0,33.34
1130,8,MTC,0.2048,256,256,2,2,0.00,137,0,33.34
1130,9,MTC,0.2048,256,256,2,2,0.00,137,0,33.34
1130,10,MTC,0.2048,256,256,2,2,0.00,137,0,33.34
1140,1,eMBB,13.4464,35144,16808,23,11,0.00,905471,0,46.66
1140,2,eMBB,29.3376,35144,36672,23,24,0.00,1537,0,46.66
1140,3,URLLC,0.8112,936,1014,12,13,0.00,87,0,20.00
1140,4,URLLC,0.8112,936,1014,12,13,0.00,87,0,20.00
1140,5,MTC,0.2048,256,256,2,2,0.00,137,0,33.34
1140,6,MTC,0.0000,256,0,2,0,0.00,137,0,33.34
1140,7,MTC,0.0000,256,0,2,0,0.00,137,0,33.34
1140,8,MTC,0.2048,256,256,2,2,0.00,137,0,33.34
1140,9,MTC,0.2048,256,256,2,2,0.00,137,0,33.34
1140,10,MTC,0.2048,256,256,2,2,0.00,137,0,33.34
1150,1,eMBB,18.3360,35144,22920,23,15,0.00,917275,0,46.66
1150,2,eMBB,28.1152,35144,35144,23,23,0.00,1537,0,46.66
1150,3,URLLC,0.7488,1014,936,13,12,0.00,87,0,20.00
1150,4,URLLC,0.7488,1014,936,13,12,0.00,87,0,20.00
1150,5,MTC,0.2048,256,256,2,2,0.00,137,0,33.34
1150,6,MTC,0.0000,256,0,2,0,0.00,137,0,33.34
1150,7,MTC,0.0000,256,0,2,0,0.00,137,0,33.34
1150,8,MTC,0.2048,256,256,2,2,0.00,137,0,33.34
1150,9,MTC,0.2048,256,256,2,2,0.00,137,0,33.34
1150,10,MTC,0.2048,256,256,2,2,0.00,137,0,33.34
1160,1,eMBB,35.4496,35144,44312,23,29,0.00,936417,0,46.66
1160,2,eMBB,28.1152,35144,35144,23,23,0.00,1537,0,46.66
1160,3,URLLC,0.8112,936,1014,12,13,0.00,87,0,20.00
1160,4,URLLC,0.8112,936,1014,12,13,0.00,87,0,20.00
1160,5,MTC,0.2048,256,256,2,2,0.00,137,0,33.34
1160,6,MTC,0.0000,256,0,2,0,0.00,137,0,33.34
1160,7,MTC,0.0000,256,0,2,0,0.00,137,0,33.34
1160,8,MTC,0.2048,256,256,2,2,0.00,137,0,33.34
1160,9,MTC,0.2048,256,256,2,2,0.00,137,0,33.34
1160,10,MTC,0.2048,256,256,2,2,0.00,137,0,33.34
1170,1,eMBB,0.0000,35144,0,23,0,0.00,944454,0,46.66
1170,2,eMBB,28.1152,35144,35144,23,23,0.00,1537,0,46.66
1170,3,URLLC,0.7488,1014,936,13,12,0.00,87,0,20.00
1170,4,URLLC,0.7488,1014,936,13,12,0.00,87,0,20.00
1170,5,MTC,0.2048,256,256,2,2,0.00,137,0,33.34
1170,6,MTC,0.0000,256,0,2,0,0.00,137,0,33.34
1170,7,MTC,0.0000,256,0,2,0,0.00,137,0,33.34
1170,8,MTC,0.2048,256,256,2,2,0.00,137,0,33.34
1170,9,MTC,0.2048,256,256,2,2,0.00,137,0,33.34
1170,10,MTC,0.2048,256,256,2,2,0.00,137,0,33.34
1180,1,eMBB,30.5600,35144,38200,23,25,0.00,956401,0,46.66
1180,2,eMBB,24.4480,35144,30560,23,20,0.00,1537,0,46.66
1180,3,URLLC,0.6864,936,858,12,11,0.00,87,0,20.00
1180,4,URLLC,0.6864,936,858,12,11,0.00,87,0,20.00
1180,5,MTC,0.2048,256,256,2,2,0.00,137,0,33.34
1180,6,MTC,0.0000,256,0,2,0,0.00,137,0,33.34
1180,7,MTC,0.0000,256,0,2,0,0.00,137,0,33.34
1180,8,MTC,0.2048,256,256,2,2,0.00,137,0,33.34
1180,9,MTC,0.2048,256,256,2,2,0.00,137,0,33.34
1180,10,MTC,0.2048,256,256,2,2,0.00,137,0,33.34
1190,1,eMBB,0.0000,35144,0,23,0,0.00,972642,0,21.66
1190,2,eMBB,28.1152,35144,35144,23,23,0.00,6395,0,21.66
1190,3,URLLC,0.8112,1014,1014,13,13,0.00,87,0,50.00
1190,4,URLLC,0.8112,1014,1014,13,13,0.00,87,0,50.00
1190,5,MTC,0.2048,256,256,2,2,0.00,137,0,28.34
1190,6,MTC,0.0000,256,0,2,0,0.00,137,0,28.34
1190,7,MTC,0.0000,256,0,2,0,0.00,137,0,28.34
1190,8,MTC,0.2048,256,256,2,2,0.00,137,0,28.34
1190,9,MTC,0.2048,256,256,2,2,0.00,137,0,28.34
1190,10,MTC,0.2048,256,256,2,2,0.00,137,0,28.34
1200,1,eMBB,31.7824,35144,39728,23,26,0.00,986943,0,46.66
1200,2,eMBB,30.5600,35144,38200,23,25,0.00,6133,0,46.66
1200,3,URLLC,0.8112,936,1014,12,13,0.00,251,0,20.00
1200,4,URLLC,0.8112,936,1014,12,13,0.00,251,0,20.00
1200,5,MTC,0.3072,256,384,2,3,0.00,137,0,33.34
1200,6,MTC,0.0000,256,0,2,0,0.00,137,0,33.34
1200,7,MTC,0.0000,256,0,2,0,0.00,137,0,33.34
1200,8,MTC,0.3072,256,384,2,3,0.00,137,0,33.34
1200,9,MTC,0.3072,256,384,2,3,0.00,137,0,33.34
1200,10,MTC,0.3072,256,384,2,3,0.00,137,0,33.34
1210,1,eMBB,0.0000,35144,0,23,0,0.00,993254,0,46.66
1210,2,eMBB,29.3376,35144,36672,23,24,0.00,1537,0,46.66
1210,3,URLLC,0.8112,1014,1014,13,13,0.00,87,0,20.00
1210,4,URLLC,0.8112,1014,1014,13,13,0.00,87,0,20.00
1210,5,MTC,0.2048,256,256,2,2,0.00,137,0,33.34
1210,6,MTC,0.0000,256,0,2,0,0.00,137,0,33.34
1210,7,MTC,0.0000,256,0,2,0,0.00,137,0,33.34
1210,8,MTC,0.2048,256,256,2,2,0.00,137,0,33.34
1210,9,MTC,0.2048,256,256,2,2,0.00,137,0,33.34
1210,10,MTC,0.2048,256,256,2,2,0.00,137,0,33.34
1220,1,eMBB,13.4464,33616,16808,22,11,0.00,1007073,0,46.66
1220,2,eMBB,28.1152,33616,35144,22,23,0.00,1537,0,46.66
1220,3,URLLC,0.8112,936,1014,12,13,0.00,87,0,20.00
1220,4,URLLC,0.8112,936,1014,12,13,0.00,87,0,20.00
1220,5,MTC,0.2048,256,256,2,2,0.00,137,0,33.34
1220,6,MTC,0.0000,256,0,2,0,0.00,269,0,33.34
1220,7,MTC,0.0000,256,0,2,0,0.00,137,0,33.34
1220,8,MTC,0.2048,256,256,2,2,0.00,137,0,33.34
1220,9,MTC,0.2048,256,256,2,2,0.00,137,0,33.34
1220,10,MTC,0.2048,256,256,2,2,0.00,137,0,33.34
1230,1,eMBB,28.1152,35144,35144,23,23,0.00,1018250,0,46.66
1230,2,eMBB,28.1152,35144,35144,23,23,0.00,1537,0,46.66
1230,3,URLLC,0.7488,1014,936,13,12,0.00,87,0,20.00
1230,4,URLLC,0.7488,1014,936,13,12,0.00,87,0,20.00
1230,5,MTC,0.2048,384,256,3,2,0.00,137,0,33.34
1230,6,MTC,0.0000,384,0,3,0,0.00,137,0,33.34
1230,7,MTC,0.0000,384,0,3,0,0.00,137,0,33.34
1230,8,MTC,0.2048,384,256,3,2,0.00,137,0,33.34
1230,9,MTC,0.2048,384,256,3,2,0.00,137,0,33.34
1230,10,MTC,0.2048,384,256,3,2,0.00,137,0,33.34
1240,1,eMBB,31.7824,35144,39728,23,26,0.00,1030417,0,36.67
1240,2,eMBB,24.4480,35144,30560,23,20,0.00,1537,0,36.67
1240,3,URLLC,0.8112,936,1014,12,13,0.00,87,0,25.00
1240,4,URLLC,0.8112,936,1014,12,13,0.00,87,0,25.00
1240,5,MTC,0.2048,256,256,2,2,0.00,137,0,38.33
1240,6,MTC,0.0000,256,0,2,0,0.00,137,0,38.33
1240,7,MTC,0.0000,256,0,2,0,0.00,137,0,38.33
1240,8,MTC,0.2048,256,256,2,2,0.00,137,0,38.33
1240,9,MTC,0.2048,256,256,2,2,0.00,137,0,38.33
1240,10,MTC,0.2048,256,256,2,2,0.00,137,0,38.33
1250,1,eMBB,0.0000,35144,0,23,0,0.00,1049198,0,36.67
1250,2,eMBB,26.8928,35144,33616,23,22,0.00,1537,0,36.67
1250,3,URLLC,0.6240,1014,780,13,10,0.00,87,0,25.00
1250,4,URLLC,0.6240,1014,780,13,10,0.00,87,0,25.00
1250,5,MTC,0.2048,256,256,2,2,0.00,137,0,38.33
1250,6,MTC,0.0000,256,0,2,0,0.00,269,0,38.33
1250,7,MTC,0.0000,256,0,2,0,0.00,137,0,38.33
1250,8,MTC,0.2048,256,256,2,2,0.00,137,0,38.33
1250,9,MTC,0.2048,256,256,2,2,0.00,137,0,38.33
1250,10,MTC,0.2048,256,256,2,2,0.00,137,0,38.33
1260,1,eMBB,25.6704,35144,32088,23,21,0.00,1058562,0,46.66
1260,2,eMBB,29.3376,35144,36672,23,24,0.00,4981,0,46.66
1260,3,URLLC,0.8112,936,1014,12,13,0.00,87,0,20.00
1260,4,URLLC,0.8112,936,1014,12,13,0.00,87,0,20.00
1260,5,MTC,0.2048,256,256,2,2,0.00,137,0,33.34
1260,6,MTC,0.0000,256,0,2,0,0.00,137,0,33.34
1260,7,MTC,0.0000,256,0,2,0,0.00,137,0,33.34
1260,8,MTC,0.2048,256,256,2,2,0.00,137,0,33.34
1260,9,MTC,0.2048,256,256,2,2,0.00,137,0,33.34
1260,10,MTC,0.2048,256,256,2,2,0.00,137,0,33.34
1270,1,eMBB,23.2256,35144,29032,23,19,0.00,1061815,0,36.67
1270,2,eMBB,29.3376,35144,36672,23,24,0.00,7665,0,36.67
1270,3,URLLC,0.8736,1014,1092,13,14,0.00,169,0,25.00
1270,4,URLLC,0.8736,1014,1092,13,14,0.00,169,0,25.00
1270,5,MTC,0.2048,256,256,2,2,0.00,137,0,38.33
1270,6,MTC,0.0000,256,0,2,0,0.00,137,0,38.33
1270,7,MTC,0.0000,256,0,2,0,0.00,137,0,38.33
1270,8,MTC,0.2048,256,256,2,2,0.00,137,0,38.33
1270,9,MTC,0.2048,256,256,2,2,0.00,137,0,38.33
1270,10,MTC,0.2048,256,256,2,2,0.00,137,0,38.33
1280,1,eMBB,19.5584,35144,24448,23,16,0.00,1079415,0,36.67
1280,2,eMBB,29.3376,35144,36672,23,24,0.00,1537,0,36.67
1280,3,URLLC,0.8112,936,1014,12,13,0.00,87,0,25.00
1280,4,URLLC,0.8112,936,1014,12,13,0.00,87,0,25.00
1280,5,MTC,0.2048,256,256,2,2,0.00,137,0,38.33
1280,6,MTC,0.0000,256,0,2,0,0.00,269,0,38.33
1280,7,MTC,0.0000,256,0,2,0,0.00,137,0,38.33
1280,8,MTC,0.2048,256,256,2,2,0.00,137,0,38.33
1280,9,MTC,0.2048,256,256,2,2,0.00,137,0,38.33
1280,10,MTC,0.2048,256,256,2,2,0.00,137,0,38.33
1290,1,eMBB,14.6688,35144,18336,23,12,0.00,1089001,0,36.67
1290,2,eMBB,28.1152,35144,35144,23,23,0.00,1537,0,36.67
1290,3,URLLC,0.7488,1014,936,13,12,0.00,87,0,25.00
1290,4,URLLC,0.7488,1014,936,13,12,0.00,87,0,25.00
1290,5,MTC,0.2048,256,256,2,2,0.00,137,0,38.33
1290,6,MTC,0.0000,256,0,2,0,0.00,107,0,38.33
1290,7,MTC,0.0000,256,0,2,0,0.00,137,0,38.33
1290,8,MTC,0.2048,256,256,2,2,0.00,137,0,38.33
1290,9,MTC,0.2048,256,256,2,2,0.00,137,0,38.33
1290,10,MTC,0.2048,256,256,2,2,0.00,137,0,38.33
1300,1,eMBB,20.7808,35144,25976,23,17,0.00,1090394,0,36.67
1300,2,eMBB,28.1152,35144,35144,23,23,0.00,1537,0,36.67
1300,3,URLLC,0.8112,936,1014,12,13,0.00,87,0,25.00
1300,4,URLLC,0.8112,936,1014,12,13,0.00,87,0,25.00
1300,5,MTC,0.3072,256,384,2,3,0.00,137,0,38.33
1300,6,MTC,0.0000,256,0,2,0,0.00,137,0,38.33
1300,7,MTC,0.0000,256,0,2,0,0.00,137,0,38.33
1300,8,MTC,0.3072,256,384,2,3,0.00,137,0,38.33
1300,9,MTC,0.3072,256,384,2,3,0.00,137,0,38.33
1300,10,MTC,0.3072,256,384,2,3,0.00,137,0,38.33
1310,1,eMBB,14.6688,35144,18336,23,12,0.00,1113740,0,26.66
1310,2,eMBB,24.4480,35144,30560,23,20,0.00,1537,0,26.66
1310,3,URLLC,0.7488,1014,936,13,12,0.00,87,0,25.00
1310,4,URLLC,0.7488,1014,936,13,12,0.00,87,0,25.00
1310,5,MTC,0.2048,256,256,2,2,0.00,137,0,48.33
1310,6,MTC,0.0000,256,0,2,0,0.00,137,0,48.33
1310,7,MTC,0.0000,256,0,2,0,0.00,137,0,48.33
1310,8,MTC,0.2048,256,256,2,2,0.00,137,0,48.33
1310,9,MTC,0.2048,256,256,2,2,0.00,137,0,48.33
1310,10,MTC,0.2048,256,256,2,2,0.00,137,0,48.33
1320,1,eMBB,15.8912,35144,19864,23,13,0.00,1140598,0,16.66
1320,2,eMBB,25.6704,35144,32088,23,21,0.00,7873,0,16.66
1320,3,URLLC,0.6864,936,858,12,11,0.00,87,0,55.00
1320,4,URLLC,0.6864,936,858,12,11,0.00,87,0,55.00
1320,5,MTC,0.1024,256,128,2,1,0.00,137,0,28.34
1320,6,MTC,0.0000,256,0,2,0,0.00,137,0,28.34
1320,7,MTC,0.0000,256,0,2,0,0.00,137,0,28.34
1320,8,MTC,0.1024,256,128,2,1,0.00,137,0,28.34
1320,9,MTC,0.1024,256,128,2,1,0.00,137,0,28.34
1320,10,MTC,0.1024,256,128,2,1,0.00,137,0,28.34
1330,1,eMBB,22.0032,35144,27504,23,18,0.00,1157350,0,36.67
1330,2,eMBB,30.5600,35144,38200,23,25,0.00,6977,0,36.67
1330,3,URLLC,0.8112,1014,1014,13,13,0.00,87,0,25.00
1330,4,URLLC,0.8112,1014,1014,13,13,0.00,87,0,25.00
1330,5,MTC,0.3072,256,384,2,3,0.00,137,0,38.33
1330,6,MTC,0.0000,256,0,2,0,0.00,137,0,38.33
1330,7,MTC,0.0000,256,0,2,0,0.00,137,0,38.33
1330,8,MTC,0.3072,256,384,2,3,0.00,137,0,38.33
1330,9,MTC,0.3072,256,384,2,3,0.00,137,0,38.33
1330,10,MTC,0.3072,256,384,2,3,0.00,137,0,38.33
1340,1,eMBB,34.2272,33616,42784,22,28,0.00,1170992,0,36.67
1340,2,eMBB,29.3376,33616,36672,22,24,0.00,7665,0,36.67
1340,3,URLLC,0.8112,936,1014,12,13,0.00,251,0,25.00
1340,4,URLLC,0.8112,936,1014,12,13,0.00,251,0,25.00
1340,5,MTC,0.2048,256,256,2,2,0.00,137,0,38.33
1340,6,MTC,0.0000,256,0,2,0,0.00,137,0,38.33
1340,7,MTC,0.0000,256,0,2,0,0.00,137,0,38.33
1340,8,MTC,0.2048,256,256,2,2,0.00,137,0,38.33
1340,9,MTC,0.2048,256,256,2,2,0.00,137,0,38.33
1340,10,MTC,0.2048,256,256,2,2,0.00,137,0,38.33
1350,1,eMBB,0.0000,35144,0,23,0,0.00,1181355,0,36.67
1350,2,eMBB,30.5600,35144,38200,23,25,0.00,3069,0,36.67
1350,3,URLLC,0.8112,1014,1014,13,13,0.00,87,0,35.00
1350,4,URLLC,0.8112,1014,1014,13,13,0.00,87,0,35.00
1350,5,MTC,0.2048,384,256,3,2,0.00,137,0,28.34
1350,6,MTC,0.0000,384,0,3,0,0.00,269,0,28.34
1350,7,MTC,0.0000,384,0,3,0,0.00,137,0,28.34
1350,8,MTC,0.2048,384,256,3,2,0.00,137,0,28.34
1350,9,MTC,0.2048,384,256,3,2,0.00,137,0,28.34
1350,10,MTC,0.2048,384,256,3,2,0.00,137,0,28.34
1360,1,eMBB,19.5584,35144,24448,23,16,0.00,1192653,0,36.67
1360,2,eMBB,26.8928,35144,33616,23,22,0.00,3069,0,36.67
1360,3,URLLC,0.8112,936,1014,12,13,0.00,87,0,25.00
1360,4,URLLC,0.8112,936,1014,12,13,0.00,87,0,25.00
1360,5,MTC,0.2048,256,256,2,2,0.00,137,0,38.33
1360,6,MTC,0.0000,256,0,2,0,0.00,137,0,38.33
1360,7,MTC,0.0000,256,0,2,0,0.00,137,0,38.33
1360,8,MTC,0.2048,256,256,2,2,0.00,137,0,38.33
1360,9,MTC,0.2048,256,256,2,2,0.00,137,0,38.33
1360,10,MTC,0.2048,256,256,2,2,0.00,137,0,38.33
1370,1,eMBB,13.4464,35144,16808,23,11,0.00,1215237,0,36.67
1370,2,eMBB,28.1152,35144,35144,23,23,0.00,1537,0,36.67
1370,3,URLLC,0.7488,1014,936,13,12,0.00,87,0,25.00
1370,4,URLLC,0.7488,1014,936,13,12,0.00,87,0,25.00
1370,5,MTC,0.2048,256,256,2,2,0.00,137,0,38.33
1370,6,MTC,0.0000,256,0,2,0,0.00,137,0,38.33
1370,7,MTC,0.0000,256,0,2,0,0.00,269,0,38.33
1370,8,MTC,0.2048,256,256,2,2,0.00,137,0,38.33
1370,9,MTC,0.2048,256,256,2,2,0.00,137,0,38.33
1370,10,MTC,0.2048,256,256,2,2,0.00,137,0,38.33
1380,1,eMBB,0.0000,35144,0,23,0,0.00,1225934,0,36.67
1380,2,eMBB,28.1152,35144,35144,23,23,0.00,1537,0,36.67
1380,3,URLLC,0.8112,936,1014,12,13,0.00,87,0,25.00
1380,4,URLLC,0.8112,936,1014,12,13,0.00,87,0,25.00
1380,5,MTC,0.2048,256,256,2,2,0.00,137,0,38.33
1380,6,MTC,0.0000,256,0,2,0,0.00,137,0,38.33
1380,7,MTC,0.0000,256,0,2,0,0.00,137,0,38.33
1380,8,MTC,0.2048,256,256,2,2,0.00,137,0,38.33
1380,9,MTC,0.2048,256,256,2,2,0.00,137,0,38.33
1380,10,MTC,0.2048,256,256,2,2,0.00,137,0,38.33
1390,1,eMBB,31.7824,35144,39728,23,26,0.00,1244913,0,16.66
1390,2,eMBB,22.0032,35144,27504,23,18,0.00,4969,0,16.66
1390,3,URLLC,0.6240,1014,780,13,10,0.00,87,0,55.00
1390,4,URLLC,0.6240,1014,780,13,10,0.00,87,0,55.00
1390,5,MTC,0.2048,256,256,2,2,0.00,137,0,28.34
1390,6,MTC,0.0000,256,0,2,0,0.00,137,0,28.34
1390,7,MTC,0.0000,256,0,2,0,0.00,137,0,28.34
1390,8,MTC,0.2048,256,256,2,2,0.00,137,0,28.34
1390,9,MTC,0.2048,256,256,2,2,0.00,137,0,28.34
1390,10,MTC,0.2048,256,256,2,2,0.00,137,0,28.34
1400,1,eMBB,0.0000,35144,0,23,0,0.00,1246793,0,51.66
1400,2,eMBB,31.7824,35144,39728,23,26,0.00,6071,0,51.66
1400,3,URLLC,0.8112,936,1014,12,13,0.00,87,0,20.00
1400,4,URLLC,0.8112,936,1014,12,13,0.00,87,0,20.00
1400,5,MTC,0.2048,256,256,2,2,0.00,137,0,28.34
1400,6,MTC,0.0000,256,0,2,0,0.00,196,0,28.34
1400,7,MTC,0.0000,256,0,2,0,0.00,137,0,28.34
1400,8,MTC,0.2048,256,256,2,2,0.00,137,0,28.34
1400,9,MTC,0.2048,256,256,2,2,0.00,137,0,28.34
1400,10,MTC,0.2048,256,256,2,2,0.00,137,0,28.34
1410,1,eMBB,17.1136,35144,21392,23,14,0.00,1269801,0,16.66
1410,2,eMBB,29.3376,35144,36672,23,24,0.00,6133,0,16.66
1410,3,URLLC,0.8736,1014,1092,13,14,0.00,169,0,55.00
1410,4,URLLC,0.8736,1014,1092,13,14,0.00,169,0,55.00
1410,5,MTC,0.2048,256,256,2,2,0.00,137,0,28.34
1410,6,MTC,0.0000,256,0,2,0,0.00,137,0,28.34
1410,7,MTC,0.0000,256,0,2,0,0.00,137,0,28.34
1410,8,MTC,0.2048,256,256,2,2,0.00,137,0,28.34
1410,9,MTC,0.2048,256,256,2,2,0.00,137,0,28.34
1410,10,MTC,0.2048,256,256,2,2,0.00,137,0,28.34
1420,1,eMBB,45.2288,35144,56536,23,37,0.00,1286332,0,51.66
1420,2,eMBB,29.3376,35144,36672,23,24,0.00,1537,0,51.66
1420,3,URLLC,0.8112,936,1014,12,13,0.00,87,0,20.00
1420,4,URLLC,0.8112,936,1014,12,13,0.00,87,0,20.00
1420,5,MTC,0.3072,256,384,2,3,0.00,137,0,28.34
1420,6,MTC,0.0000,256,0,2,0,0.00,137,0,28.34
1420,7,MTC,0.0000,256,0,2,0,0.00,137,0,28.34
1420,8,MTC,0.3072,256,384,2,3,0.00,137,0,28.34
1420,9,MTC,0.3072,256,384,2,3,0.00,137,0,28.34
1420,10,MTC,0.3072,256,384,2,3,0.00,137,0,28.34
1430,1,eMBB,0.0000,35144,0,23,0,0.00,1283610,0,51.66
1430,2,eMBB,28.1152,35144,35144,23,23,0.00,1537,0,51.66
1430,3,URLLC,0.7488,1014,936,13,12,0.00,87,0,20.00
1430,4,URLLC,0.7488,1014,936,13,12,0.00,87,0,20.00
1430,5,MTC,0.2048,256,256,2,2,0.00,137,0,28.34
1430,6,MTC,0.0000,256,0,2,0,0.00,137,0,28.34
1430,7,MTC,0.0000,256,0,2,0,0.00,137,0,28.34
1430,8,MTC,0.2048,256,256,2,2,0.00,137,0,28.34
1430,9,MTC,0.2048,256,256,2,2,0.00,137,0,28.34
1430,10,MTC,0.2048,256,256,2,2,0.00,137,0,28.34
1440,1,eMBB,15.8912,35144,19864,23,13,0.00,1292104,0,51.66
1440,2,eMBB,28.1152,35144,35144,23,23,0.00,1537,0,51.66
1440,3,URLLC,0.8112,936,1014,12,13,0.00,87,0,20.00
1440,4,URLLC,0.8112,936,1014,12,13,0.00,87,0,20.00
1440,5,MTC,0.2048,256,256,2,2,0.00,137,0,28.34
1440,6,MTC,0.0000,256,0,2,0,0.00,137,0,28.34
1440,7,MTC,0.0000,256,0,2,0,0.00,137,0,28.34
1440,8,MTC,0.2048,256,256,2,2,0.00,137,0,28.34
1440,9,MTC,0.2048,256,256,2,2,0.00,137,0,28.34
1440,10,MTC,0.2048,256,256,2,2,0.00,137,0,28.34
1450,1,eMBB,20.7808,35144,25976,23,17,0.00,1323947,0,16.66
1450,2,eMBB,23.2256,35144,29032,23,19,0.00,1537,0,16.66
1450,3,URLLC,0.7488,1014,936,13,12,0.00,87,0,25.00
1450,4,URLLC,0.7488,1014,936,13,12,0.00,87,0,25.00
1450,5,MTC,0.2048,256,256,2,2,0.00,137,0,58.34
1450,6,MTC,0.0000,256,0,2,0,0.00,137,0,58.34
1450,7,MTC,0.0000,256,0,2,0,0.00,269,0,58.34
1450,8,MTC,0.2048,256,256,2,2,0.00,137,0,58.34
1450,9,MTC,0.2048,256,256,2,2,0.00,137,0,58.34
1450,10,MTC,0.2048,256,256,2,2,0.00,137,0,58.34
1460,1,eMBB,50.1184,33616,62648,22,41,0.00,1345556,0,16.66
1460,2,eMBB,26.8928,33616,33616,22,22,0.00,4139,0,16.66
1460,3,URLLC,0.6864,936,858,12,11,0.00,87,0,25.00
1460,4,URLLC,0.6864,936,858,12,11,0.00,87,0,25.00
1460,5,MTC,0.2048,256,256,2,2,0.00,137,0,58.34
1460,6,MTC,0.0000,256,0,2,0,0.00,137,0,58.34
1460,7,MTC,0.0000,256,0,2,0,0.00,137,0,58.34
1460,8,MTC,0.2048,256,256,2,2,0.00,137,0,58.34
1460,9,MTC,0.2048,256,256,2,2,0.00,137,0,58.34
1460,10,MTC,0.2048,256,256,2,2,0.00,137,0,58.34
1470,1,eMBB,2.4448,35144,3056,23,2,0.00,1354901,0,16.66
1470,2,eMBB,29.3376,35144,36672,23,24,0.00,7336,0,16.66
1470,3,URLLC,0.8112,1014,1014,13,13,0.00,87,0,25.00
1470,4,URLLC,0.8112,1014,1014,13,13,0.00,87,0,25.00
1470,5,MTC,0.2048,384,256,3,2,0.00,137,0,58.34
1470,6,MTC,0.0000,384,0,3,0,0.00,137,0,58.34
1470,7,MTC,0.0000,384,0,3,0,0.00,269,0,58.34
1470,8,MTC,0.2048,384,256,3,2,0.00,137,0,58.34
1470,9,MTC,0.2048,384,256,3,2,0.00,137,0,58.34
1470,10,MTC,0.2048,384,256,3,2,0.00,137,0,58.34
1480,1,eMBB,0.0000,35144,0,23,0,0.00,1365904,0,16.66
1480,2,eMBB,25.6704,35144,32088,23,21,0.00,13334,0,16.66
1480,3,URLLC,0.8112,936,1014,12,13,0.00,251,0,25.00
1480,4,URLLC,0.8112,936,1014,12,13,0.00,251,0,25.00
1480,5,MTC,0.2048,256,256,2,2,0.00,137,0,58.34
1480,6,MTC,0.0000,256,0,2,0,0.00,137,0,58.34
1480,7,MTC,0.0000,256,0,2,0,0.00,137,0,58.34
1480,8,MTC,0.2048,256,256,2,2,0.00,137,0,58.34
1480,9,MTC,0.2048,256,256,2,2,0.00,137,0,58.34
1480,10,MTC,0.2048,256,256,2,2,0.00,137,0,58.34
1490,1,eMBB,37.8944,35144,47368,23,31,0.00,1392263,0,16.66
1490,2,eMBB,34.2272,35144,42784,23,28,0.00,2670,0,16.66
1490,3,URLLC,0.8112,1014,1014,13,13,0.00,87,0,25.00
1490,4,URLLC,0.8112,1014,1014,13,13,0.00,87,0,25.00
1490,5,MTC,0.2048,256,256,2,2,0.00,137,0,58.34
1490,6,MTC,0.0000,256,0,2,0,0.00,137,0,58.34
1490,7,MTC,0.0000,256,0,2,0,0.00,137,0,58.34
1490,8,MTC,0.2048,256,256,2,2,0.00,137,0,58.34
1490,9,MTC,0.2048,256,256,2,2,0.00,137,0,58.34
1490,10,MTC,0.2048,256,256,2,2,0.00,137,0,58.34
1500,1,eMBB,2.4448,35144,3056,23,2,0.00,1410025,0,16.66
1500,2,eMBB,28.1152,35144,35144,23,23,0.00,1537,0,16.66
1500,3,URLLC,0.8112,936,1014,12,13,0.00,87,0,25.00
1500,4,URLLC,0.8112,936,1014,12,13,0.00,87,0,25.00
1500,5,MTC,0.2048,256,256,2,2,0.00,137,0,58.34
1500,6,MTC,0.0000,256,0,2,0,0.00,137,0,58.34
1500,7,MTC,0.0000,256,0,2,0,0.00,137,0,58.34
1500,8,MTC,0.2048,256,256,2,2,0.00,137,0,58.34
1500,9,MTC,0.2048,256,256,2,2,0.00,137,0,58.34
1500,10,MTC,0.2048,256,256,2,2,0.00,137,0,58.34
1510,1,eMBB,14.6688,35144,18336,23,12,0.00,1418382,0,16.66
1510,2,eMBB,28.1152,35144,35144,23,23,0.00,1537,0,16.66
1510,3,URLLC,0.7488,1014,936,13,12,0.00,87,0,25.00
1510,4,URLLC,0.7488,1014,936,13,12,0.00,87,0,25.00
1510,5,MTC,0.2048,256,256,2,2,0.00,137,0,58.34
1510,6,MTC,0.0000,256,0,2,0,0.00,137,0,58.34
1510,7,MTC,0.0000,256,0,2,0,0.00,137,0,58.34
1510,8,MTC,0.2048,256,256,2,2,0.00,137,0,58.34
1510,9,MTC,0.2048,256,256,2,2,0.00,137,0,58.34
1510,10,MTC,0.2048,256,256,2,2,0.00,137,0,58.34
