timestamp,ueImsi,sliceId,dTxBytes,dRxBytes,plr,resourceSharePct,dLostPackets,throughputMbps,bufferBytes
590,1,0,24448,3056,87.50,31.44,14,2.4448,187866
590,2,0,24448,3056,87.50,31.44,14,2.4448,187842
590,3,0,24448,3056,87.50,31.44,14,2.4448,187834
590,4,0,24448,3056,87.50,31.44,14,2.4448,187766
590,5,0,24448,3056,87.50,31.44,14,2.4448,187782
590,6,1,390,390,0.00,33.20,0,0.3120,87
590,7,1,390,390,0.00,33.20,0,0.3120,87
590,8,1,390,390,0.00,33.20,0,0.3120,87
590,9,1,390,390,0.00,33.20,0,0.3120,87
590,10,1,390,390,0.00,33.20,0,0.3120,87
590,11,2,16000,1792,88.80,35.36,111,1.4336,131064
590,12,2,16000,1792,88.80,35.36,111,1.4336,131065
590,13,2,16000,1792,88.80,35.36,111,1.4336,131071
590,14,2,16000,1792,88.80,35.36,111,1.4336,131141
590,15,2,16000,1792,88.80,35.36,111,1.4336,131043
590,16,2,16000,1792,88.80,35.36,111,1.4336,131133
590,17,2,16000,1792,88.80,35.36,111,1.4336,131129
590,18,2,16000,1792,88.80,35.36,111,1.4336,131047
590,19,2,16000,1792,88.80,35.36,111,1.4336,131125
590,20,2,16000,1792,88.80,35.36,111,1.4336,131130
