timestamp,ueImsi,sliceId,dTxBytes,dRxBytes,plr,resourceSharePct,dLostPackets,throughputMbps,bufferBytes
560,1,0,24448,1528,93.75,31.66,15,1.2224,137933
560,2,0,24448,1528,93.75,31.66,15,1.2224,137748
560,3,0,24448,1528,93.75,31.66,15,1.2224,137794
560,4,0,24448,1528,93.75,31.66,15,1.2224,137802
560,5,0,24448,1528,93.75,31.66,15,1.2224,137712
560,6,1,780,624,20.00,30.00,2,0.4992,126
560,7,1,780,624,20.00,30.00,2,0.4992,126
560,8,1,780,624,20.00,30.00,2,0.4992,126
560,9,1,780,624,20.00,30.00,2,0.4992,126
560,10,1,780,624,20.00,30.00,2,0.4992,87
560,11,2,16000,896,94.40,38.33,118,0.7168,90670
560,12,2,16000,896,94.40,38.33,118,0.7168,90670
560,13,2,16000,896,94.40,38.33,118,0.7168,90670
560,14,2,16000,896,94.40,38.33,118,0.7168,90670
560,15,2,16000,896,94.40,38.33,118,0.7168,90734
560,16,2,16000,896,94.40,38.33,118,0.7168,90543
560,17,2,16000,896,94.40,38.33,118,0.7168,90543
560,18,2,16000,896,94.40,38.33,118,0.7168,90444
560,19,2,16000,896,94.40,38.33,118,0.7168,90450
560,20,2,16000,896,94.40,38.33,118,0.7168,90441
