timestamp,sliceId,dedicatedPRB,minPRB,maxPRB
510,0,24.334704672056194,24.334704672056194,100.0
510,1,41.55135020281625,41.55135020281625,100.0
510,2,34.11394512512756,34.11394512512756,100.0
520,0,32.89566366589129,32.89566366589129,100.0
520,1,33.64240986191033,33.64240986191033,100.0
520,2,33.461926472198385,33.461926472198385,100.0
530,0,25.973833968391357,25.973833968391357,100.0
530,1,34.716322345870125,34.716322345870125,100.0
530,2,39.30984368573852,39.30984368573852,100.0
540,0,27.33188826761867,27.33188826761867,100.0
540,1,45.172587383417444,45.172587383417444,100.0
540,2,27.49552434896389,27.49552434896389,100.0
550,0,38.89569659468935,38.89569659468935,100.0
550,1,28.189414999762413,28.189414999762413,100.0
550,2,32.91488840554824,32.91488840554824,100.0
560,0,51.229027242332,51.229027242332,100.0
560,1,27.678400870601344,27.678400870601344,100.0
560,2,21.09257188706665,21.09257188706665,100.0
570,0,32.8787747395239,32.8787747395239,100.0
570,1,37.14963141573533,37.14963141573533,100.0
570,2,29.971593844740774,29.971593844740774,100.0
580,0,28.2986549382954,28.2986549382954,100.0
580,1,39.79653971869449,39.79653971869449,100.0
580,2,31.904805343010118,31.904805343010118,100.0
590,0,33.21155289592244,33.21155289592244,100.0
590,1,30.869336261185946,30.869336261185946,100.0
590,2,35.91911084289162,35.91911084289162,100.0
600,0,31.984724154619286,31.984724154619286,100.0
600,1,44.036809353334824,44.036809353334824,100.0
600,2,23.97846649204589,23.97846649204589,100.0
610,0,23.356325251054212,23.356325251054212,100.0
610,1,36.92230521081899,36.92230521081899,100.0
610,2,39.72136953812681,39.72136953812681,100.0
620,0,31.74390073059182,31.74390073059182,100.0
620,1,48.40501518278476,48.40501518278476,100.0
620,2,19.851084086623416,19.851084086623416,100.0
630,0,29.76196338642713,29.76196338642713,100.0
630,1,37.9657736005976,37.9657736005976,100.0
630,2,32.272263012975266,32.272263012975266,100.0
640,0,41.57672627329082,41.57672627329082,100.0
640,1,37.515789719449714,37.515789719449714,100.0
640,2,20.907484007259473,20.907484007259473,100.0
650,0,32.84976573303168,32.84976573303168,100.0
650,1,41.4564896032079,41.4564896032079,100.0
650,2,25.69374466376042,25.69374466376042,100.0
660,0,30.365435491043968,30.365435491043968,100.0
660,1,26.145783704278564,26.145783704278564,100.0
660,2,43.48878080467748,43.48878080467748,100.0
670,0,30.030682522142115,30.030682522142115,100.0
670,1,27.272893171689873,27.272893171689873,100.0
670,2,42.69642430616801,42.69642430616801,100.0
680,0,31.225747196153097,31.225747196153097,100.0
680,1,36.30234869548875,36.30234869548875,100.0
680,2,32.47190410835816,32.47190410835816,100.0
690,0,21.594246092620025,21.594246092620025,100.0
690,1,43.63394491933058,43.63394491933058,100.0
690,2,34.77180898804939,34.77180898804939,100.0
700,0,29.263075629705877,29.263075629705877,100.0
700,1,40.67579137632743,40.67579137632743,100.0
700,2,30.061132993966698,30.061132993966698,100.0
710,0,32.18930416944605,32.18930416944605,100.0
710,1,26.91735420069566,26.91735420069566,100.0
710,2,40.89334162985829,40.89334162985829,100.0
720,0,48.842979691073886,48.842979691073886,100.0
720,1,25.00263892381618,25.00263892381618,100.0
720,2,26.154381385109936,26.154381385109936,100.0
730,0,22.91155252430379,22.91155252430379,100.0
730,1,44.6113389478877,44.6113389478877,100.0
730,2,32.47710852780851,32.47710852780851,100.0
740,0,35.39041084060434,35.39041084060434,100.0
740,1,36.100829264829315,36.100829264829315,100.0
740,2,28.508759894566353,28.508759894566353,100.0
750,0,25.632585367454936,25.632585367454936,100.0
750,1,39.288084615201875,39.288084615201875,100.0
750,2,35.07933001734319,35.07933001734319,100.0
760,0,33.383899058542944,33.383899058542944,100.0
760,1,43.52738204110515,43.52738204110515,100.0
760,2,23.088718900351907,23.088718900351907,100.0
770,0,34.18200645993734,34.18200645993734,100.0
770,1,39.39059302609984,39.39059302609984,100.0
770,2,26.427400513962816,26.427400513962816,100.0
780,0,22.670279471768005,22.670279471768005,100.0
780,1,49.63693989353233,49.63693989353233,100.0
780,2,27.692780634699666,27.692780634699666,100.0
790,0,51.248555680586435,51.248555680586435,100.0
790,1,29.693364556519352,29.693364556519352,100.0
790,2,19.05807976289421,19.05807976289421,100.0
800,0,24.563991680337978,24.563991680337978,100.0
800,1,42.758741955124314,42.758741955124314,100.0
800,2,32.67726636453771,32.67726636453771,100.0
810,0,44.69362889591333,44.69362889591333,100.0
810,1,31.336662141789517,31.336662141789517,100.0
810,2,23.969708962297158,23.969708962297158,100.0
820,0,32.79219403679988,32.79219403679988,100.0
820,1,41.0518555247962,41.0518555247962,100.0
820,2,26.155950438403913,26.155950438403913,100.0
830,0,29.044987915693593,29.044987915693593,100.0
830,1,38.935087110112455,38.935087110112455,100.0
830,2,32.01992497419395,32.01992497419395,100.0
840,0,36.245947316265124,36.245947316265124,100.0
840,1,33.278465906754995,33.278465906754995,100.0
840,2,30.475586776979895,30.475586776979895,100.0
850,0,45.9513291703748,45.9513291703748,100.0
850,1,27.609836053923075,27.609836053923075,100.0
850,2,26.43883477570213,26.43883477570213,100.0
860,0,37.388986637589866,37.388986637589866,100.0
860,1,32.71782665827667,32.71782665827667,100.0
860,2,29.893186704133463,29.893186704133463,100.0
870,0,23.101807864990334,23.101807864990334,100.0
870,1,52.41855711062211,52.41855711062211,100.0
870,2,24.47963502438756,24.47963502438756,100.0
880,0,42.6921301456878,42.6921301456878,100.0
880,1,28.347166567800485,28.347166567800485,100.0
880,2,28.96070328651171,28.96070328651171,100.0
890,0,32.5124981063281,32.5124981063281,100.0
890,1,33.75005990447041,33.75005990447041,100.0
890,2,33.73744198920148,33.73744198920148,100.0
900,0,30.946414944700827,30.946414944700827,100.0
900,1,48.40960235360624,48.40960235360624,100.0
900,2,20.64398270169293,20.64398270169293,100.0
910,0,36.696044371854974,36.696044371854974,100.0
910,1,43.21457298568971,43.21457298568971,100.0
910,2,20.089382642455313,20.089382642455313,100.0
920,0,32.512397822027225,32.512397822027225,100.0
920,1,27.754730529875683,27.754730529875683,100.0
920,2,39.73287164809709,39.73287164809709,100.0
930,0,32.8364136792053,32.8364136792053,100.0
930,1,48.783281504032786,48.783281504032786,100.0
930,2,18.38030481676191,18.38030481676191,100.0
940,0,38.82567466811882,38.82567466811882,100.0
940,1,35.389745219360925,35.389745219360925,100.0
940,2,25.784580112520256,25.784580112520256,100.0
950,0,25.069643988647027,25.069643988647027,100.0
950,1,54.96815350088482,54.96815350088482,100.0
950,2,19.96220251046815,19.96220251046815,100.0
960,0,31.25291991611147,31.25291991611147,100.0
960,1,46.386199692230726,46.386199692230726,100.0
960,2,22.360880391657805,22.360880391657805,100.0
970,0,30.394156083895574,30.394156083895574,100.0
970,1,49.24426285488712,49.24426285488712,100.0
970,2,20.36158106121731,20.36158106121731,100.0
980,0,28.47101138205585,28.47101138205585,100.0
980,1,35.54032638761403,35.54032638761403,100.0
980,2,35.98866223033012,35.98866223033012,100.0
990,0,25.6914946889981,25.6914946889981,100.0
990,1,30.452828019533246,30.452828019533246,100.0
990,2,43.85567729146865,43.85567729146865,100.0
1000,0,24.25121293395795,24.25121293395795,100.0
1000,1,44.59414092145396,44.59414092145396,100.0
1000,2,31.15464614458808,31.15464614458808,100.0
1010,0,43.5550355269001,43.5550355269001,100.0
1010,1,36.49074978406443,36.49074978406443,100.0
1010,2,19.95421468903548,19.95421468903548,100.0
1020,0,37.99225616412042,37.99225616412042,100.0
1020,1,43.111172057146895,43.111172057146895,100.0
1020,2,18.896571778732685,18.896571778732685,100.0
1030,0,32.02989485578264,32.02989485578264,100.0
1030,1,44.49161088549798,44.49161088549798,100.0
1030,2,23.47849425871938,23.47849425871938,100.0
1040,0,30.45185947158603,30.45185947158603,100.0
1040,1,35.16208940757485,35.16208940757485,100.0
1040,2,34.38605112083912,34.38605112083912,100.0
1050,0,46.76418846601743,46.76418846601743,100.0
1050,1,28.253440758619824,28.253440758619824,100.0
1050,2,24.982370775362742,24.982370775362742,100.0
1060,0,22.186187595496985,22.186187595496985,100.0
1060,1,35.10889134723929,35.10889134723929,100.0
1060,2,42.704921057263725,42.704921057263725,100.0
1070,0,37.07953499848608,37.07953499848608,100.0
1070,1,33.94825309495785,33.94825309495785,100.0
1070,2,28.972211906556065,28.972211906556065,100.0
1080,0,24.02345631288935,24.02345631288935,100.0
1080,1,32.38038355171732,32.38038355171732,100.0
1080,2,43.596160135393326,43.596160135393326,100.0
1090,0,28.419607920985108,28.419607920985108,100.0
1090,1,41.31713178139103,41.31713178139103,100.0
1090,2,30.263260297623862,30.263260297623862,100.0
1100,0,30.565692221337983,30.565692221337983,100.0
1100,1,36.85340104890843,36.85340104890843,100.0
1100,2,32.58090672975359,32.58090672975359,100.0
1110,0,41.20643095263757,41.20643095263757,100.0
1110,1,24.82954019089535,24.82954019089535,100.0
1110,2,33.96402885646709,33.96402885646709,100.0
1120,0,29.64985000800114,29.64985000800114,100.0
1120,1,36.85810702939758,36.85810702939758,100.0
1120,2,33.49204296260128,33.49204296260128,100.0
1130,0,34.74216882558249,34.74216882558249,100.0
1130,1,36.74394969265734,36.74394969265734,100.0
1130,2,28.513881481760183,28.513881481760183,100.0
1140,0,39.239025620088526,39.239025620088526,100.0
1140,1,32.32900120136167,32.32900120136167,100.0
1140,2,28.431973178549814,28.431973178549814,100.0
1150,0,22.94355596415211,22.94355596415211,100.0
1150,1,54.98952156681134,54.98952156681134,100.0
1150,2,22.066922469036555,22.066922469036555,100.0
1160,0,41.08287168052417,41.08287168052417,100.0
1160,1,26.790928060673497,26.790928060673497,100.0
1160,2,32.126200258802335,32.126200258802335,100.0
1170,0,49.04845139032552,49.04845139032552,100.0
1170,1,25.96086216512885,25.96086216512885,100.0
1170,2,24.99068644454563,24.99068644454563,100.0
1180,0,24.143606573940506,24.143606573940506,100.0
1180,1,44.14028374751497,44.14028374751497,100.0
1180,2,31.71610967854452,31.71610967854452,100.0
1190,0,21.894467306688913,21.894467306688913,100.0
1190,1,44.2215842007134,44.2215842007134,100.0
1190,2,33.88394849259769,33.88394849259769,100.0
1200,0,47.51355065969436,47.51355065969436,100.0
1200,1,29.986863888740878,29.986863888740878,100.0
1200,2,22.499585451564762,22.499585451564762,100.0
1210,0,37.731953325027625,37.731953325027625,100.0
1210,1,32.0807594351563,32.0807594351563,100.0
1210,2,30.187287239816072,30.187287239816072,100.0
1220,0,37.71866637721126,37.71866637721126,100.0
1220,1,30.046776833889155,30.046776833889155,100.0
1220,2,32.234556788899596,32.234556788899596,100.0
1230,0,40.23321458828284,40.23321458828284,100.0
1230,1,26.55343177372322,26.55343177372322,100.0
1230,2,33.21335363799393,33.21335363799393,100.0
1240,0,44.3432292347091,44.3432292347091,100.0
1240,1,30.548399967320233,30.548399967320233,100.0
1240,2,25.108370797970668,25.108370797970668,100.0
1250,0,34.918410067474895,34.918410067474895,100.0
1250,1,28.036270468526315,28.036270468526315,100.0
1250,2,37.04531946399878,37.04531946399878,100.0
1260,0,35.76686242066462,35.76686242066462,100.0
1260,1,25.24713331915236,25.24713331915236,100.0
1260,2,38.986004260183016,38.986004260183016,100.0
1270,0,28.354580822878905,28.354580822878905,100.0
1270,1,35.82615113799922,35.82615113799922,100.0
1270,2,35.81926803912188,35.81926803912188,100.0
1280,0,34.41835127908774,34.41835127908774,100.0
1280,1,41.889313069680085,41.889313069680085,100.0
1280,2,23.692335651232177,23.692335651232177,100.0
1290,0,23.675077355913533,23.675077355913533,100.0
1290,1,55.88976318323594,55.88976318323594,100.0
1290,2,20.43515946085053,20.43515946085053,100.0
1300,0,46.40454603637754,46.40454603637754,100.0
1300,1,25.266767590645433,25.266767590645433,100.0
1300,2,28.328686372977042,28.328686372977042,100.0
1310,0,27.98461087300856,27.98461087300856,100.0
1310,1,44.16710523135906,44.16710523135906,100.0
1310,2,27.848283895632385,27.848283895632385,100.0
1320,0,27.849852367481116,27.849852367481116,100.0
1320,1,32.45538250492487,32.45538250492487,100.0
1320,2,39.69476512759401,39.69476512759401,100.0
1330,0,40.23084564164352,40.23084564164352,100.0
1330,1,24.234825114423476,24.234825114423476,100.0
1330,2,35.534329243933,35.534329243933,100.0
1340,0,40.84767084874136,40.84767084874136,100.0
1340,1,37.76619571749463,37.76619571749463,100.0
1340,2,21.38613343376401,21.38613343376401,100.0
1350,0,35.89852343270059,35.89852343270059,100.0
1350,1,37.33530471396934,37.33530471396934,100.0
1350,2,26.766171853330068,26.766171853330068,100.0
1360,0,28.23296260816105,28.23296260816105,100.0
1360,1,47.98979045447685,47.98979045447685,100.0
1360,2,23.7772469373621,23.7772469373621,100.0
1370,0,46.67555261000908,46.67555261000908,100.0
1370,1,27.59145240193134,27.59145240193134,100.0
1370,2,25.732994988059588,25.732994988059588,100.0
1380,0,38.90487423195526,38.90487423195526,100.0
1380,1,27.92103866328285,27.92103866328285,100.0
1380,2,33.1740871047619,33.1740871047619,100.0
1390,0,23.64270324680074,23.64270324680074,100.0
1390,1,27.85767227416241,27.85767227416241,100.0
1390,2,48.499624479036854,48.499624479036854,100.0
1400,0,30.456657698374258,30.456657698374258,100.0
1400,1,42.063394413157525,42.063394413157525,100.0
1400,2,27.479947888468224,27.479947888468224,100.0
1410,0,35.00385803845874,35.00385803845874,100.0
1410,1,35.91764679366146,35.91764679366146,100.0
1410,2,29.078495167879808,29.078495167879808,100.0
1420,0,31.251846225356104,31.251846225356104,100.0
1420,1,34.22927752468179,34.22927752468179,100.0
1420,2,34.518876249962105,34.518876249962105,100.0
1430,0,43.260865662280594,43.260865662280594,100.0
1430,1,27.722048745446976,27.722048745446976,100.0
1430,2,29.017085592272434,29.017085592272434,100.0
1440,0,31.94487533280973,31.94487533280973,100.0
1440,1,25.752464080243442,25.752464080243442,100.0
1440,2,42.30266058694683,42.30266058694683,100.0
1450,0,43.10912143199486,43.10912143199486,100.0
1450,1,33.066853813545706,33.066853813545706,100.0
1450,2,23.824024754459433,23.824024754459433,100.0
1460,0,28.897879453654916,28.897879453654916,100.0
1460,1,45.434648701949556,45.434648701949556,100.0
1460,2,25.66747184439552,25.66747184439552,100.0
1470,0,46.698022315013645,46.698022315013645,100.0
1470,1,31.671840575915983,31.671840575915983,100.0
1470,2,21.630137109070375,21.630137109070375,100.0
1480,0,37.77976977141149,37.77976977141149,100.0
1480,1,25.94956929645794,25.94956929645794,100.0
1480,2,36.270660932130575,36.270660932130575,100.0
1490,0,32.27438068027421,32.27438068027421,100.0
1490,1,44.83575863441585,44.83575863441585,100.0
1490,2,22.889860685309934,22.889860685309934,100.0
1500,0,34.39133158223348,34.39133158223348,100.0
1500,1,38.64989786307372,38.64989786307372,100.0
1500,2,26.95877055469282,26.95877055469282,100.0
