timestamp,ueImsi,sliceId,dTxBytes,dRxBytes,plr,resourceSharePct,dLostPackets,throughputMbps,bufferBytes
560,1,0,24448,4584,81.25,36.66,13,3.6672,130992
560,2,0,24448,4584,81.25,36.66,13,3.6672,130957
560,3,0,24448,4584,81.25,36.66,13,3.6672,130973
560,4,0,24448,4584,81.25,36.66,13,3.6672,130945
560,5,0,24448,4584,81.25,36.66,13,3.6672,130953
560,6,1,780,702,10.00,25.00,1,0.5616,87
560,7,1,780,702,10.00,25.00,1,0.5616,87
560,8,1,780,702,10.00,25.00,1,0.5616,87
560,9,1,780,702,10.00,25.00,1,0.5616,87
560,10,1,780,702,10.00,25.00,1,0.5616,87
560,11,2,16000,1408,91.20,38.33,114,1.1264,86631
560,12,2,16000,1408,91.20,38.33,114,1.1264,86579
560,13,2,16000,1408,91.20,38.33,114,1.1264,86540
560,14,2,16000,1408,91.20,38.33,114,1.1264,86542
560,15,2,16000,1408,91.20,38.33,114,1.1264,86534
560,16,2,16000,1408,91.20,38.33,114,1.1264,86528
560,17,2,16000,1408,91.20,38.33,114,1.1264,86545
560,18,2,16000,1408,91.20,38.33,114,1.1264,86525
560,19,2,16000,1408,91.20,38.33,114,1.1264,86539
560,20,2,16000,1408,91.20,38.33,114,1.1264,86545
