timestamp,sliceId,dedicatedPRB,minPRB,maxPRB
510,0,21.743763383318047,21.743763383318047,100.0
510,1,39.570509040954015,39.570509040954015,100.0
510,2,38.68572757572794,38.68572757572794,100.0
520,0,23.196334342321066,23.196334342321066,100.0
520,1,55.77469482742907,55.77469482742907,100.0
520,2,21.028970830249865,21.028970830249865,100.0
530,0,38.418545744154095,38.418545744154095,100.0
530,1,42.340735107357816,42.340735107357816,100.0
530,2,19.240719148488093,19.240719148488093,100.0
540,0,38.5002171613696,38.5002171613696,100.0
540,1,44.269210090193916,44.269210090193916,100.0
540,2,17.230572748436483,17.230572748436483,100.0
550,0,23.295821924746477,23.295821924746477,100.0
550,1,48.17808185635115,48.17808185635115,100.0
550,2,28.526096218902374,28.526096218902374,100.0
560,0,31.313153127922465,31.313153127922465,100.0
560,1,40.62590317487936,40.62590317487936,100.0
560,2,28.06094369719817,28.06094369719817,100.0
570,0,38.89698140133271,38.89698140133271,100.0
570,1,28.332105966911946,28.332105966911946,100.0
570,2,32.770912631755344,32.770912631755344,100.0
580,0,23.467936410958757,23.467936410958757,100.0
580,1,53.79358132502083,53.79358132502083,100.0
580,2,22.738482264020416,22.738482264020416,100.0
590,0,34.83673069276625,34.83673069276625,100.0
590,1,46.85984304991696,46.85984304991696,100.0
590,2,18.303426257316787,18.303426257316787,100.0
600,0,29.483157709343654,29.483157709343654,100.0
600,1,50.449492762836016,50.449492762836016,100.0
600,2,20.067349527820333,20.067349527820333,100.0
610,0,39.767903392011675,39.767903392011675,100.0
610,1,40.78123364338372,40.78123364338372,100.0
610,2,19.450862964604614,19.450862964604614,100.0
620,0,23.30834833279523,23.30834833279523,100.0
620,1,56.68040218740863,56.68040218740863,100.0
620,2,20.011249479796138,20.011249479796138,100.0
630,0,21.932056280225076,21.932056280225076,100.0
630,1,40.103425349728916,40.103425349728916,100.0
630,2,37.96451837004601,37.96451837004601,100.0
640,0,33.680605788337495,33.680605788337495,100.0
640,1,42.21837129756638,42.21837129756638,100.0
640,2,24.101022914096138,24.101022914096138,100.0
650,0,29.456803205265214,29.456803205265214,100.0
650,1,51.6246890395077,51.6246890395077,100.0
650,2,18.918507755227086,18.918507755227086,100.0
660,0,29.01019145881313,29.01019145881313,100.0
660,1,30.960202161819627,30.960202161819627,100.0
660,2,40.029606379367245,40.029606379367245,100.0
670,0,34.73460082509872,34.73460082509872,100.0
670,1,40.571888450613585,40.571888450613585,100.0
670,2,24.6935107242877,24.6935107242877,100.0
680,0,25.635045063130203,25.635045063130203,100.0
680,1,52.145190199643864,52.145190199643864,100.0
680,2,22.219764737225926,22.219764737225926,100.0
690,0,35.5248332224631,35.5248332224631,100.0
690,1,38.14327769940641,38.14327769940641,100.0
690,2,26.331889078130505,26.331889078130505,100.0
700,0,32.29622742806442,32.29622742806442,100.0
700,1,45.84709494365564,45.84709494365564,100.0
700,2,21.856677628279954,21.856677628279954,100.0
710,0,36.59668219658824,36.59668219658824,100.0
710,1,35.60208450847557,35.60208450847557,100.0
710,2,27.801233294936196,27.801233294936196,100.0
720,0,27.896234544236837,27.896234544236837,100.0
720,1,48.131257182899596,48.131257182899596,100.0
720,2,23.972508272863564,23.972508272863564,100.0
730,0,25.554119770892434,25.554119770892434,100.0
730,1,38.45311299899991,38.45311299899991,100.0
730,2,35.992767230107646,35.992767230107646,100.0
740,0,29.874025035912126,29.874025035912126,100.0
740,1,37.9381663964218,37.9381663964218,100.0
740,2,32.18780856766607,32.18780856766607,100.0
750,0,41.08843133490031,41.08843133490031,100.0
750,1,34.389504319523965,34.389504319523965,100.0
750,2,24.52206434557573,24.52206434557573,100.0
760,0,31.111436873301873,31.111436873301873,100.0
760,1,38.921820642007226,38.921820642007226,100.0
760,2,29.9667424846909,29.9667424846909,100.0
770,0,39.6487453353049,39.6487453353049,100.0
770,1,38.72551172710858,38.72551172710858,100.0
770,2,21.625742937586512,21.625742937586512,100.0
780,0,49.983620199959724,49.983620199959724,100.0
780,1,27.714860577567556,27.714860577567556,100.0
780,2,22.301519222472727,22.301519222472727,100.0
790,0,40.67042694870321,40.67042694870321,100.0
790,1,33.258002052386836,33.258002052386836,100.0
790,2,26.07157099890996,26.07157099890996,100.0
800,0,28.554719708856414,28.554719708856414,100.0
800,1,44.651885781442935,44.651885781442935,100.0
800,2,26.79339450970065,26.79339450970065,100.0
810,0,41.048305426716404,41.048305426716404,100.0
810,1,33.983524570812676,33.983524570812676,100.0
810,2,24.96817000247092,24.96817000247092,100.0
820,0,29.226008902409845,29.226008902409845,100.0
820,1,35.74392479358257,35.74392479358257,100.0
820,2,35.03006630400759,35.03006630400759,100.0
830,0,26.221781175646576,26.221781175646576,100.0
830,1,46.25457227138704,46.25457227138704,100.0
830,2,27.523646552966387,27.523646552966387,100.0
840,0,23.00700697344754,23.00700697344754,100.0
840,1,38.15947765823776,38.15947765823776,100.0
840,2,38.8335153683147,38.8335153683147,100.0
850,0,21.62137574408201,21.62137574408201,100.0
850,1,39.779508311453505,39.779508311453505,100.0
850,2,38.599115944464494,38.599115944464494,100.0
860,0,34.25659584130973,34.25659584130973,100.0
860,1,47.82735183288431,47.82735183288431,100.0
860,2,17.916052325805957,17.916052325805957,100.0
870,0,33.27364438460264,33.27364438460264,100.0
870,1,35.5592492080953,35.5592492080953,100.0
870,2,31.167106407302054,31.167106407302054,100.0
880,0,30.691531363779333,30.691531363779333,100.0
880,1,33.72831075295571,33.72831075295571,100.0
880,2,35.58015788326497,35.58015788326497,100.0
890,0,37.754585072637326,37.754585072637326,100.0
890,1,34.48324079579187,34.48324079579187,100.0
890,2,27.76217413157081,27.76217413157081,100.0
900,0,23.88414200916416,23.88414200916416,100.0
900,1,42.020515436292364,42.020515436292364,100.0
900,2,34.095342554543485,34.095342554543485,100.0
910,0,27.600184498414677,27.600184498414677,100.0
910,1,27.46163231093265,27.46163231093265,100.0
910,2,44.93818319065268,44.93818319065268,100.0
920,0,28.814078296882784,28.814078296882784,100.0
920,1,41.854630819349445,41.854630819349445,100.0
920,2,29.331290883767778,29.331290883767778,100.0
930,0,44.538784805963324,44.538784805963324,100.0
930,1,32.66990270683077,32.66990270683077,100.0
930,2,22.791312487205918,22.791312487205918,100.0
940,0,33.943856185872576,33.943856185872576,100.0
940,1,28.644448946035844,28.644448946035844,100.0
940,2,37.41169486809158,37.41169486809158,100.0
950,0,35.12031337934464,35.12031337934464,100.0
950,1,29.26748674558525,29.26748674558525,100.0
950,2,35.61219987507012,35.61219987507012,100.0
960,0,36.57354303020971,36.57354303020971,100.0
960,1,44.17408462844206,44.17408462844206,100.0
960,2,19.252372341348234,19.252372341348234,100.0
970,0,32.62672523028433,32.62672523028433,100.0
970,1,39.03981014485643,39.03981014485643,100.0
970,2,28.333464624859246,28.333464624859246,100.0
980,0,24.41760146025964,24.41760146025964,100.0
980,1,28.482735859079877,28.482735859079877,100.0
980,2,47.09966268066049,47.09966268066049,100.0
990,0,40.10617809195385,40.10617809195385,100.0
990,1,40.8818055004319,40.8818055004319,100.0
990,2,19.01201640761425,19.01201640761425,100.0
1000,0,23.299040970617874,23.299040970617874,100.0
1000,1,54.5968040703098,54.5968040703098,100.0
1000,2,22.104154959072325,22.104154959072325,100.0
1010,0,31.295024324612452,31.295024324612452,100.0
1010,1,44.48461018967958,44.48461018967958,100.0
1010,2,24.22036548570798,24.22036548570798,100.0
1020,0,31.678932641322977,31.678932641322977,100.0
1020,1,34.90707881169642,34.90707881169642,100.0
1020,2,33.4139885469806,33.4139885469806,100.0
