timestamp,sliceId,dedicatedPRB,minPRB,maxPRB
600,0,23.96791057348022,23.96791057348022,100.0
600,1,36.047996156784684,36.047996156784684,100.0
600,2,39.98409326973509,39.98409326973509,100.0
700,0,29.416694777229353,29.416694777229353,100.0
700,1,29.00927046462044,29.00927046462044,100.0
700,2,41.574034758150205,41.574034758150205,100.0
800,0,22.997699357250127,22.997699357250127,100.0
800,1,36.681427153945265,36.681427153945265,100.0
800,2,40.32087348880461,40.32087348880461,100.0
900,0,31.026651289407408,31.026651289407408,100.0
900,1,38.18867107888521,38.18867107888521,100.0
900,2,30.784677631707396,30.784677631707396,100.0
1000,0,44.548895202301544,44.548895202301544,100.0
1000,1,34.36039512056583,34.36039512056583,100.0
1000,2,21.090709677132633,21.090709677132633,100.0
1100,0,35.712124513479374,35.712124513479374,100.0
1100,1,31.390759737188745,31.390759737188745,100.0
1100,2,32.89711574933188,32.89711574933188,100.0
1200,0,33.66012944074516,33.66012944074516,100.0
1200,1,37.990546169121124,37.990546169121124,100.0
1200,2,28.349324390133713,28.349324390133713,100.0
1300,0,24.465364881936868,24.465364881936868,100.0
1300,1,37.066238858817144,37.066238858817144,100.0
1300,2,38.468396259245985,38.468396259245985,100.0
1400,0,50.675801859993854,50.675801859993854,100.0
1400,1,26.4548325904995,26.4548325904995,100.0
1400,2,22.86936554950666,22.86936554950666,100.0
1500,0,33.12809908983605,33.12809908983605,100.0
1500,1,33.20673248861934,33.20673248861934,100.0
1500,2,33.665168421544614,33.665168421544614,100.0
1600,0,40.62673294734797,40.62673294734797,100.0
1600,1,39.66239997887144,39.66239997887144,100.0
1600,2,19.71086707378059,19.71086707378059,100.0
1700,0,26.729918068713292,26.729918068713292,100.0
1700,1,53.490345472146,53.490345472146,100.0
1700,2,19.779736459140707,19.779736459140707,100.0
1800,0,32.116289332134045,32.116289332134045,100.0
1800,1,28.663369440481855,28.663369440481855,100.0
1800,2,39.2203412273841,39.2203412273841,100.0
1900,0,37.90739337545249,37.90739337545249,100.0
1900,1,30.8991803284149,30.8991803284149,100.0
1900,2,31.19342629613261,31.19342629613261,100.0
2000,0,32.39964731590352,32.39964731590352,100.0
2000,1,43.554577972479954,43.554577972479954,100.0
2000,2,24.04577471161652,24.04577471161652,100.0
2100,0,37.366262999663604,37.366262999663604,100.0
2100,1,41.49926172098724,41.49926172098724,100.0
2100,2,21.134475279349157,21.134475279349157,100.0
2200,0,36.74187564865077,36.74187564865077,100.0
2200,1,37.014268955575226,37.014268955575226,100.0
2200,2,26.243855395774002,26.243855395774002,100.0
2300,0,33.15997768600347,33.15997768600347,100.0
2300,1,35.88916295316981,35.88916295316981,100.0
2300,2,30.950859360826712,30.950859360826712,100.0
2400,0,34.5568154455328,34.5568154455328,100.0
2400,1,41.47842990101426,41.47842990101426,100.0
2400,2,23.964754653452943,23.964754653452943,100.0
2500,0,41.769572932642404,41.769572932642404,100.0
2500,1,32.26289776829572,32.26289776829572,100.0
2500,2,25.967529299061876,25.967529299061876,100.0
2600,0,35.05874466277406,35.05874466277406,100.0
2600,1,44.8249755762137,44.8249755762137,100.0
2600,2,20.116279761012233,20.116279761012233,100.0
2700,0,33.05738530397959,33.05738530397959,100.0
2700,1,38.74354575421087,38.74354575421087,100.0
2700,2,28.199068941809536,28.199068941809536,100.0
2800,0,32.913259501549504,32.913259501549504,100.0
2800,1,46.34250190336763,46.34250190336763,100.0
2800,2,20.744238595082866,20.744238595082866,100.0
2900,0,34.1876442743371,34.1876442743371,100.0
2900,1,30.583531190571712,30.583531190571712,100.0
2900,2,35.2288245350912,35.2288245350912,100.0
3000,0,32.05645283577804,32.05645283577804,100.0
3000,1,44.089166859679516,44.089166859679516,100.0
3000,2,23.854380304542445,23.854380304542445,100.0
3100,0,41.77750583173363,41.77750583173363,100.0
3100,1,34.25063888619626,34.25063888619626,100.0
3100,2,23.971855282070116,23.971855282070116,100.0
3200,0,25.279935404613347,25.279935404613347,100.0
3200,1,40.93438426907605,40.93438426907605,100.0
3200,2,33.785680326310604,33.785680326310604,100.0
3300,0,33.88155465935645,33.88155465935645,100.0
3300,1,44.26850397068095,44.26850397068095,100.0
3300,2,21.8499413699626,21.8499413699626,100.0
3400,0,41.78424371621537,41.78424371621537,100.0
3400,1,28.794775608079505,28.794775608079505,100.0
3400,2,29.42098067570513,29.42098067570513,100.0
3500,0,22.40846506458358,22.40846506458358,100.0
3500,1,48.487717410713174,48.487717410713174,100.0
3500,2,29.103817524703246,29.103817524703246,100.0
3600,0,32.00017814471235,32.00017814471235,100.0
3600,1,34.90023314077463,34.90023314077463,100.0
3600,2,33.099588714513025,33.099588714513025,100.0
3700,0,32.94600108752227,32.94600108752227,100.0
3700,1,35.47492227340794,35.47492227340794,100.0
3700,2,31.579076639069793,31.579076639069793,100.0
3800,0,24.521296951451255,24.521296951451255,100.0
3800,1,30.309018495835172,30.309018495835172,100.0
3800,2,45.16968455271357,45.16968455271357,100.0
3900,0,26.80820138941688,26.80820138941688,100.0
3900,1,42.76512263097105,42.76512263097105,100.0
3900,2,30.426675979612078,30.426675979612078,100.0
4000,0,20.528879942281122,20.528879942281122,100.0
4000,1,39.192863594559604,39.192863594559604,100.0
4000,2,40.27825646315927,40.27825646315927,100.0
4100,0,33.8839488514465,33.8839488514465,100.0
4100,1,27.563371118149206,27.563371118149206,100.0
4100,2,38.5526800304043,38.5526800304043,100.0
4200,0,24.836641392574098,24.836641392574098,100.0
4200,1,36.89559269989127,36.89559269989127,100.0
4200,2,38.26776590753463,38.26776590753463,100.0
4300,0,37.990057551701085,37.990057551701085,100.0
4300,1,34.703733139551844,34.703733139551844,100.0
4300,2,27.306209308747075,27.306209308747075,100.0
4400,0,32.09611844398573,32.09611844398573,100.0
4400,1,27.5707796675799,27.5707796675799,100.0
4400,2,40.33310188843438,40.33310188843438,100.0
4500,0,45.217607470858894,45.217607470858894,100.0
4500,1,29.41612901462134,29.41612901462134,100.0
4500,2,25.366263514519776,25.366263514519776,100.0
4600,0,25.449659054938756,25.449659054938756,100.0
4600,1,50.38698523605631,50.38698523605631,100.0
4600,2,24.163355709004932,24.163355709004932,100.0
4700,0,37.37604528657144,37.37604528657144,100.0
4700,1,36.08766140667702,36.08766140667702,100.0
4700,2,26.536293306751553,26.536293306751553,100.0
4800,0,26.198156632713854,26.198156632713854,100.0
4800,1,45.2677113044775,45.2677113044775,100.0
4800,2,28.53413206280865,28.53413206280865,100.0
4900,0,26.621369490021312,26.621369490021312,100.0
4900,1,36.9338631746821,36.9338631746821,100.0
4900,2,36.44476733529659,36.44476733529659,100.0
5000,0,39.54914883605829,39.54914883605829,100.0
5000,1,38.80484962574545,38.80484962574545,100.0
5000,2,21.64600153819627,21.64600153819627,100.0
5100,0,32.685513937189285,32.685513937189285,100.0
5100,1,31.51191213552763,31.51191213552763,100.0
5100,2,35.802573927283085,35.802573927283085,100.0
5200,0,25.0585530450334,25.0585530450334,100.0
5200,1,44.62319939911291,44.62319939911291,100.0
5200,2,30.3182475558537,30.3182475558537,100.0
5300,0,33.03172951464332,33.03172951464332,100.0
5300,1,44.74535001729287,44.74535001729287,100.0
5300,2,22.22292046806382,22.22292046806382,100.0
5400,0,21.901967225108116,21.901967225108116,100.0
5400,1,45.24975281911624,45.24975281911624,100.0
5400,2,32.84827995577565,32.84827995577565,100.0
5500,0,42.34032265371542,42.34032265371542,100.0
5500,1,36.21452103939494,36.21452103939494,100.0
5500,2,21.445156306889647,21.445156306889647,100.0
5600,0,23.55652035572577,23.55652035572577,100.0
5600,1,51.67644610220512,51.67644610220512,100.0
5600,2,24.767033542069107,24.767033542069107,100.0
5700,0,32.60067285204206,32.60067285204206,100.0
5700,1,33.40061492012057,33.40061492012057,100.0
5700,2,33.99871222783739,33.99871222783739,100.0
5800,0,30.186075805870715,30.186075805870715,100.0
5800,1,43.01934654495454,43.01934654495454,100.0
5800,2,26.794577649174755,26.794577649174755,100.0
5900,0,34.14510514139405,34.14510514139405,100.0
5900,1,46.232435362166704,46.232435362166704,100.0
5900,2,19.622459496439248,19.622459496439248,100.0
6000,0,27.194587585919827,27.194587585919827,100.0
6000,1,45.30798908658149,45.30798908658149,100.0
6000,2,27.497423327498684,27.497423327498684,100.0
6100,0,41.11517640622921,41.11517640622921,100.0
6100,1,32.28965527865097,32.28965527865097,100.0
6100,2,26.59516831511982,26.59516831511982,100.0
6200,0,34.85614140170173,34.85614140170173,100.0
6200,1,45.79131019137738,45.79131019137738,100.0
6200,2,19.352548406920903,19.352548406920903,100.0
6300,0,25.758259054257703,25.758259054257703,100.0
6300,1,48.17828142304844,48.17828142304844,100.0
6300,2,26.063459522693865,26.063459522693865,100.0
6400,0,49.3586595432869,49.3586595432869,100.0
6400,1,29.979003689907678,29.979003689907678,100.0
6400,2,20.662336766805424,20.662336766805424,100.0
6500,0,21.872828076647703,21.872828076647703,100.0
6500,1,49.24713664230186,49.24713664230186,100.0
6500,2,28.880035281050432,28.880035281050432,100.0
6600,0,27.79251662099163,27.79251662099163,100.0
6600,1,39.32029380695713,39.32029380695713,100.0
6600,2,32.88718957205125,32.88718957205125,100.0
6700,0,25.114347041184672,25.114347041184672,100.0
6700,1,34.7488923040012,34.7488923040012,100.0
6700,2,40.13676065481413,40.13676065481413,100.0
6800,0,43.69139546450586,43.69139546450586,100.0
6800,1,38.09483944127481,38.09483944127481,100.0
6800,2,18.21376509421933,18.21376509421933,100.0
6900,0,40.35041759232249,40.35041759232249,100.0
6900,1,39.38126412778466,39.38126412778466,100.0
6900,2,20.268318279892846,20.268318279892846,100.0
7000,0,31.816484967484893,31.816484967484893,100.0
7000,1,49.15417280413476,49.15417280413476,100.0
7000,2,19.02934222838035,19.02934222838035,100.0
7100,0,53.55419692538268,53.55419692538268,100.0
7100,1,26.22573409129349,26.22573409129349,100.0
7100,2,20.220068983323824,20.220068983323824,100.0
7200,0,24.299267442534052,24.299267442534052,100.0
7200,1,44.925770561870934,44.925770561870934,100.0
7200,2,30.774961995595007,30.774961995595007,100.0
7300,0,29.856251758767314,29.856251758767314,100.0
7300,1,26.19748700430543,26.19748700430543,100.0
7300,2,43.94626123692725,43.94626123692725,100.0
7400,0,33.98932603034454,33.98932603034454,100.0
7400,1,37.47744042381327,37.47744042381327,100.0
7400,2,28.533233545842187,28.533233545842187,100.0
7500,0,31.288245477019345,31.288245477019345,100.0
7500,1,39.62239801420394,39.62239801420394,100.0
7500,2,29.08935650877671,29.08935650877671,100.0
7600,0,30.6691309329015,30.6691309329015,100.0
7600,1,32.40967872003219,32.40967872003219,100.0
7600,2,36.921190347066315,36.921190347066315,100.0
7700,0,35.708186249070806,35.708186249070806,100.0
7700,1,32.69779127842533,32.69779127842533,100.0
7700,2,31.59402247250387,31.59402247250387,100.0
7800,0,28.704110465592773,28.704110465592773,100.0
7800,1,49.67759638983277,49.67759638983277,100.0
7800,2,21.61829314457445,21.61829314457445,100.0
7900,0,42.92667848099277,42.92667848099277,100.0
7900,1,26.093692183918087,26.093692183918087,100.0
7900,2,30.979629335089154,30.979629335089154,100.0
8000,0,28.913116916060687,28.913116916060687,100.0
8000,1,29.663593512556197,29.663593512556197,100.0
8000,2,41.423289571383116,41.423289571383116,100.0
8100,0,28.659594293811402,28.659594293811402,100.0
8100,1,42.08265728132085,42.08265728132085,100.0
8100,2,29.257748424867746,29.257748424867746,100.0
8200,0,26.8177201020388,26.8177201020388,100.0
8200,1,43.203141606340466,43.203141606340466,100.0
8200,2,29.979138291620732,29.979138291620732,100.0
8300,0,23.992654199409515,23.992654199409515,100.0
8300,1,49.62023291019305,49.62023291019305,100.0
8300,2,26.387112890397436,26.387112890397436,100.0
8400,0,22.303970961720637,22.303970961720637,100.0
8400,1,40.592147522456486,40.592147522456486,100.0
8400,2,37.10388151582288,37.10388151582288,100.0
8500,0,34.467435989508346,34.467435989508346,100.0
8500,1,32.820258967769,32.820258967769,100.0
8500,2,32.712305042722654,32.712305042722654,100.0
8600,0,22.622242164015248,22.622242164015248,100.0
8600,1,46.187742337773784,46.187742337773784,100.0
8600,2,31.190015498210972,31.190015498210972,100.0
8700,0,27.25706879803423,27.25706879803423,100.0
8700,1,41.92944360326161,41.92944360326161,100.0
8700,2,30.81348759870416,30.81348759870416,100.0
8800,0,33.25788642955166,33.25788642955166,100.0
8800,1,35.43661967188332,35.43661967188332,100.0
8800,2,31.305493898565018,31.305493898565018,100.0
8900,0,29.605151401170527,29.605151401170527,100.0
8900,1,27.312792392160333,27.312792392160333,100.0
8900,2,43.08205620666914,43.08205620666914,100.0
9000,0,24.54257996769208,24.54257996769208,100.0
9000,1,40.1898099189306,40.1898099189306,100.0
9000,2,35.267610113377316,35.267610113377316,100.0
9100,0,23.87934230073953,23.87934230073953,100.0
9100,1,57.21243462238122,57.21243462238122,100.0
9100,2,18.908223076879256,18.908223076879256,100.0
9200,0,38.77124534432426,38.77124534432426,100.0
9200,1,37.084389880081645,37.084389880081645,100.0
9200,2,24.144364775594095,24.144364775594095,100.0
9300,0,23.095200133101724,23.095200133101724,100.0
9300,1,32.35563682467648,32.35563682467648,100.0
9300,2,44.54916304222179,44.54916304222179,100.0
9400,0,39.27326403439908,39.27326403439908,100.0
9400,1,42.27598251666143,42.27598251666143,100.0
9400,2,18.450753448939494,18.450753448939494,100.0
9500,0,28.44468805091134,28.44468805091134,100.0
9500,1,50.3344787569266,50.3344787569266,100.0
9500,2,21.22083319216207,21.22083319216207,100.0
9600,0,31.7630730706426,31.7630730706426,100.0
9600,1,35.896523592365,35.896523592365,100.0
9600,2,32.34040333699241,32.34040333699241,100.0
9700,0,29.087796851750326,29.087796851750326,100.0
9700,1,39.151217283946885,39.151217283946885,100.0
9700,2,31.760985864302803,31.760985864302803,100.0
9800,0,24.135929501971216,24.135929501971216,100.0
9800,1,35.30921889872863,35.30921889872863,100.0
9800,2,40.55485159930016,40.55485159930016,100.0
9900,0,23.385879763849722,23.385879763849722,100.0
9900,1,32.21098500338634,32.21098500338634,100.0
9900,2,44.40313523276394,44.40313523276394,100.0
