timestamp,ueImsi,sliceId,dTxBytes,dRxBytes,plr,resourceSharePct,dLostPackets,throughputMbps,bufferBytes
1510,1,0,35144,29032,17.39,33.98,4,23.2256,327640
1510,2,0,35144,18336,47.83,33.98,11,14.6688,1599098
1510,3,1,1014,624,38.46,44.32,5,0.4992,87
1510,4,1,1014,1092,0.00,44.32,0,0.8736,87
1510,5,2,256,0,100.00,21.71,2,0.0000,137
1510,6,2,256,256,0.00,21.71,0,0.2048,137
1510,7,2,256,256,0.00,21.71,0,0.2048,137
1510,8,2,256,0,100.00,21.71,2,0.0000,137
1510,9,2,256,0,100.00,21.71,2,0.0000,137
1510,10,2,256,256,0.00,21.71,0,0.2048,137
