timestamp,ueImsi,sliceId,dTxBytes,dRxBytes,plr,resourceSharePct,dLostPackets,throughputMbps,bufferBytes
1510,1,0,18336,0,100.00,44.39,12,0.0000,1691158
1510,2,0,18336,3056,83.33,44.39,10,2.4448,1480491
1510,3,0,18336,6112,66.67,44.39,8,4.8896,1179540
1510,4,0,18336,3056,83.33,44.39,10,2.4448,1355050
1510,5,0,18336,0,100.00,44.39,12,0.0000,1702944
1510,6,1,390,390,0.00,31.35,0,0.3120,87
1510,7,1,390,0,100.00,31.35,5,0.0000,87
1510,8,1,390,390,0.00,31.35,0,0.3120,87
1510,9,1,390,0,100.00,31.35,5,0.0000,415
1510,10,1,390,0,100.00,31.35,5,0.0000,251
1510,11,2,384,256,33.33,24.25,1,0.2048,15
1510,12,2,384,256,33.33,24.25,1,0.2048,137
1510,13,2,384,256,33.33,24.25,1,0.2048,137
1510,14,2,384,256,33.33,24.25,1,0.2048,137
1510,15,2,384,256,33.33,24.25,1,0.2048,97
1510,16,2,384,0,100.00,24.25,3,0.0000,477
1510,17,2,384,256,33.33,24.25,1,0.2048,137
1510,18,2,384,0,100.00,24.25,3,0.0000,1589
1510,19,2,384,256,33.33,24.25,1,0.2048,137
1510,20,2,384,256,33.33,24.25,1,0.2048,137
