timestamp,ueImsi,sliceId,dTxBytes,dRxBytes,plr,resourceSharePct,dLostPackets,throughputMbps,bufferBytes
1510,1,0,35144,45840,0.00,61.67,0,36.6720,158518
1510,2,0,35144,27504,21.74,61.67,5,22.0032,1556809
1510,3,1,1014,468,53.85,25.00,7,0.3744,87
1510,4,1,1014,780,23.08,25.00,3,0.6240,129
1510,5,2,256,0,100.00,13.33,2,0.0000,137
1510,6,2,256,256,0.00,13.33,0,0.2048,137
1510,7,2,256,256,0.00,13.33,0,0.2048,137
1510,8,2,256,0,100.00,13.33,2,0.0000,137
1510,9,2,256,0,100.00,13.33,2,0.0000,137
1510,10,2,256,256,0.00,13.33,0,0.2048,137
