timestamp,ueImsi,sliceId,dTxBytes,dRxBytes,plr,resourceSharePct,dLostPackets,throughputMbps,bufferBytes
680,1,0,24448,1528,93.75,16.66,15,1.2224,413701
680,2,0,24448,1528,93.75,16.66,15,1.2224,413581
680,3,0,24448,0,100.00,16.66,16,0.0000,413485
680,4,0,24448,0,100.00,16.66,16,0.0000,413536
680,5,0,24448,0,100.00,16.66,16,0.0000,413493
680,6,1,390,234,40.00,65.00,2,0.1872,87
680,7,1,390,234,40.00,65.00,2,0.1872,87
680,8,1,390,234,40.00,65.00,2,0.1872,87
680,9,1,390,234,40.00,65.00,2,0.1872,87
680,10,1,390,234,40.00,65.00,2,0.1872,87
680,11,2,16000,768,95.20,18.33,119,0.6144,277516
680,12,2,16000,768,95.20,18.33,119,0.6144,277491
680,13,2,16000,640,96.00,18.33,120,0.5120,277528
680,14,2,16000,640,96.00,18.33,120,0.5120,277530
680,15,2,16000,640,96.00,18.33,120,0.5120,277608
680,16,2,16000,768,95.20,18.33,119,0.6144,277500
680,17,2,16000,768,95.20,18.33,119,0.6144,277508
680,18,2,16000,768,95.20,18.33,119,0.6144,277483
680,19,2,16000,640,96.00,18.33,120,0.5120,277607
680,20,2,16000,640,96.00,18.33,120,0.5120,277582
