timestamp,sliceId,dedicatedPRB,minPRB,maxPRB
510,0,36.408474359039054,36.408474359039054,100.0
510,1,24.643938789418883,24.643938789418883,100.0
510,2,38.94758685154206,38.94758685154206,100.0
520,0,25.683352175008768,25.683352175008768,100.0
520,1,35.00547227751881,35.00547227751881,100.0
520,2,39.31117554747243,39.31117554747243,100.0
530,0,30.92980666479912,30.92980666479912,100.0
530,1,34.71399768643769,34.71399768643769,100.0
530,2,34.35619564876319,34.35619564876319,100.0
540,0,31.908848094887787,31.908848094887787,100.0
540,1,29.219895051868516,29.219895051868516,100.0
540,2,38.87125685324369,38.87125685324369,100.0
550,0,40.40398651662237,40.40398651662237,100.0
550,1,33.2680309843561,33.2680309843561,100.0
550,2,26.32798249902153,26.32798249902153,100.0
560,0,35.555132805129524,35.555132805129524,100.0
560,1,29.25932423986111,29.25932423986111,100.0
560,2,35.18554295500936,35.18554295500936,100.0
570,0,35.637940209235964,35.637940209235964,100.0
570,1,39.402355460032155,39.402355460032155,100.0
570,2,24.959704330731885,24.959704330731885,100.0
580,0,27.79809924687929,27.79809924687929,100.0
580,1,28.479002202511566,28.479002202511566,100.0
580,2,43.722898550609145,43.722898550609145,100.0
590,0,42.54397176934671,42.54397176934671,100.0
590,1,37.95628909166038,37.95628909166038,100.0
590,2,19.499739138992915,19.499739138992915,100.0
600,0,38.22142016025659,38.22142016025659,100.0
600,1,41.53984217203088,41.53984217203088,100.0
600,2,20.238737667712524,20.238737667712524,100.0
610,0,27.865980547961282,27.865980547961282,100.0
610,1,44.40465411025876,44.40465411025876,100.0
610,2,27.72936534177996,27.72936534177996,100.0
620,0,44.222627843401675,44.222627843401675,100.0
620,1,34.63204244556629,34.63204244556629,100.0
620,2,21.14532971103203,21.14532971103203,100.0
630,0,34.09405093428466,34.09405093428466,100.0
630,1,32.23048684653688,32.23048684653688,100.0
630,2,33.67546221917846,33.67546221917846,100.0
640,0,25.200974719695157,25.200974719695157,100.0
640,1,54.22171341924296,54.22171341924296,100.0
640,2,20.577311861061887,20.577311861061887,100.0
650,0,39.562299588852476,39.562299588852476,100.0
650,1,29.463687526973835,29.463687526973835,100.0
650,2,30.974012884173685,30.974012884173685,100.0
660,0,40.648153314606596,40.648153314606596,100.0
660,1,33.66840897389227,33.66840897389227,100.0
660,2,25.683437711501135,25.683437711501135,100.0
670,0,41.28664782288129,41.28664782288129,100.0
670,1,30.063035287100114,30.063035287100114,100.0
670,2,28.65031689001859,28.65031689001859,100.0
680,0,40.47765348798252,40.47765348798252,100.0
680,1,31.69984553904031,31.69984553904031,100.0
680,2,27.822500972977153,27.822500972977153,100.0
690,0,27.9904400960147,27.9904400960147,100.0
690,1,36.54548172301478,36.54548172301478,100.0
690,2,35.46407818097052,35.46407818097052,100.0
700,0,26.325089944797988,26.325089944797988,100.0
700,1,33.278018646922106,33.278018646922106,100.0
700,2,40.39689140827991,40.39689140827991,100.0
710,0,45.66421415292194,45.66421415292194,100.0
710,1,24.383556762359433,24.383556762359433,100.0
710,2,29.952229084718628,29.952229084718628,100.0
720,0,22.73488301952081,22.73488301952081,100.0
720,1,51.14931514062384,51.14931514062384,100.0
720,2,26.11580183985535,26.11580183985535,100.0
730,0,37.605673252510776,37.605673252510776,100.0
730,1,39.83845748290102,39.83845748290102,100.0
730,2,22.5558692645882,22.5558692645882,100.0
740,0,39.731504380881844,39.731504380881844,100.0
740,1,40.83733729905167,40.83733729905167,100.0
740,2,19.431158320066487,19.431158320066487,100.0
750,0,42.04002690183975,42.04002690183975,100.0
750,1,33.83986725030807,33.83986725030807,100.0
750,2,24.120105847852187,24.120105847852187,100.0
760,0,35.27575792314586,35.27575792314586,100.0
760,1,43.29165391922593,43.29165391922593,100.0
760,2,21.432588157628192,21.432588157628192,100.0
770,0,27.043020664203652,27.043020664203652,100.0
770,1,44.712398152754375,44.712398152754375,100.0
770,2,28.244581183041973,28.244581183041973,100.0
780,0,35.95788926169651,35.95788926169651,100.0
780,1,44.21272963256915,44.21272963256915,100.0
780,2,19.82938110573435,19.82938110573435,100.0
790,0,28.68561927738604,28.68561927738604,100.0
790,1,47.26404893861357,47.26404893861357,100.0
790,2,24.050331784000388,24.050331784000388,100.0
800,0,28.95444421933087,28.95444421933087,100.0
800,1,35.93599922740557,35.93599922740557,100.0
800,2,35.10955655326356,35.10955655326356,100.0
810,0,24.042388277289568,24.042388277289568,100.0
810,1,50.41962562460491,50.41962562460491,100.0
810,2,25.537986098105524,25.537986098105524,100.0
820,0,30.060185805792507,30.060185805792507,100.0
820,1,37.0666296472514,37.0666296472514,100.0
820,2,32.873184546956104,32.873184546956104,100.0
830,0,31.29936991307257,31.29936991307257,100.0
830,1,47.953555696342164,47.953555696342164,100.0
830,2,20.747074390585258,20.747074390585258,100.0
840,0,33.87996012268047,33.87996012268047,100.0
840,1,43.95354654680432,43.95354654680432,100.0
840,2,22.16649333051521,22.16649333051521,100.0
850,0,31.57766206092611,31.57766206092611,100.0
850,1,34.300235642187516,34.300235642187516,100.0
850,2,34.12210229688637,34.12210229688637,100.0
860,0,39.949295249147085,39.949295249147085,100.0
860,1,35.365274654896616,35.365274654896616,100.0
860,2,24.6854300959563,24.6854300959563,100.0
870,0,43.017055943865856,43.017055943865856,100.0
870,1,29.148924222476168,29.148924222476168,100.0
870,2,27.834019833657987,27.834019833657987,100.0
880,0,46.30556630288798,46.30556630288798,100.0
880,1,31.786159230353796,31.786159230353796,100.0
880,2,21.908274466758222,21.908274466758222,100.0
890,0,40.67284649340901,40.67284649340901,100.0
890,1,32.870675193191154,32.870675193191154,100.0
890,2,26.456478313399828,26.456478313399828,100.0
900,0,26.566311905606877,26.566311905606877,100.0
900,1,26.388074768800045,26.388074768800045,100.0
900,2,47.04561332559309,47.04561332559309,100.0
910,0,25.611792581569965,25.611792581569965,100.0
910,1,43.552411266337806,43.552411266337806,100.0
910,2,30.835796152092232,30.835796152092232,100.0
920,0,28.271350526840312,28.271350526840312,100.0
920,1,49.96121825481573,49.96121825481573,100.0
920,2,21.767431218343948,21.767431218343948,100.0
930,0,26.347511443518535,26.347511443518535,100.0
930,1,29.75145265108141,29.75145265108141,100.0
930,2,43.90103590540006,43.90103590540006,100.0
940,0,23.37212327626978,23.37212327626978,100.0
940,1,57.24821135815385,57.24821135815385,100.0
940,2,19.379665365576358,19.379665365576358,100.0
950,0,23.675690110645174,23.675690110645174,100.0
950,1,44.970422050822414,44.970422050822414,100.0
950,2,31.353887838532412,31.353887838532412,100.0
960,0,44.07621659286113,44.07621659286113,100.0
960,1,26.650201597158496,26.650201597158496,100.0
960,2,29.27358180998037,29.27358180998037,100.0
970,0,34.838746082276614,34.838746082276614,100.0
970,1,39.02442312378168,39.02442312378168,100.0
970,2,26.1368307939417,26.1368307939417,100.0
980,0,36.15726565206281,36.15726565206281,100.0
980,1,42.718431095538016,42.718431095538016,100.0
980,2,21.12430325239918,21.12430325239918,100.0
990,0,28.35953230543582,28.35953230543582,100.0
990,1,30.992154229159564,30.992154229159564,100.0
990,2,40.64831346540463,40.64831346540463,100.0
1000,0,27.946387373464187,27.946387373464187,100.0
1000,1,38.91761587460667,38.91761587460667,100.0
1000,2,33.13599675192915,33.13599675192915,100.0
1010,0,48.799868857791616,48.799868857791616,100.0
1010,1,27.387715739600637,27.387715739600637,100.0
1010,2,23.812415402607755,23.812415402607755,100.0
1020,0,33.915735638817814,33.915735638817814,100.0
1020,1,43.098662951546835,43.098662951546835,100.0
1020,2,22.985601409635365,22.985601409635365,100.0
1030,0,39.8796926896333,39.8796926896333,100.0
1030,1,32.105284240385814,32.105284240385814,100.0
1030,2,28.015023069980888,28.015023069980888,100.0
1040,0,22.226077391928605,22.226077391928605,100.0
1040,1,33.35605777280238,33.35605777280238,100.0
1040,2,44.41786483526902,44.41786483526902,100.0
1050,0,22.84005128784099,22.84005128784099,100.0
1050,1,42.036688263294245,42.036688263294245,100.0
1050,2,35.12326044886477,35.12326044886477,100.0
1060,0,22.535120428495464,22.535120428495464,100.0
1060,1,54.36047354118736,54.36047354118736,100.0
1060,2,23.104406030317175,23.104406030317175,100.0
1070,0,26.32244739485849,26.32244739485849,100.0
1070,1,36.552148775353054,36.552148775353054,100.0
1070,2,37.12540382978845,37.12540382978845,100.0
1080,0,22.405873408346125,22.405873408346125,100.0
1080,1,37.3357434312684,37.3357434312684,100.0
1080,2,40.25838316038548,40.25838316038548,100.0
1090,0,44.17986195727257,44.17986195727257,100.0
1090,1,29.42166170675747,29.42166170675747,100.0
1090,2,26.39847633596996,26.39847633596996,100.0
1100,0,40.93207848578274,40.93207848578274,100.0
1100,1,40.51684224781085,40.51684224781085,100.0
1100,2,18.551079266406408,18.551079266406408,100.0
1110,0,35.590165838153354,35.590165838153354,100.0
1110,1,31.305601996420535,31.305601996420535,100.0
1110,2,33.10423216542611,33.10423216542611,100.0
1120,0,40.50120412686139,40.50120412686139,100.0
1120,1,34.956554283713594,34.956554283713594,100.0
1120,2,24.54224158942501,24.54224158942501,100.0
1130,0,45.23343316021522,45.23343316021522,100.0
1130,1,29.44895691822711,29.44895691822711,100.0
1130,2,25.317609921557676,25.317609921557676,100.0
1140,0,38.74057223750397,38.74057223750397,100.0
1140,1,37.70003607205802,37.70003607205802,100.0
1140,2,23.559391690438012,23.559391690438012,100.0
1150,0,32.943913080247015,32.943913080247015,100.0
1150,1,37.46198885641688,37.46198885641688,100.0
1150,2,29.594098063336112,29.594098063336112,100.0
1160,0,40.899991120367964,40.899991120367964,100.0
1160,1,31.38302759695325,31.38302759695325,100.0
1160,2,27.716981282678788,27.716981282678788,100.0
1170,0,29.546371853891056,29.546371853891056,100.0
1170,1,26.097499621158438,26.097499621158438,100.0
1170,2,44.35612852495051,44.35612852495051,100.0
1180,0,26.713532964522035,26.713532964522035,100.0
1180,1,50.610580876694144,50.610580876694144,100.0
1180,2,22.67588615878382,22.67588615878382,100.0
1190,0,43.82164838622251,43.82164838622251,100.0
1190,1,27.62435319336351,27.62435319336351,100.0
1190,2,28.553998420413983,28.553998420413983,100.0
1200,0,52.19385799118468,52.19385799118468,100.0
1200,1,27.02190212474975,27.02190212474975,100.0
1200,2,20.784239884065585,20.784239884065585,100.0
1210,0,40.83575857482944,40.83575857482944,100.0
1210,1,39.97820241351457,39.97820241351457,100.0
1210,2,19.186039011655986,19.186039011655986,100.0
1220,0,29.023078292715827,29.023078292715827,100.0
1220,1,40.51221598848515,40.51221598848515,100.0
1220,2,30.464705718799028,30.464705718799028,100.0
1230,0,34.447929057402256,34.447929057402256,100.0
1230,1,32.25213630840707,32.25213630840707,100.0
1230,2,33.29993463419069,33.29993463419069,100.0
1240,0,25.867769699333476,25.867769699333476,100.0
1240,1,35.278281514462115,35.278281514462115,100.0
1240,2,38.853948786204406,38.853948786204406,100.0
1250,0,32.17384215894821,32.17384215894821,100.0
1250,1,38.16647746686422,38.16647746686422,100.0
1250,2,29.65968037418757,29.65968037418757,100.0
1260,0,37.72317725383309,37.72317725383309,100.0
1260,1,31.783728695073254,31.783728695073254,100.0
1260,2,30.49309405109365,30.49309405109365,100.0
1270,0,43.91491571868946,43.91491571868946,100.0
1270,1,36.48608430587829,36.48608430587829,100.0
1270,2,19.598999975432253,19.598999975432253,100.0
1280,0,38.541457423361656,38.541457423361656,100.0
1280,1,42.73161913781968,42.73161913781968,100.0
1280,2,18.726923438818677,18.726923438818677,100.0
1290,0,38.949643589981534,38.949643589981534,100.0
1290,1,32.88460473519745,32.88460473519745,100.0
1290,2,28.16575167482102,28.16575167482102,100.0
1300,0,30.611933027041538,30.611933027041538,100.0
1300,1,32.2547708101941,32.2547708101941,100.0
1300,2,37.13329616276436,37.13329616276436,100.0
1310,0,30.142022133260447,30.142022133260447,100.0
1310,1,29.30938250939593,29.30938250939593,100.0
1310,2,40.54859535734362,40.54859535734362,100.0
1320,0,29.752018003437087,29.752018003437087,100.0
1320,1,35.68702561322553,35.68702561322553,100.0
1320,2,34.56095638333739,34.56095638333739,100.0
1330,0,39.632431710830616,39.632431710830616,100.0
1330,1,42.44701413381169,42.44701413381169,100.0
1330,2,17.920554155357692,17.920554155357692,100.0
1340,0,30.418084327722937,30.418084327722937,100.0
1340,1,28.8127199371417,28.8127199371417,100.0
1340,2,40.76919573513537,40.76919573513537,100.0
1350,0,41.81040729097284,41.81040729097284,100.0
1350,1,27.424907481681636,27.424907481681636,100.0
1350,2,30.764685227345524,30.764685227345524,100.0
1360,0,20.93971908727464,20.93971908727464,100.0
1360,1,43.5806399239102,43.5806399239102,100.0
1360,2,35.47964098881516,35.47964098881516,100.0
1370,0,32.4922944137786,32.4922944137786,100.0
1370,1,43.64825379673988,43.64825379673988,100.0
1370,2,23.859451789481508,23.859451789481508,100.0
1380,0,28.614223095545338,28.614223095545338,100.0
1380,1,30.87489591425251,30.87489591425251,100.0
1380,2,40.51088099020216,40.51088099020216,100.0
1390,0,33.38814863209944,33.38814863209944,100.0
1390,1,38.85791967651054,38.85791967651054,100.0
1390,2,27.753931691390015,27.753931691390015,100.0
1400,0,34.3014216148014,34.3014216148014,100.0
1400,1,29.65159450093574,29.65159450093574,100.0
1400,2,36.04698388426287,36.04698388426287,100.0
1410,0,38.04169538794041,38.04169538794041,100.0
1410,1,30.18176326858376,30.18176326858376,100.0
1410,2,31.776541343475838,31.776541343475838,100.0
1420,0,40.964960078677315,40.964960078677315,100.0
1420,1,34.3839106487377,34.3839106487377,100.0
1420,2,24.65112927258499,24.65112927258499,100.0
1430,0,35.457035391577705,35.457035391577705,100.0
1430,1,26.146684575582064,26.146684575582064,100.0
1430,2,38.39628003284024,38.39628003284024,100.0
1440,0,20.986699265888618,20.986699265888618,100.0
1440,1,45.549295980239194,45.549295980239194,100.0
1440,2,33.46400475387219,33.46400475387219,100.0
1450,0,23.477443338284395,23.477443338284395,100.0
1450,1,51.26742018851078,51.26742018851078,100.0
1450,2,25.25513647320482,25.25513647320482,100.0
1460,0,25.734877894425885,25.734877894425885,100.0
1460,1,51.78608850948845,51.78608850948845,100.0
1460,2,22.479033596085674,22.479033596085674,100.0
1470,0,24.24509355614843,24.24509355614843,100.0
1470,1,42.181479242067844,42.181479242067844,100.0
1470,2,33.57342720178374,33.57342720178374,100.0
1480,0,47.418515863255884,47.418515863255884,100.0
1480,1,31.898920166033562,31.898920166033562,100.0
1480,2,20.68256397071056,20.68256397071056,100.0
1490,0,26.47809514652813,26.47809514652813,100.0
1490,1,44.625899615960556,44.625899615960556,100.0
1490,2,28.896005237511307,28.896005237511307,100.0
1500,0,39.70059621062478,39.70059621062478,100.0
1500,1,24.053535105469876,24.053535105469876,100.0
1500,2,36.24586868390534,36.24586868390534,100.0
