timestamp,sliceId,dedicatedPRB,minPRB,maxPRB
600,0,42.35103339838956,42.35103339838956,100.0
600,1,37.44885297539475,37.44885297539475,100.0
600,2,20.20011362621569,20.20011362621569,100.0
700,0,46.59389690548987,46.59389690548987,100.0
700,1,32.09571410927635,32.09571410927635,100.0
700,2,21.31038898523378,21.31038898523378,100.0
800,0,27.29954822519079,27.29954822519079,100.0
800,1,40.38714896439259,40.38714896439259,100.0
800,2,32.31330281041662,32.31330281041662,100.0
900,0,24.430293922229694,24.430293922229694,100.0
900,1,40.68135380004949,40.68135380004949,100.0
900,2,34.88835227772081,34.88835227772081,100.0
1000,0,38.6865204550647,38.6865204550647,100.0
1000,1,41.78912505047615,41.78912505047615,100.0
1000,2,19.524354494459153,19.524354494459153,100.0
1100,0,33.88332711483132,33.88332711483132,100.0
1100,1,29.371484319795606,29.371484319795606,100.0
1100,2,36.74518856537308,36.74518856537308,100.0
1200,0,38.76073586701526,38.76073586701526,100.0
1200,1,25.55395415647592,25.55395415647592,100.0
1200,2,35.68530997650882,35.68530997650882,100.0
1300,0,32.190260504922065,32.190260504922065,100.0
1300,1,44.00978351574035,44.00978351574035,100.0
1300,2,23.79995597933759,23.79995597933759,100.0
1400,0,35.36557315747348,35.36557315747348,100.0
1400,1,39.84687182315474,39.84687182315474,100.0
1400,2,24.787555019371787,24.787555019371787,100.0
1500,0,23.93330684300087,23.93330684300087,100.0
1500,1,55.68778680384511,55.68778680384511,100.0
1500,2,20.378906353154026,20.378906353154026,100.0
1600,0,42.565319332993155,42.565319332993155,100.0
1600,1,26.460029636190985,26.460029636190985,100.0
1600,2,30.97465103081586,30.97465103081586,100.0
1700,0,20.48409017542518,20.48409017542518,100.0
1700,1,42.64327251935281,42.64327251935281,100.0
1700,2,36.872637305222,36.872637305222,100.0
1800,0,35.55152646923027,35.55152646923027,100.0
1800,1,46.1656559947655,46.1656559947655,100.0
1800,2,18.28281753600424,18.28281753600424,100.0
1900,0,44.07380030994982,44.07380030994982,100.0
1900,1,34.43306758678174,34.43306758678174,100.0
1900,2,21.49313210326844,21.49313210326844,100.0
2000,0,45.14781242374498,45.14781242374498,100.0
2000,1,31.314523130813736,31.314523130813736,100.0
2000,2,23.53766444544129,23.53766444544129,100.0
2100,0,47.7435498142951,47.7435498142951,100.0
2100,1,32.15712829820866,32.15712829820866,100.0
2100,2,20.09932188749623,20.09932188749623,100.0
2200,0,24.92516296399718,24.92516296399718,100.0
2200,1,36.011905924400686,36.011905924400686,100.0
2200,2,39.06293111160213,39.06293111160213,100.0
2300,0,43.68651846768595,43.68651846768595,100.0
2300,1,33.729611536153506,33.729611536153506,100.0
2300,2,22.583869996160548,22.583869996160548,100.0
2400,0,31.560135764061016,31.560135764061016,100.0
2400,1,35.922995835689356,35.922995835689356,100.0
2400,2,32.516868400249635,32.516868400249635,100.0
2500,0,34.883597309568145,34.883597309568145,100.0
2500,1,39.25647825225166,39.25647825225166,100.0
2500,2,25.859924438180204,25.859924438180204,100.0
2600,0,32.203669745262566,32.203669745262566,100.0
2600,1,37.02710246953953,37.02710246953953,100.0
2600,2,30.769227785197906,30.769227785197906,100.0
2700,0,51.54258060394881,51.54258060394881,100.0
2700,1,27.338780089583402,27.338780089583402,100.0
2700,2,21.11863930646779,21.11863930646779,100.0
2800,0,38.86211377445768,38.86211377445768,100.0
2800,1,40.87927227932459,40.87927227932459,100.0
2800,2,20.258613946217725,20.258613946217725,100.0
2900,0,39.75692140818082,39.75692140818082,100.0
2900,1,26.920787171943804,26.920787171943804,100.0
2900,2,33.32229141987537,33.32229141987537,100.0
3000,0,50.78417700654698,50.78417700654698,100.0
3000,1,30.307813189971256,30.307813189971256,100.0
3000,2,18.90800980348176,18.90800980348176,100.0
3100,0,23.885963436365277,23.885963436365277,100.0
3100,1,53.61380350100118,53.61380350100118,100.0
3100,2,22.50023306263354,22.50023306263354,100.0
3200,0,25.445736188235458,25.445736188235458,100.0
3200,1,37.75287195486504,37.75287195486504,100.0
3200,2,36.80139185689951,36.80139185689951,100.0
3300,0,22.226284237234527,22.226284237234527,100.0
3300,1,47.059800693869136,47.059800693869136,100.0
3300,2,30.713915068896334,30.713915068896334,100.0
3400,0,40.68908125068064,40.68908125068064,100.0
3400,1,34.98550453670717,34.98550453670717,100.0
3400,2,24.32541421261219,24.32541421261219,100.0
3500,0,42.36791492420591,42.36791492420591,100.0
3500,1,38.400919277511335,38.400919277511335,100.0
3500,2,19.231165798282753,19.231165798282753,100.0
3600,0,43.50883829689694,43.50883829689694,100.0
3600,1,25.442667515211774,25.442667515211774,100.0
3600,2,31.048494187891297,31.048494187891297,100.0
3700,0,43.04878982398785,43.04878982398785,100.0
3700,1,35.590667982874834,35.590667982874834,100.0
3700,2,21.360542193137306,21.360542193137306,100.0
3800,0,48.640598180885945,48.640598180885945,100.0
3800,1,27.941386586757083,27.941386586757083,100.0
3800,2,23.41801523235697,23.41801523235697,100.0
3900,0,34.63714502993188,34.63714502993188,100.0
3900,1,39.817573135374204,39.817573135374204,100.0
3900,2,25.54528183469391,25.54528183469391,100.0
4000,0,26.516449066709608,26.516449066709608,100.0
4000,1,42.894219272954565,42.894219272954565,100.0
4000,2,30.589331660335834,30.589331660335834,100.0
4100,0,36.3109641745665,36.3109641745665,100.0
4100,1,39.62087149016458,39.62087149016458,100.0
4100,2,24.068164335268918,24.068164335268918,100.0
4200,0,31.599585993245128,31.599585993245128,100.0
4200,1,34.125129323424616,34.125129323424616,100.0
4200,2,34.27528468333026,34.27528468333026,100.0
4300,0,41.958476059064914,41.958476059064914,100.0
4300,1,25.48302049078719,25.48302049078719,100.0
4300,2,32.5585034501479,32.5585034501479,100.0
4400,0,50.99442679976241,50.99442679976241,100.0
4400,1,30.028536294507024,30.028536294507024,100.0
4400,2,18.977036905730575,18.977036905730575,100.0
4500,0,36.94973465582627,36.94973465582627,100.0
4500,1,41.74992759640824,41.74992759640824,100.0
4500,2,21.300337747765482,21.300337747765482,100.0
4600,0,36.76234993740171,36.76234993740171,100.0
4600,1,27.67094317848352,27.67094317848352,100.0
4600,2,35.56670688411478,35.56670688411478,100.0
4700,0,51.667206942317364,51.667206942317364,100.0
4700,1,28.563696442502067,28.563696442502067,100.0
4700,2,19.769096615180565,19.769096615180565,100.0
4800,0,34.93470429271868,34.93470429271868,100.0
4800,1,31.2686098066271,31.2686098066271,100.0
4800,2,33.79668590065423,33.79668590065423,100.0
4900,0,28.14162600534621,28.14162600534621,100.0
4900,1,38.99029385603656,38.99029385603656,100.0
4900,2,32.86808013861722,32.86808013861722,100.0
5000,0,21.99121968163627,21.99121968163627,100.0
5000,1,40.92834918737786,40.92834918737786,100.0
5000,2,37.080431130985865,37.080431130985865,100.0
5100,0,31.24537101948242,31.24537101948242,100.0
5100,1,42.95060489141934,42.95060489141934,100.0
5100,2,25.80402408909824,25.80402408909824,100.0
5200,0,38.16987397050135,38.16987397050135,100.0
5200,1,40.94207960552901,40.94207960552901,100.0
5200,2,20.888046423969644,20.888046423969644,100.0
5300,0,31.572263279295175,31.572263279295175,100.0
5300,1,34.62563746406844,34.62563746406844,100.0
5300,2,33.80209925663639,33.80209925663639,100.0
5400,0,43.73041599406216,43.73041599406216,100.0
5400,1,35.50302672887076,35.50302672887076,100.0
5400,2,20.766557277067076,20.766557277067076,100.0
5500,0,26.940520641580473,26.940520641580473,100.0
5500,1,32.23283224507673,32.23283224507673,100.0
5500,2,40.8266471133428,40.8266471133428,100.0
5600,0,50.71626000937912,50.71626000937912,100.0
5600,1,29.372312145775435,29.372312145775435,100.0
5600,2,19.91142784484544,19.91142784484544,100.0
5700,0,36.539093556135924,36.539093556135924,100.0
5700,1,36.73010096049186,36.73010096049186,100.0
5700,2,26.730805483372215,26.730805483372215,100.0
5800,0,37.49475854331573,37.49475854331573,100.0
5800,1,23.93449119629359,23.93449119629359,100.0
5800,2,38.57075026039068,38.57075026039068,100.0
5900,0,42.10424909737041,42.10424909737041,100.0
5900,1,34.09081487570887,34.09081487570887,100.0
5900,2,23.804936026920707,23.804936026920707,100.0
6000,0,30.0461946124991,30.0461946124991,100.0
6000,1,48.36805817561573,48.36805817561573,100.0
6000,2,21.585747211885174,21.585747211885174,100.0
6100,0,33.35260729289767,33.35260729289767,100.0
6100,1,47.83209657982775,47.83209657982775,100.0
6100,2,18.81529612727457,18.81529612727457,100.0
6200,0,26.040234336080704,26.040234336080704,100.0
6200,1,40.09650271988884,40.09650271988884,100.0
6200,2,33.86326294403046,33.86326294403046,100.0
6300,0,41.973641437148416,41.973641437148416,100.0
6300,1,32.482382258982405,32.482382258982405,100.0
6300,2,25.543976303869176,25.543976303869176,100.0
6400,0,31.872667479935913,31.872667479935913,100.0
6400,1,37.97216565422652,37.97216565422652,100.0
6400,2,30.15516686583757,30.15516686583757,100.0
6500,0,21.18994084437845,21.18994084437845,100.0
6500,1,49.67276213242611,49.67276213242611,100.0
6500,2,29.137297023195448,29.137297023195448,100.0
6600,0,27.89727002249362,27.89727002249362,100.0
6600,1,50.134779995646724,50.134779995646724,100.0
6600,2,21.967949981859658,21.967949981859658,100.0
6700,0,33.44157682601555,33.44157682601555,100.0
6700,1,36.96474672120617,36.96474672120617,100.0
6700,2,29.593676452778283,29.593676452778283,100.0
6800,0,49.80170164171555,49.80170164171555,100.0
6800,1,28.73747244227515,28.73747244227515,100.0
6800,2,21.46082591600929,21.46082591600929,100.0
6900,0,47.264051641041966,47.264051641041966,100.0
6900,1,25.335965806158896,25.335965806158896,100.0
6900,2,27.39998255279914,27.39998255279914,100.0
7000,0,26.23272134495816,26.23272134495816,100.0
7000,1,30.002315894681118,30.002315894681118,100.0
7000,2,43.76496276036072,43.76496276036072,100.0
7100,0,24.02978258680328,24.02978258680328,100.0
7100,1,40.01260083406042,40.01260083406042,100.0
7100,2,35.9576165791363,35.9576165791363,100.0
7200,0,29.620771981271105,29.620771981271105,100.0
7200,1,47.51474620853234,47.51474620853234,100.0
7200,2,22.864481810196562,22.864481810196562,100.0
7300,0,26.67447558800339,26.67447558800339,100.0
7300,1,45.229868875083554,45.229868875083554,100.0
7300,2,28.095655536913057,28.095655536913057,100.0
7400,0,23.606118091039306,23.606118091039306,100.0
7400,1,41.52749634177057,41.52749634177057,100.0
7400,2,34.866385567190115,34.866385567190115,100.0
7500,0,28.243744931406294,28.243744931406294,100.0
7500,1,36.30124470414002,36.30124470414002,100.0
7500,2,35.455010364453685,35.455010364453685,100.0
7600,0,24.645103544862774,24.645103544862774,100.0
7600,1,40.2124239286318,40.2124239286318,100.0
7600,2,35.14247252650543,35.14247252650543,100.0
7700,0,35.80285021996824,35.80285021996824,100.0
7700,1,40.38985095421632,40.38985095421632,100.0
7700,2,23.807298825815433,23.807298825815433,100.0
7800,0,39.40582716643445,39.40582716643445,100.0
7800,1,26.50210560947453,26.50210560947453,100.0
7800,2,34.09206722409102,34.09206722409102,100.0
7900,0,28.460208681534805,28.460208681534805,100.0
7900,1,33.91739660845978,33.91739660845978,100.0
7900,2,37.622394710005416,37.622394710005416,100.0
8000,0,32.93147363342583,32.93147363342583,100.0
8000,1,37.24022535845025,37.24022535845025,100.0
8000,2,29.828301008123915,29.828301008123915,100.0
8100,0,22.62619526764024,22.62619526764024,100.0
8100,1,45.50875831365374,45.50875831365374,100.0
8100,2,31.86504641870601,31.86504641870601,100.0
8200,0,49.51986985557421,49.51986985557421,100.0
8200,1,27.289185930573478,27.289185930573478,100.0
8200,2,23.190944213852312,23.190944213852312,100.0
8300,0,28.075403110443588,28.075403110443588,100.0
8300,1,45.4431955501997,45.4431955501997,100.0
8300,2,26.481401339356726,26.481401339356726,100.0
8400,0,25.001945747070675,25.001945747070675,100.0
8400,1,43.23707603783314,43.23707603783314,100.0
8400,2,31.76097821509618,31.76097821509618,100.0
8500,0,34.0554765407494,34.0554765407494,100.0
8500,1,39.216760952360886,39.216760952360886,100.0
8500,2,26.727762506889725,26.727762506889725,100.0
8600,0,42.91951558868275,42.91951558868275,100.0
8600,1,35.46270786670648,35.46270786670648,100.0
8600,2,21.617776544610773,21.617776544610773,100.0
8700,0,46.9110381532115,46.9110381532115,100.0
8700,1,26.040808244161042,26.040808244161042,100.0
8700,2,27.048153602627465,27.048153602627465,100.0
8800,0,34.147382587734484,34.147382587734484,100.0
8800,1,38.96880961569481,38.96880961569481,100.0
8800,2,26.883807796570714,26.883807796570714,100.0
8900,0,27.89141315086215,27.89141315086215,100.0
8900,1,44.08207149264035,44.08207149264035,100.0
8900,2,28.0265153564975,28.0265153564975,100.0
9000,0,35.066141436757135,35.066141436757135,100.0
9000,1,38.19154497996068,38.19154497996068,100.0
9000,2,26.742313583282183,26.742313583282183,100.0
9100,0,40.60354716586411,40.60354716586411,100.0
9100,1,40.7653479570701,40.7653479570701,100.0
9100,2,18.63110487706579,18.63110487706579,100.0
9200,0,34.33071480006113,34.33071480006113,100.0
9200,1,34.02827611333693,34.02827611333693,100.0
9200,2,31.64100908660194,31.64100908660194,100.0
9300,0,36.053556526584394,36.053556526584394,100.0
9300,1,44.89903802734177,44.89903802734177,100.0
9300,2,19.04740544607385,19.04740544607385,100.0
9400,0,26.693561035513834,26.693561035513834,100.0
9400,1,53.47498584683611,53.47498584683611,100.0
9400,2,19.831453117650057,19.831453117650057,100.0
9500,0,42.28896570087824,42.28896570087824,100.0
9500,1,27.262282091582495,27.262282091582495,100.0
9500,2,30.448752207539272,30.448752207539272,100.0
9600,0,49.80906384184097,49.80906384184097,100.0
9600,1,28.08547859156526,28.08547859156526,100.0
9600,2,22.105457566593774,22.105457566593774,100.0
9700,0,35.23841718602249,35.23841718602249,100.0
9700,1,41.284819490978265,41.284819490978265,100.0
9700,2,23.476763322999247,23.476763322999247,100.0
9800,0,21.601712531002608,21.601712531002608,100.0
9800,1,53.13939665862757,53.13939665862757,100.0
9800,2,25.25889081036982,25.25889081036982,100.0
9900,0,48.70173344385652,48.70173344385652,100.0
9900,1,28.374124995309728,28.374124995309728,100.0
9900,2,22.924141560833753,22.924141560833753,100.0
