timestamp,ueImsi,sliceId,dTxBytes,dRxBytes,plr,resourceSharePct,dLostPackets,throughputMbps,bufferBytes
670,1,0,18336,4584,75.00,47.19,9,3.6672,246496
670,2,0,18336,4584,75.00,47.19,9,3.6672,246488
670,3,0,18336,4584,75.00,47.19,9,3.6672,246542
670,4,0,18336,4584,75.00,47.19,9,3.6672,246519
670,5,0,18336,4584,75.00,47.19,9,3.6672,246443
670,6,1,390,390,0.00,32.96,0,0.3120,87
670,7,1,390,390,0.00,32.96,0,0.3120,87
670,8,1,390,390,0.00,32.96,0,0.3120,87
670,9,1,390,390,0.00,32.96,0,0.3120,87
670,10,1,390,390,0.00,32.96,0,0.3120,87
670,11,2,384,384,0.00,19.85,0,0.3072,137
670,12,2,384,256,33.33,19.85,1,0.2048,137
670,13,2,384,256,33.33,19.85,1,0.2048,137
670,14,2,384,256,33.33,19.85,1,0.2048,137
670,15,2,384,384,0.00,19.85,0,0.3072,137
670,16,2,384,256,33.33,19.85,1,0.2048,137
670,17,2,384,256,33.33,19.85,1,0.2048,137
670,18,2,384,256,33.33,19.85,1,0.2048,137
670,19,2,384,384,0.00,19.85,0,0.3072,137
670,20,2,384,384,0.00,19.85,0,0.3072,137
