timestamp,sliceId,dedicatedPRB,minPRB,maxPRB
510,0,37.07305074673031,37.07305074673031,100.0
510,1,24.063163419771115,24.063163419771115,100.0
510,2,38.863785833498575,38.863785833498575,100.0
520,0,34.593682405074375,34.593682405074375,100.0
520,1,46.434532138163476,46.434532138163476,100.0
520,2,18.97178545676215,18.97178545676215,100.0
530,0,39.45673640738684,39.45673640738684,100.0
530,1,31.59568000118098,31.59568000118098,100.0
530,2,28.947583591432174,28.947583591432174,100.0
540,0,21.724004585511768,21.724004585511768,100.0
540,1,41.18743273597974,41.18743273597974,100.0
540,2,37.08856267850849,37.08856267850849,100.0
550,0,42.88246387554838,42.88246387554838,100.0
550,1,38.07978640476259,38.07978640476259,100.0
550,2,19.037749719689028,19.037749719689028,100.0
560,0,39.502649740755075,39.502649740755075,100.0
560,1,35.3745799682555,35.3745799682555,100.0
560,2,25.122770290989415,25.122770290989415,100.0
570,0,35.34477991069475,35.34477991069475,100.0
570,1,37.34110074357041,37.34110074357041,100.0
570,2,27.314119345734845,27.314119345734845,100.0
580,0,32.02899198379923,32.02899198379923,100.0
580,1,46.538256213844406,46.538256213844406,100.0
580,2,21.432751802356364,21.432751802356364,100.0
