timestamp,ueImsi,sliceId,dTxBytes,dRxBytes,plr,resourceSharePct,dLostPackets,throughputMbps,bufferBytes
570,1,0,25976,4584,82.35,35.75,14,3.6672,146786
570,2,0,25976,4584,82.35,35.75,14,3.6672,146752
570,3,0,25976,4584,82.35,35.75,14,3.6672,146745
570,4,0,25976,4584,82.35,35.75,14,3.6672,146691
570,5,0,25976,4584,82.35,35.75,14,3.6672,146675
570,6,1,390,390,0.00,45.68,0,0.3120,87
570,7,1,390,390,0.00,45.68,0,0.3120,87
570,8,1,390,390,0.00,45.68,0,0.3120,87
570,9,1,390,390,0.00,45.68,0,0.3120,87
570,10,1,390,390,0.00,45.68,0,0.3120,87
570,11,2,16000,1408,91.20,18.56,114,1.1264,101717
570,12,2,16000,1408,91.20,18.56,114,1.1264,101717
570,13,2,16000,1408,91.20,18.56,114,1.1264,101702
570,14,2,16000,1408,91.20,18.56,114,1.1264,101790
570,15,2,16000,1408,91.20,18.56,114,1.1264,101711
570,16,2,16000,1408,91.20,18.56,114,1.1264,101767
570,17,2,16000,1408,91.20,18.56,114,1.1264,101768
570,18,2,16000,1408,91.20,18.56,114,1.1264,101700
570,19,2,16000,1408,91.20,18.56,114,1.1264,101782
570,20,2,16000,1280,92.00,18.56,115,1.0240,101796
