timestamp,sliceId,dedicatedPRB,minPRB,maxPRB
510,0,27.827399571377075,27.827399571377075,100.0
510,1,33.73857947334825,33.73857947334825,100.0
510,2,38.434020955274676,38.434020955274676,100.0
520,0,39.45939989926252,39.45939989926252,100.0
520,1,25.983357470974365,25.983357470974365,100.0
520,2,34.55724262976312,34.55724262976312,100.0
530,0,36.574625606409775,36.574625606409775,100.0
530,1,36.981247306949484,36.981247306949484,100.0
530,2,26.444127086640744,26.444127086640744,100.0
540,0,36.45894318619396,36.45894318619396,100.0
540,1,40.13076599409269,40.13076599409269,100.0
540,2,23.410290819713346,23.410290819713346,100.0
550,0,27.232931474528023,27.232931474528023,100.0
550,1,52.8184749675345,52.8184749675345,100.0
550,2,19.94859355793748,19.94859355793748,100.0
560,0,31.276739394386908,31.276739394386908,100.0
560,1,37.73739416534395,37.73739416534395,100.0
560,2,30.985866440269138,30.985866440269138,100.0
570,0,31.777745814600056,31.777745814600056,100.0
570,1,48.437298718455,48.437298718455,100.0
570,2,19.784955466944943,19.784955466944943,100.0
580,0,37.53412025320591,37.53412025320591,100.0
580,1,32.15372667558628,32.15372667558628,100.0
580,2,30.312153071207813,30.312153071207813,100.0
590,0,41.99341352232061,41.99341352232061,100.0
590,1,40.15107673069947,40.15107673069947,100.0
590,2,17.855509746979916,17.855509746979916,100.0
600,0,39.8089837572262,39.8089837572262,100.0
600,1,29.12241481338536,29.12241481338536,100.0
600,2,31.068601429388448,31.068601429388448,100.0
610,0,22.989494116783977,22.989494116783977,100.0
610,1,35.35661608353787,35.35661608353787,100.0
610,2,41.653889799678154,41.653889799678154,100.0
620,0,23.6215849294908,23.6215849294908,100.0
620,1,29.310309875167505,29.310309875167505,100.0
620,2,47.068105195341694,47.068105195341694,100.0
630,0,32.545131316424204,32.545131316424204,100.0
630,1,36.672530772251335,36.672530772251335,100.0
630,2,30.782337911324465,30.782337911324465,100.0
640,0,22.697832388778984,22.697832388778984,100.0
640,1,26.590226869954414,26.590226869954414,100.0
640,2,50.7119407412666,50.7119407412666,100.0
650,0,25.72684736856679,25.72684736856679,100.0
650,1,32.91131000493427,32.91131000493427,100.0
650,2,41.36184262649894,41.36184262649894,100.0
660,0,24.714067920629063,24.714067920629063,100.0
660,1,40.30896256382363,40.30896256382363,100.0
660,2,34.97696951554732,34.97696951554732,100.0
670,0,29.20461921997928,29.20461921997928,100.0
670,1,38.07792625896419,38.07792625896419,100.0
670,2,32.71745452105654,32.71745452105654,100.0
680,0,35.984029125192905,35.984029125192905,100.0
680,1,39.516254520662045,39.516254520662045,100.0
680,2,24.499716354145058,24.499716354145058,100.0
690,0,50.694592448664466,50.694592448664466,100.0
690,1,26.09752587627089,26.09752587627089,100.0
690,2,23.207881675064648,23.207881675064648,100.0
700,0,48.20086477288186,48.20086477288186,100.0
700,1,28.18468009426811,28.18468009426811,100.0
700,2,23.614455132850026,23.614455132850026,100.0
710,0,31.273930966874637,31.273930966874637,100.0
710,1,31.23213328846545,31.23213328846545,100.0
710,2,37.493935744659915,37.493935744659915,100.0
720,0,38.7355600816515,38.7355600816515,100.0
720,1,32.05608789095705,32.05608789095705,100.0
720,2,29.20835202739145,29.20835202739145,100.0
730,0,24.836112240854163,24.836112240854163,100.0
730,1,54.707890581519095,54.707890581519095,100.0
730,2,20.455997177626738,20.455997177626738,100.0
740,0,39.80278447366394,39.80278447366394,100.0
740,1,23.906586993188935,23.906586993188935,100.0
740,2,36.29062853314712,36.29062853314712,100.0
750,0,44.12193321548234,44.12193321548234,100.0
750,1,33.376315367332076,33.376315367332076,100.0
750,2,22.501751417185577,22.501751417185577,100.0
760,0,37.675320130046174,37.675320130046174,100.0
760,1,32.941291260235204,32.941291260235204,100.0
760,2,29.38338860971862,29.38338860971862,100.0
770,0,40.12110562085234,40.12110562085234,100.0
770,1,39.905203632904744,39.905203632904744,100.0
770,2,19.973690746242916,19.973690746242916,100.0
780,0,42.458565184332144,42.458565184332144,100.0
780,1,36.39255185815888,36.39255185815888,100.0
780,2,21.148882957508977,21.148882957508977,100.0
790,0,31.868538811763415,31.868538811763415,100.0
790,1,35.52991576727681,35.52991576727681,100.0
790,2,32.60154542095977,32.60154542095977,100.0
800,0,37.57451961607657,37.57451961607657,100.0
800,1,26.426534918933154,26.426534918933154,100.0
800,2,35.99894546499027,35.99894546499027,100.0
810,0,41.40695730262159,41.40695730262159,100.0
810,1,33.545192941449784,33.545192941449784,100.0
810,2,25.04784975592863,25.04784975592863,100.0
820,0,27.47214677366078,27.47214677366078,100.0
820,1,45.84128216154081,45.84128216154081,100.0
820,2,26.686571064798414,26.686571064798414,100.0
830,0,43.03449846049742,43.03449846049742,100.0
830,1,31.47319691003208,31.47319691003208,100.0
830,2,25.492304629470503,25.492304629470503,100.0
840,0,45.35794163277341,45.35794163277341,100.0
840,1,30.22418827380493,30.22418827380493,100.0
840,2,24.417870093421662,24.417870093421662,100.0
850,0,32.14520906884869,32.14520906884869,100.0
850,1,43.14330770594893,43.14330770594893,100.0
850,2,24.711483225202375,24.711483225202375,100.0
860,0,25.67676132674691,25.67676132674691,100.0
860,1,36.59103453236408,36.59103453236408,100.0
860,2,37.73220414088902,37.73220414088902,100.0
870,0,24.531301081865823,24.531301081865823,100.0
870,1,28.852920659351966,28.852920659351966,100.0
870,2,46.61577825878222,46.61577825878222,100.0
880,0,29.82668220127009,29.82668220127009,100.0
880,1,26.387223021419686,26.387223021419686,100.0
880,2,43.78609477731023,43.78609477731023,100.0
890,0,49.19238353910755,49.19238353910755,100.0
890,1,26.681159250714025,26.681159250714025,100.0
890,2,24.12645721017842,24.12645721017842,100.0
900,0,26.705136823021437,26.705136823021437,100.0
900,1,35.07093364634446,35.07093364634446,100.0
900,2,38.223929530634116,38.223929530634116,100.0
910,0,37.067304736258855,37.067304736258855,100.0
910,1,42.064244499557226,42.064244499557226,100.0
910,2,20.868450764183923,20.868450764183923,100.0
920,0,36.029359120987834,36.029359120987834,100.0
920,1,37.902872703346645,37.902872703346645,100.0
920,2,26.067768175665517,26.067768175665517,100.0
930,0,40.007957381413995,40.007957381413995,100.0
930,1,40.31275202010666,40.31275202010666,100.0
930,2,19.679290598479348,19.679290598479348,100.0
940,0,25.821691463792064,25.821691463792064,100.0
940,1,42.846522585781024,42.846522585781024,100.0
940,2,31.331785950426926,31.331785950426926,100.0
950,0,30.84645750387108,30.84645750387108,100.0
950,1,29.362302825897707,29.362302825897707,100.0
950,2,39.791239670231214,39.791239670231214,100.0
960,0,31.78489427899698,31.78489427899698,100.0
960,1,44.61630441859378,44.61630441859378,100.0
960,2,23.598801302409242,23.598801302409242,100.0
970,0,32.7390876014293,32.7390876014293,100.0
970,1,40.50067182973809,40.50067182973809,100.0
970,2,26.76024056883262,26.76024056883262,100.0
980,0,31.54434752238473,31.54434752238473,100.0
980,1,30.741704960975692,30.741704960975692,100.0
980,2,37.71394751663959,37.71394751663959,100.0
990,0,45.50254658010928,45.50254658010928,100.0
990,1,31.863708511600763,31.863708511600763,100.0
990,2,22.63374490828996,22.63374490828996,100.0
1000,0,25.675713938900422,25.675713938900422,100.0
1000,1,50.99636683659081,50.99636683659081,100.0
1000,2,23.327919224508765,23.327919224508765,100.0
1010,0,24.77501129644624,24.77501129644624,100.0
1010,1,37.45620154348269,37.45620154348269,100.0
1010,2,37.76878716007106,37.76878716007106,100.0
1020,0,34.866751728941026,34.866751728941026,100.0
1020,1,32.36286157887264,32.36286157887264,100.0
1020,2,32.770386692186335,32.770386692186335,100.0
1030,0,29.392900124937537,29.392900124937537,100.0
1030,1,32.966288546033354,32.966288546033354,100.0
1030,2,37.64081132902912,37.64081132902912,100.0
1040,0,31.882874525560556,31.882874525560556,100.0
1040,1,25.098554431793424,25.098554431793424,100.0
1040,2,43.018571042646016,43.018571042646016,100.0
1050,0,32.763529455780514,32.763529455780514,100.0
1050,1,34.12059318369458,34.12059318369458,100.0
1050,2,33.115877360524905,33.115877360524905,100.0
1060,0,24.47902437398159,24.47902437398159,100.0
1060,1,45.689665609254526,45.689665609254526,100.0
1060,2,29.831310016763883,29.831310016763883,100.0
1070,0,27.746338638475233,27.746338638475233,100.0
1070,1,49.0574001823152,49.0574001823152,100.0
1070,2,23.196261179209568,23.196261179209568,100.0
1080,0,28.916638808235078,28.916638808235078,100.0
1080,1,41.25217466117167,41.25217466117167,100.0
1080,2,29.831186530593246,29.831186530593246,100.0
1090,0,29.697785736243944,29.697785736243944,100.0
1090,1,42.622560956159404,42.622560956159404,100.0
1090,2,27.679653307596652,27.679653307596652,100.0
1100,0,38.443758248167285,38.443758248167285,100.0
1100,1,40.7096026709456,40.7096026709456,100.0
1100,2,20.846639080887126,20.846639080887126,100.0
1110,0,24.415296040012475,24.415296040012475,100.0
1110,1,44.95223010577182,44.95223010577182,100.0
1110,2,30.632473854215714,30.632473854215714,100.0
1120,0,44.294343058027096,44.294343058027096,100.0
1120,1,33.55952309457723,33.55952309457723,100.0
1120,2,22.146133847395674,22.146133847395674,100.0
1130,0,35.593840698132595,35.593840698132595,100.0
1130,1,43.05422504971142,43.05422504971142,100.0
1130,2,21.351934252155978,21.351934252155978,100.0
1140,0,25.24315253041232,25.24315253041232,100.0
1140,1,27.01127821358743,27.01127821358743,100.0
1140,2,47.74556925600025,47.74556925600025,100.0
1150,0,40.1318294729129,40.1318294729129,100.0
1150,1,41.611339795437466,41.611339795437466,100.0
1150,2,18.256830731649647,18.256830731649647,100.0
1160,0,25.32693107103119,25.32693107103119,100.0
1160,1,39.281583376169834,39.281583376169834,100.0
1160,2,35.39148555279898,35.39148555279898,100.0
1170,0,30.706151127237113,30.706151127237113,100.0
1170,1,40.12525573487431,40.12525573487431,100.0
1170,2,29.16859313788858,29.16859313788858,100.0
1180,0,41.917370154817824,41.917370154817824,100.0
1180,1,29.160234149225637,29.160234149225637,100.0
1180,2,28.92239569595654,28.92239569595654,100.0
1190,0,29.758921178657822,29.758921178657822,100.0
1190,1,28.821805388826753,28.821805388826753,100.0
1190,2,41.419273432515425,41.419273432515425,100.0
1200,0,31.988246698111617,31.988246698111617,100.0
1200,1,30.30407118721552,30.30407118721552,100.0
1200,2,37.707682114672856,37.707682114672856,100.0
1210,0,33.625833294648224,33.625833294648224,100.0
1210,1,48.43246426415888,48.43246426415888,100.0
1210,2,17.94170244119289,17.94170244119289,100.0
1220,0,44.83170805496626,44.83170805496626,100.0
1220,1,25.298628918347543,25.298628918347543,100.0
1220,2,29.869663026686204,29.869663026686204,100.0
1230,0,25.70284721352164,25.70284721352164,100.0
1230,1,44.303376222569455,44.303376222569455,100.0
1230,2,29.9937765639089,29.9937765639089,100.0
1240,0,23.54467492717747,23.54467492717747,100.0
1240,1,27.526521430554507,27.526521430554507,100.0
1240,2,48.92880364226803,48.92880364226803,100.0
1250,0,26.974430985319632,26.974430985319632,100.0
1250,1,50.03608385916429,50.03608385916429,100.0
1250,2,22.98948515551607,22.98948515551607,100.0
1260,0,25.724725503367562,25.724725503367562,100.0
1260,1,29.35771274347595,29.35771274347595,100.0
1260,2,44.91756175315649,44.91756175315649,100.0
1270,0,31.746516037879346,31.746516037879346,100.0
1270,1,42.115619070671286,42.115619070671286,100.0
1270,2,26.137864891449368,26.137864891449368,100.0
1280,0,32.650109725604814,32.650109725604814,100.0
1280,1,36.87579002114541,36.87579002114541,100.0
1280,2,30.474100253249777,30.474100253249777,100.0
1290,0,38.23267622975618,38.23267622975618,100.0
1290,1,29.621706431883428,29.621706431883428,100.0
1290,2,32.1456173383604,32.1456173383604,100.0
1300,0,25.301830748959564,25.301830748959564,100.0
1300,1,37.53933784942695,37.53933784942695,100.0
1300,2,37.15883140161348,37.15883140161348,100.0
1310,0,31.198174725225165,31.198174725225165,100.0
1310,1,28.443755469319676,28.443755469319676,100.0
1310,2,40.35806980545517,40.35806980545517,100.0
1320,0,25.32320293006544,25.32320293006544,100.0
1320,1,32.501013911738376,32.501013911738376,100.0
1320,2,42.17578315819619,42.17578315819619,100.0
1330,0,23.29823018787643,23.29823018787643,100.0
1330,1,38.84921627874529,38.84921627874529,100.0
1330,2,37.85255353337828,37.85255353337828,100.0
1340,0,41.08380151466732,41.08380151466732,100.0
1340,1,39.77673506426358,39.77673506426358,100.0
1340,2,19.139463421069088,19.139463421069088,100.0
1350,0,30.048731002331408,30.048731002331408,100.0
1350,1,29.168112125706898,29.168112125706898,100.0
1350,2,40.7831568719617,40.7831568719617,100.0
1360,0,25.727997591255715,25.727997591255715,100.0
1360,1,47.02549328505674,47.02549328505674,100.0
1360,2,27.246509123687545,27.246509123687545,100.0
1370,0,40.676008830402175,40.676008830402175,100.0
1370,1,25.27543580595542,25.27543580595542,100.0
1370,2,34.04855536364241,34.04855536364241,100.0
1380,0,24.032990252822966,24.032990252822966,100.0
1380,1,39.59856765891542,39.59856765891542,100.0
1380,2,36.368442088261624,36.368442088261624,100.0
1390,0,29.29837032831576,29.29837032831576,100.0
1390,1,48.1284200211886,48.1284200211886,100.0
1390,2,22.573209650495627,22.573209650495627,100.0
1400,0,47.45608134231476,47.45608134231476,100.0
1400,1,30.63539348835726,30.63539348835726,100.0
1400,2,21.90852516932798,21.90852516932798,100.0
1410,0,29.21855630960649,29.21855630960649,100.0
1410,1,27.177494221782695,27.177494221782695,100.0
1410,2,43.603949468610814,43.603949468610814,100.0
1420,0,43.858703613587465,43.858703613587465,100.0
1420,1,33.451169861389296,33.451169861389296,100.0
1420,2,22.690126525023246,22.690126525023246,100.0
1430,0,46.073363946866195,46.073363946866195,100.0
1430,1,33.93777647065543,33.93777647065543,100.0
1430,2,19.988859582478387,19.988859582478387,100.0
1440,0,27.445657796822214,27.445657796822214,100.0
1440,1,25.064711295279444,25.064711295279444,100.0
1440,2,47.489630907898345,47.489630907898345,100.0
1450,0,42.38430686835084,42.38430686835084,100.0
1450,1,28.329568548101435,28.329568548101435,100.0
1450,2,29.286124583547725,29.286124583547725,100.0
1460,0,42.672333701643595,42.672333701643595,100.0
1460,1,26.94794473524629,26.94794473524629,100.0
1460,2,30.379721563110117,30.379721563110117,100.0
1470,0,40.276430323489116,40.276430323489116,100.0
1470,1,35.34377243551449,35.34377243551449,100.0
1470,2,24.379797240996393,24.379797240996393,100.0
1480,0,31.031387075254624,31.031387075254624,100.0
1480,1,29.54323813565365,29.54323813565365,100.0
1480,2,39.42537478909173,39.42537478909173,100.0
1490,0,38.224391819493654,38.224391819493654,100.0
1490,1,34.613369476853414,34.613369476853414,100.0
1490,2,27.162238703652946,27.162238703652946,100.0
1500,0,25.8978877395289,25.8978877395289,100.0
1500,1,47.443066902087104,47.443066902087104,100.0
1500,2,26.65904535838399,26.65904535838399,100.0
