timestamp,ueImsi,sliceId,dTxBytes,dRxBytes,plr,resourceSharePct,dLostPackets,throughputMbps,bufferBytes
560,1,0,24448,1528,93.75,22.83,15,1.2224,135052
560,2,0,24448,1528,93.75,22.83,15,1.2224,134953
560,3,0,24448,1528,93.75,22.83,15,1.2224,134985
560,4,0,24448,1528,93.75,22.83,15,1.2224,134977
560,5,0,24448,1528,93.75,22.83,15,1.2224,134951
560,6,1,390,312,20.00,40.68,1,0.2496,169
560,7,1,390,312,20.00,40.68,1,0.2496,169
560,8,1,390,312,20.00,40.68,1,0.2496,169
560,9,1,390,312,20.00,40.68,1,0.2496,169
560,10,1,390,312,20.00,40.68,1,0.2496,169
560,11,2,16000,1024,93.60,36.50,117,0.8192,90484
560,12,2,16000,1024,93.60,36.50,117,0.8192,90494
560,13,2,16000,1024,93.60,36.50,117,0.8192,90492
560,14,2,16000,1024,93.60,36.50,117,0.8192,90492
560,15,2,16000,1024,93.60,36.50,117,0.8192,90557
560,16,2,16000,1152,92.80,36.50,116,0.9216,90574
560,17,2,16000,1152,92.80,36.50,116,0.9216,90481
560,18,2,16000,1152,92.80,36.50,116,0.9216,90466
560,19,2,16000,1024,93.60,36.50,117,0.8192,90573
560,20,2,16000,1024,93.60,36.50,117,0.8192,90573
