callId,timeMs,scenario,slot,bwpId,beamId,sliceId,rnti,bufQueueSize,dlTbSizeBefore,hasDemand,demandPassed,rbgAllocated,uniqueRbgs,tbSizeBytes,mcs,rank,numRbPerRbg,reason
1,503,normal,0,0,65535_65535,0,1,3069,0,0,1,0,0,0,15,1,1,pre_allocation
1,503,normal,0,0,65535_65535,0,1,3069,35,1,1,1,1,35,15,1,1,allocated
1,503,normal,0,0,65535_65535,0,2,3069,0,0,1,0,0,0,15,1,1,pre_allocation
1,503,normal,0,0,65535_65535,0,2,3069,35,1,1,1,1,35,15,1,1,allocated
1,503,normal,0,0,65535_65535,0,3,3069,0,0,1,0,0,0,15,1,1,pre_allocation
1,503,normal,0,0,65535_65535,0,3,3069,35,1,1,1,1,35,15,1,1,allocated
1,503,normal,0,0,65535_65535,0,4,3069,0,0,1,0,0,0,15,1,1,pre_allocation
1,503,normal,0,0,65535_65535,0,4,3069,35,1,1,1,1,35,15,1,1,allocated
1,503,normal,0,0,65535_65535,0,5,3069,0,0,1,0,0,0,15,1,1,pre_allocation
1,503,normal,0,0,65535_65535,0,5,3069,35,1,1,1,1,35,15,1,1,allocated
1,503,normal,0,0,65535_65535,0,1,3069,35,0,1,0,1,0,15,1,1,pre_allocation
1,503,normal,0,0,65535_65535,0,1,3069,74,1,1,1,2,74,15,1,1,allocated
1,503,normal,0,0,65535_65535,0,2,3069,35,0,1,0,1,0,15,1,1,pre_allocation
1,503,normal,0,0,65535_65535,0,2,3069,74,1,1,1,2,74,15,1,1,allocated
1,503,normal,0,0,65535_65535,0,3,3069,35,0,1,0,1,0,15,1,1,pre_allocation
1,503,normal,0,0,65535_65535,0,3,3069,74,1,1,1,2,74,15,1,1,allocated
1,503,normal,0,0,65535_65535,0,4,3069,35,0,1,0,1,0,15,1,1,pre_allocation
1,503,normal,0,0,65535_65535,0,4,3069,74,1,1,1,2,74,15,1,1,allocated
1,503,normal,0,0,65535_65535,0,5,3069,35,0,1,0,1,0,15,1,1,pre_allocation
1,503,normal,0,0,65535_65535,0,5,3069,74,1,1,1,2,74,15,1,1,allocated
1,503,normal,0,0,65535_65535,0,1,3069,74,0,1,0,2,0,15,1,1,pre_allocation
1,503,normal,0,0,65535_65535,0,1,3069,112,1,1,1,3,112,15,1,1,allocated
1,503,normal,0,0,65535_65535,0,2,3069,74,0,1,0,2,0,15,1,1,pre_allocation
1,503,normal,0,0,65535_65535,0,2,3069,112,1,1,1,3,112,15,1,1,allocated
1,503,normal,0,0,65535_65535,0,3,3069,74,0,1,0,2,0,15,1,1,pre_allocation
1,503,normal,0,0,65535_65535,0,3,3069,112,1,1,1,3,112,15,1,1,allocated
1,503,normal,0,0,65535_65535,0,4,3069,74,0,1,0,2,0,15,1,1,pre_allocation
1,503,normal,0,0,65535_65535,0,4,3069,112,1,1,1,3,112,15,1,1,allocated
1,503,normal,0,0,65535_65535,0,5,3069,74,0,1,0,2,0,15,1,1,pre_allocation
1,503,normal,0,0,65535_65535,0,5,3069,112,1,1,1,3,112,15,1,1,allocated
1,503,normal,0,0,65535_65535,0,1,3069,112,0,1,0,3,0,15,1,1,pre_allocation
1,503,normal,0,0,65535_65535,0,1,3069,151,1,1,1,4,151,15,1,1,allocated
1,503,normal,0,0,65535_65535,0,2,3069,112,0,1,0,3,0,15,1,1,pre_allocation
1,503,normal,0,0,65535_65535,0,2,3069,151,1,1,1,4,151,15,1,1,allocated
1,503,normal,0,0,65535_65535,0,3,3069,112,0,1,0,3,0,15,1,1,pre_allocation
1,503,normal,0,0,65535_65535,0,3,3069,151,1,1,1,4,151,15,1,1,allocated
1,503,normal,0,0,65535_65535,0,4,3069,112,0,1,0,3,0,15,1,1,pre_allocation
1,503,normal,0,0,65535_65535,0,4,3069,151,1,1,1,4,151,15,1,1,allocated
1,503,normal,0,0,65535_65535,0,5,3069,112,0,1,0,3,0,15,1,1,pre_allocation
1,503,normal,0,0,65535_65535,0,5,3069,151,1,1,1,4,151,15,1,1,allocated
1,503,normal,0,0,65535_65535,0,1,3069,151,0,1,0,4,0,15,1,1,pre_allocation
1,503,normal,0,0,65535_65535,0,1,3069,190,1,1,1,5,190,15,1,1,allocated
1,503,normal,0,0,65535_65535,0,2,3069,151,0,1,0,4,0,15,1,1,pre_allocation
1,503,normal,0,0,65535_65535,0,2,3069,190,1,1,1,5,190,15,1,1,allocated
1,503,normal,0,0,65535_65535,0,3,3069,151,0,1,0,4,0,15,1,1,pre_allocation
1,503,normal,0,0,65535_65535,0,3,3069,190,1,1,1,5,190,15,1,1,allocated
1,503,normal,0,0,65535_65535,0,4,3069,151,0,1,0,4,0,15,1,1,pre_allocation
1,503,normal,0,0,65535_65535,0,4,3069,190,1,1,1,5,190,15,1,1,allocated
1,503,normal,0,0,65535_65535,0,5,3069,151,0,1,0,4,0,15,1,1,pre_allocation
1,503,normal,0,0,65535_65535,0,5,3069,190,1,1,1,5,190,15,1,1,allocated
1,503,normal,0,0,65535_65535,0,1,3069,190,0,1,0,5,0,15,1,1,pre_allocation
1,503,normal,0,0,65535_65535,0,1,3069,228,1,1,1,6,228,15,1,1,allocated
1,503,normal,0,0,65535_65535,0,2,3069,190,0,1,0,5,0,15,1,1,pre_allocation
1,503,normal,0,0,65535_65535,0,2,3069,228,1,1,1,6,228,15,1,1,allocated
1,503,normal,0,0,65535_65535,0,3,3069,190,0,1,0,5,0,15,1,1,pre_allocation
1,503,normal,0,0,65535_65535,0,3,3069,228,1,1,1,6,228,15,1,1,allocated
1,503,normal,0,0,65535_65535,0,4,3069,190,0,1,0,5,0,15,1,1,pre_allocation
1,503,normal,0,0,65535_65535,0,4,3069,228,1,1,1,6,228,15,1,1,allocated
1,503,normal,0,0,65535_65535,0,5,3069,190,0,1,0,5,0,15,1,1,pre_allocation
1,503,normal,0,0,65535_65535,0,5,3069,228,1,1,1,6,228,15,1,1,allocated
1,503,normal,0,0,65535_65535,0,1,3069,228,0,1,0,6,0,15,1,1,pre_allocation
1,503,normal,0,0,65535_65535,0,1,3069,267,1,1,1,7,267,15,1,1,allocated
1,503,normal,0,0,65535_65535,0,2,3069,228,0,1,0,6,0,15,1,1,pre_allocation
1,503,normal,0,0,65535_65535,0,2,3069,267,1,1,1,7,267,15,1,1,allocated
1,503,normal,0,0,65535_65535,0,3,3069,228,0,1,0,6,0,15,1,1,pre_allocation
1,503,normal,0,0,65535_65535,0,3,3069,267,1,1,1,7,267,15,1,1,allocated
1,503,normal,0,0,65535_65535,0,4,3069,228,0,1,0,6,0,15,1,1,pre_allocation
1,503,normal,0,0,65535_65535,0,4,3069,267,1,1,1,7,267,15,1,1,allocated
1,503,normal,0,0,65535_65535,0,5,3069,228,0,1,0,6,0,15,1,1,pre_allocation
1,503,normal,0,0,65535_65535,0,5,3069,267,1,1,1,7,267,15,1,1,allocated
1,503,normal,0,0,65535_65535,0,1,3069,267,0,1,0,7,0,15,1,1,pre_allocation
1,503,normal,0,0,65535_65535,0,1,3069,305,1,1,1,8,305,15,1,1,allocated
1,503,normal,0,0,65535_65535,0,2,3069,267,0,1,0,7,0,15,1,1,pre_allocation
1,503,normal,0,0,65535_65535,0,2,3069,305,1,1,1,8,305,15,1,1,allocated
1,503,normal,0,0,65535_65535,0,3,3069,267,0,1,0,7,0,15,1,1,pre_allocation
1,503,normal,0,0,65535_65535,0,3,3069,305,1,1,1,8,305,15,1,1,allocated
1,503,normal,0,0,65535_65535,0,4,3069,267,0,1,0,7,0,15,1,1,pre_allocation
1,503,normal,0,0,65535_65535,0,4,3069,305,1,1,1,8,305,15,1,1,allocated
1,503,normal,0,0,65535_65535,0,5,3069,267,0,1,0,7,0,15,1,1,pre_allocation
1,503,normal,0,0,65535_65535,0,5,3069,305,1,1,1,8,305,15,1,1,allocated
1,503,normal,0,0,65535_65535,0,1,3069,305,0,1,0,8,0,15,1,1,pre_allocation
1,503,normal,0,0,65535_65535,0,1,3069,344,1,1,1,9,344,15,1,1,allocated
1,503,normal,0,0,65535_65535,0,2,3069,305,0,1,0,8,0,15,1,1,pre_allocation
1,503,normal,0,0,65535_65535,0,2,3069,344,1,1,1,9,344,15,1,1,allocated
1,503,normal,0,0,65535_65535,0,3,3069,305,0,1,0,8,0,15,1,1,pre_allocation
1,503,normal,0,0,65535_65535,0,3,3069,344,1,1,1,9,344,15,1,1,allocated
1,503,normal,0,0,65535_65535,0,4,3069,305,0,1,0,8,0,15,1,1,pre_allocation
1,503,normal,0,0,65535_65535,0,4,3069,344,1,1,1,9,344,15,1,1,allocated
1,503,normal,0,0,65535_65535,0,5,3069,305,0,1,0,8,0,15,1,1,pre_allocation
1,503,normal,0,0,65535_65535,0,5,3069,344,1,1,1,9,344,15,1,1,allocated
1,503,normal,0,0,65535_65535,0,1,3069,344,0,1,0,9,0,15,1,1,pre_allocation
1,503,normal,0,0,65535_65535,0,1,3069,383,1,1,1,10,383,15,1,1,allocated
1,503,normal,0,0,65535_65535,0,2,3069,344,0,1,0,9,0,15,1,1,pre_allocation
1,503,normal,0,0,65535_65535,0,2,3069,383,1,1,1,10,383,15,1,1,allocated
1,503,normal,0,0,65535_65535,0,3,3069,344,0,1,0,9,0,15,1,1,pre_allocation
1,503,normal,0,0,65535_65535,0,3,3069,383,1,1,1,10,383,15,1,1,allocated
1,503,normal,0,0,65535_65535,0,4,3069,344,0,1,0,9,0,15,1,1,pre_allocation
1,503,normal,0,0,65535_65535,0,4,3069,383,1,1,1,10,383,15,1,1,allocated
1,503,normal,0,0,65535_65535,0,5,3069,344,0,1,0,9,0,15,1,1,pre_allocation
1,503,normal,0,0,65535_65535,0,5,3069,383,1,1,1,10,383,15,1,1,allocated
1,503,normal,0,0,65535_65535,0,1,3069,383,0,1,0,10,0,15,1,1,pre_allocation
1,503,normal,0,0,65535_65535,0,1,3069,421,1,1,1,11,421,15,1,1,allocated
1,503,normal,0,0,65535_65535,0,2,3069,383,0,1,0,10,0,15,1,1,pre_allocation
1,503,normal,0,0,65535_65535,0,2,3069,421,1,1,1,11,421,15,1,1,allocated
1,503,normal,0,0,65535_65535,0,3,3069,383,0,1,0,10,0,15,1,1,pre_allocation
1,503,normal,0,0,65535_65535,0,3,3069,421,1,1,1,11,421,15,1,1,allocated
1,503,normal,0,0,65535_65535,0,4,3069,383,0,1,0,10,0,15,1,1,pre_allocation
1,503,normal,0,0,65535_65535,0,4,3069,421,1,1,1,11,421,15,1,1,allocated
1,503,normal,0,0,65535_65535,0,5,3069,383,0,1,0,10,0,15,1,1,pre_allocation
1,503,normal,0,0,65535_65535,0,5,3069,421,1,1,1,11,421,15,1,1,allocated
1,503,normal,0,0,65535_65535,0,1,3069,421,0,1,0,11,0,15,1,1,pre_allocation
1,503,normal,0,0,65535_65535,0,1,3069,460,1,1,1,12,460,15,1,1,allocated
1,503,normal,0,0,65535_65535,0,2,3069,421,0,1,0,11,0,15,1,1,pre_allocation
1,503,normal,0,0,65535_65535,0,2,3069,460,1,1,1,12,460,15,1,1,allocated
1,503,normal,0,0,65535_65535,0,3,3069,421,0,1,0,11,0,15,1,1,pre_allocation
1,503,normal,0,0,65535_65535,0,3,3069,460,1,1,1,12,460,15,1,1,allocated
1,503,normal,0,0,65535_65535,0,4,3069,421,0,1,0,11,0,15,1,1,pre_allocation
1,503,normal,0,0,65535_65535,0,4,3069,460,1,1,1,12,460,15,1,1,allocated
1,503,normal,0,0,65535_65535,0,5,3069,421,0,1,0,11,0,15,1,1,pre_allocation
1,503,normal,0,0,65535_65535,0,5,3069,460,1,1,1,12,460,15,1,1,allocated
1,503,normal,0,0,65535_65535,0,1,3069,460,0,1,0,12,0,15,1,1,pre_allocation
1,503,normal,0,0,65535_65535,0,1,3069,498,1,1,1,13,498,15,1,1,allocated
1,503,normal,0,0,65535_65535,0,2,3069,460,0,1,0,12,0,15,1,1,pre_allocation
1,503,normal,0,0,65535_65535,0,2,3069,498,1,1,1,13,498,15,1,1,allocated
1,503,normal,0,0,65535_65535,0,3,3069,460,0,1,0,12,0,15,1,1,pre_allocation
1,503,normal,0,0,65535_65535,0,3,3069,498,1,1,1,13,498,15,1,1,allocated
1,503,normal,0,0,65535_65535,0,4,3069,460,0,1,0,12,0,15,1,1,pre_allocation
1,503,normal,0,0,65535_65535,0,4,3069,498,1,1,1,13,498,15,1,1,allocated
1,503,normal,0,0,65535_65535,0,5,3069,460,0,1,0,12,0,15,1,1,pre_allocation
1,503,normal,0,0,65535_65535,0,5,3069,498,1,1,1,13,498,15,1,1,allocated
1,503,normal,0,0,65535_65535,0,1,3069,498,0,1,0,13,0,15,1,1,pre_allocation
1,503,normal,0,0,65535_65535,0,1,3069,537,1,1,1,14,537,15,1,1,allocated
1,503,normal,0,0,65535_65535,0,2,3069,498,0,1,0,13,0,15,1,1,pre_allocation
1,503,normal,0,0,65535_65535,0,2,3069,537,1,1,1,14,537,15,1,1,allocated
1,503,normal,0,0,65535_65535,0,3,3069,498,0,1,0,13,0,15,1,1,pre_allocation
1,503,normal,0,0,65535_65535,0,3,3069,537,1,1,1,14,537,15,1,1,allocated
1,503,normal,0,0,65535_65535,0,4,3069,498,0,1,0,13,0,15,1,1,pre_allocation
1,503,normal,0,0,65535_65535,0,4,3069,537,1,1,1,14,537,15,1,1,allocated
1,503,normal,0,0,65535_65535,0,5,3069,498,0,1,0,13,0,15,1,1,pre_allocation
1,503,normal,0,0,65535_65535,0,5,3069,537,1,1,1,14,537,15,1,1,allocated
1,503,normal,0,0,65535_65535,0,1,3069,537,0,1,0,14,0,15,1,1,pre_allocation
1,503,normal,0,0,65535_65535,0,1,3069,576,1,1,1,15,576,15,1,1,allocated
1,503,normal,0,0,65535_65535,0,2,3069,537,0,1,0,14,0,15,1,1,pre_allocation
1,503,normal,0,0,65535_65535,0,2,3069,576,1,1,1,15,576,15,1,1,allocated
1,503,normal,0,0,65535_65535,0,3,3069,537,0,1,0,14,0,15,1,1,pre_allocation
1,503,normal,0,0,65535_65535,0,3,3069,576,1,1,1,15,576,15,1,1,allocated
1,503,normal,0,0,65535_65535,0,4,3069,537,0,1,0,14,0,15,1,1,pre_allocation
1,503,normal,0,0,65535_65535,0,4,3069,576,1,1,1,15,576,15,1,1,allocated
1,503,normal,0,0,65535_65535,0,5,3069,537,0,1,0,14,0,15,1,1,pre_allocation
1,503,normal,0,0,65535_65535,0,5,3069,576,1,1,1,15,576,15,1,1,allocated
1,503,normal,0,0,65535_65535,0,1,3069,576,0,1,0,15,0,15,1,1,pre_allocation
1,503,normal,0,0,65535_65535,0,1,3069,614,1,1,1,16,614,15,1,1,allocated
1,503,normal,0,0,65535_65535,0,2,3069,576,0,1,0,15,0,15,1,1,pre_allocation
1,503,normal,0,0,65535_65535,0,2,3069,614,1,1,1,16,614,15,1,1,allocated
1,503,normal,0,0,65535_65535,0,3,3069,576,0,1,0,15,0,15,1,1,pre_allocation
1,503,normal,0,0,65535_65535,0,3,3069,614,1,1,1,16,614,15,1,1,allocated
1,503,normal,0,0,65535_65535,0,4,3069,576,0,1,0,15,0,15,1,1,pre_allocation
1,503,normal,0,0,65535_65535,0,4,3069,614,1,1,1,16,614,15,1,1,allocated
1,503,normal,0,0,65535_65535,0,5,3069,576,0,1,0,15,0,15,1,1,pre_allocation
1,503,normal,0,0,65535_65535,0,5,3069,614,1,1,1,16,614,15,1,1,allocated
1,503,normal,0,0,65535_65535,0,1,3069,614,0,1,0,16,0,15,1,1,pre_allocation
1,503,normal,0,0,65535_65535,0,1,3069,653,1,1,1,17,653,15,1,1,allocated
1,503,normal,0,0,65535_65535,0,2,3069,614,0,1,0,16,0,15,1,1,pre_allocation
1,503,normal,0,0,65535_65535,0,2,3069,653,1,1,1,17,653,15,1,1,allocated
1,503,normal,0,0,65535_65535,0,3,3069,614,0,1,0,16,0,15,1,1,pre_allocation
1,503,normal,0,0,65535_65535,0,3,3069,653,1,1,1,17,653,15,1,1,allocated
1,503,normal,0,0,65535_65535,0,4,3069,614,0,1,0,16,0,15,1,1,pre_allocation
1,503,normal,0,0,65535_65535,0,4,3069,653,1,1,1,17,653,15,1,1,allocated
1,503,normal,0,0,65535_65535,0,5,3069,614,0,1,0,16,0,15,1,1,pre_allocation
1,503,normal,0,0,65535_65535,0,5,3069,653,1,1,1,17,653,15,1,1,allocated
1,503,normal,0,0,65535_65535,0,1,3069,653,0,1,0,17,0,15,1,1,pre_allocation
1,503,normal,0,0,65535_65535,0,1,3069,691,1,1,1,18,691,15,1,1,allocated
1,503,normal,0,0,65535_65535,0,2,3069,653,0,1,0,17,0,15,1,1,pre_allocation
1,503,normal,0,0,65535_65535,0,2,3069,691,1,1,1,18,691,15,1,1,allocated
1,503,normal,0,0,65535_65535,0,3,3069,653,0,1,0,17,0,15,1,1,pre_allocation
1,503,normal,0,0,65535_65535,0,3,3069,691,1,1,1,18,691,15,1,1,allocated
1,503,normal,0,0,65535_65535,0,4,3069,653,0,1,0,17,0,15,1,1,pre_allocation
1,503,normal,0,0,65535_65535,0,4,3069,691,1,1,1,18,691,15,1,1,allocated
1,503,normal,0,0,65535_65535,0,5,3069,653,0,1,0,17,0,15,1,1,pre_allocation
1,503,normal,0,0,65535_65535,0,5,3069,691,1,1,1,18,691,15,1,1,allocated
1,503,normal,0,0,65535_65535,0,1,3069,691,0,1,0,18,0,15,1,1,pre_allocation
1,503,normal,0,0,65535_65535,0,1,3069,730,1,1,1,19,730,15,1,1,allocated
1,503,normal,0,0,65535_65535,0,2,3069,691,0,1,0,18,0,15,1,1,pre_allocation
1,503,normal,0,0,65535_65535,0,2,3069,730,1,1,1,19,730,15,1,1,allocated
1,503,normal,0,0,65535_65535,0,3,3069,691,0,1,0,18,0,15,1,1,pre_allocation
1,503,normal,0,0,65535_65535,0,3,3069,730,1,1,1,19,730,15,1,1,allocated
1,503,normal,0,0,65535_65535,0,4,3069,691,0,1,0,18,0,15,1,1,pre_allocation
1,503,normal,0,0,65535_65535,0,4,3069,730,1,1,1,19,730,15,1,1,allocated
1,503,normal,0,0,65535_65535,0,5,3069,691,0,1,0,18,0,15,1,1,pre_allocation
1,503,normal,0,0,65535_65535,0,5,3069,730,1,1,1,19,730,15,1,1,allocated
1,503,normal,0,0,65535_65535,0,1,3069,730,0,1,0,19,0,15,1,1,pre_allocation
1,503,normal,0,0,65535_65535,0,1,3069,769,1,1,1,20,769,15,1,1,allocated
1,503,normal,0,0,65535_65535,0,2,3069,730,0,1,0,19,0,15,1,1,pre_allocation
1,503,normal,0,0,65535_65535,0,2,3069,769,1,1,1,20,769,15,1,1,allocated
1,503,normal,0,0,65535_65535,0,3,3069,730,0,1,0,19,0,15,1,1,pre_allocation
1,503,normal,0,0,65535_65535,0,3,3069,769,1,1,1,20,769,15,1,1,allocated
1,503,normal,0,0,65535_65535,0,4,3069,730,0,1,0,19,0,15,1,1,pre_allocation
1,503,normal,0,0,65535_65535,0,4,3069,769,1,1,1,20,769,15,1,1,allocated
1,503,normal,0,0,65535_65535,0,5,3069,730,0,1,0,19,0,15,1,1,pre_allocation
1,503,normal,0,0,65535_65535,0,5,3069,769,1,1,1,20,769,15,1,1,allocated
1,503,normal,0,0,65535_65535,0,1,3069,769,0,1,0,20,0,15,1,1,pre_allocation
1,503,normal,0,0,65535_65535,0,1,3069,807,1,1,1,21,807,15,1,1,allocated
1,503,normal,0,0,65535_65535,0,2,3069,769,0,1,0,20,0,15,1,1,pre_allocation
1,503,normal,0,0,65535_65535,0,2,3069,807,1,1,1,21,807,15,1,1,allocated
1,503,normal,0,0,65535_65535,0,3,3069,769,0,1,0,20,0,15,1,1,pre_allocation
1,503,normal,0,0,65535_65535,0,3,3069,807,1,1,1,21,807,15,1,1,allocated
1,503,normal,0,0,65535_65535,0,4,3069,769,0,1,0,20,0,15,1,1,pre_allocation
1,503,normal,0,0,65535_65535,0,4,3069,807,1,1,1,21,807,15,1,1,allocated
1,503,normal,0,0,65535_65535,0,5,3069,769,0,1,0,20,0,15,1,1,pre_allocation
1,503,normal,0,0,65535_65535,0,5,3069,807,1,1,1,21,807,15,1,1,allocated
1,503,normal,0,0,65535_65535,0,1,3069,807,0,1,0,21,0,15,1,1,pre_allocation
1,503,normal,0,0,65535_65535,0,1,3069,846,1,1,1,22,846,15,1,1,allocated
1,503,normal,0,0,65535_65535,0,2,3069,807,0,1,0,21,0,15,1,1,pre_allocation
1,503,normal,0,0,65535_65535,0,2,3069,846,1,1,1,22,846,15,1,1,allocated
1,503,normal,0,0,65535_65535,0,3,3069,807,0,1,0,21,0,15,1,1,pre_allocation
1,503,normal,0,0,65535_65535,0,3,3069,846,1,1,1,22,846,15,1,1,allocated
1,503,normal,0,0,65535_65535,0,4,3069,807,0,1,0,21,0,15,1,1,pre_allocation
1,503,normal,0,0,65535_65535,0,4,3069,846,1,1,1,22,846,15,1,1,allocated
1,503,normal,0,0,65535_65535,0,5,3069,807,0,1,0,21,0,15,1,1,pre_allocation
1,503,normal,0,0,65535_65535,0,5,3069,846,1,1,1,22,846,15,1,1,allocated
1,503,normal,0,0,65535_65535,0,1,3069,846,0,1,0,22,0,15,1,1,pre_allocation
1,503,normal,0,0,65535_65535,0,1,3069,885,1,1,1,23,885,15,1,1,allocated
1,503,normal,0,0,65535_65535,0,2,3069,846,0,1,0,22,0,15,1,1,pre_allocation
1,503,normal,0,0,65535_65535,0,2,3069,885,1,1,1,23,885,15,1,1,allocated
1,503,normal,0,0,65535_65535,0,3,3069,846,0,1,0,22,0,15,1,1,pre_allocation
1,503,normal,0,0,65535_65535,0,3,3069,885,1,1,1,23,885,15,1,1,allocated
1,503,normal,0,0,65535_65535,0,4,3069,846,0,1,0,22,0,15,1,1,pre_allocation
1,503,normal,0,0,65535_65535,0,4,3069,885,1,1,1,23,885,15,1,1,allocated
1,503,normal,0,0,65535_65535,0,5,3069,846,0,1,0,22,0,15,1,1,pre_allocation
1,503,normal,0,0,65535_65535,0,5,3069,885,1,1,1,23,885,15,1,1,allocated
1,503,normal,0,0,65535_65535,0,1,3069,885,0,1,0,23,0,15,1,1,pre_allocation
1,503,normal,0,0,65535_65535,0,1,3069,923,1,1,1,24,923,15,1,1,allocated
1,503,normal,0,0,65535_65535,0,2,3069,885,0,1,0,23,0,15,1,1,pre_allocation
1,503,normal,0,0,65535_65535,0,2,3069,923,1,1,1,24,923,15,1,1,allocated
1,503,normal,0,0,65535_65535,0,3,3069,885,0,1,0,23,0,15,1,1,pre_allocation
1,503,normal,0,0,65535_65535,0,3,3069,923,1,1,1,24,923,15,1,1,allocated
1,503,normal,0,0,65535_65535,0,4,3069,885,0,1,0,23,0,15,1,1,pre_allocation
1,503,normal,0,0,65535_65535,0,4,3069,923,1,1,1,24,923,15,1,1,allocated
1,503,normal,0,0,65535_65535,0,5,3069,885,0,1,0,23,0,15,1,1,pre_allocation
1,503,normal,0,0,65535_65535,0,5,3069,923,1,1,1,24,923,15,1,1,allocated
1,503,normal,0,0,65535_65535,0,1,3069,923,0,1,0,24,0,15,1,1,pre_allocation
1,503,normal,0,0,65535_65535,0,1,3069,962,1,1,1,25,962,15,1,1,allocated
1,503,normal,0,0,65535_65535,0,2,3069,923,0,1,0,24,0,15,1,1,pre_allocation
1,503,normal,0,0,65535_65535,0,2,3069,962,1,1,1,25,962,15,1,1,allocated
1,503,normal,0,0,65535_65535,0,3,3069,923,0,1,0,24,0,15,1,1,pre_allocation
1,503,normal,0,0,65535_65535,0,3,3069,962,1,1,1,25,962,15,1,1,allocated
1,503,normal,0,0,65535_65535,0,4,3069,923,0,1,0,24,0,15,1,1,pre_allocation
1,503,normal,0,0,65535_65535,0,4,3069,962,1,1,1,25,962,15,1,1,allocated
1,503,normal,0,0,65535_65535,0,5,3069,923,0,1,0,24,0,15,1,1,pre_allocation
1,503,normal,0,0,65535_65535,0,5,3069,962,1,1,1,25,962,15,1,1,allocated
1,503,normal,0,0,65535_65535,0,1,3069,962,0,1,0,25,0,15,1,1,pre_allocation
1,503,normal,0,0,65535_65535,0,1,3069,1000,1,1,1,26,1000,15,1,1,allocated
1,503,normal,0,0,65535_65535,0,2,3069,962,0,1,0,25,0,15,1,1,pre_allocation
1,503,normal,0,0,65535_65535,0,2,3069,1000,1,1,1,26,1000,15,1,1,allocated
1,503,normal,0,0,65535_65535,0,3,3069,962,0,1,0,25,0,15,1,1,pre_allocation
1,503,normal,0,0,65535_65535,0,3,3069,1000,1,1,1,26,1000,15,1,1,allocated
1,503,normal,0,0,65535_65535,0,4,3069,962,0,1,0,25,0,15,1,1,pre_allocation
1,503,normal,0,0,65535_65535,0,4,3069,1000,1,1,1,26,1000,15,1,1,allocated
1,503,normal,0,0,65535_65535,0,5,3069,962,0,1,0,25,0,15,1,1,pre_allocation
1,503,normal,0,0,65535_65535,0,5,3069,1000,1,1,1,26,1000,15,1,1,allocated
1,503,normal,0,0,65535_65535,0,1,3069,1000,0,1,0,26,0,15,1,1,pre_allocation
1,503,normal,0,0,65535_65535,0,1,3069,1039,1,1,1,27,1039,15,1,1,allocated
1,503,normal,0,0,65535_65535,0,2,3069,1000,0,1,0,26,0,15,1,1,pre_allocation
1,503,normal,0,0,65535_65535,0,2,3069,1039,1,1,1,27,1039,15,1,1,allocated
1,503,normal,0,0,65535_65535,0,3,3069,1000,0,1,0,26,0,15,1,1,pre_allocation
1,503,normal,0,0,65535_65535,0,3,3069,1039,1,1,1,27,1039,15,1,1,allocated
1,503,normal,0,0,65535_65535,0,4,3069,1000,0,1,0,26,0,15,1,1,pre_allocation
1,503,normal,0,0,65535_65535,0,4,3069,1039,1,1,1,27,1039,15,1,1,allocated
1,503,normal,0,0,65535_65535,0,5,3069,1000,0,1,0,26,0,15,1,1,pre_allocation
1,503,normal,0,0,65535_65535,0,5,3069,1039,1,1,1,27,1039,15,1,1,allocated
1,503,normal,0,0,65535_65535,0,1,3069,1039,0,1,0,27,0,15,1,1,pre_allocation
1,503,normal,0,0,65535_65535,0,1,3069,1078,1,1,1,28,1078,15,1,1,allocated
1,503,normal,0,0,65535_65535,0,2,3069,1039,0,1,0,27,0,15,1,1,pre_allocation
1,503,normal,0,0,65535_65535,0,2,3069,1078,1,1,1,28,1078,15,1,1,allocated
1,503,normal,0,0,65535_65535,0,3,3069,1039,0,1,0,27,0,15,1,1,pre_allocation
1,503,normal,0,0,65535_65535,0,3,3069,1078,1,1,1,28,1078,15,1,1,allocated
1,503,normal,0,0,65535_65535,0,4,3069,1039,0,1,0,27,0,15,1,1,pre_allocation
1,503,normal,0,0,65535_65535,0,4,3069,1078,1,1,1,28,1078,15,1,1,allocated
1,503,normal,0,0,65535_65535,0,5,3069,1039,0,1,0,27,0,15,1,1,pre_allocation
1,503,normal,0,0,65535_65535,0,5,3069,1078,1,1,1,28,1078,15,1,1,allocated
1,503,normal,0,0,65535_65535,0,1,3069,1078,0,1,0,28,0,15,1,1,pre_allocation
1,503,normal,0,0,65535_65535,0,1,3069,1116,1,1,1,29,1116,15,1,1,allocated
1,503,normal,0,0,65535_65535,0,2,3069,1078,0,1,0,28,0,15,1,1,pre_allocation
1,503,normal,0,0,65535_65535,0,2,3069,1116,1,1,1,29,1116,15,1,1,allocated
1,503,normal,0,0,65535_65535,0,3,3069,1078,0,1,0,28,0,15,1,1,pre_allocation
1,503,normal,0,0,65535_65535,0,3,3069,1116,1,1,1,29,1116,15,1,1,allocated
1,503,normal,0,0,65535_65535,0,4,3069,1078,0,1,0,28,0,15,1,1,pre_allocation
1,503,normal,0,0,65535_65535,0,4,3069,1116,1,1,1,29,1116,15,1,1,allocated
1,503,normal,0,0,65535_65535,0,5,3069,1078,0,1,0,28,0,15,1,1,pre_allocation
1,503,normal,0,0,65535_65535,0,5,3069,1116,1,1,1,29,1116,15,1,1,allocated
1,503,normal,0,0,65535_65535,0,1,3069,1116,0,1,0,29,0,15,1,1,pre_allocation
1,503,normal,0,0,65535_65535,0,1,3069,1155,1,1,1,30,1155,15,1,1,allocated
1,503,normal,0,0,65535_65535,0,2,3069,1116,0,1,0,29,0,15,1,1,pre_allocation
1,503,normal,0,0,65535_65535,0,2,3069,1155,1,1,1,30,1155,15,1,1,allocated
1,503,normal,0,0,65535_65535,0,3,3069,1116,0,1,0,29,0,15,1,1,pre_allocation
1,503,normal,0,0,65535_65535,0,3,3069,1155,1,1,1,30,1155,15,1,1,allocated
1,503,normal,0,0,65535_65535,0,4,3069,1116,0,1,0,29,0,15,1,1,pre_allocation
1,503,normal,0,0,65535_65535,0,4,3069,1155,1,1,1,30,1155,15,1,1,allocated
1,503,normal,0,0,65535_65535,0,5,3069,1116,0,1,0,29,0,15,1,1,pre_allocation
1,503,normal,0,0,65535_65535,0,5,3069,1155,1,1,1,30,1155,15,1,1,allocated
1,503,normal,0,0,65535_65535,0,1,3069,1155,0,1,0,30,0,15,1,1,pre_allocation
1,503,normal,0,0,65535_65535,0,1,3069,1193,1,1,1,31,1193,15,1,1,allocated
1,503,normal,0,0,65535_65535,0,2,3069,1155,0,1,0,30,0,15,1,1,pre_allocation
1,503,normal,0,0,65535_65535,0,2,3069,1193,1,1,1,31,1193,15,1,1,allocated
1,503,normal,0,0,65535_65535,0,3,3069,1155,0,1,0,30,0,15,1,1,pre_allocation
1,503,normal,0,0,65535_65535,0,3,3069,1193,1,1,1,31,1193,15,1,1,allocated
1,503,normal,0,0,65535_65535,0,4,3069,1155,0,1,0,30,0,15,1,1,pre_allocation
1,503,normal,0,0,65535_65535,0,4,3069,1193,1,1,1,31,1193,15,1,1,allocated
1,503,normal,0,0,65535_65535,0,5,3069,1155,0,1,0,30,0,15,1,1,pre_allocation
1,503,normal,0,0,65535_65535,0,5,3069,1193,1,1,1,31,1193,15,1,1,allocated
1,503,normal,0,0,65535_65535,0,1,3069,1193,0,1,0,31,0,15,1,1,pre_allocation
1,503,normal,0,0,65535_65535,0,1,3069,1232,1,1,1,32,1232,15,1,1,allocated
1,503,normal,0,0,65535_65535,0,2,3069,1193,0,1,0,31,0,15,1,1,pre_allocation
1,503,normal,0,0,65535_65535,0,2,3069,1232,1,1,1,32,1232,15,1,1,allocated
1,503,normal,0,0,65535_65535,0,3,3069,1193,0,1,0,31,0,15,1,1,pre_allocation
1,503,normal,0,0,65535_65535,0,3,3069,1232,1,1,1,32,1232,15,1,1,allocated
1,503,normal,0,0,65535_65535,0,4,3069,1193,0,1,0,31,0,15,1,1,pre_allocation
1,503,normal,0,0,65535_65535,0,4,3069,1232,1,1,1,32,1232,15,1,1,allocated
1,503,normal,0,0,65535_65535,0,5,3069,1193,0,1,0,31,0,15,1,1,pre_allocation
1,503,normal,0,0,65535_65535,0,5,3069,1232,1,1,1,32,1232,15,1,1,allocated
1,503,normal,0,0,65535_65535,0,1,3069,1232,0,1,0,32,0,15,1,1,pre_allocation
1,503,normal,0,0,65535_65535,0,1,3069,1271,1,1,1,33,1271,15,1,1,allocated
1,503,normal,0,0,65535_65535,0,2,3069,1232,0,1,0,32,0,15,1,1,pre_allocation
1,503,normal,0,0,65535_65535,0,2,3069,1271,1,1,1,33,1271,15,1,1,allocated
1,503,normal,0,0,65535_65535,0,3,3069,1232,0,1,0,32,0,15,1,1,pre_allocation
1,503,normal,0,0,65535_65535,0,3,3069,1271,1,1,1,33,1271,15,1,1,allocated
1,503,normal,0,0,65535_65535,0,4,3069,1232,0,1,0,32,0,15,1,1,pre_allocation
1,503,normal,0,0,65535_65535,0,4,3069,1271,1,1,1,33,1271,15,1,1,allocated
1,503,normal,0,0,65535_65535,0,5,3069,1232,0,1,0,32,0,15,1,1,pre_allocation
1,503,normal,0,0,65535_65535,0,5,3069,1271,1,1,1,33,1271,15,1,1,allocated
1,503,normal,0,0,65535_65535,0,1,3069,1271,0,1,0,33,0,15,1,1,pre_allocation
1,503,normal,0,0,65535_65535,0,1,3069,1309,1,1,1,34,1309,15,1,1,allocated
1,503,normal,0,0,65535_65535,0,2,3069,1271,0,1,0,33,0,15,1,1,pre_allocation
1,503,normal,0,0,65535_65535,0,2,3069,1309,1,1,1,34,1309,15,1,1,allocated
1,503,normal,0,0,65535_65535,0,3,3069,1271,0,1,0,33,0,15,1,1,pre_allocation
1,503,normal,0,0,65535_65535,0,3,3069,1309,1,1,1,34,1309,15,1,1,allocated
1,503,normal,0,0,65535_65535,0,4,3069,1271,0,1,0,33,0,15,1,1,pre_allocation
1,503,normal,0,0,65535_65535,0,4,3069,1309,1,1,1,34,1309,15,1,1,allocated
1,503,normal,0,0,65535_65535,0,5,3069,1271,0,1,0,33,0,15,1,1,pre_allocation
1,503,normal,0,0,65535_65535,0,5,3069,1309,1,1,1,34,1309,15,1,1,allocated
1,503,normal,0,0,65535_65535,0,1,3069,1309,0,1,0,34,0,15,1,1,pre_allocation
1,503,normal,0,0,65535_65535,0,1,3069,1348,1,1,1,35,1348,15,1,1,allocated
1,503,normal,0,0,65535_65535,0,2,3069,1309,0,1,0,34,0,15,1,1,pre_allocation
1,503,normal,0,0,65535_65535,0,2,3069,1348,1,1,1,35,1348,15,1,1,allocated
1,503,normal,0,0,65535_65535,0,3,3069,1309,0,1,0,34,0,15,1,1,pre_allocation
1,503,normal,0,0,65535_65535,0,3,3069,1348,1,1,1,35,1348,15,1,1,allocated
1,503,normal,0,0,65535_65535,0,4,3069,1309,0,1,0,34,0,15,1,1,pre_allocation
1,503,normal,0,0,65535_65535,0,4,3069,1348,1,1,1,35,1348,15,1,1,allocated
1,503,normal,0,0,65535_65535,0,5,3069,1309,0,1,0,34,0,15,1,1,pre_allocation
1,503,normal,0,0,65535_65535,0,5,3069,1348,1,1,1,35,1348,15,1,1,allocated
1,503,normal,0,0,65535_65535,0,1,3069,1348,0,1,0,35,0,15,1,1,pre_allocation
1,503,normal,0,0,65535_65535,0,1,3069,1386,1,1,1,36,1386,15,1,1,allocated
1,503,normal,0,0,65535_65535,0,2,3069,1348,0,1,0,35,0,15,1,1,pre_allocation
1,503,normal,0,0,65535_65535,0,2,3069,1386,1,1,1,36,1386,15,1,1,allocated
1,503,normal,0,0,65535_65535,0,3,3069,1348,0,1,0,35,0,15,1,1,pre_allocation
1,503,normal,0,0,65535_65535,0,3,3069,1386,1,1,1,36,1386,15,1,1,allocated
1,503,normal,0,0,65535_65535,0,4,3069,1348,0,1,0,35,0,15,1,1,pre_allocation
1,503,normal,0,0,65535_65535,0,4,3069,1386,1,1,1,36,1386,15,1,1,allocated
1,503,normal,0,0,65535_65535,0,5,3069,1348,0,1,0,35,0,15,1,1,pre_allocation
1,503,normal,0,0,65535_65535,0,5,3069,1386,1,1,1,36,1386,15,1,1,allocated
1,503,normal,0,0,65535_65535,0,1,3069,1386,0,1,0,36,0,15,1,1,pre_allocation
1,503,normal,0,0,65535_65535,0,1,3069,1425,1,1,1,37,1425,15,1,1,allocated
1,503,normal,0,0,65535_65535,0,2,3069,1386,0,1,0,36,0,15,1,1,pre_allocation
1,503,normal,0,0,65535_65535,0,2,3069,1425,1,1,1,37,1425,15,1,1,allocated
1,503,normal,0,0,65535_65535,0,3,3069,1386,0,1,0,36,0,15,1,1,pre_allocation
1,503,normal,0,0,65535_65535,0,3,3069,1425,1,1,1,37,1425,15,1,1,allocated
1,503,normal,0,0,65535_65535,0,4,3069,1386,0,1,0,36,0,15,1,1,pre_allocation
1,503,normal,0,0,65535_65535,0,4,3069,1425,1,1,1,37,1425,15,1,1,allocated
1,503,normal,0,0,65535_65535,0,5,3069,1386,0,1,0,36,0,15,1,1,pre_allocation
1,503,normal,0,0,65535_65535,0,5,3069,1425,1,1,1,37,1425,15,1,1,allocated
1,503,normal,0,0,65535_65535,0,1,3069,1425,0,1,0,37,0,15,1,1,pre_allocation
1,503,normal,0,0,65535_65535,0,1,3069,1464,1,1,1,38,1464,15,1,1,allocated
1,503,normal,0,0,65535_65535,0,2,3069,1425,0,1,0,37,0,15,1,1,pre_allocation
1,503,normal,0,0,65535_65535,0,2,3069,1464,1,1,1,38,1464,15,1,1,allocated
1,503,normal,0,0,65535_65535,0,3,3069,1425,0,1,0,37,0,15,1,1,pre_allocation
1,503,normal,0,0,65535_65535,0,3,3069,1464,1,1,1,38,1464,15,1,1,allocated
1,503,normal,0,0,65535_65535,0,4,3069,1425,0,1,0,37,0,15,1,1,pre_allocation
1,503,normal,0,0,65535_65535,0,4,3069,1464,1,1,1,38,1464,15,1,1,allocated
1,503,normal,0,0,65535_65535,0,5,3069,1425,0,1,0,37,0,15,1,1,pre_allocation
1,503,normal,0,0,65535_65535,0,5,3069,1464,1,1,1,38,1464,15,1,1,allocated
1,503,normal,0,0,65535_65535,0,1,3069,1464,0,1,0,38,0,15,1,1,pre_allocation
1,503,normal,0,0,65535_65535,0,1,3069,1502,1,1,1,39,1502,15,1,1,allocated
1,503,normal,0,0,65535_65535,0,2,3069,1464,0,1,0,38,0,15,1,1,pre_allocation
1,503,normal,0,0,65535_65535,0,2,3069,1502,1,1,1,39,1502,15,1,1,allocated
1,503,normal,0,0,65535_65535,0,3,3069,1464,0,1,0,38,0,15,1,1,pre_allocation
1,503,normal,0,0,65535_65535,0,3,3069,1502,1,1,1,39,1502,15,1,1,allocated
1,503,normal,0,0,65535_65535,0,4,3069,1464,0,1,0,38,0,15,1,1,pre_allocation
1,503,normal,0,0,65535_65535,0,4,3069,1502,1,1,1,39,1502,15,1,1,allocated
1,503,normal,0,0,65535_65535,0,5,3069,1464,0,1,0,38,0,15,1,1,pre_allocation
1,503,normal,0,0,65535_65535,0,5,3069,1502,1,1,1,39,1502,15,1,1,allocated
1,503,normal,0,0,65535_65535,0,1,3069,1502,0,1,0,39,0,15,1,1,pre_allocation
1,503,normal,0,0,65535_65535,0,1,3069,1538,1,1,1,40,1538,15,1,1,allocated
1,503,normal,0,0,65535_65535,0,2,3069,1502,0,1,0,39,0,15,1,1,pre_allocation
1,503,normal,0,0,65535_65535,0,2,3069,1538,1,1,1,40,1538,15,1,1,allocated
1,503,normal,0,0,65535_65535,0,3,3069,1502,0,1,0,39,0,15,1,1,pre_allocation
1,503,normal,0,0,65535_65535,0,3,3069,1538,1,1,1,40,1538,15,1,1,allocated
1,503,normal,0,0,65535_65535,0,4,3069,1502,0,1,0,39,0,15,1,1,pre_allocation
1,503,normal,0,0,65535_65535,0,4,3069,1538,1,1,1,40,1538,15,1,1,allocated
1,503,normal,0,0,65535_65535,0,5,3069,1502,0,1,0,39,0,15,1,1,pre_allocation
1,503,normal,0,0,65535_65535,0,5,3069,1538,1,1,1,40,1538,15,1,1,allocated
1,503,normal,0,0,65535_65535,0,1,3069,1538,0,1,0,40,0,15,1,1,pre_allocation
1,503,normal,0,0,65535_65535,0,1,3069,1577,1,1,1,41,1577,15,1,1,allocated
1,503,normal,0,0,65535_65535,0,2,3069,1538,0,1,0,40,0,15,1,1,pre_allocation
1,503,normal,0,0,65535_65535,0,2,3069,1577,1,1,1,41,1577,15,1,1,allocated
1,503,normal,0,0,65535_65535,0,3,3069,1538,0,1,0,40,0,15,1,1,pre_allocation
1,503,normal,0,0,65535_65535,0,3,3069,1577,1,1,1,41,1577,15,1,1,allocated
1,503,normal,0,0,65535_65535,0,4,3069,1538,0,1,0,40,0,15,1,1,pre_allocation
1,503,normal,0,0,65535_65535,0,4,3069,1577,1,1,1,41,1577,15,1,1,allocated
1,503,normal,0,0,65535_65535,0,5,3069,1538,0,1,0,40,0,15,1,1,pre_allocation
1,503,normal,0,0,65535_65535,0,5,3069,1577,1,1,1,41,1577,15,1,1,allocated
1,503,normal,0,0,65535_65535,0,1,3069,1577,0,1,0,41,0,15,1,1,pre_allocation
1,503,normal,0,0,65535_65535,0,1,3069,1615,1,1,1,42,1615,15,1,1,allocated
1,503,normal,0,0,65535_65535,0,2,3069,1577,0,1,0,41,0,15,1,1,pre_allocation
1,503,normal,0,0,65535_65535,0,2,3069,1615,1,1,1,42,1615,15,1,1,allocated
1,503,normal,0,0,65535_65535,0,3,3069,1577,0,1,0,41,0,15,1,1,pre_allocation
1,503,normal,0,0,65535_65535,0,3,3069,1615,1,1,1,42,1615,15,1,1,allocated
1,503,normal,0,0,65535_65535,0,4,3069,1577,0,1,0,41,0,15,1,1,pre_allocation
1,503,normal,0,0,65535_65535,0,4,3069,1615,1,1,1,42,1615,15,1,1,allocated
1,503,normal,0,0,65535_65535,0,5,3069,1577,0,1,0,41,0,15,1,1,pre_allocation
1,503,normal,0,0,65535_65535,0,5,3069,1615,1,1,1,42,1615,15,1,1,allocated
1,503,normal,0,0,65535_65535,0,1,3069,1615,0,1,0,42,0,15,1,1,pre_allocation
1,503,normal,0,0,65535_65535,0,1,3069,1654,1,1,1,43,1654,15,1,1,allocated
1,503,normal,0,0,65535_65535,0,2,3069,1615,0,1,0,42,0,15,1,1,pre_allocation
1,503,normal,0,0,65535_65535,0,2,3069,1654,1,1,1,43,1654,15,1,1,allocated
1,503,normal,0,0,65535_65535,0,3,3069,1615,0,1,0,42,0,15,1,1,pre_allocation
1,503,normal,0,0,65535_65535,0,3,3069,1654,1,1,1,43,1654,15,1,1,allocated
1,503,normal,0,0,65535_65535,0,4,3069,1615,0,1,0,42,0,15,1,1,pre_allocation
1,503,normal,0,0,65535_65535,0,4,3069,1654,1,1,1,43,1654,15,1,1,allocated
1,503,normal,0,0,65535_65535,0,5,3069,1615,0,1,0,42,0,15,1,1,pre_allocation
1,503,normal,0,0,65535_65535,0,5,3069,1654,1,1,1,43,1654,15,1,1,allocated
1,503,normal,0,0,65535_65535,0,1,3069,1654,0,1,0,43,0,15,1,1,pre_allocation
1,503,normal,0,0,65535_65535,0,1,3069,1692,1,1,1,44,1692,15,1,1,allocated
1,503,normal,0,0,65535_65535,0,2,3069,1654,0,1,0,43,0,15,1,1,pre_allocation
1,503,normal,0,0,65535_65535,0,2,3069,1692,1,1,1,44,1692,15,1,1,allocated
1,503,normal,0,0,65535_65535,0,3,3069,1654,0,1,0,43,0,15,1,1,pre_allocation
1,503,normal,0,0,65535_65535,0,3,3069,1692,1,1,1,44,1692,15,1,1,allocated
1,503,normal,0,0,65535_65535,0,4,3069,1654,0,1,0,43,0,15,1,1,pre_allocation
1,503,normal,0,0,65535_65535,0,4,3069,1692,1,1,1,44,1692,15,1,1,allocated
1,503,normal,0,0,65535_65535,0,5,3069,1654,0,1,0,43,0,15,1,1,pre_allocation
1,503,normal,0,0,65535_65535,0,5,3069,1692,1,1,1,44,1692,15,1,1,allocated
1,503,normal,0,0,65535_65535,0,1,3069,1692,0,1,0,44,0,15,1,1,pre_allocation
1,503,normal,0,0,65535_65535,0,1,3069,1731,1,1,1,45,1731,15,1,1,allocated
1,503,normal,0,0,65535_65535,0,2,3069,1692,0,1,0,44,0,15,1,1,pre_allocation
1,503,normal,0,0,65535_65535,0,2,3069,1731,1,1,1,45,1731,15,1,1,allocated
1,503,normal,0,0,65535_65535,0,3,3069,1692,0,1,0,44,0,15,1,1,pre_allocation
1,503,normal,0,0,65535_65535,0,3,3069,1731,1,1,1,45,1731,15,1,1,allocated
1,503,normal,0,0,65535_65535,0,4,3069,1692,0,1,0,44,0,15,1,1,pre_allocation
1,503,normal,0,0,65535_65535,0,4,3069,1731,1,1,1,45,1731,15,1,1,allocated
1,503,normal,0,0,65535_65535,0,5,3069,1692,0,1,0,44,0,15,1,1,pre_allocation
1,503,normal,0,0,65535_65535,0,5,3069,1731,1,1,1,45,1731,15,1,1,allocated
1,503,normal,0,0,65535_65535,0,1,3069,1731,0,1,0,45,0,15,1,1,pre_allocation
1,503,normal,0,0,65535_65535,0,1,3069,1770,1,1,1,46,1770,15,1,1,allocated
1,503,normal,0,0,65535_65535,0,2,3069,1731,0,1,0,45,0,15,1,1,pre_allocation
1,503,normal,0,0,65535_65535,0,2,3069,1770,1,1,1,46,1770,15,1,1,allocated
1,503,normal,0,0,65535_65535,0,3,3069,1731,0,1,0,45,0,15,1,1,pre_allocation
1,503,normal,0,0,65535_65535,0,3,3069,1770,1,1,1,46,1770,15,1,1,allocated
1,503,normal,0,0,65535_65535,0,4,3069,1731,0,1,0,45,0,15,1,1,pre_allocation
1,503,normal,0,0,65535_65535,0,4,3069,1770,1,1,1,46,1770,15,1,1,allocated
1,503,normal,0,0,65535_65535,0,5,3069,1731,0,1,0,45,0,15,1,1,pre_allocation
1,503,normal,0,0,65535_65535,0,5,3069,1770,1,1,1,46,1770,15,1,1,allocated
1,503,normal,0,0,65535_65535,0,1,3069,1770,0,1,0,46,0,15,1,1,pre_allocation
1,503,normal,0,0,65535_65535,0,1,3069,1808,1,1,1,47,1808,15,1,1,allocated
1,503,normal,0,0,65535_65535,0,2,3069,1770,0,1,0,46,0,15,1,1,pre_allocation
1,503,normal,0,0,65535_65535,0,2,3069,1808,1,1,1,47,1808,15,1,1,allocated
1,503,normal,0,0,65535_65535,0,3,3069,1770,0,1,0,46,0,15,1,1,pre_allocation
1,503,normal,0,0,65535_65535,0,3,3069,1808,1,1,1,47,1808,15,1,1,allocated
1,503,normal,0,0,65535_65535,0,4,3069,1770,0,1,0,46,0,15,1,1,pre_allocation
1,503,normal,0,0,65535_65535,0,4,3069,1808,1,1,1,47,1808,15,1,1,allocated
1,503,normal,0,0,65535_65535,0,5,3069,1770,0,1,0,46,0,15,1,1,pre_allocation
1,503,normal,0,0,65535_65535,0,5,3069,1808,1,1,1,47,1808,15,1,1,allocated
1,503,normal,0,0,65535_65535,0,1,3069,1808,0,1,0,47,0,15,1,1,pre_allocation
1,503,normal,0,0,65535_65535,0,1,3069,1847,1,1,1,48,1847,15,1,1,allocated
1,503,normal,0,0,65535_65535,0,2,3069,1808,0,1,0,47,0,15,1,1,pre_allocation
1,503,normal,0,0,65535_65535,0,2,3069,1847,1,1,1,48,1847,15,1,1,allocated
1,503,normal,0,0,65535_65535,0,3,3069,1808,0,1,0,47,0,15,1,1,pre_allocation
1,503,normal,0,0,65535_65535,0,3,3069,1847,1,1,1,48,1847,15,1,1,allocated
1,503,normal,0,0,65535_65535,0,4,3069,1808,0,1,0,47,0,15,1,1,pre_allocation
1,503,normal,0,0,65535_65535,0,4,3069,1847,1,1,1,48,1847,15,1,1,allocated
1,503,normal,0,0,65535_65535,0,5,3069,1808,0,1,0,47,0,15,1,1,pre_allocation
1,503,normal,0,0,65535_65535,0,5,3069,1847,1,1,1,48,1847,15,1,1,allocated
1,503,normal,0,0,65535_65535,0,1,3069,1847,0,1,0,48,0,15,1,1,pre_allocation
1,503,normal,0,0,65535_65535,0,1,3069,1885,1,1,1,49,1885,15,1,1,allocated
1,503,normal,0,0,65535_65535,0,2,3069,1847,0,1,0,48,0,15,1,1,pre_allocation
1,503,normal,0,0,65535_65535,0,2,3069,1885,1,1,1,49,1885,15,1,1,allocated
1,503,normal,0,0,65535_65535,0,3,3069,1847,0,1,0,48,0,15,1,1,pre_allocation
1,503,normal,0,0,65535_65535,0,3,3069,1885,1,1,1,49,1885,15,1,1,allocated
1,503,normal,0,0,65535_65535,0,4,3069,1847,0,1,0,48,0,15,1,1,pre_allocation
1,503,normal,0,0,65535_65535,0,4,3069,1885,1,1,1,49,1885,15,1,1,allocated
1,503,normal,0,0,65535_65535,0,5,3069,1847,0,1,0,48,0,15,1,1,pre_allocation
1,503,normal,0,0,65535_65535,0,5,3069,1885,1,1,1,49,1885,15,1,1,allocated
1,503,normal,0,0,65535_65535,0,1,3069,1885,0,1,0,49,0,15,1,1,pre_allocation
1,503,normal,0,0,65535_65535,0,1,3069,1924,1,1,1,50,1924,15,1,1,allocated
1,503,normal,0,0,65535_65535,0,2,3069,1885,0,1,0,49,0,15,1,1,pre_allocation
1,503,normal,0,0,65535_65535,0,2,3069,1924,1,1,1,50,1924,15,1,1,allocated
1,503,normal,0,0,65535_65535,0,3,3069,1885,0,1,0,49,0,15,1,1,pre_allocation
1,503,normal,0,0,65535_65535,0,3,3069,1924,1,1,1,50,1924,15,1,1,allocated
1,503,normal,0,0,65535_65535,0,4,3069,1885,0,1,0,49,0,15,1,1,pre_allocation
1,503,normal,0,0,65535_65535,0,4,3069,1924,1,1,1,50,1924,15,1,1,allocated
1,503,normal,0,0,65535_65535,0,5,3069,1885,0,1,0,49,0,15,1,1,pre_allocation
1,503,normal,0,0,65535_65535,0,5,3069,1924,1,1,1,50,1924,15,1,1,allocated
1,503,normal,0,0,65535_65535,0,1,3069,1924,0,1,0,50,0,15,1,1,pre_allocation
1,503,normal,0,0,65535_65535,0,1,3069,1963,1,1,1,51,1963,15,1,1,allocated
1,503,normal,0,0,65535_65535,0,2,3069,1924,0,1,0,50,0,15,1,1,pre_allocation
1,503,normal,0,0,65535_65535,0,2,3069,1963,1,1,1,51,1963,15,1,1,allocated
1,503,normal,0,0,65535_65535,0,3,3069,1924,0,1,0,50,0,15,1,1,pre_allocation
1,503,normal,0,0,65535_65535,0,3,3069,1963,1,1,1,51,1963,15,1,1,allocated
1,503,normal,0,0,65535_65535,0,4,3069,1924,0,1,0,50,0,15,1,1,pre_allocation
1,503,normal,0,0,65535_65535,0,4,3069,1963,1,1,1,51,1963,15,1,1,allocated
1,503,normal,0,0,65535_65535,0,5,3069,1924,0,1,0,50,0,15,1,1,pre_allocation
1,503,normal,0,0,65535_65535,0,5,3069,1963,1,1,1,51,1963,15,1,1,allocated
1,503,normal,0,0,65535_65535,0,1,3069,1963,0,1,0,51,0,15,1,1,pre_allocation
1,503,normal,0,0,65535_65535,0,1,3069,2001,1,1,1,52,2001,15,1,1,allocated
1,503,normal,0,0,65535_65535,0,2,3069,1963,0,1,0,51,0,15,1,1,pre_allocation
1,503,normal,0,0,65535_65535,0,2,3069,2001,1,1,1,52,2001,15,1,1,allocated
1,503,normal,0,0,65535_65535,0,3,3069,1963,0,1,0,51,0,15,1,1,pre_allocation
1,503,normal,0,0,65535_65535,0,3,3069,2001,1,1,1,52,2001,15,1,1,allocated
1,503,normal,0,0,65535_65535,0,4,3069,1963,0,1,0,51,0,15,1,1,pre_allocation
1,503,normal,0,0,65535_65535,0,4,3069,2001,1,1,1,52,2001,15,1,1,allocated
1,503,normal,0,0,65535_65535,0,5,3069,1963,0,1,0,51,0,15,1,1,pre_allocation
1,503,normal,0,0,65535_65535,0,5,3069,2001,1,1,1,52,2001,15,1,1,allocated
1,503,normal,0,0,65535_65535,0,1,3069,2001,0,1,0,52,0,15,1,1,pre_allocation
1,503,normal,0,0,65535_65535,0,1,3069,2040,1,1,1,53,2040,15,1,1,allocated
1,503,normal,0,0,65535_65535,0,2,3069,2001,0,1,0,52,0,15,1,1,pre_allocation
1,503,normal,0,0,65535_65535,0,2,3069,2040,1,1,1,53,2040,15,1,1,allocated
1,503,normal,0,0,65535_65535,0,3,3069,2001,0,1,0,52,0,15,1,1,pre_allocation
1,503,normal,0,0,65535_65535,0,3,3069,2040,1,1,1,53,2040,15,1,1,allocated
1,503,normal,0,0,65535_65535,0,4,3069,2001,0,1,0,52,0,15,1,1,pre_allocation
1,503,normal,0,0,65535_65535,0,4,3069,2040,1,1,1,53,2040,15,1,1,allocated
1,503,normal,0,0,65535_65535,0,5,3069,2001,0,1,0,52,0,15,1,1,pre_allocation
1,503,normal,0,0,65535_65535,0,5,3069,2040,1,1,1,53,2040,15,1,1,allocated
1,503,normal,0,0,65535_65535,0,1,3069,2040,0,1,0,53,0,15,1,1,pre_allocation
1,503,normal,0,0,65535_65535,0,1,3069,2078,1,1,1,54,2078,15,1,1,allocated
58,601,normal,0,0,65535_65535,0,2,163436,0,0,1,0,0,0,6,1,1,pre_allocation
58,601,normal,0,0,65535_65535,0,2,163436,1,1,1,1,1,1,6,1,1,allocated
58,601,normal,0,0,65535_65535,0,5,167217,0,0,1,0,0,0,15,1,1,pre_allocation
58,601,normal,0,0,65535_65535,0,5,167217,2,1,1,1,1,2,15,1,1,allocated
58,601,normal,0,0,65535_65535,0,3,154689,0,0,1,0,0,0,10,1,1,pre_allocation
58,601,normal,0,0,65535_65535,0,3,154689,0,1,1,1,1,0,10,1,1,allocated
58,601,normal,0,0,65535_65535,0,4,157842,0,0,1,0,0,0,15,1,1,pre_allocation
58,601,normal,0,0,65535_65535,0,4,157842,2,1,1,1,1,2,15,1,1,allocated
58,601,normal,0,0,65535_65535,0,2,163436,1,0,1,0,1,0,6,1,1,pre_allocation
58,601,normal,0,0,65535_65535,0,2,163436,0,1,1,1,2,0,6,1,1,allocated
58,601,normal,0,0,65535_65535,0,5,167217,2,0,1,0,1,0,15,1,1,pre_allocation
58,601,normal,0,0,65535_65535,0,5,167217,8,1,1,1,2,8,15,1,1,allocated
58,601,normal,0,0,65535_65535,0,3,154689,0,0,1,0,1,0,10,1,1,pre_allocation
58,601,normal,0,0,65535_65535,0,3,154689,3,1,1,1,2,3,10,1,1,allocated
58,601,normal,0,0,65535_65535,0,4,157842,2,0,1,0,1,0,15,1,1,pre_allocation
58,601,normal,0,0,65535_65535,0,4,157842,8,1,1,1,2,8,15,1,1,allocated
58,601,normal,0,0,65535_65535,0,2,163436,0,0,1,0,2,0,6,1,1,pre_allocation
58,601,normal,0,0,65535_65535,0,2,163436,1,1,1,1,3,1,6,1,1,allocated
58,601,normal,0,0,65535_65535,0,5,167217,8,0,1,0,2,0,15,1,1,pre_allocation
58,601,normal,0,0,65535_65535,0,5,167217,14,1,1,1,3,14,15,1,1,allocated
58,601,normal,0,0,65535_65535,0,3,154689,3,0,1,0,2,0,10,1,1,pre_allocation
58,601,normal,0,0,65535_65535,0,3,154689,6,1,1,1,3,6,10,1,1,allocated
58,601,normal,0,0,65535_65535,0,4,157842,8,0,1,0,2,0,15,1,1,pre_allocation
58,601,normal,0,0,65535_65535,0,4,157842,14,1,1,1,3,14,15,1,1,allocated
58,601,normal,0,0,65535_65535,0,2,163436,1,0,1,0,3,0,6,1,1,pre_allocation
58,601,normal,0,0,65535_65535,0,2,163436,3,1,1,1,4,3,6,1,1,allocated
58,601,normal,0,0,65535_65535,0,5,167217,14,0,1,0,3,0,15,1,1,pre_allocation
58,601,normal,0,0,65535_65535,0,5,167217,20,1,1,1,4,20,15,1,1,allocated
58,601,normal,0,0,65535_65535,0,3,154689,6,0,1,0,3,0,10,1,1,pre_allocation
58,601,normal,0,0,65535_65535,0,3,154689,10,1,1,1,4,10,10,1,1,allocated
58,601,normal,0,0,65535_65535,0,4,157842,14,0,1,0,3,0,15,1,1,pre_allocation
58,601,normal,0,0,65535_65535,0,4,157842,20,1,1,1,4,20,15,1,1,allocated
58,601,normal,0,0,65535_65535,0,2,163436,3,0,1,0,4,0,6,1,1,pre_allocation
58,601,normal,0,0,65535_65535,0,2,163436,5,1,1,1,5,5,6,1,1,allocated
58,601,normal,0,0,65535_65535,0,5,167217,20,0,1,0,4,0,15,1,1,pre_allocation
58,601,normal,0,0,65535_65535,0,5,167217,26,1,1,1,5,26,15,1,1,allocated
58,601,normal,0,0,65535_65535,0,3,154689,10,0,1,0,4,0,10,1,1,pre_allocation
58,601,normal,0,0,65535_65535,0,3,154689,13,1,1,1,5,13,10,1,1,allocated
58,601,normal,0,0,65535_65535,0,4,157842,20,0,1,0,4,0,15,1,1,pre_allocation
58,601,normal,0,0,65535_65535,0,4,157842,26,1,1,1,5,26,15,1,1,allocated
58,601,normal,0,0,65535_65535,0,2,163436,5,0,1,0,5,0,6,1,1,pre_allocation
58,601,normal,0,0,65535_65535,0,2,163436,6,1,1,1,6,6,6,1,1,allocated
58,601,normal,0,0,65535_65535,0,5,167217,26,0,1,0,5,0,15,1,1,pre_allocation
58,601,normal,0,0,65535_65535,0,5,167217,32,1,1,1,6,32,15,1,1,allocated
58,601,normal,0,0,65535_65535,0,3,154689,13,0,1,0,5,0,10,1,1,pre_allocation
58,601,normal,0,0,65535_65535,0,3,154689,16,1,1,1,6,16,10,1,1,allocated
58,601,normal,0,0,65535_65535,0,4,157842,26,0,1,0,5,0,15,1,1,pre_allocation
58,601,normal,0,0,65535_65535,0,4,157842,32,1,1,1,6,32,15,1,1,allocated
58,601,normal,0,0,65535_65535,0,2,163436,6,0,1,0,6,0,6,1,1,pre_allocation
58,601,normal,0,0,65535_65535,0,2,163436,8,1,1,1,7,8,6,1,1,allocated
58,601,normal,0,0,65535_65535,0,5,167217,32,0,1,0,6,0,15,1,1,pre_allocation
58,601,normal,0,0,65535_65535,0,5,167217,38,1,1,1,7,38,15,1,1,allocated
58,601,normal,0,0,65535_65535,0,3,154689,16,0,1,0,6,0,10,1,1,pre_allocation
58,601,normal,0,0,65535_65535,0,3,154689,20,1,1,1,7,20,10,1,1,allocated
58,601,normal,0,0,65535_65535,0,4,157842,32,0,1,0,6,0,15,1,1,pre_allocation
58,601,normal,0,0,65535_65535,0,4,157842,38,1,1,1,7,38,15,1,1,allocated
58,601,normal,0,0,65535_65535,0,2,163436,8,0,1,0,7,0,6,1,1,pre_allocation
58,601,normal,0,0,65535_65535,0,2,163436,10,1,1,1,8,10,6,1,1,allocated
58,601,normal,0,0,65535_65535,0,5,167217,38,0,1,0,7,0,15,1,1,pre_allocation
58,601,normal,0,0,65535_65535,0,5,167217,44,1,1,1,8,44,15,1,1,allocated
58,601,normal,0,0,65535_65535,0,3,154689,20,0,1,0,7,0,10,1,1,pre_allocation
58,601,normal,0,0,65535_65535,0,3,154689,23,1,1,1,8,23,10,1,1,allocated
58,601,normal,0,0,65535_65535,0,4,157842,38,0,1,0,7,0,15,1,1,pre_allocation
58,601,normal,0,0,65535_65535,0,4,157842,44,1,1,1,8,44,15,1,1,allocated
58,601,normal,0,0,65535_65535,0,2,163436,10,0,1,0,8,0,6,1,1,pre_allocation
58,601,normal,0,0,65535_65535,0,2,163436,11,1,1,1,9,11,6,1,1,allocated
58,601,normal,0,0,65535_65535,0,5,167217,44,0,1,0,8,0,15,1,1,pre_allocation
58,601,normal,0,0,65535_65535,0,5,167217,50,1,1,1,9,50,15,1,1,allocated
58,601,normal,0,0,65535_65535,0,3,154689,23,0,1,0,8,0,10,1,1,pre_allocation
58,601,normal,0,0,65535_65535,0,3,154689,26,1,1,1,9,26,10,1,1,allocated
58,601,normal,0,0,65535_65535,0,4,157842,44,0,1,0,8,0,15,1,1,pre_allocation
58,601,normal,0,0,65535_65535,0,4,157842,50,1,1,1,9,50,15,1,1,allocated
58,601,normal,0,0,65535_65535,0,2,163436,11,0,1,0,9,0,6,1,1,pre_allocation
58,601,normal,0,0,65535_65535,0,2,163436,13,1,1,1,10,13,6,1,1,allocated
58,601,normal,0,0,65535_65535,0,5,167217,50,0,1,0,9,0,15,1,1,pre_allocation
58,601,normal,0,0,65535_65535,0,5,167217,56,1,1,1,10,56,15,1,1,allocated
58,601,normal,0,0,65535_65535,0,3,154689,26,0,1,0,9,0,10,1,1,pre_allocation
58,601,normal,0,0,65535_65535,0,3,154689,30,1,1,1,10,30,10,1,1,allocated
58,601,normal,0,0,65535_65535,0,4,157842,50,0,1,0,9,0,15,1,1,pre_allocation
58,601,normal,0,0,65535_65535,0,4,157842,56,1,1,1,10,56,15,1,1,allocated
58,601,normal,0,0,65535_65535,0,2,163436,13,0,1,0,10,0,6,1,1,pre_allocation
58,601,normal,0,0,65535_65535,0,2,163436,15,1,1,1,11,15,6,1,1,allocated
58,601,normal,0,0,65535_65535,0,5,167217,56,0,1,0,10,0,15,1,1,pre_allocation
58,601,normal,0,0,65535_65535,0,5,167217,62,1,1,1,11,62,15,1,1,allocated
58,601,normal,0,0,65535_65535,0,3,154689,30,0,1,0,10,0,10,1,1,pre_allocation
58,601,normal,0,0,65535_65535,0,3,154689,33,1,1,1,11,33,10,1,1,allocated
58,601,normal,0,0,65535_65535,0,4,157842,56,0,1,0,10,0,15,1,1,pre_allocation
58,601,normal,0,0,65535_65535,0,4,157842,62,1,1,1,11,62,15,1,1,allocated
58,601,normal,0,0,65535_65535,0,2,163436,15,0,1,0,11,0,6,1,1,pre_allocation
58,601,normal,0,0,65535_65535,0,2,163436,16,1,1,1,12,16,6,1,1,allocated
58,601,normal,0,0,65535_65535,0,5,167217,62,0,1,0,11,0,15,1,1,pre_allocation
58,601,normal,0,0,65535_65535,0,5,167217,68,1,1,1,12,68,15,1,1,allocated
58,601,normal,0,0,65535_65535,0,3,154689,33,0,1,0,11,0,10,1,1,pre_allocation
58,601,normal,0,0,65535_65535,0,3,154689,36,1,1,1,12,36,10,1,1,allocated
58,601,normal,0,0,65535_65535,0,4,157842,62,0,1,0,11,0,15,1,1,pre_allocation
58,601,normal,0,0,65535_65535,0,4,157842,68,1,1,1,12,68,15,1,1,allocated
58,601,normal,0,0,65535_65535,0,2,163436,16,0,1,0,12,0,6,1,1,pre_allocation
58,601,normal,0,0,65535_65535,0,2,163436,18,1,1,1,13,18,6,1,1,allocated
58,601,normal,0,0,65535_65535,0,5,167217,68,0,1,0,12,0,15,1,1,pre_allocation
58,601,normal,0,0,65535_65535,0,5,167217,74,1,1,1,13,74,15,1,1,allocated
58,601,normal,0,0,65535_65535,0,3,154689,36,0,1,0,12,0,10,1,1,pre_allocation
58,601,normal,0,0,65535_65535,0,3,154689,39,1,1,1,13,39,10,1,1,allocated
58,601,normal,0,0,65535_65535,0,4,157842,68,0,1,0,12,0,15,1,1,pre_allocation
58,601,normal,0,0,65535_65535,0,4,157842,74,1,1,1,13,74,15,1,1,allocated
58,601,normal,0,0,65535_65535,0,2,163436,18,0,1,0,13,0,6,1,1,pre_allocation
58,601,normal,0,0,65535_65535,0,2,163436,20,1,1,1,14,20,6,1,1,allocated
58,601,normal,0,0,65535_65535,0,5,167217,74,0,1,0,13,0,15,1,1,pre_allocation
58,601,normal,0,0,65535_65535,0,5,167217,80,1,1,1,14,80,15,1,1,allocated
58,601,normal,0,0,65535_65535,0,3,154689,39,0,1,0,13,0,10,1,1,pre_allocation
58,601,normal,0,0,65535_65535,0,3,154689,43,1,1,1,14,43,10,1,1,allocated
58,601,normal,0,0,65535_65535,0,4,157842,74,0,1,0,13,0,15,1,1,pre_allocation
58,601,normal,0,0,65535_65535,0,4,157842,80,1,1,1,14,80,15,1,1,allocated
58,601,normal,0,0,65535_65535,0,2,163436,20,0,1,0,14,0,6,1,1,pre_allocation
58,601,normal,0,0,65535_65535,0,2,163436,21,1,1,1,15,21,6,1,1,allocated
58,601,normal,0,0,65535_65535,0,5,167217,80,0,1,0,14,0,15,1,1,pre_allocation
58,601,normal,0,0,65535_65535,0,5,167217,86,1,1,1,15,86,15,1,1,allocated
58,601,normal,0,0,65535_65535,0,3,154689,43,0,1,0,14,0,10,1,1,pre_allocation
58,601,normal,0,0,65535_65535,0,3,154689,46,1,1,1,15,46,10,1,1,allocated
58,601,normal,0,0,65535_65535,0,4,157842,80,0,1,0,14,0,15,1,1,pre_allocation
58,601,normal,0,0,65535_65535,0,4,157842,86,1,1,1,15,86,15,1,1,allocated
58,601,normal,0,0,65535_65535,0,2,163436,21,0,1,0,15,0,6,1,1,pre_allocation
58,601,normal,0,0,65535_65535,0,2,163436,23,1,1,1,16,23,6,1,1,allocated
58,601,normal,0,0,65535_65535,0,5,167217,86,0,1,0,15,0,15,1,1,pre_allocation
58,601,normal,0,0,65535_65535,0,5,167217,92,1,1,1,16,92,15,1,1,allocated
58,601,normal,0,0,65535_65535,0,3,154689,46,0,1,0,15,0,10,1,1,pre_allocation
58,601,normal,0,0,65535_65535,0,3,154689,49,1,1,1,16,49,10,1,1,allocated
58,601,normal,0,0,65535_65535,0,4,157842,86,0,1,0,15,0,15,1,1,pre_allocation
58,601,normal,0,0,65535_65535,0,4,157842,92,1,1,1,16,92,15,1,1,allocated
58,601,normal,0,0,65535_65535,0,2,163436,23,0,1,0,16,0,6,1,1,pre_allocation
58,601,normal,0,0,65535_65535,0,2,163436,25,1,1,1,17,25,6,1,1,allocated
58,601,normal,0,0,65535_65535,0,5,167217,92,0,1,0,16,0,15,1,1,pre_allocation
58,601,normal,0,0,65535_65535,0,5,167217,97,1,1,1,17,97,15,1,1,allocated
58,601,normal,0,0,65535_65535,0,3,154689,49,0,1,0,16,0,10,1,1,pre_allocation
58,601,normal,0,0,65535_65535,0,3,154689,53,1,1,1,17,53,10,1,1,allocated
58,601,normal,0,0,65535_65535,0,4,157842,92,0,1,0,16,0,15,1,1,pre_allocation
58,601,normal,0,0,65535_65535,0,4,157842,97,1,1,1,17,97,15,1,1,allocated
58,601,normal,0,0,65535_65535,0,2,163436,25,0,1,0,17,0,6,1,1,pre_allocation
58,601,normal,0,0,65535_65535,0,2,163436,26,1,1,1,18,26,6,1,1,allocated
58,601,normal,0,0,65535_65535,0,5,167217,97,0,1,0,17,0,15,1,1,pre_allocation
58,601,normal,0,0,65535_65535,0,5,167217,103,1,1,1,18,103,15,1,1,allocated
58,601,normal,0,0,65535_65535,0,3,154689,53,0,1,0,17,0,10,1,1,pre_allocation
58,601,normal,0,0,65535_65535,0,3,154689,56,1,1,1,18,56,10,1,1,allocated
58,601,normal,0,0,65535_65535,0,4,157842,97,0,1,0,17,0,15,1,1,pre_allocation
58,601,normal,0,0,65535_65535,0,4,157842,103,1,1,1,18,103,15,1,1,allocated
58,601,normal,0,0,65535_65535,0,2,163436,26,0,1,0,18,0,6,1,1,pre_allocation
58,601,normal,0,0,65535_65535,0,2,163436,28,1,1,1,19,28,6,1,1,allocated
58,601,normal,0,0,65535_65535,0,5,167217,103,0,1,0,18,0,15,1,1,pre_allocation
58,601,normal,0,0,65535_65535,0,5,167217,109,1,1,1,19,109,15,1,1,allocated
58,601,normal,0,0,65535_65535,0,3,154689,56,0,1,0,18,0,10,1,1,pre_allocation
58,601,normal,0,0,65535_65535,0,3,154689,59,1,1,1,19,59,10,1,1,allocated
58,601,normal,0,0,65535_65535,0,4,157842,103,0,1,0,18,0,15,1,1,pre_allocation
58,601,normal,0,0,65535_65535,0,4,157842,109,1,1,1,19,109,15,1,1,allocated
58,601,normal,0,0,65535_65535,0,2,163436,28,0,1,0,19,0,6,1,1,pre_allocation
58,601,normal,0,0,65535_65535,0,2,163436,30,1,1,1,20,30,6,1,1,allocated
58,601,normal,0,0,65535_65535,0,5,167217,109,0,1,0,19,0,15,1,1,pre_allocation
58,601,normal,0,0,65535_65535,0,5,167217,115,1,1,1,20,115,15,1,1,allocated
58,601,normal,0,0,65535_65535,0,3,154689,59,0,1,0,19,0,10,1,1,pre_allocation
58,601,normal,0,0,65535_65535,0,3,154689,63,1,1,1,20,63,10,1,1,allocated
58,601,normal,0,0,65535_65535,0,4,157842,109,0,1,0,19,0,15,1,1,pre_allocation
58,601,normal,0,0,65535_65535,0,4,157842,115,1,1,1,20,115,15,1,1,allocated
58,601,normal,0,0,65535_65535,0,2,163436,30,0,1,0,20,0,6,1,1,pre_allocation
58,601,normal,0,0,65535_65535,0,2,163436,31,1,1,1,21,31,6,1,1,allocated
58,601,normal,0,0,65535_65535,0,5,167217,115,0,1,0,20,0,15,1,1,pre_allocation
58,601,normal,0,0,65535_65535,0,5,167217,121,1,1,1,21,121,15,1,1,allocated
58,601,normal,0,0,65535_65535,0,3,154689,63,0,1,0,20,0,10,1,1,pre_allocation
58,601,normal,0,0,65535_65535,0,3,154689,66,1,1,1,21,66,10,1,1,allocated
58,601,normal,0,0,65535_65535,0,4,157842,115,0,1,0,20,0,15,1,1,pre_allocation
58,601,normal,0,0,65535_65535,0,4,157842,121,1,1,1,21,121,15,1,1,allocated
58,601,normal,0,0,65535_65535,0,2,163436,31,0,1,0,21,0,6,1,1,pre_allocation
58,601,normal,0,0,65535_65535,0,2,163436,33,1,1,1,22,33,6,1,1,allocated
58,601,normal,0,0,65535_65535,0,5,167217,121,0,1,0,21,0,15,1,1,pre_allocation
58,601,normal,0,0,65535_65535,0,5,167217,127,1,1,1,22,127,15,1,1,allocated
58,601,normal,0,0,65535_65535,0,3,154689,66,0,1,0,21,0,10,1,1,pre_allocation
58,601,normal,0,0,65535_65535,0,3,154689,69,1,1,1,22,69,10,1,1,allocated
58,601,normal,0,0,65535_65535,0,4,157842,121,0,1,0,21,0,15,1,1,pre_allocation
58,601,normal,0,0,65535_65535,0,4,157842,127,1,1,1,22,127,15,1,1,allocated
58,601,normal,0,0,65535_65535,0,2,163436,33,0,1,0,22,0,6,1,1,pre_allocation
58,601,normal,0,0,65535_65535,0,2,163436,34,1,1,1,23,34,6,1,1,allocated
58,601,normal,0,0,65535_65535,0,5,167217,127,0,1,0,22,0,15,1,1,pre_allocation
58,601,normal,0,0,65535_65535,0,5,167217,133,1,1,1,23,133,15,1,1,allocated
58,601,normal,0,0,65535_65535,0,3,154689,69,0,1,0,22,0,10,1,1,pre_allocation
58,601,normal,0,0,65535_65535,0,3,154689,72,1,1,1,23,72,10,1,1,allocated
58,601,normal,0,0,65535_65535,0,4,157842,127,0,1,0,22,0,15,1,1,pre_allocation
58,601,normal,0,0,65535_65535,0,4,157842,133,1,1,1,23,133,15,1,1,allocated
58,601,normal,0,0,65535_65535,0,2,163436,34,0,1,0,23,0,6,1,1,pre_allocation
58,601,normal,0,0,65535_65535,0,2,163436,36,1,1,1,24,36,6,1,1,allocated
58,601,normal,0,0,65535_65535,0,5,167217,133,0,1,0,23,0,15,1,1,pre_allocation
58,601,normal,0,0,65535_65535,0,5,167217,139,1,1,1,24,139,15,1,1,allocated
58,601,normal,0,0,65535_65535,0,3,154689,72,0,1,0,23,0,10,1,1,pre_allocation
58,601,normal,0,0,65535_65535,0,3,154689,76,1,1,1,24,76,10,1,1,allocated
58,601,normal,0,0,65535_65535,0,4,157842,133,0,1,0,23,0,15,1,1,pre_allocation
58,601,normal,0,0,65535_65535,0,4,157842,139,1,1,1,24,139,15,1,1,allocated
58,601,normal,0,0,65535_65535,0,2,163436,36,0,1,0,24,0,6,1,1,pre_allocation
58,601,normal,0,0,65535_65535,0,2,163436,38,1,1,1,25,38,6,1,1,allocated
58,601,normal,0,0,65535_65535,0,5,167217,139,0,1,0,24,0,15,1,1,pre_allocation
58,601,normal,0,0,65535_65535,0,5,167217,145,1,1,1,25,145,15,1,1,allocated
58,601,normal,0,0,65535_65535,0,3,154689,76,0,1,0,24,0,10,1,1,pre_allocation
58,601,normal,0,0,65535_65535,0,3,154689,79,1,1,1,25,79,10,1,1,allocated
58,601,normal,0,0,65535_65535,0,4,157842,139,0,1,0,24,0,15,1,1,pre_allocation
58,601,normal,0,0,65535_65535,0,4,157842,145,1,1,1,25,145,15,1,1,allocated
58,601,normal,0,0,65535_65535,0,2,163436,38,0,1,0,25,0,6,1,1,pre_allocation
58,601,normal,0,0,65535_65535,0,2,163436,39,1,1,1,26,39,6,1,1,allocated
58,601,normal,0,0,65535_65535,0,5,167217,145,0,1,0,25,0,15,1,1,pre_allocation
58,601,normal,0,0,65535_65535,0,5,167217,151,1,1,1,26,151,15,1,1,allocated
58,601,normal,0,0,65535_65535,0,3,154689,79,0,1,0,25,0,10,1,1,pre_allocation
58,601,normal,0,0,65535_65535,0,3,154689,82,1,1,1,26,82,10,1,1,allocated
58,601,normal,0,0,65535_65535,0,4,157842,145,0,1,0,25,0,15,1,1,pre_allocation
58,601,normal,0,0,65535_65535,0,4,157842,151,1,1,1,26,151,15,1,1,allocated
58,601,normal,0,0,65535_65535,0,2,163436,39,0,1,0,26,0,6,1,1,pre_allocation
58,601,normal,0,0,65535_65535,0,2,163436,41,1,1,1,27,41,6,1,1,allocated
58,601,normal,0,0,65535_65535,0,5,167217,151,0,1,0,26,0,15,1,1,pre_allocation
58,601,normal,0,0,65535_65535,0,5,167217,157,1,1,1,27,157,15,1,1,allocated
58,601,normal,0,0,65535_65535,0,3,154689,82,0,1,0,26,0,10,1,1,pre_allocation
58,601,normal,0,0,65535_65535,0,3,154689,86,1,1,1,27,86,10,1,1,allocated
58,601,normal,0,0,65535_65535,0,4,157842,151,0,1,0,26,0,15,1,1,pre_allocation
58,601,normal,0,0,65535_65535,0,4,157842,157,1,1,1,27,157,15,1,1,allocated
58,601,normal,0,0,65535_65535,0,2,163436,41,0,1,0,27,0,6,1,1,pre_allocation
58,601,normal,0,0,65535_65535,0,2,163436,43,1,1,1,28,43,6,1,1,allocated
58,601,normal,0,0,65535_65535,0,5,167217,157,0,1,0,27,0,15,1,1,pre_allocation
58,601,normal,0,0,65535_65535,0,5,167217,163,1,1,1,28,163,15,1,1,allocated
58,601,normal,0,0,65535_65535,0,3,154689,86,0,1,0,27,0,10,1,1,pre_allocation
58,601,normal,0,0,65535_65535,0,3,154689,89,1,1,1,28,89,10,1,1,allocated
58,601,normal,0,0,65535_65535,0,4,157842,157,0,1,0,27,0,15,1,1,pre_allocation
58,601,normal,0,0,65535_65535,0,4,157842,163,1,1,1,28,163,15,1,1,allocated
58,601,normal,0,0,65535_65535,0,2,163436,43,0,1,0,28,0,6,1,1,pre_allocation
58,601,normal,0,0,65535_65535,0,2,163436,44,1,1,1,29,44,6,1,1,allocated
58,601,normal,0,0,65535_65535,0,5,167217,163,0,1,0,28,0,15,1,1,pre_allocation
58,601,normal,0,0,65535_65535,0,5,167217,169,1,1,1,29,169,15,1,1,allocated
58,601,normal,0,0,65535_65535,0,3,154689,89,0,1,0,28,0,10,1,1,pre_allocation
58,601,normal,0,0,65535_65535,0,3,154689,92,1,1,1,29,92,10,1,1,allocated
58,601,normal,0,0,65535_65535,0,4,157842,163,0,1,0,28,0,15,1,1,pre_allocation
58,601,normal,0,0,65535_65535,0,4,157842,169,1,1,1,29,169,15,1,1,allocated
58,601,normal,0,0,65535_65535,0,2,163436,44,0,1,0,29,0,6,1,1,pre_allocation
58,601,normal,0,0,65535_65535,0,2,163436,46,1,1,1,30,46,6,1,1,allocated
58,601,normal,0,0,65535_65535,0,5,167217,169,0,1,0,29,0,15,1,1,pre_allocation
58,601,normal,0,0,65535_65535,0,5,167217,175,1,1,1,30,175,15,1,1,allocated
58,601,normal,0,0,65535_65535,0,3,154689,92,0,1,0,29,0,10,1,1,pre_allocation
58,601,normal,0,0,65535_65535,0,3,154689,96,1,1,1,30,96,10,1,1,allocated
58,601,normal,0,0,65535_65535,0,4,157842,169,0,1,0,29,0,15,1,1,pre_allocation
58,601,normal,0,0,65535_65535,0,4,157842,175,1,1,1,30,175,15,1,1,allocated
58,601,normal,0,0,65535_65535,0,2,163436,46,0,1,0,30,0,6,1,1,pre_allocation
58,601,normal,0,0,65535_65535,0,2,163436,48,1,1,1,31,48,6,1,1,allocated
58,601,normal,0,0,65535_65535,0,5,167217,175,0,1,0,30,0,15,1,1,pre_allocation
58,601,normal,0,0,65535_65535,0,5,167217,181,1,1,1,31,181,15,1,1,allocated
58,601,normal,0,0,65535_65535,0,3,154689,96,0,1,0,30,0,10,1,1,pre_allocation
58,601,normal,0,0,65535_65535,0,3,154689,99,1,1,1,31,99,10,1,1,allocated
58,601,normal,0,0,65535_65535,0,4,157842,175,0,1,0,30,0,15,1,1,pre_allocation
58,601,normal,0,0,65535_65535,0,4,157842,181,1,1,1,31,181,15,1,1,allocated
58,601,normal,0,0,65535_65535,0,2,163436,48,0,1,0,31,0,6,1,1,pre_allocation
58,601,normal,0,0,65535_65535,0,2,163436,49,1,1,1,32,49,6,1,1,allocated
58,601,normal,0,0,65535_65535,0,5,167217,181,0,1,0,31,0,15,1,1,pre_allocation
58,601,normal,0,0,65535_65535,0,5,167217,187,1,1,1,32,187,15,1,1,allocated
58,601,normal,0,0,65535_65535,0,3,154689,99,0,1,0,31,0,10,1,1,pre_allocation
58,601,normal,0,0,65535_65535,0,3,154689,102,1,1,1,32,102,10,1,1,allocated
58,601,normal,0,0,65535_65535,0,4,157842,181,0,1,0,31,0,15,1,1,pre_allocation
58,601,normal,0,0,65535_65535,0,4,157842,187,1,1,1,32,187,15,1,1,allocated
58,601,normal,0,0,65535_65535,0,2,163436,49,0,1,0,32,0,6,1,1,pre_allocation
58,601,normal,0,0,65535_65535,0,2,163436,51,1,1,1,33,51,6,1,1,allocated
58,601,normal,0,0,65535_65535,0,5,167217,187,0,1,0,32,0,15,1,1,pre_allocation
58,601,normal,0,0,65535_65535,0,5,167217,193,1,1,1,33,193,15,1,1,allocated
58,601,normal,0,0,65535_65535,0,3,154689,102,0,1,0,32,0,10,1,1,pre_allocation
58,601,normal,0,0,65535_65535,0,3,154689,105,1,1,1,33,105,10,1,1,allocated
58,601,normal,0,0,65535_65535,0,4,157842,187,0,1,0,32,0,15,1,1,pre_allocation
58,601,normal,0,0,65535_65535,0,4,157842,193,1,1,1,33,193,15,1,1,allocated
58,601,normal,0,0,65535_65535,0,2,163436,51,0,1,0,33,0,6,1,1,pre_allocation
58,601,normal,0,0,65535_65535,0,2,163436,53,1,1,1,34,53,6,1,1,allocated
58,601,normal,0,0,65535_65535,0,5,167217,193,0,1,0,33,0,15,1,1,pre_allocation
58,601,normal,0,0,65535_65535,0,5,167217,198,1,1,1,34,198,15,1,1,allocated
58,601,normal,0,0,65535_65535,0,3,154689,105,0,1,0,33,0,10,1,1,pre_allocation
58,601,normal,0,0,65535_65535,0,3,154689,109,1,1,1,34,109,10,1,1,allocated
58,601,normal,0,0,65535_65535,0,4,157842,193,0,1,0,33,0,15,1,1,pre_allocation
58,601,normal,0,0,65535_65535,0,4,157842,198,1,1,1,34,198,15,1,1,allocated
58,601,normal,0,0,65535_65535,0,2,163436,53,0,1,0,34,0,6,1,1,pre_allocation
58,601,normal,0,0,65535_65535,0,2,163436,54,1,1,1,35,54,6,1,1,allocated
58,601,normal,0,0,65535_65535,0,5,167217,198,0,1,0,34,0,15,1,1,pre_allocation
58,601,normal,0,0,65535_65535,0,5,167217,204,1,1,1,35,204,15,1,1,allocated
58,601,normal,0,0,65535_65535,0,3,154689,109,0,1,0,34,0,10,1,1,pre_allocation
58,601,normal,0,0,65535_65535,0,3,154689,112,1,1,1,35,112,10,1,1,allocated
58,601,normal,0,0,65535_65535,1,6,87,0,0,1,0,0,0,28,1,1,pre_allocation
58,601,normal,0,0,65535_65535,1,6,87,12,1,1,1,1,12,28,1,1,allocated
58,601,normal,0,0,65535_65535,1,8,87,0,0,1,0,0,0,28,1,1,pre_allocation
58,601,normal,0,0,65535_65535,1,8,87,12,1,1,1,1,12,28,1,1,allocated
58,601,normal,0,0,65535_65535,1,6,87,12,0,1,0,1,0,28,1,1,pre_allocation
58,601,normal,0,0,65535_65535,1,6,87,27,1,1,1,2,27,28,1,1,allocated
58,601,normal,0,0,65535_65535,1,8,87,12,0,1,0,1,0,28,1,1,pre_allocation
58,601,normal,0,0,65535_65535,1,8,87,27,1,1,1,2,27,28,1,1,allocated
58,601,normal,0,0,65535_65535,1,6,87,27,0,1,0,2,0,28,1,1,pre_allocation
58,601,normal,0,0,65535_65535,1,6,87,42,1,1,1,3,42,28,1,1,allocated
58,601,normal,0,0,65535_65535,1,8,87,27,0,1,0,2,0,28,1,1,pre_allocation
58,601,normal,0,0,65535_65535,1,8,87,42,1,1,1,3,42,28,1,1,allocated
58,601,normal,0,0,65535_65535,1,6,87,42,0,1,0,3,0,28,1,1,pre_allocation
58,601,normal,0,0,65535_65535,1,6,87,57,1,1,1,4,57,28,1,1,allocated
58,601,normal,0,0,65535_65535,1,8,87,42,0,1,0,3,0,28,1,1,pre_allocation
58,601,normal,0,0,65535_65535,1,8,87,57,1,1,1,4,57,28,1,1,allocated
58,601,normal,0,0,65535_65535,1,6,87,57,0,1,0,4,0,28,1,1,pre_allocation
58,601,normal,0,0,65535_65535,1,6,87,72,1,1,1,5,72,28,1,1,allocated
58,601,normal,0,0,65535_65535,1,8,87,57,0,1,0,4,0,28,1,1,pre_allocation
58,601,normal,0,0,65535_65535,1,8,87,72,1,1,1,5,72,28,1,1,allocated
58,601,normal,0,0,65535_65535,1,6,87,72,0,1,0,5,0,28,1,1,pre_allocation
58,601,normal,0,0,65535_65535,1,6,87,88,1,1,1,6,88,28,1,1,allocated
58,601,normal,0,0,65535_65535,1,8,87,72,0,1,0,5,0,28,1,1,pre_allocation
58,601,normal,0,0,65535_65535,1,8,87,88,1,1,1,6,88,28,1,1,allocated
58,601,normal,0,0,65535_65535,1,6,87,88,0,1,0,6,0,28,1,1,pre_allocation
58,601,normal,0,0,65535_65535,1,6,87,103,1,1,1,7,103,28,1,1,allocated
58,601,normal,0,0,65535_65535,1,8,87,88,0,1,0,6,0,28,1,1,pre_allocation
58,601,normal,0,0,65535_65535,1,8,87,103,1,1,1,7,103,28,1,1,allocated
58,601,normal,0,0,65535_65535,1,6,87,103,0,1,0,7,0,28,1,1,pre_allocation
58,601,normal,0,0,65535_65535,1,6,87,118,1,1,1,8,118,28,1,1,allocated
58,601,normal,0,0,65535_65535,1,8,87,103,0,1,0,7,0,28,1,1,pre_allocation
58,601,normal,0,0,65535_65535,1,8,87,118,1,1,1,8,118,28,1,1,allocated
58,601,normal,0,0,65535_65535,1,6,87,118,0,1,0,8,0,28,1,1,pre_allocation
58,601,normal,0,0,65535_65535,1,6,87,133,1,1,1,9,133,28,1,1,allocated
58,601,normal,0,0,65535_65535,1,8,87,118,0,1,0,8,0,28,1,1,pre_allocation
58,601,normal,0,0,65535_65535,1,8,87,133,1,1,1,9,133,28,1,1,allocated
58,601,normal,0,0,65535_65535,1,6,87,133,0,1,0,9,0,28,1,1,pre_allocation
58,601,normal,0,0,65535_65535,1,6,87,148,1,1,1,10,148,28,1,1,allocated
58,601,normal,0,0,65535_65535,1,8,87,133,0,1,0,9,0,28,1,1,pre_allocation
58,601,normal,0,0,65535_65535,1,8,87,148,1,1,1,10,148,28,1,1,allocated
58,601,normal,0,0,65535_65535,1,6,87,148,0,1,0,10,0,28,1,1,pre_allocation
58,601,normal,0,0,65535_65535,1,6,87,163,1,1,1,11,163,28,1,1,allocated
58,601,normal,0,0,65535_65535,1,8,87,148,0,1,0,10,0,28,1,1,pre_allocation
58,601,normal,0,0,65535_65535,1,8,87,163,1,1,1,11,163,28,1,1,allocated
58,601,normal,0,0,65535_65535,1,6,87,163,0,1,0,11,0,28,1,1,pre_allocation
58,601,normal,0,0,65535_65535,1,6,87,179,1,1,1,12,179,28,1,1,allocated
58,601,normal,0,0,65535_65535,1,8,87,163,0,1,0,11,0,28,1,1,pre_allocation
58,601,normal,0,0,65535_65535,1,8,87,179,1,1,1,12,179,28,1,1,allocated
58,601,normal,0,0,65535_65535,1,6,87,179,0,1,0,12,0,28,1,1,pre_allocation
58,601,normal,0,0,65535_65535,1,6,87,194,1,1,1,13,194,28,1,1,allocated
58,601,normal,0,0,65535_65535,1,8,87,179,0,1,0,12,0,28,1,1,pre_allocation
58,601,normal,0,0,65535_65535,1,8,87,194,1,1,1,13,194,28,1,1,allocated
58,601,normal,0,0,65535_65535,1,6,87,194,0,1,0,13,0,28,1,1,pre_allocation
58,601,normal,0,0,65535_65535,1,6,87,209,1,1,1,14,209,28,1,1,allocated
58,601,normal,0,0,65535_65535,1,8,87,194,0,1,0,13,0,28,1,1,pre_allocation
58,601,normal,0,0,65535_65535,1,8,87,209,1,1,1,14,209,28,1,1,allocated
58,601,normal,0,0,65535_65535,1,6,87,209,0,1,0,14,0,28,1,1,pre_allocation
58,601,normal,0,0,65535_65535,1,6,87,224,1,1,1,15,224,28,1,1,allocated
58,601,normal,0,0,65535_65535,1,8,87,209,0,1,0,14,0,28,1,1,pre_allocation
58,601,normal,0,0,65535_65535,1,8,87,224,1,1,1,15,224,28,1,1,allocated
58,601,normal,0,0,65535_65535,1,6,87,224,0,1,0,15,0,28,1,1,pre_allocation
58,601,normal,0,0,65535_65535,1,6,87,239,1,1,1,16,239,28,1,1,allocated
58,601,normal,0,0,65535_65535,1,8,87,224,0,1,0,15,0,28,1,1,pre_allocation
58,601,normal,0,0,65535_65535,1,8,87,239,1,1,1,16,239,28,1,1,allocated
58,601,normal,0,0,65535_65535,1,6,87,239,0,1,0,16,0,28,1,1,pre_allocation
58,601,normal,0,0,65535_65535,1,6,87,255,1,1,1,17,255,28,1,1,allocated
58,601,normal,0,0,65535_65535,1,8,87,239,0,1,0,16,0,28,1,1,pre_allocation
58,601,normal,0,0,65535_65535,1,8,87,255,1,1,1,17,255,28,1,1,allocated
58,601,normal,0,0,65535_65535,1,6,87,255,0,1,0,17,0,28,1,1,pre_allocation
58,601,normal,0,0,65535_65535,1,6,87,270,1,1,1,18,270,28,1,1,allocated
58,601,normal,0,0,65535_65535,1,8,87,255,0,1,0,17,0,28,1,1,pre_allocation
58,601,normal,0,0,65535_65535,1,8,87,270,1,1,1,18,270,28,1,1,allocated
58,601,normal,0,0,65535_65535,1,6,87,270,0,1,0,18,0,28,1,1,pre_allocation
58,601,normal,0,0,65535_65535,1,6,87,285,1,1,1,19,285,28,1,1,allocated
58,601,normal,0,0,65535_65535,1,8,87,270,0,1,0,18,0,28,1,1,pre_allocation
58,601,normal,0,0,65535_65535,1,8,87,285,1,1,1,19,285,28,1,1,allocated
58,601,normal,0,0,65535_65535,1,6,87,285,0,1,0,19,0,28,1,1,pre_allocation
58,601,normal,0,0,65535_65535,1,6,87,300,1,1,1,20,300,28,1,1,allocated
58,601,normal,0,0,65535_65535,1,8,87,285,0,1,0,19,0,28,1,1,pre_allocation
58,601,normal,0,0,65535_65535,1,8,87,300,1,1,1,20,300,28,1,1,allocated
58,601,normal,0,0,65535_65535,1,6,87,300,0,1,0,20,0,28,1,1,pre_allocation
58,601,normal,0,0,65535_65535,1,6,87,315,1,1,1,21,315,28,1,1,allocated
58,601,normal,0,0,65535_65535,1,8,87,300,0,1,0,20,0,28,1,1,pre_allocation
58,601,normal,0,0,65535_65535,1,8,87,315,1,1,1,21,315,28,1,1,allocated
58,601,normal,0,0,65535_65535,1,6,87,315,0,1,0,21,0,28,1,1,pre_allocation
58,601,normal,0,0,65535_65535,1,6,87,330,1,1,1,22,330,28,1,1,allocated
58,601,normal,0,0,65535_65535,1,8,87,315,0,1,0,21,0,28,1,1,pre_allocation
58,601,normal,0,0,65535_65535,1,8,87,330,1,1,1,22,330,28,1,1,allocated
58,601,normal,0,0,65535_65535,1,6,87,330,0,1,0,22,0,28,1,1,pre_allocation
58,601,normal,0,0,65535_65535,1,6,87,346,1,1,1,23,346,28,1,1,allocated
58,601,normal,0,0,65535_65535,1,8,87,330,0,1,0,22,0,28,1,1,pre_allocation
58,601,normal,0,0,65535_65535,1,8,87,346,1,1,1,23,346,28,1,1,allocated
58,601,normal,0,0,65535_65535,1,6,87,346,0,1,0,23,0,28,1,1,pre_allocation
58,601,normal,0,0,65535_65535,1,6,87,361,1,1,1,24,361,28,1,1,allocated
58,601,normal,0,0,65535_65535,1,8,87,346,0,1,0,23,0,28,1,1,pre_allocation
58,601,normal,0,0,65535_65535,1,8,87,361,1,1,1,24,361,28,1,1,allocated
58,601,normal,0,0,65535_65535,1,6,87,361,0,1,0,24,0,28,1,1,pre_allocation
58,601,normal,0,0,65535_65535,1,6,87,376,1,1,1,25,376,28,1,1,allocated
58,601,normal,0,0,65535_65535,1,8,87,361,0,1,0,24,0,28,1,1,pre_allocation
58,601,normal,0,0,65535_65535,1,8,87,376,1,1,1,25,376,28,1,1,allocated
58,601,normal,0,0,65535_65535,1,6,87,376,0,1,0,25,0,28,1,1,pre_allocation
58,601,normal,0,0,65535_65535,1,6,87,391,1,1,1,26,391,28,1,1,allocated
58,601,normal,0,0,65535_65535,1,8,87,376,0,1,0,25,0,28,1,1,pre_allocation
58,601,normal,0,0,65535_65535,1,8,87,391,1,1,1,26,391,28,1,1,allocated
58,601,normal,0,0,65535_65535,1,6,87,391,0,1,0,26,0,28,1,1,pre_allocation
58,601,normal,0,0,65535_65535,1,6,87,406,1,1,1,27,406,28,1,1,allocated
58,601,normal,0,0,65535_65535,1,8,87,391,0,1,0,26,0,28,1,1,pre_allocation
58,601,normal,0,0,65535_65535,1,8,87,406,1,1,1,27,406,28,1,1,allocated
58,601,normal,0,0,65535_65535,1,6,87,406,0,1,0,27,0,28,1,1,pre_allocation
58,601,normal,0,0,65535_65535,1,6,87,422,1,1,1,28,422,28,1,1,allocated
58,601,normal,0,0,65535_65535,1,8,87,406,0,1,0,27,0,28,1,1,pre_allocation
58,601,normal,0,0,65535_65535,1,8,87,422,1,1,1,28,422,28,1,1,allocated
58,601,normal,0,0,65535_65535,1,6,87,422,0,1,0,28,0,28,1,1,pre_allocation
58,601,normal,0,0,65535_65535,1,6,87,437,1,1,1,29,437,28,1,1,allocated
58,601,normal,0,0,65535_65535,1,8,87,422,0,1,0,28,0,28,1,1,pre_allocation
58,601,normal,0,0,65535_65535,1,8,87,437,1,1,1,29,437,28,1,1,allocated
58,601,normal,0,0,65535_65535,1,6,87,437,0,1,0,29,0,28,1,1,pre_allocation
58,601,normal,0,0,65535_65535,1,6,87,452,1,1,1,30,452,28,1,1,allocated
58,601,normal,0,0,65535_65535,1,8,87,437,0,1,0,29,0,28,1,1,pre_allocation
58,601,normal,0,0,65535_65535,1,8,87,452,1,1,1,30,452,28,1,1,allocated
58,601,normal,0,0,65535_65535,1,6,87,452,0,1,0,30,0,28,1,1,pre_allocation
58,601,normal,0,0,65535_65535,1,6,87,467,1,1,1,31,467,28,1,1,allocated
58,601,normal,0,0,65535_65535,1,8,87,452,0,1,0,30,0,28,1,1,pre_allocation
58,601,normal,0,0,65535_65535,1,8,87,467,1,1,1,31,467,28,1,1,allocated
58,601,normal,0,0,65535_65535,1,6,87,467,0,1,0,31,0,28,1,1,pre_allocation
58,601,normal,0,0,65535_65535,1,6,87,482,1,1,1,32,482,28,1,1,allocated
58,601,normal,0,0,65535_65535,1,8,87,467,0,1,0,31,0,28,1,1,pre_allocation
58,601,normal,0,0,65535_65535,1,8,87,482,1,1,1,32,482,28,1,1,allocated
58,601,normal,0,0,65535_65535,1,6,87,482,0,1,0,32,0,28,1,1,pre_allocation
58,601,normal,0,0,65535_65535,1,6,87,497,1,1,1,33,497,28,1,1,allocated
58,601,normal,0,0,65535_65535,1,8,87,482,0,1,0,32,0,28,1,1,pre_allocation
58,601,normal,0,0,65535_65535,1,8,87,497,1,1,1,33,497,28,1,1,allocated
58,601,normal,0,0,65535_65535,1,6,87,497,0,1,0,33,0,28,1,1,pre_allocation
58,601,normal,0,0,65535_65535,1,6,87,513,1,1,1,34,513,28,1,1,allocated
58,601,normal,0,0,65535_65535,1,8,87,497,0,1,0,33,0,28,1,1,pre_allocation
58,601,normal,0,0,65535_65535,1,8,87,513,1,1,1,34,513,28,1,1,allocated
58,601,normal,0,0,65535_65535,1,6,87,513,0,1,0,34,0,28,1,1,pre_allocation
58,601,normal,0,0,65535_65535,1,6,87,528,1,1,1,35,528,28,1,1,allocated
58,601,normal,0,0,65535_65535,1,8,87,513,0,1,0,34,0,28,1,1,pre_allocation
58,601,normal,0,0,65535_65535,1,8,87,528,1,1,1,35,528,28,1,1,allocated
58,601,normal,0,0,65535_65535,1,6,87,528,0,1,0,35,0,28,1,1,pre_allocation
58,601,normal,0,0,65535_65535,1,6,87,543,1,1,1,36,543,28,1,1,allocated
58,601,normal,0,0,65535_65535,1,8,87,528,0,1,0,35,0,28,1,1,pre_allocation
58,601,normal,0,0,65535_65535,1,8,87,543,1,1,1,36,543,28,1,1,allocated
58,601,normal,0,0,65535_65535,1,6,87,543,0,1,0,36,0,28,1,1,pre_allocation
58,601,normal,0,0,65535_65535,1,6,87,558,1,1,1,37,558,28,1,1,allocated
58,601,normal,0,0,65535_65535,1,8,87,543,0,1,0,36,0,28,1,1,pre_allocation
58,601,normal,0,0,65535_65535,1,8,87,558,1,1,1,37,558,28,1,1,allocated
58,601,normal,0,0,65535_65535,1,6,87,558,0,1,0,37,0,28,1,1,pre_allocation
58,601,normal,0,0,65535_65535,1,6,87,573,1,1,1,38,573,28,1,1,allocated
58,601,normal,0,0,65535_65535,1,8,87,558,0,1,0,37,0,28,1,1,pre_allocation
58,601,normal,0,0,65535_65535,1,8,87,573,1,1,1,38,573,28,1,1,allocated
58,601,normal,0,0,65535_65535,1,6,87,573,0,1,0,38,0,28,1,1,pre_allocation
58,601,normal,0,0,65535_65535,1,6,87,589,1,1,1,39,589,28,1,1,allocated
58,601,normal,0,0,65535_65535,1,8,87,573,0,1,0,38,0,28,1,1,pre_allocation
58,601,normal,0,0,65535_65535,1,8,87,589,1,1,1,39,589,28,1,1,allocated
58,601,normal,0,0,65535_65535,1,6,87,589,0,1,0,39,0,28,1,1,pre_allocation
58,601,normal,0,0,65535_65535,1,6,87,604,1,1,1,40,604,28,1,1,allocated
58,601,normal,0,0,65535_65535,1,8,87,589,0,1,0,39,0,28,1,1,pre_allocation
58,601,normal,0,0,65535_65535,1,8,87,604,1,1,1,40,604,28,1,1,allocated
58,601,normal,0,0,65535_65535,1,6,87,604,0,1,0,40,0,28,1,1,pre_allocation
58,601,normal,0,0,65535_65535,1,6,87,619,1,1,1,41,619,28,1,1,allocated
58,601,normal,0,0,65535_65535,1,8,87,604,0,1,0,40,0,28,1,1,pre_allocation
58,601,normal,0,0,65535_65535,1,8,87,619,1,1,1,41,619,28,1,1,allocated
58,601,normal,0,0,65535_65535,1,6,87,619,0,1,0,41,0,28,1,1,pre_allocation
58,601,normal,0,0,65535_65535,1,6,87,634,1,1,1,42,634,28,1,1,allocated
58,601,normal,0,0,65535_65535,1,8,87,619,0,1,0,41,0,28,1,1,pre_allocation
58,601,normal,0,0,65535_65535,1,8,87,634,1,1,1,42,634,28,1,1,allocated
58,601,normal,0,0,65535_65535,1,6,87,634,0,1,0,42,0,28,1,1,pre_allocation
58,601,normal,0,0,65535_65535,1,6,87,649,1,1,1,43,649,28,1,1,allocated
58,601,normal,0,0,65535_65535,1,8,87,634,0,1,0,42,0,28,1,1,pre_allocation
58,601,normal,0,0,65535_65535,1,8,87,649,1,1,1,43,649,28,1,1,allocated
58,601,normal,0,0,65535_65535,1,6,87,649,0,1,0,43,0,28,1,1,pre_allocation
58,601,normal,0,0,65535_65535,1,6,87,664,1,1,1,44,664,28,1,1,allocated
58,601,normal,0,0,65535_65535,1,8,87,649,0,1,0,43,0,28,1,1,pre_allocation
58,601,normal,0,0,65535_65535,1,8,87,664,1,1,1,44,664,28,1,1,allocated
58,601,normal,0,0,65535_65535,1,6,87,664,0,1,0,44,0,28,1,1,pre_allocation
58,601,normal,0,0,65535_65535,1,6,87,680,1,1,1,45,680,28,1,1,allocated
58,601,normal,0,0,65535_65535,1,8,87,664,0,1,0,44,0,28,1,1,pre_allocation
58,601,normal,0,0,65535_65535,1,8,87,680,1,1,1,45,680,28,1,1,allocated
58,601,normal,0,0,65535_65535,1,6,87,680,0,1,0,45,0,28,1,1,pre_allocation
58,601,normal,0,0,65535_65535,1,6,87,695,1,1,1,46,695,28,1,1,allocated
58,601,normal,0,0,65535_65535,1,8,87,680,0,1,0,45,0,28,1,1,pre_allocation
58,601,normal,0,0,65535_65535,1,8,87,695,1,1,1,46,695,28,1,1,allocated
58,601,normal,0,0,65535_65535,1,6,87,695,0,1,0,46,0,28,1,1,pre_allocation
58,601,normal,0,0,65535_65535,1,6,87,710,1,1,1,47,710,28,1,1,allocated
58,601,normal,0,0,65535_65535,1,8,87,695,0,1,0,46,0,28,1,1,pre_allocation
58,601,normal,0,0,65535_65535,1,8,87,710,1,1,1,47,710,28,1,1,allocated
58,601,normal,0,0,65535_65535,1,6,87,710,0,1,0,47,0,28,1,1,pre_allocation
58,601,normal,0,0,65535_65535,1,6,87,725,1,1,1,48,725,28,1,1,allocated
58,601,normal,0,0,65535_65535,1,8,87,710,0,1,0,47,0,28,1,1,pre_allocation
58,601,normal,0,0,65535_65535,1,8,87,725,1,1,1,48,725,28,1,1,allocated
58,601,normal,0,0,65535_65535,1,6,87,725,0,1,0,48,0,28,1,1,pre_allocation
58,601,normal,0,0,65535_65535,1,6,87,740,1,1,1,49,740,28,1,1,allocated
58,601,normal,0,0,65535_65535,1,8,87,725,0,1,0,48,0,28,1,1,pre_allocation
58,601,normal,0,0,65535_65535,1,8,87,740,1,1,1,49,740,28,1,1,allocated
58,601,normal,0,0,65535_65535,1,6,87,740,0,1,0,49,0,28,1,1,pre_allocation
58,601,normal,0,0,65535_65535,1,6,87,756,1,1,1,50,756,28,1,1,allocated
58,601,normal,0,0,65535_65535,1,8,87,740,0,1,0,49,0,28,1,1,pre_allocation
58,601,normal,0,0,65535_65535,1,8,87,756,1,1,1,50,756,28,1,1,allocated
58,601,normal,0,0,65535_65535,1,6,87,756,0,1,0,50,0,28,1,1,pre_allocation
58,601,normal,0,0,65535_65535,1,6,87,771,1,1,1,51,771,28,1,1,allocated
58,601,normal,0,0,65535_65535,1,8,87,756,0,1,0,50,0,28,1,1,pre_allocation
58,601,normal,0,0,65535_65535,1,8,87,771,1,1,1,51,771,28,1,1,allocated
58,601,normal,0,0,65535_65535,1,6,87,771,0,1,0,51,0,28,1,1,pre_allocation
58,601,normal,0,0,65535_65535,1,6,87,786,1,1,1,52,786,28,1,1,allocated
58,601,normal,0,0,65535_65535,1,8,87,771,0,1,0,51,0,28,1,1,pre_allocation
58,601,normal,0,0,65535_65535,1,8,87,786,1,1,1,52,786,28,1,1,allocated
58,601,normal,0,0,65535_65535,1,6,87,786,0,1,0,52,0,28,1,1,pre_allocation
58,601,normal,0,0,65535_65535,1,6,87,801,1,1,1,53,801,28,1,1,allocated
58,601,normal,0,0,65535_65535,1,8,87,786,0,1,0,52,0,28,1,1,pre_allocation
58,601,normal,0,0,65535_65535,1,8,87,801,1,1,1,53,801,28,1,1,allocated
58,601,normal,0,0,65535_65535,1,6,87,801,0,1,0,53,0,28,1,1,pre_allocation
58,601,normal,0,0,65535_65535,1,6,87,816,1,1,1,54,816,28,1,1,allocated
58,601,normal,0,0,65535_65535,1,8,87,801,0,1,0,53,0,28,1,1,pre_allocation
58,601,normal,0,0,65535_65535,1,8,87,816,1,1,1,54,816,28,1,1,allocated
58,601,normal,0,0,65535_65535,1,6,87,816,0,1,0,54,0,28,1,1,pre_allocation
58,601,normal,0,0,65535_65535,1,6,87,831,1,1,1,55,831,28,1,1,allocated
58,601,normal,0,0,65535_65535,1,8,87,816,0,1,0,54,0,28,1,1,pre_allocation
58,601,normal,0,0,65535_65535,1,8,87,831,1,1,1,55,831,28,1,1,allocated
58,601,normal,0,0,65535_65535,1,6,87,831,0,1,0,55,0,28,1,1,pre_allocation
58,601,normal,0,0,65535_65535,1,6,87,847,1,1,1,56,847,28,1,1,allocated
58,601,normal,0,0,65535_65535,1,8,87,831,0,1,0,55,0,28,1,1,pre_allocation
58,601,normal,0,0,65535_65535,1,8,87,847,1,1,1,56,847,28,1,1,allocated
58,601,normal,0,0,65535_65535,1,6,87,847,0,1,0,56,0,28,1,1,pre_allocation
58,601,normal,0,0,65535_65535,1,6,87,862,1,1,1,57,862,28,1,1,allocated
58,601,normal,0,0,65535_65535,1,8,87,847,0,1,0,56,0,28,1,1,pre_allocation
58,601,normal,0,0,65535_65535,1,8,87,862,1,1,1,57,862,28,1,1,allocated
58,601,normal,0,0,65535_65535,1,6,87,862,0,1,0,57,0,28,1,1,pre_allocation
58,601,normal,0,0,65535_65535,1,6,87,877,1,1,1,58,877,28,1,1,allocated
58,601,normal,0,0,65535_65535,1,8,87,862,0,1,0,57,0,28,1,1,pre_allocation
58,601,normal,0,0,65535_65535,1,8,87,877,1,1,1,58,877,28,1,1,allocated
58,601,normal,0,0,65535_65535,1,6,87,877,0,1,0,58,0,28,1,1,pre_allocation
58,601,normal,0,0,65535_65535,1,6,87,892,1,1,1,59,892,28,1,1,allocated
58,601,normal,0,0,65535_65535,1,8,87,877,0,1,0,58,0,28,1,1,pre_allocation
58,601,normal,0,0,65535_65535,1,8,87,892,1,1,1,59,892,28,1,1,allocated
58,601,normal,0,0,65535_65535,1,6,87,892,0,1,0,59,0,28,1,1,pre_allocation
58,601,normal,0,0,65535_65535,1,6,87,907,1,1,1,60,907,28,1,1,allocated
58,601,normal,0,0,65535_65535,1,8,87,892,0,1,0,59,0,28,1,1,pre_allocation
58,601,normal,0,0,65535_65535,1,8,87,907,1,1,1,60,907,28,1,1,allocated
58,601,normal,0,0,65535_65535,1,6,87,907,0,1,0,60,0,28,1,1,pre_allocation
58,601,normal,0,0,65535_65535,1,6,87,922,1,1,1,61,922,28,1,1,allocated
58,601,normal,0,0,65535_65535,1,8,87,907,0,1,0,60,0,28,1,1,pre_allocation
58,601,normal,0,0,65535_65535,1,8,87,922,1,1,1,61,922,28,1,1,allocated
58,601,normal,0,0,65535_65535,1,6,87,922,0,1,0,61,0,28,1,1,pre_allocation
58,601,normal,0,0,65535_65535,1,6,87,938,1,1,1,62,938,28,1,1,allocated
58,601,normal,0,0,65535_65535,1,8,87,922,0,1,0,61,0,28,1,1,pre_allocation
58,601,normal,0,0,65535_65535,1,8,87,938,1,1,1,62,938,28,1,1,allocated
58,601,normal,0,0,65535_65535,1,6,87,938,0,1,0,62,0,28,1,1,pre_allocation
58,601,normal,0,0,65535_65535,1,6,87,953,1,1,1,63,953,28,1,1,allocated
58,601,normal,0,0,65535_65535,1,8,87,938,0,1,0,62,0,28,1,1,pre_allocation
58,601,normal,0,0,65535_65535,1,8,87,953,1,1,1,63,953,28,1,1,allocated
58,601,normal,0,0,65535_65535,1,6,87,953,0,1,0,63,0,28,1,1,pre_allocation
58,601,normal,0,0,65535_65535,1,6,87,968,1,1,1,64,968,28,1,1,allocated
170,699,normal,0,0,65535_65535,0,5,333574,0,0,1,0,0,0,15,1,1,pre_allocation
170,699,normal,0,0,65535_65535,0,5,333574,14,1,1,1,1,14,15,1,1,allocated
170,699,normal,0,0,65535_65535,0,2,309988,0,0,1,0,0,0,6,1,1,pre_allocation
170,699,normal,0,0,65535_65535,0,2,309988,1,1,1,1,1,1,6,1,1,allocated
170,699,normal,0,0,65535_65535,0,3,275578,0,0,1,0,0,0,10,1,1,pre_allocation
170,699,normal,0,0,65535_65535,0,3,275578,6,1,1,1,1,6,10,1,1,allocated
170,699,normal,0,0,65535_65535,0,5,333574,14,0,1,0,1,0,15,1,1,pre_allocation
170,699,normal,0,0,65535_65535,0,5,333574,32,1,1,1,2,32,15,1,1,allocated
170,699,normal,0,0,65535_65535,0,2,309988,1,0,1,0,1,0,6,1,1,pre_allocation
170,699,normal,0,0,65535_65535,0,2,309988,6,1,1,1,2,6,6,1,1,allocated
170,699,normal,0,0,65535_65535,0,3,275578,6,0,1,0,1,0,10,1,1,pre_allocation
170,699,normal,0,0,65535_65535,0,3,275578,16,1,1,1,2,16,10,1,1,allocated
170,699,normal,0,0,65535_65535,0,5,333574,32,0,1,0,2,0,15,1,1,pre_allocation
170,699,normal,0,0,65535_65535,0,5,333574,50,1,1,1,3,50,15,1,1,allocated
170,699,normal,0,0,65535_65535,0,2,309988,6,0,1,0,2,0,6,1,1,pre_allocation
170,699,normal,0,0,65535_65535,0,2,309988,11,1,1,1,3,11,6,1,1,allocated
170,699,normal,0,0,65535_65535,0,3,275578,16,0,1,0,2,0,10,1,1,pre_allocation
170,699,normal,0,0,65535_65535,0,3,275578,26,1,1,1,3,26,10,1,1,allocated
170,699,normal,0,0,65535_65535,0,5,333574,50,0,1,0,3,0,15,1,1,pre_allocation
170,699,normal,0,0,65535_65535,0,5,333574,68,1,1,1,4,68,15,1,1,allocated
170,699,normal,0,0,65535_65535,0,2,309988,11,0,1,0,3,0,6,1,1,pre_allocation
170,699,normal,0,0,65535_65535,0,2,309988,16,1,1,1,4,16,6,1,1,allocated
170,699,normal,0,0,65535_65535,0,3,275578,26,0,1,0,3,0,10,1,1,pre_allocation
170,699,normal,0,0,65535_65535,0,3,275578,36,1,1,1,4,36,10,1,1,allocated
170,699,normal,0,0,65535_65535,0,5,333574,68,0,1,0,4,0,15,1,1,pre_allocation
170,699,normal,0,0,65535_65535,0,5,333574,86,1,1,1,5,86,15,1,1,allocated
170,699,normal,0,0,65535_65535,0,2,309988,16,0,1,0,4,0,6,1,1,pre_allocation
170,699,normal,0,0,65535_65535,0,2,309988,21,1,1,1,5,21,6,1,1,allocated
170,699,normal,0,0,65535_65535,0,3,275578,36,0,1,0,4,0,10,1,1,pre_allocation
170,699,normal,0,0,65535_65535,0,3,275578,46,1,1,1,5,46,10,1,1,allocated
170,699,normal,0,0,65535_65535,0,5,333574,86,0,1,0,5,0,15,1,1,pre_allocation
170,699,normal,0,0,65535_65535,0,5,333574,103,1,1,1,6,103,15,1,1,allocated
170,699,normal,0,0,65535_65535,0,2,309988,21,0,1,0,5,0,6,1,1,pre_allocation
170,699,normal,0,0,65535_65535,0,2,309988,26,1,1,1,6,26,6,1,1,allocated
170,699,normal,0,0,65535_65535,0,3,275578,46,0,1,0,5,0,10,1,1,pre_allocation
170,699,normal,0,0,65535_65535,0,3,275578,56,1,1,1,6,56,10,1,1,allocated
170,699,normal,0,0,65535_65535,0,5,333574,103,0,1,0,6,0,15,1,1,pre_allocation
170,699,normal,0,0,65535_65535,0,5,333574,121,1,1,1,7,121,15,1,1,allocated
170,699,normal,0,0,65535_65535,0,2,309988,26,0,1,0,6,0,6,1,1,pre_allocation
170,699,normal,0,0,65535_65535,0,2,309988,31,1,1,1,7,31,6,1,1,allocated
170,699,normal,0,0,65535_65535,0,3,275578,56,0,1,0,6,0,10,1,1,pre_allocation
170,699,normal,0,0,65535_65535,0,3,275578,66,1,1,1,7,66,10,1,1,allocated
170,699,normal,0,0,65535_65535,0,5,333574,121,0,1,0,7,0,15,1,1,pre_allocation
170,699,normal,0,0,65535_65535,0,5,333574,139,1,1,1,8,139,15,1,1,allocated
170,699,normal,0,0,65535_65535,0,2,309988,31,0,1,0,7,0,6,1,1,pre_allocation
170,699,normal,0,0,65535_65535,0,2,309988,36,1,1,1,8,36,6,1,1,allocated
170,699,normal,0,0,65535_65535,0,3,275578,66,0,1,0,7,0,10,1,1,pre_allocation
170,699,normal,0,0,65535_65535,0,3,275578,76,1,1,1,8,76,10,1,1,allocated
170,699,normal,0,0,65535_65535,0,5,333574,139,0,1,0,8,0,15,1,1,pre_allocation
170,699,normal,0,0,65535_65535,0,5,333574,157,1,1,1,9,157,15,1,1,allocated
170,699,normal,0,0,65535_65535,0,2,309988,36,0,1,0,8,0,6,1,1,pre_allocation
170,699,normal,0,0,65535_65535,0,2,309988,41,1,1,1,9,41,6,1,1,allocated
170,699,normal,0,0,65535_65535,0,3,275578,76,0,1,0,8,0,10,1,1,pre_allocation
170,699,normal,0,0,65535_65535,0,3,275578,86,1,1,1,9,86,10,1,1,allocated
170,699,normal,0,0,65535_65535,0,5,333574,157,0,1,0,9,0,15,1,1,pre_allocation
170,699,normal,0,0,65535_65535,0,5,333574,175,1,1,1,10,175,15,1,1,allocated
170,699,normal,0,0,65535_65535,0,2,309988,41,0,1,0,9,0,6,1,1,pre_allocation
170,699,normal,0,0,65535_65535,0,2,309988,46,1,1,1,10,46,6,1,1,allocated
170,699,normal,0,0,65535_65535,0,3,275578,86,0,1,0,9,0,10,1,1,pre_allocation
170,699,normal,0,0,65535_65535,0,3,275578,96,1,1,1,10,96,10,1,1,allocated
170,699,normal,0,0,65535_65535,0,5,333574,175,0,1,0,10,0,15,1,1,pre_allocation
170,699,normal,0,0,65535_65535,0,5,333574,193,1,1,1,11,193,15,1,1,allocated
170,699,normal,0,0,65535_65535,0,2,309988,46,0,1,0,10,0,6,1,1,pre_allocation
170,699,normal,0,0,65535_65535,0,2,309988,51,1,1,1,11,51,6,1,1,allocated
170,699,normal,0,0,65535_65535,0,3,275578,96,0,1,0,10,0,10,1,1,pre_allocation
170,699,normal,0,0,65535_65535,0,3,275578,105,1,1,1,11,105,10,1,1,allocated
170,699,normal,0,0,65535_65535,0,5,333574,193,0,1,0,11,0,15,1,1,pre_allocation
170,699,normal,0,0,65535_65535,0,5,333574,210,1,1,1,12,210,15,1,1,allocated
170,699,normal,0,0,65535_65535,0,2,309988,51,0,1,0,11,0,6,1,1,pre_allocation
170,699,normal,0,0,65535_65535,0,2,309988,56,1,1,1,12,56,6,1,1,allocated
170,699,normal,0,0,65535_65535,0,3,275578,105,0,1,0,11,0,10,1,1,pre_allocation
170,699,normal,0,0,65535_65535,0,3,275578,115,1,1,1,12,115,10,1,1,allocated
170,699,normal,0,0,65535_65535,0,5,333574,210,0,1,0,12,0,15,1,1,pre_allocation
170,699,normal,0,0,65535_65535,0,5,333574,228,1,1,1,13,228,15,1,1,allocated
170,699,normal,0,0,65535_65535,0,2,309988,56,0,1,0,12,0,6,1,1,pre_allocation
170,699,normal,0,0,65535_65535,0,2,309988,61,1,1,1,13,61,6,1,1,allocated
170,699,normal,0,0,65535_65535,0,3,275578,115,0,1,0,12,0,10,1,1,pre_allocation
170,699,normal,0,0,65535_65535,0,3,275578,125,1,1,1,13,125,10,1,1,allocated
170,699,normal,0,0,65535_65535,0,5,333574,228,0,1,0,13,0,15,1,1,pre_allocation
170,699,normal,0,0,65535_65535,0,5,333574,246,1,1,1,14,246,15,1,1,allocated
170,699,normal,0,0,65535_65535,0,2,309988,61,0,1,0,13,0,6,1,1,pre_allocation
170,699,normal,0,0,65535_65535,0,2,309988,66,1,1,1,14,66,6,1,1,allocated
170,699,normal,0,0,65535_65535,0,3,275578,125,0,1,0,13,0,10,1,1,pre_allocation
170,699,normal,0,0,65535_65535,0,3,275578,135,1,1,1,14,135,10,1,1,allocated
170,699,normal,0,0,65535_65535,0,5,333574,246,0,1,0,14,0,15,1,1,pre_allocation
170,699,normal,0,0,65535_65535,0,5,333574,264,1,1,1,15,264,15,1,1,allocated
170,699,normal,0,0,65535_65535,0,2,309988,66,0,1,0,14,0,6,1,1,pre_allocation
170,699,normal,0,0,65535_65535,0,2,309988,71,1,1,1,15,71,6,1,1,allocated
170,699,normal,0,0,65535_65535,0,3,275578,135,0,1,0,14,0,10,1,1,pre_allocation
170,699,normal,0,0,65535_65535,0,3,275578,145,1,1,1,15,145,10,1,1,allocated
170,699,normal,0,0,65535_65535,0,5,333574,264,0,1,0,15,0,15,1,1,pre_allocation
170,699,normal,0,0,65535_65535,0,5,333574,282,1,1,1,16,282,15,1,1,allocated
170,699,normal,0,0,65535_65535,0,2,309988,71,0,1,0,15,0,6,1,1,pre_allocation
170,699,normal,0,0,65535_65535,0,2,309988,76,1,1,1,16,76,6,1,1,allocated
170,699,normal,0,0,65535_65535,0,3,275578,145,0,1,0,15,0,10,1,1,pre_allocation
170,699,normal,0,0,65535_65535,0,3,275578,155,1,1,1,16,155,10,1,1,allocated
170,699,normal,0,0,65535_65535,0,5,333574,282,0,1,0,16,0,15,1,1,pre_allocation
170,699,normal,0,0,65535_65535,0,5,333574,299,1,1,1,17,299,15,1,1,allocated
170,699,normal,0,0,65535_65535,0,2,309988,76,0,1,0,16,0,6,1,1,pre_allocation
170,699,normal,0,0,65535_65535,0,2,309988,81,1,1,1,17,81,6,1,1,allocated
170,699,normal,0,0,65535_65535,0,3,275578,155,0,1,0,16,0,10,1,1,pre_allocation
170,699,normal,0,0,65535_65535,0,3,275578,165,1,1,1,17,165,10,1,1,allocated
170,699,normal,0,0,65535_65535,0,5,333574,299,0,1,0,17,0,15,1,1,pre_allocation
170,699,normal,0,0,65535_65535,0,5,333574,317,1,1,1,18,317,15,1,1,allocated
170,699,normal,0,0,65535_65535,0,2,309988,81,0,1,0,17,0,6,1,1,pre_allocation
170,699,normal,0,0,65535_65535,0,2,309988,86,1,1,1,18,86,6,1,1,allocated
170,699,normal,0,0,65535_65535,0,3,275578,165,0,1,0,17,0,10,1,1,pre_allocation
170,699,normal,0,0,65535_65535,0,3,275578,175,1,1,1,18,175,10,1,1,allocated
170,699,normal,0,0,65535_65535,0,5,333574,317,0,1,0,18,0,15,1,1,pre_allocation
170,699,normal,0,0,65535_65535,0,5,333574,335,1,1,1,19,335,15,1,1,allocated
170,699,normal,0,0,65535_65535,0,2,309988,86,0,1,0,18,0,6,1,1,pre_allocation
170,699,normal,0,0,65535_65535,0,2,309988,91,1,1,1,19,91,6,1,1,allocated
170,699,normal,0,0,65535_65535,0,3,275578,175,0,1,0,18,0,10,1,1,pre_allocation
170,699,normal,0,0,65535_65535,0,3,275578,185,1,1,1,19,185,10,1,1,allocated
170,699,normal,0,0,65535_65535,0,5,333574,335,0,1,0,19,0,15,1,1,pre_allocation
170,699,normal,0,0,65535_65535,0,5,333574,353,1,1,1,20,353,15,1,1,allocated
170,699,normal,0,0,65535_65535,0,2,309988,91,0,1,0,19,0,6,1,1,pre_allocation
170,699,normal,0,0,65535_65535,0,2,309988,96,1,1,1,20,96,6,1,1,allocated
170,699,normal,0,0,65535_65535,0,3,275578,185,0,1,0,19,0,10,1,1,pre_allocation
170,699,normal,0,0,65535_65535,0,3,275578,195,1,1,1,20,195,10,1,1,allocated
170,699,normal,0,0,65535_65535,0,5,333574,353,0,1,0,20,0,15,1,1,pre_allocation
170,699,normal,0,0,65535_65535,0,5,333574,371,1,1,1,21,371,15,1,1,allocated
170,699,normal,0,0,65535_65535,0,2,309988,96,0,1,0,20,0,6,1,1,pre_allocation
170,699,normal,0,0,65535_65535,0,2,309988,100,1,1,1,21,100,6,1,1,allocated
170,699,normal,0,0,65535_65535,0,3,275578,195,0,1,0,20,0,10,1,1,pre_allocation
170,699,normal,0,0,65535_65535,0,3,275578,204,1,1,1,21,204,10,1,1,allocated
170,699,normal,0,0,65535_65535,0,5,333574,371,0,1,0,21,0,15,1,1,pre_allocation
170,699,normal,0,0,65535_65535,0,5,333574,389,1,1,1,22,389,15,1,1,allocated
170,699,normal,0,0,65535_65535,0,2,309988,100,0,1,0,21,0,6,1,1,pre_allocation
170,699,normal,0,0,65535_65535,0,2,309988,105,1,1,1,22,105,6,1,1,allocated
170,699,normal,0,0,65535_65535,0,3,275578,204,0,1,0,21,0,10,1,1,pre_allocation
170,699,normal,0,0,65535_65535,0,3,275578,214,1,1,1,22,214,10,1,1,allocated
170,699,normal,0,0,65535_65535,0,5,333574,389,0,1,0,22,0,15,1,1,pre_allocation
170,699,normal,0,0,65535_65535,0,5,333574,406,1,1,1,23,406,15,1,1,allocated
170,699,normal,0,0,65535_65535,0,2,309988,105,0,1,0,22,0,6,1,1,pre_allocation
170,699,normal,0,0,65535_65535,0,2,309988,110,1,1,1,23,110,6,1,1,allocated
170,699,normal,0,0,65535_65535,0,3,275578,214,0,1,0,22,0,10,1,1,pre_allocation
170,699,normal,0,0,65535_65535,0,3,275578,224,1,1,1,23,224,10,1,1,allocated
170,699,normal,0,0,65535_65535,0,5,333574,406,0,1,0,23,0,15,1,1,pre_allocation
170,699,normal,0,0,65535_65535,0,5,333574,424,1,1,1,24,424,15,1,1,allocated
170,699,normal,0,0,65535_65535,0,2,309988,110,0,1,0,23,0,6,1,1,pre_allocation
170,699,normal,0,0,65535_65535,0,2,309988,115,1,1,1,24,115,6,1,1,allocated
170,699,normal,0,0,65535_65535,1,6,87,0,0,1,0,0,0,28,1,1,pre_allocation
170,699,normal,0,0,65535_65535,1,6,87,42,1,1,1,1,42,28,1,1,allocated
170,699,normal,0,0,65535_65535,1,8,87,0,0,1,0,0,0,28,1,1,pre_allocation
170,699,normal,0,0,65535_65535,1,8,87,42,1,1,1,1,42,28,1,1,allocated
170,699,normal,0,0,65535_65535,1,6,87,42,0,1,0,1,0,28,1,1,pre_allocation
170,699,normal,0,0,65535_65535,1,6,87,88,1,1,1,2,88,28,1,1,allocated
170,699,normal,0,0,65535_65535,1,8,87,42,0,1,0,1,0,28,1,1,pre_allocation
170,699,normal,0,0,65535_65535,1,8,87,88,1,1,1,2,88,28,1,1,allocated
170,699,normal,0,0,65535_65535,1,6,87,88,0,1,0,2,0,28,1,1,pre_allocation
170,699,normal,0,0,65535_65535,1,6,87,133,1,1,1,3,133,28,1,1,allocated
170,699,normal,0,0,65535_65535,1,8,87,88,0,1,0,2,0,28,1,1,pre_allocation
170,699,normal,0,0,65535_65535,1,8,87,133,1,1,1,3,133,28,1,1,allocated
170,699,normal,0,0,65535_65535,1,6,87,133,0,1,0,3,0,28,1,1,pre_allocation
170,699,normal,0,0,65535_65535,1,6,87,179,1,1,1,4,179,28,1,1,allocated
170,699,normal,0,0,65535_65535,1,8,87,133,0,1,0,3,0,28,1,1,pre_allocation
170,699,normal,0,0,65535_65535,1,8,87,179,1,1,1,4,179,28,1,1,allocated
170,699,normal,0,0,65535_65535,1,6,87,179,0,1,0,4,0,28,1,1,pre_allocation
170,699,normal,0,0,65535_65535,1,6,87,224,1,1,1,5,224,28,1,1,allocated
170,699,normal,0,0,65535_65535,1,8,87,179,0,1,0,4,0,28,1,1,pre_allocation
170,699,normal,0,0,65535_65535,1,8,87,224,1,1,1,5,224,28,1,1,allocated
170,699,normal,0,0,65535_65535,1,6,87,224,0,1,0,5,0,28,1,1,pre_allocation
170,699,normal,0,0,65535_65535,1,6,87,270,1,1,1,6,270,28,1,1,allocated
170,699,normal,0,0,65535_65535,1,8,87,224,0,1,0,5,0,28,1,1,pre_allocation
170,699,normal,0,0,65535_65535,1,8,87,270,1,1,1,6,270,28,1,1,allocated
170,699,normal,0,0,65535_65535,1,6,87,270,0,1,0,6,0,28,1,1,pre_allocation
170,699,normal,0,0,65535_65535,1,6,87,315,1,1,1,7,315,28,1,1,allocated
170,699,normal,0,0,65535_65535,1,8,87,270,0,1,0,6,0,28,1,1,pre_allocation
170,699,normal,0,0,65535_65535,1,8,87,315,1,1,1,7,315,28,1,1,allocated
170,699,normal,0,0,65535_65535,1,6,87,315,0,1,0,7,0,28,1,1,pre_allocation
170,699,normal,0,0,65535_65535,1,6,87,361,1,1,1,8,361,28,1,1,allocated
170,699,normal,0,0,65535_65535,1,8,87,315,0,1,0,7,0,28,1,1,pre_allocation
170,699,normal,0,0,65535_65535,1,8,87,361,1,1,1,8,361,28,1,1,allocated
170,699,normal,0,0,65535_65535,1,6,87,361,0,1,0,8,0,28,1,1,pre_allocation
170,699,normal,0,0,65535_65535,1,6,87,406,1,1,1,9,406,28,1,1,allocated
170,699,normal,0,0,65535_65535,1,8,87,361,0,1,0,8,0,28,1,1,pre_allocation
170,699,normal,0,0,65535_65535,1,8,87,406,1,1,1,9,406,28,1,1,allocated
170,699,normal,0,0,65535_65535,1,6,87,406,0,1,0,9,0,28,1,1,pre_allocation
170,699,normal,0,0,65535_65535,1,6,87,452,1,1,1,10,452,28,1,1,allocated
170,699,normal,0,0,65535_65535,1,8,87,406,0,1,0,9,0,28,1,1,pre_allocation
170,699,normal,0,0,65535_65535,1,8,87,452,1,1,1,10,452,28,1,1,allocated
170,699,normal,0,0,65535_65535,1,6,87,452,0,1,0,10,0,28,1,1,pre_allocation
170,699,normal,0,0,65535_65535,1,6,87,497,1,1,1,11,497,28,1,1,allocated
170,699,normal,0,0,65535_65535,1,8,87,452,0,1,0,10,0,28,1,1,pre_allocation
170,699,normal,0,0,65535_65535,1,8,87,497,1,1,1,11,497,28,1,1,allocated
170,699,normal,0,0,65535_65535,1,6,87,497,0,1,0,11,0,28,1,1,pre_allocation
170,699,normal,0,0,65535_65535,1,6,87,543,1,1,1,12,543,28,1,1,allocated
170,699,normal,0,0,65535_65535,1,8,87,497,0,1,0,11,0,28,1,1,pre_allocation
170,699,normal,0,0,65535_65535,1,8,87,543,1,1,1,12,543,28,1,1,allocated
170,699,normal,0,0,65535_65535,1,6,87,543,0,1,0,12,0,28,1,1,pre_allocation
170,699,normal,0,0,65535_65535,1,6,87,589,1,1,1,13,589,28,1,1,allocated
170,699,normal,0,0,65535_65535,1,8,87,543,0,1,0,12,0,28,1,1,pre_allocation
170,699,normal,0,0,65535_65535,1,8,87,589,1,1,1,13,589,28,1,1,allocated
170,699,normal,0,0,65535_65535,1,6,87,589,0,1,0,13,0,28,1,1,pre_allocation
170,699,normal,0,0,65535_65535,1,6,87,634,1,1,1,14,634,28,1,1,allocated
170,699,normal,0,0,65535_65535,1,8,87,589,0,1,0,13,0,28,1,1,pre_allocation
170,699,normal,0,0,65535_65535,1,8,87,634,1,1,1,14,634,28,1,1,allocated
170,699,normal,0,0,65535_65535,1,6,87,634,0,1,0,14,0,28,1,1,pre_allocation
170,699,normal,0,0,65535_65535,1,6,87,680,1,1,1,15,680,28,1,1,allocated
170,699,normal,0,0,65535_65535,1,8,87,634,0,1,0,14,0,28,1,1,pre_allocation
170,699,normal,0,0,65535_65535,1,8,87,680,1,1,1,15,680,28,1,1,allocated
170,699,normal,0,0,65535_65535,1,6,87,680,0,1,0,15,0,28,1,1,pre_allocation
170,699,normal,0,0,65535_65535,1,6,87,725,1,1,1,16,725,28,1,1,allocated
170,699,normal,0,0,65535_65535,1,8,87,680,0,1,0,15,0,28,1,1,pre_allocation
170,699,normal,0,0,65535_65535,1,8,87,725,1,1,1,16,725,28,1,1,allocated
170,699,normal,0,0,65535_65535,1,6,87,725,0,1,0,16,0,28,1,1,pre_allocation
170,699,normal,0,0,65535_65535,1,6,87,771,1,1,1,17,771,28,1,1,allocated
170,699,normal,0,0,65535_65535,1,8,87,725,0,1,0,16,0,28,1,1,pre_allocation
170,699,normal,0,0,65535_65535,1,8,87,771,1,1,1,17,771,28,1,1,allocated
170,699,normal,0,0,65535_65535,1,6,87,771,0,1,0,17,0,28,1,1,pre_allocation
170,699,normal,0,0,65535_65535,1,6,87,816,1,1,1,18,816,28,1,1,allocated
170,699,normal,0,0,65535_65535,1,8,87,771,0,1,0,17,0,28,1,1,pre_allocation
170,699,normal,0,0,65535_65535,1,8,87,816,1,1,1,18,816,28,1,1,allocated
170,699,normal,0,0,65535_65535,1,6,87,816,0,1,0,18,0,28,1,1,pre_allocation
170,699,normal,0,0,65535_65535,1,6,87,862,1,1,1,19,862,28,1,1,allocated
170,699,normal,0,0,65535_65535,1,8,87,816,0,1,0,18,0,28,1,1,pre_allocation
170,699,normal,0,0,65535_65535,1,8,87,862,1,1,1,19,862,28,1,1,allocated
170,699,normal,0,0,65535_65535,1,6,87,862,0,1,0,19,0,28,1,1,pre_allocation
170,699,normal,0,0,65535_65535,1,6,87,907,1,1,1,20,907,28,1,1,allocated
170,699,normal,0,0,65535_65535,1,8,87,862,0,1,0,19,0,28,1,1,pre_allocation
170,699,normal,0,0,65535_65535,1,8,87,907,1,1,1,20,907,28,1,1,allocated
170,699,normal,0,0,65535_65535,1,6,87,907,0,1,0,20,0,28,1,1,pre_allocation
170,699,normal,0,0,65535_65535,1,6,87,953,1,1,1,21,953,28,1,1,allocated
170,699,normal,0,0,65535_65535,1,8,87,907,0,1,0,20,0,28,1,1,pre_allocation
170,699,normal,0,0,65535_65535,1,8,87,953,1,1,1,21,953,28,1,1,allocated
170,699,normal,0,0,65535_65535,1,6,87,953,0,1,0,21,0,28,1,1,pre_allocation
170,699,normal,0,0,65535_65535,1,6,87,998,1,1,1,22,998,28,1,1,allocated
170,699,normal,0,0,65535_65535,1,8,87,953,0,1,0,21,0,28,1,1,pre_allocation
170,699,normal,0,0,65535_65535,1,8,87,998,1,1,1,22,998,28,1,1,allocated
170,699,normal,0,0,65535_65535,1,6,87,998,0,1,0,22,0,28,1,1,pre_allocation
170,699,normal,0,0,65535_65535,1,6,87,1044,1,1,1,23,1044,28,1,1,allocated
170,699,normal,0,0,65535_65535,1,8,87,998,0,1,0,22,0,28,1,1,pre_allocation
170,699,normal,0,0,65535_65535,1,8,87,1044,1,1,1,23,1044,28,1,1,allocated
170,699,normal,0,0,65535_65535,1,6,87,1044,0,1,0,23,0,28,1,1,pre_allocation
170,699,normal,0,0,65535_65535,1,6,87,1089,1,1,1,24,1089,28,1,1,allocated
170,699,normal,0,0,65535_65535,1,8,87,1044,0,1,0,23,0,28,1,1,pre_allocation
170,699,normal,0,0,65535_65535,1,8,87,1089,1,1,1,24,1089,28,1,1,allocated
170,699,normal,0,0,65535_65535,1,6,87,1089,0,1,0,24,0,28,1,1,pre_allocation
170,699,normal,0,0,65535_65535,1,6,87,1135,1,1,1,25,1135,28,1,1,allocated
170,699,normal,0,0,65535_65535,1,8,87,1089,0,1,0,24,0,28,1,1,pre_allocation
170,699,normal,0,0,65535_65535,1,8,87,1135,1,1,1,25,1135,28,1,1,allocated
170,699,normal,0,0,65535_65535,1,6,87,1135,0,1,0,25,0,28,1,1,pre_allocation
170,699,normal,0,0,65535_65535,1,6,87,1181,1,1,1,26,1181,28,1,1,allocated
170,699,normal,0,0,65535_65535,1,8,87,1135,0,1,0,25,0,28,1,1,pre_allocation
170,699,normal,0,0,65535_65535,1,8,87,1181,1,1,1,26,1181,28,1,1,allocated
170,699,normal,0,0,65535_65535,1,6,87,1181,0,1,0,26,0,28,1,1,pre_allocation
170,699,normal,0,0,65535_65535,1,6,87,1226,1,1,1,27,1226,28,1,1,allocated
170,699,normal,0,0,65535_65535,1,8,87,1181,0,1,0,26,0,28,1,1,pre_allocation
170,699,normal,0,0,65535_65535,1,8,87,1226,1,1,1,27,1226,28,1,1,allocated
170,699,normal,0,0,65535_65535,1,6,87,1226,0,1,0,27,0,28,1,1,pre_allocation
170,699,normal,0,0,65535_65535,1,6,87,1272,1,1,1,28,1272,28,1,1,allocated
170,699,normal,0,0,65535_65535,1,8,87,1226,0,1,0,27,0,28,1,1,pre_allocation
170,699,normal,0,0,65535_65535,1,8,87,1272,1,1,1,28,1272,28,1,1,allocated
170,699,normal,0,0,65535_65535,1,6,87,1272,0,1,0,28,0,28,1,1,pre_allocation
170,699,normal,0,0,65535_65535,1,6,87,1317,1,1,1,29,1317,28,1,1,allocated
170,699,normal,0,0,65535_65535,1,8,87,1272,0,1,0,28,0,28,1,1,pre_allocation
170,699,normal,0,0,65535_65535,1,8,87,1317,1,1,1,29,1317,28,1,1,allocated
170,699,normal,0,0,65535_65535,1,6,87,1317,0,1,0,29,0,28,1,1,pre_allocation
170,699,normal,0,0,65535_65535,1,6,87,1363,1,1,1,30,1363,28,1,1,allocated
170,699,normal,0,0,65535_65535,1,8,87,1317,0,1,0,29,0,28,1,1,pre_allocation
170,699,normal,0,0,65535_65535,1,8,87,1363,1,1,1,30,1363,28,1,1,allocated
170,699,normal,0,0,65535_65535,1,6,87,1363,0,1,0,30,0,28,1,1,pre_allocation
170,699,normal,0,0,65535_65535,1,6,87,1408,1,1,1,31,1408,28,1,1,allocated
170,699,normal,0,0,65535_65535,1,8,87,1363,0,1,0,30,0,28,1,1,pre_allocation
170,699,normal,0,0,65535_65535,1,8,87,1408,1,1,1,31,1408,28,1,1,allocated
170,699,normal,0,0,65535_65535,1,6,87,1408,0,1,0,31,0,28,1,1,pre_allocation
170,699,normal,0,0,65535_65535,1,6,87,1454,1,1,1,32,1454,28,1,1,allocated
170,699,normal,0,0,65535_65535,1,8,87,1408,0,1,0,31,0,28,1,1,pre_allocation
170,699,normal,0,0,65535_65535,1,8,87,1454,1,1,1,32,1454,28,1,1,allocated
170,699,normal,0,0,65535_65535,1,6,87,1454,0,1,0,32,0,28,1,1,pre_allocation
170,699,normal,0,0,65535_65535,1,6,87,1499,1,1,1,33,1499,28,1,1,allocated
170,699,normal,0,0,65535_65535,1,8,87,1454,0,1,0,32,0,28,1,1,pre_allocation
170,699,normal,0,0,65535_65535,1,8,87,1499,1,1,1,33,1499,28,1,1,allocated
170,699,normal,0,0,65535_65535,1,6,87,1499,0,1,0,33,0,28,1,1,pre_allocation
170,699,normal,0,0,65535_65535,1,6,87,1542,1,1,1,34,1542,28,1,1,allocated
170,699,normal,0,0,65535_65535,1,8,87,1499,0,1,0,33,0,28,1,1,pre_allocation
170,699,normal,0,0,65535_65535,1,8,87,1542,1,1,1,34,1542,28,1,1,allocated
170,699,normal,0,0,65535_65535,1,6,87,1542,0,1,0,34,0,28,1,1,pre_allocation
170,699,normal,0,0,65535_65535,1,6,87,1587,1,1,1,35,1587,28,1,1,allocated
170,699,normal,0,0,65535_65535,1,8,87,1542,0,1,0,34,0,28,1,1,pre_allocation
170,699,normal,0,0,65535_65535,1,8,87,1587,1,1,1,35,1587,28,1,1,allocated
170,699,normal,0,0,65535_65535,1,6,87,1587,0,1,0,35,0,28,1,1,pre_allocation
170,699,normal,0,0,65535_65535,1,6,87,1633,1,1,1,36,1633,28,1,1,allocated
170,699,normal,0,0,65535_65535,1,8,87,1587,0,1,0,35,0,28,1,1,pre_allocation
170,699,normal,0,0,65535_65535,1,8,87,1633,1,1,1,36,1633,28,1,1,allocated
170,699,normal,0,0,65535_65535,1,6,87,1633,0,1,0,36,0,28,1,1,pre_allocation
170,699,normal,0,0,65535_65535,1,6,87,1678,1,1,1,37,1678,28,1,1,allocated
170,699,normal,0,0,65535_65535,1,8,87,1633,0,1,0,36,0,28,1,1,pre_allocation
170,699,normal,0,0,65535_65535,1,8,87,1678,1,1,1,37,1678,28,1,1,allocated
170,699,normal,0,0,65535_65535,1,6,87,1678,0,1,0,37,0,28,1,1,pre_allocation
170,699,normal,0,0,65535_65535,1,6,87,1724,1,1,1,38,1724,28,1,1,allocated
170,699,normal,0,0,65535_65535,1,8,87,1678,0,1,0,37,0,28,1,1,pre_allocation
170,699,normal,0,0,65535_65535,1,8,87,1724,1,1,1,38,1724,28,1,1,allocated
170,699,normal,0,0,65535_65535,1,6,87,1724,0,1,0,38,0,28,1,1,pre_allocation
170,699,normal,0,0,65535_65535,1,6,87,1770,1,1,1,39,1770,28,1,1,allocated
170,699,normal,0,0,65535_65535,1,8,87,1724,0,1,0,38,0,28,1,1,pre_allocation
170,699,normal,0,0,65535_65535,1,8,87,1770,1,1,1,39,1770,28,1,1,allocated
170,699,normal,0,0,65535_65535,1,6,87,1770,0,1,0,39,0,28,1,1,pre_allocation
170,699,normal,0,0,65535_65535,1,6,87,1815,1,1,1,40,1815,28,1,1,allocated
170,699,normal,0,0,65535_65535,1,8,87,1770,0,1,0,39,0,28,1,1,pre_allocation
170,699,normal,0,0,65535_65535,1,8,87,1815,1,1,1,40,1815,28,1,1,allocated
170,699,normal,0,0,65535_65535,1,6,87,1815,0,1,0,40,0,28,1,1,pre_allocation
170,699,normal,0,0,65535_65535,1,6,87,1861,1,1,1,41,1861,28,1,1,allocated
170,699,normal,0,0,65535_65535,1,8,87,1815,0,1,0,40,0,28,1,1,pre_allocation
170,699,normal,0,0,65535_65535,1,8,87,1861,1,1,1,41,1861,28,1,1,allocated
170,699,normal,0,0,65535_65535,1,6,87,1861,0,1,0,41,0,28,1,1,pre_allocation
170,699,normal,0,0,65535_65535,1,6,87,1906,1,1,1,42,1906,28,1,1,allocated
170,699,normal,0,0,65535_65535,1,8,87,1861,0,1,0,41,0,28,1,1,pre_allocation
170,699,normal,0,0,65535_65535,1,8,87,1906,1,1,1,42,1906,28,1,1,allocated
170,699,normal,0,0,65535_65535,1,6,87,1906,0,1,0,42,0,28,1,1,pre_allocation
170,699,normal,0,0,65535_65535,1,6,87,1952,1,1,1,43,1952,28,1,1,allocated
170,699,normal,0,0,65535_65535,1,8,87,1906,0,1,0,42,0,28,1,1,pre_allocation
170,699,normal,0,0,65535_65535,1,8,87,1952,1,1,1,43,1952,28,1,1,allocated
170,699,normal,0,0,65535_65535,1,6,87,1952,0,1,0,43,0,28,1,1,pre_allocation
170,699,normal,0,0,65535_65535,1,6,87,1997,1,1,1,44,1997,28,1,1,allocated
170,699,normal,0,0,65535_65535,1,8,87,1952,0,1,0,43,0,28,1,1,pre_allocation
170,699,normal,0,0,65535_65535,1,8,87,1997,1,1,1,44,1997,28,1,1,allocated
170,699,normal,0,0,65535_65535,1,6,87,1997,0,1,0,44,0,28,1,1,pre_allocation
170,699,normal,0,0,65535_65535,1,6,87,2043,1,1,1,45,2043,28,1,1,allocated
170,699,normal,0,0,65535_65535,1,8,87,1997,0,1,0,44,0,28,1,1,pre_allocation
170,699,normal,0,0,65535_65535,1,8,87,2043,1,1,1,45,2043,28,1,1,allocated
170,699,normal,0,0,65535_65535,1,6,87,2043,0,1,0,45,0,28,1,1,pre_allocation
170,699,normal,0,0,65535_65535,1,6,87,2088,1,1,1,46,2088,28,1,1,allocated
170,699,normal,0,0,65535_65535,1,8,87,2043,0,1,0,45,0,28,1,1,pre_allocation
170,699,normal,0,0,65535_65535,1,8,87,2088,1,1,1,46,2088,28,1,1,allocated
170,699,normal,0,0,65535_65535,1,6,87,2088,0,1,0,46,0,28,1,1,pre_allocation
170,699,normal,0,0,65535_65535,1,6,87,2134,1,1,1,47,2134,28,1,1,allocated
170,699,normal,0,0,65535_65535,1,8,87,2088,0,1,0,46,0,28,1,1,pre_allocation
170,699,normal,0,0,65535_65535,1,8,87,2134,1,1,1,47,2134,28,1,1,allocated
170,699,normal,0,0,65535_65535,1,6,87,2134,0,1,0,47,0,28,1,1,pre_allocation
170,699,normal,0,0,65535_65535,1,6,87,2179,1,1,1,48,2179,28,1,1,allocated
170,699,normal,0,0,65535_65535,1,8,87,2134,0,1,0,47,0,28,1,1,pre_allocation
170,699,normal,0,0,65535_65535,1,8,87,2179,1,1,1,48,2179,28,1,1,allocated
170,699,normal,0,0,65535_65535,1,6,87,2179,0,1,0,48,0,28,1,1,pre_allocation
170,699,normal,0,0,65535_65535,1,6,87,2225,1,1,1,49,2225,28,1,1,allocated
170,699,normal,0,0,65535_65535,1,8,87,2179,0,1,0,48,0,28,1,1,pre_allocation
170,699,normal,0,0,65535_65535,1,8,87,2225,1,1,1,49,2225,28,1,1,allocated
170,699,normal,0,0,65535_65535,1,6,87,2225,0,1,0,49,0,28,1,1,pre_allocation
170,699,normal,0,0,65535_65535,1,6,87,2271,1,1,1,50,2271,28,1,1,allocated
170,699,normal,0,0,65535_65535,1,8,87,2225,0,1,0,49,0,28,1,1,pre_allocation
170,699,normal,0,0,65535_65535,1,8,87,2271,1,1,1,50,2271,28,1,1,allocated
170,699,normal,0,0,65535_65535,1,6,87,2271,0,1,0,50,0,28,1,1,pre_allocation
170,699,normal,0,0,65535_65535,1,6,87,2313,1,1,1,51,2313,28,1,1,allocated
170,699,normal,0,0,65535_65535,1,8,87,2271,0,1,0,50,0,28,1,1,pre_allocation
170,699,normal,0,0,65535_65535,1,8,87,2313,1,1,1,51,2313,28,1,1,allocated
170,699,normal,0,0,65535_65535,1,6,87,2313,0,1,0,51,0,28,1,1,pre_allocation
170,699,normal,0,0,65535_65535,1,6,87,2359,1,1,1,52,2359,28,1,1,allocated
170,699,normal,0,0,65535_65535,1,8,87,2313,0,1,0,51,0,28,1,1,pre_allocation
170,699,normal,0,0,65535_65535,1,8,87,2359,1,1,1,52,2359,28,1,1,allocated
170,699,normal,0,0,65535_65535,1,6,87,2359,0,1,0,52,0,28,1,1,pre_allocation
170,699,normal,0,0,65535_65535,1,6,87,2404,1,1,1,53,2404,28,1,1,allocated
170,699,normal,0,0,65535_65535,1,8,87,2359,0,1,0,52,0,28,1,1,pre_allocation
170,699,normal,0,0,65535_65535,1,8,87,2404,1,1,1,53,2404,28,1,1,allocated
170,699,normal,0,0,65535_65535,1,6,87,2404,0,1,0,53,0,28,1,1,pre_allocation
170,699,normal,0,0,65535_65535,1,6,87,2450,1,1,1,54,2450,28,1,1,allocated
170,699,normal,0,0,65535_65535,1,8,87,2404,0,1,0,53,0,28,1,1,pre_allocation
170,699,normal,0,0,65535_65535,1,8,87,2450,1,1,1,54,2450,28,1,1,allocated
170,699,normal,0,0,65535_65535,1,6,87,2450,0,1,0,54,0,28,1,1,pre_allocation
170,699,normal,0,0,65535_65535,1,6,87,2495,1,1,1,55,2495,28,1,1,allocated
170,699,normal,0,0,65535_65535,1,8,87,2450,0,1,0,54,0,28,1,1,pre_allocation
170,699,normal,0,0,65535_65535,1,8,87,2495,1,1,1,55,2495,28,1,1,allocated
170,699,normal,0,0,65535_65535,1,6,87,2495,0,1,0,55,0,28,1,1,pre_allocation
170,699,normal,0,0,65535_65535,1,6,87,2541,1,1,1,56,2541,28,1,1,allocated
170,699,normal,0,0,65535_65535,1,8,87,2495,0,1,0,55,0,28,1,1,pre_allocation
170,699,normal,0,0,65535_65535,1,8,87,2541,1,1,1,56,2541,28,1,1,allocated
170,699,normal,0,0,65535_65535,1,6,87,2541,0,1,0,56,0,28,1,1,pre_allocation
170,699,normal,0,0,65535_65535,1,6,87,2586,1,1,1,57,2586,28,1,1,allocated
170,699,normal,0,0,65535_65535,1,8,87,2541,0,1,0,56,0,28,1,1,pre_allocation
170,699,normal,0,0,65535_65535,1,8,87,2586,1,1,1,57,2586,28,1,1,allocated
170,699,normal,0,0,65535_65535,1,6,87,2586,0,1,0,57,0,28,1,1,pre_allocation
170,699,normal,0,0,65535_65535,1,6,87,2632,1,1,1,58,2632,28,1,1,allocated
170,699,normal,0,0,65535_65535,1,8,87,2586,0,1,0,57,0,28,1,1,pre_allocation
170,699,normal,0,0,65535_65535,1,8,87,2632,1,1,1,58,2632,28,1,1,allocated
170,699,normal,0,0,65535_65535,1,6,87,2632,0,1,0,58,0,28,1,1,pre_allocation
170,699,normal,0,0,65535_65535,1,6,87,2677,1,1,1,59,2677,28,1,1,allocated
170,699,normal,0,0,65535_65535,1,8,87,2632,0,1,0,58,0,28,1,1,pre_allocation
170,699,normal,0,0,65535_65535,1,8,87,2677,1,1,1,59,2677,28,1,1,allocated
170,699,normal,0,0,65535_65535,1,6,87,2677,0,1,0,59,0,28,1,1,pre_allocation
170,699,normal,0,0,65535_65535,1,6,87,2723,1,1,1,60,2723,28,1,1,allocated
170,699,normal,0,0,65535_65535,1,8,87,2677,0,1,0,59,0,28,1,1,pre_allocation
170,699,normal,0,0,65535_65535,1,8,87,2723,1,1,1,60,2723,28,1,1,allocated
170,699,normal,0,0,65535_65535,1,6,87,2723,0,1,0,60,0,28,1,1,pre_allocation
170,699,normal,0,0,65535_65535,1,6,87,2768,1,1,1,61,2768,28,1,1,allocated
170,699,normal,0,0,65535_65535,1,8,87,2723,0,1,0,60,0,28,1,1,pre_allocation
170,699,normal,0,0,65535_65535,1,8,87,2768,1,1,1,61,2768,28,1,1,allocated
170,699,normal,0,0,65535_65535,1,6,87,2768,0,1,0,61,0,28,1,1,pre_allocation
170,699,normal,0,0,65535_65535,1,6,87,2814,1,1,1,62,2814,28,1,1,allocated
170,699,normal,0,0,65535_65535,2,24,846,0,0,1,0,0,0,15,1,1,pre_allocation
170,699,normal,0,0,65535_65535,2,24,846,14,1,1,1,1,14,15,1,1,allocated
170,699,normal,0,0,65535_65535,2,23,137,0,0,1,0,0,0,8,1,1,pre_allocation
170,699,normal,0,0,65535_65535,2,23,137,4,1,1,1,1,4,8,1,1,allocated
170,699,normal,0,0,65535_65535,2,11,137,0,0,1,0,0,0,15,1,1,pre_allocation
170,699,normal,0,0,65535_65535,2,11,137,14,1,1,1,1,14,15,1,1,allocated
170,699,normal,0,0,65535_65535,2,21,137,0,0,1,0,0,0,28,1,1,pre_allocation
170,699,normal,0,0,65535_65535,2,21,137,42,1,1,1,1,42,28,1,1,allocated
170,699,normal,0,0,65535_65535,2,27,137,0,0,1,0,0,0,28,1,1,pre_allocation
170,699,normal,0,0,65535_65535,2,27,137,42,1,1,1,1,42,28,1,1,allocated
170,699,normal,0,0,65535_65535,2,22,137,0,0,1,0,0,0,28,1,1,pre_allocation
170,699,normal,0,0,65535_65535,2,22,137,42,1,1,1,1,42,28,1,1,allocated
170,699,normal,0,0,65535_65535,2,25,137,0,0,1,0,0,0,28,1,1,pre_allocation
170,699,normal,0,0,65535_65535,2,25,137,42,1,1,1,1,42,28,1,1,allocated
170,699,normal,0,0,65535_65535,2,12,137,0,0,1,0,0,0,28,1,1,pre_allocation
170,699,normal,0,0,65535_65535,2,12,137,42,1,1,1,1,42,28,1,1,allocated
170,699,normal,0,0,65535_65535,2,28,137,0,0,1,0,0,0,28,1,1,pre_allocation
170,699,normal,0,0,65535_65535,2,28,137,42,1,1,1,1,42,28,1,1,allocated
170,699,normal,0,0,65535_65535,2,24,846,14,0,1,0,1,0,15,1,1,pre_allocation
170,699,normal,0,0,65535_65535,2,24,846,32,1,1,1,2,32,15,1,1,allocated
170,699,normal,0,0,65535_65535,2,23,137,4,0,1,0,1,0,8,1,1,pre_allocation
170,699,normal,0,0,65535_65535,2,23,137,11,1,1,1,2,11,8,1,1,allocated
170,699,normal,0,0,65535_65535,2,11,137,14,0,1,0,1,0,15,1,1,pre_allocation
170,699,normal,0,0,65535_65535,2,11,137,32,1,1,1,2,32,15,1,1,allocated
170,699,normal,0,0,65535_65535,2,21,137,42,0,1,0,1,0,28,1,1,pre_allocation
170,699,normal,0,0,65535_65535,2,21,137,88,1,1,1,2,88,28,1,1,allocated
170,699,normal,0,0,65535_65535,2,27,137,42,0,1,0,1,0,28,1,1,pre_allocation
170,699,normal,0,0,65535_65535,2,27,137,88,1,1,1,2,88,28,1,1,allocated
170,699,normal,0,0,65535_65535,2,22,137,42,0,1,0,1,0,28,1,1,pre_allocation
170,699,normal,0,0,65535_65535,2,22,137,88,1,1,1,2,88,28,1,1,allocated
170,699,normal,0,0,65535_65535,2,25,137,42,0,1,0,1,0,28,1,1,pre_allocation
170,699,normal,0,0,65535_65535,2,25,137,88,1,1,1,2,88,28,1,1,allocated
170,699,normal,0,0,65535_65535,2,12,137,42,0,1,0,1,0,28,1,1,pre_allocation
170,699,normal,0,0,65535_65535,2,12,137,88,1,1,1,2,88,28,1,1,allocated
170,699,normal,0,0,65535_65535,2,28,137,42,0,1,0,1,0,28,1,1,pre_allocation
170,699,normal,0,0,65535_65535,2,28,137,88,1,1,1,2,88,28,1,1,allocated
170,699,normal,0,0,65535_65535,2,24,846,32,0,1,0,2,0,15,1,1,pre_allocation
170,699,normal,0,0,65535_65535,2,24,846,50,1,1,1,3,50,15,1,1,allocated
170,699,normal,0,0,65535_65535,2,23,137,11,0,1,0,2,0,8,1,1,pre_allocation
170,699,normal,0,0,65535_65535,2,23,137,18,1,1,1,3,18,8,1,1,allocated
170,699,normal,0,0,65535_65535,2,11,137,32,0,1,0,2,0,15,1,1,pre_allocation
170,699,normal,0,0,65535_65535,2,11,137,50,1,1,1,3,50,15,1,1,allocated
170,699,normal,0,0,65535_65535,2,21,137,88,0,1,0,2,0,28,1,1,pre_allocation
170,699,normal,0,0,65535_65535,2,21,137,133,1,1,1,3,133,28,1,1,allocated
170,699,normal,0,0,65535_65535,2,27,137,88,0,1,0,2,0,28,1,1,pre_allocation
170,699,normal,0,0,65535_65535,2,27,137,133,1,1,1,3,133,28,1,1,allocated
170,699,normal,0,0,65535_65535,2,22,137,88,0,1,0,2,0,28,1,1,pre_allocation
170,699,normal,0,0,65535_65535,2,22,137,133,1,1,1,3,133,28,1,1,allocated
170,699,normal,0,0,65535_65535,2,25,137,88,0,1,0,2,0,28,1,1,pre_allocation
170,699,normal,0,0,65535_65535,2,25,137,133,1,1,1,3,133,28,1,1,allocated
170,699,normal,0,0,65535_65535,2,12,137,88,0,1,0,2,0,28,1,1,pre_allocation
170,699,normal,0,0,65535_65535,2,12,137,133,1,1,1,3,133,28,1,1,allocated
170,699,normal,0,0,65535_65535,2,28,137,88,0,1,0,2,0,28,1,1,pre_allocation
170,699,normal,0,0,65535_65535,2,28,137,133,1,1,1,3,133,28,1,1,allocated
170,699,normal,0,0,65535_65535,2,24,846,50,0,1,0,3,0,15,1,1,pre_allocation
170,699,normal,0,0,65535_65535,2,24,846,68,1,1,1,4,68,15,1,1,allocated
170,699,normal,0,0,65535_65535,2,23,137,18,0,1,0,3,0,8,1,1,pre_allocation
170,699,normal,0,0,65535_65535,2,23,137,26,1,1,1,4,26,8,1,1,allocated
170,699,normal,0,0,65535_65535,2,11,137,50,0,1,0,3,0,15,1,1,pre_allocation
170,699,normal,0,0,65535_65535,2,11,137,68,1,1,1,4,68,15,1,1,allocated
170,699,normal,0,0,65535_65535,2,21,137,133,0,1,0,3,0,28,1,1,pre_allocation
170,699,normal,0,0,65535_65535,2,21,137,179,1,1,1,4,179,28,1,1,allocated
170,699,normal,0,0,65535_65535,2,27,137,133,0,1,0,3,0,28,1,1,pre_allocation
170,699,normal,0,0,65535_65535,2,27,137,179,1,1,1,4,179,28,1,1,allocated
170,699,normal,0,0,65535_65535,2,22,137,133,0,1,0,3,0,28,1,1,pre_allocation
170,699,normal,0,0,65535_65535,2,22,137,179,1,1,1,4,179,28,1,1,allocated
170,699,normal,0,0,65535_65535,2,25,137,133,0,1,0,3,0,28,1,1,pre_allocation
170,699,normal,0,0,65535_65535,2,25,137,179,1,1,1,4,179,28,1,1,allocated
170,699,normal,0,0,65535_65535,2,12,137,133,0,1,0,3,0,28,1,1,pre_allocation
170,699,normal,0,0,65535_65535,2,12,137,179,1,1,1,4,179,28,1,1,allocated
170,699,normal,0,0,65535_65535,2,28,137,133,0,1,0,3,0,28,1,1,pre_allocation
170,699,normal,0,0,65535_65535,2,28,137,179,1,1,1,4,179,28,1,1,allocated
170,699,normal,0,0,65535_65535,2,24,846,68,0,1,0,4,0,15,1,1,pre_allocation
170,699,normal,0,0,65535_65535,2,24,846,86,1,1,1,5,86,15,1,1,allocated
170,699,normal,0,0,65535_65535,2,23,137,26,0,1,0,4,0,8,1,1,pre_allocation
170,699,normal,0,0,65535_65535,2,23,137,33,1,1,1,5,33,8,1,1,allocated
170,699,normal,0,0,65535_65535,2,11,137,68,0,1,0,4,0,15,1,1,pre_allocation
170,699,normal,0,0,65535_65535,2,11,137,86,1,1,1,5,86,15,1,1,allocated
170,699,normal,0,0,65535_65535,2,21,137,179,0,1,0,4,0,28,1,1,pre_allocation
170,699,normal,0,0,65535_65535,2,21,137,224,1,1,1,5,224,28,1,1,allocated
170,699,normal,0,0,65535_65535,2,27,137,179,0,1,0,4,0,28,1,1,pre_allocation
170,699,normal,0,0,65535_65535,2,27,137,224,1,1,1,5,224,28,1,1,allocated
170,699,normal,0,0,65535_65535,2,22,137,179,0,1,0,4,0,28,1,1,pre_allocation
170,699,normal,0,0,65535_65535,2,22,137,224,1,1,1,5,224,28,1,1,allocated
170,699,normal,0,0,65535_65535,2,25,137,179,0,1,0,4,0,28,1,1,pre_allocation
170,699,normal,0,0,65535_65535,2,25,137,224,1,1,1,5,224,28,1,1,allocated
170,699,normal,0,0,65535_65535,2,12,137,179,0,1,0,4,0,28,1,1,pre_allocation
170,699,normal,0,0,65535_65535,2,12,137,224,1,1,1,5,224,28,1,1,allocated
170,699,normal,0,0,65535_65535,2,28,137,179,0,1,0,4,0,28,1,1,pre_allocation
170,699,normal,0,0,65535_65535,2,28,137,224,1,1,1,5,224,28,1,1,allocated
170,699,normal,0,0,65535_65535,2,24,846,86,0,1,0,5,0,15,1,1,pre_allocation
170,699,normal,0,0,65535_65535,2,24,846,103,1,1,1,6,103,15,1,1,allocated
170,699,normal,0,0,65535_65535,2,23,137,33,0,1,0,5,0,8,1,1,pre_allocation
170,699,normal,0,0,65535_65535,2,23,137,40,1,1,1,6,40,8,1,1,allocated
170,699,normal,0,0,65535_65535,2,11,137,86,0,1,0,5,0,15,1,1,pre_allocation
170,699,normal,0,0,65535_65535,2,11,137,103,1,1,1,6,103,15,1,1,allocated
170,699,normal,0,0,65535_65535,2,21,137,224,0,1,0,5,0,28,1,1,pre_allocation
170,699,normal,0,0,65535_65535,2,21,137,270,1,1,1,6,270,28,1,1,allocated
170,699,normal,0,0,65535_65535,2,27,137,224,0,1,0,5,0,28,1,1,pre_allocation
170,699,normal,0,0,65535_65535,2,27,137,270,1,1,1,6,270,28,1,1,allocated
170,699,normal,0,0,65535_65535,2,22,137,224,0,1,0,5,0,28,1,1,pre_allocation
170,699,normal,0,0,65535_65535,2,22,137,270,1,1,1,6,270,28,1,1,allocated
170,699,normal,0,0,65535_65535,2,25,137,224,0,1,0,5,0,28,1,1,pre_allocation
170,699,normal,0,0,65535_65535,2,25,137,270,1,1,1,6,270,28,1,1,allocated
170,699,normal,0,0,65535_65535,2,12,137,224,0,1,0,5,0,28,1,1,pre_allocation
170,699,normal,0,0,65535_65535,2,12,137,270,1,1,1,6,270,28,1,1,allocated
170,699,normal,0,0,65535_65535,2,28,137,224,0,1,0,5,0,28,1,1,pre_allocation
170,699,normal,0,0,65535_65535,2,28,137,270,1,1,1,6,270,28,1,1,allocated
170,699,normal,0,0,65535_65535,2,24,846,103,0,1,0,6,0,15,1,1,pre_allocation
170,699,normal,0,0,65535_65535,2,24,846,121,1,1,1,7,121,15,1,1,allocated
170,699,normal,0,0,65535_65535,2,23,137,40,0,1,0,6,0,8,1,1,pre_allocation
170,699,normal,0,0,65535_65535,2,23,137,47,1,1,1,7,47,8,1,1,allocated
170,699,normal,0,0,65535_65535,2,11,137,103,0,1,0,6,0,15,1,1,pre_allocation
170,699,normal,0,0,65535_65535,2,11,137,121,1,1,1,7,121,15,1,1,allocated
170,699,normal,0,0,65535_65535,2,21,137,270,0,1,0,6,0,28,1,1,pre_allocation
170,699,normal,0,0,65535_65535,2,21,137,315,1,1,1,7,315,28,1,1,allocated
170,699,normal,0,0,65535_65535,2,27,137,270,0,1,0,6,0,28,1,1,pre_allocation
170,699,normal,0,0,65535_65535,2,27,137,315,1,1,1,7,315,28,1,1,allocated
170,699,normal,0,0,65535_65535,2,22,137,270,0,1,0,6,0,28,1,1,pre_allocation
170,699,normal,0,0,65535_65535,2,22,137,315,1,1,1,7,315,28,1,1,allocated
170,699,normal,0,0,65535_65535,2,25,137,270,0,1,0,6,0,28,1,1,pre_allocation
170,699,normal,0,0,65535_65535,2,25,137,315,1,1,1,7,315,28,1,1,allocated
170,699,normal,0,0,65535_65535,2,12,137,270,0,1,0,6,0,28,1,1,pre_allocation
170,699,normal,0,0,65535_65535,2,12,137,315,1,1,1,7,315,28,1,1,allocated
170,699,normal,0,0,65535_65535,2,28,137,270,0,1,0,6,0,28,1,1,pre_allocation
170,699,normal,0,0,65535_65535,2,28,137,315,1,1,1,7,315,28,1,1,allocated
170,699,normal,0,0,65535_65535,2,24,846,121,0,1,0,7,0,15,1,1,pre_allocation
170,699,normal,0,0,65535_65535,2,24,846,139,1,1,1,8,139,15,1,1,allocated
170,699,normal,0,0,65535_65535,2,23,137,47,0,1,0,7,0,8,1,1,pre_allocation
170,699,normal,0,0,65535_65535,2,23,137,55,1,1,1,8,55,8,1,1,allocated
170,699,normal,0,0,65535_65535,2,11,137,121,0,1,0,7,0,15,1,1,pre_allocation
170,699,normal,0,0,65535_65535,2,11,137,139,1,1,1,8,139,15,1,1,allocated
170,699,normal,0,0,65535_65535,2,21,137,315,0,1,0,7,0,28,1,1,pre_allocation
170,699,normal,0,0,65535_65535,2,21,137,361,1,1,1,8,361,28,1,1,allocated
170,699,normal,0,0,65535_65535,2,27,137,315,0,1,0,7,0,28,1,1,pre_allocation
170,699,normal,0,0,65535_65535,2,27,137,361,1,1,1,8,361,28,1,1,allocated
170,699,normal,0,0,65535_65535,2,22,137,315,0,1,0,7,0,28,1,1,pre_allocation
170,699,normal,0,0,65535_65535,2,22,137,361,1,1,1,8,361,28,1,1,allocated
170,699,normal,0,0,65535_65535,2,25,137,315,0,1,0,7,0,28,1,1,pre_allocation
170,699,normal,0,0,65535_65535,2,25,137,361,1,1,1,8,361,28,1,1,allocated
170,699,normal,0,0,65535_65535,2,12,137,315,0,1,0,7,0,28,1,1,pre_allocation
170,699,normal,0,0,65535_65535,2,12,137,361,1,1,1,8,361,28,1,1,allocated
170,699,normal,0,0,65535_65535,2,28,137,315,0,1,0,7,0,28,1,1,pre_allocation
170,699,normal,0,0,65535_65535,2,28,137,361,1,1,1,8,361,28,1,1,allocated
282,797,normal,0,0,65535_65535,0,2,452803,0,0,1,0,0,0,6,1,1,pre_allocation
282,797,normal,0,0,65535_65535,0,2,452803,1,1,1,1,1,1,6,1,1,allocated
282,797,normal,0,0,65535_65535,0,3,388495,0,0,1,0,0,0,8,1,1,pre_allocation
282,797,normal,0,0,65535_65535,0,3,388495,4,1,1,1,1,4,8,1,1,allocated
282,797,normal,0,0,65535_65535,0,4,411015,0,0,1,0,0,0,15,1,1,pre_allocation
282,797,normal,0,0,65535_65535,0,4,411015,14,1,1,1,1,14,15,1,1,allocated
282,797,normal,0,0,65535_65535,0,2,452803,1,0,1,0,1,0,6,1,1,pre_allocation
282,797,normal,0,0,65535_65535,0,2,452803,6,1,1,1,2,6,6,1,1,allocated
282,797,normal,0,0,65535_65535,0,3,388495,4,0,1,0,1,0,8,1,1,pre_allocation
282,797,normal,0,0,65535_65535,0,3,388495,11,1,1,1,2,11,8,1,1,allocated
282,797,normal,0,0,65535_65535,0,4,411015,14,0,1,0,1,0,15,1,1,pre_allocation
282,797,normal,0,0,65535_65535,0,4,411015,32,1,1,1,2,32,15,1,1,allocated
282,797,normal,0,0,65535_65535,0,2,452803,6,0,1,0,2,0,6,1,1,pre_allocation
282,797,normal,0,0,65535_65535,0,2,452803,11,1,1,1,3,11,6,1,1,allocated
282,797,normal,0,0,65535_65535,0,3,388495,11,0,1,0,2,0,8,1,1,pre_allocation
282,797,normal,0,0,65535_65535,0,3,388495,18,1,1,1,3,18,8,1,1,allocated
282,797,normal,0,0,65535_65535,0,4,411015,32,0,1,0,2,0,15,1,1,pre_allocation
282,797,normal,0,0,65535_65535,0,4,411015,50,1,1,1,3,50,15,1,1,allocated
282,797,normal,0,0,65535_65535,0,2,452803,11,0,1,0,3,0,6,1,1,pre_allocation
282,797,normal,0,0,65535_65535,0,2,452803,16,1,1,1,4,16,6,1,1,allocated
282,797,normal,0,0,65535_65535,0,3,388495,18,0,1,0,3,0,8,1,1,pre_allocation
282,797,normal,0,0,65535_65535,0,3,388495,26,1,1,1,4,26,8,1,1,allocated
282,797,normal,0,0,65535_65535,0,4,411015,50,0,1,0,3,0,15,1,1,pre_allocation
282,797,normal,0,0,65535_65535,0,4,411015,68,1,1,1,4,68,15,1,1,allocated
282,797,normal,0,0,65535_65535,0,2,452803,16,0,1,0,4,0,6,1,1,pre_allocation
282,797,normal,0,0,65535_65535,0,2,452803,21,1,1,1,5,21,6,1,1,allocated
282,797,normal,0,0,65535_65535,0,3,388495,26,0,1,0,4,0,8,1,1,pre_allocation
282,797,normal,0,0,65535_65535,0,3,388495,33,1,1,1,5,33,8,1,1,allocated
282,797,normal,0,0,65535_65535,0,4,411015,68,0,1,0,4,0,15,1,1,pre_allocation
282,797,normal,0,0,65535_65535,0,4,411015,86,1,1,1,5,86,15,1,1,allocated
282,797,normal,0,0,65535_65535,0,2,452803,21,0,1,0,5,0,6,1,1,pre_allocation
282,797,normal,0,0,65535_65535,0,2,452803,26,1,1,1,6,26,6,1,1,allocated
282,797,normal,0,0,65535_65535,0,3,388495,33,0,1,0,5,0,8,1,1,pre_allocation
282,797,normal,0,0,65535_65535,0,3,388495,40,1,1,1,6,40,8,1,1,allocated
282,797,normal,0,0,65535_65535,0,4,411015,86,0,1,0,5,0,15,1,1,pre_allocation
282,797,normal,0,0,65535_65535,0,4,411015,103,1,1,1,6,103,15,1,1,allocated
282,797,normal,0,0,65535_65535,0,2,452803,26,0,1,0,6,0,6,1,1,pre_allocation
282,797,normal,0,0,65535_65535,0,2,452803,31,1,1,1,7,31,6,1,1,allocated
282,797,normal,0,0,65535_65535,0,3,388495,40,0,1,0,6,0,8,1,1,pre_allocation
282,797,normal,0,0,65535_65535,0,3,388495,47,1,1,1,7,47,8,1,1,allocated
282,797,normal,0,0,65535_65535,0,4,411015,103,0,1,0,6,0,15,1,1,pre_allocation
282,797,normal,0,0,65535_65535,0,4,411015,121,1,1,1,7,121,15,1,1,allocated
282,797,normal,0,0,65535_65535,0,2,452803,31,0,1,0,7,0,6,1,1,pre_allocation
282,797,normal,0,0,65535_65535,0,2,452803,36,1,1,1,8,36,6,1,1,allocated
282,797,normal,0,0,65535_65535,0,3,388495,47,0,1,0,7,0,8,1,1,pre_allocation
282,797,normal,0,0,65535_65535,0,3,388495,55,1,1,1,8,55,8,1,1,allocated
282,797,normal,0,0,65535_65535,0,4,411015,121,0,1,0,7,0,15,1,1,pre_allocation
282,797,normal,0,0,65535_65535,0,4,411015,139,1,1,1,8,139,15,1,1,allocated
282,797,normal,0,0,65535_65535,0,2,452803,36,0,1,0,8,0,6,1,1,pre_allocation
282,797,normal,0,0,65535_65535,0,2,452803,41,1,1,1,9,41,6,1,1,allocated
282,797,normal,0,0,65535_65535,0,3,388495,55,0,1,0,8,0,8,1,1,pre_allocation
282,797,normal,0,0,65535_65535,0,3,388495,62,1,1,1,9,62,8,1,1,allocated
282,797,normal,0,0,65535_65535,0,4,411015,139,0,1,0,8,0,15,1,1,pre_allocation
282,797,normal,0,0,65535_65535,0,4,411015,157,1,1,1,9,157,15,1,1,allocated
282,797,normal,0,0,65535_65535,0,2,452803,41,0,1,0,9,0,6,1,1,pre_allocation
282,797,normal,0,0,65535_65535,0,2,452803,46,1,1,1,10,46,6,1,1,allocated
282,797,normal,0,0,65535_65535,0,3,388495,62,0,1,0,9,0,8,1,1,pre_allocation
282,797,normal,0,0,65535_65535,0,3,388495,69,1,1,1,10,69,8,1,1,allocated
282,797,normal,0,0,65535_65535,0,4,411015,157,0,1,0,9,0,15,1,1,pre_allocation
282,797,normal,0,0,65535_65535,0,4,411015,175,1,1,1,10,175,15,1,1,allocated
282,797,normal,0,0,65535_65535,0,2,452803,46,0,1,0,10,0,6,1,1,pre_allocation
282,797,normal,0,0,65535_65535,0,2,452803,51,1,1,1,11,51,6,1,1,allocated
282,797,normal,0,0,65535_65535,0,3,388495,69,0,1,0,10,0,8,1,1,pre_allocation
282,797,normal,0,0,65535_65535,0,3,388495,76,1,1,1,11,76,8,1,1,allocated
282,797,normal,0,0,65535_65535,0,4,411015,175,0,1,0,10,0,15,1,1,pre_allocation
282,797,normal,0,0,65535_65535,0,4,411015,193,1,1,1,11,193,15,1,1,allocated
282,797,normal,0,0,65535_65535,0,2,452803,51,0,1,0,11,0,6,1,1,pre_allocation
282,797,normal,0,0,65535_65535,0,2,452803,56,1,1,1,12,56,6,1,1,allocated
282,797,normal,0,0,65535_65535,0,3,388495,76,0,1,0,11,0,8,1,1,pre_allocation
282,797,normal,0,0,65535_65535,0,3,388495,84,1,1,1,12,84,8,1,1,allocated
282,797,normal,0,0,65535_65535,0,4,411015,193,0,1,0,11,0,15,1,1,pre_allocation
282,797,normal,0,0,65535_65535,0,4,411015,210,1,1,1,12,210,15,1,1,allocated
282,797,normal,0,0,65535_65535,0,2,452803,56,0,1,0,12,0,6,1,1,pre_allocation
282,797,normal,0,0,65535_65535,0,2,452803,61,1,1,1,13,61,6,1,1,allocated
282,797,normal,0,0,65535_65535,0,3,388495,84,0,1,0,12,0,8,1,1,pre_allocation
282,797,normal,0,0,65535_65535,0,3,388495,91,1,1,1,13,91,8,1,1,allocated
282,797,normal,0,0,65535_65535,0,4,411015,210,0,1,0,12,0,15,1,1,pre_allocation
282,797,normal,0,0,65535_65535,0,4,411015,228,1,1,1,13,228,15,1,1,allocated
282,797,normal,0,0,65535_65535,0,2,452803,61,0,1,0,13,0,6,1,1,pre_allocation
282,797,normal,0,0,65535_65535,0,2,452803,66,1,1,1,14,66,6,1,1,allocated
282,797,normal,0,0,65535_65535,0,3,388495,91,0,1,0,13,0,8,1,1,pre_allocation
282,797,normal,0,0,65535_65535,0,3,388495,98,1,1,1,14,98,8,1,1,allocated
282,797,normal,0,0,65535_65535,0,4,411015,228,0,1,0,13,0,15,1,1,pre_allocation
282,797,normal,0,0,65535_65535,0,4,411015,246,1,1,1,14,246,15,1,1,allocated
282,797,normal,0,0,65535_65535,0,2,452803,66,0,1,0,14,0,6,1,1,pre_allocation
282,797,normal,0,0,65535_65535,0,2,452803,71,1,1,1,15,71,6,1,1,allocated
282,797,normal,0,0,65535_65535,0,3,388495,98,0,1,0,14,0,8,1,1,pre_allocation
282,797,normal,0,0,65535_65535,0,3,388495,105,1,1,1,15,105,8,1,1,allocated
282,797,normal,0,0,65535_65535,0,4,411015,246,0,1,0,14,0,15,1,1,pre_allocation
282,797,normal,0,0,65535_65535,0,4,411015,264,1,1,1,15,264,15,1,1,allocated
282,797,normal,0,0,65535_65535,0,2,452803,71,0,1,0,15,0,6,1,1,pre_allocation
282,797,normal,0,0,65535_65535,0,2,452803,76,1,1,1,16,76,6,1,1,allocated
282,797,normal,0,0,65535_65535,0,3,388495,105,0,1,0,15,0,8,1,1,pre_allocation
282,797,normal,0,0,65535_65535,0,3,388495,113,1,1,1,16,113,8,1,1,allocated
282,797,normal,0,0,65535_65535,0,4,411015,264,0,1,0,15,0,15,1,1,pre_allocation
282,797,normal,0,0,65535_65535,0,4,411015,282,1,1,1,16,282,15,1,1,allocated
282,797,normal,0,0,65535_65535,0,2,452803,76,0,1,0,16,0,6,1,1,pre_allocation
282,797,normal,0,0,65535_65535,0,2,452803,81,1,1,1,17,81,6,1,1,allocated
282,797,normal,0,0,65535_65535,0,3,388495,113,0,1,0,16,0,8,1,1,pre_allocation
282,797,normal,0,0,65535_65535,0,3,388495,120,1,1,1,17,120,8,1,1,allocated
282,797,normal,0,0,65535_65535,0,4,411015,282,0,1,0,16,0,15,1,1,pre_allocation
282,797,normal,0,0,65535_65535,0,4,411015,299,1,1,1,17,299,15,1,1,allocated
282,797,normal,0,0,65535_65535,0,2,452803,81,0,1,0,17,0,6,1,1,pre_allocation
282,797,normal,0,0,65535_65535,0,2,452803,86,1,1,1,18,86,6,1,1,allocated
282,797,normal,0,0,65535_65535,0,3,388495,120,0,1,0,17,0,8,1,1,pre_allocation
282,797,normal,0,0,65535_65535,0,3,388495,127,1,1,1,18,127,8,1,1,allocated
282,797,normal,0,0,65535_65535,0,4,411015,299,0,1,0,17,0,15,1,1,pre_allocation
282,797,normal,0,0,65535_65535,0,4,411015,317,1,1,1,18,317,15,1,1,allocated
282,797,normal,0,0,65535_65535,0,2,452803,86,0,1,0,18,0,6,1,1,pre_allocation
282,797,normal,0,0,65535_65535,0,2,452803,91,1,1,1,19,91,6,1,1,allocated
282,797,normal,0,0,65535_65535,0,3,388495,127,0,1,0,18,0,8,1,1,pre_allocation
282,797,normal,0,0,65535_65535,0,3,388495,134,1,1,1,19,134,8,1,1,allocated
282,797,normal,0,0,65535_65535,0,4,411015,317,0,1,0,18,0,15,1,1,pre_allocation
282,797,normal,0,0,65535_65535,0,4,411015,335,1,1,1,19,335,15,1,1,allocated
282,797,normal,0,0,65535_65535,0,2,452803,91,0,1,0,19,0,6,1,1,pre_allocation
282,797,normal,0,0,65535_65535,0,2,452803,96,1,1,1,20,96,6,1,1,allocated
282,797,normal,0,0,65535_65535,0,3,388495,134,0,1,0,19,0,8,1,1,pre_allocation
282,797,normal,0,0,65535_65535,0,3,388495,142,1,1,1,20,142,8,1,1,allocated
282,797,normal,0,0,65535_65535,0,4,411015,335,0,1,0,19,0,15,1,1,pre_allocation
282,797,normal,0,0,65535_65535,0,4,411015,353,1,1,1,20,353,15,1,1,allocated
282,797,normal,0,0,65535_65535,0,2,452803,96,0,1,0,20,0,6,1,1,pre_allocation
282,797,normal,0,0,65535_65535,0,2,452803,100,1,1,1,21,100,6,1,1,allocated
282,797,normal,0,0,65535_65535,0,3,388495,142,0,1,0,20,0,8,1,1,pre_allocation
282,797,normal,0,0,65535_65535,0,3,388495,149,1,1,1,21,149,8,1,1,allocated
282,797,normal,0,0,65535_65535,0,4,411015,353,0,1,0,20,0,15,1,1,pre_allocation
282,797,normal,0,0,65535_65535,0,4,411015,371,1,1,1,21,371,15,1,1,allocated
282,797,normal,0,0,65535_65535,0,2,452803,100,0,1,0,21,0,6,1,1,pre_allocation
282,797,normal,0,0,65535_65535,0,2,452803,105,1,1,1,22,105,6,1,1,allocated
282,797,normal,0,0,65535_65535,0,3,388495,149,0,1,0,21,0,8,1,1,pre_allocation
282,797,normal,0,0,65535_65535,0,3,388495,156,1,1,1,22,156,8,1,1,allocated
282,797,normal,0,0,65535_65535,0,4,411015,371,0,1,0,21,0,15,1,1,pre_allocation
282,797,normal,0,0,65535_65535,0,4,411015,389,1,1,1,22,389,15,1,1,allocated
282,797,normal,0,0,65535_65535,0,2,452803,105,0,1,0,22,0,6,1,1,pre_allocation
282,797,normal,0,0,65535_65535,0,2,452803,110,1,1,1,23,110,6,1,1,allocated
282,797,normal,0,0,65535_65535,0,3,388495,156,0,1,0,22,0,8,1,1,pre_allocation
282,797,normal,0,0,65535_65535,0,3,388495,163,1,1,1,23,163,8,1,1,allocated
282,797,normal,0,0,65535_65535,0,4,411015,389,0,1,0,22,0,15,1,1,pre_allocation
282,797,normal,0,0,65535_65535,0,4,411015,406,1,1,1,23,406,15,1,1,allocated
282,797,normal,0,0,65535_65535,0,2,452803,110,0,1,0,23,0,6,1,1,pre_allocation
282,797,normal,0,0,65535_65535,0,2,452803,115,1,1,1,24,115,6,1,1,allocated
282,797,normal,0,0,65535_65535,0,3,388495,163,0,1,0,23,0,8,1,1,pre_allocation
282,797,normal,0,0,65535_65535,0,3,388495,171,1,1,1,24,171,8,1,1,allocated
282,797,normal,0,0,65535_65535,0,4,411015,406,0,1,0,23,0,15,1,1,pre_allocation
282,797,normal,0,0,65535_65535,0,4,411015,424,1,1,1,24,424,15,1,1,allocated
282,797,normal,0,0,65535_65535,0,2,452803,115,0,1,0,24,0,6,1,1,pre_allocation
282,797,normal,0,0,65535_65535,0,2,452803,120,1,1,1,25,120,6,1,1,allocated
282,797,normal,0,0,65535_65535,0,3,388495,171,0,1,0,24,0,8,1,1,pre_allocation
282,797,normal,0,0,65535_65535,0,3,388495,178,1,1,1,25,178,8,1,1,allocated
282,797,normal,0,0,65535_65535,0,4,411015,424,0,1,0,24,0,15,1,1,pre_allocation
282,797,normal,0,0,65535_65535,0,4,411015,442,1,1,1,25,442,15,1,1,allocated
282,797,normal,0,0,65535_65535,0,2,452803,120,0,1,0,25,0,6,1,1,pre_allocation
282,797,normal,0,0,65535_65535,0,2,452803,125,1,1,1,26,125,6,1,1,allocated
282,797,normal,0,0,65535_65535,0,3,388495,178,0,1,0,25,0,8,1,1,pre_allocation
282,797,normal,0,0,65535_65535,0,3,388495,185,1,1,1,26,185,8,1,1,allocated
282,797,normal,0,0,65535_65535,0,4,411015,442,0,1,0,25,0,15,1,1,pre_allocation
282,797,normal,0,0,65535_65535,0,4,411015,460,1,1,1,26,460,15,1,1,allocated
282,797,normal,0,0,65535_65535,0,2,452803,125,0,1,0,26,0,6,1,1,pre_allocation
282,797,normal,0,0,65535_65535,0,2,452803,130,1,1,1,27,130,6,1,1,allocated
282,797,normal,0,0,65535_65535,0,3,388495,185,0,1,0,26,0,8,1,1,pre_allocation
282,797,normal,0,0,65535_65535,0,3,388495,193,1,1,1,27,193,8,1,1,allocated
282,797,normal,0,0,65535_65535,0,4,411015,460,0,1,0,26,0,15,1,1,pre_allocation
282,797,normal,0,0,65535_65535,0,4,411015,478,1,1,1,27,478,15,1,1,allocated
282,797,normal,0,0,65535_65535,0,2,452803,130,0,1,0,27,0,6,1,1,pre_allocation
282,797,normal,0,0,65535_65535,0,2,452803,135,1,1,1,28,135,6,1,1,allocated
282,797,normal,0,0,65535_65535,0,3,388495,193,0,1,0,27,0,8,1,1,pre_allocation
282,797,normal,0,0,65535_65535,0,3,388495,200,1,1,1,28,200,8,1,1,allocated
282,797,normal,0,0,65535_65535,0,4,411015,478,0,1,0,27,0,15,1,1,pre_allocation
282,797,normal,0,0,65535_65535,0,4,411015,495,1,1,1,28,495,15,1,1,allocated
282,797,normal,0,0,65535_65535,0,2,452803,135,0,1,0,28,0,6,1,1,pre_allocation
282,797,normal,0,0,65535_65535,0,2,452803,140,1,1,1,29,140,6,1,1,allocated
282,797,normal,0,0,65535_65535,0,3,388495,200,0,1,0,28,0,8,1,1,pre_allocation
282,797,normal,0,0,65535_65535,0,3,388495,207,1,1,1,29,207,8,1,1,allocated
282,797,normal,0,0,65535_65535,0,4,411015,495,0,1,0,28,0,15,1,1,pre_allocation
282,797,normal,0,0,65535_65535,0,4,411015,513,1,1,1,29,513,15,1,1,allocated
282,797,normal,0,0,65535_65535,0,2,452803,140,0,1,0,29,0,6,1,1,pre_allocation
282,797,normal,0,0,65535_65535,0,2,452803,145,1,1,1,30,145,6,1,1,allocated
282,797,normal,0,0,65535_65535,0,3,388495,207,0,1,0,29,0,8,1,1,pre_allocation
282,797,normal,0,0,65535_65535,0,3,388495,214,1,1,1,30,214,8,1,1,allocated
282,797,normal,0,0,65535_65535,0,4,411015,513,0,1,0,29,0,15,1,1,pre_allocation
282,797,normal,0,0,65535_65535,0,4,411015,531,1,1,1,30,531,15,1,1,allocated
282,797,normal,0,0,65535_65535,0,2,452803,145,0,1,0,30,0,6,1,1,pre_allocation
282,797,normal,0,0,65535_65535,0,2,452803,150,1,1,1,31,150,6,1,1,allocated
282,797,normal,0,0,65535_65535,0,3,388495,214,0,1,0,30,0,8,1,1,pre_allocation
282,797,normal,0,0,65535_65535,0,3,388495,222,1,1,1,31,222,8,1,1,allocated
282,797,normal,0,0,65535_65535,0,4,411015,531,0,1,0,30,0,15,1,1,pre_allocation
282,797,normal,0,0,65535_65535,0,4,411015,549,1,1,1,31,549,15,1,1,allocated
282,797,normal,0,0,65535_65535,0,2,452803,150,0,1,0,31,0,6,1,1,pre_allocation
282,797,normal,0,0,65535_65535,0,2,452803,155,1,1,1,32,155,6,1,1,allocated
282,797,normal,0,0,65535_65535,0,3,388495,222,0,1,0,31,0,8,1,1,pre_allocation
282,797,normal,0,0,65535_65535,0,3,388495,229,1,1,1,32,229,8,1,1,allocated
282,797,normal,0,0,65535_65535,0,4,411015,549,0,1,0,31,0,15,1,1,pre_allocation
282,797,normal,0,0,65535_65535,0,4,411015,567,1,1,1,32,567,15,1,1,allocated
282,797,normal,0,0,65535_65535,0,2,452803,155,0,1,0,32,0,6,1,1,pre_allocation
282,797,normal,0,0,65535_65535,0,2,452803,160,1,1,1,33,160,6,1,1,allocated
282,797,normal,0,0,65535_65535,0,3,388495,229,0,1,0,32,0,8,1,1,pre_allocation
282,797,normal,0,0,65535_65535,0,3,388495,236,1,1,1,33,236,8,1,1,allocated
282,797,normal,0,0,65535_65535,0,4,411015,567,0,1,0,32,0,15,1,1,pre_allocation
282,797,normal,0,0,65535_65535,0,4,411015,585,1,1,1,33,585,15,1,1,allocated
282,797,normal,0,0,65535_65535,0,2,452803,160,0,1,0,33,0,6,1,1,pre_allocation
282,797,normal,0,0,65535_65535,0,2,452803,165,1,1,1,34,165,6,1,1,allocated
282,797,normal,0,0,65535_65535,0,3,388495,236,0,1,0,33,0,8,1,1,pre_allocation
282,797,normal,0,0,65535_65535,0,3,388495,243,1,1,1,34,243,8,1,1,allocated
282,797,normal,0,0,65535_65535,0,4,411015,585,0,1,0,33,0,15,1,1,pre_allocation
282,797,normal,0,0,65535_65535,0,4,411015,602,1,1,1,34,602,15,1,1,allocated
282,797,normal,0,0,65535_65535,0,2,452803,165,0,1,0,34,0,6,1,1,pre_allocation
282,797,normal,0,0,65535_65535,0,2,452803,170,1,1,1,35,170,6,1,1,allocated
282,797,normal,0,0,65535_65535,0,3,388495,243,0,1,0,34,0,8,1,1,pre_allocation
282,797,normal,0,0,65535_65535,0,3,388495,251,1,1,1,35,251,8,1,1,allocated
282,797,normal,0,0,65535_65535,0,4,411015,602,0,1,0,34,0,15,1,1,pre_allocation
282,797,normal,0,0,65535_65535,0,4,411015,620,1,1,1,35,620,15,1,1,allocated
282,797,normal,0,0,65535_65535,0,2,452803,170,0,1,0,35,0,6,1,1,pre_allocation
282,797,normal,0,0,65535_65535,0,2,452803,175,1,1,1,36,175,6,1,1,allocated
282,797,normal,0,0,65535_65535,0,3,388495,251,0,1,0,35,0,8,1,1,pre_allocation
282,797,normal,0,0,65535_65535,0,3,388495,258,1,1,1,36,258,8,1,1,allocated
282,797,normal,0,0,65535_65535,0,4,411015,620,0,1,0,35,0,15,1,1,pre_allocation
282,797,normal,0,0,65535_65535,0,4,411015,638,1,1,1,36,638,15,1,1,allocated
282,797,normal,0,0,65535_65535,0,2,452803,175,0,1,0,36,0,6,1,1,pre_allocation
282,797,normal,0,0,65535_65535,0,2,452803,180,1,1,1,37,180,6,1,1,allocated
282,797,normal,0,0,65535_65535,0,3,388495,258,0,1,0,36,0,8,1,1,pre_allocation
282,797,normal,0,0,65535_65535,0,3,388495,265,1,1,1,37,265,8,1,1,allocated
282,797,normal,0,0,65535_65535,0,4,411015,638,0,1,0,36,0,15,1,1,pre_allocation
282,797,normal,0,0,65535_65535,0,4,411015,656,1,1,1,37,656,15,1,1,allocated
282,797,normal,0,0,65535_65535,0,2,452803,180,0,1,0,37,0,6,1,1,pre_allocation
282,797,normal,0,0,65535_65535,0,2,452803,185,1,1,1,38,185,6,1,1,allocated
282,797,normal,0,0,65535_65535,0,3,388495,265,0,1,0,37,0,8,1,1,pre_allocation
282,797,normal,0,0,65535_65535,0,3,388495,272,1,1,1,38,272,8,1,1,allocated
282,797,normal,0,0,65535_65535,0,4,411015,656,0,1,0,37,0,15,1,1,pre_allocation
282,797,normal,0,0,65535_65535,0,4,411015,674,1,1,1,38,674,15,1,1,allocated
282,797,normal,0,0,65535_65535,0,2,452803,185,0,1,0,38,0,6,1,1,pre_allocation
282,797,normal,0,0,65535_65535,0,2,452803,190,1,1,1,39,190,6,1,1,allocated
282,797,normal,0,0,65535_65535,0,3,388495,272,0,1,0,38,0,8,1,1,pre_allocation
282,797,normal,0,0,65535_65535,0,3,388495,280,1,1,1,39,280,8,1,1,allocated
282,797,normal,0,0,65535_65535,0,4,411015,674,0,1,0,38,0,15,1,1,pre_allocation
282,797,normal,0,0,65535_65535,0,4,411015,691,1,1,1,39,691,15,1,1,allocated
282,797,normal,0,0,65535_65535,0,2,452803,190,0,1,0,39,0,6,1,1,pre_allocation
282,797,normal,0,0,65535_65535,0,2,452803,195,1,1,1,40,195,6,1,1,allocated
282,797,normal,0,0,65535_65535,0,3,388495,280,0,1,0,39,0,8,1,1,pre_allocation
282,797,normal,0,0,65535_65535,0,3,388495,287,1,1,1,40,287,8,1,1,allocated
282,797,normal,0,0,65535_65535,0,4,411015,691,0,1,0,39,0,15,1,1,pre_allocation
282,797,normal,0,0,65535_65535,0,4,411015,709,1,1,1,40,709,15,1,1,allocated
282,797,normal,0,0,65535_65535,0,2,452803,195,0,1,0,40,0,6,1,1,pre_allocation
282,797,normal,0,0,65535_65535,0,2,452803,199,1,1,1,41,199,6,1,1,allocated
282,797,normal,0,0,65535_65535,0,3,388495,287,0,1,0,40,0,8,1,1,pre_allocation
282,797,normal,0,0,65535_65535,0,3,388495,294,1,1,1,41,294,8,1,1,allocated
282,797,normal,0,0,65535_65535,1,6,87,0,0,1,0,0,0,28,1,1,pre_allocation
282,797,normal,0,0,65535_65535,1,6,87,42,1,1,1,1,42,28,1,1,allocated
282,797,normal,0,0,65535_65535,1,8,87,0,0,1,0,0,0,28,1,1,pre_allocation
282,797,normal,0,0,65535_65535,1,8,87,42,1,1,1,1,42,28,1,1,allocated
282,797,normal,0,0,65535_65535,1,9,87,0,0,1,0,0,0,28,1,1,pre_allocation
282,797,normal,0,0,65535_65535,1,9,87,42,1,1,1,1,42,28,1,1,allocated
282,797,normal,0,0,65535_65535,1,6,87,42,0,1,0,1,0,28,1,1,pre_allocation
282,797,normal,0,0,65535_65535,1,6,87,88,1,1,1,2,88,28,1,1,allocated
282,797,normal,0,0,65535_65535,1,8,87,42,0,1,0,1,0,28,1,1,pre_allocation
282,797,normal,0,0,65535_65535,1,8,87,88,1,1,1,2,88,28,1,1,allocated
282,797,normal,0,0,65535_65535,1,9,87,42,0,1,0,1,0,28,1,1,pre_allocation
282,797,normal,0,0,65535_65535,1,9,87,88,1,1,1,2,88,28,1,1,allocated
282,797,normal,0,0,65535_65535,1,6,87,88,0,1,0,2,0,28,1,1,pre_allocation
282,797,normal,0,0,65535_65535,1,6,87,133,1,1,1,3,133,28,1,1,allocated
282,797,normal,0,0,65535_65535,1,8,87,88,0,1,0,2,0,28,1,1,pre_allocation
282,797,normal,0,0,65535_65535,1,8,87,133,1,1,1,3,133,28,1,1,allocated
282,797,normal,0,0,65535_65535,1,9,87,88,0,1,0,2,0,28,1,1,pre_allocation
282,797,normal,0,0,65535_65535,1,9,87,133,1,1,1,3,133,28,1,1,allocated
282,797,normal,0,0,65535_65535,1,6,87,133,0,1,0,3,0,28,1,1,pre_allocation
282,797,normal,0,0,65535_65535,1,6,87,179,1,1,1,4,179,28,1,1,allocated
282,797,normal,0,0,65535_65535,1,8,87,133,0,1,0,3,0,28,1,1,pre_allocation
282,797,normal,0,0,65535_65535,1,8,87,179,1,1,1,4,179,28,1,1,allocated
282,797,normal,0,0,65535_65535,1,9,87,133,0,1,0,3,0,28,1,1,pre_allocation
282,797,normal,0,0,65535_65535,1,9,87,179,1,1,1,4,179,28,1,1,allocated
282,797,normal,0,0,65535_65535,1,6,87,179,0,1,0,4,0,28,1,1,pre_allocation
282,797,normal,0,0,65535_65535,1,6,87,224,1,1,1,5,224,28,1,1,allocated
282,797,normal,0,0,65535_65535,1,8,87,179,0,1,0,4,0,28,1,1,pre_allocation
282,797,normal,0,0,65535_65535,1,8,87,224,1,1,1,5,224,28,1,1,allocated
282,797,normal,0,0,65535_65535,1,9,87,179,0,1,0,4,0,28,1,1,pre_allocation
282,797,normal,0,0,65535_65535,1,9,87,224,1,1,1,5,224,28,1,1,allocated
282,797,normal,0,0,65535_65535,1,6,87,224,0,1,0,5,0,28,1,1,pre_allocation
282,797,normal,0,0,65535_65535,1,6,87,270,1,1,1,6,270,28,1,1,allocated
282,797,normal,0,0,65535_65535,1,8,87,224,0,1,0,5,0,28,1,1,pre_allocation
282,797,normal,0,0,65535_65535,1,8,87,270,1,1,1,6,270,28,1,1,allocated
282,797,normal,0,0,65535_65535,1,9,87,224,0,1,0,5,0,28,1,1,pre_allocation
282,797,normal,0,0,65535_65535,1,9,87,270,1,1,1,6,270,28,1,1,allocated
282,797,normal,0,0,65535_65535,1,6,87,270,0,1,0,6,0,28,1,1,pre_allocation
282,797,normal,0,0,65535_65535,1,6,87,315,1,1,1,7,315,28,1,1,allocated
282,797,normal,0,0,65535_65535,1,8,87,270,0,1,0,6,0,28,1,1,pre_allocation
282,797,normal,0,0,65535_65535,1,8,87,315,1,1,1,7,315,28,1,1,allocated
282,797,normal,0,0,65535_65535,1,9,87,270,0,1,0,6,0,28,1,1,pre_allocation
282,797,normal,0,0,65535_65535,1,9,87,315,1,1,1,7,315,28,1,1,allocated
282,797,normal,0,0,65535_65535,1,6,87,315,0,1,0,7,0,28,1,1,pre_allocation
282,797,normal,0,0,65535_65535,1,6,87,361,1,1,1,8,361,28,1,1,allocated
282,797,normal,0,0,65535_65535,1,8,87,315,0,1,0,7,0,28,1,1,pre_allocation
282,797,normal,0,0,65535_65535,1,8,87,361,1,1,1,8,361,28,1,1,allocated
282,797,normal,0,0,65535_65535,1,9,87,315,0,1,0,7,0,28,1,1,pre_allocation
282,797,normal,0,0,65535_65535,1,9,87,361,1,1,1,8,361,28,1,1,allocated
282,797,normal,0,0,65535_65535,1,6,87,361,0,1,0,8,0,28,1,1,pre_allocation
282,797,normal,0,0,65535_65535,1,6,87,406,1,1,1,9,406,28,1,1,allocated
282,797,normal,0,0,65535_65535,1,8,87,361,0,1,0,8,0,28,1,1,pre_allocation
282,797,normal,0,0,65535_65535,1,8,87,406,1,1,1,9,406,28,1,1,allocated
282,797,normal,0,0,65535_65535,1,9,87,361,0,1,0,8,0,28,1,1,pre_allocation
282,797,normal,0,0,65535_65535,1,9,87,406,1,1,1,9,406,28,1,1,allocated
282,797,normal,0,0,65535_65535,1,6,87,406,0,1,0,9,0,28,1,1,pre_allocation
282,797,normal,0,0,65535_65535,1,6,87,452,1,1,1,10,452,28,1,1,allocated
282,797,normal,0,0,65535_65535,1,8,87,406,0,1,0,9,0,28,1,1,pre_allocation
282,797,normal,0,0,65535_65535,1,8,87,452,1,1,1,10,452,28,1,1,allocated
282,797,normal,0,0,65535_65535,1,9,87,406,0,1,0,9,0,28,1,1,pre_allocation
282,797,normal,0,0,65535_65535,1,9,87,452,1,1,1,10,452,28,1,1,allocated
282,797,normal,0,0,65535_65535,1,6,87,452,0,1,0,10,0,28,1,1,pre_allocation
282,797,normal,0,0,65535_65535,1,6,87,497,1,1,1,11,497,28,1,1,allocated
282,797,normal,0,0,65535_65535,1,8,87,452,0,1,0,10,0,28,1,1,pre_allocation
282,797,normal,0,0,65535_65535,1,8,87,497,1,1,1,11,497,28,1,1,allocated
282,797,normal,0,0,65535_65535,1,9,87,452,0,1,0,10,0,28,1,1,pre_allocation
282,797,normal,0,0,65535_65535,1,9,87,497,1,1,1,11,497,28,1,1,allocated
282,797,normal,0,0,65535_65535,1,6,87,497,0,1,0,11,0,28,1,1,pre_allocation
282,797,normal,0,0,65535_65535,1,6,87,543,1,1,1,12,543,28,1,1,allocated
282,797,normal,0,0,65535_65535,1,8,87,497,0,1,0,11,0,28,1,1,pre_allocation
282,797,normal,0,0,65535_65535,1,8,87,543,1,1,1,12,543,28,1,1,allocated
282,797,normal,0,0,65535_65535,1,9,87,497,0,1,0,11,0,28,1,1,pre_allocation
282,797,normal,0,0,65535_65535,1,9,87,543,1,1,1,12,543,28,1,1,allocated
282,797,normal,0,0,65535_65535,1,6,87,543,0,1,0,12,0,28,1,1,pre_allocation
282,797,normal,0,0,65535_65535,1,6,87,589,1,1,1,13,589,28,1,1,allocated
282,797,normal,0,0,65535_65535,1,8,87,543,0,1,0,12,0,28,1,1,pre_allocation
282,797,normal,0,0,65535_65535,1,8,87,589,1,1,1,13,589,28,1,1,allocated
282,797,normal,0,0,65535_65535,1,9,87,543,0,1,0,12,0,28,1,1,pre_allocation
282,797,normal,0,0,65535_65535,1,9,87,589,1,1,1,13,589,28,1,1,allocated
282,797,normal,0,0,65535_65535,1,6,87,589,0,1,0,13,0,28,1,1,pre_allocation
282,797,normal,0,0,65535_65535,1,6,87,634,1,1,1,14,634,28,1,1,allocated
282,797,normal,0,0,65535_65535,1,8,87,589,0,1,0,13,0,28,1,1,pre_allocation
282,797,normal,0,0,65535_65535,1,8,87,634,1,1,1,14,634,28,1,1,allocated
282,797,normal,0,0,65535_65535,1,9,87,589,0,1,0,13,0,28,1,1,pre_allocation
282,797,normal,0,0,65535_65535,1,9,87,634,1,1,1,14,634,28,1,1,allocated
282,797,normal,0,0,65535_65535,1,6,87,634,0,1,0,14,0,28,1,1,pre_allocation
282,797,normal,0,0,65535_65535,1,6,87,680,1,1,1,15,680,28,1,1,allocated
282,797,normal,0,0,65535_65535,1,8,87,634,0,1,0,14,0,28,1,1,pre_allocation
282,797,normal,0,0,65535_65535,1,8,87,680,1,1,1,15,680,28,1,1,allocated
282,797,normal,0,0,65535_65535,1,9,87,634,0,1,0,14,0,28,1,1,pre_allocation
282,797,normal,0,0,65535_65535,1,9,87,680,1,1,1,15,680,28,1,1,allocated
282,797,normal,0,0,65535_65535,1,6,87,680,0,1,0,15,0,28,1,1,pre_allocation
282,797,normal,0,0,65535_65535,1,6,87,725,1,1,1,16,725,28,1,1,allocated
282,797,normal,0,0,65535_65535,1,8,87,680,0,1,0,15,0,28,1,1,pre_allocation
282,797,normal,0,0,65535_65535,1,8,87,725,1,1,1,16,725,28,1,1,allocated
282,797,normal,0,0,65535_65535,1,9,87,680,0,1,0,15,0,28,1,1,pre_allocation
282,797,normal,0,0,65535_65535,1,9,87,725,1,1,1,16,725,28,1,1,allocated
282,797,normal,0,0,65535_65535,1,6,87,725,0,1,0,16,0,28,1,1,pre_allocation
282,797,normal,0,0,65535_65535,1,6,87,771,1,1,1,17,771,28,1,1,allocated
282,797,normal,0,0,65535_65535,1,8,87,725,0,1,0,16,0,28,1,1,pre_allocation
282,797,normal,0,0,65535_65535,1,8,87,771,1,1,1,17,771,28,1,1,allocated
282,797,normal,0,0,65535_65535,1,9,87,725,0,1,0,16,0,28,1,1,pre_allocation
282,797,normal,0,0,65535_65535,1,9,87,771,1,1,1,17,771,28,1,1,allocated
282,797,normal,0,0,65535_65535,1,6,87,771,0,1,0,17,0,28,1,1,pre_allocation
282,797,normal,0,0,65535_65535,1,6,87,816,1,1,1,18,816,28,1,1,allocated
282,797,normal,0,0,65535_65535,1,8,87,771,0,1,0,17,0,28,1,1,pre_allocation
282,797,normal,0,0,65535_65535,1,8,87,816,1,1,1,18,816,28,1,1,allocated
282,797,normal,0,0,65535_65535,1,9,87,771,0,1,0,17,0,28,1,1,pre_allocation
282,797,normal,0,0,65535_65535,1,9,87,816,1,1,1,18,816,28,1,1,allocated
282,797,normal,0,0,65535_65535,1,6,87,816,0,1,0,18,0,28,1,1,pre_allocation
282,797,normal,0,0,65535_65535,1,6,87,862,1,1,1,19,862,28,1,1,allocated
282,797,normal,0,0,65535_65535,1,8,87,816,0,1,0,18,0,28,1,1,pre_allocation
282,797,normal,0,0,65535_65535,1,8,87,862,1,1,1,19,862,28,1,1,allocated
282,797,normal,0,0,65535_65535,1,9,87,816,0,1,0,18,0,28,1,1,pre_allocation
282,797,normal,0,0,65535_65535,1,9,87,862,1,1,1,19,862,28,1,1,allocated
282,797,normal,0,0,65535_65535,1,6,87,862,0,1,0,19,0,28,1,1,pre_allocation
282,797,normal,0,0,65535_65535,1,6,87,907,1,1,1,20,907,28,1,1,allocated
282,797,normal,0,0,65535_65535,1,8,87,862,0,1,0,19,0,28,1,1,pre_allocation
282,797,normal,0,0,65535_65535,1,8,87,907,1,1,1,20,907,28,1,1,allocated
282,797,normal,0,0,65535_65535,1,9,87,862,0,1,0,19,0,28,1,1,pre_allocation
282,797,normal,0,0,65535_65535,1,9,87,907,1,1,1,20,907,28,1,1,allocated
282,797,normal,0,0,65535_65535,1,6,87,907,0,1,0,20,0,28,1,1,pre_allocation
282,797,normal,0,0,65535_65535,1,6,87,953,1,1,1,21,953,28,1,1,allocated
282,797,normal,0,0,65535_65535,1,8,87,907,0,1,0,20,0,28,1,1,pre_allocation
282,797,normal,0,0,65535_65535,1,8,87,953,1,1,1,21,953,28,1,1,allocated
282,797,normal,0,0,65535_65535,1,9,87,907,0,1,0,20,0,28,1,1,pre_allocation
282,797,normal,0,0,65535_65535,1,9,87,953,1,1,1,21,953,28,1,1,allocated
282,797,normal,0,0,65535_65535,1,6,87,953,0,1,0,21,0,28,1,1,pre_allocation
282,797,normal,0,0,65535_65535,1,6,87,998,1,1,1,22,998,28,1,1,allocated
282,797,normal,0,0,65535_65535,1,8,87,953,0,1,0,21,0,28,1,1,pre_allocation
282,797,normal,0,0,65535_65535,1,8,87,998,1,1,1,22,998,28,1,1,allocated
282,797,normal,0,0,65535_65535,1,9,87,953,0,1,0,21,0,28,1,1,pre_allocation
282,797,normal,0,0,65535_65535,1,9,87,998,1,1,1,22,998,28,1,1,allocated
282,797,normal,0,0,65535_65535,1,6,87,998,0,1,0,22,0,28,1,1,pre_allocation
282,797,normal,0,0,65535_65535,1,6,87,1044,1,1,1,23,1044,28,1,1,allocated
282,797,normal,0,0,65535_65535,1,8,87,998,0,1,0,22,0,28,1,1,pre_allocation
282,797,normal,0,0,65535_65535,1,8,87,1044,1,1,1,23,1044,28,1,1,allocated
282,797,normal,0,0,65535_65535,1,9,87,998,0,1,0,22,0,28,1,1,pre_allocation
282,797,normal,0,0,65535_65535,1,9,87,1044,1,1,1,23,1044,28,1,1,allocated
282,797,normal,0,0,65535_65535,1,6,87,1044,0,1,0,23,0,28,1,1,pre_allocation
282,797,normal,0,0,65535_65535,1,6,87,1089,1,1,1,24,1089,28,1,1,allocated
282,797,normal,0,0,65535_65535,1,8,87,1044,0,1,0,23,0,28,1,1,pre_allocation
282,797,normal,0,0,65535_65535,1,8,87,1089,1,1,1,24,1089,28,1,1,allocated
282,797,normal,0,0,65535_65535,1,9,87,1044,0,1,0,23,0,28,1,1,pre_allocation
282,797,normal,0,0,65535_65535,1,9,87,1089,1,1,1,24,1089,28,1,1,allocated
282,797,normal,0,0,65535_65535,1,6,87,1089,0,1,0,24,0,28,1,1,pre_allocation
282,797,normal,0,0,65535_65535,1,6,87,1135,1,1,1,25,1135,28,1,1,allocated
282,797,normal,0,0,65535_65535,1,8,87,1089,0,1,0,24,0,28,1,1,pre_allocation
282,797,normal,0,0,65535_65535,1,8,87,1135,1,1,1,25,1135,28,1,1,allocated
282,797,normal,0,0,65535_65535,1,9,87,1089,0,1,0,24,0,28,1,1,pre_allocation
282,797,normal,0,0,65535_65535,1,9,87,1135,1,1,1,25,1135,28,1,1,allocated
282,797,normal,0,0,65535_65535,1,6,87,1135,0,1,0,25,0,28,1,1,pre_allocation
282,797,normal,0,0,65535_65535,1,6,87,1181,1,1,1,26,1181,28,1,1,allocated
282,797,normal,0,0,65535_65535,1,8,87,1135,0,1,0,25,0,28,1,1,pre_allocation
282,797,normal,0,0,65535_65535,1,8,87,1181,1,1,1,26,1181,28,1,1,allocated
282,797,normal,0,0,65535_65535,1,9,87,1135,0,1,0,25,0,28,1,1,pre_allocation
282,797,normal,0,0,65535_65535,1,9,87,1181,1,1,1,26,1181,28,1,1,allocated
282,797,normal,0,0,65535_65535,1,6,87,1181,0,1,0,26,0,28,1,1,pre_allocation
282,797,normal,0,0,65535_65535,1,6,87,1226,1,1,1,27,1226,28,1,1,allocated
282,797,normal,0,0,65535_65535,1,8,87,1181,0,1,0,26,0,28,1,1,pre_allocation
282,797,normal,0,0,65535_65535,1,8,87,1226,1,1,1,27,1226,28,1,1,allocated
282,797,normal,0,0,65535_65535,1,9,87,1181,0,1,0,26,0,28,1,1,pre_allocation
282,797,normal,0,0,65535_65535,1,9,87,1226,1,1,1,27,1226,28,1,1,allocated
282,797,normal,0,0,65535_65535,1,6,87,1226,0,1,0,27,0,28,1,1,pre_allocation
282,797,normal,0,0,65535_65535,1,6,87,1272,1,1,1,28,1272,28,1,1,allocated
282,797,normal,0,0,65535_65535,1,8,87,1226,0,1,0,27,0,28,1,1,pre_allocation
282,797,normal,0,0,65535_65535,1,8,87,1272,1,1,1,28,1272,28,1,1,allocated
282,797,normal,0,0,65535_65535,1,9,87,1226,0,1,0,27,0,28,1,1,pre_allocation
282,797,normal,0,0,65535_65535,1,9,87,1272,1,1,1,28,1272,28,1,1,allocated
282,797,normal,0,0,65535_65535,1,6,87,1272,0,1,0,28,0,28,1,1,pre_allocation
282,797,normal,0,0,65535_65535,1,6,87,1317,1,1,1,29,1317,28,1,1,allocated
282,797,normal,0,0,65535_65535,1,8,87,1272,0,1,0,28,0,28,1,1,pre_allocation
282,797,normal,0,0,65535_65535,1,8,87,1317,1,1,1,29,1317,28,1,1,allocated
282,797,normal,0,0,65535_65535,1,9,87,1272,0,1,0,28,0,28,1,1,pre_allocation
282,797,normal,0,0,65535_65535,1,9,87,1317,1,1,1,29,1317,28,1,1,allocated
282,797,normal,0,0,65535_65535,1,6,87,1317,0,1,0,29,0,28,1,1,pre_allocation
282,797,normal,0,0,65535_65535,1,6,87,1363,1,1,1,30,1363,28,1,1,allocated
282,797,normal,0,0,65535_65535,1,8,87,1317,0,1,0,29,0,28,1,1,pre_allocation
282,797,normal,0,0,65535_65535,1,8,87,1363,1,1,1,30,1363,28,1,1,allocated
282,797,normal,0,0,65535_65535,1,9,87,1317,0,1,0,29,0,28,1,1,pre_allocation
282,797,normal,0,0,65535_65535,1,9,87,1363,1,1,1,30,1363,28,1,1,allocated
282,797,normal,0,0,65535_65535,1,6,87,1363,0,1,0,30,0,28,1,1,pre_allocation
282,797,normal,0,0,65535_65535,1,6,87,1408,1,1,1,31,1408,28,1,1,allocated
282,797,normal,0,0,65535_65535,1,8,87,1363,0,1,0,30,0,28,1,1,pre_allocation
282,797,normal,0,0,65535_65535,1,8,87,1408,1,1,1,31,1408,28,1,1,allocated
282,797,normal,0,0,65535_65535,1,9,87,1363,0,1,0,30,0,28,1,1,pre_allocation
282,797,normal,0,0,65535_65535,1,9,87,1408,1,1,1,31,1408,28,1,1,allocated
282,797,normal,0,0,65535_65535,1,6,87,1408,0,1,0,31,0,28,1,1,pre_allocation
282,797,normal,0,0,65535_65535,1,6,87,1454,1,1,1,32,1454,28,1,1,allocated
282,797,normal,0,0,65535_65535,1,8,87,1408,0,1,0,31,0,28,1,1,pre_allocation
282,797,normal,0,0,65535_65535,1,8,87,1454,1,1,1,32,1454,28,1,1,allocated
282,797,normal,0,0,65535_65535,1,9,87,1408,0,1,0,31,0,28,1,1,pre_allocation
282,797,normal,0,0,65535_65535,1,9,87,1454,1,1,1,32,1454,28,1,1,allocated
282,797,normal,0,0,65535_65535,1,6,87,1454,0,1,0,32,0,28,1,1,pre_allocation
282,797,normal,0,0,65535_65535,1,6,87,1499,1,1,1,33,1499,28,1,1,allocated
282,797,normal,0,0,65535_65535,1,8,87,1454,0,1,0,32,0,28,1,1,pre_allocation
282,797,normal,0,0,65535_65535,1,8,87,1499,1,1,1,33,1499,28,1,1,allocated
282,797,normal,0,0,65535_65535,1,9,87,1454,0,1,0,32,0,28,1,1,pre_allocation
282,797,normal,0,0,65535_65535,1,9,87,1499,1,1,1,33,1499,28,1,1,allocated
282,797,normal,0,0,65535_65535,1,6,87,1499,0,1,0,33,0,28,1,1,pre_allocation
282,797,normal,0,0,65535_65535,1,6,87,1542,1,1,1,34,1542,28,1,1,allocated
282,797,normal,0,0,65535_65535,1,8,87,1499,0,1,0,33,0,28,1,1,pre_allocation
282,797,normal,0,0,65535_65535,1,8,87,1542,1,1,1,34,1542,28,1,1,allocated
282,797,normal,0,0,65535_65535,1,9,87,1499,0,1,0,33,0,28,1,1,pre_allocation
282,797,normal,0,0,65535_65535,1,9,87,1542,1,1,1,34,1542,28,1,1,allocated
282,797,normal,0,0,65535_65535,1,6,87,1542,0,1,0,34,0,28,1,1,pre_allocation
282,797,normal,0,0,65535_65535,1,6,87,1587,1,1,1,35,1587,28,1,1,allocated
282,797,normal,0,0,65535_65535,1,8,87,1542,0,1,0,34,0,28,1,1,pre_allocation
282,797,normal,0,0,65535_65535,1,8,87,1587,1,1,1,35,1587,28,1,1,allocated
282,797,normal,0,0,65535_65535,1,9,87,1542,0,1,0,34,0,28,1,1,pre_allocation
282,797,normal,0,0,65535_65535,1,9,87,1587,1,1,1,35,1587,28,1,1,allocated
282,797,normal,0,0,65535_65535,1,6,87,1587,0,1,0,35,0,28,1,1,pre_allocation
282,797,normal,0,0,65535_65535,1,6,87,1633,1,1,1,36,1633,28,1,1,allocated
282,797,normal,0,0,65535_65535,1,8,87,1587,0,1,0,35,0,28,1,1,pre_allocation
282,797,normal,0,0,65535_65535,1,8,87,1633,1,1,1,36,1633,28,1,1,allocated
282,797,normal,0,0,65535_65535,1,9,87,1587,0,1,0,35,0,28,1,1,pre_allocation
282,797,normal,0,0,65535_65535,1,9,87,1633,1,1,1,36,1633,28,1,1,allocated
282,797,normal,0,0,65535_65535,1,6,87,1633,0,1,0,36,0,28,1,1,pre_allocation
282,797,normal,0,0,65535_65535,1,6,87,1678,1,1,1,37,1678,28,1,1,allocated
282,797,normal,0,0,65535_65535,1,8,87,1633,0,1,0,36,0,28,1,1,pre_allocation
282,797,normal,0,0,65535_65535,1,8,87,1678,1,1,1,37,1678,28,1,1,allocated
282,797,normal,0,0,65535_65535,1,9,87,1633,0,1,0,36,0,28,1,1,pre_allocation
282,797,normal,0,0,65535_65535,1,9,87,1678,1,1,1,37,1678,28,1,1,allocated
282,797,normal,0,0,65535_65535,1,6,87,1678,0,1,0,37,0,28,1,1,pre_allocation
282,797,normal,0,0,65535_65535,1,6,87,1724,1,1,1,38,1724,28,1,1,allocated
282,797,normal,0,0,65535_65535,1,8,87,1678,0,1,0,37,0,28,1,1,pre_allocation
282,797,normal,0,0,65535_65535,1,8,87,1724,1,1,1,38,1724,28,1,1,allocated
282,797,normal,0,0,65535_65535,1,9,87,1678,0,1,0,37,0,28,1,1,pre_allocation
282,797,normal,0,0,65535_65535,1,9,87,1724,1,1,1,38,1724,28,1,1,allocated
282,797,normal,0,0,65535_65535,1,6,87,1724,0,1,0,38,0,28,1,1,pre_allocation
282,797,normal,0,0,65535_65535,1,6,87,1770,1,1,1,39,1770,28,1,1,allocated
282,797,normal,0,0,65535_65535,1,8,87,1724,0,1,0,38,0,28,1,1,pre_allocation
282,797,normal,0,0,65535_65535,1,8,87,1770,1,1,1,39,1770,28,1,1,allocated
282,797,normal,0,0,65535_65535,1,9,87,1724,0,1,0,38,0,28,1,1,pre_allocation
282,797,normal,0,0,65535_65535,1,9,87,1770,1,1,1,39,1770,28,1,1,allocated
282,797,normal,0,0,65535_65535,1,6,87,1770,0,1,0,39,0,28,1,1,pre_allocation
282,797,normal,0,0,65535_65535,1,6,87,1815,1,1,1,40,1815,28,1,1,allocated
282,797,normal,0,0,65535_65535,1,8,87,1770,0,1,0,39,0,28,1,1,pre_allocation
282,797,normal,0,0,65535_65535,1,8,87,1815,1,1,1,40,1815,28,1,1,allocated
282,797,normal,0,0,65535_65535,1,9,87,1770,0,1,0,39,0,28,1,1,pre_allocation
282,797,normal,0,0,65535_65535,1,9,87,1815,1,1,1,40,1815,28,1,1,allocated
282,797,normal,0,0,65535_65535,1,6,87,1815,0,1,0,40,0,28,1,1,pre_allocation
282,797,normal,0,0,65535_65535,1,6,87,1861,1,1,1,41,1861,28,1,1,allocated
282,797,normal,0,0,65535_65535,1,8,87,1815,0,1,0,40,0,28,1,1,pre_allocation
282,797,normal,0,0,65535_65535,1,8,87,1861,1,1,1,41,1861,28,1,1,allocated
282,797,normal,0,0,65535_65535,1,9,87,1815,0,1,0,40,0,28,1,1,pre_allocation
282,797,normal,0,0,65535_65535,1,9,87,1861,1,1,1,41,1861,28,1,1,allocated
282,797,normal,0,0,65535_65535,1,6,87,1861,0,1,0,41,0,28,1,1,pre_allocation
282,797,normal,0,0,65535_65535,1,6,87,1906,1,1,1,42,1906,28,1,1,allocated
282,797,normal,0,0,65535_65535,1,8,87,1861,0,1,0,41,0,28,1,1,pre_allocation
282,797,normal,0,0,65535_65535,1,8,87,1906,1,1,1,42,1906,28,1,1,allocated
282,797,normal,0,0,65535_65535,1,9,87,1861,0,1,0,41,0,28,1,1,pre_allocation
282,797,normal,0,0,65535_65535,1,9,87,1906,1,1,1,42,1906,28,1,1,allocated
282,797,normal,0,0,65535_65535,1,6,87,1906,0,1,0,42,0,28,1,1,pre_allocation
282,797,normal,0,0,65535_65535,1,6,87,1952,1,1,1,43,1952,28,1,1,allocated
282,797,normal,0,0,65535_65535,1,8,87,1906,0,1,0,42,0,28,1,1,pre_allocation
282,797,normal,0,0,65535_65535,1,8,87,1952,1,1,1,43,1952,28,1,1,allocated
282,797,normal,0,0,65535_65535,1,9,87,1906,0,1,0,42,0,28,1,1,pre_allocation
282,797,normal,0,0,65535_65535,1,9,87,1952,1,1,1,43,1952,28,1,1,allocated
282,797,normal,0,0,65535_65535,1,6,87,1952,0,1,0,43,0,28,1,1,pre_allocation
282,797,normal,0,0,65535_65535,1,6,87,1997,1,1,1,44,1997,28,1,1,allocated
282,797,normal,0,0,65535_65535,1,8,87,1952,0,1,0,43,0,28,1,1,pre_allocation
282,797,normal,0,0,65535_65535,1,8,87,1997,1,1,1,44,1997,28,1,1,allocated
282,797,normal,0,0,65535_65535,1,9,87,1952,0,1,0,43,0,28,1,1,pre_allocation
282,797,normal,0,0,65535_65535,1,9,87,1997,1,1,1,44,1997,28,1,1,allocated
282,797,normal,0,0,65535_65535,1,6,87,1997,0,1,0,44,0,28,1,1,pre_allocation
282,797,normal,0,0,65535_65535,1,6,87,2043,1,1,1,45,2043,28,1,1,allocated
282,797,normal,0,0,65535_65535,1,8,87,1997,0,1,0,44,0,28,1,1,pre_allocation
282,797,normal,0,0,65535_65535,1,8,87,2043,1,1,1,45,2043,28,1,1,allocated
282,797,normal,0,0,65535_65535,1,9,87,1997,0,1,0,44,0,28,1,1,pre_allocation
282,797,normal,0,0,65535_65535,1,9,87,2043,1,1,1,45,2043,28,1,1,allocated
282,797,normal,0,0,65535_65535,1,6,87,2043,0,1,0,45,0,28,1,1,pre_allocation
282,797,normal,0,0,65535_65535,1,6,87,2088,1,1,1,46,2088,28,1,1,allocated
282,797,normal,0,0,65535_65535,1,8,87,2043,0,1,0,45,0,28,1,1,pre_allocation
282,797,normal,0,0,65535_65535,1,8,87,2088,1,1,1,46,2088,28,1,1,allocated
282,797,normal,0,0,65535_65535,1,9,87,2043,0,1,0,45,0,28,1,1,pre_allocation
282,797,normal,0,0,65535_65535,1,9,87,2088,1,1,1,46,2088,28,1,1,allocated
282,797,normal,0,0,65535_65535,1,6,87,2088,0,1,0,46,0,28,1,1,pre_allocation
282,797,normal,0,0,65535_65535,1,6,87,2134,1,1,1,47,2134,28,1,1,allocated
282,797,normal,0,0,65535_65535,1,8,87,2088,0,1,0,46,0,28,1,1,pre_allocation
282,797,normal,0,0,65535_65535,1,8,87,2134,1,1,1,47,2134,28,1,1,allocated
282,797,normal,0,0,65535_65535,1,9,87,2088,0,1,0,46,0,28,1,1,pre_allocation
282,797,normal,0,0,65535_65535,1,9,87,2134,1,1,1,47,2134,28,1,1,allocated
282,797,normal,0,0,65535_65535,1,6,87,2134,0,1,0,47,0,28,1,1,pre_allocation
282,797,normal,0,0,65535_65535,1,6,87,2179,1,1,1,48,2179,28,1,1,allocated
282,797,normal,0,0,65535_65535,1,8,87,2134,0,1,0,47,0,28,1,1,pre_allocation
282,797,normal,0,0,65535_65535,1,8,87,2179,1,1,1,48,2179,28,1,1,allocated
282,797,normal,0,0,65535_65535,1,9,87,2134,0,1,0,47,0,28,1,1,pre_allocation
282,797,normal,0,0,65535_65535,1,9,87,2179,1,1,1,48,2179,28,1,1,allocated
394,895,normal,0,0,65535_65535,0,2,589058,0,0,1,0,0,0,6,1,1,pre_allocation
394,895,normal,0,0,65535_65535,0,2,589058,2,1,1,1,1,2,6,1,1,allocated
394,895,normal,0,0,65535_65535,0,1,657776,0,0,1,0,0,0,15,1,1,pre_allocation
394,895,normal,0,0,65535_65535,0,1,657776,17,1,1,1,1,17,15,1,1,allocated
394,895,normal,0,0,65535_65535,0,3,486974,0,0,1,0,0,0,10,1,1,pre_allocation
394,895,normal,0,0,65535_65535,0,3,486974,8,1,1,1,1,8,10,1,1,allocated
394,895,normal,0,0,65535_65535,0,2,589058,2,0,1,0,1,0,6,1,1,pre_allocation
394,895,normal,0,0,65535_65535,0,2,589058,8,1,1,1,2,8,6,1,1,allocated
394,895,normal,0,0,65535_65535,0,1,657776,17,0,1,0,1,0,15,1,1,pre_allocation
394,895,normal,0,0,65535_65535,0,1,657776,38,1,1,1,2,38,15,1,1,allocated
394,895,normal,0,0,65535_65535,0,3,486974,8,0,1,0,1,0,10,1,1,pre_allocation
394,895,normal,0,0,65535_65535,0,3,486974,20,1,1,1,2,20,10,1,1,allocated
394,895,normal,0,0,65535_65535,0,2,589058,8,0,1,0,2,0,6,1,1,pre_allocation
394,895,normal,0,0,65535_65535,0,2,589058,14,1,1,1,3,14,6,1,1,allocated
394,895,normal,0,0,65535_65535,0,1,657776,38,0,1,0,2,0,15,1,1,pre_allocation
394,895,normal,0,0,65535_65535,0,1,657776,59,1,1,1,3,59,15,1,1,allocated
394,895,normal,0,0,65535_65535,0,3,486974,20,0,1,0,2,0,10,1,1,pre_allocation
394,895,normal,0,0,65535_65535,0,3,486974,31,1,1,1,3,31,10,1,1,allocated
394,895,normal,0,0,65535_65535,0,2,589058,14,0,1,0,3,0,6,1,1,pre_allocation
394,895,normal,0,0,65535_65535,0,2,589058,20,1,1,1,4,20,6,1,1,allocated
394,895,normal,0,0,65535_65535,0,1,657776,59,0,1,0,3,0,15,1,1,pre_allocation
394,895,normal,0,0,65535_65535,0,1,657776,80,1,1,1,4,80,15,1,1,allocated
394,895,normal,0,0,65535_65535,0,3,486974,31,0,1,0,3,0,10,1,1,pre_allocation
394,895,normal,0,0,65535_65535,0,3,486974,43,1,1,1,4,43,10,1,1,allocated
394,895,normal,0,0,65535_65535,0,2,589058,20,0,1,0,4,0,6,1,1,pre_allocation
394,895,normal,0,0,65535_65535,0,2,589058,25,1,1,1,5,25,6,1,1,allocated
394,895,normal,0,0,65535_65535,0,1,657776,80,0,1,0,4,0,15,1,1,pre_allocation
394,895,normal,0,0,65535_65535,0,1,657776,100,1,1,1,5,100,15,1,1,allocated
394,895,normal,0,0,65535_65535,0,3,486974,43,0,1,0,4,0,10,1,1,pre_allocation
394,895,normal,0,0,65535_65535,0,3,486974,54,1,1,1,5,54,10,1,1,allocated
394,895,normal,0,0,65535_65535,0,2,589058,25,0,1,0,5,0,6,1,1,pre_allocation
394,895,normal,0,0,65535_65535,0,2,589058,31,1,1,1,6,31,6,1,1,allocated
394,895,normal,0,0,65535_65535,0,1,657776,100,0,1,0,5,0,15,1,1,pre_allocation
394,895,normal,0,0,65535_65535,0,1,657776,121,1,1,1,6,121,15,1,1,allocated
394,895,normal,0,0,65535_65535,0,3,486974,54,0,1,0,5,0,10,1,1,pre_allocation
394,895,normal,0,0,65535_65535,0,3,486974,66,1,1,1,6,66,10,1,1,allocated
394,895,normal,0,0,65535_65535,0,2,589058,31,0,1,0,6,0,6,1,1,pre_allocation
394,895,normal,0,0,65535_65535,0,2,589058,37,1,1,1,7,37,6,1,1,allocated
394,895,normal,0,0,65535_65535,0,1,657776,121,0,1,0,6,0,15,1,1,pre_allocation
394,895,normal,0,0,65535_65535,0,1,657776,142,1,1,1,7,142,15,1,1,allocated
394,895,normal,0,0,65535_65535,0,3,486974,66,0,1,0,6,0,10,1,1,pre_allocation
394,895,normal,0,0,65535_65535,0,3,486974,77,1,1,1,7,77,10,1,1,allocated
394,895,normal,0,0,65535_65535,0,2,589058,37,0,1,0,7,0,6,1,1,pre_allocation
394,895,normal,0,0,65535_65535,0,2,589058,43,1,1,1,8,43,6,1,1,allocated
394,895,normal,0,0,65535_65535,0,1,657776,142,0,1,0,7,0,15,1,1,pre_allocation
394,895,normal,0,0,65535_65535,0,1,657776,163,1,1,1,8,163,15,1,1,allocated
394,895,normal,0,0,65535_65535,0,3,486974,77,0,1,0,7,0,10,1,1,pre_allocation
394,895,normal,0,0,65535_65535,0,3,486974,89,1,1,1,8,89,10,1,1,allocated
394,895,normal,0,0,65535_65535,0,2,589058,43,0,1,0,8,0,6,1,1,pre_allocation
394,895,normal,0,0,65535_65535,0,2,589058,48,1,1,1,9,48,6,1,1,allocated
394,895,normal,0,0,65535_65535,0,1,657776,163,0,1,0,8,0,15,1,1,pre_allocation
394,895,normal,0,0,65535_65535,0,1,657776,184,1,1,1,9,184,15,1,1,allocated
394,895,normal,0,0,65535_65535,0,3,486974,89,0,1,0,8,0,10,1,1,pre_allocation
394,895,normal,0,0,65535_65535,0,3,486974,100,1,1,1,9,100,10,1,1,allocated
394,895,normal,0,0,65535_65535,0,2,589058,48,0,1,0,9,0,6,1,1,pre_allocation
394,895,normal,0,0,65535_65535,0,2,589058,54,1,1,1,10,54,6,1,1,allocated
394,895,normal,0,0,65535_65535,0,1,657776,184,0,1,0,9,0,15,1,1,pre_allocation
394,895,normal,0,0,65535_65535,0,1,657776,204,1,1,1,10,204,15,1,1,allocated
394,895,normal,0,0,65535_65535,0,3,486974,100,0,1,0,9,0,10,1,1,pre_allocation
394,895,normal,0,0,65535_65535,0,3,486974,112,1,1,1,10,112,10,1,1,allocated
394,895,normal,0,0,65535_65535,0,2,589058,54,0,1,0,10,0,6,1,1,pre_allocation
394,895,normal,0,0,65535_65535,0,2,589058,60,1,1,1,11,60,6,1,1,allocated
394,895,normal,0,0,65535_65535,0,1,657776,204,0,1,0,10,0,15,1,1,pre_allocation
394,895,normal,0,0,65535_65535,0,1,657776,225,1,1,1,11,225,15,1,1,allocated
394,895,normal,0,0,65535_65535,0,3,486974,112,0,1,0,10,0,10,1,1,pre_allocation
394,895,normal,0,0,65535_65535,0,3,486974,124,1,1,1,11,124,10,1,1,allocated
394,895,normal,0,0,65535_65535,0,2,589058,60,0,1,0,11,0,6,1,1,pre_allocation
394,895,normal,0,0,65535_65535,0,2,589058,66,1,1,1,12,66,6,1,1,allocated
394,895,normal,0,0,65535_65535,0,1,657776,225,0,1,0,11,0,15,1,1,pre_allocation
394,895,normal,0,0,65535_65535,0,1,657776,246,1,1,1,12,246,15,1,1,allocated
394,895,normal,0,0,65535_65535,0,3,486974,124,0,1,0,11,0,10,1,1,pre_allocation
394,895,normal,0,0,65535_65535,0,3,486974,135,1,1,1,12,135,10,1,1,allocated
394,895,normal,0,0,65535_65535,0,2,589058,66,0,1,0,12,0,6,1,1,pre_allocation
394,895,normal,0,0,65535_65535,0,2,589058,72,1,1,1,13,72,6,1,1,allocated
394,895,normal,0,0,65535_65535,0,1,657776,246,0,1,0,12,0,15,1,1,pre_allocation
394,895,normal,0,0,65535_65535,0,1,657776,267,1,1,1,13,267,15,1,1,allocated
394,895,normal,0,0,65535_65535,0,3,486974,135,0,1,0,12,0,10,1,1,pre_allocation
394,895,normal,0,0,65535_65535,0,3,486974,147,1,1,1,13,147,10,1,1,allocated
394,895,normal,0,0,65535_65535,0,2,589058,72,0,1,0,13,0,6,1,1,pre_allocation
394,895,normal,0,0,65535_65535,0,2,589058,77,1,1,1,14,77,6,1,1,allocated
394,895,normal,0,0,65535_65535,0,1,657776,267,0,1,0,13,0,15,1,1,pre_allocation
394,895,normal,0,0,65535_65535,0,1,657776,288,1,1,1,14,288,15,1,1,allocated
394,895,normal,0,0,65535_65535,0,3,486974,147,0,1,0,13,0,10,1,1,pre_allocation
394,895,normal,0,0,65535_65535,0,3,486974,158,1,1,1,14,158,10,1,1,allocated
394,895,normal,0,0,65535_65535,0,2,589058,77,0,1,0,14,0,6,1,1,pre_allocation
394,895,normal,0,0,65535_65535,0,2,589058,83,1,1,1,15,83,6,1,1,allocated
394,895,normal,0,0,65535_65535,0,1,657776,288,0,1,0,14,0,15,1,1,pre_allocation
394,895,normal,0,0,65535_65535,0,1,657776,308,1,1,1,15,308,15,1,1,allocated
394,895,normal,0,0,65535_65535,0,3,486974,158,0,1,0,14,0,10,1,1,pre_allocation
394,895,normal,0,0,65535_65535,0,3,486974,170,1,1,1,15,170,10,1,1,allocated
394,895,normal,0,0,65535_65535,0,2,589058,83,0,1,0,15,0,6,1,1,pre_allocation
394,895,normal,0,0,65535_65535,0,2,589058,89,1,1,1,16,89,6,1,1,allocated
394,895,normal,0,0,65535_65535,0,1,657776,308,0,1,0,15,0,15,1,1,pre_allocation
394,895,normal,0,0,65535_65535,0,1,657776,329,1,1,1,16,329,15,1,1,allocated
394,895,normal,0,0,65535_65535,0,3,486974,170,0,1,0,15,0,10,1,1,pre_allocation
394,895,normal,0,0,65535_65535,0,3,486974,181,1,1,1,16,181,10,1,1,allocated
394,895,normal,0,0,65535_65535,0,2,589058,89,0,1,0,16,0,6,1,1,pre_allocation
394,895,normal,0,0,65535_65535,0,2,589058,95,1,1,1,17,95,6,1,1,allocated
394,895,normal,0,0,65535_65535,0,1,657776,329,0,1,0,16,0,15,1,1,pre_allocation
394,895,normal,0,0,65535_65535,0,1,657776,350,1,1,1,17,350,15,1,1,allocated
394,895,normal,0,0,65535_65535,0,3,486974,181,0,1,0,16,0,10,1,1,pre_allocation
394,895,normal,0,0,65535_65535,0,3,486974,193,1,1,1,17,193,10,1,1,allocated
394,895,normal,0,0,65535_65535,0,2,589058,95,0,1,0,17,0,6,1,1,pre_allocation
394,895,normal,0,0,65535_65535,0,2,589058,100,1,1,1,18,100,6,1,1,allocated
394,895,normal,0,0,65535_65535,0,1,657776,350,0,1,0,17,0,15,1,1,pre_allocation
394,895,normal,0,0,65535_65535,0,1,657776,371,1,1,1,18,371,15,1,1,allocated
394,895,normal,0,0,65535_65535,0,3,486974,193,0,1,0,17,0,10,1,1,pre_allocation
394,895,normal,0,0,65535_65535,0,3,486974,204,1,1,1,18,204,10,1,1,allocated
394,895,normal,0,0,65535_65535,0,2,589058,100,0,1,0,18,0,6,1,1,pre_allocation
394,895,normal,0,0,65535_65535,0,2,589058,106,1,1,1,19,106,6,1,1,allocated
394,895,normal,0,0,65535_65535,0,1,657776,371,0,1,0,18,0,15,1,1,pre_allocation
394,895,normal,0,0,65535_65535,0,1,657776,392,1,1,1,19,392,15,1,1,allocated
394,895,normal,0,0,65535_65535,0,3,486974,204,0,1,0,18,0,10,1,1,pre_allocation
394,895,normal,0,0,65535_65535,0,3,486974,216,1,1,1,19,216,10,1,1,allocated
394,895,normal,0,0,65535_65535,0,2,589058,106,0,1,0,19,0,6,1,1,pre_allocation
394,895,normal,0,0,65535_65535,0,2,589058,112,1,1,1,20,112,6,1,1,allocated
394,895,normal,0,0,65535_65535,0,1,657776,392,0,1,0,19,0,15,1,1,pre_allocation
394,895,normal,0,0,65535_65535,0,1,657776,412,1,1,1,20,412,15,1,1,allocated
394,895,normal,0,0,65535_65535,0,3,486974,216,0,1,0,19,0,10,1,1,pre_allocation
394,895,normal,0,0,65535_65535,0,3,486974,228,1,1,1,20,228,10,1,1,allocated
394,895,normal,0,0,65535_65535,0,2,589058,112,0,1,0,20,0,6,1,1,pre_allocation
394,895,normal,0,0,65535_65535,0,2,589058,118,1,1,1,21,118,6,1,1,allocated
394,895,normal,0,0,65535_65535,0,1,657776,412,0,1,0,20,0,15,1,1,pre_allocation
394,895,normal,0,0,65535_65535,0,1,657776,433,1,1,1,21,433,15,1,1,allocated
394,895,normal,0,0,65535_65535,0,3,486974,228,0,1,0,20,0,10,1,1,pre_allocation
394,895,normal,0,0,65535_65535,0,3,486974,239,1,1,1,21,239,10,1,1,allocated
394,895,normal,0,0,65535_65535,0,2,589058,118,0,1,0,21,0,6,1,1,pre_allocation
394,895,normal,0,0,65535_65535,0,2,589058,124,1,1,1,22,124,6,1,1,allocated
394,895,normal,0,0,65535_65535,0,1,657776,433,0,1,0,21,0,15,1,1,pre_allocation
394,895,normal,0,0,65535_65535,0,1,657776,454,1,1,1,22,454,15,1,1,allocated
394,895,normal,0,0,65535_65535,0,3,486974,239,0,1,0,21,0,10,1,1,pre_allocation
394,895,normal,0,0,65535_65535,0,3,486974,251,1,1,1,22,251,10,1,1,allocated
394,895,normal,0,0,65535_65535,0,2,589058,124,0,1,0,22,0,6,1,1,pre_allocation
394,895,normal,0,0,65535_65535,0,2,589058,129,1,1,1,23,129,6,1,1,allocated
394,895,normal,0,0,65535_65535,0,1,657776,454,0,1,0,22,0,15,1,1,pre_allocation
394,895,normal,0,0,65535_65535,0,1,657776,475,1,1,1,23,475,15,1,1,allocated
394,895,normal,0,0,65535_65535,0,3,486974,251,0,1,0,22,0,10,1,1,pre_allocation
394,895,normal,0,0,65535_65535,0,3,486974,262,1,1,1,23,262,10,1,1,allocated
394,895,normal,0,0,65535_65535,0,2,589058,129,0,1,0,23,0,6,1,1,pre_allocation
394,895,normal,0,0,65535_65535,0,2,589058,135,1,1,1,24,135,6,1,1,allocated
394,895,normal,0,0,65535_65535,0,1,657776,475,0,1,0,23,0,15,1,1,pre_allocation
394,895,normal,0,0,65535_65535,0,1,657776,495,1,1,1,24,495,15,1,1,allocated
394,895,normal,0,0,65535_65535,0,3,486974,262,0,1,0,23,0,10,1,1,pre_allocation
394,895,normal,0,0,65535_65535,0,3,486974,274,1,1,1,24,274,10,1,1,allocated
394,895,normal,0,0,65535_65535,0,2,589058,135,0,1,0,24,0,6,1,1,pre_allocation
394,895,normal,0,0,65535_65535,0,2,589058,141,1,1,1,25,141,6,1,1,allocated
394,895,normal,0,0,65535_65535,0,1,657776,495,0,1,0,24,0,15,1,1,pre_allocation
394,895,normal,0,0,65535_65535,0,1,657776,516,1,1,1,25,516,15,1,1,allocated
394,895,normal,0,0,65535_65535,0,3,486974,274,0,1,0,24,0,10,1,1,pre_allocation
394,895,normal,0,0,65535_65535,0,3,486974,285,1,1,1,25,285,10,1,1,allocated
394,895,normal,0,0,65535_65535,0,2,589058,141,0,1,0,25,0,6,1,1,pre_allocation
394,895,normal,0,0,65535_65535,0,2,589058,147,1,1,1,26,147,6,1,1,allocated
394,895,normal,0,0,65535_65535,0,1,657776,516,0,1,0,25,0,15,1,1,pre_allocation
394,895,normal,0,0,65535_65535,0,1,657776,537,1,1,1,26,537,15,1,1,allocated
394,895,normal,0,0,65535_65535,0,3,486974,285,0,1,0,25,0,10,1,1,pre_allocation
394,895,normal,0,0,65535_65535,0,3,486974,297,1,1,1,26,297,10,1,1,allocated
394,895,normal,0,0,65535_65535,0,2,589058,147,0,1,0,26,0,6,1,1,pre_allocation
394,895,normal,0,0,65535_65535,0,2,589058,152,1,1,1,27,152,6,1,1,allocated
394,895,normal,0,0,65535_65535,0,1,657776,537,0,1,0,26,0,15,1,1,pre_allocation
394,895,normal,0,0,65535_65535,0,1,657776,558,1,1,1,27,558,15,1,1,allocated
394,895,normal,0,0,65535_65535,0,3,486974,297,0,1,0,26,0,10,1,1,pre_allocation
394,895,normal,0,0,65535_65535,0,3,486974,308,1,1,1,27,308,10,1,1,allocated
394,895,normal,0,0,65535_65535,0,2,589058,152,0,1,0,27,0,6,1,1,pre_allocation
394,895,normal,0,0,65535_65535,0,2,589058,158,1,1,1,28,158,6,1,1,allocated
394,895,normal,0,0,65535_65535,0,1,657776,558,0,1,0,27,0,15,1,1,pre_allocation
394,895,normal,0,0,65535_65535,0,1,657776,579,1,1,1,28,579,15,1,1,allocated
394,895,normal,0,0,65535_65535,0,3,486974,308,0,1,0,27,0,10,1,1,pre_allocation
394,895,normal,0,0,65535_65535,0,3,486974,320,1,1,1,28,320,10,1,1,allocated
394,895,normal,0,0,65535_65535,0,2,589058,158,0,1,0,28,0,6,1,1,pre_allocation
394,895,normal,0,0,65535_65535,0,2,589058,164,1,1,1,29,164,6,1,1,allocated
394,895,normal,0,0,65535_65535,1,7,87,0,0,1,0,0,0,15,1,1,pre_allocation
394,895,normal,0,0,65535_65535,1,7,87,17,1,1,1,1,17,15,1,1,allocated
394,895,normal,0,0,65535_65535,1,8,87,0,0,1,0,0,0,28,1,1,pre_allocation
394,895,normal,0,0,65535_65535,1,8,87,50,1,1,1,1,50,28,1,1,allocated
394,895,normal,0,0,65535_65535,1,6,87,0,0,1,0,0,0,28,1,1,pre_allocation
394,895,normal,0,0,65535_65535,1,6,87,50,1,1,1,1,50,28,1,1,allocated
394,895,normal,0,0,65535_65535,1,9,87,0,0,1,0,0,0,28,1,1,pre_allocation
394,895,normal,0,0,65535_65535,1,9,87,50,1,1,1,1,50,28,1,1,allocated
394,895,normal,0,0,65535_65535,1,7,87,17,0,1,0,1,0,15,1,1,pre_allocation
394,895,normal,0,0,65535_65535,1,7,87,38,1,1,1,2,38,15,1,1,allocated
394,895,normal,0,0,65535_65535,1,8,87,50,0,1,0,1,0,28,1,1,pre_allocation
394,895,normal,0,0,65535_65535,1,8,87,103,1,1,1,2,103,28,1,1,allocated
394,895,normal,0,0,65535_65535,1,6,87,50,0,1,0,1,0,28,1,1,pre_allocation
394,895,normal,0,0,65535_65535,1,6,87,103,1,1,1,2,103,28,1,1,allocated
394,895,normal,0,0,65535_65535,1,9,87,50,0,1,0,1,0,28,1,1,pre_allocation
394,895,normal,0,0,65535_65535,1,9,87,103,1,1,1,2,103,28,1,1,allocated
394,895,normal,0,0,65535_65535,1,7,87,38,0,1,0,2,0,15,1,1,pre_allocation
394,895,normal,0,0,65535_65535,1,7,87,59,1,1,1,3,59,15,1,1,allocated
394,895,normal,0,0,65535_65535,1,8,87,103,0,1,0,2,0,28,1,1,pre_allocation
394,895,normal,0,0,65535_65535,1,8,87,156,1,1,1,3,156,28,1,1,allocated
394,895,normal,0,0,65535_65535,1,6,87,103,0,1,0,2,0,28,1,1,pre_allocation
394,895,normal,0,0,65535_65535,1,6,87,156,1,1,1,3,156,28,1,1,allocated
394,895,normal,0,0,65535_65535,1,9,87,103,0,1,0,2,0,28,1,1,pre_allocation
394,895,normal,0,0,65535_65535,1,9,87,156,1,1,1,3,156,28,1,1,allocated
394,895,normal,0,0,65535_65535,1,7,87,59,0,1,0,3,0,15,1,1,pre_allocation
394,895,normal,0,0,65535_65535,1,7,87,80,1,1,1,4,80,15,1,1,allocated
394,895,normal,0,0,65535_65535,1,8,87,156,0,1,0,3,0,28,1,1,pre_allocation
394,895,normal,0,0,65535_65535,1,8,87,209,1,1,1,4,209,28,1,1,allocated
394,895,normal,0,0,65535_65535,1,6,87,156,0,1,0,3,0,28,1,1,pre_allocation
394,895,normal,0,0,65535_65535,1,6,87,209,1,1,1,4,209,28,1,1,allocated
394,895,normal,0,0,65535_65535,1,9,87,156,0,1,0,3,0,28,1,1,pre_allocation
394,895,normal,0,0,65535_65535,1,9,87,209,1,1,1,4,209,28,1,1,allocated
394,895,normal,0,0,65535_65535,1,7,87,80,0,1,0,4,0,15,1,1,pre_allocation
394,895,normal,0,0,65535_65535,1,7,87,100,1,1,1,5,100,15,1,1,allocated
394,895,normal,0,0,65535_65535,1,8,87,209,0,1,0,4,0,28,1,1,pre_allocation
394,895,normal,0,0,65535_65535,1,8,87,262,1,1,1,5,262,28,1,1,allocated
394,895,normal,0,0,65535_65535,1,6,87,209,0,1,0,4,0,28,1,1,pre_allocation
394,895,normal,0,0,65535_65535,1,6,87,262,1,1,1,5,262,28,1,1,allocated
394,895,normal,0,0,65535_65535,1,9,87,209,0,1,0,4,0,28,1,1,pre_allocation
394,895,normal,0,0,65535_65535,1,9,87,262,1,1,1,5,262,28,1,1,allocated
394,895,normal,0,0,65535_65535,1,7,87,100,0,1,0,5,0,15,1,1,pre_allocation
394,895,normal,0,0,65535_65535,1,7,87,121,1,1,1,6,121,15,1,1,allocated
394,895,normal,0,0,65535_65535,1,8,87,262,0,1,0,5,0,28,1,1,pre_allocation
394,895,normal,0,0,65535_65535,1,8,87,315,1,1,1,6,315,28,1,1,allocated
394,895,normal,0,0,65535_65535,1,6,87,262,0,1,0,5,0,28,1,1,pre_allocation
394,895,normal,0,0,65535_65535,1,6,87,315,1,1,1,6,315,28,1,1,allocated
394,895,normal,0,0,65535_65535,1,9,87,262,0,1,0,5,0,28,1,1,pre_allocation
394,895,normal,0,0,65535_65535,1,9,87,315,1,1,1,6,315,28,1,1,allocated
394,895,normal,0,0,65535_65535,1,7,87,121,0,1,0,6,0,15,1,1,pre_allocation
394,895,normal,0,0,65535_65535,1,7,87,142,1,1,1,7,142,15,1,1,allocated
394,895,normal,0,0,65535_65535,1,8,87,315,0,1,0,6,0,28,1,1,pre_allocation
394,895,normal,0,0,65535_65535,1,8,87,368,1,1,1,7,368,28,1,1,allocated
394,895,normal,0,0,65535_65535,1,6,87,315,0,1,0,6,0,28,1,1,pre_allocation
394,895,normal,0,0,65535_65535,1,6,87,368,1,1,1,7,368,28,1,1,allocated
394,895,normal,0,0,65535_65535,1,9,87,315,0,1,0,6,0,28,1,1,pre_allocation
394,895,normal,0,0,65535_65535,1,9,87,368,1,1,1,7,368,28,1,1,allocated
394,895,normal,0,0,65535_65535,1,7,87,142,0,1,0,7,0,15,1,1,pre_allocation
394,895,normal,0,0,65535_65535,1,7,87,163,1,1,1,8,163,15,1,1,allocated
394,895,normal,0,0,65535_65535,1,8,87,368,0,1,0,7,0,28,1,1,pre_allocation
394,895,normal,0,0,65535_65535,1,8,87,422,1,1,1,8,422,28,1,1,allocated
394,895,normal,0,0,65535_65535,1,6,87,368,0,1,0,7,0,28,1,1,pre_allocation
394,895,normal,0,0,65535_65535,1,6,87,422,1,1,1,8,422,28,1,1,allocated
394,895,normal,0,0,65535_65535,1,9,87,368,0,1,0,7,0,28,1,1,pre_allocation
394,895,normal,0,0,65535_65535,1,9,87,422,1,1,1,8,422,28,1,1,allocated
394,895,normal,0,0,65535_65535,1,7,87,163,0,1,0,8,0,15,1,1,pre_allocation
394,895,normal,0,0,65535_65535,1,7,87,184,1,1,1,9,184,15,1,1,allocated
394,895,normal,0,0,65535_65535,1,8,87,422,0,1,0,8,0,28,1,1,pre_allocation
394,895,normal,0,0,65535_65535,1,8,87,475,1,1,1,9,475,28,1,1,allocated
394,895,normal,0,0,65535_65535,1,6,87,422,0,1,0,8,0,28,1,1,pre_allocation
394,895,normal,0,0,65535_65535,1,6,87,475,1,1,1,9,475,28,1,1,allocated
394,895,normal,0,0,65535_65535,1,9,87,422,0,1,0,8,0,28,1,1,pre_allocation
394,895,normal,0,0,65535_65535,1,9,87,475,1,1,1,9,475,28,1,1,allocated
394,895,normal,0,0,65535_65535,1,7,87,184,0,1,0,9,0,15,1,1,pre_allocation
394,895,normal,0,0,65535_65535,1,7,87,204,1,1,1,10,204,15,1,1,allocated
394,895,normal,0,0,65535_65535,1,8,87,475,0,1,0,9,0,28,1,1,pre_allocation
394,895,normal,0,0,65535_65535,1,8,87,528,1,1,1,10,528,28,1,1,allocated
394,895,normal,0,0,65535_65535,1,6,87,475,0,1,0,9,0,28,1,1,pre_allocation
394,895,normal,0,0,65535_65535,1,6,87,528,1,1,1,10,528,28,1,1,allocated
394,895,normal,0,0,65535_65535,1,9,87,475,0,1,0,9,0,28,1,1,pre_allocation
394,895,normal,0,0,65535_65535,1,9,87,528,1,1,1,10,528,28,1,1,allocated
394,895,normal,0,0,65535_65535,1,7,87,204,0,1,0,10,0,15,1,1,pre_allocation
394,895,normal,0,0,65535_65535,1,7,87,225,1,1,1,11,225,15,1,1,allocated
394,895,normal,0,0,65535_65535,1,8,87,528,0,1,0,10,0,28,1,1,pre_allocation
394,895,normal,0,0,65535_65535,1,8,87,581,1,1,1,11,581,28,1,1,allocated
394,895,normal,0,0,65535_65535,1,6,87,528,0,1,0,10,0,28,1,1,pre_allocation
394,895,normal,0,0,65535_65535,1,6,87,581,1,1,1,11,581,28,1,1,allocated
394,895,normal,0,0,65535_65535,1,9,87,528,0,1,0,10,0,28,1,1,pre_allocation
394,895,normal,0,0,65535_65535,1,9,87,581,1,1,1,11,581,28,1,1,allocated
394,895,normal,0,0,65535_65535,1,7,87,225,0,1,0,11,0,15,1,1,pre_allocation
394,895,normal,0,0,65535_65535,1,7,87,246,1,1,1,12,246,15,1,1,allocated
394,895,normal,0,0,65535_65535,1,8,87,581,0,1,0,11,0,28,1,1,pre_allocation
394,895,normal,0,0,65535_65535,1,8,87,634,1,1,1,12,634,28,1,1,allocated
394,895,normal,0,0,65535_65535,1,6,87,581,0,1,0,11,0,28,1,1,pre_allocation
394,895,normal,0,0,65535_65535,1,6,87,634,1,1,1,12,634,28,1,1,allocated
394,895,normal,0,0,65535_65535,1,9,87,581,0,1,0,11,0,28,1,1,pre_allocation
394,895,normal,0,0,65535_65535,1,9,87,634,1,1,1,12,634,28,1,1,allocated
394,895,normal,0,0,65535_65535,1,7,87,246,0,1,0,12,0,15,1,1,pre_allocation
394,895,normal,0,0,65535_65535,1,7,87,267,1,1,1,13,267,15,1,1,allocated
394,895,normal,0,0,65535_65535,1,8,87,634,0,1,0,12,0,28,1,1,pre_allocation
394,895,normal,0,0,65535_65535,1,8,87,687,1,1,1,13,687,28,1,1,allocated
394,895,normal,0,0,65535_65535,1,6,87,634,0,1,0,12,0,28,1,1,pre_allocation
394,895,normal,0,0,65535_65535,1,6,87,687,1,1,1,13,687,28,1,1,allocated
394,895,normal,0,0,65535_65535,1,9,87,634,0,1,0,12,0,28,1,1,pre_allocation
394,895,normal,0,0,65535_65535,1,9,87,687,1,1,1,13,687,28,1,1,allocated
394,895,normal,0,0,65535_65535,1,7,87,267,0,1,0,13,0,15,1,1,pre_allocation
394,895,normal,0,0,65535_65535,1,7,87,288,1,1,1,14,288,15,1,1,allocated
394,895,normal,0,0,65535_65535,1,8,87,687,0,1,0,13,0,28,1,1,pre_allocation
394,895,normal,0,0,65535_65535,1,8,87,740,1,1,1,14,740,28,1,1,allocated
394,895,normal,0,0,65535_65535,1,6,87,687,0,1,0,13,0,28,1,1,pre_allocation
394,895,normal,0,0,65535_65535,1,6,87,740,1,1,1,14,740,28,1,1,allocated
394,895,normal,0,0,65535_65535,1,9,87,687,0,1,0,13,0,28,1,1,pre_allocation
394,895,normal,0,0,65535_65535,1,9,87,740,1,1,1,14,740,28,1,1,allocated
394,895,normal,0,0,65535_65535,1,7,87,288,0,1,0,14,0,15,1,1,pre_allocation
394,895,normal,0,0,65535_65535,1,7,87,308,1,1,1,15,308,15,1,1,allocated
394,895,normal,0,0,65535_65535,1,8,87,740,0,1,0,14,0,28,1,1,pre_allocation
394,895,normal,0,0,65535_65535,1,8,87,793,1,1,1,15,793,28,1,1,allocated
394,895,normal,0,0,65535_65535,1,6,87,740,0,1,0,14,0,28,1,1,pre_allocation
394,895,normal,0,0,65535_65535,1,6,87,793,1,1,1,15,793,28,1,1,allocated
394,895,normal,0,0,65535_65535,1,9,87,740,0,1,0,14,0,28,1,1,pre_allocation
394,895,normal,0,0,65535_65535,1,9,87,793,1,1,1,15,793,28,1,1,allocated
394,895,normal,0,0,65535_65535,1,7,87,308,0,1,0,15,0,15,1,1,pre_allocation
394,895,normal,0,0,65535_65535,1,7,87,329,1,1,1,16,329,15,1,1,allocated
394,895,normal,0,0,65535_65535,1,8,87,793,0,1,0,15,0,28,1,1,pre_allocation
394,895,normal,0,0,65535_65535,1,8,87,847,1,1,1,16,847,28,1,1,allocated
394,895,normal,0,0,65535_65535,1,6,87,793,0,1,0,15,0,28,1,1,pre_allocation
394,895,normal,0,0,65535_65535,1,6,87,847,1,1,1,16,847,28,1,1,allocated
394,895,normal,0,0,65535_65535,1,9,87,793,0,1,0,15,0,28,1,1,pre_allocation
394,895,normal,0,0,65535_65535,1,9,87,847,1,1,1,16,847,28,1,1,allocated
394,895,normal,0,0,65535_65535,1,7,87,329,0,1,0,16,0,15,1,1,pre_allocation
394,895,normal,0,0,65535_65535,1,7,87,350,1,1,1,17,350,15,1,1,allocated
394,895,normal,0,0,65535_65535,1,8,87,847,0,1,0,16,0,28,1,1,pre_allocation
394,895,normal,0,0,65535_65535,1,8,87,900,1,1,1,17,900,28,1,1,allocated
394,895,normal,0,0,65535_65535,1,6,87,847,0,1,0,16,0,28,1,1,pre_allocation
394,895,normal,0,0,65535_65535,1,6,87,900,1,1,1,17,900,28,1,1,allocated
394,895,normal,0,0,65535_65535,1,9,87,847,0,1,0,16,0,28,1,1,pre_allocation
394,895,normal,0,0,65535_65535,1,9,87,900,1,1,1,17,900,28,1,1,allocated
394,895,normal,0,0,65535_65535,1,7,87,350,0,1,0,17,0,15,1,1,pre_allocation
394,895,normal,0,0,65535_65535,1,7,87,371,1,1,1,18,371,15,1,1,allocated
394,895,normal,0,0,65535_65535,1,8,87,900,0,1,0,17,0,28,1,1,pre_allocation
394,895,normal,0,0,65535_65535,1,8,87,953,1,1,1,18,953,28,1,1,allocated
394,895,normal,0,0,65535_65535,1,6,87,900,0,1,0,17,0,28,1,1,pre_allocation
394,895,normal,0,0,65535_65535,1,6,87,953,1,1,1,18,953,28,1,1,allocated
394,895,normal,0,0,65535_65535,1,9,87,900,0,1,0,17,0,28,1,1,pre_allocation
394,895,normal,0,0,65535_65535,1,9,87,953,1,1,1,18,953,28,1,1,allocated
394,895,normal,0,0,65535_65535,1,7,87,371,0,1,0,18,0,15,1,1,pre_allocation
394,895,normal,0,0,65535_65535,1,7,87,392,1,1,1,19,392,15,1,1,allocated
394,895,normal,0,0,65535_65535,1,8,87,953,0,1,0,18,0,28,1,1,pre_allocation
394,895,normal,0,0,65535_65535,1,8,87,1006,1,1,1,19,1006,28,1,1,allocated
394,895,normal,0,0,65535_65535,1,6,87,953,0,1,0,18,0,28,1,1,pre_allocation
394,895,normal,0,0,65535_65535,1,6,87,1006,1,1,1,19,1006,28,1,1,allocated
394,895,normal,0,0,65535_65535,1,9,87,953,0,1,0,18,0,28,1,1,pre_allocation
394,895,normal,0,0,65535_65535,1,9,87,1006,1,1,1,19,1006,28,1,1,allocated
394,895,normal,0,0,65535_65535,1,7,87,392,0,1,0,19,0,15,1,1,pre_allocation
394,895,normal,0,0,65535_65535,1,7,87,412,1,1,1,20,412,15,1,1,allocated
394,895,normal,0,0,65535_65535,1,8,87,1006,0,1,0,19,0,28,1,1,pre_allocation
394,895,normal,0,0,65535_65535,1,8,87,1059,1,1,1,20,1059,28,1,1,allocated
394,895,normal,0,0,65535_65535,1,6,87,1006,0,1,0,19,0,28,1,1,pre_allocation
394,895,normal,0,0,65535_65535,1,6,87,1059,1,1,1,20,1059,28,1,1,allocated
394,895,normal,0,0,65535_65535,1,9,87,1006,0,1,0,19,0,28,1,1,pre_allocation
394,895,normal,0,0,65535_65535,1,9,87,1059,1,1,1,20,1059,28,1,1,allocated
394,895,normal,0,0,65535_65535,1,7,87,412,0,1,0,20,0,15,1,1,pre_allocation
394,895,normal,0,0,65535_65535,1,7,87,433,1,1,1,21,433,15,1,1,allocated
394,895,normal,0,0,65535_65535,1,8,87,1059,0,1,0,20,0,28,1,1,pre_allocation
394,895,normal,0,0,65535_65535,1,8,87,1112,1,1,1,21,1112,28,1,1,allocated
394,895,normal,0,0,65535_65535,1,6,87,1059,0,1,0,20,0,28,1,1,pre_allocation
394,895,normal,0,0,65535_65535,1,6,87,1112,1,1,1,21,1112,28,1,1,allocated
394,895,normal,0,0,65535_65535,1,9,87,1059,0,1,0,20,0,28,1,1,pre_allocation
394,895,normal,0,0,65535_65535,1,9,87,1112,1,1,1,21,1112,28,1,1,allocated
394,895,normal,0,0,65535_65535,1,7,87,433,0,1,0,21,0,15,1,1,pre_allocation
394,895,normal,0,0,65535_65535,1,7,87,454,1,1,1,22,454,15,1,1,allocated
394,895,normal,0,0,65535_65535,1,8,87,1112,0,1,0,21,0,28,1,1,pre_allocation
394,895,normal,0,0,65535_65535,1,8,87,1165,1,1,1,22,1165,28,1,1,allocated
394,895,normal,0,0,65535_65535,1,6,87,1112,0,1,0,21,0,28,1,1,pre_allocation
394,895,normal,0,0,65535_65535,1,6,87,1165,1,1,1,22,1165,28,1,1,allocated
394,895,normal,0,0,65535_65535,1,9,87,1112,0,1,0,21,0,28,1,1,pre_allocation
394,895,normal,0,0,65535_65535,1,9,87,1165,1,1,1,22,1165,28,1,1,allocated
394,895,normal,0,0,65535_65535,1,7,87,454,0,1,0,22,0,15,1,1,pre_allocation
394,895,normal,0,0,65535_65535,1,7,87,475,1,1,1,23,475,15,1,1,allocated
394,895,normal,0,0,65535_65535,1,8,87,1165,0,1,0,22,0,28,1,1,pre_allocation
394,895,normal,0,0,65535_65535,1,8,87,1218,1,1,1,23,1218,28,1,1,allocated
394,895,normal,0,0,65535_65535,1,6,87,1165,0,1,0,22,0,28,1,1,pre_allocation
394,895,normal,0,0,65535_65535,1,6,87,1218,1,1,1,23,1218,28,1,1,allocated
394,895,normal,0,0,65535_65535,1,9,87,1165,0,1,0,22,0,28,1,1,pre_allocation
394,895,normal,0,0,65535_65535,1,9,87,1218,1,1,1,23,1218,28,1,1,allocated
394,895,normal,0,0,65535_65535,1,7,87,475,0,1,0,23,0,15,1,1,pre_allocation
394,895,normal,0,0,65535_65535,1,7,87,495,1,1,1,24,495,15,1,1,allocated
394,895,normal,0,0,65535_65535,1,8,87,1218,0,1,0,23,0,28,1,1,pre_allocation
394,895,normal,0,0,65535_65535,1,8,87,1272,1,1,1,24,1272,28,1,1,allocated
394,895,normal,0,0,65535_65535,1,6,87,1218,0,1,0,23,0,28,1,1,pre_allocation
394,895,normal,0,0,65535_65535,1,6,87,1272,1,1,1,24,1272,28,1,1,allocated
394,895,normal,0,0,65535_65535,1,9,87,1218,0,1,0,23,0,28,1,1,pre_allocation
394,895,normal,0,0,65535_65535,1,9,87,1272,1,1,1,24,1272,28,1,1,allocated
394,895,normal,0,0,65535_65535,1,7,87,495,0,1,0,24,0,15,1,1,pre_allocation
394,895,normal,0,0,65535_65535,1,7,87,516,1,1,1,25,516,15,1,1,allocated
394,895,normal,0,0,65535_65535,1,8,87,1272,0,1,0,24,0,28,1,1,pre_allocation
394,895,normal,0,0,65535_65535,1,8,87,1325,1,1,1,25,1325,28,1,1,allocated
394,895,normal,0,0,65535_65535,1,6,87,1272,0,1,0,24,0,28,1,1,pre_allocation
394,895,normal,0,0,65535_65535,1,6,87,1325,1,1,1,25,1325,28,1,1,allocated
394,895,normal,0,0,65535_65535,1,9,87,1272,0,1,0,24,0,28,1,1,pre_allocation
394,895,normal,0,0,65535_65535,1,9,87,1325,1,1,1,25,1325,28,1,1,allocated
394,895,normal,0,0,65535_65535,2,11,137,0,0,1,0,0,0,15,1,1,pre_allocation
394,895,normal,0,0,65535_65535,2,11,137,17,1,1,1,1,17,15,1,1,allocated
394,895,normal,0,0,65535_65535,2,23,137,0,0,1,0,0,0,8,1,1,pre_allocation
394,895,normal,0,0,65535_65535,2,23,137,5,1,1,1,1,5,8,1,1,allocated
394,895,normal,0,0,65535_65535,2,22,137,0,0,1,0,0,0,28,1,1,pre_allocation
394,895,normal,0,0,65535_65535,2,22,137,50,1,1,1,1,50,28,1,1,allocated
394,895,normal,0,0,65535_65535,2,25,137,0,0,1,0,0,0,28,1,1,pre_allocation
394,895,normal,0,0,65535_65535,2,25,137,50,1,1,1,1,50,28,1,1,allocated
394,895,normal,0,0,65535_65535,2,12,137,0,0,1,0,0,0,28,1,1,pre_allocation
394,895,normal,0,0,65535_65535,2,12,137,50,1,1,1,1,50,28,1,1,allocated
394,895,normal,0,0,65535_65535,2,21,137,0,0,1,0,0,0,28,1,1,pre_allocation
394,895,normal,0,0,65535_65535,2,21,137,50,1,1,1,1,50,28,1,1,allocated
394,895,normal,0,0,65535_65535,2,27,137,0,0,1,0,0,0,28,1,1,pre_allocation
394,895,normal,0,0,65535_65535,2,27,137,50,1,1,1,1,50,28,1,1,allocated
394,895,normal,0,0,65535_65535,2,28,137,0,0,1,0,0,0,28,1,1,pre_allocation
394,895,normal,0,0,65535_65535,2,28,137,50,1,1,1,1,50,28,1,1,allocated
394,895,normal,0,0,65535_65535,2,11,137,17,0,1,0,1,0,15,1,1,pre_allocation
394,895,normal,0,0,65535_65535,2,11,137,38,1,1,1,2,38,15,1,1,allocated
394,895,normal,0,0,65535_65535,2,23,137,5,0,1,0,1,0,8,1,1,pre_allocation
394,895,normal,0,0,65535_65535,2,23,137,13,1,1,1,2,13,8,1,1,allocated
394,895,normal,0,0,65535_65535,2,22,137,50,0,1,0,1,0,28,1,1,pre_allocation
394,895,normal,0,0,65535_65535,2,22,137,103,1,1,1,2,103,28,1,1,allocated
394,895,normal,0,0,65535_65535,2,25,137,50,0,1,0,1,0,28,1,1,pre_allocation
394,895,normal,0,0,65535_65535,2,25,137,103,1,1,1,2,103,28,1,1,allocated
394,895,normal,0,0,65535_65535,2,12,137,50,0,1,0,1,0,28,1,1,pre_allocation
394,895,normal,0,0,65535_65535,2,12,137,103,1,1,1,2,103,28,1,1,allocated
394,895,normal,0,0,65535_65535,2,21,137,50,0,1,0,1,0,28,1,1,pre_allocation
394,895,normal,0,0,65535_65535,2,21,137,103,1,1,1,2,103,28,1,1,allocated
394,895,normal,0,0,65535_65535,2,27,137,50,0,1,0,1,0,28,1,1,pre_allocation
394,895,normal,0,0,65535_65535,2,27,137,103,1,1,1,2,103,28,1,1,allocated
394,895,normal,0,0,65535_65535,2,28,137,50,0,1,0,1,0,28,1,1,pre_allocation
394,895,normal,0,0,65535_65535,2,28,137,103,1,1,1,2,103,28,1,1,allocated
394,895,normal,0,0,65535_65535,2,11,137,38,0,1,0,2,0,15,1,1,pre_allocation
394,895,normal,0,0,65535_65535,2,11,137,59,1,1,1,3,59,15,1,1,allocated
394,895,normal,0,0,65535_65535,2,23,137,13,0,1,0,2,0,8,1,1,pre_allocation
394,895,normal,0,0,65535_65535,2,23,137,22,1,1,1,3,22,8,1,1,allocated
394,895,normal,0,0,65535_65535,2,22,137,103,0,1,0,2,0,28,1,1,pre_allocation
394,895,normal,0,0,65535_65535,2,22,137,156,1,1,1,3,156,28,1,1,allocated
394,895,normal,0,0,65535_65535,2,25,137,103,0,1,0,2,0,28,1,1,pre_allocation
394,895,normal,0,0,65535_65535,2,25,137,156,1,1,1,3,156,28,1,1,allocated
394,895,normal,0,0,65535_65535,2,12,137,103,0,1,0,2,0,28,1,1,pre_allocation
394,895,normal,0,0,65535_65535,2,12,137,156,1,1,1,3,156,28,1,1,allocated
394,895,normal,0,0,65535_65535,2,21,137,103,0,1,0,2,0,28,1,1,pre_allocation
394,895,normal,0,0,65535_65535,2,21,137,156,1,1,1,3,156,28,1,1,allocated
394,895,normal,0,0,65535_65535,2,27,137,103,0,1,0,2,0,28,1,1,pre_allocation
394,895,normal,0,0,65535_65535,2,27,137,156,1,1,1,3,156,28,1,1,allocated
394,895,normal,0,0,65535_65535,2,28,137,103,0,1,0,2,0,28,1,1,pre_allocation
394,895,normal,0,0,65535_65535,2,28,137,156,1,1,1,3,156,28,1,1,allocated
394,895,normal,0,0,65535_65535,2,11,137,59,0,1,0,3,0,15,1,1,pre_allocation
394,895,normal,0,0,65535_65535,2,11,137,80,1,1,1,4,80,15,1,1,allocated
394,895,normal,0,0,65535_65535,2,23,137,22,0,1,0,3,0,8,1,1,pre_allocation
394,895,normal,0,0,65535_65535,2,23,137,30,1,1,1,4,30,8,1,1,allocated
394,895,normal,0,0,65535_65535,2,22,137,156,0,1,0,3,0,28,1,1,pre_allocation
394,895,normal,0,0,65535_65535,2,22,137,209,1,1,1,4,209,28,1,1,allocated
394,895,normal,0,0,65535_65535,2,25,137,156,0,1,0,3,0,28,1,1,pre_allocation
394,895,normal,0,0,65535_65535,2,25,137,209,1,1,1,4,209,28,1,1,allocated
394,895,normal,0,0,65535_65535,2,12,137,156,0,1,0,3,0,28,1,1,pre_allocation
394,895,normal,0,0,65535_65535,2,12,137,209,1,1,1,4,209,28,1,1,allocated
394,895,normal,0,0,65535_65535,2,21,137,156,0,1,0,3,0,28,1,1,pre_allocation
394,895,normal,0,0,65535_65535,2,21,137,209,1,1,1,4,209,28,1,1,allocated
394,895,normal,0,0,65535_65535,2,27,137,156,0,1,0,3,0,28,1,1,pre_allocation
394,895,normal,0,0,65535_65535,2,27,137,209,1,1,1,4,209,28,1,1,allocated
394,895,normal,0,0,65535_65535,2,28,137,156,0,1,0,3,0,28,1,1,pre_allocation
394,895,normal,0,0,65535_65535,2,28,137,209,1,1,1,4,209,28,1,1,allocated
394,895,normal,0,0,65535_65535,2,11,137,80,0,1,0,4,0,15,1,1,pre_allocation
394,895,normal,0,0,65535_65535,2,11,137,100,1,1,1,5,100,15,1,1,allocated
394,895,normal,0,0,65535_65535,2,23,137,30,0,1,0,4,0,8,1,1,pre_allocation
394,895,normal,0,0,65535_65535,2,23,137,39,1,1,1,5,39,8,1,1,allocated
394,895,normal,0,0,65535_65535,2,22,137,209,0,1,0,4,0,28,1,1,pre_allocation
394,895,normal,0,0,65535_65535,2,22,137,262,1,1,1,5,262,28,1,1,allocated
394,895,normal,0,0,65535_65535,2,25,137,209,0,1,0,4,0,28,1,1,pre_allocation
394,895,normal,0,0,65535_65535,2,25,137,262,1,1,1,5,262,28,1,1,allocated
394,895,normal,0,0,65535_65535,2,12,137,209,0,1,0,4,0,28,1,1,pre_allocation
394,895,normal,0,0,65535_65535,2,12,137,262,1,1,1,5,262,28,1,1,allocated
394,895,normal,0,0,65535_65535,2,21,137,209,0,1,0,4,0,28,1,1,pre_allocation
394,895,normal,0,0,65535_65535,2,21,137,262,1,1,1,5,262,28,1,1,allocated
394,895,normal,0,0,65535_65535,2,27,137,209,0,1,0,4,0,28,1,1,pre_allocation
394,895,normal,0,0,65535_65535,2,27,137,262,1,1,1,5,262,28,1,1,allocated
394,895,normal,0,0,65535_65535,2,28,137,209,0,1,0,4,0,28,1,1,pre_allocation
394,895,normal,0,0,65535_65535,2,28,137,262,1,1,1,5,262,28,1,1,allocated
394,895,normal,0,0,65535_65535,2,11,137,100,0,1,0,5,0,15,1,1,pre_allocation
394,895,normal,0,0,65535_65535,2,11,137,121,1,1,1,6,121,15,1,1,allocated
394,895,normal,0,0,65535_65535,2,23,137,39,0,1,0,5,0,8,1,1,pre_allocation
394,895,normal,0,0,65535_65535,2,23,137,47,1,1,1,6,47,8,1,1,allocated
394,895,normal,0,0,65535_65535,2,22,137,262,0,1,0,5,0,28,1,1,pre_allocation
394,895,normal,0,0,65535_65535,2,22,137,315,1,1,1,6,315,28,1,1,allocated
394,895,normal,0,0,65535_65535,2,25,137,262,0,1,0,5,0,28,1,1,pre_allocation
394,895,normal,0,0,65535_65535,2,25,137,315,1,1,1,6,315,28,1,1,allocated
394,895,normal,0,0,65535_65535,2,12,137,262,0,1,0,5,0,28,1,1,pre_allocation
394,895,normal,0,0,65535_65535,2,12,137,315,1,1,1,6,315,28,1,1,allocated
394,895,normal,0,0,65535_65535,2,21,137,262,0,1,0,5,0,28,1,1,pre_allocation
394,895,normal,0,0,65535_65535,2,21,137,315,1,1,1,6,315,28,1,1,allocated
394,895,normal,0,0,65535_65535,2,27,137,262,0,1,0,5,0,28,1,1,pre_allocation
394,895,normal,0,0,65535_65535,2,27,137,315,1,1,1,6,315,28,1,1,allocated
394,895,normal,0,0,65535_65535,2,28,137,262,0,1,0,5,0,28,1,1,pre_allocation
394,895,normal,0,0,65535_65535,2,28,137,315,1,1,1,6,315,28,1,1,allocated
394,895,normal,0,0,65535_65535,2,11,137,121,0,1,0,6,0,15,1,1,pre_allocation
394,895,normal,0,0,65535_65535,2,11,137,142,1,1,1,7,142,15,1,1,allocated
394,895,normal,0,0,65535_65535,2,23,137,47,0,1,0,6,0,8,1,1,pre_allocation
394,895,normal,0,0,65535_65535,2,23,137,56,1,1,1,7,56,8,1,1,allocated
394,895,normal,0,0,65535_65535,2,22,137,315,0,1,0,6,0,28,1,1,pre_allocation
394,895,normal,0,0,65535_65535,2,22,137,368,1,1,1,7,368,28,1,1,allocated
394,895,normal,0,0,65535_65535,2,25,137,315,0,1,0,6,0,28,1,1,pre_allocation
394,895,normal,0,0,65535_65535,2,25,137,368,1,1,1,7,368,28,1,1,allocated
394,895,normal,0,0,65535_65535,2,12,137,315,0,1,0,6,0,28,1,1,pre_allocation
394,895,normal,0,0,65535_65535,2,12,137,368,1,1,1,7,368,28,1,1,allocated
394,895,normal,0,0,65535_65535,2,21,137,315,0,1,0,6,0,28,1,1,pre_allocation
394,895,normal,0,0,65535_65535,2,21,137,368,1,1,1,7,368,28,1,1,allocated
394,895,normal,0,0,65535_65535,2,27,137,315,0,1,0,6,0,28,1,1,pre_allocation
394,895,normal,0,0,65535_65535,2,27,137,368,1,1,1,7,368,28,1,1,allocated
394,895,normal,0,0,65535_65535,2,28,137,315,0,1,0,6,0,28,1,1,pre_allocation
394,895,normal,0,0,65535_65535,2,28,137,368,1,1,1,7,368,28,1,1,allocated
394,895,normal,0,0,65535_65535,2,11,137,142,0,1,0,7,0,15,1,1,pre_allocation
394,895,normal,0,0,65535_65535,2,11,137,163,1,1,1,8,163,15,1,1,allocated
394,895,normal,0,0,65535_65535,2,23,137,56,0,1,0,7,0,8,1,1,pre_allocation
394,895,normal,0,0,65535_65535,2,23,137,64,1,1,1,8,64,8,1,1,allocated
394,895,normal,0,0,65535_65535,2,22,137,368,0,1,0,7,0,28,1,1,pre_allocation
394,895,normal,0,0,65535_65535,2,22,137,422,1,1,1,8,422,28,1,1,allocated
394,895,normal,0,0,65535_65535,2,25,137,368,0,1,0,7,0,28,1,1,pre_allocation
394,895,normal,0,0,65535_65535,2,25,137,422,1,1,1,8,422,28,1,1,allocated
394,895,normal,0,0,65535_65535,2,12,137,368,0,1,0,7,0,28,1,1,pre_allocation
394,895,normal,0,0,65535_65535,2,12,137,422,1,1,1,8,422,28,1,1,allocated
394,895,normal,0,0,65535_65535,2,21,137,368,0,1,0,7,0,28,1,1,pre_allocation
394,895,normal,0,0,65535_65535,2,21,137,422,1,1,1,8,422,28,1,1,allocated
394,895,normal,0,0,65535_65535,2,27,137,368,0,1,0,7,0,28,1,1,pre_allocation
394,895,normal,0,0,65535_65535,2,27,137,422,1,1,1,8,422,28,1,1,allocated
394,895,normal,0,0,65535_65535,2,28,137,368,0,1,0,7,0,28,1,1,pre_allocation
394,895,normal,0,0,65535_65535,2,28,137,422,1,1,1,8,422,28,1,1,allocated
394,895,normal,0,0,65535_65535,2,11,137,163,0,1,0,8,0,15,1,1,pre_allocation
394,895,normal,0,0,65535_65535,2,11,137,184,1,1,1,9,184,15,1,1,allocated
394,895,normal,0,0,65535_65535,2,23,137,64,0,1,0,8,0,8,1,1,pre_allocation
394,895,normal,0,0,65535_65535,2,23,137,73,1,1,1,9,73,8,1,1,allocated
394,895,normal,0,0,65535_65535,2,22,137,422,0,1,0,8,0,28,1,1,pre_allocation
394,895,normal,0,0,65535_65535,2,22,137,475,1,1,1,9,475,28,1,1,allocated
394,895,normal,0,0,65535_65535,2,25,137,422,0,1,0,8,0,28,1,1,pre_allocation
394,895,normal,0,0,65535_65535,2,25,137,475,1,1,1,9,475,28,1,1,allocated
394,895,normal,0,0,65535_65535,2,12,137,422,0,1,0,8,0,28,1,1,pre_allocation
394,895,normal,0,0,65535_65535,2,12,137,475,1,1,1,9,475,28,1,1,allocated
394,895,normal,0,0,65535_65535,2,21,137,422,0,1,0,8,0,28,1,1,pre_allocation
394,895,normal,0,0,65535_65535,2,21,137,475,1,1,1,9,475,28,1,1,allocated
394,895,normal,0,0,65535_65535,2,27,137,422,0,1,0,8,0,28,1,1,pre_allocation
394,895,normal,0,0,65535_65535,2,27,137,475,1,1,1,9,475,28,1,1,allocated
394,895,normal,0,0,65535_65535,2,28,137,422,0,1,0,8,0,28,1,1,pre_allocation
394,895,normal,0,0,65535_65535,2,28,137,475,1,1,1,9,475,28,1,1,allocated
394,895,normal,0,0,65535_65535,2,11,137,184,0,1,0,9,0,15,1,1,pre_allocation
394,895,normal,0,0,65535_65535,2,11,137,204,1,1,1,10,204,15,1,1,allocated
394,895,normal,0,0,65535_65535,2,23,137,73,0,1,0,9,0,8,1,1,pre_allocation
394,895,normal,0,0,65535_65535,2,23,137,81,1,1,1,10,81,8,1,1,allocated
394,895,normal,0,0,65535_65535,2,22,137,475,0,1,0,9,0,28,1,1,pre_allocation
394,895,normal,0,0,65535_65535,2,22,137,528,1,1,1,10,528,28,1,1,allocated
394,895,normal,0,0,65535_65535,2,25,137,475,0,1,0,9,0,28,1,1,pre_allocation
394,895,normal,0,0,65535_65535,2,25,137,528,1,1,1,10,528,28,1,1,allocated
394,895,normal,0,0,65535_65535,2,12,137,475,0,1,0,9,0,28,1,1,pre_allocation
394,895,normal,0,0,65535_65535,2,12,137,528,1,1,1,10,528,28,1,1,allocated
394,895,normal,0,0,65535_65535,2,21,137,475,0,1,0,9,0,28,1,1,pre_allocation
394,895,normal,0,0,65535_65535,2,21,137,528,1,1,1,10,528,28,1,1,allocated
394,895,normal,0,0,65535_65535,2,27,137,475,0,1,0,9,0,28,1,1,pre_allocation
394,895,normal,0,0,65535_65535,2,27,137,528,1,1,1,10,528,28,1,1,allocated
394,895,normal,0,0,65535_65535,2,28,137,475,0,1,0,9,0,28,1,1,pre_allocation
394,895,normal,0,0,65535_65535,2,28,137,528,1,1,1,10,528,28,1,1,allocated
394,895,normal,0,0,65535_65535,2,11,137,204,0,1,0,10,0,15,1,1,pre_allocation
394,895,normal,0,0,65535_65535,2,11,137,225,1,1,1,11,225,15,1,1,allocated
506,993,normal,0,0,65535_65535,0,2,730004,0,0,1,0,0,0,4,1,1,pre_allocation
506,993,normal,0,0,65535_65535,0,2,730004,0,1,1,1,1,0,4,1,1,allocated
506,993,normal,0,0,65535_65535,0,5,835503,0,0,1,0,0,0,15,1,1,pre_allocation
506,993,normal,0,0,65535_65535,0,5,835503,14,1,1,1,1,14,15,1,1,allocated
506,993,normal,0,0,65535_65535,0,3,591058,0,0,1,0,0,0,8,1,1,pre_allocation
506,993,normal,0,0,65535_65535,0,3,591058,4,1,1,1,1,4,8,1,1,allocated
506,993,normal,0,0,65535_65535,0,4,691657,0,0,1,0,0,0,15,1,1,pre_allocation
506,993,normal,0,0,65535_65535,0,4,691657,14,1,1,1,1,14,15,1,1,allocated
506,993,normal,0,0,65535_65535,0,2,730004,0,0,1,0,1,0,4,1,1,pre_allocation
506,993,normal,0,0,65535_65535,0,2,730004,3,1,1,1,2,3,4,1,1,allocated
506,993,normal,0,0,65535_65535,0,5,835503,14,0,1,0,1,0,15,1,1,pre_allocation
506,993,normal,0,0,65535_65535,0,5,835503,32,1,1,1,2,32,15,1,1,allocated
506,993,normal,0,0,65535_65535,0,3,591058,4,0,1,0,1,0,8,1,1,pre_allocation
506,993,normal,0,0,65535_65535,0,3,591058,11,1,1,1,2,11,8,1,1,allocated
506,993,normal,0,0,65535_65535,0,4,691657,14,0,1,0,1,0,15,1,1,pre_allocation
506,993,normal,0,0,65535_65535,0,4,691657,32,1,1,1,2,32,15,1,1,allocated
506,993,normal,0,0,65535_65535,0,2,730004,3,0,1,0,2,0,4,1,1,pre_allocation
506,993,normal,0,0,65535_65535,0,2,730004,6,1,1,1,3,6,4,1,1,allocated
506,993,normal,0,0,65535_65535,0,5,835503,32,0,1,0,2,0,15,1,1,pre_allocation
506,993,normal,0,0,65535_65535,0,5,835503,50,1,1,1,3,50,15,1,1,allocated
506,993,normal,0,0,65535_65535,0,3,591058,11,0,1,0,2,0,8,1,1,pre_allocation
506,993,normal,0,0,65535_65535,0,3,591058,18,1,1,1,3,18,8,1,1,allocated
506,993,normal,0,0,65535_65535,0,4,691657,32,0,1,0,2,0,15,1,1,pre_allocation
506,993,normal,0,0,65535_65535,0,4,691657,50,1,1,1,3,50,15,1,1,allocated
506,993,normal,0,0,65535_65535,0,2,730004,6,0,1,0,3,0,4,1,1,pre_allocation
506,993,normal,0,0,65535_65535,0,2,730004,9,1,1,1,4,9,4,1,1,allocated
506,993,normal,0,0,65535_65535,0,5,835503,50,0,1,0,3,0,15,1,1,pre_allocation
506,993,normal,0,0,65535_65535,0,5,835503,68,1,1,1,4,68,15,1,1,allocated
506,993,normal,0,0,65535_65535,0,3,591058,18,0,1,0,3,0,8,1,1,pre_allocation
506,993,normal,0,0,65535_65535,0,3,591058,26,1,1,1,4,26,8,1,1,allocated
506,993,normal,0,0,65535_65535,0,4,691657,50,0,1,0,3,0,15,1,1,pre_allocation
506,993,normal,0,0,65535_65535,0,4,691657,68,1,1,1,4,68,15,1,1,allocated
506,993,normal,0,0,65535_65535,0,2,730004,9,0,1,0,4,0,4,1,1,pre_allocation
506,993,normal,0,0,65535_65535,0,2,730004,12,1,1,1,5,12,4,1,1,allocated
506,993,normal,0,0,65535_65535,0,5,835503,68,0,1,0,4,0,15,1,1,pre_allocation
506,993,normal,0,0,65535_65535,0,5,835503,86,1,1,1,5,86,15,1,1,allocated
506,993,normal,0,0,65535_65535,0,3,591058,26,0,1,0,4,0,8,1,1,pre_allocation
506,993,normal,0,0,65535_65535,0,3,591058,33,1,1,1,5,33,8,1,1,allocated
506,993,normal,0,0,65535_65535,0,4,691657,68,0,1,0,4,0,15,1,1,pre_allocation
506,993,normal,0,0,65535_65535,0,4,691657,86,1,1,1,5,86,15,1,1,allocated
506,993,normal,0,0,65535_65535,0,2,730004,12,0,1,0,5,0,4,1,1,pre_allocation
506,993,normal,0,0,65535_65535,0,2,730004,15,1,1,1,6,15,4,1,1,allocated
506,993,normal,0,0,65535_65535,0,5,835503,86,0,1,0,5,0,15,1,1,pre_allocation
506,993,normal,0,0,65535_65535,0,5,835503,103,1,1,1,6,103,15,1,1,allocated
506,993,normal,0,0,65535_65535,0,3,591058,33,0,1,0,5,0,8,1,1,pre_allocation
506,993,normal,0,0,65535_65535,0,3,591058,40,1,1,1,6,40,8,1,1,allocated
506,993,normal,0,0,65535_65535,0,4,691657,86,0,1,0,5,0,15,1,1,pre_allocation
506,993,normal,0,0,65535_65535,0,4,691657,103,1,1,1,6,103,15,1,1,allocated
506,993,normal,0,0,65535_65535,0,2,730004,15,0,1,0,6,0,4,1,1,pre_allocation
506,993,normal,0,0,65535_65535,0,2,730004,18,1,1,1,7,18,4,1,1,allocated
506,993,normal,0,0,65535_65535,0,5,835503,103,0,1,0,6,0,15,1,1,pre_allocation
506,993,normal,0,0,65535_65535,0,5,835503,121,1,1,1,7,121,15,1,1,allocated
506,993,normal,0,0,65535_65535,0,3,591058,40,0,1,0,6,0,8,1,1,pre_allocation
506,993,normal,0,0,65535_65535,0,3,591058,47,1,1,1,7,47,8,1,1,allocated
506,993,normal,0,0,65535_65535,0,4,691657,103,0,1,0,6,0,15,1,1,pre_allocation
506,993,normal,0,0,65535_65535,0,4,691657,121,1,1,1,7,121,15,1,1,allocated
506,993,normal,0,0,65535_65535,0,2,730004,18,0,1,0,7,0,4,1,1,pre_allocation
506,993,normal,0,0,65535_65535,0,2,730004,22,1,1,1,8,22,4,1,1,allocated
506,993,normal,0,0,65535_65535,0,5,835503,121,0,1,0,7,0,15,1,1,pre_allocation
506,993,normal,0,0,65535_65535,0,5,835503,139,1,1,1,8,139,15,1,1,allocated
506,993,normal,0,0,65535_65535,0,3,591058,47,0,1,0,7,0,8,1,1,pre_allocation
506,993,normal,0,0,65535_65535,0,3,591058,55,1,1,1,8,55,8,1,1,allocated
506,993,normal,0,0,65535_65535,0,4,691657,121,0,1,0,7,0,15,1,1,pre_allocation
506,993,normal,0,0,65535_65535,0,4,691657,139,1,1,1,8,139,15,1,1,allocated
506,993,normal,0,0,65535_65535,0,2,730004,22,0,1,0,8,0,4,1,1,pre_allocation
506,993,normal,0,0,65535_65535,0,2,730004,25,1,1,1,9,25,4,1,1,allocated
506,993,normal,0,0,65535_65535,0,5,835503,139,0,1,0,8,0,15,1,1,pre_allocation
506,993,normal,0,0,65535_65535,0,5,835503,157,1,1,1,9,157,15,1,1,allocated
506,993,normal,0,0,65535_65535,0,3,591058,55,0,1,0,8,0,8,1,1,pre_allocation
506,993,normal,0,0,65535_65535,0,3,591058,62,1,1,1,9,62,8,1,1,allocated
506,993,normal,0,0,65535_65535,0,4,691657,139,0,1,0,8,0,15,1,1,pre_allocation
506,993,normal,0,0,65535_65535,0,4,691657,157,1,1,1,9,157,15,1,1,allocated
506,993,normal,0,0,65535_65535,0,2,730004,25,0,1,0,9,0,4,1,1,pre_allocation
506,993,normal,0,0,65535_65535,0,2,730004,28,1,1,1,10,28,4,1,1,allocated
506,993,normal,0,0,65535_65535,0,5,835503,157,0,1,0,9,0,15,1,1,pre_allocation
506,993,normal,0,0,65535_65535,0,5,835503,175,1,1,1,10,175,15,1,1,allocated
506,993,normal,0,0,65535_65535,0,3,591058,62,0,1,0,9,0,8,1,1,pre_allocation
506,993,normal,0,0,65535_65535,0,3,591058,69,1,1,1,10,69,8,1,1,allocated
506,993,normal,0,0,65535_65535,0,4,691657,157,0,1,0,9,0,15,1,1,pre_allocation
506,993,normal,0,0,65535_65535,0,4,691657,175,1,1,1,10,175,15,1,1,allocated
506,993,normal,0,0,65535_65535,0,2,730004,28,0,1,0,10,0,4,1,1,pre_allocation
506,993,normal,0,0,65535_65535,0,2,730004,31,1,1,1,11,31,4,1,1,allocated
506,993,normal,0,0,65535_65535,0,5,835503,175,0,1,0,10,0,15,1,1,pre_allocation
506,993,normal,0,0,65535_65535,0,5,835503,193,1,1,1,11,193,15,1,1,allocated
506,993,normal,0,0,65535_65535,0,3,591058,69,0,1,0,10,0,8,1,1,pre_allocation
506,993,normal,0,0,65535_65535,0,3,591058,76,1,1,1,11,76,8,1,1,allocated
506,993,normal,0,0,65535_65535,0,4,691657,175,0,1,0,10,0,15,1,1,pre_allocation
506,993,normal,0,0,65535_65535,0,4,691657,193,1,1,1,11,193,15,1,1,allocated
506,993,normal,0,0,65535_65535,0,2,730004,31,0,1,0,11,0,4,1,1,pre_allocation
506,993,normal,0,0,65535_65535,0,2,730004,34,1,1,1,12,34,4,1,1,allocated
506,993,normal,0,0,65535_65535,0,5,835503,193,0,1,0,11,0,15,1,1,pre_allocation
506,993,normal,0,0,65535_65535,0,5,835503,210,1,1,1,12,210,15,1,1,allocated
506,993,normal,0,0,65535_65535,0,3,591058,76,0,1,0,11,0,8,1,1,pre_allocation
506,993,normal,0,0,65535_65535,0,3,591058,84,1,1,1,12,84,8,1,1,allocated
506,993,normal,0,0,65535_65535,0,4,691657,193,0,1,0,11,0,15,1,1,pre_allocation
506,993,normal,0,0,65535_65535,0,4,691657,210,1,1,1,12,210,15,1,1,allocated
506,993,normal,0,0,65535_65535,0,2,730004,34,0,1,0,12,0,4,1,1,pre_allocation
506,993,normal,0,0,65535_65535,0,2,730004,37,1,1,1,13,37,4,1,1,allocated
506,993,normal,0,0,65535_65535,0,5,835503,210,0,1,0,12,0,15,1,1,pre_allocation
506,993,normal,0,0,65535_65535,0,5,835503,228,1,1,1,13,228,15,1,1,allocated
506,993,normal,0,0,65535_65535,0,3,591058,84,0,1,0,12,0,8,1,1,pre_allocation
506,993,normal,0,0,65535_65535,0,3,591058,91,1,1,1,13,91,8,1,1,allocated
506,993,normal,0,0,65535_65535,0,4,691657,210,0,1,0,12,0,15,1,1,pre_allocation
506,993,normal,0,0,65535_65535,0,4,691657,228,1,1,1,13,228,15,1,1,allocated
506,993,normal,0,0,65535_65535,0,2,730004,37,0,1,0,13,0,4,1,1,pre_allocation
506,993,normal,0,0,65535_65535,0,2,730004,40,1,1,1,14,40,4,1,1,allocated
506,993,normal,0,0,65535_65535,0,5,835503,228,0,1,0,13,0,15,1,1,pre_allocation
506,993,normal,0,0,65535_65535,0,5,835503,246,1,1,1,14,246,15,1,1,allocated
506,993,normal,0,0,65535_65535,0,3,591058,91,0,1,0,13,0,8,1,1,pre_allocation
506,993,normal,0,0,65535_65535,0,3,591058,98,1,1,1,14,98,8,1,1,allocated
506,993,normal,0,0,65535_65535,0,4,691657,228,0,1,0,13,0,15,1,1,pre_allocation
506,993,normal,0,0,65535_65535,0,4,691657,246,1,1,1,14,246,15,1,1,allocated
506,993,normal,0,0,65535_65535,0,2,730004,40,0,1,0,14,0,4,1,1,pre_allocation
506,993,normal,0,0,65535_65535,0,2,730004,44,1,1,1,15,44,4,1,1,allocated
506,993,normal,0,0,65535_65535,0,5,835503,246,0,1,0,14,0,15,1,1,pre_allocation
506,993,normal,0,0,65535_65535,0,5,835503,264,1,1,1,15,264,15,1,1,allocated
506,993,normal,0,0,65535_65535,0,3,591058,98,0,1,0,14,0,8,1,1,pre_allocation
506,993,normal,0,0,65535_65535,0,3,591058,105,1,1,1,15,105,8,1,1,allocated
506,993,normal,0,0,65535_65535,0,4,691657,246,0,1,0,14,0,15,1,1,pre_allocation
506,993,normal,0,0,65535_65535,0,4,691657,264,1,1,1,15,264,15,1,1,allocated
506,993,normal,0,0,65535_65535,0,2,730004,44,0,1,0,15,0,4,1,1,pre_allocation
506,993,normal,0,0,65535_65535,0,2,730004,47,1,1,1,16,47,4,1,1,allocated
506,993,normal,0,0,65535_65535,0,5,835503,264,0,1,0,15,0,15,1,1,pre_allocation
506,993,normal,0,0,65535_65535,0,5,835503,282,1,1,1,16,282,15,1,1,allocated
506,993,normal,0,0,65535_65535,0,3,591058,105,0,1,0,15,0,8,1,1,pre_allocation
506,993,normal,0,0,65535_65535,0,3,591058,113,1,1,1,16,113,8,1,1,allocated
506,993,normal,0,0,65535_65535,0,4,691657,264,0,1,0,15,0,15,1,1,pre_allocation
506,993,normal,0,0,65535_65535,0,4,691657,282,1,1,1,16,282,15,1,1,allocated
506,993,normal,0,0,65535_65535,0,2,730004,47,0,1,0,16,0,4,1,1,pre_allocation
506,993,normal,0,0,65535_65535,0,2,730004,50,1,1,1,17,50,4,1,1,allocated
506,993,normal,0,0,65535_65535,0,5,835503,282,0,1,0,16,0,15,1,1,pre_allocation
506,993,normal,0,0,65535_65535,0,5,835503,299,1,1,1,17,299,15,1,1,allocated
506,993,normal,0,0,65535_65535,0,3,591058,113,0,1,0,16,0,8,1,1,pre_allocation
506,993,normal,0,0,65535_65535,0,3,591058,120,1,1,1,17,120,8,1,1,allocated
506,993,normal,0,0,65535_65535,0,4,691657,282,0,1,0,16,0,15,1,1,pre_allocation
506,993,normal,0,0,65535_65535,0,4,691657,299,1,1,1,17,299,15,1,1,allocated
506,993,normal,0,0,65535_65535,0,2,730004,50,0,1,0,17,0,4,1,1,pre_allocation
506,993,normal,0,0,65535_65535,0,2,730004,53,1,1,1,18,53,4,1,1,allocated
506,993,normal,0,0,65535_65535,0,5,835503,299,0,1,0,17,0,15,1,1,pre_allocation
506,993,normal,0,0,65535_65535,0,5,835503,317,1,1,1,18,317,15,1,1,allocated
506,993,normal,0,0,65535_65535,0,3,591058,120,0,1,0,17,0,8,1,1,pre_allocation
506,993,normal,0,0,65535_65535,0,3,591058,127,1,1,1,18,127,8,1,1,allocated
506,993,normal,0,0,65535_65535,0,4,691657,299,0,1,0,17,0,15,1,1,pre_allocation
506,993,normal,0,0,65535_65535,0,4,691657,317,1,1,1,18,317,15,1,1,allocated
506,993,normal,0,0,65535_65535,0,2,730004,53,0,1,0,18,0,4,1,1,pre_allocation
506,993,normal,0,0,65535_65535,0,2,730004,56,1,1,1,19,56,4,1,1,allocated
506,993,normal,0,0,65535_65535,0,5,835503,317,0,1,0,18,0,15,1,1,pre_allocation
506,993,normal,0,0,65535_65535,0,5,835503,335,1,1,1,19,335,15,1,1,allocated
506,993,normal,0,0,65535_65535,0,3,591058,127,0,1,0,18,0,8,1,1,pre_allocation
506,993,normal,0,0,65535_65535,0,3,591058,134,1,1,1,19,134,8,1,1,allocated
506,993,normal,0,0,65535_65535,0,4,691657,317,0,1,0,18,0,15,1,1,pre_allocation
506,993,normal,0,0,65535_65535,0,4,691657,335,1,1,1,19,335,15,1,1,allocated
506,993,normal,0,0,65535_65535,0,2,730004,56,0,1,0,19,0,4,1,1,pre_allocation
506,993,normal,0,0,65535_65535,0,2,730004,59,1,1,1,20,59,4,1,1,allocated
506,993,normal,0,0,65535_65535,0,5,835503,335,0,1,0,19,0,15,1,1,pre_allocation
506,993,normal,0,0,65535_65535,0,5,835503,353,1,1,1,20,353,15,1,1,allocated
506,993,normal,0,0,65535_65535,0,3,591058,134,0,1,0,19,0,8,1,1,pre_allocation
506,993,normal,0,0,65535_65535,0,3,591058,142,1,1,1,20,142,8,1,1,allocated
506,993,normal,0,0,65535_65535,0,4,691657,335,0,1,0,19,0,15,1,1,pre_allocation
506,993,normal,0,0,65535_65535,0,4,691657,353,1,1,1,20,353,15,1,1,allocated
506,993,normal,0,0,65535_65535,0,2,730004,59,0,1,0,20,0,4,1,1,pre_allocation
506,993,normal,0,0,65535_65535,0,2,730004,62,1,1,1,21,62,4,1,1,allocated
506,993,normal,0,0,65535_65535,0,5,835503,353,0,1,0,20,0,15,1,1,pre_allocation
506,993,normal,0,0,65535_65535,0,5,835503,371,1,1,1,21,371,15,1,1,allocated
506,993,normal,0,0,65535_65535,0,3,591058,142,0,1,0,20,0,8,1,1,pre_allocation
506,993,normal,0,0,65535_65535,0,3,591058,149,1,1,1,21,149,8,1,1,allocated
506,993,normal,0,0,65535_65535,0,4,691657,353,0,1,0,20,0,15,1,1,pre_allocation
506,993,normal,0,0,65535_65535,0,4,691657,371,1,1,1,21,371,15,1,1,allocated
506,993,normal,0,0,65535_65535,0,2,730004,62,0,1,0,21,0,4,1,1,pre_allocation
506,993,normal,0,0,65535_65535,0,2,730004,65,1,1,1,22,65,4,1,1,allocated
506,993,normal,0,0,65535_65535,0,5,835503,371,0,1,0,21,0,15,1,1,pre_allocation
506,993,normal,0,0,65535_65535,0,5,835503,389,1,1,1,22,389,15,1,1,allocated
506,993,normal,0,0,65535_65535,0,3,591058,149,0,1,0,21,0,8,1,1,pre_allocation
506,993,normal,0,0,65535_65535,0,3,591058,156,1,1,1,22,156,8,1,1,allocated
506,993,normal,0,0,65535_65535,0,4,691657,371,0,1,0,21,0,15,1,1,pre_allocation
506,993,normal,0,0,65535_65535,0,4,691657,389,1,1,1,22,389,15,1,1,allocated
506,993,normal,0,0,65535_65535,0,2,730004,65,0,1,0,22,0,4,1,1,pre_allocation
506,993,normal,0,0,65535_65535,0,2,730004,69,1,1,1,23,69,4,1,1,allocated
506,993,normal,0,0,65535_65535,0,5,835503,389,0,1,0,22,0,15,1,1,pre_allocation
506,993,normal,0,0,65535_65535,0,5,835503,406,1,1,1,23,406,15,1,1,allocated
506,993,normal,0,0,65535_65535,0,3,591058,156,0,1,0,22,0,8,1,1,pre_allocation
506,993,normal,0,0,65535_65535,0,3,591058,163,1,1,1,23,163,8,1,1,allocated
506,993,normal,0,0,65535_65535,0,4,691657,389,0,1,0,22,0,15,1,1,pre_allocation
506,993,normal,0,0,65535_65535,0,4,691657,406,1,1,1,23,406,15,1,1,allocated
506,993,normal,0,0,65535_65535,0,2,730004,69,0,1,0,23,0,4,1,1,pre_allocation
506,993,normal,0,0,65535_65535,0,2,730004,72,1,1,1,24,72,4,1,1,allocated
506,993,normal,0,0,65535_65535,0,5,835503,406,0,1,0,23,0,15,1,1,pre_allocation
506,993,normal,0,0,65535_65535,0,5,835503,424,1,1,1,24,424,15,1,1,allocated
506,993,normal,0,0,65535_65535,0,3,591058,163,0,1,0,23,0,8,1,1,pre_allocation
506,993,normal,0,0,65535_65535,0,3,591058,171,1,1,1,24,171,8,1,1,allocated
506,993,normal,0,0,65535_65535,0,4,691657,406,0,1,0,23,0,15,1,1,pre_allocation
506,993,normal,0,0,65535_65535,0,4,691657,424,1,1,1,24,424,15,1,1,allocated
506,993,normal,0,0,65535_65535,0,2,730004,72,0,1,0,24,0,4,1,1,pre_allocation
506,993,normal,0,0,65535_65535,0,2,730004,75,1,1,1,25,75,4,1,1,allocated
506,993,normal,0,0,65535_65535,0,5,835503,424,0,1,0,24,0,15,1,1,pre_allocation
506,993,normal,0,0,65535_65535,0,5,835503,442,1,1,1,25,442,15,1,1,allocated
506,993,normal,0,0,65535_65535,0,3,591058,171,0,1,0,24,0,8,1,1,pre_allocation
506,993,normal,0,0,65535_65535,0,3,591058,178,1,1,1,25,178,8,1,1,allocated
506,993,normal,0,0,65535_65535,0,4,691657,424,0,1,0,24,0,15,1,1,pre_allocation
506,993,normal,0,0,65535_65535,0,4,691657,442,1,1,1,25,442,15,1,1,allocated
506,993,normal,0,0,65535_65535,0,2,730004,75,0,1,0,25,0,4,1,1,pre_allocation
506,993,normal,0,0,65535_65535,0,2,730004,78,1,1,1,26,78,4,1,1,allocated
506,993,normal,0,0,65535_65535,0,5,835503,442,0,1,0,25,0,15,1,1,pre_allocation
506,993,normal,0,0,65535_65535,0,5,835503,460,1,1,1,26,460,15,1,1,allocated
506,993,normal,0,0,65535_65535,0,3,591058,178,0,1,0,25,0,8,1,1,pre_allocation
506,993,normal,0,0,65535_65535,0,3,591058,185,1,1,1,26,185,8,1,1,allocated
506,993,normal,0,0,65535_65535,0,4,691657,442,0,1,0,25,0,15,1,1,pre_allocation
506,993,normal,0,0,65535_65535,0,4,691657,460,1,1,1,26,460,15,1,1,allocated
506,993,normal,0,0,65535_65535,0,2,730004,78,0,1,0,26,0,4,1,1,pre_allocation
506,993,normal,0,0,65535_65535,0,2,730004,81,1,1,1,27,81,4,1,1,allocated
506,993,normal,0,0,65535_65535,1,10,251,0,0,1,0,0,0,15,1,1,pre_allocation
506,993,normal,0,0,65535_65535,1,10,251,14,1,1,1,1,14,15,1,1,allocated
506,993,normal,0,0,65535_65535,1,6,87,0,0,1,0,0,0,28,1,1,pre_allocation
506,993,normal,0,0,65535_65535,1,6,87,42,1,1,1,1,42,28,1,1,allocated
506,993,normal,0,0,65535_65535,1,8,87,0,0,1,0,0,0,28,1,1,pre_allocation
506,993,normal,0,0,65535_65535,1,8,87,42,1,1,1,1,42,28,1,1,allocated
506,993,normal,0,0,65535_65535,1,9,87,0,0,1,0,0,0,28,1,1,pre_allocation
506,993,normal,0,0,65535_65535,1,9,87,42,1,1,1,1,42,28,1,1,allocated
506,993,normal,0,0,65535_65535,1,10,251,14,0,1,0,1,0,15,1,1,pre_allocation
506,993,normal,0,0,65535_65535,1,10,251,32,1,1,1,2,32,15,1,1,allocated
506,993,normal,0,0,65535_65535,1,6,87,42,0,1,0,1,0,28,1,1,pre_allocation
506,993,normal,0,0,65535_65535,1,6,87,88,1,1,1,2,88,28,1,1,allocated
506,993,normal,0,0,65535_65535,1,8,87,42,0,1,0,1,0,28,1,1,pre_allocation
506,993,normal,0,0,65535_65535,1,8,87,88,1,1,1,2,88,28,1,1,allocated
506,993,normal,0,0,65535_65535,1,9,87,42,0,1,0,1,0,28,1,1,pre_allocation
506,993,normal,0,0,65535_65535,1,9,87,88,1,1,1,2,88,28,1,1,allocated
506,993,normal,0,0,65535_65535,1,10,251,32,0,1,0,2,0,15,1,1,pre_allocation
506,993,normal,0,0,65535_65535,1,10,251,50,1,1,1,3,50,15,1,1,allocated
506,993,normal,0,0,65535_65535,1,6,87,88,0,1,0,2,0,28,1,1,pre_allocation
506,993,normal,0,0,65535_65535,1,6,87,133,1,1,1,3,133,28,1,1,allocated
506,993,normal,0,0,65535_65535,1,8,87,88,0,1,0,2,0,28,1,1,pre_allocation
506,993,normal,0,0,65535_65535,1,8,87,133,1,1,1,3,133,28,1,1,allocated
506,993,normal,0,0,65535_65535,1,9,87,88,0,1,0,2,0,28,1,1,pre_allocation
506,993,normal,0,0,65535_65535,1,9,87,133,1,1,1,3,133,28,1,1,allocated
506,993,normal,0,0,65535_65535,1,10,251,50,0,1,0,3,0,15,1,1,pre_allocation
506,993,normal,0,0,65535_65535,1,10,251,68,1,1,1,4,68,15,1,1,allocated
506,993,normal,0,0,65535_65535,1,6,87,133,0,1,0,3,0,28,1,1,pre_allocation
506,993,normal,0,0,65535_65535,1,6,87,179,1,1,1,4,179,28,1,1,allocated
506,993,normal,0,0,65535_65535,1,8,87,133,0,1,0,3,0,28,1,1,pre_allocation
506,993,normal,0,0,65535_65535,1,8,87,179,1,1,1,4,179,28,1,1,allocated
506,993,normal,0,0,65535_65535,1,9,87,133,0,1,0,3,0,28,1,1,pre_allocation
506,993,normal,0,0,65535_65535,1,9,87,179,1,1,1,4,179,28,1,1,allocated
506,993,normal,0,0,65535_65535,1,10,251,68,0,1,0,4,0,15,1,1,pre_allocation
506,993,normal,0,0,65535_65535,1,10,251,86,1,1,1,5,86,15,1,1,allocated
506,993,normal,0,0,65535_65535,1,6,87,179,0,1,0,4,0,28,1,1,pre_allocation
506,993,normal,0,0,65535_65535,1,6,87,224,1,1,1,5,224,28,1,1,allocated
506,993,normal,0,0,65535_65535,1,8,87,179,0,1,0,4,0,28,1,1,pre_allocation
506,993,normal,0,0,65535_65535,1,8,87,224,1,1,1,5,224,28,1,1,allocated
506,993,normal,0,0,65535_65535,1,9,87,179,0,1,0,4,0,28,1,1,pre_allocation
506,993,normal,0,0,65535_65535,1,9,87,224,1,1,1,5,224,28,1,1,allocated
506,993,normal,0,0,65535_65535,1,10,251,86,0,1,0,5,0,15,1,1,pre_allocation
506,993,normal,0,0,65535_65535,1,10,251,103,1,1,1,6,103,15,1,1,allocated
506,993,normal,0,0,65535_65535,1,6,87,224,0,1,0,5,0,28,1,1,pre_allocation
506,993,normal,0,0,65535_65535,1,6,87,270,1,1,1,6,270,28,1,1,allocated
506,993,normal,0,0,65535_65535,1,8,87,224,0,1,0,5,0,28,1,1,pre_allocation
506,993,normal,0,0,65535_65535,1,8,87,270,1,1,1,6,270,28,1,1,allocated
506,993,normal,0,0,65535_65535,1,9,87,224,0,1,0,5,0,28,1,1,pre_allocation
506,993,normal,0,0,65535_65535,1,9,87,270,1,1,1,6,270,28,1,1,allocated
506,993,normal,0,0,65535_65535,1,10,251,103,0,1,0,6,0,15,1,1,pre_allocation
506,993,normal,0,0,65535_65535,1,10,251,121,1,1,1,7,121,15,1,1,allocated
506,993,normal,0,0,65535_65535,1,6,87,270,0,1,0,6,0,28,1,1,pre_allocation
506,993,normal,0,0,65535_65535,1,6,87,315,1,1,1,7,315,28,1,1,allocated
506,993,normal,0,0,65535_65535,1,8,87,270,0,1,0,6,0,28,1,1,pre_allocation
506,993,normal,0,0,65535_65535,1,8,87,315,1,1,1,7,315,28,1,1,allocated
506,993,normal,0,0,65535_65535,1,9,87,270,0,1,0,6,0,28,1,1,pre_allocation
506,993,normal,0,0,65535_65535,1,9,87,315,1,1,1,7,315,28,1,1,allocated
506,993,normal,0,0,65535_65535,1,10,251,121,0,1,0,7,0,15,1,1,pre_allocation
506,993,normal,0,0,65535_65535,1,10,251,139,1,1,1,8,139,15,1,1,allocated
506,993,normal,0,0,65535_65535,1,6,87,315,0,1,0,7,0,28,1,1,pre_allocation
506,993,normal,0,0,65535_65535,1,6,87,361,1,1,1,8,361,28,1,1,allocated
506,993,normal,0,0,65535_65535,1,8,87,315,0,1,0,7,0,28,1,1,pre_allocation
506,993,normal,0,0,65535_65535,1,8,87,361,1,1,1,8,361,28,1,1,allocated
506,993,normal,0,0,65535_65535,1,9,87,315,0,1,0,7,0,28,1,1,pre_allocation
506,993,normal,0,0,65535_65535,1,9,87,361,1,1,1,8,361,28,1,1,allocated
506,993,normal,0,0,65535_65535,1,10,251,139,0,1,0,8,0,15,1,1,pre_allocation
506,993,normal,0,0,65535_65535,1,10,251,157,1,1,1,9,157,15,1,1,allocated
506,993,normal,0,0,65535_65535,1,6,87,361,0,1,0,8,0,28,1,1,pre_allocation
506,993,normal,0,0,65535_65535,1,6,87,406,1,1,1,9,406,28,1,1,allocated
506,993,normal,0,0,65535_65535,1,8,87,361,0,1,0,8,0,28,1,1,pre_allocation
506,993,normal,0,0,65535_65535,1,8,87,406,1,1,1,9,406,28,1,1,allocated
506,993,normal,0,0,65535_65535,1,9,87,361,0,1,0,8,0,28,1,1,pre_allocation
506,993,normal,0,0,65535_65535,1,9,87,406,1,1,1,9,406,28,1,1,allocated
506,993,normal,0,0,65535_65535,1,10,251,157,0,1,0,9,0,15,1,1,pre_allocation
506,993,normal,0,0,65535_65535,1,10,251,175,1,1,1,10,175,15,1,1,allocated
506,993,normal,0,0,65535_65535,1,6,87,406,0,1,0,9,0,28,1,1,pre_allocation
506,993,normal,0,0,65535_65535,1,6,87,452,1,1,1,10,452,28,1,1,allocated
506,993,normal,0,0,65535_65535,1,8,87,406,0,1,0,9,0,28,1,1,pre_allocation
506,993,normal,0,0,65535_65535,1,8,87,452,1,1,1,10,452,28,1,1,allocated
506,993,normal,0,0,65535_65535,1,9,87,406,0,1,0,9,0,28,1,1,pre_allocation
506,993,normal,0,0,65535_65535,1,9,87,452,1,1,1,10,452,28,1,1,allocated
506,993,normal,0,0,65535_65535,1,10,251,175,0,1,0,10,0,15,1,1,pre_allocation
506,993,normal,0,0,65535_65535,1,10,251,193,1,1,1,11,193,15,1,1,allocated
506,993,normal,0,0,65535_65535,1,6,87,452,0,1,0,10,0,28,1,1,pre_allocation
506,993,normal,0,0,65535_65535,1,6,87,497,1,1,1,11,497,28,1,1,allocated
506,993,normal,0,0,65535_65535,1,8,87,452,0,1,0,10,0,28,1,1,pre_allocation
506,993,normal,0,0,65535_65535,1,8,87,497,1,1,1,11,497,28,1,1,allocated
506,993,normal,0,0,65535_65535,1,9,87,452,0,1,0,10,0,28,1,1,pre_allocation
506,993,normal,0,0,65535_65535,1,9,87,497,1,1,1,11,497,28,1,1,allocated
506,993,normal,0,0,65535_65535,1,10,251,193,0,1,0,11,0,15,1,1,pre_allocation
506,993,normal,0,0,65535_65535,1,10,251,210,1,1,1,12,210,15,1,1,allocated
506,993,normal,0,0,65535_65535,1,6,87,497,0,1,0,11,0,28,1,1,pre_allocation
506,993,normal,0,0,65535_65535,1,6,87,543,1,1,1,12,543,28,1,1,allocated
506,993,normal,0,0,65535_65535,1,8,87,497,0,1,0,11,0,28,1,1,pre_allocation
506,993,normal,0,0,65535_65535,1,8,87,543,1,1,1,12,543,28,1,1,allocated
506,993,normal,0,0,65535_65535,1,9,87,497,0,1,0,11,0,28,1,1,pre_allocation
506,993,normal,0,0,65535_65535,1,9,87,543,1,1,1,12,543,28,1,1,allocated
506,993,normal,0,0,65535_65535,1,10,251,210,0,1,0,12,0,15,1,1,pre_allocation
506,993,normal,0,0,65535_65535,1,10,251,228,1,1,1,13,228,15,1,1,allocated
506,993,normal,0,0,65535_65535,1,6,87,543,0,1,0,12,0,28,1,1,pre_allocation
506,993,normal,0,0,65535_65535,1,6,87,589,1,1,1,13,589,28,1,1,allocated
506,993,normal,0,0,65535_65535,1,8,87,543,0,1,0,12,0,28,1,1,pre_allocation
506,993,normal,0,0,65535_65535,1,8,87,589,1,1,1,13,589,28,1,1,allocated
506,993,normal,0,0,65535_65535,1,9,87,543,0,1,0,12,0,28,1,1,pre_allocation
506,993,normal,0,0,65535_65535,1,9,87,589,1,1,1,13,589,28,1,1,allocated
506,993,normal,0,0,65535_65535,1,10,251,228,0,1,0,13,0,15,1,1,pre_allocation
506,993,normal,0,0,65535_65535,1,10,251,246,1,1,1,14,246,15,1,1,allocated
506,993,normal,0,0,65535_65535,1,6,87,589,0,1,0,13,0,28,1,1,pre_allocation
506,993,normal,0,0,65535_65535,1,6,87,634,1,1,1,14,634,28,1,1,allocated
506,993,normal,0,0,65535_65535,1,8,87,589,0,1,0,13,0,28,1,1,pre_allocation
506,993,normal,0,0,65535_65535,1,8,87,634,1,1,1,14,634,28,1,1,allocated
506,993,normal,0,0,65535_65535,1,9,87,589,0,1,0,13,0,28,1,1,pre_allocation
506,993,normal,0,0,65535_65535,1,9,87,634,1,1,1,14,634,28,1,1,allocated
506,993,normal,0,0,65535_65535,1,10,251,246,0,1,0,14,0,15,1,1,pre_allocation
506,993,normal,0,0,65535_65535,1,10,251,264,1,1,1,15,264,15,1,1,allocated
506,993,normal,0,0,65535_65535,1,6,87,634,0,1,0,14,0,28,1,1,pre_allocation
506,993,normal,0,0,65535_65535,1,6,87,680,1,1,1,15,680,28,1,1,allocated
506,993,normal,0,0,65535_65535,1,8,87,634,0,1,0,14,0,28,1,1,pre_allocation
506,993,normal,0,0,65535_65535,1,8,87,680,1,1,1,15,680,28,1,1,allocated
506,993,normal,0,0,65535_65535,1,9,87,634,0,1,0,14,0,28,1,1,pre_allocation
506,993,normal,0,0,65535_65535,1,9,87,680,1,1,1,15,680,28,1,1,allocated
506,993,normal,0,0,65535_65535,1,10,251,264,0,1,0,15,0,15,1,1,pre_allocation
506,993,normal,0,0,65535_65535,1,10,251,282,1,1,1,16,282,15,1,1,allocated
506,993,normal,0,0,65535_65535,1,6,87,680,0,1,0,15,0,28,1,1,pre_allocation
506,993,normal,0,0,65535_65535,1,6,87,725,1,1,1,16,725,28,1,1,allocated
506,993,normal,0,0,65535_65535,1,8,87,680,0,1,0,15,0,28,1,1,pre_allocation
506,993,normal,0,0,65535_65535,1,8,87,725,1,1,1,16,725,28,1,1,allocated
506,993,normal,0,0,65535_65535,1,9,87,680,0,1,0,15,0,28,1,1,pre_allocation
506,993,normal,0,0,65535_65535,1,9,87,725,1,1,1,16,725,28,1,1,allocated
506,993,normal,0,0,65535_65535,1,10,251,282,0,1,0,16,0,15,1,1,pre_allocation
506,993,normal,0,0,65535_65535,1,10,251,299,1,1,1,17,299,15,1,1,allocated
506,993,normal,0,0,65535_65535,1,6,87,725,0,1,0,16,0,28,1,1,pre_allocation
506,993,normal,0,0,65535_65535,1,6,87,771,1,1,1,17,771,28,1,1,allocated
506,993,normal,0,0,65535_65535,1,8,87,725,0,1,0,16,0,28,1,1,pre_allocation
506,993,normal,0,0,65535_65535,1,8,87,771,1,1,1,17,771,28,1,1,allocated
506,993,normal,0,0,65535_65535,1,9,87,725,0,1,0,16,0,28,1,1,pre_allocation
506,993,normal,0,0,65535_65535,1,9,87,771,1,1,1,17,771,28,1,1,allocated
506,993,normal,0,0,65535_65535,1,10,251,299,0,1,0,17,0,15,1,1,pre_allocation
506,993,normal,0,0,65535_65535,1,10,251,317,1,1,1,18,317,15,1,1,allocated
506,993,normal,0,0,65535_65535,1,6,87,771,0,1,0,17,0,28,1,1,pre_allocation
506,993,normal,0,0,65535_65535,1,6,87,816,1,1,1,18,816,28,1,1,allocated
506,993,normal,0,0,65535_65535,1,8,87,771,0,1,0,17,0,28,1,1,pre_allocation
506,993,normal,0,0,65535_65535,1,8,87,816,1,1,1,18,816,28,1,1,allocated
506,993,normal,0,0,65535_65535,1,9,87,771,0,1,0,17,0,28,1,1,pre_allocation
506,993,normal,0,0,65535_65535,1,9,87,816,1,1,1,18,816,28,1,1,allocated
506,993,normal,0,0,65535_65535,1,10,251,317,0,1,0,18,0,15,1,1,pre_allocation
506,993,normal,0,0,65535_65535,1,10,251,335,1,1,1,19,335,15,1,1,allocated
506,993,normal,0,0,65535_65535,1,6,87,816,0,1,0,18,0,28,1,1,pre_allocation
506,993,normal,0,0,65535_65535,1,6,87,862,1,1,1,19,862,28,1,1,allocated
506,993,normal,0,0,65535_65535,1,8,87,816,0,1,0,18,0,28,1,1,pre_allocation
506,993,normal,0,0,65535_65535,1,8,87,862,1,1,1,19,862,28,1,1,allocated
506,993,normal,0,0,65535_65535,1,9,87,816,0,1,0,18,0,28,1,1,pre_allocation
506,993,normal,0,0,65535_65535,1,9,87,862,1,1,1,19,862,28,1,1,allocated
506,993,normal,0,0,65535_65535,1,10,251,335,0,1,0,19,0,15,1,1,pre_allocation
506,993,normal,0,0,65535_65535,1,10,251,353,1,1,1,20,353,15,1,1,allocated
506,993,normal,0,0,65535_65535,1,6,87,862,0,1,0,19,0,28,1,1,pre_allocation
506,993,normal,0,0,65535_65535,1,6,87,907,1,1,1,20,907,28,1,1,allocated
506,993,normal,0,0,65535_65535,1,8,87,862,0,1,0,19,0,28,1,1,pre_allocation
506,993,normal,0,0,65535_65535,1,8,87,907,1,1,1,20,907,28,1,1,allocated
506,993,normal,0,0,65535_65535,1,9,87,862,0,1,0,19,0,28,1,1,pre_allocation
506,993,normal,0,0,65535_65535,1,9,87,907,1,1,1,20,907,28,1,1,allocated
506,993,normal,0,0,65535_65535,1,10,251,353,0,1,0,20,0,15,1,1,pre_allocation
506,993,normal,0,0,65535_65535,1,10,251,371,1,1,1,21,371,15,1,1,allocated
506,993,normal,0,0,65535_65535,1,6,87,907,0,1,0,20,0,28,1,1,pre_allocation
506,993,normal,0,0,65535_65535,1,6,87,953,1,1,1,21,953,28,1,1,allocated
506,993,normal,0,0,65535_65535,1,8,87,907,0,1,0,20,0,28,1,1,pre_allocation
506,993,normal,0,0,65535_65535,1,8,87,953,1,1,1,21,953,28,1,1,allocated
506,993,normal,0,0,65535_65535,1,9,87,907,0,1,0,20,0,28,1,1,pre_allocation
506,993,normal,0,0,65535_65535,1,9,87,953,1,1,1,21,953,28,1,1,allocated
506,993,normal,0,0,65535_65535,1,10,251,371,0,1,0,21,0,15,1,1,pre_allocation
506,993,normal,0,0,65535_65535,1,10,251,389,1,1,1,22,389,15,1,1,allocated
506,993,normal,0,0,65535_65535,1,6,87,953,0,1,0,21,0,28,1,1,pre_allocation
506,993,normal,0,0,65535_65535,1,6,87,998,1,1,1,22,998,28,1,1,allocated
506,993,normal,0,0,65535_65535,1,8,87,953,0,1,0,21,0,28,1,1,pre_allocation
506,993,normal,0,0,65535_65535,1,8,87,998,1,1,1,22,998,28,1,1,allocated
506,993,normal,0,0,65535_65535,1,9,87,953,0,1,0,21,0,28,1,1,pre_allocation
506,993,normal,0,0,65535_65535,1,9,87,998,1,1,1,22,998,28,1,1,allocated
506,993,normal,0,0,65535_65535,1,10,251,389,0,1,0,22,0,15,1,1,pre_allocation
506,993,normal,0,0,65535_65535,1,10,251,406,1,1,1,23,406,15,1,1,allocated
506,993,normal,0,0,65535_65535,1,6,87,998,0,1,0,22,0,28,1,1,pre_allocation
506,993,normal,0,0,65535_65535,1,6,87,1044,1,1,1,23,1044,28,1,1,allocated
506,993,normal,0,0,65535_65535,1,8,87,998,0,1,0,22,0,28,1,1,pre_allocation
506,993,normal,0,0,65535_65535,1,8,87,1044,1,1,1,23,1044,28,1,1,allocated
506,993,normal,0,0,65535_65535,1,9,87,998,0,1,0,22,0,28,1,1,pre_allocation
506,993,normal,0,0,65535_65535,1,9,87,1044,1,1,1,23,1044,28,1,1,allocated
506,993,normal,0,0,65535_65535,1,10,251,406,0,1,0,23,0,15,1,1,pre_allocation
506,993,normal,0,0,65535_65535,1,10,251,424,1,1,1,24,424,15,1,1,allocated
506,993,normal,0,0,65535_65535,1,6,87,1044,0,1,0,23,0,28,1,1,pre_allocation
506,993,normal,0,0,65535_65535,1,6,87,1089,1,1,1,24,1089,28,1,1,allocated
506,993,normal,0,0,65535_65535,1,8,87,1044,0,1,0,23,0,28,1,1,pre_allocation
506,993,normal,0,0,65535_65535,1,8,87,1089,1,1,1,24,1089,28,1,1,allocated
506,993,normal,0,0,65535_65535,1,9,87,1044,0,1,0,23,0,28,1,1,pre_allocation
506,993,normal,0,0,65535_65535,1,9,87,1089,1,1,1,24,1089,28,1,1,allocated
506,993,normal,0,0,65535_65535,1,10,251,424,0,1,0,24,0,15,1,1,pre_allocation
506,993,normal,0,0,65535_65535,1,10,251,442,1,1,1,25,442,15,1,1,allocated
506,993,normal,0,0,65535_65535,1,6,87,1089,0,1,0,24,0,28,1,1,pre_allocation
506,993,normal,0,0,65535_65535,1,6,87,1135,1,1,1,25,1135,28,1,1,allocated
506,993,normal,0,0,65535_65535,1,8,87,1089,0,1,0,24,0,28,1,1,pre_allocation
506,993,normal,0,0,65535_65535,1,8,87,1135,1,1,1,25,1135,28,1,1,allocated
506,993,normal,0,0,65535_65535,1,9,87,1089,0,1,0,24,0,28,1,1,pre_allocation
506,993,normal,0,0,65535_65535,1,9,87,1135,1,1,1,25,1135,28,1,1,allocated
506,993,normal,0,0,65535_65535,1,10,251,442,0,1,0,25,0,15,1,1,pre_allocation
506,993,normal,0,0,65535_65535,1,10,251,460,1,1,1,26,460,15,1,1,allocated
506,993,normal,0,0,65535_65535,1,6,87,1135,0,1,0,25,0,28,1,1,pre_allocation
506,993,normal,0,0,65535_65535,1,6,87,1181,1,1,1,26,1181,28,1,1,allocated
506,993,normal,0,0,65535_65535,1,8,87,1135,0,1,0,25,0,28,1,1,pre_allocation
506,993,normal,0,0,65535_65535,1,8,87,1181,1,1,1,26,1181,28,1,1,allocated
506,993,normal,0,0,65535_65535,1,9,87,1135,0,1,0,25,0,28,1,1,pre_allocation
506,993,normal,0,0,65535_65535,1,9,87,1181,1,1,1,26,1181,28,1,1,allocated
506,993,normal,0,0,65535_65535,1,10,251,460,0,1,0,26,0,15,1,1,pre_allocation
506,993,normal,0,0,65535_65535,1,10,251,478,1,1,1,27,478,15,1,1,allocated
506,993,normal,0,0,65535_65535,1,6,87,1181,0,1,0,26,0,28,1,1,pre_allocation
506,993,normal,0,0,65535_65535,1,6,87,1226,1,1,1,27,1226,28,1,1,allocated
506,993,normal,0,0,65535_65535,1,8,87,1181,0,1,0,26,0,28,1,1,pre_allocation
506,993,normal,0,0,65535_65535,1,8,87,1226,1,1,1,27,1226,28,1,1,allocated
506,993,normal,0,0,65535_65535,1,9,87,1181,0,1,0,26,0,28,1,1,pre_allocation
506,993,normal,0,0,65535_65535,1,9,87,1226,1,1,1,27,1226,28,1,1,allocated
506,993,normal,0,0,65535_65535,1,10,251,478,0,1,0,27,0,15,1,1,pre_allocation
506,993,normal,0,0,65535_65535,1,10,251,495,1,1,1,28,495,15,1,1,allocated
506,993,normal,0,0,65535_65535,1,6,87,1226,0,1,0,27,0,28,1,1,pre_allocation
506,993,normal,0,0,65535_65535,1,6,87,1272,1,1,1,28,1272,28,1,1,allocated
506,993,normal,0,0,65535_65535,1,8,87,1226,0,1,0,27,0,28,1,1,pre_allocation
506,993,normal,0,0,65535_65535,1,8,87,1272,1,1,1,28,1272,28,1,1,allocated
506,993,normal,0,0,65535_65535,1,9,87,1226,0,1,0,27,0,28,1,1,pre_allocation
506,993,normal,0,0,65535_65535,1,9,87,1272,1,1,1,28,1272,28,1,1,allocated
506,993,normal,0,0,65535_65535,1,10,251,495,0,1,0,28,0,15,1,1,pre_allocation
506,993,normal,0,0,65535_65535,1,10,251,513,1,1,1,29,513,15,1,1,allocated
506,993,normal,0,0,65535_65535,1,6,87,1272,0,1,0,28,0,28,1,1,pre_allocation
506,993,normal,0,0,65535_65535,1,6,87,1317,1,1,1,29,1317,28,1,1,allocated
506,993,normal,0,0,65535_65535,1,8,87,1272,0,1,0,28,0,28,1,1,pre_allocation
506,993,normal,0,0,65535_65535,1,8,87,1317,1,1,1,29,1317,28,1,1,allocated
506,993,normal,0,0,65535_65535,1,9,87,1272,0,1,0,28,0,28,1,1,pre_allocation
506,993,normal,0,0,65535_65535,1,9,87,1317,1,1,1,29,1317,28,1,1,allocated
506,993,normal,0,0,65535_65535,1,10,251,513,0,1,0,29,0,15,1,1,pre_allocation
506,993,normal,0,0,65535_65535,1,10,251,531,1,1,1,30,531,15,1,1,allocated
506,993,normal,0,0,65535_65535,1,6,87,1317,0,1,0,29,0,28,1,1,pre_allocation
506,993,normal,0,0,65535_65535,1,6,87,1363,1,1,1,30,1363,28,1,1,allocated
506,993,normal,0,0,65535_65535,1,8,87,1317,0,1,0,29,0,28,1,1,pre_allocation
506,993,normal,0,0,65535_65535,1,8,87,1363,1,1,1,30,1363,28,1,1,allocated
506,993,normal,0,0,65535_65535,1,9,87,1317,0,1,0,29,0,28,1,1,pre_allocation
506,993,normal,0,0,65535_65535,1,9,87,1363,1,1,1,30,1363,28,1,1,allocated
506,993,normal,0,0,65535_65535,1,10,251,531,0,1,0,30,0,15,1,1,pre_allocation
506,993,normal,0,0,65535_65535,1,10,251,549,1,1,1,31,549,15,1,1,allocated
506,993,normal,0,0,65535_65535,1,6,87,1363,0,1,0,30,0,28,1,1,pre_allocation
506,993,normal,0,0,65535_65535,1,6,87,1408,1,1,1,31,1408,28,1,1,allocated
506,993,normal,0,0,65535_65535,1,8,87,1363,0,1,0,30,0,28,1,1,pre_allocation
506,993,normal,0,0,65535_65535,1,8,87,1408,1,1,1,31,1408,28,1,1,allocated
506,993,normal,0,0,65535_65535,1,9,87,1363,0,1,0,30,0,28,1,1,pre_allocation
506,993,normal,0,0,65535_65535,1,9,87,1408,1,1,1,31,1408,28,1,1,allocated
506,993,normal,0,0,65535_65535,1,10,251,549,0,1,0,31,0,15,1,1,pre_allocation
506,993,normal,0,0,65535_65535,1,10,251,567,1,1,1,32,567,15,1,1,allocated
506,993,normal,0,0,65535_65535,1,6,87,1408,0,1,0,31,0,28,1,1,pre_allocation
506,993,normal,0,0,65535_65535,1,6,87,1454,1,1,1,32,1454,28,1,1,allocated
506,993,normal,0,0,65535_65535,1,8,87,1408,0,1,0,31,0,28,1,1,pre_allocation
506,993,normal,0,0,65535_65535,1,8,87,1454,1,1,1,32,1454,28,1,1,allocated
506,993,normal,0,0,65535_65535,1,9,87,1408,0,1,0,31,0,28,1,1,pre_allocation
506,993,normal,0,0,65535_65535,1,9,87,1454,1,1,1,32,1454,28,1,1,allocated
506,993,normal,0,0,65535_65535,1,10,251,567,0,1,0,32,0,15,1,1,pre_allocation
506,993,normal,0,0,65535_65535,1,10,251,585,1,1,1,33,585,15,1,1,allocated
506,993,normal,0,0,65535_65535,1,6,87,1454,0,1,0,32,0,28,1,1,pre_allocation
506,993,normal,0,0,65535_65535,1,6,87,1499,1,1,1,33,1499,28,1,1,allocated
506,993,normal,0,0,65535_65535,1,8,87,1454,0,1,0,32,0,28,1,1,pre_allocation
506,993,normal,0,0,65535_65535,1,8,87,1499,1,1,1,33,1499,28,1,1,allocated
506,993,normal,0,0,65535_65535,1,9,87,1454,0,1,0,32,0,28,1,1,pre_allocation
506,993,normal,0,0,65535_65535,1,9,87,1499,1,1,1,33,1499,28,1,1,allocated
506,993,normal,0,0,65535_65535,1,10,251,585,0,1,0,33,0,15,1,1,pre_allocation
506,993,normal,0,0,65535_65535,1,10,251,602,1,1,1,34,602,15,1,1,allocated
506,993,normal,0,0,65535_65535,1,6,87,1499,0,1,0,33,0,28,1,1,pre_allocation
506,993,normal,0,0,65535_65535,1,6,87,1542,1,1,1,34,1542,28,1,1,allocated
506,993,normal,0,0,65535_65535,1,8,87,1499,0,1,0,33,0,28,1,1,pre_allocation
506,993,normal,0,0,65535_65535,1,8,87,1542,1,1,1,34,1542,28,1,1,allocated
506,993,normal,0,0,65535_65535,1,9,87,1499,0,1,0,33,0,28,1,1,pre_allocation
506,993,normal,0,0,65535_65535,1,9,87,1542,1,1,1,34,1542,28,1,1,allocated
506,993,normal,0,0,65535_65535,1,10,251,602,0,1,0,34,0,15,1,1,pre_allocation
506,993,normal,0,0,65535_65535,1,10,251,620,1,1,1,35,620,15,1,1,allocated
506,993,normal,0,0,65535_65535,1,6,87,1542,0,1,0,34,0,28,1,1,pre_allocation
506,993,normal,0,0,65535_65535,1,6,87,1587,1,1,1,35,1587,28,1,1,allocated
506,993,normal,0,0,65535_65535,1,8,87,1542,0,1,0,34,0,28,1,1,pre_allocation
506,993,normal,0,0,65535_65535,1,8,87,1587,1,1,1,35,1587,28,1,1,allocated
506,993,normal,0,0,65535_65535,1,9,87,1542,0,1,0,34,0,28,1,1,pre_allocation
506,993,normal,0,0,65535_65535,1,9,87,1587,1,1,1,35,1587,28,1,1,allocated
506,993,normal,0,0,65535_65535,1,10,251,620,0,1,0,35,0,15,1,1,pre_allocation
506,993,normal,0,0,65535_65535,1,10,251,638,1,1,1,36,638,15,1,1,allocated
506,993,normal,0,0,65535_65535,1,6,87,1587,0,1,0,35,0,28,1,1,pre_allocation
506,993,normal,0,0,65535_65535,1,6,87,1633,1,1,1,36,1633,28,1,1,allocated
506,993,normal,0,0,65535_65535,1,8,87,1587,0,1,0,35,0,28,1,1,pre_allocation
506,993,normal,0,0,65535_65535,1,8,87,1633,1,1,1,36,1633,28,1,1,allocated
506,993,normal,0,0,65535_65535,1,9,87,1587,0,1,0,35,0,28,1,1,pre_allocation
506,993,normal,0,0,65535_65535,1,9,87,1633,1,1,1,36,1633,28,1,1,allocated
506,993,normal,0,0,65535_65535,1,10,251,638,0,1,0,36,0,15,1,1,pre_allocation
506,993,normal,0,0,65535_65535,1,10,251,656,1,1,1,37,656,15,1,1,allocated
506,993,normal,0,0,65535_65535,1,6,87,1633,0,1,0,36,0,28,1,1,pre_allocation
506,993,normal,0,0,65535_65535,1,6,87,1678,1,1,1,37,1678,28,1,1,allocated
506,993,normal,0,0,65535_65535,1,8,87,1633,0,1,0,36,0,28,1,1,pre_allocation
506,993,normal,0,0,65535_65535,1,8,87,1678,1,1,1,37,1678,28,1,1,allocated
506,993,normal,0,0,65535_65535,1,9,87,1633,0,1,0,36,0,28,1,1,pre_allocation
506,993,normal,0,0,65535_65535,1,9,87,1678,1,1,1,37,1678,28,1,1,allocated
506,993,normal,0,0,65535_65535,1,10,251,656,0,1,0,37,0,15,1,1,pre_allocation
506,993,normal,0,0,65535_65535,1,10,251,674,1,1,1,38,674,15,1,1,allocated
506,993,normal,0,0,65535_65535,1,6,87,1678,0,1,0,37,0,28,1,1,pre_allocation
506,993,normal,0,0,65535_65535,1,6,87,1724,1,1,1,38,1724,28,1,1,allocated
506,993,normal,0,0,65535_65535,1,8,87,1678,0,1,0,37,0,28,1,1,pre_allocation
506,993,normal,0,0,65535_65535,1,8,87,1724,1,1,1,38,1724,28,1,1,allocated
506,993,normal,0,0,65535_65535,1,9,87,1678,0,1,0,37,0,28,1,1,pre_allocation
506,993,normal,0,0,65535_65535,1,9,87,1724,1,1,1,38,1724,28,1,1,allocated
506,993,normal,0,0,65535_65535,1,10,251,674,0,1,0,38,0,15,1,1,pre_allocation
506,993,normal,0,0,65535_65535,1,10,251,691,1,1,1,39,691,15,1,1,allocated
506,993,normal,0,0,65535_65535,1,6,87,1724,0,1,0,38,0,28,1,1,pre_allocation
506,993,normal,0,0,65535_65535,1,6,87,1770,1,1,1,39,1770,28,1,1,allocated
506,993,normal,0,0,65535_65535,1,8,87,1724,0,1,0,38,0,28,1,1,pre_allocation
506,993,normal,0,0,65535_65535,1,8,87,1770,1,1,1,39,1770,28,1,1,allocated
506,993,normal,0,0,65535_65535,1,9,87,1724,0,1,0,38,0,28,1,1,pre_allocation
506,993,normal,0,0,65535_65535,1,9,87,1770,1,1,1,39,1770,28,1,1,allocated
506,993,normal,0,0,65535_65535,1,10,251,691,0,1,0,39,0,15,1,1,pre_allocation
506,993,normal,0,0,65535_65535,1,10,251,709,1,1,1,40,709,15,1,1,allocated
506,993,normal,0,0,65535_65535,1,6,87,1770,0,1,0,39,0,28,1,1,pre_allocation
506,993,normal,0,0,65535_65535,1,6,87,1815,1,1,1,40,1815,28,1,1,allocated
506,993,normal,0,0,65535_65535,1,8,87,1770,0,1,0,39,0,28,1,1,pre_allocation
506,993,normal,0,0,65535_65535,1,8,87,1815,1,1,1,40,1815,28,1,1,allocated
506,993,normal,0,0,65535_65535,1,9,87,1770,0,1,0,39,0,28,1,1,pre_allocation
506,993,normal,0,0,65535_65535,1,9,87,1815,1,1,1,40,1815,28,1,1,allocated
506,993,normal,0,0,65535_65535,1,10,251,709,0,1,0,40,0,15,1,1,pre_allocation
506,993,normal,0,0,65535_65535,1,10,251,727,1,1,1,41,727,15,1,1,allocated
618,1091,normal,0,0,65535_65535,0,2,872755,0,0,1,0,0,0,6,1,1,pre_allocation
618,1091,normal,0,0,65535_65535,0,2,872755,1,1,1,1,1,1,6,1,1,allocated
618,1091,normal,0,0,65535_65535,0,5,1006134,0,0,1,0,0,0,15,1,1,pre_allocation
618,1091,normal,0,0,65535_65535,0,5,1006134,14,1,1,1,1,14,15,1,1,allocated
618,1091,normal,0,0,65535_65535,0,3,699968,0,0,1,0,0,0,10,1,1,pre_allocation
618,1091,normal,0,0,65535_65535,0,3,699968,6,1,1,1,1,6,10,1,1,allocated
618,1091,normal,0,0,65535_65535,0,4,828362,0,0,1,0,0,0,15,1,1,pre_allocation
618,1091,normal,0,0,65535_65535,0,4,828362,14,1,1,1,1,14,15,1,1,allocated
618,1091,normal,0,0,65535_65535,0,2,872755,1,0,1,0,1,0,6,1,1,pre_allocation
618,1091,normal,0,0,65535_65535,0,2,872755,6,1,1,1,2,6,6,1,1,allocated
618,1091,normal,0,0,65535_65535,0,5,1006134,14,0,1,0,1,0,15,1,1,pre_allocation
618,1091,normal,0,0,65535_65535,0,5,1006134,32,1,1,1,2,32,15,1,1,allocated
618,1091,normal,0,0,65535_65535,0,3,699968,6,0,1,0,1,0,10,1,1,pre_allocation
618,1091,normal,0,0,65535_65535,0,3,699968,16,1,1,1,2,16,10,1,1,allocated
618,1091,normal,0,0,65535_65535,0,4,828362,14,0,1,0,1,0,15,1,1,pre_allocation
618,1091,normal,0,0,65535_65535,0,4,828362,32,1,1,1,2,32,15,1,1,allocated
618,1091,normal,0,0,65535_65535,0,2,872755,6,0,1,0,2,0,6,1,1,pre_allocation
618,1091,normal,0,0,65535_65535,0,2,872755,11,1,1,1,3,11,6,1,1,allocated
618,1091,normal,0,0,65535_65535,0,5,1006134,32,0,1,0,2,0,15,1,1,pre_allocation
618,1091,normal,0,0,65535_65535,0,5,1006134,50,1,1,1,3,50,15,1,1,allocated
618,1091,normal,0,0,65535_65535,0,3,699968,16,0,1,0,2,0,10,1,1,pre_allocation
618,1091,normal,0,0,65535_65535,0,3,699968,26,1,1,1,3,26,10,1,1,allocated
618,1091,normal,0,0,65535_65535,0,4,828362,32,0,1,0,2,0,15,1,1,pre_allocation
618,1091,normal,0,0,65535_65535,0,4,828362,50,1,1,1,3,50,15,1,1,allocated
618,1091,normal,0,0,65535_65535,0,2,872755,11,0,1,0,3,0,6,1,1,pre_allocation
618,1091,normal,0,0,65535_65535,0,2,872755,16,1,1,1,4,16,6,1,1,allocated
618,1091,normal,0,0,65535_65535,0,5,1006134,50,0,1,0,3,0,15,1,1,pre_allocation
618,1091,normal,0,0,65535_65535,0,5,1006134,68,1,1,1,4,68,15,1,1,allocated
618,1091,normal,0,0,65535_65535,0,3,699968,26,0,1,0,3,0,10,1,1,pre_allocation
618,1091,normal,0,0,65535_65535,0,3,699968,36,1,1,1,4,36,10,1,1,allocated
618,1091,normal,0,0,65535_65535,0,4,828362,50,0,1,0,3,0,15,1,1,pre_allocation
618,1091,normal,0,0,65535_65535,0,4,828362,68,1,1,1,4,68,15,1,1,allocated
618,1091,normal,0,0,65535_65535,0,2,872755,16,0,1,0,4,0,6,1,1,pre_allocation
618,1091,normal,0,0,65535_65535,0,2,872755,21,1,1,1,5,21,6,1,1,allocated
618,1091,normal,0,0,65535_65535,0,5,1006134,68,0,1,0,4,0,15,1,1,pre_allocation
618,1091,normal,0,0,65535_65535,0,5,1006134,86,1,1,1,5,86,15,1,1,allocated
618,1091,normal,0,0,65535_65535,0,3,699968,36,0,1,0,4,0,10,1,1,pre_allocation
618,1091,normal,0,0,65535_65535,0,3,699968,46,1,1,1,5,46,10,1,1,allocated
618,1091,normal,0,0,65535_65535,0,4,828362,68,0,1,0,4,0,15,1,1,pre_allocation
618,1091,normal,0,0,65535_65535,0,4,828362,86,1,1,1,5,86,15,1,1,allocated
618,1091,normal,0,0,65535_65535,0,2,872755,21,0,1,0,5,0,6,1,1,pre_allocation
618,1091,normal,0,0,65535_65535,0,2,872755,26,1,1,1,6,26,6,1,1,allocated
618,1091,normal,0,0,65535_65535,0,5,1006134,86,0,1,0,5,0,15,1,1,pre_allocation
618,1091,normal,0,0,65535_65535,0,5,1006134,103,1,1,1,6,103,15,1,1,allocated
618,1091,normal,0,0,65535_65535,0,3,699968,46,0,1,0,5,0,10,1,1,pre_allocation
618,1091,normal,0,0,65535_65535,0,3,699968,56,1,1,1,6,56,10,1,1,allocated
618,1091,normal,0,0,65535_65535,0,4,828362,86,0,1,0,5,0,15,1,1,pre_allocation
618,1091,normal,0,0,65535_65535,0,4,828362,103,1,1,1,6,103,15,1,1,allocated
618,1091,normal,0,0,65535_65535,0,2,872755,26,0,1,0,6,0,6,1,1,pre_allocation
618,1091,normal,0,0,65535_65535,0,2,872755,31,1,1,1,7,31,6,1,1,allocated
618,1091,normal,0,0,65535_65535,0,5,1006134,103,0,1,0,6,0,15,1,1,pre_allocation
618,1091,normal,0,0,65535_65535,0,5,1006134,121,1,1,1,7,121,15,1,1,allocated
618,1091,normal,0,0,65535_65535,0,3,699968,56,0,1,0,6,0,10,1,1,pre_allocation
618,1091,normal,0,0,65535_65535,0,3,699968,66,1,1,1,7,66,10,1,1,allocated
618,1091,normal,0,0,65535_65535,0,4,828362,103,0,1,0,6,0,15,1,1,pre_allocation
618,1091,normal,0,0,65535_65535,0,4,828362,121,1,1,1,7,121,15,1,1,allocated
618,1091,normal,0,0,65535_65535,0,2,872755,31,0,1,0,7,0,6,1,1,pre_allocation
618,1091,normal,0,0,65535_65535,0,2,872755,36,1,1,1,8,36,6,1,1,allocated
618,1091,normal,0,0,65535_65535,0,5,1006134,121,0,1,0,7,0,15,1,1,pre_allocation
618,1091,normal,0,0,65535_65535,0,5,1006134,139,1,1,1,8,139,15,1,1,allocated
618,1091,normal,0,0,65535_65535,0,3,699968,66,0,1,0,7,0,10,1,1,pre_allocation
618,1091,normal,0,0,65535_65535,0,3,699968,76,1,1,1,8,76,10,1,1,allocated
618,1091,normal,0,0,65535_65535,0,4,828362,121,0,1,0,7,0,15,1,1,pre_allocation
618,1091,normal,0,0,65535_65535,0,4,828362,139,1,1,1,8,139,15,1,1,allocated
618,1091,normal,0,0,65535_65535,0,2,872755,36,0,1,0,8,0,6,1,1,pre_allocation
618,1091,normal,0,0,65535_65535,0,2,872755,41,1,1,1,9,41,6,1,1,allocated
618,1091,normal,0,0,65535_65535,0,5,1006134,139,0,1,0,8,0,15,1,1,pre_allocation
618,1091,normal,0,0,65535_65535,0,5,1006134,157,1,1,1,9,157,15,1,1,allocated
618,1091,normal,0,0,65535_65535,0,3,699968,76,0,1,0,8,0,10,1,1,pre_allocation
618,1091,normal,0,0,65535_65535,0,3,699968,86,1,1,1,9,86,10,1,1,allocated
618,1091,normal,0,0,65535_65535,0,4,828362,139,0,1,0,8,0,15,1,1,pre_allocation
618,1091,normal,0,0,65535_65535,0,4,828362,157,1,1,1,9,157,15,1,1,allocated
618,1091,normal,0,0,65535_65535,0,2,872755,41,0,1,0,9,0,6,1,1,pre_allocation
618,1091,normal,0,0,65535_65535,0,2,872755,46,1,1,1,10,46,6,1,1,allocated
618,1091,normal,0,0,65535_65535,0,5,1006134,157,0,1,0,9,0,15,1,1,pre_allocation
618,1091,normal,0,0,65535_65535,0,5,1006134,175,1,1,1,10,175,15,1,1,allocated
618,1091,normal,0,0,65535_65535,0,3,699968,86,0,1,0,9,0,10,1,1,pre_allocation
618,1091,normal,0,0,65535_65535,0,3,699968,96,1,1,1,10,96,10,1,1,allocated
618,1091,normal,0,0,65535_65535,0,4,828362,157,0,1,0,9,0,15,1,1,pre_allocation
618,1091,normal,0,0,65535_65535,0,4,828362,175,1,1,1,10,175,15,1,1,allocated
618,1091,normal,0,0,65535_65535,0,2,872755,46,0,1,0,10,0,6,1,1,pre_allocation
618,1091,normal,0,0,65535_65535,0,2,872755,51,1,1,1,11,51,6,1,1,allocated
618,1091,normal,0,0,65535_65535,0,5,1006134,175,0,1,0,10,0,15,1,1,pre_allocation
618,1091,normal,0,0,65535_65535,0,5,1006134,193,1,1,1,11,193,15,1,1,allocated
618,1091,normal,0,0,65535_65535,0,3,699968,96,0,1,0,10,0,10,1,1,pre_allocation
618,1091,normal,0,0,65535_65535,0,3,699968,105,1,1,1,11,105,10,1,1,allocated
618,1091,normal,0,0,65535_65535,0,4,828362,175,0,1,0,10,0,15,1,1,pre_allocation
618,1091,normal,0,0,65535_65535,0,4,828362,193,1,1,1,11,193,15,1,1,allocated
618,1091,normal,0,0,65535_65535,0,2,872755,51,0,1,0,11,0,6,1,1,pre_allocation
618,1091,normal,0,0,65535_65535,0,2,872755,56,1,1,1,12,56,6,1,1,allocated
618,1091,normal,0,0,65535_65535,0,5,1006134,193,0,1,0,11,0,15,1,1,pre_allocation
618,1091,normal,0,0,65535_65535,0,5,1006134,210,1,1,1,12,210,15,1,1,allocated
618,1091,normal,0,0,65535_65535,0,3,699968,105,0,1,0,11,0,10,1,1,pre_allocation
618,1091,normal,0,0,65535_65535,0,3,699968,115,1,1,1,12,115,10,1,1,allocated
618,1091,normal,0,0,65535_65535,0,4,828362,193,0,1,0,11,0,15,1,1,pre_allocation
618,1091,normal,0,0,65535_65535,0,4,828362,210,1,1,1,12,210,15,1,1,allocated
618,1091,normal,0,0,65535_65535,0,2,872755,56,0,1,0,12,0,6,1,1,pre_allocation
618,1091,normal,0,0,65535_65535,0,2,872755,61,1,1,1,13,61,6,1,1,allocated
618,1091,normal,0,0,65535_65535,0,5,1006134,210,0,1,0,12,0,15,1,1,pre_allocation
618,1091,normal,0,0,65535_65535,0,5,1006134,228,1,1,1,13,228,15,1,1,allocated
618,1091,normal,0,0,65535_65535,0,3,699968,115,0,1,0,12,0,10,1,1,pre_allocation
618,1091,normal,0,0,65535_65535,0,3,699968,125,1,1,1,13,125,10,1,1,allocated
618,1091,normal,0,0,65535_65535,0,4,828362,210,0,1,0,12,0,15,1,1,pre_allocation
618,1091,normal,0,0,65535_65535,0,4,828362,228,1,1,1,13,228,15,1,1,allocated
618,1091,normal,0,0,65535_65535,0,2,872755,61,0,1,0,13,0,6,1,1,pre_allocation
618,1091,normal,0,0,65535_65535,0,2,872755,66,1,1,1,14,66,6,1,1,allocated
618,1091,normal,0,0,65535_65535,0,5,1006134,228,0,1,0,13,0,15,1,1,pre_allocation
618,1091,normal,0,0,65535_65535,0,5,1006134,246,1,1,1,14,246,15,1,1,allocated
618,1091,normal,0,0,65535_65535,0,3,699968,125,0,1,0,13,0,10,1,1,pre_allocation
618,1091,normal,0,0,65535_65535,0,3,699968,135,1,1,1,14,135,10,1,1,allocated
618,1091,normal,0,0,65535_65535,0,4,828362,228,0,1,0,13,0,15,1,1,pre_allocation
618,1091,normal,0,0,65535_65535,0,4,828362,246,1,1,1,14,246,15,1,1,allocated
618,1091,normal,0,0,65535_65535,0,2,872755,66,0,1,0,14,0,6,1,1,pre_allocation
618,1091,normal,0,0,65535_65535,0,2,872755,71,1,1,1,15,71,6,1,1,allocated
618,1091,normal,0,0,65535_65535,0,5,1006134,246,0,1,0,14,0,15,1,1,pre_allocation
618,1091,normal,0,0,65535_65535,0,5,1006134,264,1,1,1,15,264,15,1,1,allocated
618,1091,normal,0,0,65535_65535,0,3,699968,135,0,1,0,14,0,10,1,1,pre_allocation
618,1091,normal,0,0,65535_65535,0,3,699968,145,1,1,1,15,145,10,1,1,allocated
618,1091,normal,0,0,65535_65535,1,10,87,0,0,1,0,0,0,15,1,1,pre_allocation
618,1091,normal,0,0,65535_65535,1,10,87,14,1,1,1,1,14,15,1,1,allocated
618,1091,normal,0,0,65535_65535,1,7,1612,0,0,1,0,0,0,15,1,1,pre_allocation
618,1091,normal,0,0,65535_65535,1,7,1612,14,1,1,1,1,14,15,1,1,allocated
618,1091,normal,0,0,65535_65535,1,6,87,0,0,1,0,0,0,28,1,1,pre_allocation
618,1091,normal,0,0,65535_65535,1,6,87,42,1,1,1,1,42,28,1,1,allocated
618,1091,normal,0,0,65535_65535,1,8,87,0,0,1,0,0,0,28,1,1,pre_allocation
618,1091,normal,0,0,65535_65535,1,8,87,42,1,1,1,1,42,28,1,1,allocated
618,1091,normal,0,0,65535_65535,1,10,87,14,0,1,0,1,0,15,1,1,pre_allocation
618,1091,normal,0,0,65535_65535,1,10,87,32,1,1,1,2,32,15,1,1,allocated
618,1091,normal,0,0,65535_65535,1,7,1612,14,0,1,0,1,0,15,1,1,pre_allocation
618,1091,normal,0,0,65535_65535,1,7,1612,32,1,1,1,2,32,15,1,1,allocated
618,1091,normal,0,0,65535_65535,1,6,87,42,0,1,0,1,0,28,1,1,pre_allocation
618,1091,normal,0,0,65535_65535,1,6,87,88,1,1,1,2,88,28,1,1,allocated
618,1091,normal,0,0,65535_65535,1,8,87,42,0,1,0,1,0,28,1,1,pre_allocation
618,1091,normal,0,0,65535_65535,1,8,87,88,1,1,1,2,88,28,1,1,allocated
618,1091,normal,0,0,65535_65535,1,10,87,32,0,1,0,2,0,15,1,1,pre_allocation
618,1091,normal,0,0,65535_65535,1,10,87,50,1,1,1,3,50,15,1,1,allocated
618,1091,normal,0,0,65535_65535,1,7,1612,32,0,1,0,2,0,15,1,1,pre_allocation
618,1091,normal,0,0,65535_65535,1,7,1612,50,1,1,1,3,50,15,1,1,allocated
618,1091,normal,0,0,65535_65535,1,6,87,88,0,1,0,2,0,28,1,1,pre_allocation
618,1091,normal,0,0,65535_65535,1,6,87,133,1,1,1,3,133,28,1,1,allocated
618,1091,normal,0,0,65535_65535,1,8,87,88,0,1,0,2,0,28,1,1,pre_allocation
618,1091,normal,0,0,65535_65535,1,8,87,133,1,1,1,3,133,28,1,1,allocated
618,1091,normal,0,0,65535_65535,1,10,87,50,0,1,0,3,0,15,1,1,pre_allocation
618,1091,normal,0,0,65535_65535,1,10,87,68,1,1,1,4,68,15,1,1,allocated
618,1091,normal,0,0,65535_65535,1,7,1612,50,0,1,0,3,0,15,1,1,pre_allocation
618,1091,normal,0,0,65535_65535,1,7,1612,68,1,1,1,4,68,15,1,1,allocated
618,1091,normal,0,0,65535_65535,1,6,87,133,0,1,0,3,0,28,1,1,pre_allocation
618,1091,normal,0,0,65535_65535,1,6,87,179,1,1,1,4,179,28,1,1,allocated
618,1091,normal,0,0,65535_65535,1,8,87,133,0,1,0,3,0,28,1,1,pre_allocation
618,1091,normal,0,0,65535_65535,1,8,87,179,1,1,1,4,179,28,1,1,allocated
618,1091,normal,0,0,65535_65535,1,10,87,68,0,1,0,4,0,15,1,1,pre_allocation
618,1091,normal,0,0,65535_65535,1,10,87,86,1,1,1,5,86,15,1,1,allocated
618,1091,normal,0,0,65535_65535,1,7,1612,68,0,1,0,4,0,15,1,1,pre_allocation
618,1091,normal,0,0,65535_65535,1,7,1612,86,1,1,1,5,86,15,1,1,allocated
618,1091,normal,0,0,65535_65535,1,6,87,179,0,1,0,4,0,28,1,1,pre_allocation
618,1091,normal,0,0,65535_65535,1,6,87,224,1,1,1,5,224,28,1,1,allocated
618,1091,normal,0,0,65535_65535,1,8,87,179,0,1,0,4,0,28,1,1,pre_allocation
618,1091,normal,0,0,65535_65535,1,8,87,224,1,1,1,5,224,28,1,1,allocated
618,1091,normal,0,0,65535_65535,1,10,87,86,0,1,0,5,0,15,1,1,pre_allocation
618,1091,normal,0,0,65535_65535,1,10,87,103,1,1,1,6,103,15,1,1,allocated
618,1091,normal,0,0,65535_65535,1,7,1612,86,0,1,0,5,0,15,1,1,pre_allocation
618,1091,normal,0,0,65535_65535,1,7,1612,103,1,1,1,6,103,15,1,1,allocated
618,1091,normal,0,0,65535_65535,1,6,87,224,0,1,0,5,0,28,1,1,pre_allocation
618,1091,normal,0,0,65535_65535,1,6,87,270,1,1,1,6,270,28,1,1,allocated
618,1091,normal,0,0,65535_65535,1,8,87,224,0,1,0,5,0,28,1,1,pre_allocation
618,1091,normal,0,0,65535_65535,1,8,87,270,1,1,1,6,270,28,1,1,allocated
618,1091,normal,0,0,65535_65535,1,10,87,103,0,1,0,6,0,15,1,1,pre_allocation
618,1091,normal,0,0,65535_65535,1,10,87,121,1,1,1,7,121,15,1,1,allocated
618,1091,normal,0,0,65535_65535,1,7,1612,103,0,1,0,6,0,15,1,1,pre_allocation
618,1091,normal,0,0,65535_65535,1,7,1612,121,1,1,1,7,121,15,1,1,allocated
618,1091,normal,0,0,65535_65535,1,6,87,270,0,1,0,6,0,28,1,1,pre_allocation
618,1091,normal,0,0,65535_65535,1,6,87,315,1,1,1,7,315,28,1,1,allocated
618,1091,normal,0,0,65535_65535,1,8,87,270,0,1,0,6,0,28,1,1,pre_allocation
618,1091,normal,0,0,65535_65535,1,8,87,315,1,1,1,7,315,28,1,1,allocated
618,1091,normal,0,0,65535_65535,1,10,87,121,0,1,0,7,0,15,1,1,pre_allocation
618,1091,normal,0,0,65535_65535,1,10,87,139,1,1,1,8,139,15,1,1,allocated
618,1091,normal,0,0,65535_65535,1,7,1612,121,0,1,0,7,0,15,1,1,pre_allocation
618,1091,normal,0,0,65535_65535,1,7,1612,139,1,1,1,8,139,15,1,1,allocated
618,1091,normal,0,0,65535_65535,1,6,87,315,0,1,0,7,0,28,1,1,pre_allocation
618,1091,normal,0,0,65535_65535,1,6,87,361,1,1,1,8,361,28,1,1,allocated
618,1091,normal,0,0,65535_65535,1,8,87,315,0,1,0,7,0,28,1,1,pre_allocation
618,1091,normal,0,0,65535_65535,1,8,87,361,1,1,1,8,361,28,1,1,allocated
618,1091,normal,0,0,65535_65535,1,10,87,139,0,1,0,8,0,15,1,1,pre_allocation
618,1091,normal,0,0,65535_65535,1,10,87,157,1,1,1,9,157,15,1,1,allocated
618,1091,normal,0,0,65535_65535,1,7,1612,139,0,1,0,8,0,15,1,1,pre_allocation
618,1091,normal,0,0,65535_65535,1,7,1612,157,1,1,1,9,157,15,1,1,allocated
618,1091,normal,0,0,65535_65535,1,6,87,361,0,1,0,8,0,28,1,1,pre_allocation
618,1091,normal,0,0,65535_65535,1,6,87,406,1,1,1,9,406,28,1,1,allocated
618,1091,normal,0,0,65535_65535,1,8,87,361,0,1,0,8,0,28,1,1,pre_allocation
618,1091,normal,0,0,65535_65535,1,8,87,406,1,1,1,9,406,28,1,1,allocated
618,1091,normal,0,0,65535_65535,1,10,87,157,0,1,0,9,0,15,1,1,pre_allocation
618,1091,normal,0,0,65535_65535,1,10,87,175,1,1,1,10,175,15,1,1,allocated
618,1091,normal,0,0,65535_65535,1,7,1612,157,0,1,0,9,0,15,1,1,pre_allocation
618,1091,normal,0,0,65535_65535,1,7,1612,175,1,1,1,10,175,15,1,1,allocated
618,1091,normal,0,0,65535_65535,1,6,87,406,0,1,0,9,0,28,1,1,pre_allocation
618,1091,normal,0,0,65535_65535,1,6,87,452,1,1,1,10,452,28,1,1,allocated
618,1091,normal,0,0,65535_65535,1,8,87,406,0,1,0,9,0,28,1,1,pre_allocation
618,1091,normal,0,0,65535_65535,1,8,87,452,1,1,1,10,452,28,1,1,allocated
618,1091,normal,0,0,65535_65535,1,10,87,175,0,1,0,10,0,15,1,1,pre_allocation
618,1091,normal,0,0,65535_65535,1,10,87,193,1,1,1,11,193,15,1,1,allocated
618,1091,normal,0,0,65535_65535,1,7,1612,175,0,1,0,10,0,15,1,1,pre_allocation
618,1091,normal,0,0,65535_65535,1,7,1612,193,1,1,1,11,193,15,1,1,allocated
618,1091,normal,0,0,65535_65535,1,6,87,452,0,1,0,10,0,28,1,1,pre_allocation
618,1091,normal,0,0,65535_65535,1,6,87,497,1,1,1,11,497,28,1,1,allocated
618,1091,normal,0,0,65535_65535,1,8,87,452,0,1,0,10,0,28,1,1,pre_allocation
618,1091,normal,0,0,65535_65535,1,8,87,497,1,1,1,11,497,28,1,1,allocated
618,1091,normal,0,0,65535_65535,1,10,87,193,0,1,0,11,0,15,1,1,pre_allocation
618,1091,normal,0,0,65535_65535,1,10,87,210,1,1,1,12,210,15,1,1,allocated
618,1091,normal,0,0,65535_65535,1,7,1612,193,0,1,0,11,0,15,1,1,pre_allocation
618,1091,normal,0,0,65535_65535,1,7,1612,210,1,1,1,12,210,15,1,1,allocated
618,1091,normal,0,0,65535_65535,1,6,87,497,0,1,0,11,0,28,1,1,pre_allocation
618,1091,normal,0,0,65535_65535,1,6,87,543,1,1,1,12,543,28,1,1,allocated
618,1091,normal,0,0,65535_65535,1,8,87,497,0,1,0,11,0,28,1,1,pre_allocation
618,1091,normal,0,0,65535_65535,1,8,87,543,1,1,1,12,543,28,1,1,allocated
618,1091,normal,0,0,65535_65535,1,10,87,210,0,1,0,12,0,15,1,1,pre_allocation
618,1091,normal,0,0,65535_65535,1,10,87,228,1,1,1,13,228,15,1,1,allocated
618,1091,normal,0,0,65535_65535,1,7,1612,210,0,1,0,12,0,15,1,1,pre_allocation
618,1091,normal,0,0,65535_65535,1,7,1612,228,1,1,1,13,228,15,1,1,allocated
618,1091,normal,0,0,65535_65535,1,6,87,543,0,1,0,12,0,28,1,1,pre_allocation
618,1091,normal,0,0,65535_65535,1,6,87,589,1,1,1,13,589,28,1,1,allocated
618,1091,normal,0,0,65535_65535,1,8,87,543,0,1,0,12,0,28,1,1,pre_allocation
618,1091,normal,0,0,65535_65535,1,8,87,589,1,1,1,13,589,28,1,1,allocated
618,1091,normal,0,0,65535_65535,1,10,87,228,0,1,0,13,0,15,1,1,pre_allocation
618,1091,normal,0,0,65535_65535,1,10,87,246,1,1,1,14,246,15,1,1,allocated
618,1091,normal,0,0,65535_65535,1,7,1612,228,0,1,0,13,0,15,1,1,pre_allocation
618,1091,normal,0,0,65535_65535,1,7,1612,246,1,1,1,14,246,15,1,1,allocated
618,1091,normal,0,0,65535_65535,1,6,87,589,0,1,0,13,0,28,1,1,pre_allocation
618,1091,normal,0,0,65535_65535,1,6,87,634,1,1,1,14,634,28,1,1,allocated
618,1091,normal,0,0,65535_65535,1,8,87,589,0,1,0,13,0,28,1,1,pre_allocation
618,1091,normal,0,0,65535_65535,1,8,87,634,1,1,1,14,634,28,1,1,allocated
618,1091,normal,0,0,65535_65535,1,10,87,246,0,1,0,14,0,15,1,1,pre_allocation
618,1091,normal,0,0,65535_65535,1,10,87,264,1,1,1,15,264,15,1,1,allocated
618,1091,normal,0,0,65535_65535,1,7,1612,246,0,1,0,14,0,15,1,1,pre_allocation
618,1091,normal,0,0,65535_65535,1,7,1612,264,1,1,1,15,264,15,1,1,allocated
618,1091,normal,0,0,65535_65535,1,6,87,634,0,1,0,14,0,28,1,1,pre_allocation
618,1091,normal,0,0,65535_65535,1,6,87,680,1,1,1,15,680,28,1,1,allocated
618,1091,normal,0,0,65535_65535,1,8,87,634,0,1,0,14,0,28,1,1,pre_allocation
618,1091,normal,0,0,65535_65535,1,8,87,680,1,1,1,15,680,28,1,1,allocated
618,1091,normal,0,0,65535_65535,1,10,87,264,0,1,0,15,0,15,1,1,pre_allocation
618,1091,normal,0,0,65535_65535,1,10,87,282,1,1,1,16,282,15,1,1,allocated
618,1091,normal,0,0,65535_65535,1,7,1612,264,0,1,0,15,0,15,1,1,pre_allocation
618,1091,normal,0,0,65535_65535,1,7,1612,282,1,1,1,16,282,15,1,1,allocated
618,1091,normal,0,0,65535_65535,1,6,87,680,0,1,0,15,0,28,1,1,pre_allocation
618,1091,normal,0,0,65535_65535,1,6,87,725,1,1,1,16,725,28,1,1,allocated
618,1091,normal,0,0,65535_65535,1,8,87,680,0,1,0,15,0,28,1,1,pre_allocation
618,1091,normal,0,0,65535_65535,1,8,87,725,1,1,1,16,725,28,1,1,allocated
618,1091,normal,0,0,65535_65535,1,10,87,282,0,1,0,16,0,15,1,1,pre_allocation
618,1091,normal,0,0,65535_65535,1,10,87,299,1,1,1,17,299,15,1,1,allocated
618,1091,normal,0,0,65535_65535,1,7,1612,282,0,1,0,16,0,15,1,1,pre_allocation
618,1091,normal,0,0,65535_65535,1,7,1612,299,1,1,1,17,299,15,1,1,allocated
618,1091,normal,0,0,65535_65535,1,6,87,725,0,1,0,16,0,28,1,1,pre_allocation
618,1091,normal,0,0,65535_65535,1,6,87,771,1,1,1,17,771,28,1,1,allocated
618,1091,normal,0,0,65535_65535,1,8,87,725,0,1,0,16,0,28,1,1,pre_allocation
618,1091,normal,0,0,65535_65535,1,8,87,771,1,1,1,17,771,28,1,1,allocated
618,1091,normal,0,0,65535_65535,1,10,87,299,0,1,0,17,0,15,1,1,pre_allocation
618,1091,normal,0,0,65535_65535,1,10,87,317,1,1,1,18,317,15,1,1,allocated
618,1091,normal,0,0,65535_65535,1,7,1612,299,0,1,0,17,0,15,1,1,pre_allocation
618,1091,normal,0,0,65535_65535,1,7,1612,317,1,1,1,18,317,15,1,1,allocated
618,1091,normal,0,0,65535_65535,1,6,87,771,0,1,0,17,0,28,1,1,pre_allocation
618,1091,normal,0,0,65535_65535,1,6,87,816,1,1,1,18,816,28,1,1,allocated
618,1091,normal,0,0,65535_65535,1,8,87,771,0,1,0,17,0,28,1,1,pre_allocation
618,1091,normal,0,0,65535_65535,1,8,87,816,1,1,1,18,816,28,1,1,allocated
618,1091,normal,0,0,65535_65535,1,10,87,317,0,1,0,18,0,15,1,1,pre_allocation
618,1091,normal,0,0,65535_65535,1,10,87,335,1,1,1,19,335,15,1,1,allocated
618,1091,normal,0,0,65535_65535,1,7,1612,317,0,1,0,18,0,15,1,1,pre_allocation
618,1091,normal,0,0,65535_65535,1,7,1612,335,1,1,1,19,335,15,1,1,allocated
618,1091,normal,0,0,65535_65535,1,6,87,816,0,1,0,18,0,28,1,1,pre_allocation
618,1091,normal,0,0,65535_65535,1,6,87,862,1,1,1,19,862,28,1,1,allocated
618,1091,normal,0,0,65535_65535,1,8,87,816,0,1,0,18,0,28,1,1,pre_allocation
618,1091,normal,0,0,65535_65535,1,8,87,862,1,1,1,19,862,28,1,1,allocated
618,1091,normal,0,0,65535_65535,1,10,87,335,0,1,0,19,0,15,1,1,pre_allocation
618,1091,normal,0,0,65535_65535,1,10,87,353,1,1,1,20,353,15,1,1,allocated
618,1091,normal,0,0,65535_65535,1,7,1612,335,0,1,0,19,0,15,1,1,pre_allocation
618,1091,normal,0,0,65535_65535,1,7,1612,353,1,1,1,20,353,15,1,1,allocated
618,1091,normal,0,0,65535_65535,1,6,87,862,0,1,0,19,0,28,1,1,pre_allocation
618,1091,normal,0,0,65535_65535,1,6,87,907,1,1,1,20,907,28,1,1,allocated
618,1091,normal,0,0,65535_65535,1,8,87,862,0,1,0,19,0,28,1,1,pre_allocation
618,1091,normal,0,0,65535_65535,1,8,87,907,1,1,1,20,907,28,1,1,allocated
618,1091,normal,0,0,65535_65535,1,10,87,353,0,1,0,20,0,15,1,1,pre_allocation
618,1091,normal,0,0,65535_65535,1,10,87,371,1,1,1,21,371,15,1,1,allocated
618,1091,normal,0,0,65535_65535,1,7,1612,353,0,1,0,20,0,15,1,1,pre_allocation
618,1091,normal,0,0,65535_65535,1,7,1612,371,1,1,1,21,371,15,1,1,allocated
618,1091,normal,0,0,65535_65535,1,6,87,907,0,1,0,20,0,28,1,1,pre_allocation
618,1091,normal,0,0,65535_65535,1,6,87,953,1,1,1,21,953,28,1,1,allocated
618,1091,normal,0,0,65535_65535,1,8,87,907,0,1,0,20,0,28,1,1,pre_allocation
618,1091,normal,0,0,65535_65535,1,8,87,953,1,1,1,21,953,28,1,1,allocated
618,1091,normal,0,0,65535_65535,1,10,87,371,0,1,0,21,0,15,1,1,pre_allocation
618,1091,normal,0,0,65535_65535,1,10,87,389,1,1,1,22,389,15,1,1,allocated
618,1091,normal,0,0,65535_65535,1,7,1612,371,0,1,0,21,0,15,1,1,pre_allocation
618,1091,normal,0,0,65535_65535,1,7,1612,389,1,1,1,22,389,15,1,1,allocated
618,1091,normal,0,0,65535_65535,1,6,87,953,0,1,0,21,0,28,1,1,pre_allocation
618,1091,normal,0,0,65535_65535,1,6,87,998,1,1,1,22,998,28,1,1,allocated
618,1091,normal,0,0,65535_65535,1,8,87,953,0,1,0,21,0,28,1,1,pre_allocation
618,1091,normal,0,0,65535_65535,1,8,87,998,1,1,1,22,998,28,1,1,allocated
618,1091,normal,0,0,65535_65535,1,10,87,389,0,1,0,22,0,15,1,1,pre_allocation
618,1091,normal,0,0,65535_65535,1,10,87,406,1,1,1,23,406,15,1,1,allocated
618,1091,normal,0,0,65535_65535,1,7,1612,389,0,1,0,22,0,15,1,1,pre_allocation
618,1091,normal,0,0,65535_65535,1,7,1612,406,1,1,1,23,406,15,1,1,allocated
618,1091,normal,0,0,65535_65535,1,6,87,998,0,1,0,22,0,28,1,1,pre_allocation
618,1091,normal,0,0,65535_65535,1,6,87,1044,1,1,1,23,1044,28,1,1,allocated
618,1091,normal,0,0,65535_65535,1,8,87,998,0,1,0,22,0,28,1,1,pre_allocation
618,1091,normal,0,0,65535_65535,1,8,87,1044,1,1,1,23,1044,28,1,1,allocated
618,1091,normal,0,0,65535_65535,1,10,87,406,0,1,0,23,0,15,1,1,pre_allocation
618,1091,normal,0,0,65535_65535,1,10,87,424,1,1,1,24,424,15,1,1,allocated
618,1091,normal,0,0,65535_65535,1,7,1612,406,0,1,0,23,0,15,1,1,pre_allocation
618,1091,normal,0,0,65535_65535,1,7,1612,424,1,1,1,24,424,15,1,1,allocated
618,1091,normal,0,0,65535_65535,1,6,87,1044,0,1,0,23,0,28,1,1,pre_allocation
618,1091,normal,0,0,65535_65535,1,6,87,1089,1,1,1,24,1089,28,1,1,allocated
618,1091,normal,0,0,65535_65535,1,8,87,1044,0,1,0,23,0,28,1,1,pre_allocation
618,1091,normal,0,0,65535_65535,1,8,87,1089,1,1,1,24,1089,28,1,1,allocated
618,1091,normal,0,0,65535_65535,1,10,87,424,0,1,0,24,0,15,1,1,pre_allocation
618,1091,normal,0,0,65535_65535,1,10,87,442,1,1,1,25,442,15,1,1,allocated
618,1091,normal,0,0,65535_65535,1,7,1612,424,0,1,0,24,0,15,1,1,pre_allocation
618,1091,normal,0,0,65535_65535,1,7,1612,442,1,1,1,25,442,15,1,1,allocated
618,1091,normal,0,0,65535_65535,1,6,87,1089,0,1,0,24,0,28,1,1,pre_allocation
618,1091,normal,0,0,65535_65535,1,6,87,1135,1,1,1,25,1135,28,1,1,allocated
618,1091,normal,0,0,65535_65535,1,8,87,1089,0,1,0,24,0,28,1,1,pre_allocation
618,1091,normal,0,0,65535_65535,1,8,87,1135,1,1,1,25,1135,28,1,1,allocated
618,1091,normal,0,0,65535_65535,1,10,87,442,0,1,0,25,0,15,1,1,pre_allocation
618,1091,normal,0,0,65535_65535,1,10,87,460,1,1,1,26,460,15,1,1,allocated
618,1091,normal,0,0,65535_65535,1,7,1612,442,0,1,0,25,0,15,1,1,pre_allocation
618,1091,normal,0,0,65535_65535,1,7,1612,460,1,1,1,26,460,15,1,1,allocated
618,1091,normal,0,0,65535_65535,1,6,87,1135,0,1,0,25,0,28,1,1,pre_allocation
618,1091,normal,0,0,65535_65535,1,6,87,1181,1,1,1,26,1181,28,1,1,allocated
618,1091,normal,0,0,65535_65535,1,8,87,1135,0,1,0,25,0,28,1,1,pre_allocation
618,1091,normal,0,0,65535_65535,1,8,87,1181,1,1,1,26,1181,28,1,1,allocated
618,1091,normal,0,0,65535_65535,1,10,87,460,0,1,0,26,0,15,1,1,pre_allocation
618,1091,normal,0,0,65535_65535,1,10,87,478,1,1,1,27,478,15,1,1,allocated
618,1091,normal,0,0,65535_65535,2,11,137,0,0,1,0,0,0,15,1,1,pre_allocation
618,1091,normal,0,0,65535_65535,2,11,137,14,1,1,1,1,14,15,1,1,allocated
618,1091,normal,0,0,65535_65535,2,23,137,0,0,1,0,0,0,8,1,1,pre_allocation
618,1091,normal,0,0,65535_65535,2,23,137,4,1,1,1,1,4,8,1,1,allocated
618,1091,normal,0,0,65535_65535,2,25,137,0,0,1,0,0,0,28,1,1,pre_allocation
618,1091,normal,0,0,65535_65535,2,25,137,42,1,1,1,1,42,28,1,1,allocated
618,1091,normal,0,0,65535_65535,2,12,137,0,0,1,0,0,0,28,1,1,pre_allocation
618,1091,normal,0,0,65535_65535,2,12,137,42,1,1,1,1,42,28,1,1,allocated
618,1091,normal,0,0,65535_65535,2,21,137,0,0,1,0,0,0,28,1,1,pre_allocation
618,1091,normal,0,0,65535_65535,2,21,137,42,1,1,1,1,42,28,1,1,allocated
618,1091,normal,0,0,65535_65535,2,27,137,0,0,1,0,0,0,28,1,1,pre_allocation
618,1091,normal,0,0,65535_65535,2,27,137,42,1,1,1,1,42,28,1,1,allocated
618,1091,normal,0,0,65535_65535,2,22,137,0,0,1,0,0,0,28,1,1,pre_allocation
618,1091,normal,0,0,65535_65535,2,22,137,42,1,1,1,1,42,28,1,1,allocated
618,1091,normal,0,0,65535_65535,2,28,137,0,0,1,0,0,0,28,1,1,pre_allocation
618,1091,normal,0,0,65535_65535,2,28,137,42,1,1,1,1,42,28,1,1,allocated
618,1091,normal,0,0,65535_65535,2,11,137,14,0,1,0,1,0,15,1,1,pre_allocation
618,1091,normal,0,0,65535_65535,2,11,137,32,1,1,1,2,32,15,1,1,allocated
618,1091,normal,0,0,65535_65535,2,23,137,4,0,1,0,1,0,8,1,1,pre_allocation
618,1091,normal,0,0,65535_65535,2,23,137,11,1,1,1,2,11,8,1,1,allocated
618,1091,normal,0,0,65535_65535,2,25,137,42,0,1,0,1,0,28,1,1,pre_allocation
618,1091,normal,0,0,65535_65535,2,25,137,88,1,1,1,2,88,28,1,1,allocated
618,1091,normal,0,0,65535_65535,2,12,137,42,0,1,0,1,0,28,1,1,pre_allocation
618,1091,normal,0,0,65535_65535,2,12,137,88,1,1,1,2,88,28,1,1,allocated
618,1091,normal,0,0,65535_65535,2,21,137,42,0,1,0,1,0,28,1,1,pre_allocation
618,1091,normal,0,0,65535_65535,2,21,137,88,1,1,1,2,88,28,1,1,allocated
618,1091,normal,0,0,65535_65535,2,27,137,42,0,1,0,1,0,28,1,1,pre_allocation
618,1091,normal,0,0,65535_65535,2,27,137,88,1,1,1,2,88,28,1,1,allocated
618,1091,normal,0,0,65535_65535,2,22,137,42,0,1,0,1,0,28,1,1,pre_allocation
618,1091,normal,0,0,65535_65535,2,22,137,88,1,1,1,2,88,28,1,1,allocated
618,1091,normal,0,0,65535_65535,2,28,137,42,0,1,0,1,0,28,1,1,pre_allocation
618,1091,normal,0,0,65535_65535,2,28,137,88,1,1,1,2,88,28,1,1,allocated
618,1091,normal,0,0,65535_65535,2,11,137,32,0,1,0,2,0,15,1,1,pre_allocation
618,1091,normal,0,0,65535_65535,2,11,137,50,1,1,1,3,50,15,1,1,allocated
618,1091,normal,0,0,65535_65535,2,23,137,11,0,1,0,2,0,8,1,1,pre_allocation
618,1091,normal,0,0,65535_65535,2,23,137,18,1,1,1,3,18,8,1,1,allocated
618,1091,normal,0,0,65535_65535,2,25,137,88,0,1,0,2,0,28,1,1,pre_allocation
618,1091,normal,0,0,65535_65535,2,25,137,133,1,1,1,3,133,28,1,1,allocated
618,1091,normal,0,0,65535_65535,2,12,137,88,0,1,0,2,0,28,1,1,pre_allocation
618,1091,normal,0,0,65535_65535,2,12,137,133,1,1,1,3,133,28,1,1,allocated
618,1091,normal,0,0,65535_65535,2,21,137,88,0,1,0,2,0,28,1,1,pre_allocation
618,1091,normal,0,0,65535_65535,2,21,137,133,1,1,1,3,133,28,1,1,allocated
618,1091,normal,0,0,65535_65535,2,27,137,88,0,1,0,2,0,28,1,1,pre_allocation
618,1091,normal,0,0,65535_65535,2,27,137,133,1,1,1,3,133,28,1,1,allocated
618,1091,normal,0,0,65535_65535,2,22,137,88,0,1,0,2,0,28,1,1,pre_allocation
618,1091,normal,0,0,65535_65535,2,22,137,133,1,1,1,3,133,28,1,1,allocated
618,1091,normal,0,0,65535_65535,2,28,137,88,0,1,0,2,0,28,1,1,pre_allocation
618,1091,normal,0,0,65535_65535,2,28,137,133,1,1,1,3,133,28,1,1,allocated
618,1091,normal,0,0,65535_65535,2,11,137,50,0,1,0,3,0,15,1,1,pre_allocation
618,1091,normal,0,0,65535_65535,2,11,137,68,1,1,1,4,68,15,1,1,allocated
618,1091,normal,0,0,65535_65535,2,23,137,18,0,1,0,3,0,8,1,1,pre_allocation
618,1091,normal,0,0,65535_65535,2,23,137,26,1,1,1,4,26,8,1,1,allocated
618,1091,normal,0,0,65535_65535,2,25,137,133,0,1,0,3,0,28,1,1,pre_allocation
618,1091,normal,0,0,65535_65535,2,25,137,179,1,1,1,4,179,28,1,1,allocated
618,1091,normal,0,0,65535_65535,2,12,137,133,0,1,0,3,0,28,1,1,pre_allocation
618,1091,normal,0,0,65535_65535,2,12,137,179,1,1,1,4,179,28,1,1,allocated
618,1091,normal,0,0,65535_65535,2,21,137,133,0,1,0,3,0,28,1,1,pre_allocation
618,1091,normal,0,0,65535_65535,2,21,137,179,1,1,1,4,179,28,1,1,allocated
618,1091,normal,0,0,65535_65535,2,27,137,133,0,1,0,3,0,28,1,1,pre_allocation
618,1091,normal,0,0,65535_65535,2,27,137,179,1,1,1,4,179,28,1,1,allocated
618,1091,normal,0,0,65535_65535,2,22,137,133,0,1,0,3,0,28,1,1,pre_allocation
618,1091,normal,0,0,65535_65535,2,22,137,179,1,1,1,4,179,28,1,1,allocated
618,1091,normal,0,0,65535_65535,2,28,137,133,0,1,0,3,0,28,1,1,pre_allocation
618,1091,normal,0,0,65535_65535,2,28,137,179,1,1,1,4,179,28,1,1,allocated
618,1091,normal,0,0,65535_65535,2,11,137,68,0,1,0,4,0,15,1,1,pre_allocation
618,1091,normal,0,0,65535_65535,2,11,137,86,1,1,1,5,86,15,1,1,allocated
618,1091,normal,0,0,65535_65535,2,23,137,26,0,1,0,4,0,8,1,1,pre_allocation
618,1091,normal,0,0,65535_65535,2,23,137,33,1,1,1,5,33,8,1,1,allocated
618,1091,normal,0,0,65535_65535,2,25,137,179,0,1,0,4,0,28,1,1,pre_allocation
618,1091,normal,0,0,65535_65535,2,25,137,224,1,1,1,5,224,28,1,1,allocated
618,1091,normal,0,0,65535_65535,2,12,137,179,0,1,0,4,0,28,1,1,pre_allocation
618,1091,normal,0,0,65535_65535,2,12,137,224,1,1,1,5,224,28,1,1,allocated
618,1091,normal,0,0,65535_65535,2,21,137,179,0,1,0,4,0,28,1,1,pre_allocation
618,1091,normal,0,0,65535_65535,2,21,137,224,1,1,1,5,224,28,1,1,allocated
618,1091,normal,0,0,65535_65535,2,27,137,179,0,1,0,4,0,28,1,1,pre_allocation
618,1091,normal,0,0,65535_65535,2,27,137,224,1,1,1,5,224,28,1,1,allocated
618,1091,normal,0,0,65535_65535,2,22,137,179,0,1,0,4,0,28,1,1,pre_allocation
618,1091,normal,0,0,65535_65535,2,22,137,224,1,1,1,5,224,28,1,1,allocated
618,1091,normal,0,0,65535_65535,2,28,137,179,0,1,0,4,0,28,1,1,pre_allocation
618,1091,normal,0,0,65535_65535,2,28,137,224,1,1,1,5,224,28,1,1,allocated
618,1091,normal,0,0,65535_65535,2,11,137,86,0,1,0,5,0,15,1,1,pre_allocation
618,1091,normal,0,0,65535_65535,2,11,137,103,1,1,1,6,103,15,1,1,allocated
618,1091,normal,0,0,65535_65535,2,23,137,33,0,1,0,5,0,8,1,1,pre_allocation
618,1091,normal,0,0,65535_65535,2,23,137,40,1,1,1,6,40,8,1,1,allocated
618,1091,normal,0,0,65535_65535,2,25,137,224,0,1,0,5,0,28,1,1,pre_allocation
618,1091,normal,0,0,65535_65535,2,25,137,270,1,1,1,6,270,28,1,1,allocated
618,1091,normal,0,0,65535_65535,2,12,137,224,0,1,0,5,0,28,1,1,pre_allocation
618,1091,normal,0,0,65535_65535,2,12,137,270,1,1,1,6,270,28,1,1,allocated
618,1091,normal,0,0,65535_65535,2,21,137,224,0,1,0,5,0,28,1,1,pre_allocation
618,1091,normal,0,0,65535_65535,2,21,137,270,1,1,1,6,270,28,1,1,allocated
618,1091,normal,0,0,65535_65535,2,27,137,224,0,1,0,5,0,28,1,1,pre_allocation
618,1091,normal,0,0,65535_65535,2,27,137,270,1,1,1,6,270,28,1,1,allocated
618,1091,normal,0,0,65535_65535,2,22,137,224,0,1,0,5,0,28,1,1,pre_allocation
618,1091,normal,0,0,65535_65535,2,22,137,270,1,1,1,6,270,28,1,1,allocated
618,1091,normal,0,0,65535_65535,2,28,137,224,0,1,0,5,0,28,1,1,pre_allocation
618,1091,normal,0,0,65535_65535,2,28,137,270,1,1,1,6,270,28,1,1,allocated
618,1091,normal,0,0,65535_65535,2,11,137,103,0,1,0,6,0,15,1,1,pre_allocation
618,1091,normal,0,0,65535_65535,2,11,137,121,1,1,1,7,121,15,1,1,allocated
618,1091,normal,0,0,65535_65535,2,23,137,40,0,1,0,6,0,8,1,1,pre_allocation
618,1091,normal,0,0,65535_65535,2,23,137,47,1,1,1,7,47,8,1,1,allocated
618,1091,normal,0,0,65535_65535,2,25,137,270,0,1,0,6,0,28,1,1,pre_allocation
618,1091,normal,0,0,65535_65535,2,25,137,315,1,1,1,7,315,28,1,1,allocated
618,1091,normal,0,0,65535_65535,2,12,137,270,0,1,0,6,0,28,1,1,pre_allocation
618,1091,normal,0,0,65535_65535,2,12,137,315,1,1,1,7,315,28,1,1,allocated
618,1091,normal,0,0,65535_65535,2,21,137,270,0,1,0,6,0,28,1,1,pre_allocation
618,1091,normal,0,0,65535_65535,2,21,137,315,1,1,1,7,315,28,1,1,allocated
618,1091,normal,0,0,65535_65535,2,27,137,270,0,1,0,6,0,28,1,1,pre_allocation
618,1091,normal,0,0,65535_65535,2,27,137,315,1,1,1,7,315,28,1,1,allocated
618,1091,normal,0,0,65535_65535,2,22,137,270,0,1,0,6,0,28,1,1,pre_allocation
618,1091,normal,0,0,65535_65535,2,22,137,315,1,1,1,7,315,28,1,1,allocated
618,1091,normal,0,0,65535_65535,2,28,137,270,0,1,0,6,0,28,1,1,pre_allocation
618,1091,normal,0,0,65535_65535,2,28,137,315,1,1,1,7,315,28,1,1,allocated
618,1091,normal,0,0,65535_65535,2,11,137,121,0,1,0,7,0,15,1,1,pre_allocation
618,1091,normal,0,0,65535_65535,2,11,137,139,1,1,1,8,139,15,1,1,allocated
618,1091,normal,0,0,65535_65535,2,23,137,47,0,1,0,7,0,8,1,1,pre_allocation
618,1091,normal,0,0,65535_65535,2,23,137,55,1,1,1,8,55,8,1,1,allocated
618,1091,normal,0,0,65535_65535,2,25,137,315,0,1,0,7,0,28,1,1,pre_allocation
618,1091,normal,0,0,65535_65535,2,25,137,361,1,1,1,8,361,28,1,1,allocated
618,1091,normal,0,0,65535_65535,2,12,137,315,0,1,0,7,0,28,1,1,pre_allocation
618,1091,normal,0,0,65535_65535,2,12,137,361,1,1,1,8,361,28,1,1,allocated
618,1091,normal,0,0,65535_65535,2,21,137,315,0,1,0,7,0,28,1,1,pre_allocation
618,1091,normal,0,0,65535_65535,2,21,137,361,1,1,1,8,361,28,1,1,allocated
618,1091,normal,0,0,65535_65535,2,27,137,315,0,1,0,7,0,28,1,1,pre_allocation
618,1091,normal,0,0,65535_65535,2,27,137,361,1,1,1,8,361,28,1,1,allocated
618,1091,normal,0,0,65535_65535,2,22,137,315,0,1,0,7,0,28,1,1,pre_allocation
618,1091,normal,0,0,65535_65535,2,22,137,361,1,1,1,8,361,28,1,1,allocated
618,1091,normal,0,0,65535_65535,2,28,137,315,0,1,0,7,0,28,1,1,pre_allocation
618,1091,normal,0,0,65535_65535,2,28,137,361,1,1,1,8,361,28,1,1,allocated
618,1091,normal,0,0,65535_65535,2,11,137,139,0,1,0,8,0,15,1,1,pre_allocation
618,1091,normal,0,0,65535_65535,2,11,137,157,1,1,1,9,157,15,1,1,allocated
618,1091,normal,0,0,65535_65535,2,23,137,55,0,1,0,8,0,8,1,1,pre_allocation
618,1091,normal,0,0,65535_65535,2,23,137,62,1,1,1,9,62,8,1,1,allocated
618,1091,normal,0,0,65535_65535,2,25,137,361,0,1,0,8,0,28,1,1,pre_allocation
618,1091,normal,0,0,65535_65535,2,25,137,406,1,1,1,9,406,28,1,1,allocated
618,1091,normal,0,0,65535_65535,2,12,137,361,0,1,0,8,0,28,1,1,pre_allocation
618,1091,normal,0,0,65535_65535,2,12,137,406,1,1,1,9,406,28,1,1,allocated
618,1091,normal,0,0,65535_65535,2,21,137,361,0,1,0,8,0,28,1,1,pre_allocation
618,1091,normal,0,0,65535_65535,2,21,137,406,1,1,1,9,406,28,1,1,allocated
618,1091,normal,0,0,65535_65535,2,27,137,361,0,1,0,8,0,28,1,1,pre_allocation
618,1091,normal,0,0,65535_65535,2,27,137,406,1,1,1,9,406,28,1,1,allocated
618,1091,normal,0,0,65535_65535,2,22,137,361,0,1,0,8,0,28,1,1,pre_allocation
618,1091,normal,0,0,65535_65535,2,22,137,406,1,1,1,9,406,28,1,1,allocated
618,1091,normal,0,0,65535_65535,2,28,137,361,0,1,0,8,0,28,1,1,pre_allocation
618,1091,normal,0,0,65535_65535,2,28,137,406,1,1,1,9,406,28,1,1,allocated
618,1091,normal,0,0,65535_65535,2,11,137,157,0,1,0,9,0,15,1,1,pre_allocation
618,1091,normal,0,0,65535_65535,2,11,137,175,1,1,1,10,175,15,1,1,allocated
618,1091,normal,0,0,65535_65535,2,23,137,62,0,1,0,9,0,8,1,1,pre_allocation
618,1091,normal,0,0,65535_65535,2,23,137,69,1,1,1,10,69,8,1,1,allocated
618,1091,normal,0,0,65535_65535,2,25,137,406,0,1,0,9,0,28,1,1,pre_allocation
618,1091,normal,0,0,65535_65535,2,25,137,452,1,1,1,10,452,28,1,1,allocated
618,1091,normal,0,0,65535_65535,2,12,137,406,0,1,0,9,0,28,1,1,pre_allocation
618,1091,normal,0,0,65535_65535,2,12,137,452,1,1,1,10,452,28,1,1,allocated
618,1091,normal,0,0,65535_65535,2,21,137,406,0,1,0,9,0,28,1,1,pre_allocation
618,1091,normal,0,0,65535_65535,2,21,137,452,1,1,1,10,452,28,1,1,allocated
618,1091,normal,0,0,65535_65535,2,27,137,406,0,1,0,9,0,28,1,1,pre_allocation
618,1091,normal,0,0,65535_65535,2,27,137,452,1,1,1,10,452,28,1,1,allocated
618,1091,normal,0,0,65535_65535,2,22,137,406,0,1,0,9,0,28,1,1,pre_allocation
618,1091,normal,0,0,65535_65535,2,22,137,452,1,1,1,10,452,28,1,1,allocated
618,1091,normal,0,0,65535_65535,2,28,137,406,0,1,0,9,0,28,1,1,pre_allocation
618,1091,normal,0,0,65535_65535,2,28,137,452,1,1,1,10,452,28,1,1,allocated
618,1091,normal,0,0,65535_65535,2,11,137,175,0,1,0,10,0,15,1,1,pre_allocation
618,1091,normal,0,0,65535_65535,2,11,137,193,1,1,1,11,193,15,1,1,allocated
618,1091,normal,0,0,65535_65535,2,23,137,69,0,1,0,10,0,8,1,1,pre_allocation
618,1091,normal,0,0,65535_65535,2,23,137,76,1,1,1,11,76,8,1,1,allocated
618,1091,normal,0,0,65535_65535,2,25,137,452,0,1,0,10,0,28,1,1,pre_allocation
618,1091,normal,0,0,65535_65535,2,25,137,497,1,1,1,11,497,28,1,1,allocated
618,1091,normal,0,0,65535_65535,2,12,137,452,0,1,0,10,0,28,1,1,pre_allocation
618,1091,normal,0,0,65535_65535,2,12,137,497,1,1,1,11,497,28,1,1,allocated
618,1091,normal,0,0,65535_65535,2,21,137,452,0,1,0,10,0,28,1,1,pre_allocation
618,1091,normal,0,0,65535_65535,2,21,137,497,1,1,1,11,497,28,1,1,allocated
618,1091,normal,0,0,65535_65535,2,27,137,452,0,1,0,10,0,28,1,1,pre_allocation
618,1091,normal,0,0,65535_65535,2,27,137,497,1,1,1,11,497,28,1,1,allocated
618,1091,normal,0,0,65535_65535,2,22,137,452,0,1,0,10,0,28,1,1,pre_allocation
618,1091,normal,0,0,65535_65535,2,22,137,497,1,1,1,11,497,28,1,1,allocated
618,1091,normal,0,0,65535_65535,2,28,137,452,0,1,0,10,0,28,1,1,pre_allocation
618,1091,normal,0,0,65535_65535,2,28,137,497,1,1,1,11,497,28,1,1,allocated
618,1091,normal,0,0,65535_65535,2,11,137,193,0,1,0,11,0,15,1,1,pre_allocation
618,1091,normal,0,0,65535_65535,2,11,137,210,1,1,1,12,210,15,1,1,allocated
618,1091,normal,0,0,65535_65535,2,23,137,76,0,1,0,11,0,8,1,1,pre_allocation
618,1091,normal,0,0,65535_65535,2,23,137,84,1,1,1,12,84,8,1,1,allocated
618,1091,normal,0,0,65535_65535,2,25,137,497,0,1,0,11,0,28,1,1,pre_allocation
618,1091,normal,0,0,65535_65535,2,25,137,543,1,1,1,12,543,28,1,1,allocated
618,1091,normal,0,0,65535_65535,2,12,137,497,0,1,0,11,0,28,1,1,pre_allocation
618,1091,normal,0,0,65535_65535,2,12,137,543,1,1,1,12,543,28,1,1,allocated
618,1091,normal,0,0,65535_65535,2,21,137,497,0,1,0,11,0,28,1,1,pre_allocation
618,1091,normal,0,0,65535_65535,2,21,137,543,1,1,1,12,543,28,1,1,allocated
618,1091,normal,0,0,65535_65535,2,27,137,497,0,1,0,11,0,28,1,1,pre_allocation
618,1091,normal,0,0,65535_65535,2,27,137,543,1,1,1,12,543,28,1,1,allocated
618,1091,normal,0,0,65535_65535,2,22,137,497,0,1,0,11,0,28,1,1,pre_allocation
618,1091,normal,0,0,65535_65535,2,22,137,543,1,1,1,12,543,28,1,1,allocated
618,1091,normal,0,0,65535_65535,2,28,137,497,0,1,0,11,0,28,1,1,pre_allocation
618,1091,normal,0,0,65535_65535,2,28,137,543,1,1,1,12,543,28,1,1,allocated
618,1091,normal,0,0,65535_65535,2,11,137,210,0,1,0,12,0,15,1,1,pre_allocation
618,1091,normal,0,0,65535_65535,2,11,137,228,1,1,1,13,228,15,1,1,allocated
618,1091,normal,0,0,65535_65535,2,23,137,84,0,1,0,12,0,8,1,1,pre_allocation
618,1091,normal,0,0,65535_65535,2,23,137,91,1,1,1,13,91,8,1,1,allocated
618,1091,normal,0,0,65535_65535,2,25,137,543,0,1,0,12,0,28,1,1,pre_allocation
618,1091,normal,0,0,65535_65535,2,25,137,589,1,1,1,13,589,28,1,1,allocated
618,1091,normal,0,0,65535_65535,2,12,137,543,0,1,0,12,0,28,1,1,pre_allocation
618,1091,normal,0,0,65535_65535,2,12,137,589,1,1,1,13,589,28,1,1,allocated
618,1091,normal,0,0,65535_65535,2,21,137,543,0,1,0,12,0,28,1,1,pre_allocation
618,1091,normal,0,0,65535_65535,2,21,137,589,1,1,1,13,589,28,1,1,allocated
618,1091,normal,0,0,65535_65535,2,27,137,543,0,1,0,12,0,28,1,1,pre_allocation
618,1091,normal,0,0,65535_65535,2,27,137,589,1,1,1,13,589,28,1,1,allocated
730,1189,normal,0,0,65535_65535,0,2,1010949,0,0,1,0,0,0,6,1,1,pre_allocation
730,1189,normal,0,0,65535_65535,0,2,1010949,2,1,1,1,1,2,6,1,1,allocated
730,1189,normal,0,0,65535_65535,0,5,1175175,0,0,1,0,0,0,15,1,1,pre_allocation
730,1189,normal,0,0,65535_65535,0,5,1175175,17,1,1,1,1,17,15,1,1,allocated
730,1189,normal,0,0,65535_65535,0,3,802902,0,0,1,0,0,0,10,1,1,pre_allocation
730,1189,normal,0,0,65535_65535,0,3,802902,8,1,1,1,1,8,10,1,1,allocated
730,1189,normal,0,0,65535_65535,0,4,966683,0,0,1,0,0,0,15,1,1,pre_allocation
730,1189,normal,0,0,65535_65535,0,4,966683,17,1,1,1,1,17,15,1,1,allocated
730,1189,normal,0,0,65535_65535,0,2,1010949,2,0,1,0,1,0,6,1,1,pre_allocation
730,1189,normal,0,0,65535_65535,0,2,1010949,8,1,1,1,2,8,6,1,1,allocated
730,1189,normal,0,0,65535_65535,0,5,1175175,17,0,1,0,1,0,15,1,1,pre_allocation
730,1189,normal,0,0,65535_65535,0,5,1175175,38,1,1,1,2,38,15,1,1,allocated
730,1189,normal,0,0,65535_65535,0,3,802902,8,0,1,0,1,0,10,1,1,pre_allocation
730,1189,normal,0,0,65535_65535,0,3,802902,20,1,1,1,2,20,10,1,1,allocated
730,1189,normal,0,0,65535_65535,0,4,966683,17,0,1,0,1,0,15,1,1,pre_allocation
730,1189,normal,0,0,65535_65535,0,4,966683,38,1,1,1,2,38,15,1,1,allocated
730,1189,normal,0,0,65535_65535,0,2,1010949,8,0,1,0,2,0,6,1,1,pre_allocation
730,1189,normal,0,0,65535_65535,0,2,1010949,14,1,1,1,3,14,6,1,1,allocated
730,1189,normal,0,0,65535_65535,0,5,1175175,38,0,1,0,2,0,15,1,1,pre_allocation
730,1189,normal,0,0,65535_65535,0,5,1175175,59,1,1,1,3,59,15,1,1,allocated
730,1189,normal,0,0,65535_65535,0,3,802902,20,0,1,0,2,0,10,1,1,pre_allocation
730,1189,normal,0,0,65535_65535,0,3,802902,31,1,1,1,3,31,10,1,1,allocated
730,1189,normal,0,0,65535_65535,0,4,966683,38,0,1,0,2,0,15,1,1,pre_allocation
730,1189,normal,0,0,65535_65535,0,4,966683,59,1,1,1,3,59,15,1,1,allocated
730,1189,normal,0,0,65535_65535,0,2,1010949,14,0,1,0,3,0,6,1,1,pre_allocation
730,1189,normal,0,0,65535_65535,0,2,1010949,20,1,1,1,4,20,6,1,1,allocated
730,1189,normal,0,0,65535_65535,0,5,1175175,59,0,1,0,3,0,15,1,1,pre_allocation
730,1189,normal,0,0,65535_65535,0,5,1175175,80,1,1,1,4,80,15,1,1,allocated
730,1189,normal,0,0,65535_65535,0,3,802902,31,0,1,0,3,0,10,1,1,pre_allocation
730,1189,normal,0,0,65535_65535,0,3,802902,43,1,1,1,4,43,10,1,1,allocated
730,1189,normal,0,0,65535_65535,0,4,966683,59,0,1,0,3,0,15,1,1,pre_allocation
730,1189,normal,0,0,65535_65535,0,4,966683,80,1,1,1,4,80,15,1,1,allocated
730,1189,normal,0,0,65535_65535,0,2,1010949,20,0,1,0,4,0,6,1,1,pre_allocation
730,1189,normal,0,0,65535_65535,0,2,1010949,25,1,1,1,5,25,6,1,1,allocated
730,1189,normal,0,0,65535_65535,0,5,1175175,80,0,1,0,4,0,15,1,1,pre_allocation
730,1189,normal,0,0,65535_65535,0,5,1175175,100,1,1,1,5,100,15,1,1,allocated
730,1189,normal,0,0,65535_65535,0,3,802902,43,0,1,0,4,0,10,1,1,pre_allocation
730,1189,normal,0,0,65535_65535,0,3,802902,54,1,1,1,5,54,10,1,1,allocated
730,1189,normal,0,0,65535_65535,0,4,966683,80,0,1,0,4,0,15,1,1,pre_allocation
730,1189,normal,0,0,65535_65535,0,4,966683,100,1,1,1,5,100,15,1,1,allocated
730,1189,normal,0,0,65535_65535,0,2,1010949,25,0,1,0,5,0,6,1,1,pre_allocation
730,1189,normal,0,0,65535_65535,0,2,1010949,31,1,1,1,6,31,6,1,1,allocated
730,1189,normal,0,0,65535_65535,0,5,1175175,100,0,1,0,5,0,15,1,1,pre_allocation
730,1189,normal,0,0,65535_65535,0,5,1175175,121,1,1,1,6,121,15,1,1,allocated
730,1189,normal,0,0,65535_65535,0,3,802902,54,0,1,0,5,0,10,1,1,pre_allocation
730,1189,normal,0,0,65535_65535,0,3,802902,66,1,1,1,6,66,10,1,1,allocated
730,1189,normal,0,0,65535_65535,0,4,966683,100,0,1,0,5,0,15,1,1,pre_allocation
730,1189,normal,0,0,65535_65535,0,4,966683,121,1,1,1,6,121,15,1,1,allocated
730,1189,normal,0,0,65535_65535,0,2,1010949,31,0,1,0,6,0,6,1,1,pre_allocation
730,1189,normal,0,0,65535_65535,0,2,1010949,37,1,1,1,7,37,6,1,1,allocated
730,1189,normal,0,0,65535_65535,0,5,1175175,121,0,1,0,6,0,15,1,1,pre_allocation
730,1189,normal,0,0,65535_65535,0,5,1175175,142,1,1,1,7,142,15,1,1,allocated
730,1189,normal,0,0,65535_65535,0,3,802902,66,0,1,0,6,0,10,1,1,pre_allocation
730,1189,normal,0,0,65535_65535,0,3,802902,77,1,1,1,7,77,10,1,1,allocated
730,1189,normal,0,0,65535_65535,0,4,966683,121,0,1,0,6,0,15,1,1,pre_allocation
730,1189,normal,0,0,65535_65535,0,4,966683,142,1,1,1,7,142,15,1,1,allocated
730,1189,normal,0,0,65535_65535,0,2,1010949,37,0,1,0,7,0,6,1,1,pre_allocation
730,1189,normal,0,0,65535_65535,0,2,1010949,43,1,1,1,8,43,6,1,1,allocated
730,1189,normal,0,0,65535_65535,0,5,1175175,142,0,1,0,7,0,15,1,1,pre_allocation
730,1189,normal,0,0,65535_65535,0,5,1175175,163,1,1,1,8,163,15,1,1,allocated
730,1189,normal,0,0,65535_65535,0,3,802902,77,0,1,0,7,0,10,1,1,pre_allocation
730,1189,normal,0,0,65535_65535,0,3,802902,89,1,1,1,8,89,10,1,1,allocated
730,1189,normal,0,0,65535_65535,0,4,966683,142,0,1,0,7,0,15,1,1,pre_allocation
730,1189,normal,0,0,65535_65535,0,4,966683,163,1,1,1,8,163,15,1,1,allocated
730,1189,normal,0,0,65535_65535,0,2,1010949,43,0,1,0,8,0,6,1,1,pre_allocation
730,1189,normal,0,0,65535_65535,0,2,1010949,48,1,1,1,9,48,6,1,1,allocated
730,1189,normal,0,0,65535_65535,0,5,1175175,163,0,1,0,8,0,15,1,1,pre_allocation
730,1189,normal,0,0,65535_65535,0,5,1175175,184,1,1,1,9,184,15,1,1,allocated
730,1189,normal,0,0,65535_65535,0,3,802902,89,0,1,0,8,0,10,1,1,pre_allocation
730,1189,normal,0,0,65535_65535,0,3,802902,100,1,1,1,9,100,10,1,1,allocated
730,1189,normal,0,0,65535_65535,0,4,966683,163,0,1,0,8,0,15,1,1,pre_allocation
730,1189,normal,0,0,65535_65535,0,4,966683,184,1,1,1,9,184,15,1,1,allocated
730,1189,normal,0,0,65535_65535,0,2,1010949,48,0,1,0,9,0,6,1,1,pre_allocation
730,1189,normal,0,0,65535_65535,0,2,1010949,54,1,1,1,10,54,6,1,1,allocated
730,1189,normal,0,0,65535_65535,0,5,1175175,184,0,1,0,9,0,15,1,1,pre_allocation
730,1189,normal,0,0,65535_65535,0,5,1175175,204,1,1,1,10,204,15,1,1,allocated
730,1189,normal,0,0,65535_65535,0,3,802902,100,0,1,0,9,0,10,1,1,pre_allocation
730,1189,normal,0,0,65535_65535,0,3,802902,112,1,1,1,10,112,10,1,1,allocated
730,1189,normal,0,0,65535_65535,0,4,966683,184,0,1,0,9,0,15,1,1,pre_allocation
730,1189,normal,0,0,65535_65535,0,4,966683,204,1,1,1,10,204,15,1,1,allocated
730,1189,normal,0,0,65535_65535,0,2,1010949,54,0,1,0,10,0,6,1,1,pre_allocation
730,1189,normal,0,0,65535_65535,0,2,1010949,60,1,1,1,11,60,6,1,1,allocated
730,1189,normal,0,0,65535_65535,0,5,1175175,204,0,1,0,10,0,15,1,1,pre_allocation
730,1189,normal,0,0,65535_65535,0,5,1175175,225,1,1,1,11,225,15,1,1,allocated
730,1189,normal,0,0,65535_65535,0,3,802902,112,0,1,0,10,0,10,1,1,pre_allocation
730,1189,normal,0,0,65535_65535,0,3,802902,124,1,1,1,11,124,10,1,1,allocated
730,1189,normal,0,0,65535_65535,0,4,966683,204,0,1,0,10,0,15,1,1,pre_allocation
730,1189,normal,0,0,65535_65535,0,4,966683,225,1,1,1,11,225,15,1,1,allocated
730,1189,normal,0,0,65535_65535,0,2,1010949,60,0,1,0,11,0,6,1,1,pre_allocation
730,1189,normal,0,0,65535_65535,0,2,1010949,66,1,1,1,12,66,6,1,1,allocated
730,1189,normal,0,0,65535_65535,0,5,1175175,225,0,1,0,11,0,15,1,1,pre_allocation
730,1189,normal,0,0,65535_65535,0,5,1175175,246,1,1,1,12,246,15,1,1,allocated
730,1189,normal,0,0,65535_65535,0,3,802902,124,0,1,0,11,0,10,1,1,pre_allocation
730,1189,normal,0,0,65535_65535,0,3,802902,135,1,1,1,12,135,10,1,1,allocated
730,1189,normal,0,0,65535_65535,0,4,966683,225,0,1,0,11,0,15,1,1,pre_allocation
730,1189,normal,0,0,65535_65535,0,4,966683,246,1,1,1,12,246,15,1,1,allocated
730,1189,normal,0,0,65535_65535,0,2,1010949,66,0,1,0,12,0,6,1,1,pre_allocation
730,1189,normal,0,0,65535_65535,0,2,1010949,72,1,1,1,13,72,6,1,1,allocated
730,1189,normal,0,0,65535_65535,0,5,1175175,246,0,1,0,12,0,15,1,1,pre_allocation
730,1189,normal,0,0,65535_65535,0,5,1175175,267,1,1,1,13,267,15,1,1,allocated
730,1189,normal,0,0,65535_65535,0,3,802902,135,0,1,0,12,0,10,1,1,pre_allocation
730,1189,normal,0,0,65535_65535,0,3,802902,147,1,1,1,13,147,10,1,1,allocated
730,1189,normal,0,0,65535_65535,0,4,966683,246,0,1,0,12,0,15,1,1,pre_allocation
730,1189,normal,0,0,65535_65535,0,4,966683,267,1,1,1,13,267,15,1,1,allocated
730,1189,normal,0,0,65535_65535,0,2,1010949,72,0,1,0,13,0,6,1,1,pre_allocation
730,1189,normal,0,0,65535_65535,0,2,1010949,77,1,1,1,14,77,6,1,1,allocated
730,1189,normal,0,0,65535_65535,0,5,1175175,267,0,1,0,13,0,15,1,1,pre_allocation
730,1189,normal,0,0,65535_65535,0,5,1175175,288,1,1,1,14,288,15,1,1,allocated
730,1189,normal,0,0,65535_65535,0,3,802902,147,0,1,0,13,0,10,1,1,pre_allocation
730,1189,normal,0,0,65535_65535,0,3,802902,158,1,1,1,14,158,10,1,1,allocated
730,1189,normal,0,0,65535_65535,0,4,966683,267,0,1,0,13,0,15,1,1,pre_allocation
730,1189,normal,0,0,65535_65535,0,4,966683,288,1,1,1,14,288,15,1,1,allocated
730,1189,normal,0,0,65535_65535,0,2,1010949,77,0,1,0,14,0,6,1,1,pre_allocation
730,1189,normal,0,0,65535_65535,0,2,1010949,83,1,1,1,15,83,6,1,1,allocated
730,1189,normal,0,0,65535_65535,0,5,1175175,288,0,1,0,14,0,15,1,1,pre_allocation
730,1189,normal,0,0,65535_65535,0,5,1175175,308,1,1,1,15,308,15,1,1,allocated
730,1189,normal,0,0,65535_65535,0,3,802902,158,0,1,0,14,0,10,1,1,pre_allocation
730,1189,normal,0,0,65535_65535,0,3,802902,170,1,1,1,15,170,10,1,1,allocated
730,1189,normal,0,0,65535_65535,0,4,966683,288,0,1,0,14,0,15,1,1,pre_allocation
730,1189,normal,0,0,65535_65535,0,4,966683,308,1,1,1,15,308,15,1,1,allocated
730,1189,normal,0,0,65535_65535,0,2,1010949,83,0,1,0,15,0,6,1,1,pre_allocation
730,1189,normal,0,0,65535_65535,0,2,1010949,89,1,1,1,16,89,6,1,1,allocated
730,1189,normal,0,0,65535_65535,0,5,1175175,308,0,1,0,15,0,15,1,1,pre_allocation
730,1189,normal,0,0,65535_65535,0,5,1175175,329,1,1,1,16,329,15,1,1,allocated
730,1189,normal,0,0,65535_65535,0,3,802902,170,0,1,0,15,0,10,1,1,pre_allocation
730,1189,normal,0,0,65535_65535,0,3,802902,181,1,1,1,16,181,10,1,1,allocated
730,1189,normal,0,0,65535_65535,0,4,966683,308,0,1,0,15,0,15,1,1,pre_allocation
730,1189,normal,0,0,65535_65535,0,4,966683,329,1,1,1,16,329,15,1,1,allocated
730,1189,normal,0,0,65535_65535,0,2,1010949,89,0,1,0,16,0,6,1,1,pre_allocation
730,1189,normal,0,0,65535_65535,0,2,1010949,95,1,1,1,17,95,6,1,1,allocated
730,1189,normal,0,0,65535_65535,0,5,1175175,329,0,1,0,16,0,15,1,1,pre_allocation
730,1189,normal,0,0,65535_65535,0,5,1175175,350,1,1,1,17,350,15,1,1,allocated
730,1189,normal,0,0,65535_65535,0,3,802902,181,0,1,0,16,0,10,1,1,pre_allocation
730,1189,normal,0,0,65535_65535,0,3,802902,193,1,1,1,17,193,10,1,1,allocated
730,1189,normal,0,0,65535_65535,0,4,966683,329,0,1,0,16,0,15,1,1,pre_allocation
730,1189,normal,0,0,65535_65535,0,4,966683,350,1,1,1,17,350,15,1,1,allocated
730,1189,normal,0,0,65535_65535,0,2,1010949,95,0,1,0,17,0,6,1,1,pre_allocation
730,1189,normal,0,0,65535_65535,0,2,1010949,100,1,1,1,18,100,6,1,1,allocated
730,1189,normal,0,0,65535_65535,0,5,1175175,350,0,1,0,17,0,15,1,1,pre_allocation
730,1189,normal,0,0,65535_65535,0,5,1175175,371,1,1,1,18,371,15,1,1,allocated
730,1189,normal,0,0,65535_65535,0,3,802902,193,0,1,0,17,0,10,1,1,pre_allocation
730,1189,normal,0,0,65535_65535,0,3,802902,204,1,1,1,18,204,10,1,1,allocated
730,1189,normal,0,0,65535_65535,0,4,966683,350,0,1,0,17,0,15,1,1,pre_allocation
730,1189,normal,0,0,65535_65535,0,4,966683,371,1,1,1,18,371,15,1,1,allocated
730,1189,normal,0,0,65535_65535,0,2,1010949,100,0,1,0,18,0,6,1,1,pre_allocation
730,1189,normal,0,0,65535_65535,0,2,1010949,106,1,1,1,19,106,6,1,1,allocated
730,1189,normal,0,0,65535_65535,0,5,1175175,371,0,1,0,18,0,15,1,1,pre_allocation
730,1189,normal,0,0,65535_65535,0,5,1175175,392,1,1,1,19,392,15,1,1,allocated
730,1189,normal,0,0,65535_65535,0,3,802902,204,0,1,0,18,0,10,1,1,pre_allocation
730,1189,normal,0,0,65535_65535,0,3,802902,216,1,1,1,19,216,10,1,1,allocated
730,1189,normal,0,0,65535_65535,0,4,966683,371,0,1,0,18,0,15,1,1,pre_allocation
730,1189,normal,0,0,65535_65535,0,4,966683,392,1,1,1,19,392,15,1,1,allocated
730,1189,normal,0,0,65535_65535,0,2,1010949,106,0,1,0,19,0,6,1,1,pre_allocation
730,1189,normal,0,0,65535_65535,0,2,1010949,112,1,1,1,20,112,6,1,1,allocated
730,1189,normal,0,0,65535_65535,0,5,1175175,392,0,1,0,19,0,15,1,1,pre_allocation
730,1189,normal,0,0,65535_65535,0,5,1175175,412,1,1,1,20,412,15,1,1,allocated
730,1189,normal,0,0,65535_65535,0,3,802902,216,0,1,0,19,0,10,1,1,pre_allocation
730,1189,normal,0,0,65535_65535,0,3,802902,228,1,1,1,20,228,10,1,1,allocated
730,1189,normal,0,0,65535_65535,0,4,966683,392,0,1,0,19,0,15,1,1,pre_allocation
730,1189,normal,0,0,65535_65535,0,4,966683,412,1,1,1,20,412,15,1,1,allocated
730,1189,normal,0,0,65535_65535,0,2,1010949,112,0,1,0,20,0,6,1,1,pre_allocation
730,1189,normal,0,0,65535_65535,0,2,1010949,118,1,1,1,21,118,6,1,1,allocated
730,1189,normal,0,0,65535_65535,0,5,1175175,412,0,1,0,20,0,15,1,1,pre_allocation
730,1189,normal,0,0,65535_65535,0,5,1175175,433,1,1,1,21,433,15,1,1,allocated
730,1189,normal,0,0,65535_65535,0,3,802902,228,0,1,0,20,0,10,1,1,pre_allocation
730,1189,normal,0,0,65535_65535,0,3,802902,239,1,1,1,21,239,10,1,1,allocated
730,1189,normal,0,0,65535_65535,0,4,966683,412,0,1,0,20,0,15,1,1,pre_allocation
730,1189,normal,0,0,65535_65535,0,4,966683,433,1,1,1,21,433,15,1,1,allocated
730,1189,normal,0,0,65535_65535,0,2,1010949,118,0,1,0,21,0,6,1,1,pre_allocation
730,1189,normal,0,0,65535_65535,0,2,1010949,124,1,1,1,22,124,6,1,1,allocated
730,1189,normal,0,0,65535_65535,0,5,1175175,433,0,1,0,21,0,15,1,1,pre_allocation
730,1189,normal,0,0,65535_65535,0,5,1175175,454,1,1,1,22,454,15,1,1,allocated
730,1189,normal,0,0,65535_65535,0,3,802902,239,0,1,0,21,0,10,1,1,pre_allocation
730,1189,normal,0,0,65535_65535,0,3,802902,251,1,1,1,22,251,10,1,1,allocated
730,1189,normal,0,0,65535_65535,0,4,966683,433,0,1,0,21,0,15,1,1,pre_allocation
730,1189,normal,0,0,65535_65535,0,4,966683,454,1,1,1,22,454,15,1,1,allocated
730,1189,normal,0,0,65535_65535,0,2,1010949,124,0,1,0,22,0,6,1,1,pre_allocation
730,1189,normal,0,0,65535_65535,0,2,1010949,129,1,1,1,23,129,6,1,1,allocated
730,1189,normal,0,0,65535_65535,0,5,1175175,454,0,1,0,22,0,15,1,1,pre_allocation
730,1189,normal,0,0,65535_65535,0,5,1175175,475,1,1,1,23,475,15,1,1,allocated
730,1189,normal,0,0,65535_65535,0,3,802902,251,0,1,0,22,0,10,1,1,pre_allocation
730,1189,normal,0,0,65535_65535,0,3,802902,262,1,1,1,23,262,10,1,1,allocated
730,1189,normal,0,0,65535_65535,0,4,966683,454,0,1,0,22,0,15,1,1,pre_allocation
730,1189,normal,0,0,65535_65535,0,4,966683,475,1,1,1,23,475,15,1,1,allocated
730,1189,normal,0,0,65535_65535,0,2,1010949,129,0,1,0,23,0,6,1,1,pre_allocation
730,1189,normal,0,0,65535_65535,0,2,1010949,135,1,1,1,24,135,6,1,1,allocated
730,1189,normal,0,0,65535_65535,0,5,1175175,475,0,1,0,23,0,15,1,1,pre_allocation
730,1189,normal,0,0,65535_65535,0,5,1175175,495,1,1,1,24,495,15,1,1,allocated
730,1189,normal,0,0,65535_65535,0,3,802902,262,0,1,0,23,0,10,1,1,pre_allocation
730,1189,normal,0,0,65535_65535,0,3,802902,274,1,1,1,24,274,10,1,1,allocated
730,1189,normal,0,0,65535_65535,0,4,966683,475,0,1,0,23,0,15,1,1,pre_allocation
730,1189,normal,0,0,65535_65535,0,4,966683,495,1,1,1,24,495,15,1,1,allocated
730,1189,normal,0,0,65535_65535,0,2,1010949,135,0,1,0,24,0,6,1,1,pre_allocation
730,1189,normal,0,0,65535_65535,0,2,1010949,141,1,1,1,25,141,6,1,1,allocated
730,1189,normal,0,0,65535_65535,0,5,1175175,495,0,1,0,24,0,15,1,1,pre_allocation
730,1189,normal,0,0,65535_65535,0,5,1175175,516,1,1,1,25,516,15,1,1,allocated
730,1189,normal,0,0,65535_65535,0,3,802902,274,0,1,0,24,0,10,1,1,pre_allocation
730,1189,normal,0,0,65535_65535,0,3,802902,285,1,1,1,25,285,10,1,1,allocated
730,1189,normal,0,0,65535_65535,0,4,966683,495,0,1,0,24,0,15,1,1,pre_allocation
730,1189,normal,0,0,65535_65535,0,4,966683,516,1,1,1,25,516,15,1,1,allocated
730,1189,normal,0,0,65535_65535,0,2,1010949,141,0,1,0,25,0,6,1,1,pre_allocation
730,1189,normal,0,0,65535_65535,0,2,1010949,147,1,1,1,26,147,6,1,1,allocated
730,1189,normal,0,0,65535_65535,0,5,1175175,516,0,1,0,25,0,15,1,1,pre_allocation
730,1189,normal,0,0,65535_65535,0,5,1175175,537,1,1,1,26,537,15,1,1,allocated
730,1189,normal,0,0,65535_65535,0,3,802902,285,0,1,0,25,0,10,1,1,pre_allocation
730,1189,normal,0,0,65535_65535,0,3,802902,297,1,1,1,26,297,10,1,1,allocated
730,1189,normal,0,0,65535_65535,0,4,966683,516,0,1,0,25,0,15,1,1,pre_allocation
730,1189,normal,0,0,65535_65535,0,4,966683,537,1,1,1,26,537,15,1,1,allocated
730,1189,normal,0,0,65535_65535,0,2,1010949,147,0,1,0,26,0,6,1,1,pre_allocation
730,1189,normal,0,0,65535_65535,0,2,1010949,152,1,1,1,27,152,6,1,1,allocated
730,1189,normal,0,0,65535_65535,1,6,87,0,0,1,0,0,0,28,1,1,pre_allocation
730,1189,normal,0,0,65535_65535,1,6,87,50,1,1,1,1,50,28,1,1,allocated
730,1189,normal,0,0,65535_65535,1,8,87,0,0,1,0,0,0,28,1,1,pre_allocation
730,1189,normal,0,0,65535_65535,1,8,87,50,1,1,1,1,50,28,1,1,allocated
730,1189,normal,0,0,65535_65535,1,9,251,0,0,1,0,0,0,28,1,1,pre_allocation
730,1189,normal,0,0,65535_65535,1,9,251,50,1,1,1,1,50,28,1,1,allocated
730,1189,normal,0,0,65535_65535,1,6,87,50,0,1,0,1,0,28,1,1,pre_allocation
730,1189,normal,0,0,65535_65535,1,6,87,103,1,1,1,2,103,28,1,1,allocated
730,1189,normal,0,0,65535_65535,1,8,87,50,0,1,0,1,0,28,1,1,pre_allocation
730,1189,normal,0,0,65535_65535,1,8,87,103,1,1,1,2,103,28,1,1,allocated
730,1189,normal,0,0,65535_65535,1,9,251,50,0,1,0,1,0,28,1,1,pre_allocation
730,1189,normal,0,0,65535_65535,1,9,251,103,1,1,1,2,103,28,1,1,allocated
730,1189,normal,0,0,65535_65535,1,6,87,103,0,1,0,2,0,28,1,1,pre_allocation
730,1189,normal,0,0,65535_65535,1,6,87,156,1,1,1,3,156,28,1,1,allocated
730,1189,normal,0,0,65535_65535,1,8,87,103,0,1,0,2,0,28,1,1,pre_allocation
730,1189,normal,0,0,65535_65535,1,8,87,156,1,1,1,3,156,28,1,1,allocated
730,1189,normal,0,0,65535_65535,1,9,251,103,0,1,0,2,0,28,1,1,pre_allocation
730,1189,normal,0,0,65535_65535,1,9,251,156,1,1,1,3,156,28,1,1,allocated
730,1189,normal,0,0,65535_65535,1,6,87,156,0,1,0,3,0,28,1,1,pre_allocation
730,1189,normal,0,0,65535_65535,1,6,87,209,1,1,1,4,209,28,1,1,allocated
730,1189,normal,0,0,65535_65535,1,8,87,156,0,1,0,3,0,28,1,1,pre_allocation
730,1189,normal,0,0,65535_65535,1,8,87,209,1,1,1,4,209,28,1,1,allocated
730,1189,normal,0,0,65535_65535,1,9,251,156,0,1,0,3,0,28,1,1,pre_allocation
730,1189,normal,0,0,65535_65535,1,9,251,209,1,1,1,4,209,28,1,1,allocated
730,1189,normal,0,0,65535_65535,1,6,87,209,0,1,0,4,0,28,1,1,pre_allocation
730,1189,normal,0,0,65535_65535,1,6,87,262,1,1,1,5,262,28,1,1,allocated
730,1189,normal,0,0,65535_65535,1,8,87,209,0,1,0,4,0,28,1,1,pre_allocation
730,1189,normal,0,0,65535_65535,1,8,87,262,1,1,1,5,262,28,1,1,allocated
730,1189,normal,0,0,65535_65535,1,9,251,209,0,1,0,4,0,28,1,1,pre_allocation
730,1189,normal,0,0,65535_65535,1,9,251,262,1,1,1,5,262,28,1,1,allocated
730,1189,normal,0,0,65535_65535,1,6,87,262,0,1,0,5,0,28,1,1,pre_allocation
730,1189,normal,0,0,65535_65535,1,6,87,315,1,1,1,6,315,28,1,1,allocated
730,1189,normal,0,0,65535_65535,1,8,87,262,0,1,0,5,0,28,1,1,pre_allocation
730,1189,normal,0,0,65535_65535,1,8,87,315,1,1,1,6,315,28,1,1,allocated
730,1189,normal,0,0,65535_65535,1,9,251,262,0,1,0,5,0,28,1,1,pre_allocation
730,1189,normal,0,0,65535_65535,1,9,251,315,1,1,1,6,315,28,1,1,allocated
730,1189,normal,0,0,65535_65535,1,6,87,315,0,1,0,6,0,28,1,1,pre_allocation
730,1189,normal,0,0,65535_65535,1,6,87,368,1,1,1,7,368,28,1,1,allocated
730,1189,normal,0,0,65535_65535,1,8,87,315,0,1,0,6,0,28,1,1,pre_allocation
730,1189,normal,0,0,65535_65535,1,8,87,368,1,1,1,7,368,28,1,1,allocated
730,1189,normal,0,0,65535_65535,1,9,251,315,0,1,0,6,0,28,1,1,pre_allocation
730,1189,normal,0,0,65535_65535,1,9,251,368,1,1,1,7,368,28,1,1,allocated
730,1189,normal,0,0,65535_65535,1,6,87,368,0,1,0,7,0,28,1,1,pre_allocation
730,1189,normal,0,0,65535_65535,1,6,87,422,1,1,1,8,422,28,1,1,allocated
730,1189,normal,0,0,65535_65535,1,8,87,368,0,1,0,7,0,28,1,1,pre_allocation
730,1189,normal,0,0,65535_65535,1,8,87,422,1,1,1,8,422,28,1,1,allocated
730,1189,normal,0,0,65535_65535,1,9,251,368,0,1,0,7,0,28,1,1,pre_allocation
730,1189,normal,0,0,65535_65535,1,9,251,422,1,1,1,8,422,28,1,1,allocated
730,1189,normal,0,0,65535_65535,1,6,87,422,0,1,0,8,0,28,1,1,pre_allocation
730,1189,normal,0,0,65535_65535,1,6,87,475,1,1,1,9,475,28,1,1,allocated
730,1189,normal,0,0,65535_65535,1,8,87,422,0,1,0,8,0,28,1,1,pre_allocation
730,1189,normal,0,0,65535_65535,1,8,87,475,1,1,1,9,475,28,1,1,allocated
730,1189,normal,0,0,65535_65535,1,9,251,422,0,1,0,8,0,28,1,1,pre_allocation
730,1189,normal,0,0,65535_65535,1,9,251,475,1,1,1,9,475,28,1,1,allocated
730,1189,normal,0,0,65535_65535,1,6,87,475,0,1,0,9,0,28,1,1,pre_allocation
730,1189,normal,0,0,65535_65535,1,6,87,528,1,1,1,10,528,28,1,1,allocated
730,1189,normal,0,0,65535_65535,1,8,87,475,0,1,0,9,0,28,1,1,pre_allocation
730,1189,normal,0,0,65535_65535,1,8,87,528,1,1,1,10,528,28,1,1,allocated
730,1189,normal,0,0,65535_65535,1,9,251,475,0,1,0,9,0,28,1,1,pre_allocation
730,1189,normal,0,0,65535_65535,1,9,251,528,1,1,1,10,528,28,1,1,allocated
730,1189,normal,0,0,65535_65535,1,6,87,528,0,1,0,10,0,28,1,1,pre_allocation
730,1189,normal,0,0,65535_65535,1,6,87,581,1,1,1,11,581,28,1,1,allocated
730,1189,normal,0,0,65535_65535,1,8,87,528,0,1,0,10,0,28,1,1,pre_allocation
730,1189,normal,0,0,65535_65535,1,8,87,581,1,1,1,11,581,28,1,1,allocated
730,1189,normal,0,0,65535_65535,1,9,251,528,0,1,0,10,0,28,1,1,pre_allocation
730,1189,normal,0,0,65535_65535,1,9,251,581,1,1,1,11,581,28,1,1,allocated
730,1189,normal,0,0,65535_65535,1,6,87,581,0,1,0,11,0,28,1,1,pre_allocation
730,1189,normal,0,0,65535_65535,1,6,87,634,1,1,1,12,634,28,1,1,allocated
730,1189,normal,0,0,65535_65535,1,8,87,581,0,1,0,11,0,28,1,1,pre_allocation
730,1189,normal,0,0,65535_65535,1,8,87,634,1,1,1,12,634,28,1,1,allocated
730,1189,normal,0,0,65535_65535,1,9,251,581,0,1,0,11,0,28,1,1,pre_allocation
730,1189,normal,0,0,65535_65535,1,9,251,634,1,1,1,12,634,28,1,1,allocated
730,1189,normal,0,0,65535_65535,1,6,87,634,0,1,0,12,0,28,1,1,pre_allocation
730,1189,normal,0,0,65535_65535,1,6,87,687,1,1,1,13,687,28,1,1,allocated
730,1189,normal,0,0,65535_65535,1,8,87,634,0,1,0,12,0,28,1,1,pre_allocation
730,1189,normal,0,0,65535_65535,1,8,87,687,1,1,1,13,687,28,1,1,allocated
730,1189,normal,0,0,65535_65535,1,9,251,634,0,1,0,12,0,28,1,1,pre_allocation
730,1189,normal,0,0,65535_65535,1,9,251,687,1,1,1,13,687,28,1,1,allocated
730,1189,normal,0,0,65535_65535,1,6,87,687,0,1,0,13,0,28,1,1,pre_allocation
730,1189,normal,0,0,65535_65535,1,6,87,740,1,1,1,14,740,28,1,1,allocated
730,1189,normal,0,0,65535_65535,1,8,87,687,0,1,0,13,0,28,1,1,pre_allocation
730,1189,normal,0,0,65535_65535,1,8,87,740,1,1,1,14,740,28,1,1,allocated
730,1189,normal,0,0,65535_65535,1,9,251,687,0,1,0,13,0,28,1,1,pre_allocation
730,1189,normal,0,0,65535_65535,1,9,251,740,1,1,1,14,740,28,1,1,allocated
730,1189,normal,0,0,65535_65535,1,6,87,740,0,1,0,14,0,28,1,1,pre_allocation
730,1189,normal,0,0,65535_65535,1,6,87,793,1,1,1,15,793,28,1,1,allocated
730,1189,normal,0,0,65535_65535,1,8,87,740,0,1,0,14,0,28,1,1,pre_allocation
730,1189,normal,0,0,65535_65535,1,8,87,793,1,1,1,15,793,28,1,1,allocated
730,1189,normal,0,0,65535_65535,1,9,251,740,0,1,0,14,0,28,1,1,pre_allocation
730,1189,normal,0,0,65535_65535,1,9,251,793,1,1,1,15,793,28,1,1,allocated
730,1189,normal,0,0,65535_65535,1,6,87,793,0,1,0,15,0,28,1,1,pre_allocation
730,1189,normal,0,0,65535_65535,1,6,87,847,1,1,1,16,847,28,1,1,allocated
730,1189,normal,0,0,65535_65535,1,8,87,793,0,1,0,15,0,28,1,1,pre_allocation
730,1189,normal,0,0,65535_65535,1,8,87,847,1,1,1,16,847,28,1,1,allocated
730,1189,normal,0,0,65535_65535,1,9,251,793,0,1,0,15,0,28,1,1,pre_allocation
730,1189,normal,0,0,65535_65535,1,9,251,847,1,1,1,16,847,28,1,1,allocated
730,1189,normal,0,0,65535_65535,1,6,87,847,0,1,0,16,0,28,1,1,pre_allocation
730,1189,normal,0,0,65535_65535,1,6,87,900,1,1,1,17,900,28,1,1,allocated
730,1189,normal,0,0,65535_65535,1,8,87,847,0,1,0,16,0,28,1,1,pre_allocation
730,1189,normal,0,0,65535_65535,1,8,87,900,1,1,1,17,900,28,1,1,allocated
730,1189,normal,0,0,65535_65535,1,9,251,847,0,1,0,16,0,28,1,1,pre_allocation
730,1189,normal,0,0,65535_65535,1,9,251,900,1,1,1,17,900,28,1,1,allocated
730,1189,normal,0,0,65535_65535,1,6,87,900,0,1,0,17,0,28,1,1,pre_allocation
730,1189,normal,0,0,65535_65535,1,6,87,953,1,1,1,18,953,28,1,1,allocated
730,1189,normal,0,0,65535_65535,1,8,87,900,0,1,0,17,0,28,1,1,pre_allocation
730,1189,normal,0,0,65535_65535,1,8,87,953,1,1,1,18,953,28,1,1,allocated
730,1189,normal,0,0,65535_65535,1,9,251,900,0,1,0,17,0,28,1,1,pre_allocation
730,1189,normal,0,0,65535_65535,1,9,251,953,1,1,1,18,953,28,1,1,allocated
730,1189,normal,0,0,65535_65535,1,6,87,953,0,1,0,18,0,28,1,1,pre_allocation
730,1189,normal,0,0,65535_65535,1,6,87,1006,1,1,1,19,1006,28,1,1,allocated
730,1189,normal,0,0,65535_65535,1,8,87,953,0,1,0,18,0,28,1,1,pre_allocation
730,1189,normal,0,0,65535_65535,1,8,87,1006,1,1,1,19,1006,28,1,1,allocated
730,1189,normal,0,0,65535_65535,1,9,251,953,0,1,0,18,0,28,1,1,pre_allocation
730,1189,normal,0,0,65535_65535,1,9,251,1006,1,1,1,19,1006,28,1,1,allocated
730,1189,normal,0,0,65535_65535,1,6,87,1006,0,1,0,19,0,28,1,1,pre_allocation
730,1189,normal,0,0,65535_65535,1,6,87,1059,1,1,1,20,1059,28,1,1,allocated
730,1189,normal,0,0,65535_65535,1,8,87,1006,0,1,0,19,0,28,1,1,pre_allocation
730,1189,normal,0,0,65535_65535,1,8,87,1059,1,1,1,20,1059,28,1,1,allocated
730,1189,normal,0,0,65535_65535,1,9,251,1006,0,1,0,19,0,28,1,1,pre_allocation
730,1189,normal,0,0,65535_65535,1,9,251,1059,1,1,1,20,1059,28,1,1,allocated
730,1189,normal,0,0,65535_65535,1,6,87,1059,0,1,0,20,0,28,1,1,pre_allocation
730,1189,normal,0,0,65535_65535,1,6,87,1112,1,1,1,21,1112,28,1,1,allocated
730,1189,normal,0,0,65535_65535,1,8,87,1059,0,1,0,20,0,28,1,1,pre_allocation
730,1189,normal,0,0,65535_65535,1,8,87,1112,1,1,1,21,1112,28,1,1,allocated
730,1189,normal,0,0,65535_65535,1,9,251,1059,0,1,0,20,0,28,1,1,pre_allocation
730,1189,normal,0,0,65535_65535,1,9,251,1112,1,1,1,21,1112,28,1,1,allocated
730,1189,normal,0,0,65535_65535,1,6,87,1112,0,1,0,21,0,28,1,1,pre_allocation
730,1189,normal,0,0,65535_65535,1,6,87,1165,1,1,1,22,1165,28,1,1,allocated
730,1189,normal,0,0,65535_65535,1,8,87,1112,0,1,0,21,0,28,1,1,pre_allocation
730,1189,normal,0,0,65535_65535,1,8,87,1165,1,1,1,22,1165,28,1,1,allocated
730,1189,normal,0,0,65535_65535,1,9,251,1112,0,1,0,21,0,28,1,1,pre_allocation
730,1189,normal,0,0,65535_65535,1,9,251,1165,1,1,1,22,1165,28,1,1,allocated
730,1189,normal,0,0,65535_65535,1,6,87,1165,0,1,0,22,0,28,1,1,pre_allocation
730,1189,normal,0,0,65535_65535,1,6,87,1218,1,1,1,23,1218,28,1,1,allocated
730,1189,normal,0,0,65535_65535,1,8,87,1165,0,1,0,22,0,28,1,1,pre_allocation
730,1189,normal,0,0,65535_65535,1,8,87,1218,1,1,1,23,1218,28,1,1,allocated
730,1189,normal,0,0,65535_65535,1,9,251,1165,0,1,0,22,0,28,1,1,pre_allocation
730,1189,normal,0,0,65535_65535,1,9,251,1218,1,1,1,23,1218,28,1,1,allocated
730,1189,normal,0,0,65535_65535,1,6,87,1218,0,1,0,23,0,28,1,1,pre_allocation
730,1189,normal,0,0,65535_65535,1,6,87,1272,1,1,1,24,1272,28,1,1,allocated
730,1189,normal,0,0,65535_65535,1,8,87,1218,0,1,0,23,0,28,1,1,pre_allocation
730,1189,normal,0,0,65535_65535,1,8,87,1272,1,1,1,24,1272,28,1,1,allocated
730,1189,normal,0,0,65535_65535,1,9,251,1218,0,1,0,23,0,28,1,1,pre_allocation
730,1189,normal,0,0,65535_65535,1,9,251,1272,1,1,1,24,1272,28,1,1,allocated
730,1189,normal,0,0,65535_65535,1,6,87,1272,0,1,0,24,0,28,1,1,pre_allocation
730,1189,normal,0,0,65535_65535,1,6,87,1325,1,1,1,25,1325,28,1,1,allocated
730,1189,normal,0,0,65535_65535,1,8,87,1272,0,1,0,24,0,28,1,1,pre_allocation
730,1189,normal,0,0,65535_65535,1,8,87,1325,1,1,1,25,1325,28,1,1,allocated
730,1189,normal,0,0,65535_65535,1,9,251,1272,0,1,0,24,0,28,1,1,pre_allocation
730,1189,normal,0,0,65535_65535,1,9,251,1325,1,1,1,25,1325,28,1,1,allocated
730,1189,normal,0,0,65535_65535,1,6,87,1325,0,1,0,25,0,28,1,1,pre_allocation
730,1189,normal,0,0,65535_65535,1,6,87,1378,1,1,1,26,1378,28,1,1,allocated
730,1189,normal,0,0,65535_65535,1,8,87,1325,0,1,0,25,0,28,1,1,pre_allocation
730,1189,normal,0,0,65535_65535,1,8,87,1378,1,1,1,26,1378,28,1,1,allocated
730,1189,normal,0,0,65535_65535,1,9,251,1325,0,1,0,25,0,28,1,1,pre_allocation
730,1189,normal,0,0,65535_65535,1,9,251,1378,1,1,1,26,1378,28,1,1,allocated
730,1189,normal,0,0,65535_65535,1,6,87,1378,0,1,0,26,0,28,1,1,pre_allocation
730,1189,normal,0,0,65535_65535,1,6,87,1431,1,1,1,27,1431,28,1,1,allocated
730,1189,normal,0,0,65535_65535,1,8,87,1378,0,1,0,26,0,28,1,1,pre_allocation
730,1189,normal,0,0,65535_65535,1,8,87,1431,1,1,1,27,1431,28,1,1,allocated
730,1189,normal,0,0,65535_65535,1,9,251,1378,0,1,0,26,0,28,1,1,pre_allocation
730,1189,normal,0,0,65535_65535,1,9,251,1431,1,1,1,27,1431,28,1,1,allocated
730,1189,normal,0,0,65535_65535,1,6,87,1431,0,1,0,27,0,28,1,1,pre_allocation
730,1189,normal,0,0,65535_65535,1,6,87,1484,1,1,1,28,1484,28,1,1,allocated
730,1189,normal,0,0,65535_65535,1,8,87,1431,0,1,0,27,0,28,1,1,pre_allocation
730,1189,normal,0,0,65535_65535,1,8,87,1484,1,1,1,28,1484,28,1,1,allocated
730,1189,normal,0,0,65535_65535,1,9,251,1431,0,1,0,27,0,28,1,1,pre_allocation
730,1189,normal,0,0,65535_65535,1,9,251,1484,1,1,1,28,1484,28,1,1,allocated
730,1189,normal,0,0,65535_65535,1,6,87,1484,0,1,0,28,0,28,1,1,pre_allocation
730,1189,normal,0,0,65535_65535,1,6,87,1534,1,1,1,29,1534,28,1,1,allocated
730,1189,normal,0,0,65535_65535,1,8,87,1484,0,1,0,28,0,28,1,1,pre_allocation
730,1189,normal,0,0,65535_65535,1,8,87,1534,1,1,1,29,1534,28,1,1,allocated
730,1189,normal,0,0,65535_65535,1,9,251,1484,0,1,0,28,0,28,1,1,pre_allocation
730,1189,normal,0,0,65535_65535,1,9,251,1534,1,1,1,29,1534,28,1,1,allocated
730,1189,normal,0,0,65535_65535,1,6,87,1534,0,1,0,29,0,28,1,1,pre_allocation
730,1189,normal,0,0,65535_65535,1,6,87,1587,1,1,1,30,1587,28,1,1,allocated
730,1189,normal,0,0,65535_65535,1,8,87,1534,0,1,0,29,0,28,1,1,pre_allocation
730,1189,normal,0,0,65535_65535,1,8,87,1587,1,1,1,30,1587,28,1,1,allocated
730,1189,normal,0,0,65535_65535,1,9,251,1534,0,1,0,29,0,28,1,1,pre_allocation
730,1189,normal,0,0,65535_65535,1,9,251,1587,1,1,1,30,1587,28,1,1,allocated
730,1189,normal,0,0,65535_65535,1,6,87,1587,0,1,0,30,0,28,1,1,pre_allocation
730,1189,normal,0,0,65535_65535,1,6,87,1641,1,1,1,31,1641,28,1,1,allocated
730,1189,normal,0,0,65535_65535,1,8,87,1587,0,1,0,30,0,28,1,1,pre_allocation
730,1189,normal,0,0,65535_65535,1,8,87,1641,1,1,1,31,1641,28,1,1,allocated
730,1189,normal,0,0,65535_65535,1,9,251,1587,0,1,0,30,0,28,1,1,pre_allocation
730,1189,normal,0,0,65535_65535,1,9,251,1641,1,1,1,31,1641,28,1,1,allocated
730,1189,normal,0,0,65535_65535,1,6,87,1641,0,1,0,31,0,28,1,1,pre_allocation
730,1189,normal,0,0,65535_65535,1,6,87,1694,1,1,1,32,1694,28,1,1,allocated
730,1189,normal,0,0,65535_65535,1,8,87,1641,0,1,0,31,0,28,1,1,pre_allocation
730,1189,normal,0,0,65535_65535,1,8,87,1694,1,1,1,32,1694,28,1,1,allocated
730,1189,normal,0,0,65535_65535,1,9,251,1641,0,1,0,31,0,28,1,1,pre_allocation
730,1189,normal,0,0,65535_65535,1,9,251,1694,1,1,1,32,1694,28,1,1,allocated
730,1189,normal,0,0,65535_65535,1,6,87,1694,0,1,0,32,0,28,1,1,pre_allocation
730,1189,normal,0,0,65535_65535,1,6,87,1747,1,1,1,33,1747,28,1,1,allocated
730,1189,normal,0,0,65535_65535,1,8,87,1694,0,1,0,32,0,28,1,1,pre_allocation
730,1189,normal,0,0,65535_65535,1,8,87,1747,1,1,1,33,1747,28,1,1,allocated
730,1189,normal,0,0,65535_65535,1,9,251,1694,0,1,0,32,0,28,1,1,pre_allocation
730,1189,normal,0,0,65535_65535,1,9,251,1747,1,1,1,33,1747,28,1,1,allocated
730,1189,normal,0,0,65535_65535,1,6,87,1747,0,1,0,33,0,28,1,1,pre_allocation
730,1189,normal,0,0,65535_65535,1,6,87,1800,1,1,1,34,1800,28,1,1,allocated
730,1189,normal,0,0,65535_65535,2,26,171,0,0,1,0,0,0,15,1,1,pre_allocation
730,1189,normal,0,0,65535_65535,2,26,171,17,1,1,1,1,17,15,1,1,allocated
730,1189,normal,0,0,65535_65535,2,26,171,17,0,1,0,1,0,15,1,1,pre_allocation
730,1189,normal,0,0,65535_65535,2,26,171,38,1,1,1,2,38,15,1,1,allocated
730,1189,normal,0,0,65535_65535,2,26,171,38,0,1,0,2,0,15,1,1,pre_allocation
730,1189,normal,0,0,65535_65535,2,26,171,59,1,1,1,3,59,15,1,1,allocated
730,1189,normal,0,0,65535_65535,2,26,171,59,0,1,0,3,0,15,1,1,pre_allocation
730,1189,normal,0,0,65535_65535,2,26,171,80,1,1,1,4,80,15,1,1,allocated
730,1189,normal,0,0,65535_65535,2,26,171,80,0,1,0,4,0,15,1,1,pre_allocation
730,1189,normal,0,0,65535_65535,2,26,171,100,1,1,1,5,100,15,1,1,allocated
730,1189,normal,0,0,65535_65535,2,26,171,100,0,1,0,5,0,15,1,1,pre_allocation
730,1189,normal,0,0,65535_65535,2,26,171,121,1,1,1,6,121,15,1,1,allocated
730,1189,normal,0,0,65535_65535,2,26,171,121,0,1,0,6,0,15,1,1,pre_allocation
730,1189,normal,0,0,65535_65535,2,26,171,142,1,1,1,7,142,15,1,1,allocated
730,1189,normal,0,0,65535_65535,2,26,171,142,0,1,0,7,0,15,1,1,pre_allocation
730,1189,normal,0,0,65535_65535,2,26,171,163,1,1,1,8,163,15,1,1,allocated
730,1189,normal,0,0,65535_65535,2,26,171,163,0,1,0,8,0,15,1,1,pre_allocation
730,1189,normal,0,0,65535_65535,2,26,171,184,1,1,1,9,184,15,1,1,allocated
730,1189,normal,0,0,65535_65535,2,26,171,184,0,1,0,9,0,15,1,1,pre_allocation
730,1189,normal,0,0,65535_65535,2,26,171,204,1,1,1,10,204,15,1,1,allocated
730,1189,normal,0,0,65535_65535,2,26,171,204,0,1,0,10,0,15,1,1,pre_allocation
730,1189,normal,0,0,65535_65535,2,26,171,225,1,1,1,11,225,15,1,1,allocated
730,1189,normal,0,0,65535_65535,2,26,171,225,0,1,0,11,0,15,1,1,pre_allocation
730,1189,normal,0,0,65535_65535,2,26,171,246,1,1,1,12,246,15,1,1,allocated
730,1189,normal,0,0,65535_65535,2,26,171,246,0,1,0,12,0,15,1,1,pre_allocation
730,1189,normal,0,0,65535_65535,2,26,171,267,1,1,1,13,267,15,1,1,allocated
730,1189,normal,0,0,65535_65535,2,26,171,267,0,1,0,13,0,15,1,1,pre_allocation
730,1189,normal,0,0,65535_65535,2,26,171,288,1,1,1,14,288,15,1,1,allocated
730,1189,normal,0,0,65535_65535,2,26,171,288,0,1,0,14,0,15,1,1,pre_allocation
730,1189,normal,0,0,65535_65535,2,26,171,308,1,1,1,15,308,15,1,1,allocated
730,1189,normal,0,0,65535_65535,2,26,171,308,0,1,0,15,0,15,1,1,pre_allocation
730,1189,normal,0,0,65535_65535,2,26,171,329,1,1,1,16,329,15,1,1,allocated
730,1189,normal,0,0,65535_65535,2,26,171,329,0,1,0,16,0,15,1,1,pre_allocation
730,1189,normal,0,0,65535_65535,2,26,171,350,1,1,1,17,350,15,1,1,allocated
730,1189,normal,0,0,65535_65535,2,26,171,350,0,1,0,17,0,15,1,1,pre_allocation
730,1189,normal,0,0,65535_65535,2,26,171,371,1,1,1,18,371,15,1,1,allocated
730,1189,normal,0,0,65535_65535,2,26,171,371,0,1,0,18,0,15,1,1,pre_allocation
730,1189,normal,0,0,65535_65535,2,26,171,392,1,1,1,19,392,15,1,1,allocated
730,1189,normal,0,0,65535_65535,2,26,171,392,0,1,0,19,0,15,1,1,pre_allocation
730,1189,normal,0,0,65535_65535,2,26,171,412,1,1,1,20,412,15,1,1,allocated
730,1189,normal,0,0,65535_65535,2,26,171,412,0,1,0,20,0,15,1,1,pre_allocation
730,1189,normal,0,0,65535_65535,2,26,171,433,1,1,1,21,433,15,1,1,allocated
730,1189,normal,0,0,65535_65535,2,26,171,433,0,1,0,21,0,15,1,1,pre_allocation
730,1189,normal,0,0,65535_65535,2,26,171,454,1,1,1,22,454,15,1,1,allocated
730,1189,normal,0,0,65535_65535,2,26,171,454,0,1,0,22,0,15,1,1,pre_allocation
730,1189,normal,0,0,65535_65535,2,26,171,475,1,1,1,23,475,15,1,1,allocated
730,1189,normal,0,0,65535_65535,2,26,171,475,0,1,0,23,0,15,1,1,pre_allocation
730,1189,normal,0,0,65535_65535,2,26,171,495,1,1,1,24,495,15,1,1,allocated
730,1189,normal,0,0,65535_65535,2,26,171,495,0,1,0,24,0,15,1,1,pre_allocation
730,1189,normal,0,0,65535_65535,2,26,171,516,1,1,1,25,516,15,1,1,allocated
730,1189,normal,0,0,65535_65535,2,26,171,516,0,1,0,25,0,15,1,1,pre_allocation
730,1189,normal,0,0,65535_65535,2,26,171,537,1,1,1,26,537,15,1,1,allocated
730,1189,normal,0,0,65535_65535,2,26,171,537,0,1,0,26,0,15,1,1,pre_allocation
730,1189,normal,0,0,65535_65535,2,26,171,558,1,1,1,27,558,15,1,1,allocated
730,1189,normal,0,0,65535_65535,2,26,171,558,0,1,0,27,0,15,1,1,pre_allocation
730,1189,normal,0,0,65535_65535,2,26,171,579,1,1,1,28,579,15,1,1,allocated
730,1189,normal,0,0,65535_65535,2,26,171,579,0,1,0,28,0,15,1,1,pre_allocation
730,1189,normal,0,0,65535_65535,2,26,171,599,1,1,1,29,599,15,1,1,allocated
730,1189,normal,0,0,65535_65535,2,26,171,599,0,1,0,29,0,15,1,1,pre_allocation
730,1189,normal,0,0,65535_65535,2,26,171,620,1,1,1,30,620,15,1,1,allocated
730,1189,normal,0,0,65535_65535,2,26,171,620,0,1,0,30,0,15,1,1,pre_allocation
730,1189,normal,0,0,65535_65535,2,26,171,641,1,1,1,31,641,15,1,1,allocated
730,1189,normal,0,0,65535_65535,2,26,171,641,0,1,0,31,0,15,1,1,pre_allocation
730,1189,normal,0,0,65535_65535,2,26,171,662,1,1,1,32,662,15,1,1,allocated
730,1189,normal,0,0,65535_65535,2,26,171,662,0,1,0,32,0,15,1,1,pre_allocation
730,1189,normal,0,0,65535_65535,2,26,171,683,1,1,1,33,683,15,1,1,allocated
730,1189,normal,0,0,65535_65535,2,26,171,683,0,1,0,33,0,15,1,1,pre_allocation
730,1189,normal,0,0,65535_65535,2,26,171,703,1,1,1,34,703,15,1,1,allocated
730,1189,normal,0,0,65535_65535,2,26,171,703,0,1,0,34,0,15,1,1,pre_allocation
730,1189,normal,0,0,65535_65535,2,26,171,724,1,1,1,35,724,15,1,1,allocated
730,1189,normal,0,0,65535_65535,2,26,171,724,0,1,0,35,0,15,1,1,pre_allocation
730,1189,normal,0,0,65535_65535,2,26,171,745,1,1,1,36,745,15,1,1,allocated
730,1189,normal,0,0,65535_65535,2,26,171,745,0,1,0,36,0,15,1,1,pre_allocation
730,1189,normal,0,0,65535_65535,2,26,171,766,1,1,1,37,766,15,1,1,allocated
730,1189,normal,0,0,65535_65535,2,26,171,766,0,1,0,37,0,15,1,1,pre_allocation
730,1189,normal,0,0,65535_65535,2,26,171,787,1,1,1,38,787,15,1,1,allocated
730,1189,normal,0,0,65535_65535,2,26,171,787,0,1,0,38,0,15,1,1,pre_allocation
730,1189,normal,0,0,65535_65535,2,26,171,807,1,1,1,39,807,15,1,1,allocated
730,1189,normal,0,0,65535_65535,2,26,171,807,0,1,0,39,0,15,1,1,pre_allocation
730,1189,normal,0,0,65535_65535,2,26,171,828,1,1,1,40,828,15,1,1,allocated
730,1189,normal,0,0,65535_65535,2,26,171,828,0,1,0,40,0,15,1,1,pre_allocation
730,1189,normal,0,0,65535_65535,2,26,171,849,1,1,1,41,849,15,1,1,allocated
730,1189,normal,0,0,65535_65535,2,26,171,849,0,1,0,41,0,15,1,1,pre_allocation
730,1189,normal,0,0,65535_65535,2,26,171,870,1,1,1,42,870,15,1,1,allocated
730,1189,normal,0,0,65535_65535,2,26,171,870,0,1,0,42,0,15,1,1,pre_allocation
730,1189,normal,0,0,65535_65535,2,26,171,890,1,1,1,43,890,15,1,1,allocated
730,1189,normal,0,0,65535_65535,2,26,171,890,0,1,0,43,0,15,1,1,pre_allocation
730,1189,normal,0,0,65535_65535,2,26,171,911,1,1,1,44,911,15,1,1,allocated
730,1189,normal,0,0,65535_65535,2,26,171,911,0,1,0,44,0,15,1,1,pre_allocation
730,1189,normal,0,0,65535_65535,2,26,171,932,1,1,1,45,932,15,1,1,allocated
730,1189,normal,0,0,65535_65535,2,26,171,932,0,1,0,45,0,15,1,1,pre_allocation
730,1189,normal,0,0,65535_65535,2,26,171,953,1,1,1,46,953,15,1,1,allocated
730,1189,normal,0,0,65535_65535,2,26,171,953,0,1,0,46,0,15,1,1,pre_allocation
730,1189,normal,0,0,65535_65535,2,26,171,974,1,1,1,47,974,15,1,1,allocated
730,1189,normal,0,0,65535_65535,2,26,171,974,0,1,0,47,0,15,1,1,pre_allocation
730,1189,normal,0,0,65535_65535,2,26,171,994,1,1,1,48,994,15,1,1,allocated
730,1189,normal,0,0,65535_65535,2,26,171,994,0,1,0,48,0,15,1,1,pre_allocation
730,1189,normal,0,0,65535_65535,2,26,171,1015,1,1,1,49,1015,15,1,1,allocated
730,1189,normal,0,0,65535_65535,2,26,171,1015,0,1,0,49,0,15,1,1,pre_allocation
730,1189,normal,0,0,65535_65535,2,26,171,1036,1,1,1,50,1036,15,1,1,allocated
730,1189,normal,0,0,65535_65535,2,26,171,1036,0,1,0,50,0,15,1,1,pre_allocation
730,1189,normal,0,0,65535_65535,2,26,171,1057,1,1,1,51,1057,15,1,1,allocated
730,1189,normal,0,0,65535_65535,2,26,171,1057,0,1,0,51,0,15,1,1,pre_allocation
730,1189,normal,0,0,65535_65535,2,26,171,1078,1,1,1,52,1078,15,1,1,allocated
730,1189,normal,0,0,65535_65535,2,26,171,1078,0,1,0,52,0,15,1,1,pre_allocation
730,1189,normal,0,0,65535_65535,2,26,171,1098,1,1,1,53,1098,15,1,1,allocated
730,1189,normal,0,0,65535_65535,2,26,171,1098,0,1,0,53,0,15,1,1,pre_allocation
730,1189,normal,0,0,65535_65535,2,26,171,1119,1,1,1,54,1119,15,1,1,allocated
730,1189,normal,0,0,65535_65535,2,26,171,1119,0,1,0,54,0,15,1,1,pre_allocation
730,1189,normal,0,0,65535_65535,2,26,171,1140,1,1,1,55,1140,15,1,1,allocated
730,1189,normal,0,0,65535_65535,2,26,171,1140,0,1,0,55,0,15,1,1,pre_allocation
730,1189,normal,0,0,65535_65535,2,26,171,1161,1,1,1,56,1161,15,1,1,allocated
730,1189,normal,0,0,65535_65535,2,26,171,1161,0,1,0,56,0,15,1,1,pre_allocation
730,1189,normal,0,0,65535_65535,2,26,171,1182,1,1,1,57,1182,15,1,1,allocated
730,1189,normal,0,0,65535_65535,2,26,171,1182,0,1,0,57,0,15,1,1,pre_allocation
730,1189,normal,0,0,65535_65535,2,26,171,1202,1,1,1,58,1202,15,1,1,allocated
730,1189,normal,0,0,65535_65535,2,26,171,1202,0,1,0,58,0,15,1,1,pre_allocation
730,1189,normal,0,0,65535_65535,2,26,171,1223,1,1,1,59,1223,15,1,1,allocated
730,1189,normal,0,0,65535_65535,2,26,171,1223,0,1,0,59,0,15,1,1,pre_allocation
730,1189,normal,0,0,65535_65535,2,26,171,1244,1,1,1,60,1244,15,1,1,allocated
730,1189,normal,0,0,65535_65535,2,26,171,1244,0,1,0,60,0,15,1,1,pre_allocation
730,1189,normal,0,0,65535_65535,2,26,171,1265,1,1,1,61,1265,15,1,1,allocated
842,1287,normal,0,0,65535_65535,0,2,1152823,0,0,1,0,0,0,6,1,1,pre_allocation
842,1287,normal,0,0,65535_65535,0,2,1152823,1,1,1,1,1,1,6,1,1,allocated
842,1287,normal,0,0,65535_65535,0,5,1338051,0,0,1,0,0,0,15,1,1,pre_allocation
842,1287,normal,0,0,65535_65535,0,5,1338051,14,1,1,1,1,14,15,1,1,allocated
842,1287,normal,0,0,65535_65535,0,3,913794,0,0,1,0,0,0,10,1,1,pre_allocation
842,1287,normal,0,0,65535_65535,0,3,913794,6,1,1,1,1,6,10,1,1,allocated
842,1287,normal,0,0,65535_65535,0,4,1106286,0,0,1,0,0,0,15,1,1,pre_allocation
842,1287,normal,0,0,65535_65535,0,4,1106286,14,1,1,1,1,14,15,1,1,allocated
842,1287,normal,0,0,65535_65535,0,2,1152823,1,0,1,0,1,0,6,1,1,pre_allocation
842,1287,normal,0,0,65535_65535,0,2,1152823,6,1,1,1,2,6,6,1,1,allocated
842,1287,normal,0,0,65535_65535,0,5,1338051,14,0,1,0,1,0,15,1,1,pre_allocation
842,1287,normal,0,0,65535_65535,0,5,1338051,32,1,1,1,2,32,15,1,1,allocated
842,1287,normal,0,0,65535_65535,0,3,913794,6,0,1,0,1,0,10,1,1,pre_allocation
842,1287,normal,0,0,65535_65535,0,3,913794,16,1,1,1,2,16,10,1,1,allocated
842,1287,normal,0,0,65535_65535,0,4,1106286,14,0,1,0,1,0,15,1,1,pre_allocation
842,1287,normal,0,0,65535_65535,0,4,1106286,32,1,1,1,2,32,15,1,1,allocated
842,1287,normal,0,0,65535_65535,0,2,1152823,6,0,1,0,2,0,6,1,1,pre_allocation
842,1287,normal,0,0,65535_65535,0,2,1152823,11,1,1,1,3,11,6,1,1,allocated
842,1287,normal,0,0,65535_65535,0,5,1338051,32,0,1,0,2,0,15,1,1,pre_allocation
842,1287,normal,0,0,65535_65535,0,5,1338051,50,1,1,1,3,50,15,1,1,allocated
842,1287,normal,0,0,65535_65535,0,3,913794,16,0,1,0,2,0,10,1,1,pre_allocation
842,1287,normal,0,0,65535_65535,0,3,913794,26,1,1,1,3,26,10,1,1,allocated
842,1287,normal,0,0,65535_65535,0,4,1106286,32,0,1,0,2,0,15,1,1,pre_allocation
842,1287,normal,0,0,65535_65535,0,4,1106286,50,1,1,1,3,50,15,1,1,allocated
842,1287,normal,0,0,65535_65535,0,2,1152823,11,0,1,0,3,0,6,1,1,pre_allocation
842,1287,normal,0,0,65535_65535,0,2,1152823,16,1,1,1,4,16,6,1,1,allocated
842,1287,normal,0,0,65535_65535,0,5,1338051,50,0,1,0,3,0,15,1,1,pre_allocation
842,1287,normal,0,0,65535_65535,0,5,1338051,68,1,1,1,4,68,15,1,1,allocated
842,1287,normal,0,0,65535_65535,0,3,913794,26,0,1,0,3,0,10,1,1,pre_allocation
842,1287,normal,0,0,65535_65535,0,3,913794,36,1,1,1,4,36,10,1,1,allocated
842,1287,normal,0,0,65535_65535,0,4,1106286,50,0,1,0,3,0,15,1,1,pre_allocation
842,1287,normal,0,0,65535_65535,0,4,1106286,68,1,1,1,4,68,15,1,1,allocated
842,1287,normal,0,0,65535_65535,0,2,1152823,16,0,1,0,4,0,6,1,1,pre_allocation
842,1287,normal,0,0,65535_65535,0,2,1152823,21,1,1,1,5,21,6,1,1,allocated
842,1287,normal,0,0,65535_65535,0,5,1338051,68,0,1,0,4,0,15,1,1,pre_allocation
842,1287,normal,0,0,65535_65535,0,5,1338051,86,1,1,1,5,86,15,1,1,allocated
842,1287,normal,0,0,65535_65535,0,3,913794,36,0,1,0,4,0,10,1,1,pre_allocation
842,1287,normal,0,0,65535_65535,0,3,913794,46,1,1,1,5,46,10,1,1,allocated
842,1287,normal,0,0,65535_65535,0,4,1106286,68,0,1,0,4,0,15,1,1,pre_allocation
842,1287,normal,0,0,65535_65535,0,4,1106286,86,1,1,1,5,86,15,1,1,allocated
842,1287,normal,0,0,65535_65535,0,2,1152823,21,0,1,0,5,0,6,1,1,pre_allocation
842,1287,normal,0,0,65535_65535,0,2,1152823,26,1,1,1,6,26,6,1,1,allocated
842,1287,normal,0,0,65535_65535,0,5,1338051,86,0,1,0,5,0,15,1,1,pre_allocation
842,1287,normal,0,0,65535_65535,0,5,1338051,103,1,1,1,6,103,15,1,1,allocated
842,1287,normal,0,0,65535_65535,0,3,913794,46,0,1,0,5,0,10,1,1,pre_allocation
842,1287,normal,0,0,65535_65535,0,3,913794,56,1,1,1,6,56,10,1,1,allocated
842,1287,normal,0,0,65535_65535,0,4,1106286,86,0,1,0,5,0,15,1,1,pre_allocation
842,1287,normal,0,0,65535_65535,0,4,1106286,103,1,1,1,6,103,15,1,1,allocated
842,1287,normal,0,0,65535_65535,0,2,1152823,26,0,1,0,6,0,6,1,1,pre_allocation
842,1287,normal,0,0,65535_65535,0,2,1152823,31,1,1,1,7,31,6,1,1,allocated
842,1287,normal,0,0,65535_65535,0,5,1338051,103,0,1,0,6,0,15,1,1,pre_allocation
842,1287,normal,0,0,65535_65535,0,5,1338051,121,1,1,1,7,121,15,1,1,allocated
842,1287,normal,0,0,65535_65535,0,3,913794,56,0,1,0,6,0,10,1,1,pre_allocation
842,1287,normal,0,0,65535_65535,0,3,913794,66,1,1,1,7,66,10,1,1,allocated
842,1287,normal,0,0,65535_65535,0,4,1106286,103,0,1,0,6,0,15,1,1,pre_allocation
842,1287,normal,0,0,65535_65535,0,4,1106286,121,1,1,1,7,121,15,1,1,allocated
842,1287,normal,0,0,65535_65535,0,2,1152823,31,0,1,0,7,0,6,1,1,pre_allocation
842,1287,normal,0,0,65535_65535,0,2,1152823,36,1,1,1,8,36,6,1,1,allocated
842,1287,normal,0,0,65535_65535,0,5,1338051,121,0,1,0,7,0,15,1,1,pre_allocation
842,1287,normal,0,0,65535_65535,0,5,1338051,139,1,1,1,8,139,15,1,1,allocated
842,1287,normal,0,0,65535_65535,0,3,913794,66,0,1,0,7,0,10,1,1,pre_allocation
842,1287,normal,0,0,65535_65535,0,3,913794,76,1,1,1,8,76,10,1,1,allocated
842,1287,normal,0,0,65535_65535,0,4,1106286,121,0,1,0,7,0,15,1,1,pre_allocation
842,1287,normal,0,0,65535_65535,0,4,1106286,139,1,1,1,8,139,15,1,1,allocated
842,1287,normal,0,0,65535_65535,0,2,1152823,36,0,1,0,8,0,6,1,1,pre_allocation
842,1287,normal,0,0,65535_65535,0,2,1152823,41,1,1,1,9,41,6,1,1,allocated
842,1287,normal,0,0,65535_65535,0,5,1338051,139,0,1,0,8,0,15,1,1,pre_allocation
842,1287,normal,0,0,65535_65535,0,5,1338051,157,1,1,1,9,157,15,1,1,allocated
842,1287,normal,0,0,65535_65535,0,3,913794,76,0,1,0,8,0,10,1,1,pre_allocation
842,1287,normal,0,0,65535_65535,0,3,913794,86,1,1,1,9,86,10,1,1,allocated
842,1287,normal,0,0,65535_65535,0,4,1106286,139,0,1,0,8,0,15,1,1,pre_allocation
842,1287,normal,0,0,65535_65535,0,4,1106286,157,1,1,1,9,157,15,1,1,allocated
842,1287,normal,0,0,65535_65535,0,2,1152823,41,0,1,0,9,0,6,1,1,pre_allocation
842,1287,normal,0,0,65535_65535,0,2,1152823,46,1,1,1,10,46,6,1,1,allocated
842,1287,normal,0,0,65535_65535,0,5,1338051,157,0,1,0,9,0,15,1,1,pre_allocation
842,1287,normal,0,0,65535_65535,0,5,1338051,175,1,1,1,10,175,15,1,1,allocated
842,1287,normal,0,0,65535_65535,0,3,913794,86,0,1,0,9,0,10,1,1,pre_allocation
842,1287,normal,0,0,65535_65535,0,3,913794,96,1,1,1,10,96,10,1,1,allocated
842,1287,normal,0,0,65535_65535,0,4,1106286,157,0,1,0,9,0,15,1,1,pre_allocation
842,1287,normal,0,0,65535_65535,0,4,1106286,175,1,1,1,10,175,15,1,1,allocated
842,1287,normal,0,0,65535_65535,0,2,1152823,46,0,1,0,10,0,6,1,1,pre_allocation
842,1287,normal,0,0,65535_65535,0,2,1152823,51,1,1,1,11,51,6,1,1,allocated
842,1287,normal,0,0,65535_65535,0,5,1338051,175,0,1,0,10,0,15,1,1,pre_allocation
842,1287,normal,0,0,65535_65535,0,5,1338051,193,1,1,1,11,193,15,1,1,allocated
842,1287,normal,0,0,65535_65535,0,3,913794,96,0,1,0,10,0,10,1,1,pre_allocation
842,1287,normal,0,0,65535_65535,0,3,913794,105,1,1,1,11,105,10,1,1,allocated
842,1287,normal,0,0,65535_65535,0,4,1106286,175,0,1,0,10,0,15,1,1,pre_allocation
842,1287,normal,0,0,65535_65535,0,4,1106286,193,1,1,1,11,193,15,1,1,allocated
842,1287,normal,0,0,65535_65535,0,2,1152823,51,0,1,0,11,0,6,1,1,pre_allocation
842,1287,normal,0,0,65535_65535,0,2,1152823,56,1,1,1,12,56,6,1,1,allocated
842,1287,normal,0,0,65535_65535,0,5,1338051,193,0,1,0,11,0,15,1,1,pre_allocation
842,1287,normal,0,0,65535_65535,0,5,1338051,210,1,1,1,12,210,15,1,1,allocated
842,1287,normal,0,0,65535_65535,0,3,913794,105,0,1,0,11,0,10,1,1,pre_allocation
842,1287,normal,0,0,65535_65535,0,3,913794,115,1,1,1,12,115,10,1,1,allocated
842,1287,normal,0,0,65535_65535,0,4,1106286,193,0,1,0,11,0,15,1,1,pre_allocation
842,1287,normal,0,0,65535_65535,0,4,1106286,210,1,1,1,12,210,15,1,1,allocated
842,1287,normal,0,0,65535_65535,0,2,1152823,56,0,1,0,12,0,6,1,1,pre_allocation
842,1287,normal,0,0,65535_65535,0,2,1152823,61,1,1,1,13,61,6,1,1,allocated
842,1287,normal,0,0,65535_65535,0,5,1338051,210,0,1,0,12,0,15,1,1,pre_allocation
842,1287,normal,0,0,65535_65535,0,5,1338051,228,1,1,1,13,228,15,1,1,allocated
842,1287,normal,0,0,65535_65535,0,3,913794,115,0,1,0,12,0,10,1,1,pre_allocation
842,1287,normal,0,0,65535_65535,0,3,913794,125,1,1,1,13,125,10,1,1,allocated
842,1287,normal,0,0,65535_65535,0,4,1106286,210,0,1,0,12,0,15,1,1,pre_allocation
842,1287,normal,0,0,65535_65535,0,4,1106286,228,1,1,1,13,228,15,1,1,allocated
842,1287,normal,0,0,65535_65535,0,2,1152823,61,0,1,0,13,0,6,1,1,pre_allocation
842,1287,normal,0,0,65535_65535,0,2,1152823,66,1,1,1,14,66,6,1,1,allocated
842,1287,normal,0,0,65535_65535,0,5,1338051,228,0,1,0,13,0,15,1,1,pre_allocation
842,1287,normal,0,0,65535_65535,0,5,1338051,246,1,1,1,14,246,15,1,1,allocated
842,1287,normal,0,0,65535_65535,0,3,913794,125,0,1,0,13,0,10,1,1,pre_allocation
842,1287,normal,0,0,65535_65535,0,3,913794,135,1,1,1,14,135,10,1,1,allocated
842,1287,normal,0,0,65535_65535,0,4,1106286,228,0,1,0,13,0,15,1,1,pre_allocation
842,1287,normal,0,0,65535_65535,0,4,1106286,246,1,1,1,14,246,15,1,1,allocated
842,1287,normal,0,0,65535_65535,0,2,1152823,66,0,1,0,14,0,6,1,1,pre_allocation
842,1287,normal,0,0,65535_65535,0,2,1152823,71,1,1,1,15,71,6,1,1,allocated
842,1287,normal,0,0,65535_65535,0,5,1338051,246,0,1,0,14,0,15,1,1,pre_allocation
842,1287,normal,0,0,65535_65535,0,5,1338051,264,1,1,1,15,264,15,1,1,allocated
842,1287,normal,0,0,65535_65535,0,3,913794,135,0,1,0,14,0,10,1,1,pre_allocation
842,1287,normal,0,0,65535_65535,0,3,913794,145,1,1,1,15,145,10,1,1,allocated
842,1287,normal,0,0,65535_65535,0,4,1106286,246,0,1,0,14,0,15,1,1,pre_allocation
842,1287,normal,0,0,65535_65535,0,4,1106286,264,1,1,1,15,264,15,1,1,allocated
842,1287,normal,0,0,65535_65535,0,2,1152823,71,0,1,0,15,0,6,1,1,pre_allocation
842,1287,normal,0,0,65535_65535,0,2,1152823,76,1,1,1,16,76,6,1,1,allocated
842,1287,normal,0,0,65535_65535,0,5,1338051,264,0,1,0,15,0,15,1,1,pre_allocation
842,1287,normal,0,0,65535_65535,0,5,1338051,282,1,1,1,16,282,15,1,1,allocated
842,1287,normal,0,0,65535_65535,0,3,913794,145,0,1,0,15,0,10,1,1,pre_allocation
842,1287,normal,0,0,65535_65535,0,3,913794,155,1,1,1,16,155,10,1,1,allocated
842,1287,normal,0,0,65535_65535,0,4,1106286,264,0,1,0,15,0,15,1,1,pre_allocation
842,1287,normal,0,0,65535_65535,0,4,1106286,282,1,1,1,16,282,15,1,1,allocated
842,1287,normal,0,0,65535_65535,0,2,1152823,76,0,1,0,16,0,6,1,1,pre_allocation
842,1287,normal,0,0,65535_65535,0,2,1152823,81,1,1,1,17,81,6,1,1,allocated
842,1287,normal,0,0,65535_65535,0,5,1338051,282,0,1,0,16,0,15,1,1,pre_allocation
842,1287,normal,0,0,65535_65535,0,5,1338051,299,1,1,1,17,299,15,1,1,allocated
842,1287,normal,0,0,65535_65535,0,3,913794,155,0,1,0,16,0,10,1,1,pre_allocation
842,1287,normal,0,0,65535_65535,0,3,913794,165,1,1,1,17,165,10,1,1,allocated
842,1287,normal,0,0,65535_65535,0,4,1106286,282,0,1,0,16,0,15,1,1,pre_allocation
842,1287,normal,0,0,65535_65535,0,4,1106286,299,1,1,1,17,299,15,1,1,allocated
842,1287,normal,0,0,65535_65535,0,2,1152823,81,0,1,0,17,0,6,1,1,pre_allocation
842,1287,normal,0,0,65535_65535,0,2,1152823,86,1,1,1,18,86,6,1,1,allocated
842,1287,normal,0,0,65535_65535,0,5,1338051,299,0,1,0,17,0,15,1,1,pre_allocation
842,1287,normal,0,0,65535_65535,0,5,1338051,317,1,1,1,18,317,15,1,1,allocated
842,1287,normal,0,0,65535_65535,0,3,913794,165,0,1,0,17,0,10,1,1,pre_allocation
842,1287,normal,0,0,65535_65535,0,3,913794,175,1,1,1,18,175,10,1,1,allocated
842,1287,normal,0,0,65535_65535,0,4,1106286,299,0,1,0,17,0,15,1,1,pre_allocation
842,1287,normal,0,0,65535_65535,0,4,1106286,317,1,1,1,18,317,15,1,1,allocated
842,1287,normal,0,0,65535_65535,0,2,1152823,86,0,1,0,18,0,6,1,1,pre_allocation
842,1287,normal,0,0,65535_65535,0,2,1152823,91,1,1,1,19,91,6,1,1,allocated
842,1287,normal,0,0,65535_65535,0,5,1338051,317,0,1,0,18,0,15,1,1,pre_allocation
842,1287,normal,0,0,65535_65535,0,5,1338051,335,1,1,1,19,335,15,1,1,allocated
842,1287,normal,0,0,65535_65535,0,3,913794,175,0,1,0,18,0,10,1,1,pre_allocation
842,1287,normal,0,0,65535_65535,0,3,913794,185,1,1,1,19,185,10,1,1,allocated
842,1287,normal,0,0,65535_65535,0,4,1106286,317,0,1,0,18,0,15,1,1,pre_allocation
842,1287,normal,0,0,65535_65535,0,4,1106286,335,1,1,1,19,335,15,1,1,allocated
842,1287,normal,0,0,65535_65535,0,2,1152823,91,0,1,0,19,0,6,1,1,pre_allocation
842,1287,normal,0,0,65535_65535,0,2,1152823,96,1,1,1,20,96,6,1,1,allocated
842,1287,normal,0,0,65535_65535,1,6,87,0,0,1,0,0,0,28,1,1,pre_allocation
842,1287,normal,0,0,65535_65535,1,6,87,42,1,1,1,1,42,28,1,1,allocated
842,1287,normal,0,0,65535_65535,1,8,87,0,0,1,0,0,0,28,1,1,pre_allocation
842,1287,normal,0,0,65535_65535,1,8,87,42,1,1,1,1,42,28,1,1,allocated
842,1287,normal,0,0,65535_65535,1,6,87,42,0,1,0,1,0,28,1,1,pre_allocation
842,1287,normal,0,0,65535_65535,1,6,87,88,1,1,1,2,88,28,1,1,allocated
842,1287,normal,0,0,65535_65535,1,8,87,42,0,1,0,1,0,28,1,1,pre_allocation
842,1287,normal,0,0,65535_65535,1,8,87,88,1,1,1,2,88,28,1,1,allocated
842,1287,normal,0,0,65535_65535,1,6,87,88,0,1,0,2,0,28,1,1,pre_allocation
842,1287,normal,0,0,65535_65535,1,6,87,133,1,1,1,3,133,28,1,1,allocated
842,1287,normal,0,0,65535_65535,1,8,87,88,0,1,0,2,0,28,1,1,pre_allocation
842,1287,normal,0,0,65535_65535,1,8,87,133,1,1,1,3,133,28,1,1,allocated
842,1287,normal,0,0,65535_65535,1,6,87,133,0,1,0,3,0,28,1,1,pre_allocation
842,1287,normal,0,0,65535_65535,1,6,87,179,1,1,1,4,179,28,1,1,allocated
842,1287,normal,0,0,65535_65535,1,8,87,133,0,1,0,3,0,28,1,1,pre_allocation
842,1287,normal,0,0,65535_65535,1,8,87,179,1,1,1,4,179,28,1,1,allocated
842,1287,normal,0,0,65535_65535,1,6,87,179,0,1,0,4,0,28,1,1,pre_allocation
842,1287,normal,0,0,65535_65535,1,6,87,224,1,1,1,5,224,28,1,1,allocated
842,1287,normal,0,0,65535_65535,1,8,87,179,0,1,0,4,0,28,1,1,pre_allocation
842,1287,normal,0,0,65535_65535,1,8,87,224,1,1,1,5,224,28,1,1,allocated
842,1287,normal,0,0,65535_65535,1,6,87,224,0,1,0,5,0,28,1,1,pre_allocation
842,1287,normal,0,0,65535_65535,1,6,87,270,1,1,1,6,270,28,1,1,allocated
842,1287,normal,0,0,65535_65535,1,8,87,224,0,1,0,5,0,28,1,1,pre_allocation
842,1287,normal,0,0,65535_65535,1,8,87,270,1,1,1,6,270,28,1,1,allocated
842,1287,normal,0,0,65535_65535,1,6,87,270,0,1,0,6,0,28,1,1,pre_allocation
842,1287,normal,0,0,65535_65535,1,6,87,315,1,1,1,7,315,28,1,1,allocated
842,1287,normal,0,0,65535_65535,1,8,87,270,0,1,0,6,0,28,1,1,pre_allocation
842,1287,normal,0,0,65535_65535,1,8,87,315,1,1,1,7,315,28,1,1,allocated
842,1287,normal,0,0,65535_65535,1,6,87,315,0,1,0,7,0,28,1,1,pre_allocation
842,1287,normal,0,0,65535_65535,1,6,87,361,1,1,1,8,361,28,1,1,allocated
842,1287,normal,0,0,65535_65535,1,8,87,315,0,1,0,7,0,28,1,1,pre_allocation
842,1287,normal,0,0,65535_65535,1,8,87,361,1,1,1,8,361,28,1,1,allocated
842,1287,normal,0,0,65535_65535,1,6,87,361,0,1,0,8,0,28,1,1,pre_allocation
842,1287,normal,0,0,65535_65535,1,6,87,406,1,1,1,9,406,28,1,1,allocated
842,1287,normal,0,0,65535_65535,1,8,87,361,0,1,0,8,0,28,1,1,pre_allocation
842,1287,normal,0,0,65535_65535,1,8,87,406,1,1,1,9,406,28,1,1,allocated
842,1287,normal,0,0,65535_65535,1,6,87,406,0,1,0,9,0,28,1,1,pre_allocation
842,1287,normal,0,0,65535_65535,1,6,87,452,1,1,1,10,452,28,1,1,allocated
842,1287,normal,0,0,65535_65535,1,8,87,406,0,1,0,9,0,28,1,1,pre_allocation
842,1287,normal,0,0,65535_65535,1,8,87,452,1,1,1,10,452,28,1,1,allocated
842,1287,normal,0,0,65535_65535,1,6,87,452,0,1,0,10,0,28,1,1,pre_allocation
842,1287,normal,0,0,65535_65535,1,6,87,497,1,1,1,11,497,28,1,1,allocated
842,1287,normal,0,0,65535_65535,1,8,87,452,0,1,0,10,0,28,1,1,pre_allocation
842,1287,normal,0,0,65535_65535,1,8,87,497,1,1,1,11,497,28,1,1,allocated
842,1287,normal,0,0,65535_65535,1,6,87,497,0,1,0,11,0,28,1,1,pre_allocation
842,1287,normal,0,0,65535_65535,1,6,87,543,1,1,1,12,543,28,1,1,allocated
842,1287,normal,0,0,65535_65535,1,8,87,497,0,1,0,11,0,28,1,1,pre_allocation
842,1287,normal,0,0,65535_65535,1,8,87,543,1,1,1,12,543,28,1,1,allocated
842,1287,normal,0,0,65535_65535,1,6,87,543,0,1,0,12,0,28,1,1,pre_allocation
842,1287,normal,0,0,65535_65535,1,6,87,589,1,1,1,13,589,28,1,1,allocated
842,1287,normal,0,0,65535_65535,1,8,87,543,0,1,0,12,0,28,1,1,pre_allocation
842,1287,normal,0,0,65535_65535,1,8,87,589,1,1,1,13,589,28,1,1,allocated
842,1287,normal,0,0,65535_65535,1,6,87,589,0,1,0,13,0,28,1,1,pre_allocation
842,1287,normal,0,0,65535_65535,1,6,87,634,1,1,1,14,634,28,1,1,allocated
842,1287,normal,0,0,65535_65535,1,8,87,589,0,1,0,13,0,28,1,1,pre_allocation
842,1287,normal,0,0,65535_65535,1,8,87,634,1,1,1,14,634,28,1,1,allocated
842,1287,normal,0,0,65535_65535,1,6,87,634,0,1,0,14,0,28,1,1,pre_allocation
842,1287,normal,0,0,65535_65535,1,6,87,680,1,1,1,15,680,28,1,1,allocated
842,1287,normal,0,0,65535_65535,1,8,87,634,0,1,0,14,0,28,1,1,pre_allocation
842,1287,normal,0,0,65535_65535,1,8,87,680,1,1,1,15,680,28,1,1,allocated
842,1287,normal,0,0,65535_65535,1,6,87,680,0,1,0,15,0,28,1,1,pre_allocation
842,1287,normal,0,0,65535_65535,1,6,87,725,1,1,1,16,725,28,1,1,allocated
842,1287,normal,0,0,65535_65535,1,8,87,680,0,1,0,15,0,28,1,1,pre_allocation
842,1287,normal,0,0,65535_65535,1,8,87,725,1,1,1,16,725,28,1,1,allocated
842,1287,normal,0,0,65535_65535,1,6,87,725,0,1,0,16,0,28,1,1,pre_allocation
842,1287,normal,0,0,65535_65535,1,6,87,771,1,1,1,17,771,28,1,1,allocated
842,1287,normal,0,0,65535_65535,1,8,87,725,0,1,0,16,0,28,1,1,pre_allocation
842,1287,normal,0,0,65535_65535,1,8,87,771,1,1,1,17,771,28,1,1,allocated
842,1287,normal,0,0,65535_65535,1,6,87,771,0,1,0,17,0,28,1,1,pre_allocation
842,1287,normal,0,0,65535_65535,1,6,87,816,1,1,1,18,816,28,1,1,allocated
842,1287,normal,0,0,65535_65535,1,8,87,771,0,1,0,17,0,28,1,1,pre_allocation
842,1287,normal,0,0,65535_65535,1,8,87,816,1,1,1,18,816,28,1,1,allocated
842,1287,normal,0,0,65535_65535,1,6,87,816,0,1,0,18,0,28,1,1,pre_allocation
842,1287,normal,0,0,65535_65535,1,6,87,862,1,1,1,19,862,28,1,1,allocated
842,1287,normal,0,0,65535_65535,1,8,87,816,0,1,0,18,0,28,1,1,pre_allocation
842,1287,normal,0,0,65535_65535,1,8,87,862,1,1,1,19,862,28,1,1,allocated
842,1287,normal,0,0,65535_65535,1,6,87,862,0,1,0,19,0,28,1,1,pre_allocation
842,1287,normal,0,0,65535_65535,1,6,87,907,1,1,1,20,907,28,1,1,allocated
842,1287,normal,0,0,65535_65535,1,8,87,862,0,1,0,19,0,28,1,1,pre_allocation
842,1287,normal,0,0,65535_65535,1,8,87,907,1,1,1,20,907,28,1,1,allocated
842,1287,normal,0,0,65535_65535,1,6,87,907,0,1,0,20,0,28,1,1,pre_allocation
842,1287,normal,0,0,65535_65535,1,6,87,953,1,1,1,21,953,28,1,1,allocated
842,1287,normal,0,0,65535_65535,1,8,87,907,0,1,0,20,0,28,1,1,pre_allocation
842,1287,normal,0,0,65535_65535,1,8,87,953,1,1,1,21,953,28,1,1,allocated
842,1287,normal,0,0,65535_65535,1,6,87,953,0,1,0,21,0,28,1,1,pre_allocation
842,1287,normal,0,0,65535_65535,1,6,87,998,1,1,1,22,998,28,1,1,allocated
842,1287,normal,0,0,65535_65535,1,8,87,953,0,1,0,21,0,28,1,1,pre_allocation
842,1287,normal,0,0,65535_65535,1,8,87,998,1,1,1,22,998,28,1,1,allocated
842,1287,normal,0,0,65535_65535,1,6,87,998,0,1,0,22,0,28,1,1,pre_allocation
842,1287,normal,0,0,65535_65535,1,6,87,1044,1,1,1,23,1044,28,1,1,allocated
842,1287,normal,0,0,65535_65535,1,8,87,998,0,1,0,22,0,28,1,1,pre_allocation
842,1287,normal,0,0,65535_65535,1,8,87,1044,1,1,1,23,1044,28,1,1,allocated
842,1287,normal,0,0,65535_65535,1,6,87,1044,0,1,0,23,0,28,1,1,pre_allocation
842,1287,normal,0,0,65535_65535,1,6,87,1089,1,1,1,24,1089,28,1,1,allocated
842,1287,normal,0,0,65535_65535,1,8,87,1044,0,1,0,23,0,28,1,1,pre_allocation
842,1287,normal,0,0,65535_65535,1,8,87,1089,1,1,1,24,1089,28,1,1,allocated
842,1287,normal,0,0,65535_65535,1,6,87,1089,0,1,0,24,0,28,1,1,pre_allocation
842,1287,normal,0,0,65535_65535,1,6,87,1135,1,1,1,25,1135,28,1,1,allocated
842,1287,normal,0,0,65535_65535,1,8,87,1089,0,1,0,24,0,28,1,1,pre_allocation
842,1287,normal,0,0,65535_65535,1,8,87,1135,1,1,1,25,1135,28,1,1,allocated
842,1287,normal,0,0,65535_65535,1,6,87,1135,0,1,0,25,0,28,1,1,pre_allocation
842,1287,normal,0,0,65535_65535,1,6,87,1181,1,1,1,26,1181,28,1,1,allocated
842,1287,normal,0,0,65535_65535,1,8,87,1135,0,1,0,25,0,28,1,1,pre_allocation
842,1287,normal,0,0,65535_65535,1,8,87,1181,1,1,1,26,1181,28,1,1,allocated
842,1287,normal,0,0,65535_65535,1,6,87,1181,0,1,0,26,0,28,1,1,pre_allocation
842,1287,normal,0,0,65535_65535,1,6,87,1226,1,1,1,27,1226,28,1,1,allocated
842,1287,normal,0,0,65535_65535,1,8,87,1181,0,1,0,26,0,28,1,1,pre_allocation
842,1287,normal,0,0,65535_65535,1,8,87,1226,1,1,1,27,1226,28,1,1,allocated
842,1287,normal,0,0,65535_65535,1,6,87,1226,0,1,0,27,0,28,1,1,pre_allocation
842,1287,normal,0,0,65535_65535,1,6,87,1272,1,1,1,28,1272,28,1,1,allocated
842,1287,normal,0,0,65535_65535,1,8,87,1226,0,1,0,27,0,28,1,1,pre_allocation
842,1287,normal,0,0,65535_65535,1,8,87,1272,1,1,1,28,1272,28,1,1,allocated
842,1287,normal,0,0,65535_65535,1,6,87,1272,0,1,0,28,0,28,1,1,pre_allocation
842,1287,normal,0,0,65535_65535,1,6,87,1317,1,1,1,29,1317,28,1,1,allocated
842,1287,normal,0,0,65535_65535,1,8,87,1272,0,1,0,28,0,28,1,1,pre_allocation
842,1287,normal,0,0,65535_65535,1,8,87,1317,1,1,1,29,1317,28,1,1,allocated
842,1287,normal,0,0,65535_65535,1,6,87,1317,0,1,0,29,0,28,1,1,pre_allocation
842,1287,normal,0,0,65535_65535,1,6,87,1363,1,1,1,30,1363,28,1,1,allocated
842,1287,normal,0,0,65535_65535,1,8,87,1317,0,1,0,29,0,28,1,1,pre_allocation
842,1287,normal,0,0,65535_65535,1,8,87,1363,1,1,1,30,1363,28,1,1,allocated
842,1287,normal,0,0,65535_65535,1,6,87,1363,0,1,0,30,0,28,1,1,pre_allocation
842,1287,normal,0,0,65535_65535,1,6,87,1408,1,1,1,31,1408,28,1,1,allocated
842,1287,normal,0,0,65535_65535,1,8,87,1363,0,1,0,30,0,28,1,1,pre_allocation
842,1287,normal,0,0,65535_65535,1,8,87,1408,1,1,1,31,1408,28,1,1,allocated
842,1287,normal,0,0,65535_65535,1,6,87,1408,0,1,0,31,0,28,1,1,pre_allocation
842,1287,normal,0,0,65535_65535,1,6,87,1454,1,1,1,32,1454,28,1,1,allocated
842,1287,normal,0,0,65535_65535,1,8,87,1408,0,1,0,31,0,28,1,1,pre_allocation
842,1287,normal,0,0,65535_65535,1,8,87,1454,1,1,1,32,1454,28,1,1,allocated
842,1287,normal,0,0,65535_65535,1,6,87,1454,0,1,0,32,0,28,1,1,pre_allocation
842,1287,normal,0,0,65535_65535,1,6,87,1499,1,1,1,33,1499,28,1,1,allocated
842,1287,normal,0,0,65535_65535,1,8,87,1454,0,1,0,32,0,28,1,1,pre_allocation
842,1287,normal,0,0,65535_65535,1,8,87,1499,1,1,1,33,1499,28,1,1,allocated
842,1287,normal,0,0,65535_65535,1,6,87,1499,0,1,0,33,0,28,1,1,pre_allocation
842,1287,normal,0,0,65535_65535,1,6,87,1542,1,1,1,34,1542,28,1,1,allocated
842,1287,normal,0,0,65535_65535,1,8,87,1499,0,1,0,33,0,28,1,1,pre_allocation
842,1287,normal,0,0,65535_65535,1,8,87,1542,1,1,1,34,1542,28,1,1,allocated
842,1287,normal,0,0,65535_65535,1,6,87,1542,0,1,0,34,0,28,1,1,pre_allocation
842,1287,normal,0,0,65535_65535,1,6,87,1587,1,1,1,35,1587,28,1,1,allocated
842,1287,normal,0,0,65535_65535,1,8,87,1542,0,1,0,34,0,28,1,1,pre_allocation
842,1287,normal,0,0,65535_65535,1,8,87,1587,1,1,1,35,1587,28,1,1,allocated
842,1287,normal,0,0,65535_65535,1,6,87,1587,0,1,0,35,0,28,1,1,pre_allocation
842,1287,normal,0,0,65535_65535,1,6,87,1633,1,1,1,36,1633,28,1,1,allocated
842,1287,normal,0,0,65535_65535,1,8,87,1587,0,1,0,35,0,28,1,1,pre_allocation
842,1287,normal,0,0,65535_65535,1,8,87,1633,1,1,1,36,1633,28,1,1,allocated
842,1287,normal,0,0,65535_65535,1,6,87,1633,0,1,0,36,0,28,1,1,pre_allocation
842,1287,normal,0,0,65535_65535,1,6,87,1678,1,1,1,37,1678,28,1,1,allocated
842,1287,normal,0,0,65535_65535,1,8,87,1633,0,1,0,36,0,28,1,1,pre_allocation
842,1287,normal,0,0,65535_65535,1,8,87,1678,1,1,1,37,1678,28,1,1,allocated
842,1287,normal,0,0,65535_65535,1,6,87,1678,0,1,0,37,0,28,1,1,pre_allocation
842,1287,normal,0,0,65535_65535,1,6,87,1724,1,1,1,38,1724,28,1,1,allocated
842,1287,normal,0,0,65535_65535,1,8,87,1678,0,1,0,37,0,28,1,1,pre_allocation
842,1287,normal,0,0,65535_65535,1,8,87,1724,1,1,1,38,1724,28,1,1,allocated
842,1287,normal,0,0,65535_65535,1,6,87,1724,0,1,0,38,0,28,1,1,pre_allocation
842,1287,normal,0,0,65535_65535,1,6,87,1770,1,1,1,39,1770,28,1,1,allocated
842,1287,normal,0,0,65535_65535,1,8,87,1724,0,1,0,38,0,28,1,1,pre_allocation
842,1287,normal,0,0,65535_65535,1,8,87,1770,1,1,1,39,1770,28,1,1,allocated
842,1287,normal,0,0,65535_65535,1,6,87,1770,0,1,0,39,0,28,1,1,pre_allocation
842,1287,normal,0,0,65535_65535,1,6,87,1815,1,1,1,40,1815,28,1,1,allocated
842,1287,normal,0,0,65535_65535,1,8,87,1770,0,1,0,39,0,28,1,1,pre_allocation
842,1287,normal,0,0,65535_65535,1,8,87,1815,1,1,1,40,1815,28,1,1,allocated
842,1287,normal,0,0,65535_65535,1,6,87,1815,0,1,0,40,0,28,1,1,pre_allocation
842,1287,normal,0,0,65535_65535,1,6,87,1861,1,1,1,41,1861,28,1,1,allocated
842,1287,normal,0,0,65535_65535,1,8,87,1815,0,1,0,40,0,28,1,1,pre_allocation
842,1287,normal,0,0,65535_65535,1,8,87,1861,1,1,1,41,1861,28,1,1,allocated
842,1287,normal,0,0,65535_65535,1,6,87,1861,0,1,0,41,0,28,1,1,pre_allocation
842,1287,normal,0,0,65535_65535,1,6,87,1906,1,1,1,42,1906,28,1,1,allocated
842,1287,normal,0,0,65535_65535,1,8,87,1861,0,1,0,41,0,28,1,1,pre_allocation
842,1287,normal,0,0,65535_65535,1,8,87,1906,1,1,1,42,1906,28,1,1,allocated
842,1287,normal,0,0,65535_65535,1,6,87,1906,0,1,0,42,0,28,1,1,pre_allocation
842,1287,normal,0,0,65535_65535,1,6,87,1952,1,1,1,43,1952,28,1,1,allocated
842,1287,normal,0,0,65535_65535,1,8,87,1906,0,1,0,42,0,28,1,1,pre_allocation
842,1287,normal,0,0,65535_65535,1,8,87,1952,1,1,1,43,1952,28,1,1,allocated
842,1287,normal,0,0,65535_65535,1,6,87,1952,0,1,0,43,0,28,1,1,pre_allocation
842,1287,normal,0,0,65535_65535,1,6,87,1997,1,1,1,44,1997,28,1,1,allocated
842,1287,normal,0,0,65535_65535,1,8,87,1952,0,1,0,43,0,28,1,1,pre_allocation
842,1287,normal,0,0,65535_65535,1,8,87,1997,1,1,1,44,1997,28,1,1,allocated
842,1287,normal,0,0,65535_65535,1,6,87,1997,0,1,0,44,0,28,1,1,pre_allocation
842,1287,normal,0,0,65535_65535,1,6,87,2043,1,1,1,45,2043,28,1,1,allocated
842,1287,normal,0,0,65535_65535,1,8,87,1997,0,1,0,44,0,28,1,1,pre_allocation
842,1287,normal,0,0,65535_65535,1,8,87,2043,1,1,1,45,2043,28,1,1,allocated
842,1287,normal,0,0,65535_65535,1,6,87,2043,0,1,0,45,0,28,1,1,pre_allocation
842,1287,normal,0,0,65535_65535,1,6,87,2088,1,1,1,46,2088,28,1,1,allocated
842,1287,normal,0,0,65535_65535,1,8,87,2043,0,1,0,45,0,28,1,1,pre_allocation
842,1287,normal,0,0,65535_65535,1,8,87,2088,1,1,1,46,2088,28,1,1,allocated
842,1287,normal,0,0,65535_65535,1,6,87,2088,0,1,0,46,0,28,1,1,pre_allocation
842,1287,normal,0,0,65535_65535,1,6,87,2134,1,1,1,47,2134,28,1,1,allocated
842,1287,normal,0,0,65535_65535,1,8,87,2088,0,1,0,46,0,28,1,1,pre_allocation
842,1287,normal,0,0,65535_65535,1,8,87,2134,1,1,1,47,2134,28,1,1,allocated
842,1287,normal,0,0,65535_65535,1,6,87,2134,0,1,0,47,0,28,1,1,pre_allocation
842,1287,normal,0,0,65535_65535,1,6,87,2179,1,1,1,48,2179,28,1,1,allocated
842,1287,normal,0,0,65535_65535,1,8,87,2134,0,1,0,47,0,28,1,1,pre_allocation
842,1287,normal,0,0,65535_65535,1,8,87,2179,1,1,1,48,2179,28,1,1,allocated
842,1287,normal,0,0,65535_65535,1,6,87,2179,0,1,0,48,0,28,1,1,pre_allocation
842,1287,normal,0,0,65535_65535,1,6,87,2225,1,1,1,49,2225,28,1,1,allocated
842,1287,normal,0,0,65535_65535,1,8,87,2179,0,1,0,48,0,28,1,1,pre_allocation
842,1287,normal,0,0,65535_65535,1,8,87,2225,1,1,1,49,2225,28,1,1,allocated
842,1287,normal,0,0,65535_65535,1,6,87,2225,0,1,0,49,0,28,1,1,pre_allocation
842,1287,normal,0,0,65535_65535,1,6,87,2271,1,1,1,50,2271,28,1,1,allocated
842,1287,normal,0,0,65535_65535,1,8,87,2225,0,1,0,49,0,28,1,1,pre_allocation
842,1287,normal,0,0,65535_65535,1,8,87,2271,1,1,1,50,2271,28,1,1,allocated
842,1287,normal,0,0,65535_65535,1,6,87,2271,0,1,0,50,0,28,1,1,pre_allocation
842,1287,normal,0,0,65535_65535,1,6,87,2313,1,1,1,51,2313,28,1,1,allocated
842,1287,normal,0,0,65535_65535,1,8,87,2271,0,1,0,50,0,28,1,1,pre_allocation
842,1287,normal,0,0,65535_65535,1,8,87,2313,1,1,1,51,2313,28,1,1,allocated
842,1287,normal,0,0,65535_65535,1,6,87,2313,0,1,0,51,0,28,1,1,pre_allocation
842,1287,normal,0,0,65535_65535,1,6,87,2359,1,1,1,52,2359,28,1,1,allocated
842,1287,normal,0,0,65535_65535,1,8,87,2313,0,1,0,51,0,28,1,1,pre_allocation
842,1287,normal,0,0,65535_65535,1,8,87,2359,1,1,1,52,2359,28,1,1,allocated
842,1287,normal,0,0,65535_65535,1,6,87,2359,0,1,0,52,0,28,1,1,pre_allocation
842,1287,normal,0,0,65535_65535,1,6,87,2404,1,1,1,53,2404,28,1,1,allocated
842,1287,normal,0,0,65535_65535,1,8,87,2359,0,1,0,52,0,28,1,1,pre_allocation
842,1287,normal,0,0,65535_65535,1,8,87,2404,1,1,1,53,2404,28,1,1,allocated
842,1287,normal,0,0,65535_65535,1,6,87,2404,0,1,0,53,0,28,1,1,pre_allocation
842,1287,normal,0,0,65535_65535,1,6,87,2450,1,1,1,54,2450,28,1,1,allocated
842,1287,normal,0,0,65535_65535,1,8,87,2404,0,1,0,53,0,28,1,1,pre_allocation
842,1287,normal,0,0,65535_65535,1,8,87,2450,1,1,1,54,2450,28,1,1,allocated
842,1287,normal,0,0,65535_65535,1,6,87,2450,0,1,0,54,0,28,1,1,pre_allocation
842,1287,normal,0,0,65535_65535,1,6,87,2495,1,1,1,55,2495,28,1,1,allocated
842,1287,normal,0,0,65535_65535,1,8,87,2450,0,1,0,54,0,28,1,1,pre_allocation
842,1287,normal,0,0,65535_65535,1,8,87,2495,1,1,1,55,2495,28,1,1,allocated
842,1287,normal,0,0,65535_65535,1,6,87,2495,0,1,0,55,0,28,1,1,pre_allocation
842,1287,normal,0,0,65535_65535,1,6,87,2541,1,1,1,56,2541,28,1,1,allocated
842,1287,normal,0,0,65535_65535,1,8,87,2495,0,1,0,55,0,28,1,1,pre_allocation
842,1287,normal,0,0,65535_65535,1,8,87,2541,1,1,1,56,2541,28,1,1,allocated
842,1287,normal,0,0,65535_65535,1,6,87,2541,0,1,0,56,0,28,1,1,pre_allocation
842,1287,normal,0,0,65535_65535,1,6,87,2586,1,1,1,57,2586,28,1,1,allocated
842,1287,normal,0,0,65535_65535,1,8,87,2541,0,1,0,56,0,28,1,1,pre_allocation
842,1287,normal,0,0,65535_65535,1,8,87,2586,1,1,1,57,2586,28,1,1,allocated
842,1287,normal,0,0,65535_65535,2,11,137,0,0,1,0,0,0,15,1,1,pre_allocation
842,1287,normal,0,0,65535_65535,2,11,137,14,1,1,1,1,14,15,1,1,allocated
842,1287,normal,0,0,65535_65535,2,23,137,0,0,1,0,0,0,8,1,1,pre_allocation
842,1287,normal,0,0,65535_65535,2,23,137,4,1,1,1,1,4,8,1,1,allocated
842,1287,normal,0,0,65535_65535,2,25,137,0,0,1,0,0,0,28,1,1,pre_allocation
842,1287,normal,0,0,65535_65535,2,25,137,42,1,1,1,1,42,28,1,1,allocated
842,1287,normal,0,0,65535_65535,2,12,137,0,0,1,0,0,0,28,1,1,pre_allocation
842,1287,normal,0,0,65535_65535,2,12,137,42,1,1,1,1,42,28,1,1,allocated
842,1287,normal,0,0,65535_65535,2,21,137,0,0,1,0,0,0,28,1,1,pre_allocation
842,1287,normal,0,0,65535_65535,2,21,137,42,1,1,1,1,42,28,1,1,allocated
842,1287,normal,0,0,65535_65535,2,27,137,0,0,1,0,0,0,28,1,1,pre_allocation
842,1287,normal,0,0,65535_65535,2,27,137,42,1,1,1,1,42,28,1,1,allocated
842,1287,normal,0,0,65535_65535,2,22,137,0,0,1,0,0,0,28,1,1,pre_allocation
842,1287,normal,0,0,65535_65535,2,22,137,42,1,1,1,1,42,28,1,1,allocated
842,1287,normal,0,0,65535_65535,2,28,137,0,0,1,0,0,0,28,1,1,pre_allocation
842,1287,normal,0,0,65535_65535,2,28,137,42,1,1,1,1,42,28,1,1,allocated
842,1287,normal,0,0,65535_65535,2,11,137,14,0,1,0,1,0,15,1,1,pre_allocation
842,1287,normal,0,0,65535_65535,2,11,137,32,1,1,1,2,32,15,1,1,allocated
842,1287,normal,0,0,65535_65535,2,23,137,4,0,1,0,1,0,8,1,1,pre_allocation
842,1287,normal,0,0,65535_65535,2,23,137,11,1,1,1,2,11,8,1,1,allocated
842,1287,normal,0,0,65535_65535,2,25,137,42,0,1,0,1,0,28,1,1,pre_allocation
842,1287,normal,0,0,65535_65535,2,25,137,88,1,1,1,2,88,28,1,1,allocated
842,1287,normal,0,0,65535_65535,2,12,137,42,0,1,0,1,0,28,1,1,pre_allocation
842,1287,normal,0,0,65535_65535,2,12,137,88,1,1,1,2,88,28,1,1,allocated
842,1287,normal,0,0,65535_65535,2,21,137,42,0,1,0,1,0,28,1,1,pre_allocation
842,1287,normal,0,0,65535_65535,2,21,137,88,1,1,1,2,88,28,1,1,allocated
842,1287,normal,0,0,65535_65535,2,27,137,42,0,1,0,1,0,28,1,1,pre_allocation
842,1287,normal,0,0,65535_65535,2,27,137,88,1,1,1,2,88,28,1,1,allocated
842,1287,normal,0,0,65535_65535,2,22,137,42,0,1,0,1,0,28,1,1,pre_allocation
842,1287,normal,0,0,65535_65535,2,22,137,88,1,1,1,2,88,28,1,1,allocated
842,1287,normal,0,0,65535_65535,2,28,137,42,0,1,0,1,0,28,1,1,pre_allocation
842,1287,normal,0,0,65535_65535,2,28,137,88,1,1,1,2,88,28,1,1,allocated
842,1287,normal,0,0,65535_65535,2,11,137,32,0,1,0,2,0,15,1,1,pre_allocation
842,1287,normal,0,0,65535_65535,2,11,137,50,1,1,1,3,50,15,1,1,allocated
842,1287,normal,0,0,65535_65535,2,23,137,11,0,1,0,2,0,8,1,1,pre_allocation
842,1287,normal,0,0,65535_65535,2,23,137,18,1,1,1,3,18,8,1,1,allocated
842,1287,normal,0,0,65535_65535,2,25,137,88,0,1,0,2,0,28,1,1,pre_allocation
842,1287,normal,0,0,65535_65535,2,25,137,133,1,1,1,3,133,28,1,1,allocated
842,1287,normal,0,0,65535_65535,2,12,137,88,0,1,0,2,0,28,1,1,pre_allocation
842,1287,normal,0,0,65535_65535,2,12,137,133,1,1,1,3,133,28,1,1,allocated
842,1287,normal,0,0,65535_65535,2,21,137,88,0,1,0,2,0,28,1,1,pre_allocation
842,1287,normal,0,0,65535_65535,2,21,137,133,1,1,1,3,133,28,1,1,allocated
842,1287,normal,0,0,65535_65535,2,27,137,88,0,1,0,2,0,28,1,1,pre_allocation
842,1287,normal,0,0,65535_65535,2,27,137,133,1,1,1,3,133,28,1,1,allocated
842,1287,normal,0,0,65535_65535,2,22,137,88,0,1,0,2,0,28,1,1,pre_allocation
842,1287,normal,0,0,65535_65535,2,22,137,133,1,1,1,3,133,28,1,1,allocated
842,1287,normal,0,0,65535_65535,2,28,137,88,0,1,0,2,0,28,1,1,pre_allocation
842,1287,normal,0,0,65535_65535,2,28,137,133,1,1,1,3,133,28,1,1,allocated
842,1287,normal,0,0,65535_65535,2,11,137,50,0,1,0,3,0,15,1,1,pre_allocation
842,1287,normal,0,0,65535_65535,2,11,137,68,1,1,1,4,68,15,1,1,allocated
842,1287,normal,0,0,65535_65535,2,23,137,18,0,1,0,3,0,8,1,1,pre_allocation
842,1287,normal,0,0,65535_65535,2,23,137,26,1,1,1,4,26,8,1,1,allocated
842,1287,normal,0,0,65535_65535,2,25,137,133,0,1,0,3,0,28,1,1,pre_allocation
842,1287,normal,0,0,65535_65535,2,25,137,179,1,1,1,4,179,28,1,1,allocated
842,1287,normal,0,0,65535_65535,2,12,137,133,0,1,0,3,0,28,1,1,pre_allocation
842,1287,normal,0,0,65535_65535,2,12,137,179,1,1,1,4,179,28,1,1,allocated
842,1287,normal,0,0,65535_65535,2,21,137,133,0,1,0,3,0,28,1,1,pre_allocation
842,1287,normal,0,0,65535_65535,2,21,137,179,1,1,1,4,179,28,1,1,allocated
842,1287,normal,0,0,65535_65535,2,27,137,133,0,1,0,3,0,28,1,1,pre_allocation
842,1287,normal,0,0,65535_65535,2,27,137,179,1,1,1,4,179,28,1,1,allocated
842,1287,normal,0,0,65535_65535,2,22,137,133,0,1,0,3,0,28,1,1,pre_allocation
842,1287,normal,0,0,65535_65535,2,22,137,179,1,1,1,4,179,28,1,1,allocated
842,1287,normal,0,0,65535_65535,2,28,137,133,0,1,0,3,0,28,1,1,pre_allocation
842,1287,normal,0,0,65535_65535,2,28,137,179,1,1,1,4,179,28,1,1,allocated
842,1287,normal,0,0,65535_65535,2,11,137,68,0,1,0,4,0,15,1,1,pre_allocation
842,1287,normal,0,0,65535_65535,2,11,137,86,1,1,1,5,86,15,1,1,allocated
842,1287,normal,0,0,65535_65535,2,23,137,26,0,1,0,4,0,8,1,1,pre_allocation
842,1287,normal,0,0,65535_65535,2,23,137,33,1,1,1,5,33,8,1,1,allocated
842,1287,normal,0,0,65535_65535,2,25,137,179,0,1,0,4,0,28,1,1,pre_allocation
842,1287,normal,0,0,65535_65535,2,25,137,224,1,1,1,5,224,28,1,1,allocated
842,1287,normal,0,0,65535_65535,2,12,137,179,0,1,0,4,0,28,1,1,pre_allocation
842,1287,normal,0,0,65535_65535,2,12,137,224,1,1,1,5,224,28,1,1,allocated
842,1287,normal,0,0,65535_65535,2,21,137,179,0,1,0,4,0,28,1,1,pre_allocation
842,1287,normal,0,0,65535_65535,2,21,137,224,1,1,1,5,224,28,1,1,allocated
842,1287,normal,0,0,65535_65535,2,27,137,179,0,1,0,4,0,28,1,1,pre_allocation
842,1287,normal,0,0,65535_65535,2,27,137,224,1,1,1,5,224,28,1,1,allocated
842,1287,normal,0,0,65535_65535,2,22,137,179,0,1,0,4,0,28,1,1,pre_allocation
842,1287,normal,0,0,65535_65535,2,22,137,224,1,1,1,5,224,28,1,1,allocated
842,1287,normal,0,0,65535_65535,2,28,137,179,0,1,0,4,0,28,1,1,pre_allocation
842,1287,normal,0,0,65535_65535,2,28,137,224,1,1,1,5,224,28,1,1,allocated
842,1287,normal,0,0,65535_65535,2,11,137,86,0,1,0,5,0,15,1,1,pre_allocation
842,1287,normal,0,0,65535_65535,2,11,137,103,1,1,1,6,103,15,1,1,allocated
842,1287,normal,0,0,65535_65535,2,23,137,33,0,1,0,5,0,8,1,1,pre_allocation
842,1287,normal,0,0,65535_65535,2,23,137,40,1,1,1,6,40,8,1,1,allocated
842,1287,normal,0,0,65535_65535,2,25,137,224,0,1,0,5,0,28,1,1,pre_allocation
842,1287,normal,0,0,65535_65535,2,25,137,270,1,1,1,6,270,28,1,1,allocated
842,1287,normal,0,0,65535_65535,2,12,137,224,0,1,0,5,0,28,1,1,pre_allocation
842,1287,normal,0,0,65535_65535,2,12,137,270,1,1,1,6,270,28,1,1,allocated
842,1287,normal,0,0,65535_65535,2,21,137,224,0,1,0,5,0,28,1,1,pre_allocation
842,1287,normal,0,0,65535_65535,2,21,137,270,1,1,1,6,270,28,1,1,allocated
842,1287,normal,0,0,65535_65535,2,27,137,224,0,1,0,5,0,28,1,1,pre_allocation
842,1287,normal,0,0,65535_65535,2,27,137,270,1,1,1,6,270,28,1,1,allocated
842,1287,normal,0,0,65535_65535,2,22,137,224,0,1,0,5,0,28,1,1,pre_allocation
842,1287,normal,0,0,65535_65535,2,22,137,270,1,1,1,6,270,28,1,1,allocated
842,1287,normal,0,0,65535_65535,2,28,137,224,0,1,0,5,0,28,1,1,pre_allocation
842,1287,normal,0,0,65535_65535,2,28,137,270,1,1,1,6,270,28,1,1,allocated
842,1287,normal,0,0,65535_65535,2,11,137,103,0,1,0,6,0,15,1,1,pre_allocation
842,1287,normal,0,0,65535_65535,2,11,137,121,1,1,1,7,121,15,1,1,allocated
842,1287,normal,0,0,65535_65535,2,23,137,40,0,1,0,6,0,8,1,1,pre_allocation
842,1287,normal,0,0,65535_65535,2,23,137,47,1,1,1,7,47,8,1,1,allocated
842,1287,normal,0,0,65535_65535,2,25,137,270,0,1,0,6,0,28,1,1,pre_allocation
842,1287,normal,0,0,65535_65535,2,25,137,315,1,1,1,7,315,28,1,1,allocated
842,1287,normal,0,0,65535_65535,2,12,137,270,0,1,0,6,0,28,1,1,pre_allocation
842,1287,normal,0,0,65535_65535,2,12,137,315,1,1,1,7,315,28,1,1,allocated
842,1287,normal,0,0,65535_65535,2,21,137,270,0,1,0,6,0,28,1,1,pre_allocation
842,1287,normal,0,0,65535_65535,2,21,137,315,1,1,1,7,315,28,1,1,allocated
842,1287,normal,0,0,65535_65535,2,27,137,270,0,1,0,6,0,28,1,1,pre_allocation
842,1287,normal,0,0,65535_65535,2,27,137,315,1,1,1,7,315,28,1,1,allocated
842,1287,normal,0,0,65535_65535,2,22,137,270,0,1,0,6,0,28,1,1,pre_allocation
842,1287,normal,0,0,65535_65535,2,22,137,315,1,1,1,7,315,28,1,1,allocated
842,1287,normal,0,0,65535_65535,2,28,137,270,0,1,0,6,0,28,1,1,pre_allocation
842,1287,normal,0,0,65535_65535,2,28,137,315,1,1,1,7,315,28,1,1,allocated
842,1287,normal,0,0,65535_65535,2,11,137,121,0,1,0,7,0,15,1,1,pre_allocation
842,1287,normal,0,0,65535_65535,2,11,137,139,1,1,1,8,139,15,1,1,allocated
842,1287,normal,0,0,65535_65535,2,23,137,47,0,1,0,7,0,8,1,1,pre_allocation
842,1287,normal,0,0,65535_65535,2,23,137,55,1,1,1,8,55,8,1,1,allocated
842,1287,normal,0,0,65535_65535,2,25,137,315,0,1,0,7,0,28,1,1,pre_allocation
842,1287,normal,0,0,65535_65535,2,25,137,361,1,1,1,8,361,28,1,1,allocated
842,1287,normal,0,0,65535_65535,2,12,137,315,0,1,0,7,0,28,1,1,pre_allocation
842,1287,normal,0,0,65535_65535,2,12,137,361,1,1,1,8,361,28,1,1,allocated
842,1287,normal,0,0,65535_65535,2,21,137,315,0,1,0,7,0,28,1,1,pre_allocation
842,1287,normal,0,0,65535_65535,2,21,137,361,1,1,1,8,361,28,1,1,allocated
842,1287,normal,0,0,65535_65535,2,27,137,315,0,1,0,7,0,28,1,1,pre_allocation
842,1287,normal,0,0,65535_65535,2,27,137,361,1,1,1,8,361,28,1,1,allocated
842,1287,normal,0,0,65535_65535,2,22,137,315,0,1,0,7,0,28,1,1,pre_allocation
842,1287,normal,0,0,65535_65535,2,22,137,361,1,1,1,8,361,28,1,1,allocated
842,1287,normal,0,0,65535_65535,2,28,137,315,0,1,0,7,0,28,1,1,pre_allocation
842,1287,normal,0,0,65535_65535,2,28,137,361,1,1,1,8,361,28,1,1,allocated
842,1287,normal,0,0,65535_65535,2,11,137,139,0,1,0,8,0,15,1,1,pre_allocation
842,1287,normal,0,0,65535_65535,2,11,137,157,1,1,1,9,157,15,1,1,allocated
842,1287,normal,0,0,65535_65535,2,23,137,55,0,1,0,8,0,8,1,1,pre_allocation
842,1287,normal,0,0,65535_65535,2,23,137,62,1,1,1,9,62,8,1,1,allocated
842,1287,normal,0,0,65535_65535,2,25,137,361,0,1,0,8,0,28,1,1,pre_allocation
842,1287,normal,0,0,65535_65535,2,25,137,406,1,1,1,9,406,28,1,1,allocated
842,1287,normal,0,0,65535_65535,2,12,137,361,0,1,0,8,0,28,1,1,pre_allocation
842,1287,normal,0,0,65535_65535,2,12,137,406,1,1,1,9,406,28,1,1,allocated
842,1287,normal,0,0,65535_65535,2,21,137,361,0,1,0,8,0,28,1,1,pre_allocation
842,1287,normal,0,0,65535_65535,2,21,137,406,1,1,1,9,406,28,1,1,allocated
842,1287,normal,0,0,65535_65535,2,27,137,361,0,1,0,8,0,28,1,1,pre_allocation
842,1287,normal,0,0,65535_65535,2,27,137,406,1,1,1,9,406,28,1,1,allocated
842,1287,normal,0,0,65535_65535,2,22,137,361,0,1,0,8,0,28,1,1,pre_allocation
842,1287,normal,0,0,65535_65535,2,22,137,406,1,1,1,9,406,28,1,1,allocated
842,1287,normal,0,0,65535_65535,2,28,137,361,0,1,0,8,0,28,1,1,pre_allocation
842,1287,normal,0,0,65535_65535,2,28,137,406,1,1,1,9,406,28,1,1,allocated
842,1287,normal,0,0,65535_65535,2,11,137,157,0,1,0,9,0,15,1,1,pre_allocation
842,1287,normal,0,0,65535_65535,2,11,137,175,1,1,1,10,175,15,1,1,allocated
842,1287,normal,0,0,65535_65535,2,23,137,62,0,1,0,9,0,8,1,1,pre_allocation
842,1287,normal,0,0,65535_65535,2,23,137,69,1,1,1,10,69,8,1,1,allocated
842,1287,normal,0,0,65535_65535,2,25,137,406,0,1,0,9,0,28,1,1,pre_allocation
842,1287,normal,0,0,65535_65535,2,25,137,452,1,1,1,10,452,28,1,1,allocated
954,1385,normal,0,0,65535_65535,0,2,1293214,0,0,1,0,0,0,4,1,1,pre_allocation
954,1385,normal,0,0,65535_65535,0,2,1293214,0,1,1,1,1,0,4,1,1,allocated
954,1385,normal,0,0,65535_65535,0,5,1510453,0,0,1,0,0,0,15,1,1,pre_allocation
954,1385,normal,0,0,65535_65535,0,5,1510453,14,1,1,1,1,14,15,1,1,allocated
954,1385,normal,0,0,65535_65535,0,3,1019985,0,0,1,0,0,0,8,1,1,pre_allocation
954,1385,normal,0,0,65535_65535,0,3,1019985,4,1,1,1,1,4,8,1,1,allocated
954,1385,normal,0,0,65535_65535,0,2,1293214,0,0,1,0,1,0,4,1,1,pre_allocation
954,1385,normal,0,0,65535_65535,0,2,1293214,3,1,1,1,2,3,4,1,1,allocated
954,1385,normal,0,0,65535_65535,0,5,1510453,14,0,1,0,1,0,15,1,1,pre_allocation
954,1385,normal,0,0,65535_65535,0,5,1510453,32,1,1,1,2,32,15,1,1,allocated
954,1385,normal,0,0,65535_65535,0,3,1019985,4,0,1,0,1,0,8,1,1,pre_allocation
954,1385,normal,0,0,65535_65535,0,3,1019985,11,1,1,1,2,11,8,1,1,allocated
954,1385,normal,0,0,65535_65535,0,2,1293214,3,0,1,0,2,0,4,1,1,pre_allocation
954,1385,normal,0,0,65535_65535,0,2,1293214,6,1,1,1,3,6,4,1,1,allocated
954,1385,normal,0,0,65535_65535,0,5,1510453,32,0,1,0,2,0,15,1,1,pre_allocation
954,1385,normal,0,0,65535_65535,0,5,1510453,50,1,1,1,3,50,15,1,1,allocated
954,1385,normal,0,0,65535_65535,0,3,1019985,11,0,1,0,2,0,8,1,1,pre_allocation
954,1385,normal,0,0,65535_65535,0,3,1019985,18,1,1,1,3,18,8,1,1,allocated
954,1385,normal,0,0,65535_65535,0,2,1293214,6,0,1,0,3,0,4,1,1,pre_allocation
954,1385,normal,0,0,65535_65535,0,2,1293214,9,1,1,1,4,9,4,1,1,allocated
954,1385,normal,0,0,65535_65535,0,5,1510453,50,0,1,0,3,0,15,1,1,pre_allocation
954,1385,normal,0,0,65535_65535,0,5,1510453,68,1,1,1,4,68,15,1,1,allocated
954,1385,normal,0,0,65535_65535,0,3,1019985,18,0,1,0,3,0,8,1,1,pre_allocation
954,1385,normal,0,0,65535_65535,0,3,1019985,26,1,1,1,4,26,8,1,1,allocated
954,1385,normal,0,0,65535_65535,0,2,1293214,9,0,1,0,4,0,4,1,1,pre_allocation
954,1385,normal,0,0,65535_65535,0,2,1293214,12,1,1,1,5,12,4,1,1,allocated
954,1385,normal,0,0,65535_65535,0,5,1510453,68,0,1,0,4,0,15,1,1,pre_allocation
954,1385,normal,0,0,65535_65535,0,5,1510453,86,1,1,1,5,86,15,1,1,allocated
954,1385,normal,0,0,65535_65535,0,3,1019985,26,0,1,0,4,0,8,1,1,pre_allocation
954,1385,normal,0,0,65535_65535,0,3,1019985,33,1,1,1,5,33,8,1,1,allocated
954,1385,normal,0,0,65535_65535,0,2,1293214,12,0,1,0,5,0,4,1,1,pre_allocation
954,1385,normal,0,0,65535_65535,0,2,1293214,15,1,1,1,6,15,4,1,1,allocated
954,1385,normal,0,0,65535_65535,0,5,1510453,86,0,1,0,5,0,15,1,1,pre_allocation
954,1385,normal,0,0,65535_65535,0,5,1510453,103,1,1,1,6,103,15,1,1,allocated
954,1385,normal,0,0,65535_65535,0,3,1019985,33,0,1,0,5,0,8,1,1,pre_allocation
954,1385,normal,0,0,65535_65535,0,3,1019985,40,1,1,1,6,40,8,1,1,allocated
954,1385,normal,0,0,65535_65535,0,2,1293214,15,0,1,0,6,0,4,1,1,pre_allocation
954,1385,normal,0,0,65535_65535,0,2,1293214,18,1,1,1,7,18,4,1,1,allocated
954,1385,normal,0,0,65535_65535,0,5,1510453,103,0,1,0,6,0,15,1,1,pre_allocation
954,1385,normal,0,0,65535_65535,0,5,1510453,121,1,1,1,7,121,15,1,1,allocated
954,1385,normal,0,0,65535_65535,0,3,1019985,40,0,1,0,6,0,8,1,1,pre_allocation
954,1385,normal,0,0,65535_65535,0,3,1019985,47,1,1,1,7,47,8,1,1,allocated
954,1385,normal,0,0,65535_65535,0,2,1293214,18,0,1,0,7,0,4,1,1,pre_allocation
954,1385,normal,0,0,65535_65535,0,2,1293214,22,1,1,1,8,22,4,1,1,allocated
954,1385,normal,0,0,65535_65535,0,5,1510453,121,0,1,0,7,0,15,1,1,pre_allocation
954,1385,normal,0,0,65535_65535,0,5,1510453,139,1,1,1,8,139,15,1,1,allocated
954,1385,normal,0,0,65535_65535,0,3,1019985,47,0,1,0,7,0,8,1,1,pre_allocation
954,1385,normal,0,0,65535_65535,0,3,1019985,55,1,1,1,8,55,8,1,1,allocated
954,1385,normal,0,0,65535_65535,0,2,1293214,22,0,1,0,8,0,4,1,1,pre_allocation
954,1385,normal,0,0,65535_65535,0,2,1293214,25,1,1,1,9,25,4,1,1,allocated
954,1385,normal,0,0,65535_65535,0,5,1510453,139,0,1,0,8,0,15,1,1,pre_allocation
954,1385,normal,0,0,65535_65535,0,5,1510453,157,1,1,1,9,157,15,1,1,allocated
954,1385,normal,0,0,65535_65535,0,3,1019985,55,0,1,0,8,0,8,1,1,pre_allocation
954,1385,normal,0,0,65535_65535,0,3,1019985,62,1,1,1,9,62,8,1,1,allocated
954,1385,normal,0,0,65535_65535,0,2,1293214,25,0,1,0,9,0,4,1,1,pre_allocation
954,1385,normal,0,0,65535_65535,0,2,1293214,28,1,1,1,10,28,4,1,1,allocated
954,1385,normal,0,0,65535_65535,0,5,1510453,157,0,1,0,9,0,15,1,1,pre_allocation
954,1385,normal,0,0,65535_65535,0,5,1510453,175,1,1,1,10,175,15,1,1,allocated
954,1385,normal,0,0,65535_65535,0,3,1019985,62,0,1,0,9,0,8,1,1,pre_allocation
954,1385,normal,0,0,65535_65535,0,3,1019985,69,1,1,1,10,69,8,1,1,allocated
954,1385,normal,0,0,65535_65535,0,2,1293214,28,0,1,0,10,0,4,1,1,pre_allocation
954,1385,normal,0,0,65535_65535,0,2,1293214,31,1,1,1,11,31,4,1,1,allocated
954,1385,normal,0,0,65535_65535,0,5,1510453,175,0,1,0,10,0,15,1,1,pre_allocation
954,1385,normal,0,0,65535_65535,0,5,1510453,193,1,1,1,11,193,15,1,1,allocated
954,1385,normal,0,0,65535_65535,0,3,1019985,69,0,1,0,10,0,8,1,1,pre_allocation
954,1385,normal,0,0,65535_65535,0,3,1019985,76,1,1,1,11,76,8,1,1,allocated
954,1385,normal,0,0,65535_65535,0,2,1293214,31,0,1,0,11,0,4,1,1,pre_allocation
954,1385,normal,0,0,65535_65535,0,2,1293214,34,1,1,1,12,34,4,1,1,allocated
954,1385,normal,0,0,65535_65535,0,5,1510453,193,0,1,0,11,0,15,1,1,pre_allocation
954,1385,normal,0,0,65535_65535,0,5,1510453,210,1,1,1,12,210,15,1,1,allocated
954,1385,normal,0,0,65535_65535,0,3,1019985,76,0,1,0,11,0,8,1,1,pre_allocation
954,1385,normal,0,0,65535_65535,0,3,1019985,84,1,1,1,12,84,8,1,1,allocated
954,1385,normal,0,0,65535_65535,0,2,1293214,34,0,1,0,12,0,4,1,1,pre_allocation
954,1385,normal,0,0,65535_65535,0,2,1293214,37,1,1,1,13,37,4,1,1,allocated
954,1385,normal,0,0,65535_65535,0,5,1510453,210,0,1,0,12,0,15,1,1,pre_allocation
954,1385,normal,0,0,65535_65535,0,5,1510453,228,1,1,1,13,228,15,1,1,allocated
954,1385,normal,0,0,65535_65535,0,3,1019985,84,0,1,0,12,0,8,1,1,pre_allocation
954,1385,normal,0,0,65535_65535,0,3,1019985,91,1,1,1,13,91,8,1,1,allocated
954,1385,normal,0,0,65535_65535,0,2,1293214,37,0,1,0,13,0,4,1,1,pre_allocation
954,1385,normal,0,0,65535_65535,0,2,1293214,40,1,1,1,14,40,4,1,1,allocated
954,1385,normal,0,0,65535_65535,0,5,1510453,228,0,1,0,13,0,15,1,1,pre_allocation
954,1385,normal,0,0,65535_65535,0,5,1510453,246,1,1,1,14,246,15,1,1,allocated
954,1385,normal,0,0,65535_65535,0,3,1019985,91,0,1,0,13,0,8,1,1,pre_allocation
954,1385,normal,0,0,65535_65535,0,3,1019985,98,1,1,1,14,98,8,1,1,allocated
954,1385,normal,0,0,65535_65535,0,2,1293214,40,0,1,0,14,0,4,1,1,pre_allocation
954,1385,normal,0,0,65535_65535,0,2,1293214,44,1,1,1,15,44,4,1,1,allocated
954,1385,normal,0,0,65535_65535,0,5,1510453,246,0,1,0,14,0,15,1,1,pre_allocation
954,1385,normal,0,0,65535_65535,0,5,1510453,264,1,1,1,15,264,15,1,1,allocated
954,1385,normal,0,0,65535_65535,0,3,1019985,98,0,1,0,14,0,8,1,1,pre_allocation
954,1385,normal,0,0,65535_65535,0,3,1019985,105,1,1,1,15,105,8,1,1,allocated
954,1385,normal,0,0,65535_65535,0,2,1293214,44,0,1,0,15,0,4,1,1,pre_allocation
954,1385,normal,0,0,65535_65535,0,2,1293214,47,1,1,1,16,47,4,1,1,allocated
954,1385,normal,0,0,65535_65535,0,5,1510453,264,0,1,0,15,0,15,1,1,pre_allocation
954,1385,normal,0,0,65535_65535,0,5,1510453,282,1,1,1,16,282,15,1,1,allocated
954,1385,normal,0,0,65535_65535,0,3,1019985,105,0,1,0,15,0,8,1,1,pre_allocation
954,1385,normal,0,0,65535_65535,0,3,1019985,113,1,1,1,16,113,8,1,1,allocated
954,1385,normal,0,0,65535_65535,0,2,1293214,47,0,1,0,16,0,4,1,1,pre_allocation
954,1385,normal,0,0,65535_65535,0,2,1293214,50,1,1,1,17,50,4,1,1,allocated
954,1385,normal,0,0,65535_65535,0,5,1510453,282,0,1,0,16,0,15,1,1,pre_allocation
954,1385,normal,0,0,65535_65535,0,5,1510453,299,1,1,1,17,299,15,1,1,allocated
954,1385,normal,0,0,65535_65535,0,3,1019985,113,0,1,0,16,0,8,1,1,pre_allocation
954,1385,normal,0,0,65535_65535,0,3,1019985,120,1,1,1,17,120,8,1,1,allocated
954,1385,normal,0,0,65535_65535,0,2,1293214,50,0,1,0,17,0,4,1,1,pre_allocation
954,1385,normal,0,0,65535_65535,0,2,1293214,53,1,1,1,18,53,4,1,1,allocated
954,1385,normal,0,0,65535_65535,0,5,1510453,299,0,1,0,17,0,15,1,1,pre_allocation
954,1385,normal,0,0,65535_65535,0,5,1510453,317,1,1,1,18,317,15,1,1,allocated
954,1385,normal,0,0,65535_65535,0,3,1019985,120,0,1,0,17,0,8,1,1,pre_allocation
954,1385,normal,0,0,65535_65535,0,3,1019985,127,1,1,1,18,127,8,1,1,allocated
954,1385,normal,0,0,65535_65535,0,2,1293214,53,0,1,0,18,0,4,1,1,pre_allocation
954,1385,normal,0,0,65535_65535,0,2,1293214,56,1,1,1,19,56,4,1,1,allocated
954,1385,normal,0,0,65535_65535,0,5,1510453,317,0,1,0,18,0,15,1,1,pre_allocation
954,1385,normal,0,0,65535_65535,0,5,1510453,335,1,1,1,19,335,15,1,1,allocated
954,1385,normal,0,0,65535_65535,0,3,1019985,127,0,1,0,18,0,8,1,1,pre_allocation
954,1385,normal,0,0,65535_65535,0,3,1019985,134,1,1,1,19,134,8,1,1,allocated
954,1385,normal,0,0,65535_65535,0,2,1293214,56,0,1,0,19,0,4,1,1,pre_allocation
954,1385,normal,0,0,65535_65535,0,2,1293214,59,1,1,1,20,59,4,1,1,allocated
954,1385,normal,0,0,65535_65535,0,5,1510453,335,0,1,0,19,0,15,1,1,pre_allocation
954,1385,normal,0,0,65535_65535,0,5,1510453,353,1,1,1,20,353,15,1,1,allocated
954,1385,normal,0,0,65535_65535,0,3,1019985,134,0,1,0,19,0,8,1,1,pre_allocation
954,1385,normal,0,0,65535_65535,0,3,1019985,142,1,1,1,20,142,8,1,1,allocated
954,1385,normal,0,0,65535_65535,0,2,1293214,59,0,1,0,20,0,4,1,1,pre_allocation
954,1385,normal,0,0,65535_65535,0,2,1293214,62,1,1,1,21,62,4,1,1,allocated
954,1385,normal,0,0,65535_65535,0,5,1510453,353,0,1,0,20,0,15,1,1,pre_allocation
954,1385,normal,0,0,65535_65535,0,5,1510453,371,1,1,1,21,371,15,1,1,allocated
954,1385,normal,0,0,65535_65535,0,3,1019985,142,0,1,0,20,0,8,1,1,pre_allocation
954,1385,normal,0,0,65535_65535,0,3,1019985,149,1,1,1,21,149,8,1,1,allocated
954,1385,normal,0,0,65535_65535,0,2,1293214,62,0,1,0,21,0,4,1,1,pre_allocation
954,1385,normal,0,0,65535_65535,0,2,1293214,65,1,1,1,22,65,4,1,1,allocated
954,1385,normal,0,0,65535_65535,0,5,1510453,371,0,1,0,21,0,15,1,1,pre_allocation
954,1385,normal,0,0,65535_65535,0,5,1510453,389,1,1,1,22,389,15,1,1,allocated
954,1385,normal,0,0,65535_65535,0,3,1019985,149,0,1,0,21,0,8,1,1,pre_allocation
954,1385,normal,0,0,65535_65535,0,3,1019985,156,1,1,1,22,156,8,1,1,allocated
954,1385,normal,0,0,65535_65535,0,2,1293214,65,0,1,0,22,0,4,1,1,pre_allocation
954,1385,normal,0,0,65535_65535,0,2,1293214,69,1,1,1,23,69,4,1,1,allocated
954,1385,normal,0,0,65535_65535,0,5,1510453,389,0,1,0,22,0,15,1,1,pre_allocation
954,1385,normal,0,0,65535_65535,0,5,1510453,406,1,1,1,23,406,15,1,1,allocated
954,1385,normal,0,0,65535_65535,0,3,1019985,156,0,1,0,22,0,8,1,1,pre_allocation
954,1385,normal,0,0,65535_65535,0,3,1019985,163,1,1,1,23,163,8,1,1,allocated
954,1385,normal,0,0,65535_65535,0,2,1293214,69,0,1,0,23,0,4,1,1,pre_allocation
954,1385,normal,0,0,65535_65535,0,2,1293214,72,1,1,1,24,72,4,1,1,allocated
954,1385,normal,0,0,65535_65535,0,5,1510453,406,0,1,0,23,0,15,1,1,pre_allocation
954,1385,normal,0,0,65535_65535,0,5,1510453,424,1,1,1,24,424,15,1,1,allocated
954,1385,normal,0,0,65535_65535,0,3,1019985,163,0,1,0,23,0,8,1,1,pre_allocation
954,1385,normal,0,0,65535_65535,0,3,1019985,171,1,1,1,24,171,8,1,1,allocated
954,1385,normal,0,0,65535_65535,0,2,1293214,72,0,1,0,24,0,4,1,1,pre_allocation
954,1385,normal,0,0,65535_65535,0,2,1293214,75,1,1,1,25,75,4,1,1,allocated
954,1385,normal,0,0,65535_65535,0,5,1510453,424,0,1,0,24,0,15,1,1,pre_allocation
954,1385,normal,0,0,65535_65535,0,5,1510453,442,1,1,1,25,442,15,1,1,allocated
954,1385,normal,0,0,65535_65535,0,3,1019985,171,0,1,0,24,0,8,1,1,pre_allocation
954,1385,normal,0,0,65535_65535,0,3,1019985,178,1,1,1,25,178,8,1,1,allocated
954,1385,normal,0,0,65535_65535,0,2,1293214,75,0,1,0,25,0,4,1,1,pre_allocation
954,1385,normal,0,0,65535_65535,0,2,1293214,78,1,1,1,26,78,4,1,1,allocated
954,1385,normal,0,0,65535_65535,0,5,1510453,442,0,1,0,25,0,15,1,1,pre_allocation
954,1385,normal,0,0,65535_65535,0,5,1510453,460,1,1,1,26,460,15,1,1,allocated
954,1385,normal,0,0,65535_65535,0,3,1019985,178,0,1,0,25,0,8,1,1,pre_allocation
954,1385,normal,0,0,65535_65535,0,3,1019985,185,1,1,1,26,185,8,1,1,allocated
954,1385,normal,0,0,65535_65535,0,2,1293214,78,0,1,0,26,0,4,1,1,pre_allocation
954,1385,normal,0,0,65535_65535,0,2,1293214,81,1,1,1,27,81,4,1,1,allocated
954,1385,normal,0,0,65535_65535,0,5,1510453,460,0,1,0,26,0,15,1,1,pre_allocation
954,1385,normal,0,0,65535_65535,0,5,1510453,478,1,1,1,27,478,15,1,1,allocated
954,1385,normal,0,0,65535_65535,0,3,1019985,185,0,1,0,26,0,8,1,1,pre_allocation
954,1385,normal,0,0,65535_65535,0,3,1019985,193,1,1,1,27,193,8,1,1,allocated
954,1385,normal,0,0,65535_65535,0,2,1293214,81,0,1,0,27,0,4,1,1,pre_allocation
954,1385,normal,0,0,65535_65535,0,2,1293214,84,1,1,1,28,84,4,1,1,allocated
954,1385,normal,0,0,65535_65535,0,5,1510453,478,0,1,0,27,0,15,1,1,pre_allocation
954,1385,normal,0,0,65535_65535,0,5,1510453,495,1,1,1,28,495,15,1,1,allocated
954,1385,normal,0,0,65535_65535,0,3,1019985,193,0,1,0,27,0,8,1,1,pre_allocation
954,1385,normal,0,0,65535_65535,0,3,1019985,200,1,1,1,28,200,8,1,1,allocated
954,1385,normal,0,0,65535_65535,0,2,1293214,84,0,1,0,28,0,4,1,1,pre_allocation
954,1385,normal,0,0,65535_65535,0,2,1293214,87,1,1,1,29,87,4,1,1,allocated
954,1385,normal,0,0,65535_65535,0,5,1510453,495,0,1,0,28,0,15,1,1,pre_allocation
954,1385,normal,0,0,65535_65535,0,5,1510453,513,1,1,1,29,513,15,1,1,allocated
954,1385,normal,0,0,65535_65535,1,10,2132,0,0,1,0,0,0,15,1,1,pre_allocation
954,1385,normal,0,0,65535_65535,1,10,2132,14,1,1,1,1,14,15,1,1,allocated
954,1385,normal,0,0,65535_65535,1,8,87,0,0,1,0,0,0,28,1,1,pre_allocation
954,1385,normal,0,0,65535_65535,1,8,87,42,1,1,1,1,42,28,1,1,allocated
954,1385,normal,0,0,65535_65535,1,6,87,0,0,1,0,0,0,28,1,1,pre_allocation
954,1385,normal,0,0,65535_65535,1,6,87,42,1,1,1,1,42,28,1,1,allocated
954,1385,normal,0,0,65535_65535,1,9,87,0,0,1,0,0,0,26,1,1,pre_allocation
954,1385,normal,0,0,65535_65535,1,9,87,39,1,1,1,1,39,26,1,1,allocated
954,1385,normal,0,0,65535_65535,1,10,2132,14,0,1,0,1,0,15,1,1,pre_allocation
954,1385,normal,0,0,65535_65535,1,10,2132,32,1,1,1,2,32,15,1,1,allocated
954,1385,normal,0,0,65535_65535,1,8,87,42,0,1,0,1,0,28,1,1,pre_allocation
954,1385,normal,0,0,65535_65535,1,8,87,88,1,1,1,2,88,28,1,1,allocated
954,1385,normal,0,0,65535_65535,1,6,87,42,0,1,0,1,0,28,1,1,pre_allocation
954,1385,normal,0,0,65535_65535,1,6,87,88,1,1,1,2,88,28,1,1,allocated
954,1385,normal,0,0,65535_65535,1,9,87,39,0,1,0,1,0,26,1,1,pre_allocation
954,1385,normal,0,0,65535_65535,1,9,87,81,1,1,1,2,81,26,1,1,allocated
954,1385,normal,0,0,65535_65535,1,10,2132,32,0,1,0,2,0,15,1,1,pre_allocation
954,1385,normal,0,0,65535_65535,1,10,2132,50,1,1,1,3,50,15,1,1,allocated
954,1385,normal,0,0,65535_65535,1,8,87,88,0,1,0,2,0,28,1,1,pre_allocation
954,1385,normal,0,0,65535_65535,1,8,87,133,1,1,1,3,133,28,1,1,allocated
954,1385,normal,0,0,65535_65535,1,6,87,88,0,1,0,2,0,28,1,1,pre_allocation
954,1385,normal,0,0,65535_65535,1,6,87,133,1,1,1,3,133,28,1,1,allocated
954,1385,normal,0,0,65535_65535,1,9,87,81,0,1,0,2,0,26,1,1,pre_allocation
954,1385,normal,0,0,65535_65535,1,9,87,123,1,1,1,3,123,26,1,1,allocated
954,1385,normal,0,0,65535_65535,1,10,2132,50,0,1,0,3,0,15,1,1,pre_allocation
954,1385,normal,0,0,65535_65535,1,10,2132,68,1,1,1,4,68,15,1,1,allocated
954,1385,normal,0,0,65535_65535,1,8,87,133,0,1,0,3,0,28,1,1,pre_allocation
954,1385,normal,0,0,65535_65535,1,8,87,179,1,1,1,4,179,28,1,1,allocated
954,1385,normal,0,0,65535_65535,1,6,87,133,0,1,0,3,0,28,1,1,pre_allocation
954,1385,normal,0,0,65535_65535,1,6,87,179,1,1,1,4,179,28,1,1,allocated
954,1385,normal,0,0,65535_65535,1,9,87,123,0,1,0,3,0,26,1,1,pre_allocation
954,1385,normal,0,0,65535_65535,1,9,87,165,1,1,1,4,165,26,1,1,allocated
954,1385,normal,0,0,65535_65535,1,10,2132,68,0,1,0,4,0,15,1,1,pre_allocation
954,1385,normal,0,0,65535_65535,1,10,2132,86,1,1,1,5,86,15,1,1,allocated
954,1385,normal,0,0,65535_65535,1,8,87,179,0,1,0,4,0,28,1,1,pre_allocation
954,1385,normal,0,0,65535_65535,1,8,87,224,1,1,1,5,224,28,1,1,allocated
954,1385,normal,0,0,65535_65535,1,6,87,179,0,1,0,4,0,28,1,1,pre_allocation
954,1385,normal,0,0,65535_65535,1,6,87,224,1,1,1,5,224,28,1,1,allocated
954,1385,normal,0,0,65535_65535,1,9,87,165,0,1,0,4,0,26,1,1,pre_allocation
954,1385,normal,0,0,65535_65535,1,9,87,207,1,1,1,5,207,26,1,1,allocated
954,1385,normal,0,0,65535_65535,1,10,2132,86,0,1,0,5,0,15,1,1,pre_allocation
954,1385,normal,0,0,65535_65535,1,10,2132,103,1,1,1,6,103,15,1,1,allocated
954,1385,normal,0,0,65535_65535,1,8,87,224,0,1,0,5,0,28,1,1,pre_allocation
954,1385,normal,0,0,65535_65535,1,8,87,270,1,1,1,6,270,28,1,1,allocated
954,1385,normal,0,0,65535_65535,1,6,87,224,0,1,0,5,0,28,1,1,pre_allocation
954,1385,normal,0,0,65535_65535,1,6,87,270,1,1,1,6,270,28,1,1,allocated
954,1385,normal,0,0,65535_65535,1,9,87,207,0,1,0,5,0,26,1,1,pre_allocation
954,1385,normal,0,0,65535_65535,1,9,87,249,1,1,1,6,249,26,1,1,allocated
954,1385,normal,0,0,65535_65535,1,10,2132,103,0,1,0,6,0,15,1,1,pre_allocation
954,1385,normal,0,0,65535_65535,1,10,2132,121,1,1,1,7,121,15,1,1,allocated
954,1385,normal,0,0,65535_65535,1,8,87,270,0,1,0,6,0,28,1,1,pre_allocation
954,1385,normal,0,0,65535_65535,1,8,87,315,1,1,1,7,315,28,1,1,allocated
954,1385,normal,0,0,65535_65535,1,6,87,270,0,1,0,6,0,28,1,1,pre_allocation
954,1385,normal,0,0,65535_65535,1,6,87,315,1,1,1,7,315,28,1,1,allocated
954,1385,normal,0,0,65535_65535,1,9,87,249,0,1,0,6,0,26,1,1,pre_allocation
954,1385,normal,0,0,65535_65535,1,9,87,291,1,1,1,7,291,26,1,1,allocated
954,1385,normal,0,0,65535_65535,1,10,2132,121,0,1,0,7,0,15,1,1,pre_allocation
954,1385,normal,0,0,65535_65535,1,10,2132,139,1,1,1,8,139,15,1,1,allocated
954,1385,normal,0,0,65535_65535,1,8,87,315,0,1,0,7,0,28,1,1,pre_allocation
954,1385,normal,0,0,65535_65535,1,8,87,361,1,1,1,8,361,28,1,1,allocated
954,1385,normal,0,0,65535_65535,1,6,87,315,0,1,0,7,0,28,1,1,pre_allocation
954,1385,normal,0,0,65535_65535,1,6,87,361,1,1,1,8,361,28,1,1,allocated
954,1385,normal,0,0,65535_65535,1,9,87,291,0,1,0,7,0,26,1,1,pre_allocation
954,1385,normal,0,0,65535_65535,1,9,87,333,1,1,1,8,333,26,1,1,allocated
954,1385,normal,0,0,65535_65535,1,10,2132,139,0,1,0,8,0,15,1,1,pre_allocation
954,1385,normal,0,0,65535_65535,1,10,2132,157,1,1,1,9,157,15,1,1,allocated
954,1385,normal,0,0,65535_65535,1,8,87,361,0,1,0,8,0,28,1,1,pre_allocation
954,1385,normal,0,0,65535_65535,1,8,87,406,1,1,1,9,406,28,1,1,allocated
954,1385,normal,0,0,65535_65535,1,6,87,361,0,1,0,8,0,28,1,1,pre_allocation
954,1385,normal,0,0,65535_65535,1,6,87,406,1,1,1,9,406,28,1,1,allocated
954,1385,normal,0,0,65535_65535,1,9,87,333,0,1,0,8,0,26,1,1,pre_allocation
954,1385,normal,0,0,65535_65535,1,9,87,375,1,1,1,9,375,26,1,1,allocated
954,1385,normal,0,0,65535_65535,1,10,2132,157,0,1,0,9,0,15,1,1,pre_allocation
954,1385,normal,0,0,65535_65535,1,10,2132,175,1,1,1,10,175,15,1,1,allocated
954,1385,normal,0,0,65535_65535,1,8,87,406,0,1,0,9,0,28,1,1,pre_allocation
954,1385,normal,0,0,65535_65535,1,8,87,452,1,1,1,10,452,28,1,1,allocated
954,1385,normal,0,0,65535_65535,1,6,87,406,0,1,0,9,0,28,1,1,pre_allocation
954,1385,normal,0,0,65535_65535,1,6,87,452,1,1,1,10,452,28,1,1,allocated
954,1385,normal,0,0,65535_65535,1,9,87,375,0,1,0,9,0,26,1,1,pre_allocation
954,1385,normal,0,0,65535_65535,1,9,87,417,1,1,1,10,417,26,1,1,allocated
954,1385,normal,0,0,65535_65535,1,10,2132,175,0,1,0,10,0,15,1,1,pre_allocation
954,1385,normal,0,0,65535_65535,1,10,2132,193,1,1,1,11,193,15,1,1,allocated
954,1385,normal,0,0,65535_65535,1,8,87,452,0,1,0,10,0,28,1,1,pre_allocation
954,1385,normal,0,0,65535_65535,1,8,87,497,1,1,1,11,497,28,1,1,allocated
954,1385,normal,0,0,65535_65535,1,6,87,452,0,1,0,10,0,28,1,1,pre_allocation
954,1385,normal,0,0,65535_65535,1,6,87,497,1,1,1,11,497,28,1,1,allocated
954,1385,normal,0,0,65535_65535,1,9,87,417,0,1,0,10,0,26,1,1,pre_allocation
954,1385,normal,0,0,65535_65535,1,9,87,459,1,1,1,11,459,26,1,1,allocated
954,1385,normal,0,0,65535_65535,1,10,2132,193,0,1,0,11,0,15,1,1,pre_allocation
954,1385,normal,0,0,65535_65535,1,10,2132,210,1,1,1,12,210,15,1,1,allocated
954,1385,normal,0,0,65535_65535,1,8,87,497,0,1,0,11,0,28,1,1,pre_allocation
954,1385,normal,0,0,65535_65535,1,8,87,543,1,1,1,12,543,28,1,1,allocated
954,1385,normal,0,0,65535_65535,1,6,87,497,0,1,0,11,0,28,1,1,pre_allocation
954,1385,normal,0,0,65535_65535,1,6,87,543,1,1,1,12,543,28,1,1,allocated
954,1385,normal,0,0,65535_65535,1,9,87,459,0,1,0,11,0,26,1,1,pre_allocation
954,1385,normal,0,0,65535_65535,1,9,87,501,1,1,1,12,501,26,1,1,allocated
954,1385,normal,0,0,65535_65535,1,10,2132,210,0,1,0,12,0,15,1,1,pre_allocation
954,1385,normal,0,0,65535_65535,1,10,2132,228,1,1,1,13,228,15,1,1,allocated
954,1385,normal,0,0,65535_65535,1,8,87,543,0,1,0,12,0,28,1,1,pre_allocation
954,1385,normal,0,0,65535_65535,1,8,87,589,1,1,1,13,589,28,1,1,allocated
954,1385,normal,0,0,65535_65535,1,6,87,543,0,1,0,12,0,28,1,1,pre_allocation
954,1385,normal,0,0,65535_65535,1,6,87,589,1,1,1,13,589,28,1,1,allocated
954,1385,normal,0,0,65535_65535,1,9,87,501,0,1,0,12,0,26,1,1,pre_allocation
954,1385,normal,0,0,65535_65535,1,9,87,543,1,1,1,13,543,26,1,1,allocated
954,1385,normal,0,0,65535_65535,1,10,2132,228,0,1,0,13,0,15,1,1,pre_allocation
954,1385,normal,0,0,65535_65535,1,10,2132,246,1,1,1,14,246,15,1,1,allocated
954,1385,normal,0,0,65535_65535,1,8,87,589,0,1,0,13,0,28,1,1,pre_allocation
954,1385,normal,0,0,65535_65535,1,8,87,634,1,1,1,14,634,28,1,1,allocated
954,1385,normal,0,0,65535_65535,1,6,87,589,0,1,0,13,0,28,1,1,pre_allocation
954,1385,normal,0,0,65535_65535,1,6,87,634,1,1,1,14,634,28,1,1,allocated
954,1385,normal,0,0,65535_65535,1,9,87,543,0,1,0,13,0,26,1,1,pre_allocation
954,1385,normal,0,0,65535_65535,1,9,87,586,1,1,1,14,586,26,1,1,allocated
954,1385,normal,0,0,65535_65535,1,10,2132,246,0,1,0,14,0,15,1,1,pre_allocation
954,1385,normal,0,0,65535_65535,1,10,2132,264,1,1,1,15,264,15,1,1,allocated
954,1385,normal,0,0,65535_65535,1,8,87,634,0,1,0,14,0,28,1,1,pre_allocation
954,1385,normal,0,0,65535_65535,1,8,87,680,1,1,1,15,680,28,1,1,allocated
954,1385,normal,0,0,65535_65535,1,6,87,634,0,1,0,14,0,28,1,1,pre_allocation
954,1385,normal,0,0,65535_65535,1,6,87,680,1,1,1,15,680,28,1,1,allocated
954,1385,normal,0,0,65535_65535,1,9,87,586,0,1,0,14,0,26,1,1,pre_allocation
954,1385,normal,0,0,65535_65535,1,9,87,628,1,1,1,15,628,26,1,1,allocated
954,1385,normal,0,0,65535_65535,1,10,2132,264,0,1,0,15,0,15,1,1,pre_allocation
954,1385,normal,0,0,65535_65535,1,10,2132,282,1,1,1,16,282,15,1,1,allocated
954,1385,normal,0,0,65535_65535,1,8,87,680,0,1,0,15,0,28,1,1,pre_allocation
954,1385,normal,0,0,65535_65535,1,8,87,725,1,1,1,16,725,28,1,1,allocated
954,1385,normal,0,0,65535_65535,1,6,87,680,0,1,0,15,0,28,1,1,pre_allocation
954,1385,normal,0,0,65535_65535,1,6,87,725,1,1,1,16,725,28,1,1,allocated
954,1385,normal,0,0,65535_65535,1,9,87,628,0,1,0,15,0,26,1,1,pre_allocation
954,1385,normal,0,0,65535_65535,1,9,87,670,1,1,1,16,670,26,1,1,allocated
954,1385,normal,0,0,65535_65535,1,10,2132,282,0,1,0,16,0,15,1,1,pre_allocation
954,1385,normal,0,0,65535_65535,1,10,2132,299,1,1,1,17,299,15,1,1,allocated
954,1385,normal,0,0,65535_65535,1,8,87,725,0,1,0,16,0,28,1,1,pre_allocation
954,1385,normal,0,0,65535_65535,1,8,87,771,1,1,1,17,771,28,1,1,allocated
954,1385,normal,0,0,65535_65535,1,6,87,725,0,1,0,16,0,28,1,1,pre_allocation
954,1385,normal,0,0,65535_65535,1,6,87,771,1,1,1,17,771,28,1,1,allocated
954,1385,normal,0,0,65535_65535,1,9,87,670,0,1,0,16,0,26,1,1,pre_allocation
954,1385,normal,0,0,65535_65535,1,9,87,712,1,1,1,17,712,26,1,1,allocated
954,1385,normal,0,0,65535_65535,1,10,2132,299,0,1,0,17,0,15,1,1,pre_allocation
954,1385,normal,0,0,65535_65535,1,10,2132,317,1,1,1,18,317,15,1,1,allocated
954,1385,normal,0,0,65535_65535,1,8,87,771,0,1,0,17,0,28,1,1,pre_allocation
954,1385,normal,0,0,65535_65535,1,8,87,816,1,1,1,18,816,28,1,1,allocated
954,1385,normal,0,0,65535_65535,1,6,87,771,0,1,0,17,0,28,1,1,pre_allocation
954,1385,normal,0,0,65535_65535,1,6,87,816,1,1,1,18,816,28,1,1,allocated
954,1385,normal,0,0,65535_65535,1,9,87,712,0,1,0,17,0,26,1,1,pre_allocation
954,1385,normal,0,0,65535_65535,1,9,87,754,1,1,1,18,754,26,1,1,allocated
954,1385,normal,0,0,65535_65535,1,10,2132,317,0,1,0,18,0,15,1,1,pre_allocation
954,1385,normal,0,0,65535_65535,1,10,2132,335,1,1,1,19,335,15,1,1,allocated
954,1385,normal,0,0,65535_65535,1,8,87,816,0,1,0,18,0,28,1,1,pre_allocation
954,1385,normal,0,0,65535_65535,1,8,87,862,1,1,1,19,862,28,1,1,allocated
954,1385,normal,0,0,65535_65535,1,6,87,816,0,1,0,18,0,28,1,1,pre_allocation
954,1385,normal,0,0,65535_65535,1,6,87,862,1,1,1,19,862,28,1,1,allocated
954,1385,normal,0,0,65535_65535,1,9,87,754,0,1,0,18,0,26,1,1,pre_allocation
954,1385,normal,0,0,65535_65535,1,9,87,796,1,1,1,19,796,26,1,1,allocated
954,1385,normal,0,0,65535_65535,1,10,2132,335,0,1,0,19,0,15,1,1,pre_allocation
954,1385,normal,0,0,65535_65535,1,10,2132,353,1,1,1,20,353,15,1,1,allocated
954,1385,normal,0,0,65535_65535,1,8,87,862,0,1,0,19,0,28,1,1,pre_allocation
954,1385,normal,0,0,65535_65535,1,8,87,907,1,1,1,20,907,28,1,1,allocated
954,1385,normal,0,0,65535_65535,1,6,87,862,0,1,0,19,0,28,1,1,pre_allocation
954,1385,normal,0,0,65535_65535,1,6,87,907,1,1,1,20,907,28,1,1,allocated
954,1385,normal,0,0,65535_65535,1,9,87,796,0,1,0,19,0,26,1,1,pre_allocation
954,1385,normal,0,0,65535_65535,1,9,87,838,1,1,1,20,838,26,1,1,allocated
954,1385,normal,0,0,65535_65535,1,10,2132,353,0,1,0,20,0,15,1,1,pre_allocation
954,1385,normal,0,0,65535_65535,1,10,2132,371,1,1,1,21,371,15,1,1,allocated
954,1385,normal,0,0,65535_65535,1,8,87,907,0,1,0,20,0,28,1,1,pre_allocation
954,1385,normal,0,0,65535_65535,1,8,87,953,1,1,1,21,953,28,1,1,allocated
954,1385,normal,0,0,65535_65535,1,6,87,907,0,1,0,20,0,28,1,1,pre_allocation
954,1385,normal,0,0,65535_65535,1,6,87,953,1,1,1,21,953,28,1,1,allocated
954,1385,normal,0,0,65535_65535,1,9,87,838,0,1,0,20,0,26,1,1,pre_allocation
954,1385,normal,0,0,65535_65535,1,9,87,880,1,1,1,21,880,26,1,1,allocated
954,1385,normal,0,0,65535_65535,1,10,2132,371,0,1,0,21,0,15,1,1,pre_allocation
954,1385,normal,0,0,65535_65535,1,10,2132,389,1,1,1,22,389,15,1,1,allocated
954,1385,normal,0,0,65535_65535,1,8,87,953,0,1,0,21,0,28,1,1,pre_allocation
954,1385,normal,0,0,65535_65535,1,8,87,998,1,1,1,22,998,28,1,1,allocated
954,1385,normal,0,0,65535_65535,1,6,87,953,0,1,0,21,0,28,1,1,pre_allocation
954,1385,normal,0,0,65535_65535,1,6,87,998,1,1,1,22,998,28,1,1,allocated
954,1385,normal,0,0,65535_65535,1,9,87,880,0,1,0,21,0,26,1,1,pre_allocation
954,1385,normal,0,0,65535_65535,1,9,87,922,1,1,1,22,922,26,1,1,allocated
954,1385,normal,0,0,65535_65535,1,10,2132,389,0,1,0,22,0,15,1,1,pre_allocation
954,1385,normal,0,0,65535_65535,1,10,2132,406,1,1,1,23,406,15,1,1,allocated
954,1385,normal,0,0,65535_65535,1,8,87,998,0,1,0,22,0,28,1,1,pre_allocation
954,1385,normal,0,0,65535_65535,1,8,87,1044,1,1,1,23,1044,28,1,1,allocated
954,1385,normal,0,0,65535_65535,1,6,87,998,0,1,0,22,0,28,1,1,pre_allocation
954,1385,normal,0,0,65535_65535,1,6,87,1044,1,1,1,23,1044,28,1,1,allocated
954,1385,normal,0,0,65535_65535,1,9,87,922,0,1,0,22,0,26,1,1,pre_allocation
954,1385,normal,0,0,65535_65535,1,9,87,964,1,1,1,23,964,26,1,1,allocated
954,1385,normal,0,0,65535_65535,1,10,2132,406,0,1,0,23,0,15,1,1,pre_allocation
954,1385,normal,0,0,65535_65535,1,10,2132,424,1,1,1,24,424,15,1,1,allocated
954,1385,normal,0,0,65535_65535,1,8,87,1044,0,1,0,23,0,28,1,1,pre_allocation
954,1385,normal,0,0,65535_65535,1,8,87,1089,1,1,1,24,1089,28,1,1,allocated
954,1385,normal,0,0,65535_65535,1,6,87,1044,0,1,0,23,0,28,1,1,pre_allocation
954,1385,normal,0,0,65535_65535,1,6,87,1089,1,1,1,24,1089,28,1,1,allocated
954,1385,normal,0,0,65535_65535,1,9,87,964,0,1,0,23,0,26,1,1,pre_allocation
954,1385,normal,0,0,65535_65535,1,9,87,1006,1,1,1,24,1006,26,1,1,allocated
954,1385,normal,0,0,65535_65535,1,10,2132,424,0,1,0,24,0,15,1,1,pre_allocation
954,1385,normal,0,0,65535_65535,1,10,2132,442,1,1,1,25,442,15,1,1,allocated
954,1385,normal,0,0,65535_65535,1,8,87,1089,0,1,0,24,0,28,1,1,pre_allocation
954,1385,normal,0,0,65535_65535,1,8,87,1135,1,1,1,25,1135,28,1,1,allocated
954,1385,normal,0,0,65535_65535,1,6,87,1089,0,1,0,24,0,28,1,1,pre_allocation
954,1385,normal,0,0,65535_65535,1,6,87,1135,1,1,1,25,1135,28,1,1,allocated
954,1385,normal,0,0,65535_65535,1,9,87,1006,0,1,0,24,0,26,1,1,pre_allocation
954,1385,normal,0,0,65535_65535,1,9,87,1048,1,1,1,25,1048,26,1,1,allocated
954,1385,normal,0,0,65535_65535,1,10,2132,442,0,1,0,25,0,15,1,1,pre_allocation
954,1385,normal,0,0,65535_65535,1,10,2132,460,1,1,1,26,460,15,1,1,allocated
954,1385,normal,0,0,65535_65535,1,8,87,1135,0,1,0,25,0,28,1,1,pre_allocation
954,1385,normal,0,0,65535_65535,1,8,87,1181,1,1,1,26,1181,28,1,1,allocated
954,1385,normal,0,0,65535_65535,1,6,87,1135,0,1,0,25,0,28,1,1,pre_allocation
954,1385,normal,0,0,65535_65535,1,6,87,1181,1,1,1,26,1181,28,1,1,allocated
954,1385,normal,0,0,65535_65535,1,9,87,1048,0,1,0,25,0,26,1,1,pre_allocation
954,1385,normal,0,0,65535_65535,1,9,87,1090,1,1,1,26,1090,26,1,1,allocated
954,1385,normal,0,0,65535_65535,1,10,2132,460,0,1,0,26,0,15,1,1,pre_allocation
954,1385,normal,0,0,65535_65535,1,10,2132,478,1,1,1,27,478,15,1,1,allocated
954,1385,normal,0,0,65535_65535,1,8,87,1181,0,1,0,26,0,28,1,1,pre_allocation
954,1385,normal,0,0,65535_65535,1,8,87,1226,1,1,1,27,1226,28,1,1,allocated
954,1385,normal,0,0,65535_65535,1,6,87,1181,0,1,0,26,0,28,1,1,pre_allocation
954,1385,normal,0,0,65535_65535,1,6,87,1226,1,1,1,27,1226,28,1,1,allocated
954,1385,normal,0,0,65535_65535,1,9,87,1090,0,1,0,26,0,26,1,1,pre_allocation
954,1385,normal,0,0,65535_65535,1,9,87,1133,1,1,1,27,1133,26,1,1,allocated
954,1385,normal,0,0,65535_65535,1,10,2132,478,0,1,0,27,0,15,1,1,pre_allocation
954,1385,normal,0,0,65535_65535,1,10,2132,495,1,1,1,28,495,15,1,1,allocated
954,1385,normal,0,0,65535_65535,1,8,87,1226,0,1,0,27,0,28,1,1,pre_allocation
954,1385,normal,0,0,65535_65535,1,8,87,1272,1,1,1,28,1272,28,1,1,allocated
954,1385,normal,0,0,65535_65535,1,6,87,1226,0,1,0,27,0,28,1,1,pre_allocation
954,1385,normal,0,0,65535_65535,1,6,87,1272,1,1,1,28,1272,28,1,1,allocated
954,1385,normal,0,0,65535_65535,1,9,87,1133,0,1,0,27,0,26,1,1,pre_allocation
954,1385,normal,0,0,65535_65535,1,9,87,1175,1,1,1,28,1175,26,1,1,allocated
954,1385,normal,0,0,65535_65535,1,10,2132,495,0,1,0,28,0,15,1,1,pre_allocation
954,1385,normal,0,0,65535_65535,1,10,2132,513,1,1,1,29,513,15,1,1,allocated
954,1385,normal,0,0,65535_65535,1,8,87,1272,0,1,0,28,0,28,1,1,pre_allocation
954,1385,normal,0,0,65535_65535,1,8,87,1317,1,1,1,29,1317,28,1,1,allocated
954,1385,normal,0,0,65535_65535,1,6,87,1272,0,1,0,28,0,28,1,1,pre_allocation
954,1385,normal,0,0,65535_65535,1,6,87,1317,1,1,1,29,1317,28,1,1,allocated
954,1385,normal,0,0,65535_65535,1,9,87,1175,0,1,0,28,0,26,1,1,pre_allocation
954,1385,normal,0,0,65535_65535,1,9,87,1217,1,1,1,29,1217,26,1,1,allocated
954,1385,normal,0,0,65535_65535,1,10,2132,513,0,1,0,29,0,15,1,1,pre_allocation
954,1385,normal,0,0,65535_65535,1,10,2132,531,1,1,1,30,531,15,1,1,allocated
954,1385,normal,0,0,65535_65535,1,8,87,1317,0,1,0,29,0,28,1,1,pre_allocation
954,1385,normal,0,0,65535_65535,1,8,87,1363,1,1,1,30,1363,28,1,1,allocated
954,1385,normal,0,0,65535_65535,1,6,87,1317,0,1,0,29,0,28,1,1,pre_allocation
954,1385,normal,0,0,65535_65535,1,6,87,1363,1,1,1,30,1363,28,1,1,allocated
954,1385,normal,0,0,65535_65535,1,9,87,1217,0,1,0,29,0,26,1,1,pre_allocation
954,1385,normal,0,0,65535_65535,1,9,87,1259,1,1,1,30,1259,26,1,1,allocated
954,1385,normal,0,0,65535_65535,1,10,2132,531,0,1,0,30,0,15,1,1,pre_allocation
954,1385,normal,0,0,65535_65535,1,10,2132,549,1,1,1,31,549,15,1,1,allocated
954,1385,normal,0,0,65535_65535,1,8,87,1363,0,1,0,30,0,28,1,1,pre_allocation
954,1385,normal,0,0,65535_65535,1,8,87,1408,1,1,1,31,1408,28,1,1,allocated
954,1385,normal,0,0,65535_65535,1,6,87,1363,0,1,0,30,0,28,1,1,pre_allocation
954,1385,normal,0,0,65535_65535,1,6,87,1408,1,1,1,31,1408,28,1,1,allocated
954,1385,normal,0,0,65535_65535,1,9,87,1259,0,1,0,30,0,26,1,1,pre_allocation
954,1385,normal,0,0,65535_65535,1,9,87,1301,1,1,1,31,1301,26,1,1,allocated
954,1385,normal,0,0,65535_65535,1,10,2132,549,0,1,0,31,0,15,1,1,pre_allocation
954,1385,normal,0,0,65535_65535,1,10,2132,567,1,1,1,32,567,15,1,1,allocated
954,1385,normal,0,0,65535_65535,1,8,87,1408,0,1,0,31,0,28,1,1,pre_allocation
954,1385,normal,0,0,65535_65535,1,8,87,1454,1,1,1,32,1454,28,1,1,allocated
954,1385,normal,0,0,65535_65535,1,6,87,1408,0,1,0,31,0,28,1,1,pre_allocation
954,1385,normal,0,0,65535_65535,1,6,87,1454,1,1,1,32,1454,28,1,1,allocated
954,1385,normal,0,0,65535_65535,1,9,87,1301,0,1,0,31,0,26,1,1,pre_allocation
954,1385,normal,0,0,65535_65535,1,9,87,1343,1,1,1,32,1343,26,1,1,allocated
954,1385,normal,0,0,65535_65535,1,10,2132,567,0,1,0,32,0,15,1,1,pre_allocation
954,1385,normal,0,0,65535_65535,1,10,2132,585,1,1,1,33,585,15,1,1,allocated
954,1385,normal,0,0,65535_65535,1,8,87,1454,0,1,0,32,0,28,1,1,pre_allocation
954,1385,normal,0,0,65535_65535,1,8,87,1499,1,1,1,33,1499,28,1,1,allocated
954,1385,normal,0,0,65535_65535,1,6,87,1454,0,1,0,32,0,28,1,1,pre_allocation
954,1385,normal,0,0,65535_65535,1,6,87,1499,1,1,1,33,1499,28,1,1,allocated
954,1385,normal,0,0,65535_65535,1,9,87,1343,0,1,0,32,0,26,1,1,pre_allocation
954,1385,normal,0,0,65535_65535,1,9,87,1385,1,1,1,33,1385,26,1,1,allocated
954,1385,normal,0,0,65535_65535,1,10,2132,585,0,1,0,33,0,15,1,1,pre_allocation
954,1385,normal,0,0,65535_65535,1,10,2132,602,1,1,1,34,602,15,1,1,allocated
954,1385,normal,0,0,65535_65535,1,8,87,1499,0,1,0,33,0,28,1,1,pre_allocation
954,1385,normal,0,0,65535_65535,1,8,87,1542,1,1,1,34,1542,28,1,1,allocated
954,1385,normal,0,0,65535_65535,1,6,87,1499,0,1,0,33,0,28,1,1,pre_allocation
954,1385,normal,0,0,65535_65535,1,6,87,1542,1,1,1,34,1542,28,1,1,allocated
954,1385,normal,0,0,65535_65535,1,9,87,1385,0,1,0,33,0,26,1,1,pre_allocation
954,1385,normal,0,0,65535_65535,1,9,87,1427,1,1,1,34,1427,26,1,1,allocated
954,1385,normal,0,0,65535_65535,1,10,2132,602,0,1,0,34,0,15,1,1,pre_allocation
954,1385,normal,0,0,65535_65535,1,10,2132,620,1,1,1,35,620,15,1,1,allocated
954,1385,normal,0,0,65535_65535,1,8,87,1542,0,1,0,34,0,28,1,1,pre_allocation
954,1385,normal,0,0,65535_65535,1,8,87,1587,1,1,1,35,1587,28,1,1,allocated
954,1385,normal,0,0,65535_65535,1,6,87,1542,0,1,0,34,0,28,1,1,pre_allocation
954,1385,normal,0,0,65535_65535,1,6,87,1587,1,1,1,35,1587,28,1,1,allocated
954,1385,normal,0,0,65535_65535,1,9,87,1427,0,1,0,34,0,26,1,1,pre_allocation
954,1385,normal,0,0,65535_65535,1,9,87,1469,1,1,1,35,1469,26,1,1,allocated
954,1385,normal,0,0,65535_65535,1,10,2132,620,0,1,0,35,0,15,1,1,pre_allocation
954,1385,normal,0,0,65535_65535,1,10,2132,638,1,1,1,36,638,15,1,1,allocated
954,1385,normal,0,0,65535_65535,1,8,87,1587,0,1,0,35,0,28,1,1,pre_allocation
954,1385,normal,0,0,65535_65535,1,8,87,1633,1,1,1,36,1633,28,1,1,allocated
954,1385,normal,0,0,65535_65535,1,6,87,1587,0,1,0,35,0,28,1,1,pre_allocation
954,1385,normal,0,0,65535_65535,1,6,87,1633,1,1,1,36,1633,28,1,1,allocated
954,1385,normal,0,0,65535_65535,1,9,87,1469,0,1,0,35,0,26,1,1,pre_allocation
954,1385,normal,0,0,65535_65535,1,9,87,1511,1,1,1,36,1511,26,1,1,allocated
954,1385,normal,0,0,65535_65535,1,10,2132,638,0,1,0,36,0,15,1,1,pre_allocation
954,1385,normal,0,0,65535_65535,1,10,2132,656,1,1,1,37,656,15,1,1,allocated
954,1385,normal,0,0,65535_65535,1,8,87,1633,0,1,0,36,0,28,1,1,pre_allocation
954,1385,normal,0,0,65535_65535,1,8,87,1678,1,1,1,37,1678,28,1,1,allocated
954,1385,normal,0,0,65535_65535,1,6,87,1633,0,1,0,36,0,28,1,1,pre_allocation
954,1385,normal,0,0,65535_65535,1,6,87,1678,1,1,1,37,1678,28,1,1,allocated
954,1385,normal,0,0,65535_65535,1,9,87,1511,0,1,0,36,0,26,1,1,pre_allocation
954,1385,normal,0,0,65535_65535,1,9,87,1550,1,1,1,37,1550,26,1,1,allocated
954,1385,normal,0,0,65535_65535,1,10,2132,656,0,1,0,37,0,15,1,1,pre_allocation
954,1385,normal,0,0,65535_65535,1,10,2132,674,1,1,1,38,674,15,1,1,allocated
954,1385,normal,0,0,65535_65535,1,8,87,1678,0,1,0,37,0,28,1,1,pre_allocation
954,1385,normal,0,0,65535_65535,1,8,87,1724,1,1,1,38,1724,28,1,1,allocated
954,1385,normal,0,0,65535_65535,1,6,87,1678,0,1,0,37,0,28,1,1,pre_allocation
954,1385,normal,0,0,65535_65535,1,6,87,1724,1,1,1,38,1724,28,1,1,allocated
954,1385,normal,0,0,65535_65535,1,9,87,1550,0,1,0,37,0,26,1,1,pre_allocation
954,1385,normal,0,0,65535_65535,1,9,87,1592,1,1,1,38,1592,26,1,1,allocated
954,1385,normal,0,0,65535_65535,1,10,2132,674,0,1,0,38,0,15,1,1,pre_allocation
954,1385,normal,0,0,65535_65535,1,10,2132,691,1,1,1,39,691,15,1,1,allocated
954,1385,normal,0,0,65535_65535,1,8,87,1724,0,1,0,38,0,28,1,1,pre_allocation
954,1385,normal,0,0,65535_65535,1,8,87,1770,1,1,1,39,1770,28,1,1,allocated
954,1385,normal,0,0,65535_65535,1,6,87,1724,0,1,0,38,0,28,1,1,pre_allocation
954,1385,normal,0,0,65535_65535,1,6,87,1770,1,1,1,39,1770,28,1,1,allocated
954,1385,normal,0,0,65535_65535,1,9,87,1592,0,1,0,38,0,26,1,1,pre_allocation
954,1385,normal,0,0,65535_65535,1,9,87,1634,1,1,1,39,1634,26,1,1,allocated
954,1385,normal,0,0,65535_65535,1,10,2132,691,0,1,0,39,0,15,1,1,pre_allocation
954,1385,normal,0,0,65535_65535,1,10,2132,709,1,1,1,40,709,15,1,1,allocated
954,1385,normal,0,0,65535_65535,1,8,87,1770,0,1,0,39,0,28,1,1,pre_allocation
954,1385,normal,0,0,65535_65535,1,8,87,1815,1,1,1,40,1815,28,1,1,allocated
954,1385,normal,0,0,65535_65535,1,6,87,1770,0,1,0,39,0,28,1,1,pre_allocation
954,1385,normal,0,0,65535_65535,1,6,87,1815,1,1,1,40,1815,28,1,1,allocated
954,1385,normal,0,0,65535_65535,1,9,87,1634,0,1,0,39,0,26,1,1,pre_allocation
954,1385,normal,0,0,65535_65535,1,9,87,1677,1,1,1,40,1677,26,1,1,allocated
954,1385,normal,0,0,65535_65535,1,10,2132,709,0,1,0,40,0,15,1,1,pre_allocation
954,1385,normal,0,0,65535_65535,1,10,2132,727,1,1,1,41,727,15,1,1,allocated
954,1385,normal,0,0,65535_65535,1,8,87,1815,0,1,0,40,0,28,1,1,pre_allocation
954,1385,normal,0,0,65535_65535,1,8,87,1861,1,1,1,41,1861,28,1,1,allocated
954,1385,normal,0,0,65535_65535,1,6,87,1815,0,1,0,40,0,28,1,1,pre_allocation
954,1385,normal,0,0,65535_65535,1,6,87,1861,1,1,1,41,1861,28,1,1,allocated
954,1385,normal,0,0,65535_65535,1,9,87,1677,0,1,0,40,0,26,1,1,pre_allocation
954,1385,normal,0,0,65535_65535,1,9,87,1719,1,1,1,41,1719,26,1,1,allocated
954,1385,normal,0,0,65535_65535,1,10,2132,727,0,1,0,41,0,15,1,1,pre_allocation
954,1385,normal,0,0,65535_65535,1,10,2132,745,1,1,1,42,745,15,1,1,allocated
954,1385,normal,0,0,65535_65535,1,8,87,1861,0,1,0,41,0,28,1,1,pre_allocation
954,1385,normal,0,0,65535_65535,1,8,87,1906,1,1,1,42,1906,28,1,1,allocated
954,1385,normal,0,0,65535_65535,1,6,87,1861,0,1,0,41,0,28,1,1,pre_allocation
954,1385,normal,0,0,65535_65535,1,6,87,1906,1,1,1,42,1906,28,1,1,allocated
954,1385,normal,0,0,65535_65535,1,9,87,1719,0,1,0,41,0,26,1,1,pre_allocation
954,1385,normal,0,0,65535_65535,1,9,87,1761,1,1,1,42,1761,26,1,1,allocated
954,1385,normal,0,0,65535_65535,1,10,2132,745,0,1,0,42,0,15,1,1,pre_allocation
954,1385,normal,0,0,65535_65535,1,10,2132,763,1,1,1,43,763,15,1,1,allocated
954,1385,normal,0,0,65535_65535,1,8,87,1906,0,1,0,42,0,28,1,1,pre_allocation
954,1385,normal,0,0,65535_65535,1,8,87,1952,1,1,1,43,1952,28,1,1,allocated
954,1385,normal,0,0,65535_65535,1,6,87,1906,0,1,0,42,0,28,1,1,pre_allocation
954,1385,normal,0,0,65535_65535,1,6,87,1952,1,1,1,43,1952,28,1,1,allocated
954,1385,normal,0,0,65535_65535,1,9,87,1761,0,1,0,42,0,26,1,1,pre_allocation
954,1385,normal,0,0,65535_65535,1,9,87,1803,1,1,1,43,1803,26,1,1,allocated
954,1385,normal,0,0,65535_65535,1,10,2132,763,0,1,0,43,0,15,1,1,pre_allocation
954,1385,normal,0,0,65535_65535,1,10,2132,781,1,1,1,44,781,15,1,1,allocated
954,1385,normal,0,0,65535_65535,1,8,87,1952,0,1,0,43,0,28,1,1,pre_allocation
954,1385,normal,0,0,65535_65535,1,8,87,1997,1,1,1,44,1997,28,1,1,allocated
954,1385,normal,0,0,65535_65535,1,6,87,1952,0,1,0,43,0,28,1,1,pre_allocation
954,1385,normal,0,0,65535_65535,1,6,87,1997,1,1,1,44,1997,28,1,1,allocated
954,1385,normal,0,0,65535_65535,1,9,87,1803,0,1,0,43,0,26,1,1,pre_allocation
954,1385,normal,0,0,65535_65535,1,9,87,1845,1,1,1,44,1845,26,1,1,allocated
954,1385,normal,0,0,65535_65535,1,10,2132,781,0,1,0,44,0,15,1,1,pre_allocation
954,1385,normal,0,0,65535_65535,1,10,2132,798,1,1,1,45,798,15,1,1,allocated
954,1385,normal,0,0,65535_65535,1,8,87,1997,0,1,0,44,0,28,1,1,pre_allocation
954,1385,normal,0,0,65535_65535,1,8,87,2043,1,1,1,45,2043,28,1,1,allocated
954,1385,normal,0,0,65535_65535,1,6,87,1997,0,1,0,44,0,28,1,1,pre_allocation
954,1385,normal,0,0,65535_65535,1,6,87,2043,1,1,1,45,2043,28,1,1,allocated
954,1385,normal,0,0,65535_65535,1,9,87,1845,0,1,0,44,0,26,1,1,pre_allocation
954,1385,normal,0,0,65535_65535,1,9,87,1887,1,1,1,45,1887,26,1,1,allocated
1066,1483,normal,0,0,65535_65535,0,2,1435850,0,0,1,0,0,0,6,1,1,pre_allocation
1066,1483,normal,0,0,65535_65535,0,2,1435850,1,1,1,1,1,1,6,1,1,allocated
1066,1483,normal,0,0,65535_65535,0,3,1128976,0,0,1,0,0,0,10,1,1,pre_allocation
1066,1483,normal,0,0,65535_65535,0,3,1128976,6,1,1,1,1,6,10,1,1,allocated
1066,1483,normal,0,0,65535_65535,0,4,1401478,0,0,1,0,0,0,15,1,1,pre_allocation
1066,1483,normal,0,0,65535_65535,0,4,1401478,14,1,1,1,1,14,15,1,1,allocated
1066,1483,normal,0,0,65535_65535,0,2,1435850,1,0,1,0,1,0,6,1,1,pre_allocation
1066,1483,normal,0,0,65535_65535,0,2,1435850,6,1,1,1,2,6,6,1,1,allocated
1066,1483,normal,0,0,65535_65535,0,3,1128976,6,0,1,0,1,0,10,1,1,pre_allocation
1066,1483,normal,0,0,65535_65535,0,3,1128976,16,1,1,1,2,16,10,1,1,allocated
1066,1483,normal,0,0,65535_65535,0,4,1401478,14,0,1,0,1,0,15,1,1,pre_allocation
1066,1483,normal,0,0,65535_65535,0,4,1401478,32,1,1,1,2,32,15,1,1,allocated
1066,1483,normal,0,0,65535_65535,0,2,1435850,6,0,1,0,2,0,6,1,1,pre_allocation
1066,1483,normal,0,0,65535_65535,0,2,1435850,11,1,1,1,3,11,6,1,1,allocated
1066,1483,normal,0,0,65535_65535,0,3,1128976,16,0,1,0,2,0,10,1,1,pre_allocation
1066,1483,normal,0,0,65535_65535,0,3,1128976,26,1,1,1,3,26,10,1,1,allocated
1066,1483,normal,0,0,65535_65535,0,4,1401478,32,0,1,0,2,0,15,1,1,pre_allocation
1066,1483,normal,0,0,65535_65535,0,4,1401478,50,1,1,1,3,50,15,1,1,allocated
1066,1483,normal,0,0,65535_65535,0,2,1435850,11,0,1,0,3,0,6,1,1,pre_allocation
1066,1483,normal,0,0,65535_65535,0,2,1435850,16,1,1,1,4,16,6,1,1,allocated
1066,1483,normal,0,0,65535_65535,0,3,1128976,26,0,1,0,3,0,10,1,1,pre_allocation
1066,1483,normal,0,0,65535_65535,0,3,1128976,36,1,1,1,4,36,10,1,1,allocated
1066,1483,normal,0,0,65535_65535,0,4,1401478,50,0,1,0,3,0,15,1,1,pre_allocation
1066,1483,normal,0,0,65535_65535,0,4,1401478,68,1,1,1,4,68,15,1,1,allocated
1066,1483,normal,0,0,65535_65535,0,2,1435850,16,0,1,0,4,0,6,1,1,pre_allocation
1066,1483,normal,0,0,65535_65535,0,2,1435850,21,1,1,1,5,21,6,1,1,allocated
1066,1483,normal,0,0,65535_65535,0,3,1128976,36,0,1,0,4,0,10,1,1,pre_allocation
1066,1483,normal,0,0,65535_65535,0,3,1128976,46,1,1,1,5,46,10,1,1,allocated
1066,1483,normal,0,0,65535_65535,0,4,1401478,68,0,1,0,4,0,15,1,1,pre_allocation
1066,1483,normal,0,0,65535_65535,0,4,1401478,86,1,1,1,5,86,15,1,1,allocated
1066,1483,normal,0,0,65535_65535,0,2,1435850,21,0,1,0,5,0,6,1,1,pre_allocation
1066,1483,normal,0,0,65535_65535,0,2,1435850,26,1,1,1,6,26,6,1,1,allocated
1066,1483,normal,0,0,65535_65535,0,3,1128976,46,0,1,0,5,0,10,1,1,pre_allocation
1066,1483,normal,0,0,65535_65535,0,3,1128976,56,1,1,1,6,56,10,1,1,allocated
1066,1483,normal,0,0,65535_65535,0,4,1401478,86,0,1,0,5,0,15,1,1,pre_allocation
1066,1483,normal,0,0,65535_65535,0,4,1401478,103,1,1,1,6,103,15,1,1,allocated
1066,1483,normal,0,0,65535_65535,0,2,1435850,26,0,1,0,6,0,6,1,1,pre_allocation
1066,1483,normal,0,0,65535_65535,0,2,1435850,31,1,1,1,7,31,6,1,1,allocated
1066,1483,normal,0,0,65535_65535,0,3,1128976,56,0,1,0,6,0,10,1,1,pre_allocation
1066,1483,normal,0,0,65535_65535,0,3,1128976,66,1,1,1,7,66,10,1,1,allocated
1066,1483,normal,0,0,65535_65535,0,4,1401478,103,0,1,0,6,0,15,1,1,pre_allocation
1066,1483,normal,0,0,65535_65535,0,4,1401478,121,1,1,1,7,121,15,1,1,allocated
1066,1483,normal,0,0,65535_65535,0,2,1435850,31,0,1,0,7,0,6,1,1,pre_allocation
1066,1483,normal,0,0,65535_65535,0,2,1435850,36,1,1,1,8,36,6,1,1,allocated
1066,1483,normal,0,0,65535_65535,0,3,1128976,66,0,1,0,7,0,10,1,1,pre_allocation
1066,1483,normal,0,0,65535_65535,0,3,1128976,76,1,1,1,8,76,10,1,1,allocated
1066,1483,normal,0,0,65535_65535,0,4,1401478,121,0,1,0,7,0,15,1,1,pre_allocation
1066,1483,normal,0,0,65535_65535,0,4,1401478,139,1,1,1,8,139,15,1,1,allocated
1066,1483,normal,0,0,65535_65535,0,2,1435850,36,0,1,0,8,0,6,1,1,pre_allocation
1066,1483,normal,0,0,65535_65535,0,2,1435850,41,1,1,1,9,41,6,1,1,allocated
1066,1483,normal,0,0,65535_65535,0,3,1128976,76,0,1,0,8,0,10,1,1,pre_allocation
1066,1483,normal,0,0,65535_65535,0,3,1128976,86,1,1,1,9,86,10,1,1,allocated
1066,1483,normal,0,0,65535_65535,0,4,1401478,139,0,1,0,8,0,15,1,1,pre_allocation
1066,1483,normal,0,0,65535_65535,0,4,1401478,157,1,1,1,9,157,15,1,1,allocated
1066,1483,normal,0,0,65535_65535,0,2,1435850,41,0,1,0,9,0,6,1,1,pre_allocation
1066,1483,normal,0,0,65535_65535,0,2,1435850,46,1,1,1,10,46,6,1,1,allocated
1066,1483,normal,0,0,65535_65535,0,3,1128976,86,0,1,0,9,0,10,1,1,pre_allocation
1066,1483,normal,0,0,65535_65535,0,3,1128976,96,1,1,1,10,96,10,1,1,allocated
1066,1483,normal,0,0,65535_65535,0,4,1401478,157,0,1,0,9,0,15,1,1,pre_allocation
1066,1483,normal,0,0,65535_65535,0,4,1401478,175,1,1,1,10,175,15,1,1,allocated
1066,1483,normal,0,0,65535_65535,0,2,1435850,46,0,1,0,10,0,6,1,1,pre_allocation
1066,1483,normal,0,0,65535_65535,0,2,1435850,51,1,1,1,11,51,6,1,1,allocated
1066,1483,normal,0,0,65535_65535,0,3,1128976,96,0,1,0,10,0,10,1,1,pre_allocation
1066,1483,normal,0,0,65535_65535,0,3,1128976,105,1,1,1,11,105,10,1,1,allocated
1066,1483,normal,0,0,65535_65535,0,4,1401478,175,0,1,0,10,0,15,1,1,pre_allocation
1066,1483,normal,0,0,65535_65535,0,4,1401478,193,1,1,1,11,193,15,1,1,allocated
1066,1483,normal,0,0,65535_65535,0,2,1435850,51,0,1,0,11,0,6,1,1,pre_allocation
1066,1483,normal,0,0,65535_65535,0,2,1435850,56,1,1,1,12,56,6,1,1,allocated
1066,1483,normal,0,0,65535_65535,0,3,1128976,105,0,1,0,11,0,10,1,1,pre_allocation
1066,1483,normal,0,0,65535_65535,0,3,1128976,115,1,1,1,12,115,10,1,1,allocated
1066,1483,normal,0,0,65535_65535,0,4,1401478,193,0,1,0,11,0,15,1,1,pre_allocation
1066,1483,normal,0,0,65535_65535,0,4,1401478,210,1,1,1,12,210,15,1,1,allocated
1066,1483,normal,0,0,65535_65535,0,2,1435850,56,0,1,0,12,0,6,1,1,pre_allocation
1066,1483,normal,0,0,65535_65535,0,2,1435850,61,1,1,1,13,61,6,1,1,allocated
1066,1483,normal,0,0,65535_65535,0,3,1128976,115,0,1,0,12,0,10,1,1,pre_allocation
1066,1483,normal,0,0,65535_65535,0,3,1128976,125,1,1,1,13,125,10,1,1,allocated
1066,1483,normal,0,0,65535_65535,0,4,1401478,210,0,1,0,12,0,15,1,1,pre_allocation
1066,1483,normal,0,0,65535_65535,0,4,1401478,228,1,1,1,13,228,15,1,1,allocated
1066,1483,normal,0,0,65535_65535,0,2,1435850,61,0,1,0,13,0,6,1,1,pre_allocation
1066,1483,normal,0,0,65535_65535,0,2,1435850,66,1,1,1,14,66,6,1,1,allocated
1066,1483,normal,0,0,65535_65535,0,3,1128976,125,0,1,0,13,0,10,1,1,pre_allocation
1066,1483,normal,0,0,65535_65535,0,3,1128976,135,1,1,1,14,135,10,1,1,allocated
1066,1483,normal,0,0,65535_65535,0,4,1401478,228,0,1,0,13,0,15,1,1,pre_allocation
1066,1483,normal,0,0,65535_65535,0,4,1401478,246,1,1,1,14,246,15,1,1,allocated
1066,1483,normal,0,0,65535_65535,0,2,1435850,66,0,1,0,14,0,6,1,1,pre_allocation
1066,1483,normal,0,0,65535_65535,0,2,1435850,71,1,1,1,15,71,6,1,1,allocated
1066,1483,normal,0,0,65535_65535,0,3,1128976,135,0,1,0,14,0,10,1,1,pre_allocation
1066,1483,normal,0,0,65535_65535,0,3,1128976,145,1,1,1,15,145,10,1,1,allocated
1066,1483,normal,0,0,65535_65535,0,4,1401478,246,0,1,0,14,0,15,1,1,pre_allocation
1066,1483,normal,0,0,65535_65535,0,4,1401478,264,1,1,1,15,264,15,1,1,allocated
1066,1483,normal,0,0,65535_65535,0,2,1435850,71,0,1,0,15,0,6,1,1,pre_allocation
1066,1483,normal,0,0,65535_65535,0,2,1435850,76,1,1,1,16,76,6,1,1,allocated
1066,1483,normal,0,0,65535_65535,0,3,1128976,145,0,1,0,15,0,10,1,1,pre_allocation
1066,1483,normal,0,0,65535_65535,0,3,1128976,155,1,1,1,16,155,10,1,1,allocated
1066,1483,normal,0,0,65535_65535,0,4,1401478,264,0,1,0,15,0,15,1,1,pre_allocation
1066,1483,normal,0,0,65535_65535,0,4,1401478,282,1,1,1,16,282,15,1,1,allocated
1066,1483,normal,0,0,65535_65535,0,2,1435850,76,0,1,0,16,0,6,1,1,pre_allocation
1066,1483,normal,0,0,65535_65535,0,2,1435850,81,1,1,1,17,81,6,1,1,allocated
1066,1483,normal,0,0,65535_65535,0,3,1128976,155,0,1,0,16,0,10,1,1,pre_allocation
1066,1483,normal,0,0,65535_65535,0,3,1128976,165,1,1,1,17,165,10,1,1,allocated
1066,1483,normal,0,0,65535_65535,0,4,1401478,282,0,1,0,16,0,15,1,1,pre_allocation
1066,1483,normal,0,0,65535_65535,0,4,1401478,299,1,1,1,17,299,15,1,1,allocated
1066,1483,normal,0,0,65535_65535,0,2,1435850,81,0,1,0,17,0,6,1,1,pre_allocation
1066,1483,normal,0,0,65535_65535,0,2,1435850,86,1,1,1,18,86,6,1,1,allocated
1066,1483,normal,0,0,65535_65535,0,3,1128976,165,0,1,0,17,0,10,1,1,pre_allocation
1066,1483,normal,0,0,65535_65535,0,3,1128976,175,1,1,1,18,175,10,1,1,allocated
1066,1483,normal,0,0,65535_65535,0,4,1401478,299,0,1,0,17,0,15,1,1,pre_allocation
1066,1483,normal,0,0,65535_65535,0,4,1401478,317,1,1,1,18,317,15,1,1,allocated
1066,1483,normal,0,0,65535_65535,0,2,1435850,86,0,1,0,18,0,6,1,1,pre_allocation
1066,1483,normal,0,0,65535_65535,0,2,1435850,91,1,1,1,19,91,6,1,1,allocated
1066,1483,normal,0,0,65535_65535,0,3,1128976,175,0,1,0,18,0,10,1,1,pre_allocation
1066,1483,normal,0,0,65535_65535,0,3,1128976,185,1,1,1,19,185,10,1,1,allocated
1066,1483,normal,0,0,65535_65535,0,4,1401478,317,0,1,0,18,0,15,1,1,pre_allocation
1066,1483,normal,0,0,65535_65535,0,4,1401478,335,1,1,1,19,335,15,1,1,allocated
1066,1483,normal,0,0,65535_65535,0,2,1435850,91,0,1,0,19,0,6,1,1,pre_allocation
1066,1483,normal,0,0,65535_65535,0,2,1435850,96,1,1,1,20,96,6,1,1,allocated
1066,1483,normal,0,0,65535_65535,0,3,1128976,185,0,1,0,19,0,10,1,1,pre_allocation
1066,1483,normal,0,0,65535_65535,0,3,1128976,195,1,1,1,20,195,10,1,1,allocated
1066,1483,normal,0,0,65535_65535,0,4,1401478,335,0,1,0,19,0,15,1,1,pre_allocation
1066,1483,normal,0,0,65535_65535,0,4,1401478,353,1,1,1,20,353,15,1,1,allocated
1066,1483,normal,0,0,65535_65535,0,2,1435850,96,0,1,0,20,0,6,1,1,pre_allocation
1066,1483,normal,0,0,65535_65535,0,2,1435850,100,1,1,1,21,100,6,1,1,allocated
1066,1483,normal,0,0,65535_65535,0,3,1128976,195,0,1,0,20,0,10,1,1,pre_allocation
1066,1483,normal,0,0,65535_65535,0,3,1128976,204,1,1,1,21,204,10,1,1,allocated
1066,1483,normal,0,0,65535_65535,0,4,1401478,353,0,1,0,20,0,15,1,1,pre_allocation
1066,1483,normal,0,0,65535_65535,0,4,1401478,371,1,1,1,21,371,15,1,1,allocated
1066,1483,normal,0,0,65535_65535,0,2,1435850,100,0,1,0,21,0,6,1,1,pre_allocation
1066,1483,normal,0,0,65535_65535,0,2,1435850,105,1,1,1,22,105,6,1,1,allocated
1066,1483,normal,0,0,65535_65535,0,3,1128976,204,0,1,0,21,0,10,1,1,pre_allocation
1066,1483,normal,0,0,65535_65535,0,3,1128976,214,1,1,1,22,214,10,1,1,allocated
1066,1483,normal,0,0,65535_65535,0,4,1401478,371,0,1,0,21,0,15,1,1,pre_allocation
1066,1483,normal,0,0,65535_65535,0,4,1401478,389,1,1,1,22,389,15,1,1,allocated
1066,1483,normal,0,0,65535_65535,0,2,1435850,105,0,1,0,22,0,6,1,1,pre_allocation
1066,1483,normal,0,0,65535_65535,0,2,1435850,110,1,1,1,23,110,6,1,1,allocated
1066,1483,normal,0,0,65535_65535,0,3,1128976,214,0,1,0,22,0,10,1,1,pre_allocation
1066,1483,normal,0,0,65535_65535,0,3,1128976,224,1,1,1,23,224,10,1,1,allocated
1066,1483,normal,0,0,65535_65535,0,4,1401478,389,0,1,0,22,0,15,1,1,pre_allocation
1066,1483,normal,0,0,65535_65535,0,4,1401478,406,1,1,1,23,406,15,1,1,allocated
1066,1483,normal,0,0,65535_65535,0,2,1435850,110,0,1,0,23,0,6,1,1,pre_allocation
1066,1483,normal,0,0,65535_65535,0,2,1435850,115,1,1,1,24,115,6,1,1,allocated
1066,1483,normal,0,0,65535_65535,0,3,1128976,224,0,1,0,23,0,10,1,1,pre_allocation
1066,1483,normal,0,0,65535_65535,0,3,1128976,234,1,1,1,24,234,10,1,1,allocated
1066,1483,normal,0,0,65535_65535,0,4,1401478,406,0,1,0,23,0,15,1,1,pre_allocation
1066,1483,normal,0,0,65535_65535,0,4,1401478,424,1,1,1,24,424,15,1,1,allocated
1066,1483,normal,0,0,65535_65535,0,2,1435850,115,0,1,0,24,0,6,1,1,pre_allocation
1066,1483,normal,0,0,65535_65535,0,2,1435850,120,1,1,1,25,120,6,1,1,allocated
1066,1483,normal,0,0,65535_65535,0,3,1128976,234,0,1,0,24,0,10,1,1,pre_allocation
1066,1483,normal,0,0,65535_65535,0,3,1128976,244,1,1,1,25,244,10,1,1,allocated
1066,1483,normal,0,0,65535_65535,0,4,1401478,424,0,1,0,24,0,15,1,1,pre_allocation
1066,1483,normal,0,0,65535_65535,0,4,1401478,442,1,1,1,25,442,15,1,1,allocated
1066,1483,normal,0,0,65535_65535,0,2,1435850,120,0,1,0,25,0,6,1,1,pre_allocation
1066,1483,normal,0,0,65535_65535,0,2,1435850,125,1,1,1,26,125,6,1,1,allocated
1066,1483,normal,0,0,65535_65535,0,3,1128976,244,0,1,0,25,0,10,1,1,pre_allocation
1066,1483,normal,0,0,65535_65535,0,3,1128976,254,1,1,1,26,254,10,1,1,allocated
1066,1483,normal,0,0,65535_65535,0,4,1401478,442,0,1,0,25,0,15,1,1,pre_allocation
1066,1483,normal,0,0,65535_65535,0,4,1401478,460,1,1,1,26,460,15,1,1,allocated
1066,1483,normal,0,0,65535_65535,0,2,1435850,125,0,1,0,26,0,6,1,1,pre_allocation
1066,1483,normal,0,0,65535_65535,0,2,1435850,130,1,1,1,27,130,6,1,1,allocated
1066,1483,normal,0,0,65535_65535,0,3,1128976,254,0,1,0,26,0,10,1,1,pre_allocation
1066,1483,normal,0,0,65535_65535,0,3,1128976,264,1,1,1,27,264,10,1,1,allocated
1066,1483,normal,0,0,65535_65535,0,4,1401478,460,0,1,0,26,0,15,1,1,pre_allocation
1066,1483,normal,0,0,65535_65535,0,4,1401478,478,1,1,1,27,478,15,1,1,allocated
1066,1483,normal,0,0,65535_65535,0,2,1435850,130,0,1,0,27,0,6,1,1,pre_allocation
1066,1483,normal,0,0,65535_65535,0,2,1435850,135,1,1,1,28,135,6,1,1,allocated
1066,1483,normal,0,0,65535_65535,1,7,251,0,0,1,0,0,0,15,1,1,pre_allocation
1066,1483,normal,0,0,65535_65535,1,7,251,14,1,1,1,1,14,15,1,1,allocated
1066,1483,normal,0,0,65535_65535,1,6,87,0,0,1,0,0,0,28,1,1,pre_allocation
1066,1483,normal,0,0,65535_65535,1,6,87,42,1,1,1,1,42,28,1,1,allocated
1066,1483,normal,0,0,65535_65535,1,8,87,0,0,1,0,0,0,28,1,1,pre_allocation
1066,1483,normal,0,0,65535_65535,1,8,87,42,1,1,1,1,42,28,1,1,allocated
1066,1483,normal,0,0,65535_65535,1,9,87,0,0,1,0,0,0,26,1,1,pre_allocation
1066,1483,normal,0,0,65535_65535,1,9,87,39,1,1,1,1,39,26,1,1,allocated
1066,1483,normal,0,0,65535_65535,1,7,251,14,0,1,0,1,0,15,1,1,pre_allocation
1066,1483,normal,0,0,65535_65535,1,7,251,32,1,1,1,2,32,15,1,1,allocated
1066,1483,normal,0,0,65535_65535,1,6,87,42,0,1,0,1,0,28,1,1,pre_allocation
1066,1483,normal,0,0,65535_65535,1,6,87,88,1,1,1,2,88,28,1,1,allocated
1066,1483,normal,0,0,65535_65535,1,8,87,42,0,1,0,1,0,28,1,1,pre_allocation
1066,1483,normal,0,0,65535_65535,1,8,87,88,1,1,1,2,88,28,1,1,allocated
1066,1483,normal,0,0,65535_65535,1,9,87,39,0,1,0,1,0,26,1,1,pre_allocation
1066,1483,normal,0,0,65535_65535,1,9,87,81,1,1,1,2,81,26,1,1,allocated
1066,1483,normal,0,0,65535_65535,1,7,251,32,0,1,0,2,0,15,1,1,pre_allocation
1066,1483,normal,0,0,65535_65535,1,7,251,50,1,1,1,3,50,15,1,1,allocated
1066,1483,normal,0,0,65535_65535,1,6,87,88,0,1,0,2,0,28,1,1,pre_allocation
1066,1483,normal,0,0,65535_65535,1,6,87,133,1,1,1,3,133,28,1,1,allocated
1066,1483,normal,0,0,65535_65535,1,8,87,88,0,1,0,2,0,28,1,1,pre_allocation
1066,1483,normal,0,0,65535_65535,1,8,87,133,1,1,1,3,133,28,1,1,allocated
1066,1483,normal,0,0,65535_65535,1,9,87,81,0,1,0,2,0,26,1,1,pre_allocation
1066,1483,normal,0,0,65535_65535,1,9,87,123,1,1,1,3,123,26,1,1,allocated
1066,1483,normal,0,0,65535_65535,1,7,251,50,0,1,0,3,0,15,1,1,pre_allocation
1066,1483,normal,0,0,65535_65535,1,7,251,68,1,1,1,4,68,15,1,1,allocated
1066,1483,normal,0,0,65535_65535,1,6,87,133,0,1,0,3,0,28,1,1,pre_allocation
1066,1483,normal,0,0,65535_65535,1,6,87,179,1,1,1,4,179,28,1,1,allocated
1066,1483,normal,0,0,65535_65535,1,8,87,133,0,1,0,3,0,28,1,1,pre_allocation
1066,1483,normal,0,0,65535_65535,1,8,87,179,1,1,1,4,179,28,1,1,allocated
1066,1483,normal,0,0,65535_65535,1,9,87,123,0,1,0,3,0,26,1,1,pre_allocation
1066,1483,normal,0,0,65535_65535,1,9,87,165,1,1,1,4,165,26,1,1,allocated
1066,1483,normal,0,0,65535_65535,1,7,251,68,0,1,0,4,0,15,1,1,pre_allocation
1066,1483,normal,0,0,65535_65535,1,7,251,86,1,1,1,5,86,15,1,1,allocated
1066,1483,normal,0,0,65535_65535,1,6,87,179,0,1,0,4,0,28,1,1,pre_allocation
1066,1483,normal,0,0,65535_65535,1,6,87,224,1,1,1,5,224,28,1,1,allocated
1066,1483,normal,0,0,65535_65535,1,8,87,179,0,1,0,4,0,28,1,1,pre_allocation
1066,1483,normal,0,0,65535_65535,1,8,87,224,1,1,1,5,224,28,1,1,allocated
1066,1483,normal,0,0,65535_65535,1,9,87,165,0,1,0,4,0,26,1,1,pre_allocation
1066,1483,normal,0,0,65535_65535,1,9,87,207,1,1,1,5,207,26,1,1,allocated
1066,1483,normal,0,0,65535_65535,1,7,251,86,0,1,0,5,0,15,1,1,pre_allocation
1066,1483,normal,0,0,65535_65535,1,7,251,103,1,1,1,6,103,15,1,1,allocated
1066,1483,normal,0,0,65535_65535,1,6,87,224,0,1,0,5,0,28,1,1,pre_allocation
1066,1483,normal,0,0,65535_65535,1,6,87,270,1,1,1,6,270,28,1,1,allocated
1066,1483,normal,0,0,65535_65535,1,8,87,224,0,1,0,5,0,28,1,1,pre_allocation
1066,1483,normal,0,0,65535_65535,1,8,87,270,1,1,1,6,270,28,1,1,allocated
1066,1483,normal,0,0,65535_65535,1,9,87,207,0,1,0,5,0,26,1,1,pre_allocation
1066,1483,normal,0,0,65535_65535,1,9,87,249,1,1,1,6,249,26,1,1,allocated
1066,1483,normal,0,0,65535_65535,1,7,251,103,0,1,0,6,0,15,1,1,pre_allocation
1066,1483,normal,0,0,65535_65535,1,7,251,121,1,1,1,7,121,15,1,1,allocated
1066,1483,normal,0,0,65535_65535,1,6,87,270,0,1,0,6,0,28,1,1,pre_allocation
1066,1483,normal,0,0,65535_65535,1,6,87,315,1,1,1,7,315,28,1,1,allocated
1066,1483,normal,0,0,65535_65535,1,8,87,270,0,1,0,6,0,28,1,1,pre_allocation
1066,1483,normal,0,0,65535_65535,1,8,87,315,1,1,1,7,315,28,1,1,allocated
1066,1483,normal,0,0,65535_65535,1,9,87,249,0,1,0,6,0,26,1,1,pre_allocation
1066,1483,normal,0,0,65535_65535,1,9,87,291,1,1,1,7,291,26,1,1,allocated
1066,1483,normal,0,0,65535_65535,1,7,251,121,0,1,0,7,0,15,1,1,pre_allocation
1066,1483,normal,0,0,65535_65535,1,7,251,139,1,1,1,8,139,15,1,1,allocated
1066,1483,normal,0,0,65535_65535,1,6,87,315,0,1,0,7,0,28,1,1,pre_allocation
1066,1483,normal,0,0,65535_65535,1,6,87,361,1,1,1,8,361,28,1,1,allocated
1066,1483,normal,0,0,65535_65535,1,8,87,315,0,1,0,7,0,28,1,1,pre_allocation
1066,1483,normal,0,0,65535_65535,1,8,87,361,1,1,1,8,361,28,1,1,allocated
1066,1483,normal,0,0,65535_65535,1,9,87,291,0,1,0,7,0,26,1,1,pre_allocation
1066,1483,normal,0,0,65535_65535,1,9,87,333,1,1,1,8,333,26,1,1,allocated
1066,1483,normal,0,0,65535_65535,1,7,251,139,0,1,0,8,0,15,1,1,pre_allocation
1066,1483,normal,0,0,65535_65535,1,7,251,157,1,1,1,9,157,15,1,1,allocated
1066,1483,normal,0,0,65535_65535,1,6,87,361,0,1,0,8,0,28,1,1,pre_allocation
1066,1483,normal,0,0,65535_65535,1,6,87,406,1,1,1,9,406,28,1,1,allocated
1066,1483,normal,0,0,65535_65535,1,8,87,361,0,1,0,8,0,28,1,1,pre_allocation
1066,1483,normal,0,0,65535_65535,1,8,87,406,1,1,1,9,406,28,1,1,allocated
1066,1483,normal,0,0,65535_65535,1,9,87,333,0,1,0,8,0,26,1,1,pre_allocation
1066,1483,normal,0,0,65535_65535,1,9,87,375,1,1,1,9,375,26,1,1,allocated
1066,1483,normal,0,0,65535_65535,1,7,251,157,0,1,0,9,0,15,1,1,pre_allocation
1066,1483,normal,0,0,65535_65535,1,7,251,175,1,1,1,10,175,15,1,1,allocated
1066,1483,normal,0,0,65535_65535,1,6,87,406,0,1,0,9,0,28,1,1,pre_allocation
1066,1483,normal,0,0,65535_65535,1,6,87,452,1,1,1,10,452,28,1,1,allocated
1066,1483,normal,0,0,65535_65535,1,8,87,406,0,1,0,9,0,28,1,1,pre_allocation
1066,1483,normal,0,0,65535_65535,1,8,87,452,1,1,1,10,452,28,1,1,allocated
1066,1483,normal,0,0,65535_65535,1,9,87,375,0,1,0,9,0,26,1,1,pre_allocation
1066,1483,normal,0,0,65535_65535,1,9,87,417,1,1,1,10,417,26,1,1,allocated
1066,1483,normal,0,0,65535_65535,1,7,251,175,0,1,0,10,0,15,1,1,pre_allocation
1066,1483,normal,0,0,65535_65535,1,7,251,193,1,1,1,11,193,15,1,1,allocated
1066,1483,normal,0,0,65535_65535,1,6,87,452,0,1,0,10,0,28,1,1,pre_allocation
1066,1483,normal,0,0,65535_65535,1,6,87,497,1,1,1,11,497,28,1,1,allocated
1066,1483,normal,0,0,65535_65535,1,8,87,452,0,1,0,10,0,28,1,1,pre_allocation
1066,1483,normal,0,0,65535_65535,1,8,87,497,1,1,1,11,497,28,1,1,allocated
1066,1483,normal,0,0,65535_65535,1,9,87,417,0,1,0,10,0,26,1,1,pre_allocation
1066,1483,normal,0,0,65535_65535,1,9,87,459,1,1,1,11,459,26,1,1,allocated
1066,1483,normal,0,0,65535_65535,1,7,251,193,0,1,0,11,0,15,1,1,pre_allocation
1066,1483,normal,0,0,65535_65535,1,7,251,210,1,1,1,12,210,15,1,1,allocated
1066,1483,normal,0,0,65535_65535,1,6,87,497,0,1,0,11,0,28,1,1,pre_allocation
1066,1483,normal,0,0,65535_65535,1,6,87,543,1,1,1,12,543,28,1,1,allocated
1066,1483,normal,0,0,65535_65535,1,8,87,497,0,1,0,11,0,28,1,1,pre_allocation
1066,1483,normal,0,0,65535_65535,1,8,87,543,1,1,1,12,543,28,1,1,allocated
1066,1483,normal,0,0,65535_65535,1,9,87,459,0,1,0,11,0,26,1,1,pre_allocation
1066,1483,normal,0,0,65535_65535,1,9,87,501,1,1,1,12,501,26,1,1,allocated
1066,1483,normal,0,0,65535_65535,1,7,251,210,0,1,0,12,0,15,1,1,pre_allocation
1066,1483,normal,0,0,65535_65535,1,7,251,228,1,1,1,13,228,15,1,1,allocated
1066,1483,normal,0,0,65535_65535,1,6,87,543,0,1,0,12,0,28,1,1,pre_allocation
1066,1483,normal,0,0,65535_65535,1,6,87,589,1,1,1,13,589,28,1,1,allocated
1066,1483,normal,0,0,65535_65535,1,8,87,543,0,1,0,12,0,28,1,1,pre_allocation
1066,1483,normal,0,0,65535_65535,1,8,87,589,1,1,1,13,589,28,1,1,allocated
1066,1483,normal,0,0,65535_65535,1,9,87,501,0,1,0,12,0,26,1,1,pre_allocation
1066,1483,normal,0,0,65535_65535,1,9,87,543,1,1,1,13,543,26,1,1,allocated
1066,1483,normal,0,0,65535_65535,1,7,251,228,0,1,0,13,0,15,1,1,pre_allocation
1066,1483,normal,0,0,65535_65535,1,7,251,246,1,1,1,14,246,15,1,1,allocated
1066,1483,normal,0,0,65535_65535,1,6,87,589,0,1,0,13,0,28,1,1,pre_allocation
1066,1483,normal,0,0,65535_65535,1,6,87,634,1,1,1,14,634,28,1,1,allocated
1066,1483,normal,0,0,65535_65535,1,8,87,589,0,1,0,13,0,28,1,1,pre_allocation
1066,1483,normal,0,0,65535_65535,1,8,87,634,1,1,1,14,634,28,1,1,allocated
1066,1483,normal,0,0,65535_65535,1,9,87,543,0,1,0,13,0,26,1,1,pre_allocation
1066,1483,normal,0,0,65535_65535,1,9,87,586,1,1,1,14,586,26,1,1,allocated
1066,1483,normal,0,0,65535_65535,1,7,251,246,0,1,0,14,0,15,1,1,pre_allocation
1066,1483,normal,0,0,65535_65535,1,7,251,264,1,1,1,15,264,15,1,1,allocated
1066,1483,normal,0,0,65535_65535,1,6,87,634,0,1,0,14,0,28,1,1,pre_allocation
1066,1483,normal,0,0,65535_65535,1,6,87,680,1,1,1,15,680,28,1,1,allocated
1066,1483,normal,0,0,65535_65535,1,8,87,634,0,1,0,14,0,28,1,1,pre_allocation
1066,1483,normal,0,0,65535_65535,1,8,87,680,1,1,1,15,680,28,1,1,allocated
1066,1483,normal,0,0,65535_65535,1,9,87,586,0,1,0,14,0,26,1,1,pre_allocation
1066,1483,normal,0,0,65535_65535,1,9,87,628,1,1,1,15,628,26,1,1,allocated
1066,1483,normal,0,0,65535_65535,1,7,251,264,0,1,0,15,0,15,1,1,pre_allocation
1066,1483,normal,0,0,65535_65535,1,7,251,282,1,1,1,16,282,15,1,1,allocated
1066,1483,normal,0,0,65535_65535,1,6,87,680,0,1,0,15,0,28,1,1,pre_allocation
1066,1483,normal,0,0,65535_65535,1,6,87,725,1,1,1,16,725,28,1,1,allocated
1066,1483,normal,0,0,65535_65535,1,8,87,680,0,1,0,15,0,28,1,1,pre_allocation
1066,1483,normal,0,0,65535_65535,1,8,87,725,1,1,1,16,725,28,1,1,allocated
1066,1483,normal,0,0,65535_65535,1,9,87,628,0,1,0,15,0,26,1,1,pre_allocation
1066,1483,normal,0,0,65535_65535,1,9,87,670,1,1,1,16,670,26,1,1,allocated
1066,1483,normal,0,0,65535_65535,1,7,251,282,0,1,0,16,0,15,1,1,pre_allocation
1066,1483,normal,0,0,65535_65535,1,7,251,299,1,1,1,17,299,15,1,1,allocated
1066,1483,normal,0,0,65535_65535,1,6,87,725,0,1,0,16,0,28,1,1,pre_allocation
1066,1483,normal,0,0,65535_65535,1,6,87,771,1,1,1,17,771,28,1,1,allocated
1066,1483,normal,0,0,65535_65535,1,8,87,725,0,1,0,16,0,28,1,1,pre_allocation
1066,1483,normal,0,0,65535_65535,1,8,87,771,1,1,1,17,771,28,1,1,allocated
1066,1483,normal,0,0,65535_65535,1,9,87,670,0,1,0,16,0,26,1,1,pre_allocation
1066,1483,normal,0,0,65535_65535,1,9,87,712,1,1,1,17,712,26,1,1,allocated
1066,1483,normal,0,0,65535_65535,1,7,251,299,0,1,0,17,0,15,1,1,pre_allocation
1066,1483,normal,0,0,65535_65535,1,7,251,317,1,1,1,18,317,15,1,1,allocated
1066,1483,normal,0,0,65535_65535,1,6,87,771,0,1,0,17,0,28,1,1,pre_allocation
1066,1483,normal,0,0,65535_65535,1,6,87,816,1,1,1,18,816,28,1,1,allocated
1066,1483,normal,0,0,65535_65535,1,8,87,771,0,1,0,17,0,28,1,1,pre_allocation
1066,1483,normal,0,0,65535_65535,1,8,87,816,1,1,1,18,816,28,1,1,allocated
1066,1483,normal,0,0,65535_65535,1,9,87,712,0,1,0,17,0,26,1,1,pre_allocation
1066,1483,normal,0,0,65535_65535,1,9,87,754,1,1,1,18,754,26,1,1,allocated
1066,1483,normal,0,0,65535_65535,1,7,251,317,0,1,0,18,0,15,1,1,pre_allocation
1066,1483,normal,0,0,65535_65535,1,7,251,335,1,1,1,19,335,15,1,1,allocated
1066,1483,normal,0,0,65535_65535,1,6,87,816,0,1,0,18,0,28,1,1,pre_allocation
1066,1483,normal,0,0,65535_65535,1,6,87,862,1,1,1,19,862,28,1,1,allocated
1066,1483,normal,0,0,65535_65535,1,8,87,816,0,1,0,18,0,28,1,1,pre_allocation
1066,1483,normal,0,0,65535_65535,1,8,87,862,1,1,1,19,862,28,1,1,allocated
1066,1483,normal,0,0,65535_65535,1,9,87,754,0,1,0,18,0,26,1,1,pre_allocation
1066,1483,normal,0,0,65535_65535,1,9,87,796,1,1,1,19,796,26,1,1,allocated
1066,1483,normal,0,0,65535_65535,1,7,251,335,0,1,0,19,0,15,1,1,pre_allocation
1066,1483,normal,0,0,65535_65535,1,7,251,353,1,1,1,20,353,15,1,1,allocated
1066,1483,normal,0,0,65535_65535,1,6,87,862,0,1,0,19,0,28,1,1,pre_allocation
1066,1483,normal,0,0,65535_65535,1,6,87,907,1,1,1,20,907,28,1,1,allocated
1066,1483,normal,0,0,65535_65535,1,8,87,862,0,1,0,19,0,28,1,1,pre_allocation
1066,1483,normal,0,0,65535_65535,1,8,87,907,1,1,1,20,907,28,1,1,allocated
1066,1483,normal,0,0,65535_65535,1,9,87,796,0,1,0,19,0,26,1,1,pre_allocation
1066,1483,normal,0,0,65535_65535,1,9,87,838,1,1,1,20,838,26,1,1,allocated
1066,1483,normal,0,0,65535_65535,1,7,251,353,0,1,0,20,0,15,1,1,pre_allocation
1066,1483,normal,0,0,65535_65535,1,7,251,371,1,1,1,21,371,15,1,1,allocated
1066,1483,normal,0,0,65535_65535,1,6,87,907,0,1,0,20,0,28,1,1,pre_allocation
1066,1483,normal,0,0,65535_65535,1,6,87,953,1,1,1,21,953,28,1,1,allocated
1066,1483,normal,0,0,65535_65535,1,8,87,907,0,1,0,20,0,28,1,1,pre_allocation
1066,1483,normal,0,0,65535_65535,1,8,87,953,1,1,1,21,953,28,1,1,allocated
1066,1483,normal,0,0,65535_65535,1,9,87,838,0,1,0,20,0,26,1,1,pre_allocation
1066,1483,normal,0,0,65535_65535,1,9,87,880,1,1,1,21,880,26,1,1,allocated
1066,1483,normal,0,0,65535_65535,1,7,251,371,0,1,0,21,0,15,1,1,pre_allocation
1066,1483,normal,0,0,65535_65535,1,7,251,389,1,1,1,22,389,15,1,1,allocated
1066,1483,normal,0,0,65535_65535,1,6,87,953,0,1,0,21,0,28,1,1,pre_allocation
1066,1483,normal,0,0,65535_65535,1,6,87,998,1,1,1,22,998,28,1,1,allocated
1066,1483,normal,0,0,65535_65535,1,8,87,953,0,1,0,21,0,28,1,1,pre_allocation
1066,1483,normal,0,0,65535_65535,1,8,87,998,1,1,1,22,998,28,1,1,allocated
1066,1483,normal,0,0,65535_65535,1,9,87,880,0,1,0,21,0,26,1,1,pre_allocation
1066,1483,normal,0,0,65535_65535,1,9,87,922,1,1,1,22,922,26,1,1,allocated
1066,1483,normal,0,0,65535_65535,1,7,251,389,0,1,0,22,0,15,1,1,pre_allocation
1066,1483,normal,0,0,65535_65535,1,7,251,406,1,1,1,23,406,15,1,1,allocated
1066,1483,normal,0,0,65535_65535,1,6,87,998,0,1,0,22,0,28,1,1,pre_allocation
1066,1483,normal,0,0,65535_65535,1,6,87,1044,1,1,1,23,1044,28,1,1,allocated
1066,1483,normal,0,0,65535_65535,1,8,87,998,0,1,0,22,0,28,1,1,pre_allocation
1066,1483,normal,0,0,65535_65535,1,8,87,1044,1,1,1,23,1044,28,1,1,allocated
1066,1483,normal,0,0,65535_65535,1,9,87,922,0,1,0,22,0,26,1,1,pre_allocation
1066,1483,normal,0,0,65535_65535,1,9,87,964,1,1,1,23,964,26,1,1,allocated
1066,1483,normal,0,0,65535_65535,1,7,251,406,0,1,0,23,0,15,1,1,pre_allocation
1066,1483,normal,0,0,65535_65535,1,7,251,424,1,1,1,24,424,15,1,1,allocated
1066,1483,normal,0,0,65535_65535,1,6,87,1044,0,1,0,23,0,28,1,1,pre_allocation
1066,1483,normal,0,0,65535_65535,1,6,87,1089,1,1,1,24,1089,28,1,1,allocated
1066,1483,normal,0,0,65535_65535,1,8,87,1044,0,1,0,23,0,28,1,1,pre_allocation
1066,1483,normal,0,0,65535_65535,1,8,87,1089,1,1,1,24,1089,28,1,1,allocated
1066,1483,normal,0,0,65535_65535,1,9,87,964,0,1,0,23,0,26,1,1,pre_allocation
1066,1483,normal,0,0,65535_65535,1,9,87,1006,1,1,1,24,1006,26,1,1,allocated
1066,1483,normal,0,0,65535_65535,1,7,251,424,0,1,0,24,0,15,1,1,pre_allocation
1066,1483,normal,0,0,65535_65535,1,7,251,442,1,1,1,25,442,15,1,1,allocated
1066,1483,normal,0,0,65535_65535,1,6,87,1089,0,1,0,24,0,28,1,1,pre_allocation
1066,1483,normal,0,0,65535_65535,1,6,87,1135,1,1,1,25,1135,28,1,1,allocated
1066,1483,normal,0,0,65535_65535,1,8,87,1089,0,1,0,24,0,28,1,1,pre_allocation
1066,1483,normal,0,0,65535_65535,1,8,87,1135,1,1,1,25,1135,28,1,1,allocated
1066,1483,normal,0,0,65535_65535,1,9,87,1006,0,1,0,24,0,26,1,1,pre_allocation
1066,1483,normal,0,0,65535_65535,1,9,87,1048,1,1,1,25,1048,26,1,1,allocated
1066,1483,normal,0,0,65535_65535,1,7,251,442,0,1,0,25,0,15,1,1,pre_allocation
1066,1483,normal,0,0,65535_65535,1,7,251,460,1,1,1,26,460,15,1,1,allocated
1066,1483,normal,0,0,65535_65535,1,6,87,1135,0,1,0,25,0,28,1,1,pre_allocation
1066,1483,normal,0,0,65535_65535,1,6,87,1181,1,1,1,26,1181,28,1,1,allocated
1066,1483,normal,0,0,65535_65535,2,11,137,0,0,1,0,0,0,15,1,1,pre_allocation
1066,1483,normal,0,0,65535_65535,2,11,137,14,1,1,1,1,14,15,1,1,allocated
1066,1483,normal,0,0,65535_65535,2,23,137,0,0,1,0,0,0,8,1,1,pre_allocation
1066,1483,normal,0,0,65535_65535,2,23,137,4,1,1,1,1,4,8,1,1,allocated
1066,1483,normal,0,0,65535_65535,2,27,137,0,0,1,0,0,0,28,1,1,pre_allocation
1066,1483,normal,0,0,65535_65535,2,27,137,42,1,1,1,1,42,28,1,1,allocated
1066,1483,normal,0,0,65535_65535,2,22,137,0,0,1,0,0,0,28,1,1,pre_allocation
1066,1483,normal,0,0,65535_65535,2,22,137,42,1,1,1,1,42,28,1,1,allocated
1066,1483,normal,0,0,65535_65535,2,25,137,0,0,1,0,0,0,28,1,1,pre_allocation
1066,1483,normal,0,0,65535_65535,2,25,137,42,1,1,1,1,42,28,1,1,allocated
1066,1483,normal,0,0,65535_65535,2,12,137,0,0,1,0,0,0,28,1,1,pre_allocation
1066,1483,normal,0,0,65535_65535,2,12,137,42,1,1,1,1,42,28,1,1,allocated
1066,1483,normal,0,0,65535_65535,2,21,137,0,0,1,0,0,0,28,1,1,pre_allocation
1066,1483,normal,0,0,65535_65535,2,21,137,42,1,1,1,1,42,28,1,1,allocated
1066,1483,normal,0,0,65535_65535,2,28,137,0,0,1,0,0,0,28,1,1,pre_allocation
1066,1483,normal,0,0,65535_65535,2,28,137,42,1,1,1,1,42,28,1,1,allocated
1066,1483,normal,0,0,65535_65535,2,26,929,0,0,1,0,0,0,15,1,1,pre_allocation
1066,1483,normal,0,0,65535_65535,2,26,929,14,1,1,1,1,14,15,1,1,allocated
1066,1483,normal,0,0,65535_65535,2,11,137,14,0,1,0,1,0,15,1,1,pre_allocation
1066,1483,normal,0,0,65535_65535,2,11,137,32,1,1,1,2,32,15,1,1,allocated
1066,1483,normal,0,0,65535_65535,2,23,137,4,0,1,0,1,0,8,1,1,pre_allocation
1066,1483,normal,0,0,65535_65535,2,23,137,11,1,1,1,2,11,8,1,1,allocated
1066,1483,normal,0,0,65535_65535,2,27,137,42,0,1,0,1,0,28,1,1,pre_allocation
1066,1483,normal,0,0,65535_65535,2,27,137,88,1,1,1,2,88,28,1,1,allocated
1066,1483,normal,0,0,65535_65535,2,22,137,42,0,1,0,1,0,28,1,1,pre_allocation
1066,1483,normal,0,0,65535_65535,2,22,137,88,1,1,1,2,88,28,1,1,allocated
1066,1483,normal,0,0,65535_65535,2,25,137,42,0,1,0,1,0,28,1,1,pre_allocation
1066,1483,normal,0,0,65535_65535,2,25,137,88,1,1,1,2,88,28,1,1,allocated
1066,1483,normal,0,0,65535_65535,2,12,137,42,0,1,0,1,0,28,1,1,pre_allocation
1066,1483,normal,0,0,65535_65535,2,12,137,88,1,1,1,2,88,28,1,1,allocated
1066,1483,normal,0,0,65535_65535,2,21,137,42,0,1,0,1,0,28,1,1,pre_allocation
1066,1483,normal,0,0,65535_65535,2,21,137,88,1,1,1,2,88,28,1,1,allocated
1066,1483,normal,0,0,65535_65535,2,28,137,42,0,1,0,1,0,28,1,1,pre_allocation
1066,1483,normal,0,0,65535_65535,2,28,137,88,1,1,1,2,88,28,1,1,allocated
1066,1483,normal,0,0,65535_65535,2,26,929,14,0,1,0,1,0,15,1,1,pre_allocation
1066,1483,normal,0,0,65535_65535,2,26,929,32,1,1,1,2,32,15,1,1,allocated
1066,1483,normal,0,0,65535_65535,2,11,137,32,0,1,0,2,0,15,1,1,pre_allocation
1066,1483,normal,0,0,65535_65535,2,11,137,50,1,1,1,3,50,15,1,1,allocated
1066,1483,normal,0,0,65535_65535,2,23,137,11,0,1,0,2,0,8,1,1,pre_allocation
1066,1483,normal,0,0,65535_65535,2,23,137,18,1,1,1,3,18,8,1,1,allocated
1066,1483,normal,0,0,65535_65535,2,27,137,88,0,1,0,2,0,28,1,1,pre_allocation
1066,1483,normal,0,0,65535_65535,2,27,137,133,1,1,1,3,133,28,1,1,allocated
1066,1483,normal,0,0,65535_65535,2,22,137,88,0,1,0,2,0,28,1,1,pre_allocation
1066,1483,normal,0,0,65535_65535,2,22,137,133,1,1,1,3,133,28,1,1,allocated
1066,1483,normal,0,0,65535_65535,2,25,137,88,0,1,0,2,0,28,1,1,pre_allocation
1066,1483,normal,0,0,65535_65535,2,25,137,133,1,1,1,3,133,28,1,1,allocated
1066,1483,normal,0,0,65535_65535,2,12,137,88,0,1,0,2,0,28,1,1,pre_allocation
1066,1483,normal,0,0,65535_65535,2,12,137,133,1,1,1,3,133,28,1,1,allocated
1066,1483,normal,0,0,65535_65535,2,21,137,88,0,1,0,2,0,28,1,1,pre_allocation
1066,1483,normal,0,0,65535_65535,2,21,137,133,1,1,1,3,133,28,1,1,allocated
1066,1483,normal,0,0,65535_65535,2,28,137,88,0,1,0,2,0,28,1,1,pre_allocation
1066,1483,normal,0,0,65535_65535,2,28,137,133,1,1,1,3,133,28,1,1,allocated
1066,1483,normal,0,0,65535_65535,2,26,929,32,0,1,0,2,0,15,1,1,pre_allocation
1066,1483,normal,0,0,65535_65535,2,26,929,50,1,1,1,3,50,15,1,1,allocated
1066,1483,normal,0,0,65535_65535,2,11,137,50,0,1,0,3,0,15,1,1,pre_allocation
1066,1483,normal,0,0,65535_65535,2,11,137,68,1,1,1,4,68,15,1,1,allocated
1066,1483,normal,0,0,65535_65535,2,23,137,18,0,1,0,3,0,8,1,1,pre_allocation
1066,1483,normal,0,0,65535_65535,2,23,137,26,1,1,1,4,26,8,1,1,allocated
1066,1483,normal,0,0,65535_65535,2,27,137,133,0,1,0,3,0,28,1,1,pre_allocation
1066,1483,normal,0,0,65535_65535,2,27,137,179,1,1,1,4,179,28,1,1,allocated
1066,1483,normal,0,0,65535_65535,2,22,137,133,0,1,0,3,0,28,1,1,pre_allocation
1066,1483,normal,0,0,65535_65535,2,22,137,179,1,1,1,4,179,28,1,1,allocated
1066,1483,normal,0,0,65535_65535,2,25,137,133,0,1,0,3,0,28,1,1,pre_allocation
1066,1483,normal,0,0,65535_65535,2,25,137,179,1,1,1,4,179,28,1,1,allocated
1066,1483,normal,0,0,65535_65535,2,12,137,133,0,1,0,3,0,28,1,1,pre_allocation
1066,1483,normal,0,0,65535_65535,2,12,137,179,1,1,1,4,179,28,1,1,allocated
1066,1483,normal,0,0,65535_65535,2,21,137,133,0,1,0,3,0,28,1,1,pre_allocation
1066,1483,normal,0,0,65535_65535,2,21,137,179,1,1,1,4,179,28,1,1,allocated
1066,1483,normal,0,0,65535_65535,2,28,137,133,0,1,0,3,0,28,1,1,pre_allocation
1066,1483,normal,0,0,65535_65535,2,28,137,179,1,1,1,4,179,28,1,1,allocated
1066,1483,normal,0,0,65535_65535,2,26,929,50,0,1,0,3,0,15,1,1,pre_allocation
1066,1483,normal,0,0,65535_65535,2,26,929,68,1,1,1,4,68,15,1,1,allocated
1066,1483,normal,0,0,65535_65535,2,11,137,68,0,1,0,4,0,15,1,1,pre_allocation
1066,1483,normal,0,0,65535_65535,2,11,137,86,1,1,1,5,86,15,1,1,allocated
1066,1483,normal,0,0,65535_65535,2,23,137,26,0,1,0,4,0,8,1,1,pre_allocation
1066,1483,normal,0,0,65535_65535,2,23,137,33,1,1,1,5,33,8,1,1,allocated
1066,1483,normal,0,0,65535_65535,2,27,137,179,0,1,0,4,0,28,1,1,pre_allocation
1066,1483,normal,0,0,65535_65535,2,27,137,224,1,1,1,5,224,28,1,1,allocated
1066,1483,normal,0,0,65535_65535,2,22,137,179,0,1,0,4,0,28,1,1,pre_allocation
1066,1483,normal,0,0,65535_65535,2,22,137,224,1,1,1,5,224,28,1,1,allocated
1066,1483,normal,0,0,65535_65535,2,25,137,179,0,1,0,4,0,28,1,1,pre_allocation
1066,1483,normal,0,0,65535_65535,2,25,137,224,1,1,1,5,224,28,1,1,allocated
1066,1483,normal,0,0,65535_65535,2,12,137,179,0,1,0,4,0,28,1,1,pre_allocation
1066,1483,normal,0,0,65535_65535,2,12,137,224,1,1,1,5,224,28,1,1,allocated
1066,1483,normal,0,0,65535_65535,2,21,137,179,0,1,0,4,0,28,1,1,pre_allocation
1066,1483,normal,0,0,65535_65535,2,21,137,224,1,1,1,5,224,28,1,1,allocated
1066,1483,normal,0,0,65535_65535,2,28,137,179,0,1,0,4,0,28,1,1,pre_allocation
1066,1483,normal,0,0,65535_65535,2,28,137,224,1,1,1,5,224,28,1,1,allocated
1066,1483,normal,0,0,65535_65535,2,26,929,68,0,1,0,4,0,15,1,1,pre_allocation
1066,1483,normal,0,0,65535_65535,2,26,929,86,1,1,1,5,86,15,1,1,allocated
1066,1483,normal,0,0,65535_65535,2,11,137,86,0,1,0,5,0,15,1,1,pre_allocation
1066,1483,normal,0,0,65535_65535,2,11,137,103,1,1,1,6,103,15,1,1,allocated
1066,1483,normal,0,0,65535_65535,2,23,137,33,0,1,0,5,0,8,1,1,pre_allocation
1066,1483,normal,0,0,65535_65535,2,23,137,40,1,1,1,6,40,8,1,1,allocated
1066,1483,normal,0,0,65535_65535,2,27,137,224,0,1,0,5,0,28,1,1,pre_allocation
1066,1483,normal,0,0,65535_65535,2,27,137,270,1,1,1,6,270,28,1,1,allocated
1066,1483,normal,0,0,65535_65535,2,22,137,224,0,1,0,5,0,28,1,1,pre_allocation
1066,1483,normal,0,0,65535_65535,2,22,137,270,1,1,1,6,270,28,1,1,allocated
1066,1483,normal,0,0,65535_65535,2,25,137,224,0,1,0,5,0,28,1,1,pre_allocation
1066,1483,normal,0,0,65535_65535,2,25,137,270,1,1,1,6,270,28,1,1,allocated
1066,1483,normal,0,0,65535_65535,2,12,137,224,0,1,0,5,0,28,1,1,pre_allocation
1066,1483,normal,0,0,65535_65535,2,12,137,270,1,1,1,6,270,28,1,1,allocated
1066,1483,normal,0,0,65535_65535,2,21,137,224,0,1,0,5,0,28,1,1,pre_allocation
1066,1483,normal,0,0,65535_65535,2,21,137,270,1,1,1,6,270,28,1,1,allocated
1066,1483,normal,0,0,65535_65535,2,28,137,224,0,1,0,5,0,28,1,1,pre_allocation
1066,1483,normal,0,0,65535_65535,2,28,137,270,1,1,1,6,270,28,1,1,allocated
1066,1483,normal,0,0,65535_65535,2,26,929,86,0,1,0,5,0,15,1,1,pre_allocation
1066,1483,normal,0,0,65535_65535,2,26,929,103,1,1,1,6,103,15,1,1,allocated
1066,1483,normal,0,0,65535_65535,2,11,137,103,0,1,0,6,0,15,1,1,pre_allocation
1066,1483,normal,0,0,65535_65535,2,11,137,121,1,1,1,7,121,15,1,1,allocated
1066,1483,normal,0,0,65535_65535,2,23,137,40,0,1,0,6,0,8,1,1,pre_allocation
1066,1483,normal,0,0,65535_65535,2,23,137,47,1,1,1,7,47,8,1,1,allocated
1066,1483,normal,0,0,65535_65535,2,27,137,270,0,1,0,6,0,28,1,1,pre_allocation
1066,1483,normal,0,0,65535_65535,2,27,137,315,1,1,1,7,315,28,1,1,allocated
1066,1483,normal,0,0,65535_65535,2,22,137,270,0,1,0,6,0,28,1,1,pre_allocation
1066,1483,normal,0,0,65535_65535,2,22,137,315,1,1,1,7,315,28,1,1,allocated
1066,1483,normal,0,0,65535_65535,2,25,137,270,0,1,0,6,0,28,1,1,pre_allocation
1066,1483,normal,0,0,65535_65535,2,25,137,315,1,1,1,7,315,28,1,1,allocated
1066,1483,normal,0,0,65535_65535,2,12,137,270,0,1,0,6,0,28,1,1,pre_allocation
1066,1483,normal,0,0,65535_65535,2,12,137,315,1,1,1,7,315,28,1,1,allocated
1066,1483,normal,0,0,65535_65535,2,21,137,270,0,1,0,6,0,28,1,1,pre_allocation
1066,1483,normal,0,0,65535_65535,2,21,137,315,1,1,1,7,315,28,1,1,allocated
1066,1483,normal,0,0,65535_65535,2,28,137,270,0,1,0,6,0,28,1,1,pre_allocation
1066,1483,normal,0,0,65535_65535,2,28,137,315,1,1,1,7,315,28,1,1,allocated
1066,1483,normal,0,0,65535_65535,2,26,929,103,0,1,0,6,0,15,1,1,pre_allocation
1066,1483,normal,0,0,65535_65535,2,26,929,121,1,1,1,7,121,15,1,1,allocated
1066,1483,normal,0,0,65535_65535,2,11,137,121,0,1,0,7,0,15,1,1,pre_allocation
1066,1483,normal,0,0,65535_65535,2,11,137,139,1,1,1,8,139,15,1,1,allocated
1066,1483,normal,0,0,65535_65535,2,23,137,47,0,1,0,7,0,8,1,1,pre_allocation
1066,1483,normal,0,0,65535_65535,2,23,137,55,1,1,1,8,55,8,1,1,allocated
1066,1483,normal,0,0,65535_65535,2,27,137,315,0,1,0,7,0,28,1,1,pre_allocation
1066,1483,normal,0,0,65535_65535,2,27,137,361,1,1,1,8,361,28,1,1,allocated
1066,1483,normal,0,0,65535_65535,2,22,137,315,0,1,0,7,0,28,1,1,pre_allocation
1066,1483,normal,0,0,65535_65535,2,22,137,361,1,1,1,8,361,28,1,1,allocated
1066,1483,normal,0,0,65535_65535,2,25,137,315,0,1,0,7,0,28,1,1,pre_allocation
1066,1483,normal,0,0,65535_65535,2,25,137,361,1,1,1,8,361,28,1,1,allocated
1066,1483,normal,0,0,65535_65535,2,12,137,315,0,1,0,7,0,28,1,1,pre_allocation
1066,1483,normal,0,0,65535_65535,2,12,137,361,1,1,1,8,361,28,1,1,allocated
1066,1483,normal,0,0,65535_65535,2,21,137,315,0,1,0,7,0,28,1,1,pre_allocation
1066,1483,normal,0,0,65535_65535,2,21,137,361,1,1,1,8,361,28,1,1,allocated
1066,1483,normal,0,0,65535_65535,2,28,137,315,0,1,0,7,0,28,1,1,pre_allocation
1066,1483,normal,0,0,65535_65535,2,28,137,361,1,1,1,8,361,28,1,1,allocated
1066,1483,normal,0,0,65535_65535,2,26,929,121,0,1,0,7,0,15,1,1,pre_allocation
1066,1483,normal,0,0,65535_65535,2,26,929,139,1,1,1,8,139,15,1,1,allocated
1066,1483,normal,0,0,65535_65535,2,11,137,139,0,1,0,8,0,15,1,1,pre_allocation
1066,1483,normal,0,0,65535_65535,2,11,137,157,1,1,1,9,157,15,1,1,allocated
1066,1483,normal,0,0,65535_65535,2,23,137,55,0,1,0,8,0,8,1,1,pre_allocation
1066,1483,normal,0,0,65535_65535,2,23,137,62,1,1,1,9,62,8,1,1,allocated
1066,1483,normal,0,0,65535_65535,2,27,137,361,0,1,0,8,0,28,1,1,pre_allocation
1066,1483,normal,0,0,65535_65535,2,27,137,406,1,1,1,9,406,28,1,1,allocated
1066,1483,normal,0,0,65535_65535,2,22,137,361,0,1,0,8,0,28,1,1,pre_allocation
1066,1483,normal,0,0,65535_65535,2,22,137,406,1,1,1,9,406,28,1,1,allocated
1066,1483,normal,0,0,65535_65535,2,25,137,361,0,1,0,8,0,28,1,1,pre_allocation
1066,1483,normal,0,0,65535_65535,2,25,137,406,1,1,1,9,406,28,1,1,allocated
1066,1483,normal,0,0,65535_65535,2,12,137,361,0,1,0,8,0,28,1,1,pre_allocation
1066,1483,normal,0,0,65535_65535,2,12,137,406,1,1,1,9,406,28,1,1,allocated
1066,1483,normal,0,0,65535_65535,2,21,137,361,0,1,0,8,0,28,1,1,pre_allocation
1066,1483,normal,0,0,65535_65535,2,21,137,406,1,1,1,9,406,28,1,1,allocated
1066,1483,normal,0,0,65535_65535,2,28,137,361,0,1,0,8,0,28,1,1,pre_allocation
1066,1483,normal,0,0,65535_65535,2,28,137,406,1,1,1,9,406,28,1,1,allocated
1066,1483,normal,0,0,65535_65535,2,26,929,139,0,1,0,8,0,15,1,1,pre_allocation
1066,1483,normal,0,0,65535_65535,2,26,929,157,1,1,1,9,157,15,1,1,allocated
1066,1483,normal,0,0,65535_65535,2,11,137,157,0,1,0,9,0,15,1,1,pre_allocation
1066,1483,normal,0,0,65535_65535,2,11,137,175,1,1,1,10,175,15,1,1,allocated
