timestamp,ueImsi,sliceId,dTxBytes,dRxBytes,plr,resourceSharePct,dLostPackets,throughputMbps,bufferBytes
930,1,0,18336,4584,75.00,25.00,9,3.6672,661694
930,2,0,18336,4584,75.00,25.00,9,3.6672,661615
930,3,0,18336,4584,75.00,25.00,9,3.6672,661671
930,4,0,18336,4584,75.00,25.00,9,3.6672,661767
930,5,0,18336,4584,75.00,25.00,9,3.6672,661691
930,6,1,390,312,20.00,45.84,1,0.2496,169
930,7,1,390,312,20.00,45.84,1,0.2496,169
930,8,1,390,312,20.00,45.84,1,0.2496,169
930,9,1,390,312,20.00,45.84,1,0.2496,169
930,10,1,390,312,20.00,45.84,1,0.2496,169
930,11,2,384,256,33.33,29.16,1,0.2048,137
930,12,2,384,256,33.33,29.16,1,0.2048,137
930,13,2,384,256,33.33,29.16,1,0.2048,137
930,14,2,384,256,33.33,29.16,1,0.2048,137
930,15,2,384,256,33.33,29.16,1,0.2048,137
930,16,2,384,256,33.33,29.16,1,0.2048,137
930,17,2,384,256,33.33,29.16,1,0.2048,137
930,18,2,384,256,33.33,29.16,1,0.2048,137
930,19,2,384,256,33.33,29.16,1,0.2048,137
930,20,2,384,256,33.33,29.16,1,0.2048,137
