timestamp,ueImsi,sliceId,dTxBytes,dRxBytes,plr,resourceSharePct,dLostPackets,throughputMbps,bufferBytes
560,1,0,24448,1528,93.75,30.70,15,1.2224,137344
560,2,0,24448,1528,93.75,30.70,15,1.2224,137338
560,3,0,24448,1528,93.75,30.70,15,1.2224,137401
560,4,0,24448,1528,93.75,30.70,15,1.2224,137415
560,5,0,24448,1528,93.75,30.70,15,1.2224,137318
560,6,1,780,624,20.00,28.08,2,0.4992,126
560,7,1,780,624,20.00,28.08,2,0.4992,126
560,8,1,780,624,20.00,28.08,2,0.4992,126
560,9,1,780,624,20.00,28.08,2,0.4992,126
560,10,1,780,624,20.00,28.08,2,0.4992,126
560,11,2,16000,768,95.20,41.22,119,0.6144,91540
560,12,2,16000,768,95.20,41.22,119,0.6144,91540
560,13,2,16000,896,94.40,41.22,118,0.7168,91556
560,14,2,16000,896,94.40,41.22,118,0.7168,91548
560,15,2,16000,896,94.40,41.22,118,0.7168,91604
560,16,2,16000,896,94.40,41.22,118,0.7168,91603
560,17,2,16000,896,94.40,41.22,118,0.7168,91606
560,18,2,16000,896,94.40,41.22,118,0.7168,91606
560,19,2,16000,896,94.40,41.22,118,0.7168,91596
560,20,2,16000,896,94.40,41.22,118,0.7168,91596
