timestamp,sliceId,dedicatedPRB,minPRB,maxPRB
510,0,42.836104316653525,42.836104316653525,100.0
510,1,29.72352810283555,29.72352810283555,100.0
510,2,27.440367580510927,27.440367580510927,100.0
520,0,29.99426593007678,29.99426593007678,100.0
520,1,33.122030744509324,33.122030744509324,100.0
520,2,36.8837033254139,36.8837033254139,100.0
530,0,30.173749727650033,30.173749727650033,100.0
530,1,42.022232407670366,42.022232407670366,100.0
530,2,27.804017864679597,27.804017864679597,100.0
540,0,31.50779220197353,31.50779220197353,100.0
540,1,47.150845974725996,47.150845974725996,100.0
540,2,21.34136182330048,21.34136182330048,100.0
550,0,26.726285828225482,26.726285828225482,100.0
550,1,51.486017218468106,51.486017218468106,100.0
550,2,21.787696953306412,21.787696953306412,100.0
560,0,24.60105144766086,24.60105144766086,100.0
560,1,49.98489055468619,49.98489055468619,100.0
560,2,25.414057997652943,25.414057997652943,100.0
570,0,37.04008078123055,37.04008078123055,100.0
570,1,34.57631808890415,34.57631808890415,100.0
570,2,28.383601129865298,28.383601129865298,100.0
580,0,43.4079283423179,43.4079283423179,100.0
580,1,34.915520333427,34.915520333427,100.0
580,2,21.676551324255094,21.676551324255094,100.0
590,0,39.36338988217444,39.36338988217444,100.0
590,1,35.36399108349022,35.36399108349022,100.0
590,2,25.272619034335346,25.272619034335346,100.0
600,0,28.339048675313293,28.339048675313293,100.0
600,1,47.38907518138385,47.38907518138385,100.0
600,2,24.27187614330285,24.27187614330285,100.0
610,0,25.30235818697428,25.30235818697428,100.0
610,1,41.54835780711281,41.54835780711281,100.0
610,2,33.14928400591292,33.14928400591292,100.0
620,0,35.12606203466748,35.12606203466748,100.0
620,1,35.242660770689625,35.242660770689625,100.0
620,2,29.63127719464289,29.63127719464289,100.0
630,0,25.75507043624591,25.75507043624591,100.0
630,1,43.37163556634641,43.37163556634641,100.0
630,2,30.873293997407686,30.873293997407686,100.0
640,0,38.63779601179434,38.63779601179434,100.0
640,1,26.338187792419372,26.338187792419372,100.0
640,2,35.02401619578629,35.02401619578629,100.0
650,0,24.505763924678117,24.505763924678117,100.0
650,1,46.06196186679746,46.06196186679746,100.0
650,2,29.432274208524422,29.432274208524422,100.0
660,0,27.930615066669752,27.930615066669752,100.0
660,1,34.97951292230107,34.97951292230107,100.0
660,2,37.08987201102918,37.08987201102918,100.0
670,0,40.60772151158202,40.60772151158202,100.0
670,1,34.43185489793227,34.43185489793227,100.0
670,2,24.960423590485714,24.960423590485714,100.0
680,0,30.463749925702523,30.463749925702523,100.0
680,1,46.474284448619194,46.474284448619194,100.0
680,2,23.061965625678283,23.061965625678283,100.0
690,0,33.191107025677155,33.191107025677155,100.0
690,1,39.66512235570278,39.66512235570278,100.0
690,2,27.143770618620067,27.143770618620067,100.0
700,0,42.91680438709872,42.91680438709872,100.0
700,1,25.550817911902655,25.550817911902655,100.0
700,2,31.53237770099863,31.53237770099863,100.0
710,0,37.52534831181825,37.52534831181825,100.0
710,1,39.29854082911904,39.29854082911904,100.0
710,2,23.176110859062703,23.176110859062703,100.0
720,0,37.40486446930112,37.40486446930112,100.0
720,1,43.80731364836393,43.80731364836393,100.0
720,2,18.787821882334953,18.787821882334953,100.0
730,0,25.64753094327525,25.64753094327525,100.0
730,1,49.4206819167355,49.4206819167355,100.0
730,2,24.931787139989247,24.931787139989247,100.0
740,0,28.840618885248386,28.840618885248386,100.0
740,1,40.76824872992015,40.76824872992015,100.0
740,2,30.391132384831465,30.391132384831465,100.0
750,0,44.62064921712033,44.62064921712033,100.0
750,1,28.85285645409452,28.85285645409452,100.0
750,2,26.526494328785137,26.526494328785137,100.0
760,0,27.965991207715202,27.965991207715202,100.0
760,1,37.73535835742162,37.73535835742162,100.0
760,2,34.298650434863184,34.298650434863184,100.0
770,0,29.49797662464448,29.49797662464448,100.0
770,1,26.57022367191298,26.57022367191298,100.0
770,2,43.93179970344254,43.93179970344254,100.0
780,0,34.89762234903333,34.89762234903333,100.0
780,1,35.206027189807976,35.206027189807976,100.0
780,2,29.896350461158693,29.896350461158693,100.0
790,0,36.83414585414028,36.83414585414028,100.0
790,1,25.984271786126573,25.984271786126573,100.0
790,2,37.18158235973314,37.18158235973314,100.0
800,0,33.08645082472008,33.08645082472008,100.0
800,1,46.14535588564312,46.14535588564312,100.0
800,2,20.768193289636805,20.768193289636805,100.0
810,0,45.031908757150575,45.031908757150575,100.0
810,1,28.561747612829635,28.561747612829635,100.0
810,2,26.40634363001979,26.40634363001979,100.0
820,0,26.312974718357673,26.312974718357673,100.0
820,1,33.308555614709924,33.308555614709924,100.0
820,2,40.37846966693242,40.37846966693242,100.0
830,0,33.37624984369904,33.37624984369904,100.0
830,1,37.19667563498031,37.19667563498031,100.0
830,2,29.42707452132065,29.42707452132065,100.0
840,0,37.57516343914213,37.57516343914213,100.0
840,1,37.84198812458784,37.84198812458784,100.0
840,2,24.58284843627002,24.58284843627002,100.0
850,0,23.34076999954906,23.34076999954906,100.0
850,1,48.11913998929375,48.11913998929375,100.0
850,2,28.540090011157194,28.540090011157194,100.0
860,0,32.764635081656635,32.764635081656635,100.0
860,1,30.308781685081755,30.308781685081755,100.0
860,2,36.92658323326161,36.92658323326161,100.0
870,0,24.056760982829715,24.056760982829715,100.0
870,1,32.81130298454988,32.81130298454988,100.0
870,2,43.13193603262041,43.13193603262041,100.0
880,0,22.24612760345951,22.24612760345951,100.0
880,1,44.39340858930084,44.39340858930084,100.0
880,2,33.36046380723964,33.36046380723964,100.0
890,0,50.12502020961978,50.12502020961978,100.0
890,1,28.921006100136836,28.921006100136836,100.0
890,2,20.95397369024339,20.95397369024339,100.0
900,0,40.4891937931803,40.4891937931803,100.0
900,1,37.58071902314072,37.58071902314072,100.0
900,2,21.930087183678985,21.930087183678985,100.0
910,0,36.12193626019584,36.12193626019584,100.0
910,1,39.060106129466675,39.060106129466675,100.0
910,2,24.81795761033749,24.81795761033749,100.0
920,0,29.532222761254612,29.532222761254612,100.0
920,1,29.629009949564526,29.629009949564526,100.0
920,2,40.83876728918087,40.83876728918087,100.0
930,0,31.531541986911947,31.531541986911947,100.0
930,1,50.060680572801175,50.060680572801175,100.0
930,2,18.40777744028688,18.40777744028688,100.0
940,0,35.75005248780221,35.75005248780221,100.0
940,1,45.840527508387574,45.840527508387574,100.0
940,2,18.40942000381022,18.40942000381022,100.0
950,0,42.76949718745108,42.76949718745108,100.0
950,1,35.22322578124363,35.22322578124363,100.0
950,2,22.007277031305293,22.007277031305293,100.0
960,0,27.213234632178064,27.213234632178064,100.0
960,1,48.61094197604309,48.61094197604309,100.0
960,2,24.175823391778845,24.175823391778845,100.0
970,0,28.68074327970461,28.68074327970461,100.0
970,1,30.441059820472656,30.441059820472656,100.0
970,2,40.87819689982274,40.87819689982274,100.0
980,0,40.65041793276279,40.65041793276279,100.0
980,1,32.851344048257545,32.851344048257545,100.0
980,2,26.498238018979674,26.498238018979674,100.0
990,0,43.0894942401209,43.0894942401209,100.0
990,1,28.354916564130416,28.354916564130416,100.0
990,2,28.555589195748688,28.555589195748688,100.0
1000,0,46.52820902011576,46.52820902011576,100.0
1000,1,31.614020095049362,31.614020095049362,100.0
1000,2,21.85777088483487,21.85777088483487,100.0
1010,0,21.573691284932327,21.573691284932327,100.0
1010,1,41.675531593193305,41.675531593193305,100.0
1010,2,36.750777121874364,36.750777121874364,100.0
1020,0,39.35826515807612,39.35826515807612,100.0
1020,1,36.368206440826576,36.368206440826576,100.0
1020,2,24.273528401097305,24.273528401097305,100.0
1030,0,33.51019216300025,33.51019216300025,100.0
1030,1,39.594100670240046,39.594100670240046,100.0
1030,2,26.895707166759706,26.895707166759706,100.0
1040,0,36.22411486525101,36.22411486525101,100.0
1040,1,37.886175503895494,37.886175503895494,100.0
1040,2,25.889709630853492,25.889709630853492,100.0
1050,0,43.62421653700246,43.62421653700246,100.0
1050,1,25.189947704692973,25.189947704692973,100.0
1050,2,31.18583575830457,31.18583575830457,100.0
1060,0,25.49451255121532,25.49451255121532,100.0
1060,1,53.154919529601585,53.154919529601585,100.0
1060,2,21.350567919183103,21.350567919183103,100.0
1070,0,28.02917596983069,28.02917596983069,100.0
1070,1,37.38999782843649,37.38999782843649,100.0
1070,2,34.580826201732826,34.580826201732826,100.0
1080,0,36.297714483232454,36.297714483232454,100.0
1080,1,28.209822265649453,28.209822265649453,100.0
1080,2,35.49246325111809,35.49246325111809,100.0
1090,0,24.620430980508942,24.620430980508942,100.0
1090,1,39.68926830972836,39.68926830972836,100.0
1090,2,35.69030070976269,35.69030070976269,100.0
1100,0,40.65914870730896,40.65914870730896,100.0
1100,1,33.931891007182294,33.931891007182294,100.0
1100,2,25.40896028550875,25.40896028550875,100.0
1110,0,25.340470638628787,25.340470638628787,100.0
1110,1,46.29527135481258,46.29527135481258,100.0
1110,2,28.36425800655864,28.36425800655864,100.0
1120,0,47.23605814646806,47.23605814646806,100.0
1120,1,27.990096780279828,27.990096780279828,100.0
1120,2,24.77384507325211,24.77384507325211,100.0
1130,0,23.204431696703807,23.204431696703807,100.0
1130,1,51.612736239910795,51.612736239910795,100.0
1130,2,25.182832063385398,25.182832063385398,100.0
1140,0,31.877072607390183,31.877072607390183,100.0
1140,1,47.54408460383659,47.54408460383659,100.0
1140,2,20.578842788773226,20.578842788773226,100.0
1150,0,38.687973471883076,38.687973471883076,100.0
1150,1,34.83678788990731,34.83678788990731,100.0
1150,2,26.475238638209607,26.475238638209607,100.0
1160,0,23.954050755336237,23.954050755336237,100.0
1160,1,34.919374167183406,34.919374167183406,100.0
1160,2,41.12657507748037,41.12657507748037,100.0
1170,0,43.11360418925406,43.11360418925406,100.0
1170,1,31.013354337312187,31.013354337312187,100.0
1170,2,25.87304147343375,25.87304147343375,100.0
1180,0,35.25355311882844,35.25355311882844,100.0
1180,1,33.870327266919745,33.870327266919745,100.0
1180,2,30.876119614251817,30.876119614251817,100.0
1190,0,43.697494796899896,43.697494796899896,100.0
1190,1,29.877721104833878,29.877721104833878,100.0
1190,2,26.42478409826623,26.42478409826623,100.0
1200,0,36.120017055123824,36.120017055123824,100.0
1200,1,28.741029097377258,28.741029097377258,100.0
1200,2,35.13895384749892,35.13895384749892,100.0
1210,0,32.698711336381756,32.698711336381756,100.0
1210,1,34.439338203752754,34.439338203752754,100.0
1210,2,32.86195045986548,32.86195045986548,100.0
1220,0,27.765597186488435,27.765597186488435,100.0
1220,1,38.2418888158182,38.2418888158182,100.0
1220,2,33.99251399769337,33.99251399769337,100.0
1230,0,31.93434858062271,31.93434858062271,100.0
1230,1,34.236933914120584,34.236933914120584,100.0
1230,2,33.828717505256705,33.828717505256705,100.0
1240,0,41.761717523693655,41.761717523693655,100.0
1240,1,33.04504768263025,33.04504768263025,100.0
1240,2,25.193234793676105,25.193234793676105,100.0
1250,0,40.125633330941824,40.125633330941824,100.0
1250,1,40.88469969524557,40.88469969524557,100.0
1250,2,18.98966697381261,18.98966697381261,100.0
1260,0,21.882062332742148,21.882062332742148,100.0
1260,1,45.61081645271926,45.61081645271926,100.0
1260,2,32.5071212145386,32.5071212145386,100.0
1270,0,31.05425846374673,31.05425846374673,100.0
1270,1,46.19248136493415,46.19248136493415,100.0
1270,2,22.753260171319116,22.753260171319116,100.0
1280,0,34.52088468043439,34.52088468043439,100.0
1280,1,26.83917196882113,26.83917196882113,100.0
1280,2,38.639943350744474,38.639943350744474,100.0
1290,0,37.32544124106105,37.32544124106105,100.0
1290,1,32.389949215631944,32.389949215631944,100.0
1290,2,30.284609543307024,30.284609543307024,100.0
1300,0,28.70403758443627,28.70403758443627,100.0
1300,1,32.166251771318166,32.166251771318166,100.0
1300,2,39.12971064424556,39.12971064424556,100.0
1310,0,37.420293581002674,37.420293581002674,100.0
1310,1,33.44241589618561,33.44241589618561,100.0
1310,2,29.13729052281172,29.13729052281172,100.0
1320,0,29.47698597116364,29.47698597116364,100.0
1320,1,46.585833625103895,46.585833625103895,100.0
1320,2,23.937180403732473,23.937180403732473,100.0
1330,0,27.917232264744463,27.917232264744463,100.0
1330,1,45.36319156456056,45.36319156456056,100.0
1330,2,26.719576170694992,26.719576170694992,100.0
1340,0,34.917926557354065,34.917926557354065,100.0
1340,1,35.781976676218335,35.781976676218335,100.0
1340,2,29.300096766427597,29.300096766427597,100.0
1350,0,29.188779080919076,29.188779080919076,100.0
1350,1,50.62162153228512,50.62162153228512,100.0
1350,2,20.189599386795802,20.189599386795802,100.0
1360,0,24.7783524033025,24.7783524033025,100.0
1360,1,45.82531817009454,45.82531817009454,100.0
1360,2,29.396329426602957,29.396329426602957,100.0
1370,0,29.273162985492124,29.273162985492124,100.0
1370,1,36.48810739531816,36.48810739531816,100.0
1370,2,34.238729619189726,34.238729619189726,100.0
1380,0,52.29956905888886,52.29956905888886,100.0
1380,1,28.128348504135097,28.128348504135097,100.0
1380,2,19.572082436976036,19.572082436976036,100.0
1390,0,27.319532734383138,27.319532734383138,100.0
1390,1,43.96379992997218,43.96379992997218,100.0
1390,2,28.716667335644686,28.716667335644686,100.0
1400,0,33.65936927872642,33.65936927872642,100.0
1400,1,25.33488031912564,25.33488031912564,100.0
1400,2,41.00575040214793,41.00575040214793,100.0
1410,0,32.73505477386629,32.73505477386629,100.0
1410,1,33.07459817347688,33.07459817347688,100.0
1410,2,34.19034705265683,34.19034705265683,100.0
1420,0,31.857541372600632,31.857541372600632,100.0
1420,1,40.09187119108945,40.09187119108945,100.0
1420,2,28.05058743630991,28.05058743630991,100.0
1430,0,26.721805043441684,26.721805043441684,100.0
1430,1,33.882170252971896,33.882170252971896,100.0
1430,2,39.39602470358642,39.39602470358642,100.0
1440,0,38.76671944092842,38.76671944092842,100.0
1440,1,34.96375081846508,34.96375081846508,100.0
1440,2,26.269529740606494,26.269529740606494,100.0
1450,0,52.576749124547284,52.576749124547284,100.0
1450,1,25.74324098283356,25.74324098283356,100.0
1450,2,21.680009892619157,21.680009892619157,100.0
1460,0,47.174259725217624,47.174259725217624,100.0
1460,1,30.566449818648657,30.566449818648657,100.0
1460,2,22.25929045613372,22.25929045613372,100.0
1470,0,32.7048244447725,32.7048244447725,100.0
1470,1,26.63708353156748,26.63708353156748,100.0
1470,2,40.65809202366003,40.65809202366003,100.0
1480,0,48.22492000638575,48.22492000638575,100.0
1480,1,30.46424765466464,30.46424765466464,100.0
1480,2,21.310832338949613,21.310832338949613,100.0
1490,0,36.00065917857271,36.00065917857271,100.0
1490,1,29.555675602334514,29.555675602334514,100.0
1490,2,34.443665219092786,34.443665219092786,100.0
1500,0,39.631918944003836,39.631918944003836,100.0
1500,1,27.71797194576213,27.71797194576213,100.0
1500,2,32.65010911023404,32.65010911023404,100.0
