timestamp,sliceId,dedicatedPRB,minPRB,maxPRB
510,0,44.44512757364726,44.44512757364726,100.0
510,1,35.07162697874262,35.07162697874262,100.0
510,2,20.483245447610116,20.483245447610116,100.0
520,0,30.859650218644656,30.859650218644656,100.0
520,1,46.764956295541474,46.764956295541474,100.0
520,2,22.375393485813877,22.375393485813877,100.0
530,0,35.608152053868025,35.608152053868025,100.0
530,1,35.304820947522394,35.304820947522394,100.0
530,2,29.087026998609577,29.087026998609577,100.0
540,0,37.85915666324635,37.85915666324635,100.0
540,1,39.60401982645086,39.60401982645086,100.0
540,2,22.536823510302796,22.536823510302796,100.0
550,0,32.95076862039541,32.95076862039541,100.0
550,1,37.6122788016268,37.6122788016268,100.0
550,2,29.43695257797779,29.43695257797779,100.0
