timestamp,sliceId,dedicatedPRB,minPRB,maxPRB,algorithm
510,0,31.664999723434452,31.664999723434452,100.0,0
510,1,25.000000298023224,25.000000298023224,100.0,0
510,2,43.33499997854233,43.33499997854233,100.0,0
520,0,51.66499972343445,51.66499972343445,100.0,2
520,1,30.00000029802322,30.00000029802322,100.0,2
520,2,18.334999978542328,18.334999978542328,100.0,2
530,0,51.66499972343445,51.66499972343445,100.0,2
530,1,30.00000029802322,30.00000029802322,100.0,2
530,2,18.334999978542328,18.334999978542328,100.0,2
540,0,36.66499972343445,36.66499972343445,100.0,0
540,1,45.000000298023224,45.000000298023224,100.0,0
540,2,18.334999978542328,18.334999978542328,100.0,0
550,0,16.66499972343445,16.66499972343445,100.0,0
550,1,60.000000298023224,60.000000298023224,100.0,0
550,2,23.334999978542328,23.334999978542328,100.0,0
