timestamp,sliceId,dedicatedPRB,minPRB,maxPRB
600,0,32.13541140157328,32.13541140157328,100.0
600,1,37.59103822510013,37.59103822510013,100.0
600,2,30.273550373326596,30.273550373326596,100.0
700,0,29.514788316937697,29.514788316937697,100.0
700,1,51.590698346447454,51.590698346447454,100.0
700,2,18.894513336614857,18.894513336614857,100.0
800,0,29.139719372136657,29.139719372136657,100.0
800,1,49.410913506018986,49.410913506018986,100.0
800,2,21.44936712184436,21.44936712184436,100.0
900,0,39.60738224638004,39.60738224638004,100.0
900,1,31.359001797446673,31.359001797446673,100.0
900,2,29.033615956173286,29.033615956173286,100.0
1000,0,43.48224123456277,43.48224123456277,100.0
1000,1,31.1078430485061,31.1078430485061,100.0
1000,2,25.40991571693113,25.40991571693113,100.0
1100,0,46.07909249567055,46.07909249567055,100.0
1100,1,26.870772477797672,26.870772477797672,100.0
1100,2,27.050135026531773,27.050135026531773,100.0
1200,0,26.330594623812907,26.330594623812907,100.0
1200,1,32.032983766691586,32.032983766691586,100.0
1200,2,41.6364216094955,41.6364216094955,100.0
1300,0,34.62453635628897,34.62453635628897,100.0
1300,1,44.23197109950233,44.23197109950233,100.0
1300,2,21.14349254420869,21.14349254420869,100.0
1400,0,44.481140672091804,44.481140672091804,100.0
1400,1,30.205509997311086,30.205509997311086,100.0
1400,2,25.313349330597113,25.313349330597113,100.0
1500,0,27.512078557365694,27.512078557365694,100.0
1500,1,50.372998910779565,50.372998910779565,100.0
1500,2,22.11492253185476,22.11492253185476,100.0
1600,0,38.185368756520774,38.185368756520774,100.0
1600,1,28.987682705150164,28.987682705150164,100.0
1600,2,32.82694853832908,32.82694853832908,100.0
1700,0,23.269262510178812,23.269262510178812,100.0
1700,1,42.021458047131155,42.021458047131155,100.0
1700,2,34.709279442690026,34.709279442690026,100.0
1800,0,39.23136357308537,39.23136357308537,100.0
1800,1,40.85755016037652,40.85755016037652,100.0
1800,2,19.91108626653811,19.91108626653811,100.0
1900,0,25.815673268581808,25.815673268581808,100.0
1900,1,43.21265174640793,43.21265174640793,100.0
1900,2,30.97167498501027,30.97167498501027,100.0
2000,0,28.90965087495051,28.90965087495051,100.0
2000,1,35.62905898507817,35.62905898507817,100.0
2000,2,35.46129013997133,35.46129013997133,100.0
2100,0,30.712916427672845,30.712916427672845,100.0
2100,1,30.989293117075036,30.989293117075036,100.0
2100,2,38.29779045525213,38.29779045525213,100.0
2200,0,37.57728345372717,37.57728345372717,100.0
2200,1,35.73401890415979,35.73401890415979,100.0
2200,2,26.688697642113052,26.688697642113052,100.0
2300,0,21.432055769334642,21.432055769334642,100.0
2300,1,49.336119794654905,49.336119794654905,100.0
2300,2,29.231824436010452,29.231824436010452,100.0
2400,0,47.46630490281341,47.46630490281341,100.0
2400,1,32.043795292146235,32.043795292146235,100.0
2400,2,20.489899805040356,20.489899805040356,100.0
2500,0,22.232908469707663,22.232908469707663,100.0
2500,1,35.76139977697527,35.76139977697527,100.0
2500,2,42.00569175331707,42.00569175331707,100.0
2600,0,33.19981273642701,33.19981273642701,100.0
2600,1,37.452045619256594,37.452045619256594,100.0
2600,2,29.348141644316396,29.348141644316396,100.0
2700,0,41.26533160499521,41.26533160499521,100.0
2700,1,35.05709089786445,35.05709089786445,100.0
2700,2,23.67757749714033,23.67757749714033,100.0
2800,0,25.042245060735645,25.042245060735645,100.0
2800,1,49.824126169854786,49.824126169854786,100.0
2800,2,25.133628769409565,25.133628769409565,100.0
2900,0,42.517438929840104,42.517438929840104,100.0
2900,1,36.72943715660929,36.72943715660929,100.0
2900,2,20.753123913550603,20.753123913550603,100.0
3000,0,36.3292326268444,36.3292326268444,100.0
3000,1,28.914406423349735,28.914406423349735,100.0
3000,2,34.75636094980587,34.75636094980587,100.0
3100,0,41.189329728853714,41.189329728853714,100.0
3100,1,30.33878279718585,30.33878279718585,100.0
3100,2,28.471887473960432,28.471887473960432,100.0
3200,0,32.15764608505347,32.15764608505347,100.0
3200,1,31.0409981145093,31.0409981145093,100.0
3200,2,36.80135580043723,36.80135580043723,100.0
3300,0,26.13458272964798,26.13458272964798,100.0
3300,1,52.635188871015714,52.635188871015714,100.0
3300,2,21.230228399336315,21.230228399336315,100.0
3400,0,39.203248214868935,39.203248214868935,100.0
3400,1,24.894844156223073,24.894844156223073,100.0
3400,2,35.90190762890799,35.90190762890799,100.0
3500,0,36.532666116696255,36.532666116696255,100.0
3500,1,44.30955678775532,44.30955678775532,100.0
3500,2,19.15777709554842,19.15777709554842,100.0
3600,0,46.28167657490908,46.28167657490908,100.0
3600,1,28.198928893829855,28.198928893829855,100.0
3600,2,25.51939453126108,25.51939453126108,100.0
3700,0,26.838532657080354,26.838532657080354,100.0
3700,1,46.272198804972746,46.272198804972746,100.0
3700,2,26.889268537946897,26.889268537946897,100.0
3800,0,38.59510175748368,38.59510175748368,100.0
3800,1,28.062361177279843,28.062361177279843,100.0
3800,2,33.34253706523648,33.34253706523648,100.0
3900,0,30.578571120315395,30.578571120315395,100.0
3900,1,43.208968798363244,43.208968798363244,100.0
3900,2,26.21246008132136,26.21246008132136,100.0
4000,0,34.88058763779728,34.88058763779728,100.0
4000,1,37.77134932224251,37.77134932224251,100.0
4000,2,27.348063039960213,27.348063039960213,100.0
4100,0,36.19947402426146,36.19947402426146,100.0
4100,1,42.361226334860106,42.361226334860106,100.0
4100,2,21.439299640878428,21.439299640878428,100.0
4200,0,43.267969202691226,43.267969202691226,100.0
4200,1,30.378197918116367,30.378197918116367,100.0
4200,2,26.353832879192407,26.353832879192407,100.0
4300,0,45.86005834572506,45.86005834572506,100.0
4300,1,30.488943495890418,30.488943495890418,100.0
4300,2,23.65099815838452,23.65099815838452,100.0
4400,0,24.969721042462208,24.969721042462208,100.0
4400,1,51.133825790412715,51.133825790412715,100.0
4400,2,23.896453167125088,23.896453167125088,100.0
4500,0,22.70567483995462,22.70567483995462,100.0
4500,1,43.40206249915925,43.40206249915925,100.0
4500,2,33.89226266088613,33.89226266088613,100.0
4600,0,38.827881929216076,38.827881929216076,100.0
4600,1,27.175246313135588,27.175246313135588,100.0
4600,2,33.996871757648336,33.996871757648336,100.0
4700,0,26.50994327633652,26.50994327633652,100.0
4700,1,40.1486597785048,40.1486597785048,100.0
4700,2,33.34139694515868,33.34139694515868,100.0
4800,0,35.224935427253925,35.224935427253925,100.0
4800,1,26.68339070578546,26.68339070578546,100.0
4800,2,38.09167386696062,38.09167386696062,100.0
4900,0,29.97482715666337,29.97482715666337,100.0
4900,1,43.06567269853405,43.06567269853405,100.0
4900,2,26.959500144802583,26.959500144802583,100.0
5000,0,31.039088113058632,31.039088113058632,100.0
5000,1,37.91429707547289,37.91429707547289,100.0
5000,2,31.046614811468476,31.046614811468476,100.0
5100,0,47.331571804654814,47.331571804654814,100.0
5100,1,28.905924718163682,28.905924718163682,100.0
5100,2,23.762503477181497,23.762503477181497,100.0
5200,0,46.34655411232691,46.34655411232691,100.0
5200,1,28.468258574986905,28.468258574986905,100.0
5200,2,25.185187312686185,25.185187312686185,100.0
5300,0,39.808603240527695,39.808603240527695,100.0
5300,1,25.856360151147072,25.856360151147072,100.0
5300,2,34.33503660832523,34.33503660832523,100.0
5400,0,36.07376844065102,36.07376844065102,100.0
5400,1,37.39261611089562,37.39261611089562,100.0
5400,2,26.53361544845336,26.53361544845336,100.0
5500,0,25.127456772756275,25.127456772756275,100.0
5500,1,39.91423756475345,39.91423756475345,100.0
5500,2,34.958305662490275,34.958305662490275,100.0
5600,0,41.694986805889066,41.694986805889066,100.0
5600,1,41.418591358521,41.418591358521,100.0
5600,2,16.88642183558994,16.88642183558994,100.0
5700,0,39.14327646737599,39.14327646737599,100.0
5700,1,26.619207913398668,26.619207913398668,100.0
5700,2,34.23751561922534,34.23751561922534,100.0
5800,0,48.103057976051865,48.103057976051865,100.0
5800,1,28.695418623119252,28.695418623119252,100.0
5800,2,23.201523400828886,23.201523400828886,100.0
5900,0,25.846988109257087,25.846988109257087,100.0
5900,1,44.81364781337922,44.81364781337922,100.0
5900,2,29.339364077363705,29.339364077363705,100.0
6000,0,22.66927619483185,22.66927619483185,100.0
6000,1,50.901316678001784,50.901316678001784,100.0
6000,2,26.42940712716637,26.42940712716637,100.0
6100,0,38.131691974082024,38.131691974082024,100.0
6100,1,26.851294761787724,26.851294761787724,100.0
6100,2,35.01701326413025,35.01701326413025,100.0
6200,0,46.17821515957306,46.17821515957306,100.0
6200,1,29.04241679114194,29.04241679114194,100.0
6200,2,24.779368049285015,24.779368049285015,100.0
6300,0,29.749416174342457,29.749416174342457,100.0
6300,1,38.51625051671241,38.51625051671241,100.0
6300,2,31.73433330894513,31.73433330894513,100.0
6400,0,39.47612145262652,39.47612145262652,100.0
6400,1,38.7747812930981,38.7747812930981,100.0
6400,2,21.749097254275384,21.749097254275384,100.0
6500,0,26.858868834368433,26.858868834368433,100.0
6500,1,27.044068116142338,27.044068116142338,100.0
6500,2,46.09706304948922,46.09706304948922,100.0
6600,0,41.500361354664385,41.500361354664385,100.0
6600,1,33.747549727483175,33.747549727483175,100.0
6600,2,24.75208891785244,24.75208891785244,100.0
6700,0,35.60981861714952,35.60981861714952,100.0
6700,1,37.33583262953836,37.33583262953836,100.0
6700,2,27.054348753312112,27.054348753312112,100.0
6800,0,30.682893394612243,30.682893394612243,100.0
6800,1,30.61817556350129,30.61817556350129,100.0
6800,2,38.69893104188647,38.69893104188647,100.0
6900,0,24.228641837029237,24.228641837029237,100.0
6900,1,51.02756886098483,51.02756886098483,100.0
6900,2,24.74378930198593,24.74378930198593,100.0
7000,0,31.773875101091225,31.773875101091225,100.0
7000,1,41.01464129876108,41.01464129876108,100.0
7000,2,27.21148360014769,27.21148360014769,100.0
7100,0,29.597561373608684,29.597561373608684,100.0
7100,1,36.22569611564433,36.22569611564433,100.0
7100,2,34.17674251074699,34.17674251074699,100.0
7200,0,26.206078787491027,26.206078787491027,100.0
7200,1,49.946733045701734,49.946733045701734,100.0
7200,2,23.847188166807236,23.847188166807236,100.0
7300,0,36.218736139208985,36.218736139208985,100.0
7300,1,36.68659518851657,36.68659518851657,100.0
7300,2,27.094668672274448,27.094668672274448,100.0
7400,0,41.82211375559537,41.82211375559537,100.0
7400,1,32.23453177748493,32.23453177748493,100.0
7400,2,25.9433544669197,25.9433544669197,100.0
7500,0,36.15899212229738,36.15899212229738,100.0
7500,1,32.043393874917655,32.043393874917655,100.0
7500,2,31.797614002784957,31.797614002784957,100.0
7600,0,37.625169140327685,37.625169140327685,100.0
7600,1,40.80890414479654,40.80890414479654,100.0
7600,2,21.565926714875772,21.565926714875772,100.0
7700,0,41.928843104302224,41.928843104302224,100.0
7700,1,26.897708882964942,26.897708882964942,100.0
7700,2,31.17344801273283,31.17344801273283,100.0
7800,0,26.11897314158835,26.11897314158835,100.0
7800,1,40.0674643258299,40.0674643258299,100.0
7800,2,33.81356253258174,33.81356253258174,100.0
7900,0,47.70630321964707,47.70630321964707,100.0
7900,1,28.846071543372087,28.846071543372087,100.0
7900,2,23.44762523698085,23.44762523698085,100.0
8000,0,41.5819903945697,41.5819903945697,100.0
8000,1,33.29301946986204,33.29301946986204,100.0
8000,2,25.12499013556827,25.12499013556827,100.0
8100,0,21.75484600788387,21.75484600788387,100.0
8100,1,43.158391125676395,43.158391125676395,100.0
8100,2,35.08676286643973,35.08676286643973,100.0
8200,0,26.5973702955466,26.5973702955466,100.0
8200,1,33.85383127496369,33.85383127496369,100.0
8200,2,39.548798429489715,39.548798429489715,100.0
8300,0,24.89210446371072,24.89210446371072,100.0
8300,1,47.500080014326215,47.500080014326215,100.0
8300,2,27.607815521963065,27.607815521963065,100.0
8400,0,39.880962029281704,39.880962029281704,100.0
8400,1,38.880244299787655,38.880244299787655,100.0
8400,2,21.23879367093063,21.23879367093063,100.0
8500,0,31.458040564099953,31.458040564099953,100.0
8500,1,34.25645952623506,34.25645952623506,100.0
8500,2,34.285499909664985,34.285499909664985,100.0
8600,0,34.89090170393881,34.89090170393881,100.0
8600,1,47.145450287170306,47.145450287170306,100.0
8600,2,17.963648008890882,17.963648008890882,100.0
8700,0,21.574149783178314,21.574149783178314,100.0
8700,1,45.54806468258775,45.54806468258775,100.0
8700,2,32.87778553423394,32.87778553423394,100.0
8800,0,45.36035911586062,45.36035911586062,100.0
8800,1,32.463121984786675,32.463121984786675,100.0
8800,2,22.176518899352697,22.176518899352697,100.0
8900,0,23.63294125028342,23.63294125028342,100.0
8900,1,28.02497755741663,28.02497755741663,100.0
8900,2,48.34208119229995,48.34208119229995,100.0
9000,0,33.97668632027625,33.97668632027625,100.0
9000,1,39.269438226534305,39.269438226534305,100.0
9000,2,26.753875453189448,26.753875453189448,100.0
9100,0,41.576141407819435,41.576141407819435,100.0
9100,1,31.82157299132915,31.82157299132915,100.0
9100,2,26.602285600851417,26.602285600851417,100.0
9200,0,28.692754882953036,28.692754882953036,100.0
9200,1,33.19730367989835,33.19730367989835,100.0
9200,2,38.109941437148606,38.109941437148606,100.0
9300,0,37.74987691802218,37.74987691802218,100.0
9300,1,31.87573871137542,31.87573871137542,100.0
9300,2,30.374384370602403,30.374384370602403,100.0
9400,0,40.81560991491735,40.81560991491735,100.0
9400,1,27.65263451178833,27.65263451178833,100.0
9400,2,31.531755573294312,31.531755573294312,100.0
9500,0,50.389529049984326,50.389529049984326,100.0
9500,1,27.82087137473981,27.82087137473981,100.0
9500,2,21.78959957527586,21.78959957527586,100.0
9600,0,34.53808307495887,34.53808307495887,100.0
9600,1,35.26164371707029,35.26164371707029,100.0
9600,2,30.20027320797084,30.20027320797084,100.0
9700,0,23.710245937115072,23.710245937115072,100.0
9700,1,30.64378992357816,30.64378992357816,100.0
9700,2,45.64596413930676,45.64596413930676,100.0
9800,0,40.71615280477631,40.71615280477631,100.0
9800,1,25.386134996187433,25.386134996187433,100.0
9800,2,33.897712199036256,33.897712199036256,100.0
9900,0,44.58909050802992,44.58909050802992,100.0
9900,1,26.38609443414701,26.38609443414701,100.0
9900,2,29.024815057823062,29.024815057823062,100.0
