timestamp,sliceId,dedicatedPRB,minPRB,maxPRB
510,0,22.57452774153953,22.57452774153953,100.0
510,1,55.258303328481226,55.258303328481226,100.0
510,2,22.16716892997924,22.16716892997924,100.0
520,0,28.99380433331794,28.99380433331794,100.0
520,1,34.870690665845686,34.870690665845686,100.0
520,2,36.135505000836375,36.135505000836375,100.0
530,0,33.59126068434557,33.59126068434557,100.0
530,1,29.871016694089132,29.871016694089132,100.0
530,2,36.5377226215653,36.5377226215653,100.0
540,0,26.792548585800745,26.792548585800745,100.0
540,1,50.26192554115563,50.26192554115563,100.0
540,2,22.94552587304362,22.94552587304362,100.0
550,0,33.15688575749351,33.15688575749351,100.0
550,1,34.30381447294935,34.30381447294935,100.0
550,2,32.53929976955713,32.53929976955713,100.0
560,0,21.753773479204387,21.753773479204387,100.0
560,1,46.12508507086796,46.12508507086796,100.0
560,2,32.121141449927656,32.121141449927656,100.0
570,0,42.78199319251537,42.78199319251537,100.0
570,1,28.832982014028136,28.832982014028136,100.0
570,2,28.3850247934565,28.3850247934565,100.0
580,0,53.47140949738187,53.47140949738187,100.0
580,1,26.89404326417496,26.89404326417496,100.0
580,2,19.634547238443172,19.634547238443172,100.0
590,0,46.7414189091287,46.7414189091287,100.0
590,1,27.671610965722227,27.671610965722227,100.0
590,2,25.586970125149072,25.586970125149072,100.0
600,0,34.48224217348469,34.48224217348469,100.0
600,1,28.777200993150476,28.777200993150476,100.0
600,2,36.74055683336483,36.74055683336483,100.0
610,0,39.43462930771469,39.43462930771469,100.0
610,1,33.09425236519413,33.09425236519413,100.0
610,2,27.471118327091183,27.471118327091183,100.0
620,0,34.31892790757847,34.31892790757847,100.0
620,1,25.576398714638813,25.576398714638813,100.0
620,2,40.10467337778272,40.10467337778272,100.0
630,0,46.74628910132446,46.74628910132446,100.0
630,1,27.931987129507334,27.931987129507334,100.0
630,2,25.321723769168216,25.321723769168216,100.0
640,0,34.261319066379336,34.261319066379336,100.0
640,1,26.147539056124863,26.147539056124863,100.0
640,2,39.591141877495794,39.591141877495794,100.0
650,0,33.74438090149956,33.74438090149956,100.0
650,1,35.63535037149184,35.63535037149184,100.0
650,2,30.620268727008597,30.620268727008597,100.0
660,0,43.089681675696035,43.089681675696035,100.0
660,1,37.524700392721584,37.524700392721584,100.0
660,2,19.385617931582367,19.385617931582367,100.0
670,0,29.244143070113495,29.244143070113495,100.0
670,1,38.31674513860636,38.31674513860636,100.0
670,2,32.43911179128015,32.43911179128015,100.0
680,0,31.23949466766554,31.23949466766554,100.0
680,1,28.926650022027022,28.926650022027022,100.0
680,2,39.83385531030745,39.83385531030745,100.0
690,0,39.303335385062844,39.303335385062844,100.0
690,1,31.829124720935365,31.829124720935365,100.0
690,2,28.867539894001794,28.867539894001794,100.0
700,0,44.84158435518619,44.84158435518619,100.0
700,1,25.793141610576015,25.793141610576015,100.0
700,2,29.365274034237785,29.365274034237785,100.0
710,0,46.274180479776014,46.274180479776014,100.0
710,1,25.6829349667277,25.6829349667277,100.0
710,2,28.042884553496283,28.042884553496283,100.0
720,0,36.012440041674665,36.012440041674665,100.0
720,1,40.25954679442171,40.25954679442171,100.0
720,2,23.728013163903622,23.728013163903622,100.0
730,0,36.234740156158004,36.234740156158004,100.0
730,1,30.33341130142017,30.33341130142017,100.0
730,2,33.431848542421825,33.431848542421825,100.0
740,0,44.69331269283781,44.69331269283781,100.0
740,1,31.35280907852068,31.35280907852068,100.0
740,2,23.953878228641518,23.953878228641518,100.0
750,0,38.02689079207473,38.02689079207473,100.0
750,1,31.239582920456517,31.239582920456517,100.0
750,2,30.73352628746875,30.73352628746875,100.0
760,0,41.61220750832434,41.61220750832434,100.0
760,1,23.803728129104364,23.803728129104364,100.0
760,2,34.5840643625713,34.5840643625713,100.0
770,0,21.838640671205237,21.838640671205237,100.0
770,1,52.73704986901655,52.73704986901655,100.0
770,2,25.424309459778215,25.424309459778215,100.0
780,0,32.72577773240458,32.72577773240458,100.0
780,1,40.312369622386726,40.312369622386726,100.0
780,2,26.961852645208694,26.961852645208694,100.0
790,0,31.687776153700458,31.687776153700458,100.0
790,1,41.68451557650128,41.68451557650128,100.0
790,2,26.627708269798255,26.627708269798255,100.0
800,0,34.077426883904636,34.077426883904636,100.0
800,1,31.119958886137567,31.119958886137567,100.0
800,2,34.80261422995779,34.80261422995779,100.0
810,0,41.72256850844342,41.72256850844342,100.0
810,1,32.400119905286985,32.400119905286985,100.0
810,2,25.87731158626959,25.87731158626959,100.0
820,0,26.042407025950336,26.042407025950336,100.0
820,1,27.830474508843267,27.830474508843267,100.0
820,2,46.127118465206394,46.127118465206394,100.0
830,0,40.62237785849603,40.62237785849603,100.0
830,1,35.664149344680766,35.664149344680766,100.0
830,2,23.71347279682321,23.71347279682321,100.0
840,0,41.98794205922461,41.98794205922461,100.0
840,1,26.46768541141032,26.46768541141032,100.0
840,2,31.544372529365077,31.544372529365077,100.0
850,0,47.0218744228458,47.0218744228458,100.0
850,1,28.23842958229328,28.23842958229328,100.0
850,2,24.739695994860917,24.739695994860917,100.0
860,0,43.966345614995916,43.966345614995916,100.0
860,1,25.12823128977605,25.12823128977605,100.0
860,2,30.905423095228045,30.905423095228045,100.0
870,0,27.083000494901356,27.083000494901356,100.0
870,1,44.35203940967122,44.35203940967122,100.0
870,2,28.564960095427423,28.564960095427423,100.0
880,0,36.19904920345346,36.19904920345346,100.0
880,1,31.983803862316247,31.983803862316247,100.0
880,2,31.817146934230284,31.817146934230284,100.0
890,0,31.605764807669146,31.605764807669146,100.0
890,1,42.06997678000045,42.06997678000045,100.0
890,2,26.324258412330405,26.324258412330405,100.0
900,0,31.471289152162228,31.471289152162228,100.0
900,1,46.287198194572014,46.287198194572014,100.0
900,2,22.24151265326576,22.24151265326576,100.0
910,0,35.43027003010323,35.43027003010323,100.0
910,1,35.04041210023678,35.04041210023678,100.0
910,2,29.529317869659998,29.529317869659998,100.0
920,0,31.265222737509063,31.265222737509063,100.0
920,1,47.57270729609417,47.57270729609417,100.0
920,2,21.162069966396768,21.162069966396768,100.0
930,0,49.78995779772557,49.78995779772557,100.0
930,1,26.809907965420322,26.809907965420322,100.0
930,2,23.400134236854115,23.400134236854115,100.0
940,0,22.948521411578273,22.948521411578273,100.0
940,1,43.91233907708483,43.91233907708483,100.0
940,2,33.13913951133689,33.13913951133689,100.0
950,0,27.830723401047152,27.830723401047152,100.0
950,1,49.03406507460544,49.03406507460544,100.0
950,2,23.13521152434741,23.13521152434741,100.0
960,0,50.545499381190794,50.545499381190794,100.0
960,1,30.12383549579829,30.12383549579829,100.0
960,2,19.33066512301091,19.33066512301091,100.0
970,0,34.69061760108897,34.69061760108897,100.0
970,1,38.40374185315006,38.40374185315006,100.0
970,2,26.905640545760985,26.905640545760985,100.0
980,0,45.62217125620811,45.62217125620811,100.0
980,1,26.8789322224294,26.8789322224294,100.0
980,2,27.498896521362493,27.498896521362493,100.0
990,0,41.977824756796345,41.977824756796345,100.0
990,1,28.355365071706228,28.355365071706228,100.0
990,2,29.66681017149742,29.66681017149742,100.0
1000,0,37.84219065718255,37.84219065718255,100.0
1000,1,35.766629443039086,35.766629443039086,100.0
1000,2,26.391179899778365,26.391179899778365,100.0
1010,0,31.479617138674072,31.479617138674072,100.0
1010,1,28.51105025549197,28.51105025549197,100.0
1010,2,40.00933260583396,40.00933260583396,100.0
1020,0,32.14384810904295,32.14384810904295,100.0
1020,1,37.06825498398035,37.06825498398035,100.0
1020,2,30.787896906976698,30.787896906976698,100.0
1030,0,38.13180217688567,38.13180217688567,100.0
1030,1,26.813233965879824,26.813233965879824,100.0
1030,2,35.05496385723452,35.05496385723452,100.0
1040,0,38.2482194937259,38.2482194937259,100.0
1040,1,39.236602793203886,39.236602793203886,100.0
1040,2,22.515177713070205,22.515177713070205,100.0
1050,0,21.86988090148377,21.86988090148377,100.0
1050,1,38.39411810295421,38.39411810295421,100.0
1050,2,39.736000995562016,39.736000995562016,100.0
1060,0,30.832180582501785,30.832180582501785,100.0
1060,1,39.0885951696722,39.0885951696722,100.0
1060,2,30.079224247826016,30.079224247826016,100.0
1070,0,49.22186543378425,49.22186543378425,100.0
1070,1,24.889539025053587,24.889539025053587,100.0
1070,2,25.88859554116216,25.88859554116216,100.0
1080,0,26.600809298753635,26.600809298753635,100.0
1080,1,25.420470762114434,25.420470762114434,100.0
1080,2,47.97871993913193,47.97871993913193,100.0
1090,0,30.604455736873028,30.604455736873028,100.0
1090,1,31.38019777415282,31.38019777415282,100.0
1090,2,38.01534648897415,38.01534648897415,100.0
1100,0,46.26140758416642,46.26140758416642,100.0
1100,1,32.5578365730072,32.5578365730072,100.0
1100,2,21.180755842826386,21.180755842826386,100.0
1110,0,31.196003150939582,31.196003150939582,100.0
1110,1,35.71209447064599,35.71209447064599,100.0
1110,2,33.09190237841443,33.09190237841443,100.0
1120,0,46.225752298291354,46.225752298291354,100.0
1120,1,29.846914507737438,29.846914507737438,100.0
1120,2,23.927333193971204,23.927333193971204,100.0
1130,0,39.334450469095835,39.334450469095835,100.0
1130,1,35.41838744669982,35.41838744669982,100.0
1130,2,25.247162084204355,25.247162084204355,100.0
1140,0,29.828583131206198,29.828583131206198,100.0
1140,1,43.00869970528564,43.00869970528564,100.0
1140,2,27.162717163508155,27.162717163508155,100.0
1150,0,24.60115149118171,24.60115149118171,100.0
1150,1,56.25722523597552,56.25722523597552,100.0
1150,2,19.14162327284278,19.14162327284278,100.0
1160,0,45.390284194126274,45.390284194126274,100.0
1160,1,25.14109627831575,25.14109627831575,100.0
1160,2,29.46861952755797,29.46861952755797,100.0
1170,0,27.26035116501372,27.26035116501372,100.0
1170,1,26.689069643778605,26.689069643778605,100.0
1170,2,46.050579191207675,46.050579191207675,100.0
1180,0,28.756022339382348,28.756022339382348,100.0
1180,1,26.408206044638977,26.408206044638977,100.0
1180,2,44.83577161597868,44.83577161597868,100.0
1190,0,39.25938646362142,39.25938646362142,100.0
1190,1,28.714988595977697,28.714988595977697,100.0
1190,2,32.02562494040089,32.02562494040089,100.0
1200,0,33.731931212012285,33.731931212012285,100.0
1200,1,29.282099196820983,29.282099196820983,100.0
1200,2,36.98596959116674,36.98596959116674,100.0
1210,0,27.742708238499958,27.742708238499958,100.0
1210,1,44.08087173896384,44.08087173896384,100.0
1210,2,28.176420022536202,28.176420022536202,100.0
1220,0,31.70429896247258,31.70429896247258,100.0
1220,1,25.75770195156616,25.75770195156616,100.0
1220,2,42.53799908596125,42.53799908596125,100.0
1230,0,42.82819537644031,42.82819537644031,100.0
1230,1,32.924007452797156,32.924007452797156,100.0
1230,2,24.247797170762535,24.247797170762535,100.0
1240,0,33.588310693582535,33.588310693582535,100.0
1240,1,25.103207054742168,25.103207054742168,100.0
1240,2,41.30848225167531,41.30848225167531,100.0
1250,0,40.696949516389466,40.696949516389466,100.0
1250,1,26.5992205189885,26.5992205189885,100.0
1250,2,32.703829964622045,32.703829964622045,100.0
1260,0,35.204400379276926,35.204400379276926,100.0
1260,1,27.930876536740413,27.930876536740413,100.0
1260,2,36.86472308398267,36.86472308398267,100.0
1270,0,33.15537967376535,33.15537967376535,100.0
1270,1,41.83755821420008,41.83755821420008,100.0
1270,2,25.00706211203457,25.00706211203457,100.0
1280,0,38.103683950508064,38.103683950508064,100.0
1280,1,37.08466143188211,37.08466143188211,100.0
1280,2,24.81165461760983,24.81165461760983,100.0
1290,0,28.97306105004443,28.97306105004443,100.0
1290,1,30.855349647718132,30.855349647718132,100.0
1290,2,40.17158930223744,40.17158930223744,100.0
1300,0,32.7874438241892,32.7874438241892,100.0
1300,1,39.90151680439767,39.90151680439767,100.0
1300,2,27.311039371413127,27.311039371413127,100.0
1310,0,22.62013836660028,22.62013836660028,100.0
1310,1,28.171209975298783,28.171209975298783,100.0
1310,2,49.20865165810093,49.20865165810093,100.0
1320,0,30.289119977813133,30.289119977813133,100.0
1320,1,46.71406103444444,46.71406103444444,100.0
1320,2,22.996818987742433,22.996818987742433,100.0
1330,0,33.28929763028672,33.28929763028672,100.0
1330,1,35.784580190417245,35.784580190417245,100.0
1330,2,30.926122179296033,30.926122179296033,100.0
1340,0,33.544704344642874,33.544704344642874,100.0
1340,1,31.933286679200112,31.933286679200112,100.0
1340,2,34.52200897615702,34.52200897615702,100.0
1350,0,32.42803503948791,32.42803503948791,100.0
1350,1,35.691350198297755,35.691350198297755,100.0
1350,2,31.880614762214332,31.880614762214332,100.0
1360,0,44.41648755633643,44.41648755633643,100.0
1360,1,26.56135974831855,26.56135974831855,100.0
1360,2,29.022152695345028,29.022152695345028,100.0
1370,0,29.174280992151413,29.174280992151413,100.0
1370,1,28.871406764278646,28.871406764278646,100.0
1370,2,41.95431224356994,41.95431224356994,100.0
1380,0,34.59641850286306,34.59641850286306,100.0
1380,1,42.111373630099195,42.111373630099195,100.0
1380,2,23.292207867037753,23.292207867037753,100.0
1390,0,24.709097416458654,24.709097416458654,100.0
1390,1,50.24789142414539,50.24789142414539,100.0
1390,2,25.043011159395967,25.043011159395967,100.0
1400,0,40.00836837169051,40.00836837169051,100.0
1400,1,35.49606361200964,35.49606361200964,100.0
1400,2,24.495568016299856,24.495568016299856,100.0
1410,0,30.643026455391798,30.643026455391798,100.0
1410,1,29.33201915426854,29.33201915426854,100.0
1410,2,40.02495439033966,40.02495439033966,100.0
1420,0,38.021344017669364,38.021344017669364,100.0
1420,1,35.71226382913341,35.71226382913341,100.0
1420,2,26.266392153197227,26.266392153197227,100.0
1430,0,37.99071359835594,37.99071359835594,100.0
1430,1,36.265188748054754,36.265188748054754,100.0
1430,2,25.744097653589304,25.744097653589304,100.0
1440,0,28.516884596495217,28.516884596495217,100.0
1440,1,42.788208258748874,42.788208258748874,100.0
1440,2,28.694907144755906,28.694907144755906,100.0
1450,0,33.15613207017078,33.15613207017078,100.0
1450,1,27.923483946402538,27.923483946402538,100.0
1450,2,38.92038398342669,38.92038398342669,100.0
1460,0,30.864163621233086,30.864163621233086,100.0
1460,1,46.342949928637324,46.342949928637324,100.0
1460,2,22.79288645012959,22.79288645012959,100.0
1470,0,41.72550790460885,41.72550790460885,100.0
1470,1,32.86060825872994,32.86060825872994,100.0
1470,2,25.41388383666121,25.41388383666121,100.0
1480,0,22.57942699411873,22.57942699411873,100.0
1480,1,44.29048820073492,44.29048820073492,100.0
1480,2,33.13008480514635,33.13008480514635,100.0
1490,0,39.44134796628096,39.44134796628096,100.0
1490,1,35.64514059984288,35.64514059984288,100.0
1490,2,24.913511433876163,24.913511433876163,100.0
1500,0,44.56266446272916,44.56266446272916,100.0
1500,1,30.11361377452563,30.11361377452563,100.0
1500,2,25.323721762745212,25.323721762745212,100.0
