timestamp,sliceId,dedicatedPRB,minPRB,maxPRB,algorithm
510,0,16.665,16.665,100.0,0
510,1,25.0,25.0,100.0,0
510,2,58.335,58.335,100.0,0
520,0,16.665,16.665,100.0,0
520,1,25.0,25.0,100.0,0
520,2,58.335,58.335,100.0,0
530,0,16.665,16.665,100.0,0
530,1,25.0,25.0,100.0,0
530,2,58.335,58.335,100.0,0
540,0,26.664999999999996,26.664999999999996,100.0,2
540,1,60.0,60.0,100.0,2
540,2,13.334999999999997,13.334999999999997,100.0,2
550,0,31.665,31.665,100.0,1
550,1,35.0,35.0,100.0,1
550,2,33.335,33.335,100.0,1
560,0,21.665,21.665,100.0,2
560,1,60.00000000000001,60.00000000000001,100.0,2
560,2,18.335,18.335,100.0,2
570,0,26.664999999999996,26.664999999999996,100.0,2
570,1,60.0,60.0,100.0,2
570,2,13.334999999999997,13.334999999999997,100.0,2
580,0,26.665000000000006,26.665000000000006,100.0,0
580,1,35.0,35.0,100.0,0
580,2,38.335,38.335,100.0,0
590,0,26.665,26.665,100.0,1
590,1,40.0,40.0,100.0,1
590,2,33.335,33.335,100.0,1
600,0,31.665,31.665,100.0,2
600,1,30.000000000000004,30.000000000000004,100.0,2
600,2,38.334999999999994,38.334999999999994,100.0,2
610,0,31.665,31.665,100.0,2
610,1,30.000000000000004,30.000000000000004,100.0,2
610,2,38.334999999999994,38.334999999999994,100.0,2
620,0,31.665,31.665,100.0,2
620,1,30.000000000000004,30.000000000000004,100.0,2
620,2,38.334999999999994,38.334999999999994,100.0,2
630,0,31.665,31.665,100.0,2
630,1,30.000000000000004,30.000000000000004,100.0,2
630,2,38.334999999999994,38.334999999999994,100.0,2
640,0,31.665,31.665,100.0,2
640,1,30.000000000000004,30.000000000000004,100.0,2
640,2,38.334999999999994,38.334999999999994,100.0,2
650,0,31.665,31.665,100.0,2
650,1,30.000000000000004,30.000000000000004,100.0,2
650,2,38.334999999999994,38.334999999999994,100.0,2
660,0,31.665,31.665,100.0,2
660,1,30.000000000000004,30.000000000000004,100.0,2
660,2,38.334999999999994,38.334999999999994,100.0,2
670,0,31.665,31.665,100.0,2
670,1,30.000000000000004,30.000000000000004,100.0,2
670,2,38.334999999999994,38.334999999999994,100.0,2
680,0,31.665,31.665,100.0,2
680,1,30.000000000000004,30.000000000000004,100.0,2
680,2,38.334999999999994,38.334999999999994,100.0,2
690,0,31.665,31.665,100.0,2
690,1,30.000000000000004,30.000000000000004,100.0,2
690,2,38.334999999999994,38.334999999999994,100.0,2
700,0,31.665,31.665,100.0,2
700,1,30.000000000000004,30.000000000000004,100.0,2
700,2,38.334999999999994,38.334999999999994,100.0,2
710,0,31.665,31.665,100.0,2
710,1,30.000000000000004,30.000000000000004,100.0,2
710,2,38.334999999999994,38.334999999999994,100.0,2
720,0,46.665,46.665,100.0,0
720,1,30.000000000000004,30.000000000000004,100.0,0
720,2,23.335,23.335,100.0,0
730,0,16.665,16.665,100.0,0
730,1,25.0,25.0,100.0,0
730,2,58.335,58.335,100.0,0
740,0,46.665,46.665,100.0,0
740,1,30.000000000000004,30.000000000000004,100.0,0
740,2,23.335,23.335,100.0,0
750,0,16.665,16.665,100.0,0
750,1,25.0,25.0,100.0,0
750,2,58.335,58.335,100.0,0
760,0,46.665,46.665,100.0,0
760,1,30.000000000000004,30.000000000000004,100.0,0
760,2,23.335,23.335,100.0,0
770,0,36.665000000000006,36.665000000000006,100.0,0
770,1,25.0,25.0,100.0,0
770,2,38.334999999999994,38.334999999999994,100.0,0
780,0,46.665,46.665,100.0,0
780,1,30.000000000000004,30.000000000000004,100.0,0
780,2,23.335,23.335,100.0,0
790,0,36.665000000000006,36.665000000000006,100.0,0
790,1,25.0,25.0,100.0,0
790,2,38.334999999999994,38.334999999999994,100.0,0
800,0,36.665000000000006,36.665000000000006,100.0,1
800,1,20.0,20.0,100.0,1
800,2,43.335,43.335,100.0,1
810,0,31.665,31.665,100.0,2
810,1,30.000000000000004,30.000000000000004,100.0,2
810,2,38.334999999999994,38.334999999999994,100.0,2
820,0,31.665,31.665,100.0,2
820,1,30.000000000000004,30.000000000000004,100.0,2
820,2,38.334999999999994,38.334999999999994,100.0,2
830,0,31.665,31.665,100.0,2
830,1,30.000000000000004,30.000000000000004,100.0,2
830,2,38.334999999999994,38.334999999999994,100.0,2
840,0,31.665,31.665,100.0,2
840,1,30.000000000000004,30.000000000000004,100.0,2
840,2,38.334999999999994,38.334999999999994,100.0,2
850,0,31.665,31.665,100.0,2
850,1,30.000000000000004,30.000000000000004,100.0,2
850,2,38.334999999999994,38.334999999999994,100.0,2
860,0,31.665,31.665,100.0,2
860,1,30.000000000000004,30.000000000000004,100.0,2
860,2,38.334999999999994,38.334999999999994,100.0,2
870,0,41.665,41.665,100.0,1
870,1,20.000000000000004,20.000000000000004,100.0,1
870,2,38.335,38.335,100.0,1
880,0,31.665,31.665,100.0,2
880,1,30.000000000000004,30.000000000000004,100.0,2
880,2,38.334999999999994,38.334999999999994,100.0,2
890,0,41.665,41.665,100.0,1
890,1,20.000000000000004,20.000000000000004,100.0,1
890,2,38.335,38.335,100.0,1
900,0,31.665,31.665,100.0,2
900,1,30.000000000000004,30.000000000000004,100.0,2
900,2,38.334999999999994,38.334999999999994,100.0,2
910,0,41.665,41.665,100.0,1
910,1,20.000000000000004,20.000000000000004,100.0,1
910,2,38.335,38.335,100.0,1
920,0,21.665,21.665,100.0,1
920,1,35.0,35.0,100.0,1
920,2,43.335,43.335,100.0,1
930,0,26.665,26.665,100.0,0
930,1,30.000000000000004,30.000000000000004,100.0,0
930,2,43.335,43.335,100.0,0
940,0,26.665,26.665,100.0,0
940,1,30.000000000000004,30.000000000000004,100.0,0
940,2,43.335,43.335,100.0,0
950,0,26.665,26.665,100.0,0
950,1,30.000000000000004,30.000000000000004,100.0,0
950,2,43.335,43.335,100.0,0
960,0,26.665,26.665,100.0,0
960,1,30.000000000000004,30.000000000000004,100.0,0
960,2,43.335,43.335,100.0,0
970,0,26.665,26.665,100.0,0
970,1,30.000000000000004,30.000000000000004,100.0,0
970,2,43.335,43.335,100.0,0
980,0,26.665,26.665,100.0,0
980,1,30.000000000000004,30.000000000000004,100.0,0
980,2,43.335,43.335,100.0,0
990,0,26.665,26.665,100.0,0
990,1,30.000000000000004,30.000000000000004,100.0,0
990,2,43.335,43.335,100.0,0
1000,0,26.665,26.665,100.0,0
1000,1,30.000000000000004,30.000000000000004,100.0,0
1000,2,43.335,43.335,100.0,0
1010,0,26.665,26.665,100.0,0
1010,1,30.000000000000004,30.000000000000004,100.0,0
1010,2,43.335,43.335,100.0,0
1020,0,21.665,21.665,100.0,0
1020,1,20.0,20.0,100.0,0
1020,2,58.335,58.335,100.0,0
1030,0,21.665,21.665,100.0,2
1030,1,20.0,20.0,100.0,2
1030,2,58.335,58.335,100.0,2
1040,0,21.665,21.665,100.0,2
1040,1,20.0,20.0,100.0,2
1040,2,58.335,58.335,100.0,2
1050,0,21.665,21.665,100.0,2
1050,1,20.0,20.0,100.0,2
1050,2,58.335,58.335,100.0,2
1060,0,21.665,21.665,100.0,2
1060,1,20.0,20.0,100.0,2
1060,2,58.335,58.335,100.0,2
1070,0,21.665,21.665,100.0,2
1070,1,20.0,20.0,100.0,2
1070,2,58.335,58.335,100.0,2
1080,0,31.665,31.665,100.0,0
1080,1,45.0,45.0,100.0,0
1080,2,23.335,23.335,100.0,0
1090,0,21.665,21.665,100.0,0
1090,1,30.000000000000004,30.000000000000004,100.0,0
1090,2,48.334999999999994,48.334999999999994,100.0,0
1100,0,21.665,21.665,100.0,0
1100,1,30.000000000000004,30.000000000000004,100.0,0
1100,2,48.334999999999994,48.334999999999994,100.0,0
1110,0,31.665,31.665,100.0,0
1110,1,45.0,45.0,100.0,0
1110,2,23.335,23.335,100.0,0
1120,0,46.665,46.665,100.0,2
1120,1,20.0,20.0,100.0,2
1120,2,33.335,33.335,100.0,2
1130,0,26.665,26.665,100.0,1
1130,1,30.000000000000004,30.000000000000004,100.0,1
1130,2,43.335,43.335,100.0,1
1140,0,46.665,46.665,100.0,2
1140,1,20.0,20.0,100.0,2
1140,2,33.335,33.335,100.0,2
1150,0,21.665,21.665,100.0,1
1150,1,20.0,20.0,100.0,1
1150,2,58.335,58.335,100.0,1
1160,0,21.665,21.665,100.0,1
1160,1,20.0,20.0,100.0,1
1160,2,58.335,58.335,100.0,1
1170,0,21.665,21.665,100.0,1
1170,1,20.0,20.0,100.0,1
1170,2,58.335,58.335,100.0,1
1180,0,21.665,21.665,100.0,1
1180,1,20.0,20.0,100.0,1
1180,2,58.335,58.335,100.0,1
1190,0,36.665000000000006,36.665000000000006,100.0,2
1190,1,40.0,40.0,100.0,2
1190,2,23.335,23.335,100.0,2
1200,0,36.665000000000006,36.665000000000006,100.0,2
1200,1,40.0,40.0,100.0,2
1200,2,23.335,23.335,100.0,2
1210,0,36.665000000000006,36.665000000000006,100.0,2
1210,1,40.0,40.0,100.0,2
1210,2,23.335,23.335,100.0,2
1220,0,36.665000000000006,36.665000000000006,100.0,2
1220,1,40.0,40.0,100.0,2
1220,2,23.335,23.335,100.0,2
1230,0,36.665000000000006,36.665000000000006,100.0,2
1230,1,40.0,40.0,100.0,2
1230,2,23.335,23.335,100.0,2
1240,0,36.665000000000006,36.665000000000006,100.0,2
1240,1,40.0,40.0,100.0,2
1240,2,23.335,23.335,100.0,2
1250,0,36.665000000000006,36.665000000000006,100.0,2
1250,1,40.0,40.0,100.0,2
1250,2,23.335,23.335,100.0,2
1260,0,36.665000000000006,36.665000000000006,100.0,2
1260,1,40.0,40.0,100.0,2
1260,2,23.335,23.335,100.0,2
1270,0,36.665000000000006,36.665000000000006,100.0,2
1270,1,40.0,40.0,100.0,2
1270,2,23.335,23.335,100.0,2
1280,0,16.665,16.665,100.0,0
1280,1,40.0,40.0,100.0,0
1280,2,43.335,43.335,100.0,0
1290,0,31.665,31.665,100.0,0
1290,1,45.0,45.0,100.0,0
1290,2,23.335,23.335,100.0,0
1300,0,31.665,31.665,100.0,0
1300,1,45.0,45.0,100.0,0
1300,2,23.335,23.335,100.0,0
1310,0,31.665,31.665,100.0,0
1310,1,45.0,45.0,100.0,0
1310,2,23.335,23.335,100.0,0
1320,0,31.665,31.665,100.0,0
1320,1,45.0,45.0,100.0,0
1320,2,23.335,23.335,100.0,0
1330,0,31.665,31.665,100.0,0
1330,1,45.0,45.0,100.0,0
1330,2,23.335,23.335,100.0,0
1340,0,21.665,21.665,100.0,1
1340,1,60.00000000000001,60.00000000000001,100.0,1
1340,2,18.335,18.335,100.0,1
1350,0,31.665,31.665,100.0,0
1350,1,45.0,45.0,100.0,0
1350,2,23.335,23.335,100.0,0
1360,0,21.665,21.665,100.0,1
1360,1,60.00000000000001,60.00000000000001,100.0,1
1360,2,18.335,18.335,100.0,1
1370,0,46.665,46.665,100.0,2
1370,1,35.0,35.0,100.0,2
1370,2,18.335,18.335,100.0,2
1380,0,16.665,16.665,100.0,0
1380,1,40.0,40.0,100.0,0
1380,2,43.335,43.335,100.0,0
1390,0,21.665,21.665,100.0,1
1390,1,60.00000000000001,60.00000000000001,100.0,1
1390,2,18.335,18.335,100.0,1
1400,0,46.665,46.665,100.0,2
1400,1,35.0,35.0,100.0,2
1400,2,18.335,18.335,100.0,2
1410,0,16.665,16.665,100.0,0
1410,1,40.0,40.0,100.0,0
1410,2,43.335,43.335,100.0,0
1420,0,21.665,21.665,100.0,1
1420,1,60.00000000000001,60.00000000000001,100.0,1
1420,2,18.335,18.335,100.0,1
1430,0,46.665,46.665,100.0,2
1430,1,35.0,35.0,100.0,2
1430,2,18.335,18.335,100.0,2
1440,0,16.665,16.665,100.0,0
1440,1,40.0,40.0,100.0,0
1440,2,43.335,43.335,100.0,0
1450,0,16.665,16.665,100.0,0
1450,1,40.0,40.0,100.0,0
1450,2,43.335,43.335,100.0,0
1460,0,16.665,16.665,100.0,0
1460,1,40.0,40.0,100.0,0
1460,2,43.335,43.335,100.0,0
1470,0,31.665,31.665,100.0,0
1470,1,45.0,45.0,100.0,0
1470,2,23.335,23.335,100.0,0
1480,0,46.665,46.665,100.0,2
1480,1,35.0,35.0,100.0,2
1480,2,18.335,18.335,100.0,2
1490,0,21.665,21.665,100.0,0
1490,1,30.000000000000004,30.000000000000004,100.0,0
1490,2,48.334999999999994,48.334999999999994,100.0,0
1500,0,31.665,31.665,100.0,0
1500,1,45.0,45.0,100.0,0
1500,2,23.335,23.335,100.0,0
