timestamp,ueImsi,sliceId,dTxBytes,dRxBytes,plr,resourceSharePct,dLostPackets,throughputMbps,bufferBytes
1410,1,0,25976,1528,94.12,25.87,16,1.2224,2112439
1410,2,0,25976,1528,94.12,25.87,16,1.2224,2112450
1410,3,0,25976,1528,94.12,25.87,16,1.2224,2112454
1410,4,0,25976,1528,94.12,25.87,16,1.2224,2112358
1410,5,0,25976,1528,94.12,25.87,16,1.2224,2112301
1410,6,1,390,468,0.00,40.10,0,0.3744,87
1410,7,1,390,468,0.00,40.10,0,0.3744,87
1410,8,1,390,468,0.00,40.10,0,0.3744,87
1410,9,1,390,468,0.00,40.10,0,0.3744,87
1410,10,1,390,468,0.00,40.10,0,0.3744,87
1410,11,2,16000,896,94.40,34.03,118,0.7168,1411867
1410,12,2,16000,1024,93.60,34.03,117,0.8192,1411819
1410,13,2,16000,1024,93.60,34.03,117,0.8192,1411910
1410,14,2,16000,896,94.40,34.03,118,0.7168,1411750
1410,15,2,16000,896,94.40,34.03,118,0.7168,1411871
1410,16,2,16000,1024,93.60,34.03,117,0.8192,1411720
1410,17,2,16000,1024,93.60,34.03,117,0.8192,1411642
1410,18,2,16000,1024,93.60,34.03,117,0.8192,1411771
1410,19,2,16000,896,94.40,34.03,118,0.7168,1411622
1410,20,2,16000,1024,93.60,34.03,117,0.8192,1411819
