timestamp,sliceId,dedicatedPRB,minPRB,maxPRB
510,0,46.4956687769567,46.4956687769567,100.0
510,1,30.215369560142058,30.215369560142058,100.0
510,2,23.288961662901244,23.288961662901244,100.0
520,0,44.987585252844895,44.987585252844895,100.0
520,1,29.73307204830329,29.73307204830329,100.0
520,2,25.279342698851814,25.279342698851814,100.0
530,0,27.708647336152946,27.708647336152946,100.0
530,1,35.48921185149369,35.48921185149369,100.0
530,2,36.80214081235336,36.80214081235336,100.0
540,0,25.350192334198113,25.350192334198113,100.0
540,1,52.53540865501365,52.53540865501365,100.0
540,2,22.114399010788244,22.114399010788244,100.0
550,0,24.00753086302794,24.00753086302794,100.0
550,1,29.133872193945837,29.133872193945837,100.0
550,2,46.85859694302622,46.85859694302622,100.0
560,0,21.792676146478847,21.792676146478847,100.0
560,1,54.70430719538564,54.70430719538564,100.0
560,2,23.503016658135518,23.503016658135518,100.0
570,0,22.12707544266672,22.12707544266672,100.0
570,1,29.4362236166807,29.4362236166807,100.0
570,2,48.43670094065258,48.43670094065258,100.0
580,0,23.998195498749475,23.998195498749475,100.0
580,1,32.41509592897403,32.41509592897403,100.0
580,2,43.58670857227649,43.58670857227649,100.0
590,0,23.692171612157313,23.692171612157313,100.0
590,1,28.63821554473428,28.63821554473428,100.0
590,2,47.66961284310842,47.66961284310842,100.0
600,0,22.854761042246547,22.854761042246547,100.0
600,1,26.3700445420902,26.3700445420902,100.0
600,2,50.77519441566326,50.77519441566326,100.0
610,0,23.645973261824558,23.645973261824558,100.0
610,1,28.091966677381464,28.091966677381464,100.0
610,2,48.26206006079398,48.26206006079398,100.0
620,0,23.701547975214027,23.701547975214027,100.0
620,1,29.47714594249693,29.47714594249693,100.0
620,2,46.82130608228904,46.82130608228904,100.0
630,0,21.21653667440985,21.21653667440985,100.0
630,1,45.075097155548995,45.075097155548995,100.0
630,2,33.70836617004115,33.70836617004115,100.0
640,0,22.65653141712594,22.65653141712594,100.0
640,1,26.64666868453968,26.64666868453968,100.0
640,2,50.69679989833439,50.69679989833439,100.0
650,0,22.170087571407112,22.170087571407112,100.0
650,1,46.28827170321096,46.28827170321096,100.0
650,2,31.541640725381924,31.541640725381924,100.0
660,0,25.229782614040218,25.229782614040218,100.0
660,1,35.560407662419124,35.560407662419124,100.0
660,2,39.20980972354066,39.20980972354066,100.0
670,0,21.557167321453893,21.557167321453893,100.0
670,1,42.090989610673084,42.090989610673084,100.0
670,2,36.35184306787303,36.35184306787303,100.0
680,0,21.91825194230727,21.91825194230727,100.0
680,1,45.45733914440831,45.45733914440831,100.0
680,2,32.62440891328442,32.62440891328442,100.0
690,0,22.28133718238032,22.28133718238032,100.0
690,1,26.767683315998248,26.767683315998248,100.0
690,2,50.95097950162144,50.95097950162144,100.0
700,0,33.79242638575939,33.79242638575939,100.0
700,1,29.652341818673396,29.652341818673396,100.0
700,2,36.55523179556721,36.55523179556721,100.0
