timestamp,ueImsi,sliceId,dTxBytes,dRxBytes,plr,resourceSharePct,dLostPackets,throughputMbps,bufferBytes
1510,1,0,35144,27504,21.74,26.66,5,22.0032,1082227
1510,2,0,35144,33616,4.35,26.66,1,26.8928,612364
1510,3,1,1014,702,30.77,30.00,4,0.5616,333
1510,4,1,1014,702,30.77,30.00,4,0.5616,333
1510,5,2,256,256,0.00,43.34,0,0.2048,137
1510,6,2,256,256,0.00,43.34,0,0.2048,137
1510,7,2,256,256,0.00,43.34,0,0.2048,137
1510,8,2,256,0,100.00,43.34,2,0.0000,137
1510,9,2,256,256,0.00,43.34,0,0.2048,137
1510,10,2,256,256,0.00,43.34,0,0.2048,137
