timestamp,ueImsi,sliceId,dTxBytes,dRxBytes,plr,resourceSharePct,dLostPackets,throughputMbps,bufferBytes,dlBufferBytes,ulBufferBytes,macBufferBytes,congestionPct,lastDrlActionStatus
9900,1,0,128736,0,100.00,30.02,112,0.0000,1200005,23369,1200005,1223374,11.67,applied
9900,2,0,128736,8596,93.75,30.02,105,0.6877,1199034,23369,1199034,1222403,11.66,applied
9900,3,0,128736,78592,42.86,30.02,48,6.2874,1198429,23369,1198429,1221798,11.65,applied
9900,4,0,128736,0,100.00,30.02,112,0.0000,34,23369,34,23403,0.22,applied
9900,5,0,128736,0,100.00,30.02,112,0.0000,750,23369,750,24119,0.23,applied
9900,6,1,0,0,0.00,30.41,0,0.0000,34,0,34,34,0.00,applied
9900,7,1,0,0,0.00,30.41,0,0.0000,34,0,34,34,0.00,applied
9900,8,1,0,0,0.00,30.41,0,0.0000,34,0,34,34,0.00,applied
9900,9,1,0,0,0.00,30.41,0,0.0000,34,0,34,34,0.00,applied
9900,10,1,0,0,0.00,30.41,0,0.0000,34,0,34,34,0.00,applied
9900,11,1,0,0,0.00,30.41,0,0.0000,34,0,34,34,0.00,applied
9900,12,1,0,0,0.00,30.41,0,0.0000,34,0,34,34,0.00,applied
9900,13,1,0,0,0.00,30.41,0,0.0000,34,0,34,34,0.00,applied
9900,14,2,65200,940,90.00,39.56,45,0.0752,1413389,1413389,51,1413440,13.48,applied
9900,15,2,65200,0,100.00,39.56,50,0.0000,1413389,1413389,51,1413440,13.48,applied
9900,16,2,65200,940,90.00,39.56,45,0.0752,1413389,1413389,51,1413440,13.48,applied
9900,17,2,65200,0,100.00,39.56,50,0.0000,1414557,1414557,51,1414608,13.49,applied
9900,18,2,65200,0,100.00,39.56,50,0.0000,1413389,1413389,51,1413440,13.48,applied
