timestamp,ueImsi,sliceId,dTxBytes,dRxBytes,plr,resourceSharePct,dLostPackets,throughputMbps,bufferBytes
560,1,0,24448,3056,87.50,54.07,14,2.4448,136883
560,2,0,24448,3056,87.50,54.07,14,2.4448,136777
560,3,0,24448,3056,87.50,54.07,14,2.4448,136816
560,4,0,24448,3056,87.50,54.07,14,2.4448,136831
560,5,0,24448,3056,87.50,54.07,14,2.4448,136823
560,6,1,780,624,20.00,25.89,2,0.4992,126
560,7,1,780,624,20.00,25.89,2,0.4992,126
560,8,1,780,624,20.00,25.89,2,0.4992,126
560,9,1,780,624,20.00,25.89,2,0.4992,126
560,10,1,780,624,20.00,25.89,2,0.4992,225
560,11,2,16000,384,97.60,20.04,122,0.3072,91158
560,12,2,16000,384,97.60,20.04,122,0.3072,91158
560,13,2,16000,512,96.80,20.04,121,0.4096,91044
560,14,2,16000,512,96.80,20.04,121,0.4096,91044
560,15,2,16000,512,96.80,20.04,121,0.4096,91120
560,16,2,16000,512,96.80,20.04,121,0.4096,91113
560,17,2,16000,512,96.80,20.04,121,0.4096,91123
560,18,2,16000,512,96.80,20.04,121,0.4096,91124
560,19,2,16000,512,96.80,20.04,121,0.4096,91127
560,20,2,16000,512,96.80,20.04,121,0.4096,91127
