timestamp,ueImsi,sliceId,dTxBytes,dRxBytes,plr,resourceSharePct,dLostPackets,throughputMbps,bufferBytes,dlBufferBytes,ulBufferBytes,macBufferBytes,congestionPct,lastDrlActionStatus
9900,1,0,128736,0,100.00,53.47,112,0.0000,1187475,70465,1187475,1257940,12.00,applied
9900,2,0,128736,49120,64.29,53.47,72,3.9296,1200005,69771,1200005,1269776,12.11,applied
9900,3,0,128736,71224,48.21,53.47,54,5.6979,1200005,69726,1200005,1269731,12.11,applied
9900,4,0,128736,0,100.00,53.47,112,0.0000,34,71088,34,71122,0.68,applied
9900,5,0,128736,0,100.00,53.47,112,0.0000,5451,69795,5451,75246,0.72,applied
9900,6,1,0,0,0.00,26.22,0,0.0000,34,0,34,34,0.00,applied
9900,7,1,0,0,0.00,26.22,0,0.0000,34,0,34,34,0.00,applied
9900,8,1,0,0,0.00,26.22,0,0.0000,34,0,34,34,0.00,applied
9900,9,1,0,0,0.00,26.22,0,0.0000,34,0,34,34,0.00,applied
9900,10,1,0,0,0.00,26.22,0,0.0000,34,0,34,34,0.00,applied
9900,11,1,0,0,0.00,26.22,0,0.0000,34,0,34,34,0.00,applied
9900,12,1,0,0,0.00,26.22,0,0.0000,34,0,34,34,0.00,applied
9900,13,1,0,0,0.00,26.22,0,0.0000,34,0,34,34,0.00,applied
9900,14,2,65200,752,92.00,20.31,46,0.0602,4471853,4471853,51,4471904,42.65,applied
9900,15,2,65200,0,100.00,20.31,50,0.0000,4472032,4472032,51,4472083,42.65,applied
9900,16,2,65200,752,92.00,20.31,46,0.0602,4471894,4471894,51,4471945,42.65,applied
9900,17,2,65200,0,100.00,20.31,50,0.0000,4475541,4475541,51,4475592,42.68,applied
9900,18,2,65200,0,100.00,20.31,50,0.0000,4472032,4472032,51,4472083,42.65,applied
