timestamp,sliceId,dedicatedPRB,minPRB,maxPRB
510,0,22.984671723325327,22.984671723325327,100.0
510,1,54.08281585522874,54.08281585522874,100.0
510,2,22.93251242144594,22.93251242144594,100.0
520,0,51.02225316553923,51.02225316553923,100.0
520,1,27.618366089483025,27.618366089483025,100.0
520,2,21.359380744977734,21.359380744977734,100.0
530,0,40.11546099852491,40.11546099852491,100.0
530,1,30.73332423154546,30.73332423154546,100.0
530,2,29.151214769929634,29.151214769929634,100.0
540,0,54.12777941036405,54.12777941036405,100.0
540,1,26.430146526309407,26.430146526309407,100.0
540,2,19.442074063326544,19.442074063326544,100.0
550,0,40.293130338538376,40.293130338538376,100.0
550,1,42.52190739954111,42.52190739954111,100.0
550,2,17.184962261920518,17.184962261920518,100.0
560,0,54.663394740971896,54.663394740971896,100.0
560,1,26.226237643675805,26.226237643675805,100.0
560,2,19.110367615352303,19.110367615352303,100.0
570,0,54.2149430974322,54.2149430974322,100.0
570,1,25.926631199804312,25.926631199804312,100.0
570,2,19.858425702763494,19.858425702763494,100.0
580,0,50.31794621052954,50.31794621052954,100.0
580,1,28.4218464805195,28.4218464805195,100.0
580,2,21.260207308950957,21.260207308950957,100.0
590,0,48.660473956366666,48.660473956366666,100.0
590,1,27.80731932426843,27.80731932426843,100.0
590,2,23.532206719364908,23.532206719364908,100.0
600,0,53.17812486366028,53.17812486366028,100.0
600,1,25.964219478944063,25.964219478944063,100.0
600,2,20.85765565739567,20.85765565739567,100.0
610,0,49.8518572137748,49.8518572137748,100.0
610,1,31.486830919269572,31.486830919269572,100.0
610,2,18.661311866955625,18.661311866955625,100.0
620,0,48.72790170922357,48.72790170922357,100.0
620,1,30.503386773176334,30.503386773176334,100.0
620,2,20.768711517600106,20.768711517600106,100.0
630,0,51.8940070067128,51.8940070067128,100.0
630,1,28.287884758507897,28.287884758507897,100.0
630,2,19.81810823477931,19.81810823477931,100.0
640,0,45.82266899250714,45.82266899250714,100.0
640,1,29.63137503859531,29.63137503859531,100.0
640,2,24.54595596889755,24.54595596889755,100.0
650,0,43.50883157267159,43.50883157267159,100.0
650,1,32.2897959593424,32.2897959593424,100.0
650,2,24.20137246798601,24.20137246798601,100.0
660,0,52.84019197399174,52.84019197399174,100.0
660,1,26.598596691082665,26.598596691082665,100.0
660,2,20.56121133492559,20.56121133492559,100.0
670,0,41.994793079261186,41.994793079261186,100.0
670,1,27.834280178791502,27.834280178791502,100.0
670,2,30.1709267419473,30.1709267419473,100.0
680,0,50.91558322888653,50.91558322888653,100.0
680,1,26.1770344685051,26.1770344685051,100.0
680,2,22.907382302608376,22.907382302608376,100.0
690,0,45.24503078540859,45.24503078540859,100.0
690,1,34.1792554056526,34.1792554056526,100.0
690,2,20.57571380893881,20.57571380893881,100.0
700,0,41.77919594022455,41.77919594022455,100.0
700,1,36.48397853307615,36.48397853307615,100.0
700,2,21.73682552669931,21.73682552669931,100.0
710,0,36.330721066872194,36.330721066872194,100.0
710,1,38.227860295058136,38.227860295058136,100.0
710,2,25.441418638069674,25.441418638069674,100.0
720,0,39.37724733996727,39.37724733996727,100.0
720,1,35.75278453647895,35.75278453647895,100.0
720,2,24.869968123553782,24.869968123553782,100.0
