timestamp,sliceId,dedicatedPRB,minPRB,maxPRB
600,0,27.219426724656305,27.219426724656305,100.0
600,1,31.870597797493904,31.870597797493904,100.0
600,2,40.90997547784979,40.90997547784979,100.0
700,0,23.179186886556423,23.179186886556423,100.0
700,1,51.15068501591622,51.15068501591622,100.0
700,2,25.670128097527357,25.670128097527357,100.0
800,0,31.287434343289256,31.287434343289256,100.0
800,1,31.307420739288332,31.307420739288332,100.0
800,2,37.40514491742242,37.40514491742242,100.0
900,0,33.80608478671701,33.80608478671701,100.0
900,1,31.446293491366085,31.446293491366085,100.0
900,2,34.74762172191691,34.74762172191691,100.0
1000,0,42.04235307902321,42.04235307902321,100.0
1000,1,24.220045928513485,24.220045928513485,100.0
1000,2,33.73760099246331,33.73760099246331,100.0
1100,0,25.28208965823864,25.28208965823864,100.0
1100,1,48.27866527064774,48.27866527064774,100.0
1100,2,26.439245071113625,26.439245071113625,100.0
1200,0,34.58008891934943,34.58008891934943,100.0
1200,1,26.17434231318464,26.17434231318464,100.0
1200,2,39.24556876746593,39.24556876746593,100.0
1300,0,30.6077057455582,30.6077057455582,100.0
1300,1,38.052090956147076,38.052090956147076,100.0
1300,2,31.34020329829472,31.34020329829472,100.0
1400,0,45.688462924267235,45.688462924267235,100.0
1400,1,30.042872015713908,30.042872015713908,100.0
1400,2,24.26866506001887,24.26866506001887,100.0
1500,0,21.323167985166055,21.323167985166055,100.0
1500,1,43.81381844245345,43.81381844245345,100.0
1500,2,34.8630135723805,34.8630135723805,100.0
1600,0,26.782149877963036,26.782149877963036,100.0
1600,1,42.36782711797357,42.36782711797357,100.0
1600,2,30.850023004063402,30.850023004063402,100.0
1700,0,42.76256416256497,42.76256416256497,100.0
1700,1,34.382927064070785,34.382927064070785,100.0
1700,2,22.85450877336425,22.85450877336425,100.0
1800,0,28.50083333842173,28.50083333842173,100.0
1800,1,38.74236782201059,38.74236782201059,100.0
1800,2,32.75679883956767,32.75679883956767,100.0
1900,0,35.92042803686819,35.92042803686819,100.0
1900,1,34.595372460297355,34.595372460297355,100.0
1900,2,29.484199502834457,29.484199502834457,100.0
2000,0,32.60810099554735,32.60810099554735,100.0
2000,1,29.943832944199205,29.943832944199205,100.0
2000,2,37.44806606025344,37.44806606025344,100.0
2100,0,45.80060064205663,45.80060064205663,100.0
2100,1,32.90992592407829,32.90992592407829,100.0
2100,2,21.289473433865087,21.289473433865087,100.0
2200,0,24.144493040788692,24.144493040788692,100.0
2200,1,55.3878193937567,55.3878193937567,100.0
2200,2,20.46768756545461,20.46768756545461,100.0
2300,0,24.407404824427694,24.407404824427694,100.0
2300,1,42.01304206617395,42.01304206617395,100.0
2300,2,33.579553109398354,33.579553109398354,100.0
2400,0,39.61147561678251,39.61147561678251,100.0
2400,1,41.57895406419717,41.57895406419717,100.0
2400,2,18.809570319020306,18.809570319020306,100.0
2500,0,32.4523568225232,32.4523568225232,100.0
2500,1,37.64501482018555,37.64501482018555,100.0
2500,2,29.90262835729125,29.90262835729125,100.0
2600,0,39.29778302308915,39.29778302308915,100.0
2600,1,29.12748615813324,29.12748615813324,100.0
2600,2,31.574730818777606,31.574730818777606,100.0
2700,0,32.78722711315042,32.78722711315042,100.0
2700,1,25.9805360814518,25.9805360814518,100.0
2700,2,41.23223680539778,41.23223680539778,100.0
2800,0,34.891551656214396,34.891551656214396,100.0
2800,1,41.05007038855072,41.05007038855072,100.0
2800,2,24.05837795523488,24.05837795523488,100.0
2900,0,25.2150955969179,25.2150955969179,100.0
2900,1,34.68162284030931,34.68162284030931,100.0
2900,2,40.103281562772786,40.103281562772786,100.0
3000,0,37.32391229147123,37.32391229147123,100.0
3000,1,38.58507688384402,38.58507688384402,100.0
3000,2,24.09101082468475,24.09101082468475,100.0
3100,0,31.18735069073979,31.18735069073979,100.0
3100,1,41.41884338263322,41.41884338263322,100.0
3100,2,27.393805926626996,27.393805926626996,100.0
3200,0,33.489450369516234,33.489450369516234,100.0
3200,1,37.8034981636786,37.8034981636786,100.0
3200,2,28.70705146680518,28.70705146680518,100.0
3300,0,39.50114322438066,39.50114322438066,100.0
3300,1,39.36230105637288,39.36230105637288,100.0
3300,2,21.13655571924646,21.13655571924646,100.0
3400,0,24.06272942539883,24.06272942539883,100.0
3400,1,30.478246897488066,30.478246897488066,100.0
3400,2,45.4590236771131,45.4590236771131,100.0
3500,0,37.310921861310554,37.310921861310554,100.0
3500,1,31.580350929801664,31.580350929801664,100.0
3500,2,31.10872720888778,31.10872720888778,100.0
3600,0,26.54720971579779,26.54720971579779,100.0
3600,1,40.06960357243147,40.06960357243147,100.0
3600,2,33.383186711770755,33.383186711770755,100.0
3700,0,40.799737787731,40.799737787731,100.0
3700,1,32.402970841400446,32.402970841400446,100.0
3700,2,26.797291370868564,26.797291370868564,100.0
3800,0,40.80675891233602,40.80675891233602,100.0
3800,1,35.05747250941258,35.05747250941258,100.0
3800,2,24.135768578251394,24.135768578251394,100.0
3900,0,51.13475171839066,51.13475171839066,100.0
3900,1,29.13650167667893,29.13650167667893,100.0
3900,2,19.728746604930418,19.728746604930418,100.0
4000,0,22.51353639811985,22.51353639811985,100.0
4000,1,52.529030187434735,52.529030187434735,100.0
4000,2,24.957433414445422,24.957433414445422,100.0
4100,0,22.745200988230984,22.745200988230984,100.0
4100,1,43.86511511598607,43.86511511598607,100.0
4100,2,33.38968389578294,33.38968389578294,100.0
4200,0,25.72018819454315,25.72018819454315,100.0
4200,1,29.83964524132821,29.83964524132821,100.0
4200,2,44.44016656412864,44.44016656412864,100.0
4300,0,37.89695452825591,37.89695452825591,100.0
4300,1,36.43241458043289,36.43241458043289,100.0
4300,2,25.67063089131121,25.67063089131121,100.0
4400,0,27.0453963712874,27.0453963712874,100.0
4400,1,34.61054657489224,34.61054657489224,100.0
4400,2,38.34405705382035,38.34405705382035,100.0
4500,0,29.663984773111174,29.663984773111174,100.0
4500,1,40.8586003834342,40.8586003834342,100.0
4500,2,29.477414843454632,29.477414843454632,100.0
4600,0,28.47033411062633,28.47033411062633,100.0
4600,1,40.29689953012488,40.29689953012488,100.0
4600,2,31.232766359248792,31.232766359248792,100.0
4700,0,27.766478373348523,27.766478373348523,100.0
4700,1,28.92191904112528,28.92191904112528,100.0
4700,2,43.3116025855262,43.3116025855262,100.0
4800,0,34.815138185840325,34.815138185840325,100.0
4800,1,43.803122054525154,43.803122054525154,100.0
4800,2,21.38173975963453,21.38173975963453,100.0
4900,0,45.75812802064319,45.75812802064319,100.0
4900,1,30.848967644310164,30.848967644310164,100.0
4900,2,23.39290433504665,23.39290433504665,100.0
5000,0,28.195986540644007,28.195986540644007,100.0
5000,1,44.75177679388781,44.75177679388781,100.0
5000,2,27.052236665468183,27.052236665468183,100.0
5100,0,44.179904520784504,44.179904520784504,100.0
5100,1,31.182915542677176,31.182915542677176,100.0
5100,2,24.637179936538324,24.637179936538324,100.0
5200,0,51.49978913422051,51.49978913422051,100.0
5200,1,29.17870554195141,29.17870554195141,100.0
5200,2,19.321505323828084,19.321505323828084,100.0
5300,0,39.270956964302556,39.270956964302556,100.0
5300,1,41.08245561377915,41.08245561377915,100.0
5300,2,19.646587421918298,19.646587421918298,100.0
5400,0,42.21596466893757,42.21596466893757,100.0
5400,1,33.11437130094785,33.11437130094785,100.0
5400,2,24.669664030114568,24.669664030114568,100.0
5500,0,32.77320326454041,32.77320326454041,100.0
5500,1,33.367182669154076,33.367182669154076,100.0
5500,2,33.85961406630552,33.85961406630552,100.0
5600,0,39.8454679844211,39.8454679844211,100.0
5600,1,30.394532274504225,30.394532274504225,100.0
5600,2,29.759999741074676,29.759999741074676,100.0
5700,0,22.233484447851342,22.233484447851342,100.0
5700,1,33.8770810691239,33.8770810691239,100.0
5700,2,43.88943448302475,43.88943448302475,100.0
5800,0,29.373612868156286,29.373612868156286,100.0
5800,1,46.9519734564859,46.9519734564859,100.0
5800,2,23.674413675357815,23.674413675357815,100.0
5900,0,26.970459005744036,26.970459005744036,100.0
5900,1,40.35521230196621,40.35521230196621,100.0
5900,2,32.67432869228975,32.67432869228975,100.0
6000,0,30.980223562752805,30.980223562752805,100.0
6000,1,35.666045236999686,35.666045236999686,100.0
6000,2,33.3537312002475,33.3537312002475,100.0
6100,0,25.083772377878976,25.083772377878976,100.0
6100,1,33.70158055015092,33.70158055015092,100.0
6100,2,41.2146470719701,41.2146470719701,100.0
6200,0,26.239696553612657,26.239696553612657,100.0
6200,1,53.58820378177778,53.58820378177778,100.0
6200,2,20.172099664609565,20.172099664609565,100.0
6300,0,36.08064901590561,36.08064901590561,100.0
6300,1,41.36164183203103,41.36164183203103,100.0
6300,2,22.557709152063367,22.557709152063367,100.0
6400,0,28.56608294458529,28.56608294458529,100.0
6400,1,51.345822805741534,51.345822805741534,100.0
6400,2,20.08809424967317,20.08809424967317,100.0
6500,0,34.10941855503991,34.10941855503991,100.0
6500,1,28.669391211810623,28.669391211810623,100.0
6500,2,37.22119023314947,37.22119023314947,100.0
6600,0,38.28611108984863,38.28611108984863,100.0
6600,1,27.798846308496838,27.798846308496838,100.0
6600,2,33.915042601654534,33.915042601654534,100.0
6700,0,26.566654271144984,26.566654271144984,100.0
6700,1,37.672500194158935,37.672500194158935,100.0
6700,2,35.76084553469608,35.76084553469608,100.0
6800,0,31.2897852463486,31.2897852463486,100.0
6800,1,28.128396493094016,28.128396493094016,100.0
6800,2,40.581818260557384,40.581818260557384,100.0
6900,0,49.49296838379855,49.49296838379855,100.0
6900,1,29.65700077268031,29.65700077268031,100.0
6900,2,20.850030843521143,20.850030843521143,100.0
7000,0,36.02847967885884,36.02847967885884,100.0
7000,1,31.128105693419794,31.128105693419794,100.0
7000,2,32.843414627721366,32.843414627721366,100.0
7100,0,28.744508382557488,28.744508382557488,100.0
7100,1,29.871752727889707,29.871752727889707,100.0
7100,2,41.38373888955281,41.38373888955281,100.0
7200,0,33.69935225454492,33.69935225454492,100.0
7200,1,37.62456241432408,37.62456241432408,100.0
7200,2,28.67608533113099,28.67608533113099,100.0
7300,0,37.3143101214785,37.3143101214785,100.0
7300,1,39.85220882162994,39.85220882162994,100.0
7300,2,22.833481056891557,22.833481056891557,100.0
7400,0,27.9358802877837,27.9358802877837,100.0
7400,1,38.55948340197386,38.55948340197386,100.0
7400,2,33.50463631024244,33.50463631024244,100.0
7500,0,29.559753242121996,29.559753242121996,100.0
7500,1,26.713915547778594,26.713915547778594,100.0
7500,2,43.72633121009942,43.72633121009942,100.0
7600,0,25.35004110417369,25.35004110417369,100.0
7600,1,48.188187733479495,48.188187733479495,100.0
7600,2,26.461771162346803,26.461771162346803,100.0
7700,0,31.158578321731657,31.158578321731657,100.0
7700,1,39.62682589469483,39.62682589469483,100.0
7700,2,29.21459578357351,29.21459578357351,100.0
7800,0,25.68706102415256,25.68706102415256,100.0
7800,1,39.328772544877964,39.328772544877964,100.0
7800,2,34.98416643096947,34.98416643096947,100.0
7900,0,30.382408789719722,30.382408789719722,100.0
7900,1,48.737998484924674,48.737998484924674,100.0
7900,2,20.879592725355607,20.879592725355607,100.0
8000,0,43.7502896783355,43.7502896783355,100.0
8000,1,31.16688138543524,31.16688138543524,100.0
8000,2,25.082828936229255,25.082828936229255,100.0
8100,0,30.40975029515861,30.40975029515861,100.0
8100,1,33.82066838276822,33.82066838276822,100.0
8100,2,35.76958132207317,35.76958132207317,100.0
8200,0,31.416135223990295,31.416135223990295,100.0
8200,1,33.923804091252606,33.923804091252606,100.0
8200,2,34.6600606847571,34.6600606847571,100.0
8300,0,28.45631288607196,28.45631288607196,100.0
8300,1,28.97990894597783,28.97990894597783,100.0
8300,2,42.56377816795021,42.56377816795021,100.0
8400,0,38.113431099733475,38.113431099733475,100.0
8400,1,28.903701792326448,28.903701792326448,100.0
8400,2,32.98286710794007,32.98286710794007,100.0
8500,0,26.000885159536143,26.000885159536143,100.0
8500,1,32.77431258534451,32.77431258534451,100.0
8500,2,41.22480225511935,41.22480225511935,100.0
8600,0,34.16060152853855,34.16060152853855,100.0
8600,1,38.822524774184316,38.822524774184316,100.0
8600,2,27.016873697277138,27.016873697277138,100.0
8700,0,22.910563550852824,22.910563550852824,100.0
8700,1,39.02514095791759,39.02514095791759,100.0
8700,2,38.064295491229586,38.064295491229586,100.0
8800,0,24.370237424851716,24.370237424851716,100.0
8800,1,42.826154774357235,42.826154774357235,100.0
8800,2,32.80360780079105,32.80360780079105,100.0
8900,0,46.75876464573114,46.75876464573114,100.0
8900,1,32.931967669813936,32.931967669813936,100.0
8900,2,20.30926768445492,20.30926768445492,100.0
9000,0,34.14098145507792,34.14098145507792,100.0
9000,1,40.15784552677463,40.15784552677463,100.0
9000,2,25.701173018147454,25.701173018147454,100.0
9100,0,32.40076687279732,32.40076687279732,100.0
9100,1,44.695102475017045,44.695102475017045,100.0
9100,2,22.904130652185632,22.904130652185632,100.0
9200,0,33.60752989771866,33.60752989771866,100.0
9200,1,27.34116179516468,27.34116179516468,100.0
9200,2,39.05130830711666,39.05130830711666,100.0
9300,0,31.186460100498937,31.186460100498937,100.0
9300,1,24.98421238651757,24.98421238651757,100.0
9300,2,43.82932751298349,43.82932751298349,100.0
9400,0,26.569405385890033,26.569405385890033,100.0
9400,1,41.13757917205532,41.13757917205532,100.0
9400,2,32.293015442054646,32.293015442054646,100.0
9500,0,25.05096949655613,25.05096949655613,100.0
9500,1,49.96818216840671,49.96818216840671,100.0
9500,2,24.980848335037148,24.980848335037148,100.0
9600,0,29.215093820215365,29.215093820215365,100.0
9600,1,45.84294235609454,45.84294235609454,100.0
9600,2,24.941963823690095,24.941963823690095,100.0
9700,0,24.918633194759384,24.918633194759384,100.0
9700,1,49.279342697337704,49.279342697337704,100.0
9700,2,25.80202410790292,25.80202410790292,100.0
9800,0,24.85777189299155,24.85777189299155,100.0
9800,1,31.912538799981228,31.912538799981228,100.0
9800,2,43.22968930702722,43.22968930702722,100.0
9900,0,23.43293243648973,23.43293243648973,100.0
9900,1,40.04769374018427,40.04769374018427,100.0
9900,2,36.519373823326006,36.519373823326006,100.0
