timestamp,sliceId,dedicatedPRB,minPRB,maxPRB
510,0,33.09483641640982,33.09483641640982,100.0
510,1,27.18294755358165,27.18294755358165,100.0
510,2,39.722216030008525,39.722216030008525,100.0
520,0,37.70229818657186,37.70229818657186,100.0
520,1,34.44649086177204,34.44649086177204,100.0
520,2,27.851210951656096,27.851210951656096,100.0
530,0,29.00170528796267,29.00170528796267,100.0
530,1,40.14009389695939,40.14009389695939,100.0
530,2,30.858200815077936,30.858200815077936,100.0
540,0,48.72404525319902,48.72404525319902,100.0
540,1,33.36288947151925,33.36288947151925,100.0
540,2,17.91306527528173,17.91306527528173,100.0
550,0,34.20515279838845,34.20515279838845,100.0
550,1,47.567732062320054,47.567732062320054,100.0
550,2,18.2271151392915,18.2271151392915,100.0
560,0,49.28595731428081,49.28595731428081,100.0
560,1,27.72606602158022,27.72606602158022,100.0
560,2,22.987976664138966,22.987976664138966,100.0
570,0,47.10522105950603,47.10522105950603,100.0
570,1,33.70771729163089,33.70771729163089,100.0
570,2,19.187061648863075,19.187061648863075,100.0
580,0,50.168513335093266,50.168513335093266,100.0
580,1,30.424431658478525,30.424431658478525,100.0
580,2,19.407055006428205,19.407055006428205,100.0
590,0,47.9185553224078,47.9185553224078,100.0
590,1,31.608607368806986,31.608607368806986,100.0
590,2,20.47283730878522,20.47283730878522,100.0
600,0,52.7175706101465,52.7175706101465,100.0
600,1,27.145472492780133,27.145472492780133,100.0
600,2,20.136956897073365,20.136956897073365,100.0
610,0,45.73595961221593,45.73595961221593,100.0
610,1,35.05325619146403,35.05325619146403,100.0
610,2,19.21078419632004,19.21078419632004,100.0
620,0,53.03236231350474,53.03236231350474,100.0
620,1,26.98618316737903,26.98618316737903,100.0
620,2,19.98145451911622,19.98145451911622,100.0
630,0,47.924123639675884,47.924123639675884,100.0
630,1,31.644314995481672,31.644314995481672,100.0
630,2,20.431561364842437,20.431561364842437,100.0
640,0,40.34051392386292,40.34051392386292,100.0
640,1,40.708756795226755,40.708756795226755,100.0
640,2,18.95072928091033,18.95072928091033,100.0
650,0,51.82582256248629,51.82582256248629,100.0
650,1,25.88273205744699,25.88273205744699,100.0
650,2,22.291445380066726,22.291445380066726,100.0
660,0,52.475281267593544,52.475281267593544,100.0
660,1,26.96105124960385,26.96105124960385,100.0
660,2,20.563667482802607,20.563667482802607,100.0
670,0,44.654217647959626,44.654217647959626,100.0
670,1,32.51987454866728,32.51987454866728,100.0
670,2,22.825907803373084,22.825907803373084,100.0
680,0,51.15574833533172,51.15574833533172,100.0
680,1,25.374799443682182,25.374799443682182,100.0
680,2,23.4694522209861,23.4694522209861,100.0
690,0,36.69692945332332,36.69692945332332,100.0
690,1,40.672852043731346,40.672852043731346,100.0
690,2,22.630218502945343,22.630218502945343,100.0
700,0,44.58641388273541,44.58641388273541,100.0
700,1,27.307003873647034,27.307003873647034,100.0
700,2,28.106582243617552,28.106582243617552,100.0
710,0,44.87104629331041,44.87104629331041,100.0
710,1,33.6051626383176,33.6051626383176,100.0
710,2,21.523791068371988,21.523791068371988,100.0
720,0,40.48980032895562,40.48980032895562,100.0
720,1,40.686548062845105,40.686548062845105,100.0
720,2,18.823651608199285,18.823651608199285,100.0
730,0,42.36872149887741,42.36872149887741,100.0
730,1,31.418179067532325,31.418179067532325,100.0
730,2,26.21309943359026,26.21309943359026,100.0
740,0,48.876238664395125,48.876238664395125,100.0
740,1,30.031205112061443,30.031205112061443,100.0
740,2,21.09255622354344,21.09255622354344,100.0
750,0,47.70000795162167,47.70000795162167,100.0
750,1,32.74960707157012,32.74960707157012,100.0
750,2,19.55038497680821,19.55038497680821,100.0
760,0,45.56076055058117,45.56076055058117,100.0
760,1,36.21698554326554,36.21698554326554,100.0
760,2,18.222253906153295,18.222253906153295,100.0
770,0,47.522929497239666,47.522929497239666,100.0
770,1,33.54054339971372,33.54054339971372,100.0
770,2,18.93652710304662,18.93652710304662,100.0
780,0,43.41929432636365,43.41929432636365,100.0
780,1,34.37072689916359,34.37072689916359,100.0
780,2,22.20997877447276,22.20997877447276,100.0
790,0,50.34319076722503,50.34319076722503,100.0
790,1,29.06881327195444,29.06881327195444,100.0
790,2,20.58799596082054,20.58799596082054,100.0
800,0,51.194760980043576,51.194760980043576,100.0
800,1,28.595533486885444,28.595533486885444,100.0
800,2,20.20970553307099,20.20970553307099,100.0
810,0,39.75139636846053,39.75139636846053,100.0
810,1,38.751374381377865,38.751374381377865,100.0
810,2,21.497229250161592,21.497229250161592,100.0
820,0,38.5444408619135,38.5444408619135,100.0
820,1,36.638971398385635,36.638971398385635,100.0
820,2,24.816587739700857,24.816587739700857,100.0
830,0,52.4008970550625,52.4008970550625,100.0
830,1,26.921931565164904,26.921931565164904,100.0
830,2,20.6771713797726,20.6771713797726,100.0
840,0,46.71996933186956,46.71996933186956,100.0
840,1,30.966568282810425,30.966568282810425,100.0
840,2,22.313462385320022,22.313462385320022,100.0
850,0,46.963319059260414,46.963319059260414,100.0
850,1,32.77578839900793,32.77578839900793,100.0
850,2,20.260892541731653,20.260892541731653,100.0
860,0,45.695355374260394,45.695355374260394,100.0
860,1,36.05907564237615,36.05907564237615,100.0
860,2,18.245568983363462,18.245568983363462,100.0
870,0,43.91928391210298,43.91928391210298,100.0
870,1,33.23222341308078,33.23222341308078,100.0
870,2,22.84849267481624,22.84849267481624,100.0
880,0,51.32212366358685,51.32212366358685,100.0
880,1,27.22648256370252,27.22648256370252,100.0
880,2,21.451393772710624,21.451393772710624,100.0
890,0,36.64938309963801,36.64938309963801,100.0
890,1,45.798430573423346,45.798430573423346,100.0
890,2,17.55218632693864,17.55218632693864,100.0
900,0,49.235150270423276,49.235150270423276,100.0
900,1,31.467420767193623,31.467420767193623,100.0
900,2,19.297428962383105,19.297428962383105,100.0
910,0,44.547045352687945,44.547045352687945,100.0
910,1,35.35996957471793,35.35996957471793,100.0
910,2,20.09298507259413,20.09298507259413,100.0
920,0,38.58388496718913,38.58388496718913,100.0
920,1,38.20701341792148,38.20701341792148,100.0
920,2,23.209101614889395,23.209101614889395,100.0
930,0,46.015268668423126,46.015268668423126,100.0
930,1,32.718297408288535,32.718297408288535,100.0
930,2,21.26643392328834,21.26643392328834,100.0
940,0,52.09099141649316,52.09099141649316,100.0
940,1,26.191971817572586,26.191971817572586,100.0
940,2,21.717036765934257,21.717036765934257,100.0
950,0,45.94557871592856,45.94557871592856,100.0
950,1,35.5322587356088,35.5322587356088,100.0
950,2,18.52216254846264,18.52216254846264,100.0
960,0,48.98022374757585,48.98022374757585,100.0
960,1,32.53682411201185,32.53682411201185,100.0
960,2,18.4829521404123,18.4829521404123,100.0
970,0,50.2063579828383,50.2063579828383,100.0
970,1,27.022805488989594,27.022805488989594,100.0
970,2,22.770836528172108,22.770836528172108,100.0
980,0,44.3799204179727,44.3799204179727,100.0
980,1,36.75732733855289,36.75732733855289,100.0
980,2,18.862752243474407,18.862752243474407,100.0
990,0,45.119936730206696,45.119936730206696,100.0
990,1,35.576873922230284,35.576873922230284,100.0
990,2,19.303189347563023,19.303189347563023,100.0
1000,0,44.252343658880044,44.252343658880044,100.0
1000,1,35.96437544629514,35.96437544629514,100.0
1000,2,19.783280894824813,19.783280894824813,100.0
1010,0,40.999819009298655,40.999819009298655,100.0
1010,1,37.341132488570736,37.341132488570736,100.0
1010,2,21.659048502130613,21.659048502130613,100.0
1020,0,52.43722124246675,52.43722124246675,100.0
1020,1,25.778243547189994,25.778243547189994,100.0
1020,2,21.784535210343254,21.784535210343254,100.0
1030,0,41.3506419809218,41.3506419809218,100.0
1030,1,35.90021001515418,35.90021001515418,100.0
1030,2,22.749148003924024,22.749148003924024,100.0
1040,0,43.5492424439737,43.5492424439737,100.0
1040,1,37.297326263120176,37.297326263120176,100.0
1040,2,19.15343129290613,19.15343129290613,100.0
1050,0,39.47853461570221,39.47853461570221,100.0
1050,1,40.44543327323375,40.44543327323375,100.0
1050,2,20.076032111064034,20.076032111064034,100.0
1060,0,47.18476323206816,47.18476323206816,100.0
1060,1,29.910198005523984,29.910198005523984,100.0
1060,2,22.905038762407862,22.905038762407862,100.0
1070,0,47.75470928642161,47.75470928642161,100.0
1070,1,29.96420062887184,29.96420062887184,100.0
1070,2,22.281090084706552,22.281090084706552,100.0
1080,0,50.603873918798705,50.603873918798705,100.0
1080,1,28.712734309560783,28.712734309560783,100.0
1080,2,20.683391771640515,20.683391771640515,100.0
1090,0,31.649453868987198,31.649453868987198,100.0
1090,1,40.56627793570712,40.56627793570712,100.0
1090,2,27.784268195305685,27.784268195305685,100.0
1100,0,47.488571632027266,47.488571632027266,100.0
1100,1,30.240732044345116,30.240732044345116,100.0
1100,2,22.27069632362763,22.27069632362763,100.0
1110,0,40.54698468145123,40.54698468145123,100.0
1110,1,39.77590500134291,39.77590500134291,100.0
1110,2,19.67711031720586,19.67711031720586,100.0
1120,0,44.821717537322684,44.821717537322684,100.0
1120,1,33.58287984284975,33.58287984284975,100.0
1120,2,21.595402619827563,21.595402619827563,100.0
