timestamp,sliceId,dedicatedPRB,minPRB,maxPRB
510,0,31.757956809880888,31.757956809880888,100.0
510,1,28.298282856308543,28.298282856308543,100.0
510,2,39.94376033381057,39.94376033381057,100.0
520,0,40.97200104348855,40.97200104348855,100.0
520,1,41.941930924690816,41.941930924690816,100.0
520,2,17.086068031820645,17.086068031820645,100.0
530,0,25.875849857626054,25.875849857626054,100.0
530,1,47.52136611555199,47.52136611555199,100.0
530,2,26.602784026821947,26.602784026821947,100.0
540,0,22.094865591985133,22.094865591985133,100.0
540,1,50.28287480525485,50.28287480525485,100.0
540,2,27.62225960276003,27.62225960276003,100.0
550,0,33.51233940857938,33.51233940857938,100.0
550,1,33.8989939516628,33.8989939516628,100.0
550,2,32.58866663975783,32.58866663975783,100.0
