timestamp,sliceId,dedicatedPRB,minPRB,maxPRB
510,0,32.280919144356766,32.280919144356766,100.0
510,1,33.50858033907818,33.50858033907818,100.0
510,2,34.21050051656506,34.21050051656506,100.0
520,0,41.14956996684079,41.14956996684079,100.0
520,1,29.72131397905646,29.72131397905646,100.0
520,2,29.129116054102756,29.129116054102756,100.0
530,0,29.985535302681342,29.985535302681342,100.0
530,1,44.955379551818254,44.955379551818254,100.0
530,2,25.059085145500408,25.059085145500408,100.0
540,0,29.499728718821455,29.499728718821455,100.0
540,1,34.103430080669625,34.103430080669625,100.0
540,2,36.39684120050893,36.39684120050893,100.0
550,0,36.61403809695899,36.61403809695899,100.0
550,1,38.785057585712835,38.785057585712835,100.0
550,2,24.60090431732817,24.60090431732817,100.0
560,0,21.41490044403685,21.41490044403685,100.0
560,1,45.46304020805769,45.46304020805769,100.0
560,2,33.122059347905456,33.122059347905456,100.0
570,0,21.543387995539664,21.543387995539664,100.0
570,1,52.783356733587475,52.783356733587475,100.0
570,2,25.673255270872858,25.673255270872858,100.0
580,0,25.718164392475572,25.718164392475572,100.0
580,1,34.68420096572394,34.68420096572394,100.0
580,2,39.5976346418005,39.5976346418005,100.0
590,0,22.88811131463172,22.88811131463172,100.0
590,1,56.885468920818404,56.885468920818404,100.0
590,2,20.226419764549878,20.226419764549878,100.0
600,0,21.875434824109554,21.875434824109554,100.0
600,1,45.31992066275804,45.31992066275804,100.0
600,2,32.80464451313241,32.80464451313241,100.0
610,0,30.2795182485044,30.2795182485044,100.0
610,1,38.09847418118451,38.09847418118451,100.0
610,2,31.622007570311094,31.622007570311094,100.0
620,0,23.163550901275023,23.163550901275023,100.0
620,1,43.59228531210341,43.59228531210341,100.0
620,2,33.24416378662157,33.24416378662157,100.0
630,0,23.81156639284986,23.81156639284986,100.0
630,1,52.086600161803766,52.086600161803766,100.0
630,2,24.101833445346376,24.101833445346376,100.0
640,0,25.166576808883274,25.166576808883274,100.0
640,1,54.433889841869075,54.433889841869075,100.0
640,2,20.39953334924764,20.39953334924764,100.0
650,0,22.73770632361874,22.73770632361874,100.0
650,1,55.00911325351652,55.00911325351652,100.0
650,2,22.253180422864748,22.253180422864748,100.0
660,0,24.861724918487848,24.861724918487848,100.0
660,1,47.312563781812926,47.312563781812926,100.0
660,2,27.82571129969922,27.82571129969922,100.0
670,0,21.69121061034503,21.69121061034503,100.0
670,1,51.68608628911733,51.68608628911733,100.0
670,2,26.62270310053764,26.62270310053764,100.0
680,0,24.684624471453994,24.684624471453994,100.0
680,1,50.81016562267698,50.81016562267698,100.0
680,2,24.505209905869027,24.505209905869027,100.0
690,0,24.023828604813417,24.023828604813417,100.0
690,1,50.62465070455598,50.62465070455598,100.0
690,2,25.3515206906306,25.3515206906306,100.0
700,0,24.378052885337944,24.378052885337944,100.0
700,1,54.884513328568914,54.884513328568914,100.0
700,2,20.737433786093142,20.737433786093142,100.0
710,0,22.668372424372212,22.668372424372212,100.0
710,1,54.03936773237601,54.03936773237601,100.0
710,2,23.292259843251784,23.292259843251784,100.0
720,0,22.71565899693511,22.71565899693511,100.0
720,1,49.334386881404804,49.334386881404804,100.0
720,2,27.94995412166009,27.94995412166009,100.0
730,0,22.656737168008835,22.656737168008835,100.0
730,1,52.69129101316318,52.69129101316318,100.0
730,2,24.651971818827995,24.651971818827995,100.0
740,0,21.073286200160425,21.073286200160425,100.0
740,1,37.08376330955835,37.08376330955835,100.0
740,2,41.842950490281225,41.842950490281225,100.0
750,0,27.28320589384829,27.28320589384829,100.0
750,1,48.19370299338307,48.19370299338307,100.0
750,2,24.52309111276864,24.52309111276864,100.0
760,0,23.331795318149208,23.331795318149208,100.0
760,1,46.04732584318077,46.04732584318077,100.0
760,2,30.620878838670023,30.620878838670023,100.0
770,0,24.306289639144218,24.306289639144218,100.0
770,1,52.18594387525296,52.18594387525296,100.0
770,2,23.507766485602822,23.507766485602822,100.0
780,0,34.981048516344984,34.981048516344984,100.0
780,1,39.6520314246628,39.6520314246628,100.0
780,2,25.366920058992214,25.366920058992214,100.0
790,0,22.398753071427517,22.398753071427517,100.0
790,1,53.746657152230966,53.746657152230966,100.0
790,2,23.854589776341516,23.854589776341516,100.0
800,0,22.899869452082523,22.899869452082523,100.0
800,1,54.93092981425636,54.93092981425636,100.0
800,2,22.16920073366112,22.16920073366112,100.0
810,0,23.585423600671536,23.585423600671536,100.0
810,1,57.05196457500148,57.05196457500148,100.0
810,2,19.36261182432699,19.36261182432699,100.0
820,0,20.862178797060476,20.862178797060476,100.0
820,1,48.56971888492305,48.56971888492305,100.0
820,2,30.56810231801648,30.56810231801648,100.0
830,0,25.054647293084507,25.054647293084507,100.0
830,1,46.61319217548445,46.61319217548445,100.0
830,2,28.33216053143104,28.33216053143104,100.0
840,0,22.508689154592503,22.508689154592503,100.0
840,1,43.702028677027464,43.702028677027464,100.0
840,2,33.78928216838003,33.78928216838003,100.0
850,0,24.889788363911055,24.889788363911055,100.0
850,1,51.073676386605015,51.073676386605015,100.0
850,2,24.036535249483943,24.036535249483943,100.0
860,0,29.082797890908697,29.082797890908697,100.0
860,1,52.41934510623872,52.41934510623872,100.0
860,2,18.497857002852598,18.497857002852598,100.0
870,0,22.63092134575885,22.63092134575885,100.0
870,1,57.22675431023202,57.22675431023202,100.0
870,2,20.142324344009136,20.142324344009136,100.0
880,0,24.93890447337125,24.93890447337125,100.0
880,1,43.55018819657045,43.55018819657045,100.0
880,2,31.510907330058302,31.510907330058302,100.0
890,0,22.276330183713142,22.276330183713142,100.0
890,1,45.586839977475655,45.586839977475655,100.0
890,2,32.13682983881121,32.13682983881121,100.0
900,0,26.83990706492661,26.83990706492661,100.0
900,1,49.51448209968239,49.51448209968239,100.0
900,2,23.645610835391,23.645610835391,100.0
910,0,23.01065556139628,23.01065556139628,100.0
910,1,56.72293955218637,56.72293955218637,100.0
910,2,20.266404886417348,20.266404886417348,100.0
920,0,23.77738067340713,23.77738067340713,100.0
920,1,54.86614949832875,54.86614949832875,100.0
920,2,21.356469828264128,21.356469828264128,100.0
930,0,27.812844533431164,27.812844533431164,100.0
930,1,51.17248591695216,51.17248591695216,100.0
930,2,21.01466954961668,21.01466954961668,100.0
940,0,30.755340253717733,30.755340253717733,100.0
940,1,50.41923558386148,50.41923558386148,100.0
940,2,18.825424162420795,18.825424162420795,100.0
950,0,25.07177500297015,25.07177500297015,100.0
950,1,53.52911752138589,53.52911752138589,100.0
950,2,21.39910747564396,21.39910747564396,100.0
960,0,23.674544075551236,23.674544075551236,100.0
960,1,45.492270008844145,45.492270008844145,100.0
960,2,30.833185915604616,30.833185915604616,100.0
970,0,30.681890474439875,30.681890474439875,100.0
970,1,42.27680584971766,42.27680584971766,100.0
970,2,27.041303675842464,27.041303675842464,100.0
980,0,24.250983887720796,24.250983887720796,100.0
980,1,53.76932727588053,53.76932727588053,100.0
980,2,21.97968883639867,21.97968883639867,100.0
990,0,26.200466346721164,26.200466346721164,100.0
990,1,53.992824616391474,53.992824616391474,100.0
990,2,19.806709036887366,19.806709036887366,100.0
1000,0,24.362912956964973,24.362912956964973,100.0
1000,1,55.62395126849393,55.62395126849393,100.0
1000,2,20.01313577454109,20.01313577454109,100.0
1010,0,20.842215221875836,20.842215221875836,100.0
1010,1,47.901322296744986,47.901322296744986,100.0
1010,2,31.256462481379177,31.256462481379177,100.0
1020,0,24.834362771138796,24.834362771138796,100.0
1020,1,32.28485322816991,32.28485322816991,100.0
1020,2,42.8807840006913,42.8807840006913,100.0
1030,0,30.715480799782725,30.715480799782725,100.0
1030,1,42.850858950191636,42.850858950191636,100.0
1030,2,26.433660250025635,26.433660250025635,100.0
1040,0,25.83071696429531,25.83071696429531,100.0
1040,1,50.89819077641391,50.89819077641391,100.0
1040,2,23.271092259290782,23.271092259290782,100.0
1050,0,30.41228012458096,30.41228012458096,100.0
1050,1,46.04045749005123,46.04045749005123,100.0
1050,2,23.547262385367805,23.547262385367805,100.0
1060,0,27.332131844587842,27.332131844587842,100.0
1060,1,45.777227095321926,45.777227095321926,100.0
1060,2,26.890641060090232,26.890641060090232,100.0
1070,0,24.253648199231918,24.253648199231918,100.0
1070,1,54.80667390662075,54.80667390662075,100.0
1070,2,20.93967789414733,20.93967789414733,100.0
1080,0,22.543934864767472,22.543934864767472,100.0
1080,1,57.380308507199786,57.380308507199786,100.0
1080,2,20.075756628032746,20.075756628032746,100.0
1090,0,21.190850402598507,21.190850402598507,100.0
1090,1,44.39788528241814,44.39788528241814,100.0
1090,2,34.41126431498337,34.41126431498337,100.0
1100,0,25.993701537474806,25.993701537474806,100.0
1100,1,49.669980727233195,49.669980727233195,100.0
1100,2,24.336317735291995,24.336317735291995,100.0
1110,0,22.831516939740915,22.831516939740915,100.0
1110,1,56.83992608497931,56.83992608497931,100.0
1110,2,20.328556975279778,20.328556975279778,100.0
1120,0,28.12300224683909,28.12300224683909,100.0
1120,1,40.275263640358475,40.275263640358475,100.0
1120,2,31.601734112802436,31.601734112802436,100.0
1130,0,26.08541285655548,26.08541285655548,100.0
1130,1,50.25936688092667,50.25936688092667,100.0
1130,2,23.655220262517858,23.655220262517858,100.0
1140,0,24.523760220828017,24.523760220828017,100.0
1140,1,52.92157915236218,52.92157915236218,100.0
1140,2,22.554660626809802,22.554660626809802,100.0
1150,0,23.306003786154996,23.306003786154996,100.0
1150,1,45.479113989960034,45.479113989960034,100.0
1150,2,31.21488222388497,31.21488222388497,100.0
1160,0,27.547857540988847,27.547857540988847,100.0
1160,1,47.66039898047422,47.66039898047422,100.0
1160,2,24.791743478536933,24.791743478536933,100.0
1170,0,23.930802069288166,23.930802069288166,100.0
1170,1,53.102020930884905,53.102020930884905,100.0
1170,2,22.967176999826922,22.967176999826922,100.0
1180,0,23.13222931267559,23.13222931267559,100.0
1180,1,54.664011498411384,54.664011498411384,100.0
1180,2,22.203759188913025,22.203759188913025,100.0
1190,0,22.171502158089886,22.171502158089886,100.0
1190,1,56.18529265517371,56.18529265517371,100.0
1190,2,21.6432051867364,21.6432051867364,100.0
1200,0,23.34975095394349,23.34975095394349,100.0
1200,1,43.310675365914946,43.310675365914946,100.0
1200,2,33.33957368014156,33.33957368014156,100.0
1210,0,29.71879364081877,29.71879364081877,100.0
1210,1,41.10626779416912,41.10626779416912,100.0
1210,2,29.174938565012116,29.174938565012116,100.0
1220,0,24.238735204329043,24.238735204329043,100.0
1220,1,54.4746047780317,54.4746047780317,100.0
1220,2,21.286660017639257,21.286660017639257,100.0
1230,0,22.96231291534778,22.96231291534778,100.0
1230,1,48.28963939143793,48.28963939143793,100.0
1230,2,28.748047693214286,28.748047693214286,100.0
1240,0,22.329792752143412,22.329792752143412,100.0
1240,1,48.01582219681733,48.01582219681733,100.0
1240,2,29.654385051039256,29.654385051039256,100.0
1250,0,23.212732434647016,23.212732434647016,100.0
1250,1,49.12219333113572,49.12219333113572,100.0
1250,2,27.66507423421726,27.66507423421726,100.0
1260,0,22.946004774950254,22.946004774950254,100.0
1260,1,53.20989223802872,53.20989223802872,100.0
1260,2,23.84410298702102,23.84410298702102,100.0
1270,0,27.330926812231905,27.330926812231905,100.0
1270,1,45.95396481905446,45.95396481905446,100.0
1270,2,26.715108368713636,26.715108368713636,100.0
1280,0,23.91493521535708,23.91493521535708,100.0
1280,1,53.76490131229779,53.76490131229779,100.0
1280,2,22.32016347234513,22.32016347234513,100.0
1290,0,22.492128385381243,22.492128385381243,100.0
1290,1,44.08103286965721,44.08103286965721,100.0
1290,2,33.42683874496154,33.42683874496154,100.0
1300,0,25.02613772195406,25.02613772195406,100.0
1300,1,52.12330700132542,52.12330700132542,100.0
1300,2,22.85055527672052,22.85055527672052,100.0
1310,0,23.385362895272372,23.385362895272372,100.0
1310,1,47.01821779232773,47.01821779232773,100.0
1310,2,29.596419312399895,29.596419312399895,100.0
1320,0,26.121019694585733,26.121019694585733,100.0
1320,1,50.153969445398914,50.153969445398914,100.0
1320,2,23.725010860015345,23.725010860015345,100.0
1330,0,28.10755388931475,28.10755388931475,100.0
1330,1,49.661719406559506,49.661719406559506,100.0
1330,2,22.230726704125736,22.230726704125736,100.0
1340,0,23.433342981461507,23.433342981461507,100.0
1340,1,56.46003919868369,56.46003919868369,100.0
1340,2,20.106617819854804,20.106617819854804,100.0
