timestamp,ueImsi,sliceId,dTxBytes,dRxBytes,plr,resourceSharePct,dLostPackets,throughputMbps,bufferBytes,dlBufferBytes,ulBufferBytes,macBufferBytes,congestionPct,lastDrlActionStatus
9900,1,0,128736,0,100.00,22.35,112,0.0000,1199931,0,1199931,1199931,11.44,applied
9900,2,0,128736,78592,42.86,22.35,48,6.2874,1200005,0,1200005,1200005,11.44,applied
9900,3,0,128736,65084,52.68,22.35,59,5.2067,1200005,0,1200005,1200005,11.44,applied
9900,4,0,128736,0,100.00,22.35,112,0.0000,34,0,34,34,0.00,applied
9900,5,0,128736,0,100.00,22.35,112,0.0000,2811,0,2811,2811,0.03,applied
9900,6,1,0,0,0.00,43.93,0,0.0000,34,0,34,34,0.00,applied
9900,7,1,0,0,0.00,43.93,0,0.0000,34,0,34,34,0.00,applied
9900,8,1,0,0,0.00,43.93,0,0.0000,34,0,34,34,0.00,applied
9900,9,1,0,0,0.00,43.93,0,0.0000,34,0,34,34,0.00,applied
9900,10,1,0,0,0.00,43.93,0,0.0000,34,0,34,34,0.00,applied
9900,11,1,0,0,0.00,43.93,0,0.0000,34,0,34,34,0.00,applied
9900,12,1,0,0,0.00,43.93,0,0.0000,17,0,17,17,0.00,applied
9900,13,1,0,0,0.00,43.93,0,0.0000,34,0,34,34,0.00,applied
9900,14,2,65200,940,90.00,33.72,45,0.0752,1043,1043,51,1094,0.01,applied
9900,15,2,65200,0,100.00,33.72,50,0.0000,1074,1074,51,1125,0.01,applied
9900,16,2,65200,940,90.00,33.72,45,0.0752,1036,1036,51,1087,0.01,applied
9900,17,2,65200,0,100.00,33.72,50,0.0000,1418,1418,51,1469,0.01,applied
9900,18,2,65200,0,100.00,33.72,50,0.0000,1074,1074,51,1125,0.01,applied
