timestamp,sliceId,dedicatedPRB,minPRB,maxPRB
510,0,34.61182446393797,34.61182446393797,100.0
510,1,44.59017776257602,44.59017776257602,100.0
510,2,20.79799777348601,20.79799777348601,100.0
520,0,33.933130277272355,33.933130277272355,100.0
520,1,30.446374012940584,30.446374012940584,100.0
520,2,35.62049570978706,35.62049570978706,100.0
530,0,37.2672534580242,37.2672534580242,100.0
530,1,44.323609616714506,44.323609616714506,100.0
530,2,18.409136925261297,18.409136925261297,100.0
540,0,51.87055643534253,51.87055643534253,100.0
540,1,28.726332735735017,28.726332735735017,100.0
540,2,19.40311082892247,19.40311082892247,100.0
550,0,52.29866520593767,52.29866520593767,100.0
550,1,25.815595484124177,25.815595484124177,100.0
550,2,21.885739309938163,21.885739309938163,100.0
560,0,52.25816810369075,52.25816810369075,100.0
560,1,27.65146211822371,27.65146211822371,100.0
560,2,20.09036977808554,20.09036977808554,100.0
570,0,26.956282213961767,26.956282213961767,100.0
570,1,46.177280637422875,46.177280637422875,100.0
570,2,26.86643714861536,26.86643714861536,100.0
580,0,27.87516463029348,27.87516463029348,100.0
580,1,43.14959888811731,43.14959888811731,100.0
580,2,28.975236481589207,28.975236481589207,100.0
590,0,31.628564164985868,31.628564164985868,100.0
590,1,30.769078882094682,30.769078882094682,100.0
590,2,37.60235695291945,37.60235695291945,100.0
600,0,24.907741418047376,24.907741418047376,100.0
600,1,50.38281539702248,50.38281539702248,100.0
600,2,24.709443184930148,24.709443184930148,100.0
610,0,23.404959827028765,23.404959827028765,100.0
610,1,41.188432219517104,41.188432219517104,100.0
610,2,35.406607953454134,35.406607953454134,100.0
620,0,22.998585748570942,22.998585748570942,100.0
620,1,48.14132481601139,48.14132481601139,100.0
620,2,28.860089435417674,28.860089435417674,100.0
630,0,22.295245996274485,22.295245996274485,100.0
630,1,48.17510130781411,48.17510130781411,100.0
630,2,29.529652695911402,29.529652695911402,100.0
640,0,25.957974176726083,25.957974176726083,100.0
640,1,31.244310792898293,31.244310792898293,100.0
640,2,42.797715030375635,42.797715030375635,100.0
650,0,23.818062969659522,23.818062969659522,100.0
650,1,53.26804732148267,53.26804732148267,100.0
650,2,22.913889708857816,22.913889708857816,100.0
660,0,25.622458089803622,25.622458089803622,100.0
660,1,39.332471006155856,39.332471006155856,100.0
660,2,35.04507090404052,35.04507090404052,100.0
670,0,24.699253062311254,24.699253062311254,100.0
670,1,54.16927119853624,54.16927119853624,100.0
670,2,21.131475739152517,21.131475739152517,100.0
680,0,30.382583364880084,30.382583364880084,100.0
680,1,50.312509814297734,50.312509814297734,100.0
680,2,19.304906820822172,19.304906820822172,100.0
690,0,29.91537842246431,29.91537842246431,100.0
690,1,45.907435093712124,45.907435093712124,100.0
690,2,24.177186483823572,24.177186483823572,100.0
700,0,24.690313661027815,24.690313661027815,100.0
700,1,43.88251750341106,43.88251750341106,100.0
700,2,31.427168835561126,31.427168835561126,100.0
710,0,39.5560059820952,39.5560059820952,100.0
710,1,27.470832854875148,27.470832854875148,100.0
710,2,32.97316116302965,32.97316116302965,100.0
720,0,25.42682174442352,25.42682174442352,100.0
720,1,27.529344709860474,27.529344709860474,100.0
720,2,47.043833545716005,47.043833545716005,100.0
730,0,31.04031892018292,31.04031892018292,100.0
730,1,46.39940950335228,46.39940950335228,100.0
730,2,22.560271576464803,22.560271576464803,100.0
740,0,50.52939288133803,50.52939288133803,100.0
740,1,27.28536618544044,27.28536618544044,100.0
740,2,22.185240933221532,22.185240933221532,100.0
750,0,21.326099919840185,21.326099919840185,100.0
750,1,42.639716801735666,42.639716801735666,100.0
750,2,36.034183278424145,36.034183278424145,100.0
760,0,30.80786183126226,30.80786183126226,100.0
760,1,31.46627840436694,31.46627840436694,100.0
760,2,37.725859764370796,37.725859764370796,100.0
770,0,30.815932795964173,30.815932795964173,100.0
770,1,28.174549298603523,28.174549298603523,100.0
770,2,41.009517905432304,41.009517905432304,100.0
780,0,29.890488910643885,29.890488910643885,100.0
780,1,40.2199609590744,40.2199609590744,100.0
780,2,29.889550130281712,29.889550130281712,100.0
790,0,31.262540277881477,31.262540277881477,100.0
790,1,25.719731556481356,25.719731556481356,100.0
790,2,43.01772816563717,43.01772816563717,100.0
800,0,36.34673179622826,36.34673179622826,100.0
800,1,37.976972203790424,37.976972203790424,100.0
800,2,25.67629599998133,25.67629599998133,100.0
810,0,31.01148317500364,31.01148317500364,100.0
810,1,45.40266316542617,45.40266316542617,100.0
810,2,23.585853659570187,23.585853659570187,100.0
820,0,49.38536889972779,49.38536889972779,100.0
820,1,27.632900957110028,27.632900957110028,100.0
820,2,22.981730143162178,22.981730143162178,100.0
830,0,33.169981860776375,33.169981860776375,100.0
830,1,34.64216861915798,34.64216861915798,100.0
830,2,32.187849520065654,32.187849520065654,100.0
840,0,29.189326813154203,29.189326813154203,100.0
840,1,38.5779393287656,38.5779393287656,100.0
840,2,32.232733858080195,32.232733858080195,100.0
850,0,25.67248468771436,25.67248468771436,100.0
850,1,34.84669352449594,34.84669352449594,100.0
850,2,39.4808217877897,39.4808217877897,100.0
860,0,39.164277323746,39.164277323746,100.0
860,1,37.35036312268965,37.35036312268965,100.0
860,2,23.485359553564354,23.485359553564354,100.0
870,0,25.10280064951963,25.10280064951963,100.0
870,1,53.835968561396676,53.835968561396676,100.0
870,2,21.061230789083695,21.061230789083695,100.0
880,0,34.59307706008301,34.59307706008301,100.0
880,1,32.372416325897404,32.372416325897404,100.0
880,2,33.03450661401959,33.03450661401959,100.0
890,0,23.58686258314378,23.58686258314378,100.0
890,1,44.37941736750436,44.37941736750436,100.0
890,2,32.03372004935186,32.03372004935186,100.0
900,0,23.286330324701122,23.286330324701122,100.0
900,1,44.696922820092844,44.696922820092844,100.0
900,2,32.01674685520603,32.01674685520603,100.0
910,0,23.79536300364768,23.79536300364768,100.0
910,1,44.072864686755594,44.072864686755594,100.0
910,2,32.13177230959672,32.13177230959672,100.0
920,0,26.922273823187542,26.922273823187542,100.0
920,1,51.0270558805779,51.0270558805779,100.0
920,2,22.050670296234564,22.050670296234564,100.0
930,0,22.69415726750289,22.69415726750289,100.0
930,1,47.888718805901945,47.888718805901945,100.0
930,2,29.417123926595167,29.417123926595167,100.0
940,0,29.572181003089216,29.572181003089216,100.0
940,1,41.450931887677456,41.450931887677456,100.0
940,2,28.976887109233328,28.976887109233328,100.0
950,0,31.387316820047197,31.387316820047197,100.0
950,1,41.173088781757095,41.173088781757095,100.0
950,2,27.43959439819571,27.43959439819571,100.0
960,0,30.428278753342365,30.428278753342365,100.0
960,1,44.27895748555664,44.27895748555664,100.0
960,2,25.292763761101,25.292763761101,100.0
970,0,36.157798465096484,36.157798465096484,100.0
970,1,35.4943698993428,35.4943698993428,100.0
970,2,28.347831635560716,28.347831635560716,100.0
980,0,22.716750346991052,22.716750346991052,100.0
980,1,53.918592294931976,53.918592294931976,100.0
980,2,23.364657358076972,23.364657358076972,100.0
990,0,23.783548936747042,23.783548936747042,100.0
990,1,27.174624159213018,27.174624159213018,100.0
990,2,49.041826904039944,49.041826904039944,100.0
1000,0,29.848186051920646,29.848186051920646,100.0
1000,1,48.12831437444467,48.12831437444467,100.0
1000,2,22.02349957363469,22.02349957363469,100.0
1010,0,32.26080530739791,32.26080530739791,100.0
1010,1,49.61989910144648,49.61989910144648,100.0
1010,2,18.11929559115562,18.11929559115562,100.0
1020,0,42.11175732490283,42.11175732490283,100.0
1020,1,32.54943886696947,32.54943886696947,100.0
1020,2,25.338803808127704,25.338803808127704,100.0
1030,0,42.62078492778018,42.62078492778018,100.0
1030,1,36.89105763256213,36.89105763256213,100.0
1030,2,20.48815743965769,20.48815743965769,100.0
1040,0,37.78938844710713,37.78938844710713,100.0
1040,1,44.81082672466202,44.81082672466202,100.0
1040,2,17.399784828230842,17.399784828230842,100.0
1050,0,30.45213774286215,30.45213774286215,100.0
1050,1,35.608134345541295,35.608134345541295,100.0
1050,2,33.93972791159656,33.93972791159656,100.0
1060,0,29.221984795300838,29.221984795300838,100.0
1060,1,48.282874318964005,48.282874318964005,100.0
1060,2,22.49514088573516,22.49514088573516,100.0
1070,0,41.76824806074529,41.76824806074529,100.0
1070,1,35.461316453644635,35.461316453644635,100.0
1070,2,22.770435485610072,22.770435485610072,100.0
1080,0,22.57707755318409,22.57707755318409,100.0
1080,1,39.81630639919349,39.81630639919349,100.0
1080,2,37.606616047622424,37.606616047622424,100.0
1090,0,28.51064525975875,28.51064525975875,100.0
1090,1,48.64276024157636,48.64276024157636,100.0
1090,2,22.846594498664892,22.846594498664892,100.0
1100,0,23.634588076634532,23.634588076634532,100.0
1100,1,41.456003347580925,41.456003347580925,100.0
1100,2,34.90940857578455,34.90940857578455,100.0
1110,0,23.05415394325093,23.05415394325093,100.0
1110,1,53.764807788611016,53.764807788611016,100.0
1110,2,23.18103826813806,23.18103826813806,100.0
1120,0,45.49123926736325,45.49123926736325,100.0
1120,1,27.584199667109367,27.584199667109367,100.0
1120,2,26.92456106552738,26.92456106552738,100.0
1130,0,22.96246880979514,22.96246880979514,100.0
1130,1,34.23227561531864,34.23227561531864,100.0
1130,2,42.80525557488622,42.80525557488622,100.0
1140,0,21.275824994983488,21.275824994983488,100.0
1140,1,42.6942452686932,42.6942452686932,100.0
1140,2,36.02992973632331,36.02992973632331,100.0
1150,0,22.30377988035432,22.30377988035432,100.0
1150,1,30.009203790091327,30.009203790091327,100.0
1150,2,47.68701632955435,47.68701632955435,100.0
1160,0,22.261507805970286,22.261507805970286,100.0
1160,1,38.58129872487629,38.58129872487629,100.0
1160,2,39.15719346915343,39.15719346915343,100.0
1170,0,31.89121329090319,31.89121329090319,100.0
1170,1,33.36326682485915,33.36326682485915,100.0
1170,2,34.745519884237666,34.745519884237666,100.0
1180,0,27.563891754990433,27.563891754990433,100.0
1180,1,30.39650235057626,30.39650235057626,100.0
1180,2,42.03960589443331,42.03960589443331,100.0
1190,0,23.38477512792621,23.38477512792621,100.0
1190,1,41.08007125846931,41.08007125846931,100.0
1190,2,35.53515361360448,35.53515361360448,100.0
1200,0,25.90687493511258,25.90687493511258,100.0
1200,1,35.53712714009255,35.53712714009255,100.0
1200,2,38.55599792479487,38.55599792479487,100.0
1210,0,32.21542182569319,32.21542182569319,100.0
1210,1,37.76546815664356,37.76546815664356,100.0
1210,2,30.019110017663266,30.019110017663266,100.0
1220,0,22.22553410011739,22.22553410011739,100.0
1220,1,36.53213015664053,36.53213015664053,100.0
1220,2,41.24233574324207,41.24233574324207,100.0
1230,0,26.04862484729477,26.04862484729477,100.0
1230,1,39.46068345583005,39.46068345583005,100.0
1230,2,34.490691696875174,34.490691696875174,100.0
1240,0,22.913192532738066,22.913192532738066,100.0
1240,1,57.38791466868645,57.38791466868645,100.0
1240,2,19.69889279857549,19.69889279857549,100.0
1250,0,26.03504378185995,26.03504378185995,100.0
1250,1,53.665577655980876,53.665577655980876,100.0
1250,2,20.29937856215917,20.29937856215917,100.0
1260,0,27.17515412912122,27.17515412912122,100.0
1260,1,38.3329014874906,38.3329014874906,100.0
1260,2,34.49194438338819,34.49194438338819,100.0
1270,0,22.76411577766721,22.76411577766721,100.0
1270,1,58.21078695278224,58.21078695278224,100.0
1270,2,19.025097269550542,19.025097269550542,100.0
1280,0,30.215305548128303,30.215305548128303,100.0
1280,1,39.74600491535673,39.74600491535673,100.0
1280,2,30.03868953651497,30.03868953651497,100.0
1290,0,33.79217674916974,33.79217674916974,100.0
1290,1,27.04403761536469,27.04403761536469,100.0
1290,2,39.163785635465565,39.163785635465565,100.0
1300,0,24.678647982456095,24.678647982456095,100.0
1300,1,29.928428656935264,29.928428656935264,100.0
1300,2,45.39292336060864,45.39292336060864,100.0
1310,0,32.17614915900893,32.17614915900893,100.0
1310,1,44.152276997643014,44.152276997643014,100.0
1310,2,23.67157384334806,23.67157384334806,100.0
1320,0,35.61830236208326,35.61830236208326,100.0
1320,1,44.60620251346127,44.60620251346127,100.0
1320,2,19.77549512445546,19.77549512445546,100.0
1330,0,34.017912665595816,34.017912665595816,100.0
1330,1,36.8150322312506,36.8150322312506,100.0
1330,2,29.167055103153583,29.167055103153583,100.0
1340,0,29.004248776212727,29.004248776212727,100.0
1340,1,46.24360894817803,46.24360894817803,100.0
1340,2,24.752142275609245,24.752142275609245,100.0
1350,0,22.838887350679453,22.838887350679453,100.0
1350,1,30.01952584691058,30.01952584691058,100.0
1350,2,47.141586802409975,47.141586802409975,100.0
1360,0,33.01642482346121,33.01642482346121,100.0
1360,1,36.25319977929865,36.25319977929865,100.0
1360,2,30.730375397240152,30.730375397240152,100.0
1370,0,23.751197861148558,23.751197861148558,100.0
1370,1,47.68794916520804,47.68794916520804,100.0
1370,2,28.560852973643403,28.560852973643403,100.0
1380,0,39.29763105264325,39.29763105264325,100.0
1380,1,36.24595615841778,36.24595615841778,100.0
1380,2,24.456412788938962,24.456412788938962,100.0
1390,0,33.18542261376634,33.18542261376634,100.0
1390,1,37.160065988718785,37.160065988718785,100.0
1390,2,29.65451139751487,29.65451139751487,100.0
1400,0,26.292339215910822,26.292339215910822,100.0
1400,1,49.03972628082287,49.03972628082287,100.0
1400,2,24.66793450326631,24.66793450326631,100.0
1410,0,22.216058538872424,22.216058538872424,100.0
1410,1,32.38453280018436,32.38453280018436,100.0
1410,2,45.39940866094321,45.39940866094321,100.0
1420,0,26.053307555065324,26.053307555065324,100.0
1420,1,35.80315564962653,35.80315564962653,100.0
1420,2,38.143536795308144,38.143536795308144,100.0
1430,0,31.590240284792202,31.590240284792202,100.0
1430,1,44.92770673208996,44.92770673208996,100.0
1430,2,23.482052983117836,23.482052983117836,100.0
1440,0,33.67650541076659,33.67650541076659,100.0
1440,1,38.83557218983795,38.83557218983795,100.0
1440,2,27.487922399395476,27.487922399395476,100.0
1450,0,40.06617614464591,40.06617614464591,100.0
1450,1,33.1795213552669,33.1795213552669,100.0
1450,2,26.754302500087192,26.754302500087192,100.0
1460,0,31.862153973049367,31.862153973049367,100.0
1460,1,33.431835501180274,33.431835501180274,100.0
1460,2,34.70601052577035,34.70601052577035,100.0
1470,0,28.432165384841063,28.432165384841063,100.0
1470,1,31.10384774291951,31.10384774291951,100.0
1470,2,40.46398687223943,40.46398687223943,100.0
1480,0,35.105293291278834,35.105293291278834,100.0
1480,1,34.111942023628764,34.111942023628764,100.0
1480,2,30.782764685092417,30.782764685092417,100.0
1490,0,32.86303039572559,32.86303039572559,100.0
1490,1,29.64749117339499,29.64749117339499,100.0
1490,2,37.48947843087944,37.48947843087944,100.0
1500,0,23.828648820031884,23.828648820031884,100.0
1500,1,44.96117814735526,44.96117814735526,100.0
1500,2,31.210173032612854,31.210173032612854,100.0
