timestamp,ueImsi,sliceId,dTxBytes,dRxBytes,plr,resourceSharePct,dLostPackets,throughputMbps,bufferBytes
1510,1,0,18336,0,100.00,33.67,12,0.0000,1674841
1510,2,0,18336,3056,83.33,33.67,10,2.4448,1490107
1510,3,0,18336,6112,66.67,33.67,8,4.8896,1194611
1510,4,0,18336,22920,0.00,33.67,0,18.3360,1363057
1510,5,0,18336,0,100.00,33.67,12,0.0000,1695781
1510,6,1,390,390,0.00,30.46,0,0.3120,87
1510,7,1,390,0,100.00,30.46,5,0.0000,743
1510,8,1,390,390,0.00,30.46,0,0.3120,87
1510,9,1,390,546,0.00,30.46,0,0.4368,169
1510,10,1,390,0,100.00,30.46,5,0.0000,415
1510,11,2,384,256,33.33,35.87,1,0.2048,137
1510,12,2,384,256,33.33,35.87,1,0.2048,137
1510,13,2,384,256,33.33,35.87,1,0.2048,137
1510,14,2,384,256,33.33,35.87,1,0.2048,137
1510,15,2,384,256,33.33,35.87,1,0.2048,73
1510,16,2,384,0,100.00,35.87,3,0.0000,137
1510,17,2,384,256,33.33,35.87,1,0.2048,137
1510,18,2,384,0,100.00,35.87,3,0.0000,627
1510,19,2,384,256,33.33,35.87,1,0.2048,137
1510,20,2,384,256,33.33,35.87,1,0.2048,137
