timestamp,sliceId,dedicatedPRB,minPRB,maxPRB
510,0,30.465099021812485,30.465099021812485,100.0
510,1,41.238159306246125,41.238159306246125,100.0
510,2,28.296741671941383,28.296741671941383,100.0
520,0,29.794776647226023,29.794776647226023,100.0
520,1,44.54662381919075,44.54662381919075,100.0
520,2,25.65859953358323,25.65859953358323,100.0
530,0,31.818763921306846,31.818763921306846,100.0
530,1,34.23888078970607,34.23888078970607,100.0
530,2,33.94235528898708,33.94235528898708,100.0
540,0,49.4980795531802,49.4980795531802,100.0
540,1,30.28749325912974,30.28749325912974,100.0
540,2,20.21442718769007,20.21442718769007,100.0
550,0,23.844845428447144,23.844845428447144,100.0
550,1,36.97912356933992,36.97912356933992,100.0
550,2,39.17603100221294,39.17603100221294,100.0
560,0,27.422868850241912,27.422868850241912,100.0
560,1,31.42655256916881,31.42655256916881,100.0
560,2,41.15057858058928,41.15057858058928,100.0
570,0,43.2920961404304,43.2920961404304,100.0
570,1,25.35428476357123,25.35428476357123,100.0
570,2,31.353619095998365,31.353619095998365,100.0
580,0,29.50822514528403,29.50822514528403,100.0
580,1,48.866358271013446,48.866358271013446,100.0
580,2,21.625416583702524,21.625416583702524,100.0
590,0,20.95597295111005,20.95597295111005,100.0
590,1,43.74381363217783,43.74381363217783,100.0
590,2,35.30021341671212,35.30021341671212,100.0
600,0,29.87864704256205,29.87864704256205,100.0
600,1,49.375124290729445,49.375124290729445,100.0
600,2,20.746228666708515,20.746228666708515,100.0
610,0,25.052988447738112,25.052988447738112,100.0
610,1,42.677891600621656,42.677891600621656,100.0
610,2,32.269119951640235,32.269119951640235,100.0
620,0,44.439547219372585,44.439547219372585,100.0
620,1,34.43309400451242,34.43309400451242,100.0
620,2,21.127358776114985,21.127358776114985,100.0
630,0,35.94495780920413,35.94495780920413,100.0
630,1,38.802036981363244,38.802036981363244,100.0
630,2,25.253005209432615,25.253005209432615,100.0
640,0,21.977920905182067,21.977920905182067,100.0
640,1,44.46297146252522,44.46297146252522,100.0
640,2,33.559107632292715,33.559107632292715,100.0
650,0,25.05756873451352,25.05756873451352,100.0
650,1,42.36116141696595,42.36116141696595,100.0
650,2,32.58126984852054,32.58126984852054,100.0
660,0,32.40086862115096,32.40086862115096,100.0
660,1,44.74711546707933,44.74711546707933,100.0
660,2,22.852015911769712,22.852015911769712,100.0
670,0,45.400030818235294,45.400030818235294,100.0
670,1,30.458115020443653,30.458115020443653,100.0
670,2,24.141854161321046,24.141854161321046,100.0
680,0,38.97742021232222,38.97742021232222,100.0
680,1,26.07618598706436,26.07618598706436,100.0
680,2,34.94639380061342,34.94639380061342,100.0
690,0,21.613867594478688,21.613867594478688,100.0
690,1,32.26293444988399,32.26293444988399,100.0
690,2,46.123197955637316,46.123197955637316,100.0
700,0,40.54225294864337,40.54225294864337,100.0
700,1,33.98392669804659,33.98392669804659,100.0
700,2,25.47382035331004,25.47382035331004,100.0
710,0,28.825332177483315,28.825332177483315,100.0
710,1,47.55660378005316,47.55660378005316,100.0
710,2,23.618064042463526,23.618064042463526,100.0
720,0,35.13822621137391,35.13822621137391,100.0
720,1,41.71910506285019,41.71910506285019,100.0
720,2,23.14266872577589,23.14266872577589,100.0
730,0,28.21467227204354,28.21467227204354,100.0
730,1,52.501322767724076,52.501322767724076,100.0
730,2,19.28400496023238,19.28400496023238,100.0
740,0,44.63560412431716,44.63560412431716,100.0
740,1,32.733600746232725,32.733600746232725,100.0
740,2,22.630795129450103,22.630795129450103,100.0
750,0,22.09212045076172,22.09212045076172,100.0
750,1,41.807292922560244,41.807292922560244,100.0
750,2,36.10058662667804,36.10058662667804,100.0
760,0,33.90003380287485,33.90003380287485,100.0
760,1,38.40659397133857,38.40659397133857,100.0
760,2,27.69337222578657,27.69337222578657,100.0
770,0,29.60709962733664,29.60709962733664,100.0
770,1,41.71765899168174,41.71765899168174,100.0
770,2,28.67524138098162,28.67524138098162,100.0
780,0,36.9230820093923,36.9230820093923,100.0
780,1,41.489096671184434,41.489096671184434,100.0
780,2,21.587821319423256,21.587821319423256,100.0
790,0,35.249480332203454,35.249480332203454,100.0
790,1,42.77351551338153,42.77351551338153,100.0
790,2,21.97700415441502,21.97700415441502,100.0
800,0,31.193785740591494,31.193785740591494,100.0
800,1,41.96883226346062,41.96883226346062,100.0
800,2,26.83738199594789,26.83738199594789,100.0
810,0,40.40148549453768,40.40148549453768,100.0
810,1,29.344287475235088,29.344287475235088,100.0
810,2,30.25422703022724,30.25422703022724,100.0
820,0,24.120831823630347,24.120831823630347,100.0
820,1,44.26393675920763,44.26393675920763,100.0
820,2,31.615231417162025,31.615231417162025,100.0
830,0,32.14368432737382,32.14368432737382,100.0
830,1,41.88947511951753,41.88947511951753,100.0
830,2,25.966840553108657,25.966840553108657,100.0
840,0,30.81549177695232,30.81549177695232,100.0
840,1,32.60811130789366,32.60811130789366,100.0
840,2,36.576396915154014,36.576396915154014,100.0
850,0,23.13462574594642,23.13462574594642,100.0
850,1,30.992363626468624,30.992363626468624,100.0
850,2,45.873010627584954,45.873010627584954,100.0
860,0,33.172866988323285,33.172866988323285,100.0
860,1,36.73872198042146,36.73872198042146,100.0
860,2,30.08841103125525,30.08841103125525,100.0
870,0,36.052111002970726,36.052111002970726,100.0
870,1,32.84341413597188,32.84341413597188,100.0
870,2,31.1044748610574,31.1044748610574,100.0
880,0,42.278187994453255,42.278187994453255,100.0
880,1,26.437910375726247,26.437910375726247,100.0
880,2,31.283901629820498,31.283901629820498,100.0
890,0,24.665836686506605,24.665836686506605,100.0
890,1,48.560227586410655,48.560227586410655,100.0
890,2,26.773935727082748,26.773935727082748,100.0
900,0,25.895773070629772,25.895773070629772,100.0
900,1,49.98182820384485,49.98182820384485,100.0
900,2,24.12239872552538,24.12239872552538,100.0
910,0,32.96251231772969,32.96251231772969,100.0
910,1,32.22227786495468,32.22227786495468,100.0
910,2,34.81520981731564,34.81520981731564,100.0
920,0,38.80935084828719,38.80935084828719,100.0
920,1,29.642138721265788,29.642138721265788,100.0
920,2,31.548510430447024,31.548510430447024,100.0
930,0,23.12170996221239,23.12170996221239,100.0
930,1,54.8813174267355,54.8813174267355,100.0
930,2,21.99697261105211,21.99697261105211,100.0
940,0,30.721397995272504,30.721397995272504,100.0
940,1,35.73843538242059,35.73843538242059,100.0
940,2,33.540166622306906,33.540166622306906,100.0
950,0,24.326085430099596,24.326085430099596,100.0
950,1,54.357727907513144,54.357727907513144,100.0
950,2,21.31618666238726,21.31618666238726,100.0
960,0,51.01667140309951,51.01667140309951,100.0
960,1,25.55454722753925,25.55454722753925,100.0
960,2,23.428781369361236,23.428781369361236,100.0
970,0,35.66710938760881,35.66710938760881,100.0
970,1,35.01961448546165,35.01961448546165,100.0
970,2,29.313276126929534,29.313276126929534,100.0
980,0,41.88862602695801,41.88862602695801,100.0
980,1,37.09132951709908,37.09132951709908,100.0
980,2,21.020044455942916,21.020044455942916,100.0
990,0,51.368240414876674,51.368240414876674,100.0
990,1,27.1836055888355,27.1836055888355,100.0
990,2,21.448153996287818,21.448153996287818,100.0
1000,0,38.34278476591551,38.34278476591551,100.0
1000,1,38.26161600421848,38.26161600421848,100.0
1000,2,23.39559922986602,23.39559922986602,100.0
1010,0,21.88215629408379,21.88215629408379,100.0
1010,1,32.98964485878669,32.98964485878669,100.0
1010,2,45.128198847129525,45.128198847129525,100.0
1020,0,21.334592391067176,21.334592391067176,100.0
1020,1,50.482106553395155,50.482106553395155,100.0
1020,2,28.18330105553767,28.18330105553767,100.0
1030,0,25.21403755842455,25.21403755842455,100.0
1030,1,36.06279217304549,36.06279217304549,100.0
1030,2,38.72317026852996,38.72317026852996,100.0
1040,0,44.380158493606935,44.380158493606935,100.0
1040,1,31.086945262726857,31.086945262726857,100.0
1040,2,24.532896243666215,24.532896243666215,100.0
1050,0,22.18859440503963,22.18859440503963,100.0
1050,1,45.45967736144445,45.45967736144445,100.0
1050,2,32.35172823351592,32.35172823351592,100.0
1060,0,23.65749690782272,23.65749690782272,100.0
1060,1,36.97166145688904,36.97166145688904,100.0
1060,2,39.370841635288244,39.370841635288244,100.0
1070,0,39.57479502901561,39.57479502901561,100.0
1070,1,38.99446759810291,38.99446759810291,100.0
1070,2,21.43073737288149,21.43073737288149,100.0
1080,0,28.762182004117463,28.762182004117463,100.0
1080,1,37.36288908256992,37.36288908256992,100.0
1080,2,33.87492891331261,33.87492891331261,100.0
1090,0,21.73279931376899,21.73279931376899,100.0
1090,1,47.77126261590805,47.77126261590805,100.0
1090,2,30.495938070322957,30.495938070322957,100.0
1100,0,22.848548131979737,22.848548131979737,100.0
1100,1,37.97792481061032,37.97792481061032,100.0
1100,2,39.17352705740994,39.17352705740994,100.0
1110,0,26.255462952000663,26.255462952000663,100.0
1110,1,35.20693126839545,35.20693126839545,100.0
1110,2,38.537605779603886,38.537605779603886,100.0
1120,0,32.624752268829276,32.624752268829276,100.0
1120,1,34.11192852563126,34.11192852563126,100.0
1120,2,33.26331920553947,33.26331920553947,100.0
1130,0,40.12144135621169,40.12144135621169,100.0
1130,1,24.67369184965768,24.67369184965768,100.0
1130,2,35.20486679413064,35.20486679413064,100.0
1140,0,25.425254293833977,25.425254293833977,100.0
1140,1,47.55064195950772,47.55064195950772,100.0
1140,2,27.0241037466583,27.0241037466583,100.0
1150,0,33.32310280311747,33.32310280311747,100.0
1150,1,46.110889025183454,46.110889025183454,100.0
1150,2,20.56600817169907,20.56600817169907,100.0
1160,0,24.83190174864098,24.83190174864098,100.0
1160,1,26.88492040870269,26.88492040870269,100.0
1160,2,48.283177842656336,48.283177842656336,100.0
1170,0,38.73480921468545,38.73480921468545,100.0
1170,1,32.75842019133575,32.75842019133575,100.0
1170,2,28.506770593978803,28.506770593978803,100.0
1180,0,39.253765289195776,39.253765289195776,100.0
1180,1,27.090515505238315,27.090515505238315,100.0
1180,2,33.655719205565916,33.655719205565916,100.0
1190,0,31.42294592339233,31.42294592339233,100.0
1190,1,49.74359198493349,49.74359198493349,100.0
1190,2,18.83346209167418,18.83346209167418,100.0
1200,0,25.793793732113677,25.793793732113677,100.0
1200,1,41.571159096906804,41.571159096906804,100.0
1200,2,32.63504717097952,32.63504717097952,100.0
1210,0,32.19483344036894,32.19483344036894,100.0
1210,1,45.584233421486445,45.584233421486445,100.0
1210,2,22.220933138144616,22.220933138144616,100.0
1220,0,23.889726340649307,23.889726340649307,100.0
1220,1,29.223379169294944,29.223379169294944,100.0
1220,2,46.88689449005576,46.88689449005576,100.0
1230,0,23.40025193653962,23.40025193653962,100.0
1230,1,53.22754474786222,53.22754474786222,100.0
1230,2,23.372203315598156,23.372203315598156,100.0
1240,0,33.16312507535157,33.16312507535157,100.0
1240,1,34.711779043898204,34.711779043898204,100.0
1240,2,32.12509588075022,32.12509588075022,100.0
1250,0,42.086272900075,42.086272900075,100.0
1250,1,31.842787006542807,31.842787006542807,100.0
1250,2,26.070940093382188,26.070940093382188,100.0
1260,0,26.942176119604884,26.942176119604884,100.0
1260,1,44.91340786680937,44.91340786680937,100.0
1260,2,28.144416013585744,28.144416013585744,100.0
1270,0,32.028723486689955,32.028723486689955,100.0
1270,1,39.860716092541075,39.860716092541075,100.0
1270,2,28.11056042076896,28.11056042076896,100.0
1280,0,30.901610006959302,30.901610006959302,100.0
1280,1,30.381365233059874,30.381365233059874,100.0
1280,2,38.71702475998082,38.71702475998082,100.0
1290,0,27.74043041714486,27.74043041714486,100.0
1290,1,33.17089234204622,33.17089234204622,100.0
1290,2,39.08867724080891,39.08867724080891,100.0
1300,0,43.900470543199944,43.900470543199944,100.0
1300,1,28.30181932136654,28.30181932136654,100.0
1300,2,27.79771013543353,27.79771013543353,100.0
1310,0,25.13944321326842,25.13944321326842,100.0
1310,1,29.57671439158608,29.57671439158608,100.0
1310,2,45.2838423951455,45.2838423951455,100.0
1320,0,24.248646654327295,24.248646654327295,100.0
1320,1,33.52951370439716,33.52951370439716,100.0
1320,2,42.22183964127555,42.22183964127555,100.0
1330,0,41.83047289047672,41.83047289047672,100.0
1330,1,37.75784770726592,37.75784770726592,100.0
1330,2,20.411679402257366,20.411679402257366,100.0
1340,0,24.902540522441946,24.902540522441946,100.0
1340,1,50.01359967747761,50.01359967747761,100.0
1340,2,25.08385980008046,25.08385980008046,100.0
1350,0,42.323914928173444,42.323914928173444,100.0
1350,1,34.21811901883023,34.21811901883023,100.0
1350,2,23.457966052996337,23.457966052996337,100.0
1360,0,34.091490708797735,34.091490708797735,100.0
1360,1,37.32518176041969,37.32518176041969,100.0
1360,2,28.583327530782576,28.583327530782576,100.0
1370,0,22.25834882182024,22.25834882182024,100.0
1370,1,52.91307191086657,52.91307191086657,100.0
1370,2,24.828579267313202,24.828579267313202,100.0
1380,0,45.14696471974465,45.14696471974465,100.0
1380,1,36.805412902233314,36.805412902233314,100.0
1380,2,18.047622378022034,18.047622378022034,100.0
1390,0,28.48218776294482,28.48218776294482,100.0
1390,1,41.433659871413795,41.433659871413795,100.0
1390,2,30.084152365641394,30.084152365641394,100.0
1400,0,25.401615303632486,25.401615303632486,100.0
1400,1,52.392766358844966,52.392766358844966,100.0
1400,2,22.205618337522562,22.205618337522562,100.0
1410,0,23.970902875166136,23.970902875166136,100.0
1410,1,42.97600573329641,42.97600573329641,100.0
1410,2,33.05309139153746,33.05309139153746,100.0
1420,0,34.950908056132256,34.950908056132256,100.0
1420,1,43.137568938514924,43.137568938514924,100.0
1420,2,21.91152300535282,21.91152300535282,100.0
1430,0,25.099167507803386,25.099167507803386,100.0
1430,1,54.44936544644645,54.44936544644645,100.0
1430,2,20.451467045750167,20.451467045750167,100.0
1440,0,31.390986883659654,31.390986883659654,100.0
1440,1,38.96877106517193,38.96877106517193,100.0
1440,2,29.64024205116842,29.64024205116842,100.0
1450,0,42.535371344974024,42.535371344974024,100.0
1450,1,25.670375505826286,25.670375505826286,100.0
1450,2,31.794253149199687,31.794253149199687,100.0
1460,0,21.293008017792925,21.293008017792925,100.0
1460,1,42.364440880132356,42.364440880132356,100.0
1460,2,36.34255110207472,36.34255110207472,100.0
1470,0,43.13409377810731,43.13409377810731,100.0
1470,1,30.985776746841196,30.985776746841196,100.0
1470,2,25.880129475051493,25.880129475051493,100.0
1480,0,29.741803756358266,29.741803756358266,100.0
1480,1,35.108863294215865,35.108863294215865,100.0
1480,2,35.14933294942587,35.14933294942587,100.0
1490,0,33.02801896751944,33.02801896751944,100.0
1490,1,40.16845665767953,40.16845665767953,100.0
1490,2,26.803524374801025,26.803524374801025,100.0
1500,0,36.44859358269479,36.44859358269479,100.0
1500,1,33.472797867705765,33.472797867705765,100.0
1500,2,30.078608549599455,30.078608549599455,100.0
