510,0,25.065913839387534,25.065913839387534,100.0
510,1,35.54536499367353,35.54536499367353,100.0
510,2,39.38872116693893,39.38872116693893,100.0
520,0,34.32002314076509,34.32002314076509,100.0
520,1,40.08823545146456,40.08823545146456,100.0
520,2,25.591741407770346,25.591741407770346,100.0
530,0,47.57606921488019,47.57606921488019,100.0
530,1,33.98424054919161,33.98424054919161,100.0
530,2,18.439690235928204,18.439690235928204,100.0
540,0,33.273903942883756,33.273903942883756,100.0
540,1,28.46005319205792,28.46005319205792,100.0
540,2,38.266042865058324,38.266042865058324,100.0
550,0,29.160464830498817,29.160464830498817,100.0
550,1,50.720023401761196,50.720023401761196,100.0
550,2,20.11951176773999,20.11951176773999,100.0
560,0,42.36424262337853,42.36424262337853,100.0
560,1,29.74263777935625,29.74263777935625,100.0
560,2,27.893119597265216,27.893119597265216,100.0
570,0,36.87596740937625,36.87596740937625,100.0
570,1,26.273703715325748,26.273703715325748,100.0
570,2,36.850328875298,36.850328875298,100.0
580,0,21.600216363292386,21.600216363292386,100.0
580,1,43.56266613930726,43.56266613930726,100.0
580,2,34.83711749740035,34.83711749740035,100.0
590,0,41.727670595108826,41.727670595108826,100.0
590,1,35.596090235099766,35.596090235099766,100.0
590,2,22.67623916979141,22.67623916979141,100.0
600,0,36.76271195910801,36.76271195910801,100.0
600,1,43.155348807824694,43.155348807824694,100.0
600,2,20.081939233067303,20.081939233067303,100.0
610,0,22.446844129676766,22.446844129676766,100.0
610,1,53.50435149917681,53.50435149917681,100.0
610,2,24.048804371146414,24.048804371146414,100.0
620,0,51.53560020349486,51.53560020349486,100.0
620,1,26.545333746005635,26.545333746005635,100.0
620,2,21.919066050499517,21.919066050499517,100.0
630,0,45.61851291233939,45.61851291233939,100.0
630,1,27.081805007388414,27.081805007388414,100.0
630,2,27.299682080272202,27.299682080272202,100.0
640,0,30.627402707215,30.627402707215,100.0
640,1,42.73497687426789,42.73497687426789,100.0
640,2,26.63762041851711,26.63762041851711,100.0
650,0,25.049882461582374,25.049882461582374,100.0
650,1,34.392652973715,34.392652973715,100.0
650,2,40.55746456470263,40.55746456470263,100.0
660,0,30.89223732969577,30.89223732969577,100.0
660,1,45.88577675063236,45.88577675063236,100.0
660,2,23.221985919671877,23.221985919671877,100.0
670,0,40.38003529479705,40.38003529479705,100.0
670,1,39.52125834420479,39.52125834420479,100.0
670,2,20.098706360998158,20.098706360998158,100.0
680,0,42.69148170999058,42.69148170999058,100.0
680,1,39.88827523699581,39.88827523699581,100.0
680,2,17.4202430530136,17.4202430530136,100.0
690,0,40.8330681417435,40.8330681417435,100.0
690,1,37.54245822111466,37.54245822111466,100.0
690,2,21.624473637141843,21.624473637141843,100.0
700,0,41.20554660012546,41.20554660012546,100.0
700,1,35.86930863013899,35.86930863013899,100.0
700,2,22.925144769735546,22.925144769735546,100.0
710,0,24.637172967281128,24.637172967281128,100.0
710,1,44.24421727779036,44.24421727779036,100.0
710,2,31.118609754928517,31.118609754928517,100.0
720,0,22.68706835032597,22.68706835032597,100.0
720,1,39.81309509981733,39.81309509981733,100.0
720,2,37.499836549856695,37.499836549856695,100.0
730,0,42.94666792649984,42.94666792649984,100.0
730,1,29.155743654593913,29.155743654593913,100.0
730,2,27.897588418906256,27.897588418906256,100.0
740,0,36.25408205872503,36.25408205872503,100.0
740,1,26.284615565211244,26.284615565211244,100.0
740,2,37.46130237606373,37.46130237606373,100.0
750,0,31.331227779746307,31.331227779746307,100.0
750,1,31.96717738587512,31.96717738587512,100.0
750,2,36.70159483437857,36.70159483437857,100.0
760,0,26.75109908052579,26.75109908052579,100.0
760,1,45.241263400241266,45.241263400241266,100.0
760,2,28.007637519232944,28.007637519232944,100.0
770,0,28.33071743554233,28.33071743554233,100.0
770,1,50.494232912179406,50.494232912179406,100.0
770,2,21.17504965227826,21.17504965227826,100.0
780,0,45.864070237878195,45.864070237878195,100.0
780,1,29.58963735145348,29.58963735145348,100.0
780,2,24.54629241066833,24.54629241066833,100.0
790,0,48.185300939615935,48.185300939615935,100.0
790,1,27.805496535177593,27.805496535177593,100.0
790,2,24.009202525206476,24.009202525206476,100.0
800,0,34.24971293440936,34.24971293440936,100.0
800,1,33.7932928221753,33.7932928221753,100.0
800,2,31.956994243415338,31.956994243415338,100.0
810,0,43.518668460723056,43.518668460723056,100.0
810,1,32.365335339154996,32.365335339154996,100.0
810,2,24.11599620012195,24.11599620012195,100.0
820,0,39.73562268755083,39.73562268755083,100.0
820,1,33.39044844112565,33.39044844112565,100.0
820,2,26.87392887132353,26.87392887132353,100.0
830,0,43.757992503037755,43.757992503037755,100.0
830,1,30.694869523051555,30.694869523051555,100.0
830,2,25.547137973910683,25.547137973910683,100.0
840,0,27.087349002250676,27.087349002250676,100.0
840,1,51.940677749227405,51.940677749227405,100.0
840,2,20.97197324852192,20.97197324852192,100.0
850,0,31.938596210011095,31.938596210011095,100.0
850,1,30.85894705707961,30.85894705707961,100.0
850,2,37.2024567329093,37.2024567329093,100.0
860,0,24.141826396097823,24.141826396097823,100.0
860,1,40.34935053551552,40.34935053551552,100.0
860,2,35.508823068386654,35.508823068386654,100.0
870,0,39.72450977969847,39.72450977969847,100.0
870,1,33.142516405429205,33.142516405429205,100.0
870,2,27.13297381487231,27.13297381487231,100.0
880,0,23.56291099775682,23.56291099775682,100.0
880,1,37.25091798118737,37.25091798118737,100.0
880,2,39.18617102105581,39.18617102105581,100.0
890,0,44.61983846227858,44.61983846227858,100.0
890,1,31.60398872750609,31.60398872750609,100.0
890,2,23.776172810215336,23.776172810215336,100.0
900,0,48.34560554780995,48.34560554780995,100.0
900,1,30.09112652475123,30.09112652475123,100.0
900,2,21.563267927438808,21.563267927438808,100.0
910,0,24.493330917873713,24.493330917873713,100.0
910,1,55.42689160407779,55.42689160407779,100.0
910,2,20.079777478048495,20.079777478048495,100.0
920,0,38.14637586510569,38.14637586510569,100.0
920,1,35.677965753787944,35.677965753787944,100.0
920,2,26.17565838110636,26.17565838110636,100.0
930,0,30.91123900900608,30.91123900900608,100.0
930,1,40.10098774339463,40.10098774339463,100.0
930,2,28.987773247599293,28.987773247599293,100.0
940,0,21.88061299972854,21.88061299972854,100.0
940,1,38.319446863861835,38.319446863861835,100.0
940,2,39.79994013640963,39.79994013640963,100.0
950,0,23.93344872048846,23.93344872048846,100.0
950,1,32.61750752856276,32.61750752856276,100.0
950,2,43.449043750948775,43.449043750948775,100.0
960,0,35.390579924745694,35.390579924745694,100.0
960,1,27.27978757154354,27.27978757154354,100.0
960,2,37.329632503710776,37.329632503710776,100.0
970,0,39.042712052395814,39.042712052395814,100.0
970,1,29.627361384297302,29.627361384297302,100.0
970,2,31.329926563306888,31.329926563306888,100.0
980,0,36.80704960648799,36.80704960648799,100.0
980,1,32.372189019122146,32.372189019122146,100.0
980,2,30.82076137438986,30.82076137438986,100.0
990,0,33.33237647029868,33.33237647029868,100.0
990,1,43.41889763849601,43.41889763849601,100.0
990,2,23.248725891205314,23.248725891205314,100.0
1000,0,43.34787572167868,43.34787572167868,100.0
1000,1,25.096540065126028,25.096540065126028,100.0
1000,2,31.55558421319529,31.55558421319529,100.0
1010,0,25.211738244529425,25.211738244529425,100.0
1010,1,29.90747112411191,29.90747112411191,100.0
1010,2,44.880790631358664,44.880790631358664,100.0
1020,0,33.371060423172004,33.371060423172004,100.0
1020,1,39.02353237697724,39.02353237697724,100.0
1020,2,27.605407199850745,27.605407199850745,100.0
1030,0,37.00270225603283,37.00270225603283,100.0
1030,1,31.935492426821277,31.935492426821277,100.0
1030,2,31.06180531714589,31.06180531714589,100.0
1040,0,42.67520885785999,42.67520885785999,100.0
1040,1,30.240881711672014,30.240881711672014,100.0
1040,2,27.083909430468005,27.083909430468005,100.0
1050,0,40.08446834086175,40.08446834086175,100.0
1050,1,40.723309525356,40.723309525356,100.0
1050,2,19.192222133782256,19.192222133782256,100.0
1060,0,26.35356014566559,26.35356014566559,100.0
1060,1,40.51615168156494,40.51615168156494,100.0
1060,2,33.13028817276946,33.13028817276946,100.0
1070,0,35.31038637987292,35.31038637987292,100.0
1070,1,25.554996940483253,25.554996940483253,100.0
1070,2,39.13461667964383,39.13461667964383,100.0
1080,0,35.7736809428173,35.7736809428173,100.0
1080,1,25.073334169424317,25.073334169424317,100.0
1080,2,39.152984887758386,39.152984887758386,100.0
1090,0,35.516319240033965,35.516319240033965,100.0
1090,1,36.18515494431617,36.18515494431617,100.0
1090,2,28.298525815649867,28.298525815649867,100.0
1100,0,43.24043412516904,43.24043412516904,100.0
1100,1,30.815768260021315,30.815768260021315,100.0
1100,2,25.94379761480965,25.94379761480965,100.0
1110,0,47.19841453043672,47.19841453043672,100.0
1110,1,28.460826303036768,28.460826303036768,100.0
1110,2,24.34075916652651,24.34075916652651,100.0
1120,0,30.160212638525056,30.160212638525056,100.0
1120,1,49.35253890531885,49.35253890531885,100.0
1120,2,20.48724845615609,20.48724845615609,100.0
1130,0,27.552968151291356,27.552968151291356,100.0
1130,1,30.50457236603824,30.50457236603824,100.0
1130,2,41.9424594826704,41.9424594826704,100.0
1140,0,22.668701072985677,22.668701072985677,100.0
1140,1,47.28344471168013,47.28344471168013,100.0
1140,2,30.04785421533419,30.04785421533419,100.0
1150,0,29.793056899081417,29.793056899081417,100.0
1150,1,41.09590654740091,41.09590654740091,100.0
1150,2,29.11103655351768,29.11103655351768,100.0
1160,0,24.648861248170952,24.648861248170952,100.0
1160,1,51.92023545941949,51.92023545941949,100.0
1160,2,23.43090329240956,23.43090329240956,100.0
1170,0,26.950296922651244,26.950296922651244,100.0
1170,1,27.32891184753228,27.32891184753228,100.0
1170,2,45.720791229816484,45.720791229816484,100.0
1180,0,39.06934250099858,39.06934250099858,100.0
1180,1,42.72850321344851,42.72850321344851,100.0
1180,2,18.202154285552915,18.202154285552915,100.0
1190,0,46.22001878487534,46.22001878487534,100.0
1190,1,34.32687009229867,34.32687009229867,100.0
1190,2,19.453111122825984,19.453111122825984,100.0
1200,0,34.69227899233528,34.69227899233528,100.0
1200,1,41.510439699007804,41.510439699007804,100.0
1200,2,23.79728130865691,23.79728130865691,100.0
1210,0,48.76152483757746,48.76152483757746,100.0
1210,1,26.111948342630342,26.111948342630342,100.0
1210,2,25.126526819792193,25.126526819792193,100.0
1220,0,35.371678712699705,35.371678712699705,100.0
1220,1,28.154814175288056,28.154814175288056,100.0
1220,2,36.473507112012236,36.473507112012236,100.0
1230,0,49.761538671807514,49.761538671807514,100.0
1230,1,27.666577555370857,27.666577555370857,100.0
1230,2,22.57188377282163,22.57188377282163,100.0
1240,0,50.55789140967373,50.55789140967373,100.0
1240,1,28.835387817222625,28.835387817222625,100.0
1240,2,20.60672077310366,20.60672077310366,100.0
1250,0,21.47286630872111,21.47286630872111,100.0
1250,1,41.45384221761864,41.45384221761864,100.0
1250,2,37.073291473660255,37.073291473660255,100.0
1260,0,32.817517794282345,32.817517794282345,100.0
1260,1,30.025722860541077,30.025722860541077,100.0
1260,2,37.156759345176575,37.156759345176575,100.0
1270,0,38.718347026036305,38.718347026036305,100.0
1270,1,33.693540690164625,33.693540690164625,100.0
1270,2,27.58811228379907,27.58811228379907,100.0
1280,0,34.901456229229744,34.901456229229744,100.0
1280,1,35.06603497841171,35.06603497841171,100.0
1280,2,30.03250879235855,30.03250879235855,100.0
1290,0,37.80032966249468,37.80032966249468,100.0
1290,1,32.416610256173655,32.416610256173655,100.0
1290,2,29.783060081331662,29.783060081331662,100.0
1300,0,28.755855003661267,28.755855003661267,100.0
1300,1,42.819900308761035,42.819900308761035,100.0
1300,2,28.424244687577687,28.424244687577687,100.0
1310,0,38.16914675766158,38.16914675766158,100.0
1310,1,28.50315156119078,28.50315156119078,100.0
1310,2,33.327701681147644,33.327701681147644,100.0
1320,0,36.849856632723004,36.849856632723004,100.0
1320,1,32.8939229438151,32.8939229438151,100.0
1320,2,30.256220423461897,30.256220423461897,100.0
1330,0,31.66058141534621,31.66058141534621,100.0
1330,1,26.737788360748816,26.737788360748816,100.0
1330,2,41.601630223904976,41.601630223904976,100.0
1340,0,28.147985069569682,28.147985069569682,100.0
1340,1,30.076463159624765,30.076463159624765,100.0
1340,2,41.77555177080555,41.77555177080555,100.0
1350,0,28.56165895411117,28.56165895411117,100.0
1350,1,43.980437382894344,43.980437382894344,100.0
1350,2,27.457903662994486,27.457903662994486,100.0
1360,0,37.31630070364581,37.31630070364581,100.0
1360,1,32.941215517394234,32.941215517394234,100.0
1360,2,29.74248377895996,29.74248377895996,100.0
1370,0,30.360351484136274,30.360351484136274,100.0
1370,1,50.70459634309553,50.70459634309553,100.0
1370,2,18.935052172768195,18.935052172768195,100.0
1380,0,29.63973364743729,29.63973364743729,100.0
1380,1,41.80522333541504,41.80522333541504,100.0
1380,2,28.55504301714768,28.55504301714768,100.0
1390,0,45.06785511494278,45.06785511494278,100.0
1390,1,27.415033890031914,27.415033890031914,100.0
1390,2,27.517110995025313,27.517110995025313,100.0
1400,0,26.835303176638398,26.835303176638398,100.0
1400,1,28.969887852127208,28.969887852127208,100.0
1400,2,44.194808971234394,44.194808971234394,100.0
1410,0,27.252994009738764,27.252994009738764,100.0
1410,1,47.66121975037139,47.66121975037139,100.0
1410,2,25.085786239889853,25.085786239889853,100.0
1420,0,42.970430683823686,42.970430683823686,100.0
1420,1,30.94956325901071,30.94956325901071,100.0
1420,2,26.080006057165605,26.080006057165605,100.0
1430,0,26.813593932306603,26.813593932306603,100.0
1430,1,26.133641489384747,26.133641489384747,100.0
1430,2,47.052764578308654,47.052764578308654,100.0
1440,0,39.01724498996239,39.01724498996239,100.0
1440,1,40.27095534472082,40.27095534472082,100.0
1440,2,20.711799665316796,20.711799665316796,100.0
1450,0,30.280923155503103,30.280923155503103,100.0
1450,1,27.0025004909829,27.0025004909829,100.0
1450,2,42.71657635351399,42.71657635351399,100.0
1460,0,36.26409772714921,36.26409772714921,100.0
1460,1,28.113651210889994,28.113651210889994,100.0
1460,2,35.622251061960796,35.622251061960796,100.0
1470,0,30.886729489411636,30.886729489411636,100.0
1470,1,43.74776612176824,43.74776612176824,100.0
1470,2,25.365504388820128,25.365504388820128,100.0
1480,0,26.337038401666163,26.337038401666163,100.0
1480,1,30.89476989022739,30.89476989022739,100.0
1480,2,42.76819170810645,42.76819170810645,100.0
1490,0,41.28157178214745,41.28157178214745,100.0
1490,1,32.90650375614065,32.90650375614065,100.0
1490,2,25.8119244617119,25.8119244617119,100.0
1500,0,35.05978854409316,35.05978854409316,100.0
1500,1,33.276823791603746,33.276823791603746,100.0
1500,2,31.663387664303087,31.663387664303087,100.0
1510,0,42.12076435787719,42.12076435787719,100.0
1510,1,30.848162742911306,30.848162742911306,100.0
1510,2,27.031072899211512,27.031072899211512,100.0
1520,0,38.52650386638299,38.52650386638299,100.0
1520,1,39.90753020399236,39.90753020399236,100.0
1520,2,21.565965929624653,21.565965929624653,100.0
1530,0,24.227756073661723,24.227756073661723,100.0
1530,1,28.37688111049096,28.37688111049096,100.0
1530,2,47.39536281584732,47.39536281584732,100.0
1540,0,36.924568828223556,36.924568828223556,100.0
1540,1,32.87010129856299,32.87010129856299,100.0
1540,2,30.205329873213444,30.205329873213444,100.0
1550,0,28.213314692375825,28.213314692375825,100.0
1550,1,25.700187771581813,25.700187771581813,100.0
1550,2,46.08649753604237,46.08649753604237,100.0
1560,0,29.2936210752244,29.2936210752244,100.0
1560,1,37.20965027340518,37.20965027340518,100.0
1560,2,33.496728651370425,33.496728651370425,100.0
1570,0,37.70108178986151,37.70108178986151,100.0
1570,1,41.741977207744526,41.741977207744526,100.0
1570,2,20.556941002393962,20.556941002393962,100.0
1580,0,34.463494370523925,34.463494370523925,100.0
1580,1,39.03231584565094,39.03231584565094,100.0
1580,2,26.50418978382514,26.50418978382514,100.0
1590,0,35.784982631210696,35.784982631210696,100.0
1590,1,25.02757597871087,25.02757597871087,100.0
1590,2,39.18744139007843,39.18744139007843,100.0
1600,0,47.3806272666491,47.3806272666491,100.0
1600,1,31.087033558461822,31.087033558461822,100.0
1600,2,21.532339174889085,21.532339174889085,100.0
1610,0,38.75726081699716,38.75726081699716,100.0
1610,1,39.28409558037523,39.28409558037523,100.0
1610,2,21.958643602627614,21.958643602627614,100.0
1620,0,34.70857198377464,34.70857198377464,100.0
1620,1,36.43369205997045,36.43369205997045,100.0
1620,2,28.857735956254913,28.857735956254913,100.0
1630,0,31.535062844697947,31.535062844697947,100.0
1630,1,26.80518413258398,26.80518413258398,100.0
1630,2,41.659753022718064,41.659753022718064,100.0
1640,0,47.92171378001049,47.92171378001049,100.0
1640,1,27.254883412510527,27.254883412510527,100.0
1640,2,24.823402807478985,24.823402807478985,100.0
1650,0,22.978881355735336,22.978881355735336,100.0
1650,1,42.354753711410034,42.354753711410034,100.0
1650,2,34.666364932854634,34.666364932854634,100.0
1660,0,22.620734897874343,22.620734897874343,100.0
1660,1,47.37708376806807,47.37708376806807,100.0
1660,2,30.00218133405759,30.00218133405759,100.0
1670,0,39.10917023170475,39.10917023170475,100.0
1670,1,26.028738680593534,26.028738680593534,100.0
1670,2,34.86209108770171,34.86209108770171,100.0
1680,0,28.910907637716665,28.910907637716665,100.0
1680,1,30.987409242112275,30.987409242112275,100.0
1680,2,40.10168312017106,40.10168312017106,100.0
1690,0,40.73637645026456,40.73637645026456,100.0
1690,1,37.163794297911075,37.163794297911075,100.0
1690,2,22.099829251824367,22.099829251824367,100.0
1700,0,49.010720314295824,49.010720314295824,100.0
1700,1,27.336211028712377,27.336211028712377,100.0
1700,2,23.653068656991795,23.653068656991795,100.0
1710,0,30.96062149099337,30.96062149099337,100.0
1710,1,33.637194196974505,33.637194196974505,100.0
1710,2,35.40218431203213,35.40218431203213,100.0
1720,0,27.781891327403507,27.781891327403507,100.0
1720,1,50.6255286787703,50.6255286787703,100.0
1720,2,21.592579993826188,21.592579993826188,100.0
1730,0,25.290111323186466,25.290111323186466,100.0
1730,1,39.51541193383284,39.51541193383284,100.0
1730,2,35.194476742980704,35.194476742980704,100.0
1740,0,40.14573009411261,40.14573009411261,100.0
1740,1,25.319158990694152,25.319158990694152,100.0
1740,2,34.535110915193236,34.535110915193236,100.0
1750,0,36.27151064504943,36.27151064504943,100.0
1750,1,43.779711975112804,43.779711975112804,100.0
1750,2,19.948777379837768,19.948777379837768,100.0
1760,0,28.06626605184422,28.06626605184422,100.0
1760,1,41.095238731817076,41.095238731817076,100.0
1760,2,30.8384952163387,30.8384952163387,100.0
1770,0,28.70441190006182,28.70441190006182,100.0
1770,1,35.99477242595597,35.99477242595597,100.0
1770,2,35.300815673982214,35.300815673982214,100.0
1780,0,28.510552569845228,28.510552569845228,100.0
1780,1,44.32474612111109,44.32474612111109,100.0
1780,2,27.164701309043686,27.164701309043686,100.0
1790,0,25.319280130960248,25.319280130960248,100.0
1790,1,44.54545820374989,44.54545820374989,100.0
1790,2,30.135261665289864,30.135261665289864,100.0
1800,0,35.17079343278019,35.17079343278019,100.0
1800,1,41.42128620584896,41.42128620584896,100.0
1800,2,23.40792036137085,23.40792036137085,100.0
1810,0,48.270782048699814,48.270782048699814,100.0
1810,1,29.307194489836615,29.307194489836615,100.0
1810,2,22.422023461463574,22.422023461463574,100.0
1820,0,41.16706457543091,41.16706457543091,100.0
1820,1,24.168605154775662,24.168605154775662,100.0
1820,2,34.66433026979344,34.66433026979344,100.0
1830,0,23.129369486070715,23.129369486070715,100.0
1830,1,45.207588509364115,45.207588509364115,100.0
1830,2,31.663042004565167,31.663042004565167,100.0
1840,0,43.58048319708432,43.58048319708432,100.0
1840,1,36.928801946351776,36.928801946351776,100.0
1840,2,19.4907148565639,19.4907148565639,100.0
1850,0,34.02831421541068,34.02831421541068,100.0
1850,1,32.53017492281762,32.53017492281762,100.0
1850,2,33.4415108617717,33.4415108617717,100.0
1860,0,49.437894330941276,49.437894330941276,100.0
1860,1,28.60591194875005,28.60591194875005,100.0
1860,2,21.956193720308683,21.956193720308683,100.0
1870,0,39.77468682179032,39.77468682179032,100.0
1870,1,33.617831885172464,33.617831885172464,100.0
1870,2,26.607481293037228,26.607481293037228,100.0
1880,0,39.60772491788857,39.60772491788857,100.0
1880,1,40.75539273600934,40.75539273600934,100.0
1880,2,19.636882346102087,19.636882346102087,100.0
1890,0,44.31297601873079,44.31297601873079,100.0
1890,1,33.07674846508139,33.07674846508139,100.0
1890,2,22.610275516187826,22.610275516187826,100.0
1900,0,29.389350201365268,29.389350201365268,100.0
1900,1,36.21429258366887,36.21429258366887,100.0
1900,2,34.39635721496585,34.39635721496585,100.0
1910,0,26.572726845895588,26.572726845895588,100.0
1910,1,41.20557342411456,41.20557342411456,100.0
1910,2,32.22169972998985,32.22169972998985,100.0
1920,0,23.37100271182361,23.37100271182361,100.0
1920,1,42.735569655113395,42.735569655113395,100.0
1920,2,33.89342763306299,33.89342763306299,100.0
1930,0,40.98496549326179,40.98496549326179,100.0
1930,1,32.35807714642448,32.35807714642448,100.0
1930,2,26.656957360313726,26.656957360313726,100.0
1940,0,32.874677943215694,32.874677943215694,100.0
1940,1,40.10562564433975,40.10562564433975,100.0
1940,2,27.01969641244455,27.01969641244455,100.0
1950,0,33.931566073104214,33.931566073104214,100.0
1950,1,36.80186196028727,36.80186196028727,100.0
1950,2,29.266571966608524,29.266571966608524,100.0
1960,0,49.75856234396001,49.75856234396001,100.0
1960,1,26.701010634877942,26.701010634877942,100.0
1960,2,23.540427021162053,23.540427021162053,100.0
1970,0,35.90490299558841,35.90490299558841,100.0
1970,1,43.38573814401282,43.38573814401282,100.0
1970,2,20.709358860398773,20.709358860398773,100.0
1980,0,35.69795989294469,35.69795989294469,100.0
1980,1,46.9144632206063,46.9144632206063,100.0
1980,2,17.387576886449015,17.387576886449015,100.0
1990,0,44.01235554999236,44.01235554999236,100.0
1990,1,27.07531518395296,27.07531518395296,100.0
1990,2,28.91232926605469,28.91232926605469,100.0
2000,0,46.80752997342034,46.80752997342034,100.0
2000,1,28.067451859946598,28.067451859946598,100.0
2000,2,25.12501816663307,25.12501816663307,100.0
2010,0,48.810203461620006,48.810203461620006,100.0
2010,1,29.641272716303185,29.641272716303185,100.0
2010,2,21.54852382207682,21.54852382207682,100.0
2020,0,22.973424275413823,22.973424275413823,100.0
2020,1,42.43454373269933,42.43454373269933,100.0
2020,2,34.59203199188685,34.59203199188685,100.0
2030,0,30.988990961985458,30.988990961985458,100.0
2030,1,40.99940952917483,40.99940952917483,100.0
2030,2,28.01159950883972,28.01159950883972,100.0
2040,0,22.41675444872324,22.41675444872324,100.0
2040,1,47.25019535467015,47.25019535467015,100.0
2040,2,30.33305019660661,30.33305019660661,100.0
2050,0,43.14239269724612,43.14239269724612,100.0
2050,1,28.326576238216045,28.326576238216045,100.0
2050,2,28.53103106453784,28.53103106453784,100.0
2060,0,31.346161468223745,31.346161468223745,100.0
2060,1,46.22005697530402,46.22005697530402,100.0
2060,2,22.433781556472237,22.433781556472237,100.0
2070,0,35.40832917370199,35.40832917370199,100.0
2070,1,40.02815052833058,40.02815052833058,100.0
2070,2,24.563520297967425,24.563520297967425,100.0
2080,0,23.312787778408417,23.312787778408417,100.0
2080,1,56.38756411381473,56.38756411381473,100.0
2080,2,20.29964810777685,20.29964810777685,100.0
2090,0,36.87539443717753,36.87539443717753,100.0
2090,1,45.252729951032315,45.252729951032315,100.0
2090,2,17.87187561179015,17.87187561179015,100.0
2100,0,23.934129016455984,23.934129016455984,100.0
2100,1,44.66815157144593,44.66815157144593,100.0
2100,2,31.39771941209808,31.39771941209808,100.0
2110,0,21.736890126545998,21.736890126545998,100.0
2110,1,39.594119839960676,39.594119839960676,100.0
2110,2,38.66899003349333,38.66899003349333,100.0
2120,0,21.748903224562707,21.748903224562707,100.0
2120,1,50.895455701221,50.895455701221,100.0
2120,2,27.355641074216297,27.355641074216297,100.0
2130,0,49.74005877329306,49.74005877329306,100.0
2130,1,29.34814888345422,29.34814888345422,100.0
2130,2,20.911792343252724,20.911792343252724,100.0
2140,0,26.839059988920482,26.839059988920482,100.0
2140,1,33.505355355548495,33.505355355548495,100.0
2140,2,39.65558465553102,39.65558465553102,100.0
2150,0,27.825837468773155,27.825837468773155,100.0
2150,1,38.4780045651571,38.4780045651571,100.0
2150,2,33.696157966069734,33.696157966069734,100.0
2160,0,34.69585278851273,34.69585278851273,100.0
2160,1,27.567181289313414,27.567181289313414,100.0
2160,2,37.73696592217386,37.73696592217386,100.0
2170,0,32.742876887946274,32.742876887946274,100.0
2170,1,31.313438483233185,31.313438483233185,100.0
2170,2,35.943684628820534,35.943684628820534,100.0
2180,0,53.591657022980165,53.591657022980165,100.0
2180,1,26.278288162328682,26.278288162328682,100.0
2180,2,20.130054814691153,20.130054814691153,100.0
2190,0,35.862417574543684,35.862417574543684,100.0
2190,1,29.71405281503075,29.71405281503075,100.0
2190,2,34.42352961042558,34.42352961042558,100.0
2200,0,25.135594309981034,25.135594309981034,100.0
2200,1,35.043582891506475,35.043582891506475,100.0
2200,2,39.82082279851248,39.82082279851248,100.0
2210,0,49.573634495400434,49.573634495400434,100.0
2210,1,27.93455659104521,27.93455659104521,100.0
2210,2,22.491808913554358,22.491808913554358,100.0
2220,0,31.50662611511773,31.50662611511773,100.0
2220,1,28.737152233334868,28.737152233334868,100.0
2220,2,39.756221651547406,39.756221651547406,100.0
2230,0,22.13406764008665,22.13406764008665,100.0
2230,1,50.34574399356146,50.34574399356146,100.0
2230,2,27.52018836635188,27.52018836635188,100.0
2240,0,36.36685368455582,36.36685368455582,100.0
2240,1,37.58533672868113,37.58533672868113,100.0
2240,2,26.047809586763048,26.047809586763048,100.0
2250,0,30.87707821500561,30.87707821500561,100.0
2250,1,29.903178248642444,29.903178248642444,100.0
2250,2,39.21974353635195,39.21974353635195,100.0
2260,0,28.020023650304005,28.020023650304005,100.0
2260,1,48.4379994142474,48.4379994142474,100.0
2260,2,23.541976935448595,23.541976935448595,100.0
2270,0,33.597630970762324,33.597630970762324,100.0
2270,1,44.32915857207276,44.32915857207276,100.0
2270,2,22.07321045716491,22.07321045716491,100.0
2280,0,43.47689191314538,43.47689191314538,100.0
2280,1,36.601739279982965,36.601739279982965,100.0
2280,2,19.92136880687166,19.92136880687166,100.0
2290,0,39.65848853974302,39.65848853974302,100.0
2290,1,33.28748890992649,33.28748890992649,100.0
2290,2,27.054022550330494,27.054022550330494,100.0
2300,0,31.3567044135584,31.3567044135584,100.0
2300,1,25.3936168393893,25.3936168393893,100.0
2300,2,43.2496787470523,43.2496787470523,100.0
2310,0,28.365412458394434,28.365412458394434,100.0
2310,1,34.370555205069344,34.370555205069344,100.0
2310,2,37.26403233653623,37.26403233653623,100.0
2320,0,27.26292451774085,27.26292451774085,100.0
2320,1,27.434274764788004,27.434274764788004,100.0
2320,2,45.30280071747115,45.30280071747115,100.0
2330,0,28.811946248887043,28.811946248887043,100.0
2330,1,46.7927634367422,46.7927634367422,100.0
2330,2,24.39529031437076,24.39529031437076,100.0
2340,0,47.82855679260353,47.82855679260353,100.0
2340,1,27.323236704455006,27.323236704455006,100.0
2340,2,24.848206502941462,24.848206502941462,100.0
2350,0,49.089418055413425,49.089418055413425,100.0
2350,1,28.182160690269352,28.182160690269352,100.0
2350,2,22.728421254317226,22.728421254317226,100.0
2360,0,36.26613130724644,36.26613130724644,100.0
2360,1,43.76066014160698,43.76066014160698,100.0
2360,2,19.97320855114659,19.97320855114659,100.0
2370,0,46.227603578720576,46.227603578720576,100.0
2370,1,28.89273318306374,28.89273318306374,100.0
2370,2,24.879663238215688,24.879663238215688,100.0
2380,0,32.97066446686595,32.97066446686595,100.0
2380,1,45.786524312639294,45.786524312639294,100.0
2380,2,21.24281122049477,21.24281122049477,100.0
2390,0,39.1996578398432,39.1996578398432,100.0
2390,1,39.225751229503906,39.225751229503906,100.0
2390,2,21.574590930652892,21.574590930652892,100.0
2400,0,36.963305724836125,36.963305724836125,100.0
2400,1,33.180929711691775,33.180929711691775,100.0
2400,2,29.8557645634721,29.8557645634721,100.0
2410,0,43.67974427524367,43.67974427524367,100.0
2410,1,31.90460293637833,31.90460293637833,100.0
2410,2,24.415652788378,24.415652788378,100.0
2420,0,31.99478668120279,31.99478668120279,100.0
2420,1,39.2178149841275,39.2178149841275,100.0
2420,2,28.78739833466971,28.78739833466971,100.0
2430,0,28.28243041314165,28.28243041314165,100.0
2430,1,39.42429641785963,39.42429641785963,100.0
2430,2,32.293273168998724,32.293273168998724,100.0
2440,0,32.57378900186875,32.57378900186875,100.0
2440,1,46.00487188457627,46.00487188457627,100.0
2440,2,21.42133911355499,21.42133911355499,100.0
2450,0,27.837946560465358,27.837946560465358,100.0
2450,1,46.01727322904405,46.01727322904405,100.0
2450,2,26.14478021049059,26.14478021049059,100.0
2460,0,34.28823603822667,34.28823603822667,100.0
2460,1,41.43542655151159,41.43542655151159,100.0
2460,2,24.27633741026174,24.27633741026174,100.0
2470,0,31.5900406190039,31.5900406190039,100.0
2470,1,36.30930339343196,36.30930339343196,100.0
2470,2,32.10065598756414,32.10065598756414,100.0
2480,0,35.918944748360396,35.918944748360396,100.0
2480,1,44.40863131271665,44.40863131271665,100.0
2480,2,19.67242393892294,19.67242393892294,100.0
2490,0,26.435506498075018,26.435506498075018,100.0
2490,1,45.64028330486168,45.64028330486168,100.0
2490,2,27.924210197063303,27.924210197063303,100.0
2500,0,25.58937732132603,25.58937732132603,100.0
2500,1,52.85694744160671,52.85694744160671,100.0
2500,2,21.553675237067278,21.553675237067278,100.0
2510,0,43.17284216971744,43.17284216971744,100.0
2510,1,33.58490328709699,33.58490328709699,100.0
2510,2,23.242254543185574,23.242254543185574,100.0
2520,0,42.321693036206895,42.321693036206895,100.0
2520,1,35.126989416819974,35.126989416819974,100.0
2520,2,22.551317546973134,22.551317546973134,100.0
2530,0,40.64972079395125,40.64972079395125,100.0
2530,1,24.85256618847609,24.85256618847609,100.0
2530,2,34.49771301757265,34.49771301757265,100.0
2540,0,30.499062908348247,30.499062908348247,100.0
2540,1,29.67024284151013,29.67024284151013,100.0
2540,2,39.830694250141626,39.830694250141626,100.0
2550,0,34.01161190788676,34.01161190788676,100.0
2550,1,29.6202066341963,29.6202066341963,100.0
2550,2,36.36818145791694,36.36818145791694,100.0
2560,0,24.007902118810275,24.007902118810275,100.0
2560,1,32.28746072642609,32.28746072642609,100.0
2560,2,43.70463715476364,43.70463715476364,100.0
2570,0,26.93317493423625,26.93317493423625,100.0
2570,1,41.96168340674952,41.96168340674952,100.0
2570,2,31.105141659014237,31.105141659014237,100.0
2580,0,43.01832254202331,43.01832254202331,100.0
2580,1,34.78185628920492,34.78185628920492,100.0
2580,2,22.199821168771766,22.199821168771766,100.0
2590,0,38.63886427728194,38.63886427728194,100.0
2590,1,29.11836254483564,29.11836254483564,100.0
2590,2,32.24277317788242,32.24277317788242,100.0
2600,0,27.585781693770624,27.585781693770624,100.0
2600,1,36.71443567259013,36.71443567259013,100.0
2600,2,35.69978263363925,35.69978263363925,100.0
2610,0,39.783355584021365,39.783355584021365,100.0
2610,1,40.48180045612187,40.48180045612187,100.0
2610,2,19.734843959856775,19.734843959856775,100.0
2620,0,36.11734193879171,36.11734193879171,100.0
2620,1,35.59405240240349,35.59405240240349,100.0
2620,2,28.288605658804798,28.288605658804798,100.0
2630,0,48.262501511546176,48.262501511546176,100.0
2630,1,29.17727534935638,29.17727534935638,100.0
2630,2,22.560223139097452,22.560223139097452,100.0
2640,0,31.52556920391384,31.52556920391384,100.0
2640,1,39.21670669309345,39.21670669309345,100.0
2640,2,29.257724102992714,29.257724102992714,100.0
2650,0,33.66521357197824,33.66521357197824,100.0
2650,1,31.544901666978536,31.544901666978536,100.0
2650,2,34.789884761043226,34.789884761043226,100.0
2660,0,34.59430199927179,34.59430199927179,100.0
2660,1,40.23909535057547,40.23909535057547,100.0
2660,2,25.166602650152743,25.166602650152743,100.0
2670,0,35.99014150972118,35.99014150972118,100.0
2670,1,41.49452509452626,41.49452509452626,100.0
2670,2,22.515333395752567,22.515333395752567,100.0
2680,0,30.22758517049422,30.22758517049422,100.0
2680,1,42.39888773183447,42.39888773183447,100.0
2680,2,27.373527097671307,27.373527097671307,100.0
2690,0,34.57440411859921,34.57440411859921,100.0
2690,1,44.61098147140592,44.61098147140592,100.0
2690,2,20.81461440999487,20.81461440999487,100.0
2700,0,29.797350086157305,29.797350086157305,100.0
2700,1,31.67758879212521,31.67758879212521,100.0
2700,2,38.52506112171748,38.52506112171748,100.0
2710,0,33.7227048455129,33.7227048455129,100.0
2710,1,35.31700614364056,35.31700614364056,100.0
2710,2,30.96028901084653,30.96028901084653,100.0
2720,0,31.41800151758049,31.41800151758049,100.0
2720,1,31.12367516862263,31.12367516862263,100.0
2720,2,37.45832331379689,37.45832331379689,100.0
2730,0,28.16178654519635,28.16178654519635,100.0
2730,1,45.8147912567901,45.8147912567901,100.0
2730,2,26.023422198013563,26.023422198013563,100.0
2740,0,34.30050132488886,34.30050132488886,100.0
2740,1,30.287470334231838,30.287470334231838,100.0
2740,2,35.412028340879296,35.412028340879296,100.0
2750,0,35.41804323153798,35.41804323153798,100.0
2750,1,36.97782957077793,36.97782957077793,100.0
2750,2,27.604127197684104,27.604127197684104,100.0
2760,0,33.216688306846585,33.216688306846585,100.0
2760,1,36.9604385857943,36.9604385857943,100.0
2760,2,29.822873107359115,29.822873107359115,100.0
2770,0,22.910929549971815,22.910929549971815,100.0
2770,1,53.07129488054263,53.07129488054263,100.0
2770,2,24.017775569485554,24.017775569485554,100.0
2780,0,40.772802342192236,40.772802342192236,100.0
2780,1,31.266548897091358,31.266548897091358,100.0
2780,2,27.960648760716417,27.960648760716417,100.0
2790,0,41.39126617019693,41.39126617019693,100.0
2790,1,28.847846897903167,28.847846897903167,100.0
2790,2,29.76088693189991,29.76088693189991,100.0
2800,0,31.157703789017997,31.157703789017997,100.0
2800,1,37.8557882944638,37.8557882944638,100.0
2800,2,30.986507916518203,30.986507916518203,100.0
2810,0,44.33491521583554,44.33491521583554,100.0
2810,1,30.29994184960932,30.29994184960932,100.0
2810,2,25.365142934555156,25.365142934555156,100.0
2820,0,33.93235520792835,33.93235520792835,100.0
2820,1,32.316944224576055,32.316944224576055,100.0
2820,2,33.7507005674956,33.7507005674956,100.0
2830,0,24.6160867878428,24.6160867878428,100.0
2830,1,44.89205001443264,44.89205001443264,100.0
2830,2,30.491863197724566,30.491863197724566,100.0
2840,0,32.85545311142693,32.85545311142693,100.0
2840,1,42.838606542673254,42.838606542673254,100.0
2840,2,24.305940345899806,24.305940345899806,100.0
2850,0,31.38346100533662,31.38346100533662,100.0
2850,1,38.632865754443515,38.632865754443515,100.0
2850,2,29.983673240219876,29.983673240219876,100.0
2860,0,36.12328914021522,36.12328914021522,100.0
2860,1,30.106318718317006,30.106318718317006,100.0
2860,2,33.770392141467774,33.770392141467774,100.0
2870,0,21.334365707579394,21.334365707579394,100.0
2870,1,39.699149108346774,39.699149108346774,100.0
2870,2,38.96648518407383,38.96648518407383,100.0
2880,0,38.99900791241147,38.99900791241147,100.0
2880,1,29.28717258192727,29.28717258192727,100.0
2880,2,31.713819505661256,31.713819505661256,100.0
2890,0,27.246782785436523,27.246782785436523,100.0
2890,1,31.948215290575366,31.948215290575366,100.0
2890,2,40.80500192398812,40.80500192398812,100.0
2900,0,41.787195016830054,41.787195016830054,100.0
2900,1,26.839973190133055,26.839973190133055,100.0
2900,2,31.372831793036895,31.372831793036895,100.0
2910,0,23.88327759840574,23.88327759840574,100.0
2910,1,45.26823339119372,45.26823339119372,100.0
2910,2,30.84848901040054,30.84848901040054,100.0
2920,0,49.765332400414636,49.765332400414636,100.0
2920,1,28.300892578809684,28.300892578809684,100.0
2920,2,21.933775020775677,21.933775020775677,100.0
2930,0,43.26467635082544,43.26467635082544,100.0
2930,1,29.818741114509695,29.818741114509695,100.0
2930,2,26.91658253466487,26.91658253466487,100.0
2940,0,25.20315652146009,25.20315652146009,100.0
2940,1,45.67973461078108,45.67973461078108,100.0
2940,2,29.11710886775883,29.11710886775883,100.0
2950,0,42.01260805365737,42.01260805365737,100.0
2950,1,28.68976497208373,28.68976497208373,100.0
2950,2,29.297626974258904,29.297626974258904,100.0
2960,0,38.255681045142396,38.255681045142396,100.0
2960,1,36.20103610166366,36.20103610166366,100.0
2960,2,25.543282853193944,25.543282853193944,100.0
2970,0,22.830839084828515,22.830839084828515,100.0
2970,1,35.24858179620526,35.24858179620526,100.0
2970,2,41.92057911896623,41.92057911896623,100.0
2980,0,25.96030337653688,25.96030337653688,100.0
2980,1,40.93371804125094,40.93371804125094,100.0
2980,2,33.10597858221218,33.10597858221218,100.0
2990,0,32.648867270989,32.648867270989,100.0
2990,1,29.596484354004403,29.596484354004403,100.0
2990,2,37.754648375006596,37.754648375006596,100.0
3000,0,35.100017464106095,35.100017464106095,100.0
3000,1,35.895112231355114,35.895112231355114,100.0
3000,2,29.004870304538795,29.004870304538795,100.0
3010,0,22.819839388820824,22.819839388820824,100.0
3010,1,27.953968468263856,27.953968468263856,100.0
3010,2,49.22619214291532,49.22619214291532,100.0
3020,0,24.50541108317222,24.50541108317222,100.0
3020,1,46.569967345326404,46.569967345326404,100.0
3020,2,28.924621571501387,28.924621571501387,100.0
3030,0,42.443238290401844,42.443238290401844,100.0
3030,1,33.679901944948845,33.679901944948845,100.0
3030,2,23.87685976464931,23.87685976464931,100.0
3040,0,22.951617665731003,22.951617665731003,100.0
3040,1,30.540189338457523,30.540189338457523,100.0
3040,2,46.50819299581147,46.50819299581147,100.0
3050,0,33.67585064158799,33.67585064158799,100.0
3050,1,38.481156990806085,38.481156990806085,100.0
3050,2,27.84299236760593,27.84299236760593,100.0
3060,0,29.95330973086202,29.95330973086202,100.0
3060,1,29.862532822972103,29.862532822972103,100.0
3060,2,40.18415744616588,40.18415744616588,100.0
3070,0,30.43024568811542,30.43024568811542,100.0
3070,1,34.521289229402775,34.521289229402775,100.0
3070,2,35.048465082481805,35.048465082481805,100.0
3080,0,42.39953325100239,42.39953325100239,100.0
3080,1,31.11792280926488,31.11792280926488,100.0
3080,2,26.48254393973274,26.48254393973274,100.0
3090,0,43.08127474114683,43.08127474114683,100.0
3090,1,32.20834211107796,32.20834211107796,100.0
3090,2,24.710383147775204,24.710383147775204,100.0
3100,0,30.02901144433652,30.02901144433652,100.0
3100,1,26.383778108085803,26.383778108085803,100.0
3100,2,43.58721044757768,43.58721044757768,100.0
3110,0,24.797459494022927,24.797459494022927,100.0
3110,1,48.27059920983535,48.27059920983535,100.0
3110,2,26.931941296141716,26.931941296141716,100.0
3120,0,28.297234076406124,28.297234076406124,100.0
3120,1,26.58391652269335,26.58391652269335,100.0
3120,2,45.11884940090052,45.11884940090052,100.0
3130,0,49.354290054403975,49.354290054403975,100.0
3130,1,27.188949300253785,27.188949300253785,100.0
3130,2,23.45676064534224,23.45676064534224,100.0
3140,0,22.933310121512616,22.933310121512616,100.0
3140,1,45.62501635210729,45.62501635210729,100.0
3140,2,31.4416735263801,31.4416735263801,100.0
3150,0,21.390490620584753,21.390490620584753,100.0
3150,1,43.76418488771871,43.76418488771871,100.0
3150,2,34.845324491696545,34.845324491696545,100.0
3160,0,39.46811801159448,39.46811801159448,100.0
3160,1,28.091931990938672,28.091931990938672,100.0
3160,2,32.43994999746686,32.43994999746686,100.0
3170,0,25.10799096226529,25.10799096226529,100.0
3170,1,29.672925480880462,29.672925480880462,100.0
3170,2,45.21908355685425,45.21908355685425,100.0
3180,0,30.423129798042336,30.423129798042336,100.0
3180,1,29.6788569291617,29.6788569291617,100.0
3180,2,39.898013272795964,39.898013272795964,100.0
3190,0,21.774428566411604,21.774428566411604,100.0
3190,1,30.596025155048036,30.596025155048036,100.0
3190,2,47.62954627854036,47.62954627854036,100.0
3200,0,23.953628282391374,23.953628282391374,100.0
3200,1,43.114997893139105,43.114997893139105,100.0
3200,2,32.931373824469524,32.931373824469524,100.0
3210,0,32.606748486746,32.606748486746,100.0
3210,1,35.34236585843974,35.34236585843974,100.0
3210,2,32.050885654814266,32.050885654814266,100.0
3220,0,35.62748702033065,35.62748702033065,100.0
3220,1,40.44444178065905,40.44444178065905,100.0
3220,2,23.928071199010308,23.928071199010308,100.0
3230,0,50.302460107760716,50.302460107760716,100.0
3230,1,25.625962759838238,25.625962759838238,100.0
3230,2,24.071577132401046,24.071577132401046,100.0
3240,0,43.51021814973643,43.51021814973643,100.0
3240,1,35.36569011055396,35.36569011055396,100.0
3240,2,21.12409173970961,21.12409173970961,100.0
3250,0,35.829166027479644,35.829166027479644,100.0
3250,1,36.94999007778322,36.94999007778322,100.0
3250,2,27.220843894737147,27.220843894737147,100.0
3260,0,26.9516868578675,26.9516868578675,100.0
3260,1,29.370200570477433,29.370200570477433,100.0
3260,2,43.67811257165506,43.67811257165506,100.0
3270,0,23.672923048906767,23.672923048906767,100.0
3270,1,49.37720615208158,49.37720615208158,100.0
3270,2,26.949870799011656,26.949870799011656,100.0
3280,0,24.507050969132155,24.507050969132155,100.0
3280,1,50.577087218079456,50.577087218079456,100.0
3280,2,24.915861812788396,24.915861812788396,100.0
3290,0,24.934925787906515,24.934925787906515,100.0
3290,1,50.58227420253212,50.58227420253212,100.0
3290,2,24.48280000956137,24.48280000956137,100.0
3300,0,50.70462660421745,50.70462660421745,100.0
3300,1,27.28341751903881,27.28341751903881,100.0
3300,2,22.011955876743745,22.011955876743745,100.0
3310,0,30.313227377497,30.313227377497,100.0
3310,1,30.588538194722236,30.588538194722236,100.0
3310,2,39.09823442778077,39.09823442778077,100.0
3320,0,44.091893102940375,44.091893102940375,100.0
3320,1,31.024652633901166,31.024652633901166,100.0
3320,2,24.883454263158463,24.883454263158463,100.0
3330,0,34.72205486630312,34.72205486630312,100.0
3330,1,40.52615296144141,40.52615296144141,100.0
3330,2,24.751792172255467,24.751792172255467,100.0
3340,0,30.00654962412266,30.00654962412266,100.0
3340,1,25.44593803853077,25.44593803853077,100.0
3340,2,44.54751233734658,44.54751233734658,100.0
3350,0,36.16468224681597,36.16468224681597,100.0
3350,1,36.70835699363199,36.70835699363199,100.0
3350,2,27.126960759552045,27.126960759552045,100.0
3360,0,32.98646836019957,32.98646836019957,100.0
3360,1,40.12172680723047,40.12172680723047,100.0
3360,2,26.891804832569967,26.891804832569967,100.0
3370,0,42.99486454141454,42.99486454141454,100.0
3370,1,37.48293129583511,37.48293129583511,100.0
3370,2,19.522204162750352,19.522204162750352,100.0
3380,0,22.096505164767464,22.096505164767464,100.0
3380,1,51.747500300833906,51.747500300833906,100.0
3380,2,26.15599453439863,26.15599453439863,100.0
3390,0,39.464077188719635,39.464077188719635,100.0
3390,1,39.10010356466018,39.10010356466018,100.0
3390,2,21.43581924662019,21.43581924662019,100.0
3400,0,45.110311538411615,45.110311538411615,100.0
3400,1,33.152048252631374,33.152048252631374,100.0
3400,2,21.73764020895701,21.73764020895701,100.0
3410,0,28.281294076723505,28.281294076723505,100.0
3410,1,53.33549907100061,53.33549907100061,100.0
3410,2,18.383206852275894,18.383206852275894,100.0
3420,0,25.574223341238454,25.574223341238454,100.0
3420,1,44.33629200390198,44.33629200390198,100.0
3420,2,30.08948465485956,30.08948465485956,100.0
3430,0,54.25542447416376,54.25542447416376,100.0
3430,1,26.318200653736156,26.318200653736156,100.0
3430,2,19.426374872100087,19.426374872100087,100.0
3440,0,40.105618213142115,40.105618213142115,100.0
3440,1,36.37189949800772,36.37189949800772,100.0
3440,2,23.52248228885017,23.52248228885017,100.0
3450,0,45.904032232456565,45.904032232456565,100.0
3450,1,30.98962325377559,30.98962325377559,100.0
3450,2,23.10634451376785,23.10634451376785,100.0
3460,0,24.360830938050544,24.360830938050544,100.0
3460,1,27.633512030967477,27.633512030967477,100.0
3460,2,48.00565703098197,48.00565703098197,100.0
3470,0,32.423337916964165,32.423337916964165,100.0
3470,1,27.915856711748265,27.915856711748265,100.0
3470,2,39.66080537128757,39.66080537128757,100.0
3480,0,42.93347955745845,42.93347955745845,100.0
3480,1,30.371903401663708,30.371903401663708,100.0
3480,2,26.694617040877837,26.694617040877837,100.0
3490,0,29.483016549271063,29.483016549271063,100.0
3490,1,31.402656608438985,31.402656608438985,100.0
3490,2,39.114326842289955,39.114326842289955,100.0
3500,0,33.28393311732603,33.28393311732603,100.0
3500,1,31.69175863136695,31.69175863136695,100.0
3500,2,35.024308251307026,35.024308251307026,100.0
3510,0,32.31592408214799,32.31592408214799,100.0
3510,1,46.76197484442748,46.76197484442748,100.0
3510,2,20.922101073424535,20.922101073424535,100.0
3520,0,43.169351920920654,43.169351920920654,100.0
3520,1,32.41707478786497,32.41707478786497,100.0
3520,2,24.413573291214384,24.413573291214384,100.0
3530,0,40.840925164215506,40.840925164215506,100.0
3530,1,39.842710745805036,39.842710745805036,100.0
3530,2,19.316364089979462,19.316364089979462,100.0
3540,0,33.5015718288313,33.5015718288313,100.0
3540,1,46.80876835901687,46.80876835901687,100.0
3540,2,19.689659812151834,19.689659812151834,100.0
3550,0,30.23309874137221,30.23309874137221,100.0
3550,1,42.51334096116878,42.51334096116878,100.0
3550,2,27.253560297459018,27.253560297459018,100.0
3560,0,39.47045251643267,39.47045251643267,100.0
3560,1,32.60701100384927,32.60701100384927,100.0
3560,2,27.922536479718058,27.922536479718058,100.0
3570,0,30.82465692605813,30.82465692605813,100.0
3570,1,40.72313657158483,40.72313657158483,100.0
3570,2,28.45220650235704,28.45220650235704,100.0
3580,0,21.609547033117636,21.609547033117636,100.0
3580,1,47.69358444758382,47.69358444758382,100.0
3580,2,30.696868519298548,30.696868519298548,100.0
3590,0,30.550706182508147,30.550706182508147,100.0
3590,1,37.320224644082664,37.320224644082664,100.0
3590,2,32.129069173409185,32.129069173409185,100.0
3600,0,31.620940687366428,31.620940687366428,100.0
3600,1,43.37355472496378,43.37355472496378,100.0
3600,2,25.00550458766979,25.00550458766979,100.0
3610,0,44.67629788894744,44.67629788894744,100.0
3610,1,34.36605564012882,34.36605564012882,100.0
3610,2,20.95764647092374,20.95764647092374,100.0
3620,0,37.79783779692908,37.79783779692908,100.0
3620,1,28.147035020094098,28.147035020094098,100.0
3620,2,34.05512718297683,34.05512718297683,100.0
3630,0,33.33171598770266,33.33171598770266,100.0
3630,1,39.49659308075343,39.49659308075343,100.0
3630,2,27.171690931543925,27.171690931543925,100.0
3640,0,24.057488965550977,24.057488965550977,100.0
3640,1,31.891117308148797,31.891117308148797,100.0
3640,2,44.051393726300226,44.051393726300226,100.0
3650,0,24.05144170278759,24.05144170278759,100.0
3650,1,32.75240274329929,32.75240274329929,100.0
3650,2,43.19615555391312,43.19615555391312,100.0
3660,0,32.86011308015352,32.86011308015352,100.0
3660,1,28.08230970267043,28.08230970267043,100.0
3660,2,39.05757721717605,39.05757721717605,100.0
3670,0,26.855241963720268,26.855241963720268,100.0
3670,1,49.451718908320274,49.451718908320274,100.0
3670,2,23.693039127959462,23.693039127959462,100.0
3680,0,37.36553122094068,37.36553122094068,100.0
3680,1,36.193984496431746,36.193984496431746,100.0
3680,2,26.44048428262758,26.44048428262758,100.0
3690,0,29.19437631705056,29.19437631705056,100.0
3690,1,36.75662547798742,36.75662547798742,100.0
3690,2,34.048998204962025,34.048998204962025,100.0
3700,0,36.81822936352722,36.81822936352722,100.0
3700,1,28.815455746740387,28.815455746740387,100.0
3700,2,34.366314889732394,34.366314889732394,100.0
3710,0,42.3628212181952,42.3628212181952,100.0
3710,1,36.14401354302692,36.14401354302692,100.0
3710,2,21.493165238777877,21.493165238777877,100.0
3720,0,29.27950169674493,29.27950169674493,100.0
3720,1,41.8794721700942,41.8794721700942,100.0
3720,2,28.841026133160874,28.841026133160874,100.0
3730,0,36.91765693493693,36.91765693493693,100.0
3730,1,39.2264206522095,39.2264206522095,100.0
3730,2,23.855922412853563,23.855922412853563,100.0
3740,0,36.358390261891806,36.358390261891806,100.0
3740,1,35.96665571409298,35.96665571409298,100.0
3740,2,27.674954024015214,27.674954024015214,100.0
3750,0,34.14464808875223,34.14464808875223,100.0
3750,1,35.90028551998299,35.90028551998299,100.0
3750,2,29.955066391264783,29.955066391264783,100.0
3760,0,32.8812383507498,32.8812383507498,100.0
3760,1,29.28197868897603,29.28197868897603,100.0
3760,2,37.83678296027417,37.83678296027417,100.0
3770,0,46.738139072661525,46.738139072661525,100.0
3770,1,26.409211974645064,26.409211974645064,100.0
3770,2,26.852648952693407,26.852648952693407,100.0
3780,0,34.820886363825466,34.820886363825466,100.0
3780,1,29.583881444024662,29.583881444024662,100.0
3780,2,35.59523219214987,35.59523219214987,100.0
3790,0,24.48772013194209,24.48772013194209,100.0
3790,1,45.43425901534104,45.43425901534104,100.0
3790,2,30.078020852716868,30.078020852716868,100.0
3800,0,41.6011589259508,41.6011589259508,100.0
3800,1,31.58262748539925,31.58262748539925,100.0
3800,2,26.81621358864995,26.81621358864995,100.0
3810,0,39.11131997024807,39.11131997024807,100.0
3810,1,30.405426773613097,30.405426773613097,100.0
3810,2,30.48325325613883,30.48325325613883,100.0
3820,0,24.761156635754215,24.761156635754215,100.0
3820,1,33.151152870339516,33.151152870339516,100.0
3820,2,42.087690493906265,42.087690493906265,100.0
3830,0,40.41335079572945,40.41335079572945,100.0
3830,1,28.394706623592334,28.394706623592334,100.0
3830,2,31.191942580678212,31.191942580678212,100.0
3840,0,37.41719739459064,37.41719739459064,100.0
3840,1,31.345382632306645,31.345382632306645,100.0
3840,2,31.23741997310272,31.23741997310272,100.0
3850,0,37.323176854440476,37.323176854440476,100.0
3850,1,34.37006637337851,34.37006637337851,100.0
3850,2,28.306756772181007,28.306756772181007,100.0
3860,0,47.45488305705754,47.45488305705754,100.0
3860,1,25.852069561475666,25.852069561475666,100.0
3860,2,26.693047381466794,26.693047381466794,100.0
3870,0,24.976002232537965,24.976002232537965,100.0
3870,1,29.265123441211333,29.265123441211333,100.0
3870,2,45.758874326250705,45.758874326250705,100.0
3880,0,25.676148889115304,25.676148889115304,100.0
3880,1,25.870448000477197,25.870448000477197,100.0
3880,2,48.4534031104075,48.4534031104075,100.0
3890,0,42.807597635137725,42.807597635137725,100.0
3890,1,25.85127101129256,25.85127101129256,100.0
3890,2,31.34113135356972,31.34113135356972,100.0
3900,0,30.841875334971526,30.841875334971526,100.0
3900,1,35.58902275074155,35.58902275074155,100.0
3900,2,33.569101914286925,33.569101914286925,100.0
3910,0,33.93566277867193,33.93566277867193,100.0
3910,1,38.48880904919474,38.48880904919474,100.0
3910,2,27.575528172133335,27.575528172133335,100.0
3920,0,34.275664413104366,34.275664413104366,100.0
3920,1,30.217204443872042,30.217204443872042,100.0
3920,2,35.5071311430236,35.5071311430236,100.0
3930,0,47.30571149893108,47.30571149893108,100.0
3930,1,33.0254102819483,33.0254102819483,100.0
3930,2,19.66887821912063,19.66887821912063,100.0
3940,0,46.567138193702185,46.567138193702185,100.0
3940,1,33.606084048692324,33.606084048692324,100.0
3940,2,19.826777757605498,19.826777757605498,100.0
3950,0,26.316732323059398,26.316732323059398,100.0
3950,1,32.65373491791936,32.65373491791936,100.0
3950,2,41.02953275902125,41.02953275902125,100.0
3960,0,32.507768426200556,32.507768426200556,100.0
3960,1,39.149688831368735,39.149688831368735,100.0
3960,2,28.342542742430716,28.342542742430716,100.0
3970,0,26.578406593140514,26.578406593140514,100.0
3970,1,33.38362361197763,33.38362361197763,100.0
3970,2,40.03796979488185,40.03796979488185,100.0
3980,0,26.16287890873872,26.16287890873872,100.0
3980,1,45.2185170980284,45.2185170980284,100.0
3980,2,28.618603993232888,28.618603993232888,100.0
3990,0,41.731891450556866,41.731891450556866,100.0
3990,1,35.3017497044502,35.3017497044502,100.0
3990,2,22.96635884499293,22.96635884499293,100.0
4000,0,31.56058990878202,31.56058990878202,100.0
4000,1,43.87418495878477,43.87418495878477,100.0
4000,2,24.56522513243321,24.56522513243321,100.0
