timestamp,sliceId,dedicatedPRB,minPRB,maxPRB
510,0,33.151292067883276,33.151292067883276,100.0
510,1,30.039476469396636,30.039476469396636,100.0
510,2,36.80923146272009,36.80923146272009,100.0
520,0,32.28371909697631,32.28371909697631,100.0
520,1,48.230686399814104,48.230686399814104,100.0
520,2,19.485594503209576,19.485594503209576,100.0
530,0,41.2942136651294,41.2942136651294,100.0
530,1,26.231898713543444,26.231898713543444,100.0
530,2,32.473887621327165,32.473887621327165,100.0
540,0,27.786330662562907,27.786330662562907,100.0
540,1,30.225989057633363,30.225989057633363,100.0
540,2,41.987680279803726,41.987680279803726,100.0
550,0,47.736695926896964,47.736695926896964,100.0
550,1,25.511052311317794,25.511052311317794,100.0
550,2,26.752251761785256,26.752251761785256,100.0
560,0,29.81067410467989,29.81067410467989,100.0
560,1,32.476307876565215,32.476307876565215,100.0
560,2,37.713018018754894,37.713018018754894,100.0
570,0,29.33533452624436,29.33533452624436,100.0
570,1,42.2617609051896,42.2617609051896,100.0
570,2,28.402904568566058,28.402904568566058,100.0
580,0,43.36988622521189,43.36988622521189,100.0
580,1,34.766498151926065,34.766498151926065,100.0
580,2,21.86361562286204,21.86361562286204,100.0
590,0,30.208093879611976,30.208093879611976,100.0
590,1,33.97908732819377,33.97908732819377,100.0
590,2,35.81281879219425,35.81281879219425,100.0
600,0,34.9273474592241,34.9273474592241,100.0
600,1,42.2607130468071,42.2607130468071,100.0
600,2,22.8119394939688,22.8119394939688,100.0
610,0,33.09725689455426,33.09725689455426,100.0
610,1,31.033272160929883,31.033272160929883,100.0
610,2,35.86947094451586,35.86947094451586,100.0
620,0,29.4925111273309,29.4925111273309,100.0
620,1,38.754638872586554,38.754638872586554,100.0
620,2,31.752850000082557,31.752850000082557,100.0
630,0,38.44031303136348,38.44031303136348,100.0
630,1,32.42625569134553,32.42625569134553,100.0
630,2,29.133431277290985,29.133431277290985,100.0
640,0,38.60832858245148,38.60832858245148,100.0
640,1,35.23741472231872,35.23741472231872,100.0
640,2,26.15425669522981,26.15425669522981,100.0
650,0,37.22533123508258,37.22533123508258,100.0
650,1,27.38532868761204,27.38532868761204,100.0
650,2,35.38934007730538,35.38934007730538,100.0
660,0,25.434931649047876,25.434931649047876,100.0
660,1,32.661786996854005,32.661786996854005,100.0
660,2,41.90328135409812,41.90328135409812,100.0
670,0,21.323950590757498,21.323950590757498,100.0
670,1,40.52960625368761,40.52960625368761,100.0
670,2,38.14644315555489,38.14644315555489,100.0
680,0,27.44120182104312,27.44120182104312,100.0
680,1,44.96166490360901,44.96166490360901,100.0
680,2,27.597133275347872,27.597133275347872,100.0
690,0,33.091867654822735,33.091867654822735,100.0
690,1,34.19108001070388,34.19108001070388,100.0
690,2,32.71705233447339,32.71705233447339,100.0
700,0,38.758923434503515,38.758923434503515,100.0
700,1,39.83467933252734,39.83467933252734,100.0
700,2,21.406397232969148,21.406397232969148,100.0
710,0,36.441065425635536,36.441065425635536,100.0
710,1,31.17110069202139,31.17110069202139,100.0
710,2,32.387833882343074,32.387833882343074,100.0
720,0,21.00748836887899,21.00748836887899,100.0
720,1,47.50581150252799,47.50581150252799,100.0
720,2,31.486700128593014,31.486700128593014,100.0
730,0,41.4626559133419,41.4626559133419,100.0
730,1,28.505525625283536,28.505525625283536,100.0
730,2,30.03181846137457,30.03181846137457,100.0
740,0,31.614438130685297,31.614438130685297,100.0
740,1,31.550897808194556,31.550897808194556,100.0
740,2,36.83466406112015,36.83466406112015,100.0
750,0,44.436731316034354,44.436731316034354,100.0
750,1,29.461062396377493,29.461062396377493,100.0
750,2,26.102206287588164,26.102206287588164,100.0
760,0,45.37516879218797,45.37516879218797,100.0
760,1,34.61003953329748,34.61003953329748,100.0
760,2,20.01479167451455,20.01479167451455,100.0
770,0,27.824435187222818,27.824435187222818,100.0
770,1,24.789960873580696,24.789960873580696,100.0
770,2,47.385603939196486,47.385603939196486,100.0
780,0,41.148529986044224,41.148529986044224,100.0
780,1,37.53345872744407,37.53345872744407,100.0
780,2,21.318011286511705,21.318011286511705,100.0
790,0,35.886946912369034,35.886946912369034,100.0
790,1,33.51777222788183,33.51777222788183,100.0
790,2,30.595280859749142,30.595280859749142,100.0
800,0,32.28082288228544,32.28082288228544,100.0
800,1,28.33172478833907,28.33172478833907,100.0
800,2,39.387452329375485,39.387452329375485,100.0
810,0,33.592419753919124,33.592419753919124,100.0
810,1,32.24506256336334,32.24506256336334,100.0
810,2,34.16251768271754,34.16251768271754,100.0
820,0,27.290143902635766,27.290143902635766,100.0
820,1,46.30803949176864,46.30803949176864,100.0
820,2,26.401816605595595,26.401816605595595,100.0
830,0,27.09003817030476,27.09003817030476,100.0
830,1,52.75171271783675,52.75171271783675,100.0
830,2,20.15824911185849,20.15824911185849,100.0
840,0,29.772520755090724,29.772520755090724,100.0
840,1,32.61523906597184,32.61523906597184,100.0
840,2,37.61224017893744,37.61224017893744,100.0
850,0,22.05132011879065,22.05132011879065,100.0
850,1,39.81803107416665,39.81803107416665,100.0
850,2,38.1306488070427,38.1306488070427,100.0
860,0,21.297803351103788,21.297803351103788,100.0
860,1,39.18860474010604,39.18860474010604,100.0
860,2,39.51359190879018,39.51359190879018,100.0
870,0,30.70188973133807,30.70188973133807,100.0
870,1,49.18562581023424,49.18562581023424,100.0
870,2,20.11248445842768,20.11248445842768,100.0
880,0,25.013914884803402,25.013914884803402,100.0
880,1,44.217733932098476,44.217733932098476,100.0
880,2,30.76835118309813,30.76835118309813,100.0
890,0,36.20632043657757,36.20632043657757,100.0
890,1,30.98079324646378,30.98079324646378,100.0
890,2,32.812886316958654,32.812886316958654,100.0
900,0,23.11690178430501,23.11690178430501,100.0
900,1,33.96747653384759,33.96747653384759,100.0
900,2,42.915621681847405,42.915621681847405,100.0
910,0,33.285425972787394,33.285425972787394,100.0
910,1,36.53201422658403,36.53201422658403,100.0
910,2,30.18255980062857,30.18255980062857,100.0
920,0,45.50776726209024,45.50776726209024,100.0
920,1,32.71832630053603,32.71832630053603,100.0
920,2,21.773906437373746,21.773906437373746,100.0
930,0,34.61521337618589,34.61521337618589,100.0
930,1,42.95185866904902,42.95185866904902,100.0
930,2,22.43292795476509,22.43292795476509,100.0
940,0,38.169650137017925,38.169650137017925,100.0
940,1,42.639426588609936,42.639426588609936,100.0
940,2,19.190923274372146,19.190923274372146,100.0
950,0,25.46905503876968,25.46905503876968,100.0
950,1,55.176509772120255,55.176509772120255,100.0
950,2,19.35443518911007,19.35443518911007,100.0
960,0,27.005151668594525,27.005151668594525,100.0
960,1,37.07816542285538,37.07816542285538,100.0
960,2,35.916682908550094,35.916682908550094,100.0
970,0,40.3923022439056,40.3923022439056,100.0
970,1,36.51325728468013,36.51325728468013,100.0
970,2,23.09444047141428,23.09444047141428,100.0
980,0,41.8736229694739,41.8736229694739,100.0
980,1,34.86123138050053,34.86123138050053,100.0
980,2,23.265145650025577,23.265145650025577,100.0
990,0,23.28640418998355,23.28640418998355,100.0
990,1,28.161951427119785,28.161951427119785,100.0
990,2,48.55164438289666,48.55164438289666,100.0
1000,0,22.85188390951573,22.85188390951573,100.0
1000,1,51.490503961463396,51.490503961463396,100.0
1000,2,25.65761212902088,25.65761212902088,100.0
1010,0,27.57792424464286,27.57792424464286,100.0
1010,1,45.79691063817238,45.79691063817238,100.0
1010,2,26.625165117184775,26.625165117184775,100.0
1020,0,25.611508609971377,25.611508609971377,100.0
1020,1,52.66274853591402,52.66274853591402,100.0
1020,2,21.7257428541146,21.7257428541146,100.0
1030,0,25.66363069260504,25.66363069260504,100.0
1030,1,40.1745908760478,40.1745908760478,100.0
1030,2,34.161778431347166,34.161778431347166,100.0
1040,0,41.308403078420845,41.308403078420845,100.0
1040,1,31.156883063949298,31.156883063949298,100.0
1040,2,27.53471385762985,27.53471385762985,100.0
1050,0,30.318168254640167,30.318168254640167,100.0
1050,1,44.7652818012452,44.7652818012452,100.0
1050,2,24.916549944114635,24.916549944114635,100.0
1060,0,35.58607879842758,35.58607879842758,100.0
1060,1,30.65255741455738,30.65255741455738,100.0
1060,2,33.76136378701504,33.76136378701504,100.0
1070,0,37.976757693035104,37.976757693035104,100.0
1070,1,29.967586928443314,29.967586928443314,100.0
1070,2,32.055655378521585,32.055655378521585,100.0
1080,0,30.969329461047323,30.969329461047323,100.0
1080,1,37.9930782956827,37.9930782956827,100.0
1080,2,31.037592243269973,31.037592243269973,100.0
1090,0,21.907335253691503,21.907335253691503,100.0
1090,1,37.07135553775978,37.07135553775978,100.0
1090,2,41.021309208548715,41.021309208548715,100.0
1100,0,24.586342698965186,24.586342698965186,100.0
1100,1,30.543555729165533,30.543555729165533,100.0
1100,2,44.870101571869284,44.870101571869284,100.0
1110,0,38.4041262510234,38.4041262510234,100.0
1110,1,41.26805373197061,41.26805373197061,100.0
1110,2,20.327820017005987,20.327820017005987,100.0
1120,0,28.469722638153407,28.469722638153407,100.0
1120,1,38.56254721764758,38.56254721764758,100.0
1120,2,32.96773014419902,32.96773014419902,100.0
1130,0,31.95619396314282,31.95619396314282,100.0
1130,1,34.19036254446971,34.19036254446971,100.0
1130,2,33.85344349238747,33.85344349238747,100.0
1140,0,37.941437374186734,37.941437374186734,100.0
1140,1,37.10852596438588,37.10852596438588,100.0
1140,2,24.95003666142739,24.95003666142739,100.0
1150,0,37.80379778459096,37.80379778459096,100.0
1150,1,26.27846728868226,26.27846728868226,100.0
1150,2,35.91773492672678,35.91773492672678,100.0
1160,0,45.1401806226562,45.1401806226562,100.0
1160,1,33.266881909713305,33.266881909713305,100.0
1160,2,21.592937467630495,21.592937467630495,100.0
1170,0,30.203325787788167,30.203325787788167,100.0
1170,1,28.894888353643545,28.894888353643545,100.0
1170,2,40.901785858568296,40.901785858568296,100.0
1180,0,33.780846380393825,33.780846380393825,100.0
1180,1,46.81355088799965,46.81355088799965,100.0
1180,2,19.405602731606532,19.405602731606532,100.0
1190,0,28.34344899216924,28.34344899216924,100.0
1190,1,34.299592440712225,34.299592440712225,100.0
1190,2,37.35695856711854,37.35695856711854,100.0
1200,0,38.98232483616029,38.98232483616029,100.0
1200,1,39.179060060503886,39.179060060503886,100.0
1200,2,21.838615103335826,21.838615103335826,100.0
1210,0,36.25465342751827,36.25465342751827,100.0
1210,1,37.736134047423675,37.736134047423675,100.0
1210,2,26.00921252505806,26.00921252505806,100.0
1220,0,36.38043359311743,36.38043359311743,100.0
1220,1,27.81662216549553,27.81662216549553,100.0
1220,2,35.80294424138704,35.80294424138704,100.0
1230,0,32.378179018675425,32.378179018675425,100.0
1230,1,30.914721286607932,30.914721286607932,100.0
1230,2,36.707099694716646,36.707099694716646,100.0
1240,0,26.664142087971733,26.664142087971733,100.0
1240,1,35.425773307988926,35.425773307988926,100.0
1240,2,37.91008460403935,37.91008460403935,100.0
1250,0,32.06558132943501,32.06558132943501,100.0
1250,1,35.189913730696986,35.189913730696986,100.0
1250,2,32.744504939868,32.744504939868,100.0
1260,0,37.95233180805373,37.95233180805373,100.0
1260,1,42.88597228730017,42.88597228730017,100.0
1260,2,19.161695904646102,19.161695904646102,100.0
1270,0,33.553989676616716,33.553989676616716,100.0
1270,1,37.2573982978324,37.2573982978324,100.0
1270,2,29.188612025550885,29.188612025550885,100.0
1280,0,37.61734935969322,37.61734935969322,100.0
1280,1,38.26427583485443,38.26427583485443,100.0
1280,2,24.11837480545234,24.11837480545234,100.0
1290,0,46.452501597388334,46.452501597388334,100.0
1290,1,29.962855633536716,29.962855633536716,100.0
1290,2,23.58464276907495,23.58464276907495,100.0
1300,0,34.35284177283659,34.35284177283659,100.0
1300,1,37.05070453636631,37.05070453636631,100.0
1300,2,28.5964536907971,28.5964536907971,100.0
1310,0,26.63847171953678,26.63847171953678,100.0
1310,1,54.3811047172151,54.3811047172151,100.0
1310,2,18.980423563248127,18.980423563248127,100.0
1320,0,26.13075557725233,26.13075557725233,100.0
1320,1,33.14526179023552,33.14526179023552,100.0
1320,2,40.72398263251215,40.72398263251215,100.0
1330,0,26.85359502108746,26.85359502108746,100.0
1330,1,35.60657977894872,35.60657977894872,100.0
1330,2,37.53982519996383,37.53982519996383,100.0
1340,0,28.902187600226416,28.902187600226416,100.0
1340,1,34.28105835055258,34.28105835055258,100.0
1340,2,36.816754049221004,36.816754049221004,100.0
1350,0,27.13436598012947,27.13436598012947,100.0
1350,1,33.59684493188434,33.59684493188434,100.0
1350,2,39.26878908798619,39.26878908798619,100.0
1360,0,26.139413293732527,26.139413293732527,100.0
1360,1,54.452254959975576,54.452254959975576,100.0
1360,2,19.40833174629189,19.40833174629189,100.0
1370,0,33.773519086470735,33.773519086470735,100.0
1370,1,37.76868397858085,37.76868397858085,100.0
1370,2,28.45779693494841,28.45779693494841,100.0
1380,0,37.87753327920985,37.87753327920985,100.0
1380,1,38.9055246753764,38.9055246753764,100.0
1380,2,23.216942045413745,23.216942045413745,100.0
1390,0,28.073813376439833,28.073813376439833,100.0
1390,1,35.24094125249159,35.24094125249159,100.0
1390,2,36.68524537106858,36.68524537106858,100.0
1400,0,35.29093446457839,35.29093446457839,100.0
1400,1,31.890533744205463,31.890533744205463,100.0
1400,2,32.81853179121616,32.81853179121616,100.0
1410,0,40.204112297721615,40.204112297721615,100.0
1410,1,33.65030978507565,33.65030978507565,100.0
1410,2,26.145577917202733,26.145577917202733,100.0
1420,0,30.74715100005818,30.74715100005818,100.0
1420,1,43.48264275519858,43.48264275519858,100.0
1420,2,25.77020624474325,25.77020624474325,100.0
1430,0,40.03693543082521,40.03693543082521,100.0
1430,1,38.27268566466789,38.27268566466789,100.0
1430,2,21.690378904506908,21.690378904506908,100.0
1440,0,33.31028020278593,33.31028020278593,100.0
1440,1,47.177067403117285,47.177067403117285,100.0
1440,2,19.512652394096786,19.512652394096786,100.0
1450,0,48.38301730336422,48.38301730336422,100.0
1450,1,30.823794776901924,30.823794776901924,100.0
1450,2,20.793187919733857,20.793187919733857,100.0
1460,0,39.792819989342505,39.792819989342505,100.0
1460,1,41.79364226899521,41.79364226899521,100.0
1460,2,18.413537741662285,18.413537741662285,100.0
1470,0,31.885594432010578,31.885594432010578,100.0
1470,1,40.947326707226246,40.947326707226246,100.0
1470,2,27.167078860763176,27.167078860763176,100.0
1480,0,40.8800536796602,40.8800536796602,100.0
1480,1,39.84671154693393,39.84671154693393,100.0
1480,2,19.273234773405875,19.273234773405875,100.0
1490,0,25.354484139146304,25.354484139146304,100.0
1490,1,37.148231889178994,37.148231889178994,100.0
1490,2,37.49728397167471,37.49728397167471,100.0
1500,0,30.516316443025392,30.516316443025392,100.0
1500,1,50.460635367832694,50.460635367832694,100.0
1500,2,19.02304818914192,19.02304818914192,100.0
