timestamp,ueImsi,sliceId,dTxBytes,dRxBytes,plr,resourceSharePct,dLostPackets,throughputMbps,bufferBytes
560,1,0,24448,3056,87.50,45.53,14,2.4448,128551
560,2,0,24448,3056,87.50,45.53,14,2.4448,128509
560,3,0,24448,3056,87.50,45.53,14,2.4448,128523
560,4,0,24448,3056,87.50,45.53,14,2.4448,128506
560,5,0,24448,3056,87.50,45.53,14,2.4448,128534
560,6,1,780,702,10.00,36.18,1,0.5616,87
560,7,1,780,702,10.00,36.18,1,0.5616,87
560,8,1,780,702,10.00,36.18,1,0.5616,87
560,9,1,780,702,10.00,36.18,1,0.5616,87
560,10,1,780,702,10.00,36.18,1,0.5616,87
560,11,2,16000,896,94.40,18.29,118,0.7168,88522
560,12,2,16000,768,95.20,18.29,119,0.6144,88583
560,13,2,16000,896,94.40,18.29,118,0.7168,88522
560,14,2,16000,896,94.40,18.29,118,0.7168,88522
560,15,2,16000,896,94.40,18.29,118,0.7168,88522
560,16,2,16000,768,95.20,18.29,119,0.6144,88509
560,17,2,16000,896,94.40,18.29,118,0.7168,88538
560,18,2,16000,896,94.40,18.29,118,0.7168,88524
560,19,2,16000,896,94.40,18.29,118,0.7168,88525
560,20,2,16000,768,95.20,18.29,119,0.6144,88548
