timestamp,sliceId,dedicatedPRB,minPRB,maxPRB
510,0,21.78083536084587,21.78083536084587,100.0
510,1,41.135721585752535,41.135721585752535,100.0
510,2,37.0834430534016,37.0834430534016,100.0
520,0,38.177548579913626,38.177548579913626,100.0
520,1,37.407910253674046,37.407910253674046,100.0
520,2,24.414541166412327,24.414541166412327,100.0
530,0,23.3601264068854,23.3601264068854,100.0
530,1,41.24991542527668,41.24991542527668,100.0
530,2,35.38995816783792,35.38995816783792,100.0
540,0,35.57664598699982,35.57664598699982,100.0
540,1,43.24017787367473,43.24017787367473,100.0
540,2,21.18317613932544,21.18317613932544,100.0
550,0,26.400743379582746,26.400743379582746,100.0
550,1,29.709556841416607,29.709556841416607,100.0
550,2,43.889699779000644,43.889699779000644,100.0
