timestamp,ueImsi,sliceId,dTxBytes,dRxBytes,plr,resourceSharePct,dLostPackets,throughputMbps,bufferBytes
1510,1,0,35144,36672,0.00,49.74,0,29.3376,234665
1510,2,0,35144,21392,39.13,49.74,9,17.1136,1546876
1510,3,1,1014,78,92.31,31.10,12,0.0624,87
1510,4,1,1014,936,7.69,31.10,1,0.7488,21
1510,5,2,256,0,100.00,19.16,2,0.0000,137
1510,6,2,256,0,100.00,19.16,2,0.0000,137
1510,7,2,256,256,0.00,19.16,0,0.2048,137
1510,8,2,256,0,100.00,19.16,2,0.0000,665
1510,9,2,256,0,100.00,19.16,2,0.0000,137
1510,10,2,256,256,0.00,19.16,0,0.2048,137
