timestamp,ueImsi,sliceId,dTxBytes,dRxBytes,plr,resourceSharePct,dLostPackets,throughputMbps,bufferBytes
560,1,0,24448,1528,93.75,48.89,15,1.2224,134544
560,2,0,24448,1528,93.75,48.89,15,1.2224,134542
560,3,0,24448,1528,93.75,48.89,15,1.2224,134438
560,4,0,24448,1528,93.75,48.89,15,1.2224,134440
560,5,0,24448,1528,93.75,48.89,15,1.2224,134540
560,6,1,390,312,20.00,26.19,1,0.2496,169
560,7,1,390,312,20.00,26.19,1,0.2496,169
560,8,1,390,312,20.00,26.19,1,0.2496,169
560,9,1,390,312,20.00,26.19,1,0.2496,169
560,10,1,390,312,20.00,26.19,1,0.2496,169
560,11,2,16000,768,95.20,24.92,119,0.6144,90884
560,12,2,16000,768,95.20,24.92,119,0.6144,90976
560,13,2,16000,768,95.20,24.92,119,0.6144,90892
560,14,2,16000,640,96.00,24.92,120,0.5120,90898
560,15,2,16000,768,95.20,24.92,119,0.6144,90952
560,16,2,16000,768,95.20,24.92,119,0.6144,90945
560,17,2,16000,640,96.00,24.92,120,0.5120,90930
560,18,2,16000,768,95.20,24.92,119,0.6144,90939
560,19,2,16000,768,95.20,24.92,119,0.6144,90953
560,20,2,16000,768,95.20,24.92,119,0.6144,90944
