timestamp,ueImsi,sliceId,dTxBytes,dRxBytes,plr,resourceSharePct,dLostPackets,throughputMbps,bufferBytes
1510,1,0,35144,24448,30.43,26.66,7,19.5584,307862
1510,2,0,35144,15280,56.52,26.66,13,12.2240,1628151
1510,3,1,1014,3744,0.00,60.00,0,2.9952,87
1510,4,1,1014,936,7.69,60.00,1,0.7488,87
1510,5,2,256,0,100.00,13.33,2,0.0000,401
1510,6,2,256,384,0.00,13.33,0,0.3072,137
1510,7,2,256,256,0.00,13.33,0,0.2048,137
1510,8,2,256,0,100.00,13.33,2,0.0000,137
1510,9,2,256,0,100.00,13.33,2,0.0000,401
1510,10,2,256,256,0.00,13.33,0,0.2048,137
