timestamp,ueImsi,sliceId,dTxBytes,dRxBytes,plr,resourceSharePct,dLostPackets,throughputMbps,bufferBytes
1510,1,0,35144,45840,0.00,40.46,0,36.6720,1524593
1510,2,0,35144,35144,0.00,40.46,0,28.1152,1537
1510,3,1,1014,936,7.69,33.99,1,0.7488,87
1510,4,1,1014,936,7.69,33.99,1,0.7488,87
1510,5,2,256,256,0.00,25.55,0,0.2048,137
1510,6,2,256,0,100.00,25.55,2,0.0000,137
1510,7,2,256,0,100.00,25.55,2,0.0000,137
1510,8,2,256,256,0.00,25.55,0,0.2048,137
1510,9,2,256,256,0.00,25.55,0,0.2048,137
1510,10,2,256,256,0.00,25.55,0,0.2048,137
