timestamp,ueImsi,sliceId,dTxBytes,dRxBytes,plr,resourceSharePct,dLostPackets,throughputMbps,bufferBytes
1510,1,0,18336,0,100.00,24.28,12,0.0000,1711354
1510,2,0,18336,3056,83.33,24.28,10,2.4448,1503458
1510,3,0,18336,4584,75.00,24.28,9,3.6672,1219061
1510,4,0,18336,0,100.00,24.28,12,0.0000,1250483
1510,5,0,18336,0,100.00,24.28,12,0.0000,1654088
1510,6,1,390,390,0.00,41.21,0,0.3120,87
1510,7,1,390,0,100.00,41.21,5,0.0000,87
1510,8,1,390,390,0.00,41.21,0,0.3120,87
1510,9,1,390,468,0.00,41.21,0,0.3744,169
1510,10,1,390,0,100.00,41.21,5,0.0000,743
1510,11,2,384,256,33.33,34.51,1,0.2048,137
1510,12,2,384,256,33.33,34.51,1,0.2048,137
1510,13,2,384,256,33.33,34.51,1,0.2048,137
1510,14,2,384,256,33.33,34.51,1,0.2048,137
1510,15,2,384,256,33.33,34.51,1,0.2048,79
1510,16,2,384,0,100.00,34.51,3,0.0000,137
1510,17,2,384,256,33.33,34.51,1,0.2048,137
1510,18,2,384,0,100.00,34.51,3,0.0000,137
1510,19,2,384,256,33.33,34.51,1,0.2048,137
1510,20,2,384,256,33.33,34.51,1,0.2048,137
