timestamp,sliceId,dedicatedPRB,minPRB,maxPRB
510,0,47.0536839231816,47.0536839231816,100.0
510,1,28.035255033223816,28.035255033223816,100.0
510,2,24.911061043594575,24.911061043594575,100.0
520,0,38.51459927962006,38.51459927962006,100.0
520,1,25.170855382813794,25.170855382813794,100.0
520,2,36.314545337566145,36.314545337566145,100.0
530,0,32.15147361938786,32.15147361938786,100.0
530,1,25.66453153113168,25.66453153113168,100.0
530,2,42.18399484948046,42.18399484948046,100.0
540,0,39.4190394456437,39.4190394456437,100.0
540,1,27.082743454794294,27.082743454794294,100.0
540,2,33.49821709956201,33.49821709956201,100.0
550,0,32.285057882969944,32.285057882969944,100.0
550,1,26.815635564635777,26.815635564635777,100.0
550,2,40.89930655239428,40.89930655239428,100.0
