timestamp,sliceId,dedicatedPRB,minPRB,maxPRB
510,0,26.274430721086855,26.274430721086855,100.0
510,1,41.23362791618908,41.23362791618908,100.0
510,2,32.49194136272406,32.49194136272406,100.0
520,0,38.00488005735785,38.00488005735785,100.0
520,1,39.97847397939226,39.97847397939226,100.0
520,2,22.016645963249893,22.016645963249893,100.0
530,0,31.217706172861337,31.217706172861337,100.0
530,1,30.741983713547572,30.741983713547572,100.0
530,2,38.0403101135911,38.0403101135911,100.0
540,0,33.24871107035657,33.24871107035657,100.0
540,1,38.34892011670302,38.34892011670302,100.0
540,2,28.402368812940416,28.402368812940416,100.0
550,0,24.21134813302347,24.21134813302347,100.0
550,1,54.73401735811094,54.73401735811094,100.0
550,2,21.05463450886559,21.05463450886559,100.0
