timestamp,ueImsi,sliceId,dTxBytes,dRxBytes,plr,resourceSharePct,dLostPackets,throughputMbps,bufferBytes
740,1,0,24448,4584,81.25,41.66,13,3.6672,543890
740,2,0,24448,4584,81.25,41.66,13,3.6672,542257
740,3,0,24448,3056,87.50,41.66,14,2.4448,541472
740,4,0,24448,4584,81.25,41.66,13,3.6672,539042
740,5,0,24448,4584,81.25,41.66,13,3.6672,538757
740,6,1,390,390,0.00,40.00,0,0.3120,87
740,7,1,390,390,0.00,40.00,0,0.3120,87
740,8,1,390,390,0.00,40.00,0,0.3120,87
740,9,1,390,390,0.00,40.00,0,0.3120,87
740,10,1,390,390,0.00,40.00,0,0.3120,87
740,11,2,16000,512,96.80,18.34,121,0.4096,369305
740,12,2,16000,384,97.60,18.34,122,0.3072,369630
740,13,2,16000,512,96.80,18.34,121,0.4096,368996
740,14,2,16000,640,96.00,18.34,120,0.5120,367553
740,15,2,16000,640,96.00,18.34,120,0.5120,366529
740,16,2,16000,768,95.20,18.34,119,0.6144,366248
740,17,2,16000,640,96.00,18.34,120,0.5120,366056
740,18,2,16000,640,96.00,18.34,120,0.5120,365477
740,19,2,16000,768,95.20,18.34,119,0.6144,365196
740,20,2,16000,768,95.20,18.34,119,0.6144,364897
