timestamp,ueImsi,sliceId,dTxBytes,dRxBytes,plr,resourceSharePct,dLostPackets,throughputMbps,bufferBytes
1510,1,0,18336,16808,8.33,24.84,1,13.4464,1246
1510,2,0,18336,12224,33.33,24.84,4,9.7792,502226
1510,3,0,18336,15280,16.67,24.84,2,12.2240,137277
1510,4,0,18336,7640,58.33,24.84,7,6.1120,1029224
1510,5,0,18336,0,100.00,24.84,12,0.0000,1679516
1510,6,1,390,156,60.00,38.35,3,0.1248,169
1510,7,1,390,390,0.00,38.35,0,0.3120,87
1510,8,1,390,3666,0.00,38.35,0,2.9328,87
1510,9,1,390,0,100.00,38.35,5,0.0000,251
1510,10,1,390,390,0.00,38.35,0,0.3120,87
1510,11,2,384,256,33.33,36.82,1,0.2048,112
1510,12,2,384,0,100.00,36.82,3,0.0000,137
1510,13,2,384,256,33.33,36.82,1,0.2048,137
1510,14,2,384,0,100.00,36.82,3,0.0000,1057
1510,15,2,384,256,33.33,36.82,1,0.2048,137
1510,16,2,384,256,33.33,36.82,1,0.2048,137
1510,17,2,384,0,100.00,36.82,3,0.0000,137
1510,18,2,384,0,100.00,36.82,3,0.0000,533
1510,19,2,384,256,33.33,36.82,1,0.2048,137
1510,20,2,384,0,100.00,36.82,3,0.0000,137
