timestamp,ueImsi,sliceId,dTxBytes,dRxBytes,plr,resourceSharePct,dLostPackets,throughputMbps,bufferBytes
560,1,0,24448,1528,93.75,32.40,15,1.2224,134955
560,2,0,24448,1528,93.75,32.40,15,1.2224,134947
560,3,0,24448,1528,93.75,32.40,15,1.2224,134952
560,4,0,24448,1528,93.75,32.40,15,1.2224,134939
560,5,0,24448,1528,93.75,32.40,15,1.2224,134942
560,6,1,390,312,20.00,45.94,1,0.2496,169
560,7,1,390,312,20.00,45.94,1,0.2496,169
560,8,1,390,312,20.00,45.94,1,0.2496,169
560,9,1,390,312,20.00,45.94,1,0.2496,169
560,10,1,390,312,20.00,45.94,1,0.2496,169
560,11,2,16000,768,95.20,21.66,119,0.6144,89921
560,12,2,16000,768,95.20,21.66,119,0.6144,89916
560,13,2,16000,768,95.20,21.66,119,0.6144,89906
560,14,2,16000,768,95.20,21.66,119,0.6144,89897
560,15,2,16000,640,96.00,21.66,120,0.5120,89969
560,16,2,16000,640,96.00,21.66,120,0.5120,89988
560,17,2,16000,640,96.00,21.66,120,0.5120,89998
560,18,2,16000,640,96.00,21.66,120,0.5120,89897
560,19,2,16000,640,96.00,21.66,120,0.5120,89968
560,20,2,16000,640,96.00,21.66,120,0.5120,89968
