timestamp,sliceId,dedicatedPRB,minPRB,maxPRB
510,0,38.471732776640756,38.471732776640756,100.0
510,1,36.58813508329596,36.58813508329596,100.0
510,2,24.94013214006329,24.94013214006329,100.0
520,0,32.538894259786744,32.538894259786744,100.0
520,1,37.252499284229266,37.252499284229266,100.0
520,2,30.20860645598399,30.20860645598399,100.0
530,0,34.074111544519155,34.074111544519155,100.0
530,1,35.50118818416953,35.50118818416953,100.0
530,2,30.424700271311323,30.424700271311323,100.0
540,0,27.15093799263737,27.15093799263737,100.0
540,1,30.127263405538656,30.127263405538656,100.0
540,2,42.72179860182398,42.72179860182398,100.0
550,0,50.70291355041906,50.70291355041906,100.0
550,1,28.379160152526794,28.379160152526794,100.0
550,2,20.917926297054144,20.917926297054144,100.0
560,0,24.797897504917124,24.797897504917124,100.0
560,1,45.3534150401946,45.3534150401946,100.0
560,2,29.84868745488829,29.84868745488829,100.0
570,0,28.614709849806307,28.614709849806307,100.0
570,1,48.935813147970784,48.935813147970784,100.0
570,2,22.449477002222906,22.449477002222906,100.0
580,0,35.70423389762517,35.70423389762517,100.0
580,1,37.61561526322044,37.61561526322044,100.0
580,2,26.680150839154393,26.680150839154393,100.0
590,0,40.473161830791874,40.473161830791874,100.0
590,1,30.53268254209827,30.53268254209827,100.0
590,2,28.99415562710985,28.99415562710985,100.0
600,0,36.78030215648928,36.78030215648928,100.0
600,1,34.081636990765716,34.081636990765716,100.0
600,2,29.138060852745014,29.138060852745014,100.0
610,0,33.971614560176825,33.971614560176825,100.0
610,1,40.53963513545542,40.53963513545542,100.0
610,2,25.488750304367752,25.488750304367752,100.0
620,0,29.60563061284401,29.60563061284401,100.0
620,1,47.96983261402591,47.96983261402591,100.0
620,2,22.424536773130082,22.424536773130082,100.0
630,0,29.92583576515177,29.92583576515177,100.0
630,1,28.17407899574531,28.17407899574531,100.0
630,2,41.90008523910292,41.90008523910292,100.0
640,0,31.80164557034641,31.80164557034641,100.0
640,1,31.242214102411523,31.242214102411523,100.0
640,2,36.95614032724207,36.95614032724207,100.0
650,0,34.18972072679727,34.18972072679727,100.0
650,1,33.79496797994512,33.79496797994512,100.0
650,2,32.01531129325761,32.01531129325761,100.0
660,0,25.681788470318807,25.681788470318807,100.0
660,1,46.32408208079873,46.32408208079873,100.0
660,2,27.994129448882465,27.994129448882465,100.0
670,0,42.294289122142324,42.294289122142324,100.0
670,1,28.781526830250854,28.781526830250854,100.0
670,2,28.924184047606825,28.924184047606825,100.0
680,0,32.87630613993104,32.87630613993104,100.0
680,1,43.71868861883777,43.71868861883777,100.0
680,2,23.405005241231198,23.405005241231198,100.0
690,0,51.80859159565829,51.80859159565829,100.0
690,1,28.96918185699853,28.96918185699853,100.0
690,2,19.22222654734318,19.22222654734318,100.0
700,0,32.870988503417685,32.870988503417685,100.0
700,1,34.90230601298023,34.90230601298023,100.0
700,2,32.22670548360208,32.22670548360208,100.0
710,0,28.495669556432617,28.495669556432617,100.0
710,1,32.33390467027592,32.33390467027592,100.0
710,2,39.17042577329147,39.17042577329147,100.0
720,0,31.032082065938692,31.032082065938692,100.0
720,1,31.434463034727095,31.434463034727095,100.0
720,2,37.53345489933422,37.53345489933422,100.0
730,0,26.303980422913686,26.303980422913686,100.0
730,1,26.56040302201831,26.56040302201831,100.0
730,2,47.135616555068005,47.135616555068005,100.0
740,0,28.909559655350712,28.909559655350712,100.0
740,1,51.44535078914241,51.44535078914241,100.0
740,2,19.64508955550687,19.64508955550687,100.0
750,0,22.128035042296695,22.128035042296695,100.0
750,1,47.66933934962199,47.66933934962199,100.0
750,2,30.202625608081313,30.202625608081313,100.0
760,0,39.17836664884299,39.17836664884299,100.0
760,1,33.35854810736135,33.35854810736135,100.0
760,2,27.46308524379566,27.46308524379566,100.0
770,0,43.210580953006804,43.210580953006804,100.0
770,1,35.87407602453594,35.87407602453594,100.0
770,2,20.915343022457257,20.915343022457257,100.0
780,0,35.96286908010866,35.96286908010866,100.0
780,1,44.35571243224322,44.35571243224322,100.0
780,2,19.68141848764812,19.68141848764812,100.0
790,0,24.650547463100942,24.650547463100942,100.0
790,1,38.73723351795485,38.73723351795485,100.0
790,2,36.6122190189442,36.6122190189442,100.0
800,0,23.718026886708554,23.718026886708554,100.0
800,1,37.91447512364634,37.91447512364634,100.0
800,2,38.3674979896451,38.3674979896451,100.0
810,0,24.293169415758058,24.293169415758058,100.0
810,1,32.012097118732264,32.012097118732264,100.0
810,2,43.694733465509685,43.694733465509685,100.0
820,0,32.4679029729722,32.4679029729722,100.0
820,1,46.2392681811623,46.2392681811623,100.0
820,2,21.292828845865504,21.292828845865504,100.0
830,0,24.568554339405406,24.568554339405406,100.0
830,1,54.72967137759079,54.72967137759079,100.0
830,2,20.701774283003804,20.701774283003804,100.0
840,0,43.24644124427153,43.24644124427153,100.0
840,1,26.008360364024924,26.008360364024924,100.0
840,2,30.74519839170355,30.74519839170355,100.0
850,0,48.936587440621295,48.936587440621295,100.0
850,1,28.432170244800304,28.432170244800304,100.0
850,2,22.631242314578405,22.631242314578405,100.0
860,0,49.49206875513854,49.49206875513854,100.0
860,1,30.389159014127454,30.389159014127454,100.0
860,2,20.118772230734002,20.118772230734002,100.0
870,0,42.30897382026891,42.30897382026891,100.0
870,1,30.00141643458722,30.00141643458722,100.0
870,2,27.689609745143873,27.689609745143873,100.0
880,0,26.615048841483734,26.615048841483734,100.0
880,1,39.080314124733086,39.080314124733086,100.0
880,2,34.30463703378318,34.30463703378318,100.0
890,0,40.10065398395138,40.10065398395138,100.0
890,1,30.28859703643082,30.28859703643082,100.0
890,2,29.61074897961779,29.61074897961779,100.0
900,0,34.58082547702579,34.58082547702579,100.0
900,1,37.85529743560245,37.85529743560245,100.0
900,2,27.56387708737175,27.56387708737175,100.0
910,0,21.233689849985197,21.233689849985197,100.0
910,1,40.64001773620432,40.64001773620432,100.0
910,2,38.126292413810475,38.126292413810475,100.0
920,0,26.92240554082671,26.92240554082671,100.0
920,1,35.466587675762554,35.466587675762554,100.0
920,2,37.611006783410744,37.611006783410744,100.0
930,0,38.836415328755876,38.836415328755876,100.0
930,1,33.56527372844711,33.56527372844711,100.0
930,2,27.59831094279701,27.59831094279701,100.0
940,0,32.01547750726817,32.01547750726817,100.0
940,1,37.23425718273248,37.23425718273248,100.0
940,2,30.750265309999342,30.750265309999342,100.0
950,0,38.82683001607485,38.82683001607485,100.0
950,1,42.68610615940124,42.68610615940124,100.0
950,2,18.487063824523897,18.487063824523897,100.0
960,0,43.441014121280006,43.441014121280006,100.0
960,1,32.232147299713034,32.232147299713034,100.0
960,2,24.326838579006953,24.326838579006953,100.0
970,0,31.627458153605826,31.627458153605826,100.0
970,1,39.15010880949506,39.15010880949506,100.0
970,2,29.222433036899115,29.222433036899115,100.0
980,0,24.785455542520662,24.785455542520662,100.0
980,1,32.34327213723582,32.34327213723582,100.0
980,2,42.87127232024351,42.87127232024351,100.0
990,0,38.01379790946876,38.01379790946876,100.0
990,1,35.668167873073095,35.668167873073095,100.0
990,2,26.318034217458152,26.318034217458152,100.0
1000,0,24.421216148150634,24.421216148150634,100.0
1000,1,46.38603663631731,46.38603663631731,100.0
1000,2,29.192747215532055,29.192747215532055,100.0
1010,0,39.26907122445853,39.26907122445853,100.0
1010,1,33.59054444075195,33.59054444075195,100.0
1010,2,27.140384334789523,27.140384334789523,100.0
1020,0,38.966330195955386,38.966330195955386,100.0
1020,1,24.539924164559558,24.539924164559558,100.0
1020,2,36.493745639485056,36.493745639485056,100.0
1030,0,42.781945909743655,42.781945909743655,100.0
1030,1,24.91355243396892,24.91355243396892,100.0
1030,2,32.30450165628742,32.30450165628742,100.0
1040,0,30.9674555296235,30.9674555296235,100.0
1040,1,33.92267556682957,33.92267556682957,100.0
1040,2,35.10986890354694,35.10986890354694,100.0
1050,0,32.848731114582755,32.848731114582755,100.0
1050,1,41.396582574198334,41.396582574198334,100.0
1050,2,25.75468631121891,25.75468631121891,100.0
1060,0,41.41977622819225,41.41977622819225,100.0
1060,1,27.768805228790406,27.768805228790406,100.0
1060,2,30.81141854301736,30.81141854301736,100.0
1070,0,29.3442607129525,29.3442607129525,100.0
1070,1,39.27283040641058,39.27283040641058,100.0
1070,2,31.38290888063693,31.38290888063693,100.0
1080,0,37.81419653661144,37.81419653661144,100.0
1080,1,37.93352721277694,37.93352721277694,100.0
1080,2,24.252276250611626,24.252276250611626,100.0
1090,0,43.79994829165072,43.79994829165072,100.0
1090,1,28.691724557711247,28.691724557711247,100.0
1090,2,27.508327150638024,27.508327150638024,100.0
1100,0,44.73063892530787,44.73063892530787,100.0
1100,1,34.24152691243781,34.24152691243781,100.0
1100,2,21.027834162254305,21.027834162254305,100.0
1110,0,28.698178908434247,28.698178908434247,100.0
1110,1,45.56901582517102,45.56901582517102,100.0
1110,2,25.73280526639473,25.73280526639473,100.0
1120,0,42.493059129365854,42.493059129365854,100.0
1120,1,26.837904847579846,26.837904847579846,100.0
1120,2,30.669036023054307,30.669036023054307,100.0
1130,0,26.393151364702717,26.393151364702717,100.0
1130,1,33.789357277197695,33.789357277197695,100.0
1130,2,39.81749135809959,39.81749135809959,100.0
1140,0,31.052972777641163,31.052972777641163,100.0
1140,1,38.09184475487763,38.09184475487763,100.0
1140,2,30.855182467481214,30.855182467481214,100.0
1150,0,39.17306375006149,39.17306375006149,100.0
1150,1,39.009939957389975,39.009939957389975,100.0
1150,2,21.816996292548545,21.816996292548545,100.0
1160,0,37.24931648802513,37.24931648802513,100.0
1160,1,40.998950266947546,40.998950266947546,100.0
1160,2,21.75173324502732,21.75173324502732,100.0
1170,0,29.82707424815606,29.82707424815606,100.0
1170,1,33.85679157038642,33.85679157038642,100.0
1170,2,36.316134181457514,36.316134181457514,100.0
1180,0,25.894323813664567,25.894323813664567,100.0
1180,1,27.038386570802796,27.038386570802796,100.0
1180,2,47.06728961553264,47.06728961553264,100.0
1190,0,31.175912651565735,31.175912651565735,100.0
1190,1,32.58058425458323,32.58058425458323,100.0
1190,2,36.24350309385104,36.24350309385104,100.0
1200,0,37.763768460295296,37.763768460295296,100.0
1200,1,29.145655930064347,29.145655930064347,100.0
1200,2,33.09057560964036,33.09057560964036,100.0
1210,0,52.75116534697156,52.75116534697156,100.0
1210,1,27.315079167013305,27.315079167013305,100.0
1210,2,19.933755486015137,19.933755486015137,100.0
1220,0,42.62015177440057,42.62015177440057,100.0
1220,1,36.23883046797117,36.23883046797117,100.0
1220,2,21.14101775762825,21.14101775762825,100.0
1230,0,41.315460714545026,41.315460714545026,100.0
1230,1,29.36383754369328,29.36383754369328,100.0
1230,2,29.320701741761688,29.320701741761688,100.0
1240,0,28.018378034952384,28.018378034952384,100.0
1240,1,28.964672420822886,28.964672420822886,100.0
1240,2,43.01694954422472,43.01694954422472,100.0
1250,0,25.96844454217878,25.96844454217878,100.0
1250,1,29.655349248780325,29.655349248780325,100.0
1250,2,44.376206209040895,44.376206209040895,100.0
1260,0,40.057068550596874,40.057068550596874,100.0
1260,1,33.70880611335859,33.70880611335859,100.0
1260,2,26.234125336044528,26.234125336044528,100.0
1270,0,22.666557225975197,22.666557225975197,100.0
1270,1,39.73062281715079,39.73062281715079,100.0
1270,2,37.60281995687402,37.60281995687402,100.0
1280,0,29.972544466240226,29.972544466240226,100.0
1280,1,43.90013062067435,43.90013062067435,100.0
1280,2,26.12732491308543,26.12732491308543,100.0
1290,0,28.59643263990645,28.59643263990645,100.0
1290,1,28.110501875576865,28.110501875576865,100.0
1290,2,43.29306548451668,43.29306548451668,100.0
1300,0,29.3483838627697,29.3483838627697,100.0
1300,1,41.271299479954706,41.271299479954706,100.0
1300,2,29.380316657275586,29.380316657275586,100.0
1310,0,24.40805430499711,24.40805430499711,100.0
1310,1,35.961992860577865,35.961992860577865,100.0
1310,2,39.62995283442503,39.62995283442503,100.0
1320,0,45.88470716195787,45.88470716195787,100.0
1320,1,29.337732707460347,29.337732707460347,100.0
1320,2,24.777560130581783,24.777560130581783,100.0
1330,0,27.792278108975033,27.792278108975033,100.0
1330,1,35.85016189678241,35.85016189678241,100.0
1330,2,36.357559994242564,36.357559994242564,100.0
1340,0,32.07302719244359,32.07302719244359,100.0
1340,1,40.294262462344484,40.294262462344484,100.0
1340,2,27.63271034521193,27.63271034521193,100.0
1350,0,25.293111134220453,25.293111134220453,100.0
1350,1,53.68785598749748,53.68785598749748,100.0
1350,2,21.01903287828206,21.01903287828206,100.0
1360,0,34.58529788807802,34.58529788807802,100.0
1360,1,39.53763287460556,39.53763287460556,100.0
1360,2,25.877069237316412,25.877069237316412,100.0
1370,0,42.1522587552455,42.1522587552455,100.0
1370,1,34.69958164847314,34.69958164847314,100.0
1370,2,23.148159596281353,23.148159596281353,100.0
1380,0,23.941367254494438,23.941367254494438,100.0
1380,1,33.26523235344418,33.26523235344418,100.0
1380,2,42.79340039206138,42.79340039206138,100.0
1390,0,36.35800873193416,36.35800873193416,100.0
1390,1,28.081824332008587,28.081824332008587,100.0
1390,2,35.56016693605725,35.56016693605725,100.0
1400,0,50.09949488850154,50.09949488850154,100.0
1400,1,27.540327416226653,27.540327416226653,100.0
1400,2,22.36017769527181,22.36017769527181,100.0
1410,0,47.08354022241317,47.08354022241317,100.0
1410,1,33.09552157801197,33.09552157801197,100.0
1410,2,19.82093819957487,19.82093819957487,100.0
1420,0,36.3162004192765,36.3162004192765,100.0
1420,1,27.453637278937055,27.453637278937055,100.0
1420,2,36.230162301786436,36.230162301786436,100.0
1430,0,31.747308449292298,31.747308449292298,100.0
1430,1,31.3052546804102,31.3052546804102,100.0
1430,2,36.9474368702975,36.9474368702975,100.0
1440,0,31.381070218465457,31.381070218465457,100.0
1440,1,26.26571258197502,26.26571258197502,100.0
1440,2,42.35321719955952,42.35321719955952,100.0
1450,0,32.39767668023278,32.39767668023278,100.0
1450,1,37.91237290706011,37.91237290706011,100.0
1450,2,29.689950412707113,29.689950412707113,100.0
1460,0,37.49006992288748,37.49006992288748,100.0
1460,1,43.79938762353686,43.79938762353686,100.0
1460,2,18.71054245357567,18.71054245357567,100.0
1470,0,52.27065839906281,52.27065839906281,100.0
1470,1,27.32038979360376,27.32038979360376,100.0
1470,2,20.40895180733343,20.40895180733343,100.0
1480,0,32.68822021686135,32.68822021686135,100.0
1480,1,41.25761023478709,41.25761023478709,100.0
1480,2,26.05416954835156,26.05416954835156,100.0
1490,0,39.042718928053844,39.042718928053844,100.0
1490,1,36.53588933578289,36.53588933578289,100.0
1490,2,24.421391736163265,24.421391736163265,100.0
1500,0,33.10813207968635,33.10813207968635,100.0
1500,1,44.80147087516643,44.80147087516643,100.0
1500,2,22.090397045147228,22.090397045147228,100.0
