timestamp,ueImsi,sliceId,dTxBytes,dRxBytes,plr,resourceSharePct,dLostPackets,throughputMbps,bufferBytes
560,1,0,24448,3056,87.50,28.50,14,2.4448,134446
560,2,0,24448,3056,87.50,28.50,14,2.4448,134446
560,3,0,24448,3056,87.50,28.50,14,2.4448,134362
560,4,0,24448,3056,87.50,28.50,14,2.4448,134363
560,5,0,24448,3056,87.50,28.50,14,2.4448,134352
560,6,1,390,312,20.00,50.60,1,0.2496,169
560,7,1,390,312,20.00,50.60,1,0.2496,169
560,8,1,390,312,20.00,50.60,1,0.2496,169
560,9,1,390,312,20.00,50.60,1,0.2496,169
560,10,1,390,312,20.00,50.60,1,0.2496,169
560,11,2,16000,640,96.00,20.91,120,0.5120,91455
560,12,2,16000,640,96.00,20.91,120,0.5120,91363
560,13,2,16000,640,96.00,20.91,120,0.5120,91456
560,14,2,16000,640,96.00,20.91,120,0.5120,91457
560,15,2,16000,640,96.00,20.91,120,0.5120,91433
560,16,2,16000,640,96.00,20.91,120,0.5120,91333
560,17,2,16000,640,96.00,20.91,120,0.5120,91352
560,18,2,16000,768,95.20,20.91,119,0.6144,91336
560,19,2,16000,640,96.00,20.91,120,0.5120,91523
560,20,2,16000,640,96.00,20.91,120,0.5120,91430
