timestamp,ueImsi,sliceId,dTxBytes,dRxBytes,plr,resourceSharePct,dLostPackets,throughputMbps,bufferBytes
1510,1,0,35144,29032,17.39,27.78,4,23.2256,169171
1510,2,0,35144,16808,52.17,27.78,12,13.4464,1500288
1510,3,1,1014,0,100.00,44.66,13,0.0000,87
1510,4,1,1014,936,7.69,44.66,1,0.7488,87
1510,5,2,256,0,100.00,27.55,2,0.0000,137
1510,6,2,256,384,0.00,27.55,0,0.3072,137
1510,7,2,256,256,0.00,27.55,0,0.2048,137
1510,8,2,256,0,100.00,27.55,2,0.0000,269
1510,9,2,256,0,100.00,27.55,2,0.0000,137
1510,10,2,256,256,0.00,27.55,0,0.2048,137
