timestamp,sliceId,dedicatedPRB,minPRB,maxPRB
510,0,42.94651186996377,42.94651186996377,100.0
510,1,32.91141028417847,32.91141028417847,100.0
510,2,24.142077845857763,24.142077845857763,100.0
520,0,22.46634371535463,22.46634371535463,100.0
520,1,33.556116884581186,33.556116884581186,100.0
520,2,43.97753940006418,43.97753940006418,100.0
530,0,35.91168975830535,35.91168975830535,100.0
530,1,35.68940302597837,35.68940302597837,100.0
530,2,28.39890721571629,28.39890721571629,100.0
540,0,47.109722290934535,47.109722290934535,100.0
540,1,25.67915146863894,25.67915146863894,100.0
540,2,27.21112624042652,27.21112624042652,100.0
550,0,32.815732450709994,32.815732450709994,100.0
550,1,29.784031913879954,29.784031913879954,100.0
550,2,37.40023563541005,37.40023563541005,100.0
560,0,35.436073233349006,35.436073233349006,100.0
560,1,43.68634377044302,43.68634377044302,100.0
560,2,20.877582996207973,20.877582996207973,100.0
570,0,23.524641981795565,23.524641981795565,100.0
570,1,26.554332812261887,26.554332812261887,100.0
570,2,49.92102520594255,49.92102520594255,100.0
580,0,36.03109179585836,36.03109179585836,100.0
580,1,45.28155686655348,45.28155686655348,100.0
580,2,18.687351337588158,18.687351337588158,100.0
590,0,25.94558973543976,25.94558973543976,100.0
590,1,28.80122862999186,28.80122862999186,100.0
590,2,45.25318163456838,45.25318163456838,100.0
600,0,36.5376746187961,36.5376746187961,100.0
600,1,46.337014895970405,46.337014895970405,100.0
600,2,17.1253104852335,17.1253104852335,100.0
610,0,23.888434150835415,23.888434150835415,100.0
610,1,31.14433888088971,31.14433888088971,100.0
610,2,44.96722696827488,44.96722696827488,100.0
620,0,35.88573807357759,35.88573807357759,100.0
620,1,46.76573539972119,46.76573539972119,100.0
620,2,17.348526526701217,17.348526526701217,100.0
630,0,24.255994255806616,24.255994255806616,100.0
630,1,38.81221810659542,38.81221810659542,100.0
630,2,36.93178763759797,36.93178763759797,100.0
640,0,36.92113426874315,36.92113426874315,100.0
640,1,41.05910951483144,41.05910951483144,100.0
640,2,22.019756216425417,22.019756216425417,100.0
650,0,27.704098065397197,27.704098065397197,100.0
650,1,32.74419943600784,32.74419943600784,100.0
650,2,39.55170249859496,39.55170249859496,100.0
