timestamp,sliceId,dedicatedPRB,minPRB,maxPRB
510,0,29.556146291916065,29.556146291916065,100.0
510,1,42.56218309995731,42.56218309995731,100.0
510,2,27.88167060812663,27.88167060812663,100.0
520,0,38.03599952466808,38.03599952466808,100.0
520,1,31.845460222036365,31.845460222036365,100.0
520,2,30.118540253295556,30.118540253295556,100.0
530,0,25.377592669203704,25.377592669203704,100.0
530,1,30.344865139028066,30.344865139028066,100.0
530,2,44.27754219176824,44.27754219176824,100.0
540,0,44.88413851605754,44.88413851605754,100.0
540,1,32.22469274346986,32.22469274346986,100.0
540,2,22.891168740472608,22.891168740472608,100.0
550,0,50.46840928157437,50.46840928157437,100.0
550,1,27.678825005534268,27.678825005534268,100.0
550,2,21.85276571289138,21.85276571289138,100.0
560,0,35.380770143496406,35.380770143496406,100.0
560,1,30.51916706020881,30.51916706020881,100.0
560,2,34.10006279629478,34.10006279629478,100.0
570,0,42.10523788917439,42.10523788917439,100.0
570,1,25.90375754228649,25.90375754228649,100.0
570,2,31.991004568539132,31.991004568539132,100.0
580,0,23.748268236433752,23.748268236433752,100.0
580,1,32.201577207157406,32.201577207157406,100.0
580,2,44.05015455640884,44.05015455640884,100.0
590,0,36.07727563196041,36.07727563196041,100.0
590,1,35.840431176211574,35.840431176211574,100.0
590,2,28.082293191828022,28.082293191828022,100.0
600,0,39.442931138184925,39.442931138184925,100.0
600,1,24.8409817992434,24.8409817992434,100.0
600,2,35.716087062571674,35.716087062571674,100.0
610,0,24.93422713245349,24.93422713245349,100.0
610,1,32.25402468082986,32.25402468082986,100.0
610,2,42.811748186716656,42.811748186716656,100.0
620,0,34.126540136553466,34.126540136553466,100.0
620,1,46.221418708212944,46.221418708212944,100.0
620,2,19.652041155233594,19.652041155233594,100.0
630,0,21.56823612826836,21.56823612826836,100.0
630,1,42.09508283730881,42.09508283730881,100.0
630,2,36.336681034422845,36.336681034422845,100.0
640,0,22.849726508494868,22.849726508494868,100.0
640,1,53.4041655893537,53.4041655893537,100.0
640,2,23.74610790215143,23.74610790215143,100.0
650,0,23.148219316777823,23.148219316777823,100.0
650,1,57.049081881590126,57.049081881590126,100.0
650,2,19.80269880163205,19.80269880163205,100.0
660,0,22.939440825324994,22.939440825324994,100.0
660,1,27.702406032682486,27.702406032682486,100.0
660,2,49.358153141992524,49.358153141992524,100.0
670,0,26.797540841989502,26.797540841989502,100.0
670,1,32.17482213453637,32.17482213453637,100.0
670,2,41.02763702347413,41.02763702347413,100.0
680,0,24.98226847953799,24.98226847953799,100.0
680,1,51.996800479222436,51.996800479222436,100.0
680,2,23.020931041239574,23.020931041239574,100.0
690,0,25.275735909217577,25.275735909217577,100.0
690,1,44.515643386412506,44.515643386412506,100.0
690,2,30.20862070436992,30.20862070436992,100.0
700,0,25.039849627825767,25.039849627825767,100.0
700,1,50.4447707298114,50.4447707298114,100.0
700,2,24.515379642362834,24.515379642362834,100.0
710,0,23.841960215879627,23.841960215879627,100.0
710,1,51.347206896173546,51.347206896173546,100.0
710,2,24.810832887946827,24.810832887946827,100.0
720,0,32.68459230405829,32.68459230405829,100.0
720,1,25.38912888174248,25.38912888174248,100.0
720,2,41.926278814199236,41.926278814199236,100.0
730,0,22.530918437794394,22.530918437794394,100.0
730,1,43.79472790054988,43.79472790054988,100.0
730,2,33.67435366165573,33.67435366165573,100.0
740,0,22.298312897827458,22.298312897827458,100.0
740,1,52.165131729290806,52.165131729290806,100.0
740,2,25.536555372881747,25.536555372881747,100.0
750,0,34.24022488824464,34.24022488824464,100.0
750,1,37.29657181559752,37.29657181559752,100.0
750,2,28.463203296157836,28.463203296157836,100.0
760,0,24.250790990213165,24.250790990213165,100.0
760,1,45.087358464032995,45.087358464032995,100.0
760,2,30.661850545753843,30.661850545753843,100.0
770,0,26.632203008651967,26.632203008651967,100.0
770,1,32.38947179180728,32.38947179180728,100.0
770,2,40.978325199540755,40.978325199540755,100.0
780,0,21.126029721189067,21.126029721189067,100.0
780,1,39.713139341382096,39.713139341382096,100.0
780,2,39.160830937428834,39.160830937428834,100.0
790,0,50.3695307453077,50.3695307453077,100.0
790,1,27.96986002756557,27.96986002756557,100.0
790,2,21.660609227126734,21.660609227126734,100.0
800,0,28.430424580672938,28.430424580672938,100.0
800,1,43.89585455999048,43.89585455999048,100.0
800,2,27.673720859336587,27.673720859336587,100.0
810,0,28.13853730090451,28.13853730090451,100.0
810,1,40.96384064151681,40.96384064151681,100.0
810,2,30.897622057578676,30.897622057578676,100.0
820,0,25.83909119179039,25.83909119179039,100.0
820,1,33.317038043710625,33.317038043710625,100.0
820,2,40.84387076449899,40.84387076449899,100.0
830,0,25.4225556539312,25.4225556539312,100.0
830,1,49.849046797132054,49.849046797132054,100.0
830,2,24.72839754893674,24.72839754893674,100.0
840,0,23.734770748682028,23.734770748682028,100.0
840,1,42.855432796724,42.855432796724,100.0
840,2,33.40979645459397,33.40979645459397,100.0
850,0,35.26300556463096,35.26300556463096,100.0
850,1,45.519385895514375,45.519385895514375,100.0
850,2,19.21760853985467,19.21760853985467,100.0
860,0,29.461830546233685,29.461830546233685,100.0
860,1,38.90464240691415,38.90464240691415,100.0
860,2,31.633527046852176,31.633527046852176,100.0
870,0,30.454868660486877,30.454868660486877,100.0
870,1,37.0852591600758,37.0852591600758,100.0
870,2,32.45987217943732,32.45987217943732,100.0
880,0,26.632891087433897,26.632891087433897,100.0
880,1,32.61040571356987,32.61040571356987,100.0
880,2,40.75670319899625,40.75670319899625,100.0
890,0,22.84682539911905,22.84682539911905,100.0
890,1,37.84752141226447,37.84752141226447,100.0
890,2,39.305653188616475,39.305653188616475,100.0
900,0,23.032051309600547,23.032051309600547,100.0
900,1,34.48397602884879,34.48397602884879,100.0
900,2,42.48397266155067,42.48397266155067,100.0
910,0,38.979773005950925,38.979773005950925,100.0
910,1,25.4462583009,25.4462583009,100.0
910,2,35.573968693149084,35.573968693149084,100.0
920,0,35.7071125932729,35.7071125932729,100.0
920,1,44.83122876555682,44.83122876555682,100.0
920,2,19.461658641170278,19.461658641170278,100.0
930,0,33.16676274275011,33.16676274275011,100.0
930,1,30.923479480956935,30.923479480956935,100.0
930,2,35.90975777629296,35.90975777629296,100.0
940,0,23.06016117850688,23.06016117850688,100.0
940,1,49.0443420720972,49.0443420720972,100.0
940,2,27.89549674939592,27.89549674939592,100.0
950,0,26.056071911834533,26.056071911834533,100.0
950,1,46.738671120440486,46.738671120440486,100.0
950,2,27.20525696772499,27.20525696772499,100.0
960,0,28.3654877002761,28.3654877002761,100.0
960,1,42.23705022336178,42.23705022336178,100.0
960,2,29.397462076362125,29.397462076362125,100.0
970,0,23.912232712744192,23.912232712744192,100.0
970,1,55.19634580498881,55.19634580498881,100.0
970,2,20.891421482267,20.891421482267,100.0
980,0,27.285151582409352,27.285151582409352,100.0
980,1,37.10166593745106,37.10166593745106,100.0
980,2,35.61318248013959,35.61318248013959,100.0
990,0,23.175866208287864,23.175866208287864,100.0
990,1,44.89655231387323,44.89655231387323,100.0
990,2,31.927581477838906,31.927581477838906,100.0
1000,0,30.449019675413176,30.449019675413176,100.0
1000,1,28.91848695884349,28.91848695884349,100.0
1000,2,40.63249336574334,40.63249336574334,100.0
1010,0,33.237646122175285,33.237646122175285,100.0
1010,1,33.770067023467035,33.770067023467035,100.0
1010,2,32.99228685435768,32.99228685435768,100.0
1020,0,24.37614924509324,24.37614924509324,100.0
1020,1,37.371354763134214,37.371354763134214,100.0
1020,2,38.25249599177254,38.25249599177254,100.0
1030,0,27.05612804745779,27.05612804745779,100.0
1030,1,48.68165642903883,48.68165642903883,100.0
1030,2,24.26221552350338,24.26221552350338,100.0
1040,0,21.667578776963442,21.667578776963442,100.0
1040,1,37.82343699418992,37.82343699418992,100.0
1040,2,40.50898422884664,40.50898422884664,100.0
1050,0,23.446057516876838,23.446057516876838,100.0
1050,1,47.95143969871809,47.95143969871809,100.0
1050,2,28.602502784405065,28.602502784405065,100.0
1060,0,20.733477970143177,20.733477970143177,100.0
1060,1,39.74893710681792,39.74893710681792,100.0
1060,2,39.5175849230389,39.5175849230389,100.0
1070,0,21.19632225042732,21.19632225042732,100.0
1070,1,34.9314220414885,34.9314220414885,100.0
1070,2,43.872255708084175,43.872255708084175,100.0
1080,0,21.11429629743837,21.11429629743837,100.0
1080,1,44.818972047622196,44.818972047622196,100.0
1080,2,34.06673165493943,34.06673165493943,100.0
1090,0,21.635880078681577,21.635880078681577,100.0
1090,1,43.75525292087537,43.75525292087537,100.0
1090,2,34.60886700044305,34.60886700044305,100.0
1100,0,23.70915186123761,23.70915186123761,100.0
1100,1,50.344819422418176,50.344819422418176,100.0
1100,2,25.94602871634421,25.94602871634421,100.0
1110,0,25.67200717339687,25.67200717339687,100.0
1110,1,32.01072287142096,32.01072287142096,100.0
1110,2,42.31726995518217,42.31726995518217,100.0
1120,0,23.632204996614206,23.632204996614206,100.0
1120,1,35.987101558670595,35.987101558670595,100.0
1120,2,40.3806934447152,40.3806934447152,100.0
1130,0,24.74702951499638,24.74702951499638,100.0
1130,1,29.16876361773808,29.16876361773808,100.0
1130,2,46.08420686726553,46.08420686726553,100.0
1140,0,21.540932358950236,21.540932358950236,100.0
1140,1,33.84998740487462,33.84998740487462,100.0
1140,2,44.609080236175146,44.609080236175146,100.0
1150,0,24.767812350517172,24.767812350517172,100.0
1150,1,42.620797641629004,42.620797641629004,100.0
1150,2,32.61139000785383,32.61139000785383,100.0
1160,0,37.73430136362722,37.73430136362722,100.0
1160,1,33.226440444687086,33.226440444687086,100.0
1160,2,29.039258191685697,29.039258191685697,100.0
1170,0,26.767214957232465,26.767214957232465,100.0
1170,1,26.71075031116958,26.71075031116958,100.0
1170,2,46.52203473159797,46.52203473159797,100.0
1180,0,25.213860553614253,25.213860553614253,100.0
1180,1,49.00397271240088,49.00397271240088,100.0
1180,2,25.78216673398487,25.78216673398487,100.0
1190,0,23.84075199744225,23.84075199744225,100.0
1190,1,34.15020165397679,34.15020165397679,100.0
1190,2,42.00904634858096,42.00904634858096,100.0
1200,0,38.44490760675565,38.44490760675565,100.0
1200,1,38.74411387375397,38.74411387375397,100.0
1200,2,22.810978519490394,22.810978519490394,100.0
1210,0,31.133817413400678,31.133817413400678,100.0
1210,1,25.924488711760237,25.924488711760237,100.0
1210,2,42.94169387483908,42.94169387483908,100.0
1220,0,22.786908984216865,22.786908984216865,100.0
1220,1,57.72607892675716,57.72607892675716,100.0
1220,2,19.487012089025974,19.487012089025974,100.0
1230,0,21.499136016509674,21.499136016509674,100.0
1230,1,37.09878787980466,37.09878787980466,100.0
1230,2,41.40207610368567,41.40207610368567,100.0
1240,0,23.34036067774586,23.34036067774586,100.0
1240,1,31.405213093870472,31.405213093870472,100.0
1240,2,45.25442622838367,45.25442622838367,100.0
1250,0,28.21388580595267,28.21388580595267,100.0
1250,1,28.373785136727992,28.373785136727992,100.0
1250,2,43.41232905731935,43.41232905731935,100.0
1260,0,24.327064740979225,24.327064740979225,100.0
1260,1,34.27880334909064,34.27880334909064,100.0
1260,2,41.394131909930145,41.394131909930145,100.0
1270,0,25.202326922032253,25.202326922032253,100.0
1270,1,39.03527089780897,39.03527089780897,100.0
1270,2,35.76240218015877,35.76240218015877,100.0
1280,0,23.163495633286573,23.163495633286573,100.0
1280,1,42.92640408915979,42.92640408915979,100.0
1280,2,33.91010027755364,33.91010027755364,100.0
1290,0,34.054242470891495,34.054242470891495,100.0
1290,1,29.881029461036633,29.881029461036633,100.0
1290,2,36.06472806807187,36.06472806807187,100.0
1300,0,22.855912983383288,22.855912983383288,100.0
1300,1,26.06933150416588,26.06933150416588,100.0
1300,2,51.07475551245083,51.07475551245083,100.0
1310,0,24.706172707782535,24.706172707782535,100.0
1310,1,34.90421052919616,34.90421052919616,100.0
1310,2,40.389616763021294,40.389616763021294,100.0
1320,0,27.99286941267794,27.99286941267794,100.0
1320,1,25.595977044649924,25.595977044649924,100.0
1320,2,46.411153542672146,46.411153542672146,100.0
1330,0,24.343358276705096,24.343358276705096,100.0
1330,1,31.692230644779052,31.692230644779052,100.0
1330,2,43.96441107851585,43.96441107851585,100.0
1340,0,27.419156832345838,27.419156832345838,100.0
1340,1,52.0097116492681,52.0097116492681,100.0
1340,2,20.57113151838606,20.57113151838606,100.0
1350,0,38.657413012446966,38.657413012446966,100.0
1350,1,36.182223632497504,36.182223632497504,100.0
1350,2,25.16036335505552,25.16036335505552,100.0
1360,0,23.296333748333254,23.296333748333254,100.0
1360,1,50.76460512457239,50.76460512457239,100.0
1360,2,25.939061127094355,25.939061127094355,100.0
1370,0,32.343786689289246,32.343786689289246,100.0
1370,1,32.39252213075813,32.39252213075813,100.0
1370,2,35.26369117995262,35.26369117995262,100.0
1380,0,23.10713967987395,23.10713967987395,100.0
1380,1,35.524553585868865,35.524553585868865,100.0
1380,2,41.36830673425719,41.36830673425719,100.0
1390,0,21.999947562473785,21.999947562473785,100.0
1390,1,44.3328028573674,44.3328028573674,100.0
1390,2,33.667249580158824,33.667249580158824,100.0
1400,0,22.18762773236012,22.18762773236012,100.0
1400,1,42.78158119785262,42.78158119785262,100.0
1400,2,35.03079106978728,35.03079106978728,100.0
1410,0,31.68635126292721,31.68635126292721,100.0
1410,1,40.04294079382422,40.04294079382422,100.0
1410,2,28.270707943248574,28.270707943248574,100.0
1420,0,23.119426139537293,23.119426139537293,100.0
1420,1,38.31831327410522,38.31831327410522,100.0
1420,2,38.562260586357496,38.562260586357496,100.0
1430,0,26.55075811633023,26.55075811633023,100.0
1430,1,34.339083674795006,34.339083674795006,100.0
1430,2,39.110158208874765,39.110158208874765,100.0
1440,0,23.769071250555413,23.769071250555413,100.0
1440,1,53.616641020316735,53.616641020316735,100.0
1440,2,22.61428772912786,22.61428772912786,100.0
1450,0,27.779162802440073,27.779162802440073,100.0
1450,1,46.659786252424084,46.659786252424084,100.0
1450,2,25.561050945135843,25.561050945135843,100.0
1460,0,32.58071444624173,32.58071444624173,100.0
1460,1,38.48831593302185,38.48831593302185,100.0
1460,2,28.93096962073643,28.93096962073643,100.0
1470,0,31.963588706902605,31.963588706902605,100.0
1470,1,38.18323415647683,38.18323415647683,100.0
1470,2,29.853177136620566,29.853177136620566,100.0
1480,0,24.254556666886316,24.254556666886316,100.0
1480,1,53.28694188542875,53.28694188542875,100.0
1480,2,22.45850144768494,22.45850144768494,100.0
1490,0,28.41460562182785,28.41460562182785,100.0
1490,1,35.42458997708537,35.42458997708537,100.0
1490,2,36.16080440108679,36.16080440108679,100.0
1500,0,22.770702132121436,22.770702132121436,100.0
1500,1,30.960937137229074,30.960937137229074,100.0
1500,2,46.2683607306495,46.2683607306495,100.0
