timestamp,sliceId,dedicatedPRB,minPRB,maxPRB
510,0,29.538731143637055,29.538731143637055,100.0
510,1,46.80753228103326,46.80753228103326,100.0
510,2,23.65373657532968,23.65373657532968,100.0
520,0,38.94915342516953,38.94915342516953,100.0
520,1,27.568845878781595,27.568845878781595,100.0
520,2,33.48200069604887,33.48200069604887,100.0
530,0,47.56191002410505,47.56191002410505,100.0
530,1,26.636725938711958,26.636725938711958,100.0
530,2,25.801364037183,25.801364037183,100.0
540,0,38.592878646010675,38.592878646010675,100.0
540,1,24.319280836241447,24.319280836241447,100.0
540,2,37.08784051774788,37.08784051774788,100.0
550,0,43.93767376393923,43.93767376393923,100.0
550,1,27.834224202313056,27.834224202313056,100.0
550,2,28.228102033747714,28.228102033747714,100.0
560,0,33.5623666412413,33.5623666412413,100.0
560,1,41.010271876157105,41.010271876157105,100.0
560,2,25.427361482601597,25.427361482601597,100.0
570,0,29.746657307108983,29.746657307108983,100.0
570,1,37.85014808774565,37.85014808774565,100.0
570,2,32.403194605145366,32.403194605145366,100.0
580,0,22.952535490113803,22.952535490113803,100.0
580,1,57.44892213513444,57.44892213513444,100.0
580,2,19.598542374751766,19.598542374751766,100.0
590,0,31.120008930389588,31.120008930389588,100.0
590,1,34.92200526257798,34.92200526257798,100.0
590,2,33.95798580703243,33.95798580703243,100.0
600,0,31.78859449669076,31.78859449669076,100.0
600,1,45.890077310720876,45.890077310720876,100.0
600,2,22.321328192588368,22.321328192588368,100.0
610,0,26.33168793596384,26.33168793596384,100.0
610,1,48.30655093031626,48.30655093031626,100.0
610,2,25.361761133719902,25.361761133719902,100.0
620,0,50.99414327288703,50.99414327288703,100.0
620,1,27.233487776311417,27.233487776311417,100.0
620,2,21.772368950801564,21.772368950801564,100.0
630,0,35.43265575435457,35.43265575435457,100.0
630,1,44.266741634690064,44.266741634690064,100.0
630,2,20.30060261095537,20.30060261095537,100.0
640,0,21.36211651606467,21.36211651606467,100.0
640,1,42.733016987764685,42.733016987764685,100.0
640,2,35.90486649617065,35.90486649617065,100.0
650,0,34.34859854204688,34.34859854204688,100.0
650,1,45.432788068950835,45.432788068950835,100.0
650,2,20.218613389002282,20.218613389002282,100.0
660,0,22.750781840833294,22.750781840833294,100.0
660,1,49.498894167785075,49.498894167785075,100.0
660,2,27.750323991381627,27.750323991381627,100.0
670,0,28.234051582154272,28.234051582154272,100.0
670,1,34.41142222243328,34.41142222243328,100.0
670,2,37.354526195412454,37.354526195412454,100.0
680,0,28.920828284692718,28.920828284692718,100.0
680,1,42.21944298585032,42.21944298585032,100.0
680,2,28.859728729456968,28.859728729456968,100.0
690,0,29.533243932670395,29.533243932670395,100.0
690,1,40.43552403827238,40.43552403827238,100.0
690,2,30.03123202905722,30.03123202905722,100.0
700,0,34.41497570284217,34.41497570284217,100.0
700,1,42.63257504925116,42.63257504925116,100.0
700,2,22.952449247906674,22.952449247906674,100.0
710,0,21.940149531853635,21.940149531853635,100.0
710,1,34.43433400989734,34.43433400989734,100.0
710,2,43.62551645824904,43.62551645824904,100.0
720,0,24.025927976681018,24.025927976681018,100.0
720,1,54.46698740102383,54.46698740102383,100.0
720,2,21.507084622295153,21.507084622295153,100.0
730,0,25.52633442454336,25.52633442454336,100.0
730,1,46.06578128735844,46.06578128735844,100.0
730,2,28.407884288098195,28.407884288098195,100.0
740,0,27.691318822130466,27.691318822130466,100.0
740,1,41.583031575356586,41.583031575356586,100.0
740,2,30.72564960251295,30.72564960251295,100.0
750,0,22.112624450370152,22.112624450370152,100.0
750,1,47.6137481253365,47.6137481253365,100.0
750,2,30.27362742429335,30.27362742429335,100.0
760,0,38.57890914246355,38.57890914246355,100.0
760,1,38.781067881258515,38.781067881258515,100.0
760,2,22.640022976277933,22.640022976277933,100.0
770,0,20.775168527088063,20.775168527088063,100.0
770,1,41.53384100102684,41.53384100102684,100.0
770,2,37.69099047188509,37.69099047188509,100.0
780,0,22.386685799597377,22.386685799597377,100.0
780,1,34.05171714909026,34.05171714909026,100.0
780,2,43.56159705131236,43.56159705131236,100.0
790,0,22.217118922266376,22.217118922266376,100.0
790,1,32.690450515602755,32.690450515602755,100.0
790,2,45.09243056213088,45.09243056213088,100.0
800,0,21.530510912981253,21.530510912981253,100.0
800,1,41.26896060387166,41.26896060387166,100.0
800,2,37.20052848314708,37.20052848314708,100.0
810,0,21.451420434763147,21.451420434763147,100.0
810,1,42.53570694913905,42.53570694913905,100.0
810,2,36.0128726160978,36.0128726160978,100.0
820,0,20.492439703994002,20.492439703994002,100.0
820,1,41.32449862061136,41.32449862061136,100.0
820,2,38.18306167539465,38.18306167539465,100.0
830,0,23.556773570462553,23.556773570462553,100.0
830,1,44.81887942269949,44.81887942269949,100.0
830,2,31.624347006837954,31.624347006837954,100.0
840,0,30.140818403900365,30.140818403900365,100.0
840,1,50.65835643954683,50.65835643954683,100.0
840,2,19.20082515655281,19.20082515655281,100.0
850,0,24.352893703378488,24.352893703378488,100.0
850,1,53.286236105770726,53.286236105770726,100.0
850,2,22.360870190850793,22.360870190850793,100.0
860,0,21.57183584803831,21.57183584803831,100.0
860,1,39.36713453342218,39.36713453342218,100.0
860,2,39.061029618539514,39.061029618539514,100.0
870,0,20.78439355998051,20.78439355998051,100.0
870,1,38.79577844236622,38.79577844236622,100.0
870,2,40.41982799765327,40.41982799765327,100.0
880,0,33.169673495674104,33.169673495674104,100.0
880,1,46.45676544422573,46.45676544422573,100.0
880,2,20.37356106010017,20.37356106010017,100.0
890,0,26.81443661758068,26.81443661758068,100.0
890,1,52.706644515383196,52.706644515383196,100.0
890,2,20.478918867036132,20.478918867036132,100.0
900,0,21.477634936320044,21.477634936320044,100.0
900,1,40.94538423188073,40.94538423188073,100.0
900,2,37.576980831799226,37.576980831799226,100.0
910,0,21.42365766250611,21.42365766250611,100.0
910,1,41.510287070275176,41.510287070275176,100.0
910,2,37.06605526721872,37.06605526721872,100.0
920,0,24.14939544119862,24.14939544119862,100.0
920,1,33.97281695463735,33.97281695463735,100.0
920,2,41.87778760416403,41.87778760416403,100.0
930,0,23.78776792604406,23.78776792604406,100.0
930,1,37.53367738752513,37.53367738752513,100.0
930,2,38.67855468643081,38.67855468643081,100.0
940,0,23.925474938203134,23.925474938203134,100.0
940,1,53.55904365030529,53.55904365030529,100.0
940,2,22.515481411491578,22.515481411491578,100.0
950,0,31.390812750693676,31.390812750693676,100.0
950,1,39.61366415543278,39.61366415543278,100.0
950,2,28.995523093873544,28.995523093873544,100.0
960,0,34.346155892636666,34.346155892636666,100.0
960,1,43.09047945122935,43.09047945122935,100.0
960,2,22.563364656133984,22.563364656133984,100.0
970,0,24.9893908133108,24.9893908133108,100.0
970,1,51.40207463950339,51.40207463950339,100.0
970,2,23.608534547185815,23.608534547185815,100.0
980,0,21.49821992267662,21.49821992267662,100.0
980,1,48.73077583527656,48.73077583527656,100.0
980,2,29.77100424204683,29.77100424204683,100.0
990,0,27.830328519737623,27.830328519737623,100.0
990,1,34.88983416425285,34.88983416425285,100.0
990,2,37.27983731600954,37.27983731600954,100.0
1000,0,29.42298281679919,29.42298281679919,100.0
1000,1,38.28154265162075,38.28154265162075,100.0
1000,2,32.29547453158006,32.29547453158006,100.0
1010,0,21.44232079078514,21.44232079078514,100.0
1010,1,37.44633271005285,37.44633271005285,100.0
1010,2,41.11134649916202,41.11134649916202,100.0
1020,0,25.835767674927418,25.835767674927418,100.0
1020,1,48.22296109025675,48.22296109025675,100.0
1020,2,25.941271234815833,25.941271234815833,100.0
1030,0,23.470289362222374,23.470289362222374,100.0
1030,1,32.26032158857189,32.26032158857189,100.0
1030,2,44.269389049205735,44.269389049205735,100.0
1040,0,33.77608102980386,33.77608102980386,100.0
1040,1,25.053659606435986,25.053659606435986,100.0
1040,2,41.17025936376015,41.17025936376015,100.0
1050,0,25.428022332316335,25.428022332316335,100.0
1050,1,27.32066732118247,27.32066732118247,100.0
1050,2,47.2513103465012,47.2513103465012,100.0
1060,0,27.478373013129204,27.478373013129204,100.0
1060,1,33.63823414758655,33.63823414758655,100.0
1060,2,38.883392839284234,38.883392839284234,100.0
1070,0,23.476707672313367,23.476707672313367,100.0
1070,1,34.855243696829596,34.855243696829596,100.0
1070,2,41.66804863085704,41.66804863085704,100.0
1080,0,27.66571031028554,27.66571031028554,100.0
1080,1,44.75949389990986,44.75949389990986,100.0
1080,2,27.5747957898046,27.5747957898046,100.0
1090,0,26.909964096228133,26.909964096228133,100.0
1090,1,40.18591184451583,40.18591184451583,100.0
1090,2,32.904124059256034,32.904124059256034,100.0
1100,0,20.343193570513467,20.343193570513467,100.0
1100,1,41.02878313715992,41.02878313715992,100.0
1100,2,38.62802329232662,38.62802329232662,100.0
1110,0,27.114466380662943,27.114466380662943,100.0
1110,1,40.115885609415436,40.115885609415436,100.0
1110,2,32.76964800992162,32.76964800992162,100.0
1120,0,20.256063930665153,20.256063930665153,100.0
1120,1,44.04163299914523,44.04163299914523,100.0
1120,2,35.70230307018962,35.70230307018962,100.0
1130,0,21.60835379556452,21.60835379556452,100.0
1130,1,43.04419898416391,43.04419898416391,100.0
1130,2,35.34744722027157,35.34744722027157,100.0
1140,0,42.667563977322786,42.667563977322786,100.0
1140,1,30.210062165068802,30.210062165068802,100.0
1140,2,27.122373857608416,27.122373857608416,100.0
1150,0,28.718213205496156,28.718213205496156,100.0
1150,1,35.64034360791579,35.64034360791579,100.0
1150,2,35.641443186588056,35.641443186588056,100.0
1160,0,33.6990575512097,33.6990575512097,100.0
1160,1,43.76868239947225,43.76868239947225,100.0
1160,2,22.532260049318058,22.532260049318058,100.0
1170,0,30.390939350888445,30.390939350888445,100.0
1170,1,31.01491459121824,31.01491459121824,100.0
1170,2,38.59414605789331,38.59414605789331,100.0
1180,0,20.59188596789599,20.59188596789599,100.0
1180,1,40.7653874354975,40.7653874354975,100.0
1180,2,38.6427265966065,38.6427265966065,100.0
1190,0,27.804125405845394,27.804125405845394,100.0
1190,1,45.639660044960976,45.639660044960976,100.0
1190,2,26.55621454919363,26.55621454919363,100.0
1200,0,22.487888214740316,22.487888214740316,100.0
1200,1,54.17683866625522,54.17683866625522,100.0
1200,2,23.33527311900447,23.33527311900447,100.0
1210,0,21.898104106554932,21.898104106554932,100.0
1210,1,43.01202501834409,43.01202501834409,100.0
1210,2,35.089870875100985,35.089870875100985,100.0
1220,0,22.39010551708932,22.39010551708932,100.0
1220,1,41.72258071770772,41.72258071770772,100.0
1220,2,35.88731376520297,35.88731376520297,100.0
1230,0,23.195401113017972,23.195401113017972,100.0
1230,1,35.827140667021595,35.827140667021595,100.0
1230,2,40.97745821996044,40.97745821996044,100.0
1240,0,25.030030187424206,25.030030187424206,100.0
1240,1,49.130631748288764,49.130631748288764,100.0
1240,2,25.839338064287038,25.839338064287038,100.0
1250,0,21.721961086999936,21.721961086999936,100.0
1250,1,42.54392352661638,42.54392352661638,100.0
1250,2,35.734115386383685,35.734115386383685,100.0
1260,0,24.933270432002693,24.933270432002693,100.0
1260,1,43.53335390089351,43.53335390089351,100.0
1260,2,31.53337566710379,31.53337566710379,100.0
1270,0,23.69280173387875,23.69280173387875,100.0
1270,1,30.234449033294798,30.234449033294798,100.0
1270,2,46.07274923282646,46.07274923282646,100.0
1280,0,21.436265677862178,21.436265677862178,100.0
1280,1,40.408678919372875,40.408678919372875,100.0
1280,2,38.15505540276495,38.15505540276495,100.0
1290,0,29.838661272433797,29.838661272433797,100.0
1290,1,38.0990160923896,38.0990160923896,100.0
1290,2,32.062322635176606,32.062322635176606,100.0
1300,0,22.857267219029538,22.857267219029538,100.0
1300,1,40.79888892007144,40.79888892007144,100.0
1300,2,36.343843860899014,36.343843860899014,100.0
1310,0,27.323802237620942,27.323802237620942,100.0
1310,1,30.91266374364624,30.91266374364624,100.0
1310,2,41.76353401873282,41.76353401873282,100.0
1320,0,24.76371039225854,24.76371039225854,100.0
1320,1,38.929650015610164,38.929650015610164,100.0
1320,2,36.30663959213129,36.30663959213129,100.0
1330,0,21.316250835160865,21.316250835160865,100.0
1330,1,34.64461427459366,34.64461427459366,100.0
1330,2,44.03913489024548,44.03913489024548,100.0
1340,0,22.323459456570543,22.323459456570543,100.0
1340,1,38.070680719391284,38.070680719391284,100.0
1340,2,39.605859824038184,39.605859824038184,100.0
1350,0,26.013449099080855,26.013449099080855,100.0
1350,1,33.90685039351866,33.90685039351866,100.0
1350,2,40.07970050740048,40.07970050740048,100.0
1360,0,30.674285497402725,30.674285497402725,100.0
1360,1,30.63830004436604,30.63830004436604,100.0
1360,2,38.687414458231245,38.687414458231245,100.0
1370,0,23.168881723940913,23.168881723940913,100.0
1370,1,30.801990998523554,30.801990998523554,100.0
1370,2,46.02912727753553,46.02912727753553,100.0
1380,0,24.16522754559816,24.16522754559816,100.0
1380,1,31.841521632161857,31.841521632161857,100.0
1380,2,43.99325082223998,43.99325082223998,100.0
1390,0,22.00696876477987,22.00696876477987,100.0
1390,1,31.074023137200594,31.074023137200594,100.0
1390,2,46.919008098019546,46.919008098019546,100.0
1400,0,22.45098883006259,22.45098883006259,100.0
1400,1,46.856443175142886,46.856443175142886,100.0
1400,2,30.692567994794516,30.692567994794516,100.0
1410,0,22.79039977440363,22.79039977440363,100.0
1410,1,49.582823643320815,49.582823643320815,100.0
1410,2,27.626776582275564,27.626776582275564,100.0
1420,0,22.570322603427826,22.570322603427826,100.0
1420,1,36.58362413258842,36.58362413258842,100.0
1420,2,40.84605326398376,40.84605326398376,100.0
1430,0,20.859284255111053,20.859284255111053,100.0
1430,1,42.152467307592964,42.152467307592964,100.0
1430,2,36.988248437295994,36.988248437295994,100.0
1440,0,22.627783396394115,22.627783396394115,100.0
1440,1,35.528115159042,35.528115159042,100.0
1440,2,41.84410144456389,41.84410144456389,100.0
1450,0,23.597757452469686,23.597757452469686,100.0
1450,1,29.19505310892838,29.19505310892838,100.0
1450,2,47.20718943860194,47.20718943860194,100.0
1460,0,22.15039035587973,22.15039035587973,100.0
1460,1,28.48664995286126,28.48664995286126,100.0
1460,2,49.362959691259015,49.362959691259015,100.0
1470,0,22.96714964132367,22.96714964132367,100.0
1470,1,35.86833354566842,35.86833354566842,100.0
1470,2,41.164516813007914,41.164516813007914,100.0
1480,0,22.057919267903912,22.057919267903912,100.0
1480,1,29.702863635456634,29.702863635456634,100.0
1480,2,48.23921709663945,48.23921709663945,100.0
1490,0,21.088437331626608,21.088437331626608,100.0
1490,1,48.36342983283227,48.36342983283227,100.0
1490,2,30.548132835541118,30.548132835541118,100.0
1500,0,21.526723808014168,21.526723808014168,100.0
1500,1,36.276727640249696,36.276727640249696,100.0
1500,2,42.19654855173614,42.19654855173614,100.0
