timestamp,sliceId,dedicatedPRB,minPRB,maxPRB
510,0,26.262920997257982,26.262920997257982,100.0
510,1,51.5801485720021,51.5801485720021,100.0
510,2,22.156930430739916,22.156930430739916,100.0
520,0,28.93898516289699,28.93898516289699,100.0
520,1,28.662857995104496,28.662857995104496,100.0
520,2,42.398156841998514,42.398156841998514,100.0
530,0,29.997331533005333,29.997331533005333,100.0
530,1,41.5890494065168,41.5890494065168,100.0
530,2,28.413619060477863,28.413619060477863,100.0
540,0,24.210772466362126,24.210772466362126,100.0
540,1,28.746605964607934,28.746605964607934,100.0
540,2,47.04262156902993,47.04262156902993,100.0
550,0,38.99091635117897,38.99091635117897,100.0
550,1,33.85013409276901,33.85013409276901,100.0
550,2,27.158949556052033,27.158949556052033,100.0
