timestamp,sliceId,dedicatedPRB,minPRB,maxPRB
510,0,31.380831238717988,31.380831238717988,100.0
510,1,39.63068862224775,39.63068862224775,100.0
510,2,28.988480139034262,28.988480139034262,100.0
520,0,43.09314828248663,43.09314828248663,100.0
520,1,25.671531542228376,25.671531542228376,100.0
520,2,31.235320175285004,31.235320175285004,100.0
530,0,23.61516400202761,23.61516400202761,100.0
530,1,36.11584376446799,36.11584376446799,100.0
530,2,40.26899223350441,40.26899223350441,100.0
540,0,36.507036036684994,36.507036036684994,100.0
540,1,36.07914572005328,36.07914572005328,100.0
540,2,27.413818243261723,27.413818243261723,100.0
550,0,37.36445554132122,37.36445554132122,100.0
550,1,30.317669517023145,30.317669517023145,100.0
550,2,32.317874941655646,32.317874941655646,100.0
560,0,24.024831402136492,24.024831402136492,100.0
560,1,37.874995080823645,37.874995080823645,100.0
560,2,38.100173517039856,38.100173517039856,100.0
570,0,21.801147720310635,21.801147720310635,100.0
570,1,44.675518104570436,44.675518104570436,100.0
570,2,33.52333417511893,33.52333417511893,100.0
580,0,27.383894232572388,27.383894232572388,100.0
580,1,40.51394172058003,40.51394172058003,100.0
580,2,32.1021640468476,32.1021640468476,100.0
590,0,42.88111636826466,42.88111636826466,100.0
590,1,25.005820952498453,25.005820952498453,100.0
590,2,32.11306267923689,32.11306267923689,100.0
600,0,45.63004238235083,45.63004238235083,100.0
600,1,31.409585562938585,31.409585562938585,100.0
600,2,22.96037205471059,22.96037205471059,100.0
610,0,47.786744558799555,47.786744558799555,100.0
610,1,29.37407537809117,29.37407537809117,100.0
610,2,22.839180063109275,22.839180063109275,100.0
620,0,29.96513821647273,29.96513821647273,100.0
620,1,32.722182102367526,32.722182102367526,100.0
620,2,37.31267968115975,37.31267968115975,100.0
630,0,44.51187173042461,44.51187173042461,100.0
630,1,29.00123139016042,29.00123139016042,100.0
630,2,26.486896879414985,26.486896879414985,100.0
640,0,46.50812514198319,46.50812514198319,100.0
640,1,25.865205355545477,25.865205355545477,100.0
640,2,27.626669502471323,27.626669502471323,100.0
650,0,37.36584310460339,37.36584310460339,100.0
650,1,41.27168142792441,41.27168142792441,100.0
650,2,21.362475467472198,21.362475467472198,100.0
660,0,34.85513012064536,34.85513012064536,100.0
660,1,45.218502237379795,45.218502237379795,100.0
660,2,19.926367641974842,19.926367641974842,100.0
670,0,28.958817509046142,28.958817509046142,100.0
670,1,41.19291590238171,41.19291590238171,100.0
670,2,29.848266588572148,29.848266588572148,100.0
680,0,36.76781104594289,36.76781104594289,100.0
680,1,31.304959018728006,31.304959018728006,100.0
680,2,31.927229935329105,31.927229935329105,100.0
690,0,41.986087005092706,41.986087005092706,100.0
690,1,33.204001584538126,33.204001584538126,100.0
690,2,24.809911410369168,24.809911410369168,100.0
700,0,39.192592311278815,39.192592311278815,100.0
700,1,30.242019133345664,30.242019133345664,100.0
700,2,30.565388555375517,30.565388555375517,100.0
710,0,28.627853359477495,28.627853359477495,100.0
710,1,36.808798899103614,36.808798899103614,100.0
710,2,34.56334774141889,34.56334774141889,100.0
720,0,27.981480198604235,27.981480198604235,100.0
720,1,27.22520411585863,27.22520411585863,100.0
720,2,44.79331568553714,44.79331568553714,100.0
730,0,44.31223922819672,44.31223922819672,100.0
730,1,29.530689132831156,29.530689132831156,100.0
730,2,26.157071638972134,26.157071638972134,100.0
740,0,42.78600488930784,42.78600488930784,100.0
740,1,31.52866514263023,31.52866514263023,100.0
740,2,25.685329968061936,25.685329968061936,100.0
750,0,26.712010104174304,26.712010104174304,100.0
750,1,48.21178759517912,48.21178759517912,100.0
750,2,25.07620230064658,25.07620230064658,100.0
760,0,33.300704920739,33.300704920739,100.0
760,1,36.48738932999378,36.48738932999378,100.0
760,2,30.21190574926722,30.21190574926722,100.0
770,0,37.61705457417829,37.61705457417829,100.0
770,1,30.533355754765047,30.533355754765047,100.0
770,2,31.849589671056673,31.849589671056673,100.0
780,0,26.79840663793919,26.79840663793919,100.0
780,1,35.40676858860943,35.40676858860943,100.0
780,2,37.794824773451374,37.794824773451374,100.0
790,0,39.03212752998746,39.03212752998746,100.0
790,1,25.416109755538024,25.416109755538024,100.0
790,2,35.55176271447451,35.55176271447451,100.0
800,0,34.039312120043476,34.039312120043476,100.0
800,1,29.333159340938465,29.333159340938465,100.0
800,2,36.62752853901806,36.62752853901806,100.0
810,0,33.61621292564564,33.61621292564564,100.0
810,1,36.511540564697974,36.511540564697974,100.0
810,2,29.872246509656385,29.872246509656385,100.0
820,0,37.918067738797134,37.918067738797134,100.0
820,1,38.95127375739073,38.95127375739073,100.0
820,2,23.130658503812136,23.130658503812136,100.0
830,0,35.875433566733356,35.875433566733356,100.0
830,1,28.849329753616836,28.849329753616836,100.0
830,2,35.275236679649815,35.275236679649815,100.0
840,0,33.60447998402451,33.60447998402451,100.0
840,1,30.731680057112293,30.731680057112293,100.0
840,2,35.66383995886319,35.66383995886319,100.0
850,0,27.277499534047877,27.277499534047877,100.0
850,1,35.69089271651038,35.69089271651038,100.0
850,2,37.03160774944174,37.03160774944174,100.0
860,0,49.20202775835792,49.20202775835792,100.0
860,1,29.76750436687104,29.76750436687104,100.0
860,2,21.03046787477105,21.03046787477105,100.0
870,0,27.544763267184933,27.544763267184933,100.0
870,1,46.224113625492194,46.224113625492194,100.0
870,2,26.23112310732287,26.23112310732287,100.0
880,0,35.16763612402275,35.16763612402275,100.0
880,1,38.22817027422663,38.22817027422663,100.0
880,2,26.60419360175062,26.60419360175062,100.0
890,0,32.45692255290524,32.45692255290524,100.0
890,1,28.93499218338719,28.93499218338719,100.0
890,2,38.60808526370757,38.60808526370757,100.0
900,0,48.59853696763139,48.59853696763139,100.0
900,1,27.479410012586236,27.479410012586236,100.0
900,2,23.922053019782375,23.922053019782375,100.0
910,0,40.58889379302614,40.58889379302614,100.0
910,1,34.12373217186979,34.12373217186979,100.0
910,2,25.287374035104072,25.287374035104072,100.0
920,0,30.23799743494659,30.23799743494659,100.0
920,1,28.030359651427045,28.030359651427045,100.0
920,2,41.73164291362637,41.73164291362637,100.0
930,0,36.17912351999708,36.17912351999708,100.0
930,1,39.04863274518286,39.04863274518286,100.0
930,2,24.772243734820062,24.772243734820062,100.0
940,0,34.20524200032833,34.20524200032833,100.0
940,1,42.06617690254694,42.06617690254694,100.0
940,2,23.728581097124728,23.728581097124728,100.0
950,0,45.164751785289056,45.164751785289056,100.0
950,1,35.85507429775983,35.85507429775983,100.0
950,2,18.980173916951117,18.980173916951117,100.0
960,0,33.97984242274744,33.97984242274744,100.0
960,1,47.03021662588377,47.03021662588377,100.0
960,2,18.989940951368787,18.989940951368787,100.0
970,0,38.0655892921103,38.0655892921103,100.0
970,1,30.151470526613327,30.151470526613327,100.0
970,2,31.782940181276377,31.782940181276377,100.0
980,0,27.725732875761455,27.725732875761455,100.0
980,1,38.22932334455152,38.22932334455152,100.0
980,2,34.044943779687024,34.044943779687024,100.0
990,0,39.28652182423803,39.28652182423803,100.0
990,1,26.109336987912062,26.109336987912062,100.0
990,2,34.60414118784991,34.60414118784991,100.0
1000,0,33.565508569620015,33.565508569620015,100.0
1000,1,43.73294786487025,43.73294786487025,100.0
1000,2,22.70154356550974,22.70154356550974,100.0
1010,0,27.089631292402082,27.089631292402082,100.0
1010,1,43.809346473756584,43.809346473756584,100.0
1010,2,29.101022233841334,29.101022233841334,100.0
1020,0,27.441829290224266,27.441829290224266,100.0
1020,1,42.40984956765181,42.40984956765181,100.0
1020,2,30.14832114212392,30.14832114212392,100.0
1030,0,30.940978013977823,30.940978013977823,100.0
1030,1,47.67932217093414,47.67932217093414,100.0
1030,2,21.37969981508804,21.37969981508804,100.0
1040,0,44.6393679080812,44.6393679080812,100.0
1040,1,34.8031090320048,34.8031090320048,100.0
1040,2,20.55752305991401,20.55752305991401,100.0
1050,0,38.817945991465876,38.817945991465876,100.0
1050,1,30.185060437946643,30.185060437946643,100.0
1050,2,30.996993570587485,30.996993570587485,100.0
1060,0,45.899409036002425,45.899409036002425,100.0
1060,1,29.424671240325807,29.424671240325807,100.0
1060,2,24.67591972367177,24.67591972367177,100.0
1070,0,38.48293524890241,38.48293524890241,100.0
1070,1,37.508670367624745,37.508670367624745,100.0
1070,2,24.00839438347284,24.00839438347284,100.0
1080,0,27.672057105097654,27.672057105097654,100.0
1080,1,39.0479277842676,39.0479277842676,100.0
1080,2,33.28001511063475,33.28001511063475,100.0
1090,0,22.85890039035547,22.85890039035547,100.0
1090,1,47.39459585739911,47.39459585739911,100.0
1090,2,29.746503752245413,29.746503752245413,100.0
1100,0,31.15279778667159,31.15279778667159,100.0
1100,1,45.59988713390489,45.59988713390489,100.0
1100,2,23.247315079423508,23.247315079423508,100.0
1110,0,39.60501911890988,39.60501911890988,100.0
1110,1,33.63061074707204,33.63061074707204,100.0
1110,2,26.76437013401808,26.76437013401808,100.0
1120,0,27.20677963732394,27.20677963732394,100.0
1120,1,50.18304158455316,50.18304158455316,100.0
1120,2,22.6101787781229,22.6101787781229,100.0
1130,0,44.08454400549026,44.08454400549026,100.0
1130,1,28.830739347636268,28.830739347636268,100.0
1130,2,27.08471664687347,27.08471664687347,100.0
1140,0,28.005843968192718,28.005843968192718,100.0
1140,1,51.156648201542296,51.156648201542296,100.0
1140,2,20.837507830264993,20.837507830264993,100.0
1150,0,25.968844282598734,25.968844282598734,100.0
1150,1,47.49997372393047,47.49997372393047,100.0
1150,2,26.5311819934708,26.5311819934708,100.0
1160,0,23.269736498581057,23.269736498581057,100.0
1160,1,30.66911204611648,30.66911204611648,100.0
1160,2,46.061151455302465,46.061151455302465,100.0
1170,0,21.989768575071537,21.989768575071537,100.0
1170,1,42.31302295922552,42.31302295922552,100.0
1170,2,35.69720846570294,35.69720846570294,100.0
1180,0,31.747450059033433,31.747450059033433,100.0
1180,1,38.429288638558305,38.429288638558305,100.0
1180,2,29.823261302408266,29.823261302408266,100.0
1190,0,33.134364207272206,33.134364207272206,100.0
1190,1,46.18167217692965,46.18167217692965,100.0
1190,2,20.683963615798152,20.683963615798152,100.0
1200,0,41.27916590914413,41.27916590914413,100.0
1200,1,28.73936641075811,28.73936641075811,100.0
1200,2,29.981467680097758,29.981467680097758,100.0
1210,0,41.22138176732685,41.22138176732685,100.0
1210,1,32.437417173612594,32.437417173612594,100.0
1210,2,26.34120105906056,26.34120105906056,100.0
1220,0,26.12816937604275,26.12816937604275,100.0
1220,1,35.707097924764604,35.707097924764604,100.0
1220,2,38.16473269919265,38.16473269919265,100.0
1230,0,23.350697366189753,23.350697366189753,100.0
1230,1,57.75442895304283,57.75442895304283,100.0
1230,2,18.894873680767407,18.894873680767407,100.0
1240,0,25.526601839871667,25.526601839871667,100.0
1240,1,45.34227623577851,45.34227623577851,100.0
1240,2,29.131121924349824,29.131121924349824,100.0
1250,0,22.82007706001527,22.82007706001527,100.0
1250,1,44.475450038852244,44.475450038852244,100.0
1250,2,32.70447290113248,32.70447290113248,100.0
1260,0,30.852661204281485,30.852661204281485,100.0
1260,1,41.116526807754575,41.116526807754575,100.0
1260,2,28.030811987963954,28.030811987963954,100.0
1270,0,24.300543965721005,24.300543965721005,100.0
1270,1,47.38812440832476,47.38812440832476,100.0
1270,2,28.31133162595424,28.31133162595424,100.0
1280,0,41.36402523389099,41.36402523389099,100.0
1280,1,40.6202090331542,40.6202090331542,100.0
1280,2,18.015765732954815,18.015765732954815,100.0
1290,0,23.609644778212775,23.609644778212775,100.0
1290,1,56.38448931664198,56.38448931664198,100.0
1290,2,20.00586590514525,20.00586590514525,100.0
1300,0,38.95582003987897,38.95582003987897,100.0
1300,1,31.57547473585754,31.57547473585754,100.0
1300,2,29.46870522426349,29.46870522426349,100.0
1310,0,44.79831969958642,44.79831969958642,100.0
1310,1,34.628679768064195,34.628679768064195,100.0
1310,2,20.57300053234938,20.57300053234938,100.0
1320,0,36.4188879248936,36.4188879248936,100.0
1320,1,29.922496623992128,29.922496623992128,100.0
1320,2,33.658615451114265,33.658615451114265,100.0
1330,0,24.007925774050914,24.007925774050914,100.0
1330,1,49.21443933990559,49.21443933990559,100.0
1330,2,26.7776348860435,26.7776348860435,100.0
1340,0,40.98757443338408,40.98757443338408,100.0
1340,1,38.211733985232605,38.211733985232605,100.0
1340,2,20.80069158138331,20.80069158138331,100.0
1350,0,31.676691958620516,31.676691958620516,100.0
1350,1,33.7519117095358,33.7519117095358,100.0
1350,2,34.57139633184369,34.57139633184369,100.0
1360,0,32.445303051273655,32.445303051273655,100.0
1360,1,29.92755021526261,29.92755021526261,100.0
1360,2,37.62714673346373,37.62714673346373,100.0
1370,0,30.389080352349424,30.389080352349424,100.0
1370,1,34.361772712123106,34.361772712123106,100.0
1370,2,35.24914693552748,35.24914693552748,100.0
1380,0,47.95764454695145,47.95764454695145,100.0
1380,1,30.322166467937663,30.322166467937663,100.0
1380,2,21.720188985110894,21.720188985110894,100.0
1390,0,29.530926535948186,29.530926535948186,100.0
1390,1,39.999019933597644,39.999019933597644,100.0
1390,2,30.470053530454173,30.470053530454173,100.0
1400,0,39.08950184612722,39.08950184612722,100.0
1400,1,41.3817309250478,41.3817309250478,100.0
1400,2,19.528767228824986,19.528767228824986,100.0
1410,0,42.10101721908054,42.10101721908054,100.0
1410,1,29.321937718339953,29.321937718339953,100.0
1410,2,28.577045062579504,28.577045062579504,100.0
1420,0,33.71237616615868,33.71237616615868,100.0
1420,1,44.13902476088671,44.13902476088671,100.0
1420,2,22.14859907295461,22.14859907295461,100.0
1430,0,25.525894513819647,25.525894513819647,100.0
1430,1,41.555468425464994,41.555468425464994,100.0
1430,2,32.918637060715355,32.918637060715355,100.0
1440,0,36.67450335281789,36.67450335281789,100.0
1440,1,41.48790314456047,41.48790314456047,100.0
1440,2,21.837593502621637,21.837593502621637,100.0
1450,0,47.16520531126838,47.16520531126838,100.0
1450,1,30.135740378358673,30.135740378358673,100.0
1450,2,22.69905431037295,22.69905431037295,100.0
1460,0,25.589473075478995,25.589473075478995,100.0
1460,1,39.81315682129917,39.81315682129917,100.0
1460,2,34.59737010322184,34.59737010322184,100.0
1470,0,44.24383763610583,44.24383763610583,100.0
1470,1,38.31432952459986,38.31432952459986,100.0
1470,2,17.441832839294303,17.441832839294303,100.0
1480,0,28.145114483986198,28.145114483986198,100.0
1480,1,35.96127230339518,35.96127230339518,100.0
1480,2,35.893613212618625,35.893613212618625,100.0
1490,0,44.26976453382592,44.26976453382592,100.0
1490,1,31.42228323745502,31.42228323745502,100.0
1490,2,24.307952228719067,24.307952228719067,100.0
1500,0,30.11542280462301,30.11542280462301,100.0
1500,1,27.48606590100352,27.48606590100352,100.0
1500,2,42.39851129437348,42.39851129437348,100.0
