timestamp,sliceId,dedicatedPRB,minPRB,maxPRB
510,0,36.17390685282976,36.17390685282976,100.0
510,1,27.423541671528966,27.423541671528966,100.0
510,2,36.402551475641275,36.402551475641275,100.0
520,0,33.44055362576485,33.44055362576485,100.0
520,1,42.720567486687735,42.720567486687735,100.0
520,2,23.83887888754742,23.83887888754742,100.0
530,0,40.93447977483253,40.93447977483253,100.0
530,1,35.92716439681871,35.92716439681871,100.0
530,2,23.138355828348754,23.138355828348754,100.0
540,0,22.48142588533792,22.48142588533792,100.0
540,1,36.41281785823648,36.41281785823648,100.0
540,2,41.10575625642559,41.10575625642559,100.0
550,0,31.853007250377686,31.853007250377686,100.0
550,1,34.62675877116584,34.62675877116584,100.0
550,2,33.520233978456474,33.520233978456474,100.0
560,0,27.341732079516568,27.341732079516568,100.0
560,1,40.57048435039844,40.57048435039844,100.0
560,2,32.087783570084994,32.087783570084994,100.0
570,0,29.96923717754665,29.96923717754665,100.0
570,1,34.99673264544059,34.99673264544059,100.0
570,2,35.03403017701276,35.03403017701276,100.0
580,0,35.44047559660487,35.44047559660487,100.0
580,1,34.99846788021286,34.99846788021286,100.0
580,2,29.561056523182273,29.561056523182273,100.0
590,0,36.396287276441754,36.396287276441754,100.0
590,1,37.22087921834169,37.22087921834169,100.0
590,2,26.382833505216553,26.382833505216553,100.0
600,0,30.33568048266706,30.33568048266706,100.0
600,1,43.297356606134315,43.297356606134315,100.0
600,2,26.366962911198634,26.366962911198634,100.0
610,0,51.5991433016198,51.5991433016198,100.0
610,1,26.909524377420656,26.909524377420656,100.0
610,2,21.49133232095954,21.49133232095954,100.0
620,0,34.75392719443476,34.75392719443476,100.0
620,1,29.2701667012568,29.2701667012568,100.0
620,2,35.97590610430844,35.97590610430844,100.0
630,0,36.834701185779366,36.834701185779366,100.0
630,1,36.4960969586784,36.4960969586784,100.0
630,2,26.669201855542234,26.669201855542234,100.0
640,0,32.775503316304324,32.775503316304324,100.0
640,1,42.528242883412894,42.528242883412894,100.0
640,2,24.69625380028278,24.69625380028278,100.0
650,0,37.26436286880347,37.26436286880347,100.0
650,1,38.410217756709145,38.410217756709145,100.0
650,2,24.32541937448739,24.32541937448739,100.0
660,0,22.31825779050536,22.31825779050536,100.0
660,1,51.76765939515221,51.76765939515221,100.0
660,2,25.914082814342432,25.914082814342432,100.0
670,0,42.87488128405038,42.87488128405038,100.0
670,1,26.15174233191756,26.15174233191756,100.0
670,2,30.973376384032058,30.973376384032058,100.0
680,0,27.39730355235371,27.39730355235371,100.0
680,1,25.183134634084187,25.183134634084187,100.0
680,2,47.419561813562105,47.419561813562105,100.0
690,0,42.60047164418809,42.60047164418809,100.0
690,1,34.718031446874896,34.718031446874896,100.0
690,2,22.681496908937014,22.681496908937014,100.0
700,0,31.159210760646122,31.159210760646122,100.0
700,1,26.933448103951807,26.933448103951807,100.0
700,2,41.90734113540208,41.90734113540208,100.0
710,0,24.256085334618867,24.256085334618867,100.0
710,1,50.79530248682795,50.79530248682795,100.0
710,2,24.948612178553184,24.948612178553184,100.0
720,0,36.2273429543981,36.2273429543981,100.0
720,1,34.49502179256889,34.49502179256889,100.0
720,2,29.27763525303302,29.27763525303302,100.0
730,0,23.363471145954296,23.363471145954296,100.0
730,1,28.623550671989268,28.623550671989268,100.0
730,2,48.01297818205644,48.01297818205644,100.0
740,0,30.88636587989318,30.88636587989318,100.0
740,1,37.999565944834565,37.999565944834565,100.0
740,2,31.11406817527225,31.11406817527225,100.0
750,0,31.46586125530687,31.46586125530687,100.0
750,1,27.674587675504025,27.674587675504025,100.0
750,2,40.8595510691891,40.8595510691891,100.0
760,0,46.48613114489702,46.48613114489702,100.0
760,1,26.521471350791504,26.521471350791504,100.0
760,2,26.992397504311473,26.992397504311473,100.0
770,0,34.953470215068464,34.953470215068464,100.0
770,1,31.730601511784307,31.730601511784307,100.0
770,2,33.315928273147236,33.315928273147236,100.0
780,0,43.19487021137477,43.19487021137477,100.0
780,1,37.986869479016235,37.986869479016235,100.0
780,2,18.818260309609002,18.818260309609002,100.0
790,0,38.506862107442785,38.506862107442785,100.0
790,1,39.32675627286785,39.32675627286785,100.0
790,2,22.166381619689375,22.166381619689375,100.0
800,0,32.668925467883724,32.668925467883724,100.0
800,1,29.53240068193522,29.53240068193522,100.0
800,2,37.79867385018105,37.79867385018105,100.0
810,0,28.843231693673843,28.843231693673843,100.0
810,1,37.02965135620736,37.02965135620736,100.0
810,2,34.1271169501188,34.1271169501188,100.0
820,0,28.659640008240984,28.659640008240984,100.0
820,1,33.04622781538662,33.04622781538662,100.0
820,2,38.2941321763724,38.2941321763724,100.0
830,0,22.813103560096497,22.813103560096497,100.0
830,1,38.23342457090045,38.23342457090045,100.0
830,2,38.95347186900304,38.95347186900304,100.0
840,0,25.408735690572136,25.408735690572136,100.0
840,1,54.15084562223107,54.15084562223107,100.0
840,2,20.440418687196793,20.440418687196793,100.0
850,0,23.063081486337794,23.063081486337794,100.0
850,1,37.099176677281775,37.099176677281775,100.0
850,2,39.837741836380424,39.837741836380424,100.0
860,0,40.94984467936392,40.94984467936392,100.0
860,1,31.838245799921026,31.838245799921026,100.0
860,2,27.21190952071505,27.21190952071505,100.0
870,0,34.459445214060764,34.459445214060764,100.0
870,1,35.543227063718355,35.543227063718355,100.0
870,2,29.997327722220884,29.997327722220884,100.0
880,0,24.894313204181817,24.894313204181817,100.0
880,1,46.85848778583191,46.85848778583191,100.0
880,2,28.24719900998626,28.24719900998626,100.0
890,0,33.301026511203524,33.301026511203524,100.0
890,1,33.68421312555695,33.68421312555695,100.0
890,2,33.014760363239525,33.014760363239525,100.0
900,0,31.44198582665857,31.44198582665857,100.0
900,1,30.551220441263737,30.551220441263737,100.0
900,2,38.0067937320777,38.0067937320777,100.0
910,0,27.567228337618165,27.567228337618165,100.0
910,1,29.263366449009514,29.263366449009514,100.0
910,2,43.16940521337232,43.16940521337232,100.0
920,0,31.896432616365296,31.896432616365296,100.0
920,1,27.6248827221778,27.6248827221778,100.0
920,2,40.47868466145692,40.47868466145692,100.0
930,0,26.722434132449024,26.722434132449024,100.0
930,1,47.743984585038746,47.743984585038746,100.0
930,2,25.53358128251223,25.53358128251223,100.0
940,0,28.006534150719425,28.006534150719425,100.0
940,1,46.490308442463025,46.490308442463025,100.0
940,2,25.503157406817543,25.503157406817543,100.0
950,0,38.041734103854694,38.041734103854694,100.0
950,1,32.10264467369653,32.10264467369653,100.0
950,2,29.855621222448764,29.855621222448764,100.0
960,0,22.57193055993678,22.57193055993678,100.0
960,1,43.25438556040845,43.25438556040845,100.0
960,2,34.17368387965477,34.17368387965477,100.0
970,0,22.070740764393125,22.070740764393125,100.0
970,1,32.427666266774374,32.427666266774374,100.0
970,2,45.5015929688325,45.5015929688325,100.0
980,0,27.552224011765077,27.552224011765077,100.0
980,1,37.23309556791605,37.23309556791605,100.0
980,2,35.21468042031888,35.21468042031888,100.0
990,0,21.905234864935096,21.905234864935096,100.0
990,1,45.20616182780935,45.20616182780935,100.0
990,2,32.88860330725555,32.88860330725555,100.0
1000,0,34.75975385899178,34.75975385899178,100.0
1000,1,25.270583116250833,25.270583116250833,100.0
1000,2,39.969663024757395,39.969663024757395,100.0
1010,0,25.229972254853212,25.229972254853212,100.0
1010,1,28.708093590877283,28.708093590877283,100.0
1010,2,46.061934154269515,46.061934154269515,100.0
1020,0,22.0714091922315,22.0714091922315,100.0
1020,1,49.44395688112386,49.44395688112386,100.0
1020,2,28.48463392664464,28.48463392664464,100.0
1030,0,25.509869854493576,25.509869854493576,100.0
1030,1,36.56891568188199,36.56891568188199,100.0
1030,2,37.92121446362443,37.92121446362443,100.0
1040,0,30.8009128894432,30.8009128894432,100.0
1040,1,35.72634223783231,35.72634223783231,100.0
1040,2,33.47274487272449,33.47274487272449,100.0
1050,0,29.2466955981193,29.2466955981193,100.0
1050,1,29.891555041884743,29.891555041884743,100.0
1050,2,40.861749359995954,40.861749359995954,100.0
1060,0,24.067279743317236,24.067279743317236,100.0
1060,1,50.63976319632171,50.63976319632171,100.0
1060,2,25.292957060361047,25.292957060361047,100.0
1070,0,51.975379931080425,51.975379931080425,100.0
1070,1,28.120593640850306,28.120593640850306,100.0
1070,2,19.904026428069272,19.904026428069272,100.0
1080,0,23.51855408364556,23.51855408364556,100.0
1080,1,36.32549252814213,36.32549252814213,100.0
1080,2,40.15595338821232,40.15595338821232,100.0
1090,0,23.317544983905076,23.317544983905076,100.0
1090,1,38.79578744690206,38.79578744690206,100.0
1090,2,37.88666756919285,37.88666756919285,100.0
1100,0,21.343847433430806,21.343847433430806,100.0
1100,1,39.219949872861534,39.219949872861534,100.0
1100,2,39.436202693707656,39.436202693707656,100.0
1110,0,28.809766797532554,28.809766797532554,100.0
1110,1,36.96712408196219,36.96712408196219,100.0
1110,2,34.22310912050526,34.22310912050526,100.0
1120,0,32.28511501196063,32.28511501196063,100.0
1120,1,34.92673871677863,34.92673871677863,100.0
1120,2,32.78814627126076,32.78814627126076,100.0
1130,0,26.206886468494332,26.206886468494332,100.0
1130,1,51.63031402893593,51.63031402893593,100.0
1130,2,22.16279950256974,22.16279950256974,100.0
1140,0,43.7909076425996,43.7909076425996,100.0
1140,1,31.704742872953766,31.704742872953766,100.0
1140,2,24.50434948444664,24.50434948444664,100.0
1150,0,30.562094174986388,30.562094174986388,100.0
1150,1,43.82858790977084,43.82858790977084,100.0
1150,2,25.609317915242773,25.609317915242773,100.0
1160,0,38.12010104287128,38.12010104287128,100.0
1160,1,43.34974359631031,43.34974359631031,100.0
1160,2,18.5301553608184,18.5301553608184,100.0
1170,0,36.18390503203164,36.18390503203164,100.0
1170,1,44.14930862949389,44.14930862949389,100.0
1170,2,19.66678633847448,19.66678633847448,100.0
1180,0,37.97688926839883,37.97688926839883,100.0
1180,1,35.93841537122318,35.93841537122318,100.0
1180,2,26.084695360377992,26.084695360377992,100.0
1190,0,39.02998727759582,39.02998727759582,100.0
1190,1,35.2151893829405,35.2151893829405,100.0
1190,2,25.754823339463673,25.754823339463673,100.0
1200,0,38.02682761533885,38.02682761533885,100.0
1200,1,32.3230050811793,32.3230050811793,100.0
1200,2,29.65016730348184,29.65016730348184,100.0
1210,0,25.695242864508145,25.695242864508145,100.0
1210,1,44.07246809067045,44.07246809067045,100.0
1210,2,30.232289044821414,30.232289044821414,100.0
1220,0,33.541661949689306,33.541661949689306,100.0
1220,1,35.687547917156124,35.687547917156124,100.0
1220,2,30.770790133154573,30.770790133154573,100.0
1230,0,24.937483811064084,24.937483811064084,100.0
1230,1,47.393173207299114,47.393173207299114,100.0
1230,2,27.669342981636806,27.669342981636806,100.0
1240,0,38.01808908510341,38.01808908510341,100.0
1240,1,40.522070478162455,40.522070478162455,100.0
1240,2,21.459840436734133,21.459840436734133,100.0
1250,0,27.760372825211554,27.760372825211554,100.0
1250,1,47.03358694134065,47.03358694134065,100.0
1250,2,25.20604023344781,25.20604023344781,100.0
1260,0,41.27209728805936,41.27209728805936,100.0
1260,1,39.94145169348336,39.94145169348336,100.0
1260,2,18.786451018457278,18.786451018457278,100.0
1270,0,24.290893707990584,24.290893707990584,100.0
1270,1,45.18601761993023,45.18601761993023,100.0
1270,2,30.52308867207918,30.52308867207918,100.0
1280,0,42.61381156223584,42.61381156223584,100.0
1280,1,28.015755725402013,28.015755725402013,100.0
1280,2,29.37043271236215,29.37043271236215,100.0
1290,0,26.616072905156972,26.616072905156972,100.0
1290,1,41.569097019322896,41.569097019322896,100.0
1290,2,31.814830075520135,31.814830075520135,100.0
1300,0,27.05086410640559,27.05086410640559,100.0
1300,1,45.673707224482726,45.673707224482726,100.0
1300,2,27.27542866911168,27.27542866911168,100.0
1310,0,44.18106643059871,44.18106643059871,100.0
1310,1,34.93278536017284,34.93278536017284,100.0
1310,2,20.886148209228434,20.886148209228434,100.0
1320,0,30.141559109270453,30.141559109270453,100.0
1320,1,40.032384905077755,40.032384905077755,100.0
1320,2,29.826055985651788,29.826055985651788,100.0
1330,0,27.860762815370045,27.860762815370045,100.0
1330,1,41.26506791709341,41.26506791709341,100.0
1330,2,30.87416926753655,30.87416926753655,100.0
1340,0,29.83860815691351,29.83860815691351,100.0
1340,1,44.65288305538739,44.65288305538739,100.0
1340,2,25.508508787699096,25.508508787699096,100.0
1350,0,43.04593118739531,43.04593118739531,100.0
1350,1,27.864431399228284,27.864431399228284,100.0
1350,2,29.089637413376394,29.089637413376394,100.0
1360,0,21.87535673935911,21.87535673935911,100.0
1360,1,43.06809452315055,43.06809452315055,100.0
1360,2,35.056548737490346,35.056548737490346,100.0
1370,0,21.361005808203288,21.361005808203288,100.0
1370,1,43.8966286226102,43.8966286226102,100.0
1370,2,34.742365569186504,34.742365569186504,100.0
1380,0,31.34788308065637,31.34788308065637,100.0
1380,1,33.83010338043733,33.83010338043733,100.0
1380,2,34.822013538906305,34.822013538906305,100.0
1390,0,28.165602515230315,28.165602515230315,100.0
1390,1,45.798172717255326,45.798172717255326,100.0
1390,2,26.036224767514355,26.036224767514355,100.0
1400,0,23.40822513231685,23.40822513231685,100.0
1400,1,47.12966404048443,47.12966404048443,100.0
1400,2,29.46211082719871,29.46211082719871,100.0
1410,0,41.71072435243299,41.71072435243299,100.0
1410,1,35.976774695410874,35.976774695410874,100.0
1410,2,22.312500952156135,22.312500952156135,100.0
1420,0,26.406552859671915,26.406552859671915,100.0
1420,1,48.44293401225981,48.44293401225981,100.0
1420,2,25.150513128068276,25.150513128068276,100.0
1430,0,21.628229907990242,21.628229907990242,100.0
1430,1,47.34279999922208,47.34279999922208,100.0
1430,2,31.028970092787674,31.028970092787674,100.0
1440,0,42.866884265599836,42.866884265599836,100.0
1440,1,31.266781805249277,31.266781805249277,100.0
1440,2,25.866333929150887,25.866333929150887,100.0
1450,0,23.31696523745417,23.31696523745417,100.0
1450,1,31.750161813157685,31.750161813157685,100.0
1450,2,44.93287294938815,44.93287294938815,100.0
1460,0,28.129949822663974,28.129949822663974,100.0
1460,1,33.62788983274913,33.62788983274913,100.0
1460,2,38.24216034458689,38.24216034458689,100.0
1470,0,49.65841265991499,49.65841265991499,100.0
1470,1,26.957345536464565,26.957345536464565,100.0
1470,2,23.384241803620448,23.384241803620448,100.0
1480,0,21.25592479894151,21.25592479894151,100.0
1480,1,49.05328222632634,49.05328222632634,100.0
1480,2,29.690792974732155,29.690792974732155,100.0
1490,0,39.302080653999845,39.302080653999845,100.0
1490,1,29.601919910140584,29.601919910140584,100.0
1490,2,31.095999435859582,31.095999435859582,100.0
1500,0,27.371180755873436,27.371180755873436,100.0
1500,1,45.924165598350875,45.924165598350875,100.0
1500,2,26.704653645775682,26.704653645775682,100.0
