timestamp,ueImsi,sliceId,dTxBytes,dRxBytes,plr,resourceSharePct,dLostPackets,throughputMbps,bufferBytes
820,1,0,25976,1528,94.12,22.61,16,1.2224,738288
820,2,0,25976,1528,94.12,22.61,16,1.2224,738218
820,3,0,25976,1528,94.12,22.61,16,1.2224,738214
820,4,0,25976,1528,94.12,22.61,16,1.2224,738168
820,5,0,25976,1528,94.12,22.61,16,1.2224,738172
820,6,1,390,234,40.00,54.83,2,0.1872,87
820,7,1,390,234,40.00,54.83,2,0.1872,87
820,8,1,390,234,40.00,54.83,2,0.1872,87
820,9,1,390,234,40.00,54.83,2,0.1872,87
820,10,1,390,234,40.00,54.83,2,0.1872,87
820,11,2,16000,768,95.20,22.56,119,0.6144,495434
820,12,2,16000,640,96.00,22.56,120,0.5120,495443
820,13,2,16000,768,95.20,22.56,119,0.6144,495456
820,14,2,16000,768,95.20,22.56,119,0.6144,495438
820,15,2,16000,640,96.00,22.56,120,0.5120,495494
820,16,2,16000,640,96.00,22.56,120,0.5120,495409
820,17,2,16000,640,96.00,22.56,120,0.5120,495385
820,18,2,16000,640,96.00,22.56,120,0.5120,495427
820,19,2,16000,640,96.00,22.56,120,0.5120,495510
820,20,2,16000,640,96.00,22.56,120,0.5120,495516
