timestamp,ueImsi,sliceId,dTxBytes,dRxBytes,plr,resourceSharePct,dLostPackets,throughputMbps,bufferBytes,dlBufferBytes,ulBufferBytes,macBufferBytes,congestionPct,lastDrlActionStatus
9900,1,0,193616,1228,99.42,39.04,171,0.0982,1200005,169181,1200005,1369186,13.06,applied
9900,2,0,193616,0,100.00,39.04,172,0.0000,1200005,169190,1200005,1369195,13.06,applied
9900,3,0,193616,49120,76.74,39.04,132,3.9296,1199455,169204,1199455,1368659,13.05,applied
9900,4,0,193616,0,100.00,39.04,172,0.0000,1200005,172783,1200005,1372788,13.09,applied
9900,5,0,193616,0,100.00,39.04,172,0.0000,1200005,169186,1200005,1369191,13.06,applied
9900,6,1,0,0,0.00,39.84,0,0.0000,34,0,34,34,0.00,applied
9900,7,1,0,0,0.00,39.84,0,0.0000,34,0,34,34,0.00,applied
9900,8,1,0,0,0.00,39.84,0,0.0000,34,0,34,34,0.00,applied
9900,9,1,0,0,0.00,39.84,0,0.0000,34,0,34,34,0.00,applied
9900,10,1,0,0,0.00,39.84,0,0.0000,34,0,34,34,0.00,applied
9900,11,1,0,0,0.00,39.84,0,0.0000,34,0,34,34,0.00,applied
9900,12,1,0,0,0.00,39.84,0,0.0000,34,0,34,34,0.00,applied
9900,13,1,0,0,0.00,39.84,0,0.0000,34,0,34,34,0.00,applied
9900,14,2,65200,0,100.00,21.11,50,0.0000,5653246,5653246,51,5653297,53.91,applied
9900,15,2,65200,0,100.00,21.11,50,0.0000,5653424,5653424,34,5653458,53.92,applied
9900,16,2,65200,0,100.00,21.11,50,0.0000,5653250,5653250,51,5653301,53.91,applied
9900,17,2,65200,0,100.00,21.11,50,0.0000,5656128,5656128,51,5656179,53.94,applied
9900,18,2,65200,0,100.00,21.11,50,0.0000,5653258,5653258,51,5653309,53.91,applied
9900,19,2,65200,940,90.00,21.11,45,0.0752,5653249,5653249,51,5653300,53.91,applied
9900,20,2,65200,940,90.00,21.11,45,0.0752,5653249,5653249,51,5653300,53.91,applied
9900,21,2,65200,0,100.00,21.11,50,0.0000,5654006,5654006,51,5654057,53.92,applied
9900,22,2,65200,0,100.00,21.11,50,0.0000,5655026,5655026,51,5655077,53.93,applied
9900,23,2,65200,0,100.00,21.11,50,0.0000,5653248,5653248,51,5653299,53.91,applied
9900,24,2,65200,940,90.00,21.11,45,0.0752,5653246,5653246,51,5653297,53.91,applied
9900,25,2,65200,940,90.00,21.11,45,0.0752,5653248,5653248,51,5653299,53.91,applied
9900,26,2,65200,0,100.00,21.11,50,0.0000,5653249,5653249,51,5653300,53.91,applied
9900,27,2,65200,0,100.00,21.11,50,0.0000,5653424,5653424,51,5653475,53.92,applied
9900,28,2,65200,0,100.00,21.11,50,0.0000,5653446,5653446,51,5653497,53.92,applied
9900,29,2,65200,0,100.00,21.11,50,0.0000,5655964,5655964,51,5656015,53.94,applied
9900,30,2,65200,0,100.00,21.11,50,0.0000,5653253,5653253,51,5653304,53.91,applied
9900,31,2,65200,940,90.00,21.11,45,0.0752,5653246,5653246,51,5653297,53.91,applied
9900,32,2,65200,0,100.00,21.11,50,0.0000,5653246,5653246,51,5653297,53.91,applied
9900,33,2,65200,0,100.00,21.11,50,0.0000,5655329,5655329,51,5655380,53.93,applied
