timestamp,ueImsi,sliceId,dTxBytes,dRxBytes,plr,resourceSharePct,dLostPackets,throughputMbps,bufferBytes
560,1,0,24448,1528,93.75,39.28,15,1.2224,134861
560,2,0,24448,1528,93.75,39.28,15,1.2224,134853
560,3,0,24448,1528,93.75,39.28,15,1.2224,134862
560,4,0,24448,1528,93.75,39.28,15,1.2224,134756
560,5,0,24448,1528,93.75,39.28,15,1.2224,134843
560,6,1,390,312,20.00,23.85,1,0.2496,169
560,7,1,390,312,20.00,23.85,1,0.2496,169
560,8,1,390,312,20.00,23.85,1,0.2496,169
560,9,1,390,312,20.00,23.85,1,0.2496,169
560,10,1,390,312,20.00,23.85,1,0.2496,169
560,11,2,16000,896,94.40,36.86,118,0.7168,90596
560,12,2,16000,896,94.40,36.86,118,0.7168,90596
560,13,2,16000,896,94.40,36.86,118,0.7168,90602
560,14,2,16000,896,94.40,36.86,118,0.7168,90594
560,15,2,16000,1024,93.60,36.86,117,0.8192,90560
560,16,2,16000,1024,93.60,36.86,117,0.8192,90569
560,17,2,16000,1024,93.60,36.86,117,0.8192,90582
560,18,2,16000,1024,93.60,36.86,117,0.8192,90573
560,19,2,16000,1024,93.60,36.86,117,0.8192,90664
560,20,2,16000,1024,93.60,36.86,117,0.8192,90575
