timestamp,ueImsi,sliceId,dTxBytes,dRxBytes,plr,resourceSharePct,dLostPackets,throughputMbps,bufferBytes
1510,1,0,18336,0,100.00,42.89,12,0.0000,1704234
1510,2,0,18336,3056,83.33,42.89,10,2.4448,1496714
1510,3,0,18336,6112,66.67,42.89,8,4.8896,1207601
1510,4,0,18336,0,100.00,42.89,12,0.0000,1294635
1510,5,0,18336,0,100.00,42.89,12,0.0000,1725752
1510,6,1,390,390,0.00,29.83,0,0.3120,87
1510,7,1,390,0,100.00,29.83,5,0.0000,415
1510,8,1,390,390,0.00,29.83,0,0.3120,87
1510,9,1,390,234,40.00,29.83,2,0.1872,87
1510,10,1,390,0,100.00,29.83,5,0.0000,333
1510,11,2,384,256,33.33,27.28,1,0.2048,137
1510,12,2,384,256,33.33,27.28,1,0.2048,137
1510,13,2,384,256,33.33,27.28,1,0.2048,137
1510,14,2,384,256,33.33,27.28,1,0.2048,137
1510,15,2,384,256,33.33,27.28,1,0.2048,80
1510,16,2,384,0,100.00,27.28,3,0.0000,927
1510,17,2,384,256,33.33,27.28,1,0.2048,137
1510,18,2,384,0,100.00,27.28,3,0.0000,269
1510,19,2,384,256,33.33,27.28,1,0.2048,137
1510,20,2,384,256,33.33,27.28,1,0.2048,137
