timestamp,sliceId,dedicatedPRB,minPRB,maxPRB
510,0,47.003319955697926,47.003319955697926,100.0
510,1,30.17482285101454,30.17482285101454,100.0
510,2,22.821857193287542,22.821857193287542,100.0
520,0,47.07707136853233,47.07707136853233,100.0
520,1,29.671721648647043,29.671721648647043,100.0
520,2,23.251206982820634,23.251206982820634,100.0
530,0,31.347167247924023,31.347167247924023,100.0
530,1,32.391835979075395,32.391835979075395,100.0
530,2,36.260996773000585,36.260996773000585,100.0
540,0,41.75727116772238,41.75727116772238,100.0
540,1,32.09667130275794,32.09667130275794,100.0
540,2,26.146057529519677,26.146057529519677,100.0
550,0,26.686763794291153,26.686763794291153,100.0
550,1,37.20632986937231,37.20632986937231,100.0
550,2,36.10690633633653,36.10690633633653,100.0
560,0,36.20787463092218,36.20787463092218,100.0
560,1,40.53909624647912,40.53909624647912,100.0
560,2,23.253029122598704,23.253029122598704,100.0
570,0,43.673809844473,43.673809844473,100.0
570,1,30.825138725717572,30.825138725717572,100.0
570,2,25.501051429809422,25.501051429809422,100.0
580,0,34.201228089218446,34.201228089218446,100.0
580,1,47.82304576101522,47.82304576101522,100.0
580,2,17.97572614976633,17.97572614976633,100.0
590,0,42.16293216235035,42.16293216235035,100.0
590,1,38.12149285280856,38.12149285280856,100.0
590,2,19.715574984841094,19.715574984841094,100.0
600,0,28.181057909860286,28.181057909860286,100.0
600,1,36.10532442075698,36.10532442075698,100.0
600,2,35.713617669382735,35.713617669382735,100.0
610,0,31.82229237885627,31.82229237885627,100.0
610,1,35.913701768798475,35.913701768798475,100.0
610,2,32.26400585234526,32.26400585234526,100.0
620,0,28.936914277003467,28.936914277003467,100.0
620,1,29.1745508226457,29.1745508226457,100.0
620,2,41.88853490035084,41.88853490035084,100.0
630,0,24.45087060520144,24.45087060520144,100.0
630,1,32.99631477647999,32.99631477647999,100.0
630,2,42.55281461831857,42.55281461831857,100.0
640,0,30.040819142426074,30.040819142426074,100.0
640,1,39.93180017915731,39.93180017915731,100.0
640,2,30.027380678416627,30.027380678416627,100.0
650,0,34.84508908033818,34.84508908033818,100.0
650,1,26.044815205894334,26.044815205894334,100.0
650,2,39.11009571376749,39.11009571376749,100.0
660,0,26.94767686780319,26.94767686780319,100.0
660,1,44.17627331711761,44.17627331711761,100.0
660,2,28.876049815079195,28.876049815079195,100.0
670,0,29.090425279403227,29.090425279403227,100.0
670,1,44.38576533525431,44.38576533525431,100.0
670,2,26.523809385342467,26.523809385342467,100.0
680,0,26.419630035223868,26.419630035223868,100.0
680,1,35.23988877569623,35.23988877569623,100.0
680,2,38.3404811890799,38.3404811890799,100.0
690,0,34.32927053296121,34.32927053296121,100.0
690,1,33.47249645108842,33.47249645108842,100.0
690,2,32.19823301595037,32.19823301595037,100.0
700,0,28.77136655902618,28.77136655902618,100.0
700,1,43.980961439046915,43.980961439046915,100.0
700,2,27.24767200192692,27.24767200192692,100.0
710,0,30.10549949548479,30.10549949548479,100.0
710,1,41.52914586448897,41.52914586448897,100.0
710,2,28.36535464002624,28.36535464002624,100.0
720,0,52.86542545808571,52.86542545808571,100.0
720,1,27.310641033340833,27.310641033340833,100.0
720,2,19.823933508573454,19.823933508573454,100.0
730,0,28.051994410947785,28.051994410947785,100.0
730,1,40.87299937605845,40.87299937605845,100.0
730,2,31.07500621299376,31.07500621299376,100.0
740,0,31.432602414861577,31.432602414861577,100.0
740,1,32.774857580989064,32.774857580989064,100.0
740,2,35.79254000414937,35.79254000414937,100.0
750,0,45.667784028428336,45.667784028428336,100.0
750,1,28.867657940285252,28.867657940285252,100.0
750,2,25.464558031286412,25.464558031286412,100.0
760,0,39.1820918158173,39.1820918158173,100.0
760,1,27.84594918452931,27.84594918452931,100.0
760,2,32.97195899965339,32.97195899965339,100.0
770,0,38.78508992899633,38.78508992899633,100.0
770,1,31.993853538385025,31.993853538385025,100.0
770,2,29.22105653261864,29.22105653261864,100.0
780,0,43.363206712695536,43.363206712695536,100.0
780,1,29.19363450878259,29.19363450878259,100.0
780,2,27.44315877852188,27.44315877852188,100.0
790,0,34.65381241450544,34.65381241450544,100.0
790,1,29.346394787305407,29.346394787305407,100.0
790,2,35.99979279818916,35.99979279818916,100.0
800,0,24.745559504072006,24.745559504072006,100.0
800,1,30.56694480568366,30.56694480568366,100.0
800,2,44.68749569024435,44.68749569024435,100.0
810,0,28.177901937395877,28.177901937395877,100.0
810,1,50.72341011519177,50.72341011519177,100.0
810,2,21.098687947412348,21.098687947412348,100.0
820,0,42.39021368193395,42.39021368193395,100.0
820,1,31.361451936504796,31.361451936504796,100.0
820,2,26.248334381561243,26.248334381561243,100.0
830,0,36.273654171840164,36.273654171840164,100.0
830,1,26.97672405064397,26.97672405064397,100.0
830,2,36.74962177751586,36.74962177751586,100.0
840,0,23.565834128486724,23.565834128486724,100.0
840,1,35.31894277894942,35.31894277894942,100.0
840,2,41.11522309256386,41.11522309256386,100.0
850,0,24.959271625992656,24.959271625992656,100.0
850,1,52.07296378044594,52.07296378044594,100.0
850,2,22.9677645935614,22.9677645935614,100.0
860,0,26.570426692869543,26.570426692869543,100.0
860,1,29.221442095413465,29.221442095413465,100.0
860,2,44.208131211716996,44.208131211716996,100.0
870,0,23.413089248397174,23.413089248397174,100.0
870,1,31.866848694949613,31.866848694949613,100.0
870,2,44.72006205665321,44.72006205665321,100.0
880,0,34.816630642915946,34.816630642915946,100.0
880,1,35.322052474741085,35.322052474741085,100.0
880,2,29.861316882342976,29.861316882342976,100.0
890,0,38.466629138073195,38.466629138073195,100.0
890,1,32.46647623170055,32.46647623170055,100.0
890,2,29.06689463022626,29.06689463022626,100.0
900,0,31.912448855305275,31.912448855305275,100.0
900,1,38.88473866251867,38.88473866251867,100.0
900,2,29.202812482176054,29.202812482176054,100.0
910,0,24.731074923031514,24.731074923031514,100.0
910,1,35.13859199201097,35.13859199201097,100.0
910,2,40.13033308495751,40.13033308495751,100.0
920,0,36.19200944675134,36.19200944675134,100.0
920,1,37.672861367121065,37.672861367121065,100.0
920,2,26.135129186127593,26.135129186127593,100.0
930,0,38.07058546620487,38.07058546620487,100.0
930,1,29.3382869158892,29.3382869158892,100.0
930,2,32.59112761790594,32.59112761790594,100.0
940,0,23.618234042181108,23.618234042181108,100.0
940,1,34.60550821105194,34.60550821105194,100.0
940,2,41.77625774676695,41.77625774676695,100.0
950,0,34.92607261976204,34.92607261976204,100.0
950,1,38.16044120527998,38.16044120527998,100.0
950,2,26.913486174957978,26.913486174957978,100.0
960,0,30.88927389503099,30.88927389503099,100.0
960,1,30.621024688094,30.621024688094,100.0
960,2,38.48970141687501,38.48970141687501,100.0
970,0,23.657940539219116,23.657940539219116,100.0
970,1,40.84108495629477,40.84108495629477,100.0
970,2,35.500974504486116,35.500974504486116,100.0
980,0,29.279774740863544,29.279774740863544,100.0
980,1,39.63548018963211,39.63548018963211,100.0
980,2,31.084745069504336,31.084745069504336,100.0
990,0,23.564273656147694,23.564273656147694,100.0
990,1,45.597051357477255,45.597051357477255,100.0
990,2,30.838674986375054,30.838674986375054,100.0
1000,0,36.0460429004961,36.0460429004961,100.0
1000,1,26.71849474781766,26.71849474781766,100.0
1000,2,37.23546235168624,37.23546235168624,100.0
1010,0,40.76876906622752,40.76876906622752,100.0
1010,1,25.616828593309513,25.616828593309513,100.0
1010,2,33.614402340462966,33.614402340462966,100.0
1020,0,29.198269458839967,29.198269458839967,100.0
1020,1,46.26331377361759,46.26331377361759,100.0
1020,2,24.538416767542454,24.538416767542454,100.0
1030,0,29.360777015420027,29.360777015420027,100.0
1030,1,34.01534053614325,34.01534053614325,100.0
1030,2,36.62388244843673,36.62388244843673,100.0
1040,0,28.521432522454415,28.521432522454415,100.0
1040,1,38.41085713852128,38.41085713852128,100.0
1040,2,33.067710339024295,33.067710339024295,100.0
1050,0,24.610886706687737,24.610886706687737,100.0
1050,1,48.10223748046551,48.10223748046551,100.0
1050,2,27.286875812846763,27.286875812846763,100.0
1060,0,32.363669769527334,32.363669769527334,100.0
1060,1,34.20688063471766,34.20688063471766,100.0
1060,2,33.42944959575501,33.42944959575501,100.0
1070,0,42.92653478598871,42.92653478598871,100.0
1070,1,36.10199361572961,36.10199361572961,100.0
1070,2,20.971471598281692,20.971471598281692,100.0
1080,0,27.114459536167423,27.114459536167423,100.0
1080,1,31.506342037805208,31.506342037805208,100.0
1080,2,41.37919842602737,41.37919842602737,100.0
1090,0,24.44001273871794,24.44001273871794,100.0
1090,1,31.24949989815328,31.24949989815328,100.0
1090,2,44.31048736312878,44.31048736312878,100.0
1100,0,24.709759079773203,24.709759079773203,100.0
1100,1,45.11230359556247,45.11230359556247,100.0
1100,2,30.177937324664327,30.177937324664327,100.0
1110,0,33.32368745591076,33.32368745591076,100.0
1110,1,38.589496313194736,38.589496313194736,100.0
1110,2,28.086816230894513,28.086816230894513,100.0
1120,0,40.51092363893589,40.51092363893589,100.0
1120,1,38.56693735329184,38.56693735329184,100.0
1120,2,20.922139007772277,20.922139007772277,100.0
1130,0,43.55745837911952,43.55745837911952,100.0
1130,1,31.80831939444491,31.80831939444491,100.0
1130,2,24.634222226435575,24.634222226435575,100.0
1140,0,36.61219678308327,36.61219678308327,100.0
1140,1,42.73598587313945,42.73598587313945,100.0
1140,2,20.651817343777296,20.651817343777296,100.0
1150,0,48.915102563681565,48.915102563681565,100.0
1150,1,28.644098923433226,28.644098923433226,100.0
1150,2,22.44079851288521,22.44079851288521,100.0
1160,0,29.315641744637443,29.315641744637443,100.0
1160,1,43.86571091857698,43.86571091857698,100.0
1160,2,26.818647336785578,26.818647336785578,100.0
1170,0,38.017118633228556,38.017118633228556,100.0
1170,1,35.467160980784755,35.467160980784755,100.0
1170,2,26.515720385986686,26.515720385986686,100.0
1180,0,43.0405911768669,43.0405911768669,100.0
1180,1,26.267540507368274,26.267540507368274,100.0
1180,2,30.691868315764832,30.691868315764832,100.0
1190,0,22.54669777451919,22.54669777451919,100.0
1190,1,26.911623701828052,26.911623701828052,100.0
1190,2,50.541678523652756,50.541678523652756,100.0
1200,0,24.265704694492772,24.265704694492772,100.0
1200,1,35.460421758245275,35.460421758245275,100.0
1200,2,40.273873547261964,40.273873547261964,100.0
1210,0,37.34765971771908,37.34765971771908,100.0
1210,1,32.59043475207878,32.59043475207878,100.0
1210,2,30.061905530202143,30.061905530202143,100.0
1220,0,24.226935620316365,24.226935620316365,100.0
1220,1,27.56536462318792,27.56536462318792,100.0
1220,2,48.207699756495714,48.207699756495714,100.0
1230,0,35.45689925968731,35.45689925968731,100.0
1230,1,29.177097679459727,29.177097679459727,100.0
1230,2,35.36600306085296,35.36600306085296,100.0
1240,0,22.448197643829236,22.448197643829236,100.0
1240,1,29.789935008821022,29.789935008821022,100.0
1240,2,47.76186734734974,47.76186734734974,100.0
1250,0,21.401840551696345,21.401840551696345,100.0
1250,1,43.51217891081273,43.51217891081273,100.0
1250,2,35.08598053749093,35.08598053749093,100.0
1260,0,22.709141494127234,22.709141494127234,100.0
1260,1,28.510304249214602,28.510304249214602,100.0
1260,2,48.78055425665817,48.78055425665817,100.0
1270,0,23.089655616741926,23.089655616741926,100.0
1270,1,29.75721366636513,29.75721366636513,100.0
1270,2,47.153130716892946,47.153130716892946,100.0
1280,0,44.865189253720494,44.865189253720494,100.0
1280,1,30.16656824282521,30.16656824282521,100.0
1280,2,24.968242503454302,24.968242503454302,100.0
1290,0,23.35587661654273,23.35587661654273,100.0
1290,1,31.021780825787697,31.021780825787697,100.0
1290,2,45.62234255766957,45.62234255766957,100.0
1300,0,28.28955250227672,28.28955250227672,100.0
1300,1,34.3451236208884,34.3451236208884,100.0
1300,2,37.365323876834886,37.365323876834886,100.0
1310,0,30.498896114357336,30.498896114357336,100.0
1310,1,36.06262833013319,36.06262833013319,100.0
1310,2,33.43847555550948,33.43847555550948,100.0
1320,0,29.146325744395607,29.146325744395607,100.0
1320,1,36.08093456828153,36.08093456828153,100.0
1320,2,34.77273968732286,34.77273968732286,100.0
1330,0,22.42541328096466,22.42541328096466,100.0
1330,1,44.82928025758631,44.82928025758631,100.0
1330,2,32.74530646144903,32.74530646144903,100.0
1340,0,40.343783363541704,40.343783363541704,100.0
1340,1,26.729890549539615,26.729890549539615,100.0
1340,2,32.92632608691869,32.92632608691869,100.0
1350,0,26.608265242523544,26.608265242523544,100.0
1350,1,51.33701096715377,51.33701096715377,100.0
1350,2,22.054723790322686,22.054723790322686,100.0
1360,0,32.443468318691856,32.443468318691856,100.0
1360,1,35.06501577710378,35.06501577710378,100.0
1360,2,32.491515904204356,32.491515904204356,100.0
1370,0,25.220861500345876,25.220861500345876,100.0
1370,1,46.45244991217359,46.45244991217359,100.0
1370,2,28.326688587480543,28.326688587480543,100.0
1380,0,22.29537208051936,22.29537208051936,100.0
1380,1,34.30598141235963,34.30598141235963,100.0
1380,2,43.39864650712101,43.39864650712101,100.0
1390,0,24.755460747231577,24.755460747231577,100.0
1390,1,26.653012533804123,26.653012533804123,100.0
1390,2,48.5915267189643,48.5915267189643,100.0
1400,0,27.398748439932298,27.398748439932298,100.0
1400,1,43.408151008606275,43.408151008606275,100.0
1400,2,29.19310055146143,29.19310055146143,100.0
1410,0,27.938774279143384,27.938774279143384,100.0
1410,1,28.264270201595444,28.264270201595444,100.0
1410,2,43.796955519261175,43.796955519261175,100.0
1420,0,29.875046120228752,29.875046120228752,100.0
1420,1,30.333491900427294,30.333491900427294,100.0
1420,2,39.79146197934396,39.79146197934396,100.0
1430,0,34.924565258525966,34.924565258525966,100.0
1430,1,31.33158021466424,31.33158021466424,100.0
1430,2,33.743854526809805,33.743854526809805,100.0
1440,0,44.988897279800796,44.988897279800796,100.0
1440,1,24.632308259744793,24.632308259744793,100.0
1440,2,30.378794460454404,30.378794460454404,100.0
1450,0,25.544244335169857,25.544244335169857,100.0
1450,1,28.43983889516722,28.43983889516722,100.0
1450,2,46.01591676966292,46.01591676966292,100.0
1460,0,26.69081464113353,26.69081464113353,100.0
1460,1,34.281267108726546,34.281267108726546,100.0
1460,2,39.02791825013993,39.02791825013993,100.0
1470,0,22.492822834663865,22.492822834663865,100.0
1470,1,44.96374727735113,44.96374727735113,100.0
1470,2,32.543429887985,32.543429887985,100.0
1480,0,22.02652758505922,22.02652758505922,100.0
1480,1,49.26992945887345,49.26992945887345,100.0
1480,2,28.70354295606733,28.70354295606733,100.0
1490,0,36.13931052533212,36.13931052533212,100.0
1490,1,32.52318275495596,32.52318275495596,100.0
1490,2,31.337506719711918,31.337506719711918,100.0
1500,0,30.7323920016634,30.7323920016634,100.0
1500,1,43.51839549009168,43.51839549009168,100.0
1500,2,25.749212508244923,25.749212508244923,100.0
