timestamp,sliceId,dedicatedPRB,minPRB,maxPRB
510,0,42.16663859152129,42.16663859152129,100.0
510,1,27.579216400946784,27.579216400946784,100.0
510,2,30.25414500753193,30.25414500753193,100.0
520,0,30.717529339899098,30.717529339899098,100.0
520,1,35.68207441774776,35.68207441774776,100.0
520,2,33.60039624235314,33.60039624235314,100.0
530,0,30.348070123605076,30.348070123605076,100.0
530,1,47.9416454734927,47.9416454734927,100.0
530,2,21.71028440290223,21.71028440290223,100.0
540,0,29.97010987186372,29.97010987186372,100.0
540,1,41.144646634589016,41.144646634589016,100.0
540,2,28.885243493547254,28.885243493547254,100.0
550,0,37.344154162427245,37.344154162427245,100.0
550,1,40.290710454872126,40.290710454872126,100.0
550,2,22.365135382700633,22.365135382700633,100.0
560,0,29.15755239042476,29.15755239042476,100.0
560,1,39.197915594234885,39.197915594234885,100.0
560,2,31.64453201534035,31.64453201534035,100.0
570,0,35.990479712585675,35.990479712585675,100.0
570,1,27.801852237193724,27.801852237193724,100.0
570,2,36.2076680502206,36.2076680502206,100.0
580,0,31.819122520387122,31.819122520387122,100.0
580,1,46.124833639110896,46.124833639110896,100.0
580,2,22.056043840501985,22.056043840501985,100.0
590,0,30.225724914626618,30.225724914626618,100.0
590,1,38.130054012955945,38.130054012955945,100.0
590,2,31.644221072417437,31.644221072417437,100.0
600,0,27.53542926944191,27.53542926944191,100.0
600,1,34.67580853537831,34.67580853537831,100.0
600,2,37.78876219517979,37.78876219517979,100.0
610,0,46.85188988247981,46.85188988247981,100.0
610,1,29.16760376335234,29.16760376335234,100.0
610,2,23.98050635416784,23.98050635416784,100.0
620,0,38.20732970099917,38.20732970099917,100.0
620,1,27.938708760559848,27.938708760559848,100.0
620,2,33.85396153844098,33.85396153844098,100.0
630,0,25.536928443754025,25.536928443754025,100.0
630,1,50.95711512515434,50.95711512515434,100.0
630,2,23.50595643109163,23.50595643109163,100.0
640,0,24.667315329919195,24.667315329919195,100.0
640,1,29.804294567782346,29.804294567782346,100.0
640,2,45.52839010229845,45.52839010229845,100.0
650,0,35.31046592819339,35.31046592819339,100.0
650,1,25.260397302929483,25.260397302929483,100.0
650,2,39.429136768877136,39.429136768877136,100.0
660,0,22.099752104984603,22.099752104984603,100.0
660,1,45.87508241272757,45.87508241272757,100.0
660,2,32.02516548228783,32.02516548228783,100.0
670,0,37.38596951829466,37.38596951829466,100.0
670,1,38.95902371538852,38.95902371538852,100.0
670,2,23.655006766316816,23.655006766316816,100.0
680,0,54.93380669555812,54.93380669555812,100.0
680,1,25.872099696935148,25.872099696935148,100.0
680,2,19.194093607506733,19.194093607506733,100.0
690,0,38.703034054895916,38.703034054895916,100.0
690,1,39.507460498038334,39.507460498038334,100.0
690,2,21.78950544706576,21.78950544706576,100.0
700,0,45.52935881051263,45.52935881051263,100.0
700,1,26.509903346722265,26.509903346722265,100.0
700,2,27.960737842765116,27.960737842765116,100.0
710,0,23.467355377297856,23.467355377297856,100.0
710,1,37.06033274409981,37.06033274409981,100.0
710,2,39.472311878602326,39.472311878602326,100.0
720,0,22.40678880165887,22.40678880165887,100.0
720,1,48.0494278865141,48.0494278865141,100.0
720,2,29.54378331182703,29.54378331182703,100.0
730,0,36.46462823542929,36.46462823542929,100.0
730,1,35.36653625216066,35.36653625216066,100.0
730,2,28.168835512410055,28.168835512410055,100.0
740,0,33.07075755954153,33.07075755954153,100.0
740,1,30.709258615287787,30.709258615287787,100.0
740,2,36.21998382517069,36.21998382517069,100.0
750,0,22.021749339372754,22.021749339372754,100.0
750,1,38.53346979596364,38.53346979596364,100.0
750,2,39.444780864663606,39.444780864663606,100.0
760,0,34.51209254444672,34.51209254444672,100.0
760,1,35.581224232547626,35.581224232547626,100.0
760,2,29.906683223005647,29.906683223005647,100.0
770,0,50.43761159120689,50.43761159120689,100.0
770,1,28.62771281192909,28.62771281192909,100.0
770,2,20.93467559686402,20.93467559686402,100.0
780,0,28.685690502938865,28.685690502938865,100.0
780,1,36.96886767094233,36.96886767094233,100.0
780,2,34.34544182611881,34.34544182611881,100.0
790,0,24.670081808500804,24.670081808500804,100.0
790,1,33.15747919180893,33.15747919180893,100.0
790,2,42.17243899969027,42.17243899969027,100.0
800,0,39.64164953224794,39.64164953224794,100.0
800,1,24.97043317870174,24.97043317870174,100.0
800,2,35.38791728905033,35.38791728905033,100.0
810,0,37.560404096713576,37.560404096713576,100.0
810,1,44.11813669139799,44.11813669139799,100.0
810,2,18.321459211888445,18.321459211888445,100.0
820,0,22.829751410075996,22.829751410075996,100.0
820,1,28.531167885824416,28.531167885824416,100.0
820,2,48.63908070409959,48.63908070409959,100.0
830,0,41.17040582110898,41.17040582110898,100.0
830,1,40.95740626203496,40.95740626203496,100.0
830,2,17.872187916856063,17.872187916856063,100.0
840,0,32.206590922255984,32.206590922255984,100.0
840,1,44.35077677752086,44.35077677752086,100.0
840,2,23.442632300223153,23.442632300223153,100.0
850,0,31.800834912623888,31.800834912623888,100.0
850,1,41.67181032311896,41.67181032311896,100.0
850,2,26.52735476425715,26.52735476425715,100.0
860,0,24.402439244565187,24.402439244565187,100.0
860,1,52.219552556744375,52.219552556744375,100.0
860,2,23.378008198690438,23.378008198690438,100.0
870,0,30.529171918194553,30.529171918194553,100.0
870,1,36.474868529640716,36.474868529640716,100.0
870,2,32.995959552164734,32.995959552164734,100.0
880,0,27.582903607821567,27.582903607821567,100.0
880,1,39.80594737560768,39.80594737560768,100.0
880,2,32.61114901657076,32.61114901657076,100.0
890,0,40.28672665772957,40.28672665772957,100.0
890,1,25.52352421214261,25.52352421214261,100.0
890,2,34.18974913012782,34.18974913012782,100.0
900,0,49.962127766370934,49.962127766370934,100.0
900,1,30.951269178054165,30.951269178054165,100.0
900,2,19.086603055574887,19.086603055574887,100.0
910,0,32.44902674916067,32.44902674916067,100.0
910,1,31.608762461300984,31.608762461300984,100.0
910,2,35.94221078953836,35.94221078953836,100.0
920,0,38.14397347589901,38.14397347589901,100.0
920,1,36.2782309224027,36.2782309224027,100.0
920,2,25.577795601698288,25.577795601698288,100.0
930,0,28.371559821008578,28.371559821008578,100.0
930,1,34.52293856637405,34.52293856637405,100.0
930,2,37.10550161261738,37.10550161261738,100.0
940,0,22.70878823093003,22.70878823093003,100.0
940,1,31.37474008669653,31.37474008669653,100.0
940,2,45.91647168237344,45.91647168237344,100.0
950,0,31.311325159609144,31.311325159609144,100.0
950,1,39.98241551509172,39.98241551509172,100.0
950,2,28.706259325299126,28.706259325299126,100.0
960,0,23.209220402944748,23.209220402944748,100.0
960,1,40.485999957448755,40.485999957448755,100.0
960,2,36.30477963960651,36.30477963960651,100.0
970,0,28.051066119299207,28.051066119299207,100.0
970,1,49.91891120120778,49.91891120120778,100.0
970,2,22.030022679493012,22.030022679493012,100.0
980,0,35.305005231611695,35.305005231611695,100.0
980,1,35.20425880011106,35.20425880011106,100.0
980,2,29.49073596827725,29.49073596827725,100.0
990,0,35.38706120508655,35.38706120508655,100.0
990,1,36.73532031372802,36.73532031372802,100.0
990,2,27.87761848118543,27.87761848118543,100.0
1000,0,32.27376437572975,32.27376437572975,100.0
1000,1,34.13482436392725,34.13482436392725,100.0
1000,2,33.591411260343015,33.591411260343015,100.0
1010,0,31.042616314535955,31.042616314535955,100.0
1010,1,27.678432358360126,27.678432358360126,100.0
1010,2,41.27895132710392,41.27895132710392,100.0
1020,0,27.453134140651052,27.453134140651052,100.0
1020,1,43.1488908237914,43.1488908237914,100.0
1020,2,29.39797503555755,29.39797503555755,100.0
1030,0,37.43895287139464,37.43895287139464,100.0
1030,1,38.79643854688322,38.79643854688322,100.0
1030,2,23.764608581722136,23.764608581722136,100.0
1040,0,30.003851544736023,30.003851544736023,100.0
1040,1,40.2573194239333,40.2573194239333,100.0
1040,2,29.73882903133067,29.73882903133067,100.0
1050,0,43.91826925350727,43.91826925350727,100.0
1050,1,28.27394278758496,28.27394278758496,100.0
1050,2,27.80778795890777,27.80778795890777,100.0
1060,0,30.58502182650763,30.58502182650763,100.0
1060,1,40.02466166887729,40.02466166887729,100.0
1060,2,29.39031650461508,29.39031650461508,100.0
1070,0,29.74089290260539,29.74089290260539,100.0
1070,1,38.051033139079514,38.051033139079514,100.0
1070,2,32.2080739583151,32.2080739583151,100.0
1080,0,26.90519381462667,26.90519381462667,100.0
1080,1,47.36869674072884,47.36869674072884,100.0
1080,2,25.726109444644486,25.726109444644486,100.0
1090,0,32.42575669256919,32.42575669256919,100.0
1090,1,46.66646706175483,46.66646706175483,100.0
1090,2,20.90777624567599,20.90777624567599,100.0
1100,0,44.722795158767084,44.722795158767084,100.0
1100,1,32.080484526236816,32.080484526236816,100.0
1100,2,23.196720314996103,23.196720314996103,100.0
1110,0,28.961841634830254,28.961841634830254,100.0
1110,1,30.202880750606997,30.202880750606997,100.0
1110,2,40.83527761456275,40.83527761456275,100.0
1120,0,50.453365136802866,50.453365136802866,100.0
1120,1,26.37526832148399,26.37526832148399,100.0
1120,2,23.17136654171315,23.17136654171315,100.0
1130,0,46.17144605392687,46.17144605392687,100.0
1130,1,35.2313311664688,35.2313311664688,100.0
1130,2,18.597222779604337,18.597222779604337,100.0
1140,0,26.02013106623817,26.02013106623817,100.0
1140,1,33.4065342872382,33.4065342872382,100.0
1140,2,40.573334646523634,40.573334646523634,100.0
1150,0,42.330694796986364,42.330694796986364,100.0
1150,1,38.56162242457762,38.56162242457762,100.0
1150,2,19.107682778436008,19.107682778436008,100.0
1160,0,39.70875936968062,39.70875936968062,100.0
1160,1,29.88656584917635,29.88656584917635,100.0
1160,2,30.404674781143022,30.404674781143022,100.0
1170,0,45.85457138812223,45.85457138812223,100.0
1170,1,31.294292387172284,31.294292387172284,100.0
1170,2,22.851136224705492,22.851136224705492,100.0
1180,0,30.263302947048302,30.263302947048302,100.0
1180,1,49.305568279216914,49.305568279216914,100.0
1180,2,20.43112877373478,20.43112877373478,100.0
1190,0,35.81497882451444,35.81497882451444,100.0
1190,1,34.70408652073894,34.70408652073894,100.0
1190,2,29.480934654746616,29.480934654746616,100.0
1200,0,28.17310813314904,28.17310813314904,100.0
1200,1,35.85794474460894,35.85794474460894,100.0
1200,2,35.968947122242014,35.968947122242014,100.0
1210,0,26.442288685758637,26.442288685758637,100.0
1210,1,35.33429916600667,35.33429916600667,100.0
1210,2,38.22341214823469,38.22341214823469,100.0
1220,0,34.38865455238066,34.38865455238066,100.0
1220,1,44.285675470651725,44.285675470651725,100.0
1220,2,21.325669976967625,21.325669976967625,100.0
1230,0,34.4176889492062,34.4176889492062,100.0
1230,1,26.321426574877567,26.321426574877567,100.0
1230,2,39.260884475916235,39.260884475916235,100.0
1240,0,26.93322972276726,26.93322972276726,100.0
1240,1,41.81522163650867,41.81522163650867,100.0
1240,2,31.251548640724074,31.251548640724074,100.0
1250,0,23.57768564371211,23.57768564371211,100.0
1250,1,35.888384597736604,35.888384597736604,100.0
1250,2,40.533929758551295,40.533929758551295,100.0
1260,0,41.28062959098301,41.28062959098301,100.0
1260,1,31.165586037551527,31.165586037551527,100.0
1260,2,27.55378437146546,27.55378437146546,100.0
1270,0,44.85791473914611,44.85791473914611,100.0
1270,1,32.36790620463304,32.36790620463304,100.0
1270,2,22.774179056220856,22.774179056220856,100.0
1280,0,31.161203280301642,31.161203280301642,100.0
1280,1,25.94135708793111,25.94135708793111,100.0
1280,2,42.89743963176724,42.89743963176724,100.0
1290,0,35.65865744208075,35.65865744208075,100.0
1290,1,41.311348668325124,41.311348668325124,100.0
1290,2,23.029993889594124,23.029993889594124,100.0
1300,0,27.51316989701805,27.51316989701805,100.0
1300,1,40.302329816696314,40.302329816696314,100.0
1300,2,32.18450028628565,32.18450028628565,100.0
1310,0,33.5561859853854,33.5561859853854,100.0
1310,1,40.73179375900919,40.73179375900919,100.0
1310,2,25.712020255605406,25.712020255605406,100.0
1320,0,46.13147732169514,46.13147732169514,100.0
1320,1,30.29117704704283,30.29117704704283,100.0
1320,2,23.57734563126204,23.57734563126204,100.0
1330,0,34.45213290407011,34.45213290407011,100.0
1330,1,31.862267887911432,31.862267887911432,100.0
1330,2,33.685599208018466,33.685599208018466,100.0
1340,0,42.850204887829015,42.850204887829015,100.0
1340,1,32.831653165949,32.831653165949,100.0
1340,2,24.318141946221992,24.318141946221992,100.0
1350,0,33.22635080371866,33.22635080371866,100.0
1350,1,42.027087315328124,42.027087315328124,100.0
1350,2,24.746561880953223,24.746561880953223,100.0
1360,0,46.803648621075176,46.803648621075176,100.0
1360,1,32.979241715394004,32.979241715394004,100.0
1360,2,20.217109663530824,20.217109663530824,100.0
1370,0,30.278721254464603,30.278721254464603,100.0
1370,1,43.09685603351132,43.09685603351132,100.0
1370,2,26.624422712024078,26.624422712024078,100.0
1380,0,29.75985393694247,29.75985393694247,100.0
1380,1,47.34669712586517,47.34669712586517,100.0
1380,2,22.893448937192368,22.893448937192368,100.0
1390,0,43.64739422377928,43.64739422377928,100.0
1390,1,26.999933534168814,26.999933534168814,100.0
1390,2,29.35267224205191,29.35267224205191,100.0
1400,0,26.91694455712158,26.91694455712158,100.0
1400,1,40.74507924751301,40.74507924751301,100.0
1400,2,32.337976195365414,32.337976195365414,100.0
1410,0,31.52630819149294,31.52630819149294,100.0
1410,1,36.40952693471636,36.40952693471636,100.0
1410,2,32.06416487379069,32.06416487379069,100.0
1420,0,24.29734120434038,24.29734120434038,100.0
1420,1,25.862500023542452,25.862500023542452,100.0
1420,2,49.84015877211718,49.84015877211718,100.0
1430,0,23.139559084251136,23.139559084251136,100.0
1430,1,30.488888115325857,30.488888115325857,100.0
1430,2,46.37155280042301,46.37155280042301,100.0
1440,0,51.09871678514817,51.09871678514817,100.0
1440,1,29.04749258273409,29.04749258273409,100.0
1440,2,19.853790632117747,19.853790632117747,100.0
1450,0,35.76126394476323,35.76126394476323,100.0
1450,1,36.829811620159894,36.829811620159894,100.0
1450,2,27.40892443507688,27.40892443507688,100.0
1460,0,28.152853661275245,28.152853661275245,100.0
1460,1,32.105050076862504,32.105050076862504,100.0
1460,2,39.742096261862265,39.742096261862265,100.0
1470,0,42.22226717773532,42.22226717773532,100.0
1470,1,36.57418603491188,36.57418603491188,100.0
1470,2,21.203546787352806,21.203546787352806,100.0
1480,0,35.196697812982556,35.196697812982556,100.0
1480,1,44.81675021110762,44.81675021110762,100.0
1480,2,19.986551975909823,19.986551975909823,100.0
1490,0,38.38958507588987,38.38958507588987,100.0
1490,1,40.88095302226763,40.88095302226763,100.0
1490,2,20.729461901842498,20.729461901842498,100.0
1500,0,28.01295843189267,28.01295843189267,100.0
1500,1,42.772388013226944,42.772388013226944,100.0
1500,2,29.214653554880382,29.214653554880382,100.0
