timestamp,ueImsi,sliceId,dTxBytes,dRxBytes,plr,resourceSharePct,dLostPackets,throughputMbps,bufferBytes
1510,1,0,18336,19864,0.00,51.67,0,15.8912,84508
1510,2,0,18336,15280,16.67,51.67,2,12.2240,658449
1510,3,0,18336,18336,0.00,51.67,0,14.6688,421164
1510,4,0,18336,9168,50.00,51.67,6,7.3344,1133870
1510,5,0,18336,0,100.00,51.67,12,0.0000,1715879
1510,6,1,390,312,20.00,30.00,1,0.2496,169
1510,7,1,390,390,0.00,30.00,0,0.3120,87
1510,8,1,390,546,0.00,30.00,0,0.4368,333
1510,9,1,390,0,100.00,30.00,5,0.0000,87
1510,10,1,390,390,0.00,30.00,0,0.3120,87
1510,11,2,384,384,0.00,18.34,0,0.3072,85
1510,12,2,384,256,33.33,18.34,1,0.2048,39
1510,13,2,384,256,33.33,18.34,1,0.2048,137
1510,14,2,384,0,100.00,18.34,3,0.0000,2126
1510,15,2,384,256,33.33,18.34,1,0.2048,137
1510,16,2,384,256,33.33,18.34,1,0.2048,137
1510,17,2,384,640,0.00,18.34,0,0.5120,137
1510,18,2,384,0,100.00,18.34,3,0.0000,271
1510,19,2,384,256,33.33,18.34,1,0.2048,137
1510,20,2,384,0,100.00,18.34,3,0.0000,137
