timestamp,ueImsi,sliceId,dTxBytes,dRxBytes,plr,resourceSharePct,dLostPackets,throughputMbps,bufferBytes
1510,1,0,18336,0,100.00,40.76,12,0.0000,1686027
1510,2,0,18336,3056,83.33,40.76,10,2.4448,1493264
1510,3,0,18336,7640,58.33,40.76,7,6.1120,1207262
1510,4,0,18336,0,100.00,40.76,12,0.0000,1361714
1510,5,0,18336,0,100.00,40.76,12,0.0000,1723528
1510,6,1,390,390,0.00,35.29,0,0.3120,87
1510,7,1,390,0,100.00,35.29,5,0.0000,13394
1510,8,1,390,390,0.00,35.29,0,0.3120,87
1510,9,1,390,0,100.00,35.29,5,0.0000,169
1510,10,1,390,0,100.00,35.29,5,0.0000,87
1510,11,2,384,256,33.33,23.96,1,0.2048,137
1510,12,2,384,256,33.33,23.96,1,0.2048,137
1510,13,2,384,256,33.33,23.96,1,0.2048,137
1510,14,2,384,256,33.33,23.96,1,0.2048,137
1510,15,2,384,256,33.33,23.96,1,0.2048,87
1510,16,2,384,0,100.00,23.96,3,0.0000,401
1510,17,2,384,256,33.33,23.96,1,0.2048,137
1510,18,2,384,0,100.00,23.96,3,0.0000,137
1510,19,2,384,256,33.33,23.96,1,0.2048,137
1510,20,2,384,0,100.00,23.96,3,0.0000,137
