timestamp,sliceId,dedicatedPRB,minPRB,maxPRB
510,0,35.50504980884777,35.50504980884777,100.0
510,1,45.61157072335298,45.61157072335298,100.0
510,2,18.883379467799248,18.883379467799248,100.0
520,0,42.19523104517137,42.19523104517137,100.0
520,1,32.188903465853436,32.188903465853436,100.0
520,2,25.6158654889752,25.6158654889752,100.0
530,0,29.082789328279752,29.082789328279752,100.0
530,1,39.40707259517429,39.40707259517429,100.0
530,2,31.510138076545957,31.510138076545957,100.0
540,0,47.15033665394701,47.15033665394701,100.0
540,1,33.6795379995241,33.6795379995241,100.0
540,2,19.170125346528902,19.170125346528902,100.0
550,0,24.9803715861345,24.9803715861345,100.0
550,1,45.18381148240975,45.18381148240975,100.0
550,2,29.83581693145575,29.83581693145575,100.0
560,0,47.53066789420693,47.53066789420693,100.0
560,1,24.737236109101755,24.737236109101755,100.0
560,2,27.732095996691324,27.732095996691324,100.0
570,0,35.14138560657459,35.14138560657459,100.0
570,1,42.69505931971197,42.69505931971197,100.0
570,2,22.163555073713443,22.163555073713443,100.0
580,0,50.04421337591979,50.04421337591979,100.0
580,1,30.85170326963026,30.85170326963026,100.0
580,2,19.104083354449962,19.104083354449962,100.0
590,0,23.12829546508435,23.12829546508435,100.0
590,1,51.20534695407966,51.20534695407966,100.0
590,2,25.666357580836006,25.666357580836006,100.0
600,0,33.33937123122595,33.33937123122595,100.0
600,1,47.40127872689315,47.40127872689315,100.0
600,2,19.259350041880904,19.259350041880904,100.0
610,0,31.352826032834635,31.352826032834635,100.0
610,1,42.50032295481162,42.50032295481162,100.0
610,2,26.146851012353743,26.146851012353743,100.0
620,0,23.524314870134372,23.524314870134372,100.0
620,1,30.11748970791856,30.11748970791856,100.0
620,2,46.358195421947066,46.358195421947066,100.0
630,0,46.49013138688707,46.49013138688707,100.0
630,1,24.975152238286867,24.975152238286867,100.0
630,2,28.534716374826075,28.534716374826075,100.0
640,0,31.823924232310556,31.823924232310556,100.0
640,1,29.472359064194748,29.472359064194748,100.0
640,2,38.7037167034947,38.7037167034947,100.0
650,0,29.77136172443467,29.77136172443467,100.0
650,1,34.86650360279936,34.86650360279936,100.0
650,2,35.36213467276598,35.36213467276598,100.0
660,0,22.882490174756803,22.882490174756803,100.0
660,1,38.405209343164515,38.405209343164515,100.0
660,2,38.71230048207869,38.71230048207869,100.0
670,0,39.16086231538058,39.16086231538058,100.0
670,1,34.291019877292925,34.291019877292925,100.0
670,2,26.548117807326495,26.548117807326495,100.0
680,0,23.1430562844346,23.1430562844346,100.0
680,1,49.425959798927515,49.425959798927515,100.0
680,2,27.430983916637892,27.430983916637892,100.0
690,0,32.862353456644314,32.862353456644314,100.0
690,1,36.36475930094998,36.36475930094998,100.0
690,2,30.772887242405712,30.772887242405712,100.0
700,0,47.37244499435725,47.37244499435725,100.0
700,1,28.821130966250262,28.821130966250262,100.0
700,2,23.806424039392496,23.806424039392496,100.0
710,0,42.0204582531433,42.0204582531433,100.0
710,1,35.27492736629703,35.27492736629703,100.0
710,2,22.70461438055967,22.70461438055967,100.0
720,0,33.57562574048876,33.57562574048876,100.0
720,1,39.9028547823732,39.9028547823732,100.0
720,2,26.52151947713804,26.52151947713804,100.0
730,0,28.263777227629134,28.263777227629134,100.0
730,1,34.65843062692418,34.65843062692418,100.0
730,2,37.07779214544668,37.07779214544668,100.0
740,0,23.19730986415518,23.19730986415518,100.0
740,1,55.44196868499988,55.44196868499988,100.0
740,2,21.36072145084495,21.36072145084495,100.0
750,0,22.820991616771565,22.820991616771565,100.0
750,1,29.578115312257395,29.578115312257395,100.0
750,2,47.60089307097104,47.60089307097104,100.0
760,0,38.95270253824001,38.95270253824001,100.0
760,1,28.65095811290288,28.65095811290288,100.0
760,2,32.396339348857104,32.396339348857104,100.0
770,0,30.725882149565432,30.725882149565432,100.0
770,1,47.886907153741895,47.886907153741895,100.0
770,2,21.387210696692684,21.387210696692684,100.0
780,0,31.20795512203238,31.20795512203238,100.0
780,1,50.216202948367396,50.216202948367396,100.0
780,2,18.57584192960024,18.57584192960024,100.0
790,0,30.03963717492894,30.03963717492894,100.0
790,1,43.933974303289915,43.933974303289915,100.0
790,2,26.02638852178114,26.02638852178114,100.0
800,0,41.424326802402454,41.424326802402454,100.0
800,1,34.72726172532702,34.72726172532702,100.0
800,2,23.848411472270527,23.848411472270527,100.0
810,0,28.154823963250497,28.154823963250497,100.0
810,1,37.53665159782832,37.53665159782832,100.0
810,2,34.3085244389212,34.3085244389212,100.0
820,0,49.82728537323238,49.82728537323238,100.0
820,1,29.297222747516617,29.297222747516617,100.0
820,2,20.875491879251012,20.875491879251012,100.0
830,0,39.19359065551835,39.19359065551835,100.0
830,1,29.866024344758657,29.866024344758657,100.0
830,2,30.94038499972299,30.94038499972299,100.0
840,0,30.535822306852268,30.535822306852268,100.0
840,1,46.68389565941143,46.68389565941143,100.0
840,2,22.78028203373631,22.78028203373631,100.0
850,0,31.275393262821083,31.275393262821083,100.0
850,1,36.15355015106909,36.15355015106909,100.0
850,2,32.571056586109826,32.571056586109826,100.0
860,0,25.66865038058029,25.66865038058029,100.0
860,1,40.20615462302456,40.20615462302456,100.0
860,2,34.12519499639516,34.12519499639516,100.0
870,0,24.875537687538944,24.875537687538944,100.0
870,1,42.821769918325074,42.821769918325074,100.0
870,2,32.30269239413598,32.30269239413598,100.0
880,0,33.07446777055465,33.07446777055465,100.0
880,1,44.56941025842273,44.56941025842273,100.0
880,2,22.356121971022624,22.356121971022624,100.0
890,0,28.8292961769844,28.8292961769844,100.0
890,1,39.02304443417546,39.02304443417546,100.0
890,2,32.14765938884015,32.14765938884015,100.0
900,0,22.821914683390087,22.821914683390087,100.0
900,1,40.56270547299276,40.56270547299276,100.0
900,2,36.615379843617156,36.615379843617156,100.0
910,0,36.22195107867698,36.22195107867698,100.0
910,1,36.599076718927726,36.599076718927726,100.0
910,2,27.1789722023953,27.1789722023953,100.0
920,0,34.951642662267886,34.951642662267886,100.0
920,1,36.7035573748729,36.7035573748729,100.0
920,2,28.344799962859213,28.344799962859213,100.0
930,0,21.883892312150824,21.883892312150824,100.0
930,1,42.93666183027574,42.93666183027574,100.0
930,2,35.17944585757344,35.17944585757344,100.0
940,0,30.548222940497194,30.548222940497194,100.0
940,1,44.00448428232055,44.00448428232055,100.0
940,2,25.447292777182255,25.447292777182255,100.0
950,0,32.39465661337625,32.39465661337625,100.0
950,1,34.3320322445483,34.3320322445483,100.0
950,2,33.27331114207546,33.27331114207546,100.0
960,0,23.763599363734723,23.763599363734723,100.0
960,1,52.15948178867929,52.15948178867929,100.0
960,2,24.076918847585986,24.076918847585986,100.0
970,0,23.56187833400813,23.56187833400813,100.0
970,1,54.38998062780846,54.38998062780846,100.0
970,2,22.0481410381834,22.0481410381834,100.0
980,0,30.71154511139579,30.71154511139579,100.0
980,1,42.92725193193928,42.92725193193928,100.0
980,2,26.361202956664933,26.361202956664933,100.0
990,0,33.42802303081841,33.42802303081841,100.0
990,1,25.76681254841158,25.76681254841158,100.0
990,2,40.80516442077001,40.80516442077001,100.0
1000,0,25.448493898896647,25.448493898896647,100.0
1000,1,27.897276898828906,27.897276898828906,100.0
1000,2,46.65422920227446,46.65422920227446,100.0
1010,0,33.33627326133753,33.33627326133753,100.0
1010,1,31.978331029663703,31.978331029663703,100.0
1010,2,34.685395708998755,34.685395708998755,100.0
1020,0,28.22334635903545,28.22334635903545,100.0
1020,1,43.000737934716234,43.000737934716234,100.0
1020,2,28.775915706248323,28.775915706248323,100.0
1030,0,38.880940200546654,38.880940200546654,100.0
1030,1,28.09345188937425,28.09345188937425,100.0
1030,2,33.0256079100791,33.0256079100791,100.0
1040,0,26.921955539938118,26.921955539938118,100.0
1040,1,49.453363182746116,49.453363182746116,100.0
1040,2,23.624681277315766,23.624681277315766,100.0
1050,0,46.62203447740987,46.62203447740987,100.0
1050,1,24.57020064726691,24.57020064726691,100.0
1050,2,28.807764875323215,28.807764875323215,100.0
1060,0,46.51278357787015,46.51278357787015,100.0
1060,1,31.198351919267147,31.198351919267147,100.0
1060,2,22.2888645028627,22.2888645028627,100.0
1070,0,30.649862990005378,30.649862990005378,100.0
1070,1,32.678249168255995,32.678249168255995,100.0
1070,2,36.671887841738624,36.671887841738624,100.0
1080,0,23.919817431356826,23.919817431356826,100.0
1080,1,49.344898981904,49.344898981904,100.0
1080,2,26.73528358673918,26.73528358673918,100.0
1090,0,44.81482765741296,44.81482765741296,100.0
1090,1,33.499939955454664,33.499939955454664,100.0
1090,2,21.685232387132384,21.685232387132384,100.0
1100,0,25.024352302813714,25.024352302813714,100.0
1100,1,30.51337553675928,30.51337553675928,100.0
1100,2,44.462272160427005,44.462272160427005,100.0
1110,0,24.185941654502116,24.185941654502116,100.0
1110,1,30.33032822934785,30.33032822934785,100.0
1110,2,45.483730116150035,45.483730116150035,100.0
1120,0,22.717140121681943,22.717140121681943,100.0
1120,1,39.56803517865502,39.56803517865502,100.0
1120,2,37.71482469966304,37.71482469966304,100.0
1130,0,38.11375009076217,38.11375009076217,100.0
1130,1,26.619996109019073,26.619996109019073,100.0
1130,2,35.26625380021876,35.26625380021876,100.0
1140,0,36.69593083068518,36.69593083068518,100.0
1140,1,25.400737618243273,25.400737618243273,100.0
1140,2,37.90333155107155,37.90333155107155,100.0
1150,0,38.23244417036259,38.23244417036259,100.0
1150,1,34.16691145907772,34.16691145907772,100.0
1150,2,27.600644370559692,27.600644370559692,100.0
1160,0,25.3159051101896,25.3159051101896,100.0
1160,1,52.86275207338231,52.86275207338231,100.0
1160,2,21.82134281642809,21.82134281642809,100.0
1170,0,22.254427454614074,22.254427454614074,100.0
1170,1,45.29615726290397,45.29615726290397,100.0
1170,2,32.44941528248195,32.44941528248195,100.0
1180,0,34.51515674441548,34.51515674441548,100.0
1180,1,43.25530116969534,43.25530116969534,100.0
1180,2,22.229542085889182,22.229542085889182,100.0
1190,0,51.080953410479054,51.080953410479054,100.0
1190,1,27.73934118644726,27.73934118644726,100.0
1190,2,21.179705403073683,21.179705403073683,100.0
1200,0,42.58011719861867,42.58011719861867,100.0
1200,1,37.391002867003216,37.391002867003216,100.0
1200,2,20.028879934378114,20.028879934378114,100.0
1210,0,36.42461535114039,36.42461535114039,100.0
1210,1,28.555234445302276,28.555234445302276,100.0
1210,2,35.020150203557336,35.020150203557336,100.0
1220,0,43.349825620201976,43.349825620201976,100.0
1220,1,25.243359510334674,25.243359510334674,100.0
1220,2,31.40681486946335,31.40681486946335,100.0
1230,0,29.554477785761545,29.554477785761545,100.0
1230,1,39.82940081805386,39.82940081805386,100.0
1230,2,30.616121396184603,30.616121396184603,100.0
1240,0,43.220189315595114,43.220189315595114,100.0
1240,1,31.592646257148804,31.592646257148804,100.0
1240,2,25.187164427256086,25.187164427256086,100.0
1250,0,24.971379903818576,24.971379903818576,100.0
1250,1,27.257379158287208,27.257379158287208,100.0
1250,2,47.77124093789422,47.77124093789422,100.0
1260,0,33.37474077424372,33.37474077424372,100.0
1260,1,33.50289318531199,33.50289318531199,100.0
1260,2,33.1223660404443,33.1223660404443,100.0
1270,0,28.22582326720814,28.22582326720814,100.0
1270,1,37.03647357817573,37.03647357817573,100.0
1270,2,34.73770315461614,34.73770315461614,100.0
1280,0,33.00790913751243,33.00790913751243,100.0
1280,1,38.600003351953156,38.600003351953156,100.0
1280,2,28.39208751053442,28.39208751053442,100.0
1290,0,22.131780514108595,22.131780514108595,100.0
1290,1,37.27954348450723,37.27954348450723,100.0
1290,2,40.58867600138417,40.58867600138417,100.0
1300,0,23.731876527809735,23.731876527809735,100.0
1300,1,54.2851766333217,54.2851766333217,100.0
1300,2,21.98294683886857,21.98294683886857,100.0
1310,0,38.91371016081587,38.91371016081587,100.0
1310,1,41.11598639987636,41.11598639987636,100.0
1310,2,19.970303439307774,19.970303439307774,100.0
1320,0,39.05798248696409,39.05798248696409,100.0
1320,1,40.595098494701176,40.595098494701176,100.0
1320,2,20.346919018334724,20.346919018334724,100.0
1330,0,27.42019681852903,27.42019681852903,100.0
1330,1,38.287802679910634,38.287802679910634,100.0
1330,2,34.29200050156033,34.29200050156033,100.0
1340,0,51.850092083617824,51.850092083617824,100.0
1340,1,27.21007650402048,27.21007650402048,100.0
1340,2,20.939831412361688,20.939831412361688,100.0
1350,0,34.01203753888951,34.01203753888951,100.0
1350,1,39.22400689282265,39.22400689282265,100.0
1350,2,26.763955568287834,26.763955568287834,100.0
1360,0,31.83739203931485,31.83739203931485,100.0
1360,1,34.1617402002709,34.1617402002709,100.0
1360,2,34.000867760414245,34.000867760414245,100.0
1370,0,46.221837418139366,46.221837418139366,100.0
1370,1,27.246925747513007,27.246925747513007,100.0
1370,2,26.531236834347627,26.531236834347627,100.0
1380,0,34.78905612010295,34.78905612010295,100.0
1380,1,38.52725699886851,38.52725699886851,100.0
1380,2,26.683686881028546,26.683686881028546,100.0
1390,0,34.353428309015555,34.353428309015555,100.0
1390,1,35.83004478203182,35.83004478203182,100.0
1390,2,29.81652690895263,29.81652690895263,100.0
1400,0,41.96103647522028,41.96103647522028,100.0
1400,1,32.805351208956246,32.805351208956246,100.0
1400,2,25.233612315823468,25.233612315823468,100.0
1410,0,28.053791088109765,28.053791088109765,100.0
1410,1,27.51553090304587,27.51553090304587,100.0
1410,2,44.43067800884437,44.43067800884437,100.0
1420,0,46.49885535583221,46.49885535583221,100.0
1420,1,30.67321622056598,30.67321622056598,100.0
1420,2,22.82792842360182,22.82792842360182,100.0
1430,0,40.94379396564343,40.94379396564343,100.0
1430,1,34.80312503327567,34.80312503327567,100.0
1430,2,24.253081001080908,24.253081001080908,100.0
1440,0,26.287058416023633,26.287058416023633,100.0
1440,1,31.228844750614137,31.228844750614137,100.0
1440,2,42.48409683336223,42.48409683336223,100.0
1450,0,24.43722092368679,24.43722092368679,100.0
1450,1,28.68847409394014,28.68847409394014,100.0
1450,2,46.87430498237307,46.87430498237307,100.0
1460,0,32.95358002592453,32.95358002592453,100.0
1460,1,39.518172588759235,39.518172588759235,100.0
1460,2,27.528247385316227,27.528247385316227,100.0
1470,0,27.861032928752195,27.861032928752195,100.0
1470,1,43.58659847648506,43.58659847648506,100.0
1470,2,28.552368594762743,28.552368594762743,100.0
1480,0,37.368222405381395,37.368222405381395,100.0
1480,1,44.04413255622328,44.04413255622328,100.0
1480,2,18.587645038395323,18.587645038395323,100.0
1490,0,21.539845969538845,21.539845969538845,100.0
1490,1,46.357361051179076,46.357361051179076,100.0
1490,2,32.10279297928208,32.10279297928208,100.0
1500,0,33.35294417193039,33.35294417193039,100.0
1500,1,37.365746671958675,37.365746671958675,100.0
1500,2,29.281309156110936,29.281309156110936,100.0
