timestamp,ueImsi,sliceId,dTxBytes,dRxBytes,plr,resourceSharePct,dLostPackets,throughputMbps,bufferBytes
1510,1,0,18336,0,100.00,36.67,12,0.0000,1715604
1510,2,0,18336,3056,83.33,36.67,10,2.4448,1440267
1510,3,0,18336,6112,66.67,36.67,8,4.8896,1088699
1510,4,0,18336,16808,8.33,36.67,1,13.4464,1269993
1510,5,0,18336,0,100.00,36.67,12,0.0000,1699264
1510,6,1,390,390,0.00,45.00,0,0.3120,87
1510,7,1,390,0,100.00,45.00,5,0.0000,579
1510,8,1,390,390,0.00,45.00,0,0.3120,87
1510,9,1,390,156,60.00,45.00,3,0.1248,169
1510,10,1,390,0,100.00,45.00,5,0.0000,492
1510,11,2,384,256,33.33,18.34,1,0.2048,39
1510,12,2,384,256,33.33,18.34,1,0.2048,137
1510,13,2,384,256,33.33,18.34,1,0.2048,137
1510,14,2,384,256,33.33,18.34,1,0.2048,137
1510,15,2,384,256,33.33,18.34,1,0.2048,102
1510,16,2,384,0,100.00,18.34,3,0.0000,137
1510,17,2,384,256,33.33,18.34,1,0.2048,137
1510,18,2,384,0,100.00,18.34,3,0.0000,269
1510,19,2,384,256,33.33,18.34,1,0.2048,137
1510,20,2,384,256,33.33,18.34,1,0.2048,137
