timestamp,sliceId,dedicatedPRB,minPRB,maxPRB
510,0,22.042479795446653,22.042479795446653,100.0
510,1,45.352203596949884,45.352203596949884,100.0
510,2,32.605316607603456,32.605316607603456,100.0
520,0,33.26183974253139,33.26183974253139,100.0
520,1,33.77864460573091,33.77864460573091,100.0
520,2,32.95951565173769,32.95951565173769,100.0
530,0,33.93663591911942,33.93663591911942,100.0
530,1,43.638605105411926,43.638605105411926,100.0
530,2,22.424758975468666,22.424758975468666,100.0
540,0,46.34449418863744,46.34449418863744,100.0
540,1,29.642808470497606,29.642808470497606,100.0
540,2,24.012697340864957,24.012697340864957,100.0
550,0,44.191308454394395,44.191308454394395,100.0
550,1,35.11275293940158,35.11275293940158,100.0
550,2,20.695938606204024,20.695938606204024,100.0
560,0,30.332379933877252,30.332379933877252,100.0
560,1,38.9461123479827,38.9461123479827,100.0
560,2,30.72150771814005,30.72150771814005,100.0
570,0,26.06980273541225,26.06980273541225,100.0
570,1,39.36780993812013,39.36780993812013,100.0
570,2,34.56238732646762,34.56238732646762,100.0
580,0,32.30413753616562,32.30413753616562,100.0
580,1,44.44307489857377,44.44307489857377,100.0
580,2,23.252787565260608,23.252787565260608,100.0
590,0,30.099781264447778,30.099781264447778,100.0
590,1,29.27725560862111,29.27725560862111,100.0
590,2,40.62296312693111,40.62296312693111,100.0
600,0,40.68374718908759,40.68374718908759,100.0
600,1,32.98217686384565,32.98217686384565,100.0
600,2,26.334075947066765,26.334075947066765,100.0
610,0,33.386897938002555,33.386897938002555,100.0
610,1,31.527572107003298,31.527572107003298,100.0
610,2,35.08552995499414,35.08552995499414,100.0
620,0,41.510968938605295,41.510968938605295,100.0
620,1,36.49474229245021,36.49474229245021,100.0
620,2,21.9942887689445,21.9942887689445,100.0
630,0,29.323333037851583,29.323333037851583,100.0
630,1,39.75349689446765,39.75349689446765,100.0
630,2,30.92317006768076,30.92317006768076,100.0
640,0,32.562758805111905,32.562758805111905,100.0
640,1,41.48987939004244,41.48987939004244,100.0
640,2,25.94736180484566,25.94736180484566,100.0
650,0,31.731421473792267,31.731421473792267,100.0
650,1,42.57335875524999,42.57335875524999,100.0
650,2,25.695219770957745,25.695219770957745,100.0
660,0,29.013189596155954,29.013189596155954,100.0
660,1,35.41903943707973,35.41903943707973,100.0
660,2,35.567770966764314,35.567770966764314,100.0
670,0,26.89708465924408,26.89708465924408,100.0
670,1,32.01337675362487,32.01337675362487,100.0
670,2,41.089538587131045,41.089538587131045,100.0
680,0,39.546124183753214,39.546124183753214,100.0
680,1,29.013544477851145,29.013544477851145,100.0
680,2,31.440331338395644,31.440331338395644,100.0
690,0,35.609407264608464,35.609407264608464,100.0
690,1,43.32561489824399,43.32561489824399,100.0
690,2,21.064977837147538,21.064977837147538,100.0
700,0,27.663178921070376,27.663178921070376,100.0
700,1,45.49992020203528,45.49992020203528,100.0
700,2,26.836900876894344,26.836900876894344,100.0
710,0,38.91670218020574,38.91670218020574,100.0
710,1,32.3638743719551,32.3638743719551,100.0
710,2,28.71942344783917,28.71942344783917,100.0
720,0,30.844329644761093,30.844329644761093,100.0
720,1,40.61711605308229,40.61711605308229,100.0
720,2,28.538554302156616,28.538554302156616,100.0
730,0,47.20828490514508,47.20828490514508,100.0
730,1,32.76582211722246,32.76582211722246,100.0
730,2,20.025892977632456,20.025892977632456,100.0
740,0,35.41869215384921,35.41869215384921,100.0
740,1,46.21635399407518,46.21635399407518,100.0
740,2,18.364953852075622,18.364953852075622,100.0
750,0,38.27091161747306,38.27091161747306,100.0
750,1,34.21636008101773,34.21636008101773,100.0
750,2,27.512728301509213,27.512728301509213,100.0
760,0,31.473436239740195,31.473436239740195,100.0
760,1,47.52019629802916,47.52019629802916,100.0
760,2,21.00636746223065,21.00636746223065,100.0
770,0,29.400824889081594,29.400824889081594,100.0
770,1,38.85880808182038,38.85880808182038,100.0
770,2,31.740367029098028,31.740367029098028,100.0
780,0,34.7382216415309,34.7382216415309,100.0
780,1,36.743985883896514,36.743985883896514,100.0
780,2,28.51779247457259,28.51779247457259,100.0
790,0,22.58620389659982,22.58620389659982,100.0
790,1,41.96983884705377,41.96983884705377,100.0
790,2,35.443957256346415,35.443957256346415,100.0
800,0,27.372148159584707,27.372148159584707,100.0
800,1,42.86381899412475,42.86381899412475,100.0
800,2,29.76403284629055,29.76403284629055,100.0
810,0,30.9072912290538,30.9072912290538,100.0
810,1,30.72996940719922,30.72996940719922,100.0
810,2,38.362739363746975,38.362739363746975,100.0
820,0,43.2804849643312,43.2804849643312,100.0
820,1,31.241586122894798,31.241586122894798,100.0
820,2,25.477928912774,25.477928912774,100.0
830,0,37.17997153792861,37.17997153792861,100.0
830,1,27.637504208897422,27.637504208897422,100.0
830,2,35.18252425317397,35.18252425317397,100.0
840,0,33.826688812095604,33.826688812095604,100.0
840,1,30.72836541102616,30.72836541102616,100.0
840,2,35.444945776878235,35.444945776878235,100.0
850,0,28.90423392123894,28.90423392123894,100.0
850,1,29.210363456747974,29.210363456747974,100.0
850,2,41.885402622013096,41.885402622013096,100.0
860,0,24.42799478987661,24.42799478987661,100.0
860,1,45.74693180793375,45.74693180793375,100.0
860,2,29.825073402189638,29.825073402189638,100.0
870,0,32.839129447381666,32.839129447381666,100.0
870,1,39.45725292146675,39.45725292146675,100.0
870,2,27.703617631151587,27.703617631151587,100.0
880,0,25.22750622658806,25.22750622658806,100.0
880,1,27.03609160811747,27.03609160811747,100.0
880,2,47.736402165294464,47.736402165294464,100.0
890,0,30.985421352041616,30.985421352041616,100.0
890,1,49.94296080504139,49.94296080504139,100.0
890,2,19.071617842917004,19.071617842917004,100.0
900,0,38.945952724625734,38.945952724625734,100.0
900,1,29.7051429010942,29.7051429010942,100.0
900,2,31.34890437428006,31.34890437428006,100.0
910,0,43.424215328080116,43.424215328080116,100.0
910,1,36.658583441241866,36.658583441241866,100.0
910,2,19.917201230678018,19.917201230678018,100.0
920,0,25.725246348828257,25.725246348828257,100.0
920,1,36.194917681433544,36.194917681433544,100.0
920,2,38.0798359697382,38.0798359697382,100.0
930,0,23.17529139913561,23.17529139913561,100.0
930,1,43.99736884436507,43.99736884436507,100.0
930,2,32.82733975649932,32.82733975649932,100.0
940,0,34.02193518614243,34.02193518614243,100.0
940,1,44.287456353756994,44.287456353756994,100.0
940,2,21.690608460100584,21.690608460100584,100.0
950,0,25.676954788976346,25.676954788976346,100.0
950,1,36.30149600512399,36.30149600512399,100.0
950,2,38.02154920589966,38.02154920589966,100.0
960,0,27.531818784423614,27.531818784423614,100.0
960,1,49.75398803711925,49.75398803711925,100.0
960,2,22.714193178457137,22.714193178457137,100.0
970,0,29.965585240533365,29.965585240533365,100.0
970,1,25.421450269047067,25.421450269047067,100.0
970,2,44.61296449041958,44.61296449041958,100.0
980,0,45.368249985171346,45.368249985171346,100.0
980,1,27.69566202525579,27.69566202525579,100.0
980,2,26.93608798957286,26.93608798957286,100.0
990,0,23.432434689800598,23.432434689800598,100.0
990,1,35.261917191369115,35.261917191369115,100.0
990,2,41.3056481188303,41.3056481188303,100.0
1000,0,25.24382109316091,25.24382109316091,100.0
1000,1,49.76402246996643,49.76402246996643,100.0
1000,2,24.99215643687266,24.99215643687266,100.0
1010,0,47.69918215017863,47.69918215017863,100.0
1010,1,25.86685465725903,25.86685465725903,100.0
1010,2,26.433963192562338,26.433963192562338,100.0
1020,0,43.37485977226621,43.37485977226621,100.0
1020,1,24.89713458020498,24.89713458020498,100.0
1020,2,31.728005647528818,31.728005647528818,100.0
1030,0,31.701087496474777,31.701087496474777,100.0
1030,1,44.44136429389741,44.44136429389741,100.0
1030,2,23.857548209627815,23.857548209627815,100.0
1040,0,26.94230678803188,26.94230678803188,100.0
1040,1,32.65509250537776,32.65509250537776,100.0
1040,2,40.40260070659036,40.40260070659036,100.0
1050,0,34.13835889762542,34.13835889762542,100.0
1050,1,31.887962265899393,31.887962265899393,100.0
1050,2,33.97367883647519,33.97367883647519,100.0
1060,0,43.287275265291825,43.287275265291825,100.0
1060,1,34.83599638508894,34.83599638508894,100.0
1060,2,21.87672834961924,21.87672834961924,100.0
1070,0,31.499351449836798,31.499351449836798,100.0
1070,1,28.090532727511697,28.090532727511697,100.0
1070,2,40.410115822651505,40.410115822651505,100.0
1080,0,21.859333606550088,21.859333606550088,100.0
1080,1,48.6147580605667,48.6147580605667,100.0
1080,2,29.525908332883223,29.525908332883223,100.0
1090,0,24.43313336010816,24.43313336010816,100.0
1090,1,28.02989165141519,28.02989165141519,100.0
1090,2,47.53697498847666,47.53697498847666,100.0
1100,0,28.628327963303768,28.628327963303768,100.0
1100,1,25.644409420126756,25.644409420126756,100.0
1100,2,45.727262616569476,45.727262616569476,100.0
1110,0,21.75223864290753,21.75223864290753,100.0
1110,1,43.059245490041064,43.059245490041064,100.0
1110,2,35.188515867051414,35.188515867051414,100.0
1120,0,28.251670648554327,28.251670648554327,100.0
1120,1,31.8851251297846,31.8851251297846,100.0
1120,2,39.86320422166108,39.86320422166108,100.0
1130,0,20.93545929007681,20.93545929007681,100.0
1130,1,45.26862299853059,45.26862299853059,100.0
1130,2,33.7959177113926,33.7959177113926,100.0
1140,0,33.683110692216815,33.683110692216815,100.0
1140,1,36.79743380655051,36.79743380655051,100.0
1140,2,29.519455501232695,29.519455501232695,100.0
1150,0,38.23711771503543,38.23711771503543,100.0
1150,1,37.423070340860924,37.423070340860924,100.0
1150,2,24.339811944103644,24.339811944103644,100.0
1160,0,49.88946092685447,49.88946092685447,100.0
1160,1,29.111186038689986,29.111186038689986,100.0
1160,2,20.999353034455552,20.999353034455552,100.0
1170,0,32.67843976816327,32.67843976816327,100.0
1170,1,44.89553906450049,44.89553906450049,100.0
1170,2,22.426021167336234,22.426021167336234,100.0
1180,0,25.946925481990863,25.946925481990863,100.0
1180,1,32.526104112356954,32.526104112356954,100.0
1180,2,41.526970405652186,41.526970405652186,100.0
1190,0,23.723103186069007,23.723103186069007,100.0
1190,1,46.22106267384047,46.22106267384047,100.0
1190,2,30.055834140090514,30.055834140090514,100.0
1200,0,42.95403868305694,42.95403868305694,100.0
1200,1,32.66617925231622,32.66617925231622,100.0
1200,2,24.37978206462685,24.37978206462685,100.0
1210,0,23.595955771592433,23.595955771592433,100.0
1210,1,34.411568899927595,34.411568899927595,100.0
1210,2,41.992475328479976,41.992475328479976,100.0
1220,0,38.04412894633125,38.04412894633125,100.0
1220,1,27.841041894848985,27.841041894848985,100.0
1220,2,34.114829158819774,34.114829158819774,100.0
1230,0,22.98674224248346,22.98674224248346,100.0
1230,1,51.04374603397777,51.04374603397777,100.0
1230,2,25.96951172353878,25.96951172353878,100.0
1240,0,38.343540059034694,38.343540059034694,100.0
1240,1,35.3988447051586,35.3988447051586,100.0
1240,2,26.257615235806707,26.257615235806707,100.0
1250,0,29.643275375400073,29.643275375400073,100.0
1250,1,40.755736079063524,40.755736079063524,100.0
1250,2,29.6009885455364,29.6009885455364,100.0
1260,0,34.740862482959436,34.740862482959436,100.0
1260,1,46.727603612736644,46.727603612736644,100.0
1260,2,18.53153390430392,18.53153390430392,100.0
1270,0,44.57595985888554,44.57595985888554,100.0
1270,1,31.44124713199024,31.44124713199024,100.0
1270,2,23.98279300912422,23.98279300912422,100.0
1280,0,43.88474665922535,43.88474665922535,100.0
1280,1,24.076909844097973,24.076909844097973,100.0
1280,2,32.03834349667668,32.03834349667668,100.0
1290,0,52.37439933411315,52.37439933411315,100.0
1290,1,27.7420665429995,27.7420665429995,100.0
1290,2,19.88353412288735,19.88353412288735,100.0
1300,0,34.02427944197046,34.02427944197046,100.0
1300,1,35.83512648439135,35.83512648439135,100.0
1300,2,30.140594073638198,30.140594073638198,100.0
1310,0,31.573525374867934,31.573525374867934,100.0
1310,1,44.291759915470394,44.291759915470394,100.0
1310,2,24.13471470966168,24.13471470966168,100.0
1320,0,45.02166666252603,45.02166666252603,100.0
1320,1,28.036298365530023,28.036298365530023,100.0
1320,2,26.94203497194395,26.94203497194395,100.0
1330,0,29.410646250772242,29.410646250772242,100.0
1330,1,46.57930232520569,46.57930232520569,100.0
1330,2,24.01005142402206,24.01005142402206,100.0
1340,0,24.16053764628116,24.16053764628116,100.0
1340,1,32.598353410383204,32.598353410383204,100.0
1340,2,43.24110894333564,43.24110894333564,100.0
1350,0,26.68226180871812,26.68226180871812,100.0
1350,1,43.36218863433183,43.36218863433183,100.0
1350,2,29.955549556950047,29.955549556950047,100.0
1360,0,25.168458621778235,25.168458621778235,100.0
1360,1,48.08255184712294,48.08255184712294,100.0
1360,2,26.748989531098832,26.748989531098832,100.0
1370,0,41.610763130788506,41.610763130788506,100.0
1370,1,39.96011457481431,39.96011457481431,100.0
1370,2,18.42912229439716,18.42912229439716,100.0
1380,0,30.96197036903201,30.96197036903201,100.0
1380,1,39.70474599593822,39.70474599593822,100.0
1380,2,29.333283635029773,29.333283635029773,100.0
1390,0,39.6317803103845,39.6317803103845,100.0
1390,1,30.58913846916429,30.58913846916429,100.0
1390,2,29.77908122045121,29.77908122045121,100.0
1400,0,27.867690728960763,27.867690728960763,100.0
1400,1,36.934561325038686,36.934561325038686,100.0
1400,2,35.19774794600056,35.19774794600056,100.0
1410,0,26.783450348521743,26.783450348521743,100.0
1410,1,54.115030486766,54.115030486766,100.0
1410,2,19.101519164712254,19.101519164712254,100.0
1420,0,38.05643599315727,38.05643599315727,100.0
1420,1,27.027284732613353,27.027284732613353,100.0
1420,2,34.916279274229375,34.916279274229375,100.0
1430,0,36.14790253160478,36.14790253160478,100.0
1430,1,28.152991754582118,28.152991754582118,100.0
1430,2,35.69910571381311,35.69910571381311,100.0
1440,0,26.261469688279888,26.261469688279888,100.0
1440,1,40.002352060968846,40.002352060968846,100.0
1440,2,33.736178250751266,33.736178250751266,100.0
1450,0,37.91705562530362,37.91705562530362,100.0
1450,1,31.488707334712924,31.488707334712924,100.0
1450,2,30.59423703998345,30.59423703998345,100.0
1460,0,21.09540501654057,21.09540501654057,100.0
1460,1,41.40339821228461,41.40339821228461,100.0
1460,2,37.50119677117482,37.50119677117482,100.0
1470,0,47.09677800236152,47.09677800236152,100.0
1470,1,31.515979724873453,31.515979724873453,100.0
1470,2,21.38724227276502,21.38724227276502,100.0
1480,0,25.642326993342586,25.642326993342586,100.0
1480,1,41.078498114031504,41.078498114031504,100.0
1480,2,33.2791748926259,33.2791748926259,100.0
1490,0,51.70609636558734,51.70609636558734,100.0
1490,1,27.336303637033154,27.336303637033154,100.0
1490,2,20.95759999737951,20.95759999737951,100.0
1500,0,41.978829297740326,41.978829297740326,100.0
1500,1,24.81870057666843,24.81870057666843,100.0
1500,2,33.20247012559124,33.20247012559124,100.0
