timestamp,ueImsi,sliceId,dTxBytes,dRxBytes,plr,resourceSharePct,dLostPackets,throughputMbps,bufferBytes
1510,1,0,35144,24448,30.43,34.74,7,19.5584,666507
1510,2,0,35144,25976,26.09,34.74,6,20.7808,124627
1510,3,1,1014,936,7.69,44.09,1,0.7488,87
1510,4,1,1014,936,7.69,44.09,1,0.7488,87
1510,5,2,256,128,50.00,21.17,1,0.1024,137
1510,6,2,256,256,0.00,21.17,0,0.2048,137
1510,7,2,256,256,0.00,21.17,0,0.2048,137
1510,8,2,256,0,100.00,21.17,2,0.0000,137
1510,9,2,256,256,0.00,21.17,0,0.2048,137
1510,10,2,256,256,0.00,21.17,0,0.2048,137
