timestamp,ueImsi,sliceId,dTxBytes,dRxBytes,plr,resourceSharePct,dLostPackets,throughputMbps,bufferBytes
1510,1,0,18336,18336,0.00,49.57,0,14.6688,641
1510,2,0,18336,15280,16.67,49.57,2,12.2240,508903
1510,3,0,18336,18336,0.00,49.57,0,14.6688,148433
1510,4,0,18336,7640,58.33,49.57,7,6.1120,1031917
1510,5,0,18336,0,100.00,49.57,12,0.0000,1717266
1510,6,1,390,156,60.00,27.54,3,0.1248,87
1510,7,1,390,390,0.00,27.54,0,0.3120,87
1510,8,1,390,780,0.00,27.54,0,0.6240,169
1510,9,1,390,0,100.00,27.54,5,0.0000,169
1510,10,1,390,390,0.00,27.54,0,0.3120,87
1510,11,2,384,256,33.33,22.89,1,0.2048,15
1510,12,2,384,256,33.33,22.89,1,0.2048,137
1510,13,2,384,256,33.33,22.89,1,0.2048,137
1510,14,2,384,0,100.00,22.89,3,0.0000,665
1510,15,2,384,256,33.33,22.89,1,0.2048,137
1510,16,2,384,256,33.33,22.89,1,0.2048,137
1510,17,2,384,256,33.33,22.89,1,0.2048,82
1510,18,2,384,0,100.00,22.89,3,0.0000,137
1510,19,2,384,256,33.33,22.89,1,0.2048,137
1510,20,2,384,640,0.00,22.89,0,0.5120,137
