timestamp,sliceId,dedicatedPRB,minPRB,maxPRB,algorithm
510,0,41.665,41.665,100.0,1
510,1,20.000000000000004,20.000000000000004,100.0,1
510,2,38.335,38.335,100.0,1
520,0,21.665,21.665,100.0,0
520,1,65.0,65.0,100.0,0
520,2,13.334999999999999,13.334999999999999,100.0,0
530,0,16.665,16.665,100.0,0
530,1,60.00000000000001,60.00000000000001,100.0,0
530,2,23.335,23.335,100.0,0
540,0,51.66499999999999,51.66499999999999,100.0,0
540,1,20.0,20.0,100.0,0
540,2,28.335,28.335,100.0,0
550,0,16.665,16.665,100.0,1
550,1,65.0,65.0,100.0,1
550,2,18.335,18.335,100.0,1
