timestamp,ueImsi,sliceId,dTxBytes,dRxBytes,plr,resourceSharePct,dLostPackets,throughputMbps,bufferBytes
560,1,0,24448,1528,93.75,16.66,15,1.2224,138542
560,2,0,24448,0,100.00,16.66,16,0.0000,137858
560,3,0,24448,0,100.00,16.66,16,0.0000,137912
560,4,0,24448,1528,93.75,16.66,15,1.2224,137350
560,5,0,24448,1528,93.75,16.66,15,1.2224,137244
560,6,1,780,624,20.00,65.00,2,0.4992,87
560,7,1,780,624,20.00,65.00,2,0.4992,87
560,8,1,780,624,20.00,65.00,2,0.4992,87
560,9,1,780,624,20.00,65.00,2,0.4992,87
560,10,1,780,624,20.00,65.00,2,0.4992,87
560,11,2,16000,384,97.60,18.34,122,0.3072,92391
560,12,2,16000,384,97.60,18.34,122,0.3072,92391
560,13,2,16000,384,97.60,18.34,122,0.3072,92391
560,14,2,16000,512,96.80,18.34,121,0.4096,92038
560,15,2,16000,384,97.60,18.34,122,0.3072,92100
560,16,2,16000,512,96.80,18.34,121,0.4096,91620
560,17,2,16000,512,96.80,18.34,121,0.4096,91621
560,18,2,16000,512,96.80,18.34,121,0.4096,91621
560,19,2,16000,512,96.80,18.34,121,0.4096,90931
560,20,2,16000,512,96.80,18.34,121,0.4096,90931
