timestamp,ueImsi,sliceId,dTxBytes,dRxBytes,plr,resourceSharePct,dLostPackets,throughputMbps,bufferBytes,dlBufferBytes,ulBufferBytes,macBufferBytes,congestionPct,lastDrlActionStatus
10600,1,0,128736,0,100.00,21.66,112,0.0000,1199934,16901,1199934,1216835,11.60,applied
10600,2,0,128736,57716,58.04,21.66,65,4.6173,1199218,16901,1199218,1216119,11.60,applied
10600,3,0,128736,87188,36.61,21.66,41,6.9750,1198629,16901,1198629,1215530,11.59,applied
10600,4,0,128736,0,100.00,21.66,112,0.0000,34,16901,34,16935,0.16,applied
10600,5,0,128736,0,100.00,21.66,112,0.0000,34,16901,34,16935,0.16,applied
10600,6,1,0,0,0.00,50.00,0,0.0000,34,0,34,34,0.00,applied
10600,7,1,0,0,0.00,50.00,0,0.0000,34,0,34,34,0.00,applied
10600,8,1,0,0,0.00,50.00,0,0.0000,34,0,34,34,0.00,applied
10600,9,1,0,0,0.00,50.00,0,0.0000,34,0,34,34,0.00,applied
10600,10,1,0,0,0.00,50.00,0,0.0000,34,0,34,34,0.00,applied
10600,11,1,0,0,0.00,50.00,0,0.0000,34,0,34,34,0.00,applied
10600,12,1,0,0,0.00,50.00,0,0.0000,17,0,17,17,0.00,applied
10600,13,1,0,0,0.00,50.00,0,0.0000,34,0,34,34,0.00,applied
10600,14,2,63772,1692,81.63,28.33,40,0.1354,1022453,1022453,51,1022504,9.75,applied
10600,15,2,63772,0,100.00,28.33,49,0.0000,1022453,1022453,51,1022504,9.75,applied
10600,16,2,63772,1128,87.76,28.33,43,0.0902,1022453,1022453,51,1022504,9.75,applied
10600,17,2,63772,0,100.00,28.33,49,0.0000,1023621,1023621,51,1023672,9.76,applied
10600,18,2,63772,0,100.00,28.33,49,0.0000,1022453,1022453,51,1022504,9.75,applied
