timestamp,ueImsi,sliceId,dTxBytes,dRxBytes,plr,resourceSharePct,dLostPackets,throughputMbps,bufferBytes
660,1,0,25976,1528,94.12,21.66,16,1.2224,371002
660,2,0,25976,1528,94.12,21.66,16,1.2224,370924
660,3,0,25976,1528,94.12,21.66,16,1.2224,371018
660,4,0,25976,1528,94.12,21.66,16,1.2224,370931
660,5,0,25976,1528,94.12,21.66,16,1.2224,370990
660,6,1,390,468,0.00,45.00,0,0.3744,87
660,7,1,390,468,0.00,45.00,0,0.3744,87
660,8,1,390,468,0.00,45.00,0,0.3744,87
660,9,1,390,468,0.00,45.00,0,0.3744,87
660,10,1,390,468,0.00,45.00,0,0.3744,87
660,11,2,16000,768,95.20,33.33,119,0.6144,244573
660,12,2,16000,896,94.40,33.33,118,0.7168,244598
660,13,2,16000,640,96.00,33.33,120,0.5120,244679
660,14,2,16000,768,95.20,33.33,119,0.6144,244580
660,15,2,16000,768,95.20,33.33,119,0.6144,244736
660,16,2,16000,768,95.20,33.33,119,0.6144,244753
660,17,2,16000,1024,93.60,33.33,117,0.8192,244546
660,18,2,16000,768,95.20,33.33,119,0.6144,244629
660,19,2,16000,640,96.00,33.33,120,0.5120,244668
660,20,2,16000,640,96.00,33.33,120,0.5120,244656
