timestamp,ueImsi,sliceId,dTxBytes,dRxBytes,plr,resourceSharePct,dLostPackets,throughputMbps,bufferBytes
560,1,0,24448,1528,93.75,26.66,15,1.2224,134459
560,2,0,24448,1528,93.75,26.66,15,1.2224,133781
560,3,0,24448,1528,93.75,26.66,15,1.2224,133843
560,4,0,24448,1528,93.75,26.66,15,1.2224,133554
560,5,0,24448,1528,93.75,26.66,15,1.2224,133563
560,6,1,780,624,20.00,45.00,2,0.4992,87
560,7,1,780,624,20.00,45.00,2,0.4992,87
560,8,1,780,624,20.00,45.00,2,0.4992,87
560,9,1,780,624,20.00,45.00,2,0.4992,87
560,10,1,780,624,20.00,45.00,2,0.4992,87
560,11,2,16000,640,96.00,28.34,120,0.5120,93018
560,12,2,16000,640,96.00,28.34,120,0.5120,93018
560,13,2,16000,768,95.20,28.34,119,0.6144,92330
560,14,2,16000,512,96.80,28.34,121,0.4096,91939
560,15,2,16000,512,96.80,28.34,121,0.4096,91994
560,16,2,16000,512,96.80,28.34,121,0.4096,91994
560,17,2,16000,512,96.80,28.34,121,0.4096,91994
560,18,2,16000,512,96.80,28.34,121,0.4096,91895
560,19,2,16000,512,96.80,28.34,121,0.4096,91893
560,20,2,16000,640,96.00,28.34,120,0.5120,91900
