timestamp,ueImsi,sliceId,dTxBytes,dRxBytes,plr,resourceSharePct,dLostPackets,throughputMbps,bufferBytes
1510,1,0,35144,29032,17.39,32.53,4,23.2256,107567
1510,2,0,35144,16808,52.17,32.53,12,13.4464,1464035
1510,3,1,1014,0,100.00,43.97,13,0.0000,87
1510,4,1,1014,1092,0.00,43.97,0,0.8736,87
1510,5,2,256,0,100.00,23.50,2,0.0000,137
1510,6,2,256,896,0.00,23.50,0,0.7168,137
1510,7,2,256,256,0.00,23.50,0,0.2048,137
1510,8,2,256,0,100.00,23.50,2,0.0000,269
1510,9,2,256,0,100.00,23.50,2,0.0000,137
1510,10,2,256,256,0.00,23.50,0,0.2048,137
