timestamp,sliceId,dedicatedPRB,minPRB,maxPRB
510,0,25.129731006638146,25.129731006638146,100.0
510,1,52.6169395693794,52.6169395693794,100.0
510,2,22.253329423982475,22.253329423982475,100.0
520,0,23.414587896045546,23.414587896045546,100.0
520,1,53.603909091045175,53.603909091045175,100.0
520,2,22.981503012909275,22.981503012909275,100.0
530,0,32.520765314010646,32.520765314010646,100.0
530,1,48.141729556351,48.141729556351,100.0
530,2,19.337505129638348,19.337505129638348,100.0
540,0,43.07009873689612,43.07009873689612,100.0
540,1,29.52253982623002,29.52253982623002,100.0
540,2,27.407361436873856,27.407361436873856,100.0
550,0,40.944647293068584,40.944647293068584,100.0
550,1,39.61728115554629,39.61728115554629,100.0
550,2,19.438071551385132,19.438071551385132,100.0
560,0,33.10041055312571,33.10041055312571,100.0
560,1,30.963129732497848,30.963129732497848,100.0
560,2,35.93645971437644,35.93645971437644,100.0
570,0,27.633353054842058,27.633353054842058,100.0
570,1,27.797093110327232,27.797093110327232,100.0
570,2,44.569553834830714,44.569553834830714,100.0
580,0,40.00260779878781,40.00260779878781,100.0
580,1,39.781946373225175,39.781946373225175,100.0
580,2,20.215445827987015,20.215445827987015,100.0
590,0,39.5089549298709,39.5089549298709,100.0
590,1,28.04090300369428,28.04090300369428,100.0
590,2,32.450142066434815,32.450142066434815,100.0
600,0,24.285311144228107,24.285311144228107,100.0
600,1,37.40437182956451,37.40437182956451,100.0
600,2,38.31031702620739,38.31031702620739,100.0
610,0,38.96788973195767,38.96788973195767,100.0
610,1,34.99544322318921,34.99544322318921,100.0
610,2,26.036667044853125,26.036667044853125,100.0
620,0,23.82386542609143,23.82386542609143,100.0
620,1,37.234589030395995,37.234589030395995,100.0
620,2,38.94154554351258,38.94154554351258,100.0
630,0,40.75487175973889,40.75487175973889,100.0
630,1,28.873934552413942,28.873934552413942,100.0
630,2,30.37119368784717,30.37119368784717,100.0
640,0,32.04786378256016,32.04786378256016,100.0
640,1,33.07876458397143,33.07876458397143,100.0
640,2,34.873371633468416,34.873371633468416,100.0
650,0,43.769788013822144,43.769788013822144,100.0
650,1,34.602037730189664,34.602037730189664,100.0
650,2,21.628174255988192,21.628174255988192,100.0
660,0,36.65420750493724,36.65420750493724,100.0
660,1,37.08631501795925,37.08631501795925,100.0
660,2,26.25947747710351,26.25947747710351,100.0
670,0,39.817949930746174,39.817949930746174,100.0
670,1,40.09620803006739,40.09620803006739,100.0
670,2,20.085842039186446,20.085842039186446,100.0
680,0,37.601708616889965,37.601708616889965,100.0
680,1,28.449112233122055,28.449112233122055,100.0
680,2,33.94917914998798,33.94917914998798,100.0
690,0,37.38357724490766,37.38357724490766,100.0
690,1,29.029457854616638,29.029457854616638,100.0
690,2,33.5869649004757,33.5869649004757,100.0
700,0,33.58511364160136,33.58511364160136,100.0
700,1,30.993075085490947,30.993075085490947,100.0
700,2,35.4218112729077,35.4218112729077,100.0
710,0,38.80419783891824,38.80419783891824,100.0
710,1,31.169041868381804,31.169041868381804,100.0
710,2,30.02676029269996,30.02676029269996,100.0
720,0,37.7797979944717,37.7797979944717,100.0
720,1,32.92388887277722,32.92388887277722,100.0
720,2,29.296313132751077,29.296313132751077,100.0
730,0,39.70878318982418,39.70878318982418,100.0
730,1,24.436216217335748,24.436216217335748,100.0
730,2,35.85500059284008,35.85500059284008,100.0
740,0,26.70861442050657,26.70861442050657,100.0
740,1,38.03047786816119,38.03047786816119,100.0
740,2,35.26090771133224,35.26090771133224,100.0
750,0,23.85980433517872,23.85980433517872,100.0
750,1,30.712387489802712,30.712387489802712,100.0
750,2,45.42780817501857,45.42780817501857,100.0
760,0,31.318483296716842,31.318483296716842,100.0
760,1,30.30402206126838,30.30402206126838,100.0
760,2,38.377494642014774,38.377494642014774,100.0
770,0,26.638482435405496,26.638482435405496,100.0
770,1,48.23955908960693,48.23955908960693,100.0
770,2,25.121958474987572,25.121958474987572,100.0
780,0,36.60780606110477,36.60780606110477,100.0
780,1,24.896777165052054,24.896777165052054,100.0
780,2,38.49541677384318,38.49541677384318,100.0
790,0,34.96859638982323,34.96859638982323,100.0
790,1,39.415700114338584,39.415700114338584,100.0
790,2,25.615703495838183,25.615703495838183,100.0
800,0,37.104239515606245,37.104239515606245,100.0
800,1,27.46031224548445,27.46031224548445,100.0
800,2,35.43544823890931,35.43544823890931,100.0
810,0,38.518131602380265,38.518131602380265,100.0
810,1,28.13088111045098,28.13088111045098,100.0
810,2,33.350987287168756,33.350987287168756,100.0
820,0,38.90042678063317,38.90042678063317,100.0
820,1,34.664748795645025,34.664748795645025,100.0
820,2,26.434824423721814,26.434824423721814,100.0
830,0,35.553760354900255,35.553760354900255,100.0
830,1,38.31369863677973,38.31369863677973,100.0
830,2,26.13254100832001,26.13254100832001,100.0
840,0,40.18943861655967,40.18943861655967,100.0
840,1,27.254240120480723,27.254240120480723,100.0
840,2,32.556321262959614,32.556321262959614,100.0
850,0,27.150647085044,27.150647085044,100.0
850,1,38.56700398479638,38.56700398479638,100.0
850,2,34.282348930159635,34.282348930159635,100.0
860,0,41.00881549848629,41.00881549848629,100.0
860,1,36.741138266543985,36.741138266543985,100.0
860,2,22.250046234969716,22.250046234969716,100.0
870,0,32.55623621606592,32.55623621606592,100.0
870,1,37.5918752497152,37.5918752497152,100.0
870,2,29.851888534218872,29.851888534218872,100.0
880,0,38.41013717773063,38.41013717773063,100.0
880,1,26.705169175116783,26.705169175116783,100.0
880,2,34.88469364715259,34.88469364715259,100.0
890,0,52.489066976156074,52.489066976156074,100.0
890,1,26.530971540486227,26.530971540486227,100.0
890,2,20.979961483357705,20.979961483357705,100.0
900,0,36.93424358713331,36.93424358713331,100.0
900,1,39.6730349679707,39.6730349679707,100.0
900,2,23.392721444895994,23.392721444895994,100.0
910,0,25.833566420495153,25.833566420495153,100.0
910,1,54.943663847091216,54.943663847091216,100.0
910,2,19.22276973241363,19.22276973241363,100.0
920,0,29.43367458510989,29.43367458510989,100.0
920,1,48.53641306589327,48.53641306589327,100.0
920,2,22.02991234899684,22.02991234899684,100.0
930,0,42.68622959811119,42.68622959811119,100.0
930,1,30.579729635546148,30.579729635546148,100.0
930,2,26.734040766342655,26.734040766342655,100.0
940,0,34.29245465830248,34.29245465830248,100.0
940,1,46.51710003571337,46.51710003571337,100.0
940,2,19.190445305984152,19.190445305984152,100.0
950,0,30.338098172579343,30.338098172579343,100.0
950,1,38.09933984207493,38.09933984207493,100.0
950,2,31.56256198534572,31.56256198534572,100.0
960,0,40.507336297844724,40.507336297844724,100.0
960,1,26.070744522141137,26.070744522141137,100.0
960,2,33.42191918001415,33.42191918001415,100.0
970,0,37.91188237452747,37.91188237452747,100.0
970,1,44.15166314339219,44.15166314339219,100.0
970,2,17.936454482080332,17.936454482080332,100.0
980,0,42.10022978084416,42.10022978084416,100.0
980,1,29.726126096352758,29.726126096352758,100.0
980,2,28.173644122803093,28.173644122803093,100.0
990,0,28.110680318495223,28.110680318495223,100.0
990,1,51.95674545260265,51.95674545260265,100.0
990,2,19.93257422890213,19.93257422890213,100.0
1000,0,30.768618428733507,30.768618428733507,100.0
1000,1,35.865263865171556,35.865263865171556,100.0
1000,2,33.36611770609493,33.36611770609493,100.0
1010,0,36.8191030221935,36.8191030221935,100.0
1010,1,33.313044424312444,33.313044424312444,100.0
1010,2,29.867852553494057,29.867852553494057,100.0
1020,0,29.222656162418414,29.222656162418414,100.0
1020,1,41.777170966129276,41.777170966129276,100.0
1020,2,29.000172871452307,29.000172871452307,100.0
1030,0,33.30142605507282,33.30142605507282,100.0
1030,1,38.73669255582897,38.73669255582897,100.0
1030,2,27.961881389098224,27.961881389098224,100.0
1040,0,50.658602934588274,50.658602934588274,100.0
1040,1,25.697687932423975,25.697687932423975,100.0
1040,2,23.643709132987755,23.643709132987755,100.0
1050,0,36.64537070316708,36.64537070316708,100.0
1050,1,39.14655874763331,39.14655874763331,100.0
1050,2,24.20807054919961,24.20807054919961,100.0
1060,0,34.37420827731713,34.37420827731713,100.0
1060,1,34.773783145965965,34.773783145965965,100.0
1060,2,30.852008576716905,30.852008576716905,100.0
1070,0,41.62101591649705,41.62101591649705,100.0
1070,1,29.299746401359663,29.299746401359663,100.0
1070,2,29.079237682143283,29.079237682143283,100.0
1080,0,33.860258669387036,33.860258669387036,100.0
1080,1,36.19128749438618,36.19128749438618,100.0
1080,2,29.948453836226786,29.948453836226786,100.0
1090,0,32.15323695848035,32.15323695848035,100.0
1090,1,39.40866540544956,39.40866540544956,100.0
1090,2,28.438097636070093,28.438097636070093,100.0
1100,0,39.911142979388316,39.911142979388316,100.0
1100,1,33.09351397816121,33.09351397816121,100.0
1100,2,26.995343042450465,26.995343042450465,100.0
1110,0,43.58154500117595,43.58154500117595,100.0
1110,1,37.91217334055877,37.91217334055877,100.0
1110,2,18.50628165826528,18.50628165826528,100.0
1120,0,37.62732934270757,37.62732934270757,100.0
1120,1,37.64089610657163,37.64089610657163,100.0
1120,2,24.731774550720793,24.731774550720793,100.0
1130,0,51.0509594814096,51.0509594814096,100.0
1130,1,27.586679075799246,27.586679075799246,100.0
1130,2,21.36236144279115,21.36236144279115,100.0
1140,0,32.50110574552547,32.50110574552547,100.0
1140,1,41.2136528029298,41.2136528029298,100.0
1140,2,26.285241451544728,26.285241451544728,100.0
1150,0,29.007947705330047,29.007947705330047,100.0
1150,1,51.47224114159005,51.47224114159005,100.0
1150,2,19.519811153079917,19.519811153079917,100.0
1160,0,29.407589899738362,29.407589899738362,100.0
1160,1,31.99121032115623,31.99121032115623,100.0
1160,2,38.601199779105414,38.601199779105414,100.0
1170,0,45.38099810063595,45.38099810063595,100.0
1170,1,27.796099390906516,27.796099390906516,100.0
1170,2,26.822902508457535,26.822902508457535,100.0
1180,0,50.725821035850004,50.725821035850004,100.0
1180,1,26.539508436883064,26.539508436883064,100.0
1180,2,22.734670527266932,22.734670527266932,100.0
1190,0,48.45164001609743,48.45164001609743,100.0
1190,1,29.565782142231107,29.565782142231107,100.0
1190,2,21.982577841671453,21.982577841671453,100.0
1200,0,28.224953880453768,28.224953880453768,100.0
1200,1,30.433181809990007,30.433181809990007,100.0
1200,2,41.34186430955622,41.34186430955622,100.0
1210,0,39.88259535903278,39.88259535903278,100.0
1210,1,34.920345332311065,34.920345332311065,100.0
1210,2,25.19705930865616,25.19705930865616,100.0
1220,0,31.448028066490473,31.448028066490473,100.0
1220,1,34.08360401580937,34.08360401580937,100.0
1220,2,34.468367917700164,34.468367917700164,100.0
1230,0,35.902309461599884,35.902309461599884,100.0
1230,1,30.050949566556827,30.050949566556827,100.0
1230,2,34.04674097184328,34.04674097184328,100.0
1240,0,34.54616050583364,34.54616050583364,100.0
1240,1,35.14160846856886,35.14160846856886,100.0
1240,2,30.3122310255975,30.3122310255975,100.0
1250,0,41.696505255994815,41.696505255994815,100.0
1250,1,34.847006346062244,34.847006346062244,100.0
1250,2,23.456488397942945,23.456488397942945,100.0
1260,0,26.998780775070053,26.998780775070053,100.0
1260,1,37.07937716055229,37.07937716055229,100.0
1260,2,35.92184206437765,35.92184206437765,100.0
1270,0,23.117124664532998,23.117124664532998,100.0
1270,1,29.206590877996565,29.206590877996565,100.0
1270,2,47.676284457470445,47.676284457470445,100.0
1280,0,26.57133988474285,26.57133988474285,100.0
1280,1,26.749778844209942,26.749778844209942,100.0
1280,2,46.67888127104722,46.67888127104722,100.0
1290,0,34.688564748011345,34.688564748011345,100.0
1290,1,37.8239678319401,37.8239678319401,100.0
1290,2,27.487467420048556,27.487467420048556,100.0
1300,0,40.604047767609956,40.604047767609956,100.0
1300,1,27.51200733702468,27.51200733702468,100.0
1300,2,31.883944895365367,31.883944895365367,100.0
1310,0,44.45178474020963,44.45178474020963,100.0
1310,1,31.80483259168147,31.80483259168147,100.0
1310,2,23.743382668108897,23.743382668108897,100.0
1320,0,35.687552387249774,35.687552387249774,100.0
1320,1,30.362178340344126,30.362178340344126,100.0
1320,2,33.950269272406096,33.950269272406096,100.0
1330,0,44.65231991718042,44.65231991718042,100.0
1330,1,27.827705933708874,27.827705933708874,100.0
1330,2,27.51997414911071,27.51997414911071,100.0
1340,0,47.787219845953366,47.787219845953366,100.0
1340,1,29.622914584275417,29.622914584275417,100.0
1340,2,22.58986556977122,22.58986556977122,100.0
1350,0,35.14972303595766,35.14972303595766,100.0
1350,1,40.17370760022364,40.17370760022364,100.0
1350,2,24.676569363818697,24.676569363818697,100.0
1360,0,24.632401446314244,24.632401446314244,100.0
1360,1,26.911877954520925,26.911877954520925,100.0
1360,2,48.455720599164835,48.455720599164835,100.0
1370,0,29.64833922982899,29.64833922982899,100.0
1370,1,34.70630379672623,34.70630379672623,100.0
1370,2,35.64535697344478,35.64535697344478,100.0
1380,0,30.42573455511176,30.42573455511176,100.0
1380,1,39.32282727108115,39.32282727108115,100.0
1380,2,30.2514381738071,30.2514381738071,100.0
1390,0,24.01697657525592,24.01697657525592,100.0
1390,1,43.27301144254354,43.27301144254354,100.0
1390,2,32.71001198220054,32.71001198220054,100.0
1400,0,27.319583990101528,27.319583990101528,100.0
1400,1,33.352460470350145,33.352460470350145,100.0
1400,2,39.327955539548334,39.327955539548334,100.0
1410,0,27.41558979263396,27.41558979263396,100.0
1410,1,34.75846289658353,34.75846289658353,100.0
1410,2,37.82594731078252,37.82594731078252,100.0
1420,0,28.965009116960182,28.965009116960182,100.0
1420,1,37.676349607539926,37.676349607539926,100.0
1420,2,33.358641275499885,33.358641275499885,100.0
1430,0,22.74946185450515,22.74946185450515,100.0
1430,1,28.789759374761438,28.789759374761438,100.0
1430,2,48.46077877073342,48.46077877073342,100.0
1440,0,30.112566856672146,30.112566856672146,100.0
1440,1,26.65725469280217,26.65725469280217,100.0
1440,2,43.2301784505257,43.2301784505257,100.0
1450,0,49.476755752046856,49.476755752046856,100.0
1450,1,25.820801807831582,25.820801807831582,100.0
1450,2,24.702442440121576,24.702442440121576,100.0
1460,0,30.257320262194405,30.257320262194405,100.0
1460,1,41.29257413512486,41.29257413512486,100.0
1460,2,28.450105602680747,28.450105602680747,100.0
1470,0,26.25433220034936,26.25433220034936,100.0
1470,1,33.06837226767174,33.06837226767174,100.0
1470,2,40.6772955319789,40.6772955319789,100.0
1480,0,31.282704046676702,31.282704046676702,100.0
1480,1,42.55854954853792,42.55854954853792,100.0
1480,2,26.158746404785386,26.158746404785386,100.0
1490,0,50.808842707207866,50.808842707207866,100.0
1490,1,27.654238632802254,27.654238632802254,100.0
1490,2,21.53691865998988,21.53691865998988,100.0
1500,0,42.10208158695799,42.10208158695799,100.0
1500,1,28.823360591734414,28.823360591734414,100.0
1500,2,29.0745578213076,29.0745578213076,100.0
