timestamp,sliceId,dedicatedPRB,minPRB,maxPRB
510,0,25.255044197120235,25.255044197120235,100.0
510,1,31.858031486968773,31.858031486968773,100.0
510,2,42.886924315910996,42.886924315910996,100.0
520,0,22.44798346529727,22.44798346529727,100.0
520,1,38.29057419249798,38.29057419249798,100.0
520,2,39.26144234220475,39.26144234220475,100.0
530,0,30.27489756904268,30.27489756904268,100.0
530,1,42.1801794492603,42.1801794492603,100.0
530,2,27.544922981697017,27.544922981697017,100.0
540,0,24.699306088398366,24.699306088398366,100.0
540,1,41.83811875877772,41.83811875877772,100.0
540,2,33.46257515282392,33.46257515282392,100.0
550,0,22.77759171820002,22.77759171820002,100.0
550,1,55.30420418306885,55.30420418306885,100.0
550,2,21.91820409873113,21.91820409873113,100.0
560,0,29.044851109555147,29.044851109555147,100.0
560,1,34.92979832671865,34.92979832671865,100.0
560,2,36.025350563726214,36.025350563726214,100.0
570,0,22.851787963510827,22.851787963510827,100.0
570,1,51.363800087100856,51.363800087100856,100.0
570,2,25.784411949388335,25.784411949388335,100.0
580,0,23.13603170362713,23.13603170362713,100.0
580,1,53.96816270677418,53.96816270677418,100.0
580,2,22.895805589598694,22.895805589598694,100.0
590,0,22.82173372107673,22.82173372107673,100.0
590,1,56.44621078557455,56.44621078557455,100.0
590,2,20.73205549334872,20.73205549334872,100.0
600,0,24.02418187164635,24.02418187164635,100.0
600,1,55.552396712183125,55.552396712183125,100.0
600,2,20.423421416170527,20.423421416170527,100.0
610,0,22.452264613747975,22.452264613747975,100.0
610,1,53.43193680058454,53.43193680058454,100.0
610,2,24.1157985856675,24.1157985856675,100.0
620,0,21.754175846143934,21.754175846143934,100.0
620,1,54.5706744603752,54.5706744603752,100.0
620,2,23.675149693480872,23.675149693480872,100.0
630,0,24.10956762449871,24.10956762449871,100.0
630,1,47.26659254338644,47.26659254338644,100.0
630,2,28.62383983211486,28.62383983211486,100.0
640,0,23.2510680764347,23.2510680764347,100.0
640,1,53.44635668054205,53.44635668054205,100.0
640,2,23.30257524302325,23.30257524302325,100.0
650,0,22.901533868388935,22.901533868388935,100.0
650,1,49.279453260916895,49.279453260916895,100.0
650,2,27.819012870694177,27.819012870694177,100.0
660,0,23.00276192613501,23.00276192613501,100.0
660,1,54.252898146056005,54.252898146056005,100.0
660,2,22.744339927808994,22.744339927808994,100.0
670,0,21.611817157188888,21.611817157188888,100.0
670,1,44.703619161154556,44.703619161154556,100.0
670,2,33.684563681656556,33.684563681656556,100.0
680,0,23.949672487267247,23.949672487267247,100.0
680,1,54.56625407918765,54.56625407918765,100.0
680,2,21.484073433545117,21.484073433545117,100.0
690,0,25.216731917871826,25.216731917871826,100.0
690,1,52.36670952071491,52.36670952071491,100.0
690,2,22.416558561413265,22.416558561413265,100.0
700,0,21.088690898289027,21.088690898289027,100.0
700,1,48.15872782044448,48.15872782044448,100.0
700,2,30.7525812812665,30.7525812812665,100.0
710,0,23.25424512405403,23.25424512405403,100.0
710,1,41.92677433706653,41.92677433706653,100.0
710,2,34.818980538879444,34.818980538879444,100.0
720,0,24.164302594620672,24.164302594620672,100.0
720,1,53.179303477711045,53.179303477711045,100.0
720,2,22.656393927668272,22.656393927668272,100.0
730,0,21.920361921384053,21.920361921384053,100.0
730,1,46.35233389306943,46.35233389306943,100.0
730,2,31.72730418554652,31.72730418554652,100.0
740,0,23.102485376864127,23.102485376864127,100.0
740,1,55.431904131102115,55.431904131102115,100.0
740,2,21.46561049203376,21.46561049203376,100.0
750,0,20.54623383205787,20.54623383205787,100.0
750,1,47.41810746767785,47.41810746767785,100.0
750,2,32.03565870026428,32.03565870026428,100.0
760,0,31.89781664933217,31.89781664933217,100.0
760,1,48.08965597364549,48.08965597364549,100.0
760,2,20.012527377022344,20.012527377022344,100.0
770,0,21.50785450821835,21.50785450821835,100.0
770,1,54.057971692957366,54.057971692957366,100.0
770,2,24.43417379882429,24.43417379882429,100.0
780,0,25.561178671106127,25.561178671106127,100.0
780,1,42.356759595137355,42.356759595137355,100.0
780,2,32.08206173375652,32.08206173375652,100.0
790,0,31.791896645931605,31.791896645931605,100.0
790,1,38.86666372604301,38.86666372604301,100.0
790,2,29.34143962802539,29.34143962802539,100.0
800,0,23.20310332633325,23.20310332633325,100.0
800,1,53.07568932805654,53.07568932805654,100.0
800,2,23.721207345610214,23.721207345610214,100.0
810,0,29.32847969403133,29.32847969403133,100.0
810,1,52.21366715093103,52.21366715093103,100.0
810,2,18.45785315503764,18.45785315503764,100.0
820,0,23.640170260360218,23.640170260360218,100.0
820,1,44.8619795358001,44.8619795358001,100.0
820,2,31.49785020383968,31.49785020383968,100.0
830,0,28.928564151808978,28.928564151808978,100.0
830,1,35.84425870409883,35.84425870409883,100.0
830,2,35.227177144092195,35.227177144092195,100.0
840,0,25.57260826604399,25.57260826604399,100.0
840,1,45.88967956496861,45.88967956496861,100.0
840,2,28.537712168987394,28.537712168987394,100.0
850,0,25.80518958330095,25.80518958330095,100.0
850,1,51.61879165407095,51.61879165407095,100.0
850,2,22.576018762628088,22.576018762628088,100.0
860,0,24.480226164825016,24.480226164825016,100.0
860,1,54.98342798886612,54.98342798886612,100.0
860,2,20.53634584630887,20.53634584630887,100.0
870,0,21.990738980206626,21.990738980206626,100.0
870,1,55.06983302335038,55.06983302335038,100.0
870,2,22.939427996442994,22.939427996442994,100.0
880,0,22.36943428139215,22.36943428139215,100.0
880,1,43.63860907621485,43.63860907621485,100.0
880,2,33.991956642393006,33.991956642393006,100.0
890,0,25.62030896811776,25.62030896811776,100.0
890,1,51.331479990946605,51.331479990946605,100.0
890,2,23.04821104093564,23.04821104093564,100.0
900,0,23.60158912881245,23.60158912881245,100.0
900,1,57.08990442713553,57.08990442713553,100.0
900,2,19.30850644405203,19.30850644405203,100.0
910,0,22.85575911288394,22.85575911288394,100.0
910,1,52.47276351982714,52.47276351982714,100.0
910,2,24.671477367288933,24.671477367288933,100.0
920,0,25.88508277891718,25.88508277891718,100.0
920,1,45.25711794518414,45.25711794518414,100.0
920,2,28.857799275898678,28.857799275898678,100.0
930,0,24.71888721320063,24.71888721320063,100.0
930,1,48.33588412060456,48.33588412060456,100.0
930,2,26.945228666194815,26.945228666194815,100.0
940,0,22.925633770040214,22.925633770040214,100.0
940,1,56.97032474786587,56.97032474786587,100.0
940,2,20.104041482093933,20.104041482093933,100.0
950,0,22.721521471059773,22.721521471059773,100.0
950,1,54.81039069384652,54.81039069384652,100.0
950,2,22.4680878350937,22.4680878350937,100.0
960,0,21.956722885960207,21.956722885960207,100.0
960,1,52.81323170479487,52.81323170479487,100.0
960,2,25.230045409244916,25.230045409244916,100.0
970,0,22.265268355530253,22.265268355530253,100.0
970,1,53.37992504340756,53.37992504340756,100.0
970,2,24.35480660106219,24.35480660106219,100.0
980,0,23.14908086817853,23.14908086817853,100.0
980,1,53.362569522019655,53.362569522019655,100.0
980,2,23.488349609801826,23.488349609801826,100.0
990,0,25.236801926330198,25.236801926330198,100.0
990,1,54.47075499925007,54.47075499925007,100.0
990,2,20.292443074419726,20.292443074419726,100.0
1000,0,24.919210714062643,24.919210714062643,100.0
1000,1,45.230204098585354,45.230204098585354,100.0
1000,2,29.850585187352003,29.850585187352003,100.0
1010,0,27.316948143998705,27.316948143998705,100.0
1010,1,47.802628828773805,47.802628828773805,100.0
1010,2,24.880423027227494,24.880423027227494,100.0
1020,0,22.18472117131584,22.18472117131584,100.0
1020,1,55.11980740093,55.11980740093,100.0
1020,2,22.695471427754164,22.695471427754164,100.0
1030,0,23.180645384646564,23.180645384646564,100.0
1030,1,56.46543005609496,56.46543005609496,100.0
1030,2,20.353924559258488,20.353924559258488,100.0
1040,0,22.268724987048603,22.268724987048603,100.0
1040,1,57.716940100027536,57.716940100027536,100.0
1040,2,20.014334912923857,20.014334912923857,100.0
1050,0,22.52541779335937,22.52541779335937,100.0
1050,1,45.67930138751692,45.67930138751692,100.0
1050,2,31.79528081912371,31.79528081912371,100.0
1060,0,29.120757865708597,29.120757865708597,100.0
1060,1,43.26989996547865,43.26989996547865,100.0
1060,2,27.609342168812745,27.609342168812745,100.0
1070,0,24.854311908490757,24.854311908490757,100.0
1070,1,52.68939846317217,52.68939846317217,100.0
1070,2,22.45628962833708,22.45628962833708,100.0
1080,0,24.766997377451837,24.766997377451837,100.0
1080,1,53.78340991828801,53.78340991828801,100.0
1080,2,21.44959270426015,21.44959270426015,100.0
1090,0,25.42155591205913,25.42155591205913,100.0
1090,1,51.566237006284396,51.566237006284396,100.0
1090,2,23.01220708165648,23.01220708165648,100.0
1100,0,21.31713700365628,21.31713700365628,100.0
1100,1,47.24282708892047,47.24282708892047,100.0
1100,2,31.44003590742325,31.44003590742325,100.0
1110,0,27.617243354511412,27.617243354511412,100.0
1110,1,44.4951999506357,44.4951999506357,100.0
1110,2,27.887556694852883,27.887556694852883,100.0
1120,0,27.17153900138426,27.17153900138426,100.0
1120,1,41.050989837336886,41.050989837336886,100.0
1120,2,31.777471161278864,31.777471161278864,100.0
1130,0,26.898073762507625,26.898073762507625,100.0
1130,1,48.84284741967064,48.84284741967064,100.0
1130,2,24.259078817821745,24.259078817821745,100.0
1140,0,26.02229556985187,26.02229556985187,100.0
1140,1,44.38060193058293,44.38060193058293,100.0
1140,2,29.597102499565196,29.597102499565196,100.0
1150,0,24.900501912963723,24.900501912963723,100.0
1150,1,52.16830542448536,52.16830542448536,100.0
1150,2,22.931192662550913,22.931192662550913,100.0
1160,0,23.23150969183144,23.23150969183144,100.0
1160,1,50.20787224024274,50.20787224024274,100.0
1160,2,26.560618067925812,26.560618067925812,100.0
1170,0,23.753078179332825,23.753078179332825,100.0
1170,1,54.795897301042395,54.795897301042395,100.0
1170,2,21.451024519624777,21.451024519624777,100.0
1180,0,22.19320446361052,22.19320446361052,100.0
1180,1,55.65431321100572,55.65431321100572,100.0
1180,2,22.152482325383765,22.152482325383765,100.0
1190,0,23.110176818287208,23.110176818287208,100.0
1190,1,51.0424022592557,51.0424022592557,100.0
1190,2,25.847420922457104,25.847420922457104,100.0
1200,0,24.89646740962186,24.89646740962186,100.0
1200,1,50.790559426478474,50.790559426478474,100.0
1200,2,24.31297316389966,24.31297316389966,100.0
1210,0,25.4150661327105,25.4150661327105,100.0
1210,1,46.97253991250056,46.97253991250056,100.0
1210,2,27.61239395478894,27.61239395478894,100.0
1220,0,27.59446159280772,27.59446159280772,100.0
1220,1,47.609792392185305,47.609792392185305,100.0
1220,2,24.795746015006976,24.795746015006976,100.0
1230,0,28.02134259984581,28.02134259984581,100.0
1230,1,47.59844146792345,47.59844146792345,100.0
1230,2,24.38021593223074,24.38021593223074,100.0
1240,0,27.511417130330535,27.511417130330535,100.0
1240,1,49.77907733220805,49.77907733220805,100.0
1240,2,22.70950553746142,22.70950553746142,100.0
1250,0,24.775980205249237,24.775980205249237,100.0
1250,1,53.93651698502777,53.93651698502777,100.0
1250,2,21.287502809722987,21.287502809722987,100.0
1260,0,25.139819754183414,25.139819754183414,100.0
1260,1,53.53701107181331,53.53701107181331,100.0
1260,2,21.323169174003276,21.323169174003276,100.0
1270,0,24.84810225465385,24.84810225465385,100.0
1270,1,52.899864804656694,52.899864804656694,100.0
1270,2,22.25203294068946,22.25203294068946,100.0
1280,0,23.27291579819085,23.27291579819085,100.0
1280,1,54.56444568208442,54.56444568208442,100.0
1280,2,22.162638519724737,22.162638519724737,100.0
1290,0,23.2560210450652,23.2560210450652,100.0
1290,1,47.974992415775844,47.974992415775844,100.0
1290,2,28.76898653915896,28.76898653915896,100.0
1300,0,27.9353291717068,27.9353291717068,100.0
1300,1,44.0450792782009,44.0450792782009,100.0
1300,2,28.019591550092287,28.019591550092287,100.0
1310,0,24.24149668895398,24.24149668895398,100.0
1310,1,54.494688698077695,54.494688698077695,100.0
1310,2,21.26381461296833,21.26381461296833,100.0
1320,0,25.11768165090058,25.11768165090058,100.0
1320,1,48.96673201905084,48.96673201905084,100.0
1320,2,25.915586330048594,25.915586330048594,100.0
1330,0,24.666673757488617,24.666673757488617,100.0
1330,1,50.30256903788498,50.30256903788498,100.0
1330,2,25.030757204626404,25.030757204626404,100.0
1340,0,23.577257612764367,23.577257612764367,100.0
1340,1,41.14893377375759,41.14893377375759,100.0
1340,2,35.27380861347804,35.27380861347804,100.0
1350,0,28.491517631566488,28.491517631566488,100.0
1350,1,49.180464999090795,49.180464999090795,100.0
1350,2,22.328017369342717,22.328017369342717,100.0
1360,0,24.963064756653853,24.963064756653853,100.0
1360,1,47.08532153198637,47.08532153198637,100.0
1360,2,27.95161371135978,27.95161371135978,100.0
1370,0,26.115054898378403,26.115054898378403,100.0
1370,1,49.686750107991934,49.686750107991934,100.0
1370,2,24.198194993629663,24.198194993629663,100.0
1380,0,24.927828232523005,24.927828232523005,100.0
1380,1,52.9594084513474,52.9594084513474,100.0
1380,2,22.11276331612961,22.11276331612961,100.0
1390,0,24.25935904121067,24.25935904121067,100.0
1390,1,50.15699074924218,50.15699074924218,100.0
1390,2,25.583650209547145,25.583650209547145,100.0
1400,0,24.95895239225466,24.95895239225466,100.0
1400,1,53.72341483293126,53.72341483293126,100.0
1400,2,21.317632774814086,21.317632774814086,100.0
1410,0,21.851272944821055,21.851272944821055,100.0
1410,1,50.33654443399185,50.33654443399185,100.0
1410,2,27.81218262118711,27.81218262118711,100.0
1420,0,25.42756575228874,25.42756575228874,100.0
1420,1,48.63143483869887,48.63143483869887,100.0
1420,2,25.940999409012388,25.940999409012388,100.0
1430,0,25.550704483424624,25.550704483424624,100.0
1430,1,45.39808902228104,45.39808902228104,100.0
1430,2,29.051206494294334,29.051206494294334,100.0
1440,0,28.763168831528635,28.763168831528635,100.0
1440,1,45.897817935723644,45.897817935723644,100.0
1440,2,25.33901323274772,25.33901323274772,100.0
1450,0,26.77136438963868,26.77136438963868,100.0
1450,1,48.2387952069031,48.2387952069031,100.0
1450,2,24.989840403458217,24.989840403458217,100.0
1460,0,28.833378938821962,28.833378938821962,100.0
1460,1,49.53075472751871,49.53075472751871,100.0
1460,2,21.63586633365932,21.63586633365932,100.0
1470,0,27.158860016824,27.158860016824,100.0
1470,1,39.4955549033687,39.4955549033687,100.0
1470,2,33.34558507980729,33.34558507980729,100.0
1480,0,27.60777228942549,27.60777228942549,100.0
1480,1,48.78670566050321,48.78670566050321,100.0
1480,2,23.605522050071308,23.605522050071308,100.0
1490,0,23.85913404086157,23.85913404086157,100.0
1490,1,54.752832008074726,54.752832008074726,100.0
1490,2,21.388033951063694,21.388033951063694,100.0
1500,0,24.698044770078255,24.698044770078255,100.0
1500,1,47.39428471465201,47.39428471465201,100.0
1500,2,27.90767051526974,27.90767051526974,100.0
1510,0,33.04240202617634,33.04240202617634,100.0
1510,1,43.20526735132778,43.20526735132778,100.0
1510,2,23.75233062249589,23.75233062249589,100.0
1520,0,25.40136081271041,25.40136081271041,100.0
1520,1,47.822060644152515,47.822060644152515,100.0
1520,2,26.776578543137074,26.776578543137074,100.0
1530,0,31.513626534860418,31.513626534860418,100.0
1530,1,43.77238297487635,43.77238297487635,100.0
1530,2,24.713990490263242,24.713990490263242,100.0
1540,0,29.759427913078802,29.759427913078802,100.0
1540,1,45.61683426752931,45.61683426752931,100.0
1540,2,24.623737819391884,24.623737819391884,100.0
1550,0,25.8668778397813,25.8668778397813,100.0
1550,1,45.934361086138104,45.934361086138104,100.0
1550,2,28.198761074080593,28.198761074080593,100.0
1560,0,26.756950242645715,26.756950242645715,100.0
1560,1,43.991397612761574,43.991397612761574,100.0
1560,2,29.25165214459271,29.25165214459271,100.0
1570,0,28.360252626356814,28.360252626356814,100.0
1570,1,44.743676790191145,44.743676790191145,100.0
1570,2,26.896070583452047,26.896070583452047,100.0
1580,0,26.550174700585405,26.550174700585405,100.0
1580,1,50.63389328700143,50.63389328700143,100.0
1580,2,22.81593201241317,22.81593201241317,100.0
1590,0,23.326056399113565,23.326056399113565,100.0
1590,1,39.25944712512552,39.25944712512552,100.0
1590,2,37.41449647576091,37.41449647576091,100.0
1600,0,26.290561203724277,26.290561203724277,100.0
1600,1,49.233388422818166,49.233388422818166,100.0
1600,2,24.476050373457557,24.476050373457557,100.0
1610,0,26.757792280709246,26.757792280709246,100.0
1610,1,51.39694442972367,51.39694442972367,100.0
1610,2,21.84526328956709,21.84526328956709,100.0
1620,0,27.218573809029717,27.218573809029717,100.0
1620,1,46.15268775262011,46.15268775262011,100.0
1620,2,26.62873843835018,26.62873843835018,100.0
1630,0,26.883244721343374,26.883244721343374,100.0
1630,1,49.057611977671755,49.057611977671755,100.0
1630,2,24.05914330098487,24.05914330098487,100.0
1640,0,24.026847002416606,24.026847002416606,100.0
1640,1,50.903327600202275,50.903327600202275,100.0
1640,2,25.069825397381116,25.069825397381116,100.0
1650,0,27.4184505634677,27.4184505634677,100.0
1650,1,46.450932348515366,46.450932348515366,100.0
1650,2,26.130617088016933,26.130617088016933,100.0
1660,0,25.728292257452225,25.728292257452225,100.0
1660,1,46.03276477229692,46.03276477229692,100.0
1660,2,28.238942970250847,28.238942970250847,100.0
1670,0,24.33023923971972,24.33023923971972,100.0
1670,1,51.15534951991796,51.15534951991796,100.0
1670,2,24.514411240362325,24.514411240362325,100.0
1680,0,25.651889905707144,25.651889905707144,100.0
1680,1,47.972603575229996,47.972603575229996,100.0
1680,2,26.375506519062863,26.375506519062863,100.0
1690,0,23.924804275729134,23.924804275729134,100.0
1690,1,40.130409410675796,40.130409410675796,100.0
1690,2,35.94478631359508,35.94478631359508,100.0
1700,0,26.48542592507391,26.48542592507391,100.0
1700,1,53.05366724336741,53.05366724336741,100.0
1700,2,20.46090683155869,20.46090683155869,100.0
1710,0,22.910826311765035,22.910826311765035,100.0
1710,1,38.211193068869164,38.211193068869164,100.0
1710,2,38.8779806193658,38.8779806193658,100.0
1720,0,23.5906773223837,23.5906773223837,100.0
1720,1,52.6723092370657,52.6723092370657,100.0
1720,2,23.7370134405506,23.7370134405506,100.0
1730,0,23.7773256929014,23.7773256929014,100.0
1730,1,49.54421771035374,49.54421771035374,100.0
1730,2,26.678456596744855,26.678456596744855,100.0
1740,0,25.050599644515064,25.050599644515064,100.0
1740,1,46.66788141168953,46.66788141168953,100.0
1740,2,28.28151894379542,28.28151894379542,100.0
1750,0,26.05913638220739,26.05913638220739,100.0
1750,1,43.4188044791729,43.4188044791729,100.0
1750,2,30.522059138619717,30.522059138619717,100.0
1760,0,24.579773660594185,24.579773660594185,100.0
1760,1,53.251783692557034,53.251783692557034,100.0
1760,2,22.168442646848778,22.168442646848778,100.0
1770,0,22.65996710694723,22.65996710694723,100.0
1770,1,53.81705288310694,53.81705288310694,100.0
1770,2,23.522980009945833,23.522980009945833,100.0
1780,0,24.05368755835054,24.05368755835054,100.0
1780,1,56.314427646239714,56.314427646239714,100.0
1780,2,19.63188479540974,19.63188479540974,100.0
1790,0,22.255750043243253,22.255750043243253,100.0
1790,1,56.13415568839788,56.13415568839788,100.0
1790,2,21.610094268358875,21.610094268358875,100.0
1800,0,22.78710983472716,22.78710983472716,100.0
1800,1,55.29736385214284,55.29736385214284,100.0
1800,2,21.91552631313002,21.91552631313002,100.0
1810,0,24.70075701154032,24.70075701154032,100.0
1810,1,52.14349513360459,52.14349513360459,100.0
1810,2,23.155747854855097,23.155747854855097,100.0
1820,0,23.615769544722397,23.615769544722397,100.0
1820,1,55.864887805494,55.864887805494,100.0
1820,2,20.5193426497836,20.5193426497836,100.0
1830,0,24.765187163578474,24.765187163578474,100.0
1830,1,42.93287289312649,42.93287289312649,100.0
1830,2,32.30193994329504,32.30193994329504,100.0
1840,0,23.717096778134355,23.717096778134355,100.0
1840,1,43.21193783925127,43.21193783925127,100.0
1840,2,33.070965382614375,33.070965382614375,100.0
1850,0,24.257630894846816,24.257630894846816,100.0
1850,1,49.99613870985668,49.99613870985668,100.0
1850,2,25.746230395296504,25.746230395296504,100.0
1860,0,23.879902272831526,23.879902272831526,100.0
1860,1,50.32645083029497,50.32645083029497,100.0
1860,2,25.79364689687351,25.79364689687351,100.0
1870,0,28.18437178609972,28.18437178609972,100.0
1870,1,49.27969188092886,49.27969188092886,100.0
1870,2,22.535936332971414,22.535936332971414,100.0
1880,0,22.908029628707013,22.908029628707013,100.0
1880,1,54.69125998406752,54.69125998406752,100.0
1880,2,22.400710387225466,22.400710387225466,100.0
1890,0,22.804581330248396,22.804581330248396,100.0
1890,1,46.84654537006158,46.84654537006158,100.0
1890,2,30.34887329969002,30.34887329969002,100.0
1900,0,26.732129526353397,26.732129526353397,100.0
1900,1,50.617119954991495,50.617119954991495,100.0
1900,2,22.650750518655098,22.650750518655098,100.0
1910,0,24.47780753298197,24.47780753298197,100.0
1910,1,48.023548439992666,48.023548439992666,100.0
1910,2,27.498644027025364,27.498644027025364,100.0
1920,0,25.944808138667053,25.944808138667053,100.0
1920,1,46.44053386384163,46.44053386384163,100.0
1920,2,27.61465799749132,27.61465799749132,100.0
1930,0,21.710369816147228,21.710369816147228,100.0
1930,1,41.11994016214082,41.11994016214082,100.0
1930,2,37.16969002171195,37.16969002171195,100.0
1940,0,22.83565830240214,22.83565830240214,100.0
1940,1,54.86194976651375,54.86194976651375,100.0
1940,2,22.302391931084113,22.302391931084113,100.0
1950,0,22.940555907447724,22.940555907447724,100.0
1950,1,38.510983252482575,38.510983252482575,100.0
1950,2,38.5484608400697,38.5484608400697,100.0
1960,0,24.468131863131187,24.468131863131187,100.0
1960,1,54.244693822395675,54.244693822395675,100.0
1960,2,21.28717431447314,21.28717431447314,100.0
1970,0,24.3481862135206,24.3481862135206,100.0
1970,1,46.30594761438953,46.30594761438953,100.0
1970,2,29.345866172089874,29.345866172089874,100.0
1980,0,27.650525973930982,27.650525973930982,100.0
1980,1,50.83665910401488,50.83665910401488,100.0
1980,2,21.512814922054133,21.512814922054133,100.0
1990,0,25.710897411290023,25.710897411290023,100.0
1990,1,47.913542163530835,47.913542163530835,100.0
1990,2,26.375560425179145,26.375560425179145,100.0
2000,0,24.301817705283575,24.301817705283575,100.0
2000,1,49.41202367696621,49.41202367696621,100.0
2000,2,26.28615861775022,26.28615861775022,100.0
2010,0,24.681107607635745,24.681107607635745,100.0
2010,1,48.1865323438393,48.1865323438393,100.0
2010,2,27.13236004852495,27.13236004852495,100.0
2020,0,28.22057562153322,28.22057562153322,100.0
2020,1,39.531638968279026,39.531638968279026,100.0
2020,2,32.24778541018776,32.24778541018776,100.0
2030,0,23.924801038053385,23.924801038053385,100.0
2030,1,50.969731228369184,50.969731228369184,100.0
2030,2,25.105467733577434,25.105467733577434,100.0
