timestamp,sliceId,dedicatedPRB,minPRB,maxPRB
510,0,24.235291433930936,24.235291433930936,100.0
510,1,52.093108643939324,52.093108643939324,100.0
510,2,23.67159992212975,23.67159992212975,100.0
520,0,23.677837497801345,23.677837497801345,100.0
520,1,52.40113512999098,52.40113512999098,100.0
520,2,23.921027372207664,23.921027372207664,100.0
530,0,36.73702579519797,36.73702579519797,100.0
530,1,44.71483843627833,44.71483843627833,100.0
530,2,18.5481357685237,18.5481357685237,100.0
540,0,46.681073291643514,46.681073291643514,100.0
540,1,28.869228164873483,28.869228164873483,100.0
540,2,24.449698543483006,24.449698543483006,100.0
550,0,38.667556383752014,38.667556383752014,100.0
550,1,42.1452429898977,42.1452429898977,100.0
550,2,19.187200626350286,19.187200626350286,100.0
560,0,28.631877546389024,28.631877546389024,100.0
560,1,34.61757066564606,34.61757066564606,100.0
560,2,36.750551787964916,36.750551787964916,100.0
570,0,28.253966842316046,28.253966842316046,100.0
570,1,29.2299958524734,29.2299958524734,100.0
570,2,42.51603730521055,42.51603730521055,100.0
580,0,36.02406985647858,36.02406985647858,100.0
580,1,45.33935696030974,45.33935696030974,100.0
580,2,18.63657318321167,18.63657318321167,100.0
590,0,37.90349075231653,37.90349075231653,100.0
590,1,30.108011927380073,30.108011927380073,100.0
590,2,31.988497320303395,31.988497320303395,100.0
600,0,23.883039859330196,23.883039859330196,100.0
600,1,40.23069912490507,40.23069912490507,100.0
600,2,35.88626101576474,35.88626101576474,100.0
610,0,37.49091946566409,37.49091946566409,100.0
610,1,39.177099268304936,39.177099268304936,100.0
610,2,23.331981266030972,23.331981266030972,100.0
620,0,22.7412290115468,22.7412290115468,100.0
620,1,40.5727012500607,40.5727012500607,100.0
620,2,36.68606973839249,36.68606973839249,100.0
630,0,41.52907807451037,41.52907807451037,100.0
630,1,33.50225540091979,33.50225540091979,100.0
630,2,24.968666524569834,24.968666524569834,100.0
640,0,28.601176811114847,28.601176811114847,100.0
640,1,34.52544184271126,34.52544184271126,100.0
640,2,36.8733813461739,36.8733813461739,100.0
650,0,42.31156096825505,42.31156096825505,100.0
650,1,36.88613005999651,36.88613005999651,100.0
650,2,20.80230897174844,20.80230897174844,100.0
660,0,29.950982704122907,29.950982704122907,100.0
660,1,41.0776018310939,41.0776018310939,100.0
660,2,28.971415464783195,28.971415464783195,100.0
670,0,35.176026447772955,35.176026447772955,100.0
670,1,44.42653978607174,44.42653978607174,100.0
670,2,20.397433766155306,20.397433766155306,100.0
680,0,35.706744112198066,35.706744112198066,100.0
680,1,29.959206793105665,29.959206793105665,100.0
680,2,34.334049094696276,34.334049094696276,100.0
690,0,35.041585824164656,35.041585824164656,100.0
690,1,29.07449115841574,29.07449115841574,100.0
690,2,35.88392301741961,35.88392301741961,100.0
700,0,30.81667667643091,30.81667667643091,100.0
700,1,30.805867771487794,30.805867771487794,100.0
700,2,38.377455552081294,38.377455552081294,100.0
710,0,35.90535158137877,35.90535158137877,100.0
710,1,31.657392526653926,31.657392526653926,100.0
710,2,32.437255891967304,32.437255891967304,100.0
720,0,35.72892336048057,35.72892336048057,100.0
720,1,32.26283218052519,32.26283218052519,100.0
720,2,32.00824445899425,32.00824445899425,100.0
730,0,36.809395771744455,36.809395771744455,100.0
730,1,24.55149005032994,24.55149005032994,100.0
730,2,38.639114177925606,38.639114177925606,100.0
740,0,23.945292929752004,23.945292929752004,100.0
740,1,35.49469000580719,35.49469000580719,100.0
740,2,40.5600170644408,40.5600170644408,100.0
750,0,22.848875836793052,22.848875836793052,100.0
750,1,31.306231978560962,31.306231978560962,100.0
750,2,45.84489218464599,45.84489218464599,100.0
760,0,28.090615213634674,28.090615213634674,100.0
760,1,29.05853932222979,29.05853932222979,100.0
760,2,42.85084546413553,42.85084546413553,100.0
770,0,26.162457494200286,26.162457494200286,100.0
770,1,46.84206616039159,46.84206616039159,100.0
770,2,26.995476345408125,26.995476345408125,100.0
780,0,35.936279754325994,35.936279754325994,100.0
780,1,24.869804634476353,24.869804634476353,100.0
780,2,39.19391561119765,39.19391561119765,100.0
790,0,32.93571446724056,32.93571446724056,100.0
790,1,38.62482542591866,38.62482542591866,100.0
790,2,28.43946010684079,28.43946010684079,100.0
800,0,31.770819816423923,31.770819816423923,100.0
800,1,27.57245711936146,27.57245711936146,100.0
800,2,40.65672306421462,40.65672306421462,100.0
810,0,32.93439939200594,32.93439939200594,100.0
810,1,26.70170573563374,26.70170573563374,100.0
810,2,40.36389487236032,40.36389487236032,100.0
820,0,35.011566537585004,35.011566537585004,100.0
820,1,33.78383125375075,33.78383125375075,100.0
820,2,31.20460220866424,31.20460220866424,100.0
830,0,30.666458006341045,30.666458006341045,100.0
830,1,37.719896490140165,37.719896490140165,100.0
830,2,31.61364550351879,31.61364550351879,100.0
840,0,35.57071827001352,35.57071827001352,100.0
840,1,27.13116042029411,27.13116042029411,100.0
840,2,37.29812130969237,37.29812130969237,100.0
850,0,25.34786810251541,25.34786810251541,100.0
850,1,32.93521648461315,32.93521648461315,100.0
850,2,41.716915412871444,41.716915412871444,100.0
860,0,40.225192939816644,40.225192939816644,100.0
860,1,36.88744392414781,36.88744392414781,100.0
860,2,22.88736313603555,22.88736313603555,100.0
870,0,27.620905249985377,27.620905249985377,100.0
870,1,37.15192844631613,37.15192844631613,100.0
870,2,35.227166303698496,35.227166303698496,100.0
880,0,36.371881548742664,36.371881548742664,100.0
880,1,26.46461244532667,26.46461244532667,100.0
880,2,37.16350600593067,37.16350600593067,100.0
890,0,52.4073417634624,52.4073417634624,100.0
890,1,25.94837996224511,25.94837996224511,100.0
890,2,21.64427827429249,21.64427827429249,100.0
900,0,31.799874422103187,31.799874422103187,100.0
900,1,38.61488535372631,38.61488535372631,100.0
900,2,29.585240224170505,29.585240224170505,100.0
910,0,24.24851603587396,24.24851603587396,100.0
910,1,56.605198837438266,56.605198837438266,100.0
910,2,19.146285126687772,19.146285126687772,100.0
920,0,29.506582723570872,29.506582723570872,100.0
920,1,48.65703098137214,48.65703098137214,100.0
920,2,21.836386295056986,21.836386295056986,100.0
930,0,42.054309661241554,42.054309661241554,100.0
930,1,31.3250476592875,31.3250476592875,100.0
930,2,26.62064267947095,26.62064267947095,100.0
940,0,31.80743706253164,31.80743706253164,100.0
940,1,49.13709367547893,49.13709367547893,100.0
940,2,19.055469261989426,19.055469261989426,100.0
950,0,27.015123265179895,27.015123265179895,100.0
950,1,39.09949579967205,39.09949579967205,100.0
950,2,33.885380935148056,33.885380935148056,100.0
960,0,39.74462952655004,39.74462952655004,100.0
960,1,26.181956894522155,26.181956894522155,100.0
960,2,34.073413578927806,34.073413578927806,100.0
970,0,36.549580966609,36.549580966609,100.0
970,1,45.45029023034338,45.45029023034338,100.0
970,2,18.000128803047623,18.000128803047623,100.0
980,0,38.125341656572644,38.125341656572644,100.0
980,1,30.077711894263793,30.077711894263793,100.0
980,2,31.796946449163578,31.796946449163578,100.0
990,0,24.968054849870903,24.968054849870903,100.0
990,1,55.5152712481527,55.5152712481527,100.0
990,2,19.516673901976393,19.516673901976393,100.0
1000,0,28.478346000965672,28.478346000965672,100.0
1000,1,37.33016793068451,37.33016793068451,100.0
1000,2,34.19148606834982,34.19148606834982,100.0
1010,0,34.54374705697285,34.54374705697285,100.0
1010,1,36.05070609789752,36.05070609789752,100.0
1010,2,29.405546845129642,29.405546845129642,100.0
1020,0,25.391282616676982,25.391282616676982,100.0
1020,1,45.87125167061743,45.87125167061743,100.0
1020,2,28.73746571270559,28.73746571270559,100.0
1030,0,29.421241420967505,29.421241420967505,100.0
1030,1,45.5866505533547,45.5866505533547,100.0
1030,2,24.992108025677794,24.992108025677794,100.0
1040,0,48.735621950148996,48.735621950148996,100.0
1040,1,26.55536338149528,26.55536338149528,100.0
1040,2,24.70901466835572,24.70901466835572,100.0
1050,0,29.62078791889572,29.62078791889572,100.0
1050,1,44.158330721810856,44.158330721810856,100.0
1050,2,26.220881359293426,26.220881359293426,100.0
1060,0,32.14234588363599,32.14234588363599,100.0
1060,1,36.783665114488855,36.783665114488855,100.0
1060,2,31.07398900187516,31.07398900187516,100.0
1070,0,36.99818096359917,36.99818096359917,100.0
1070,1,31.776398393205064,31.776398393205064,100.0
1070,2,31.22542064319577,31.22542064319577,100.0
1080,0,31.573819079506766,31.573819079506766,100.0
1080,1,37.101311992378555,37.101311992378555,100.0
1080,2,31.324868928114686,31.324868928114686,100.0
1090,0,27.760677165314117,27.760677165314117,100.0
1090,1,45.90970931107011,45.90970931107011,100.0
1090,2,26.32961352361577,26.32961352361577,100.0
1100,0,36.75155197547619,36.75155197547619,100.0
1100,1,37.070970450553695,37.070970450553695,100.0
1100,2,26.17747757397011,26.17747757397011,100.0
1110,0,37.852209553628036,37.852209553628036,100.0
1110,1,44.34621210760907,44.34621210760907,100.0
1110,2,17.8015783387629,17.8015783387629,100.0
1120,0,31.493980187978586,31.493980187978586,100.0
1120,1,41.30937181440949,41.30937181440949,100.0
1120,2,27.196647997611922,27.196647997611922,100.0
1130,0,47.95199711734877,47.95199711734877,100.0
1130,1,30.050696664159233,30.050696664159233,100.0
1130,2,21.997306218492007,21.997306218492007,100.0
1140,0,28.295285093357307,28.295285093357307,100.0
1140,1,47.33400629504564,47.33400629504564,100.0
1140,2,24.370708611597053,24.370708611597053,100.0
1150,0,27.571073090875743,27.571073090875743,100.0
1150,1,53.305781731429306,53.305781731429306,100.0
1150,2,19.123145177694955,19.123145177694955,100.0
1160,0,27.902383151081562,27.902383151081562,100.0
1160,1,32.41965786594173,32.41965786594173,100.0
1160,2,39.677958982976705,39.677958982976705,100.0
1170,0,41.08497618935032,41.08497618935032,100.0
1170,1,28.70274070505232,28.70274070505232,100.0
1170,2,30.212283105597372,30.212283105597372,100.0
1180,0,46.97273183430465,46.97273183430465,100.0
1180,1,27.260031587569557,27.260031587569557,100.0
1180,2,25.7672365781258,25.7672365781258,100.0
1190,0,42.18463453653462,42.18463453653462,100.0
1190,1,33.988213150894765,33.988213150894765,100.0
1190,2,23.827152312570615,23.827152312570615,100.0
1200,0,24.6314122300399,24.6314122300399,100.0
1200,1,35.30312315324944,35.30312315324944,100.0
1200,2,40.065464616710656,40.065464616710656,100.0
1210,0,32.451237067100095,32.451237067100095,100.0
1210,1,40.72402683456566,40.72402683456566,100.0
1210,2,26.824736098334252,26.824736098334252,100.0
1220,0,25.730966257009896,25.730966257009896,100.0
1220,1,40.84906562026389,40.84906562026389,100.0
1220,2,33.419968122726225,33.419968122726225,100.0
1230,0,31.734652791353184,31.734652791353184,100.0
1230,1,32.56178424899744,32.56178424899744,100.0
1230,2,35.703562959649375,35.703562959649375,100.0
1240,0,28.830794766546013,28.830794766546013,100.0
1240,1,39.39760720401348,39.39760720401348,100.0
1240,2,31.77159802944051,31.77159802944051,100.0
1250,0,33.00840561895618,33.00840561895618,100.0
1250,1,42.6970068513604,42.6970068513604,100.0
1250,2,24.294587529683426,24.294587529683426,100.0
1260,0,23.85010444303626,23.85010444303626,100.0
1260,1,44.54638669947424,44.54638669947424,100.0
1260,2,31.603508857489505,31.603508857489505,100.0
1270,0,21.901612087233868,21.901612087233868,100.0
1270,1,35.73937852004799,35.73937852004799,100.0
1270,2,42.359009392718136,42.359009392718136,100.0
1280,0,23.71333588302033,23.71333588302033,100.0
1280,1,29.80749910097906,29.80749910097906,100.0
1280,2,46.4791650160006,46.4791650160006,100.0
1290,0,25.98447397946469,25.98447397946469,100.0
1290,1,43.592027948714374,43.592027948714374,100.0
1290,2,30.423498071820937,30.423498071820937,100.0
1300,0,30.737244851783906,30.737244851783906,100.0
1300,1,36.34653076987389,36.34653076987389,100.0
1300,2,32.916224378342214,32.916224378342214,100.0
1310,0,30.79014640451555,30.79014640451555,100.0
1310,1,44.088715936350084,44.088715936350084,100.0
1310,2,25.121137659134362,25.121137659134362,100.0
1320,0,31.513798622343792,31.513798622343792,100.0
1320,1,33.073558527009666,33.073558527009666,100.0
1320,2,35.412642850646556,35.412642850646556,100.0
1330,0,34.153543470317956,34.153543470317956,100.0
1330,1,35.74572545843972,35.74572545843972,100.0
1330,2,30.100731071242333,30.100731071242333,100.0
1340,0,35.46171112059452,35.46171112059452,100.0
1340,1,40.48864912182524,40.48864912182524,100.0
1340,2,24.049639757580245,24.049639757580245,100.0
1350,0,28.295138177965605,28.295138177965605,100.0
1350,1,46.59396986425048,46.59396986425048,100.0
1350,2,25.11089195778392,25.11089195778392,100.0
1360,0,23.331570266179437,23.331570266179437,100.0
1360,1,32.72467726033116,32.72467726033116,100.0
1360,2,43.9437524734894,43.9437524734894,100.0
1370,0,23.99300444446973,23.99300444446973,100.0
1370,1,42.33653601384002,42.33653601384002,100.0
1370,2,33.670459541690256,33.670459541690256,100.0
1380,0,25.420872973596392,25.420872973596392,100.0
1380,1,49.317807800107275,49.317807800107275,100.0
1380,2,25.26131922629633,25.26131922629633,100.0
1390,0,22.911513102884637,22.911513102884637,100.0
1390,1,52.356390713582115,52.356390713582115,100.0
1390,2,24.732096183533255,24.732096183533255,100.0
1400,0,27.422134663960225,27.422134663960225,100.0
1400,1,41.63973928129432,41.63973928129432,100.0
1400,2,30.938126054745464,30.938126054745464,100.0
1410,0,25.114719989497065,25.114719989497065,100.0
1410,1,45.874893194279466,45.874893194279466,100.0
1410,2,29.010386816223477,29.010386816223477,100.0
1420,0,25.62503823330279,25.62503823330279,100.0
1420,1,49.37614298245598,49.37614298245598,100.0
1420,2,24.998818784241234,24.998818784241234,100.0
1430,0,22.13634905763544,22.13634905763544,100.0
1430,1,36.827535479340334,36.827535479340334,100.0
1430,2,41.036115463024224,41.036115463024224,100.0
1440,0,27.592664259013855,27.592664259013855,100.0
1440,1,26.922871885779763,26.922871885779763,100.0
1440,2,45.48446385520638,45.48446385520638,100.0
1450,0,44.53481057575197,44.53481057575197,100.0
1450,1,26.450805547019705,26.450805547019705,100.0
1450,2,29.014383877228333,29.014383877228333,100.0
1460,0,26.003814299020128,26.003814299020128,100.0
1460,1,44.07824426572133,44.07824426572133,100.0
1460,2,29.917941435258545,29.917941435258545,100.0
1470,0,23.73225503957769,23.73225503957769,100.0
1470,1,39.51655343929652,39.51655343929652,100.0
1470,2,36.75119152112579,36.75119152112579,100.0
1480,0,25.742001428707656,25.742001428707656,100.0
1480,1,50.54380752641039,50.54380752641039,100.0
1480,2,23.71419104488196,23.71419104488196,100.0
1490,0,45.230990287409526,45.230990287409526,100.0
1490,1,32.92091437874631,32.92091437874631,100.0
1490,2,21.84809533384417,21.84809533384417,100.0
1500,0,33.8283452857277,33.8283452857277,100.0
1500,1,37.19849725001739,37.19849725001739,100.0
1500,2,28.97315746425491,28.97315746425491,100.0
