callId,timeMs,scenario,slot,bwpId,beamId,sliceId,rnti,bufQueueSize,dlTbSizeBefore,hasDemand,demandPassed,rbgAllocated,uniqueRbgs,tbSizeBytes,mcs,rank,numRbPerRbg,reason
1,503,normal,0,0,65535_65535,0,1,3069,0,0,1,0,0,0,15,1,1,pre_allocation
1,503,normal,0,0,65535_65535,0,1,3069,35,1,1,1,1,35,15,1,1,allocated
1,503,normal,0,0,65535_65535,0,2,3069,0,0,1,0,0,0,15,1,1,pre_allocation
1,503,normal,0,0,65535_65535,0,2,3069,35,1,1,1,1,35,15,1,1,allocated
1,503,normal,0,0,65535_65535,0,3,3069,0,0,1,0,0,0,15,1,1,pre_allocation
1,503,normal,0,0,65535_65535,0,3,3069,35,1,1,1,1,35,15,1,1,allocated
1,503,normal,0,0,65535_65535,0,4,3069,0,0,1,0,0,0,15,1,1,pre_allocation
1,503,normal,0,0,65535_65535,0,4,3069,35,1,1,1,1,35,15,1,1,allocated
1,503,normal,0,0,65535_65535,0,5,3069,0,0,1,0,0,0,15,1,1,pre_allocation
1,503,normal,0,0,65535_65535,0,5,3069,35,1,1,1,1,35,15,1,1,allocated
1,503,normal,0,0,65535_65535,0,1,3069,35,0,1,0,1,0,15,1,1,pre_allocation
1,503,normal,0,0,65535_65535,0,1,3069,74,1,1,1,2,74,15,1,1,allocated
1,503,normal,0,0,65535_65535,0,2,3069,35,0,1,0,1,0,15,1,1,pre_allocation
1,503,normal,0,0,65535_65535,0,2,3069,74,1,1,1,2,74,15,1,1,allocated
1,503,normal,0,0,65535_65535,0,3,3069,35,0,1,0,1,0,15,1,1,pre_allocation
1,503,normal,0,0,65535_65535,0,3,3069,74,1,1,1,2,74,15,1,1,allocated
1,503,normal,0,0,65535_65535,0,4,3069,35,0,1,0,1,0,15,1,1,pre_allocation
1,503,normal,0,0,65535_65535,0,4,3069,74,1,1,1,2,74,15,1,1,allocated
1,503,normal,0,0,65535_65535,0,5,3069,35,0,1,0,1,0,15,1,1,pre_allocation
1,503,normal,0,0,65535_65535,0,5,3069,74,1,1,1,2,74,15,1,1,allocated
1,503,normal,0,0,65535_65535,0,1,3069,74,0,1,0,2,0,15,1,1,pre_allocation
1,503,normal,0,0,65535_65535,0,1,3069,112,1,1,1,3,112,15,1,1,allocated
1,503,normal,0,0,65535_65535,0,2,3069,74,0,1,0,2,0,15,1,1,pre_allocation
1,503,normal,0,0,65535_65535,0,2,3069,112,1,1,1,3,112,15,1,1,allocated
1,503,normal,0,0,65535_65535,0,3,3069,74,0,1,0,2,0,15,1,1,pre_allocation
1,503,normal,0,0,65535_65535,0,3,3069,112,1,1,1,3,112,15,1,1,allocated
1,503,normal,0,0,65535_65535,0,4,3069,74,0,1,0,2,0,15,1,1,pre_allocation
1,503,normal,0,0,65535_65535,0,4,3069,112,1,1,1,3,112,15,1,1,allocated
1,503,normal,0,0,65535_65535,0,5,3069,74,0,1,0,2,0,15,1,1,pre_allocation
1,503,normal,0,0,65535_65535,0,5,3069,112,1,1,1,3,112,15,1,1,allocated
1,503,normal,0,0,65535_65535,0,1,3069,112,0,1,0,3,0,15,1,1,pre_allocation
1,503,normal,0,0,65535_65535,0,1,3069,151,1,1,1,4,151,15,1,1,allocated
1,503,normal,0,0,65535_65535,0,2,3069,112,0,1,0,3,0,15,1,1,pre_allocation
1,503,normal,0,0,65535_65535,0,2,3069,151,1,1,1,4,151,15,1,1,allocated
1,503,normal,0,0,65535_65535,0,3,3069,112,0,1,0,3,0,15,1,1,pre_allocation
1,503,normal,0,0,65535_65535,0,3,3069,151,1,1,1,4,151,15,1,1,allocated
1,503,normal,0,0,65535_65535,0,4,3069,112,0,1,0,3,0,15,1,1,pre_allocation
1,503,normal,0,0,65535_65535,0,4,3069,151,1,1,1,4,151,15,1,1,allocated
1,503,normal,0,0,65535_65535,0,5,3069,112,0,1,0,3,0,15,1,1,pre_allocation
1,503,normal,0,0,65535_65535,0,5,3069,151,1,1,1,4,151,15,1,1,allocated
1,503,normal,0,0,65535_65535,0,1,3069,151,0,1,0,4,0,15,1,1,pre_allocation
1,503,normal,0,0,65535_65535,0,1,3069,190,1,1,1,5,190,15,1,1,allocated
1,503,normal,0,0,65535_65535,0,2,3069,151,0,1,0,4,0,15,1,1,pre_allocation
1,503,normal,0,0,65535_65535,0,2,3069,190,1,1,1,5,190,15,1,1,allocated
1,503,normal,0,0,65535_65535,0,3,3069,151,0,1,0,4,0,15,1,1,pre_allocation
1,503,normal,0,0,65535_65535,0,3,3069,190,1,1,1,5,190,15,1,1,allocated
1,503,normal,0,0,65535_65535,0,4,3069,151,0,1,0,4,0,15,1,1,pre_allocation
1,503,normal,0,0,65535_65535,0,4,3069,190,1,1,1,5,190,15,1,1,allocated
1,503,normal,0,0,65535_65535,0,5,3069,151,0,1,0,4,0,15,1,1,pre_allocation
1,503,normal,0,0,65535_65535,0,5,3069,190,1,1,1,5,190,15,1,1,allocated
1,503,normal,0,0,65535_65535,0,1,3069,190,0,1,0,5,0,15,1,1,pre_allocation
1,503,normal,0,0,65535_65535,0,1,3069,228,1,1,1,6,228,15,1,1,allocated
1,503,normal,0,0,65535_65535,0,2,3069,190,0,1,0,5,0,15,1,1,pre_allocation
1,503,normal,0,0,65535_65535,0,2,3069,228,1,1,1,6,228,15,1,1,allocated
1,503,normal,0,0,65535_65535,0,3,3069,190,0,1,0,5,0,15,1,1,pre_allocation
1,503,normal,0,0,65535_65535,0,3,3069,228,1,1,1,6,228,15,1,1,allocated
1,503,normal,0,0,65535_65535,0,4,3069,190,0,1,0,5,0,15,1,1,pre_allocation
1,503,normal,0,0,65535_65535,0,4,3069,228,1,1,1,6,228,15,1,1,allocated
1,503,normal,0,0,65535_65535,0,5,3069,190,0,1,0,5,0,15,1,1,pre_allocation
1,503,normal,0,0,65535_65535,0,5,3069,228,1,1,1,6,228,15,1,1,allocated
1,503,normal,0,0,65535_65535,0,1,3069,228,0,1,0,6,0,15,1,1,pre_allocation
1,503,normal,0,0,65535_65535,0,1,3069,267,1,1,1,7,267,15,1,1,allocated
1,503,normal,0,0,65535_65535,0,2,3069,228,0,1,0,6,0,15,1,1,pre_allocation
1,503,normal,0,0,65535_65535,0,2,3069,267,1,1,1,7,267,15,1,1,allocated
1,503,normal,0,0,65535_65535,0,3,3069,228,0,1,0,6,0,15,1,1,pre_allocation
1,503,normal,0,0,65535_65535,0,3,3069,267,1,1,1,7,267,15,1,1,allocated
1,503,normal,0,0,65535_65535,0,4,3069,228,0,1,0,6,0,15,1,1,pre_allocation
1,503,normal,0,0,65535_65535,0,4,3069,267,1,1,1,7,267,15,1,1,allocated
1,503,normal,0,0,65535_65535,0,5,3069,228,0,1,0,6,0,15,1,1,pre_allocation
1,503,normal,0,0,65535_65535,0,5,3069,267,1,1,1,7,267,15,1,1,allocated
1,503,normal,0,0,65535_65535,0,1,3069,267,0,1,0,7,0,15,1,1,pre_allocation
1,503,normal,0,0,65535_65535,0,1,3069,305,1,1,1,8,305,15,1,1,allocated
1,503,normal,0,0,65535_65535,0,2,3069,267,0,1,0,7,0,15,1,1,pre_allocation
1,503,normal,0,0,65535_65535,0,2,3069,305,1,1,1,8,305,15,1,1,allocated
1,503,normal,0,0,65535_65535,0,3,3069,267,0,1,0,7,0,15,1,1,pre_allocation
1,503,normal,0,0,65535_65535,0,3,3069,305,1,1,1,8,305,15,1,1,allocated
1,503,normal,0,0,65535_65535,0,4,3069,267,0,1,0,7,0,15,1,1,pre_allocation
1,503,normal,0,0,65535_65535,0,4,3069,305,1,1,1,8,305,15,1,1,allocated
1,503,normal,0,0,65535_65535,0,5,3069,267,0,1,0,7,0,15,1,1,pre_allocation
1,503,normal,0,0,65535_65535,0,5,3069,305,1,1,1,8,305,15,1,1,allocated
1,503,normal,0,0,65535_65535,0,1,3069,305,0,1,0,8,0,15,1,1,pre_allocation
1,503,normal,0,0,65535_65535,0,1,3069,344,1,1,1,9,344,15,1,1,allocated
1,503,normal,0,0,65535_65535,0,2,3069,305,0,1,0,8,0,15,1,1,pre_allocation
1,503,normal,0,0,65535_65535,0,2,3069,344,1,1,1,9,344,15,1,1,allocated
1,503,normal,0,0,65535_65535,0,3,3069,305,0,1,0,8,0,15,1,1,pre_allocation
1,503,normal,0,0,65535_65535,0,3,3069,344,1,1,1,9,344,15,1,1,allocated
1,503,normal,0,0,65535_65535,0,4,3069,305,0,1,0,8,0,15,1,1,pre_allocation
1,503,normal,0,0,65535_65535,0,4,3069,344,1,1,1,9,344,15,1,1,allocated
1,503,normal,0,0,65535_65535,0,5,3069,305,0,1,0,8,0,15,1,1,pre_allocation
1,503,normal,0,0,65535_65535,0,5,3069,344,1,1,1,9,344,15,1,1,allocated
1,503,normal,0,0,65535_65535,0,1,3069,344,0,1,0,9,0,15,1,1,pre_allocation
1,503,normal,0,0,65535_65535,0,1,3069,383,1,1,1,10,383,15,1,1,allocated
1,503,normal,0,0,65535_65535,0,2,3069,344,0,1,0,9,0,15,1,1,pre_allocation
1,503,normal,0,0,65535_65535,0,2,3069,383,1,1,1,10,383,15,1,1,allocated
1,503,normal,0,0,65535_65535,0,3,3069,344,0,1,0,9,0,15,1,1,pre_allocation
1,503,normal,0,0,65535_65535,0,3,3069,383,1,1,1,10,383,15,1,1,allocated
1,503,normal,0,0,65535_65535,0,4,3069,344,0,1,0,9,0,15,1,1,pre_allocation
1,503,normal,0,0,65535_65535,0,4,3069,383,1,1,1,10,383,15,1,1,allocated
1,503,normal,0,0,65535_65535,0,5,3069,344,0,1,0,9,0,15,1,1,pre_allocation
1,503,normal,0,0,65535_65535,0,5,3069,383,1,1,1,10,383,15,1,1,allocated
1,503,normal,0,0,65535_65535,0,1,3069,383,0,1,0,10,0,15,1,1,pre_allocation
1,503,normal,0,0,65535_65535,0,1,3069,421,1,1,1,11,421,15,1,1,allocated
1,503,normal,0,0,65535_65535,0,2,3069,383,0,1,0,10,0,15,1,1,pre_allocation
1,503,normal,0,0,65535_65535,0,2,3069,421,1,1,1,11,421,15,1,1,allocated
1,503,normal,0,0,65535_65535,0,3,3069,383,0,1,0,10,0,15,1,1,pre_allocation
1,503,normal,0,0,65535_65535,0,3,3069,421,1,1,1,11,421,15,1,1,allocated
1,503,normal,0,0,65535_65535,0,4,3069,383,0,1,0,10,0,15,1,1,pre_allocation
1,503,normal,0,0,65535_65535,0,4,3069,421,1,1,1,11,421,15,1,1,allocated
1,503,normal,0,0,65535_65535,0,5,3069,383,0,1,0,10,0,15,1,1,pre_allocation
1,503,normal,0,0,65535_65535,0,5,3069,421,1,1,1,11,421,15,1,1,allocated
1,503,normal,0,0,65535_65535,0,1,3069,421,0,1,0,11,0,15,1,1,pre_allocation
1,503,normal,0,0,65535_65535,0,1,3069,460,1,1,1,12,460,15,1,1,allocated
1,503,normal,0,0,65535_65535,0,2,3069,421,0,1,0,11,0,15,1,1,pre_allocation
1,503,normal,0,0,65535_65535,0,2,3069,460,1,1,1,12,460,15,1,1,allocated
1,503,normal,0,0,65535_65535,0,3,3069,421,0,1,0,11,0,15,1,1,pre_allocation
1,503,normal,0,0,65535_65535,0,3,3069,460,1,1,1,12,460,15,1,1,allocated
1,503,normal,0,0,65535_65535,0,4,3069,421,0,1,0,11,0,15,1,1,pre_allocation
1,503,normal,0,0,65535_65535,0,4,3069,460,1,1,1,12,460,15,1,1,allocated
1,503,normal,0,0,65535_65535,0,5,3069,421,0,1,0,11,0,15,1,1,pre_allocation
1,503,normal,0,0,65535_65535,0,5,3069,460,1,1,1,12,460,15,1,1,allocated
1,503,normal,0,0,65535_65535,0,1,3069,460,0,1,0,12,0,15,1,1,pre_allocation
1,503,normal,0,0,65535_65535,0,1,3069,498,1,1,1,13,498,15,1,1,allocated
1,503,normal,0,0,65535_65535,0,2,3069,460,0,1,0,12,0,15,1,1,pre_allocation
1,503,normal,0,0,65535_65535,0,2,3069,498,1,1,1,13,498,15,1,1,allocated
1,503,normal,0,0,65535_65535,0,3,3069,460,0,1,0,12,0,15,1,1,pre_allocation
1,503,normal,0,0,65535_65535,0,3,3069,498,1,1,1,13,498,15,1,1,allocated
1,503,normal,0,0,65535_65535,0,4,3069,460,0,1,0,12,0,15,1,1,pre_allocation
1,503,normal,0,0,65535_65535,0,4,3069,498,1,1,1,13,498,15,1,1,allocated
1,503,normal,0,0,65535_65535,0,5,3069,460,0,1,0,12,0,15,1,1,pre_allocation
1,503,normal,0,0,65535_65535,0,5,3069,498,1,1,1,13,498,15,1,1,allocated
1,503,normal,0,0,65535_65535,0,1,3069,498,0,1,0,13,0,15,1,1,pre_allocation
1,503,normal,0,0,65535_65535,0,1,3069,537,1,1,1,14,537,15,1,1,allocated
1,503,normal,0,0,65535_65535,0,2,3069,498,0,1,0,13,0,15,1,1,pre_allocation
1,503,normal,0,0,65535_65535,0,2,3069,537,1,1,1,14,537,15,1,1,allocated
1,503,normal,0,0,65535_65535,0,3,3069,498,0,1,0,13,0,15,1,1,pre_allocation
1,503,normal,0,0,65535_65535,0,3,3069,537,1,1,1,14,537,15,1,1,allocated
1,503,normal,0,0,65535_65535,0,4,3069,498,0,1,0,13,0,15,1,1,pre_allocation
1,503,normal,0,0,65535_65535,0,4,3069,537,1,1,1,14,537,15,1,1,allocated
1,503,normal,0,0,65535_65535,0,5,3069,498,0,1,0,13,0,15,1,1,pre_allocation
1,503,normal,0,0,65535_65535,0,5,3069,537,1,1,1,14,537,15,1,1,allocated
1,503,normal,0,0,65535_65535,0,1,3069,537,0,1,0,14,0,15,1,1,pre_allocation
1,503,normal,0,0,65535_65535,0,1,3069,576,1,1,1,15,576,15,1,1,allocated
1,503,normal,0,0,65535_65535,0,2,3069,537,0,1,0,14,0,15,1,1,pre_allocation
1,503,normal,0,0,65535_65535,0,2,3069,576,1,1,1,15,576,15,1,1,allocated
1,503,normal,0,0,65535_65535,0,3,3069,537,0,1,0,14,0,15,1,1,pre_allocation
1,503,normal,0,0,65535_65535,0,3,3069,576,1,1,1,15,576,15,1,1,allocated
1,503,normal,0,0,65535_65535,0,4,3069,537,0,1,0,14,0,15,1,1,pre_allocation
1,503,normal,0,0,65535_65535,0,4,3069,576,1,1,1,15,576,15,1,1,allocated
1,503,normal,0,0,65535_65535,0,5,3069,537,0,1,0,14,0,15,1,1,pre_allocation
1,503,normal,0,0,65535_65535,0,5,3069,576,1,1,1,15,576,15,1,1,allocated
1,503,normal,0,0,65535_65535,0,1,3069,576,0,1,0,15,0,15,1,1,pre_allocation
1,503,normal,0,0,65535_65535,0,1,3069,614,1,1,1,16,614,15,1,1,allocated
1,503,normal,0,0,65535_65535,0,2,3069,576,0,1,0,15,0,15,1,1,pre_allocation
1,503,normal,0,0,65535_65535,0,2,3069,614,1,1,1,16,614,15,1,1,allocated
1,503,normal,0,0,65535_65535,0,3,3069,576,0,1,0,15,0,15,1,1,pre_allocation
1,503,normal,0,0,65535_65535,0,3,3069,614,1,1,1,16,614,15,1,1,allocated
1,503,normal,0,0,65535_65535,0,4,3069,576,0,1,0,15,0,15,1,1,pre_allocation
1,503,normal,0,0,65535_65535,0,4,3069,614,1,1,1,16,614,15,1,1,allocated
1,503,normal,0,0,65535_65535,0,5,3069,576,0,1,0,15,0,15,1,1,pre_allocation
1,503,normal,0,0,65535_65535,0,5,3069,614,1,1,1,16,614,15,1,1,allocated
1,503,normal,0,0,65535_65535,0,1,3069,614,0,1,0,16,0,15,1,1,pre_allocation
1,503,normal,0,0,65535_65535,0,1,3069,653,1,1,1,17,653,15,1,1,allocated
1,503,normal,0,0,65535_65535,0,2,3069,614,0,1,0,16,0,15,1,1,pre_allocation
1,503,normal,0,0,65535_65535,0,2,3069,653,1,1,1,17,653,15,1,1,allocated
1,503,normal,0,0,65535_65535,0,3,3069,614,0,1,0,16,0,15,1,1,pre_allocation
1,503,normal,0,0,65535_65535,0,3,3069,653,1,1,1,17,653,15,1,1,allocated
1,503,normal,0,0,65535_65535,0,4,3069,614,0,1,0,16,0,15,1,1,pre_allocation
1,503,normal,0,0,65535_65535,0,4,3069,653,1,1,1,17,653,15,1,1,allocated
1,503,normal,0,0,65535_65535,0,5,3069,614,0,1,0,16,0,15,1,1,pre_allocation
1,503,normal,0,0,65535_65535,0,5,3069,653,1,1,1,17,653,15,1,1,allocated
1,503,normal,0,0,65535_65535,0,1,3069,653,0,1,0,17,0,15,1,1,pre_allocation
1,503,normal,0,0,65535_65535,0,1,3069,691,1,1,1,18,691,15,1,1,allocated
1,503,normal,0,0,65535_65535,0,2,3069,653,0,1,0,17,0,15,1,1,pre_allocation
1,503,normal,0,0,65535_65535,0,2,3069,691,1,1,1,18,691,15,1,1,allocated
1,503,normal,0,0,65535_65535,0,3,3069,653,0,1,0,17,0,15,1,1,pre_allocation
1,503,normal,0,0,65535_65535,0,3,3069,691,1,1,1,18,691,15,1,1,allocated
1,503,normal,0,0,65535_65535,0,4,3069,653,0,1,0,17,0,15,1,1,pre_allocation
1,503,normal,0,0,65535_65535,0,4,3069,691,1,1,1,18,691,15,1,1,allocated
1,503,normal,0,0,65535_65535,0,5,3069,653,0,1,0,17,0,15,1,1,pre_allocation
1,503,normal,0,0,65535_65535,0,5,3069,691,1,1,1,18,691,15,1,1,allocated
1,503,normal,0,0,65535_65535,0,1,3069,691,0,1,0,18,0,15,1,1,pre_allocation
1,503,normal,0,0,65535_65535,0,1,3069,730,1,1,1,19,730,15,1,1,allocated
1,503,normal,0,0,65535_65535,0,2,3069,691,0,1,0,18,0,15,1,1,pre_allocation
1,503,normal,0,0,65535_65535,0,2,3069,730,1,1,1,19,730,15,1,1,allocated
1,503,normal,0,0,65535_65535,0,3,3069,691,0,1,0,18,0,15,1,1,pre_allocation
1,503,normal,0,0,65535_65535,0,3,3069,730,1,1,1,19,730,15,1,1,allocated
1,503,normal,0,0,65535_65535,0,4,3069,691,0,1,0,18,0,15,1,1,pre_allocation
1,503,normal,0,0,65535_65535,0,4,3069,730,1,1,1,19,730,15,1,1,allocated
1,503,normal,0,0,65535_65535,0,5,3069,691,0,1,0,18,0,15,1,1,pre_allocation
1,503,normal,0,0,65535_65535,0,5,3069,730,1,1,1,19,730,15,1,1,allocated
1,503,normal,0,0,65535_65535,0,1,3069,730,0,1,0,19,0,15,1,1,pre_allocation
1,503,normal,0,0,65535_65535,0,1,3069,769,1,1,1,20,769,15,1,1,allocated
1,503,normal,0,0,65535_65535,0,2,3069,730,0,1,0,19,0,15,1,1,pre_allocation
1,503,normal,0,0,65535_65535,0,2,3069,769,1,1,1,20,769,15,1,1,allocated
1,503,normal,0,0,65535_65535,0,3,3069,730,0,1,0,19,0,15,1,1,pre_allocation
1,503,normal,0,0,65535_65535,0,3,3069,769,1,1,1,20,769,15,1,1,allocated
1,503,normal,0,0,65535_65535,0,4,3069,730,0,1,0,19,0,15,1,1,pre_allocation
1,503,normal,0,0,65535_65535,0,4,3069,769,1,1,1,20,769,15,1,1,allocated
1,503,normal,0,0,65535_65535,0,5,3069,730,0,1,0,19,0,15,1,1,pre_allocation
1,503,normal,0,0,65535_65535,0,5,3069,769,1,1,1,20,769,15,1,1,allocated
1,503,normal,0,0,65535_65535,0,1,3069,769,0,1,0,20,0,15,1,1,pre_allocation
1,503,normal,0,0,65535_65535,0,1,3069,807,1,1,1,21,807,15,1,1,allocated
1,503,normal,0,0,65535_65535,0,2,3069,769,0,1,0,20,0,15,1,1,pre_allocation
1,503,normal,0,0,65535_65535,0,2,3069,807,1,1,1,21,807,15,1,1,allocated
1,503,normal,0,0,65535_65535,0,3,3069,769,0,1,0,20,0,15,1,1,pre_allocation
1,503,normal,0,0,65535_65535,0,3,3069,807,1,1,1,21,807,15,1,1,allocated
1,503,normal,0,0,65535_65535,0,4,3069,769,0,1,0,20,0,15,1,1,pre_allocation
1,503,normal,0,0,65535_65535,0,4,3069,807,1,1,1,21,807,15,1,1,allocated
1,503,normal,0,0,65535_65535,0,5,3069,769,0,1,0,20,0,15,1,1,pre_allocation
1,503,normal,0,0,65535_65535,0,5,3069,807,1,1,1,21,807,15,1,1,allocated
1,503,normal,0,0,65535_65535,0,1,3069,807,0,1,0,21,0,15,1,1,pre_allocation
1,503,normal,0,0,65535_65535,0,1,3069,846,1,1,1,22,846,15,1,1,allocated
1,503,normal,0,0,65535_65535,0,2,3069,807,0,1,0,21,0,15,1,1,pre_allocation
1,503,normal,0,0,65535_65535,0,2,3069,846,1,1,1,22,846,15,1,1,allocated
1,503,normal,0,0,65535_65535,0,3,3069,807,0,1,0,21,0,15,1,1,pre_allocation
1,503,normal,0,0,65535_65535,0,3,3069,846,1,1,1,22,846,15,1,1,allocated
1,503,normal,0,0,65535_65535,0,4,3069,807,0,1,0,21,0,15,1,1,pre_allocation
1,503,normal,0,0,65535_65535,0,4,3069,846,1,1,1,22,846,15,1,1,allocated
1,503,normal,0,0,65535_65535,0,5,3069,807,0,1,0,21,0,15,1,1,pre_allocation
1,503,normal,0,0,65535_65535,0,5,3069,846,1,1,1,22,846,15,1,1,allocated
1,503,normal,0,0,65535_65535,0,1,3069,846,0,1,0,22,0,15,1,1,pre_allocation
1,503,normal,0,0,65535_65535,0,1,3069,885,1,1,1,23,885,15,1,1,allocated
1,503,normal,0,0,65535_65535,0,2,3069,846,0,1,0,22,0,15,1,1,pre_allocation
1,503,normal,0,0,65535_65535,0,2,3069,885,1,1,1,23,885,15,1,1,allocated
1,503,normal,0,0,65535_65535,0,3,3069,846,0,1,0,22,0,15,1,1,pre_allocation
1,503,normal,0,0,65535_65535,0,3,3069,885,1,1,1,23,885,15,1,1,allocated
1,503,normal,0,0,65535_65535,0,4,3069,846,0,1,0,22,0,15,1,1,pre_allocation
1,503,normal,0,0,65535_65535,0,4,3069,885,1,1,1,23,885,15,1,1,allocated
1,503,normal,0,0,65535_65535,0,5,3069,846,0,1,0,22,0,15,1,1,pre_allocation
1,503,normal,0,0,65535_65535,0,5,3069,885,1,1,1,23,885,15,1,1,allocated
1,503,normal,0,0,65535_65535,0,1,3069,885,0,1,0,23,0,15,1,1,pre_allocation
1,503,normal,0,0,65535_65535,0,1,3069,923,1,1,1,24,923,15,1,1,allocated
1,503,normal,0,0,65535_65535,0,2,3069,885,0,1,0,23,0,15,1,1,pre_allocation
1,503,normal,0,0,65535_65535,0,2,3069,923,1,1,1,24,923,15,1,1,allocated
1,503,normal,0,0,65535_65535,0,3,3069,885,0,1,0,23,0,15,1,1,pre_allocation
1,503,normal,0,0,65535_65535,0,3,3069,923,1,1,1,24,923,15,1,1,allocated
1,503,normal,0,0,65535_65535,0,4,3069,885,0,1,0,23,0,15,1,1,pre_allocation
1,503,normal,0,0,65535_65535,0,4,3069,923,1,1,1,24,923,15,1,1,allocated
1,503,normal,0,0,65535_65535,0,5,3069,885,0,1,0,23,0,15,1,1,pre_allocation
1,503,normal,0,0,65535_65535,0,5,3069,923,1,1,1,24,923,15,1,1,allocated
1,503,normal,0,0,65535_65535,0,1,3069,923,0,1,0,24,0,15,1,1,pre_allocation
1,503,normal,0,0,65535_65535,0,1,3069,962,1,1,1,25,962,15,1,1,allocated
1,503,normal,0,0,65535_65535,0,2,3069,923,0,1,0,24,0,15,1,1,pre_allocation
1,503,normal,0,0,65535_65535,0,2,3069,962,1,1,1,25,962,15,1,1,allocated
1,503,normal,0,0,65535_65535,0,3,3069,923,0,1,0,24,0,15,1,1,pre_allocation
1,503,normal,0,0,65535_65535,0,3,3069,962,1,1,1,25,962,15,1,1,allocated
1,503,normal,0,0,65535_65535,0,4,3069,923,0,1,0,24,0,15,1,1,pre_allocation
1,503,normal,0,0,65535_65535,0,4,3069,962,1,1,1,25,962,15,1,1,allocated
1,503,normal,0,0,65535_65535,0,5,3069,923,0,1,0,24,0,15,1,1,pre_allocation
1,503,normal,0,0,65535_65535,0,5,3069,962,1,1,1,25,962,15,1,1,allocated
1,503,normal,0,0,65535_65535,0,1,3069,962,0,1,0,25,0,15,1,1,pre_allocation
1,503,normal,0,0,65535_65535,0,1,3069,1000,1,1,1,26,1000,15,1,1,allocated
1,503,normal,0,0,65535_65535,0,2,3069,962,0,1,0,25,0,15,1,1,pre_allocation
1,503,normal,0,0,65535_65535,0,2,3069,1000,1,1,1,26,1000,15,1,1,allocated
1,503,normal,0,0,65535_65535,0,3,3069,962,0,1,0,25,0,15,1,1,pre_allocation
1,503,normal,0,0,65535_65535,0,3,3069,1000,1,1,1,26,1000,15,1,1,allocated
1,503,normal,0,0,65535_65535,0,4,3069,962,0,1,0,25,0,15,1,1,pre_allocation
1,503,normal,0,0,65535_65535,0,4,3069,1000,1,1,1,26,1000,15,1,1,allocated
1,503,normal,0,0,65535_65535,0,5,3069,962,0,1,0,25,0,15,1,1,pre_allocation
1,503,normal,0,0,65535_65535,0,5,3069,1000,1,1,1,26,1000,15,1,1,allocated
1,503,normal,0,0,65535_65535,0,1,3069,1000,0,1,0,26,0,15,1,1,pre_allocation
1,503,normal,0,0,65535_65535,0,1,3069,1039,1,1,1,27,1039,15,1,1,allocated
1,503,normal,0,0,65535_65535,0,2,3069,1000,0,1,0,26,0,15,1,1,pre_allocation
1,503,normal,0,0,65535_65535,0,2,3069,1039,1,1,1,27,1039,15,1,1,allocated
1,503,normal,0,0,65535_65535,0,3,3069,1000,0,1,0,26,0,15,1,1,pre_allocation
1,503,normal,0,0,65535_65535,0,3,3069,1039,1,1,1,27,1039,15,1,1,allocated
1,503,normal,0,0,65535_65535,0,4,3069,1000,0,1,0,26,0,15,1,1,pre_allocation
1,503,normal,0,0,65535_65535,0,4,3069,1039,1,1,1,27,1039,15,1,1,allocated
1,503,normal,0,0,65535_65535,0,5,3069,1000,0,1,0,26,0,15,1,1,pre_allocation
1,503,normal,0,0,65535_65535,0,5,3069,1039,1,1,1,27,1039,15,1,1,allocated
1,503,normal,0,0,65535_65535,0,1,3069,1039,0,1,0,27,0,15,1,1,pre_allocation
1,503,normal,0,0,65535_65535,0,1,3069,1078,1,1,1,28,1078,15,1,1,allocated
1,503,normal,0,0,65535_65535,0,2,3069,1039,0,1,0,27,0,15,1,1,pre_allocation
1,503,normal,0,0,65535_65535,0,2,3069,1078,1,1,1,28,1078,15,1,1,allocated
1,503,normal,0,0,65535_65535,0,3,3069,1039,0,1,0,27,0,15,1,1,pre_allocation
1,503,normal,0,0,65535_65535,0,3,3069,1078,1,1,1,28,1078,15,1,1,allocated
1,503,normal,0,0,65535_65535,0,4,3069,1039,0,1,0,27,0,15,1,1,pre_allocation
1,503,normal,0,0,65535_65535,0,4,3069,1078,1,1,1,28,1078,15,1,1,allocated
1,503,normal,0,0,65535_65535,0,5,3069,1039,0,1,0,27,0,15,1,1,pre_allocation
1,503,normal,0,0,65535_65535,0,5,3069,1078,1,1,1,28,1078,15,1,1,allocated
1,503,normal,0,0,65535_65535,0,1,3069,1078,0,1,0,28,0,15,1,1,pre_allocation
1,503,normal,0,0,65535_65535,0,1,3069,1116,1,1,1,29,1116,15,1,1,allocated
1,503,normal,0,0,65535_65535,0,2,3069,1078,0,1,0,28,0,15,1,1,pre_allocation
1,503,normal,0,0,65535_65535,0,2,3069,1116,1,1,1,29,1116,15,1,1,allocated
1,503,normal,0,0,65535_65535,0,3,3069,1078,0,1,0,28,0,15,1,1,pre_allocation
1,503,normal,0,0,65535_65535,0,3,3069,1116,1,1,1,29,1116,15,1,1,allocated
1,503,normal,0,0,65535_65535,0,4,3069,1078,0,1,0,28,0,15,1,1,pre_allocation
1,503,normal,0,0,65535_65535,0,4,3069,1116,1,1,1,29,1116,15,1,1,allocated
1,503,normal,0,0,65535_65535,0,5,3069,1078,0,1,0,28,0,15,1,1,pre_allocation
1,503,normal,0,0,65535_65535,0,5,3069,1116,1,1,1,29,1116,15,1,1,allocated
1,503,normal,0,0,65535_65535,0,1,3069,1116,0,1,0,29,0,15,1,1,pre_allocation
1,503,normal,0,0,65535_65535,0,1,3069,1155,1,1,1,30,1155,15,1,1,allocated
1,503,normal,0,0,65535_65535,0,2,3069,1116,0,1,0,29,0,15,1,1,pre_allocation
1,503,normal,0,0,65535_65535,0,2,3069,1155,1,1,1,30,1155,15,1,1,allocated
1,503,normal,0,0,65535_65535,0,3,3069,1116,0,1,0,29,0,15,1,1,pre_allocation
1,503,normal,0,0,65535_65535,0,3,3069,1155,1,1,1,30,1155,15,1,1,allocated
1,503,normal,0,0,65535_65535,0,4,3069,1116,0,1,0,29,0,15,1,1,pre_allocation
1,503,normal,0,0,65535_65535,0,4,3069,1155,1,1,1,30,1155,15,1,1,allocated
1,503,normal,0,0,65535_65535,0,5,3069,1116,0,1,0,29,0,15,1,1,pre_allocation
1,503,normal,0,0,65535_65535,0,5,3069,1155,1,1,1,30,1155,15,1,1,allocated
1,503,normal,0,0,65535_65535,0,1,3069,1155,0,1,0,30,0,15,1,1,pre_allocation
1,503,normal,0,0,65535_65535,0,1,3069,1193,1,1,1,31,1193,15,1,1,allocated
1,503,normal,0,0,65535_65535,0,2,3069,1155,0,1,0,30,0,15,1,1,pre_allocation
1,503,normal,0,0,65535_65535,0,2,3069,1193,1,1,1,31,1193,15,1,1,allocated
1,503,normal,0,0,65535_65535,0,3,3069,1155,0,1,0,30,0,15,1,1,pre_allocation
1,503,normal,0,0,65535_65535,0,3,3069,1193,1,1,1,31,1193,15,1,1,allocated
1,503,normal,0,0,65535_65535,0,4,3069,1155,0,1,0,30,0,15,1,1,pre_allocation
1,503,normal,0,0,65535_65535,0,4,3069,1193,1,1,1,31,1193,15,1,1,allocated
1,503,normal,0,0,65535_65535,0,5,3069,1155,0,1,0,30,0,15,1,1,pre_allocation
1,503,normal,0,0,65535_65535,0,5,3069,1193,1,1,1,31,1193,15,1,1,allocated
1,503,normal,0,0,65535_65535,0,1,3069,1193,0,1,0,31,0,15,1,1,pre_allocation
1,503,normal,0,0,65535_65535,0,1,3069,1232,1,1,1,32,1232,15,1,1,allocated
1,503,normal,0,0,65535_65535,0,2,3069,1193,0,1,0,31,0,15,1,1,pre_allocation
1,503,normal,0,0,65535_65535,0,2,3069,1232,1,1,1,32,1232,15,1,1,allocated
1,503,normal,0,0,65535_65535,0,3,3069,1193,0,1,0,31,0,15,1,1,pre_allocation
1,503,normal,0,0,65535_65535,0,3,3069,1232,1,1,1,32,1232,15,1,1,allocated
1,503,normal,0,0,65535_65535,0,4,3069,1193,0,1,0,31,0,15,1,1,pre_allocation
1,503,normal,0,0,65535_65535,0,4,3069,1232,1,1,1,32,1232,15,1,1,allocated
1,503,normal,0,0,65535_65535,0,5,3069,1193,0,1,0,31,0,15,1,1,pre_allocation
1,503,normal,0,0,65535_65535,0,5,3069,1232,1,1,1,32,1232,15,1,1,allocated
1,503,normal,0,0,65535_65535,0,1,3069,1232,0,1,0,32,0,15,1,1,pre_allocation
1,503,normal,0,0,65535_65535,0,1,3069,1271,1,1,1,33,1271,15,1,1,allocated
1,503,normal,0,0,65535_65535,0,2,3069,1232,0,1,0,32,0,15,1,1,pre_allocation
1,503,normal,0,0,65535_65535,0,2,3069,1271,1,1,1,33,1271,15,1,1,allocated
1,503,normal,0,0,65535_65535,0,3,3069,1232,0,1,0,32,0,15,1,1,pre_allocation
1,503,normal,0,0,65535_65535,0,3,3069,1271,1,1,1,33,1271,15,1,1,allocated
1,503,normal,0,0,65535_65535,0,4,3069,1232,0,1,0,32,0,15,1,1,pre_allocation
1,503,normal,0,0,65535_65535,0,4,3069,1271,1,1,1,33,1271,15,1,1,allocated
1,503,normal,0,0,65535_65535,0,5,3069,1232,0,1,0,32,0,15,1,1,pre_allocation
1,503,normal,0,0,65535_65535,0,5,3069,1271,1,1,1,33,1271,15,1,1,allocated
1,503,normal,0,0,65535_65535,0,1,3069,1271,0,1,0,33,0,15,1,1,pre_allocation
1,503,normal,0,0,65535_65535,0,1,3069,1309,1,1,1,34,1309,15,1,1,allocated
1,503,normal,0,0,65535_65535,0,2,3069,1271,0,1,0,33,0,15,1,1,pre_allocation
1,503,normal,0,0,65535_65535,0,2,3069,1309,1,1,1,34,1309,15,1,1,allocated
1,503,normal,0,0,65535_65535,0,3,3069,1271,0,1,0,33,0,15,1,1,pre_allocation
1,503,normal,0,0,65535_65535,0,3,3069,1309,1,1,1,34,1309,15,1,1,allocated
1,503,normal,0,0,65535_65535,0,4,3069,1271,0,1,0,33,0,15,1,1,pre_allocation
1,503,normal,0,0,65535_65535,0,4,3069,1309,1,1,1,34,1309,15,1,1,allocated
1,503,normal,0,0,65535_65535,0,5,3069,1271,0,1,0,33,0,15,1,1,pre_allocation
1,503,normal,0,0,65535_65535,0,5,3069,1309,1,1,1,34,1309,15,1,1,allocated
1,503,normal,0,0,65535_65535,0,1,3069,1309,0,1,0,34,0,15,1,1,pre_allocation
1,503,normal,0,0,65535_65535,0,1,3069,1348,1,1,1,35,1348,15,1,1,allocated
1,503,normal,0,0,65535_65535,0,2,3069,1309,0,1,0,34,0,15,1,1,pre_allocation
1,503,normal,0,0,65535_65535,0,2,3069,1348,1,1,1,35,1348,15,1,1,allocated
1,503,normal,0,0,65535_65535,0,3,3069,1309,0,1,0,34,0,15,1,1,pre_allocation
1,503,normal,0,0,65535_65535,0,3,3069,1348,1,1,1,35,1348,15,1,1,allocated
1,503,normal,0,0,65535_65535,0,4,3069,1309,0,1,0,34,0,15,1,1,pre_allocation
1,503,normal,0,0,65535_65535,0,4,3069,1348,1,1,1,35,1348,15,1,1,allocated
1,503,normal,0,0,65535_65535,0,5,3069,1309,0,1,0,34,0,15,1,1,pre_allocation
1,503,normal,0,0,65535_65535,0,5,3069,1348,1,1,1,35,1348,15,1,1,allocated
1,503,normal,0,0,65535_65535,0,1,3069,1348,0,1,0,35,0,15,1,1,pre_allocation
1,503,normal,0,0,65535_65535,0,1,3069,1386,1,1,1,36,1386,15,1,1,allocated
1,503,normal,0,0,65535_65535,0,2,3069,1348,0,1,0,35,0,15,1,1,pre_allocation
1,503,normal,0,0,65535_65535,0,2,3069,1386,1,1,1,36,1386,15,1,1,allocated
1,503,normal,0,0,65535_65535,0,3,3069,1348,0,1,0,35,0,15,1,1,pre_allocation
1,503,normal,0,0,65535_65535,0,3,3069,1386,1,1,1,36,1386,15,1,1,allocated
1,503,normal,0,0,65535_65535,0,4,3069,1348,0,1,0,35,0,15,1,1,pre_allocation
1,503,normal,0,0,65535_65535,0,4,3069,1386,1,1,1,36,1386,15,1,1,allocated
1,503,normal,0,0,65535_65535,0,5,3069,1348,0,1,0,35,0,15,1,1,pre_allocation
1,503,normal,0,0,65535_65535,0,5,3069,1386,1,1,1,36,1386,15,1,1,allocated
1,503,normal,0,0,65535_65535,0,1,3069,1386,0,1,0,36,0,15,1,1,pre_allocation
1,503,normal,0,0,65535_65535,0,1,3069,1425,1,1,1,37,1425,15,1,1,allocated
1,503,normal,0,0,65535_65535,0,2,3069,1386,0,1,0,36,0,15,1,1,pre_allocation
1,503,normal,0,0,65535_65535,0,2,3069,1425,1,1,1,37,1425,15,1,1,allocated
1,503,normal,0,0,65535_65535,0,3,3069,1386,0,1,0,36,0,15,1,1,pre_allocation
1,503,normal,0,0,65535_65535,0,3,3069,1425,1,1,1,37,1425,15,1,1,allocated
1,503,normal,0,0,65535_65535,0,4,3069,1386,0,1,0,36,0,15,1,1,pre_allocation
1,503,normal,0,0,65535_65535,0,4,3069,1425,1,1,1,37,1425,15,1,1,allocated
1,503,normal,0,0,65535_65535,0,5,3069,1386,0,1,0,36,0,15,1,1,pre_allocation
1,503,normal,0,0,65535_65535,0,5,3069,1425,1,1,1,37,1425,15,1,1,allocated
1,503,normal,0,0,65535_65535,0,1,3069,1425,0,1,0,37,0,15,1,1,pre_allocation
1,503,normal,0,0,65535_65535,0,1,3069,1464,1,1,1,38,1464,15,1,1,allocated
1,503,normal,0,0,65535_65535,0,2,3069,1425,0,1,0,37,0,15,1,1,pre_allocation
1,503,normal,0,0,65535_65535,0,2,3069,1464,1,1,1,38,1464,15,1,1,allocated
1,503,normal,0,0,65535_65535,0,3,3069,1425,0,1,0,37,0,15,1,1,pre_allocation
1,503,normal,0,0,65535_65535,0,3,3069,1464,1,1,1,38,1464,15,1,1,allocated
1,503,normal,0,0,65535_65535,0,4,3069,1425,0,1,0,37,0,15,1,1,pre_allocation
1,503,normal,0,0,65535_65535,0,4,3069,1464,1,1,1,38,1464,15,1,1,allocated
1,503,normal,0,0,65535_65535,0,5,3069,1425,0,1,0,37,0,15,1,1,pre_allocation
1,503,normal,0,0,65535_65535,0,5,3069,1464,1,1,1,38,1464,15,1,1,allocated
1,503,normal,0,0,65535_65535,0,1,3069,1464,0,1,0,38,0,15,1,1,pre_allocation
1,503,normal,0,0,65535_65535,0,1,3069,1502,1,1,1,39,1502,15,1,1,allocated
1,503,normal,0,0,65535_65535,0,2,3069,1464,0,1,0,38,0,15,1,1,pre_allocation
1,503,normal,0,0,65535_65535,0,2,3069,1502,1,1,1,39,1502,15,1,1,allocated
1,503,normal,0,0,65535_65535,0,3,3069,1464,0,1,0,38,0,15,1,1,pre_allocation
1,503,normal,0,0,65535_65535,0,3,3069,1502,1,1,1,39,1502,15,1,1,allocated
1,503,normal,0,0,65535_65535,0,4,3069,1464,0,1,0,38,0,15,1,1,pre_allocation
1,503,normal,0,0,65535_65535,0,4,3069,1502,1,1,1,39,1502,15,1,1,allocated
1,503,normal,0,0,65535_65535,0,5,3069,1464,0,1,0,38,0,15,1,1,pre_allocation
1,503,normal,0,0,65535_65535,0,5,3069,1502,1,1,1,39,1502,15,1,1,allocated
1,503,normal,0,0,65535_65535,0,1,3069,1502,0,1,0,39,0,15,1,1,pre_allocation
1,503,normal,0,0,65535_65535,0,1,3069,1538,1,1,1,40,1538,15,1,1,allocated
1,503,normal,0,0,65535_65535,0,2,3069,1502,0,1,0,39,0,15,1,1,pre_allocation
1,503,normal,0,0,65535_65535,0,2,3069,1538,1,1,1,40,1538,15,1,1,allocated
1,503,normal,0,0,65535_65535,0,3,3069,1502,0,1,0,39,0,15,1,1,pre_allocation
1,503,normal,0,0,65535_65535,0,3,3069,1538,1,1,1,40,1538,15,1,1,allocated
1,503,normal,0,0,65535_65535,0,4,3069,1502,0,1,0,39,0,15,1,1,pre_allocation
1,503,normal,0,0,65535_65535,0,4,3069,1538,1,1,1,40,1538,15,1,1,allocated
1,503,normal,0,0,65535_65535,0,5,3069,1502,0,1,0,39,0,15,1,1,pre_allocation
1,503,normal,0,0,65535_65535,0,5,3069,1538,1,1,1,40,1538,15,1,1,allocated
1,503,normal,0,0,65535_65535,0,1,3069,1538,0,1,0,40,0,15,1,1,pre_allocation
1,503,normal,0,0,65535_65535,0,1,3069,1577,1,1,1,41,1577,15,1,1,allocated
1,503,normal,0,0,65535_65535,0,2,3069,1538,0,1,0,40,0,15,1,1,pre_allocation
1,503,normal,0,0,65535_65535,0,2,3069,1577,1,1,1,41,1577,15,1,1,allocated
1,503,normal,0,0,65535_65535,0,3,3069,1538,0,1,0,40,0,15,1,1,pre_allocation
1,503,normal,0,0,65535_65535,0,3,3069,1577,1,1,1,41,1577,15,1,1,allocated
1,503,normal,0,0,65535_65535,0,4,3069,1538,0,1,0,40,0,15,1,1,pre_allocation
1,503,normal,0,0,65535_65535,0,4,3069,1577,1,1,1,41,1577,15,1,1,allocated
1,503,normal,0,0,65535_65535,0,5,3069,1538,0,1,0,40,0,15,1,1,pre_allocation
1,503,normal,0,0,65535_65535,0,5,3069,1577,1,1,1,41,1577,15,1,1,allocated
1,503,normal,0,0,65535_65535,0,1,3069,1577,0,1,0,41,0,15,1,1,pre_allocation
1,503,normal,0,0,65535_65535,0,1,3069,1615,1,1,1,42,1615,15,1,1,allocated
1,503,normal,0,0,65535_65535,0,2,3069,1577,0,1,0,41,0,15,1,1,pre_allocation
1,503,normal,0,0,65535_65535,0,2,3069,1615,1,1,1,42,1615,15,1,1,allocated
1,503,normal,0,0,65535_65535,0,3,3069,1577,0,1,0,41,0,15,1,1,pre_allocation
1,503,normal,0,0,65535_65535,0,3,3069,1615,1,1,1,42,1615,15,1,1,allocated
1,503,normal,0,0,65535_65535,0,4,3069,1577,0,1,0,41,0,15,1,1,pre_allocation
1,503,normal,0,0,65535_65535,0,4,3069,1615,1,1,1,42,1615,15,1,1,allocated
1,503,normal,0,0,65535_65535,0,5,3069,1577,0,1,0,41,0,15,1,1,pre_allocation
1,503,normal,0,0,65535_65535,0,5,3069,1615,1,1,1,42,1615,15,1,1,allocated
1,503,normal,0,0,65535_65535,0,1,3069,1615,0,1,0,42,0,15,1,1,pre_allocation
1,503,normal,0,0,65535_65535,0,1,3069,1654,1,1,1,43,1654,15,1,1,allocated
1,503,normal,0,0,65535_65535,0,2,3069,1615,0,1,0,42,0,15,1,1,pre_allocation
1,503,normal,0,0,65535_65535,0,2,3069,1654,1,1,1,43,1654,15,1,1,allocated
1,503,normal,0,0,65535_65535,0,3,3069,1615,0,1,0,42,0,15,1,1,pre_allocation
1,503,normal,0,0,65535_65535,0,3,3069,1654,1,1,1,43,1654,15,1,1,allocated
1,503,normal,0,0,65535_65535,0,4,3069,1615,0,1,0,42,0,15,1,1,pre_allocation
1,503,normal,0,0,65535_65535,0,4,3069,1654,1,1,1,43,1654,15,1,1,allocated
1,503,normal,0,0,65535_65535,0,5,3069,1615,0,1,0,42,0,15,1,1,pre_allocation
1,503,normal,0,0,65535_65535,0,5,3069,1654,1,1,1,43,1654,15,1,1,allocated
1,503,normal,0,0,65535_65535,0,1,3069,1654,0,1,0,43,0,15,1,1,pre_allocation
1,503,normal,0,0,65535_65535,0,1,3069,1692,1,1,1,44,1692,15,1,1,allocated
1,503,normal,0,0,65535_65535,0,2,3069,1654,0,1,0,43,0,15,1,1,pre_allocation
1,503,normal,0,0,65535_65535,0,2,3069,1692,1,1,1,44,1692,15,1,1,allocated
1,503,normal,0,0,65535_65535,0,3,3069,1654,0,1,0,43,0,15,1,1,pre_allocation
1,503,normal,0,0,65535_65535,0,3,3069,1692,1,1,1,44,1692,15,1,1,allocated
1,503,normal,0,0,65535_65535,0,4,3069,1654,0,1,0,43,0,15,1,1,pre_allocation
1,503,normal,0,0,65535_65535,0,4,3069,1692,1,1,1,44,1692,15,1,1,allocated
1,503,normal,0,0,65535_65535,0,5,3069,1654,0,1,0,43,0,15,1,1,pre_allocation
1,503,normal,0,0,65535_65535,0,5,3069,1692,1,1,1,44,1692,15,1,1,allocated
1,503,normal,0,0,65535_65535,0,1,3069,1692,0,1,0,44,0,15,1,1,pre_allocation
1,503,normal,0,0,65535_65535,0,1,3069,1731,1,1,1,45,1731,15,1,1,allocated
1,503,normal,0,0,65535_65535,0,2,3069,1692,0,1,0,44,0,15,1,1,pre_allocation
1,503,normal,0,0,65535_65535,0,2,3069,1731,1,1,1,45,1731,15,1,1,allocated
1,503,normal,0,0,65535_65535,0,3,3069,1692,0,1,0,44,0,15,1,1,pre_allocation
1,503,normal,0,0,65535_65535,0,3,3069,1731,1,1,1,45,1731,15,1,1,allocated
1,503,normal,0,0,65535_65535,0,4,3069,1692,0,1,0,44,0,15,1,1,pre_allocation
1,503,normal,0,0,65535_65535,0,4,3069,1731,1,1,1,45,1731,15,1,1,allocated
1,503,normal,0,0,65535_65535,0,5,3069,1692,0,1,0,44,0,15,1,1,pre_allocation
1,503,normal,0,0,65535_65535,0,5,3069,1731,1,1,1,45,1731,15,1,1,allocated
1,503,normal,0,0,65535_65535,0,1,3069,1731,0,1,0,45,0,15,1,1,pre_allocation
1,503,normal,0,0,65535_65535,0,1,3069,1770,1,1,1,46,1770,15,1,1,allocated
1,503,normal,0,0,65535_65535,0,2,3069,1731,0,1,0,45,0,15,1,1,pre_allocation
1,503,normal,0,0,65535_65535,0,2,3069,1770,1,1,1,46,1770,15,1,1,allocated
1,503,normal,0,0,65535_65535,0,3,3069,1731,0,1,0,45,0,15,1,1,pre_allocation
1,503,normal,0,0,65535_65535,0,3,3069,1770,1,1,1,46,1770,15,1,1,allocated
1,503,normal,0,0,65535_65535,0,4,3069,1731,0,1,0,45,0,15,1,1,pre_allocation
1,503,normal,0,0,65535_65535,0,4,3069,1770,1,1,1,46,1770,15,1,1,allocated
1,503,normal,0,0,65535_65535,0,5,3069,1731,0,1,0,45,0,15,1,1,pre_allocation
1,503,normal,0,0,65535_65535,0,5,3069,1770,1,1,1,46,1770,15,1,1,allocated
1,503,normal,0,0,65535_65535,0,1,3069,1770,0,1,0,46,0,15,1,1,pre_allocation
1,503,normal,0,0,65535_65535,0,1,3069,1808,1,1,1,47,1808,15,1,1,allocated
1,503,normal,0,0,65535_65535,0,2,3069,1770,0,1,0,46,0,15,1,1,pre_allocation
1,503,normal,0,0,65535_65535,0,2,3069,1808,1,1,1,47,1808,15,1,1,allocated
1,503,normal,0,0,65535_65535,0,3,3069,1770,0,1,0,46,0,15,1,1,pre_allocation
1,503,normal,0,0,65535_65535,0,3,3069,1808,1,1,1,47,1808,15,1,1,allocated
1,503,normal,0,0,65535_65535,0,4,3069,1770,0,1,0,46,0,15,1,1,pre_allocation
1,503,normal,0,0,65535_65535,0,4,3069,1808,1,1,1,47,1808,15,1,1,allocated
1,503,normal,0,0,65535_65535,0,5,3069,1770,0,1,0,46,0,15,1,1,pre_allocation
1,503,normal,0,0,65535_65535,0,5,3069,1808,1,1,1,47,1808,15,1,1,allocated
1,503,normal,0,0,65535_65535,0,1,3069,1808,0,1,0,47,0,15,1,1,pre_allocation
1,503,normal,0,0,65535_65535,0,1,3069,1847,1,1,1,48,1847,15,1,1,allocated
1,503,normal,0,0,65535_65535,0,2,3069,1808,0,1,0,47,0,15,1,1,pre_allocation
1,503,normal,0,0,65535_65535,0,2,3069,1847,1,1,1,48,1847,15,1,1,allocated
1,503,normal,0,0,65535_65535,0,3,3069,1808,0,1,0,47,0,15,1,1,pre_allocation
1,503,normal,0,0,65535_65535,0,3,3069,1847,1,1,1,48,1847,15,1,1,allocated
1,503,normal,0,0,65535_65535,0,4,3069,1808,0,1,0,47,0,15,1,1,pre_allocation
1,503,normal,0,0,65535_65535,0,4,3069,1847,1,1,1,48,1847,15,1,1,allocated
1,503,normal,0,0,65535_65535,0,5,3069,1808,0,1,0,47,0,15,1,1,pre_allocation
1,503,normal,0,0,65535_65535,0,5,3069,1847,1,1,1,48,1847,15,1,1,allocated
1,503,normal,0,0,65535_65535,0,1,3069,1847,0,1,0,48,0,15,1,1,pre_allocation
1,503,normal,0,0,65535_65535,0,1,3069,1885,1,1,1,49,1885,15,1,1,allocated
1,503,normal,0,0,65535_65535,0,2,3069,1847,0,1,0,48,0,15,1,1,pre_allocation
1,503,normal,0,0,65535_65535,0,2,3069,1885,1,1,1,49,1885,15,1,1,allocated
1,503,normal,0,0,65535_65535,0,3,3069,1847,0,1,0,48,0,15,1,1,pre_allocation
1,503,normal,0,0,65535_65535,0,3,3069,1885,1,1,1,49,1885,15,1,1,allocated
1,503,normal,0,0,65535_65535,0,4,3069,1847,0,1,0,48,0,15,1,1,pre_allocation
1,503,normal,0,0,65535_65535,0,4,3069,1885,1,1,1,49,1885,15,1,1,allocated
1,503,normal,0,0,65535_65535,0,5,3069,1847,0,1,0,48,0,15,1,1,pre_allocation
1,503,normal,0,0,65535_65535,0,5,3069,1885,1,1,1,49,1885,15,1,1,allocated
1,503,normal,0,0,65535_65535,0,1,3069,1885,0,1,0,49,0,15,1,1,pre_allocation
1,503,normal,0,0,65535_65535,0,1,3069,1924,1,1,1,50,1924,15,1,1,allocated
1,503,normal,0,0,65535_65535,0,2,3069,1885,0,1,0,49,0,15,1,1,pre_allocation
1,503,normal,0,0,65535_65535,0,2,3069,1924,1,1,1,50,1924,15,1,1,allocated
1,503,normal,0,0,65535_65535,0,3,3069,1885,0,1,0,49,0,15,1,1,pre_allocation
1,503,normal,0,0,65535_65535,0,3,3069,1924,1,1,1,50,1924,15,1,1,allocated
1,503,normal,0,0,65535_65535,0,4,3069,1885,0,1,0,49,0,15,1,1,pre_allocation
1,503,normal,0,0,65535_65535,0,4,3069,1924,1,1,1,50,1924,15,1,1,allocated
1,503,normal,0,0,65535_65535,0,5,3069,1885,0,1,0,49,0,15,1,1,pre_allocation
1,503,normal,0,0,65535_65535,0,5,3069,1924,1,1,1,50,1924,15,1,1,allocated
1,503,normal,0,0,65535_65535,0,1,3069,1924,0,1,0,50,0,15,1,1,pre_allocation
1,503,normal,0,0,65535_65535,0,1,3069,1963,1,1,1,51,1963,15,1,1,allocated
1,503,normal,0,0,65535_65535,0,2,3069,1924,0,1,0,50,0,15,1,1,pre_allocation
1,503,normal,0,0,65535_65535,0,2,3069,1963,1,1,1,51,1963,15,1,1,allocated
1,503,normal,0,0,65535_65535,0,3,3069,1924,0,1,0,50,0,15,1,1,pre_allocation
1,503,normal,0,0,65535_65535,0,3,3069,1963,1,1,1,51,1963,15,1,1,allocated
1,503,normal,0,0,65535_65535,0,4,3069,1924,0,1,0,50,0,15,1,1,pre_allocation
1,503,normal,0,0,65535_65535,0,4,3069,1963,1,1,1,51,1963,15,1,1,allocated
1,503,normal,0,0,65535_65535,0,5,3069,1924,0,1,0,50,0,15,1,1,pre_allocation
1,503,normal,0,0,65535_65535,0,5,3069,1963,1,1,1,51,1963,15,1,1,allocated
1,503,normal,0,0,65535_65535,0,1,3069,1963,0,1,0,51,0,15,1,1,pre_allocation
1,503,normal,0,0,65535_65535,0,1,3069,2001,1,1,1,52,2001,15,1,1,allocated
1,503,normal,0,0,65535_65535,0,2,3069,1963,0,1,0,51,0,15,1,1,pre_allocation
1,503,normal,0,0,65535_65535,0,2,3069,2001,1,1,1,52,2001,15,1,1,allocated
1,503,normal,0,0,65535_65535,0,3,3069,1963,0,1,0,51,0,15,1,1,pre_allocation
1,503,normal,0,0,65535_65535,0,3,3069,2001,1,1,1,52,2001,15,1,1,allocated
1,503,normal,0,0,65535_65535,0,4,3069,1963,0,1,0,51,0,15,1,1,pre_allocation
1,503,normal,0,0,65535_65535,0,4,3069,2001,1,1,1,52,2001,15,1,1,allocated
1,503,normal,0,0,65535_65535,0,5,3069,1963,0,1,0,51,0,15,1,1,pre_allocation
1,503,normal,0,0,65535_65535,0,5,3069,2001,1,1,1,52,2001,15,1,1,allocated
1,503,normal,0,0,65535_65535,0,1,3069,2001,0,1,0,52,0,15,1,1,pre_allocation
1,503,normal,0,0,65535_65535,0,1,3069,2040,1,1,1,53,2040,15,1,1,allocated
1,503,normal,0,0,65535_65535,0,2,3069,2001,0,1,0,52,0,15,1,1,pre_allocation
1,503,normal,0,0,65535_65535,0,2,3069,2040,1,1,1,53,2040,15,1,1,allocated
1,503,normal,0,0,65535_65535,0,3,3069,2001,0,1,0,52,0,15,1,1,pre_allocation
1,503,normal,0,0,65535_65535,0,3,3069,2040,1,1,1,53,2040,15,1,1,allocated
1,503,normal,0,0,65535_65535,0,4,3069,2001,0,1,0,52,0,15,1,1,pre_allocation
1,503,normal,0,0,65535_65535,0,4,3069,2040,1,1,1,53,2040,15,1,1,allocated
1,503,normal,0,0,65535_65535,0,5,3069,2001,0,1,0,52,0,15,1,1,pre_allocation
1,503,normal,0,0,65535_65535,0,5,3069,2040,1,1,1,53,2040,15,1,1,allocated
1,503,normal,0,0,65535_65535,0,1,3069,2040,0,1,0,53,0,15,1,1,pre_allocation
1,503,normal,0,0,65535_65535,0,1,3069,2078,1,1,1,54,2078,15,1,1,allocated
93,601,normal,0,0,65535_65535,0,1,73455,0,0,1,0,0,0,28,1,1,pre_allocation
93,601,normal,0,0,65535_65535,0,1,73455,12,1,1,1,1,12,28,1,1,allocated
93,601,normal,0,0,65535_65535,0,2,69946,0,0,1,0,0,0,28,1,1,pre_allocation
93,601,normal,0,0,65535_65535,0,2,69946,12,1,1,1,1,12,28,1,1,allocated
93,601,normal,0,0,65535_65535,0,3,70166,0,0,1,0,0,0,28,1,1,pre_allocation
93,601,normal,0,0,65535_65535,0,3,70166,12,1,1,1,1,12,28,1,1,allocated
93,601,normal,0,0,65535_65535,0,4,70523,0,0,1,0,0,0,28,1,1,pre_allocation
93,601,normal,0,0,65535_65535,0,4,70523,12,1,1,1,1,12,28,1,1,allocated
93,601,normal,0,0,65535_65535,0,5,71103,0,0,1,0,0,0,28,1,1,pre_allocation
93,601,normal,0,0,65535_65535,0,5,71103,12,1,1,1,1,12,28,1,1,allocated
93,601,normal,0,0,65535_65535,0,1,73455,12,0,1,0,1,0,28,1,1,pre_allocation
93,601,normal,0,0,65535_65535,0,1,73455,27,1,1,1,2,27,28,1,1,allocated
93,601,normal,0,0,65535_65535,0,2,69946,12,0,1,0,1,0,28,1,1,pre_allocation
93,601,normal,0,0,65535_65535,0,2,69946,27,1,1,1,2,27,28,1,1,allocated
93,601,normal,0,0,65535_65535,0,3,70166,12,0,1,0,1,0,28,1,1,pre_allocation
93,601,normal,0,0,65535_65535,0,3,70166,27,1,1,1,2,27,28,1,1,allocated
93,601,normal,0,0,65535_65535,0,4,70523,12,0,1,0,1,0,28,1,1,pre_allocation
93,601,normal,0,0,65535_65535,0,4,70523,27,1,1,1,2,27,28,1,1,allocated
93,601,normal,0,0,65535_65535,0,5,71103,12,0,1,0,1,0,28,1,1,pre_allocation
93,601,normal,0,0,65535_65535,0,5,71103,27,1,1,1,2,27,28,1,1,allocated
93,601,normal,0,0,65535_65535,0,1,73455,27,0,1,0,2,0,28,1,1,pre_allocation
93,601,normal,0,0,65535_65535,0,1,73455,42,1,1,1,3,42,28,1,1,allocated
93,601,normal,0,0,65535_65535,0,2,69946,27,0,1,0,2,0,28,1,1,pre_allocation
93,601,normal,0,0,65535_65535,0,2,69946,42,1,1,1,3,42,28,1,1,allocated
93,601,normal,0,0,65535_65535,0,3,70166,27,0,1,0,2,0,28,1,1,pre_allocation
93,601,normal,0,0,65535_65535,0,3,70166,42,1,1,1,3,42,28,1,1,allocated
93,601,normal,0,0,65535_65535,0,4,70523,27,0,1,0,2,0,28,1,1,pre_allocation
93,601,normal,0,0,65535_65535,0,4,70523,42,1,1,1,3,42,28,1,1,allocated
93,601,normal,0,0,65535_65535,0,5,71103,27,0,1,0,2,0,28,1,1,pre_allocation
93,601,normal,0,0,65535_65535,0,5,71103,42,1,1,1,3,42,28,1,1,allocated
93,601,normal,0,0,65535_65535,0,1,73455,42,0,1,0,3,0,28,1,1,pre_allocation
93,601,normal,0,0,65535_65535,0,1,73455,57,1,1,1,4,57,28,1,1,allocated
93,601,normal,0,0,65535_65535,0,2,69946,42,0,1,0,3,0,28,1,1,pre_allocation
93,601,normal,0,0,65535_65535,0,2,69946,57,1,1,1,4,57,28,1,1,allocated
93,601,normal,0,0,65535_65535,0,3,70166,42,0,1,0,3,0,28,1,1,pre_allocation
93,601,normal,0,0,65535_65535,0,3,70166,57,1,1,1,4,57,28,1,1,allocated
93,601,normal,0,0,65535_65535,0,4,70523,42,0,1,0,3,0,28,1,1,pre_allocation
93,601,normal,0,0,65535_65535,0,4,70523,57,1,1,1,4,57,28,1,1,allocated
93,601,normal,0,0,65535_65535,0,5,71103,42,0,1,0,3,0,28,1,1,pre_allocation
93,601,normal,0,0,65535_65535,0,5,71103,57,1,1,1,4,57,28,1,1,allocated
93,601,normal,0,0,65535_65535,0,1,73455,57,0,1,0,4,0,28,1,1,pre_allocation
93,601,normal,0,0,65535_65535,0,1,73455,72,1,1,1,5,72,28,1,1,allocated
93,601,normal,0,0,65535_65535,0,2,69946,57,0,1,0,4,0,28,1,1,pre_allocation
93,601,normal,0,0,65535_65535,0,2,69946,72,1,1,1,5,72,28,1,1,allocated
93,601,normal,0,0,65535_65535,0,3,70166,57,0,1,0,4,0,28,1,1,pre_allocation
93,601,normal,0,0,65535_65535,0,3,70166,72,1,1,1,5,72,28,1,1,allocated
93,601,normal,0,0,65535_65535,0,4,70523,57,0,1,0,4,0,28,1,1,pre_allocation
93,601,normal,0,0,65535_65535,0,4,70523,72,1,1,1,5,72,28,1,1,allocated
93,601,normal,0,0,65535_65535,0,5,71103,57,0,1,0,4,0,28,1,1,pre_allocation
93,601,normal,0,0,65535_65535,0,5,71103,72,1,1,1,5,72,28,1,1,allocated
93,601,normal,0,0,65535_65535,0,1,73455,72,0,1,0,5,0,28,1,1,pre_allocation
93,601,normal,0,0,65535_65535,0,1,73455,88,1,1,1,6,88,28,1,1,allocated
93,601,normal,0,0,65535_65535,0,2,69946,72,0,1,0,5,0,28,1,1,pre_allocation
93,601,normal,0,0,65535_65535,0,2,69946,88,1,1,1,6,88,28,1,1,allocated
93,601,normal,0,0,65535_65535,0,3,70166,72,0,1,0,5,0,28,1,1,pre_allocation
93,601,normal,0,0,65535_65535,0,3,70166,88,1,1,1,6,88,28,1,1,allocated
93,601,normal,0,0,65535_65535,0,4,70523,72,0,1,0,5,0,28,1,1,pre_allocation
93,601,normal,0,0,65535_65535,0,4,70523,88,1,1,1,6,88,28,1,1,allocated
93,601,normal,0,0,65535_65535,0,5,71103,72,0,1,0,5,0,28,1,1,pre_allocation
93,601,normal,0,0,65535_65535,0,5,71103,88,1,1,1,6,88,28,1,1,allocated
93,601,normal,0,0,65535_65535,0,1,73455,88,0,1,0,6,0,28,1,1,pre_allocation
93,601,normal,0,0,65535_65535,0,1,73455,103,1,1,1,7,103,28,1,1,allocated
93,601,normal,0,0,65535_65535,0,2,69946,88,0,1,0,6,0,28,1,1,pre_allocation
93,601,normal,0,0,65535_65535,0,2,69946,103,1,1,1,7,103,28,1,1,allocated
93,601,normal,0,0,65535_65535,0,3,70166,88,0,1,0,6,0,28,1,1,pre_allocation
93,601,normal,0,0,65535_65535,0,3,70166,103,1,1,1,7,103,28,1,1,allocated
93,601,normal,0,0,65535_65535,0,4,70523,88,0,1,0,6,0,28,1,1,pre_allocation
93,601,normal,0,0,65535_65535,0,4,70523,103,1,1,1,7,103,28,1,1,allocated
93,601,normal,0,0,65535_65535,0,5,71103,88,0,1,0,6,0,28,1,1,pre_allocation
93,601,normal,0,0,65535_65535,0,5,71103,103,1,1,1,7,103,28,1,1,allocated
93,601,normal,0,0,65535_65535,0,1,73455,103,0,1,0,7,0,28,1,1,pre_allocation
93,601,normal,0,0,65535_65535,0,1,73455,118,1,1,1,8,118,28,1,1,allocated
93,601,normal,0,0,65535_65535,0,2,69946,103,0,1,0,7,0,28,1,1,pre_allocation
93,601,normal,0,0,65535_65535,0,2,69946,118,1,1,1,8,118,28,1,1,allocated
93,601,normal,0,0,65535_65535,0,3,70166,103,0,1,0,7,0,28,1,1,pre_allocation
93,601,normal,0,0,65535_65535,0,3,70166,118,1,1,1,8,118,28,1,1,allocated
93,601,normal,0,0,65535_65535,0,4,70523,103,0,1,0,7,0,28,1,1,pre_allocation
93,601,normal,0,0,65535_65535,0,4,70523,118,1,1,1,8,118,28,1,1,allocated
93,601,normal,0,0,65535_65535,0,5,71103,103,0,1,0,7,0,28,1,1,pre_allocation
93,601,normal,0,0,65535_65535,0,5,71103,118,1,1,1,8,118,28,1,1,allocated
93,601,normal,0,0,65535_65535,0,1,73455,118,0,1,0,8,0,28,1,1,pre_allocation
93,601,normal,0,0,65535_65535,0,1,73455,133,1,1,1,9,133,28,1,1,allocated
93,601,normal,0,0,65535_65535,0,2,69946,118,0,1,0,8,0,28,1,1,pre_allocation
93,601,normal,0,0,65535_65535,0,2,69946,133,1,1,1,9,133,28,1,1,allocated
93,601,normal,0,0,65535_65535,0,3,70166,118,0,1,0,8,0,28,1,1,pre_allocation
93,601,normal,0,0,65535_65535,0,3,70166,133,1,1,1,9,133,28,1,1,allocated
93,601,normal,0,0,65535_65535,0,4,70523,118,0,1,0,8,0,28,1,1,pre_allocation
93,601,normal,0,0,65535_65535,0,4,70523,133,1,1,1,9,133,28,1,1,allocated
93,601,normal,0,0,65535_65535,0,5,71103,118,0,1,0,8,0,28,1,1,pre_allocation
93,601,normal,0,0,65535_65535,0,5,71103,133,1,1,1,9,133,28,1,1,allocated
93,601,normal,0,0,65535_65535,0,1,73455,133,0,1,0,9,0,28,1,1,pre_allocation
93,601,normal,0,0,65535_65535,0,1,73455,148,1,1,1,10,148,28,1,1,allocated
93,601,normal,0,0,65535_65535,0,2,69946,133,0,1,0,9,0,28,1,1,pre_allocation
93,601,normal,0,0,65535_65535,0,2,69946,148,1,1,1,10,148,28,1,1,allocated
93,601,normal,0,0,65535_65535,0,3,70166,133,0,1,0,9,0,28,1,1,pre_allocation
93,601,normal,0,0,65535_65535,0,3,70166,148,1,1,1,10,148,28,1,1,allocated
93,601,normal,0,0,65535_65535,0,4,70523,133,0,1,0,9,0,28,1,1,pre_allocation
93,601,normal,0,0,65535_65535,0,4,70523,148,1,1,1,10,148,28,1,1,allocated
93,601,normal,0,0,65535_65535,0,5,71103,133,0,1,0,9,0,28,1,1,pre_allocation
93,601,normal,0,0,65535_65535,0,5,71103,148,1,1,1,10,148,28,1,1,allocated
93,601,normal,0,0,65535_65535,0,1,73455,148,0,1,0,10,0,28,1,1,pre_allocation
93,601,normal,0,0,65535_65535,0,1,73455,163,1,1,1,11,163,28,1,1,allocated
93,601,normal,0,0,65535_65535,0,2,69946,148,0,1,0,10,0,28,1,1,pre_allocation
93,601,normal,0,0,65535_65535,0,2,69946,163,1,1,1,11,163,28,1,1,allocated
93,601,normal,0,0,65535_65535,0,3,70166,148,0,1,0,10,0,28,1,1,pre_allocation
93,601,normal,0,0,65535_65535,0,3,70166,163,1,1,1,11,163,28,1,1,allocated
93,601,normal,0,0,65535_65535,0,4,70523,148,0,1,0,10,0,28,1,1,pre_allocation
93,601,normal,0,0,65535_65535,0,4,70523,163,1,1,1,11,163,28,1,1,allocated
93,601,normal,0,0,65535_65535,0,5,71103,148,0,1,0,10,0,28,1,1,pre_allocation
93,601,normal,0,0,65535_65535,0,5,71103,163,1,1,1,11,163,28,1,1,allocated
93,601,normal,0,0,65535_65535,0,1,73455,163,0,1,0,11,0,28,1,1,pre_allocation
93,601,normal,0,0,65535_65535,0,1,73455,179,1,1,1,12,179,28,1,1,allocated
93,601,normal,0,0,65535_65535,0,2,69946,163,0,1,0,11,0,28,1,1,pre_allocation
93,601,normal,0,0,65535_65535,0,2,69946,179,1,1,1,12,179,28,1,1,allocated
93,601,normal,0,0,65535_65535,0,3,70166,163,0,1,0,11,0,28,1,1,pre_allocation
93,601,normal,0,0,65535_65535,0,3,70166,179,1,1,1,12,179,28,1,1,allocated
93,601,normal,0,0,65535_65535,0,4,70523,163,0,1,0,11,0,28,1,1,pre_allocation
93,601,normal,0,0,65535_65535,0,4,70523,179,1,1,1,12,179,28,1,1,allocated
93,601,normal,0,0,65535_65535,0,5,71103,163,0,1,0,11,0,28,1,1,pre_allocation
93,601,normal,0,0,65535_65535,0,5,71103,179,1,1,1,12,179,28,1,1,allocated
93,601,normal,0,0,65535_65535,0,1,73455,179,0,1,0,12,0,28,1,1,pre_allocation
93,601,normal,0,0,65535_65535,0,1,73455,194,1,1,1,13,194,28,1,1,allocated
93,601,normal,0,0,65535_65535,0,2,69946,179,0,1,0,12,0,28,1,1,pre_allocation
93,601,normal,0,0,65535_65535,0,2,69946,194,1,1,1,13,194,28,1,1,allocated
93,601,normal,0,0,65535_65535,0,3,70166,179,0,1,0,12,0,28,1,1,pre_allocation
93,601,normal,0,0,65535_65535,0,3,70166,194,1,1,1,13,194,28,1,1,allocated
93,601,normal,0,0,65535_65535,0,4,70523,179,0,1,0,12,0,28,1,1,pre_allocation
93,601,normal,0,0,65535_65535,0,4,70523,194,1,1,1,13,194,28,1,1,allocated
93,601,normal,0,0,65535_65535,0,5,71103,179,0,1,0,12,0,28,1,1,pre_allocation
93,601,normal,0,0,65535_65535,0,5,71103,194,1,1,1,13,194,28,1,1,allocated
93,601,normal,0,0,65535_65535,0,1,73455,194,0,1,0,13,0,28,1,1,pre_allocation
93,601,normal,0,0,65535_65535,0,1,73455,209,1,1,1,14,209,28,1,1,allocated
93,601,normal,0,0,65535_65535,0,2,69946,194,0,1,0,13,0,28,1,1,pre_allocation
93,601,normal,0,0,65535_65535,0,2,69946,209,1,1,1,14,209,28,1,1,allocated
93,601,normal,0,0,65535_65535,0,3,70166,194,0,1,0,13,0,28,1,1,pre_allocation
93,601,normal,0,0,65535_65535,0,3,70166,209,1,1,1,14,209,28,1,1,allocated
93,601,normal,0,0,65535_65535,0,4,70523,194,0,1,0,13,0,28,1,1,pre_allocation
93,601,normal,0,0,65535_65535,0,4,70523,209,1,1,1,14,209,28,1,1,allocated
93,601,normal,0,0,65535_65535,0,5,71103,194,0,1,0,13,0,28,1,1,pre_allocation
93,601,normal,0,0,65535_65535,0,5,71103,209,1,1,1,14,209,28,1,1,allocated
93,601,normal,0,0,65535_65535,0,1,73455,209,0,1,0,14,0,28,1,1,pre_allocation
93,601,normal,0,0,65535_65535,0,1,73455,224,1,1,1,15,224,28,1,1,allocated
93,601,normal,0,0,65535_65535,0,2,69946,209,0,1,0,14,0,28,1,1,pre_allocation
93,601,normal,0,0,65535_65535,0,2,69946,224,1,1,1,15,224,28,1,1,allocated
93,601,normal,0,0,65535_65535,0,3,70166,209,0,1,0,14,0,28,1,1,pre_allocation
93,601,normal,0,0,65535_65535,0,3,70166,224,1,1,1,15,224,28,1,1,allocated
93,601,normal,0,0,65535_65535,0,4,70523,209,0,1,0,14,0,28,1,1,pre_allocation
93,601,normal,0,0,65535_65535,0,4,70523,224,1,1,1,15,224,28,1,1,allocated
93,601,normal,0,0,65535_65535,0,5,71103,209,0,1,0,14,0,28,1,1,pre_allocation
93,601,normal,0,0,65535_65535,0,5,71103,224,1,1,1,15,224,28,1,1,allocated
93,601,normal,0,0,65535_65535,0,1,73455,224,0,1,0,15,0,28,1,1,pre_allocation
93,601,normal,0,0,65535_65535,0,1,73455,239,1,1,1,16,239,28,1,1,allocated
93,601,normal,0,0,65535_65535,0,2,69946,224,0,1,0,15,0,28,1,1,pre_allocation
93,601,normal,0,0,65535_65535,0,2,69946,239,1,1,1,16,239,28,1,1,allocated
93,601,normal,0,0,65535_65535,0,3,70166,224,0,1,0,15,0,28,1,1,pre_allocation
93,601,normal,0,0,65535_65535,0,3,70166,239,1,1,1,16,239,28,1,1,allocated
93,601,normal,0,0,65535_65535,0,4,70523,224,0,1,0,15,0,28,1,1,pre_allocation
93,601,normal,0,0,65535_65535,0,4,70523,239,1,1,1,16,239,28,1,1,allocated
93,601,normal,0,0,65535_65535,0,5,71103,224,0,1,0,15,0,28,1,1,pre_allocation
93,601,normal,0,0,65535_65535,0,5,71103,239,1,1,1,16,239,28,1,1,allocated
93,601,normal,0,0,65535_65535,0,1,73455,239,0,1,0,16,0,28,1,1,pre_allocation
93,601,normal,0,0,65535_65535,0,1,73455,255,1,1,1,17,255,28,1,1,allocated
93,601,normal,0,0,65535_65535,0,2,69946,239,0,1,0,16,0,28,1,1,pre_allocation
93,601,normal,0,0,65535_65535,0,2,69946,255,1,1,1,17,255,28,1,1,allocated
93,601,normal,0,0,65535_65535,0,3,70166,239,0,1,0,16,0,28,1,1,pre_allocation
93,601,normal,0,0,65535_65535,0,3,70166,255,1,1,1,17,255,28,1,1,allocated
93,601,normal,0,0,65535_65535,0,4,70523,239,0,1,0,16,0,28,1,1,pre_allocation
93,601,normal,0,0,65535_65535,0,4,70523,255,1,1,1,17,255,28,1,1,allocated
93,601,normal,0,0,65535_65535,0,5,71103,239,0,1,0,16,0,28,1,1,pre_allocation
93,601,normal,0,0,65535_65535,0,5,71103,255,1,1,1,17,255,28,1,1,allocated
93,601,normal,0,0,65535_65535,0,1,73455,255,0,1,0,17,0,28,1,1,pre_allocation
93,601,normal,0,0,65535_65535,0,1,73455,270,1,1,1,18,270,28,1,1,allocated
93,601,normal,0,0,65535_65535,0,2,69946,255,0,1,0,17,0,28,1,1,pre_allocation
93,601,normal,0,0,65535_65535,0,2,69946,270,1,1,1,18,270,28,1,1,allocated
93,601,normal,0,0,65535_65535,0,3,70166,255,0,1,0,17,0,28,1,1,pre_allocation
93,601,normal,0,0,65535_65535,0,3,70166,270,1,1,1,18,270,28,1,1,allocated
93,601,normal,0,0,65535_65535,0,4,70523,255,0,1,0,17,0,28,1,1,pre_allocation
93,601,normal,0,0,65535_65535,0,4,70523,270,1,1,1,18,270,28,1,1,allocated
93,601,normal,0,0,65535_65535,0,5,71103,255,0,1,0,17,0,28,1,1,pre_allocation
93,601,normal,0,0,65535_65535,0,5,71103,270,1,1,1,18,270,28,1,1,allocated
93,601,normal,0,0,65535_65535,0,1,73455,270,0,1,0,18,0,28,1,1,pre_allocation
93,601,normal,0,0,65535_65535,0,1,73455,285,1,1,1,19,285,28,1,1,allocated
93,601,normal,0,0,65535_65535,0,2,69946,270,0,1,0,18,0,28,1,1,pre_allocation
93,601,normal,0,0,65535_65535,0,2,69946,285,1,1,1,19,285,28,1,1,allocated
93,601,normal,0,0,65535_65535,0,3,70166,270,0,1,0,18,0,28,1,1,pre_allocation
93,601,normal,0,0,65535_65535,0,3,70166,285,1,1,1,19,285,28,1,1,allocated
93,601,normal,0,0,65535_65535,1,6,87,0,0,1,0,0,0,28,1,1,pre_allocation
93,601,normal,0,0,65535_65535,1,6,87,12,1,1,1,1,12,28,1,1,allocated
93,601,normal,0,0,65535_65535,1,7,87,0,0,1,0,0,0,28,1,1,pre_allocation
93,601,normal,0,0,65535_65535,1,7,87,12,1,1,1,1,12,28,1,1,allocated
93,601,normal,0,0,65535_65535,1,9,87,0,0,1,0,0,0,28,1,1,pre_allocation
93,601,normal,0,0,65535_65535,1,9,87,12,1,1,1,1,12,28,1,1,allocated
93,601,normal,0,0,65535_65535,1,10,87,0,0,1,0,0,0,28,1,1,pre_allocation
93,601,normal,0,0,65535_65535,1,10,87,12,1,1,1,1,12,28,1,1,allocated
93,601,normal,0,0,65535_65535,1,8,87,0,0,1,0,0,0,15,1,1,pre_allocation
93,601,normal,0,0,65535_65535,1,8,87,2,1,1,1,1,2,15,1,1,allocated
93,601,normal,0,0,65535_65535,1,6,87,12,0,1,0,1,0,28,1,1,pre_allocation
93,601,normal,0,0,65535_65535,1,6,87,27,1,1,1,2,27,28,1,1,allocated
93,601,normal,0,0,65535_65535,1,7,87,12,0,1,0,1,0,28,1,1,pre_allocation
93,601,normal,0,0,65535_65535,1,7,87,27,1,1,1,2,27,28,1,1,allocated
93,601,normal,0,0,65535_65535,1,9,87,12,0,1,0,1,0,28,1,1,pre_allocation
93,601,normal,0,0,65535_65535,1,9,87,27,1,1,1,2,27,28,1,1,allocated
93,601,normal,0,0,65535_65535,1,10,87,12,0,1,0,1,0,28,1,1,pre_allocation
93,601,normal,0,0,65535_65535,1,10,87,27,1,1,1,2,27,28,1,1,allocated
93,601,normal,0,0,65535_65535,1,8,87,2,0,1,0,1,0,15,1,1,pre_allocation
93,601,normal,0,0,65535_65535,1,8,87,8,1,1,1,2,8,15,1,1,allocated
93,601,normal,0,0,65535_65535,1,6,87,27,0,1,0,2,0,28,1,1,pre_allocation
93,601,normal,0,0,65535_65535,1,6,87,42,1,1,1,3,42,28,1,1,allocated
93,601,normal,0,0,65535_65535,1,7,87,27,0,1,0,2,0,28,1,1,pre_allocation
93,601,normal,0,0,65535_65535,1,7,87,42,1,1,1,3,42,28,1,1,allocated
93,601,normal,0,0,65535_65535,1,9,87,27,0,1,0,2,0,28,1,1,pre_allocation
93,601,normal,0,0,65535_65535,1,9,87,42,1,1,1,3,42,28,1,1,allocated
93,601,normal,0,0,65535_65535,1,10,87,27,0,1,0,2,0,28,1,1,pre_allocation
93,601,normal,0,0,65535_65535,1,10,87,42,1,1,1,3,42,28,1,1,allocated
93,601,normal,0,0,65535_65535,1,8,87,8,0,1,0,2,0,15,1,1,pre_allocation
93,601,normal,0,0,65535_65535,1,8,87,14,1,1,1,3,14,15,1,1,allocated
93,601,normal,0,0,65535_65535,1,6,87,42,0,1,0,3,0,28,1,1,pre_allocation
93,601,normal,0,0,65535_65535,1,6,87,57,1,1,1,4,57,28,1,1,allocated
93,601,normal,0,0,65535_65535,1,7,87,42,0,1,0,3,0,28,1,1,pre_allocation
93,601,normal,0,0,65535_65535,1,7,87,57,1,1,1,4,57,28,1,1,allocated
93,601,normal,0,0,65535_65535,1,9,87,42,0,1,0,3,0,28,1,1,pre_allocation
93,601,normal,0,0,65535_65535,1,9,87,57,1,1,1,4,57,28,1,1,allocated
93,601,normal,0,0,65535_65535,1,10,87,42,0,1,0,3,0,28,1,1,pre_allocation
93,601,normal,0,0,65535_65535,1,10,87,57,1,1,1,4,57,28,1,1,allocated
93,601,normal,0,0,65535_65535,1,8,87,14,0,1,0,3,0,15,1,1,pre_allocation
93,601,normal,0,0,65535_65535,1,8,87,20,1,1,1,4,20,15,1,1,allocated
93,601,normal,0,0,65535_65535,1,6,87,57,0,1,0,4,0,28,1,1,pre_allocation
93,601,normal,0,0,65535_65535,1,6,87,72,1,1,1,5,72,28,1,1,allocated
93,601,normal,0,0,65535_65535,1,7,87,57,0,1,0,4,0,28,1,1,pre_allocation
93,601,normal,0,0,65535_65535,1,7,87,72,1,1,1,5,72,28,1,1,allocated
93,601,normal,0,0,65535_65535,1,9,87,57,0,1,0,4,0,28,1,1,pre_allocation
93,601,normal,0,0,65535_65535,1,9,87,72,1,1,1,5,72,28,1,1,allocated
93,601,normal,0,0,65535_65535,1,10,87,57,0,1,0,4,0,28,1,1,pre_allocation
93,601,normal,0,0,65535_65535,1,10,87,72,1,1,1,5,72,28,1,1,allocated
93,601,normal,0,0,65535_65535,1,8,87,20,0,1,0,4,0,15,1,1,pre_allocation
93,601,normal,0,0,65535_65535,1,8,87,26,1,1,1,5,26,15,1,1,allocated
93,601,normal,0,0,65535_65535,1,6,87,72,0,1,0,5,0,28,1,1,pre_allocation
93,601,normal,0,0,65535_65535,1,6,87,88,1,1,1,6,88,28,1,1,allocated
93,601,normal,0,0,65535_65535,1,7,87,72,0,1,0,5,0,28,1,1,pre_allocation
93,601,normal,0,0,65535_65535,1,7,87,88,1,1,1,6,88,28,1,1,allocated
93,601,normal,0,0,65535_65535,1,9,87,72,0,1,0,5,0,28,1,1,pre_allocation
93,601,normal,0,0,65535_65535,1,9,87,88,1,1,1,6,88,28,1,1,allocated
93,601,normal,0,0,65535_65535,1,10,87,72,0,1,0,5,0,28,1,1,pre_allocation
93,601,normal,0,0,65535_65535,1,10,87,88,1,1,1,6,88,28,1,1,allocated
93,601,normal,0,0,65535_65535,1,8,87,26,0,1,0,5,0,15,1,1,pre_allocation
93,601,normal,0,0,65535_65535,1,8,87,32,1,1,1,6,32,15,1,1,allocated
93,601,normal,0,0,65535_65535,1,6,87,88,0,1,0,6,0,28,1,1,pre_allocation
93,601,normal,0,0,65535_65535,1,6,87,103,1,1,1,7,103,28,1,1,allocated
93,601,normal,0,0,65535_65535,1,7,87,88,0,1,0,6,0,28,1,1,pre_allocation
93,601,normal,0,0,65535_65535,1,7,87,103,1,1,1,7,103,28,1,1,allocated
93,601,normal,0,0,65535_65535,1,9,87,88,0,1,0,6,0,28,1,1,pre_allocation
93,601,normal,0,0,65535_65535,1,9,87,103,1,1,1,7,103,28,1,1,allocated
93,601,normal,0,0,65535_65535,1,10,87,88,0,1,0,6,0,28,1,1,pre_allocation
93,601,normal,0,0,65535_65535,1,10,87,103,1,1,1,7,103,28,1,1,allocated
93,601,normal,0,0,65535_65535,1,8,87,32,0,1,0,6,0,15,1,1,pre_allocation
93,601,normal,0,0,65535_65535,1,8,87,38,1,1,1,7,38,15,1,1,allocated
93,601,normal,0,0,65535_65535,1,6,87,103,0,1,0,7,0,28,1,1,pre_allocation
93,601,normal,0,0,65535_65535,1,6,87,118,1,1,1,8,118,28,1,1,allocated
93,601,normal,0,0,65535_65535,1,7,87,103,0,1,0,7,0,28,1,1,pre_allocation
93,601,normal,0,0,65535_65535,1,7,87,118,1,1,1,8,118,28,1,1,allocated
93,601,normal,0,0,65535_65535,1,9,87,103,0,1,0,7,0,28,1,1,pre_allocation
93,601,normal,0,0,65535_65535,1,9,87,118,1,1,1,8,118,28,1,1,allocated
93,601,normal,0,0,65535_65535,1,10,87,103,0,1,0,7,0,28,1,1,pre_allocation
93,601,normal,0,0,65535_65535,1,10,87,118,1,1,1,8,118,28,1,1,allocated
93,601,normal,0,0,65535_65535,1,8,87,38,0,1,0,7,0,15,1,1,pre_allocation
93,601,normal,0,0,65535_65535,1,8,87,44,1,1,1,8,44,15,1,1,allocated
93,601,normal,0,0,65535_65535,1,6,87,118,0,1,0,8,0,28,1,1,pre_allocation
93,601,normal,0,0,65535_65535,1,6,87,133,1,1,1,9,133,28,1,1,allocated
93,601,normal,0,0,65535_65535,1,7,87,118,0,1,0,8,0,28,1,1,pre_allocation
93,601,normal,0,0,65535_65535,1,7,87,133,1,1,1,9,133,28,1,1,allocated
93,601,normal,0,0,65535_65535,1,9,87,118,0,1,0,8,0,28,1,1,pre_allocation
93,601,normal,0,0,65535_65535,1,9,87,133,1,1,1,9,133,28,1,1,allocated
93,601,normal,0,0,65535_65535,1,10,87,118,0,1,0,8,0,28,1,1,pre_allocation
93,601,normal,0,0,65535_65535,1,10,87,133,1,1,1,9,133,28,1,1,allocated
93,601,normal,0,0,65535_65535,1,8,87,44,0,1,0,8,0,15,1,1,pre_allocation
93,601,normal,0,0,65535_65535,1,8,87,50,1,1,1,9,50,15,1,1,allocated
93,601,normal,0,0,65535_65535,1,6,87,133,0,1,0,9,0,28,1,1,pre_allocation
93,601,normal,0,0,65535_65535,1,6,87,148,1,1,1,10,148,28,1,1,allocated
93,601,normal,0,0,65535_65535,1,7,87,133,0,1,0,9,0,28,1,1,pre_allocation
93,601,normal,0,0,65535_65535,1,7,87,148,1,1,1,10,148,28,1,1,allocated
93,601,normal,0,0,65535_65535,1,9,87,133,0,1,0,9,0,28,1,1,pre_allocation
93,601,normal,0,0,65535_65535,1,9,87,148,1,1,1,10,148,28,1,1,allocated
93,601,normal,0,0,65535_65535,1,10,87,133,0,1,0,9,0,28,1,1,pre_allocation
93,601,normal,0,0,65535_65535,1,10,87,148,1,1,1,10,148,28,1,1,allocated
93,601,normal,0,0,65535_65535,1,8,87,50,0,1,0,9,0,15,1,1,pre_allocation
93,601,normal,0,0,65535_65535,1,8,87,56,1,1,1,10,56,15,1,1,allocated
93,601,normal,0,0,65535_65535,1,6,87,148,0,1,0,10,0,28,1,1,pre_allocation
93,601,normal,0,0,65535_65535,1,6,87,163,1,1,1,11,163,28,1,1,allocated
93,601,normal,0,0,65535_65535,1,7,87,148,0,1,0,10,0,28,1,1,pre_allocation
93,601,normal,0,0,65535_65535,1,7,87,163,1,1,1,11,163,28,1,1,allocated
93,601,normal,0,0,65535_65535,1,9,87,148,0,1,0,10,0,28,1,1,pre_allocation
93,601,normal,0,0,65535_65535,1,9,87,163,1,1,1,11,163,28,1,1,allocated
93,601,normal,0,0,65535_65535,1,10,87,148,0,1,0,10,0,28,1,1,pre_allocation
93,601,normal,0,0,65535_65535,1,10,87,163,1,1,1,11,163,28,1,1,allocated
93,601,normal,0,0,65535_65535,1,8,87,56,0,1,0,10,0,15,1,1,pre_allocation
93,601,normal,0,0,65535_65535,1,8,87,62,1,1,1,11,62,15,1,1,allocated
93,601,normal,0,0,65535_65535,1,6,87,163,0,1,0,11,0,28,1,1,pre_allocation
93,601,normal,0,0,65535_65535,1,6,87,179,1,1,1,12,179,28,1,1,allocated
93,601,normal,0,0,65535_65535,1,7,87,163,0,1,0,11,0,28,1,1,pre_allocation
93,601,normal,0,0,65535_65535,1,7,87,179,1,1,1,12,179,28,1,1,allocated
93,601,normal,0,0,65535_65535,1,9,87,163,0,1,0,11,0,28,1,1,pre_allocation
93,601,normal,0,0,65535_65535,1,9,87,179,1,1,1,12,179,28,1,1,allocated
93,601,normal,0,0,65535_65535,1,10,87,163,0,1,0,11,0,28,1,1,pre_allocation
93,601,normal,0,0,65535_65535,1,10,87,179,1,1,1,12,179,28,1,1,allocated
93,601,normal,0,0,65535_65535,1,8,87,62,0,1,0,11,0,15,1,1,pre_allocation
93,601,normal,0,0,65535_65535,1,8,87,68,1,1,1,12,68,15,1,1,allocated
93,601,normal,0,0,65535_65535,1,6,87,179,0,1,0,12,0,28,1,1,pre_allocation
93,601,normal,0,0,65535_65535,1,6,87,194,1,1,1,13,194,28,1,1,allocated
93,601,normal,0,0,65535_65535,1,7,87,179,0,1,0,12,0,28,1,1,pre_allocation
93,601,normal,0,0,65535_65535,1,7,87,194,1,1,1,13,194,28,1,1,allocated
93,601,normal,0,0,65535_65535,1,9,87,179,0,1,0,12,0,28,1,1,pre_allocation
93,601,normal,0,0,65535_65535,1,9,87,194,1,1,1,13,194,28,1,1,allocated
93,601,normal,0,0,65535_65535,1,10,87,179,0,1,0,12,0,28,1,1,pre_allocation
93,601,normal,0,0,65535_65535,1,10,87,194,1,1,1,13,194,28,1,1,allocated
93,601,normal,0,0,65535_65535,1,8,87,68,0,1,0,12,0,15,1,1,pre_allocation
93,601,normal,0,0,65535_65535,1,8,87,74,1,1,1,13,74,15,1,1,allocated
93,601,normal,0,0,65535_65535,1,6,87,194,0,1,0,13,0,28,1,1,pre_allocation
93,601,normal,0,0,65535_65535,1,6,87,209,1,1,1,14,209,28,1,1,allocated
93,601,normal,0,0,65535_65535,1,7,87,194,0,1,0,13,0,28,1,1,pre_allocation
93,601,normal,0,0,65535_65535,1,7,87,209,1,1,1,14,209,28,1,1,allocated
93,601,normal,0,0,65535_65535,1,9,87,194,0,1,0,13,0,28,1,1,pre_allocation
93,601,normal,0,0,65535_65535,1,9,87,209,1,1,1,14,209,28,1,1,allocated
93,601,normal,0,0,65535_65535,1,10,87,194,0,1,0,13,0,28,1,1,pre_allocation
93,601,normal,0,0,65535_65535,1,10,87,209,1,1,1,14,209,28,1,1,allocated
93,601,normal,0,0,65535_65535,1,8,87,74,0,1,0,13,0,15,1,1,pre_allocation
93,601,normal,0,0,65535_65535,1,8,87,80,1,1,1,14,80,15,1,1,allocated
93,601,normal,0,0,65535_65535,1,6,87,209,0,1,0,14,0,28,1,1,pre_allocation
93,601,normal,0,0,65535_65535,1,6,87,224,1,1,1,15,224,28,1,1,allocated
93,601,normal,0,0,65535_65535,1,7,87,209,0,1,0,14,0,28,1,1,pre_allocation
93,601,normal,0,0,65535_65535,1,7,87,224,1,1,1,15,224,28,1,1,allocated
93,601,normal,0,0,65535_65535,1,9,87,209,0,1,0,14,0,28,1,1,pre_allocation
93,601,normal,0,0,65535_65535,1,9,87,224,1,1,1,15,224,28,1,1,allocated
93,601,normal,0,0,65535_65535,1,10,87,209,0,1,0,14,0,28,1,1,pre_allocation
93,601,normal,0,0,65535_65535,1,10,87,224,1,1,1,15,224,28,1,1,allocated
93,601,normal,0,0,65535_65535,1,8,87,80,0,1,0,14,0,15,1,1,pre_allocation
93,601,normal,0,0,65535_65535,1,8,87,86,1,1,1,15,86,15,1,1,allocated
93,601,normal,0,0,65535_65535,1,6,87,224,0,1,0,15,0,28,1,1,pre_allocation
93,601,normal,0,0,65535_65535,1,6,87,239,1,1,1,16,239,28,1,1,allocated
93,601,normal,0,0,65535_65535,1,7,87,224,0,1,0,15,0,28,1,1,pre_allocation
93,601,normal,0,0,65535_65535,1,7,87,239,1,1,1,16,239,28,1,1,allocated
93,601,normal,0,0,65535_65535,1,9,87,224,0,1,0,15,0,28,1,1,pre_allocation
93,601,normal,0,0,65535_65535,1,9,87,239,1,1,1,16,239,28,1,1,allocated
93,601,normal,0,0,65535_65535,1,10,87,224,0,1,0,15,0,28,1,1,pre_allocation
93,601,normal,0,0,65535_65535,1,10,87,239,1,1,1,16,239,28,1,1,allocated
93,601,normal,0,0,65535_65535,1,8,87,86,0,1,0,15,0,15,1,1,pre_allocation
93,601,normal,0,0,65535_65535,1,8,87,92,1,1,1,16,92,15,1,1,allocated
93,601,normal,0,0,65535_65535,1,6,87,239,0,1,0,16,0,28,1,1,pre_allocation
93,601,normal,0,0,65535_65535,1,6,87,255,1,1,1,17,255,28,1,1,allocated
93,601,normal,0,0,65535_65535,1,7,87,239,0,1,0,16,0,28,1,1,pre_allocation
93,601,normal,0,0,65535_65535,1,7,87,255,1,1,1,17,255,28,1,1,allocated
93,601,normal,0,0,65535_65535,1,9,87,239,0,1,0,16,0,28,1,1,pre_allocation
93,601,normal,0,0,65535_65535,1,9,87,255,1,1,1,17,255,28,1,1,allocated
93,601,normal,0,0,65535_65535,1,10,87,239,0,1,0,16,0,28,1,1,pre_allocation
93,601,normal,0,0,65535_65535,1,10,87,255,1,1,1,17,255,28,1,1,allocated
93,601,normal,0,0,65535_65535,1,8,87,92,0,1,0,16,0,15,1,1,pre_allocation
93,601,normal,0,0,65535_65535,1,8,87,97,1,1,1,17,97,15,1,1,allocated
93,601,normal,0,0,65535_65535,1,6,87,255,0,1,0,17,0,28,1,1,pre_allocation
93,601,normal,0,0,65535_65535,1,6,87,270,1,1,1,18,270,28,1,1,allocated
93,601,normal,0,0,65535_65535,1,7,87,255,0,1,0,17,0,28,1,1,pre_allocation
93,601,normal,0,0,65535_65535,1,7,87,270,1,1,1,18,270,28,1,1,allocated
93,601,normal,0,0,65535_65535,1,9,87,255,0,1,0,17,0,28,1,1,pre_allocation
93,601,normal,0,0,65535_65535,1,9,87,270,1,1,1,18,270,28,1,1,allocated
93,601,normal,0,0,65535_65535,1,10,87,255,0,1,0,17,0,28,1,1,pre_allocation
93,601,normal,0,0,65535_65535,1,10,87,270,1,1,1,18,270,28,1,1,allocated
93,601,normal,0,0,65535_65535,1,8,87,97,0,1,0,17,0,15,1,1,pre_allocation
93,601,normal,0,0,65535_65535,1,8,87,103,1,1,1,18,103,15,1,1,allocated
93,601,normal,0,0,65535_65535,1,6,87,270,0,1,0,18,0,28,1,1,pre_allocation
93,601,normal,0,0,65535_65535,1,6,87,285,1,1,1,19,285,28,1,1,allocated
93,601,normal,0,0,65535_65535,1,7,87,270,0,1,0,18,0,28,1,1,pre_allocation
93,601,normal,0,0,65535_65535,1,7,87,285,1,1,1,19,285,28,1,1,allocated
93,601,normal,0,0,65535_65535,1,9,87,270,0,1,0,18,0,28,1,1,pre_allocation
93,601,normal,0,0,65535_65535,1,9,87,285,1,1,1,19,285,28,1,1,allocated
93,601,normal,0,0,65535_65535,1,10,87,270,0,1,0,18,0,28,1,1,pre_allocation
93,601,normal,0,0,65535_65535,1,10,87,285,1,1,1,19,285,28,1,1,allocated
93,601,normal,0,0,65535_65535,1,8,87,103,0,1,0,18,0,15,1,1,pre_allocation
93,601,normal,0,0,65535_65535,1,8,87,109,1,1,1,19,109,15,1,1,allocated
93,601,normal,0,0,65535_65535,1,6,87,285,0,1,0,19,0,28,1,1,pre_allocation
93,601,normal,0,0,65535_65535,1,6,87,300,1,1,1,20,300,28,1,1,allocated
93,601,normal,0,0,65535_65535,1,7,87,285,0,1,0,19,0,28,1,1,pre_allocation
93,601,normal,0,0,65535_65535,1,7,87,300,1,1,1,20,300,28,1,1,allocated
93,601,normal,0,0,65535_65535,1,9,87,285,0,1,0,19,0,28,1,1,pre_allocation
93,601,normal,0,0,65535_65535,1,9,87,300,1,1,1,20,300,28,1,1,allocated
93,601,normal,0,0,65535_65535,1,10,87,285,0,1,0,19,0,28,1,1,pre_allocation
93,601,normal,0,0,65535_65535,1,10,87,300,1,1,1,20,300,28,1,1,allocated
93,601,normal,0,0,65535_65535,1,8,87,109,0,1,0,19,0,15,1,1,pre_allocation
93,601,normal,0,0,65535_65535,1,8,87,115,1,1,1,20,115,15,1,1,allocated
93,601,normal,0,0,65535_65535,1,6,87,300,0,1,0,20,0,28,1,1,pre_allocation
93,601,normal,0,0,65535_65535,1,6,87,315,1,1,1,21,315,28,1,1,allocated
93,601,normal,0,0,65535_65535,1,7,87,300,0,1,0,20,0,28,1,1,pre_allocation
93,601,normal,0,0,65535_65535,1,7,87,315,1,1,1,21,315,28,1,1,allocated
93,601,normal,0,0,65535_65535,1,9,87,300,0,1,0,20,0,28,1,1,pre_allocation
93,601,normal,0,0,65535_65535,1,9,87,315,1,1,1,21,315,28,1,1,allocated
93,601,normal,0,0,65535_65535,1,10,87,300,0,1,0,20,0,28,1,1,pre_allocation
93,601,normal,0,0,65535_65535,1,10,87,315,1,1,1,21,315,28,1,1,allocated
93,601,normal,0,0,65535_65535,1,8,87,115,0,1,0,20,0,15,1,1,pre_allocation
93,601,normal,0,0,65535_65535,1,8,87,121,1,1,1,21,121,15,1,1,allocated
93,601,normal,0,0,65535_65535,1,6,87,315,0,1,0,21,0,28,1,1,pre_allocation
93,601,normal,0,0,65535_65535,1,6,87,330,1,1,1,22,330,28,1,1,allocated
93,601,normal,0,0,65535_65535,1,7,87,315,0,1,0,21,0,28,1,1,pre_allocation
93,601,normal,0,0,65535_65535,1,7,87,330,1,1,1,22,330,28,1,1,allocated
93,601,normal,0,0,65535_65535,1,9,87,315,0,1,0,21,0,28,1,1,pre_allocation
93,601,normal,0,0,65535_65535,1,9,87,330,1,1,1,22,330,28,1,1,allocated
93,601,normal,0,0,65535_65535,1,10,87,315,0,1,0,21,0,28,1,1,pre_allocation
93,601,normal,0,0,65535_65535,1,10,87,330,1,1,1,22,330,28,1,1,allocated
93,601,normal,0,0,65535_65535,1,8,87,121,0,1,0,21,0,15,1,1,pre_allocation
93,601,normal,0,0,65535_65535,1,8,87,127,1,1,1,22,127,15,1,1,allocated
93,601,normal,0,0,65535_65535,1,6,87,330,0,1,0,22,0,28,1,1,pre_allocation
93,601,normal,0,0,65535_65535,1,6,87,346,1,1,1,23,346,28,1,1,allocated
93,601,normal,0,0,65535_65535,1,7,87,330,0,1,0,22,0,28,1,1,pre_allocation
93,601,normal,0,0,65535_65535,1,7,87,346,1,1,1,23,346,28,1,1,allocated
93,601,normal,0,0,65535_65535,1,9,87,330,0,1,0,22,0,28,1,1,pre_allocation
93,601,normal,0,0,65535_65535,1,9,87,346,1,1,1,23,346,28,1,1,allocated
93,601,normal,0,0,65535_65535,1,10,87,330,0,1,0,22,0,28,1,1,pre_allocation
93,601,normal,0,0,65535_65535,1,10,87,346,1,1,1,23,346,28,1,1,allocated
93,601,normal,0,0,65535_65535,1,8,87,127,0,1,0,22,0,15,1,1,pre_allocation
93,601,normal,0,0,65535_65535,1,8,87,133,1,1,1,23,133,15,1,1,allocated
93,601,normal,0,0,65535_65535,1,6,87,346,0,1,0,23,0,28,1,1,pre_allocation
93,601,normal,0,0,65535_65535,1,6,87,361,1,1,1,24,361,28,1,1,allocated
93,601,normal,0,0,65535_65535,1,7,87,346,0,1,0,23,0,28,1,1,pre_allocation
93,601,normal,0,0,65535_65535,1,7,87,361,1,1,1,24,361,28,1,1,allocated
93,601,normal,0,0,65535_65535,1,9,87,346,0,1,0,23,0,28,1,1,pre_allocation
93,601,normal,0,0,65535_65535,1,9,87,361,1,1,1,24,361,28,1,1,allocated
93,601,normal,0,0,65535_65535,1,10,87,346,0,1,0,23,0,28,1,1,pre_allocation
93,601,normal,0,0,65535_65535,1,10,87,361,1,1,1,24,361,28,1,1,allocated
93,601,normal,0,0,65535_65535,1,8,87,133,0,1,0,23,0,15,1,1,pre_allocation
93,601,normal,0,0,65535_65535,1,8,87,139,1,1,1,24,139,15,1,1,allocated
93,601,normal,0,0,65535_65535,1,6,87,361,0,1,0,24,0,28,1,1,pre_allocation
93,601,normal,0,0,65535_65535,1,6,87,376,1,1,1,25,376,28,1,1,allocated
93,601,normal,0,0,65535_65535,1,7,87,361,0,1,0,24,0,28,1,1,pre_allocation
93,601,normal,0,0,65535_65535,1,7,87,376,1,1,1,25,376,28,1,1,allocated
93,601,normal,0,0,65535_65535,1,9,87,361,0,1,0,24,0,28,1,1,pre_allocation
93,601,normal,0,0,65535_65535,1,9,87,376,1,1,1,25,376,28,1,1,allocated
93,601,normal,0,0,65535_65535,1,10,87,361,0,1,0,24,0,28,1,1,pre_allocation
93,601,normal,0,0,65535_65535,1,10,87,376,1,1,1,25,376,28,1,1,allocated
93,601,normal,0,0,65535_65535,1,8,87,139,0,1,0,24,0,15,1,1,pre_allocation
93,601,normal,0,0,65535_65535,1,8,87,145,1,1,1,25,145,15,1,1,allocated
93,601,normal,0,0,65535_65535,1,6,87,376,0,1,0,25,0,28,1,1,pre_allocation
93,601,normal,0,0,65535_65535,1,6,87,391,1,1,1,26,391,28,1,1,allocated
93,601,normal,0,0,65535_65535,1,7,87,376,0,1,0,25,0,28,1,1,pre_allocation
93,601,normal,0,0,65535_65535,1,7,87,391,1,1,1,26,391,28,1,1,allocated
93,601,normal,0,0,65535_65535,1,9,87,376,0,1,0,25,0,28,1,1,pre_allocation
93,601,normal,0,0,65535_65535,1,9,87,391,1,1,1,26,391,28,1,1,allocated
93,601,normal,0,0,65535_65535,1,10,87,376,0,1,0,25,0,28,1,1,pre_allocation
93,601,normal,0,0,65535_65535,1,10,87,391,1,1,1,26,391,28,1,1,allocated
93,601,normal,0,0,65535_65535,1,8,87,145,0,1,0,25,0,15,1,1,pre_allocation
93,601,normal,0,0,65535_65535,1,8,87,151,1,1,1,26,151,15,1,1,allocated
93,601,normal,0,0,65535_65535,1,6,87,391,0,1,0,26,0,28,1,1,pre_allocation
93,601,normal,0,0,65535_65535,1,6,87,406,1,1,1,27,406,28,1,1,allocated
93,601,normal,0,0,65535_65535,1,7,87,391,0,1,0,26,0,28,1,1,pre_allocation
93,601,normal,0,0,65535_65535,1,7,87,406,1,1,1,27,406,28,1,1,allocated
93,601,normal,0,0,65535_65535,1,9,87,391,0,1,0,26,0,28,1,1,pre_allocation
93,601,normal,0,0,65535_65535,1,9,87,406,1,1,1,27,406,28,1,1,allocated
93,601,normal,0,0,65535_65535,1,10,87,391,0,1,0,26,0,28,1,1,pre_allocation
93,601,normal,0,0,65535_65535,1,10,87,406,1,1,1,27,406,28,1,1,allocated
93,601,normal,0,0,65535_65535,1,8,87,151,0,1,0,26,0,15,1,1,pre_allocation
93,601,normal,0,0,65535_65535,1,8,87,157,1,1,1,27,157,15,1,1,allocated
93,601,normal,0,0,65535_65535,1,6,87,406,0,1,0,27,0,28,1,1,pre_allocation
93,601,normal,0,0,65535_65535,1,6,87,422,1,1,1,28,422,28,1,1,allocated
93,601,normal,0,0,65535_65535,1,7,87,406,0,1,0,27,0,28,1,1,pre_allocation
93,601,normal,0,0,65535_65535,1,7,87,422,1,1,1,28,422,28,1,1,allocated
93,601,normal,0,0,65535_65535,1,9,87,406,0,1,0,27,0,28,1,1,pre_allocation
93,601,normal,0,0,65535_65535,1,9,87,422,1,1,1,28,422,28,1,1,allocated
93,601,normal,0,0,65535_65535,1,10,87,406,0,1,0,27,0,28,1,1,pre_allocation
93,601,normal,0,0,65535_65535,1,10,87,422,1,1,1,28,422,28,1,1,allocated
93,601,normal,0,0,65535_65535,1,8,87,157,0,1,0,27,0,15,1,1,pre_allocation
93,601,normal,0,0,65535_65535,1,8,87,163,1,1,1,28,163,15,1,1,allocated
93,601,normal,0,0,65535_65535,1,6,87,422,0,1,0,28,0,28,1,1,pre_allocation
93,601,normal,0,0,65535_65535,1,6,87,437,1,1,1,29,437,28,1,1,allocated
93,601,normal,0,0,65535_65535,1,7,87,422,0,1,0,28,0,28,1,1,pre_allocation
93,601,normal,0,0,65535_65535,1,7,87,437,1,1,1,29,437,28,1,1,allocated
93,601,normal,0,0,65535_65535,1,9,87,422,0,1,0,28,0,28,1,1,pre_allocation
93,601,normal,0,0,65535_65535,1,9,87,437,1,1,1,29,437,28,1,1,allocated
93,601,normal,0,0,65535_65535,1,10,87,422,0,1,0,28,0,28,1,1,pre_allocation
93,601,normal,0,0,65535_65535,1,10,87,437,1,1,1,29,437,28,1,1,allocated
93,601,normal,0,0,65535_65535,1,8,87,163,0,1,0,28,0,15,1,1,pre_allocation
93,601,normal,0,0,65535_65535,1,8,87,169,1,1,1,29,169,15,1,1,allocated
93,601,normal,0,0,65535_65535,1,6,87,437,0,1,0,29,0,28,1,1,pre_allocation
93,601,normal,0,0,65535_65535,1,6,87,452,1,1,1,30,452,28,1,1,allocated
93,601,normal,0,0,65535_65535,1,7,87,437,0,1,0,29,0,28,1,1,pre_allocation
93,601,normal,0,0,65535_65535,1,7,87,452,1,1,1,30,452,28,1,1,allocated
93,601,normal,0,0,65535_65535,1,9,87,437,0,1,0,29,0,28,1,1,pre_allocation
93,601,normal,0,0,65535_65535,1,9,87,452,1,1,1,30,452,28,1,1,allocated
93,601,normal,0,0,65535_65535,1,10,87,437,0,1,0,29,0,28,1,1,pre_allocation
93,601,normal,0,0,65535_65535,1,10,87,452,1,1,1,30,452,28,1,1,allocated
93,601,normal,0,0,65535_65535,1,8,87,169,0,1,0,29,0,15,1,1,pre_allocation
93,601,normal,0,0,65535_65535,1,8,87,175,1,1,1,30,175,15,1,1,allocated
93,601,normal,0,0,65535_65535,1,6,87,452,0,1,0,30,0,28,1,1,pre_allocation
93,601,normal,0,0,65535_65535,1,6,87,467,1,1,1,31,467,28,1,1,allocated
93,601,normal,0,0,65535_65535,1,7,87,452,0,1,0,30,0,28,1,1,pre_allocation
93,601,normal,0,0,65535_65535,1,7,87,467,1,1,1,31,467,28,1,1,allocated
93,601,normal,0,0,65535_65535,1,9,87,452,0,1,0,30,0,28,1,1,pre_allocation
93,601,normal,0,0,65535_65535,1,9,87,467,1,1,1,31,467,28,1,1,allocated
93,601,normal,0,0,65535_65535,1,10,87,452,0,1,0,30,0,28,1,1,pre_allocation
93,601,normal,0,0,65535_65535,1,10,87,467,1,1,1,31,467,28,1,1,allocated
93,601,normal,0,0,65535_65535,1,8,87,175,0,1,0,30,0,15,1,1,pre_allocation
93,601,normal,0,0,65535_65535,1,8,87,181,1,1,1,31,181,15,1,1,allocated
93,601,normal,0,0,65535_65535,1,6,87,467,0,1,0,31,0,28,1,1,pre_allocation
93,601,normal,0,0,65535_65535,1,6,87,482,1,1,1,32,482,28,1,1,allocated
93,601,normal,0,0,65535_65535,1,7,87,467,0,1,0,31,0,28,1,1,pre_allocation
93,601,normal,0,0,65535_65535,1,7,87,482,1,1,1,32,482,28,1,1,allocated
93,601,normal,0,0,65535_65535,1,9,87,467,0,1,0,31,0,28,1,1,pre_allocation
93,601,normal,0,0,65535_65535,1,9,87,482,1,1,1,32,482,28,1,1,allocated
93,601,normal,0,0,65535_65535,1,10,87,467,0,1,0,31,0,28,1,1,pre_allocation
93,601,normal,0,0,65535_65535,1,10,87,482,1,1,1,32,482,28,1,1,allocated
93,601,normal,0,0,65535_65535,1,8,87,181,0,1,0,31,0,15,1,1,pre_allocation
93,601,normal,0,0,65535_65535,1,8,87,187,1,1,1,32,187,15,1,1,allocated
93,601,normal,0,0,65535_65535,1,6,87,482,0,1,0,32,0,28,1,1,pre_allocation
93,601,normal,0,0,65535_65535,1,6,87,497,1,1,1,33,497,28,1,1,allocated
93,601,normal,0,0,65535_65535,1,7,87,482,0,1,0,32,0,28,1,1,pre_allocation
93,601,normal,0,0,65535_65535,1,7,87,497,1,1,1,33,497,28,1,1,allocated
93,601,normal,0,0,65535_65535,1,9,87,482,0,1,0,32,0,28,1,1,pre_allocation
93,601,normal,0,0,65535_65535,1,9,87,497,1,1,1,33,497,28,1,1,allocated
93,601,normal,0,0,65535_65535,1,10,87,482,0,1,0,32,0,28,1,1,pre_allocation
93,601,normal,0,0,65535_65535,1,10,87,497,1,1,1,33,497,28,1,1,allocated
93,601,normal,0,0,65535_65535,1,8,87,187,0,1,0,32,0,15,1,1,pre_allocation
93,601,normal,0,0,65535_65535,1,8,87,193,1,1,1,33,193,15,1,1,allocated
93,601,normal,0,0,65535_65535,1,6,87,497,0,1,0,33,0,28,1,1,pre_allocation
93,601,normal,0,0,65535_65535,1,6,87,513,1,1,1,34,513,28,1,1,allocated
93,601,normal,0,0,65535_65535,1,7,87,497,0,1,0,33,0,28,1,1,pre_allocation
93,601,normal,0,0,65535_65535,1,7,87,513,1,1,1,34,513,28,1,1,allocated
93,601,normal,0,0,65535_65535,1,9,87,497,0,1,0,33,0,28,1,1,pre_allocation
93,601,normal,0,0,65535_65535,1,9,87,513,1,1,1,34,513,28,1,1,allocated
93,601,normal,0,0,65535_65535,1,10,87,497,0,1,0,33,0,28,1,1,pre_allocation
93,601,normal,0,0,65535_65535,1,10,87,513,1,1,1,34,513,28,1,1,allocated
93,601,normal,0,0,65535_65535,1,8,87,193,0,1,0,33,0,15,1,1,pre_allocation
93,601,normal,0,0,65535_65535,1,8,87,198,1,1,1,34,198,15,1,1,allocated
93,601,normal,0,0,65535_65535,1,6,87,513,0,1,0,34,0,28,1,1,pre_allocation
93,601,normal,0,0,65535_65535,1,6,87,528,1,1,1,35,528,28,1,1,allocated
93,601,normal,0,0,65535_65535,1,7,87,513,0,1,0,34,0,28,1,1,pre_allocation
93,601,normal,0,0,65535_65535,1,7,87,528,1,1,1,35,528,28,1,1,allocated
93,601,normal,0,0,65535_65535,1,9,87,513,0,1,0,34,0,28,1,1,pre_allocation
93,601,normal,0,0,65535_65535,1,9,87,528,1,1,1,35,528,28,1,1,allocated
205,699,normal,0,0,65535_65535,0,1,101289,0,0,1,0,0,0,26,1,1,pre_allocation
205,699,normal,0,0,65535_65535,0,1,101289,25,1,1,1,1,25,26,1,1,allocated
205,699,normal,0,0,65535_65535,0,5,94557,0,0,1,0,0,0,28,1,1,pre_allocation
205,699,normal,0,0,65535_65535,0,5,94557,27,1,1,1,1,27,28,1,1,allocated
205,699,normal,0,0,65535_65535,0,4,93647,0,0,1,0,0,0,28,1,1,pre_allocation
205,699,normal,0,0,65535_65535,0,4,93647,27,1,1,1,1,27,28,1,1,allocated
205,699,normal,0,0,65535_65535,0,3,93111,0,0,1,0,0,0,28,1,1,pre_allocation
205,699,normal,0,0,65535_65535,0,3,93111,27,1,1,1,1,27,28,1,1,allocated
205,699,normal,0,0,65535_65535,0,2,92716,0,0,1,0,0,0,28,1,1,pre_allocation
205,699,normal,0,0,65535_65535,0,2,92716,27,1,1,1,1,27,28,1,1,allocated
205,699,normal,0,0,65535_65535,0,1,101289,25,0,1,0,1,0,26,1,1,pre_allocation
205,699,normal,0,0,65535_65535,0,1,101289,53,1,1,1,2,53,26,1,1,allocated
205,699,normal,0,0,65535_65535,0,5,94557,27,0,1,0,1,0,28,1,1,pre_allocation
205,699,normal,0,0,65535_65535,0,5,94557,57,1,1,1,2,57,28,1,1,allocated
205,699,normal,0,0,65535_65535,0,4,93647,27,0,1,0,1,0,28,1,1,pre_allocation
205,699,normal,0,0,65535_65535,0,4,93647,57,1,1,1,2,57,28,1,1,allocated
205,699,normal,0,0,65535_65535,0,3,93111,27,0,1,0,1,0,28,1,1,pre_allocation
205,699,normal,0,0,65535_65535,0,3,93111,57,1,1,1,2,57,28,1,1,allocated
205,699,normal,0,0,65535_65535,0,2,92716,27,0,1,0,1,0,28,1,1,pre_allocation
205,699,normal,0,0,65535_65535,0,2,92716,57,1,1,1,2,57,28,1,1,allocated
205,699,normal,0,0,65535_65535,0,1,101289,53,0,1,0,2,0,26,1,1,pre_allocation
205,699,normal,0,0,65535_65535,0,1,101289,81,1,1,1,3,81,26,1,1,allocated
205,699,normal,0,0,65535_65535,0,5,94557,57,0,1,0,2,0,28,1,1,pre_allocation
205,699,normal,0,0,65535_65535,0,5,94557,88,1,1,1,3,88,28,1,1,allocated
205,699,normal,0,0,65535_65535,0,4,93647,57,0,1,0,2,0,28,1,1,pre_allocation
205,699,normal,0,0,65535_65535,0,4,93647,88,1,1,1,3,88,28,1,1,allocated
205,699,normal,0,0,65535_65535,0,3,93111,57,0,1,0,2,0,28,1,1,pre_allocation
205,699,normal,0,0,65535_65535,0,3,93111,88,1,1,1,3,88,28,1,1,allocated
205,699,normal,0,0,65535_65535,0,2,92716,57,0,1,0,2,0,28,1,1,pre_allocation
205,699,normal,0,0,65535_65535,0,2,92716,88,1,1,1,3,88,28,1,1,allocated
205,699,normal,0,0,65535_65535,0,1,101289,81,0,1,0,3,0,26,1,1,pre_allocation
205,699,normal,0,0,65535_65535,0,1,101289,109,1,1,1,4,109,26,1,1,allocated
205,699,normal,0,0,65535_65535,0,5,94557,88,0,1,0,3,0,28,1,1,pre_allocation
205,699,normal,0,0,65535_65535,0,5,94557,118,1,1,1,4,118,28,1,1,allocated
205,699,normal,0,0,65535_65535,0,4,93647,88,0,1,0,3,0,28,1,1,pre_allocation
205,699,normal,0,0,65535_65535,0,4,93647,118,1,1,1,4,118,28,1,1,allocated
205,699,normal,0,0,65535_65535,0,3,93111,88,0,1,0,3,0,28,1,1,pre_allocation
205,699,normal,0,0,65535_65535,0,3,93111,118,1,1,1,4,118,28,1,1,allocated
205,699,normal,0,0,65535_65535,0,2,92716,88,0,1,0,3,0,28,1,1,pre_allocation
205,699,normal,0,0,65535_65535,0,2,92716,118,1,1,1,4,118,28,1,1,allocated
205,699,normal,0,0,65535_65535,0,1,101289,109,0,1,0,4,0,26,1,1,pre_allocation
205,699,normal,0,0,65535_65535,0,1,101289,137,1,1,1,5,137,26,1,1,allocated
205,699,normal,0,0,65535_65535,0,5,94557,118,0,1,0,4,0,28,1,1,pre_allocation
205,699,normal,0,0,65535_65535,0,5,94557,148,1,1,1,5,148,28,1,1,allocated
205,699,normal,0,0,65535_65535,0,4,93647,118,0,1,0,4,0,28,1,1,pre_allocation
205,699,normal,0,0,65535_65535,0,4,93647,148,1,1,1,5,148,28,1,1,allocated
205,699,normal,0,0,65535_65535,0,3,93111,118,0,1,0,4,0,28,1,1,pre_allocation
205,699,normal,0,0,65535_65535,0,3,93111,148,1,1,1,5,148,28,1,1,allocated
205,699,normal,0,0,65535_65535,0,2,92716,118,0,1,0,4,0,28,1,1,pre_allocation
205,699,normal,0,0,65535_65535,0,2,92716,148,1,1,1,5,148,28,1,1,allocated
205,699,normal,0,0,65535_65535,0,1,101289,137,0,1,0,5,0,26,1,1,pre_allocation
205,699,normal,0,0,65535_65535,0,1,101289,165,1,1,1,6,165,26,1,1,allocated
205,699,normal,0,0,65535_65535,0,5,94557,148,0,1,0,5,0,28,1,1,pre_allocation
205,699,normal,0,0,65535_65535,0,5,94557,179,1,1,1,6,179,28,1,1,allocated
205,699,normal,0,0,65535_65535,0,4,93647,148,0,1,0,5,0,28,1,1,pre_allocation
205,699,normal,0,0,65535_65535,0,4,93647,179,1,1,1,6,179,28,1,1,allocated
205,699,normal,0,0,65535_65535,0,3,93111,148,0,1,0,5,0,28,1,1,pre_allocation
205,699,normal,0,0,65535_65535,0,3,93111,179,1,1,1,6,179,28,1,1,allocated
205,699,normal,0,0,65535_65535,0,2,92716,148,0,1,0,5,0,28,1,1,pre_allocation
205,699,normal,0,0,65535_65535,0,2,92716,179,1,1,1,6,179,28,1,1,allocated
205,699,normal,0,0,65535_65535,0,1,101289,165,0,1,0,6,0,26,1,1,pre_allocation
205,699,normal,0,0,65535_65535,0,1,101289,193,1,1,1,7,193,26,1,1,allocated
205,699,normal,0,0,65535_65535,0,5,94557,179,0,1,0,6,0,28,1,1,pre_allocation
205,699,normal,0,0,65535_65535,0,5,94557,209,1,1,1,7,209,28,1,1,allocated
205,699,normal,0,0,65535_65535,0,4,93647,179,0,1,0,6,0,28,1,1,pre_allocation
205,699,normal,0,0,65535_65535,0,4,93647,209,1,1,1,7,209,28,1,1,allocated
205,699,normal,0,0,65535_65535,0,3,93111,179,0,1,0,6,0,28,1,1,pre_allocation
205,699,normal,0,0,65535_65535,0,3,93111,209,1,1,1,7,209,28,1,1,allocated
205,699,normal,0,0,65535_65535,0,2,92716,179,0,1,0,6,0,28,1,1,pre_allocation
205,699,normal,0,0,65535_65535,0,2,92716,209,1,1,1,7,209,28,1,1,allocated
205,699,normal,0,0,65535_65535,0,1,101289,193,0,1,0,7,0,26,1,1,pre_allocation
205,699,normal,0,0,65535_65535,0,1,101289,221,1,1,1,8,221,26,1,1,allocated
205,699,normal,0,0,65535_65535,0,5,94557,209,0,1,0,7,0,28,1,1,pre_allocation
205,699,normal,0,0,65535_65535,0,5,94557,239,1,1,1,8,239,28,1,1,allocated
205,699,normal,0,0,65535_65535,0,4,93647,209,0,1,0,7,0,28,1,1,pre_allocation
205,699,normal,0,0,65535_65535,0,4,93647,239,1,1,1,8,239,28,1,1,allocated
205,699,normal,0,0,65535_65535,0,3,93111,209,0,1,0,7,0,28,1,1,pre_allocation
205,699,normal,0,0,65535_65535,0,3,93111,239,1,1,1,8,239,28,1,1,allocated
205,699,normal,0,0,65535_65535,0,2,92716,209,0,1,0,7,0,28,1,1,pre_allocation
205,699,normal,0,0,65535_65535,0,2,92716,239,1,1,1,8,239,28,1,1,allocated
205,699,normal,0,0,65535_65535,0,1,101289,221,0,1,0,8,0,26,1,1,pre_allocation
205,699,normal,0,0,65535_65535,0,1,101289,249,1,1,1,9,249,26,1,1,allocated
205,699,normal,0,0,65535_65535,0,5,94557,239,0,1,0,8,0,28,1,1,pre_allocation
205,699,normal,0,0,65535_65535,0,5,94557,270,1,1,1,9,270,28,1,1,allocated
205,699,normal,0,0,65535_65535,0,4,93647,239,0,1,0,8,0,28,1,1,pre_allocation
205,699,normal,0,0,65535_65535,0,4,93647,270,1,1,1,9,270,28,1,1,allocated
205,699,normal,0,0,65535_65535,0,3,93111,239,0,1,0,8,0,28,1,1,pre_allocation
205,699,normal,0,0,65535_65535,0,3,93111,270,1,1,1,9,270,28,1,1,allocated
205,699,normal,0,0,65535_65535,0,2,92716,239,0,1,0,8,0,28,1,1,pre_allocation
205,699,normal,0,0,65535_65535,0,2,92716,270,1,1,1,9,270,28,1,1,allocated
205,699,normal,0,0,65535_65535,0,1,101289,249,0,1,0,9,0,26,1,1,pre_allocation
205,699,normal,0,0,65535_65535,0,1,101289,277,1,1,1,10,277,26,1,1,allocated
205,699,normal,0,0,65535_65535,0,5,94557,270,0,1,0,9,0,28,1,1,pre_allocation
205,699,normal,0,0,65535_65535,0,5,94557,300,1,1,1,10,300,28,1,1,allocated
205,699,normal,0,0,65535_65535,0,4,93647,270,0,1,0,9,0,28,1,1,pre_allocation
205,699,normal,0,0,65535_65535,0,4,93647,300,1,1,1,10,300,28,1,1,allocated
205,699,normal,0,0,65535_65535,0,3,93111,270,0,1,0,9,0,28,1,1,pre_allocation
205,699,normal,0,0,65535_65535,0,3,93111,300,1,1,1,10,300,28,1,1,allocated
205,699,normal,0,0,65535_65535,0,2,92716,270,0,1,0,9,0,28,1,1,pre_allocation
205,699,normal,0,0,65535_65535,0,2,92716,300,1,1,1,10,300,28,1,1,allocated
205,699,normal,0,0,65535_65535,0,1,101289,277,0,1,0,10,0,26,1,1,pre_allocation
205,699,normal,0,0,65535_65535,0,1,101289,305,1,1,1,11,305,26,1,1,allocated
205,699,normal,0,0,65535_65535,0,5,94557,300,0,1,0,10,0,28,1,1,pre_allocation
205,699,normal,0,0,65535_65535,0,5,94557,330,1,1,1,11,330,28,1,1,allocated
205,699,normal,0,0,65535_65535,0,4,93647,300,0,1,0,10,0,28,1,1,pre_allocation
205,699,normal,0,0,65535_65535,0,4,93647,330,1,1,1,11,330,28,1,1,allocated
205,699,normal,0,0,65535_65535,0,3,93111,300,0,1,0,10,0,28,1,1,pre_allocation
205,699,normal,0,0,65535_65535,0,3,93111,330,1,1,1,11,330,28,1,1,allocated
205,699,normal,0,0,65535_65535,0,2,92716,300,0,1,0,10,0,28,1,1,pre_allocation
205,699,normal,0,0,65535_65535,0,2,92716,330,1,1,1,11,330,28,1,1,allocated
205,699,normal,0,0,65535_65535,0,1,101289,305,0,1,0,11,0,26,1,1,pre_allocation
205,699,normal,0,0,65535_65535,0,1,101289,333,1,1,1,12,333,26,1,1,allocated
205,699,normal,0,0,65535_65535,0,5,94557,330,0,1,0,11,0,28,1,1,pre_allocation
205,699,normal,0,0,65535_65535,0,5,94557,361,1,1,1,12,361,28,1,1,allocated
205,699,normal,0,0,65535_65535,0,4,93647,330,0,1,0,11,0,28,1,1,pre_allocation
205,699,normal,0,0,65535_65535,0,4,93647,361,1,1,1,12,361,28,1,1,allocated
205,699,normal,0,0,65535_65535,0,3,93111,330,0,1,0,11,0,28,1,1,pre_allocation
205,699,normal,0,0,65535_65535,0,3,93111,361,1,1,1,12,361,28,1,1,allocated
205,699,normal,0,0,65535_65535,0,2,92716,330,0,1,0,11,0,28,1,1,pre_allocation
205,699,normal,0,0,65535_65535,0,2,92716,361,1,1,1,12,361,28,1,1,allocated
205,699,normal,0,0,65535_65535,0,1,101289,333,0,1,0,12,0,26,1,1,pre_allocation
205,699,normal,0,0,65535_65535,0,1,101289,361,1,1,1,13,361,26,1,1,allocated
205,699,normal,0,0,65535_65535,0,5,94557,361,0,1,0,12,0,28,1,1,pre_allocation
205,699,normal,0,0,65535_65535,0,5,94557,391,1,1,1,13,391,28,1,1,allocated
205,699,normal,0,0,65535_65535,0,4,93647,361,0,1,0,12,0,28,1,1,pre_allocation
205,699,normal,0,0,65535_65535,0,4,93647,391,1,1,1,13,391,28,1,1,allocated
205,699,normal,0,0,65535_65535,0,3,93111,361,0,1,0,12,0,28,1,1,pre_allocation
205,699,normal,0,0,65535_65535,0,3,93111,391,1,1,1,13,391,28,1,1,allocated
205,699,normal,0,0,65535_65535,0,2,92716,361,0,1,0,12,0,28,1,1,pre_allocation
205,699,normal,0,0,65535_65535,0,2,92716,391,1,1,1,13,391,28,1,1,allocated
205,699,normal,0,0,65535_65535,0,1,101289,361,0,1,0,13,0,26,1,1,pre_allocation
205,699,normal,0,0,65535_65535,0,1,101289,389,1,1,1,14,389,26,1,1,allocated
205,699,normal,0,0,65535_65535,0,5,94557,391,0,1,0,13,0,28,1,1,pre_allocation
205,699,normal,0,0,65535_65535,0,5,94557,422,1,1,1,14,422,28,1,1,allocated
205,699,normal,0,0,65535_65535,0,4,93647,391,0,1,0,13,0,28,1,1,pre_allocation
205,699,normal,0,0,65535_65535,0,4,93647,422,1,1,1,14,422,28,1,1,allocated
205,699,normal,0,0,65535_65535,0,3,93111,391,0,1,0,13,0,28,1,1,pre_allocation
205,699,normal,0,0,65535_65535,0,3,93111,422,1,1,1,14,422,28,1,1,allocated
205,699,normal,0,0,65535_65535,0,2,92716,391,0,1,0,13,0,28,1,1,pre_allocation
205,699,normal,0,0,65535_65535,0,2,92716,422,1,1,1,14,422,28,1,1,allocated
205,699,normal,0,0,65535_65535,0,1,101289,389,0,1,0,14,0,26,1,1,pre_allocation
205,699,normal,0,0,65535_65535,0,1,101289,417,1,1,1,15,417,26,1,1,allocated
205,699,normal,0,0,65535_65535,0,5,94557,422,0,1,0,14,0,28,1,1,pre_allocation
205,699,normal,0,0,65535_65535,0,5,94557,452,1,1,1,15,452,28,1,1,allocated
205,699,normal,0,0,65535_65535,0,4,93647,422,0,1,0,14,0,28,1,1,pre_allocation
205,699,normal,0,0,65535_65535,0,4,93647,452,1,1,1,15,452,28,1,1,allocated
205,699,normal,0,0,65535_65535,0,3,93111,422,0,1,0,14,0,28,1,1,pre_allocation
205,699,normal,0,0,65535_65535,0,3,93111,452,1,1,1,15,452,28,1,1,allocated
205,699,normal,0,0,65535_65535,0,2,92716,422,0,1,0,14,0,28,1,1,pre_allocation
205,699,normal,0,0,65535_65535,0,2,92716,452,1,1,1,15,452,28,1,1,allocated
205,699,normal,0,0,65535_65535,0,1,101289,417,0,1,0,15,0,26,1,1,pre_allocation
205,699,normal,0,0,65535_65535,0,1,101289,445,1,1,1,16,445,26,1,1,allocated
205,699,normal,0,0,65535_65535,0,5,94557,452,0,1,0,15,0,28,1,1,pre_allocation
205,699,normal,0,0,65535_65535,0,5,94557,482,1,1,1,16,482,28,1,1,allocated
205,699,normal,0,0,65535_65535,0,4,93647,452,0,1,0,15,0,28,1,1,pre_allocation
205,699,normal,0,0,65535_65535,0,4,93647,482,1,1,1,16,482,28,1,1,allocated
205,699,normal,0,0,65535_65535,0,3,93111,452,0,1,0,15,0,28,1,1,pre_allocation
205,699,normal,0,0,65535_65535,0,3,93111,482,1,1,1,16,482,28,1,1,allocated
205,699,normal,0,0,65535_65535,0,2,92716,452,0,1,0,15,0,28,1,1,pre_allocation
205,699,normal,0,0,65535_65535,0,2,92716,482,1,1,1,16,482,28,1,1,allocated
205,699,normal,0,0,65535_65535,0,1,101289,445,0,1,0,16,0,26,1,1,pre_allocation
205,699,normal,0,0,65535_65535,0,1,101289,473,1,1,1,17,473,26,1,1,allocated
205,699,normal,0,0,65535_65535,0,5,94557,482,0,1,0,16,0,28,1,1,pre_allocation
205,699,normal,0,0,65535_65535,0,5,94557,513,1,1,1,17,513,28,1,1,allocated
205,699,normal,0,0,65535_65535,0,4,93647,482,0,1,0,16,0,28,1,1,pre_allocation
205,699,normal,0,0,65535_65535,0,4,93647,513,1,1,1,17,513,28,1,1,allocated
205,699,normal,0,0,65535_65535,0,3,93111,482,0,1,0,16,0,28,1,1,pre_allocation
205,699,normal,0,0,65535_65535,0,3,93111,513,1,1,1,17,513,28,1,1,allocated
205,699,normal,0,0,65535_65535,0,2,92716,482,0,1,0,16,0,28,1,1,pre_allocation
205,699,normal,0,0,65535_65535,0,2,92716,513,1,1,1,17,513,28,1,1,allocated
205,699,normal,0,0,65535_65535,0,1,101289,473,0,1,0,17,0,26,1,1,pre_allocation
205,699,normal,0,0,65535_65535,0,1,101289,501,1,1,1,18,501,26,1,1,allocated
205,699,normal,0,0,65535_65535,0,5,94557,513,0,1,0,17,0,28,1,1,pre_allocation
205,699,normal,0,0,65535_65535,0,5,94557,543,1,1,1,18,543,28,1,1,allocated
205,699,normal,0,0,65535_65535,0,4,93647,513,0,1,0,17,0,28,1,1,pre_allocation
205,699,normal,0,0,65535_65535,0,4,93647,543,1,1,1,18,543,28,1,1,allocated
205,699,normal,0,0,65535_65535,0,3,93111,513,0,1,0,17,0,28,1,1,pre_allocation
205,699,normal,0,0,65535_65535,0,3,93111,543,1,1,1,18,543,28,1,1,allocated
205,699,normal,0,0,65535_65535,0,2,92716,513,0,1,0,17,0,28,1,1,pre_allocation
205,699,normal,0,0,65535_65535,0,2,92716,543,1,1,1,18,543,28,1,1,allocated
205,699,normal,0,0,65535_65535,0,1,101289,501,0,1,0,18,0,26,1,1,pre_allocation
205,699,normal,0,0,65535_65535,0,1,101289,529,1,1,1,19,529,26,1,1,allocated
205,699,normal,0,0,65535_65535,0,5,94557,543,0,1,0,18,0,28,1,1,pre_allocation
205,699,normal,0,0,65535_65535,0,5,94557,573,1,1,1,19,573,28,1,1,allocated
205,699,normal,0,0,65535_65535,0,4,93647,543,0,1,0,18,0,28,1,1,pre_allocation
205,699,normal,0,0,65535_65535,0,4,93647,573,1,1,1,19,573,28,1,1,allocated
205,699,normal,0,0,65535_65535,0,3,93111,543,0,1,0,18,0,28,1,1,pre_allocation
205,699,normal,0,0,65535_65535,0,3,93111,573,1,1,1,19,573,28,1,1,allocated
205,699,normal,0,0,65535_65535,0,2,92716,543,0,1,0,18,0,28,1,1,pre_allocation
205,699,normal,0,0,65535_65535,0,2,92716,573,1,1,1,19,573,28,1,1,allocated
205,699,normal,0,0,65535_65535,0,1,101289,529,0,1,0,19,0,26,1,1,pre_allocation
205,699,normal,0,0,65535_65535,0,1,101289,558,1,1,1,20,558,26,1,1,allocated
205,699,normal,0,0,65535_65535,0,5,94557,573,0,1,0,19,0,28,1,1,pre_allocation
205,699,normal,0,0,65535_65535,0,5,94557,604,1,1,1,20,604,28,1,1,allocated
205,699,normal,0,0,65535_65535,0,4,93647,573,0,1,0,19,0,28,1,1,pre_allocation
205,699,normal,0,0,65535_65535,0,4,93647,604,1,1,1,20,604,28,1,1,allocated
205,699,normal,0,0,65535_65535,1,10,87,0,0,1,0,0,0,28,1,1,pre_allocation
205,699,normal,0,0,65535_65535,1,10,87,27,1,1,1,1,27,28,1,1,allocated
205,699,normal,0,0,65535_65535,1,9,87,0,0,1,0,0,0,28,1,1,pre_allocation
205,699,normal,0,0,65535_65535,1,9,87,27,1,1,1,1,27,28,1,1,allocated
205,699,normal,0,0,65535_65535,1,7,87,0,0,1,0,0,0,28,1,1,pre_allocation
205,699,normal,0,0,65535_65535,1,7,87,27,1,1,1,1,27,28,1,1,allocated
205,699,normal,0,0,65535_65535,1,6,87,0,0,1,0,0,0,28,1,1,pre_allocation
205,699,normal,0,0,65535_65535,1,6,87,27,1,1,1,1,27,28,1,1,allocated
205,699,normal,0,0,65535_65535,1,10,87,27,0,1,0,1,0,28,1,1,pre_allocation
205,699,normal,0,0,65535_65535,1,10,87,57,1,1,1,2,57,28,1,1,allocated
205,699,normal,0,0,65535_65535,1,9,87,27,0,1,0,1,0,28,1,1,pre_allocation
205,699,normal,0,0,65535_65535,1,9,87,57,1,1,1,2,57,28,1,1,allocated
205,699,normal,0,0,65535_65535,1,7,87,27,0,1,0,1,0,28,1,1,pre_allocation
205,699,normal,0,0,65535_65535,1,7,87,57,1,1,1,2,57,28,1,1,allocated
205,699,normal,0,0,65535_65535,1,6,87,27,0,1,0,1,0,28,1,1,pre_allocation
205,699,normal,0,0,65535_65535,1,6,87,57,1,1,1,2,57,28,1,1,allocated
205,699,normal,0,0,65535_65535,1,10,87,57,0,1,0,2,0,28,1,1,pre_allocation
205,699,normal,0,0,65535_65535,1,10,87,88,1,1,1,3,88,28,1,1,allocated
205,699,normal,0,0,65535_65535,1,9,87,57,0,1,0,2,0,28,1,1,pre_allocation
205,699,normal,0,0,65535_65535,1,9,87,88,1,1,1,3,88,28,1,1,allocated
205,699,normal,0,0,65535_65535,1,7,87,57,0,1,0,2,0,28,1,1,pre_allocation
205,699,normal,0,0,65535_65535,1,7,87,88,1,1,1,3,88,28,1,1,allocated
205,699,normal,0,0,65535_65535,1,6,87,57,0,1,0,2,0,28,1,1,pre_allocation
205,699,normal,0,0,65535_65535,1,6,87,88,1,1,1,3,88,28,1,1,allocated
205,699,normal,0,0,65535_65535,1,10,87,88,0,1,0,3,0,28,1,1,pre_allocation
205,699,normal,0,0,65535_65535,1,10,87,118,1,1,1,4,118,28,1,1,allocated
205,699,normal,0,0,65535_65535,1,9,87,88,0,1,0,3,0,28,1,1,pre_allocation
205,699,normal,0,0,65535_65535,1,9,87,118,1,1,1,4,118,28,1,1,allocated
205,699,normal,0,0,65535_65535,1,7,87,88,0,1,0,3,0,28,1,1,pre_allocation
205,699,normal,0,0,65535_65535,1,7,87,118,1,1,1,4,118,28,1,1,allocated
205,699,normal,0,0,65535_65535,1,6,87,88,0,1,0,3,0,28,1,1,pre_allocation
205,699,normal,0,0,65535_65535,1,6,87,118,1,1,1,4,118,28,1,1,allocated
205,699,normal,0,0,65535_65535,1,10,87,118,0,1,0,4,0,28,1,1,pre_allocation
205,699,normal,0,0,65535_65535,1,10,87,148,1,1,1,5,148,28,1,1,allocated
205,699,normal,0,0,65535_65535,1,9,87,118,0,1,0,4,0,28,1,1,pre_allocation
205,699,normal,0,0,65535_65535,1,9,87,148,1,1,1,5,148,28,1,1,allocated
205,699,normal,0,0,65535_65535,1,7,87,118,0,1,0,4,0,28,1,1,pre_allocation
205,699,normal,0,0,65535_65535,1,7,87,148,1,1,1,5,148,28,1,1,allocated
205,699,normal,0,0,65535_65535,1,6,87,118,0,1,0,4,0,28,1,1,pre_allocation
205,699,normal,0,0,65535_65535,1,6,87,148,1,1,1,5,148,28,1,1,allocated
205,699,normal,0,0,65535_65535,1,10,87,148,0,1,0,5,0,28,1,1,pre_allocation
205,699,normal,0,0,65535_65535,1,10,87,179,1,1,1,6,179,28,1,1,allocated
205,699,normal,0,0,65535_65535,1,9,87,148,0,1,0,5,0,28,1,1,pre_allocation
205,699,normal,0,0,65535_65535,1,9,87,179,1,1,1,6,179,28,1,1,allocated
205,699,normal,0,0,65535_65535,1,7,87,148,0,1,0,5,0,28,1,1,pre_allocation
205,699,normal,0,0,65535_65535,1,7,87,179,1,1,1,6,179,28,1,1,allocated
205,699,normal,0,0,65535_65535,1,6,87,148,0,1,0,5,0,28,1,1,pre_allocation
205,699,normal,0,0,65535_65535,1,6,87,179,1,1,1,6,179,28,1,1,allocated
205,699,normal,0,0,65535_65535,1,10,87,179,0,1,0,6,0,28,1,1,pre_allocation
205,699,normal,0,0,65535_65535,1,10,87,209,1,1,1,7,209,28,1,1,allocated
205,699,normal,0,0,65535_65535,1,9,87,179,0,1,0,6,0,28,1,1,pre_allocation
205,699,normal,0,0,65535_65535,1,9,87,209,1,1,1,7,209,28,1,1,allocated
205,699,normal,0,0,65535_65535,1,7,87,179,0,1,0,6,0,28,1,1,pre_allocation
205,699,normal,0,0,65535_65535,1,7,87,209,1,1,1,7,209,28,1,1,allocated
205,699,normal,0,0,65535_65535,1,6,87,179,0,1,0,6,0,28,1,1,pre_allocation
205,699,normal,0,0,65535_65535,1,6,87,209,1,1,1,7,209,28,1,1,allocated
205,699,normal,0,0,65535_65535,1,10,87,209,0,1,0,7,0,28,1,1,pre_allocation
205,699,normal,0,0,65535_65535,1,10,87,239,1,1,1,8,239,28,1,1,allocated
205,699,normal,0,0,65535_65535,1,9,87,209,0,1,0,7,0,28,1,1,pre_allocation
205,699,normal,0,0,65535_65535,1,9,87,239,1,1,1,8,239,28,1,1,allocated
205,699,normal,0,0,65535_65535,1,7,87,209,0,1,0,7,0,28,1,1,pre_allocation
205,699,normal,0,0,65535_65535,1,7,87,239,1,1,1,8,239,28,1,1,allocated
205,699,normal,0,0,65535_65535,1,6,87,209,0,1,0,7,0,28,1,1,pre_allocation
205,699,normal,0,0,65535_65535,1,6,87,239,1,1,1,8,239,28,1,1,allocated
205,699,normal,0,0,65535_65535,1,10,87,239,0,1,0,8,0,28,1,1,pre_allocation
205,699,normal,0,0,65535_65535,1,10,87,270,1,1,1,9,270,28,1,1,allocated
205,699,normal,0,0,65535_65535,1,9,87,239,0,1,0,8,0,28,1,1,pre_allocation
205,699,normal,0,0,65535_65535,1,9,87,270,1,1,1,9,270,28,1,1,allocated
205,699,normal,0,0,65535_65535,1,7,87,239,0,1,0,8,0,28,1,1,pre_allocation
205,699,normal,0,0,65535_65535,1,7,87,270,1,1,1,9,270,28,1,1,allocated
205,699,normal,0,0,65535_65535,1,6,87,239,0,1,0,8,0,28,1,1,pre_allocation
205,699,normal,0,0,65535_65535,1,6,87,270,1,1,1,9,270,28,1,1,allocated
205,699,normal,0,0,65535_65535,1,10,87,270,0,1,0,9,0,28,1,1,pre_allocation
205,699,normal,0,0,65535_65535,1,10,87,300,1,1,1,10,300,28,1,1,allocated
205,699,normal,0,0,65535_65535,1,9,87,270,0,1,0,9,0,28,1,1,pre_allocation
205,699,normal,0,0,65535_65535,1,9,87,300,1,1,1,10,300,28,1,1,allocated
205,699,normal,0,0,65535_65535,1,7,87,270,0,1,0,9,0,28,1,1,pre_allocation
205,699,normal,0,0,65535_65535,1,7,87,300,1,1,1,10,300,28,1,1,allocated
205,699,normal,0,0,65535_65535,1,6,87,270,0,1,0,9,0,28,1,1,pre_allocation
205,699,normal,0,0,65535_65535,1,6,87,300,1,1,1,10,300,28,1,1,allocated
205,699,normal,0,0,65535_65535,1,10,87,300,0,1,0,10,0,28,1,1,pre_allocation
205,699,normal,0,0,65535_65535,1,10,87,330,1,1,1,11,330,28,1,1,allocated
205,699,normal,0,0,65535_65535,1,9,87,300,0,1,0,10,0,28,1,1,pre_allocation
205,699,normal,0,0,65535_65535,1,9,87,330,1,1,1,11,330,28,1,1,allocated
205,699,normal,0,0,65535_65535,1,7,87,300,0,1,0,10,0,28,1,1,pre_allocation
205,699,normal,0,0,65535_65535,1,7,87,330,1,1,1,11,330,28,1,1,allocated
205,699,normal,0,0,65535_65535,1,6,87,300,0,1,0,10,0,28,1,1,pre_allocation
205,699,normal,0,0,65535_65535,1,6,87,330,1,1,1,11,330,28,1,1,allocated
205,699,normal,0,0,65535_65535,1,10,87,330,0,1,0,11,0,28,1,1,pre_allocation
205,699,normal,0,0,65535_65535,1,10,87,361,1,1,1,12,361,28,1,1,allocated
205,699,normal,0,0,65535_65535,1,9,87,330,0,1,0,11,0,28,1,1,pre_allocation
205,699,normal,0,0,65535_65535,1,9,87,361,1,1,1,12,361,28,1,1,allocated
205,699,normal,0,0,65535_65535,1,7,87,330,0,1,0,11,0,28,1,1,pre_allocation
205,699,normal,0,0,65535_65535,1,7,87,361,1,1,1,12,361,28,1,1,allocated
205,699,normal,0,0,65535_65535,1,6,87,330,0,1,0,11,0,28,1,1,pre_allocation
205,699,normal,0,0,65535_65535,1,6,87,361,1,1,1,12,361,28,1,1,allocated
205,699,normal,0,0,65535_65535,1,10,87,361,0,1,0,12,0,28,1,1,pre_allocation
205,699,normal,0,0,65535_65535,1,10,87,391,1,1,1,13,391,28,1,1,allocated
205,699,normal,0,0,65535_65535,1,9,87,361,0,1,0,12,0,28,1,1,pre_allocation
205,699,normal,0,0,65535_65535,1,9,87,391,1,1,1,13,391,28,1,1,allocated
205,699,normal,0,0,65535_65535,1,7,87,361,0,1,0,12,0,28,1,1,pre_allocation
205,699,normal,0,0,65535_65535,1,7,87,391,1,1,1,13,391,28,1,1,allocated
205,699,normal,0,0,65535_65535,1,6,87,361,0,1,0,12,0,28,1,1,pre_allocation
205,699,normal,0,0,65535_65535,1,6,87,391,1,1,1,13,391,28,1,1,allocated
205,699,normal,0,0,65535_65535,1,10,87,391,0,1,0,13,0,28,1,1,pre_allocation
205,699,normal,0,0,65535_65535,1,10,87,422,1,1,1,14,422,28,1,1,allocated
205,699,normal,0,0,65535_65535,1,9,87,391,0,1,0,13,0,28,1,1,pre_allocation
205,699,normal,0,0,65535_65535,1,9,87,422,1,1,1,14,422,28,1,1,allocated
205,699,normal,0,0,65535_65535,1,7,87,391,0,1,0,13,0,28,1,1,pre_allocation
205,699,normal,0,0,65535_65535,1,7,87,422,1,1,1,14,422,28,1,1,allocated
205,699,normal,0,0,65535_65535,1,6,87,391,0,1,0,13,0,28,1,1,pre_allocation
205,699,normal,0,0,65535_65535,1,6,87,422,1,1,1,14,422,28,1,1,allocated
205,699,normal,0,0,65535_65535,1,10,87,422,0,1,0,14,0,28,1,1,pre_allocation
205,699,normal,0,0,65535_65535,1,10,87,452,1,1,1,15,452,28,1,1,allocated
205,699,normal,0,0,65535_65535,1,9,87,422,0,1,0,14,0,28,1,1,pre_allocation
205,699,normal,0,0,65535_65535,1,9,87,452,1,1,1,15,452,28,1,1,allocated
205,699,normal,0,0,65535_65535,1,7,87,422,0,1,0,14,0,28,1,1,pre_allocation
205,699,normal,0,0,65535_65535,1,7,87,452,1,1,1,15,452,28,1,1,allocated
205,699,normal,0,0,65535_65535,1,6,87,422,0,1,0,14,0,28,1,1,pre_allocation
205,699,normal,0,0,65535_65535,1,6,87,452,1,1,1,15,452,28,1,1,allocated
205,699,normal,0,0,65535_65535,1,10,87,452,0,1,0,15,0,28,1,1,pre_allocation
205,699,normal,0,0,65535_65535,1,10,87,482,1,1,1,16,482,28,1,1,allocated
205,699,normal,0,0,65535_65535,1,9,87,452,0,1,0,15,0,28,1,1,pre_allocation
205,699,normal,0,0,65535_65535,1,9,87,482,1,1,1,16,482,28,1,1,allocated
205,699,normal,0,0,65535_65535,1,7,87,452,0,1,0,15,0,28,1,1,pre_allocation
205,699,normal,0,0,65535_65535,1,7,87,482,1,1,1,16,482,28,1,1,allocated
205,699,normal,0,0,65535_65535,1,6,87,452,0,1,0,15,0,28,1,1,pre_allocation
205,699,normal,0,0,65535_65535,1,6,87,482,1,1,1,16,482,28,1,1,allocated
205,699,normal,0,0,65535_65535,1,10,87,482,0,1,0,16,0,28,1,1,pre_allocation
205,699,normal,0,0,65535_65535,1,10,87,513,1,1,1,17,513,28,1,1,allocated
205,699,normal,0,0,65535_65535,1,9,87,482,0,1,0,16,0,28,1,1,pre_allocation
205,699,normal,0,0,65535_65535,1,9,87,513,1,1,1,17,513,28,1,1,allocated
205,699,normal,0,0,65535_65535,1,7,87,482,0,1,0,16,0,28,1,1,pre_allocation
205,699,normal,0,0,65535_65535,1,7,87,513,1,1,1,17,513,28,1,1,allocated
205,699,normal,0,0,65535_65535,1,6,87,482,0,1,0,16,0,28,1,1,pre_allocation
205,699,normal,0,0,65535_65535,1,6,87,513,1,1,1,17,513,28,1,1,allocated
205,699,normal,0,0,65535_65535,1,10,87,513,0,1,0,17,0,28,1,1,pre_allocation
205,699,normal,0,0,65535_65535,1,10,87,543,1,1,1,18,543,28,1,1,allocated
205,699,normal,0,0,65535_65535,1,9,87,513,0,1,0,17,0,28,1,1,pre_allocation
205,699,normal,0,0,65535_65535,1,9,87,543,1,1,1,18,543,28,1,1,allocated
205,699,normal,0,0,65535_65535,1,7,87,513,0,1,0,17,0,28,1,1,pre_allocation
205,699,normal,0,0,65535_65535,1,7,87,543,1,1,1,18,543,28,1,1,allocated
205,699,normal,0,0,65535_65535,1,6,87,513,0,1,0,17,0,28,1,1,pre_allocation
205,699,normal,0,0,65535_65535,1,6,87,543,1,1,1,18,543,28,1,1,allocated
205,699,normal,0,0,65535_65535,1,10,87,543,0,1,0,18,0,28,1,1,pre_allocation
205,699,normal,0,0,65535_65535,1,10,87,573,1,1,1,19,573,28,1,1,allocated
205,699,normal,0,0,65535_65535,1,9,87,543,0,1,0,18,0,28,1,1,pre_allocation
205,699,normal,0,0,65535_65535,1,9,87,573,1,1,1,19,573,28,1,1,allocated
205,699,normal,0,0,65535_65535,1,7,87,543,0,1,0,18,0,28,1,1,pre_allocation
205,699,normal,0,0,65535_65535,1,7,87,573,1,1,1,19,573,28,1,1,allocated
205,699,normal,0,0,65535_65535,1,6,87,543,0,1,0,18,0,28,1,1,pre_allocation
205,699,normal,0,0,65535_65535,1,6,87,573,1,1,1,19,573,28,1,1,allocated
205,699,normal,0,0,65535_65535,1,10,87,573,0,1,0,19,0,28,1,1,pre_allocation
205,699,normal,0,0,65535_65535,1,10,87,604,1,1,1,20,604,28,1,1,allocated
205,699,normal,0,0,65535_65535,1,9,87,573,0,1,0,19,0,28,1,1,pre_allocation
205,699,normal,0,0,65535_65535,1,9,87,604,1,1,1,20,604,28,1,1,allocated
205,699,normal,0,0,65535_65535,1,7,87,573,0,1,0,19,0,28,1,1,pre_allocation
205,699,normal,0,0,65535_65535,1,7,87,604,1,1,1,20,604,28,1,1,allocated
205,699,normal,0,0,65535_65535,1,6,87,573,0,1,0,19,0,28,1,1,pre_allocation
205,699,normal,0,0,65535_65535,1,6,87,604,1,1,1,20,604,28,1,1,allocated
205,699,normal,0,0,65535_65535,1,10,87,604,0,1,0,20,0,28,1,1,pre_allocation
205,699,normal,0,0,65535_65535,1,10,87,634,1,1,1,21,634,28,1,1,allocated
205,699,normal,0,0,65535_65535,1,9,87,604,0,1,0,20,0,28,1,1,pre_allocation
205,699,normal,0,0,65535_65535,1,9,87,634,1,1,1,21,634,28,1,1,allocated
205,699,normal,0,0,65535_65535,1,7,87,604,0,1,0,20,0,28,1,1,pre_allocation
205,699,normal,0,0,65535_65535,1,7,87,634,1,1,1,21,634,28,1,1,allocated
205,699,normal,0,0,65535_65535,1,6,87,604,0,1,0,20,0,28,1,1,pre_allocation
205,699,normal,0,0,65535_65535,1,6,87,634,1,1,1,21,634,28,1,1,allocated
205,699,normal,0,0,65535_65535,1,10,87,634,0,1,0,21,0,28,1,1,pre_allocation
205,699,normal,0,0,65535_65535,1,10,87,664,1,1,1,22,664,28,1,1,allocated
205,699,normal,0,0,65535_65535,1,9,87,634,0,1,0,21,0,28,1,1,pre_allocation
205,699,normal,0,0,65535_65535,1,9,87,664,1,1,1,22,664,28,1,1,allocated
205,699,normal,0,0,65535_65535,1,7,87,634,0,1,0,21,0,28,1,1,pre_allocation
205,699,normal,0,0,65535_65535,1,7,87,664,1,1,1,22,664,28,1,1,allocated
205,699,normal,0,0,65535_65535,1,6,87,634,0,1,0,21,0,28,1,1,pre_allocation
205,699,normal,0,0,65535_65535,1,6,87,664,1,1,1,22,664,28,1,1,allocated
205,699,normal,0,0,65535_65535,1,10,87,664,0,1,0,22,0,28,1,1,pre_allocation
205,699,normal,0,0,65535_65535,1,10,87,695,1,1,1,23,695,28,1,1,allocated
205,699,normal,0,0,65535_65535,1,9,87,664,0,1,0,22,0,28,1,1,pre_allocation
205,699,normal,0,0,65535_65535,1,9,87,695,1,1,1,23,695,28,1,1,allocated
205,699,normal,0,0,65535_65535,1,7,87,664,0,1,0,22,0,28,1,1,pre_allocation
205,699,normal,0,0,65535_65535,1,7,87,695,1,1,1,23,695,28,1,1,allocated
205,699,normal,0,0,65535_65535,1,6,87,664,0,1,0,22,0,28,1,1,pre_allocation
205,699,normal,0,0,65535_65535,1,6,87,695,1,1,1,23,695,28,1,1,allocated
205,699,normal,0,0,65535_65535,1,10,87,695,0,1,0,23,0,28,1,1,pre_allocation
205,699,normal,0,0,65535_65535,1,10,87,725,1,1,1,24,725,28,1,1,allocated
205,699,normal,0,0,65535_65535,1,9,87,695,0,1,0,23,0,28,1,1,pre_allocation
205,699,normal,0,0,65535_65535,1,9,87,725,1,1,1,24,725,28,1,1,allocated
205,699,normal,0,0,65535_65535,1,7,87,695,0,1,0,23,0,28,1,1,pre_allocation
205,699,normal,0,0,65535_65535,1,7,87,725,1,1,1,24,725,28,1,1,allocated
205,699,normal,0,0,65535_65535,1,6,87,695,0,1,0,23,0,28,1,1,pre_allocation
205,699,normal,0,0,65535_65535,1,6,87,725,1,1,1,24,725,28,1,1,allocated
205,699,normal,0,0,65535_65535,1,10,87,725,0,1,0,24,0,28,1,1,pre_allocation
205,699,normal,0,0,65535_65535,1,10,87,756,1,1,1,25,756,28,1,1,allocated
205,699,normal,0,0,65535_65535,1,9,87,725,0,1,0,24,0,28,1,1,pre_allocation
205,699,normal,0,0,65535_65535,1,9,87,756,1,1,1,25,756,28,1,1,allocated
205,699,normal,0,0,65535_65535,1,7,87,725,0,1,0,24,0,28,1,1,pre_allocation
205,699,normal,0,0,65535_65535,1,7,87,756,1,1,1,25,756,28,1,1,allocated
205,699,normal,0,0,65535_65535,1,6,87,725,0,1,0,24,0,28,1,1,pre_allocation
205,699,normal,0,0,65535_65535,1,6,87,756,1,1,1,25,756,28,1,1,allocated
205,699,normal,0,0,65535_65535,1,10,87,756,0,1,0,25,0,28,1,1,pre_allocation
205,699,normal,0,0,65535_65535,1,10,87,786,1,1,1,26,786,28,1,1,allocated
205,699,normal,0,0,65535_65535,1,9,87,756,0,1,0,25,0,28,1,1,pre_allocation
205,699,normal,0,0,65535_65535,1,9,87,786,1,1,1,26,786,28,1,1,allocated
205,699,normal,0,0,65535_65535,1,7,87,756,0,1,0,25,0,28,1,1,pre_allocation
205,699,normal,0,0,65535_65535,1,7,87,786,1,1,1,26,786,28,1,1,allocated
205,699,normal,0,0,65535_65535,1,6,87,756,0,1,0,25,0,28,1,1,pre_allocation
205,699,normal,0,0,65535_65535,1,6,87,786,1,1,1,26,786,28,1,1,allocated
205,699,normal,0,0,65535_65535,1,10,87,786,0,1,0,26,0,28,1,1,pre_allocation
205,699,normal,0,0,65535_65535,1,10,87,816,1,1,1,27,816,28,1,1,allocated
205,699,normal,0,0,65535_65535,1,9,87,786,0,1,0,26,0,28,1,1,pre_allocation
205,699,normal,0,0,65535_65535,1,9,87,816,1,1,1,27,816,28,1,1,allocated
205,699,normal,0,0,65535_65535,2,24,137,0,0,1,0,0,0,28,1,1,pre_allocation
205,699,normal,0,0,65535_65535,2,24,137,27,1,1,1,1,27,28,1,1,allocated
205,699,normal,0,0,65535_65535,2,22,137,0,0,1,0,0,0,28,1,1,pre_allocation
205,699,normal,0,0,65535_65535,2,22,137,27,1,1,1,1,27,28,1,1,allocated
205,699,normal,0,0,65535_65535,2,28,137,0,0,1,0,0,0,28,1,1,pre_allocation
205,699,normal,0,0,65535_65535,2,28,137,27,1,1,1,1,27,28,1,1,allocated
205,699,normal,0,0,65535_65535,2,12,137,0,0,1,0,0,0,28,1,1,pre_allocation
205,699,normal,0,0,65535_65535,2,12,137,27,1,1,1,1,27,28,1,1,allocated
205,699,normal,0,0,65535_65535,2,21,137,0,0,1,0,0,0,28,1,1,pre_allocation
205,699,normal,0,0,65535_65535,2,21,137,27,1,1,1,1,27,28,1,1,allocated
205,699,normal,0,0,65535_65535,2,27,137,0,0,1,0,0,0,28,1,1,pre_allocation
205,699,normal,0,0,65535_65535,2,27,137,27,1,1,1,1,27,28,1,1,allocated
205,699,normal,0,0,65535_65535,2,25,137,0,0,1,0,0,0,28,1,1,pre_allocation
205,699,normal,0,0,65535_65535,2,25,137,27,1,1,1,1,27,28,1,1,allocated
205,699,normal,0,0,65535_65535,2,11,137,0,0,1,0,0,0,28,1,1,pre_allocation
205,699,normal,0,0,65535_65535,2,11,137,27,1,1,1,1,27,28,1,1,allocated
205,699,normal,0,0,65535_65535,2,24,137,27,0,1,0,1,0,28,1,1,pre_allocation
205,699,normal,0,0,65535_65535,2,24,137,57,1,1,1,2,57,28,1,1,allocated
205,699,normal,0,0,65535_65535,2,22,137,27,0,1,0,1,0,28,1,1,pre_allocation
205,699,normal,0,0,65535_65535,2,22,137,57,1,1,1,2,57,28,1,1,allocated
205,699,normal,0,0,65535_65535,2,28,137,27,0,1,0,1,0,28,1,1,pre_allocation
205,699,normal,0,0,65535_65535,2,28,137,57,1,1,1,2,57,28,1,1,allocated
205,699,normal,0,0,65535_65535,2,12,137,27,0,1,0,1,0,28,1,1,pre_allocation
205,699,normal,0,0,65535_65535,2,12,137,57,1,1,1,2,57,28,1,1,allocated
205,699,normal,0,0,65535_65535,2,21,137,27,0,1,0,1,0,28,1,1,pre_allocation
205,699,normal,0,0,65535_65535,2,21,137,57,1,1,1,2,57,28,1,1,allocated
205,699,normal,0,0,65535_65535,2,27,137,27,0,1,0,1,0,28,1,1,pre_allocation
205,699,normal,0,0,65535_65535,2,27,137,57,1,1,1,2,57,28,1,1,allocated
205,699,normal,0,0,65535_65535,2,25,137,27,0,1,0,1,0,28,1,1,pre_allocation
205,699,normal,0,0,65535_65535,2,25,137,57,1,1,1,2,57,28,1,1,allocated
205,699,normal,0,0,65535_65535,2,11,137,27,0,1,0,1,0,28,1,1,pre_allocation
205,699,normal,0,0,65535_65535,2,11,137,57,1,1,1,2,57,28,1,1,allocated
205,699,normal,0,0,65535_65535,2,24,137,57,0,1,0,2,0,28,1,1,pre_allocation
205,699,normal,0,0,65535_65535,2,24,137,88,1,1,1,3,88,28,1,1,allocated
205,699,normal,0,0,65535_65535,2,22,137,57,0,1,0,2,0,28,1,1,pre_allocation
205,699,normal,0,0,65535_65535,2,22,137,88,1,1,1,3,88,28,1,1,allocated
205,699,normal,0,0,65535_65535,2,28,137,57,0,1,0,2,0,28,1,1,pre_allocation
205,699,normal,0,0,65535_65535,2,28,137,88,1,1,1,3,88,28,1,1,allocated
205,699,normal,0,0,65535_65535,2,12,137,57,0,1,0,2,0,28,1,1,pre_allocation
205,699,normal,0,0,65535_65535,2,12,137,88,1,1,1,3,88,28,1,1,allocated
205,699,normal,0,0,65535_65535,2,21,137,57,0,1,0,2,0,28,1,1,pre_allocation
205,699,normal,0,0,65535_65535,2,21,137,88,1,1,1,3,88,28,1,1,allocated
205,699,normal,0,0,65535_65535,2,27,137,57,0,1,0,2,0,28,1,1,pre_allocation
205,699,normal,0,0,65535_65535,2,27,137,88,1,1,1,3,88,28,1,1,allocated
205,699,normal,0,0,65535_65535,2,25,137,57,0,1,0,2,0,28,1,1,pre_allocation
205,699,normal,0,0,65535_65535,2,25,137,88,1,1,1,3,88,28,1,1,allocated
205,699,normal,0,0,65535_65535,2,11,137,57,0,1,0,2,0,28,1,1,pre_allocation
205,699,normal,0,0,65535_65535,2,11,137,88,1,1,1,3,88,28,1,1,allocated
205,699,normal,0,0,65535_65535,2,24,137,88,0,1,0,3,0,28,1,1,pre_allocation
205,699,normal,0,0,65535_65535,2,24,137,118,1,1,1,4,118,28,1,1,allocated
205,699,normal,0,0,65535_65535,2,22,137,88,0,1,0,3,0,28,1,1,pre_allocation
205,699,normal,0,0,65535_65535,2,22,137,118,1,1,1,4,118,28,1,1,allocated
205,699,normal,0,0,65535_65535,2,28,137,88,0,1,0,3,0,28,1,1,pre_allocation
205,699,normal,0,0,65535_65535,2,28,137,118,1,1,1,4,118,28,1,1,allocated
205,699,normal,0,0,65535_65535,2,12,137,88,0,1,0,3,0,28,1,1,pre_allocation
205,699,normal,0,0,65535_65535,2,12,137,118,1,1,1,4,118,28,1,1,allocated
205,699,normal,0,0,65535_65535,2,21,137,88,0,1,0,3,0,28,1,1,pre_allocation
205,699,normal,0,0,65535_65535,2,21,137,118,1,1,1,4,118,28,1,1,allocated
205,699,normal,0,0,65535_65535,2,27,137,88,0,1,0,3,0,28,1,1,pre_allocation
205,699,normal,0,0,65535_65535,2,27,137,118,1,1,1,4,118,28,1,1,allocated
205,699,normal,0,0,65535_65535,2,25,137,88,0,1,0,3,0,28,1,1,pre_allocation
205,699,normal,0,0,65535_65535,2,25,137,118,1,1,1,4,118,28,1,1,allocated
205,699,normal,0,0,65535_65535,2,11,137,88,0,1,0,3,0,28,1,1,pre_allocation
205,699,normal,0,0,65535_65535,2,11,137,118,1,1,1,4,118,28,1,1,allocated
205,699,normal,0,0,65535_65535,2,24,137,118,0,1,0,4,0,28,1,1,pre_allocation
205,699,normal,0,0,65535_65535,2,24,137,148,1,1,1,5,148,28,1,1,allocated
205,699,normal,0,0,65535_65535,2,22,137,118,0,1,0,4,0,28,1,1,pre_allocation
205,699,normal,0,0,65535_65535,2,22,137,148,1,1,1,5,148,28,1,1,allocated
205,699,normal,0,0,65535_65535,2,28,137,118,0,1,0,4,0,28,1,1,pre_allocation
205,699,normal,0,0,65535_65535,2,28,137,148,1,1,1,5,148,28,1,1,allocated
205,699,normal,0,0,65535_65535,2,12,137,118,0,1,0,4,0,28,1,1,pre_allocation
205,699,normal,0,0,65535_65535,2,12,137,148,1,1,1,5,148,28,1,1,allocated
205,699,normal,0,0,65535_65535,2,21,137,118,0,1,0,4,0,28,1,1,pre_allocation
205,699,normal,0,0,65535_65535,2,21,137,148,1,1,1,5,148,28,1,1,allocated
205,699,normal,0,0,65535_65535,2,27,137,118,0,1,0,4,0,28,1,1,pre_allocation
205,699,normal,0,0,65535_65535,2,27,137,148,1,1,1,5,148,28,1,1,allocated
205,699,normal,0,0,65535_65535,2,25,137,118,0,1,0,4,0,28,1,1,pre_allocation
205,699,normal,0,0,65535_65535,2,25,137,148,1,1,1,5,148,28,1,1,allocated
205,699,normal,0,0,65535_65535,2,11,137,118,0,1,0,4,0,28,1,1,pre_allocation
205,699,normal,0,0,65535_65535,2,11,137,148,1,1,1,5,148,28,1,1,allocated
205,699,normal,0,0,65535_65535,2,24,137,148,0,1,0,5,0,28,1,1,pre_allocation
205,699,normal,0,0,65535_65535,2,24,137,179,1,1,1,6,179,28,1,1,allocated
205,699,normal,0,0,65535_65535,2,22,137,148,0,1,0,5,0,28,1,1,pre_allocation
205,699,normal,0,0,65535_65535,2,22,137,179,1,1,1,6,179,28,1,1,allocated
205,699,normal,0,0,65535_65535,2,28,137,148,0,1,0,5,0,28,1,1,pre_allocation
205,699,normal,0,0,65535_65535,2,28,137,179,1,1,1,6,179,28,1,1,allocated
205,699,normal,0,0,65535_65535,2,12,137,148,0,1,0,5,0,28,1,1,pre_allocation
205,699,normal,0,0,65535_65535,2,12,137,179,1,1,1,6,179,28,1,1,allocated
205,699,normal,0,0,65535_65535,2,21,137,148,0,1,0,5,0,28,1,1,pre_allocation
205,699,normal,0,0,65535_65535,2,21,137,179,1,1,1,6,179,28,1,1,allocated
205,699,normal,0,0,65535_65535,2,27,137,148,0,1,0,5,0,28,1,1,pre_allocation
205,699,normal,0,0,65535_65535,2,27,137,179,1,1,1,6,179,28,1,1,allocated
205,699,normal,0,0,65535_65535,2,25,137,148,0,1,0,5,0,28,1,1,pre_allocation
205,699,normal,0,0,65535_65535,2,25,137,179,1,1,1,6,179,28,1,1,allocated
205,699,normal,0,0,65535_65535,2,11,137,148,0,1,0,5,0,28,1,1,pre_allocation
205,699,normal,0,0,65535_65535,2,11,137,179,1,1,1,6,179,28,1,1,allocated
205,699,normal,0,0,65535_65535,2,24,137,179,0,1,0,6,0,28,1,1,pre_allocation
205,699,normal,0,0,65535_65535,2,24,137,209,1,1,1,7,209,28,1,1,allocated
205,699,normal,0,0,65535_65535,2,22,137,179,0,1,0,6,0,28,1,1,pre_allocation
205,699,normal,0,0,65535_65535,2,22,137,209,1,1,1,7,209,28,1,1,allocated
205,699,normal,0,0,65535_65535,2,28,137,179,0,1,0,6,0,28,1,1,pre_allocation
205,699,normal,0,0,65535_65535,2,28,137,209,1,1,1,7,209,28,1,1,allocated
205,699,normal,0,0,65535_65535,2,12,137,179,0,1,0,6,0,28,1,1,pre_allocation
205,699,normal,0,0,65535_65535,2,12,137,209,1,1,1,7,209,28,1,1,allocated
205,699,normal,0,0,65535_65535,2,21,137,179,0,1,0,6,0,28,1,1,pre_allocation
205,699,normal,0,0,65535_65535,2,21,137,209,1,1,1,7,209,28,1,1,allocated
205,699,normal,0,0,65535_65535,2,27,137,179,0,1,0,6,0,28,1,1,pre_allocation
205,699,normal,0,0,65535_65535,2,27,137,209,1,1,1,7,209,28,1,1,allocated
205,699,normal,0,0,65535_65535,2,25,137,179,0,1,0,6,0,28,1,1,pre_allocation
205,699,normal,0,0,65535_65535,2,25,137,209,1,1,1,7,209,28,1,1,allocated
205,699,normal,0,0,65535_65535,2,11,137,179,0,1,0,6,0,28,1,1,pre_allocation
205,699,normal,0,0,65535_65535,2,11,137,209,1,1,1,7,209,28,1,1,allocated
205,699,normal,0,0,65535_65535,2,24,137,209,0,1,0,7,0,28,1,1,pre_allocation
205,699,normal,0,0,65535_65535,2,24,137,239,1,1,1,8,239,28,1,1,allocated
205,699,normal,0,0,65535_65535,2,22,137,209,0,1,0,7,0,28,1,1,pre_allocation
205,699,normal,0,0,65535_65535,2,22,137,239,1,1,1,8,239,28,1,1,allocated
205,699,normal,0,0,65535_65535,2,28,137,209,0,1,0,7,0,28,1,1,pre_allocation
205,699,normal,0,0,65535_65535,2,28,137,239,1,1,1,8,239,28,1,1,allocated
205,699,normal,0,0,65535_65535,2,12,137,209,0,1,0,7,0,28,1,1,pre_allocation
205,699,normal,0,0,65535_65535,2,12,137,239,1,1,1,8,239,28,1,1,allocated
205,699,normal,0,0,65535_65535,2,21,137,209,0,1,0,7,0,28,1,1,pre_allocation
205,699,normal,0,0,65535_65535,2,21,137,239,1,1,1,8,239,28,1,1,allocated
205,699,normal,0,0,65535_65535,2,27,137,209,0,1,0,7,0,28,1,1,pre_allocation
205,699,normal,0,0,65535_65535,2,27,137,239,1,1,1,8,239,28,1,1,allocated
317,797,normal,0,0,65535_65535,0,2,119065,0,0,1,0,0,0,28,1,1,pre_allocation
317,797,normal,0,0,65535_65535,0,2,119065,27,1,1,1,1,27,28,1,1,allocated
317,797,normal,0,0,65535_65535,0,3,120151,0,0,1,0,0,0,28,1,1,pre_allocation
317,797,normal,0,0,65535_65535,0,3,120151,27,1,1,1,1,27,28,1,1,allocated
317,797,normal,0,0,65535_65535,0,4,121223,0,0,1,0,0,0,28,1,1,pre_allocation
317,797,normal,0,0,65535_65535,0,4,121223,27,1,1,1,1,27,28,1,1,allocated
317,797,normal,0,0,65535_65535,0,5,122923,0,0,1,0,0,0,28,1,1,pre_allocation
317,797,normal,0,0,65535_65535,0,5,122923,27,1,1,1,1,27,28,1,1,allocated
317,797,normal,0,0,65535_65535,0,1,136126,0,0,1,0,0,0,26,1,1,pre_allocation
317,797,normal,0,0,65535_65535,0,1,136126,25,1,1,1,1,25,26,1,1,allocated
317,797,normal,0,0,65535_65535,0,2,119065,27,0,1,0,1,0,28,1,1,pre_allocation
317,797,normal,0,0,65535_65535,0,2,119065,57,1,1,1,2,57,28,1,1,allocated
317,797,normal,0,0,65535_65535,0,3,120151,27,0,1,0,1,0,28,1,1,pre_allocation
317,797,normal,0,0,65535_65535,0,3,120151,57,1,1,1,2,57,28,1,1,allocated
317,797,normal,0,0,65535_65535,0,4,121223,27,0,1,0,1,0,28,1,1,pre_allocation
317,797,normal,0,0,65535_65535,0,4,121223,57,1,1,1,2,57,28,1,1,allocated
317,797,normal,0,0,65535_65535,0,5,122923,27,0,1,0,1,0,28,1,1,pre_allocation
317,797,normal,0,0,65535_65535,0,5,122923,57,1,1,1,2,57,28,1,1,allocated
317,797,normal,0,0,65535_65535,0,1,136126,25,0,1,0,1,0,26,1,1,pre_allocation
317,797,normal,0,0,65535_65535,0,1,136126,53,1,1,1,2,53,26,1,1,allocated
317,797,normal,0,0,65535_65535,0,2,119065,57,0,1,0,2,0,28,1,1,pre_allocation
317,797,normal,0,0,65535_65535,0,2,119065,88,1,1,1,3,88,28,1,1,allocated
317,797,normal,0,0,65535_65535,0,3,120151,57,0,1,0,2,0,28,1,1,pre_allocation
317,797,normal,0,0,65535_65535,0,3,120151,88,1,1,1,3,88,28,1,1,allocated
317,797,normal,0,0,65535_65535,0,4,121223,57,0,1,0,2,0,28,1,1,pre_allocation
317,797,normal,0,0,65535_65535,0,4,121223,88,1,1,1,3,88,28,1,1,allocated
317,797,normal,0,0,65535_65535,0,5,122923,57,0,1,0,2,0,28,1,1,pre_allocation
317,797,normal,0,0,65535_65535,0,5,122923,88,1,1,1,3,88,28,1,1,allocated
317,797,normal,0,0,65535_65535,0,1,136126,53,0,1,0,2,0,26,1,1,pre_allocation
317,797,normal,0,0,65535_65535,0,1,136126,81,1,1,1,3,81,26,1,1,allocated
317,797,normal,0,0,65535_65535,0,2,119065,88,0,1,0,3,0,28,1,1,pre_allocation
317,797,normal,0,0,65535_65535,0,2,119065,118,1,1,1,4,118,28,1,1,allocated
317,797,normal,0,0,65535_65535,0,3,120151,88,0,1,0,3,0,28,1,1,pre_allocation
317,797,normal,0,0,65535_65535,0,3,120151,118,1,1,1,4,118,28,1,1,allocated
317,797,normal,0,0,65535_65535,0,4,121223,88,0,1,0,3,0,28,1,1,pre_allocation
317,797,normal,0,0,65535_65535,0,4,121223,118,1,1,1,4,118,28,1,1,allocated
317,797,normal,0,0,65535_65535,0,5,122923,88,0,1,0,3,0,28,1,1,pre_allocation
317,797,normal,0,0,65535_65535,0,5,122923,118,1,1,1,4,118,28,1,1,allocated
317,797,normal,0,0,65535_65535,0,1,136126,81,0,1,0,3,0,26,1,1,pre_allocation
317,797,normal,0,0,65535_65535,0,1,136126,109,1,1,1,4,109,26,1,1,allocated
317,797,normal,0,0,65535_65535,0,2,119065,118,0,1,0,4,0,28,1,1,pre_allocation
317,797,normal,0,0,65535_65535,0,2,119065,148,1,1,1,5,148,28,1,1,allocated
317,797,normal,0,0,65535_65535,0,3,120151,118,0,1,0,4,0,28,1,1,pre_allocation
317,797,normal,0,0,65535_65535,0,3,120151,148,1,1,1,5,148,28,1,1,allocated
317,797,normal,0,0,65535_65535,0,4,121223,118,0,1,0,4,0,28,1,1,pre_allocation
317,797,normal,0,0,65535_65535,0,4,121223,148,1,1,1,5,148,28,1,1,allocated
317,797,normal,0,0,65535_65535,0,5,122923,118,0,1,0,4,0,28,1,1,pre_allocation
317,797,normal,0,0,65535_65535,0,5,122923,148,1,1,1,5,148,28,1,1,allocated
317,797,normal,0,0,65535_65535,0,1,136126,109,0,1,0,4,0,26,1,1,pre_allocation
317,797,normal,0,0,65535_65535,0,1,136126,137,1,1,1,5,137,26,1,1,allocated
317,797,normal,0,0,65535_65535,0,2,119065,148,0,1,0,5,0,28,1,1,pre_allocation
317,797,normal,0,0,65535_65535,0,2,119065,179,1,1,1,6,179,28,1,1,allocated
317,797,normal,0,0,65535_65535,0,3,120151,148,0,1,0,5,0,28,1,1,pre_allocation
317,797,normal,0,0,65535_65535,0,3,120151,179,1,1,1,6,179,28,1,1,allocated
317,797,normal,0,0,65535_65535,0,4,121223,148,0,1,0,5,0,28,1,1,pre_allocation
317,797,normal,0,0,65535_65535,0,4,121223,179,1,1,1,6,179,28,1,1,allocated
317,797,normal,0,0,65535_65535,0,5,122923,148,0,1,0,5,0,28,1,1,pre_allocation
317,797,normal,0,0,65535_65535,0,5,122923,179,1,1,1,6,179,28,1,1,allocated
317,797,normal,0,0,65535_65535,0,1,136126,137,0,1,0,5,0,26,1,1,pre_allocation
317,797,normal,0,0,65535_65535,0,1,136126,165,1,1,1,6,165,26,1,1,allocated
317,797,normal,0,0,65535_65535,0,2,119065,179,0,1,0,6,0,28,1,1,pre_allocation
317,797,normal,0,0,65535_65535,0,2,119065,209,1,1,1,7,209,28,1,1,allocated
317,797,normal,0,0,65535_65535,0,3,120151,179,0,1,0,6,0,28,1,1,pre_allocation
317,797,normal,0,0,65535_65535,0,3,120151,209,1,1,1,7,209,28,1,1,allocated
317,797,normal,0,0,65535_65535,0,4,121223,179,0,1,0,6,0,28,1,1,pre_allocation
317,797,normal,0,0,65535_65535,0,4,121223,209,1,1,1,7,209,28,1,1,allocated
317,797,normal,0,0,65535_65535,0,5,122923,179,0,1,0,6,0,28,1,1,pre_allocation
317,797,normal,0,0,65535_65535,0,5,122923,209,1,1,1,7,209,28,1,1,allocated
317,797,normal,0,0,65535_65535,0,1,136126,165,0,1,0,6,0,26,1,1,pre_allocation
317,797,normal,0,0,65535_65535,0,1,136126,193,1,1,1,7,193,26,1,1,allocated
317,797,normal,0,0,65535_65535,0,2,119065,209,0,1,0,7,0,28,1,1,pre_allocation
317,797,normal,0,0,65535_65535,0,2,119065,239,1,1,1,8,239,28,1,1,allocated
317,797,normal,0,0,65535_65535,0,3,120151,209,0,1,0,7,0,28,1,1,pre_allocation
317,797,normal,0,0,65535_65535,0,3,120151,239,1,1,1,8,239,28,1,1,allocated
317,797,normal,0,0,65535_65535,0,4,121223,209,0,1,0,7,0,28,1,1,pre_allocation
317,797,normal,0,0,65535_65535,0,4,121223,239,1,1,1,8,239,28,1,1,allocated
317,797,normal,0,0,65535_65535,0,5,122923,209,0,1,0,7,0,28,1,1,pre_allocation
317,797,normal,0,0,65535_65535,0,5,122923,239,1,1,1,8,239,28,1,1,allocated
317,797,normal,0,0,65535_65535,0,1,136126,193,0,1,0,7,0,26,1,1,pre_allocation
317,797,normal,0,0,65535_65535,0,1,136126,221,1,1,1,8,221,26,1,1,allocated
317,797,normal,0,0,65535_65535,0,2,119065,239,0,1,0,8,0,28,1,1,pre_allocation
317,797,normal,0,0,65535_65535,0,2,119065,270,1,1,1,9,270,28,1,1,allocated
317,797,normal,0,0,65535_65535,0,3,120151,239,0,1,0,8,0,28,1,1,pre_allocation
317,797,normal,0,0,65535_65535,0,3,120151,270,1,1,1,9,270,28,1,1,allocated
317,797,normal,0,0,65535_65535,0,4,121223,239,0,1,0,8,0,28,1,1,pre_allocation
317,797,normal,0,0,65535_65535,0,4,121223,270,1,1,1,9,270,28,1,1,allocated
317,797,normal,0,0,65535_65535,0,5,122923,239,0,1,0,8,0,28,1,1,pre_allocation
317,797,normal,0,0,65535_65535,0,5,122923,270,1,1,1,9,270,28,1,1,allocated
317,797,normal,0,0,65535_65535,0,1,136126,221,0,1,0,8,0,26,1,1,pre_allocation
317,797,normal,0,0,65535_65535,0,1,136126,249,1,1,1,9,249,26,1,1,allocated
317,797,normal,0,0,65535_65535,0,2,119065,270,0,1,0,9,0,28,1,1,pre_allocation
317,797,normal,0,0,65535_65535,0,2,119065,300,1,1,1,10,300,28,1,1,allocated
317,797,normal,0,0,65535_65535,0,3,120151,270,0,1,0,9,0,28,1,1,pre_allocation
317,797,normal,0,0,65535_65535,0,3,120151,300,1,1,1,10,300,28,1,1,allocated
317,797,normal,0,0,65535_65535,0,4,121223,270,0,1,0,9,0,28,1,1,pre_allocation
317,797,normal,0,0,65535_65535,0,4,121223,300,1,1,1,10,300,28,1,1,allocated
317,797,normal,0,0,65535_65535,0,5,122923,270,0,1,0,9,0,28,1,1,pre_allocation
317,797,normal,0,0,65535_65535,0,5,122923,300,1,1,1,10,300,28,1,1,allocated
317,797,normal,0,0,65535_65535,0,1,136126,249,0,1,0,9,0,26,1,1,pre_allocation
317,797,normal,0,0,65535_65535,0,1,136126,277,1,1,1,10,277,26,1,1,allocated
317,797,normal,0,0,65535_65535,0,2,119065,300,0,1,0,10,0,28,1,1,pre_allocation
317,797,normal,0,0,65535_65535,0,2,119065,330,1,1,1,11,330,28,1,1,allocated
317,797,normal,0,0,65535_65535,0,3,120151,300,0,1,0,10,0,28,1,1,pre_allocation
317,797,normal,0,0,65535_65535,0,3,120151,330,1,1,1,11,330,28,1,1,allocated
317,797,normal,0,0,65535_65535,0,4,121223,300,0,1,0,10,0,28,1,1,pre_allocation
317,797,normal,0,0,65535_65535,0,4,121223,330,1,1,1,11,330,28,1,1,allocated
317,797,normal,0,0,65535_65535,0,5,122923,300,0,1,0,10,0,28,1,1,pre_allocation
317,797,normal,0,0,65535_65535,0,5,122923,330,1,1,1,11,330,28,1,1,allocated
317,797,normal,0,0,65535_65535,0,1,136126,277,0,1,0,10,0,26,1,1,pre_allocation
317,797,normal,0,0,65535_65535,0,1,136126,305,1,1,1,11,305,26,1,1,allocated
317,797,normal,0,0,65535_65535,0,2,119065,330,0,1,0,11,0,28,1,1,pre_allocation
317,797,normal,0,0,65535_65535,0,2,119065,361,1,1,1,12,361,28,1,1,allocated
317,797,normal,0,0,65535_65535,0,3,120151,330,0,1,0,11,0,28,1,1,pre_allocation
317,797,normal,0,0,65535_65535,0,3,120151,361,1,1,1,12,361,28,1,1,allocated
317,797,normal,0,0,65535_65535,1,6,87,0,0,1,0,0,0,28,1,1,pre_allocation
317,797,normal,0,0,65535_65535,1,6,87,27,1,1,1,1,27,28,1,1,allocated
317,797,normal,0,0,65535_65535,1,7,87,0,0,1,0,0,0,28,1,1,pre_allocation
317,797,normal,0,0,65535_65535,1,7,87,27,1,1,1,1,27,28,1,1,allocated
317,797,normal,0,0,65535_65535,1,9,87,0,0,1,0,0,0,28,1,1,pre_allocation
317,797,normal,0,0,65535_65535,1,9,87,27,1,1,1,1,27,28,1,1,allocated
317,797,normal,0,0,65535_65535,1,10,87,0,0,1,0,0,0,28,1,1,pre_allocation
317,797,normal,0,0,65535_65535,1,10,87,27,1,1,1,1,27,28,1,1,allocated
317,797,normal,0,0,65535_65535,1,6,87,27,0,1,0,1,0,28,1,1,pre_allocation
317,797,normal,0,0,65535_65535,1,6,87,57,1,1,1,2,57,28,1,1,allocated
317,797,normal,0,0,65535_65535,1,7,87,27,0,1,0,1,0,28,1,1,pre_allocation
317,797,normal,0,0,65535_65535,1,7,87,57,1,1,1,2,57,28,1,1,allocated
317,797,normal,0,0,65535_65535,1,9,87,27,0,1,0,1,0,28,1,1,pre_allocation
317,797,normal,0,0,65535_65535,1,9,87,57,1,1,1,2,57,28,1,1,allocated
317,797,normal,0,0,65535_65535,1,10,87,27,0,1,0,1,0,28,1,1,pre_allocation
317,797,normal,0,0,65535_65535,1,10,87,57,1,1,1,2,57,28,1,1,allocated
317,797,normal,0,0,65535_65535,1,6,87,57,0,1,0,2,0,28,1,1,pre_allocation
317,797,normal,0,0,65535_65535,1,6,87,88,1,1,1,3,88,28,1,1,allocated
317,797,normal,0,0,65535_65535,1,7,87,57,0,1,0,2,0,28,1,1,pre_allocation
317,797,normal,0,0,65535_65535,1,7,87,88,1,1,1,3,88,28,1,1,allocated
317,797,normal,0,0,65535_65535,1,9,87,57,0,1,0,2,0,28,1,1,pre_allocation
317,797,normal,0,0,65535_65535,1,9,87,88,1,1,1,3,88,28,1,1,allocated
317,797,normal,0,0,65535_65535,1,10,87,57,0,1,0,2,0,28,1,1,pre_allocation
317,797,normal,0,0,65535_65535,1,10,87,88,1,1,1,3,88,28,1,1,allocated
317,797,normal,0,0,65535_65535,1,6,87,88,0,1,0,3,0,28,1,1,pre_allocation
317,797,normal,0,0,65535_65535,1,6,87,118,1,1,1,4,118,28,1,1,allocated
317,797,normal,0,0,65535_65535,1,7,87,88,0,1,0,3,0,28,1,1,pre_allocation
317,797,normal,0,0,65535_65535,1,7,87,118,1,1,1,4,118,28,1,1,allocated
317,797,normal,0,0,65535_65535,1,9,87,88,0,1,0,3,0,28,1,1,pre_allocation
317,797,normal,0,0,65535_65535,1,9,87,118,1,1,1,4,118,28,1,1,allocated
317,797,normal,0,0,65535_65535,1,10,87,88,0,1,0,3,0,28,1,1,pre_allocation
317,797,normal,0,0,65535_65535,1,10,87,118,1,1,1,4,118,28,1,1,allocated
317,797,normal,0,0,65535_65535,1,6,87,118,0,1,0,4,0,28,1,1,pre_allocation
317,797,normal,0,0,65535_65535,1,6,87,148,1,1,1,5,148,28,1,1,allocated
317,797,normal,0,0,65535_65535,1,7,87,118,0,1,0,4,0,28,1,1,pre_allocation
317,797,normal,0,0,65535_65535,1,7,87,148,1,1,1,5,148,28,1,1,allocated
317,797,normal,0,0,65535_65535,1,9,87,118,0,1,0,4,0,28,1,1,pre_allocation
317,797,normal,0,0,65535_65535,1,9,87,148,1,1,1,5,148,28,1,1,allocated
317,797,normal,0,0,65535_65535,1,10,87,118,0,1,0,4,0,28,1,1,pre_allocation
317,797,normal,0,0,65535_65535,1,10,87,148,1,1,1,5,148,28,1,1,allocated
317,797,normal,0,0,65535_65535,1,6,87,148,0,1,0,5,0,28,1,1,pre_allocation
317,797,normal,0,0,65535_65535,1,6,87,179,1,1,1,6,179,28,1,1,allocated
317,797,normal,0,0,65535_65535,1,7,87,148,0,1,0,5,0,28,1,1,pre_allocation
317,797,normal,0,0,65535_65535,1,7,87,179,1,1,1,6,179,28,1,1,allocated
317,797,normal,0,0,65535_65535,1,9,87,148,0,1,0,5,0,28,1,1,pre_allocation
317,797,normal,0,0,65535_65535,1,9,87,179,1,1,1,6,179,28,1,1,allocated
317,797,normal,0,0,65535_65535,1,10,87,148,0,1,0,5,0,28,1,1,pre_allocation
317,797,normal,0,0,65535_65535,1,10,87,179,1,1,1,6,179,28,1,1,allocated
317,797,normal,0,0,65535_65535,1,6,87,179,0,1,0,6,0,28,1,1,pre_allocation
317,797,normal,0,0,65535_65535,1,6,87,209,1,1,1,7,209,28,1,1,allocated
317,797,normal,0,0,65535_65535,1,7,87,179,0,1,0,6,0,28,1,1,pre_allocation
317,797,normal,0,0,65535_65535,1,7,87,209,1,1,1,7,209,28,1,1,allocated
317,797,normal,0,0,65535_65535,1,9,87,179,0,1,0,6,0,28,1,1,pre_allocation
317,797,normal,0,0,65535_65535,1,9,87,209,1,1,1,7,209,28,1,1,allocated
317,797,normal,0,0,65535_65535,1,10,87,179,0,1,0,6,0,28,1,1,pre_allocation
317,797,normal,0,0,65535_65535,1,10,87,209,1,1,1,7,209,28,1,1,allocated
317,797,normal,0,0,65535_65535,1,6,87,209,0,1,0,7,0,28,1,1,pre_allocation
317,797,normal,0,0,65535_65535,1,6,87,239,1,1,1,8,239,28,1,1,allocated
317,797,normal,0,0,65535_65535,1,7,87,209,0,1,0,7,0,28,1,1,pre_allocation
317,797,normal,0,0,65535_65535,1,7,87,239,1,1,1,8,239,28,1,1,allocated
317,797,normal,0,0,65535_65535,1,9,87,209,0,1,0,7,0,28,1,1,pre_allocation
317,797,normal,0,0,65535_65535,1,9,87,239,1,1,1,8,239,28,1,1,allocated
317,797,normal,0,0,65535_65535,1,10,87,209,0,1,0,7,0,28,1,1,pre_allocation
317,797,normal,0,0,65535_65535,1,10,87,239,1,1,1,8,239,28,1,1,allocated
317,797,normal,0,0,65535_65535,1,6,87,239,0,1,0,8,0,28,1,1,pre_allocation
317,797,normal,0,0,65535_65535,1,6,87,270,1,1,1,9,270,28,1,1,allocated
317,797,normal,0,0,65535_65535,1,7,87,239,0,1,0,8,0,28,1,1,pre_allocation
317,797,normal,0,0,65535_65535,1,7,87,270,1,1,1,9,270,28,1,1,allocated
317,797,normal,0,0,65535_65535,1,9,87,239,0,1,0,8,0,28,1,1,pre_allocation
317,797,normal,0,0,65535_65535,1,9,87,270,1,1,1,9,270,28,1,1,allocated
317,797,normal,0,0,65535_65535,1,10,87,239,0,1,0,8,0,28,1,1,pre_allocation
317,797,normal,0,0,65535_65535,1,10,87,270,1,1,1,9,270,28,1,1,allocated
317,797,normal,0,0,65535_65535,1,6,87,270,0,1,0,9,0,28,1,1,pre_allocation
317,797,normal,0,0,65535_65535,1,6,87,300,1,1,1,10,300,28,1,1,allocated
317,797,normal,0,0,65535_65535,1,7,87,270,0,1,0,9,0,28,1,1,pre_allocation
317,797,normal,0,0,65535_65535,1,7,87,300,1,1,1,10,300,28,1,1,allocated
317,797,normal,0,0,65535_65535,1,9,87,270,0,1,0,9,0,28,1,1,pre_allocation
317,797,normal,0,0,65535_65535,1,9,87,300,1,1,1,10,300,28,1,1,allocated
317,797,normal,0,0,65535_65535,1,10,87,270,0,1,0,9,0,28,1,1,pre_allocation
317,797,normal,0,0,65535_65535,1,10,87,300,1,1,1,10,300,28,1,1,allocated
317,797,normal,0,0,65535_65535,1,6,87,300,0,1,0,10,0,28,1,1,pre_allocation
317,797,normal,0,0,65535_65535,1,6,87,330,1,1,1,11,330,28,1,1,allocated
317,797,normal,0,0,65535_65535,1,7,87,300,0,1,0,10,0,28,1,1,pre_allocation
317,797,normal,0,0,65535_65535,1,7,87,330,1,1,1,11,330,28,1,1,allocated
317,797,normal,0,0,65535_65535,1,9,87,300,0,1,0,10,0,28,1,1,pre_allocation
317,797,normal,0,0,65535_65535,1,9,87,330,1,1,1,11,330,28,1,1,allocated
317,797,normal,0,0,65535_65535,1,10,87,300,0,1,0,10,0,28,1,1,pre_allocation
317,797,normal,0,0,65535_65535,1,10,87,330,1,1,1,11,330,28,1,1,allocated
317,797,normal,0,0,65535_65535,1,6,87,330,0,1,0,11,0,28,1,1,pre_allocation
317,797,normal,0,0,65535_65535,1,6,87,361,1,1,1,12,361,28,1,1,allocated
317,797,normal,0,0,65535_65535,1,7,87,330,0,1,0,11,0,28,1,1,pre_allocation
317,797,normal,0,0,65535_65535,1,7,87,361,1,1,1,12,361,28,1,1,allocated
317,797,normal,0,0,65535_65535,1,9,87,330,0,1,0,11,0,28,1,1,pre_allocation
317,797,normal,0,0,65535_65535,1,9,87,361,1,1,1,12,361,28,1,1,allocated
317,797,normal,0,0,65535_65535,1,10,87,330,0,1,0,11,0,28,1,1,pre_allocation
317,797,normal,0,0,65535_65535,1,10,87,361,1,1,1,12,361,28,1,1,allocated
317,797,normal,0,0,65535_65535,1,6,87,361,0,1,0,12,0,28,1,1,pre_allocation
317,797,normal,0,0,65535_65535,1,6,87,391,1,1,1,13,391,28,1,1,allocated
317,797,normal,0,0,65535_65535,1,7,87,361,0,1,0,12,0,28,1,1,pre_allocation
317,797,normal,0,0,65535_65535,1,7,87,391,1,1,1,13,391,28,1,1,allocated
317,797,normal,0,0,65535_65535,1,9,87,361,0,1,0,12,0,28,1,1,pre_allocation
317,797,normal,0,0,65535_65535,1,9,87,391,1,1,1,13,391,28,1,1,allocated
317,797,normal,0,0,65535_65535,1,10,87,361,0,1,0,12,0,28,1,1,pre_allocation
317,797,normal,0,0,65535_65535,1,10,87,391,1,1,1,13,391,28,1,1,allocated
317,797,normal,0,0,65535_65535,1,6,87,391,0,1,0,13,0,28,1,1,pre_allocation
317,797,normal,0,0,65535_65535,1,6,87,422,1,1,1,14,422,28,1,1,allocated
317,797,normal,0,0,65535_65535,1,7,87,391,0,1,0,13,0,28,1,1,pre_allocation
317,797,normal,0,0,65535_65535,1,7,87,422,1,1,1,14,422,28,1,1,allocated
317,797,normal,0,0,65535_65535,1,9,87,391,0,1,0,13,0,28,1,1,pre_allocation
317,797,normal,0,0,65535_65535,1,9,87,422,1,1,1,14,422,28,1,1,allocated
317,797,normal,0,0,65535_65535,1,10,87,391,0,1,0,13,0,28,1,1,pre_allocation
317,797,normal,0,0,65535_65535,1,10,87,422,1,1,1,14,422,28,1,1,allocated
317,797,normal,0,0,65535_65535,1,6,87,422,0,1,0,14,0,28,1,1,pre_allocation
317,797,normal,0,0,65535_65535,1,6,87,452,1,1,1,15,452,28,1,1,allocated
317,797,normal,0,0,65535_65535,1,7,87,422,0,1,0,14,0,28,1,1,pre_allocation
317,797,normal,0,0,65535_65535,1,7,87,452,1,1,1,15,452,28,1,1,allocated
317,797,normal,0,0,65535_65535,1,9,87,422,0,1,0,14,0,28,1,1,pre_allocation
317,797,normal,0,0,65535_65535,1,9,87,452,1,1,1,15,452,28,1,1,allocated
317,797,normal,0,0,65535_65535,1,10,87,422,0,1,0,14,0,28,1,1,pre_allocation
317,797,normal,0,0,65535_65535,1,10,87,452,1,1,1,15,452,28,1,1,allocated
317,797,normal,0,0,65535_65535,1,6,87,452,0,1,0,15,0,28,1,1,pre_allocation
317,797,normal,0,0,65535_65535,1,6,87,482,1,1,1,16,482,28,1,1,allocated
317,797,normal,0,0,65535_65535,1,7,87,452,0,1,0,15,0,28,1,1,pre_allocation
317,797,normal,0,0,65535_65535,1,7,87,482,1,1,1,16,482,28,1,1,allocated
317,797,normal,0,0,65535_65535,1,9,87,452,0,1,0,15,0,28,1,1,pre_allocation
317,797,normal,0,0,65535_65535,1,9,87,482,1,1,1,16,482,28,1,1,allocated
317,797,normal,0,0,65535_65535,1,10,87,452,0,1,0,15,0,28,1,1,pre_allocation
317,797,normal,0,0,65535_65535,1,10,87,482,1,1,1,16,482,28,1,1,allocated
317,797,normal,0,0,65535_65535,1,6,87,482,0,1,0,16,0,28,1,1,pre_allocation
317,797,normal,0,0,65535_65535,1,6,87,513,1,1,1,17,513,28,1,1,allocated
317,797,normal,0,0,65535_65535,1,7,87,482,0,1,0,16,0,28,1,1,pre_allocation
317,797,normal,0,0,65535_65535,1,7,87,513,1,1,1,17,513,28,1,1,allocated
317,797,normal,0,0,65535_65535,1,9,87,482,0,1,0,16,0,28,1,1,pre_allocation
317,797,normal,0,0,65535_65535,1,9,87,513,1,1,1,17,513,28,1,1,allocated
317,797,normal,0,0,65535_65535,1,10,87,482,0,1,0,16,0,28,1,1,pre_allocation
317,797,normal,0,0,65535_65535,1,10,87,513,1,1,1,17,513,28,1,1,allocated
317,797,normal,0,0,65535_65535,1,6,87,513,0,1,0,17,0,28,1,1,pre_allocation
317,797,normal,0,0,65535_65535,1,6,87,543,1,1,1,18,543,28,1,1,allocated
317,797,normal,0,0,65535_65535,1,7,87,513,0,1,0,17,0,28,1,1,pre_allocation
317,797,normal,0,0,65535_65535,1,7,87,543,1,1,1,18,543,28,1,1,allocated
317,797,normal,0,0,65535_65535,1,9,87,513,0,1,0,17,0,28,1,1,pre_allocation
317,797,normal,0,0,65535_65535,1,9,87,543,1,1,1,18,543,28,1,1,allocated
317,797,normal,0,0,65535_65535,1,10,87,513,0,1,0,17,0,28,1,1,pre_allocation
317,797,normal,0,0,65535_65535,1,10,87,543,1,1,1,18,543,28,1,1,allocated
317,797,normal,0,0,65535_65535,1,6,87,543,0,1,0,18,0,28,1,1,pre_allocation
317,797,normal,0,0,65535_65535,1,6,87,573,1,1,1,19,573,28,1,1,allocated
317,797,normal,0,0,65535_65535,1,7,87,543,0,1,0,18,0,28,1,1,pre_allocation
317,797,normal,0,0,65535_65535,1,7,87,573,1,1,1,19,573,28,1,1,allocated
317,797,normal,0,0,65535_65535,1,9,87,543,0,1,0,18,0,28,1,1,pre_allocation
317,797,normal,0,0,65535_65535,1,9,87,573,1,1,1,19,573,28,1,1,allocated
317,797,normal,0,0,65535_65535,1,10,87,543,0,1,0,18,0,28,1,1,pre_allocation
317,797,normal,0,0,65535_65535,1,10,87,573,1,1,1,19,573,28,1,1,allocated
317,797,normal,0,0,65535_65535,1,6,87,573,0,1,0,19,0,28,1,1,pre_allocation
317,797,normal,0,0,65535_65535,1,6,87,604,1,1,1,20,604,28,1,1,allocated
317,797,normal,0,0,65535_65535,1,7,87,573,0,1,0,19,0,28,1,1,pre_allocation
317,797,normal,0,0,65535_65535,1,7,87,604,1,1,1,20,604,28,1,1,allocated
317,797,normal,0,0,65535_65535,1,9,87,573,0,1,0,19,0,28,1,1,pre_allocation
317,797,normal,0,0,65535_65535,1,9,87,604,1,1,1,20,604,28,1,1,allocated
317,797,normal,0,0,65535_65535,1,10,87,573,0,1,0,19,0,28,1,1,pre_allocation
317,797,normal,0,0,65535_65535,1,10,87,604,1,1,1,20,604,28,1,1,allocated
317,797,normal,0,0,65535_65535,1,6,87,604,0,1,0,20,0,28,1,1,pre_allocation
317,797,normal,0,0,65535_65535,1,6,87,634,1,1,1,21,634,28,1,1,allocated
317,797,normal,0,0,65535_65535,1,7,87,604,0,1,0,20,0,28,1,1,pre_allocation
317,797,normal,0,0,65535_65535,1,7,87,634,1,1,1,21,634,28,1,1,allocated
317,797,normal,0,0,65535_65535,1,9,87,604,0,1,0,20,0,28,1,1,pre_allocation
317,797,normal,0,0,65535_65535,1,9,87,634,1,1,1,21,634,28,1,1,allocated
317,797,normal,0,0,65535_65535,1,10,87,604,0,1,0,20,0,28,1,1,pre_allocation
317,797,normal,0,0,65535_65535,1,10,87,634,1,1,1,21,634,28,1,1,allocated
317,797,normal,0,0,65535_65535,1,6,87,634,0,1,0,21,0,28,1,1,pre_allocation
317,797,normal,0,0,65535_65535,1,6,87,664,1,1,1,22,664,28,1,1,allocated
317,797,normal,0,0,65535_65535,1,7,87,634,0,1,0,21,0,28,1,1,pre_allocation
317,797,normal,0,0,65535_65535,1,7,87,664,1,1,1,22,664,28,1,1,allocated
317,797,normal,0,0,65535_65535,1,9,87,634,0,1,0,21,0,28,1,1,pre_allocation
317,797,normal,0,0,65535_65535,1,9,87,664,1,1,1,22,664,28,1,1,allocated
317,797,normal,0,0,65535_65535,1,10,87,634,0,1,0,21,0,28,1,1,pre_allocation
317,797,normal,0,0,65535_65535,1,10,87,664,1,1,1,22,664,28,1,1,allocated
317,797,normal,0,0,65535_65535,1,6,87,664,0,1,0,22,0,28,1,1,pre_allocation
317,797,normal,0,0,65535_65535,1,6,87,695,1,1,1,23,695,28,1,1,allocated
317,797,normal,0,0,65535_65535,1,7,87,664,0,1,0,22,0,28,1,1,pre_allocation
317,797,normal,0,0,65535_65535,1,7,87,695,1,1,1,23,695,28,1,1,allocated
317,797,normal,0,0,65535_65535,1,9,87,664,0,1,0,22,0,28,1,1,pre_allocation
317,797,normal,0,0,65535_65535,1,9,87,695,1,1,1,23,695,28,1,1,allocated
317,797,normal,0,0,65535_65535,1,10,87,664,0,1,0,22,0,28,1,1,pre_allocation
317,797,normal,0,0,65535_65535,1,10,87,695,1,1,1,23,695,28,1,1,allocated
317,797,normal,0,0,65535_65535,1,6,87,695,0,1,0,23,0,28,1,1,pre_allocation
317,797,normal,0,0,65535_65535,1,6,87,725,1,1,1,24,725,28,1,1,allocated
317,797,normal,0,0,65535_65535,1,7,87,695,0,1,0,23,0,28,1,1,pre_allocation
317,797,normal,0,0,65535_65535,1,7,87,725,1,1,1,24,725,28,1,1,allocated
317,797,normal,0,0,65535_65535,1,9,87,695,0,1,0,23,0,28,1,1,pre_allocation
317,797,normal,0,0,65535_65535,1,9,87,725,1,1,1,24,725,28,1,1,allocated
317,797,normal,0,0,65535_65535,1,10,87,695,0,1,0,23,0,28,1,1,pre_allocation
317,797,normal,0,0,65535_65535,1,10,87,725,1,1,1,24,725,28,1,1,allocated
317,797,normal,0,0,65535_65535,1,6,87,725,0,1,0,24,0,28,1,1,pre_allocation
317,797,normal,0,0,65535_65535,1,6,87,756,1,1,1,25,756,28,1,1,allocated
317,797,normal,0,0,65535_65535,1,7,87,725,0,1,0,24,0,28,1,1,pre_allocation
317,797,normal,0,0,65535_65535,1,7,87,756,1,1,1,25,756,28,1,1,allocated
317,797,normal,0,0,65535_65535,1,9,87,725,0,1,0,24,0,28,1,1,pre_allocation
317,797,normal,0,0,65535_65535,1,9,87,756,1,1,1,25,756,28,1,1,allocated
317,797,normal,0,0,65535_65535,1,10,87,725,0,1,0,24,0,28,1,1,pre_allocation
317,797,normal,0,0,65535_65535,1,10,87,756,1,1,1,25,756,28,1,1,allocated
317,797,normal,0,0,65535_65535,1,6,87,756,0,1,0,25,0,28,1,1,pre_allocation
317,797,normal,0,0,65535_65535,1,6,87,786,1,1,1,26,786,28,1,1,allocated
317,797,normal,0,0,65535_65535,1,7,87,756,0,1,0,25,0,28,1,1,pre_allocation
317,797,normal,0,0,65535_65535,1,7,87,786,1,1,1,26,786,28,1,1,allocated
317,797,normal,0,0,65535_65535,1,9,87,756,0,1,0,25,0,28,1,1,pre_allocation
317,797,normal,0,0,65535_65535,1,9,87,786,1,1,1,26,786,28,1,1,allocated
317,797,normal,0,0,65535_65535,1,10,87,756,0,1,0,25,0,28,1,1,pre_allocation
317,797,normal,0,0,65535_65535,1,10,87,786,1,1,1,26,786,28,1,1,allocated
317,797,normal,0,0,65535_65535,1,6,87,786,0,1,0,26,0,28,1,1,pre_allocation
317,797,normal,0,0,65535_65535,1,6,87,816,1,1,1,27,816,28,1,1,allocated
317,797,normal,0,0,65535_65535,1,7,87,786,0,1,0,26,0,28,1,1,pre_allocation
317,797,normal,0,0,65535_65535,1,7,87,816,1,1,1,27,816,28,1,1,allocated
317,797,normal,0,0,65535_65535,1,9,87,786,0,1,0,26,0,28,1,1,pre_allocation
317,797,normal,0,0,65535_65535,1,9,87,816,1,1,1,27,816,28,1,1,allocated
317,797,normal,0,0,65535_65535,1,10,87,786,0,1,0,26,0,28,1,1,pre_allocation
317,797,normal,0,0,65535_65535,1,10,87,816,1,1,1,27,816,28,1,1,allocated
317,797,normal,0,0,65535_65535,1,6,87,816,0,1,0,27,0,28,1,1,pre_allocation
317,797,normal,0,0,65535_65535,1,6,87,847,1,1,1,28,847,28,1,1,allocated
317,797,normal,0,0,65535_65535,1,7,87,816,0,1,0,27,0,28,1,1,pre_allocation
317,797,normal,0,0,65535_65535,1,7,87,847,1,1,1,28,847,28,1,1,allocated
317,797,normal,0,0,65535_65535,1,9,87,816,0,1,0,27,0,28,1,1,pre_allocation
317,797,normal,0,0,65535_65535,1,9,87,847,1,1,1,28,847,28,1,1,allocated
317,797,normal,0,0,65535_65535,1,10,87,816,0,1,0,27,0,28,1,1,pre_allocation
317,797,normal,0,0,65535_65535,1,10,87,847,1,1,1,28,847,28,1,1,allocated
317,797,normal,0,0,65535_65535,1,6,87,847,0,1,0,28,0,28,1,1,pre_allocation
317,797,normal,0,0,65535_65535,1,6,87,877,1,1,1,29,877,28,1,1,allocated
317,797,normal,0,0,65535_65535,1,7,87,847,0,1,0,28,0,28,1,1,pre_allocation
317,797,normal,0,0,65535_65535,1,7,87,877,1,1,1,29,877,28,1,1,allocated
317,797,normal,0,0,65535_65535,1,9,87,847,0,1,0,28,0,28,1,1,pre_allocation
317,797,normal,0,0,65535_65535,1,9,87,877,1,1,1,29,877,28,1,1,allocated
317,797,normal,0,0,65535_65535,1,10,87,847,0,1,0,28,0,28,1,1,pre_allocation
317,797,normal,0,0,65535_65535,1,10,87,877,1,1,1,29,877,28,1,1,allocated
317,797,normal,0,0,65535_65535,1,6,87,877,0,1,0,29,0,28,1,1,pre_allocation
317,797,normal,0,0,65535_65535,1,6,87,907,1,1,1,30,907,28,1,1,allocated
317,797,normal,0,0,65535_65535,1,7,87,877,0,1,0,29,0,28,1,1,pre_allocation
317,797,normal,0,0,65535_65535,1,7,87,907,1,1,1,30,907,28,1,1,allocated
317,797,normal,0,0,65535_65535,1,9,87,877,0,1,0,29,0,28,1,1,pre_allocation
317,797,normal,0,0,65535_65535,1,9,87,907,1,1,1,30,907,28,1,1,allocated
317,797,normal,0,0,65535_65535,1,10,87,877,0,1,0,29,0,28,1,1,pre_allocation
317,797,normal,0,0,65535_65535,1,10,87,907,1,1,1,30,907,28,1,1,allocated
317,797,normal,0,0,65535_65535,2,23,137,0,0,1,0,0,0,15,1,1,pre_allocation
317,797,normal,0,0,65535_65535,2,23,137,8,1,1,1,1,8,15,1,1,allocated
317,797,normal,0,0,65535_65535,2,23,137,8,0,1,0,1,0,15,1,1,pre_allocation
317,797,normal,0,0,65535_65535,2,23,137,20,1,1,1,2,20,15,1,1,allocated
317,797,normal,0,0,65535_65535,2,23,137,20,0,1,0,2,0,15,1,1,pre_allocation
317,797,normal,0,0,65535_65535,2,23,137,32,1,1,1,3,32,15,1,1,allocated
317,797,normal,0,0,65535_65535,2,23,137,32,0,1,0,3,0,15,1,1,pre_allocation
317,797,normal,0,0,65535_65535,2,23,137,44,1,1,1,4,44,15,1,1,allocated
317,797,normal,0,0,65535_65535,2,23,137,44,0,1,0,4,0,15,1,1,pre_allocation
317,797,normal,0,0,65535_65535,2,23,137,56,1,1,1,5,56,15,1,1,allocated
317,797,normal,0,0,65535_65535,2,23,137,56,0,1,0,5,0,15,1,1,pre_allocation
317,797,normal,0,0,65535_65535,2,23,137,68,1,1,1,6,68,15,1,1,allocated
317,797,normal,0,0,65535_65535,2,23,137,68,0,1,0,6,0,15,1,1,pre_allocation
317,797,normal,0,0,65535_65535,2,23,137,80,1,1,1,7,80,15,1,1,allocated
317,797,normal,0,0,65535_65535,2,23,137,80,0,1,0,7,0,15,1,1,pre_allocation
317,797,normal,0,0,65535_65535,2,23,137,92,1,1,1,8,92,15,1,1,allocated
317,797,normal,0,0,65535_65535,2,23,137,92,0,1,0,8,0,15,1,1,pre_allocation
317,797,normal,0,0,65535_65535,2,23,137,103,1,1,1,9,103,15,1,1,allocated
317,797,normal,0,0,65535_65535,2,23,137,103,0,1,0,9,0,15,1,1,pre_allocation
317,797,normal,0,0,65535_65535,2,23,137,115,1,1,1,10,115,15,1,1,allocated
317,797,normal,0,0,65535_65535,2,23,137,115,0,1,0,10,0,15,1,1,pre_allocation
317,797,normal,0,0,65535_65535,2,23,137,127,1,1,1,11,127,15,1,1,allocated
317,797,normal,0,0,65535_65535,2,23,137,127,0,1,0,11,0,15,1,1,pre_allocation
317,797,normal,0,0,65535_65535,2,23,137,139,1,1,1,12,139,15,1,1,allocated
317,797,normal,0,0,65535_65535,2,23,137,139,0,1,0,12,0,15,1,1,pre_allocation
317,797,normal,0,0,65535_65535,2,23,137,151,1,1,1,13,151,15,1,1,allocated
317,797,normal,0,0,65535_65535,2,23,137,151,0,1,0,13,0,15,1,1,pre_allocation
317,797,normal,0,0,65535_65535,2,23,137,163,1,1,1,14,163,15,1,1,allocated
317,797,normal,0,0,65535_65535,2,23,137,163,0,1,0,14,0,15,1,1,pre_allocation
317,797,normal,0,0,65535_65535,2,23,137,175,1,1,1,15,175,15,1,1,allocated
317,797,normal,0,0,65535_65535,2,23,137,175,0,1,0,15,0,15,1,1,pre_allocation
317,797,normal,0,0,65535_65535,2,23,137,187,1,1,1,16,187,15,1,1,allocated
317,797,normal,0,0,65535_65535,2,23,137,187,0,1,0,16,0,15,1,1,pre_allocation
317,797,normal,0,0,65535_65535,2,23,137,198,1,1,1,17,198,15,1,1,allocated
317,797,normal,0,0,65535_65535,2,23,137,198,0,1,0,17,0,15,1,1,pre_allocation
317,797,normal,0,0,65535_65535,2,23,137,210,1,1,1,18,210,15,1,1,allocated
317,797,normal,0,0,65535_65535,2,23,137,210,0,1,0,18,0,15,1,1,pre_allocation
317,797,normal,0,0,65535_65535,2,23,137,222,1,1,1,19,222,15,1,1,allocated
317,797,normal,0,0,65535_65535,2,23,137,222,0,1,0,19,0,15,1,1,pre_allocation
317,797,normal,0,0,65535_65535,2,23,137,234,1,1,1,20,234,15,1,1,allocated
317,797,normal,0,0,65535_65535,2,23,137,234,0,1,0,20,0,15,1,1,pre_allocation
317,797,normal,0,0,65535_65535,2,23,137,246,1,1,1,21,246,15,1,1,allocated
317,797,normal,0,0,65535_65535,2,23,137,246,0,1,0,21,0,15,1,1,pre_allocation
317,797,normal,0,0,65535_65535,2,23,137,258,1,1,1,22,258,15,1,1,allocated
317,797,normal,0,0,65535_65535,2,23,137,258,0,1,0,22,0,15,1,1,pre_allocation
317,797,normal,0,0,65535_65535,2,23,137,270,1,1,1,23,270,15,1,1,allocated
317,797,normal,0,0,65535_65535,2,23,137,270,0,1,0,23,0,15,1,1,pre_allocation
317,797,normal,0,0,65535_65535,2,23,137,282,1,1,1,24,282,15,1,1,allocated
317,797,normal,0,0,65535_65535,2,23,137,282,0,1,0,24,0,15,1,1,pre_allocation
317,797,normal,0,0,65535_65535,2,23,137,294,1,1,1,25,294,15,1,1,allocated
317,797,normal,0,0,65535_65535,2,23,137,294,0,1,0,25,0,15,1,1,pre_allocation
317,797,normal,0,0,65535_65535,2,23,137,305,1,1,1,26,305,15,1,1,allocated
317,797,normal,0,0,65535_65535,2,23,137,305,0,1,0,26,0,15,1,1,pre_allocation
317,797,normal,0,0,65535_65535,2,23,137,317,1,1,1,27,317,15,1,1,allocated
317,797,normal,0,0,65535_65535,2,23,137,317,0,1,0,27,0,15,1,1,pre_allocation
317,797,normal,0,0,65535_65535,2,23,137,329,1,1,1,28,329,15,1,1,allocated
317,797,normal,0,0,65535_65535,2,23,137,329,0,1,0,28,0,15,1,1,pre_allocation
317,797,normal,0,0,65535_65535,2,23,137,341,1,1,1,29,341,15,1,1,allocated
317,797,normal,0,0,65535_65535,2,23,137,341,0,1,0,29,0,15,1,1,pre_allocation
317,797,normal,0,0,65535_65535,2,23,137,353,1,1,1,30,353,15,1,1,allocated
317,797,normal,0,0,65535_65535,2,23,137,353,0,1,0,30,0,15,1,1,pre_allocation
317,797,normal,0,0,65535_65535,2,23,137,365,1,1,1,31,365,15,1,1,allocated
317,797,normal,0,0,65535_65535,2,23,137,365,0,1,0,31,0,15,1,1,pre_allocation
317,797,normal,0,0,65535_65535,2,23,137,377,1,1,1,32,377,15,1,1,allocated
317,797,normal,0,0,65535_65535,2,23,137,377,0,1,0,32,0,15,1,1,pre_allocation
317,797,normal,0,0,65535_65535,2,23,137,389,1,1,1,33,389,15,1,1,allocated
317,797,normal,0,0,65535_65535,2,23,137,389,0,1,0,33,0,15,1,1,pre_allocation
317,797,normal,0,0,65535_65535,2,23,137,400,1,1,1,34,400,15,1,1,allocated
317,797,normal,0,0,65535_65535,2,23,137,400,0,1,0,34,0,15,1,1,pre_allocation
317,797,normal,0,0,65535_65535,2,23,137,412,1,1,1,35,412,15,1,1,allocated
317,797,normal,0,0,65535_65535,2,23,137,412,0,1,0,35,0,15,1,1,pre_allocation
317,797,normal,0,0,65535_65535,2,23,137,424,1,1,1,36,424,15,1,1,allocated
317,797,normal,0,0,65535_65535,2,23,137,424,0,1,0,36,0,15,1,1,pre_allocation
317,797,normal,0,0,65535_65535,2,23,137,436,1,1,1,37,436,15,1,1,allocated
317,797,normal,0,0,65535_65535,2,23,137,436,0,1,0,37,0,15,1,1,pre_allocation
317,797,normal,0,0,65535_65535,2,23,137,448,1,1,1,38,448,15,1,1,allocated
317,797,normal,0,0,65535_65535,2,23,137,448,0,1,0,38,0,15,1,1,pre_allocation
317,797,normal,0,0,65535_65535,2,23,137,460,1,1,1,39,460,15,1,1,allocated
317,797,normal,0,0,65535_65535,2,23,137,460,0,1,0,39,0,15,1,1,pre_allocation
317,797,normal,0,0,65535_65535,2,23,137,472,1,1,1,40,472,15,1,1,allocated
317,797,normal,0,0,65535_65535,2,23,137,472,0,1,0,40,0,15,1,1,pre_allocation
317,797,normal,0,0,65535_65535,2,23,137,484,1,1,1,41,484,15,1,1,allocated
317,797,normal,0,0,65535_65535,2,23,137,484,0,1,0,41,0,15,1,1,pre_allocation
317,797,normal,0,0,65535_65535,2,23,137,495,1,1,1,42,495,15,1,1,allocated
317,797,normal,0,0,65535_65535,2,23,137,495,0,1,0,42,0,15,1,1,pre_allocation
317,797,normal,0,0,65535_65535,2,23,137,507,1,1,1,43,507,15,1,1,allocated
317,797,normal,0,0,65535_65535,2,23,137,507,0,1,0,43,0,15,1,1,pre_allocation
317,797,normal,0,0,65535_65535,2,23,137,519,1,1,1,44,519,15,1,1,allocated
317,797,normal,0,0,65535_65535,2,23,137,519,0,1,0,44,0,15,1,1,pre_allocation
317,797,normal,0,0,65535_65535,2,23,137,531,1,1,1,45,531,15,1,1,allocated
317,797,normal,0,0,65535_65535,2,23,137,531,0,1,0,45,0,15,1,1,pre_allocation
317,797,normal,0,0,65535_65535,2,23,137,543,1,1,1,46,543,15,1,1,allocated
317,797,normal,0,0,65535_65535,2,23,137,543,0,1,0,46,0,15,1,1,pre_allocation
317,797,normal,0,0,65535_65535,2,23,137,555,1,1,1,47,555,15,1,1,allocated
317,797,normal,0,0,65535_65535,2,23,137,555,0,1,0,47,0,15,1,1,pre_allocation
317,797,normal,0,0,65535_65535,2,23,137,567,1,1,1,48,567,15,1,1,allocated
317,797,normal,0,0,65535_65535,2,23,137,567,0,1,0,48,0,15,1,1,pre_allocation
317,797,normal,0,0,65535_65535,2,23,137,579,1,1,1,49,579,15,1,1,allocated
317,797,normal,0,0,65535_65535,2,23,137,579,0,1,0,49,0,15,1,1,pre_allocation
317,797,normal,0,0,65535_65535,2,23,137,591,1,1,1,50,591,15,1,1,allocated
317,797,normal,0,0,65535_65535,2,23,137,591,0,1,0,50,0,15,1,1,pre_allocation
317,797,normal,0,0,65535_65535,2,23,137,602,1,1,1,51,602,15,1,1,allocated
317,797,normal,0,0,65535_65535,2,23,137,602,0,1,0,51,0,15,1,1,pre_allocation
317,797,normal,0,0,65535_65535,2,23,137,614,1,1,1,52,614,15,1,1,allocated
317,797,normal,0,0,65535_65535,2,23,137,614,0,1,0,52,0,15,1,1,pre_allocation
317,797,normal,0,0,65535_65535,2,23,137,626,1,1,1,53,626,15,1,1,allocated
317,797,normal,0,0,65535_65535,2,23,137,626,0,1,0,53,0,15,1,1,pre_allocation
317,797,normal,0,0,65535_65535,2,23,137,638,1,1,1,54,638,15,1,1,allocated
317,797,normal,0,0,65535_65535,2,23,137,638,0,1,0,54,0,15,1,1,pre_allocation
317,797,normal,0,0,65535_65535,2,23,137,650,1,1,1,55,650,15,1,1,allocated
317,797,normal,0,0,65535_65535,2,23,137,650,0,1,0,55,0,15,1,1,pre_allocation
317,797,normal,0,0,65535_65535,2,23,137,662,1,1,1,56,662,15,1,1,allocated
317,797,normal,0,0,65535_65535,2,23,137,662,0,1,0,56,0,15,1,1,pre_allocation
317,797,normal,0,0,65535_65535,2,23,137,674,1,1,1,57,674,15,1,1,allocated
317,797,normal,0,0,65535_65535,2,23,137,674,0,1,0,57,0,15,1,1,pre_allocation
317,797,normal,0,0,65535_65535,2,23,137,686,1,1,1,58,686,15,1,1,allocated
317,797,normal,0,0,65535_65535,2,23,137,686,0,1,0,58,0,15,1,1,pre_allocation
317,797,normal,0,0,65535_65535,2,23,137,697,1,1,1,59,697,15,1,1,allocated
317,797,normal,0,0,65535_65535,2,23,137,697,0,1,0,59,0,15,1,1,pre_allocation
317,797,normal,0,0,65535_65535,2,23,137,709,1,1,1,60,709,15,1,1,allocated
317,797,normal,0,0,65535_65535,2,23,137,709,0,1,0,60,0,15,1,1,pre_allocation
317,797,normal,0,0,65535_65535,2,23,137,721,1,1,1,61,721,15,1,1,allocated
317,797,normal,0,0,65535_65535,2,23,137,721,0,1,0,61,0,15,1,1,pre_allocation
317,797,normal,0,0,65535_65535,2,23,137,733,1,1,1,62,733,15,1,1,allocated
317,797,normal,0,0,65535_65535,2,23,137,733,0,1,0,62,0,15,1,1,pre_allocation
317,797,normal,0,0,65535_65535,2,23,137,745,1,1,1,63,745,15,1,1,allocated
317,797,normal,0,0,65535_65535,2,23,137,745,0,1,0,63,0,15,1,1,pre_allocation
317,797,normal,0,0,65535_65535,2,23,137,757,1,1,1,64,757,15,1,1,allocated
317,797,normal,0,0,65535_65535,2,23,137,757,0,1,0,64,0,15,1,1,pre_allocation
317,797,normal,0,0,65535_65535,2,23,137,769,1,1,1,65,769,15,1,1,allocated
317,797,normal,0,0,65535_65535,2,23,137,769,0,1,0,65,0,15,1,1,pre_allocation
317,797,normal,0,0,65535_65535,2,23,137,781,1,1,1,66,781,15,1,1,allocated
317,797,normal,0,0,65535_65535,2,23,137,781,0,1,0,66,0,15,1,1,pre_allocation
317,797,normal,0,0,65535_65535,2,23,137,792,1,1,1,67,792,15,1,1,allocated
317,797,normal,0,0,65535_65535,2,23,137,792,0,1,0,67,0,15,1,1,pre_allocation
317,797,normal,0,0,65535_65535,2,23,137,804,1,1,1,68,804,15,1,1,allocated
317,797,normal,0,0,65535_65535,2,23,137,804,0,1,0,68,0,15,1,1,pre_allocation
317,797,normal,0,0,65535_65535,2,23,137,816,1,1,1,69,816,15,1,1,allocated
317,797,normal,0,0,65535_65535,2,23,137,816,0,1,0,69,0,15,1,1,pre_allocation
317,797,normal,0,0,65535_65535,2,23,137,828,1,1,1,70,828,15,1,1,allocated
317,797,normal,0,0,65535_65535,2,23,137,828,0,1,0,70,0,15,1,1,pre_allocation
317,797,normal,0,0,65535_65535,2,23,137,840,1,1,1,71,840,15,1,1,allocated
317,797,normal,0,0,65535_65535,2,23,137,840,0,1,0,71,0,15,1,1,pre_allocation
317,797,normal,0,0,65535_65535,2,23,137,852,1,1,1,72,852,15,1,1,allocated
317,797,normal,0,0,65535_65535,2,23,137,852,0,1,0,72,0,15,1,1,pre_allocation
317,797,normal,0,0,65535_65535,2,23,137,864,1,1,1,73,864,15,1,1,allocated
317,797,normal,0,0,65535_65535,2,23,137,864,0,1,0,73,0,15,1,1,pre_allocation
317,797,normal,0,0,65535_65535,2,23,137,876,1,1,1,74,876,15,1,1,allocated
317,797,normal,0,0,65535_65535,2,23,137,876,0,1,0,74,0,15,1,1,pre_allocation
317,797,normal,0,0,65535_65535,2,23,137,888,1,1,1,75,888,15,1,1,allocated
317,797,normal,0,0,65535_65535,2,23,137,888,0,1,0,75,0,15,1,1,pre_allocation
317,797,normal,0,0,65535_65535,2,23,137,899,1,1,1,76,899,15,1,1,allocated
317,797,normal,0,0,65535_65535,2,23,137,899,0,1,0,76,0,15,1,1,pre_allocation
317,797,normal,0,0,65535_65535,2,23,137,911,1,1,1,77,911,15,1,1,allocated
317,797,normal,0,0,65535_65535,2,23,137,911,0,1,0,77,0,15,1,1,pre_allocation
317,797,normal,0,0,65535_65535,2,23,137,923,1,1,1,78,923,15,1,1,allocated
317,797,normal,0,0,65535_65535,2,23,137,923,0,1,0,78,0,15,1,1,pre_allocation
317,797,normal,0,0,65535_65535,2,23,137,935,1,1,1,79,935,15,1,1,allocated
317,797,normal,0,0,65535_65535,2,23,137,935,0,1,0,79,0,15,1,1,pre_allocation
317,797,normal,0,0,65535_65535,2,23,137,947,1,1,1,80,947,15,1,1,allocated
317,797,normal,0,0,65535_65535,2,23,137,947,0,1,0,80,0,15,1,1,pre_allocation
317,797,normal,0,0,65535_65535,2,23,137,959,1,1,1,81,959,15,1,1,allocated
317,797,normal,0,0,65535_65535,2,23,137,959,0,1,0,81,0,15,1,1,pre_allocation
317,797,normal,0,0,65535_65535,2,23,137,971,1,1,1,82,971,15,1,1,allocated
317,797,normal,0,0,65535_65535,2,23,137,971,0,1,0,82,0,15,1,1,pre_allocation
317,797,normal,0,0,65535_65535,2,23,137,983,1,1,1,83,983,15,1,1,allocated
317,797,normal,0,0,65535_65535,2,23,137,983,0,1,0,83,0,15,1,1,pre_allocation
317,797,normal,0,0,65535_65535,2,23,137,994,1,1,1,84,994,15,1,1,allocated
317,797,normal,0,0,65535_65535,2,23,137,994,0,1,0,84,0,15,1,1,pre_allocation
317,797,normal,0,0,65535_65535,2,23,137,1006,1,1,1,85,1006,15,1,1,allocated
317,797,normal,0,0,65535_65535,2,23,137,1006,0,1,0,85,0,15,1,1,pre_allocation
317,797,normal,0,0,65535_65535,2,23,137,1018,1,1,1,86,1018,15,1,1,allocated
317,797,normal,0,0,65535_65535,2,23,137,1018,0,1,0,86,0,15,1,1,pre_allocation
317,797,normal,0,0,65535_65535,2,23,137,1030,1,1,1,87,1030,15,1,1,allocated
317,797,normal,0,0,65535_65535,2,23,137,1030,0,1,0,87,0,15,1,1,pre_allocation
317,797,normal,0,0,65535_65535,2,23,137,1042,1,1,1,88,1042,15,1,1,allocated
317,797,normal,0,0,65535_65535,2,23,137,1042,0,1,0,88,0,15,1,1,pre_allocation
317,797,normal,0,0,65535_65535,2,23,137,1054,1,1,1,89,1054,15,1,1,allocated
429,895,normal,0,0,65535_65535,0,2,143387,0,0,1,0,0,0,28,1,1,pre_allocation
429,895,normal,0,0,65535_65535,0,2,143387,42,1,1,1,1,42,28,1,1,allocated
429,895,normal,0,0,65535_65535,0,3,144858,0,0,1,0,0,0,28,1,1,pre_allocation
429,895,normal,0,0,65535_65535,0,3,144858,42,1,1,1,1,42,28,1,1,allocated
429,895,normal,0,0,65535_65535,0,4,146897,0,0,1,0,0,0,28,1,1,pre_allocation
429,895,normal,0,0,65535_65535,0,4,146897,42,1,1,1,1,42,28,1,1,allocated
429,895,normal,0,0,65535_65535,0,5,148977,0,0,1,0,0,0,28,1,1,pre_allocation
429,895,normal,0,0,65535_65535,0,5,148977,42,1,1,1,1,42,28,1,1,allocated
429,895,normal,0,0,65535_65535,0,1,165778,0,0,1,0,0,0,26,1,1,pre_allocation
429,895,normal,0,0,65535_65535,0,1,165778,39,1,1,1,1,39,26,1,1,allocated
429,895,normal,0,0,65535_65535,0,2,143387,42,0,1,0,1,0,28,1,1,pre_allocation
429,895,normal,0,0,65535_65535,0,2,143387,88,1,1,1,2,88,28,1,1,allocated
429,895,normal,0,0,65535_65535,0,3,144858,42,0,1,0,1,0,28,1,1,pre_allocation
429,895,normal,0,0,65535_65535,0,3,144858,88,1,1,1,2,88,28,1,1,allocated
429,895,normal,0,0,65535_65535,0,4,146897,42,0,1,0,1,0,28,1,1,pre_allocation
429,895,normal,0,0,65535_65535,0,4,146897,88,1,1,1,2,88,28,1,1,allocated
429,895,normal,0,0,65535_65535,0,5,148977,42,0,1,0,1,0,28,1,1,pre_allocation
429,895,normal,0,0,65535_65535,0,5,148977,88,1,1,1,2,88,28,1,1,allocated
429,895,normal,0,0,65535_65535,0,1,165778,39,0,1,0,1,0,26,1,1,pre_allocation
429,895,normal,0,0,65535_65535,0,1,165778,81,1,1,1,2,81,26,1,1,allocated
429,895,normal,0,0,65535_65535,0,2,143387,88,0,1,0,2,0,28,1,1,pre_allocation
429,895,normal,0,0,65535_65535,0,2,143387,133,1,1,1,3,133,28,1,1,allocated
429,895,normal,0,0,65535_65535,0,3,144858,88,0,1,0,2,0,28,1,1,pre_allocation
429,895,normal,0,0,65535_65535,0,3,144858,133,1,1,1,3,133,28,1,1,allocated
429,895,normal,0,0,65535_65535,0,4,146897,88,0,1,0,2,0,28,1,1,pre_allocation
429,895,normal,0,0,65535_65535,0,4,146897,133,1,1,1,3,133,28,1,1,allocated
429,895,normal,0,0,65535_65535,0,5,148977,88,0,1,0,2,0,28,1,1,pre_allocation
429,895,normal,0,0,65535_65535,0,5,148977,133,1,1,1,3,133,28,1,1,allocated
429,895,normal,0,0,65535_65535,0,1,165778,81,0,1,0,2,0,26,1,1,pre_allocation
429,895,normal,0,0,65535_65535,0,1,165778,123,1,1,1,3,123,26,1,1,allocated
429,895,normal,0,0,65535_65535,0,2,143387,133,0,1,0,3,0,28,1,1,pre_allocation
429,895,normal,0,0,65535_65535,0,2,143387,179,1,1,1,4,179,28,1,1,allocated
429,895,normal,0,0,65535_65535,0,3,144858,133,0,1,0,3,0,28,1,1,pre_allocation
429,895,normal,0,0,65535_65535,0,3,144858,179,1,1,1,4,179,28,1,1,allocated
429,895,normal,0,0,65535_65535,0,4,146897,133,0,1,0,3,0,28,1,1,pre_allocation
429,895,normal,0,0,65535_65535,0,4,146897,179,1,1,1,4,179,28,1,1,allocated
429,895,normal,0,0,65535_65535,0,5,148977,133,0,1,0,3,0,28,1,1,pre_allocation
429,895,normal,0,0,65535_65535,0,5,148977,179,1,1,1,4,179,28,1,1,allocated
429,895,normal,0,0,65535_65535,0,1,165778,123,0,1,0,3,0,26,1,1,pre_allocation
429,895,normal,0,0,65535_65535,0,1,165778,165,1,1,1,4,165,26,1,1,allocated
429,895,normal,0,0,65535_65535,0,2,143387,179,0,1,0,4,0,28,1,1,pre_allocation
429,895,normal,0,0,65535_65535,0,2,143387,224,1,1,1,5,224,28,1,1,allocated
429,895,normal,0,0,65535_65535,0,3,144858,179,0,1,0,4,0,28,1,1,pre_allocation
429,895,normal,0,0,65535_65535,0,3,144858,224,1,1,1,5,224,28,1,1,allocated
429,895,normal,0,0,65535_65535,0,4,146897,179,0,1,0,4,0,28,1,1,pre_allocation
429,895,normal,0,0,65535_65535,0,4,146897,224,1,1,1,5,224,28,1,1,allocated
429,895,normal,0,0,65535_65535,0,5,148977,179,0,1,0,4,0,28,1,1,pre_allocation
429,895,normal,0,0,65535_65535,0,5,148977,224,1,1,1,5,224,28,1,1,allocated
429,895,normal,0,0,65535_65535,0,1,165778,165,0,1,0,4,0,26,1,1,pre_allocation
429,895,normal,0,0,65535_65535,0,1,165778,207,1,1,1,5,207,26,1,1,allocated
429,895,normal,0,0,65535_65535,0,2,143387,224,0,1,0,5,0,28,1,1,pre_allocation
429,895,normal,0,0,65535_65535,0,2,143387,270,1,1,1,6,270,28,1,1,allocated
429,895,normal,0,0,65535_65535,0,3,144858,224,0,1,0,5,0,28,1,1,pre_allocation
429,895,normal,0,0,65535_65535,0,3,144858,270,1,1,1,6,270,28,1,1,allocated
429,895,normal,0,0,65535_65535,0,4,146897,224,0,1,0,5,0,28,1,1,pre_allocation
429,895,normal,0,0,65535_65535,0,4,146897,270,1,1,1,6,270,28,1,1,allocated
429,895,normal,0,0,65535_65535,0,5,148977,224,0,1,0,5,0,28,1,1,pre_allocation
429,895,normal,0,0,65535_65535,0,5,148977,270,1,1,1,6,270,28,1,1,allocated
429,895,normal,0,0,65535_65535,0,1,165778,207,0,1,0,5,0,26,1,1,pre_allocation
429,895,normal,0,0,65535_65535,0,1,165778,249,1,1,1,6,249,26,1,1,allocated
429,895,normal,0,0,65535_65535,0,2,143387,270,0,1,0,6,0,28,1,1,pre_allocation
429,895,normal,0,0,65535_65535,0,2,143387,315,1,1,1,7,315,28,1,1,allocated
429,895,normal,0,0,65535_65535,0,3,144858,270,0,1,0,6,0,28,1,1,pre_allocation
429,895,normal,0,0,65535_65535,0,3,144858,315,1,1,1,7,315,28,1,1,allocated
429,895,normal,0,0,65535_65535,0,4,146897,270,0,1,0,6,0,28,1,1,pre_allocation
429,895,normal,0,0,65535_65535,0,4,146897,315,1,1,1,7,315,28,1,1,allocated
429,895,normal,0,0,65535_65535,0,5,148977,270,0,1,0,6,0,28,1,1,pre_allocation
429,895,normal,0,0,65535_65535,0,5,148977,315,1,1,1,7,315,28,1,1,allocated
429,895,normal,0,0,65535_65535,0,1,165778,249,0,1,0,6,0,26,1,1,pre_allocation
429,895,normal,0,0,65535_65535,0,1,165778,291,1,1,1,7,291,26,1,1,allocated
429,895,normal,0,0,65535_65535,0,2,143387,315,0,1,0,7,0,28,1,1,pre_allocation
429,895,normal,0,0,65535_65535,0,2,143387,361,1,1,1,8,361,28,1,1,allocated
429,895,normal,0,0,65535_65535,0,3,144858,315,0,1,0,7,0,28,1,1,pre_allocation
429,895,normal,0,0,65535_65535,0,3,144858,361,1,1,1,8,361,28,1,1,allocated
429,895,normal,0,0,65535_65535,0,4,146897,315,0,1,0,7,0,28,1,1,pre_allocation
429,895,normal,0,0,65535_65535,0,4,146897,361,1,1,1,8,361,28,1,1,allocated
429,895,normal,0,0,65535_65535,0,5,148977,315,0,1,0,7,0,28,1,1,pre_allocation
429,895,normal,0,0,65535_65535,0,5,148977,361,1,1,1,8,361,28,1,1,allocated
429,895,normal,0,0,65535_65535,0,1,165778,291,0,1,0,7,0,26,1,1,pre_allocation
429,895,normal,0,0,65535_65535,0,1,165778,333,1,1,1,8,333,26,1,1,allocated
429,895,normal,0,0,65535_65535,0,2,143387,361,0,1,0,8,0,28,1,1,pre_allocation
429,895,normal,0,0,65535_65535,0,2,143387,406,1,1,1,9,406,28,1,1,allocated
429,895,normal,0,0,65535_65535,0,3,144858,361,0,1,0,8,0,28,1,1,pre_allocation
429,895,normal,0,0,65535_65535,0,3,144858,406,1,1,1,9,406,28,1,1,allocated
429,895,normal,0,0,65535_65535,0,4,146897,361,0,1,0,8,0,28,1,1,pre_allocation
429,895,normal,0,0,65535_65535,0,4,146897,406,1,1,1,9,406,28,1,1,allocated
429,895,normal,0,0,65535_65535,0,5,148977,361,0,1,0,8,0,28,1,1,pre_allocation
429,895,normal,0,0,65535_65535,0,5,148977,406,1,1,1,9,406,28,1,1,allocated
429,895,normal,0,0,65535_65535,0,1,165778,333,0,1,0,8,0,26,1,1,pre_allocation
429,895,normal,0,0,65535_65535,0,1,165778,375,1,1,1,9,375,26,1,1,allocated
429,895,normal,0,0,65535_65535,0,2,143387,406,0,1,0,9,0,28,1,1,pre_allocation
429,895,normal,0,0,65535_65535,0,2,143387,452,1,1,1,10,452,28,1,1,allocated
429,895,normal,0,0,65535_65535,0,3,144858,406,0,1,0,9,0,28,1,1,pre_allocation
429,895,normal,0,0,65535_65535,0,3,144858,452,1,1,1,10,452,28,1,1,allocated
429,895,normal,0,0,65535_65535,0,4,146897,406,0,1,0,9,0,28,1,1,pre_allocation
429,895,normal,0,0,65535_65535,0,4,146897,452,1,1,1,10,452,28,1,1,allocated
429,895,normal,0,0,65535_65535,0,5,148977,406,0,1,0,9,0,28,1,1,pre_allocation
429,895,normal,0,0,65535_65535,0,5,148977,452,1,1,1,10,452,28,1,1,allocated
429,895,normal,0,0,65535_65535,0,1,165778,375,0,1,0,9,0,26,1,1,pre_allocation
429,895,normal,0,0,65535_65535,0,1,165778,417,1,1,1,10,417,26,1,1,allocated
429,895,normal,0,0,65535_65535,0,2,143387,452,0,1,0,10,0,28,1,1,pre_allocation
429,895,normal,0,0,65535_65535,0,2,143387,497,1,1,1,11,497,28,1,1,allocated
429,895,normal,0,0,65535_65535,0,3,144858,452,0,1,0,10,0,28,1,1,pre_allocation
429,895,normal,0,0,65535_65535,0,3,144858,497,1,1,1,11,497,28,1,1,allocated
429,895,normal,0,0,65535_65535,0,4,146897,452,0,1,0,10,0,28,1,1,pre_allocation
429,895,normal,0,0,65535_65535,0,4,146897,497,1,1,1,11,497,28,1,1,allocated
429,895,normal,0,0,65535_65535,0,5,148977,452,0,1,0,10,0,28,1,1,pre_allocation
429,895,normal,0,0,65535_65535,0,5,148977,497,1,1,1,11,497,28,1,1,allocated
429,895,normal,0,0,65535_65535,0,1,165778,417,0,1,0,10,0,26,1,1,pre_allocation
429,895,normal,0,0,65535_65535,0,1,165778,459,1,1,1,11,459,26,1,1,allocated
429,895,normal,0,0,65535_65535,0,2,143387,497,0,1,0,11,0,28,1,1,pre_allocation
429,895,normal,0,0,65535_65535,0,2,143387,543,1,1,1,12,543,28,1,1,allocated
429,895,normal,0,0,65535_65535,0,3,144858,497,0,1,0,11,0,28,1,1,pre_allocation
429,895,normal,0,0,65535_65535,0,3,144858,543,1,1,1,12,543,28,1,1,allocated
429,895,normal,0,0,65535_65535,0,4,146897,497,0,1,0,11,0,28,1,1,pre_allocation
429,895,normal,0,0,65535_65535,0,4,146897,543,1,1,1,12,543,28,1,1,allocated
429,895,normal,0,0,65535_65535,1,6,87,0,0,1,0,0,0,28,1,1,pre_allocation
429,895,normal,0,0,65535_65535,1,6,87,42,1,1,1,1,42,28,1,1,allocated
429,895,normal,0,0,65535_65535,1,7,87,0,0,1,0,0,0,28,1,1,pre_allocation
429,895,normal,0,0,65535_65535,1,7,87,42,1,1,1,1,42,28,1,1,allocated
429,895,normal,0,0,65535_65535,1,9,87,0,0,1,0,0,0,28,1,1,pre_allocation
429,895,normal,0,0,65535_65535,1,9,87,42,1,1,1,1,42,28,1,1,allocated
429,895,normal,0,0,65535_65535,1,10,87,0,0,1,0,0,0,28,1,1,pre_allocation
429,895,normal,0,0,65535_65535,1,10,87,42,1,1,1,1,42,28,1,1,allocated
429,895,normal,0,0,65535_65535,1,6,87,42,0,1,0,1,0,28,1,1,pre_allocation
429,895,normal,0,0,65535_65535,1,6,87,88,1,1,1,2,88,28,1,1,allocated
429,895,normal,0,0,65535_65535,1,7,87,42,0,1,0,1,0,28,1,1,pre_allocation
429,895,normal,0,0,65535_65535,1,7,87,88,1,1,1,2,88,28,1,1,allocated
429,895,normal,0,0,65535_65535,1,9,87,42,0,1,0,1,0,28,1,1,pre_allocation
429,895,normal,0,0,65535_65535,1,9,87,88,1,1,1,2,88,28,1,1,allocated
429,895,normal,0,0,65535_65535,1,10,87,42,0,1,0,1,0,28,1,1,pre_allocation
429,895,normal,0,0,65535_65535,1,10,87,88,1,1,1,2,88,28,1,1,allocated
429,895,normal,0,0,65535_65535,1,6,87,88,0,1,0,2,0,28,1,1,pre_allocation
429,895,normal,0,0,65535_65535,1,6,87,133,1,1,1,3,133,28,1,1,allocated
429,895,normal,0,0,65535_65535,1,7,87,88,0,1,0,2,0,28,1,1,pre_allocation
429,895,normal,0,0,65535_65535,1,7,87,133,1,1,1,3,133,28,1,1,allocated
429,895,normal,0,0,65535_65535,1,9,87,88,0,1,0,2,0,28,1,1,pre_allocation
429,895,normal,0,0,65535_65535,1,9,87,133,1,1,1,3,133,28,1,1,allocated
429,895,normal,0,0,65535_65535,1,10,87,88,0,1,0,2,0,28,1,1,pre_allocation
429,895,normal,0,0,65535_65535,1,10,87,133,1,1,1,3,133,28,1,1,allocated
429,895,normal,0,0,65535_65535,1,6,87,133,0,1,0,3,0,28,1,1,pre_allocation
429,895,normal,0,0,65535_65535,1,6,87,179,1,1,1,4,179,28,1,1,allocated
429,895,normal,0,0,65535_65535,1,7,87,133,0,1,0,3,0,28,1,1,pre_allocation
429,895,normal,0,0,65535_65535,1,7,87,179,1,1,1,4,179,28,1,1,allocated
429,895,normal,0,0,65535_65535,1,9,87,133,0,1,0,3,0,28,1,1,pre_allocation
429,895,normal,0,0,65535_65535,1,9,87,179,1,1,1,4,179,28,1,1,allocated
429,895,normal,0,0,65535_65535,1,10,87,133,0,1,0,3,0,28,1,1,pre_allocation
429,895,normal,0,0,65535_65535,1,10,87,179,1,1,1,4,179,28,1,1,allocated
429,895,normal,0,0,65535_65535,1,6,87,179,0,1,0,4,0,28,1,1,pre_allocation
429,895,normal,0,0,65535_65535,1,6,87,224,1,1,1,5,224,28,1,1,allocated
429,895,normal,0,0,65535_65535,1,7,87,179,0,1,0,4,0,28,1,1,pre_allocation
429,895,normal,0,0,65535_65535,1,7,87,224,1,1,1,5,224,28,1,1,allocated
429,895,normal,0,0,65535_65535,1,9,87,179,0,1,0,4,0,28,1,1,pre_allocation
429,895,normal,0,0,65535_65535,1,9,87,224,1,1,1,5,224,28,1,1,allocated
429,895,normal,0,0,65535_65535,1,10,87,179,0,1,0,4,0,28,1,1,pre_allocation
429,895,normal,0,0,65535_65535,1,10,87,224,1,1,1,5,224,28,1,1,allocated
429,895,normal,0,0,65535_65535,1,6,87,224,0,1,0,5,0,28,1,1,pre_allocation
429,895,normal,0,0,65535_65535,1,6,87,270,1,1,1,6,270,28,1,1,allocated
429,895,normal,0,0,65535_65535,1,7,87,224,0,1,0,5,0,28,1,1,pre_allocation
429,895,normal,0,0,65535_65535,1,7,87,270,1,1,1,6,270,28,1,1,allocated
429,895,normal,0,0,65535_65535,1,9,87,224,0,1,0,5,0,28,1,1,pre_allocation
429,895,normal,0,0,65535_65535,1,9,87,270,1,1,1,6,270,28,1,1,allocated
429,895,normal,0,0,65535_65535,1,10,87,224,0,1,0,5,0,28,1,1,pre_allocation
429,895,normal,0,0,65535_65535,1,10,87,270,1,1,1,6,270,28,1,1,allocated
429,895,normal,0,0,65535_65535,1,6,87,270,0,1,0,6,0,28,1,1,pre_allocation
429,895,normal,0,0,65535_65535,1,6,87,315,1,1,1,7,315,28,1,1,allocated
429,895,normal,0,0,65535_65535,1,7,87,270,0,1,0,6,0,28,1,1,pre_allocation
429,895,normal,0,0,65535_65535,1,7,87,315,1,1,1,7,315,28,1,1,allocated
429,895,normal,0,0,65535_65535,1,9,87,270,0,1,0,6,0,28,1,1,pre_allocation
429,895,normal,0,0,65535_65535,1,9,87,315,1,1,1,7,315,28,1,1,allocated
429,895,normal,0,0,65535_65535,1,10,87,270,0,1,0,6,0,28,1,1,pre_allocation
429,895,normal,0,0,65535_65535,1,10,87,315,1,1,1,7,315,28,1,1,allocated
429,895,normal,0,0,65535_65535,1,6,87,315,0,1,0,7,0,28,1,1,pre_allocation
429,895,normal,0,0,65535_65535,1,6,87,361,1,1,1,8,361,28,1,1,allocated
429,895,normal,0,0,65535_65535,1,7,87,315,0,1,0,7,0,28,1,1,pre_allocation
429,895,normal,0,0,65535_65535,1,7,87,361,1,1,1,8,361,28,1,1,allocated
429,895,normal,0,0,65535_65535,1,9,87,315,0,1,0,7,0,28,1,1,pre_allocation
429,895,normal,0,0,65535_65535,1,9,87,361,1,1,1,8,361,28,1,1,allocated
429,895,normal,0,0,65535_65535,1,10,87,315,0,1,0,7,0,28,1,1,pre_allocation
429,895,normal,0,0,65535_65535,1,10,87,361,1,1,1,8,361,28,1,1,allocated
429,895,normal,0,0,65535_65535,1,6,87,361,0,1,0,8,0,28,1,1,pre_allocation
429,895,normal,0,0,65535_65535,1,6,87,406,1,1,1,9,406,28,1,1,allocated
429,895,normal,0,0,65535_65535,1,7,87,361,0,1,0,8,0,28,1,1,pre_allocation
429,895,normal,0,0,65535_65535,1,7,87,406,1,1,1,9,406,28,1,1,allocated
429,895,normal,0,0,65535_65535,1,9,87,361,0,1,0,8,0,28,1,1,pre_allocation
429,895,normal,0,0,65535_65535,1,9,87,406,1,1,1,9,406,28,1,1,allocated
429,895,normal,0,0,65535_65535,1,10,87,361,0,1,0,8,0,28,1,1,pre_allocation
429,895,normal,0,0,65535_65535,1,10,87,406,1,1,1,9,406,28,1,1,allocated
429,895,normal,0,0,65535_65535,1,6,87,406,0,1,0,9,0,28,1,1,pre_allocation
429,895,normal,0,0,65535_65535,1,6,87,452,1,1,1,10,452,28,1,1,allocated
429,895,normal,0,0,65535_65535,1,7,87,406,0,1,0,9,0,28,1,1,pre_allocation
429,895,normal,0,0,65535_65535,1,7,87,452,1,1,1,10,452,28,1,1,allocated
429,895,normal,0,0,65535_65535,1,9,87,406,0,1,0,9,0,28,1,1,pre_allocation
429,895,normal,0,0,65535_65535,1,9,87,452,1,1,1,10,452,28,1,1,allocated
429,895,normal,0,0,65535_65535,1,10,87,406,0,1,0,9,0,28,1,1,pre_allocation
429,895,normal,0,0,65535_65535,1,10,87,452,1,1,1,10,452,28,1,1,allocated
429,895,normal,0,0,65535_65535,1,6,87,452,0,1,0,10,0,28,1,1,pre_allocation
429,895,normal,0,0,65535_65535,1,6,87,497,1,1,1,11,497,28,1,1,allocated
429,895,normal,0,0,65535_65535,1,7,87,452,0,1,0,10,0,28,1,1,pre_allocation
429,895,normal,0,0,65535_65535,1,7,87,497,1,1,1,11,497,28,1,1,allocated
429,895,normal,0,0,65535_65535,1,9,87,452,0,1,0,10,0,28,1,1,pre_allocation
429,895,normal,0,0,65535_65535,1,9,87,497,1,1,1,11,497,28,1,1,allocated
429,895,normal,0,0,65535_65535,1,10,87,452,0,1,0,10,0,28,1,1,pre_allocation
429,895,normal,0,0,65535_65535,1,10,87,497,1,1,1,11,497,28,1,1,allocated
429,895,normal,0,0,65535_65535,1,6,87,497,0,1,0,11,0,28,1,1,pre_allocation
429,895,normal,0,0,65535_65535,1,6,87,543,1,1,1,12,543,28,1,1,allocated
429,895,normal,0,0,65535_65535,1,7,87,497,0,1,0,11,0,28,1,1,pre_allocation
429,895,normal,0,0,65535_65535,1,7,87,543,1,1,1,12,543,28,1,1,allocated
429,895,normal,0,0,65535_65535,1,9,87,497,0,1,0,11,0,28,1,1,pre_allocation
429,895,normal,0,0,65535_65535,1,9,87,543,1,1,1,12,543,28,1,1,allocated
429,895,normal,0,0,65535_65535,1,10,87,497,0,1,0,11,0,28,1,1,pre_allocation
429,895,normal,0,0,65535_65535,1,10,87,543,1,1,1,12,543,28,1,1,allocated
429,895,normal,0,0,65535_65535,1,6,87,543,0,1,0,12,0,28,1,1,pre_allocation
429,895,normal,0,0,65535_65535,1,6,87,589,1,1,1,13,589,28,1,1,allocated
429,895,normal,0,0,65535_65535,1,7,87,543,0,1,0,12,0,28,1,1,pre_allocation
429,895,normal,0,0,65535_65535,1,7,87,589,1,1,1,13,589,28,1,1,allocated
429,895,normal,0,0,65535_65535,1,9,87,543,0,1,0,12,0,28,1,1,pre_allocation
429,895,normal,0,0,65535_65535,1,9,87,589,1,1,1,13,589,28,1,1,allocated
429,895,normal,0,0,65535_65535,1,10,87,543,0,1,0,12,0,28,1,1,pre_allocation
429,895,normal,0,0,65535_65535,1,10,87,589,1,1,1,13,589,28,1,1,allocated
429,895,normal,0,0,65535_65535,1,6,87,589,0,1,0,13,0,28,1,1,pre_allocation
429,895,normal,0,0,65535_65535,1,6,87,634,1,1,1,14,634,28,1,1,allocated
429,895,normal,0,0,65535_65535,1,7,87,589,0,1,0,13,0,28,1,1,pre_allocation
429,895,normal,0,0,65535_65535,1,7,87,634,1,1,1,14,634,28,1,1,allocated
429,895,normal,0,0,65535_65535,1,9,87,589,0,1,0,13,0,28,1,1,pre_allocation
429,895,normal,0,0,65535_65535,1,9,87,634,1,1,1,14,634,28,1,1,allocated
429,895,normal,0,0,65535_65535,1,10,87,589,0,1,0,13,0,28,1,1,pre_allocation
429,895,normal,0,0,65535_65535,1,10,87,634,1,1,1,14,634,28,1,1,allocated
429,895,normal,0,0,65535_65535,1,6,87,634,0,1,0,14,0,28,1,1,pre_allocation
429,895,normal,0,0,65535_65535,1,6,87,680,1,1,1,15,680,28,1,1,allocated
429,895,normal,0,0,65535_65535,1,7,87,634,0,1,0,14,0,28,1,1,pre_allocation
429,895,normal,0,0,65535_65535,1,7,87,680,1,1,1,15,680,28,1,1,allocated
429,895,normal,0,0,65535_65535,1,9,87,634,0,1,0,14,0,28,1,1,pre_allocation
429,895,normal,0,0,65535_65535,1,9,87,680,1,1,1,15,680,28,1,1,allocated
429,895,normal,0,0,65535_65535,1,10,87,634,0,1,0,14,0,28,1,1,pre_allocation
429,895,normal,0,0,65535_65535,1,10,87,680,1,1,1,15,680,28,1,1,allocated
429,895,normal,0,0,65535_65535,1,6,87,680,0,1,0,15,0,28,1,1,pre_allocation
429,895,normal,0,0,65535_65535,1,6,87,725,1,1,1,16,725,28,1,1,allocated
429,895,normal,0,0,65535_65535,1,7,87,680,0,1,0,15,0,28,1,1,pre_allocation
429,895,normal,0,0,65535_65535,1,7,87,725,1,1,1,16,725,28,1,1,allocated
429,895,normal,0,0,65535_65535,1,9,87,680,0,1,0,15,0,28,1,1,pre_allocation
429,895,normal,0,0,65535_65535,1,9,87,725,1,1,1,16,725,28,1,1,allocated
429,895,normal,0,0,65535_65535,1,10,87,680,0,1,0,15,0,28,1,1,pre_allocation
429,895,normal,0,0,65535_65535,1,10,87,725,1,1,1,16,725,28,1,1,allocated
429,895,normal,0,0,65535_65535,1,6,87,725,0,1,0,16,0,28,1,1,pre_allocation
429,895,normal,0,0,65535_65535,1,6,87,771,1,1,1,17,771,28,1,1,allocated
429,895,normal,0,0,65535_65535,1,7,87,725,0,1,0,16,0,28,1,1,pre_allocation
429,895,normal,0,0,65535_65535,1,7,87,771,1,1,1,17,771,28,1,1,allocated
429,895,normal,0,0,65535_65535,1,9,87,725,0,1,0,16,0,28,1,1,pre_allocation
429,895,normal,0,0,65535_65535,1,9,87,771,1,1,1,17,771,28,1,1,allocated
429,895,normal,0,0,65535_65535,1,10,87,725,0,1,0,16,0,28,1,1,pre_allocation
429,895,normal,0,0,65535_65535,1,10,87,771,1,1,1,17,771,28,1,1,allocated
429,895,normal,0,0,65535_65535,1,6,87,771,0,1,0,17,0,28,1,1,pre_allocation
429,895,normal,0,0,65535_65535,1,6,87,816,1,1,1,18,816,28,1,1,allocated
429,895,normal,0,0,65535_65535,1,7,87,771,0,1,0,17,0,28,1,1,pre_allocation
429,895,normal,0,0,65535_65535,1,7,87,816,1,1,1,18,816,28,1,1,allocated
429,895,normal,0,0,65535_65535,1,9,87,771,0,1,0,17,0,28,1,1,pre_allocation
429,895,normal,0,0,65535_65535,1,9,87,816,1,1,1,18,816,28,1,1,allocated
429,895,normal,0,0,65535_65535,1,10,87,771,0,1,0,17,0,28,1,1,pre_allocation
429,895,normal,0,0,65535_65535,1,10,87,816,1,1,1,18,816,28,1,1,allocated
429,895,normal,0,0,65535_65535,1,6,87,816,0,1,0,18,0,28,1,1,pre_allocation
429,895,normal,0,0,65535_65535,1,6,87,862,1,1,1,19,862,28,1,1,allocated
429,895,normal,0,0,65535_65535,1,7,87,816,0,1,0,18,0,28,1,1,pre_allocation
429,895,normal,0,0,65535_65535,1,7,87,862,1,1,1,19,862,28,1,1,allocated
429,895,normal,0,0,65535_65535,1,9,87,816,0,1,0,18,0,28,1,1,pre_allocation
429,895,normal,0,0,65535_65535,1,9,87,862,1,1,1,19,862,28,1,1,allocated
429,895,normal,0,0,65535_65535,1,10,87,816,0,1,0,18,0,28,1,1,pre_allocation
429,895,normal,0,0,65535_65535,1,10,87,862,1,1,1,19,862,28,1,1,allocated
429,895,normal,0,0,65535_65535,1,6,87,862,0,1,0,19,0,28,1,1,pre_allocation
429,895,normal,0,0,65535_65535,1,6,87,907,1,1,1,20,907,28,1,1,allocated
429,895,normal,0,0,65535_65535,1,7,87,862,0,1,0,19,0,28,1,1,pre_allocation
429,895,normal,0,0,65535_65535,1,7,87,907,1,1,1,20,907,28,1,1,allocated
429,895,normal,0,0,65535_65535,1,9,87,862,0,1,0,19,0,28,1,1,pre_allocation
429,895,normal,0,0,65535_65535,1,9,87,907,1,1,1,20,907,28,1,1,allocated
429,895,normal,0,0,65535_65535,1,10,87,862,0,1,0,19,0,28,1,1,pre_allocation
429,895,normal,0,0,65535_65535,1,10,87,907,1,1,1,20,907,28,1,1,allocated
429,895,normal,0,0,65535_65535,1,6,87,907,0,1,0,20,0,28,1,1,pre_allocation
429,895,normal,0,0,65535_65535,1,6,87,953,1,1,1,21,953,28,1,1,allocated
429,895,normal,0,0,65535_65535,1,7,87,907,0,1,0,20,0,28,1,1,pre_allocation
429,895,normal,0,0,65535_65535,1,7,87,953,1,1,1,21,953,28,1,1,allocated
429,895,normal,0,0,65535_65535,1,9,87,907,0,1,0,20,0,28,1,1,pre_allocation
429,895,normal,0,0,65535_65535,1,9,87,953,1,1,1,21,953,28,1,1,allocated
429,895,normal,0,0,65535_65535,1,10,87,907,0,1,0,20,0,28,1,1,pre_allocation
429,895,normal,0,0,65535_65535,1,10,87,953,1,1,1,21,953,28,1,1,allocated
429,895,normal,0,0,65535_65535,1,6,87,953,0,1,0,21,0,28,1,1,pre_allocation
429,895,normal,0,0,65535_65535,1,6,87,998,1,1,1,22,998,28,1,1,allocated
429,895,normal,0,0,65535_65535,1,7,87,953,0,1,0,21,0,28,1,1,pre_allocation
429,895,normal,0,0,65535_65535,1,7,87,998,1,1,1,22,998,28,1,1,allocated
429,895,normal,0,0,65535_65535,1,9,87,953,0,1,0,21,0,28,1,1,pre_allocation
429,895,normal,0,0,65535_65535,1,9,87,998,1,1,1,22,998,28,1,1,allocated
429,895,normal,0,0,65535_65535,1,10,87,953,0,1,0,21,0,28,1,1,pre_allocation
429,895,normal,0,0,65535_65535,1,10,87,998,1,1,1,22,998,28,1,1,allocated
429,895,normal,0,0,65535_65535,1,6,87,998,0,1,0,22,0,28,1,1,pre_allocation
429,895,normal,0,0,65535_65535,1,6,87,1044,1,1,1,23,1044,28,1,1,allocated
429,895,normal,0,0,65535_65535,1,7,87,998,0,1,0,22,0,28,1,1,pre_allocation
429,895,normal,0,0,65535_65535,1,7,87,1044,1,1,1,23,1044,28,1,1,allocated
429,895,normal,0,0,65535_65535,1,9,87,998,0,1,0,22,0,28,1,1,pre_allocation
429,895,normal,0,0,65535_65535,1,9,87,1044,1,1,1,23,1044,28,1,1,allocated
429,895,normal,0,0,65535_65535,1,10,87,998,0,1,0,22,0,28,1,1,pre_allocation
429,895,normal,0,0,65535_65535,1,10,87,1044,1,1,1,23,1044,28,1,1,allocated
429,895,normal,0,0,65535_65535,1,6,87,1044,0,1,0,23,0,28,1,1,pre_allocation
429,895,normal,0,0,65535_65535,1,6,87,1089,1,1,1,24,1089,28,1,1,allocated
429,895,normal,0,0,65535_65535,2,28,137,0,0,1,0,0,0,28,1,1,pre_allocation
429,895,normal,0,0,65535_65535,2,28,137,42,1,1,1,1,42,28,1,1,allocated
429,895,normal,0,0,65535_65535,2,27,137,0,0,1,0,0,0,28,1,1,pre_allocation
429,895,normal,0,0,65535_65535,2,27,137,42,1,1,1,1,42,28,1,1,allocated
429,895,normal,0,0,65535_65535,2,25,137,0,0,1,0,0,0,28,1,1,pre_allocation
429,895,normal,0,0,65535_65535,2,25,137,42,1,1,1,1,42,28,1,1,allocated
429,895,normal,0,0,65535_65535,2,24,137,0,0,1,0,0,0,28,1,1,pre_allocation
429,895,normal,0,0,65535_65535,2,24,137,42,1,1,1,1,42,28,1,1,allocated
429,895,normal,0,0,65535_65535,2,22,137,0,0,1,0,0,0,28,1,1,pre_allocation
429,895,normal,0,0,65535_65535,2,22,137,42,1,1,1,1,42,28,1,1,allocated
429,895,normal,0,0,65535_65535,2,21,137,0,0,1,0,0,0,28,1,1,pre_allocation
429,895,normal,0,0,65535_65535,2,21,137,42,1,1,1,1,42,28,1,1,allocated
429,895,normal,0,0,65535_65535,2,11,137,0,0,1,0,0,0,28,1,1,pre_allocation
429,895,normal,0,0,65535_65535,2,11,137,42,1,1,1,1,42,28,1,1,allocated
429,895,normal,0,0,65535_65535,2,12,137,0,0,1,0,0,0,28,1,1,pre_allocation
429,895,normal,0,0,65535_65535,2,12,137,42,1,1,1,1,42,28,1,1,allocated
429,895,normal,0,0,65535_65535,2,28,137,42,0,1,0,1,0,28,1,1,pre_allocation
429,895,normal,0,0,65535_65535,2,28,137,88,1,1,1,2,88,28,1,1,allocated
429,895,normal,0,0,65535_65535,2,27,137,42,0,1,0,1,0,28,1,1,pre_allocation
429,895,normal,0,0,65535_65535,2,27,137,88,1,1,1,2,88,28,1,1,allocated
429,895,normal,0,0,65535_65535,2,25,137,42,0,1,0,1,0,28,1,1,pre_allocation
429,895,normal,0,0,65535_65535,2,25,137,88,1,1,1,2,88,28,1,1,allocated
429,895,normal,0,0,65535_65535,2,24,137,42,0,1,0,1,0,28,1,1,pre_allocation
429,895,normal,0,0,65535_65535,2,24,137,88,1,1,1,2,88,28,1,1,allocated
429,895,normal,0,0,65535_65535,2,22,137,42,0,1,0,1,0,28,1,1,pre_allocation
429,895,normal,0,0,65535_65535,2,22,137,88,1,1,1,2,88,28,1,1,allocated
429,895,normal,0,0,65535_65535,2,21,137,42,0,1,0,1,0,28,1,1,pre_allocation
429,895,normal,0,0,65535_65535,2,21,137,88,1,1,1,2,88,28,1,1,allocated
429,895,normal,0,0,65535_65535,2,11,137,42,0,1,0,1,0,28,1,1,pre_allocation
429,895,normal,0,0,65535_65535,2,11,137,88,1,1,1,2,88,28,1,1,allocated
429,895,normal,0,0,65535_65535,2,12,137,42,0,1,0,1,0,28,1,1,pre_allocation
429,895,normal,0,0,65535_65535,2,12,137,88,1,1,1,2,88,28,1,1,allocated
429,895,normal,0,0,65535_65535,2,28,137,88,0,1,0,2,0,28,1,1,pre_allocation
429,895,normal,0,0,65535_65535,2,28,137,133,1,1,1,3,133,28,1,1,allocated
429,895,normal,0,0,65535_65535,2,27,137,88,0,1,0,2,0,28,1,1,pre_allocation
429,895,normal,0,0,65535_65535,2,27,137,133,1,1,1,3,133,28,1,1,allocated
429,895,normal,0,0,65535_65535,2,25,137,88,0,1,0,2,0,28,1,1,pre_allocation
429,895,normal,0,0,65535_65535,2,25,137,133,1,1,1,3,133,28,1,1,allocated
429,895,normal,0,0,65535_65535,2,24,137,88,0,1,0,2,0,28,1,1,pre_allocation
429,895,normal,0,0,65535_65535,2,24,137,133,1,1,1,3,133,28,1,1,allocated
429,895,normal,0,0,65535_65535,2,22,137,88,0,1,0,2,0,28,1,1,pre_allocation
429,895,normal,0,0,65535_65535,2,22,137,133,1,1,1,3,133,28,1,1,allocated
429,895,normal,0,0,65535_65535,2,21,137,88,0,1,0,2,0,28,1,1,pre_allocation
429,895,normal,0,0,65535_65535,2,21,137,133,1,1,1,3,133,28,1,1,allocated
429,895,normal,0,0,65535_65535,2,11,137,88,0,1,0,2,0,28,1,1,pre_allocation
429,895,normal,0,0,65535_65535,2,11,137,133,1,1,1,3,133,28,1,1,allocated
429,895,normal,0,0,65535_65535,2,12,137,88,0,1,0,2,0,28,1,1,pre_allocation
429,895,normal,0,0,65535_65535,2,12,137,133,1,1,1,3,133,28,1,1,allocated
429,895,normal,0,0,65535_65535,2,28,137,133,0,1,0,3,0,28,1,1,pre_allocation
429,895,normal,0,0,65535_65535,2,28,137,179,1,1,1,4,179,28,1,1,allocated
429,895,normal,0,0,65535_65535,2,27,137,133,0,1,0,3,0,28,1,1,pre_allocation
429,895,normal,0,0,65535_65535,2,27,137,179,1,1,1,4,179,28,1,1,allocated
429,895,normal,0,0,65535_65535,2,25,137,133,0,1,0,3,0,28,1,1,pre_allocation
429,895,normal,0,0,65535_65535,2,25,137,179,1,1,1,4,179,28,1,1,allocated
429,895,normal,0,0,65535_65535,2,24,137,133,0,1,0,3,0,28,1,1,pre_allocation
429,895,normal,0,0,65535_65535,2,24,137,179,1,1,1,4,179,28,1,1,allocated
429,895,normal,0,0,65535_65535,2,22,137,133,0,1,0,3,0,28,1,1,pre_allocation
429,895,normal,0,0,65535_65535,2,22,137,179,1,1,1,4,179,28,1,1,allocated
429,895,normal,0,0,65535_65535,2,21,137,133,0,1,0,3,0,28,1,1,pre_allocation
429,895,normal,0,0,65535_65535,2,21,137,179,1,1,1,4,179,28,1,1,allocated
429,895,normal,0,0,65535_65535,2,11,137,133,0,1,0,3,0,28,1,1,pre_allocation
429,895,normal,0,0,65535_65535,2,11,137,179,1,1,1,4,179,28,1,1,allocated
429,895,normal,0,0,65535_65535,2,12,137,133,0,1,0,3,0,28,1,1,pre_allocation
429,895,normal,0,0,65535_65535,2,12,137,179,1,1,1,4,179,28,1,1,allocated
429,895,normal,0,0,65535_65535,2,28,137,179,0,1,0,4,0,28,1,1,pre_allocation
429,895,normal,0,0,65535_65535,2,28,137,224,1,1,1,5,224,28,1,1,allocated
429,895,normal,0,0,65535_65535,2,27,137,179,0,1,0,4,0,28,1,1,pre_allocation
429,895,normal,0,0,65535_65535,2,27,137,224,1,1,1,5,224,28,1,1,allocated
429,895,normal,0,0,65535_65535,2,25,137,179,0,1,0,4,0,28,1,1,pre_allocation
429,895,normal,0,0,65535_65535,2,25,137,224,1,1,1,5,224,28,1,1,allocated
429,895,normal,0,0,65535_65535,2,24,137,179,0,1,0,4,0,28,1,1,pre_allocation
429,895,normal,0,0,65535_65535,2,24,137,224,1,1,1,5,224,28,1,1,allocated
429,895,normal,0,0,65535_65535,2,22,137,179,0,1,0,4,0,28,1,1,pre_allocation
429,895,normal,0,0,65535_65535,2,22,137,224,1,1,1,5,224,28,1,1,allocated
429,895,normal,0,0,65535_65535,2,21,137,179,0,1,0,4,0,28,1,1,pre_allocation
429,895,normal,0,0,65535_65535,2,21,137,224,1,1,1,5,224,28,1,1,allocated
429,895,normal,0,0,65535_65535,2,11,137,179,0,1,0,4,0,28,1,1,pre_allocation
429,895,normal,0,0,65535_65535,2,11,137,224,1,1,1,5,224,28,1,1,allocated
429,895,normal,0,0,65535_65535,2,12,137,179,0,1,0,4,0,28,1,1,pre_allocation
429,895,normal,0,0,65535_65535,2,12,137,224,1,1,1,5,224,28,1,1,allocated
429,895,normal,0,0,65535_65535,2,28,137,224,0,1,0,5,0,28,1,1,pre_allocation
429,895,normal,0,0,65535_65535,2,28,137,270,1,1,1,6,270,28,1,1,allocated
429,895,normal,0,0,65535_65535,2,27,137,224,0,1,0,5,0,28,1,1,pre_allocation
429,895,normal,0,0,65535_65535,2,27,137,270,1,1,1,6,270,28,1,1,allocated
429,895,normal,0,0,65535_65535,2,25,137,224,0,1,0,5,0,28,1,1,pre_allocation
429,895,normal,0,0,65535_65535,2,25,137,270,1,1,1,6,270,28,1,1,allocated
429,895,normal,0,0,65535_65535,2,24,137,224,0,1,0,5,0,28,1,1,pre_allocation
429,895,normal,0,0,65535_65535,2,24,137,270,1,1,1,6,270,28,1,1,allocated
429,895,normal,0,0,65535_65535,2,22,137,224,0,1,0,5,0,28,1,1,pre_allocation
429,895,normal,0,0,65535_65535,2,22,137,270,1,1,1,6,270,28,1,1,allocated
429,895,normal,0,0,65535_65535,2,21,137,224,0,1,0,5,0,28,1,1,pre_allocation
429,895,normal,0,0,65535_65535,2,21,137,270,1,1,1,6,270,28,1,1,allocated
429,895,normal,0,0,65535_65535,2,11,137,224,0,1,0,5,0,28,1,1,pre_allocation
429,895,normal,0,0,65535_65535,2,11,137,270,1,1,1,6,270,28,1,1,allocated
429,895,normal,0,0,65535_65535,2,12,137,224,0,1,0,5,0,28,1,1,pre_allocation
429,895,normal,0,0,65535_65535,2,12,137,270,1,1,1,6,270,28,1,1,allocated
429,895,normal,0,0,65535_65535,2,28,137,270,0,1,0,6,0,28,1,1,pre_allocation
429,895,normal,0,0,65535_65535,2,28,137,315,1,1,1,7,315,28,1,1,allocated
429,895,normal,0,0,65535_65535,2,27,137,270,0,1,0,6,0,28,1,1,pre_allocation
429,895,normal,0,0,65535_65535,2,27,137,315,1,1,1,7,315,28,1,1,allocated
429,895,normal,0,0,65535_65535,2,25,137,270,0,1,0,6,0,28,1,1,pre_allocation
429,895,normal,0,0,65535_65535,2,25,137,315,1,1,1,7,315,28,1,1,allocated
429,895,normal,0,0,65535_65535,2,24,137,270,0,1,0,6,0,28,1,1,pre_allocation
429,895,normal,0,0,65535_65535,2,24,137,315,1,1,1,7,315,28,1,1,allocated
429,895,normal,0,0,65535_65535,2,22,137,270,0,1,0,6,0,28,1,1,pre_allocation
429,895,normal,0,0,65535_65535,2,22,137,315,1,1,1,7,315,28,1,1,allocated
429,895,normal,0,0,65535_65535,2,21,137,270,0,1,0,6,0,28,1,1,pre_allocation
429,895,normal,0,0,65535_65535,2,21,137,315,1,1,1,7,315,28,1,1,allocated
429,895,normal,0,0,65535_65535,2,11,137,270,0,1,0,6,0,28,1,1,pre_allocation
429,895,normal,0,0,65535_65535,2,11,137,315,1,1,1,7,315,28,1,1,allocated
429,895,normal,0,0,65535_65535,2,12,137,270,0,1,0,6,0,28,1,1,pre_allocation
429,895,normal,0,0,65535_65535,2,12,137,315,1,1,1,7,315,28,1,1,allocated
429,895,normal,0,0,65535_65535,2,28,137,315,0,1,0,7,0,28,1,1,pre_allocation
429,895,normal,0,0,65535_65535,2,28,137,361,1,1,1,8,361,28,1,1,allocated
429,895,normal,0,0,65535_65535,2,27,137,315,0,1,0,7,0,28,1,1,pre_allocation
429,895,normal,0,0,65535_65535,2,27,137,361,1,1,1,8,361,28,1,1,allocated
429,895,normal,0,0,65535_65535,2,25,137,315,0,1,0,7,0,28,1,1,pre_allocation
429,895,normal,0,0,65535_65535,2,25,137,361,1,1,1,8,361,28,1,1,allocated
429,895,normal,0,0,65535_65535,2,24,137,315,0,1,0,7,0,28,1,1,pre_allocation
429,895,normal,0,0,65535_65535,2,24,137,361,1,1,1,8,361,28,1,1,allocated
429,895,normal,0,0,65535_65535,2,22,137,315,0,1,0,7,0,28,1,1,pre_allocation
429,895,normal,0,0,65535_65535,2,22,137,361,1,1,1,8,361,28,1,1,allocated
429,895,normal,0,0,65535_65535,2,21,137,315,0,1,0,7,0,28,1,1,pre_allocation
429,895,normal,0,0,65535_65535,2,21,137,361,1,1,1,8,361,28,1,1,allocated
429,895,normal,0,0,65535_65535,2,11,137,315,0,1,0,7,0,28,1,1,pre_allocation
429,895,normal,0,0,65535_65535,2,11,137,361,1,1,1,8,361,28,1,1,allocated
429,895,normal,0,0,65535_65535,2,12,137,315,0,1,0,7,0,28,1,1,pre_allocation
429,895,normal,0,0,65535_65535,2,12,137,361,1,1,1,8,361,28,1,1,allocated
429,895,normal,0,0,65535_65535,2,28,137,361,0,1,0,8,0,28,1,1,pre_allocation
429,895,normal,0,0,65535_65535,2,28,137,406,1,1,1,9,406,28,1,1,allocated
429,895,normal,0,0,65535_65535,2,27,137,361,0,1,0,8,0,28,1,1,pre_allocation
429,895,normal,0,0,65535_65535,2,27,137,406,1,1,1,9,406,28,1,1,allocated
429,895,normal,0,0,65535_65535,2,25,137,361,0,1,0,8,0,28,1,1,pre_allocation
429,895,normal,0,0,65535_65535,2,25,137,406,1,1,1,9,406,28,1,1,allocated
429,895,normal,0,0,65535_65535,2,24,137,361,0,1,0,8,0,28,1,1,pre_allocation
429,895,normal,0,0,65535_65535,2,24,137,406,1,1,1,9,406,28,1,1,allocated
429,895,normal,0,0,65535_65535,2,22,137,361,0,1,0,8,0,28,1,1,pre_allocation
429,895,normal,0,0,65535_65535,2,22,137,406,1,1,1,9,406,28,1,1,allocated
429,895,normal,0,0,65535_65535,2,21,137,361,0,1,0,8,0,28,1,1,pre_allocation
429,895,normal,0,0,65535_65535,2,21,137,406,1,1,1,9,406,28,1,1,allocated
429,895,normal,0,0,65535_65535,2,11,137,361,0,1,0,8,0,28,1,1,pre_allocation
429,895,normal,0,0,65535_65535,2,11,137,406,1,1,1,9,406,28,1,1,allocated
429,895,normal,0,0,65535_65535,2,12,137,361,0,1,0,8,0,28,1,1,pre_allocation
429,895,normal,0,0,65535_65535,2,12,137,406,1,1,1,9,406,28,1,1,allocated
429,895,normal,0,0,65535_65535,2,28,137,406,0,1,0,9,0,28,1,1,pre_allocation
429,895,normal,0,0,65535_65535,2,28,137,452,1,1,1,10,452,28,1,1,allocated
429,895,normal,0,0,65535_65535,2,27,137,406,0,1,0,9,0,28,1,1,pre_allocation
429,895,normal,0,0,65535_65535,2,27,137,452,1,1,1,10,452,28,1,1,allocated
429,895,normal,0,0,65535_65535,2,25,137,406,0,1,0,9,0,28,1,1,pre_allocation
429,895,normal,0,0,65535_65535,2,25,137,452,1,1,1,10,452,28,1,1,allocated
429,895,normal,0,0,65535_65535,2,24,137,406,0,1,0,9,0,28,1,1,pre_allocation
429,895,normal,0,0,65535_65535,2,24,137,452,1,1,1,10,452,28,1,1,allocated
429,895,normal,0,0,65535_65535,2,22,137,406,0,1,0,9,0,28,1,1,pre_allocation
429,895,normal,0,0,65535_65535,2,22,137,452,1,1,1,10,452,28,1,1,allocated
429,895,normal,0,0,65535_65535,2,21,137,406,0,1,0,9,0,28,1,1,pre_allocation
429,895,normal,0,0,65535_65535,2,21,137,452,1,1,1,10,452,28,1,1,allocated
429,895,normal,0,0,65535_65535,2,11,137,406,0,1,0,9,0,28,1,1,pre_allocation
429,895,normal,0,0,65535_65535,2,11,137,452,1,1,1,10,452,28,1,1,allocated
429,895,normal,0,0,65535_65535,2,12,137,406,0,1,0,9,0,28,1,1,pre_allocation
429,895,normal,0,0,65535_65535,2,12,137,452,1,1,1,10,452,28,1,1,allocated
429,895,normal,0,0,65535_65535,2,28,137,452,0,1,0,10,0,28,1,1,pre_allocation
429,895,normal,0,0,65535_65535,2,28,137,497,1,1,1,11,497,28,1,1,allocated
429,895,normal,0,0,65535_65535,2,27,137,452,0,1,0,10,0,28,1,1,pre_allocation
429,895,normal,0,0,65535_65535,2,27,137,497,1,1,1,11,497,28,1,1,allocated
429,895,normal,0,0,65535_65535,2,25,137,452,0,1,0,10,0,28,1,1,pre_allocation
429,895,normal,0,0,65535_65535,2,25,137,497,1,1,1,11,497,28,1,1,allocated
429,895,normal,0,0,65535_65535,2,24,137,452,0,1,0,10,0,28,1,1,pre_allocation
429,895,normal,0,0,65535_65535,2,24,137,497,1,1,1,11,497,28,1,1,allocated
429,895,normal,0,0,65535_65535,2,22,137,452,0,1,0,10,0,28,1,1,pre_allocation
429,895,normal,0,0,65535_65535,2,22,137,497,1,1,1,11,497,28,1,1,allocated
429,895,normal,0,0,65535_65535,2,21,137,452,0,1,0,10,0,28,1,1,pre_allocation
429,895,normal,0,0,65535_65535,2,21,137,497,1,1,1,11,497,28,1,1,allocated
429,895,normal,0,0,65535_65535,2,11,137,452,0,1,0,10,0,28,1,1,pre_allocation
429,895,normal,0,0,65535_65535,2,11,137,497,1,1,1,11,497,28,1,1,allocated
429,895,normal,0,0,65535_65535,2,12,137,452,0,1,0,10,0,28,1,1,pre_allocation
429,895,normal,0,0,65535_65535,2,12,137,497,1,1,1,11,497,28,1,1,allocated
429,895,normal,0,0,65535_65535,2,28,137,497,0,1,0,11,0,28,1,1,pre_allocation
429,895,normal,0,0,65535_65535,2,28,137,543,1,1,1,12,543,28,1,1,allocated
429,895,normal,0,0,65535_65535,2,27,137,497,0,1,0,11,0,28,1,1,pre_allocation
429,895,normal,0,0,65535_65535,2,27,137,543,1,1,1,12,543,28,1,1,allocated
429,895,normal,0,0,65535_65535,2,25,137,497,0,1,0,11,0,28,1,1,pre_allocation
429,895,normal,0,0,65535_65535,2,25,137,543,1,1,1,12,543,28,1,1,allocated
429,895,normal,0,0,65535_65535,2,24,137,497,0,1,0,11,0,28,1,1,pre_allocation
429,895,normal,0,0,65535_65535,2,24,137,543,1,1,1,12,543,28,1,1,allocated
429,895,normal,0,0,65535_65535,2,22,137,497,0,1,0,11,0,28,1,1,pre_allocation
429,895,normal,0,0,65535_65535,2,22,137,543,1,1,1,12,543,28,1,1,allocated
429,895,normal,0,0,65535_65535,2,21,137,497,0,1,0,11,0,28,1,1,pre_allocation
429,895,normal,0,0,65535_65535,2,21,137,543,1,1,1,12,543,28,1,1,allocated
429,895,normal,0,0,65535_65535,2,11,137,497,0,1,0,11,0,28,1,1,pre_allocation
429,895,normal,0,0,65535_65535,2,11,137,543,1,1,1,12,543,28,1,1,allocated
429,895,normal,0,0,65535_65535,2,12,137,497,0,1,0,11,0,28,1,1,pre_allocation
429,895,normal,0,0,65535_65535,2,12,137,543,1,1,1,12,543,28,1,1,allocated
429,895,normal,0,0,65535_65535,2,28,137,543,0,1,0,12,0,28,1,1,pre_allocation
429,895,normal,0,0,65535_65535,2,28,137,589,1,1,1,13,589,28,1,1,allocated
429,895,normal,0,0,65535_65535,2,27,137,543,0,1,0,12,0,28,1,1,pre_allocation
429,895,normal,0,0,65535_65535,2,27,137,589,1,1,1,13,589,28,1,1,allocated
429,895,normal,0,0,65535_65535,2,25,137,543,0,1,0,12,0,28,1,1,pre_allocation
429,895,normal,0,0,65535_65535,2,25,137,589,1,1,1,13,589,28,1,1,allocated
429,895,normal,0,0,65535_65535,2,24,137,543,0,1,0,12,0,28,1,1,pre_allocation
429,895,normal,0,0,65535_65535,2,24,137,589,1,1,1,13,589,28,1,1,allocated
429,895,normal,0,0,65535_65535,2,22,137,543,0,1,0,12,0,28,1,1,pre_allocation
429,895,normal,0,0,65535_65535,2,22,137,589,1,1,1,13,589,28,1,1,allocated
429,895,normal,0,0,65535_65535,2,21,137,543,0,1,0,12,0,28,1,1,pre_allocation
429,895,normal,0,0,65535_65535,2,21,137,589,1,1,1,13,589,28,1,1,allocated
429,895,normal,0,0,65535_65535,2,11,137,543,0,1,0,12,0,28,1,1,pre_allocation
429,895,normal,0,0,65535_65535,2,11,137,589,1,1,1,13,589,28,1,1,allocated
429,895,normal,0,0,65535_65535,2,12,137,543,0,1,0,12,0,28,1,1,pre_allocation
429,895,normal,0,0,65535_65535,2,12,137,589,1,1,1,13,589,28,1,1,allocated
429,895,normal,0,0,65535_65535,2,28,137,589,0,1,0,13,0,28,1,1,pre_allocation
429,895,normal,0,0,65535_65535,2,28,137,634,1,1,1,14,634,28,1,1,allocated
429,895,normal,0,0,65535_65535,2,27,137,589,0,1,0,13,0,28,1,1,pre_allocation
429,895,normal,0,0,65535_65535,2,27,137,634,1,1,1,14,634,28,1,1,allocated
429,895,normal,0,0,65535_65535,2,25,137,589,0,1,0,13,0,28,1,1,pre_allocation
429,895,normal,0,0,65535_65535,2,25,137,634,1,1,1,14,634,28,1,1,allocated
429,895,normal,0,0,65535_65535,2,24,137,589,0,1,0,13,0,28,1,1,pre_allocation
429,895,normal,0,0,65535_65535,2,24,137,634,1,1,1,14,634,28,1,1,allocated
429,895,normal,0,0,65535_65535,2,22,137,589,0,1,0,13,0,28,1,1,pre_allocation
429,895,normal,0,0,65535_65535,2,22,137,634,1,1,1,14,634,28,1,1,allocated
429,895,normal,0,0,65535_65535,2,21,137,589,0,1,0,13,0,28,1,1,pre_allocation
429,895,normal,0,0,65535_65535,2,21,137,634,1,1,1,14,634,28,1,1,allocated
429,895,normal,0,0,65535_65535,2,11,137,589,0,1,0,13,0,28,1,1,pre_allocation
429,895,normal,0,0,65535_65535,2,11,137,634,1,1,1,14,634,28,1,1,allocated
429,895,normal,0,0,65535_65535,2,12,137,589,0,1,0,13,0,28,1,1,pre_allocation
429,895,normal,0,0,65535_65535,2,12,137,634,1,1,1,14,634,28,1,1,allocated
429,895,normal,0,0,65535_65535,2,28,137,634,0,1,0,14,0,28,1,1,pre_allocation
429,895,normal,0,0,65535_65535,2,28,137,680,1,1,1,15,680,28,1,1,allocated
429,895,normal,0,0,65535_65535,2,27,137,634,0,1,0,14,0,28,1,1,pre_allocation
429,895,normal,0,0,65535_65535,2,27,137,680,1,1,1,15,680,28,1,1,allocated
429,895,normal,0,0,65535_65535,2,25,137,634,0,1,0,14,0,28,1,1,pre_allocation
429,895,normal,0,0,65535_65535,2,25,137,680,1,1,1,15,680,28,1,1,allocated
541,993,normal,0,0,65535_65535,0,1,172605,0,0,1,0,0,0,26,1,1,pre_allocation
541,993,normal,0,0,65535_65535,0,1,172605,39,1,1,1,1,39,26,1,1,allocated
541,993,normal,0,0,65535_65535,0,2,140919,0,0,1,0,0,0,28,1,1,pre_allocation
541,993,normal,0,0,65535_65535,0,2,140919,42,1,1,1,1,42,28,1,1,allocated
541,993,normal,0,0,65535_65535,0,3,143552,0,0,1,0,0,0,28,1,1,pre_allocation
541,993,normal,0,0,65535_65535,0,3,143552,42,1,1,1,1,42,28,1,1,allocated
541,993,normal,0,0,65535_65535,0,4,146175,0,0,1,0,0,0,28,1,1,pre_allocation
541,993,normal,0,0,65535_65535,0,4,146175,42,1,1,1,1,42,28,1,1,allocated
541,993,normal,0,0,65535_65535,0,5,148854,0,0,1,0,0,0,28,1,1,pre_allocation
541,993,normal,0,0,65535_65535,0,5,148854,42,1,1,1,1,42,28,1,1,allocated
541,993,normal,0,0,65535_65535,0,1,172605,39,0,1,0,1,0,26,1,1,pre_allocation
541,993,normal,0,0,65535_65535,0,1,172605,81,1,1,1,2,81,26,1,1,allocated
541,993,normal,0,0,65535_65535,0,2,140919,42,0,1,0,1,0,28,1,1,pre_allocation
541,993,normal,0,0,65535_65535,0,2,140919,88,1,1,1,2,88,28,1,1,allocated
541,993,normal,0,0,65535_65535,0,3,143552,42,0,1,0,1,0,28,1,1,pre_allocation
541,993,normal,0,0,65535_65535,0,3,143552,88,1,1,1,2,88,28,1,1,allocated
541,993,normal,0,0,65535_65535,0,4,146175,42,0,1,0,1,0,28,1,1,pre_allocation
541,993,normal,0,0,65535_65535,0,4,146175,88,1,1,1,2,88,28,1,1,allocated
541,993,normal,0,0,65535_65535,0,5,148854,42,0,1,0,1,0,28,1,1,pre_allocation
541,993,normal,0,0,65535_65535,0,5,148854,88,1,1,1,2,88,28,1,1,allocated
541,993,normal,0,0,65535_65535,0,1,172605,81,0,1,0,2,0,26,1,1,pre_allocation
541,993,normal,0,0,65535_65535,0,1,172605,123,1,1,1,3,123,26,1,1,allocated
541,993,normal,0,0,65535_65535,0,2,140919,88,0,1,0,2,0,28,1,1,pre_allocation
541,993,normal,0,0,65535_65535,0,2,140919,133,1,1,1,3,133,28,1,1,allocated
541,993,normal,0,0,65535_65535,0,3,143552,88,0,1,0,2,0,28,1,1,pre_allocation
541,993,normal,0,0,65535_65535,0,3,143552,133,1,1,1,3,133,28,1,1,allocated
541,993,normal,0,0,65535_65535,0,4,146175,88,0,1,0,2,0,28,1,1,pre_allocation
541,993,normal,0,0,65535_65535,0,4,146175,133,1,1,1,3,133,28,1,1,allocated
541,993,normal,0,0,65535_65535,0,5,148854,88,0,1,0,2,0,28,1,1,pre_allocation
541,993,normal,0,0,65535_65535,0,5,148854,133,1,1,1,3,133,28,1,1,allocated
541,993,normal,0,0,65535_65535,0,1,172605,123,0,1,0,3,0,26,1,1,pre_allocation
541,993,normal,0,0,65535_65535,0,1,172605,165,1,1,1,4,165,26,1,1,allocated
541,993,normal,0,0,65535_65535,0,2,140919,133,0,1,0,3,0,28,1,1,pre_allocation
541,993,normal,0,0,65535_65535,0,2,140919,179,1,1,1,4,179,28,1,1,allocated
541,993,normal,0,0,65535_65535,0,3,143552,133,0,1,0,3,0,28,1,1,pre_allocation
541,993,normal,0,0,65535_65535,0,3,143552,179,1,1,1,4,179,28,1,1,allocated
541,993,normal,0,0,65535_65535,0,4,146175,133,0,1,0,3,0,28,1,1,pre_allocation
541,993,normal,0,0,65535_65535,0,4,146175,179,1,1,1,4,179,28,1,1,allocated
541,993,normal,0,0,65535_65535,0,5,148854,133,0,1,0,3,0,28,1,1,pre_allocation
541,993,normal,0,0,65535_65535,0,5,148854,179,1,1,1,4,179,28,1,1,allocated
541,993,normal,0,0,65535_65535,0,1,172605,165,0,1,0,4,0,26,1,1,pre_allocation
541,993,normal,0,0,65535_65535,0,1,172605,207,1,1,1,5,207,26,1,1,allocated
541,993,normal,0,0,65535_65535,0,2,140919,179,0,1,0,4,0,28,1,1,pre_allocation
541,993,normal,0,0,65535_65535,0,2,140919,224,1,1,1,5,224,28,1,1,allocated
541,993,normal,0,0,65535_65535,0,3,143552,179,0,1,0,4,0,28,1,1,pre_allocation
541,993,normal,0,0,65535_65535,0,3,143552,224,1,1,1,5,224,28,1,1,allocated
541,993,normal,0,0,65535_65535,0,4,146175,179,0,1,0,4,0,28,1,1,pre_allocation
541,993,normal,0,0,65535_65535,0,4,146175,224,1,1,1,5,224,28,1,1,allocated
541,993,normal,0,0,65535_65535,0,5,148854,179,0,1,0,4,0,28,1,1,pre_allocation
541,993,normal,0,0,65535_65535,0,5,148854,224,1,1,1,5,224,28,1,1,allocated
541,993,normal,0,0,65535_65535,0,1,172605,207,0,1,0,5,0,26,1,1,pre_allocation
541,993,normal,0,0,65535_65535,0,1,172605,249,1,1,1,6,249,26,1,1,allocated
541,993,normal,0,0,65535_65535,0,2,140919,224,0,1,0,5,0,28,1,1,pre_allocation
541,993,normal,0,0,65535_65535,0,2,140919,270,1,1,1,6,270,28,1,1,allocated
541,993,normal,0,0,65535_65535,0,3,143552,224,0,1,0,5,0,28,1,1,pre_allocation
541,993,normal,0,0,65535_65535,0,3,143552,270,1,1,1,6,270,28,1,1,allocated
541,993,normal,0,0,65535_65535,0,4,146175,224,0,1,0,5,0,28,1,1,pre_allocation
541,993,normal,0,0,65535_65535,0,4,146175,270,1,1,1,6,270,28,1,1,allocated
541,993,normal,0,0,65535_65535,0,5,148854,224,0,1,0,5,0,28,1,1,pre_allocation
541,993,normal,0,0,65535_65535,0,5,148854,270,1,1,1,6,270,28,1,1,allocated
541,993,normal,0,0,65535_65535,0,1,172605,249,0,1,0,6,0,26,1,1,pre_allocation
541,993,normal,0,0,65535_65535,0,1,172605,291,1,1,1,7,291,26,1,1,allocated
541,993,normal,0,0,65535_65535,0,2,140919,270,0,1,0,6,0,28,1,1,pre_allocation
541,993,normal,0,0,65535_65535,0,2,140919,315,1,1,1,7,315,28,1,1,allocated
541,993,normal,0,0,65535_65535,0,3,143552,270,0,1,0,6,0,28,1,1,pre_allocation
541,993,normal,0,0,65535_65535,0,3,143552,315,1,1,1,7,315,28,1,1,allocated
541,993,normal,0,0,65535_65535,0,4,146175,270,0,1,0,6,0,28,1,1,pre_allocation
541,993,normal,0,0,65535_65535,0,4,146175,315,1,1,1,7,315,28,1,1,allocated
541,993,normal,0,0,65535_65535,0,5,148854,270,0,1,0,6,0,28,1,1,pre_allocation
541,993,normal,0,0,65535_65535,0,5,148854,315,1,1,1,7,315,28,1,1,allocated
541,993,normal,0,0,65535_65535,0,1,172605,291,0,1,0,7,0,26,1,1,pre_allocation
541,993,normal,0,0,65535_65535,0,1,172605,333,1,1,1,8,333,26,1,1,allocated
541,993,normal,0,0,65535_65535,0,2,140919,315,0,1,0,7,0,28,1,1,pre_allocation
541,993,normal,0,0,65535_65535,0,2,140919,361,1,1,1,8,361,28,1,1,allocated
541,993,normal,0,0,65535_65535,0,3,143552,315,0,1,0,7,0,28,1,1,pre_allocation
541,993,normal,0,0,65535_65535,0,3,143552,361,1,1,1,8,361,28,1,1,allocated
541,993,normal,0,0,65535_65535,0,4,146175,315,0,1,0,7,0,28,1,1,pre_allocation
541,993,normal,0,0,65535_65535,0,4,146175,361,1,1,1,8,361,28,1,1,allocated
541,993,normal,0,0,65535_65535,0,5,148854,315,0,1,0,7,0,28,1,1,pre_allocation
541,993,normal,0,0,65535_65535,0,5,148854,361,1,1,1,8,361,28,1,1,allocated
541,993,normal,0,0,65535_65535,0,1,172605,333,0,1,0,8,0,26,1,1,pre_allocation
541,993,normal,0,0,65535_65535,0,1,172605,375,1,1,1,9,375,26,1,1,allocated
541,993,normal,0,0,65535_65535,0,2,140919,361,0,1,0,8,0,28,1,1,pre_allocation
541,993,normal,0,0,65535_65535,0,2,140919,406,1,1,1,9,406,28,1,1,allocated
541,993,normal,0,0,65535_65535,0,3,143552,361,0,1,0,8,0,28,1,1,pre_allocation
541,993,normal,0,0,65535_65535,0,3,143552,406,1,1,1,9,406,28,1,1,allocated
541,993,normal,0,0,65535_65535,0,4,146175,361,0,1,0,8,0,28,1,1,pre_allocation
541,993,normal,0,0,65535_65535,0,4,146175,406,1,1,1,9,406,28,1,1,allocated
541,993,normal,0,0,65535_65535,0,5,148854,361,0,1,0,8,0,28,1,1,pre_allocation
541,993,normal,0,0,65535_65535,0,5,148854,406,1,1,1,9,406,28,1,1,allocated
541,993,normal,0,0,65535_65535,0,1,172605,375,0,1,0,9,0,26,1,1,pre_allocation
541,993,normal,0,0,65535_65535,0,1,172605,417,1,1,1,10,417,26,1,1,allocated
541,993,normal,0,0,65535_65535,0,2,140919,406,0,1,0,9,0,28,1,1,pre_allocation
541,993,normal,0,0,65535_65535,0,2,140919,452,1,1,1,10,452,28,1,1,allocated
541,993,normal,0,0,65535_65535,0,3,143552,406,0,1,0,9,0,28,1,1,pre_allocation
541,993,normal,0,0,65535_65535,0,3,143552,452,1,1,1,10,452,28,1,1,allocated
541,993,normal,0,0,65535_65535,0,4,146175,406,0,1,0,9,0,28,1,1,pre_allocation
541,993,normal,0,0,65535_65535,0,4,146175,452,1,1,1,10,452,28,1,1,allocated
541,993,normal,0,0,65535_65535,0,5,148854,406,0,1,0,9,0,28,1,1,pre_allocation
541,993,normal,0,0,65535_65535,0,5,148854,452,1,1,1,10,452,28,1,1,allocated
541,993,normal,0,0,65535_65535,0,1,172605,417,0,1,0,10,0,26,1,1,pre_allocation
541,993,normal,0,0,65535_65535,0,1,172605,459,1,1,1,11,459,26,1,1,allocated
541,993,normal,0,0,65535_65535,0,2,140919,452,0,1,0,10,0,28,1,1,pre_allocation
541,993,normal,0,0,65535_65535,0,2,140919,497,1,1,1,11,497,28,1,1,allocated
541,993,normal,0,0,65535_65535,0,3,143552,452,0,1,0,10,0,28,1,1,pre_allocation
541,993,normal,0,0,65535_65535,0,3,143552,497,1,1,1,11,497,28,1,1,allocated
541,993,normal,0,0,65535_65535,0,4,146175,452,0,1,0,10,0,28,1,1,pre_allocation
541,993,normal,0,0,65535_65535,0,4,146175,497,1,1,1,11,497,28,1,1,allocated
541,993,normal,0,0,65535_65535,0,5,148854,452,0,1,0,10,0,28,1,1,pre_allocation
541,993,normal,0,0,65535_65535,0,5,148854,497,1,1,1,11,497,28,1,1,allocated
541,993,normal,0,0,65535_65535,0,1,172605,459,0,1,0,11,0,26,1,1,pre_allocation
541,993,normal,0,0,65535_65535,0,1,172605,501,1,1,1,12,501,26,1,1,allocated
541,993,normal,0,0,65535_65535,0,2,140919,497,0,1,0,11,0,28,1,1,pre_allocation
541,993,normal,0,0,65535_65535,0,2,140919,543,1,1,1,12,543,28,1,1,allocated
541,993,normal,0,0,65535_65535,0,3,143552,497,0,1,0,11,0,28,1,1,pre_allocation
541,993,normal,0,0,65535_65535,0,3,143552,543,1,1,1,12,543,28,1,1,allocated
541,993,normal,0,0,65535_65535,0,4,146175,497,0,1,0,11,0,28,1,1,pre_allocation
541,993,normal,0,0,65535_65535,0,4,146175,543,1,1,1,12,543,28,1,1,allocated
541,993,normal,0,0,65535_65535,0,5,148854,497,0,1,0,11,0,28,1,1,pre_allocation
541,993,normal,0,0,65535_65535,0,5,148854,543,1,1,1,12,543,28,1,1,allocated
541,993,normal,0,0,65535_65535,0,1,172605,501,0,1,0,12,0,26,1,1,pre_allocation
541,993,normal,0,0,65535_65535,0,1,172605,543,1,1,1,13,543,26,1,1,allocated
541,993,normal,0,0,65535_65535,0,2,140919,543,0,1,0,12,0,28,1,1,pre_allocation
541,993,normal,0,0,65535_65535,0,2,140919,589,1,1,1,13,589,28,1,1,allocated
541,993,normal,0,0,65535_65535,0,3,143552,543,0,1,0,12,0,28,1,1,pre_allocation
541,993,normal,0,0,65535_65535,0,3,143552,589,1,1,1,13,589,28,1,1,allocated
541,993,normal,0,0,65535_65535,0,4,146175,543,0,1,0,12,0,28,1,1,pre_allocation
541,993,normal,0,0,65535_65535,0,4,146175,589,1,1,1,13,589,28,1,1,allocated
541,993,normal,0,0,65535_65535,0,5,148854,543,0,1,0,12,0,28,1,1,pre_allocation
541,993,normal,0,0,65535_65535,0,5,148854,589,1,1,1,13,589,28,1,1,allocated
541,993,normal,0,0,65535_65535,0,1,172605,543,0,1,0,13,0,26,1,1,pre_allocation
541,993,normal,0,0,65535_65535,0,1,172605,586,1,1,1,14,586,26,1,1,allocated
541,993,normal,0,0,65535_65535,0,2,140919,589,0,1,0,13,0,28,1,1,pre_allocation
541,993,normal,0,0,65535_65535,0,2,140919,634,1,1,1,14,634,28,1,1,allocated
541,993,normal,0,0,65535_65535,0,3,143552,589,0,1,0,13,0,28,1,1,pre_allocation
541,993,normal,0,0,65535_65535,0,3,143552,634,1,1,1,14,634,28,1,1,allocated
541,993,normal,0,0,65535_65535,0,4,146175,589,0,1,0,13,0,28,1,1,pre_allocation
541,993,normal,0,0,65535_65535,0,4,146175,634,1,1,1,14,634,28,1,1,allocated
541,993,normal,0,0,65535_65535,0,5,148854,589,0,1,0,13,0,28,1,1,pre_allocation
541,993,normal,0,0,65535_65535,0,5,148854,634,1,1,1,14,634,28,1,1,allocated
541,993,normal,0,0,65535_65535,0,1,172605,586,0,1,0,14,0,26,1,1,pre_allocation
541,993,normal,0,0,65535_65535,0,1,172605,628,1,1,1,15,628,26,1,1,allocated
541,993,normal,0,0,65535_65535,0,2,140919,634,0,1,0,14,0,28,1,1,pre_allocation
541,993,normal,0,0,65535_65535,0,2,140919,680,1,1,1,15,680,28,1,1,allocated
541,993,normal,0,0,65535_65535,0,3,143552,634,0,1,0,14,0,28,1,1,pre_allocation
541,993,normal,0,0,65535_65535,0,3,143552,680,1,1,1,15,680,28,1,1,allocated
541,993,normal,0,0,65535_65535,0,4,146175,634,0,1,0,14,0,28,1,1,pre_allocation
541,993,normal,0,0,65535_65535,0,4,146175,680,1,1,1,15,680,28,1,1,allocated
541,993,normal,0,0,65535_65535,0,5,148854,634,0,1,0,14,0,28,1,1,pre_allocation
541,993,normal,0,0,65535_65535,0,5,148854,680,1,1,1,15,680,28,1,1,allocated
541,993,normal,0,0,65535_65535,0,1,172605,628,0,1,0,15,0,26,1,1,pre_allocation
541,993,normal,0,0,65535_65535,0,1,172605,670,1,1,1,16,670,26,1,1,allocated
541,993,normal,0,0,65535_65535,0,2,140919,680,0,1,0,15,0,28,1,1,pre_allocation
541,993,normal,0,0,65535_65535,0,2,140919,725,1,1,1,16,725,28,1,1,allocated
541,993,normal,0,0,65535_65535,0,3,143552,680,0,1,0,15,0,28,1,1,pre_allocation
541,993,normal,0,0,65535_65535,0,3,143552,725,1,1,1,16,725,28,1,1,allocated
541,993,normal,0,0,65535_65535,0,4,146175,680,0,1,0,15,0,28,1,1,pre_allocation
541,993,normal,0,0,65535_65535,0,4,146175,725,1,1,1,16,725,28,1,1,allocated
541,993,normal,0,0,65535_65535,0,5,148854,680,0,1,0,15,0,28,1,1,pre_allocation
541,993,normal,0,0,65535_65535,0,5,148854,725,1,1,1,16,725,28,1,1,allocated
541,993,normal,0,0,65535_65535,0,1,172605,670,0,1,0,16,0,26,1,1,pre_allocation
541,993,normal,0,0,65535_65535,0,1,172605,712,1,1,1,17,712,26,1,1,allocated
541,993,normal,0,0,65535_65535,0,2,140919,725,0,1,0,16,0,28,1,1,pre_allocation
541,993,normal,0,0,65535_65535,0,2,140919,771,1,1,1,17,771,28,1,1,allocated
541,993,normal,0,0,65535_65535,0,3,143552,725,0,1,0,16,0,28,1,1,pre_allocation
541,993,normal,0,0,65535_65535,0,3,143552,771,1,1,1,17,771,28,1,1,allocated
541,993,normal,0,0,65535_65535,0,4,146175,725,0,1,0,16,0,28,1,1,pre_allocation
541,993,normal,0,0,65535_65535,0,4,146175,771,1,1,1,17,771,28,1,1,allocated
541,993,normal,0,0,65535_65535,0,5,148854,725,0,1,0,16,0,28,1,1,pre_allocation
541,993,normal,0,0,65535_65535,0,5,148854,771,1,1,1,17,771,28,1,1,allocated
541,993,normal,0,0,65535_65535,0,1,172605,712,0,1,0,17,0,26,1,1,pre_allocation
541,993,normal,0,0,65535_65535,0,1,172605,754,1,1,1,18,754,26,1,1,allocated
541,993,normal,0,0,65535_65535,0,2,140919,771,0,1,0,17,0,28,1,1,pre_allocation
541,993,normal,0,0,65535_65535,0,2,140919,816,1,1,1,18,816,28,1,1,allocated
541,993,normal,0,0,65535_65535,0,3,143552,771,0,1,0,17,0,28,1,1,pre_allocation
541,993,normal,0,0,65535_65535,0,3,143552,816,1,1,1,18,816,28,1,1,allocated
541,993,normal,0,0,65535_65535,0,4,146175,771,0,1,0,17,0,28,1,1,pre_allocation
541,993,normal,0,0,65535_65535,0,4,146175,816,1,1,1,18,816,28,1,1,allocated
541,993,normal,0,0,65535_65535,0,5,148854,771,0,1,0,17,0,28,1,1,pre_allocation
541,993,normal,0,0,65535_65535,0,5,148854,816,1,1,1,18,816,28,1,1,allocated
541,993,normal,0,0,65535_65535,0,1,172605,754,0,1,0,18,0,26,1,1,pre_allocation
541,993,normal,0,0,65535_65535,0,1,172605,796,1,1,1,19,796,26,1,1,allocated
541,993,normal,0,0,65535_65535,0,2,140919,816,0,1,0,18,0,28,1,1,pre_allocation
541,993,normal,0,0,65535_65535,0,2,140919,862,1,1,1,19,862,28,1,1,allocated
541,993,normal,0,0,65535_65535,0,3,143552,816,0,1,0,18,0,28,1,1,pre_allocation
541,993,normal,0,0,65535_65535,0,3,143552,862,1,1,1,19,862,28,1,1,allocated
541,993,normal,0,0,65535_65535,0,4,146175,816,0,1,0,18,0,28,1,1,pre_allocation
541,993,normal,0,0,65535_65535,0,4,146175,862,1,1,1,19,862,28,1,1,allocated
541,993,normal,0,0,65535_65535,0,5,148854,816,0,1,0,18,0,28,1,1,pre_allocation
541,993,normal,0,0,65535_65535,0,5,148854,862,1,1,1,19,862,28,1,1,allocated
541,993,normal,0,0,65535_65535,0,1,172605,796,0,1,0,19,0,26,1,1,pre_allocation
541,993,normal,0,0,65535_65535,0,1,172605,838,1,1,1,20,838,26,1,1,allocated
541,993,normal,0,0,65535_65535,0,2,140919,862,0,1,0,19,0,28,1,1,pre_allocation
541,993,normal,0,0,65535_65535,0,2,140919,907,1,1,1,20,907,28,1,1,allocated
541,993,normal,0,0,65535_65535,0,3,143552,862,0,1,0,19,0,28,1,1,pre_allocation
541,993,normal,0,0,65535_65535,0,3,143552,907,1,1,1,20,907,28,1,1,allocated
541,993,normal,0,0,65535_65535,0,4,146175,862,0,1,0,19,0,28,1,1,pre_allocation
541,993,normal,0,0,65535_65535,0,4,146175,907,1,1,1,20,907,28,1,1,allocated
541,993,normal,0,0,65535_65535,0,5,148854,862,0,1,0,19,0,28,1,1,pre_allocation
541,993,normal,0,0,65535_65535,0,5,148854,907,1,1,1,20,907,28,1,1,allocated
541,993,normal,0,0,65535_65535,0,1,172605,838,0,1,0,20,0,26,1,1,pre_allocation
541,993,normal,0,0,65535_65535,0,1,172605,880,1,1,1,21,880,26,1,1,allocated
541,993,normal,0,0,65535_65535,0,2,140919,907,0,1,0,20,0,28,1,1,pre_allocation
541,993,normal,0,0,65535_65535,0,2,140919,953,1,1,1,21,953,28,1,1,allocated
541,993,normal,0,0,65535_65535,0,3,143552,907,0,1,0,20,0,28,1,1,pre_allocation
541,993,normal,0,0,65535_65535,0,3,143552,953,1,1,1,21,953,28,1,1,allocated
541,993,normal,0,0,65535_65535,0,4,146175,907,0,1,0,20,0,28,1,1,pre_allocation
541,993,normal,0,0,65535_65535,0,4,146175,953,1,1,1,21,953,28,1,1,allocated
541,993,normal,0,0,65535_65535,0,5,148854,907,0,1,0,20,0,28,1,1,pre_allocation
541,993,normal,0,0,65535_65535,0,5,148854,953,1,1,1,21,953,28,1,1,allocated
541,993,normal,0,0,65535_65535,0,1,172605,880,0,1,0,21,0,26,1,1,pre_allocation
541,993,normal,0,0,65535_65535,0,1,172605,922,1,1,1,22,922,26,1,1,allocated
541,993,normal,0,0,65535_65535,0,2,140919,953,0,1,0,21,0,28,1,1,pre_allocation
541,993,normal,0,0,65535_65535,0,2,140919,998,1,1,1,22,998,28,1,1,allocated
541,993,normal,0,0,65535_65535,0,3,143552,953,0,1,0,21,0,28,1,1,pre_allocation
541,993,normal,0,0,65535_65535,0,3,143552,998,1,1,1,22,998,28,1,1,allocated
541,993,normal,0,0,65535_65535,0,4,146175,953,0,1,0,21,0,28,1,1,pre_allocation
541,993,normal,0,0,65535_65535,0,4,146175,998,1,1,1,22,998,28,1,1,allocated
541,993,normal,0,0,65535_65535,0,5,148854,953,0,1,0,21,0,28,1,1,pre_allocation
541,993,normal,0,0,65535_65535,0,5,148854,998,1,1,1,22,998,28,1,1,allocated
541,993,normal,0,0,65535_65535,0,1,172605,922,0,1,0,22,0,26,1,1,pre_allocation
541,993,normal,0,0,65535_65535,0,1,172605,964,1,1,1,23,964,26,1,1,allocated
541,993,normal,0,0,65535_65535,0,2,140919,998,0,1,0,22,0,28,1,1,pre_allocation
541,993,normal,0,0,65535_65535,0,2,140919,1044,1,1,1,23,1044,28,1,1,allocated
541,993,normal,0,0,65535_65535,0,3,143552,998,0,1,0,22,0,28,1,1,pre_allocation
541,993,normal,0,0,65535_65535,0,3,143552,1044,1,1,1,23,1044,28,1,1,allocated
541,993,normal,0,0,65535_65535,0,4,146175,998,0,1,0,22,0,28,1,1,pre_allocation
541,993,normal,0,0,65535_65535,0,4,146175,1044,1,1,1,23,1044,28,1,1,allocated
541,993,normal,0,0,65535_65535,0,5,148854,998,0,1,0,22,0,28,1,1,pre_allocation
541,993,normal,0,0,65535_65535,0,5,148854,1044,1,1,1,23,1044,28,1,1,allocated
541,993,normal,0,0,65535_65535,0,1,172605,964,0,1,0,23,0,26,1,1,pre_allocation
541,993,normal,0,0,65535_65535,0,1,172605,1006,1,1,1,24,1006,26,1,1,allocated
541,993,normal,0,0,65535_65535,0,2,140919,1044,0,1,0,23,0,28,1,1,pre_allocation
541,993,normal,0,0,65535_65535,0,2,140919,1089,1,1,1,24,1089,28,1,1,allocated
541,993,normal,0,0,65535_65535,0,3,143552,1044,0,1,0,23,0,28,1,1,pre_allocation
541,993,normal,0,0,65535_65535,0,3,143552,1089,1,1,1,24,1089,28,1,1,allocated
541,993,normal,0,0,65535_65535,0,4,146175,1044,0,1,0,23,0,28,1,1,pre_allocation
541,993,normal,0,0,65535_65535,0,4,146175,1089,1,1,1,24,1089,28,1,1,allocated
541,993,normal,0,0,65535_65535,0,5,148854,1044,0,1,0,23,0,28,1,1,pre_allocation
541,993,normal,0,0,65535_65535,0,5,148854,1089,1,1,1,24,1089,28,1,1,allocated
541,993,normal,0,0,65535_65535,0,1,172605,1006,0,1,0,24,0,26,1,1,pre_allocation
541,993,normal,0,0,65535_65535,0,1,172605,1048,1,1,1,25,1048,26,1,1,allocated
541,993,normal,0,0,65535_65535,0,2,140919,1089,0,1,0,24,0,28,1,1,pre_allocation
541,993,normal,0,0,65535_65535,0,2,140919,1135,1,1,1,25,1135,28,1,1,allocated
541,993,normal,0,0,65535_65535,0,3,143552,1089,0,1,0,24,0,28,1,1,pre_allocation
541,993,normal,0,0,65535_65535,0,3,143552,1135,1,1,1,25,1135,28,1,1,allocated
541,993,normal,0,0,65535_65535,0,4,146175,1089,0,1,0,24,0,28,1,1,pre_allocation
541,993,normal,0,0,65535_65535,0,4,146175,1135,1,1,1,25,1135,28,1,1,allocated
541,993,normal,0,0,65535_65535,0,5,148854,1089,0,1,0,24,0,28,1,1,pre_allocation
541,993,normal,0,0,65535_65535,0,5,148854,1135,1,1,1,25,1135,28,1,1,allocated
541,993,normal,0,0,65535_65535,0,1,172605,1048,0,1,0,25,0,26,1,1,pre_allocation
541,993,normal,0,0,65535_65535,0,1,172605,1090,1,1,1,26,1090,26,1,1,allocated
541,993,normal,0,0,65535_65535,0,2,140919,1135,0,1,0,25,0,28,1,1,pre_allocation
541,993,normal,0,0,65535_65535,0,2,140919,1181,1,1,1,26,1181,28,1,1,allocated
541,993,normal,0,0,65535_65535,0,3,143552,1135,0,1,0,25,0,28,1,1,pre_allocation
541,993,normal,0,0,65535_65535,0,3,143552,1181,1,1,1,26,1181,28,1,1,allocated
541,993,normal,0,0,65535_65535,0,4,146175,1135,0,1,0,25,0,28,1,1,pre_allocation
541,993,normal,0,0,65535_65535,0,4,146175,1181,1,1,1,26,1181,28,1,1,allocated
541,993,normal,0,0,65535_65535,0,5,148854,1135,0,1,0,25,0,28,1,1,pre_allocation
541,993,normal,0,0,65535_65535,0,5,148854,1181,1,1,1,26,1181,28,1,1,allocated
541,993,normal,0,0,65535_65535,0,1,172605,1090,0,1,0,26,0,26,1,1,pre_allocation
541,993,normal,0,0,65535_65535,0,1,172605,1133,1,1,1,27,1133,26,1,1,allocated
541,993,normal,0,0,65535_65535,0,2,140919,1181,0,1,0,26,0,28,1,1,pre_allocation
541,993,normal,0,0,65535_65535,0,2,140919,1226,1,1,1,27,1226,28,1,1,allocated
541,993,normal,0,0,65535_65535,0,3,143552,1181,0,1,0,26,0,28,1,1,pre_allocation
541,993,normal,0,0,65535_65535,0,3,143552,1226,1,1,1,27,1226,28,1,1,allocated
541,993,normal,0,0,65535_65535,0,4,146175,1181,0,1,0,26,0,28,1,1,pre_allocation
541,993,normal,0,0,65535_65535,0,4,146175,1226,1,1,1,27,1226,28,1,1,allocated
541,993,normal,0,0,65535_65535,0,5,148854,1181,0,1,0,26,0,28,1,1,pre_allocation
541,993,normal,0,0,65535_65535,0,5,148854,1226,1,1,1,27,1226,28,1,1,allocated
541,993,normal,0,0,65535_65535,0,1,172605,1133,0,1,0,27,0,26,1,1,pre_allocation
541,993,normal,0,0,65535_65535,0,1,172605,1175,1,1,1,28,1175,26,1,1,allocated
541,993,normal,0,0,65535_65535,0,2,140919,1226,0,1,0,27,0,28,1,1,pre_allocation
541,993,normal,0,0,65535_65535,0,2,140919,1272,1,1,1,28,1272,28,1,1,allocated
541,993,normal,0,0,65535_65535,0,3,143552,1226,0,1,0,27,0,28,1,1,pre_allocation
541,993,normal,0,0,65535_65535,0,3,143552,1272,1,1,1,28,1272,28,1,1,allocated
541,993,normal,0,0,65535_65535,0,4,146175,1226,0,1,0,27,0,28,1,1,pre_allocation
541,993,normal,0,0,65535_65535,0,4,146175,1272,1,1,1,28,1272,28,1,1,allocated
541,993,normal,0,0,65535_65535,0,5,148854,1226,0,1,0,27,0,28,1,1,pre_allocation
541,993,normal,0,0,65535_65535,0,5,148854,1272,1,1,1,28,1272,28,1,1,allocated
541,993,normal,0,0,65535_65535,0,1,172605,1175,0,1,0,28,0,26,1,1,pre_allocation
541,993,normal,0,0,65535_65535,0,1,172605,1217,1,1,1,29,1217,26,1,1,allocated
541,993,normal,0,0,65535_65535,0,2,140919,1272,0,1,0,28,0,28,1,1,pre_allocation
541,993,normal,0,0,65535_65535,0,2,140919,1317,1,1,1,29,1317,28,1,1,allocated
541,993,normal,0,0,65535_65535,0,3,143552,1272,0,1,0,28,0,28,1,1,pre_allocation
541,993,normal,0,0,65535_65535,0,3,143552,1317,1,1,1,29,1317,28,1,1,allocated
541,993,normal,0,0,65535_65535,0,4,146175,1272,0,1,0,28,0,28,1,1,pre_allocation
541,993,normal,0,0,65535_65535,0,4,146175,1317,1,1,1,29,1317,28,1,1,allocated
541,993,normal,0,0,65535_65535,0,5,148854,1272,0,1,0,28,0,28,1,1,pre_allocation
541,993,normal,0,0,65535_65535,0,5,148854,1317,1,1,1,29,1317,28,1,1,allocated
541,993,normal,0,0,65535_65535,0,1,172605,1217,0,1,0,29,0,26,1,1,pre_allocation
541,993,normal,0,0,65535_65535,0,1,172605,1259,1,1,1,30,1259,26,1,1,allocated
541,993,normal,0,0,65535_65535,0,2,140919,1317,0,1,0,29,0,28,1,1,pre_allocation
541,993,normal,0,0,65535_65535,0,2,140919,1363,1,1,1,30,1363,28,1,1,allocated
541,993,normal,0,0,65535_65535,0,3,143552,1317,0,1,0,29,0,28,1,1,pre_allocation
541,993,normal,0,0,65535_65535,0,3,143552,1363,1,1,1,30,1363,28,1,1,allocated
541,993,normal,0,0,65535_65535,0,4,146175,1317,0,1,0,29,0,28,1,1,pre_allocation
541,993,normal,0,0,65535_65535,0,4,146175,1363,1,1,1,30,1363,28,1,1,allocated
541,993,normal,0,0,65535_65535,0,5,148854,1317,0,1,0,29,0,28,1,1,pre_allocation
541,993,normal,0,0,65535_65535,0,5,148854,1363,1,1,1,30,1363,28,1,1,allocated
541,993,normal,0,0,65535_65535,0,1,172605,1259,0,1,0,30,0,26,1,1,pre_allocation
541,993,normal,0,0,65535_65535,0,1,172605,1301,1,1,1,31,1301,26,1,1,allocated
541,993,normal,0,0,65535_65535,0,2,140919,1363,0,1,0,30,0,28,1,1,pre_allocation
541,993,normal,0,0,65535_65535,0,2,140919,1408,1,1,1,31,1408,28,1,1,allocated
541,993,normal,0,0,65535_65535,1,6,87,0,0,1,0,0,0,28,1,1,pre_allocation
541,993,normal,0,0,65535_65535,1,6,87,42,1,1,1,1,42,28,1,1,allocated
541,993,normal,0,0,65535_65535,1,7,87,0,0,1,0,0,0,28,1,1,pre_allocation
541,993,normal,0,0,65535_65535,1,7,87,42,1,1,1,1,42,28,1,1,allocated
541,993,normal,0,0,65535_65535,1,9,87,0,0,1,0,0,0,28,1,1,pre_allocation
541,993,normal,0,0,65535_65535,1,9,87,42,1,1,1,1,42,28,1,1,allocated
541,993,normal,0,0,65535_65535,1,10,87,0,0,1,0,0,0,28,1,1,pre_allocation
541,993,normal,0,0,65535_65535,1,10,87,42,1,1,1,1,42,28,1,1,allocated
541,993,normal,0,0,65535_65535,1,6,87,42,0,1,0,1,0,28,1,1,pre_allocation
541,993,normal,0,0,65535_65535,1,6,87,88,1,1,1,2,88,28,1,1,allocated
541,993,normal,0,0,65535_65535,1,7,87,42,0,1,0,1,0,28,1,1,pre_allocation
541,993,normal,0,0,65535_65535,1,7,87,88,1,1,1,2,88,28,1,1,allocated
541,993,normal,0,0,65535_65535,1,9,87,42,0,1,0,1,0,28,1,1,pre_allocation
541,993,normal,0,0,65535_65535,1,9,87,88,1,1,1,2,88,28,1,1,allocated
541,993,normal,0,0,65535_65535,1,10,87,42,0,1,0,1,0,28,1,1,pre_allocation
541,993,normal,0,0,65535_65535,1,10,87,88,1,1,1,2,88,28,1,1,allocated
541,993,normal,0,0,65535_65535,1,6,87,88,0,1,0,2,0,28,1,1,pre_allocation
541,993,normal,0,0,65535_65535,1,6,87,133,1,1,1,3,133,28,1,1,allocated
541,993,normal,0,0,65535_65535,1,7,87,88,0,1,0,2,0,28,1,1,pre_allocation
541,993,normal,0,0,65535_65535,1,7,87,133,1,1,1,3,133,28,1,1,allocated
541,993,normal,0,0,65535_65535,1,9,87,88,0,1,0,2,0,28,1,1,pre_allocation
541,993,normal,0,0,65535_65535,1,9,87,133,1,1,1,3,133,28,1,1,allocated
541,993,normal,0,0,65535_65535,1,10,87,88,0,1,0,2,0,28,1,1,pre_allocation
541,993,normal,0,0,65535_65535,1,10,87,133,1,1,1,3,133,28,1,1,allocated
541,993,normal,0,0,65535_65535,1,6,87,133,0,1,0,3,0,28,1,1,pre_allocation
541,993,normal,0,0,65535_65535,1,6,87,179,1,1,1,4,179,28,1,1,allocated
541,993,normal,0,0,65535_65535,1,7,87,133,0,1,0,3,0,28,1,1,pre_allocation
541,993,normal,0,0,65535_65535,1,7,87,179,1,1,1,4,179,28,1,1,allocated
541,993,normal,0,0,65535_65535,1,9,87,133,0,1,0,3,0,28,1,1,pre_allocation
541,993,normal,0,0,65535_65535,1,9,87,179,1,1,1,4,179,28,1,1,allocated
541,993,normal,0,0,65535_65535,1,10,87,133,0,1,0,3,0,28,1,1,pre_allocation
541,993,normal,0,0,65535_65535,1,10,87,179,1,1,1,4,179,28,1,1,allocated
541,993,normal,0,0,65535_65535,1,6,87,179,0,1,0,4,0,28,1,1,pre_allocation
541,993,normal,0,0,65535_65535,1,6,87,224,1,1,1,5,224,28,1,1,allocated
541,993,normal,0,0,65535_65535,1,7,87,179,0,1,0,4,0,28,1,1,pre_allocation
541,993,normal,0,0,65535_65535,1,7,87,224,1,1,1,5,224,28,1,1,allocated
541,993,normal,0,0,65535_65535,1,9,87,179,0,1,0,4,0,28,1,1,pre_allocation
541,993,normal,0,0,65535_65535,1,9,87,224,1,1,1,5,224,28,1,1,allocated
541,993,normal,0,0,65535_65535,1,10,87,179,0,1,0,4,0,28,1,1,pre_allocation
541,993,normal,0,0,65535_65535,1,10,87,224,1,1,1,5,224,28,1,1,allocated
541,993,normal,0,0,65535_65535,1,6,87,224,0,1,0,5,0,28,1,1,pre_allocation
541,993,normal,0,0,65535_65535,1,6,87,270,1,1,1,6,270,28,1,1,allocated
541,993,normal,0,0,65535_65535,1,7,87,224,0,1,0,5,0,28,1,1,pre_allocation
541,993,normal,0,0,65535_65535,1,7,87,270,1,1,1,6,270,28,1,1,allocated
541,993,normal,0,0,65535_65535,1,9,87,224,0,1,0,5,0,28,1,1,pre_allocation
541,993,normal,0,0,65535_65535,1,9,87,270,1,1,1,6,270,28,1,1,allocated
541,993,normal,0,0,65535_65535,1,10,87,224,0,1,0,5,0,28,1,1,pre_allocation
541,993,normal,0,0,65535_65535,1,10,87,270,1,1,1,6,270,28,1,1,allocated
541,993,normal,0,0,65535_65535,1,6,87,270,0,1,0,6,0,28,1,1,pre_allocation
541,993,normal,0,0,65535_65535,1,6,87,315,1,1,1,7,315,28,1,1,allocated
541,993,normal,0,0,65535_65535,1,7,87,270,0,1,0,6,0,28,1,1,pre_allocation
541,993,normal,0,0,65535_65535,1,7,87,315,1,1,1,7,315,28,1,1,allocated
541,993,normal,0,0,65535_65535,1,9,87,270,0,1,0,6,0,28,1,1,pre_allocation
541,993,normal,0,0,65535_65535,1,9,87,315,1,1,1,7,315,28,1,1,allocated
541,993,normal,0,0,65535_65535,1,10,87,270,0,1,0,6,0,28,1,1,pre_allocation
541,993,normal,0,0,65535_65535,1,10,87,315,1,1,1,7,315,28,1,1,allocated
541,993,normal,0,0,65535_65535,1,6,87,315,0,1,0,7,0,28,1,1,pre_allocation
541,993,normal,0,0,65535_65535,1,6,87,361,1,1,1,8,361,28,1,1,allocated
541,993,normal,0,0,65535_65535,1,7,87,315,0,1,0,7,0,28,1,1,pre_allocation
541,993,normal,0,0,65535_65535,1,7,87,361,1,1,1,8,361,28,1,1,allocated
541,993,normal,0,0,65535_65535,1,9,87,315,0,1,0,7,0,28,1,1,pre_allocation
541,993,normal,0,0,65535_65535,1,9,87,361,1,1,1,8,361,28,1,1,allocated
541,993,normal,0,0,65535_65535,1,10,87,315,0,1,0,7,0,28,1,1,pre_allocation
541,993,normal,0,0,65535_65535,1,10,87,361,1,1,1,8,361,28,1,1,allocated
541,993,normal,0,0,65535_65535,1,6,87,361,0,1,0,8,0,28,1,1,pre_allocation
541,993,normal,0,0,65535_65535,1,6,87,406,1,1,1,9,406,28,1,1,allocated
541,993,normal,0,0,65535_65535,1,7,87,361,0,1,0,8,0,28,1,1,pre_allocation
541,993,normal,0,0,65535_65535,1,7,87,406,1,1,1,9,406,28,1,1,allocated
541,993,normal,0,0,65535_65535,1,9,87,361,0,1,0,8,0,28,1,1,pre_allocation
541,993,normal,0,0,65535_65535,1,9,87,406,1,1,1,9,406,28,1,1,allocated
541,993,normal,0,0,65535_65535,1,10,87,361,0,1,0,8,0,28,1,1,pre_allocation
541,993,normal,0,0,65535_65535,1,10,87,406,1,1,1,9,406,28,1,1,allocated
541,993,normal,0,0,65535_65535,1,6,87,406,0,1,0,9,0,28,1,1,pre_allocation
541,993,normal,0,0,65535_65535,1,6,87,452,1,1,1,10,452,28,1,1,allocated
541,993,normal,0,0,65535_65535,1,7,87,406,0,1,0,9,0,28,1,1,pre_allocation
541,993,normal,0,0,65535_65535,1,7,87,452,1,1,1,10,452,28,1,1,allocated
541,993,normal,0,0,65535_65535,1,9,87,406,0,1,0,9,0,28,1,1,pre_allocation
541,993,normal,0,0,65535_65535,1,9,87,452,1,1,1,10,452,28,1,1,allocated
541,993,normal,0,0,65535_65535,1,10,87,406,0,1,0,9,0,28,1,1,pre_allocation
541,993,normal,0,0,65535_65535,1,10,87,452,1,1,1,10,452,28,1,1,allocated
541,993,normal,0,0,65535_65535,1,6,87,452,0,1,0,10,0,28,1,1,pre_allocation
541,993,normal,0,0,65535_65535,1,6,87,497,1,1,1,11,497,28,1,1,allocated
541,993,normal,0,0,65535_65535,1,7,87,452,0,1,0,10,0,28,1,1,pre_allocation
541,993,normal,0,0,65535_65535,1,7,87,497,1,1,1,11,497,28,1,1,allocated
541,993,normal,0,0,65535_65535,1,9,87,452,0,1,0,10,0,28,1,1,pre_allocation
541,993,normal,0,0,65535_65535,1,9,87,497,1,1,1,11,497,28,1,1,allocated
541,993,normal,0,0,65535_65535,1,10,87,452,0,1,0,10,0,28,1,1,pre_allocation
541,993,normal,0,0,65535_65535,1,10,87,497,1,1,1,11,497,28,1,1,allocated
541,993,normal,0,0,65535_65535,1,6,87,497,0,1,0,11,0,28,1,1,pre_allocation
541,993,normal,0,0,65535_65535,1,6,87,543,1,1,1,12,543,28,1,1,allocated
541,993,normal,0,0,65535_65535,1,7,87,497,0,1,0,11,0,28,1,1,pre_allocation
541,993,normal,0,0,65535_65535,1,7,87,543,1,1,1,12,543,28,1,1,allocated
541,993,normal,0,0,65535_65535,1,9,87,497,0,1,0,11,0,28,1,1,pre_allocation
541,993,normal,0,0,65535_65535,1,9,87,543,1,1,1,12,543,28,1,1,allocated
541,993,normal,0,0,65535_65535,1,10,87,497,0,1,0,11,0,28,1,1,pre_allocation
541,993,normal,0,0,65535_65535,1,10,87,543,1,1,1,12,543,28,1,1,allocated
541,993,normal,0,0,65535_65535,1,6,87,543,0,1,0,12,0,28,1,1,pre_allocation
541,993,normal,0,0,65535_65535,1,6,87,589,1,1,1,13,589,28,1,1,allocated
541,993,normal,0,0,65535_65535,1,7,87,543,0,1,0,12,0,28,1,1,pre_allocation
541,993,normal,0,0,65535_65535,1,7,87,589,1,1,1,13,589,28,1,1,allocated
541,993,normal,0,0,65535_65535,1,9,87,543,0,1,0,12,0,28,1,1,pre_allocation
541,993,normal,0,0,65535_65535,1,9,87,589,1,1,1,13,589,28,1,1,allocated
541,993,normal,0,0,65535_65535,1,10,87,543,0,1,0,12,0,28,1,1,pre_allocation
541,993,normal,0,0,65535_65535,1,10,87,589,1,1,1,13,589,28,1,1,allocated
541,993,normal,0,0,65535_65535,1,6,87,589,0,1,0,13,0,28,1,1,pre_allocation
541,993,normal,0,0,65535_65535,1,6,87,634,1,1,1,14,634,28,1,1,allocated
541,993,normal,0,0,65535_65535,1,7,87,589,0,1,0,13,0,28,1,1,pre_allocation
541,993,normal,0,0,65535_65535,1,7,87,634,1,1,1,14,634,28,1,1,allocated
541,993,normal,0,0,65535_65535,1,9,87,589,0,1,0,13,0,28,1,1,pre_allocation
541,993,normal,0,0,65535_65535,1,9,87,634,1,1,1,14,634,28,1,1,allocated
541,993,normal,0,0,65535_65535,1,10,87,589,0,1,0,13,0,28,1,1,pre_allocation
541,993,normal,0,0,65535_65535,1,10,87,634,1,1,1,14,634,28,1,1,allocated
541,993,normal,0,0,65535_65535,1,6,87,634,0,1,0,14,0,28,1,1,pre_allocation
541,993,normal,0,0,65535_65535,1,6,87,680,1,1,1,15,680,28,1,1,allocated
541,993,normal,0,0,65535_65535,1,7,87,634,0,1,0,14,0,28,1,1,pre_allocation
541,993,normal,0,0,65535_65535,1,7,87,680,1,1,1,15,680,28,1,1,allocated
541,993,normal,0,0,65535_65535,1,9,87,634,0,1,0,14,0,28,1,1,pre_allocation
541,993,normal,0,0,65535_65535,1,9,87,680,1,1,1,15,680,28,1,1,allocated
541,993,normal,0,0,65535_65535,1,10,87,634,0,1,0,14,0,28,1,1,pre_allocation
541,993,normal,0,0,65535_65535,1,10,87,680,1,1,1,15,680,28,1,1,allocated
541,993,normal,0,0,65535_65535,1,6,87,680,0,1,0,15,0,28,1,1,pre_allocation
541,993,normal,0,0,65535_65535,1,6,87,725,1,1,1,16,725,28,1,1,allocated
541,993,normal,0,0,65535_65535,1,7,87,680,0,1,0,15,0,28,1,1,pre_allocation
541,993,normal,0,0,65535_65535,1,7,87,725,1,1,1,16,725,28,1,1,allocated
541,993,normal,0,0,65535_65535,1,9,87,680,0,1,0,15,0,28,1,1,pre_allocation
541,993,normal,0,0,65535_65535,1,9,87,725,1,1,1,16,725,28,1,1,allocated
541,993,normal,0,0,65535_65535,1,10,87,680,0,1,0,15,0,28,1,1,pre_allocation
541,993,normal,0,0,65535_65535,1,10,87,725,1,1,1,16,725,28,1,1,allocated
541,993,normal,0,0,65535_65535,1,6,87,725,0,1,0,16,0,28,1,1,pre_allocation
541,993,normal,0,0,65535_65535,1,6,87,771,1,1,1,17,771,28,1,1,allocated
541,993,normal,0,0,65535_65535,1,7,87,725,0,1,0,16,0,28,1,1,pre_allocation
541,993,normal,0,0,65535_65535,1,7,87,771,1,1,1,17,771,28,1,1,allocated
541,993,normal,0,0,65535_65535,1,9,87,725,0,1,0,16,0,28,1,1,pre_allocation
541,993,normal,0,0,65535_65535,1,9,87,771,1,1,1,17,771,28,1,1,allocated
541,993,normal,0,0,65535_65535,1,10,87,725,0,1,0,16,0,28,1,1,pre_allocation
541,993,normal,0,0,65535_65535,1,10,87,771,1,1,1,17,771,28,1,1,allocated
541,993,normal,0,0,65535_65535,1,6,87,771,0,1,0,17,0,28,1,1,pre_allocation
541,993,normal,0,0,65535_65535,1,6,87,816,1,1,1,18,816,28,1,1,allocated
541,993,normal,0,0,65535_65535,1,7,87,771,0,1,0,17,0,28,1,1,pre_allocation
541,993,normal,0,0,65535_65535,1,7,87,816,1,1,1,18,816,28,1,1,allocated
541,993,normal,0,0,65535_65535,1,9,87,771,0,1,0,17,0,28,1,1,pre_allocation
541,993,normal,0,0,65535_65535,1,9,87,816,1,1,1,18,816,28,1,1,allocated
541,993,normal,0,0,65535_65535,1,10,87,771,0,1,0,17,0,28,1,1,pre_allocation
541,993,normal,0,0,65535_65535,1,10,87,816,1,1,1,18,816,28,1,1,allocated
541,993,normal,0,0,65535_65535,1,6,87,816,0,1,0,18,0,28,1,1,pre_allocation
541,993,normal,0,0,65535_65535,1,6,87,862,1,1,1,19,862,28,1,1,allocated
541,993,normal,0,0,65535_65535,1,7,87,816,0,1,0,18,0,28,1,1,pre_allocation
541,993,normal,0,0,65535_65535,1,7,87,862,1,1,1,19,862,28,1,1,allocated
541,993,normal,0,0,65535_65535,1,9,87,816,0,1,0,18,0,28,1,1,pre_allocation
541,993,normal,0,0,65535_65535,1,9,87,862,1,1,1,19,862,28,1,1,allocated
541,993,normal,0,0,65535_65535,1,10,87,816,0,1,0,18,0,28,1,1,pre_allocation
541,993,normal,0,0,65535_65535,1,10,87,862,1,1,1,19,862,28,1,1,allocated
541,993,normal,0,0,65535_65535,1,6,87,862,0,1,0,19,0,28,1,1,pre_allocation
541,993,normal,0,0,65535_65535,1,6,87,907,1,1,1,20,907,28,1,1,allocated
541,993,normal,0,0,65535_65535,1,7,87,862,0,1,0,19,0,28,1,1,pre_allocation
541,993,normal,0,0,65535_65535,1,7,87,907,1,1,1,20,907,28,1,1,allocated
541,993,normal,0,0,65535_65535,1,9,87,862,0,1,0,19,0,28,1,1,pre_allocation
541,993,normal,0,0,65535_65535,1,9,87,907,1,1,1,20,907,28,1,1,allocated
541,993,normal,0,0,65535_65535,1,10,87,862,0,1,0,19,0,28,1,1,pre_allocation
541,993,normal,0,0,65535_65535,1,10,87,907,1,1,1,20,907,28,1,1,allocated
541,993,normal,0,0,65535_65535,1,6,87,907,0,1,0,20,0,28,1,1,pre_allocation
541,993,normal,0,0,65535_65535,1,6,87,953,1,1,1,21,953,28,1,1,allocated
541,993,normal,0,0,65535_65535,1,7,87,907,0,1,0,20,0,28,1,1,pre_allocation
541,993,normal,0,0,65535_65535,1,7,87,953,1,1,1,21,953,28,1,1,allocated
541,993,normal,0,0,65535_65535,1,9,87,907,0,1,0,20,0,28,1,1,pre_allocation
541,993,normal,0,0,65535_65535,1,9,87,953,1,1,1,21,953,28,1,1,allocated
541,993,normal,0,0,65535_65535,1,10,87,907,0,1,0,20,0,28,1,1,pre_allocation
541,993,normal,0,0,65535_65535,1,10,87,953,1,1,1,21,953,28,1,1,allocated
541,993,normal,0,0,65535_65535,1,6,87,953,0,1,0,21,0,28,1,1,pre_allocation
541,993,normal,0,0,65535_65535,1,6,87,998,1,1,1,22,998,28,1,1,allocated
541,993,normal,0,0,65535_65535,1,7,87,953,0,1,0,21,0,28,1,1,pre_allocation
541,993,normal,0,0,65535_65535,1,7,87,998,1,1,1,22,998,28,1,1,allocated
541,993,normal,0,0,65535_65535,1,9,87,953,0,1,0,21,0,28,1,1,pre_allocation
541,993,normal,0,0,65535_65535,1,9,87,998,1,1,1,22,998,28,1,1,allocated
541,993,normal,0,0,65535_65535,1,10,87,953,0,1,0,21,0,28,1,1,pre_allocation
541,993,normal,0,0,65535_65535,1,10,87,998,1,1,1,22,998,28,1,1,allocated
541,993,normal,0,0,65535_65535,1,6,87,998,0,1,0,22,0,28,1,1,pre_allocation
541,993,normal,0,0,65535_65535,1,6,87,1044,1,1,1,23,1044,28,1,1,allocated
541,993,normal,0,0,65535_65535,1,7,87,998,0,1,0,22,0,28,1,1,pre_allocation
541,993,normal,0,0,65535_65535,1,7,87,1044,1,1,1,23,1044,28,1,1,allocated
541,993,normal,0,0,65535_65535,1,9,87,998,0,1,0,22,0,28,1,1,pre_allocation
541,993,normal,0,0,65535_65535,1,9,87,1044,1,1,1,23,1044,28,1,1,allocated
541,993,normal,0,0,65535_65535,1,10,87,998,0,1,0,22,0,28,1,1,pre_allocation
541,993,normal,0,0,65535_65535,1,10,87,1044,1,1,1,23,1044,28,1,1,allocated
541,993,normal,0,0,65535_65535,1,6,87,1044,0,1,0,23,0,28,1,1,pre_allocation
541,993,normal,0,0,65535_65535,1,6,87,1089,1,1,1,24,1089,28,1,1,allocated
541,993,normal,0,0,65535_65535,1,7,87,1044,0,1,0,23,0,28,1,1,pre_allocation
541,993,normal,0,0,65535_65535,1,7,87,1089,1,1,1,24,1089,28,1,1,allocated
541,993,normal,0,0,65535_65535,1,9,87,1044,0,1,0,23,0,28,1,1,pre_allocation
541,993,normal,0,0,65535_65535,1,9,87,1089,1,1,1,24,1089,28,1,1,allocated
541,993,normal,0,0,65535_65535,1,10,87,1044,0,1,0,23,0,28,1,1,pre_allocation
541,993,normal,0,0,65535_65535,1,10,87,1089,1,1,1,24,1089,28,1,1,allocated
541,993,normal,0,0,65535_65535,1,6,87,1089,0,1,0,24,0,28,1,1,pre_allocation
541,993,normal,0,0,65535_65535,1,6,87,1135,1,1,1,25,1135,28,1,1,allocated
541,993,normal,0,0,65535_65535,1,7,87,1089,0,1,0,24,0,28,1,1,pre_allocation
541,993,normal,0,0,65535_65535,1,7,87,1135,1,1,1,25,1135,28,1,1,allocated
541,993,normal,0,0,65535_65535,1,9,87,1089,0,1,0,24,0,28,1,1,pre_allocation
541,993,normal,0,0,65535_65535,1,9,87,1135,1,1,1,25,1135,28,1,1,allocated
541,993,normal,0,0,65535_65535,1,10,87,1089,0,1,0,24,0,28,1,1,pre_allocation
541,993,normal,0,0,65535_65535,1,10,87,1135,1,1,1,25,1135,28,1,1,allocated
541,993,normal,0,0,65535_65535,1,6,87,1135,0,1,0,25,0,28,1,1,pre_allocation
541,993,normal,0,0,65535_65535,1,6,87,1181,1,1,1,26,1181,28,1,1,allocated
541,993,normal,0,0,65535_65535,1,7,87,1135,0,1,0,25,0,28,1,1,pre_allocation
541,993,normal,0,0,65535_65535,1,7,87,1181,1,1,1,26,1181,28,1,1,allocated
541,993,normal,0,0,65535_65535,1,9,87,1135,0,1,0,25,0,28,1,1,pre_allocation
541,993,normal,0,0,65535_65535,1,9,87,1181,1,1,1,26,1181,28,1,1,allocated
541,993,normal,0,0,65535_65535,1,10,87,1135,0,1,0,25,0,28,1,1,pre_allocation
541,993,normal,0,0,65535_65535,1,10,87,1181,1,1,1,26,1181,28,1,1,allocated
541,993,normal,0,0,65535_65535,1,6,87,1181,0,1,0,26,0,28,1,1,pre_allocation
541,993,normal,0,0,65535_65535,1,6,87,1226,1,1,1,27,1226,28,1,1,allocated
541,993,normal,0,0,65535_65535,1,7,87,1181,0,1,0,26,0,28,1,1,pre_allocation
541,993,normal,0,0,65535_65535,1,7,87,1226,1,1,1,27,1226,28,1,1,allocated
541,993,normal,0,0,65535_65535,1,9,87,1181,0,1,0,26,0,28,1,1,pre_allocation
541,993,normal,0,0,65535_65535,1,9,87,1226,1,1,1,27,1226,28,1,1,allocated
541,993,normal,0,0,65535_65535,1,10,87,1181,0,1,0,26,0,28,1,1,pre_allocation
541,993,normal,0,0,65535_65535,1,10,87,1226,1,1,1,27,1226,28,1,1,allocated
541,993,normal,0,0,65535_65535,1,6,87,1226,0,1,0,27,0,28,1,1,pre_allocation
541,993,normal,0,0,65535_65535,1,6,87,1272,1,1,1,28,1272,28,1,1,allocated
541,993,normal,0,0,65535_65535,1,7,87,1226,0,1,0,27,0,28,1,1,pre_allocation
541,993,normal,0,0,65535_65535,1,7,87,1272,1,1,1,28,1272,28,1,1,allocated
541,993,normal,0,0,65535_65535,1,9,87,1226,0,1,0,27,0,28,1,1,pre_allocation
541,993,normal,0,0,65535_65535,1,9,87,1272,1,1,1,28,1272,28,1,1,allocated
541,993,normal,0,0,65535_65535,1,10,87,1226,0,1,0,27,0,28,1,1,pre_allocation
541,993,normal,0,0,65535_65535,1,10,87,1272,1,1,1,28,1272,28,1,1,allocated
541,993,normal,0,0,65535_65535,1,6,87,1272,0,1,0,28,0,28,1,1,pre_allocation
541,993,normal,0,0,65535_65535,1,6,87,1317,1,1,1,29,1317,28,1,1,allocated
541,993,normal,0,0,65535_65535,1,7,87,1272,0,1,0,28,0,28,1,1,pre_allocation
541,993,normal,0,0,65535_65535,1,7,87,1317,1,1,1,29,1317,28,1,1,allocated
653,1091,normal,0,0,65535_65535,0,1,179975,0,0,1,0,0,0,26,1,1,pre_allocation
653,1091,normal,0,0,65535_65535,0,1,179975,39,1,1,1,1,39,26,1,1,allocated
653,1091,normal,0,0,65535_65535,0,5,149658,0,0,1,0,0,0,28,1,1,pre_allocation
653,1091,normal,0,0,65535_65535,0,5,149658,42,1,1,1,1,42,28,1,1,allocated
653,1091,normal,0,0,65535_65535,0,4,147001,0,0,1,0,0,0,28,1,1,pre_allocation
653,1091,normal,0,0,65535_65535,0,4,147001,42,1,1,1,1,42,28,1,1,allocated
653,1091,normal,0,0,65535_65535,0,3,144618,0,0,1,0,0,0,28,1,1,pre_allocation
653,1091,normal,0,0,65535_65535,0,3,144618,42,1,1,1,1,42,28,1,1,allocated
653,1091,normal,0,0,65535_65535,0,2,141899,0,0,1,0,0,0,28,1,1,pre_allocation
653,1091,normal,0,0,65535_65535,0,2,141899,42,1,1,1,1,42,28,1,1,allocated
653,1091,normal,0,0,65535_65535,0,1,179975,39,0,1,0,1,0,26,1,1,pre_allocation
653,1091,normal,0,0,65535_65535,0,1,179975,81,1,1,1,2,81,26,1,1,allocated
653,1091,normal,0,0,65535_65535,0,5,149658,42,0,1,0,1,0,28,1,1,pre_allocation
653,1091,normal,0,0,65535_65535,0,5,149658,88,1,1,1,2,88,28,1,1,allocated
653,1091,normal,0,0,65535_65535,0,4,147001,42,0,1,0,1,0,28,1,1,pre_allocation
653,1091,normal,0,0,65535_65535,0,4,147001,88,1,1,1,2,88,28,1,1,allocated
653,1091,normal,0,0,65535_65535,0,3,144618,42,0,1,0,1,0,28,1,1,pre_allocation
653,1091,normal,0,0,65535_65535,0,3,144618,88,1,1,1,2,88,28,1,1,allocated
653,1091,normal,0,0,65535_65535,0,2,141899,42,0,1,0,1,0,28,1,1,pre_allocation
653,1091,normal,0,0,65535_65535,0,2,141899,88,1,1,1,2,88,28,1,1,allocated
653,1091,normal,0,0,65535_65535,0,1,179975,81,0,1,0,2,0,26,1,1,pre_allocation
653,1091,normal,0,0,65535_65535,0,1,179975,123,1,1,1,3,123,26,1,1,allocated
653,1091,normal,0,0,65535_65535,0,5,149658,88,0,1,0,2,0,28,1,1,pre_allocation
653,1091,normal,0,0,65535_65535,0,5,149658,133,1,1,1,3,133,28,1,1,allocated
653,1091,normal,0,0,65535_65535,0,4,147001,88,0,1,0,2,0,28,1,1,pre_allocation
653,1091,normal,0,0,65535_65535,0,4,147001,133,1,1,1,3,133,28,1,1,allocated
653,1091,normal,0,0,65535_65535,0,3,144618,88,0,1,0,2,0,28,1,1,pre_allocation
653,1091,normal,0,0,65535_65535,0,3,144618,133,1,1,1,3,133,28,1,1,allocated
653,1091,normal,0,0,65535_65535,0,2,141899,88,0,1,0,2,0,28,1,1,pre_allocation
653,1091,normal,0,0,65535_65535,0,2,141899,133,1,1,1,3,133,28,1,1,allocated
653,1091,normal,0,0,65535_65535,0,1,179975,123,0,1,0,3,0,26,1,1,pre_allocation
653,1091,normal,0,0,65535_65535,0,1,179975,165,1,1,1,4,165,26,1,1,allocated
653,1091,normal,0,0,65535_65535,0,5,149658,133,0,1,0,3,0,28,1,1,pre_allocation
653,1091,normal,0,0,65535_65535,0,5,149658,179,1,1,1,4,179,28,1,1,allocated
653,1091,normal,0,0,65535_65535,0,4,147001,133,0,1,0,3,0,28,1,1,pre_allocation
653,1091,normal,0,0,65535_65535,0,4,147001,179,1,1,1,4,179,28,1,1,allocated
653,1091,normal,0,0,65535_65535,0,3,144618,133,0,1,0,3,0,28,1,1,pre_allocation
653,1091,normal,0,0,65535_65535,0,3,144618,179,1,1,1,4,179,28,1,1,allocated
653,1091,normal,0,0,65535_65535,0,2,141899,133,0,1,0,3,0,28,1,1,pre_allocation
653,1091,normal,0,0,65535_65535,0,2,141899,179,1,1,1,4,179,28,1,1,allocated
653,1091,normal,0,0,65535_65535,0,1,179975,165,0,1,0,4,0,26,1,1,pre_allocation
653,1091,normal,0,0,65535_65535,0,1,179975,207,1,1,1,5,207,26,1,1,allocated
653,1091,normal,0,0,65535_65535,0,5,149658,179,0,1,0,4,0,28,1,1,pre_allocation
653,1091,normal,0,0,65535_65535,0,5,149658,224,1,1,1,5,224,28,1,1,allocated
653,1091,normal,0,0,65535_65535,0,4,147001,179,0,1,0,4,0,28,1,1,pre_allocation
653,1091,normal,0,0,65535_65535,0,4,147001,224,1,1,1,5,224,28,1,1,allocated
653,1091,normal,0,0,65535_65535,0,3,144618,179,0,1,0,4,0,28,1,1,pre_allocation
653,1091,normal,0,0,65535_65535,0,3,144618,224,1,1,1,5,224,28,1,1,allocated
653,1091,normal,0,0,65535_65535,0,2,141899,179,0,1,0,4,0,28,1,1,pre_allocation
653,1091,normal,0,0,65535_65535,0,2,141899,224,1,1,1,5,224,28,1,1,allocated
653,1091,normal,0,0,65535_65535,0,1,179975,207,0,1,0,5,0,26,1,1,pre_allocation
653,1091,normal,0,0,65535_65535,0,1,179975,249,1,1,1,6,249,26,1,1,allocated
653,1091,normal,0,0,65535_65535,0,5,149658,224,0,1,0,5,0,28,1,1,pre_allocation
653,1091,normal,0,0,65535_65535,0,5,149658,270,1,1,1,6,270,28,1,1,allocated
653,1091,normal,0,0,65535_65535,0,4,147001,224,0,1,0,5,0,28,1,1,pre_allocation
653,1091,normal,0,0,65535_65535,0,4,147001,270,1,1,1,6,270,28,1,1,allocated
653,1091,normal,0,0,65535_65535,0,3,144618,224,0,1,0,5,0,28,1,1,pre_allocation
653,1091,normal,0,0,65535_65535,0,3,144618,270,1,1,1,6,270,28,1,1,allocated
653,1091,normal,0,0,65535_65535,0,2,141899,224,0,1,0,5,0,28,1,1,pre_allocation
653,1091,normal,0,0,65535_65535,0,2,141899,270,1,1,1,6,270,28,1,1,allocated
653,1091,normal,0,0,65535_65535,0,1,179975,249,0,1,0,6,0,26,1,1,pre_allocation
653,1091,normal,0,0,65535_65535,0,1,179975,291,1,1,1,7,291,26,1,1,allocated
653,1091,normal,0,0,65535_65535,0,5,149658,270,0,1,0,6,0,28,1,1,pre_allocation
653,1091,normal,0,0,65535_65535,0,5,149658,315,1,1,1,7,315,28,1,1,allocated
653,1091,normal,0,0,65535_65535,0,4,147001,270,0,1,0,6,0,28,1,1,pre_allocation
653,1091,normal,0,0,65535_65535,0,4,147001,315,1,1,1,7,315,28,1,1,allocated
653,1091,normal,0,0,65535_65535,0,3,144618,270,0,1,0,6,0,28,1,1,pre_allocation
653,1091,normal,0,0,65535_65535,0,3,144618,315,1,1,1,7,315,28,1,1,allocated
653,1091,normal,0,0,65535_65535,0,2,141899,270,0,1,0,6,0,28,1,1,pre_allocation
653,1091,normal,0,0,65535_65535,0,2,141899,315,1,1,1,7,315,28,1,1,allocated
653,1091,normal,0,0,65535_65535,0,1,179975,291,0,1,0,7,0,26,1,1,pre_allocation
653,1091,normal,0,0,65535_65535,0,1,179975,333,1,1,1,8,333,26,1,1,allocated
653,1091,normal,0,0,65535_65535,0,5,149658,315,0,1,0,7,0,28,1,1,pre_allocation
653,1091,normal,0,0,65535_65535,0,5,149658,361,1,1,1,8,361,28,1,1,allocated
653,1091,normal,0,0,65535_65535,0,4,147001,315,0,1,0,7,0,28,1,1,pre_allocation
653,1091,normal,0,0,65535_65535,0,4,147001,361,1,1,1,8,361,28,1,1,allocated
653,1091,normal,0,0,65535_65535,0,3,144618,315,0,1,0,7,0,28,1,1,pre_allocation
653,1091,normal,0,0,65535_65535,0,3,144618,361,1,1,1,8,361,28,1,1,allocated
653,1091,normal,0,0,65535_65535,0,2,141899,315,0,1,0,7,0,28,1,1,pre_allocation
653,1091,normal,0,0,65535_65535,0,2,141899,361,1,1,1,8,361,28,1,1,allocated
653,1091,normal,0,0,65535_65535,0,1,179975,333,0,1,0,8,0,26,1,1,pre_allocation
653,1091,normal,0,0,65535_65535,0,1,179975,375,1,1,1,9,375,26,1,1,allocated
653,1091,normal,0,0,65535_65535,0,5,149658,361,0,1,0,8,0,28,1,1,pre_allocation
653,1091,normal,0,0,65535_65535,0,5,149658,406,1,1,1,9,406,28,1,1,allocated
653,1091,normal,0,0,65535_65535,0,4,147001,361,0,1,0,8,0,28,1,1,pre_allocation
653,1091,normal,0,0,65535_65535,0,4,147001,406,1,1,1,9,406,28,1,1,allocated
653,1091,normal,0,0,65535_65535,0,3,144618,361,0,1,0,8,0,28,1,1,pre_allocation
653,1091,normal,0,0,65535_65535,0,3,144618,406,1,1,1,9,406,28,1,1,allocated
653,1091,normal,0,0,65535_65535,0,2,141899,361,0,1,0,8,0,28,1,1,pre_allocation
653,1091,normal,0,0,65535_65535,0,2,141899,406,1,1,1,9,406,28,1,1,allocated
653,1091,normal,0,0,65535_65535,0,1,179975,375,0,1,0,9,0,26,1,1,pre_allocation
653,1091,normal,0,0,65535_65535,0,1,179975,417,1,1,1,10,417,26,1,1,allocated
653,1091,normal,0,0,65535_65535,0,5,149658,406,0,1,0,9,0,28,1,1,pre_allocation
653,1091,normal,0,0,65535_65535,0,5,149658,452,1,1,1,10,452,28,1,1,allocated
653,1091,normal,0,0,65535_65535,0,4,147001,406,0,1,0,9,0,28,1,1,pre_allocation
653,1091,normal,0,0,65535_65535,0,4,147001,452,1,1,1,10,452,28,1,1,allocated
653,1091,normal,0,0,65535_65535,0,3,144618,406,0,1,0,9,0,28,1,1,pre_allocation
653,1091,normal,0,0,65535_65535,0,3,144618,452,1,1,1,10,452,28,1,1,allocated
653,1091,normal,0,0,65535_65535,0,2,141899,406,0,1,0,9,0,28,1,1,pre_allocation
653,1091,normal,0,0,65535_65535,0,2,141899,452,1,1,1,10,452,28,1,1,allocated
653,1091,normal,0,0,65535_65535,0,1,179975,417,0,1,0,10,0,26,1,1,pre_allocation
653,1091,normal,0,0,65535_65535,0,1,179975,459,1,1,1,11,459,26,1,1,allocated
653,1091,normal,0,0,65535_65535,0,5,149658,452,0,1,0,10,0,28,1,1,pre_allocation
653,1091,normal,0,0,65535_65535,0,5,149658,497,1,1,1,11,497,28,1,1,allocated
653,1091,normal,0,0,65535_65535,0,4,147001,452,0,1,0,10,0,28,1,1,pre_allocation
653,1091,normal,0,0,65535_65535,0,4,147001,497,1,1,1,11,497,28,1,1,allocated
653,1091,normal,0,0,65535_65535,0,3,144618,452,0,1,0,10,0,28,1,1,pre_allocation
653,1091,normal,0,0,65535_65535,0,3,144618,497,1,1,1,11,497,28,1,1,allocated
653,1091,normal,0,0,65535_65535,0,2,141899,452,0,1,0,10,0,28,1,1,pre_allocation
653,1091,normal,0,0,65535_65535,0,2,141899,497,1,1,1,11,497,28,1,1,allocated
653,1091,normal,0,0,65535_65535,0,1,179975,459,0,1,0,11,0,26,1,1,pre_allocation
653,1091,normal,0,0,65535_65535,0,1,179975,501,1,1,1,12,501,26,1,1,allocated
653,1091,normal,0,0,65535_65535,0,5,149658,497,0,1,0,11,0,28,1,1,pre_allocation
653,1091,normal,0,0,65535_65535,0,5,149658,543,1,1,1,12,543,28,1,1,allocated
653,1091,normal,0,0,65535_65535,0,4,147001,497,0,1,0,11,0,28,1,1,pre_allocation
653,1091,normal,0,0,65535_65535,0,4,147001,543,1,1,1,12,543,28,1,1,allocated
653,1091,normal,0,0,65535_65535,0,3,144618,497,0,1,0,11,0,28,1,1,pre_allocation
653,1091,normal,0,0,65535_65535,0,3,144618,543,1,1,1,12,543,28,1,1,allocated
653,1091,normal,0,0,65535_65535,0,2,141899,497,0,1,0,11,0,28,1,1,pre_allocation
653,1091,normal,0,0,65535_65535,0,2,141899,543,1,1,1,12,543,28,1,1,allocated
653,1091,normal,0,0,65535_65535,0,1,179975,501,0,1,0,12,0,26,1,1,pre_allocation
653,1091,normal,0,0,65535_65535,0,1,179975,543,1,1,1,13,543,26,1,1,allocated
653,1091,normal,0,0,65535_65535,0,5,149658,543,0,1,0,12,0,28,1,1,pre_allocation
653,1091,normal,0,0,65535_65535,0,5,149658,589,1,1,1,13,589,28,1,1,allocated
653,1091,normal,0,0,65535_65535,0,4,147001,543,0,1,0,12,0,28,1,1,pre_allocation
653,1091,normal,0,0,65535_65535,0,4,147001,589,1,1,1,13,589,28,1,1,allocated
653,1091,normal,0,0,65535_65535,0,3,144618,543,0,1,0,12,0,28,1,1,pre_allocation
653,1091,normal,0,0,65535_65535,0,3,144618,589,1,1,1,13,589,28,1,1,allocated
653,1091,normal,0,0,65535_65535,0,2,141899,543,0,1,0,12,0,28,1,1,pre_allocation
653,1091,normal,0,0,65535_65535,0,2,141899,589,1,1,1,13,589,28,1,1,allocated
653,1091,normal,0,0,65535_65535,0,1,179975,543,0,1,0,13,0,26,1,1,pre_allocation
653,1091,normal,0,0,65535_65535,0,1,179975,586,1,1,1,14,586,26,1,1,allocated
653,1091,normal,0,0,65535_65535,0,5,149658,589,0,1,0,13,0,28,1,1,pre_allocation
653,1091,normal,0,0,65535_65535,0,5,149658,634,1,1,1,14,634,28,1,1,allocated
653,1091,normal,0,0,65535_65535,0,4,147001,589,0,1,0,13,0,28,1,1,pre_allocation
653,1091,normal,0,0,65535_65535,0,4,147001,634,1,1,1,14,634,28,1,1,allocated
653,1091,normal,0,0,65535_65535,0,3,144618,589,0,1,0,13,0,28,1,1,pre_allocation
653,1091,normal,0,0,65535_65535,0,3,144618,634,1,1,1,14,634,28,1,1,allocated
653,1091,normal,0,0,65535_65535,0,2,141899,589,0,1,0,13,0,28,1,1,pre_allocation
653,1091,normal,0,0,65535_65535,0,2,141899,634,1,1,1,14,634,28,1,1,allocated
653,1091,normal,0,0,65535_65535,0,1,179975,586,0,1,0,14,0,26,1,1,pre_allocation
653,1091,normal,0,0,65535_65535,0,1,179975,628,1,1,1,15,628,26,1,1,allocated
653,1091,normal,0,0,65535_65535,0,5,149658,634,0,1,0,14,0,28,1,1,pre_allocation
653,1091,normal,0,0,65535_65535,0,5,149658,680,1,1,1,15,680,28,1,1,allocated
653,1091,normal,0,0,65535_65535,0,4,147001,634,0,1,0,14,0,28,1,1,pre_allocation
653,1091,normal,0,0,65535_65535,0,4,147001,680,1,1,1,15,680,28,1,1,allocated
653,1091,normal,0,0,65535_65535,0,3,144618,634,0,1,0,14,0,28,1,1,pre_allocation
653,1091,normal,0,0,65535_65535,0,3,144618,680,1,1,1,15,680,28,1,1,allocated
653,1091,normal,0,0,65535_65535,0,2,141899,634,0,1,0,14,0,28,1,1,pre_allocation
653,1091,normal,0,0,65535_65535,0,2,141899,680,1,1,1,15,680,28,1,1,allocated
653,1091,normal,0,0,65535_65535,0,1,179975,628,0,1,0,15,0,26,1,1,pre_allocation
653,1091,normal,0,0,65535_65535,0,1,179975,670,1,1,1,16,670,26,1,1,allocated
653,1091,normal,0,0,65535_65535,0,5,149658,680,0,1,0,15,0,28,1,1,pre_allocation
653,1091,normal,0,0,65535_65535,0,5,149658,725,1,1,1,16,725,28,1,1,allocated
653,1091,normal,0,0,65535_65535,0,4,147001,680,0,1,0,15,0,28,1,1,pre_allocation
653,1091,normal,0,0,65535_65535,0,4,147001,725,1,1,1,16,725,28,1,1,allocated
653,1091,normal,0,0,65535_65535,0,3,144618,680,0,1,0,15,0,28,1,1,pre_allocation
653,1091,normal,0,0,65535_65535,0,3,144618,725,1,1,1,16,725,28,1,1,allocated
653,1091,normal,0,0,65535_65535,0,2,141899,680,0,1,0,15,0,28,1,1,pre_allocation
653,1091,normal,0,0,65535_65535,0,2,141899,725,1,1,1,16,725,28,1,1,allocated
653,1091,normal,0,0,65535_65535,0,1,179975,670,0,1,0,16,0,26,1,1,pre_allocation
653,1091,normal,0,0,65535_65535,0,1,179975,712,1,1,1,17,712,26,1,1,allocated
653,1091,normal,0,0,65535_65535,0,5,149658,725,0,1,0,16,0,28,1,1,pre_allocation
653,1091,normal,0,0,65535_65535,0,5,149658,771,1,1,1,17,771,28,1,1,allocated
653,1091,normal,0,0,65535_65535,0,4,147001,725,0,1,0,16,0,28,1,1,pre_allocation
653,1091,normal,0,0,65535_65535,0,4,147001,771,1,1,1,17,771,28,1,1,allocated
653,1091,normal,0,0,65535_65535,0,3,144618,725,0,1,0,16,0,28,1,1,pre_allocation
653,1091,normal,0,0,65535_65535,0,3,144618,771,1,1,1,17,771,28,1,1,allocated
653,1091,normal,0,0,65535_65535,0,2,141899,725,0,1,0,16,0,28,1,1,pre_allocation
653,1091,normal,0,0,65535_65535,0,2,141899,771,1,1,1,17,771,28,1,1,allocated
653,1091,normal,0,0,65535_65535,0,1,179975,712,0,1,0,17,0,26,1,1,pre_allocation
653,1091,normal,0,0,65535_65535,0,1,179975,754,1,1,1,18,754,26,1,1,allocated
653,1091,normal,0,0,65535_65535,0,5,149658,771,0,1,0,17,0,28,1,1,pre_allocation
653,1091,normal,0,0,65535_65535,0,5,149658,816,1,1,1,18,816,28,1,1,allocated
653,1091,normal,0,0,65535_65535,0,4,147001,771,0,1,0,17,0,28,1,1,pre_allocation
653,1091,normal,0,0,65535_65535,0,4,147001,816,1,1,1,18,816,28,1,1,allocated
653,1091,normal,0,0,65535_65535,0,3,144618,771,0,1,0,17,0,28,1,1,pre_allocation
653,1091,normal,0,0,65535_65535,0,3,144618,816,1,1,1,18,816,28,1,1,allocated
653,1091,normal,0,0,65535_65535,0,2,141899,771,0,1,0,17,0,28,1,1,pre_allocation
653,1091,normal,0,0,65535_65535,0,2,141899,816,1,1,1,18,816,28,1,1,allocated
653,1091,normal,0,0,65535_65535,0,1,179975,754,0,1,0,18,0,26,1,1,pre_allocation
653,1091,normal,0,0,65535_65535,0,1,179975,796,1,1,1,19,796,26,1,1,allocated
653,1091,normal,0,0,65535_65535,0,5,149658,816,0,1,0,18,0,28,1,1,pre_allocation
653,1091,normal,0,0,65535_65535,0,5,149658,862,1,1,1,19,862,28,1,1,allocated
653,1091,normal,0,0,65535_65535,0,4,147001,816,0,1,0,18,0,28,1,1,pre_allocation
653,1091,normal,0,0,65535_65535,0,4,147001,862,1,1,1,19,862,28,1,1,allocated
653,1091,normal,0,0,65535_65535,0,3,144618,816,0,1,0,18,0,28,1,1,pre_allocation
653,1091,normal,0,0,65535_65535,0,3,144618,862,1,1,1,19,862,28,1,1,allocated
653,1091,normal,0,0,65535_65535,0,2,141899,816,0,1,0,18,0,28,1,1,pre_allocation
653,1091,normal,0,0,65535_65535,0,2,141899,862,1,1,1,19,862,28,1,1,allocated
653,1091,normal,0,0,65535_65535,0,1,179975,796,0,1,0,19,0,26,1,1,pre_allocation
653,1091,normal,0,0,65535_65535,0,1,179975,838,1,1,1,20,838,26,1,1,allocated
653,1091,normal,0,0,65535_65535,0,5,149658,862,0,1,0,19,0,28,1,1,pre_allocation
653,1091,normal,0,0,65535_65535,0,5,149658,907,1,1,1,20,907,28,1,1,allocated
653,1091,normal,0,0,65535_65535,0,4,147001,862,0,1,0,19,0,28,1,1,pre_allocation
653,1091,normal,0,0,65535_65535,0,4,147001,907,1,1,1,20,907,28,1,1,allocated
653,1091,normal,0,0,65535_65535,1,10,87,0,0,1,0,0,0,28,1,1,pre_allocation
653,1091,normal,0,0,65535_65535,1,10,87,42,1,1,1,1,42,28,1,1,allocated
653,1091,normal,0,0,65535_65535,1,9,87,0,0,1,0,0,0,28,1,1,pre_allocation
653,1091,normal,0,0,65535_65535,1,9,87,42,1,1,1,1,42,28,1,1,allocated
653,1091,normal,0,0,65535_65535,1,7,87,0,0,1,0,0,0,28,1,1,pre_allocation
653,1091,normal,0,0,65535_65535,1,7,87,42,1,1,1,1,42,28,1,1,allocated
653,1091,normal,0,0,65535_65535,1,6,87,0,0,1,0,0,0,28,1,1,pre_allocation
653,1091,normal,0,0,65535_65535,1,6,87,42,1,1,1,1,42,28,1,1,allocated
653,1091,normal,0,0,65535_65535,1,10,87,42,0,1,0,1,0,28,1,1,pre_allocation
653,1091,normal,0,0,65535_65535,1,10,87,88,1,1,1,2,88,28,1,1,allocated
653,1091,normal,0,0,65535_65535,1,9,87,42,0,1,0,1,0,28,1,1,pre_allocation
653,1091,normal,0,0,65535_65535,1,9,87,88,1,1,1,2,88,28,1,1,allocated
653,1091,normal,0,0,65535_65535,1,7,87,42,0,1,0,1,0,28,1,1,pre_allocation
653,1091,normal,0,0,65535_65535,1,7,87,88,1,1,1,2,88,28,1,1,allocated
653,1091,normal,0,0,65535_65535,1,6,87,42,0,1,0,1,0,28,1,1,pre_allocation
653,1091,normal,0,0,65535_65535,1,6,87,88,1,1,1,2,88,28,1,1,allocated
653,1091,normal,0,0,65535_65535,1,10,87,88,0,1,0,2,0,28,1,1,pre_allocation
653,1091,normal,0,0,65535_65535,1,10,87,133,1,1,1,3,133,28,1,1,allocated
653,1091,normal,0,0,65535_65535,1,9,87,88,0,1,0,2,0,28,1,1,pre_allocation
653,1091,normal,0,0,65535_65535,1,9,87,133,1,1,1,3,133,28,1,1,allocated
653,1091,normal,0,0,65535_65535,1,7,87,88,0,1,0,2,0,28,1,1,pre_allocation
653,1091,normal,0,0,65535_65535,1,7,87,133,1,1,1,3,133,28,1,1,allocated
653,1091,normal,0,0,65535_65535,1,6,87,88,0,1,0,2,0,28,1,1,pre_allocation
653,1091,normal,0,0,65535_65535,1,6,87,133,1,1,1,3,133,28,1,1,allocated
653,1091,normal,0,0,65535_65535,1,10,87,133,0,1,0,3,0,28,1,1,pre_allocation
653,1091,normal,0,0,65535_65535,1,10,87,179,1,1,1,4,179,28,1,1,allocated
653,1091,normal,0,0,65535_65535,1,9,87,133,0,1,0,3,0,28,1,1,pre_allocation
653,1091,normal,0,0,65535_65535,1,9,87,179,1,1,1,4,179,28,1,1,allocated
653,1091,normal,0,0,65535_65535,1,7,87,133,0,1,0,3,0,28,1,1,pre_allocation
653,1091,normal,0,0,65535_65535,1,7,87,179,1,1,1,4,179,28,1,1,allocated
653,1091,normal,0,0,65535_65535,1,6,87,133,0,1,0,3,0,28,1,1,pre_allocation
653,1091,normal,0,0,65535_65535,1,6,87,179,1,1,1,4,179,28,1,1,allocated
653,1091,normal,0,0,65535_65535,1,10,87,179,0,1,0,4,0,28,1,1,pre_allocation
653,1091,normal,0,0,65535_65535,1,10,87,224,1,1,1,5,224,28,1,1,allocated
653,1091,normal,0,0,65535_65535,1,9,87,179,0,1,0,4,0,28,1,1,pre_allocation
653,1091,normal,0,0,65535_65535,1,9,87,224,1,1,1,5,224,28,1,1,allocated
653,1091,normal,0,0,65535_65535,1,7,87,179,0,1,0,4,0,28,1,1,pre_allocation
653,1091,normal,0,0,65535_65535,1,7,87,224,1,1,1,5,224,28,1,1,allocated
653,1091,normal,0,0,65535_65535,1,6,87,179,0,1,0,4,0,28,1,1,pre_allocation
653,1091,normal,0,0,65535_65535,1,6,87,224,1,1,1,5,224,28,1,1,allocated
653,1091,normal,0,0,65535_65535,1,10,87,224,0,1,0,5,0,28,1,1,pre_allocation
653,1091,normal,0,0,65535_65535,1,10,87,270,1,1,1,6,270,28,1,1,allocated
653,1091,normal,0,0,65535_65535,1,9,87,224,0,1,0,5,0,28,1,1,pre_allocation
653,1091,normal,0,0,65535_65535,1,9,87,270,1,1,1,6,270,28,1,1,allocated
653,1091,normal,0,0,65535_65535,1,7,87,224,0,1,0,5,0,28,1,1,pre_allocation
653,1091,normal,0,0,65535_65535,1,7,87,270,1,1,1,6,270,28,1,1,allocated
653,1091,normal,0,0,65535_65535,1,6,87,224,0,1,0,5,0,28,1,1,pre_allocation
653,1091,normal,0,0,65535_65535,1,6,87,270,1,1,1,6,270,28,1,1,allocated
653,1091,normal,0,0,65535_65535,1,10,87,270,0,1,0,6,0,28,1,1,pre_allocation
653,1091,normal,0,0,65535_65535,1,10,87,315,1,1,1,7,315,28,1,1,allocated
653,1091,normal,0,0,65535_65535,1,9,87,270,0,1,0,6,0,28,1,1,pre_allocation
653,1091,normal,0,0,65535_65535,1,9,87,315,1,1,1,7,315,28,1,1,allocated
653,1091,normal,0,0,65535_65535,1,7,87,270,0,1,0,6,0,28,1,1,pre_allocation
653,1091,normal,0,0,65535_65535,1,7,87,315,1,1,1,7,315,28,1,1,allocated
653,1091,normal,0,0,65535_65535,1,6,87,270,0,1,0,6,0,28,1,1,pre_allocation
653,1091,normal,0,0,65535_65535,1,6,87,315,1,1,1,7,315,28,1,1,allocated
653,1091,normal,0,0,65535_65535,1,10,87,315,0,1,0,7,0,28,1,1,pre_allocation
653,1091,normal,0,0,65535_65535,1,10,87,361,1,1,1,8,361,28,1,1,allocated
653,1091,normal,0,0,65535_65535,1,9,87,315,0,1,0,7,0,28,1,1,pre_allocation
653,1091,normal,0,0,65535_65535,1,9,87,361,1,1,1,8,361,28,1,1,allocated
653,1091,normal,0,0,65535_65535,1,7,87,315,0,1,0,7,0,28,1,1,pre_allocation
653,1091,normal,0,0,65535_65535,1,7,87,361,1,1,1,8,361,28,1,1,allocated
653,1091,normal,0,0,65535_65535,1,6,87,315,0,1,0,7,0,28,1,1,pre_allocation
653,1091,normal,0,0,65535_65535,1,6,87,361,1,1,1,8,361,28,1,1,allocated
653,1091,normal,0,0,65535_65535,1,10,87,361,0,1,0,8,0,28,1,1,pre_allocation
653,1091,normal,0,0,65535_65535,1,10,87,406,1,1,1,9,406,28,1,1,allocated
653,1091,normal,0,0,65535_65535,1,9,87,361,0,1,0,8,0,28,1,1,pre_allocation
653,1091,normal,0,0,65535_65535,1,9,87,406,1,1,1,9,406,28,1,1,allocated
653,1091,normal,0,0,65535_65535,1,7,87,361,0,1,0,8,0,28,1,1,pre_allocation
653,1091,normal,0,0,65535_65535,1,7,87,406,1,1,1,9,406,28,1,1,allocated
653,1091,normal,0,0,65535_65535,1,6,87,361,0,1,0,8,0,28,1,1,pre_allocation
653,1091,normal,0,0,65535_65535,1,6,87,406,1,1,1,9,406,28,1,1,allocated
653,1091,normal,0,0,65535_65535,1,10,87,406,0,1,0,9,0,28,1,1,pre_allocation
653,1091,normal,0,0,65535_65535,1,10,87,452,1,1,1,10,452,28,1,1,allocated
653,1091,normal,0,0,65535_65535,1,9,87,406,0,1,0,9,0,28,1,1,pre_allocation
653,1091,normal,0,0,65535_65535,1,9,87,452,1,1,1,10,452,28,1,1,allocated
653,1091,normal,0,0,65535_65535,1,7,87,406,0,1,0,9,0,28,1,1,pre_allocation
653,1091,normal,0,0,65535_65535,1,7,87,452,1,1,1,10,452,28,1,1,allocated
653,1091,normal,0,0,65535_65535,1,6,87,406,0,1,0,9,0,28,1,1,pre_allocation
653,1091,normal,0,0,65535_65535,1,6,87,452,1,1,1,10,452,28,1,1,allocated
653,1091,normal,0,0,65535_65535,1,10,87,452,0,1,0,10,0,28,1,1,pre_allocation
653,1091,normal,0,0,65535_65535,1,10,87,497,1,1,1,11,497,28,1,1,allocated
653,1091,normal,0,0,65535_65535,1,9,87,452,0,1,0,10,0,28,1,1,pre_allocation
653,1091,normal,0,0,65535_65535,1,9,87,497,1,1,1,11,497,28,1,1,allocated
653,1091,normal,0,0,65535_65535,1,7,87,452,0,1,0,10,0,28,1,1,pre_allocation
653,1091,normal,0,0,65535_65535,1,7,87,497,1,1,1,11,497,28,1,1,allocated
653,1091,normal,0,0,65535_65535,1,6,87,452,0,1,0,10,0,28,1,1,pre_allocation
653,1091,normal,0,0,65535_65535,1,6,87,497,1,1,1,11,497,28,1,1,allocated
653,1091,normal,0,0,65535_65535,1,10,87,497,0,1,0,11,0,28,1,1,pre_allocation
653,1091,normal,0,0,65535_65535,1,10,87,543,1,1,1,12,543,28,1,1,allocated
653,1091,normal,0,0,65535_65535,1,9,87,497,0,1,0,11,0,28,1,1,pre_allocation
653,1091,normal,0,0,65535_65535,1,9,87,543,1,1,1,12,543,28,1,1,allocated
653,1091,normal,0,0,65535_65535,1,7,87,497,0,1,0,11,0,28,1,1,pre_allocation
653,1091,normal,0,0,65535_65535,1,7,87,543,1,1,1,12,543,28,1,1,allocated
653,1091,normal,0,0,65535_65535,1,6,87,497,0,1,0,11,0,28,1,1,pre_allocation
653,1091,normal,0,0,65535_65535,1,6,87,543,1,1,1,12,543,28,1,1,allocated
653,1091,normal,0,0,65535_65535,1,10,87,543,0,1,0,12,0,28,1,1,pre_allocation
653,1091,normal,0,0,65535_65535,1,10,87,589,1,1,1,13,589,28,1,1,allocated
653,1091,normal,0,0,65535_65535,1,9,87,543,0,1,0,12,0,28,1,1,pre_allocation
653,1091,normal,0,0,65535_65535,1,9,87,589,1,1,1,13,589,28,1,1,allocated
653,1091,normal,0,0,65535_65535,1,7,87,543,0,1,0,12,0,28,1,1,pre_allocation
653,1091,normal,0,0,65535_65535,1,7,87,589,1,1,1,13,589,28,1,1,allocated
653,1091,normal,0,0,65535_65535,1,6,87,543,0,1,0,12,0,28,1,1,pre_allocation
653,1091,normal,0,0,65535_65535,1,6,87,589,1,1,1,13,589,28,1,1,allocated
653,1091,normal,0,0,65535_65535,1,10,87,589,0,1,0,13,0,28,1,1,pre_allocation
653,1091,normal,0,0,65535_65535,1,10,87,634,1,1,1,14,634,28,1,1,allocated
653,1091,normal,0,0,65535_65535,1,9,87,589,0,1,0,13,0,28,1,1,pre_allocation
653,1091,normal,0,0,65535_65535,1,9,87,634,1,1,1,14,634,28,1,1,allocated
653,1091,normal,0,0,65535_65535,1,7,87,589,0,1,0,13,0,28,1,1,pre_allocation
653,1091,normal,0,0,65535_65535,1,7,87,634,1,1,1,14,634,28,1,1,allocated
653,1091,normal,0,0,65535_65535,1,6,87,589,0,1,0,13,0,28,1,1,pre_allocation
653,1091,normal,0,0,65535_65535,1,6,87,634,1,1,1,14,634,28,1,1,allocated
653,1091,normal,0,0,65535_65535,1,10,87,634,0,1,0,14,0,28,1,1,pre_allocation
653,1091,normal,0,0,65535_65535,1,10,87,680,1,1,1,15,680,28,1,1,allocated
653,1091,normal,0,0,65535_65535,1,9,87,634,0,1,0,14,0,28,1,1,pre_allocation
653,1091,normal,0,0,65535_65535,1,9,87,680,1,1,1,15,680,28,1,1,allocated
653,1091,normal,0,0,65535_65535,1,7,87,634,0,1,0,14,0,28,1,1,pre_allocation
653,1091,normal,0,0,65535_65535,1,7,87,680,1,1,1,15,680,28,1,1,allocated
653,1091,normal,0,0,65535_65535,1,6,87,634,0,1,0,14,0,28,1,1,pre_allocation
653,1091,normal,0,0,65535_65535,1,6,87,680,1,1,1,15,680,28,1,1,allocated
653,1091,normal,0,0,65535_65535,1,10,87,680,0,1,0,15,0,28,1,1,pre_allocation
653,1091,normal,0,0,65535_65535,1,10,87,725,1,1,1,16,725,28,1,1,allocated
653,1091,normal,0,0,65535_65535,1,9,87,680,0,1,0,15,0,28,1,1,pre_allocation
653,1091,normal,0,0,65535_65535,1,9,87,725,1,1,1,16,725,28,1,1,allocated
653,1091,normal,0,0,65535_65535,1,7,87,680,0,1,0,15,0,28,1,1,pre_allocation
653,1091,normal,0,0,65535_65535,1,7,87,725,1,1,1,16,725,28,1,1,allocated
653,1091,normal,0,0,65535_65535,1,6,87,680,0,1,0,15,0,28,1,1,pre_allocation
653,1091,normal,0,0,65535_65535,1,6,87,725,1,1,1,16,725,28,1,1,allocated
653,1091,normal,0,0,65535_65535,1,10,87,725,0,1,0,16,0,28,1,1,pre_allocation
653,1091,normal,0,0,65535_65535,1,10,87,771,1,1,1,17,771,28,1,1,allocated
653,1091,normal,0,0,65535_65535,1,9,87,725,0,1,0,16,0,28,1,1,pre_allocation
653,1091,normal,0,0,65535_65535,1,9,87,771,1,1,1,17,771,28,1,1,allocated
653,1091,normal,0,0,65535_65535,1,7,87,725,0,1,0,16,0,28,1,1,pre_allocation
653,1091,normal,0,0,65535_65535,1,7,87,771,1,1,1,17,771,28,1,1,allocated
653,1091,normal,0,0,65535_65535,1,6,87,725,0,1,0,16,0,28,1,1,pre_allocation
653,1091,normal,0,0,65535_65535,1,6,87,771,1,1,1,17,771,28,1,1,allocated
653,1091,normal,0,0,65535_65535,1,10,87,771,0,1,0,17,0,28,1,1,pre_allocation
653,1091,normal,0,0,65535_65535,1,10,87,816,1,1,1,18,816,28,1,1,allocated
653,1091,normal,0,0,65535_65535,1,9,87,771,0,1,0,17,0,28,1,1,pre_allocation
653,1091,normal,0,0,65535_65535,1,9,87,816,1,1,1,18,816,28,1,1,allocated
653,1091,normal,0,0,65535_65535,1,7,87,771,0,1,0,17,0,28,1,1,pre_allocation
653,1091,normal,0,0,65535_65535,1,7,87,816,1,1,1,18,816,28,1,1,allocated
653,1091,normal,0,0,65535_65535,1,6,87,771,0,1,0,17,0,28,1,1,pre_allocation
653,1091,normal,0,0,65535_65535,1,6,87,816,1,1,1,18,816,28,1,1,allocated
653,1091,normal,0,0,65535_65535,1,10,87,816,0,1,0,18,0,28,1,1,pre_allocation
653,1091,normal,0,0,65535_65535,1,10,87,862,1,1,1,19,862,28,1,1,allocated
653,1091,normal,0,0,65535_65535,1,9,87,816,0,1,0,18,0,28,1,1,pre_allocation
653,1091,normal,0,0,65535_65535,1,9,87,862,1,1,1,19,862,28,1,1,allocated
653,1091,normal,0,0,65535_65535,1,7,87,816,0,1,0,18,0,28,1,1,pre_allocation
653,1091,normal,0,0,65535_65535,1,7,87,862,1,1,1,19,862,28,1,1,allocated
653,1091,normal,0,0,65535_65535,1,6,87,816,0,1,0,18,0,28,1,1,pre_allocation
653,1091,normal,0,0,65535_65535,1,6,87,862,1,1,1,19,862,28,1,1,allocated
653,1091,normal,0,0,65535_65535,1,10,87,862,0,1,0,19,0,28,1,1,pre_allocation
653,1091,normal,0,0,65535_65535,1,10,87,907,1,1,1,20,907,28,1,1,allocated
653,1091,normal,0,0,65535_65535,1,9,87,862,0,1,0,19,0,28,1,1,pre_allocation
653,1091,normal,0,0,65535_65535,1,9,87,907,1,1,1,20,907,28,1,1,allocated
653,1091,normal,0,0,65535_65535,1,7,87,862,0,1,0,19,0,28,1,1,pre_allocation
653,1091,normal,0,0,65535_65535,1,7,87,907,1,1,1,20,907,28,1,1,allocated
653,1091,normal,0,0,65535_65535,1,6,87,862,0,1,0,19,0,28,1,1,pre_allocation
653,1091,normal,0,0,65535_65535,1,6,87,907,1,1,1,20,907,28,1,1,allocated
653,1091,normal,0,0,65535_65535,1,10,87,907,0,1,0,20,0,28,1,1,pre_allocation
653,1091,normal,0,0,65535_65535,1,10,87,953,1,1,1,21,953,28,1,1,allocated
653,1091,normal,0,0,65535_65535,1,9,87,907,0,1,0,20,0,28,1,1,pre_allocation
653,1091,normal,0,0,65535_65535,1,9,87,953,1,1,1,21,953,28,1,1,allocated
653,1091,normal,0,0,65535_65535,1,7,87,907,0,1,0,20,0,28,1,1,pre_allocation
653,1091,normal,0,0,65535_65535,1,7,87,953,1,1,1,21,953,28,1,1,allocated
653,1091,normal,0,0,65535_65535,1,6,87,907,0,1,0,20,0,28,1,1,pre_allocation
653,1091,normal,0,0,65535_65535,1,6,87,953,1,1,1,21,953,28,1,1,allocated
653,1091,normal,0,0,65535_65535,1,10,87,953,0,1,0,21,0,28,1,1,pre_allocation
653,1091,normal,0,0,65535_65535,1,10,87,998,1,1,1,22,998,28,1,1,allocated
653,1091,normal,0,0,65535_65535,1,9,87,953,0,1,0,21,0,28,1,1,pre_allocation
653,1091,normal,0,0,65535_65535,1,9,87,998,1,1,1,22,998,28,1,1,allocated
653,1091,normal,0,0,65535_65535,1,7,87,953,0,1,0,21,0,28,1,1,pre_allocation
653,1091,normal,0,0,65535_65535,1,7,87,998,1,1,1,22,998,28,1,1,allocated
653,1091,normal,0,0,65535_65535,1,6,87,953,0,1,0,21,0,28,1,1,pre_allocation
653,1091,normal,0,0,65535_65535,1,6,87,998,1,1,1,22,998,28,1,1,allocated
653,1091,normal,0,0,65535_65535,1,10,87,998,0,1,0,22,0,28,1,1,pre_allocation
653,1091,normal,0,0,65535_65535,1,10,87,1044,1,1,1,23,1044,28,1,1,allocated
653,1091,normal,0,0,65535_65535,1,9,87,998,0,1,0,22,0,28,1,1,pre_allocation
653,1091,normal,0,0,65535_65535,1,9,87,1044,1,1,1,23,1044,28,1,1,allocated
653,1091,normal,0,0,65535_65535,1,7,87,998,0,1,0,22,0,28,1,1,pre_allocation
653,1091,normal,0,0,65535_65535,1,7,87,1044,1,1,1,23,1044,28,1,1,allocated
653,1091,normal,0,0,65535_65535,1,6,87,998,0,1,0,22,0,28,1,1,pre_allocation
653,1091,normal,0,0,65535_65535,1,6,87,1044,1,1,1,23,1044,28,1,1,allocated
653,1091,normal,0,0,65535_65535,1,10,87,1044,0,1,0,23,0,28,1,1,pre_allocation
653,1091,normal,0,0,65535_65535,1,10,87,1089,1,1,1,24,1089,28,1,1,allocated
653,1091,normal,0,0,65535_65535,2,11,137,0,0,1,0,0,0,28,1,1,pre_allocation
653,1091,normal,0,0,65535_65535,2,11,137,42,1,1,1,1,42,28,1,1,allocated
653,1091,normal,0,0,65535_65535,2,22,137,0,0,1,0,0,0,28,1,1,pre_allocation
653,1091,normal,0,0,65535_65535,2,22,137,42,1,1,1,1,42,28,1,1,allocated
653,1091,normal,0,0,65535_65535,2,24,137,0,0,1,0,0,0,28,1,1,pre_allocation
653,1091,normal,0,0,65535_65535,2,24,137,42,1,1,1,1,42,28,1,1,allocated
653,1091,normal,0,0,65535_65535,2,21,137,0,0,1,0,0,0,28,1,1,pre_allocation
653,1091,normal,0,0,65535_65535,2,21,137,42,1,1,1,1,42,28,1,1,allocated
653,1091,normal,0,0,65535_65535,2,28,137,0,0,1,0,0,0,28,1,1,pre_allocation
653,1091,normal,0,0,65535_65535,2,28,137,42,1,1,1,1,42,28,1,1,allocated
653,1091,normal,0,0,65535_65535,2,25,137,0,0,1,0,0,0,28,1,1,pre_allocation
653,1091,normal,0,0,65535_65535,2,25,137,42,1,1,1,1,42,28,1,1,allocated
653,1091,normal,0,0,65535_65535,2,12,137,0,0,1,0,0,0,28,1,1,pre_allocation
653,1091,normal,0,0,65535_65535,2,12,137,42,1,1,1,1,42,28,1,1,allocated
653,1091,normal,0,0,65535_65535,2,27,137,0,0,1,0,0,0,28,1,1,pre_allocation
653,1091,normal,0,0,65535_65535,2,27,137,42,1,1,1,1,42,28,1,1,allocated
653,1091,normal,0,0,65535_65535,2,23,797,0,0,1,0,0,0,15,1,1,pre_allocation
653,1091,normal,0,0,65535_65535,2,23,797,14,1,1,1,1,14,15,1,1,allocated
653,1091,normal,0,0,65535_65535,2,11,137,42,0,1,0,1,0,28,1,1,pre_allocation
653,1091,normal,0,0,65535_65535,2,11,137,88,1,1,1,2,88,28,1,1,allocated
653,1091,normal,0,0,65535_65535,2,22,137,42,0,1,0,1,0,28,1,1,pre_allocation
653,1091,normal,0,0,65535_65535,2,22,137,88,1,1,1,2,88,28,1,1,allocated
653,1091,normal,0,0,65535_65535,2,24,137,42,0,1,0,1,0,28,1,1,pre_allocation
653,1091,normal,0,0,65535_65535,2,24,137,88,1,1,1,2,88,28,1,1,allocated
653,1091,normal,0,0,65535_65535,2,21,137,42,0,1,0,1,0,28,1,1,pre_allocation
653,1091,normal,0,0,65535_65535,2,21,137,88,1,1,1,2,88,28,1,1,allocated
653,1091,normal,0,0,65535_65535,2,28,137,42,0,1,0,1,0,28,1,1,pre_allocation
653,1091,normal,0,0,65535_65535,2,28,137,88,1,1,1,2,88,28,1,1,allocated
653,1091,normal,0,0,65535_65535,2,25,137,42,0,1,0,1,0,28,1,1,pre_allocation
653,1091,normal,0,0,65535_65535,2,25,137,88,1,1,1,2,88,28,1,1,allocated
653,1091,normal,0,0,65535_65535,2,12,137,42,0,1,0,1,0,28,1,1,pre_allocation
653,1091,normal,0,0,65535_65535,2,12,137,88,1,1,1,2,88,28,1,1,allocated
653,1091,normal,0,0,65535_65535,2,27,137,42,0,1,0,1,0,28,1,1,pre_allocation
653,1091,normal,0,0,65535_65535,2,27,137,88,1,1,1,2,88,28,1,1,allocated
653,1091,normal,0,0,65535_65535,2,23,797,14,0,1,0,1,0,15,1,1,pre_allocation
653,1091,normal,0,0,65535_65535,2,23,797,32,1,1,1,2,32,15,1,1,allocated
653,1091,normal,0,0,65535_65535,2,11,137,88,0,1,0,2,0,28,1,1,pre_allocation
653,1091,normal,0,0,65535_65535,2,11,137,133,1,1,1,3,133,28,1,1,allocated
653,1091,normal,0,0,65535_65535,2,22,137,88,0,1,0,2,0,28,1,1,pre_allocation
653,1091,normal,0,0,65535_65535,2,22,137,133,1,1,1,3,133,28,1,1,allocated
653,1091,normal,0,0,65535_65535,2,24,137,88,0,1,0,2,0,28,1,1,pre_allocation
653,1091,normal,0,0,65535_65535,2,24,137,133,1,1,1,3,133,28,1,1,allocated
653,1091,normal,0,0,65535_65535,2,21,137,88,0,1,0,2,0,28,1,1,pre_allocation
653,1091,normal,0,0,65535_65535,2,21,137,133,1,1,1,3,133,28,1,1,allocated
653,1091,normal,0,0,65535_65535,2,28,137,88,0,1,0,2,0,28,1,1,pre_allocation
653,1091,normal,0,0,65535_65535,2,28,137,133,1,1,1,3,133,28,1,1,allocated
653,1091,normal,0,0,65535_65535,2,25,137,88,0,1,0,2,0,28,1,1,pre_allocation
653,1091,normal,0,0,65535_65535,2,25,137,133,1,1,1,3,133,28,1,1,allocated
653,1091,normal,0,0,65535_65535,2,12,137,88,0,1,0,2,0,28,1,1,pre_allocation
653,1091,normal,0,0,65535_65535,2,12,137,133,1,1,1,3,133,28,1,1,allocated
653,1091,normal,0,0,65535_65535,2,27,137,88,0,1,0,2,0,28,1,1,pre_allocation
653,1091,normal,0,0,65535_65535,2,27,137,133,1,1,1,3,133,28,1,1,allocated
653,1091,normal,0,0,65535_65535,2,23,797,32,0,1,0,2,0,15,1,1,pre_allocation
653,1091,normal,0,0,65535_65535,2,23,797,50,1,1,1,3,50,15,1,1,allocated
653,1091,normal,0,0,65535_65535,2,11,137,133,0,1,0,3,0,28,1,1,pre_allocation
653,1091,normal,0,0,65535_65535,2,11,137,179,1,1,1,4,179,28,1,1,allocated
653,1091,normal,0,0,65535_65535,2,22,137,133,0,1,0,3,0,28,1,1,pre_allocation
653,1091,normal,0,0,65535_65535,2,22,137,179,1,1,1,4,179,28,1,1,allocated
653,1091,normal,0,0,65535_65535,2,24,137,133,0,1,0,3,0,28,1,1,pre_allocation
653,1091,normal,0,0,65535_65535,2,24,137,179,1,1,1,4,179,28,1,1,allocated
653,1091,normal,0,0,65535_65535,2,21,137,133,0,1,0,3,0,28,1,1,pre_allocation
653,1091,normal,0,0,65535_65535,2,21,137,179,1,1,1,4,179,28,1,1,allocated
653,1091,normal,0,0,65535_65535,2,28,137,133,0,1,0,3,0,28,1,1,pre_allocation
653,1091,normal,0,0,65535_65535,2,28,137,179,1,1,1,4,179,28,1,1,allocated
653,1091,normal,0,0,65535_65535,2,25,137,133,0,1,0,3,0,28,1,1,pre_allocation
653,1091,normal,0,0,65535_65535,2,25,137,179,1,1,1,4,179,28,1,1,allocated
653,1091,normal,0,0,65535_65535,2,12,137,133,0,1,0,3,0,28,1,1,pre_allocation
653,1091,normal,0,0,65535_65535,2,12,137,179,1,1,1,4,179,28,1,1,allocated
653,1091,normal,0,0,65535_65535,2,27,137,133,0,1,0,3,0,28,1,1,pre_allocation
653,1091,normal,0,0,65535_65535,2,27,137,179,1,1,1,4,179,28,1,1,allocated
653,1091,normal,0,0,65535_65535,2,23,797,50,0,1,0,3,0,15,1,1,pre_allocation
653,1091,normal,0,0,65535_65535,2,23,797,68,1,1,1,4,68,15,1,1,allocated
653,1091,normal,0,0,65535_65535,2,11,137,179,0,1,0,4,0,28,1,1,pre_allocation
653,1091,normal,0,0,65535_65535,2,11,137,224,1,1,1,5,224,28,1,1,allocated
653,1091,normal,0,0,65535_65535,2,22,137,179,0,1,0,4,0,28,1,1,pre_allocation
653,1091,normal,0,0,65535_65535,2,22,137,224,1,1,1,5,224,28,1,1,allocated
653,1091,normal,0,0,65535_65535,2,24,137,179,0,1,0,4,0,28,1,1,pre_allocation
653,1091,normal,0,0,65535_65535,2,24,137,224,1,1,1,5,224,28,1,1,allocated
653,1091,normal,0,0,65535_65535,2,21,137,179,0,1,0,4,0,28,1,1,pre_allocation
653,1091,normal,0,0,65535_65535,2,21,137,224,1,1,1,5,224,28,1,1,allocated
653,1091,normal,0,0,65535_65535,2,28,137,179,0,1,0,4,0,28,1,1,pre_allocation
653,1091,normal,0,0,65535_65535,2,28,137,224,1,1,1,5,224,28,1,1,allocated
653,1091,normal,0,0,65535_65535,2,25,137,179,0,1,0,4,0,28,1,1,pre_allocation
653,1091,normal,0,0,65535_65535,2,25,137,224,1,1,1,5,224,28,1,1,allocated
653,1091,normal,0,0,65535_65535,2,12,137,179,0,1,0,4,0,28,1,1,pre_allocation
653,1091,normal,0,0,65535_65535,2,12,137,224,1,1,1,5,224,28,1,1,allocated
653,1091,normal,0,0,65535_65535,2,27,137,179,0,1,0,4,0,28,1,1,pre_allocation
653,1091,normal,0,0,65535_65535,2,27,137,224,1,1,1,5,224,28,1,1,allocated
653,1091,normal,0,0,65535_65535,2,23,797,68,0,1,0,4,0,15,1,1,pre_allocation
653,1091,normal,0,0,65535_65535,2,23,797,86,1,1,1,5,86,15,1,1,allocated
653,1091,normal,0,0,65535_65535,2,11,137,224,0,1,0,5,0,28,1,1,pre_allocation
653,1091,normal,0,0,65535_65535,2,11,137,270,1,1,1,6,270,28,1,1,allocated
653,1091,normal,0,0,65535_65535,2,22,137,224,0,1,0,5,0,28,1,1,pre_allocation
653,1091,normal,0,0,65535_65535,2,22,137,270,1,1,1,6,270,28,1,1,allocated
653,1091,normal,0,0,65535_65535,2,24,137,224,0,1,0,5,0,28,1,1,pre_allocation
653,1091,normal,0,0,65535_65535,2,24,137,270,1,1,1,6,270,28,1,1,allocated
653,1091,normal,0,0,65535_65535,2,21,137,224,0,1,0,5,0,28,1,1,pre_allocation
653,1091,normal,0,0,65535_65535,2,21,137,270,1,1,1,6,270,28,1,1,allocated
653,1091,normal,0,0,65535_65535,2,28,137,224,0,1,0,5,0,28,1,1,pre_allocation
653,1091,normal,0,0,65535_65535,2,28,137,270,1,1,1,6,270,28,1,1,allocated
653,1091,normal,0,0,65535_65535,2,25,137,224,0,1,0,5,0,28,1,1,pre_allocation
653,1091,normal,0,0,65535_65535,2,25,137,270,1,1,1,6,270,28,1,1,allocated
653,1091,normal,0,0,65535_65535,2,12,137,224,0,1,0,5,0,28,1,1,pre_allocation
653,1091,normal,0,0,65535_65535,2,12,137,270,1,1,1,6,270,28,1,1,allocated
653,1091,normal,0,0,65535_65535,2,27,137,224,0,1,0,5,0,28,1,1,pre_allocation
653,1091,normal,0,0,65535_65535,2,27,137,270,1,1,1,6,270,28,1,1,allocated
653,1091,normal,0,0,65535_65535,2,23,797,86,0,1,0,5,0,15,1,1,pre_allocation
653,1091,normal,0,0,65535_65535,2,23,797,103,1,1,1,6,103,15,1,1,allocated
653,1091,normal,0,0,65535_65535,2,11,137,270,0,1,0,6,0,28,1,1,pre_allocation
653,1091,normal,0,0,65535_65535,2,11,137,315,1,1,1,7,315,28,1,1,allocated
653,1091,normal,0,0,65535_65535,2,22,137,270,0,1,0,6,0,28,1,1,pre_allocation
653,1091,normal,0,0,65535_65535,2,22,137,315,1,1,1,7,315,28,1,1,allocated
653,1091,normal,0,0,65535_65535,2,24,137,270,0,1,0,6,0,28,1,1,pre_allocation
653,1091,normal,0,0,65535_65535,2,24,137,315,1,1,1,7,315,28,1,1,allocated
653,1091,normal,0,0,65535_65535,2,21,137,270,0,1,0,6,0,28,1,1,pre_allocation
653,1091,normal,0,0,65535_65535,2,21,137,315,1,1,1,7,315,28,1,1,allocated
653,1091,normal,0,0,65535_65535,2,28,137,270,0,1,0,6,0,28,1,1,pre_allocation
653,1091,normal,0,0,65535_65535,2,28,137,315,1,1,1,7,315,28,1,1,allocated
653,1091,normal,0,0,65535_65535,2,25,137,270,0,1,0,6,0,28,1,1,pre_allocation
653,1091,normal,0,0,65535_65535,2,25,137,315,1,1,1,7,315,28,1,1,allocated
653,1091,normal,0,0,65535_65535,2,12,137,270,0,1,0,6,0,28,1,1,pre_allocation
653,1091,normal,0,0,65535_65535,2,12,137,315,1,1,1,7,315,28,1,1,allocated
653,1091,normal,0,0,65535_65535,2,27,137,270,0,1,0,6,0,28,1,1,pre_allocation
653,1091,normal,0,0,65535_65535,2,27,137,315,1,1,1,7,315,28,1,1,allocated
653,1091,normal,0,0,65535_65535,2,23,797,103,0,1,0,6,0,15,1,1,pre_allocation
653,1091,normal,0,0,65535_65535,2,23,797,121,1,1,1,7,121,15,1,1,allocated
653,1091,normal,0,0,65535_65535,2,11,137,315,0,1,0,7,0,28,1,1,pre_allocation
653,1091,normal,0,0,65535_65535,2,11,137,361,1,1,1,8,361,28,1,1,allocated
653,1091,normal,0,0,65535_65535,2,22,137,315,0,1,0,7,0,28,1,1,pre_allocation
653,1091,normal,0,0,65535_65535,2,22,137,361,1,1,1,8,361,28,1,1,allocated
653,1091,normal,0,0,65535_65535,2,24,137,315,0,1,0,7,0,28,1,1,pre_allocation
653,1091,normal,0,0,65535_65535,2,24,137,361,1,1,1,8,361,28,1,1,allocated
653,1091,normal,0,0,65535_65535,2,21,137,315,0,1,0,7,0,28,1,1,pre_allocation
653,1091,normal,0,0,65535_65535,2,21,137,361,1,1,1,8,361,28,1,1,allocated
653,1091,normal,0,0,65535_65535,2,28,137,315,0,1,0,7,0,28,1,1,pre_allocation
653,1091,normal,0,0,65535_65535,2,28,137,361,1,1,1,8,361,28,1,1,allocated
653,1091,normal,0,0,65535_65535,2,25,137,315,0,1,0,7,0,28,1,1,pre_allocation
653,1091,normal,0,0,65535_65535,2,25,137,361,1,1,1,8,361,28,1,1,allocated
653,1091,normal,0,0,65535_65535,2,12,137,315,0,1,0,7,0,28,1,1,pre_allocation
653,1091,normal,0,0,65535_65535,2,12,137,361,1,1,1,8,361,28,1,1,allocated
653,1091,normal,0,0,65535_65535,2,27,137,315,0,1,0,7,0,28,1,1,pre_allocation
653,1091,normal,0,0,65535_65535,2,27,137,361,1,1,1,8,361,28,1,1,allocated
653,1091,normal,0,0,65535_65535,2,23,797,121,0,1,0,7,0,15,1,1,pre_allocation
653,1091,normal,0,0,65535_65535,2,23,797,139,1,1,1,8,139,15,1,1,allocated
653,1091,normal,0,0,65535_65535,2,11,137,361,0,1,0,8,0,28,1,1,pre_allocation
653,1091,normal,0,0,65535_65535,2,11,137,406,1,1,1,9,406,28,1,1,allocated
653,1091,normal,0,0,65535_65535,2,22,137,361,0,1,0,8,0,28,1,1,pre_allocation
653,1091,normal,0,0,65535_65535,2,22,137,406,1,1,1,9,406,28,1,1,allocated
653,1091,normal,0,0,65535_65535,2,24,137,361,0,1,0,8,0,28,1,1,pre_allocation
653,1091,normal,0,0,65535_65535,2,24,137,406,1,1,1,9,406,28,1,1,allocated
765,1189,normal,0,0,65535_65535,0,1,184615,0,0,1,0,0,0,28,1,1,pre_allocation
765,1189,normal,0,0,65535_65535,0,1,184615,42,1,1,1,1,42,28,1,1,allocated
765,1189,normal,0,0,65535_65535,0,2,140865,0,0,1,0,0,0,28,1,1,pre_allocation
765,1189,normal,0,0,65535_65535,0,2,140865,42,1,1,1,1,42,28,1,1,allocated
765,1189,normal,0,0,65535_65535,0,3,144004,0,0,1,0,0,0,28,1,1,pre_allocation
765,1189,normal,0,0,65535_65535,0,3,144004,42,1,1,1,1,42,28,1,1,allocated
765,1189,normal,0,0,65535_65535,0,4,146435,0,0,1,0,0,0,28,1,1,pre_allocation
765,1189,normal,0,0,65535_65535,0,4,146435,42,1,1,1,1,42,28,1,1,allocated
765,1189,normal,0,0,65535_65535,0,5,149296,0,0,1,0,0,0,28,1,1,pre_allocation
765,1189,normal,0,0,65535_65535,0,5,149296,42,1,1,1,1,42,28,1,1,allocated
765,1189,normal,0,0,65535_65535,0,1,184615,42,0,1,0,1,0,28,1,1,pre_allocation
765,1189,normal,0,0,65535_65535,0,1,184615,88,1,1,1,2,88,28,1,1,allocated
765,1189,normal,0,0,65535_65535,0,2,140865,42,0,1,0,1,0,28,1,1,pre_allocation
765,1189,normal,0,0,65535_65535,0,2,140865,88,1,1,1,2,88,28,1,1,allocated
765,1189,normal,0,0,65535_65535,0,3,144004,42,0,1,0,1,0,28,1,1,pre_allocation
765,1189,normal,0,0,65535_65535,0,3,144004,88,1,1,1,2,88,28,1,1,allocated
765,1189,normal,0,0,65535_65535,0,4,146435,42,0,1,0,1,0,28,1,1,pre_allocation
765,1189,normal,0,0,65535_65535,0,4,146435,88,1,1,1,2,88,28,1,1,allocated
765,1189,normal,0,0,65535_65535,0,5,149296,42,0,1,0,1,0,28,1,1,pre_allocation
765,1189,normal,0,0,65535_65535,0,5,149296,88,1,1,1,2,88,28,1,1,allocated
765,1189,normal,0,0,65535_65535,0,1,184615,88,0,1,0,2,0,28,1,1,pre_allocation
765,1189,normal,0,0,65535_65535,0,1,184615,133,1,1,1,3,133,28,1,1,allocated
765,1189,normal,0,0,65535_65535,0,2,140865,88,0,1,0,2,0,28,1,1,pre_allocation
765,1189,normal,0,0,65535_65535,0,2,140865,133,1,1,1,3,133,28,1,1,allocated
765,1189,normal,0,0,65535_65535,0,3,144004,88,0,1,0,2,0,28,1,1,pre_allocation
765,1189,normal,0,0,65535_65535,0,3,144004,133,1,1,1,3,133,28,1,1,allocated
765,1189,normal,0,0,65535_65535,0,4,146435,88,0,1,0,2,0,28,1,1,pre_allocation
765,1189,normal,0,0,65535_65535,0,4,146435,133,1,1,1,3,133,28,1,1,allocated
765,1189,normal,0,0,65535_65535,0,5,149296,88,0,1,0,2,0,28,1,1,pre_allocation
765,1189,normal,0,0,65535_65535,0,5,149296,133,1,1,1,3,133,28,1,1,allocated
765,1189,normal,0,0,65535_65535,0,1,184615,133,0,1,0,3,0,28,1,1,pre_allocation
765,1189,normal,0,0,65535_65535,0,1,184615,179,1,1,1,4,179,28,1,1,allocated
765,1189,normal,0,0,65535_65535,0,2,140865,133,0,1,0,3,0,28,1,1,pre_allocation
765,1189,normal,0,0,65535_65535,0,2,140865,179,1,1,1,4,179,28,1,1,allocated
765,1189,normal,0,0,65535_65535,0,3,144004,133,0,1,0,3,0,28,1,1,pre_allocation
765,1189,normal,0,0,65535_65535,0,3,144004,179,1,1,1,4,179,28,1,1,allocated
765,1189,normal,0,0,65535_65535,0,4,146435,133,0,1,0,3,0,28,1,1,pre_allocation
765,1189,normal,0,0,65535_65535,0,4,146435,179,1,1,1,4,179,28,1,1,allocated
765,1189,normal,0,0,65535_65535,0,5,149296,133,0,1,0,3,0,28,1,1,pre_allocation
765,1189,normal,0,0,65535_65535,0,5,149296,179,1,1,1,4,179,28,1,1,allocated
765,1189,normal,0,0,65535_65535,0,1,184615,179,0,1,0,4,0,28,1,1,pre_allocation
765,1189,normal,0,0,65535_65535,0,1,184615,224,1,1,1,5,224,28,1,1,allocated
765,1189,normal,0,0,65535_65535,0,2,140865,179,0,1,0,4,0,28,1,1,pre_allocation
765,1189,normal,0,0,65535_65535,0,2,140865,224,1,1,1,5,224,28,1,1,allocated
765,1189,normal,0,0,65535_65535,0,3,144004,179,0,1,0,4,0,28,1,1,pre_allocation
765,1189,normal,0,0,65535_65535,0,3,144004,224,1,1,1,5,224,28,1,1,allocated
765,1189,normal,0,0,65535_65535,0,4,146435,179,0,1,0,4,0,28,1,1,pre_allocation
765,1189,normal,0,0,65535_65535,0,4,146435,224,1,1,1,5,224,28,1,1,allocated
765,1189,normal,0,0,65535_65535,0,5,149296,179,0,1,0,4,0,28,1,1,pre_allocation
765,1189,normal,0,0,65535_65535,0,5,149296,224,1,1,1,5,224,28,1,1,allocated
765,1189,normal,0,0,65535_65535,0,1,184615,224,0,1,0,5,0,28,1,1,pre_allocation
765,1189,normal,0,0,65535_65535,0,1,184615,270,1,1,1,6,270,28,1,1,allocated
765,1189,normal,0,0,65535_65535,0,2,140865,224,0,1,0,5,0,28,1,1,pre_allocation
765,1189,normal,0,0,65535_65535,0,2,140865,270,1,1,1,6,270,28,1,1,allocated
765,1189,normal,0,0,65535_65535,0,3,144004,224,0,1,0,5,0,28,1,1,pre_allocation
765,1189,normal,0,0,65535_65535,0,3,144004,270,1,1,1,6,270,28,1,1,allocated
765,1189,normal,0,0,65535_65535,0,4,146435,224,0,1,0,5,0,28,1,1,pre_allocation
765,1189,normal,0,0,65535_65535,0,4,146435,270,1,1,1,6,270,28,1,1,allocated
765,1189,normal,0,0,65535_65535,0,5,149296,224,0,1,0,5,0,28,1,1,pre_allocation
765,1189,normal,0,0,65535_65535,0,5,149296,270,1,1,1,6,270,28,1,1,allocated
765,1189,normal,0,0,65535_65535,0,1,184615,270,0,1,0,6,0,28,1,1,pre_allocation
765,1189,normal,0,0,65535_65535,0,1,184615,315,1,1,1,7,315,28,1,1,allocated
765,1189,normal,0,0,65535_65535,0,2,140865,270,0,1,0,6,0,28,1,1,pre_allocation
765,1189,normal,0,0,65535_65535,0,2,140865,315,1,1,1,7,315,28,1,1,allocated
765,1189,normal,0,0,65535_65535,0,3,144004,270,0,1,0,6,0,28,1,1,pre_allocation
765,1189,normal,0,0,65535_65535,0,3,144004,315,1,1,1,7,315,28,1,1,allocated
765,1189,normal,0,0,65535_65535,0,4,146435,270,0,1,0,6,0,28,1,1,pre_allocation
765,1189,normal,0,0,65535_65535,0,4,146435,315,1,1,1,7,315,28,1,1,allocated
765,1189,normal,0,0,65535_65535,0,5,149296,270,0,1,0,6,0,28,1,1,pre_allocation
765,1189,normal,0,0,65535_65535,0,5,149296,315,1,1,1,7,315,28,1,1,allocated
765,1189,normal,0,0,65535_65535,0,1,184615,315,0,1,0,7,0,28,1,1,pre_allocation
765,1189,normal,0,0,65535_65535,0,1,184615,361,1,1,1,8,361,28,1,1,allocated
765,1189,normal,0,0,65535_65535,0,2,140865,315,0,1,0,7,0,28,1,1,pre_allocation
765,1189,normal,0,0,65535_65535,0,2,140865,361,1,1,1,8,361,28,1,1,allocated
765,1189,normal,0,0,65535_65535,0,3,144004,315,0,1,0,7,0,28,1,1,pre_allocation
765,1189,normal,0,0,65535_65535,0,3,144004,361,1,1,1,8,361,28,1,1,allocated
765,1189,normal,0,0,65535_65535,0,4,146435,315,0,1,0,7,0,28,1,1,pre_allocation
765,1189,normal,0,0,65535_65535,0,4,146435,361,1,1,1,8,361,28,1,1,allocated
765,1189,normal,0,0,65535_65535,0,5,149296,315,0,1,0,7,0,28,1,1,pre_allocation
765,1189,normal,0,0,65535_65535,0,5,149296,361,1,1,1,8,361,28,1,1,allocated
765,1189,normal,0,0,65535_65535,0,1,184615,361,0,1,0,8,0,28,1,1,pre_allocation
765,1189,normal,0,0,65535_65535,0,1,184615,406,1,1,1,9,406,28,1,1,allocated
765,1189,normal,0,0,65535_65535,0,2,140865,361,0,1,0,8,0,28,1,1,pre_allocation
765,1189,normal,0,0,65535_65535,0,2,140865,406,1,1,1,9,406,28,1,1,allocated
765,1189,normal,0,0,65535_65535,0,3,144004,361,0,1,0,8,0,28,1,1,pre_allocation
765,1189,normal,0,0,65535_65535,0,3,144004,406,1,1,1,9,406,28,1,1,allocated
765,1189,normal,0,0,65535_65535,0,4,146435,361,0,1,0,8,0,28,1,1,pre_allocation
765,1189,normal,0,0,65535_65535,0,4,146435,406,1,1,1,9,406,28,1,1,allocated
765,1189,normal,0,0,65535_65535,0,5,149296,361,0,1,0,8,0,28,1,1,pre_allocation
765,1189,normal,0,0,65535_65535,0,5,149296,406,1,1,1,9,406,28,1,1,allocated
765,1189,normal,0,0,65535_65535,0,1,184615,406,0,1,0,9,0,28,1,1,pre_allocation
765,1189,normal,0,0,65535_65535,0,1,184615,452,1,1,1,10,452,28,1,1,allocated
765,1189,normal,0,0,65535_65535,0,2,140865,406,0,1,0,9,0,28,1,1,pre_allocation
765,1189,normal,0,0,65535_65535,0,2,140865,452,1,1,1,10,452,28,1,1,allocated
765,1189,normal,0,0,65535_65535,0,3,144004,406,0,1,0,9,0,28,1,1,pre_allocation
765,1189,normal,0,0,65535_65535,0,3,144004,452,1,1,1,10,452,28,1,1,allocated
765,1189,normal,0,0,65535_65535,0,4,146435,406,0,1,0,9,0,28,1,1,pre_allocation
765,1189,normal,0,0,65535_65535,0,4,146435,452,1,1,1,10,452,28,1,1,allocated
765,1189,normal,0,0,65535_65535,0,5,149296,406,0,1,0,9,0,28,1,1,pre_allocation
765,1189,normal,0,0,65535_65535,0,5,149296,452,1,1,1,10,452,28,1,1,allocated
765,1189,normal,0,0,65535_65535,0,1,184615,452,0,1,0,10,0,28,1,1,pre_allocation
765,1189,normal,0,0,65535_65535,0,1,184615,497,1,1,1,11,497,28,1,1,allocated
765,1189,normal,0,0,65535_65535,0,2,140865,452,0,1,0,10,0,28,1,1,pre_allocation
765,1189,normal,0,0,65535_65535,0,2,140865,497,1,1,1,11,497,28,1,1,allocated
765,1189,normal,0,0,65535_65535,0,3,144004,452,0,1,0,10,0,28,1,1,pre_allocation
765,1189,normal,0,0,65535_65535,0,3,144004,497,1,1,1,11,497,28,1,1,allocated
765,1189,normal,0,0,65535_65535,0,4,146435,452,0,1,0,10,0,28,1,1,pre_allocation
765,1189,normal,0,0,65535_65535,0,4,146435,497,1,1,1,11,497,28,1,1,allocated
765,1189,normal,0,0,65535_65535,0,5,149296,452,0,1,0,10,0,28,1,1,pre_allocation
765,1189,normal,0,0,65535_65535,0,5,149296,497,1,1,1,11,497,28,1,1,allocated
765,1189,normal,0,0,65535_65535,0,1,184615,497,0,1,0,11,0,28,1,1,pre_allocation
765,1189,normal,0,0,65535_65535,0,1,184615,543,1,1,1,12,543,28,1,1,allocated
765,1189,normal,0,0,65535_65535,0,2,140865,497,0,1,0,11,0,28,1,1,pre_allocation
765,1189,normal,0,0,65535_65535,0,2,140865,543,1,1,1,12,543,28,1,1,allocated
765,1189,normal,0,0,65535_65535,0,3,144004,497,0,1,0,11,0,28,1,1,pre_allocation
765,1189,normal,0,0,65535_65535,0,3,144004,543,1,1,1,12,543,28,1,1,allocated
765,1189,normal,0,0,65535_65535,0,4,146435,497,0,1,0,11,0,28,1,1,pre_allocation
765,1189,normal,0,0,65535_65535,0,4,146435,543,1,1,1,12,543,28,1,1,allocated
765,1189,normal,0,0,65535_65535,0,5,149296,497,0,1,0,11,0,28,1,1,pre_allocation
765,1189,normal,0,0,65535_65535,0,5,149296,543,1,1,1,12,543,28,1,1,allocated
765,1189,normal,0,0,65535_65535,0,1,184615,543,0,1,0,12,0,28,1,1,pre_allocation
765,1189,normal,0,0,65535_65535,0,1,184615,589,1,1,1,13,589,28,1,1,allocated
765,1189,normal,0,0,65535_65535,0,2,140865,543,0,1,0,12,0,28,1,1,pre_allocation
765,1189,normal,0,0,65535_65535,0,2,140865,589,1,1,1,13,589,28,1,1,allocated
765,1189,normal,0,0,65535_65535,0,3,144004,543,0,1,0,12,0,28,1,1,pre_allocation
765,1189,normal,0,0,65535_65535,0,3,144004,589,1,1,1,13,589,28,1,1,allocated
765,1189,normal,0,0,65535_65535,0,4,146435,543,0,1,0,12,0,28,1,1,pre_allocation
765,1189,normal,0,0,65535_65535,0,4,146435,589,1,1,1,13,589,28,1,1,allocated
765,1189,normal,0,0,65535_65535,0,5,149296,543,0,1,0,12,0,28,1,1,pre_allocation
765,1189,normal,0,0,65535_65535,0,5,149296,589,1,1,1,13,589,28,1,1,allocated
765,1189,normal,0,0,65535_65535,0,1,184615,589,0,1,0,13,0,28,1,1,pre_allocation
765,1189,normal,0,0,65535_65535,0,1,184615,634,1,1,1,14,634,28,1,1,allocated
765,1189,normal,0,0,65535_65535,0,2,140865,589,0,1,0,13,0,28,1,1,pre_allocation
765,1189,normal,0,0,65535_65535,0,2,140865,634,1,1,1,14,634,28,1,1,allocated
765,1189,normal,0,0,65535_65535,0,3,144004,589,0,1,0,13,0,28,1,1,pre_allocation
765,1189,normal,0,0,65535_65535,0,3,144004,634,1,1,1,14,634,28,1,1,allocated
765,1189,normal,0,0,65535_65535,0,4,146435,589,0,1,0,13,0,28,1,1,pre_allocation
765,1189,normal,0,0,65535_65535,0,4,146435,634,1,1,1,14,634,28,1,1,allocated
765,1189,normal,0,0,65535_65535,0,5,149296,589,0,1,0,13,0,28,1,1,pre_allocation
765,1189,normal,0,0,65535_65535,0,5,149296,634,1,1,1,14,634,28,1,1,allocated
765,1189,normal,0,0,65535_65535,0,1,184615,634,0,1,0,14,0,28,1,1,pre_allocation
765,1189,normal,0,0,65535_65535,0,1,184615,680,1,1,1,15,680,28,1,1,allocated
765,1189,normal,0,0,65535_65535,0,2,140865,634,0,1,0,14,0,28,1,1,pre_allocation
765,1189,normal,0,0,65535_65535,0,2,140865,680,1,1,1,15,680,28,1,1,allocated
765,1189,normal,0,0,65535_65535,0,3,144004,634,0,1,0,14,0,28,1,1,pre_allocation
765,1189,normal,0,0,65535_65535,0,3,144004,680,1,1,1,15,680,28,1,1,allocated
765,1189,normal,0,0,65535_65535,0,4,146435,634,0,1,0,14,0,28,1,1,pre_allocation
765,1189,normal,0,0,65535_65535,0,4,146435,680,1,1,1,15,680,28,1,1,allocated
765,1189,normal,0,0,65535_65535,0,5,149296,634,0,1,0,14,0,28,1,1,pre_allocation
765,1189,normal,0,0,65535_65535,0,5,149296,680,1,1,1,15,680,28,1,1,allocated
765,1189,normal,0,0,65535_65535,0,1,184615,680,0,1,0,15,0,28,1,1,pre_allocation
765,1189,normal,0,0,65535_65535,0,1,184615,725,1,1,1,16,725,28,1,1,allocated
765,1189,normal,0,0,65535_65535,0,2,140865,680,0,1,0,15,0,28,1,1,pre_allocation
765,1189,normal,0,0,65535_65535,0,2,140865,725,1,1,1,16,725,28,1,1,allocated
765,1189,normal,0,0,65535_65535,0,3,144004,680,0,1,0,15,0,28,1,1,pre_allocation
765,1189,normal,0,0,65535_65535,0,3,144004,725,1,1,1,16,725,28,1,1,allocated
765,1189,normal,0,0,65535_65535,0,4,146435,680,0,1,0,15,0,28,1,1,pre_allocation
765,1189,normal,0,0,65535_65535,0,4,146435,725,1,1,1,16,725,28,1,1,allocated
765,1189,normal,0,0,65535_65535,0,5,149296,680,0,1,0,15,0,28,1,1,pre_allocation
765,1189,normal,0,0,65535_65535,0,5,149296,725,1,1,1,16,725,28,1,1,allocated
765,1189,normal,0,0,65535_65535,0,1,184615,725,0,1,0,16,0,28,1,1,pre_allocation
765,1189,normal,0,0,65535_65535,0,1,184615,771,1,1,1,17,771,28,1,1,allocated
765,1189,normal,0,0,65535_65535,0,2,140865,725,0,1,0,16,0,28,1,1,pre_allocation
765,1189,normal,0,0,65535_65535,0,2,140865,771,1,1,1,17,771,28,1,1,allocated
765,1189,normal,0,0,65535_65535,0,3,144004,725,0,1,0,16,0,28,1,1,pre_allocation
765,1189,normal,0,0,65535_65535,0,3,144004,771,1,1,1,17,771,28,1,1,allocated
765,1189,normal,0,0,65535_65535,0,4,146435,725,0,1,0,16,0,28,1,1,pre_allocation
765,1189,normal,0,0,65535_65535,0,4,146435,771,1,1,1,17,771,28,1,1,allocated
765,1189,normal,0,0,65535_65535,0,5,149296,725,0,1,0,16,0,28,1,1,pre_allocation
765,1189,normal,0,0,65535_65535,0,5,149296,771,1,1,1,17,771,28,1,1,allocated
765,1189,normal,0,0,65535_65535,0,1,184615,771,0,1,0,17,0,28,1,1,pre_allocation
765,1189,normal,0,0,65535_65535,0,1,184615,816,1,1,1,18,816,28,1,1,allocated
765,1189,normal,0,0,65535_65535,0,2,140865,771,0,1,0,17,0,28,1,1,pre_allocation
765,1189,normal,0,0,65535_65535,0,2,140865,816,1,1,1,18,816,28,1,1,allocated
765,1189,normal,0,0,65535_65535,0,3,144004,771,0,1,0,17,0,28,1,1,pre_allocation
765,1189,normal,0,0,65535_65535,0,3,144004,816,1,1,1,18,816,28,1,1,allocated
765,1189,normal,0,0,65535_65535,0,4,146435,771,0,1,0,17,0,28,1,1,pre_allocation
765,1189,normal,0,0,65535_65535,0,4,146435,816,1,1,1,18,816,28,1,1,allocated
765,1189,normal,0,0,65535_65535,0,5,149296,771,0,1,0,17,0,28,1,1,pre_allocation
765,1189,normal,0,0,65535_65535,0,5,149296,816,1,1,1,18,816,28,1,1,allocated
765,1189,normal,0,0,65535_65535,0,1,184615,816,0,1,0,18,0,28,1,1,pre_allocation
765,1189,normal,0,0,65535_65535,0,1,184615,862,1,1,1,19,862,28,1,1,allocated
765,1189,normal,0,0,65535_65535,0,2,140865,816,0,1,0,18,0,28,1,1,pre_allocation
765,1189,normal,0,0,65535_65535,0,2,140865,862,1,1,1,19,862,28,1,1,allocated
765,1189,normal,0,0,65535_65535,0,3,144004,816,0,1,0,18,0,28,1,1,pre_allocation
765,1189,normal,0,0,65535_65535,0,3,144004,862,1,1,1,19,862,28,1,1,allocated
765,1189,normal,0,0,65535_65535,0,4,146435,816,0,1,0,18,0,28,1,1,pre_allocation
765,1189,normal,0,0,65535_65535,0,4,146435,862,1,1,1,19,862,28,1,1,allocated
765,1189,normal,0,0,65535_65535,0,5,149296,816,0,1,0,18,0,28,1,1,pre_allocation
765,1189,normal,0,0,65535_65535,0,5,149296,862,1,1,1,19,862,28,1,1,allocated
765,1189,normal,0,0,65535_65535,0,1,184615,862,0,1,0,19,0,28,1,1,pre_allocation
765,1189,normal,0,0,65535_65535,0,1,184615,907,1,1,1,20,907,28,1,1,allocated
765,1189,normal,0,0,65535_65535,0,2,140865,862,0,1,0,19,0,28,1,1,pre_allocation
765,1189,normal,0,0,65535_65535,0,2,140865,907,1,1,1,20,907,28,1,1,allocated
765,1189,normal,0,0,65535_65535,0,3,144004,862,0,1,0,19,0,28,1,1,pre_allocation
765,1189,normal,0,0,65535_65535,0,3,144004,907,1,1,1,20,907,28,1,1,allocated
765,1189,normal,0,0,65535_65535,0,4,146435,862,0,1,0,19,0,28,1,1,pre_allocation
765,1189,normal,0,0,65535_65535,0,4,146435,907,1,1,1,20,907,28,1,1,allocated
765,1189,normal,0,0,65535_65535,0,5,149296,862,0,1,0,19,0,28,1,1,pre_allocation
765,1189,normal,0,0,65535_65535,0,5,149296,907,1,1,1,20,907,28,1,1,allocated
765,1189,normal,0,0,65535_65535,0,1,184615,907,0,1,0,20,0,28,1,1,pre_allocation
765,1189,normal,0,0,65535_65535,0,1,184615,953,1,1,1,21,953,28,1,1,allocated
765,1189,normal,0,0,65535_65535,0,2,140865,907,0,1,0,20,0,28,1,1,pre_allocation
765,1189,normal,0,0,65535_65535,0,2,140865,953,1,1,1,21,953,28,1,1,allocated
765,1189,normal,0,0,65535_65535,0,3,144004,907,0,1,0,20,0,28,1,1,pre_allocation
765,1189,normal,0,0,65535_65535,0,3,144004,953,1,1,1,21,953,28,1,1,allocated
765,1189,normal,0,0,65535_65535,0,4,146435,907,0,1,0,20,0,28,1,1,pre_allocation
765,1189,normal,0,0,65535_65535,0,4,146435,953,1,1,1,21,953,28,1,1,allocated
765,1189,normal,0,0,65535_65535,0,5,149296,907,0,1,0,20,0,28,1,1,pre_allocation
765,1189,normal,0,0,65535_65535,0,5,149296,953,1,1,1,21,953,28,1,1,allocated
765,1189,normal,0,0,65535_65535,0,1,184615,953,0,1,0,21,0,28,1,1,pre_allocation
765,1189,normal,0,0,65535_65535,0,1,184615,998,1,1,1,22,998,28,1,1,allocated
765,1189,normal,0,0,65535_65535,0,2,140865,953,0,1,0,21,0,28,1,1,pre_allocation
765,1189,normal,0,0,65535_65535,0,2,140865,998,1,1,1,22,998,28,1,1,allocated
765,1189,normal,0,0,65535_65535,0,3,144004,953,0,1,0,21,0,28,1,1,pre_allocation
765,1189,normal,0,0,65535_65535,0,3,144004,998,1,1,1,22,998,28,1,1,allocated
765,1189,normal,0,0,65535_65535,0,4,146435,953,0,1,0,21,0,28,1,1,pre_allocation
765,1189,normal,0,0,65535_65535,0,4,146435,998,1,1,1,22,998,28,1,1,allocated
765,1189,normal,0,0,65535_65535,0,5,149296,953,0,1,0,21,0,28,1,1,pre_allocation
765,1189,normal,0,0,65535_65535,0,5,149296,998,1,1,1,22,998,28,1,1,allocated
765,1189,normal,0,0,65535_65535,0,1,184615,998,0,1,0,22,0,28,1,1,pre_allocation
765,1189,normal,0,0,65535_65535,0,1,184615,1044,1,1,1,23,1044,28,1,1,allocated
765,1189,normal,0,0,65535_65535,0,2,140865,998,0,1,0,22,0,28,1,1,pre_allocation
765,1189,normal,0,0,65535_65535,0,2,140865,1044,1,1,1,23,1044,28,1,1,allocated
765,1189,normal,0,0,65535_65535,0,3,144004,998,0,1,0,22,0,28,1,1,pre_allocation
765,1189,normal,0,0,65535_65535,0,3,144004,1044,1,1,1,23,1044,28,1,1,allocated
765,1189,normal,0,0,65535_65535,0,4,146435,998,0,1,0,22,0,28,1,1,pre_allocation
765,1189,normal,0,0,65535_65535,0,4,146435,1044,1,1,1,23,1044,28,1,1,allocated
765,1189,normal,0,0,65535_65535,0,5,149296,998,0,1,0,22,0,28,1,1,pre_allocation
765,1189,normal,0,0,65535_65535,0,5,149296,1044,1,1,1,23,1044,28,1,1,allocated
765,1189,normal,0,0,65535_65535,1,6,87,0,0,1,0,0,0,28,1,1,pre_allocation
765,1189,normal,0,0,65535_65535,1,6,87,42,1,1,1,1,42,28,1,1,allocated
765,1189,normal,0,0,65535_65535,1,7,87,0,0,1,0,0,0,28,1,1,pre_allocation
765,1189,normal,0,0,65535_65535,1,7,87,42,1,1,1,1,42,28,1,1,allocated
765,1189,normal,0,0,65535_65535,1,9,87,0,0,1,0,0,0,28,1,1,pre_allocation
765,1189,normal,0,0,65535_65535,1,9,87,42,1,1,1,1,42,28,1,1,allocated
765,1189,normal,0,0,65535_65535,1,10,87,0,0,1,0,0,0,28,1,1,pre_allocation
765,1189,normal,0,0,65535_65535,1,10,87,42,1,1,1,1,42,28,1,1,allocated
765,1189,normal,0,0,65535_65535,1,6,87,42,0,1,0,1,0,28,1,1,pre_allocation
765,1189,normal,0,0,65535_65535,1,6,87,88,1,1,1,2,88,28,1,1,allocated
765,1189,normal,0,0,65535_65535,1,7,87,42,0,1,0,1,0,28,1,1,pre_allocation
765,1189,normal,0,0,65535_65535,1,7,87,88,1,1,1,2,88,28,1,1,allocated
765,1189,normal,0,0,65535_65535,1,9,87,42,0,1,0,1,0,28,1,1,pre_allocation
765,1189,normal,0,0,65535_65535,1,9,87,88,1,1,1,2,88,28,1,1,allocated
765,1189,normal,0,0,65535_65535,1,10,87,42,0,1,0,1,0,28,1,1,pre_allocation
765,1189,normal,0,0,65535_65535,1,10,87,88,1,1,1,2,88,28,1,1,allocated
765,1189,normal,0,0,65535_65535,1,6,87,88,0,1,0,2,0,28,1,1,pre_allocation
765,1189,normal,0,0,65535_65535,1,6,87,133,1,1,1,3,133,28,1,1,allocated
765,1189,normal,0,0,65535_65535,1,7,87,88,0,1,0,2,0,28,1,1,pre_allocation
765,1189,normal,0,0,65535_65535,1,7,87,133,1,1,1,3,133,28,1,1,allocated
765,1189,normal,0,0,65535_65535,1,9,87,88,0,1,0,2,0,28,1,1,pre_allocation
765,1189,normal,0,0,65535_65535,1,9,87,133,1,1,1,3,133,28,1,1,allocated
765,1189,normal,0,0,65535_65535,1,10,87,88,0,1,0,2,0,28,1,1,pre_allocation
765,1189,normal,0,0,65535_65535,1,10,87,133,1,1,1,3,133,28,1,1,allocated
765,1189,normal,0,0,65535_65535,1,6,87,133,0,1,0,3,0,28,1,1,pre_allocation
765,1189,normal,0,0,65535_65535,1,6,87,179,1,1,1,4,179,28,1,1,allocated
765,1189,normal,0,0,65535_65535,1,7,87,133,0,1,0,3,0,28,1,1,pre_allocation
765,1189,normal,0,0,65535_65535,1,7,87,179,1,1,1,4,179,28,1,1,allocated
765,1189,normal,0,0,65535_65535,1,9,87,133,0,1,0,3,0,28,1,1,pre_allocation
765,1189,normal,0,0,65535_65535,1,9,87,179,1,1,1,4,179,28,1,1,allocated
765,1189,normal,0,0,65535_65535,1,10,87,133,0,1,0,3,0,28,1,1,pre_allocation
765,1189,normal,0,0,65535_65535,1,10,87,179,1,1,1,4,179,28,1,1,allocated
765,1189,normal,0,0,65535_65535,1,6,87,179,0,1,0,4,0,28,1,1,pre_allocation
765,1189,normal,0,0,65535_65535,1,6,87,224,1,1,1,5,224,28,1,1,allocated
765,1189,normal,0,0,65535_65535,1,7,87,179,0,1,0,4,0,28,1,1,pre_allocation
765,1189,normal,0,0,65535_65535,1,7,87,224,1,1,1,5,224,28,1,1,allocated
765,1189,normal,0,0,65535_65535,1,9,87,179,0,1,0,4,0,28,1,1,pre_allocation
765,1189,normal,0,0,65535_65535,1,9,87,224,1,1,1,5,224,28,1,1,allocated
765,1189,normal,0,0,65535_65535,1,10,87,179,0,1,0,4,0,28,1,1,pre_allocation
765,1189,normal,0,0,65535_65535,1,10,87,224,1,1,1,5,224,28,1,1,allocated
765,1189,normal,0,0,65535_65535,1,6,87,224,0,1,0,5,0,28,1,1,pre_allocation
765,1189,normal,0,0,65535_65535,1,6,87,270,1,1,1,6,270,28,1,1,allocated
765,1189,normal,0,0,65535_65535,1,7,87,224,0,1,0,5,0,28,1,1,pre_allocation
765,1189,normal,0,0,65535_65535,1,7,87,270,1,1,1,6,270,28,1,1,allocated
765,1189,normal,0,0,65535_65535,1,9,87,224,0,1,0,5,0,28,1,1,pre_allocation
765,1189,normal,0,0,65535_65535,1,9,87,270,1,1,1,6,270,28,1,1,allocated
765,1189,normal,0,0,65535_65535,1,10,87,224,0,1,0,5,0,28,1,1,pre_allocation
765,1189,normal,0,0,65535_65535,1,10,87,270,1,1,1,6,270,28,1,1,allocated
765,1189,normal,0,0,65535_65535,1,6,87,270,0,1,0,6,0,28,1,1,pre_allocation
765,1189,normal,0,0,65535_65535,1,6,87,315,1,1,1,7,315,28,1,1,allocated
765,1189,normal,0,0,65535_65535,1,7,87,270,0,1,0,6,0,28,1,1,pre_allocation
765,1189,normal,0,0,65535_65535,1,7,87,315,1,1,1,7,315,28,1,1,allocated
765,1189,normal,0,0,65535_65535,1,9,87,270,0,1,0,6,0,28,1,1,pre_allocation
765,1189,normal,0,0,65535_65535,1,9,87,315,1,1,1,7,315,28,1,1,allocated
765,1189,normal,0,0,65535_65535,1,10,87,270,0,1,0,6,0,28,1,1,pre_allocation
765,1189,normal,0,0,65535_65535,1,10,87,315,1,1,1,7,315,28,1,1,allocated
765,1189,normal,0,0,65535_65535,1,6,87,315,0,1,0,7,0,28,1,1,pre_allocation
765,1189,normal,0,0,65535_65535,1,6,87,361,1,1,1,8,361,28,1,1,allocated
765,1189,normal,0,0,65535_65535,1,7,87,315,0,1,0,7,0,28,1,1,pre_allocation
765,1189,normal,0,0,65535_65535,1,7,87,361,1,1,1,8,361,28,1,1,allocated
765,1189,normal,0,0,65535_65535,1,9,87,315,0,1,0,7,0,28,1,1,pre_allocation
765,1189,normal,0,0,65535_65535,1,9,87,361,1,1,1,8,361,28,1,1,allocated
765,1189,normal,0,0,65535_65535,1,10,87,315,0,1,0,7,0,28,1,1,pre_allocation
765,1189,normal,0,0,65535_65535,1,10,87,361,1,1,1,8,361,28,1,1,allocated
765,1189,normal,0,0,65535_65535,1,6,87,361,0,1,0,8,0,28,1,1,pre_allocation
765,1189,normal,0,0,65535_65535,1,6,87,406,1,1,1,9,406,28,1,1,allocated
765,1189,normal,0,0,65535_65535,1,7,87,361,0,1,0,8,0,28,1,1,pre_allocation
765,1189,normal,0,0,65535_65535,1,7,87,406,1,1,1,9,406,28,1,1,allocated
765,1189,normal,0,0,65535_65535,1,9,87,361,0,1,0,8,0,28,1,1,pre_allocation
765,1189,normal,0,0,65535_65535,1,9,87,406,1,1,1,9,406,28,1,1,allocated
765,1189,normal,0,0,65535_65535,1,10,87,361,0,1,0,8,0,28,1,1,pre_allocation
765,1189,normal,0,0,65535_65535,1,10,87,406,1,1,1,9,406,28,1,1,allocated
765,1189,normal,0,0,65535_65535,1,6,87,406,0,1,0,9,0,28,1,1,pre_allocation
765,1189,normal,0,0,65535_65535,1,6,87,452,1,1,1,10,452,28,1,1,allocated
765,1189,normal,0,0,65535_65535,1,7,87,406,0,1,0,9,0,28,1,1,pre_allocation
765,1189,normal,0,0,65535_65535,1,7,87,452,1,1,1,10,452,28,1,1,allocated
765,1189,normal,0,0,65535_65535,1,9,87,406,0,1,0,9,0,28,1,1,pre_allocation
765,1189,normal,0,0,65535_65535,1,9,87,452,1,1,1,10,452,28,1,1,allocated
765,1189,normal,0,0,65535_65535,1,10,87,406,0,1,0,9,0,28,1,1,pre_allocation
765,1189,normal,0,0,65535_65535,1,10,87,452,1,1,1,10,452,28,1,1,allocated
765,1189,normal,0,0,65535_65535,1,6,87,452,0,1,0,10,0,28,1,1,pre_allocation
765,1189,normal,0,0,65535_65535,1,6,87,497,1,1,1,11,497,28,1,1,allocated
765,1189,normal,0,0,65535_65535,1,7,87,452,0,1,0,10,0,28,1,1,pre_allocation
765,1189,normal,0,0,65535_65535,1,7,87,497,1,1,1,11,497,28,1,1,allocated
765,1189,normal,0,0,65535_65535,1,9,87,452,0,1,0,10,0,28,1,1,pre_allocation
765,1189,normal,0,0,65535_65535,1,9,87,497,1,1,1,11,497,28,1,1,allocated
765,1189,normal,0,0,65535_65535,1,10,87,452,0,1,0,10,0,28,1,1,pre_allocation
765,1189,normal,0,0,65535_65535,1,10,87,497,1,1,1,11,497,28,1,1,allocated
765,1189,normal,0,0,65535_65535,1,6,87,497,0,1,0,11,0,28,1,1,pre_allocation
765,1189,normal,0,0,65535_65535,1,6,87,543,1,1,1,12,543,28,1,1,allocated
765,1189,normal,0,0,65535_65535,1,7,87,497,0,1,0,11,0,28,1,1,pre_allocation
765,1189,normal,0,0,65535_65535,1,7,87,543,1,1,1,12,543,28,1,1,allocated
765,1189,normal,0,0,65535_65535,1,9,87,497,0,1,0,11,0,28,1,1,pre_allocation
765,1189,normal,0,0,65535_65535,1,9,87,543,1,1,1,12,543,28,1,1,allocated
765,1189,normal,0,0,65535_65535,1,10,87,497,0,1,0,11,0,28,1,1,pre_allocation
765,1189,normal,0,0,65535_65535,1,10,87,543,1,1,1,12,543,28,1,1,allocated
765,1189,normal,0,0,65535_65535,1,6,87,543,0,1,0,12,0,28,1,1,pre_allocation
765,1189,normal,0,0,65535_65535,1,6,87,589,1,1,1,13,589,28,1,1,allocated
765,1189,normal,0,0,65535_65535,1,7,87,543,0,1,0,12,0,28,1,1,pre_allocation
765,1189,normal,0,0,65535_65535,1,7,87,589,1,1,1,13,589,28,1,1,allocated
765,1189,normal,0,0,65535_65535,1,9,87,543,0,1,0,12,0,28,1,1,pre_allocation
765,1189,normal,0,0,65535_65535,1,9,87,589,1,1,1,13,589,28,1,1,allocated
765,1189,normal,0,0,65535_65535,1,10,87,543,0,1,0,12,0,28,1,1,pre_allocation
765,1189,normal,0,0,65535_65535,1,10,87,589,1,1,1,13,589,28,1,1,allocated
765,1189,normal,0,0,65535_65535,1,6,87,589,0,1,0,13,0,28,1,1,pre_allocation
765,1189,normal,0,0,65535_65535,1,6,87,634,1,1,1,14,634,28,1,1,allocated
765,1189,normal,0,0,65535_65535,1,7,87,589,0,1,0,13,0,28,1,1,pre_allocation
765,1189,normal,0,0,65535_65535,1,7,87,634,1,1,1,14,634,28,1,1,allocated
765,1189,normal,0,0,65535_65535,1,9,87,589,0,1,0,13,0,28,1,1,pre_allocation
765,1189,normal,0,0,65535_65535,1,9,87,634,1,1,1,14,634,28,1,1,allocated
765,1189,normal,0,0,65535_65535,1,10,87,589,0,1,0,13,0,28,1,1,pre_allocation
765,1189,normal,0,0,65535_65535,1,10,87,634,1,1,1,14,634,28,1,1,allocated
765,1189,normal,0,0,65535_65535,1,6,87,634,0,1,0,14,0,28,1,1,pre_allocation
765,1189,normal,0,0,65535_65535,1,6,87,680,1,1,1,15,680,28,1,1,allocated
765,1189,normal,0,0,65535_65535,1,7,87,634,0,1,0,14,0,28,1,1,pre_allocation
765,1189,normal,0,0,65535_65535,1,7,87,680,1,1,1,15,680,28,1,1,allocated
765,1189,normal,0,0,65535_65535,1,9,87,634,0,1,0,14,0,28,1,1,pre_allocation
765,1189,normal,0,0,65535_65535,1,9,87,680,1,1,1,15,680,28,1,1,allocated
765,1189,normal,0,0,65535_65535,1,10,87,634,0,1,0,14,0,28,1,1,pre_allocation
765,1189,normal,0,0,65535_65535,1,10,87,680,1,1,1,15,680,28,1,1,allocated
765,1189,normal,0,0,65535_65535,1,6,87,680,0,1,0,15,0,28,1,1,pre_allocation
765,1189,normal,0,0,65535_65535,1,6,87,725,1,1,1,16,725,28,1,1,allocated
765,1189,normal,0,0,65535_65535,1,7,87,680,0,1,0,15,0,28,1,1,pre_allocation
765,1189,normal,0,0,65535_65535,1,7,87,725,1,1,1,16,725,28,1,1,allocated
765,1189,normal,0,0,65535_65535,1,9,87,680,0,1,0,15,0,28,1,1,pre_allocation
765,1189,normal,0,0,65535_65535,1,9,87,725,1,1,1,16,725,28,1,1,allocated
765,1189,normal,0,0,65535_65535,1,10,87,680,0,1,0,15,0,28,1,1,pre_allocation
765,1189,normal,0,0,65535_65535,1,10,87,725,1,1,1,16,725,28,1,1,allocated
765,1189,normal,0,0,65535_65535,1,6,87,725,0,1,0,16,0,28,1,1,pre_allocation
765,1189,normal,0,0,65535_65535,1,6,87,771,1,1,1,17,771,28,1,1,allocated
765,1189,normal,0,0,65535_65535,1,7,87,725,0,1,0,16,0,28,1,1,pre_allocation
765,1189,normal,0,0,65535_65535,1,7,87,771,1,1,1,17,771,28,1,1,allocated
765,1189,normal,0,0,65535_65535,1,9,87,725,0,1,0,16,0,28,1,1,pre_allocation
765,1189,normal,0,0,65535_65535,1,9,87,771,1,1,1,17,771,28,1,1,allocated
765,1189,normal,0,0,65535_65535,1,10,87,725,0,1,0,16,0,28,1,1,pre_allocation
765,1189,normal,0,0,65535_65535,1,10,87,771,1,1,1,17,771,28,1,1,allocated
765,1189,normal,0,0,65535_65535,1,6,87,771,0,1,0,17,0,28,1,1,pre_allocation
765,1189,normal,0,0,65535_65535,1,6,87,816,1,1,1,18,816,28,1,1,allocated
765,1189,normal,0,0,65535_65535,1,7,87,771,0,1,0,17,0,28,1,1,pre_allocation
765,1189,normal,0,0,65535_65535,1,7,87,816,1,1,1,18,816,28,1,1,allocated
765,1189,normal,0,0,65535_65535,1,9,87,771,0,1,0,17,0,28,1,1,pre_allocation
765,1189,normal,0,0,65535_65535,1,9,87,816,1,1,1,18,816,28,1,1,allocated
765,1189,normal,0,0,65535_65535,1,10,87,771,0,1,0,17,0,28,1,1,pre_allocation
765,1189,normal,0,0,65535_65535,1,10,87,816,1,1,1,18,816,28,1,1,allocated
765,1189,normal,0,0,65535_65535,1,6,87,816,0,1,0,18,0,28,1,1,pre_allocation
765,1189,normal,0,0,65535_65535,1,6,87,862,1,1,1,19,862,28,1,1,allocated
765,1189,normal,0,0,65535_65535,1,7,87,816,0,1,0,18,0,28,1,1,pre_allocation
765,1189,normal,0,0,65535_65535,1,7,87,862,1,1,1,19,862,28,1,1,allocated
765,1189,normal,0,0,65535_65535,1,9,87,816,0,1,0,18,0,28,1,1,pre_allocation
765,1189,normal,0,0,65535_65535,1,9,87,862,1,1,1,19,862,28,1,1,allocated
765,1189,normal,0,0,65535_65535,1,10,87,816,0,1,0,18,0,28,1,1,pre_allocation
765,1189,normal,0,0,65535_65535,1,10,87,862,1,1,1,19,862,28,1,1,allocated
765,1189,normal,0,0,65535_65535,1,6,87,862,0,1,0,19,0,28,1,1,pre_allocation
765,1189,normal,0,0,65535_65535,1,6,87,907,1,1,1,20,907,28,1,1,allocated
765,1189,normal,0,0,65535_65535,1,7,87,862,0,1,0,19,0,28,1,1,pre_allocation
765,1189,normal,0,0,65535_65535,1,7,87,907,1,1,1,20,907,28,1,1,allocated
765,1189,normal,0,0,65535_65535,1,9,87,862,0,1,0,19,0,28,1,1,pre_allocation
765,1189,normal,0,0,65535_65535,1,9,87,907,1,1,1,20,907,28,1,1,allocated
765,1189,normal,0,0,65535_65535,1,10,87,862,0,1,0,19,0,28,1,1,pre_allocation
765,1189,normal,0,0,65535_65535,1,10,87,907,1,1,1,20,907,28,1,1,allocated
765,1189,normal,0,0,65535_65535,1,6,87,907,0,1,0,20,0,28,1,1,pre_allocation
765,1189,normal,0,0,65535_65535,1,6,87,953,1,1,1,21,953,28,1,1,allocated
765,1189,normal,0,0,65535_65535,1,7,87,907,0,1,0,20,0,28,1,1,pre_allocation
765,1189,normal,0,0,65535_65535,1,7,87,953,1,1,1,21,953,28,1,1,allocated
765,1189,normal,0,0,65535_65535,1,9,87,907,0,1,0,20,0,28,1,1,pre_allocation
765,1189,normal,0,0,65535_65535,1,9,87,953,1,1,1,21,953,28,1,1,allocated
765,1189,normal,0,0,65535_65535,1,10,87,907,0,1,0,20,0,28,1,1,pre_allocation
765,1189,normal,0,0,65535_65535,1,10,87,953,1,1,1,21,953,28,1,1,allocated
765,1189,normal,0,0,65535_65535,1,6,87,953,0,1,0,21,0,28,1,1,pre_allocation
765,1189,normal,0,0,65535_65535,1,6,87,998,1,1,1,22,998,28,1,1,allocated
765,1189,normal,0,0,65535_65535,1,7,87,953,0,1,0,21,0,28,1,1,pre_allocation
765,1189,normal,0,0,65535_65535,1,7,87,998,1,1,1,22,998,28,1,1,allocated
765,1189,normal,0,0,65535_65535,1,9,87,953,0,1,0,21,0,28,1,1,pre_allocation
765,1189,normal,0,0,65535_65535,1,9,87,998,1,1,1,22,998,28,1,1,allocated
765,1189,normal,0,0,65535_65535,1,10,87,953,0,1,0,21,0,28,1,1,pre_allocation
765,1189,normal,0,0,65535_65535,1,10,87,998,1,1,1,22,998,28,1,1,allocated
765,1189,normal,0,0,65535_65535,1,6,87,998,0,1,0,22,0,28,1,1,pre_allocation
765,1189,normal,0,0,65535_65535,1,6,87,1044,1,1,1,23,1044,28,1,1,allocated
765,1189,normal,0,0,65535_65535,1,7,87,998,0,1,0,22,0,28,1,1,pre_allocation
765,1189,normal,0,0,65535_65535,1,7,87,1044,1,1,1,23,1044,28,1,1,allocated
765,1189,normal,0,0,65535_65535,1,9,87,998,0,1,0,22,0,28,1,1,pre_allocation
765,1189,normal,0,0,65535_65535,1,9,87,1044,1,1,1,23,1044,28,1,1,allocated
765,1189,normal,0,0,65535_65535,1,10,87,998,0,1,0,22,0,28,1,1,pre_allocation
765,1189,normal,0,0,65535_65535,1,10,87,1044,1,1,1,23,1044,28,1,1,allocated
765,1189,normal,0,0,65535_65535,1,6,87,1044,0,1,0,23,0,28,1,1,pre_allocation
765,1189,normal,0,0,65535_65535,1,6,87,1089,1,1,1,24,1089,28,1,1,allocated
765,1189,normal,0,0,65535_65535,1,7,87,1044,0,1,0,23,0,28,1,1,pre_allocation
765,1189,normal,0,0,65535_65535,1,7,87,1089,1,1,1,24,1089,28,1,1,allocated
765,1189,normal,0,0,65535_65535,1,9,87,1044,0,1,0,23,0,28,1,1,pre_allocation
765,1189,normal,0,0,65535_65535,1,9,87,1089,1,1,1,24,1089,28,1,1,allocated
765,1189,normal,0,0,65535_65535,1,10,87,1044,0,1,0,23,0,28,1,1,pre_allocation
765,1189,normal,0,0,65535_65535,1,10,87,1089,1,1,1,24,1089,28,1,1,allocated
765,1189,normal,0,0,65535_65535,1,6,87,1089,0,1,0,24,0,28,1,1,pre_allocation
765,1189,normal,0,0,65535_65535,1,6,87,1135,1,1,1,25,1135,28,1,1,allocated
765,1189,normal,0,0,65535_65535,1,7,87,1089,0,1,0,24,0,28,1,1,pre_allocation
765,1189,normal,0,0,65535_65535,1,7,87,1135,1,1,1,25,1135,28,1,1,allocated
765,1189,normal,0,0,65535_65535,1,9,87,1089,0,1,0,24,0,28,1,1,pre_allocation
765,1189,normal,0,0,65535_65535,1,9,87,1135,1,1,1,25,1135,28,1,1,allocated
765,1189,normal,0,0,65535_65535,1,10,87,1089,0,1,0,24,0,28,1,1,pre_allocation
765,1189,normal,0,0,65535_65535,1,10,87,1135,1,1,1,25,1135,28,1,1,allocated
765,1189,normal,0,0,65535_65535,1,6,87,1135,0,1,0,25,0,28,1,1,pre_allocation
765,1189,normal,0,0,65535_65535,1,6,87,1181,1,1,1,26,1181,28,1,1,allocated
765,1189,normal,0,0,65535_65535,1,7,87,1135,0,1,0,25,0,28,1,1,pre_allocation
765,1189,normal,0,0,65535_65535,1,7,87,1181,1,1,1,26,1181,28,1,1,allocated
765,1189,normal,0,0,65535_65535,1,9,87,1135,0,1,0,25,0,28,1,1,pre_allocation
765,1189,normal,0,0,65535_65535,1,9,87,1181,1,1,1,26,1181,28,1,1,allocated
765,1189,normal,0,0,65535_65535,1,10,87,1135,0,1,0,25,0,28,1,1,pre_allocation
765,1189,normal,0,0,65535_65535,1,10,87,1181,1,1,1,26,1181,28,1,1,allocated
765,1189,normal,0,0,65535_65535,1,6,87,1181,0,1,0,26,0,28,1,1,pre_allocation
765,1189,normal,0,0,65535_65535,1,6,87,1226,1,1,1,27,1226,28,1,1,allocated
765,1189,normal,0,0,65535_65535,1,7,87,1181,0,1,0,26,0,28,1,1,pre_allocation
765,1189,normal,0,0,65535_65535,1,7,87,1226,1,1,1,27,1226,28,1,1,allocated
765,1189,normal,0,0,65535_65535,1,9,87,1181,0,1,0,26,0,28,1,1,pre_allocation
765,1189,normal,0,0,65535_65535,1,9,87,1226,1,1,1,27,1226,28,1,1,allocated
765,1189,normal,0,0,65535_65535,1,10,87,1181,0,1,0,26,0,28,1,1,pre_allocation
765,1189,normal,0,0,65535_65535,1,10,87,1226,1,1,1,27,1226,28,1,1,allocated
765,1189,normal,0,0,65535_65535,1,6,87,1226,0,1,0,27,0,28,1,1,pre_allocation
765,1189,normal,0,0,65535_65535,1,6,87,1272,1,1,1,28,1272,28,1,1,allocated
765,1189,normal,0,0,65535_65535,1,7,87,1226,0,1,0,27,0,28,1,1,pre_allocation
765,1189,normal,0,0,65535_65535,1,7,87,1272,1,1,1,28,1272,28,1,1,allocated
765,1189,normal,0,0,65535_65535,1,9,87,1226,0,1,0,27,0,28,1,1,pre_allocation
765,1189,normal,0,0,65535_65535,1,9,87,1272,1,1,1,28,1272,28,1,1,allocated
765,1189,normal,0,0,65535_65535,1,10,87,1226,0,1,0,27,0,28,1,1,pre_allocation
765,1189,normal,0,0,65535_65535,1,10,87,1272,1,1,1,28,1272,28,1,1,allocated
765,1189,normal,0,0,65535_65535,1,6,87,1272,0,1,0,28,0,28,1,1,pre_allocation
765,1189,normal,0,0,65535_65535,1,6,87,1317,1,1,1,29,1317,28,1,1,allocated
765,1189,normal,0,0,65535_65535,1,7,87,1272,0,1,0,28,0,28,1,1,pre_allocation
765,1189,normal,0,0,65535_65535,1,7,87,1317,1,1,1,29,1317,28,1,1,allocated
765,1189,normal,0,0,65535_65535,1,9,87,1272,0,1,0,28,0,28,1,1,pre_allocation
765,1189,normal,0,0,65535_65535,1,9,87,1317,1,1,1,29,1317,28,1,1,allocated
765,1189,normal,0,0,65535_65535,1,10,87,1272,0,1,0,28,0,28,1,1,pre_allocation
765,1189,normal,0,0,65535_65535,1,10,87,1317,1,1,1,29,1317,28,1,1,allocated
765,1189,normal,0,0,65535_65535,1,6,87,1317,0,1,0,29,0,28,1,1,pre_allocation
765,1189,normal,0,0,65535_65535,1,6,87,1363,1,1,1,30,1363,28,1,1,allocated
765,1189,normal,0,0,65535_65535,1,7,87,1317,0,1,0,29,0,28,1,1,pre_allocation
765,1189,normal,0,0,65535_65535,1,7,87,1363,1,1,1,30,1363,28,1,1,allocated
765,1189,normal,0,0,65535_65535,1,9,87,1317,0,1,0,29,0,28,1,1,pre_allocation
765,1189,normal,0,0,65535_65535,1,9,87,1363,1,1,1,30,1363,28,1,1,allocated
765,1189,normal,0,0,65535_65535,1,10,87,1317,0,1,0,29,0,28,1,1,pre_allocation
765,1189,normal,0,0,65535_65535,1,10,87,1363,1,1,1,30,1363,28,1,1,allocated
765,1189,normal,0,0,65535_65535,1,6,87,1363,0,1,0,30,0,28,1,1,pre_allocation
765,1189,normal,0,0,65535_65535,1,6,87,1408,1,1,1,31,1408,28,1,1,allocated
765,1189,normal,0,0,65535_65535,1,7,87,1363,0,1,0,30,0,28,1,1,pre_allocation
765,1189,normal,0,0,65535_65535,1,7,87,1408,1,1,1,31,1408,28,1,1,allocated
765,1189,normal,0,0,65535_65535,1,9,87,1363,0,1,0,30,0,28,1,1,pre_allocation
765,1189,normal,0,0,65535_65535,1,9,87,1408,1,1,1,31,1408,28,1,1,allocated
765,1189,normal,0,0,65535_65535,1,10,87,1363,0,1,0,30,0,28,1,1,pre_allocation
765,1189,normal,0,0,65535_65535,1,10,87,1408,1,1,1,31,1408,28,1,1,allocated
765,1189,normal,0,0,65535_65535,1,6,87,1408,0,1,0,31,0,28,1,1,pre_allocation
765,1189,normal,0,0,65535_65535,1,6,87,1454,1,1,1,32,1454,28,1,1,allocated
765,1189,normal,0,0,65535_65535,1,7,87,1408,0,1,0,31,0,28,1,1,pre_allocation
765,1189,normal,0,0,65535_65535,1,7,87,1454,1,1,1,32,1454,28,1,1,allocated
765,1189,normal,0,0,65535_65535,1,9,87,1408,0,1,0,31,0,28,1,1,pre_allocation
765,1189,normal,0,0,65535_65535,1,9,87,1454,1,1,1,32,1454,28,1,1,allocated
765,1189,normal,0,0,65535_65535,1,10,87,1408,0,1,0,31,0,28,1,1,pre_allocation
765,1189,normal,0,0,65535_65535,1,10,87,1454,1,1,1,32,1454,28,1,1,allocated
765,1189,normal,0,0,65535_65535,1,6,87,1454,0,1,0,32,0,28,1,1,pre_allocation
765,1189,normal,0,0,65535_65535,1,6,87,1499,1,1,1,33,1499,28,1,1,allocated
765,1189,normal,0,0,65535_65535,1,7,87,1454,0,1,0,32,0,28,1,1,pre_allocation
765,1189,normal,0,0,65535_65535,1,7,87,1499,1,1,1,33,1499,28,1,1,allocated
765,1189,normal,0,0,65535_65535,1,9,87,1454,0,1,0,32,0,28,1,1,pre_allocation
765,1189,normal,0,0,65535_65535,1,9,87,1499,1,1,1,33,1499,28,1,1,allocated
765,1189,normal,0,0,65535_65535,1,10,87,1454,0,1,0,32,0,28,1,1,pre_allocation
765,1189,normal,0,0,65535_65535,1,10,87,1499,1,1,1,33,1499,28,1,1,allocated
765,1189,normal,0,0,65535_65535,1,6,87,1499,0,1,0,33,0,28,1,1,pre_allocation
765,1189,normal,0,0,65535_65535,1,6,87,1542,1,1,1,34,1542,28,1,1,allocated
765,1189,normal,0,0,65535_65535,1,7,87,1499,0,1,0,33,0,28,1,1,pre_allocation
765,1189,normal,0,0,65535_65535,1,7,87,1542,1,1,1,34,1542,28,1,1,allocated
765,1189,normal,0,0,65535_65535,1,9,87,1499,0,1,0,33,0,28,1,1,pre_allocation
765,1189,normal,0,0,65535_65535,1,9,87,1542,1,1,1,34,1542,28,1,1,allocated
765,1189,normal,0,0,65535_65535,1,10,87,1499,0,1,0,33,0,28,1,1,pre_allocation
765,1189,normal,0,0,65535_65535,1,10,87,1542,1,1,1,34,1542,28,1,1,allocated
765,1189,normal,0,0,65535_65535,1,6,87,1542,0,1,0,34,0,28,1,1,pre_allocation
765,1189,normal,0,0,65535_65535,1,6,87,1587,1,1,1,35,1587,28,1,1,allocated
765,1189,normal,0,0,65535_65535,1,7,87,1542,0,1,0,34,0,28,1,1,pre_allocation
765,1189,normal,0,0,65535_65535,1,7,87,1587,1,1,1,35,1587,28,1,1,allocated
765,1189,normal,0,0,65535_65535,1,9,87,1542,0,1,0,34,0,28,1,1,pre_allocation
765,1189,normal,0,0,65535_65535,1,9,87,1587,1,1,1,35,1587,28,1,1,allocated
765,1189,normal,0,0,65535_65535,1,10,87,1542,0,1,0,34,0,28,1,1,pre_allocation
765,1189,normal,0,0,65535_65535,1,10,87,1587,1,1,1,35,1587,28,1,1,allocated
765,1189,normal,0,0,65535_65535,1,6,87,1587,0,1,0,35,0,28,1,1,pre_allocation
765,1189,normal,0,0,65535_65535,1,6,87,1633,1,1,1,36,1633,28,1,1,allocated
765,1189,normal,0,0,65535_65535,1,7,87,1587,0,1,0,35,0,28,1,1,pre_allocation
765,1189,normal,0,0,65535_65535,1,7,87,1633,1,1,1,36,1633,28,1,1,allocated
765,1189,normal,0,0,65535_65535,1,9,87,1587,0,1,0,35,0,28,1,1,pre_allocation
765,1189,normal,0,0,65535_65535,1,9,87,1633,1,1,1,36,1633,28,1,1,allocated
765,1189,normal,0,0,65535_65535,1,10,87,1587,0,1,0,35,0,28,1,1,pre_allocation
765,1189,normal,0,0,65535_65535,1,10,87,1633,1,1,1,36,1633,28,1,1,allocated
765,1189,normal,0,0,65535_65535,1,6,87,1633,0,1,0,36,0,28,1,1,pre_allocation
765,1189,normal,0,0,65535_65535,1,6,87,1678,1,1,1,37,1678,28,1,1,allocated
765,1189,normal,0,0,65535_65535,1,7,87,1633,0,1,0,36,0,28,1,1,pre_allocation
765,1189,normal,0,0,65535_65535,1,7,87,1678,1,1,1,37,1678,28,1,1,allocated
765,1189,normal,0,0,65535_65535,1,9,87,1633,0,1,0,36,0,28,1,1,pre_allocation
765,1189,normal,0,0,65535_65535,1,9,87,1678,1,1,1,37,1678,28,1,1,allocated
765,1189,normal,0,0,65535_65535,1,10,87,1633,0,1,0,36,0,28,1,1,pre_allocation
765,1189,normal,0,0,65535_65535,1,10,87,1678,1,1,1,37,1678,28,1,1,allocated
765,1189,normal,0,0,65535_65535,1,6,87,1678,0,1,0,37,0,28,1,1,pre_allocation
765,1189,normal,0,0,65535_65535,1,6,87,1724,1,1,1,38,1724,28,1,1,allocated
765,1189,normal,0,0,65535_65535,1,7,87,1678,0,1,0,37,0,28,1,1,pre_allocation
765,1189,normal,0,0,65535_65535,1,7,87,1724,1,1,1,38,1724,28,1,1,allocated
765,1189,normal,0,0,65535_65535,1,9,87,1678,0,1,0,37,0,28,1,1,pre_allocation
765,1189,normal,0,0,65535_65535,1,9,87,1724,1,1,1,38,1724,28,1,1,allocated
877,1287,normal,0,0,65535_65535,0,1,194401,0,0,1,0,0,0,26,1,1,pre_allocation
877,1287,normal,0,0,65535_65535,0,1,194401,39,1,1,1,1,39,26,1,1,allocated
877,1287,normal,0,0,65535_65535,0,5,152904,0,0,1,0,0,0,28,1,1,pre_allocation
877,1287,normal,0,0,65535_65535,0,5,152904,42,1,1,1,1,42,28,1,1,allocated
877,1287,normal,0,0,65535_65535,0,4,149744,0,0,1,0,0,0,28,1,1,pre_allocation
877,1287,normal,0,0,65535_65535,0,4,149744,42,1,1,1,1,42,28,1,1,allocated
877,1287,normal,0,0,65535_65535,0,3,147173,0,0,1,0,0,0,28,1,1,pre_allocation
877,1287,normal,0,0,65535_65535,0,3,147173,42,1,1,1,1,42,28,1,1,allocated
877,1287,normal,0,0,65535_65535,0,2,143537,0,0,1,0,0,0,28,1,1,pre_allocation
877,1287,normal,0,0,65535_65535,0,2,143537,42,1,1,1,1,42,28,1,1,allocated
877,1287,normal,0,0,65535_65535,0,1,194401,39,0,1,0,1,0,26,1,1,pre_allocation
877,1287,normal,0,0,65535_65535,0,1,194401,81,1,1,1,2,81,26,1,1,allocated
877,1287,normal,0,0,65535_65535,0,5,152904,42,0,1,0,1,0,28,1,1,pre_allocation
877,1287,normal,0,0,65535_65535,0,5,152904,88,1,1,1,2,88,28,1,1,allocated
877,1287,normal,0,0,65535_65535,0,4,149744,42,0,1,0,1,0,28,1,1,pre_allocation
877,1287,normal,0,0,65535_65535,0,4,149744,88,1,1,1,2,88,28,1,1,allocated
877,1287,normal,0,0,65535_65535,0,3,147173,42,0,1,0,1,0,28,1,1,pre_allocation
877,1287,normal,0,0,65535_65535,0,3,147173,88,1,1,1,2,88,28,1,1,allocated
877,1287,normal,0,0,65535_65535,0,2,143537,42,0,1,0,1,0,28,1,1,pre_allocation
877,1287,normal,0,0,65535_65535,0,2,143537,88,1,1,1,2,88,28,1,1,allocated
877,1287,normal,0,0,65535_65535,0,1,194401,81,0,1,0,2,0,26,1,1,pre_allocation
877,1287,normal,0,0,65535_65535,0,1,194401,123,1,1,1,3,123,26,1,1,allocated
877,1287,normal,0,0,65535_65535,0,5,152904,88,0,1,0,2,0,28,1,1,pre_allocation
877,1287,normal,0,0,65535_65535,0,5,152904,133,1,1,1,3,133,28,1,1,allocated
877,1287,normal,0,0,65535_65535,0,4,149744,88,0,1,0,2,0,28,1,1,pre_allocation
877,1287,normal,0,0,65535_65535,0,4,149744,133,1,1,1,3,133,28,1,1,allocated
877,1287,normal,0,0,65535_65535,0,3,147173,88,0,1,0,2,0,28,1,1,pre_allocation
877,1287,normal,0,0,65535_65535,0,3,147173,133,1,1,1,3,133,28,1,1,allocated
877,1287,normal,0,0,65535_65535,0,2,143537,88,0,1,0,2,0,28,1,1,pre_allocation
877,1287,normal,0,0,65535_65535,0,2,143537,133,1,1,1,3,133,28,1,1,allocated
877,1287,normal,0,0,65535_65535,0,1,194401,123,0,1,0,3,0,26,1,1,pre_allocation
877,1287,normal,0,0,65535_65535,0,1,194401,165,1,1,1,4,165,26,1,1,allocated
877,1287,normal,0,0,65535_65535,0,5,152904,133,0,1,0,3,0,28,1,1,pre_allocation
877,1287,normal,0,0,65535_65535,0,5,152904,179,1,1,1,4,179,28,1,1,allocated
877,1287,normal,0,0,65535_65535,0,4,149744,133,0,1,0,3,0,28,1,1,pre_allocation
877,1287,normal,0,0,65535_65535,0,4,149744,179,1,1,1,4,179,28,1,1,allocated
877,1287,normal,0,0,65535_65535,0,3,147173,133,0,1,0,3,0,28,1,1,pre_allocation
877,1287,normal,0,0,65535_65535,0,3,147173,179,1,1,1,4,179,28,1,1,allocated
877,1287,normal,0,0,65535_65535,0,2,143537,133,0,1,0,3,0,28,1,1,pre_allocation
877,1287,normal,0,0,65535_65535,0,2,143537,179,1,1,1,4,179,28,1,1,allocated
877,1287,normal,0,0,65535_65535,0,1,194401,165,0,1,0,4,0,26,1,1,pre_allocation
877,1287,normal,0,0,65535_65535,0,1,194401,207,1,1,1,5,207,26,1,1,allocated
877,1287,normal,0,0,65535_65535,0,5,152904,179,0,1,0,4,0,28,1,1,pre_allocation
877,1287,normal,0,0,65535_65535,0,5,152904,224,1,1,1,5,224,28,1,1,allocated
877,1287,normal,0,0,65535_65535,0,4,149744,179,0,1,0,4,0,28,1,1,pre_allocation
877,1287,normal,0,0,65535_65535,0,4,149744,224,1,1,1,5,224,28,1,1,allocated
877,1287,normal,0,0,65535_65535,0,3,147173,179,0,1,0,4,0,28,1,1,pre_allocation
877,1287,normal,0,0,65535_65535,0,3,147173,224,1,1,1,5,224,28,1,1,allocated
877,1287,normal,0,0,65535_65535,0,2,143537,179,0,1,0,4,0,28,1,1,pre_allocation
877,1287,normal,0,0,65535_65535,0,2,143537,224,1,1,1,5,224,28,1,1,allocated
877,1287,normal,0,0,65535_65535,0,1,194401,207,0,1,0,5,0,26,1,1,pre_allocation
877,1287,normal,0,0,65535_65535,0,1,194401,249,1,1,1,6,249,26,1,1,allocated
877,1287,normal,0,0,65535_65535,0,5,152904,224,0,1,0,5,0,28,1,1,pre_allocation
877,1287,normal,0,0,65535_65535,0,5,152904,270,1,1,1,6,270,28,1,1,allocated
877,1287,normal,0,0,65535_65535,0,4,149744,224,0,1,0,5,0,28,1,1,pre_allocation
877,1287,normal,0,0,65535_65535,0,4,149744,270,1,1,1,6,270,28,1,1,allocated
877,1287,normal,0,0,65535_65535,0,3,147173,224,0,1,0,5,0,28,1,1,pre_allocation
877,1287,normal,0,0,65535_65535,0,3,147173,270,1,1,1,6,270,28,1,1,allocated
877,1287,normal,0,0,65535_65535,0,2,143537,224,0,1,0,5,0,28,1,1,pre_allocation
877,1287,normal,0,0,65535_65535,0,2,143537,270,1,1,1,6,270,28,1,1,allocated
877,1287,normal,0,0,65535_65535,0,1,194401,249,0,1,0,6,0,26,1,1,pre_allocation
877,1287,normal,0,0,65535_65535,0,1,194401,291,1,1,1,7,291,26,1,1,allocated
877,1287,normal,0,0,65535_65535,0,5,152904,270,0,1,0,6,0,28,1,1,pre_allocation
877,1287,normal,0,0,65535_65535,0,5,152904,315,1,1,1,7,315,28,1,1,allocated
877,1287,normal,0,0,65535_65535,0,4,149744,270,0,1,0,6,0,28,1,1,pre_allocation
877,1287,normal,0,0,65535_65535,0,4,149744,315,1,1,1,7,315,28,1,1,allocated
877,1287,normal,0,0,65535_65535,0,3,147173,270,0,1,0,6,0,28,1,1,pre_allocation
877,1287,normal,0,0,65535_65535,0,3,147173,315,1,1,1,7,315,28,1,1,allocated
877,1287,normal,0,0,65535_65535,0,2,143537,270,0,1,0,6,0,28,1,1,pre_allocation
877,1287,normal,0,0,65535_65535,0,2,143537,315,1,1,1,7,315,28,1,1,allocated
877,1287,normal,0,0,65535_65535,0,1,194401,291,0,1,0,7,0,26,1,1,pre_allocation
877,1287,normal,0,0,65535_65535,0,1,194401,333,1,1,1,8,333,26,1,1,allocated
877,1287,normal,0,0,65535_65535,0,5,152904,315,0,1,0,7,0,28,1,1,pre_allocation
877,1287,normal,0,0,65535_65535,0,5,152904,361,1,1,1,8,361,28,1,1,allocated
877,1287,normal,0,0,65535_65535,0,4,149744,315,0,1,0,7,0,28,1,1,pre_allocation
877,1287,normal,0,0,65535_65535,0,4,149744,361,1,1,1,8,361,28,1,1,allocated
877,1287,normal,0,0,65535_65535,0,3,147173,315,0,1,0,7,0,28,1,1,pre_allocation
877,1287,normal,0,0,65535_65535,0,3,147173,361,1,1,1,8,361,28,1,1,allocated
877,1287,normal,0,0,65535_65535,0,2,143537,315,0,1,0,7,0,28,1,1,pre_allocation
877,1287,normal,0,0,65535_65535,0,2,143537,361,1,1,1,8,361,28,1,1,allocated
877,1287,normal,0,0,65535_65535,0,1,194401,333,0,1,0,8,0,26,1,1,pre_allocation
877,1287,normal,0,0,65535_65535,0,1,194401,375,1,1,1,9,375,26,1,1,allocated
877,1287,normal,0,0,65535_65535,0,5,152904,361,0,1,0,8,0,28,1,1,pre_allocation
877,1287,normal,0,0,65535_65535,0,5,152904,406,1,1,1,9,406,28,1,1,allocated
877,1287,normal,0,0,65535_65535,0,4,149744,361,0,1,0,8,0,28,1,1,pre_allocation
877,1287,normal,0,0,65535_65535,0,4,149744,406,1,1,1,9,406,28,1,1,allocated
877,1287,normal,0,0,65535_65535,0,3,147173,361,0,1,0,8,0,28,1,1,pre_allocation
877,1287,normal,0,0,65535_65535,0,3,147173,406,1,1,1,9,406,28,1,1,allocated
877,1287,normal,0,0,65535_65535,0,2,143537,361,0,1,0,8,0,28,1,1,pre_allocation
877,1287,normal,0,0,65535_65535,0,2,143537,406,1,1,1,9,406,28,1,1,allocated
877,1287,normal,0,0,65535_65535,0,1,194401,375,0,1,0,9,0,26,1,1,pre_allocation
877,1287,normal,0,0,65535_65535,0,1,194401,417,1,1,1,10,417,26,1,1,allocated
877,1287,normal,0,0,65535_65535,0,5,152904,406,0,1,0,9,0,28,1,1,pre_allocation
877,1287,normal,0,0,65535_65535,0,5,152904,452,1,1,1,10,452,28,1,1,allocated
877,1287,normal,0,0,65535_65535,0,4,149744,406,0,1,0,9,0,28,1,1,pre_allocation
877,1287,normal,0,0,65535_65535,0,4,149744,452,1,1,1,10,452,28,1,1,allocated
877,1287,normal,0,0,65535_65535,0,3,147173,406,0,1,0,9,0,28,1,1,pre_allocation
877,1287,normal,0,0,65535_65535,0,3,147173,452,1,1,1,10,452,28,1,1,allocated
877,1287,normal,0,0,65535_65535,0,2,143537,406,0,1,0,9,0,28,1,1,pre_allocation
877,1287,normal,0,0,65535_65535,0,2,143537,452,1,1,1,10,452,28,1,1,allocated
877,1287,normal,0,0,65535_65535,0,1,194401,417,0,1,0,10,0,26,1,1,pre_allocation
877,1287,normal,0,0,65535_65535,0,1,194401,459,1,1,1,11,459,26,1,1,allocated
877,1287,normal,0,0,65535_65535,0,5,152904,452,0,1,0,10,0,28,1,1,pre_allocation
877,1287,normal,0,0,65535_65535,0,5,152904,497,1,1,1,11,497,28,1,1,allocated
877,1287,normal,0,0,65535_65535,0,4,149744,452,0,1,0,10,0,28,1,1,pre_allocation
877,1287,normal,0,0,65535_65535,0,4,149744,497,1,1,1,11,497,28,1,1,allocated
877,1287,normal,0,0,65535_65535,0,3,147173,452,0,1,0,10,0,28,1,1,pre_allocation
877,1287,normal,0,0,65535_65535,0,3,147173,497,1,1,1,11,497,28,1,1,allocated
877,1287,normal,0,0,65535_65535,0,2,143537,452,0,1,0,10,0,28,1,1,pre_allocation
877,1287,normal,0,0,65535_65535,0,2,143537,497,1,1,1,11,497,28,1,1,allocated
877,1287,normal,0,0,65535_65535,0,1,194401,459,0,1,0,11,0,26,1,1,pre_allocation
877,1287,normal,0,0,65535_65535,0,1,194401,501,1,1,1,12,501,26,1,1,allocated
877,1287,normal,0,0,65535_65535,0,5,152904,497,0,1,0,11,0,28,1,1,pre_allocation
877,1287,normal,0,0,65535_65535,0,5,152904,543,1,1,1,12,543,28,1,1,allocated
877,1287,normal,0,0,65535_65535,0,4,149744,497,0,1,0,11,0,28,1,1,pre_allocation
877,1287,normal,0,0,65535_65535,0,4,149744,543,1,1,1,12,543,28,1,1,allocated
877,1287,normal,0,0,65535_65535,0,3,147173,497,0,1,0,11,0,28,1,1,pre_allocation
877,1287,normal,0,0,65535_65535,0,3,147173,543,1,1,1,12,543,28,1,1,allocated
877,1287,normal,0,0,65535_65535,0,2,143537,497,0,1,0,11,0,28,1,1,pre_allocation
877,1287,normal,0,0,65535_65535,0,2,143537,543,1,1,1,12,543,28,1,1,allocated
877,1287,normal,0,0,65535_65535,0,1,194401,501,0,1,0,12,0,26,1,1,pre_allocation
877,1287,normal,0,0,65535_65535,0,1,194401,543,1,1,1,13,543,26,1,1,allocated
877,1287,normal,0,0,65535_65535,0,5,152904,543,0,1,0,12,0,28,1,1,pre_allocation
877,1287,normal,0,0,65535_65535,0,5,152904,589,1,1,1,13,589,28,1,1,allocated
877,1287,normal,0,0,65535_65535,0,4,149744,543,0,1,0,12,0,28,1,1,pre_allocation
877,1287,normal,0,0,65535_65535,0,4,149744,589,1,1,1,13,589,28,1,1,allocated
877,1287,normal,0,0,65535_65535,0,3,147173,543,0,1,0,12,0,28,1,1,pre_allocation
877,1287,normal,0,0,65535_65535,0,3,147173,589,1,1,1,13,589,28,1,1,allocated
877,1287,normal,0,0,65535_65535,0,2,143537,543,0,1,0,12,0,28,1,1,pre_allocation
877,1287,normal,0,0,65535_65535,0,2,143537,589,1,1,1,13,589,28,1,1,allocated
877,1287,normal,0,0,65535_65535,0,1,194401,543,0,1,0,13,0,26,1,1,pre_allocation
877,1287,normal,0,0,65535_65535,0,1,194401,586,1,1,1,14,586,26,1,1,allocated
877,1287,normal,0,0,65535_65535,0,5,152904,589,0,1,0,13,0,28,1,1,pre_allocation
877,1287,normal,0,0,65535_65535,0,5,152904,634,1,1,1,14,634,28,1,1,allocated
877,1287,normal,0,0,65535_65535,0,4,149744,589,0,1,0,13,0,28,1,1,pre_allocation
877,1287,normal,0,0,65535_65535,0,4,149744,634,1,1,1,14,634,28,1,1,allocated
877,1287,normal,0,0,65535_65535,0,3,147173,589,0,1,0,13,0,28,1,1,pre_allocation
877,1287,normal,0,0,65535_65535,0,3,147173,634,1,1,1,14,634,28,1,1,allocated
877,1287,normal,0,0,65535_65535,0,2,143537,589,0,1,0,13,0,28,1,1,pre_allocation
877,1287,normal,0,0,65535_65535,0,2,143537,634,1,1,1,14,634,28,1,1,allocated
877,1287,normal,0,0,65535_65535,0,1,194401,586,0,1,0,14,0,26,1,1,pre_allocation
877,1287,normal,0,0,65535_65535,0,1,194401,628,1,1,1,15,628,26,1,1,allocated
877,1287,normal,0,0,65535_65535,1,9,87,0,0,1,0,0,0,28,1,1,pre_allocation
877,1287,normal,0,0,65535_65535,1,9,87,42,1,1,1,1,42,28,1,1,allocated
877,1287,normal,0,0,65535_65535,1,7,87,0,0,1,0,0,0,28,1,1,pre_allocation
877,1287,normal,0,0,65535_65535,1,7,87,42,1,1,1,1,42,28,1,1,allocated
877,1287,normal,0,0,65535_65535,1,10,87,0,0,1,0,0,0,28,1,1,pre_allocation
877,1287,normal,0,0,65535_65535,1,10,87,42,1,1,1,1,42,28,1,1,allocated
877,1287,normal,0,0,65535_65535,1,6,87,0,0,1,0,0,0,28,1,1,pre_allocation
877,1287,normal,0,0,65535_65535,1,6,87,42,1,1,1,1,42,28,1,1,allocated
877,1287,normal,0,0,65535_65535,1,9,87,42,0,1,0,1,0,28,1,1,pre_allocation
877,1287,normal,0,0,65535_65535,1,9,87,88,1,1,1,2,88,28,1,1,allocated
877,1287,normal,0,0,65535_65535,1,7,87,42,0,1,0,1,0,28,1,1,pre_allocation
877,1287,normal,0,0,65535_65535,1,7,87,88,1,1,1,2,88,28,1,1,allocated
877,1287,normal,0,0,65535_65535,1,10,87,42,0,1,0,1,0,28,1,1,pre_allocation
877,1287,normal,0,0,65535_65535,1,10,87,88,1,1,1,2,88,28,1,1,allocated
877,1287,normal,0,0,65535_65535,1,6,87,42,0,1,0,1,0,28,1,1,pre_allocation
877,1287,normal,0,0,65535_65535,1,6,87,88,1,1,1,2,88,28,1,1,allocated
877,1287,normal,0,0,65535_65535,1,9,87,88,0,1,0,2,0,28,1,1,pre_allocation
877,1287,normal,0,0,65535_65535,1,9,87,133,1,1,1,3,133,28,1,1,allocated
877,1287,normal,0,0,65535_65535,1,7,87,88,0,1,0,2,0,28,1,1,pre_allocation
877,1287,normal,0,0,65535_65535,1,7,87,133,1,1,1,3,133,28,1,1,allocated
877,1287,normal,0,0,65535_65535,1,10,87,88,0,1,0,2,0,28,1,1,pre_allocation
877,1287,normal,0,0,65535_65535,1,10,87,133,1,1,1,3,133,28,1,1,allocated
877,1287,normal,0,0,65535_65535,1,6,87,88,0,1,0,2,0,28,1,1,pre_allocation
877,1287,normal,0,0,65535_65535,1,6,87,133,1,1,1,3,133,28,1,1,allocated
877,1287,normal,0,0,65535_65535,1,9,87,133,0,1,0,3,0,28,1,1,pre_allocation
877,1287,normal,0,0,65535_65535,1,9,87,179,1,1,1,4,179,28,1,1,allocated
877,1287,normal,0,0,65535_65535,1,7,87,133,0,1,0,3,0,28,1,1,pre_allocation
877,1287,normal,0,0,65535_65535,1,7,87,179,1,1,1,4,179,28,1,1,allocated
877,1287,normal,0,0,65535_65535,1,10,87,133,0,1,0,3,0,28,1,1,pre_allocation
877,1287,normal,0,0,65535_65535,1,10,87,179,1,1,1,4,179,28,1,1,allocated
877,1287,normal,0,0,65535_65535,1,6,87,133,0,1,0,3,0,28,1,1,pre_allocation
877,1287,normal,0,0,65535_65535,1,6,87,179,1,1,1,4,179,28,1,1,allocated
877,1287,normal,0,0,65535_65535,1,9,87,179,0,1,0,4,0,28,1,1,pre_allocation
877,1287,normal,0,0,65535_65535,1,9,87,224,1,1,1,5,224,28,1,1,allocated
877,1287,normal,0,0,65535_65535,1,7,87,179,0,1,0,4,0,28,1,1,pre_allocation
877,1287,normal,0,0,65535_65535,1,7,87,224,1,1,1,5,224,28,1,1,allocated
877,1287,normal,0,0,65535_65535,1,10,87,179,0,1,0,4,0,28,1,1,pre_allocation
877,1287,normal,0,0,65535_65535,1,10,87,224,1,1,1,5,224,28,1,1,allocated
877,1287,normal,0,0,65535_65535,1,6,87,179,0,1,0,4,0,28,1,1,pre_allocation
877,1287,normal,0,0,65535_65535,1,6,87,224,1,1,1,5,224,28,1,1,allocated
877,1287,normal,0,0,65535_65535,1,9,87,224,0,1,0,5,0,28,1,1,pre_allocation
877,1287,normal,0,0,65535_65535,1,9,87,270,1,1,1,6,270,28,1,1,allocated
877,1287,normal,0,0,65535_65535,1,7,87,224,0,1,0,5,0,28,1,1,pre_allocation
877,1287,normal,0,0,65535_65535,1,7,87,270,1,1,1,6,270,28,1,1,allocated
877,1287,normal,0,0,65535_65535,1,10,87,224,0,1,0,5,0,28,1,1,pre_allocation
877,1287,normal,0,0,65535_65535,1,10,87,270,1,1,1,6,270,28,1,1,allocated
877,1287,normal,0,0,65535_65535,1,6,87,224,0,1,0,5,0,28,1,1,pre_allocation
877,1287,normal,0,0,65535_65535,1,6,87,270,1,1,1,6,270,28,1,1,allocated
877,1287,normal,0,0,65535_65535,1,9,87,270,0,1,0,6,0,28,1,1,pre_allocation
877,1287,normal,0,0,65535_65535,1,9,87,315,1,1,1,7,315,28,1,1,allocated
877,1287,normal,0,0,65535_65535,1,7,87,270,0,1,0,6,0,28,1,1,pre_allocation
877,1287,normal,0,0,65535_65535,1,7,87,315,1,1,1,7,315,28,1,1,allocated
877,1287,normal,0,0,65535_65535,1,10,87,270,0,1,0,6,0,28,1,1,pre_allocation
877,1287,normal,0,0,65535_65535,1,10,87,315,1,1,1,7,315,28,1,1,allocated
877,1287,normal,0,0,65535_65535,1,6,87,270,0,1,0,6,0,28,1,1,pre_allocation
877,1287,normal,0,0,65535_65535,1,6,87,315,1,1,1,7,315,28,1,1,allocated
877,1287,normal,0,0,65535_65535,1,9,87,315,0,1,0,7,0,28,1,1,pre_allocation
877,1287,normal,0,0,65535_65535,1,9,87,361,1,1,1,8,361,28,1,1,allocated
877,1287,normal,0,0,65535_65535,1,7,87,315,0,1,0,7,0,28,1,1,pre_allocation
877,1287,normal,0,0,65535_65535,1,7,87,361,1,1,1,8,361,28,1,1,allocated
877,1287,normal,0,0,65535_65535,1,10,87,315,0,1,0,7,0,28,1,1,pre_allocation
877,1287,normal,0,0,65535_65535,1,10,87,361,1,1,1,8,361,28,1,1,allocated
877,1287,normal,0,0,65535_65535,1,6,87,315,0,1,0,7,0,28,1,1,pre_allocation
877,1287,normal,0,0,65535_65535,1,6,87,361,1,1,1,8,361,28,1,1,allocated
877,1287,normal,0,0,65535_65535,1,9,87,361,0,1,0,8,0,28,1,1,pre_allocation
877,1287,normal,0,0,65535_65535,1,9,87,406,1,1,1,9,406,28,1,1,allocated
877,1287,normal,0,0,65535_65535,1,7,87,361,0,1,0,8,0,28,1,1,pre_allocation
877,1287,normal,0,0,65535_65535,1,7,87,406,1,1,1,9,406,28,1,1,allocated
877,1287,normal,0,0,65535_65535,1,10,87,361,0,1,0,8,0,28,1,1,pre_allocation
877,1287,normal,0,0,65535_65535,1,10,87,406,1,1,1,9,406,28,1,1,allocated
877,1287,normal,0,0,65535_65535,1,6,87,361,0,1,0,8,0,28,1,1,pre_allocation
877,1287,normal,0,0,65535_65535,1,6,87,406,1,1,1,9,406,28,1,1,allocated
877,1287,normal,0,0,65535_65535,1,9,87,406,0,1,0,9,0,28,1,1,pre_allocation
877,1287,normal,0,0,65535_65535,1,9,87,452,1,1,1,10,452,28,1,1,allocated
877,1287,normal,0,0,65535_65535,1,7,87,406,0,1,0,9,0,28,1,1,pre_allocation
877,1287,normal,0,0,65535_65535,1,7,87,452,1,1,1,10,452,28,1,1,allocated
877,1287,normal,0,0,65535_65535,1,10,87,406,0,1,0,9,0,28,1,1,pre_allocation
877,1287,normal,0,0,65535_65535,1,10,87,452,1,1,1,10,452,28,1,1,allocated
877,1287,normal,0,0,65535_65535,1,6,87,406,0,1,0,9,0,28,1,1,pre_allocation
877,1287,normal,0,0,65535_65535,1,6,87,452,1,1,1,10,452,28,1,1,allocated
877,1287,normal,0,0,65535_65535,1,9,87,452,0,1,0,10,0,28,1,1,pre_allocation
877,1287,normal,0,0,65535_65535,1,9,87,497,1,1,1,11,497,28,1,1,allocated
877,1287,normal,0,0,65535_65535,1,7,87,452,0,1,0,10,0,28,1,1,pre_allocation
877,1287,normal,0,0,65535_65535,1,7,87,497,1,1,1,11,497,28,1,1,allocated
877,1287,normal,0,0,65535_65535,1,10,87,452,0,1,0,10,0,28,1,1,pre_allocation
877,1287,normal,0,0,65535_65535,1,10,87,497,1,1,1,11,497,28,1,1,allocated
877,1287,normal,0,0,65535_65535,1,6,87,452,0,1,0,10,0,28,1,1,pre_allocation
877,1287,normal,0,0,65535_65535,1,6,87,497,1,1,1,11,497,28,1,1,allocated
877,1287,normal,0,0,65535_65535,1,9,87,497,0,1,0,11,0,28,1,1,pre_allocation
877,1287,normal,0,0,65535_65535,1,9,87,543,1,1,1,12,543,28,1,1,allocated
877,1287,normal,0,0,65535_65535,1,7,87,497,0,1,0,11,0,28,1,1,pre_allocation
877,1287,normal,0,0,65535_65535,1,7,87,543,1,1,1,12,543,28,1,1,allocated
877,1287,normal,0,0,65535_65535,1,10,87,497,0,1,0,11,0,28,1,1,pre_allocation
877,1287,normal,0,0,65535_65535,1,10,87,543,1,1,1,12,543,28,1,1,allocated
877,1287,normal,0,0,65535_65535,1,6,87,497,0,1,0,11,0,28,1,1,pre_allocation
877,1287,normal,0,0,65535_65535,1,6,87,543,1,1,1,12,543,28,1,1,allocated
877,1287,normal,0,0,65535_65535,1,9,87,543,0,1,0,12,0,28,1,1,pre_allocation
877,1287,normal,0,0,65535_65535,1,9,87,589,1,1,1,13,589,28,1,1,allocated
877,1287,normal,0,0,65535_65535,1,7,87,543,0,1,0,12,0,28,1,1,pre_allocation
877,1287,normal,0,0,65535_65535,1,7,87,589,1,1,1,13,589,28,1,1,allocated
877,1287,normal,0,0,65535_65535,1,10,87,543,0,1,0,12,0,28,1,1,pre_allocation
877,1287,normal,0,0,65535_65535,1,10,87,589,1,1,1,13,589,28,1,1,allocated
877,1287,normal,0,0,65535_65535,1,6,87,543,0,1,0,12,0,28,1,1,pre_allocation
877,1287,normal,0,0,65535_65535,1,6,87,589,1,1,1,13,589,28,1,1,allocated
877,1287,normal,0,0,65535_65535,1,9,87,589,0,1,0,13,0,28,1,1,pre_allocation
877,1287,normal,0,0,65535_65535,1,9,87,634,1,1,1,14,634,28,1,1,allocated
877,1287,normal,0,0,65535_65535,1,7,87,589,0,1,0,13,0,28,1,1,pre_allocation
877,1287,normal,0,0,65535_65535,1,7,87,634,1,1,1,14,634,28,1,1,allocated
877,1287,normal,0,0,65535_65535,1,10,87,589,0,1,0,13,0,28,1,1,pre_allocation
877,1287,normal,0,0,65535_65535,1,10,87,634,1,1,1,14,634,28,1,1,allocated
877,1287,normal,0,0,65535_65535,1,6,87,589,0,1,0,13,0,28,1,1,pre_allocation
877,1287,normal,0,0,65535_65535,1,6,87,634,1,1,1,14,634,28,1,1,allocated
877,1287,normal,0,0,65535_65535,1,9,87,634,0,1,0,14,0,28,1,1,pre_allocation
877,1287,normal,0,0,65535_65535,1,9,87,680,1,1,1,15,680,28,1,1,allocated
877,1287,normal,0,0,65535_65535,1,7,87,634,0,1,0,14,0,28,1,1,pre_allocation
877,1287,normal,0,0,65535_65535,1,7,87,680,1,1,1,15,680,28,1,1,allocated
877,1287,normal,0,0,65535_65535,1,10,87,634,0,1,0,14,0,28,1,1,pre_allocation
877,1287,normal,0,0,65535_65535,1,10,87,680,1,1,1,15,680,28,1,1,allocated
877,1287,normal,0,0,65535_65535,1,6,87,634,0,1,0,14,0,28,1,1,pre_allocation
877,1287,normal,0,0,65535_65535,1,6,87,680,1,1,1,15,680,28,1,1,allocated
877,1287,normal,0,0,65535_65535,1,9,87,680,0,1,0,15,0,28,1,1,pre_allocation
877,1287,normal,0,0,65535_65535,1,9,87,725,1,1,1,16,725,28,1,1,allocated
877,1287,normal,0,0,65535_65535,1,7,87,680,0,1,0,15,0,28,1,1,pre_allocation
877,1287,normal,0,0,65535_65535,1,7,87,725,1,1,1,16,725,28,1,1,allocated
877,1287,normal,0,0,65535_65535,1,10,87,680,0,1,0,15,0,28,1,1,pre_allocation
877,1287,normal,0,0,65535_65535,1,10,87,725,1,1,1,16,725,28,1,1,allocated
877,1287,normal,0,0,65535_65535,1,6,87,680,0,1,0,15,0,28,1,1,pre_allocation
877,1287,normal,0,0,65535_65535,1,6,87,725,1,1,1,16,725,28,1,1,allocated
877,1287,normal,0,0,65535_65535,1,9,87,725,0,1,0,16,0,28,1,1,pre_allocation
877,1287,normal,0,0,65535_65535,1,9,87,771,1,1,1,17,771,28,1,1,allocated
877,1287,normal,0,0,65535_65535,1,7,87,725,0,1,0,16,0,28,1,1,pre_allocation
877,1287,normal,0,0,65535_65535,1,7,87,771,1,1,1,17,771,28,1,1,allocated
877,1287,normal,0,0,65535_65535,1,10,87,725,0,1,0,16,0,28,1,1,pre_allocation
877,1287,normal,0,0,65535_65535,1,10,87,771,1,1,1,17,771,28,1,1,allocated
877,1287,normal,0,0,65535_65535,1,6,87,725,0,1,0,16,0,28,1,1,pre_allocation
877,1287,normal,0,0,65535_65535,1,6,87,771,1,1,1,17,771,28,1,1,allocated
877,1287,normal,0,0,65535_65535,1,9,87,771,0,1,0,17,0,28,1,1,pre_allocation
877,1287,normal,0,0,65535_65535,1,9,87,816,1,1,1,18,816,28,1,1,allocated
877,1287,normal,0,0,65535_65535,1,7,87,771,0,1,0,17,0,28,1,1,pre_allocation
877,1287,normal,0,0,65535_65535,1,7,87,816,1,1,1,18,816,28,1,1,allocated
877,1287,normal,0,0,65535_65535,1,10,87,771,0,1,0,17,0,28,1,1,pre_allocation
877,1287,normal,0,0,65535_65535,1,10,87,816,1,1,1,18,816,28,1,1,allocated
877,1287,normal,0,0,65535_65535,1,6,87,771,0,1,0,17,0,28,1,1,pre_allocation
877,1287,normal,0,0,65535_65535,1,6,87,816,1,1,1,18,816,28,1,1,allocated
877,1287,normal,0,0,65535_65535,1,9,87,816,0,1,0,18,0,28,1,1,pre_allocation
877,1287,normal,0,0,65535_65535,1,9,87,862,1,1,1,19,862,28,1,1,allocated
877,1287,normal,0,0,65535_65535,1,7,87,816,0,1,0,18,0,28,1,1,pre_allocation
877,1287,normal,0,0,65535_65535,1,7,87,862,1,1,1,19,862,28,1,1,allocated
877,1287,normal,0,0,65535_65535,1,10,87,816,0,1,0,18,0,28,1,1,pre_allocation
877,1287,normal,0,0,65535_65535,1,10,87,862,1,1,1,19,862,28,1,1,allocated
877,1287,normal,0,0,65535_65535,1,6,87,816,0,1,0,18,0,28,1,1,pre_allocation
877,1287,normal,0,0,65535_65535,1,6,87,862,1,1,1,19,862,28,1,1,allocated
877,1287,normal,0,0,65535_65535,1,9,87,862,0,1,0,19,0,28,1,1,pre_allocation
877,1287,normal,0,0,65535_65535,1,9,87,907,1,1,1,20,907,28,1,1,allocated
877,1287,normal,0,0,65535_65535,1,7,87,862,0,1,0,19,0,28,1,1,pre_allocation
877,1287,normal,0,0,65535_65535,1,7,87,907,1,1,1,20,907,28,1,1,allocated
877,1287,normal,0,0,65535_65535,1,10,87,862,0,1,0,19,0,28,1,1,pre_allocation
877,1287,normal,0,0,65535_65535,1,10,87,907,1,1,1,20,907,28,1,1,allocated
877,1287,normal,0,0,65535_65535,1,6,87,862,0,1,0,19,0,28,1,1,pre_allocation
877,1287,normal,0,0,65535_65535,1,6,87,907,1,1,1,20,907,28,1,1,allocated
877,1287,normal,0,0,65535_65535,1,9,87,907,0,1,0,20,0,28,1,1,pre_allocation
877,1287,normal,0,0,65535_65535,1,9,87,953,1,1,1,21,953,28,1,1,allocated
877,1287,normal,0,0,65535_65535,1,7,87,907,0,1,0,20,0,28,1,1,pre_allocation
877,1287,normal,0,0,65535_65535,1,7,87,953,1,1,1,21,953,28,1,1,allocated
877,1287,normal,0,0,65535_65535,1,10,87,907,0,1,0,20,0,28,1,1,pre_allocation
877,1287,normal,0,0,65535_65535,1,10,87,953,1,1,1,21,953,28,1,1,allocated
877,1287,normal,0,0,65535_65535,1,6,87,907,0,1,0,20,0,28,1,1,pre_allocation
877,1287,normal,0,0,65535_65535,1,6,87,953,1,1,1,21,953,28,1,1,allocated
877,1287,normal,0,0,65535_65535,1,9,87,953,0,1,0,21,0,28,1,1,pre_allocation
877,1287,normal,0,0,65535_65535,1,9,87,998,1,1,1,22,998,28,1,1,allocated
877,1287,normal,0,0,65535_65535,1,7,87,953,0,1,0,21,0,28,1,1,pre_allocation
877,1287,normal,0,0,65535_65535,1,7,87,998,1,1,1,22,998,28,1,1,allocated
877,1287,normal,0,0,65535_65535,1,10,87,953,0,1,0,21,0,28,1,1,pre_allocation
877,1287,normal,0,0,65535_65535,1,10,87,998,1,1,1,22,998,28,1,1,allocated
877,1287,normal,0,0,65535_65535,1,6,87,953,0,1,0,21,0,28,1,1,pre_allocation
877,1287,normal,0,0,65535_65535,1,6,87,998,1,1,1,22,998,28,1,1,allocated
877,1287,normal,0,0,65535_65535,1,9,87,998,0,1,0,22,0,28,1,1,pre_allocation
877,1287,normal,0,0,65535_65535,1,9,87,1044,1,1,1,23,1044,28,1,1,allocated
877,1287,normal,0,0,65535_65535,1,7,87,998,0,1,0,22,0,28,1,1,pre_allocation
877,1287,normal,0,0,65535_65535,1,7,87,1044,1,1,1,23,1044,28,1,1,allocated
877,1287,normal,0,0,65535_65535,1,10,87,998,0,1,0,22,0,28,1,1,pre_allocation
877,1287,normal,0,0,65535_65535,1,10,87,1044,1,1,1,23,1044,28,1,1,allocated
877,1287,normal,0,0,65535_65535,1,6,87,998,0,1,0,22,0,28,1,1,pre_allocation
877,1287,normal,0,0,65535_65535,1,6,87,1044,1,1,1,23,1044,28,1,1,allocated
877,1287,normal,0,0,65535_65535,1,9,87,1044,0,1,0,23,0,28,1,1,pre_allocation
877,1287,normal,0,0,65535_65535,1,9,87,1089,1,1,1,24,1089,28,1,1,allocated
877,1287,normal,0,0,65535_65535,1,7,87,1044,0,1,0,23,0,28,1,1,pre_allocation
877,1287,normal,0,0,65535_65535,1,7,87,1089,1,1,1,24,1089,28,1,1,allocated
877,1287,normal,0,0,65535_65535,1,10,87,1044,0,1,0,23,0,28,1,1,pre_allocation
877,1287,normal,0,0,65535_65535,1,10,87,1089,1,1,1,24,1089,28,1,1,allocated
877,1287,normal,0,0,65535_65535,1,6,87,1044,0,1,0,23,0,28,1,1,pre_allocation
877,1287,normal,0,0,65535_65535,1,6,87,1089,1,1,1,24,1089,28,1,1,allocated
877,1287,normal,0,0,65535_65535,1,9,87,1089,0,1,0,24,0,28,1,1,pre_allocation
877,1287,normal,0,0,65535_65535,1,9,87,1135,1,1,1,25,1135,28,1,1,allocated
877,1287,normal,0,0,65535_65535,1,7,87,1089,0,1,0,24,0,28,1,1,pre_allocation
877,1287,normal,0,0,65535_65535,1,7,87,1135,1,1,1,25,1135,28,1,1,allocated
877,1287,normal,0,0,65535_65535,1,10,87,1089,0,1,0,24,0,28,1,1,pre_allocation
877,1287,normal,0,0,65535_65535,1,10,87,1135,1,1,1,25,1135,28,1,1,allocated
877,1287,normal,0,0,65535_65535,1,6,87,1089,0,1,0,24,0,28,1,1,pre_allocation
877,1287,normal,0,0,65535_65535,1,6,87,1135,1,1,1,25,1135,28,1,1,allocated
877,1287,normal,0,0,65535_65535,1,9,87,1135,0,1,0,25,0,28,1,1,pre_allocation
877,1287,normal,0,0,65535_65535,1,9,87,1181,1,1,1,26,1181,28,1,1,allocated
877,1287,normal,0,0,65535_65535,1,7,87,1135,0,1,0,25,0,28,1,1,pre_allocation
877,1287,normal,0,0,65535_65535,1,7,87,1181,1,1,1,26,1181,28,1,1,allocated
877,1287,normal,0,0,65535_65535,1,10,87,1135,0,1,0,25,0,28,1,1,pre_allocation
877,1287,normal,0,0,65535_65535,1,10,87,1181,1,1,1,26,1181,28,1,1,allocated
877,1287,normal,0,0,65535_65535,1,6,87,1135,0,1,0,25,0,28,1,1,pre_allocation
877,1287,normal,0,0,65535_65535,1,6,87,1181,1,1,1,26,1181,28,1,1,allocated
877,1287,normal,0,0,65535_65535,1,9,87,1181,0,1,0,26,0,28,1,1,pre_allocation
877,1287,normal,0,0,65535_65535,1,9,87,1226,1,1,1,27,1226,28,1,1,allocated
877,1287,normal,0,0,65535_65535,1,7,87,1181,0,1,0,26,0,28,1,1,pre_allocation
877,1287,normal,0,0,65535_65535,1,7,87,1226,1,1,1,27,1226,28,1,1,allocated
877,1287,normal,0,0,65535_65535,2,12,137,0,0,1,0,0,0,28,1,1,pre_allocation
877,1287,normal,0,0,65535_65535,2,12,137,42,1,1,1,1,42,28,1,1,allocated
877,1287,normal,0,0,65535_65535,2,21,137,0,0,1,0,0,0,28,1,1,pre_allocation
877,1287,normal,0,0,65535_65535,2,21,137,42,1,1,1,1,42,28,1,1,allocated
877,1287,normal,0,0,65535_65535,2,22,137,0,0,1,0,0,0,28,1,1,pre_allocation
877,1287,normal,0,0,65535_65535,2,22,137,42,1,1,1,1,42,28,1,1,allocated
877,1287,normal,0,0,65535_65535,2,11,137,0,0,1,0,0,0,28,1,1,pre_allocation
877,1287,normal,0,0,65535_65535,2,11,137,42,1,1,1,1,42,28,1,1,allocated
877,1287,normal,0,0,65535_65535,2,24,137,0,0,1,0,0,0,28,1,1,pre_allocation
877,1287,normal,0,0,65535_65535,2,24,137,42,1,1,1,1,42,28,1,1,allocated
877,1287,normal,0,0,65535_65535,2,25,137,0,0,1,0,0,0,28,1,1,pre_allocation
877,1287,normal,0,0,65535_65535,2,25,137,42,1,1,1,1,42,28,1,1,allocated
877,1287,normal,0,0,65535_65535,2,28,137,0,0,1,0,0,0,28,1,1,pre_allocation
877,1287,normal,0,0,65535_65535,2,28,137,42,1,1,1,1,42,28,1,1,allocated
877,1287,normal,0,0,65535_65535,2,27,137,0,0,1,0,0,0,28,1,1,pre_allocation
877,1287,normal,0,0,65535_65535,2,27,137,42,1,1,1,1,42,28,1,1,allocated
877,1287,normal,0,0,65535_65535,2,12,137,42,0,1,0,1,0,28,1,1,pre_allocation
877,1287,normal,0,0,65535_65535,2,12,137,88,1,1,1,2,88,28,1,1,allocated
877,1287,normal,0,0,65535_65535,2,21,137,42,0,1,0,1,0,28,1,1,pre_allocation
877,1287,normal,0,0,65535_65535,2,21,137,88,1,1,1,2,88,28,1,1,allocated
877,1287,normal,0,0,65535_65535,2,22,137,42,0,1,0,1,0,28,1,1,pre_allocation
877,1287,normal,0,0,65535_65535,2,22,137,88,1,1,1,2,88,28,1,1,allocated
877,1287,normal,0,0,65535_65535,2,11,137,42,0,1,0,1,0,28,1,1,pre_allocation
877,1287,normal,0,0,65535_65535,2,11,137,88,1,1,1,2,88,28,1,1,allocated
877,1287,normal,0,0,65535_65535,2,24,137,42,0,1,0,1,0,28,1,1,pre_allocation
877,1287,normal,0,0,65535_65535,2,24,137,88,1,1,1,2,88,28,1,1,allocated
877,1287,normal,0,0,65535_65535,2,25,137,42,0,1,0,1,0,28,1,1,pre_allocation
877,1287,normal,0,0,65535_65535,2,25,137,88,1,1,1,2,88,28,1,1,allocated
877,1287,normal,0,0,65535_65535,2,28,137,42,0,1,0,1,0,28,1,1,pre_allocation
877,1287,normal,0,0,65535_65535,2,28,137,88,1,1,1,2,88,28,1,1,allocated
877,1287,normal,0,0,65535_65535,2,27,137,42,0,1,0,1,0,28,1,1,pre_allocation
877,1287,normal,0,0,65535_65535,2,27,137,88,1,1,1,2,88,28,1,1,allocated
877,1287,normal,0,0,65535_65535,2,12,137,88,0,1,0,2,0,28,1,1,pre_allocation
877,1287,normal,0,0,65535_65535,2,12,137,133,1,1,1,3,133,28,1,1,allocated
877,1287,normal,0,0,65535_65535,2,21,137,88,0,1,0,2,0,28,1,1,pre_allocation
877,1287,normal,0,0,65535_65535,2,21,137,133,1,1,1,3,133,28,1,1,allocated
877,1287,normal,0,0,65535_65535,2,22,137,88,0,1,0,2,0,28,1,1,pre_allocation
877,1287,normal,0,0,65535_65535,2,22,137,133,1,1,1,3,133,28,1,1,allocated
877,1287,normal,0,0,65535_65535,2,11,137,88,0,1,0,2,0,28,1,1,pre_allocation
877,1287,normal,0,0,65535_65535,2,11,137,133,1,1,1,3,133,28,1,1,allocated
877,1287,normal,0,0,65535_65535,2,24,137,88,0,1,0,2,0,28,1,1,pre_allocation
877,1287,normal,0,0,65535_65535,2,24,137,133,1,1,1,3,133,28,1,1,allocated
877,1287,normal,0,0,65535_65535,2,25,137,88,0,1,0,2,0,28,1,1,pre_allocation
877,1287,normal,0,0,65535_65535,2,25,137,133,1,1,1,3,133,28,1,1,allocated
877,1287,normal,0,0,65535_65535,2,28,137,88,0,1,0,2,0,28,1,1,pre_allocation
877,1287,normal,0,0,65535_65535,2,28,137,133,1,1,1,3,133,28,1,1,allocated
877,1287,normal,0,0,65535_65535,2,27,137,88,0,1,0,2,0,28,1,1,pre_allocation
877,1287,normal,0,0,65535_65535,2,27,137,133,1,1,1,3,133,28,1,1,allocated
877,1287,normal,0,0,65535_65535,2,12,137,133,0,1,0,3,0,28,1,1,pre_allocation
877,1287,normal,0,0,65535_65535,2,12,137,179,1,1,1,4,179,28,1,1,allocated
877,1287,normal,0,0,65535_65535,2,21,137,133,0,1,0,3,0,28,1,1,pre_allocation
877,1287,normal,0,0,65535_65535,2,21,137,179,1,1,1,4,179,28,1,1,allocated
877,1287,normal,0,0,65535_65535,2,22,137,133,0,1,0,3,0,28,1,1,pre_allocation
877,1287,normal,0,0,65535_65535,2,22,137,179,1,1,1,4,179,28,1,1,allocated
877,1287,normal,0,0,65535_65535,2,11,137,133,0,1,0,3,0,28,1,1,pre_allocation
877,1287,normal,0,0,65535_65535,2,11,137,179,1,1,1,4,179,28,1,1,allocated
877,1287,normal,0,0,65535_65535,2,24,137,133,0,1,0,3,0,28,1,1,pre_allocation
877,1287,normal,0,0,65535_65535,2,24,137,179,1,1,1,4,179,28,1,1,allocated
877,1287,normal,0,0,65535_65535,2,25,137,133,0,1,0,3,0,28,1,1,pre_allocation
877,1287,normal,0,0,65535_65535,2,25,137,179,1,1,1,4,179,28,1,1,allocated
877,1287,normal,0,0,65535_65535,2,28,137,133,0,1,0,3,0,28,1,1,pre_allocation
877,1287,normal,0,0,65535_65535,2,28,137,179,1,1,1,4,179,28,1,1,allocated
877,1287,normal,0,0,65535_65535,2,27,137,133,0,1,0,3,0,28,1,1,pre_allocation
877,1287,normal,0,0,65535_65535,2,27,137,179,1,1,1,4,179,28,1,1,allocated
877,1287,normal,0,0,65535_65535,2,12,137,179,0,1,0,4,0,28,1,1,pre_allocation
877,1287,normal,0,0,65535_65535,2,12,137,224,1,1,1,5,224,28,1,1,allocated
877,1287,normal,0,0,65535_65535,2,21,137,179,0,1,0,4,0,28,1,1,pre_allocation
877,1287,normal,0,0,65535_65535,2,21,137,224,1,1,1,5,224,28,1,1,allocated
877,1287,normal,0,0,65535_65535,2,22,137,179,0,1,0,4,0,28,1,1,pre_allocation
877,1287,normal,0,0,65535_65535,2,22,137,224,1,1,1,5,224,28,1,1,allocated
877,1287,normal,0,0,65535_65535,2,11,137,179,0,1,0,4,0,28,1,1,pre_allocation
877,1287,normal,0,0,65535_65535,2,11,137,224,1,1,1,5,224,28,1,1,allocated
877,1287,normal,0,0,65535_65535,2,24,137,179,0,1,0,4,0,28,1,1,pre_allocation
877,1287,normal,0,0,65535_65535,2,24,137,224,1,1,1,5,224,28,1,1,allocated
877,1287,normal,0,0,65535_65535,2,25,137,179,0,1,0,4,0,28,1,1,pre_allocation
877,1287,normal,0,0,65535_65535,2,25,137,224,1,1,1,5,224,28,1,1,allocated
877,1287,normal,0,0,65535_65535,2,28,137,179,0,1,0,4,0,28,1,1,pre_allocation
877,1287,normal,0,0,65535_65535,2,28,137,224,1,1,1,5,224,28,1,1,allocated
877,1287,normal,0,0,65535_65535,2,27,137,179,0,1,0,4,0,28,1,1,pre_allocation
877,1287,normal,0,0,65535_65535,2,27,137,224,1,1,1,5,224,28,1,1,allocated
877,1287,normal,0,0,65535_65535,2,12,137,224,0,1,0,5,0,28,1,1,pre_allocation
877,1287,normal,0,0,65535_65535,2,12,137,270,1,1,1,6,270,28,1,1,allocated
877,1287,normal,0,0,65535_65535,2,21,137,224,0,1,0,5,0,28,1,1,pre_allocation
877,1287,normal,0,0,65535_65535,2,21,137,270,1,1,1,6,270,28,1,1,allocated
877,1287,normal,0,0,65535_65535,2,22,137,224,0,1,0,5,0,28,1,1,pre_allocation
877,1287,normal,0,0,65535_65535,2,22,137,270,1,1,1,6,270,28,1,1,allocated
877,1287,normal,0,0,65535_65535,2,11,137,224,0,1,0,5,0,28,1,1,pre_allocation
877,1287,normal,0,0,65535_65535,2,11,137,270,1,1,1,6,270,28,1,1,allocated
877,1287,normal,0,0,65535_65535,2,24,137,224,0,1,0,5,0,28,1,1,pre_allocation
877,1287,normal,0,0,65535_65535,2,24,137,270,1,1,1,6,270,28,1,1,allocated
877,1287,normal,0,0,65535_65535,2,25,137,224,0,1,0,5,0,28,1,1,pre_allocation
877,1287,normal,0,0,65535_65535,2,25,137,270,1,1,1,6,270,28,1,1,allocated
877,1287,normal,0,0,65535_65535,2,28,137,224,0,1,0,5,0,28,1,1,pre_allocation
877,1287,normal,0,0,65535_65535,2,28,137,270,1,1,1,6,270,28,1,1,allocated
877,1287,normal,0,0,65535_65535,2,27,137,224,0,1,0,5,0,28,1,1,pre_allocation
877,1287,normal,0,0,65535_65535,2,27,137,270,1,1,1,6,270,28,1,1,allocated
877,1287,normal,0,0,65535_65535,2,12,137,270,0,1,0,6,0,28,1,1,pre_allocation
877,1287,normal,0,0,65535_65535,2,12,137,315,1,1,1,7,315,28,1,1,allocated
877,1287,normal,0,0,65535_65535,2,21,137,270,0,1,0,6,0,28,1,1,pre_allocation
877,1287,normal,0,0,65535_65535,2,21,137,315,1,1,1,7,315,28,1,1,allocated
877,1287,normal,0,0,65535_65535,2,22,137,270,0,1,0,6,0,28,1,1,pre_allocation
877,1287,normal,0,0,65535_65535,2,22,137,315,1,1,1,7,315,28,1,1,allocated
877,1287,normal,0,0,65535_65535,2,11,137,270,0,1,0,6,0,28,1,1,pre_allocation
877,1287,normal,0,0,65535_65535,2,11,137,315,1,1,1,7,315,28,1,1,allocated
877,1287,normal,0,0,65535_65535,2,24,137,270,0,1,0,6,0,28,1,1,pre_allocation
877,1287,normal,0,0,65535_65535,2,24,137,315,1,1,1,7,315,28,1,1,allocated
877,1287,normal,0,0,65535_65535,2,25,137,270,0,1,0,6,0,28,1,1,pre_allocation
877,1287,normal,0,0,65535_65535,2,25,137,315,1,1,1,7,315,28,1,1,allocated
877,1287,normal,0,0,65535_65535,2,28,137,270,0,1,0,6,0,28,1,1,pre_allocation
877,1287,normal,0,0,65535_65535,2,28,137,315,1,1,1,7,315,28,1,1,allocated
877,1287,normal,0,0,65535_65535,2,27,137,270,0,1,0,6,0,28,1,1,pre_allocation
877,1287,normal,0,0,65535_65535,2,27,137,315,1,1,1,7,315,28,1,1,allocated
877,1287,normal,0,0,65535_65535,2,12,137,315,0,1,0,7,0,28,1,1,pre_allocation
877,1287,normal,0,0,65535_65535,2,12,137,361,1,1,1,8,361,28,1,1,allocated
877,1287,normal,0,0,65535_65535,2,21,137,315,0,1,0,7,0,28,1,1,pre_allocation
877,1287,normal,0,0,65535_65535,2,21,137,361,1,1,1,8,361,28,1,1,allocated
877,1287,normal,0,0,65535_65535,2,22,137,315,0,1,0,7,0,28,1,1,pre_allocation
877,1287,normal,0,0,65535_65535,2,22,137,361,1,1,1,8,361,28,1,1,allocated
877,1287,normal,0,0,65535_65535,2,11,137,315,0,1,0,7,0,28,1,1,pre_allocation
877,1287,normal,0,0,65535_65535,2,11,137,361,1,1,1,8,361,28,1,1,allocated
877,1287,normal,0,0,65535_65535,2,24,137,315,0,1,0,7,0,28,1,1,pre_allocation
877,1287,normal,0,0,65535_65535,2,24,137,361,1,1,1,8,361,28,1,1,allocated
877,1287,normal,0,0,65535_65535,2,25,137,315,0,1,0,7,0,28,1,1,pre_allocation
877,1287,normal,0,0,65535_65535,2,25,137,361,1,1,1,8,361,28,1,1,allocated
877,1287,normal,0,0,65535_65535,2,28,137,315,0,1,0,7,0,28,1,1,pre_allocation
877,1287,normal,0,0,65535_65535,2,28,137,361,1,1,1,8,361,28,1,1,allocated
877,1287,normal,0,0,65535_65535,2,27,137,315,0,1,0,7,0,28,1,1,pre_allocation
877,1287,normal,0,0,65535_65535,2,27,137,361,1,1,1,8,361,28,1,1,allocated
877,1287,normal,0,0,65535_65535,2,12,137,361,0,1,0,8,0,28,1,1,pre_allocation
877,1287,normal,0,0,65535_65535,2,12,137,406,1,1,1,9,406,28,1,1,allocated
877,1287,normal,0,0,65535_65535,2,21,137,361,0,1,0,8,0,28,1,1,pre_allocation
877,1287,normal,0,0,65535_65535,2,21,137,406,1,1,1,9,406,28,1,1,allocated
877,1287,normal,0,0,65535_65535,2,22,137,361,0,1,0,8,0,28,1,1,pre_allocation
877,1287,normal,0,0,65535_65535,2,22,137,406,1,1,1,9,406,28,1,1,allocated
877,1287,normal,0,0,65535_65535,2,11,137,361,0,1,0,8,0,28,1,1,pre_allocation
877,1287,normal,0,0,65535_65535,2,11,137,406,1,1,1,9,406,28,1,1,allocated
877,1287,normal,0,0,65535_65535,2,24,137,361,0,1,0,8,0,28,1,1,pre_allocation
877,1287,normal,0,0,65535_65535,2,24,137,406,1,1,1,9,406,28,1,1,allocated
877,1287,normal,0,0,65535_65535,2,25,137,361,0,1,0,8,0,28,1,1,pre_allocation
877,1287,normal,0,0,65535_65535,2,25,137,406,1,1,1,9,406,28,1,1,allocated
877,1287,normal,0,0,65535_65535,2,28,137,361,0,1,0,8,0,28,1,1,pre_allocation
877,1287,normal,0,0,65535_65535,2,28,137,406,1,1,1,9,406,28,1,1,allocated
877,1287,normal,0,0,65535_65535,2,27,137,361,0,1,0,8,0,28,1,1,pre_allocation
877,1287,normal,0,0,65535_65535,2,27,137,406,1,1,1,9,406,28,1,1,allocated
877,1287,normal,0,0,65535_65535,2,12,137,406,0,1,0,9,0,28,1,1,pre_allocation
877,1287,normal,0,0,65535_65535,2,12,137,452,1,1,1,10,452,28,1,1,allocated
877,1287,normal,0,0,65535_65535,2,21,137,406,0,1,0,9,0,28,1,1,pre_allocation
877,1287,normal,0,0,65535_65535,2,21,137,452,1,1,1,10,452,28,1,1,allocated
877,1287,normal,0,0,65535_65535,2,22,137,406,0,1,0,9,0,28,1,1,pre_allocation
877,1287,normal,0,0,65535_65535,2,22,137,452,1,1,1,10,452,28,1,1,allocated
877,1287,normal,0,0,65535_65535,2,11,137,406,0,1,0,9,0,28,1,1,pre_allocation
877,1287,normal,0,0,65535_65535,2,11,137,452,1,1,1,10,452,28,1,1,allocated
877,1287,normal,0,0,65535_65535,2,24,137,406,0,1,0,9,0,28,1,1,pre_allocation
877,1287,normal,0,0,65535_65535,2,24,137,452,1,1,1,10,452,28,1,1,allocated
877,1287,normal,0,0,65535_65535,2,25,137,406,0,1,0,9,0,28,1,1,pre_allocation
877,1287,normal,0,0,65535_65535,2,25,137,452,1,1,1,10,452,28,1,1,allocated
877,1287,normal,0,0,65535_65535,2,28,137,406,0,1,0,9,0,28,1,1,pre_allocation
877,1287,normal,0,0,65535_65535,2,28,137,452,1,1,1,10,452,28,1,1,allocated
877,1287,normal,0,0,65535_65535,2,27,137,406,0,1,0,9,0,28,1,1,pre_allocation
877,1287,normal,0,0,65535_65535,2,27,137,452,1,1,1,10,452,28,1,1,allocated
877,1287,normal,0,0,65535_65535,2,12,137,452,0,1,0,10,0,28,1,1,pre_allocation
877,1287,normal,0,0,65535_65535,2,12,137,497,1,1,1,11,497,28,1,1,allocated
877,1287,normal,0,0,65535_65535,2,21,137,452,0,1,0,10,0,28,1,1,pre_allocation
877,1287,normal,0,0,65535_65535,2,21,137,497,1,1,1,11,497,28,1,1,allocated
877,1287,normal,0,0,65535_65535,2,22,137,452,0,1,0,10,0,28,1,1,pre_allocation
877,1287,normal,0,0,65535_65535,2,22,137,497,1,1,1,11,497,28,1,1,allocated
877,1287,normal,0,0,65535_65535,2,11,137,452,0,1,0,10,0,28,1,1,pre_allocation
877,1287,normal,0,0,65535_65535,2,11,137,497,1,1,1,11,497,28,1,1,allocated
877,1287,normal,0,0,65535_65535,2,24,137,452,0,1,0,10,0,28,1,1,pre_allocation
877,1287,normal,0,0,65535_65535,2,24,137,497,1,1,1,11,497,28,1,1,allocated
877,1287,normal,0,0,65535_65535,2,25,137,452,0,1,0,10,0,28,1,1,pre_allocation
877,1287,normal,0,0,65535_65535,2,25,137,497,1,1,1,11,497,28,1,1,allocated
877,1287,normal,0,0,65535_65535,2,28,137,452,0,1,0,10,0,28,1,1,pre_allocation
877,1287,normal,0,0,65535_65535,2,28,137,497,1,1,1,11,497,28,1,1,allocated
877,1287,normal,0,0,65535_65535,2,27,137,452,0,1,0,10,0,28,1,1,pre_allocation
877,1287,normal,0,0,65535_65535,2,27,137,497,1,1,1,11,497,28,1,1,allocated
877,1287,normal,0,0,65535_65535,2,12,137,497,0,1,0,11,0,28,1,1,pre_allocation
877,1287,normal,0,0,65535_65535,2,12,137,543,1,1,1,12,543,28,1,1,allocated
989,1385,normal,0,0,65535_65535,0,1,193399,0,0,1,0,0,0,28,1,1,pre_allocation
989,1385,normal,0,0,65535_65535,0,1,193399,42,1,1,1,1,42,28,1,1,allocated
989,1385,normal,0,0,65535_65535,0,2,135406,0,0,1,0,0,0,28,1,1,pre_allocation
989,1385,normal,0,0,65535_65535,0,2,135406,42,1,1,1,1,42,28,1,1,allocated
989,1385,normal,0,0,65535_65535,0,3,139091,0,0,1,0,0,0,28,1,1,pre_allocation
989,1385,normal,0,0,65535_65535,0,3,139091,42,1,1,1,1,42,28,1,1,allocated
989,1385,normal,0,0,65535_65535,0,4,141653,0,0,1,0,0,0,28,1,1,pre_allocation
989,1385,normal,0,0,65535_65535,0,4,141653,42,1,1,1,1,42,28,1,1,allocated
989,1385,normal,0,0,65535_65535,0,5,145516,0,0,1,0,0,0,28,1,1,pre_allocation
989,1385,normal,0,0,65535_65535,0,5,145516,42,1,1,1,1,42,28,1,1,allocated
989,1385,normal,0,0,65535_65535,0,1,193399,42,0,1,0,1,0,28,1,1,pre_allocation
989,1385,normal,0,0,65535_65535,0,1,193399,88,1,1,1,2,88,28,1,1,allocated
989,1385,normal,0,0,65535_65535,0,2,135406,42,0,1,0,1,0,28,1,1,pre_allocation
989,1385,normal,0,0,65535_65535,0,2,135406,88,1,1,1,2,88,28,1,1,allocated
989,1385,normal,0,0,65535_65535,0,3,139091,42,0,1,0,1,0,28,1,1,pre_allocation
989,1385,normal,0,0,65535_65535,0,3,139091,88,1,1,1,2,88,28,1,1,allocated
989,1385,normal,0,0,65535_65535,0,4,141653,42,0,1,0,1,0,28,1,1,pre_allocation
989,1385,normal,0,0,65535_65535,0,4,141653,88,1,1,1,2,88,28,1,1,allocated
989,1385,normal,0,0,65535_65535,0,5,145516,42,0,1,0,1,0,28,1,1,pre_allocation
989,1385,normal,0,0,65535_65535,0,5,145516,88,1,1,1,2,88,28,1,1,allocated
989,1385,normal,0,0,65535_65535,0,1,193399,88,0,1,0,2,0,28,1,1,pre_allocation
989,1385,normal,0,0,65535_65535,0,1,193399,133,1,1,1,3,133,28,1,1,allocated
989,1385,normal,0,0,65535_65535,0,2,135406,88,0,1,0,2,0,28,1,1,pre_allocation
989,1385,normal,0,0,65535_65535,0,2,135406,133,1,1,1,3,133,28,1,1,allocated
989,1385,normal,0,0,65535_65535,0,3,139091,88,0,1,0,2,0,28,1,1,pre_allocation
989,1385,normal,0,0,65535_65535,0,3,139091,133,1,1,1,3,133,28,1,1,allocated
989,1385,normal,0,0,65535_65535,0,4,141653,88,0,1,0,2,0,28,1,1,pre_allocation
989,1385,normal,0,0,65535_65535,0,4,141653,133,1,1,1,3,133,28,1,1,allocated
989,1385,normal,0,0,65535_65535,0,5,145516,88,0,1,0,2,0,28,1,1,pre_allocation
989,1385,normal,0,0,65535_65535,0,5,145516,133,1,1,1,3,133,28,1,1,allocated
989,1385,normal,0,0,65535_65535,0,1,193399,133,0,1,0,3,0,28,1,1,pre_allocation
989,1385,normal,0,0,65535_65535,0,1,193399,179,1,1,1,4,179,28,1,1,allocated
989,1385,normal,0,0,65535_65535,0,2,135406,133,0,1,0,3,0,28,1,1,pre_allocation
989,1385,normal,0,0,65535_65535,0,2,135406,179,1,1,1,4,179,28,1,1,allocated
989,1385,normal,0,0,65535_65535,0,3,139091,133,0,1,0,3,0,28,1,1,pre_allocation
989,1385,normal,0,0,65535_65535,0,3,139091,179,1,1,1,4,179,28,1,1,allocated
989,1385,normal,0,0,65535_65535,0,4,141653,133,0,1,0,3,0,28,1,1,pre_allocation
989,1385,normal,0,0,65535_65535,0,4,141653,179,1,1,1,4,179,28,1,1,allocated
989,1385,normal,0,0,65535_65535,0,5,145516,133,0,1,0,3,0,28,1,1,pre_allocation
989,1385,normal,0,0,65535_65535,0,5,145516,179,1,1,1,4,179,28,1,1,allocated
989,1385,normal,0,0,65535_65535,0,1,193399,179,0,1,0,4,0,28,1,1,pre_allocation
989,1385,normal,0,0,65535_65535,0,1,193399,224,1,1,1,5,224,28,1,1,allocated
989,1385,normal,0,0,65535_65535,0,2,135406,179,0,1,0,4,0,28,1,1,pre_allocation
989,1385,normal,0,0,65535_65535,0,2,135406,224,1,1,1,5,224,28,1,1,allocated
989,1385,normal,0,0,65535_65535,0,3,139091,179,0,1,0,4,0,28,1,1,pre_allocation
989,1385,normal,0,0,65535_65535,0,3,139091,224,1,1,1,5,224,28,1,1,allocated
989,1385,normal,0,0,65535_65535,0,4,141653,179,0,1,0,4,0,28,1,1,pre_allocation
989,1385,normal,0,0,65535_65535,0,4,141653,224,1,1,1,5,224,28,1,1,allocated
989,1385,normal,0,0,65535_65535,0,5,145516,179,0,1,0,4,0,28,1,1,pre_allocation
989,1385,normal,0,0,65535_65535,0,5,145516,224,1,1,1,5,224,28,1,1,allocated
989,1385,normal,0,0,65535_65535,0,1,193399,224,0,1,0,5,0,28,1,1,pre_allocation
989,1385,normal,0,0,65535_65535,0,1,193399,270,1,1,1,6,270,28,1,1,allocated
989,1385,normal,0,0,65535_65535,0,2,135406,224,0,1,0,5,0,28,1,1,pre_allocation
989,1385,normal,0,0,65535_65535,0,2,135406,270,1,1,1,6,270,28,1,1,allocated
989,1385,normal,0,0,65535_65535,0,3,139091,224,0,1,0,5,0,28,1,1,pre_allocation
989,1385,normal,0,0,65535_65535,0,3,139091,270,1,1,1,6,270,28,1,1,allocated
989,1385,normal,0,0,65535_65535,0,4,141653,224,0,1,0,5,0,28,1,1,pre_allocation
989,1385,normal,0,0,65535_65535,0,4,141653,270,1,1,1,6,270,28,1,1,allocated
989,1385,normal,0,0,65535_65535,0,5,145516,224,0,1,0,5,0,28,1,1,pre_allocation
989,1385,normal,0,0,65535_65535,0,5,145516,270,1,1,1,6,270,28,1,1,allocated
989,1385,normal,0,0,65535_65535,0,1,193399,270,0,1,0,6,0,28,1,1,pre_allocation
989,1385,normal,0,0,65535_65535,0,1,193399,315,1,1,1,7,315,28,1,1,allocated
989,1385,normal,0,0,65535_65535,0,2,135406,270,0,1,0,6,0,28,1,1,pre_allocation
989,1385,normal,0,0,65535_65535,0,2,135406,315,1,1,1,7,315,28,1,1,allocated
989,1385,normal,0,0,65535_65535,0,3,139091,270,0,1,0,6,0,28,1,1,pre_allocation
989,1385,normal,0,0,65535_65535,0,3,139091,315,1,1,1,7,315,28,1,1,allocated
989,1385,normal,0,0,65535_65535,0,4,141653,270,0,1,0,6,0,28,1,1,pre_allocation
989,1385,normal,0,0,65535_65535,0,4,141653,315,1,1,1,7,315,28,1,1,allocated
989,1385,normal,0,0,65535_65535,0,5,145516,270,0,1,0,6,0,28,1,1,pre_allocation
989,1385,normal,0,0,65535_65535,0,5,145516,315,1,1,1,7,315,28,1,1,allocated
989,1385,normal,0,0,65535_65535,0,1,193399,315,0,1,0,7,0,28,1,1,pre_allocation
989,1385,normal,0,0,65535_65535,0,1,193399,361,1,1,1,8,361,28,1,1,allocated
989,1385,normal,0,0,65535_65535,0,2,135406,315,0,1,0,7,0,28,1,1,pre_allocation
989,1385,normal,0,0,65535_65535,0,2,135406,361,1,1,1,8,361,28,1,1,allocated
989,1385,normal,0,0,65535_65535,0,3,139091,315,0,1,0,7,0,28,1,1,pre_allocation
989,1385,normal,0,0,65535_65535,0,3,139091,361,1,1,1,8,361,28,1,1,allocated
989,1385,normal,0,0,65535_65535,0,4,141653,315,0,1,0,7,0,28,1,1,pre_allocation
989,1385,normal,0,0,65535_65535,0,4,141653,361,1,1,1,8,361,28,1,1,allocated
989,1385,normal,0,0,65535_65535,0,5,145516,315,0,1,0,7,0,28,1,1,pre_allocation
989,1385,normal,0,0,65535_65535,0,5,145516,361,1,1,1,8,361,28,1,1,allocated
989,1385,normal,0,0,65535_65535,0,1,193399,361,0,1,0,8,0,28,1,1,pre_allocation
989,1385,normal,0,0,65535_65535,0,1,193399,406,1,1,1,9,406,28,1,1,allocated
989,1385,normal,0,0,65535_65535,0,2,135406,361,0,1,0,8,0,28,1,1,pre_allocation
989,1385,normal,0,0,65535_65535,0,2,135406,406,1,1,1,9,406,28,1,1,allocated
989,1385,normal,0,0,65535_65535,0,3,139091,361,0,1,0,8,0,28,1,1,pre_allocation
989,1385,normal,0,0,65535_65535,0,3,139091,406,1,1,1,9,406,28,1,1,allocated
989,1385,normal,0,0,65535_65535,0,4,141653,361,0,1,0,8,0,28,1,1,pre_allocation
989,1385,normal,0,0,65535_65535,0,4,141653,406,1,1,1,9,406,28,1,1,allocated
989,1385,normal,0,0,65535_65535,0,5,145516,361,0,1,0,8,0,28,1,1,pre_allocation
989,1385,normal,0,0,65535_65535,0,5,145516,406,1,1,1,9,406,28,1,1,allocated
989,1385,normal,0,0,65535_65535,0,1,193399,406,0,1,0,9,0,28,1,1,pre_allocation
989,1385,normal,0,0,65535_65535,0,1,193399,452,1,1,1,10,452,28,1,1,allocated
989,1385,normal,0,0,65535_65535,0,2,135406,406,0,1,0,9,0,28,1,1,pre_allocation
989,1385,normal,0,0,65535_65535,0,2,135406,452,1,1,1,10,452,28,1,1,allocated
989,1385,normal,0,0,65535_65535,0,3,139091,406,0,1,0,9,0,28,1,1,pre_allocation
989,1385,normal,0,0,65535_65535,0,3,139091,452,1,1,1,10,452,28,1,1,allocated
989,1385,normal,0,0,65535_65535,0,4,141653,406,0,1,0,9,0,28,1,1,pre_allocation
989,1385,normal,0,0,65535_65535,0,4,141653,452,1,1,1,10,452,28,1,1,allocated
989,1385,normal,0,0,65535_65535,0,5,145516,406,0,1,0,9,0,28,1,1,pre_allocation
989,1385,normal,0,0,65535_65535,0,5,145516,452,1,1,1,10,452,28,1,1,allocated
989,1385,normal,0,0,65535_65535,0,1,193399,452,0,1,0,10,0,28,1,1,pre_allocation
989,1385,normal,0,0,65535_65535,0,1,193399,497,1,1,1,11,497,28,1,1,allocated
989,1385,normal,0,0,65535_65535,0,2,135406,452,0,1,0,10,0,28,1,1,pre_allocation
989,1385,normal,0,0,65535_65535,0,2,135406,497,1,1,1,11,497,28,1,1,allocated
989,1385,normal,0,0,65535_65535,0,3,139091,452,0,1,0,10,0,28,1,1,pre_allocation
989,1385,normal,0,0,65535_65535,0,3,139091,497,1,1,1,11,497,28,1,1,allocated
989,1385,normal,0,0,65535_65535,0,4,141653,452,0,1,0,10,0,28,1,1,pre_allocation
989,1385,normal,0,0,65535_65535,0,4,141653,497,1,1,1,11,497,28,1,1,allocated
989,1385,normal,0,0,65535_65535,0,5,145516,452,0,1,0,10,0,28,1,1,pre_allocation
989,1385,normal,0,0,65535_65535,0,5,145516,497,1,1,1,11,497,28,1,1,allocated
989,1385,normal,0,0,65535_65535,0,1,193399,497,0,1,0,11,0,28,1,1,pre_allocation
989,1385,normal,0,0,65535_65535,0,1,193399,543,1,1,1,12,543,28,1,1,allocated
989,1385,normal,0,0,65535_65535,0,2,135406,497,0,1,0,11,0,28,1,1,pre_allocation
989,1385,normal,0,0,65535_65535,0,2,135406,543,1,1,1,12,543,28,1,1,allocated
989,1385,normal,0,0,65535_65535,0,3,139091,497,0,1,0,11,0,28,1,1,pre_allocation
989,1385,normal,0,0,65535_65535,0,3,139091,543,1,1,1,12,543,28,1,1,allocated
989,1385,normal,0,0,65535_65535,0,4,141653,497,0,1,0,11,0,28,1,1,pre_allocation
989,1385,normal,0,0,65535_65535,0,4,141653,543,1,1,1,12,543,28,1,1,allocated
989,1385,normal,0,0,65535_65535,0,5,145516,497,0,1,0,11,0,28,1,1,pre_allocation
989,1385,normal,0,0,65535_65535,0,5,145516,543,1,1,1,12,543,28,1,1,allocated
989,1385,normal,0,0,65535_65535,0,1,193399,543,0,1,0,12,0,28,1,1,pre_allocation
989,1385,normal,0,0,65535_65535,0,1,193399,589,1,1,1,13,589,28,1,1,allocated
989,1385,normal,0,0,65535_65535,0,2,135406,543,0,1,0,12,0,28,1,1,pre_allocation
989,1385,normal,0,0,65535_65535,0,2,135406,589,1,1,1,13,589,28,1,1,allocated
989,1385,normal,0,0,65535_65535,0,3,139091,543,0,1,0,12,0,28,1,1,pre_allocation
989,1385,normal,0,0,65535_65535,0,3,139091,589,1,1,1,13,589,28,1,1,allocated
989,1385,normal,0,0,65535_65535,0,4,141653,543,0,1,0,12,0,28,1,1,pre_allocation
989,1385,normal,0,0,65535_65535,0,4,141653,589,1,1,1,13,589,28,1,1,allocated
989,1385,normal,0,0,65535_65535,0,5,145516,543,0,1,0,12,0,28,1,1,pre_allocation
989,1385,normal,0,0,65535_65535,0,5,145516,589,1,1,1,13,589,28,1,1,allocated
989,1385,normal,0,0,65535_65535,0,1,193399,589,0,1,0,13,0,28,1,1,pre_allocation
989,1385,normal,0,0,65535_65535,0,1,193399,634,1,1,1,14,634,28,1,1,allocated
989,1385,normal,0,0,65535_65535,0,2,135406,589,0,1,0,13,0,28,1,1,pre_allocation
989,1385,normal,0,0,65535_65535,0,2,135406,634,1,1,1,14,634,28,1,1,allocated
989,1385,normal,0,0,65535_65535,0,3,139091,589,0,1,0,13,0,28,1,1,pre_allocation
989,1385,normal,0,0,65535_65535,0,3,139091,634,1,1,1,14,634,28,1,1,allocated
989,1385,normal,0,0,65535_65535,0,4,141653,589,0,1,0,13,0,28,1,1,pre_allocation
989,1385,normal,0,0,65535_65535,0,4,141653,634,1,1,1,14,634,28,1,1,allocated
989,1385,normal,0,0,65535_65535,0,5,145516,589,0,1,0,13,0,28,1,1,pre_allocation
989,1385,normal,0,0,65535_65535,0,5,145516,634,1,1,1,14,634,28,1,1,allocated
989,1385,normal,0,0,65535_65535,0,1,193399,634,0,1,0,14,0,28,1,1,pre_allocation
989,1385,normal,0,0,65535_65535,0,1,193399,680,1,1,1,15,680,28,1,1,allocated
989,1385,normal,0,0,65535_65535,0,2,135406,634,0,1,0,14,0,28,1,1,pre_allocation
989,1385,normal,0,0,65535_65535,0,2,135406,680,1,1,1,15,680,28,1,1,allocated
989,1385,normal,0,0,65535_65535,0,3,139091,634,0,1,0,14,0,28,1,1,pre_allocation
989,1385,normal,0,0,65535_65535,0,3,139091,680,1,1,1,15,680,28,1,1,allocated
989,1385,normal,0,0,65535_65535,0,4,141653,634,0,1,0,14,0,28,1,1,pre_allocation
989,1385,normal,0,0,65535_65535,0,4,141653,680,1,1,1,15,680,28,1,1,allocated
989,1385,normal,0,0,65535_65535,0,5,145516,634,0,1,0,14,0,28,1,1,pre_allocation
989,1385,normal,0,0,65535_65535,0,5,145516,680,1,1,1,15,680,28,1,1,allocated
989,1385,normal,0,0,65535_65535,0,1,193399,680,0,1,0,15,0,28,1,1,pre_allocation
989,1385,normal,0,0,65535_65535,0,1,193399,725,1,1,1,16,725,28,1,1,allocated
989,1385,normal,0,0,65535_65535,0,2,135406,680,0,1,0,15,0,28,1,1,pre_allocation
989,1385,normal,0,0,65535_65535,0,2,135406,725,1,1,1,16,725,28,1,1,allocated
989,1385,normal,0,0,65535_65535,0,3,139091,680,0,1,0,15,0,28,1,1,pre_allocation
989,1385,normal,0,0,65535_65535,0,3,139091,725,1,1,1,16,725,28,1,1,allocated
989,1385,normal,0,0,65535_65535,0,4,141653,680,0,1,0,15,0,28,1,1,pre_allocation
989,1385,normal,0,0,65535_65535,0,4,141653,725,1,1,1,16,725,28,1,1,allocated
989,1385,normal,0,0,65535_65535,0,5,145516,680,0,1,0,15,0,28,1,1,pre_allocation
989,1385,normal,0,0,65535_65535,0,5,145516,725,1,1,1,16,725,28,1,1,allocated
989,1385,normal,0,0,65535_65535,0,1,193399,725,0,1,0,16,0,28,1,1,pre_allocation
989,1385,normal,0,0,65535_65535,0,1,193399,771,1,1,1,17,771,28,1,1,allocated
989,1385,normal,0,0,65535_65535,0,2,135406,725,0,1,0,16,0,28,1,1,pre_allocation
989,1385,normal,0,0,65535_65535,0,2,135406,771,1,1,1,17,771,28,1,1,allocated
989,1385,normal,0,0,65535_65535,0,3,139091,725,0,1,0,16,0,28,1,1,pre_allocation
989,1385,normal,0,0,65535_65535,0,3,139091,771,1,1,1,17,771,28,1,1,allocated
989,1385,normal,0,0,65535_65535,0,4,141653,725,0,1,0,16,0,28,1,1,pre_allocation
989,1385,normal,0,0,65535_65535,0,4,141653,771,1,1,1,17,771,28,1,1,allocated
989,1385,normal,0,0,65535_65535,0,5,145516,725,0,1,0,16,0,28,1,1,pre_allocation
989,1385,normal,0,0,65535_65535,0,5,145516,771,1,1,1,17,771,28,1,1,allocated
989,1385,normal,0,0,65535_65535,0,1,193399,771,0,1,0,17,0,28,1,1,pre_allocation
989,1385,normal,0,0,65535_65535,0,1,193399,816,1,1,1,18,816,28,1,1,allocated
989,1385,normal,0,0,65535_65535,0,2,135406,771,0,1,0,17,0,28,1,1,pre_allocation
989,1385,normal,0,0,65535_65535,0,2,135406,816,1,1,1,18,816,28,1,1,allocated
989,1385,normal,0,0,65535_65535,0,3,139091,771,0,1,0,17,0,28,1,1,pre_allocation
989,1385,normal,0,0,65535_65535,0,3,139091,816,1,1,1,18,816,28,1,1,allocated
989,1385,normal,0,0,65535_65535,0,4,141653,771,0,1,0,17,0,28,1,1,pre_allocation
989,1385,normal,0,0,65535_65535,0,4,141653,816,1,1,1,18,816,28,1,1,allocated
989,1385,normal,0,0,65535_65535,0,5,145516,771,0,1,0,17,0,28,1,1,pre_allocation
989,1385,normal,0,0,65535_65535,0,5,145516,816,1,1,1,18,816,28,1,1,allocated
989,1385,normal,0,0,65535_65535,0,1,193399,816,0,1,0,18,0,28,1,1,pre_allocation
989,1385,normal,0,0,65535_65535,0,1,193399,862,1,1,1,19,862,28,1,1,allocated
989,1385,normal,0,0,65535_65535,0,2,135406,816,0,1,0,18,0,28,1,1,pre_allocation
989,1385,normal,0,0,65535_65535,0,2,135406,862,1,1,1,19,862,28,1,1,allocated
989,1385,normal,0,0,65535_65535,0,3,139091,816,0,1,0,18,0,28,1,1,pre_allocation
989,1385,normal,0,0,65535_65535,0,3,139091,862,1,1,1,19,862,28,1,1,allocated
989,1385,normal,0,0,65535_65535,0,4,141653,816,0,1,0,18,0,28,1,1,pre_allocation
989,1385,normal,0,0,65535_65535,0,4,141653,862,1,1,1,19,862,28,1,1,allocated
989,1385,normal,0,0,65535_65535,0,5,145516,816,0,1,0,18,0,28,1,1,pre_allocation
989,1385,normal,0,0,65535_65535,0,5,145516,862,1,1,1,19,862,28,1,1,allocated
989,1385,normal,0,0,65535_65535,0,1,193399,862,0,1,0,19,0,28,1,1,pre_allocation
989,1385,normal,0,0,65535_65535,0,1,193399,907,1,1,1,20,907,28,1,1,allocated
989,1385,normal,0,0,65535_65535,0,2,135406,862,0,1,0,19,0,28,1,1,pre_allocation
989,1385,normal,0,0,65535_65535,0,2,135406,907,1,1,1,20,907,28,1,1,allocated
989,1385,normal,0,0,65535_65535,0,3,139091,862,0,1,0,19,0,28,1,1,pre_allocation
989,1385,normal,0,0,65535_65535,0,3,139091,907,1,1,1,20,907,28,1,1,allocated
989,1385,normal,0,0,65535_65535,0,4,141653,862,0,1,0,19,0,28,1,1,pre_allocation
989,1385,normal,0,0,65535_65535,0,4,141653,907,1,1,1,20,907,28,1,1,allocated
989,1385,normal,0,0,65535_65535,0,5,145516,862,0,1,0,19,0,28,1,1,pre_allocation
989,1385,normal,0,0,65535_65535,0,5,145516,907,1,1,1,20,907,28,1,1,allocated
989,1385,normal,0,0,65535_65535,0,1,193399,907,0,1,0,20,0,28,1,1,pre_allocation
989,1385,normal,0,0,65535_65535,0,1,193399,953,1,1,1,21,953,28,1,1,allocated
989,1385,normal,0,0,65535_65535,0,2,135406,907,0,1,0,20,0,28,1,1,pre_allocation
989,1385,normal,0,0,65535_65535,0,2,135406,953,1,1,1,21,953,28,1,1,allocated
989,1385,normal,0,0,65535_65535,0,3,139091,907,0,1,0,20,0,28,1,1,pre_allocation
989,1385,normal,0,0,65535_65535,0,3,139091,953,1,1,1,21,953,28,1,1,allocated
989,1385,normal,0,0,65535_65535,0,4,141653,907,0,1,0,20,0,28,1,1,pre_allocation
989,1385,normal,0,0,65535_65535,0,4,141653,953,1,1,1,21,953,28,1,1,allocated
989,1385,normal,0,0,65535_65535,0,5,145516,907,0,1,0,20,0,28,1,1,pre_allocation
989,1385,normal,0,0,65535_65535,0,5,145516,953,1,1,1,21,953,28,1,1,allocated
989,1385,normal,0,0,65535_65535,0,1,193399,953,0,1,0,21,0,28,1,1,pre_allocation
989,1385,normal,0,0,65535_65535,0,1,193399,998,1,1,1,22,998,28,1,1,allocated
989,1385,normal,0,0,65535_65535,0,2,135406,953,0,1,0,21,0,28,1,1,pre_allocation
989,1385,normal,0,0,65535_65535,0,2,135406,998,1,1,1,22,998,28,1,1,allocated
989,1385,normal,0,0,65535_65535,0,3,139091,953,0,1,0,21,0,28,1,1,pre_allocation
989,1385,normal,0,0,65535_65535,0,3,139091,998,1,1,1,22,998,28,1,1,allocated
989,1385,normal,0,0,65535_65535,0,4,141653,953,0,1,0,21,0,28,1,1,pre_allocation
989,1385,normal,0,0,65535_65535,0,4,141653,998,1,1,1,22,998,28,1,1,allocated
989,1385,normal,0,0,65535_65535,0,5,145516,953,0,1,0,21,0,28,1,1,pre_allocation
989,1385,normal,0,0,65535_65535,0,5,145516,998,1,1,1,22,998,28,1,1,allocated
989,1385,normal,0,0,65535_65535,0,1,193399,998,0,1,0,22,0,28,1,1,pre_allocation
989,1385,normal,0,0,65535_65535,0,1,193399,1044,1,1,1,23,1044,28,1,1,allocated
989,1385,normal,0,0,65535_65535,0,2,135406,998,0,1,0,22,0,28,1,1,pre_allocation
989,1385,normal,0,0,65535_65535,0,2,135406,1044,1,1,1,23,1044,28,1,1,allocated
989,1385,normal,0,0,65535_65535,0,3,139091,998,0,1,0,22,0,28,1,1,pre_allocation
989,1385,normal,0,0,65535_65535,0,3,139091,1044,1,1,1,23,1044,28,1,1,allocated
989,1385,normal,0,0,65535_65535,0,4,141653,998,0,1,0,22,0,28,1,1,pre_allocation
989,1385,normal,0,0,65535_65535,0,4,141653,1044,1,1,1,23,1044,28,1,1,allocated
989,1385,normal,0,0,65535_65535,0,5,145516,998,0,1,0,22,0,28,1,1,pre_allocation
989,1385,normal,0,0,65535_65535,0,5,145516,1044,1,1,1,23,1044,28,1,1,allocated
989,1385,normal,0,0,65535_65535,0,1,193399,1044,0,1,0,23,0,28,1,1,pre_allocation
989,1385,normal,0,0,65535_65535,0,1,193399,1089,1,1,1,24,1089,28,1,1,allocated
989,1385,normal,0,0,65535_65535,0,2,135406,1044,0,1,0,23,0,28,1,1,pre_allocation
989,1385,normal,0,0,65535_65535,0,2,135406,1089,1,1,1,24,1089,28,1,1,allocated
989,1385,normal,0,0,65535_65535,0,3,139091,1044,0,1,0,23,0,28,1,1,pre_allocation
989,1385,normal,0,0,65535_65535,0,3,139091,1089,1,1,1,24,1089,28,1,1,allocated
989,1385,normal,0,0,65535_65535,0,4,141653,1044,0,1,0,23,0,28,1,1,pre_allocation
989,1385,normal,0,0,65535_65535,0,4,141653,1089,1,1,1,24,1089,28,1,1,allocated
989,1385,normal,0,0,65535_65535,0,5,145516,1044,0,1,0,23,0,28,1,1,pre_allocation
989,1385,normal,0,0,65535_65535,0,5,145516,1089,1,1,1,24,1089,28,1,1,allocated
989,1385,normal,0,0,65535_65535,0,1,193399,1089,0,1,0,24,0,28,1,1,pre_allocation
989,1385,normal,0,0,65535_65535,0,1,193399,1135,1,1,1,25,1135,28,1,1,allocated
989,1385,normal,0,0,65535_65535,0,2,135406,1089,0,1,0,24,0,28,1,1,pre_allocation
989,1385,normal,0,0,65535_65535,0,2,135406,1135,1,1,1,25,1135,28,1,1,allocated
989,1385,normal,0,0,65535_65535,0,3,139091,1089,0,1,0,24,0,28,1,1,pre_allocation
989,1385,normal,0,0,65535_65535,0,3,139091,1135,1,1,1,25,1135,28,1,1,allocated
989,1385,normal,0,0,65535_65535,0,4,141653,1089,0,1,0,24,0,28,1,1,pre_allocation
989,1385,normal,0,0,65535_65535,0,4,141653,1135,1,1,1,25,1135,28,1,1,allocated
989,1385,normal,0,0,65535_65535,0,5,145516,1089,0,1,0,24,0,28,1,1,pre_allocation
989,1385,normal,0,0,65535_65535,0,5,145516,1135,1,1,1,25,1135,28,1,1,allocated
989,1385,normal,0,0,65535_65535,0,1,193399,1135,0,1,0,25,0,28,1,1,pre_allocation
989,1385,normal,0,0,65535_65535,0,1,193399,1181,1,1,1,26,1181,28,1,1,allocated
989,1385,normal,0,0,65535_65535,0,2,135406,1135,0,1,0,25,0,28,1,1,pre_allocation
989,1385,normal,0,0,65535_65535,0,2,135406,1181,1,1,1,26,1181,28,1,1,allocated
989,1385,normal,0,0,65535_65535,0,3,139091,1135,0,1,0,25,0,28,1,1,pre_allocation
989,1385,normal,0,0,65535_65535,0,3,139091,1181,1,1,1,26,1181,28,1,1,allocated
989,1385,normal,0,0,65535_65535,1,6,87,0,0,1,0,0,0,28,1,1,pre_allocation
989,1385,normal,0,0,65535_65535,1,6,87,42,1,1,1,1,42,28,1,1,allocated
989,1385,normal,0,0,65535_65535,1,7,87,0,0,1,0,0,0,28,1,1,pre_allocation
989,1385,normal,0,0,65535_65535,1,7,87,42,1,1,1,1,42,28,1,1,allocated
989,1385,normal,0,0,65535_65535,1,9,87,0,0,1,0,0,0,28,1,1,pre_allocation
989,1385,normal,0,0,65535_65535,1,9,87,42,1,1,1,1,42,28,1,1,allocated
989,1385,normal,0,0,65535_65535,1,10,87,0,0,1,0,0,0,28,1,1,pre_allocation
989,1385,normal,0,0,65535_65535,1,10,87,42,1,1,1,1,42,28,1,1,allocated
989,1385,normal,0,0,65535_65535,1,6,87,42,0,1,0,1,0,28,1,1,pre_allocation
989,1385,normal,0,0,65535_65535,1,6,87,88,1,1,1,2,88,28,1,1,allocated
989,1385,normal,0,0,65535_65535,1,7,87,42,0,1,0,1,0,28,1,1,pre_allocation
989,1385,normal,0,0,65535_65535,1,7,87,88,1,1,1,2,88,28,1,1,allocated
989,1385,normal,0,0,65535_65535,1,9,87,42,0,1,0,1,0,28,1,1,pre_allocation
989,1385,normal,0,0,65535_65535,1,9,87,88,1,1,1,2,88,28,1,1,allocated
989,1385,normal,0,0,65535_65535,1,10,87,42,0,1,0,1,0,28,1,1,pre_allocation
989,1385,normal,0,0,65535_65535,1,10,87,88,1,1,1,2,88,28,1,1,allocated
989,1385,normal,0,0,65535_65535,1,6,87,88,0,1,0,2,0,28,1,1,pre_allocation
989,1385,normal,0,0,65535_65535,1,6,87,133,1,1,1,3,133,28,1,1,allocated
989,1385,normal,0,0,65535_65535,1,7,87,88,0,1,0,2,0,28,1,1,pre_allocation
989,1385,normal,0,0,65535_65535,1,7,87,133,1,1,1,3,133,28,1,1,allocated
989,1385,normal,0,0,65535_65535,1,9,87,88,0,1,0,2,0,28,1,1,pre_allocation
989,1385,normal,0,0,65535_65535,1,9,87,133,1,1,1,3,133,28,1,1,allocated
989,1385,normal,0,0,65535_65535,1,10,87,88,0,1,0,2,0,28,1,1,pre_allocation
989,1385,normal,0,0,65535_65535,1,10,87,133,1,1,1,3,133,28,1,1,allocated
989,1385,normal,0,0,65535_65535,1,6,87,133,0,1,0,3,0,28,1,1,pre_allocation
989,1385,normal,0,0,65535_65535,1,6,87,179,1,1,1,4,179,28,1,1,allocated
989,1385,normal,0,0,65535_65535,1,7,87,133,0,1,0,3,0,28,1,1,pre_allocation
989,1385,normal,0,0,65535_65535,1,7,87,179,1,1,1,4,179,28,1,1,allocated
989,1385,normal,0,0,65535_65535,1,9,87,133,0,1,0,3,0,28,1,1,pre_allocation
989,1385,normal,0,0,65535_65535,1,9,87,179,1,1,1,4,179,28,1,1,allocated
989,1385,normal,0,0,65535_65535,1,10,87,133,0,1,0,3,0,28,1,1,pre_allocation
989,1385,normal,0,0,65535_65535,1,10,87,179,1,1,1,4,179,28,1,1,allocated
989,1385,normal,0,0,65535_65535,1,6,87,179,0,1,0,4,0,28,1,1,pre_allocation
989,1385,normal,0,0,65535_65535,1,6,87,224,1,1,1,5,224,28,1,1,allocated
989,1385,normal,0,0,65535_65535,1,7,87,179,0,1,0,4,0,28,1,1,pre_allocation
989,1385,normal,0,0,65535_65535,1,7,87,224,1,1,1,5,224,28,1,1,allocated
989,1385,normal,0,0,65535_65535,1,9,87,179,0,1,0,4,0,28,1,1,pre_allocation
989,1385,normal,0,0,65535_65535,1,9,87,224,1,1,1,5,224,28,1,1,allocated
989,1385,normal,0,0,65535_65535,1,10,87,179,0,1,0,4,0,28,1,1,pre_allocation
989,1385,normal,0,0,65535_65535,1,10,87,224,1,1,1,5,224,28,1,1,allocated
989,1385,normal,0,0,65535_65535,1,6,87,224,0,1,0,5,0,28,1,1,pre_allocation
989,1385,normal,0,0,65535_65535,1,6,87,270,1,1,1,6,270,28,1,1,allocated
989,1385,normal,0,0,65535_65535,1,7,87,224,0,1,0,5,0,28,1,1,pre_allocation
989,1385,normal,0,0,65535_65535,1,7,87,270,1,1,1,6,270,28,1,1,allocated
989,1385,normal,0,0,65535_65535,1,9,87,224,0,1,0,5,0,28,1,1,pre_allocation
989,1385,normal,0,0,65535_65535,1,9,87,270,1,1,1,6,270,28,1,1,allocated
989,1385,normal,0,0,65535_65535,1,10,87,224,0,1,0,5,0,28,1,1,pre_allocation
989,1385,normal,0,0,65535_65535,1,10,87,270,1,1,1,6,270,28,1,1,allocated
989,1385,normal,0,0,65535_65535,1,6,87,270,0,1,0,6,0,28,1,1,pre_allocation
989,1385,normal,0,0,65535_65535,1,6,87,315,1,1,1,7,315,28,1,1,allocated
989,1385,normal,0,0,65535_65535,1,7,87,270,0,1,0,6,0,28,1,1,pre_allocation
989,1385,normal,0,0,65535_65535,1,7,87,315,1,1,1,7,315,28,1,1,allocated
989,1385,normal,0,0,65535_65535,1,9,87,270,0,1,0,6,0,28,1,1,pre_allocation
989,1385,normal,0,0,65535_65535,1,9,87,315,1,1,1,7,315,28,1,1,allocated
989,1385,normal,0,0,65535_65535,1,10,87,270,0,1,0,6,0,28,1,1,pre_allocation
989,1385,normal,0,0,65535_65535,1,10,87,315,1,1,1,7,315,28,1,1,allocated
989,1385,normal,0,0,65535_65535,1,6,87,315,0,1,0,7,0,28,1,1,pre_allocation
989,1385,normal,0,0,65535_65535,1,6,87,361,1,1,1,8,361,28,1,1,allocated
989,1385,normal,0,0,65535_65535,1,7,87,315,0,1,0,7,0,28,1,1,pre_allocation
989,1385,normal,0,0,65535_65535,1,7,87,361,1,1,1,8,361,28,1,1,allocated
989,1385,normal,0,0,65535_65535,1,9,87,315,0,1,0,7,0,28,1,1,pre_allocation
989,1385,normal,0,0,65535_65535,1,9,87,361,1,1,1,8,361,28,1,1,allocated
989,1385,normal,0,0,65535_65535,1,10,87,315,0,1,0,7,0,28,1,1,pre_allocation
989,1385,normal,0,0,65535_65535,1,10,87,361,1,1,1,8,361,28,1,1,allocated
989,1385,normal,0,0,65535_65535,1,6,87,361,0,1,0,8,0,28,1,1,pre_allocation
989,1385,normal,0,0,65535_65535,1,6,87,406,1,1,1,9,406,28,1,1,allocated
989,1385,normal,0,0,65535_65535,1,7,87,361,0,1,0,8,0,28,1,1,pre_allocation
989,1385,normal,0,0,65535_65535,1,7,87,406,1,1,1,9,406,28,1,1,allocated
989,1385,normal,0,0,65535_65535,1,9,87,361,0,1,0,8,0,28,1,1,pre_allocation
989,1385,normal,0,0,65535_65535,1,9,87,406,1,1,1,9,406,28,1,1,allocated
989,1385,normal,0,0,65535_65535,1,10,87,361,0,1,0,8,0,28,1,1,pre_allocation
989,1385,normal,0,0,65535_65535,1,10,87,406,1,1,1,9,406,28,1,1,allocated
989,1385,normal,0,0,65535_65535,1,6,87,406,0,1,0,9,0,28,1,1,pre_allocation
989,1385,normal,0,0,65535_65535,1,6,87,452,1,1,1,10,452,28,1,1,allocated
989,1385,normal,0,0,65535_65535,1,7,87,406,0,1,0,9,0,28,1,1,pre_allocation
989,1385,normal,0,0,65535_65535,1,7,87,452,1,1,1,10,452,28,1,1,allocated
989,1385,normal,0,0,65535_65535,1,9,87,406,0,1,0,9,0,28,1,1,pre_allocation
989,1385,normal,0,0,65535_65535,1,9,87,452,1,1,1,10,452,28,1,1,allocated
989,1385,normal,0,0,65535_65535,1,10,87,406,0,1,0,9,0,28,1,1,pre_allocation
989,1385,normal,0,0,65535_65535,1,10,87,452,1,1,1,10,452,28,1,1,allocated
989,1385,normal,0,0,65535_65535,1,6,87,452,0,1,0,10,0,28,1,1,pre_allocation
989,1385,normal,0,0,65535_65535,1,6,87,497,1,1,1,11,497,28,1,1,allocated
989,1385,normal,0,0,65535_65535,1,7,87,452,0,1,0,10,0,28,1,1,pre_allocation
989,1385,normal,0,0,65535_65535,1,7,87,497,1,1,1,11,497,28,1,1,allocated
989,1385,normal,0,0,65535_65535,1,9,87,452,0,1,0,10,0,28,1,1,pre_allocation
989,1385,normal,0,0,65535_65535,1,9,87,497,1,1,1,11,497,28,1,1,allocated
989,1385,normal,0,0,65535_65535,1,10,87,452,0,1,0,10,0,28,1,1,pre_allocation
989,1385,normal,0,0,65535_65535,1,10,87,497,1,1,1,11,497,28,1,1,allocated
989,1385,normal,0,0,65535_65535,1,6,87,497,0,1,0,11,0,28,1,1,pre_allocation
989,1385,normal,0,0,65535_65535,1,6,87,543,1,1,1,12,543,28,1,1,allocated
989,1385,normal,0,0,65535_65535,1,7,87,497,0,1,0,11,0,28,1,1,pre_allocation
989,1385,normal,0,0,65535_65535,1,7,87,543,1,1,1,12,543,28,1,1,allocated
989,1385,normal,0,0,65535_65535,1,9,87,497,0,1,0,11,0,28,1,1,pre_allocation
989,1385,normal,0,0,65535_65535,1,9,87,543,1,1,1,12,543,28,1,1,allocated
989,1385,normal,0,0,65535_65535,1,10,87,497,0,1,0,11,0,28,1,1,pre_allocation
989,1385,normal,0,0,65535_65535,1,10,87,543,1,1,1,12,543,28,1,1,allocated
989,1385,normal,0,0,65535_65535,1,6,87,543,0,1,0,12,0,28,1,1,pre_allocation
989,1385,normal,0,0,65535_65535,1,6,87,589,1,1,1,13,589,28,1,1,allocated
989,1385,normal,0,0,65535_65535,1,7,87,543,0,1,0,12,0,28,1,1,pre_allocation
989,1385,normal,0,0,65535_65535,1,7,87,589,1,1,1,13,589,28,1,1,allocated
989,1385,normal,0,0,65535_65535,1,9,87,543,0,1,0,12,0,28,1,1,pre_allocation
989,1385,normal,0,0,65535_65535,1,9,87,589,1,1,1,13,589,28,1,1,allocated
989,1385,normal,0,0,65535_65535,1,10,87,543,0,1,0,12,0,28,1,1,pre_allocation
989,1385,normal,0,0,65535_65535,1,10,87,589,1,1,1,13,589,28,1,1,allocated
989,1385,normal,0,0,65535_65535,1,6,87,589,0,1,0,13,0,28,1,1,pre_allocation
989,1385,normal,0,0,65535_65535,1,6,87,634,1,1,1,14,634,28,1,1,allocated
989,1385,normal,0,0,65535_65535,1,7,87,589,0,1,0,13,0,28,1,1,pre_allocation
989,1385,normal,0,0,65535_65535,1,7,87,634,1,1,1,14,634,28,1,1,allocated
989,1385,normal,0,0,65535_65535,1,9,87,589,0,1,0,13,0,28,1,1,pre_allocation
989,1385,normal,0,0,65535_65535,1,9,87,634,1,1,1,14,634,28,1,1,allocated
989,1385,normal,0,0,65535_65535,1,10,87,589,0,1,0,13,0,28,1,1,pre_allocation
989,1385,normal,0,0,65535_65535,1,10,87,634,1,1,1,14,634,28,1,1,allocated
989,1385,normal,0,0,65535_65535,1,6,87,634,0,1,0,14,0,28,1,1,pre_allocation
989,1385,normal,0,0,65535_65535,1,6,87,680,1,1,1,15,680,28,1,1,allocated
989,1385,normal,0,0,65535_65535,1,7,87,634,0,1,0,14,0,28,1,1,pre_allocation
989,1385,normal,0,0,65535_65535,1,7,87,680,1,1,1,15,680,28,1,1,allocated
989,1385,normal,0,0,65535_65535,1,9,87,634,0,1,0,14,0,28,1,1,pre_allocation
989,1385,normal,0,0,65535_65535,1,9,87,680,1,1,1,15,680,28,1,1,allocated
989,1385,normal,0,0,65535_65535,1,10,87,634,0,1,0,14,0,28,1,1,pre_allocation
989,1385,normal,0,0,65535_65535,1,10,87,680,1,1,1,15,680,28,1,1,allocated
989,1385,normal,0,0,65535_65535,1,6,87,680,0,1,0,15,0,28,1,1,pre_allocation
989,1385,normal,0,0,65535_65535,1,6,87,725,1,1,1,16,725,28,1,1,allocated
989,1385,normal,0,0,65535_65535,1,7,87,680,0,1,0,15,0,28,1,1,pre_allocation
989,1385,normal,0,0,65535_65535,1,7,87,725,1,1,1,16,725,28,1,1,allocated
989,1385,normal,0,0,65535_65535,1,9,87,680,0,1,0,15,0,28,1,1,pre_allocation
989,1385,normal,0,0,65535_65535,1,9,87,725,1,1,1,16,725,28,1,1,allocated
989,1385,normal,0,0,65535_65535,1,10,87,680,0,1,0,15,0,28,1,1,pre_allocation
989,1385,normal,0,0,65535_65535,1,10,87,725,1,1,1,16,725,28,1,1,allocated
989,1385,normal,0,0,65535_65535,1,6,87,725,0,1,0,16,0,28,1,1,pre_allocation
989,1385,normal,0,0,65535_65535,1,6,87,771,1,1,1,17,771,28,1,1,allocated
989,1385,normal,0,0,65535_65535,1,7,87,725,0,1,0,16,0,28,1,1,pre_allocation
989,1385,normal,0,0,65535_65535,1,7,87,771,1,1,1,17,771,28,1,1,allocated
989,1385,normal,0,0,65535_65535,1,9,87,725,0,1,0,16,0,28,1,1,pre_allocation
989,1385,normal,0,0,65535_65535,1,9,87,771,1,1,1,17,771,28,1,1,allocated
989,1385,normal,0,0,65535_65535,1,10,87,725,0,1,0,16,0,28,1,1,pre_allocation
989,1385,normal,0,0,65535_65535,1,10,87,771,1,1,1,17,771,28,1,1,allocated
989,1385,normal,0,0,65535_65535,1,6,87,771,0,1,0,17,0,28,1,1,pre_allocation
989,1385,normal,0,0,65535_65535,1,6,87,816,1,1,1,18,816,28,1,1,allocated
989,1385,normal,0,0,65535_65535,1,7,87,771,0,1,0,17,0,28,1,1,pre_allocation
989,1385,normal,0,0,65535_65535,1,7,87,816,1,1,1,18,816,28,1,1,allocated
989,1385,normal,0,0,65535_65535,1,9,87,771,0,1,0,17,0,28,1,1,pre_allocation
989,1385,normal,0,0,65535_65535,1,9,87,816,1,1,1,18,816,28,1,1,allocated
989,1385,normal,0,0,65535_65535,1,10,87,771,0,1,0,17,0,28,1,1,pre_allocation
989,1385,normal,0,0,65535_65535,1,10,87,816,1,1,1,18,816,28,1,1,allocated
989,1385,normal,0,0,65535_65535,1,6,87,816,0,1,0,18,0,28,1,1,pre_allocation
989,1385,normal,0,0,65535_65535,1,6,87,862,1,1,1,19,862,28,1,1,allocated
989,1385,normal,0,0,65535_65535,1,7,87,816,0,1,0,18,0,28,1,1,pre_allocation
989,1385,normal,0,0,65535_65535,1,7,87,862,1,1,1,19,862,28,1,1,allocated
989,1385,normal,0,0,65535_65535,1,9,87,816,0,1,0,18,0,28,1,1,pre_allocation
989,1385,normal,0,0,65535_65535,1,9,87,862,1,1,1,19,862,28,1,1,allocated
989,1385,normal,0,0,65535_65535,1,10,87,816,0,1,0,18,0,28,1,1,pre_allocation
989,1385,normal,0,0,65535_65535,1,10,87,862,1,1,1,19,862,28,1,1,allocated
989,1385,normal,0,0,65535_65535,1,6,87,862,0,1,0,19,0,28,1,1,pre_allocation
989,1385,normal,0,0,65535_65535,1,6,87,907,1,1,1,20,907,28,1,1,allocated
989,1385,normal,0,0,65535_65535,1,7,87,862,0,1,0,19,0,28,1,1,pre_allocation
989,1385,normal,0,0,65535_65535,1,7,87,907,1,1,1,20,907,28,1,1,allocated
989,1385,normal,0,0,65535_65535,1,9,87,862,0,1,0,19,0,28,1,1,pre_allocation
989,1385,normal,0,0,65535_65535,1,9,87,907,1,1,1,20,907,28,1,1,allocated
989,1385,normal,0,0,65535_65535,1,10,87,862,0,1,0,19,0,28,1,1,pre_allocation
989,1385,normal,0,0,65535_65535,1,10,87,907,1,1,1,20,907,28,1,1,allocated
989,1385,normal,0,0,65535_65535,1,6,87,907,0,1,0,20,0,28,1,1,pre_allocation
989,1385,normal,0,0,65535_65535,1,6,87,953,1,1,1,21,953,28,1,1,allocated
989,1385,normal,0,0,65535_65535,1,7,87,907,0,1,0,20,0,28,1,1,pre_allocation
989,1385,normal,0,0,65535_65535,1,7,87,953,1,1,1,21,953,28,1,1,allocated
989,1385,normal,0,0,65535_65535,1,9,87,907,0,1,0,20,0,28,1,1,pre_allocation
989,1385,normal,0,0,65535_65535,1,9,87,953,1,1,1,21,953,28,1,1,allocated
989,1385,normal,0,0,65535_65535,1,10,87,907,0,1,0,20,0,28,1,1,pre_allocation
989,1385,normal,0,0,65535_65535,1,10,87,953,1,1,1,21,953,28,1,1,allocated
989,1385,normal,0,0,65535_65535,1,6,87,953,0,1,0,21,0,28,1,1,pre_allocation
989,1385,normal,0,0,65535_65535,1,6,87,998,1,1,1,22,998,28,1,1,allocated
989,1385,normal,0,0,65535_65535,1,7,87,953,0,1,0,21,0,28,1,1,pre_allocation
989,1385,normal,0,0,65535_65535,1,7,87,998,1,1,1,22,998,28,1,1,allocated
989,1385,normal,0,0,65535_65535,1,9,87,953,0,1,0,21,0,28,1,1,pre_allocation
989,1385,normal,0,0,65535_65535,1,9,87,998,1,1,1,22,998,28,1,1,allocated
989,1385,normal,0,0,65535_65535,1,10,87,953,0,1,0,21,0,28,1,1,pre_allocation
989,1385,normal,0,0,65535_65535,1,10,87,998,1,1,1,22,998,28,1,1,allocated
989,1385,normal,0,0,65535_65535,1,6,87,998,0,1,0,22,0,28,1,1,pre_allocation
989,1385,normal,0,0,65535_65535,1,6,87,1044,1,1,1,23,1044,28,1,1,allocated
989,1385,normal,0,0,65535_65535,1,7,87,998,0,1,0,22,0,28,1,1,pre_allocation
989,1385,normal,0,0,65535_65535,1,7,87,1044,1,1,1,23,1044,28,1,1,allocated
989,1385,normal,0,0,65535_65535,1,9,87,998,0,1,0,22,0,28,1,1,pre_allocation
989,1385,normal,0,0,65535_65535,1,9,87,1044,1,1,1,23,1044,28,1,1,allocated
989,1385,normal,0,0,65535_65535,1,10,87,998,0,1,0,22,0,28,1,1,pre_allocation
989,1385,normal,0,0,65535_65535,1,10,87,1044,1,1,1,23,1044,28,1,1,allocated
989,1385,normal,0,0,65535_65535,1,6,87,1044,0,1,0,23,0,28,1,1,pre_allocation
989,1385,normal,0,0,65535_65535,1,6,87,1089,1,1,1,24,1089,28,1,1,allocated
989,1385,normal,0,0,65535_65535,1,7,87,1044,0,1,0,23,0,28,1,1,pre_allocation
989,1385,normal,0,0,65535_65535,1,7,87,1089,1,1,1,24,1089,28,1,1,allocated
989,1385,normal,0,0,65535_65535,1,9,87,1044,0,1,0,23,0,28,1,1,pre_allocation
989,1385,normal,0,0,65535_65535,1,9,87,1089,1,1,1,24,1089,28,1,1,allocated
989,1385,normal,0,0,65535_65535,1,10,87,1044,0,1,0,23,0,28,1,1,pre_allocation
989,1385,normal,0,0,65535_65535,1,10,87,1089,1,1,1,24,1089,28,1,1,allocated
989,1385,normal,0,0,65535_65535,1,6,87,1089,0,1,0,24,0,28,1,1,pre_allocation
989,1385,normal,0,0,65535_65535,1,6,87,1135,1,1,1,25,1135,28,1,1,allocated
989,1385,normal,0,0,65535_65535,1,7,87,1089,0,1,0,24,0,28,1,1,pre_allocation
989,1385,normal,0,0,65535_65535,1,7,87,1135,1,1,1,25,1135,28,1,1,allocated
989,1385,normal,0,0,65535_65535,1,9,87,1089,0,1,0,24,0,28,1,1,pre_allocation
989,1385,normal,0,0,65535_65535,1,9,87,1135,1,1,1,25,1135,28,1,1,allocated
989,1385,normal,0,0,65535_65535,1,10,87,1089,0,1,0,24,0,28,1,1,pre_allocation
989,1385,normal,0,0,65535_65535,1,10,87,1135,1,1,1,25,1135,28,1,1,allocated
989,1385,normal,0,0,65535_65535,1,6,87,1135,0,1,0,25,0,28,1,1,pre_allocation
989,1385,normal,0,0,65535_65535,1,6,87,1181,1,1,1,26,1181,28,1,1,allocated
989,1385,normal,0,0,65535_65535,1,7,87,1135,0,1,0,25,0,28,1,1,pre_allocation
989,1385,normal,0,0,65535_65535,1,7,87,1181,1,1,1,26,1181,28,1,1,allocated
989,1385,normal,0,0,65535_65535,1,9,87,1135,0,1,0,25,0,28,1,1,pre_allocation
989,1385,normal,0,0,65535_65535,1,9,87,1181,1,1,1,26,1181,28,1,1,allocated
989,1385,normal,0,0,65535_65535,1,10,87,1135,0,1,0,25,0,28,1,1,pre_allocation
989,1385,normal,0,0,65535_65535,1,10,87,1181,1,1,1,26,1181,28,1,1,allocated
989,1385,normal,0,0,65535_65535,1,6,87,1181,0,1,0,26,0,28,1,1,pre_allocation
989,1385,normal,0,0,65535_65535,1,6,87,1226,1,1,1,27,1226,28,1,1,allocated
989,1385,normal,0,0,65535_65535,1,7,87,1181,0,1,0,26,0,28,1,1,pre_allocation
989,1385,normal,0,0,65535_65535,1,7,87,1226,1,1,1,27,1226,28,1,1,allocated
989,1385,normal,0,0,65535_65535,1,9,87,1181,0,1,0,26,0,28,1,1,pre_allocation
989,1385,normal,0,0,65535_65535,1,9,87,1226,1,1,1,27,1226,28,1,1,allocated
989,1385,normal,0,0,65535_65535,1,10,87,1181,0,1,0,26,0,28,1,1,pre_allocation
989,1385,normal,0,0,65535_65535,1,10,87,1226,1,1,1,27,1226,28,1,1,allocated
989,1385,normal,0,0,65535_65535,1,6,87,1226,0,1,0,27,0,28,1,1,pre_allocation
989,1385,normal,0,0,65535_65535,1,6,87,1272,1,1,1,28,1272,28,1,1,allocated
989,1385,normal,0,0,65535_65535,1,7,87,1226,0,1,0,27,0,28,1,1,pre_allocation
989,1385,normal,0,0,65535_65535,1,7,87,1272,1,1,1,28,1272,28,1,1,allocated
989,1385,normal,0,0,65535_65535,1,9,87,1226,0,1,0,27,0,28,1,1,pre_allocation
989,1385,normal,0,0,65535_65535,1,9,87,1272,1,1,1,28,1272,28,1,1,allocated
989,1385,normal,0,0,65535_65535,1,10,87,1226,0,1,0,27,0,28,1,1,pre_allocation
989,1385,normal,0,0,65535_65535,1,10,87,1272,1,1,1,28,1272,28,1,1,allocated
989,1385,normal,0,0,65535_65535,1,6,87,1272,0,1,0,28,0,28,1,1,pre_allocation
989,1385,normal,0,0,65535_65535,1,6,87,1317,1,1,1,29,1317,28,1,1,allocated
989,1385,normal,0,0,65535_65535,1,7,87,1272,0,1,0,28,0,28,1,1,pre_allocation
989,1385,normal,0,0,65535_65535,1,7,87,1317,1,1,1,29,1317,28,1,1,allocated
989,1385,normal,0,0,65535_65535,1,9,87,1272,0,1,0,28,0,28,1,1,pre_allocation
989,1385,normal,0,0,65535_65535,1,9,87,1317,1,1,1,29,1317,28,1,1,allocated
989,1385,normal,0,0,65535_65535,1,10,87,1272,0,1,0,28,0,28,1,1,pre_allocation
989,1385,normal,0,0,65535_65535,1,10,87,1317,1,1,1,29,1317,28,1,1,allocated
989,1385,normal,0,0,65535_65535,1,6,87,1317,0,1,0,29,0,28,1,1,pre_allocation
989,1385,normal,0,0,65535_65535,1,6,87,1363,1,1,1,30,1363,28,1,1,allocated
989,1385,normal,0,0,65535_65535,1,7,87,1317,0,1,0,29,0,28,1,1,pre_allocation
989,1385,normal,0,0,65535_65535,1,7,87,1363,1,1,1,30,1363,28,1,1,allocated
989,1385,normal,0,0,65535_65535,1,9,87,1317,0,1,0,29,0,28,1,1,pre_allocation
989,1385,normal,0,0,65535_65535,1,9,87,1363,1,1,1,30,1363,28,1,1,allocated
989,1385,normal,0,0,65535_65535,1,10,87,1317,0,1,0,29,0,28,1,1,pre_allocation
989,1385,normal,0,0,65535_65535,1,10,87,1363,1,1,1,30,1363,28,1,1,allocated
989,1385,normal,0,0,65535_65535,1,6,87,1363,0,1,0,30,0,28,1,1,pre_allocation
989,1385,normal,0,0,65535_65535,1,6,87,1408,1,1,1,31,1408,28,1,1,allocated
989,1385,normal,0,0,65535_65535,1,7,87,1363,0,1,0,30,0,28,1,1,pre_allocation
989,1385,normal,0,0,65535_65535,1,7,87,1408,1,1,1,31,1408,28,1,1,allocated
989,1385,normal,0,0,65535_65535,1,9,87,1363,0,1,0,30,0,28,1,1,pre_allocation
989,1385,normal,0,0,65535_65535,1,9,87,1408,1,1,1,31,1408,28,1,1,allocated
989,1385,normal,0,0,65535_65535,1,10,87,1363,0,1,0,30,0,28,1,1,pre_allocation
989,1385,normal,0,0,65535_65535,1,10,87,1408,1,1,1,31,1408,28,1,1,allocated
989,1385,normal,0,0,65535_65535,1,6,87,1408,0,1,0,31,0,28,1,1,pre_allocation
989,1385,normal,0,0,65535_65535,1,6,87,1454,1,1,1,32,1454,28,1,1,allocated
989,1385,normal,0,0,65535_65535,1,7,87,1408,0,1,0,31,0,28,1,1,pre_allocation
989,1385,normal,0,0,65535_65535,1,7,87,1454,1,1,1,32,1454,28,1,1,allocated
989,1385,normal,0,0,65535_65535,1,9,87,1408,0,1,0,31,0,28,1,1,pre_allocation
989,1385,normal,0,0,65535_65535,1,9,87,1454,1,1,1,32,1454,28,1,1,allocated
989,1385,normal,0,0,65535_65535,1,10,87,1408,0,1,0,31,0,28,1,1,pre_allocation
989,1385,normal,0,0,65535_65535,1,10,87,1454,1,1,1,32,1454,28,1,1,allocated
989,1385,normal,0,0,65535_65535,1,6,87,1454,0,1,0,32,0,28,1,1,pre_allocation
989,1385,normal,0,0,65535_65535,1,6,87,1499,1,1,1,33,1499,28,1,1,allocated
989,1385,normal,0,0,65535_65535,1,7,87,1454,0,1,0,32,0,28,1,1,pre_allocation
989,1385,normal,0,0,65535_65535,1,7,87,1499,1,1,1,33,1499,28,1,1,allocated
989,1385,normal,0,0,65535_65535,1,9,87,1454,0,1,0,32,0,28,1,1,pre_allocation
989,1385,normal,0,0,65535_65535,1,9,87,1499,1,1,1,33,1499,28,1,1,allocated
989,1385,normal,0,0,65535_65535,1,10,87,1454,0,1,0,32,0,28,1,1,pre_allocation
989,1385,normal,0,0,65535_65535,1,10,87,1499,1,1,1,33,1499,28,1,1,allocated
989,1385,normal,0,0,65535_65535,1,6,87,1499,0,1,0,33,0,28,1,1,pre_allocation
989,1385,normal,0,0,65535_65535,1,6,87,1542,1,1,1,34,1542,28,1,1,allocated
989,1385,normal,0,0,65535_65535,1,7,87,1499,0,1,0,33,0,28,1,1,pre_allocation
989,1385,normal,0,0,65535_65535,1,7,87,1542,1,1,1,34,1542,28,1,1,allocated
989,1385,normal,0,0,65535_65535,1,9,87,1499,0,1,0,33,0,28,1,1,pre_allocation
989,1385,normal,0,0,65535_65535,1,9,87,1542,1,1,1,34,1542,28,1,1,allocated
989,1385,normal,0,0,65535_65535,1,10,87,1499,0,1,0,33,0,28,1,1,pre_allocation
989,1385,normal,0,0,65535_65535,1,10,87,1542,1,1,1,34,1542,28,1,1,allocated
989,1385,normal,0,0,65535_65535,1,6,87,1542,0,1,0,34,0,28,1,1,pre_allocation
989,1385,normal,0,0,65535_65535,1,6,87,1587,1,1,1,35,1587,28,1,1,allocated
989,1385,normal,0,0,65535_65535,1,7,87,1542,0,1,0,34,0,28,1,1,pre_allocation
989,1385,normal,0,0,65535_65535,1,7,87,1587,1,1,1,35,1587,28,1,1,allocated
1101,1483,normal,0,0,65535_65535,0,2,145293,0,0,1,0,0,0,28,1,1,pre_allocation
1101,1483,normal,0,0,65535_65535,0,2,145293,50,1,1,1,1,50,28,1,1,allocated
1101,1483,normal,0,0,65535_65535,0,3,149367,0,0,1,0,0,0,28,1,1,pre_allocation
1101,1483,normal,0,0,65535_65535,0,3,149367,50,1,1,1,1,50,28,1,1,allocated
1101,1483,normal,0,0,65535_65535,0,4,151933,0,0,1,0,0,0,28,1,1,pre_allocation
1101,1483,normal,0,0,65535_65535,0,4,151933,50,1,1,1,1,50,28,1,1,allocated
1101,1483,normal,0,0,65535_65535,0,5,156217,0,0,1,0,0,0,28,1,1,pre_allocation
1101,1483,normal,0,0,65535_65535,0,5,156217,50,1,1,1,1,50,28,1,1,allocated
1101,1483,normal,0,0,65535_65535,0,1,207956,0,0,1,0,0,0,26,1,1,pre_allocation
1101,1483,normal,0,0,65535_65535,0,1,207956,46,1,1,1,1,46,26,1,1,allocated
1101,1483,normal,0,0,65535_65535,0,2,145293,50,0,1,0,1,0,28,1,1,pre_allocation
1101,1483,normal,0,0,65535_65535,0,2,145293,103,1,1,1,2,103,28,1,1,allocated
1101,1483,normal,0,0,65535_65535,0,3,149367,50,0,1,0,1,0,28,1,1,pre_allocation
1101,1483,normal,0,0,65535_65535,0,3,149367,103,1,1,1,2,103,28,1,1,allocated
1101,1483,normal,0,0,65535_65535,0,4,151933,50,0,1,0,1,0,28,1,1,pre_allocation
1101,1483,normal,0,0,65535_65535,0,4,151933,103,1,1,1,2,103,28,1,1,allocated
1101,1483,normal,0,0,65535_65535,0,5,156217,50,0,1,0,1,0,28,1,1,pre_allocation
1101,1483,normal,0,0,65535_65535,0,5,156217,103,1,1,1,2,103,28,1,1,allocated
1101,1483,normal,0,0,65535_65535,0,1,207956,46,0,1,0,1,0,26,1,1,pre_allocation
1101,1483,normal,0,0,65535_65535,0,1,207956,95,1,1,1,2,95,26,1,1,allocated
1101,1483,normal,0,0,65535_65535,0,2,145293,103,0,1,0,2,0,28,1,1,pre_allocation
1101,1483,normal,0,0,65535_65535,0,2,145293,156,1,1,1,3,156,28,1,1,allocated
1101,1483,normal,0,0,65535_65535,0,3,149367,103,0,1,0,2,0,28,1,1,pre_allocation
1101,1483,normal,0,0,65535_65535,0,3,149367,156,1,1,1,3,156,28,1,1,allocated
1101,1483,normal,0,0,65535_65535,0,4,151933,103,0,1,0,2,0,28,1,1,pre_allocation
1101,1483,normal,0,0,65535_65535,0,4,151933,156,1,1,1,3,156,28,1,1,allocated
1101,1483,normal,0,0,65535_65535,0,5,156217,103,0,1,0,2,0,28,1,1,pre_allocation
1101,1483,normal,0,0,65535_65535,0,5,156217,156,1,1,1,3,156,28,1,1,allocated
1101,1483,normal,0,0,65535_65535,0,1,207956,95,0,1,0,2,0,26,1,1,pre_allocation
1101,1483,normal,0,0,65535_65535,0,1,207956,144,1,1,1,3,144,26,1,1,allocated
1101,1483,normal,0,0,65535_65535,0,2,145293,156,0,1,0,3,0,28,1,1,pre_allocation
1101,1483,normal,0,0,65535_65535,0,2,145293,209,1,1,1,4,209,28,1,1,allocated
1101,1483,normal,0,0,65535_65535,0,3,149367,156,0,1,0,3,0,28,1,1,pre_allocation
1101,1483,normal,0,0,65535_65535,0,3,149367,209,1,1,1,4,209,28,1,1,allocated
1101,1483,normal,0,0,65535_65535,0,4,151933,156,0,1,0,3,0,28,1,1,pre_allocation
1101,1483,normal,0,0,65535_65535,0,4,151933,209,1,1,1,4,209,28,1,1,allocated
1101,1483,normal,0,0,65535_65535,0,5,156217,156,0,1,0,3,0,28,1,1,pre_allocation
1101,1483,normal,0,0,65535_65535,0,5,156217,209,1,1,1,4,209,28,1,1,allocated
1101,1483,normal,0,0,65535_65535,0,1,207956,144,0,1,0,3,0,26,1,1,pre_allocation
1101,1483,normal,0,0,65535_65535,0,1,207956,193,1,1,1,4,193,26,1,1,allocated
1101,1483,normal,0,0,65535_65535,0,2,145293,209,0,1,0,4,0,28,1,1,pre_allocation
1101,1483,normal,0,0,65535_65535,0,2,145293,262,1,1,1,5,262,28,1,1,allocated
1101,1483,normal,0,0,65535_65535,0,3,149367,209,0,1,0,4,0,28,1,1,pre_allocation
1101,1483,normal,0,0,65535_65535,0,3,149367,262,1,1,1,5,262,28,1,1,allocated
1101,1483,normal,0,0,65535_65535,0,4,151933,209,0,1,0,4,0,28,1,1,pre_allocation
1101,1483,normal,0,0,65535_65535,0,4,151933,262,1,1,1,5,262,28,1,1,allocated
1101,1483,normal,0,0,65535_65535,0,5,156217,209,0,1,0,4,0,28,1,1,pre_allocation
1101,1483,normal,0,0,65535_65535,0,5,156217,262,1,1,1,5,262,28,1,1,allocated
1101,1483,normal,0,0,65535_65535,0,1,207956,193,0,1,0,4,0,26,1,1,pre_allocation
1101,1483,normal,0,0,65535_65535,0,1,207956,242,1,1,1,5,242,26,1,1,allocated
1101,1483,normal,0,0,65535_65535,0,2,145293,262,0,1,0,5,0,28,1,1,pre_allocation
1101,1483,normal,0,0,65535_65535,0,2,145293,315,1,1,1,6,315,28,1,1,allocated
1101,1483,normal,0,0,65535_65535,0,3,149367,262,0,1,0,5,0,28,1,1,pre_allocation
1101,1483,normal,0,0,65535_65535,0,3,149367,315,1,1,1,6,315,28,1,1,allocated
1101,1483,normal,0,0,65535_65535,0,4,151933,262,0,1,0,5,0,28,1,1,pre_allocation
1101,1483,normal,0,0,65535_65535,0,4,151933,315,1,1,1,6,315,28,1,1,allocated
1101,1483,normal,0,0,65535_65535,0,5,156217,262,0,1,0,5,0,28,1,1,pre_allocation
1101,1483,normal,0,0,65535_65535,0,5,156217,315,1,1,1,6,315,28,1,1,allocated
1101,1483,normal,0,0,65535_65535,0,1,207956,242,0,1,0,5,0,26,1,1,pre_allocation
1101,1483,normal,0,0,65535_65535,0,1,207956,291,1,1,1,6,291,26,1,1,allocated
1101,1483,normal,0,0,65535_65535,0,2,145293,315,0,1,0,6,0,28,1,1,pre_allocation
1101,1483,normal,0,0,65535_65535,0,2,145293,368,1,1,1,7,368,28,1,1,allocated
1101,1483,normal,0,0,65535_65535,0,3,149367,315,0,1,0,6,0,28,1,1,pre_allocation
1101,1483,normal,0,0,65535_65535,0,3,149367,368,1,1,1,7,368,28,1,1,allocated
1101,1483,normal,0,0,65535_65535,0,4,151933,315,0,1,0,6,0,28,1,1,pre_allocation
1101,1483,normal,0,0,65535_65535,0,4,151933,368,1,1,1,7,368,28,1,1,allocated
1101,1483,normal,0,0,65535_65535,0,5,156217,315,0,1,0,6,0,28,1,1,pre_allocation
1101,1483,normal,0,0,65535_65535,0,5,156217,368,1,1,1,7,368,28,1,1,allocated
1101,1483,normal,0,0,65535_65535,0,1,207956,291,0,1,0,6,0,26,1,1,pre_allocation
1101,1483,normal,0,0,65535_65535,0,1,207956,340,1,1,1,7,340,26,1,1,allocated
1101,1483,normal,0,0,65535_65535,0,2,145293,368,0,1,0,7,0,28,1,1,pre_allocation
1101,1483,normal,0,0,65535_65535,0,2,145293,422,1,1,1,8,422,28,1,1,allocated
1101,1483,normal,0,0,65535_65535,0,3,149367,368,0,1,0,7,0,28,1,1,pre_allocation
1101,1483,normal,0,0,65535_65535,0,3,149367,422,1,1,1,8,422,28,1,1,allocated
1101,1483,normal,0,0,65535_65535,0,4,151933,368,0,1,0,7,0,28,1,1,pre_allocation
1101,1483,normal,0,0,65535_65535,0,4,151933,422,1,1,1,8,422,28,1,1,allocated
1101,1483,normal,0,0,65535_65535,0,5,156217,368,0,1,0,7,0,28,1,1,pre_allocation
1101,1483,normal,0,0,65535_65535,0,5,156217,422,1,1,1,8,422,28,1,1,allocated
1101,1483,normal,0,0,65535_65535,0,1,207956,340,0,1,0,7,0,26,1,1,pre_allocation
1101,1483,normal,0,0,65535_65535,0,1,207956,389,1,1,1,8,389,26,1,1,allocated
1101,1483,normal,0,0,65535_65535,0,2,145293,422,0,1,0,8,0,28,1,1,pre_allocation
1101,1483,normal,0,0,65535_65535,0,2,145293,475,1,1,1,9,475,28,1,1,allocated
1101,1483,normal,0,0,65535_65535,0,3,149367,422,0,1,0,8,0,28,1,1,pre_allocation
1101,1483,normal,0,0,65535_65535,0,3,149367,475,1,1,1,9,475,28,1,1,allocated
1101,1483,normal,0,0,65535_65535,0,4,151933,422,0,1,0,8,0,28,1,1,pre_allocation
1101,1483,normal,0,0,65535_65535,0,4,151933,475,1,1,1,9,475,28,1,1,allocated
1101,1483,normal,0,0,65535_65535,0,5,156217,422,0,1,0,8,0,28,1,1,pre_allocation
1101,1483,normal,0,0,65535_65535,0,5,156217,475,1,1,1,9,475,28,1,1,allocated
1101,1483,normal,0,0,65535_65535,0,1,207956,389,0,1,0,8,0,26,1,1,pre_allocation
1101,1483,normal,0,0,65535_65535,0,1,207956,438,1,1,1,9,438,26,1,1,allocated
1101,1483,normal,0,0,65535_65535,0,2,145293,475,0,1,0,9,0,28,1,1,pre_allocation
1101,1483,normal,0,0,65535_65535,0,2,145293,528,1,1,1,10,528,28,1,1,allocated
1101,1483,normal,0,0,65535_65535,0,3,149367,475,0,1,0,9,0,28,1,1,pre_allocation
1101,1483,normal,0,0,65535_65535,0,3,149367,528,1,1,1,10,528,28,1,1,allocated
1101,1483,normal,0,0,65535_65535,0,4,151933,475,0,1,0,9,0,28,1,1,pre_allocation
1101,1483,normal,0,0,65535_65535,0,4,151933,528,1,1,1,10,528,28,1,1,allocated
1101,1483,normal,0,0,65535_65535,0,5,156217,475,0,1,0,9,0,28,1,1,pre_allocation
1101,1483,normal,0,0,65535_65535,0,5,156217,528,1,1,1,10,528,28,1,1,allocated
1101,1483,normal,0,0,65535_65535,0,1,207956,438,0,1,0,9,0,26,1,1,pre_allocation
1101,1483,normal,0,0,65535_65535,0,1,207956,487,1,1,1,10,487,26,1,1,allocated
1101,1483,normal,0,0,65535_65535,0,2,145293,528,0,1,0,10,0,28,1,1,pre_allocation
1101,1483,normal,0,0,65535_65535,0,2,145293,581,1,1,1,11,581,28,1,1,allocated
1101,1483,normal,0,0,65535_65535,0,3,149367,528,0,1,0,10,0,28,1,1,pre_allocation
1101,1483,normal,0,0,65535_65535,0,3,149367,581,1,1,1,11,581,28,1,1,allocated
1101,1483,normal,0,0,65535_65535,0,4,151933,528,0,1,0,10,0,28,1,1,pre_allocation
1101,1483,normal,0,0,65535_65535,0,4,151933,581,1,1,1,11,581,28,1,1,allocated
1101,1483,normal,0,0,65535_65535,0,5,156217,528,0,1,0,10,0,28,1,1,pre_allocation
1101,1483,normal,0,0,65535_65535,0,5,156217,581,1,1,1,11,581,28,1,1,allocated
1101,1483,normal,0,0,65535_65535,0,1,207956,487,0,1,0,10,0,26,1,1,pre_allocation
1101,1483,normal,0,0,65535_65535,0,1,207956,536,1,1,1,11,536,26,1,1,allocated
1101,1483,normal,0,0,65535_65535,0,2,145293,581,0,1,0,11,0,28,1,1,pre_allocation
1101,1483,normal,0,0,65535_65535,0,2,145293,634,1,1,1,12,634,28,1,1,allocated
1101,1483,normal,0,0,65535_65535,0,3,149367,581,0,1,0,11,0,28,1,1,pre_allocation
1101,1483,normal,0,0,65535_65535,0,3,149367,634,1,1,1,12,634,28,1,1,allocated
1101,1483,normal,0,0,65535_65535,0,4,151933,581,0,1,0,11,0,28,1,1,pre_allocation
1101,1483,normal,0,0,65535_65535,0,4,151933,634,1,1,1,12,634,28,1,1,allocated
1101,1483,normal,0,0,65535_65535,0,5,156217,581,0,1,0,11,0,28,1,1,pre_allocation
1101,1483,normal,0,0,65535_65535,0,5,156217,634,1,1,1,12,634,28,1,1,allocated
1101,1483,normal,0,0,65535_65535,0,1,207956,536,0,1,0,11,0,26,1,1,pre_allocation
1101,1483,normal,0,0,65535_65535,0,1,207956,586,1,1,1,12,586,26,1,1,allocated
1101,1483,normal,0,0,65535_65535,0,2,145293,634,0,1,0,12,0,28,1,1,pre_allocation
1101,1483,normal,0,0,65535_65535,0,2,145293,687,1,1,1,13,687,28,1,1,allocated
1101,1483,normal,0,0,65535_65535,0,3,149367,634,0,1,0,12,0,28,1,1,pre_allocation
1101,1483,normal,0,0,65535_65535,0,3,149367,687,1,1,1,13,687,28,1,1,allocated
1101,1483,normal,0,0,65535_65535,0,4,151933,634,0,1,0,12,0,28,1,1,pre_allocation
1101,1483,normal,0,0,65535_65535,0,4,151933,687,1,1,1,13,687,28,1,1,allocated
1101,1483,normal,0,0,65535_65535,0,5,156217,634,0,1,0,12,0,28,1,1,pre_allocation
1101,1483,normal,0,0,65535_65535,0,5,156217,687,1,1,1,13,687,28,1,1,allocated
1101,1483,normal,0,0,65535_65535,0,1,207956,586,0,1,0,12,0,26,1,1,pre_allocation
1101,1483,normal,0,0,65535_65535,0,1,207956,635,1,1,1,13,635,26,1,1,allocated
1101,1483,normal,0,0,65535_65535,0,2,145293,687,0,1,0,13,0,28,1,1,pre_allocation
1101,1483,normal,0,0,65535_65535,0,2,145293,740,1,1,1,14,740,28,1,1,allocated
1101,1483,normal,0,0,65535_65535,0,3,149367,687,0,1,0,13,0,28,1,1,pre_allocation
1101,1483,normal,0,0,65535_65535,0,3,149367,740,1,1,1,14,740,28,1,1,allocated
1101,1483,normal,0,0,65535_65535,0,4,151933,687,0,1,0,13,0,28,1,1,pre_allocation
1101,1483,normal,0,0,65535_65535,0,4,151933,740,1,1,1,14,740,28,1,1,allocated
1101,1483,normal,0,0,65535_65535,0,5,156217,687,0,1,0,13,0,28,1,1,pre_allocation
1101,1483,normal,0,0,65535_65535,0,5,156217,740,1,1,1,14,740,28,1,1,allocated
1101,1483,normal,0,0,65535_65535,0,1,207956,635,0,1,0,13,0,26,1,1,pre_allocation
1101,1483,normal,0,0,65535_65535,0,1,207956,684,1,1,1,14,684,26,1,1,allocated
1101,1483,normal,0,0,65535_65535,0,2,145293,740,0,1,0,14,0,28,1,1,pre_allocation
1101,1483,normal,0,0,65535_65535,0,2,145293,793,1,1,1,15,793,28,1,1,allocated
1101,1483,normal,0,0,65535_65535,1,6,87,0,0,1,0,0,0,28,1,1,pre_allocation
1101,1483,normal,0,0,65535_65535,1,6,87,50,1,1,1,1,50,28,1,1,allocated
1101,1483,normal,0,0,65535_65535,1,7,87,0,0,1,0,0,0,28,1,1,pre_allocation
1101,1483,normal,0,0,65535_65535,1,7,87,50,1,1,1,1,50,28,1,1,allocated
1101,1483,normal,0,0,65535_65535,1,9,87,0,0,1,0,0,0,28,1,1,pre_allocation
1101,1483,normal,0,0,65535_65535,1,9,87,50,1,1,1,1,50,28,1,1,allocated
1101,1483,normal,0,0,65535_65535,1,10,87,0,0,1,0,0,0,28,1,1,pre_allocation
1101,1483,normal,0,0,65535_65535,1,10,87,50,1,1,1,1,50,28,1,1,allocated
1101,1483,normal,0,0,65535_65535,1,6,87,50,0,1,0,1,0,28,1,1,pre_allocation
1101,1483,normal,0,0,65535_65535,1,6,87,103,1,1,1,2,103,28,1,1,allocated
1101,1483,normal,0,0,65535_65535,1,7,87,50,0,1,0,1,0,28,1,1,pre_allocation
1101,1483,normal,0,0,65535_65535,1,7,87,103,1,1,1,2,103,28,1,1,allocated
1101,1483,normal,0,0,65535_65535,1,9,87,50,0,1,0,1,0,28,1,1,pre_allocation
1101,1483,normal,0,0,65535_65535,1,9,87,103,1,1,1,2,103,28,1,1,allocated
1101,1483,normal,0,0,65535_65535,1,10,87,50,0,1,0,1,0,28,1,1,pre_allocation
1101,1483,normal,0,0,65535_65535,1,10,87,103,1,1,1,2,103,28,1,1,allocated
1101,1483,normal,0,0,65535_65535,1,6,87,103,0,1,0,2,0,28,1,1,pre_allocation
1101,1483,normal,0,0,65535_65535,1,6,87,156,1,1,1,3,156,28,1,1,allocated
1101,1483,normal,0,0,65535_65535,1,7,87,103,0,1,0,2,0,28,1,1,pre_allocation
1101,1483,normal,0,0,65535_65535,1,7,87,156,1,1,1,3,156,28,1,1,allocated
1101,1483,normal,0,0,65535_65535,1,9,87,103,0,1,0,2,0,28,1,1,pre_allocation
1101,1483,normal,0,0,65535_65535,1,9,87,156,1,1,1,3,156,28,1,1,allocated
1101,1483,normal,0,0,65535_65535,1,10,87,103,0,1,0,2,0,28,1,1,pre_allocation
1101,1483,normal,0,0,65535_65535,1,10,87,156,1,1,1,3,156,28,1,1,allocated
1101,1483,normal,0,0,65535_65535,1,6,87,156,0,1,0,3,0,28,1,1,pre_allocation
1101,1483,normal,0,0,65535_65535,1,6,87,209,1,1,1,4,209,28,1,1,allocated
1101,1483,normal,0,0,65535_65535,1,7,87,156,0,1,0,3,0,28,1,1,pre_allocation
1101,1483,normal,0,0,65535_65535,1,7,87,209,1,1,1,4,209,28,1,1,allocated
1101,1483,normal,0,0,65535_65535,1,9,87,156,0,1,0,3,0,28,1,1,pre_allocation
1101,1483,normal,0,0,65535_65535,1,9,87,209,1,1,1,4,209,28,1,1,allocated
1101,1483,normal,0,0,65535_65535,1,10,87,156,0,1,0,3,0,28,1,1,pre_allocation
1101,1483,normal,0,0,65535_65535,1,10,87,209,1,1,1,4,209,28,1,1,allocated
1101,1483,normal,0,0,65535_65535,1,6,87,209,0,1,0,4,0,28,1,1,pre_allocation
1101,1483,normal,0,0,65535_65535,1,6,87,262,1,1,1,5,262,28,1,1,allocated
1101,1483,normal,0,0,65535_65535,1,7,87,209,0,1,0,4,0,28,1,1,pre_allocation
1101,1483,normal,0,0,65535_65535,1,7,87,262,1,1,1,5,262,28,1,1,allocated
1101,1483,normal,0,0,65535_65535,1,9,87,209,0,1,0,4,0,28,1,1,pre_allocation
1101,1483,normal,0,0,65535_65535,1,9,87,262,1,1,1,5,262,28,1,1,allocated
1101,1483,normal,0,0,65535_65535,1,10,87,209,0,1,0,4,0,28,1,1,pre_allocation
1101,1483,normal,0,0,65535_65535,1,10,87,262,1,1,1,5,262,28,1,1,allocated
1101,1483,normal,0,0,65535_65535,1,6,87,262,0,1,0,5,0,28,1,1,pre_allocation
1101,1483,normal,0,0,65535_65535,1,6,87,315,1,1,1,6,315,28,1,1,allocated
1101,1483,normal,0,0,65535_65535,1,7,87,262,0,1,0,5,0,28,1,1,pre_allocation
1101,1483,normal,0,0,65535_65535,1,7,87,315,1,1,1,6,315,28,1,1,allocated
1101,1483,normal,0,0,65535_65535,1,9,87,262,0,1,0,5,0,28,1,1,pre_allocation
1101,1483,normal,0,0,65535_65535,1,9,87,315,1,1,1,6,315,28,1,1,allocated
1101,1483,normal,0,0,65535_65535,1,10,87,262,0,1,0,5,0,28,1,1,pre_allocation
1101,1483,normal,0,0,65535_65535,1,10,87,315,1,1,1,6,315,28,1,1,allocated
1101,1483,normal,0,0,65535_65535,1,6,87,315,0,1,0,6,0,28,1,1,pre_allocation
1101,1483,normal,0,0,65535_65535,1,6,87,368,1,1,1,7,368,28,1,1,allocated
1101,1483,normal,0,0,65535_65535,1,7,87,315,0,1,0,6,0,28,1,1,pre_allocation
1101,1483,normal,0,0,65535_65535,1,7,87,368,1,1,1,7,368,28,1,1,allocated
1101,1483,normal,0,0,65535_65535,1,9,87,315,0,1,0,6,0,28,1,1,pre_allocation
1101,1483,normal,0,0,65535_65535,1,9,87,368,1,1,1,7,368,28,1,1,allocated
1101,1483,normal,0,0,65535_65535,1,10,87,315,0,1,0,6,0,28,1,1,pre_allocation
1101,1483,normal,0,0,65535_65535,1,10,87,368,1,1,1,7,368,28,1,1,allocated
1101,1483,normal,0,0,65535_65535,1,6,87,368,0,1,0,7,0,28,1,1,pre_allocation
1101,1483,normal,0,0,65535_65535,1,6,87,422,1,1,1,8,422,28,1,1,allocated
1101,1483,normal,0,0,65535_65535,1,7,87,368,0,1,0,7,0,28,1,1,pre_allocation
1101,1483,normal,0,0,65535_65535,1,7,87,422,1,1,1,8,422,28,1,1,allocated
1101,1483,normal,0,0,65535_65535,1,9,87,368,0,1,0,7,0,28,1,1,pre_allocation
1101,1483,normal,0,0,65535_65535,1,9,87,422,1,1,1,8,422,28,1,1,allocated
1101,1483,normal,0,0,65535_65535,1,10,87,368,0,1,0,7,0,28,1,1,pre_allocation
1101,1483,normal,0,0,65535_65535,1,10,87,422,1,1,1,8,422,28,1,1,allocated
1101,1483,normal,0,0,65535_65535,1,6,87,422,0,1,0,8,0,28,1,1,pre_allocation
1101,1483,normal,0,0,65535_65535,1,6,87,475,1,1,1,9,475,28,1,1,allocated
1101,1483,normal,0,0,65535_65535,1,7,87,422,0,1,0,8,0,28,1,1,pre_allocation
1101,1483,normal,0,0,65535_65535,1,7,87,475,1,1,1,9,475,28,1,1,allocated
1101,1483,normal,0,0,65535_65535,1,9,87,422,0,1,0,8,0,28,1,1,pre_allocation
1101,1483,normal,0,0,65535_65535,1,9,87,475,1,1,1,9,475,28,1,1,allocated
1101,1483,normal,0,0,65535_65535,1,10,87,422,0,1,0,8,0,28,1,1,pre_allocation
1101,1483,normal,0,0,65535_65535,1,10,87,475,1,1,1,9,475,28,1,1,allocated
1101,1483,normal,0,0,65535_65535,1,6,87,475,0,1,0,9,0,28,1,1,pre_allocation
1101,1483,normal,0,0,65535_65535,1,6,87,528,1,1,1,10,528,28,1,1,allocated
1101,1483,normal,0,0,65535_65535,1,7,87,475,0,1,0,9,0,28,1,1,pre_allocation
1101,1483,normal,0,0,65535_65535,1,7,87,528,1,1,1,10,528,28,1,1,allocated
1101,1483,normal,0,0,65535_65535,1,9,87,475,0,1,0,9,0,28,1,1,pre_allocation
1101,1483,normal,0,0,65535_65535,1,9,87,528,1,1,1,10,528,28,1,1,allocated
1101,1483,normal,0,0,65535_65535,1,10,87,475,0,1,0,9,0,28,1,1,pre_allocation
1101,1483,normal,0,0,65535_65535,1,10,87,528,1,1,1,10,528,28,1,1,allocated
1101,1483,normal,0,0,65535_65535,1,6,87,528,0,1,0,10,0,28,1,1,pre_allocation
1101,1483,normal,0,0,65535_65535,1,6,87,581,1,1,1,11,581,28,1,1,allocated
1101,1483,normal,0,0,65535_65535,1,7,87,528,0,1,0,10,0,28,1,1,pre_allocation
1101,1483,normal,0,0,65535_65535,1,7,87,581,1,1,1,11,581,28,1,1,allocated
1101,1483,normal,0,0,65535_65535,1,9,87,528,0,1,0,10,0,28,1,1,pre_allocation
1101,1483,normal,0,0,65535_65535,1,9,87,581,1,1,1,11,581,28,1,1,allocated
1101,1483,normal,0,0,65535_65535,1,10,87,528,0,1,0,10,0,28,1,1,pre_allocation
1101,1483,normal,0,0,65535_65535,1,10,87,581,1,1,1,11,581,28,1,1,allocated
1101,1483,normal,0,0,65535_65535,1,6,87,581,0,1,0,11,0,28,1,1,pre_allocation
1101,1483,normal,0,0,65535_65535,1,6,87,634,1,1,1,12,634,28,1,1,allocated
1101,1483,normal,0,0,65535_65535,1,7,87,581,0,1,0,11,0,28,1,1,pre_allocation
1101,1483,normal,0,0,65535_65535,1,7,87,634,1,1,1,12,634,28,1,1,allocated
1101,1483,normal,0,0,65535_65535,1,9,87,581,0,1,0,11,0,28,1,1,pre_allocation
1101,1483,normal,0,0,65535_65535,1,9,87,634,1,1,1,12,634,28,1,1,allocated
1101,1483,normal,0,0,65535_65535,1,10,87,581,0,1,0,11,0,28,1,1,pre_allocation
1101,1483,normal,0,0,65535_65535,1,10,87,634,1,1,1,12,634,28,1,1,allocated
1101,1483,normal,0,0,65535_65535,1,6,87,634,0,1,0,12,0,28,1,1,pre_allocation
1101,1483,normal,0,0,65535_65535,1,6,87,687,1,1,1,13,687,28,1,1,allocated
1101,1483,normal,0,0,65535_65535,1,7,87,634,0,1,0,12,0,28,1,1,pre_allocation
1101,1483,normal,0,0,65535_65535,1,7,87,687,1,1,1,13,687,28,1,1,allocated
1101,1483,normal,0,0,65535_65535,1,9,87,634,0,1,0,12,0,28,1,1,pre_allocation
1101,1483,normal,0,0,65535_65535,1,9,87,687,1,1,1,13,687,28,1,1,allocated
1101,1483,normal,0,0,65535_65535,1,10,87,634,0,1,0,12,0,28,1,1,pre_allocation
1101,1483,normal,0,0,65535_65535,1,10,87,687,1,1,1,13,687,28,1,1,allocated
1101,1483,normal,0,0,65535_65535,1,6,87,687,0,1,0,13,0,28,1,1,pre_allocation
1101,1483,normal,0,0,65535_65535,1,6,87,740,1,1,1,14,740,28,1,1,allocated
1101,1483,normal,0,0,65535_65535,1,7,87,687,0,1,0,13,0,28,1,1,pre_allocation
1101,1483,normal,0,0,65535_65535,1,7,87,740,1,1,1,14,740,28,1,1,allocated
1101,1483,normal,0,0,65535_65535,1,9,87,687,0,1,0,13,0,28,1,1,pre_allocation
1101,1483,normal,0,0,65535_65535,1,9,87,740,1,1,1,14,740,28,1,1,allocated
1101,1483,normal,0,0,65535_65535,1,10,87,687,0,1,0,13,0,28,1,1,pre_allocation
1101,1483,normal,0,0,65535_65535,1,10,87,740,1,1,1,14,740,28,1,1,allocated
1101,1483,normal,0,0,65535_65535,1,6,87,740,0,1,0,14,0,28,1,1,pre_allocation
1101,1483,normal,0,0,65535_65535,1,6,87,793,1,1,1,15,793,28,1,1,allocated
1101,1483,normal,0,0,65535_65535,1,7,87,740,0,1,0,14,0,28,1,1,pre_allocation
1101,1483,normal,0,0,65535_65535,1,7,87,793,1,1,1,15,793,28,1,1,allocated
1101,1483,normal,0,0,65535_65535,1,9,87,740,0,1,0,14,0,28,1,1,pre_allocation
1101,1483,normal,0,0,65535_65535,1,9,87,793,1,1,1,15,793,28,1,1,allocated
1101,1483,normal,0,0,65535_65535,1,10,87,740,0,1,0,14,0,28,1,1,pre_allocation
1101,1483,normal,0,0,65535_65535,1,10,87,793,1,1,1,15,793,28,1,1,allocated
1101,1483,normal,0,0,65535_65535,1,6,87,793,0,1,0,15,0,28,1,1,pre_allocation
1101,1483,normal,0,0,65535_65535,1,6,87,847,1,1,1,16,847,28,1,1,allocated
1101,1483,normal,0,0,65535_65535,1,7,87,793,0,1,0,15,0,28,1,1,pre_allocation
1101,1483,normal,0,0,65535_65535,1,7,87,847,1,1,1,16,847,28,1,1,allocated
1101,1483,normal,0,0,65535_65535,1,9,87,793,0,1,0,15,0,28,1,1,pre_allocation
1101,1483,normal,0,0,65535_65535,1,9,87,847,1,1,1,16,847,28,1,1,allocated
1101,1483,normal,0,0,65535_65535,1,10,87,793,0,1,0,15,0,28,1,1,pre_allocation
1101,1483,normal,0,0,65535_65535,1,10,87,847,1,1,1,16,847,28,1,1,allocated
1101,1483,normal,0,0,65535_65535,1,6,87,847,0,1,0,16,0,28,1,1,pre_allocation
1101,1483,normal,0,0,65535_65535,1,6,87,900,1,1,1,17,900,28,1,1,allocated
1101,1483,normal,0,0,65535_65535,1,7,87,847,0,1,0,16,0,28,1,1,pre_allocation
1101,1483,normal,0,0,65535_65535,1,7,87,900,1,1,1,17,900,28,1,1,allocated
1101,1483,normal,0,0,65535_65535,1,9,87,847,0,1,0,16,0,28,1,1,pre_allocation
1101,1483,normal,0,0,65535_65535,1,9,87,900,1,1,1,17,900,28,1,1,allocated
1101,1483,normal,0,0,65535_65535,1,10,87,847,0,1,0,16,0,28,1,1,pre_allocation
1101,1483,normal,0,0,65535_65535,1,10,87,900,1,1,1,17,900,28,1,1,allocated
1101,1483,normal,0,0,65535_65535,1,6,87,900,0,1,0,17,0,28,1,1,pre_allocation
1101,1483,normal,0,0,65535_65535,1,6,87,953,1,1,1,18,953,28,1,1,allocated
1101,1483,normal,0,0,65535_65535,1,7,87,900,0,1,0,17,0,28,1,1,pre_allocation
1101,1483,normal,0,0,65535_65535,1,7,87,953,1,1,1,18,953,28,1,1,allocated
1101,1483,normal,0,0,65535_65535,1,9,87,900,0,1,0,17,0,28,1,1,pre_allocation
1101,1483,normal,0,0,65535_65535,1,9,87,953,1,1,1,18,953,28,1,1,allocated
1101,1483,normal,0,0,65535_65535,1,10,87,900,0,1,0,17,0,28,1,1,pre_allocation
1101,1483,normal,0,0,65535_65535,1,10,87,953,1,1,1,18,953,28,1,1,allocated
1101,1483,normal,0,0,65535_65535,1,6,87,953,0,1,0,18,0,28,1,1,pre_allocation
1101,1483,normal,0,0,65535_65535,1,6,87,1006,1,1,1,19,1006,28,1,1,allocated
1101,1483,normal,0,0,65535_65535,1,7,87,953,0,1,0,18,0,28,1,1,pre_allocation
1101,1483,normal,0,0,65535_65535,1,7,87,1006,1,1,1,19,1006,28,1,1,allocated
1101,1483,normal,0,0,65535_65535,1,9,87,953,0,1,0,18,0,28,1,1,pre_allocation
1101,1483,normal,0,0,65535_65535,1,9,87,1006,1,1,1,19,1006,28,1,1,allocated
1101,1483,normal,0,0,65535_65535,1,10,87,953,0,1,0,18,0,28,1,1,pre_allocation
1101,1483,normal,0,0,65535_65535,1,10,87,1006,1,1,1,19,1006,28,1,1,allocated
1101,1483,normal,0,0,65535_65535,1,6,87,1006,0,1,0,19,0,28,1,1,pre_allocation
1101,1483,normal,0,0,65535_65535,1,6,87,1059,1,1,1,20,1059,28,1,1,allocated
1101,1483,normal,0,0,65535_65535,1,7,87,1006,0,1,0,19,0,28,1,1,pre_allocation
1101,1483,normal,0,0,65535_65535,1,7,87,1059,1,1,1,20,1059,28,1,1,allocated
1101,1483,normal,0,0,65535_65535,1,9,87,1006,0,1,0,19,0,28,1,1,pre_allocation
1101,1483,normal,0,0,65535_65535,1,9,87,1059,1,1,1,20,1059,28,1,1,allocated
1101,1483,normal,0,0,65535_65535,1,10,87,1006,0,1,0,19,0,28,1,1,pre_allocation
1101,1483,normal,0,0,65535_65535,1,10,87,1059,1,1,1,20,1059,28,1,1,allocated
1101,1483,normal,0,0,65535_65535,1,6,87,1059,0,1,0,20,0,28,1,1,pre_allocation
1101,1483,normal,0,0,65535_65535,1,6,87,1112,1,1,1,21,1112,28,1,1,allocated
1101,1483,normal,0,0,65535_65535,1,7,87,1059,0,1,0,20,0,28,1,1,pre_allocation
1101,1483,normal,0,0,65535_65535,1,7,87,1112,1,1,1,21,1112,28,1,1,allocated
1101,1483,normal,0,0,65535_65535,1,9,87,1059,0,1,0,20,0,28,1,1,pre_allocation
1101,1483,normal,0,0,65535_65535,1,9,87,1112,1,1,1,21,1112,28,1,1,allocated
1101,1483,normal,0,0,65535_65535,1,10,87,1059,0,1,0,20,0,28,1,1,pre_allocation
1101,1483,normal,0,0,65535_65535,1,10,87,1112,1,1,1,21,1112,28,1,1,allocated
1101,1483,normal,0,0,65535_65535,1,6,87,1112,0,1,0,21,0,28,1,1,pre_allocation
1101,1483,normal,0,0,65535_65535,1,6,87,1165,1,1,1,22,1165,28,1,1,allocated
1101,1483,normal,0,0,65535_65535,1,7,87,1112,0,1,0,21,0,28,1,1,pre_allocation
1101,1483,normal,0,0,65535_65535,1,7,87,1165,1,1,1,22,1165,28,1,1,allocated
1101,1483,normal,0,0,65535_65535,1,9,87,1112,0,1,0,21,0,28,1,1,pre_allocation
1101,1483,normal,0,0,65535_65535,1,9,87,1165,1,1,1,22,1165,28,1,1,allocated
1101,1483,normal,0,0,65535_65535,1,10,87,1112,0,1,0,21,0,28,1,1,pre_allocation
1101,1483,normal,0,0,65535_65535,1,10,87,1165,1,1,1,22,1165,28,1,1,allocated
1101,1483,normal,0,0,65535_65535,1,6,87,1165,0,1,0,22,0,28,1,1,pre_allocation
1101,1483,normal,0,0,65535_65535,1,6,87,1218,1,1,1,23,1218,28,1,1,allocated
1101,1483,normal,0,0,65535_65535,1,7,87,1165,0,1,0,22,0,28,1,1,pre_allocation
1101,1483,normal,0,0,65535_65535,1,7,87,1218,1,1,1,23,1218,28,1,1,allocated
1101,1483,normal,0,0,65535_65535,1,9,87,1165,0,1,0,22,0,28,1,1,pre_allocation
1101,1483,normal,0,0,65535_65535,1,9,87,1218,1,1,1,23,1218,28,1,1,allocated
1101,1483,normal,0,0,65535_65535,1,10,87,1165,0,1,0,22,0,28,1,1,pre_allocation
1101,1483,normal,0,0,65535_65535,1,10,87,1218,1,1,1,23,1218,28,1,1,allocated
1101,1483,normal,0,0,65535_65535,1,6,87,1218,0,1,0,23,0,28,1,1,pre_allocation
1101,1483,normal,0,0,65535_65535,1,6,87,1272,1,1,1,24,1272,28,1,1,allocated
1101,1483,normal,0,0,65535_65535,2,27,137,0,0,1,0,0,0,28,1,1,pre_allocation
1101,1483,normal,0,0,65535_65535,2,27,137,50,1,1,1,1,50,28,1,1,allocated
1101,1483,normal,0,0,65535_65535,2,25,137,0,0,1,0,0,0,28,1,1,pre_allocation
1101,1483,normal,0,0,65535_65535,2,25,137,50,1,1,1,1,50,28,1,1,allocated
1101,1483,normal,0,0,65535_65535,2,24,137,0,0,1,0,0,0,28,1,1,pre_allocation
1101,1483,normal,0,0,65535_65535,2,24,137,50,1,1,1,1,50,28,1,1,allocated
1101,1483,normal,0,0,65535_65535,2,22,137,0,0,1,0,0,0,28,1,1,pre_allocation
1101,1483,normal,0,0,65535_65535,2,22,137,50,1,1,1,1,50,28,1,1,allocated
1101,1483,normal,0,0,65535_65535,2,21,137,0,0,1,0,0,0,28,1,1,pre_allocation
1101,1483,normal,0,0,65535_65535,2,21,137,50,1,1,1,1,50,28,1,1,allocated
1101,1483,normal,0,0,65535_65535,2,11,137,0,0,1,0,0,0,28,1,1,pre_allocation
1101,1483,normal,0,0,65535_65535,2,11,137,50,1,1,1,1,50,28,1,1,allocated
1101,1483,normal,0,0,65535_65535,2,12,137,0,0,1,0,0,0,28,1,1,pre_allocation
1101,1483,normal,0,0,65535_65535,2,12,137,50,1,1,1,1,50,28,1,1,allocated
1101,1483,normal,0,0,65535_65535,2,28,137,0,0,1,0,0,0,26,1,1,pre_allocation
1101,1483,normal,0,0,65535_65535,2,28,137,46,1,1,1,1,46,26,1,1,allocated
1101,1483,normal,0,0,65535_65535,2,26,269,0,0,1,0,0,0,15,1,1,pre_allocation
1101,1483,normal,0,0,65535_65535,2,26,269,17,1,1,1,1,17,15,1,1,allocated
1101,1483,normal,0,0,65535_65535,2,23,605,0,0,1,0,0,0,15,1,1,pre_allocation
1101,1483,normal,0,0,65535_65535,2,23,605,17,1,1,1,1,17,15,1,1,allocated
1101,1483,normal,0,0,65535_65535,2,27,137,50,0,1,0,1,0,28,1,1,pre_allocation
1101,1483,normal,0,0,65535_65535,2,27,137,103,1,1,1,2,103,28,1,1,allocated
1101,1483,normal,0,0,65535_65535,2,25,137,50,0,1,0,1,0,28,1,1,pre_allocation
1101,1483,normal,0,0,65535_65535,2,25,137,103,1,1,1,2,103,28,1,1,allocated
1101,1483,normal,0,0,65535_65535,2,24,137,50,0,1,0,1,0,28,1,1,pre_allocation
1101,1483,normal,0,0,65535_65535,2,24,137,103,1,1,1,2,103,28,1,1,allocated
1101,1483,normal,0,0,65535_65535,2,22,137,50,0,1,0,1,0,28,1,1,pre_allocation
1101,1483,normal,0,0,65535_65535,2,22,137,103,1,1,1,2,103,28,1,1,allocated
1101,1483,normal,0,0,65535_65535,2,21,137,50,0,1,0,1,0,28,1,1,pre_allocation
1101,1483,normal,0,0,65535_65535,2,21,137,103,1,1,1,2,103,28,1,1,allocated
1101,1483,normal,0,0,65535_65535,2,11,137,50,0,1,0,1,0,28,1,1,pre_allocation
1101,1483,normal,0,0,65535_65535,2,11,137,103,1,1,1,2,103,28,1,1,allocated
1101,1483,normal,0,0,65535_65535,2,12,137,50,0,1,0,1,0,28,1,1,pre_allocation
1101,1483,normal,0,0,65535_65535,2,12,137,103,1,1,1,2,103,28,1,1,allocated
1101,1483,normal,0,0,65535_65535,2,28,137,46,0,1,0,1,0,26,1,1,pre_allocation
1101,1483,normal,0,0,65535_65535,2,28,137,95,1,1,1,2,95,26,1,1,allocated
1101,1483,normal,0,0,65535_65535,2,26,269,17,0,1,0,1,0,15,1,1,pre_allocation
1101,1483,normal,0,0,65535_65535,2,26,269,38,1,1,1,2,38,15,1,1,allocated
1101,1483,normal,0,0,65535_65535,2,23,605,17,0,1,0,1,0,15,1,1,pre_allocation
1101,1483,normal,0,0,65535_65535,2,23,605,38,1,1,1,2,38,15,1,1,allocated
1101,1483,normal,0,0,65535_65535,2,27,137,103,0,1,0,2,0,28,1,1,pre_allocation
1101,1483,normal,0,0,65535_65535,2,27,137,156,1,1,1,3,156,28,1,1,allocated
1101,1483,normal,0,0,65535_65535,2,25,137,103,0,1,0,2,0,28,1,1,pre_allocation
1101,1483,normal,0,0,65535_65535,2,25,137,156,1,1,1,3,156,28,1,1,allocated
1101,1483,normal,0,0,65535_65535,2,24,137,103,0,1,0,2,0,28,1,1,pre_allocation
1101,1483,normal,0,0,65535_65535,2,24,137,156,1,1,1,3,156,28,1,1,allocated
1101,1483,normal,0,0,65535_65535,2,22,137,103,0,1,0,2,0,28,1,1,pre_allocation
1101,1483,normal,0,0,65535_65535,2,22,137,156,1,1,1,3,156,28,1,1,allocated
1101,1483,normal,0,0,65535_65535,2,21,137,103,0,1,0,2,0,28,1,1,pre_allocation
1101,1483,normal,0,0,65535_65535,2,21,137,156,1,1,1,3,156,28,1,1,allocated
1101,1483,normal,0,0,65535_65535,2,11,137,103,0,1,0,2,0,28,1,1,pre_allocation
1101,1483,normal,0,0,65535_65535,2,11,137,156,1,1,1,3,156,28,1,1,allocated
1101,1483,normal,0,0,65535_65535,2,12,137,103,0,1,0,2,0,28,1,1,pre_allocation
1101,1483,normal,0,0,65535_65535,2,12,137,156,1,1,1,3,156,28,1,1,allocated
1101,1483,normal,0,0,65535_65535,2,28,137,95,0,1,0,2,0,26,1,1,pre_allocation
1101,1483,normal,0,0,65535_65535,2,28,137,144,1,1,1,3,144,26,1,1,allocated
1101,1483,normal,0,0,65535_65535,2,26,269,38,0,1,0,2,0,15,1,1,pre_allocation
1101,1483,normal,0,0,65535_65535,2,26,269,59,1,1,1,3,59,15,1,1,allocated
1101,1483,normal,0,0,65535_65535,2,23,605,38,0,1,0,2,0,15,1,1,pre_allocation
1101,1483,normal,0,0,65535_65535,2,23,605,59,1,1,1,3,59,15,1,1,allocated
1101,1483,normal,0,0,65535_65535,2,27,137,156,0,1,0,3,0,28,1,1,pre_allocation
1101,1483,normal,0,0,65535_65535,2,27,137,209,1,1,1,4,209,28,1,1,allocated
1101,1483,normal,0,0,65535_65535,2,25,137,156,0,1,0,3,0,28,1,1,pre_allocation
1101,1483,normal,0,0,65535_65535,2,25,137,209,1,1,1,4,209,28,1,1,allocated
1101,1483,normal,0,0,65535_65535,2,24,137,156,0,1,0,3,0,28,1,1,pre_allocation
1101,1483,normal,0,0,65535_65535,2,24,137,209,1,1,1,4,209,28,1,1,allocated
1101,1483,normal,0,0,65535_65535,2,22,137,156,0,1,0,3,0,28,1,1,pre_allocation
1101,1483,normal,0,0,65535_65535,2,22,137,209,1,1,1,4,209,28,1,1,allocated
1101,1483,normal,0,0,65535_65535,2,21,137,156,0,1,0,3,0,28,1,1,pre_allocation
1101,1483,normal,0,0,65535_65535,2,21,137,209,1,1,1,4,209,28,1,1,allocated
1101,1483,normal,0,0,65535_65535,2,11,137,156,0,1,0,3,0,28,1,1,pre_allocation
1101,1483,normal,0,0,65535_65535,2,11,137,209,1,1,1,4,209,28,1,1,allocated
1101,1483,normal,0,0,65535_65535,2,12,137,156,0,1,0,3,0,28,1,1,pre_allocation
1101,1483,normal,0,0,65535_65535,2,12,137,209,1,1,1,4,209,28,1,1,allocated
1101,1483,normal,0,0,65535_65535,2,28,137,144,0,1,0,3,0,26,1,1,pre_allocation
1101,1483,normal,0,0,65535_65535,2,28,137,193,1,1,1,4,193,26,1,1,allocated
1101,1483,normal,0,0,65535_65535,2,26,269,59,0,1,0,3,0,15,1,1,pre_allocation
1101,1483,normal,0,0,65535_65535,2,26,269,80,1,1,1,4,80,15,1,1,allocated
1101,1483,normal,0,0,65535_65535,2,23,605,59,0,1,0,3,0,15,1,1,pre_allocation
1101,1483,normal,0,0,65535_65535,2,23,605,80,1,1,1,4,80,15,1,1,allocated
1101,1483,normal,0,0,65535_65535,2,27,137,209,0,1,0,4,0,28,1,1,pre_allocation
1101,1483,normal,0,0,65535_65535,2,27,137,262,1,1,1,5,262,28,1,1,allocated
1101,1483,normal,0,0,65535_65535,2,25,137,209,0,1,0,4,0,28,1,1,pre_allocation
1101,1483,normal,0,0,65535_65535,2,25,137,262,1,1,1,5,262,28,1,1,allocated
1101,1483,normal,0,0,65535_65535,2,24,137,209,0,1,0,4,0,28,1,1,pre_allocation
1101,1483,normal,0,0,65535_65535,2,24,137,262,1,1,1,5,262,28,1,1,allocated
1101,1483,normal,0,0,65535_65535,2,22,137,209,0,1,0,4,0,28,1,1,pre_allocation
1101,1483,normal,0,0,65535_65535,2,22,137,262,1,1,1,5,262,28,1,1,allocated
1101,1483,normal,0,0,65535_65535,2,21,137,209,0,1,0,4,0,28,1,1,pre_allocation
1101,1483,normal,0,0,65535_65535,2,21,137,262,1,1,1,5,262,28,1,1,allocated
1101,1483,normal,0,0,65535_65535,2,11,137,209,0,1,0,4,0,28,1,1,pre_allocation
1101,1483,normal,0,0,65535_65535,2,11,137,262,1,1,1,5,262,28,1,1,allocated
1101,1483,normal,0,0,65535_65535,2,12,137,209,0,1,0,4,0,28,1,1,pre_allocation
1101,1483,normal,0,0,65535_65535,2,12,137,262,1,1,1,5,262,28,1,1,allocated
1101,1483,normal,0,0,65535_65535,2,28,137,193,0,1,0,4,0,26,1,1,pre_allocation
1101,1483,normal,0,0,65535_65535,2,28,137,242,1,1,1,5,242,26,1,1,allocated
1101,1483,normal,0,0,65535_65535,2,26,269,80,0,1,0,4,0,15,1,1,pre_allocation
1101,1483,normal,0,0,65535_65535,2,26,269,100,1,1,1,5,100,15,1,1,allocated
1101,1483,normal,0,0,65535_65535,2,23,605,80,0,1,0,4,0,15,1,1,pre_allocation
1101,1483,normal,0,0,65535_65535,2,23,605,100,1,1,1,5,100,15,1,1,allocated
1101,1483,normal,0,0,65535_65535,2,27,137,262,0,1,0,5,0,28,1,1,pre_allocation
1101,1483,normal,0,0,65535_65535,2,27,137,315,1,1,1,6,315,28,1,1,allocated
1101,1483,normal,0,0,65535_65535,2,25,137,262,0,1,0,5,0,28,1,1,pre_allocation
1101,1483,normal,0,0,65535_65535,2,25,137,315,1,1,1,6,315,28,1,1,allocated
1101,1483,normal,0,0,65535_65535,2,24,137,262,0,1,0,5,0,28,1,1,pre_allocation
1101,1483,normal,0,0,65535_65535,2,24,137,315,1,1,1,6,315,28,1,1,allocated
1101,1483,normal,0,0,65535_65535,2,22,137,262,0,1,0,5,0,28,1,1,pre_allocation
1101,1483,normal,0,0,65535_65535,2,22,137,315,1,1,1,6,315,28,1,1,allocated
1101,1483,normal,0,0,65535_65535,2,21,137,262,0,1,0,5,0,28,1,1,pre_allocation
1101,1483,normal,0,0,65535_65535,2,21,137,315,1,1,1,6,315,28,1,1,allocated
1101,1483,normal,0,0,65535_65535,2,11,137,262,0,1,0,5,0,28,1,1,pre_allocation
1101,1483,normal,0,0,65535_65535,2,11,137,315,1,1,1,6,315,28,1,1,allocated
1101,1483,normal,0,0,65535_65535,2,12,137,262,0,1,0,5,0,28,1,1,pre_allocation
1101,1483,normal,0,0,65535_65535,2,12,137,315,1,1,1,6,315,28,1,1,allocated
1101,1483,normal,0,0,65535_65535,2,28,137,242,0,1,0,5,0,26,1,1,pre_allocation
1101,1483,normal,0,0,65535_65535,2,28,137,291,1,1,1,6,291,26,1,1,allocated
1101,1483,normal,0,0,65535_65535,2,26,269,100,0,1,0,5,0,15,1,1,pre_allocation
1101,1483,normal,0,0,65535_65535,2,26,269,121,1,1,1,6,121,15,1,1,allocated
1101,1483,normal,0,0,65535_65535,2,23,605,100,0,1,0,5,0,15,1,1,pre_allocation
1101,1483,normal,0,0,65535_65535,2,23,605,121,1,1,1,6,121,15,1,1,allocated
1101,1483,normal,0,0,65535_65535,2,27,137,315,0,1,0,6,0,28,1,1,pre_allocation
1101,1483,normal,0,0,65535_65535,2,27,137,368,1,1,1,7,368,28,1,1,allocated
1101,1483,normal,0,0,65535_65535,2,25,137,315,0,1,0,6,0,28,1,1,pre_allocation
1101,1483,normal,0,0,65535_65535,2,25,137,368,1,1,1,7,368,28,1,1,allocated
1101,1483,normal,0,0,65535_65535,2,24,137,315,0,1,0,6,0,28,1,1,pre_allocation
1101,1483,normal,0,0,65535_65535,2,24,137,368,1,1,1,7,368,28,1,1,allocated
1101,1483,normal,0,0,65535_65535,2,22,137,315,0,1,0,6,0,28,1,1,pre_allocation
1101,1483,normal,0,0,65535_65535,2,22,137,368,1,1,1,7,368,28,1,1,allocated
1101,1483,normal,0,0,65535_65535,2,21,137,315,0,1,0,6,0,28,1,1,pre_allocation
1101,1483,normal,0,0,65535_65535,2,21,137,368,1,1,1,7,368,28,1,1,allocated
1101,1483,normal,0,0,65535_65535,2,11,137,315,0,1,0,6,0,28,1,1,pre_allocation
1101,1483,normal,0,0,65535_65535,2,11,137,368,1,1,1,7,368,28,1,1,allocated
1101,1483,normal,0,0,65535_65535,2,12,137,315,0,1,0,6,0,28,1,1,pre_allocation
1101,1483,normal,0,0,65535_65535,2,12,137,368,1,1,1,7,368,28,1,1,allocated
1101,1483,normal,0,0,65535_65535,2,28,137,291,0,1,0,6,0,26,1,1,pre_allocation
1101,1483,normal,0,0,65535_65535,2,28,137,340,1,1,1,7,340,26,1,1,allocated
1101,1483,normal,0,0,65535_65535,2,26,269,121,0,1,0,6,0,15,1,1,pre_allocation
1101,1483,normal,0,0,65535_65535,2,26,269,142,1,1,1,7,142,15,1,1,allocated
1101,1483,normal,0,0,65535_65535,2,23,605,121,0,1,0,6,0,15,1,1,pre_allocation
1101,1483,normal,0,0,65535_65535,2,23,605,142,1,1,1,7,142,15,1,1,allocated
1101,1483,normal,0,0,65535_65535,2,27,137,368,0,1,0,7,0,28,1,1,pre_allocation
1101,1483,normal,0,0,65535_65535,2,27,137,422,1,1,1,8,422,28,1,1,allocated
1101,1483,normal,0,0,65535_65535,2,25,137,368,0,1,0,7,0,28,1,1,pre_allocation
1101,1483,normal,0,0,65535_65535,2,25,137,422,1,1,1,8,422,28,1,1,allocated
1101,1483,normal,0,0,65535_65535,2,24,137,368,0,1,0,7,0,28,1,1,pre_allocation
1101,1483,normal,0,0,65535_65535,2,24,137,422,1,1,1,8,422,28,1,1,allocated
1101,1483,normal,0,0,65535_65535,2,22,137,368,0,1,0,7,0,28,1,1,pre_allocation
1101,1483,normal,0,0,65535_65535,2,22,137,422,1,1,1,8,422,28,1,1,allocated
1101,1483,normal,0,0,65535_65535,2,21,137,368,0,1,0,7,0,28,1,1,pre_allocation
1101,1483,normal,0,0,65535_65535,2,21,137,422,1,1,1,8,422,28,1,1,allocated
1101,1483,normal,0,0,65535_65535,2,11,137,368,0,1,0,7,0,28,1,1,pre_allocation
1101,1483,normal,0,0,65535_65535,2,11,137,422,1,1,1,8,422,28,1,1,allocated
1101,1483,normal,0,0,65535_65535,2,12,137,368,0,1,0,7,0,28,1,1,pre_allocation
1101,1483,normal,0,0,65535_65535,2,12,137,422,1,1,1,8,422,28,1,1,allocated
1101,1483,normal,0,0,65535_65535,2,28,137,340,0,1,0,7,0,26,1,1,pre_allocation
1101,1483,normal,0,0,65535_65535,2,28,137,389,1,1,1,8,389,26,1,1,allocated
1101,1483,normal,0,0,65535_65535,2,26,269,142,0,1,0,7,0,15,1,1,pre_allocation
1101,1483,normal,0,0,65535_65535,2,26,269,163,1,1,1,8,163,15,1,1,allocated
1101,1483,normal,0,0,65535_65535,2,23,605,142,0,1,0,7,0,15,1,1,pre_allocation
1101,1483,normal,0,0,65535_65535,2,23,605,163,1,1,1,8,163,15,1,1,allocated
1101,1483,normal,0,0,65535_65535,2,27,137,422,0,1,0,8,0,28,1,1,pre_allocation
1101,1483,normal,0,0,65535_65535,2,27,137,475,1,1,1,9,475,28,1,1,allocated
1101,1483,normal,0,0,65535_65535,2,25,137,422,0,1,0,8,0,28,1,1,pre_allocation
1101,1483,normal,0,0,65535_65535,2,25,137,475,1,1,1,9,475,28,1,1,allocated
1101,1483,normal,0,0,65535_65535,2,24,137,422,0,1,0,8,0,28,1,1,pre_allocation
1101,1483,normal,0,0,65535_65535,2,24,137,475,1,1,1,9,475,28,1,1,allocated
1101,1483,normal,0,0,65535_65535,2,22,137,422,0,1,0,8,0,28,1,1,pre_allocation
1101,1483,normal,0,0,65535_65535,2,22,137,475,1,1,1,9,475,28,1,1,allocated
1101,1483,normal,0,0,65535_65535,2,21,137,422,0,1,0,8,0,28,1,1,pre_allocation
1101,1483,normal,0,0,65535_65535,2,21,137,475,1,1,1,9,475,28,1,1,allocated
1101,1483,normal,0,0,65535_65535,2,11,137,422,0,1,0,8,0,28,1,1,pre_allocation
1101,1483,normal,0,0,65535_65535,2,11,137,475,1,1,1,9,475,28,1,1,allocated
1101,1483,normal,0,0,65535_65535,2,12,137,422,0,1,0,8,0,28,1,1,pre_allocation
1101,1483,normal,0,0,65535_65535,2,12,137,475,1,1,1,9,475,28,1,1,allocated
1101,1483,normal,0,0,65535_65535,2,28,137,389,0,1,0,8,0,26,1,1,pre_allocation
1101,1483,normal,0,0,65535_65535,2,28,137,438,1,1,1,9,438,26,1,1,allocated
1101,1483,normal,0,0,65535_65535,2,26,269,163,0,1,0,8,0,15,1,1,pre_allocation
1101,1483,normal,0,0,65535_65535,2,26,269,184,1,1,1,9,184,15,1,1,allocated
1101,1483,normal,0,0,65535_65535,2,23,605,163,0,1,0,8,0,15,1,1,pre_allocation
1101,1483,normal,0,0,65535_65535,2,23,605,184,1,1,1,9,184,15,1,1,allocated
1101,1483,normal,0,0,65535_65535,2,27,137,475,0,1,0,9,0,28,1,1,pre_allocation
1101,1483,normal,0,0,65535_65535,2,27,137,528,1,1,1,10,528,28,1,1,allocated
1101,1483,normal,0,0,65535_65535,2,25,137,475,0,1,0,9,0,28,1,1,pre_allocation
1101,1483,normal,0,0,65535_65535,2,25,137,528,1,1,1,10,528,28,1,1,allocated
1101,1483,normal,0,0,65535_65535,2,24,137,475,0,1,0,9,0,28,1,1,pre_allocation
1101,1483,normal,0,0,65535_65535,2,24,137,528,1,1,1,10,528,28,1,1,allocated
1101,1483,normal,0,0,65535_65535,2,22,137,475,0,1,0,9,0,28,1,1,pre_allocation
1101,1483,normal,0,0,65535_65535,2,22,137,528,1,1,1,10,528,28,1,1,allocated
1101,1483,normal,0,0,65535_65535,2,21,137,475,0,1,0,9,0,28,1,1,pre_allocation
1101,1483,normal,0,0,65535_65535,2,21,137,528,1,1,1,10,528,28,1,1,allocated
1101,1483,normal,0,0,65535_65535,2,11,137,475,0,1,0,9,0,28,1,1,pre_allocation
1101,1483,normal,0,0,65535_65535,2,11,137,528,1,1,1,10,528,28,1,1,allocated
1101,1483,normal,0,0,65535_65535,2,12,137,475,0,1,0,9,0,28,1,1,pre_allocation
1101,1483,normal,0,0,65535_65535,2,12,137,528,1,1,1,10,528,28,1,1,allocated
1101,1483,normal,0,0,65535_65535,2,28,137,438,0,1,0,9,0,26,1,1,pre_allocation
1101,1483,normal,0,0,65535_65535,2,28,137,487,1,1,1,10,487,26,1,1,allocated
1101,1483,normal,0,0,65535_65535,2,26,269,184,0,1,0,9,0,15,1,1,pre_allocation
1101,1483,normal,0,0,65535_65535,2,26,269,204,1,1,1,10,204,15,1,1,allocated
1101,1483,normal,0,0,65535_65535,2,23,605,184,0,1,0,9,0,15,1,1,pre_allocation
1101,1483,normal,0,0,65535_65535,2,23,605,204,1,1,1,10,204,15,1,1,allocated
1101,1483,normal,0,0,65535_65535,2,27,137,528,0,1,0,10,0,28,1,1,pre_allocation
1101,1483,normal,0,0,65535_65535,2,27,137,581,1,1,1,11,581,28,1,1,allocated
1101,1483,normal,0,0,65535_65535,2,25,137,528,0,1,0,10,0,28,1,1,pre_allocation
1101,1483,normal,0,0,65535_65535,2,25,137,581,1,1,1,11,581,28,1,1,allocated
