timestamp,ueImsi,sliceId,dTxBytes,dRxBytes,plr,resourceSharePct,dLostPackets,throughputMbps,bufferBytes
560,1,0,24448,3056,87.50,32.11,14,2.4448,125682
560,2,0,24448,3056,87.50,32.11,14,2.4448,125649
560,3,0,24448,3056,87.50,32.11,14,2.4448,125644
560,4,0,24448,3056,87.50,32.11,14,2.4448,125559
560,5,0,24448,3056,87.50,32.11,14,2.4448,125569
560,6,1,390,390,0.00,30.28,0,0.3120,87
560,7,1,390,390,0.00,30.28,0,0.3120,87
560,8,1,390,390,0.00,30.28,0,0.3120,87
560,9,1,390,390,0.00,30.28,0,0.3120,87
560,10,1,390,390,0.00,30.28,0,0.3120,87
560,11,2,16000,1792,88.80,37.61,111,1.4336,86101
560,12,2,16000,1792,88.80,37.61,111,1.4336,86093
560,13,2,16000,1792,88.80,37.61,111,1.4336,86111
560,14,2,16000,1792,88.80,37.61,111,1.4336,86171
560,15,2,16000,1792,88.80,37.61,111,1.4336,86080
560,16,2,16000,1664,89.60,37.61,112,1.3312,86174
560,17,2,16000,1664,89.60,37.61,112,1.3312,86167
560,18,2,16000,1792,88.80,37.61,111,1.4336,86117
560,19,2,16000,1664,89.60,37.61,112,1.3312,86170
560,20,2,16000,1664,89.60,37.61,112,1.3312,86178
