timestamp,sliceId,dedicatedPRB,minPRB,maxPRB
510,0,30.750464214072238,30.750464214072238,100.0
510,1,40.17961844953797,40.17961844953797,100.0
510,2,29.0699173363898,29.0699173363898,100.0
520,0,32.70262650002328,32.70262650002328,100.0
520,1,32.2261663590873,32.2261663590873,100.0
520,2,35.07120714088942,35.07120714088942,100.0
530,0,24.117801641367652,24.117801641367652,100.0
530,1,26.884947724470692,26.884947724470692,100.0
530,2,48.99725063416166,48.99725063416166,100.0
540,0,28.66434147561315,28.66434147561315,100.0
540,1,38.6455958313563,38.6455958313563,100.0
540,2,32.690062693030555,32.690062693030555,100.0
550,0,30.309862143892293,30.309862143892293,100.0
550,1,33.203530222465325,33.203530222465325,100.0
550,2,36.48660763364238,36.48660763364238,100.0
560,0,28.74610943646172,28.74610943646172,100.0
560,1,50.698684533612436,50.698684533612436,100.0
560,2,20.555206029925852,20.555206029925852,100.0
570,0,41.04333429895693,41.04333429895693,100.0
570,1,32.61035085072893,32.61035085072893,100.0
570,2,26.34631485031414,26.34631485031414,100.0
580,0,28.714963785557973,28.714963785557973,100.0
580,1,48.25752503692839,48.25752503692839,100.0
580,2,23.02751117751364,23.02751117751364,100.0
590,0,40.72994517317299,40.72994517317299,100.0
590,1,35.25344074217168,35.25344074217168,100.0
590,2,24.016614084655334,24.016614084655334,100.0
600,0,33.20143599444566,33.20143599444566,100.0
600,1,37.427221110205785,37.427221110205785,100.0
600,2,29.37134289534855,29.37134289534855,100.0
610,0,40.22867214212127,40.22867214212127,100.0
610,1,30.685021222054626,30.685021222054626,100.0
610,2,29.086306635824112,29.086306635824112,100.0
620,0,25.634594289617592,25.634594289617592,100.0
620,1,47.98019713642401,47.98019713642401,100.0
620,2,26.385208573958398,26.385208573958398,100.0
630,0,39.7931793238983,39.7931793238983,100.0
630,1,34.4354670655873,34.4354670655873,100.0
630,2,25.771353610514403,25.771353610514403,100.0
640,0,32.91569563685652,32.91569563685652,100.0
640,1,42.464211329935964,42.464211329935964,100.0
640,2,24.620093033207517,24.620093033207517,100.0
650,0,38.52035082679338,38.52035082679338,100.0
650,1,41.284341519257076,41.284341519257076,100.0
650,2,20.195307653949556,20.195307653949556,100.0
660,0,29.907355946878532,29.907355946878532,100.0
660,1,41.74607374077764,41.74607374077764,100.0
660,2,28.346570312343832,28.346570312343832,100.0
670,0,31.759898497359394,31.759898497359394,100.0
670,1,42.41969297783602,42.41969297783602,100.0
670,2,25.820408524804584,25.820408524804584,100.0
680,0,32.04851165181215,32.04851165181215,100.0
680,1,34.02934125102708,34.02934125102708,100.0
680,2,33.922147097160774,33.922147097160774,100.0
690,0,36.195971955175196,36.195971955175196,100.0
690,1,29.35432862916511,29.35432862916511,100.0
690,2,34.449699415659694,34.449699415659694,100.0
700,0,30.998291686851143,30.998291686851143,100.0
700,1,34.60334863565567,34.60334863565567,100.0
700,2,34.39835967749318,34.39835967749318,100.0
710,0,26.03031865255849,26.03031865255849,100.0
710,1,44.83138210687546,44.83138210687546,100.0
710,2,29.138299240566052,29.138299240566052,100.0
720,0,30.62376436191737,30.62376436191737,100.0
720,1,32.1770020228906,32.1770020228906,100.0
720,2,37.19923361519203,37.19923361519203,100.0
730,0,31.28452641962591,31.28452641962591,100.0
730,1,31.689605242467,31.689605242467,100.0
730,2,37.0258683379071,37.0258683379071,100.0
740,0,21.975835876042193,21.975835876042193,100.0
740,1,42.742416157347535,42.742416157347535,100.0
740,2,35.28174796661027,35.28174796661027,100.0
750,0,34.25431819990102,34.25431819990102,100.0
750,1,38.70091355186208,38.70091355186208,100.0
750,2,27.044768248236906,27.044768248236906,100.0
760,0,35.43679973044112,35.43679973044112,100.0
760,1,41.433687038709046,41.433687038709046,100.0
760,2,23.12951323084983,23.12951323084983,100.0
770,0,35.4558222568929,35.4558222568929,100.0
770,1,32.53283987102956,32.53283987102956,100.0
770,2,32.01133787207755,32.01133787207755,100.0
780,0,28.755247672738143,28.755247672738143,100.0
780,1,40.878134340520845,40.878134340520845,100.0
780,2,30.36661798674102,30.36661798674102,100.0
790,0,45.13995684801916,45.13995684801916,100.0
790,1,27.621910510718074,27.621910510718074,100.0
790,2,27.23813264126277,27.23813264126277,100.0
800,0,36.041609148740115,36.041609148740115,100.0
800,1,32.850609096482565,32.850609096482565,100.0
800,2,31.107781754777324,31.107781754777324,100.0
810,0,29.543039826076384,29.543039826076384,100.0
810,1,47.02676187269873,47.02676187269873,100.0
810,2,23.430198301224888,23.430198301224888,100.0
820,0,31.16671820019894,31.16671820019894,100.0
820,1,38.63331238455719,38.63331238455719,100.0
820,2,30.199969415243867,30.199969415243867,100.0
830,0,30.19428672886948,30.19428672886948,100.0
830,1,44.2178256691725,44.2178256691725,100.0
830,2,25.58788760195802,25.58788760195802,100.0
840,0,45.11866894504518,45.11866894504518,100.0
840,1,29.515877474605922,29.515877474605922,100.0
840,2,25.365453580348913,25.365453580348913,100.0
850,0,35.80092136755248,35.80092136755248,100.0
850,1,35.35043951679408,35.35043951679408,100.0
850,2,28.84863911565343,28.84863911565343,100.0
860,0,31.86093932342854,31.86093932342854,100.0
860,1,37.91334939731478,37.91334939731478,100.0
860,2,30.225711279256686,30.225711279256686,100.0
870,0,29.91361652773479,29.91361652773479,100.0
870,1,46.91190668909479,46.91190668909479,100.0
870,2,23.174476783170412,23.174476783170412,100.0
880,0,33.062797830441895,33.062797830441895,100.0
880,1,28.30633205913103,28.30633205913103,100.0
880,2,38.630870110427075,38.630870110427075,100.0
890,0,26.701640524726923,26.701640524726923,100.0
890,1,40.1488829853446,40.1488829853446,100.0
890,2,33.14947648992848,33.14947648992848,100.0
900,0,25.159984323300684,25.159984323300684,100.0
900,1,46.13168840690474,46.13168840690474,100.0
900,2,28.708327269794577,28.708327269794577,100.0
910,0,33.45115380166783,33.45115380166783,100.0
910,1,44.15328328720797,44.15328328720797,100.0
910,2,22.39556291112421,22.39556291112421,100.0
920,0,31.195547050802464,31.195547050802464,100.0
920,1,33.8180893099728,33.8180893099728,100.0
920,2,34.986363639224734,34.986363639224734,100.0
930,0,30.289140936682173,30.289140936682173,100.0
930,1,27.44108074773169,27.44108074773169,100.0
930,2,42.26977831558614,42.26977831558614,100.0
940,0,27.626517774628894,27.626517774628894,100.0
940,1,29.40676670263853,29.40676670263853,100.0
940,2,42.966715522732585,42.966715522732585,100.0
950,0,40.96080600611738,40.96080600611738,100.0
950,1,26.882915178067435,26.882915178067435,100.0
950,2,32.156278815815185,32.156278815815185,100.0
960,0,26.183529756434336,26.183529756434336,100.0
960,1,54.05732927776348,54.05732927776348,100.0
960,2,19.759140965802175,19.759140965802175,100.0
970,0,30.73174997562742,30.73174997562742,100.0
970,1,45.19916437259951,45.19916437259951,100.0
970,2,24.069085651773065,24.069085651773065,100.0
980,0,25.53554066643626,25.53554066643626,100.0
980,1,43.32722299529701,43.32722299529701,100.0
980,2,31.137236338266728,31.137236338266728,100.0
990,0,22.386573079806833,22.386573079806833,100.0
990,1,35.21613597199968,35.21613597199968,100.0
990,2,42.397290948193486,42.397290948193486,100.0
1000,0,24.92942957676252,24.92942957676252,100.0
1000,1,49.74270730467502,49.74270730467502,100.0
1000,2,25.327863118562455,25.327863118562455,100.0
1010,0,36.09307065853569,36.09307065853569,100.0
1010,1,39.717386187472805,39.717386187472805,100.0
1010,2,24.189543153991504,24.189543153991504,100.0
1020,0,42.95968825811817,42.95968825811817,100.0
1020,1,31.3454555741047,31.3454555741047,100.0
1020,2,25.694856167777136,25.694856167777136,100.0
1030,0,48.60687441893735,48.60687441893735,100.0
1030,1,28.627952973027664,28.627952973027664,100.0
1030,2,22.765172608034984,22.765172608034984,100.0
1040,0,39.483683865461714,39.483683865461714,100.0
1040,1,33.87017416245564,33.87017416245564,100.0
1040,2,26.646141972082653,26.646141972082653,100.0
1050,0,24.540715779269213,24.540715779269213,100.0
1050,1,43.499051312521956,43.499051312521956,100.0
1050,2,31.960232908208834,31.960232908208834,100.0
1060,0,26.239336803747882,26.239336803747882,100.0
1060,1,38.00756931079145,38.00756931079145,100.0
1060,2,35.753093885460665,35.753093885460665,100.0
1070,0,23.083696641949025,23.083696641949025,100.0
1070,1,52.91998397253253,52.91998397253253,100.0
1070,2,23.99631938551845,23.99631938551845,100.0
1080,0,31.021075166251254,31.021075166251254,100.0
1080,1,47.728157855768444,47.728157855768444,100.0
1080,2,21.2507669779803,21.2507669779803,100.0
1090,0,31.385110473522364,31.385110473522364,100.0
1090,1,35.080269552472785,35.080269552472785,100.0
1090,2,33.534619974004855,33.534619974004855,100.0
1100,0,40.01522894939173,40.01522894939173,100.0
1100,1,41.04801996737428,41.04801996737428,100.0
1100,2,18.936751083233997,18.936751083233997,100.0
1110,0,24.31109986977117,24.31109986977117,100.0
1110,1,41.01398867012374,41.01398867012374,100.0
1110,2,34.67491146010509,34.67491146010509,100.0
1120,0,26.082037430802217,26.082037430802217,100.0
1120,1,32.59380320328018,32.59380320328018,100.0
1120,2,41.3241593659176,41.3241593659176,100.0
1130,0,27.834760470572746,27.834760470572746,100.0
1130,1,33.20927876567906,33.20927876567906,100.0
1130,2,38.95596076374819,38.95596076374819,100.0
1140,0,30.585837294377782,30.585837294377782,100.0
1140,1,36.04767290788149,36.04767290788149,100.0
1140,2,33.366489797740726,33.366489797740726,100.0
1150,0,24.803254549241885,24.803254549241885,100.0
1150,1,42.555642033466754,42.555642033466754,100.0
1150,2,32.64110341729136,32.64110341729136,100.0
1160,0,47.990376740219595,47.990376740219595,100.0
1160,1,30.163920291600334,30.163920291600334,100.0
1160,2,21.84570296818007,21.84570296818007,100.0
1170,0,27.75295806163294,27.75295806163294,100.0
1170,1,44.600101683931705,44.600101683931705,100.0
1170,2,27.64694025443536,27.64694025443536,100.0
1180,0,30.763080615095273,30.763080615095273,100.0
1180,1,46.163773906488,46.163773906488,100.0
1180,2,23.07314547841673,23.07314547841673,100.0
1190,0,32.35666929848934,32.35666929848934,100.0
1190,1,37.419485578856715,37.419485578856715,100.0
1190,2,30.223845122653948,30.223845122653948,100.0
1200,0,27.706501477676643,27.706501477676643,100.0
1200,1,38.774693794524836,38.774693794524836,100.0
1200,2,33.51880472779853,33.51880472779853,100.0
1210,0,39.332182096932364,39.332182096932364,100.0
1210,1,37.65432257935236,37.65432257935236,100.0
1210,2,23.013495323715265,23.013495323715265,100.0
1220,0,29.054960561791688,29.054960561791688,100.0
1220,1,34.8039335101028,34.8039335101028,100.0
1220,2,36.14110592810552,36.14110592810552,100.0
1230,0,41.40805991111547,41.40805991111547,100.0
1230,1,28.568564708672422,28.568564708672422,100.0
1230,2,30.023375380212116,30.023375380212116,100.0
1240,0,30.561336601293625,30.561336601293625,100.0
1240,1,48.03079859300828,48.03079859300828,100.0
1240,2,21.40786480569809,21.40786480569809,100.0
1250,0,23.029675911314623,23.029675911314623,100.0
1250,1,49.953543924219275,49.953543924219275,100.0
1250,2,27.016780164466102,27.016780164466102,100.0
1260,0,39.340555453902155,39.340555453902155,100.0
1260,1,34.91801630994599,34.91801630994599,100.0
1260,2,25.741428236151858,25.741428236151858,100.0
1270,0,23.556239382451196,23.556239382451196,100.0
1270,1,40.07918637926365,40.07918637926365,100.0
1270,2,36.36457423828516,36.36457423828516,100.0
1280,0,30.303554014125766,30.303554014125766,100.0
1280,1,46.11937738399406,46.11937738399406,100.0
1280,2,23.577068601880168,23.577068601880168,100.0
1290,0,27.352474406222925,27.352474406222925,100.0
1290,1,45.69693945123481,45.69693945123481,100.0
1290,2,26.95058614254226,26.95058614254226,100.0
1300,0,31.926579420089663,31.926579420089663,100.0
1300,1,44.26146664608675,44.26146664608675,100.0
1300,2,23.81195393382359,23.81195393382359,100.0
1310,0,29.527857124907182,29.527857124907182,100.0
1310,1,34.22268694844469,34.22268694844469,100.0
1310,2,36.249455926648125,36.249455926648125,100.0
1320,0,27.185953124993357,27.185953124993357,100.0
1320,1,33.746705656371795,33.746705656371795,100.0
1320,2,39.06734121863486,39.06734121863486,100.0
1330,0,22.46439945404065,22.46439945404065,100.0
1330,1,43.82051470132119,43.82051470132119,100.0
1330,2,33.715085844638175,33.715085844638175,100.0
1340,0,30.88711996419267,30.88711996419267,100.0
1340,1,36.463274324019835,36.463274324019835,100.0
1340,2,32.649605711787494,32.649605711787494,100.0
1350,0,28.842217061455123,28.842217061455123,100.0
1350,1,37.349054766660984,37.349054766660984,100.0
1350,2,33.80872817188389,33.80872817188389,100.0
1360,0,26.940726843327596,26.940726843327596,100.0
1360,1,38.20202674119086,38.20202674119086,100.0
1360,2,34.857246415481534,34.857246415481534,100.0
1370,0,25.02814427631105,25.02814427631105,100.0
1370,1,28.43978578255807,28.43978578255807,100.0
1370,2,46.532069941130885,46.532069941130885,100.0
1380,0,23.7401530751334,23.7401530751334,100.0
1380,1,42.60559714552847,42.60559714552847,100.0
1380,2,33.65424977933814,33.65424977933814,100.0
1390,0,40.351791558291616,40.351791558291616,100.0
1390,1,26.999820752279952,26.999820752279952,100.0
1390,2,32.64838768942844,32.64838768942844,100.0
1400,0,21.426086420503854,21.426086420503854,100.0
1400,1,45.78562250322048,45.78562250322048,100.0
1400,2,32.78829107627567,32.78829107627567,100.0
1410,0,36.13870740592642,36.13870740592642,100.0
1410,1,28.1908774106972,28.1908774106972,100.0
1410,2,35.67041518337638,35.67041518337638,100.0
1420,0,37.41798235944319,37.41798235944319,100.0
1420,1,30.16447148945994,30.16447148945994,100.0
1420,2,32.41754615109688,32.41754615109688,100.0
1430,0,24.837180898931216,24.837180898931216,100.0
1430,1,51.09136567338871,51.09136567338871,100.0
1430,2,24.07145342768008,24.07145342768008,100.0
1440,0,37.09059739592865,37.09059739592865,100.0
1440,1,27.774849840725746,27.774849840725746,100.0
1440,2,35.1345527633456,35.1345527633456,100.0
1450,0,34.861509795434074,34.861509795434074,100.0
1450,1,40.42983376269317,40.42983376269317,100.0
1450,2,24.70865644187276,24.70865644187276,100.0
1460,0,25.116814871514435,25.116814871514435,100.0
1460,1,48.85735698978173,48.85735698978173,100.0
1460,2,26.025828138703833,26.025828138703833,100.0
1470,0,27.36819734744018,27.36819734744018,100.0
1470,1,33.34525064864479,33.34525064864479,100.0
1470,2,39.286552003915034,39.286552003915034,100.0
1480,0,27.460593139913534,27.460593139913534,100.0
1480,1,34.446361688260616,34.446361688260616,100.0
1480,2,38.09304517182584,38.09304517182584,100.0
1490,0,25.639515663711087,25.639515663711087,100.0
1490,1,41.23381763412042,41.23381763412042,100.0
1490,2,33.1266667021685,33.1266667021685,100.0
1500,0,23.207595357751384,23.207595357751384,100.0
1500,1,44.197775427777195,44.197775427777195,100.0
1500,2,32.59462921447142,32.59462921447142,100.0
