timestamp,ueImsi,sliceId,dTxBytes,dRxBytes,plr,resourceSharePct,dLostPackets,throughputMbps,bufferBytes
730,1,0,25976,1528,94.12,27.51,16,1.2224,526356
730,2,0,25976,1528,94.12,27.51,16,1.2224,526350
730,3,0,25976,1528,94.12,27.51,16,1.2224,526262
730,4,0,25976,3056,88.24,27.51,15,2.4448,526161
730,5,0,25976,1528,94.12,27.51,16,1.2224,526347
730,6,1,390,468,0.00,45.15,0,0.3744,87
730,7,1,390,468,0.00,45.15,0,0.3744,87
730,8,1,390,468,0.00,45.15,0,0.3744,87
730,9,1,390,468,0.00,45.15,0,0.3744,87
730,10,1,390,468,0.00,45.15,0,0.3744,87
730,11,2,16000,768,95.20,27.34,119,0.6144,357187
730,12,2,16000,640,96.00,27.34,120,0.5120,357089
730,13,2,16000,768,95.20,27.34,119,0.6144,357079
730,14,2,16000,768,95.20,27.34,119,0.6144,357182
730,15,2,16000,768,95.20,27.34,119,0.6144,357118
730,16,2,16000,768,95.20,27.34,119,0.6144,357065
730,17,2,16000,768,95.20,27.34,119,0.6144,356883
730,18,2,16000,768,95.20,27.34,119,0.6144,357065
730,19,2,16000,640,96.00,27.34,120,0.5120,357107
730,20,2,16000,640,96.00,27.34,120,0.5120,357220
