timestamp,ueImsi,sliceId,dTxBytes,dRxBytes,plr,resourceSharePct,dLostPackets,throughputMbps,bufferBytes
5430,1,0,25976,4584,82.35,25.64,14,3.6672,10498374
5430,2,0,25976,4584,82.35,25.64,14,3.6672,10498197
5430,3,0,25976,4584,82.35,25.64,14,3.6672,10498282
5430,4,0,25976,4584,82.35,25.64,14,3.6672,10498278
5430,5,0,25976,3056,88.24,25.64,15,2.4448,10497997
5430,6,1,390,390,0.00,38.54,0,0.3120,87
5430,7,1,390,390,0.00,38.54,0,0.3120,87
5430,8,1,390,390,0.00,38.54,0,0.3120,87
5430,9,1,390,390,0.00,38.54,0,0.3120,87
5430,10,1,390,390,0.00,38.54,0,0.3120,87
5430,11,2,16000,2304,85.60,35.82,107,1.8432,6882332
5430,12,2,16000,2304,85.60,35.82,107,1.8432,6882271
5430,13,2,16000,2432,84.80,35.82,106,1.9456,6882416
5430,14,2,16000,2304,85.60,35.82,107,1.8432,6882379
5430,15,2,16000,2304,85.60,35.82,107,1.8432,6882356
5430,16,2,16000,2432,84.80,35.82,106,1.9456,6882436
5430,17,2,16000,2304,85.60,35.82,107,1.8432,6882452
5430,18,2,16000,2432,84.80,35.82,106,1.9456,6882443
5430,19,2,16000,2304,85.60,35.82,107,1.8432,6882459
5430,20,2,16000,2304,85.60,35.82,107,1.8432,6882418
