timestamp,ueImsi,sliceId,dTxBytes,dRxBytes,plr,resourceSharePct,dLostPackets,throughputMbps,bufferBytes
1510,1,0,35144,0,100.00,28.89,23,0.0000,3131475
1510,2,0,35144,21392,39.13,28.89,9,17.1136,1644702
1510,3,1,1014,936,7.69,41.26,1,0.7488,87
1510,4,1,1014,1014,0.00,41.26,0,0.8112,87
1510,5,2,256,0,100.00,29.85,2,0.0000,137
1510,6,2,256,256,0.00,29.85,0,0.2048,137
1510,7,2,256,0,100.00,29.85,2,0.0000,665
1510,8,2,256,256,0.00,29.85,0,0.2048,137
1510,9,2,256,256,0.00,29.85,0,0.2048,137
1510,10,2,256,0,100.00,29.85,2,0.0000,137
