timestamp,ueImsi,sliceId,dTxBytes,dRxBytes,plr,resourceSharePct,dLostPackets,throughputMbps,bufferBytes
1510,1,0,35144,27504,21.74,26.66,5,22.0032,482925
1510,2,0,35144,13752,60.87,26.66,14,11.0016,1727891
1510,3,1,1014,624,38.46,60.00,5,0.4992,87
1510,4,1,1014,1014,0.00,60.00,0,0.8112,87
1510,5,2,256,0,100.00,13.33,2,0.0000,137
1510,6,2,256,256,0.00,13.33,0,0.2048,137
1510,7,2,256,256,0.00,13.33,0,0.2048,137
1510,8,2,256,0,100.00,13.33,2,0.0000,401
1510,9,2,256,0,100.00,13.33,2,0.0000,137
1510,10,2,256,256,0.00,13.33,0,0.2048,137
