timestamp,ueImsi,sliceId,dTxBytes,dRxBytes,plr,resourceSharePct,dLostPackets,throughputMbps,bufferBytes
570,1,0,25976,1528,94.12,36.67,16,1.2224,158559
570,2,0,25976,1528,94.12,36.67,16,1.2224,157580
570,3,0,25976,3056,88.24,36.67,15,2.4448,156618
570,4,0,25976,1528,94.12,36.67,16,1.2224,155844
570,5,0,25976,3056,88.24,36.67,15,2.4448,155163
570,6,1,390,468,0.00,30.00,0,0.3744,87
570,7,1,390,468,0.00,30.00,0,0.3744,87
570,8,1,390,468,0.00,30.00,0,0.3744,87
570,9,1,390,468,0.00,30.00,0,0.3744,87
570,10,1,390,468,0.00,30.00,0,0.3744,87
570,11,2,16000,896,94.40,33.34,118,0.7168,105540
570,12,2,16000,896,94.40,33.34,118,0.7168,105540
570,13,2,16000,1152,92.80,33.34,116,0.9216,105242
570,14,2,16000,1152,92.80,33.34,116,0.9216,104688
570,15,2,16000,1152,92.80,33.34,116,0.9216,104651
570,16,2,16000,1408,91.20,33.34,114,1.1264,103782
570,17,2,16000,1408,91.20,33.34,114,1.1264,103782
570,18,2,16000,1408,91.20,33.34,114,1.1264,103392
570,19,2,16000,1408,91.20,33.34,114,1.1264,102311
570,20,2,16000,1408,91.20,33.34,114,1.1264,102311
